01/01/2000,ERI,PA,AEA,CE,Towers with Radar,2,15,9,0,26,4,0,47,0,51,6,15,56,0,77,26,0,26,103
01/02/2000,ERI,PA,AEA,CE,Towers with Radar,6,24,15,0,45,1,0,23,0,24,7,24,38,0,69,18,0,18,87
01/03/2000,ERI,PA,AEA,CE,Towers with Radar,8,30,9,0,47,0,0,0,0,0,8,30,9,0,47,0,0,0,47
01/04/2000,ERI,PA,AEA,CE,Towers with Radar,8,31,14,0,53,0,8,0,0,8,8,39,14,0,61,0,0,0,61
01/05/2000,ERI,PA,AEA,CE,Towers with Radar,8,32,19,0,59,0,6,9,0,15,8,38,28,0,74,8,0,8,82
01/06/2000,ERI,PA,AEA,CE,Towers with Radar,8,33,23,0,64,0,0,28,0,28,8,33,51,0,92,20,0,20,112
01/07/2000,ERI,PA,AEA,CE,Towers with Radar,8,32,15,0,55,0,8,0,0,8,8,40,15,0,63,2,0,2,65
01/08/2000,ERI,PA,AEA,CE,Towers with Radar,1,26,18,0,45,0,0,105,0,105,1,26,123,0,150,84,0,84,234
01/09/2000,ERI,PA,AEA,CE,Towers with Radar,7,28,19,0,54,0,0,17,0,17,7,28,36,0,71,42,0,42,113
01/10/2000,ERI,PA,AEA,CE,Towers with Radar,9,28,26,0,63,0,0,0,0,0,9,28,26,0,63,0,0,0,63
01/11/2000,ERI,PA,AEA,CE,Towers with Radar,8,28,22,0,58,0,0,2,0,2,8,28,24,0,60,0,0,0,60
01/12/2000,ERI,PA,AEA,CE,Towers with Radar,9,37,25,0,71,0,0,35,0,35,9,37,60,0,106,28,0,28,134
01/13/2000,ERI,PA,AEA,CE,Towers with Radar,6,28,18,0,52,0,7,0,0,7,6,35,18,0,59,0,0,0,59
01/14/2000,ERI,PA,AEA,CE,Towers with Radar,8,28,18,0,54,0,8,10,0,18,8,36,28,0,72,0,0,0,72
01/15/2000,ERI,PA,AEA,CE,Towers with Radar,6,24,17,0,47,1,0,40,0,41,7,24,57,0,88,35,0,35,123
01/16/2000,ERI,PA,AEA,CE,Towers with Radar,5,20,5,0,30,2,0,0,0,2,7,20,5,0,32,0,0,0,32
01/17/2000,ERI,PA,AEA,CE,Towers with Radar,8,31,22,0,61,1,0,9,0,10,9,31,31,0,71,4,0,4,75
01/18/2000,ERI,PA,AEA,CE,Towers with Radar,7,30,19,0,56,2,5,17,0,24,9,35,36,0,80,6,0,6,86
01/19/2000,ERI,PA,AEA,CE,Towers with Radar,8,46,27,2,83,0,0,8,12,20,8,46,35,14,103,8,16,24,127
01/20/2000,ERI,PA,AEA,CE,Towers with Radar,6,27,16,0,49,2,4,6,0,12,8,31,22,0,61,0,0,0,61
01/21/2000,ERI,PA,AEA,CE,Towers with Radar,8,34,19,0,61,0,7,2,0,9,8,41,21,0,70,1,0,1,71
01/22/2000,ERI,PA,AEA,CE,Towers with Radar,5,22,13,0,40,2,1,42,0,45,7,23,55,0,85,32,0,32,117
01/23/2000,ERI,PA,AEA,CE,Towers with Radar,4,19,10,0,33,3,2,3,0,8,7,21,13,0,41,10,0,10,51
01/24/2000,ERI,PA,AEA,CE,Towers with Radar,7,30,13,0,50,1,3,0,1,5,8,33,13,1,55,2,0,2,57
01/25/2000,ERI,PA,AEA,CE,Towers with Radar,8,33,19,0,60,0,3,4,1,8,8,36,23,1,68,4,0,4,72
01/26/2000,ERI,PA,AEA,CE,Towers with Radar,8,33,22,1,64,0,0,1,15,16,8,33,23,16,80,0,8,8,88
01/27/2000,ERI,PA,AEA,CE,Towers with Radar,8,39,17,0,64,0,3,0,0,3,8,42,17,0,67,0,0,0,67
01/28/2000,ERI,PA,AEA,CE,Towers with Radar,8,36,25,0,69,0,0,32,0,32,8,36,57,0,101,2,0,2,103
01/29/2000,ERI,PA,AEA,CE,Towers with Radar,6,27,17,0,50,1,0,61,0,62,7,27,78,0,112,62,0,62,174
01/30/2000,ERI,PA,AEA,CE,Towers with Radar,4,18,11,0,33,3,3,17,0,23,7,21,28,0,56,28,0,28,84
01/31/2000,ERI,PA,AEA,CE,Towers with Radar,7,29,18,0,54,2,1,5,5,13,9,30,23,5,67,0,2,2,69
02/01/2000,ERI,PA,AEA,CE,Towers with Radar,8,30,24,3,65,0,0,2,5,7,8,30,26,8,72,2,8,10,82
02/02/2000,ERI,PA,AEA,CE,Towers with Radar,8,35,19,1,63,0,0,0,0,0,8,35,19,1,63,0,0,0,63
02/03/2000,ERI,PA,AEA,CE,Towers with Radar,8,25,24,0,57,0,0,5,0,5,8,25,29,0,62,12,0,12,74
02/04/2000,ERI,PA,AEA,CE,Towers with Radar,8,16,22,0,46,0,0,0,0,0,8,16,22,0,46,22,0,22,68
02/05/2000,ERI,PA,AEA,CE,Towers with Radar,6,19,15,0,40,2,4,18,0,24,8,23,33,0,64,14,0,14,78
02/06/2000,ERI,PA,AEA,CE,Towers with Radar,7,22,17,2,48,1,4,3,6,14,8,26,20,8,62,0,10,10,72
02/07/2000,ERI,PA,AEA,CE,Towers with Radar,8,32,26,0,66,0,1,44,0,45,8,33,70,0,111,40,0,40,151
02/08/2000,ERI,PA,AEA,CE,Towers with Radar,8,25,26,4,63,0,0,9,13,22,8,25,35,17,85,10,4,14,99
02/09/2000,ERI,PA,AEA,CE,Towers with Radar,8,35,11,1,55,0,0,0,0,0,8,35,11,1,55,0,0,0,55
02/10/2000,ERI,PA,AEA,CE,Towers with Radar,7,23,10,0,40,0,0,0,0,0,7,23,10,0,40,0,0,0,40
02/11/2000,ERI,PA,AEA,CE,Towers with Radar,7,21,24,2,54,1,0,84,0,85,8,21,108,2,139,62,0,62,201
02/12/2000,ERI,PA,AEA,CE,Towers with Radar,6,27,21,4,58,2,2,19,1,24,8,29,40,5,82,6,6,12,94
02/13/2000,ERI,PA,AEA,CE,Towers with Radar,4,16,13,2,35,4,16,47,5,72,8,32,60,7,107,42,6,48,155
02/14/2000,ERI,PA,AEA,CE,Towers with Radar,7,23,13,1,44,1,3,20,8,32,8,26,33,9,76,6,6,12,88
02/15/2000,ERI,PA,AEA,CE,Towers with Radar,8,31,29,0,68,0,0,10,0,10,8,31,39,0,78,4,0,4,82
02/16/2000,ERI,PA,AEA,CE,Towers with Radar,6,25,22,0,53,0,0,0,0,0,6,25,22,0,53,2,0,2,55
02/17/2000,ERI,PA,AEA,CE,Towers with Radar,8,21,6,0,35,0,0,0,0,0,8,21,6,0,35,0,0,0,35
02/18/2000,ERI,PA,AEA,CE,Towers with Radar,6,14,11,0,31,2,0,27,0,29,8,14,38,0,60,32,0,32,92
02/19/2000,ERI,PA,AEA,CE,Towers with Radar,5,21,16,2,44,3,0,12,0,15,8,21,28,2,59,6,0,6,65
02/20/2000,ERI,PA,AEA,CE,Towers with Radar,5,23,17,0,45,2,3,16,0,21,7,26,33,0,66,8,0,8,74
02/21/2000,ERI,PA,AEA,CE,Towers with Radar,8,32,26,5,71,0,0,0,5,5,8,32,26,10,76,0,10,10,86
02/22/2000,ERI,PA,AEA,CE,Towers with Radar,9,30,31,0,70,0,0,9,0,9,9,30,40,0,79,0,0,0,79
02/23/2000,ERI,PA,AEA,CE,Towers with Radar,8,27,33,0,68,0,0,10,0,10,8,27,43,0,78,13,0,13,91
02/24/2000,ERI,PA,AEA,CE,Towers with Radar,8,20,24,2,54,0,0,0,0,0,8,20,24,2,54,10,0,10,64
02/25/2000,ERI,PA,AEA,CE,Towers with Radar,6,15,7,0,28,0,0,0,0,0,6,15,7,0,28,0,0,0,28
02/26/2000,ERI,PA,AEA,CE,Towers with Radar,8,25,28,0,61,0,0,16,0,16,8,25,44,0,77,3,0,3,80
02/27/2000,ERI,PA,AEA,CE,Towers with Radar,5,23,17,2,47,3,4,35,23,65,8,27,52,25,112,12,12,24,136
02/28/2000,ERI,PA,AEA,CE,Towers with Radar,9,25,30,4,68,3,0,28,22,53,12,25,58,26,121,18,18,36,157
02/29/2000,ERI,PA,AEA,CE,Towers with Radar,0,0,0,0,0,0,0,0,0,0,0,0,0,0,0,0,0,0,0
03/01/2000,ERI,PA,AEA,CE,Towers with Radar,9,40,34,2,85,0,0,2,0,2,9,40,36,2,87,8,0,8,95
03/02/2000,ERI,PA,AEA,CE,Towers with Radar,10,33,31,0,74,3,0,1,0,4,13,33,32,0,78,0,0,0,78
03/03/2000,ERI,PA,AEA,CE,Towers with Radar,8,37,32,3,80,0,0,52,1,53,8,37,84,4,133,29,0,29,162
03/04/2000,ERI,PA,AEA,CE,Towers with Radar,5,20,17,1,43,2,4,39,0,45,7,24,56,1,88,43,0,43,131
03/05/2000,ERI,PA,AEA,CE,Towers with Radar,7,23,22,0,52,0,1,54,0,55,7,24,76,0,107,50,0,50,157
03/06/2000,ERI,PA,AEA,CE,Towers with Radar,6,25,22,2,55,0,6,31,0,37,6,31,53,2,92,13,2,15,107
03/07/2000,ERI,PA,AEA,CE,Towers with Radar,8,32,28,0,68,0,0,44,0,44,8,32,72,0,112,66,0,66,178
03/08/2000,ERI,PA,AEA,CE,Towers with Radar,8,38,33,0,79,0,0,35,0,35,8,38,68,0,114,32,0,32,146
03/09/2000,ERI,PA,AEA,CE,Towers with Radar,8,35,32,3,78,0,0,14,2,16,8,35,46,5,94,6,0,6,100
03/10/2000,ERI,PA,AEA,CE,Towers with Radar,10,33,33,0,76,2,0,0,0,2,12,33,33,0,78,10,0,10,88
03/11/2000,ERI,PA,AEA,CE,Towers with Radar,4,18,10,0,32,6,4,0,0,10,10,22,10,0,42,12,0,12,54
03/12/2000,ERI,PA,AEA,CE,Towers with Radar,7,21,14,0,42,0,1,14,0,15,7,22,28,0,57,18,0,18,75
03/13/2000,ERI,PA,AEA,CE,Towers with Radar,8,30,28,0,66,0,0,8,0,8,8,30,36,0,74,10,0,10,84
03/14/2000,ERI,PA,AEA,CE,Towers with Radar,9,35,33,4,81,0,0,33,14,47,9,35,66,18,128,6,10,16,144
03/15/2000,ERI,PA,AEA,CE,Towers with Radar,8,34,33,3,78,0,0,5,15,20,8,34,38,18,98,48,14,62,160
03/16/2000,ERI,PA,AEA,CE,Towers with Radar,8,24,27,0,59,0,1,0,0,1,8,25,27,0,60,0,0,0,60
03/17/2000,ERI,PA,AEA,CE,Towers with Radar,7,34,29,0,70,0,3,41,0,44,7,37,70,0,114,33,0,33,147
03/18/2000,ERI,PA,AEA,CE,Towers with Radar,5,23,20,2,50,2,3,64,0,69,7,26,84,2,119,73,0,73,192
03/19/2000,ERI,PA,AEA,CE,Towers with Radar,6,23,20,0,49,1,0,33,0,34,7,23,53,0,83,34,0,34,117
03/20/2000,ERI,PA,AEA,CE,Towers with Radar,7,28,16,1,52,1,6,0,0,7,8,34,16,1,59,0,0,0,59
03/21/2000,ERI,PA,AEA,CE,Towers with Radar,8,40,35,0,83,0,4,1,0,5,8,44,36,0,88,2,0,2,90
03/22/2000,ERI,PA,AEA,CE,Towers with Radar,7,36,37,4,84,0,0,22,3,25,7,36,59,7,109,12,0,12,121
03/23/2000,ERI,PA,AEA,CE,Towers with Radar,8,35,35,4,82,0,0,52,1,53,8,35,87,5,135,61,8,69,204
03/24/2000,ERI,PA,AEA,CE,Towers with Radar,7,33,30,3,73,0,0,62,2,64,7,33,92,5,137,22,18,40,177
03/25/2000,ERI,PA,AEA,CE,Towers with Radar,5,21,16,0,42,2,8,23,0,33,7,29,39,0,75,28,0,28,103
03/26/2000,ERI,PA,AEA,CE,Towers with Radar,6,25,20,0,51,1,27,43,0,71,7,52,63,0,122,78,0,78,200
03/27/2000,ERI,PA,AEA,CE,Towers with Radar,10,34,13,0,57,0,0,6,0,6,10,34,19,0,63,0,0,0,63
03/28/2000,ERI,PA,AEA,CE,Towers with Radar,7,31,25,0,63,1,0,37,0,38,8,31,62,0,101,28,0,28,129
03/29/2000,ERI,PA,AEA,CE,Towers with Radar,9,37,30,2,78,0,4,0,4,8,9,41,30,6,86,0,2,2,88
03/30/2000,ERI,PA,AEA,CE,Towers with Radar,7,32,27,2,68,1,1,30,2,34,8,33,57,4,102,14,0,14,116
03/31/2000,ERI,PA,AEA,CE,Towers with Radar,8,39,32,0,79,0,1,61,0,62,8,40,93,0,141,84,0,84,225
04/01/2000,ERI,PA,AEA,CE,Towers with Radar,7,22,35,0,64,0,1,111,0,112,7,23,146,0,176,76,0,76,252
04/02/2000,ERI,PA,AEA,CE,Towers with Radar,6,27,30,0,63,0,0,15,0,15,6,27,45,0,78,28,0,28,106
04/03/2000,ERI,PA,AEA,CE,Towers with Radar,8,35,33,0,76,1,0,11,0,12,9,35,44,0,88,0,0,0,88
04/04/2000,ERI,PA,AEA,CE,Towers with Radar,11,39,25,0,75,0,1,5,0,6,11,40,30,0,81,0,0,0,81
04/05/2000,ERI,PA,AEA,CE,Towers with Radar,8,36,32,2,78,0,3,16,2,21,8,39,48,4,99,32,2,34,133
04/06/2000,ERI,PA,AEA,CE,Towers with Radar,9,35,34,0,78,1,0,5,0,6,10,35,39,0,84,10,0,10,94
04/07/2000,ERI,PA,AEA,CE,Towers with Radar,8,36,33,0,77,0,0,48,0,48,8,36,81,0,125,54,0,54,179
04/08/2000,ERI,PA,AEA,CE,Towers with Radar,7,24,4,0,35,0,1,0,0,1,7,25,4,0,36,0,0,0,36
04/09/2000,ERI,PA,AEA,CE,Towers with Radar,5,19,19,0,43,1,8,3,2,14,6,27,22,2,57,6,0,6,63
04/10/2000,ERI,PA,AEA,CE,Towers with Radar,8,28,28,1,65,0,0,0,2,2,8,28,28,3,67,54,4,58,125
04/11/2000,ERI,PA,AEA,CE,Towers with Radar,8,36,25,5,74,0,2,2,0,4,8,38,27,5,78,6,5,11,89
04/12/2000,ERI,PA,AEA,CE,Towers with Radar,8,37,32,0,77,0,3,0,0,3,8,40,32,0,80,30,0,30,110
04/13/2000,ERI,PA,AEA,CE,Towers with Radar,8,38,38,1,85,0,0,41,3,44,8,38,79,4,129,52,0,52,181
04/14/2000,ERI,PA,AEA,CE,Towers with Radar,7,30,28,0,65,1,0,47,0,48,8,30,75,0,113,76,4,80,193
04/15/2000,ERI,PA,AEA,CE,Towers with Radar,5,23,23,0,51,2,6,80,0,88,7,29,103,0,139,89,0,89,228
04/16/2000,ERI,PA,AEA,CE,Towers with Radar,4,25,24,0,53,0,3,6,0,9,4,28,30,0,62,10,0,10,72
04/17/2000,ERI,PA,AEA,CE,Towers with Radar,8,34,34,0,76,0,0,4,0,4,8,34,38,0,80,10,0,10,90
04/18/2000,ERI,PA,AEA,CE,Towers with Radar,5,34,37,1,77,0,0,17,5,22,5,34,54,6,99,0,4,4,103
04/19/2000,ERI,PA,AEA,CE,Towers with Radar,8,37,40,0,85,0,0,6,0,6,8,37,46,0,91,48,0,48,139
04/20/2000,ERI,PA,AEA,CE,Towers with Radar,7,31,29,0,67,0,2,2,0,4,7,33,31,0,71,0,0,0,71
04/21/2000,ERI,PA,AEA,CE,Towers with Radar,8,34,37,2,81,0,1,1,0,2,8,35,38,2,83,12,2,14,97
04/22/2000,ERI,PA,AEA,CE,Towers with Radar,5,25,12,0,42,0,1,0,0,1,5,26,12,0,43,4,0,4,47
04/23/2000,ERI,PA,AEA,CE,Towers with Radar,7,24,15,0,46,0,1,18,0,19,7,25,33,0,65,53,0,53,118
04/24/2000,ERI,PA,AEA,CE,Towers with Radar,7,31,30,0,68,1,0,110,0,111,8,31,140,0,179,84,0,84,263
04/25/2000,ERI,PA,AEA,CE,Towers with Radar,8,36,36,1,81,0,0,51,4,55,8,36,87,5,136,20,8,28,164
04/26/2000,ERI,PA,AEA,CE,Towers with Radar,8,35,32,0,75,0,3,62,0,65,8,38,94,0,140,36,2,38,178
04/27/2000,ERI,PA,AEA,CE,Towers with Radar,8,38,34,1,81,0,4,34,0,38,8,42,68,1,119,28,0,28,147
04/28/2000,ERI,PA,AEA,CE,Towers with Radar,8,32,34,1,75,1,0,38,1,40,9,32,72,2,115,66,0,66,181
04/29/2000,ERI,PA,AEA,CE,Towers with Radar,5,22,21,0,48,1,4,102,0,107,6,26,123,0,155,53,0,53,208
04/30/2000,ERI,PA,AEA,CE,Towers with Radar,5,23,22,0,50,4,0,100,0,104,9,23,122,0,154,80,0,80,234
05/01/2000,ERI,PA,AEA,CE,Towers with Radar,8,30,26,0,64,2,6,0,0,8,10,36,26,0,72,8,0,8,80
05/02/2000,ERI,PA,AEA,CE,Towers with Radar,8,35,34,4,81,0,7,24,2,33,8,42,58,6,114,27,2,29,143
05/03/2000,ERI,PA,AEA,CE,Towers with Radar,8,38,40,0,86,0,0,72,0,72,8,38,112,0,158,34,0,34,192
05/04/2000,ERI,PA,AEA,CE,Towers with Radar,7,35,34,0,76,0,4,12,0,16,7,39,46,0,92,20,0,20,112
05/05/2000,ERI,PA,AEA,CE,Towers with Radar,7,32,34,3,76,0,0,31,28,59,7,32,65,31,135,10,14,24,159
05/06/2000,ERI,PA,AEA,CE,Towers with Radar,6,23,22,0,51,1,5,0,0,6,7,28,22,0,57,11,0,11,68
05/07/2000,ERI,PA,AEA,CE,Towers with Radar,6,23,22,0,51,2,0,61,0,63,8,23,83,0,114,52,0,52,166
05/08/2000,ERI,PA,AEA,CE,Towers with Radar,7,29,34,4,74,0,0,23,2,25,7,29,57,6,99,28,8,36,135
05/09/2000,ERI,PA,AEA,CE,Towers with Radar,10,35,34,0,79,0,1,15,0,16,10,36,49,0,95,48,0,48,143
05/10/2000,ERI,PA,AEA,CE,Towers with Radar,9,36,39,8,92,0,1,1,0,2,9,37,40,8,94,9,12,21,115
05/11/2000,ERI,PA,AEA,CE,Towers with Radar,8,37,36,0,81,2,6,28,0,36,10,43,64,0,117,20,0,20,137
05/12/2000,ERI,PA,AEA,CE,Towers with Radar,8,39,38,2,87,0,6,0,0,6,8,45,38,2,93,30,0,30,123
05/13/2000,ERI,PA,AEA,CE,Towers with Radar,5,22,22,0,49,2,4,4,0,10,7,26,26,0,59,4,0,4,63
05/14/2000,ERI,PA,AEA,CE,Towers with Radar,6,27,27,0,60,1,0,21,0,22,7,27,48,0,82,6,0,6,88
05/15/2000,ERI,PA,AEA,CE,Towers with Radar,8,30,33,0,71,0,0,60,0,60,8,30,93,0,131,56,0,56,187
05/16/2000,ERI,PA,AEA,CE,Towers with Radar,8,36,36,5,85,0,5,61,1,67,8,41,97,6,152,98,8,106,258
05/17/2000,ERI,PA,AEA,CE,Towers with Radar,8,42,41,5,96,0,2,96,0,98,8,44,137,5,194,110,8,118,312
05/18/2000,ERI,PA,AEA,CE,Towers with Radar,6,32,32,0,70,0,1,5,0,6,6,33,37,0,76,4,0,4,80
05/19/2000,ERI,PA,AEA,CE,Towers with Radar,8,40,47,0,95,0,0,23,0,23,8,40,70,0,118,0,0,0,118
05/20/2000,ERI,PA,AEA,CE,Towers with Radar,6,29,28,0,63,0,0,9,0,9,6,29,37,0,72,0,0,0,72
05/21/2000,ERI,PA,AEA,CE,Towers with Radar,6,29,27,0,62,2,0,11,0,13,8,29,38,0,75,68,0,68,143
05/22/2000,ERI,PA,AEA,CE,Towers with Radar,8,35,33,0,76,0,3,62,0,65,8,38,95,0,141,162,0,162,303
05/23/2000,ERI,PA,AEA,CE,Towers with Radar,10,38,48,6,102,0,0,12,21,33,10,38,60,27,135,2,20,22,157
05/24/2000,ERI,PA,AEA,CE,Towers with Radar,8,36,36,5,85,1,0,43,5,49,9,36,79,10,134,56,16,72,206
05/25/2000,ERI,PA,AEA,CE,Towers with Radar,8,34,36,0,78,0,0,32,0,32,8,34,68,0,110,58,0,58,168
05/26/2000,ERI,PA,AEA,CE,Towers with Radar,8,33,39,0,80,0,0,76,0,76,8,33,115,0,156,44,0,44,200
05/27/2000,ERI,PA,AEA,CE,Towers with Radar,5,23,21,0,49,2,3,67,0,72,7,26,88,0,121,96,0,96,217
05/28/2000,ERI,PA,AEA,CE,Towers with Radar,3,13,16,0,32,4,0,45,0,49,7,13,61,0,81,70,0,70,151
05/29/2000,ERI,PA,AEA,CE,Towers with Radar,6,22,25,0,53,2,0,57,0,59,8,22,82,0,112,119,3,122,234
05/30/2000,ERI,PA,AEA,CE,Towers with Radar,5,25,23,2,55,4,13,65,0,82,9,38,88,2,137,68,0,68,205
05/31/2000,ERI,PA,AEA,CE,Towers with Radar,8,39,40,4,91,0,0,62,21,83,8,39,102,25,174,72,18,90,264
06/01/2000,ERI,PA,AEA,CE,Towers with Radar,7,39,41,4,91,0,6,26,8,40,7,45,67,12,131,24,4,28,159
06/02/2000,ERI,PA,AEA,CE,Towers with Radar,8,29,31,0,68,0,7,23,0,30,8,36,54,0,98,12,0,12,110
06/03/2000,ERI,PA,AEA,CE,Towers with Radar,6,30,33,2,71,0,0,79,2,81,6,30,112,4,152,175,8,183,335
06/04/2000,ERI,PA,AEA,CE,Towers with Radar,7,23,26,1,57,0,0,82,3,85,7,23,108,4,142,38,0,38,180
06/05/2000,ERI,PA,AEA,CE,Towers with Radar,8,36,38,0,82,0,0,3,0,3,8,36,41,0,85,28,0,28,113
06/06/2000,ERI,PA,AEA,CE,Towers with Radar,8,34,37,0,79,0,1,7,0,8,8,35,44,0,87,6,0,6,93
06/07/2000,ERI,PA,AEA,CE,Towers with Radar,8,37,41,3,89,0,0,73,5,78,8,37,114,8,167,95,6,101,268
06/08/2000,ERI,PA,AEA,CE,Towers with Radar,8,37,40,2,87,0,0,52,4,56,8,37,92,6,143,28,10,38,181
06/09/2000,ERI,PA,AEA,CE,Towers with Radar,6,37,34,22,99,0,1,59,1,61,6,38,93,23,160,46,22,68,228
06/10/2000,ERI,PA,AEA,CE,Towers with Radar,6,23,24,0,53,1,3,87,0,91,7,26,111,0,144,50,0,50,194
06/11/2000,ERI,PA,AEA,CE,Towers with Radar,5,18,19,0,42,8,1,25,0,34,13,19,44,0,76,50,0,50,126
06/12/2000,ERI,PA,AEA,CE,Towers with Radar,5,31,27,0,63,0,0,2,0,2,5,31,29,0,65,4,0,4,69
06/13/2000,ERI,PA,AEA,CE,Towers with Radar,10,31,41,2,84,1,0,55,4,60,11,31,96,6,144,46,4,50,194
06/14/2000,ERI,PA,AEA,CE,Towers with Radar,8,34,38,1,81,0,0,23,0,23,8,34,61,1,104,44,0,44,148
06/15/2000,ERI,PA,AEA,CE,Towers with Radar,10,30,20,16,76,0,0,26,1,27,10,30,46,17,103,47,18,65,168
06/16/2000,ERI,PA,AEA,CE,Towers with Radar,6,37,37,2,82,0,1,27,4,32,6,38,64,6,114,42,8,50,164
06/17/2000,ERI,PA,AEA,CE,Towers with Radar,6,27,27,0,60,2,0,50,0,52,8,27,77,0,112,40,0,40,152
06/18/2000,ERI,PA,AEA,CE,Towers with Radar,5,22,22,0,49,5,4,5,0,14,10,26,27,0,63,48,0,48,111
06/19/2000,ERI,PA,AEA,CE,Towers with Radar,7,29,33,3,72,6,0,80,7,93,13,29,113,10,165,108,8,116,281
06/20/2000,ERI,PA,AEA,CE,Towers with Radar,6,39,49,0,94,0,0,62,0,62,6,39,111,0,156,87,0,87,243
06/21/2000,ERI,PA,AEA,CE,Towers with Radar,8,41,45,0,94,0,0,1,0,1,8,41,46,0,95,2,0,2,97
06/22/2000,ERI,PA,AEA,CE,Towers with Radar,8,39,39,1,87,0,3,44,0,47,8,42,83,1,134,80,2,82,216
06/23/2000,ERI,PA,AEA,CE,Towers with Radar,8,35,35,0,78,0,2,71,0,73,8,37,106,0,151,48,0,48,199
06/24/2000,ERI,PA,AEA,CE,Towers with Radar,4,21,21,0,46,4,9,46,0,59,8,30,67,0,105,56,0,56,161
06/25/2000,ERI,PA,AEA,CE,Towers with Radar,5,23,24,0,52,5,5,8,0,18,10,28,32,0,70,15,0,15,85
06/26/2000,ERI,PA,AEA,CE,Towers with Radar,8,32,37,0,77,5,0,33,0,38,13,32,70,0,115,67,0,67,182
06/27/2000,ERI,PA,AEA,CE,Towers with Radar,8,42,43,4,97,0,1,38,9,48,8,43,81,13,145,142,15,157,302
06/28/2000,ERI,PA,AEA,CE,Towers with Radar,5,38,44,0,87,0,0,83,0,83,5,38,127,0,170,103,0,103,273
06/29/2000,ERI,PA,AEA,CE,Towers with Radar,9,36,37,0,82,0,2,10,0,12,9,38,47,0,94,34,0,34,128
06/30/2000,ERI,PA,AEA,CE,Towers with Radar,8,37,39,3,87,0,0,63,3,66,8,37,102,6,153,136,0,136,289
07/01/2000,ERI,PA,AEA,CE,Towers with Radar,6,22,26,2,56,2,8,78,3,91,8,30,104,5,147,56,6,62,209
07/02/2000,ERI,PA,AEA,CE,Towers with Radar,6,19,22,0,47,2,3,41,0,46,8,22,63,0,93,46,0,46,139
07/03/2000,ERI,PA,AEA,CE,Towers with Radar,6,19,16,2,43,2,3,0,5,10,8,22,16,7,53,4,10,14,67
07/04/2000,ERI,PA,AEA,CE,Towers with Radar,6,22,15,0,43,2,4,0,0,6,8,26,15,0,49,0,0,0,49
07/05/2000,ERI,PA,AEA,CE,Towers with Radar,8,30,34,0,72,0,8,67,0,75,8,38,101,0,147,104,0,104,251
07/06/2000,ERI,PA,AEA,CE,Towers with Radar,8,35,40,3,86,0,3,52,1,56,8,38,92,4,142,54,4,58,200
07/07/2000,ERI,PA,AEA,CE,Towers with Radar,8,35,39,0,82,0,12,66,0,78,8,47,105,0,160,42,0,42,202
07/08/2000,ERI,PA,AEA,CE,Towers with Radar,6,23,26,0,55,2,4,72,0,78,8,27,98,0,133,126,0,126,259
07/09/2000,ERI,PA,AEA,CE,Towers with Radar,5,20,24,0,49,3,0,23,0,26,8,20,47,0,75,5,0,5,80
07/10/2000,ERI,PA,AEA,CE,Towers with Radar,8,30,44,0,82,0,0,39,0,39,8,30,83,0,121,90,0,90,211
07/11/2000,ERI,PA,AEA,CE,Towers with Radar,9,39,44,5,97,0,2,49,13,64,9,41,93,18,161,34,18,52,213
07/12/2000,ERI,PA,AEA,CE,Towers with Radar,9,36,41,0,86,1,2,69,0,72,10,38,110,0,158,44,0,44,202
07/13/2000,ERI,PA,AEA,CE,Towers with Radar,8,37,43,5,93,0,0,82,11,93,8,37,125,16,186,104,12,116,302
07/14/2000,ERI,PA,AEA,CE,Towers with Radar,6,29,30,4,69,0,3,27,2,32,6,32,57,6,101,51,18,69,170
07/15/2000,ERI,PA,AEA,CE,Towers with Radar,5,21,22,0,48,2,6,80,0,88,7,27,102,0,136,92,0,92,228
07/16/2000,ERI,PA,AEA,CE,Towers with Radar,5,22,23,3,53,4,5,78,1,88,9,27,101,4,141,108,0,108,249
07/17/2000,ERI,PA,AEA,CE,Towers with Radar,8,27,35,4,74,0,0,40,6,46,8,27,75,10,120,46,8,54,174
07/18/2000,ERI,PA,AEA,CE,Towers with Radar,6,37,50,6,99,0,0,36,5,41,6,37,86,11,140,56,12,68,208
07/19/2000,ERI,PA,AEA,CE,Towers with Radar,8,35,43,0,86,0,0,104,0,104,8,35,147,0,190,92,2,94,284
07/20/2000,ERI,PA,AEA,CE,Towers with Radar,8,33,41,0,82,0,0,121,0,121,8,33,162,0,203,104,0,104,307
07/21/2000,ERI,PA,AEA,CE,Towers with Radar,7,34,36,0,77,0,3,0,0,3,7,37,36,0,80,4,0,4,84
07/22/2000,ERI,PA,AEA,CE,Towers with Radar,6,24,25,0,55,3,4,37,0,44,9,28,62,0,99,47,0,47,146
07/23/2000,ERI,PA,AEA,CE,Towers with Radar,6,26,28,0,60,5,1,102,0,108,11,27,130,0,168,76,0,76,244
07/24/2000,ERI,PA,AEA,CE,Towers with Radar,7,30,32,0,69,1,1,38,0,40,8,31,70,0,109,82,0,82,191
07/25/2000,ERI,PA,AEA,CE,Towers with Radar,10,33,43,4,90,0,0,31,17,48,10,33,74,21,138,71,18,89,227
07/26/2000,ERI,PA,AEA,CE,Towers with Radar,6,38,42,4,90,0,1,92,4,97,6,39,134,8,187,92,16,108,295
07/27/2000,ERI,PA,AEA,CE,Towers with Radar,8,39,43,4,94,0,0,55,0,55,8,39,98,4,149,56,0,56,205
07/28/2000,ERI,PA,AEA,CE,Towers with Radar,9,31,41,0,81,0,0,19,0,19,9,31,60,0,100,21,0,21,121
07/29/2000,ERI,PA,AEA,CE,Towers with Radar,7,30,33,0,70,1,3,42,0,46,8,33,75,0,116,30,0,30,146
07/30/2000,ERI,PA,AEA,CE,Towers with Radar,6,24,29,0,59,2,0,21,0,23,8,24,50,0,82,16,0,16,98
07/31/2000,ERI,PA,AEA,CE,Towers with Radar,7,29,37,0,73,0,0,50,0,50,7,29,87,0,123,42,0,42,165
08/01/2000,ERI,PA,AEA,CE,Towers with Radar,9,29,36,0,74,2,0,18,0,20,11,29,54,0,94,18,0,18,112
08/02/2000,ERI,PA,AEA,CE,Towers with Radar,8,27,33,2,70,0,6,2,1,9,8,33,35,3,79,25,0,25,104
08/03/2000,ERI,PA,AEA,CE,Towers with Radar,6,30,39,3,78,0,0,4,2,6,6,30,43,5,84,26,7,33,117
08/04/2000,ERI,PA,AEA,CE,Towers with Radar,8,33,40,0,81,0,0,68,0,68,8,33,108,0,149,84,0,84,233
08/05/2000,ERI,PA,AEA,CE,Towers with Radar,7,26,31,0,64,0,1,101,0,102,7,27,132,0,166,62,0,62,228
08/06/2000,ERI,PA,AEA,CE,Towers with Radar,9,25,32,3,69,2,0,0,10,12,11,25,32,13,81,0,24,24,105
08/07/2000,ERI,PA,AEA,CE,Towers with Radar,9,31,38,0,78,1,0,29,0,30,10,31,67,0,108,47,0,47,155
08/08/2000,ERI,PA,AEA,CE,Towers with Radar,8,28,34,0,70,0,2,61,0,63,8,30,95,0,133,62,0,62,195
08/09/2000,ERI,PA,AEA,CE,Towers with Radar,8,32,38,0,78,0,9,24,0,33,8,41,62,0,111,8,1,9,120
08/10/2000,ERI,PA,AEA,CE,Towers with Radar,7,34,41,0,82,0,2,46,0,48,7,36,87,0,130,72,0,72,202
08/11/2000,ERI,PA,AEA,CE,Towers with Radar,7,22,29,0,58,1,0,106,0,107,8,22,135,0,165,77,0,77,242
08/12/2000,ERI,PA,AEA,CE,Towers with Radar,8,28,35,0,71,2,0,44,0,46,10,28,79,0,117,46,0,46,163
08/13/2000,ERI,PA,AEA,CE,Towers with Radar,9,31,41,0,81,0,0,23,0,23,9,31,64,0,104,30,0,30,134
08/14/2000,ERI,PA,AEA,CE,Towers with Radar,8,30,38,0,76,0,0,71,0,71,8,30,109,0,147,90,0,90,237
08/15/2000,ERI,PA,AEA,CE,Towers with Radar,10,31,43,3,87,0,0,41,18,59,10,31,84,21,146,24,26,50,196
08/16/2000,ERI,PA,AEA,CE,Towers with Radar,9,33,41,0,83,0,0,53,0,53,9,33,94,0,136,24,0,24,160
08/17/2000,ERI,PA,AEA,CE,Towers with Radar,9,34,54,5,102,0,0,30,23,53,9,34,84,28,155,26,20,46,201
08/18/2000,ERI,PA,AEA,CE,Towers with Radar,8,34,42,4,88,0,0,17,2,19,8,34,59,6,107,47,6,53,160
08/19/2000,ERI,PA,AEA,CE,Towers with Radar,8,32,37,0,77,0,2,40,0,42,8,34,77,0,119,88,0,88,207
08/20/2000,ERI,PA,AEA,CE,Towers with Radar,6,24,26,3,59,2,1,90,0,93,8,25,116,3,152,81,0,81,233
08/21/2000,ERI,PA,AEA,CE,Towers with Radar,7,32,38,0,77,0,0,98,0,98,7,32,136,0,175,68,0,68,243
08/22/2000,ERI,PA,AEA,CE,Towers with Radar,8,39,45,3,95,0,11,74,0,85,8,50,119,3,180,104,4,108,288
08/23/2000,ERI,PA,AEA,CE,Towers with Radar,7,30,34,4,75,1,2,9,2,14,8,32,43,6,89,32,10,42,131
08/24/2000,ERI,PA,AEA,CE,Towers with Radar,8,30,37,0,75,0,0,98,0,98,8,30,135,0,173,82,0,82,255
08/25/2000,ERI,PA,AEA,CE,Towers with Radar,8,32,42,4,86,0,0,65,0,65,8,32,107,4,151,86,6,92,243
08/26/2000,ERI,PA,AEA,CE,Towers with Radar,5,21,23,0,49,3,7,43,0,53,8,28,66,0,102,40,0,40,142
08/27/2000,ERI,PA,AEA,CE,Towers with Radar,6,25,28,0,59,2,1,16,0,19,8,26,44,0,78,28,0,28,106
08/28/2000,ERI,PA,AEA,CE,Towers with Radar,7,30,34,0,71,2,8,37,0,47,9,38,71,0,118,60,0,60,178
08/29/2000,ERI,PA,AEA,CE,Towers with Radar,10,40,47,0,97,0,0,40,0,40,10,40,87,0,137,94,8,102,239
08/30/2000,ERI,PA,AEA,CE,Towers with Radar,8,32,36,4,80,4,0,107,0,111,12,32,143,4,191,62,6,68,259
08/31/2000,ERI,PA,AEA,CE,Towers with Radar,8,36,42,3,89,0,1,41,6,48,8,37,83,9,137,60,24,84,221
09/01/2000,ERI,PA,AEA,CE,Towers with Radar,8,34,41,0,83,0,0,25,0,25,8,34,66,0,108,24,0,24,132
09/02/2000,ERI,PA,AEA,CE,Towers with Radar,9,31,33,0,73,0,4,55,0,59,9,35,88,0,132,130,0,130,262
09/03/2000,ERI,PA,AEA,CE,Towers with Radar,6,20,22,0,48,2,0,19,0,21,8,20,41,0,69,67,0,67,136
09/04/2000,ERI,PA,AEA,CE,Towers with Radar,8,25,28,0,61,0,0,24,0,24,8,25,52,0,85,46,0,46,131
09/05/2000,ERI,PA,AEA,CE,Towers with Radar,8,24,38,0,70,0,0,49,0,49,8,24,87,0,119,72,0,72,191
09/06/2000,ERI,PA,AEA,CE,Towers with Radar,8,40,44,0,92,0,0,59,0,59,8,40,103,0,151,73,0,73,224
09/07/2000,ERI,PA,AEA,CE,Towers with Radar,9,37,39,0,85,0,2,71,0,73,9,39,110,0,158,28,0,28,186
09/08/2000,ERI,PA,AEA,CE,Towers with Radar,8,35,37,2,82,0,4,4,0,8,8,39,41,2,90,4,0,4,94
09/09/2000,ERI,PA,AEA,CE,Towers with Radar,6,20,21,0,47,2,9,0,0,11,8,29,21,0,58,8,0,8,66
09/10/2000,ERI,PA,AEA,CE,Towers with Radar,7,24,28,2,61,2,0,11,3,16,9,24,39,5,77,30,12,42,119
09/11/2000,ERI,PA,AEA,CE,Towers with Radar,8,37,40,0,85,0,0,0,0,0,8,37,40,0,85,10,0,10,95
09/12/2000,ERI,PA,AEA,CE,Towers with Radar,8,40,42,4,94,0,5,9,0,14,8,45,51,4,108,11,0,11,119
09/13/2000,ERI,PA,AEA,CE,Towers with Radar,7,36,38,4,85,0,4,75,7,86,7,40,113,11,171,56,6,62,233
09/14/2000,ERI,PA,AEA,CE,Towers with Radar,8,36,36,0,80,1,5,16,0,22,9,41,52,0,102,8,0,8,110
09/15/2000,ERI,PA,AEA,CE,Towers with Radar,7,31,21,3,62,2,6,0,0,8,9,37,21,3,70,0,0,0,70
09/16/2000,ERI,PA,AEA,CE,Towers with Radar,6,24,25,0,55,2,2,31,0,35,8,26,56,0,90,26,0,26,116
09/17/2000,ERI,PA,AEA,CE,Towers with Radar,7,26,27,0,60,2,0,65,0,67,9,26,92,0,127,56,0,56,183
09/18/2000,ERI,PA,AEA,CE,Towers with Radar,8,33,35,4,80,1,0,48,4,53,9,33,83,8,133,54,10,64,197
09/19/2000,ERI,PA,AEA,CE,Towers with Radar,8,36,36,0,80,0,3,59,0,62,8,39,95,0,142,20,0,20,162
09/20/2000,ERI,PA,AEA,CE,Towers with Radar,8,32,35,4,79,0,0,9,7,16,8,32,44,11,95,6,16,22,117
09/21/2000,ERI,PA,AEA,CE,Towers with Radar,8,35,36,1,80,1,0,1,0,2,9,35,37,1,82,6,0,6,88
09/22/2000,ERI,PA,AEA,CE,Towers with Radar,8,29,36,0,73,0,0,53,0,53,8,29,89,0,126,36,0,36,162
09/23/2000,ERI,PA,AEA,CE,Towers with Radar,6,24,24,0,54,2,3,3,0,8,8,27,27,0,62,0,0,0,62
09/24/2000,ERI,PA,AEA,CE,Towers with Radar,6,24,25,3,58,4,0,18,6,28,10,24,43,9,86,8,2,10,96
09/25/2000,ERI,PA,AEA,CE,Towers with Radar,8,28,32,2,70,0,0,38,9,47,8,28,70,11,117,52,11,63,180
09/26/2000,ERI,PA,AEA,CE,Towers with Radar,9,39,39,3,90,1,0,35,12,48,10,39,74,15,138,62,20,82,220
09/27/2000,ERI,PA,AEA,CE,Towers with Radar,8,38,38,3,87,0,0,87,1,88,8,38,125,4,175,74,3,77,252
09/28/2000,ERI,PA,AEA,CE,Towers with Radar,8,36,36,0,80,0,1,55,0,56,8,37,91,0,136,18,0,18,154
09/29/2000,ERI,PA,AEA,CE,Towers with Radar,8,37,40,3,88,0,0,96,4,100,8,37,136,7,188,82,6,88,276
09/30/2000,ERI,PA,AEA,CE,Towers with Radar,5,23,24,0,52,1,4,60,0,65,6,27,84,0,117,74,0,74,191
10/01/2000,ERI,PA,AEA,CE,Towers with Radar,8,28,33,0,69,0,5,97,0,102,8,33,130,0,171,84,0,84,255
10/02/2000,ERI,PA,AEA,CE,Towers with Radar,8,25,34,4,71,0,0,18,4,22,8,25,52,8,93,48,6,54,147
10/03/2000,ERI,PA,AEA,CE,Towers with Radar,9,34,44,3,90,0,0,35,10,45,9,34,79,13,135,20,20,40,175
10/04/2000,ERI,PA,AEA,CE,Towers with Radar,8,35,41,0,84,0,7,25,0,32,8,42,66,0,116,22,0,22,138
10/05/2000,ERI,PA,AEA,CE,Towers with Radar,8,31,36,3,78,0,0,0,9,9,8,31,36,12,87,6,0,6,93
10/06/2000,ERI,PA,AEA,CE,Towers with Radar,4,12,15,0,31,2,7,7,0,16,6,19,22,0,47,60,0,60,107
10/07/2000,ERI,PA,AEA,CE,Towers with Radar,5,15,19,0,39,3,10,10,0,23,8,25,29,0,62,61,0,61,123
10/08/2000,ERI,PA,AEA,CE,Towers with Radar,8,29,28,2,67,0,0,0,0,0,8,29,28,2,67,1,0,1,68
10/09/2000,ERI,PA,AEA,CE,Towers with Radar,8,25,30,0,63,0,10,4,0,14,8,35,34,0,77,20,0,20,97
10/10/2000,ERI,PA,AEA,CE,Towers with Radar,10,35,41,0,86,0,7,37,0,44,10,42,78,0,130,34,0,34,164
10/11/2000,ERI,PA,AEA,CE,Towers with Radar,8,35,41,3,87,0,0,59,7,66,8,35,100,10,153,46,0,46,199
10/12/2000,ERI,PA,AEA,CE,Towers with Radar,10,35,41,0,86,0,1,52,0,53,10,36,93,0,139,28,0,28,167
10/13/2000,ERI,PA,AEA,CE,Towers with Radar,8,34,40,0,82,0,2,50,0,52,8,36,90,0,134,54,0,54,188
10/14/2000,ERI,PA,AEA,CE,Towers with Radar,8,26,31,3,68,0,1,76,6,83,8,27,107,9,151,104,6,110,261
10/15/2000,ERI,PA,AEA,CE,Towers with Radar,9,23,37,4,73,0,0,28,3,31,9,23,65,7,104,44,0,44,148
10/16/2000,ERI,PA,AEA,CE,Towers with Radar,12,30,24,0,66,0,0,2,0,2,12,30,26,0,68,0,0,0,68
10/17/2000,ERI,PA,AEA,CE,Towers with Radar,9,35,39,0,83,0,1,4,0,5,9,36,43,0,88,16,0,16,104
10/18/2000,ERI,PA,AEA,CE,Towers with Radar,9,39,58,3,109,0,0,46,0,46,9,39,104,3,155,67,6,73,228
10/19/2000,ERI,PA,AEA,CE,Towers with Radar,7,35,40,0,82,0,0,62,0,62,7,35,102,0,144,42,0,42,186
10/20/2000,ERI,PA,AEA,CE,Towers with Radar,8,30,35,0,73,0,0,42,0,42,8,30,77,0,115,40,0,40,155
10/21/2000,ERI,PA,AEA,CE,Towers with Radar,5,20,22,0,47,5,5,68,0,78,10,25,90,0,125,56,0,56,181
10/22/2000,ERI,PA,AEA,CE,Towers with Radar,6,22,25,3,56,5,0,57,8,70,11,22,82,11,126,50,10,60,186
10/23/2000,ERI,PA,AEA,CE,Towers with Radar,7,28,31,0,66,3,1,39,0,43,10,29,70,0,109,66,0,66,175
10/24/2000,ERI,PA,AEA,CE,Towers with Radar,9,34,41,0,84,0,1,1,0,2,9,35,42,0,86,0,0,0,86
10/25/2000,ERI,PA,AEA,CE,Towers with Radar,4,27,32,0,63,0,0,0,0,0,4,27,32,0,63,6,0,6,69
10/26/2000,ERI,PA,AEA,CE,Towers with Radar,8,29,34,0,71,2,0,29,0,31,10,29,63,0,102,44,8,52,154
10/27/2000,ERI,PA,AEA,CE,Towers with Radar,7,32,37,4,80,0,1,23,10,34,7,33,60,14,114,50,6,56,170
10/28/2000,ERI,PA,AEA,CE,Towers with Radar,5,21,24,2,52,3,4,23,0,30,8,25,47,2,82,22,0,22,104
10/29/2000,ERI,PA,AEA,CE,Towers with Radar,5,21,24,0,50,3,1,93,0,97,8,22,117,0,147,46,0,46,193
10/30/2000,ERI,PA,AEA,CE,Towers with Radar,5,22,25,0,52,3,5,78,0,86,8,27,103,0,138,70,0,70,208
10/31/2000,ERI,PA,AEA,CE,Towers with Radar,8,28,37,4,77,0,0,85,2,87,8,28,122,6,164,76,4,80,244
11/01/2000,ERI,PA,AEA,CE,Towers with Radar,10,34,33,0,77,0,4,74,0,78,10,38,107,0,155,76,0,76,231
11/02/2000,ERI,PA,AEA,CE,Towers with Radar,7,35,34,2,78,0,6,58,2,66,7,41,92,4,144,46,4,50,194
11/03/2000,ERI,PA,AEA,CE,Towers with Radar,6,26,30,0,62,0,0,29,0,29,6,26,59,0,91,13,0,13,104
11/04/2000,ERI,PA,AEA,CE,Towers with Radar,7,26,14,0,47,1,1,0,0,2,8,27,14,0,49,21,0,21,70
11/05/2000,ERI,PA,AEA,CE,Towers with Radar,8,20,26,0,54,0,0,84,0,84,8,20,110,0,138,44,0,44,182
11/06/2000,ERI,PA,AEA,CE,Towers with Radar,8,28,26,1,63,0,3,52,4,59,8,31,78,5,122,26,0,26,148
11/07/2000,ERI,PA,AEA,CE,Towers with Radar,9,35,33,0,77,0,2,12,0,14,9,37,45,0,91,54,0,54,145
11/08/2000,ERI,PA,AEA,CE,Towers with Radar,6,37,42,2,87,0,0,7,3,10,6,37,49,5,97,12,4,16,113
11/09/2000,ERI,PA,AEA,CE,Towers with Radar,8,28,29,0,65,0,0,23,0,23,8,28,52,0,88,4,0,4,92
11/10/2000,ERI,PA,AEA,CE,Towers with Radar,9,30,16,0,55,0,1,0,0,1,9,31,16,0,56,0,0,0,56
11/11/2000,ERI,PA,AEA,CE,Towers with Radar,8,28,29,0,65,0,0,46,0,46,8,28,75,0,111,77,0,77,188
11/12/2000,ERI,PA,AEA,CE,Towers with Radar,8,25,27,0,60,0,0,44,0,44,8,25,71,0,104,55,0,55,159
11/13/2000,ERI,PA,AEA,CE,Towers with Radar,7,24,25,0,56,1,0,0,0,1,8,24,25,0,57,15,0,15,72
11/14/2000,ERI,PA,AEA,CE,Towers with Radar,8,35,42,3,88,0,0,14,7,21,8,35,56,10,109,20,0,20,129
11/15/2000,ERI,PA,AEA,CE,Towers with Radar,7,43,36,10,96,0,1,9,0,10,7,44,45,10,106,0,0,0,106
11/16/2000,ERI,PA,AEA,CE,Towers with Radar,7,30,29,2,68,0,10,6,0,16,7,40,35,2,84,24,4,28,112
11/17/2000,ERI,PA,AEA,CE,Towers with Radar,7,29,13,0,49,0,13,0,0,13,7,42,13,0,62,6,0,6,68
11/18/2000,ERI,PA,AEA,CE,Towers with Radar,4,19,14,0,37,4,5,0,0,9,8,24,14,0,46,6,0,6,52
11/19/2000,ERI,PA,AEA,CE,Towers with Radar,5,19,19,0,43,1,1,31,0,33,6,20,50,0,76,54,0,54,130
11/20/2000,ERI,PA,AEA,CE,Towers with Radar,7,27,27,0,61,2,0,2,0,4,9,27,29,0,65,10,0,10,75
11/21/2000,ERI,PA,AEA,CE,Towers with Radar,0,12,21,0,33,0,1,0,0,1,0,13,21,0,34,0,0,0,34
11/22/2000,ERI,PA,AEA,CE,Towers with Radar,2,7,3,0,12,0,0,0,0,0,2,7,3,0,12,0,0,0,12
11/23/2000,ERI,PA,AEA,CE,Towers with Radar,3,15,7,0,25,6,4,0,1,11,9,19,7,1,36,0,0,0,36
11/24/2000,ERI,PA,AEA,CE,Towers with Radar,4,18,18,0,40,4,0,44,0,48,8,18,62,0,88,30,0,30,118
11/25/2000,ERI,PA,AEA,CE,Towers with Radar,5,21,20,0,46,3,6,33,0,42,8,27,53,0,88,42,0,42,130
11/26/2000,ERI,PA,AEA,CE,Towers with Radar,8,27,26,0,61,0,1,4,0,5,8,28,30,0,66,30,0,30,96
11/27/2000,ERI,PA,AEA,CE,Towers with Radar,6,26,18,1,51,2,1,0,7,10,8,27,18,8,61,14,0,14,75
11/28/2000,ERI,PA,AEA,CE,Towers with Radar,8,37,23,3,71,0,1,0,0,1,8,38,23,3,72,6,2,8,80
11/29/2000,ERI,PA,AEA,CE,Towers with Radar,8,28,27,1,64,0,1,7,2,10,8,29,34,3,74,8,0,8,82
11/30/2000,ERI,PA,AEA,CE,Towers with Radar,7,29,29,0,65,1,0,9,0,10,8,29,38,0,75,11,0,11,86
12/01/2000,ERI,PA,AEA,CE,Towers with Radar,8,31,37,0,76,0,0,8,0,8,8,31,45,0,84,34,0,34,118
12/02/2000,ERI,PA,AEA,CE,Towers with Radar,8,30,31,0,69,1,8,15,0,24,9,38,46,0,93,42,0,42,135
12/03/2000,ERI,PA,AEA,CE,Towers with Radar,6,19,26,0,51,2,0,60,0,62,8,19,86,0,113,66,0,66,179
12/04/2000,ERI,PA,AEA,CE,Towers with Radar,8,23,30,0,61,0,0,30,5,35,8,23,60,5,96,30,0,30,126
12/05/2000,ERI,PA,AEA,CE,Towers with Radar,3,28,31,0,62,0,0,2,0,2,3,28,33,0,64,0,0,0,64
12/06/2000,ERI,PA,AEA,CE,Towers with Radar,7,30,30,1,68,0,3,12,1,16,7,33,42,2,84,10,0,10,94
12/07/2000,ERI,PA,AEA,CE,Towers with Radar,5,28,27,0,60,1,1,0,0,2,6,29,27,0,62,0,0,0,62
12/08/2000,ERI,PA,AEA,CE,Towers with Radar,8,23,27,0,58,1,1,0,0,2,9,24,27,0,60,0,0,0,60
12/09/2000,ERI,PA,AEA,CE,Towers with Radar,7,20,23,0,50,3,0,18,0,21,10,20,41,0,71,18,0,18,89
12/10/2000,ERI,PA,AEA,CE,Towers with Radar,3,14,15,0,32,5,6,2,0,13,8,20,17,0,45,2,0,2,47
12/11/2000,ERI,PA,AEA,CE,Towers with Radar,7,20,13,0,40,1,0,0,0,1,8,20,13,0,41,0,0,0,41
12/12/2000,ERI,PA,AEA,CE,Towers with Radar,6,24,16,0,46,0,2,0,0,2,6,26,16,0,48,4,0,4,52
12/13/2000,ERI,PA,AEA,CE,Towers with Radar,6,27,34,2,69,0,0,7,12,19,6,27,41,14,88,10,18,28,116
12/14/2000,ERI,PA,AEA,CE,Towers with Radar,8,25,21,0,54,0,3,0,0,3,8,28,21,0,57,0,0,0,57
12/15/2000,ERI,PA,AEA,CE,Towers with Radar,10,35,25,0,70,0,2,5,0,7,10,37,30,0,77,0,0,0,77
12/16/2000,ERI,PA,AEA,CE,Towers with Radar,5,16,3,1,25,1,7,0,1,9,6,23,3,2,34,0,0,0,34
12/17/2000,ERI,PA,AEA,CE,Towers with Radar,9,10,11,0,30,0,1,0,0,1,9,11,11,0,31,0,0,0,31
12/18/2000,ERI,PA,AEA,CE,Towers with Radar,7,23,30,0,60,0,0,20,0,20,7,23,50,0,80,14,4,18,98
12/19/2000,ERI,PA,AEA,CE,Towers with Radar,8,36,36,0,80,0,0,4,0,4,8,36,40,0,84,0,0,0,84
12/20/2000,ERI,PA,AEA,CE,Towers with Radar,8,32,28,0,68,0,2,0,0,2,8,34,28,0,70,6,0,6,76
12/21/2000,ERI,PA,AEA,CE,Towers with Radar,8,24,22,0,54,0,1,0,0,1,8,25,22,0,55,0,0,0,55
12/22/2000,ERI,PA,AEA,CE,Towers with Radar,5,21,26,0,52,0,0,11,0,11,5,21,37,0,63,20,0,20,83
12/23/2000,ERI,PA,AEA,CE,Towers with Radar,6,19,19,0,44,1,5,0,0,6,7,24,19,0,50,0,0,0,50
12/24/2000,ERI,PA,AEA,CE,Towers with Radar,4,12,4,0,20,0,1,0,0,1,4,13,4,0,21,0,0,0,21
12/25/2000,ERI,PA,AEA,CE,Towers with Radar,2,7,2,0,11,4,9,0,0,13,6,16,2,0,24,0,0,0,24
12/26/2000,ERI,PA,AEA,CE,Towers with Radar,8,23,27,0,58,0,0,34,0,34,8,23,61,0,92,40,0,40,132
12/27/2000,ERI,PA,AEA,CE,Towers with Radar,10,26,18,0,54,0,1,0,0,1,10,27,18,0,55,0,0,0,55
12/28/2000,ERI,PA,AEA,CE,Towers with Radar,9,28,28,0,65,0,1,0,0,1,9,29,28,0,66,0,0,0,66
12/29/2000,ERI,PA,AEA,CE,Towers with Radar,8,25,25,0,58,0,1,19,0,20,8,26,44,0,78,27,0,27,105
12/30/2000,ERI,PA,AEA,CE,Towers with Radar,8,21,10,0,39,0,1,8,0,9,8,22,18,0,48,57,0,57,105
12/31/2000,ERI,PA,AEA,CE,Towers with Radar,8,11,2,0,21,0,1,0,0,1,8,12,2,0,22,0,0,0,22
01/01/2001,ERI,PA,AEA,CE,Towers with Radar,2,12,10,0,24,7,8,0,0,15,9,20,10,0,39,12,0,12,51
01/02/2001,ERI,PA,AEA,CE,Towers with Radar,8,26,23,0,57,0,0,0,0,0,8,26,23,0,57,2,0,2,59
01/03/2001,ERI,PA,AEA,CE,Towers with Radar,7,23,23,0,53,1,0,17,0,18,8,23,40,0,71,14,0,14,85
01/04/2001,ERI,PA,AEA,CE,Towers with Radar,8,32,32,0,72,0,3,32,0,35,8,35,64,0,107,28,0,28,135
01/05/2001,ERI,PA,AEA,CE,Towers with Radar,8,26,24,0,58,0,1,0,0,1,8,27,24,0,59,0,0,0,59
01/06/2001,ERI,PA,AEA,CE,Towers with Radar,6,20,20,0,46,0,8,5,0,13,6,28,25,0,59,16,0,16,75
01/07/2001,ERI,PA,AEA,CE,Towers with Radar,5,15,14,0,34,3,0,0,0,3,8,15,14,0,37,12,0,12,49
01/08/2001,ERI,PA,AEA,CE,Towers with Radar,8,25,39,0,72,0,1,0,0,1,8,26,39,0,73,12,0,12,85
01/09/2001,ERI,PA,AEA,CE,Towers with Radar,8,30,30,0,68,0,0,27,0,27,8,30,57,0,95,24,0,24,119
01/10/2001,ERI,PA,AEA,CE,Towers with Radar,9,26,32,0,67,0,0,47,0,47,9,26,79,0,114,20,0,20,134
01/11/2001,ERI,PA,AEA,CE,Towers with Radar,9,30,34,2,75,0,0,19,1,20,9,30,53,3,95,19,4,23,118
01/12/2001,ERI,PA,AEA,CE,Towers with Radar,4,22,21,0,47,0,0,0,0,0,4,22,21,0,47,8,0,8,55
01/13/2001,ERI,PA,AEA,CE,Towers with Radar,5,18,12,0,35,3,2,0,0,5,8,20,12,0,40,18,0,18,58
01/14/2001,ERI,PA,AEA,CE,Towers with Radar,4,15,14,0,33,4,1,0,0,5,8,16,14,0,38,16,0,16,54
01/15/2001,ERI,PA,AEA,CE,Towers with Radar,7,25,24,1,57,1,0,4,0,5,8,25,28,1,62,0,0,0,62
01/16/2001,ERI,PA,AEA,CE,Towers with Radar,9,32,21,1,63,0,0,0,0,0,9,32,21,1,63,0,0,0,63
01/17/2001,ERI,PA,AEA,CE,Towers with Radar,8,22,24,0,54,0,0,0,0,0,8,22,24,0,54,0,0,0,54
01/18/2001,ERI,PA,AEA,CE,Towers with Radar,8,29,34,2,73,0,0,16,4,20,8,29,50,6,93,18,10,28,121
01/19/2001,ERI,PA,AEA,CE,Towers with Radar,8,28,18,0,54,0,0,0,0,0,8,28,18,0,54,2,0,2,56
01/20/2001,ERI,PA,AEA,CE,Towers with Radar,6,19,19,0,44,0,2,9,0,11,6,21,28,0,55,40,0,40,95
01/21/2001,ERI,PA,AEA,CE,Towers with Radar,9,15,18,0,42,0,0,11,0,11,9,15,29,0,53,51,0,51,104
01/22/2001,ERI,PA,AEA,CE,Towers with Radar,8,27,31,0,66,0,0,9,0,9,8,27,40,0,75,56,0,56,131
01/23/2001,ERI,PA,AEA,CE,Towers with Radar,8,34,37,2,81,0,0,35,4,39,8,34,72,6,120,26,0,26,146
01/24/2001,ERI,PA,AEA,CE,Towers with Radar,8,28,23,12,71,0,0,2,0,2,8,28,25,12,73,10,4,14,87
01/25/2001,ERI,PA,AEA,CE,Towers with Radar,7,32,31,2,72,0,1,5,6,12,7,33,36,8,84,12,12,24,108
01/26/2001,ERI,PA,AEA,CE,Towers with Radar,8,29,28,0,65,0,1,25,0,26,8,30,53,0,91,22,0,22,113
01/27/2001,ERI,PA,AEA,CE,Towers with Radar,8,14,5,0,27,0,0,0,0,0,8,14,5,0,27,0,0,0,27
01/28/2001,ERI,PA,AEA,CE,Towers with Radar,5,16,16,0,37,5,0,4,0,9,10,16,20,0,46,10,0,10,56
01/29/2001,ERI,PA,AEA,CE,Towers with Radar,8,29,28,5,70,0,0,3,0,3,8,29,31,5,73,0,4,4,77
01/30/2001,ERI,PA,AEA,CE,Towers with Radar,8,27,31,18,84,0,0,4,0,4,8,27,35,18,88,0,22,22,110
01/31/2001,ERI,PA,AEA,CE,Towers with Radar,9,28,21,2,60,0,0,0,0,0,9,28,21,2,60,0,0,0,60
02/01/2001,ERI,PA,AEA,CE,Towers with Radar,8,27,26,4,65,0,3,0,4,7,8,30,26,8,72,2,8,10,82
02/02/2001,ERI,PA,AEA,CE,Towers with Radar,8,22,19,1,50,0,13,0,0,13,8,35,19,1,63,0,0,0,63
02/03/2001,ERI,PA,AEA,CE,Towers with Radar,6,17,16,0,39,2,8,13,0,23,8,25,29,0,62,12,0,12,74
02/04/2001,ERI,PA,AEA,CE,Towers with Radar,5,14,13,0,32,3,2,9,0,14,8,16,22,0,46,22,0,22,68
02/05/2001,ERI,PA,AEA,CE,Towers with Radar,8,22,31,0,61,0,1,2,0,3,8,23,33,0,64,14,0,14,78
02/06/2001,ERI,PA,AEA,CE,Towers with Radar,8,25,19,8,60,0,1,1,0,2,8,26,20,8,62,0,10,10,72
02/07/2001,ERI,PA,AEA,CE,Towers with Radar,8,31,29,0,68,0,2,41,0,43,8,33,70,0,111,40,0,40,151
02/08/2001,ERI,PA,AEA,CE,Towers with Radar,8,25,29,4,66,0,0,6,13,19,8,25,35,17,85,10,4,14,99
02/09/2001,ERI,PA,AEA,CE,Towers with Radar,8,34,10,1,53,0,1,1,0,2,8,35,11,1,55,0,0,0,55
02/10/2001,ERI,PA,AEA,CE,Towers with Radar,7,22,8,0,37,0,1,2,0,3,7,23,10,0,40,0,0,0,40
02/11/2001,ERI,PA,AEA,CE,Towers with Radar,8,21,29,2,60,0,0,79,0,79,8,21,108,2,139,62,0,62,201
02/12/2001,ERI,PA,AEA,CE,Towers with Radar,7,24,23,4,58,1,5,17,1,24,8,29,40,5,82,6,6,12,94
02/13/2001,ERI,PA,AEA,CE,Towers with Radar,8,27,26,5,66,0,5,34,2,41,8,32,60,7,107,42,6,48,155
02/14/2001,ERI,PA,AEA,CE,Towers with Radar,8,25,33,9,75,0,1,0,0,1,8,26,33,9,76,6,6,12,88
02/15/2001,ERI,PA,AEA,CE,Towers with Radar,8,31,33,0,72,0,0,6,0,6,8,31,39,0,78,4,0,4,82
02/16/2001,ERI,PA,AEA,CE,Towers with Radar,6,24,22,0,52,0,1,0,0,1,6,25,22,0,53,2,0,2,55
02/17/2001,ERI,PA,AEA,CE,Towers with Radar,4,12,6,0,22,4,9,0,0,13,8,21,6,0,35,0,0,0,35
02/18/2001,ERI,PA,AEA,CE,Towers with Radar,6,14,20,0,40,2,0,18,0,20,8,14,38,0,60,32,0,32,92
02/19/2001,ERI,PA,AEA,CE,Towers with Radar,6,21,20,2,49,2,0,8,0,10,8,21,28,2,59,6,0,6,65
02/20/2001,ERI,PA,AEA,CE,Towers with Radar,7,26,27,0,60,0,0,6,0,6,7,26,33,0,66,8,0,8,74
02/21/2001,ERI,PA,AEA,CE,Towers with Radar,8,31,26,5,70,0,1,0,5,6,8,32,26,10,76,0,10,10,86
02/22/2001,ERI,PA,AEA,CE,Towers with Radar,9,30,30,0,69,0,0,10,0,10,9,30,40,0,79,0,0,0,79
02/23/2001,ERI,PA,AEA,CE,Towers with Radar,8,26,30,0,64,0,1,13,0,14,8,27,43,0,78,13,0,13,91
02/24/2001,ERI,PA,AEA,CE,Towers with Radar,5,17,17,2,41,3,3,7,0,13,8,20,24,2,54,10,0,10,64
02/25/2001,ERI,PA,AEA,CE,Towers with Radar,3,11,7,0,21,3,4,0,0,7,6,15,7,0,28,0,0,0,28
02/26/2001,ERI,PA,AEA,CE,Towers with Radar,8,25,31,0,64,0,0,13,0,13,8,25,44,0,77,3,0,3,80
02/27/2001,ERI,PA,AEA,CE,Towers with Radar,8,27,32,5,72,0,0,20,20,40,8,27,52,25,112,12,12,24,136
02/28/2001,ERI,PA,AEA,CE,Towers with Radar,12,25,36,6,79,0,0,22,20,42,12,25,58,26,121,18,18,36,157
03/01/2001,ERI,PA,AEA,CE,Towers with Radar,8,23,26,6,63,0,0,0,10,10,8,23,26,16,73,2,4,6,79
03/02/2001,ERI,PA,AEA,CE,Towers with Radar,8,22,17,5,52,1,1,0,13,15,9,23,17,18,67,2,12,14,81
03/03/2001,ERI,PA,AEA,CE,Towers with Radar,5,14,16,0,35,3,6,9,0,18,8,20,25,0,53,18,0,18,71
03/04/2001,ERI,PA,AEA,CE,Towers with Radar,6,13,15,0,34,2,5,10,0,17,8,18,25,0,51,18,0,18,69
03/05/2001,ERI,PA,AEA,CE,Towers with Radar,9,20,6,0,35,0,2,0,0,2,9,22,6,0,37,0,0,0,37
03/06/2001,ERI,PA,AEA,CE,Towers with Radar,7,17,24,0,48,0,2,0,0,2,7,19,24,0,50,0,0,0,50
03/07/2001,ERI,PA,AEA,CE,Towers with Radar,8,25,29,6,68,0,0,8,5,13,8,25,37,11,81,4,6,10,91
03/08/2001,ERI,PA,AEA,CE,Towers with Radar,8,22,25,1,56,0,6,24,0,30,8,28,49,1,86,19,0,19,105
03/09/2001,ERI,PA,AEA,CE,Towers with Radar,9,25,19,0,53,0,2,0,0,2,9,27,19,0,55,0,0,0,55
03/10/2001,ERI,PA,AEA,CE,Towers with Radar,10,18,28,2,58,0,2,47,0,49,10,20,75,2,107,60,0,60,167
03/11/2001,ERI,PA,AEA,CE,Towers with Radar,5,13,16,0,34,3,5,7,0,15,8,18,23,0,49,0,0,0,49
03/12/2001,ERI,PA,AEA,CE,Towers with Radar,8,20,21,0,49,0,0,31,0,31,8,20,52,0,80,0,0,0,80
03/13/2001,ERI,PA,AEA,CE,Towers with Radar,8,24,25,0,57,0,2,5,0,7,8,26,30,0,64,4,0,4,68
03/14/2001,ERI,PA,AEA,CE,Towers with Radar,8,26,33,15,82,0,1,11,0,12,8,27,44,15,94,28,18,46,140
03/15/2001,ERI,PA,AEA,CE,Towers with Radar,8,25,30,6,69,0,0,21,0,21,8,25,51,6,90,26,10,36,126
03/16/2001,ERI,PA,AEA,CE,Towers with Radar,7,21,21,0,49,0,1,1,0,2,7,22,22,0,51,0,0,0,51
03/17/2001,ERI,PA,AEA,CE,Towers with Radar,6,20,3,0,29,0,1,1,0,2,6,21,4,0,31,0,0,0,31
03/18/2001,ERI,PA,AEA,CE,Towers with Radar,8,15,13,1,37,0,1,68,0,69,8,16,81,1,106,56,0,56,162
03/19/2001,ERI,PA,AEA,CE,Towers with Radar,6,18,22,0,46,0,0,34,0,34,6,18,56,0,80,30,0,30,110
03/20/2001,ERI,PA,AEA,CE,Towers with Radar,9,25,26,0,60,0,1,17,0,18,9,26,43,0,78,4,0,4,82
03/21/2001,ERI,PA,AEA,CE,Towers with Radar,8,23,25,0,56,0,0,0,0,0,8,23,25,0,56,4,0,4,60
03/22/2001,ERI,PA,AEA,CE,Towers with Radar,10,27,28,5,70,4,1,5,13,23,14,28,33,18,93,10,1,11,104
03/23/2001,ERI,PA,AEA,CE,Towers with Radar,9,21,28,3,61,1,0,23,0,24,10,21,51,3,85,8,4,12,97
03/24/2001,ERI,PA,AEA,CE,Towers with Radar,8,19,1,0,28,0,1,2,0,3,8,20,3,0,31,0,0,0,31
03/25/2001,ERI,PA,AEA,CE,Towers with Radar,7,15,20,0,42,3,0,0,0,3,10,15,20,0,45,8,0,8,53
03/26/2001,ERI,PA,AEA,CE,Towers with Radar,10,23,35,0,68,0,1,5,0,6,10,24,40,0,74,6,0,6,80
03/27/2001,ERI,PA,AEA,CE,Towers with Radar,10,22,32,5,69,0,0,11,3,14,10,22,43,8,83,0,6,6,89
03/28/2001,ERI,PA,AEA,CE,Towers with Radar,8,25,33,5,71,0,0,54,8,62,8,25,87,13,133,47,18,65,198
03/29/2001,ERI,PA,AEA,CE,Towers with Radar,8,27,36,6,77,0,0,28,6,34,8,27,64,12,111,26,14,40,151
03/30/2001,ERI,PA,AEA,CE,Towers with Radar,8,25,18,0,51,0,2,0,0,2,8,27,18,0,53,0,0,0,53
03/31/2001,ERI,PA,AEA,CE,Towers with Radar,6,18,12,0,36,3,4,0,0,7,9,22,12,0,43,0,0,0,43
04/01/2001,ERI,PA,AEA,CE,Towers with Radar,4,15,16,0,35,4,0,40,0,44,8,15,56,0,79,46,0,46,125
04/02/2001,ERI,PA,AEA,CE,Towers with Radar,7,19,18,0,44,4,0,0,0,4,11,19,18,0,48,0,0,0,48
04/03/2001,ERI,PA,AEA,CE,Towers with Radar,8,28,32,5,73,0,0,19,9,28,8,28,51,14,101,19,10,29,130
04/04/2001,ERI,PA,AEA,CE,Towers with Radar,10,31,31,2,74,0,6,65,0,71,10,37,96,2,145,50,2,52,197
04/05/2001,ERI,PA,AEA,CE,Towers with Radar,8,23,35,6,72,0,0,45,7,52,8,23,80,13,124,20,13,33,157
04/06/2001,ERI,PA,AEA,CE,Towers with Radar,9,23,24,0,56,1,5,5,0,11,10,28,29,0,67,0,0,0,67
04/07/2001,ERI,PA,AEA,CE,Towers with Radar,9,23,23,0,55,3,4,9,0,16,12,27,32,0,71,8,0,8,79
04/08/2001,ERI,PA,AEA,CE,Towers with Radar,6,14,14,0,34,4,5,3,0,12,10,19,17,0,46,0,0,0,46
04/09/2001,ERI,PA,AEA,CE,Towers with Radar,9,19,21,0,49,2,0,0,0,2,11,19,21,0,51,2,0,2,53
04/10/2001,ERI,PA,AEA,CE,Towers with Radar,12,26,30,0,68,0,0,0,0,0,12,26,30,0,68,35,0,35,103
04/11/2001,ERI,PA,AEA,CE,Towers with Radar,7,27,28,0,62,0,4,0,0,4,7,31,28,0,66,29,0,29,95
04/12/2001,ERI,PA,AEA,CE,Towers with Radar,9,23,16,2,50,1,5,0,0,6,10,28,16,2,56,6,0,6,62
04/13/2001,ERI,PA,AEA,CE,Towers with Radar,7,18,20,0,45,2,7,24,0,33,9,25,44,0,78,6,0,6,84
04/14/2001,ERI,PA,AEA,CE,Towers with Radar,6,13,14,0,33,1,14,20,0,35,7,27,34,0,68,20,0,20,88
04/15/2001,ERI,PA,AEA,CE,Towers with Radar,7,16,18,0,41,3,3,2,0,8,10,19,20,0,49,34,0,34,83
04/16/2001,ERI,PA,AEA,CE,Towers with Radar,11,16,28,0,55,0,1,4,0,5,11,17,32,0,60,5,0,5,65
04/17/2001,ERI,PA,AEA,CE,Towers with Radar,8,28,28,7,71,0,1,1,0,2,8,29,29,7,73,2,28,30,103
04/18/2001,ERI,PA,AEA,CE,Towers with Radar,8,29,31,4,72,0,0,14,11,25,8,29,45,15,97,35,40,75,172
04/19/2001,ERI,PA,AEA,CE,Towers with Radar,8,26,36,5,75,0,0,65,4,69,8,26,101,9,144,78,0,78,222
04/20/2001,ERI,PA,AEA,CE,Towers with Radar,9,28,47,1,85,0,0,9,0,9,9,28,56,1,94,22,0,22,116
04/21/2001,ERI,PA,AEA,CE,Towers with Radar,7,21,22,0,50,0,0,1,0,1,7,21,23,0,51,12,0,12,63
04/22/2001,ERI,PA,AEA,CE,Towers with Radar,6,19,19,2,46,1,0,17,0,18,7,19,36,2,64,40,0,40,104
04/23/2001,ERI,PA,AEA,CE,Towers with Radar,9,24,23,4,60,0,0,0,4,4,9,24,23,8,64,18,4,22,86
04/24/2001,ERI,PA,AEA,CE,Towers with Radar,10,28,24,9,71,0,0,10,0,10,10,28,34,9,81,13,8,21,102
04/25/2001,ERI,PA,AEA,CE,Towers with Radar,10,29,30,5,74,1,2,54,3,60,11,31,84,8,134,58,0,58,192
04/26/2001,ERI,PA,AEA,CE,Towers with Radar,9,28,31,0,68,0,0,71,0,71,9,28,102,0,139,50,0,50,189
04/27/2001,ERI,PA,AEA,CE,Towers with Radar,8,26,37,5,76,0,0,48,16,64,8,26,85,21,140,60,20,80,220
04/28/2001,ERI,PA,AEA,CE,Towers with Radar,8,24,25,0,57,0,0,72,0,72,8,24,97,0,129,74,0,74,203
04/29/2001,ERI,PA,AEA,CE,Towers with Radar,9,22,27,0,58,0,0,89,0,89,9,22,116,0,147,70,0,70,217
04/30/2001,ERI,PA,AEA,CE,Towers with Radar,8,25,26,3,62,0,0,68,3,71,8,25,94,6,133,54,3,57,190
05/01/2001,ERI,PA,AEA,CE,Towers with Radar,12,25,35,5,77,0,0,26,14,40,12,25,61,19,117,12,22,34,151
05/02/2001,ERI,PA,AEA,CE,Towers with Radar,8,25,30,4,67,0,0,37,21,58,8,25,67,25,125,44,20,64,189
05/03/2001,ERI,PA,AEA,CE,Towers with Radar,10,28,36,5,79,0,0,21,17,38,10,28,57,22,117,34,12,46,163
05/04/2001,ERI,PA,AEA,CE,Towers with Radar,9,26,36,5,76,0,0,8,9,17,9,26,44,14,93,0,12,12,105
05/05/2001,ERI,PA,AEA,CE,Towers with Radar,8,18,22,0,48,2,4,49,0,55,10,22,71,0,103,26,0,26,129
05/06/2001,ERI,PA,AEA,CE,Towers with Radar,7,17,21,2,47,1,2,80,0,83,8,19,101,2,130,57,0,57,187
05/07/2001,ERI,PA,AEA,CE,Towers with Radar,8,21,26,1,56,2,0,25,0,27,10,21,51,1,83,25,0,25,108
05/08/2001,ERI,PA,AEA,CE,Towers with Radar,8,24,29,0,61,4,1,2,0,7,12,25,31,0,68,12,0,12,80
05/09/2001,ERI,PA,AEA,CE,Towers with Radar,10,31,41,6,88,0,0,65,5,70,10,31,106,11,158,82,0,82,240
05/10/2001,ERI,PA,AEA,CE,Towers with Radar,11,31,40,6,88,0,0,49,6,55,11,31,89,12,143,25,22,47,190
05/11/2001,ERI,PA,AEA,CE,Towers with Radar,9,25,28,2,64,1,5,0,0,6,10,30,28,2,70,18,0,18,88
05/12/2001,ERI,PA,AEA,CE,Towers with Radar,13,25,19,0,57,0,1,3,0,4,13,26,22,0,61,10,0,10,71
05/13/2001,ERI,PA,AEA,CE,Towers with Radar,5,16,20,0,41,5,4,71,0,80,10,20,91,0,121,74,2,76,197
05/14/2001,ERI,PA,AEA,CE,Towers with Radar,8,23,31,0,62,0,0,39,0,39,8,23,70,0,101,37,0,37,138
05/15/2001,ERI,PA,AEA,CE,Towers with Radar,8,26,40,6,80,0,0,12,0,12,8,26,52,6,92,8,0,8,100
05/16/2001,ERI,PA,AEA,CE,Towers with Radar,9,26,32,0,67,0,5,22,0,27,9,31,54,0,94,28,0,28,122
05/17/2001,ERI,PA,AEA,CE,Towers with Radar,9,31,33,0,73,0,2,0,0,2,9,33,33,0,75,15,0,15,90
05/18/2001,ERI,PA,AEA,CE,Towers with Radar,9,21,40,0,70,0,1,10,0,11,9,22,50,0,81,14,0,14,95
05/19/2001,ERI,PA,AEA,CE,Towers with Radar,7,20,25,0,52,1,3,35,0,39,8,23,60,0,91,28,0,28,119
05/20/2001,ERI,PA,AEA,CE,Towers with Radar,6,19,21,0,46,3,0,70,0,73,9,19,91,0,119,72,0,72,191
05/21/2001,ERI,PA,AEA,CE,Towers with Radar,8,22,22,0,52,0,0,3,0,3,8,22,25,0,55,0,0,0,55
05/22/2001,ERI,PA,AEA,CE,Towers with Radar,9,25,25,0,59,0,8,0,0,8,9,33,25,0,67,0,0,0,67
05/23/2001,ERI,PA,AEA,CE,Towers with Radar,10,32,37,5,84,0,1,21,0,22,10,33,58,5,106,20,4,24,130
05/24/2001,ERI,PA,AEA,CE,Towers with Radar,9,28,32,0,69,0,29,38,0,67,9,57,70,0,136,10,0,10,146
05/25/2001,ERI,PA,AEA,CE,Towers with Radar,7,27,32,0,66,0,0,0,0,0,7,27,32,0,66,4,0,4,70
05/26/2001,ERI,PA,AEA,CE,Towers with Radar,7,21,17,0,45,2,0,0,0,2,9,21,17,0,47,0,0,0,47
05/27/2001,ERI,PA,AEA,CE,Towers with Radar,5,15,14,2,36,3,3,0,0,6,8,18,14,2,42,2,0,2,44
05/28/2001,ERI,PA,AEA,CE,Towers with Radar,8,13,27,0,48,1,0,14,0,15,9,13,41,0,63,4,0,4,67
05/29/2001,ERI,PA,AEA,CE,Towers with Radar,8,28,34,5,75,0,0,0,4,4,8,28,34,9,79,50,11,61,140
05/30/2001,ERI,PA,AEA,CE,Towers with Radar,9,28,32,5,74,1,1,61,3,66,10,29,93,8,140,58,8,66,206
05/31/2001,ERI,PA,AEA,CE,Towers with Radar,8,28,32,0,68,0,4,78,0,82,8,32,110,0,150,65,0,65,215
06/01/2001,ERI,PA,AEA,CE,Towers with Radar,10,22,31,0,63,0,1,17,0,18,10,23,48,0,81,24,0,24,105
06/02/2001,ERI,PA,AEA,CE,Towers with Radar,8,16,23,0,47,2,4,16,0,22,10,20,39,0,69,8,0,8,77
06/03/2001,ERI,PA,AEA,CE,Towers with Radar,6,13,16,0,35,3,4,0,0,7,9,17,16,0,42,6,0,6,48
06/04/2001,ERI,PA,AEA,CE,Towers with Radar,9,20,30,0,59,0,0,46,0,46,9,20,76,0,105,6,0,6,111
06/05/2001,ERI,PA,AEA,CE,Towers with Radar,6,17,25,3,51,0,9,11,8,28,6,26,36,11,79,24,10,34,113
06/06/2001,ERI,PA,AEA,CE,Towers with Radar,9,22,34,2,67,0,0,35,0,35,9,22,69,2,102,38,0,38,140
06/07/2001,ERI,PA,AEA,CE,Towers with Radar,9,27,38,0,74,0,12,63,0,75,9,39,101,0,149,44,0,44,193
06/08/2001,ERI,PA,AEA,CE,Towers with Radar,9,23,34,4,70,0,2,30,34,66,9,25,64,38,136,24,18,42,178
06/09/2001,ERI,PA,AEA,CE,Towers with Radar,6,14,21,0,41,3,9,43,0,55,9,23,64,0,96,40,0,40,136
06/10/2001,ERI,PA,AEA,CE,Towers with Radar,7,15,23,0,45,1,3,55,0,59,8,18,78,0,104,44,0,44,148
06/11/2001,ERI,PA,AEA,CE,Towers with Radar,8,21,39,4,72,0,1,18,4,23,8,22,57,8,95,18,4,22,117
06/12/2001,ERI,PA,AEA,CE,Towers with Radar,8,20,29,0,57,0,5,15,0,20,8,25,44,0,77,16,0,16,93
06/13/2001,ERI,PA,AEA,CE,Towers with Radar,11,25,40,0,76,1,0,73,0,74,12,25,113,0,150,74,0,74,224
06/14/2001,ERI,PA,AEA,CE,Towers with Radar,6,22,36,5,69,0,0,56,6,62,6,22,92,11,131,35,14,49,180
06/15/2001,ERI,PA,AEA,CE,Towers with Radar,8,19,28,0,55,1,2,11,0,14,9,21,39,0,69,44,0,44,113
06/16/2001,ERI,PA,AEA,CE,Towers with Radar,6,14,19,0,39,2,0,12,0,14,8,14,31,0,53,20,0,20,73
06/17/2001,ERI,PA,AEA,CE,Towers with Radar,5,14,20,3,42,0,0,65,0,65,5,14,85,3,107,64,0,64,171
06/18/2001,ERI,PA,AEA,CE,Towers with Radar,8,19,33,4,64,0,0,54,11,65,8,19,87,15,129,67,20,87,216
06/19/2001,ERI,PA,AEA,CE,Towers with Radar,9,21,31,0,61,0,0,37,0,37,9,21,68,0,98,72,0,72,170
06/20/2001,ERI,PA,AEA,CE,Towers with Radar,9,25,35,5,74,0,0,0,10,10,9,25,35,15,84,10,8,18,102
06/21/2001,ERI,PA,AEA,CE,Towers with Radar,11,26,38,0,75,1,0,14,0,15,12,26,52,0,90,34,0,34,124
06/22/2001,ERI,PA,AEA,CE,Towers with Radar,9,24,45,0,78,0,0,8,0,8,9,24,53,0,86,28,0,28,114
06/23/2001,ERI,PA,AEA,CE,Towers with Radar,6,17,24,0,47,2,0,7,0,9,8,17,31,0,56,25,0,25,81
06/24/2001,ERI,PA,AEA,CE,Towers with Radar,7,11,24,2,44,4,0,50,0,54,11,11,74,2,98,33,0,33,131
06/25/2001,ERI,PA,AEA,CE,Towers with Radar,8,18,29,4,59,1,0,57,6,64,9,18,86,10,123,75,22,97,220
06/26/2001,ERI,PA,AEA,CE,Towers with Radar,7,21,30,3,61,0,0,58,3,61,7,21,88,6,122,42,8,50,172
06/27/2001,ERI,PA,AEA,CE,Towers with Radar,8,20,34,4,66,0,0,35,4,39,8,20,69,8,105,32,8,40,145
06/28/2001,ERI,PA,AEA,CE,Towers with Radar,9,19,32,2,62,1,0,13,0,14,10,19,45,2,76,9,0,9,85
06/29/2001,ERI,PA,AEA,CE,Towers with Radar,8,19,35,4,66,0,0,46,9,55,8,19,81,13,121,54,6,60,181
06/30/2001,ERI,PA,AEA,CE,Towers with Radar,6,15,21,0,42,3,0,20,0,23,9,15,41,0,65,32,0,32,97
07/01/2001,ERI,PA,AEA,CE,Towers with Radar,4,10,19,0,33,3,9,6,0,18,7,19,25,0,51,2,0,2,53
07/02/2001,ERI,PA,AEA,CE,Towers with Radar,8,17,31,0,56,0,1,54,0,55,8,18,85,0,111,34,0,34,145
07/03/2001,ERI,PA,AEA,CE,Towers with Radar,9,18,34,0,61,0,4,23,0,27,9,22,57,0,88,26,0,26,114
07/04/2001,ERI,PA,AEA,CE,Towers with Radar,5,12,23,0,40,4,2,20,0,26,9,14,43,0,66,12,0,12,78
07/05/2001,ERI,PA,AEA,CE,Towers with Radar,9,18,37,3,67,3,0,51,7,61,12,18,88,10,128,40,10,50,178
07/06/2001,ERI,PA,AEA,CE,Towers with Radar,8,18,35,2,63,0,2,59,0,61,8,20,94,2,124,70,2,72,196
07/07/2001,ERI,PA,AEA,CE,Towers with Radar,7,12,25,0,44,1,6,36,0,43,8,18,61,0,87,16,0,16,103
07/08/2001,ERI,PA,AEA,CE,Towers with Radar,8,15,31,0,54,1,1,12,0,14,9,16,43,0,68,28,1,29,97
07/09/2001,ERI,PA,AEA,CE,Towers with Radar,10,20,40,2,72,0,0,67,0,67,10,20,107,2,139,36,0,36,175
07/10/2001,ERI,PA,AEA,CE,Towers with Radar,10,19,26,12,67,0,1,22,7,30,10,20,48,19,97,22,8,30,127
07/11/2001,ERI,PA,AEA,CE,Towers with Radar,8,25,49,0,82,0,0,42,0,42,8,25,91,0,124,10,0,10,134
07/12/2001,ERI,PA,AEA,CE,Towers with Radar,9,18,36,0,63,0,2,43,0,45,9,20,79,0,108,40,0,40,148
07/13/2001,ERI,PA,AEA,CE,Towers with Radar,9,17,39,3,68,0,0,43,9,52,9,17,82,12,120,26,12,38,158
07/14/2001,ERI,PA,AEA,CE,Towers with Radar,6,16,26,0,48,2,5,43,0,50,8,21,69,0,98,56,0,56,154
07/15/2001,ERI,PA,AEA,CE,Towers with Radar,6,13,24,1,44,2,2,65,1,70,8,15,89,2,114,34,10,44,158
07/16/2001,ERI,PA,AEA,CE,Towers with Radar,9,17,27,0,53,0,0,44,0,44,9,17,71,0,97,6,0,6,103
07/17/2001,ERI,PA,AEA,CE,Towers with Radar,8,20,37,2,67,0,3,19,11,33,8,23,56,13,100,62,8,70,170
07/18/2001,ERI,PA,AEA,CE,Towers with Radar,9,20,42,3,74,0,0,18,5,23,9,20,60,8,97,44,8,52,149
07/19/2001,ERI,PA,AEA,CE,Towers with Radar,8,20,40,0,68,0,0,26,0,26,8,20,66,0,94,24,0,24,118
07/20/2001,ERI,PA,AEA,CE,Towers with Radar,9,22,40,2,73,0,0,67,0,67,9,22,107,2,140,78,0,78,218
07/21/2001,ERI,PA,AEA,CE,Towers with Radar,7,15,27,0,49,1,0,38,0,39,8,15,65,0,88,16,0,16,104
07/22/2001,ERI,PA,AEA,CE,Towers with Radar,8,13,44,0,65,0,0,50,0,50,8,13,94,0,115,54,0,54,169
07/23/2001,ERI,PA,AEA,CE,Towers with Radar,9,21,39,0,69,1,3,55,0,59,10,24,94,0,128,93,0,93,221
07/24/2001,ERI,PA,AEA,CE,Towers with Radar,7,20,39,3,69,0,0,38,2,40,7,20,77,5,109,26,4,30,139
07/25/2001,ERI,PA,AEA,CE,Towers with Radar,6,19,38,2,65,0,0,29,0,29,6,19,67,2,94,22,0,22,116
07/26/2001,ERI,PA,AEA,CE,Towers with Radar,8,20,46,3,77,0,0,42,1,43,8,20,88,4,120,18,4,22,142
07/27/2001,ERI,PA,AEA,CE,Towers with Radar,9,21,40,0,70,0,0,88,0,88,9,21,128,0,158,86,0,86,244
07/28/2001,ERI,PA,AEA,CE,Towers with Radar,8,14,32,1,55,4,0,73,0,77,12,14,105,1,132,50,6,56,188
07/29/2001,ERI,PA,AEA,CE,Towers with Radar,10,10,40,1,61,0,0,30,0,30,10,10,70,1,91,50,0,50,141
07/30/2001,ERI,PA,AEA,CE,Towers with Radar,10,21,42,2,75,0,0,86,0,86,10,21,128,2,161,20,0,20,181
07/31/2001,ERI,PA,AEA,CE,Towers with Radar,8,17,33,2,60,2,3,56,7,68,10,20,89,9,128,28,8,36,164
08/01/2001,ERI,PA,AEA,CE,Towers with Radar,7,20,40,5,72,0,2,35,2,39,7,22,75,7,111,52,6,58,169
08/02/2001,ERI,PA,AEA,CE,Towers with Radar,8,22,43,5,78,0,2,41,7,50,8,24,84,12,128,41,20,61,189
08/03/2001,ERI,PA,AEA,CE,Towers with Radar,9,20,50,6,85,0,0,12,11,23,9,20,62,17,108,48,26,74,182
08/04/2001,ERI,PA,AEA,CE,Towers with Radar,7,17,34,0,58,0,0,33,0,33,7,17,67,0,91,50,0,50,141
08/05/2001,ERI,PA,AEA,CE,Towers with Radar,7,13,27,3,50,0,0,91,4,95,7,13,118,7,145,51,10,61,206
08/06/2001,ERI,PA,AEA,CE,Towers with Radar,8,16,34,0,58,0,0,44,0,44,8,16,78,0,102,38,0,38,140
08/07/2001,ERI,PA,AEA,CE,Towers with Radar,11,19,44,0,74,0,0,69,0,69,11,19,113,0,143,46,0,46,189
08/08/2001,ERI,PA,AEA,CE,Towers with Radar,8,19,45,6,78,0,0,50,9,59,8,19,95,15,137,68,20,88,225
08/09/2001,ERI,PA,AEA,CE,Towers with Radar,8,27,53,0,88,0,1,51,0,52,8,28,104,0,140,72,0,72,212
08/10/2001,ERI,PA,AEA,CE,Towers with Radar,8,15,38,5,66,0,0,30,4,34,8,15,68,9,100,32,6,38,138
08/11/2001,ERI,PA,AEA,CE,Towers with Radar,7,13,27,0,47,1,5,76,0,82,8,18,103,0,129,47,0,47,176
08/12/2001,ERI,PA,AEA,CE,Towers with Radar,6,11,25,0,42,4,0,8,0,12,10,11,33,0,54,20,0,20,74
08/13/2001,ERI,PA,AEA,CE,Towers with Radar,8,18,36,0,62,0,2,57,0,59,8,20,93,0,121,20,0,20,141
08/14/2001,ERI,PA,AEA,CE,Towers with Radar,8,21,38,2,69,0,3,58,0,61,8,24,96,2,130,36,0,36,166
08/15/2001,ERI,PA,AEA,CE,Towers with Radar,8,19,46,6,79,0,0,76,45,121,8,19,122,51,200,72,18,90,290
08/16/2001,ERI,PA,AEA,CE,Towers with Radar,8,20,37,0,65,0,0,28,0,28,8,20,65,0,93,8,0,8,101
08/17/2001,ERI,PA,AEA,CE,Towers with Radar,6,18,39,6,69,0,0,27,5,32,6,18,66,11,101,22,10,32,133
08/18/2001,ERI,PA,AEA,CE,Towers with Radar,6,14,25,0,45,3,4,35,0,42,9,18,60,0,87,46,0,46,133
08/19/2001,ERI,PA,AEA,CE,Towers with Radar,7,16,27,0,50,6,1,0,0,7,13,17,27,0,57,8,0,8,65
08/20/2001,ERI,PA,AEA,CE,Towers with Radar,7,18,39,0,64,0,0,14,0,14,7,18,53,0,78,10,0,10,88
08/21/2001,ERI,PA,AEA,CE,Towers with Radar,8,20,36,3,67,0,3,28,0,31,8,23,64,3,98,5,4,9,107
08/22/2001,ERI,PA,AEA,CE,Towers with Radar,8,21,38,6,73,0,2,27,3,32,8,23,65,9,105,6,8,14,119
08/23/2001,ERI,PA,AEA,CE,Towers with Radar,8,19,41,2,70,0,0,1,0,1,8,19,42,2,71,6,2,8,79
08/24/2001,ERI,PA,AEA,CE,Towers with Radar,8,21,38,6,73,0,0,29,1,30,8,21,67,7,103,12,14,26,129
08/25/2001,ERI,PA,AEA,CE,Towers with Radar,6,14,25,1,46,5,1,33,0,39,11,15,58,1,85,34,0,34,119
08/26/2001,ERI,PA,AEA,CE,Towers with Radar,4,11,19,0,34,5,1,7,0,13,9,12,26,0,47,0,0,0,47
08/27/2001,ERI,PA,AEA,CE,Towers with Radar,8,20,37,0,65,4,1,39,0,44,12,21,76,0,109,42,0,42,151
08/28/2001,ERI,PA,AEA,CE,Towers with Radar,8,20,36,6,70,0,3,25,5,33,8,23,61,11,103,24,18,42,145
08/29/2001,ERI,PA,AEA,CE,Towers with Radar,8,18,36,5,67,3,0,51,3,57,11,18,87,8,124,80,8,88,212
08/30/2001,ERI,PA,AEA,CE,Towers with Radar,8,19,34,0,61,1,1,49,0,51,9,20,83,0,112,62,0,62,174
08/31/2001,ERI,PA,AEA,CE,Towers with Radar,6,15,20,1,42,2,10,0,0,12,8,25,20,1,54,12,0,12,66
09/01/2001,ERI,PA,AEA,CE,Towers with Radar,8,19,32,0,59,2,0,50,0,52,10,19,82,0,111,62,0,62,173
09/02/2001,ERI,PA,AEA,CE,Towers with Radar,5,9,19,0,33,3,0,99,0,102,8,9,118,0,135,51,0,51,186
09/03/2001,ERI,PA,AEA,CE,Towers with Radar,6,14,24,0,44,3,0,81,0,84,9,14,105,0,128,62,0,62,190
09/04/2001,ERI,PA,AEA,CE,Towers with Radar,8,18,31,2,59,0,1,29,5,35,8,19,60,7,94,30,6,36,130
09/05/2001,ERI,PA,AEA,CE,Towers with Radar,7,18,29,0,54,2,3,77,0,82,9,21,106,0,136,50,0,50,186
09/06/2001,ERI,PA,AEA,CE,Towers with Radar,10,21,38,0,69,0,0,59,0,59,10,21,97,0,128,50,0,50,178
09/07/2001,ERI,PA,AEA,CE,Towers with Radar,9,18,36,2,65,0,0,23,0,23,9,18,59,2,88,22,2,24,112
09/08/2001,ERI,PA,AEA,CE,Towers with Radar,6,15,25,2,48,2,6,20,10,38,8,21,45,12,86,64,4,68,154
09/09/2001,ERI,PA,AEA,CE,Towers with Radar,6,13,22,0,41,3,2,35,0,40,9,15,57,0,81,79,0,79,160
09/10/2001,ERI,PA,AEA,CE,Towers with Radar,7,14,27,2,50,2,0,0,7,9,9,14,27,9,59,10,10,20,79
09/11/2001,ERI,PA,AEA,CE,Towers with Radar,3,7,12,0,22,2,3,6,0,11,5,10,18,0,33,12,0,12,45
09/12/2001,ERI,PA,AEA,CE,Towers with Radar,0,0,0,0,0,0,0,0,0,0,0,0,0,0,0,0,0,0,0
09/13/2001,ERI,PA,AEA,CE,Towers with Radar,0,1,0,0,1,0,1,0,0,1,0,2,0,0,2,0,0,0,2
09/14/2001,ERI,PA,AEA,CE,Towers with Radar,3,9,11,0,23,0,10,0,0,10,3,19,11,0,33,0,0,0,33
09/15/2001,ERI,PA,AEA,CE,Towers with Radar,2,16,16,2,36,0,5,0,7,12,2,21,16,9,48,0,0,0,48
09/16/2001,ERI,PA,AEA,CE,Towers with Radar,5,13,15,0,33,2,0,0,0,2,7,13,15,0,35,0,0,0,35
09/17/2001,ERI,PA,AEA,CE,Towers with Radar,7,19,30,0,56,1,3,0,0,4,8,22,30,0,60,0,0,0,60
09/18/2001,ERI,PA,AEA,CE,Towers with Radar,7,21,30,0,58,0,5,0,0,5,7,26,30,0,63,0,0,0,63
09/19/2001,ERI,PA,AEA,CE,Towers with Radar,8,27,36,4,75,0,0,0,13,13,8,27,36,17,88,2,10,12,100
09/20/2001,ERI,PA,AEA,CE,Towers with Radar,6,25,38,0,69,0,0,20,0,20,6,25,58,0,89,20,0,20,109
09/21/2001,ERI,PA,AEA,CE,Towers with Radar,5,19,29,0,53,0,1,6,0,7,5,20,35,0,60,2,0,2,62
09/22/2001,ERI,PA,AEA,CE,Towers with Radar,6,15,25,3,49,0,0,34,15,49,6,15,59,18,98,58,20,78,176
09/23/2001,ERI,PA,AEA,CE,Towers with Radar,4,16,23,0,43,0,1,58,0,59,4,17,81,0,102,54,0,54,156
09/24/2001,ERI,PA,AEA,CE,Towers with Radar,5,17,30,0,52,0,0,15,0,15,5,17,45,0,67,4,0,4,71
09/25/2001,ERI,PA,AEA,CE,Towers with Radar,6,23,35,0,64,0,4,0,0,4,6,27,35,0,68,0,0,0,68
09/26/2001,ERI,PA,AEA,CE,Towers with Radar,9,22,24,1,56,3,0,0,0,3,12,22,24,1,59,0,0,0,59
09/27/2001,ERI,PA,AEA,CE,Towers with Radar,5,22,42,0,69,0,0,3,0,3,5,22,45,0,72,28,0,28,100
09/28/2001,ERI,PA,AEA,CE,Towers with Radar,6,23,39,3,71,0,0,42,0,42,6,23,81,3,113,58,2,60,173
09/29/2001,ERI,PA,AEA,CE,Towers with Radar,5,15,23,0,43,3,0,59,0,62,8,15,82,0,105,62,0,62,167
09/30/2001,ERI,PA,AEA,CE,Towers with Radar,6,13,33,1,53,0,0,64,0,64,6,13,97,1,117,20,0,20,137
10/01/2001,ERI,PA,AEA,CE,Towers with Radar,6,20,43,9,78,0,0,121,0,121,6,20,164,9,199,82,20,102,301
10/02/2001,ERI,PA,AEA,CE,Towers with Radar,6,28,42,9,85,0,2,28,18,48,6,30,70,27,133,64,16,80,213
10/03/2001,ERI,PA,AEA,CE,Towers with Radar,6,26,39,0,71,0,5,36,0,41,6,31,75,0,112,68,0,68,180
10/04/2001,ERI,PA,AEA,CE,Towers with Radar,5,21,41,17,84,1,1,13,0,15,6,22,54,17,99,6,12,18,117
10/05/2001,ERI,PA,AEA,CE,Towers with Radar,6,20,30,6,62,0,3,9,8,20,6,23,39,14,82,0,14,14,96
10/06/2001,ERI,PA,AEA,CE,Towers with Radar,3,10,15,0,28,3,5,3,0,11,6,15,18,0,39,0,0,0,39
10/07/2001,ERI,PA,AEA,CE,Towers with Radar,3,10,15,0,28,4,1,6,0,11,7,11,21,0,39,0,0,0,39
10/08/2001,ERI,PA,AEA,CE,Towers with Radar,6,14,26,0,46,2,0,49,0,51,8,14,75,0,97,72,0,72,169
10/09/2001,ERI,PA,AEA,CE,Towers with Radar,8,19,36,7,70,0,0,73,15,88,8,19,109,22,158,78,18,96,254
10/10/2001,ERI,PA,AEA,CE,Towers with Radar,6,18,28,0,52,2,5,50,0,57,8,23,78,0,109,61,0,61,170
10/11/2001,ERI,PA,AEA,CE,Towers with Radar,8,22,35,6,71,0,3,13,0,16,8,25,48,6,87,6,4,10,97
10/12/2001,ERI,PA,AEA,CE,Towers with Radar,8,26,21,6,61,0,0,11,9,20,8,26,32,15,81,10,10,20,101
10/13/2001,ERI,PA,AEA,CE,Towers with Radar,4,12,18,0,34,4,1,30,0,35,8,13,48,0,69,48,0,48,117
10/14/2001,ERI,PA,AEA,CE,Towers with Radar,7,13,15,0,35,1,0,0,0,1,8,13,15,0,36,0,0,0,36
10/15/2001,ERI,PA,AEA,CE,Towers with Radar,8,17,29,6,60,0,0,29,0,29,8,17,58,6,89,28,8,36,125
10/16/2001,ERI,PA,AEA,CE,Towers with Radar,8,18,29,0,55,0,1,1,0,2,8,19,30,0,57,0,0,0,57
10/17/2001,ERI,PA,AEA,CE,Towers with Radar,6,15,22,5,48,2,10,7,0,19,8,25,29,5,67,10,4,14,81
10/18/2001,ERI,PA,AEA,CE,Towers with Radar,8,25,42,8,83,0,0,63,0,63,8,25,105,8,146,70,10,80,226
10/19/2001,ERI,PA,AEA,CE,Towers with Radar,8,22,35,0,65,0,0,40,0,40,8,22,75,0,105,74,0,74,179
10/20/2001,ERI,PA,AEA,CE,Towers with Radar,5,12,19,0,36,3,3,58,0,64,8,15,77,0,100,70,0,70,170
10/21/2001,ERI,PA,AEA,CE,Towers with Radar,4,8,18,0,30,4,0,17,0,21,8,8,35,0,51,32,0,32,83
10/22/2001,ERI,PA,AEA,CE,Towers with Radar,5,13,21,2,41,3,0,19,0,22,8,13,40,2,63,34,2,36,99
10/23/2001,ERI,PA,AEA,CE,Towers with Radar,8,16,35,0,59,0,1,4,0,5,8,17,39,0,64,4,0,4,68
10/24/2001,ERI,PA,AEA,CE,Towers with Radar,8,29,47,0,84,0,2,29,0,31,8,31,76,0,115,56,8,64,179
10/25/2001,ERI,PA,AEA,CE,Towers with Radar,8,20,30,0,58,0,8,9,0,17,8,28,39,0,75,24,0,24,99
10/26/2001,ERI,PA,AEA,CE,Towers with Radar,8,21,19,0,48,0,1,2,0,3,8,22,21,0,51,6,0,6,57
10/27/2001,ERI,PA,AEA,CE,Towers with Radar,3,8,12,0,23,5,5,2,0,12,8,13,14,0,35,4,0,4,39
10/28/2001,ERI,PA,AEA,CE,Towers with Radar,4,8,17,1,30,6,0,63,0,69,10,8,80,1,99,76,0,76,175
10/29/2001,ERI,PA,AEA,CE,Towers with Radar,7,12,27,5,51,1,0,32,1,34,8,12,59,6,85,46,4,50,135
10/30/2001,ERI,PA,AEA,CE,Towers with Radar,8,20,31,5,64,3,0,50,2,55,11,20,81,7,119,46,4,50,169
10/31/2001,ERI,PA,AEA,CE,Towers with Radar,8,23,37,7,75,0,0,17,26,43,8,23,54,33,118,2,26,28,146
11/01/2001,ERI,PA,AEA,CE,Towers with Radar,8,24,35,2,69,0,1,8,2,11,8,25,43,4,80,12,4,16,96
11/02/2001,ERI,PA,AEA,CE,Towers with Radar,8,18,26,1,53,0,0,17,2,19,8,18,43,3,72,24,14,38,110
11/03/2001,ERI,PA,AEA,CE,Towers with Radar,8,12,26,0,46,0,0,77,0,77,8,12,103,0,123,78,0,78,201
11/04/2001,ERI,PA,AEA,CE,Towers with Radar,6,9,19,0,34,3,0,41,0,44,9,9,60,0,78,36,0,36,114
11/05/2001,ERI,PA,AEA,CE,Towers with Radar,7,14,20,1,42,0,2,8,2,12,7,16,28,3,54,16,10,26,80
11/06/2001,ERI,PA,AEA,CE,Towers with Radar,8,28,41,2,79,0,1,68,2,71,8,29,109,4,150,52,0,52,202
11/07/2001,ERI,PA,AEA,CE,Towers with Radar,8,23,33,2,66,0,4,34,2,40,8,27,67,4,106,76,0,76,182
11/08/2001,ERI,PA,AEA,CE,Towers with Radar,8,19,27,1,55,0,2,15,0,17,8,21,42,1,72,18,0,18,90
11/09/2001,ERI,PA,AEA,CE,Towers with Radar,9,20,29,0,58,0,4,18,0,22,9,24,47,0,80,12,0,12,92
11/10/2001,ERI,PA,AEA,CE,Towers with Radar,6,13,19,0,38,2,2,42,0,46,8,15,61,0,84,46,0,46,130
11/11/2001,ERI,PA,AEA,CE,Towers with Radar,8,18,29,0,55,0,0,48,0,48,8,18,77,0,103,64,0,64,167
11/12/2001,ERI,PA,AEA,CE,Towers with Radar,7,16,21,0,44,3,5,15,0,23,10,21,36,0,67,22,0,22,89
11/13/2001,ERI,PA,AEA,CE,Towers with Radar,8,26,35,0,69,0,0,56,0,56,8,26,91,0,125,43,0,43,168
11/14/2001,ERI,PA,AEA,CE,Towers with Radar,8,28,34,3,73,0,0,0,19,19,8,28,34,22,92,8,18,26,118
11/15/2001,ERI,PA,AEA,CE,Towers with Radar,7,22,35,3,67,0,0,19,7,26,7,22,54,10,93,24,12,36,129
11/16/2001,ERI,PA,AEA,CE,Towers with Radar,8,19,30,0,57,0,0,30,0,30,8,19,60,0,87,2,0,2,89
11/17/2001,ERI,PA,AEA,CE,Towers with Radar,8,20,27,0,55,1,4,90,0,95,9,24,117,0,150,64,0,64,214
11/18/2001,ERI,PA,AEA,CE,Towers with Radar,6,12,22,0,40,4,0,65,0,69,10,12,87,0,109,90,0,90,199
11/19/2001,ERI,PA,AEA,CE,Towers with Radar,7,18,24,0,49,1,0,0,0,1,8,18,24,0,50,4,0,4,54
11/20/2001,ERI,PA,AEA,CE,Towers with Radar,8,20,26,0,54,0,0,1,0,1,8,20,27,0,55,2,0,2,57
11/21/2001,ERI,PA,AEA,CE,Towers with Radar,8,21,29,3,61,0,0,28,1,29,8,21,57,4,90,60,0,60,150
11/22/2001,ERI,PA,AEA,CE,Towers with Radar,3,8,11,0,22,5,0,32,0,37,8,8,43,0,59,4,0,4,63
11/23/2001,ERI,PA,AEA,CE,Towers with Radar,5,13,19,0,37,3,0,54,0,57,8,13,73,0,94,40,0,40,134
11/24/2001,ERI,PA,AEA,CE,Towers with Radar,5,12,17,0,34,3,4,8,0,15,8,16,25,0,49,14,0,14,63
11/25/2001,ERI,PA,AEA,CE,Towers with Radar,6,9,21,0,36,4,0,20,0,24,10,9,41,0,60,16,0,16,76
11/26/2001,ERI,PA,AEA,CE,Towers with Radar,8,14,26,0,48,0,0,39,0,39,8,14,65,0,87,36,0,36,123
11/27/2001,ERI,PA,AEA,CE,Towers with Radar,8,19,14,0,41,1,7,0,0,8,9,26,14,0,49,4,0,4,53
11/28/2001,ERI,PA,AEA,CE,Towers with Radar,8,20,8,0,36,0,7,0,0,7,8,27,8,0,43,6,0,6,49
11/29/2001,ERI,PA,AEA,CE,Towers with Radar,8,20,22,0,50,1,4,0,0,5,9,24,22,0,55,0,0,0,55
11/30/2001,ERI,PA,AEA,CE,Towers with Radar,8,22,29,0,59,0,4,0,0,4,8,26,29,0,63,2,0,2,65
12/01/2001,ERI,PA,AEA,CE,Towers with Radar,5,18,19,0,42,1,9,10,0,20,6,27,29,0,62,36,0,36,98
12/02/2001,ERI,PA,AEA,CE,Towers with Radar,4,10,22,3,39,0,0,80,13,93,4,10,102,16,132,84,19,103,235
12/03/2001,ERI,PA,AEA,CE,Towers with Radar,7,17,18,0,42,1,4,20,0,25,8,21,38,0,67,18,0,18,85
12/04/2001,ERI,PA,AEA,CE,Towers with Radar,8,25,29,6,68,0,0,46,9,55,8,25,75,15,123,46,16,62,185
12/05/2001,ERI,PA,AEA,CE,Towers with Radar,8,18,27,5,58,0,2,31,0,33,8,20,58,5,91,44,4,48,139
12/06/2001,ERI,PA,AEA,CE,Towers with Radar,8,24,34,7,73,0,0,8,15,23,8,24,42,22,96,36,26,62,158
12/07/2001,ERI,PA,AEA,CE,Towers with Radar,8,20,20,0,48,0,5,66,0,71,8,25,86,0,119,59,0,59,178
12/08/2001,ERI,PA,AEA,CE,Towers with Radar,8,19,19,0,46,0,1,27,0,28,8,20,46,0,74,28,0,28,102
12/09/2001,ERI,PA,AEA,CE,Towers with Radar,6,9,15,0,30,2,0,4,0,6,8,9,19,0,36,24,0,24,60
12/10/2001,ERI,PA,AEA,CE,Towers with Radar,7,17,18,2,44,1,5,30,0,36,8,22,48,2,80,29,0,29,109
12/11/2001,ERI,PA,AEA,CE,Towers with Radar,8,28,29,4,69,0,0,50,0,50,8,28,79,4,119,78,2,80,199
12/12/2001,ERI,PA,AEA,CE,Towers with Radar,8,31,31,5,75,0,3,12,2,17,8,34,43,7,92,44,8,52,144
12/13/2001,ERI,PA,AEA,CE,Towers with Radar,8,24,24,0,56,0,0,17,0,17,8,24,41,0,73,4,0,4,77
12/14/2001,ERI,PA,AEA,CE,Towers with Radar,9,33,33,0,75,0,4,3,0,7,9,37,36,0,82,0,0,0,82
12/15/2001,ERI,PA,AEA,CE,Towers with Radar,7,18,18,0,43,1,6,69,0,76,8,24,87,0,119,117,0,117,236
12/16/2001,ERI,PA,AEA,CE,Towers with Radar,8,15,21,0,44,0,0,52,0,52,8,15,73,0,96,92,0,92,188
12/17/2001,ERI,PA,AEA,CE,Towers with Radar,8,19,9,10,46,0,0,0,0,0,8,19,9,10,46,0,8,8,54
12/18/2001,ERI,PA,AEA,CE,Towers with Radar,10,19,18,4,51,0,0,0,3,3,10,19,18,7,54,0,6,6,60
12/19/2001,ERI,PA,AEA,CE,Towers with Radar,7,21,21,3,52,0,6,32,0,38,7,27,53,3,90,18,0,18,108
12/20/2001,ERI,PA,AEA,CE,Towers with Radar,8,25,31,11,75,0,0,0,5,5,8,25,31,16,80,8,16,24,104
12/21/2001,ERI,PA,AEA,CE,Towers with Radar,7,21,20,3,51,1,2,14,3,20,8,23,34,6,71,16,14,30,101
12/22/2001,ERI,PA,AEA,CE,Towers with Radar,6,18,18,0,42,3,6,93,0,102,9,24,111,0,144,65,0,65,209
12/23/2001,ERI,PA,AEA,CE,Towers with Radar,3,10,6,0,19,5,7,0,0,12,8,17,6,0,31,0,0,0,31
12/24/2001,ERI,PA,AEA,CE,Towers with Radar,2,9,8,0,19,6,5,6,0,17,8,14,14,0,36,10,0,10,46
12/25/2001,ERI,PA,AEA,CE,Towers with Radar,2,7,0,0,9,7,1,0,0,8,9,8,0,0,17,0,0,0,17
12/26/2001,ERI,PA,AEA,CE,Towers with Radar,7,18,25,0,50,0,0,12,0,12,7,18,37,0,62,10,0,10,72
12/27/2001,ERI,PA,AEA,CE,Towers with Radar,5,16,15,0,36,3,4,0,0,7,8,20,15,0,43,0,0,0,43
12/28/2001,ERI,PA,AEA,CE,Towers with Radar,7,20,20,0,47,2,0,30,0,32,9,20,50,0,79,20,0,20,99
12/29/2001,ERI,PA,AEA,CE,Towers with Radar,2,9,4,0,15,0,0,0,0,0,2,9,4,0,15,0,0,0,15
12/30/2001,ERI,PA,AEA,CE,Towers with Radar,2,12,7,0,21,0,0,0,0,0,2,12,7,0,21,0,0,0,21
12/31/2001,ERI,PA,AEA,CE,Towers with Radar,6,16,7,0,29,0,0,0,0,0,6,16,7,0,29,0,0,0,29
01/01/2002,ERI,PA,AEA,CE,Towers with Radar,7,10,3,0,20,1,0,1,0,2,8,10,4,0,22,0,0,0,22
01/02/2002,ERI,PA,AEA,CE,Towers with Radar,1,29,14,4,48,7,0,33,10,50,8,29,47,14,98,12,16,28,126
01/03/2002,ERI,PA,AEA,CE,Towers with Radar,1,21,15,4,41,6,0,22,1,29,7,21,37,5,70,10,4,14,84
01/04/2002,ERI,PA,AEA,CE,Towers with Radar,1,24,16,4,45,7,0,11,4,22,8,24,27,8,67,16,10,26,93
01/05/2002,ERI,PA,AEA,CE,Towers with Radar,1,16,13,3,33,7,0,39,3,49,8,16,52,6,82,44,2,46,128
01/06/2002,ERI,PA,AEA,CE,Towers with Radar,0,19,3,0,22,0,1,1,0,2,0,20,4,0,24,0,0,0,24
01/07/2002,ERI,PA,AEA,CE,Towers with Radar,0,26,11,0,37,0,4,0,0,4,0,30,11,0,41,0,0,0,41
01/08/2002,ERI,PA,AEA,CE,Towers with Radar,0,40,18,0,58,0,6,5,0,11,0,46,23,0,69,0,0,0,69
01/09/2002,ERI,PA,AEA,CE,Towers with Radar,0,39,17,5,61,0,5,7,5,17,0,44,24,10,78,8,5,13,91
01/10/2002,ERI,PA,AEA,CE,Towers with Radar,0,41,19,5,65,0,7,21,4,32,0,48,40,9,97,10,10,20,117
01/11/2002,ERI,PA,AEA,CE,Towers with Radar,0,33,15,2,50,0,10,2,0,12,0,43,17,2,62,2,0,2,64
01/12/2002,ERI,PA,AEA,CE,Towers with Radar,0,26,12,3,41,0,8,72,0,80,0,34,84,3,121,60,0,60,181
01/13/2002,ERI,PA,AEA,CE,Towers with Radar,0,23,1,0,24,0,5,0,0,5,0,28,1,0,29,8,0,8,37
01/14/2002,ERI,PA,AEA,CE,Towers with Radar,0,30,14,0,44,0,9,15,0,24,0,39,29,0,68,4,0,4,72
01/15/2002,ERI,PA,AEA,CE,Towers with Radar,0,33,15,0,48,0,9,1,0,10,0,42,16,0,58,0,0,0,58
01/16/2002,ERI,PA,AEA,CE,Towers with Radar,2,42,25,6,75,0,0,19,18,37,2,42,44,24,112,42,22,64,176
01/17/2002,ERI,PA,AEA,CE,Towers with Radar,0,46,25,0,71,0,0,2,0,2,0,46,27,0,73,4,0,4,77
01/18/2002,ERI,PA,AEA,CE,Towers with Radar,0,39,13,0,52,0,0,0,0,0,0,39,13,0,52,0,0,0,52
01/19/2002,ERI,PA,AEA,CE,Towers with Radar,0,30,14,0,44,0,5,85,0,90,0,35,99,0,134,91,0,91,225
01/20/2002,ERI,PA,AEA,CE,Towers with Radar,0,23,11,0,34,0,0,17,0,17,0,23,28,0,51,38,0,38,89
01/21/2002,ERI,PA,AEA,CE,Towers with Radar,0,31,6,0,37,0,9,0,0,9,0,40,6,0,46,0,0,0,46
01/22/2002,ERI,PA,AEA,CE,Towers with Radar,0,44,21,0,65,0,0,33,0,33,0,44,54,0,98,38,0,38,136
01/23/2002,ERI,PA,AEA,CE,Towers with Radar,0,55,24,5,84,0,1,11,16,28,0,56,35,21,112,16,26,42,154
01/24/2002,ERI,PA,AEA,CE,Towers with Radar,0,42,19,0,61,0,5,10,0,15,0,47,29,0,76,0,0,0,76
01/25/2002,ERI,PA,AEA,CE,Towers with Radar,0,42,20,3,65,0,0,47,0,47,0,42,67,3,112,34,0,34,146
01/26/2002,ERI,PA,AEA,CE,Towers with Radar,0,28,16,0,44,0,0,47,0,47,0,28,63,0,91,60,0,60,151
01/27/2002,ERI,PA,AEA,CE,Towers with Radar,1,32,15,2,50,2,2,72,0,76,3,34,87,2,126,116,0,116,242
01/28/2002,ERI,PA,AEA,CE,Towers with Radar,1,35,19,0,55,0,0,33,0,33,1,35,52,0,88,44,0,44,132
01/29/2002,ERI,PA,AEA,CE,Towers with Radar,1,38,18,3,60,0,2,1,2,5,1,40,19,5,65,0,0,0,65
01/30/2002,ERI,PA,AEA,CE,Towers with Radar,1,42,11,0,54,0,0,0,0,0,1,42,11,0,54,0,0,0,54
01/31/2002,ERI,PA,AEA,CE,Towers with Radar,0,31,10,6,47,0,0,0,0,0,0,31,10,6,47,0,0,0,47
02/01/2002,ERI,PA,AEA,CE,Towers with Radar,1,26,7,0,34,1,14,0,0,15,2,40,7,0,49,2,0,2,51
02/02/2002,ERI,PA,AEA,CE,Towers with Radar,0,28,15,0,43,0,6,1,0,7,0,34,16,0,50,2,0,2,52
02/03/2002,ERI,PA,AEA,CE,Towers with Radar,0,25,13,0,38,0,2,16,0,18,0,27,29,0,56,10,0,10,66
02/04/2002,ERI,PA,AEA,CE,Towers with Radar,0,29,8,0,37,0,2,0,0,2,0,31,8,0,39,0,0,0,39
02/05/2002,ERI,PA,AEA,CE,Towers with Radar,0,44,24,0,68,0,0,5,0,5,0,44,29,0,73,2,0,2,75
02/06/2002,ERI,PA,AEA,CE,Towers with Radar,0,40,20,2,62,0,0,15,10,25,0,40,35,12,87,12,4,16,103
02/07/2002,ERI,PA,AEA,CE,Towers with Radar,0,48,28,4,80,0,0,57,8,65,0,48,85,12,145,28,10,38,183
02/08/2002,ERI,PA,AEA,CE,Towers with Radar,0,38,20,0,58,0,0,5,0,5,0,38,25,0,63,22,0,22,85
02/09/2002,ERI,PA,AEA,CE,Towers with Radar,0,30,14,0,44,0,0,79,0,79,0,30,93,0,123,88,0,88,211
02/10/2002,ERI,PA,AEA,CE,Towers with Radar,0,21,5,0,26,0,9,0,0,9,0,30,5,0,35,2,0,2,37
02/11/2002,ERI,PA,AEA,CE,Towers with Radar,0,32,16,0,48,0,6,9,0,15,0,38,25,0,63,4,0,4,67
02/12/2002,ERI,PA,AEA,CE,Towers with Radar,0,40,15,3,58,0,4,0,8,12,0,44,15,11,70,0,14,14,84
02/13/2002,ERI,PA,AEA,CE,Towers with Radar,0,53,31,4,88,0,0,15,7,22,0,53,46,11,110,8,10,18,128
02/14/2002,ERI,PA,AEA,CE,Towers with Radar,0,45,28,8,81,0,0,15,0,15,0,45,43,8,96,6,6,12,108
02/15/2002,ERI,PA,AEA,CE,Towers with Radar,0,39,19,0,58,0,0,0,0,0,0,39,19,0,58,0,0,0,58
02/16/2002,ERI,PA,AEA,CE,Towers with Radar,0,28,14,0,42,0,2,22,0,24,0,30,36,0,66,36,0,36,102
02/17/2002,ERI,PA,AEA,CE,Towers with Radar,0,25,13,0,38,0,8,15,0,23,0,33,28,0,61,26,0,26,87
02/18/2002,ERI,PA,AEA,CE,Towers with Radar,0,37,21,0,58,0,0,43,0,43,0,37,64,0,101,34,0,34,135
02/19/2002,ERI,PA,AEA,CE,Towers with Radar,0,42,23,2,67,0,0,34,6,40,0,42,57,8,107,56,4,60,167
02/20/2002,ERI,PA,AEA,CE,Towers with Radar,0,43,24,0,67,0,0,7,0,7,0,43,31,0,74,2,4,6,80
02/21/2002,ERI,PA,AEA,CE,Towers with Radar,0,37,14,0,51,0,1,0,0,1,0,38,14,0,52,4,0,4,56
02/22/2002,ERI,PA,AEA,CE,Towers with Radar,0,35,15,0,50,0,2,0,0,2,0,37,15,0,52,0,0,0,52
02/23/2002,ERI,PA,AEA,CE,Towers with Radar,0,26,19,0,45,0,0,96,0,96,0,26,115,0,141,66,0,66,207
02/24/2002,ERI,PA,AEA,CE,Towers with Radar,0,25,15,0,40,2,0,103,0,105,2,25,118,0,145,82,0,82,227
02/25/2002,ERI,PA,AEA,CE,Towers with Radar,0,42,26,0,68,0,0,46,0,46,0,42,72,0,114,26,0,26,140
02/26/2002,ERI,PA,AEA,CE,Towers with Radar,0,34,18,0,52,2,6,2,0,10,2,40,20,0,62,0,0,0,62
02/27/2002,ERI,PA,AEA,CE,Towers with Radar,0,41,13,0,54,0,5,0,0,5,0,46,13,0,59,0,0,0,59
02/28/2002,ERI,PA,AEA,CE,Towers with Radar,0,50,26,2,78,0,7,6,0,13,0,57,32,2,91,0,0,0,91
03/01/2002,ERI,PA,AEA,CE,Towers with Radar,0,37,20,2,59,0,0,46,0,46,0,37,66,2,105,30,14,44,149
03/02/2002,ERI,PA,AEA,CE,Towers with Radar,0,19,12,0,31,0,13,10,0,23,0,32,22,0,54,10,0,10,64
03/03/2002,ERI,PA,AEA,CE,Towers with Radar,0,28,3,0,31,0,3,0,0,3,0,31,3,0,34,0,0,0,34
03/04/2002,ERI,PA,AEA,CE,Towers with Radar,1,28,5,0,34,0,13,0,0,13,1,41,5,0,47,0,0,0,47
03/05/2002,ERI,PA,AEA,CE,Towers with Radar,1,53,31,5,90,0,0,5,3,8,1,53,36,8,98,0,16,16,114
03/06/2002,ERI,PA,AEA,CE,Towers with Radar,0,48,27,5,80,2,5,26,4,37,2,53,53,9,117,16,4,20,137
03/07/2002,ERI,PA,AEA,CE,Towers with Radar,0,37,23,3,63,0,0,9,0,9,0,37,32,3,72,6,8,14,86
03/08/2002,ERI,PA,AEA,CE,Towers with Radar,0,41,23,0,64,0,12,17,0,29,0,53,40,0,93,28,0,28,121
03/09/2002,ERI,PA,AEA,CE,Towers with Radar,0,20,11,0,31,0,12,7,0,19,0,32,18,0,50,14,0,14,64
03/10/2002,ERI,PA,AEA,CE,Towers with Radar,0,27,0,0,27,0,1,0,0,1,0,28,0,0,28,2,0,2,30
03/11/2002,ERI,PA,AEA,CE,Towers with Radar,0,41,21,0,62,0,0,30,0,30,0,41,51,0,92,36,0,36,128
03/12/2002,ERI,PA,AEA,CE,Towers with Radar,0,43,26,6,75,0,0,31,22,53,0,43,57,28,128,74,20,94,222
03/13/2002,ERI,PA,AEA,CE,Towers with Radar,0,43,24,5,72,0,0,56,0,56,0,43,80,5,128,24,4,28,156
03/14/2002,ERI,PA,AEA,CE,Towers with Radar,0,39,21,3,63,0,0,45,0,45,0,39,66,3,108,112,0,112,220
03/15/2002,ERI,PA,AEA,CE,Towers with Radar,0,48,27,5,80,0,0,7,17,24,0,48,34,22,104,6,32,38,142
03/16/2002,ERI,PA,AEA,CE,Towers with Radar,0,30,17,0,47,0,0,38,0,38,0,30,55,0,85,28,20,48,133
03/17/2002,ERI,PA,AEA,CE,Towers with Radar,0,26,15,0,41,0,0,15,0,15,0,26,30,0,56,40,6,46,102
03/18/2002,ERI,PA,AEA,CE,Towers with Radar,0,36,26,6,68,0,0,24,0,24,0,36,50,6,92,24,0,24,116
03/19/2002,ERI,PA,AEA,CE,Towers with Radar,0,41,25,5,71,0,0,40,9,49,0,41,65,14,120,14,10,24,144
03/20/2002,ERI,PA,AEA,CE,Towers with Radar,0,53,16,0,69,0,0,0,0,0,0,53,16,0,69,0,0,0,69
03/21/2002,ERI,PA,AEA,CE,Towers with Radar,0,32,17,0,49,0,1,2,0,3,0,33,19,0,52,0,0,0,52
03/22/2002,ERI,PA,AEA,CE,Towers with Radar,0,39,6,1,46,0,5,0,0,5,0,44,6,1,51,0,0,0,51
03/23/2002,ERI,PA,AEA,CE,Towers with Radar,0,34,19,0,53,0,0,8,0,8,0,34,27,0,61,8,0,8,69
03/24/2002,ERI,PA,AEA,CE,Towers with Radar,0,30,9,1,40,0,1,37,0,38,0,31,46,1,78,56,0,56,134
03/25/2002,ERI,PA,AEA,CE,Towers with Radar,0,32,12,0,44,0,8,0,0,8,0,40,12,0,52,0,0,0,52
03/26/2002,ERI,PA,AEA,CE,Towers with Radar,1,32,10,0,43,0,1,0,0,1,1,33,10,0,44,0,0,0,44
03/27/2002,ERI,PA,AEA,CE,Towers with Radar,0,37,25,0,62,1,0,23,0,24,1,37,48,0,86,32,0,32,118
03/28/2002,ERI,PA,AEA,CE,Towers with Radar,0,36,25,2,63,0,0,83,0,83,0,36,108,2,146,60,0,60,206
03/29/2002,ERI,PA,AEA,CE,Towers with Radar,0,32,17,0,49,0,13,13,0,26,0,45,30,0,75,26,0,26,101
03/30/2002,ERI,PA,AEA,CE,Towers with Radar,0,31,18,3,52,0,0,18,8,26,0,31,36,11,78,16,0,16,94
03/31/2002,ERI,PA,AEA,CE,Towers with Radar,0,29,15,0,44,0,2,19,0,21,0,31,34,0,65,4,0,4,69
04/01/2002,ERI,PA,AEA,CE,Towers with Radar,0,29,18,1,48,0,9,0,1,10,0,38,18,2,58,56,0,56,114
04/02/2002,ERI,PA,AEA,CE,Towers with Radar,0,40,21,11,72,0,2,4,1,7,0,42,25,12,79,4,8,12,91
04/03/2002,ERI,PA,AEA,CE,Towers with Radar,0,31,21,2,54,0,11,5,0,16,0,42,26,2,70,10,0,10,80
04/04/2002,ERI,PA,AEA,CE,Towers with Radar,0,39,26,0,65,0,3,41,0,44,0,42,67,0,109,32,0,32,141
04/05/2002,ERI,PA,AEA,CE,Towers with Radar,0,36,21,0,57,0,2,7,0,9,0,38,28,0,66,0,0,0,66
04/06/2002,ERI,PA,AEA,CE,Towers with Radar,0,31,25,0,56,0,0,71,0,71,0,31,96,0,127,66,0,66,193
04/07/2002,ERI,PA,AEA,CE,Towers with Radar,0,29,20,0,49,0,4,43,0,47,0,33,63,0,96,26,0,26,122
04/08/2002,ERI,PA,AEA,CE,Towers with Radar,0,34,23,0,57,0,15,4,0,19,0,49,27,0,76,18,0,18,94
04/09/2002,ERI,PA,AEA,CE,Towers with Radar,0,46,18,6,70,0,2,0,0,2,0,48,18,6,72,0,8,8,80
04/10/2002,ERI,PA,AEA,CE,Towers with Radar,0,47,34,2,83,0,0,45,8,53,0,47,79,10,136,48,2,50,186
04/11/2002,ERI,PA,AEA,CE,Towers with Radar,0,43,33,2,78,0,0,78,6,84,0,43,111,8,162,110,8,118,280
04/12/2002,ERI,PA,AEA,CE,Towers with Radar,0,38,25,2,65,0,3,26,2,31,0,41,51,4,96,20,2,22,118
04/13/2002,ERI,PA,AEA,CE,Towers with Radar,0,31,18,0,49,0,2,0,0,2,0,33,18,0,51,2,0,2,53
04/14/2002,ERI,PA,AEA,CE,Towers with Radar,0,23,14,0,37,0,5,0,0,5,0,28,14,0,42,12,0,12,54
04/15/2002,ERI,PA,AEA,CE,Towers with Radar,0,36,25,0,61,0,5,6,0,11,0,41,31,0,72,41,0,41,113
04/16/2002,ERI,PA,AEA,CE,Towers with Radar,0,40,35,3,78,0,0,86,20,106,0,40,121,23,184,54,22,76,260
04/17/2002,ERI,PA,AEA,CE,Towers with Radar,0,42,28,0,70,0,0,41,0,41,0,42,69,0,111,52,0,52,163
04/18/2002,ERI,PA,AEA,CE,Towers with Radar,0,42,39,0,81,0,0,95,0,95,0,42,134,0,176,52,0,52,228
04/19/2002,ERI,PA,AEA,CE,Towers with Radar,0,39,25,0,64,0,2,14,0,16,0,41,39,0,80,32,0,32,112
04/20/2002,ERI,PA,AEA,CE,Towers with Radar,0,37,28,0,65,0,0,51,0,51,0,37,79,0,116,70,0,70,186
04/21/2002,ERI,PA,AEA,CE,Towers with Radar,0,39,25,0,64,0,1,0,0,1,0,40,25,0,65,14,0,14,79
04/22/2002,ERI,PA,AEA,CE,Towers with Radar,0,31,5,0,36,0,1,0,0,1,0,32,5,0,37,0,0,0,37
04/23/2002,ERI,PA,AEA,CE,Towers with Radar,0,42,27,0,69,0,1,61,0,62,0,43,88,0,131,28,0,28,159
04/24/2002,ERI,PA,AEA,CE,Towers with Radar,0,44,28,0,72,3,1,67,0,71,3,45,95,0,143,54,0,54,197
04/25/2002,ERI,PA,AEA,CE,Towers with Radar,0,42,28,0,70,0,0,5,0,5,0,42,33,0,75,0,0,0,75
04/26/2002,ERI,PA,AEA,CE,Towers with Radar,0,43,27,2,72,0,6,55,4,65,0,49,82,6,137,54,4,58,195
04/27/2002,ERI,PA,AEA,CE,Towers with Radar,0,34,26,0,60,0,0,78,0,78,0,34,104,0,138,121,0,121,259
04/28/2002,ERI,PA,AEA,CE,Towers with Radar,0,21,8,0,29,1,3,0,0,4,1,24,8,0,33,0,0,0,33
04/29/2002,ERI,PA,AEA,CE,Towers with Radar,0,35,22,0,57,0,1,9,0,10,0,36,31,0,67,10,0,10,77
04/30/2002,ERI,PA,AEA,CE,Towers with Radar,0,44,31,0,75,0,0,47,0,47,0,44,78,0,122,32,0,32,154
05/01/2002,ERI,PA,AEA,CE,Towers with Radar,0,44,33,2,79,0,0,56,4,60,0,44,89,6,139,68,4,72,211
05/02/2002,ERI,PA,AEA,CE,Towers with Radar,0,39,16,2,57,0,5,0,7,12,0,44,16,9,69,0,8,8,77
05/03/2002,ERI,PA,AEA,CE,Towers with Radar,0,41,29,0,70,0,8,13,0,21,0,49,42,0,91,6,0,6,97
05/04/2002,ERI,PA,AEA,CE,Towers with Radar,0,30,22,0,52,0,3,159,0,162,0,33,181,0,214,80,0,80,294
05/05/2002,ERI,PA,AEA,CE,Towers with Radar,1,32,23,1,57,0,6,87,0,93,1,38,110,1,150,84,0,84,234
05/06/2002,ERI,PA,AEA,CE,Towers with Radar,1,36,24,0,61,0,3,16,0,19,1,39,40,0,80,12,0,12,92
05/07/2002,ERI,PA,AEA,CE,Towers with Radar,2,51,44,0,97,0,0,1,0,1,2,51,45,0,98,8,0,8,106
05/08/2002,ERI,PA,AEA,CE,Towers with Radar,0,45,33,3,81,0,0,35,23,58,0,45,68,26,139,70,28,98,237
05/09/2002,ERI,PA,AEA,CE,Towers with Radar,0,40,24,0,64,0,11,0,0,11,0,51,24,0,75,0,0,0,75
05/10/2002,ERI,PA,AEA,CE,Towers with Radar,0,39,26,0,65,0,7,0,0,7,0,46,26,0,72,18,0,18,90
05/11/2002,ERI,PA,AEA,CE,Towers with Radar,0,27,26,3,56,0,0,49,1,50,0,27,75,4,106,40,0,40,146
05/12/2002,ERI,PA,AEA,CE,Towers with Radar,0,11,6,0,17,0,10,3,0,13,0,21,9,0,30,2,0,2,32
05/13/2002,ERI,PA,AEA,CE,Towers with Radar,0,46,27,0,73,0,0,1,0,1,0,46,28,0,74,0,0,0,74
05/14/2002,ERI,PA,AEA,CE,Towers with Radar,0,34,23,0,57,0,12,3,0,15,0,46,26,0,72,18,0,18,90
05/15/2002,ERI,PA,AEA,CE,Towers with Radar,0,46,37,0,83,0,0,79,0,79,0,46,116,0,162,166,0,166,328
05/16/2002,ERI,PA,AEA,CE,Towers with Radar,0,52,40,0,92,0,0,22,0,22,0,52,62,0,114,46,0,46,160
05/17/2002,ERI,PA,AEA,CE,Towers with Radar,0,43,41,0,84,0,0,27,0,27,0,43,68,0,111,73,0,73,184
05/18/2002,ERI,PA,AEA,CE,Towers with Radar,0,25,16,2,43,0,1,31,0,32,0,26,47,2,75,14,2,16,91
05/19/2002,ERI,PA,AEA,CE,Towers with Radar,0,32,23,0,55,0,0,94,0,94,0,32,117,0,149,172,0,172,321
05/20/2002,ERI,PA,AEA,CE,Towers with Radar,0,33,22,2,57,2,3,39,0,44,2,36,61,2,101,30,2,32,133
05/21/2002,ERI,PA,AEA,CE,Towers with Radar,0,47,33,3,83,0,0,57,7,64,0,47,90,10,147,110,10,120,267
05/22/2002,ERI,PA,AEA,CE,Towers with Radar,0,48,32,0,80,2,5,72,0,79,2,53,104,0,159,82,0,82,241
05/23/2002,ERI,PA,AEA,CE,Towers with Radar,0,46,32,1,79,0,6,53,0,59,0,52,85,1,138,80,0,80,218
05/24/2002,ERI,PA,AEA,CE,Towers with Radar,0,42,32,0,74,0,0,0,0,0,0,42,32,0,74,47,0,47,121
05/25/2002,ERI,PA,AEA,CE,Towers with Radar,0,33,28,0,61,0,0,54,0,54,0,33,82,0,115,64,0,64,179
05/26/2002,ERI,PA,AEA,CE,Towers with Radar,0,31,23,0,54,0,0,100,0,100,0,31,123,0,154,98,0,98,252
05/27/2002,ERI,PA,AEA,CE,Towers with Radar,0,30,24,0,54,0,0,93,0,93,0,30,117,0,147,74,0,74,221
05/28/2002,ERI,PA,AEA,CE,Towers with Radar,0,41,31,0,72,0,0,54,0,54,0,41,85,0,126,70,0,70,196
05/29/2002,ERI,PA,AEA,CE,Towers with Radar,0,44,30,3,77,0,29,16,5,50,0,73,46,8,127,57,12,69,196
05/30/2002,ERI,PA,AEA,CE,Towers with Radar,0,46,39,0,85,0,0,22,0,22,0,46,61,0,107,10,0,10,117
05/31/2002,ERI,PA,AEA,CE,Towers with Radar,0,38,27,3,68,0,0,0,5,5,0,38,27,8,73,12,4,16,89
06/01/2002,ERI,PA,AEA,CE,Towers with Radar,0,34,28,0,62,0,4,67,0,71,0,38,95,0,133,91,0,91,224
06/02/2002,ERI,PA,AEA,CE,Towers with Radar,0,29,22,0,51,0,1,74,0,75,0,30,96,0,126,59,0,59,185
06/03/2002,ERI,PA,AEA,CE,Towers with Radar,0,30,23,0,53,0,10,38,0,48,0,40,61,0,101,57,0,57,158
06/04/2002,ERI,PA,AEA,CE,Towers with Radar,0,40,31,0,71,0,3,31,0,34,0,43,62,0,105,58,0,58,163
06/05/2002,ERI,PA,AEA,CE,Towers with Radar,0,31,23,0,54,0,9,15,0,24,0,40,38,0,78,12,0,12,90
06/06/2002,ERI,PA,AEA,CE,Towers with Radar,6,40,48,0,94,0,1,3,0,4,6,41,51,0,98,14,0,14,112
06/07/2002,ERI,PA,AEA,CE,Towers with Radar,0,46,38,4,88,0,0,135,0,135,0,46,173,4,223,111,0,111,334
06/08/2002,ERI,PA,AEA,CE,Towers with Radar,0,30,26,0,56,0,0,135,0,135,0,30,161,0,191,114,0,114,305
06/09/2002,ERI,PA,AEA,CE,Towers with Radar,0,33,27,0,60,0,1,65,0,66,0,34,92,0,126,49,0,49,175
06/10/2002,ERI,PA,AEA,CE,Towers with Radar,0,27,22,0,49,0,12,84,0,96,0,39,106,0,145,132,0,132,277
06/11/2002,ERI,PA,AEA,CE,Towers with Radar,0,38,31,4,73,0,3,40,4,47,0,41,71,8,120,96,8,104,224
06/12/2002,ERI,PA,AEA,CE,Towers with Radar,0,50,42,4,96,0,13,16,7,36,0,63,58,11,132,52,10,62,194
06/13/2002,ERI,PA,AEA,CE,Towers with Radar,0,43,46,5,94,0,0,25,9,34,0,43,71,14,128,42,12,54,182
06/14/2002,ERI,PA,AEA,CE,Towers with Radar,0,39,34,4,77,0,0,12,12,24,0,39,46,16,101,24,18,42,143
06/15/2002,ERI,PA,AEA,CE,Towers with Radar,0,33,26,0,59,0,0,26,0,26,0,33,52,0,85,40,0,40,125
06/16/2002,ERI,PA,AEA,CE,Towers with Radar,0,26,22,2,50,0,0,29,0,29,0,26,51,2,79,14,0,14,93
06/17/2002,ERI,PA,AEA,CE,Towers with Radar,0,40,34,4,78,0,0,63,12,75,0,40,97,16,153,56,16,72,225
06/18/2002,ERI,PA,AEA,CE,Towers with Radar,0,46,39,0,85,2,0,64,0,66,2,46,103,0,151,83,0,83,234
06/19/2002,ERI,PA,AEA,CE,Towers with Radar,0,42,34,4,80,0,4,133,0,137,0,46,167,4,217,192,2,194,411
06/20/2002,ERI,PA,AEA,CE,Towers with Radar,0,37,39,4,80,4,0,176,0,180,4,37,215,4,260,167,0,167,427
06/21/2002,ERI,PA,AEA,CE,Towers with Radar,5,43,34,0,82,0,0,80,0,80,5,43,114,0,162,92,0,92,254
06/22/2002,ERI,PA,AEA,CE,Towers with Radar,0,32,27,0,59,0,0,60,0,60,0,32,87,0,119,112,0,112,231
06/23/2002,ERI,PA,AEA,CE,Towers with Radar,2,34,36,0,72,0,0,48,0,48,2,34,84,0,120,53,0,53,173
06/24/2002,ERI,PA,AEA,CE,Towers with Radar,0,39,32,4,75,0,3,64,0,67,0,42,96,4,142,87,6,93,235
06/25/2002,ERI,PA,AEA,CE,Towers with Radar,0,41,33,3,77,2,13,47,0,62,2,54,80,3,139,102,0,102,241
06/26/2002,ERI,PA,AEA,CE,Towers with Radar,0,48,40,0,88,0,0,20,0,20,0,48,60,0,108,46,0,46,154
06/27/2002,ERI,PA,AEA,CE,Towers with Radar,0,33,26,0,59,0,5,12,0,17,0,38,38,0,76,16,0,16,92
06/28/2002,ERI,PA,AEA,CE,Towers with Radar,1,42,52,5,100,0,0,42,7,49,1,42,94,12,149,76,12,88,237
06/29/2002,ERI,PA,AEA,CE,Towers with Radar,0,27,28,1,56,0,0,96,0,96,0,27,124,1,152,77,0,77,229
06/30/2002,ERI,PA,AEA,CE,Towers with Radar,0,31,28,0,59,0,0,104,0,104,0,31,132,0,163,56,0,56,219
07/01/2002,ERI,PA,AEA,CE,Towers with Radar,0,38,29,3,70,0,5,62,5,72,0,43,91,8,142,97,4,101,243
07/02/2002,ERI,PA,AEA,CE,Towers with Radar,0,44,37,4,85,0,0,90,23,113,0,44,127,27,198,102,28,130,328
07/03/2002,ERI,PA,AEA,CE,Towers with Radar,0,39,29,2,70,0,3,125,0,128,0,42,154,2,198,72,0,72,270
07/04/2002,ERI,PA,AEA,CE,Towers with Radar,0,28,22,0,50,0,7,67,0,74,0,35,89,0,124,36,0,36,160
07/05/2002,ERI,PA,AEA,CE,Towers with Radar,0,39,30,0,69,0,3,96,0,99,0,42,126,0,168,73,0,73,241
07/06/2002,ERI,PA,AEA,CE,Towers with Radar,0,26,20,0,46,0,13,169,0,182,0,39,189,0,228,48,0,48,276
07/07/2002,ERI,PA,AEA,CE,Towers with Radar,0,36,34,0,70,0,0,45,0,45,0,36,79,0,115,50,0,50,165
07/08/2002,ERI,PA,AEA,CE,Towers with Radar,0,36,27,3,66,0,3,76,0,79,0,39,103,3,145,47,0,47,192
07/09/2002,ERI,PA,AEA,CE,Towers with Radar,0,34,25,0,59,0,15,0,0,15,0,49,25,0,74,0,0,0,74
07/10/2002,ERI,PA,AEA,CE,Towers with Radar,0,47,36,5,88,0,0,51,3,54,0,47,87,8,142,48,6,54,196
07/11/2002,ERI,PA,AEA,CE,Towers with Radar,0,46,35,4,85,0,1,97,6,104,0,47,132,10,189,56,8,64,253
07/12/2002,ERI,PA,AEA,CE,Towers with Radar,0,43,31,0,74,0,0,77,0,77,0,43,108,0,151,80,0,80,231
07/13/2002,ERI,PA,AEA,CE,Towers with Radar,0,28,22,0,50,0,0,120,0,120,0,28,142,0,170,60,0,60,230
07/14/2002,ERI,PA,AEA,CE,Towers with Radar,0,35,24,0,59,0,0,65,0,65,0,35,89,0,124,34,0,34,158
07/15/2002,ERI,PA,AEA,CE,Towers with Radar,0,30,21,0,51,0,12,61,0,73,0,42,82,0,124,86,0,86,210
07/16/2002,ERI,PA,AEA,CE,Towers with Radar,0,40,28,3,71,0,13,58,10,81,0,53,86,13,152,66,4,70,222
07/17/2002,ERI,PA,AEA,CE,Towers with Radar,0,45,36,4,85,0,0,87,1,88,0,45,123,5,173,82,8,90,263
07/18/2002,ERI,PA,AEA,CE,Towers with Radar,0,49,35,4,88,0,7,99,0,106,0,56,134,4,194,60,0,60,254
07/19/2002,ERI,PA,AEA,CE,Towers with Radar,0,45,32,2,79,0,0,27,0,27,0,45,59,2,106,42,0,42,148
07/20/2002,ERI,PA,AEA,CE,Towers with Radar,0,30,24,0,54,0,0,62,0,62,0,30,86,0,116,48,0,48,164
07/21/2002,ERI,PA,AEA,CE,Towers with Radar,0,34,29,0,63,0,0,81,0,81,0,34,110,0,144,56,0,56,200
07/22/2002,ERI,PA,AEA,CE,Towers with Radar,0,35,25,0,60,2,5,19,0,26,2,40,44,0,86,16,0,16,102
07/23/2002,ERI,PA,AEA,CE,Towers with Radar,0,41,31,0,72,0,0,69,0,69,0,41,100,0,141,40,0,40,181
07/24/2002,ERI,PA,AEA,CE,Towers with Radar,0,47,39,13,99,0,0,77,4,81,0,47,116,17,180,93,10,103,283
07/25/2002,ERI,PA,AEA,CE,Towers with Radar,0,53,39,0,92,0,0,33,0,33,0,53,72,0,125,24,0,24,149
07/26/2002,ERI,PA,AEA,CE,Towers with Radar,0,46,38,4,88,0,0,35,1,36,0,46,73,5,124,40,4,44,168
07/27/2002,ERI,PA,AEA,CE,Towers with Radar,0,30,25,0,55,0,0,15,0,15,0,30,40,0,70,24,0,24,94
07/28/2002,ERI,PA,AEA,CE,Towers with Radar,0,38,28,2,68,0,0,3,0,3,0,38,31,2,71,2,0,2,73
07/29/2002,ERI,PA,AEA,CE,Towers with Radar,0,39,32,4,75,0,0,14,0,14,0,39,46,4,89,34,0,34,123
07/30/2002,ERI,PA,AEA,CE,Towers with Radar,0,43,39,4,86,0,0,43,2,45,0,43,82,6,131,66,6,72,203
07/31/2002,ERI,PA,AEA,CE,Towers with Radar,0,42,35,4,81,0,0,122,7,129,0,42,157,11,210,99,20,119,329
08/01/2002,ERI,PA,AEA,CE,Towers with Radar,0,38,31,0,69,0,6,85,0,91,0,44,116,0,160,40,0,40,200
08/02/2002,ERI,PA,AEA,CE,Towers with Radar,0,35,27,0,62,0,3,20,0,23,0,38,47,0,85,2,0,2,87
08/03/2002,ERI,PA,AEA,CE,Towers with Radar,0,29,23,1,53,0,6,84,0,90,0,35,107,1,143,40,0,40,183
08/04/2002,ERI,PA,AEA,CE,Towers with Radar,0,29,26,0,55,0,0,23,0,23,0,29,49,0,78,24,0,24,102
08/05/2002,ERI,PA,AEA,CE,Towers with Radar,0,36,28,8,72,0,0,50,0,50,0,36,78,8,122,79,0,79,201
08/06/2002,ERI,PA,AEA,CE,Towers with Radar,0,38,37,5,80,0,0,73,3,76,0,38,110,8,156,90,6,96,252
08/07/2002,ERI,PA,AEA,CE,Towers with Radar,0,38,37,5,80,0,0,110,8,118,0,38,147,13,198,88,10,98,296
08/08/2002,ERI,PA,AEA,CE,Towers with Radar,0,42,33,5,80,0,1,98,7,106,0,43,131,12,186,100,8,108,294
08/09/2002,ERI,PA,AEA,CE,Towers with Radar,0,39,31,4,74,0,0,77,0,77,0,39,108,4,151,42,4,46,197
08/10/2002,ERI,PA,AEA,CE,Towers with Radar,0,26,22,0,48,1,0,72,0,73,1,26,94,0,121,73,0,73,194
08/11/2002,ERI,PA,AEA,CE,Towers with Radar,0,32,27,0,59,0,0,69,0,69,0,32,96,0,128,86,0,86,214
08/12/2002,ERI,PA,AEA,CE,Towers with Radar,0,33,29,0,62,0,0,44,0,44,0,33,73,0,106,62,0,62,168
08/13/2002,ERI,PA,AEA,CE,Towers with Radar,0,37,34,4,75,0,0,63,5,68,0,37,97,9,143,92,14,106,249
08/14/2002,ERI,PA,AEA,CE,Towers with Radar,0,41,32,4,77,0,4,23,9,36,0,45,55,13,113,34,8,42,155
08/15/2002,ERI,PA,AEA,CE,Towers with Radar,0,38,32,2,72,0,0,65,0,65,0,38,97,2,137,94,0,94,231
08/16/2002,ERI,PA,AEA,CE,Towers with Radar,0,42,32,0,74,0,2,104,0,106,0,44,136,0,180,24,0,24,204
08/17/2002,ERI,PA,AEA,CE,Towers with Radar,0,28,22,0,50,0,1,131,0,132,0,29,153,0,182,37,0,37,219
08/18/2002,ERI,PA,AEA,CE,Towers with Radar,0,35,32,0,67,0,0,59,0,59,0,35,91,0,126,36,0,36,162
08/19/2002,ERI,PA,AEA,CE,Towers with Radar,0,30,24,0,54,0,8,32,0,40,0,38,56,0,94,50,0,50,144
08/20/2002,ERI,PA,AEA,CE,Towers with Radar,0,45,35,4,84,0,3,108,2,113,0,48,143,6,197,130,4,134,331
08/21/2002,ERI,PA,AEA,CE,Towers with Radar,0,36,28,3,67,2,3,103,8,116,2,39,131,11,183,62,10,72,255
08/22/2002,ERI,PA,AEA,CE,Towers with Radar,0,39,30,4,73,0,2,21,2,25,0,41,51,6,98,16,8,24,122
08/23/2002,ERI,PA,AEA,CE,Towers with Radar,0,39,38,0,77,0,0,6,0,6,0,39,44,0,83,14,0,14,97
08/24/2002,ERI,PA,AEA,CE,Towers with Radar,0,28,18,0,46,0,8,0,0,8,0,36,18,0,54,14,0,14,68
08/25/2002,ERI,PA,AEA,CE,Towers with Radar,0,30,25,0,55,0,0,69,0,69,0,30,94,0,124,54,0,54,178
08/26/2002,ERI,PA,AEA,CE,Towers with Radar,0,32,25,3,60,0,11,40,16,67,0,43,65,19,127,52,10,62,189
08/27/2002,ERI,PA,AEA,CE,Towers with Radar,0,42,34,0,76,0,0,66,0,66,0,42,100,0,142,40,0,40,182
08/28/2002,ERI,PA,AEA,CE,Towers with Radar,0,40,32,0,72,0,9,111,0,120,0,49,143,0,192,82,0,82,274
08/29/2002,ERI,PA,AEA,CE,Towers with Radar,0,45,41,7,93,0,0,60,6,66,0,45,101,13,159,89,12,101,260
08/30/2002,ERI,PA,AEA,CE,Towers with Radar,0,43,29,15,87,0,0,60,0,60,0,43,89,15,147,24,18,42,189
08/31/2002,ERI,PA,AEA,CE,Towers with Radar,0,28,11,0,39,0,0,73,0,73,0,28,84,0,112,48,0,48,160
09/01/2002,ERI,PA,AEA,CE,Towers with Radar,0,26,20,0,46,0,0,82,0,82,0,26,102,0,128,109,0,109,237
09/02/2002,ERI,PA,AEA,CE,Towers with Radar,0,33,30,0,63,0,0,36,0,36,0,33,66,0,99,44,0,44,143
09/03/2002,ERI,PA,AEA,CE,Towers with Radar,0,40,28,0,68,0,2,22,0,24,0,42,50,0,92,22,0,22,114
09/04/2002,ERI,PA,AEA,CE,Towers with Radar,0,35,26,0,61,0,8,40,0,48,0,43,66,0,109,47,0,47,156
09/05/2002,ERI,PA,AEA,CE,Towers with Radar,0,42,34,1,77,0,0,77,1,78,0,42,111,2,155,67,2,69,224
09/06/2002,ERI,PA,AEA,CE,Towers with Radar,0,38,27,0,65,0,5,82,0,87,0,43,109,0,152,70,0,70,222
09/07/2002,ERI,PA,AEA,CE,Towers with Radar,0,23,17,0,40,0,5,95,0,100,0,28,112,0,140,72,0,72,212
09/08/2002,ERI,PA,AEA,CE,Towers with Radar,0,27,19,0,46,0,4,64,0,68,0,31,83,0,114,32,0,32,146
09/09/2002,ERI,PA,AEA,CE,Towers with Radar,0,48,17,9,74,0,2,97,0,99,0,50,114,9,173,66,8,74,247
09/10/2002,ERI,PA,AEA,CE,Towers with Radar,0,40,40,2,82,0,2,51,0,53,0,42,91,2,135,44,0,44,179
09/11/2002,ERI,PA,AEA,CE,Towers with Radar,0,46,21,1,68,0,4,14,0,18,0,50,35,1,86,14,0,14,100
09/12/2002,ERI,PA,AEA,CE,Towers with Radar,0,39,24,0,63,0,4,69,0,73,0,43,93,0,136,62,0,62,198
09/13/2002,ERI,PA,AEA,CE,Towers with Radar,0,40,28,0,68,0,5,63,3,71,0,45,91,3,139,79,2,81,220
09/14/2002,ERI,PA,AEA,CE,Towers with Radar,0,24,13,0,37,0,11,0,0,11,0,35,13,0,48,0,0,0,48
09/15/2002,ERI,PA,AEA,CE,Towers with Radar,0,21,15,0,36,1,11,8,0,20,1,32,23,0,56,7,0,7,63
09/16/2002,ERI,PA,AEA,CE,Towers with Radar,0,41,35,0,76,0,0,62,0,62,0,41,97,0,138,58,0,58,196
09/17/2002,ERI,PA,AEA,CE,Towers with Radar,0,49,35,0,84,0,4,64,0,68,0,53,99,0,152,133,0,133,285
09/18/2002,ERI,PA,AEA,CE,Towers with Radar,0,42,30,0,72,0,3,64,0,67,0,45,94,0,139,22,0,22,161
09/19/2002,ERI,PA,AEA,CE,Towers with Radar,0,44,31,0,75,0,0,21,0,21,0,44,52,0,96,68,0,68,164
09/20/2002,ERI,PA,AEA,CE,Towers with Radar,0,40,30,0,70,1,0,25,0,26,1,40,55,0,96,28,0,28,124
09/21/2002,ERI,PA,AEA,CE,Towers with Radar,0,29,22,0,51,0,0,42,0,42,0,29,64,0,93,64,0,64,157
09/22/2002,ERI,PA,AEA,CE,Towers with Radar,0,33,36,0,69,0,1,46,0,47,0,34,82,0,116,56,0,56,172
09/23/2002,ERI,PA,AEA,CE,Towers with Radar,0,39,28,0,67,0,5,68,0,73,0,44,96,0,140,85,0,85,225
09/24/2002,ERI,PA,AEA,CE,Towers with Radar,1,49,27,0,77,0,9,135,0,144,1,58,162,0,221,108,0,108,329
09/25/2002,ERI,PA,AEA,CE,Towers with Radar,0,40,39,0,79,0,0,67,2,69,0,40,106,2,148,131,4,135,283
09/26/2002,ERI,PA,AEA,CE,Towers with Radar,0,42,39,0,81,0,0,34,0,34,0,42,73,0,115,42,0,42,157
09/27/2002,ERI,PA,AEA,CE,Towers with Radar,0,32,21,0,53,0,9,0,0,9,0,41,21,0,62,4,0,4,66
09/28/2002,ERI,PA,AEA,CE,Towers with Radar,0,26,26,0,52,0,0,41,0,41,0,26,67,0,93,44,0,44,137
09/29/2002,ERI,PA,AEA,CE,Towers with Radar,0,36,30,0,66,0,0,54,0,54,0,36,84,0,120,44,0,44,164
09/30/2002,ERI,PA,AEA,CE,Towers with Radar,0,33,24,0,57,0,0,51,0,51,0,33,75,0,108,59,0,59,167
10/01/2002,ERI,PA,AEA,CE,Towers with Radar,0,43,35,4,82,0,8,52,8,68,0,51,87,12,150,72,14,86,236
10/02/2002,ERI,PA,AEA,CE,Towers with Radar,0,41,34,4,79,0,1,89,6,96,0,42,123,10,175,86,10,96,271
10/03/2002,ERI,PA,AEA,CE,Towers with Radar,0,49,43,6,98,0,0,0,16,16,0,49,43,22,114,18,8,26,140
10/04/2002,ERI,PA,AEA,CE,Towers with Radar,0,37,30,0,67,1,2,17,0,20,1,39,47,0,87,42,0,42,129
10/05/2002,ERI,PA,AEA,CE,Towers with Radar,0,28,24,0,52,0,0,31,0,31,0,28,55,0,83,22,0,22,105
10/06/2002,ERI,PA,AEA,CE,Towers with Radar,0,27,25,0,52,0,0,59,0,59,0,27,84,0,111,62,0,62,173
10/07/2002,ERI,PA,AEA,CE,Towers with Radar,0,28,23,0,51,0,11,17,0,28,0,39,40,0,79,58,0,58,137
10/08/2002,ERI,PA,AEA,CE,Towers with Radar,0,30,24,0,54,0,12,50,0,62,0,42,74,0,116,54,0,54,170
10/09/2002,ERI,PA,AEA,CE,Towers with Radar,0,37,32,5,74,0,0,29,3,32,0,37,61,8,106,58,6,64,170
10/10/2002,ERI,PA,AEA,CE,Towers with Radar,0,44,39,0,83,0,0,51,0,51,0,44,90,0,134,32,0,32,166
10/11/2002,ERI,PA,AEA,CE,Towers with Radar,0,45,41,6,92,0,0,22,6,28,0,45,63,12,120,36,12,48,168
10/12/2002,ERI,PA,AEA,CE,Towers with Radar,0,31,26,0,57,0,0,64,0,64,0,31,90,0,121,82,0,82,203
10/13/2002,ERI,PA,AEA,CE,Towers with Radar,0,26,22,0,48,0,7,4,0,11,0,33,26,0,59,8,0,8,67
10/14/2002,ERI,PA,AEA,CE,Towers with Radar,0,37,33,0,70,0,0,75,0,75,0,37,108,0,145,94,0,94,239
10/15/2002,ERI,PA,AEA,CE,Towers with Radar,0,37,38,0,75,0,0,70,0,70,0,37,108,0,145,82,0,82,227
10/16/2002,ERI,PA,AEA,CE,Towers with Radar,0,40,27,0,67,0,1,0,0,1,0,41,27,0,68,4,0,4,72
10/17/2002,ERI,PA,AEA,CE,Towers with Radar,0,35,30,4,69,0,5,11,0,16,0,40,41,4,85,20,0,20,105
10/18/2002,ERI,PA,AEA,CE,Towers with Radar,0,35,29,4,68,0,6,38,8,52,0,41,67,12,120,48,4,52,172
10/19/2002,ERI,PA,AEA,CE,Towers with Radar,0,21,8,0,29,0,7,0,0,7,0,28,8,0,36,2,0,2,38
10/20/2002,ERI,PA,AEA,CE,Towers with Radar,0,32,27,0,59,0,0,59,0,59,0,32,86,0,118,66,0,66,184
10/21/2002,ERI,PA,AEA,CE,Towers with Radar,0,30,26,0,56,0,2,41,0,43,0,32,67,0,99,16,0,16,115
10/22/2002,ERI,PA,AEA,CE,Towers with Radar,0,39,34,4,77,2,0,46,11,59,2,39,80,15,136,58,24,82,218
10/23/2002,ERI,PA,AEA,CE,Towers with Radar,0,28,24,3,55,0,16,18,14,48,0,44,42,17,103,12,12,24,127
10/24/2002,ERI,PA,AEA,CE,Towers with Radar,0,46,36,0,82,0,1,53,0,54,0,47,89,0,136,146,0,146,282
10/25/2002,ERI,PA,AEA,CE,Towers with Radar,0,43,38,5,86,0,0,65,3,68,0,43,103,8,154,28,8,36,190
10/26/2002,ERI,PA,AEA,CE,Towers with Radar,0,27,22,0,49,0,0,27,0,27,0,27,49,0,76,16,0,16,92
10/27/2002,ERI,PA,AEA,CE,Towers with Radar,0,30,24,0,54,0,0,81,0,81,0,30,105,0,135,62,0,62,197
10/28/2002,ERI,PA,AEA,CE,Towers with Radar,0,34,32,0,66,0,0,37,0,37,0,34,69,0,103,42,0,42,145
10/29/2002,ERI,PA,AEA,CE,Towers with Radar,0,36,28,0,64,0,4,22,0,26,0,40,50,0,90,71,0,71,161
10/30/2002,ERI,PA,AEA,CE,Towers with Radar,0,33,26,0,59,0,13,38,0,51,0,46,64,0,110,32,0,32,142
10/31/2002,ERI,PA,AEA,CE,Towers with Radar,0,39,32,4,75,0,0,63,8,71,0,39,95,12,146,82,8,90,236
11/01/2002,ERI,PA,AEA,CE,Towers with Radar,0,34,19,0,53,0,2,0,0,2,0,36,19,0,55,0,0,0,55
11/02/2002,ERI,PA,AEA,CE,Towers with Radar,0,21,12,0,33,0,7,0,0,7,0,28,12,0,40,2,0,2,42
11/03/2002,ERI,PA,AEA,CE,Towers with Radar,0,27,23,0,50,0,0,44,0,44,0,27,67,0,94,82,0,82,176
11/04/2002,ERI,PA,AEA,CE,Towers with Radar,0,34,22,0,56,0,1,2,0,3,0,35,24,0,59,11,0,11,70
11/05/2002,ERI,PA,AEA,CE,Towers with Radar,0,36,26,0,62,0,0,57,0,57,0,36,83,0,119,100,0,100,219
11/06/2002,ERI,PA,AEA,CE,Towers with Radar,0,40,15,0,55,0,1,0,0,1,0,41,15,0,56,2,0,2,58
11/07/2002,ERI,PA,AEA,CE,Towers with Radar,0,34,25,0,59,0,0,110,0,110,0,34,135,0,169,64,0,64,233
11/08/2002,ERI,PA,AEA,CE,Towers with Radar,0,35,22,1,58,0,0,12,7,19,0,35,34,8,77,2,2,4,81
11/09/2002,ERI,PA,AEA,CE,Towers with Radar,0,28,16,0,44,0,0,40,0,40,0,28,56,0,84,18,0,18,102
11/10/2002,ERI,PA,AEA,CE,Towers with Radar,0,25,12,0,37,0,1,0,0,1,0,26,12,0,38,0,0,0,38
11/11/2002,ERI,PA,AEA,CE,Towers with Radar,0,37,22,0,59,0,0,16,0,16,0,37,38,0,75,28,0,28,103
11/12/2002,ERI,PA,AEA,CE,Towers with Radar,0,39,26,0,65,0,0,29,0,29,0,39,55,0,94,90,0,90,184
11/13/2002,ERI,PA,AEA,CE,Towers with Radar,0,33,26,1,60,0,0,48,2,50,0,33,74,3,110,64,0,64,174
11/14/2002,ERI,PA,AEA,CE,Towers with Radar,0,35,21,1,57,0,0,48,1,49,0,35,69,2,106,48,0,48,154
11/15/2002,ERI,PA,AEA,CE,Towers with Radar,0,39,9,0,48,0,1,1,0,2,0,40,10,0,50,0,0,0,50
11/16/2002,ERI,PA,AEA,CE,Towers with Radar,0,21,11,0,32,0,12,2,0,14,0,33,13,0,46,2,0,2,48
11/17/2002,ERI,PA,AEA,CE,Towers with Radar,0,27,9,0,36,0,1,1,0,2,0,28,10,0,38,0,0,0,38
11/18/2002,ERI,PA,AEA,CE,Towers with Radar,2,35,27,0,64,0,1,12,0,13,2,36,39,0,77,12,0,12,89
11/19/2002,ERI,PA,AEA,CE,Towers with Radar,0,41,24,0,65,0,0,16,0,16,0,41,40,0,81,17,0,17,98
11/20/2002,ERI,PA,AEA,CE,Towers with Radar,0,37,29,2,68,1,0,135,5,141,1,37,164,7,209,136,4,140,349
11/21/2002,ERI,PA,AEA,CE,Towers with Radar,0,41,23,0,64,0,0,55,0,55,0,41,78,0,119,34,0,34,153
11/22/2002,ERI,PA,AEA,CE,Towers with Radar,0,40,18,0,58,0,1,0,0,1,0,41,18,0,59,0,0,0,59
11/23/2002,ERI,PA,AEA,CE,Towers with Radar,0,27,15,0,42,0,5,51,0,56,0,32,66,0,98,32,0,32,130
11/24/2002,ERI,PA,AEA,CE,Towers with Radar,0,25,15,0,40,0,6,39,0,45,0,31,54,0,85,82,0,82,167
11/25/2002,ERI,PA,AEA,CE,Towers with Radar,0,32,18,0,50,0,8,11,0,19,0,40,29,0,69,60,0,60,129
11/26/2002,ERI,PA,AEA,CE,Towers with Radar,0,34,23,0,57,0,0,60,0,60,0,34,83,0,117,73,0,73,190
11/27/2002,ERI,PA,AEA,CE,Towers with Radar,0,35,20,0,55,0,5,60,0,65,0,40,80,0,120,82,0,82,202
11/28/2002,ERI,PA,AEA,CE,Towers with Radar,0,19,7,0,26,0,10,0,0,10,0,29,7,0,36,0,0,0,36
11/29/2002,ERI,PA,AEA,CE,Towers with Radar,0,29,12,0,41,0,7,0,0,7,0,36,12,0,48,0,0,0,48
11/30/2002,ERI,PA,AEA,CE,Towers with Radar,0,18,4,0,22,0,11,0,0,11,0,29,4,0,33,0,0,0,33
12/01/2002,ERI,PA,AEA,CE,Towers with Radar,2,34,12,0,48,0,0,1,0,1,2,34,13,0,49,0,0,0,49
12/02/2002,ERI,PA,AEA,CE,Towers with Radar,0,22,4,0,26,0,0,1,0,1,0,22,5,0,27,0,0,0,27
12/03/2002,ERI,PA,AEA,CE,Towers with Radar,0,29,26,0,55,0,0,17,0,17,0,29,43,0,72,16,0,16,88
12/04/2002,ERI,PA,AEA,CE,Towers with Radar,0,35,22,0,57,2,0,45,0,47,2,35,67,0,104,38,0,38,142
12/05/2002,ERI,PA,AEA,CE,Towers with Radar,0,31,28,11,70,0,0,38,0,38,0,31,66,11,108,38,8,46,154
12/06/2002,ERI,PA,AEA,CE,Towers with Radar,0,37,23,2,62,0,0,8,0,8,0,37,31,2,70,0,0,0,70
12/07/2002,ERI,PA,AEA,CE,Towers with Radar,0,23,17,0,40,0,0,54,0,54,0,23,71,0,94,94,0,94,188
12/08/2002,ERI,PA,AEA,CE,Towers with Radar,0,22,9,0,31,0,7,0,0,7,0,29,9,0,38,3,0,3,41
12/09/2002,ERI,PA,AEA,CE,Towers with Radar,0,41,23,0,64,0,0,53,0,53,0,41,76,0,117,58,0,58,175
12/10/2002,ERI,PA,AEA,CE,Towers with Radar,0,40,20,1,61,0,4,65,3,72,0,44,85,4,133,92,0,92,225
12/11/2002,ERI,PA,AEA,CE,Towers with Radar,0,33,19,0,52,0,0,33,0,33,0,33,52,0,85,33,0,33,118
12/12/2002,ERI,PA,AEA,CE,Towers with Radar,0,38,21,0,59,0,0,29,0,29,0,38,50,0,88,30,0,30,118
12/13/2002,ERI,PA,AEA,CE,Towers with Radar,0,39,20,0,59,0,0,6,0,6,0,39,26,0,65,18,0,18,83
12/14/2002,ERI,PA,AEA,CE,Towers with Radar,0,24,18,0,42,0,0,0,0,0,0,24,18,0,42,0,0,0,42
12/15/2002,ERI,PA,AEA,CE,Towers with Radar,0,24,12,0,36,0,3,18,0,21,0,27,30,0,57,0,0,0,57
12/16/2002,ERI,PA,AEA,CE,Towers with Radar,0,36,19,0,55,0,1,28,0,29,0,37,47,0,84,72,0,72,156
12/17/2002,ERI,PA,AEA,CE,Towers with Radar,0,44,25,1,70,0,0,57,3,60,0,44,82,4,130,106,6,112,242
12/18/2002,ERI,PA,AEA,CE,Towers with Radar,0,53,28,1,82,0,0,18,21,39,0,53,46,22,121,40,4,44,165
12/19/2002,ERI,PA,AEA,CE,Towers with Radar,0,48,25,1,74,0,0,27,2,29,0,48,52,3,103,30,0,30,133
12/20/2002,ERI,PA,AEA,CE,Towers with Radar,0,37,19,0,56,0,5,10,0,15,0,42,29,0,71,22,0,22,93
12/21/2002,ERI,PA,AEA,CE,Towers with Radar,0,23,7,0,30,0,0,0,0,0,0,23,7,0,30,0,0,0,30
12/22/2002,ERI,PA,AEA,CE,Towers with Radar,0,19,5,0,24,0,8,0,0,8,0,27,5,0,32,10,0,10,42
12/23/2002,ERI,PA,AEA,CE,Towers with Radar,0,27,14,0,41,0,3,4,0,7,0,30,18,0,48,4,0,4,52
12/24/2002,ERI,PA,AEA,CE,Towers with Radar,0,29,15,0,44,0,5,9,0,14,0,34,24,0,58,62,0,62,120
12/25/2002,ERI,PA,AEA,CE,Towers with Radar,0,14,2,0,16,0,10,0,0,10,0,24,2,0,26,0,0,0,26
12/26/2002,ERI,PA,AEA,CE,Towers with Radar,0,36,10,0,46,0,0,0,0,0,0,36,10,0,46,0,0,0,46
12/27/2002,ERI,PA,AEA,CE,Towers with Radar,0,33,29,0,62,0,0,16,0,16,0,33,45,0,78,50,0,50,128
12/28/2002,ERI,PA,AEA,CE,Towers with Radar,0,22,15,0,37,0,0,0,0,0,0,22,15,0,37,0,0,0,37
12/29/2002,ERI,PA,AEA,CE,Towers with Radar,0,25,13,0,38,0,5,35,0,40,0,30,48,0,78,62,0,62,140
12/30/2002,ERI,PA,AEA,CE,Towers with Radar,0,37,16,2,55,0,1,0,0,1,0,38,16,2,56,4,4,8,64
12/31/2002,ERI,PA,AEA,CE,Towers with Radar,0,32,11,0,43,0,0,0,0,0,0,32,11,0,43,6,0,6,49
01/01/2003,ERI,PA,AEA,CE,Towers with Radar,0,23,0,0,23,0,1,19,0,20,0,24,19,0,43,12,0,12,55
01/02/2003,ERI,PA,AEA,CE,Towers with Radar,0,35,8,0,43,0,0,16,0,16,0,35,24,0,59,16,0,16,75
01/03/2003,ERI,PA,AEA,CE,Towers with Radar,0,36,13,0,49,0,0,0,0,0,0,36,13,0,49,0,0,0,49
01/04/2003,ERI,PA,AEA,CE,Towers with Radar,0,25,10,0,35,0,0,0,0,0,0,25,10,0,35,0,0,0,35
01/05/2003,ERI,PA,AEA,CE,Towers with Radar,0,23,9,0,32,0,1,17,0,18,0,24,26,0,50,18,0,18,68
01/06/2003,ERI,PA,AEA,CE,Towers with Radar,1,37,13,0,51,0,1,1,0,2,1,38,14,0,53,0,0,0,53
01/07/2003,ERI,PA,AEA,CE,Towers with Radar,0,42,21,0,63,0,1,17,0,18,0,43,38,0,81,2,0,2,83
01/08/2003,ERI,PA,AEA,CE,Towers with Radar,0,39,26,0,65,0,0,43,0,43,0,39,69,0,108,46,0,46,154
01/09/2003,ERI,PA,AEA,CE,Towers with Radar,0,40,22,1,63,0,0,8,7,15,0,40,30,8,78,2,10,12,90
01/10/2003,ERI,PA,AEA,CE,Towers with Radar,0,34,13,0,47,0,1,0,0,1,0,35,13,0,48,4,0,4,52
01/11/2003,ERI,PA,AEA,CE,Towers with Radar,0,19,4,0,23,0,4,0,0,4,0,23,4,0,27,0,0,0,27
01/12/2003,ERI,PA,AEA,CE,Towers with Radar,0,27,17,0,44,0,0,24,0,24,0,27,41,0,68,18,0,18,86
01/13/2003,ERI,PA,AEA,CE,Towers with Radar,0,26,14,0,40,0,11,1,0,12,0,37,15,0,52,12,0,12,64
01/14/2003,ERI,PA,AEA,CE,Towers with Radar,0,36,18,0,54,0,3,16,0,19,0,39,34,0,73,20,0,20,93
01/15/2003,ERI,PA,AEA,CE,Towers with Radar,0,34,18,0,52,0,5,11,6,22,0,39,29,6,74,0,6,6,80
01/16/2003,ERI,PA,AEA,CE,Towers with Radar,0,37,19,0,56,0,8,16,1,25,0,45,35,1,81,61,0,61,142
01/17/2003,ERI,PA,AEA,CE,Towers with Radar,0,39,20,0,59,0,0,26,0,26,0,39,46,0,85,40,0,40,125
01/18/2003,ERI,PA,AEA,CE,Towers with Radar,0,19,15,0,34,0,0,37,0,37,0,19,52,0,71,34,0,34,105
01/19/2003,ERI,PA,AEA,CE,Towers with Radar,0,20,10,0,30,0,3,5,0,8,0,23,15,0,38,2,0,2,40
01/20/2003,ERI,PA,AEA,CE,Towers with Radar,0,32,15,0,47,2,9,5,0,16,2,41,20,0,63,0,0,0,63
01/21/2003,ERI,PA,AEA,CE,Towers with Radar,0,45,20,0,65,0,9,28,0,37,0,54,48,0,102,46,0,46,148
01/22/2003,ERI,PA,AEA,CE,Towers with Radar,0,43,22,2,67,0,0,0,5,5,0,43,22,7,72,12,12,24,96
01/23/2003,ERI,PA,AEA,CE,Towers with Radar,0,38,17,0,55,0,3,1,0,4,0,41,18,0,59,0,0,0,59
01/24/2003,ERI,PA,AEA,CE,Towers with Radar,0,43,22,0,65,0,0,10,0,10,0,43,32,0,75,8,0,8,83
01/25/2003,ERI,PA,AEA,CE,Towers with Radar,0,26,11,0,37,0,2,48,0,50,0,28,59,0,87,46,0,46,133
01/26/2003,ERI,PA,AEA,CE,Towers with Radar,0,27,2,0,29,0,0,0,0,0,0,27,2,0,29,0,0,0,29
01/27/2003,ERI,PA,AEA,CE,Towers with Radar,0,42,19,0,61,2,0,60,0,62,2,42,79,0,123,102,0,102,225
01/28/2003,ERI,PA,AEA,CE,Towers with Radar,0,44,17,0,61,0,0,17,0,17,0,44,34,0,78,33,0,33,111
01/29/2003,ERI,PA,AEA,CE,Towers with Radar,0,47,20,1,68,2,1,15,0,18,2,48,35,1,86,32,2,34,120
01/30/2003,ERI,PA,AEA,CE,Towers with Radar,0,46,22,2,70,0,0,69,2,71,0,46,91,4,141,50,0,50,191
01/31/2003,ERI,PA,AEA,CE,Towers with Radar,0,42,19,0,61,0,3,44,0,47,0,45,63,0,108,14,0,14,122
02/01/2003,ERI,PA,AEA,CE,Towers with Radar,0,27,1,0,28,0,1,1,0,2,0,28,2,0,30,0,0,0,30
02/02/2003,ERI,PA,AEA,CE,Towers with Radar,0,26,20,0,46,0,2,49,0,51,0,28,69,0,97,66,0,66,163
02/03/2003,ERI,PA,AEA,CE,Towers with Radar,0,39,20,0,59,0,6,51,0,57,0,45,71,0,116,81,0,81,197
02/04/2003,ERI,PA,AEA,CE,Towers with Radar,0,26,8,0,34,0,13,0,0,13,0,39,8,0,47,0,0,0,47
02/05/2003,ERI,PA,AEA,CE,Towers with Radar,0,35,17,0,52,0,4,1,0,5,0,39,18,0,57,8,0,8,65
02/06/2003,ERI,PA,AEA,CE,Towers with Radar,0,40,22,0,62,0,0,34,0,34,0,40,56,0,96,14,0,14,110
02/07/2003,ERI,PA,AEA,CE,Towers with Radar,0,39,10,0,49,0,0,0,0,0,0,39,10,0,49,0,0,0,49
02/08/2003,ERI,PA,AEA,CE,Towers with Radar,0,31,17,0,48,0,0,65,0,65,0,31,82,0,113,31,0,31,144
02/09/2003,ERI,PA,AEA,CE,Towers with Radar,0,28,10,0,38,0,1,6,0,7,0,29,16,0,45,4,0,4,49
02/10/2003,ERI,PA,AEA,CE,Towers with Radar,0,38,11,0,49,0,2,0,0,2,0,40,11,0,51,0,0,0,51
02/11/2003,ERI,PA,AEA,CE,Towers with Radar,0,38,23,0,61,0,0,0,0,0,0,38,23,0,61,10,0,10,71
02/12/2003,ERI,PA,AEA,CE,Towers with Radar,0,33,11,0,44,0,10,0,0,10,0,43,11,0,54,0,0,0,54
02/13/2003,ERI,PA,AEA,CE,Towers with Radar,0,40,24,0,64,0,0,20,0,20,0,40,44,0,84,20,0,20,104
02/14/2003,ERI,PA,AEA,CE,Towers with Radar,0,46,23,0,69,0,0,30,0,30,0,46,53,0,99,86,0,86,185
02/15/2003,ERI,PA,AEA,CE,Towers with Radar,0,24,11,0,35,0,10,35,0,45,0,34,46,0,80,70,0,70,150
02/16/2003,ERI,PA,AEA,CE,Towers with Radar,0,26,12,0,38,2,6,7,0,15,2,32,19,0,53,36,0,36,89
02/17/2003,ERI,PA,AEA,CE,Towers with Radar,0,21,3,0,24,0,11,0,0,11,0,32,3,0,35,0,0,0,35
02/18/2003,ERI,PA,AEA,CE,Towers with Radar,0,47,27,0,74,0,1,0,0,1,0,48,27,0,75,0,0,0,75
02/19/2003,ERI,PA,AEA,CE,Towers with Radar,0,43,22,0,65,0,0,7,0,7,0,43,29,0,72,2,0,2,74
02/20/2003,ERI,PA,AEA,CE,Towers with Radar,0,43,23,0,66,0,0,68,0,68,0,43,91,0,134,42,0,42,176
02/21/2003,ERI,PA,AEA,CE,Towers with Radar,0,42,23,0,65,0,0,55,0,55,0,42,78,0,120,40,0,40,160
02/22/2003,ERI,PA,AEA,CE,Towers with Radar,0,19,6,0,25,0,1,0,0,1,0,20,6,0,26,0,0,0,26
02/23/2003,ERI,PA,AEA,CE,Towers with Radar,0,26,4,0,30,0,1,0,0,1,0,27,4,0,31,0,0,0,31
02/24/2003,ERI,PA,AEA,CE,Towers with Radar,0,37,9,0,46,0,1,0,0,1,0,38,9,0,47,0,0,0,47
02/25/2003,ERI,PA,AEA,CE,Towers with Radar,0,36,17,0,53,2,4,10,0,16,2,40,27,0,69,14,0,14,83
02/26/2003,ERI,PA,AEA,CE,Towers with Radar,0,39,23,1,63,0,0,39,47,86,0,39,62,48,149,37,19,56,205
02/27/2003,ERI,PA,AEA,CE,Towers with Radar,0,42,21,0,63,0,0,13,0,13,0,42,34,0,76,26,0,26,102
02/28/2003,ERI,PA,AEA,CE,Towers with Radar,1,41,14,7,63,0,1,0,0,1,1,42,14,7,64,0,0,0,64
03/01/2003,ERI,PA,AEA,CE,Towers with Radar,0,24,9,0,33,0,6,3,0,9,0,30,12,0,42,14,0,14,56
03/02/2003,ERI,PA,AEA,CE,Towers with Radar,0,30,10,0,40,0,1,0,0,1,0,31,10,0,41,0,0,0,41
03/03/2003,ERI,PA,AEA,CE,Towers with Radar,0,37,17,1,55,0,9,22,7,38,0,46,39,8,93,18,6,24,117
03/04/2003,ERI,PA,AEA,CE,Towers with Radar,0,36,17,0,53,0,11,10,0,21,0,47,27,0,74,26,0,26,100
03/05/2003,ERI,PA,AEA,CE,Towers with Radar,0,33,7,0,40,0,13,0,0,13,0,46,7,0,53,2,0,2,55
03/06/2003,ERI,PA,AEA,CE,Towers with Radar,0,43,20,0,63,0,4,4,0,8,0,47,24,0,71,4,0,4,75
03/07/2003,ERI,PA,AEA,CE,Towers with Radar,0,54,25,0,79,0,0,71,0,71,0,54,96,0,150,104,0,104,254
03/08/2003,ERI,PA,AEA,CE,Towers with Radar,0,30,20,0,50,0,2,46,0,48,0,32,66,0,98,70,0,70,168
03/09/2003,ERI,PA,AEA,CE,Towers with Radar,0,26,12,0,38,0,11,31,0,42,0,37,43,0,80,33,0,33,113
03/10/2003,ERI,PA,AEA,CE,Towers with Radar,0,32,9,0,41,0,15,0,0,15,0,47,9,0,56,0,0,0,56
03/11/2003,ERI,PA,AEA,CE,Towers with Radar,0,46,18,0,64,0,1,73,0,74,0,47,91,0,138,72,0,72,210
03/12/2003,ERI,PA,AEA,CE,Towers with Radar,0,45,20,2,67,0,0,32,12,44,0,45,52,14,111,96,12,108,219
03/13/2003,ERI,PA,AEA,CE,Towers with Radar,0,33,12,0,45,0,8,0,0,8,0,41,12,0,53,0,0,0,53
03/14/2003,ERI,PA,AEA,CE,Towers with Radar,0,46,21,0,67,1,4,53,0,58,1,50,74,0,125,53,0,53,178
03/15/2003,ERI,PA,AEA,CE,Towers with Radar,0,28,14,0,42,0,0,142,0,142,0,28,156,0,184,104,0,104,288
03/16/2003,ERI,PA,AEA,CE,Towers with Radar,0,35,16,0,51,0,5,87,0,92,0,40,103,0,143,68,0,68,211
03/17/2003,ERI,PA,AEA,CE,Towers with Radar,0,41,22,0,63,0,0,73,0,73,0,41,95,0,136,113,0,113,249
03/18/2003,ERI,PA,AEA,CE,Towers with Radar,0,38,19,0,57,0,0,9,0,9,0,38,28,0,66,12,0,12,78
03/19/2003,ERI,PA,AEA,CE,Towers with Radar,0,49,14,5,68,0,1,18,0,19,0,50,32,5,87,16,4,20,107
03/20/2003,ERI,PA,AEA,CE,Towers with Radar,0,41,14,0,55,0,7,0,0,7,0,48,14,0,62,0,0,0,62
03/21/2003,ERI,PA,AEA,CE,Towers with Radar,0,43,20,1,64,0,0,7,2,9,0,43,27,3,73,10,0,10,83
03/22/2003,ERI,PA,AEA,CE,Towers with Radar,0,32,16,1,49,0,0,25,1,26,0,32,41,2,75,100,0,100,175
03/23/2003,ERI,PA,AEA,CE,Towers with Radar,0,31,20,1,52,0,0,71,1,72,0,31,91,2,124,72,0,72,196
03/24/2003,ERI,PA,AEA,CE,Towers with Radar,0,46,25,2,73,0,0,74,4,78,0,46,99,6,151,120,10,130,281
03/25/2003,ERI,PA,AEA,CE,Towers with Radar,0,47,21,2,70,0,0,13,3,16,0,47,34,5,86,54,2,56,142
03/26/2003,ERI,PA,AEA,CE,Towers with Radar,0,45,25,2,72,2,0,40,8,50,2,45,65,10,122,18,10,28,150
03/27/2003,ERI,PA,AEA,CE,Towers with Radar,0,46,21,0,67,0,0,38,0,38,0,46,59,0,105,44,0,44,149
03/28/2003,ERI,PA,AEA,CE,Towers with Radar,0,47,25,0,72,0,0,20,0,20,0,47,45,0,92,28,0,28,120
03/29/2003,ERI,PA,AEA,CE,Towers with Radar,0,37,12,0,49,0,0,0,0,0,0,37,12,0,49,0,0,0,49
03/30/2003,ERI,PA,AEA,CE,Towers with Radar,0,34,14,0,48,0,0,15,0,15,0,34,29,0,63,36,0,36,99
03/31/2003,ERI,PA,AEA,CE,Towers with Radar,0,44,21,0,65,0,0,11,0,11,0,44,32,0,76,4,0,4,80
04/01/2003,ERI,PA,AEA,CE,Towers with Radar,0,40,26,2,68,0,2,11,0,13,0,42,37,2,81,8,0,8,89
04/02/2003,ERI,PA,AEA,CE,Towers with Radar,0,39,20,2,61,0,0,26,0,26,0,39,46,2,87,23,0,23,110
04/03/2003,ERI,PA,AEA,CE,Towers with Radar,0,41,24,0,65,0,0,0,0,0,0,41,24,0,65,0,0,0,65
04/04/2003,ERI,PA,AEA,CE,Towers with Radar,0,39,6,0,45,0,0,0,0,0,0,39,6,0,45,0,0,0,45
04/05/2003,ERI,PA,AEA,CE,Towers with Radar,0,36,11,0,47,0,0,1,0,1,0,36,12,0,48,2,0,2,50
04/06/2003,ERI,PA,AEA,CE,Towers with Radar,0,42,18,0,60,0,0,53,0,53,0,42,71,0,113,74,0,74,187
04/07/2003,ERI,PA,AEA,CE,Towers with Radar,0,42,4,0,46,0,0,0,0,0,0,42,4,0,46,0,0,0,46
04/08/2003,ERI,PA,AEA,CE,Towers with Radar,0,58,15,0,73,0,0,0,0,0,0,58,15,0,73,0,0,0,73
04/09/2003,ERI,PA,AEA,CE,Towers with Radar,0,54,21,6,81,0,1,1,0,2,0,55,22,6,83,8,8,16,99
04/10/2003,ERI,PA,AEA,CE,Towers with Radar,0,51,21,0,72,0,0,45,0,45,0,51,66,0,117,36,0,36,153
04/11/2003,ERI,PA,AEA,CE,Towers with Radar,0,38,46,0,84,0,0,49,0,49,0,38,95,0,133,136,0,136,269
04/12/2003,ERI,PA,AEA,CE,Towers with Radar,0,30,15,0,45,0,0,99,0,99,0,30,114,0,144,116,0,116,260
04/13/2003,ERI,PA,AEA,CE,Towers with Radar,0,38,13,0,51,0,0,86,0,86,0,38,99,0,137,58,0,58,195
04/14/2003,ERI,PA,AEA,CE,Towers with Radar,0,46,22,0,68,0,0,45,0,45,0,46,67,0,113,42,0,42,155
04/15/2003,ERI,PA,AEA,CE,Towers with Radar,0,45,21,0,66,0,0,63,0,63,0,45,84,0,129,56,0,56,185
04/16/2003,ERI,PA,AEA,CE,Towers with Radar,0,45,22,0,67,0,0,46,0,46,0,45,68,0,113,22,0,22,135
04/17/2003,ERI,PA,AEA,CE,Towers with Radar,0,50,17,0,67,0,0,10,0,10,0,50,27,0,77,4,0,4,81
04/18/2003,ERI,PA,AEA,CE,Towers with Radar,0,49,10,0,59,0,0,11,0,11,0,49,21,0,70,4,0,4,74
04/19/2003,ERI,PA,AEA,CE,Towers with Radar,1,31,14,0,46,0,0,35,0,35,1,31,49,0,81,34,0,34,115
04/20/2003,ERI,PA,AEA,CE,Towers with Radar,0,37,15,0,52,0,0,4,0,4,0,37,19,0,56,4,0,4,60
04/21/2003,ERI,PA,AEA,CE,Towers with Radar,0,53,27,0,80,0,1,41,0,42,0,54,68,0,122,64,0,64,186
04/22/2003,ERI,PA,AEA,CE,Towers with Radar,0,50,11,3,64,0,1,1,0,2,0,51,12,3,66,0,0,0,66
04/23/2003,ERI,PA,AEA,CE,Towers with Radar,0,47,18,0,65,0,0,77,0,77,0,47,95,0,142,58,0,58,200
04/24/2003,ERI,PA,AEA,CE,Towers with Radar,0,51,42,5,98,0,0,101,0,101,0,51,143,5,199,136,4,140,339
04/25/2003,ERI,PA,AEA,CE,Towers with Radar,0,50,19,0,69,0,0,47,0,47,0,50,66,0,116,66,0,66,182
04/26/2003,ERI,PA,AEA,CE,Towers with Radar,0,31,20,0,51,0,0,42,0,42,0,31,62,0,93,64,0,64,157
04/27/2003,ERI,PA,AEA,CE,Towers with Radar,1,40,10,0,51,0,2,116,0,118,1,42,126,0,169,86,0,86,255
04/28/2003,ERI,PA,AEA,CE,Towers with Radar,0,47,20,12,79,0,0,37,1,38,0,47,57,13,117,38,10,48,165
04/29/2003,ERI,PA,AEA,CE,Towers with Radar,2,48,44,12,106,0,0,52,0,52,2,48,96,12,158,48,12,60,218
04/30/2003,ERI,PA,AEA,CE,Towers with Radar,0,44,22,0,66,0,0,30,0,30,0,44,52,0,96,40,0,40,136
05/01/2003,ERI,PA,AEA,CE,Towers with Radar,0,52,24,0,76,0,0,12,0,12,0,52,36,0,88,14,0,14,102
05/02/2003,ERI,PA,AEA,CE,Towers with Radar,0,53,25,0,78,0,0,1,0,1,0,53,26,0,79,0,0,0,79
05/03/2003,ERI,PA,AEA,CE,Towers with Radar,0,33,12,0,45,0,0,62,0,62,0,33,74,0,107,38,0,38,145
05/04/2003,ERI,PA,AEA,CE,Towers with Radar,0,40,14,3,57,0,2,88,0,90,0,42,102,3,147,98,0,98,245
05/05/2003,ERI,PA,AEA,CE,Towers with Radar,0,44,16,2,62,0,1,1,0,2,0,45,17,2,64,0,0,0,64
05/06/2003,ERI,PA,AEA,CE,Towers with Radar,0,52,13,0,65,0,0,34,0,34,0,52,47,0,99,52,0,52,151
05/07/2003,ERI,PA,AEA,CE,Towers with Radar,0,49,24,0,73,0,1,9,0,10,0,50,33,0,83,24,0,24,107
05/08/2003,ERI,PA,AEA,CE,Towers with Radar,0,48,26,0,74,0,0,7,0,7,0,48,33,0,81,6,0,6,87
05/09/2003,ERI,PA,AEA,CE,Towers with Radar,0,52,15,0,67,0,1,47,0,48,0,53,62,0,115,52,0,52,167
05/10/2003,ERI,PA,AEA,CE,Towers with Radar,0,30,13,0,43,0,0,34,0,34,0,30,47,0,77,92,0,92,169
05/11/2003,ERI,PA,AEA,CE,Towers with Radar,0,37,1,0,38,0,0,1,0,1,0,37,2,0,39,0,0,0,39
05/12/2003,ERI,PA,AEA,CE,Towers with Radar,0,53,11,0,64,0,0,2,0,2,0,53,13,0,66,0,0,0,66
05/13/2003,ERI,PA,AEA,CE,Towers with Radar,0,58,16,0,74,0,1,5,0,6,0,59,21,0,80,20,0,20,100
05/14/2003,ERI,PA,AEA,CE,Towers with Radar,0,53,34,0,87,0,0,71,0,71,0,53,105,0,158,68,0,68,226
05/15/2003,ERI,PA,AEA,CE,Towers with Radar,0,62,44,0,106,0,0,37,0,37,0,62,81,0,143,72,0,72,215
05/16/2003,ERI,PA,AEA,CE,Towers with Radar,0,52,31,0,83,0,2,4,0,6,0,54,35,0,89,12,0,12,101
05/17/2003,ERI,PA,AEA,CE,Towers with Radar,0,40,17,0,57,0,0,76,0,76,0,40,93,0,133,78,0,78,211
05/18/2003,ERI,PA,AEA,CE,Towers with Radar,0,38,35,0,73,0,2,73,0,75,0,40,108,0,148,104,0,104,252
05/19/2003,ERI,PA,AEA,CE,Towers with Radar,1,50,16,0,67,0,2,88,0,90,1,52,104,0,157,64,0,64,221
05/20/2003,ERI,PA,AEA,CE,Towers with Radar,0,50,31,0,81,0,0,0,0,0,0,50,31,0,81,0,0,0,81
05/21/2003,ERI,PA,AEA,CE,Towers with Radar,2,52,34,0,88,0,0,65,0,65,2,52,99,0,153,72,0,72,225
05/22/2003,ERI,PA,AEA,CE,Towers with Radar,0,54,44,0,98,0,0,55,0,55,0,54,99,0,153,91,0,91,244
05/23/2003,ERI,PA,AEA,CE,Towers with Radar,0,52,35,0,87,0,0,11,0,11,0,52,46,0,98,22,0,22,120
05/24/2003,ERI,PA,AEA,CE,Towers with Radar,0,36,34,0,70,0,0,37,0,37,0,36,71,0,107,56,0,56,163
05/25/2003,ERI,PA,AEA,CE,Towers with Radar,0,33,28,0,61,0,0,39,0,39,0,33,67,0,100,58,0,58,158
05/26/2003,ERI,PA,AEA,CE,Towers with Radar,0,37,22,0,59,0,0,79,0,79,0,37,101,0,138,63,0,63,201
05/27/2003,ERI,PA,AEA,CE,Towers with Radar,0,42,25,4,71,0,0,26,0,26,0,42,51,4,97,30,0,30,127
05/28/2003,ERI,PA,AEA,CE,Towers with Radar,0,49,25,0,74,0,0,36,0,36,0,49,61,0,110,52,0,52,162
05/29/2003,ERI,PA,AEA,CE,Towers with Radar,0,55,48,8,111,0,0,99,0,99,0,55,147,8,210,136,14,150,360
05/30/2003,ERI,PA,AEA,CE,Towers with Radar,0,61,17,0,78,0,0,42,0,42,0,61,59,0,120,54,0,54,174
05/31/2003,ERI,PA,AEA,CE,Towers with Radar,0,31,2,0,33,0,0,0,0,0,0,31,2,0,33,0,0,0,33
06/01/2003,ERI,PA,AEA,CE,Towers with Radar,0,39,22,0,61,0,0,59,0,59,0,39,81,0,120,36,0,36,156
06/02/2003,ERI,PA,AEA,CE,Towers with Radar,0,52,24,2,78,0,0,79,0,79,0,52,103,2,157,48,4,52,209
06/03/2003,ERI,PA,AEA,CE,Towers with Radar,0,45,29,0,74,0,0,33,0,33,0,45,62,0,107,32,0,32,139
06/04/2003,ERI,PA,AEA,CE,Towers with Radar,0,51,51,9,111,0,1,21,0,22,0,52,72,9,133,38,0,38,171
06/05/2003,ERI,PA,AEA,CE,Towers with Radar,5,50,16,0,71,0,1,2,0,3,5,51,18,0,74,0,0,0,74
06/06/2003,ERI,PA,AEA,CE,Towers with Radar,0,55,29,7,91,0,0,67,0,67,0,55,96,7,158,58,12,70,228
06/07/2003,ERI,PA,AEA,CE,Towers with Radar,0,33,19,0,52,0,0,51,0,51,0,33,70,0,103,30,0,30,133
06/08/2003,ERI,PA,AEA,CE,Towers with Radar,0,35,24,0,59,0,0,30,0,30,0,35,54,0,89,80,0,80,169
06/09/2003,ERI,PA,AEA,CE,Towers with Radar,0,48,22,0,70,0,0,30,0,30,0,48,52,0,100,20,0,20,120
06/10/2003,ERI,PA,AEA,CE,Towers with Radar,0,48,28,0,76,0,4,62,0,66,0,52,90,0,142,56,0,56,198
06/11/2003,ERI,PA,AEA,CE,Towers with Radar,0,47,31,4,82,0,0,17,0,17,0,47,48,4,99,102,6,108,207
06/12/2003,ERI,PA,AEA,CE,Towers with Radar,0,52,30,3,85,0,0,1,0,1,0,52,31,3,86,10,0,10,96
06/13/2003,ERI,PA,AEA,CE,Towers with Radar,0,52,17,0,69,0,0,9,0,9,0,52,26,0,78,0,0,0,78
06/14/2003,ERI,PA,AEA,CE,Towers with Radar,0,38,24,0,62,0,0,32,0,32,0,38,56,0,94,66,0,66,160
06/15/2003,ERI,PA,AEA,CE,Towers with Radar,2,38,36,0,76,0,0,163,0,163,2,38,199,0,239,144,0,144,383
06/16/2003,ERI,PA,AEA,CE,Towers with Radar,0,46,18,2,66,0,2,88,0,90,0,48,106,2,156,90,2,92,248
06/17/2003,ERI,PA,AEA,CE,Towers with Radar,2,54,42,7,105,0,0,71,0,71,2,54,113,7,176,78,14,92,268
06/18/2003,ERI,PA,AEA,CE,Towers with Radar,0,49,47,5,101,0,0,36,0,36,0,49,83,5,137,36,6,42,179
06/19/2003,ERI,PA,AEA,CE,Towers with Radar,0,49,48,4,101,0,2,16,0,18,0,51,64,4,119,28,0,28,147
06/20/2003,ERI,PA,AEA,CE,Towers with Radar,0,50,41,2,93,0,0,68,1,69,0,50,109,3,162,98,0,98,260
06/21/2003,ERI,PA,AEA,CE,Towers with Radar,0,41,31,0,72,0,1,30,0,31,0,42,61,0,103,60,0,60,163
06/22/2003,ERI,PA,AEA,CE,Towers with Radar,0,38,18,0,56,0,1,58,0,59,0,39,76,0,115,50,0,50,165
06/23/2003,ERI,PA,AEA,CE,Towers with Radar,0,48,12,0,60,0,0,99,0,99,0,48,111,0,159,188,5,193,352
06/24/2003,ERI,PA,AEA,CE,Towers with Radar,0,54,37,14,105,0,2,51,0,53,0,56,88,14,158,58,10,68,226
06/25/2003,ERI,PA,AEA,CE,Towers with Radar,2,51,29,0,82,0,0,72,0,72,2,51,101,0,154,87,0,87,241
06/26/2003,ERI,PA,AEA,CE,Towers with Radar,0,51,25,0,76,0,0,54,0,54,0,51,79,0,130,82,0,82,212
06/27/2003,ERI,PA,AEA,CE,Towers with Radar,0,51,13,0,64,0,0,97,0,97,0,51,110,0,161,76,0,76,237
06/28/2003,ERI,PA,AEA,CE,Towers with Radar,0,36,17,0,53,0,0,93,0,93,0,36,110,0,146,100,0,100,246
06/29/2003,ERI,PA,AEA,CE,Towers with Radar,2,41,20,0,63,0,0,37,0,37,2,41,57,0,100,48,0,48,148
06/30/2003,ERI,PA,AEA,CE,Towers with Radar,0,45,30,2,77,0,1,39,2,42,0,46,69,4,119,45,2,47,166
07/01/2003,ERI,PA,AEA,CE,Towers with Radar,0,50,24,10,84,0,3,118,0,121,0,53,142,10,205,130,6,136,341
07/02/2003,ERI,PA,AEA,CE,Towers with Radar,0,51,39,14,104,0,4,92,0,96,0,55,131,14,200,121,10,131,331
07/03/2003,ERI,PA,AEA,CE,Towers with Radar,0,46,34,0,80,0,0,150,0,150,0,46,184,0,230,147,0,147,377
07/04/2003,ERI,PA,AEA,CE,Towers with Radar,0,34,10,0,44,0,0,27,0,27,0,34,37,0,71,34,0,34,105
07/05/2003,ERI,PA,AEA,CE,Towers with Radar,0,33,16,0,49,0,0,54,0,54,0,33,70,0,103,48,0,48,151
07/06/2003,ERI,PA,AEA,CE,Towers with Radar,1,45,21,0,67,0,1,73,2,76,1,46,94,2,143,82,0,82,225
07/07/2003,ERI,PA,AEA,CE,Towers with Radar,0,52,29,0,81,0,0,23,0,23,0,52,52,0,104,49,0,49,153
07/08/2003,ERI,PA,AEA,CE,Towers with Radar,0,47,31,0,78,0,0,42,0,42,0,47,73,0,120,34,0,34,154
07/09/2003,ERI,PA,AEA,CE,Towers with Radar,0,59,20,0,79,0,0,108,0,108,0,59,128,0,187,140,0,140,327
07/10/2003,ERI,PA,AEA,CE,Towers with Radar,0,56,26,0,82,0,0,56,0,56,0,56,82,0,138,26,0,26,164
07/11/2003,ERI,PA,AEA,CE,Towers with Radar,0,52,33,0,85,0,0,5,0,5,0,52,38,0,90,2,0,2,92
07/12/2003,ERI,PA,AEA,CE,Towers with Radar,0,36,37,0,73,0,0,40,0,40,0,36,77,0,113,106,0,106,219
07/13/2003,ERI,PA,AEA,CE,Towers with Radar,0,40,26,0,66,0,0,111,0,111,0,40,137,0,177,128,0,128,305
07/14/2003,ERI,PA,AEA,CE,Towers with Radar,0,41,34,0,75,0,0,116,0,116,0,41,150,0,191,97,0,97,288
07/15/2003,ERI,PA,AEA,CE,Towers with Radar,0,47,22,0,69,0,0,73,0,73,0,47,95,0,142,70,0,70,212
07/16/2003,ERI,PA,AEA,CE,Towers with Radar,0,48,33,0,81,0,0,109,0,109,0,48,142,0,190,94,0,94,284
07/17/2003,ERI,PA,AEA,CE,Towers with Radar,0,52,38,0,90,0,0,114,0,114,0,52,152,0,204,148,0,148,352
07/18/2003,ERI,PA,AEA,CE,Towers with Radar,0,50,27,8,85,0,0,65,0,65,0,50,92,8,150,123,4,127,277
07/19/2003,ERI,PA,AEA,CE,Towers with Radar,0,39,25,0,64,0,0,162,0,162,0,39,187,0,226,58,0,58,284
07/20/2003,ERI,PA,AEA,CE,Towers with Radar,0,39,25,0,64,0,0,89,0,89,0,39,114,0,153,48,0,48,201
07/21/2003,ERI,PA,AEA,CE,Towers with Radar,0,50,9,0,59,0,1,4,0,5,0,51,13,0,64,0,0,0,64
07/22/2003,ERI,PA,AEA,CE,Towers with Radar,0,47,25,6,78,0,0,16,0,16,0,47,41,6,94,20,4,24,118
07/23/2003,ERI,PA,AEA,CE,Towers with Radar,0,49,33,0,82,0,1,23,0,24,0,50,56,0,106,52,0,52,158
07/24/2003,ERI,PA,AEA,CE,Towers with Radar,0,47,43,6,96,0,1,68,0,69,0,48,111,6,165,86,10,96,261
07/25/2003,ERI,PA,AEA,CE,Towers with Radar,0,51,37,0,88,0,0,106,0,106,0,51,143,0,194,68,0,68,262
07/26/2003,ERI,PA,AEA,CE,Towers with Radar,0,38,17,0,55,0,4,110,0,114,0,42,127,0,169,92,0,92,261
07/27/2003,ERI,PA,AEA,CE,Towers with Radar,0,41,26,0,67,0,0,5,0,5,0,41,31,0,72,2,0,2,74
07/28/2003,ERI,PA,AEA,CE,Towers with Radar,2,53,50,3,108,0,0,118,0,118,2,53,168,3,226,134,10,144,370
07/29/2003,ERI,PA,AEA,CE,Towers with Radar,0,46,35,25,106,0,0,128,0,128,0,46,163,25,234,144,48,192,426
07/30/2003,ERI,PA,AEA,CE,Towers with Radar,2,50,46,0,98,0,0,91,0,91,2,50,137,0,189,83,0,83,272
07/31/2003,ERI,PA,AEA,CE,Towers with Radar,0,52,42,0,94,0,0,49,0,49,0,52,91,0,143,68,0,68,211
08/01/2003,ERI,PA,AEA,CE,Towers with Radar,0,47,54,0,101,0,0,148,0,148,0,47,202,0,249,148,0,148,397
08/02/2003,ERI,PA,AEA,CE,Towers with Radar,0,40,30,0,70,0,0,94,0,94,0,40,124,0,164,94,0,94,258
08/03/2003,ERI,PA,AEA,CE,Towers with Radar,0,39,30,0,69,0,0,18,0,18,0,39,48,0,87,12,0,12,99
08/04/2003,ERI,PA,AEA,CE,Towers with Radar,0,44,38,0,82,0,2,73,0,75,0,46,111,0,157,158,0,158,315
08/05/2003,ERI,PA,AEA,CE,Towers with Radar,0,47,42,0,89,0,0,27,0,27,0,47,69,0,116,34,0,34,150
08/06/2003,ERI,PA,AEA,CE,Towers with Radar,0,75,34,10,119,0,0,51,0,51,0,75,85,10,170,101,8,109,279
08/07/2003,ERI,PA,AEA,CE,Towers with Radar,0,51,39,0,90,0,0,92,0,92,0,51,131,0,182,111,0,111,293
08/08/2003,ERI,PA,AEA,CE,Towers with Radar,0,53,38,0,91,0,0,55,0,55,0,53,93,0,146,72,0,72,218
08/09/2003,ERI,PA,AEA,CE,Towers with Radar,0,40,32,0,72,0,0,50,0,50,0,40,82,0,122,42,0,42,164
08/10/2003,ERI,PA,AEA,CE,Towers with Radar,0,41,32,0,73,0,0,0,1,1,0,41,32,1,74,8,0,8,82
08/11/2003,ERI,PA,AEA,CE,Towers with Radar,0,45,32,0,77,0,0,60,0,60,0,45,92,0,137,70,0,70,207
08/12/2003,ERI,PA,AEA,CE,Towers with Radar,0,49,43,2,94,0,1,38,2,41,0,50,81,4,135,34,0,34,169
08/13/2003,ERI,PA,AEA,CE,Towers with Radar,0,54,37,17,108,0,0,94,0,94,0,54,131,17,202,59,28,87,289
08/14/2003,ERI,PA,AEA,CE,Towers with Radar,0,42,30,0,72,0,0,70,0,70,0,42,100,0,142,100,0,100,242
08/15/2003,ERI,PA,AEA,CE,Towers with Radar,0,48,28,0,76,0,0,45,0,45,0,48,73,0,121,36,0,36,157
08/16/2003,ERI,PA,AEA,CE,Towers with Radar,0,38,25,0,63,0,0,14,0,14,0,38,39,0,77,14,0,14,91
08/17/2003,ERI,PA,AEA,CE,Towers with Radar,0,42,28,0,70,0,0,47,0,47,0,42,75,0,117,72,0,72,189
08/18/2003,ERI,PA,AEA,CE,Towers with Radar,0,52,39,1,92,0,0,81,0,81,0,52,120,1,173,64,0,64,237
08/19/2003,ERI,PA,AEA,CE,Towers with Radar,0,50,37,35,122,0,0,174,0,174,0,50,211,35,296,110,36,146,442
08/20/2003,ERI,PA,AEA,CE,Towers with Radar,0,52,32,0,84,0,0,83,0,83,0,52,115,0,167,109,0,109,276
08/21/2003,ERI,PA,AEA,CE,Towers with Radar,0,47,44,14,105,0,3,63,0,66,0,50,107,14,171,127,14,141,312
08/22/2003,ERI,PA,AEA,CE,Towers with Radar,0,50,37,0,87,0,0,53,0,53,0,50,90,0,140,74,0,74,214
08/23/2003,ERI,PA,AEA,CE,Towers with Radar,0,40,39,2,81,0,0,78,0,78,0,40,117,2,159,60,2,62,221
08/24/2003,ERI,PA,AEA,CE,Towers with Radar,0,44,20,0,64,0,0,102,0,102,0,44,122,0,166,46,0,46,212
08/25/2003,ERI,PA,AEA,CE,Towers with Radar,2,47,32,11,92,0,0,108,0,108,2,47,140,11,200,88,6,94,294
08/26/2003,ERI,PA,AEA,CE,Towers with Radar,2,50,27,0,79,0,2,14,0,16,2,52,41,0,95,32,0,32,127
08/27/2003,ERI,PA,AEA,CE,Towers with Radar,0,49,27,0,76,0,0,34,0,34,0,49,61,0,110,58,0,58,168
08/28/2003,ERI,PA,AEA,CE,Towers with Radar,0,50,46,0,96,0,2,93,0,95,0,52,139,0,191,110,0,110,301
08/29/2003,ERI,PA,AEA,CE,Towers with Radar,0,49,19,2,70,0,0,12,0,12,0,49,31,2,82,12,0,12,94
08/30/2003,ERI,PA,AEA,CE,Towers with Radar,0,34,32,0,66,0,0,63,0,63,0,34,95,0,129,36,0,36,165
08/31/2003,ERI,PA,AEA,CE,Towers with Radar,0,37,21,2,60,0,0,103,0,103,0,37,124,2,163,64,0,64,227
09/01/2003,ERI,PA,AEA,CE,Towers with Radar,0,41,43,0,84,0,0,0,0,0,0,41,43,0,84,14,0,14,98
09/02/2003,ERI,PA,AEA,CE,Towers with Radar,0,42,59,2,103,0,0,76,0,76,0,42,135,2,179,76,0,76,255
09/03/2003,ERI,PA,AEA,CE,Towers with Radar,0,46,58,2,106,0,0,52,0,52,0,46,110,2,158,104,0,104,262
09/04/2003,ERI,PA,AEA,CE,Towers with Radar,0,47,41,18,106,0,0,62,0,62,0,47,103,18,168,50,8,58,226
09/05/2003,ERI,PA,AEA,CE,Towers with Radar,0,47,41,7,95,0,0,88,0,88,0,47,129,7,183,66,8,74,257
09/06/2003,ERI,PA,AEA,CE,Towers with Radar,1,40,27,0,68,0,0,115,0,115,1,40,142,0,183,102,0,102,285
09/07/2003,ERI,PA,AEA,CE,Towers with Radar,0,42,41,2,85,0,0,96,0,96,0,42,137,2,181,70,0,70,251
09/08/2003,ERI,PA,AEA,CE,Towers with Radar,0,42,44,0,86,0,0,56,0,56,0,42,100,0,142,88,0,88,230
09/09/2003,ERI,PA,AEA,CE,Towers with Radar,0,47,30,2,79,0,0,106,0,106,0,47,136,2,185,122,2,124,309
09/10/2003,ERI,PA,AEA,CE,Towers with Radar,0,46,22,0,68,0,2,81,1,84,0,48,103,1,152,121,0,121,273
09/11/2003,ERI,PA,AEA,CE,Towers with Radar,0,46,73,2,121,0,0,85,0,85,0,46,158,2,206,128,0,128,334
09/12/2003,ERI,PA,AEA,CE,Towers with Radar,0,51,42,0,93,0,0,76,0,76,0,51,118,0,169,72,0,72,241
09/13/2003,ERI,PA,AEA,CE,Towers with Radar,0,43,31,0,74,0,1,82,0,83,0,44,113,0,157,114,0,114,271
09/14/2003,ERI,PA,AEA,CE,Towers with Radar,0,41,28,0,69,0,0,13,0,13,0,41,41,0,82,35,0,35,117
09/15/2003,ERI,PA,AEA,CE,Towers with Radar,0,48,28,0,76,0,0,23,0,23,0,48,51,0,99,36,0,36,135
09/16/2003,ERI,PA,AEA,CE,Towers with Radar,0,44,39,8,91,0,2,65,0,67,0,46,104,8,158,26,8,34,192
09/17/2003,ERI,PA,AEA,CE,Towers with Radar,0,48,24,17,89,0,0,113,0,113,0,48,137,17,202,86,18,104,306
09/18/2003,ERI,PA,AEA,CE,Towers with Radar,0,51,27,1,79,0,0,96,0,96,0,51,123,1,175,136,0,136,311
09/19/2003,ERI,PA,AEA,CE,Towers with Radar,0,45,13,0,58,0,0,4,0,4,0,45,17,0,62,0,0,0,62
09/20/2003,ERI,PA,AEA,CE,Towers with Radar,0,40,33,0,73,0,0,133,0,133,0,40,166,0,206,164,0,164,370
09/21/2003,ERI,PA,AEA,CE,Towers with Radar,0,48,48,0,96,0,0,164,0,164,0,48,212,0,260,136,0,136,396
09/22/2003,ERI,PA,AEA,CE,Towers with Radar,0,46,32,0,78,0,0,2,0,2,0,46,34,0,80,0,0,0,80
09/23/2003,ERI,PA,AEA,CE,Towers with Radar,0,43,41,3,87,0,4,21,0,25,0,47,62,3,112,38,0,38,150
09/24/2003,ERI,PA,AEA,CE,Towers with Radar,0,40,41,0,81,0,0,63,0,63,0,40,104,0,144,89,0,89,233
09/25/2003,ERI,PA,AEA,CE,Towers with Radar,0,58,48,12,118,0,0,78,0,78,0,58,126,12,196,98,0,98,294
09/26/2003,ERI,PA,AEA,CE,Towers with Radar,0,56,29,0,85,0,1,48,0,49,0,57,77,0,134,54,0,54,188
09/27/2003,ERI,PA,AEA,CE,Towers with Radar,0,41,11,0,52,0,0,1,0,1,0,41,12,0,53,0,0,0,53
09/28/2003,ERI,PA,AEA,CE,Towers with Radar,2,42,32,0,76,0,0,49,0,49,2,42,81,0,125,56,0,56,181
09/29/2003,ERI,PA,AEA,CE,Towers with Radar,0,52,22,2,76,0,0,9,0,9,0,52,31,2,85,9,2,11,96
09/30/2003,ERI,PA,AEA,CE,Towers with Radar,2,50,40,0,92,0,0,17,0,17,2,50,57,0,109,22,0,22,131
10/01/2003,ERI,PA,AEA,CE,Towers with Radar,0,48,43,2,93,0,0,35,0,35,0,48,78,2,128,84,0,84,212
10/02/2003,ERI,PA,AEA,CE,Towers with Radar,0,53,26,2,81,0,0,3,0,3,0,53,29,2,84,0,0,0,84
10/03/2003,ERI,PA,AEA,CE,Towers with Radar,0,50,28,0,78,0,0,15,0,15,0,50,43,0,93,12,0,12,105
10/04/2003,ERI,PA,AEA,CE,Towers with Radar,0,39,16,0,55,0,1,1,0,2,0,40,17,0,57,0,0,0,57
10/05/2003,ERI,PA,AEA,CE,Towers with Radar,0,41,34,0,75,0,0,33,0,33,0,41,67,0,108,48,0,48,156
10/06/2003,ERI,PA,AEA,CE,Towers with Radar,0,46,30,0,76,0,0,83,0,83,0,46,113,0,159,103,0,103,262
10/07/2003,ERI,PA,AEA,CE,Towers with Radar,0,41,38,0,79,0,0,111,0,111,0,41,149,0,190,122,0,122,312
10/08/2003,ERI,PA,AEA,CE,Towers with Radar,4,44,46,3,97,0,0,77,0,77,4,44,123,3,174,118,6,124,298
10/09/2003,ERI,PA,AEA,CE,Towers with Radar,0,53,30,8,91,0,0,84,0,84,0,53,114,8,175,90,4,94,269
10/10/2003,ERI,PA,AEA,CE,Towers with Radar,0,53,35,0,88,0,0,58,0,58,0,53,93,0,146,71,0,71,217
10/11/2003,ERI,PA,AEA,CE,Towers with Radar,0,39,14,0,53,0,1,81,0,82,0,40,95,0,135,118,0,118,253
10/12/2003,ERI,PA,AEA,CE,Towers with Radar,0,41,22,0,63,0,0,24,0,24,0,41,46,0,87,18,0,18,105
10/13/2003,ERI,PA,AEA,CE,Towers with Radar,0,47,17,0,64,0,0,143,0,143,0,47,160,0,207,134,0,134,341
10/14/2003,ERI,PA,AEA,CE,Towers with Radar,0,50,24,0,74,0,0,29,0,29,0,50,53,0,103,70,0,70,173
10/15/2003,ERI,PA,AEA,CE,Towers with Radar,0,46,26,0,72,0,0,3,0,3,0,46,29,0,75,2,0,2,77
10/16/2003,ERI,PA,AEA,CE,Towers with Radar,0,55,35,0,90,0,0,52,1,53,0,55,87,1,143,46,0,46,189
10/17/2003,ERI,PA,AEA,CE,Towers with Radar,0,47,19,0,66,0,0,45,0,45,0,47,64,0,111,60,0,60,171
10/18/2003,ERI,PA,AEA,CE,Towers with Radar,0,38,23,0,61,0,0,94,0,94,0,38,117,0,155,92,0,92,247
10/19/2003,ERI,PA,AEA,CE,Towers with Radar,0,37,42,0,79,0,0,68,0,68,0,37,110,0,147,84,0,84,231
10/20/2003,ERI,PA,AEA,CE,Towers with Radar,2,47,32,0,81,0,0,75,0,75,2,47,107,0,156,69,0,69,225
10/21/2003,ERI,PA,AEA,CE,Towers with Radar,0,54,24,0,78,0,0,1,0,1,0,54,25,0,79,4,0,4,83
10/22/2003,ERI,PA,AEA,CE,Towers with Radar,1,44,27,6,78,0,0,20,0,20,1,44,47,6,98,16,6,22,120
10/23/2003,ERI,PA,AEA,CE,Towers with Radar,0,50,19,0,69,0,0,8,0,8,0,50,27,0,77,8,0,8,85
10/24/2003,ERI,PA,AEA,CE,Towers with Radar,0,53,25,3,81,0,0,56,0,56,0,53,81,3,137,64,0,64,201
10/25/2003,ERI,PA,AEA,CE,Towers with Radar,0,39,11,0,50,0,0,25,0,25,0,39,36,0,75,20,0,20,95
10/26/2003,ERI,PA,AEA,CE,Towers with Radar,0,38,16,0,54,0,0,1,0,1,0,38,17,0,55,0,0,0,55
10/27/2003,ERI,PA,AEA,CE,Towers with Radar,0,45,27,15,87,0,0,30,0,30,0,45,57,15,117,34,8,42,159
10/28/2003,ERI,PA,AEA,CE,Towers with Radar,0,46,32,14,92,0,0,20,4,24,0,46,52,18,116,10,18,28,144
10/29/2003,ERI,PA,AEA,CE,Towers with Radar,0,46,36,0,82,0,0,20,0,20,0,46,56,0,102,32,0,32,134
10/30/2003,ERI,PA,AEA,CE,Towers with Radar,0,47,39,0,86,0,0,90,0,90,0,47,129,0,176,122,0,122,298
10/31/2003,ERI,PA,AEA,CE,Towers with Radar,0,51,17,0,68,0,0,56,0,56,0,51,73,0,124,86,0,86,210
11/01/2003,ERI,PA,AEA,CE,Towers with Radar,0,44,23,7,74,0,0,0,0,0,0,44,23,7,74,8,4,12,86
11/02/2003,ERI,PA,AEA,CE,Towers with Radar,0,45,25,0,70,0,0,6,0,6,0,45,31,0,76,26,0,26,102
11/03/2003,ERI,PA,AEA,CE,Towers with Radar,0,43,16,0,59,0,0,2,0,2,0,43,18,0,61,2,0,2,63
11/04/2003,ERI,PA,AEA,CE,Towers with Radar,0,57,25,0,82,0,0,86,0,86,0,57,111,0,168,79,0,79,247
11/05/2003,ERI,PA,AEA,CE,Towers with Radar,0,53,38,7,98,0,0,34,1,35,0,53,72,8,133,18,4,22,155
11/06/2003,ERI,PA,AEA,CE,Towers with Radar,0,52,33,3,88,0,0,22,4,26,0,52,55,7,114,8,0,8,122
11/07/2003,ERI,PA,AEA,CE,Towers with Radar,0,49,20,0,69,0,0,32,0,32,0,49,52,0,101,12,0,12,113
11/08/2003,ERI,PA,AEA,CE,Towers with Radar,0,40,27,1,68,0,0,60,0,60,0,40,87,1,128,96,0,96,224
11/09/2003,ERI,PA,AEA,CE,Towers with Radar,0,44,39,0,83,0,0,90,0,90,0,44,129,0,173,92,0,92,265
11/10/2003,ERI,PA,AEA,CE,Towers with Radar,0,46,26,0,72,0,0,74,0,74,0,46,100,0,146,66,0,66,212
11/11/2003,ERI,PA,AEA,CE,Towers with Radar,0,48,39,0,87,0,0,5,0,5,0,48,44,0,92,2,0,2,94
11/12/2003,ERI,PA,AEA,CE,Towers with Radar,0,44,30,0,74,0,4,27,0,31,0,48,57,0,105,44,0,44,149
11/13/2003,ERI,PA,AEA,CE,Towers with Radar,0,36,13,0,49,0,0,0,0,0,0,36,13,0,49,4,0,4,53
11/14/2003,ERI,PA,AEA,CE,Towers with Radar,0,52,19,12,83,0,0,27,0,27,0,52,46,12,110,22,10,32,142
11/15/2003,ERI,PA,AEA,CE,Towers with Radar,0,38,12,0,50,0,0,25,0,25,0,38,37,0,75,14,0,14,89
11/16/2003,ERI,PA,AEA,CE,Towers with Radar,0,35,21,0,56,0,0,7,0,7,0,35,28,0,63,62,0,62,125
11/17/2003,ERI,PA,AEA,CE,Towers with Radar,0,52,37,0,89,0,0,1,0,1,0,52,38,0,90,13,0,13,103
11/18/2003,ERI,PA,AEA,CE,Towers with Radar,2,50,16,0,68,0,0,3,0,3,2,50,19,0,71,0,0,0,71
11/19/2003,ERI,PA,AEA,CE,Towers with Radar,0,52,16,0,68,0,0,4,0,4,0,52,20,0,72,34,0,34,106
11/20/2003,ERI,PA,AEA,CE,Towers with Radar,0,52,42,0,94,0,0,49,0,49,0,52,91,0,143,60,0,60,203
11/21/2003,ERI,PA,AEA,CE,Towers with Radar,0,50,31,0,81,0,0,65,0,65,0,50,96,0,146,28,0,28,174
11/22/2003,ERI,PA,AEA,CE,Towers with Radar,0,38,40,0,78,0,0,60,0,60,0,38,100,0,138,88,0,88,226
11/23/2003,ERI,PA,AEA,CE,Towers with Radar,0,41,22,0,63,0,0,84,0,84,0,41,106,0,147,102,0,102,249
11/24/2003,ERI,PA,AEA,CE,Towers with Radar,0,43,7,0,50,0,0,0,0,0,0,43,7,0,50,0,0,0,50
11/25/2003,ERI,PA,AEA,CE,Towers with Radar,0,50,28,2,80,0,0,16,0,16,0,50,44,2,96,14,2,16,112
11/26/2003,ERI,PA,AEA,CE,Towers with Radar,0,52,17,0,69,0,0,43,0,43,0,52,60,0,112,28,0,28,140
11/27/2003,ERI,PA,AEA,CE,Towers with Radar,0,34,7,0,41,0,2,0,0,2,0,36,7,0,43,2,0,2,45
11/28/2003,ERI,PA,AEA,CE,Towers with Radar,0,41,10,0,51,0,0,0,0,0,0,41,10,0,51,0,0,0,51
11/29/2003,ERI,PA,AEA,CE,Towers with Radar,0,43,5,0,48,0,0,0,0,0,0,43,5,0,48,0,0,0,48
11/30/2003,ERI,PA,AEA,CE,Towers with Radar,0,44,15,0,59,0,0,51,0,51,0,44,66,0,110,66,0,66,176
12/01/2003,ERI,PA,AEA,CE,Towers with Radar,0,51,15,0,66,0,0,0,0,0,0,51,15,0,66,2,0,2,68
12/02/2003,ERI,PA,AEA,CE,Towers with Radar,0,49,18,0,67,0,0,1,0,1,0,49,19,0,68,26,0,26,94
12/03/2003,ERI,PA,AEA,CE,Towers with Radar,0,47,31,0,78,0,0,25,0,25,0,47,56,0,103,43,0,43,146
12/04/2003,ERI,PA,AEA,CE,Towers with Radar,0,51,30,0,81,0,0,29,0,29,0,51,59,0,110,38,0,38,148
12/05/2003,ERI,PA,AEA,CE,Towers with Radar,0,50,19,0,69,0,1,0,0,1,0,51,19,0,70,8,0,8,78
12/06/2003,ERI,PA,AEA,CE,Towers with Radar,0,39,3,0,42,0,0,35,0,35,0,39,38,0,77,60,0,60,137
12/07/2003,ERI,PA,AEA,CE,Towers with Radar,0,41,17,0,58,0,0,76,0,76,0,41,93,0,134,54,0,54,188
12/08/2003,ERI,PA,AEA,CE,Towers with Radar,0,43,21,0,64,0,0,53,0,53,0,43,74,0,117,36,0,36,153
12/09/2003,ERI,PA,AEA,CE,Towers with Radar,0,46,20,0,66,0,0,23,0,23,0,46,43,0,89,61,0,61,150
12/10/2003,ERI,PA,AEA,CE,Towers with Radar,0,47,21,4,72,0,0,7,0,7,0,47,28,4,79,10,4,14,93
12/11/2003,ERI,PA,AEA,CE,Towers with Radar,0,50,13,0,63,0,0,0,0,0,0,50,13,0,63,0,0,0,63
12/12/2003,ERI,PA,AEA,CE,Towers with Radar,0,50,20,0,70,0,0,0,0,0,0,50,20,0,70,0,0,0,70
12/13/2003,ERI,PA,AEA,CE,Towers with Radar,0,40,10,0,50,0,1,42,0,43,0,41,52,0,93,38,0,38,131
12/14/2003,ERI,PA,AEA,CE,Towers with Radar,0,38,5,0,43,0,0,0,0,0,0,38,5,0,43,0,0,0,43
12/15/2003,ERI,PA,AEA,CE,Towers with Radar,0,45,24,0,69,0,0,3,0,3,0,45,27,0,72,10,0,10,82
12/16/2003,ERI,PA,AEA,CE,Towers with Radar,0,48,20,2,70,0,0,9,0,9,0,48,29,2,79,20,0,20,99
12/17/2003,ERI,PA,AEA,CE,Towers with Radar,0,47,34,0,81,0,1,8,0,9,0,48,42,0,90,18,0,18,108
12/18/2003,ERI,PA,AEA,CE,Towers with Radar,0,43,31,0,74,0,0,17,0,17,0,43,48,0,91,36,0,36,127
12/19/2003,ERI,PA,AEA,CE,Towers with Radar,0,47,15,4,66,0,0,0,0,0,0,47,15,4,66,0,0,0,66
12/20/2003,ERI,PA,AEA,CE,Towers with Radar,0,44,10,0,54,0,0,4,0,4,0,44,14,0,58,0,0,0,58
12/21/2003,ERI,PA,AEA,CE,Towers with Radar,0,36,12,0,48,0,0,18,0,18,0,36,30,0,66,10,0,10,76
12/22/2003,ERI,PA,AEA,CE,Towers with Radar,0,40,19,4,63,0,0,17,0,17,0,40,36,4,80,26,0,26,106
12/23/2003,ERI,PA,AEA,CE,Towers with Radar,0,55,13,0,68,0,0,10,0,10,0,55,23,0,78,26,0,26,104
12/24/2003,ERI,PA,AEA,CE,Towers with Radar,0,46,7,0,53,0,0,0,0,0,0,46,7,0,53,0,0,0,53
12/25/2003,ERI,PA,AEA,CE,Towers with Radar,0,32,0,0,32,0,0,0,0,0,0,32,0,0,32,0,0,0,32
12/26/2003,ERI,PA,AEA,CE,Towers with Radar,0,45,21,0,66,0,0,22,0,22,0,45,43,0,88,18,0,18,106
12/27/2003,ERI,PA,AEA,CE,Towers with Radar,0,36,21,2,59,0,0,33,0,33,0,36,54,2,92,20,0,20,112
12/28/2003,ERI,PA,AEA,CE,Towers with Radar,0,32,15,1,48,0,0,61,0,61,0,32,76,1,109,72,0,72,181
12/29/2003,ERI,PA,AEA,CE,Towers with Radar,0,41,21,0,62,0,0,16,0,16,0,41,37,0,78,18,0,18,96
12/30/2003,ERI,PA,AEA,CE,Towers with Radar,0,46,9,0,55,0,0,0,0,0,0,46,9,0,55,2,0,2,57
12/31/2003,ERI,PA,AEA,CE,Towers with Radar,0,48,7,0,55,0,0,21,0,21,0,48,28,0,76,14,0,14,90
01/01/2004,ERI,PA,AEA,CE,Towers with Radar,0,39,9,0,48,0,0,19,0,19,0,39,28,0,67,16,0,16,83
01/02/2004,ERI,PA,AEA,CE,Towers with Radar,0,51,14,0,65,0,0,23,0,23,0,51,37,0,88,26,0,26,114
01/03/2004,ERI,PA,AEA,CE,Towers with Radar,0,34,22,0,56,0,0,6,0,6,0,34,28,0,62,18,0,18,80
01/04/2004,ERI,PA,AEA,CE,Towers with Radar,0,30,2,0,32,0,0,0,0,0,0,30,2,0,32,0,0,0,32
01/05/2004,ERI,PA,AEA,CE,Towers with Radar,0,55,16,0,71,0,0,0,0,0,0,55,16,0,71,0,0,0,71
01/06/2004,ERI,PA,AEA,CE,Towers with Radar,0,40,7,0,47,0,0,0,0,0,0,40,7,0,47,0,0,0,47
01/07/2004,ERI,PA,AEA,CE,Towers with Radar,0,46,9,0,55,0,0,0,0,0,0,46,9,0,55,0,0,0,55
01/08/2004,ERI,PA,AEA,CE,Towers with Radar,0,43,12,0,55,0,0,14,0,14,0,43,26,0,69,62,0,62,131
01/09/2004,ERI,PA,AEA,CE,Towers with Radar,0,49,22,0,71,0,0,7,0,7,0,49,29,0,78,12,0,12,90
01/10/2004,ERI,PA,AEA,CE,Towers with Radar,0,34,26,0,60,0,0,1,0,1,0,34,27,0,61,8,0,8,69
01/11/2004,ERI,PA,AEA,CE,Towers with Radar,0,37,6,0,43,0,0,17,0,17,0,37,23,0,60,3,0,3,63
01/12/2004,ERI,PA,AEA,CE,Towers with Radar,0,43,13,0,56,0,0,0,0,0,0,43,13,0,56,0,0,0,56
01/13/2004,ERI,PA,AEA,CE,Towers with Radar,0,47,18,0,65,0,0,2,0,2,0,47,20,0,67,0,0,0,67
01/14/2004,ERI,PA,AEA,CE,Towers with Radar,0,41,16,0,57,0,0,0,0,0,0,41,16,0,57,2,0,2,59
01/15/2004,ERI,PA,AEA,CE,Towers with Radar,0,45,25,0,70,0,0,0,0,0,0,45,25,0,70,0,0,0,70
01/16/2004,ERI,PA,AEA,CE,Towers with Radar,0,46,16,5,67,0,0,32,0,32,0,46,48,5,99,32,8,40,139
01/17/2004,ERI,PA,AEA,CE,Towers with Radar,0,34,3,0,37,0,0,19,0,19,0,34,22,0,56,22,0,22,78
01/18/2004,ERI,PA,AEA,CE,Towers with Radar,0,41,0,0,41,0,0,3,0,3,0,41,3,0,44,12,0,12,56
01/19/2004,ERI,PA,AEA,CE,Towers with Radar,0,41,5,0,46,0,0,0,0,0,0,41,5,0,46,0,0,0,46
01/20/2004,ERI,PA,AEA,CE,Towers with Radar,0,44,17,6,67,0,3,2,0,5,0,47,19,6,72,8,6,14,86
01/21/2004,ERI,PA,AEA,CE,Towers with Radar,0,45,19,0,64,0,0,32,0,32,0,45,51,0,96,28,0,28,124
01/22/2004,ERI,PA,AEA,CE,Towers with Radar,0,50,12,0,62,0,0,1,0,1,0,50,13,0,63,0,0,0,63
01/23/2004,ERI,PA,AEA,CE,Towers with Radar,0,44,13,0,57,0,0,11,0,11,0,44,24,0,68,8,0,8,76
01/24/2004,ERI,PA,AEA,CE,Towers with Radar,0,36,11,0,47,0,0,14,0,14,0,36,25,0,61,12,1,13,74
01/25/2004,ERI,PA,AEA,CE,Towers with Radar,0,36,16,0,52,0,0,29,0,29,0,36,45,0,81,52,0,52,133
01/26/2004,ERI,PA,AEA,CE,Towers with Radar,0,41,8,0,49,0,0,0,0,0,0,41,8,0,49,2,0,2,51
01/27/2004,ERI,PA,AEA,CE,Towers with Radar,0,36,5,0,41,0,0,0,0,0,0,36,5,0,41,0,0,0,41
01/28/2004,ERI,PA,AEA,CE,Towers with Radar,2,52,15,0,69,0,0,0,0,0,2,52,15,0,69,0,0,0,69
01/29/2004,ERI,PA,AEA,CE,Towers with Radar,0,51,10,0,61,0,1,8,0,9,0,52,18,0,70,14,1,15,85
01/30/2004,ERI,PA,AEA,CE,Towers with Radar,0,56,12,0,68,0,0,10,0,10,0,56,22,0,78,34,0,34,112
01/31/2004,ERI,PA,AEA,CE,Towers with Radar,0,34,6,0,40,0,0,0,0,0,0,34,6,0,40,0,0,0,40
02/01/2004,ERI,PA,AEA,CE,Towers with Radar,0,38,0,0,38,0,0,8,0,8,0,38,8,0,46,16,0,16,62
02/02/2004,ERI,PA,AEA,CE,Towers with Radar,0,42,26,0,68,0,0,34,0,34,0,42,60,0,102,80,0,80,182
02/03/2004,ERI,PA,AEA,CE,Towers with Radar,0,47,14,0,61,0,0,2,0,2,0,47,16,0,63,4,0,4,67
02/04/2004,ERI,PA,AEA,CE,Towers with Radar,0,45,22,0,67,0,0,25,0,25,0,45,47,0,92,28,0,28,120
02/05/2004,ERI,PA,AEA,CE,Towers with Radar,0,52,16,0,68,0,0,10,0,10,0,52,26,0,78,12,0,12,90
02/06/2004,ERI,PA,AEA,CE,Towers with Radar,0,47,12,0,59,0,0,0,0,0,0,47,12,0,59,0,0,0,59
02/07/2004,ERI,PA,AEA,CE,Towers with Radar,0,36,6,15,57,0,0,0,0,0,0,36,6,15,57,6,16,22,79
02/08/2004,ERI,PA,AEA,CE,Towers with Radar,0,39,18,0,57,0,0,59,0,59,0,39,77,0,116,54,0,54,170
02/09/2004,ERI,PA,AEA,CE,Towers with Radar,0,46,27,0,73,0,1,0,0,1,0,47,27,0,74,0,0,0,74
02/10/2004,ERI,PA,AEA,CE,Towers with Radar,0,47,12,0,59,0,0,6,0,6,0,47,18,0,65,23,0,23,88
02/11/2004,ERI,PA,AEA,CE,Towers with Radar,0,50,15,0,65,0,0,22,0,22,0,50,37,0,87,32,0,32,119
02/12/2004,ERI,PA,AEA,CE,Towers with Radar,0,49,31,0,80,0,1,0,0,1,0,50,31,0,81,4,0,4,85
02/13/2004,ERI,PA,AEA,CE,Towers with Radar,0,50,15,0,65,0,0,10,0,10,0,50,25,0,75,16,0,16,91
02/14/2004,ERI,PA,AEA,CE,Towers with Radar,0,37,9,0,46,0,0,2,0,2,0,37,11,0,48,20,0,20,68
02/15/2004,ERI,PA,AEA,CE,Towers with Radar,0,40,13,0,53,0,0,11,0,11,0,40,24,0,64,10,0,10,74
02/16/2004,ERI,PA,AEA,CE,Towers with Radar,0,48,21,0,69,0,2,58,0,60,0,50,79,0,129,64,0,64,193
02/17/2004,ERI,PA,AEA,CE,Towers with Radar,0,54,16,10,80,0,0,55,0,55,0,54,71,10,135,72,0,72,207
02/18/2004,ERI,PA,AEA,CE,Towers with Radar,0,50,22,0,72,0,0,78,0,78,0,50,100,0,150,74,0,74,224
02/19/2004,ERI,PA,AEA,CE,Towers with Radar,0,50,28,0,78,0,0,23,0,23,0,50,51,0,101,58,0,58,159
02/20/2004,ERI,PA,AEA,CE,Towers with Radar,0,50,11,1,62,0,0,3,0,3,0,50,14,1,65,0,2,2,67
02/21/2004,ERI,PA,AEA,CE,Towers with Radar,0,41,2,1,44,0,0,0,0,0,0,41,2,1,44,0,0,0,44
02/22/2004,ERI,PA,AEA,CE,Towers with Radar,0,39,26,0,65,0,0,38,0,38,0,39,64,0,103,44,0,44,147
02/23/2004,ERI,PA,AEA,CE,Towers with Radar,2,48,24,0,74,0,0,38,0,38,2,48,62,0,112,59,0,59,171
02/24/2004,ERI,PA,AEA,CE,Towers with Radar,0,48,29,0,77,0,0,2,0,2,0,48,31,0,79,22,0,22,101
02/25/2004,ERI,PA,AEA,CE,Towers with Radar,2,48,21,9,80,0,5,12,0,17,2,53,33,9,97,6,10,16,113
02/26/2004,ERI,PA,AEA,CE,Towers with Radar,0,45,28,0,73,0,0,48,0,48,0,45,76,0,121,92,0,92,213
02/27/2004,ERI,PA,AEA,CE,Towers with Radar,0,49,33,1,83,0,0,58,0,58,0,49,91,1,141,81,0,81,222
02/28/2004,ERI,PA,AEA,CE,Towers with Radar,0,40,33,0,73,0,0,96,0,96,0,40,129,0,169,94,0,94,263
02/29/2004,ERI,PA,AEA,CE,Towers with Radar,0,38,18,0,56,0,0,52,0,52,0,38,70,0,108,54,0,54,162
03/01/2004,ERI,PA,AEA,CE,Towers with Radar,0,45,18,0,63,0,0,6,0,6,0,45,24,0,69,0,0,0,69
03/02/2004,ERI,PA,AEA,CE,Towers with Radar,0,45,15,0,60,0,0,3,0,3,0,45,18,0,63,1,0,1,64
03/03/2004,ERI,PA,AEA,CE,Towers with Radar,0,46,28,11,85,0,0,6,6,12,0,46,34,17,97,6,6,12,109
03/04/2004,ERI,PA,AEA,CE,Towers with Radar,0,55,31,0,86,0,0,15,0,15,0,55,46,0,101,46,0,46,147
03/05/2004,ERI,PA,AEA,CE,Towers with Radar,0,52,12,0,64,0,1,0,0,1,0,53,12,0,65,0,0,0,65
03/06/2004,ERI,PA,AEA,CE,Towers with Radar,0,39,9,1,49,0,0,0,4,4,0,39,9,5,53,0,0,0,53
03/07/2004,ERI,PA,AEA,CE,Towers with Radar,0,35,12,1,48,0,0,5,0,5,0,35,17,1,53,18,0,18,71
03/08/2004,ERI,PA,AEA,CE,Towers with Radar,0,49,16,0,65,0,0,0,0,0,0,49,16,0,65,0,0,0,65
03/09/2004,ERI,PA,AEA,CE,Towers with Radar,0,47,17,7,71,0,0,26,0,26,0,47,43,7,97,46,8,54,151
03/10/2004,ERI,PA,AEA,CE,Towers with Radar,0,51,21,0,72,0,0,49,0,49,0,51,70,0,121,74,0,74,195
03/11/2004,ERI,PA,AEA,CE,Towers with Radar,0,51,23,4,78,0,0,8,0,8,0,51,31,4,86,6,0,6,92
03/12/2004,ERI,PA,AEA,CE,Towers with Radar,0,44,23,0,67,0,0,1,0,1,0,44,24,0,68,0,0,0,68
03/13/2004,ERI,PA,AEA,CE,Towers with Radar,0,33,27,0,60,0,0,25,0,25,0,33,52,0,85,46,0,46,131
03/14/2004,ERI,PA,AEA,CE,Towers with Radar,0,40,10,0,50,0,0,0,0,0,0,40,10,0,50,0,0,0,50
03/15/2004,ERI,PA,AEA,CE,Towers with Radar,0,48,17,0,65,0,1,23,0,24,0,49,40,0,89,28,0,28,117
03/16/2004,ERI,PA,AEA,CE,Towers with Radar,0,18,5,0,23,0,0,0,0,0,0,18,5,0,23,0,0,0,23
03/17/2004,ERI,PA,AEA,CE,Towers with Radar,0,55,23,2,80,0,0,2,0,2,0,55,25,2,82,0,0,0,82
03/18/2004,ERI,PA,AEA,CE,Towers with Radar,0,49,22,0,71,0,0,3,0,3,0,49,25,0,74,4,0,4,78
03/19/2004,ERI,PA,AEA,CE,Towers with Radar,0,49,25,0,74,0,0,74,0,74,0,49,99,0,148,72,0,72,220
03/20/2004,ERI,PA,AEA,CE,Towers with Radar,0,36,10,0,46,0,0,2,0,2,0,36,12,0,48,0,0,0,48
03/21/2004,ERI,PA,AEA,CE,Towers with Radar,0,37,8,0,45,0,0,3,0,3,0,37,11,0,48,22,0,22,70
03/22/2004,ERI,PA,AEA,CE,Towers with Radar,1,48,21,0,70,0,0,24,0,24,1,48,45,0,94,16,0,16,110
03/23/2004,ERI,PA,AEA,CE,Towers with Radar,0,50,22,0,72,0,0,17,0,17,0,50,39,0,89,16,0,16,105
03/24/2004,ERI,PA,AEA,CE,Towers with Radar,2,52,24,0,78,0,0,12,0,12,2,52,36,0,90,32,0,32,122
03/25/2004,ERI,PA,AEA,CE,Towers with Radar,0,48,12,0,60,0,0,25,0,25,0,48,37,0,85,37,0,37,122
03/26/2004,ERI,PA,AEA,CE,Towers with Radar,0,52,16,0,68,0,0,0,0,0,0,52,16,0,68,0,0,0,68
03/27/2004,ERI,PA,AEA,CE,Towers with Radar,0,34,14,0,48,0,0,0,0,0,0,34,14,0,48,0,0,0,48
03/28/2004,ERI,PA,AEA,CE,Towers with Radar,0,47,24,0,71,0,2,63,0,65,0,49,87,0,136,101,0,101,237
03/29/2004,ERI,PA,AEA,CE,Towers with Radar,0,49,25,0,74,0,0,33,0,33,0,49,58,0,107,58,0,58,165
03/30/2004,ERI,PA,AEA,CE,Towers with Radar,0,47,40,0,87,0,0,0,0,0,0,47,40,0,87,6,0,6,93
03/31/2004,ERI,PA,AEA,CE,Towers with Radar,0,49,25,0,74,0,0,0,0,0,0,49,25,0,74,10,0,10,84
04/01/2004,ERI,PA,AEA,CE,Towers with Radar,0,52,11,1,64,0,0,0,0,0,0,52,11,1,64,0,0,0,64
04/02/2004,ERI,PA,AEA,CE,Towers with Radar,0,53,28,0,81,0,0,0,0,0,0,53,28,0,81,2,0,2,83
04/03/2004,ERI,PA,AEA,CE,Towers with Radar,0,29,15,1,45,0,0,48,0,48,0,29,63,1,93,66,0,66,159
04/04/2004,ERI,PA,AEA,CE,Towers with Radar,0,43,1,0,44,0,1,0,0,1,0,44,1,0,45,0,0,0,45
04/05/2004,ERI,PA,AEA,CE,Towers with Radar,0,47,17,5,69,0,0,24,0,24,0,47,41,5,93,28,4,32,125
04/06/2004,ERI,PA,AEA,CE,Towers with Radar,0,51,30,0,81,0,2,38,0,40,0,53,68,0,121,48,0,48,169
04/07/2004,ERI,PA,AEA,CE,Towers with Radar,0,48,47,0,95,0,0,10,0,10,0,48,57,0,105,4,0,4,109
04/08/2004,ERI,PA,AEA,CE,Towers with Radar,0,51,28,0,79,0,0,18,0,18,0,51,46,0,97,40,0,40,137
04/09/2004,ERI,PA,AEA,CE,Towers with Radar,0,49,19,0,68,0,0,92,0,92,0,49,111,0,160,94,0,94,254
04/10/2004,ERI,PA,AEA,CE,Towers with Radar,0,41,18,0,59,0,0,58,0,58,0,41,76,0,117,90,0,90,207
04/11/2004,ERI,PA,AEA,CE,Towers with Radar,0,40,2,0,42,0,0,0,0,0,0,40,2,0,42,0,0,0,42
04/12/2004,ERI,PA,AEA,CE,Towers with Radar,0,67,9,0,76,0,0,33,0,33,0,67,42,0,109,28,0,28,137
04/13/2004,ERI,PA,AEA,CE,Towers with Radar,0,49,16,0,65,0,0,0,0,0,0,49,16,0,65,4,0,4,69
04/14/2004,ERI,PA,AEA,CE,Towers with Radar,0,53,20,0,73,0,0,30,0,30,0,53,50,0,103,28,0,28,131
04/15/2004,ERI,PA,AEA,CE,Towers with Radar,0,50,28,0,78,0,0,100,0,100,0,50,128,0,178,128,0,128,306
04/16/2004,ERI,PA,AEA,CE,Towers with Radar,0,54,25,0,79,0,0,88,0,88,0,54,113,0,167,101,0,101,268
04/17/2004,ERI,PA,AEA,CE,Towers with Radar,0,40,24,0,64,0,0,36,0,36,0,40,60,0,100,38,0,38,138
04/18/2004,ERI,PA,AEA,CE,Towers with Radar,0,49,32,2,83,0,0,60,0,60,0,49,92,2,143,68,1,69,212
04/19/2004,ERI,PA,AEA,CE,Towers with Radar,2,53,11,2,68,0,0,2,0,2,2,53,13,2,70,0,22,22,92
04/20/2004,ERI,PA,AEA,CE,Towers with Radar,0,55,42,6,103,0,0,47,0,47,0,55,89,6,150,54,6,60,210
04/21/2004,ERI,PA,AEA,CE,Towers with Radar,2,55,10,0,67,0,0,1,0,1,2,55,11,0,68,2,0,2,70
04/22/2004,ERI,PA,AEA,CE,Towers with Radar,0,61,34,0,95,0,0,15,0,15,0,61,49,0,110,18,0,18,128
04/23/2004,ERI,PA,AEA,CE,Towers with Radar,0,50,28,0,78,0,0,9,0,9,0,50,37,0,87,19,0,19,106
04/24/2004,ERI,PA,AEA,CE,Towers with Radar,0,38,41,1,80,0,0,94,0,94,0,38,135,1,174,78,0,78,252
04/25/2004,ERI,PA,AEA,CE,Towers with Radar,0,40,14,0,54,0,0,0,0,0,0,40,14,0,54,0,0,0,54
04/26/2004,ERI,PA,AEA,CE,Towers with Radar,0,46,21,8,75,0,0,20,0,20,0,46,41,8,95,30,4,34,129
04/27/2004,ERI,PA,AEA,CE,Towers with Radar,0,51,28,0,79,0,0,35,0,35,0,51,63,0,114,64,0,64,178
04/28/2004,ERI,PA,AEA,CE,Towers with Radar,0,51,36,0,87,0,0,40,0,40,0,51,76,0,127,21,0,21,148
04/29/2004,ERI,PA,AEA,CE,Towers with Radar,0,49,15,0,64,0,2,12,0,14,0,51,27,0,78,12,0,12,90
04/30/2004,ERI,PA,AEA,CE,Towers with Radar,0,49,31,0,80,0,0,36,1,37,0,49,67,1,117,96,0,96,213
05/01/2004,ERI,PA,AEA,CE,Towers with Radar,0,41,17,0,58,0,0,19,0,19,0,41,36,0,77,33,0,33,110
05/02/2004,ERI,PA,AEA,CE,Towers with Radar,0,38,14,0,52,0,0,0,0,0,0,38,14,0,52,0,0,0,52
05/03/2004,ERI,PA,AEA,CE,Towers with Radar,0,44,19,0,63,0,0,58,0,58,0,44,77,0,121,45,0,45,166
05/04/2004,ERI,PA,AEA,CE,Towers with Radar,0,47,31,0,78,0,0,87,0,87,0,47,118,0,165,97,0,97,262
05/05/2004,ERI,PA,AEA,CE,Towers with Radar,0,48,19,0,67,0,0,18,0,18,0,48,37,0,85,20,0,20,105
05/06/2004,ERI,PA,AEA,CE,Towers with Radar,1,50,22,0,73,0,0,32,0,32,1,50,54,0,105,22,0,22,127
05/07/2004,ERI,PA,AEA,CE,Towers with Radar,0,53,21,0,74,0,2,55,1,58,0,55,76,1,132,94,0,94,226
05/08/2004,ERI,PA,AEA,CE,Towers with Radar,0,41,24,0,65,0,0,65,0,65,0,41,89,0,130,95,0,95,225
05/09/2004,ERI,PA,AEA,CE,Towers with Radar,0,41,12,2,55,0,0,33,2,35,0,41,45,4,90,37,0,37,127
05/10/2004,ERI,PA,AEA,CE,Towers with Radar,0,50,27,0,77,0,0,72,1,73,0,50,99,1,150,12,0,12,162
05/11/2004,ERI,PA,AEA,CE,Towers with Radar,0,64,20,0,84,0,0,61,0,61,0,64,81,0,145,80,0,80,225
05/12/2004,ERI,PA,AEA,CE,Towers with Radar,0,49,45,0,94,0,0,36,0,36,0,49,81,0,130,76,0,76,206
05/13/2004,ERI,PA,AEA,CE,Towers with Radar,0,51,45,0,96,0,0,56,0,56,0,51,101,0,152,97,0,97,249
05/14/2004,ERI,PA,AEA,CE,Towers with Radar,0,55,28,2,85,0,0,11,0,11,0,55,39,2,96,12,0,12,108
05/15/2004,ERI,PA,AEA,CE,Towers with Radar,0,43,23,0,66,0,0,0,0,0,0,43,23,0,66,16,0,16,82
05/16/2004,ERI,PA,AEA,CE,Towers with Radar,0,46,36,2,84,0,0,137,0,137,0,46,173,2,221,148,0,148,369
05/17/2004,ERI,PA,AEA,CE,Towers with Radar,7,39,16,0,62,0,0,51,0,51,7,39,67,0,113,84,0,84,197
05/18/2004,ERI,PA,AEA,CE,Towers with Radar,0,51,30,0,81,0,1,15,0,16,0,52,45,0,97,0,0,0,97
05/19/2004,ERI,PA,AEA,CE,Towers with Radar,0,56,38,6,100,0,1,22,0,23,0,57,60,6,123,38,2,40,163
05/20/2004,ERI,PA,AEA,CE,Towers with Radar,0,50,29,0,79,0,1,10,2,13,0,51,39,2,92,34,0,34,126
05/21/2004,ERI,PA,AEA,CE,Towers with Radar,0,44,25,0,69,0,0,0,0,0,0,44,25,0,69,6,0,6,75
05/22/2004,ERI,PA,AEA,CE,Towers with Radar,0,40,30,0,70,0,1,15,0,16,0,41,45,0,86,65,0,65,151
05/23/2004,ERI,PA,AEA,CE,Towers with Radar,0,42,15,0,57,0,0,9,0,9,0,42,24,0,66,34,0,34,100
05/24/2004,ERI,PA,AEA,CE,Towers with Radar,0,46,21,0,67,0,0,15,0,15,0,46,36,0,82,54,0,54,136
05/25/2004,ERI,PA,AEA,CE,Towers with Radar,0,47,22,0,69,0,1,30,0,31,0,48,52,0,100,108,0,108,208
05/26/2004,ERI,PA,AEA,CE,Towers with Radar,0,52,38,2,92,0,0,40,0,40,0,52,78,2,132,82,4,86,218
05/27/2004,ERI,PA,AEA,CE,Towers with Radar,0,52,29,0,81,0,0,60,0,60,0,52,89,0,141,70,0,70,211
05/28/2004,ERI,PA,AEA,CE,Towers with Radar,0,59,25,0,84,0,0,44,0,44,0,59,69,0,128,104,0,104,232
05/29/2004,ERI,PA,AEA,CE,Towers with Radar,0,38,17,0,55,0,0,97,0,97,0,38,114,0,152,100,0,100,252
05/30/2004,ERI,PA,AEA,CE,Towers with Radar,0,37,16,2,55,0,1,49,1,51,0,38,65,3,106,46,0,46,152
05/31/2004,ERI,PA,AEA,CE,Towers with Radar,0,44,27,0,71,0,3,0,0,3,0,47,27,0,74,16,0,16,90
06/01/2004,ERI,PA,AEA,CE,Towers with Radar,0,45,24,0,69,0,2,37,0,39,0,47,61,0,108,42,12,54,162
06/02/2004,ERI,PA,AEA,CE,Towers with Radar,0,49,24,0,73,0,0,33,0,33,0,49,57,0,106,48,0,48,154
06/03/2004,ERI,PA,AEA,CE,Towers with Radar,0,49,42,0,91,0,1,90,0,91,0,50,132,0,182,80,0,80,262
06/04/2004,ERI,PA,AEA,CE,Towers with Radar,2,55,51,0,108,0,0,72,0,72,2,55,123,0,180,40,0,40,220
06/05/2004,ERI,PA,AEA,CE,Towers with Radar,0,37,18,0,55,0,0,69,0,69,0,37,87,0,124,88,0,88,212
06/06/2004,ERI,PA,AEA,CE,Towers with Radar,0,40,27,1,68,0,0,27,0,27,0,40,54,1,95,33,0,33,128
06/07/2004,ERI,PA,AEA,CE,Towers with Radar,0,53,14,0,67,0,4,80,0,84,0,57,94,0,151,76,0,76,227
06/08/2004,ERI,PA,AEA,CE,Towers with Radar,0,42,52,0,94,0,0,78,0,78,0,42,130,0,172,96,0,96,268
06/09/2004,ERI,PA,AEA,CE,Towers with Radar,0,50,22,0,72,0,6,45,0,51,0,56,67,0,123,44,0,44,167
06/10/2004,ERI,PA,AEA,CE,Towers with Radar,0,51,39,0,90,0,0,0,0,0,0,51,39,0,90,6,0,6,96
06/11/2004,ERI,PA,AEA,CE,Towers with Radar,0,48,20,0,68,0,0,52,0,52,0,48,72,0,120,78,0,78,198
06/12/2004,ERI,PA,AEA,CE,Towers with Radar,0,44,11,0,55,0,0,68,0,68,0,44,79,0,123,50,0,50,173
06/13/2004,ERI,PA,AEA,CE,Towers with Radar,0,41,23,0,64,0,0,24,0,24,0,41,47,0,88,34,0,34,122
06/14/2004,ERI,PA,AEA,CE,Towers with Radar,0,50,33,0,83,0,2,62,0,64,0,52,95,0,147,101,0,101,248
06/15/2004,ERI,PA,AEA,CE,Towers with Radar,0,54,24,0,78,0,0,142,0,142,0,54,166,0,220,206,0,206,426
06/16/2004,ERI,PA,AEA,CE,Towers with Radar,0,51,38,0,89,0,0,40,0,40,0,51,78,0,129,54,0,54,183
06/17/2004,ERI,PA,AEA,CE,Towers with Radar,0,45,22,4,71,0,0,15,0,15,0,45,37,4,86,42,0,42,128
06/18/2004,ERI,PA,AEA,CE,Towers with Radar,0,48,35,0,83,0,0,2,0,2,0,48,37,0,85,0,0,0,85
06/19/2004,ERI,PA,AEA,CE,Towers with Radar,0,41,22,0,63,0,4,59,0,63,0,45,81,0,126,51,0,51,177
06/20/2004,ERI,PA,AEA,CE,Towers with Radar,0,46,58,2,106,0,0,128,0,128,0,46,186,2,234,90,0,90,324
06/21/2004,ERI,PA,AEA,CE,Towers with Radar,1,45,25,0,71,0,5,55,0,60,1,50,80,0,131,78,0,78,209
06/22/2004,ERI,PA,AEA,CE,Towers with Radar,0,50,31,0,81,0,0,23,0,23,0,50,54,0,104,16,0,16,120
06/23/2004,ERI,PA,AEA,CE,Towers with Radar,2,47,28,0,77,0,0,87,0,87,2,47,115,0,164,76,0,76,240
06/24/2004,ERI,PA,AEA,CE,Towers with Radar,0,52,36,4,92,0,6,27,0,33,0,58,63,4,125,34,0,34,159
06/25/2004,ERI,PA,AEA,CE,Towers with Radar,0,55,22,0,77,0,1,15,0,16,0,56,37,0,93,68,0,68,161
06/26/2004,ERI,PA,AEA,CE,Towers with Radar,0,40,13,0,53,0,0,164,0,164,0,40,177,0,217,74,0,74,291
06/27/2004,ERI,PA,AEA,CE,Towers with Radar,0,43,14,0,57,0,0,96,0,96,0,43,110,0,153,61,0,61,214
06/28/2004,ERI,PA,AEA,CE,Towers with Radar,0,45,30,0,75,0,0,13,0,13,0,45,43,0,88,36,0,36,124
06/29/2004,ERI,PA,AEA,CE,Towers with Radar,0,54,38,0,92,0,0,56,0,56,0,54,94,0,148,95,0,95,243
06/30/2004,ERI,PA,AEA,CE,Towers with Radar,0,52,37,0,89,0,0,46,0,46,0,52,83,0,135,40,0,40,175
07/01/2004,ERI,PA,AEA,CE,Towers with Radar,0,46,37,7,90,0,0,91,1,92,0,46,128,8,182,88,6,94,276
07/02/2004,ERI,PA,AEA,CE,Towers with Radar,1,46,41,0,88,0,13,56,0,69,1,59,97,0,157,84,0,84,241
07/03/2004,ERI,PA,AEA,CE,Towers with Radar,2,33,14,0,49,0,0,189,0,189,2,33,203,0,238,154,0,154,392
07/04/2004,ERI,PA,AEA,CE,Towers with Radar,0,30,2,0,32,0,0,4,0,4,0,30,6,0,36,0,0,0,36
07/05/2004,ERI,PA,AEA,CE,Towers with Radar,0,40,12,0,52,0,0,16,0,16,0,40,28,0,68,8,0,8,76
07/06/2004,ERI,PA,AEA,CE,Towers with Radar,0,46,34,2,82,0,0,89,0,89,0,46,123,2,171,111,0,111,282
07/07/2004,ERI,PA,AEA,CE,Towers with Radar,0,49,46,2,97,0,1,24,0,25,0,50,70,2,122,26,0,26,148
07/08/2004,ERI,PA,AEA,CE,Towers with Radar,0,43,36,0,79,0,0,10,0,10,0,43,46,0,89,30,0,30,119
07/09/2004,ERI,PA,AEA,CE,Towers with Radar,0,42,30,0,72,0,0,108,0,108,0,42,138,0,180,83,0,83,263
07/10/2004,ERI,PA,AEA,CE,Towers with Radar,0,35,28,0,63,0,0,141,0,141,0,35,169,0,204,145,0,145,349
07/11/2004,ERI,PA,AEA,CE,Towers with Radar,0,38,22,0,60,0,0,106,0,106,0,38,128,0,166,122,0,122,288
07/12/2004,ERI,PA,AEA,CE,Towers with Radar,0,46,25,2,73,0,0,15,0,15,0,46,40,2,88,62,4,66,154
07/13/2004,ERI,PA,AEA,CE,Towers with Radar,0,44,25,0,69,0,0,99,0,99,0,44,124,0,168,137,0,137,305
07/14/2004,ERI,PA,AEA,CE,Towers with Radar,0,47,19,1,67,0,0,11,0,11,0,47,30,1,78,94,0,94,172
07/15/2004,ERI,PA,AEA,CE,Towers with Radar,0,55,32,0,87,0,0,9,0,9,0,55,41,0,96,9,0,9,105
07/16/2004,ERI,PA,AEA,CE,Towers with Radar,0,53,47,0,100,0,0,64,0,64,0,53,111,0,164,34,0,34,198
07/17/2004,ERI,PA,AEA,CE,Towers with Radar,0,36,23,0,59,0,0,30,0,30,0,36,53,0,89,52,0,52,141
07/18/2004,ERI,PA,AEA,CE,Towers with Radar,0,33,39,0,72,0,1,12,0,13,0,34,51,0,85,30,0,30,115
07/19/2004,ERI,PA,AEA,CE,Towers with Radar,2,41,38,0,81,0,0,17,0,17,2,41,55,0,98,32,0,32,130
07/20/2004,ERI,PA,AEA,CE,Towers with Radar,0,50,51,0,101,0,0,66,0,66,0,50,117,0,167,135,0,135,302
07/21/2004,ERI,PA,AEA,CE,Towers with Radar,0,47,29,0,76,0,0,83,0,83,0,47,112,0,159,88,0,88,247
07/22/2004,ERI,PA,AEA,CE,Towers with Radar,0,49,45,2,96,0,0,50,0,50,0,49,95,2,146,59,0,59,205
07/23/2004,ERI,PA,AEA,CE,Towers with Radar,0,41,54,0,95,0,0,37,0,37,0,41,91,0,132,62,0,62,194
07/24/2004,ERI,PA,AEA,CE,Towers with Radar,0,34,12,1,47,0,2,60,0,62,0,36,72,1,109,50,0,50,159
07/25/2004,ERI,PA,AEA,CE,Towers with Radar,0,38,27,0,65,0,0,95,0,95,0,38,122,0,160,100,0,100,260
07/26/2004,ERI,PA,AEA,CE,Towers with Radar,0,44,52,0,96,0,0,6,0,6,0,44,58,0,102,20,0,20,122
07/27/2004,ERI,PA,AEA,CE,Towers with Radar,0,41,43,0,84,0,2,0,0,2,0,43,43,0,86,14,0,14,100
07/28/2004,ERI,PA,AEA,CE,Towers with Radar,0,45,46,0,91,0,0,39,0,39,0,45,85,0,130,60,0,60,190
07/29/2004,ERI,PA,AEA,CE,Towers with Radar,0,41,29,2,72,0,0,98,0,98,0,41,127,2,170,96,2,98,268
07/30/2004,ERI,PA,AEA,CE,Towers with Radar,0,43,36,0,79,0,0,13,1,14,0,43,49,1,93,38,0,38,131
07/31/2004,ERI,PA,AEA,CE,Towers with Radar,0,33,25,0,58,0,0,1,0,1,0,33,26,0,59,4,0,4,63
08/01/2004,ERI,PA,AEA,CE,Towers with Radar,0,40,48,2,90,0,0,57,0,57,0,40,105,2,147,65,0,65,212
08/02/2004,ERI,PA,AEA,CE,Towers with Radar,0,40,31,0,71,0,0,114,0,114,0,40,145,0,185,111,0,111,296
08/03/2004,ERI,PA,AEA,CE,Towers with Radar,1,60,8,4,73,0,0,82,0,82,1,60,90,4,155,96,0,96,251
08/04/2004,ERI,PA,AEA,CE,Towers with Radar,0,45,25,0,70,0,0,9,0,9,0,45,34,0,79,0,0,0,79
08/05/2004,ERI,PA,AEA,CE,Towers with Radar,1,44,35,2,82,0,0,71,0,71,1,44,106,2,153,71,6,77,230
08/06/2004,ERI,PA,AEA,CE,Towers with Radar,0,44,34,5,83,0,0,64,0,64,0,44,98,5,147,68,12,80,227
08/07/2004,ERI,PA,AEA,CE,Towers with Radar,1,39,16,1,57,0,0,134,61,195,1,39,150,62,252,162,58,220,472
08/08/2004,ERI,PA,AEA,CE,Towers with Radar,0,44,20,2,66,0,0,483,0,483,0,44,503,2,549,382,12,394,943
08/09/2004,ERI,PA,AEA,CE,Towers with Radar,0,43,32,1,76,0,0,90,0,90,0,43,122,1,166,60,6,66,232
08/10/2004,ERI,PA,AEA,CE,Towers with Radar,0,48,32,0,80,0,0,29,0,29,0,48,61,0,109,28,0,28,137
08/11/2004,ERI,PA,AEA,CE,Towers with Radar,0,51,27,13,91,0,0,54,0,54,0,51,81,13,145,42,12,54,199
08/12/2004,ERI,PA,AEA,CE,Towers with Radar,0,47,35,0,82,0,2,74,0,76,0,49,109,0,158,122,0,122,280
08/13/2004,ERI,PA,AEA,CE,Towers with Radar,0,46,31,0,77,0,0,8,0,8,0,46,39,0,85,12,0,12,97
08/14/2004,ERI,PA,AEA,CE,Towers with Radar,2,38,13,0,53,0,0,68,0,68,2,38,81,0,121,58,0,58,179
08/15/2004,ERI,PA,AEA,CE,Towers with Radar,0,41,26,0,67,0,0,98,0,98,0,41,124,0,165,92,0,92,257
08/16/2004,ERI,PA,AEA,CE,Towers with Radar,0,55,28,0,83,0,0,62,0,62,0,55,90,0,145,74,0,74,219
08/17/2004,ERI,PA,AEA,CE,Towers with Radar,0,47,25,0,72,0,0,50,0,50,0,47,75,0,122,38,0,38,160
08/18/2004,ERI,PA,AEA,CE,Towers with Radar,0,51,23,10,84,0,0,29,0,29,0,51,52,10,113,38,8,46,159
08/19/2004,ERI,PA,AEA,CE,Towers with Radar,0,49,40,0,89,0,0,13,0,13,0,49,53,0,102,16,0,16,118
08/20/2004,ERI,PA,AEA,CE,Towers with Radar,0,49,42,0,91,0,0,8,0,8,0,49,50,0,99,18,0,18,117
08/21/2004,ERI,PA,AEA,CE,Towers with Radar,6,36,31,0,73,0,0,45,0,45,6,36,76,0,118,60,0,60,178
08/22/2004,ERI,PA,AEA,CE,Towers with Radar,0,38,25,0,63,0,0,124,0,124,0,38,149,0,187,146,0,146,333
08/23/2004,ERI,PA,AEA,CE,Towers with Radar,0,49,18,0,67,0,0,46,0,46,0,49,64,0,113,32,0,32,145
08/24/2004,ERI,PA,AEA,CE,Towers with Radar,0,49,42,1,92,0,0,48,1,49,0,49,90,2,141,70,0,70,211
08/25/2004,ERI,PA,AEA,CE,Towers with Radar,1,47,23,0,71,0,0,31,0,31,1,47,54,0,102,16,0,16,118
08/26/2004,ERI,PA,AEA,CE,Towers with Radar,4,51,35,0,90,0,8,26,0,34,4,59,61,0,124,52,0,52,176
08/27/2004,ERI,PA,AEA,CE,Towers with Radar,0,49,19,0,68,0,0,7,0,7,0,49,26,0,75,33,0,33,108
08/28/2004,ERI,PA,AEA,CE,Towers with Radar,0,53,17,0,70,0,0,13,0,13,0,53,30,0,83,59,0,59,142
08/29/2004,ERI,PA,AEA,CE,Towers with Radar,0,41,25,0,66,0,0,12,0,12,0,41,37,0,78,20,0,20,98
08/30/2004,ERI,PA,AEA,CE,Towers with Radar,0,46,63,0,109,0,4,1,0,5,0,50,64,0,114,28,0,28,142
08/31/2004,ERI,PA,AEA,CE,Towers with Radar,0,47,15,0,62,0,0,99,0,99,0,47,114,0,161,64,0,64,225
09/01/2004,ERI,PA,AEA,CE,Towers with Radar,0,55,23,0,78,0,0,72,0,72,0,55,95,0,150,69,0,69,219
09/02/2004,ERI,PA,AEA,CE,Towers with Radar,0,57,29,0,86,0,0,81,2,83,0,57,110,2,169,80,0,80,249
09/03/2004,ERI,PA,AEA,CE,Towers with Radar,0,48,17,0,65,0,0,53,1,54,0,48,70,1,119,70,0,70,189
09/04/2004,ERI,PA,AEA,CE,Towers with Radar,0,50,14,10,74,0,0,38,10,48,0,50,52,20,122,16,0,16,138
09/05/2004,ERI,PA,AEA,CE,Towers with Radar,0,37,9,0,46,0,0,49,0,49,0,37,58,0,95,70,0,70,165
09/06/2004,ERI,PA,AEA,CE,Towers with Radar,0,38,16,0,54,0,0,27,0,27,0,38,43,0,81,40,0,40,121
09/07/2004,ERI,PA,AEA,CE,Towers with Radar,0,49,28,0,77,0,0,27,0,27,0,49,55,0,104,19,0,19,123
09/08/2004,ERI,PA,AEA,CE,Towers with Radar,0,46,22,0,68,0,0,0,0,0,0,46,22,0,68,0,0,0,68
09/09/2004,ERI,PA,AEA,CE,Towers with Radar,0,47,37,9,93,0,0,3,0,3,0,47,40,9,96,6,10,16,112
09/10/2004,ERI,PA,AEA,CE,Towers with Radar,2,50,39,4,95,0,3,47,0,50,2,53,86,4,145,106,0,106,251
09/11/2004,ERI,PA,AEA,CE,Towers with Radar,0,41,30,0,71,0,2,66,0,68,0,43,96,0,139,78,0,78,217
09/12/2004,ERI,PA,AEA,CE,Towers with Radar,0,33,28,0,61,0,2,104,0,106,0,35,132,0,167,84,0,84,251
09/13/2004,ERI,PA,AEA,CE,Towers with Radar,0,46,33,0,79,0,1,67,0,68,0,47,100,0,147,72,0,72,219
09/14/2004,ERI,PA,AEA,CE,Towers with Radar,0,50,33,5,88,0,0,52,0,52,0,50,85,5,140,49,8,57,197
09/15/2004,ERI,PA,AEA,CE,Towers with Radar,0,46,27,4,77,0,0,54,0,54,0,46,81,4,131,38,4,42,173
09/16/2004,ERI,PA,AEA,CE,Towers with Radar,0,46,20,0,66,0,0,29,0,29,0,46,49,0,95,26,0,26,121
09/17/2004,ERI,PA,AEA,CE,Towers with Radar,0,50,13,0,63,0,0,0,0,0,0,50,13,0,63,2,0,2,65
09/18/2004,ERI,PA,AEA,CE,Towers with Radar,0,36,25,0,61,0,0,32,0,32,0,36,57,0,93,78,0,78,171
09/19/2004,ERI,PA,AEA,CE,Towers with Radar,1,36,38,0,75,0,0,84,0,84,1,36,122,0,159,80,0,80,239
09/20/2004,ERI,PA,AEA,CE,Towers with Radar,2,48,22,0,72,0,0,73,0,73,2,48,95,0,145,63,0,63,208
09/21/2004,ERI,PA,AEA,CE,Towers with Radar,0,47,31,3,81,0,0,83,0,83,0,47,114,3,164,81,0,81,245
09/22/2004,ERI,PA,AEA,CE,Towers with Radar,2,46,30,13,91,0,3,37,0,40,2,49,67,13,131,76,10,86,217
09/23/2004,ERI,PA,AEA,CE,Towers with Radar,0,62,40,9,111,0,0,48,0,48,0,62,88,9,159,73,8,81,240
09/24/2004,ERI,PA,AEA,CE,Towers with Radar,0,62,28,1,91,0,0,115,0,115,0,62,143,1,206,120,0,120,326
09/25/2004,ERI,PA,AEA,CE,Towers with Radar,0,43,10,0,53,0,0,61,0,61,0,43,71,0,114,32,0,32,146
09/26/2004,ERI,PA,AEA,CE,Towers with Radar,0,44,15,0,59,0,0,86,0,86,0,44,101,0,145,60,0,60,205
09/27/2004,ERI,PA,AEA,CE,Towers with Radar,0,47,21,0,68,0,1,41,0,42,0,48,62,0,110,56,0,56,166
09/28/2004,ERI,PA,AEA,CE,Towers with Radar,0,45,25,0,70,0,0,11,0,11,0,45,36,0,81,14,0,14,95
09/29/2004,ERI,PA,AEA,CE,Towers with Radar,0,46,35,0,81,0,0,34,0,34,0,46,69,0,115,48,0,48,163
09/30/2004,ERI,PA,AEA,CE,Towers with Radar,0,50,34,0,84,0,2,56,0,58,0,52,90,0,142,70,0,70,212
10/01/2004,ERI,PA,AEA,CE,Towers with Radar,2,49,34,0,85,0,1,82,0,83,2,50,116,0,168,108,0,108,276
10/02/2004,ERI,PA,AEA,CE,Towers with Radar,1,42,15,0,58,0,0,3,0,3,1,42,18,0,61,31,0,31,92
10/03/2004,ERI,PA,AEA,CE,Towers with Radar,0,38,30,0,68,0,0,94,0,94,0,38,124,0,162,84,0,84,246
10/04/2004,ERI,PA,AEA,CE,Towers with Radar,0,48,21,0,69,0,0,9,0,9,0,48,30,0,78,0,0,0,78
10/05/2004,ERI,PA,AEA,CE,Towers with Radar,0,57,28,8,93,0,0,32,0,32,0,57,60,8,125,32,0,32,157
10/06/2004,ERI,PA,AEA,CE,Towers with Radar,0,47,21,0,68,0,0,55,0,55,0,47,76,0,123,49,0,49,172
10/07/2004,ERI,PA,AEA,CE,Towers with Radar,0,59,38,5,102,0,0,48,0,48,0,59,86,5,150,75,8,83,233
10/08/2004,ERI,PA,AEA,CE,Towers with Radar,0,54,23,0,77,0,2,32,0,34,0,56,55,0,111,56,0,56,167
10/09/2004,ERI,PA,AEA,CE,Towers with Radar,0,41,28,0,69,0,1,15,0,16,0,42,43,0,85,36,0,36,121
10/10/2004,ERI,PA,AEA,CE,Towers with Radar,0,46,33,0,79,0,1,26,0,27,0,47,59,0,106,32,0,32,138
10/11/2004,ERI,PA,AEA,CE,Towers with Radar,0,47,35,0,82,0,1,35,0,36,0,48,70,0,118,28,0,28,146
10/12/2004,ERI,PA,AEA,CE,Towers with Radar,0,48,34,0,82,0,1,56,0,57,0,49,90,0,139,44,0,44,183
10/13/2004,ERI,PA,AEA,CE,Towers with Radar,0,49,38,6,93,0,0,57,0,57,0,49,95,6,150,44,0,44,194
10/14/2004,ERI,PA,AEA,CE,Towers with Radar,0,56,36,6,98,0,0,0,0,0,0,56,36,6,98,4,10,14,112
10/15/2004,ERI,PA,AEA,CE,Towers with Radar,0,50,22,0,72,0,0,7,0,7,0,50,29,0,79,13,0,13,92
10/16/2004,ERI,PA,AEA,CE,Towers with Radar,0,36,4,0,40,0,0,1,0,1,0,36,5,0,41,0,0,0,41
10/17/2004,ERI,PA,AEA,CE,Towers with Radar,0,45,24,0,69,0,0,2,0,2,0,45,26,0,71,4,0,4,75
10/18/2004,ERI,PA,AEA,CE,Towers with Radar,5,40,34,0,79,0,0,18,0,18,5,40,52,0,97,26,0,26,123
10/19/2004,ERI,PA,AEA,CE,Towers with Radar,0,49,17,0,66,0,0,0,0,0,0,49,17,0,66,9,0,9,75
10/20/2004,ERI,PA,AEA,CE,Towers with Radar,2,51,33,0,86,0,0,0,0,0,2,51,33,0,86,6,0,6,92
10/21/2004,ERI,PA,AEA,CE,Towers with Radar,0,58,30,0,88,0,0,0,0,0,0,58,30,0,88,4,0,4,92
10/22/2004,ERI,PA,AEA,CE,Towers with Radar,0,51,32,3,86,0,0,46,0,46,0,51,78,3,132,50,6,56,188
10/23/2004,ERI,PA,AEA,CE,Towers with Radar,0,37,19,0,56,0,0,34,0,34,0,37,53,0,90,37,0,37,127
10/24/2004,ERI,PA,AEA,CE,Towers with Radar,0,39,33,0,72,0,0,17,0,17,0,39,50,0,89,38,0,38,127
10/25/2004,ERI,PA,AEA,CE,Towers with Radar,0,45,15,0,60,0,0,25,0,25,0,45,40,0,85,30,0,30,115
10/26/2004,ERI,PA,AEA,CE,Towers with Radar,0,51,34,8,93,0,1,97,1,99,0,52,131,9,192,100,0,100,292
10/27/2004,ERI,PA,AEA,CE,Towers with Radar,0,50,32,0,82,0,2,48,0,50,0,52,80,0,132,81,0,81,213
10/28/2004,ERI,PA,AEA,CE,Towers with Radar,0,50,43,0,93,0,0,82,0,82,0,50,125,0,175,66,0,66,241
10/29/2004,ERI,PA,AEA,CE,Towers with Radar,0,46,30,2,78,0,2,8,0,10,0,48,38,2,88,18,0,18,106
10/30/2004,ERI,PA,AEA,CE,Towers with Radar,0,35,9,1,45,0,0,1,0,1,0,35,10,1,46,0,0,0,46
10/31/2004,ERI,PA,AEA,CE,Towers with Radar,0,38,22,0,60,0,0,3,2,5,0,38,25,2,65,6,0,6,71
11/01/2004,ERI,PA,AEA,CE,Combined TRACON& Tower with Radar,0,48,16,0,64,0,0,47,0,47,0,48,63,0,111,62,0,62,173
11/02/2004,ERI,PA,AEA,CE,Combined TRACON& Tower with Radar,0,57,31,0,88,0,0,0,0,0,0,57,31,0,88,4,0,4,92
11/03/2004,ERI,PA,AEA,CE,Combined TRACON& Tower with Radar,0,50,28,0,78,0,0,16,1,17,0,50,44,1,95,280,0,280,375
11/04/2004,ERI,PA,AEA,CE,Combined TRACON& Tower with Radar,0,56,29,0,85,0,0,0,0,0,0,56,29,0,85,0,0,0,85
11/05/2004,ERI,PA,AEA,CE,Combined TRACON& Tower with Radar,0,53,21,6,80,0,0,6,0,6,0,53,27,6,86,8,8,16,102
11/06/2004,ERI,PA,AEA,CE,Combined TRACON& Tower with Radar,0,40,12,0,52,0,0,37,0,37,0,40,49,0,89,34,0,34,123
11/07/2004,ERI,PA,AEA,CE,Combined TRACON& Tower with Radar,0,40,19,0,59,0,0,25,0,25,0,40,44,0,84,16,0,16,100
11/08/2004,ERI,PA,AEA,CE,Combined TRACON& Tower with Radar,0,53,35,0,88,0,0,12,0,12,0,53,47,0,100,9,0,9,109
11/09/2004,ERI,PA,AEA,CE,Combined TRACON& Tower with Radar,0,50,32,0,82,0,0,38,0,38,0,50,70,0,120,42,0,42,162
11/10/2004,ERI,PA,AEA,CE,Combined TRACON& Tower with Radar,0,48,31,0,79,0,0,30,0,30,0,48,61,0,109,14,0,14,123
11/11/2004,ERI,PA,AEA,CE,Combined TRACON& Tower with Radar,0,51,23,0,74,0,0,0,0,0,0,51,23,0,74,0,0,0,74
11/12/2004,ERI,PA,AEA,CE,Combined TRACON& Tower with Radar,0,52,25,0,77,0,0,40,0,40,0,52,65,0,117,63,0,63,180
11/13/2004,ERI,PA,AEA,CE,Combined TRACON& Tower with Radar,2,43,17,0,62,0,0,98,0,98,2,43,115,0,160,74,0,74,234
11/14/2004,ERI,PA,AEA,CE,Combined TRACON& Tower with Radar,0,35,25,0,60,0,0,120,0,120,0,35,145,0,180,124,0,124,304
11/15/2004,ERI,PA,AEA,CE,Combined TRACON& Tower with Radar,2,49,12,0,63,0,0,38,0,38,2,49,50,0,101,16,0,16,117
11/16/2004,ERI,PA,AEA,CE,Combined TRACON& Tower with Radar,0,51,26,7,84,0,0,44,0,44,0,51,70,7,128,40,6,46,174
11/17/2004,ERI,PA,AEA,CE,Combined TRACON& Tower with Radar,2,48,41,0,91,0,0,0,0,0,2,48,41,0,91,14,0,14,105
11/18/2004,ERI,PA,AEA,CE,Combined TRACON& Tower with Radar,0,47,29,1,77,0,0,3,0,3,0,47,32,1,80,6,0,6,86
11/19/2004,ERI,PA,AEA,CE,Combined TRACON& Tower with Radar,0,47,32,0,79,0,0,0,0,0,0,47,32,0,79,7,0,7,86
11/20/2004,ERI,PA,AEA,CE,Combined TRACON& Tower with Radar,0,40,17,0,57,0,0,1,0,1,0,40,18,0,58,12,0,12,70
11/21/2004,ERI,PA,AEA,CE,Combined TRACON& Tower with Radar,0,39,37,0,76,0,1,35,0,36,0,40,72,0,112,38,0,38,150
11/22/2004,ERI,PA,AEA,CE,Combined TRACON& Tower with Radar,0,44,18,0,62,0,0,27,0,27,0,44,45,0,89,79,0,79,168
11/23/2004,ERI,PA,AEA,CE,Combined TRACON& Tower with Radar,0,55,31,0,86,0,0,7,0,7,0,55,38,0,93,5,0,5,98
11/24/2004,ERI,PA,AEA,CE,Combined TRACON& Tower with Radar,0,55,14,0,69,0,0,0,0,0,0,55,14,0,69,0,0,0,69
11/25/2004,ERI,PA,AEA,CE,Combined TRACON& Tower with Radar,0,39,8,0,47,0,0,0,0,0,0,39,8,0,47,0,0,0,47
11/26/2004,ERI,PA,AEA,CE,Combined TRACON& Tower with Radar,0,39,10,0,49,0,0,8,0,8,0,39,18,0,57,30,0,30,87
11/27/2004,ERI,PA,AEA,CE,Combined TRACON& Tower with Radar,0,42,10,0,52,0,0,29,0,29,0,42,39,0,81,16,0,16,97
11/28/2004,ERI,PA,AEA,CE,Combined TRACON& Tower with Radar,0,39,14,0,53,0,0,2,0,2,0,39,16,0,55,0,0,0,55
11/29/2004,ERI,PA,AEA,CE,Combined TRACON& Tower with Radar,0,47,34,0,81,0,0,25,1,26,0,47,59,1,107,44,0,44,151
11/30/2004,ERI,PA,AEA,CE,Combined TRACON& Tower with Radar,0,50,19,8,77,0,0,24,0,24,0,50,43,8,101,26,14,40,141
12/01/2004,ERI,PA,AEA,CE,Combined TRACON& Tower with Radar,0,46,19,0,65,0,26,12,0,38,0,72,31,0,103,160,0,160,263
12/02/2004,ERI,PA,AEA,CE,Combined TRACON& Tower with Radar,0,59,35,0,94,0,0,55,0,55,0,59,90,0,149,88,0,88,237
12/03/2004,ERI,PA,AEA,CE,Combined TRACON& Tower with Radar,0,59,18,0,77,0,0,6,0,6,0,59,24,0,83,18,0,18,101
12/04/2004,ERI,PA,AEA,CE,Combined TRACON& Tower with Radar,0,41,7,0,48,0,0,7,0,7,0,41,14,0,55,4,0,4,59
12/05/2004,ERI,PA,AEA,CE,Combined TRACON& Tower with Radar,0,48,14,0,62,0,1,47,0,48,0,49,61,0,110,31,0,31,141
12/06/2004,ERI,PA,AEA,CE,Combined TRACON& Tower with Radar,2,51,15,2,70,0,1,11,0,12,2,52,26,2,82,22,0,22,104
12/07/2004,ERI,PA,AEA,CE,Combined TRACON& Tower with Radar,0,50,15,0,65,0,0,0,0,0,0,50,15,0,65,2,0,2,67
12/08/2004,ERI,PA,AEA,CE,Combined TRACON& Tower with Radar,0,54,44,0,98,0,1,14,15,30,0,55,58,15,128,38,0,38,166
12/09/2004,ERI,PA,AEA,CE,Combined TRACON& Tower with Radar,0,54,33,0,87,0,0,28,0,28,0,54,61,0,115,46,0,46,161
12/10/2004,ERI,PA,AEA,CE,Combined TRACON& Tower with Radar,0,46,24,0,70,0,0,0,0,0,0,46,24,0,70,12,0,12,82
12/11/2004,ERI,PA,AEA,CE,Combined TRACON& Tower with Radar,0,43,5,0,48,0,0,0,0,0,0,43,5,0,48,0,0,0,48
12/12/2004,ERI,PA,AEA,CE,Combined TRACON& Tower with Radar,0,36,7,0,43,0,0,24,0,24,0,36,31,0,67,16,0,16,83
12/13/2004,ERI,PA,AEA,CE,Combined TRACON& Tower with Radar,0,31,15,0,46,0,0,0,0,0,0,31,15,0,46,0,0,0,46
12/14/2004,ERI,PA,AEA,CE,Combined TRACON& Tower with Radar,0,48,10,0,58,0,0,0,0,0,0,48,10,0,58,0,0,0,58
12/15/2004,ERI,PA,AEA,CE,Combined TRACON& Tower with Radar,0,53,31,0,84,0,0,14,0,14,0,53,45,0,98,28,0,28,126
12/16/2004,ERI,PA,AEA,CE,Combined TRACON& Tower with Radar,0,54,23,0,77,0,1,20,0,21,0,55,43,0,98,4,0,4,102
12/17/2004,ERI,PA,AEA,CE,Combined TRACON& Tower with Radar,1,51,17,0,69,0,0,2,0,2,1,51,19,0,71,12,0,12,83
12/18/2004,ERI,PA,AEA,CE,Combined TRACON& Tower with Radar,0,41,8,0,49,0,0,38,1,39,0,41,46,1,88,32,0,32,120
12/19/2004,ERI,PA,AEA,CE,Combined TRACON& Tower with Radar,0,30,1,0,31,0,0,0,0,0,0,30,1,0,31,0,0,0,31
12/20/2004,ERI,PA,AEA,CE,Combined TRACON& Tower with Radar,0,50,11,0,61,0,0,0,0,0,0,50,11,0,61,0,0,0,61
12/21/2004,ERI,PA,AEA,CE,Combined TRACON& Tower with Radar,0,56,23,0,79,0,1,15,0,16,0,57,38,0,95,8,0,8,103
12/22/2004,ERI,PA,AEA,CE,Combined TRACON& Tower with Radar,0,40,12,0,52,0,0,0,0,0,0,40,12,0,52,0,0,0,52
12/23/2004,ERI,PA,AEA,CE,Combined TRACON& Tower with Radar,0,18,6,0,24,0,0,1,0,1,0,18,7,0,25,0,0,0,25
12/24/2004,ERI,PA,AEA,CE,Combined TRACON& Tower with Radar,0,34,10,0,44,0,2,9,0,11,0,36,19,0,55,10,0,10,65
12/25/2004,ERI,PA,AEA,CE,Combined TRACON& Tower with Radar,0,18,0,0,18,0,0,0,0,0,0,18,0,0,18,0,0,0,18
12/26/2004,ERI,PA,AEA,CE,Combined TRACON& Tower with Radar,0,35,9,0,44,0,0,0,0,0,0,35,9,0,44,0,0,0,44
12/27/2004,ERI,PA,AEA,CE,Combined TRACON& Tower with Radar,0,46,9,0,55,0,2,35,0,37,0,48,44,0,92,24,0,24,116
12/28/2004,ERI,PA,AEA,CE,Combined TRACON& Tower with Radar,0,45,14,0,59,0,0,21,0,21,0,45,35,0,80,36,0,36,116
12/29/2004,ERI,PA,AEA,CE,Combined TRACON& Tower with Radar,0,45,9,0,54,0,0,0,0,0,0,45,9,0,54,0,0,0,54
12/30/2004,ERI,PA,AEA,CE,Combined TRACON& Tower with Radar,1,50,11,1,63,0,1,18,0,19,1,51,29,1,82,16,0,16,98
12/31/2004,ERI,PA,AEA,CE,Combined TRACON& Tower with Radar,0,41,5,0,46,0,1,1,0,2,0,42,6,0,48,2,0,2,50
01/01/2005,ERI,PA,AEA,CE,Combined TRACON& Tower with Radar,0,34,7,0,41,0,1,65,0,66,0,35,72,0,107,56,0,56,163
01/02/2005,ERI,PA,AEA,CE,Combined TRACON& Tower with Radar,0,42,15,0,57,0,0,3,0,3,0,42,18,0,60,16,0,16,76
01/03/2005,ERI,PA,AEA,CE,Combined TRACON& Tower with Radar,0,39,3,0,42,0,0,0,0,0,0,39,3,0,42,0,0,0,42
01/04/2005,ERI,PA,AEA,CE,Combined TRACON& Tower with Radar,0,48,5,0,53,0,0,0,0,0,0,48,5,0,53,0,0,0,53
01/05/2005,ERI,PA,AEA,CE,Combined TRACON& Tower with Radar,0,47,6,0,53,0,0,4,0,4,0,47,10,0,57,6,0,6,63
01/06/2005,ERI,PA,AEA,CE,Combined TRACON& Tower with Radar,0,42,2,0,44,0,0,0,0,0,0,42,2,0,44,0,0,0,44
01/07/2005,ERI,PA,AEA,CE,Combined TRACON& Tower with Radar,0,59,18,0,77,0,0,39,0,39,0,59,57,0,116,64,0,64,180
01/08/2005,ERI,PA,AEA,CE,Combined TRACON& Tower with Radar,0,36,0,0,36,0,0,0,0,0,0,36,0,0,36,0,0,0,36
01/09/2005,ERI,PA,AEA,CE,Combined TRACON& Tower with Radar,6,31,2,0,39,0,0,18,0,18,6,31,20,0,57,84,0,84,141
01/10/2005,ERI,PA,AEA,CE,Combined TRACON& Tower with Radar,0,47,24,1,72,0,0,0,0,0,0,47,24,1,72,22,0,22,94
01/11/2005,ERI,PA,AEA,CE,Combined TRACON& Tower with Radar,0,47,13,0,60,0,0,0,0,0,0,47,13,0,60,0,0,0,60
01/12/2005,ERI,PA,AEA,CE,Combined TRACON& Tower with Radar,0,44,33,2,79,0,0,7,0,7,0,44,40,2,86,0,0,0,86
01/13/2005,ERI,PA,AEA,CE,Combined TRACON& Tower with Radar,0,52,20,0,72,0,0,2,0,2,0,52,22,0,74,0,0,0,74
01/14/2005,ERI,PA,AEA,CE,Combined TRACON& Tower with Radar,0,49,24,0,73,0,0,19,0,19,0,49,43,0,92,24,0,24,116
01/15/2005,ERI,PA,AEA,CE,Combined TRACON& Tower with Radar,0,39,14,0,53,0,1,18,0,19,0,40,32,0,72,44,0,44,116
01/16/2005,ERI,PA,AEA,CE,Combined TRACON& Tower with Radar,0,31,14,0,45,0,0,0,0,0,0,31,14,0,45,14,0,14,59
01/17/2005,ERI,PA,AEA,CE,Combined TRACON& Tower with Radar,0,42,7,0,49,0,0,0,0,0,0,42,7,0,49,0,0,0,49
01/18/2005,ERI,PA,AEA,CE,Combined TRACON& Tower with Radar,0,47,24,0,71,0,3,16,0,19,0,50,40,0,90,26,0,26,116
01/19/2005,ERI,PA,AEA,CE,Combined TRACON& Tower with Radar,0,45,10,0,55,0,1,0,0,1,0,46,10,0,56,0,0,0,56
01/20/2005,ERI,PA,AEA,CE,Combined TRACON& Tower with Radar,0,45,18,4,67,0,0,34,0,34,0,45,52,4,101,34,0,34,135
01/21/2005,ERI,PA,AEA,CE,Combined TRACON& Tower with Radar,0,49,19,0,68,0,0,33,0,33,0,49,52,0,101,20,0,20,121
01/22/2005,ERI,PA,AEA,CE,Combined TRACON& Tower with Radar,0,15,0,0,15,0,0,0,0,0,0,15,0,0,15,0,0,0,15
01/23/2005,ERI,PA,AEA,CE,Combined TRACON& Tower with Radar,0,27,10,0,37,0,0,0,0,0,0,27,10,0,37,0,0,0,37
01/24/2005,ERI,PA,AEA,CE,Combined TRACON& Tower with Radar,1,40,4,0,45,0,5,9,0,14,1,45,13,0,59,20,0,20,79
01/25/2005,ERI,PA,AEA,CE,Combined TRACON& Tower with Radar,0,43,14,0,57,0,0,13,0,13,0,43,27,0,70,88,0,88,158
01/26/2005,ERI,PA,AEA,CE,Combined TRACON& Tower with Radar,2,44,24,0,70,0,0,10,0,10,2,44,34,0,80,0,0,0,80
01/27/2005,ERI,PA,AEA,CE,Combined TRACON& Tower with Radar,0,49,30,0,79,0,0,15,0,15,0,49,45,0,94,18,0,18,112
01/28/2005,ERI,PA,AEA,CE,Combined TRACON& Tower with Radar,0,48,52,0,100,0,0,82,0,82,0,48,134,0,182,46,0,46,228
01/29/2005,ERI,PA,AEA,CE,Combined TRACON& Tower with Radar,0,35,21,0,56,0,0,63,0,63,0,35,84,0,119,40,2,42,161
01/30/2005,ERI,PA,AEA,CE,Combined TRACON& Tower with Radar,0,34,6,0,40,0,2,38,0,40,0,36,44,0,80,20,0,20,100
01/31/2005,ERI,PA,AEA,CE,Combined TRACON& Tower with Radar,0,55,4,0,59,0,0,19,0,19,0,55,23,0,78,14,0,14,92
02/01/2005,ERI,PA,AEA,CE,Combined TRACON& Tower with Radar,0,45,49,0,94,0,0,17,0,17,0,45,66,0,111,30,2,32,143
02/02/2005,ERI,PA,AEA,CE,Combined TRACON& Tower with Radar,0,64,23,0,87,0,2,19,1,22,0,66,42,1,109,30,0,30,139
02/03/2005,ERI,PA,AEA,CE,Combined TRACON& Tower with Radar,0,50,33,0,83,0,0,2,0,2,0,50,35,0,85,2,0,2,87
02/04/2005,ERI,PA,AEA,CE,Combined TRACON& Tower with Radar,0,55,37,0,92,0,2,57,0,59,0,57,94,0,151,42,0,42,193
02/05/2005,ERI,PA,AEA,CE,Combined TRACON& Tower with Radar,0,45,19,0,64,0,0,50,0,50,0,45,69,0,114,48,0,48,162
02/06/2005,ERI,PA,AEA,CE,Combined TRACON& Tower with Radar,0,52,20,0,72,0,0,31,0,31,0,52,51,0,103,22,0,22,125
02/07/2005,ERI,PA,AEA,CE,Combined TRACON& Tower with Radar,0,46,15,0,61,0,0,13,0,13,0,46,28,0,74,28,0,28,102
02/08/2005,ERI,PA,AEA,CE,Combined TRACON& Tower with Radar,1,45,9,0,55,0,0,0,0,0,1,45,9,0,55,0,0,0,55
02/09/2005,ERI,PA,AEA,CE,Combined TRACON& Tower with Radar,0,47,10,0,57,0,0,0,0,0,0,47,10,0,57,0,0,0,57
02/10/2005,ERI,PA,AEA,CE,Combined TRACON& Tower with Radar,0,50,23,0,73,0,0,0,0,0,0,50,23,0,73,0,0,0,73
02/11/2005,ERI,PA,AEA,CE,Combined TRACON& Tower with Radar,0,56,19,0,75,0,0,2,0,2,0,56,21,0,77,0,0,0,77
02/12/2005,ERI,PA,AEA,CE,Combined TRACON& Tower with Radar,0,41,16,0,57,0,0,10,0,10,0,41,26,0,67,18,0,18,85
02/13/2005,ERI,PA,AEA,CE,Combined TRACON& Tower with Radar,0,40,21,0,61,0,0,0,0,0,0,40,21,0,61,68,0,68,129
02/14/2005,ERI,PA,AEA,CE,Combined TRACON& Tower with Radar,0,47,11,0,58,0,0,0,0,0,0,47,11,0,58,0,0,0,58
02/15/2005,ERI,PA,AEA,CE,Combined TRACON& Tower with Radar,0,52,14,0,66,0,5,15,0,20,0,57,29,0,86,40,0,40,126
02/16/2005,ERI,PA,AEA,CE,Combined TRACON& Tower with Radar,0,52,14,0,66,0,6,17,0,23,0,58,31,0,89,22,0,22,111
02/17/2005,ERI,PA,AEA,CE,Combined TRACON& Tower with Radar,0,55,24,0,79,0,0,0,0,0,0,55,24,0,79,0,0,0,79
02/18/2005,ERI,PA,AEA,CE,Combined TRACON& Tower with Radar,0,54,17,0,71,0,0,0,0,0,0,54,17,0,71,0,0,0,71
02/19/2005,ERI,PA,AEA,CE,Combined TRACON& Tower with Radar,0,42,18,0,60,0,2,12,0,14,0,44,30,0,74,4,0,4,78
02/20/2005,ERI,PA,AEA,CE,Combined TRACON& Tower with Radar,0,40,10,0,50,0,2,2,0,4,0,42,12,0,54,18,0,18,72
02/21/2005,ERI,PA,AEA,CE,Combined TRACON& Tower with Radar,2,46,16,0,64,0,0,0,0,0,2,46,16,0,64,0,0,0,64
02/22/2005,ERI,PA,AEA,CE,Combined TRACON& Tower with Radar,0,48,19,0,67,0,0,0,0,0,0,48,19,0,67,0,0,0,67
02/23/2005,ERI,PA,AEA,CE,Combined TRACON& Tower with Radar,1,58,34,0,93,0,0,51,0,51,1,58,85,0,144,70,0,70,214
02/24/2005,ERI,PA,AEA,CE,Combined TRACON& Tower with Radar,0,44,26,0,70,0,0,24,0,24,0,44,50,0,94,30,0,30,124
02/25/2005,ERI,PA,AEA,CE,Combined TRACON& Tower with Radar,0,47,22,0,69,0,0,22,0,22,0,47,44,0,91,39,0,39,130
02/26/2005,ERI,PA,AEA,CE,Combined TRACON& Tower with Radar,0,40,5,0,45,0,0,15,0,15,0,40,20,0,60,20,0,20,80
02/27/2005,ERI,PA,AEA,CE,Combined TRACON& Tower with Radar,0,42,17,0,59,0,1,33,0,34,0,43,50,0,93,42,0,42,135
02/28/2005,ERI,PA,AEA,CE,Combined TRACON& Tower with Radar,0,43,21,0,64,0,0,2,0,2,0,43,23,0,66,2,0,2,68
03/01/2005,ERI,PA,AEA,CE,Combined TRACON& Tower with Radar,0,51,8,0,59,0,0,0,0,0,0,51,8,0,59,0,0,0,59
03/02/2005,ERI,PA,AEA,CE,Combined TRACON& Tower with Radar,0,47,12,0,59,0,0,0,0,0,0,47,12,0,59,0,0,0,59
03/03/2005,ERI,PA,AEA,CE,Combined TRACON& Tower with Radar,0,50,20,0,70,0,0,9,0,9,0,50,29,0,79,4,0,4,83
03/04/2005,ERI,PA,AEA,CE,Combined TRACON& Tower with Radar,0,53,24,0,77,0,0,59,0,59,0,53,83,0,136,74,0,74,210
03/05/2005,ERI,PA,AEA,CE,Combined TRACON& Tower with Radar,0,39,30,0,69,0,3,49,0,52,0,42,79,0,121,48,0,48,169
03/06/2005,ERI,PA,AEA,CE,Combined TRACON& Tower with Radar,0,47,12,0,59,0,1,7,0,8,0,48,19,0,67,6,0,6,73
03/07/2005,ERI,PA,AEA,CE,Combined TRACON& Tower with Radar,0,47,28,0,75,0,0,0,0,0,0,47,28,0,75,2,0,2,77
03/08/2005,ERI,PA,AEA,CE,Combined TRACON& Tower with Radar,0,45,15,0,60,0,2,6,0,8,0,47,21,0,68,12,0,12,80
03/09/2005,ERI,PA,AEA,CE,Combined TRACON& Tower with Radar,0,53,25,0,78,0,4,25,0,29,0,57,50,0,107,31,0,31,138
03/10/2005,ERI,PA,AEA,CE,Combined TRACON& Tower with Radar,0,54,27,14,95,0,4,27,0,31,0,58,54,14,126,50,10,60,186
03/11/2005,ERI,PA,AEA,CE,Combined TRACON& Tower with Radar,0,10,0,0,10,50,0,0,0,50,50,10,0,0,60,0,0,0,60
03/12/2005,ERI,PA,AEA,CE,Combined TRACON& Tower with Radar,0,41,9,0,50,0,0,0,0,0,0,41,9,0,50,6,0,6,56
03/13/2005,ERI,PA,AEA,CE,Combined TRACON& Tower with Radar,0,49,13,0,62,0,2,19,0,21,0,51,32,0,83,90,0,90,173
03/14/2005,ERI,PA,AEA,CE,Combined TRACON& Tower with Radar,0,49,11,0,60,0,0,38,0,38,0,49,49,0,98,36,0,36,134
03/15/2005,ERI,PA,AEA,CE,Combined TRACON& Tower with Radar,0,51,21,0,72,0,2,31,0,33,0,53,52,0,105,52,0,52,157
03/16/2005,ERI,PA,AEA,CE,Combined TRACON& Tower with Radar,0,57,29,0,86,0,2,8,0,10,0,59,37,0,96,10,0,10,106
03/17/2005,ERI,PA,AEA,CE,Combined TRACON& Tower with Radar,0,0,0,0,0,0,0,0,0,0,0,0,0,0,0,0,0,0,0
03/18/2005,ERI,PA,AEA,CE,Combined TRACON& Tower with Radar,0,53,18,0,71,0,0,30,0,30,0,53,48,0,101,62,0,62,163
03/19/2005,ERI,PA,AEA,CE,Combined TRACON& Tower with Radar,0,42,17,0,59,0,0,28,0,28,0,42,45,0,87,66,0,66,153
03/20/2005,ERI,PA,AEA,CE,Combined TRACON& Tower with Radar,0,27,5,0,32,0,0,0,0,0,0,27,5,0,32,0,0,0,32
03/21/2005,ERI,PA,AEA,CE,Combined TRACON& Tower with Radar,0,43,8,4,55,0,0,0,0,0,0,43,8,4,55,0,0,0,55
03/22/2005,ERI,PA,AEA,CE,Combined TRACON& Tower with Radar,0,50,26,2,78,0,6,40,1,47,0,56,66,3,125,58,2,60,185
03/23/2005,ERI,PA,AEA,CE,Combined TRACON& Tower with Radar,0,46,16,0,62,0,0,0,0,0,0,46,16,0,62,0,0,0,62
03/24/2005,ERI,PA,AEA,CE,Combined TRACON& Tower with Radar,0,51,21,0,72,0,0,1,0,1,0,51,22,0,73,0,0,0,73
03/25/2005,ERI,PA,AEA,CE,Combined TRACON& Tower with Radar,0,43,17,0,60,0,2,62,0,64,0,45,79,0,124,64,0,64,188
03/26/2005,ERI,PA,AEA,CE,Combined TRACON& Tower with Radar,0,47,15,0,62,0,0,37,2,39,0,47,52,2,101,84,0,84,185
03/27/2005,ERI,PA,AEA,CE,Combined TRACON& Tower with Radar,0,45,15,0,60,0,0,41,0,41,0,45,56,0,101,42,0,42,143
03/28/2005,ERI,PA,AEA,CE,Combined TRACON& Tower with Radar,0,44,21,0,65,0,2,2,0,4,0,46,23,0,69,0,0,0,69
03/29/2005,ERI,PA,AEA,CE,Combined TRACON& Tower with Radar,0,53,27,0,80,0,3,22,0,25,0,56,49,0,105,42,0,42,147
03/30/2005,ERI,PA,AEA,CE,Combined TRACON& Tower with Radar,0,50,40,0,90,0,0,39,0,39,0,50,79,0,129,33,0,33,162
03/31/2005,ERI,PA,AEA,CE,Combined TRACON& Tower with Radar,0,54,28,0,82,0,0,8,0,8,0,54,36,0,90,6,0,6,96
04/01/2005,ERI,PA,AEA,CE,Combined TRACON& Tower with Radar,0,51,15,0,66,0,0,31,0,31,0,51,46,0,97,28,0,28,125
04/02/2005,ERI,PA,AEA,CE,Combined TRACON& Tower with Radar,0,38,0,0,38,0,0,0,0,0,0,38,0,0,38,0,0,0,38
04/03/2005,ERI,PA,AEA,CE,Combined TRACON& Tower with Radar,0,27,4,0,31,0,0,0,0,0,0,27,4,0,31,0,0,0,31
04/04/2005,ERI,PA,AEA,CE,Combined TRACON& Tower with Radar,0,45,22,0,67,0,0,29,0,29,0,45,51,0,96,27,0,27,123
04/05/2005,ERI,PA,AEA,CE,Combined TRACON& Tower with Radar,0,56,34,0,90,0,1,33,0,34,0,57,67,0,124,68,0,68,192
04/06/2005,ERI,PA,AEA,CE,Combined TRACON& Tower with Radar,0,51,23,0,74,0,0,47,0,47,0,51,70,0,121,104,0,104,225
04/07/2005,ERI,PA,AEA,CE,Combined TRACON& Tower with Radar,0,55,38,0,93,0,0,4,0,4,0,55,42,0,97,6,0,6,103
04/08/2005,ERI,PA,AEA,CE,Combined TRACON& Tower with Radar,0,49,23,2,74,0,0,33,0,33,0,49,56,2,107,56,0,56,163
04/09/2005,ERI,PA,AEA,CE,Combined TRACON& Tower with Radar,0,48,21,0,69,0,0,84,0,84,0,48,105,0,153,104,0,104,257
04/10/2005,ERI,PA,AEA,CE,Combined TRACON& Tower with Radar,0,46,32,0,78,0,0,136,0,136,0,46,168,0,214,138,0,138,352
04/11/2005,ERI,PA,AEA,CE,Combined TRACON& Tower with Radar,0,51,25,0,76,0,0,31,0,31,0,51,56,0,107,52,0,52,159
04/12/2005,ERI,PA,AEA,CE,Combined TRACON& Tower with Radar,0,51,25,0,76,0,0,23,0,23,0,51,48,0,99,20,0,20,119
04/13/2005,ERI,PA,AEA,CE,Combined TRACON& Tower with Radar,0,53,36,2,91,0,0,43,0,43,0,53,79,2,134,80,0,80,214
04/14/2005,ERI,PA,AEA,CE,Combined TRACON& Tower with Radar,0,49,39,0,88,0,0,66,0,66,0,49,105,0,154,62,0,62,216
04/15/2005,ERI,PA,AEA,CE,Combined TRACON& Tower with Radar,0,50,35,0,85,0,0,0,0,0,0,50,35,0,85,54,0,54,139
04/16/2005,ERI,PA,AEA,CE,Combined TRACON& Tower with Radar,0,47,8,0,55,0,1,53,1,55,0,48,61,1,110,44,0,44,154
04/17/2005,ERI,PA,AEA,CE,Combined TRACON& Tower with Radar,0,43,13,0,56,0,0,110,0,110,0,43,123,0,166,80,0,80,246
04/18/2005,ERI,PA,AEA,CE,Combined TRACON& Tower with Radar,2,49,16,0,67,0,4,57,0,61,2,53,73,0,128,90,0,90,218
04/19/2005,ERI,PA,AEA,CE,Combined TRACON& Tower with Radar,0,49,36,1,86,0,0,28,0,28,0,49,64,1,114,34,0,34,148
04/20/2005,ERI,PA,AEA,CE,Combined TRACON& Tower with Radar,2,45,35,0,82,0,0,23,0,23,2,45,58,0,105,6,0,6,111
04/21/2005,ERI,PA,AEA,CE,Combined TRACON& Tower with Radar,0,61,34,0,95,0,0,33,0,33,0,61,67,0,128,32,0,32,160
04/22/2005,ERI,PA,AEA,CE,Combined TRACON& Tower with Radar,0,49,22,0,71,0,0,27,0,27,0,49,49,0,98,20,0,20,118
04/23/2005,ERI,PA,AEA,CE,Combined TRACON& Tower with Radar,0,45,2,0,47,0,0,0,0,0,0,45,2,0,47,0,0,0,47
04/24/2005,ERI,PA,AEA,CE,Combined TRACON& Tower with Radar,0,42,8,0,50,0,0,4,0,4,0,42,12,0,54,10,0,10,64
04/25/2005,ERI,PA,AEA,CE,Combined TRACON& Tower with Radar,0,49,18,0,67,0,0,8,0,8,0,49,26,0,75,21,0,21,96
04/26/2005,ERI,PA,AEA,CE,Combined TRACON& Tower with Radar,0,50,24,0,74,0,0,24,0,24,0,50,48,0,98,12,0,12,110
04/27/2005,ERI,PA,AEA,CE,Combined TRACON& Tower with Radar,0,49,44,0,93,0,0,42,0,42,0,49,86,0,135,58,0,58,193
04/28/2005,ERI,PA,AEA,CE,Combined TRACON& Tower with Radar,0,50,27,0,77,0,0,0,0,0,0,50,27,0,77,15,0,15,92
04/29/2005,ERI,PA,AEA,CE,Combined TRACON& Tower with Radar,0,53,41,0,94,0,2,19,0,21,0,55,60,0,115,64,0,64,179
04/30/2005,ERI,PA,AEA,CE,Combined TRACON& Tower with Radar,0,41,20,0,61,0,0,0,0,0,0,41,20,0,61,0,0,0,61
05/01/2005,ERI,PA,AEA,CE,Combined TRACON& Tower with Radar,0,40,20,0,60,0,0,25,0,25,0,40,45,0,85,22,0,22,107
05/02/2005,ERI,PA,AEA,CE,Combined TRACON& Tower with Radar,0,49,12,0,61,0,0,39,0,39,0,49,51,0,100,38,0,38,138
05/03/2005,ERI,PA,AEA,CE,Combined TRACON& Tower with Radar,0,47,17,0,64,0,0,10,0,10,0,47,27,0,74,48,0,48,122
05/04/2005,ERI,PA,AEA,CE,Combined TRACON& Tower with Radar,0,52,34,0,86,0,2,50,0,52,0,54,84,0,138,38,0,38,176
05/05/2005,ERI,PA,AEA,CE,Combined TRACON& Tower with Radar,0,53,32,1,86,0,6,45,0,51,0,59,77,1,137,37,0,37,174
05/06/2005,ERI,PA,AEA,CE,Combined TRACON& Tower with Radar,0,55,29,0,84,0,0,52,0,52,0,55,81,0,136,112,0,112,248
05/07/2005,ERI,PA,AEA,CE,Combined TRACON& Tower with Radar,0,41,14,0,55,0,0,58,0,58,0,41,72,0,113,82,0,82,195
05/08/2005,ERI,PA,AEA,CE,Combined TRACON& Tower with Radar,0,50,24,0,74,0,1,65,0,66,0,51,89,0,140,84,0,84,224
05/09/2005,ERI,PA,AEA,CE,Combined TRACON& Tower with Radar,0,46,33,0,79,0,0,42,0,42,0,46,75,0,121,24,0,24,145
05/10/2005,ERI,PA,AEA,CE,Combined TRACON& Tower with Radar,0,58,22,0,80,0,0,28,0,28,0,58,50,0,108,65,0,65,173
05/11/2005,ERI,PA,AEA,CE,Combined TRACON& Tower with Radar,0,49,43,0,92,0,1,52,0,53,0,50,95,0,145,72,0,72,217
05/12/2005,ERI,PA,AEA,CE,Combined TRACON& Tower with Radar,0,56,35,0,91,0,7,24,0,31,0,63,59,0,122,24,0,24,146
05/13/2005,ERI,PA,AEA,CE,Combined TRACON& Tower with Radar,0,45,26,0,71,0,1,48,0,49,0,46,74,0,120,86,0,86,206
05/14/2005,ERI,PA,AEA,CE,Combined TRACON& Tower with Radar,0,43,16,0,59,0,0,34,0,34,0,43,50,0,93,94,0,94,187
05/15/2005,ERI,PA,AEA,CE,Combined TRACON& Tower with Radar,0,48,18,0,66,0,0,43,0,43,0,48,61,0,109,46,0,46,155
05/16/2005,ERI,PA,AEA,CE,Combined TRACON& Tower with Radar,0,41,28,0,69,0,0,45,0,45,0,41,73,0,114,110,0,110,224
05/17/2005,ERI,PA,AEA,CE,Combined TRACON& Tower with Radar,0,48,17,0,65,0,0,30,0,30,0,48,47,0,95,71,0,71,166
05/18/2005,ERI,PA,AEA,CE,Combined TRACON& Tower with Radar,0,56,27,0,83,0,0,69,0,69,0,56,96,0,152,98,0,98,250
05/19/2005,ERI,PA,AEA,CE,Combined TRACON& Tower with Radar,0,53,34,0,87,0,0,51,0,51,0,53,85,0,138,114,0,114,252
05/20/2005,ERI,PA,AEA,CE,Combined TRACON& Tower with Radar,0,48,36,0,84,0,0,35,0,35,0,48,71,0,119,59,0,59,178
05/21/2005,ERI,PA,AEA,CE,Combined TRACON& Tower with Radar,0,45,22,0,67,0,0,65,0,65,0,45,87,0,132,36,0,36,168
05/22/2005,ERI,PA,AEA,CE,Combined TRACON& Tower with Radar,0,44,26,0,70,0,75,26,0,101,0,119,52,0,171,58,0,58,229
05/23/2005,ERI,PA,AEA,CE,Combined TRACON& Tower with Radar,0,50,53,0,103,0,0,8,0,8,0,50,61,0,111,14,0,14,125
05/24/2005,ERI,PA,AEA,CE,Combined TRACON& Tower with Radar,0,63,27,0,90,0,1,5,0,6,0,64,32,0,96,12,0,12,108
05/25/2005,ERI,PA,AEA,CE,Combined TRACON& Tower with Radar,2,54,25,0,81,0,0,72,0,72,2,54,97,0,153,114,0,114,267
05/26/2005,ERI,PA,AEA,CE,Combined TRACON& Tower with Radar,0,54,35,0,89,0,0,90,0,90,0,54,125,0,179,100,0,100,279
05/27/2005,ERI,PA,AEA,CE,Combined TRACON& Tower with Radar,0,51,26,0,77,0,0,31,0,31,0,51,57,0,108,81,0,81,189
05/28/2005,ERI,PA,AEA,CE,Combined TRACON& Tower with Radar,0,42,10,1,53,0,0,21,0,21,0,42,31,1,74,72,0,72,146
05/29/2005,ERI,PA,AEA,CE,Combined TRACON& Tower with Radar,0,43,16,0,59,0,0,89,2,91,0,43,105,2,150,126,0,126,276
05/30/2005,ERI,PA,AEA,CE,Combined TRACON& Tower with Radar,0,41,30,0,71,0,0,44,0,44,0,41,74,0,115,62,0,62,177
05/31/2005,ERI,PA,AEA,CE,Combined TRACON& Tower with Radar,0,49,31,3,83,0,0,67,0,67,0,49,98,3,150,88,8,96,246
06/01/2005,ERI,PA,AEA,CE,Combined TRACON& Tower with Radar,0,51,40,0,91,0,2,85,0,87,0,53,125,0,178,106,0,106,284
06/02/2005,ERI,PA,AEA,CE,Combined TRACON& Tower with Radar,0,54,15,0,69,0,1,38,0,39,0,55,53,0,108,36,0,36,144
06/03/2005,ERI,PA,AEA,CE,Combined TRACON& Tower with Radar,0,45,23,0,68,0,1,3,0,4,0,46,26,0,72,18,0,18,90
06/04/2005,ERI,PA,AEA,CE,Combined TRACON& Tower with Radar,0,40,9,0,49,0,1,71,0,72,0,41,80,0,121,86,0,86,207
06/05/2005,ERI,PA,AEA,CE,Combined TRACON& Tower with Radar,0,49,23,0,72,0,2,75,0,77,0,51,98,0,149,104,0,104,253
06/06/2005,ERI,PA,AEA,CE,Combined TRACON& Tower with Radar,0,38,34,0,72,0,1,30,0,31,0,39,64,0,103,99,0,99,202
06/07/2005,ERI,PA,AEA,CE,Combined TRACON& Tower with Radar,0,50,41,10,101,0,0,64,0,64,0,50,105,10,165,80,6,86,251
06/08/2005,ERI,PA,AEA,CE,Combined TRACON& Tower with Radar,0,57,40,3,100,0,0,53,0,53,0,57,93,3,153,126,0,126,279
06/09/2005,ERI,PA,AEA,CE,Combined TRACON& Tower with Radar,0,47,31,11,89,0,0,55,0,55,0,47,86,11,144,54,2,56,200
06/10/2005,ERI,PA,AEA,CE,Combined TRACON& Tower with Radar,0,42,44,0,86,0,0,18,0,18,0,42,62,0,104,34,0,34,138
06/11/2005,ERI,PA,AEA,CE,Combined TRACON& Tower with Radar,0,44,20,0,64,0,0,43,0,43,0,44,63,0,107,70,0,70,177
06/12/2005,ERI,PA,AEA,CE,Combined TRACON& Tower with Radar,0,49,29,0,78,0,0,38,0,38,0,49,67,0,116,74,0,74,190
06/13/2005,ERI,PA,AEA,CE,Combined TRACON& Tower with Radar,0,44,18,0,62,0,2,18,0,20,0,46,36,0,82,48,0,48,130
06/14/2005,ERI,PA,AEA,CE,Combined TRACON& Tower with Radar,0,46,26,0,72,0,0,35,0,35,0,46,61,0,107,44,0,44,151
06/15/2005,ERI,PA,AEA,CE,Combined TRACON& Tower with Radar,0,49,19,0,68,0,1,22,0,23,0,50,41,0,91,47,0,47,138
06/16/2005,ERI,PA,AEA,CE,Combined TRACON& Tower with Radar,0,52,34,0,86,0,0,21,0,21,0,52,55,0,107,14,0,14,121
06/17/2005,ERI,PA,AEA,CE,Combined TRACON& Tower with Radar,0,51,57,0,108,0,1,31,0,32,0,52,88,0,140,76,0,76,216
06/18/2005,ERI,PA,AEA,CE,Combined TRACON& Tower with Radar,0,42,26,0,68,0,2,36,0,38,0,44,62,0,106,96,0,96,202
06/19/2005,ERI,PA,AEA,CE,Combined TRACON& Tower with Radar,0,43,36,0,79,0,1,89,0,90,0,44,125,0,169,156,0,156,325
06/20/2005,ERI,PA,AEA,CE,Combined TRACON& Tower with Radar,2,49,23,0,74,0,1,76,0,77,2,50,99,0,151,84,8,92,243
06/21/2005,ERI,PA,AEA,CE,Combined TRACON& Tower with Radar,0,48,28,0,76,0,2,83,0,85,0,50,111,0,161,94,0,94,255
06/22/2005,ERI,PA,AEA,CE,Combined TRACON& Tower with Radar,2,54,59,1,116,0,0,67,1,68,2,54,126,2,184,132,0,132,316
06/23/2005,ERI,PA,AEA,CE,Combined TRACON& Tower with Radar,0,53,34,0,87,0,0,67,1,68,0,53,101,1,155,68,0,68,223
06/24/2005,ERI,PA,AEA,CE,Combined TRACON& Tower with Radar,0,49,39,0,88,0,0,108,0,108,0,49,147,0,196,124,0,124,320
06/25/2005,ERI,PA,AEA,CE,Combined TRACON& Tower with Radar,0,41,24,1,66,0,5,61,0,66,0,46,85,1,132,80,0,80,212
06/26/2005,ERI,PA,AEA,CE,Combined TRACON& Tower with Radar,0,44,26,0,70,0,0,64,0,64,0,44,90,0,134,68,0,68,202
06/27/2005,ERI,PA,AEA,CE,Combined TRACON& Tower with Radar,0,48,23,0,71,0,0,64,0,64,0,48,87,0,135,116,0,116,251
06/28/2005,ERI,PA,AEA,CE,Combined TRACON& Tower with Radar,0,51,28,0,79,0,0,68,0,68,0,51,96,0,147,66,0,66,213
06/29/2005,ERI,PA,AEA,CE,Combined TRACON& Tower with Radar,0,47,56,0,103,0,1,31,0,32,0,48,87,0,135,60,0,60,195
06/30/2005,ERI,PA,AEA,CE,Combined TRACON& Tower with Radar,0,42,38,0,80,0,12,35,0,47,0,54,73,0,127,73,0,73,200
07/01/2005,ERI,PA,AEA,CE,Combined TRACON& Tower with Radar,0,44,30,0,74,0,0,53,0,53,0,44,83,0,127,82,0,82,209
07/02/2005,ERI,PA,AEA,CE,Combined TRACON& Tower with Radar,0,41,31,0,72,0,3,72,0,75,0,44,103,0,147,102,0,102,249
07/03/2005,ERI,PA,AEA,CE,Combined TRACON& Tower with Radar,0,38,23,0,61,0,2,73,0,75,0,40,96,0,136,66,0,66,202
07/04/2005,ERI,PA,AEA,CE,Combined TRACON& Tower with Radar,0,38,25,0,63,0,0,43,0,43,0,38,68,0,106,58,0,58,164
07/05/2005,ERI,PA,AEA,CE,Combined TRACON& Tower with Radar,0,41,25,0,66,0,0,19,0,19,0,41,44,0,85,53,0,53,138
07/06/2005,ERI,PA,AEA,CE,Combined TRACON& Tower with Radar,0,47,26,0,73,0,0,48,0,48,0,47,74,0,121,94,0,94,215
07/07/2005,ERI,PA,AEA,CE,Combined TRACON& Tower with Radar,0,51,22,0,73,0,0,104,0,104,0,51,126,0,177,104,0,104,281
07/08/2005,ERI,PA,AEA,CE,Combined TRACON& Tower with Radar,0,49,19,0,68,0,2,6,0,8,0,51,25,0,76,128,0,128,204
07/09/2005,ERI,PA,AEA,CE,Combined TRACON& Tower with Radar,0,38,24,0,62,0,9,36,0,45,0,47,60,0,107,13,0,13,120
07/10/2005,ERI,PA,AEA,CE,Combined TRACON& Tower with Radar,0,39,24,0,63,0,0,71,0,71,0,39,95,0,134,20,0,20,154
07/11/2005,ERI,PA,AEA,CE,Combined TRACON& Tower with Radar,0,43,20,0,63,0,2,34,0,36,0,45,54,0,99,66,0,66,165
07/12/2005,ERI,PA,AEA,CE,Combined TRACON& Tower with Radar,0,41,29,0,70,0,0,53,0,53,0,41,82,0,123,76,0,76,199
07/13/2005,ERI,PA,AEA,CE,Combined TRACON& Tower with Radar,0,48,32,0,80,0,0,22,0,22,0,48,54,0,102,34,0,34,136
07/14/2005,ERI,PA,AEA,CE,Combined TRACON& Tower with Radar,0,57,23,0,80,0,0,30,0,30,0,57,53,0,110,90,0,90,200
07/15/2005,ERI,PA,AEA,CE,Combined TRACON& Tower with Radar,0,48,31,0,79,0,1,21,0,22,0,49,52,0,101,63,0,63,164
07/16/2005,ERI,PA,AEA,CE,Combined TRACON& Tower with Radar,0,38,12,0,50,0,0,29,0,29,0,38,41,0,79,36,0,36,115
07/17/2005,ERI,PA,AEA,CE,Combined TRACON& Tower with Radar,0,38,18,0,56,0,0,16,0,16,0,38,34,0,72,26,0,26,98
07/18/2005,ERI,PA,AEA,CE,Combined TRACON& Tower with Radar,0,41,29,0,70,0,0,10,0,10,0,41,39,0,80,89,0,89,169
07/19/2005,ERI,PA,AEA,CE,Combined TRACON& Tower with Radar,0,42,22,0,64,0,0,39,0,39,0,42,61,0,103,46,0,46,149
07/20/2005,ERI,PA,AEA,CE,Combined TRACON& Tower with Radar,0,51,35,0,86,0,2,126,0,128,0,53,161,0,214,96,0,96,310
07/21/2005,ERI,PA,AEA,CE,Combined TRACON& Tower with Radar,0,48,27,12,87,0,0,63,0,63,0,48,90,12,150,96,34,130,280
07/22/2005,ERI,PA,AEA,CE,Combined TRACON& Tower with Radar,0,51,47,0,98,0,0,62,0,62,0,51,109,0,160,62,0,62,222
07/23/2005,ERI,PA,AEA,CE,Combined TRACON& Tower with Radar,0,38,24,0,62,0,0,93,0,93,0,38,117,0,155,104,0,104,259
07/24/2005,ERI,PA,AEA,CE,Combined TRACON& Tower with Radar,0,38,44,0,82,0,1,57,0,58,0,39,101,0,140,32,0,32,172
07/25/2005,ERI,PA,AEA,CE,Combined TRACON& Tower with Radar,1,43,35,0,79,0,3,22,0,25,1,46,57,0,104,30,0,30,134
07/26/2005,ERI,PA,AEA,CE,Combined TRACON& Tower with Radar,0,37,33,0,70,0,0,24,0,24,0,37,57,0,94,62,0,62,156
07/27/2005,ERI,PA,AEA,CE,Combined TRACON& Tower with Radar,0,48,42,0,90,0,0,8,0,8,0,48,50,0,98,84,0,84,182
07/28/2005,ERI,PA,AEA,CE,Combined TRACON& Tower with Radar,2,49,49,0,100,0,0,69,2,71,2,49,118,2,171,80,6,86,257
07/29/2005,ERI,PA,AEA,CE,Combined TRACON& Tower with Radar,0,44,35,0,79,0,0,53,4,57,0,44,88,4,136,32,0,32,168
07/30/2005,ERI,PA,AEA,CE,Combined TRACON& Tower with Radar,0,41,23,0,64,0,0,75,1,76,0,41,98,1,140,38,4,42,182
07/31/2005,ERI,PA,AEA,CE,Combined TRACON& Tower with Radar,0,38,17,0,55,0,0,32,0,32,0,38,49,0,87,44,0,44,131
08/01/2005,ERI,PA,AEA,CE,Combined TRACON& Tower with Radar,0,53,11,0,64,0,2,64,0,66,0,55,75,0,130,40,0,40,170
08/02/2005,ERI,PA,AEA,CE,Combined TRACON& Tower with Radar,1,46,45,0,92,0,0,57,0,57,1,46,102,0,149,54,0,54,203
08/03/2005,ERI,PA,AEA,CE,Combined TRACON& Tower with Radar,0,48,37,0,85,0,1,45,2,48,0,49,82,2,133,119,0,119,252
08/04/2005,ERI,PA,AEA,CE,Combined TRACON& Tower with Radar,0,51,35,0,86,0,0,57,0,57,0,51,92,0,143,86,0,86,229
08/05/2005,ERI,PA,AEA,CE,Combined TRACON& Tower with Radar,0,43,32,5,80,0,0,59,0,59,0,43,91,5,139,26,8,34,173
08/06/2005,ERI,PA,AEA,CE,Combined TRACON& Tower with Radar,0,39,27,0,66,0,2,85,0,87,0,41,112,0,153,41,0,41,194
08/07/2005,ERI,PA,AEA,CE,Combined TRACON& Tower with Radar,0,39,25,0,64,0,5,84,0,89,0,44,109,0,153,92,0,92,245
08/08/2005,ERI,PA,AEA,CE,Combined TRACON& Tower with Radar,0,40,21,0,61,0,0,60,0,60,0,40,81,0,121,103,0,103,224
08/09/2005,ERI,PA,AEA,CE,Combined TRACON& Tower with Radar,0,41,35,0,76,0,3,71,1,75,0,44,106,1,151,80,0,80,231
08/10/2005,ERI,PA,AEA,CE,Combined TRACON& Tower with Radar,0,44,30,0,74,0,0,72,0,72,0,44,102,0,146,84,0,84,230
08/11/2005,ERI,PA,AEA,CE,Combined TRACON& Tower with Radar,0,50,32,0,82,0,0,47,0,47,0,50,79,0,129,73,0,73,202
08/12/2005,ERI,PA,AEA,CE,Combined TRACON& Tower with Radar,0,47,24,0,71,0,3,29,0,32,0,50,53,0,103,34,0,34,137
08/13/2005,ERI,PA,AEA,CE,Combined TRACON& Tower with Radar,0,40,20,0,60,0,2,25,0,27,0,42,45,0,87,32,0,32,119
08/14/2005,ERI,PA,AEA,CE,Combined TRACON& Tower with Radar,0,41,31,0,72,0,4,4,0,8,0,45,35,0,80,4,0,4,84
08/15/2005,ERI,PA,AEA,CE,Combined TRACON& Tower with Radar,0,40,27,0,67,0,0,47,0,47,0,40,74,0,114,580,0,580,694
08/16/2005,ERI,PA,AEA,CE,Combined TRACON& Tower with Radar,0,55,29,0,84,0,2,61,0,63,0,57,90,0,147,48,0,48,195
08/17/2005,ERI,PA,AEA,CE,Combined TRACON& Tower with Radar,0,46,28,8,82,0,0,45,0,45,0,46,73,8,127,83,6,89,216
08/18/2005,ERI,PA,AEA,CE,Combined TRACON& Tower with Radar,0,50,22,0,72,0,0,75,0,75,0,50,97,0,147,92,0,92,239
08/19/2005,ERI,PA,AEA,CE,Combined TRACON& Tower with Radar,0,44,28,0,72,0,0,13,0,13,0,44,41,0,85,28,0,28,113
08/20/2005,ERI,PA,AEA,CE,Combined TRACON& Tower with Radar,0,39,16,0,55,0,0,80,0,80,0,39,96,0,135,98,0,98,233
08/21/2005,ERI,PA,AEA,CE,Combined TRACON& Tower with Radar,0,45,11,0,56,0,0,26,0,26,0,45,37,0,82,38,0,38,120
08/22/2005,ERI,PA,AEA,CE,Combined TRACON& Tower with Radar,2,43,25,0,70,0,0,39,0,39,2,43,64,0,109,44,0,44,153
08/23/2005,ERI,PA,AEA,CE,Combined TRACON& Tower with Radar,0,47,28,12,87,0,0,74,0,74,0,47,102,12,161,104,8,112,273
08/24/2005,ERI,PA,AEA,CE,Combined TRACON& Tower with Radar,0,47,24,0,71,0,8,63,1,72,0,55,87,1,143,84,0,84,227
08/25/2005,ERI,PA,AEA,CE,Combined TRACON& Tower with Radar,0,41,33,0,74,0,4,61,1,66,0,45,94,1,140,88,0,88,228
08/26/2005,ERI,PA,AEA,CE,Combined TRACON& Tower with Radar,0,48,36,0,84,0,0,51,0,51,0,48,87,0,135,64,0,64,199
08/27/2005,ERI,PA,AEA,CE,Combined TRACON& Tower with Radar,0,35,24,0,59,0,4,5,1,10,0,39,29,1,69,18,0,18,87
08/28/2005,ERI,PA,AEA,CE,Combined TRACON& Tower with Radar,0,42,28,0,70,0,0,60,0,60,0,42,88,0,130,74,0,74,204
08/29/2005,ERI,PA,AEA,CE,Combined TRACON& Tower with Radar,0,42,38,0,80,0,0,56,0,56,0,42,94,0,136,76,0,76,212
08/30/2005,ERI,PA,AEA,CE,Combined TRACON& Tower with Radar,0,49,26,0,75,0,0,23,0,23,0,49,49,0,98,52,0,52,150
08/31/2005,ERI,PA,AEA,CE,Combined TRACON& Tower with Radar,0,39,18,0,57,0,0,6,0,6,0,39,24,0,63,32,0,32,95
09/01/2005,ERI,PA,AEA,CE,Combined TRACON& Tower with Radar,0,50,29,0,79,0,0,30,0,30,0,50,59,0,109,30,0,30,139
09/02/2005,ERI,PA,AEA,CE,Combined TRACON& Tower with Radar,0,53,25,0,78,0,0,34,0,34,0,53,59,0,112,38,0,38,150
09/03/2005,ERI,PA,AEA,CE,Combined TRACON& Tower with Radar,0,32,15,0,47,0,0,69,0,69,0,32,84,0,116,90,0,90,206
09/04/2005,ERI,PA,AEA,CE,Combined TRACON& Tower with Radar,0,33,24,0,57,0,0,36,0,36,0,33,60,0,93,54,0,54,147
09/05/2005,ERI,PA,AEA,CE,Combined TRACON& Tower with Radar,0,40,32,0,72,0,3,75,0,78,0,43,107,0,150,50,0,50,200
09/06/2005,ERI,PA,AEA,CE,Combined TRACON& Tower with Radar,0,49,28,0,77,0,9,45,0,54,0,58,73,0,131,86,0,86,217
09/07/2005,ERI,PA,AEA,CE,Combined TRACON& Tower with Radar,0,51,32,0,83,0,3,68,1,72,0,54,100,1,155,60,0,60,215
09/08/2005,ERI,PA,AEA,CE,Combined TRACON& Tower with Radar,0,47,18,2,67,0,0,57,0,57,0,47,75,2,124,64,6,70,194
09/09/2005,ERI,PA,AEA,CE,Combined TRACON& Tower with Radar,0,52,40,2,94,0,0,60,6,66,0,52,100,8,160,118,10,128,288
09/10/2005,ERI,PA,AEA,CE,Combined TRACON& Tower with Radar,0,38,28,3,69,0,0,107,0,107,0,38,135,3,176,200,14,214,390
09/11/2005,ERI,PA,AEA,CE,Combined TRACON& Tower with Radar,0,43,15,2,60,0,0,108,1,109,0,43,123,3,169,212,8,220,389
09/12/2005,ERI,PA,AEA,CE,Combined TRACON& Tower with Radar,0,42,19,2,63,0,0,63,1,64,0,42,82,3,127,50,0,50,177
09/13/2005,ERI,PA,AEA,CE,Combined TRACON& Tower with Radar,0,46,46,0,92,0,0,56,0,56,0,46,102,0,148,58,0,58,206
09/14/2005,ERI,PA,AEA,CE,Combined TRACON& Tower with Radar,0,41,38,0,79,0,0,36,0,36,0,41,74,0,115,59,0,59,174
09/15/2005,ERI,PA,AEA,CE,Combined TRACON& Tower with Radar,0,52,31,0,83,0,0,21,0,21,0,52,52,0,104,42,0,42,146
09/16/2005,ERI,PA,AEA,CE,Combined TRACON& Tower with Radar,0,57,18,0,75,0,0,0,0,0,0,57,18,0,75,8,0,8,83
09/17/2005,ERI,PA,AEA,CE,Combined TRACON& Tower with Radar,0,37,17,0,54,0,4,24,0,28,0,41,41,0,82,24,0,24,106
09/18/2005,ERI,PA,AEA,CE,Combined TRACON& Tower with Radar,0,41,21,0,62,0,0,71,0,71,0,41,92,0,133,84,0,84,217
09/19/2005,ERI,PA,AEA,CE,Combined TRACON& Tower with Radar,0,44,13,0,57,0,0,46,0,46,0,44,59,0,103,20,0,20,123
09/20/2005,ERI,PA,AEA,CE,Combined TRACON& Tower with Radar,0,44,30,0,74,0,2,24,0,26,0,46,54,0,100,6,0,6,106
09/21/2005,ERI,PA,AEA,CE,Combined TRACON& Tower with Radar,0,57,23,10,90,0,0,53,1,54,0,57,76,11,144,50,14,64,208
09/22/2005,ERI,PA,AEA,CE,Combined TRACON& Tower with Radar,0,53,26,0,79,0,1,42,0,43,0,54,68,0,122,54,0,54,176
09/23/2005,ERI,PA,AEA,CE,Combined TRACON& Tower with Radar,0,50,34,0,84,0,0,19,0,19,0,50,53,0,103,6,0,6,109
09/24/2005,ERI,PA,AEA,CE,Combined TRACON& Tower with Radar,0,34,20,0,54,0,2,80,0,82,0,36,100,0,136,84,0,84,220
09/25/2005,ERI,PA,AEA,CE,Combined TRACON& Tower with Radar,0,38,21,0,59,0,0,16,0,16,0,38,37,0,75,19,0,19,94
09/26/2005,ERI,PA,AEA,CE,Combined TRACON& Tower with Radar,0,43,33,0,76,0,0,1,0,1,0,43,34,0,77,0,0,0,77
09/27/2005,ERI,PA,AEA,CE,Combined TRACON& Tower with Radar,0,46,42,0,88,0,0,79,0,79,0,46,121,0,167,46,0,46,213
09/28/2005,ERI,PA,AEA,CE,Combined TRACON& Tower with Radar,0,47,24,2,73,0,0,30,0,30,0,47,54,2,103,52,2,54,157
09/29/2005,ERI,PA,AEA,CE,Combined TRACON& Tower with Radar,0,43,16,0,59,0,0,3,0,3,0,43,19,0,62,8,0,8,70
09/30/2005,ERI,PA,AEA,CE,Combined TRACON& Tower with Radar,0,49,39,8,96,0,2,86,0,88,0,51,125,8,184,82,10,92,276
10/01/2005,ERI,PA,AEA,CE,Combined TRACON& Tower with Radar,0,37,12,0,49,0,0,64,0,64,0,37,76,0,113,110,0,110,223
10/02/2005,ERI,PA,AEA,CE,Combined TRACON& Tower with Radar,0,43,20,0,63,0,0,89,0,89,0,43,109,0,152,48,0,48,200
10/03/2005,ERI,PA,AEA,CE,Combined TRACON& Tower with Radar,0,46,31,0,77,0,0,52,0,52,0,46,83,0,129,90,0,90,219
10/04/2005,ERI,PA,AEA,CE,Combined TRACON& Tower with Radar,0,47,35,0,82,0,0,36,0,36,0,47,71,0,118,64,0,64,182
10/05/2005,ERI,PA,AEA,CE,Combined TRACON& Tower with Radar,0,50,17,0,67,0,2,57,0,59,0,52,74,0,126,68,0,68,194
10/06/2005,ERI,PA,AEA,CE,Combined TRACON& Tower with Radar,0,56,29,0,85,0,0,44,0,44,0,56,73,0,129,40,0,40,169
10/07/2005,ERI,PA,AEA,CE,Combined TRACON& Tower with Radar,0,51,44,2,97,0,0,0,0,0,0,51,44,2,97,0,0,0,97
10/08/2005,ERI,PA,AEA,CE,Combined TRACON& Tower with Radar,0,36,27,0,63,0,0,0,0,0,0,36,27,0,63,0,0,0,63
10/09/2005,ERI,PA,AEA,CE,Combined TRACON& Tower with Radar,0,38,36,6,80,0,0,1,0,1,0,38,37,6,81,16,4,20,101
10/10/2005,ERI,PA,AEA,CE,Combined TRACON& Tower with Radar,0,43,28,0,71,0,0,27,0,27,0,43,55,0,98,40,0,40,138
10/11/2005,ERI,PA,AEA,CE,Combined TRACON& Tower with Radar,0,57,33,0,90,0,0,0,0,0,0,57,33,0,90,10,0,10,100
10/12/2005,ERI,PA,AEA,CE,Combined TRACON& Tower with Radar,0,47,35,0,82,0,0,13,0,13,0,47,48,0,95,18,0,18,113
10/13/2005,ERI,PA,AEA,CE,Combined TRACON& Tower with Radar,0,48,40,8,96,0,3,36,0,39,0,51,76,8,135,58,4,62,197
10/14/2005,ERI,PA,AEA,CE,Combined TRACON& Tower with Radar,0,47,26,5,78,0,0,42,0,42,0,47,68,5,120,29,6,35,155
10/15/2005,ERI,PA,AEA,CE,Combined TRACON& Tower with Radar,0,35,23,0,58,0,0,18,0,18,0,35,41,0,76,14,0,14,90
10/16/2005,ERI,PA,AEA,CE,Combined TRACON& Tower with Radar,0,38,27,0,65,0,0,0,0,0,0,38,27,0,65,0,0,0,65
10/17/2005,ERI,PA,AEA,CE,Combined TRACON& Tower with Radar,2,42,24,0,68,0,1,35,0,36,2,43,59,0,104,50,0,50,154
10/18/2005,ERI,PA,AEA,CE,Combined TRACON& Tower with Radar,0,60,32,0,92,0,0,39,0,39,0,60,71,0,131,48,0,48,179
10/19/2005,ERI,PA,AEA,CE,Combined TRACON& Tower with Radar,2,50,28,0,80,0,0,22,0,22,2,50,50,0,102,18,0,18,120
10/20/2005,ERI,PA,AEA,CE,Combined TRACON& Tower with Radar,0,54,27,0,81,0,1,54,0,55,0,55,81,0,136,94,0,94,230
10/21/2005,ERI,PA,AEA,CE,Combined TRACON& Tower with Radar,0,46,34,0,80,0,3,51,0,54,0,49,85,0,134,72,0,72,206
10/22/2005,ERI,PA,AEA,CE,Combined TRACON& Tower with Radar,0,36,16,0,52,0,0,1,0,1,0,36,17,0,53,4,0,4,57
10/23/2005,ERI,PA,AEA,CE,Combined TRACON& Tower with Radar,0,37,22,0,59,0,2,26,0,28,0,39,48,0,87,27,0,27,114
10/24/2005,ERI,PA,AEA,CE,Combined TRACON& Tower with Radar,0,44,22,0,66,0,0,1,0,1,0,44,23,0,67,0,0,0,67
10/25/2005,ERI,PA,AEA,CE,Combined TRACON& Tower with Radar,0,47,24,0,71,0,0,1,0,1,0,47,25,0,72,0,0,0,72
10/26/2005,ERI,PA,AEA,CE,Combined TRACON& Tower with Radar,0,55,15,0,70,0,0,10,0,10,0,55,25,0,80,14,0,14,94
10/27/2005,ERI,PA,AEA,CE,Combined TRACON& Tower with Radar,0,51,36,2,89,0,0,16,0,16,0,51,52,2,105,8,12,20,125
10/28/2005,ERI,PA,AEA,CE,Combined TRACON& Tower with Radar,0,47,28,0,75,0,0,31,0,31,0,47,59,0,106,12,0,12,118
10/29/2005,ERI,PA,AEA,CE,Combined TRACON& Tower with Radar,0,42,21,0,63,0,0,58,0,58,0,42,79,0,121,56,0,56,177
10/30/2005,ERI,PA,AEA,CE,Combined TRACON& Tower with Radar,0,37,27,0,64,0,0,70,0,70,0,37,97,0,134,64,0,64,198
10/31/2005,ERI,PA,AEA,CE,Combined TRACON& Tower with Radar,0,43,24,0,67,0,0,21,1,22,0,43,45,1,89,16,0,16,105
11/01/2005,ERI,PA,AEA,CE,Combined TRACON& Tower with Radar,0,49,19,0,68,0,0,9,0,9,0,49,28,0,77,0,0,0,77
11/02/2005,ERI,PA,AEA,CE,Combined TRACON& Tower with Radar,0,49,24,0,73,0,0,42,0,42,0,49,66,0,115,74,0,74,189
11/03/2005,ERI,PA,AEA,CE,Combined TRACON& Tower with Radar,0,50,43,2,95,0,0,34,0,34,0,50,77,2,129,62,0,62,191
11/04/2005,ERI,PA,AEA,CE,Combined TRACON& Tower with Radar,0,47,26,0,73,0,0,29,0,29,0,47,55,0,102,34,0,34,136
11/05/2005,ERI,PA,AEA,CE,Combined TRACON& Tower with Radar,0,38,7,0,45,0,0,19,0,19,0,38,26,0,64,18,0,18,82
11/06/2005,ERI,PA,AEA,CE,Combined TRACON& Tower with Radar,0,41,10,0,51,0,0,1,0,1,0,41,11,0,52,0,0,0,52
11/07/2005,ERI,PA,AEA,CE,Combined TRACON& Tower with Radar,0,47,21,0,68,0,0,46,0,46,0,47,67,0,114,42,0,42,156
11/08/2005,ERI,PA,AEA,CE,Combined TRACON& Tower with Radar,0,54,39,0,93,0,0,25,0,25,0,54,64,0,118,8,0,8,126
11/09/2005,ERI,PA,AEA,CE,Combined TRACON& Tower with Radar,0,40,28,0,68,0,0,0,0,0,0,40,28,0,68,2,0,2,70
11/10/2005,ERI,PA,AEA,CE,Combined TRACON& Tower with Radar,0,43,27,0,70,0,0,5,0,5,0,43,32,0,75,6,0,6,81
11/11/2005,ERI,PA,AEA,CE,Combined TRACON& Tower with Radar,0,49,30,0,79,0,2,54,0,56,0,51,84,0,135,38,0,38,173
11/12/2005,ERI,PA,AEA,CE,Combined TRACON& Tower with Radar,0,39,13,0,52,0,0,83,0,83,0,39,96,0,135,45,0,45,180
11/13/2005,ERI,PA,AEA,CE,Combined TRACON& Tower with Radar,0,37,12,0,49,0,0,2,0,2,0,37,14,0,51,0,0,0,51
11/14/2005,ERI,PA,AEA,CE,Combined TRACON& Tower with Radar,2,49,20,0,71,0,0,32,0,32,2,49,52,0,103,24,0,24,127
11/15/2005,ERI,PA,AEA,CE,Combined TRACON& Tower with Radar,0,40,21,0,61,0,0,0,0,0,0,40,21,0,61,0,0,0,61
11/16/2005,ERI,PA,AEA,CE,Combined TRACON& Tower with Radar,2,45,15,0,62,0,0,0,0,0,2,45,15,0,62,0,0,0,62
11/17/2005,ERI,PA,AEA,CE,Combined TRACON& Tower with Radar,0,48,27,0,75,0,0,0,0,0,0,48,27,0,75,2,0,2,77
11/18/2005,ERI,PA,AEA,CE,Combined TRACON& Tower with Radar,0,48,7,0,55,0,0,9,0,9,0,48,16,0,64,6,0,6,70
11/19/2005,ERI,PA,AEA,CE,Combined TRACON& Tower with Radar,0,34,10,0,44,0,0,36,0,36,0,34,46,0,80,12,0,12,92
11/20/2005,ERI,PA,AEA,CE,Combined TRACON& Tower with Radar,0,35,17,0,52,0,0,40,0,40,0,35,57,0,92,24,0,24,116
11/21/2005,ERI,PA,AEA,CE,Combined TRACON& Tower with Radar,0,44,11,0,55,0,1,22,2,25,0,45,33,2,80,84,0,84,164
11/22/2005,ERI,PA,AEA,CE,Combined TRACON& Tower with Radar,0,46,27,2,75,0,0,2,1,3,0,46,29,3,78,0,2,2,80
11/23/2005,ERI,PA,AEA,CE,Combined TRACON& Tower with Radar,0,43,34,0,77,0,0,5,0,5,0,43,39,0,82,0,0,0,82
11/24/2005,ERI,PA,AEA,CE,Combined TRACON& Tower with Radar,0,33,2,0,35,0,0,0,0,0,0,33,2,0,35,0,0,0,35
11/25/2005,ERI,PA,AEA,CE,Combined TRACON& Tower with Radar,0,37,10,0,47,0,0,2,0,2,0,37,12,0,49,0,0,0,49
11/26/2005,ERI,PA,AEA,CE,Combined TRACON& Tower with Radar,0,37,13,0,50,0,0,20,0,20,0,37,33,0,70,14,0,14,84
11/27/2005,ERI,PA,AEA,CE,Combined TRACON& Tower with Radar,0,37,6,0,43,0,0,9,0,9,0,37,15,0,52,0,0,0,52
11/28/2005,ERI,PA,AEA,CE,Combined TRACON& Tower with Radar,0,47,9,0,56,0,1,3,0,4,0,48,12,0,60,2,0,2,62
11/29/2005,ERI,PA,AEA,CE,Combined TRACON& Tower with Radar,0,46,14,0,60,0,2,2,0,4,0,48,16,0,64,0,0,0,64
11/30/2005,ERI,PA,AEA,CE,Combined TRACON& Tower with Radar,0,50,26,0,76,0,0,9,0,9,0,50,35,0,85,0,0,0,85
12/01/2005,ERI,PA,AEA,CE,Combined TRACON& Tower with Radar,0,46,30,0,76,0,0,3,0,3,0,46,33,0,79,0,0,0,79
12/02/2005,ERI,PA,AEA,CE,Combined TRACON& Tower with Radar,0,55,17,0,72,0,0,0,0,0,0,55,17,0,72,4,0,4,76
12/03/2005,ERI,PA,AEA,CE,Combined TRACON& Tower with Radar,0,41,10,0,51,0,0,4,0,4,0,41,14,0,55,0,0,0,55
12/04/2005,ERI,PA,AEA,CE,Combined TRACON& Tower with Radar,0,37,8,0,45,0,0,1,0,1,0,37,9,0,46,0,0,0,46
12/05/2005,ERI,PA,AEA,CE,Combined TRACON& Tower with Radar,0,40,15,0,55,0,0,0,0,0,0,40,15,0,55,0,0,0,55
12/06/2005,ERI,PA,AEA,CE,Combined TRACON& Tower with Radar,0,47,20,0,67,0,0,1,10,11,0,47,21,10,78,0,0,0,78
12/07/2005,ERI,PA,AEA,CE,Combined TRACON& Tower with Radar,0,57,25,7,89,0,0,1,0,1,0,57,26,7,90,0,8,8,98
12/08/2005,ERI,PA,AEA,CE,Combined TRACON& Tower with Radar,0,43,17,2,62,0,0,33,0,33,0,43,50,2,95,14,0,14,109
12/09/2005,ERI,PA,AEA,CE,Combined TRACON& Tower with Radar,0,47,12,1,60,0,0,0,0,0,0,47,12,1,60,0,0,0,60
12/10/2005,ERI,PA,AEA,CE,Combined TRACON& Tower with Radar,0,35,18,0,53,0,0,24,0,24,0,35,42,0,77,26,0,26,103
12/11/2005,ERI,PA,AEA,CE,Combined TRACON& Tower with Radar,0,35,10,0,45,0,0,1,0,1,0,35,11,0,46,2,0,2,48
12/12/2005,ERI,PA,AEA,CE,Combined TRACON& Tower with Radar,0,40,7,0,47,0,0,2,0,2,0,40,9,0,49,0,0,0,49
12/13/2005,ERI,PA,AEA,CE,Combined TRACON& Tower with Radar,0,51,21,0,72,0,0,25,0,25,0,51,46,0,97,35,0,35,132
12/14/2005,ERI,PA,AEA,CE,Combined TRACON& Tower with Radar,0,47,23,0,70,0,0,10,0,10,0,47,33,0,80,6,0,6,86
12/15/2005,ERI,PA,AEA,CE,Combined TRACON& Tower with Radar,0,30,9,0,39,0,0,0,0,0,0,30,9,0,39,0,0,0,39
12/16/2005,ERI,PA,AEA,CE,Combined TRACON& Tower with Radar,0,45,22,0,67,0,0,0,0,0,0,45,22,0,67,0,0,0,67
12/17/2005,ERI,PA,AEA,CE,Combined TRACON& Tower with Radar,0,41,8,0,49,0,2,11,0,13,0,43,19,0,62,12,0,12,74
12/18/2005,ERI,PA,AEA,CE,Combined TRACON& Tower with Radar,0,38,17,0,55,0,0,20,0,20,0,38,37,0,75,15,0,15,90
12/19/2005,ERI,PA,AEA,CE,Combined TRACON& Tower with Radar,0,47,9,4,60,0,0,0,0,0,0,47,9,4,60,2,2,4,64
12/20/2005,ERI,PA,AEA,CE,Combined TRACON& Tower with Radar,0,46,27,0,73,0,0,0,0,0,0,46,27,0,73,0,0,0,73
12/21/2005,ERI,PA,AEA,CE,Combined TRACON& Tower with Radar,0,48,16,0,64,0,0,0,0,0,0,48,16,0,64,0,0,0,64
12/22/2005,ERI,PA,AEA,CE,Combined TRACON& Tower with Radar,0,55,25,14,94,0,0,9,0,9,0,55,34,14,103,4,6,10,113
12/23/2005,ERI,PA,AEA,CE,Combined TRACON& Tower with Radar,0,46,17,0,63,0,0,15,0,15,0,46,32,0,78,16,0,16,94
12/24/2005,ERI,PA,AEA,CE,Combined TRACON& Tower with Radar,0,35,3,0,38,0,1,21,0,22,0,36,24,0,60,8,0,8,68
12/25/2005,ERI,PA,AEA,CE,Combined TRACON& Tower with Radar,0,33,0,0,33,0,0,0,0,0,0,33,0,0,33,0,0,0,33
12/26/2005,ERI,PA,AEA,CE,Combined TRACON& Tower with Radar,0,38,7,0,45,0,0,0,0,0,0,38,7,0,45,0,0,0,45
12/27/2005,ERI,PA,AEA,CE,Combined TRACON& Tower with Radar,0,45,12,0,57,0,0,8,0,8,0,45,20,0,65,22,0,22,87
12/28/2005,ERI,PA,AEA,CE,Combined TRACON& Tower with Radar,0,45,7,0,52,0,0,14,0,14,0,45,21,0,66,10,0,10,76
12/29/2005,ERI,PA,AEA,CE,Combined TRACON& Tower with Radar,0,44,8,0,52,0,0,0,0,0,0,44,8,0,52,0,0,0,52
12/30/2005,ERI,PA,AEA,CE,Combined TRACON& Tower with Radar,0,48,18,0,66,0,0,6,0,6,0,48,24,0,72,0,0,0,72
12/31/2005,ERI,PA,AEA,CE,Combined TRACON& Tower with Radar,0,35,6,0,41,0,0,0,0,0,0,35,6,0,41,2,0,2,43
01/01/2006,ERI,PA,AEA,CE,Combined TRACON& Tower with Radar,0,41,7,0,48,0,0,19,0,19,0,41,26,0,67,18,0,18,85
01/02/2006,ERI,PA,AEA,CE,Combined TRACON& Tower with Radar,0,42,23,0,65,0,0,0,0,0,0,42,23,0,65,6,0,6,71
01/03/2006,ERI,PA,AEA,CE,Combined TRACON& Tower with Radar,0,40,19,0,59,0,0,76,0,76,0,40,95,0,135,58,0,58,193
01/04/2006,ERI,PA,AEA,CE,Combined TRACON& Tower with Radar,0,48,13,7,68,0,0,0,0,0,0,48,13,7,68,10,0,10,78
01/05/2006,ERI,PA,AEA,CE,Combined TRACON& Tower with Radar,0,49,11,0,60,0,0,0,0,0,0,49,11,0,60,0,0,0,60
01/06/2006,ERI,PA,AEA,CE,Combined TRACON& Tower with Radar,0,53,17,0,70,0,0,1,0,1,0,53,18,0,71,0,0,0,71
01/07/2006,ERI,PA,AEA,CE,Combined TRACON& Tower with Radar,0,35,25,0,60,0,0,8,0,8,0,35,33,0,68,0,0,0,68
01/08/2006,ERI,PA,AEA,CE,Combined TRACON& Tower with Radar,0,40,1,0,41,0,0,8,0,8,0,40,9,0,49,8,0,8,57
01/09/2006,ERI,PA,AEA,CE,Combined TRACON& Tower with Radar,0,42,18,0,60,0,1,0,0,1,0,43,18,0,61,0,0,0,61
01/10/2006,ERI,PA,AEA,CE,Combined TRACON& Tower with Radar,0,47,21,1,69,0,0,13,0,13,0,47,34,1,82,16,0,16,98
01/11/2006,ERI,PA,AEA,CE,Combined TRACON& Tower with Radar,0,51,18,0,69,0,0,2,0,2,0,51,20,0,71,6,0,6,77
01/12/2006,ERI,PA,AEA,CE,Combined TRACON& Tower with Radar,0,42,29,0,71,0,1,61,0,62,0,43,90,0,133,48,0,48,181
01/13/2006,ERI,PA,AEA,CE,Combined TRACON& Tower with Radar,0,46,19,0,65,0,1,25,0,26,0,47,44,0,91,2,0,2,93
01/14/2006,ERI,PA,AEA,CE,Combined TRACON& Tower with Radar,0,34,1,0,35,0,1,1,0,2,0,35,2,0,37,0,0,0,37
01/15/2006,ERI,PA,AEA,CE,Combined TRACON& Tower with Radar,0,33,23,0,56,0,2,26,0,28,0,35,49,0,84,22,0,22,106
01/16/2006,ERI,PA,AEA,CE,Combined TRACON& Tower with Radar,0,41,23,0,64,0,0,15,0,15,0,41,38,0,79,18,0,18,97
01/17/2006,ERI,PA,AEA,CE,Combined TRACON& Tower with Radar,0,43,11,0,54,0,0,0,0,0,0,43,11,0,54,0,0,0,54
01/18/2006,ERI,PA,AEA,CE,Combined TRACON& Tower with Radar,0,42,9,0,51,0,0,0,0,0,0,42,9,0,51,0,0,0,51
01/19/2006,ERI,PA,AEA,CE,Combined TRACON& Tower with Radar,0,42,35,9,86,0,0,0,0,0,0,42,35,9,86,16,8,24,110
01/20/2006,ERI,PA,AEA,CE,Combined TRACON& Tower with Radar,0,47,37,0,84,0,0,5,0,5,0,47,42,0,89,4,0,4,93
01/21/2006,ERI,PA,AEA,CE,Combined TRACON& Tower with Radar,0,37,16,0,53,0,0,3,0,3,0,37,19,0,56,10,0,10,66
01/22/2006,ERI,PA,AEA,CE,Combined TRACON& Tower with Radar,0,41,26,0,67,0,0,31,0,31,0,41,57,0,98,6,0,6,104
01/23/2006,ERI,PA,AEA,CE,Combined TRACON& Tower with Radar,2,42,18,0,62,0,0,2,0,2,2,42,20,0,64,0,0,0,64
01/24/2006,ERI,PA,AEA,CE,Combined TRACON& Tower with Radar,0,47,26,0,73,0,0,6,0,6,0,47,32,0,79,10,0,10,89
01/25/2006,ERI,PA,AEA,CE,Combined TRACON& Tower with Radar,2,39,20,0,61,0,0,0,0,0,2,39,20,0,61,0,0,0,61
01/26/2006,ERI,PA,AEA,CE,Combined TRACON& Tower with Radar,0,45,24,0,69,0,2,14,0,16,0,47,38,0,85,12,0,12,97
01/27/2006,ERI,PA,AEA,CE,Combined TRACON& Tower with Radar,0,43,10,0,53,0,0,54,0,54,0,43,64,0,107,24,0,24,131
01/28/2006,ERI,PA,AEA,CE,Combined TRACON& Tower with Radar,0,38,30,0,68,0,1,61,1,63,0,39,91,1,131,40,0,40,171
01/29/2006,ERI,PA,AEA,CE,Combined TRACON& Tower with Radar,0,40,7,0,47,0,0,1,0,1,0,40,8,0,48,0,0,0,48
01/30/2006,ERI,PA,AEA,CE,Combined TRACON& Tower with Radar,0,39,7,0,46,0,0,6,0,6,0,39,13,0,52,12,0,12,64
01/31/2006,ERI,PA,AEA,CE,Combined TRACON& Tower with Radar,0,40,19,0,59,0,0,2,0,2,0,40,21,0,61,6,0,6,67
02/01/2006,ERI,PA,AEA,CE,Combined TRACON& Tower with Radar,0,44,15,0,59,0,0,7,0,7,0,44,22,0,66,6,0,6,72
02/02/2006,ERI,PA,AEA,CE,Combined TRACON& Tower with Radar,0,45,15,0,60,0,2,18,0,20,0,47,33,0,80,26,0,26,106
02/03/2006,ERI,PA,AEA,CE,Combined TRACON& Tower with Radar,0,43,16,0,59,0,0,0,0,0,0,43,16,0,59,0,0,0,59
02/04/2006,ERI,PA,AEA,CE,Combined TRACON& Tower with Radar,0,37,19,0,56,0,0,0,0,0,0,37,19,0,56,12,0,12,68
02/05/2006,ERI,PA,AEA,CE,Combined TRACON& Tower with Radar,0,39,3,0,42,0,0,0,0,0,0,39,3,0,42,0,0,0,42
02/06/2006,ERI,PA,AEA,CE,Combined TRACON& Tower with Radar,0,38,11,0,49,0,0,0,0,0,0,38,11,0,49,0,0,0,49
02/07/2006,ERI,PA,AEA,CE,Combined TRACON& Tower with Radar,0,41,16,0,57,0,0,0,0,0,0,41,16,0,57,0,0,0,57
02/08/2006,ERI,PA,AEA,CE,Combined TRACON& Tower with Radar,0,37,20,6,63,0,0,3,0,3,0,37,23,6,66,0,10,10,76
02/09/2006,ERI,PA,AEA,CE,Combined TRACON& Tower with Radar,0,48,22,2,72,0,0,0,0,0,0,48,22,2,72,0,0,0,72
02/10/2006,ERI,PA,AEA,CE,Combined TRACON& Tower with Radar,0,45,23,0,68,0,0,13,0,13,0,45,36,0,81,0,0,0,81
02/11/2006,ERI,PA,AEA,CE,Combined TRACON& Tower with Radar,0,37,19,0,56,0,0,21,0,21,0,37,40,0,77,16,0,16,93
02/12/2006,ERI,PA,AEA,CE,Combined TRACON& Tower with Radar,0,33,10,0,43,0,0,2,0,2,0,33,12,0,45,0,0,0,45
02/13/2006,ERI,PA,AEA,CE,Combined TRACON& Tower with Radar,0,37,12,0,49,0,0,2,0,2,0,37,14,0,51,0,0,0,51
02/14/2006,ERI,PA,AEA,CE,Combined TRACON& Tower with Radar,0,44,10,0,54,0,9,39,0,48,0,53,49,0,102,48,0,48,150
02/15/2006,ERI,PA,AEA,CE,Combined TRACON& Tower with Radar,0,41,30,0,71,0,0,26,0,26,0,41,56,0,97,26,0,26,123
02/16/2006,ERI,PA,AEA,CE,Combined TRACON& Tower with Radar,0,46,21,0,67,0,0,1,0,1,0,46,22,0,68,0,0,0,68
02/17/2006,ERI,PA,AEA,CE,Combined TRACON& Tower with Radar,0,40,15,0,55,0,0,0,0,0,0,40,15,0,55,0,0,0,55
02/18/2006,ERI,PA,AEA,CE,Combined TRACON& Tower with Radar,0,36,4,0,40,0,0,0,0,0,0,36,4,0,40,0,0,0,40
02/19/2006,ERI,PA,AEA,CE,Combined TRACON& Tower with Radar,0,39,7,0,46,0,0,3,0,3,0,39,10,0,49,0,0,0,49
02/20/2006,ERI,PA,AEA,CE,Combined TRACON& Tower with Radar,0,42,24,0,66,0,0,15,0,15,0,42,39,0,81,20,0,20,101
02/21/2006,ERI,PA,AEA,CE,Combined TRACON& Tower with Radar,0,48,18,0,66,0,0,2,0,2,0,48,20,0,68,0,0,0,68
02/22/2006,ERI,PA,AEA,CE,Combined TRACON& Tower with Radar,0,46,13,4,63,0,0,35,0,35,0,46,48,4,98,30,8,38,136
02/23/2006,ERI,PA,AEA,CE,Combined TRACON& Tower with Radar,0,52,24,0,76,0,0,13,0,13,0,52,37,0,89,0,0,0,89
02/24/2006,ERI,PA,AEA,CE,Combined TRACON& Tower with Radar,0,46,16,0,62,0,0,20,0,20,0,46,36,0,82,4,0,4,86
02/25/2006,ERI,PA,AEA,CE,Combined TRACON& Tower with Radar,0,34,7,0,41,0,0,1,0,1,0,34,8,0,42,0,0,0,42
02/26/2006,ERI,PA,AEA,CE,Combined TRACON& Tower with Radar,0,1,15,0,16,0,0,0,0,0,0,1,15,0,16,22,0,22,38
02/27/2006,ERI,PA,AEA,CE,Combined TRACON& Tower with Radar,2,39,19,0,60,0,0,0,0,0,2,39,19,0,60,0,0,0,60
02/28/2006,ERI,PA,AEA,CE,Combined TRACON& Tower with Radar,0,42,10,0,52,0,0,1,0,1,0,42,11,0,53,4,0,4,57
03/01/2006,ERI,PA,AEA,CE,Combined TRACON& Tower with Radar,2,43,18,1,64,0,3,42,1,46,2,46,60,2,110,26,0,26,136
03/02/2006,ERI,PA,AEA,CE,Combined TRACON& Tower with Radar,0,42,10,0,52,0,0,0,0,0,0,42,10,0,52,0,0,0,52
03/03/2006,ERI,PA,AEA,CE,Combined TRACON& Tower with Radar,0,46,17,0,63,0,0,5,0,5,0,46,22,0,68,0,0,0,68
03/04/2006,ERI,PA,AEA,CE,Combined TRACON& Tower with Radar,0,38,14,0,52,0,0,4,0,4,0,38,18,0,56,2,0,2,58
03/05/2006,ERI,PA,AEA,CE,Combined TRACON& Tower with Radar,0,36,43,0,79,0,0,6,0,6,0,36,49,0,85,26,0,26,111
03/06/2006,ERI,PA,AEA,CE,Combined TRACON& Tower with Radar,0,40,23,0,63,0,0,5,0,5,0,40,28,0,68,0,0,0,68
03/07/2006,ERI,PA,AEA,CE,Combined TRACON& Tower with Radar,0,43,26,0,69,0,0,26,0,26,0,43,52,0,95,11,0,11,106
03/08/2006,ERI,PA,AEA,CE,Combined TRACON& Tower with Radar,0,53,27,4,84,0,1,26,1,28,0,54,53,5,112,6,4,10,122
03/09/2006,ERI,PA,AEA,CE,Combined TRACON& Tower with Radar,0,61,14,0,75,0,0,4,4,8,0,61,18,4,83,8,0,8,91
03/10/2006,ERI,PA,AEA,CE,Combined TRACON& Tower with Radar,0,43,24,0,67,0,0,0,0,0,0,43,24,0,67,0,0,0,67
03/11/2006,ERI,PA,AEA,CE,Combined TRACON& Tower with Radar,0,34,23,0,57,0,0,49,0,49,0,34,72,0,106,90,0,90,196
03/12/2006,ERI,PA,AEA,CE,Combined TRACON& Tower with Radar,0,35,16,0,51,0,0,0,0,0,0,35,16,0,51,4,0,4,55
03/13/2006,ERI,PA,AEA,CE,Combined TRACON& Tower with Radar,0,39,7,0,46,0,0,0,0,0,0,39,7,0,46,0,0,0,46
03/14/2006,ERI,PA,AEA,CE,Combined TRACON& Tower with Radar,0,44,19,0,63,0,0,0,0,0,0,44,19,0,63,0,0,0,63
03/15/2006,ERI,PA,AEA,CE,Combined TRACON& Tower with Radar,0,50,19,0,69,0,0,9,0,9,0,50,28,0,78,0,0,0,78
03/16/2006,ERI,PA,AEA,CE,Combined TRACON& Tower with Radar,0,52,25,0,77,0,0,18,0,18,0,52,43,0,95,20,0,20,115
03/17/2006,ERI,PA,AEA,CE,Combined TRACON& Tower with Radar,0,47,19,0,66,0,0,26,0,26,0,47,45,0,92,36,0,36,128
03/18/2006,ERI,PA,AEA,CE,Combined TRACON& Tower with Radar,0,35,10,0,45,0,0,22,0,22,0,35,32,0,67,14,0,14,81
03/19/2006,ERI,PA,AEA,CE,Combined TRACON& Tower with Radar,0,0,2,0,2,0,0,0,0,0,0,0,2,0,2,14,0,14,16
03/20/2006,ERI,PA,AEA,CE,Combined TRACON& Tower with Radar,0,41,14,0,55,0,0,6,0,6,0,41,20,0,61,4,0,4,65
03/21/2006,ERI,PA,AEA,CE,Combined TRACON& Tower with Radar,0,41,22,0,63,0,0,0,0,0,0,41,22,0,63,2,0,2,65
03/22/2006,ERI,PA,AEA,CE,Combined TRACON& Tower with Radar,0,49,24,0,73,0,0,1,0,1,0,49,25,0,74,6,0,6,80
03/23/2006,ERI,PA,AEA,CE,Combined TRACON& Tower with Radar,0,47,31,0,78,0,0,20,0,20,0,47,51,0,98,2,0,2,100
03/24/2006,ERI,PA,AEA,CE,Combined TRACON& Tower with Radar,0,48,10,0,58,0,3,18,0,21,0,51,28,0,79,10,0,10,89
03/25/2006,ERI,PA,AEA,CE,Combined TRACON& Tower with Radar,0,37,5,0,42,0,0,0,0,0,0,37,5,0,42,0,0,0,42
03/26/2006,ERI,PA,AEA,CE,Combined TRACON& Tower with Radar,0,38,17,0,55,0,0,30,0,30,0,38,47,0,85,40,0,40,125
03/27/2006,ERI,PA,AEA,CE,Combined TRACON& Tower with Radar,0,43,19,0,62,0,0,41,0,41,0,43,60,0,103,26,0,26,129
03/28/2006,ERI,PA,AEA,CE,Combined TRACON& Tower with Radar,0,41,17,0,58,0,0,16,0,16,0,41,33,0,74,38,0,38,112
03/29/2006,ERI,PA,AEA,CE,Combined TRACON& Tower with Radar,2,54,22,0,78,0,0,43,0,43,2,54,65,0,121,46,0,46,167
03/30/2006,ERI,PA,AEA,CE,Combined TRACON& Tower with Radar,0,48,16,0,64,0,0,51,0,51,0,48,67,0,115,50,0,50,165
03/31/2006,ERI,PA,AEA,CE,Combined TRACON& Tower with Radar,0,48,27,0,75,0,0,11,0,11,0,48,38,0,86,14,0,14,100
04/01/2006,ERI,PA,AEA,CE,Combined TRACON& Tower with Radar,0,34,20,0,54,0,0,3,0,3,0,34,23,0,57,6,0,6,63
04/02/2006,ERI,PA,AEA,CE,Combined TRACON& Tower with Radar,0,36,19,0,55,0,0,27,0,27,0,36,46,0,82,76,0,76,158
04/03/2006,ERI,PA,AEA,CE,Combined TRACON& Tower with Radar,0,35,19,0,54,0,0,11,0,11,0,35,30,0,65,10,0,10,75
04/04/2006,ERI,PA,AEA,CE,Combined TRACON& Tower with Radar,0,36,19,0,55,0,0,4,0,4,0,36,23,0,59,4,0,4,63
04/05/2006,ERI,PA,AEA,CE,Combined TRACON& Tower with Radar,0,41,34,0,75,0,0,1,0,1,0,41,35,0,76,0,0,0,76
04/06/2006,ERI,PA,AEA,CE,Combined TRACON& Tower with Radar,0,53,37,0,90,0,0,45,5,50,0,53,82,5,140,52,0,52,192
04/07/2006,ERI,PA,AEA,CE,Combined TRACON& Tower with Radar,0,45,17,0,62,0,0,0,0,0,0,45,17,0,62,0,0,0,62
04/08/2006,ERI,PA,AEA,CE,Combined TRACON& Tower with Radar,0,38,17,0,55,0,0,28,0,28,0,38,45,0,83,26,0,26,109
04/09/2006,ERI,PA,AEA,CE,Combined TRACON& Tower with Radar,0,38,19,0,57,0,12,106,0,118,0,50,125,0,175,79,0,79,254
04/10/2006,ERI,PA,AEA,CE,Combined TRACON& Tower with Radar,0,38,21,4,63,0,0,59,0,59,0,38,80,4,122,86,6,92,214
04/11/2006,ERI,PA,AEA,CE,Combined TRACON& Tower with Radar,0,40,23,0,63,0,0,72,0,72,0,40,95,0,135,34,0,34,169
04/12/2006,ERI,PA,AEA,CE,Combined TRACON& Tower with Radar,0,43,28,0,71,0,0,16,0,16,0,43,44,0,87,30,0,30,117
04/13/2006,ERI,PA,AEA,CE,Combined TRACON& Tower with Radar,0,42,29,0,71,0,0,19,0,19,0,42,48,0,90,38,0,38,128
04/14/2006,ERI,PA,AEA,CE,Combined TRACON& Tower with Radar,0,48,16,0,64,0,0,24,0,24,0,48,40,0,88,16,0,16,104
04/15/2006,ERI,PA,AEA,CE,Combined TRACON& Tower with Radar,0,31,20,0,51,0,0,58,0,58,0,31,78,0,109,92,0,92,201
04/16/2006,ERI,PA,AEA,CE,Combined TRACON& Tower with Radar,0,37,9,0,46,0,0,18,0,18,0,37,27,0,64,42,0,42,106
04/17/2006,ERI,PA,AEA,CE,Combined TRACON& Tower with Radar,0,41,25,0,66,0,0,24,0,24,0,41,49,0,90,50,0,50,140
04/18/2006,ERI,PA,AEA,CE,Combined TRACON& Tower with Radar,0,43,33,0,76,0,0,46,0,46,0,43,79,0,122,42,0,42,164
04/19/2006,ERI,PA,AEA,CE,Combined TRACON& Tower with Radar,0,43,32,0,75,0,0,38,0,38,0,43,70,0,113,56,0,56,169
04/20/2006,ERI,PA,AEA,CE,Combined TRACON& Tower with Radar,0,47,36,4,87,0,0,47,6,53,0,47,83,10,140,54,6,60,200
04/21/2006,ERI,PA,AEA,CE,Combined TRACON& Tower with Radar,0,51,26,0,77,0,2,38,0,40,0,53,64,0,117,46,0,46,163
04/22/2006,ERI,PA,AEA,CE,Combined TRACON& Tower with Radar,0,35,15,0,50,0,0,18,0,18,0,35,33,0,68,14,0,14,82
04/23/2006,ERI,PA,AEA,CE,Combined TRACON& Tower with Radar,0,35,14,0,49,0,0,14,0,14,0,35,28,0,63,0,0,0,63
04/24/2006,ERI,PA,AEA,CE,Combined TRACON& Tower with Radar,2,41,32,0,75,0,0,2,0,2,2,41,34,0,77,8,0,8,85
04/25/2006,ERI,PA,AEA,CE,Combined TRACON& Tower with Radar,0,44,27,0,71,0,2,2,0,4,0,46,29,0,75,4,0,4,79
04/26/2006,ERI,PA,AEA,CE,Combined TRACON& Tower with Radar,2,50,66,0,118,0,15,32,0,47,2,65,98,0,165,63,0,63,228
04/27/2006,ERI,PA,AEA,CE,Combined TRACON& Tower with Radar,0,49,34,0,83,0,0,33,0,33,0,49,67,0,116,76,0,76,192
04/28/2006,ERI,PA,AEA,CE,Combined TRACON& Tower with Radar,0,48,23,0,71,0,0,36,0,36,0,48,59,0,107,50,0,50,157
04/29/2006,ERI,PA,AEA,CE,Combined TRACON& Tower with Radar,0,38,10,0,48,0,2,60,0,62,0,40,70,0,110,77,0,77,187
04/30/2006,ERI,PA,AEA,CE,Combined TRACON& Tower with Radar,0,39,13,0,52,0,0,63,0,63,0,39,76,0,115,52,0,52,167
05/01/2006,ERI,PA,AEA,CE,Combined TRACON& Tower with Radar,0,44,18,0,62,0,0,20,0,20,0,44,38,0,82,20,0,20,102
05/02/2006,ERI,PA,AEA,CE,Combined TRACON& Tower with Radar,0,43,18,2,63,0,0,28,2,30,0,43,46,4,93,40,2,42,135
05/03/2006,ERI,PA,AEA,CE,Combined TRACON& Tower with Radar,0,46,23,0,69,0,1,43,0,44,0,47,66,0,113,58,0,58,171
05/04/2006,ERI,PA,AEA,CE,Combined TRACON& Tower with Radar,0,47,27,0,74,0,0,18,0,18,0,47,45,0,92,8,0,8,100
05/05/2006,ERI,PA,AEA,CE,Combined TRACON& Tower with Radar,0,52,32,2,86,0,0,57,0,57,0,52,89,2,143,50,6,56,199
05/06/2006,ERI,PA,AEA,CE,Combined TRACON& Tower with Radar,0,35,13,0,48,0,0,10,0,10,0,35,23,0,58,20,0,20,78
05/07/2006,ERI,PA,AEA,CE,Combined TRACON& Tower with Radar,0,41,18,0,59,0,0,62,0,62,0,41,80,0,121,48,0,48,169
05/08/2006,ERI,PA,AEA,CE,Combined TRACON& Tower with Radar,0,43,19,0,62,0,0,25,0,25,0,43,44,0,87,18,0,18,105
05/09/2006,ERI,PA,AEA,CE,Combined TRACON& Tower with Radar,1,48,26,15,90,0,0,82,17,99,1,48,108,32,189,106,6,112,301
05/10/2006,ERI,PA,AEA,CE,Combined TRACON& Tower with Radar,2,46,28,0,76,0,3,67,1,71,2,49,95,1,147,94,0,94,241
05/11/2006,ERI,PA,AEA,CE,Combined TRACON& Tower with Radar,0,53,26,0,79,0,0,2,0,2,0,53,28,0,81,0,0,0,81
05/12/2006,ERI,PA,AEA,CE,Combined TRACON& Tower with Radar,0,49,22,0,71,0,0,14,0,14,0,49,36,0,85,26,0,26,111
05/13/2006,ERI,PA,AEA,CE,Combined TRACON& Tower with Radar,0,34,15,0,49,0,1,29,0,30,0,35,44,0,79,48,0,48,127
05/14/2006,ERI,PA,AEA,CE,Combined TRACON& Tower with Radar,0,41,6,0,47,0,0,1,0,1,0,41,7,0,48,0,0,0,48
05/15/2006,ERI,PA,AEA,CE,Combined TRACON& Tower with Radar,0,52,14,0,66,0,0,0,0,0,0,52,14,0,66,18,0,18,84
05/16/2006,ERI,PA,AEA,CE,Combined TRACON& Tower with Radar,3,47,21,0,71,0,0,0,0,0,3,47,21,0,71,0,2,2,73
05/17/2006,ERI,PA,AEA,CE,Combined TRACON& Tower with Radar,0,45,42,0,87,0,0,26,12,38,0,45,68,12,125,64,0,64,189
05/18/2006,ERI,PA,AEA,CE,Combined TRACON& Tower with Radar,0,43,23,0,66,0,0,14,0,14,0,43,37,0,80,7,0,7,87
05/19/2006,ERI,PA,AEA,CE,Combined TRACON& Tower with Radar,0,49,25,0,74,0,0,6,0,6,0,49,31,0,80,16,0,16,96
05/20/2006,ERI,PA,AEA,CE,Combined TRACON& Tower with Radar,2,36,30,0,68,0,0,15,0,15,2,36,45,0,83,19,0,19,102
05/21/2006,ERI,PA,AEA,CE,Combined TRACON& Tower with Radar,0,35,16,0,51,0,0,2,0,2,0,35,18,0,53,4,0,4,57
05/22/2006,ERI,PA,AEA,CE,Combined TRACON& Tower with Radar,0,46,37,0,83,0,0,24,0,24,0,46,61,0,107,26,10,36,143
05/23/2006,ERI,PA,AEA,CE,Combined TRACON& Tower with Radar,0,49,35,6,90,0,0,83,2,85,0,49,118,8,175,58,26,84,259
05/24/2006,ERI,PA,AEA,CE,Combined TRACON& Tower with Radar,2,48,33,1,84,0,0,97,0,97,2,48,130,1,181,97,0,97,278
05/25/2006,ERI,PA,AEA,CE,Combined TRACON& Tower with Radar,0,54,21,0,75,0,2,14,0,16,0,56,35,0,91,14,0,14,105
05/26/2006,ERI,PA,AEA,CE,Combined TRACON& Tower with Radar,0,44,18,0,62,0,0,0,0,0,0,44,18,0,62,0,0,0,62
05/27/2006,ERI,PA,AEA,CE,Combined TRACON& Tower with Radar,0,35,20,0,55,0,0,43,0,43,0,35,63,0,98,74,0,74,172
05/28/2006,ERI,PA,AEA,CE,Combined TRACON& Tower with Radar,0,32,15,0,47,0,0,81,1,82,0,32,96,1,129,54,12,66,195
05/29/2006,ERI,PA,AEA,CE,Combined TRACON& Tower with Radar,0,35,15,0,50,0,0,72,0,72,0,35,87,0,122,58,0,58,180
05/30/2006,ERI,PA,AEA,CE,Combined TRACON& Tower with Radar,0,41,15,0,56,0,1,44,0,45,0,42,59,0,101,0,74,74,175
05/31/2006,ERI,PA,AEA,CE,Combined TRACON& Tower with Radar,0,37,12,0,49,0,0,18,1,19,0,37,30,1,68,76,0,76,144
06/01/2006,ERI,PA,AEA,CE,Combined TRACON& Tower with Radar,0,42,41,0,83,0,0,3,0,3,0,42,44,0,86,6,0,6,92
06/02/2006,ERI,PA,AEA,CE,Combined TRACON& Tower with Radar,0,40,40,0,80,0,0,11,0,11,0,40,51,0,91,64,0,64,155
06/03/2006,ERI,PA,AEA,CE,Combined TRACON& Tower with Radar,0,31,24,0,55,0,0,57,0,57,0,31,81,0,112,98,0,98,210
06/04/2006,ERI,PA,AEA,CE,Combined TRACON& Tower with Radar,0,35,14,0,49,0,0,8,0,8,0,35,22,0,57,12,0,12,69
06/05/2006,ERI,PA,AEA,CE,Combined TRACON& Tower with Radar,0,40,44,0,84,0,0,51,0,51,0,40,95,0,135,84,0,84,219
06/06/2006,ERI,PA,AEA,CE,Combined TRACON& Tower with Radar,0,46,26,0,72,0,4,56,0,60,0,50,82,0,132,72,0,72,204
06/07/2006,ERI,PA,AEA,CE,Combined TRACON& Tower with Radar,0,41,48,2,91,0,0,44,0,44,0,41,92,2,135,44,0,44,179
06/08/2006,ERI,PA,AEA,CE,Combined TRACON& Tower with Radar,0,47,28,0,75,0,0,32,0,32,0,47,60,0,107,49,0,49,156
06/09/2006,ERI,PA,AEA,CE,Combined TRACON& Tower with Radar,0,47,28,1,76,0,2,35,0,37,0,49,63,1,113,109,0,109,222
06/10/2006,ERI,PA,AEA,CE,Combined TRACON& Tower with Radar,0,36,20,1,57,0,17,50,0,67,0,53,70,1,124,90,0,90,214
06/11/2006,ERI,PA,AEA,CE,Combined TRACON& Tower with Radar,0,35,16,0,51,0,0,91,0,91,0,35,107,0,142,44,0,44,186
06/12/2006,ERI,PA,AEA,CE,Combined TRACON& Tower with Radar,0,40,36,2,78,0,0,30,0,30,0,40,66,2,108,64,4,68,176
06/13/2006,ERI,PA,AEA,CE,Combined TRACON& Tower with Radar,0,44,25,4,73,0,1,34,5,40,0,45,59,9,113,12,4,16,129
06/14/2006,ERI,PA,AEA,CE,Combined TRACON& Tower with Radar,0,45,38,13,96,0,0,41,0,41,0,45,79,13,137,34,10,44,181
06/15/2006,ERI,PA,AEA,CE,Combined TRACON& Tower with Radar,0,49,23,0,72,0,1,53,1,55,0,50,76,1,127,62,2,64,191
06/16/2006,ERI,PA,AEA,CE,Combined TRACON& Tower with Radar,0,46,32,8,86,0,0,61,0,61,0,46,93,8,147,87,8,95,242
06/17/2006,ERI,PA,AEA,CE,Combined TRACON& Tower with Radar,0,38,13,0,51,0,0,67,1,68,0,38,80,1,119,30,0,30,149
06/18/2006,ERI,PA,AEA,CE,Combined TRACON& Tower with Radar,0,35,13,0,48,0,13,73,0,86,0,48,86,0,134,34,0,34,168
06/19/2006,ERI,PA,AEA,CE,Combined TRACON& Tower with Radar,0,41,14,0,55,0,1,6,0,7,0,42,20,0,62,8,0,8,70
06/20/2006,ERI,PA,AEA,CE,Combined TRACON& Tower with Radar,0,48,33,0,81,0,0,20,0,20,0,48,53,0,101,88,0,88,189
06/21/2006,ERI,PA,AEA,CE,Combined TRACON& Tower with Radar,0,40,16,0,56,0,1,23,0,24,0,41,39,0,80,34,0,34,114
06/22/2006,ERI,PA,AEA,CE,Combined TRACON& Tower with Radar,0,59,25,2,86,0,0,35,0,35,0,59,60,2,121,60,0,60,181
06/23/2006,ERI,PA,AEA,CE,Combined TRACON& Tower with Radar,0,49,21,1,71,0,0,10,0,10,0,49,31,1,81,6,0,6,87
06/24/2006,ERI,PA,AEA,CE,Combined TRACON& Tower with Radar,0,34,15,0,49,0,1,50,0,51,0,35,65,0,100,62,0,62,162
06/25/2006,ERI,PA,AEA,CE,Combined TRACON& Tower with Radar,0,36,20,0,56,0,2,340,0,342,0,38,360,0,398,30,0,30,428
06/26/2006,ERI,PA,AEA,CE,Combined TRACON& Tower with Radar,2,45,24,0,71,0,0,0,0,0,2,45,24,0,71,20,0,20,91
06/27/2006,ERI,PA,AEA,CE,Combined TRACON& Tower with Radar,0,46,34,0,80,0,0,3,0,3,0,46,37,0,83,24,0,24,107
06/28/2006,ERI,PA,AEA,CE,Combined TRACON& Tower with Radar,2,47,24,11,84,0,0,50,0,50,2,47,74,11,134,18,0,18,152
06/29/2006,ERI,PA,AEA,CE,Combined TRACON& Tower with Radar,0,44,35,0,79,0,1,15,0,16,0,45,50,0,95,15,0,15,110
06/30/2006,ERI,PA,AEA,CE,Combined TRACON& Tower with Radar,0,41,39,0,80,0,0,53,1,54,0,41,92,1,134,38,0,38,172
07/01/2006,ERI,PA,AEA,CE,Combined TRACON& Tower with Radar,0,44,25,1,70,0,2,33,0,35,0,46,58,1,105,18,0,18,123
07/02/2006,ERI,PA,AEA,CE,Combined TRACON& Tower with Radar,0,39,15,0,54,0,0,18,0,18,0,39,33,0,72,0,0,0,72
07/03/2006,ERI,PA,AEA,CE,Combined TRACON& Tower with Radar,0,38,16,0,54,0,0,67,0,67,0,38,83,0,121,62,0,62,183
07/04/2006,ERI,PA,AEA,CE,Combined TRACON& Tower with Radar,0,33,7,0,40,0,0,7,0,7,0,33,14,0,47,2,0,2,49
07/05/2006,ERI,PA,AEA,CE,Combined TRACON& Tower with Radar,0,42,20,0,62,0,2,58,0,60,0,44,78,0,122,57,4,61,183
07/06/2006,ERI,PA,AEA,CE,Combined TRACON& Tower with Radar,0,48,31,0,79,0,0,27,0,27,0,48,58,0,106,24,0,24,130
07/07/2006,ERI,PA,AEA,CE,Combined TRACON& Tower with Radar,0,53,20,0,73,0,2,41,0,43,0,55,61,0,116,28,0,28,144
07/08/2006,ERI,PA,AEA,CE,Combined TRACON& Tower with Radar,0,36,15,0,51,0,0,85,0,85,0,36,100,0,136,108,0,108,244
07/09/2006,ERI,PA,AEA,CE,Combined TRACON& Tower with Radar,0,42,20,0,62,0,0,26,0,26,0,42,46,0,88,46,0,46,134
07/10/2006,ERI,PA,AEA,CE,Combined TRACON& Tower with Radar,0,44,13,1,58,0,0,7,0,7,0,44,20,1,65,12,0,12,77
07/11/2006,ERI,PA,AEA,CE,Combined TRACON& Tower with Radar,0,49,25,2,76,0,0,51,2,53,0,49,76,4,129,36,6,42,171
07/12/2006,ERI,PA,AEA,CE,Combined TRACON& Tower with Radar,0,41,21,0,62,0,0,0,0,0,0,41,21,0,62,0,0,0,62
07/13/2006,ERI,PA,AEA,CE,Combined TRACON& Tower with Radar,0,44,21,3,68,0,1,49,0,50,0,45,70,3,118,40,0,40,158
07/14/2006,ERI,PA,AEA,CE,Combined TRACON& Tower with Radar,0,46,35,2,83,0,0,55,4,59,0,46,90,6,142,38,26,64,206
07/15/2006,ERI,PA,AEA,CE,Combined TRACON& Tower with Radar,0,43,22,0,65,0,1,53,0,54,0,44,75,0,119,56,0,56,175
07/16/2006,ERI,PA,AEA,CE,Combined TRACON& Tower with Radar,0,46,12,0,58,0,0,89,3,92,0,46,101,3,150,80,14,94,244
07/17/2006,ERI,PA,AEA,CE,Combined TRACON& Tower with Radar,0,43,21,4,68,0,0,48,5,53,0,43,69,9,121,36,0,36,157
07/18/2006,ERI,PA,AEA,CE,Combined TRACON& Tower with Radar,0,46,30,11,87,0,0,25,0,25,0,46,55,11,112,54,20,74,186
07/19/2006,ERI,PA,AEA,CE,Combined TRACON& Tower with Radar,0,48,19,0,67,0,0,45,0,45,0,48,64,0,112,74,0,74,186
07/20/2006,ERI,PA,AEA,CE,Combined TRACON& Tower with Radar,0,49,29,5,83,0,0,13,0,13,0,49,42,5,96,32,6,38,134
07/21/2006,ERI,PA,AEA,CE,Combined TRACON& Tower with Radar,0,46,39,0,85,0,0,43,0,43,0,46,82,0,128,32,0,32,160
07/22/2006,ERI,PA,AEA,CE,Combined TRACON& Tower with Radar,0,32,11,0,43,0,0,10,8,18,0,32,21,8,61,0,0,0,61
07/23/2006,ERI,PA,AEA,CE,Combined TRACON& Tower with Radar,0,34,38,0,72,0,0,58,0,58,0,34,96,0,130,52,0,52,182
07/24/2006,ERI,PA,AEA,CE,Combined TRACON& Tower with Radar,0,42,15,17,74,0,2,49,1,52,0,44,64,18,126,50,28,78,204
07/25/2006,ERI,PA,AEA,CE,Combined TRACON& Tower with Radar,0,48,19,0,67,0,2,13,4,19,0,50,32,4,86,8,0,8,94
07/26/2006,ERI,PA,AEA,CE,Combined TRACON& Tower with Radar,2,52,37,5,96,0,0,26,0,26,2,52,63,5,122,24,6,30,152
07/27/2006,ERI,PA,AEA,CE,Combined TRACON& Tower with Radar,2,51,38,0,91,0,2,14,0,16,2,53,52,0,107,18,0,18,125
07/28/2006,ERI,PA,AEA,CE,Combined TRACON& Tower with Radar,0,45,42,0,87,0,0,16,0,16,0,45,58,0,103,8,0,8,111
07/29/2006,ERI,PA,AEA,CE,Combined TRACON& Tower with Radar,0,35,25,0,60,0,1,44,0,45,0,36,69,0,105,34,0,34,139
07/30/2006,ERI,PA,AEA,CE,Combined TRACON& Tower with Radar,0,37,22,0,59,0,2,21,0,23,0,39,43,0,82,12,0,12,94
07/31/2006,ERI,PA,AEA,CE,Combined TRACON& Tower with Radar,0,41,17,2,60,0,0,36,4,40,0,41,53,6,100,30,16,46,146
08/01/2006,ERI,PA,AEA,CE,Combined TRACON& Tower with Radar,0,50,23,4,77,0,0,59,11,70,0,50,82,15,147,128,16,144,291
08/02/2006,ERI,PA,AEA,CE,Combined TRACON& Tower with Radar,0,52,26,0,78,0,0,43,1,44,0,52,69,1,122,66,2,68,190
08/03/2006,ERI,PA,AEA,CE,Combined TRACON& Tower with Radar,0,45,20,0,65,0,0,16,0,16,0,45,36,0,81,18,0,18,99
08/04/2006,ERI,PA,AEA,CE,Combined TRACON& Tower with Radar,0,44,23,0,67,0,0,53,0,53,0,44,76,0,120,102,0,102,222
08/05/2006,ERI,PA,AEA,CE,Combined TRACON& Tower with Radar,0,38,15,0,53,0,0,52,0,52,0,38,67,0,105,46,0,46,151
08/06/2006,ERI,PA,AEA,CE,Combined TRACON& Tower with Radar,0,44,20,4,68,0,0,63,0,63,0,44,83,4,131,64,0,64,195
08/07/2006,ERI,PA,AEA,CE,Combined TRACON& Tower with Radar,0,42,18,21,81,0,1,9,0,10,0,43,27,21,91,39,14,53,144
08/08/2006,ERI,PA,AEA,CE,Combined TRACON& Tower with Radar,0,53,2,0,55,54,33,0,0,87,54,86,2,0,142,65,0,65,207
08/09/2006,ERI,PA,AEA,CE,Combined TRACON& Tower with Radar,0,43,46,0,89,0,0,81,0,81,0,43,127,0,170,80,0,80,250
08/10/2006,ERI,PA,AEA,CE,Combined TRACON& Tower with Radar,0,43,36,0,79,0,0,38,0,38,0,43,74,0,117,21,0,21,138
08/11/2006,ERI,PA,AEA,CE,Combined TRACON& Tower with Radar,0,46,24,0,70,0,0,38,0,38,0,46,62,0,108,42,0,42,150
08/12/2006,ERI,PA,AEA,CE,Combined TRACON& Tower with Radar,0,39,15,0,54,0,0,35,0,35,0,39,50,0,89,26,0,26,115
08/13/2006,ERI,PA,AEA,CE,Combined TRACON& Tower with Radar,0,39,23,0,62,0,1,53,0,54,0,40,76,0,116,86,0,86,202
08/14/2006,ERI,PA,AEA,CE,Combined TRACON& Tower with Radar,0,46,19,1,66,0,4,18,0,22,0,50,37,1,88,44,0,44,132
08/15/2006,ERI,PA,AEA,CE,Combined TRACON& Tower with Radar,0,50,30,0,80,0,0,33,0,33,0,50,63,0,113,48,0,48,161
08/16/2006,ERI,PA,AEA,CE,Combined TRACON& Tower with Radar,0,50,25,0,75,0,0,77,0,77,0,50,102,0,152,62,6,68,220
08/17/2006,ERI,PA,AEA,CE,Combined TRACON& Tower with Radar,1,41,47,2,91,0,2,52,0,54,1,43,99,2,145,46,0,46,191
08/18/2006,ERI,PA,AEA,CE,Combined TRACON& Tower with Radar,0,46,22,1,69,0,0,45,0,45,0,46,67,1,114,24,0,24,138
08/19/2006,ERI,PA,AEA,CE,Combined TRACON& Tower with Radar,0,36,17,0,53,0,0,0,0,0,0,36,17,0,53,0,0,0,53
08/20/2006,ERI,PA,AEA,CE,Combined TRACON& Tower with Radar,0,38,26,0,64,0,0,20,0,20,0,38,46,0,84,20,0,20,104
08/21/2006,ERI,PA,AEA,CE,Combined TRACON& Tower with Radar,1,38,26,6,71,0,0,64,1,65,1,38,90,7,136,88,4,92,228
08/22/2006,ERI,PA,AEA,CE,Combined TRACON& Tower with Radar,0,43,47,0,90,0,6,70,2,78,0,49,117,2,168,74,6,80,248
08/23/2006,ERI,PA,AEA,CE,Combined TRACON& Tower with Radar,2,47,32,0,81,0,1,40,0,41,2,48,72,0,122,52,0,52,174
08/24/2006,ERI,PA,AEA,CE,Combined TRACON& Tower with Radar,0,43,42,6,91,0,0,25,0,25,0,43,67,6,116,26,6,32,148
08/25/2006,ERI,PA,AEA,CE,Combined TRACON& Tower with Radar,0,46,35,0,81,0,0,16,0,16,0,46,51,0,97,12,0,12,109
08/26/2006,ERI,PA,AEA,CE,Combined TRACON& Tower with Radar,0,33,17,0,50,0,0,24,0,24,0,33,41,0,74,10,0,10,84
08/27/2006,ERI,PA,AEA,CE,Combined TRACON& Tower with Radar,0,40,19,2,61,0,0,3,0,3,0,40,22,2,64,0,0,0,64
08/28/2006,ERI,PA,AEA,CE,Combined TRACON& Tower with Radar,0,49,25,0,74,0,0,11,1,12,0,49,36,1,86,8,0,8,94
08/29/2006,ERI,PA,AEA,CE,Combined TRACON& Tower with Radar,0,42,34,0,76,0,0,1,0,1,0,42,35,0,77,10,0,10,87
08/30/2006,ERI,PA,AEA,CE,Combined TRACON& Tower with Radar,0,47,39,0,86,0,0,15,0,15,0,47,54,0,101,34,0,34,135
08/31/2006,ERI,PA,AEA,CE,Combined TRACON& Tower with Radar,0,45,41,1,87,0,0,0,0,0,0,45,41,1,87,48,0,48,135
09/01/2006,ERI,PA,AEA,CE,Combined TRACON& Tower with Radar,0,42,28,16,86,0,0,59,0,59,0,42,87,16,145,59,0,59,204
09/02/2006,ERI,PA,AEA,CE,Combined TRACON& Tower with Radar,0,33,8,0,41,0,0,0,0,0,0,33,8,0,41,4,0,4,45
09/03/2006,ERI,PA,AEA,CE,Combined TRACON& Tower with Radar,0,34,9,0,43,0,4,4,0,8,0,38,13,0,51,0,0,0,51
09/04/2006,ERI,PA,AEA,CE,Combined TRACON& Tower with Radar,0,31,41,0,72,0,0,31,0,31,0,31,72,0,103,40,0,40,143
09/05/2006,ERI,PA,AEA,CE,Combined TRACON& Tower with Radar,0,41,31,0,72,0,0,17,0,17,0,41,48,0,89,55,0,55,144
09/06/2006,ERI,PA,AEA,CE,Combined TRACON& Tower with Radar,0,42,28,0,70,0,0,31,0,31,0,42,59,0,101,28,0,28,129
09/07/2006,ERI,PA,AEA,CE,Combined TRACON& Tower with Radar,0,51,30,0,81,0,1,55,0,56,0,52,85,0,137,66,0,66,203
09/08/2006,ERI,PA,AEA,CE,Combined TRACON& Tower with Radar,0,54,40,12,106,0,0,78,0,78,0,54,118,12,184,98,8,106,290
09/09/2006,ERI,PA,AEA,CE,Combined TRACON& Tower with Radar,0,39,19,0,58,0,4,34,0,38,0,43,53,0,96,62,0,62,158
09/10/2006,ERI,PA,AEA,CE,Combined TRACON& Tower with Radar,0,40,16,0,56,0,0,9,2,11,0,40,25,2,67,4,0,4,71
09/11/2006,ERI,PA,AEA,CE,Combined TRACON& Tower with Radar,0,43,27,0,70,0,0,46,0,46,0,43,73,0,116,50,0,50,166
09/12/2006,ERI,PA,AEA,CE,Combined TRACON& Tower with Radar,0,45,25,3,73,0,0,0,0,0,0,45,25,3,73,0,4,4,77
09/13/2006,ERI,PA,AEA,CE,Combined TRACON& Tower with Radar,0,58,57,0,115,0,0,2,0,2,0,58,59,0,117,4,0,4,121
09/14/2006,ERI,PA,AEA,CE,Combined TRACON& Tower with Radar,0,48,26,0,74,0,0,1,0,1,0,48,27,0,75,0,0,0,75
09/15/2006,ERI,PA,AEA,CE,Combined TRACON& Tower with Radar,0,47,53,0,100,0,0,24,0,24,0,47,77,0,124,12,0,12,136
09/16/2006,ERI,PA,AEA,CE,Combined TRACON& Tower with Radar,0,33,27,0,60,0,0,0,0,0,0,33,27,0,60,36,0,36,96
09/17/2006,ERI,PA,AEA,CE,Combined TRACON& Tower with Radar,0,38,29,0,67,0,0,53,0,53,0,38,82,0,120,20,0,20,140
09/18/2006,ERI,PA,AEA,CE,Combined TRACON& Tower with Radar,0,41,24,0,65,0,0,36,0,36,0,41,60,0,101,4,0,4,105
09/19/2006,ERI,PA,AEA,CE,Combined TRACON& Tower with Radar,0,44,30,0,74,0,0,13,0,13,0,44,43,0,87,26,0,26,113
09/20/2006,ERI,PA,AEA,CE,Combined TRACON& Tower with Radar,0,53,24,0,77,0,0,12,1,13,0,53,36,1,90,14,2,16,106
09/21/2006,ERI,PA,AEA,CE,Combined TRACON& Tower with Radar,0,55,53,0,108,0,1,63,0,64,0,56,116,0,172,56,0,56,228
09/22/2006,ERI,PA,AEA,CE,Combined TRACON& Tower with Radar,0,46,22,0,68,0,0,19,0,19,0,46,41,0,87,18,0,18,105
09/23/2006,ERI,PA,AEA,CE,Combined TRACON& Tower with Radar,0,37,13,0,50,0,0,1,0,1,0,37,14,0,51,0,0,0,51
09/24/2006,ERI,PA,AEA,CE,Combined TRACON& Tower with Radar,0,43,26,0,69,0,0,12,0,12,0,43,38,0,81,0,0,0,81
09/25/2006,ERI,PA,AEA,CE,Combined TRACON& Tower with Radar,0,52,17,0,69,0,0,41,0,41,0,52,58,0,110,48,8,56,166
09/26/2006,ERI,PA,AEA,CE,Combined TRACON& Tower with Radar,0,48,45,0,93,2,37,39,0,78,2,85,84,0,171,32,0,32,203
09/27/2006,ERI,PA,AEA,CE,Combined TRACON& Tower with Radar,0,47,38,0,85,0,0,39,1,40,0,47,77,1,125,67,0,67,192
09/28/2006,ERI,PA,AEA,CE,Combined TRACON& Tower with Radar,0,46,21,0,67,0,0,1,0,1,0,46,22,0,68,2,0,2,70
09/29/2006,ERI,PA,AEA,CE,Combined TRACON& Tower with Radar,0,48,25,0,73,0,0,27,0,27,0,48,52,0,100,64,0,64,164
09/30/2006,ERI,PA,AEA,CE,Combined TRACON& Tower with Radar,0,37,25,0,62,0,0,7,0,7,0,37,32,0,69,4,0,4,73
10/01/2006,ERI,PA,AEA,CE,Combined TRACON& Tower with Radar,0,35,27,0,62,0,0,8,0,8,0,35,35,0,70,24,0,24,94
10/02/2006,ERI,PA,AEA,CE,Combined TRACON& Tower with Radar,0,50,22,0,72,0,0,62,0,62,0,50,84,0,134,32,0,32,166
10/03/2006,ERI,PA,AEA,CE,Combined TRACON& Tower with Radar,0,48,20,0,68,0,0,1,0,1,0,48,21,0,69,0,0,0,69
10/04/2006,ERI,PA,AEA,CE,Combined TRACON& Tower with Radar,0,45,22,0,67,0,0,1,0,1,0,45,23,0,68,0,0,0,68
10/05/2006,ERI,PA,AEA,CE,Combined TRACON& Tower with Radar,0,51,43,0,94,0,0,35,0,35,0,51,78,0,129,34,0,34,163
10/06/2006,ERI,PA,AEA,CE,Combined TRACON& Tower with Radar,0,48,46,7,101,0,0,73,0,73,0,48,119,7,174,56,8,64,238
10/07/2006,ERI,PA,AEA,CE,Combined TRACON& Tower with Radar,2,38,33,0,73,0,0,100,0,100,2,38,133,0,173,127,0,127,300
10/08/2006,ERI,PA,AEA,CE,Combined TRACON& Tower with Radar,0,37,14,0,51,0,0,125,0,125,0,37,139,0,176,54,0,54,230
10/09/2006,ERI,PA,AEA,CE,Combined TRACON& Tower with Radar,0,41,32,0,73,0,0,57,0,57,0,41,89,0,130,48,0,48,178
10/10/2006,ERI,PA,AEA,CE,Combined TRACON& Tower with Radar,0,49,23,0,72,0,0,13,0,13,0,49,36,0,85,20,0,20,105
10/11/2006,ERI,PA,AEA,CE,Combined TRACON& Tower with Radar,2,43,24,0,69,0,0,1,0,1,2,43,25,0,70,0,0,0,70
10/12/2006,ERI,PA,AEA,CE,Combined TRACON& Tower with Radar,0,56,23,0,79,0,0,0,0,0,0,56,23,0,79,0,0,0,79
10/13/2006,ERI,PA,AEA,CE,Combined TRACON& Tower with Radar,0,61,28,7,96,0,0,11,0,11,0,61,39,7,107,9,4,13,120
10/14/2006,ERI,PA,AEA,CE,Combined TRACON& Tower with Radar,0,34,10,0,44,0,0,2,0,2,0,34,12,0,46,2,0,2,48
10/15/2006,ERI,PA,AEA,CE,Combined TRACON& Tower with Radar,0,36,20,0,56,0,2,34,0,36,0,38,54,0,92,34,0,34,126
10/16/2006,ERI,PA,AEA,CE,Combined TRACON& Tower with Radar,0,44,18,0,62,0,0,19,0,19,0,44,37,0,81,8,0,8,89
10/17/2006,ERI,PA,AEA,CE,Combined TRACON& Tower with Radar,0,49,25,0,74,0,1,0,1,2,0,50,25,1,76,0,0,0,76
10/18/2006,ERI,PA,AEA,CE,Combined TRACON& Tower with Radar,0,55,39,0,94,0,0,34,0,34,0,55,73,0,128,62,0,62,190
10/19/2006,ERI,PA,AEA,CE,Combined TRACON& Tower with Radar,0,45,41,0,86,0,0,0,0,0,0,45,41,0,86,2,0,2,88
10/20/2006,ERI,PA,AEA,CE,Combined TRACON& Tower with Radar,0,56,28,0,84,0,0,0,0,0,0,56,28,0,84,8,0,8,92
10/21/2006,ERI,PA,AEA,CE,Combined TRACON& Tower with Radar,0,40,24,0,64,0,0,78,0,78,0,40,102,0,142,46,0,46,188
10/22/2006,ERI,PA,AEA,CE,Combined TRACON& Tower with Radar,0,38,12,0,50,0,0,0,0,0,0,38,12,0,50,0,0,0,50
10/23/2006,ERI,PA,AEA,CE,Combined TRACON& Tower with Radar,1,43,18,0,62,0,0,2,0,2,1,43,20,0,64,0,0,0,64
10/24/2006,ERI,PA,AEA,CE,Combined TRACON& Tower with Radar,0,47,34,0,81,0,0,11,0,11,0,47,45,0,92,0,0,0,92
10/25/2006,ERI,PA,AEA,CE,Combined TRACON& Tower with Radar,2,52,36,0,90,0,0,16,0,16,2,52,52,0,106,0,0,0,106
10/26/2006,ERI,PA,AEA,CE,Combined TRACON& Tower with Radar,0,50,27,0,77,0,0,87,0,87,0,50,114,0,164,45,0,45,209
10/27/2006,ERI,PA,AEA,CE,Combined TRACON& Tower with Radar,0,46,26,0,72,0,0,41,0,41,0,46,67,0,113,22,0,22,135
10/28/2006,ERI,PA,AEA,CE,Combined TRACON& Tower with Radar,0,40,5,0,45,0,0,0,0,0,0,40,5,0,45,0,0,0,45
10/29/2006,ERI,PA,AEA,CE,Combined TRACON& Tower with Radar,0,41,15,0,56,0,0,0,0,0,0,41,15,0,56,2,0,2,58
10/30/2006,ERI,PA,AEA,CE,Combined TRACON& Tower with Radar,0,39,27,0,66,0,0,74,0,74,0,39,101,0,140,62,0,62,202
10/31/2006,ERI,PA,AEA,CE,Combined TRACON& Tower with Radar,0,42,32,0,74,0,0,6,0,6,0,42,38,0,80,0,0,0,80
11/01/2006,ERI,PA,AEA,CE,Combined TRACON& Tower with Radar,0,51,35,0,86,0,0,16,0,16,0,51,51,0,102,10,0,10,112
11/02/2006,ERI,PA,AEA,CE,Combined TRACON& Tower with Radar,0,44,22,0,66,0,0,0,0,0,0,44,22,0,66,0,0,0,66
11/03/2006,ERI,PA,AEA,CE,Combined TRACON& Tower with Radar,0,42,11,0,53,0,0,2,0,2,0,42,13,0,55,0,0,0,55
11/04/2006,ERI,PA,AEA,CE,Combined TRACON& Tower with Radar,0,37,9,0,46,0,0,25,0,25,0,37,34,0,71,44,0,44,115
11/05/2006,ERI,PA,AEA,CE,Combined TRACON& Tower with Radar,0,36,19,0,55,0,0,39,0,39,0,36,58,0,94,26,1,27,121
11/06/2006,ERI,PA,AEA,CE,Combined TRACON& Tower with Radar,0,43,23,9,75,0,0,50,0,50,0,43,73,9,125,16,14,30,155
11/07/2006,ERI,PA,AEA,CE,Combined TRACON& Tower with Radar,0,41,17,0,58,0,0,10,0,10,0,41,27,0,68,4,0,4,72
11/08/2006,ERI,PA,AEA,CE,Combined TRACON& Tower with Radar,0,46,42,0,88,0,0,9,0,9,0,46,51,0,97,0,0,0,97
11/09/2006,ERI,PA,AEA,CE,Combined TRACON& Tower with Radar,0,52,21,0,73,0,0,39,0,39,0,52,60,0,112,0,0,0,112
11/10/2006,ERI,PA,AEA,CE,Combined TRACON& Tower with Radar,0,45,27,0,72,0,0,44,0,44,0,45,71,0,116,37,0,37,153
11/11/2006,ERI,PA,AEA,CE,Combined TRACON& Tower with Radar,0,36,10,0,46,0,0,0,0,0,0,36,10,0,46,2,0,2,48
11/12/2006,ERI,PA,AEA,CE,Combined TRACON& Tower with Radar,0,32,14,0,46,0,0,1,0,1,0,32,15,0,47,4,0,4,51
11/13/2006,ERI,PA,AEA,CE,Combined TRACON& Tower with Radar,0,37,26,0,63,0,0,0,0,0,0,37,26,0,63,0,0,0,63
11/14/2006,ERI,PA,AEA,CE,Combined TRACON& Tower with Radar,0,37,15,6,58,0,0,2,0,2,0,37,17,6,60,9,10,19,79
11/15/2006,ERI,PA,AEA,CE,Combined TRACON& Tower with Radar,0,46,22,0,68,0,0,12,0,12,0,46,34,0,80,18,0,18,98
11/16/2006,ERI,PA,AEA,CE,Combined TRACON& Tower with Radar,0,40,15,3,58,0,0,10,0,10,0,40,25,3,68,28,2,30,98
11/17/2006,ERI,PA,AEA,CE,Combined TRACON& Tower with Radar,0,39,11,0,50,0,5,0,0,5,0,44,11,0,55,6,0,6,61
11/18/2006,ERI,PA,AEA,CE,Combined TRACON& Tower with Radar,0,33,24,0,57,0,0,16,0,16,0,33,40,0,73,26,0,26,99
11/19/2006,ERI,PA,AEA,CE,Combined TRACON& Tower with Radar,0,34,18,0,52,0,8,25,0,33,0,42,43,0,85,32,0,32,117
11/20/2006,ERI,PA,AEA,CE,Combined TRACON& Tower with Radar,0,36,21,4,61,0,0,7,0,7,0,36,28,4,68,2,4,6,74
11/21/2006,ERI,PA,AEA,CE,Combined TRACON& Tower with Radar,0,38,32,0,70,0,0,30,0,30,0,38,62,0,100,30,0,30,130
11/22/2006,ERI,PA,AEA,CE,Combined TRACON& Tower with Radar,0,44,26,4,74,0,1,47,0,48,0,45,73,4,122,34,12,46,168
11/23/2006,ERI,PA,AEA,CE,Combined TRACON& Tower with Radar,0,9,13,0,22,0,0,1,0,1,0,9,14,0,23,18,0,18,41
11/24/2006,ERI,PA,AEA,CE,Combined TRACON& Tower with Radar,0,14,22,0,36,0,0,0,0,0,0,14,22,0,36,22,0,22,58
11/25/2006,ERI,PA,AEA,CE,Combined TRACON& Tower with Radar,0,32,7,0,39,0,0,86,0,86,0,32,93,0,125,117,0,117,242
11/26/2006,ERI,PA,AEA,CE,Combined TRACON& Tower with Radar,0,35,14,0,49,0,0,52,0,52,0,35,66,0,101,52,0,52,153
11/27/2006,ERI,PA,AEA,CE,Combined TRACON& Tower with Radar,2,36,9,0,47,0,0,24,0,24,2,36,33,0,71,16,0,16,87
11/28/2006,ERI,PA,AEA,CE,Combined TRACON& Tower with Radar,0,40,16,0,56,0,0,13,0,13,0,40,29,0,69,28,0,28,97
11/29/2006,ERI,PA,AEA,CE,Combined TRACON& Tower with Radar,2,38,18,0,58,0,0,23,0,23,2,38,41,0,81,12,0,12,93
11/30/2006,ERI,PA,AEA,CE,Combined TRACON& Tower with Radar,0,42,24,0,66,0,0,0,0,0,0,42,24,0,66,0,0,0,66
12/01/2006,ERI,PA,AEA,CE,Combined TRACON& Tower with Radar,0,42,8,0,50,0,0,2,0,2,0,42,10,0,52,0,0,0,52
12/02/2006,ERI,PA,AEA,CE,Combined TRACON& Tower with Radar,0,31,11,0,42,0,0,0,0,0,0,31,11,0,42,2,0,2,44
12/03/2006,ERI,PA,AEA,CE,Combined TRACON& Tower with Radar,0,31,8,8,47,0,1,14,0,15,0,32,22,8,62,8,12,20,82
12/04/2006,ERI,PA,AEA,CE,Combined TRACON& Tower with Radar,0,37,11,5,53,0,0,0,0,0,0,37,11,5,53,0,4,4,57
12/05/2006,ERI,PA,AEA,CE,Combined TRACON& Tower with Radar,0,42,10,7,59,0,1,0,0,1,0,43,10,7,60,0,6,6,66
12/06/2006,ERI,PA,AEA,CE,Combined TRACON& Tower with Radar,0,38,20,0,58,0,0,5,0,5,0,38,25,0,63,4,0,4,67
12/07/2006,ERI,PA,AEA,CE,Combined TRACON& Tower with Radar,0,38,16,0,54,0,0,0,0,0,0,38,16,0,54,0,0,0,54
12/08/2006,ERI,PA,AEA,CE,Combined TRACON& Tower with Radar,0,40,15,0,55,0,0,1,0,1,0,40,16,0,56,0,0,0,56
12/09/2006,ERI,PA,AEA,CE,Combined TRACON& Tower with Radar,0,30,11,0,41,0,0,10,0,10,0,30,21,0,51,4,0,4,55
12/10/2006,ERI,PA,AEA,CE,Combined TRACON& Tower with Radar,0,34,6,0,40,0,0,22,2,24,0,34,28,2,64,22,4,26,90
12/11/2006,ERI,PA,AEA,CE,Combined TRACON& Tower with Radar,0,37,15,0,52,0,0,0,0,0,0,37,15,0,52,2,18,20,72
12/12/2006,ERI,PA,AEA,CE,Combined TRACON& Tower with Radar,0,47,32,0,79,0,0,0,0,0,0,47,32,0,79,18,0,18,97
12/13/2006,ERI,PA,AEA,CE,Combined TRACON& Tower with Radar,0,39,23,0,62,0,1,7,0,8,0,40,30,0,70,2,0,2,72
12/14/2006,ERI,PA,AEA,CE,Combined TRACON& Tower with Radar,0,42,20,6,68,0,0,9,2,11,0,42,29,8,79,4,6,10,89
12/15/2006,ERI,PA,AEA,CE,Combined TRACON& Tower with Radar,0,41,19,5,65,0,0,9,0,9,0,41,28,5,74,2,10,12,86
12/16/2006,ERI,PA,AEA,CE,Combined TRACON& Tower with Radar,0,33,19,0,52,0,0,32,0,32,0,33,51,0,84,58,0,58,142
12/17/2006,ERI,PA,AEA,CE,Combined TRACON& Tower with Radar,0,33,13,0,46,0,0,0,0,0,0,33,13,0,46,2,0,2,48
12/18/2006,ERI,PA,AEA,CE,Combined TRACON& Tower with Radar,0,45,14,11,70,0,0,0,0,0,0,45,14,11,70,2,12,14,84
12/19/2006,ERI,PA,AEA,CE,Combined TRACON& Tower with Radar,0,44,29,0,73,0,0,5,0,5,0,44,34,0,78,16,0,16,94
12/20/2006,ERI,PA,AEA,CE,Combined TRACON& Tower with Radar,0,46,21,12,79,0,0,42,0,42,0,46,63,12,121,49,14,63,184
12/21/2006,ERI,PA,AEA,CE,Combined TRACON& Tower with Radar,0,47,7,0,54,0,1,20,0,21,0,48,27,0,75,8,0,8,83
12/22/2006,ERI,PA,AEA,CE,Combined TRACON& Tower with Radar,0,45,8,1,54,0,0,0,1,1,0,45,8,2,55,0,0,0,55
12/23/2006,ERI,PA,AEA,CE,Combined TRACON& Tower with Radar,0,35,15,0,50,0,0,0,0,0,0,35,15,0,50,6,0,6,56
12/24/2006,ERI,PA,AEA,CE,Combined TRACON& Tower with Radar,0,29,3,0,32,0,0,0,0,0,0,29,3,0,32,4,0,4,36
12/25/2006,ERI,PA,AEA,CE,Combined TRACON& Tower with Radar,0,29,2,0,31,0,2,1,0,3,0,31,3,0,34,0,0,0,34
12/26/2006,ERI,PA,AEA,CE,Combined TRACON& Tower with Radar,0,37,9,0,46,0,0,0,0,0,0,37,9,0,46,0,0,0,46
12/27/2006,ERI,PA,AEA,CE,Combined TRACON& Tower with Radar,0,46,10,0,56,0,2,3,0,5,0,48,13,0,61,10,0,10,71
12/28/2006,ERI,PA,AEA,CE,Combined TRACON& Tower with Radar,0,44,12,0,56,0,1,7,1,9,0,45,19,1,65,9,0,9,74
12/29/2006,ERI,PA,AEA,CE,Combined TRACON& Tower with Radar,0,44,11,0,55,0,0,24,0,24,0,44,35,0,79,44,0,44,123
12/30/2006,ERI,PA,AEA,CE,Combined TRACON& Tower with Radar,0,29,15,0,44,0,0,17,0,17,0,29,32,0,61,36,0,36,97
12/31/2006,ERI,PA,AEA,CE,Combined TRACON& Tower with Radar,0,27,10,0,37,0,0,14,0,14,0,27,24,0,51,12,0,12,63
01/01/2007,ERI,PA,AEA,CE,Combined TRACON& Tower with Radar,0,29,11,0,40,0,0,0,0,0,0,29,11,0,40,4,0,4,44
01/02/2007,ERI,PA,AEA,CE,Combined TRACON& Tower with Radar,0,37,23,0,60,0,0,23,0,23,0,37,46,0,83,36,0,36,119
01/03/2007,ERI,PA,AEA,CE,Combined TRACON& Tower with Radar,0,43,13,12,68,0,1,11,1,13,0,44,24,13,81,16,16,32,113
01/04/2007,ERI,PA,AEA,CE,Combined TRACON& Tower with Radar,0,46,14,0,60,0,0,14,0,14,0,46,28,0,74,24,0,24,98
01/05/2007,ERI,PA,AEA,CE,Combined TRACON& Tower with Radar,0,44,6,0,50,0,0,0,0,0,0,44,6,0,50,0,0,0,50
01/06/2007,ERI,PA,AEA,CE,Combined TRACON& Tower with Radar,0,35,19,0,54,0,0,0,0,0,0,35,19,0,54,6,0,6,60
01/07/2007,ERI,PA,AEA,CE,Combined TRACON& Tower with Radar,0,44,16,0,60,0,4,35,2,41,0,48,51,2,101,52,2,54,155
01/08/2007,ERI,PA,AEA,CE,Combined TRACON& Tower with Radar,2,36,17,0,55,0,0,0,0,0,2,36,17,0,55,0,0,0,55
01/09/2007,ERI,PA,AEA,CE,Combined TRACON& Tower with Radar,0,40,15,0,55,0,0,0,0,0,0,40,15,0,55,0,0,0,55
01/10/2007,ERI,PA,AEA,CE,Combined TRACON& Tower with Radar,2,39,10,0,51,0,0,0,0,0,2,39,10,0,51,0,0,0,51
01/11/2007,ERI,PA,AEA,CE,Combined TRACON& Tower with Radar,0,44,24,6,74,0,0,0,0,0,0,44,24,6,74,11,4,15,89
01/12/2007,ERI,PA,AEA,CE,Combined TRACON& Tower with Radar,0,33,11,0,44,0,0,0,0,0,0,33,11,0,44,0,0,0,44
01/13/2007,ERI,PA,AEA,CE,Combined TRACON& Tower with Radar,0,33,18,0,51,0,0,0,0,0,0,33,18,0,51,6,0,6,57
01/14/2007,ERI,PA,AEA,CE,Combined TRACON& Tower with Radar,0,36,4,0,40,0,0,0,0,0,0,36,4,0,40,0,0,0,40
01/15/2007,ERI,PA,AEA,CE,Combined TRACON& Tower with Radar,0,18,5,0,23,0,14,5,0,19,0,32,10,0,42,0,0,0,42
01/16/2007,ERI,PA,AEA,CE,Combined TRACON& Tower with Radar,0,43,4,0,47,0,0,0,0,0,0,43,4,0,47,0,0,0,47
01/17/2007,ERI,PA,AEA,CE,Combined TRACON& Tower with Radar,0,43,17,0,60,0,0,10,0,10,0,43,27,0,70,6,0,6,76
01/18/2007,ERI,PA,AEA,CE,Combined TRACON& Tower with Radar,0,41,26,0,67,0,0,9,0,9,0,41,35,0,76,10,0,10,86
01/19/2007,ERI,PA,AEA,CE,Combined TRACON& Tower with Radar,0,41,10,0,51,0,0,0,0,0,0,41,10,0,51,0,0,0,51
01/20/2007,ERI,PA,AEA,CE,Combined TRACON& Tower with Radar,0,28,1,0,29,0,0,0,0,0,0,28,1,0,29,0,0,0,29
01/21/2007,ERI,PA,AEA,CE,Combined TRACON& Tower with Radar,0,32,19,0,51,0,2,17,0,19,0,34,36,0,70,6,0,6,76
01/22/2007,ERI,PA,AEA,CE,Combined TRACON& Tower with Radar,0,13,7,0,20,0,20,5,0,25,0,33,12,0,45,0,0,0,45
01/23/2007,ERI,PA,AEA,CE,Combined TRACON& Tower with Radar,0,40,13,0,53,0,0,0,0,0,0,40,13,0,53,0,0,0,53
01/24/2007,ERI,PA,AEA,CE,Combined TRACON& Tower with Radar,0,40,11,0,51,0,0,0,0,0,0,40,11,0,51,0,0,0,51
01/25/2007,ERI,PA,AEA,CE,Combined TRACON& Tower with Radar,0,14,0,0,14,33,0,0,0,33,33,14,0,0,47,0,0,0,47
01/26/2007,ERI,PA,AEA,CE,Combined TRACON& Tower with Radar,0,35,17,0,52,0,0,0,0,0,0,35,17,0,52,0,0,0,52
01/27/2007,ERI,PA,AEA,CE,Combined TRACON& Tower with Radar,0,32,4,0,36,0,0,3,0,3,0,32,7,0,39,4,0,4,43
01/28/2007,ERI,PA,AEA,CE,Combined TRACON& Tower with Radar,0,30,9,0,39,0,5,0,0,5,0,35,9,0,44,0,0,0,44
01/29/2007,ERI,PA,AEA,CE,Combined TRACON& Tower with Radar,0,33,15,0,48,0,0,2,0,2,0,33,17,0,50,0,0,0,50
01/30/2007,ERI,PA,AEA,CE,Combined TRACON& Tower with Radar,0,34,8,0,42,0,0,0,0,0,0,34,8,0,42,0,0,0,42
01/31/2007,ERI,PA,AEA,CE,Combined TRACON& Tower with Radar,0,48,19,12,79,0,3,7,0,10,0,51,26,12,89,8,10,18,107
02/01/2007,ERI,PA,AEA,CE,Combined TRACON& Tower with Radar,0,44,14,0,58,0,0,24,0,24,0,44,38,0,82,0,0,0,82
02/02/2007,ERI,PA,AEA,CE,Combined TRACON& Tower with Radar,0,45,15,0,60,0,0,0,0,0,0,45,15,0,60,0,0,0,60
02/03/2007,ERI,PA,AEA,CE,Combined TRACON& Tower with Radar,0,33,4,0,37,0,0,5,0,5,0,33,9,0,42,0,0,0,42
02/04/2007,ERI,PA,AEA,CE,Combined TRACON& Tower with Radar,0,30,0,0,30,0,0,0,0,0,0,30,0,0,30,0,0,0,30
02/05/2007,ERI,PA,AEA,CE,Combined TRACON& Tower with Radar,0,31,6,0,37,0,0,0,0,0,0,31,6,0,37,0,0,0,37
02/06/2007,ERI,PA,AEA,CE,Combined TRACON& Tower with Radar,0,39,12,0,51,0,0,7,0,7,0,39,19,0,58,0,0,0,58
02/07/2007,ERI,PA,AEA,CE,Combined TRACON& Tower with Radar,2,45,15,3,65,0,0,2,0,2,2,45,17,3,67,2,2,4,71
02/08/2007,ERI,PA,AEA,CE,Combined TRACON& Tower with Radar,0,46,21,0,67,0,11,15,0,26,0,57,36,0,93,0,0,0,93
02/09/2007,ERI,PA,AEA,CE,Combined TRACON& Tower with Radar,0,46,13,0,59,0,0,0,0,0,0,46,13,0,59,0,0,0,59
02/10/2007,ERI,PA,AEA,CE,Combined TRACON& Tower with Radar,0,29,1,0,30,0,0,0,0,0,0,29,1,0,30,0,0,0,30
02/11/2007,ERI,PA,AEA,CE,Combined TRACON& Tower with Radar,0,32,15,0,47,0,0,16,0,16,0,32,31,0,63,14,0,14,77
02/12/2007,ERI,PA,AEA,CE,Combined TRACON& Tower with Radar,0,36,10,0,46,0,0,0,0,0,0,36,10,0,46,0,0,0,46
02/13/2007,ERI,PA,AEA,CE,Combined TRACON& Tower with Radar,0,34,7,0,41,0,0,0,0,0,0,34,7,0,41,0,0,0,41
02/14/2007,ERI,PA,AEA,CE,Combined TRACON& Tower with Radar,0,7,0,0,7,0,0,0,0,0,0,7,0,0,7,0,0,0,7
02/15/2007,ERI,PA,AEA,CE,Combined TRACON& Tower with Radar,0,33,19,0,52,0,0,0,0,0,0,33,19,0,52,0,0,0,52
02/16/2007,ERI,PA,AEA,CE,Combined TRACON& Tower with Radar,0,48,14,0,62,0,0,9,0,9,0,48,23,0,71,12,0,12,83
02/17/2007,ERI,PA,AEA,CE,Combined TRACON& Tower with Radar,0,25,8,0,33,0,0,8,0,8,0,25,16,0,41,0,0,0,41
02/18/2007,ERI,PA,AEA,CE,Combined TRACON& Tower with Radar,0,30,20,0,50,0,0,2,0,2,0,30,22,0,52,0,0,0,52
02/19/2007,ERI,PA,AEA,CE,Combined TRACON& Tower with Radar,0,37,12,0,49,0,2,3,0,5,0,39,15,0,54,0,0,0,54
02/20/2007,ERI,PA,AEA,CE,Combined TRACON& Tower with Radar,0,49,15,0,64,0,0,10,0,10,0,49,25,0,74,14,0,14,88
02/21/2007,ERI,PA,AEA,CE,Combined TRACON& Tower with Radar,0,39,13,7,59,0,0,15,0,15,0,39,28,7,74,20,12,32,106
02/22/2007,ERI,PA,AEA,CE,Combined TRACON& Tower with Radar,0,47,17,0,64,0,0,0,0,0,0,47,17,0,64,0,0,0,64
02/23/2007,ERI,PA,AEA,CE,Combined TRACON& Tower with Radar,0,47,21,0,68,0,0,12,0,12,0,47,33,0,80,12,0,12,92
02/24/2007,ERI,PA,AEA,CE,Combined TRACON& Tower with Radar,0,31,30,0,61,0,0,34,0,34,0,31,64,0,95,68,0,68,163
02/25/2007,ERI,PA,AEA,CE,Combined TRACON& Tower with Radar,0,0,0,0,0,0,26,6,0,32,0,26,6,0,32,0,0,0,32
02/26/2007,ERI,PA,AEA,CE,Combined TRACON& Tower with Radar,0,32,18,0,50,0,0,0,0,0,0,32,18,0,50,0,0,0,50
02/27/2007,ERI,PA,AEA,CE,Combined TRACON& Tower with Radar,0,40,15,0,55,0,0,0,0,0,0,40,15,0,55,0,0,0,55
02/28/2007,ERI,PA,AEA,CE,Combined TRACON& Tower with Radar,0,43,20,0,63,0,0,0,0,0,0,43,20,0,63,0,0,0,63
03/01/2007,ERI,PA,AEA,CE,Combined TRACON& Tower with Radar,0,53,18,0,71,0,1,9,0,10,0,54,27,0,81,20,0,20,101
03/02/2007,ERI,PA,AEA,CE,Combined TRACON& Tower with Radar,0,40,10,0,50,0,0,1,0,1,0,40,11,0,51,4,0,4,55
03/03/2007,ERI,PA,AEA,CE,Combined TRACON& Tower with Radar,0,37,3,0,40,0,0,17,0,17,0,37,20,0,57,8,0,8,65
03/04/2007,ERI,PA,AEA,CE,Combined TRACON& Tower with Radar,0,33,14,0,47,0,0,2,0,2,0,33,16,0,49,0,0,0,49
03/05/2007,ERI,PA,AEA,CE,Combined TRACON& Tower with Radar,0,34,13,0,47,2,0,1,0,3,2,34,14,0,50,0,0,0,50
03/06/2007,ERI,PA,AEA,CE,Combined TRACON& Tower with Radar,0,43,22,0,65,0,0,12,0,12,0,43,34,0,77,20,0,20,97
03/07/2007,ERI,PA,AEA,CE,Combined TRACON& Tower with Radar,0,45,30,17,92,0,0,24,0,24,0,45,54,17,116,48,20,68,184
03/08/2007,ERI,PA,AEA,CE,Combined TRACON& Tower with Radar,1,43,27,0,71,0,0,6,0,6,1,43,33,0,77,4,0,4,81
03/09/2007,ERI,PA,AEA,CE,Combined TRACON& Tower with Radar,0,51,22,0,73,0,0,48,0,48,0,51,70,0,121,42,0,42,163
03/10/2007,ERI,PA,AEA,CE,Combined TRACON& Tower with Radar,1,28,12,0,41,0,0,1,0,1,1,28,13,0,42,0,0,0,42
03/11/2007,ERI,PA,AEA,CE,Combined TRACON& Tower with Radar,0,33,9,5,47,0,0,26,0,26,0,33,35,5,73,44,0,44,117
03/12/2007,ERI,PA,AEA,CE,Combined TRACON& Tower with Radar,0,37,14,0,51,0,0,21,0,21,0,37,35,0,72,8,0,8,80
03/13/2007,ERI,PA,AEA,CE,Combined TRACON& Tower with Radar,0,47,24,0,71,0,0,31,0,31,0,47,55,0,102,20,0,20,122
03/14/2007,ERI,PA,AEA,CE,Combined TRACON& Tower with Radar,0,42,15,0,57,0,0,2,0,2,0,42,17,0,59,6,0,6,65
03/15/2007,ERI,PA,AEA,CE,Combined TRACON& Tower with Radar,0,36,7,3,46,0,0,4,0,4,0,36,11,3,50,6,0,6,56
03/16/2007,ERI,PA,AEA,CE,Combined TRACON& Tower with Radar,0,24,12,0,36,0,0,3,0,3,0,24,15,0,39,10,0,10,49
03/17/2007,ERI,PA,AEA,CE,Combined TRACON& Tower with Radar,0,26,14,0,40,0,0,9,0,9,0,26,23,0,49,6,0,6,55
03/18/2007,ERI,PA,AEA,CE,Combined TRACON& Tower with Radar,0,35,5,0,40,0,0,13,0,13,0,35,18,0,53,14,0,14,67
03/19/2007,ERI,PA,AEA,CE,Combined TRACON& Tower with Radar,0,38,3,0,41,0,0,0,0,0,0,38,3,0,41,0,0,0,41
03/20/2007,ERI,PA,AEA,CE,Combined TRACON& Tower with Radar,0,49,24,0,73,0,0,18,0,18,0,49,42,0,91,38,0,38,129
03/21/2007,ERI,PA,AEA,CE,Combined TRACON& Tower with Radar,0,45,11,0,56,0,1,10,0,11,0,46,21,0,67,10,0,10,77
03/22/2007,ERI,PA,AEA,CE,Combined TRACON& Tower with Radar,0,46,17,0,63,0,0,0,0,0,0,46,17,0,63,0,0,0,63
03/23/2007,ERI,PA,AEA,CE,Combined TRACON& Tower with Radar,0,48,17,0,65,0,2,15,0,17,0,50,32,0,82,38,0,38,120
03/24/2007,ERI,PA,AEA,CE,Combined TRACON& Tower with Radar,0,41,8,0,49,0,0,3,0,3,0,41,11,0,52,0,0,0,52
03/25/2007,ERI,PA,AEA,CE,Combined TRACON& Tower with Radar,0,33,11,0,44,0,0,73,0,73,0,33,84,0,117,48,0,48,165
03/26/2007,ERI,PA,AEA,CE,Combined TRACON& Tower with Radar,0,39,20,4,63,0,1,12,0,13,0,40,32,4,76,10,8,18,94
03/27/2007,ERI,PA,AEA,CE,Combined TRACON& Tower with Radar,0,12,4,0,16,0,26,15,1,42,0,38,19,1,58,10,0,10,68
03/28/2007,ERI,PA,AEA,CE,Combined TRACON& Tower with Radar,0,52,13,0,65,0,0,1,0,1,0,52,14,0,66,6,0,6,72
03/29/2007,ERI,PA,AEA,CE,Combined TRACON& Tower with Radar,0,46,13,0,59,0,0,24,0,24,0,46,37,0,83,18,0,18,101
03/30/2007,ERI,PA,AEA,CE,Combined TRACON& Tower with Radar,0,44,12,0,56,0,0,36,0,36,0,44,48,0,92,64,0,64,156
03/31/2007,ERI,PA,AEA,CE,Combined TRACON& Tower with Radar,0,28,6,0,34,0,0,46,0,46,0,28,52,0,80,24,0,24,104
04/01/2007,ERI,PA,AEA,CE,Combined TRACON& Tower with Radar,0,33,4,0,37,0,0,6,0,6,0,33,10,0,43,0,0,0,43
04/02/2007,ERI,PA,AEA,CE,Combined TRACON& Tower with Radar,2,36,16,12,66,0,1,5,0,6,2,37,21,12,72,20,12,32,104
04/03/2007,ERI,PA,AEA,CE,Combined TRACON& Tower with Radar,0,42,14,10,66,0,0,31,0,31,0,42,45,10,97,40,10,50,147
04/04/2007,ERI,PA,AEA,CE,Combined TRACON& Tower with Radar,0,45,12,1,58,0,0,1,0,1,0,45,13,1,59,0,2,2,61
04/05/2007,ERI,PA,AEA,CE,Combined TRACON& Tower with Radar,2,47,30,0,79,0,0,0,0,0,2,47,30,0,79,0,0,0,79
04/06/2007,ERI,PA,AEA,CE,Combined TRACON& Tower with Radar,0,44,5,0,49,0,0,3,0,3,0,44,8,0,52,0,0,0,52
04/07/2007,ERI,PA,AEA,CE,Combined TRACON& Tower with Radar,0,33,3,0,36,0,0,0,0,0,0,33,3,0,36,0,0,0,36
04/08/2007,ERI,PA,AEA,CE,Combined TRACON& Tower with Radar,0,35,1,0,36,0,0,0,0,0,0,35,1,0,36,0,0,0,36
04/09/2007,ERI,PA,AEA,CE,Combined TRACON& Tower with Radar,0,34,12,0,46,0,0,22,0,22,0,34,34,0,68,18,0,18,86
04/10/2007,ERI,PA,AEA,CE,Combined TRACON& Tower with Radar,0,48,22,6,76,0,0,9,2,11,0,48,31,8,87,4,6,10,97
04/11/2007,ERI,PA,AEA,CE,Combined TRACON& Tower with Radar,0,47,23,0,70,0,0,6,0,6,0,47,29,0,76,14,0,14,90
04/12/2007,ERI,PA,AEA,CE,Combined TRACON& Tower with Radar,0,49,13,2,64,0,0,1,0,1,0,49,14,2,65,0,0,0,65
04/13/2007,ERI,PA,AEA,CE,Combined TRACON& Tower with Radar,2,48,17,0,67,0,0,3,2,5,2,48,20,2,72,0,0,0,72
04/14/2007,ERI,PA,AEA,CE,Combined TRACON& Tower with Radar,0,29,18,0,47,0,1,32,0,33,0,30,50,0,80,30,0,30,110
04/15/2007,ERI,PA,AEA,CE,Combined TRACON& Tower with Radar,0,33,5,0,38,0,0,0,0,0,0,33,5,0,38,0,0,0,38
04/16/2007,ERI,PA,AEA,CE,Combined TRACON& Tower with Radar,0,36,17,0,53,0,0,3,0,3,0,36,20,0,56,0,0,0,56
04/17/2007,ERI,PA,AEA,CE,Combined TRACON& Tower with Radar,2,52,17,0,71,0,0,22,0,22,2,52,39,0,93,20,0,20,113
04/18/2007,ERI,PA,AEA,CE,Combined TRACON& Tower with Radar,0,50,17,0,67,0,0,7,1,8,0,50,24,1,75,16,0,16,91
04/19/2007,ERI,PA,AEA,CE,Combined TRACON& Tower with Radar,2,54,25,0,81,0,0,21,0,21,2,54,46,0,102,37,0,37,139
04/20/2007,ERI,PA,AEA,CE,Combined TRACON& Tower with Radar,0,42,16,0,58,0,0,54,0,54,0,42,70,0,112,36,0,36,148
04/21/2007,ERI,PA,AEA,CE,Combined TRACON& Tower with Radar,2,31,19,0,52,0,2,73,0,75,2,33,92,0,127,84,4,88,215
04/22/2007,ERI,PA,AEA,CE,Combined TRACON& Tower with Radar,0,35,7,0,42,0,0,69,0,69,0,35,76,0,111,85,0,85,196
04/23/2007,ERI,PA,AEA,CE,Combined TRACON& Tower with Radar,0,37,24,0,61,0,0,13,0,13,0,37,37,0,74,32,0,32,106
04/24/2007,ERI,PA,AEA,CE,Combined TRACON& Tower with Radar,0,47,31,0,78,0,0,38,0,38,0,47,69,0,116,48,0,48,164
04/25/2007,ERI,PA,AEA,CE,Combined TRACON& Tower with Radar,0,45,21,0,66,0,0,0,0,0,0,45,21,0,66,0,0,0,66
04/26/2007,ERI,PA,AEA,CE,Combined TRACON& Tower with Radar,0,43,23,0,66,0,2,5,0,7,0,45,28,0,73,36,0,36,109
04/27/2007,ERI,PA,AEA,CE,Combined TRACON& Tower with Radar,0,48,21,0,69,0,1,1,0,2,0,49,22,0,71,8,0,8,79
04/28/2007,ERI,PA,AEA,CE,Combined TRACON& Tower with Radar,0,33,12,0,45,0,0,3,0,3,0,33,15,0,48,10,0,10,58
04/29/2007,ERI,PA,AEA,CE,Combined TRACON& Tower with Radar,0,35,16,0,51,0,0,52,0,52,0,35,68,0,103,27,0,27,130
04/30/2007,ERI,PA,AEA,CE,Combined TRACON& Tower with Radar,0,40,22,2,64,0,0,28,0,28,0,40,50,2,92,14,0,14,106
05/01/2007,ERI,PA,AEA,CE,Combined TRACON& Tower with Radar,0,38,15,0,53,0,0,6,0,6,0,38,21,0,59,24,0,24,83
05/02/2007,ERI,PA,AEA,CE,Combined TRACON& Tower with Radar,0,39,25,0,64,0,0,34,2,36,0,39,59,2,100,86,0,86,186
05/03/2007,ERI,PA,AEA,CE,Combined TRACON& Tower with Radar,0,44,34,0,78,0,0,23,0,23,0,44,57,0,101,18,0,18,119
05/04/2007,ERI,PA,AEA,CE,Combined TRACON& Tower with Radar,0,43,22,0,65,0,1,33,0,34,0,44,55,0,99,18,2,20,119
05/05/2007,ERI,PA,AEA,CE,Combined TRACON& Tower with Radar,0,28,11,0,39,0,0,51,0,51,0,28,62,0,90,52,0,52,142
05/06/2007,ERI,PA,AEA,CE,Combined TRACON& Tower with Radar,0,37,15,0,52,0,0,0,0,0,0,37,15,0,52,64,2,66,118
05/07/2007,ERI,PA,AEA,CE,Combined TRACON& Tower with Radar,0,40,17,0,57,0,0,40,0,40,0,40,57,0,97,34,0,34,131
05/08/2007,ERI,PA,AEA,CE,Combined TRACON& Tower with Radar,0,49,27,0,76,0,0,18,0,18,0,49,45,0,94,44,2,46,140
05/09/2007,ERI,PA,AEA,CE,Combined TRACON& Tower with Radar,2,42,14,0,58,0,0,25,0,25,2,42,39,0,83,38,0,38,121
05/10/2007,ERI,PA,AEA,CE,Combined TRACON& Tower with Radar,0,43,24,0,67,0,0,15,0,15,0,43,39,0,82,6,0,6,88
05/11/2007,ERI,PA,AEA,CE,Combined TRACON& Tower with Radar,0,44,20,0,64,0,7,37,0,44,0,51,57,0,108,18,0,18,126
05/12/2007,ERI,PA,AEA,CE,Combined TRACON& Tower with Radar,0,31,8,0,39,0,0,30,0,30,0,31,38,0,69,48,0,48,117
05/13/2007,ERI,PA,AEA,CE,Combined TRACON& Tower with Radar,0,36,6,0,42,0,0,43,0,43,0,36,49,0,85,49,0,49,134
05/14/2007,ERI,PA,AEA,CE,Combined TRACON& Tower with Radar,0,39,17,0,56,0,0,24,0,24,0,39,41,0,80,44,0,44,124
05/15/2007,ERI,PA,AEA,CE,Combined TRACON& Tower with Radar,0,49,18,0,67,0,2,4,0,6,0,51,22,0,73,12,0,12,85
05/16/2007,ERI,PA,AEA,CE,Combined TRACON& Tower with Radar,0,43,30,0,73,0,0,0,0,0,0,43,30,0,73,6,0,6,79
05/17/2007,ERI,PA,AEA,CE,Combined TRACON& Tower with Radar,0,48,32,0,80,0,2,13,0,15,0,50,45,0,95,42,0,42,137
05/18/2007,ERI,PA,AEA,CE,Combined TRACON& Tower with Radar,0,49,29,0,78,0,0,46,0,46,0,49,75,0,124,66,0,66,190
05/19/2007,ERI,PA,AEA,CE,Combined TRACON& Tower with Radar,0,29,11,0,40,0,0,14,0,14,0,29,25,0,54,8,0,8,62
05/20/2007,ERI,PA,AEA,CE,Combined TRACON& Tower with Radar,0,35,8,0,43,0,0,17,0,17,0,35,25,0,60,12,0,12,72
05/21/2007,ERI,PA,AEA,CE,Combined TRACON& Tower with Radar,0,43,19,0,62,0,1,46,1,48,0,44,65,1,110,12,0,12,122
05/22/2007,ERI,PA,AEA,CE,Combined TRACON& Tower with Radar,0,48,17,0,65,0,1,49,0,50,0,49,66,0,115,52,0,52,167
05/23/2007,ERI,PA,AEA,CE,Combined TRACON& Tower with Radar,0,50,18,0,68,0,1,45,0,46,0,51,63,0,114,66,0,66,180
05/24/2007,ERI,PA,AEA,CE,Combined TRACON& Tower with Radar,0,47,24,4,75,0,0,28,0,28,0,47,52,4,103,22,4,26,129
05/25/2007,ERI,PA,AEA,CE,Combined TRACON& Tower with Radar,0,45,21,0,66,0,0,11,0,11,0,45,32,0,77,16,0,16,93
05/26/2007,ERI,PA,AEA,CE,Combined TRACON& Tower with Radar,2,28,9,0,39,0,0,0,0,0,2,28,9,0,39,0,0,0,39
05/27/2007,ERI,PA,AEA,CE,Combined TRACON& Tower with Radar,0,23,5,0,28,0,0,0,0,0,0,23,5,0,28,4,0,4,32
05/28/2007,ERI,PA,AEA,CE,Combined TRACON& Tower with Radar,0,31,12,0,43,0,0,0,0,0,0,31,12,0,43,29,1,30,73
05/29/2007,ERI,PA,AEA,CE,Combined TRACON& Tower with Radar,0,39,0,0,39,0,0,0,0,0,0,39,0,0,39,26,0,26,65
05/30/2007,ERI,PA,AEA,CE,Combined TRACON& Tower with Radar,0,45,22,7,74,0,0,29,2,31,0,45,51,9,105,20,10,30,135
05/31/2007,ERI,PA,AEA,CE,Combined TRACON& Tower with Radar,0,44,17,0,61,0,0,27,0,27,0,44,44,0,88,22,0,22,110
06/01/2007,ERI,PA,AEA,CE,Combined TRACON& Tower with Radar,0,51,16,0,67,0,0,11,0,11,0,51,27,0,78,12,0,12,90
06/02/2007,ERI,PA,AEA,CE,Combined TRACON& Tower with Radar,0,30,10,0,40,0,0,10,0,10,0,30,20,0,50,4,0,4,54
06/03/2007,ERI,PA,AEA,CE,Combined TRACON& Tower with Radar,0,31,20,1,52,0,1,1,0,2,0,32,21,1,54,8,0,8,62
06/04/2007,ERI,PA,AEA,CE,Combined TRACON& Tower with Radar,2,40,14,0,56,0,0,2,0,2,2,40,16,0,58,0,0,0,58
06/05/2007,ERI,PA,AEA,CE,Combined TRACON& Tower with Radar,0,46,21,0,67,0,0,0,0,0,0,46,21,0,67,0,0,0,67
06/06/2007,ERI,PA,AEA,CE,Combined TRACON& Tower with Radar,0,48,24,0,72,0,0,16,0,16,0,48,40,0,88,14,0,14,102
06/07/2007,ERI,PA,AEA,CE,Combined TRACON& Tower with Radar,0,48,35,0,83,0,3,15,0,18,0,51,50,0,101,24,0,24,125
06/08/2007,ERI,PA,AEA,CE,Combined TRACON& Tower with Radar,0,43,21,0,64,0,1,20,0,21,0,44,41,0,85,18,0,18,103
06/09/2007,ERI,PA,AEA,CE,Combined TRACON& Tower with Radar,0,33,28,0,61,0,0,42,0,42,0,33,70,0,103,46,0,46,149
06/10/2007,ERI,PA,AEA,CE,Combined TRACON& Tower with Radar,0,34,29,0,63,0,1,94,0,95,0,35,123,0,158,80,0,80,238
06/11/2007,ERI,PA,AEA,CE,Combined TRACON& Tower with Radar,1,37,18,0,56,0,1,18,0,19,1,38,36,0,75,20,0,20,95
06/12/2007,ERI,PA,AEA,CE,Combined TRACON& Tower with Radar,0,47,30,0,77,0,0,41,0,41,0,47,71,0,118,22,0,22,140
06/13/2007,ERI,PA,AEA,CE,Combined TRACON& Tower with Radar,0,43,15,0,58,0,19,0,0,19,0,62,15,0,77,4,0,4,81
06/14/2007,ERI,PA,AEA,CE,Combined TRACON& Tower with Radar,0,50,23,0,73,0,1,18,0,19,0,51,41,0,92,20,0,20,112
06/15/2007,ERI,PA,AEA,CE,Combined TRACON& Tower with Radar,0,47,29,0,76,0,0,49,0,49,0,47,78,0,125,28,0,28,153
06/16/2007,ERI,PA,AEA,CE,Combined TRACON& Tower with Radar,0,31,25,0,56,0,0,58,0,58,0,31,83,0,114,74,0,74,188
06/17/2007,ERI,PA,AEA,CE,Combined TRACON& Tower with Radar,0,37,12,0,49,0,0,12,6,18,0,37,24,6,67,40,0,40,107
06/18/2007,ERI,PA,AEA,CE,Combined TRACON& Tower with Radar,0,34,28,11,73,0,0,0,0,0,0,34,28,11,73,24,22,46,119
06/19/2007,ERI,PA,AEA,CE,Combined TRACON& Tower with Radar,0,44,21,0,65,0,0,8,0,8,0,44,29,0,73,12,0,12,85
06/20/2007,ERI,PA,AEA,CE,Combined TRACON& Tower with Radar,0,48,28,10,86,0,4,37,2,43,0,52,65,12,129,26,8,34,163
06/21/2007,ERI,PA,AEA,CE,Combined TRACON& Tower with Radar,0,44,23,0,67,0,0,20,0,20,0,44,43,0,87,32,0,32,119
06/22/2007,ERI,PA,AEA,CE,Combined TRACON& Tower with Radar,0,49,22,0,71,0,0,37,0,37,0,49,59,0,108,42,0,42,150
06/23/2007,ERI,PA,AEA,CE,Combined TRACON& Tower with Radar,0,33,27,0,60,0,0,76,0,76,0,33,103,0,136,74,0,74,210
06/24/2007,ERI,PA,AEA,CE,Combined TRACON& Tower with Radar,0,31,14,0,45,0,0,40,0,40,0,31,54,0,85,38,0,38,123
06/25/2007,ERI,PA,AEA,CE,Combined TRACON& Tower with Radar,0,39,20,0,59,0,0,38,0,38,0,39,58,0,97,63,0,63,160
06/26/2007,ERI,PA,AEA,CE,Combined TRACON& Tower with Radar,0,47,19,6,72,0,0,30,0,30,0,47,49,6,102,28,6,34,136
06/27/2007,ERI,PA,AEA,CE,Combined TRACON& Tower with Radar,0,42,22,0,64,0,0,14,0,14,0,42,36,0,78,6,0,6,84
06/28/2007,ERI,PA,AEA,CE,Combined TRACON& Tower with Radar,0,40,32,0,72,0,1,19,0,20,0,41,51,0,92,13,2,15,107
06/29/2007,ERI,PA,AEA,CE,Combined TRACON& Tower with Radar,0,46,15,0,61,0,0,38,0,38,0,46,53,0,99,27,0,27,126
06/30/2007,ERI,PA,AEA,CE,Combined TRACON& Tower with Radar,0,30,12,1,43,0,0,0,0,0,0,30,12,1,43,47,0,47,90
07/01/2007,ERI,PA,AEA,CE,Combined TRACON& Tower with Radar,0,31,23,0,54,0,0,0,0,0,0,31,23,0,54,18,0,18,72
07/02/2007,ERI,PA,AEA,CE,Combined TRACON& Tower with Radar,0,43,14,12,69,0,0,32,0,32,0,43,46,12,101,26,12,38,139
07/03/2007,ERI,PA,AEA,CE,Combined TRACON& Tower with Radar,1,43,13,0,57,0,1,38,0,39,1,44,51,0,96,44,0,44,140
07/04/2007,ERI,PA,AEA,CE,Combined TRACON& Tower with Radar,0,33,7,0,40,0,1,9,0,10,0,34,16,0,50,2,0,2,52
07/05/2007,ERI,PA,AEA,CE,Combined TRACON& Tower with Radar,1,35,29,0,65,0,1,17,0,18,1,36,46,0,83,18,0,18,101
07/06/2007,ERI,PA,AEA,CE,Combined TRACON& Tower with Radar,0,37,16,0,53,0,0,29,0,29,0,37,45,0,82,31,0,31,113
07/07/2007,ERI,PA,AEA,CE,Combined TRACON& Tower with Radar,0,28,19,0,47,0,2,57,0,59,0,30,76,0,106,58,0,58,164
07/08/2007,ERI,PA,AEA,CE,Combined TRACON& Tower with Radar,0,33,13,0,46,0,17,9,0,26,0,50,22,0,72,16,0,16,88
07/09/2007,ERI,PA,AEA,CE,Combined TRACON& Tower with Radar,0,45,21,0,66,0,1,27,4,32,0,46,48,4,98,36,2,38,136
07/10/2007,ERI,PA,AEA,CE,Combined TRACON& Tower with Radar,0,37,20,10,67,0,0,25,2,27,0,37,45,12,94,56,4,60,154
07/11/2007,ERI,PA,AEA,CE,Combined TRACON& Tower with Radar,0,46,26,4,76,0,0,10,0,10,0,46,36,4,86,6,6,12,98
07/12/2007,ERI,PA,AEA,CE,Combined TRACON& Tower with Radar,0,48,22,0,70,0,0,30,0,30,0,48,52,0,100,18,0,18,118
07/13/2007,ERI,PA,AEA,CE,Combined TRACON& Tower with Radar,0,43,27,2,72,0,0,36,0,36,0,43,63,2,108,38,0,38,146
07/14/2007,ERI,PA,AEA,CE,Combined TRACON& Tower with Radar,0,22,21,0,43,0,0,37,1,38,0,22,58,1,81,40,0,40,121
07/15/2007,ERI,PA,AEA,CE,Combined TRACON& Tower with Radar,0,38,17,0,55,0,0,0,0,0,0,38,17,0,55,18,0,18,73
07/16/2007,ERI,PA,AEA,CE,Combined TRACON& Tower with Radar,0,37,27,0,64,0,0,37,0,37,0,37,64,0,101,18,0,18,119
07/17/2007,ERI,PA,AEA,CE,Combined TRACON& Tower with Radar,0,50,28,3,81,0,2,15,2,19,0,52,43,5,100,10,6,16,116
07/18/2007,ERI,PA,AEA,CE,Combined TRACON& Tower with Radar,0,41,40,0,81,0,0,6,0,6,0,41,46,0,87,12,0,12,99
07/19/2007,ERI,PA,AEA,CE,Combined TRACON& Tower with Radar,2,38,17,0,57,0,0,0,0,0,2,38,17,0,57,0,0,0,57
07/20/2007,ERI,PA,AEA,CE,Combined TRACON& Tower with Radar,0,44,22,1,67,0,2,26,2,30,0,46,48,3,97,18,0,18,115
07/21/2007,ERI,PA,AEA,CE,Combined TRACON& Tower with Radar,0,22,12,0,34,0,0,69,0,69,0,22,81,0,103,30,0,30,133
07/22/2007,ERI,PA,AEA,CE,Combined TRACON& Tower with Radar,0,31,28,0,59,0,0,43,1,44,0,31,71,1,103,60,0,60,163
07/23/2007,ERI,PA,AEA,CE,Combined TRACON& Tower with Radar,2,33,21,1,57,0,0,20,0,20,2,33,41,1,77,24,0,24,101
07/24/2007,ERI,PA,AEA,CE,Combined TRACON& Tower with Radar,0,44,29,0,73,0,0,61,0,61,0,44,90,0,134,45,0,45,179
07/25/2007,ERI,PA,AEA,CE,Combined TRACON& Tower with Radar,0,45,14,0,59,0,0,36,0,36,0,45,50,0,95,16,0,16,111
07/26/2007,ERI,PA,AEA,CE,Combined TRACON& Tower with Radar,2,48,21,6,77,0,0,9,0,9,2,48,30,6,86,20,18,38,124
07/27/2007,ERI,PA,AEA,CE,Combined TRACON& Tower with Radar,0,38,12,0,50,0,0,12,0,12,0,38,24,0,62,20,0,20,82
07/28/2007,ERI,PA,AEA,CE,Combined TRACON& Tower with Radar,0,23,22,5,50,0,0,18,0,18,0,23,40,5,68,14,0,14,82
07/29/2007,ERI,PA,AEA,CE,Combined TRACON& Tower with Radar,0,30,16,0,46,0,0,44,0,44,0,30,60,0,90,6,0,6,96
07/30/2007,ERI,PA,AEA,CE,Combined TRACON& Tower with Radar,0,36,28,2,66,0,0,31,0,31,0,36,59,2,97,14,8,22,119
07/31/2007,ERI,PA,AEA,CE,Combined TRACON& Tower with Radar,0,37,13,3,53,0,0,20,2,22,0,37,33,5,75,24,4,28,103
08/01/2007,ERI,PA,AEA,CE,Combined TRACON& Tower with Radar,0,39,32,8,79,0,1,51,0,52,0,40,83,8,131,60,4,64,195
08/02/2007,ERI,PA,AEA,CE,Combined TRACON& Tower with Radar,0,41,26,6,73,0,0,60,0,60,0,41,86,6,133,86,6,92,225
08/03/2007,ERI,PA,AEA,CE,Combined TRACON& Tower with Radar,0,39,27,0,66,0,0,42,0,42,0,39,69,0,108,12,0,12,120
08/04/2007,ERI,PA,AEA,CE,Combined TRACON& Tower with Radar,0,23,19,0,42,0,0,60,0,60,0,23,79,0,102,22,0,22,124
08/05/2007,ERI,PA,AEA,CE,Combined TRACON& Tower with Radar,0,26,16,0,42,0,0,17,0,17,0,26,33,0,59,18,0,18,77
08/06/2007,ERI,PA,AEA,CE,Combined TRACON& Tower with Radar,0,14,13,0,27,0,21,30,0,51,0,35,43,0,78,6,0,6,84
08/07/2007,ERI,PA,AEA,CE,Combined TRACON& Tower with Radar,0,44,17,0,61,0,1,7,0,8,0,45,24,0,69,8,0,8,77
08/08/2007,ERI,PA,AEA,CE,Combined TRACON& Tower with Radar,2,40,34,0,76,0,0,12,0,12,2,40,46,0,88,22,0,22,110
08/09/2007,ERI,PA,AEA,CE,Combined TRACON& Tower with Radar,0,36,23,0,59,0,0,12,0,12,0,36,35,0,71,0,0,0,71
08/10/2007,ERI,PA,AEA,CE,Combined TRACON& Tower with Radar,2,40,28,0,70,0,0,19,1,20,2,40,47,1,90,36,0,36,126
08/11/2007,ERI,PA,AEA,CE,Combined TRACON& Tower with Radar,0,36,27,0,63,0,1,43,1,45,0,37,70,1,108,46,0,46,154
08/12/2007,ERI,PA,AEA,CE,Combined TRACON& Tower with Radar,0,31,27,0,58,0,4,53,0,57,0,35,80,0,115,70,0,70,185
08/13/2007,ERI,PA,AEA,CE,Combined TRACON& Tower with Radar,0,32,28,0,60,0,0,39,0,39,0,32,67,0,99,56,0,56,155
08/14/2007,ERI,PA,AEA,CE,Combined TRACON& Tower with Radar,0,34,25,0,59,0,0,47,0,47,0,34,72,0,106,54,0,54,160
08/15/2007,ERI,PA,AEA,CE,Combined TRACON& Tower with Radar,0,40,27,0,67,0,4,43,0,47,0,44,70,0,114,42,0,42,156
08/16/2007,ERI,PA,AEA,CE,Combined TRACON& Tower with Radar,0,36,25,6,67,0,0,29,0,29,0,36,54,6,96,12,14,26,122
08/17/2007,ERI,PA,AEA,CE,Combined TRACON& Tower with Radar,0,36,33,1,70,0,0,44,0,44,0,36,77,1,114,20,0,20,134
08/18/2007,ERI,PA,AEA,CE,Combined TRACON& Tower with Radar,0,24,25,0,49,0,0,46,0,46,0,24,71,0,95,40,0,40,135
08/19/2007,ERI,PA,AEA,CE,Combined TRACON& Tower with Radar,0,29,21,0,50,0,0,12,0,12,0,29,33,0,62,40,0,40,102
08/20/2007,ERI,PA,AEA,CE,Combined TRACON& Tower with Radar,1,34,25,0,60,0,0,0,0,0,1,34,25,0,60,0,0,0,60
08/21/2007,ERI,PA,AEA,CE,Combined TRACON& Tower with Radar,0,40,20,6,66,0,0,22,0,22,0,40,42,6,88,36,8,44,132
08/22/2007,ERI,PA,AEA,CE,Combined TRACON& Tower with Radar,2,47,26,18,93,0,0,46,0,46,2,47,72,18,139,70,8,78,217
08/23/2007,ERI,PA,AEA,CE,Combined TRACON& Tower with Radar,0,42,23,0,65,0,0,3,0,3,0,42,26,0,68,14,0,14,82
08/24/2007,ERI,PA,AEA,CE,Combined TRACON& Tower with Radar,0,40,27,6,73,0,1,23,2,26,0,41,50,8,99,42,4,46,145
08/25/2007,ERI,PA,AEA,CE,Combined TRACON& Tower with Radar,0,25,12,0,37,0,1,24,0,25,0,26,36,0,62,8,0,8,70
08/26/2007,ERI,PA,AEA,CE,Combined TRACON& Tower with Radar,0,28,26,0,54,0,1,53,1,55,0,29,79,1,109,40,0,40,149
08/27/2007,ERI,PA,AEA,CE,Combined TRACON& Tower with Radar,0,35,15,0,50,0,0,44,0,44,0,35,59,0,94,36,0,36,130
08/28/2007,ERI,PA,AEA,CE,Combined TRACON& Tower with Radar,0,41,26,2,69,0,0,25,0,25,0,41,51,2,94,44,10,54,148
08/29/2007,ERI,PA,AEA,CE,Combined TRACON& Tower with Radar,0,37,22,0,59,0,10,30,0,40,0,47,52,0,99,12,0,12,111
08/30/2007,ERI,PA,AEA,CE,Combined TRACON& Tower with Radar,0,41,32,0,73,0,0,2,0,2,0,41,34,0,75,2,0,2,77
08/31/2007,ERI,PA,AEA,CE,Combined TRACON& Tower with Radar,0,40,40,0,80,0,2,20,0,22,0,42,60,0,102,28,0,28,130
09/01/2007,ERI,PA,AEA,CE,Combined TRACON& Tower with Radar,0,21,31,0,52,0,0,36,0,36,0,21,67,0,88,36,0,36,124
09/02/2007,ERI,PA,AEA,CE,Combined TRACON& Tower with Radar,0,0,11,0,11,0,0,20,0,20,0,0,31,0,31,16,0,16,47
09/03/2007,ERI,PA,AEA,CE,Combined TRACON& Tower with Radar,0,34,15,0,49,0,0,18,0,18,0,34,33,0,67,24,0,24,91
09/04/2007,ERI,PA,AEA,CE,Combined TRACON& Tower with Radar,0,36,12,0,48,0,0,26,0,26,0,36,38,0,74,14,0,14,88
09/05/2007,ERI,PA,AEA,CE,Combined TRACON& Tower with Radar,0,35,14,0,49,0,0,47,0,47,0,35,61,0,96,52,0,52,148
09/06/2007,ERI,PA,AEA,CE,Combined TRACON& Tower with Radar,0,37,19,0,56,0,1,38,0,39,0,38,57,0,95,14,0,14,109
09/07/2007,ERI,PA,AEA,CE,Combined TRACON& Tower with Radar,0,36,25,2,63,0,1,15,0,16,0,37,40,2,79,3,0,3,82
09/08/2007,ERI,PA,AEA,CE,Combined TRACON& Tower with Radar,0,22,17,0,39,0,0,25,0,25,0,22,42,0,64,10,0,10,74
09/09/2007,ERI,PA,AEA,CE,Combined TRACON& Tower with Radar,0,23,32,0,55,0,0,0,0,0,0,23,32,0,55,4,0,4,59
09/10/2007,ERI,PA,AEA,CE,Combined TRACON& Tower with Radar,0,30,27,0,57,0,0,15,0,15,0,30,42,0,72,28,0,28,100
09/11/2007,ERI,PA,AEA,CE,Combined TRACON& Tower with Radar,0,33,23,0,56,0,0,2,0,2,0,33,25,0,58,4,0,4,62
09/12/2007,ERI,PA,AEA,CE,Combined TRACON& Tower with Radar,0,39,27,0,66,0,1,12,1,14,0,40,39,1,80,22,0,22,102
09/13/2007,ERI,PA,AEA,CE,Combined TRACON& Tower with Radar,0,38,23,15,76,0,0,29,0,29,0,38,52,15,105,34,12,46,151
09/14/2007,ERI,PA,AEA,CE,Combined TRACON& Tower with Radar,0,35,22,0,57,0,0,4,0,4,0,35,26,0,61,0,0,0,61
09/15/2007,ERI,PA,AEA,CE,Combined TRACON& Tower with Radar,0,25,21,0,46,0,2,5,0,7,0,27,26,0,53,2,0,2,55
09/16/2007,ERI,PA,AEA,CE,Combined TRACON& Tower with Radar,0,31,21,0,52,0,0,34,0,34,0,31,55,0,86,8,0,8,94
09/17/2007,ERI,PA,AEA,CE,Combined TRACON& Tower with Radar,0,31,11,0,42,0,0,49,0,49,0,31,60,0,91,32,0,32,123
09/18/2007,ERI,PA,AEA,CE,Combined TRACON& Tower with Radar,0,35,32,0,67,0,0,0,0,0,0,35,32,0,67,6,0,6,73
09/19/2007,ERI,PA,AEA,CE,Combined TRACON& Tower with Radar,0,37,8,7,52,0,0,15,0,15,0,37,23,7,67,20,9,29,96
09/20/2007,ERI,PA,AEA,CE,Combined TRACON& Tower with Radar,0,36,26,0,62,0,1,14,0,15,0,37,40,0,77,8,0,8,85
09/21/2007,ERI,PA,AEA,CE,Combined TRACON& Tower with Radar,0,36,22,0,58,0,0,46,0,46,0,36,68,0,104,20,0,20,124
09/22/2007,ERI,PA,AEA,CE,Combined TRACON& Tower with Radar,0,19,10,0,29,0,2,27,0,29,0,21,37,0,58,6,0,6,64
09/23/2007,ERI,PA,AEA,CE,Combined TRACON& Tower with Radar,1,21,21,0,43,0,0,51,0,51,1,21,72,0,94,34,0,34,128
09/24/2007,ERI,PA,AEA,CE,Combined TRACON& Tower with Radar,1,28,19,0,48,0,0,21,0,21,1,28,40,0,69,10,0,10,79
09/25/2007,ERI,PA,AEA,CE,Combined TRACON& Tower with Radar,0,35,17,0,52,0,2,25,0,27,0,37,42,0,79,58,0,58,137
09/26/2007,ERI,PA,AEA,CE,Combined TRACON& Tower with Radar,3,35,21,0,59,0,0,2,0,2,3,35,23,0,61,0,0,0,61
09/27/2007,ERI,PA,AEA,CE,Combined TRACON& Tower with Radar,0,40,23,0,63,0,0,0,0,0,0,40,23,0,63,0,0,0,63
09/28/2007,ERI,PA,AEA,CE,Combined TRACON& Tower with Radar,0,35,33,0,68,0,0,13,0,13,0,35,46,0,81,6,0,6,87
09/29/2007,ERI,PA,AEA,CE,Combined TRACON& Tower with Radar,2,24,11,0,37,0,1,47,0,48,2,25,58,0,85,32,0,32,117
09/30/2007,ERI,PA,AEA,CE,Combined TRACON& Tower with Radar,0,24,16,0,40,0,0,43,0,43,0,24,59,0,83,12,0,12,95
10/01/2007,ERI,PA,AEA,CE,Combined TRACON& Tower with Radar,0,35,21,0,56,0,0,8,0,8,0,35,29,0,64,2,0,2,66
10/02/2007,ERI,PA,AEA,CE,Combined TRACON& Tower with Radar,0,40,24,0,64,0,0,18,0,18,0,40,42,0,82,12,0,12,94
10/03/2007,ERI,PA,AEA,CE,Combined TRACON& Tower with Radar,2,39,23,4,68,0,0,12,0,12,2,39,35,4,80,12,4,16,96
10/04/2007,ERI,PA,AEA,CE,Combined TRACON& Tower with Radar,0,37,18,2,57,0,0,35,0,35,0,37,53,2,92,34,2,36,128
10/05/2007,ERI,PA,AEA,CE,Combined TRACON& Tower with Radar,0,37,25,0,62,0,0,35,3,38,0,37,60,3,100,36,0,36,136
10/06/2007,ERI,PA,AEA,CE,Combined TRACON& Tower with Radar,0,19,22,0,41,0,1,42,0,43,0,20,64,0,84,56,0,56,140
10/07/2007,ERI,PA,AEA,CE,Combined TRACON& Tower with Radar,0,27,14,0,41,0,2,45,0,47,0,29,59,0,88,36,0,36,124
10/08/2007,ERI,PA,AEA,CE,Combined TRACON& Tower with Radar,0,30,26,0,56,0,0,44,0,44,0,30,70,0,100,48,0,48,148
10/09/2007,ERI,PA,AEA,CE,Combined TRACON& Tower with Radar,0,36,32,0,68,0,0,10,0,10,0,36,42,0,78,2,0,2,80
10/10/2007,ERI,PA,AEA,CE,Combined TRACON& Tower with Radar,0,31,15,11,57,0,0,13,1,14,0,31,28,12,71,10,16,26,97
10/11/2007,ERI,PA,AEA,CE,Combined TRACON& Tower with Radar,0,35,24,0,59,0,0,0,0,0,0,35,24,0,59,2,0,2,61
10/12/2007,ERI,PA,AEA,CE,Combined TRACON& Tower with Radar,0,35,28,10,73,0,0,5,0,5,0,35,33,10,78,10,10,20,98
10/13/2007,ERI,PA,AEA,CE,Combined TRACON& Tower with Radar,0,18,18,0,36,0,0,17,0,17,0,18,35,0,53,16,0,16,69
10/14/2007,ERI,PA,AEA,CE,Combined TRACON& Tower with Radar,0,24,20,0,44,0,0,38,0,38,0,24,58,0,82,12,0,12,94
10/15/2007,ERI,PA,AEA,CE,Combined TRACON& Tower with Radar,0,24,19,0,43,0,1,33,0,34,0,25,52,0,77,30,0,30,107
10/16/2007,ERI,PA,AEA,CE,Combined TRACON& Tower with Radar,0,36,18,0,54,0,0,20,4,24,0,36,38,4,78,63,0,63,141
10/17/2007,ERI,PA,AEA,CE,Combined TRACON& Tower with Radar,0,44,16,5,65,0,1,35,8,44,0,45,51,13,109,52,14,66,175
10/18/2007,ERI,PA,AEA,CE,Combined TRACON& Tower with Radar,0,41,19,0,60,0,0,16,0,16,0,41,35,0,76,6,0,6,82
10/19/2007,ERI,PA,AEA,CE,Combined TRACON& Tower with Radar,0,36,21,0,57,0,0,10,0,10,0,36,31,0,67,2,0,2,69
10/20/2007,ERI,PA,AEA,CE,Combined TRACON& Tower with Radar,0,18,15,0,33,0,2,8,0,10,0,20,23,0,43,0,0,0,43
10/21/2007,ERI,PA,AEA,CE,Combined TRACON& Tower with Radar,0,23,27,0,50,0,0,10,0,10,0,23,37,0,60,10,0,10,70
10/22/2007,ERI,PA,AEA,CE,Combined TRACON& Tower with Radar,0,27,19,0,46,0,0,32,0,32,0,27,51,0,78,28,0,28,106
10/23/2007,ERI,PA,AEA,CE,Combined TRACON& Tower with Radar,0,35,25,2,62,0,0,0,0,0,0,35,25,2,62,0,2,2,64
10/24/2007,ERI,PA,AEA,CE,Combined TRACON& Tower with Radar,2,50,46,0,98,0,4,23,2,29,2,54,69,2,127,32,0,32,159
10/25/2007,ERI,PA,AEA,CE,Combined TRACON& Tower with Radar,0,32,29,3,64,0,0,30,0,30,0,32,59,3,94,54,0,54,148
10/26/2007,ERI,PA,AEA,CE,Combined TRACON& Tower with Radar,0,33,30,0,63,0,0,6,0,6,0,33,36,0,69,12,0,12,81
10/27/2007,ERI,PA,AEA,CE,Combined TRACON& Tower with Radar,0,18,14,0,32,0,0,2,0,2,0,18,16,0,34,20,0,20,54
10/28/2007,ERI,PA,AEA,CE,Combined TRACON& Tower with Radar,0,23,7,0,30,0,2,27,0,29,0,25,34,0,59,4,0,4,63
10/29/2007,ERI,PA,AEA,CE,Combined TRACON& Tower with Radar,0,29,21,0,50,0,1,24,0,25,0,30,45,0,75,30,0,30,105
10/30/2007,ERI,PA,AEA,CE,Combined TRACON& Tower with Radar,0,32,30,12,74,0,0,65,0,65,0,32,95,12,139,68,12,80,219
10/31/2007,ERI,PA,AEA,CE,Combined TRACON& Tower with Radar,0,38,25,5,68,0,0,30,0,30,0,38,55,5,98,38,6,44,142
11/01/2007,ERI,PA,AEA,CE,Combined TRACON& Tower with Radar,0,36,27,0,63,0,0,19,0,19,0,36,46,0,82,34,0,34,116
11/02/2007,ERI,PA,AEA,CE,Combined TRACON& Tower with Radar,0,33,14,0,47,0,0,38,0,38,0,33,52,0,85,36,0,36,121
11/03/2007,ERI,PA,AEA,CE,Combined TRACON& Tower with Radar,0,16,11,0,27,0,0,37,0,37,0,16,48,0,64,42,0,42,106
11/04/2007,ERI,PA,AEA,CE,Combined TRACON& Tower with Radar,0,21,10,0,31,0,0,6,0,6,0,21,16,0,37,6,0,6,43
11/05/2007,ERI,PA,AEA,CE,Combined TRACON& Tower with Radar,0,29,20,0,49,0,0,8,0,8,0,29,28,0,57,10,0,10,67
11/06/2007,ERI,PA,AEA,CE,Combined TRACON& Tower with Radar,0,35,13,0,48,0,0,0,0,0,0,35,13,0,48,0,0,0,48
11/07/2007,ERI,PA,AEA,CE,Combined TRACON& Tower with Radar,0,35,11,2,48,0,0,0,0,0,0,35,11,2,48,0,4,4,52
11/08/2007,ERI,PA,AEA,CE,Combined TRACON& Tower with Radar,0,36,6,0,42,0,2,22,0,24,0,38,28,0,66,58,0,58,124
11/09/2007,ERI,PA,AEA,CE,Combined TRACON& Tower with Radar,0,34,25,0,59,0,0,8,0,8,0,34,33,0,67,16,0,16,83
11/10/2007,ERI,PA,AEA,CE,Combined TRACON& Tower with Radar,0,31,9,0,40,0,0,5,0,5,0,31,14,0,45,34,0,34,79
11/11/2007,ERI,PA,AEA,CE,Combined TRACON& Tower with Radar,0,26,11,0,37,0,0,29,0,29,0,26,40,0,66,4,0,4,70
11/12/2007,ERI,PA,AEA,CE,Combined TRACON& Tower with Radar,0,38,23,0,61,0,0,8,0,8,0,38,31,0,69,16,0,16,85
11/13/2007,ERI,PA,AEA,CE,Combined TRACON& Tower with Radar,0,47,11,12,70,0,1,39,0,40,0,48,50,12,110,70,10,80,190
11/14/2007,ERI,PA,AEA,CE,Combined TRACON& Tower with Radar,0,35,30,0,65,0,0,11,0,11,0,35,41,0,76,18,0,18,94
11/15/2007,ERI,PA,AEA,CE,Combined TRACON& Tower with Radar,0,31,18,0,49,0,0,1,0,1,0,31,19,0,50,2,0,2,52
11/16/2007,ERI,PA,AEA,CE,Combined TRACON& Tower with Radar,0,32,4,0,36,0,0,3,1,4,0,32,7,1,40,0,0,0,40
11/17/2007,ERI,PA,AEA,CE,Combined TRACON& Tower with Radar,0,21,11,0,32,0,0,11,0,11,0,21,22,0,43,4,0,4,47
11/18/2007,ERI,PA,AEA,CE,Combined TRACON& Tower with Radar,0,24,23,0,47,0,0,28,0,28,0,24,51,0,75,25,0,25,100
11/19/2007,ERI,PA,AEA,CE,Combined TRACON& Tower with Radar,0,26,17,10,53,0,2,13,3,18,0,28,30,13,71,10,8,18,89
11/20/2007,ERI,PA,AEA,CE,Combined TRACON& Tower with Radar,0,35,15,6,56,0,0,0,0,0,0,35,15,6,56,0,6,6,62
11/21/2007,ERI,PA,AEA,CE,Combined TRACON& Tower with Radar,0,29,13,0,42,0,0,0,0,0,0,29,13,0,42,6,0,6,48
11/22/2007,ERI,PA,AEA,CE,Combined TRACON& Tower with Radar,0,16,0,0,16,0,0,0,0,0,0,16,0,0,16,0,0,0,16
11/23/2007,ERI,PA,AEA,CE,Combined TRACON& Tower with Radar,0,22,5,0,27,0,0,1,0,1,0,22,6,0,28,2,0,2,30
11/24/2007,ERI,PA,AEA,CE,Combined TRACON& Tower with Radar,0,25,6,0,31,0,0,37,0,37,0,25,43,0,68,18,0,18,86
11/25/2007,ERI,PA,AEA,CE,Combined TRACON& Tower with Radar,0,29,16,0,45,0,0,75,0,75,0,29,91,0,120,58,0,58,178
11/26/2007,ERI,PA,AEA,CE,Combined TRACON& Tower with Radar,1,25,21,0,47,0,0,0,0,0,1,25,21,0,47,0,0,0,47
11/27/2007,ERI,PA,AEA,CE,Combined TRACON& Tower with Radar,1,32,20,0,53,0,0,0,0,0,1,32,20,0,53,0,0,0,53
11/28/2007,ERI,PA,AEA,CE,Combined TRACON& Tower with Radar,0,33,23,2,58,0,1,16,1,18,0,34,39,3,76,22,0,22,98
11/29/2007,ERI,PA,AEA,CE,Combined TRACON& Tower with Radar,0,41,17,0,58,0,0,4,0,4,0,41,21,0,62,0,0,0,62
11/30/2007,ERI,PA,AEA,CE,Combined TRACON& Tower with Radar,0,41,22,0,63,0,0,0,0,0,0,41,22,0,63,20,0,20,83
12/01/2007,ERI,PA,AEA,CE,Combined TRACON& Tower with Radar,0,19,19,0,38,0,0,40,0,40,0,19,59,0,78,50,0,50,128
12/02/2007,ERI,PA,AEA,CE,Combined TRACON& Tower with Radar,0,25,15,0,40,0,0,0,0,0,0,25,15,0,40,0,0,0,40
12/03/2007,ERI,PA,AEA,CE,Combined TRACON& Tower with Radar,0,25,6,0,31,0,0,0,0,0,0,25,6,0,31,0,0,0,31
12/04/2007,ERI,PA,AEA,CE,Combined TRACON& Tower with Radar,0,29,10,0,39,0,0,0,0,0,0,29,10,0,39,0,0,0,39
12/05/2007,ERI,PA,AEA,CE,Combined TRACON& Tower with Radar,0,25,16,0,41,0,0,0,0,0,0,25,16,0,41,4,0,4,45
12/06/2007,ERI,PA,AEA,CE,Combined TRACON& Tower with Radar,0,35,31,0,66,0,2,13,1,16,0,37,44,1,82,6,0,6,88
12/07/2007,ERI,PA,AEA,CE,Combined TRACON& Tower with Radar,0,31,17,0,48,0,0,0,0,0,0,31,17,0,48,0,0,0,48
12/08/2007,ERI,PA,AEA,CE,Combined TRACON& Tower with Radar,0,19,19,0,38,0,0,20,0,20,0,19,39,0,58,26,0,26,84
12/09/2007,ERI,PA,AEA,CE,Combined TRACON& Tower with Radar,0,19,12,0,31,0,0,7,0,7,0,19,19,0,38,14,0,14,52
12/10/2007,ERI,PA,AEA,CE,Combined TRACON& Tower with Radar,2,29,12,0,43,0,0,0,0,0,2,29,12,0,43,0,0,0,43
12/11/2007,ERI,PA,AEA,CE,Combined TRACON& Tower with Radar,0,34,14,0,48,0,0,0,0,0,0,34,14,0,48,0,0,0,48
12/12/2007,ERI,PA,AEA,CE,Combined TRACON& Tower with Radar,2,38,30,0,70,0,0,23,0,23,2,38,53,0,93,24,0,24,117
12/13/2007,ERI,PA,AEA,CE,Combined TRACON& Tower with Radar,0,23,9,0,32,0,0,0,0,0,0,23,9,0,32,0,0,0,32
12/14/2007,ERI,PA,AEA,CE,Combined TRACON& Tower with Radar,0,35,15,0,50,0,0,0,0,0,0,35,15,0,50,6,0,6,56
12/15/2007,ERI,PA,AEA,CE,Combined TRACON& Tower with Radar,0,16,5,0,21,0,0,18,0,18,0,16,23,0,39,22,0,22,61
12/16/2007,ERI,PA,AEA,CE,Combined TRACON& Tower with Radar,0,4,1,0,5,0,0,0,0,0,0,4,1,0,5,0,0,0,5
12/17/2007,ERI,PA,AEA,CE,Combined TRACON& Tower with Radar,0,23,14,0,37,0,0,0,0,0,0,23,14,0,37,0,0,0,37
12/18/2007,ERI,PA,AEA,CE,Combined TRACON& Tower with Radar,0,29,26,0,55,0,0,19,1,20,0,29,45,1,75,20,0,20,95
12/19/2007,ERI,PA,AEA,CE,Combined TRACON& Tower with Radar,0,34,14,0,48,0,0,0,0,0,0,34,14,0,48,0,0,0,48
12/20/2007,ERI,PA,AEA,CE,Combined TRACON& Tower with Radar,0,29,14,2,45,0,0,28,0,28,0,29,42,2,73,16,0,16,89
12/21/2007,ERI,PA,AEA,CE,Combined TRACON& Tower with Radar,0,38,17,0,55,0,0,12,0,12,0,38,29,0,67,28,0,28,95
12/22/2007,ERI,PA,AEA,CE,Combined TRACON& Tower with Radar,0,20,5,0,25,0,0,10,0,10,0,20,15,0,35,0,0,0,35
12/23/2007,ERI,PA,AEA,CE,Combined TRACON& Tower with Radar,0,24,7,0,31,0,0,1,0,1,0,24,8,0,32,0,0,0,32
12/24/2007,ERI,PA,AEA,CE,Combined TRACON& Tower with Radar,0,25,3,0,28,0,2,0,0,2,0,27,3,0,30,0,0,0,30
12/25/2007,ERI,PA,AEA,CE,Combined TRACON& Tower with Radar,0,24,0,0,24,0,0,2,0,2,0,24,2,0,26,0,0,0,26
12/26/2007,ERI,PA,AEA,CE,Combined TRACON& Tower with Radar,0,26,17,0,43,0,0,44,0,44,0,26,61,0,87,59,0,59,146
12/27/2007,ERI,PA,AEA,CE,Combined TRACON& Tower with Radar,0,30,6,4,40,0,0,0,0,0,0,30,6,4,40,0,0,0,40
12/28/2007,ERI,PA,AEA,CE,Combined TRACON& Tower with Radar,0,35,16,0,51,0,0,7,1,8,0,35,23,1,59,4,0,4,63
12/29/2007,ERI,PA,AEA,CE,Combined TRACON& Tower with Radar,0,19,3,0,22,0,0,1,0,1,0,19,4,0,23,0,0,0,23
12/30/2007,ERI,PA,AEA,CE,Combined TRACON& Tower with Radar,0,22,4,0,26,0,8,9,0,17,0,30,13,0,43,14,0,14,57
12/31/2007,ERI,PA,AEA,CE,Combined TRACON& Tower with Radar,0,21,7,0,28,0,0,3,0,3,0,21,10,0,31,3,1,4,35
01/01/2008,ERI,PA,AEA,CE,Combined TRACON& Tower with Radar,0,14,1,0,15,0,0,0,0,0,0,14,1,0,15,0,0,0,15
01/02/2008,ERI,PA,AEA,CE,Combined TRACON& Tower with Radar,0,28,11,0,39,0,0,15,0,15,0,28,26,0,54,6,0,6,60
01/03/2008,ERI,PA,AEA,CE,Combined TRACON& Tower with Radar,0,32,13,0,45,0,0,1,0,1,0,32,14,0,46,4,0,4,50
01/04/2008,ERI,PA,AEA,CE,Combined TRACON& Tower with Radar,0,32,8,0,40,0,0,16,0,16,0,32,24,0,56,0,0,0,56
01/05/2008,ERI,PA,AEA,CE,Combined TRACON& Tower with Radar,0,19,11,0,30,0,0,1,0,1,0,19,12,0,31,0,0,0,31
01/06/2008,ERI,PA,AEA,CE,Combined TRACON& Tower with Radar,0,21,5,0,26,0,0,0,0,0,0,21,5,0,26,0,0,0,26
01/07/2008,ERI,PA,AEA,CE,Combined TRACON& Tower with Radar,0,21,12,0,33,0,0,5,0,5,0,21,17,0,38,1,0,1,39
01/08/2008,ERI,PA,AEA,CE,Combined TRACON& Tower with Radar,0,22,8,0,30,0,0,6,0,6,0,22,14,0,36,0,0,0,36
01/09/2008,ERI,PA,AEA,CE,Combined TRACON& Tower with Radar,0,26,12,0,38,0,0,1,0,1,0,26,13,0,39,0,0,0,39
01/10/2008,ERI,PA,AEA,CE,Combined TRACON& Tower with Radar,0,32,25,0,57,0,1,20,0,21,0,33,45,0,78,28,0,28,106
01/11/2008,ERI,PA,AEA,CE,Combined TRACON& Tower with Radar,0,34,8,1,43,0,0,1,0,1,0,34,9,1,44,0,0,0,44
01/12/2008,ERI,PA,AEA,CE,Combined TRACON& Tower with Radar,0,17,6,2,25,0,0,14,0,14,0,17,20,2,39,22,0,22,61
01/13/2008,ERI,PA,AEA,CE,Combined TRACON& Tower with Radar,0,17,5,0,22,0,3,10,0,13,0,20,15,0,35,12,0,12,47
01/14/2008,ERI,PA,AEA,CE,Combined TRACON& Tower with Radar,0,22,10,0,32,0,0,0,0,0,0,22,10,0,32,0,0,0,32
01/15/2008,ERI,PA,AEA,CE,Combined TRACON& Tower with Radar,0,26,17,0,43,0,0,0,0,0,0,26,17,0,43,0,0,0,43
01/16/2008,ERI,PA,AEA,CE,Combined TRACON& Tower with Radar,0,27,17,0,44,0,0,3,0,3,0,27,20,0,47,0,0,0,47
01/17/2008,ERI,PA,AEA,CE,Combined TRACON& Tower with Radar,0,31,11,6,48,0,0,6,0,6,0,31,17,6,54,6,10,16,70
01/18/2008,ERI,PA,AEA,CE,Combined TRACON& Tower with Radar,0,29,10,0,39,0,0,6,0,6,0,29,16,0,45,12,0,12,57
01/19/2008,ERI,PA,AEA,CE,Combined TRACON& Tower with Radar,0,20,7,0,27,0,0,0,0,0,0,20,7,0,27,0,0,0,27
01/20/2008,ERI,PA,AEA,CE,Combined TRACON& Tower with Radar,0,12,7,0,19,0,0,0,0,0,0,12,7,0,19,0,0,0,19
01/21/2008,ERI,PA,AEA,CE,Combined TRACON& Tower with Radar,0,19,6,0,25,0,0,7,0,7,0,19,13,0,32,6,0,6,38
01/22/2008,ERI,PA,AEA,CE,Combined TRACON& Tower with Radar,0,23,19,0,42,0,0,0,0,0,0,23,19,0,42,0,0,0,42
01/23/2008,ERI,PA,AEA,CE,Combined TRACON& Tower with Radar,0,23,15,0,38,0,0,1,0,1,0,23,16,0,39,0,0,0,39
01/24/2008,ERI,PA,AEA,CE,Combined TRACON& Tower with Radar,0,25,8,0,33,0,0,0,0,0,0,25,8,0,33,10,10,20,53
01/25/2008,ERI,PA,AEA,CE,Combined TRACON& Tower with Radar,0,29,17,0,46,0,6,17,0,23,0,35,34,0,69,0,0,0,69
01/26/2008,ERI,PA,AEA,CE,Combined TRACON& Tower with Radar,0,19,2,0,21,0,0,2,0,2,0,19,4,0,23,0,0,0,23
01/27/2008,ERI,PA,AEA,CE,Combined TRACON& Tower with Radar,0,19,1,0,20,0,0,9,0,9,0,19,10,0,29,0,0,0,29
01/28/2008,ERI,PA,AEA,CE,Combined TRACON& Tower with Radar,2,22,12,0,36,0,2,11,0,13,2,24,23,0,49,40,0,40,89
01/29/2008,ERI,PA,AEA,CE,Combined TRACON& Tower with Radar,0,23,10,6,39,0,0,0,0,0,0,23,10,6,39,0,0,0,39
01/30/2008,ERI,PA,AEA,CE,Combined TRACON& Tower with Radar,0,23,7,0,30,0,1,0,0,1,0,24,7,0,31,0,0,0,31
01/31/2008,ERI,PA,AEA,CE,Combined TRACON& Tower with Radar,0,28,12,1,41,0,0,12,3,15,0,28,24,4,56,12,0,12,68
02/01/2008,ERI,PA,AEA,CE,Combined TRACON& Tower with Radar,0,23,7,0,30,0,0,0,0,0,0,23,7,0,30,0,0,0,30
02/02/2008,ERI,PA,AEA,CE,Combined TRACON& Tower with Radar,0,22,6,0,28,0,0,3,0,3,0,22,9,0,31,0,0,0,31
02/03/2008,ERI,PA,AEA,CE,Combined TRACON& Tower with Radar,0,17,14,0,31,0,0,8,0,8,0,17,22,0,39,24,0,24,63
02/04/2008,ERI,PA,AEA,CE,Combined TRACON& Tower with Radar,0,23,23,0,46,0,0,0,0,0,0,23,23,0,46,4,0,4,50
02/05/2008,ERI,PA,AEA,CE,Combined TRACON& Tower with Radar,0,24,16,0,40,0,0,0,0,0,0,24,16,0,40,0,0,0,40
02/06/2008,ERI,PA,AEA,CE,Combined TRACON& Tower with Radar,0,26,16,0,42,0,0,0,0,0,0,26,16,0,42,0,0,0,42
02/07/2008,ERI,PA,AEA,CE,Combined TRACON& Tower with Radar,0,33,11,2,46,0,0,0,0,0,0,33,11,2,46,0,0,0,46
02/08/2008,ERI,PA,AEA,CE,Combined TRACON& Tower with Radar,0,28,14,1,43,0,0,0,2,2,0,28,14,3,45,0,0,0,45
02/09/2008,ERI,PA,AEA,CE,Combined TRACON& Tower with Radar,0,18,6,0,24,0,0,0,2,2,0,18,6,2,26,0,0,0,26
02/10/2008,ERI,PA,AEA,CE,Combined TRACON& Tower with Radar,0,16,5,3,24,0,0,0,0,0,0,16,5,3,24,0,0,0,24
02/11/2008,ERI,PA,AEA,CE,Combined TRACON& Tower with Radar,0,19,16,0,35,0,0,0,0,0,0,19,16,0,35,0,0,0,35
02/12/2008,ERI,PA,AEA,CE,Combined TRACON& Tower with Radar,0,19,15,0,34,0,0,0,0,0,0,19,15,0,34,2,1,3,37
02/13/2008,ERI,PA,AEA,CE,Combined TRACON& Tower with Radar,0,13,25,7,45,0,0,2,0,2,0,13,27,7,47,4,8,12,59
02/14/2008,ERI,PA,AEA,CE,Combined TRACON& Tower with Radar,0,34,20,1,55,0,5,23,0,28,0,39,43,1,83,46,0,46,129
02/15/2008,ERI,PA,AEA,CE,Combined TRACON& Tower with Radar,0,29,15,0,44,0,0,4,0,4,0,29,19,0,48,24,0,24,72
02/16/2008,ERI,PA,AEA,CE,Combined TRACON& Tower with Radar,0,19,18,0,37,0,0,31,1,32,0,19,49,1,69,54,0,54,123
02/17/2008,ERI,PA,AEA,CE,Combined TRACON& Tower with Radar,0,13,1,0,14,0,0,0,0,0,0,13,1,0,14,0,0,0,14
02/18/2008,ERI,PA,AEA,CE,Combined TRACON& Tower with Radar,0,7,1,0,8,0,15,6,0,21,0,22,7,0,29,0,0,0,29
02/19/2008,ERI,PA,AEA,CE,Combined TRACON& Tower with Radar,0,26,12,0,38,0,0,0,0,0,0,26,12,0,38,2,0,2,40
02/20/2008,ERI,PA,AEA,CE,Combined TRACON& Tower with Radar,0,31,15,0,46,0,0,1,0,1,0,31,16,0,47,4,0,4,51
02/21/2008,ERI,PA,AEA,CE,Combined TRACON& Tower with Radar,0,38,19,0,57,0,1,33,0,34,0,39,52,0,91,22,0,22,113
02/22/2008,ERI,PA,AEA,CE,Combined TRACON& Tower with Radar,0,30,7,0,37,0,0,1,0,1,0,30,8,0,38,0,0,0,38
02/23/2008,ERI,PA,AEA,CE,Combined TRACON& Tower with Radar,0,20,11,0,31,0,0,15,0,15,0,20,26,0,46,30,0,30,76
02/24/2008,ERI,PA,AEA,CE,Combined TRACON& Tower with Radar,0,19,18,0,37,0,0,25,0,25,0,19,43,0,62,44,0,44,106
02/25/2008,ERI,PA,AEA,CE,Combined TRACON& Tower with Radar,0,24,15,0,39,0,0,9,0,9,0,24,24,0,48,8,0,8,56
02/26/2008,ERI,PA,AEA,CE,Combined TRACON& Tower with Radar,0,24,3,0,27,0,0,0,9,9,0,24,3,9,36,0,0,0,36
02/27/2008,ERI,PA,AEA,CE,Combined TRACON& Tower with Radar,0,33,18,9,60,0,0,1,2,3,0,33,19,11,63,0,8,8,71
02/28/2008,ERI,PA,AEA,CE,Combined TRACON& Tower with Radar,0,32,22,0,54,0,2,15,0,17,0,34,37,0,71,20,0,20,91
02/29/2008,ERI,PA,AEA,CE,Combined TRACON& Tower with Radar,0,28,20,0,48,0,0,4,0,4,0,28,24,0,52,8,0,8,60
03/01/2008,ERI,PA,AEA,CE,Combined TRACON& Tower with Radar,0,22,4,0,26,0,0,3,1,4,0,22,7,1,30,8,0,8,38
03/02/2008,ERI,PA,AEA,CE,Combined TRACON& Tower with Radar,0,22,20,0,42,0,1,29,0,30,0,23,49,0,72,28,0,28,100
03/03/2008,ERI,PA,AEA,CE,Combined TRACON& Tower with Radar,0,25,8,0,33,0,0,4,0,4,0,25,12,0,37,0,0,0,37
03/04/2008,ERI,PA,AEA,CE,Combined TRACON& Tower with Radar,0,13,5,0,18,0,0,0,0,0,0,13,5,0,18,0,0,0,18
03/05/2008,ERI,PA,AEA,CE,Combined TRACON& Tower with Radar,0,18,10,0,28,0,0,0,0,0,0,18,10,0,28,0,0,0,28
03/06/2008,ERI,PA,AEA,CE,Combined TRACON& Tower with Radar,0,32,48,9,89,0,0,10,0,10,0,32,58,9,99,12,16,28,127
03/07/2008,ERI,PA,AEA,CE,Combined TRACON& Tower with Radar,0,25,6,0,31,0,0,0,0,0,0,25,6,0,31,2,0,2,33
03/08/2008,ERI,PA,AEA,CE,Combined TRACON& Tower with Radar,0,0,5,0,5,0,0,0,0,0,0,0,5,0,5,0,0,0,5
03/09/2008,ERI,PA,AEA,CE,Combined TRACON& Tower with Radar,0,14,9,0,23,0,0,12,0,12,0,14,21,0,35,2,0,2,37
03/10/2008,ERI,PA,AEA,CE,Combined TRACON& Tower with Radar,0,25,8,0,33,0,0,20,0,20,0,25,28,0,53,22,0,22,75
03/11/2008,ERI,PA,AEA,CE,Combined TRACON& Tower with Radar,0,24,12,0,36,0,0,3,0,3,0,24,15,0,39,2,0,2,41
03/12/2008,ERI,PA,AEA,CE,Combined TRACON& Tower with Radar,0,29,19,0,48,0,0,13,0,13,0,29,32,0,61,8,0,8,69
03/13/2008,ERI,PA,AEA,CE,Combined TRACON& Tower with Radar,0,33,16,0,49,0,2,19,0,21,0,35,35,0,70,20,0,20,90
03/14/2008,ERI,PA,AEA,CE,Combined TRACON& Tower with Radar,0,34,17,0,51,0,0,18,2,20,0,34,35,2,71,18,0,18,89
03/15/2008,ERI,PA,AEA,CE,Combined TRACON& Tower with Radar,1,13,13,0,27,0,0,2,0,2,1,13,15,0,29,22,0,22,51
03/16/2008,ERI,PA,AEA,CE,Combined TRACON& Tower with Radar,0,20,6,0,26,0,1,10,1,12,0,21,16,1,38,8,0,8,46
03/17/2008,ERI,PA,AEA,CE,Combined TRACON& Tower with Radar,0,27,25,0,52,0,0,33,0,33,0,27,58,0,85,48,0,48,133
03/18/2008,ERI,PA,AEA,CE,Combined TRACON& Tower with Radar,0,32,3,0,35,0,0,0,0,0,0,32,3,0,35,2,0,2,37
03/19/2008,ERI,PA,AEA,CE,Combined TRACON& Tower with Radar,0,26,5,2,33,0,0,0,0,0,0,26,5,2,33,0,0,0,33
03/20/2008,ERI,PA,AEA,CE,Combined TRACON& Tower with Radar,0,38,16,0,54,0,1,36,4,41,0,39,52,4,95,29,0,29,124
03/21/2008,ERI,PA,AEA,CE,Combined TRACON& Tower with Radar,0,29,19,1,49,0,0,26,0,26,0,29,45,1,75,42,0,42,117
03/22/2008,ERI,PA,AEA,CE,Combined TRACON& Tower with Radar,0,22,0,0,22,0,1,26,0,27,0,23,26,0,49,26,0,26,75
03/23/2008,ERI,PA,AEA,CE,Combined TRACON& Tower with Radar,0,17,9,0,26,0,0,6,0,6,0,17,15,0,32,2,0,2,34
03/24/2008,ERI,PA,AEA,CE,Combined TRACON& Tower with Radar,0,26,11,0,37,0,0,4,0,4,0,26,15,0,41,2,0,2,43
03/25/2008,ERI,PA,AEA,CE,Combined TRACON& Tower with Radar,0,31,33,0,64,0,0,5,0,5,0,31,38,0,69,6,0,6,75
03/26/2008,ERI,PA,AEA,CE,Combined TRACON& Tower with Radar,0,36,11,0,47,0,0,8,0,8,0,36,19,0,55,4,0,4,59
03/27/2008,ERI,PA,AEA,CE,Combined TRACON& Tower with Radar,0,29,24,0,53,0,0,14,0,14,0,29,38,0,67,12,0,12,79
03/28/2008,ERI,PA,AEA,CE,Combined TRACON& Tower with Radar,0,32,13,0,45,0,0,3,0,3,0,32,16,0,48,0,0,0,48
03/29/2008,ERI,PA,AEA,CE,Combined TRACON& Tower with Radar,0,21,7,0,28,0,0,46,0,46,0,21,53,0,74,38,0,38,112
03/30/2008,ERI,PA,AEA,CE,Combined TRACON& Tower with Radar,0,22,14,0,36,0,0,9,0,9,0,22,23,0,45,10,0,10,55
03/31/2008,ERI,PA,AEA,CE,Combined TRACON& Tower with Radar,2,26,14,0,42,0,7,20,0,27,2,33,34,0,69,0,0,0,69
04/01/2008,ERI,PA,AEA,CE,Combined TRACON& Tower with Radar,0,31,6,0,37,0,6,0,0,6,0,37,6,0,43,0,0,0,43
04/02/2008,ERI,PA,AEA,CE,Combined TRACON& Tower with Radar,2,30,19,12,63,0,0,27,0,27,2,30,46,12,90,38,6,44,134
04/03/2008,ERI,PA,AEA,CE,Combined TRACON& Tower with Radar,0,32,19,0,51,0,0,33,0,33,0,32,52,0,84,22,0,22,106
04/04/2008,ERI,PA,AEA,CE,Combined TRACON& Tower with Radar,0,31,13,0,44,0,0,2,0,2,0,31,15,0,46,0,0,0,46
04/05/2008,ERI,PA,AEA,CE,Combined TRACON& Tower with Radar,0,16,13,0,29,0,0,17,0,17,0,16,30,0,46,22,0,22,68
04/06/2008,ERI,PA,AEA,CE,Combined TRACON& Tower with Radar,1,23,10,0,34,0,3,32,0,35,1,26,42,0,69,26,0,26,95
04/07/2008,ERI,PA,AEA,CE,Combined TRACON& Tower with Radar,0,29,22,0,51,0,0,22,0,22,0,29,44,0,73,19,0,19,92
04/08/2008,ERI,PA,AEA,CE,Combined TRACON& Tower with Radar,0,31,23,11,65,0,0,24,0,24,0,31,47,11,89,22,18,40,129
04/09/2008,ERI,PA,AEA,CE,Combined TRACON& Tower with Radar,0,29,18,0,47,0,2,10,0,12,0,31,28,0,59,1,0,1,60
04/10/2008,ERI,PA,AEA,CE,Combined TRACON& Tower with Radar,0,30,17,0,47,0,0,28,0,28,0,30,45,0,75,43,0,43,118
04/11/2008,ERI,PA,AEA,CE,Combined TRACON& Tower with Radar,0,29,21,0,50,0,1,0,0,1,0,30,21,0,51,0,0,0,51
04/12/2008,ERI,PA,AEA,CE,Combined TRACON& Tower with Radar,0,12,3,0,15,0,4,4,0,8,0,16,7,0,23,8,0,8,31
04/13/2008,ERI,PA,AEA,CE,Combined TRACON& Tower with Radar,0,19,8,0,27,0,7,2,0,9,0,26,10,0,36,4,0,4,40
04/14/2008,ERI,PA,AEA,CE,Combined TRACON& Tower with Radar,0,28,20,0,48,0,0,23,0,23,0,28,43,0,71,12,8,20,91
04/15/2008,ERI,PA,AEA,CE,Combined TRACON& Tower with Radar,0,32,20,0,52,0,0,34,0,34,0,32,54,0,86,58,0,58,144
04/16/2008,ERI,PA,AEA,CE,Combined TRACON& Tower with Radar,0,29,10,2,41,0,0,28,0,28,0,29,38,2,69,24,0,24,93
04/17/2008,ERI,PA,AEA,CE,Combined TRACON& Tower with Radar,0,33,18,8,59,0,1,12,0,13,0,34,30,8,72,36,6,42,114
04/18/2008,ERI,PA,AEA,CE,Combined TRACON& Tower with Radar,2,30,21,0,53,0,0,34,0,34,2,30,55,0,87,32,0,32,119
04/19/2008,ERI,PA,AEA,CE,Combined TRACON& Tower with Radar,0,22,9,0,31,0,1,20,0,21,0,23,29,0,52,4,0,4,56
04/20/2008,ERI,PA,AEA,CE,Combined TRACON& Tower with Radar,0,19,9,0,28,0,0,19,0,19,0,19,28,0,47,30,0,30,77
04/21/2008,ERI,PA,AEA,CE,Combined TRACON& Tower with Radar,0,28,23,0,51,0,0,16,0,16,0,28,39,0,67,10,0,10,77
04/22/2008,ERI,PA,AEA,CE,Combined TRACON& Tower with Radar,0,45,62,1,108,0,0,28,0,28,0,45,90,1,136,36,0,36,172
04/23/2008,ERI,PA,AEA,CE,Combined TRACON& Tower with Radar,0,41,46,0,87,0,1,12,0,13,0,42,58,0,100,30,0,30,130
04/24/2008,ERI,PA,AEA,CE,Combined TRACON& Tower with Radar,0,29,22,0,51,0,0,15,0,15,0,29,37,0,66,5,0,5,71
04/25/2008,ERI,PA,AEA,CE,Combined TRACON& Tower with Radar,0,33,18,1,52,0,0,9,0,9,0,33,27,1,61,4,0,4,65
04/26/2008,ERI,PA,AEA,CE,Combined TRACON& Tower with Radar,0,20,6,1,27,0,10,4,0,14,0,30,10,1,41,2,0,2,43
04/27/2008,ERI,PA,AEA,CE,Combined TRACON& Tower with Radar,0,19,46,0,65,0,0,0,0,0,0,19,46,0,65,46,0,46,111
04/28/2008,ERI,PA,AEA,CE,Combined TRACON& Tower with Radar,0,27,14,4,45,0,0,0,0,0,0,27,14,4,45,0,0,0,45
04/29/2008,ERI,PA,AEA,CE,Combined TRACON& Tower with Radar,0,30,21,0,51,0,0,8,0,8,0,30,29,0,59,12,0,12,71
04/30/2008,ERI,PA,AEA,CE,Combined TRACON& Tower with Radar,2,38,11,2,53,0,0,21,3,24,2,38,32,5,77,2,0,2,79
05/01/2008,ERI,PA,AEA,CE,Combined TRACON& Tower with Radar,0,29,17,2,48,0,1,7,0,8,0,30,24,2,56,2,8,10,66
05/02/2008,ERI,PA,AEA,CE,Combined TRACON& Tower with Radar,0,29,16,0,45,0,0,1,0,1,0,29,17,0,46,8,0,8,54
05/03/2008,ERI,PA,AEA,CE,Combined TRACON& Tower with Radar,0,23,6,0,29,0,1,4,0,5,0,24,10,0,34,8,0,8,42
05/04/2008,ERI,PA,AEA,CE,Combined TRACON& Tower with Radar,0,22,14,0,36,0,1,31,1,33,0,23,45,1,69,46,0,46,115
05/05/2008,ERI,PA,AEA,CE,Combined TRACON& Tower with Radar,0,26,24,0,50,0,0,40,0,40,0,26,64,0,90,22,0,22,112
05/06/2008,ERI,PA,AEA,CE,Combined TRACON& Tower with Radar,0,33,23,0,56,0,0,25,0,25,0,33,48,0,81,18,0,18,99
05/07/2008,ERI,PA,AEA,CE,Combined TRACON& Tower with Radar,0,33,20,2,55,0,0,2,0,2,0,33,22,2,57,6,0,6,63
05/08/2008,ERI,PA,AEA,CE,Combined TRACON& Tower with Radar,0,31,22,0,53,0,0,27,0,27,0,31,49,0,80,50,0,50,130
05/09/2008,ERI,PA,AEA,CE,Combined TRACON& Tower with Radar,0,29,19,0,48,0,0,17,0,17,0,29,36,0,65,24,0,24,89
05/10/2008,ERI,PA,AEA,CE,Combined TRACON& Tower with Radar,0,21,15,0,36,0,0,41,0,41,0,21,56,0,77,4,0,4,81
05/11/2008,ERI,PA,AEA,CE,Combined TRACON& Tower with Radar,0,17,8,0,25,0,0,2,1,3,0,17,10,1,28,2,0,2,30
05/12/2008,ERI,PA,AEA,CE,Combined TRACON& Tower with Radar,0,23,20,0,43,0,0,6,0,6,0,23,26,0,49,26,0,26,75
05/13/2008,ERI,PA,AEA,CE,Combined TRACON& Tower with Radar,0,34,32,8,74,0,0,42,0,42,0,34,74,8,116,16,6,22,138
05/14/2008,ERI,PA,AEA,CE,Combined TRACON& Tower with Radar,0,34,15,10,59,0,0,9,4,13,0,34,24,14,72,4,10,14,86
05/15/2008,ERI,PA,AEA,CE,Combined TRACON& Tower with Radar,0,35,17,0,52,0,0,44,1,45,0,35,61,1,97,28,0,28,125
05/16/2008,ERI,PA,AEA,CE,Combined TRACON& Tower with Radar,0,30,32,1,63,0,0,32,0,32,0,30,64,1,95,36,2,38,133
05/17/2008,ERI,PA,AEA,CE,Combined TRACON& Tower with Radar,0,19,15,0,34,0,2,17,0,19,0,21,32,0,53,6,0,6,59
05/18/2008,ERI,PA,AEA,CE,Combined TRACON& Tower with Radar,0,22,10,0,32,0,0,5,0,5,0,22,15,0,37,0,0,0,37
05/19/2008,ERI,PA,AEA,CE,Combined TRACON& Tower with Radar,2,26,21,0,49,0,0,12,0,12,2,26,33,0,61,12,0,12,73
05/20/2008,ERI,PA,AEA,CE,Combined TRACON& Tower with Radar,0,36,22,0,58,0,0,20,0,20,0,36,42,0,78,10,0,10,88
05/21/2008,ERI,PA,AEA,CE,Combined TRACON& Tower with Radar,2,39,29,0,70,0,0,3,0,3,2,39,32,0,73,36,0,36,109
05/22/2008,ERI,PA,AEA,CE,Combined TRACON& Tower with Radar,0,33,33,0,66,0,1,9,0,10,0,34,42,0,76,30,0,30,106
05/23/2008,ERI,PA,AEA,CE,Combined TRACON& Tower with Radar,0,32,26,0,58,0,0,30,0,30,0,32,56,0,88,18,0,18,106
05/24/2008,ERI,PA,AEA,CE,Combined TRACON& Tower with Radar,0,17,14,0,31,0,0,25,0,25,0,17,39,0,56,18,0,18,74
05/25/2008,ERI,PA,AEA,CE,Combined TRACON& Tower with Radar,0,16,14,0,30,0,9,36,0,45,0,25,50,0,75,280,0,280,355
05/26/2008,ERI,PA,AEA,CE,Combined TRACON& Tower with Radar,0,25,9,0,34,0,2,11,0,13,0,27,20,0,47,6,0,6,53
05/27/2008,ERI,PA,AEA,CE,Combined TRACON& Tower with Radar,0,29,17,12,58,0,0,12,0,12,0,29,29,12,70,8,14,22,92
05/28/2008,ERI,PA,AEA,CE,Combined TRACON& Tower with Radar,0,32,24,0,56,0,1,44,2,47,0,33,68,2,103,29,2,31,134
05/29/2008,ERI,PA,AEA,CE,Combined TRACON& Tower with Radar,0,34,25,4,63,0,0,32,0,32,0,34,57,4,95,36,2,38,133
05/30/2008,ERI,PA,AEA,CE,Combined TRACON& Tower with Radar,0,30,22,0,52,0,0,26,0,26,0,30,48,0,78,38,0,38,116
05/31/2008,ERI,PA,AEA,CE,Combined TRACON& Tower with Radar,0,19,4,0,23,0,0,6,0,6,0,19,10,0,29,0,0,0,29
06/01/2008,ERI,PA,AEA,CE,Combined TRACON& Tower with Radar,0,19,16,0,35,0,0,18,0,18,0,19,34,0,53,42,0,42,95
06/02/2008,ERI,PA,AEA,CE,Combined TRACON& Tower with Radar,0,27,17,0,44,0,1,30,0,31,0,28,47,0,75,12,0,12,87
06/03/2008,ERI,PA,AEA,CE,Combined TRACON& Tower with Radar,0,28,14,0,42,0,0,5,0,5,0,28,19,0,47,0,0,0,47
06/04/2008,ERI,PA,AEA,CE,Combined TRACON& Tower with Radar,0,27,28,0,55,0,0,0,0,0,0,27,28,0,55,2,0,2,57
06/05/2008,ERI,PA,AEA,CE,Combined TRACON& Tower with Radar,0,30,28,0,58,0,0,22,0,22,0,30,50,0,80,33,0,33,113
06/06/2008,ERI,PA,AEA,CE,Combined TRACON& Tower with Radar,0,30,17,0,47,0,1,24,0,25,0,31,41,0,72,21,0,21,93
06/07/2008,ERI,PA,AEA,CE,Combined TRACON& Tower with Radar,0,22,10,0,32,0,4,16,0,20,0,26,26,0,52,0,0,0,52
06/08/2008,ERI,PA,AEA,CE,Combined TRACON& Tower with Radar,0,23,14,0,37,0,0,30,0,30,0,23,44,0,67,18,0,18,85
06/09/2008,ERI,PA,AEA,CE,Combined TRACON& Tower with Radar,0,26,38,2,66,0,0,18,0,18,0,26,56,2,84,16,4,20,104
06/10/2008,ERI,PA,AEA,CE,Combined TRACON& Tower with Radar,0,27,3,0,30,0,2,3,0,5,0,29,6,0,35,0,0,0,35
06/11/2008,ERI,PA,AEA,CE,Combined TRACON& Tower with Radar,0,29,26,0,55,0,0,38,0,38,0,29,64,0,93,10,0,10,103
06/12/2008,ERI,PA,AEA,CE,Combined TRACON& Tower with Radar,0,36,20,0,56,0,0,39,2,41,0,36,59,2,97,22,0,22,119
06/13/2008,ERI,PA,AEA,CE,Combined TRACON& Tower with Radar,0,35,9,2,46,0,0,0,0,0,0,35,9,2,46,13,0,13,59
06/14/2008,ERI,PA,AEA,CE,Combined TRACON& Tower with Radar,0,21,8,0,29,0,0,11,3,14,0,21,19,3,43,12,2,14,57
06/15/2008,ERI,PA,AEA,CE,Combined TRACON& Tower with Radar,0,27,12,0,39,0,3,39,0,42,0,30,51,0,81,14,0,14,95
06/16/2008,ERI,PA,AEA,CE,Combined TRACON& Tower with Radar,0,30,21,0,51,0,2,24,0,26,0,32,45,0,77,18,0,18,95
06/17/2008,ERI,PA,AEA,CE,Combined TRACON& Tower with Radar,0,35,31,0,66,0,0,18,0,18,0,35,49,0,84,11,0,11,95
06/18/2008,ERI,PA,AEA,CE,Combined TRACON& Tower with Radar,0,37,38,0,75,0,0,7,4,11,0,37,45,4,86,16,0,16,102
06/19/2008,ERI,PA,AEA,CE,Combined TRACON& Tower with Radar,0,33,29,0,62,0,8,17,0,25,0,41,46,0,87,28,0,28,115
06/20/2008,ERI,PA,AEA,CE,Combined TRACON& Tower with Radar,0,33,16,0,49,0,4,33,1,38,0,37,49,1,87,40,0,40,127
06/21/2008,ERI,PA,AEA,CE,Combined TRACON& Tower with Radar,0,26,7,0,33,0,0,17,0,17,0,26,24,0,50,8,0,8,58
06/22/2008,ERI,PA,AEA,CE,Combined TRACON& Tower with Radar,0,20,19,0,39,0,0,14,0,14,0,20,33,0,53,10,0,10,63
06/23/2008,ERI,PA,AEA,CE,Combined TRACON& Tower with Radar,0,30,16,0,46,0,0,7,0,7,0,30,23,0,53,8,0,8,61
06/24/2008,ERI,PA,AEA,CE,Combined TRACON& Tower with Radar,0,34,22,0,56,0,2,26,0,28,0,36,48,0,84,61,0,61,145
06/25/2008,ERI,PA,AEA,CE,Combined TRACON& Tower with Radar,2,34,35,0,71,0,0,27,0,27,2,34,62,0,98,22,0,22,120
06/26/2008,ERI,PA,AEA,CE,Combined TRACON& Tower with Radar,0,37,16,0,53,0,0,17,0,17,0,37,33,0,70,10,0,10,80
06/27/2008,ERI,PA,AEA,CE,Combined TRACON& Tower with Radar,0,34,16,0,50,0,5,14,0,19,0,39,30,0,69,10,0,10,79
06/28/2008,ERI,PA,AEA,CE,Combined TRACON& Tower with Radar,0,24,5,0,29,0,0,23,0,23,0,24,28,0,52,12,0,12,64
06/29/2008,ERI,PA,AEA,CE,Combined TRACON& Tower with Radar,0,21,22,0,43,0,0,8,0,8,0,21,30,0,51,12,0,12,63
06/30/2008,ERI,PA,AEA,CE,Combined TRACON& Tower with Radar,0,25,17,0,42,0,0,1,0,1,0,25,18,0,43,0,0,0,43
07/01/2008,ERI,PA,AEA,CE,Combined TRACON& Tower with Radar,0,28,12,0,40,0,0,51,0,51,0,28,63,0,91,18,0,18,109
07/02/2008,ERI,PA,AEA,CE,Combined TRACON& Tower with Radar,0,28,79,0,107,0,0,56,0,56,0,28,135,0,163,38,0,38,201
07/03/2008,ERI,PA,AEA,CE,Combined TRACON& Tower with Radar,0,36,17,0,53,0,0,4,0,4,0,36,21,0,57,14,0,14,71
07/04/2008,ERI,PA,AEA,CE,Combined TRACON& Tower with Radar,0,21,18,0,39,0,2,44,0,46,0,23,62,0,85,44,0,44,129
07/05/2008,ERI,PA,AEA,CE,Combined TRACON& Tower with Radar,0,21,7,0,28,0,0,46,0,46,0,21,53,0,74,22,0,22,96
07/06/2008,ERI,PA,AEA,CE,Combined TRACON& Tower with Radar,0,24,41,0,65,0,10,7,0,17,0,34,48,0,82,22,0,22,104
07/07/2008,ERI,PA,AEA,CE,Combined TRACON& Tower with Radar,0,30,31,10,71,0,0,48,0,48,0,30,79,10,119,49,8,57,176
07/08/2008,ERI,PA,AEA,CE,Combined TRACON& Tower with Radar,0,13,9,0,22,0,0,5,0,5,0,13,14,0,27,14,0,14,41
07/09/2008,ERI,PA,AEA,CE,Combined TRACON& Tower with Radar,0,38,27,0,65,0,0,4,0,4,0,38,31,0,69,22,0,22,91
07/10/2008,ERI,PA,AEA,CE,Combined TRACON& Tower with Radar,0,32,25,0,57,0,0,53,8,61,0,32,78,8,118,48,0,48,166
07/11/2008,ERI,PA,AEA,CE,Combined TRACON& Tower with Radar,0,32,52,7,91,0,0,0,0,0,0,32,52,7,91,14,8,22,113
07/12/2008,ERI,PA,AEA,CE,Combined TRACON& Tower with Radar,0,24,13,0,37,0,0,26,0,26,0,24,39,0,63,42,0,42,105
07/13/2008,ERI,PA,AEA,CE,Combined TRACON& Tower with Radar,1,21,5,0,27,0,1,8,0,9,1,22,13,0,36,16,0,16,52
07/14/2008,ERI,PA,AEA,CE,Combined TRACON& Tower with Radar,0,25,10,0,35,0,0,35,0,35,0,25,45,0,70,47,0,47,117
07/15/2008,ERI,PA,AEA,CE,Combined TRACON& Tower with Radar,0,33,21,4,58,0,0,45,1,46,0,33,66,5,104,24,6,30,134
07/16/2008,ERI,PA,AEA,CE,Combined TRACON& Tower with Radar,0,36,19,0,55,0,4,31,2,37,0,40,50,2,92,35,0,35,127
07/17/2008,ERI,PA,AEA,CE,Combined TRACON& Tower with Radar,0,40,24,0,64,0,6,45,0,51,0,46,69,0,115,42,0,42,157
07/18/2008,ERI,PA,AEA,CE,Combined TRACON& Tower with Radar,0,35,30,0,65,0,0,18,1,19,0,35,48,1,84,18,0,18,102
07/19/2008,ERI,PA,AEA,CE,Combined TRACON& Tower with Radar,0,24,12,0,36,0,3,21,0,24,0,27,33,0,60,32,0,32,92
07/20/2008,ERI,PA,AEA,CE,Combined TRACON& Tower with Radar,0,25,12,0,37,0,0,11,0,11,0,25,23,0,48,4,0,4,52
07/21/2008,ERI,PA,AEA,CE,Combined TRACON& Tower with Radar,0,31,17,0,48,0,0,10,0,10,0,31,27,0,58,10,0,10,68
07/22/2008,ERI,PA,AEA,CE,Combined TRACON& Tower with Radar,2,38,22,0,62,0,0,38,0,38,2,38,60,0,100,18,0,18,118
07/23/2008,ERI,PA,AEA,CE,Combined TRACON& Tower with Radar,0,31,22,0,53,0,1,28,0,29,0,32,50,0,82,12,0,12,94
07/24/2008,ERI,PA,AEA,CE,Combined TRACON& Tower with Radar,0,35,35,0,70,0,0,32,0,32,0,35,67,0,102,44,0,44,146
07/25/2008,ERI,PA,AEA,CE,Combined TRACON& Tower with Radar,0,33,44,0,77,0,0,49,0,49,0,33,93,0,126,98,0,98,224
07/26/2008,ERI,PA,AEA,CE,Combined TRACON& Tower with Radar,0,24,17,0,41,0,2,12,0,14,0,26,29,0,55,42,0,42,97
07/27/2008,ERI,PA,AEA,CE,Combined TRACON& Tower with Radar,0,23,25,0,48,0,0,31,0,31,0,23,56,0,79,27,0,27,106
07/28/2008,ERI,PA,AEA,CE,Combined TRACON& Tower with Radar,0,30,19,0,49,0,0,25,0,25,0,30,44,0,74,11,0,11,85
07/29/2008,ERI,PA,AEA,CE,Combined TRACON& Tower with Radar,0,33,15,6,54,0,0,0,1,1,0,33,15,7,55,38,5,43,98
07/30/2008,ERI,PA,AEA,CE,Combined TRACON& Tower with Radar,0,33,29,0,62,0,3,8,0,11,0,36,37,0,73,51,0,51,124
07/31/2008,ERI,PA,AEA,CE,Combined TRACON& Tower with Radar,0,33,42,0,75,0,0,23,1,24,0,33,65,1,99,33,0,33,132
08/01/2008,ERI,PA,AEA,CE,Combined TRACON& Tower with Radar,0,33,14,0,47,0,6,18,0,24,0,39,32,0,71,16,0,16,87
08/02/2008,ERI,PA,AEA,CE,Combined TRACON& Tower with Radar,0,31,20,0,51,0,2,34,0,36,0,33,54,0,87,26,0,26,113
08/03/2008,ERI,PA,AEA,CE,Combined TRACON& Tower with Radar,2,20,26,1,49,0,5,46,1,52,2,25,72,2,101,35,8,43,144
08/04/2008,ERI,PA,AEA,CE,Combined TRACON& Tower with Radar,0,25,8,0,33,0,0,29,0,29,0,25,37,0,62,16,0,16,78
08/05/2008,ERI,PA,AEA,CE,Combined TRACON& Tower with Radar,1,32,31,0,64,0,2,8,0,10,1,34,39,0,74,0,12,12,86
08/06/2008,ERI,PA,AEA,CE,Combined TRACON& Tower with Radar,0,34,21,2,57,0,33,31,1,65,0,67,52,3,122,56,4,60,182
08/07/2008,ERI,PA,AEA,CE,Combined TRACON& Tower with Radar,0,33,21,0,54,0,0,26,0,26,0,33,47,0,80,22,0,22,102
08/08/2008,ERI,PA,AEA,CE,Combined TRACON& Tower with Radar,0,32,17,0,49,0,0,3,0,3,0,32,20,0,52,24,0,24,76
08/09/2008,ERI,PA,AEA,CE,Combined TRACON& Tower with Radar,0,28,19,0,47,0,0,52,0,52,0,28,71,0,99,54,0,54,153
08/10/2008,ERI,PA,AEA,CE,Combined TRACON& Tower with Radar,2,21,15,0,38,0,2,11,0,13,2,23,26,0,51,10,0,10,61
08/11/2008,ERI,PA,AEA,CE,Combined TRACON& Tower with Radar,0,29,18,5,52,0,0,28,0,28,0,29,46,5,80,20,12,32,112
08/12/2008,ERI,PA,AEA,CE,Combined TRACON& Tower with Radar,0,0,0,0,0,0,0,62,0,62,0,0,62,0,62,36,0,36,98
08/13/2008,ERI,PA,AEA,CE,Combined TRACON& Tower with Radar,0,28,25,1,54,0,0,39,0,39,0,28,64,1,93,37,4,41,134
08/14/2008,ERI,PA,AEA,CE,Combined TRACON& Tower with Radar,0,28,21,0,49,0,0,23,0,23,0,28,44,0,72,22,0,22,94
08/15/2008,ERI,PA,AEA,CE,Combined TRACON& Tower with Radar,0,40,20,2,62,0,0,40,0,40,0,40,60,2,102,56,5,61,163
08/16/2008,ERI,PA,AEA,CE,Combined TRACON& Tower with Radar,0,24,19,0,43,0,0,56,0,56,0,24,75,0,99,62,0,62,161
08/17/2008,ERI,PA,AEA,CE,Combined TRACON& Tower with Radar,2,20,19,0,41,0,1,31,0,32,2,21,50,0,73,22,0,22,95
08/18/2008,ERI,PA,AEA,CE,Combined TRACON& Tower with Radar,0,29,16,0,45,0,0,16,0,16,0,29,32,0,61,18,0,18,79
08/19/2008,ERI,PA,AEA,CE,Combined TRACON& Tower with Radar,5,29,14,0,48,0,4,24,0,28,5,33,38,0,76,6,0,6,82
08/20/2008,ERI,PA,AEA,CE,Combined TRACON& Tower with Radar,0,35,29,2,66,0,5,31,0,36,0,40,60,2,102,28,2,30,132
08/21/2008,ERI,PA,AEA,CE,Combined TRACON& Tower with Radar,0,34,20,3,57,0,1,34,0,35,0,35,54,3,92,9,4,13,105
08/22/2008,ERI,PA,AEA,CE,Combined TRACON& Tower with Radar,0,43,29,0,72,0,0,42,0,42,0,43,71,0,114,14,1,15,129
08/23/2008,ERI,PA,AEA,CE,Combined TRACON& Tower with Radar,0,25,17,0,42,0,0,39,0,39,0,25,56,0,81,38,0,38,119
08/24/2008,ERI,PA,AEA,CE,Combined TRACON& Tower with Radar,0,19,8,0,27,0,0,0,0,0,0,19,8,0,27,16,0,16,43
08/25/2008,ERI,PA,AEA,CE,Combined TRACON& Tower with Radar,0,26,13,2,41,0,0,17,0,17,0,26,30,2,58,16,0,16,74
08/26/2008,ERI,PA,AEA,CE,Combined TRACON& Tower with Radar,0,32,9,0,41,0,0,42,0,42,0,32,51,0,83,24,0,24,107
08/27/2008,ERI,PA,AEA,CE,Combined TRACON& Tower with Radar,0,32,15,3,50,0,0,10,0,10,0,32,25,3,60,12,2,14,74
08/28/2008,ERI,PA,AEA,CE,Combined TRACON& Tower with Radar,0,36,22,0,58,0,0,4,0,4,0,36,26,0,62,14,20,34,96
08/29/2008,ERI,PA,AEA,CE,Combined TRACON& Tower with Radar,0,28,16,0,44,0,0,11,1,12,0,28,27,1,56,12,0,12,68
08/30/2008,ERI,PA,AEA,CE,Combined TRACON& Tower with Radar,0,22,7,0,29,0,0,43,0,43,0,22,50,0,72,39,0,39,111
08/31/2008,ERI,PA,AEA,CE,Combined TRACON& Tower with Radar,0,18,10,0,28,0,2,42,0,44,0,20,52,0,72,52,0,52,124
09/01/2008,ERI,PA,AEA,CE,Combined TRACON& Tower with Radar,0,21,22,0,43,0,0,48,0,48,0,21,70,0,91,26,0,26,117
09/02/2008,ERI,PA,AEA,CE,Combined TRACON& Tower with Radar,0,25,15,6,46,0,0,29,0,29,0,25,44,6,75,45,4,49,124
09/03/2008,ERI,PA,AEA,CE,Combined TRACON& Tower with Radar,0,29,22,2,53,0,0,20,0,20,0,29,42,2,73,78,2,80,153
09/04/2008,ERI,PA,AEA,CE,Combined TRACON& Tower with Radar,0,43,22,12,77,0,0,7,5,12,0,43,29,17,89,18,10,28,117
09/05/2008,ERI,PA,AEA,CE,Combined TRACON& Tower with Radar,0,32,16,5,53,0,0,4,3,7,0,32,20,8,60,0,4,4,64
09/06/2008,ERI,PA,AEA,CE,Combined TRACON& Tower with Radar,0,21,13,0,34,0,0,7,0,7,0,21,20,0,41,0,0,0,41
09/07/2008,ERI,PA,AEA,CE,Combined TRACON& Tower with Radar,0,21,24,0,45,0,0,26,0,26,0,21,50,0,71,16,0,16,87
09/08/2008,ERI,PA,AEA,CE,Combined TRACON& Tower with Radar,0,24,27,6,57,0,0,36,0,36,0,24,63,6,93,34,0,34,127
09/09/2008,ERI,PA,AEA,CE,Combined TRACON& Tower with Radar,0,31,30,1,62,0,0,4,0,4,0,31,34,1,66,8,0,8,74
09/10/2008,ERI,PA,AEA,CE,Combined TRACON& Tower with Radar,0,30,25,16,71,0,0,37,0,37,0,30,62,16,108,12,22,34,142
09/11/2008,ERI,PA,AEA,CE,Combined TRACON& Tower with Radar,0,40,32,0,72,0,4,45,0,49,0,44,77,0,121,52,0,52,173
09/12/2008,ERI,PA,AEA,CE,Combined TRACON& Tower with Radar,0,33,16,0,49,0,0,0,0,0,0,33,16,0,49,0,0,0,49
09/13/2008,ERI,PA,AEA,CE,Combined TRACON& Tower with Radar,0,18,16,0,34,0,0,2,0,2,0,18,18,0,36,4,0,4,40
09/14/2008,ERI,PA,AEA,CE,Combined TRACON& Tower with Radar,0,24,11,0,35,0,0,4,0,4,0,24,15,0,39,4,0,4,43
09/15/2008,ERI,PA,AEA,CE,Combined TRACON& Tower with Radar,0,27,10,0,37,0,0,3,0,3,0,27,13,0,40,12,0,12,52
09/16/2008,ERI,PA,AEA,CE,Combined TRACON& Tower with Radar,0,27,20,4,51,0,0,72,0,72,0,27,92,4,123,76,8,84,207
09/17/2008,ERI,PA,AEA,CE,Combined TRACON& Tower with Radar,0,31,27,2,60,0,0,13,0,13,0,31,40,2,73,54,2,56,129
09/18/2008,ERI,PA,AEA,CE,Combined TRACON& Tower with Radar,0,37,31,3,71,0,0,23,0,23,0,37,54,3,94,3,0,3,97
09/19/2008,ERI,PA,AEA,CE,Combined TRACON& Tower with Radar,0,32,31,0,63,0,0,37,0,37,0,32,68,0,100,18,0,18,118
09/20/2008,ERI,PA,AEA,CE,Combined TRACON& Tower with Radar,0,21,13,0,34,0,0,34,0,34,0,21,47,0,68,72,0,72,140
09/21/2008,ERI,PA,AEA,CE,Combined TRACON& Tower with Radar,0,0,0,0,0,0,0,7,0,7,0,0,7,0,7,42,0,42,49
09/22/2008,ERI,PA,AEA,CE,Combined TRACON& Tower with Radar,0,30,18,10,58,0,0,21,8,29,0,30,39,18,87,31,0,31,118
09/23/2008,ERI,PA,AEA,CE,Combined TRACON& Tower with Radar,0,39,22,0,61,0,0,42,0,42,0,39,64,0,103,90,0,90,193
09/24/2008,ERI,PA,AEA,CE,Combined TRACON& Tower with Radar,5,33,20,12,70,0,0,55,6,61,5,33,75,18,131,55,18,73,204
09/25/2008,ERI,PA,AEA,CE,Combined TRACON& Tower with Radar,0,35,25,4,64,0,2,22,0,24,0,37,47,4,88,3,6,9,97
09/26/2008,ERI,PA,AEA,CE,Combined TRACON& Tower with Radar,0,30,20,6,56,0,0,20,0,20,0,30,40,6,76,14,12,26,102
09/27/2008,ERI,PA,AEA,CE,Combined TRACON& Tower with Radar,0,22,9,0,31,0,0,1,0,1,0,22,10,0,32,4,0,4,36
09/28/2008,ERI,PA,AEA,CE,Combined TRACON& Tower with Radar,0,23,17,0,40,0,0,0,0,0,0,23,17,0,40,8,0,8,48
09/29/2008,ERI,PA,AEA,CE,Combined TRACON& Tower with Radar,0,23,20,6,49,0,0,7,0,7,0,23,27,6,56,22,0,22,78
09/30/2008,ERI,PA,AEA,CE,Combined TRACON& Tower with Radar,0,31,14,0,45,0,0,4,0,4,0,31,18,0,49,2,0,2,51
10/01/2008,ERI,PA,AEA,CE,Combined TRACON& Tower with Radar,0,28,16,0,44,0,1,3,0,4,0,29,19,0,48,4,0,4,52
10/02/2008,ERI,PA,AEA,CE,Combined TRACON& Tower with Radar,0,35,15,0,50,0,0,4,0,4,0,35,19,0,54,2,0,2,56
10/03/2008,ERI,PA,AEA,CE,Combined TRACON& Tower with Radar,0,33,16,0,49,0,4,8,0,12,0,37,24,0,61,7,0,7,68
10/04/2008,ERI,PA,AEA,CE,Combined TRACON& Tower with Radar,0,21,13,6,40,0,2,34,0,36,0,23,47,6,76,40,0,40,116
10/05/2008,ERI,PA,AEA,CE,Combined TRACON& Tower with Radar,0,24,11,2,37,0,0,34,0,34,0,24,45,2,71,14,0,14,85
10/06/2008,ERI,PA,AEA,CE,Combined TRACON& Tower with Radar,0,29,17,15,61,0,0,20,0,20,0,29,37,15,81,25,4,29,110
10/07/2008,ERI,PA,AEA,CE,Combined TRACON& Tower with Radar,0,35,19,0,54,0,2,21,0,23,0,37,40,0,77,37,0,37,114
10/08/2008,ERI,PA,AEA,CE,Combined TRACON& Tower with Radar,0,31,29,0,60,0,0,4,0,4,0,31,33,0,64,6,0,6,70
10/09/2008,ERI,PA,AEA,CE,Combined TRACON& Tower with Radar,0,41,23,0,64,0,0,19,0,19,0,41,42,0,83,22,0,22,105
10/10/2008,ERI,PA,AEA,CE,Combined TRACON& Tower with Radar,0,32,22,0,54,0,0,30,0,30,0,32,52,0,84,34,0,34,118
10/11/2008,ERI,PA,AEA,CE,Combined TRACON& Tower with Radar,2,19,6,0,27,0,0,58,0,58,2,19,64,0,85,48,0,48,133
10/12/2008,ERI,PA,AEA,CE,Combined TRACON& Tower with Radar,0,24,8,0,32,0,12,46,0,58,0,36,54,0,90,27,0,27,117
10/13/2008,ERI,PA,AEA,CE,Combined TRACON& Tower with Radar,0,28,10,0,38,0,49,49,0,98,0,77,59,0,136,47,0,47,183
10/14/2008,ERI,PA,AEA,CE,Combined TRACON& Tower with Radar,0,28,22,0,50,0,4,14,0,18,0,32,36,0,68,4,0,4,72
10/15/2008,ERI,PA,AEA,CE,Combined TRACON& Tower with Radar,0,35,23,0,58,0,0,10,0,10,0,35,33,0,68,20,0,20,88
10/16/2008,ERI,PA,AEA,CE,Combined TRACON& Tower with Radar,0,32,12,4,48,0,0,5,0,5,0,32,17,4,53,0,6,6,59
10/17/2008,ERI,PA,AEA,CE,Combined TRACON& Tower with Radar,0,38,26,0,64,0,2,15,0,17,0,40,41,0,81,10,0,10,91
10/18/2008,ERI,PA,AEA,CE,Combined TRACON& Tower with Radar,0,22,16,0,38,0,0,27,0,27,0,22,43,0,65,22,0,22,87
10/19/2008,ERI,PA,AEA,CE,Combined TRACON& Tower with Radar,2,25,14,0,41,0,0,47,0,47,2,25,61,0,88,28,0,28,116
10/20/2008,ERI,PA,AEA,CE,Combined TRACON& Tower with Radar,0,26,10,4,40,0,2,34,0,36,0,28,44,4,76,15,6,21,97
10/21/2008,ERI,PA,AEA,CE,Combined TRACON& Tower with Radar,0,37,11,0,48,0,0,2,0,2,0,37,13,0,50,2,0,2,52
10/22/2008,ERI,PA,AEA,CE,Combined TRACON& Tower with Radar,2,31,14,0,47,0,0,11,0,11,2,31,25,0,58,0,0,0,58
10/23/2008,ERI,PA,AEA,CE,Combined TRACON& Tower with Radar,0,47,13,0,60,0,5,31,0,36,0,52,44,0,96,36,0,36,132
10/24/2008,ERI,PA,AEA,CE,Combined TRACON& Tower with Radar,0,34,9,0,43,0,0,9,0,9,0,34,18,0,52,12,0,12,64
10/25/2008,ERI,PA,AEA,CE,Combined TRACON& Tower with Radar,0,22,5,0,27,0,0,2,0,2,0,22,7,0,29,1,0,1,30
10/26/2008,ERI,PA,AEA,CE,Combined TRACON& Tower with Radar,0,23,8,0,31,0,0,5,0,5,0,23,13,0,36,2,0,2,38
10/27/2008,ERI,PA,AEA,CE,Combined TRACON& Tower with Radar,0,23,8,0,31,0,3,0,0,3,0,26,8,0,34,0,0,0,34
10/28/2008,ERI,PA,AEA,CE,Combined TRACON& Tower with Radar,0,27,15,0,42,0,0,0,0,0,0,27,15,0,42,0,0,0,42
10/29/2008,ERI,PA,AEA,CE,Combined TRACON& Tower with Radar,0,31,15,0,46,0,0,0,0,0,0,31,15,0,46,0,0,0,46
10/30/2008,ERI,PA,AEA,CE,Combined TRACON& Tower with Radar,1,35,26,0,62,0,0,24,0,24,1,35,50,0,86,34,0,34,120
10/31/2008,ERI,PA,AEA,CE,Combined TRACON& Tower with Radar,0,30,10,0,40,0,4,13,0,17,0,34,23,0,57,4,0,4,61
11/01/2008,ERI,PA,AEA,CE,Combined TRACON& Tower with Radar,0,18,12,0,30,0,0,20,0,20,0,18,32,0,50,36,0,36,86
11/02/2008,ERI,PA,AEA,CE,Combined TRACON& Tower with Radar,0,24,10,0,34,0,0,33,0,33,0,24,43,0,67,6,0,6,73
11/03/2008,ERI,PA,AEA,CE,Combined TRACON& Tower with Radar,0,24,12,0,36,0,0,3,0,3,0,24,15,0,39,0,0,0,39
11/04/2008,ERI,PA,AEA,CE,Combined TRACON& Tower with Radar,0,27,7,0,34,0,0,32,0,32,0,27,39,0,66,58,0,58,124
11/05/2008,ERI,PA,AEA,CE,Combined TRACON& Tower with Radar,0,27,15,0,42,0,0,18,0,18,0,27,33,0,60,16,0,16,76
11/06/2008,ERI,PA,AEA,CE,Combined TRACON& Tower with Radar,2,29,21,4,56,0,0,23,0,23,2,29,44,4,79,29,12,41,120
11/07/2008,ERI,PA,AEA,CE,Combined TRACON& Tower with Radar,0,31,11,3,45,0,0,14,0,14,0,31,25,3,59,18,2,20,79
11/08/2008,ERI,PA,AEA,CE,Combined TRACON& Tower with Radar,0,24,6,0,30,0,0,16,0,16,0,24,22,0,46,18,0,18,64
11/09/2008,ERI,PA,AEA,CE,Combined TRACON& Tower with Radar,2,23,7,0,32,0,0,2,0,2,2,23,9,0,34,0,0,0,34
11/10/2008,ERI,PA,AEA,CE,Combined TRACON& Tower with Radar,0,22,7,0,29,0,0,0,0,0,0,22,7,0,29,0,0,0,29
11/11/2008,ERI,PA,AEA,CE,Combined TRACON& Tower with Radar,0,28,15,0,43,0,0,8,0,8,0,28,23,0,51,0,0,0,51
11/12/2008,ERI,PA,AEA,CE,Combined TRACON& Tower with Radar,0,30,15,2,47,0,0,11,0,11,0,30,26,2,58,14,2,16,74
11/13/2008,ERI,PA,AEA,CE,Combined TRACON& Tower with Radar,0,33,9,4,46,0,0,1,0,1,0,33,10,4,47,0,4,4,51
11/14/2008,ERI,PA,AEA,CE,Combined TRACON& Tower with Radar,0,32,21,1,54,0,0,18,0,18,0,32,39,1,72,4,6,10,82
11/15/2008,ERI,PA,AEA,CE,Combined TRACON& Tower with Radar,0,24,5,0,29,0,0,0,0,0,0,24,5,0,29,0,0,0,29
11/16/2008,ERI,PA,AEA,CE,Combined TRACON& Tower with Radar,2,17,5,0,24,0,0,0,0,0,2,17,5,0,24,4,4,8,32
11/17/2008,ERI,PA,AEA,CE,Combined TRACON& Tower with Radar,0,27,13,0,40,0,0,0,0,0,0,27,13,0,40,0,0,0,40
11/18/2008,ERI,PA,AEA,CE,Combined TRACON& Tower with Radar,2,29,14,0,45,0,0,0,0,0,2,29,14,0,45,5,0,5,50
11/19/2008,ERI,PA,AEA,CE,Combined TRACON& Tower with Radar,0,25,3,0,28,0,0,1,0,1,0,25,4,0,29,24,0,24,53
11/20/2008,ERI,PA,AEA,CE,Combined TRACON& Tower with Radar,0,33,21,0,54,0,0,0,0,0,0,33,21,0,54,0,0,0,54
11/21/2008,ERI,PA,AEA,CE,Combined TRACON& Tower with Radar,0,31,13,4,48,0,0,0,0,0,0,31,13,4,48,0,8,8,56
11/22/2008,ERI,PA,AEA,CE,Combined TRACON& Tower with Radar,0,21,2,0,23,0,0,0,0,0,0,21,2,0,23,0,0,0,23
11/23/2008,ERI,PA,AEA,CE,Combined TRACON& Tower with Radar,0,25,15,0,40,0,0,13,0,13,0,25,28,0,53,28,0,28,81
11/24/2008,ERI,PA,AEA,CE,Combined TRACON& Tower with Radar,0,23,19,0,42,0,0,6,0,6,0,23,25,0,48,10,0,10,58
11/25/2008,ERI,PA,AEA,CE,Combined TRACON& Tower with Radar,0,29,16,0,45,0,0,4,0,4,0,29,20,0,49,6,0,6,55
11/26/2008,ERI,PA,AEA,CE,Combined TRACON& Tower with Radar,0,31,12,0,43,0,0,0,0,0,0,31,12,0,43,10,0,10,53
11/27/2008,ERI,PA,AEA,CE,Combined TRACON& Tower with Radar,0,12,4,0,16,0,0,2,0,2,0,12,6,0,18,15,0,15,33
11/28/2008,ERI,PA,AEA,CE,Combined TRACON& Tower with Radar,0,21,3,0,24,0,0,0,0,0,0,21,3,0,24,0,0,0,24
11/29/2008,ERI,PA,AEA,CE,Combined TRACON& Tower with Radar,0,27,15,0,42,0,0,30,0,30,0,27,45,0,72,26,0,26,98
11/30/2008,ERI,PA,AEA,CE,Combined TRACON& Tower with Radar,0,25,11,0,36,0,0,2,0,2,0,25,13,0,38,4,0,4,42
12/01/2008,ERI,PA,AEA,CE,Combined TRACON& Tower with Radar,0,26,12,0,38,0,0,1,0,1,0,26,13,0,39,0,0,0,39
12/02/2008,ERI,PA,AEA,CE,Combined TRACON& Tower with Radar,0,27,10,0,37,0,0,0,0,0,0,27,10,0,37,0,0,0,37
12/03/2008,ERI,PA,AEA,CE,Combined TRACON& Tower with Radar,0,29,7,0,36,0,0,10,0,10,0,29,17,0,46,0,0,0,46
12/04/2008,ERI,PA,AEA,CE,Combined TRACON& Tower with Radar,0,25,8,0,33,0,0,1,0,1,0,25,9,0,34,0,2,2,36
12/05/2008,ERI,PA,AEA,CE,Combined TRACON& Tower with Radar,0,25,8,0,33,0,0,4,2,6,0,25,12,2,39,0,0,0,39
12/06/2008,ERI,PA,AEA,CE,Combined TRACON& Tower with Radar,0,19,8,0,27,0,0,0,0,0,0,19,8,0,27,0,0,0,27
12/07/2008,ERI,PA,AEA,CE,Combined TRACON& Tower with Radar,0,20,5,0,25,0,0,0,0,0,0,20,5,0,25,0,0,0,25
12/08/2008,ERI,PA,AEA,CE,Combined TRACON& Tower with Radar,0,23,6,0,29,0,0,2,0,2,0,23,8,0,31,3,0,3,34
12/09/2008,ERI,PA,AEA,CE,Combined TRACON& Tower with Radar,0,27,20,0,47,0,0,0,0,0,0,27,20,0,47,4,0,4,51
12/10/2008,ERI,PA,AEA,CE,Combined TRACON& Tower with Radar,0,32,9,0,41,0,0,0,0,0,0,32,9,0,41,0,0,0,41
12/11/2008,ERI,PA,AEA,CE,Combined TRACON& Tower with Radar,0,35,15,0,50,0,0,6,1,7,0,35,21,1,57,18,4,22,79
12/12/2008,ERI,PA,AEA,CE,Combined TRACON& Tower with Radar,0,31,10,0,41,0,0,0,0,0,0,31,10,0,41,0,0,0,41
12/13/2008,ERI,PA,AEA,CE,Combined TRACON& Tower with Radar,0,18,8,0,26,0,0,10,0,10,0,18,18,0,36,16,0,16,52
12/14/2008,ERI,PA,AEA,CE,Combined TRACON& Tower with Radar,0,23,2,0,25,0,0,0,0,0,0,23,2,0,25,0,0,0,25
12/15/2008,ERI,PA,AEA,CE,Combined TRACON& Tower with Radar,0,24,12,0,36,0,0,0,0,0,0,24,12,0,36,0,0,0,36
12/16/2008,ERI,PA,AEA,CE,Combined TRACON& Tower with Radar,0,31,6,0,37,0,0,0,0,0,0,31,6,0,37,0,0,0,37
12/17/2008,ERI,PA,AEA,CE,Combined TRACON& Tower with Radar,0,24,3,2,29,0,0,0,0,0,0,24,3,2,29,0,2,2,31
12/18/2008,ERI,PA,AEA,CE,Combined TRACON& Tower with Radar,0,38,9,0,47,0,0,0,0,0,0,38,9,0,47,3,0,3,50
12/19/2008,ERI,PA,AEA,CE,Combined TRACON& Tower with Radar,0,9,11,0,20,0,0,0,0,0,0,9,11,0,20,0,0,0,20
12/20/2008,ERI,PA,AEA,CE,Combined TRACON& Tower with Radar,0,24,8,0,32,0,0,3,0,3,0,24,11,0,35,0,0,0,35
12/21/2008,ERI,PA,AEA,CE,Combined TRACON& Tower with Radar,0,9,4,0,13,0,0,0,0,0,0,9,4,0,13,0,0,0,13
12/22/2008,ERI,PA,AEA,CE,Combined TRACON& Tower with Radar,0,17,5,0,22,0,0,0,0,0,0,17,5,0,22,0,0,0,22
12/23/2008,ERI,PA,AEA,CE,Combined TRACON& Tower with Radar,0,26,1,4,31,0,0,2,0,2,0,26,3,4,33,2,4,6,39
12/24/2008,ERI,PA,AEA,CE,Combined TRACON& Tower with Radar,0,27,3,0,30,0,0,0,0,0,0,27,3,0,30,0,0,0,30
12/25/2008,ERI,PA,AEA,CE,Combined TRACON& Tower with Radar,0,24,2,0,26,0,0,0,0,0,0,24,2,0,26,0,0,0,26
12/26/2008,ERI,PA,AEA,CE,Combined TRACON& Tower with Radar,0,29,5,0,34,0,0,4,0,4,0,29,9,0,38,0,0,0,38
12/27/2008,ERI,PA,AEA,CE,Combined TRACON& Tower with Radar,0,22,13,0,35,0,0,3,0,3,0,22,16,0,38,8,0,8,46
12/28/2008,ERI,PA,AEA,CE,Combined TRACON& Tower with Radar,0,24,4,0,28,0,0,2,0,2,0,24,6,0,30,14,0,14,44
12/29/2008,ERI,PA,AEA,CE,Combined TRACON& Tower with Radar,0,26,6,0,32,0,4,12,0,16,0,30,18,0,48,20,0,20,68
12/30/2008,ERI,PA,AEA,CE,Combined TRACON& Tower with Radar,0,30,8,0,38,0,0,10,0,10,0,30,18,0,48,12,0,12,60
12/31/2008,ERI,PA,AEA,CE,Combined TRACON& Tower with Radar,0,26,4,0,30,0,0,0,0,0,0,26,4,0,30,0,0,0,30
01/01/2009,ERI,PA,AEA,CE,Combined TRACON& Tower with Radar,0,20,3,0,23,0,0,7,0,7,0,20,10,0,30,0,0,0,30
01/02/2009,ERI,PA,AEA,CE,Combined TRACON& Tower with Radar,0,25,11,0,36,0,0,2,1,3,0,25,13,1,39,21,0,21,60
01/03/2009,ERI,PA,AEA,CE,Combined TRACON& Tower with Radar,0,22,4,0,26,0,0,10,0,10,0,22,14,0,36,16,0,16,52
01/04/2009,ERI,PA,AEA,CE,Combined TRACON& Tower with Radar,0,23,8,0,31,0,0,6,2,8,0,23,14,2,39,20,0,20,59
01/05/2009,ERI,PA,AEA,CE,Combined TRACON& Tower with Radar,0,24,11,5,40,0,0,5,0,5,0,24,16,5,45,2,8,10,55
01/06/2009,ERI,PA,AEA,CE,Combined TRACON& Tower with Radar,0,26,12,0,38,0,1,3,0,4,0,27,15,0,42,14,0,14,56
01/07/2009,ERI,PA,AEA,CE,Combined TRACON& Tower with Radar,0,25,3,2,30,0,0,0,0,0,0,25,3,2,30,0,4,4,34
01/08/2009,ERI,PA,AEA,CE,Combined TRACON& Tower with Radar,0,29,11,0,40,0,0,0,0,0,0,29,11,0,40,0,0,0,40
01/09/2009,ERI,PA,AEA,CE,Combined TRACON& Tower with Radar,0,20,8,0,28,0,0,0,0,0,0,20,8,0,28,0,0,0,28
01/10/2009,ERI,PA,AEA,CE,Combined TRACON& Tower with Radar,0,11,2,0,13,0,0,0,0,0,0,11,2,0,13,0,0,0,13
01/11/2009,ERI,PA,AEA,CE,Combined TRACON& Tower with Radar,0,32,2,0,34,0,0,5,0,5,0,32,7,0,39,26,0,26,65
01/12/2009,ERI,PA,AEA,CE,Combined TRACON& Tower with Radar,0,25,9,0,34,0,0,0,0,0,0,25,9,0,34,0,0,0,34
01/13/2009,ERI,PA,AEA,CE,Combined TRACON& Tower with Radar,0,26,3,0,29,0,0,0,0,0,0,26,3,0,29,0,0,0,29
01/14/2009,ERI,PA,AEA,CE,Combined TRACON& Tower with Radar,0,27,14,0,41,0,0,1,0,1,0,27,15,0,42,0,0,0,42
01/15/2009,ERI,PA,AEA,CE,Combined TRACON& Tower with Radar,0,29,11,0,40,0,0,0,0,0,0,29,11,0,40,0,0,0,40
01/16/2009,ERI,PA,AEA,CE,Combined TRACON& Tower with Radar,0,30,19,0,49,0,1,2,0,3,0,31,21,0,52,4,0,4,56
01/17/2009,ERI,PA,AEA,CE,Combined TRACON& Tower with Radar,0,20,2,0,22,0,0,0,0,0,0,20,2,0,22,0,0,0,22
01/18/2009,ERI,PA,AEA,CE,Combined TRACON& Tower with Radar,0,20,0,0,20,0,0,0,0,0,0,20,0,0,20,0,0,0,20
01/19/2009,ERI,PA,AEA,CE,Combined TRACON& Tower with Radar,0,21,10,0,31,0,0,0,0,0,0,21,10,0,31,0,0,0,31
01/20/2009,ERI,PA,AEA,CE,Combined TRACON& Tower with Radar,0,28,7,0,35,0,0,3,0,3,0,28,10,0,38,0,0,0,38
01/21/2009,ERI,PA,AEA,CE,Combined TRACON& Tower with Radar,0,28,15,0,43,0,0,2,0,2,0,28,17,0,45,0,0,0,45
01/22/2009,ERI,PA,AEA,CE,Combined TRACON& Tower with Radar,0,29,9,0,38,0,0,6,0,6,0,29,15,0,44,10,0,10,54
01/23/2009,ERI,PA,AEA,CE,Combined TRACON& Tower with Radar,0,29,7,0,36,0,0,4,1,5,0,29,11,1,41,6,0,6,47
01/24/2009,ERI,PA,AEA,CE,Combined TRACON& Tower with Radar,0,20,2,0,22,0,0,4,0,4,0,20,6,0,26,12,0,12,38
01/25/2009,ERI,PA,AEA,CE,Combined TRACON& Tower with Radar,2,22,5,0,29,0,0,3,0,3,2,22,8,0,32,24,0,24,56
01/26/2009,ERI,PA,AEA,CE,Combined TRACON& Tower with Radar,0,24,15,0,39,0,0,8,0,8,0,24,23,0,47,2,0,2,49
01/27/2009,ERI,PA,AEA,CE,Combined TRACON& Tower with Radar,2,27,7,0,36,0,0,9,0,9,2,27,16,0,45,20,0,20,65
01/28/2009,ERI,PA,AEA,CE,Combined TRACON& Tower with Radar,0,10,4,0,14,0,0,0,0,0,0,10,4,0,14,0,0,0,14
01/29/2009,ERI,PA,AEA,CE,Combined TRACON& Tower with Radar,0,31,13,8,52,0,0,1,0,1,0,31,14,8,53,0,8,8,61
01/30/2009,ERI,PA,AEA,CE,Combined TRACON& Tower with Radar,0,29,9,0,38,0,0,0,0,0,0,29,9,0,38,0,0,0,38
01/31/2009,ERI,PA,AEA,CE,Combined TRACON& Tower with Radar,0,17,3,0,20,0,0,4,0,4,0,17,7,0,24,0,0,0,24
02/01/2009,ERI,PA,AEA,CE,Combined TRACON& Tower with Radar,0,21,9,0,30,0,0,7,0,7,0,21,16,0,37,4,0,4,41
02/02/2009,ERI,PA,AEA,CE,Combined TRACON& Tower with Radar,0,26,12,0,38,0,0,21,0,21,0,26,33,0,59,6,0,6,65
02/03/2009,ERI,PA,AEA,CE,Combined TRACON& Tower with Radar,0,28,23,0,51,0,0,0,0,0,0,28,23,0,51,10,0,10,61
02/04/2009,ERI,PA,AEA,CE,Combined TRACON& Tower with Radar,0,25,5,0,30,0,0,0,0,0,0,25,5,0,30,0,0,0,30
02/05/2009,ERI,PA,AEA,CE,Combined TRACON& Tower with Radar,0,29,5,8,42,0,0,22,0,22,0,29,27,8,64,34,10,44,108
02/06/2009,ERI,PA,AEA,CE,Combined TRACON& Tower with Radar,0,30,14,0,44,0,0,16,0,16,0,30,30,0,60,17,0,17,77
02/07/2009,ERI,PA,AEA,CE,Combined TRACON& Tower with Radar,0,18,9,0,27,0,1,0,0,1,0,19,9,0,28,5,0,5,33
02/08/2009,ERI,PA,AEA,CE,Combined TRACON& Tower with Radar,0,23,6,0,29,0,2,9,0,11,0,25,15,0,40,4,0,4,44
02/09/2009,ERI,PA,AEA,CE,Combined TRACON& Tower with Radar,0,26,4,2,32,0,0,7,0,7,0,26,11,2,39,8,0,8,47
02/10/2009,ERI,PA,AEA,CE,Combined TRACON& Tower with Radar,2,27,12,0,41,0,0,0,0,0,2,27,12,0,41,8,0,8,49
02/11/2009,ERI,PA,AEA,CE,Combined TRACON& Tower with Radar,0,28,14,2,44,0,0,0,0,0,0,28,14,2,44,4,2,6,50
02/12/2009,ERI,PA,AEA,CE,Combined TRACON& Tower with Radar,0,25,4,0,29,0,0,0,0,0,0,25,4,0,29,0,0,0,29
02/13/2009,ERI,PA,AEA,CE,Combined TRACON& Tower with Radar,2,25,10,0,37,0,0,0,0,0,2,25,10,0,37,0,0,0,37
02/14/2009,ERI,PA,AEA,CE,Combined TRACON& Tower with Radar,0,18,2,0,20,0,0,0,0,0,0,18,2,0,20,0,0,0,20
02/15/2009,ERI,PA,AEA,CE,Combined TRACON& Tower with Radar,0,20,4,0,24,0,0,2,0,2,0,20,6,0,26,6,0,6,32
02/16/2009,ERI,PA,AEA,CE,Combined TRACON& Tower with Radar,0,25,6,0,31,0,0,2,0,2,0,25,8,0,33,0,0,0,33
02/17/2009,ERI,PA,AEA,CE,Combined TRACON& Tower with Radar,0,30,12,0,42,0,0,8,0,8,0,30,20,0,50,2,0,2,52
02/18/2009,ERI,PA,AEA,CE,Combined TRACON& Tower with Radar,0,27,8,0,35,0,0,0,0,0,0,27,8,0,35,0,0,0,35
02/19/2009,ERI,PA,AEA,CE,Combined TRACON& Tower with Radar,0,28,2,0,30,0,0,0,0,0,0,28,2,0,30,0,0,0,30
02/20/2009,ERI,PA,AEA,CE,Combined TRACON& Tower with Radar,0,29,10,6,45,0,1,0,0,1,0,30,10,6,46,2,4,6,52
02/21/2009,ERI,PA,AEA,CE,Combined TRACON& Tower with Radar,0,23,3,4,30,0,1,2,0,3,0,24,5,4,33,8,0,8,41
02/22/2009,ERI,PA,AEA,CE,Combined TRACON& Tower with Radar,2,25,5,0,32,0,0,0,0,0,2,25,5,0,32,0,0,0,32
02/23/2009,ERI,PA,AEA,CE,Combined TRACON& Tower with Radar,0,26,5,0,31,0,0,9,2,11,0,26,14,2,42,6,0,6,48
02/24/2009,ERI,PA,AEA,CE,Combined TRACON& Tower with Radar,2,29,22,8,61,0,0,16,0,16,2,29,38,8,77,6,6,12,89
02/25/2009,ERI,PA,AEA,CE,Combined TRACON& Tower with Radar,0,27,16,0,43,0,0,25,0,25,0,27,41,0,68,18,0,18,86
02/26/2009,ERI,PA,AEA,CE,Combined TRACON& Tower with Radar,0,29,18,0,47,0,0,10,2,12,0,29,28,2,59,8,0,8,67
02/27/2009,ERI,PA,AEA,CE,Combined TRACON& Tower with Radar,0,30,3,0,33,0,0,0,0,0,0,30,3,0,33,0,0,0,33
02/28/2009,ERI,PA,AEA,CE,Combined TRACON& Tower with Radar,0,20,6,0,26,0,0,12,0,12,0,20,18,0,38,21,0,21,59
03/01/2009,ERI,PA,AEA,CE,Combined TRACON& Tower with Radar,0,23,14,0,37,0,1,4,0,5,0,24,18,0,42,16,0,16,58
03/02/2009,ERI,PA,AEA,CE,Combined TRACON& Tower with Radar,0,26,2,0,28,0,0,2,0,2,0,26,4,0,30,6,0,6,36
03/03/2009,ERI,PA,AEA,CE,Combined TRACON& Tower with Radar,0,26,7,6,39,0,1,24,0,25,0,27,31,6,64,70,12,82,146
03/04/2009,ERI,PA,AEA,CE,Combined TRACON& Tower with Radar,0,29,13,13,55,0,1,30,0,31,0,30,43,13,86,90,16,106,192
03/05/2009,ERI,PA,AEA,CE,Combined TRACON& Tower with Radar,0,28,23,0,51,0,0,12,0,12,0,28,35,0,63,32,0,32,95
03/06/2009,ERI,PA,AEA,CE,Combined TRACON& Tower with Radar,0,31,14,0,45,0,0,6,0,6,0,31,20,0,51,0,0,0,51
03/07/2009,ERI,PA,AEA,CE,Combined TRACON& Tower with Radar,0,17,6,0,23,0,0,1,0,1,0,17,7,0,24,8,0,8,32
03/08/2009,ERI,PA,AEA,CE,Combined TRACON& Tower with Radar,0,20,1,0,21,0,0,0,0,0,0,20,1,0,21,0,0,0,21
03/09/2009,ERI,PA,AEA,CE,Combined TRACON& Tower with Radar,0,26,7,8,41,0,0,4,0,4,0,26,11,8,45,0,0,0,45
03/10/2009,ERI,PA,AEA,CE,Combined TRACON& Tower with Radar,0,27,8,0,35,0,0,0,0,0,0,27,8,0,35,0,0,0,35
03/11/2009,ERI,PA,AEA,CE,Combined TRACON& Tower with Radar,0,31,7,12,50,0,2,0,0,2,0,33,7,12,52,0,12,12,64
03/12/2009,ERI,PA,AEA,CE,Combined TRACON& Tower with Radar,0,31,5,0,36,0,0,3,0,3,0,31,8,0,39,0,0,0,39
03/13/2009,ERI,PA,AEA,CE,Combined TRACON& Tower with Radar,0,34,15,0,49,0,1,24,0,25,0,35,39,0,74,49,0,49,123
03/14/2009,ERI,PA,AEA,CE,Combined TRACON& Tower with Radar,0,19,9,0,28,0,0,30,0,30,0,19,39,0,58,54,0,54,112
03/15/2009,ERI,PA,AEA,CE,Combined TRACON& Tower with Radar,0,20,13,0,33,0,0,28,0,28,0,20,41,0,61,42,0,42,103
03/16/2009,ERI,PA,AEA,CE,Combined TRACON& Tower with Radar,0,27,10,4,41,0,1,6,0,7,0,28,16,4,48,26,4,30,78
03/17/2009,ERI,PA,AEA,CE,Combined TRACON& Tower with Radar,0,28,11,4,43,0,0,16,0,16,0,28,27,4,59,24,4,28,87
03/18/2009,ERI,PA,AEA,CE,Combined TRACON& Tower with Radar,0,31,6,0,37,0,0,2,0,2,0,31,8,0,39,0,0,0,39
03/19/2009,ERI,PA,AEA,CE,Combined TRACON& Tower with Radar,0,28,17,6,51,0,0,11,0,11,0,28,28,6,62,20,4,24,86
03/20/2009,ERI,PA,AEA,CE,Combined TRACON& Tower with Radar,0,27,11,0,38,0,0,10,0,10,0,27,21,0,48,22,0,22,70
03/21/2009,ERI,PA,AEA,CE,Combined TRACON& Tower with Radar,0,18,10,0,28,0,0,29,0,29,0,18,39,0,57,58,0,58,115
03/22/2009,ERI,PA,AEA,CE,Combined TRACON& Tower with Radar,3,22,7,0,32,0,0,17,0,17,3,22,24,0,49,6,0,6,55
03/23/2009,ERI,PA,AEA,CE,Combined TRACON& Tower with Radar,0,28,10,4,42,0,0,17,0,17,0,28,27,4,59,18,4,22,81
03/24/2009,ERI,PA,AEA,CE,Combined TRACON& Tower with Radar,3,33,20,6,62,0,0,47,2,49,3,33,67,8,111,68,4,72,183
03/25/2009,ERI,PA,AEA,CE,Combined TRACON& Tower with Radar,0,27,14,6,47,0,0,1,0,1,0,27,15,6,48,8,6,14,62
03/26/2009,ERI,PA,AEA,CE,Combined TRACON& Tower with Radar,0,25,11,2,38,0,0,1,0,1,0,25,12,2,39,0,0,0,39
03/27/2009,ERI,PA,AEA,CE,Combined TRACON& Tower with Radar,0,27,10,0,37,0,0,11,0,11,0,27,21,0,48,8,0,8,56
03/28/2009,ERI,PA,AEA,CE,Combined TRACON& Tower with Radar,0,23,5,0,28,0,1,24,0,25,0,24,29,0,53,78,0,78,131
03/29/2009,ERI,PA,AEA,CE,Combined TRACON& Tower with Radar,0,21,13,0,34,0,0,0,0,0,0,21,13,0,34,8,0,8,42
03/30/2009,ERI,PA,AEA,CE,Combined TRACON& Tower with Radar,0,26,15,0,41,0,0,0,0,0,0,26,15,0,41,4,0,4,45
03/31/2009,ERI,PA,AEA,CE,Combined TRACON& Tower with Radar,0,27,14,2,43,0,0,18,0,18,0,27,32,2,61,16,6,22,83
04/01/2009,ERI,PA,AEA,CE,Combined TRACON& Tower with Radar,0,32,15,0,47,0,1,4,0,5,0,33,19,0,52,20,0,20,72
04/02/2009,ERI,PA,AEA,CE,Combined TRACON& Tower with Radar,0,31,13,0,44,0,0,38,0,38,0,31,51,0,82,62,0,62,144
04/03/2009,ERI,PA,AEA,CE,Combined TRACON& Tower with Radar,0,25,4,0,29,0,0,0,0,0,0,25,4,0,29,0,0,0,29
04/04/2009,ERI,PA,AEA,CE,Combined TRACON& Tower with Radar,0,19,3,0,22,0,0,6,0,6,0,19,9,0,28,6,0,6,34
04/05/2009,ERI,PA,AEA,CE,Combined TRACON& Tower with Radar,0,20,12,0,32,0,0,37,0,37,0,20,49,0,69,106,0,106,175
04/06/2009,ERI,PA,AEA,CE,Combined TRACON& Tower with Radar,0,22,7,0,29,0,0,0,0,0,0,22,7,0,29,2,0,2,31
04/07/2009,ERI,PA,AEA,CE,Combined TRACON& Tower with Radar,0,29,9,4,42,0,0,0,0,0,0,29,9,4,42,0,4,4,46
04/08/2009,ERI,PA,AEA,CE,Combined TRACON& Tower with Radar,0,33,15,16,64,0,1,4,0,5,0,34,19,16,69,14,34,48,117
04/09/2009,ERI,PA,AEA,CE,Combined TRACON& Tower with Radar,0,29,16,0,45,0,0,25,0,25,0,29,41,0,70,44,0,44,114
04/10/2009,ERI,PA,AEA,CE,Combined TRACON& Tower with Radar,0,29,16,0,45,0,0,16,0,16,0,29,32,0,61,32,0,32,93
04/11/2009,ERI,PA,AEA,CE,Combined TRACON& Tower with Radar,0,18,3,0,21,0,1,12,0,13,0,19,15,0,34,36,0,36,70
04/12/2009,ERI,PA,AEA,CE,Combined TRACON& Tower with Radar,0,20,6,0,26,0,0,19,0,19,0,20,25,0,45,63,0,63,108
04/13/2009,ERI,PA,AEA,CE,Combined TRACON& Tower with Radar,0,24,7,0,31,0,1,13,0,14,0,25,20,0,45,24,0,24,69
04/14/2009,ERI,PA,AEA,CE,Combined TRACON& Tower with Radar,0,27,16,0,43,0,0,3,0,3,0,27,19,0,46,10,0,10,56
04/15/2009,ERI,PA,AEA,CE,Combined TRACON& Tower with Radar,0,25,15,8,48,0,0,6,0,6,0,25,21,8,54,6,0,6,60
04/16/2009,ERI,PA,AEA,CE,Combined TRACON& Tower with Radar,0,27,21,6,54,0,0,30,0,30,0,27,51,6,84,69,10,79,163
04/17/2009,ERI,PA,AEA,CE,Combined TRACON& Tower with Radar,0,27,13,0,40,0,0,39,2,41,0,27,52,2,81,60,0,60,141
04/18/2009,ERI,PA,AEA,CE,Combined TRACON& Tower with Radar,0,18,8,0,26,0,0,23,0,23,0,18,31,0,49,10,0,10,59
04/19/2009,ERI,PA,AEA,CE,Combined TRACON& Tower with Radar,0,20,6,0,26,0,0,14,0,14,0,20,20,0,40,34,0,34,74
04/20/2009,ERI,PA,AEA,CE,Combined TRACON& Tower with Radar,0,22,9,1,32,0,0,0,0,0,0,22,9,1,32,2,0,2,34
04/21/2009,ERI,PA,AEA,CE,Combined TRACON& Tower with Radar,0,30,10,0,40,0,0,2,0,2,0,30,12,0,42,2,0,2,44
04/22/2009,ERI,PA,AEA,CE,Combined TRACON& Tower with Radar,0,32,12,0,44,0,0,1,0,1,0,32,13,0,45,0,0,0,45
04/23/2009,ERI,PA,AEA,CE,Combined TRACON& Tower with Radar,0,31,21,8,60,0,0,25,0,25,0,31,46,8,85,28,10,38,123
04/24/2009,ERI,PA,AEA,CE,Combined TRACON& Tower with Radar,0,31,14,3,48,0,0,15,0,15,0,31,29,3,63,52,2,54,117
04/25/2009,ERI,PA,AEA,CE,Combined TRACON& Tower with Radar,0,18,7,0,25,0,0,8,0,8,0,18,15,0,33,20,0,20,53
04/26/2009,ERI,PA,AEA,CE,Combined TRACON& Tower with Radar,2,20,14,0,36,0,1,24,0,25,2,21,38,0,61,34,0,34,95
04/27/2009,ERI,PA,AEA,CE,Combined TRACON& Tower with Radar,0,27,12,6,45,0,2,15,5,22,0,29,27,11,67,42,12,54,121
04/28/2009,ERI,PA,AEA,CE,Combined TRACON& Tower with Radar,2,27,6,0,35,0,0,0,0,0,2,27,6,0,35,0,0,0,35
04/29/2009,ERI,PA,AEA,CE,Combined TRACON& Tower with Radar,0,23,13,8,44,0,0,12,0,12,0,23,25,8,56,28,10,38,94
04/30/2009,ERI,PA,AEA,CE,Combined TRACON& Tower with Radar,0,30,10,5,45,0,0,3,0,3,0,30,13,5,48,6,0,6,54
05/01/2009,ERI,PA,AEA,CE,Combined TRACON& Tower with Radar,0,34,19,0,53,0,0,0,0,0,0,34,19,0,53,0,0,0,53
05/02/2009,ERI,PA,AEA,CE,Combined TRACON& Tower with Radar,0,21,9,2,32,0,0,26,0,26,0,21,35,2,58,20,2,22,80
05/03/2009,ERI,PA,AEA,CE,Combined TRACON& Tower with Radar,0,20,13,2,35,0,0,21,2,23,0,20,34,4,58,28,0,28,86
05/04/2009,ERI,PA,AEA,CE,Combined TRACON& Tower with Radar,0,26,9,12,47,0,0,7,0,7,0,26,16,12,54,30,10,40,94
05/05/2009,ERI,PA,AEA,CE,Combined TRACON& Tower with Radar,2,36,19,0,57,0,1,7,0,8,2,37,26,0,65,41,0,41,106
05/06/2009,ERI,PA,AEA,CE,Combined TRACON& Tower with Radar,0,29,18,13,60,0,0,9,1,10,0,29,27,14,70,22,8,30,100
05/07/2009,ERI,PA,AEA,CE,Combined TRACON& Tower with Radar,0,30,14,0,44,0,0,5,1,6,0,30,19,1,50,4,0,4,54
05/08/2009,ERI,PA,AEA,CE,Combined TRACON& Tower with Radar,1,29,12,5,47,0,0,5,0,5,1,29,17,5,52,2,6,8,60
05/09/2009,ERI,PA,AEA,CE,Combined TRACON& Tower with Radar,0,20,19,2,41,0,0,2,0,2,0,20,21,2,43,0,0,0,43
05/10/2009,ERI,PA,AEA,CE,Combined TRACON& Tower with Radar,0,22,3,0,25,0,0,6,0,6,0,22,9,0,31,0,0,0,31
05/11/2009,ERI,PA,AEA,CE,Combined TRACON& Tower with Radar,0,26,15,8,49,0,1,19,0,20,0,27,34,8,69,24,4,28,97
05/12/2009,ERI,PA,AEA,CE,Combined TRACON& Tower with Radar,0,27,5,2,34,0,0,23,0,23,0,27,28,2,57,26,0,26,83
05/13/2009,ERI,PA,AEA,CE,Combined TRACON& Tower with Radar,0,28,26,15,69,0,0,16,0,16,0,28,42,15,85,6,10,16,101
05/14/2009,ERI,PA,AEA,CE,Combined TRACON& Tower with Radar,0,41,17,0,58,0,0,3,0,3,0,41,20,0,61,6,0,6,67
05/15/2009,ERI,PA,AEA,CE,Combined TRACON& Tower with Radar,0,34,17,0,51,0,1,30,2,33,0,35,47,2,84,44,0,44,128
05/16/2009,ERI,PA,AEA,CE,Combined TRACON& Tower with Radar,0,18,7,1,26,0,0,2,2,4,0,18,9,3,30,48,0,48,78
05/17/2009,ERI,PA,AEA,CE,Combined TRACON& Tower with Radar,2,21,10,0,33,0,0,22,0,22,2,21,32,0,55,37,0,37,92
05/18/2009,ERI,PA,AEA,CE,Combined TRACON& Tower with Radar,0,29,9,8,46,0,0,19,2,21,0,29,28,10,67,14,4,18,85
05/19/2009,ERI,PA,AEA,CE,Combined TRACON& Tower with Radar,1,32,11,0,44,0,0,11,0,11,1,32,22,0,55,28,0,28,83
05/20/2009,ERI,PA,AEA,CE,Combined TRACON& Tower with Radar,1,28,19,7,55,0,0,18,0,18,1,28,37,7,73,10,6,16,89
05/21/2009,ERI,PA,AEA,CE,Combined TRACON& Tower with Radar,0,26,8,2,36,0,3,40,4,47,0,29,48,6,83,44,30,74,157
05/22/2009,ERI,PA,AEA,CE,Combined TRACON& Tower with Radar,0,27,25,6,58,0,2,19,1,22,0,29,44,7,80,44,4,48,128
05/23/2009,ERI,PA,AEA,CE,Combined TRACON& Tower with Radar,0,19,10,0,29,0,0,33,0,33,0,19,43,0,62,37,4,41,103
05/24/2009,ERI,PA,AEA,CE,Combined TRACON& Tower with Radar,0,15,5,0,20,0,0,22,0,22,0,15,27,0,42,14,0,14,56
05/25/2009,ERI,PA,AEA,CE,Combined TRACON& Tower with Radar,0,22,24,0,46,0,0,18,0,18,0,22,42,0,64,0,0,0,64
05/26/2009,ERI,PA,AEA,CE,Combined TRACON& Tower with Radar,0,29,4,0,33,0,0,1,0,1,0,29,5,0,34,0,0,0,34
05/27/2009,ERI,PA,AEA,CE,Combined TRACON& Tower with Radar,0,34,12,8,54,0,0,4,0,4,0,34,16,8,58,20,8,28,86
05/28/2009,ERI,PA,AEA,CE,Combined TRACON& Tower with Radar,0,29,15,0,44,0,0,0,0,0,0,29,15,0,44,0,0,0,44
05/29/2009,ERI,PA,AEA,CE,Combined TRACON& Tower with Radar,0,29,21,0,50,0,0,8,0,8,0,29,29,0,58,8,0,8,66
05/30/2009,ERI,PA,AEA,CE,Combined TRACON& Tower with Radar,0,20,9,0,29,0,2,26,0,28,0,22,35,0,57,0,0,0,57
05/31/2009,ERI,PA,AEA,CE,Combined TRACON& Tower with Radar,0,20,12,0,32,0,0,21,0,21,0,20,33,0,53,16,0,16,69
06/01/2009,ERI,PA,AEA,CE,Combined TRACON& Tower with Radar,0,30,10,6,46,0,0,3,0,3,0,30,13,6,49,4,6,10,59
06/02/2009,ERI,PA,AEA,CE,Combined TRACON& Tower with Radar,0,27,17,0,44,0,0,4,0,4,0,27,21,0,48,4,0,4,52
06/03/2009,ERI,PA,AEA,CE,Combined TRACON& Tower with Radar,0,24,23,10,57,0,0,3,0,3,0,24,26,10,60,4,12,16,76
06/04/2009,ERI,PA,AEA,CE,Combined TRACON& Tower with Radar,0,28,27,0,55,0,0,21,0,21,0,28,48,0,76,10,0,10,86
06/05/2009,ERI,PA,AEA,CE,Combined TRACON& Tower with Radar,0,29,8,0,37,0,0,19,0,19,0,29,27,0,56,26,0,26,82
06/06/2009,ERI,PA,AEA,CE,Combined TRACON& Tower with Radar,0,18,8,0,26,0,1,30,0,31,0,19,38,0,57,36,0,36,93
06/07/2009,ERI,PA,AEA,CE,Combined TRACON& Tower with Radar,0,26,5,0,31,0,0,12,0,12,0,26,17,0,43,12,0,12,55
06/08/2009,ERI,PA,AEA,CE,Combined TRACON& Tower with Radar,0,24,15,8,47,0,0,16,0,16,0,24,31,8,63,32,14,46,109
06/09/2009,ERI,PA,AEA,CE,Combined TRACON& Tower with Radar,0,25,12,0,37,0,1,9,0,10,0,26,21,0,47,36,0,36,83
06/10/2009,ERI,PA,AEA,CE,Combined TRACON& Tower with Radar,0,22,18,3,43,0,0,21,0,21,0,22,39,3,64,46,2,48,112
06/11/2009,ERI,PA,AEA,CE,Combined TRACON& Tower with Radar,0,28,18,0,46,0,0,3,0,3,0,28,21,0,49,0,0,0,49
06/12/2009,ERI,PA,AEA,CE,Combined TRACON& Tower with Radar,0,29,14,0,43,0,0,9,0,9,0,29,23,0,52,8,0,8,60
06/13/2009,ERI,PA,AEA,CE,Combined TRACON& Tower with Radar,0,18,8,0,26,0,0,9,0,9,0,18,17,0,35,13,0,13,48
06/14/2009,ERI,PA,AEA,CE,Combined TRACON& Tower with Radar,0,21,11,0,32,0,0,26,0,26,0,21,37,0,58,28,0,28,86
06/15/2009,ERI,PA,AEA,CE,Combined TRACON& Tower with Radar,0,25,13,2,40,0,0,34,5,39,0,25,47,7,79,48,14,62,141
06/16/2009,ERI,PA,AEA,CE,Combined TRACON& Tower with Radar,0,28,21,0,49,0,1,17,0,18,0,29,38,0,67,24,0,24,91
06/17/2009,ERI,PA,AEA,CE,Combined TRACON& Tower with Radar,0,29,18,0,47,0,1,4,0,5,0,30,22,0,52,4,0,4,56
06/18/2009,ERI,PA,AEA,CE,Combined TRACON& Tower with Radar,0,27,12,20,59,0,0,0,0,0,0,27,12,20,59,0,28,28,87
06/19/2009,ERI,PA,AEA,CE,Combined TRACON& Tower with Radar,0,29,12,0,41,0,0,14,0,14,0,29,26,0,55,22,0,22,77
06/20/2009,ERI,PA,AEA,CE,Combined TRACON& Tower with Radar,0,20,2,0,22,0,0,0,0,0,0,20,2,0,22,0,0,0,22
06/21/2009,ERI,PA,AEA,CE,Combined TRACON& Tower with Radar,0,22,9,0,31,0,0,25,0,25,0,22,34,0,56,37,0,37,93
06/22/2009,ERI,PA,AEA,CE,Combined TRACON& Tower with Radar,0,26,11,0,37,0,0,21,0,21,0,26,32,0,58,4,0,4,62
06/23/2009,ERI,PA,AEA,CE,Combined TRACON& Tower with Radar,0,32,16,0,48,0,0,44,0,44,0,32,60,0,92,10,0,10,102
06/24/2009,ERI,PA,AEA,CE,Combined TRACON& Tower with Radar,0,29,13,0,42,0,0,33,0,33,0,29,46,0,75,102,0,102,177
06/25/2009,ERI,PA,AEA,CE,Combined TRACON& Tower with Radar,0,28,12,4,44,0,0,17,0,17,0,28,29,4,61,6,4,10,71
06/26/2009,ERI,PA,AEA,CE,Combined TRACON& Tower with Radar,0,32,21,0,53,0,0,16,2,18,0,32,37,2,71,22,0,22,93
06/27/2009,ERI,PA,AEA,CE,Combined TRACON& Tower with Radar,0,23,10,1,34,0,1,29,0,30,0,24,39,1,64,37,0,37,101
06/28/2009,ERI,PA,AEA,CE,Combined TRACON& Tower with Radar,0,22,10,0,32,0,0,9,0,9,0,22,19,0,41,4,0,4,45
06/29/2009,ERI,PA,AEA,CE,Combined TRACON& Tower with Radar,0,26,15,0,41,0,3,16,1,20,0,29,31,1,61,24,0,24,85
06/30/2009,ERI,PA,AEA,CE,Combined TRACON& Tower with Radar,0,25,19,1,45,0,0,0,0,0,0,25,19,1,45,2,0,2,47
07/01/2009,ERI,PA,AEA,CE,Combined TRACON& Tower with Radar,0,23,17,3,43,0,7,3,0,10,0,30,20,3,53,0,0,0,53
07/02/2009,ERI,PA,AEA,CE,Combined TRACON& Tower with Radar,0,26,23,0,49,0,0,4,0,4,0,26,27,0,53,0,0,0,53
07/03/2009,ERI,PA,AEA,CE,Combined TRACON& Tower with Radar,0,26,14,1,41,0,0,0,0,0,0,26,14,1,41,3,0,3,44
07/04/2009,ERI,PA,AEA,CE,Combined TRACON& Tower with Radar,0,11,10,0,21,0,0,24,0,24,0,11,34,0,45,24,0,24,69
07/05/2009,ERI,PA,AEA,CE,Combined TRACON& Tower with Radar,0,21,4,0,25,0,0,27,0,27,0,21,31,0,52,10,0,10,62
07/06/2009,ERI,PA,AEA,CE,Combined TRACON& Tower with Radar,0,26,12,0,38,0,0,21,3,24,0,26,33,3,62,10,0,10,72
07/07/2009,ERI,PA,AEA,CE,Combined TRACON& Tower with Radar,0,28,15,0,43,0,0,20,0,20,0,28,35,0,63,38,0,38,101
07/08/2009,ERI,PA,AEA,CE,Combined TRACON& Tower with Radar,0,34,17,4,55,0,1,15,0,16,0,35,32,4,71,54,0,54,125
07/09/2009,ERI,PA,AEA,CE,Combined TRACON& Tower with Radar,0,27,18,0,45,0,0,43,6,49,0,27,61,6,94,24,6,30,124
07/10/2009,ERI,PA,AEA,CE,Combined TRACON& Tower with Radar,0,25,7,2,34,0,0,18,0,18,0,25,25,2,52,84,4,88,140
07/11/2009,ERI,PA,AEA,CE,Combined TRACON& Tower with Radar,0,18,9,0,27,0,0,1,0,1,0,18,10,0,28,0,0,0,28
07/12/2009,ERI,PA,AEA,CE,Combined TRACON& Tower with Radar,0,28,20,0,48,0,0,40,0,40,0,28,60,0,88,44,0,44,132
07/13/2009,ERI,PA,AEA,CE,Combined TRACON& Tower with Radar,0,29,4,6,39,0,0,29,0,29,0,29,33,6,68,18,8,26,94
07/14/2009,ERI,PA,AEA,CE,Combined TRACON& Tower with Radar,0,29,8,0,37,0,1,36,1,38,0,30,44,1,75,50,0,50,125
07/15/2009,ERI,PA,AEA,CE,Combined TRACON& Tower with Radar,0,30,14,4,48,0,0,16,0,16,0,30,30,4,64,14,16,30,94
07/16/2009,ERI,PA,AEA,CE,Combined TRACON& Tower with Radar,0,36,12,8,56,0,0,22,0,22,0,36,34,8,78,20,4,24,102
07/17/2009,ERI,PA,AEA,CE,Combined TRACON& Tower with Radar,0,25,19,2,46,0,1,12,2,15,0,26,31,4,61,4,0,4,65
07/18/2009,ERI,PA,AEA,CE,Combined TRACON& Tower with Radar,0,17,11,2,30,0,0,9,0,9,0,17,20,2,39,6,0,6,45
07/19/2009,ERI,PA,AEA,CE,Combined TRACON& Tower with Radar,0,25,28,2,55,0,0,20,0,20,0,25,48,2,75,7,0,7,82
07/20/2009,ERI,PA,AEA,CE,Combined TRACON& Tower with Radar,0,27,17,0,44,0,0,27,0,27,0,27,44,0,71,26,0,26,97
07/21/2009,ERI,PA,AEA,CE,Combined TRACON& Tower with Radar,0,26,8,0,34,0,1,2,0,3,0,27,10,0,37,12,0,12,49
07/22/2009,ERI,PA,AEA,CE,Combined TRACON& Tower with Radar,0,21,13,0,34,0,0,12,0,12,0,21,25,0,46,14,0,14,60
07/23/2009,ERI,PA,AEA,CE,Combined TRACON& Tower with Radar,0,27,27,0,54,0,0,2,0,2,0,27,29,0,56,8,0,8,64
07/24/2009,ERI,PA,AEA,CE,Combined TRACON& Tower with Radar,0,27,16,0,43,0,0,9,0,9,0,27,25,0,52,56,0,56,108
07/25/2009,ERI,PA,AEA,CE,Combined TRACON& Tower with Radar,0,17,12,0,29,0,0,24,0,24,0,17,36,0,53,22,0,22,75
07/26/2009,ERI,PA,AEA,CE,Combined TRACON& Tower with Radar,0,21,16,0,37,0,0,13,0,13,0,21,29,0,50,7,0,7,57
07/27/2009,ERI,PA,AEA,CE,Combined TRACON& Tower with Radar,0,25,29,0,54,0,0,24,1,25,0,25,53,1,79,88,0,88,167
07/28/2009,ERI,PA,AEA,CE,Combined TRACON& Tower with Radar,0,29,18,0,47,0,0,31,0,31,0,29,49,0,78,64,0,64,142
07/29/2009,ERI,PA,AEA,CE,Combined TRACON& Tower with Radar,0,25,24,8,57,0,0,3,2,5,0,25,27,10,62,12,10,22,84
07/30/2009,ERI,PA,AEA,CE,Combined TRACON& Tower with Radar,0,28,28,2,58,0,0,20,0,20,0,28,48,2,78,46,0,46,124
07/31/2009,ERI,PA,AEA,CE,Combined TRACON& Tower with Radar,0,27,17,4,48,0,1,9,0,10,0,28,26,4,58,0,2,2,60
08/01/2009,ERI,PA,AEA,CE,Combined TRACON& Tower with Radar,0,21,19,0,40,0,0,41,0,41,0,21,60,0,81,6,0,6,87
08/02/2009,ERI,PA,AEA,CE,Combined TRACON& Tower with Radar,0,22,25,0,47,0,2,17,1,20,0,24,42,1,67,14,0,14,81
08/03/2009,ERI,PA,AEA,CE,Combined TRACON& Tower with Radar,2,23,9,0,34,0,1,28,0,29,2,24,37,0,63,28,4,32,95
08/04/2009,ERI,PA,AEA,CE,Combined TRACON& Tower with Radar,0,31,12,0,43,0,0,8,0,8,0,31,20,0,51,0,0,0,51
08/05/2009,ERI,PA,AEA,CE,Combined TRACON& Tower with Radar,2,28,28,0,58,0,0,37,0,37,2,28,65,0,95,46,0,46,141
08/06/2009,ERI,PA,AEA,CE,Combined TRACON& Tower with Radar,0,34,9,0,43,0,0,32,0,32,0,34,41,0,75,18,0,18,93
08/07/2009,ERI,PA,AEA,CE,Combined TRACON& Tower with Radar,0,31,10,0,41,0,0,16,0,16,0,31,26,0,57,14,0,14,71
08/08/2009,ERI,PA,AEA,CE,Combined TRACON& Tower with Radar,0,20,12,0,32,0,0,5,2,7,0,20,17,2,39,4,0,4,43
08/09/2009,ERI,PA,AEA,CE,Combined TRACON& Tower with Radar,0,24,7,0,31,0,0,13,0,13,0,24,20,0,44,12,0,12,56
08/10/2009,ERI,PA,AEA,CE,Combined TRACON& Tower with Radar,0,31,11,14,56,0,1,4,0,5,0,32,15,14,61,4,14,18,79
08/11/2009,ERI,PA,AEA,CE,Combined TRACON& Tower with Radar,0,32,13,0,45,0,0,18,4,22,0,32,31,4,67,28,0,28,95
08/12/2009,ERI,PA,AEA,CE,Combined TRACON& Tower with Radar,0,30,24,0,54,0,0,17,0,17,0,30,41,0,71,18,0,18,89
08/13/2009,ERI,PA,AEA,CE,Combined TRACON& Tower with Radar,0,28,28,0,56,0,0,17,2,19,0,28,45,2,75,20,0,20,95
08/14/2009,ERI,PA,AEA,CE,Combined TRACON& Tower with Radar,0,28,32,0,60,0,0,39,2,41,0,28,71,2,101,16,0,16,117
08/15/2009,ERI,PA,AEA,CE,Combined TRACON& Tower with Radar,0,21,12,0,33,0,1,28,0,29,0,22,40,0,62,30,0,30,92
08/16/2009,ERI,PA,AEA,CE,Combined TRACON& Tower with Radar,0,25,16,0,41,0,0,17,0,17,0,25,33,0,58,16,0,16,74
08/17/2009,ERI,PA,AEA,CE,Combined TRACON& Tower with Radar,0,26,23,0,49,0,0,32,0,32,0,26,55,0,81,18,0,18,99
08/18/2009,ERI,PA,AEA,CE,Combined TRACON& Tower with Radar,0,27,13,2,42,0,2,9,0,11,0,29,22,2,53,6,12,18,71
08/19/2009,ERI,PA,AEA,CE,Combined TRACON& Tower with Radar,0,31,13,0,44,0,0,21,0,21,0,31,34,0,65,54,0,54,119
08/20/2009,ERI,PA,AEA,CE,Combined TRACON& Tower with Radar,0,26,10,0,36,0,0,0,0,0,0,26,10,0,36,0,0,0,36
08/21/2009,ERI,PA,AEA,CE,Combined TRACON& Tower with Radar,0,27,14,2,43,0,0,3,0,3,0,27,17,2,46,5,0,5,51
08/22/2009,ERI,PA,AEA,CE,Combined TRACON& Tower with Radar,0,16,16,0,32,0,0,22,0,22,0,16,38,0,54,8,0,8,62
08/23/2009,ERI,PA,AEA,CE,Combined TRACON& Tower with Radar,0,23,16,0,39,0,1,5,1,7,0,24,21,1,46,4,0,4,50
08/24/2009,ERI,PA,AEA,CE,Combined TRACON& Tower with Radar,0,33,9,0,42,0,0,24,0,24,0,33,33,0,66,8,0,8,74
08/25/2009,ERI,PA,AEA,CE,Combined TRACON& Tower with Radar,0,26,17,0,43,0,1,43,2,46,0,27,60,2,89,38,0,38,127
08/26/2009,ERI,PA,AEA,CE,Combined TRACON& Tower with Radar,0,27,17,0,44,0,0,0,0,0,0,27,17,0,44,2,0,2,46
08/27/2009,ERI,PA,AEA,CE,Combined TRACON& Tower with Radar,0,34,17,0,51,0,0,23,0,23,0,34,40,0,74,31,0,31,105
08/28/2009,ERI,PA,AEA,CE,Combined TRACON& Tower with Radar,0,31,11,0,42,0,2,5,1,8,0,33,16,1,50,8,0,8,58
08/29/2009,ERI,PA,AEA,CE,Combined TRACON& Tower with Radar,0,16,11,0,27,0,1,5,1,7,0,17,16,1,34,10,0,10,44
08/30/2009,ERI,PA,AEA,CE,Combined TRACON& Tower with Radar,0,26,10,0,36,0,0,2,0,2,0,26,12,0,38,0,0,0,38
08/31/2009,ERI,PA,AEA,CE,Combined TRACON& Tower with Radar,0,29,11,0,40,0,0,27,2,29,0,29,38,2,69,40,0,40,109
09/01/2009,ERI,PA,AEA,CE,Combined TRACON& Tower with Radar,0,25,23,0,48,0,0,33,0,33,0,25,56,0,81,48,0,48,129
09/02/2009,ERI,PA,AEA,CE,Combined TRACON& Tower with Radar,0,31,25,0,56,0,1,24,0,25,0,32,49,0,81,0,0,0,81
09/03/2009,ERI,PA,AEA,CE,Combined TRACON& Tower with Radar,2,29,19,2,52,0,0,36,0,36,2,29,55,2,88,5,0,5,93
09/04/2009,ERI,PA,AEA,CE,Combined TRACON& Tower with Radar,0,34,17,0,51,0,1,29,0,30,0,35,46,0,81,37,0,37,118
09/05/2009,ERI,PA,AEA,CE,Combined TRACON& Tower with Radar,2,11,13,0,26,0,0,36,0,36,2,11,49,0,62,18,0,18,80
09/06/2009,ERI,PA,AEA,CE,Combined TRACON& Tower with Radar,0,12,9,0,21,0,0,41,1,42,0,12,50,1,63,56,0,56,119
09/07/2009,ERI,PA,AEA,CE,Combined TRACON& Tower with Radar,0,20,12,0,32,0,0,0,0,0,0,20,12,0,32,4,0,4,36
09/08/2009,ERI,PA,AEA,CE,Combined TRACON& Tower with Radar,0,28,13,0,41,0,0,2,0,2,0,28,15,0,43,20,0,20,63
09/09/2009,ERI,PA,AEA,CE,Combined TRACON& Tower with Radar,0,30,15,0,45,0,0,18,0,18,0,30,33,0,63,21,0,21,84
09/10/2009,ERI,PA,AEA,CE,Combined TRACON& Tower with Radar,0,32,15,0,47,0,0,7,0,7,0,32,22,0,54,20,0,20,74
09/11/2009,ERI,PA,AEA,CE,Combined TRACON& Tower with Radar,0,30,24,1,55,0,0,7,1,8,0,30,31,2,63,22,0,22,85
09/12/2009,ERI,PA,AEA,CE,Combined TRACON& Tower with Radar,0,13,15,0,28,0,1,9,0,10,0,14,24,0,38,32,0,32,70
09/13/2009,ERI,PA,AEA,CE,Combined TRACON& Tower with Radar,0,19,23,0,42,0,0,37,0,37,0,19,60,0,79,44,0,44,123
09/14/2009,ERI,PA,AEA,CE,Combined TRACON& Tower with Radar,0,27,15,0,42,0,0,5,0,5,0,27,20,0,47,22,0,22,69
09/15/2009,ERI,PA,AEA,CE,Combined TRACON& Tower with Radar,0,28,19,0,47,0,1,22,0,23,0,29,41,0,70,34,0,34,104
09/16/2009,ERI,PA,AEA,CE,Combined TRACON& Tower with Radar,0,27,23,2,52,0,0,4,0,4,0,27,27,2,56,18,2,20,76
09/17/2009,ERI,PA,AEA,CE,Combined TRACON& Tower with Radar,0,26,6,12,44,0,0,17,0,17,0,26,23,12,61,46,12,58,119
09/18/2009,ERI,PA,AEA,CE,Combined TRACON& Tower with Radar,0,30,19,0,49,0,0,27,0,27,0,30,46,0,76,20,0,20,96
09/19/2009,ERI,PA,AEA,CE,Combined TRACON& Tower with Radar,0,13,13,0,26,0,0,28,0,28,0,13,41,0,54,28,0,28,82
09/20/2009,ERI,PA,AEA,CE,Combined TRACON& Tower with Radar,0,19,6,0,25,0,0,39,1,40,0,19,45,1,65,64,0,64,129
09/21/2009,ERI,PA,AEA,CE,Combined TRACON& Tower with Radar,0,28,12,4,44,0,0,9,0,9,0,28,21,4,53,8,0,8,61
09/22/2009,ERI,PA,AEA,CE,Combined TRACON& Tower with Radar,0,26,16,2,44,0,0,0,0,0,0,26,16,2,44,2,6,8,52
09/23/2009,ERI,PA,AEA,CE,Combined TRACON& Tower with Radar,0,31,9,0,40,0,0,5,0,5,0,31,14,0,45,0,0,0,45
09/24/2009,ERI,PA,AEA,CE,Combined TRACON& Tower with Radar,0,34,9,0,43,0,1,10,0,11,0,35,19,0,54,54,0,54,108
09/25/2009,ERI,PA,AEA,CE,Combined TRACON& Tower with Radar,0,35,12,0,47,0,2,22,0,24,0,37,34,0,71,34,0,34,105
09/26/2009,ERI,PA,AEA,CE,Combined TRACON& Tower with Radar,0,16,13,0,29,0,1,3,0,4,0,17,16,0,33,0,0,0,33
09/27/2009,ERI,PA,AEA,CE,Combined TRACON& Tower with Radar,0,19,9,0,28,0,0,16,0,16,0,19,25,0,44,32,0,32,76
09/28/2009,ERI,PA,AEA,CE,Combined TRACON& Tower with Radar,0,26,12,0,38,0,0,0,0,0,0,26,12,0,38,0,0,0,38
09/29/2009,ERI,PA,AEA,CE,Combined TRACON& Tower with Radar,0,26,8,0,34,0,0,0,0,0,0,26,8,0,34,0,0,0,34
09/30/2009,ERI,PA,AEA,CE,Combined TRACON& Tower with Radar,0,27,18,0,45,0,0,1,0,1,0,27,19,0,46,0,0,0,46
10/01/2009,ERI,PA,AEA,CE,Combined TRACON& Tower with Radar,0,29,12,6,47,0,0,26,0,26,0,29,38,6,73,28,10,38,111
10/02/2009,ERI,PA,AEA,CE,Combined TRACON& Tower with Radar,0,37,17,0,54,0,0,0,0,0,0,37,17,0,54,8,0,8,62
10/03/2009,ERI,PA,AEA,CE,Combined TRACON& Tower with Radar,0,14,10,0,24,0,0,8,0,8,0,14,18,0,32,56,0,56,88
10/04/2009,ERI,PA,AEA,CE,Combined TRACON& Tower with Radar,0,23,4,0,27,0,1,5,0,6,0,24,9,0,33,2,0,2,35
10/05/2009,ERI,PA,AEA,CE,Combined TRACON& Tower with Radar,0,26,10,8,44,0,1,11,1,13,0,27,21,9,57,64,14,78,135
10/06/2009,ERI,PA,AEA,CE,Combined TRACON& Tower with Radar,0,25,11,0,36,0,0,17,0,17,0,25,28,0,53,48,0,48,101
10/07/2009,ERI,PA,AEA,CE,Combined TRACON& Tower with Radar,0,28,15,1,44,0,0,2,1,3,0,28,17,2,47,0,0,0,47
10/08/2009,ERI,PA,AEA,CE,Combined TRACON& Tower with Radar,0,30,23,0,53,0,2,15,0,17,0,32,38,0,70,42,0,42,112
10/09/2009,ERI,PA,AEA,CE,Combined TRACON& Tower with Radar,0,34,27,0,61,0,0,0,0,0,0,34,27,0,61,0,0,0,61
10/10/2009,ERI,PA,AEA,CE,Combined TRACON& Tower with Radar,0,18,12,0,30,0,0,18,0,18,0,18,30,0,48,36,0,36,84
10/11/2009,ERI,PA,AEA,CE,Combined TRACON& Tower with Radar,0,24,6,0,30,0,0,13,0,13,0,24,19,0,43,36,0,36,79
10/12/2009,ERI,PA,AEA,CE,Combined TRACON& Tower with Radar,2,25,19,0,46,0,4,18,0,22,2,29,37,0,68,38,0,38,106
10/13/2009,ERI,PA,AEA,CE,Combined TRACON& Tower with Radar,0,30,16,0,46,0,1,0,2,3,0,31,16,2,49,6,0,6,55
10/14/2009,ERI,PA,AEA,CE,Combined TRACON& Tower with Radar,2,25,16,8,51,0,0,12,0,12,2,25,28,8,63,26,18,44,107
10/15/2009,ERI,PA,AEA,CE,Combined TRACON& Tower with Radar,0,29,23,4,56,0,0,1,0,1,0,29,24,4,57,4,8,12,69
10/16/2009,ERI,PA,AEA,CE,Combined TRACON& Tower with Radar,0,27,7,0,34,0,0,5,0,5,0,27,12,0,39,0,0,0,39
10/17/2009,ERI,PA,AEA,CE,Combined TRACON& Tower with Radar,0,14,3,0,17,0,0,2,0,2,0,14,5,0,19,24,0,24,43
10/18/2009,ERI,PA,AEA,CE,Combined TRACON& Tower with Radar,0,20,11,0,31,0,0,38,0,38,0,20,49,0,69,38,0,38,107
10/19/2009,ERI,PA,AEA,CE,Combined TRACON& Tower with Radar,0,27,7,5,39,0,0,28,0,28,0,27,35,5,67,30,4,34,101
10/20/2009,ERI,PA,AEA,CE,Combined TRACON& Tower with Radar,0,23,14,0,37,0,0,20,0,20,0,23,34,0,57,34,0,34,91
10/21/2009,ERI,PA,AEA,CE,Combined TRACON& Tower with Radar,0,25,11,9,45,0,0,25,0,25,0,25,36,9,70,44,10,54,124
10/22/2009,ERI,PA,AEA,CE,Combined TRACON& Tower with Radar,0,38,9,0,47,0,0,12,0,12,0,38,21,0,59,14,0,14,73
10/23/2009,ERI,PA,AEA,CE,Combined TRACON& Tower with Radar,0,29,9,2,40,0,0,1,0,1,0,29,10,2,41,0,0,0,41
10/24/2009,ERI,PA,AEA,CE,Combined TRACON& Tower with Radar,0,20,6,0,26,0,1,3,0,4,0,21,9,0,30,24,0,24,54
10/25/2009,ERI,PA,AEA,CE,Combined TRACON& Tower with Radar,0,24,12,0,36,0,1,37,0,38,0,25,49,0,74,48,0,48,122
10/26/2009,ERI,PA,AEA,CE,Combined TRACON& Tower with Radar,0,27,14,12,53,0,0,32,0,32,0,27,46,12,85,64,20,84,169
10/27/2009,ERI,PA,AEA,CE,Combined TRACON& Tower with Radar,0,22,24,0,46,0,0,14,0,14,0,22,38,0,60,54,0,54,114
10/28/2009,ERI,PA,AEA,CE,Combined TRACON& Tower with Radar,0,26,9,0,35,0,0,0,0,0,0,26,9,0,35,2,0,2,37
10/29/2009,ERI,PA,AEA,CE,Combined TRACON& Tower with Radar,0,27,22,4,53,0,0,5,0,5,0,27,27,4,58,50,4,54,112
10/30/2009,ERI,PA,AEA,CE,Combined TRACON& Tower with Radar,0,27,9,0,36,0,0,3,0,3,0,27,12,0,39,4,0,4,43
10/31/2009,ERI,PA,AEA,CE,Combined TRACON& Tower with Radar,0,13,5,0,18,0,0,0,0,0,0,13,5,0,18,0,0,0,18
11/01/2009,ERI,PA,AEA,CE,Combined TRACON& Tower with Radar,0,19,12,0,31,0,0,9,1,10,0,19,21,1,41,8,0,8,49
11/02/2009,ERI,PA,AEA,CE,Combined TRACON& Tower with Radar,0,28,14,0,42,0,0,28,0,28,0,28,42,0,70,59,0,59,129
11/03/2009,ERI,PA,AEA,CE,Combined TRACON& Tower with Radar,0,28,23,0,51,0,1,0,0,1,0,29,23,0,52,36,0,36,88
11/04/2009,ERI,PA,AEA,CE,Combined TRACON& Tower with Radar,0,26,16,0,42,0,0,8,0,8,0,26,24,0,50,28,0,28,78
11/05/2009,ERI,PA,AEA,CE,Combined TRACON& Tower with Radar,0,28,13,1,42,0,0,3,0,3,0,28,16,1,45,0,0,0,45
11/06/2009,ERI,PA,AEA,CE,Combined TRACON& Tower with Radar,0,28,19,1,48,0,0,30,1,31,0,28,49,2,79,25,10,35,114
11/07/2009,ERI,PA,AEA,CE,Combined TRACON& Tower with Radar,0,17,7,0,24,0,1,14,1,16,0,18,21,1,40,24,0,24,64
11/08/2009,ERI,PA,AEA,CE,Combined TRACON& Tower with Radar,0,20,8,0,28,0,0,23,0,23,0,20,31,0,51,84,2,86,137
11/09/2009,ERI,PA,AEA,CE,Combined TRACON& Tower with Radar,0,26,11,12,49,0,0,12,1,13,0,26,23,13,62,16,14,30,92
11/10/2009,ERI,PA,AEA,CE,Combined TRACON& Tower with Radar,0,24,16,0,40,0,0,20,0,20,0,24,36,0,60,28,0,28,88
11/11/2009,ERI,PA,AEA,CE,Combined TRACON& Tower with Radar,0,24,12,0,36,0,1,21,1,23,0,25,33,1,59,40,0,40,99
11/12/2009,ERI,PA,AEA,CE,Combined TRACON& Tower with Radar,0,26,16,3,45,0,0,33,1,34,0,26,49,4,79,34,0,34,113
11/13/2009,ERI,PA,AEA,CE,Combined TRACON& Tower with Radar,0,26,14,6,46,0,0,31,0,31,0,26,45,6,77,80,6,86,163
11/14/2009,ERI,PA,AEA,CE,Combined TRACON& Tower with Radar,0,15,13,0,28,0,0,33,0,33,0,15,46,0,61,70,0,70,131
11/15/2009,ERI,PA,AEA,CE,Combined TRACON& Tower with Radar,0,21,8,0,29,0,0,3,0,3,0,21,11,0,32,24,0,24,56
11/16/2009,ERI,PA,AEA,CE,Combined TRACON& Tower with Radar,0,29,10,4,43,0,0,8,0,8,0,29,18,4,51,21,6,27,78
11/17/2009,ERI,PA,AEA,CE,Combined TRACON& Tower with Radar,0,25,12,2,39,0,0,17,0,17,0,25,29,2,56,48,2,50,106
11/18/2009,ERI,PA,AEA,CE,Combined TRACON& Tower with Radar,0,31,15,6,52,0,0,11,0,11,0,31,26,6,63,2,6,8,71
11/19/2009,ERI,PA,AEA,CE,Combined TRACON& Tower with Radar,0,25,14,2,41,0,0,3,0,3,0,25,17,2,44,0,0,0,44
11/20/2009,ERI,PA,AEA,CE,Combined TRACON& Tower with Radar,0,26,4,0,30,0,0,5,0,5,0,26,9,0,35,10,0,10,45
11/21/2009,ERI,PA,AEA,CE,Combined TRACON& Tower with Radar,0,13,10,0,23,0,1,3,0,4,0,14,13,0,27,18,2,20,47
11/22/2009,ERI,PA,AEA,CE,Combined TRACON& Tower with Radar,0,20,8,0,28,0,0,18,0,18,0,20,26,0,46,18,0,18,64
11/23/2009,ERI,PA,AEA,CE,Combined TRACON& Tower with Radar,0,23,7,8,38,0,1,14,0,15,0,24,21,8,53,8,12,20,73
11/24/2009,ERI,PA,AEA,CE,Combined TRACON& Tower with Radar,0,25,17,0,42,0,0,0,0,0,0,25,17,0,42,6,0,6,48
11/25/2009,ERI,PA,AEA,CE,Combined TRACON& Tower with Radar,0,28,14,0,42,0,0,1,0,1,0,28,15,0,43,0,0,0,43
11/26/2009,ERI,PA,AEA,CE,Combined TRACON& Tower with Radar,0,9,1,0,10,0,0,1,0,1,0,9,2,0,11,2,0,2,13
11/27/2009,ERI,PA,AEA,CE,Combined TRACON& Tower with Radar,0,18,4,0,22,0,0,0,0,0,0,18,4,0,22,0,0,0,22
11/28/2009,ERI,PA,AEA,CE,Combined TRACON& Tower with Radar,0,19,6,0,25,0,0,2,0,2,0,19,8,0,27,36,0,36,63
11/29/2009,ERI,PA,AEA,CE,Combined TRACON& Tower with Radar,0,24,18,0,42,0,0,11,0,11,0,24,29,0,53,54,0,54,107
11/30/2009,ERI,PA,AEA,CE,Combined TRACON& Tower with Radar,0,31,11,0,42,0,0,0,0,0,0,31,11,0,42,0,0,0,42
12/01/2009,ERI,PA,AEA,CE,Combined TRACON& Tower with Radar,0,30,10,2,42,0,2,3,0,5,0,32,13,2,47,0,18,18,65
12/02/2009,ERI,PA,AEA,CE,Combined TRACON& Tower with Radar,0,29,10,0,39,0,0,6,2,8,0,29,16,2,47,20,0,20,67
12/03/2009,ERI,PA,AEA,CE,Combined TRACON& Tower with Radar,0,26,17,0,43,0,0,0,0,0,0,26,17,0,43,0,0,0,43
12/04/2009,ERI,PA,AEA,CE,Combined TRACON& Tower with Radar,0,37,10,0,47,0,1,11,1,13,0,38,21,1,60,4,0,4,64
12/05/2009,ERI,PA,AEA,CE,Combined TRACON& Tower with Radar,0,14,5,0,19,0,0,5,0,5,0,14,10,0,24,24,0,24,48
12/06/2009,ERI,PA,AEA,CE,Combined TRACON& Tower with Radar,0,22,7,0,29,0,0,12,0,12,0,22,19,0,41,30,0,30,71
12/07/2009,ERI,PA,AEA,CE,Combined TRACON& Tower with Radar,0,26,16,0,42,0,1,2,0,3,0,27,18,0,45,2,0,2,47
12/08/2009,ERI,PA,AEA,CE,Combined TRACON& Tower with Radar,0,25,6,0,31,0,1,8,1,10,0,26,14,1,41,18,0,18,59
12/09/2009,ERI,PA,AEA,CE,Combined TRACON& Tower with Radar,0,19,2,0,21,0,0,0,0,0,0,19,2,0,21,2,0,2,23
12/10/2009,ERI,PA,AEA,CE,Combined TRACON& Tower with Radar,0,25,5,0,30,0,0,0,0,0,0,25,5,0,30,0,0,0,30
12/11/2009,ERI,PA,AEA,CE,Combined TRACON& Tower with Radar,0,26,8,0,34,0,0,0,0,0,0,26,8,0,34,0,0,0,34
12/12/2009,ERI,PA,AEA,CE,Combined TRACON& Tower with Radar,0,15,11,0,26,0,0,13,0,13,0,15,24,0,39,0,0,0,39
12/13/2009,ERI,PA,AEA,CE,Combined TRACON& Tower with Radar,0,21,7,0,28,0,0,0,0,0,0,21,7,0,28,0,0,0,28
12/14/2009,ERI,PA,AEA,CE,Combined TRACON& Tower with Radar,0,25,10,0,35,0,1,2,0,3,0,26,12,0,38,6,0,6,44
12/15/2009,ERI,PA,AEA,CE,Combined TRACON& Tower with Radar,0,24,3,0,27,0,0,0,0,0,0,24,3,0,27,4,0,4,31
12/16/2009,ERI,PA,AEA,CE,Combined TRACON& Tower with Radar,0,36,4,0,40,0,0,0,0,0,0,36,4,0,40,0,0,0,40
12/17/2009,ERI,PA,AEA,CE,Combined TRACON& Tower with Radar,0,32,6,0,38,0,0,3,0,3,0,32,9,0,41,6,0,6,47
12/18/2009,ERI,PA,AEA,CE,Combined TRACON& Tower with Radar,0,30,7,2,39,0,0,10,0,10,0,30,17,2,49,66,20,86,135
12/19/2009,ERI,PA,AEA,CE,Combined TRACON& Tower with Radar,0,15,3,0,18,0,0,1,0,1,0,15,4,0,19,0,0,0,19
12/20/2009,ERI,PA,AEA,CE,Combined TRACON& Tower with Radar,0,20,5,0,25,0,1,16,0,17,0,21,21,0,42,42,0,42,84
12/21/2009,ERI,PA,AEA,CE,Combined TRACON& Tower with Radar,0,31,2,0,33,0,0,1,0,1,0,31,3,0,34,10,0,10,44
12/22/2009,ERI,PA,AEA,CE,Combined TRACON& Tower with Radar,0,35,19,0,54,0,1,0,2,3,0,36,19,2,57,8,4,12,69
12/23/2009,ERI,PA,AEA,CE,Combined TRACON& Tower with Radar,0,31,8,0,39,0,0,9,0,9,0,31,17,0,48,8,0,8,56
12/24/2009,ERI,PA,AEA,CE,Combined TRACON& Tower with Radar,0,18,2,0,20,0,0,2,0,2,0,18,4,0,22,2,0,2,24
12/25/2009,ERI,PA,AEA,CE,Combined TRACON& Tower with Radar,0,12,0,0,12,0,0,0,0,0,0,12,0,0,12,0,0,0,12
12/26/2009,ERI,PA,AEA,CE,Combined TRACON& Tower with Radar,0,18,14,0,32,0,0,4,0,4,0,18,18,0,36,6,0,6,42
12/27/2009,ERI,PA,AEA,CE,Combined TRACON& Tower with Radar,0,20,1,0,21,0,0,4,0,4,0,20,5,0,25,2,0,2,27
12/28/2009,ERI,PA,AEA,CE,Combined TRACON& Tower with Radar,0,18,6,0,24,0,0,0,0,0,0,18,6,0,24,0,0,0,24
12/29/2009,ERI,PA,AEA,CE,Combined TRACON& Tower with Radar,0,25,5,0,30,0,0,0,0,0,0,25,5,0,30,0,0,0,30
12/30/2009,ERI,PA,AEA,CE,Combined TRACON& Tower with Radar,0,34,8,1,43,0,0,7,0,7,0,34,15,1,50,18,0,18,68
12/31/2009,ERI,PA,AEA,CE,Combined TRACON& Tower with Radar,0,19,3,0,22,0,0,0,0,0,0,19,3,0,22,0,0,0,22
01/01/2010,ERI,PA,AEA,CE,Combined TRACON& Tower with Radar,0,17,7,0,24,0,0,0,0,0,0,17,7,0,24,6,0,6,30
01/02/2010,ERI,PA,AEA,CE,Combined TRACON& Tower with Radar,0,15,5,0,20,0,0,0,0,0,0,15,5,0,20,0,0,0,20
01/03/2010,ERI,PA,AEA,CE,Combined TRACON& Tower with Radar,0,17,4,0,21,0,0,0,0,0,0,17,4,0,21,0,0,0,21
01/04/2010,ERI,PA,AEA,CE,Combined TRACON& Tower with Radar,0,26,6,0,32,0,0,0,0,0,0,26,6,0,32,0,0,0,32
01/05/2010,ERI,PA,AEA,CE,Combined TRACON& Tower with Radar,0,22,8,0,30,0,0,0,0,0,0,22,8,0,30,0,0,0,30
01/06/2010,ERI,PA,AEA,CE,Combined TRACON& Tower with Radar,0,23,3,0,26,0,0,0,0,0,0,23,3,0,26,0,0,0,26
01/07/2010,ERI,PA,AEA,CE,Combined TRACON& Tower with Radar,0,27,14,0,41,0,0,0,0,0,0,27,14,0,41,0,0,0,41
01/08/2010,ERI,PA,AEA,CE,Combined TRACON& Tower with Radar,0,21,4,0,25,0,1,0,3,4,0,22,4,3,29,0,0,0,29
01/09/2010,ERI,PA,AEA,CE,Combined TRACON& Tower with Radar,0,15,2,0,17,0,0,6,0,6,0,15,8,0,23,18,0,18,41
01/10/2010,ERI,PA,AEA,CE,Combined TRACON& Tower with Radar,0,16,1,0,17,0,1,2,0,3,0,17,3,0,20,0,0,0,20
01/11/2010,ERI,PA,AEA,CE,Combined TRACON& Tower with Radar,0,27,11,0,38,0,0,0,0,0,0,27,11,0,38,4,0,4,42
01/12/2010,ERI,PA,AEA,CE,Combined TRACON& Tower with Radar,0,28,2,4,34,0,0,0,2,2,0,28,2,6,36,0,4,4,40
01/13/2010,ERI,PA,AEA,CE,Combined TRACON& Tower with Radar,0,22,9,0,31,0,0,4,2,6,0,22,13,2,37,2,0,2,39
01/14/2010,ERI,PA,AEA,CE,Combined TRACON& Tower with Radar,0,27,21,0,48,0,1,21,0,22,0,28,42,0,70,30,0,30,100
01/15/2010,ERI,PA,AEA,CE,Combined TRACON& Tower with Radar,0,32,9,0,41,0,0,0,0,0,0,32,9,0,41,0,0,0,41
01/16/2010,ERI,PA,AEA,CE,Combined TRACON& Tower with Radar,0,12,5,0,17,0,0,2,0,2,0,12,7,0,19,2,0,2,21
01/17/2010,ERI,PA,AEA,CE,Combined TRACON& Tower with Radar,0,21,6,0,27,0,0,0,0,0,0,21,6,0,27,0,0,0,27
01/18/2010,ERI,PA,AEA,CE,Combined TRACON& Tower with Radar,0,25,20,0,45,0,0,0,0,0,0,25,20,0,45,0,0,0,45
01/19/2010,ERI,PA,AEA,CE,Combined TRACON& Tower with Radar,0,23,8,0,31,0,0,0,0,0,0,23,8,0,31,0,0,0,31
01/20/2010,ERI,PA,AEA,CE,Combined TRACON& Tower with Radar,0,24,10,0,34,0,0,3,0,3,0,24,13,0,37,1,0,1,38
01/21/2010,ERI,PA,AEA,CE,Combined TRACON& Tower with Radar,0,28,17,0,45,0,0,15,0,15,0,28,32,0,60,52,0,52,112
01/22/2010,ERI,PA,AEA,CE,Combined TRACON& Tower with Radar,0,25,19,0,44,0,0,1,0,1,0,25,20,0,45,42,0,42,87
01/23/2010,ERI,PA,AEA,CE,Combined TRACON& Tower with Radar,0,18,7,0,25,0,1,30,0,31,0,19,37,0,56,80,0,80,136
01/24/2010,ERI,PA,AEA,CE,Combined TRACON& Tower with Radar,0,19,3,0,22,0,0,0,0,0,0,19,3,0,22,0,0,0,22
01/25/2010,ERI,PA,AEA,CE,Combined TRACON& Tower with Radar,0,24,6,0,30,0,0,0,0,0,0,24,6,0,30,0,0,0,30
01/26/2010,ERI,PA,AEA,CE,Combined TRACON& Tower with Radar,0,23,11,0,34,0,0,0,0,0,0,23,11,0,34,0,0,0,34
01/27/2010,ERI,PA,AEA,CE,Combined TRACON& Tower with Radar,0,27,5,6,38,0,0,2,0,2,0,27,7,6,40,8,4,12,52
01/28/2010,ERI,PA,AEA,CE,Combined TRACON& Tower with Radar,0,25,10,0,35,0,0,0,0,0,0,25,10,0,35,0,0,0,35
01/29/2010,ERI,PA,AEA,CE,Combined TRACON& Tower with Radar,0,29,11,0,40,0,0,3,0,3,0,29,14,0,43,4,0,4,47
01/30/2010,ERI,PA,AEA,CE,Combined TRACON& Tower with Radar,0,13,6,0,19,0,0,6,1,7,0,13,12,1,26,49,0,49,75
01/31/2010,ERI,PA,AEA,CE,Combined TRACON& Tower with Radar,0,20,0,0,20,0,0,4,0,4,0,20,4,0,24,12,0,12,36
02/01/2010,ERI,PA,AEA,CE,Combined TRACON& Tower with Radar,0,27,13,0,40,0,0,10,2,12,0,27,23,2,52,16,0,16,68
02/02/2010,ERI,PA,AEA,CE,Combined TRACON& Tower with Radar,0,26,5,0,31,0,0,0,2,2,0,26,5,2,33,0,0,0,33
02/03/2010,ERI,PA,AEA,CE,Combined TRACON& Tower with Radar,0,23,7,0,30,0,0,0,0,0,0,23,7,0,30,6,0,6,36
02/04/2010,ERI,PA,AEA,CE,Combined TRACON& Tower with Radar,0,26,14,0,40,0,0,7,0,7,0,26,21,0,47,10,0,10,57
02/05/2010,ERI,PA,AEA,CE,Combined TRACON& Tower with Radar,0,29,8,0,37,0,0,2,0,2,0,29,10,0,39,8,0,8,47
02/06/2010,ERI,PA,AEA,CE,Combined TRACON& Tower with Radar,0,10,2,0,12,0,0,0,0,0,0,10,2,0,12,0,0,0,12
02/07/2010,ERI,PA,AEA,CE,Combined TRACON& Tower with Radar,0,18,6,0,24,0,0,2,0,2,0,18,8,0,26,6,0,6,32
02/08/2010,ERI,PA,AEA,CE,Combined TRACON& Tower with Radar,0,26,11,0,37,0,1,1,0,2,0,27,12,0,39,2,0,2,41
02/09/2010,ERI,PA,AEA,CE,Combined TRACON& Tower with Radar,0,24,6,0,30,0,1,0,0,1,0,25,6,0,31,0,0,0,31
02/10/2010,ERI,PA,AEA,CE,Combined TRACON& Tower with Radar,0,18,3,0,21,0,0,0,0,0,0,18,3,0,21,0,0,0,21
02/11/2010,ERI,PA,AEA,CE,Combined TRACON& Tower with Radar,0,28,7,0,35,0,0,0,0,0,0,28,7,0,35,4,0,4,39
02/12/2010,ERI,PA,AEA,CE,Combined TRACON& Tower with Radar,2,30,9,0,41,0,0,0,0,0,2,30,9,0,41,16,0,16,57
02/13/2010,ERI,PA,AEA,CE,Combined TRACON& Tower with Radar,0,18,5,0,23,0,1,2,0,3,0,19,7,0,26,30,0,30,56
02/14/2010,ERI,PA,AEA,CE,Combined TRACON& Tower with Radar,0,19,2,0,21,0,0,2,0,2,0,19,4,0,23,0,0,0,23
02/15/2010,ERI,PA,AEA,CE,Combined TRACON& Tower with Radar,0,26,11,0,37,0,0,6,0,6,0,26,17,0,43,40,0,40,83
02/16/2010,ERI,PA,AEA,CE,Combined TRACON& Tower with Radar,0,28,12,0,40,0,0,0,0,0,0,28,12,0,40,0,0,0,40
02/17/2010,ERI,PA,AEA,CE,Combined TRACON& Tower with Radar,2,27,8,0,37,0,0,3,0,3,2,27,11,0,40,0,0,0,40
02/18/2010,ERI,PA,AEA,CE,Combined TRACON& Tower with Radar,0,26,13,0,39,0,0,0,0,0,0,26,13,0,39,0,0,0,39
02/19/2010,ERI,PA,AEA,CE,Combined TRACON& Tower with Radar,0,28,10,0,38,0,0,7,0,7,0,28,17,0,45,16,0,16,61
02/20/2010,ERI,PA,AEA,CE,Combined TRACON& Tower with Radar,0,19,18,0,37,0,0,38,0,38,0,19,56,0,75,60,0,60,135
02/21/2010,ERI,PA,AEA,CE,Combined TRACON& Tower with Radar,0,20,13,0,33,0,0,21,0,21,0,20,34,0,54,48,0,48,102
02/22/2010,ERI,PA,AEA,CE,Combined TRACON& Tower with Radar,0,25,5,0,30,0,0,0,0,0,0,25,5,0,30,0,0,0,30
02/23/2010,ERI,PA,AEA,CE,Combined TRACON& Tower with Radar,0,23,8,0,31,0,0,0,0,0,0,23,8,0,31,0,0,0,31
02/24/2010,ERI,PA,AEA,CE,Combined TRACON& Tower with Radar,0,22,4,0,26,0,0,6,0,6,0,22,10,0,32,0,0,0,32
02/25/2010,ERI,PA,AEA,CE,Combined TRACON& Tower with Radar,0,25,3,0,28,0,0,0,0,0,0,25,3,0,28,16,0,16,44
02/26/2010,ERI,PA,AEA,CE,Combined TRACON& Tower with Radar,0,16,5,0,21,0,0,0,0,0,0,16,5,0,21,0,0,0,21
02/27/2010,ERI,PA,AEA,CE,Combined TRACON& Tower with Radar,0,15,4,0,19,0,0,0,0,0,0,15,4,0,19,0,0,0,19
02/28/2010,ERI,PA,AEA,CE,Combined TRACON& Tower with Radar,0,23,3,0,26,0,0,0,0,0,0,23,3,0,26,0,0,0,26
03/01/2010,ERI,PA,AEA,CE,Combined TRACON& Tower with Radar,0,30,6,1,37,0,0,0,0,0,0,30,6,1,37,6,0,6,43
03/02/2010,ERI,PA,AEA,CE,Combined TRACON& Tower with Radar,0,25,10,8,43,0,0,0,0,0,0,25,10,8,43,0,4,4,47
03/03/2010,ERI,PA,AEA,CE,Combined TRACON& Tower with Radar,0,25,9,0,34,0,0,8,2,10,0,25,17,2,44,26,0,26,70
03/04/2010,ERI,PA,AEA,CE,Combined TRACON& Tower with Radar,0,26,15,0,41,0,0,22,0,22,0,26,37,0,63,48,0,48,111
03/05/2010,ERI,PA,AEA,CE,Combined TRACON& Tower with Radar,0,27,13,0,40,0,0,17,2,19,0,27,30,2,59,36,0,36,95
03/06/2010,ERI,PA,AEA,CE,Combined TRACON& Tower with Radar,0,19,12,0,31,0,0,30,2,32,0,19,42,2,63,6,0,6,69
03/07/2010,ERI,PA,AEA,CE,Combined TRACON& Tower with Radar,0,21,5,0,26,0,0,11,0,11,0,21,16,0,37,6,0,6,43
03/08/2010,ERI,PA,AEA,CE,Combined TRACON& Tower with Radar,0,28,12,0,40,0,0,23,0,23,0,28,35,0,63,50,0,50,113
03/09/2010,ERI,PA,AEA,CE,Combined TRACON& Tower with Radar,0,26,16,0,42,0,1,18,0,19,0,27,34,0,61,25,0,25,86
03/10/2010,ERI,PA,AEA,CE,Combined TRACON& Tower with Radar,0,31,16,0,47,0,0,7,0,7,0,31,23,0,54,14,0,14,68
03/11/2010,ERI,PA,AEA,CE,Combined TRACON& Tower with Radar,0,33,27,0,60,0,0,18,1,19,0,33,45,1,79,38,0,38,117
03/12/2010,ERI,PA,AEA,CE,Combined TRACON& Tower with Radar,0,27,12,0,39,0,0,3,0,3,0,27,15,0,42,14,0,14,56
03/13/2010,ERI,PA,AEA,CE,Combined TRACON& Tower with Radar,0,20,6,0,26,0,0,0,0,0,0,20,6,0,26,0,0,0,26
03/14/2010,ERI,PA,AEA,CE,Combined TRACON& Tower with Radar,0,21,7,0,28,0,0,0,0,0,0,21,7,0,28,0,0,0,28
03/15/2010,ERI,PA,AEA,CE,Combined TRACON& Tower with Radar,0,28,6,1,35,0,0,1,1,2,0,28,7,2,37,0,0,0,37
03/16/2010,ERI,PA,AEA,CE,Combined TRACON& Tower with Radar,0,24,11,10,45,0,1,16,0,17,0,25,27,10,62,42,10,52,114
03/17/2010,ERI,PA,AEA,CE,Combined TRACON& Tower with Radar,2,25,20,0,47,0,0,22,0,22,2,25,42,0,69,36,0,36,105
03/18/2010,ERI,PA,AEA,CE,Combined TRACON& Tower with Radar,0,28,12,8,48,0,0,14,1,15,0,28,26,9,63,32,14,46,109
03/19/2010,ERI,PA,AEA,CE,Combined TRACON& Tower with Radar,0,29,7,0,36,0,0,19,0,19,0,29,26,0,55,32,0,32,87
03/20/2010,ERI,PA,AEA,CE,Combined TRACON& Tower with Radar,2,21,7,0,30,0,0,15,0,15,2,21,22,0,45,31,0,31,76
03/21/2010,ERI,PA,AEA,CE,Combined TRACON& Tower with Radar,0,24,8,0,32,0,0,4,0,4,0,24,12,0,36,24,0,24,60
03/22/2010,ERI,PA,AEA,CE,Combined TRACON& Tower with Radar,0,23,13,0,36,0,0,0,0,0,0,23,13,0,36,0,0,0,36
03/23/2010,ERI,PA,AEA,CE,Combined TRACON& Tower with Radar,0,12,7,0,19,0,0,0,0,0,0,12,7,0,19,0,0,0,19
03/24/2010,ERI,PA,AEA,CE,Combined TRACON& Tower with Radar,0,26,15,4,45,0,0,17,0,17,0,26,32,4,62,38,4,42,104
03/25/2010,ERI,PA,AEA,CE,Combined TRACON& Tower with Radar,0,30,11,4,45,0,0,4,0,4,0,30,15,4,49,12,6,18,67
03/26/2010,ERI,PA,AEA,CE,Combined TRACON& Tower with Radar,0,27,6,0,33,0,1,13,0,14,0,28,19,0,47,8,0,8,55
03/27/2010,ERI,PA,AEA,CE,Combined TRACON& Tower with Radar,0,15,10,0,25,0,2,20,0,22,0,17,30,0,47,36,0,36,83
03/28/2010,ERI,PA,AEA,CE,Combined TRACON& Tower with Radar,0,20,8,0,28,0,0,0,0,0,0,20,8,0,28,0,0,0,28
03/29/2010,ERI,PA,AEA,CE,Combined TRACON& Tower with Radar,0,30,12,0,42,0,0,0,0,0,0,30,12,0,42,24,0,24,66
03/30/2010,ERI,PA,AEA,CE,Combined TRACON& Tower with Radar,0,25,29,5,59,0,0,14,0,14,0,25,43,5,73,8,4,12,85
03/31/2010,ERI,PA,AEA,CE,Combined TRACON& Tower with Radar,0,27,7,4,38,0,0,21,0,21,0,27,28,4,59,86,6,92,151
04/01/2010,ERI,PA,AEA,CE,Combined TRACON& Tower with Radar,0,30,13,0,43,0,0,12,0,12,0,30,25,0,55,44,0,44,99
04/02/2010,ERI,PA,AEA,CE,Combined TRACON& Tower with Radar,0,21,13,0,34,0,1,26,0,27,0,22,39,0,61,55,0,55,116
04/03/2010,ERI,PA,AEA,CE,Combined TRACON& Tower with Radar,0,15,6,0,21,0,0,29,0,29,0,15,35,0,50,12,0,12,62
04/04/2010,ERI,PA,AEA,CE,Combined TRACON& Tower with Radar,0,20,3,0,23,0,0,13,0,13,0,20,16,0,36,52,0,52,88
04/05/2010,ERI,PA,AEA,CE,Combined TRACON& Tower with Radar,0,30,16,0,46,0,0,7,0,7,0,30,23,0,53,6,0,6,59
04/06/2010,ERI,PA,AEA,CE,Combined TRACON& Tower with Radar,0,25,8,6,39,0,0,6,0,6,0,25,14,6,45,8,6,14,59
04/07/2010,ERI,PA,AEA,CE,Combined TRACON& Tower with Radar,0,28,17,7,52,0,0,11,0,11,0,28,28,7,63,22,10,32,95
04/08/2010,ERI,PA,AEA,CE,Combined TRACON& Tower with Radar,0,30,5,4,39,0,0,1,0,1,0,30,6,4,40,0,6,6,46
04/09/2010,ERI,PA,AEA,CE,Combined TRACON& Tower with Radar,0,33,12,2,47,0,0,1,0,1,0,33,13,2,48,2,4,6,54
04/10/2010,ERI,PA,AEA,CE,Combined TRACON& Tower with Radar,0,14,11,0,25,0,0,32,0,32,0,14,43,0,57,69,0,69,126
04/11/2010,ERI,PA,AEA,CE,Combined TRACON& Tower with Radar,0,23,15,0,38,0,1,20,0,21,0,24,35,0,59,66,0,66,125
04/12/2010,ERI,PA,AEA,CE,Combined TRACON& Tower with Radar,0,29,19,0,48,0,0,16,0,16,0,29,35,0,64,88,0,88,152
04/13/2010,ERI,PA,AEA,CE,Combined TRACON& Tower with Radar,0,30,18,4,52,0,0,13,0,13,0,30,31,4,65,44,4,48,113
04/14/2010,ERI,PA,AEA,CE,Combined TRACON& Tower with Radar,0,28,5,6,39,0,0,22,0,22,0,28,27,6,61,98,0,98,159
04/15/2010,ERI,PA,AEA,CE,Combined TRACON& Tower with Radar,0,28,15,0,43,0,0,10,1,11,0,28,25,1,54,54,0,54,108
04/16/2010,ERI,PA,AEA,CE,Combined TRACON& Tower with Radar,0,29,11,0,40,0,0,2,0,2,0,29,13,0,42,22,0,22,64
04/17/2010,ERI,PA,AEA,CE,Combined TRACON& Tower with Radar,0,14,8,0,22,0,0,3,0,3,0,14,11,0,25,0,0,0,25
04/18/2010,ERI,PA,AEA,CE,Combined TRACON& Tower with Radar,0,23,7,0,30,0,1,0,0,1,0,24,7,0,31,2,0,2,33
04/19/2010,ERI,PA,AEA,CE,Combined TRACON& Tower with Radar,2,28,17,8,55,0,0,12,0,12,2,28,29,8,67,56,12,68,135
04/20/2010,ERI,PA,AEA,CE,Combined TRACON& Tower with Radar,0,27,11,0,38,0,0,24,0,24,0,27,35,0,62,56,0,56,118
04/21/2010,ERI,PA,AEA,CE,Combined TRACON& Tower with Radar,2,27,16,8,53,0,0,31,0,31,2,27,47,8,84,44,8,52,136
04/22/2010,ERI,PA,AEA,CE,Combined TRACON& Tower with Radar,0,32,12,0,44,0,0,19,0,19,0,32,31,0,63,23,0,23,86
04/23/2010,ERI,PA,AEA,CE,Combined TRACON& Tower with Radar,0,27,18,0,45,0,0,30,0,30,0,27,48,0,75,92,0,92,167
04/24/2010,ERI,PA,AEA,CE,Combined TRACON& Tower with Radar,0,11,7,0,18,0,0,4,0,4,0,11,11,0,22,5,0,5,27
04/25/2010,ERI,PA,AEA,CE,Combined TRACON& Tower with Radar,0,21,7,0,28,0,0,0,0,0,0,21,7,0,28,5,0,5,33
04/26/2010,ERI,PA,AEA,CE,Combined TRACON& Tower with Radar,0,27,3,0,30,0,0,0,0,0,0,27,3,0,30,4,0,4,34
04/27/2010,ERI,PA,AEA,CE,Combined TRACON& Tower with Radar,0,28,22,4,54,0,0,20,0,20,0,28,42,4,74,39,4,43,117
04/28/2010,ERI,PA,AEA,CE,Combined TRACON& Tower with Radar,0,29,19,0,48,0,0,7,0,7,0,29,26,0,55,1,0,1,56
04/29/2010,ERI,PA,AEA,CE,Combined TRACON& Tower with Radar,0,32,16,2,50,0,0,24,0,24,0,32,40,2,74,64,6,70,144
04/30/2010,ERI,PA,AEA,CE,Combined TRACON& Tower with Radar,0,29,21,0,50,0,1,26,0,27,0,30,47,0,77,68,0,68,145
05/01/2010,ERI,PA,AEA,CE,Combined TRACON& Tower with Radar,0,14,4,0,18,0,0,4,0,4,0,14,8,0,22,8,0,8,30
05/02/2010,ERI,PA,AEA,CE,Combined TRACON& Tower with Radar,2,26,8,0,36,0,0,3,0,3,2,26,11,0,39,1,0,1,40
05/03/2010,ERI,PA,AEA,CE,Combined TRACON& Tower with Radar,0,30,9,6,45,0,0,12,0,12,0,30,21,6,57,23,0,23,80
05/04/2010,ERI,PA,AEA,CE,Combined TRACON& Tower with Radar,2,27,22,0,51,0,1,24,0,25,2,28,46,0,76,93,0,93,169
05/05/2010,ERI,PA,AEA,CE,Combined TRACON& Tower with Radar,0,23,10,0,33,0,0,9,3,12,0,23,19,3,45,19,0,19,64
05/06/2010,ERI,PA,AEA,CE,Combined TRACON& Tower with Radar,0,33,11,0,44,0,0,27,0,27,0,33,38,0,71,116,0,116,187
05/07/2010,ERI,PA,AEA,CE,Combined TRACON& Tower with Radar,0,24,19,0,43,0,0,6,0,6,0,24,25,0,49,33,0,33,82
05/08/2010,ERI,PA,AEA,CE,Combined TRACON& Tower with Radar,0,13,2,0,15,0,0,1,0,1,0,13,3,0,16,9,0,9,25
05/09/2010,ERI,PA,AEA,CE,Combined TRACON& Tower with Radar,0,22,2,0,24,0,0,0,0,0,0,22,2,0,24,4,0,4,28
05/10/2010,ERI,PA,AEA,CE,Combined TRACON& Tower with Radar,0,30,8,0,38,0,0,20,2,22,0,30,28,2,60,56,0,56,116
05/11/2010,ERI,PA,AEA,CE,Combined TRACON& Tower with Radar,0,26,9,0,35,0,0,0,0,0,0,26,9,0,35,4,0,4,39
05/12/2010,ERI,PA,AEA,CE,Combined TRACON& Tower with Radar,0,32,18,0,50,0,0,0,0,0,0,32,18,0,50,5,0,5,55
05/13/2010,ERI,PA,AEA,CE,Combined TRACON& Tower with Radar,0,39,13,0,52,0,0,0,4,4,0,39,13,4,56,25,0,25,81
05/14/2010,ERI,PA,AEA,CE,Combined TRACON& Tower with Radar,0,22,12,0,34,0,0,4,0,4,0,22,16,0,38,8,0,8,46
05/15/2010,ERI,PA,AEA,CE,Combined TRACON& Tower with Radar,0,15,8,0,23,0,0,24,0,24,0,15,32,0,47,106,0,106,153
05/16/2010,ERI,PA,AEA,CE,Combined TRACON& Tower with Radar,1,26,13,0,40,0,0,36,0,36,1,26,49,0,76,64,0,64,140
05/17/2010,ERI,PA,AEA,CE,Combined TRACON& Tower with Radar,1,28,11,0,40,0,0,2,0,2,1,28,13,0,42,3,0,3,45
05/18/2010,ERI,PA,AEA,CE,Combined TRACON& Tower with Radar,0,27,19,0,46,0,0,0,0,0,0,27,19,0,46,5,0,5,51
05/19/2010,ERI,PA,AEA,CE,Combined TRACON& Tower with Radar,2,28,14,4,48,0,0,23,4,27,2,28,37,8,75,23,6,29,104
05/20/2010,ERI,PA,AEA,CE,Combined TRACON& Tower with Radar,0,28,17,0,45,0,0,45,1,46,0,28,62,1,91,120,0,120,211
05/21/2010,ERI,PA,AEA,CE,Combined TRACON& Tower with Radar,0,31,19,0,50,0,0,28,0,28,0,31,47,0,78,47,0,47,125
05/22/2010,ERI,PA,AEA,CE,Combined TRACON& Tower with Radar,0,13,8,0,21,0,0,22,0,22,0,13,30,0,43,20,0,20,63
05/23/2010,ERI,PA,AEA,CE,Combined TRACON& Tower with Radar,0,24,11,0,35,0,0,19,0,19,0,24,30,0,54,37,0,37,91
05/24/2010,ERI,PA,AEA,CE,Combined TRACON& Tower with Radar,0,25,10,8,43,0,0,22,0,22,0,25,32,8,65,83,14,97,162
05/25/2010,ERI,PA,AEA,CE,Combined TRACON& Tower with Radar,0,28,17,0,45,0,0,33,2,35,0,28,50,2,80,125,0,125,205
05/26/2010,ERI,PA,AEA,CE,Combined TRACON& Tower with Radar,0,27,16,0,43,0,0,30,5,35,0,27,46,5,78,101,0,101,179
05/27/2010,ERI,PA,AEA,CE,Combined TRACON& Tower with Radar,0,27,9,8,44,0,3,36,0,39,0,30,45,8,83,122,8,130,213
05/28/2010,ERI,PA,AEA,CE,Combined TRACON& Tower with Radar,0,32,16,0,48,0,0,11,0,11,0,32,27,0,59,98,0,98,157
05/29/2010,ERI,PA,AEA,CE,Combined TRACON& Tower with Radar,0,16,12,0,28,0,0,37,0,37,0,16,49,0,65,76,0,76,141
05/30/2010,ERI,PA,AEA,CE,Combined TRACON& Tower with Radar,0,12,14,0,26,0,0,13,0,13,0,12,27,0,39,50,0,50,89
05/31/2010,ERI,PA,AEA,CE,Combined TRACON& Tower with Radar,0,17,14,0,31,0,0,4,0,4,0,17,18,0,35,34,0,34,69
06/01/2010,ERI,PA,AEA,CE,Combined TRACON& Tower with Radar,0,19,17,0,36,0,0,15,0,15,0,19,32,0,51,47,0,47,98
06/02/2010,ERI,PA,AEA,CE,Combined TRACON& Tower with Radar,0,24,17,0,41,0,0,5,0,5,0,24,22,0,46,6,0,6,52
06/03/2010,ERI,PA,AEA,CE,Combined TRACON& Tower with Radar,0,25,12,0,37,0,0,6,0,6,0,25,18,0,43,55,0,55,98
06/04/2010,ERI,PA,AEA,CE,Combined TRACON& Tower with Radar,0,28,21,0,49,0,0,12,0,12,0,28,33,0,61,21,0,21,82
06/05/2010,ERI,PA,AEA,CE,Combined TRACON& Tower with Radar,0,15,15,0,30,0,0,6,0,6,0,15,21,0,36,9,0,9,45
06/06/2010,ERI,PA,AEA,CE,Combined TRACON& Tower with Radar,0,27,12,0,39,0,1,3,0,4,0,28,15,0,43,16,0,16,59
06/07/2010,ERI,PA,AEA,CE,Combined TRACON& Tower with Radar,0,25,21,0,46,0,0,21,2,23,0,25,42,2,69,56,0,56,125
06/08/2010,ERI,PA,AEA,CE,Combined TRACON& Tower with Radar,0,29,25,0,54,0,0,24,0,24,0,29,49,0,78,51,0,51,129
06/09/2010,ERI,PA,AEA,CE,Combined TRACON& Tower with Radar,0,25,18,0,43,0,0,1,0,1,0,25,19,0,44,2,0,2,46
06/10/2010,ERI,PA,AEA,CE,Combined TRACON& Tower with Radar,0,24,18,14,56,0,0,26,2,28,0,24,44,16,84,76,18,94,178
06/11/2010,ERI,PA,AEA,CE,Combined TRACON& Tower with Radar,0,26,13,0,39,0,0,24,0,24,0,26,37,0,63,84,0,84,147
06/12/2010,ERI,PA,AEA,CE,Combined TRACON& Tower with Radar,0,18,8,0,26,0,0,5,0,5,0,18,13,0,31,32,0,32,63
06/13/2010,ERI,PA,AEA,CE,Combined TRACON& Tower with Radar,0,26,11,0,37,0,0,0,0,0,0,26,11,0,37,11,0,11,48
06/14/2010,ERI,PA,AEA,CE,Combined TRACON& Tower with Radar,0,25,15,6,46,0,1,9,2,12,0,26,24,8,58,36,0,36,94
06/15/2010,ERI,PA,AEA,CE,Combined TRACON& Tower with Radar,0,27,18,0,45,0,0,18,4,22,0,27,36,4,67,55,0,55,122
06/16/2010,ERI,PA,AEA,CE,Combined TRACON& Tower with Radar,0,27,18,0,45,0,0,9,2,11,0,27,27,2,56,8,0,8,64
06/17/2010,ERI,PA,AEA,CE,Combined TRACON& Tower with Radar,0,34,29,0,63,0,3,28,0,31,0,37,57,0,94,76,0,76,170
06/18/2010,ERI,PA,AEA,CE,Combined TRACON& Tower with Radar,0,24,12,0,36,0,1,35,0,36,0,25,47,0,72,66,0,66,138
06/19/2010,ERI,PA,AEA,CE,Combined TRACON& Tower with Radar,0,18,12,0,30,0,0,9,0,9,0,18,21,0,39,35,0,35,74
06/20/2010,ERI,PA,AEA,CE,Combined TRACON& Tower with Radar,1,21,14,0,36,0,0,32,0,32,1,21,46,0,68,9,0,9,77
06/21/2010,ERI,PA,AEA,CE,Combined TRACON& Tower with Radar,1,25,19,1,46,0,0,32,1,33,1,25,51,2,79,50,0,50,129
06/22/2010,ERI,PA,AEA,CE,Combined TRACON& Tower with Radar,0,32,14,6,52,0,2,6,0,8,0,34,20,6,60,14,4,18,78
06/23/2010,ERI,PA,AEA,CE,Combined TRACON& Tower with Radar,2,33,15,0,50,0,0,20,0,20,2,33,35,0,70,53,0,53,123
06/24/2010,ERI,PA,AEA,CE,Combined TRACON& Tower with Radar,0,25,21,6,52,0,0,12,1,13,0,25,33,7,65,25,4,29,94
06/25/2010,ERI,PA,AEA,CE,Combined TRACON& Tower with Radar,0,24,20,0,44,0,0,24,0,24,0,24,44,0,68,82,0,82,150
06/26/2010,ERI,PA,AEA,CE,Combined TRACON& Tower with Radar,0,19,7,0,26,0,0,15,0,15,0,19,22,0,41,60,0,60,101
06/27/2010,ERI,PA,AEA,CE,Combined TRACON& Tower with Radar,0,24,15,0,39,0,0,12,0,12,0,24,27,0,51,30,0,30,81
06/28/2010,ERI,PA,AEA,CE,Combined TRACON& Tower with Radar,0,28,22,4,54,0,0,11,0,11,0,28,33,4,65,7,6,13,78
06/29/2010,ERI,PA,AEA,CE,Combined TRACON& Tower with Radar,0,30,18,0,48,0,1,21,2,24,0,31,39,2,72,16,0,16,88
06/30/2010,ERI,PA,AEA,CE,Combined TRACON& Tower with Radar,0,32,18,2,52,0,0,16,0,16,0,32,34,2,68,23,0,23,91
07/01/2010,ERI,PA,AEA,CE,Combined TRACON& Tower with Radar,0,42,34,0,76,0,0,39,0,39,0,42,73,0,115,86,0,86,201
07/02/2010,ERI,PA,AEA,CE,Combined TRACON& Tower with Radar,0,26,11,0,37,0,0,40,0,40,0,26,51,0,77,74,0,74,151
07/03/2010,ERI,PA,AEA,CE,Combined TRACON& Tower with Radar,0,23,15,0,38,0,0,41,0,41,0,23,56,0,79,58,0,58,137
07/04/2010,ERI,PA,AEA,CE,Combined TRACON& Tower with Radar,0,15,7,0,22,0,1,22,0,23,0,16,29,0,45,16,0,16,61
07/05/2010,ERI,PA,AEA,CE,Combined TRACON& Tower with Radar,0,22,10,0,32,0,0,33,1,34,0,22,43,1,66,84,0,84,150
07/06/2010,ERI,PA,AEA,CE,Combined TRACON& Tower with Radar,0,28,9,0,37,0,0,30,0,30,0,28,39,0,67,70,0,70,137
07/07/2010,ERI,PA,AEA,CE,Combined TRACON& Tower with Radar,0,32,16,4,52,0,0,23,0,23,0,32,39,4,75,39,0,39,114
07/08/2010,ERI,PA,AEA,CE,Combined TRACON& Tower with Radar,0,26,13,4,43,0,0,17,2,19,0,26,30,6,62,60,8,68,130
07/09/2010,ERI,PA,AEA,CE,Combined TRACON& Tower with Radar,0,34,15,0,49,0,0,2,0,2,0,34,17,0,51,2,0,2,53
07/10/2010,ERI,PA,AEA,CE,Combined TRACON& Tower with Radar,0,20,4,0,24,0,0,33,1,34,0,20,37,1,58,20,0,20,78
07/11/2010,ERI,PA,AEA,CE,Combined TRACON& Tower with Radar,0,24,19,0,43,0,0,38,0,38,0,24,57,0,81,83,0,83,164
07/12/2010,ERI,PA,AEA,CE,Combined TRACON& Tower with Radar,0,29,19,0,48,0,0,17,1,18,0,29,36,1,66,35,0,35,101
07/13/2010,ERI,PA,AEA,CE,Combined TRACON& Tower with Radar,0,26,17,0,43,0,0,5,0,5,0,26,22,0,48,52,0,52,100
07/14/2010,ERI,PA,AEA,CE,Combined TRACON& Tower with Radar,0,23,23,6,52,0,0,30,0,30,0,23,53,6,82,68,7,75,157
07/15/2010,ERI,PA,AEA,CE,Combined TRACON& Tower with Radar,0,31,15,0,46,0,0,20,0,20,0,31,35,0,66,25,0,25,91
07/16/2010,ERI,PA,AEA,CE,Combined TRACON& Tower with Radar,0,27,17,0,44,0,0,10,0,10,0,27,27,0,54,28,0,28,82
07/17/2010,ERI,PA,AEA,CE,Combined TRACON& Tower with Radar,0,24,8,0,32,0,0,15,0,15,0,24,23,0,47,25,0,25,72
07/18/2010,ERI,PA,AEA,CE,Combined TRACON& Tower with Radar,0,24,16,0,40,0,0,28,0,28,0,24,44,0,68,78,0,78,146
07/19/2010,ERI,PA,AEA,CE,Combined TRACON& Tower with Radar,2,24,12,0,38,0,0,7,0,7,2,24,19,0,45,6,0,6,51
07/20/2010,ERI,PA,AEA,CE,Combined TRACON& Tower with Radar,0,31,15,6,52,0,0,18,2,20,0,31,33,8,72,16,10,26,98
07/21/2010,ERI,PA,AEA,CE,Combined TRACON& Tower with Radar,2,29,8,0,39,0,0,8,0,8,2,29,16,0,47,20,0,20,67
07/22/2010,ERI,PA,AEA,CE,Combined TRACON& Tower with Radar,0,29,14,0,43,0,0,28,0,28,0,29,42,0,71,82,0,82,153
07/23/2010,ERI,PA,AEA,CE,Combined TRACON& Tower with Radar,0,21,3,0,24,0,0,9,0,9,0,21,12,0,33,1,0,1,34
07/24/2010,ERI,PA,AEA,CE,Combined TRACON& Tower with Radar,0,18,14,0,32,0,0,14,0,14,0,18,28,0,46,34,0,34,80
07/25/2010,ERI,PA,AEA,CE,Combined TRACON& Tower with Radar,0,21,20,0,41,0,0,13,0,13,0,21,33,0,54,30,0,30,84
07/26/2010,ERI,PA,AEA,CE,Combined TRACON& Tower with Radar,0,26,17,0,43,0,0,30,0,30,0,26,47,0,73,58,0,58,131
07/27/2010,ERI,PA,AEA,CE,Combined TRACON& Tower with Radar,0,27,23,4,54,0,0,32,0,32,0,27,55,4,86,68,4,72,158
07/28/2010,ERI,PA,AEA,CE,Combined TRACON& Tower with Radar,0,29,19,2,50,0,2,8,6,16,0,31,27,8,66,2,4,6,72
07/29/2010,ERI,PA,AEA,CE,Combined TRACON& Tower with Radar,0,28,20,4,52,0,0,31,0,31,0,28,51,4,83,100,4,104,187
07/30/2010,ERI,PA,AEA,CE,Combined TRACON& Tower with Radar,0,26,18,2,46,0,0,32,2,34,0,26,50,4,80,34,4,38,118
07/31/2010,ERI,PA,AEA,CE,Combined TRACON& Tower with Radar,0,19,23,0,42,0,0,11,0,11,0,19,34,0,53,46,0,46,99
08/01/2010,ERI,PA,AEA,CE,Combined TRACON& Tower with Radar,0,20,24,0,44,0,0,12,0,12,0,20,36,0,56,13,0,13,69
08/02/2010,ERI,PA,AEA,CE,Combined TRACON& Tower with Radar,0,24,13,0,37,0,0,17,2,19,0,24,30,2,56,58,0,58,114
08/03/2010,ERI,PA,AEA,CE,Combined TRACON& Tower with Radar,0,27,12,0,39,0,0,2,0,2,0,27,14,0,41,1,0,1,42
08/04/2010,ERI,PA,AEA,CE,Combined TRACON& Tower with Radar,0,27,15,12,54,0,0,3,0,3,0,27,18,12,57,67,16,83,140
08/05/2010,ERI,PA,AEA,CE,Combined TRACON& Tower with Radar,0,29,7,0,36,0,0,7,0,7,0,29,14,0,43,11,0,11,54
08/06/2010,ERI,PA,AEA,CE,Combined TRACON& Tower with Radar,0,27,9,2,38,0,0,19,0,19,0,27,28,2,57,32,2,34,91
08/07/2010,ERI,PA,AEA,CE,Combined TRACON& Tower with Radar,0,20,6,0,26,0,0,46,0,46,0,20,52,0,72,66,0,66,138
08/08/2010,ERI,PA,AEA,CE,Combined TRACON& Tower with Radar,0,27,13,0,40,0,0,31,0,31,0,27,44,0,71,20,0,20,91
08/09/2010,ERI,PA,AEA,CE,Combined TRACON& Tower with Radar,0,22,15,0,37,0,0,11,0,11,0,22,26,0,48,24,0,24,72
08/10/2010,ERI,PA,AEA,CE,Combined TRACON& Tower with Radar,0,27,10,0,37,0,0,12,0,12,0,27,22,0,49,50,0,50,99
08/11/2010,ERI,PA,AEA,CE,Combined TRACON& Tower with Radar,0,25,15,0,40,0,0,15,2,17,0,25,30,2,57,102,4,106,163
08/12/2010,ERI,PA,AEA,CE,Combined TRACON& Tower with Radar,0,23,14,0,37,0,0,25,0,25,0,23,39,0,62,111,0,111,173
08/13/2010,ERI,PA,AEA,CE,Combined TRACON& Tower with Radar,0,38,18,0,56,0,0,19,0,19,0,38,37,0,75,120,0,120,195
08/14/2010,ERI,PA,AEA,CE,Combined TRACON& Tower with Radar,0,21,7,0,28,0,0,13,0,13,0,21,20,0,41,42,0,42,83
08/15/2010,ERI,PA,AEA,CE,Combined TRACON& Tower with Radar,0,22,16,0,38,0,1,20,0,21,0,23,36,0,59,12,0,12,71
08/16/2010,ERI,PA,AEA,CE,Combined TRACON& Tower with Radar,2,24,19,0,45,0,0,25,0,25,2,24,44,0,70,68,0,68,138
08/17/2010,ERI,PA,AEA,CE,Combined TRACON& Tower with Radar,0,26,28,0,54,0,0,33,0,33,0,26,61,0,87,52,0,52,139
08/18/2010,ERI,PA,AEA,CE,Combined TRACON& Tower with Radar,2,23,18,0,43,0,0,15,0,15,2,23,33,0,58,95,0,95,153
08/19/2010,ERI,PA,AEA,CE,Combined TRACON& Tower with Radar,0,25,27,0,52,0,0,32,0,32,0,25,59,0,84,130,0,130,214
08/20/2010,ERI,PA,AEA,CE,Combined TRACON& Tower with Radar,0,23,18,0,41,0,0,21,0,21,0,23,39,0,62,77,0,77,139
08/21/2010,ERI,PA,AEA,CE,Combined TRACON& Tower with Radar,0,15,8,0,23,0,0,18,0,18,0,15,26,0,41,35,0,35,76
08/22/2010,ERI,PA,AEA,CE,Combined TRACON& Tower with Radar,0,24,19,0,43,0,0,2,0,2,0,24,21,0,45,19,0,19,64
08/23/2010,ERI,PA,AEA,CE,Combined TRACON& Tower with Radar,0,25,16,0,41,0,0,1,0,1,0,25,17,0,42,3,0,3,45
08/24/2010,ERI,PA,AEA,CE,Combined TRACON& Tower with Radar,2,24,24,0,50,0,0,17,0,17,2,24,41,0,67,100,0,100,167
08/25/2010,ERI,PA,AEA,CE,Combined TRACON& Tower with Radar,0,25,17,0,42,0,1,12,0,13,0,26,29,0,55,71,0,71,126
08/26/2010,ERI,PA,AEA,CE,Combined TRACON& Tower with Radar,2,32,22,0,56,0,0,43,0,43,2,32,65,0,99,69,0,69,168
08/27/2010,ERI,PA,AEA,CE,Combined TRACON& Tower with Radar,0,26,21,0,47,0,5,46,0,51,0,31,67,0,98,70,0,70,168
08/28/2010,ERI,PA,AEA,CE,Combined TRACON& Tower with Radar,0,15,13,0,28,0,0,35,0,35,0,15,48,0,63,53,0,53,116
08/29/2010,ERI,PA,AEA,CE,Combined TRACON& Tower with Radar,0,21,18,0,39,0,0,33,0,33,0,21,51,0,72,23,0,23,95
08/30/2010,ERI,PA,AEA,CE,Combined TRACON& Tower with Radar,0,29,15,0,44,0,0,32,0,32,0,29,47,0,76,74,0,74,150
08/31/2010,ERI,PA,AEA,CE,Combined TRACON& Tower with Radar,0,22,30,0,52,0,0,22,0,22,0,22,52,0,74,74,0,74,148
09/01/2010,ERI,PA,AEA,CE,Combined TRACON& Tower with Radar,0,25,17,1,43,0,1,21,0,22,0,26,38,1,65,87,0,87,152
09/02/2010,ERI,PA,AEA,CE,Combined TRACON& Tower with Radar,0,26,27,0,53,0,0,16,0,16,0,26,43,0,69,94,0,94,163
09/03/2010,ERI,PA,AEA,CE,Combined TRACON& Tower with Radar,0,28,12,0,40,0,0,7,0,7,0,28,19,0,47,69,0,69,116
09/04/2010,ERI,PA,AEA,CE,Combined TRACON& Tower with Radar,0,17,7,0,24,0,0,1,0,1,0,17,8,0,25,0,0,0,25
09/05/2010,ERI,PA,AEA,CE,Combined TRACON& Tower with Radar,0,15,4,0,19,0,0,9,0,9,0,15,13,0,28,4,0,4,32
09/06/2010,ERI,PA,AEA,CE,Combined TRACON& Tower with Radar,0,20,14,0,34,0,0,22,0,22,0,20,36,0,56,49,0,49,105
09/07/2010,ERI,PA,AEA,CE,Combined TRACON& Tower with Radar,0,21,17,0,38,0,0,5,0,5,0,21,22,0,43,34,0,34,77
09/08/2010,ERI,PA,AEA,CE,Combined TRACON& Tower with Radar,0,22,25,0,47,0,0,4,0,4,0,22,29,0,51,30,0,30,81
09/09/2010,ERI,PA,AEA,CE,Combined TRACON& Tower with Radar,0,30,22,0,52,0,0,8,4,12,0,30,30,4,64,77,0,77,141
09/10/2010,ERI,PA,AEA,CE,Combined TRACON& Tower with Radar,0,24,19,2,45,0,3,22,3,28,0,27,41,5,73,94,0,94,167
09/11/2010,ERI,PA,AEA,CE,Combined TRACON& Tower with Radar,0,20,15,0,35,0,2,22,1,25,0,22,37,1,60,96,0,96,156
09/12/2010,ERI,PA,AEA,CE,Combined TRACON& Tower with Radar,0,19,20,0,39,0,0,6,1,7,0,19,26,1,46,8,0,8,54
09/13/2010,ERI,PA,AEA,CE,Combined TRACON& Tower with Radar,0,21,11,0,32,0,0,19,0,19,0,21,30,0,51,14,0,14,65
09/14/2010,ERI,PA,AEA,CE,Combined TRACON& Tower with Radar,0,20,13,0,33,0,0,12,0,12,0,20,25,0,45,21,0,21,66
09/15/2010,ERI,PA,AEA,CE,Combined TRACON& Tower with Radar,0,22,18,0,40,0,0,20,1,21,0,22,38,1,61,107,0,107,168
09/16/2010,ERI,PA,AEA,CE,Combined TRACON& Tower with Radar,0,28,23,0,51,0,0,0,0,0,0,28,23,0,51,18,0,18,69
09/17/2010,ERI,PA,AEA,CE,Combined TRACON& Tower with Radar,0,26,13,0,39,0,0,9,1,10,0,26,22,1,49,91,0,91,140
09/18/2010,ERI,PA,AEA,CE,Combined TRACON& Tower with Radar,0,24,10,0,34,0,0,37,0,37,0,24,47,0,71,124,0,124,195
09/19/2010,ERI,PA,AEA,CE,Combined TRACON& Tower with Radar,1,20,15,0,36,0,0,2,0,2,1,20,17,0,38,24,0,24,62
09/20/2010,ERI,PA,AEA,CE,Combined TRACON& Tower with Radar,1,8,3,0,12,0,0,6,0,6,1,8,9,0,18,37,0,37,55
09/21/2010,ERI,PA,AEA,CE,Combined TRACON& Tower with Radar,0,17,19,3,39,0,0,13,0,13,0,17,32,3,52,17,6,23,75
09/22/2010,ERI,PA,AEA,CE,Combined TRACON& Tower with Radar,2,20,15,0,37,0,0,1,0,1,2,20,16,0,38,6,0,6,44
09/23/2010,ERI,PA,AEA,CE,Combined TRACON& Tower with Radar,0,34,30,0,64,0,0,16,2,18,0,34,46,2,82,127,0,127,209
09/24/2010,ERI,PA,AEA,CE,Combined TRACON& Tower with Radar,0,28,7,0,35,0,0,0,0,0,0,28,7,0,35,4,0,4,39
09/25/2010,ERI,PA,AEA,CE,Combined TRACON& Tower with Radar,0,17,14,0,31,0,0,4,0,4,0,17,18,0,35,18,0,18,53
09/26/2010,ERI,PA,AEA,CE,Combined TRACON& Tower with Radar,0,21,15,0,36,0,0,2,1,3,0,21,17,1,39,5,0,5,44
09/27/2010,ERI,PA,AEA,CE,Combined TRACON& Tower with Radar,0,25,8,10,43,0,0,1,0,1,0,25,9,10,44,46,6,52,96
09/28/2010,ERI,PA,AEA,CE,Combined TRACON& Tower with Radar,0,25,13,8,46,0,0,0,0,0,0,25,13,8,46,6,12,18,64
09/29/2010,ERI,PA,AEA,CE,Combined TRACON& Tower with Radar,0,22,14,8,44,0,0,18,0,18,0,22,32,8,62,147,12,159,221
09/30/2010,ERI,PA,AEA,CE,Combined TRACON& Tower with Radar,0,30,28,0,58,0,0,18,0,18,0,30,46,0,76,135,0,135,211
10/01/2010,ERI,PA,AEA,CE,Combined TRACON& Tower with Radar,0,24,12,0,36,0,0,14,0,14,0,24,26,0,50,60,0,60,110
10/02/2010,ERI,PA,AEA,CE,Combined TRACON& Tower with Radar,0,17,12,0,29,0,0,10,0,10,0,17,22,0,39,20,0,20,59
10/03/2010,ERI,PA,AEA,CE,Combined TRACON& Tower with Radar,0,21,4,0,25,0,0,0,0,0,0,21,4,0,25,2,0,2,27
10/04/2010,ERI,PA,AEA,CE,Combined TRACON& Tower with Radar,2,24,9,4,39,0,0,0,0,0,2,24,9,4,39,14,0,14,53
10/05/2010,ERI,PA,AEA,CE,Combined TRACON& Tower with Radar,0,24,15,0,39,0,0,1,0,1,0,24,16,0,40,7,0,7,47
10/06/2010,ERI,PA,AEA,CE,Combined TRACON& Tower with Radar,0,21,19,2,42,0,0,5,0,5,0,21,24,2,47,11,0,11,58
10/07/2010,ERI,PA,AEA,CE,Combined TRACON& Tower with Radar,0,31,16,6,53,0,0,6,1,7,0,31,22,7,60,48,8,56,116
10/08/2010,ERI,PA,AEA,CE,Combined TRACON& Tower with Radar,0,23,10,0,33,0,0,45,0,45,0,23,55,0,78,51,0,51,129
10/09/2010,ERI,PA,AEA,CE,Combined TRACON& Tower with Radar,0,15,9,0,24,0,2,38,0,40,0,17,47,0,64,90,0,90,154
10/10/2010,ERI,PA,AEA,CE,Combined TRACON& Tower with Radar,0,19,14,0,33,0,0,36,0,36,0,19,50,0,69,37,0,37,106
10/11/2010,ERI,PA,AEA,CE,Combined TRACON& Tower with Radar,0,25,22,0,47,0,0,21,0,21,0,25,43,0,68,59,0,59,127
10/12/2010,ERI,PA,AEA,CE,Combined TRACON& Tower with Radar,0,23,20,0,43,0,0,10,0,10,0,23,30,0,53,45,0,45,98
10/13/2010,ERI,PA,AEA,CE,Combined TRACON& Tower with Radar,0,28,12,0,40,0,0,6,0,6,0,28,18,0,46,68,0,68,114
10/14/2010,ERI,PA,AEA,CE,Combined TRACON& Tower with Radar,0,30,23,0,53,0,0,5,0,5,0,30,28,0,58,8,0,8,66
10/15/2010,ERI,PA,AEA,CE,Combined TRACON& Tower with Radar,0,28,21,0,49,0,0,7,0,7,0,28,28,0,56,11,0,11,67
10/16/2010,ERI,PA,AEA,CE,Combined TRACON& Tower with Radar,0,16,8,0,24,0,0,31,0,31,0,16,39,0,55,43,0,43,98
10/17/2010,ERI,PA,AEA,CE,Combined TRACON& Tower with Radar,0,22,25,0,47,0,0,18,1,19,0,22,43,1,66,57,0,57,123
10/18/2010,ERI,PA,AEA,CE,Combined TRACON& Tower with Radar,2,31,12,0,45,0,0,4,0,4,2,31,16,0,49,7,0,7,56
10/19/2010,ERI,PA,AEA,CE,Combined TRACON& Tower with Radar,0,27,31,0,58,0,0,7,0,7,0,27,38,0,65,7,0,7,72
10/20/2010,ERI,PA,AEA,CE,Combined TRACON& Tower with Radar,2,28,9,3,42,0,0,12,0,12,2,28,21,3,54,15,0,15,69
10/21/2010,ERI,PA,AEA,CE,Combined TRACON& Tower with Radar,0,25,12,0,37,0,0,9,2,11,0,25,21,2,48,22,14,36,84
10/22/2010,ERI,PA,AEA,CE,Combined TRACON& Tower with Radar,0,23,29,0,52,0,0,19,0,19,0,23,48,0,71,83,0,83,154
10/23/2010,ERI,PA,AEA,CE,Combined TRACON& Tower with Radar,0,15,10,0,25,0,0,29,0,29,0,15,39,0,54,76,0,76,130
10/24/2010,ERI,PA,AEA,CE,Combined TRACON& Tower with Radar,0,21,11,0,32,0,0,16,0,16,0,21,27,0,48,30,0,30,78
10/25/2010,ERI,PA,AEA,CE,Combined TRACON& Tower with Radar,2,23,8,0,33,0,0,3,0,3,2,23,11,0,36,4,0,4,40
10/26/2010,ERI,PA,AEA,CE,Combined TRACON& Tower with Radar,0,21,8,0,29,0,2,4,0,6,0,23,12,0,35,8,0,8,43
10/27/2010,ERI,PA,AEA,CE,Combined TRACON& Tower with Radar,2,28,16,0,46,0,0,12,0,12,2,28,28,0,58,10,0,10,68
10/28/2010,ERI,PA,AEA,CE,Combined TRACON& Tower with Radar,0,24,24,0,48,0,0,4,2,6,0,24,28,2,54,3,0,3,57
10/29/2010,ERI,PA,AEA,CE,Combined TRACON& Tower with Radar,0,28,2,0,30,0,0,3,0,3,0,28,5,0,33,0,0,0,33
10/30/2010,ERI,PA,AEA,CE,Combined TRACON& Tower with Radar,0,18,5,0,23,0,0,22,1,23,0,18,27,1,46,29,0,29,75
10/31/2010,ERI,PA,AEA,CE,Combined TRACON& Tower with Radar,0,23,8,0,31,0,0,9,0,9,0,23,17,0,40,58,0,58,98
11/01/2010,ERI,PA,AEA,CE,Combined TRACON& Tower with Radar,0,23,11,0,34,0,0,21,0,21,0,23,32,0,55,27,0,27,82
11/02/2010,ERI,PA,AEA,CE,Combined TRACON& Tower with Radar,0,21,23,2,46,0,0,21,0,21,0,21,44,2,67,36,12,48,115
11/03/2010,ERI,PA,AEA,CE,Combined TRACON& Tower with Radar,0,20,27,0,47,0,0,24,0,24,0,20,51,0,71,48,0,48,119
11/04/2010,ERI,PA,AEA,CE,Combined TRACON& Tower with Radar,0,26,7,0,33,0,0,2,0,2,0,26,9,0,35,12,0,12,47
11/05/2010,ERI,PA,AEA,CE,Combined TRACON& Tower with Radar,0,30,10,4,44,0,0,4,0,4,0,30,14,4,48,5,6,11,59
11/06/2010,ERI,PA,AEA,CE,Combined TRACON& Tower with Radar,0,16,2,0,18,0,0,8,0,8,0,16,10,0,26,42,0,42,68
11/07/2010,ERI,PA,AEA,CE,Combined TRACON& Tower with Radar,0,19,12,0,31,0,0,43,0,43,0,19,55,0,74,102,0,102,176
11/08/2010,ERI,PA,AEA,CE,Combined TRACON& Tower with Radar,0,24,16,0,40,0,0,19,0,19,0,24,35,0,59,35,0,35,94
11/09/2010,ERI,PA,AEA,CE,Combined TRACON& Tower with Radar,0,26,14,0,40,0,0,6,0,6,0,26,20,0,46,20,0,20,66
11/10/2010,ERI,PA,AEA,CE,Combined TRACON& Tower with Radar,0,29,9,2,40,0,0,25,0,25,0,29,34,2,65,22,0,22,87
11/11/2010,ERI,PA,AEA,CE,Combined TRACON& Tower with Radar,0,32,22,0,54,0,0,25,1,26,0,32,47,1,80,17,0,17,97
11/12/2010,ERI,PA,AEA,CE,Combined TRACON& Tower with Radar,0,23,3,0,26,0,0,33,0,33,0,23,36,0,59,39,0,39,98
11/13/2010,ERI,PA,AEA,CE,Combined TRACON& Tower with Radar,0,20,11,0,31,0,0,43,0,43,0,20,54,0,74,50,0,50,124
11/14/2010,ERI,PA,AEA,CE,Combined TRACON& Tower with Radar,0,20,9,0,29,0,0,4,0,4,0,20,13,0,33,3,0,3,36
11/15/2010,ERI,PA,AEA,CE,Combined TRACON& Tower with Radar,0,26,12,0,38,0,0,23,5,28,0,26,35,5,66,18,0,18,84
11/16/2010,ERI,PA,AEA,CE,Combined TRACON& Tower with Radar,0,25,14,0,39,0,0,2,0,2,0,25,16,0,41,11,0,11,52
11/17/2010,ERI,PA,AEA,CE,Combined TRACON& Tower with Radar,2,26,16,4,48,0,0,1,0,1,2,26,17,4,49,6,8,14,63
11/18/2010,ERI,PA,AEA,CE,Combined TRACON& Tower with Radar,0,29,19,0,48,0,0,0,0,0,0,29,19,0,48,10,0,10,58
11/19/2010,ERI,PA,AEA,CE,Combined TRACON& Tower with Radar,1,27,6,0,34,0,0,16,0,16,1,27,22,0,50,6,0,6,56
11/20/2010,ERI,PA,AEA,CE,Combined TRACON& Tower with Radar,0,19,13,0,32,0,0,2,0,2,0,19,15,0,34,51,0,51,85
11/21/2010,ERI,PA,AEA,CE,Combined TRACON& Tower with Radar,0,21,9,0,30,0,0,23,0,23,0,21,32,0,53,46,0,46,99
11/22/2010,ERI,PA,AEA,CE,Combined TRACON& Tower with Radar,0,21,9,0,30,0,0,0,0,0,0,21,9,0,30,0,0,0,30
11/23/2010,ERI,PA,AEA,CE,Combined TRACON& Tower with Radar,0,33,13,3,49,0,0,0,1,1,0,33,13,4,50,0,0,0,50
11/24/2010,ERI,PA,AEA,CE,Combined TRACON& Tower with Radar,0,26,20,0,46,0,2,9,0,11,0,28,29,0,57,11,0,11,68
11/25/2010,ERI,PA,AEA,CE,Combined TRACON& Tower with Radar,0,9,0,0,9,0,0,0,0,0,0,9,0,0,9,2,0,2,11
11/26/2010,ERI,PA,AEA,CE,Combined TRACON& Tower with Radar,0,16,8,0,24,0,1,0,0,1,0,17,8,0,25,13,0,13,38
11/27/2010,ERI,PA,AEA,CE,Combined TRACON& Tower with Radar,0,23,10,0,33,0,0,0,0,0,0,23,10,0,33,3,0,3,36
11/28/2010,ERI,PA,AEA,CE,Combined TRACON& Tower with Radar,0,22,16,0,38,0,0,13,0,13,0,22,29,0,51,32,0,32,83
11/29/2010,ERI,PA,AEA,CE,Combined TRACON& Tower with Radar,0,24,18,2,44,0,0,16,0,16,0,24,34,2,60,30,0,30,90
11/30/2010,ERI,PA,AEA,CE,Combined TRACON& Tower with Radar,0,27,11,10,48,0,0,0,0,0,0,27,11,10,48,1,10,11,59
12/01/2010,ERI,PA,AEA,CE,Combined TRACON& Tower with Radar,0,25,11,0,36,0,0,0,0,0,0,25,11,0,36,1,0,1,37
12/02/2010,ERI,PA,AEA,CE,Combined TRACON& Tower with Radar,0,24,7,0,31,0,0,0,0,0,0,24,7,0,31,2,0,2,33
12/03/2010,ERI,PA,AEA,CE,Combined TRACON& Tower with Radar,0,27,3,0,30,0,0,2,0,2,0,27,5,0,32,4,0,4,36
12/04/2010,ERI,PA,AEA,CE,Combined TRACON& Tower with Radar,0,17,2,0,19,0,0,4,0,4,0,17,6,0,23,0,0,0,23
12/05/2010,ERI,PA,AEA,CE,Combined TRACON& Tower with Radar,0,18,7,0,25,0,0,0,0,0,0,18,7,0,25,1,0,1,26
12/06/2010,ERI,PA,AEA,CE,Combined TRACON& Tower with Radar,0,19,8,0,27,0,0,0,0,0,0,19,8,0,27,0,0,0,27
12/07/2010,ERI,PA,AEA,CE,Combined TRACON& Tower with Radar,0,23,8,0,31,0,0,0,0,0,0,23,8,0,31,0,0,0,31
12/08/2010,ERI,PA,AEA,CE,Combined TRACON& Tower with Radar,0,23,9,2,34,0,0,0,0,0,0,23,9,2,34,4,0,4,38
12/09/2010,ERI,PA,AEA,CE,Combined TRACON& Tower with Radar,0,31,9,4,44,0,0,3,0,3,0,31,12,4,47,4,8,12,59
12/10/2010,ERI,PA,AEA,CE,Combined TRACON& Tower with Radar,0,30,5,0,35,0,0,2,0,2,0,30,7,0,37,1,0,1,38
12/11/2010,ERI,PA,AEA,CE,Combined TRACON& Tower with Radar,0,16,7,1,24,0,0,24,1,25,0,16,31,2,49,24,0,24,73
12/12/2010,ERI,PA,AEA,CE,Combined TRACON& Tower with Radar,0,20,4,0,24,0,0,0,0,0,0,20,4,0,24,0,0,0,24
12/13/2010,ERI,PA,AEA,CE,Combined TRACON& Tower with Radar,0,15,13,0,28,0,0,0,0,0,0,15,13,0,28,0,0,0,28
12/14/2010,ERI,PA,AEA,CE,Combined TRACON& Tower with Radar,0,30,8,0,38,0,0,0,0,0,0,30,8,0,38,0,0,0,38
12/15/2010,ERI,PA,AEA,CE,Combined TRACON& Tower with Radar,0,25,8,0,33,0,0,5,0,5,0,25,13,0,38,0,0,0,38
12/16/2010,ERI,PA,AEA,CE,Combined TRACON& Tower with Radar,0,26,22,0,48,0,0,10,0,10,0,26,32,0,58,41,0,41,99
12/17/2010,ERI,PA,AEA,CE,Combined TRACON& Tower with Radar,0,24,4,0,28,0,0,0,0,0,0,24,4,0,28,2,0,2,30
12/18/2010,ERI,PA,AEA,CE,Combined TRACON& Tower with Radar,0,17,3,0,20,0,0,6,0,6,0,17,9,0,26,26,0,26,52
12/19/2010,ERI,PA,AEA,CE,Combined TRACON& Tower with Radar,0,20,2,0,22,0,0,10,1,11,0,20,12,1,33,12,0,12,45
12/20/2010,ERI,PA,AEA,CE,Combined TRACON& Tower with Radar,0,19,11,1,31,0,0,0,2,2,0,19,11,3,33,0,0,0,33
12/21/2010,ERI,PA,AEA,CE,Combined TRACON& Tower with Radar,0,23,11,0,34,0,0,4,0,4,0,23,15,0,38,10,0,10,48
12/22/2010,ERI,PA,AEA,CE,Combined TRACON& Tower with Radar,0,22,4,0,26,0,0,0,2,2,0,22,4,2,28,0,0,0,28
12/23/2010,ERI,PA,AEA,CE,Combined TRACON& Tower with Radar,0,22,8,0,30,0,0,2,0,2,0,22,10,0,32,13,0,13,45
12/24/2010,ERI,PA,AEA,CE,Combined TRACON& Tower with Radar,0,20,5,0,25,0,0,0,0,0,0,20,5,0,25,24,0,24,49
12/25/2010,ERI,PA,AEA,CE,Combined TRACON& Tower with Radar,0,12,2,0,14,0,0,0,0,0,0,12,2,0,14,0,0,0,14
12/26/2010,ERI,PA,AEA,CE,Combined TRACON& Tower with Radar,0,20,12,0,32,0,0,1,0,1,0,20,13,0,33,2,0,2,35
12/27/2010,ERI,PA,AEA,CE,Combined TRACON& Tower with Radar,1,22,8,0,31,0,0,0,0,0,1,22,8,0,31,0,0,0,31
12/28/2010,ERI,PA,AEA,CE,Combined TRACON& Tower with Radar,2,27,0,0,29,0,0,0,0,0,2,27,0,0,29,0,0,0,29
12/29/2010,ERI,PA,AEA,CE,Combined TRACON& Tower with Radar,0,29,12,8,49,0,2,6,1,9,0,31,18,9,58,51,0,51,109
12/30/2010,ERI,PA,AEA,CE,Combined TRACON& Tower with Radar,2,28,7,0,37,0,0,6,0,6,2,28,13,0,43,22,0,22,65
12/31/2010,ERI,PA,AEA,CE,Combined TRACON& Tower with Radar,0,24,10,0,34,0,0,2,0,2,0,24,12,0,36,11,0,11,47
01/01/2011,ERI,PA,AEA,CE,Combined TRACON& Tower with Radar,0,10,4,0,14,0,0,0,0,0,0,10,4,0,14,0,0,0,14
01/02/2011,ERI,PA,AEA,CE,Combined TRACON& Tower with Radar,0,19,14,0,33,0,0,8,0,8,0,19,22,0,41,1,0,1,42
01/03/2011,ERI,PA,AEA,CE,Combined TRACON& Tower with Radar,0,19,6,0,25,0,0,6,0,6,0,19,12,0,31,23,0,23,54
01/04/2011,ERI,PA,AEA,CE,Combined TRACON& Tower with Radar,0,23,10,0,33,0,0,0,0,0,0,23,10,0,33,0,0,0,33
01/05/2011,ERI,PA,AEA,CE,Combined TRACON& Tower with Radar,0,26,8,0,34,0,1,3,0,4,0,27,11,0,38,62,0,62,100
01/06/2011,ERI,PA,AEA,CE,Combined TRACON& Tower with Radar,0,25,12,0,37,0,0,0,0,0,0,25,12,0,37,1,0,1,38
01/07/2011,ERI,PA,AEA,CE,Combined TRACON& Tower with Radar,0,23,8,0,31,0,0,2,0,2,0,23,10,0,33,1,0,1,34
01/08/2011,ERI,PA,AEA,CE,Combined TRACON& Tower with Radar,0,18,1,0,19,0,0,0,0,0,0,18,1,0,19,17,0,17,36
01/09/2011,ERI,PA,AEA,CE,Combined TRACON& Tower with Radar,0,16,7,0,23,0,0,0,0,0,0,16,7,0,23,3,0,3,26
01/10/2011,ERI,PA,AEA,CE,Combined TRACON& Tower with Radar,0,22,9,0,31,0,0,10,0,10,0,22,19,0,41,36,0,36,77
01/11/2011,ERI,PA,AEA,CE,Combined TRACON& Tower with Radar,0,13,11,0,24,0,0,2,0,2,0,13,13,0,26,6,0,6,32
01/12/2011,ERI,PA,AEA,CE,Combined TRACON& Tower with Radar,0,13,3,0,16,0,0,0,0,0,0,13,3,0,16,0,0,0,16
01/13/2011,ERI,PA,AEA,CE,Combined TRACON& Tower with Radar,0,32,10,0,42,0,0,0,0,0,0,32,10,0,42,0,0,0,42
01/14/2011,ERI,PA,AEA,CE,Combined TRACON& Tower with Radar,0,23,15,0,38,0,0,4,0,4,0,23,19,0,42,5,0,5,47
01/15/2011,ERI,PA,AEA,CE,Combined TRACON& Tower with Radar,0,14,3,0,17,0,0,0,0,0,0,14,3,0,17,0,0,0,17
01/16/2011,ERI,PA,AEA,CE,Combined TRACON& Tower with Radar,0,17,11,0,28,0,0,1,0,1,0,17,12,0,29,0,0,0,29
01/17/2011,ERI,PA,AEA,CE,Combined TRACON& Tower with Radar,0,26,15,0,41,0,0,8,0,8,0,26,23,0,49,16,0,16,65
01/18/2011,ERI,PA,AEA,CE,Combined TRACON& Tower with Radar,0,20,10,0,30,0,0,0,0,0,0,20,10,0,30,1,0,1,31
01/19/2011,ERI,PA,AEA,CE,Combined TRACON& Tower with Radar,0,23,5,0,28,0,0,0,0,0,0,23,5,0,28,0,0,0,28
01/20/2011,ERI,PA,AEA,CE,Combined TRACON& Tower with Radar,0,27,15,0,42,0,0,0,0,0,0,27,15,0,42,2,0,2,44
01/21/2011,ERI,PA,AEA,CE,Combined TRACON& Tower with Radar,0,28,10,0,38,0,0,0,0,0,0,28,10,0,38,3,0,3,41
01/22/2011,ERI,PA,AEA,CE,Combined TRACON& Tower with Radar,0,19,1,0,20,0,0,1,0,1,0,19,2,0,21,13,0,13,34
01/23/2011,ERI,PA,AEA,CE,Combined TRACON& Tower with Radar,0,18,2,0,20,0,0,3,0,3,0,18,5,0,23,24,0,24,47
01/24/2011,ERI,PA,AEA,CE,Combined TRACON& Tower with Radar,0,26,5,0,31,0,0,0,0,0,0,26,5,0,31,0,0,0,31
01/25/2011,ERI,PA,AEA,CE,Combined TRACON& Tower with Radar,0,29,12,0,41,0,0,0,0,0,0,29,12,0,41,0,0,0,41
01/26/2011,ERI,PA,AEA,CE,Combined TRACON& Tower with Radar,0,22,7,0,29,0,0,0,0,0,0,22,7,0,29,5,0,5,34
01/27/2011,ERI,PA,AEA,CE,Combined TRACON& Tower with Radar,0,25,22,0,47,0,0,0,0,0,0,25,22,0,47,9,0,9,56
01/28/2011,ERI,PA,AEA,CE,Combined TRACON& Tower with Radar,0,28,9,0,37,0,0,0,2,2,0,28,9,2,39,0,0,0,39
01/29/2011,ERI,PA,AEA,CE,Combined TRACON& Tower with Radar,0,12,6,0,18,0,0,0,0,0,0,12,6,0,18,3,0,3,21
01/30/2011,ERI,PA,AEA,CE,Combined TRACON& Tower with Radar,0,17,6,0,23,0,0,6,0,6,0,17,12,0,29,42,0,42,71
01/31/2011,ERI,PA,AEA,CE,Combined TRACON& Tower with Radar,0,23,9,1,33,0,0,8,0,8,0,23,17,1,41,8,0,8,49
02/01/2011,ERI,PA,AEA,CE,Combined TRACON& Tower with Radar,0,12,4,0,16,0,0,0,0,0,0,12,4,0,16,0,0,0,16
02/02/2011,ERI,PA,AEA,CE,Combined TRACON& Tower with Radar,0,3,3,0,6,0,0,0,0,0,0,3,3,0,6,0,0,0,6
02/03/2011,ERI,PA,AEA,CE,Combined TRACON& Tower with Radar,0,26,5,0,31,0,0,0,0,0,0,26,5,0,31,0,0,0,31
02/04/2011,ERI,PA,AEA,CE,Combined TRACON& Tower with Radar,0,28,11,0,39,0,0,7,0,7,0,28,18,0,46,10,0,10,56
02/05/2011,ERI,PA,AEA,CE,Combined TRACON& Tower with Radar,0,12,4,0,16,0,0,2,0,2,0,12,6,0,18,13,0,13,31
02/06/2011,ERI,PA,AEA,CE,Combined TRACON& Tower with Radar,0,16,2,0,18,0,0,2,0,2,0,16,4,0,20,7,0,7,27
02/07/2011,ERI,PA,AEA,CE,Combined TRACON& Tower with Radar,0,28,3,0,31,0,0,0,0,0,0,28,3,0,31,4,0,4,35
02/08/2011,ERI,PA,AEA,CE,Combined TRACON& Tower with Radar,0,25,2,2,29,0,0,2,0,2,0,25,4,2,31,0,0,0,31
02/09/2011,ERI,PA,AEA,CE,Combined TRACON& Tower with Radar,0,25,5,0,30,0,0,4,0,4,0,25,9,0,34,3,0,3,37
02/10/2011,ERI,PA,AEA,CE,Combined TRACON& Tower with Radar,0,29,10,1,40,0,0,6,1,7,0,29,16,2,47,11,0,11,58
02/11/2011,ERI,PA,AEA,CE,Combined TRACON& Tower with Radar,0,24,12,0,36,0,0,2,0,2,0,24,14,0,38,4,0,4,42
02/12/2011,ERI,PA,AEA,CE,Combined TRACON& Tower with Radar,0,19,6,0,25,0,0,4,0,4,0,19,10,0,29,13,0,13,42
02/13/2011,ERI,PA,AEA,CE,Combined TRACON& Tower with Radar,0,19,5,0,24,0,0,3,0,3,0,19,8,0,27,4,0,4,31
02/14/2011,ERI,PA,AEA,CE,Combined TRACON& Tower with Radar,0,23,8,0,31,0,0,0,0,0,0,23,8,0,31,0,0,0,31
02/15/2011,ERI,PA,AEA,CE,Combined TRACON& Tower with Radar,0,24,13,0,37,0,0,20,0,20,0,24,33,0,57,9,0,9,66
02/16/2011,ERI,PA,AEA,CE,Combined TRACON& Tower with Radar,0,24,17,0,41,0,0,6,1,7,0,24,23,1,48,16,0,16,64
02/17/2011,ERI,PA,AEA,CE,Combined TRACON& Tower with Radar,0,27,18,0,45,0,0,2,0,2,0,27,20,0,47,2,0,2,49
02/18/2011,ERI,PA,AEA,CE,Combined TRACON& Tower with Radar,0,28,15,0,43,0,0,0,0,0,0,28,15,0,43,2,0,2,45
02/19/2011,ERI,PA,AEA,CE,Combined TRACON& Tower with Radar,0,16,1,0,17,0,0,0,0,0,0,16,1,0,17,2,0,2,19
02/20/2011,ERI,PA,AEA,CE,Combined TRACON& Tower with Radar,0,14,7,0,21,0,0,14,0,14,0,14,21,0,35,25,0,25,60
02/21/2011,ERI,PA,AEA,CE,Combined TRACON& Tower with Radar,2,17,0,0,19,0,0,1,0,1,2,17,1,0,20,0,0,0,20
02/22/2011,ERI,PA,AEA,CE,Combined TRACON& Tower with Radar,0,29,10,4,43,0,0,8,0,8,0,29,18,4,51,4,14,18,69
02/23/2011,ERI,PA,AEA,CE,Combined TRACON& Tower with Radar,1,26,11,0,38,0,0,19,0,19,1,26,30,0,57,68,0,68,125
02/24/2011,ERI,PA,AEA,CE,Combined TRACON& Tower with Radar,1,23,3,0,27,0,0,0,0,0,1,23,3,0,27,0,0,0,27
02/25/2011,ERI,PA,AEA,CE,Combined TRACON& Tower with Radar,0,10,1,0,11,0,0,0,0,0,0,10,1,0,11,0,0,0,11
02/26/2011,ERI,PA,AEA,CE,Combined TRACON& Tower with Radar,0,16,17,0,33,0,0,3,0,3,0,16,20,0,36,2,0,2,38
02/27/2011,ERI,PA,AEA,CE,Combined TRACON& Tower with Radar,0,20,10,0,30,0,0,3,0,3,0,20,13,0,33,2,0,2,35
02/28/2011,ERI,PA,AEA,CE,Combined TRACON& Tower with Radar,0,23,4,0,27,0,0,0,0,0,0,23,4,0,27,0,0,0,27
03/01/2011,ERI,PA,AEA,CE,Combined TRACON& Tower with Radar,0,29,19,0,48,0,0,9,1,10,0,29,28,1,58,28,0,28,86
03/02/2011,ERI,PA,AEA,CE,Combined TRACON& Tower with Radar,0,23,8,0,31,0,0,2,2,4,0,23,10,2,35,4,0,4,39
03/03/2011,ERI,PA,AEA,CE,Combined TRACON& Tower with Radar,0,32,14,0,46,0,0,15,0,15,0,32,29,0,61,43,0,43,104
03/04/2011,ERI,PA,AEA,CE,Combined TRACON& Tower with Radar,0,27,18,0,45,0,0,1,0,1,0,27,19,0,46,2,0,2,48
03/05/2011,ERI,PA,AEA,CE,Combined TRACON& Tower with Radar,0,15,5,0,20,0,0,0,0,0,0,15,5,0,20,0,0,0,20
03/06/2011,ERI,PA,AEA,CE,Combined TRACON& Tower with Radar,0,19,2,0,21,0,0,0,0,0,0,19,2,0,21,0,0,0,21
03/07/2011,ERI,PA,AEA,CE,Combined TRACON& Tower with Radar,0,22,18,0,40,0,0,25,0,25,0,22,43,0,65,56,0,56,121
03/08/2011,ERI,PA,AEA,CE,Combined TRACON& Tower with Radar,0,21,9,0,30,0,0,23,0,23,0,21,32,0,53,42,0,42,95
03/09/2011,ERI,PA,AEA,CE,Combined TRACON& Tower with Radar,0,26,10,0,36,0,0,0,0,0,0,26,10,0,36,4,0,4,40
03/10/2011,ERI,PA,AEA,CE,Combined TRACON& Tower with Radar,1,25,9,0,35,0,0,0,0,0,1,25,9,0,35,15,0,15,50
03/11/2011,ERI,PA,AEA,CE,Combined TRACON& Tower with Radar,1,22,5,0,28,0,0,0,0,0,1,22,5,0,28,0,0,0,28
03/12/2011,ERI,PA,AEA,CE,Combined TRACON& Tower with Radar,2,20,8,0,30,0,0,2,0,2,2,20,10,0,32,2,0,2,34
03/13/2011,ERI,PA,AEA,CE,Combined TRACON& Tower with Radar,0,18,1,0,19,0,0,0,0,0,0,18,1,0,19,1,0,1,20
03/14/2011,ERI,PA,AEA,CE,Combined TRACON& Tower with Radar,0,25,7,0,32,0,0,3,0,3,0,25,10,0,35,0,0,0,35
03/15/2011,ERI,PA,AEA,CE,Combined TRACON& Tower with Radar,0,26,16,0,42,0,0,3,0,3,0,26,19,0,45,4,0,4,49
03/16/2011,ERI,PA,AEA,CE,Combined TRACON& Tower with Radar,4,30,12,0,46,0,0,2,0,2,4,30,14,0,48,2,0,2,50
03/17/2011,ERI,PA,AEA,CE,Combined TRACON& Tower with Radar,0,31,17,0,48,0,1,5,0,6,0,32,22,0,54,28,0,28,82
03/18/2011,ERI,PA,AEA,CE,Combined TRACON& Tower with Radar,0,30,13,0,43,0,0,8,0,8,0,30,21,0,51,26,0,26,77
03/19/2011,ERI,PA,AEA,CE,Combined TRACON& Tower with Radar,2,16,7,0,25,0,0,14,0,14,2,16,21,0,39,28,0,28,67
03/20/2011,ERI,PA,AEA,CE,Combined TRACON& Tower with Radar,4,20,10,0,34,0,0,18,0,18,4,20,28,0,52,38,0,38,90
03/21/2011,ERI,PA,AEA,CE,Combined TRACON& Tower with Radar,2,21,8,0,31,0,0,3,0,3,2,21,11,0,34,4,0,4,38
03/22/2011,ERI,PA,AEA,CE,Combined TRACON& Tower with Radar,0,31,18,0,49,0,0,3,0,3,0,31,21,0,52,6,0,6,58
03/23/2011,ERI,PA,AEA,CE,Combined TRACON& Tower with Radar,2,17,7,0,26,0,0,0,0,0,2,17,7,0,26,4,0,4,30
03/24/2011,ERI,PA,AEA,CE,Combined TRACON& Tower with Radar,0,31,30,0,61,0,0,6,0,6,0,31,36,0,67,4,0,4,71
03/25/2011,ERI,PA,AEA,CE,Combined TRACON& Tower with Radar,0,26,14,1,41,0,0,14,0,14,0,26,28,1,55,11,0,11,66
03/26/2011,ERI,PA,AEA,CE,Combined TRACON& Tower with Radar,0,22,21,0,43,0,0,20,0,20,0,22,41,0,63,86,0,86,149
03/27/2011,ERI,PA,AEA,CE,Combined TRACON& Tower with Radar,0,23,7,0,30,0,0,11,0,11,0,23,18,0,41,16,0,16,57
03/28/2011,ERI,PA,AEA,CE,Combined TRACON& Tower with Radar,0,27,14,0,41,0,0,13,0,13,0,27,27,0,54,24,0,24,78
03/29/2011,ERI,PA,AEA,CE,Combined TRACON& Tower with Radar,0,24,14,8,46,0,0,15,1,16,0,24,29,9,62,49,6,55,117
03/30/2011,ERI,PA,AEA,CE,Combined TRACON& Tower with Radar,0,29,19,0,48,0,0,6,0,6,0,29,25,0,54,6,0,6,60
03/31/2011,ERI,PA,AEA,CE,Combined TRACON& Tower with Radar,0,6,8,0,14,0,0,0,0,0,0,6,8,0,14,4,0,4,18
04/01/2011,ERI,PA,AEA,CE,Combined TRACON& Tower with Radar,0,21,10,0,31,0,0,5,0,5,0,21,15,0,36,10,0,10,46
04/02/2011,ERI,PA,AEA,CE,Combined TRACON& Tower with Radar,0,16,5,0,21,0,0,11,0,11,0,16,16,0,32,14,0,14,46
04/03/2011,ERI,PA,AEA,CE,Combined TRACON& Tower with Radar,0,18,5,0,23,0,0,9,1,10,0,18,14,1,33,84,0,84,117
04/04/2011,ERI,PA,AEA,CE,Combined TRACON& Tower with Radar,0,19,3,0,22,0,0,0,0,0,0,19,3,0,22,1,0,1,23
04/05/2011,ERI,PA,AEA,CE,Combined TRACON& Tower with Radar,0,22,6,0,28,0,0,5,0,5,0,22,11,0,33,6,0,6,39
04/06/2011,ERI,PA,AEA,CE,Combined TRACON& Tower with Radar,0,25,8,0,33,0,0,1,0,1,0,25,9,0,34,4,0,4,38
04/07/2011,ERI,PA,AEA,CE,Combined TRACON& Tower with Radar,0,17,12,0,29,0,0,5,2,7,0,17,17,2,36,66,0,66,102
04/08/2011,ERI,PA,AEA,CE,Combined TRACON& Tower with Radar,0,28,15,0,43,0,0,0,0,0,0,28,15,0,43,42,0,42,85
04/09/2011,ERI,PA,AEA,CE,Combined TRACON& Tower with Radar,0,17,14,0,31,0,0,14,0,14,0,17,28,0,45,55,0,55,100
04/10/2011,ERI,PA,AEA,CE,Combined TRACON& Tower with Radar,0,19,9,0,28,0,0,5,0,5,0,19,14,0,33,4,0,4,37
04/11/2011,ERI,PA,AEA,CE,Combined TRACON& Tower with Radar,0,30,12,0,42,0,0,4,0,4,0,30,16,0,46,1,0,1,47
04/12/2011,ERI,PA,AEA,CE,Combined TRACON& Tower with Radar,0,29,10,0,39,0,0,2,0,2,0,29,12,0,41,0,0,0,41
04/13/2011,ERI,PA,AEA,CE,Combined TRACON& Tower with Radar,0,23,23,0,46,0,0,1,0,1,0,23,24,0,47,5,0,5,52
04/14/2011,ERI,PA,AEA,CE,Combined TRACON& Tower with Radar,0,28,26,0,54,0,0,25,8,33,0,28,51,8,87,99,0,99,186
04/15/2011,ERI,PA,AEA,CE,Combined TRACON& Tower with Radar,0,21,19,0,40,0,0,8,0,8,0,21,27,0,48,30,0,30,78
04/16/2011,ERI,PA,AEA,CE,Combined TRACON& Tower with Radar,0,13,2,0,15,0,0,0,0,0,0,13,2,0,15,2,0,2,17
04/17/2011,ERI,PA,AEA,CE,Combined TRACON& Tower with Radar,0,20,9,0,29,0,0,1,0,1,0,20,10,0,30,0,0,0,30
04/18/2011,ERI,PA,AEA,CE,Combined TRACON& Tower with Radar,0,25,12,0,37,0,0,2,0,2,0,25,14,0,39,0,0,0,39
04/19/2011,ERI,PA,AEA,CE,Combined TRACON& Tower with Radar,0,22,6,0,28,0,0,1,0,1,0,22,7,0,29,4,0,4,33
04/20/2011,ERI,PA,AEA,CE,Combined TRACON& Tower with Radar,0,22,12,0,34,0,0,0,0,0,0,22,12,0,34,0,0,0,34
04/21/2011,ERI,PA,AEA,CE,Combined TRACON& Tower with Radar,0,40,24,0,64,0,0,27,0,27,0,40,51,0,91,42,0,42,133
04/22/2011,ERI,PA,AEA,CE,Combined TRACON& Tower with Radar,0,23,7,0,30,0,0,0,0,0,0,23,7,0,30,7,0,7,37
04/23/2011,ERI,PA,AEA,CE,Combined TRACON& Tower with Radar,0,20,5,0,25,0,0,9,0,9,0,20,14,0,34,12,0,12,46
04/24/2011,ERI,PA,AEA,CE,Combined TRACON& Tower with Radar,0,18,4,0,22,0,0,0,0,0,0,18,4,0,22,0,0,0,22
04/25/2011,ERI,PA,AEA,CE,Combined TRACON& Tower with Radar,0,21,22,0,43,0,0,1,0,1,0,21,23,0,44,6,0,6,50
04/26/2011,ERI,PA,AEA,CE,Combined TRACON& Tower with Radar,0,24,14,4,42,0,0,9,0,9,0,24,23,4,51,14,0,14,65
04/27/2011,ERI,PA,AEA,CE,Combined TRACON& Tower with Radar,0,25,6,0,31,0,0,4,0,4,0,25,10,0,35,1,0,1,36
04/28/2011,ERI,PA,AEA,CE,Combined TRACON& Tower with Radar,0,19,18,5,42,0,0,0,0,0,0,19,18,5,42,10,0,10,52
04/29/2011,ERI,PA,AEA,CE,Combined TRACON& Tower with Radar,0,28,11,0,39,0,0,5,0,5,0,28,16,0,44,16,0,16,60
04/30/2011,ERI,PA,AEA,CE,Combined TRACON& Tower with Radar,0,15,17,0,32,0,0,43,0,43,0,15,60,0,75,69,0,69,144
05/01/2011,ERI,PA,AEA,CE,Combined TRACON& Tower with Radar,0,19,6,0,25,0,0,1,0,1,0,19,7,0,26,0,0,0,26
05/02/2011,ERI,PA,AEA,CE,Combined TRACON& Tower with Radar,0,20,13,11,44,0,0,4,0,4,0,20,17,11,48,18,8,26,74
05/03/2011,ERI,PA,AEA,CE,Combined TRACON& Tower with Radar,0,31,10,0,41,0,0,0,0,0,0,31,10,0,41,1,0,1,42
05/04/2011,ERI,PA,AEA,CE,Combined TRACON& Tower with Radar,0,34,11,0,45,0,0,10,0,10,0,34,21,0,55,44,0,44,99
05/05/2011,ERI,PA,AEA,CE,Combined TRACON& Tower with Radar,0,29,16,0,45,0,0,31,0,31,0,29,47,0,76,71,0,71,147
05/06/2011,ERI,PA,AEA,CE,Combined TRACON& Tower with Radar,0,27,18,4,49,0,0,10,0,10,0,27,28,4,59,19,4,23,82
05/07/2011,ERI,PA,AEA,CE,Combined TRACON& Tower with Radar,0,20,9,0,29,0,1,14,0,15,0,21,23,0,44,36,0,36,80
05/08/2011,ERI,PA,AEA,CE,Combined TRACON& Tower with Radar,0,19,8,0,27,0,0,18,0,18,0,19,26,0,45,53,0,53,98
05/09/2011,ERI,PA,AEA,CE,Combined TRACON& Tower with Radar,0,31,9,0,40,0,0,17,0,17,0,31,26,0,57,9,0,9,66
05/10/2011,ERI,PA,AEA,CE,Combined TRACON& Tower with Radar,0,22,16,0,38,0,0,29,0,29,0,22,45,0,67,72,0,72,139
05/11/2011,ERI,PA,AEA,CE,Combined TRACON& Tower with Radar,0,21,28,1,50,0,0,30,0,30,0,21,58,1,80,86,0,86,166
05/12/2011,ERI,PA,AEA,CE,Combined TRACON& Tower with Radar,0,30,14,0,44,0,0,2,0,2,0,30,16,0,46,10,0,10,56
05/13/2011,ERI,PA,AEA,CE,Combined TRACON& Tower with Radar,0,23,11,0,34,0,0,14,2,16,0,23,25,2,50,37,0,37,87
05/14/2011,ERI,PA,AEA,CE,Combined TRACON& Tower with Radar,0,19,7,0,26,0,0,0,0,0,0,19,7,0,26,4,0,4,30
05/15/2011,ERI,PA,AEA,CE,Combined TRACON& Tower with Radar,0,17,2,0,19,0,0,0,0,0,0,17,2,0,19,0,0,0,19
05/16/2011,ERI,PA,AEA,CE,Combined TRACON& Tower with Radar,2,24,13,0,39,0,0,0,0,0,2,24,13,0,39,6,0,6,45
05/17/2011,ERI,PA,AEA,CE,Combined TRACON& Tower with Radar,0,22,19,0,41,0,0,0,0,0,0,22,19,0,41,1,0,1,42
05/18/2011,ERI,PA,AEA,CE,Combined TRACON& Tower with Radar,2,25,22,0,49,0,0,2,0,2,2,25,24,0,51,7,0,7,58
05/19/2011,ERI,PA,AEA,CE,Combined TRACON& Tower with Radar,0,20,20,0,40,0,0,7,0,7,0,20,27,0,47,56,0,56,103
05/20/2011,ERI,PA,AEA,CE,Combined TRACON& Tower with Radar,0,26,33,0,59,0,1,8,1,10,0,27,41,1,69,61,0,61,130
05/21/2011,ERI,PA,AEA,CE,Combined TRACON& Tower with Radar,0,18,7,0,25,0,0,74,1,75,0,18,81,1,100,90,6,96,196
05/22/2011,ERI,PA,AEA,CE,Combined TRACON& Tower with Radar,0,19,8,0,27,0,0,6,0,6,0,19,14,0,33,66,0,66,99
05/23/2011,ERI,PA,AEA,CE,Combined TRACON& Tower with Radar,0,22,8,0,30,0,0,5,0,5,0,22,13,0,35,6,0,6,41
05/24/2011,ERI,PA,AEA,CE,Combined TRACON& Tower with Radar,0,29,21,0,50,0,0,14,0,14,0,29,35,0,64,20,0,20,84
05/25/2011,ERI,PA,AEA,CE,Combined TRACON& Tower with Radar,0,20,12,0,32,0,0,23,0,23,0,20,35,0,55,101,0,101,156
05/26/2011,ERI,PA,AEA,CE,Combined TRACON& Tower with Radar,0,29,12,0,41,0,0,0,0,0,0,29,12,0,41,16,0,16,57
05/27/2011,ERI,PA,AEA,CE,Combined TRACON& Tower with Radar,0,24,2,0,26,0,2,0,0,2,0,26,2,0,28,4,0,4,32
05/28/2011,ERI,PA,AEA,CE,Combined TRACON& Tower with Radar,0,15,14,0,29,0,0,14,1,15,0,15,28,1,44,31,0,31,75
05/29/2011,ERI,PA,AEA,CE,Combined TRACON& Tower with Radar,0,15,8,0,23,0,0,15,0,15,0,15,23,0,38,22,0,22,60
05/30/2011,ERI,PA,AEA,CE,Combined TRACON& Tower with Radar,0,18,11,0,29,0,0,31,0,31,0,18,42,0,60,51,0,51,111
05/31/2011,ERI,PA,AEA,CE,Combined TRACON& Tower with Radar,0,22,4,0,26,0,0,16,0,16,0,22,20,0,42,50,0,50,92
06/01/2011,ERI,PA,AEA,CE,Combined TRACON& Tower with Radar,0,23,16,8,47,0,0,2,0,2,0,23,18,8,49,57,6,63,112
06/02/2011,ERI,PA,AEA,CE,Combined TRACON& Tower with Radar,0,25,11,0,36,0,0,24,0,24,0,25,35,0,60,34,0,34,94
06/03/2011,ERI,PA,AEA,CE,Combined TRACON& Tower with Radar,0,24,27,0,51,0,0,13,0,13,0,24,40,0,64,65,0,65,129
06/04/2011,ERI,PA,AEA,CE,Combined TRACON& Tower with Radar,0,22,3,0,25,0,1,2,0,3,0,23,5,0,28,15,0,15,43
06/05/2011,ERI,PA,AEA,CE,Combined TRACON& Tower with Radar,0,17,12,0,29,0,0,27,0,27,0,17,39,0,56,23,0,23,79
06/06/2011,ERI,PA,AEA,CE,Combined TRACON& Tower with Radar,0,27,12,0,39,0,0,16,1,17,0,27,28,1,56,26,0,26,82
06/07/2011,ERI,PA,AEA,CE,Combined TRACON& Tower with Radar,0,24,17,0,41,0,1,13,0,14,0,25,30,0,55,46,0,46,101
06/08/2011,ERI,PA,AEA,CE,Combined TRACON& Tower with Radar,0,26,17,0,43,0,0,28,0,28,0,26,45,0,71,34,0,34,105
06/09/2011,ERI,PA,AEA,CE,Combined TRACON& Tower with Radar,0,25,15,0,40,0,0,3,0,3,0,25,18,0,43,4,0,4,47
06/10/2011,ERI,PA,AEA,CE,Combined TRACON& Tower with Radar,0,25,19,0,44,0,0,8,0,8,0,25,27,0,52,48,0,48,100
06/11/2011,ERI,PA,AEA,CE,Combined TRACON& Tower with Radar,0,20,8,0,28,0,0,11,0,11,0,20,19,0,39,15,0,15,54
06/12/2011,ERI,PA,AEA,CE,Combined TRACON& Tower with Radar,0,19,8,0,27,0,0,4,0,4,0,19,12,0,31,32,0,32,63
06/13/2011,ERI,PA,AEA,CE,Combined TRACON& Tower with Radar,0,22,14,0,36,0,1,32,0,33,0,23,46,0,69,32,0,32,101
06/14/2011,ERI,PA,AEA,CE,Combined TRACON& Tower with Radar,0,28,10,0,38,0,0,10,0,10,0,28,20,0,48,51,0,51,99
06/15/2011,ERI,PA,AEA,CE,Combined TRACON& Tower with Radar,0,22,16,0,38,0,0,35,1,36,0,22,51,1,74,111,0,111,185
06/16/2011,ERI,PA,AEA,CE,Combined TRACON& Tower with Radar,0,28,12,3,43,0,0,2,0,2,0,28,14,3,45,4,0,4,49
06/17/2011,ERI,PA,AEA,CE,Combined TRACON& Tower with Radar,0,28,17,0,45,0,0,14,0,14,0,28,31,0,59,78,0,78,137
06/18/2011,ERI,PA,AEA,CE,Combined TRACON& Tower with Radar,0,26,21,0,47,0,0,41,0,41,0,26,62,0,88,102,0,102,190
06/19/2011,ERI,PA,AEA,CE,Combined TRACON& Tower with Radar,0,24,16,0,40,0,0,18,0,18,0,24,34,0,58,66,0,66,124
06/20/2011,ERI,PA,AEA,CE,Combined TRACON& Tower with Radar,2,21,9,0,32,0,0,18,0,18,2,21,27,0,50,46,0,46,96
06/21/2011,ERI,PA,AEA,CE,Combined TRACON& Tower with Radar,0,36,12,0,48,0,0,16,0,16,0,36,28,0,64,20,0,20,84
06/22/2011,ERI,PA,AEA,CE,Combined TRACON& Tower with Radar,2,20,9,0,31,0,0,2,0,2,2,20,11,0,33,48,0,48,81
06/23/2011,ERI,PA,AEA,CE,Combined TRACON& Tower with Radar,0,25,14,0,39,0,0,12,0,12,0,25,26,0,51,44,0,44,95
06/24/2011,ERI,PA,AEA,CE,Combined TRACON& Tower with Radar,0,25,16,2,43,0,0,1,0,1,0,25,17,2,44,8,0,8,52
06/25/2011,ERI,PA,AEA,CE,Combined TRACON& Tower with Radar,0,18,12,0,30,0,0,7,0,7,0,18,19,0,37,22,0,22,59
06/26/2011,ERI,PA,AEA,CE,Combined TRACON& Tower with Radar,0,21,13,0,34,0,0,35,0,35,0,21,48,0,69,65,0,65,134
06/27/2011,ERI,PA,AEA,CE,Combined TRACON& Tower with Radar,0,23,9,0,32,0,0,27,3,30,0,23,36,3,62,40,0,40,102
06/28/2011,ERI,PA,AEA,CE,Combined TRACON& Tower with Radar,0,31,25,0,56,0,0,17,0,17,0,31,42,0,73,44,0,44,117
06/29/2011,ERI,PA,AEA,CE,Combined TRACON& Tower with Radar,0,29,18,1,48,0,0,12,0,12,0,29,30,1,60,44,0,44,104
06/30/2011,ERI,PA,AEA,CE,Combined TRACON& Tower with Radar,0,34,17,2,53,0,0,41,0,41,0,34,58,2,94,91,14,105,199
07/01/2011,ERI,PA,AEA,CE,Combined TRACON& Tower with Radar,0,23,18,0,41,0,0,33,4,37,0,23,51,4,78,70,0,70,148
07/02/2011,ERI,PA,AEA,CE,Combined TRACON& Tower with Radar,0,17,11,0,28,0,0,26,0,26,0,17,37,0,54,58,0,58,112
07/03/2011,ERI,PA,AEA,CE,Combined TRACON& Tower with Radar,0,18,10,0,28,0,1,27,0,28,0,19,37,0,56,67,0,67,123
07/04/2011,ERI,PA,AEA,CE,Combined TRACON& Tower with Radar,0,17,7,0,24,0,0,20,0,20,0,17,27,0,44,34,0,34,78
07/05/2011,ERI,PA,AEA,CE,Combined TRACON& Tower with Radar,0,31,11,0,42,0,0,36,0,36,0,31,47,0,78,61,0,61,139
07/06/2011,ERI,PA,AEA,CE,Combined TRACON& Tower with Radar,0,26,7,0,33,0,0,31,0,31,0,26,38,0,64,116,0,116,180
07/07/2011,ERI,PA,AEA,CE,Combined TRACON& Tower with Radar,0,25,15,6,46,0,0,42,0,42,0,25,57,6,88,104,0,104,192
07/08/2011,ERI,PA,AEA,CE,Combined TRACON& Tower with Radar,0,24,16,0,40,0,0,15,0,15,0,24,31,0,55,68,0,68,123
07/09/2011,ERI,PA,AEA,CE,Combined TRACON& Tower with Radar,0,22,8,0,30,0,0,23,0,23,0,22,31,0,53,18,0,18,71
07/10/2011,ERI,PA,AEA,CE,Combined TRACON& Tower with Radar,0,22,10,0,32,0,0,27,0,27,0,22,37,0,59,63,0,63,122
07/11/2011,ERI,PA,AEA,CE,Combined TRACON& Tower with Radar,0,27,13,0,40,0,0,13,0,13,0,27,26,0,53,36,0,36,89
07/12/2011,ERI,PA,AEA,CE,Combined TRACON& Tower with Radar,0,28,15,2,45,0,0,13,0,13,0,28,28,2,58,38,6,44,102
07/13/2011,ERI,PA,AEA,CE,Combined TRACON& Tower with Radar,0,28,13,0,41,0,0,22,0,22,0,28,35,0,63,81,0,81,144
07/14/2011,ERI,PA,AEA,CE,Combined TRACON& Tower with Radar,0,28,21,0,49,0,0,23,2,25,0,28,44,2,74,39,0,39,113
07/15/2011,ERI,PA,AEA,CE,Combined TRACON& Tower with Radar,0,27,15,0,42,0,0,34,0,34,0,27,49,0,76,73,0,73,149
07/16/2011,ERI,PA,AEA,CE,Combined TRACON& Tower with Radar,0,24,17,0,41,0,0,19,0,19,0,24,36,0,60,17,0,17,77
07/17/2011,ERI,PA,AEA,CE,Combined TRACON& Tower with Radar,0,23,13,0,36,0,2,26,3,31,0,25,39,3,67,32,0,32,99
07/18/2011,ERI,PA,AEA,CE,Combined TRACON& Tower with Radar,2,24,8,0,34,0,1,10,0,11,2,25,18,0,45,7,0,7,52
07/19/2011,ERI,PA,AEA,CE,Combined TRACON& Tower with Radar,0,25,25,0,50,0,0,21,0,21,0,25,46,0,71,35,0,35,106
07/20/2011,ERI,PA,AEA,CE,Combined TRACON& Tower with Radar,2,21,21,0,44,0,0,14,0,14,2,21,35,0,58,48,0,48,106
07/21/2011,ERI,PA,AEA,CE,Combined TRACON& Tower with Radar,0,27,12,0,39,0,0,26,0,26,0,27,38,0,65,106,0,106,171
07/22/2011,ERI,PA,AEA,CE,Combined TRACON& Tower with Radar,0,29,30,0,59,0,0,20,0,20,0,29,50,0,79,76,0,76,155
07/23/2011,ERI,PA,AEA,CE,Combined TRACON& Tower with Radar,0,21,12,0,33,0,1,28,0,29,0,22,40,0,62,18,0,18,80
07/24/2011,ERI,PA,AEA,CE,Combined TRACON& Tower with Radar,0,23,23,0,46,0,0,15,0,15,0,23,38,0,61,36,0,36,97
07/25/2011,ERI,PA,AEA,CE,Combined TRACON& Tower with Radar,0,27,10,0,37,0,0,16,0,16,0,27,26,0,53,22,0,22,75
07/26/2011,ERI,PA,AEA,CE,Combined TRACON& Tower with Radar,0,25,18,0,43,0,0,16,0,16,0,25,34,0,59,16,0,16,75
07/27/2011,ERI,PA,AEA,CE,Combined TRACON& Tower with Radar,0,33,15,6,54,0,0,44,2,46,0,33,59,8,100,52,2,54,154
07/28/2011,ERI,PA,AEA,CE,Combined TRACON& Tower with Radar,2,30,28,0,60,0,0,8,1,9,2,30,36,1,69,21,0,21,90
07/29/2011,ERI,PA,AEA,CE,Combined TRACON& Tower with Radar,0,24,15,0,39,0,0,3,0,3,0,24,18,0,42,13,0,13,55
07/30/2011,ERI,PA,AEA,CE,Combined TRACON& Tower with Radar,0,20,10,0,30,0,0,35,2,37,0,20,45,2,67,44,0,44,111
07/31/2011,ERI,PA,AEA,CE,Combined TRACON& Tower with Radar,0,22,20,0,42,0,0,22,0,22,0,22,42,0,64,4,0,4,68
08/01/2011,ERI,PA,AEA,CE,Combined TRACON& Tower with Radar,0,23,10,0,33,0,2,11,0,13,0,25,21,0,46,30,0,30,76
08/02/2011,ERI,PA,AEA,CE,Combined TRACON& Tower with Radar,0,25,13,0,38,0,0,12,0,12,0,25,25,0,50,25,0,25,75
08/03/2011,ERI,PA,AEA,CE,Combined TRACON& Tower with Radar,0,27,18,0,45,0,0,2,0,2,0,27,20,0,47,16,0,16,63
08/04/2011,ERI,PA,AEA,CE,Combined TRACON& Tower with Radar,0,31,24,9,64,0,0,12,2,14,0,31,36,11,78,85,8,93,171
08/05/2011,ERI,PA,AEA,CE,Combined TRACON& Tower with Radar,0,19,19,0,38,0,0,32,0,32,0,19,51,0,70,29,0,29,99
08/06/2011,ERI,PA,AEA,CE,Combined TRACON& Tower with Radar,0,20,8,2,30,0,0,8,0,8,0,20,16,2,38,12,0,12,50
08/07/2011,ERI,PA,AEA,CE,Combined TRACON& Tower with Radar,0,19,21,0,40,0,0,7,0,7,0,19,28,0,47,24,0,24,71
08/08/2011,ERI,PA,AEA,CE,Combined TRACON& Tower with Radar,0,22,18,0,40,0,0,13,0,13,0,22,31,0,53,71,0,71,124
08/09/2011,ERI,PA,AEA,CE,Combined TRACON& Tower with Radar,0,34,12,0,46,0,0,3,0,3,0,34,15,0,49,28,0,28,77
08/10/2011,ERI,PA,AEA,CE,Combined TRACON& Tower with Radar,2,23,29,0,54,0,0,12,1,13,2,23,41,1,67,46,0,46,113
08/11/2011,ERI,PA,AEA,CE,Combined TRACON& Tower with Radar,0,31,13,8,52,0,0,49,0,49,0,31,62,8,101,92,22,114,215
08/12/2011,ERI,PA,AEA,CE,Combined TRACON& Tower with Radar,0,27,15,0,42,0,0,33,0,33,0,27,48,0,75,46,0,46,121
08/13/2011,ERI,PA,AEA,CE,Combined TRACON& Tower with Radar,0,18,11,0,29,0,0,30,0,30,0,18,41,0,59,72,0,72,131
08/14/2011,ERI,PA,AEA,CE,Combined TRACON& Tower with Radar,0,22,14,0,36,0,0,0,4,4,0,22,14,4,40,29,0,29,69
08/15/2011,ERI,PA,AEA,CE,Combined TRACON& Tower with Radar,0,21,13,0,34,0,0,6,0,6,0,21,19,0,40,14,0,14,54
08/16/2011,ERI,PA,AEA,CE,Combined TRACON& Tower with Radar,0,23,24,4,51,0,0,34,0,34,0,23,58,4,85,12,2,14,99
08/17/2011,ERI,PA,AEA,CE,Combined TRACON& Tower with Radar,0,26,15,4,45,0,1,46,2,49,0,27,61,6,94,102,4,106,200
08/18/2011,ERI,PA,AEA,CE,Combined TRACON& Tower with Radar,0,22,16,0,38,0,0,20,0,20,0,22,36,0,58,45,0,45,103
08/19/2011,ERI,PA,AEA,CE,Combined TRACON& Tower with Radar,0,23,14,0,37,0,1,29,0,30,0,24,43,0,67,44,0,44,111
08/20/2011,ERI,PA,AEA,CE,Combined TRACON& Tower with Radar,0,19,14,0,33,0,0,41,0,41,0,19,55,0,74,21,0,21,95
08/21/2011,ERI,PA,AEA,CE,Combined TRACON& Tower with Radar,0,23,10,0,33,0,0,8,0,8,0,23,18,0,41,9,0,9,50
08/22/2011,ERI,PA,AEA,CE,Combined TRACON& Tower with Radar,2,26,15,1,44,0,0,18,1,19,2,26,33,2,63,10,6,16,79
08/23/2011,ERI,PA,AEA,CE,Combined TRACON& Tower with Radar,0,25,31,0,56,0,0,37,0,37,0,25,68,0,93,35,0,35,128
08/24/2011,ERI,PA,AEA,CE,Combined TRACON& Tower with Radar,2,28,12,0,42,0,0,2,1,3,2,28,14,1,45,2,0,2,47
08/25/2011,ERI,PA,AEA,CE,Combined TRACON& Tower with Radar,0,18,26,4,48,0,2,16,2,20,0,20,42,6,68,44,4,48,116
08/26/2011,ERI,PA,AEA,CE,Combined TRACON& Tower with Radar,0,23,9,0,32,0,0,18,0,18,0,23,27,0,50,73,0,73,123
08/27/2011,ERI,PA,AEA,CE,Combined TRACON& Tower with Radar,0,16,18,0,34,0,0,49,2,51,0,16,67,2,85,24,0,24,109
08/28/2011,ERI,PA,AEA,CE,Combined TRACON& Tower with Radar,0,17,12,0,29,0,0,9,2,11,0,17,21,2,40,29,0,29,69
08/29/2011,ERI,PA,AEA,CE,Combined TRACON& Tower with Radar,0,24,12,0,36,0,0,30,4,34,0,24,42,4,70,34,0,34,104
08/30/2011,ERI,PA,AEA,CE,Combined TRACON& Tower with Radar,0,22,19,0,41,0,0,35,2,37,0,22,54,2,78,38,0,38,116
08/31/2011,ERI,PA,AEA,CE,Combined TRACON& Tower with Radar,0,24,18,0,42,0,1,26,2,29,0,25,44,2,71,42,0,42,113
09/01/2011,ERI,PA,AEA,CE,Combined TRACON& Tower with Radar,0,30,16,0,46,0,0,11,0,11,0,30,27,0,57,35,0,35,92
09/02/2011,ERI,PA,AEA,CE,Combined TRACON& Tower with Radar,0,23,16,0,39,0,0,28,0,28,0,23,44,0,67,78,0,78,145
09/03/2011,ERI,PA,AEA,CE,Combined TRACON& Tower with Radar,0,16,9,0,25,0,0,21,2,23,0,16,30,2,48,62,0,62,110
09/04/2011,ERI,PA,AEA,CE,Combined TRACON& Tower with Radar,0,14,8,0,22,0,0,7,0,7,0,14,15,0,29,41,0,41,70
09/05/2011,ERI,PA,AEA,CE,Combined TRACON& Tower with Radar,0,23,21,0,44,0,0,2,0,2,0,23,23,0,46,47,0,47,93
09/06/2011,ERI,PA,AEA,CE,Combined TRACON& Tower with Radar,0,18,15,0,33,0,0,7,0,7,0,18,22,0,40,34,0,34,74
09/07/2011,ERI,PA,AEA,CE,Combined TRACON& Tower with Radar,0,22,11,0,33,0,0,0,0,0,0,22,11,0,33,0,0,0,33
09/08/2011,ERI,PA,AEA,CE,Combined TRACON& Tower with Radar,0,24,20,0,44,0,0,0,0,0,0,24,20,0,44,0,0,0,44
09/09/2011,ERI,PA,AEA,CE,Combined TRACON& Tower with Radar,0,27,19,0,46,0,0,2,0,2,0,27,21,0,48,12,0,12,60
09/10/2011,ERI,PA,AEA,CE,Combined TRACON& Tower with Radar,0,20,12,0,32,0,0,2,0,2,0,20,14,0,34,8,0,8,42
09/11/2011,ERI,PA,AEA,CE,Combined TRACON& Tower with Radar,0,19,8,0,27,0,0,10,0,10,0,19,18,0,37,41,0,41,78
09/12/2011,ERI,PA,AEA,CE,Combined TRACON& Tower with Radar,2,27,6,4,39,0,1,22,3,26,2,28,28,7,65,22,0,22,87
09/13/2011,ERI,PA,AEA,CE,Combined TRACON& Tower with Radar,0,27,10,0,37,0,0,2,0,2,0,27,12,0,39,8,0,8,47
09/14/2011,ERI,PA,AEA,CE,Combined TRACON& Tower with Radar,2,22,13,3,40,0,0,32,0,32,2,22,45,3,72,68,8,76,148
09/15/2011,ERI,PA,AEA,CE,Combined TRACON& Tower with Radar,0,31,21,0,52,0,0,12,0,12,0,31,33,0,64,12,0,12,76
09/16/2011,ERI,PA,AEA,CE,Combined TRACON& Tower with Radar,0,24,20,0,44,0,0,24,0,24,0,24,44,0,68,28,0,28,96
09/17/2011,ERI,PA,AEA,CE,Combined TRACON& Tower with Radar,0,15,9,0,24,0,0,27,0,27,0,15,36,0,51,55,0,55,106
09/18/2011,ERI,PA,AEA,CE,Combined TRACON& Tower with Radar,0,25,17,0,42,0,0,34,0,34,0,25,51,0,76,7,0,7,83
09/19/2011,ERI,PA,AEA,CE,Combined TRACON& Tower with Radar,0,22,11,12,45,0,0,0,0,0,0,22,11,12,45,4,18,22,67
09/20/2011,ERI,PA,AEA,CE,Combined TRACON& Tower with Radar,0,28,20,4,52,0,0,25,0,25,0,28,45,4,77,61,6,67,144
09/21/2011,ERI,PA,AEA,CE,Combined TRACON& Tower with Radar,0,26,9,0,35,0,0,10,0,10,0,26,19,0,45,58,0,58,103
09/22/2011,ERI,PA,AEA,CE,Combined TRACON& Tower with Radar,0,25,20,13,58,0,0,31,0,31,0,25,51,13,89,74,4,78,167
09/23/2011,ERI,PA,AEA,CE,Combined TRACON& Tower with Radar,0,24,21,0,45,0,0,0,0,0,0,24,21,0,45,5,0,5,50
09/24/2011,ERI,PA,AEA,CE,Combined TRACON& Tower with Radar,0,18,8,0,26,0,0,11,0,11,0,18,19,0,37,10,0,10,47
09/25/2011,ERI,PA,AEA,CE,Combined TRACON& Tower with Radar,0,18,4,0,22,0,0,29,0,29,0,18,33,0,51,28,0,28,79
09/26/2011,ERI,PA,AEA,CE,Combined TRACON& Tower with Radar,0,20,17,0,37,0,0,1,0,1,0,20,18,0,38,2,0,2,40
09/27/2011,ERI,PA,AEA,CE,Combined TRACON& Tower with Radar,0,22,12,0,34,0,0,12,0,12,0,22,24,0,46,12,0,12,58
09/28/2011,ERI,PA,AEA,CE,Combined TRACON& Tower with Radar,0,25,14,0,39,0,0,9,0,9,0,25,23,0,48,46,0,46,94
09/29/2011,ERI,PA,AEA,CE,Combined TRACON& Tower with Radar,0,25,24,0,49,0,0,5,2,7,0,25,29,2,56,47,0,47,103
09/30/2011,ERI,PA,AEA,CE,Combined TRACON& Tower with Radar,0,24,10,0,34,0,0,0,0,0,0,24,10,0,34,11,0,11,45
10/01/2011,ERI,PA,AEA,CE,Combined TRACON& Tower with Radar,0,23,10,0,33,0,0,0,0,0,0,23,10,0,33,15,0,15,48
10/02/2011,ERI,PA,AEA,CE,Combined TRACON& Tower with Radar,0,18,17,0,35,0,0,1,0,1,0,18,18,0,36,9,0,9,45
10/03/2011,ERI,PA,AEA,CE,Combined TRACON& Tower with Radar,0,24,15,0,39,0,0,5,0,5,0,24,20,0,44,17,0,17,61
10/04/2011,ERI,PA,AEA,CE,Combined TRACON& Tower with Radar,0,26,17,4,47,0,0,12,0,12,0,26,29,4,59,22,3,25,84
10/05/2011,ERI,PA,AEA,CE,Combined TRACON& Tower with Radar,0,25,12,9,46,0,0,15,0,15,0,25,27,9,61,30,4,34,95
10/06/2011,ERI,PA,AEA,CE,Combined TRACON& Tower with Radar,0,22,20,8,50,0,0,28,2,30,0,22,48,10,80,104,20,124,204
10/07/2011,ERI,PA,AEA,CE,Combined TRACON& Tower with Radar,0,23,13,0,36,0,0,40,0,40,0,23,53,0,76,39,0,39,115
10/08/2011,ERI,PA,AEA,CE,Combined TRACON& Tower with Radar,0,23,7,0,30,0,0,39,0,39,0,23,46,0,69,67,0,67,136
10/09/2011,ERI,PA,AEA,CE,Combined TRACON& Tower with Radar,0,17,9,0,26,0,0,46,0,46,0,17,55,0,72,41,0,41,113
10/10/2011,ERI,PA,AEA,CE,Combined TRACON& Tower with Radar,0,25,19,0,44,0,0,14,0,14,0,25,33,0,58,31,0,31,89
10/11/2011,ERI,PA,AEA,CE,Combined TRACON& Tower with Radar,0,23,13,0,36,0,1,24,0,25,0,24,37,0,61,27,0,27,88
10/12/2011,ERI,PA,AEA,CE,Combined TRACON& Tower with Radar,0,21,20,0,41,0,0,0,0,0,0,21,20,0,41,0,0,0,41
10/13/2011,ERI,PA,AEA,CE,Combined TRACON& Tower with Radar,0,22,16,8,46,0,0,0,0,0,0,22,16,8,46,18,4,22,68
10/14/2011,ERI,PA,AEA,CE,Combined TRACON& Tower with Radar,0,26,9,0,35,0,0,0,0,0,0,26,9,0,35,6,0,6,41
10/15/2011,ERI,PA,AEA,CE,Combined TRACON& Tower with Radar,0,28,3,0,31,0,1,0,2,3,0,29,3,2,34,3,0,3,37
10/16/2011,ERI,PA,AEA,CE,Combined TRACON& Tower with Radar,0,23,14,0,37,0,0,0,0,0,0,23,14,0,37,2,0,2,39
10/17/2011,ERI,PA,AEA,CE,Combined TRACON& Tower with Radar,0,23,5,2,30,0,0,12,0,12,0,23,17,2,42,21,0,21,63
10/18/2011,ERI,PA,AEA,CE,Combined TRACON& Tower with Radar,0,23,17,0,40,0,1,16,0,17,0,24,33,0,57,34,0,34,91
10/19/2011,ERI,PA,AEA,CE,Combined TRACON& Tower with Radar,0,21,9,6,36,0,0,1,0,1,0,21,10,6,37,12,12,24,61
10/20/2011,ERI,PA,AEA,CE,Combined TRACON& Tower with Radar,0,20,13,0,33,0,0,1,0,1,0,20,14,0,34,11,0,11,45
10/21/2011,ERI,PA,AEA,CE,Combined TRACON& Tower with Radar,0,25,10,0,35,0,0,2,0,2,0,25,12,0,37,3,0,3,40
10/22/2011,ERI,PA,AEA,CE,Combined TRACON& Tower with Radar,0,16,14,0,30,0,0,23,0,23,0,16,37,0,53,61,0,61,114
10/23/2011,ERI,PA,AEA,CE,Combined TRACON& Tower with Radar,0,17,11,0,28,0,0,36,0,36,0,17,47,0,64,48,0,48,112
10/24/2011,ERI,PA,AEA,CE,Combined TRACON& Tower with Radar,0,22,3,1,26,0,0,7,1,8,0,22,10,2,34,2,0,2,36
10/25/2011,ERI,PA,AEA,CE,Combined TRACON& Tower with Radar,0,24,15,1,40,0,0,20,1,21,0,24,35,2,61,43,10,53,114
10/26/2011,ERI,PA,AEA,CE,Combined TRACON& Tower with Radar,0,20,6,4,30,0,0,0,0,0,0,20,6,4,30,8,4,12,42
10/27/2011,ERI,PA,AEA,CE,Combined TRACON& Tower with Radar,0,25,8,0,33,0,0,2,0,2,0,25,10,0,35,3,0,3,38
10/28/2011,ERI,PA,AEA,CE,Combined TRACON& Tower with Radar,0,27,15,0,42,0,1,14,0,15,0,28,29,0,57,22,0,22,79
10/29/2011,ERI,PA,AEA,CE,Combined TRACON& Tower with Radar,0,17,3,0,20,0,0,4,0,4,0,17,7,0,24,4,0,4,28
10/30/2011,ERI,PA,AEA,CE,Combined TRACON& Tower with Radar,0,23,8,0,31,0,3,33,0,36,0,26,41,0,67,23,0,23,90
10/31/2011,ERI,PA,AEA,CE,Combined TRACON& Tower with Radar,0,23,4,4,31,0,0,7,0,7,0,23,11,4,38,16,4,20,58
11/01/2011,ERI,PA,AEA,CE,Combined TRACON& Tower with Radar,0,24,16,0,40,0,0,11,0,11,0,24,27,0,51,31,0,31,82
11/02/2011,ERI,PA,AEA,CE,Combined TRACON& Tower with Radar,0,22,18,2,42,0,0,26,4,30,0,22,44,6,72,54,8,62,134
11/03/2011,ERI,PA,AEA,CE,Combined TRACON& Tower with Radar,0,24,14,0,38,0,0,9,0,9,0,24,23,0,47,72,0,72,119
11/04/2011,ERI,PA,AEA,CE,Combined TRACON& Tower with Radar,0,26,2,4,32,0,1,11,2,14,0,27,13,6,46,2,6,8,54
11/05/2011,ERI,PA,AEA,CE,Combined TRACON& Tower with Radar,0,16,7,0,23,0,0,24,3,27,0,16,31,3,50,37,22,59,109
11/06/2011,ERI,PA,AEA,CE,Combined TRACON& Tower with Radar,0,26,11,2,39,0,4,21,0,25,0,30,32,2,64,18,0,18,82
11/07/2011,ERI,PA,AEA,CE,Combined TRACON& Tower with Radar,0,24,15,2,41,0,0,5,0,5,0,24,20,2,46,10,0,10,56
11/08/2011,ERI,PA,AEA,CE,Combined TRACON& Tower with Radar,0,22,15,0,37,0,2,18,0,20,0,24,33,0,57,15,0,15,72
11/09/2011,ERI,PA,AEA,CE,Combined TRACON& Tower with Radar,0,25,20,0,45,0,1,6,2,9,0,26,26,2,54,34,0,34,88
11/10/2011,ERI,PA,AEA,CE,Combined TRACON& Tower with Radar,0,26,15,0,41,0,0,4,0,4,0,26,19,0,45,5,0,5,50
11/11/2011,ERI,PA,AEA,CE,Combined TRACON& Tower with Radar,0,23,9,0,32,0,0,1,0,1,0,23,10,0,33,2,0,2,35
11/12/2011,ERI,PA,AEA,CE,Combined TRACON& Tower with Radar,0,16,8,0,24,0,0,7,0,7,0,16,15,0,31,2,0,2,33
11/13/2011,ERI,PA,AEA,CE,Combined TRACON& Tower with Radar,0,20,6,0,26,0,0,0,0,0,0,20,6,0,26,2,0,2,28
11/14/2011,ERI,PA,AEA,CE,Combined TRACON& Tower with Radar,2,18,6,0,26,0,0,0,0,0,2,18,6,0,26,0,0,0,26
11/15/2011,ERI,PA,AEA,CE,Combined TRACON& Tower with Radar,0,26,19,0,45,0,0,11,0,11,0,26,30,0,56,7,0,7,63
11/16/2011,ERI,PA,AEA,CE,Combined TRACON& Tower with Radar,2,21,14,4,41,0,0,4,0,4,2,21,18,4,45,9,2,11,56
11/17/2011,ERI,PA,AEA,CE,Combined TRACON& Tower with Radar,0,25,6,0,31,0,0,3,0,3,0,25,9,0,34,0,0,0,34
11/18/2011,ERI,PA,AEA,CE,Combined TRACON& Tower with Radar,0,23,14,0,37,0,0,17,0,17,0,23,31,0,54,21,0,21,75
11/19/2011,ERI,PA,AEA,CE,Combined TRACON& Tower with Radar,0,20,6,0,26,0,0,11,0,11,0,20,17,0,37,1,0,1,38
11/20/2011,ERI,PA,AEA,CE,Combined TRACON& Tower with Radar,0,15,4,0,19,0,0,0,0,0,0,15,4,0,19,10,0,10,29
11/21/2011,ERI,PA,AEA,CE,Combined TRACON& Tower with Radar,0,19,7,0,26,0,0,9,0,9,0,19,16,0,35,8,0,8,43
11/22/2011,ERI,PA,AEA,CE,Combined TRACON& Tower with Radar,0,24,33,0,57,0,0,3,0,3,0,24,36,0,60,8,0,8,68
11/23/2011,ERI,PA,AEA,CE,Combined TRACON& Tower with Radar,0,22,12,0,34,0,0,2,0,2,0,22,14,0,36,8,0,8,44
11/24/2011,ERI,PA,AEA,CE,Combined TRACON& Tower with Radar,0,9,5,0,14,0,0,1,0,1,0,9,6,0,15,33,0,33,48
11/25/2011,ERI,PA,AEA,CE,Combined TRACON& Tower with Radar,0,13,12,0,25,0,0,18,0,18,0,13,30,0,43,5,0,5,48
11/26/2011,ERI,PA,AEA,CE,Combined TRACON& Tower with Radar,0,21,14,0,35,0,0,10,0,10,0,21,24,0,45,20,0,20,65
11/27/2011,ERI,PA,AEA,CE,Combined TRACON& Tower with Radar,0,20,12,0,32,0,0,0,0,0,0,20,12,0,32,0,0,0,32
11/28/2011,ERI,PA,AEA,CE,Combined TRACON& Tower with Radar,0,24,17,0,41,0,0,0,0,0,0,24,17,0,41,3,0,3,44
11/29/2011,ERI,PA,AEA,CE,Combined TRACON& Tower with Radar,0,26,17,0,43,0,0,1,0,1,0,26,18,0,44,0,0,0,44
11/30/2011,ERI,PA,AEA,CE,Combined TRACON& Tower with Radar,0,25,10,11,46,0,0,0,2,2,0,25,10,13,48,15,14,29,77
12/01/2011,ERI,PA,AEA,CE,Combined TRACON& Tower with Radar,0,27,21,0,48,0,0,13,1,14,0,27,34,1,62,6,0,6,68
12/02/2011,ERI,PA,AEA,CE,Combined TRACON& Tower with Radar,0,24,9,0,33,0,0,0,0,0,0,24,9,0,33,0,0,0,33
12/03/2011,ERI,PA,AEA,CE,Combined TRACON& Tower with Radar,0,14,7,1,22,0,0,23,3,26,0,14,30,4,48,58,4,62,110
12/04/2011,ERI,PA,AEA,CE,Combined TRACON& Tower with Radar,0,18,7,0,25,0,0,1,0,1,0,18,8,0,26,3,0,3,29
12/05/2011,ERI,PA,AEA,CE,Combined TRACON& Tower with Radar,0,21,11,8,40,0,0,0,0,0,0,21,11,8,40,2,8,10,50
12/06/2011,ERI,PA,AEA,CE,Combined TRACON& Tower with Radar,0,25,16,0,41,0,0,0,0,0,0,25,16,0,41,7,0,7,48
12/07/2011,ERI,PA,AEA,CE,Combined TRACON& Tower with Radar,0,31,13,9,53,0,0,0,1,1,0,31,13,10,54,24,0,24,78
12/08/2011,ERI,PA,AEA,CE,Combined TRACON& Tower with Radar,0,27,13,0,40,0,0,6,2,8,0,27,19,2,48,2,0,2,50
12/09/2011,ERI,PA,AEA,CE,Combined TRACON& Tower with Radar,0,25,10,0,35,0,0,0,0,0,0,25,10,0,35,4,0,4,39
12/10/2011,ERI,PA,AEA,CE,Combined TRACON& Tower with Radar,0,16,7,0,23,0,0,2,0,2,0,16,9,0,25,4,0,4,29
12/11/2011,ERI,PA,AEA,CE,Combined TRACON& Tower with Radar,0,17,7,0,24,0,0,14,0,14,0,17,21,0,38,39,0,39,77
12/12/2011,ERI,PA,AEA,CE,Combined TRACON& Tower with Radar,0,24,16,0,40,0,1,18,0,19,0,25,34,0,59,22,0,22,81
12/13/2011,ERI,PA,AEA,CE,Combined TRACON& Tower with Radar,0,25,11,0,36,0,1,13,4,18,0,26,24,4,54,18,0,18,72
12/14/2011,ERI,PA,AEA,CE,Combined TRACON& Tower with Radar,0,22,5,0,27,0,0,0,0,0,0,22,5,0,27,0,0,0,27
12/15/2011,ERI,PA,AEA,CE,Combined TRACON& Tower with Radar,0,24,5,0,29,0,0,0,0,0,0,24,5,0,29,3,0,3,32
12/16/2011,ERI,PA,AEA,CE,Combined TRACON& Tower with Radar,0,23,7,0,30,0,0,0,0,0,0,23,7,0,30,2,0,2,32
12/17/2011,ERI,PA,AEA,CE,Combined TRACON& Tower with Radar,0,15,3,0,18,0,0,0,0,0,0,15,3,0,18,3,0,3,21
12/18/2011,ERI,PA,AEA,CE,Combined TRACON& Tower with Radar,0,14,1,0,15,0,0,0,0,0,0,14,1,0,15,0,0,0,15
12/19/2011,ERI,PA,AEA,CE,Combined TRACON& Tower with Radar,0,16,15,0,31,0,0,4,0,4,0,16,19,0,35,3,0,3,38
12/20/2011,ERI,PA,AEA,CE,Combined TRACON& Tower with Radar,0,21,9,2,32,0,0,0,0,0,0,21,9,2,32,6,0,6,38
12/21/2011,ERI,PA,AEA,CE,Combined TRACON& Tower with Radar,0,20,9,1,30,0,0,0,0,0,0,20,9,1,30,1,0,1,31
12/22/2011,ERI,PA,AEA,CE,Combined TRACON& Tower with Radar,0,21,5,0,26,0,0,2,0,2,0,21,7,0,28,1,0,1,29
12/23/2011,ERI,PA,AEA,CE,Combined TRACON& Tower with Radar,0,21,5,0,26,0,0,4,0,4,0,21,9,0,30,0,0,0,30
12/24/2011,ERI,PA,AEA,CE,Combined TRACON& Tower with Radar,0,17,7,0,24,0,0,5,0,5,0,17,12,0,29,45,0,45,74
12/25/2011,ERI,PA,AEA,CE,Combined TRACON& Tower with Radar,0,10,3,0,13,0,0,0,0,0,0,10,3,0,13,0,0,0,13
12/26/2011,ERI,PA,AEA,CE,Combined TRACON& Tower with Radar,0,22,18,0,40,0,0,19,0,19,0,22,37,0,59,16,0,16,75
12/27/2011,ERI,PA,AEA,CE,Combined TRACON& Tower with Radar,0,21,5,0,26,0,0,1,0,1,0,21,6,0,27,3,0,3,30
12/28/2011,ERI,PA,AEA,CE,Combined TRACON& Tower with Radar,0,25,4,0,29,0,0,2,0,2,0,25,6,0,31,0,0,0,31
12/29/2011,ERI,PA,AEA,CE,Combined TRACON& Tower with Radar,0,25,8,0,33,0,0,2,0,2,0,25,10,0,35,0,0,0,35
12/30/2011,ERI,PA,AEA,CE,Combined TRACON& Tower with Radar,0,24,0,0,24,0,0,7,0,7,0,24,7,0,31,5,0,5,36
12/31/2011,ERI,PA,AEA,CE,Combined TRACON& Tower with Radar,0,13,3,0,16,0,0,0,0,0,0,13,3,0,16,0,0,0,16
01/01/2012,ERI,PA,AEA,CE,Combined TRACON& Tower with Radar,0,12,3,0,15,0,0,0,0,0,0,12,3,0,15,0,0,0,15
01/02/2012,ERI,PA,AEA,CE,Combined TRACON& Tower with Radar,0,22,18,0,40,0,0,19,0,19,0,22,37,0,59,0,0,0,59
01/03/2012,ERI,PA,AEA,CE,Combined TRACON& Tower with Radar,0,23,3,0,26,0,0,1,0,1,0,23,4,0,27,0,0,0,27
01/04/2012,ERI,PA,AEA,CE,Combined TRACON& Tower with Radar,0,19,8,0,27,0,0,6,0,6,0,19,14,0,33,0,0,0,33
01/05/2012,ERI,PA,AEA,CE,Combined TRACON& Tower with Radar,0,27,15,0,42,0,0,3,0,3,0,27,18,0,45,2,0,2,47
01/06/2012,ERI,PA,AEA,CE,Combined TRACON& Tower with Radar,0,20,14,0,34,0,0,13,1,14,0,20,27,1,48,9,4,13,61
01/07/2012,ERI,PA,AEA,CE,Combined TRACON& Tower with Radar,0,18,7,0,25,0,0,27,0,27,0,18,34,0,52,12,0,12,64
01/08/2012,ERI,PA,AEA,CE,Combined TRACON& Tower with Radar,0,16,16,0,32,0,0,4,0,4,0,16,20,0,36,8,0,8,44
01/09/2012,ERI,PA,AEA,CE,Combined TRACON& Tower with Radar,0,23,13,1,37,0,0,13,1,14,0,23,26,2,51,15,0,15,66
01/10/2012,ERI,PA,AEA,CE,Combined TRACON& Tower with Radar,0,19,16,0,35,0,0,7,2,9,0,19,23,2,44,19,0,19,63
01/11/2012,ERI,PA,AEA,CE,Combined TRACON& Tower with Radar,0,22,6,0,28,0,0,10,4,14,0,22,16,4,42,5,0,5,47
01/12/2012,ERI,PA,AEA,CE,Combined TRACON& Tower with Radar,2,20,10,0,32,0,0,0,0,0,2,20,10,0,32,1,0,1,33
01/13/2012,ERI,PA,AEA,CE,Combined TRACON& Tower with Radar,0,11,5,0,16,0,0,0,0,0,0,11,5,0,16,0,0,0,16
01/14/2012,ERI,PA,AEA,CE,Combined TRACON& Tower with Radar,2,13,2,0,17,0,0,0,0,0,2,13,2,0,17,0,0,0,17
01/15/2012,ERI,PA,AEA,CE,Combined TRACON& Tower with Radar,0,15,7,1,23,0,0,3,0,3,0,15,10,1,26,3,0,3,29
01/16/2012,ERI,PA,AEA,CE,Combined TRACON& Tower with Radar,0,16,7,1,24,0,0,2,0,2,0,16,9,1,26,0,0,0,26
01/17/2012,ERI,PA,AEA,CE,Combined TRACON& Tower with Radar,0,21,15,0,36,0,0,1,0,1,0,21,16,0,37,1,0,1,38
01/18/2012,ERI,PA,AEA,CE,Combined TRACON& Tower with Radar,0,24,8,0,32,0,0,0,0,0,0,24,8,0,32,0,0,0,32
01/19/2012,ERI,PA,AEA,CE,Combined TRACON& Tower with Radar,0,17,15,0,32,0,0,1,0,1,0,17,16,0,33,0,0,0,33
01/20/2012,ERI,PA,AEA,CE,Combined TRACON& Tower with Radar,0,20,5,0,25,0,0,11,0,11,0,20,16,0,36,0,0,0,36
01/21/2012,ERI,PA,AEA,CE,Combined TRACON& Tower with Radar,0,13,0,0,13,0,0,0,0,0,0,13,0,0,13,0,0,0,13
01/22/2012,ERI,PA,AEA,CE,Combined TRACON& Tower with Radar,0,17,3,0,20,0,0,11,0,11,0,17,14,0,31,10,0,10,41
01/23/2012,ERI,PA,AEA,CE,Combined TRACON& Tower with Radar,0,16,1,1,18,0,0,0,0,0,0,16,1,1,18,0,0,0,18
01/24/2012,ERI,PA,AEA,CE,Combined TRACON& Tower with Radar,0,18,18,0,36,0,0,0,0,0,0,18,18,0,36,0,0,0,36
01/25/2012,ERI,PA,AEA,CE,Combined TRACON& Tower with Radar,0,21,5,0,26,0,0,0,0,0,0,21,5,0,26,0,0,0,26
01/26/2012,ERI,PA,AEA,CE,Combined TRACON& Tower with Radar,0,23,7,0,30,0,0,0,0,0,0,23,7,0,30,1,0,1,31
01/27/2012,ERI,PA,AEA,CE,Combined TRACON& Tower with Radar,0,22,12,0,34,0,0,0,0,0,0,22,12,0,34,17,0,17,51
01/28/2012,ERI,PA,AEA,CE,Combined TRACON& Tower with Radar,0,16,2,0,18,0,0,0,0,0,0,16,2,0,18,1,0,1,19
01/29/2012,ERI,PA,AEA,CE,Combined TRACON& Tower with Radar,0,15,2,0,17,0,1,4,0,5,0,16,6,0,22,13,0,13,35
01/30/2012,ERI,PA,AEA,CE,Combined TRACON& Tower with Radar,0,18,3,0,21,0,0,4,0,4,0,18,7,0,25,0,0,0,25
01/31/2012,ERI,PA,AEA,CE,Combined TRACON& Tower with Radar,0,17,12,1,30,0,1,14,1,16,0,18,26,2,46,26,0,26,72
02/01/2012,ERI,PA,AEA,CE,Combined TRACON& Tower with Radar,0,19,9,2,30,0,0,2,0,2,0,19,11,2,32,3,0,3,35
02/02/2012,ERI,PA,AEA,CE,Combined TRACON& Tower with Radar,0,20,15,2,37,0,0,0,0,0,0,20,15,2,37,4,2,6,43
02/03/2012,ERI,PA,AEA,CE,Combined TRACON& Tower with Radar,0,24,16,2,42,0,0,21,0,21,0,24,37,2,63,56,0,56,119
02/04/2012,ERI,PA,AEA,CE,Combined TRACON& Tower with Radar,0,18,11,2,31,0,0,27,0,27,0,18,38,2,58,36,0,36,94
02/05/2012,ERI,PA,AEA,CE,Combined TRACON& Tower with Radar,0,17,7,0,24,0,0,10,0,10,0,17,17,0,34,4,0,4,38
02/06/2012,ERI,PA,AEA,CE,Combined TRACON& Tower with Radar,0,26,13,0,39,0,3,14,0,17,0,29,27,0,56,28,0,28,84
02/07/2012,ERI,PA,AEA,CE,Combined TRACON& Tower with Radar,0,27,5,0,32,0,0,0,0,0,0,27,5,0,32,2,0,2,34
02/08/2012,ERI,PA,AEA,CE,Combined TRACON& Tower with Radar,0,23,8,0,31,0,0,0,0,0,0,23,8,0,31,6,0,6,37
02/09/2012,ERI,PA,AEA,CE,Combined TRACON& Tower with Radar,0,21,15,0,36,0,0,17,0,17,0,21,32,0,53,30,0,30,83
02/10/2012,ERI,PA,AEA,CE,Combined TRACON& Tower with Radar,0,24,8,0,32,0,0,0,0,0,0,24,8,0,32,1,0,1,33
02/11/2012,ERI,PA,AEA,CE,Combined TRACON& Tower with Radar,0,6,0,0,6,0,0,0,0,0,0,6,0,0,6,1,0,1,7
02/12/2012,ERI,PA,AEA,CE,Combined TRACON& Tower with Radar,0,19,3,0,22,0,0,1,0,1,0,19,4,0,23,0,0,0,23
02/13/2012,ERI,PA,AEA,CE,Combined TRACON& Tower with Radar,0,21,9,0,30,0,0,2,0,2,0,21,11,0,32,4,0,4,36
02/14/2012,ERI,PA,AEA,CE,Combined TRACON& Tower with Radar,0,21,5,0,26,0,0,0,0,0,0,21,5,0,26,0,0,0,26
02/15/2012,ERI,PA,AEA,CE,Combined TRACON& Tower with Radar,0,22,24,0,46,0,0,4,0,4,0,22,28,0,50,31,0,31,81
02/16/2012,ERI,PA,AEA,CE,Combined TRACON& Tower with Radar,0,26,6,0,32,0,0,0,0,0,0,26,6,0,32,0,0,0,32
02/17/2012,ERI,PA,AEA,CE,Combined TRACON& Tower with Radar,0,23,14,0,37,0,0,3,0,3,0,23,17,0,40,7,0,7,47
02/18/2012,ERI,PA,AEA,CE,Combined TRACON& Tower with Radar,0,17,6,0,23,0,0,6,0,6,0,17,12,0,29,9,0,9,38
02/19/2012,ERI,PA,AEA,CE,Combined TRACON& Tower with Radar,0,19,10,0,29,0,0,1,0,1,0,19,11,0,30,22,2,24,54
02/20/2012,ERI,PA,AEA,CE,Combined TRACON& Tower with Radar,0,20,11,0,31,0,0,30,0,30,0,20,41,0,61,16,0,16,77
02/21/2012,ERI,PA,AEA,CE,Combined TRACON& Tower with Radar,0,25,15,0,40,0,0,0,0,0,0,25,15,0,40,0,0,0,40
02/22/2012,ERI,PA,AEA,CE,Combined TRACON& Tower with Radar,0,25,5,0,30,0,0,4,0,4,0,25,9,0,34,0,0,0,34
02/23/2012,ERI,PA,AEA,CE,Combined TRACON& Tower with Radar,0,23,4,0,27,0,0,2,1,3,0,23,6,1,30,2,0,2,32
02/24/2012,ERI,PA,AEA,CE,Combined TRACON& Tower with Radar,0,20,7,2,29,0,0,0,1,1,0,20,7,3,30,0,0,0,30
02/25/2012,ERI,PA,AEA,CE,Combined TRACON& Tower with Radar,0,16,3,0,19,0,0,0,0,0,0,16,3,0,19,0,0,0,19
02/26/2012,ERI,PA,AEA,CE,Combined TRACON& Tower with Radar,0,20,10,0,30,0,0,14,0,14,0,20,24,0,44,8,0,8,52
02/27/2012,ERI,PA,AEA,CE,Combined TRACON& Tower with Radar,0,21,6,1,28,0,0,3,1,4,0,21,9,2,32,2,0,2,34
02/28/2012,ERI,PA,AEA,CE,Combined TRACON& Tower with Radar,0,21,18,0,39,0,0,13,0,13,0,21,31,0,52,27,0,27,79
02/29/2012,ERI,PA,AEA,CE,Combined TRACON& Tower with Radar,0,23,13,6,42,0,0,0,0,0,0,23,13,6,42,0,12,12,54
03/01/2012,ERI,PA,AEA,CE,Combined TRACON& Tower with Radar,0,20,10,0,30,0,0,2,0,2,0,20,12,0,32,0,0,0,32
03/02/2012,ERI,PA,AEA,CE,Combined TRACON& Tower with Radar,0,32,11,0,43,0,0,7,0,7,0,32,18,0,50,0,0,0,50
03/03/2012,ERI,PA,AEA,CE,Combined TRACON& Tower with Radar,0,20,2,0,22,0,0,0,0,0,0,20,2,0,22,2,0,2,24
03/04/2012,ERI,PA,AEA,CE,Combined TRACON& Tower with Radar,0,17,4,0,21,0,0,0,0,0,0,17,4,0,21,3,0,3,24
03/05/2012,ERI,PA,AEA,CE,Combined TRACON& Tower with Radar,0,23,6,0,29,0,0,4,0,4,0,23,10,0,33,7,0,7,40
03/06/2012,ERI,PA,AEA,CE,Combined TRACON& Tower with Radar,0,21,12,2,35,0,3,7,3,13,0,24,19,5,48,4,2,6,54
03/07/2012,ERI,PA,AEA,CE,Combined TRACON& Tower with Radar,0,21,19,4,44,0,0,1,4,5,0,21,20,8,49,2,4,6,55
03/08/2012,ERI,PA,AEA,CE,Combined TRACON& Tower with Radar,0,26,8,0,34,0,0,0,0,0,0,26,8,0,34,2,0,2,36
03/09/2012,ERI,PA,AEA,CE,Combined TRACON& Tower with Radar,0,24,7,0,31,0,0,0,0,0,0,24,7,0,31,0,0,0,31
03/10/2012,ERI,PA,AEA,CE,Combined TRACON& Tower with Radar,0,18,10,0,28,0,0,25,0,25,0,18,35,0,53,22,0,22,75
03/11/2012,ERI,PA,AEA,CE,Combined TRACON& Tower with Radar,0,18,17,2,37,0,0,24,3,27,0,18,41,5,64,29,0,29,93
03/12/2012,ERI,PA,AEA,CE,Combined TRACON& Tower with Radar,0,20,9,2,31,0,0,1,0,1,0,20,10,2,32,0,0,0,32
03/13/2012,ERI,PA,AEA,CE,Combined TRACON& Tower with Radar,0,19,4,0,23,0,2,4,0,6,0,21,8,0,29,8,0,8,37
03/14/2012,ERI,PA,AEA,CE,Combined TRACON& Tower with Radar,0,20,14,1,35,0,0,20,1,21,0,20,34,2,56,46,0,46,102
03/15/2012,ERI,PA,AEA,CE,Combined TRACON& Tower with Radar,2,29,11,2,44,0,0,8,0,8,2,29,19,2,52,34,0,34,86
03/16/2012,ERI,PA,AEA,CE,Combined TRACON& Tower with Radar,0,23,10,0,33,0,0,1,0,1,0,23,11,0,34,20,0,20,54
03/17/2012,ERI,PA,AEA,CE,Combined TRACON& Tower with Radar,2,20,18,0,40,0,0,30,0,30,2,20,48,0,70,57,1,58,128
03/18/2012,ERI,PA,AEA,CE,Combined TRACON& Tower with Radar,0,19,1,2,22,0,0,4,0,4,0,19,5,2,26,5,0,5,31
03/19/2012,ERI,PA,AEA,CE,Combined TRACON& Tower with Radar,0,19,2,0,21,0,0,10,0,10,0,19,12,0,31,3,0,3,34
03/20/2012,ERI,PA,AEA,CE,Combined TRACON& Tower with Radar,0,21,19,0,40,0,0,22,0,22,0,21,41,0,62,52,0,52,114
03/21/2012,ERI,PA,AEA,CE,Combined TRACON& Tower with Radar,0,23,26,0,49,0,1,16,0,17,0,24,42,0,66,74,0,74,140
03/22/2012,ERI,PA,AEA,CE,Combined TRACON& Tower with Radar,0,28,21,5,54,0,0,22,2,24,0,28,43,7,78,22,6,28,106
03/23/2012,ERI,PA,AEA,CE,Combined TRACON& Tower with Radar,0,22,5,0,27,0,0,4,1,5,0,22,9,1,32,8,0,8,40
03/24/2012,ERI,PA,AEA,CE,Combined TRACON& Tower with Radar,0,20,7,0,27,0,0,0,0,0,0,20,7,0,27,2,0,2,29
03/25/2012,ERI,PA,AEA,CE,Combined TRACON& Tower with Radar,0,18,12,2,32,0,0,2,0,2,0,18,14,2,34,9,0,9,43
03/26/2012,ERI,PA,AEA,CE,Combined TRACON& Tower with Radar,0,20,6,5,31,0,0,6,1,7,0,20,12,6,38,4,4,8,46
03/27/2012,ERI,PA,AEA,CE,Combined TRACON& Tower with Radar,0,23,23,0,46,0,0,26,0,26,0,23,49,0,72,54,0,54,126
03/28/2012,ERI,PA,AEA,CE,Combined TRACON& Tower with Radar,0,25,13,0,38,0,0,7,0,7,0,25,20,0,45,19,0,19,64
03/29/2012,ERI,PA,AEA,CE,Combined TRACON& Tower with Radar,0,22,11,0,33,0,0,6,0,6,0,22,17,0,39,32,0,32,71
03/30/2012,ERI,PA,AEA,CE,Combined TRACON& Tower with Radar,0,25,10,0,35,0,0,5,0,5,0,25,15,0,40,12,0,12,52
03/31/2012,ERI,PA,AEA,CE,Combined TRACON& Tower with Radar,0,20,5,0,25,0,0,1,0,1,0,20,6,0,26,0,0,0,26
04/01/2012,ERI,PA,AEA,CE,Combined TRACON& Tower with Radar,0,16,12,0,28,0,0,5,2,7,0,16,17,2,35,8,0,8,43
04/02/2012,ERI,PA,AEA,CE,Combined TRACON& Tower with Radar,0,26,16,0,42,0,0,27,2,29,0,26,43,2,71,10,0,10,81
04/03/2012,ERI,PA,AEA,CE,Combined TRACON& Tower with Radar,0,20,17,0,37,0,0,12,0,12,0,20,29,0,49,37,0,37,86
04/04/2012,ERI,PA,AEA,CE,Combined TRACON& Tower with Radar,0,25,10,0,35,0,1,10,0,11,0,26,20,0,46,20,0,20,66
04/05/2012,ERI,PA,AEA,CE,Combined TRACON& Tower with Radar,0,21,23,0,44,0,0,18,0,18,0,21,41,0,62,23,0,23,85
04/06/2012,ERI,PA,AEA,CE,Combined TRACON& Tower with Radar,0,23,5,0,28,0,0,25,0,25,0,23,30,0,53,36,0,36,89
04/07/2012,ERI,PA,AEA,CE,Combined TRACON& Tower with Radar,0,16,8,0,24,0,0,13,0,13,0,16,21,0,37,32,0,32,69
04/08/2012,ERI,PA,AEA,CE,Combined TRACON& Tower with Radar,0,20,8,0,28,0,0,1,0,1,0,20,9,0,29,8,0,8,37
04/09/2012,ERI,PA,AEA,CE,Combined TRACON& Tower with Radar,0,20,11,0,31,0,0,3,0,3,0,20,14,0,34,1,0,1,35
04/10/2012,ERI,PA,AEA,CE,Combined TRACON& Tower with Radar,0,31,9,0,40,0,0,0,0,0,0,31,9,0,40,0,0,0,40
04/11/2012,ERI,PA,AEA,CE,Combined TRACON& Tower with Radar,0,21,17,0,38,0,0,2,0,2,0,21,19,0,40,0,0,0,40
04/12/2012,ERI,PA,AEA,CE,Combined TRACON& Tower with Radar,0,25,18,1,44,0,0,16,1,17,0,25,34,2,61,59,16,75,136
04/13/2012,ERI,PA,AEA,CE,Combined TRACON& Tower with Radar,0,24,17,0,41,0,1,15,0,16,0,25,32,0,57,8,0,8,65
04/14/2012,ERI,PA,AEA,CE,Combined TRACON& Tower with Radar,0,17,3,0,20,0,1,2,0,3,0,18,5,0,23,1,0,1,24
04/15/2012,ERI,PA,AEA,CE,Combined TRACON& Tower with Radar,0,17,5,0,22,0,0,7,0,7,0,17,12,0,29,18,0,18,47
04/16/2012,ERI,PA,AEA,CE,Combined TRACON& Tower with Radar,0,21,8,0,29,0,0,1,0,1,0,21,9,0,30,1,0,1,31
04/17/2012,ERI,PA,AEA,CE,Combined TRACON& Tower with Radar,0,20,8,3,31,0,0,16,1,17,0,20,24,4,48,20,0,20,68
04/18/2012,ERI,PA,AEA,CE,Combined TRACON& Tower with Radar,0,22,27,0,49,0,0,18,0,18,0,22,45,0,67,35,0,35,102
04/19/2012,ERI,PA,AEA,CE,Combined TRACON& Tower with Radar,0,36,7,0,43,0,0,7,2,9,0,36,14,2,52,2,0,2,54
04/20/2012,ERI,PA,AEA,CE,Combined TRACON& Tower with Radar,0,27,11,0,38,0,0,3,2,5,0,27,14,2,43,3,0,3,46
04/21/2012,ERI,PA,AEA,CE,Combined TRACON& Tower with Radar,0,17,1,0,18,0,0,0,0,0,0,17,1,0,18,1,0,1,19
04/22/2012,ERI,PA,AEA,CE,Combined TRACON& Tower with Radar,0,18,16,0,34,0,0,3,0,3,0,18,19,0,37,4,0,4,41
04/23/2012,ERI,PA,AEA,CE,Combined TRACON& Tower with Radar,0,26,9,0,35,0,0,0,0,0,0,26,9,0,35,1,0,1,36
04/24/2012,ERI,PA,AEA,CE,Combined TRACON& Tower with Radar,0,26,8,0,34,0,0,2,0,2,0,26,10,0,36,1,0,1,37
04/25/2012,ERI,PA,AEA,CE,Combined TRACON& Tower with Radar,0,18,21,2,41,0,0,18,0,18,0,18,39,2,59,42,8,50,109
04/26/2012,ERI,PA,AEA,CE,Combined TRACON& Tower with Radar,0,26,14,4,44,0,0,0,1,1,0,26,14,5,45,0,8,8,53
04/27/2012,ERI,PA,AEA,CE,Combined TRACON& Tower with Radar,0,24,6,0,30,0,0,12,0,12,0,24,18,0,42,3,0,3,45
04/28/2012,ERI,PA,AEA,CE,Combined TRACON& Tower with Radar,0,16,2,0,18,0,0,20,0,20,0,16,22,0,38,52,0,52,90
04/29/2012,ERI,PA,AEA,CE,Combined TRACON& Tower with Radar,0,17,20,0,37,0,0,17,0,17,0,17,37,0,54,70,0,70,124
04/30/2012,ERI,PA,AEA,CE,Combined TRACON& Tower with Radar,0,22,4,2,28,0,0,1,0,1,0,22,5,2,29,2,0,2,31
05/01/2012,ERI,PA,AEA,CE,Combined TRACON& Tower with Radar,0,22,11,0,33,0,0,0,0,0,0,22,11,0,33,5,0,5,38
05/02/2012,ERI,PA,AEA,CE,Combined TRACON& Tower with Radar,0,25,11,6,42,0,2,0,0,2,0,27,11,6,44,9,4,13,57
05/03/2012,ERI,PA,AEA,CE,Combined TRACON& Tower with Radar,0,29,16,0,45,0,0,17,0,17,0,29,33,0,62,14,0,14,76
05/04/2012,ERI,PA,AEA,CE,Combined TRACON& Tower with Radar,0,30,16,0,46,0,0,10,0,10,0,30,26,0,56,3,0,3,59
05/05/2012,ERI,PA,AEA,CE,Combined TRACON& Tower with Radar,0,16,14,0,30,0,0,4,0,4,0,16,18,0,34,16,0,16,50
05/06/2012,ERI,PA,AEA,CE,Combined TRACON& Tower with Radar,0,17,11,0,28,0,0,40,0,40,0,17,51,0,68,110,0,110,178
05/07/2012,ERI,PA,AEA,CE,Combined TRACON& Tower with Radar,0,22,17,3,42,0,0,2,0,2,0,22,19,3,44,22,2,24,68
05/08/2012,ERI,PA,AEA,CE,Combined TRACON& Tower with Radar,0,27,8,0,35,0,0,2,0,2,0,27,10,0,37,11,0,11,48
05/09/2012,ERI,PA,AEA,CE,Combined TRACON& Tower with Radar,0,25,29,0,54,0,1,13,0,14,0,26,42,0,68,37,0,37,105
05/10/2012,ERI,PA,AEA,CE,Combined TRACON& Tower with Radar,0,33,16,4,53,0,0,7,0,7,0,33,23,4,60,6,8,14,74
05/11/2012,ERI,PA,AEA,CE,Combined TRACON& Tower with Radar,0,17,12,0,29,0,0,14,0,14,0,17,26,0,43,74,0,74,117
05/12/2012,ERI,PA,AEA,CE,Combined TRACON& Tower with Radar,0,18,12,0,30,0,0,41,0,41,0,18,53,0,71,19,0,19,90
05/13/2012,ERI,PA,AEA,CE,Combined TRACON& Tower with Radar,0,22,5,0,27,0,0,13,0,13,0,22,18,0,40,3,0,3,43
05/14/2012,ERI,PA,AEA,CE,Combined TRACON& Tower with Radar,0,30,14,0,44,0,0,14,0,14,0,30,28,0,58,67,0,67,125
05/15/2012,ERI,PA,AEA,CE,Combined TRACON& Tower with Radar,0,22,10,4,36,0,0,23,0,23,0,22,33,4,59,40,4,44,103
05/16/2012,ERI,PA,AEA,CE,Combined TRACON& Tower with Radar,0,21,12,0,33,0,0,6,0,6,0,21,18,0,39,31,0,31,70
05/17/2012,ERI,PA,AEA,CE,Combined TRACON& Tower with Radar,0,29,15,0,44,0,0,22,2,24,0,29,37,2,68,24,0,24,92
05/18/2012,ERI,PA,AEA,CE,Combined TRACON& Tower with Radar,0,26,23,0,49,0,0,21,2,23,0,26,44,2,72,32,0,32,104
05/19/2012,ERI,PA,AEA,CE,Combined TRACON& Tower with Radar,0,15,11,0,26,0,0,68,1,69,0,15,79,1,95,74,0,74,169
05/20/2012,ERI,PA,AEA,CE,Combined TRACON& Tower with Radar,0,21,9,0,30,0,0,21,0,21,0,21,30,0,51,33,0,33,84
05/21/2012,ERI,PA,AEA,CE,Combined TRACON& Tower with Radar,0,17,14,0,31,0,0,4,0,4,0,17,18,0,35,13,0,13,48
05/22/2012,ERI,PA,AEA,CE,Combined TRACON& Tower with Radar,0,23,16,10,49,0,1,7,0,8,0,24,23,10,57,39,4,43,100
05/23/2012,ERI,PA,AEA,CE,Combined TRACON& Tower with Radar,0,17,39,0,56,0,0,18,0,18,0,17,57,0,74,43,0,43,117
05/24/2012,ERI,PA,AEA,CE,Combined TRACON& Tower with Radar,0,19,22,0,41,0,0,16,0,16,0,19,38,0,57,68,0,68,125
05/25/2012,ERI,PA,AEA,CE,Combined TRACON& Tower with Radar,0,29,13,0,42,0,0,26,0,26,0,29,39,0,68,27,0,27,95
05/26/2012,ERI,PA,AEA,CE,Combined TRACON& Tower with Radar,0,16,13,0,29,0,0,33,2,35,0,16,46,2,64,73,0,73,137
05/27/2012,ERI,PA,AEA,CE,Combined TRACON& Tower with Radar,0,14,8,0,22,0,1,13,0,14,0,15,21,0,36,44,0,44,80
05/28/2012,ERI,PA,AEA,CE,Combined TRACON& Tower with Radar,0,15,7,0,22,0,0,27,0,27,0,15,34,0,49,44,0,44,93
05/29/2012,ERI,PA,AEA,CE,Combined TRACON& Tower with Radar,0,17,3,0,20,0,1,0,0,1,0,18,3,0,21,26,0,26,47
05/30/2012,ERI,PA,AEA,CE,Combined TRACON& Tower with Radar,0,19,7,2,28,0,2,19,0,21,0,21,26,2,49,45,0,45,94
05/31/2012,ERI,PA,AEA,CE,Combined TRACON& Tower with Radar,0,29,20,0,49,0,2,37,0,39,0,31,57,0,88,73,0,73,161
06/01/2012,ERI,PA,AEA,CE,Combined TRACON& Tower with Radar,0,21,14,0,35,0,0,1,0,1,0,21,15,0,36,1,0,1,37
06/02/2012,ERI,PA,AEA,CE,Combined TRACON& Tower with Radar,0,16,3,0,19,0,0,5,0,5,0,16,8,0,24,2,0,2,26
06/03/2012,ERI,PA,AEA,CE,Combined TRACON& Tower with Radar,0,18,10,0,28,0,0,10,0,10,0,18,20,0,38,12,0,12,50
06/04/2012,ERI,PA,AEA,CE,Combined TRACON& Tower with Radar,0,20,25,6,51,0,0,8,3,11,0,20,33,9,62,39,14,53,115
06/05/2012,ERI,PA,AEA,CE,Combined TRACON& Tower with Radar,0,27,15,0,42,0,1,12,0,13,0,28,27,0,55,13,0,13,68
06/06/2012,ERI,PA,AEA,CE,Combined TRACON& Tower with Radar,0,21,11,6,38,0,0,22,2,24,0,21,33,8,62,98,8,106,168
06/07/2012,ERI,PA,AEA,CE,Combined TRACON& Tower with Radar,0,24,13,4,41,0,0,15,0,15,0,24,28,4,56,15,14,29,85
06/08/2012,ERI,PA,AEA,CE,Combined TRACON& Tower with Radar,0,24,26,8,58,0,0,33,2,35,0,24,59,10,93,44,8,52,145
06/09/2012,ERI,PA,AEA,CE,Combined TRACON& Tower with Radar,0,14,3,0,17,0,0,12,0,12,0,14,15,0,29,35,0,35,64
06/10/2012,ERI,PA,AEA,CE,Combined TRACON& Tower with Radar,0,20,15,0,35,0,0,31,0,31,0,20,46,0,66,66,0,66,132
06/11/2012,ERI,PA,AEA,CE,Combined TRACON& Tower with Radar,0,25,7,0,32,0,0,14,0,14,0,25,21,0,46,46,0,46,92
06/12/2012,ERI,PA,AEA,CE,Combined TRACON& Tower with Radar,0,21,12,0,33,0,0,11,0,11,0,21,23,0,44,16,0,16,60
06/13/2012,ERI,PA,AEA,CE,Combined TRACON& Tower with Radar,0,23,16,2,41,0,0,15,0,15,0,23,31,2,56,70,2,72,128
06/14/2012,ERI,PA,AEA,CE,Combined TRACON& Tower with Radar,0,25,13,1,39,0,0,30,0,30,0,25,43,1,69,25,0,25,94
06/15/2012,ERI,PA,AEA,CE,Combined TRACON& Tower with Radar,0,24,23,0,47,0,0,48,0,48,0,24,71,0,95,67,0,67,162
06/16/2012,ERI,PA,AEA,CE,Combined TRACON& Tower with Radar,0,17,9,0,26,0,0,37,0,37,0,17,46,0,63,72,0,72,135
06/17/2012,ERI,PA,AEA,CE,Combined TRACON& Tower with Radar,0,21,6,0,27,0,0,17,2,19,0,21,23,2,46,41,0,41,87
06/18/2012,ERI,PA,AEA,CE,Combined TRACON& Tower with Radar,0,21,18,0,39,0,0,3,0,3,0,21,21,0,42,40,0,40,82
06/19/2012,ERI,PA,AEA,CE,Combined TRACON& Tower with Radar,0,28,14,0,42,0,0,22,0,22,0,28,36,0,64,17,0,17,81
06/20/2012,ERI,PA,AEA,CE,Combined TRACON& Tower with Radar,0,25,13,6,44,0,0,28,0,28,0,25,41,6,72,55,10,65,137
06/21/2012,ERI,PA,AEA,CE,Combined TRACON& Tower with Radar,0,27,6,0,33,0,0,26,4,30,0,27,32,4,63,17,1,18,81
06/22/2012,ERI,PA,AEA,CE,Combined TRACON& Tower with Radar,0,22,9,0,31,0,0,19,0,19,0,22,28,0,50,19,0,19,69
06/23/2012,ERI,PA,AEA,CE,Combined TRACON& Tower with Radar,0,14,14,0,28,0,0,30,0,30,0,14,44,0,58,32,0,32,90
06/24/2012,ERI,PA,AEA,CE,Combined TRACON& Tower with Radar,0,18,8,0,26,0,0,24,0,24,0,18,32,0,50,22,0,22,72
06/25/2012,ERI,PA,AEA,CE,Combined TRACON& Tower with Radar,0,21,13,1,35,0,1,10,0,11,0,22,23,1,46,16,0,16,62
06/26/2012,ERI,PA,AEA,CE,Combined TRACON& Tower with Radar,0,28,15,0,43,0,0,11,0,11,0,28,26,0,54,35,0,35,89
06/27/2012,ERI,PA,AEA,CE,Combined TRACON& Tower with Radar,0,25,13,4,42,0,0,28,2,30,0,25,41,6,72,67,6,73,145
06/28/2012,ERI,PA,AEA,CE,Combined TRACON& Tower with Radar,0,28,26,2,56,0,0,18,2,20,0,28,44,4,76,31,2,33,109
06/29/2012,ERI,PA,AEA,CE,Combined TRACON& Tower with Radar,0,23,18,0,41,0,0,20,1,21,0,23,38,1,62,63,0,63,125
06/30/2012,ERI,PA,AEA,CE,Combined TRACON& Tower with Radar,0,21,9,0,30,0,0,21,0,21,0,21,30,0,51,11,0,11,62
07/01/2012,ERI,PA,AEA,CE,Combined TRACON& Tower with Radar,0,19,9,0,28,0,0,13,0,13,0,19,22,0,41,21,0,21,62
07/02/2012,ERI,PA,AEA,CE,Combined TRACON& Tower with Radar,0,21,5,0,26,0,1,28,0,29,0,22,33,0,55,76,0,76,131
07/03/2012,ERI,PA,AEA,CE,Combined TRACON& Tower with Radar,0,22,17,0,39,0,0,18,0,18,0,22,35,0,57,18,0,18,75
07/04/2012,ERI,PA,AEA,CE,Combined TRACON& Tower with Radar,0,14,8,0,22,0,0,10,0,10,0,14,18,0,32,24,0,24,56
07/05/2012,ERI,PA,AEA,CE,Combined TRACON& Tower with Radar,0,21,18,2,41,0,0,16,0,16,0,21,34,2,57,89,0,89,146
07/06/2012,ERI,PA,AEA,CE,Combined TRACON& Tower with Radar,0,19,21,0,40,0,0,29,0,29,0,19,50,0,69,49,0,49,118
07/07/2012,ERI,PA,AEA,CE,Combined TRACON& Tower with Radar,0,12,5,0,17,0,0,21,0,21,0,12,26,0,38,42,0,42,80
07/08/2012,ERI,PA,AEA,CE,Combined TRACON& Tower with Radar,0,22,15,0,37,0,0,33,0,33,0,22,48,0,70,34,0,34,104
07/09/2012,ERI,PA,AEA,CE,Combined TRACON& Tower with Radar,0,28,15,0,43,0,0,19,1,20,0,28,34,1,63,26,0,26,89
07/10/2012,ERI,PA,AEA,CE,Combined TRACON& Tower with Radar,0,29,20,0,49,0,0,27,1,28,0,29,47,1,77,69,0,69,146
07/11/2012,ERI,PA,AEA,CE,Combined TRACON& Tower with Radar,0,26,11,0,37,0,1,14,0,15,0,27,25,0,52,5,0,5,57
07/12/2012,ERI,PA,AEA,CE,Combined TRACON& Tower with Radar,0,34,30,0,64,0,0,26,0,26,0,34,56,0,90,14,0,14,104
07/13/2012,ERI,PA,AEA,CE,Combined TRACON& Tower with Radar,0,29,22,0,51,0,0,25,0,25,0,29,47,0,76,75,0,75,151
07/14/2012,ERI,PA,AEA,CE,Combined TRACON& Tower with Radar,0,16,12,0,28,0,0,29,0,29,0,16,41,0,57,43,0,43,100
07/15/2012,ERI,PA,AEA,CE,Combined TRACON& Tower with Radar,0,19,16,0,35,0,0,8,0,8,0,19,24,0,43,13,0,13,56
07/16/2012,ERI,PA,AEA,CE,Combined TRACON& Tower with Radar,0,25,14,0,39,0,0,17,0,17,0,25,31,0,56,40,0,40,96
07/17/2012,ERI,PA,AEA,CE,Combined TRACON& Tower with Radar,0,32,21,0,53,0,0,15,0,15,0,32,36,0,68,48,0,48,116
07/18/2012,ERI,PA,AEA,CE,Combined TRACON& Tower with Radar,0,24,14,0,38,0,0,12,0,12,0,24,26,0,50,47,0,47,97
07/19/2012,ERI,PA,AEA,CE,Combined TRACON& Tower with Radar,0,22,22,0,44,0,0,5,0,5,0,22,27,0,49,4,0,4,53
07/20/2012,ERI,PA,AEA,CE,Combined TRACON& Tower with Radar,0,26,14,0,40,0,0,8,0,8,0,26,22,0,48,5,0,5,53
07/21/2012,ERI,PA,AEA,CE,Combined TRACON& Tower with Radar,0,17,12,0,29,0,0,17,0,17,0,17,29,0,46,46,0,46,92
07/22/2012,ERI,PA,AEA,CE,Combined TRACON& Tower with Radar,0,24,13,0,37,0,0,34,0,34,0,24,47,0,71,65,0,65,136
07/23/2012,ERI,PA,AEA,CE,Combined TRACON& Tower with Radar,0,30,9,0,39,0,0,11,2,13,0,30,20,2,52,19,2,21,73
07/24/2012,ERI,PA,AEA,CE,Combined TRACON& Tower with Radar,0,29,25,2,56,0,0,6,0,6,0,29,31,2,62,44,0,44,106
07/25/2012,ERI,PA,AEA,CE,Combined TRACON& Tower with Radar,0,32,31,0,63,0,0,35,0,35,0,32,66,0,98,36,0,36,134
07/26/2012,ERI,PA,AEA,CE,Combined TRACON& Tower with Radar,0,16,25,0,41,0,0,1,0,1,0,16,26,0,42,4,0,4,46
07/27/2012,ERI,PA,AEA,CE,Combined TRACON& Tower with Radar,0,25,28,0,53,0,0,5,0,5,0,25,33,0,58,3,0,3,61
07/28/2012,ERI,PA,AEA,CE,Combined TRACON& Tower with Radar,0,14,11,0,25,0,0,4,0,4,0,14,15,0,29,29,0,29,58
07/29/2012,ERI,PA,AEA,CE,Combined TRACON& Tower with Radar,0,24,14,0,38,0,0,52,2,54,0,24,66,2,92,83,0,83,175
07/30/2012,ERI,PA,AEA,CE,Combined TRACON& Tower with Radar,0,30,13,0,43,0,0,27,0,27,0,30,40,0,70,43,0,43,113
07/31/2012,ERI,PA,AEA,CE,Combined TRACON& Tower with Radar,0,28,23,6,57,0,0,13,2,15,0,28,36,8,72,89,8,97,169
08/01/2012,ERI,PA,AEA,CE,Combined TRACON& Tower with Radar,0,23,16,0,39,0,0,33,2,35,0,23,49,2,74,133,0,133,207
08/02/2012,ERI,PA,AEA,CE,Combined TRACON& Tower with Radar,0,24,18,0,42,0,0,41,0,41,0,24,59,0,83,67,0,67,150
08/03/2012,ERI,PA,AEA,CE,Combined TRACON& Tower with Radar,0,34,14,0,48,0,0,19,0,19,0,34,33,0,67,68,0,68,135
08/04/2012,ERI,PA,AEA,CE,Combined TRACON& Tower with Radar,0,14,10,0,24,0,0,16,0,16,0,14,26,0,40,20,0,20,60
08/05/2012,ERI,PA,AEA,CE,Combined TRACON& Tower with Radar,0,23,11,0,34,0,0,13,0,13,0,23,24,0,47,36,0,36,83
08/06/2012,ERI,PA,AEA,CE,Combined TRACON& Tower with Radar,0,29,15,4,48,0,0,35,0,35,0,29,50,4,83,32,6,38,121
08/07/2012,ERI,PA,AEA,CE,Combined TRACON& Tower with Radar,0,28,12,0,40,0,0,39,4,43,0,28,51,4,83,38,0,38,121
08/08/2012,ERI,PA,AEA,CE,Combined TRACON& Tower with Radar,0,27,28,0,55,0,0,18,2,20,0,27,46,2,75,81,3,84,159
08/09/2012,ERI,PA,AEA,CE,Combined TRACON& Tower with Radar,0,20,20,1,41,0,0,1,0,1,0,20,21,1,42,69,0,69,111
08/10/2012,ERI,PA,AEA,CE,Combined TRACON& Tower with Radar,0,24,14,0,38,0,2,4,1,7,0,26,18,1,45,33,0,33,78
08/11/2012,ERI,PA,AEA,CE,Combined TRACON& Tower with Radar,0,15,10,0,25,0,0,0,0,0,0,15,10,0,25,0,0,0,25
08/12/2012,ERI,PA,AEA,CE,Combined TRACON& Tower with Radar,0,24,12,2,38,0,0,8,0,8,0,24,20,2,46,17,0,17,63
08/13/2012,ERI,PA,AEA,CE,Combined TRACON& Tower with Radar,0,23,14,0,37,0,2,13,2,17,0,25,27,2,54,19,0,19,73
08/14/2012,ERI,PA,AEA,CE,Combined TRACON& Tower with Radar,0,18,6,0,24,0,0,11,2,13,0,18,17,2,37,14,0,14,51
08/15/2012,ERI,PA,AEA,CE,Combined TRACON& Tower with Radar,0,25,19,0,44,0,0,11,0,11,0,25,30,0,55,56,0,56,111
08/16/2012,ERI,PA,AEA,CE,Combined TRACON& Tower with Radar,0,31,21,0,52,0,0,20,0,20,0,31,41,0,72,21,0,21,93
08/17/2012,ERI,PA,AEA,CE,Combined TRACON& Tower with Radar,0,24,15,0,39,0,0,6,4,10,0,24,21,4,49,3,0,3,52
08/18/2012,ERI,PA,AEA,CE,Combined TRACON& Tower with Radar,0,10,11,0,21,0,0,52,2,54,0,10,63,2,75,13,0,13,88
08/19/2012,ERI,PA,AEA,CE,Combined TRACON& Tower with Radar,0,21,11,0,32,0,0,50,0,50,0,21,61,0,82,68,0,68,150
08/20/2012,ERI,PA,AEA,CE,Combined TRACON& Tower with Radar,0,27,13,0,40,0,0,16,0,16,0,27,29,0,56,54,0,54,110
08/21/2012,ERI,PA,AEA,CE,Combined TRACON& Tower with Radar,0,27,20,0,47,0,0,31,0,31,0,27,51,0,78,29,0,29,107
08/22/2012,ERI,PA,AEA,CE,Combined TRACON& Tower with Radar,0,22,31,1,54,0,0,34,0,34,0,22,65,1,88,49,0,49,137
08/23/2012,ERI,PA,AEA,CE,Combined TRACON& Tower with Radar,0,26,15,0,41,0,0,34,0,34,0,26,49,0,75,36,0,36,111
08/24/2012,ERI,PA,AEA,CE,Combined TRACON& Tower with Radar,0,21,25,3,49,0,0,36,1,37,0,21,61,4,86,33,0,33,119
08/25/2012,ERI,PA,AEA,CE,Combined TRACON& Tower with Radar,0,10,13,0,23,0,0,31,0,31,0,10,44,0,54,34,0,34,88
08/26/2012,ERI,PA,AEA,CE,Combined TRACON& Tower with Radar,0,20,10,2,32,0,0,21,0,21,0,20,31,2,53,26,2,28,81
08/27/2012,ERI,PA,AEA,CE,Combined TRACON& Tower with Radar,0,17,9,2,28,0,1,1,0,2,0,18,10,2,30,1,0,1,31
08/28/2012,ERI,PA,AEA,CE,Combined TRACON& Tower with Radar,0,22,13,0,35,0,0,13,0,13,0,22,26,0,48,29,0,29,77
08/29/2012,ERI,PA,AEA,CE,Combined TRACON& Tower with Radar,0,21,17,0,38,0,0,24,0,24,0,21,41,0,62,34,0,34,96
08/30/2012,ERI,PA,AEA,CE,Combined TRACON& Tower with Radar,0,30,20,0,50,0,0,32,0,32,0,30,52,0,82,52,0,52,134
08/31/2012,ERI,PA,AEA,CE,Combined TRACON& Tower with Radar,0,26,15,0,41,0,0,20,0,20,0,26,35,0,61,15,0,15,76
09/01/2012,ERI,PA,AEA,CE,Combined TRACON& Tower with Radar,0,9,10,0,19,0,0,27,0,27,0,9,37,0,46,38,0,38,84
09/02/2012,ERI,PA,AEA,CE,Combined TRACON& Tower with Radar,0,12,7,0,19,0,0,8,0,8,0,12,15,0,27,4,0,4,31
09/03/2012,ERI,PA,AEA,CE,Combined TRACON& Tower with Radar,0,20,9,0,29,0,0,12,0,12,0,20,21,0,41,5,0,5,46
09/04/2012,ERI,PA,AEA,CE,Combined TRACON& Tower with Radar,0,19,7,0,26,0,0,0,0,0,0,19,7,0,26,3,0,3,29
09/05/2012,ERI,PA,AEA,CE,Combined TRACON& Tower with Radar,0,18,14,0,32,0,2,18,2,22,0,20,32,2,54,40,0,40,94
09/06/2012,ERI,PA,AEA,CE,Combined TRACON& Tower with Radar,0,27,23,0,50,0,3,13,1,17,0,30,36,1,67,18,0,18,85
09/07/2012,ERI,PA,AEA,CE,Combined TRACON& Tower with Radar,2,22,21,0,45,0,0,12,1,13,2,22,33,1,58,40,0,40,98
09/08/2012,ERI,PA,AEA,CE,Combined TRACON& Tower with Radar,0,15,7,0,22,0,0,0,0,0,0,15,7,0,22,4,0,4,26
09/09/2012,ERI,PA,AEA,CE,Combined TRACON& Tower with Radar,0,21,7,0,28,0,0,3,0,3,0,21,10,0,31,4,0,4,35
09/10/2012,ERI,PA,AEA,CE,Combined TRACON& Tower with Radar,2,19,16,0,37,0,0,40,0,40,2,19,56,0,77,63,1,64,141
09/11/2012,ERI,PA,AEA,CE,Combined TRACON& Tower with Radar,0,24,14,0,38,0,0,53,0,53,0,24,67,0,91,41,0,41,132
09/12/2012,ERI,PA,AEA,CE,Combined TRACON& Tower with Radar,0,19,27,0,46,0,2,61,0,63,0,21,88,0,109,79,0,79,188
09/13/2012,ERI,PA,AEA,CE,Combined TRACON& Tower with Radar,0,37,19,0,56,0,0,49,0,49,0,37,68,0,105,79,0,79,184
09/14/2012,ERI,PA,AEA,CE,Combined TRACON& Tower with Radar,0,21,18,0,39,0,0,11,2,13,0,21,29,2,52,15,0,15,67
09/15/2012,ERI,PA,AEA,CE,Combined TRACON& Tower with Radar,0,13,5,0,18,0,0,16,0,16,0,13,21,0,34,19,0,19,53
09/16/2012,ERI,PA,AEA,CE,Combined TRACON& Tower with Radar,0,19,12,0,31,0,0,27,0,27,0,19,39,0,58,11,0,11,69
09/17/2012,ERI,PA,AEA,CE,Combined TRACON& Tower with Radar,0,24,9,1,34,0,1,9,0,10,0,25,18,1,44,18,0,18,62
09/18/2012,ERI,PA,AEA,CE,Combined TRACON& Tower with Radar,0,24,5,0,29,0,0,0,0,0,0,24,5,0,29,3,0,3,32
09/19/2012,ERI,PA,AEA,CE,Combined TRACON& Tower with Radar,0,23,13,0,36,0,0,13,2,15,0,23,26,2,51,13,0,13,64
09/20/2012,ERI,PA,AEA,CE,Combined TRACON& Tower with Radar,0,24,7,1,32,0,0,13,0,13,0,24,20,1,45,17,0,17,62
09/21/2012,ERI,PA,AEA,CE,Combined TRACON& Tower with Radar,0,25,10,1,36,0,0,12,0,12,0,25,22,1,48,13,0,13,61
09/22/2012,ERI,PA,AEA,CE,Combined TRACON& Tower with Radar,0,15,3,0,18,0,0,0,0,0,0,15,3,0,18,1,0,1,19
09/23/2012,ERI,PA,AEA,CE,Combined TRACON& Tower with Radar,0,17,9,0,26,0,0,0,0,0,0,17,9,0,26,0,0,0,26
09/24/2012,ERI,PA,AEA,CE,Combined TRACON& Tower with Radar,0,20,18,0,38,0,0,12,2,14,0,20,30,2,52,0,0,0,52
09/25/2012,ERI,PA,AEA,CE,Combined TRACON& Tower with Radar,0,20,10,2,32,0,0,8,0,8,0,20,18,2,40,1,0,1,41
09/26/2012,ERI,PA,AEA,CE,Combined TRACON& Tower with Radar,0,20,8,0,28,0,0,0,0,0,0,20,8,0,28,30,0,30,58
09/27/2012,ERI,PA,AEA,CE,Combined TRACON& Tower with Radar,0,26,28,1,55,0,0,15,0,15,0,26,43,1,70,65,0,65,135
09/28/2012,ERI,PA,AEA,CE,Combined TRACON& Tower with Radar,0,30,13,0,43,0,0,3,0,3,0,30,16,0,46,2,0,2,48
09/29/2012,ERI,PA,AEA,CE,Combined TRACON& Tower with Radar,0,20,9,0,29,0,0,11,0,11,0,20,20,0,40,23,0,23,63
09/30/2012,ERI,PA,AEA,CE,Combined TRACON& Tower with Radar,0,3,0,0,3,0,0,0,0,0,0,3,0,0,3,17,0,17,20
10/01/2012,ERI,PA,AEA,CE,Combined TRACON& Tower with Radar,0,28,7,7,42,0,0,9,1,10,0,28,16,8,52,12,20,32,84
10/02/2012,ERI,PA,AEA,CE,Combined TRACON& Tower with Radar,0,38,12,0,50,0,0,0,0,0,0,38,12,0,50,11,0,11,61
10/03/2012,ERI,PA,AEA,CE,Combined TRACON& Tower with Radar,0,22,4,0,26,0,0,9,0,9,0,22,13,0,35,27,0,27,62
10/04/2012,ERI,PA,AEA,CE,Combined TRACON& Tower with Radar,0,25,9,0,34,0,0,10,0,10,0,25,19,0,44,7,0,7,51
10/05/2012,ERI,PA,AEA,CE,Combined TRACON& Tower with Radar,0,29,13,2,44,0,0,0,0,0,0,29,13,2,44,6,2,8,52
10/06/2012,ERI,PA,AEA,CE,Combined TRACON& Tower with Radar,0,15,12,0,27,0,2,2,0,4,0,17,14,0,31,5,0,5,36
10/07/2012,ERI,PA,AEA,CE,Combined TRACON& Tower with Radar,0,22,8,0,30,0,0,0,0,0,0,22,8,0,30,0,0,0,30
10/08/2012,ERI,PA,AEA,CE,Combined TRACON& Tower with Radar,0,26,16,0,42,0,0,13,0,13,0,26,29,0,55,5,0,5,60
10/09/2012,ERI,PA,AEA,CE,Combined TRACON& Tower with Radar,0,21,19,0,40,0,0,32,0,32,0,21,51,0,72,30,0,30,102
10/10/2012,ERI,PA,AEA,CE,Combined TRACON& Tower with Radar,0,24,20,0,44,0,0,2,0,2,0,24,22,0,46,7,0,7,53
10/11/2012,ERI,PA,AEA,CE,Combined TRACON& Tower with Radar,0,32,20,0,52,0,0,8,0,8,0,32,28,0,60,6,0,6,66
10/12/2012,ERI,PA,AEA,CE,Combined TRACON& Tower with Radar,0,24,11,0,35,0,0,17,0,17,0,24,28,0,52,85,0,85,137
10/13/2012,ERI,PA,AEA,CE,Combined TRACON& Tower with Radar,0,14,10,0,24,0,0,10,0,10,0,14,20,0,34,13,0,13,47
10/14/2012,ERI,PA,AEA,CE,Combined TRACON& Tower with Radar,0,21,9,0,30,0,0,4,0,4,0,21,13,0,34,0,0,0,34
10/15/2012,ERI,PA,AEA,CE,Combined TRACON& Tower with Radar,0,20,3,0,23,0,0,2,0,2,0,20,5,0,25,1,0,1,26
10/16/2012,ERI,PA,AEA,CE,Combined TRACON& Tower with Radar,0,22,12,2,36,0,0,15,0,15,0,22,27,2,51,19,0,19,70
10/17/2012,ERI,PA,AEA,CE,Combined TRACON& Tower with Radar,0,23,15,0,38,0,0,12,0,12,0,23,27,0,50,20,0,20,70
10/18/2012,ERI,PA,AEA,CE,Combined TRACON& Tower with Radar,0,23,13,0,36,0,0,5,0,5,0,23,18,0,41,0,0,0,41
10/19/2012,ERI,PA,AEA,CE,Combined TRACON& Tower with Radar,0,22,16,0,38,0,0,9,1,10,0,22,25,1,48,8,0,8,56
10/20/2012,ERI,PA,AEA,CE,Combined TRACON& Tower with Radar,0,16,6,0,22,0,0,3,0,3,0,16,9,0,25,27,0,27,52
10/21/2012,ERI,PA,AEA,CE,Combined TRACON& Tower with Radar,0,17,8,0,25,0,0,16,0,16,0,17,24,0,41,30,0,30,71
10/22/2012,ERI,PA,AEA,CE,Combined TRACON& Tower with Radar,0,20,4,2,26,0,0,25,0,25,0,20,29,2,51,28,0,28,79
10/23/2012,ERI,PA,AEA,CE,Combined TRACON& Tower with Radar,0,18,6,0,24,0,0,2,2,4,0,18,8,2,28,21,4,25,53
10/24/2012,ERI,PA,AEA,CE,Combined TRACON& Tower with Radar,0,26,15,2,43,0,0,13,2,15,0,26,28,4,58,53,0,53,111
10/25/2012,ERI,PA,AEA,CE,Combined TRACON& Tower with Radar,0,22,13,2,37,0,0,32,4,36,0,22,45,6,73,35,4,39,112
10/26/2012,ERI,PA,AEA,CE,Combined TRACON& Tower with Radar,0,22,13,2,37,0,0,2,0,2,0,22,15,2,39,33,0,33,72
10/27/2012,ERI,PA,AEA,CE,Combined TRACON& Tower with Radar,0,21,4,0,25,0,0,0,0,0,0,21,4,0,25,0,0,0,25
10/28/2012,ERI,PA,AEA,CE,Combined TRACON& Tower with Radar,0,16,8,0,24,0,0,0,0,0,0,16,8,0,24,0,0,0,24
10/29/2012,ERI,PA,AEA,CE,Combined TRACON& Tower with Radar,0,7,1,0,8,0,0,0,0,0,0,7,1,0,8,0,0,0,8
10/30/2012,ERI,PA,AEA,CE,Combined TRACON& Tower with Radar,0,6,1,0,7,0,0,0,0,0,0,6,1,0,7,0,0,0,7
10/31/2012,ERI,PA,AEA,CE,Combined TRACON& Tower with Radar,0,17,8,0,25,0,0,0,0,0,0,17,8,0,25,1,0,1,26
11/01/2012,ERI,PA,AEA,CE,Combined TRACON& Tower with Radar,0,23,7,0,30,0,0,0,0,0,0,23,7,0,30,1,0,1,31
11/02/2012,ERI,PA,AEA,CE,Combined TRACON& Tower with Radar,0,22,5,0,27,0,0,0,0,0,0,22,5,0,27,1,0,1,28
11/03/2012,ERI,PA,AEA,CE,Combined TRACON& Tower with Radar,2,12,9,0,23,0,0,6,0,6,2,12,15,0,29,9,0,9,38
11/04/2012,ERI,PA,AEA,CE,Combined TRACON& Tower with Radar,0,15,4,0,19,0,0,14,0,14,0,15,18,0,33,43,0,43,76
11/05/2012,ERI,PA,AEA,CE,Combined TRACON& Tower with Radar,2,21,24,0,47,0,0,12,0,12,2,21,36,0,59,7,0,7,66
11/06/2012,ERI,PA,AEA,CE,Combined TRACON& Tower with Radar,0,17,14,0,31,0,0,8,0,8,0,17,22,0,39,1,0,1,40
11/07/2012,ERI,PA,AEA,CE,Combined TRACON& Tower with Radar,0,20,14,0,34,0,0,33,2,35,0,20,47,2,69,9,0,9,78
11/08/2012,ERI,PA,AEA,CE,Combined TRACON& Tower with Radar,0,22,8,2,32,0,0,15,0,15,0,22,23,2,47,72,0,72,119
11/09/2012,ERI,PA,AEA,CE,Combined TRACON& Tower with Radar,0,25,15,0,40,0,0,15,0,15,0,25,30,0,55,27,0,27,82
11/10/2012,ERI,PA,AEA,CE,Combined TRACON& Tower with Radar,0,12,9,0,21,0,0,17,0,17,0,12,26,0,38,21,0,21,59
11/11/2012,ERI,PA,AEA,CE,Combined TRACON& Tower with Radar,0,18,4,0,22,0,1,24,0,25,0,19,28,0,47,72,0,72,119
11/12/2012,ERI,PA,AEA,CE,Combined TRACON& Tower with Radar,0,23,5,0,28,0,0,0,0,0,0,23,5,0,28,2,0,2,30
11/13/2012,ERI,PA,AEA,CE,Combined TRACON& Tower with Radar,0,22,11,0,33,0,0,2,0,2,0,22,13,0,35,5,0,5,40
11/14/2012,ERI,PA,AEA,CE,Combined TRACON& Tower with Radar,0,17,19,0,36,0,2,13,0,15,0,19,32,0,51,16,0,16,67
11/15/2012,ERI,PA,AEA,CE,Combined TRACON& Tower with Radar,0,22,10,0,32,0,0,14,0,14,0,22,24,0,46,3,0,3,49
11/16/2012,ERI,PA,AEA,CE,Combined TRACON& Tower with Radar,0,28,6,0,34,0,0,26,3,29,0,28,32,3,63,64,0,64,127
11/17/2012,ERI,PA,AEA,CE,Combined TRACON& Tower with Radar,0,12,7,1,20,0,0,25,3,28,0,12,32,4,48,54,0,54,102
11/18/2012,ERI,PA,AEA,CE,Combined TRACON& Tower with Radar,0,19,16,0,35,0,0,23,0,23,0,19,39,0,58,66,0,66,124
11/19/2012,ERI,PA,AEA,CE,Combined TRACON& Tower with Radar,0,17,8,0,25,0,0,12,0,12,0,17,20,0,37,29,0,29,66
11/20/2012,ERI,PA,AEA,CE,Combined TRACON& Tower with Radar,0,20,14,7,41,0,0,18,2,20,0,20,32,9,61,42,2,44,105
11/21/2012,ERI,PA,AEA,CE,Combined TRACON& Tower with Radar,0,29,19,0,48,0,0,14,1,15,0,29,33,1,63,30,0,30,93
11/22/2012,ERI,PA,AEA,CE,Combined TRACON& Tower with Radar,0,7,1,0,8,0,0,14,0,14,0,7,15,0,22,16,0,16,38
11/23/2012,ERI,PA,AEA,CE,Combined TRACON& Tower with Radar,0,11,13,0,24,0,0,1,0,1,0,11,14,0,25,2,0,2,27
11/24/2012,ERI,PA,AEA,CE,Combined TRACON& Tower with Radar,0,18,5,0,23,0,0,1,0,1,0,18,6,0,24,0,0,0,24
11/25/2012,ERI,PA,AEA,CE,Combined TRACON& Tower with Radar,0,20,14,0,34,0,0,3,0,3,0,20,17,0,37,3,0,3,40
11/26/2012,ERI,PA,AEA,CE,Combined TRACON& Tower with Radar,0,24,14,0,38,0,0,3,0,3,0,24,17,0,41,1,0,1,42
11/27/2012,ERI,PA,AEA,CE,Combined TRACON& Tower with Radar,0,18,8,0,26,0,1,0,0,1,0,19,8,0,27,12,0,12,39
11/28/2012,ERI,PA,AEA,CE,Combined TRACON& Tower with Radar,0,24,21,8,53,0,0,4,0,4,0,24,25,8,57,1,4,5,62
11/29/2012,ERI,PA,AEA,CE,Combined TRACON& Tower with Radar,0,26,16,0,42,0,0,15,0,15,0,26,31,0,57,14,0,14,71
11/30/2012,ERI,PA,AEA,CE,Combined TRACON& Tower with Radar,0,29,5,0,34,0,0,5,0,5,0,29,10,0,39,9,0,9,48
12/01/2012,ERI,PA,AEA,CE,Combined TRACON& Tower with Radar,0,15,4,0,19,0,0,20,0,20,0,15,24,0,39,36,0,36,75
12/02/2012,ERI,PA,AEA,CE,Combined TRACON& Tower with Radar,0,14,9,0,23,0,0,0,0,0,0,14,9,0,23,2,0,2,25
12/03/2012,ERI,PA,AEA,CE,Combined TRACON& Tower with Radar,0,25,30,8,63,0,1,1,0,2,0,26,31,8,65,4,8,12,77
12/04/2012,ERI,PA,AEA,CE,Combined TRACON& Tower with Radar,0,14,13,0,27,0,0,10,1,11,0,14,23,1,38,5,0,5,43
12/05/2012,ERI,PA,AEA,CE,Combined TRACON& Tower with Radar,0,23,9,0,32,0,0,2,0,2,0,23,11,0,34,6,0,6,40
12/06/2012,ERI,PA,AEA,CE,Combined TRACON& Tower with Radar,0,26,27,0,53,0,0,14,0,14,0,26,41,0,67,11,0,11,78
12/07/2012,ERI,PA,AEA,CE,Combined TRACON& Tower with Radar,0,27,9,0,36,0,0,0,0,0,0,27,9,0,36,3,0,3,39
12/08/2012,ERI,PA,AEA,CE,Combined TRACON& Tower with Radar,0,7,3,0,10,0,0,0,0,0,0,7,3,0,10,4,0,4,14
12/09/2012,ERI,PA,AEA,CE,Combined TRACON& Tower with Radar,0,25,6,0,31,0,0,4,0,4,0,25,10,0,35,3,0,3,38
12/10/2012,ERI,PA,AEA,CE,Combined TRACON& Tower with Radar,0,10,9,0,19,0,0,0,0,0,0,10,9,0,19,0,0,0,19
12/11/2012,ERI,PA,AEA,CE,Combined TRACON& Tower with Radar,0,24,20,0,44,0,0,1,0,1,0,24,21,0,45,14,0,14,59
12/12/2012,ERI,PA,AEA,CE,Combined TRACON& Tower with Radar,0,24,19,0,43,0,0,23,0,23,0,24,42,0,66,17,0,17,83
12/13/2012,ERI,PA,AEA,CE,Combined TRACON& Tower with Radar,0,26,14,2,42,0,0,18,0,18,0,26,32,2,60,40,0,40,100
12/14/2012,ERI,PA,AEA,CE,Combined TRACON& Tower with Radar,0,25,26,0,51,0,0,33,0,33,0,25,59,0,84,29,0,29,113
12/15/2012,ERI,PA,AEA,CE,Combined TRACON& Tower with Radar,0,12,7,0,19,0,0,12,0,12,0,12,19,0,31,12,0,12,43
12/16/2012,ERI,PA,AEA,CE,Combined TRACON& Tower with Radar,0,19,0,0,19,0,0,0,0,0,0,19,0,0,19,1,0,1,20
12/17/2012,ERI,PA,AEA,CE,Combined TRACON& Tower with Radar,0,18,5,0,23,0,0,0,0,0,0,18,5,0,23,0,0,0,23
12/18/2012,ERI,PA,AEA,CE,Combined TRACON& Tower with Radar,0,24,10,0,34,0,0,2,0,2,0,24,12,0,36,1,0,1,37
12/19/2012,ERI,PA,AEA,CE,Combined TRACON& Tower with Radar,0,25,10,5,40,0,0,2,5,7,0,25,12,10,47,0,6,6,53
12/20/2012,ERI,PA,AEA,CE,Combined TRACON& Tower with Radar,0,32,7,0,39,0,0,2,0,2,0,32,9,0,41,0,0,0,41
12/21/2012,ERI,PA,AEA,CE,Combined TRACON& Tower with Radar,0,20,7,0,27,0,0,0,0,0,0,20,7,0,27,0,0,0,27
12/22/2012,ERI,PA,AEA,CE,Combined TRACON& Tower with Radar,0,11,2,0,13,0,0,0,0,0,0,11,2,0,13,0,0,0,13
12/23/2012,ERI,PA,AEA,CE,Combined TRACON& Tower with Radar,0,17,10,0,27,0,0,11,0,11,0,17,21,0,38,40,0,40,78
12/24/2012,ERI,PA,AEA,CE,Combined TRACON& Tower with Radar,0,10,7,0,17,0,1,3,0,4,0,11,10,0,21,19,0,19,40
12/25/2012,ERI,PA,AEA,CE,Combined TRACON& Tower with Radar,0,13,1,0,14,0,0,0,0,0,0,13,1,0,14,0,0,0,14
12/26/2012,ERI,PA,AEA,CE,Combined TRACON& Tower with Radar,0,11,1,0,12,0,0,0,0,0,0,11,1,0,12,0,0,0,12
12/27/2012,ERI,PA,AEA,CE,Combined TRACON& Tower with Radar,0,20,11,0,31,0,0,0,0,0,0,20,11,0,31,3,0,3,34
12/28/2012,ERI,PA,AEA,CE,Combined TRACON& Tower with Radar,0,26,3,0,29,0,3,2,0,5,0,29,5,0,34,8,0,8,42
12/29/2012,ERI,PA,AEA,CE,Combined TRACON& Tower with Radar,0,13,1,0,14,0,0,0,0,0,0,13,1,0,14,1,0,1,15
12/30/2012,ERI,PA,AEA,CE,Combined TRACON& Tower with Radar,0,24,8,0,32,0,0,0,0,0,0,24,8,0,32,1,0,1,33
12/31/2012,ERI,PA,AEA,CE,Combined TRACON& Tower with Radar,0,15,1,0,16,0,0,1,0,1,0,15,2,0,17,0,0,0,17
01/01/2013,ERI,PA,AEA,CE,Combined TRACON& Tower with Radar,0,20,9,0,29,0,0,0,0,0,0,20,9,0,29,0,0,0,29
01/02/2013,ERI,PA,AEA,CE,Combined TRACON& Tower with Radar,0,24,5,0,29,0,0,2,0,2,0,24,7,0,31,10,0,10,41
01/03/2013,ERI,PA,AEA,CE,Combined TRACON& Tower with Radar,0,28,1,0,29,0,3,0,0,3,0,31,1,0,32,1,0,1,33
01/04/2013,ERI,PA,AEA,CE,Combined TRACON& Tower with Radar,0,24,5,0,29,0,0,0,0,0,0,24,5,0,29,0,0,0,29
01/05/2013,ERI,PA,AEA,CE,Combined TRACON& Tower with Radar,0,16,10,0,26,0,0,4,0,4,0,16,14,0,30,1,0,1,31
01/06/2013,ERI,PA,AEA,CE,Combined TRACON& Tower with Radar,0,19,4,0,23,0,0,0,0,0,0,19,4,0,23,0,0,0,23
01/07/2013,ERI,PA,AEA,CE,Combined TRACON& Tower with Radar,0,19,9,0,28,0,0,3,2,5,0,19,12,2,33,7,0,7,40
01/08/2013,ERI,PA,AEA,CE,Combined TRACON& Tower with Radar,0,22,5,0,27,0,0,18,0,18,0,22,23,0,45,22,0,22,67
01/09/2013,ERI,PA,AEA,CE,Combined TRACON& Tower with Radar,0,17,16,0,33,0,0,2,6,8,0,17,18,6,41,2,0,2,43
01/10/2013,ERI,PA,AEA,CE,Combined TRACON& Tower with Radar,0,20,12,0,32,0,0,14,0,14,0,20,26,0,46,42,0,42,88
01/11/2013,ERI,PA,AEA,CE,Combined TRACON& Tower with Radar,0,23,12,0,35,0,0,0,0,0,0,23,12,0,35,1,0,1,36
01/12/2013,ERI,PA,AEA,CE,Combined TRACON& Tower with Radar,0,13,8,0,21,0,0,6,0,6,0,13,14,0,27,10,0,10,37
01/13/2013,ERI,PA,AEA,CE,Combined TRACON& Tower with Radar,0,16,0,0,16,0,0,0,0,0,0,16,0,0,16,1,0,1,17
01/14/2013,ERI,PA,AEA,CE,Combined TRACON& Tower with Radar,0,18,9,0,27,0,0,3,0,3,0,18,12,0,30,16,0,16,46
01/15/2013,ERI,PA,AEA,CE,Combined TRACON& Tower with Radar,0,15,9,0,24,0,0,8,0,8,0,15,17,0,32,25,0,25,57
01/16/2013,ERI,PA,AEA,CE,Combined TRACON& Tower with Radar,0,17,9,0,26,0,0,3,0,3,0,17,12,0,29,5,0,5,34
01/17/2013,ERI,PA,AEA,CE,Combined TRACON& Tower with Radar,0,18,14,0,32,0,0,0,0,0,0,18,14,0,32,3,0,3,35
01/18/2013,ERI,PA,AEA,CE,Combined TRACON& Tower with Radar,0,20,10,0,30,0,0,5,0,5,0,20,15,0,35,16,0,16,51
01/19/2013,ERI,PA,AEA,CE,Combined TRACON& Tower with Radar,0,11,0,0,11,0,0,2,0,2,0,11,2,0,13,8,0,8,21
01/20/2013,ERI,PA,AEA,CE,Combined TRACON& Tower with Radar,0,15,0,0,15,0,0,0,0,0,0,15,0,0,15,0,0,0,15
01/21/2013,ERI,PA,AEA,CE,Combined TRACON& Tower with Radar,0,9,4,0,13,0,0,0,0,0,0,9,4,0,13,0,0,0,13
01/22/2013,ERI,PA,AEA,CE,Combined TRACON& Tower with Radar,0,10,6,0,16,0,0,0,0,0,0,10,6,0,16,0,0,0,16
01/23/2013,ERI,PA,AEA,CE,Combined TRACON& Tower with Radar,0,18,9,0,27,0,0,0,0,0,0,18,9,0,27,0,0,0,27
01/24/2013,ERI,PA,AEA,CE,Combined TRACON& Tower with Radar,0,24,12,0,36,0,0,0,0,0,0,24,12,0,36,12,0,12,48
01/25/2013,ERI,PA,AEA,CE,Combined TRACON& Tower with Radar,0,16,7,0,23,0,0,0,0,0,0,16,7,0,23,2,0,2,25
01/26/2013,ERI,PA,AEA,CE,Combined TRACON& Tower with Radar,0,10,5,0,15,0,0,0,0,0,0,10,5,0,15,2,0,2,17
01/27/2013,ERI,PA,AEA,CE,Combined TRACON& Tower with Radar,0,17,3,0,20,0,0,16,0,16,0,17,19,0,36,46,0,46,82
01/28/2013,ERI,PA,AEA,CE,Combined TRACON& Tower with Radar,0,16,5,0,21,0,0,0,0,0,0,16,5,0,21,0,0,0,21
01/29/2013,ERI,PA,AEA,CE,Combined TRACON& Tower with Radar,0,17,15,0,32,0,0,0,1,1,0,17,15,1,33,0,0,0,33
01/30/2013,ERI,PA,AEA,CE,Combined TRACON& Tower with Radar,0,17,7,0,24,0,0,0,1,1,0,17,7,1,25,1,0,1,26
01/31/2013,ERI,PA,AEA,CE,Combined TRACON& Tower with Radar,0,15,6,0,21,0,0,0,0,0,0,15,6,0,21,1,0,1,22
02/01/2013,ERI,PA,AEA,CE,Combined TRACON& Tower with Radar,0,18,5,0,23,0,0,0,0,0,0,18,5,0,23,0,0,0,23
02/02/2013,ERI,PA,AEA,CE,Combined TRACON& Tower with Radar,0,13,1,0,14,0,0,0,0,0,0,13,1,0,14,0,0,0,14
02/03/2013,ERI,PA,AEA,CE,Combined TRACON& Tower with Radar,0,19,3,0,22,0,0,0,0,0,0,19,3,0,22,1,0,1,23
02/04/2013,ERI,PA,AEA,CE,Combined TRACON& Tower with Radar,0,22,6,0,28,0,0,0,0,0,0,22,6,0,28,0,0,0,28
02/05/2013,ERI,PA,AEA,CE,Combined TRACON& Tower with Radar,0,17,7,4,28,0,0,4,0,4,0,17,11,4,32,17,4,21,53
02/06/2013,ERI,PA,AEA,CE,Combined TRACON& Tower with Radar,0,19,19,0,38,0,0,9,0,9,0,19,28,0,47,18,0,18,65
02/07/2013,ERI,PA,AEA,CE,Combined TRACON& Tower with Radar,0,22,16,2,40,0,0,7,2,9,0,22,23,4,49,45,0,45,94
02/08/2013,ERI,PA,AEA,CE,Combined TRACON& Tower with Radar,0,17,3,0,20,0,0,0,0,0,0,17,3,0,20,2,0,2,22
02/09/2013,ERI,PA,AEA,CE,Combined TRACON& Tower with Radar,0,17,6,0,23,0,0,3,0,3,0,17,9,0,26,7,0,7,33
02/10/2013,ERI,PA,AEA,CE,Combined TRACON& Tower with Radar,0,17,4,2,23,0,0,8,0,8,0,17,12,2,31,8,0,8,39
02/11/2013,ERI,PA,AEA,CE,Combined TRACON& Tower with Radar,0,19,5,0,24,0,1,0,0,1,0,20,5,0,25,3,0,3,28
02/12/2013,ERI,PA,AEA,CE,Combined TRACON& Tower with Radar,0,17,8,8,33,0,0,1,0,1,0,17,9,8,34,3,4,7,41
02/13/2013,ERI,PA,AEA,CE,Combined TRACON& Tower with Radar,0,20,14,0,34,0,0,4,0,4,0,20,18,0,38,3,0,3,41
02/14/2013,ERI,PA,AEA,CE,Combined TRACON& Tower with Radar,0,25,12,0,37,0,0,0,0,0,0,25,12,0,37,1,0,1,38
02/15/2013,ERI,PA,AEA,CE,Combined TRACON& Tower with Radar,0,25,8,0,33,0,0,0,0,0,0,25,8,0,33,2,0,2,35
02/16/2013,ERI,PA,AEA,CE,Combined TRACON& Tower with Radar,0,14,3,0,17,0,0,2,0,2,0,14,5,0,19,0,0,0,19
02/17/2013,ERI,PA,AEA,CE,Combined TRACON& Tower with Radar,0,20,4,0,24,0,0,0,0,0,0,20,4,0,24,0,0,0,24
02/18/2013,ERI,PA,AEA,CE,Combined TRACON& Tower with Radar,0,24,6,0,30,0,2,2,0,4,0,26,8,0,34,20,0,20,54
02/19/2013,ERI,PA,AEA,CE,Combined TRACON& Tower with Radar,0,17,12,0,29,0,0,0,0,0,0,17,12,0,29,0,0,0,29
02/20/2013,ERI,PA,AEA,CE,Combined TRACON& Tower with Radar,0,26,7,0,33,0,0,0,0,0,0,26,7,0,33,2,0,2,35
02/21/2013,ERI,PA,AEA,CE,Combined TRACON& Tower with Radar,0,24,3,0,27,0,0,0,0,0,0,24,3,0,27,17,7,24,51
02/22/2013,ERI,PA,AEA,CE,Combined TRACON& Tower with Radar,0,19,6,0,25,0,0,0,0,0,0,19,6,0,25,0,0,0,25
02/23/2013,ERI,PA,AEA,CE,Combined TRACON& Tower with Radar,0,16,5,0,21,0,0,0,0,0,0,16,5,0,21,5,0,5,26
02/24/2013,ERI,PA,AEA,CE,Combined TRACON& Tower with Radar,0,21,8,0,29,0,0,0,0,0,0,21,8,0,29,5,0,5,34
02/25/2013,ERI,PA,AEA,CE,Combined TRACON& Tower with Radar,0,22,16,0,38,0,0,24,0,24,0,22,40,0,62,51,0,51,113
02/26/2013,ERI,PA,AEA,CE,Combined TRACON& Tower with Radar,0,23,10,0,33,0,0,0,0,0,0,23,10,0,33,0,0,0,33
02/27/2013,ERI,PA,AEA,CE,Combined TRACON& Tower with Radar,0,22,15,0,37,0,0,0,0,0,0,22,15,0,37,0,0,0,37
02/28/2013,ERI,PA,AEA,CE,Combined TRACON& Tower with Radar,0,23,11,0,34,0,0,0,0,0,0,23,11,0,34,3,0,3,37
03/01/2013,ERI,PA,AEA,CE,Combined TRACON& Tower with Radar,0,26,5,4,35,0,0,0,0,0,0,26,5,4,35,3,0,3,38
03/02/2013,ERI,PA,AEA,CE,Combined TRACON& Tower with Radar,0,19,4,0,23,0,0,2,0,2,0,19,6,0,25,1,0,1,26
03/03/2013,ERI,PA,AEA,CE,Combined TRACON& Tower with Radar,0,20,7,0,27,0,0,1,0,1,0,20,8,0,28,3,0,3,31
03/04/2013,ERI,PA,AEA,CE,Combined TRACON& Tower with Radar,0,21,10,0,31,0,0,0,0,0,0,21,10,0,31,1,0,1,32
03/05/2013,ERI,PA,AEA,CE,Combined TRACON& Tower with Radar,0,22,10,0,32,0,0,4,1,5,0,22,14,1,37,34,0,34,71
03/06/2013,ERI,PA,AEA,CE,Combined TRACON& Tower with Radar,0,19,14,0,33,0,0,3,4,7,0,19,17,4,40,11,0,11,51
03/07/2013,ERI,PA,AEA,CE,Combined TRACON& Tower with Radar,0,23,7,0,30,0,0,0,0,0,0,23,7,0,30,0,0,0,30
03/08/2013,ERI,PA,AEA,CE,Combined TRACON& Tower with Radar,0,19,9,0,28,0,0,4,0,4,0,19,13,0,32,16,0,16,48
03/09/2013,ERI,PA,AEA,CE,Combined TRACON& Tower with Radar,0,15,11,0,26,0,0,9,0,9,0,15,20,0,35,10,0,10,45
03/10/2013,ERI,PA,AEA,CE,Combined TRACON& Tower with Radar,0,20,4,0,24,0,0,5,0,5,0,20,9,0,29,9,0,9,38
03/11/2013,ERI,PA,AEA,CE,Combined TRACON& Tower with Radar,0,21,7,1,29,0,1,2,0,3,0,22,9,1,32,18,0,18,50
03/12/2013,ERI,PA,AEA,CE,Combined TRACON& Tower with Radar,0,17,6,0,23,0,0,0,0,0,0,17,6,0,23,2,0,2,25
03/13/2013,ERI,PA,AEA,CE,Combined TRACON& Tower with Radar,0,22,9,0,31,0,0,0,0,0,0,22,9,0,31,0,0,0,31
03/14/2013,ERI,PA,AEA,CE,Combined TRACON& Tower with Radar,0,22,4,0,26,0,0,8,0,8,0,22,12,0,34,3,0,3,37
03/15/2013,ERI,PA,AEA,CE,Combined TRACON& Tower with Radar,0,28,8,0,36,0,0,0,0,0,0,28,8,0,36,2,0,2,38
03/16/2013,ERI,PA,AEA,CE,Combined TRACON& Tower with Radar,0,16,1,0,17,0,0,0,0,0,0,16,1,0,17,0,0,0,17
03/17/2013,ERI,PA,AEA,CE,Combined TRACON& Tower with Radar,0,30,4,0,34,0,0,8,0,8,0,30,12,0,42,5,0,5,47
03/18/2013,ERI,PA,AEA,CE,Combined TRACON& Tower with Radar,0,23,2,0,25,0,0,0,0,0,0,23,2,0,25,0,0,0,25
03/19/2013,ERI,PA,AEA,CE,Combined TRACON& Tower with Radar,0,22,6,0,28,0,0,0,0,0,0,22,6,0,28,0,0,0,28
03/20/2013,ERI,PA,AEA,CE,Combined TRACON& Tower with Radar,0,25,7,0,32,0,0,0,0,0,0,25,7,0,32,2,0,2,34
03/21/2013,ERI,PA,AEA,CE,Combined TRACON& Tower with Radar,0,22,11,0,33,0,0,0,0,0,0,22,11,0,33,4,0,4,37
03/22/2013,ERI,PA,AEA,CE,Combined TRACON& Tower with Radar,0,24,5,0,29,0,0,0,0,0,0,24,5,0,29,0,0,0,29
03/23/2013,ERI,PA,AEA,CE,Combined TRACON& Tower with Radar,2,15,7,1,25,0,2,9,5,16,2,17,16,6,41,12,2,14,55
03/24/2013,ERI,PA,AEA,CE,Combined TRACON& Tower with Radar,0,18,6,0,24,0,0,6,0,6,0,18,12,0,30,8,0,8,38
03/25/2013,ERI,PA,AEA,CE,Combined TRACON& Tower with Radar,0,17,2,0,19,0,0,0,0,0,0,17,2,0,19,0,0,0,19
03/26/2013,ERI,PA,AEA,CE,Combined TRACON& Tower with Radar,0,20,12,0,32,0,0,2,0,2,0,20,14,0,34,6,0,6,40
03/27/2013,ERI,PA,AEA,CE,Combined TRACON& Tower with Radar,0,20,11,0,31,0,0,1,0,1,0,20,12,0,32,3,0,3,35
03/28/2013,ERI,PA,AEA,CE,Combined TRACON& Tower with Radar,0,21,20,2,43,0,0,0,0,0,0,21,20,2,43,3,0,3,46
03/29/2013,ERI,PA,AEA,CE,Combined TRACON& Tower with Radar,0,21,9,0,30,0,0,20,0,20,0,21,29,0,50,34,0,34,84
03/30/2013,ERI,PA,AEA,CE,Combined TRACON& Tower with Radar,0,16,11,0,27,0,0,27,0,27,0,16,38,0,54,76,0,76,130
03/31/2013,ERI,PA,AEA,CE,Combined TRACON& Tower with Radar,0,20,5,0,25,0,0,3,0,3,0,20,8,0,28,3,0,3,31
04/01/2013,ERI,PA,AEA,CE,Combined TRACON& Tower with Radar,0,20,9,0,29,0,0,4,0,4,0,20,13,0,33,0,0,0,33
04/02/2013,ERI,PA,AEA,CE,Combined TRACON& Tower with Radar,0,27,14,0,41,0,1,0,0,1,0,28,14,0,42,0,0,0,42
04/03/2013,ERI,PA,AEA,CE,Combined TRACON& Tower with Radar,0,27,17,4,48,0,0,4,0,4,0,27,21,4,52,6,10,16,68
04/04/2013,ERI,PA,AEA,CE,Combined TRACON& Tower with Radar,0,29,20,0,49,0,0,8,0,8,0,29,28,0,57,83,0,83,140
04/05/2013,ERI,PA,AEA,CE,Combined TRACON& Tower with Radar,0,22,16,0,38,0,0,4,0,4,0,22,20,0,42,4,0,4,46
04/06/2013,ERI,PA,AEA,CE,Combined TRACON& Tower with Radar,0,14,10,0,24,0,0,18,0,18,0,14,28,0,42,23,0,23,65
04/07/2013,ERI,PA,AEA,CE,Combined TRACON& Tower with Radar,0,19,3,0,22,0,0,0,0,0,0,19,3,0,22,1,0,1,23
04/08/2013,ERI,PA,AEA,CE,Combined TRACON& Tower with Radar,0,25,8,0,33,0,0,6,0,6,0,25,14,0,39,4,0,4,43
04/09/2013,ERI,PA,AEA,CE,Combined TRACON& Tower with Radar,0,26,8,2,36,0,0,4,0,4,0,26,12,2,40,34,2,36,76
04/10/2013,ERI,PA,AEA,CE,Combined TRACON& Tower with Radar,0,18,17,0,35,0,0,0,0,0,0,18,17,0,35,2,0,2,37
04/11/2013,ERI,PA,AEA,CE,Combined TRACON& Tower with Radar,0,33,3,0,36,0,0,1,0,1,0,33,4,0,37,0,0,0,37
04/12/2013,ERI,PA,AEA,CE,Combined TRACON& Tower with Radar,0,24,12,0,36,0,0,1,0,1,0,24,13,0,37,1,0,1,38
04/13/2013,ERI,PA,AEA,CE,Combined TRACON& Tower with Radar,0,12,3,0,15,0,0,6,0,6,0,12,9,0,21,1,0,1,22
04/14/2013,ERI,PA,AEA,CE,Combined TRACON& Tower with Radar,0,16,6,0,22,0,0,18,0,18,0,16,24,0,40,48,0,48,88
04/15/2013,ERI,PA,AEA,CE,Combined TRACON& Tower with Radar,0,22,7,0,29,0,0,10,0,10,0,22,17,0,39,2,0,2,41
04/16/2013,ERI,PA,AEA,CE,Combined TRACON& Tower with Radar,0,20,8,0,28,0,0,0,0,0,0,20,8,0,28,2,0,2,30
04/17/2013,ERI,PA,AEA,CE,Combined TRACON& Tower with Radar,0,25,17,6,48,0,0,16,0,16,0,25,33,6,64,30,6,36,100
04/18/2013,ERI,PA,AEA,CE,Combined TRACON& Tower with Radar,0,24,11,0,35,0,0,3,1,4,0,24,14,1,39,6,0,6,45
04/19/2013,ERI,PA,AEA,CE,Combined TRACON& Tower with Radar,0,25,6,0,31,0,0,0,0,0,0,25,6,0,31,2,0,2,33
04/20/2013,ERI,PA,AEA,CE,Combined TRACON& Tower with Radar,0,14,14,0,28,0,0,3,1,4,0,14,17,1,32,12,0,12,44
04/21/2013,ERI,PA,AEA,CE,Combined TRACON& Tower with Radar,0,23,11,0,34,0,0,22,0,22,0,23,33,0,56,48,0,48,104
04/22/2013,ERI,PA,AEA,CE,Combined TRACON& Tower with Radar,0,24,23,0,47,0,0,19,0,19,0,24,42,0,66,47,0,47,113
04/23/2013,ERI,PA,AEA,CE,Combined TRACON& Tower with Radar,0,25,9,0,34,0,0,19,0,19,0,25,28,0,53,16,0,16,69
04/24/2013,ERI,PA,AEA,CE,Combined TRACON& Tower with Radar,0,25,6,2,33,0,0,0,0,0,0,25,6,2,33,1,11,12,45
04/25/2013,ERI,PA,AEA,CE,Combined TRACON& Tower with Radar,0,28,4,0,32,0,0,5,0,5,0,28,9,0,37,21,0,21,58
04/26/2013,ERI,PA,AEA,CE,Combined TRACON& Tower with Radar,0,31,9,0,40,0,0,22,0,22,0,31,31,0,62,70,0,70,132
04/27/2013,ERI,PA,AEA,CE,Combined TRACON& Tower with Radar,1,12,7,0,20,0,0,20,0,20,1,12,27,0,40,45,0,45,85
04/28/2013,ERI,PA,AEA,CE,Combined TRACON& Tower with Radar,1,17,4,0,22,0,0,2,0,2,1,17,6,0,24,4,0,4,28
04/29/2013,ERI,PA,AEA,CE,Combined TRACON& Tower with Radar,0,25,14,0,39,0,0,5,0,5,0,25,19,0,44,3,0,3,47
04/30/2013,ERI,PA,AEA,CE,Combined TRACON& Tower with Radar,0,23,12,3,38,0,0,6,0,6,0,23,18,3,44,27,0,27,71
05/01/2013,ERI,PA,AEA,CE,Combined TRACON& Tower with Radar,2,20,15,0,37,0,0,15,0,15,2,20,30,0,52,41,0,41,93
05/02/2013,ERI,PA,AEA,CE,Combined TRACON& Tower with Radar,0,26,12,2,40,0,0,10,2,12,0,26,22,4,52,39,12,51,103
05/03/2013,ERI,PA,AEA,CE,Combined TRACON& Tower with Radar,0,22,15,0,37,0,0,17,0,17,0,22,32,0,54,18,0,18,72
05/04/2013,ERI,PA,AEA,CE,Combined TRACON& Tower with Radar,0,12,16,0,28,0,0,18,0,18,0,12,34,0,46,23,0,23,69
05/05/2013,ERI,PA,AEA,CE,Combined TRACON& Tower with Radar,0,21,7,0,28,0,0,6,0,6,0,21,13,0,34,23,0,23,57
05/06/2013,ERI,PA,AEA,CE,Combined TRACON& Tower with Radar,0,22,7,0,29,0,1,4,1,6,0,23,11,1,35,6,0,6,41
05/07/2013,ERI,PA,AEA,CE,Combined TRACON& Tower with Radar,0,26,15,0,41,0,0,6,0,6,0,26,21,0,47,25,0,25,72
05/08/2013,ERI,PA,AEA,CE,Combined TRACON& Tower with Radar,0,21,13,2,36,0,0,5,0,5,0,21,18,2,41,32,6,38,79
05/09/2013,ERI,PA,AEA,CE,Combined TRACON& Tower with Radar,0,29,17,0,46,0,0,20,0,20,0,29,37,0,66,35,0,35,101
05/10/2013,ERI,PA,AEA,CE,Combined TRACON& Tower with Radar,0,29,8,0,37,0,0,8,0,8,0,29,16,0,45,3,0,3,48
05/11/2013,ERI,PA,AEA,CE,Combined TRACON& Tower with Radar,0,13,10,0,23,0,0,0,0,0,0,13,10,0,23,21,0,21,44
05/12/2013,ERI,PA,AEA,CE,Combined TRACON& Tower with Radar,0,23,5,0,28,0,0,3,0,3,0,23,8,0,31,4,0,4,35
05/13/2013,ERI,PA,AEA,CE,Combined TRACON& Tower with Radar,0,24,4,0,28,0,1,5,0,6,0,25,9,0,34,11,0,11,45
05/14/2013,ERI,PA,AEA,CE,Combined TRACON& Tower with Radar,0,30,17,2,49,0,0,4,0,4,0,30,21,2,53,7,0,7,60
05/15/2013,ERI,PA,AEA,CE,Combined TRACON& Tower with Radar,0,25,11,0,36,0,1,2,4,7,0,26,13,4,43,15,18,33,76
05/16/2013,ERI,PA,AEA,CE,Combined TRACON& Tower with Radar,0,28,18,8,54,0,0,19,0,19,0,28,37,8,73,17,17,34,107
05/17/2013,ERI,PA,AEA,CE,Combined TRACON& Tower with Radar,0,28,13,0,41,0,1,15,0,16,0,29,28,0,57,10,0,10,67
05/18/2013,ERI,PA,AEA,CE,Combined TRACON& Tower with Radar,0,13,6,0,19,0,0,32,0,32,0,13,38,0,51,35,0,35,86
05/19/2013,ERI,PA,AEA,CE,Combined TRACON& Tower with Radar,0,16,7,0,23,0,0,9,0,9,0,16,16,0,32,37,0,37,69
05/20/2013,ERI,PA,AEA,CE,Combined TRACON& Tower with Radar,0,26,8,0,34,0,0,12,3,15,0,26,20,3,49,18,2,20,69
05/21/2013,ERI,PA,AEA,CE,Combined TRACON& Tower with Radar,0,29,2,0,31,0,0,6,2,8,0,29,8,2,39,27,2,29,68
05/22/2013,ERI,PA,AEA,CE,Combined TRACON& Tower with Radar,0,24,7,2,33,0,0,5,0,5,0,24,12,2,38,14,8,22,60
05/23/2013,ERI,PA,AEA,CE,Combined TRACON& Tower with Radar,0,34,7,0,41,0,0,0,0,0,0,34,7,0,41,7,0,7,48
05/24/2013,ERI,PA,AEA,CE,Combined TRACON& Tower with Radar,0,24,14,0,38,0,0,2,0,2,0,24,16,0,40,4,0,4,44
05/25/2013,ERI,PA,AEA,CE,Combined TRACON& Tower with Radar,0,10,5,0,15,0,0,14,1,15,0,10,19,1,30,12,0,12,42
05/26/2013,ERI,PA,AEA,CE,Combined TRACON& Tower with Radar,0,12,3,0,15,0,0,17,0,17,0,12,20,0,32,30,0,30,62
05/27/2013,ERI,PA,AEA,CE,Combined TRACON& Tower with Radar,0,22,12,0,34,0,0,20,0,20,0,22,32,0,54,54,0,54,108
05/28/2013,ERI,PA,AEA,CE,Combined TRACON& Tower with Radar,0,23,12,0,35,0,0,0,0,0,0,23,12,0,35,4,0,4,39
05/29/2013,ERI,PA,AEA,CE,Combined TRACON& Tower with Radar,0,27,22,0,49,0,0,4,0,4,0,27,26,0,53,25,0,25,78
05/30/2013,ERI,PA,AEA,CE,Combined TRACON& Tower with Radar,0,23,17,0,40,0,0,16,2,18,0,23,33,2,58,36,0,36,94
05/31/2013,ERI,PA,AEA,CE,Combined TRACON& Tower with Radar,0,26,19,2,47,0,2,3,0,5,0,28,22,2,52,4,0,4,56
06/01/2013,ERI,PA,AEA,CE,Combined TRACON& Tower with Radar,0,12,6,0,18,0,0,4,0,4,0,12,10,0,22,1,0,1,23
06/02/2013,ERI,PA,AEA,CE,Combined TRACON& Tower with Radar,0,20,0,0,20,0,0,4,0,4,0,20,4,0,24,3,0,3,27
06/03/2013,ERI,PA,AEA,CE,Combined TRACON& Tower with Radar,0,22,17,2,41,0,0,14,6,20,0,22,31,8,61,21,0,21,82
06/04/2013,ERI,PA,AEA,CE,Combined TRACON& Tower with Radar,0,19,19,0,38,0,0,20,0,20,0,19,39,0,58,32,0,32,90
06/05/2013,ERI,PA,AEA,CE,Combined TRACON& Tower with Radar,0,21,14,0,35,0,1,10,0,11,0,22,24,0,46,31,0,31,77
06/06/2013,ERI,PA,AEA,CE,Combined TRACON& Tower with Radar,0,22,16,0,38,0,0,0,0,0,0,22,16,0,38,0,0,0,38
06/07/2013,ERI,PA,AEA,CE,Combined TRACON& Tower with Radar,0,10,8,0,18,0,0,0,0,0,0,10,8,0,18,0,0,0,18
06/08/2013,ERI,PA,AEA,CE,Combined TRACON& Tower with Radar,0,11,9,0,20,0,0,7,0,7,0,11,16,0,27,56,0,56,83
06/09/2013,ERI,PA,AEA,CE,Combined TRACON& Tower with Radar,0,21,5,0,26,0,0,24,0,24,0,21,29,0,50,63,0,63,113
06/10/2013,ERI,PA,AEA,CE,Combined TRACON& Tower with Radar,0,19,11,0,30,0,0,0,0,0,0,19,11,0,30,1,0,1,31
06/11/2013,ERI,PA,AEA,CE,Combined TRACON& Tower with Radar,0,25,7,0,32,0,0,0,0,0,0,25,7,0,32,0,0,0,32
06/12/2013,ERI,PA,AEA,CE,Combined TRACON& Tower with Radar,0,30,20,0,50,0,0,21,2,23,0,30,41,2,73,37,0,37,110
06/13/2013,ERI,PA,AEA,CE,Combined TRACON& Tower with Radar,0,24,9,0,33,0,0,0,0,0,0,24,9,0,33,1,0,1,34
06/14/2013,ERI,PA,AEA,CE,Combined TRACON& Tower with Radar,0,24,17,2,43,0,0,10,0,10,0,24,27,2,53,8,10,18,71
06/15/2013,ERI,PA,AEA,CE,Combined TRACON& Tower with Radar,0,14,7,0,21,0,0,27,0,27,0,14,34,0,48,48,0,48,96
06/16/2013,ERI,PA,AEA,CE,Combined TRACON& Tower with Radar,0,23,7,0,30,0,0,3,0,3,0,23,10,0,33,0,0,0,33
06/17/2013,ERI,PA,AEA,CE,Combined TRACON& Tower with Radar,0,30,11,0,41,0,0,13,0,13,0,30,24,0,54,43,0,43,97
06/18/2013,ERI,PA,AEA,CE,Combined TRACON& Tower with Radar,0,22,11,0,33,0,0,8,0,8,0,22,19,0,41,6,0,6,47
06/19/2013,ERI,PA,AEA,CE,Combined TRACON& Tower with Radar,0,32,14,0,46,0,1,21,1,23,0,33,35,1,69,61,0,61,130
06/20/2013,ERI,PA,AEA,CE,Combined TRACON& Tower with Radar,0,27,8,0,35,0,0,19,0,19,0,27,27,0,54,19,0,19,73
06/21/2013,ERI,PA,AEA,CE,Combined TRACON& Tower with Radar,0,25,7,0,32,0,2,22,0,24,0,27,29,0,56,9,0,9,65
06/22/2013,ERI,PA,AEA,CE,Combined TRACON& Tower with Radar,0,16,0,0,16,0,0,9,0,9,0,16,9,0,25,2,0,2,27
06/23/2013,ERI,PA,AEA,CE,Combined TRACON& Tower with Radar,0,19,7,0,26,0,0,6,0,6,0,19,13,0,32,39,0,39,71
06/24/2013,ERI,PA,AEA,CE,Combined TRACON& Tower with Radar,0,27,8,0,35,0,0,13,2,15,0,27,21,2,50,18,0,18,68
06/25/2013,ERI,PA,AEA,CE,Combined TRACON& Tower with Radar,0,28,13,0,41,0,0,4,0,4,0,28,17,0,45,14,0,14,59
06/26/2013,ERI,PA,AEA,CE,Combined TRACON& Tower with Radar,0,29,7,0,36,0,0,4,2,6,0,29,11,2,42,3,2,5,47
06/27/2013,ERI,PA,AEA,CE,Combined TRACON& Tower with Radar,0,18,7,0,25,0,1,0,0,1,0,19,7,0,26,0,0,0,26
06/28/2013,ERI,PA,AEA,CE,Combined TRACON& Tower with Radar,0,19,4,0,23,0,0,3,0,3,0,19,7,0,26,2,0,2,28
06/29/2013,ERI,PA,AEA,CE,Combined TRACON& Tower with Radar,0,12,13,0,25,0,0,8,0,8,0,12,21,0,33,55,0,55,88
06/30/2013,ERI,PA,AEA,CE,Combined TRACON& Tower with Radar,0,17,18,0,35,0,0,11,0,11,0,17,29,0,46,68,0,68,114
07/01/2013,ERI,PA,AEA,CE,Combined TRACON& Tower with Radar,0,14,9,0,23,0,0,7,0,7,0,14,16,0,30,5,0,5,35
07/02/2013,ERI,PA,AEA,CE,Combined TRACON& Tower with Radar,0,18,20,0,38,0,18,39,0,57,0,36,59,0,95,48,0,48,143
07/03/2013,ERI,PA,AEA,CE,Combined TRACON& Tower with Radar,0,26,16,0,42,0,10,24,0,34,0,36,40,0,76,42,1,43,119
07/04/2013,ERI,PA,AEA,CE,Combined TRACON& Tower with Radar,0,15,0,0,15,0,0,11,0,11,0,15,11,0,26,43,0,43,69
07/05/2013,ERI,PA,AEA,CE,Combined TRACON& Tower with Radar,0,17,11,0,28,0,0,5,0,5,0,17,16,0,33,12,0,12,45
07/06/2013,ERI,PA,AEA,CE,Combined TRACON& Tower with Radar,0,16,10,0,26,0,0,10,0,10,0,16,20,0,36,79,8,87,123
07/07/2013,ERI,PA,AEA,CE,Combined TRACON& Tower with Radar,0,19,10,0,29,0,0,2,0,2,0,19,12,0,31,65,0,65,96
07/08/2013,ERI,PA,AEA,CE,Combined TRACON& Tower with Radar,0,23,11,0,34,0,0,10,0,10,0,23,21,0,44,26,0,26,70
07/09/2013,ERI,PA,AEA,CE,Combined TRACON& Tower with Radar,0,32,29,1,62,0,0,6,1,7,0,32,35,2,69,38,0,38,107
07/10/2013,ERI,PA,AEA,CE,Combined TRACON& Tower with Radar,0,18,17,0,35,0,0,4,0,4,0,18,21,0,39,3,0,3,42
07/11/2013,ERI,PA,AEA,CE,Combined TRACON& Tower with Radar,0,25,12,1,38,0,0,55,1,56,0,25,67,2,94,178,24,202,296
07/12/2013,ERI,PA,AEA,CE,Combined TRACON& Tower with Radar,0,24,22,1,47,0,0,26,0,26,0,24,48,1,73,44,6,50,123
07/13/2013,ERI,PA,AEA,CE,Combined TRACON& Tower with Radar,0,17,14,0,31,0,0,25,4,29,0,17,39,4,60,38,0,38,98
07/14/2013,ERI,PA,AEA,CE,Combined TRACON& Tower with Radar,0,22,9,0,31,0,0,29,3,32,0,22,38,3,63,65,0,65,128
07/15/2013,ERI,PA,AEA,CE,Combined TRACON& Tower with Radar,0,27,19,0,46,0,0,29,0,29,0,27,48,0,75,64,0,64,139
07/16/2013,ERI,PA,AEA,CE,Combined TRACON& Tower with Radar,0,26,19,0,45,0,0,33,1,34,0,26,52,1,79,65,0,65,144
07/17/2013,ERI,PA,AEA,CE,Combined TRACON& Tower with Radar,0,25,15,4,44,0,0,22,2,24,0,25,37,6,68,95,0,95,163
07/18/2013,ERI,PA,AEA,CE,Combined TRACON& Tower with Radar,0,23,17,2,42,0,0,17,0,17,0,23,34,2,59,22,4,26,85
07/19/2013,ERI,PA,AEA,CE,Combined TRACON& Tower with Radar,0,22,12,0,34,0,0,16,0,16,0,22,28,0,50,8,0,8,58
07/20/2013,ERI,PA,AEA,CE,Combined TRACON& Tower with Radar,0,16,15,0,31,0,0,41,0,41,0,16,56,0,72,8,0,8,80
07/21/2013,ERI,PA,AEA,CE,Combined TRACON& Tower with Radar,0,22,4,0,26,0,0,78,0,78,0,22,82,0,104,38,0,38,142
07/22/2013,ERI,PA,AEA,CE,Combined TRACON& Tower with Radar,0,25,11,0,36,0,0,7,0,7,0,25,18,0,43,3,0,3,46
07/23/2013,ERI,PA,AEA,CE,Combined TRACON& Tower with Radar,0,29,16,0,45,0,0,3,0,3,0,29,19,0,48,13,0,13,61
07/24/2013,ERI,PA,AEA,CE,Combined TRACON& Tower with Radar,0,28,12,3,43,0,0,14,2,16,0,28,26,5,59,18,10,28,87
07/25/2013,ERI,PA,AEA,CE,Combined TRACON& Tower with Radar,0,24,24,0,48,0,0,41,0,41,0,24,65,0,89,69,0,69,158
07/26/2013,ERI,PA,AEA,CE,Combined TRACON& Tower with Radar,0,25,17,0,42,0,0,33,0,33,0,25,50,0,75,64,0,64,139
07/27/2013,ERI,PA,AEA,CE,Combined TRACON& Tower with Radar,0,17,6,0,23,0,0,3,0,3,0,17,9,0,26,9,0,9,35
07/28/2013,ERI,PA,AEA,CE,Combined TRACON& Tower with Radar,0,22,14,0,36,0,0,13,2,15,0,22,27,2,51,37,0,37,88
07/29/2013,ERI,PA,AEA,CE,Combined TRACON& Tower with Radar,0,33,7,0,40,0,0,7,0,7,0,33,14,0,47,38,0,38,85
07/30/2013,ERI,PA,AEA,CE,Combined TRACON& Tower with Radar,0,27,16,2,45,0,0,27,0,27,0,27,43,2,72,24,0,24,96
07/31/2013,ERI,PA,AEA,CE,Combined TRACON& Tower with Radar,0,28,21,0,49,0,0,17,0,17,0,28,38,0,66,26,0,26,92
08/01/2013,ERI,PA,AEA,CE,Combined TRACON& Tower with Radar,0,26,15,11,52,0,0,5,0,5,0,26,20,11,57,13,14,27,84
08/02/2013,ERI,PA,AEA,CE,Combined TRACON& Tower with Radar,0,26,12,0,38,0,0,7,0,7,0,26,19,0,45,52,0,52,97
08/03/2013,ERI,PA,AEA,CE,Combined TRACON& Tower with Radar,0,19,11,0,30,0,0,17,0,17,0,19,28,0,47,14,0,14,61
08/04/2013,ERI,PA,AEA,CE,Combined TRACON& Tower with Radar,0,27,23,0,50,0,0,4,0,4,0,27,27,0,54,8,0,8,62
08/05/2013,ERI,PA,AEA,CE,Combined TRACON& Tower with Radar,0,29,13,0,42,0,0,30,0,30,0,29,43,0,72,57,0,57,129
08/06/2013,ERI,PA,AEA,CE,Combined TRACON& Tower with Radar,0,24,10,0,34,0,0,21,0,21,0,24,31,0,55,42,0,42,97
08/07/2013,ERI,PA,AEA,CE,Combined TRACON& Tower with Radar,0,28,8,2,38,0,0,10,0,10,0,28,18,2,48,1,20,21,69
08/08/2013,ERI,PA,AEA,CE,Combined TRACON& Tower with Radar,0,30,14,0,44,0,0,5,0,5,0,30,19,0,49,0,0,0,49
08/09/2013,ERI,PA,AEA,CE,Combined TRACON& Tower with Radar,0,28,8,2,38,0,0,10,0,10,0,28,18,2,48,50,0,50,98
08/10/2013,ERI,PA,AEA,CE,Combined TRACON& Tower with Radar,0,20,24,0,44,0,0,30,0,30,0,20,54,0,74,10,0,10,84
08/11/2013,ERI,PA,AEA,CE,Combined TRACON& Tower with Radar,0,23,15,0,38,0,0,20,0,20,0,23,35,0,58,24,0,24,82
08/12/2013,ERI,PA,AEA,CE,Combined TRACON& Tower with Radar,0,27,7,0,34,0,1,10,0,11,0,28,17,0,45,3,0,3,48
08/13/2013,ERI,PA,AEA,CE,Combined TRACON& Tower with Radar,0,25,12,0,37,0,0,8,0,8,0,25,20,0,45,12,0,12,57
08/14/2013,ERI,PA,AEA,CE,Combined TRACON& Tower with Radar,0,24,14,0,38,0,0,16,0,16,0,24,30,0,54,23,0,23,77
08/15/2013,ERI,PA,AEA,CE,Combined TRACON& Tower with Radar,0,26,9,0,35,0,0,22,0,22,0,26,31,0,57,13,0,13,70
08/16/2013,ERI,PA,AEA,CE,Combined TRACON& Tower with Radar,0,29,10,4,43,0,0,31,0,31,0,29,41,4,74,45,5,50,124
08/17/2013,ERI,PA,AEA,CE,Combined TRACON& Tower with Radar,0,14,7,0,21,0,0,19,0,19,0,14,26,0,40,20,0,20,60
08/18/2013,ERI,PA,AEA,CE,Combined TRACON& Tower with Radar,0,20,8,0,28,0,0,18,1,19,0,20,26,1,47,2,0,2,49
08/19/2013,ERI,PA,AEA,CE,Combined TRACON& Tower with Radar,0,32,17,0,49,0,0,8,2,10,0,32,25,2,59,25,0,25,84
08/20/2013,ERI,PA,AEA,CE,Combined TRACON& Tower with Radar,0,23,22,0,45,0,0,25,0,25,0,23,47,0,70,4,0,4,74
08/21/2013,ERI,PA,AEA,CE,Combined TRACON& Tower with Radar,0,23,8,18,49,0,0,45,0,45,0,23,53,18,94,49,14,63,157
08/22/2013,ERI,PA,AEA,CE,Combined TRACON& Tower with Radar,0,21,18,2,41,0,0,5,0,5,0,21,23,2,46,36,0,36,82
08/23/2013,ERI,PA,AEA,CE,Combined TRACON& Tower with Radar,0,25,26,0,51,0,0,24,0,24,0,25,50,0,75,26,0,26,101
08/24/2013,ERI,PA,AEA,CE,Combined TRACON& Tower with Radar,0,14,12,0,26,0,0,34,0,34,0,14,46,0,60,20,0,20,80
08/25/2013,ERI,PA,AEA,CE,Combined TRACON& Tower with Radar,0,17,10,0,27,0,0,59,0,59,0,17,69,0,86,41,0,41,127
08/26/2013,ERI,PA,AEA,CE,Combined TRACON& Tower with Radar,0,24,8,0,32,0,0,9,1,10,0,24,17,1,42,22,0,22,64
08/27/2013,ERI,PA,AEA,CE,Combined TRACON& Tower with Radar,0,31,6,4,41,0,0,4,1,5,0,31,10,5,46,7,6,13,59
08/28/2013,ERI,PA,AEA,CE,Combined TRACON& Tower with Radar,2,21,14,2,39,0,0,2,0,2,2,21,16,2,41,4,10,14,55
08/29/2013,ERI,PA,AEA,CE,Combined TRACON& Tower with Radar,0,22,15,0,37,0,0,31,0,31,0,22,46,0,68,108,0,108,176
08/30/2013,ERI,PA,AEA,CE,Combined TRACON& Tower with Radar,0,27,17,0,44,0,0,25,0,25,0,27,42,0,69,103,0,103,172
08/31/2013,ERI,PA,AEA,CE,Combined TRACON& Tower with Radar,2,12,0,0,14,0,1,9,0,10,2,13,9,0,24,4,0,4,28
09/01/2013,ERI,PA,AEA,CE,Combined TRACON& Tower with Radar,0,14,9,0,23,0,0,11,0,11,0,14,20,0,34,9,0,9,43
09/02/2013,ERI,PA,AEA,CE,Combined TRACON& Tower with Radar,0,22,12,0,34,0,0,0,0,0,0,22,12,0,34,10,0,10,44
09/03/2013,ERI,PA,AEA,CE,Combined TRACON& Tower with Radar,2,22,2,0,26,0,0,10,0,10,2,22,12,0,36,7,0,7,43
09/04/2013,ERI,PA,AEA,CE,Combined TRACON& Tower with Radar,0,17,12,0,29,0,0,16,0,16,0,17,28,0,45,73,0,73,118
09/05/2013,ERI,PA,AEA,CE,Combined TRACON& Tower with Radar,0,22,9,1,32,0,0,31,4,35,0,22,40,5,67,95,0,95,162
09/06/2013,ERI,PA,AEA,CE,Combined TRACON& Tower with Radar,0,19,20,0,39,0,0,29,2,31,0,19,49,2,70,54,0,54,124
09/07/2013,ERI,PA,AEA,CE,Combined TRACON& Tower with Radar,0,13,3,0,16,0,1,14,1,16,0,14,17,1,32,10,0,10,42
09/08/2013,ERI,PA,AEA,CE,Combined TRACON& Tower with Radar,0,19,11,0,30,0,0,19,2,21,0,19,30,2,51,44,0,44,95
09/09/2013,ERI,PA,AEA,CE,Combined TRACON& Tower with Radar,0,26,20,4,50,0,0,11,0,11,0,26,31,4,61,30,4,34,95
09/10/2013,ERI,PA,AEA,CE,Combined TRACON& Tower with Radar,0,17,14,0,31,0,0,11,0,11,0,17,25,0,42,3,0,3,45
09/11/2013,ERI,PA,AEA,CE,Combined TRACON& Tower with Radar,0,16,3,0,19,0,0,5,0,5,0,16,8,0,24,2,0,2,26
09/12/2013,ERI,PA,AEA,CE,Combined TRACON& Tower with Radar,0,18,14,0,32,0,0,0,0,0,0,18,14,0,32,1,0,1,33
09/13/2013,ERI,PA,AEA,CE,Combined TRACON& Tower with Radar,0,23,22,0,45,0,0,1,0,1,0,23,23,0,46,26,0,26,72
09/14/2013,ERI,PA,AEA,CE,Combined TRACON& Tower with Radar,0,14,8,0,22,0,0,42,2,44,0,14,50,2,66,65,0,65,131
09/15/2013,ERI,PA,AEA,CE,Combined TRACON& Tower with Radar,0,19,9,0,28,0,0,24,2,26,0,19,33,2,54,23,0,23,77
09/16/2013,ERI,PA,AEA,CE,Combined TRACON& Tower with Radar,0,19,18,0,37,0,2,10,0,12,0,21,28,0,49,0,0,0,49
09/17/2013,ERI,PA,AEA,CE,Combined TRACON& Tower with Radar,0,22,8,0,30,0,0,26,0,26,0,22,34,0,56,20,0,20,76
09/18/2013,ERI,PA,AEA,CE,Combined TRACON& Tower with Radar,0,17,13,0,30,0,2,16,0,18,0,19,29,0,48,14,0,14,62
09/19/2013,ERI,PA,AEA,CE,Combined TRACON& Tower with Radar,0,20,13,2,35,0,0,7,1,8,0,20,20,3,43,2,4,6,49
09/20/2013,ERI,PA,AEA,CE,Combined TRACON& Tower with Radar,0,23,18,0,41,0,0,0,1,1,0,23,18,1,42,0,0,0,42
09/21/2013,ERI,PA,AEA,CE,Combined TRACON& Tower with Radar,0,13,7,0,20,0,0,0,0,0,0,13,7,0,20,0,0,0,20
09/22/2013,ERI,PA,AEA,CE,Combined TRACON& Tower with Radar,0,17,7,8,32,0,0,10,0,10,0,17,17,8,42,4,10,14,56
09/23/2013,ERI,PA,AEA,CE,Combined TRACON& Tower with Radar,0,21,6,0,27,0,0,13,0,13,0,21,19,0,40,0,0,0,40
09/24/2013,ERI,PA,AEA,CE,Combined TRACON& Tower with Radar,0,20,22,0,42,0,0,14,0,14,0,20,36,0,56,30,0,30,86
09/25/2013,ERI,PA,AEA,CE,Combined TRACON& Tower with Radar,0,20,16,0,36,0,1,22,1,24,0,21,38,1,60,20,0,20,80
09/26/2013,ERI,PA,AEA,CE,Combined TRACON& Tower with Radar,0,24,20,0,44,0,0,29,0,29,0,24,49,0,73,4,0,4,77
09/27/2013,ERI,PA,AEA,CE,Combined TRACON& Tower with Radar,0,27,16,2,45,0,0,21,0,21,0,27,37,2,66,15,0,15,81
09/28/2013,ERI,PA,AEA,CE,Combined TRACON& Tower with Radar,0,14,11,0,25,0,0,30,0,30,0,14,41,0,55,23,0,23,78
09/29/2013,ERI,PA,AEA,CE,Combined TRACON& Tower with Radar,0,17,14,0,31,0,0,11,0,11,0,17,25,0,42,30,0,30,72
09/30/2013,ERI,PA,AEA,CE,Combined TRACON& Tower with Radar,0,22,12,0,34,0,0,2,0,2,0,22,14,0,36,2,0,2,38
10/01/2013,ERI,PA,AEA,CE,Combined TRACON& Tower with Radar,0,19,8,0,27,0,0,5,0,5,0,19,13,0,32,0,0,0,32
10/02/2013,ERI,PA,AEA,CE,Combined TRACON& Tower with Radar,0,24,12,0,36,0,0,10,0,10,0,24,22,0,46,1,0,1,47
10/03/2013,ERI,PA,AEA,CE,Combined TRACON& Tower with Radar,0,19,9,0,28,0,0,4,0,4,0,19,13,0,32,20,0,20,52
10/04/2013,ERI,PA,AEA,CE,Combined TRACON& Tower with Radar,0,20,17,0,37,0,0,5,0,5,0,20,22,0,42,15,0,15,57
10/05/2013,ERI,PA,AEA,CE,Combined TRACON& Tower with Radar,0,16,6,0,22,0,0,8,0,8,0,16,14,0,30,33,0,33,63
10/06/2013,ERI,PA,AEA,CE,Combined TRACON& Tower with Radar,0,20,8,0,28,0,0,5,0,5,0,20,13,0,33,2,0,2,35
10/07/2013,ERI,PA,AEA,CE,Combined TRACON& Tower with Radar,0,23,11,0,34,0,0,1,0,1,0,23,12,0,35,0,0,0,35
10/08/2013,ERI,PA,AEA,CE,Combined TRACON& Tower with Radar,0,21,17,0,38,0,0,18,0,18,0,21,35,0,56,18,0,18,74
10/09/2013,ERI,PA,AEA,CE,Combined TRACON& Tower with Radar,0,21,14,0,35,0,0,29,0,29,0,21,43,0,64,25,0,25,89
10/10/2013,ERI,PA,AEA,CE,Combined TRACON& Tower with Radar,0,23,15,0,38,0,0,23,0,23,0,23,38,0,61,43,0,43,104
10/11/2013,ERI,PA,AEA,CE,Combined TRACON& Tower with Radar,0,20,15,0,35,0,0,20,0,20,0,20,35,0,55,22,0,22,77
10/12/2013,ERI,PA,AEA,CE,Combined TRACON& Tower with Radar,0,14,12,0,26,0,1,20,0,21,0,15,32,0,47,23,0,23,70
10/13/2013,ERI,PA,AEA,CE,Combined TRACON& Tower with Radar,0,15,9,0,24,0,0,10,0,10,0,15,19,0,34,25,0,25,59
10/14/2013,ERI,PA,AEA,CE,Combined TRACON& Tower with Radar,0,20,17,0,37,0,1,17,0,18,0,21,34,0,55,10,0,10,65
10/15/2013,ERI,PA,AEA,CE,Combined TRACON& Tower with Radar,0,20,22,0,42,0,0,3,0,3,0,20,25,0,45,26,0,26,71
10/16/2013,ERI,PA,AEA,CE,Combined TRACON& Tower with Radar,0,20,15,0,35,0,0,0,0,0,0,20,15,0,35,0,0,0,35
10/17/2013,ERI,PA,AEA,CE,Combined TRACON& Tower with Radar,0,16,9,0,25,0,0,1,0,1,0,16,10,0,26,42,0,42,68
10/18/2013,ERI,PA,AEA,CE,Combined TRACON& Tower with Radar,0,22,11,0,33,0,0,12,0,12,0,22,23,0,45,31,0,31,76
10/19/2013,ERI,PA,AEA,CE,Combined TRACON& Tower with Radar,0,16,4,0,20,0,0,5,0,5,0,16,9,0,25,6,0,6,31
10/20/2013,ERI,PA,AEA,CE,Combined TRACON& Tower with Radar,0,18,17,0,35,0,0,4,0,4,0,18,21,0,39,5,0,5,44
10/21/2013,ERI,PA,AEA,CE,Combined TRACON& Tower with Radar,0,21,17,0,38,0,0,4,0,4,0,21,21,0,42,0,0,0,42
10/22/2013,ERI,PA,AEA,CE,Combined TRACON& Tower with Radar,0,22,19,0,41,0,0,0,0,0,0,22,19,0,41,2,0,2,43
10/23/2013,ERI,PA,AEA,CE,Combined TRACON& Tower with Radar,0,21,3,6,30,0,0,1,0,1,0,21,4,6,31,0,4,4,35
10/24/2013,ERI,PA,AEA,CE,Combined TRACON& Tower with Radar,0,28,15,6,49,0,0,4,0,4,0,28,19,6,53,0,6,6,59
10/25/2013,ERI,PA,AEA,CE,Combined TRACON& Tower with Radar,0,22,9,0,31,0,0,5,3,8,0,22,14,3,39,3,0,3,42
10/26/2013,ERI,PA,AEA,CE,Combined TRACON& Tower with Radar,0,15,2,0,17,0,0,0,0,0,0,15,2,0,17,3,0,3,20
10/27/2013,ERI,PA,AEA,CE,Combined TRACON& Tower with Radar,0,21,12,0,33,0,0,6,0,6,0,21,18,0,39,18,0,18,57
10/28/2013,ERI,PA,AEA,CE,Combined TRACON& Tower with Radar,0,21,12,2,35,0,0,15,0,15,0,21,27,2,50,20,0,20,70
10/29/2013,ERI,PA,AEA,CE,Combined TRACON& Tower with Radar,0,24,13,4,41,0,0,14,2,16,0,24,27,6,57,30,6,36,93
10/30/2013,ERI,PA,AEA,CE,Combined TRACON& Tower with Radar,0,25,13,4,42,0,0,25,0,25,0,25,38,4,67,45,12,57,124
10/31/2013,ERI,PA,AEA,CE,Combined TRACON& Tower with Radar,0,15,5,0,20,0,0,0,0,0,0,15,5,0,20,0,0,0,20
11/01/2013,ERI,PA,AEA,CE,Combined TRACON& Tower with Radar,0,21,11,0,32,0,0,7,1,8,0,21,18,1,40,10,0,10,50
11/02/2013,ERI,PA,AEA,CE,Combined TRACON& Tower with Radar,0,13,5,0,18,0,0,0,0,0,0,13,5,0,18,2,0,2,20
11/03/2013,ERI,PA,AEA,CE,Combined TRACON& Tower with Radar,0,17,11,2,30,0,0,20,0,20,0,17,31,2,50,24,0,24,74
11/04/2013,ERI,PA,AEA,CE,Combined TRACON& Tower with Radar,0,19,20,0,39,0,0,11,0,11,0,19,31,0,50,9,0,9,59
11/05/2013,ERI,PA,AEA,CE,Combined TRACON& Tower with Radar,0,23,7,0,30,0,0,4,0,4,0,23,11,0,34,0,0,0,34
11/06/2013,ERI,PA,AEA,CE,Combined TRACON& Tower with Radar,0,15,13,0,28,0,0,1,0,1,0,15,14,0,29,5,0,5,34
11/07/2013,ERI,PA,AEA,CE,Combined TRACON& Tower with Radar,0,22,10,0,32,0,0,0,0,0,0,22,10,0,32,1,0,1,33
11/08/2013,ERI,PA,AEA,CE,Combined TRACON& Tower with Radar,0,21,4,0,25,0,0,0,0,0,0,21,4,0,25,2,0,2,27
11/09/2013,ERI,PA,AEA,CE,Combined TRACON& Tower with Radar,0,13,2,0,15,0,0,2,0,2,0,13,4,0,17,2,0,2,19
11/10/2013,ERI,PA,AEA,CE,Combined TRACON& Tower with Radar,0,18,4,0,22,0,0,0,0,0,0,18,4,0,22,0,0,0,22
11/11/2013,ERI,PA,AEA,CE,Combined TRACON& Tower with Radar,0,23,7,0,30,0,0,0,0,0,0,23,7,0,30,1,0,1,31
11/12/2013,ERI,PA,AEA,CE,Combined TRACON& Tower with Radar,0,17,12,0,29,0,0,0,2,2,0,17,12,2,31,3,0,3,34
11/13/2013,ERI,PA,AEA,CE,Combined TRACON& Tower with Radar,0,20,16,0,36,0,1,8,2,11,0,21,24,2,47,7,0,7,54
11/14/2013,ERI,PA,AEA,CE,Combined TRACON& Tower with Radar,0,25,16,0,41,0,0,4,0,4,0,25,20,0,45,54,0,54,99
11/15/2013,ERI,PA,AEA,CE,Combined TRACON& Tower with Radar,0,21,13,0,34,0,0,13,0,13,0,21,26,0,47,22,0,22,69
11/16/2013,ERI,PA,AEA,CE,Combined TRACON& Tower with Radar,0,22,6,0,28,0,0,27,0,27,0,22,33,0,55,27,0,27,82
11/17/2013,ERI,PA,AEA,CE,Combined TRACON& Tower with Radar,0,16,8,0,24,0,0,0,0,0,0,16,8,0,24,2,0,2,26
11/18/2013,ERI,PA,AEA,CE,Combined TRACON& Tower with Radar,0,18,9,2,29,0,1,0,2,3,0,19,9,4,32,3,0,3,35
11/19/2013,ERI,PA,AEA,CE,Combined TRACON& Tower with Radar,0,15,12,0,27,0,0,10,1,11,0,15,22,1,38,2,0,2,40
11/20/2013,ERI,PA,AEA,CE,Combined TRACON& Tower with Radar,0,16,11,0,27,0,0,23,4,27,0,16,34,4,54,30,0,30,84
11/21/2013,ERI,PA,AEA,CE,Combined TRACON& Tower with Radar,0,21,10,0,31,0,0,0,0,0,0,21,10,0,31,0,0,0,31
11/22/2013,ERI,PA,AEA,CE,Combined TRACON& Tower with Radar,0,29,7,2,38,0,0,0,0,0,0,29,7,2,38,1,0,1,39
11/23/2013,ERI,PA,AEA,CE,Combined TRACON& Tower with Radar,0,14,2,0,16,0,0,0,1,1,0,14,2,1,17,4,0,4,21
11/24/2013,ERI,PA,AEA,CE,Combined TRACON& Tower with Radar,0,20,4,0,24,0,0,0,0,0,0,20,4,0,24,0,0,0,24
11/25/2013,ERI,PA,AEA,CE,Combined TRACON& Tower with Radar,0,15,5,0,20,0,1,11,0,12,0,16,16,0,32,5,0,5,37
11/26/2013,ERI,PA,AEA,CE,Combined TRACON& Tower with Radar,0,20,12,0,32,0,0,0,0,0,0,20,12,0,32,0,0,0,32
11/27/2013,ERI,PA,AEA,CE,Combined TRACON& Tower with Radar,0,25,8,0,33,0,0,0,0,0,0,25,8,0,33,0,0,0,33
11/28/2013,ERI,PA,AEA,CE,Combined TRACON& Tower with Radar,0,6,0,0,6,0,0,2,0,2,0,6,2,0,8,0,0,0,8
11/29/2013,ERI,PA,AEA,CE,Combined TRACON& Tower with Radar,0,12,10,0,22,0,0,2,0,2,0,12,12,0,24,2,0,2,26
11/30/2013,ERI,PA,AEA,CE,Combined TRACON& Tower with Radar,0,25,9,0,34,0,0,2,0,2,0,25,11,0,36,14,0,14,50
12/01/2013,ERI,PA,AEA,CE,Combined TRACON& Tower with Radar,0,18,17,0,35,0,0,14,0,14,0,18,31,0,49,10,0,10,59
12/02/2013,ERI,PA,AEA,CE,Combined TRACON& Tower with Radar,0,21,6,0,27,0,0,1,0,1,0,21,7,0,28,2,0,2,30
12/03/2013,ERI,PA,AEA,CE,Combined TRACON& Tower with Radar,0,20,8,0,28,0,0,12,0,12,0,20,20,0,40,15,0,15,55
12/04/2013,ERI,PA,AEA,CE,Combined TRACON& Tower with Radar,0,22,9,0,31,0,1,8,1,10,0,23,17,1,41,5,0,5,46
12/05/2013,ERI,PA,AEA,CE,Combined TRACON& Tower with Radar,0,26,14,1,41,0,0,0,1,1,0,26,14,2,42,2,0,2,44
12/06/2013,ERI,PA,AEA,CE,Combined TRACON& Tower with Radar,0,29,10,0,39,0,0,0,0,0,0,29,10,0,39,1,0,1,40
12/07/2013,ERI,PA,AEA,CE,Combined TRACON& Tower with Radar,0,14,1,0,15,0,0,0,0,0,0,14,1,0,15,5,0,5,20
12/08/2013,ERI,PA,AEA,CE,Combined TRACON& Tower with Radar,0,15,3,0,18,0,0,5,0,5,0,15,8,0,23,0,0,0,23
12/09/2013,ERI,PA,AEA,CE,Combined TRACON& Tower with Radar,0,28,9,0,37,0,0,0,0,0,0,28,9,0,37,0,0,0,37
12/10/2013,ERI,PA,AEA,CE,Combined TRACON& Tower with Radar,0,21,13,0,34,0,0,0,0,0,0,21,13,0,34,1,0,1,35
12/11/2013,ERI,PA,AEA,CE,Combined TRACON& Tower with Radar,0,21,10,0,31,0,0,0,0,0,0,21,10,0,31,0,0,0,31
12/12/2013,ERI,PA,AEA,CE,Combined TRACON& Tower with Radar,0,21,9,0,30,0,0,0,0,0,0,21,9,0,30,0,0,0,30
12/13/2013,ERI,PA,AEA,CE,Combined TRACON& Tower with Radar,0,24,9,2,35,0,0,0,0,0,0,24,9,2,35,2,0,2,37
12/14/2013,ERI,PA,AEA,CE,Combined TRACON& Tower with Radar,0,11,4,0,15,0,0,0,0,0,0,11,4,0,15,0,0,0,15
12/15/2013,ERI,PA,AEA,CE,Combined TRACON& Tower with Radar,0,22,0,0,22,0,0,0,0,0,0,22,0,0,22,0,0,0,22
12/16/2013,ERI,PA,AEA,CE,Combined TRACON& Tower with Radar,0,20,5,0,25,0,0,0,0,0,0,20,5,0,25,0,0,0,25
12/17/2013,ERI,PA,AEA,CE,Combined TRACON& Tower with Radar,0,22,6,0,28,0,0,0,0,0,0,22,6,0,28,1,0,1,29
12/18/2013,ERI,PA,AEA,CE,Combined TRACON& Tower with Radar,0,33,11,0,44,0,0,0,0,0,0,33,11,0,44,6,0,6,50
12/19/2013,ERI,PA,AEA,CE,Combined TRACON& Tower with Radar,0,27,14,0,41,0,0,6,0,6,0,27,20,0,47,9,0,9,56
12/20/2013,ERI,PA,AEA,CE,Combined TRACON& Tower with Radar,0,25,6,0,31,0,0,0,0,0,0,25,6,0,31,0,0,0,31
12/21/2013,ERI,PA,AEA,CE,Combined TRACON& Tower with Radar,0,28,12,0,40,0,0,0,0,0,0,28,12,0,40,0,0,0,40
12/22/2013,ERI,PA,AEA,CE,Combined TRACON& Tower with Radar,0,22,0,0,22,0,0,0,0,0,0,22,0,0,22,0,0,0,22
12/23/2013,ERI,PA,AEA,CE,Combined TRACON& Tower with Radar,0,24,9,0,33,0,0,2,0,2,0,24,11,0,35,0,0,0,35
12/24/2013,ERI,PA,AEA,CE,Combined TRACON& Tower with Radar,0,12,4,0,16,0,0,0,0,0,0,12,4,0,16,0,0,0,16
12/25/2013,ERI,PA,AEA,CE,Combined TRACON& Tower with Radar,0,11,0,0,11,0,0,2,0,2,0,11,2,0,13,8,0,8,21
12/26/2013,ERI,PA,AEA,CE,Combined TRACON& Tower with Radar,0,26,11,0,37,0,0,0,1,1,0,26,11,1,38,1,0,1,39
12/27/2013,ERI,PA,AEA,CE,Combined TRACON& Tower with Radar,0,24,2,0,26,0,2,2,0,4,0,26,4,0,30,5,0,5,35
12/28/2013,ERI,PA,AEA,CE,Combined TRACON& Tower with Radar,0,18,10,0,28,0,0,10,1,11,0,18,20,1,39,9,0,9,48
12/29/2013,ERI,PA,AEA,CE,Combined TRACON& Tower with Radar,0,18,6,0,24,0,0,0,0,0,0,18,6,0,24,37,0,37,61
12/30/2013,ERI,PA,AEA,CE,Combined TRACON& Tower with Radar,0,17,3,0,20,0,0,0,0,0,0,17,3,0,20,1,0,1,21
12/31/2013,ERI,PA,AEA,CE,Combined TRACON& Tower with Radar,0,13,1,0,14,0,0,0,0,0,0,13,1,0,14,0,0,0,14
01/01/2014,ERI,PA,AEA,CE,Combined TRACON& Tower with Radar,0,12,0,0,12,0,0,0,0,0,0,12,0,0,12,0,0,0,12
01/02/2014,ERI,PA,AEA,CE,Combined TRACON& Tower with Radar,0,10,2,0,12,0,0,0,0,0,0,10,2,0,12,0,0,0,12
01/03/2014,ERI,PA,AEA,CE,Combined TRACON& Tower with Radar,0,20,3,0,23,0,0,8,0,8,0,20,11,0,31,13,0,13,44
01/04/2014,ERI,PA,AEA,CE,Combined TRACON& Tower with Radar,0,20,9,0,29,0,0,1,0,1,0,20,10,0,30,1,0,1,31
01/05/2014,ERI,PA,AEA,CE,Combined TRACON& Tower with Radar,0,15,2,0,17,0,0,4,0,4,0,15,6,0,21,0,0,0,21
01/06/2014,ERI,PA,AEA,CE,Combined TRACON& Tower with Radar,0,9,8,0,17,0,0,0,0,0,0,9,8,0,17,0,0,0,17
01/07/2014,ERI,PA,AEA,CE,Combined TRACON& Tower with Radar,0,12,3,0,15,0,0,0,0,0,0,12,3,0,15,0,0,0,15
01/08/2014,ERI,PA,AEA,CE,Combined TRACON& Tower with Radar,0,14,13,0,27,0,0,2,0,2,0,14,15,0,29,9,0,9,38
01/09/2014,ERI,PA,AEA,CE,Combined TRACON& Tower with Radar,0,23,14,0,37,0,0,8,0,8,0,23,22,0,45,30,0,30,75
01/10/2014,ERI,PA,AEA,CE,Combined TRACON& Tower with Radar,0,25,11,0,36,0,0,0,0,0,0,25,11,0,36,5,0,5,41
01/11/2014,ERI,PA,AEA,CE,Combined TRACON& Tower with Radar,0,13,5,0,18,0,0,0,0,0,0,13,5,0,18,0,0,0,18
01/12/2014,ERI,PA,AEA,CE,Combined TRACON& Tower with Radar,0,15,1,0,16,0,0,1,0,1,0,15,2,0,17,2,0,2,19
01/13/2014,ERI,PA,AEA,CE,Combined TRACON& Tower with Radar,0,18,6,0,24,0,0,0,0,0,0,18,6,0,24,2,0,2,26
01/14/2014,ERI,PA,AEA,CE,Combined TRACON& Tower with Radar,0,15,5,6,26,0,0,5,0,5,0,15,10,6,31,23,4,27,58
01/15/2014,ERI,PA,AEA,CE,Combined TRACON& Tower with Radar,0,22,11,0,33,0,0,2,0,2,0,22,13,0,35,15,0,15,50
01/16/2014,ERI,PA,AEA,CE,Combined TRACON& Tower with Radar,0,19,11,0,30,0,0,1,0,1,0,19,12,0,31,1,0,1,32
01/17/2014,ERI,PA,AEA,CE,Combined TRACON& Tower with Radar,0,24,4,0,28,0,0,4,0,4,0,24,8,0,32,12,0,12,44
01/18/2014,ERI,PA,AEA,CE,Combined TRACON& Tower with Radar,0,14,2,0,16,0,0,0,0,0,0,14,2,0,16,1,0,1,17
01/19/2014,ERI,PA,AEA,CE,Combined TRACON& Tower with Radar,0,15,4,0,19,0,0,0,0,0,0,15,4,0,19,1,0,1,20
01/20/2014,ERI,PA,AEA,CE,Combined TRACON& Tower with Radar,0,19,9,0,28,0,0,0,0,0,0,19,9,0,28,2,0,2,30
01/21/2014,ERI,PA,AEA,CE,Combined TRACON& Tower with Radar,0,15,11,0,26,0,0,2,0,2,0,15,13,0,28,0,0,0,28
01/22/2014,ERI,PA,AEA,CE,Combined TRACON& Tower with Radar,0,18,15,0,33,0,0,2,0,2,0,18,17,0,35,1,0,1,36
01/23/2014,ERI,PA,AEA,CE,Combined TRACON& Tower with Radar,0,24,10,0,34,0,0,0,0,0,0,24,10,0,34,0,0,0,34
01/24/2014,ERI,PA,AEA,CE,Combined TRACON& Tower with Radar,0,19,4,0,23,0,0,0,0,0,0,19,4,0,23,1,0,1,24
01/25/2014,ERI,PA,AEA,CE,Combined TRACON& Tower with Radar,0,10,1,0,11,0,0,0,0,0,0,10,1,0,11,2,0,2,13
01/26/2014,ERI,PA,AEA,CE,Combined TRACON& Tower with Radar,0,13,4,0,17,0,0,0,0,0,0,13,4,0,17,0,0,0,17
01/27/2014,ERI,PA,AEA,CE,Combined TRACON& Tower with Radar,0,16,14,0,30,0,0,0,0,0,0,16,14,0,30,0,0,0,30
01/28/2014,ERI,PA,AEA,CE,Combined TRACON& Tower with Radar,0,15,6,1,22,0,0,0,0,0,0,15,6,1,22,1,0,1,23
01/29/2014,ERI,PA,AEA,CE,Combined TRACON& Tower with Radar,0,14,5,0,19,0,0,4,0,4,0,14,9,0,23,2,0,2,25
01/30/2014,ERI,PA,AEA,CE,Combined TRACON& Tower with Radar,0,19,5,0,24,0,0,1,0,1,0,19,6,0,25,0,0,0,25
01/31/2014,ERI,PA,AEA,CE,Combined TRACON& Tower with Radar,0,19,6,0,25,0,0,3,0,3,0,19,9,0,28,1,0,1,29
02/01/2014,ERI,PA,AEA,CE,Combined TRACON& Tower with Radar,0,15,4,0,19,0,0,0,0,0,0,15,4,0,19,4,0,4,23
02/02/2014,ERI,PA,AEA,CE,Combined TRACON& Tower with Radar,0,14,3,0,17,0,0,0,0,0,0,14,3,0,17,0,0,0,17
02/03/2014,ERI,PA,AEA,CE,Combined TRACON& Tower with Radar,0,17,5,0,22,0,0,4,0,4,0,17,9,0,26,4,2,6,32
02/04/2014,ERI,PA,AEA,CE,Combined TRACON& Tower with Radar,0,19,7,0,26,0,0,6,2,8,0,19,13,2,34,32,0,32,66
02/05/2014,ERI,PA,AEA,CE,Combined TRACON& Tower with Radar,0,21,1,0,22,0,0,0,0,0,0,21,1,0,22,0,0,0,22
02/06/2014,ERI,PA,AEA,CE,Combined TRACON& Tower with Radar,0,27,12,0,39,0,0,1,0,1,0,27,13,0,40,1,0,1,41
02/07/2014,ERI,PA,AEA,CE,Combined TRACON& Tower with Radar,0,21,8,0,29,0,1,5,0,6,0,22,13,0,35,6,0,6,41
02/08/2014,ERI,PA,AEA,CE,Combined TRACON& Tower with Radar,0,15,0,0,15,0,2,0,0,2,0,17,0,0,17,5,0,5,22
02/09/2014,ERI,PA,AEA,CE,Combined TRACON& Tower with Radar,0,16,2,0,18,0,0,0,0,0,0,16,2,0,18,0,0,0,18
02/10/2014,ERI,PA,AEA,CE,Combined TRACON& Tower with Radar,0,21,10,0,31,0,0,0,0,0,0,21,10,0,31,0,0,0,31
02/11/2014,ERI,PA,AEA,CE,Combined TRACON& Tower with Radar,0,19,17,8,44,0,0,0,0,0,0,19,17,8,44,9,14,23,67
02/12/2014,ERI,PA,AEA,CE,Combined TRACON& Tower with Radar,0,23,7,0,30,0,2,6,0,8,0,25,13,0,38,22,0,22,60
02/13/2014,ERI,PA,AEA,CE,Combined TRACON& Tower with Radar,0,20,16,0,36,0,0,6,0,6,0,20,22,0,42,16,0,16,58
02/14/2014,ERI,PA,AEA,CE,Combined TRACON& Tower with Radar,0,19,6,0,25,0,0,0,0,0,0,19,6,0,25,1,0,1,26
02/15/2014,ERI,PA,AEA,CE,Combined TRACON& Tower with Radar,0,15,4,0,19,0,0,0,0,0,0,15,4,0,19,8,0,8,27
02/16/2014,ERI,PA,AEA,CE,Combined TRACON& Tower with Radar,0,15,0,0,15,0,0,0,0,0,0,15,0,0,15,1,0,1,16
02/17/2014,ERI,PA,AEA,CE,Combined TRACON& Tower with Radar,0,16,6,0,22,0,0,0,0,0,0,16,6,0,22,0,0,0,22
02/18/2014,ERI,PA,AEA,CE,Combined TRACON& Tower with Radar,0,19,7,8,34,0,0,0,0,0,0,19,7,8,34,1,8,9,43
02/19/2014,ERI,PA,AEA,CE,Combined TRACON& Tower with Radar,0,20,7,0,27,0,0,6,0,6,0,20,13,0,33,6,0,6,39
02/20/2014,ERI,PA,AEA,CE,Combined TRACON& Tower with Radar,0,24,12,0,36,0,0,0,0,0,0,24,12,0,36,0,0,0,36
02/21/2014,ERI,PA,AEA,CE,Combined TRACON& Tower with Radar,0,24,7,0,31,0,0,0,0,0,0,24,7,0,31,3,0,3,34
02/22/2014,ERI,PA,AEA,CE,Combined TRACON& Tower with Radar,0,14,5,0,19,0,0,0,0,0,0,14,5,0,19,0,0,0,19
02/23/2014,ERI,PA,AEA,CE,Combined TRACON& Tower with Radar,0,18,2,0,20,0,0,0,2,2,0,18,2,2,22,0,0,0,22
02/24/2014,ERI,PA,AEA,CE,Combined TRACON& Tower with Radar,0,22,9,0,31,0,0,0,0,0,0,22,9,0,31,0,0,0,31
02/25/2014,ERI,PA,AEA,CE,Combined TRACON& Tower with Radar,0,19,4,0,23,0,0,4,0,4,0,19,8,0,27,13,0,13,40
02/26/2014,ERI,PA,AEA,CE,Combined TRACON& Tower with Radar,0,17,8,0,25,0,0,2,0,2,0,17,10,0,27,2,0,2,29
02/27/2014,ERI,PA,AEA,CE,Combined TRACON& Tower with Radar,0,18,6,0,24,0,0,1,0,1,0,18,7,0,25,0,0,0,25
02/28/2014,ERI,PA,AEA,CE,Combined TRACON& Tower with Radar,0,23,9,1,33,0,0,7,1,8,0,23,16,2,41,16,0,16,57
03/01/2014,ERI,PA,AEA,CE,Combined TRACON& Tower with Radar,0,17,7,0,24,0,0,4,2,6,0,17,11,2,30,50,0,50,80
03/02/2014,ERI,PA,AEA,CE,Combined TRACON& Tower with Radar,0,18,7,0,25,0,0,0,0,0,0,18,7,0,25,6,0,6,31
03/03/2014,ERI,PA,AEA,CE,Combined TRACON& Tower with Radar,0,22,7,0,29,0,0,3,0,3,0,22,10,0,32,12,0,12,44
03/04/2014,ERI,PA,AEA,CE,Combined TRACON& Tower with Radar,0,22,6,0,28,0,0,6,0,6,0,22,12,0,34,11,0,11,45
03/05/2014,ERI,PA,AEA,CE,Combined TRACON& Tower with Radar,0,21,13,3,37,0,0,1,5,6,0,21,14,8,43,2,2,4,47
03/06/2014,ERI,PA,AEA,CE,Combined TRACON& Tower with Radar,0,20,9,8,37,0,0,4,2,6,0,20,13,10,43,2,10,12,55
03/07/2014,ERI,PA,AEA,CE,Combined TRACON& Tower with Radar,0,20,14,0,34,0,3,17,2,22,0,23,31,2,56,42,2,44,100
03/08/2014,ERI,PA,AEA,CE,Combined TRACON& Tower with Radar,0,15,2,0,17,0,0,0,0,0,0,15,2,0,17,1,0,1,18
03/09/2014,ERI,PA,AEA,CE,Combined TRACON& Tower with Radar,0,15,3,0,18,0,0,4,0,4,0,15,7,0,22,15,0,15,37
03/10/2014,ERI,PA,AEA,CE,Combined TRACON& Tower with Radar,0,21,8,0,29,0,0,0,0,0,0,21,8,0,29,0,0,0,29
03/11/2014,ERI,PA,AEA,CE,Combined TRACON& Tower with Radar,0,20,12,0,32,0,1,6,2,9,0,21,18,2,41,10,2,12,53
03/12/2014,ERI,PA,AEA,CE,Combined TRACON& Tower with Radar,0,8,1,0,9,0,0,0,0,0,0,8,1,0,9,0,0,0,9
03/13/2014,ERI,PA,AEA,CE,Combined TRACON& Tower with Radar,0,20,15,0,35,0,0,0,0,0,0,20,15,0,35,0,0,0,35
03/14/2014,ERI,PA,AEA,CE,Combined TRACON& Tower with Radar,0,23,7,0,30,0,0,7,0,7,0,23,14,0,37,5,0,5,42
03/15/2014,ERI,PA,AEA,CE,Combined TRACON& Tower with Radar,0,13,4,0,17,0,0,3,0,3,0,13,7,0,20,1,0,1,21
03/16/2014,ERI,PA,AEA,CE,Combined TRACON& Tower with Radar,0,13,15,0,28,0,0,3,0,3,0,13,18,0,31,0,0,0,31
03/17/2014,ERI,PA,AEA,CE,Combined TRACON& Tower with Radar,0,19,1,0,20,0,0,3,0,3,0,19,4,0,23,17,0,17,40
03/18/2014,ERI,PA,AEA,CE,Combined TRACON& Tower with Radar,0,22,6,6,34,0,0,16,0,16,0,22,22,6,50,21,6,27,77
03/19/2014,ERI,PA,AEA,CE,Combined TRACON& Tower with Radar,0,20,4,0,24,0,0,0,0,0,0,20,4,0,24,2,0,2,26
03/20/2014,ERI,PA,AEA,CE,Combined TRACON& Tower with Radar,0,21,2,0,23,0,0,0,0,0,0,21,2,0,23,2,0,2,25
03/21/2014,ERI,PA,AEA,CE,Combined TRACON& Tower with Radar,0,19,10,0,29,0,0,9,0,9,0,19,19,0,38,8,0,8,46
03/22/2014,ERI,PA,AEA,CE,Combined TRACON& Tower with Radar,0,13,4,0,17,0,0,2,0,2,0,13,6,0,19,5,0,5,24
03/23/2014,ERI,PA,AEA,CE,Combined TRACON& Tower with Radar,0,15,4,0,19,0,0,1,0,1,0,15,5,0,20,0,0,0,20
03/24/2014,ERI,PA,AEA,CE,Combined TRACON& Tower with Radar,0,18,8,0,26,0,0,6,0,6,0,18,14,0,32,17,0,17,49
03/25/2014,ERI,PA,AEA,CE,Combined TRACON& Tower with Radar,0,23,12,8,43,0,0,5,0,5,0,23,17,8,48,1,8,9,57
03/26/2014,ERI,PA,AEA,CE,Combined TRACON& Tower with Radar,0,21,11,0,32,0,0,5,0,5,0,21,16,0,37,2,0,2,39
03/27/2014,ERI,PA,AEA,CE,Combined TRACON& Tower with Radar,0,26,10,0,36,0,2,1,0,3,0,28,11,0,39,5,0,5,44
03/28/2014,ERI,PA,AEA,CE,Combined TRACON& Tower with Radar,0,20,6,0,26,0,0,0,0,0,0,20,6,0,26,1,0,1,27
03/29/2014,ERI,PA,AEA,CE,Combined TRACON& Tower with Radar,0,12,1,0,13,0,0,1,0,1,0,12,2,0,14,3,0,3,17
03/30/2014,ERI,PA,AEA,CE,Combined TRACON& Tower with Radar,0,13,5,0,18,0,0,9,0,9,0,13,14,0,27,6,0,6,33
03/31/2014,ERI,PA,AEA,CE,Combined TRACON& Tower with Radar,0,15,11,0,26,0,0,10,2,12,0,15,21,2,38,39,0,39,77
04/01/2014,ERI,PA,AEA,CE,Combined TRACON& Tower with Radar,0,18,3,4,25,0,2,2,2,6,0,20,5,6,31,5,0,5,36
04/02/2014,ERI,PA,AEA,CE,Combined TRACON& Tower with Radar,0,19,10,0,29,0,0,12,2,14,0,19,22,2,43,8,0,8,51
04/03/2014,ERI,PA,AEA,CE,Combined TRACON& Tower with Radar,0,20,18,0,38,0,0,0,0,0,0,20,18,0,38,3,0,3,41
04/04/2014,ERI,PA,AEA,CE,Combined TRACON& Tower with Radar,0,19,5,0,24,0,0,0,0,0,0,19,5,0,24,1,0,1,25
04/05/2014,ERI,PA,AEA,CE,Combined TRACON& Tower with Radar,0,12,0,0,12,0,0,4,0,4,0,12,4,0,16,1,0,1,17
04/06/2014,ERI,PA,AEA,CE,Combined TRACON& Tower with Radar,0,15,13,0,28,0,1,39,0,40,0,16,52,0,68,86,0,86,154
04/07/2014,ERI,PA,AEA,CE,Combined TRACON& Tower with Radar,0,20,6,0,26,0,0,0,0,0,0,20,6,0,26,0,0,0,26
04/08/2014,ERI,PA,AEA,CE,Combined TRACON& Tower with Radar,0,25,4,4,33,0,0,3,2,5,0,25,7,6,38,1,4,5,43
04/09/2014,ERI,PA,AEA,CE,Combined TRACON& Tower with Radar,0,19,14,0,33,0,0,24,1,25,0,19,38,1,58,16,0,16,74
04/10/2014,ERI,PA,AEA,CE,Combined TRACON& Tower with Radar,0,26,20,1,47,0,0,2,1,3,0,26,22,2,50,1,0,1,51
04/11/2014,ERI,PA,AEA,CE,Combined TRACON& Tower with Radar,0,29,15,0,44,0,0,4,0,4,0,29,19,0,48,10,0,10,58
04/12/2014,ERI,PA,AEA,CE,Combined TRACON& Tower with Radar,0,15,12,0,27,0,0,15,0,15,0,15,27,0,42,45,0,45,87
04/13/2014,ERI,PA,AEA,CE,Combined TRACON& Tower with Radar,0,16,6,0,22,0,0,4,0,4,0,16,10,0,26,2,0,2,28
04/14/2014,ERI,PA,AEA,CE,Combined TRACON& Tower with Radar,0,21,8,0,29,0,0,0,0,0,0,21,8,0,29,0,0,0,29
04/15/2014,ERI,PA,AEA,CE,Combined TRACON& Tower with Radar,0,21,12,4,37,0,0,0,0,0,0,21,12,4,37,3,4,7,44
04/16/2014,ERI,PA,AEA,CE,Combined TRACON& Tower with Radar,0,17,11,0,28,0,0,16,0,16,0,17,27,0,44,19,0,19,63
04/17/2014,ERI,PA,AEA,CE,Combined TRACON& Tower with Radar,0,22,17,6,45,0,0,4,0,4,0,22,21,6,49,0,6,6,55
04/18/2014,ERI,PA,AEA,CE,Combined TRACON& Tower with Radar,0,24,14,2,40,0,0,11,0,11,0,24,25,2,51,44,0,44,95
04/19/2014,ERI,PA,AEA,CE,Combined TRACON& Tower with Radar,0,12,5,0,17,0,0,10,0,10,0,12,15,0,27,18,0,18,45
04/20/2014,ERI,PA,AEA,CE,Combined TRACON& Tower with Radar,0,13,4,0,17,0,0,8,0,8,0,13,12,0,25,34,0,34,59
04/21/2014,ERI,PA,AEA,CE,Combined TRACON& Tower with Radar,0,21,16,0,37,0,2,20,0,22,0,23,36,0,59,13,0,13,72
04/22/2014,ERI,PA,AEA,CE,Combined TRACON& Tower with Radar,0,19,11,0,30,0,0,0,0,0,0,19,11,0,30,5,0,5,35
04/23/2014,ERI,PA,AEA,CE,Combined TRACON& Tower with Radar,0,22,13,0,35,0,0,4,4,8,0,22,17,4,43,3,0,3,46
04/24/2014,ERI,PA,AEA,CE,Combined TRACON& Tower with Radar,0,19,5,0,24,0,0,25,1,26,0,19,30,1,50,10,2,12,62
04/25/2014,ERI,PA,AEA,CE,Combined TRACON& Tower with Radar,0,20,7,1,28,0,0,0,1,1,0,20,7,2,29,2,0,2,31
04/26/2014,ERI,PA,AEA,CE,Combined TRACON& Tower with Radar,0,13,3,0,16,0,0,2,0,2,0,13,5,0,18,2,0,2,20
04/27/2014,ERI,PA,AEA,CE,Combined TRACON& Tower with Radar,0,19,10,0,29,0,0,24,0,24,0,19,34,0,53,17,0,17,70
04/28/2014,ERI,PA,AEA,CE,Combined TRACON& Tower with Radar,0,20,8,0,28,0,0,6,0,6,0,20,14,0,34,0,0,0,34
04/29/2014,ERI,PA,AEA,CE,Combined TRACON& Tower with Radar,0,14,5,0,19,0,0,0,0,0,0,14,5,0,19,1,0,1,20
04/30/2014,ERI,PA,AEA,CE,Combined TRACON& Tower with Radar,0,20,5,0,25,0,0,0,0,0,0,20,5,0,25,0,0,0,25
05/01/2014,ERI,PA,AEA,CE,Combined TRACON& Tower with Radar,0,23,11,0,34,0,0,1,0,1,0,23,12,0,35,16,0,16,51
05/02/2014,ERI,PA,AEA,CE,Combined TRACON& Tower with Radar,0,23,10,0,33,0,0,9,2,11,0,23,19,2,44,4,4,8,52
05/03/2014,ERI,PA,AEA,CE,Combined TRACON& Tower with Radar,0,15,6,0,21,0,0,0,0,0,0,15,6,0,21,1,0,1,22
05/04/2014,ERI,PA,AEA,CE,Combined TRACON& Tower with Radar,0,15,7,0,22,0,0,7,0,7,0,15,14,0,29,2,0,2,31
05/05/2014,ERI,PA,AEA,CE,Combined TRACON& Tower with Radar,0,18,15,0,33,0,0,23,0,23,0,18,38,0,56,34,0,34,90
05/06/2014,ERI,PA,AEA,CE,Combined TRACON& Tower with Radar,0,23,19,0,42,0,0,33,2,35,0,23,52,2,77,56,1,57,134
05/07/2014,ERI,PA,AEA,CE,Combined TRACON& Tower with Radar,0,20,21,0,41,0,0,10,0,10,0,20,31,0,51,2,0,2,53
05/08/2014,ERI,PA,AEA,CE,Combined TRACON& Tower with Radar,0,18,12,0,30,0,0,13,1,14,0,18,25,1,44,25,0,25,69
05/09/2014,ERI,PA,AEA,CE,Combined TRACON& Tower with Radar,0,20,14,0,34,0,0,1,1,2,0,20,15,1,36,0,0,0,36
05/10/2014,ERI,PA,AEA,CE,Combined TRACON& Tower with Radar,0,15,14,0,29,0,0,9,0,9,0,15,23,0,38,7,0,7,45
05/11/2014,ERI,PA,AEA,CE,Combined TRACON& Tower with Radar,0,15,1,0,16,0,0,23,1,24,0,15,24,1,40,15,0,15,55
05/12/2014,ERI,PA,AEA,CE,Combined TRACON& Tower with Radar,0,24,4,0,28,0,0,0,0,0,0,24,4,0,28,20,0,20,48
05/13/2014,ERI,PA,AEA,CE,Combined TRACON& Tower with Radar,0,21,10,0,31,0,0,8,1,9,0,21,18,1,40,13,0,13,53
05/14/2014,ERI,PA,AEA,CE,Combined TRACON& Tower with Radar,0,25,6,0,31,0,0,2,0,2,0,25,8,0,33,0,0,0,33
05/15/2014,ERI,PA,AEA,CE,Combined TRACON& Tower with Radar,0,28,6,0,34,0,0,2,0,2,0,28,8,0,36,1,0,1,37
05/16/2014,ERI,PA,AEA,CE,Combined TRACON& Tower with Radar,0,21,23,0,44,0,0,1,0,1,0,21,24,0,45,17,0,17,62
05/17/2014,ERI,PA,AEA,CE,Combined TRACON& Tower with Radar,0,14,6,0,20,0,0,7,0,7,0,14,13,0,27,28,0,28,55
05/18/2014,ERI,PA,AEA,CE,Combined TRACON& Tower with Radar,0,16,10,0,26,0,2,15,0,17,0,18,25,0,43,16,0,16,59
05/19/2014,ERI,PA,AEA,CE,Combined TRACON& Tower with Radar,0,22,16,0,38,0,1,20,0,21,0,23,36,0,59,38,0,38,97
05/20/2014,ERI,PA,AEA,CE,Combined TRACON& Tower with Radar,0,19,15,0,34,0,1,8,3,12,0,20,23,3,46,9,0,9,55
05/21/2014,ERI,PA,AEA,CE,Combined TRACON& Tower with Radar,0,19,7,0,26,0,0,2,0,2,0,19,9,0,28,6,0,6,34
05/22/2014,ERI,PA,AEA,CE,Combined TRACON& Tower with Radar,0,22,8,2,32,0,0,0,0,0,0,22,8,2,32,20,0,20,52
05/23/2014,ERI,PA,AEA,CE,Combined TRACON& Tower with Radar,0,20,20,0,40,0,0,2,0,2,0,20,22,0,42,5,0,5,47
05/24/2014,ERI,PA,AEA,CE,Combined TRACON& Tower with Radar,0,12,7,0,19,0,0,32,0,32,0,12,39,0,51,29,0,29,80
05/25/2014,ERI,PA,AEA,CE,Combined TRACON& Tower with Radar,0,8,15,0,23,0,0,46,0,46,0,8,61,0,69,16,0,16,85
05/26/2014,ERI,PA,AEA,CE,Combined TRACON& Tower with Radar,0,17,4,0,21,0,0,17,0,17,0,17,21,0,38,12,0,12,50
05/27/2014,ERI,PA,AEA,CE,Combined TRACON& Tower with Radar,0,17,9,0,26,0,0,3,4,7,0,17,12,4,33,8,0,8,41
05/28/2014,ERI,PA,AEA,CE,Combined TRACON& Tower with Radar,0,18,12,0,30,0,0,6,0,6,0,18,18,0,36,0,0,0,36
05/29/2014,ERI,PA,AEA,CE,Combined TRACON& Tower with Radar,0,21,16,0,37,0,0,4,2,6,0,21,20,2,43,12,0,12,55
05/30/2014,ERI,PA,AEA,CE,Combined TRACON& Tower with Radar,0,26,10,2,38,0,0,15,2,17,0,26,25,4,55,9,0,9,64
05/31/2014,ERI,PA,AEA,CE,Combined TRACON& Tower with Radar,0,15,7,2,24,0,0,23,0,23,0,15,30,2,47,22,0,22,69
06/01/2014,ERI,PA,AEA,CE,Combined TRACON& Tower with Radar,0,14,10,0,24,0,1,28,0,29,0,15,38,0,53,27,0,27,80
06/02/2014,ERI,PA,AEA,CE,Combined TRACON& Tower with Radar,0,21,18,0,39,0,0,0,0,0,0,21,18,0,39,9,0,9,48
06/03/2014,ERI,PA,AEA,CE,Combined TRACON& Tower with Radar,0,23,12,0,35,0,0,1,0,1,0,23,13,0,36,0,0,0,36
06/04/2014,ERI,PA,AEA,CE,Combined TRACON& Tower with Radar,0,22,17,0,39,0,0,6,0,6,0,22,23,0,45,18,0,18,63
06/05/2014,ERI,PA,AEA,CE,Combined TRACON& Tower with Radar,0,19,17,0,36,0,0,14,2,16,0,19,31,2,52,22,0,22,74
06/06/2014,ERI,PA,AEA,CE,Combined TRACON& Tower with Radar,0,17,11,0,28,0,1,36,0,37,0,18,47,0,65,53,0,53,118
06/07/2014,ERI,PA,AEA,CE,Combined TRACON& Tower with Radar,0,13,6,0,19,0,0,32,0,32,0,13,38,0,51,68,0,68,119
06/08/2014,ERI,PA,AEA,CE,Combined TRACON& Tower with Radar,0,18,11,0,29,0,0,9,0,9,0,18,20,0,38,21,0,21,59
06/09/2014,ERI,PA,AEA,CE,Combined TRACON& Tower with Radar,0,21,24,0,45,0,0,23,0,23,0,21,47,0,68,26,0,26,94
06/10/2014,ERI,PA,AEA,CE,Combined TRACON& Tower with Radar,0,16,17,2,35,0,0,14,2,16,0,16,31,4,51,25,12,37,88
06/11/2014,ERI,PA,AEA,CE,Combined TRACON& Tower with Radar,0,24,11,0,35,0,0,0,0,0,0,24,11,0,35,20,0,20,55
06/12/2014,ERI,PA,AEA,CE,Combined TRACON& Tower with Radar,0,14,7,2,23,0,0,0,0,0,0,14,7,2,23,0,8,8,31
06/13/2014,ERI,PA,AEA,CE,Combined TRACON& Tower with Radar,0,13,18,0,31,0,0,7,0,7,0,13,25,0,38,14,0,14,52
06/14/2014,ERI,PA,AEA,CE,Combined TRACON& Tower with Radar,0,12,10,0,22,0,0,36,0,36,0,12,46,0,58,49,0,49,107
06/15/2014,ERI,PA,AEA,CE,Combined TRACON& Tower with Radar,0,15,5,0,20,0,0,33,0,33,0,15,38,0,53,22,0,22,75
06/16/2014,ERI,PA,AEA,CE,Combined TRACON& Tower with Radar,0,23,4,0,27,0,0,10,0,10,0,23,14,0,37,2,0,2,39
06/17/2014,ERI,PA,AEA,CE,Combined TRACON& Tower with Radar,0,23,11,0,34,0,0,9,1,10,0,23,20,1,44,20,0,20,64
06/18/2014,ERI,PA,AEA,CE,Combined TRACON& Tower with Radar,0,12,12,0,24,0,0,2,0,2,0,12,14,0,26,2,0,2,28
06/19/2014,ERI,PA,AEA,CE,Combined TRACON& Tower with Radar,0,15,20,0,35,0,0,9,0,9,0,15,29,0,44,4,0,4,48
06/20/2014,ERI,PA,AEA,CE,Combined TRACON& Tower with Radar,0,16,20,0,36,0,0,21,2,23,0,16,41,2,59,16,0,16,75
06/21/2014,ERI,PA,AEA,CE,Combined TRACON& Tower with Radar,0,13,9,0,22,0,0,33,0,33,0,13,42,0,55,55,0,55,110
06/22/2014,ERI,PA,AEA,CE,Combined TRACON& Tower with Radar,0,17,8,0,25,0,0,30,0,30,0,17,38,0,55,36,0,36,91
06/23/2014,ERI,PA,AEA,CE,Combined TRACON& Tower with Radar,0,14,5,0,19,0,0,17,1,18,0,14,22,1,37,2,0,2,39
06/24/2014,ERI,PA,AEA,CE,Combined TRACON& Tower with Radar,0,21,13,0,34,0,0,7,1,8,0,21,20,1,42,6,0,6,48
06/25/2014,ERI,PA,AEA,CE,Combined TRACON& Tower with Radar,0,18,13,0,31,0,0,0,0,0,0,18,13,0,31,0,0,0,31
06/26/2014,ERI,PA,AEA,CE,Combined TRACON& Tower with Radar,0,21,14,0,35,0,0,4,0,4,0,21,18,0,39,20,0,20,59
06/27/2014,ERI,PA,AEA,CE,Combined TRACON& Tower with Radar,0,17,5,0,22,0,0,33,0,33,0,17,38,0,55,43,0,43,98
06/28/2014,ERI,PA,AEA,CE,Combined TRACON& Tower with Radar,0,15,11,0,26,0,0,22,0,22,0,15,33,0,48,82,0,82,130
06/29/2014,ERI,PA,AEA,CE,Combined TRACON& Tower with Radar,0,14,8,0,22,0,0,5,0,5,0,14,13,0,27,8,0,8,35
06/30/2014,ERI,PA,AEA,CE,Combined TRACON& Tower with Radar,0,18,7,0,25,0,0,13,0,13,0,18,20,0,38,38,0,38,76
07/01/2014,ERI,PA,AEA,CE,Combined TRACON& Tower with Radar,0,17,4,0,21,0,0,18,0,18,0,17,22,0,39,16,0,16,55
07/02/2014,ERI,PA,AEA,CE,Combined TRACON& Tower with Radar,0,19,11,0,30,0,0,17,0,17,0,19,28,0,47,25,0,25,72
07/03/2014,ERI,PA,AEA,CE,Combined TRACON& Tower with Radar,0,19,13,2,34,0,0,12,2,14,0,19,25,4,48,16,0,16,64
07/04/2014,ERI,PA,AEA,CE,Combined TRACON& Tower with Radar,0,12,17,0,29,0,0,23,0,23,0,12,40,0,52,19,0,19,71
07/05/2014,ERI,PA,AEA,CE,Combined TRACON& Tower with Radar,0,15,3,0,18,0,0,35,0,35,0,15,38,0,53,63,0,63,116
07/06/2014,ERI,PA,AEA,CE,Combined TRACON& Tower with Radar,0,17,8,0,25,0,0,22,2,24,0,17,30,2,49,17,0,17,66
07/07/2014,ERI,PA,AEA,CE,Combined TRACON& Tower with Radar,0,17,14,0,31,0,0,3,0,3,0,17,17,0,34,1,0,1,35
07/08/2014,ERI,PA,AEA,CE,Combined TRACON& Tower with Radar,0,18,6,6,30,0,0,6,0,6,0,18,12,6,36,4,12,16,52
07/09/2014,ERI,PA,AEA,CE,Combined TRACON& Tower with Radar,0,18,17,0,35,0,0,12,0,12,0,18,29,0,47,23,0,23,70
07/10/2014,ERI,PA,AEA,CE,Combined TRACON& Tower with Radar,0,24,12,6,42,0,0,31,0,31,0,24,43,6,73,40,4,44,117
07/11/2014,ERI,PA,AEA,CE,Combined TRACON& Tower with Radar,0,20,12,4,36,0,0,53,0,53,0,20,65,4,89,82,0,82,171
07/12/2014,ERI,PA,AEA,CE,Combined TRACON& Tower with Radar,0,15,11,0,26,0,0,23,0,23,0,15,34,0,49,38,0,38,87
07/13/2014,ERI,PA,AEA,CE,Combined TRACON& Tower with Radar,0,10,10,0,20,0,0,3,0,3,0,10,13,0,23,4,0,4,27
07/14/2014,ERI,PA,AEA,CE,Combined TRACON& Tower with Radar,0,17,10,0,27,0,0,12,0,12,0,17,22,0,39,33,0,33,72
07/15/2014,ERI,PA,AEA,CE,Combined TRACON& Tower with Radar,0,19,20,4,43,0,0,10,2,12,0,19,30,6,55,13,4,17,72
07/16/2014,ERI,PA,AEA,CE,Combined TRACON& Tower with Radar,0,18,23,0,41,0,0,6,0,6,0,18,29,0,47,19,0,19,66
07/17/2014,ERI,PA,AEA,CE,Combined TRACON& Tower with Radar,0,21,22,5,48,0,0,28,1,29,0,21,50,6,77,53,4,57,134
07/18/2014,ERI,PA,AEA,CE,Combined TRACON& Tower with Radar,0,17,18,0,35,0,0,26,0,26,0,17,44,0,61,91,0,91,152
07/19/2014,ERI,PA,AEA,CE,Combined TRACON& Tower with Radar,0,15,21,0,36,0,0,2,0,2,0,15,23,0,38,0,0,0,38
07/20/2014,ERI,PA,AEA,CE,Combined TRACON& Tower with Radar,0,14,16,0,30,0,0,18,0,18,0,14,34,0,48,103,0,103,151
07/21/2014,ERI,PA,AEA,CE,Combined TRACON& Tower with Radar,0,28,10,0,38,0,0,32,0,32,0,28,42,0,70,73,0,73,143
07/22/2014,ERI,PA,AEA,CE,Combined TRACON& Tower with Radar,0,15,14,4,33,0,0,29,6,35,0,15,43,10,68,84,2,86,154
07/23/2014,ERI,PA,AEA,CE,Combined TRACON& Tower with Radar,0,18,12,1,31,0,0,0,3,3,0,18,12,4,34,4,0,4,38
07/24/2014,ERI,PA,AEA,CE,Combined TRACON& Tower with Radar,0,24,18,0,42,0,0,27,0,27,0,24,45,0,69,14,0,14,83
07/25/2014,ERI,PA,AEA,CE,Combined TRACON& Tower with Radar,0,26,23,0,49,0,0,42,7,49,0,26,65,7,98,56,0,56,154
07/26/2014,ERI,PA,AEA,CE,Combined TRACON& Tower with Radar,0,15,14,0,29,0,0,32,0,32,0,15,46,0,61,57,0,57,118
07/27/2014,ERI,PA,AEA,CE,Combined TRACON& Tower with Radar,0,16,12,0,28,0,1,12,0,13,0,17,24,0,41,27,0,27,68
07/28/2014,ERI,PA,AEA,CE,Combined TRACON& Tower with Radar,0,18,17,0,35,0,0,3,0,3,0,18,20,0,38,2,0,2,40
07/29/2014,ERI,PA,AEA,CE,Combined TRACON& Tower with Radar,0,17,21,0,38,0,0,17,2,19,0,17,38,2,57,8,0,8,65
07/30/2014,ERI,PA,AEA,CE,Combined TRACON& Tower with Radar,0,17,17,0,34,0,0,9,2,11,0,17,26,2,45,58,0,58,103
07/31/2014,ERI,PA,AEA,CE,Combined TRACON& Tower with Radar,0,17,18,0,35,0,0,10,0,10,0,17,28,0,45,13,0,13,58
08/01/2014,ERI,PA,AEA,CE,Combined TRACON& Tower with Radar,0,19,15,0,34,0,0,29,0,29,0,19,44,0,63,33,0,33,96
08/02/2014,ERI,PA,AEA,CE,Combined TRACON& Tower with Radar,0,14,5,0,19,0,0,2,0,2,0,14,7,0,21,4,0,4,25
08/03/2014,ERI,PA,AEA,CE,Combined TRACON& Tower with Radar,0,14,28,8,50,0,0,23,0,23,0,14,51,8,73,84,8,92,165
08/04/2014,ERI,PA,AEA,CE,Combined TRACON& Tower with Radar,0,19,15,0,34,0,0,31,0,31,0,19,46,0,65,30,0,30,95
08/05/2014,ERI,PA,AEA,CE,Combined TRACON& Tower with Radar,0,17,8,0,25,0,0,11,0,11,0,17,19,0,36,12,0,12,48
08/06/2014,ERI,PA,AEA,CE,Combined TRACON& Tower with Radar,0,19,11,0,30,0,0,16,0,16,0,19,27,0,46,31,0,31,77
08/07/2014,ERI,PA,AEA,CE,Combined TRACON& Tower with Radar,0,18,22,0,40,0,0,31,2,33,0,18,53,2,73,52,0,52,125
08/08/2014,ERI,PA,AEA,CE,Combined TRACON& Tower with Radar,0,20,14,0,34,0,1,34,0,35,0,21,48,0,69,36,0,36,105
08/09/2014,ERI,PA,AEA,CE,Combined TRACON& Tower with Radar,0,15,9,0,24,0,0,25,2,27,0,15,34,2,51,30,0,30,81
08/10/2014,ERI,PA,AEA,CE,Combined TRACON& Tower with Radar,2,21,11,0,34,0,1,22,0,23,2,22,33,0,57,49,0,49,106
08/11/2014,ERI,PA,AEA,CE,Combined TRACON& Tower with Radar,0,19,10,0,29,0,0,2,0,2,0,19,12,0,31,3,0,3,34
08/12/2014,ERI,PA,AEA,CE,Combined TRACON& Tower with Radar,0,15,12,0,27,0,0,0,0,0,0,15,12,0,27,0,0,0,27
08/13/2014,ERI,PA,AEA,CE,Combined TRACON& Tower with Radar,0,17,5,0,22,0,0,4,2,6,0,17,9,2,28,0,0,0,28
08/14/2014,ERI,PA,AEA,CE,Combined TRACON& Tower with Radar,0,20,10,0,30,0,0,7,0,7,0,20,17,0,37,2,0,2,39
08/15/2014,ERI,PA,AEA,CE,Combined TRACON& Tower with Radar,0,18,15,0,33,0,0,21,2,23,0,18,36,2,56,13,4,17,73
08/16/2014,ERI,PA,AEA,CE,Combined TRACON& Tower with Radar,0,13,12,0,25,0,0,23,0,23,0,13,35,0,48,29,4,33,81
08/17/2014,ERI,PA,AEA,CE,Combined TRACON& Tower with Radar,2,15,7,0,24,0,0,31,0,31,2,15,38,0,55,38,0,38,93
08/18/2014,ERI,PA,AEA,CE,Combined TRACON& Tower with Radar,0,14,11,0,25,0,0,26,0,26,0,14,37,0,51,74,0,74,125
08/19/2014,ERI,PA,AEA,CE,Combined TRACON& Tower with Radar,0,21,10,2,33,0,0,37,0,37,0,21,47,2,70,77,0,77,147
08/20/2014,ERI,PA,AEA,CE,Combined TRACON& Tower with Radar,0,17,14,2,33,0,0,2,0,2,0,17,16,2,35,0,0,0,35
08/21/2014,ERI,PA,AEA,CE,Combined TRACON& Tower with Radar,0,21,16,0,37,0,0,12,0,12,0,21,28,0,49,28,0,28,77
08/22/2014,ERI,PA,AEA,CE,Combined TRACON& Tower with Radar,0,23,5,0,28,0,0,0,0,0,0,23,5,0,28,1,0,1,29
08/23/2014,ERI,PA,AEA,CE,Combined TRACON& Tower with Radar,0,11,8,0,19,0,0,3,0,3,0,11,11,0,22,12,0,12,34
08/24/2014,ERI,PA,AEA,CE,Combined TRACON& Tower with Radar,2,13,18,0,33,0,0,24,0,24,2,13,42,0,57,46,0,46,103
08/25/2014,ERI,PA,AEA,CE,Combined TRACON& Tower with Radar,0,16,13,0,29,0,0,19,0,19,0,16,32,0,48,18,0,18,66
08/26/2014,ERI,PA,AEA,CE,Combined TRACON& Tower with Radar,2,18,19,0,39,0,2,15,0,17,2,20,34,0,56,28,0,28,84
08/27/2014,ERI,PA,AEA,CE,Combined TRACON& Tower with Radar,0,18,12,0,30,0,0,17,0,17,0,18,29,0,47,26,0,26,73
08/28/2014,ERI,PA,AEA,CE,Combined TRACON& Tower with Radar,0,19,24,0,43,0,0,24,0,24,0,19,48,0,67,38,0,38,105
08/29/2014,ERI,PA,AEA,CE,Combined TRACON& Tower with Radar,0,16,14,0,30,0,0,30,0,30,0,16,44,0,60,34,0,34,94
08/30/2014,ERI,PA,AEA,CE,Combined TRACON& Tower with Radar,0,11,7,0,18,0,0,6,0,6,0,11,13,0,24,10,0,10,34
08/31/2014,ERI,PA,AEA,CE,Combined TRACON& Tower with Radar,0,12,2,0,14,0,0,0,0,0,0,12,2,0,14,0,0,0,14
09/01/2014,ERI,PA,AEA,CE,Combined TRACON& Tower with Radar,0,19,10,0,29,0,0,2,0,2,0,19,12,0,31,14,0,14,45
09/02/2014,ERI,PA,AEA,CE,Combined TRACON& Tower with Radar,0,21,10,0,31,0,0,0,0,0,0,21,10,0,31,22,0,22,53
09/03/2014,ERI,PA,AEA,CE,Combined TRACON& Tower with Radar,0,18,11,0,29,0,0,36,0,36,0,18,47,0,65,43,0,43,108
09/04/2014,ERI,PA,AEA,CE,Combined TRACON& Tower with Radar,0,22,16,0,38,0,0,19,0,19,0,22,35,0,57,6,0,6,63
09/05/2014,ERI,PA,AEA,CE,Combined TRACON& Tower with Radar,0,22,15,0,37,0,0,10,0,10,0,22,25,0,47,10,0,10,57
09/06/2014,ERI,PA,AEA,CE,Combined TRACON& Tower with Radar,0,11,13,0,24,0,0,9,0,9,0,11,22,0,33,4,0,4,37
09/07/2014,ERI,PA,AEA,CE,Combined TRACON& Tower with Radar,0,14,16,0,30,0,0,34,0,34,0,14,50,0,64,21,0,21,85
09/08/2014,ERI,PA,AEA,CE,Combined TRACON& Tower with Radar,0,21,22,0,43,0,0,16,0,16,0,21,38,0,59,23,0,23,82
09/09/2014,ERI,PA,AEA,CE,Combined TRACON& Tower with Radar,0,25,7,4,36,0,0,6,0,6,0,25,13,4,42,26,4,30,72
09/10/2014,ERI,PA,AEA,CE,Combined TRACON& Tower with Radar,0,20,11,4,35,0,0,10,2,12,0,20,21,6,47,5,8,13,60
09/11/2014,ERI,PA,AEA,CE,Combined TRACON& Tower with Radar,0,31,20,9,60,0,0,0,1,1,0,31,20,10,61,2,8,10,71
09/12/2014,ERI,PA,AEA,CE,Combined TRACON& Tower with Radar,0,19,12,0,31,0,0,6,0,6,0,19,18,0,37,44,0,44,81
09/13/2014,ERI,PA,AEA,CE,Combined TRACON& Tower with Radar,0,13,2,0,15,0,0,0,0,0,0,13,2,0,15,8,0,8,23
09/14/2014,ERI,PA,AEA,CE,Combined TRACON& Tower with Radar,0,15,12,0,27,0,0,21,0,21,0,15,33,0,48,22,1,23,71
09/15/2014,ERI,PA,AEA,CE,Combined TRACON& Tower with Radar,0,18,8,0,26,0,0,13,0,13,0,18,21,0,39,3,0,3,42
09/16/2014,ERI,PA,AEA,CE,Combined TRACON& Tower with Radar,0,27,29,4,60,0,0,8,1,9,0,27,37,5,69,31,12,43,112
09/17/2014,ERI,PA,AEA,CE,Combined TRACON& Tower with Radar,0,21,9,0,30,0,0,22,0,22,0,21,31,0,52,16,0,16,68
09/18/2014,ERI,PA,AEA,CE,Combined TRACON& Tower with Radar,0,20,14,2,36,0,0,14,0,14,0,20,28,2,50,10,2,12,62
09/19/2014,ERI,PA,AEA,CE,Combined TRACON& Tower with Radar,0,18,16,0,34,0,0,28,0,28,0,18,44,0,62,25,0,25,87
09/20/2014,ERI,PA,AEA,CE,Combined TRACON& Tower with Radar,0,11,8,0,19,0,0,3,0,3,0,11,11,0,22,3,0,3,25
09/21/2014,ERI,PA,AEA,CE,Combined TRACON& Tower with Radar,0,13,6,0,19,0,0,1,0,1,0,13,7,0,20,0,0,0,20
09/22/2014,ERI,PA,AEA,CE,Combined TRACON& Tower with Radar,0,21,16,0,37,0,0,2,0,2,0,21,18,0,39,9,0,9,48
09/23/2014,ERI,PA,AEA,CE,Combined TRACON& Tower with Radar,0,24,8,0,32,0,0,14,0,14,0,24,22,0,46,31,0,31,77
09/24/2014,ERI,PA,AEA,CE,Combined TRACON& Tower with Radar,0,20,20,2,42,0,0,26,0,26,0,20,46,2,68,14,0,14,82
09/25/2014,ERI,PA,AEA,CE,Combined TRACON& Tower with Radar,0,19,7,0,26,0,0,25,0,25,0,19,32,0,51,26,0,26,77
09/26/2014,ERI,PA,AEA,CE,Combined TRACON& Tower with Radar,0,15,12,0,27,0,0,31,0,31,0,15,43,0,58,58,0,58,116
09/27/2014,ERI,PA,AEA,CE,Combined TRACON& Tower with Radar,0,13,11,10,34,0,0,29,1,30,0,13,40,11,64,48,12,60,124
09/28/2014,ERI,PA,AEA,CE,Combined TRACON& Tower with Radar,0,17,7,0,24,0,0,42,0,42,0,17,49,0,66,51,0,51,117
09/29/2014,ERI,PA,AEA,CE,Combined TRACON& Tower with Radar,0,17,9,0,26,0,0,18,0,18,0,17,27,0,44,14,0,14,58
09/30/2014,ERI,PA,AEA,CE,Combined TRACON& Tower with Radar,0,19,12,0,31,0,0,0,0,0,0,19,12,0,31,2,0,2,33
10/01/2014,ERI,PA,AEA,CE,Combined TRACON& Tower with Radar,0,25,19,0,44,0,0,10,0,10,0,25,29,0,54,3,0,3,57
10/02/2014,ERI,PA,AEA,CE,Combined TRACON& Tower with Radar,0,25,12,6,43,0,0,12,0,12,0,25,24,6,55,7,6,13,68
10/03/2014,ERI,PA,AEA,CE,Combined TRACON& Tower with Radar,0,19,9,0,28,0,0,2,0,2,0,19,11,0,30,0,0,0,30
10/04/2014,ERI,PA,AEA,CE,Combined TRACON& Tower with Radar,0,12,6,0,18,0,1,1,0,2,0,13,7,0,20,4,0,4,24
10/05/2014,ERI,PA,AEA,CE,Combined TRACON& Tower with Radar,0,16,2,0,18,0,0,0,0,0,0,16,2,0,18,4,0,4,22
10/06/2014,ERI,PA,AEA,CE,Combined TRACON& Tower with Radar,0,18,10,0,28,0,0,0,0,0,0,18,10,0,28,2,0,2,30
10/07/2014,ERI,PA,AEA,CE,Combined TRACON& Tower with Radar,0,20,15,0,35,0,0,1,0,1,0,20,16,0,36,4,0,4,40
10/08/2014,ERI,PA,AEA,CE,Combined TRACON& Tower with Radar,0,17,11,0,28,0,1,7,0,8,0,18,18,0,36,2,0,2,38
10/09/2014,ERI,PA,AEA,CE,Combined TRACON& Tower with Radar,0,16,9,0,25,0,0,19,0,19,0,16,28,0,44,0,0,0,44
10/10/2014,ERI,PA,AEA,CE,Combined TRACON& Tower with Radar,0,21,23,2,46,0,0,9,0,9,0,21,32,2,55,32,4,36,91
10/11/2014,ERI,PA,AEA,CE,Combined TRACON& Tower with Radar,0,11,12,0,23,0,0,49,0,49,0,11,61,0,72,29,0,29,101
10/12/2014,ERI,PA,AEA,CE,Combined TRACON& Tower with Radar,0,19,6,0,25,0,0,31,0,31,0,19,37,0,56,36,0,36,92
10/13/2014,ERI,PA,AEA,CE,Combined TRACON& Tower with Radar,0,17,15,0,32,0,0,0,0,0,0,17,15,0,32,2,0,2,34
10/14/2014,ERI,PA,AEA,CE,Combined TRACON& Tower with Radar,0,21,5,2,28,0,0,0,0,0,0,21,5,2,28,3,12,15,43
10/15/2014,ERI,PA,AEA,CE,Combined TRACON& Tower with Radar,0,17,15,0,32,0,0,4,0,4,0,17,19,0,36,0,0,0,36
10/16/2014,ERI,PA,AEA,CE,Combined TRACON& Tower with Radar,0,21,7,0,28,0,0,0,0,0,0,21,7,0,28,0,0,0,28
10/17/2014,ERI,PA,AEA,CE,Combined TRACON& Tower with Radar,0,22,23,0,45,0,0,3,0,3,0,22,26,0,48,4,0,4,52
10/18/2014,ERI,PA,AEA,CE,Combined TRACON& Tower with Radar,0,13,5,0,18,0,0,0,0,0,0,13,5,0,18,0,0,0,18
10/19/2014,ERI,PA,AEA,CE,Combined TRACON& Tower with Radar,0,13,9,0,22,0,0,18,2,20,0,13,27,2,42,30,0,30,72
10/20/2014,ERI,PA,AEA,CE,Combined TRACON& Tower with Radar,0,20,8,0,28,0,0,7,0,7,0,20,15,0,35,2,0,2,37
10/21/2014,ERI,PA,AEA,CE,Combined TRACON& Tower with Radar,0,18,8,5,31,0,0,1,1,2,0,18,9,6,33,2,0,2,35
10/22/2014,ERI,PA,AEA,CE,Combined TRACON& Tower with Radar,0,19,15,0,34,0,0,9,0,9,0,19,24,0,43,4,0,4,47
10/23/2014,ERI,PA,AEA,CE,Combined TRACON& Tower with Radar,0,20,16,0,36,0,0,16,0,16,0,20,32,0,52,32,0,32,84
10/24/2014,ERI,PA,AEA,CE,Combined TRACON& Tower with Radar,0,18,12,0,30,0,0,13,0,13,0,18,25,0,43,26,0,26,69
10/25/2014,ERI,PA,AEA,CE,Combined TRACON& Tower with Radar,0,13,4,0,17,0,0,15,0,15,0,13,19,0,32,0,0,0,32
10/26/2014,ERI,PA,AEA,CE,Combined TRACON& Tower with Radar,0,13,7,0,20,0,0,10,0,10,0,13,17,0,30,26,2,28,58
10/27/2014,ERI,PA,AEA,CE,Combined TRACON& Tower with Radar,0,12,16,10,38,0,0,11,0,11,0,12,27,10,49,17,18,35,84
10/28/2014,ERI,PA,AEA,CE,Combined TRACON& Tower with Radar,0,16,20,0,36,0,0,0,0,0,0,16,20,0,36,8,0,8,44
10/29/2014,ERI,PA,AEA,CE,Combined TRACON& Tower with Radar,0,15,10,0,25,0,0,1,1,2,0,15,11,1,27,1,0,1,28
10/30/2014,ERI,PA,AEA,CE,Combined TRACON& Tower with Radar,0,15,17,1,33,0,0,10,0,10,0,15,27,1,43,22,0,22,65
10/31/2014,ERI,PA,AEA,CE,Combined TRACON& Tower with Radar,0,17,13,0,30,0,0,2,0,2,0,17,15,0,32,10,0,10,42
11/01/2014,ERI,PA,AEA,CE,Combined TRACON& Tower with Radar,0,13,3,0,16,0,0,0,0,0,0,13,3,0,16,0,0,0,16
11/02/2014,ERI,PA,AEA,CE,Combined TRACON& Tower with Radar,0,15,12,0,27,0,0,12,0,12,0,15,24,0,39,15,0,15,54
11/03/2014,ERI,PA,AEA,CE,Combined TRACON& Tower with Radar,0,17,9,0,26,0,0,21,0,21,0,17,30,0,47,7,0,7,54
11/04/2014,ERI,PA,AEA,CE,Combined TRACON& Tower with Radar,0,17,17,4,38,0,0,5,0,5,0,17,22,4,43,3,4,7,50
11/05/2014,ERI,PA,AEA,CE,Combined TRACON& Tower with Radar,0,15,10,1,26,0,0,3,1,4,0,15,13,2,30,0,0,0,30
11/06/2014,ERI,PA,AEA,CE,Combined TRACON& Tower with Radar,0,11,19,0,30,0,0,0,0,0,0,11,19,0,30,13,0,13,43
11/07/2014,ERI,PA,AEA,CE,Combined TRACON& Tower with Radar,0,14,15,0,29,0,0,4,0,4,0,14,19,0,33,1,0,1,34
11/08/2014,ERI,PA,AEA,CE,Combined TRACON& Tower with Radar,0,11,1,0,12,0,0,1,0,1,0,11,2,0,13,0,0,0,13
11/09/2014,ERI,PA,AEA,CE,Combined TRACON& Tower with Radar,0,17,11,0,28,0,0,10,0,10,0,17,21,0,38,9,0,9,47
11/10/2014,ERI,PA,AEA,CE,Combined TRACON& Tower with Radar,0,14,6,0,20,0,0,20,0,20,0,14,26,0,40,15,0,15,55
11/11/2014,ERI,PA,AEA,CE,Combined TRACON& Tower with Radar,0,20,10,0,30,0,0,1,2,3,0,20,11,2,33,0,0,0,33
11/12/2014,ERI,PA,AEA,CE,Combined TRACON& Tower with Radar,0,17,14,0,31,0,0,0,0,0,0,17,14,0,31,0,0,0,31
11/13/2014,ERI,PA,AEA,CE,Combined TRACON& Tower with Radar,0,12,8,0,20,0,0,0,0,0,0,12,8,0,20,0,0,0,20
11/14/2014,ERI,PA,AEA,CE,Combined TRACON& Tower with Radar,0,20,13,0,33,0,0,0,0,0,0,20,13,0,33,0,0,0,33
11/15/2014,ERI,PA,AEA,CE,Combined TRACON& Tower with Radar,0,16,6,1,23,0,0,8,2,10,0,16,14,3,33,0,0,0,33
11/16/2014,ERI,PA,AEA,CE,Combined TRACON& Tower with Radar,0,17,16,0,33,0,0,15,0,15,0,17,31,0,48,0,0,0,48
11/17/2014,ERI,PA,AEA,CE,Combined TRACON& Tower with Radar,0,13,7,0,20,0,0,0,0,0,0,13,7,0,20,1,0,1,21
11/18/2014,ERI,PA,AEA,CE,Combined TRACON& Tower with Radar,0,12,1,0,13,0,0,0,0,0,0,12,1,0,13,1,0,1,14
11/19/2014,ERI,PA,AEA,CE,Combined TRACON& Tower with Radar,0,18,3,0,21,0,0,0,0,0,0,18,3,0,21,0,0,0,21
11/20/2014,ERI,PA,AEA,CE,Combined TRACON& Tower with Radar,0,15,7,0,22,0,0,0,0,0,0,15,7,0,22,0,0,0,22
11/21/2014,ERI,PA,AEA,CE,Combined TRACON& Tower with Radar,0,16,12,0,28,0,0,2,0,2,0,16,14,0,30,0,0,0,30
11/22/2014,ERI,PA,AEA,CE,Combined TRACON& Tower with Radar,2,12,3,0,17,0,0,1,0,1,2,12,4,0,18,0,0,0,18
11/23/2014,ERI,PA,AEA,CE,Combined TRACON& Tower with Radar,0,13,4,0,17,0,0,4,0,4,0,13,8,0,21,4,0,4,25
11/24/2014,ERI,PA,AEA,CE,Combined TRACON& Tower with Radar,0,12,3,0,15,0,0,0,0,0,0,12,3,0,15,2,0,2,17
11/25/2014,ERI,PA,AEA,CE,Combined TRACON& Tower with Radar,0,16,12,0,28,0,0,2,0,2,0,16,14,0,30,0,0,0,30
11/26/2014,ERI,PA,AEA,CE,Combined TRACON& Tower with Radar,0,14,9,0,23,0,0,0,0,0,0,14,9,0,23,16,0,16,39
11/27/2014,ERI,PA,AEA,CE,Combined TRACON& Tower with Radar,0,8,1,0,9,0,0,0,0,0,0,8,1,0,9,0,0,0,9
11/28/2014,ERI,PA,AEA,CE,Combined TRACON& Tower with Radar,0,9,4,0,13,0,0,0,0,0,0,9,4,0,13,1,0,1,14
11/29/2014,ERI,PA,AEA,CE,Combined TRACON& Tower with Radar,0,16,8,0,24,0,0,4,0,4,0,16,12,0,28,5,0,5,33
11/30/2014,ERI,PA,AEA,CE,Combined TRACON& Tower with Radar,0,14,8,0,22,0,0,0,0,0,0,14,8,0,22,1,0,1,23
12/01/2014,ERI,PA,AEA,CE,Combined TRACON& Tower with Radar,0,13,7,0,20,0,0,4,0,4,0,13,11,0,24,0,0,0,24
12/02/2014,ERI,PA,AEA,CE,Combined TRACON& Tower with Radar,0,17,22,0,39,0,0,5,0,5,0,17,27,0,44,11,0,11,55
12/03/2014,ERI,PA,AEA,CE,Combined TRACON& Tower with Radar,0,16,33,0,49,0,0,2,0,2,0,16,35,0,51,5,0,5,56
12/04/2014,ERI,PA,AEA,CE,Combined TRACON& Tower with Radar,0,18,22,0,40,0,0,9,0,9,0,18,31,0,49,16,0,16,65
12/05/2014,ERI,PA,AEA,CE,Combined TRACON& Tower with Radar,0,18,8,0,26,0,0,4,0,4,0,18,12,0,30,32,0,32,62
12/06/2014,ERI,PA,AEA,CE,Combined TRACON& Tower with Radar,0,10,1,0,11,0,0,0,0,0,0,10,1,0,11,0,0,0,11
12/07/2014,ERI,PA,AEA,CE,Combined TRACON& Tower with Radar,0,13,12,0,25,0,0,32,0,32,0,13,44,0,57,19,0,19,76
12/08/2014,ERI,PA,AEA,CE,Combined TRACON& Tower with Radar,0,18,11,0,29,0,1,0,0,1,0,19,11,0,30,5,0,5,35
12/09/2014,ERI,PA,AEA,CE,Combined TRACON& Tower with Radar,0,19,9,0,28,0,0,2,0,2,0,19,11,0,30,12,0,12,42
12/10/2014,ERI,PA,AEA,CE,Combined TRACON& Tower with Radar,0,27,15,2,44,0,0,0,0,0,0,27,15,2,44,2,0,2,46
12/11/2014,ERI,PA,AEA,CE,Combined TRACON& Tower with Radar,0,18,6,2,26,0,0,0,0,0,0,18,6,2,26,0,0,0,26
12/12/2014,ERI,PA,AEA,CE,Combined TRACON& Tower with Radar,0,21,20,0,41,0,0,0,0,0,0,21,20,0,41,4,0,4,45
12/13/2014,ERI,PA,AEA,CE,Combined TRACON& Tower with Radar,0,14,8,0,22,0,0,0,0,0,0,14,8,0,22,0,0,0,22
12/14/2014,ERI,PA,AEA,CE,Combined TRACON& Tower with Radar,0,16,5,0,21,0,0,0,0,0,0,16,5,0,21,0,0,0,21
12/15/2014,ERI,PA,AEA,CE,Combined TRACON& Tower with Radar,0,14,19,1,34,0,0,0,0,0,0,14,19,1,34,21,0,21,55
12/16/2014,ERI,PA,AEA,CE,Combined TRACON& Tower with Radar,0,22,15,0,37,0,0,0,0,0,0,22,15,0,37,1,0,1,38
12/17/2014,ERI,PA,AEA,CE,Combined TRACON& Tower with Radar,0,20,13,0,33,0,0,0,0,0,0,20,13,0,33,0,0,0,33
12/18/2014,ERI,PA,AEA,CE,Combined TRACON& Tower with Radar,0,18,17,0,35,0,0,0,0,0,0,18,17,0,35,0,0,0,35
12/19/2014,ERI,PA,AEA,CE,Combined TRACON& Tower with Radar,0,22,7,0,29,0,0,2,0,2,0,22,9,0,31,0,0,0,31
12/20/2014,ERI,PA,AEA,CE,Combined TRACON& Tower with Radar,0,18,15,0,33,0,0,7,2,9,0,18,22,2,42,24,0,24,66
12/21/2014,ERI,PA,AEA,CE,Combined TRACON& Tower with Radar,0,15,9,0,24,0,0,5,0,5,0,15,14,0,29,18,0,18,47
12/22/2014,ERI,PA,AEA,CE,Combined TRACON& Tower with Radar,0,17,12,0,29,0,0,31,0,31,0,17,43,0,60,70,0,70,130
12/23/2014,ERI,PA,AEA,CE,Combined TRACON& Tower with Radar,0,24,3,0,27,0,0,0,0,0,0,24,3,0,27,1,0,1,28
12/24/2014,ERI,PA,AEA,CE,Combined TRACON& Tower with Radar,0,15,7,0,22,0,0,0,0,0,0,15,7,0,22,1,0,1,23
12/25/2014,ERI,PA,AEA,CE,Combined TRACON& Tower with Radar,0,7,2,0,9,0,0,0,0,0,0,7,2,0,9,0,0,0,9
12/26/2014,ERI,PA,AEA,CE,Combined TRACON& Tower with Radar,0,16,12,0,28,0,0,14,0,14,0,16,26,0,42,4,0,4,46
12/27/2014,ERI,PA,AEA,CE,Combined TRACON& Tower with Radar,0,15,4,0,19,0,0,17,0,17,0,15,21,0,36,18,0,18,54
12/28/2014,ERI,PA,AEA,CE,Combined TRACON& Tower with Radar,0,16,3,0,19,0,0,4,0,4,0,16,7,0,23,6,0,6,29
12/29/2014,ERI,PA,AEA,CE,Combined TRACON& Tower with Radar,0,19,9,0,28,0,0,1,0,1,0,19,10,0,29,0,0,0,29
12/30/2014,ERI,PA,AEA,CE,Combined TRACON& Tower with Radar,0,16,3,0,19,0,0,1,0,1,0,16,4,0,20,1,0,1,21
12/31/2014,ERI,PA,AEA,CE,Combined TRACON& Tower with Radar,0,11,2,0,13,0,0,0,0,0,0,11,2,0,13,0,0,0,13
01/01/2015,ERI,PA,AEA,CE,Combined TRACON& Tower with Radar,0,12,3,0,15,0,0,6,0,6,0,12,9,0,21,0,0,0,21
01/02/2015,ERI,PA,AEA,CE,Combined TRACON& Tower with Radar,0,18,2,0,20,0,0,2,0,2,0,18,4,0,22,2,0,2,24
01/03/2015,ERI,PA,AEA,CE,Combined TRACON& Tower with Radar,0,17,3,0,20,0,0,0,0,0,0,17,3,0,20,0,0,0,20
01/04/2015,ERI,PA,AEA,CE,Combined TRACON& Tower with Radar,0,14,7,0,21,0,0,0,0,0,0,14,7,0,21,0,0,0,21
01/05/2015,ERI,PA,AEA,CE,Combined TRACON& Tower with Radar,0,17,4,0,21,0,0,0,0,0,0,17,4,0,21,0,0,0,21
01/06/2015,ERI,PA,AEA,CE,Combined TRACON& Tower with Radar,0,15,3,0,18,0,0,0,0,0,0,15,3,0,18,0,0,0,18
01/07/2015,ERI,PA,AEA,CE,Combined TRACON& Tower with Radar,0,15,3,0,18,0,0,0,0,0,0,15,3,0,18,1,0,1,19
01/08/2015,ERI,PA,AEA,CE,Combined TRACON& Tower with Radar,0,22,13,0,35,0,1,4,0,5,0,23,17,0,40,0,0,0,40
01/09/2015,ERI,PA,AEA,CE,Combined TRACON& Tower with Radar,0,16,3,0,19,0,0,0,0,0,0,16,3,0,19,2,0,2,21
01/10/2015,ERI,PA,AEA,CE,Combined TRACON& Tower with Radar,0,11,3,0,14,0,0,2,0,2,0,11,5,0,16,2,0,2,18
01/11/2015,ERI,PA,AEA,CE,Combined TRACON& Tower with Radar,0,12,7,0,19,0,0,2,0,2,0,12,9,0,21,1,0,1,22
01/12/2015,ERI,PA,AEA,CE,Combined TRACON& Tower with Radar,2,7,3,0,12,0,0,0,0,0,2,7,3,0,12,0,0,0,12
01/13/2015,ERI,PA,AEA,CE,Combined TRACON& Tower with Radar,0,19,7,0,26,0,1,2,2,5,0,20,9,2,31,2,0,2,33
01/14/2015,ERI,PA,AEA,CE,Combined TRACON& Tower with Radar,0,15,13,1,29,0,0,3,0,3,0,15,16,1,32,14,0,14,46
01/15/2015,ERI,PA,AEA,CE,Combined TRACON& Tower with Radar,0,19,12,16,47,0,0,10,0,10,0,19,22,16,57,11,20,31,88
01/16/2015,ERI,PA,AEA,CE,Combined TRACON& Tower with Radar,0,20,9,0,29,0,0,0,0,0,0,20,9,0,29,0,0,0,29
01/17/2015,ERI,PA,AEA,CE,Combined TRACON& Tower with Radar,0,9,5,0,14,0,0,0,0,0,0,9,5,0,14,0,0,0,14
01/18/2015,ERI,PA,AEA,CE,Combined TRACON& Tower with Radar,0,16,4,0,20,0,0,0,0,0,0,16,4,0,20,0,0,0,20
01/19/2015,ERI,PA,AEA,CE,Combined TRACON& Tower with Radar,0,17,8,0,25,0,0,1,0,1,0,17,9,0,26,0,0,0,26
01/20/2015,ERI,PA,AEA,CE,Combined TRACON& Tower with Radar,0,15,6,0,21,0,0,0,0,0,0,15,6,0,21,0,0,0,21
01/21/2015,ERI,PA,AEA,CE,Combined TRACON& Tower with Radar,0,20,7,0,27,0,0,0,0,0,0,20,7,0,27,0,0,0,27
01/22/2015,ERI,PA,AEA,CE,Combined TRACON& Tower with Radar,0,16,9,0,25,0,0,3,0,3,0,16,12,0,28,6,0,6,34
01/23/2015,ERI,PA,AEA,CE,Combined TRACON& Tower with Radar,0,15,13,0,28,0,0,11,0,11,0,15,24,0,39,6,0,6,45
01/24/2015,ERI,PA,AEA,CE,Combined TRACON& Tower with Radar,0,6,1,0,7,0,0,0,0,0,0,6,1,0,7,0,0,0,7
01/25/2015,ERI,PA,AEA,CE,Combined TRACON& Tower with Radar,0,17,5,0,22,0,0,1,0,1,0,17,6,0,23,0,0,0,23
01/26/2015,ERI,PA,AEA,CE,Combined TRACON& Tower with Radar,0,18,8,0,26,0,0,0,0,0,0,18,8,0,26,0,0,0,26
01/27/2015,ERI,PA,AEA,CE,Combined TRACON& Tower with Radar,0,19,8,0,27,0,0,0,0,0,0,19,8,0,27,1,0,1,28
01/28/2015,ERI,PA,AEA,CE,Combined TRACON& Tower with Radar,0,19,15,0,34,0,0,7,0,7,0,19,22,0,41,26,0,26,67
01/29/2015,ERI,PA,AEA,CE,Combined TRACON& Tower with Radar,0,17,9,0,26,0,0,0,0,0,0,17,9,0,26,0,0,0,26
01/30/2015,ERI,PA,AEA,CE,Combined TRACON& Tower with Radar,0,16,7,0,23,0,0,1,0,1,0,16,8,0,24,0,0,0,24
01/31/2015,ERI,PA,AEA,CE,Combined TRACON& Tower with Radar,0,7,5,0,12,0,0,2,0,2,0,7,7,0,14,2,0,2,16
02/01/2015,ERI,PA,AEA,CE,Combined TRACON& Tower with Radar,0,2,4,0,6,0,0,0,0,0,0,2,4,0,6,0,0,0,6
02/02/2015,ERI,PA,AEA,CE,Combined TRACON& Tower with Radar,0,10,7,0,17,0,0,0,0,0,0,10,7,0,17,0,0,0,17
02/03/2015,ERI,PA,AEA,CE,Combined TRACON& Tower with Radar,0,17,7,0,24,0,0,2,0,2,0,17,9,0,26,0,0,0,26
02/04/2015,ERI,PA,AEA,CE,Combined TRACON& Tower with Radar,0,15,9,0,24,0,0,0,0,0,0,15,9,0,24,0,0,0,24
02/05/2015,ERI,PA,AEA,CE,Combined TRACON& Tower with Radar,0,15,7,2,24,0,0,3,0,3,0,15,10,2,27,2,0,2,29
02/06/2015,ERI,PA,AEA,CE,Combined TRACON& Tower with Radar,0,17,15,0,32,0,1,0,0,1,0,18,15,0,33,0,0,0,33
02/07/2015,ERI,PA,AEA,CE,Combined TRACON& Tower with Radar,0,7,7,0,14,0,0,0,0,0,0,7,7,0,14,0,0,0,14
02/08/2015,ERI,PA,AEA,CE,Combined TRACON& Tower with Radar,0,12,5,0,17,0,0,0,0,0,0,12,5,0,17,4,0,4,21
02/09/2015,ERI,PA,AEA,CE,Combined TRACON& Tower with Radar,0,12,7,0,19,0,0,0,0,0,0,12,7,0,19,0,0,0,19
02/10/2015,ERI,PA,AEA,CE,Combined TRACON& Tower with Radar,0,21,12,0,33,0,0,0,0,0,0,21,12,0,33,0,0,0,33
02/11/2015,ERI,PA,AEA,CE,Combined TRACON& Tower with Radar,0,17,8,0,25,0,0,0,0,0,0,17,8,0,25,3,0,3,28
02/12/2015,ERI,PA,AEA,CE,Combined TRACON& Tower with Radar,0,17,6,0,23,0,0,2,0,2,0,17,8,0,25,0,0,0,25
02/13/2015,ERI,PA,AEA,CE,Combined TRACON& Tower with Radar,0,18,15,0,33,0,3,2,0,5,0,21,17,0,38,12,0,12,50
02/14/2015,ERI,PA,AEA,CE,Combined TRACON& Tower with Radar,0,4,1,0,5,0,0,0,0,0,0,4,1,0,5,0,0,0,5
02/15/2015,ERI,PA,AEA,CE,Combined TRACON& Tower with Radar,0,16,4,0,20,0,0,0,0,0,0,16,4,0,20,0,0,0,20
02/16/2015,ERI,PA,AEA,CE,Combined TRACON& Tower with Radar,0,14,11,0,25,0,0,2,0,2,0,14,13,0,27,0,0,0,27
02/17/2015,ERI,PA,AEA,CE,Combined TRACON& Tower with Radar,0,23,15,0,38,0,2,5,0,7,0,25,20,0,45,20,0,20,65
02/18/2015,ERI,PA,AEA,CE,Combined TRACON& Tower with Radar,0,22,9,0,31,0,0,0,0,0,0,22,9,0,31,1,0,1,32
02/19/2015,ERI,PA,AEA,CE,Combined TRACON& Tower with Radar,0,21,10,0,31,0,3,1,2,6,0,24,11,2,37,0,0,0,37
02/20/2015,ERI,PA,AEA,CE,Combined TRACON& Tower with Radar,0,16,9,0,25,0,0,14,0,14,0,16,23,0,39,16,0,16,55
02/21/2015,ERI,PA,AEA,CE,Combined TRACON& Tower with Radar,0,7,5,0,12,0,0,0,0,0,0,7,5,0,12,0,0,0,12
02/22/2015,ERI,PA,AEA,CE,Combined TRACON& Tower with Radar,0,12,4,0,16,0,0,0,1,1,0,12,4,1,17,0,0,0,17
02/23/2015,ERI,PA,AEA,CE,Combined TRACON& Tower with Radar,0,22,15,0,37,0,0,5,0,5,0,22,20,0,42,4,0,4,46
02/24/2015,ERI,PA,AEA,CE,Combined TRACON& Tower with Radar,0,14,9,0,23,0,0,6,0,6,0,14,15,0,29,2,0,2,31
02/25/2015,ERI,PA,AEA,CE,Combined TRACON& Tower with Radar,0,19,12,0,31,0,0,1,0,1,0,19,13,0,32,2,0,2,34
02/26/2015,ERI,PA,AEA,CE,Combined TRACON& Tower with Radar,0,17,16,2,35,0,0,0,0,0,0,17,16,2,35,4,0,4,39
02/27/2015,ERI,PA,AEA,CE,Combined TRACON& Tower with Radar,0,17,8,0,25,0,0,5,0,5,0,17,13,0,30,5,0,5,35
02/28/2015,ERI,PA,AEA,CE,Combined TRACON& Tower with Radar,0,8,7,0,15,0,0,13,1,14,0,8,20,1,29,11,0,11,40
03/01/2015,ERI,PA,AEA,CE,Combined TRACON& Tower with Radar,0,12,0,0,12,0,0,0,0,0,0,12,0,0,12,0,0,0,12
03/02/2015,ERI,PA,AEA,CE,Combined TRACON& Tower with Radar,0,14,7,0,21,0,0,1,0,1,0,14,8,0,22,2,0,2,24
03/03/2015,ERI,PA,AEA,CE,Combined TRACON& Tower with Radar,0,14,1,0,15,0,0,0,0,0,0,14,1,0,15,0,0,0,15
03/04/2015,ERI,PA,AEA,CE,Combined TRACON& Tower with Radar,0,11,12,0,23,0,0,0,0,0,0,11,12,0,23,2,0,2,25
03/05/2015,ERI,PA,AEA,CE,Combined TRACON& Tower with Radar,0,13,16,0,29,0,1,6,0,7,0,14,22,0,36,10,0,10,46
03/06/2015,ERI,PA,AEA,CE,Combined TRACON& Tower with Radar,0,15,13,0,28,0,0,7,0,7,0,15,20,0,35,16,0,16,51
03/07/2015,ERI,PA,AEA,CE,Combined TRACON& Tower with Radar,2,13,7,0,22,0,0,0,0,0,2,13,7,0,22,0,0,0,22
03/08/2015,ERI,PA,AEA,CE,Combined TRACON& Tower with Radar,0,14,6,0,20,0,0,6,0,6,0,14,12,0,26,2,0,2,28
03/09/2015,ERI,PA,AEA,CE,Combined TRACON& Tower with Radar,0,14,10,0,24,0,0,5,0,5,0,14,15,0,29,69,0,69,98
03/10/2015,ERI,PA,AEA,CE,Combined TRACON& Tower with Radar,0,17,14,0,31,0,0,1,0,1,0,17,15,0,32,4,0,4,36
03/11/2015,ERI,PA,AEA,CE,Combined TRACON& Tower with Radar,0,17,12,0,29,0,0,6,0,6,0,17,18,0,35,16,0,16,51
03/12/2015,ERI,PA,AEA,CE,Combined TRACON& Tower with Radar,0,17,19,0,36,0,0,6,0,6,0,17,25,0,42,2,0,2,44
03/13/2015,ERI,PA,AEA,CE,Combined TRACON& Tower with Radar,0,19,10,0,29,0,0,0,4,4,0,19,10,4,33,2,0,2,35
03/14/2015,ERI,PA,AEA,CE,Combined TRACON& Tower with Radar,2,9,5,0,16,0,0,0,0,0,2,9,5,0,16,1,0,1,17
03/15/2015,ERI,PA,AEA,CE,Combined TRACON& Tower with Radar,0,14,4,0,18,0,0,0,0,0,0,14,4,0,18,0,0,0,18
03/16/2015,ERI,PA,AEA,CE,Combined TRACON& Tower with Radar,0,15,11,0,26,0,0,10,0,10,0,15,21,0,36,23,0,23,59
03/17/2015,ERI,PA,AEA,CE,Combined TRACON& Tower with Radar,0,16,6,0,22,0,0,2,0,2,0,16,8,0,24,0,0,0,24
03/18/2015,ERI,PA,AEA,CE,Combined TRACON& Tower with Radar,0,14,3,2,19,0,0,6,0,6,0,14,9,2,25,20,0,20,45
03/19/2015,ERI,PA,AEA,CE,Combined TRACON& Tower with Radar,0,20,9,0,29,0,0,9,0,9,0,20,18,0,38,32,0,32,70
03/20/2015,ERI,PA,AEA,CE,Combined TRACON& Tower with Radar,0,17,9,0,26,0,0,3,0,3,0,17,12,0,29,32,0,32,61
03/21/2015,ERI,PA,AEA,CE,Combined TRACON& Tower with Radar,2,9,2,0,13,0,0,3,0,3,2,9,5,0,16,0,0,0,16
03/22/2015,ERI,PA,AEA,CE,Combined TRACON& Tower with Radar,0,14,10,0,24,0,0,13,0,13,0,14,23,0,37,16,0,16,53
03/23/2015,ERI,PA,AEA,CE,Combined TRACON& Tower with Radar,0,14,6,0,20,0,1,6,0,7,0,15,12,0,27,28,0,28,55
03/24/2015,ERI,PA,AEA,CE,Combined TRACON& Tower with Radar,0,23,11,0,34,0,0,10,0,10,0,23,21,0,44,24,0,24,68
03/25/2015,ERI,PA,AEA,CE,Combined TRACON& Tower with Radar,0,22,12,2,36,0,0,0,0,0,0,22,12,2,36,0,2,2,38
03/26/2015,ERI,PA,AEA,CE,Combined TRACON& Tower with Radar,0,18,5,0,23,0,0,0,0,0,0,18,5,0,23,3,0,3,26
03/27/2015,ERI,PA,AEA,CE,Combined TRACON& Tower with Radar,0,15,8,0,23,0,0,0,0,0,0,15,8,0,23,0,0,0,23
03/28/2015,ERI,PA,AEA,CE,Combined TRACON& Tower with Radar,2,14,1,0,17,0,0,5,0,5,2,14,6,0,22,4,0,4,26
03/29/2015,ERI,PA,AEA,CE,Combined TRACON& Tower with Radar,0,12,9,0,21,0,0,2,0,2,0,12,11,0,23,9,0,9,32
03/30/2015,ERI,PA,AEA,CE,Combined TRACON& Tower with Radar,0,20,7,0,27,0,0,0,0,0,0,20,7,0,27,0,0,0,27
03/31/2015,ERI,PA,AEA,CE,Combined TRACON& Tower with Radar,0,18,6,0,24,0,0,0,0,0,0,18,6,0,24,0,0,0,24
04/01/2015,ERI,PA,AEA,CE,Combined TRACON& Tower with Radar,0,16,22,0,38,0,0,10,0,10,0,16,32,0,48,62,0,62,110
04/02/2015,ERI,PA,AEA,CE,Combined TRACON& Tower with Radar,2,16,15,0,33,0,0,0,0,0,2,16,15,0,33,2,0,2,35
04/03/2015,ERI,PA,AEA,CE,Combined TRACON& Tower with Radar,0,15,2,0,17,0,0,0,0,0,0,15,2,0,17,1,0,1,18
04/04/2015,ERI,PA,AEA,CE,Combined TRACON& Tower with Radar,0,7,6,0,13,0,0,0,0,0,0,7,6,0,13,1,0,1,14
04/05/2015,ERI,PA,AEA,CE,Combined TRACON& Tower with Radar,0,12,2,0,14,0,0,3,0,3,0,12,5,0,17,0,0,0,17
04/06/2015,ERI,PA,AEA,CE,Combined TRACON& Tower with Radar,0,17,20,0,37,0,0,10,0,10,0,17,30,0,47,56,0,56,103
04/07/2015,ERI,PA,AEA,CE,Combined TRACON& Tower with Radar,1,15,11,0,27,0,0,0,0,0,1,15,11,0,27,0,0,0,27
04/08/2015,ERI,PA,AEA,CE,Combined TRACON& Tower with Radar,2,17,7,0,26,0,0,0,0,0,2,17,7,0,26,1,0,1,27
04/09/2015,ERI,PA,AEA,CE,Combined TRACON& Tower with Radar,2,11,14,0,27,0,0,0,0,0,2,11,14,0,27,0,0,0,27
04/10/2015,ERI,PA,AEA,CE,Combined TRACON& Tower with Radar,2,19,14,0,35,0,0,0,0,0,2,19,14,0,35,1,0,1,36
04/11/2015,ERI,PA,AEA,CE,Combined TRACON& Tower with Radar,2,9,10,0,21,0,0,7,0,7,2,9,17,0,28,18,0,18,46
04/12/2015,ERI,PA,AEA,CE,Combined TRACON& Tower with Radar,2,16,16,0,34,0,0,22,0,22,2,16,38,0,56,58,0,58,114
04/13/2015,ERI,PA,AEA,CE,Combined TRACON& Tower with Radar,2,21,12,0,35,0,0,1,0,1,2,21,13,0,36,5,0,5,41
04/14/2015,ERI,PA,AEA,CE,Combined TRACON& Tower with Radar,2,15,4,3,24,0,0,12,0,12,2,15,16,3,36,20,4,24,60
04/15/2015,ERI,PA,AEA,CE,Combined TRACON& Tower with Radar,2,19,17,0,38,0,0,10,2,12,2,19,27,2,50,47,0,47,97
04/16/2015,ERI,PA,AEA,CE,Combined TRACON& Tower with Radar,2,15,6,2,25,0,0,2,0,2,2,15,8,2,27,0,0,0,27
04/17/2015,ERI,PA,AEA,CE,Combined TRACON& Tower with Radar,2,17,10,0,29,0,0,15,0,15,2,17,25,0,44,84,0,84,128
04/18/2015,ERI,PA,AEA,CE,Combined TRACON& Tower with Radar,2,9,12,0,23,0,0,34,0,34,2,9,46,0,57,34,0,34,91
04/19/2015,ERI,PA,AEA,CE,Combined TRACON& Tower with Radar,2,13,9,0,24,0,0,1,0,1,2,13,10,0,25,0,0,0,25
04/20/2015,ERI,PA,AEA,CE,Combined TRACON& Tower with Radar,2,13,6,0,21,0,0,0,0,0,2,13,6,0,21,0,0,0,21
04/21/2015,ERI,PA,AEA,CE,Combined TRACON& Tower with Radar,2,20,19,0,41,0,0,3,0,3,2,20,22,0,44,6,0,6,50
04/22/2015,ERI,PA,AEA,CE,Combined TRACON& Tower with Radar,2,15,19,0,36,0,0,1,0,1,2,15,20,0,37,1,0,1,38
04/23/2015,ERI,PA,AEA,CE,Combined TRACON& Tower with Radar,2,19,9,2,32,0,0,4,0,4,2,19,13,2,36,0,0,0,36
04/24/2015,ERI,PA,AEA,CE,Combined TRACON& Tower with Radar,2,19,10,0,31,0,0,27,0,27,2,19,37,0,58,56,0,56,114
04/25/2015,ERI,PA,AEA,CE,Combined TRACON& Tower with Radar,4,11,7,0,22,0,1,20,0,21,4,12,27,0,43,34,0,34,77
04/26/2015,ERI,PA,AEA,CE,Combined TRACON& Tower with Radar,2,12,6,0,20,0,0,53,0,53,2,12,59,0,73,48,0,48,121
04/27/2015,ERI,PA,AEA,CE,Combined TRACON& Tower with Radar,2,14,12,0,28,0,0,0,0,0,2,14,12,0,28,0,0,0,28
04/28/2015,ERI,PA,AEA,CE,Combined TRACON& Tower with Radar,2,21,14,10,47,0,1,21,3,25,2,22,35,13,72,27,10,37,109
04/29/2015,ERI,PA,AEA,CE,Combined TRACON& Tower with Radar,2,17,19,0,38,0,4,24,1,29,2,21,43,1,67,70,2,72,139
04/30/2015,ERI,PA,AEA,CE,Combined TRACON& Tower with Radar,1,20,14,6,41,0,0,2,0,2,1,20,16,6,43,24,0,24,67
05/01/2015,ERI,PA,AEA,CE,Combined TRACON& Tower with Radar,0,18,16,4,38,0,0,18,0,18,0,18,34,4,56,41,0,41,97
05/02/2015,ERI,PA,AEA,CE,Combined TRACON& Tower with Radar,0,11,18,0,29,0,0,41,0,41,0,11,59,0,70,88,0,88,158
05/03/2015,ERI,PA,AEA,CE,Combined TRACON& Tower with Radar,0,11,5,0,16,0,0,19,0,19,0,11,24,0,35,30,0,30,65
05/04/2015,ERI,PA,AEA,CE,Combined TRACON& Tower with Radar,0,13,6,0,19,0,0,5,6,11,0,13,11,6,30,4,0,4,34
05/05/2015,ERI,PA,AEA,CE,Combined TRACON& Tower with Radar,0,17,15,0,32,0,0,1,0,1,0,17,16,0,33,19,0,19,52
05/06/2015,ERI,PA,AEA,CE,Combined TRACON& Tower with Radar,0,13,13,0,26,0,0,8,0,8,0,13,21,0,34,30,0,30,64
05/07/2015,ERI,PA,AEA,CE,Combined TRACON& Tower with Radar,0,16,21,0,37,0,0,21,0,21,0,16,42,0,58,40,0,40,98
05/08/2015,ERI,PA,AEA,CE,Combined TRACON& Tower with Radar,0,16,18,2,36,0,0,21,0,21,0,16,39,2,57,22,0,22,79
05/09/2015,ERI,PA,AEA,CE,Combined TRACON& Tower with Radar,0,19,8,0,27,0,0,8,0,8,0,19,16,0,35,22,0,22,57
05/10/2015,ERI,PA,AEA,CE,Combined TRACON& Tower with Radar,0,14,7,0,21,0,0,7,0,7,0,14,14,0,28,0,0,0,28
05/11/2015,ERI,PA,AEA,CE,Combined TRACON& Tower with Radar,0,21,6,0,27,0,0,14,0,14,0,21,20,0,41,40,0,40,81
05/12/2015,ERI,PA,AEA,CE,Combined TRACON& Tower with Radar,2,19,13,6,40,0,0,3,0,3,2,19,16,6,43,0,4,4,47
05/13/2015,ERI,PA,AEA,CE,Combined TRACON& Tower with Radar,0,18,11,8,37,0,0,3,0,3,0,18,14,8,40,9,8,17,57
05/14/2015,ERI,PA,AEA,CE,Combined TRACON& Tower with Radar,0,25,13,0,38,0,0,32,0,32,0,25,45,0,70,56,0,56,126
05/15/2015,ERI,PA,AEA,CE,Combined TRACON& Tower with Radar,0,23,9,0,32,0,0,5,0,5,0,23,14,0,37,13,0,13,50
05/16/2015,ERI,PA,AEA,CE,Combined TRACON& Tower with Radar,2,13,8,0,23,0,0,1,0,1,2,13,9,0,24,2,0,2,26
05/17/2015,ERI,PA,AEA,CE,Combined TRACON& Tower with Radar,0,12,12,0,24,0,0,1,0,1,0,12,13,0,25,3,0,3,28
05/18/2015,ERI,PA,AEA,CE,Combined TRACON& Tower with Radar,0,18,10,3,31,0,0,4,0,4,0,18,14,3,35,0,4,4,39
05/19/2015,ERI,PA,AEA,CE,Combined TRACON& Tower with Radar,0,21,17,6,44,0,0,12,0,12,0,21,29,6,56,8,6,14,70
05/20/2015,ERI,PA,AEA,CE,Combined TRACON& Tower with Radar,0,25,10,6,41,0,1,8,0,9,0,26,18,6,50,20,0,20,70
05/21/2015,ERI,PA,AEA,CE,Combined TRACON& Tower with Radar,0,23,13,4,40,0,0,21,0,21,0,23,34,4,61,5,4,9,70
05/22/2015,ERI,PA,AEA,CE,Combined TRACON& Tower with Radar,0,17,9,0,26,0,0,15,0,15,0,17,24,0,41,2,0,2,43
05/23/2015,ERI,PA,AEA,CE,Combined TRACON& Tower with Radar,2,8,5,0,15,0,0,35,1,36,2,8,40,1,51,80,0,80,131
05/24/2015,ERI,PA,AEA,CE,Combined TRACON& Tower with Radar,0,13,5,0,18,0,0,19,0,19,0,13,24,0,37,5,0,5,42
05/25/2015,ERI,PA,AEA,CE,Combined TRACON& Tower with Radar,0,16,5,0,21,0,0,6,0,6,0,16,11,0,27,0,0,0,27
05/26/2015,ERI,PA,AEA,CE,Combined TRACON& Tower with Radar,1,16,9,6,32,0,0,11,0,11,1,16,20,6,43,24,16,40,83
05/27/2015,ERI,PA,AEA,CE,Combined TRACON& Tower with Radar,1,15,17,2,35,0,0,3,0,3,1,15,20,2,38,1,6,7,45
05/28/2015,ERI,PA,AEA,CE,Combined TRACON& Tower with Radar,0,23,20,0,43,0,0,30,0,30,0,23,50,0,73,48,0,48,121
05/29/2015,ERI,PA,AEA,CE,Combined TRACON& Tower with Radar,0,26,24,2,52,0,0,13,2,15,0,26,37,4,67,13,14,27,94
05/30/2015,ERI,PA,AEA,CE,Combined TRACON& Tower with Radar,2,11,6,0,19,0,0,36,0,36,2,11,42,0,55,66,0,66,121
05/31/2015,ERI,PA,AEA,CE,Combined TRACON& Tower with Radar,0,13,7,0,20,0,0,0,0,0,0,13,7,0,20,0,0,0,20
06/01/2015,ERI,PA,AEA,CE,Combined TRACON& Tower with Radar,0,19,10,0,29,0,0,0,0,0,0,19,10,0,29,6,0,6,35
06/02/2015,ERI,PA,AEA,CE,Combined TRACON& Tower with Radar,1,20,9,0,30,0,0,12,2,14,1,20,21,2,44,6,0,6,50
06/03/2015,ERI,PA,AEA,CE,Combined TRACON& Tower with Radar,2,17,17,0,36,0,0,23,0,23,2,17,40,0,59,16,0,16,75
06/04/2015,ERI,PA,AEA,CE,Combined TRACON& Tower with Radar,2,19,12,2,35,0,0,13,0,13,2,19,25,2,48,32,10,42,90
06/05/2015,ERI,PA,AEA,CE,Combined TRACON& Tower with Radar,2,22,14,0,38,0,0,9,0,9,2,22,23,0,47,21,0,21,68
06/06/2015,ERI,PA,AEA,CE,Combined TRACON& Tower with Radar,2,14,12,0,28,0,0,19,0,19,2,14,31,0,47,6,0,6,53
06/07/2015,ERI,PA,AEA,CE,Combined TRACON& Tower with Radar,2,12,16,0,30,0,0,16,0,16,2,12,32,0,46,13,0,13,59
06/08/2015,ERI,PA,AEA,CE,Combined TRACON& Tower with Radar,2,14,9,2,27,0,0,4,2,6,2,14,13,4,33,0,0,0,33
06/09/2015,ERI,PA,AEA,CE,Combined TRACON& Tower with Radar,2,16,25,10,53,0,0,2,0,2,2,16,27,10,55,20,6,26,81
06/10/2015,ERI,PA,AEA,CE,Combined TRACON& Tower with Radar,2,25,18,0,45,0,3,12,0,15,2,28,30,0,60,5,0,5,65
06/11/2015,ERI,PA,AEA,CE,Combined TRACON& Tower with Radar,2,16,11,0,29,0,0,20,1,21,2,16,31,1,50,14,0,14,64
06/12/2015,ERI,PA,AEA,CE,Combined TRACON& Tower with Radar,2,13,17,2,34,0,0,7,0,7,2,13,24,2,41,3,0,3,44
06/13/2015,ERI,PA,AEA,CE,Combined TRACON& Tower with Radar,2,9,8,0,19,0,0,2,0,2,2,9,10,0,21,10,0,10,31
06/14/2015,ERI,PA,AEA,CE,Combined TRACON& Tower with Radar,2,19,9,0,30,0,0,2,0,2,2,19,11,0,32,1,0,1,33
06/15/2015,ERI,PA,AEA,CE,Combined TRACON& Tower with Radar,2,17,14,0,33,0,0,4,0,4,2,17,18,0,37,8,0,8,45
06/16/2015,ERI,PA,AEA,CE,Combined TRACON& Tower with Radar,2,11,11,4,28,0,0,21,2,23,2,11,32,6,51,16,10,26,77
06/17/2015,ERI,PA,AEA,CE,Combined TRACON& Tower with Radar,2,22,11,0,35,0,1,26,0,27,2,23,37,0,62,59,0,59,121
06/18/2015,ERI,PA,AEA,CE,Combined TRACON& Tower with Radar,2,16,6,8,32,0,0,0,0,0,2,16,6,8,32,2,4,6,38
06/19/2015,ERI,PA,AEA,CE,Combined TRACON& Tower with Radar,2,18,22,2,44,0,0,10,0,10,2,18,32,2,54,17,0,17,71
06/20/2015,ERI,PA,AEA,CE,Combined TRACON& Tower with Radar,2,13,10,0,25,0,0,14,0,14,2,13,24,0,39,72,0,72,111
06/21/2015,ERI,PA,AEA,CE,Combined TRACON& Tower with Radar,2,14,12,0,28,0,0,2,0,2,2,14,14,0,30,1,0,1,31
06/22/2015,ERI,PA,AEA,CE,Combined TRACON& Tower with Radar,2,17,14,2,35,0,0,26,0,26,2,17,40,2,61,33,0,33,94
06/23/2015,ERI,PA,AEA,CE,Combined TRACON& Tower with Radar,2,14,12,0,28,0,0,11,2,13,2,14,23,2,41,1,0,1,42
06/24/2015,ERI,PA,AEA,CE,Combined TRACON& Tower with Radar,2,15,14,4,35,0,0,38,0,38,2,15,52,4,73,57,4,61,134
06/25/2015,ERI,PA,AEA,CE,Combined TRACON& Tower with Radar,2,19,9,6,36,0,0,11,0,11,2,19,20,6,47,10,0,10,57
06/26/2015,ERI,PA,AEA,CE,Combined TRACON& Tower with Radar,2,19,11,4,36,0,0,6,0,6,2,19,17,4,42,8,4,12,54
06/27/2015,ERI,PA,AEA,CE,Combined TRACON& Tower with Radar,1,11,6,0,18,0,0,0,0,0,1,11,6,0,18,1,0,1,19
06/28/2015,ERI,PA,AEA,CE,Combined TRACON& Tower with Radar,1,14,22,0,37,0,0,0,0,0,1,14,22,0,37,7,0,7,44
06/29/2015,ERI,PA,AEA,CE,Combined TRACON& Tower with Radar,2,13,14,4,33,0,1,43,0,44,2,14,57,4,77,60,22,82,159
06/30/2015,ERI,PA,AEA,CE,Combined TRACON& Tower with Radar,4,16,8,14,42,0,0,4,1,5,4,16,12,15,47,2,30,32,79
07/01/2015,ERI,PA,AEA,CE,Combined TRACON& Tower with Radar,1,16,27,2,46,0,0,15,0,15,1,16,42,2,61,18,0,18,79
07/02/2015,ERI,PA,AEA,CE,Combined TRACON& Tower with Radar,0,19,25,3,47,0,0,23,0,23,0,19,48,3,70,20,0,20,90
07/03/2015,ERI,PA,AEA,CE,Combined TRACON& Tower with Radar,0,14,14,0,28,0,0,53,0,53,0,14,67,0,81,68,0,68,149
07/04/2015,ERI,PA,AEA,CE,Combined TRACON& Tower with Radar,0,12,5,0,17,0,0,16,0,16,0,12,21,0,33,6,0,6,39
07/05/2015,ERI,PA,AEA,CE,Combined TRACON& Tower with Radar,0,15,18,0,33,0,0,46,0,46,0,15,64,0,79,27,0,27,106
07/06/2015,ERI,PA,AEA,CE,Combined TRACON& Tower with Radar,0,14,17,0,31,0,0,8,0,8,0,14,25,0,39,21,0,21,60
07/07/2015,ERI,PA,AEA,CE,Combined TRACON& Tower with Radar,0,14,11,0,25,0,0,0,0,0,0,14,11,0,25,18,0,18,43
07/08/2015,ERI,PA,AEA,CE,Combined TRACON& Tower with Radar,0,19,24,2,45,0,0,3,0,3,0,19,27,2,48,6,0,6,54
07/09/2015,ERI,PA,AEA,CE,Combined TRACON& Tower with Radar,0,21,13,0,34,0,0,0,0,0,0,21,13,0,34,0,0,0,34
07/10/2015,ERI,PA,AEA,CE,Combined TRACON& Tower with Radar,0,22,16,0,38,0,0,17,0,17,0,22,33,0,55,56,0,56,111
07/11/2015,ERI,PA,AEA,CE,Combined TRACON& Tower with Radar,0,13,22,0,35,0,0,50,0,50,0,13,72,0,85,47,0,47,132
07/12/2015,ERI,PA,AEA,CE,Combined TRACON& Tower with Radar,0,16,9,0,25,0,0,23,0,23,0,16,32,0,48,30,0,30,78
07/13/2015,ERI,PA,AEA,CE,Combined TRACON& Tower with Radar,0,16,15,6,37,0,0,20,0,20,0,16,35,6,57,16,14,30,87
07/14/2015,ERI,PA,AEA,CE,Combined TRACON& Tower with Radar,0,21,11,2,34,0,0,2,0,2,0,21,13,2,36,0,2,2,38
07/15/2015,ERI,PA,AEA,CE,Combined TRACON& Tower with Radar,0,15,13,0,28,0,0,14,0,14,0,15,27,0,42,9,0,9,51
07/16/2015,ERI,PA,AEA,CE,Combined TRACON& Tower with Radar,0,21,19,0,40,0,2,40,0,42,0,23,59,0,82,50,0,50,132
07/17/2015,ERI,PA,AEA,CE,Combined TRACON& Tower with Radar,0,15,10,4,29,0,0,13,0,13,0,15,23,4,42,9,16,25,67
07/18/2015,ERI,PA,AEA,CE,Combined TRACON& Tower with Radar,0,8,10,2,20,0,0,21,0,21,0,8,31,2,41,17,0,17,58
07/19/2015,ERI,PA,AEA,CE,Combined TRACON& Tower with Radar,0,12,22,0,34,0,0,23,0,23,0,12,45,0,57,26,0,26,83
07/20/2015,ERI,PA,AEA,CE,Combined TRACON& Tower with Radar,0,20,16,2,38,0,0,34,0,34,0,20,50,2,72,80,0,80,152
07/21/2015,ERI,PA,AEA,CE,Combined TRACON& Tower with Radar,0,18,16,0,34,0,0,27,0,27,0,18,43,0,61,45,0,45,106
07/22/2015,ERI,PA,AEA,CE,Combined TRACON& Tower with Radar,0,23,24,6,53,0,1,27,0,28,0,24,51,6,81,8,14,22,103
07/23/2015,ERI,PA,AEA,CE,Combined TRACON& Tower with Radar,0,18,22,0,40,0,0,49,1,50,0,18,71,1,90,51,0,51,141
07/24/2015,ERI,PA,AEA,CE,Combined TRACON& Tower with Radar,0,20,15,2,37,0,0,23,0,23,0,20,38,2,60,59,2,61,121
07/25/2015,ERI,PA,AEA,CE,Combined TRACON& Tower with Radar,0,15,8,0,23,0,0,41,2,43,0,15,49,2,66,20,0,20,86
07/26/2015,ERI,PA,AEA,CE,Combined TRACON& Tower with Radar,0,15,27,0,42,0,0,25,0,25,0,15,52,0,67,66,0,66,133
07/27/2015,ERI,PA,AEA,CE,Combined TRACON& Tower with Radar,0,25,6,2,33,0,1,31,2,34,0,26,37,4,67,47,0,47,114
07/28/2015,ERI,PA,AEA,CE,Combined TRACON& Tower with Radar,0,16,18,6,40,0,0,22,0,22,0,16,40,6,62,57,0,57,119
07/29/2015,ERI,PA,AEA,CE,Combined TRACON& Tower with Radar,0,17,15,2,34,0,1,19,0,20,0,18,34,2,54,69,0,69,123
07/30/2015,ERI,PA,AEA,CE,Combined TRACON& Tower with Radar,0,22,17,0,39,0,0,14,0,14,0,22,31,0,53,0,0,0,53
07/31/2015,ERI,PA,AEA,CE,Combined TRACON& Tower with Radar,0,17,14,1,32,0,0,15,1,16,0,17,29,2,48,7,2,9,57
08/01/2015,ERI,PA,AEA,CE,Combined TRACON& Tower with Radar,0,15,18,1,34,0,0,26,1,27,0,15,44,2,61,20,0,20,81
08/02/2015,ERI,PA,AEA,CE,Combined TRACON& Tower with Radar,0,18,8,0,26,0,0,17,0,17,0,18,25,0,43,5,0,5,48
08/03/2015,ERI,PA,AEA,CE,Combined TRACON& Tower with Radar,0,22,14,0,36,0,0,4,0,4,0,22,18,0,40,24,0,24,64
08/04/2015,ERI,PA,AEA,CE,Combined TRACON& Tower with Radar,0,19,21,2,42,0,0,17,0,17,0,19,38,2,59,33,2,35,94
08/05/2015,ERI,PA,AEA,CE,Combined TRACON& Tower with Radar,0,22,26,2,50,0,0,15,0,15,0,22,41,2,65,25,2,27,92
08/06/2015,ERI,PA,AEA,CE,Combined TRACON& Tower with Radar,0,28,14,6,48,0,2,14,0,16,0,30,28,6,64,26,0,26,90
08/07/2015,ERI,PA,AEA,CE,Combined TRACON& Tower with Radar,0,18,20,0,38,0,0,8,1,9,0,18,28,1,47,37,0,37,84
08/08/2015,ERI,PA,AEA,CE,Combined TRACON& Tower with Radar,0,12,4,0,16,0,0,25,0,25,0,12,29,0,41,43,0,43,84
08/09/2015,ERI,PA,AEA,CE,Combined TRACON& Tower with Radar,0,21,11,0,32,0,0,34,0,34,0,21,45,0,66,74,0,74,140
08/10/2015,ERI,PA,AEA,CE,Combined TRACON& Tower with Radar,0,17,10,0,27,0,0,16,0,16,0,17,26,0,43,2,0,2,45
08/11/2015,ERI,PA,AEA,CE,Combined TRACON& Tower with Radar,0,24,11,2,37,0,0,0,0,0,0,24,11,2,37,1,2,3,40
08/12/2015,ERI,PA,AEA,CE,Combined TRACON& Tower with Radar,0,18,11,0,29,0,0,5,0,5,0,18,16,0,34,7,0,7,41
08/13/2015,ERI,PA,AEA,CE,Combined TRACON& Tower with Radar,0,22,14,0,36,0,4,21,0,25,0,26,35,0,61,22,0,22,83
08/14/2015,ERI,PA,AEA,CE,Combined TRACON& Tower with Radar,0,17,6,0,23,0,0,23,0,23,0,17,29,0,46,59,0,59,105
08/15/2015,ERI,PA,AEA,CE,Combined TRACON& Tower with Radar,0,13,6,0,19,0,0,22,0,22,0,13,28,0,41,64,0,64,105
08/16/2015,ERI,PA,AEA,CE,Combined TRACON& Tower with Radar,0,18,15,1,34,0,0,33,0,33,0,18,48,1,67,82,0,82,149
08/17/2015,ERI,PA,AEA,CE,Combined TRACON& Tower with Radar,0,17,6,2,25,0,0,25,0,25,0,17,31,2,50,65,0,65,115
08/18/2015,ERI,PA,AEA,CE,Combined TRACON& Tower with Radar,0,17,5,0,22,0,0,14,3,17,0,17,19,3,39,19,0,19,58
08/19/2015,ERI,PA,AEA,CE,Combined TRACON& Tower with Radar,0,21,13,0,34,0,0,8,6,14,0,21,21,6,48,4,0,4,52
08/20/2015,ERI,PA,AEA,CE,Combined TRACON& Tower with Radar,0,20,16,6,42,0,0,5,0,5,0,20,21,6,47,16,0,16,63
08/21/2015,ERI,PA,AEA,CE,Combined TRACON& Tower with Radar,0,21,11,0,32,0,0,18,0,18,0,21,29,0,50,24,0,24,74
08/22/2015,ERI,PA,AEA,CE,Combined TRACON& Tower with Radar,0,11,4,0,15,0,0,37,0,37,0,11,41,0,52,46,0,46,98
08/23/2015,ERI,PA,AEA,CE,Combined TRACON& Tower with Radar,0,18,3,0,21,0,0,27,0,27,0,18,30,0,48,48,0,48,96
08/24/2015,ERI,PA,AEA,CE,Combined TRACON& Tower with Radar,0,18,9,1,28,0,0,18,1,19,0,18,27,2,47,20,0,20,67
08/25/2015,ERI,PA,AEA,CE,Combined TRACON& Tower with Radar,0,16,8,0,24,0,0,2,0,2,0,16,10,0,26,21,0,21,47
08/26/2015,ERI,PA,AEA,CE,Combined TRACON& Tower with Radar,0,21,22,0,43,0,0,2,0,2,0,21,24,0,45,4,0,4,49
08/27/2015,ERI,PA,AEA,CE,Combined TRACON& Tower with Radar,0,15,22,0,37,0,0,11,2,13,0,15,33,2,50,58,0,58,108
08/28/2015,ERI,PA,AEA,CE,Combined TRACON& Tower with Radar,0,20,14,0,34,0,0,23,0,23,0,20,37,0,57,51,0,51,108
08/29/2015,ERI,PA,AEA,CE,Combined TRACON& Tower with Radar,0,14,10,0,24,0,0,32,2,34,0,14,42,2,58,20,0,20,78
08/30/2015,ERI,PA,AEA,CE,Combined TRACON& Tower with Radar,0,16,10,0,26,0,0,13,0,13,0,16,23,0,39,18,0,18,57
08/31/2015,ERI,PA,AEA,CE,Combined TRACON& Tower with Radar,0,24,6,0,30,0,0,21,0,21,0,24,27,0,51,38,0,38,89
09/01/2015,ERI,PA,AEA,CE,Combined TRACON& Tower with Radar,0,25,20,0,45,0,0,23,0,23,0,25,43,0,68,48,0,48,116
09/02/2015,ERI,PA,AEA,CE,Combined TRACON& Tower with Radar,0,19,15,0,34,0,1,19,0,20,0,20,34,0,54,2,0,2,56
09/03/2015,ERI,PA,AEA,CE,Combined TRACON& Tower with Radar,0,19,16,0,35,0,0,9,0,9,0,19,25,0,44,9,0,9,53
09/04/2015,ERI,PA,AEA,CE,Combined TRACON& Tower with Radar,0,19,26,0,45,0,0,18,2,20,0,19,44,2,65,18,0,18,83
09/05/2015,ERI,PA,AEA,CE,Combined TRACON& Tower with Radar,0,11,5,0,16,0,0,36,0,36,0,11,41,0,52,24,0,24,76
09/06/2015,ERI,PA,AEA,CE,Combined TRACON& Tower with Radar,0,10,11,0,21,0,0,21,0,21,0,10,32,0,42,60,0,60,102
09/07/2015,ERI,PA,AEA,CE,Combined TRACON& Tower with Radar,0,16,18,0,34,0,0,25,0,25,0,16,43,0,59,22,0,22,81
09/08/2015,ERI,PA,AEA,CE,Combined TRACON& Tower with Radar,0,15,15,0,30,0,1,19,0,20,0,16,34,0,50,22,0,22,72
09/09/2015,ERI,PA,AEA,CE,Combined TRACON& Tower with Radar,0,25,13,0,38,0,0,0,0,0,0,25,13,0,38,0,0,0,38
09/10/2015,ERI,PA,AEA,CE,Combined TRACON& Tower with Radar,0,14,5,7,26,0,0,24,1,25,0,14,29,8,51,39,18,57,108
09/11/2015,ERI,PA,AEA,CE,Combined TRACON& Tower with Radar,0,16,19,2,37,0,0,5,0,5,0,16,24,2,42,15,0,15,57
09/12/2015,ERI,PA,AEA,CE,Combined TRACON& Tower with Radar,0,12,18,0,30,0,0,0,0,0,0,12,18,0,30,0,0,0,30
09/13/2015,ERI,PA,AEA,CE,Combined TRACON& Tower with Radar,0,16,6,0,22,0,0,4,0,4,0,16,10,0,26,6,0,6,32
09/14/2015,ERI,PA,AEA,CE,Combined TRACON& Tower with Radar,0,16,12,0,28,0,0,21,0,21,0,16,33,0,49,14,0,14,63
09/15/2015,ERI,PA,AEA,CE,Combined TRACON& Tower with Radar,0,22,11,6,39,0,2,34,0,36,0,24,45,6,75,28,6,34,109
09/16/2015,ERI,PA,AEA,CE,Combined TRACON& Tower with Radar,0,17,3,0,20,0,0,28,0,28,0,17,31,0,48,24,0,24,72
09/17/2015,ERI,PA,AEA,CE,Combined TRACON& Tower with Radar,0,21,7,4,32,0,0,18,0,18,0,21,25,4,50,44,16,60,110
09/18/2015,ERI,PA,AEA,CE,Combined TRACON& Tower with Radar,0,18,16,0,34,0,1,25,0,26,0,19,41,0,60,2,0,2,62
09/19/2015,ERI,PA,AEA,CE,Combined TRACON& Tower with Radar,0,12,3,0,15,0,0,1,0,1,0,12,4,0,16,0,0,0,16
09/20/2015,ERI,PA,AEA,CE,Combined TRACON& Tower with Radar,0,17,10,0,27,0,0,24,0,24,0,17,34,0,51,27,0,27,78
09/21/2015,ERI,PA,AEA,CE,Combined TRACON& Tower with Radar,0,20,13,0,33,0,0,18,0,18,0,20,31,0,51,26,4,30,81
09/22/2015,ERI,PA,AEA,CE,Combined TRACON& Tower with Radar,0,18,18,4,40,0,0,23,0,23,0,18,41,4,63,2,4,6,69
09/23/2015,ERI,PA,AEA,CE,Combined TRACON& Tower with Radar,0,28,19,0,47,0,1,26,0,27,0,29,45,0,74,47,0,47,121
09/24/2015,ERI,PA,AEA,CE,Combined TRACON& Tower with Radar,0,27,20,0,47,0,2,9,1,12,0,29,29,1,59,2,0,2,61
09/25/2015,ERI,PA,AEA,CE,Combined TRACON& Tower with Radar,0,29,8,2,39,0,0,13,2,15,0,29,21,4,54,22,2,24,78
09/26/2015,ERI,PA,AEA,CE,Combined TRACON& Tower with Radar,0,10,8,0,18,0,0,22,0,22,0,10,30,0,40,9,0,9,49
09/27/2015,ERI,PA,AEA,CE,Combined TRACON& Tower with Radar,0,15,16,0,31,0,2,4,0,6,0,17,20,0,37,0,0,0,37
09/28/2015,ERI,PA,AEA,CE,Combined TRACON& Tower with Radar,0,18,14,0,32,0,0,9,0,9,0,18,23,0,41,2,0,2,43
09/29/2015,ERI,PA,AEA,CE,Combined TRACON& Tower with Radar,0,23,12,0,35,0,0,0,0,0,0,23,12,0,35,0,0,0,35
09/30/2015,ERI,PA,AEA,CE,Combined TRACON& Tower with Radar,0,31,21,0,52,0,0,0,0,0,0,31,21,0,52,1,0,1,53
10/01/2015,ERI,PA,AEA,CE,Combined TRACON& Tower with Radar,0,20,2,4,26,0,0,2,0,2,0,20,4,4,28,0,4,4,32
10/02/2015,ERI,PA,AEA,CE,Combined TRACON& Tower with Radar,0,15,1,0,16,0,0,0,0,0,0,15,1,0,16,0,0,0,16
10/03/2015,ERI,PA,AEA,CE,Combined TRACON& Tower with Radar,0,13,3,0,16,0,0,0,0,0,0,13,3,0,16,0,0,0,16
10/04/2015,ERI,PA,AEA,CE,Combined TRACON& Tower with Radar,0,15,12,0,27,0,0,15,0,15,0,15,27,0,42,12,0,12,54
10/05/2015,ERI,PA,AEA,CE,Combined TRACON& Tower with Radar,0,14,18,2,34,0,0,29,2,31,0,14,47,4,65,38,4,42,107
10/06/2015,ERI,PA,AEA,CE,Combined TRACON& Tower with Radar,0,17,9,12,38,0,0,2,0,2,0,17,11,12,40,39,12,51,91
10/07/2015,ERI,PA,AEA,CE,Combined TRACON& Tower with Radar,0,14,11,0,25,0,0,14,0,14,0,14,25,0,39,8,0,8,47
10/08/2015,ERI,PA,AEA,CE,Combined TRACON& Tower with Radar,0,20,14,8,42,0,2,26,0,28,0,22,40,8,70,31,18,49,119
10/09/2015,ERI,PA,AEA,CE,Combined TRACON& Tower with Radar,0,15,21,0,36,0,0,4,0,4,0,15,25,0,40,8,0,8,48
10/10/2015,ERI,PA,AEA,CE,Combined TRACON& Tower with Radar,0,12,6,0,18,0,0,28,0,28,0,12,34,0,46,59,0,59,105
10/11/2015,ERI,PA,AEA,CE,Combined TRACON& Tower with Radar,0,15,7,0,22,0,0,29,2,31,0,15,36,2,53,22,0,22,75
10/12/2015,ERI,PA,AEA,CE,Combined TRACON& Tower with Radar,0,16,16,0,32,0,0,10,0,10,0,16,26,0,42,14,0,14,56
10/13/2015,ERI,PA,AEA,CE,Combined TRACON& Tower with Radar,0,18,14,0,32,0,0,0,0,0,0,18,14,0,32,2,0,2,34
10/14/2015,ERI,PA,AEA,CE,Combined TRACON& Tower with Radar,0,17,16,0,33,0,0,5,0,5,0,17,21,0,38,37,0,37,75
10/15/2015,ERI,PA,AEA,CE,Combined TRACON& Tower with Radar,0,21,15,0,36,0,0,8,0,8,0,21,23,0,44,4,0,4,48
10/16/2015,ERI,PA,AEA,CE,Combined TRACON& Tower with Radar,0,17,7,4,28,0,0,2,0,2,0,17,9,4,30,15,14,29,59
10/17/2015,ERI,PA,AEA,CE,Combined TRACON& Tower with Radar,0,12,10,0,22,0,0,5,0,5,0,12,15,0,27,24,0,24,51
10/18/2015,ERI,PA,AEA,CE,Combined TRACON& Tower with Radar,0,14,11,0,25,0,0,1,0,1,0,14,12,0,26,1,0,1,27
10/19/2015,ERI,PA,AEA,CE,Combined TRACON& Tower with Radar,0,15,9,0,24,0,0,10,0,10,0,15,19,0,34,2,0,2,36
10/20/2015,ERI,PA,AEA,CE,Combined TRACON& Tower with Radar,0,18,16,6,40,0,0,5,0,5,0,18,21,6,45,10,10,20,65
10/21/2015,ERI,PA,AEA,CE,Combined TRACON& Tower with Radar,0,20,18,0,38,0,0,28,0,28,0,20,46,0,66,44,0,44,110
10/22/2015,ERI,PA,AEA,CE,Combined TRACON& Tower with Radar,0,18,7,4,29,0,0,4,0,4,0,18,11,4,33,38,4,42,75
10/23/2015,ERI,PA,AEA,CE,Combined TRACON& Tower with Radar,0,19,7,0,26,0,0,40,0,40,0,19,47,0,66,57,0,57,123
10/24/2015,ERI,PA,AEA,CE,Combined TRACON& Tower with Radar,0,13,2,0,15,0,0,0,2,2,0,13,2,2,17,0,0,0,17
10/25/2015,ERI,PA,AEA,CE,Combined TRACON& Tower with Radar,0,17,4,1,22,0,0,6,0,6,0,17,10,1,28,10,0,10,38
10/26/2015,ERI,PA,AEA,CE,Combined TRACON& Tower with Radar,0,15,16,1,32,0,0,20,0,20,0,15,36,1,52,32,0,32,84
10/27/2015,ERI,PA,AEA,CE,Combined TRACON& Tower with Radar,0,20,9,12,41,0,0,7,0,7,0,20,16,12,48,23,22,45,93
10/28/2015,ERI,PA,AEA,CE,Combined TRACON& Tower with Radar,0,21,7,0,28,0,0,0,0,0,0,21,7,0,28,0,0,0,28
10/29/2015,ERI,PA,AEA,CE,Combined TRACON& Tower with Radar,0,23,5,0,28,0,0,0,0,0,0,23,5,0,28,0,0,0,28
10/30/2015,ERI,PA,AEA,CE,Combined TRACON& Tower with Radar,0,13,19,0,32,0,0,7,0,7,0,13,26,0,39,27,0,27,66
10/31/2015,ERI,PA,AEA,CE,Combined TRACON& Tower with Radar,0,10,5,0,15,0,0,18,0,18,0,10,23,0,33,18,0,18,51
11/01/2015,ERI,PA,AEA,CE,Combined TRACON& Tower with Radar,0,18,11,0,29,0,0,6,0,6,0,18,17,0,35,18,0,18,53
11/02/2015,ERI,PA,AEA,CE,Combined TRACON& Tower with Radar,0,15,12,0,27,0,0,29,6,35,0,15,41,6,62,13,0,13,75
11/03/2015,ERI,PA,AEA,CE,Combined TRACON& Tower with Radar,0,17,15,0,32,0,0,33,0,33,0,17,48,0,65,44,0,44,109
11/04/2015,ERI,PA,AEA,CE,Combined TRACON& Tower with Radar,0,19,29,0,48,0,4,33,0,37,0,23,62,0,85,18,0,18,103
11/05/2015,ERI,PA,AEA,CE,Combined TRACON& Tower with Radar,0,22,17,6,45,0,0,14,0,14,0,22,31,6,59,29,6,35,94
11/06/2015,ERI,PA,AEA,CE,Combined TRACON& Tower with Radar,0,23,18,0,41,0,0,0,0,0,0,23,18,0,41,0,0,0,41
11/07/2015,ERI,PA,AEA,CE,Combined TRACON& Tower with Radar,0,14,9,0,23,0,1,17,0,18,0,15,26,0,41,20,0,20,61
11/08/2015,ERI,PA,AEA,CE,Combined TRACON& Tower with Radar,0,13,20,0,33,0,0,23,0,23,0,13,43,0,56,60,0,60,116
11/09/2015,ERI,PA,AEA,CE,Combined TRACON& Tower with Radar,0,14,8,0,22,0,0,8,0,8,0,14,16,0,30,10,0,10,40
11/10/2015,ERI,PA,AEA,CE,Combined TRACON& Tower with Radar,0,12,5,0,17,0,0,0,0,0,0,12,5,0,17,0,0,0,17
11/11/2015,ERI,PA,AEA,CE,Combined TRACON& Tower with Radar,0,12,20,2,34,0,0,4,0,4,0,12,24,2,38,38,0,38,76
11/12/2015,ERI,PA,AEA,CE,Combined TRACON& Tower with Radar,0,14,15,0,29,0,0,0,0,0,0,14,15,0,29,4,0,4,33
11/13/2015,ERI,PA,AEA,CE,Combined TRACON& Tower with Radar,0,21,4,0,25,0,0,0,0,0,0,21,4,0,25,2,0,2,27
11/14/2015,ERI,PA,AEA,CE,Combined TRACON& Tower with Radar,0,11,6,0,17,0,0,10,0,10,0,11,16,0,27,0,0,0,27
11/15/2015,ERI,PA,AEA,CE,Combined TRACON& Tower with Radar,0,13,8,0,21,0,0,35,0,35,0,13,43,0,56,6,0,6,62
11/16/2015,ERI,PA,AEA,CE,Combined TRACON& Tower with Radar,0,17,13,0,30,0,0,24,0,24,0,17,37,0,54,66,0,66,120
11/17/2015,ERI,PA,AEA,CE,Combined TRACON& Tower with Radar,0,19,9,2,30,0,1,8,0,9,0,20,17,2,39,6,2,8,47
11/18/2015,ERI,PA,AEA,CE,Combined TRACON& Tower with Radar,0,21,6,0,27,0,3,0,0,3,0,24,6,0,30,0,0,0,30
11/19/2015,ERI,PA,AEA,CE,Combined TRACON& Tower with Radar,0,18,9,0,27,0,0,0,0,0,0,18,9,0,27,6,0,6,33
11/20/2015,ERI,PA,AEA,CE,Combined TRACON& Tower with Radar,0,14,20,0,34,0,0,12,0,12,0,14,32,0,46,6,0,6,52
11/21/2015,ERI,PA,AEA,CE,Combined TRACON& Tower with Radar,0,8,1,2,11,0,0,10,0,10,0,8,11,2,21,0,2,2,23
11/22/2015,ERI,PA,AEA,CE,Combined TRACON& Tower with Radar,0,15,2,0,17,0,0,0,0,0,0,15,2,0,17,0,0,0,17
11/23/2015,ERI,PA,AEA,CE,Combined TRACON& Tower with Radar,0,16,3,0,19,0,0,8,0,8,0,16,11,0,27,12,0,12,39
11/24/2015,ERI,PA,AEA,CE,Combined TRACON& Tower with Radar,0,15,4,0,19,0,0,6,0,6,0,15,10,0,25,6,0,6,31
11/25/2015,ERI,PA,AEA,CE,Combined TRACON& Tower with Radar,0,19,9,6,34,0,1,16,0,17,0,20,25,6,51,29,6,35,86
11/26/2015,ERI,PA,AEA,CE,Combined TRACON& Tower with Radar,0,7,2,0,9,0,0,4,0,4,0,7,6,0,13,3,0,3,16
11/27/2015,ERI,PA,AEA,CE,Combined TRACON& Tower with Radar,0,13,3,0,16,0,0,0,0,0,0,13,3,0,16,0,0,0,16
11/28/2015,ERI,PA,AEA,CE,Combined TRACON& Tower with Radar,0,15,8,0,23,0,0,0,0,0,0,15,8,0,23,1,0,1,24
11/29/2015,ERI,PA,AEA,CE,Combined TRACON& Tower with Radar,0,15,16,0,31,0,0,13,0,13,0,15,29,0,44,32,0,32,76
11/30/2015,ERI,PA,AEA,CE,Combined TRACON& Tower with Radar,0,14,13,0,27,0,0,22,0,22,0,14,35,0,49,51,0,51,100
12/01/2015,ERI,PA,AEA,CE,Combined TRACON& Tower with Radar,0,19,5,0,24,0,0,0,0,0,0,19,5,0,24,0,0,0,24
12/02/2015,ERI,PA,AEA,CE,Combined TRACON& Tower with Radar,0,25,10,0,35,0,0,0,0,0,0,25,10,0,35,32,0,32,67
12/03/2015,ERI,PA,AEA,CE,Combined TRACON& Tower with Radar,0,18,7,2,27,0,0,0,0,0,0,18,7,2,27,0,2,2,29
12/04/2015,ERI,PA,AEA,CE,Combined TRACON& Tower with Radar,0,16,13,0,29,0,0,4,0,4,0,16,17,0,33,63,0,63,96
12/05/2015,ERI,PA,AEA,CE,Combined TRACON& Tower with Radar,0,13,4,0,17,0,0,10,0,10,0,13,14,0,27,37,0,37,64
12/06/2015,ERI,PA,AEA,CE,Combined TRACON& Tower with Radar,0,14,5,0,19,0,0,22,0,22,0,14,27,0,41,50,0,50,91
12/07/2015,ERI,PA,AEA,CE,Combined TRACON& Tower with Radar,0,15,12,6,33,0,0,2,0,2,0,15,14,6,35,3,10,13,48
12/08/2015,ERI,PA,AEA,CE,Combined TRACON& Tower with Radar,0,25,15,0,40,0,2,11,0,13,0,27,26,0,53,34,0,34,87
12/09/2015,ERI,PA,AEA,CE,Combined TRACON& Tower with Radar,0,25,11,0,36,0,0,7,0,7,0,25,18,0,43,1,0,1,44
12/10/2015,ERI,PA,AEA,CE,Combined TRACON& Tower with Radar,0,20,12,7,39,0,0,6,1,7,0,20,18,8,46,4,20,24,70
12/11/2015,ERI,PA,AEA,CE,Combined TRACON& Tower with Radar,0,20,15,0,35,0,0,10,0,10,0,20,25,0,45,15,0,15,60
12/12/2015,ERI,PA,AEA,CE,Combined TRACON& Tower with Radar,0,9,13,0,22,0,0,0,2,2,0,9,13,2,24,61,0,61,85
12/13/2015,ERI,PA,AEA,CE,Combined TRACON& Tower with Radar,0,17,10,0,27,0,0,11,0,11,0,17,21,0,38,24,0,24,62
12/14/2015,ERI,PA,AEA,CE,Combined TRACON& Tower with Radar,0,16,7,0,23,0,0,2,0,2,0,16,9,0,25,1,0,1,26
12/15/2015,ERI,PA,AEA,CE,Combined TRACON& Tower with Radar,0,25,7,0,32,0,0,0,0,0,0,25,7,0,32,1,0,1,33
12/16/2015,ERI,PA,AEA,CE,Combined TRACON& Tower with Radar,0,26,13,6,45,0,0,7,0,7,0,26,20,6,52,36,2,38,90
12/17/2015,ERI,PA,AEA,CE,Combined TRACON& Tower with Radar,0,20,11,0,31,0,2,4,0,6,0,22,15,0,37,14,0,14,51
12/18/2015,ERI,PA,AEA,CE,Combined TRACON& Tower with Radar,0,21,16,0,37,0,0,9,0,9,0,21,25,0,46,37,0,37,83
12/19/2015,ERI,PA,AEA,CE,Combined TRACON& Tower with Radar,0,18,12,0,30,0,0,0,0,0,0,18,12,0,30,0,0,0,30
12/20/2015,ERI,PA,AEA,CE,Combined TRACON& Tower with Radar,0,15,15,0,30,0,0,11,2,13,0,15,26,2,43,16,0,16,59
12/21/2015,ERI,PA,AEA,CE,Combined TRACON& Tower with Radar,0,14,8,0,22,0,0,0,2,2,0,14,8,2,24,1,0,1,25
12/22/2015,ERI,PA,AEA,CE,Combined TRACON& Tower with Radar,0,24,11,0,35,0,0,0,0,0,0,24,11,0,35,8,0,8,43
12/23/2015,ERI,PA,AEA,CE,Combined TRACON& Tower with Radar,0,24,14,8,46,0,1,0,0,1,0,25,14,8,47,0,26,26,73
12/24/2015,ERI,PA,AEA,CE,Combined TRACON& Tower with Radar,0,10,6,0,16,0,0,10,0,10,0,10,16,0,26,40,0,40,66
12/25/2015,ERI,PA,AEA,CE,Combined TRACON& Tower with Radar,0,6,1,0,7,0,0,4,0,4,0,6,5,0,11,0,0,0,11
12/26/2015,ERI,PA,AEA,CE,Combined TRACON& Tower with Radar,0,14,19,0,33,0,0,8,0,8,0,14,27,0,41,98,0,98,139
12/27/2015,ERI,PA,AEA,CE,Combined TRACON& Tower with Radar,0,15,4,0,19,0,0,0,0,0,0,15,4,0,19,0,0,0,19
12/28/2015,ERI,PA,AEA,CE,Combined TRACON& Tower with Radar,0,14,3,0,17,0,0,0,0,0,0,14,3,0,17,0,0,0,17
12/29/2015,ERI,PA,AEA,CE,Combined TRACON& Tower with Radar,0,16,4,0,20,0,0,0,0,0,0,16,4,0,20,1,2,3,23
12/30/2015,ERI,PA,AEA,CE,Combined TRACON& Tower with Radar,0,14,10,0,24,0,0,6,0,6,0,14,16,0,30,0,0,0,30
12/31/2015,ERI,PA,AEA,CE,Combined TRACON& Tower with Radar,0,9,2,0,11,0,0,0,0,0,0,9,2,0,11,0,0,0,11
01/01/2016,ERI,PA,AEA,CE,Combined TRACON& Tower with Radar,0,8,0,0,8,0,0,0,0,0,0,8,0,0,8,0,0,0,8
01/02/2016,ERI,PA,AEA,CE,Combined TRACON& Tower with Radar,0,18,2,0,20,0,0,1,0,1,0,18,3,0,21,0,0,0,21
01/03/2016,ERI,PA,AEA,CE,Combined TRACON& Tower with Radar,0,14,3,0,17,0,0,0,0,0,0,14,3,0,17,0,0,0,17
01/04/2016,ERI,PA,AEA,CE,Combined TRACON& Tower with Radar,0,19,3,0,22,0,0,0,0,0,0,19,3,0,22,0,0,0,22
01/05/2016,ERI,PA,AEA,CE,Combined TRACON& Tower with Radar,0,17,17,4,38,0,0,15,0,15,0,17,32,4,53,71,12,83,136
01/06/2016,ERI,PA,AEA,CE,Combined TRACON& Tower with Radar,0,16,6,0,22,0,0,12,0,12,0,16,18,0,34,70,0,70,104
01/07/2016,ERI,PA,AEA,CE,Combined TRACON& Tower with Radar,0,18,9,6,33,0,0,12,0,12,0,18,21,6,45,56,4,60,105
01/08/2016,ERI,PA,AEA,CE,Combined TRACON& Tower with Radar,0,14,10,0,24,0,0,0,0,0,0,14,10,0,24,21,0,21,45
01/09/2016,ERI,PA,AEA,CE,Combined TRACON& Tower with Radar,0,9,2,0,11,0,0,2,0,2,0,9,4,0,13,37,0,37,50
01/10/2016,ERI,PA,AEA,CE,Combined TRACON& Tower with Radar,0,12,3,0,15,0,0,0,0,0,0,12,3,0,15,0,0,0,15
01/11/2016,ERI,PA,AEA,CE,Combined TRACON& Tower with Radar,0,15,8,0,23,0,0,1,0,1,0,15,9,0,24,1,0,1,25
01/12/2016,ERI,PA,AEA,CE,Combined TRACON& Tower with Radar,0,12,7,0,19,0,0,0,0,0,0,12,7,0,19,0,0,0,19
01/13/2016,ERI,PA,AEA,CE,Combined TRACON& Tower with Radar,0,18,4,0,22,0,0,0,0,0,0,18,4,0,22,0,0,0,22
01/14/2016,ERI,PA,AEA,CE,Combined TRACON& Tower with Radar,0,15,14,0,29,0,0,0,0,0,0,15,14,0,29,1,0,1,30
01/15/2016,ERI,PA,AEA,CE,Combined TRACON& Tower with Radar,0,18,5,0,23,0,0,2,0,2,0,18,7,0,25,23,0,23,48
01/16/2016,ERI,PA,AEA,CE,Combined TRACON& Tower with Radar,0,11,2,0,13,0,0,0,0,0,0,11,2,0,13,0,0,0,13
01/17/2016,ERI,PA,AEA,CE,Combined TRACON& Tower with Radar,0,9,0,0,9,0,0,0,0,0,0,9,0,0,9,2,0,2,11
01/18/2016,ERI,PA,AEA,CE,Combined TRACON& Tower with Radar,0,9,4,0,13,0,0,0,0,0,0,9,4,0,13,0,0,0,13
01/19/2016,ERI,PA,AEA,CE,Combined TRACON& Tower with Radar,0,15,7,0,22,0,0,0,0,0,0,15,7,0,22,0,0,0,22
01/20/2016,ERI,PA,AEA,CE,Combined TRACON& Tower with Radar,0,13,10,0,23,0,1,4,0,5,0,14,14,0,28,0,0,0,28
01/21/2016,ERI,PA,AEA,CE,Combined TRACON& Tower with Radar,0,19,2,0,21,0,0,0,0,0,0,19,2,0,21,28,0,28,49
01/22/2016,ERI,PA,AEA,CE,Combined TRACON& Tower with Radar,0,12,4,0,16,0,0,12,0,12,0,12,16,0,28,57,0,57,85
01/23/2016,ERI,PA,AEA,CE,Combined TRACON& Tower with Radar,0,7,2,0,9,0,0,0,0,0,0,7,2,0,9,0,0,0,9
01/24/2016,ERI,PA,AEA,CE,Combined TRACON& Tower with Radar,0,13,4,0,17,0,0,16,0,16,0,13,20,0,33,82,0,82,115
01/25/2016,ERI,PA,AEA,CE,Combined TRACON& Tower with Radar,0,14,11,0,25,0,0,11,0,11,0,14,22,0,36,32,0,32,68
01/26/2016,ERI,PA,AEA,CE,Combined TRACON& Tower with Radar,0,21,5,5,31,0,0,0,0,0,0,21,5,5,31,1,38,39,70
01/27/2016,ERI,PA,AEA,CE,Combined TRACON& Tower with Radar,0,15,2,0,17,0,0,1,0,1,0,15,3,0,18,3,0,3,21
01/28/2016,ERI,PA,AEA,CE,Combined TRACON& Tower with Radar,0,15,9,0,24,0,0,9,0,9,0,15,18,0,33,5,0,5,38
01/29/2016,ERI,PA,AEA,CE,Combined TRACON& Tower with Radar,0,16,4,0,20,0,0,1,0,1,0,16,5,0,21,1,0,1,22
01/30/2016,ERI,PA,AEA,CE,Combined TRACON& Tower with Radar,0,10,2,0,12,0,0,2,0,2,0,10,4,0,14,18,0,18,32
01/31/2016,ERI,PA,AEA,CE,Combined TRACON& Tower with Radar,0,15,5,0,20,0,0,5,0,5,0,15,10,0,25,62,0,62,87
02/01/2016,ERI,PA,AEA,CE,Combined TRACON& Tower with Radar,0,16,5,0,21,0,0,7,0,7,0,16,12,0,28,51,0,51,79
02/02/2016,ERI,PA,AEA,CE,Combined TRACON& Tower with Radar,0,18,8,6,32,0,0,11,0,11,0,18,19,6,43,0,8,8,51
02/03/2016,ERI,PA,AEA,CE,Combined TRACON& Tower with Radar,0,13,3,2,18,0,0,2,0,2,0,13,5,2,20,2,28,30,50
02/04/2016,ERI,PA,AEA,CE,Combined TRACON& Tower with Radar,0,21,6,0,27,0,0,2,0,2,0,21,8,0,29,5,0,5,34
02/05/2016,ERI,PA,AEA,CE,Combined TRACON& Tower with Radar,0,16,10,0,26,0,0,11,0,11,0,16,21,0,37,37,0,37,74
02/06/2016,ERI,PA,AEA,CE,Combined TRACON& Tower with Radar,0,12,10,0,22,0,0,17,0,17,0,12,27,0,39,40,0,40,79
02/07/2016,ERI,PA,AEA,CE,Combined TRACON& Tower with Radar,0,9,3,0,12,0,0,24,0,24,0,9,27,0,36,21,0,21,57
02/08/2016,ERI,PA,AEA,CE,Combined TRACON& Tower with Radar,0,21,0,4,25,0,0,2,0,2,0,21,2,4,27,14,14,28,55
02/09/2016,ERI,PA,AEA,CE,Combined TRACON& Tower with Radar,0,17,7,0,24,0,0,3,0,3,0,17,10,0,27,34,0,34,61
02/10/2016,ERI,PA,AEA,CE,Combined TRACON& Tower with Radar,0,18,0,0,18,0,0,0,0,0,0,18,0,0,18,0,0,0,18
02/11/2016,ERI,PA,AEA,CE,Combined TRACON& Tower with Radar,0,19,2,0,21,0,0,1,0,1,0,19,3,0,22,0,0,0,22
02/12/2016,ERI,PA,AEA,CE,Combined TRACON& Tower with Radar,0,18,6,0,24,0,0,1,0,1,0,18,7,0,25,0,0,0,25
02/13/2016,ERI,PA,AEA,CE,Combined TRACON& Tower with Radar,0,10,4,0,14,0,0,0,0,0,0,10,4,0,14,1,0,1,15
02/14/2016,ERI,PA,AEA,CE,Combined TRACON& Tower with Radar,0,10,7,0,17,0,0,5,0,5,0,10,12,0,22,2,0,2,24
02/15/2016,ERI,PA,AEA,CE,Combined TRACON& Tower with Radar,0,13,6,0,19,0,0,0,0,0,0,13,6,0,19,0,0,0,19
02/16/2016,ERI,PA,AEA,CE,Combined TRACON& Tower with Radar,0,15,1,0,16,0,0,0,0,0,0,15,1,0,16,1,0,1,17
02/17/2016,ERI,PA,AEA,CE,Combined TRACON& Tower with Radar,0,16,6,0,22,0,0,0,0,0,0,16,6,0,22,0,0,0,22
02/18/2016,ERI,PA,AEA,CE,Combined TRACON& Tower with Radar,0,19,6,6,31,0,0,18,0,18,0,19,24,6,49,14,8,22,71
02/19/2016,ERI,PA,AEA,CE,Combined TRACON& Tower with Radar,0,16,5,4,25,0,0,1,0,1,0,16,6,4,26,0,0,0,26
02/20/2016,ERI,PA,AEA,CE,Combined TRACON& Tower with Radar,0,14,8,0,22,0,0,2,0,2,0,14,10,0,24,0,0,0,24
02/21/2016,ERI,PA,AEA,CE,Combined TRACON& Tower with Radar,0,13,3,0,16,0,0,3,0,3,0,13,6,0,19,52,0,52,71
02/22/2016,ERI,PA,AEA,CE,Combined TRACON& Tower with Radar,0,16,5,3,24,0,0,4,1,5,0,16,9,4,29,20,0,20,49
02/23/2016,ERI,PA,AEA,CE,Combined TRACON& Tower with Radar,0,15,5,4,24,0,0,14,0,14,0,15,19,4,38,61,14,75,113
02/24/2016,ERI,PA,AEA,CE,Combined TRACON& Tower with Radar,0,14,5,0,19,0,0,0,0,0,0,14,5,0,19,0,0,0,19
02/25/2016,ERI,PA,AEA,CE,Combined TRACON& Tower with Radar,0,16,4,0,20,0,0,0,0,0,0,16,4,0,20,1,0,1,21
02/26/2016,ERI,PA,AEA,CE,Combined TRACON& Tower with Radar,0,16,15,0,31,0,1,0,0,1,0,17,15,0,32,0,0,0,32
02/27/2016,ERI,PA,AEA,CE,Combined TRACON& Tower with Radar,0,10,8,0,18,0,0,5,0,5,0,10,13,0,23,14,0,14,37
02/28/2016,ERI,PA,AEA,CE,Combined TRACON& Tower with Radar,0,14,9,0,23,0,0,2,0,2,0,14,11,0,25,4,0,4,29
02/29/2016,ERI,PA,AEA,CE,Combined TRACON& Tower with Radar,0,18,3,0,21,0,0,1,0,1,0,18,4,0,22,0,0,0,22
03/01/2016,ERI,PA,AEA,CE,Combined TRACON& Tower with Radar,0,16,14,4,34,0,0,7,0,7,0,16,21,4,41,40,4,44,85
03/02/2016,ERI,PA,AEA,CE,Combined TRACON& Tower with Radar,0,15,5,0,20,0,0,0,0,0,0,15,5,0,20,0,0,0,20
03/03/2016,ERI,PA,AEA,CE,Combined TRACON& Tower with Radar,0,16,9,4,29,0,0,8,0,8,0,16,17,4,37,28,32,60,97
03/04/2016,ERI,PA,AEA,CE,Combined TRACON& Tower with Radar,0,14,1,6,21,0,0,2,0,2,0,14,3,6,23,0,42,42,65
03/05/2016,ERI,PA,AEA,CE,Combined TRACON& Tower with Radar,0,10,1,0,11,0,0,0,0,0,0,10,1,0,11,101,0,101,112
03/06/2016,ERI,PA,AEA,CE,Combined TRACON& Tower with Radar,0,18,10,0,28,0,0,18,0,18,0,18,28,0,46,41,0,41,87
03/07/2016,ERI,PA,AEA,CE,Combined TRACON& Tower with Radar,0,15,8,0,23,0,0,10,0,10,0,15,18,0,33,14,0,14,47
03/08/2016,ERI,PA,AEA,CE,Combined TRACON& Tower with Radar,0,15,16,0,31,0,0,16,0,16,0,15,32,0,47,91,0,91,138
03/09/2016,ERI,PA,AEA,CE,Combined TRACON& Tower with Radar,0,19,13,2,34,0,0,7,0,7,0,19,20,2,41,14,10,24,65
03/10/2016,ERI,PA,AEA,CE,Combined TRACON& Tower with Radar,0,21,21,0,42,0,0,0,0,0,0,21,21,0,42,4,0,4,46
03/11/2016,ERI,PA,AEA,CE,Combined TRACON& Tower with Radar,0,16,14,0,30,0,1,0,0,1,0,17,14,0,31,5,0,5,36
03/12/2016,ERI,PA,AEA,CE,Combined TRACON& Tower with Radar,0,12,7,0,19,0,1,31,0,32,0,13,38,0,51,50,0,50,101
03/13/2016,ERI,PA,AEA,CE,Combined TRACON& Tower with Radar,1,16,6,0,23,0,0,8,0,8,1,16,14,0,31,62,0,62,93
03/14/2016,ERI,PA,AEA,CE,Combined TRACON& Tower with Radar,2,11,10,0,23,0,0,2,0,2,2,11,12,0,25,11,0,11,36
03/15/2016,ERI,PA,AEA,CE,Combined TRACON& Tower with Radar,0,15,13,0,28,0,0,0,0,0,0,15,13,0,28,1,0,1,29
03/16/2016,ERI,PA,AEA,CE,Combined TRACON& Tower with Radar,0,27,15,0,42,0,0,6,0,6,0,27,21,0,48,6,0,6,54
03/17/2016,ERI,PA,AEA,CE,Combined TRACON& Tower with Radar,0,31,9,6,46,0,0,0,0,0,0,31,9,6,46,4,6,10,56
03/18/2016,ERI,PA,AEA,CE,Combined TRACON& Tower with Radar,0,21,7,2,30,0,0,20,0,20,0,21,27,2,50,18,0,18,68
03/19/2016,ERI,PA,AEA,CE,Combined TRACON& Tower with Radar,0,13,8,0,21,0,0,40,0,40,0,13,48,0,61,16,0,16,77
03/20/2016,ERI,PA,AEA,CE,Combined TRACON& Tower with Radar,0,15,3,0,18,0,0,14,0,14,0,15,17,0,32,14,0,14,46
03/21/2016,ERI,PA,AEA,CE,Combined TRACON& Tower with Radar,0,14,5,0,19,0,0,7,0,7,0,14,12,0,26,24,0,24,50
03/22/2016,ERI,PA,AEA,CE,Combined TRACON& Tower with Radar,0,20,5,2,27,0,1,11,4,16,0,21,16,6,43,4,6,10,53
03/23/2016,ERI,PA,AEA,CE,Combined TRACON& Tower with Radar,0,16,5,0,21,0,2,7,0,9,0,18,12,0,30,34,0,34,64
03/24/2016,ERI,PA,AEA,CE,Combined TRACON& Tower with Radar,0,15,5,2,22,0,0,2,0,2,0,15,7,2,24,0,8,8,32
03/25/2016,ERI,PA,AEA,CE,Combined TRACON& Tower with Radar,0,16,2,0,18,0,0,4,0,4,0,16,6,0,22,34,0,34,56
03/26/2016,ERI,PA,AEA,CE,Combined TRACON& Tower with Radar,0,9,7,0,16,0,0,22,0,22,0,9,29,0,38,6,0,6,44
03/27/2016,ERI,PA,AEA,CE,Combined TRACON& Tower with Radar,0,16,3,1,20,0,0,2,0,2,0,16,5,1,22,0,0,0,22
03/28/2016,ERI,PA,AEA,CE,Combined TRACON& Tower with Radar,0,15,5,0,20,0,0,0,0,0,0,15,5,0,20,2,0,2,22
03/29/2016,ERI,PA,AEA,CE,Combined TRACON& Tower with Radar,0,19,23,0,42,0,1,17,1,19,0,20,40,1,61,7,0,7,68
03/30/2016,ERI,PA,AEA,CE,Combined TRACON& Tower with Radar,0,14,17,6,37,0,1,26,2,29,0,15,43,8,66,10,4,14,80
03/31/2016,ERI,PA,AEA,CE,Combined TRACON& Tower with Radar,0,21,3,8,32,0,0,0,0,0,0,21,3,8,32,0,12,12,44
04/01/2016,ERI,PA,AEA,CE,Combined TRACON& Tower with Radar,0,15,20,0,35,0,0,5,0,5,0,15,25,0,40,1,2,3,43
04/02/2016,ERI,PA,AEA,CE,Combined TRACON& Tower with Radar,0,14,0,0,14,0,0,2,0,2,0,14,2,0,16,10,0,10,26
04/03/2016,ERI,PA,AEA,CE,Combined TRACON& Tower with Radar,0,19,6,0,25,0,0,1,0,1,0,19,7,0,26,4,0,4,30
04/04/2016,ERI,PA,AEA,CE,Combined TRACON& Tower with Radar,0,21,2,0,23,0,0,0,0,0,0,21,2,0,23,0,0,0,23
04/05/2016,ERI,PA,AEA,CE,Combined TRACON& Tower with Radar,0,20,9,0,29,0,4,32,0,36,0,24,41,0,65,56,0,56,121
04/06/2016,ERI,PA,AEA,CE,Combined TRACON& Tower with Radar,0,19,9,0,28,0,0,1,0,1,0,19,10,0,29,12,0,12,41
04/07/2016,ERI,PA,AEA,CE,Combined TRACON& Tower with Radar,0,21,5,0,26,0,0,0,0,0,0,21,5,0,26,0,0,0,26
04/08/2016,ERI,PA,AEA,CE,Combined TRACON& Tower with Radar,0,18,16,0,34,0,0,6,0,6,0,18,22,0,40,3,0,3,43
04/09/2016,ERI,PA,AEA,CE,Combined TRACON& Tower with Radar,0,11,3,0,14,0,0,1,0,1,0,11,4,0,15,20,0,20,35
04/10/2016,ERI,PA,AEA,CE,Combined TRACON& Tower with Radar,0,14,11,0,25,0,0,12,0,12,0,14,23,0,37,9,0,9,46
04/11/2016,ERI,PA,AEA,CE,Combined TRACON& Tower with Radar,0,17,13,0,30,0,0,0,0,0,0,17,13,0,30,0,0,0,30
04/12/2016,ERI,PA,AEA,CE,Combined TRACON& Tower with Radar,0,22,1,2,25,0,0,7,0,7,0,22,8,2,32,6,8,14,46
04/13/2016,ERI,PA,AEA,CE,Combined TRACON& Tower with Radar,0,20,16,0,36,0,0,20,0,20,0,20,36,0,56,56,0,56,112
04/14/2016,ERI,PA,AEA,CE,Combined TRACON& Tower with Radar,0,23,9,2,34,0,0,21,1,22,0,23,30,3,56,37,2,39,95
04/15/2016,ERI,PA,AEA,CE,Combined TRACON& Tower with Radar,0,27,8,2,37,0,0,23,0,23,0,27,31,2,60,58,0,58,118
04/16/2016,ERI,PA,AEA,CE,Combined TRACON& Tower with Radar,0,11,7,0,18,0,0,40,0,40,0,11,47,0,58,66,0,66,124
04/17/2016,ERI,PA,AEA,CE,Combined TRACON& Tower with Radar,0,14,11,0,25,0,0,40,0,40,0,14,51,0,65,58,0,58,123
04/18/2016,ERI,PA,AEA,CE,Combined TRACON& Tower with Radar,0,21,13,0,34,0,0,25,1,26,0,21,38,1,60,28,0,28,88
04/19/2016,ERI,PA,AEA,CE,Combined TRACON& Tower with Radar,2,21,21,6,50,0,0,10,0,10,2,21,31,6,60,21,6,27,87
04/20/2016,ERI,PA,AEA,CE,Combined TRACON& Tower with Radar,0,21,19,0,40,0,0,19,0,19,0,21,38,0,59,64,0,64,123
04/21/2016,ERI,PA,AEA,CE,Combined TRACON& Tower with Radar,0,19,10,0,29,0,0,6,0,6,0,19,16,0,35,25,0,25,60
04/22/2016,ERI,PA,AEA,CE,Combined TRACON& Tower with Radar,0,17,9,0,26,0,0,6,0,6,0,17,15,0,32,6,0,6,38
04/23/2016,ERI,PA,AEA,CE,Combined TRACON& Tower with Radar,0,17,5,1,23,0,0,13,1,14,0,17,18,2,37,23,0,23,60
04/24/2016,ERI,PA,AEA,CE,Combined TRACON& Tower with Radar,0,14,16,0,30,0,0,34,0,34,0,14,50,0,64,54,0,54,118
04/25/2016,ERI,PA,AEA,CE,Combined TRACON& Tower with Radar,0,20,1,0,21,0,0,4,0,4,0,20,5,0,25,11,0,11,36
04/26/2016,ERI,PA,AEA,CE,Combined TRACON& Tower with Radar,0,24,12,0,36,0,0,0,0,0,0,24,12,0,36,1,0,1,37
04/27/2016,ERI,PA,AEA,CE,Combined TRACON& Tower with Radar,0,25,15,0,40,0,2,22,2,26,0,27,37,2,66,72,0,72,138
04/28/2016,ERI,PA,AEA,CE,Combined TRACON& Tower with Radar,0,25,12,0,37,0,0,6,0,6,0,25,18,0,43,49,0,49,92
04/29/2016,ERI,PA,AEA,CE,Combined TRACON& Tower with Radar,0,18,18,0,36,0,0,3,0,3,0,18,21,0,39,0,0,0,39
04/30/2016,ERI,PA,AEA,CE,Combined TRACON& Tower with Radar,2,12,12,0,26,0,0,11,0,11,2,12,23,0,37,44,0,44,81
05/01/2016,ERI,PA,AEA,CE,Combined TRACON& Tower with Radar,0,15,1,0,16,0,0,0,0,0,0,15,1,0,16,0,0,0,16
05/02/2016,ERI,PA,AEA,CE,Combined TRACON& Tower with Radar,0,20,9,0,29,0,0,1,0,1,0,20,10,0,30,0,0,0,30
05/03/2016,ERI,PA,AEA,CE,Combined TRACON& Tower with Radar,0,17,6,3,26,0,0,8,1,9,0,17,14,4,35,22,0,22,57
05/04/2016,ERI,PA,AEA,CE,Combined TRACON& Tower with Radar,0,22,14,1,37,0,0,14,0,14,0,22,28,1,51,29,0,29,80
05/05/2016,ERI,PA,AEA,CE,Combined TRACON& Tower with Radar,0,21,13,0,34,0,0,3,0,3,0,21,16,0,37,4,0,4,41
05/06/2016,ERI,PA,AEA,CE,Combined TRACON& Tower with Radar,0,22,21,0,43,0,0,18,3,21,0,22,39,3,64,39,0,39,103
05/07/2016,ERI,PA,AEA,CE,Combined TRACON& Tower with Radar,0,15,5,0,20,0,0,22,0,22,0,15,27,0,42,6,0,6,48
05/08/2016,ERI,PA,AEA,CE,Combined TRACON& Tower with Radar,0,14,13,0,27,0,0,21,1,22,0,14,34,1,49,2,0,2,51
05/09/2016,ERI,PA,AEA,CE,Combined TRACON& Tower with Radar,0,20,6,0,26,0,0,31,2,33,0,20,37,2,59,52,0,52,111
05/10/2016,ERI,PA,AEA,CE,Combined TRACON& Tower with Radar,0,26,17,0,43,0,0,18,0,18,0,26,35,0,61,35,0,35,96
05/11/2016,ERI,PA,AEA,CE,Combined TRACON& Tower with Radar,0,21,8,0,29,0,0,12,0,12,0,21,20,0,41,6,0,6,47
05/12/2016,ERI,PA,AEA,CE,Combined TRACON& Tower with Radar,0,26,13,0,39,0,0,12,0,12,0,26,25,0,51,27,0,27,78
05/13/2016,ERI,PA,AEA,CE,Combined TRACON& Tower with Radar,0,20,9,0,29,0,0,0,0,0,0,20,9,0,29,0,0,0,29
05/14/2016,ERI,PA,AEA,CE,Combined TRACON& Tower with Radar,1,14,6,0,21,0,0,0,0,0,1,14,6,0,21,0,0,0,21
05/15/2016,ERI,PA,AEA,CE,Combined TRACON& Tower with Radar,1,16,10,0,27,0,0,0,0,0,1,16,10,0,27,0,0,0,27
05/16/2016,ERI,PA,AEA,CE,Combined TRACON& Tower with Radar,0,17,14,0,31,0,0,21,1,22,0,17,35,1,53,36,0,36,89
05/17/2016,ERI,PA,AEA,CE,Combined TRACON& Tower with Radar,0,23,9,0,32,0,0,11,0,11,0,23,20,0,43,23,0,23,66
05/18/2016,ERI,PA,AEA,CE,Combined TRACON& Tower with Radar,0,22,15,0,37,0,0,24,0,24,0,22,39,0,61,48,0,48,109
05/19/2016,ERI,PA,AEA,CE,Combined TRACON& Tower with Radar,0,22,21,4,47,0,0,29,2,31,0,22,50,6,78,42,14,56,134
05/20/2016,ERI,PA,AEA,CE,Combined TRACON& Tower with Radar,0,20,8,0,28,0,1,19,0,20,0,21,27,0,48,62,0,62,110
05/21/2016,ERI,PA,AEA,CE,Combined TRACON& Tower with Radar,1,14,15,0,30,0,0,28,0,28,1,14,43,0,58,50,0,50,108
05/22/2016,ERI,PA,AEA,CE,Combined TRACON& Tower with Radar,1,15,19,0,35,0,0,12,0,12,1,15,31,0,47,14,0,14,61
05/23/2016,ERI,PA,AEA,CE,Combined TRACON& Tower with Radar,0,19,11,0,30,0,0,20,0,20,0,19,31,0,50,46,0,46,96
05/24/2016,ERI,PA,AEA,CE,Combined TRACON& Tower with Radar,0,27,0,0,27,0,0,29,3,32,0,27,29,3,59,49,2,51,110
05/25/2016,ERI,PA,AEA,CE,Combined TRACON& Tower with Radar,0,21,13,1,35,0,2,19,2,23,0,23,32,3,58,14,0,14,72
05/26/2016,ERI,PA,AEA,CE,Combined TRACON& Tower with Radar,0,21,9,1,31,0,0,11,0,11,0,21,20,1,42,15,0,15,57
05/27/2016,ERI,PA,AEA,CE,Combined TRACON& Tower with Radar,0,18,14,2,34,0,0,27,0,27,0,18,41,2,61,76,0,76,137
05/28/2016,ERI,PA,AEA,CE,Combined TRACON& Tower with Radar,0,10,2,1,13,0,0,15,0,15,0,10,17,1,28,4,0,4,32
05/29/2016,ERI,PA,AEA,CE,Combined TRACON& Tower with Radar,0,13,13,0,26,0,0,19,0,19,0,13,32,0,45,44,0,44,89
05/30/2016,ERI,PA,AEA,CE,Combined TRACON& Tower with Radar,0,16,9,0,25,0,0,23,0,23,0,16,32,0,48,42,0,42,90
05/31/2016,ERI,PA,AEA,CE,Combined TRACON& Tower with Radar,0,20,4,0,24,0,0,10,0,10,0,20,14,0,34,85,0,85,119
06/01/2016,ERI,PA,AEA,CE,Combined TRACON& Tower with Radar,0,29,14,0,43,0,0,22,0,22,0,29,36,0,65,95,0,95,160
06/02/2016,ERI,PA,AEA,CE,Combined TRACON& Tower with Radar,0,22,19,4,45,0,0,10,0,10,0,22,29,4,55,36,0,36,91
06/03/2016,ERI,PA,AEA,CE,Combined TRACON& Tower with Radar,0,22,24,0,46,0,0,7,3,10,0,22,31,3,56,24,0,24,80
06/04/2016,ERI,PA,AEA,CE,Combined TRACON& Tower with Radar,1,8,10,0,19,0,0,12,0,12,1,8,22,0,31,54,0,54,85
06/05/2016,ERI,PA,AEA,CE,Combined TRACON& Tower with Radar,1,19,4,0,24,0,0,2,0,2,1,19,6,0,26,2,0,2,28
06/06/2016,ERI,PA,AEA,CE,Combined TRACON& Tower with Radar,0,30,12,0,42,0,0,20,1,21,0,30,32,1,63,32,0,32,95
06/07/2016,ERI,PA,AEA,CE,Combined TRACON& Tower with Radar,0,25,7,0,32,0,0,6,0,6,0,25,13,0,38,19,0,19,57
06/08/2016,ERI,PA,AEA,CE,Combined TRACON& Tower with Radar,0,21,7,0,28,0,0,4,0,4,0,21,11,0,32,2,0,2,34
06/09/2016,ERI,PA,AEA,CE,Combined TRACON& Tower with Radar,0,19,19,0,38,0,0,28,0,28,0,19,47,0,66,55,0,55,121
06/10/2016,ERI,PA,AEA,CE,Combined TRACON& Tower with Radar,0,19,19,0,38,0,0,28,0,28,0,19,47,0,66,107,0,107,173
06/11/2016,ERI,PA,AEA,CE,Combined TRACON& Tower with Radar,0,9,5,0,14,0,0,2,0,2,0,9,7,0,16,0,0,0,16
06/12/2016,ERI,PA,AEA,CE,Combined TRACON& Tower with Radar,0,16,8,0,24,0,0,23,2,25,0,16,31,2,49,56,0,56,105
06/13/2016,ERI,PA,AEA,CE,Combined TRACON& Tower with Radar,0,13,7,0,20,0,0,11,0,11,0,13,18,0,31,139,0,139,170
06/14/2016,ERI,PA,AEA,CE,Combined TRACON& Tower with Radar,0,23,11,0,34,0,0,27,0,27,0,23,38,0,61,74,0,74,135
06/15/2016,ERI,PA,AEA,CE,Combined TRACON& Tower with Radar,0,23,13,6,42,0,0,11,0,11,0,23,24,6,53,40,6,46,99
06/16/2016,ERI,PA,AEA,CE,Combined TRACON& Tower with Radar,0,25,9,0,34,0,0,4,0,4,0,25,13,0,38,26,0,26,64
06/17/2016,ERI,PA,AEA,CE,Combined TRACON& Tower with Radar,0,21,15,0,36,0,1,19,0,20,0,22,34,0,56,29,0,29,85
06/18/2016,ERI,PA,AEA,CE,Combined TRACON& Tower with Radar,0,11,9,0,20,0,0,39,0,39,0,11,48,0,59,55,0,55,114
06/19/2016,ERI,PA,AEA,CE,Combined TRACON& Tower with Radar,0,15,14,0,29,0,0,24,1,25,0,15,38,1,54,24,0,24,78
06/20/2016,ERI,PA,AEA,CE,Combined TRACON& Tower with Radar,0,21,5,0,26,0,0,16,0,16,0,21,21,0,42,8,0,8,50
06/21/2016,ERI,PA,AEA,CE,Combined TRACON& Tower with Radar,0,17,6,6,29,0,0,37,2,39,0,17,43,8,68,115,10,125,193
06/22/2016,ERI,PA,AEA,CE,Combined TRACON& Tower with Radar,0,23,11,0,34,0,0,26,0,26,0,23,37,0,60,42,0,42,102
06/23/2016,ERI,PA,AEA,CE,Combined TRACON& Tower with Radar,0,21,17,0,38,0,0,7,0,7,0,21,24,0,45,72,0,72,117
06/24/2016,ERI,PA,AEA,CE,Combined TRACON& Tower with Radar,0,13,12,0,25,0,0,33,0,33,0,13,45,0,58,112,0,112,170
06/25/2016,ERI,PA,AEA,CE,Combined TRACON& Tower with Radar,0,11,10,0,21,0,0,37,0,37,0,11,47,0,58,52,0,52,110
06/26/2016,ERI,PA,AEA,CE,Combined TRACON& Tower with Radar,0,14,20,0,34,0,0,30,1,31,0,14,50,1,65,27,0,27,92
06/27/2016,ERI,PA,AEA,CE,Combined TRACON& Tower with Radar,0,20,8,8,36,0,1,19,0,20,0,21,27,8,56,75,8,83,139
06/28/2016,ERI,PA,AEA,CE,Combined TRACON& Tower with Radar,0,20,21,0,41,0,0,23,0,23,0,20,44,0,64,110,0,110,174
06/29/2016,ERI,PA,AEA,CE,Combined TRACON& Tower with Radar,0,23,22,3,48,0,0,16,3,19,0,23,38,6,67,48,10,58,125
06/30/2016,ERI,PA,AEA,CE,Combined TRACON& Tower with Radar,0,19,23,0,42,0,0,37,0,37,0,19,60,0,79,91,0,91,170
07/01/2016,ERI,PA,AEA,CE,Combined TRACON& Tower with Radar,0,19,14,0,33,0,0,11,0,11,0,19,25,0,44,31,0,31,75
07/02/2016,ERI,PA,AEA,CE,Combined TRACON& Tower with Radar,0,10,7,0,17,0,0,23,0,23,0,10,30,0,40,72,0,72,112
07/03/2016,ERI,PA,AEA,CE,Combined TRACON& Tower with Radar,0,10,11,0,21,0,0,27,0,27,0,10,38,0,48,73,0,73,121
07/04/2016,ERI,PA,AEA,CE,Combined TRACON& Tower with Radar,0,12,10,0,22,0,0,38,0,38,0,12,48,0,60,80,0,80,140
07/05/2016,ERI,PA,AEA,CE,Combined TRACON& Tower with Radar,0,19,12,6,37,0,0,34,0,34,0,19,46,6,71,58,6,64,135
07/06/2016,ERI,PA,AEA,CE,Combined TRACON& Tower with Radar,0,18,12,0,30,0,0,29,0,29,0,18,41,0,59,50,0,50,109
07/07/2016,ERI,PA,AEA,CE,Combined TRACON& Tower with Radar,0,22,12,3,37,0,0,27,0,27,0,22,39,3,64,81,12,93,157
07/08/2016,ERI,PA,AEA,CE,Combined TRACON& Tower with Radar,0,17,11,0,28,0,0,14,0,14,0,17,25,0,42,58,0,58,100
07/09/2016,ERI,PA,AEA,CE,Combined TRACON& Tower with Radar,0,16,12,0,28,0,0,6,0,6,0,16,18,0,34,6,0,6,40
07/10/2016,ERI,PA,AEA,CE,Combined TRACON& Tower with Radar,0,15,15,0,30,0,0,43,0,43,0,15,58,0,73,124,0,124,197
07/11/2016,ERI,PA,AEA,CE,Combined TRACON& Tower with Radar,0,20,16,0,36,0,0,46,0,46,0,20,62,0,82,120,0,120,202
07/12/2016,ERI,PA,AEA,CE,Combined TRACON& Tower with Radar,0,16,7,0,23,0,0,19,0,19,0,16,26,0,42,37,0,37,79
07/13/2016,ERI,PA,AEA,CE,Combined TRACON& Tower with Radar,0,21,9,0,30,0,0,15,0,15,0,21,24,0,45,62,0,62,107
07/14/2016,ERI,PA,AEA,CE,Combined TRACON& Tower with Radar,0,20,17,0,37,0,0,8,0,8,0,20,25,0,45,26,0,26,71
07/15/2016,ERI,PA,AEA,CE,Combined TRACON& Tower with Radar,0,12,14,0,26,0,0,10,0,10,0,12,24,0,36,30,0,30,66
07/16/2016,ERI,PA,AEA,CE,Combined TRACON& Tower with Radar,0,9,9,0,18,0,0,25,0,25,0,9,34,0,43,38,0,38,81
07/17/2016,ERI,PA,AEA,CE,Combined TRACON& Tower with Radar,0,14,11,0,25,0,0,39,0,39,0,14,50,0,64,26,0,26,90
07/18/2016,ERI,PA,AEA,CE,Combined TRACON& Tower with Radar,0,18,15,0,33,0,0,13,2,15,0,18,28,2,48,12,0,12,60
07/19/2016,ERI,PA,AEA,CE,Combined TRACON& Tower with Radar,0,20,13,4,37,0,0,29,0,29,0,20,42,4,66,68,8,76,142
07/20/2016,ERI,PA,AEA,CE,Combined TRACON& Tower with Radar,0,18,12,0,30,0,1,41,0,42,0,19,53,0,72,101,0,101,173
07/21/2016,ERI,PA,AEA,CE,Combined TRACON& Tower with Radar,0,18,15,0,33,0,0,22,0,22,0,18,37,0,55,105,0,105,160
07/22/2016,ERI,PA,AEA,CE,Combined TRACON& Tower with Radar,0,21,4,0,25,0,0,10,0,10,0,21,14,0,35,45,0,45,80
07/23/2016,ERI,PA,AEA,CE,Combined TRACON& Tower with Radar,0,11,12,0,23,0,0,23,0,23,0,11,35,0,46,13,0,13,59
07/24/2016,ERI,PA,AEA,CE,Combined TRACON& Tower with Radar,0,11,9,1,21,0,0,26,1,27,0,11,35,2,48,36,0,36,84
07/25/2016,ERI,PA,AEA,CE,Combined TRACON& Tower with Radar,0,9,12,0,21,0,0,6,0,6,0,9,18,0,27,32,0,32,59
07/26/2016,ERI,PA,AEA,CE,Combined TRACON& Tower with Radar,0,17,15,0,32,0,0,35,3,38,0,17,50,3,70,69,2,71,141
07/27/2016,ERI,PA,AEA,CE,Combined TRACON& Tower with Radar,0,21,23,0,44,0,0,41,0,41,0,21,64,0,85,90,0,90,175
07/28/2016,ERI,PA,AEA,CE,Combined TRACON& Tower with Radar,0,17,22,4,43,0,0,28,0,28,0,17,50,4,71,37,8,45,116
07/29/2016,ERI,PA,AEA,CE,Combined TRACON& Tower with Radar,0,19,25,0,44,0,0,15,0,15,0,19,40,0,59,65,0,65,124
07/30/2016,ERI,PA,AEA,CE,Combined TRACON& Tower with Radar,0,11,9,0,20,0,0,14,0,14,0,11,23,0,34,31,0,31,65
07/31/2016,ERI,PA,AEA,CE,Combined TRACON& Tower with Radar,0,19,20,0,39,0,0,13,0,13,0,19,33,0,52,6,0,6,58
08/01/2016,ERI,PA,AEA,CE,Combined TRACON& Tower with Radar,0,16,10,0,26,0,0,19,2,21,0,16,29,2,47,72,0,72,119
08/02/2016,ERI,PA,AEA,CE,Combined TRACON& Tower with Radar,0,17,12,0,29,0,1,50,0,51,0,18,62,0,80,36,0,36,116
08/03/2016,ERI,PA,AEA,CE,Combined TRACON& Tower with Radar,0,21,24,0,45,0,0,23,0,23,0,21,47,0,68,52,0,52,120
08/04/2016,ERI,PA,AEA,CE,Combined TRACON& Tower with Radar,0,22,12,6,40,0,0,21,0,21,0,22,33,6,61,44,6,50,111
08/05/2016,ERI,PA,AEA,CE,Combined TRACON& Tower with Radar,0,16,15,0,31,0,0,25,0,25,0,16,40,0,56,18,0,18,74
08/06/2016,ERI,PA,AEA,CE,Combined TRACON& Tower with Radar,0,11,15,0,26,0,0,18,0,18,0,11,33,0,44,22,0,22,66
08/07/2016,ERI,PA,AEA,CE,Combined TRACON& Tower with Radar,0,16,15,0,31,0,0,43,2,45,0,16,58,2,76,62,0,62,138
08/08/2016,ERI,PA,AEA,CE,Combined TRACON& Tower with Radar,0,24,24,0,48,0,0,28,0,28,0,24,52,0,76,77,16,93,169
08/09/2016,ERI,PA,AEA,CE,Combined TRACON& Tower with Radar,0,17,7,0,24,0,0,22,0,22,0,17,29,0,46,80,0,80,126
08/10/2016,ERI,PA,AEA,CE,Combined TRACON& Tower with Radar,0,18,7,0,25,0,0,11,0,11,0,18,18,0,36,32,0,32,68
08/11/2016,ERI,PA,AEA,CE,Combined TRACON& Tower with Radar,0,21,7,0,28,0,0,6,1,7,0,21,13,1,35,5,0,5,40
08/12/2016,ERI,PA,AEA,CE,Combined TRACON& Tower with Radar,0,16,31,0,47,0,0,24,2,26,0,16,55,2,73,44,0,44,117
08/13/2016,ERI,PA,AEA,CE,Combined TRACON& Tower with Radar,0,10,4,0,14,0,0,6,0,6,0,10,10,0,20,5,0,5,25
08/14/2016,ERI,PA,AEA,CE,Combined TRACON& Tower with Radar,0,21,4,0,25,0,0,6,0,6,0,21,10,0,31,20,0,20,51
08/15/2016,ERI,PA,AEA,CE,Combined TRACON& Tower with Radar,0,16,8,0,24,0,0,6,0,6,0,16,14,0,30,42,0,42,72
08/16/2016,ERI,PA,AEA,CE,Combined TRACON& Tower with Radar,0,19,5,0,24,0,0,12,0,12,0,19,17,0,36,0,0,0,36
08/17/2016,ERI,PA,AEA,CE,Combined TRACON& Tower with Radar,0,20,5,2,27,0,0,26,0,26,0,20,31,2,53,97,6,103,156
08/18/2016,ERI,PA,AEA,CE,Combined TRACON& Tower with Radar,0,20,12,0,32,0,0,13,0,13,0,20,25,0,45,66,0,66,111
08/19/2016,ERI,PA,AEA,CE,Combined TRACON& Tower with Radar,0,14,19,0,33,0,0,32,0,32,0,14,51,0,65,65,0,65,130
08/20/2016,ERI,PA,AEA,CE,Combined TRACON& Tower with Radar,0,10,13,3,26,0,0,17,1,18,0,10,30,4,44,10,2,12,56
08/21/2016,ERI,PA,AEA,CE,Combined TRACON& Tower with Radar,0,12,5,0,17,0,0,14,2,16,0,12,19,2,33,84,0,84,117
08/22/2016,ERI,PA,AEA,CE,Combined TRACON& Tower with Radar,0,19,13,0,32,0,1,27,0,28,0,20,40,0,60,105,0,105,165
08/23/2016,ERI,PA,AEA,CE,Combined TRACON& Tower with Radar,0,24,15,0,39,0,0,34,0,34,0,24,49,0,73,40,0,40,113
08/24/2016,ERI,PA,AEA,CE,Combined TRACON& Tower with Radar,0,28,11,3,42,0,0,30,2,32,0,28,41,5,74,36,2,38,112
08/25/2016,ERI,PA,AEA,CE,Combined TRACON& Tower with Radar,0,23,18,0,41,0,0,8,2,10,0,23,26,2,51,41,0,41,92
08/26/2016,ERI,PA,AEA,CE,Combined TRACON& Tower with Radar,0,20,23,0,43,0,1,25,0,26,0,21,48,0,69,82,0,82,151
08/27/2016,ERI,PA,AEA,CE,Combined TRACON& Tower with Radar,0,13,11,0,24,0,0,42,0,42,0,13,53,0,66,28,0,28,94
08/28/2016,ERI,PA,AEA,CE,Combined TRACON& Tower with Radar,0,13,13,0,26,0,0,24,0,24,0,13,37,0,50,57,0,57,107
08/29/2016,ERI,PA,AEA,CE,Combined TRACON& Tower with Radar,0,20,6,0,26,0,0,34,0,34,0,20,40,0,60,42,0,42,102
08/30/2016,ERI,PA,AEA,CE,Combined TRACON& Tower with Radar,0,23,16,2,41,0,2,19,0,21,0,25,35,2,62,71,2,73,135
08/31/2016,ERI,PA,AEA,CE,Combined TRACON& Tower with Radar,0,18,13,0,31,0,0,0,0,0,0,18,13,0,31,0,0,0,31
09/01/2016,ERI,PA,AEA,CE,Combined TRACON& Tower with Radar,0,18,7,2,27,0,0,17,1,18,0,18,24,3,45,27,8,35,80
09/02/2016,ERI,PA,AEA,CE,Combined TRACON& Tower with Radar,0,17,15,1,33,0,0,19,0,19,0,17,34,1,52,32,2,34,86
09/03/2016,ERI,PA,AEA,CE,Combined TRACON& Tower with Radar,0,9,7,0,16,0,0,42,2,44,0,9,49,2,60,35,0,35,95
09/04/2016,ERI,PA,AEA,CE,Combined TRACON& Tower with Radar,0,11,4,0,15,0,0,43,0,43,0,11,47,0,58,37,0,37,95
09/05/2016,ERI,PA,AEA,CE,Combined TRACON& Tower with Radar,0,13,14,0,27,0,0,23,0,23,0,13,37,0,50,94,0,94,144
09/06/2016,ERI,PA,AEA,CE,Combined TRACON& Tower with Radar,0,23,7,1,31,0,0,27,1,28,0,23,34,2,59,58,0,58,117
09/07/2016,ERI,PA,AEA,CE,Combined TRACON& Tower with Radar,0,29,10,0,39,0,0,27,0,27,0,29,37,0,66,68,0,68,134
09/08/2016,ERI,PA,AEA,CE,Combined TRACON& Tower with Radar,0,21,17,0,38,0,0,6,0,6,0,21,23,0,44,12,0,12,56
09/09/2016,ERI,PA,AEA,CE,Combined TRACON& Tower with Radar,0,26,8,1,35,0,3,30,3,36,0,29,38,4,71,40,0,40,111
09/10/2016,ERI,PA,AEA,CE,Combined TRACON& Tower with Radar,0,11,6,0,17,0,1,7,8,16,0,12,13,8,33,19,0,19,52
09/11/2016,ERI,PA,AEA,CE,Combined TRACON& Tower with Radar,0,14,10,0,24,0,0,29,8,37,0,14,39,8,61,33,0,33,94
09/12/2016,ERI,PA,AEA,CE,Combined TRACON& Tower with Radar,0,23,23,0,46,0,2,25,3,30,0,25,48,3,76,75,0,75,151
09/13/2016,ERI,PA,AEA,CE,Combined TRACON& Tower with Radar,0,20,18,0,38,0,0,27,0,27,0,20,45,0,65,97,0,97,162
09/14/2016,ERI,PA,AEA,CE,Combined TRACON& Tower with Radar,0,20,16,0,36,0,1,16,0,17,0,21,32,0,53,49,0,49,102
09/15/2016,ERI,PA,AEA,CE,Combined TRACON& Tower with Radar,0,16,11,9,36,0,0,30,0,30,0,16,41,9,66,65,10,75,141
09/16/2016,ERI,PA,AEA,CE,Combined TRACON& Tower with Radar,0,22,18,0,40,0,0,30,0,30,0,22,48,0,70,65,0,65,135
09/17/2016,ERI,PA,AEA,CE,Combined TRACON& Tower with Radar,0,9,5,0,14,0,0,0,0,0,0,9,5,0,14,0,0,0,14
09/18/2016,ERI,PA,AEA,CE,Combined TRACON& Tower with Radar,0,16,7,0,23,0,0,8,0,8,0,16,15,0,31,38,0,38,69
09/19/2016,ERI,PA,AEA,CE,Combined TRACON& Tower with Radar,0,23,6,0,29,0,0,40,2,42,0,23,46,2,71,114,0,114,185
09/20/2016,ERI,PA,AEA,CE,Combined TRACON& Tower with Radar,0,16,16,0,32,0,0,26,0,26,0,16,42,0,58,40,0,40,98
09/21/2016,ERI,PA,AEA,CE,Combined TRACON& Tower with Radar,0,16,7,0,23,0,0,35,2,37,0,16,42,2,60,79,0,79,139
09/22/2016,ERI,PA,AEA,CE,Combined TRACON& Tower with Radar,0,19,3,0,22,0,0,27,0,27,0,19,30,0,49,52,0,52,101
09/23/2016,ERI,PA,AEA,CE,Combined TRACON& Tower with Radar,0,18,20,0,38,0,0,3,0,3,0,18,23,0,41,24,0,24,65
09/24/2016,ERI,PA,AEA,CE,Combined TRACON& Tower with Radar,0,10,8,0,18,0,0,22,0,22,0,10,30,0,40,26,0,26,66
09/25/2016,ERI,PA,AEA,CE,Combined TRACON& Tower with Radar,0,13,13,0,26,0,0,24,2,26,0,13,37,2,52,22,0,22,74
09/26/2016,ERI,PA,AEA,CE,Combined TRACON& Tower with Radar,0,16,6,0,22,0,0,0,4,4,0,16,6,4,26,2,0,2,28
09/27/2016,ERI,PA,AEA,CE,Combined TRACON& Tower with Radar,0,18,4,0,22,0,0,7,0,7,0,18,11,0,29,20,0,20,49
09/28/2016,ERI,PA,AEA,CE,Combined TRACON& Tower with Radar,0,18,5,8,31,0,0,20,0,20,0,18,25,8,51,46,4,50,101
09/29/2016,ERI,PA,AEA,CE,Combined TRACON& Tower with Radar,0,18,14,0,32,0,0,0,0,0,0,18,14,0,32,30,0,30,62
09/30/2016,ERI,PA,AEA,CE,Combined TRACON& Tower with Radar,0,17,12,0,29,0,0,4,0,4,0,17,16,0,33,14,0,14,47
10/01/2016,ERI,PA,AEA,CE,Combined TRACON& Tower with Radar,0,13,21,0,34,0,0,4,0,4,0,13,25,0,38,68,0,68,106
10/02/2016,ERI,PA,AEA,CE,Combined TRACON& Tower with Radar,0,13,6,0,19,0,0,1,0,1,0,13,7,0,20,2,0,2,22
10/03/2016,ERI,PA,AEA,CE,Combined TRACON& Tower with Radar,0,21,14,0,35,0,0,5,0,5,0,21,19,0,40,85,0,85,125
10/04/2016,ERI,PA,AEA,CE,Combined TRACON& Tower with Radar,0,21,12,0,33,0,0,15,0,15,0,21,27,0,48,104,0,104,152
10/05/2016,ERI,PA,AEA,CE,Combined TRACON& Tower with Radar,0,15,18,0,33,0,0,19,0,19,0,15,37,0,52,10,0,10,62
10/06/2016,ERI,PA,AEA,CE,Combined TRACON& Tower with Radar,0,17,12,0,29,0,0,17,0,17,0,17,29,0,46,36,0,36,82
10/07/2016,ERI,PA,AEA,CE,Combined TRACON& Tower with Radar,0,25,14,0,39,0,0,30,2,32,0,25,44,2,71,40,0,40,111
10/08/2016,ERI,PA,AEA,CE,Combined TRACON& Tower with Radar,0,11,13,0,24,0,0,5,0,5,0,11,18,0,29,16,0,16,45
10/09/2016,ERI,PA,AEA,CE,Combined TRACON& Tower with Radar,0,17,15,0,32,0,0,16,0,16,0,17,31,0,48,32,0,32,80
10/10/2016,ERI,PA,AEA,CE,Combined TRACON& Tower with Radar,0,18,4,0,22,0,0,28,0,28,0,18,32,0,50,66,0,66,116
10/11/2016,ERI,PA,AEA,CE,Combined TRACON& Tower with Radar,0,18,15,0,33,0,0,21,0,21,0,18,36,0,54,25,0,25,79
10/12/2016,ERI,PA,AEA,CE,Combined TRACON& Tower with Radar,0,17,27,0,44,0,0,21,0,21,0,17,48,0,65,46,0,46,111
10/13/2016,ERI,PA,AEA,CE,Combined TRACON& Tower with Radar,0,22,9,0,31,0,0,3,0,3,0,22,12,0,34,34,0,34,68
10/14/2016,ERI,PA,AEA,CE,Combined TRACON& Tower with Radar,0,20,13,0,33,0,0,15,0,15,0,20,28,0,48,67,0,67,115
10/15/2016,ERI,PA,AEA,CE,Combined TRACON& Tower with Radar,0,12,10,0,22,0,1,26,0,27,0,13,36,0,49,12,0,12,61
10/16/2016,ERI,PA,AEA,CE,Combined TRACON& Tower with Radar,0,19,14,0,33,0,0,12,0,12,0,19,26,0,45,2,0,2,47
10/17/2016,ERI,PA,AEA,CE,Combined TRACON& Tower with Radar,0,17,16,0,33,0,0,13,0,13,0,17,29,0,46,49,0,49,95
10/18/2016,ERI,PA,AEA,CE,Combined TRACON& Tower with Radar,0,22,13,0,35,0,0,8,0,8,0,22,21,0,43,10,0,10,53
10/19/2016,ERI,PA,AEA,CE,Combined TRACON& Tower with Radar,0,19,14,0,33,0,3,28,0,31,0,22,42,0,64,60,0,60,124
10/20/2016,ERI,PA,AEA,CE,Combined TRACON& Tower with Radar,0,26,14,0,40,0,0,0,0,0,0,26,14,0,40,0,0,0,40
10/21/2016,ERI,PA,AEA,CE,Combined TRACON& Tower with Radar,0,21,10,0,31,0,0,0,0,0,0,21,10,0,31,0,0,0,31
10/22/2016,ERI,PA,AEA,CE,Combined TRACON& Tower with Radar,0,10,8,0,18,0,0,0,0,0,0,10,8,0,18,0,0,0,18
10/23/2016,ERI,PA,AEA,CE,Combined TRACON& Tower with Radar,0,15,8,0,23,0,0,13,0,13,0,15,21,0,36,38,0,38,74
10/24/2016,ERI,PA,AEA,CE,Combined TRACON& Tower with Radar,0,19,6,0,25,0,3,2,0,5,0,22,8,0,30,1,0,1,31
10/25/2016,ERI,PA,AEA,CE,Combined TRACON& Tower with Radar,0,19,10,0,29,0,0,15,0,15,0,19,25,0,44,42,0,42,86
10/26/2016,ERI,PA,AEA,CE,Combined TRACON& Tower with Radar,0,22,10,0,32,0,0,21,0,21,0,22,31,0,53,42,0,42,95
10/27/2016,ERI,PA,AEA,CE,Combined TRACON& Tower with Radar,0,20,12,0,32,0,0,0,0,0,0,20,12,0,32,0,0,0,32
10/28/2016,ERI,PA,AEA,CE,Combined TRACON& Tower with Radar,0,16,20,0,36,0,2,26,0,28,0,18,46,0,64,72,0,72,136
10/29/2016,ERI,PA,AEA,CE,Combined TRACON& Tower with Radar,0,14,6,0,20,0,0,3,0,3,0,14,9,0,23,8,0,8,31
10/30/2016,ERI,PA,AEA,CE,Combined TRACON& Tower with Radar,0,15,6,0,21,0,0,0,0,0,0,15,6,0,21,0,0,0,21
10/31/2016,ERI,PA,AEA,CE,Combined TRACON& Tower with Radar,0,19,3,0,22,0,0,19,0,19,0,19,22,0,41,24,0,24,65
11/01/2016,ERI,PA,AEA,CE,Combined TRACON& Tower with Radar,0,24,14,0,38,0,0,26,0,26,0,24,40,0,64,5,0,5,69
11/02/2016,ERI,PA,AEA,CE,Combined TRACON& Tower with Radar,0,18,5,0,23,0,0,34,0,34,0,18,39,0,57,73,0,73,130
11/03/2016,ERI,PA,AEA,CE,Combined TRACON& Tower with Radar,0,17,12,4,33,0,0,0,0,0,0,17,12,4,33,30,0,30,63
11/04/2016,ERI,PA,AEA,CE,Combined TRACON& Tower with Radar,0,18,14,0,32,0,0,28,0,28,0,18,42,0,60,46,0,46,106
11/05/2016,ERI,PA,AEA,CE,Combined TRACON& Tower with Radar,0,9,10,0,19,0,0,18,1,19,0,9,28,1,38,24,0,24,62
11/06/2016,ERI,PA,AEA,CE,Combined TRACON& Tower with Radar,0,14,10,0,24,0,0,23,0,23,0,14,33,0,47,79,0,79,126
11/07/2016,ERI,PA,AEA,CE,Combined TRACON& Tower with Radar,2,13,18,0,33,0,0,25,0,25,2,13,43,0,58,43,0,43,101
11/08/2016,ERI,PA,AEA,CE,Combined TRACON& Tower with Radar,0,16,27,0,43,0,0,15,0,15,0,16,42,0,58,26,0,26,84
11/09/2016,ERI,PA,AEA,CE,Combined TRACON& Tower with Radar,0,16,8,8,32,0,0,2,0,2,0,16,10,8,34,8,8,16,50
11/10/2016,ERI,PA,AEA,CE,Combined TRACON& Tower with Radar,0,15,9,0,24,0,1,16,2,19,0,16,25,2,43,18,0,18,61
11/11/2016,ERI,PA,AEA,CE,Combined TRACON& Tower with Radar,0,18,5,0,23,0,0,14,0,14,0,18,19,0,37,62,0,62,99
11/12/2016,ERI,PA,AEA,CE,Combined TRACON& Tower with Radar,0,9,4,0,13,0,0,38,0,38,0,9,42,0,51,49,0,49,100
11/13/2016,ERI,PA,AEA,CE,Combined TRACON& Tower with Radar,0,14,7,0,21,0,0,19,0,19,0,14,26,0,40,16,0,16,56
11/14/2016,ERI,PA,AEA,CE,Combined TRACON& Tower with Radar,0,13,9,0,22,0,1,24,0,25,0,14,33,0,47,58,0,58,105
11/15/2016,ERI,PA,AEA,CE,Combined TRACON& Tower with Radar,0,14,13,0,27,0,0,17,1,18,0,14,30,1,45,43,0,43,88
11/16/2016,ERI,PA,AEA,CE,Combined TRACON& Tower with Radar,0,18,14,0,32,0,0,0,0,0,0,18,14,0,32,0,0,0,32
11/17/2016,ERI,PA,AEA,CE,Combined TRACON& Tower with Radar,0,15,7,2,24,0,0,19,0,19,0,15,26,2,43,32,10,42,85
11/18/2016,ERI,PA,AEA,CE,Combined TRACON& Tower with Radar,0,17,20,0,37,0,1,28,0,29,0,18,48,0,66,70,0,70,136
11/19/2016,ERI,PA,AEA,CE,Combined TRACON& Tower with Radar,0,10,0,0,10,0,0,0,0,0,0,10,0,0,10,0,0,0,10
11/20/2016,ERI,PA,AEA,CE,Combined TRACON& Tower with Radar,1,9,3,0,13,0,0,0,0,0,1,9,3,0,13,0,0,0,13
11/21/2016,ERI,PA,AEA,CE,Combined TRACON& Tower with Radar,2,8,6,0,16,0,0,0,0,0,2,8,6,0,16,0,0,0,16
11/22/2016,ERI,PA,AEA,CE,Combined TRACON& Tower with Radar,0,19,12,0,31,0,0,2,0,2,0,19,14,0,33,0,0,0,33
11/23/2016,ERI,PA,AEA,CE,Combined TRACON& Tower with Radar,0,19,13,0,32,0,0,6,0,6,0,19,19,0,38,46,0,46,84
11/24/2016,ERI,PA,AEA,CE,Combined TRACON& Tower with Radar,0,7,1,0,8,0,0,0,0,0,0,7,1,0,8,0,0,0,8
11/25/2016,ERI,PA,AEA,CE,Combined TRACON& Tower with Radar,0,11,8,0,19,0,0,0,0,0,0,11,8,0,19,6,0,6,25
11/26/2016,ERI,PA,AEA,CE,Combined TRACON& Tower with Radar,0,12,4,0,16,0,0,0,0,0,0,12,4,0,16,0,0,0,16
11/27/2016,ERI,PA,AEA,CE,Combined TRACON& Tower with Radar,0,13,24,0,37,0,0,17,0,17,0,13,41,0,54,42,0,42,96
11/28/2016,ERI,PA,AEA,CE,Combined TRACON& Tower with Radar,0,19,5,0,24,0,0,16,0,16,0,19,21,0,40,32,0,32,72
11/29/2016,ERI,PA,AEA,CE,Combined TRACON& Tower with Radar,0,17,15,0,32,0,0,11,0,11,0,17,26,0,43,16,0,16,59
11/30/2016,ERI,PA,AEA,CE,Combined TRACON& Tower with Radar,0,13,13,7,33,0,0,2,0,2,0,13,15,7,35,2,8,10,45
12/01/2016,ERI,PA,AEA,CE,Combined TRACON& Tower with Radar,0,23,9,0,32,0,0,2,0,2,0,23,11,0,34,0,0,0,34
12/02/2016,ERI,PA,AEA,CE,Combined TRACON& Tower with Radar,0,24,8,0,32,0,0,0,0,0,0,24,8,0,32,0,0,0,32
12/03/2016,ERI,PA,AEA,CE,Combined TRACON& Tower with Radar,0,10,0,0,10,0,0,1,0,1,0,10,1,0,11,24,0,24,35
12/04/2016,ERI,PA,AEA,CE,Combined TRACON& Tower with Radar,0,10,9,0,19,0,0,24,0,24,0,10,33,0,43,56,0,56,99
12/05/2016,ERI,PA,AEA,CE,Combined TRACON& Tower with Radar,0,12,13,0,25,0,0,11,0,11,0,12,24,0,36,43,0,43,79
12/06/2016,ERI,PA,AEA,CE,Combined TRACON& Tower with Radar,0,21,5,0,26,0,0,2,0,2,0,21,7,0,28,0,0,0,28
12/07/2016,ERI,PA,AEA,CE,Combined TRACON& Tower with Radar,0,23,5,0,28,0,0,10,0,10,0,23,15,0,38,32,0,32,70
12/08/2016,ERI,PA,AEA,CE,Combined TRACON& Tower with Radar,0,21,4,2,27,0,0,0,0,0,0,21,4,2,27,0,0,0,27
12/09/2016,ERI,PA,AEA,CE,Combined TRACON& Tower with Radar,0,18,4,0,22,0,0,1,0,1,0,18,5,0,23,1,0,1,24
12/10/2016,ERI,PA,AEA,CE,Combined TRACON& Tower with Radar,0,10,3,0,13,0,0,0,0,0,0,10,3,0,13,0,0,0,13
12/11/2016,ERI,PA,AEA,CE,Combined TRACON& Tower with Radar,0,5,3,0,8,0,0,1,0,1,0,5,4,0,9,0,0,0,9
12/12/2016,ERI,PA,AEA,CE,Combined TRACON& Tower with Radar,0,15,5,0,20,0,0,0,0,0,0,15,5,0,20,1,0,1,21
12/13/2016,ERI,PA,AEA,CE,Combined TRACON& Tower with Radar,0,18,7,0,25,0,0,2,0,2,0,18,9,0,27,8,0,8,35
12/14/2016,ERI,PA,AEA,CE,Combined TRACON& Tower with Radar,2,14,9,0,25,0,2,6,0,8,2,16,15,0,33,20,0,20,53
12/15/2016,ERI,PA,AEA,CE,Combined TRACON& Tower with Radar,0,21,0,0,21,0,0,0,0,0,0,21,0,0,21,0,0,0,21
12/16/2016,ERI,PA,AEA,CE,Combined TRACON& Tower with Radar,0,19,9,0,28,0,0,12,0,12,0,19,21,0,40,8,0,8,48
12/17/2016,ERI,PA,AEA,CE,Combined TRACON& Tower with Radar,0,17,0,0,17,0,0,0,0,0,0,17,0,0,17,0,0,0,17
12/18/2016,ERI,PA,AEA,CE,Combined TRACON& Tower with Radar,0,13,1,0,14,0,0,0,0,0,0,13,1,0,14,0,0,0,14
12/19/2016,ERI,PA,AEA,CE,Combined TRACON& Tower with Radar,0,16,8,0,24,0,0,2,0,2,0,16,10,0,26,0,0,0,26
12/20/2016,ERI,PA,AEA,CE,Combined TRACON& Tower with Radar,0,16,12,0,28,0,0,11,0,11,0,16,23,0,39,6,0,6,45
12/21/2016,ERI,PA,AEA,CE,Combined TRACON& Tower with Radar,0,21,11,0,32,0,1,11,2,14,0,22,22,2,46,66,0,66,112
12/22/2016,ERI,PA,AEA,CE,Combined TRACON& Tower with Radar,0,23,7,1,31,0,0,4,1,5,0,23,11,2,36,4,0,4,40
12/23/2016,ERI,PA,AEA,CE,Combined TRACON& Tower with Radar,0,17,14,0,31,0,0,15,0,15,0,17,29,0,46,26,0,26,72
12/24/2016,ERI,PA,AEA,CE,Combined TRACON& Tower with Radar,0,9,0,0,9,0,0,0,0,0,0,9,0,0,9,0,0,0,9
12/25/2016,ERI,PA,AEA,CE,Combined TRACON& Tower with Radar,0,7,6,0,13,0,0,0,0,0,0,7,6,0,13,0,0,0,13
12/26/2016,ERI,PA,AEA,CE,Combined TRACON& Tower with Radar,0,14,9,0,23,0,0,0,0,0,0,14,9,0,23,0,0,0,23
12/27/2016,ERI,PA,AEA,CE,Combined TRACON& Tower with Radar,0,15,2,0,17,0,0,2,0,2,0,15,4,0,19,42,0,42,61
12/28/2016,ERI,PA,AEA,CE,Combined TRACON& Tower with Radar,0,14,13,0,27,0,0,9,0,9,0,14,22,0,36,30,0,30,66
12/29/2016,ERI,PA,AEA,CE,Combined TRACON& Tower with Radar,0,14,11,4,29,0,0,0,0,0,0,14,11,4,29,0,4,4,33
12/30/2016,ERI,PA,AEA,CE,Combined TRACON& Tower with Radar,0,14,2,0,16,0,0,0,0,0,0,14,2,0,16,0,0,0,16
12/31/2016,ERI,PA,AEA,CE,Combined TRACON& Tower with Radar,0,13,2,0,15,0,1,0,0,1,0,14,2,0,16,2,0,2,18
01/01/2017,ERI,PA,AEA,CE,Combined TRACON& Tower with Radar,0,12,13,0,25,0,2,17,0,19,0,14,30,0,44,16,0,16,60
01/02/2017,ERI,PA,AEA,CE,Combined TRACON& Tower with Radar,0,12,11,0,23,0,0,2,0,2,0,12,13,0,25,56,0,56,81
01/03/2017,ERI,PA,AEA,CE,Combined TRACON& Tower with Radar,0,13,6,0,19,0,0,0,0,0,0,13,6,0,19,3,0,3,22
01/04/2017,ERI,PA,AEA,CE,Combined TRACON& Tower with Radar,2,16,0,0,18,0,0,0,0,0,2,16,0,0,18,0,0,0,18
01/05/2017,ERI,PA,AEA,CE,Combined TRACON& Tower with Radar,0,14,7,0,21,0,0,0,0,0,0,14,7,0,21,1,0,1,22
01/06/2017,ERI,PA,AEA,CE,Combined TRACON& Tower with Radar,0,18,9,0,27,0,0,0,0,0,0,18,9,0,27,0,0,0,27
01/07/2017,ERI,PA,AEA,CE,Combined TRACON& Tower with Radar,0,12,4,0,16,0,0,0,0,0,0,12,4,0,16,0,0,0,16
01/08/2017,ERI,PA,AEA,CE,Combined TRACON& Tower with Radar,0,11,3,0,14,0,0,0,0,0,0,11,3,0,14,0,0,0,14
01/09/2017,ERI,PA,AEA,CE,Combined TRACON& Tower with Radar,0,18,2,0,20,0,0,0,0,0,0,18,2,0,20,0,0,0,20
01/10/2017,ERI,PA,AEA,CE,Combined TRACON& Tower with Radar,0,6,1,0,7,0,0,0,0,0,0,6,1,0,7,1,0,1,8
01/11/2017,ERI,PA,AEA,CE,Combined TRACON& Tower with Radar,0,20,8,2,30,0,0,14,0,14,0,20,22,2,44,7,24,31,75
01/12/2017,ERI,PA,AEA,CE,Combined TRACON& Tower with Radar,0,17,11,0,28,0,0,0,0,0,0,17,11,0,28,0,0,0,28
01/13/2017,ERI,PA,AEA,CE,Combined TRACON& Tower with Radar,0,16,11,0,27,0,0,11,0,11,0,16,22,0,38,16,0,16,54
01/14/2017,ERI,PA,AEA,CE,Combined TRACON& Tower with Radar,0,11,2,0,13,0,0,13,0,13,0,11,15,0,26,14,0,14,40
01/15/2017,ERI,PA,AEA,CE,Combined TRACON& Tower with Radar,0,12,14,0,26,0,0,22,0,22,0,12,36,0,48,27,0,27,75
01/16/2017,ERI,PA,AEA,CE,Combined TRACON& Tower with Radar,0,16,14,0,30,0,0,8,0,8,0,16,22,0,38,22,0,22,60
01/17/2017,ERI,PA,AEA,CE,Combined TRACON& Tower with Radar,0,18,10,0,28,0,0,0,0,0,0,18,10,0,28,0,0,0,28
01/18/2017,ERI,PA,AEA,CE,Combined TRACON& Tower with Radar,0,18,5,0,23,0,0,0,0,0,0,18,5,0,23,0,0,0,23
01/19/2017,ERI,PA,AEA,CE,Combined TRACON& Tower with Radar,0,20,14,0,34,0,0,0,0,0,0,20,14,0,34,5,0,5,39
01/20/2017,ERI,PA,AEA,CE,Combined TRACON& Tower with Radar,0,14,5,0,19,0,0,0,0,0,0,14,5,0,19,0,0,0,19
01/21/2017,ERI,PA,AEA,CE,Combined TRACON& Tower with Radar,0,14,8,0,22,0,0,15,0,15,0,14,23,0,37,42,0,42,79
01/22/2017,ERI,PA,AEA,CE,Combined TRACON& Tower with Radar,0,7,7,0,14,0,0,6,0,6,0,7,13,0,20,31,0,31,51
01/23/2017,ERI,PA,AEA,CE,Combined TRACON& Tower with Radar,0,14,6,2,22,0,0,7,0,7,0,14,13,2,29,4,0,4,33
01/24/2017,ERI,PA,AEA,CE,Combined TRACON& Tower with Radar,0,21,5,0,26,0,0,1,0,1,0,21,6,0,27,0,0,0,27
01/25/2017,ERI,PA,AEA,CE,Combined TRACON& Tower with Radar,0,18,8,0,26,0,0,5,2,7,0,18,13,2,33,34,2,36,69
01/26/2017,ERI,PA,AEA,CE,Combined TRACON& Tower with Radar,0,23,6,0,29,0,0,0,0,0,0,23,6,0,29,0,0,0,29
01/27/2017,ERI,PA,AEA,CE,Combined TRACON& Tower with Radar,0,19,3,0,22,0,0,0,0,0,0,19,3,0,22,0,0,0,22
01/28/2017,ERI,PA,AEA,CE,Combined TRACON& Tower with Radar,0,12,5,0,17,0,0,0,0,0,0,12,5,0,17,0,0,0,17
01/29/2017,ERI,PA,AEA,CE,Combined TRACON& Tower with Radar,0,13,7,0,20,0,0,2,0,2,0,13,9,0,22,2,0,2,24
01/30/2017,ERI,PA,AEA,CE,Combined TRACON& Tower with Radar,0,22,5,0,27,0,0,0,0,0,0,22,5,0,27,0,0,0,27
01/31/2017,ERI,PA,AEA,CE,Combined TRACON& Tower with Radar,0,22,7,0,29,0,0,0,0,0,0,22,7,0,29,0,0,0,29
02/01/2017,ERI,PA,AEA,CE,Combined TRACON& Tower with Radar,0,26,7,0,33,0,0,10,0,10,0,26,17,0,43,5,0,5,48
02/02/2017,ERI,PA,AEA,CE,Combined TRACON& Tower with Radar,0,22,12,6,40,0,0,8,2,10,0,22,20,8,50,8,8,16,66
02/03/2017,ERI,PA,AEA,CE,Combined TRACON& Tower with Radar,0,16,5,0,21,0,0,1,0,1,0,16,6,0,22,0,0,0,22
02/04/2017,ERI,PA,AEA,CE,Combined TRACON& Tower with Radar,0,12,7,0,19,0,1,16,0,17,0,13,23,0,36,47,0,47,83
02/05/2017,ERI,PA,AEA,CE,Combined TRACON& Tower with Radar,0,12,2,0,14,0,0,11,0,11,0,12,13,0,25,12,0,12,37
02/06/2017,ERI,PA,AEA,CE,Combined TRACON& Tower with Radar,0,18,10,0,28,0,5,33,2,40,0,23,43,2,68,30,0,30,98
02/07/2017,ERI,PA,AEA,CE,Combined TRACON& Tower with Radar,0,18,11,0,29,0,0,0,0,0,0,18,11,0,29,0,0,0,29
02/08/2017,ERI,PA,AEA,CE,Combined TRACON& Tower with Radar,0,18,13,7,38,0,0,4,1,5,0,18,17,8,43,58,4,62,105
02/09/2017,ERI,PA,AEA,CE,Combined TRACON& Tower with Radar,0,14,5,0,19,0,0,0,0,0,0,14,5,0,19,0,0,0,19
02/10/2017,ERI,PA,AEA,CE,Combined TRACON& Tower with Radar,0,17,13,1,31,0,1,7,0,8,0,18,20,1,39,4,0,4,43
02/11/2017,ERI,PA,AEA,CE,Combined TRACON& Tower with Radar,0,17,7,0,24,0,0,14,0,14,0,17,21,0,38,28,0,28,66
02/12/2017,ERI,PA,AEA,CE,Combined TRACON& Tower with Radar,0,13,4,0,17,0,0,0,0,0,0,13,4,0,17,0,0,0,17
02/13/2017,ERI,PA,AEA,CE,Combined TRACON& Tower with Radar,0,15,2,0,17,0,0,3,0,3,0,15,5,0,20,12,0,12,32
02/14/2017,ERI,PA,AEA,CE,Combined TRACON& Tower with Radar,0,20,12,0,32,0,0,12,0,12,0,20,24,0,44,2,0,2,46
02/15/2017,ERI,PA,AEA,CE,Combined TRACON& Tower with Radar,0,25,11,0,36,0,0,1,0,1,0,25,12,0,37,0,0,0,37
02/16/2017,ERI,PA,AEA,CE,Combined TRACON& Tower with Radar,0,20,0,0,20,0,0,1,0,1,0,20,1,0,21,0,0,0,21
02/17/2017,ERI,PA,AEA,CE,Combined TRACON& Tower with Radar,2,14,9,0,25,0,0,24,0,24,2,14,33,0,49,34,0,34,83
02/18/2017,ERI,PA,AEA,CE,Combined TRACON& Tower with Radar,0,11,7,0,18,0,0,29,0,29,0,11,36,0,47,20,0,20,67
02/19/2017,ERI,PA,AEA,CE,Combined TRACON& Tower with Radar,0,12,7,0,19,0,0,33,0,33,0,12,40,0,52,38,0,38,90
02/20/2017,ERI,PA,AEA,CE,Combined TRACON& Tower with Radar,0,18,10,0,28,0,0,32,0,32,0,18,42,0,60,24,0,24,84
02/21/2017,ERI,PA,AEA,CE,Combined TRACON& Tower with Radar,0,16,4,0,20,0,0,12,0,12,0,16,16,0,32,6,0,6,38
02/22/2017,ERI,PA,AEA,CE,Combined TRACON& Tower with Radar,0,18,9,0,27,0,0,4,0,4,0,18,13,0,31,36,0,36,67
02/23/2017,ERI,PA,AEA,CE,Combined TRACON& Tower with Radar,0,20,8,0,28,0,2,5,2,9,0,22,13,2,37,28,0,28,65
02/24/2017,ERI,PA,AEA,CE,Combined TRACON& Tower with Radar,0,20,11,0,31,0,0,5,0,5,0,20,16,0,36,14,0,14,50
02/25/2017,ERI,PA,AEA,CE,Combined TRACON& Tower with Radar,0,12,6,0,18,0,0,2,0,2,0,12,8,0,20,8,0,8,28
02/26/2017,ERI,PA,AEA,CE,Combined TRACON& Tower with Radar,0,13,10,0,23,0,0,9,0,9,0,13,19,0,32,14,0,14,46
02/27/2017,ERI,PA,AEA,CE,Combined TRACON& Tower with Radar,0,12,6,0,18,0,0,20,0,20,0,12,26,0,38,12,0,12,50
02/28/2017,ERI,PA,AEA,CE,Combined TRACON& Tower with Radar,0,14,10,0,24,0,0,10,0,10,0,14,20,0,34,4,0,4,38
03/01/2017,ERI,PA,AEA,CE,Combined TRACON& Tower with Radar,0,17,5,0,22,0,0,2,0,2,0,17,7,0,24,7,0,7,31
03/02/2017,ERI,PA,AEA,CE,Combined TRACON& Tower with Radar,0,13,4,0,17,0,0,4,0,4,0,13,8,0,21,4,0,4,25
03/03/2017,ERI,PA,AEA,CE,Combined TRACON& Tower with Radar,0,12,9,6,27,0,0,0,0,0,0,12,9,6,27,0,10,10,37
03/04/2017,ERI,PA,AEA,CE,Combined TRACON& Tower with Radar,0,9,6,0,15,0,0,22,0,22,0,9,28,0,37,46,0,46,83
03/05/2017,ERI,PA,AEA,CE,Combined TRACON& Tower with Radar,0,10,15,0,25,0,0,20,0,20,0,10,35,0,45,30,0,30,75
03/06/2017,ERI,PA,AEA,CE,Combined TRACON& Tower with Radar,0,11,13,0,24,0,0,4,0,4,0,11,17,0,28,18,0,18,46
03/07/2017,ERI,PA,AEA,CE,Combined TRACON& Tower with Radar,0,13,3,4,20,0,1,0,0,1,0,14,3,4,21,0,2,2,23
03/08/2017,ERI,PA,AEA,CE,Combined TRACON& Tower with Radar,0,12,3,0,15,0,2,2,0,4,0,14,5,0,19,0,0,0,19
03/09/2017,ERI,PA,AEA,CE,Combined TRACON& Tower with Radar,0,16,9,0,25,0,1,15,0,16,0,17,24,0,41,35,0,35,76
03/10/2017,ERI,PA,AEA,CE,Combined TRACON& Tower with Radar,0,14,4,2,20,0,0,3,0,3,0,14,7,2,23,0,0,0,23
03/11/2017,ERI,PA,AEA,CE,Combined TRACON& Tower with Radar,0,9,8,0,17,0,0,0,0,0,0,9,8,0,17,2,0,2,19
03/12/2017,ERI,PA,AEA,CE,Combined TRACON& Tower with Radar,0,14,8,0,22,0,0,13,0,13,0,14,21,0,35,33,0,33,68
03/13/2017,ERI,PA,AEA,CE,Combined TRACON& Tower with Radar,0,11,11,0,22,0,0,6,0,6,0,11,17,0,28,30,0,30,58
03/14/2017,ERI,PA,AEA,CE,Combined TRACON& Tower with Radar,0,5,0,0,5,0,0,0,0,0,0,5,0,0,5,0,0,0,5
03/15/2017,ERI,PA,AEA,CE,Combined TRACON& Tower with Radar,0,15,5,0,20,0,0,0,0,0,0,15,5,0,20,0,0,0,20
03/16/2017,ERI,PA,AEA,CE,Combined TRACON& Tower with Radar,0,16,16,0,32,0,0,15,0,15,0,16,31,0,47,6,0,6,53
03/17/2017,ERI,PA,AEA,CE,Combined TRACON& Tower with Radar,0,14,5,0,19,0,0,16,0,16,0,14,21,0,35,19,0,19,54
03/18/2017,ERI,PA,AEA,CE,Combined TRACON& Tower with Radar,0,11,2,0,13,0,0,1,0,1,0,11,3,0,14,7,0,7,21
03/19/2017,ERI,PA,AEA,CE,Combined TRACON& Tower with Radar,0,17,12,0,29,0,0,0,0,0,0,17,12,0,29,0,0,0,29
03/20/2017,ERI,PA,AEA,CE,Combined TRACON& Tower with Radar,0,13,10,0,23,0,0,6,0,6,0,13,16,0,29,39,0,39,68
03/21/2017,ERI,PA,AEA,CE,Combined TRACON& Tower with Radar,0,15,20,0,35,0,0,7,0,7,0,15,27,0,42,24,0,24,66
03/22/2017,ERI,PA,AEA,CE,Combined TRACON& Tower with Radar,0,21,15,8,44,0,0,13,2,15,0,21,28,10,59,22,4,26,85
03/23/2017,ERI,PA,AEA,CE,Combined TRACON& Tower with Radar,0,19,5,0,24,0,0,15,0,15,0,19,20,0,39,45,0,45,84
03/24/2017,ERI,PA,AEA,CE,Combined TRACON& Tower with Radar,0,15,11,0,26,0,1,7,0,8,0,16,18,0,34,12,0,12,46
03/25/2017,ERI,PA,AEA,CE,Combined TRACON& Tower with Radar,0,9,6,0,15,0,2,0,0,2,0,11,6,0,17,4,0,4,21
03/26/2017,ERI,PA,AEA,CE,Combined TRACON& Tower with Radar,0,12,11,0,23,0,0,14,0,14,0,12,25,0,37,6,0,6,43
03/27/2017,ERI,PA,AEA,CE,Combined TRACON& Tower with Radar,0,13,7,0,20,0,0,6,0,6,0,13,13,0,26,6,0,6,32
03/28/2017,ERI,PA,AEA,CE,Combined TRACON& Tower with Radar,0,16,0,0,16,0,0,0,0,0,0,16,0,0,16,0,0,0,16
03/29/2017,ERI,PA,AEA,CE,Combined TRACON& Tower with Radar,0,15,10,4,29,0,0,22,0,22,0,15,32,4,51,72,12,84,135
03/30/2017,ERI,PA,AEA,CE,Combined TRACON& Tower with Radar,0,20,8,2,30,0,1,2,2,5,0,21,10,4,35,4,0,4,39
03/31/2017,ERI,PA,AEA,CE,Combined TRACON& Tower with Radar,0,14,1,0,15,0,0,2,0,2,0,14,3,0,17,15,0,15,32
04/01/2017,ERI,PA,AEA,CE,Combined TRACON& Tower with Radar,0,10,4,0,14,0,0,9,0,9,0,10,13,0,23,24,0,24,47
04/02/2017,ERI,PA,AEA,CE,Combined TRACON& Tower with Radar,0,18,22,0,40,0,0,23,0,23,0,18,45,0,63,64,0,64,127
04/03/2017,ERI,PA,AEA,CE,Combined TRACON& Tower with Radar,0,21,4,2,27,0,0,13,0,13,0,21,17,2,40,26,0,26,66
04/04/2017,ERI,PA,AEA,CE,Combined TRACON& Tower with Radar,0,27,10,0,37,0,0,0,0,0,0,27,10,0,37,8,0,8,45
04/05/2017,ERI,PA,AEA,CE,Combined TRACON& Tower with Radar,0,26,9,4,39,0,0,17,0,17,0,26,26,4,56,30,24,54,110
04/06/2017,ERI,PA,AEA,CE,Combined TRACON& Tower with Radar,0,20,12,0,32,0,0,0,0,0,0,20,12,0,32,0,0,0,32
04/07/2017,ERI,PA,AEA,CE,Combined TRACON& Tower with Radar,0,14,7,0,21,0,0,0,0,0,0,14,7,0,21,1,0,1,22
04/08/2017,ERI,PA,AEA,CE,Combined TRACON& Tower with Radar,0,11,4,0,15,0,0,31,0,31,0,11,35,0,46,12,0,12,58
04/09/2017,ERI,PA,AEA,CE,Combined TRACON& Tower with Radar,0,14,10,0,24,0,0,22,0,22,0,14,32,0,46,27,0,27,73
04/10/2017,ERI,PA,AEA,CE,Combined TRACON& Tower with Radar,0,16,3,0,19,0,0,17,0,17,0,16,20,0,36,13,0,13,49
04/11/2017,ERI,PA,AEA,CE,Combined TRACON& Tower with Radar,0,24,3,0,27,0,0,2,0,2,0,24,5,0,29,10,0,10,39
04/12/2017,ERI,PA,AEA,CE,Combined TRACON& Tower with Radar,0,23,21,0,44,0,0,8,0,8,0,23,29,0,52,26,0,26,78
04/13/2017,ERI,PA,AEA,CE,Combined TRACON& Tower with Radar,0,25,18,0,43,0,0,20,0,20,0,25,38,0,63,67,4,71,134
04/14/2017,ERI,PA,AEA,CE,Combined TRACON& Tower with Radar,0,21,5,0,26,0,0,36,0,36,0,21,41,0,62,67,0,67,129
04/15/2017,ERI,PA,AEA,CE,Combined TRACON& Tower with Radar,0,12,7,0,19,0,0,14,0,14,0,12,21,0,33,18,0,18,51
04/16/2017,ERI,PA,AEA,CE,Combined TRACON& Tower with Radar,0,15,3,0,18,0,0,3,0,3,0,15,6,0,21,10,0,10,31
04/17/2017,ERI,PA,AEA,CE,Combined TRACON& Tower with Radar,2,17,12,4,35,0,0,38,0,38,2,17,50,4,73,31,6,37,110
04/18/2017,ERI,PA,AEA,CE,Combined TRACON& Tower with Radar,1,26,10,1,38,0,2,43,4,49,1,28,53,5,87,15,0,15,102
04/19/2017,ERI,PA,AEA,CE,Combined TRACON& Tower with Radar,0,24,8,0,32,0,2,5,1,8,0,26,13,1,40,26,0,26,66
04/20/2017,ERI,PA,AEA,CE,Combined TRACON& Tower with Radar,0,20,7,0,27,0,0,2,0,2,0,20,9,0,29,12,0,12,41
04/21/2017,ERI,PA,AEA,CE,Combined TRACON& Tower with Radar,0,18,11,0,29,0,3,10,1,14,0,21,21,1,43,26,0,26,69
04/22/2017,ERI,PA,AEA,CE,Combined TRACON& Tower with Radar,0,13,8,0,21,0,0,21,1,22,0,13,29,1,43,51,0,51,94
04/23/2017,ERI,PA,AEA,CE,Combined TRACON& Tower with Radar,0,15,4,0,19,0,0,43,0,43,0,15,47,0,62,91,0,91,153
04/24/2017,ERI,PA,AEA,CE,Combined TRACON& Tower with Radar,0,16,12,0,28,0,0,37,0,37,0,16,49,0,65,66,0,66,131
04/25/2017,ERI,PA,AEA,CE,Combined TRACON& Tower with Radar,0,21,8,8,37,0,0,18,6,24,0,21,26,14,61,10,10,20,81
04/26/2017,ERI,PA,AEA,CE,Combined TRACON& Tower with Radar,0,18,9,0,27,0,0,21,2,23,0,18,30,2,50,57,0,57,107
04/27/2017,ERI,PA,AEA,CE,Combined TRACON& Tower with Radar,0,17,13,0,30,0,0,4,0,4,0,17,17,0,34,27,0,27,61
04/28/2017,ERI,PA,AEA,CE,Combined TRACON& Tower with Radar,0,16,14,0,30,0,0,15,0,15,0,16,29,0,45,28,0,28,73
04/29/2017,ERI,PA,AEA,CE,Combined TRACON& Tower with Radar,0,12,2,0,14,0,0,0,0,0,0,12,2,0,14,0,0,0,14
04/30/2017,ERI,PA,AEA,CE,Combined TRACON& Tower with Radar,0,17,7,0,24,0,0,5,0,5,0,17,12,0,29,12,0,12,41
05/01/2017,ERI,PA,AEA,CE,Combined TRACON& Tower with Radar,0,18,6,0,24,0,0,0,0,0,0,18,6,0,24,11,0,11,35
05/02/2017,ERI,PA,AEA,CE,Combined TRACON& Tower with Radar,0,22,17,0,39,0,0,0,0,0,0,22,17,0,39,0,0,0,39
05/03/2017,ERI,PA,AEA,CE,Combined TRACON& Tower with Radar,0,18,5,0,23,0,0,32,0,32,0,18,37,0,55,84,0,84,139
05/04/2017,ERI,PA,AEA,CE,Combined TRACON& Tower with Radar,0,20,12,0,32,0,0,0,0,0,0,20,12,0,32,12,0,12,44
05/05/2017,ERI,PA,AEA,CE,Combined TRACON& Tower with Radar,0,20,3,2,25,0,0,0,0,0,0,20,3,2,25,0,0,0,25
05/06/2017,ERI,PA,AEA,CE,Combined TRACON& Tower with Radar,0,17,2,0,19,0,0,0,0,0,0,17,2,0,19,0,0,0,19
05/07/2017,ERI,PA,AEA,CE,Combined TRACON& Tower with Radar,0,20,11,0,31,0,0,13,0,13,0,20,24,0,44,6,0,6,50
05/08/2017,ERI,PA,AEA,CE,Combined TRACON& Tower with Radar,0,23,19,0,42,0,0,29,0,29,0,23,48,0,71,18,0,18,89
05/09/2017,ERI,PA,AEA,CE,Combined TRACON& Tower with Radar,0,27,20,0,47,0,1,34,0,35,0,28,54,0,82,32,0,32,114
05/10/2017,ERI,PA,AEA,CE,Combined TRACON& Tower with Radar,0,21,9,2,32,0,1,30,0,31,0,22,39,2,63,69,10,79,142
05/11/2017,ERI,PA,AEA,CE,Combined TRACON& Tower with Radar,0,26,19,0,45,0,0,16,0,16,0,26,35,0,61,70,0,70,131
05/12/2017,ERI,PA,AEA,CE,Combined TRACON& Tower with Radar,0,20,8,0,28,0,0,14,0,14,0,20,22,0,42,51,0,51,93
05/13/2017,ERI,PA,AEA,CE,Combined TRACON& Tower with Radar,0,13,11,0,24,0,0,25,0,25,0,13,36,0,49,44,0,44,93
05/14/2017,ERI,PA,AEA,CE,Combined TRACON& Tower with Radar,0,16,7,0,23,0,0,16,0,16,0,16,23,0,39,30,0,30,69
05/15/2017,ERI,PA,AEA,CE,Combined TRACON& Tower with Radar,0,19,8,0,27,0,0,37,0,37,0,19,45,0,64,66,0,66,130
05/16/2017,ERI,PA,AEA,CE,Combined TRACON& Tower with Radar,0,20,14,0,34,0,0,17,0,17,0,20,31,0,51,39,0,39,90
05/17/2017,ERI,PA,AEA,CE,Combined TRACON& Tower with Radar,2,21,13,0,36,0,0,21,0,21,2,21,34,0,57,18,0,18,75
05/18/2017,ERI,PA,AEA,CE,Combined TRACON& Tower with Radar,0,30,9,1,40,0,0,3,1,4,0,30,12,2,44,8,0,8,52
05/19/2017,ERI,PA,AEA,CE,Combined TRACON& Tower with Radar,0,25,21,7,53,0,0,10,1,11,0,25,31,8,64,74,14,88,152
05/20/2017,ERI,PA,AEA,CE,Combined TRACON& Tower with Radar,0,20,17,0,37,0,0,10,0,10,0,20,27,0,47,3,0,3,50
05/21/2017,ERI,PA,AEA,CE,Combined TRACON& Tower with Radar,0,17,8,0,25,0,0,6,0,6,0,17,14,0,31,0,0,0,31
05/22/2017,ERI,PA,AEA,CE,Combined TRACON& Tower with Radar,0,23,12,1,36,0,0,20,0,20,0,23,32,1,56,12,0,12,68
05/23/2017,ERI,PA,AEA,CE,Combined TRACON& Tower with Radar,0,18,14,0,32,0,0,41,0,41,0,18,55,0,73,101,4,105,178
05/24/2017,ERI,PA,AEA,CE,Combined TRACON& Tower with Radar,0,26,16,4,46,0,0,16,0,16,0,26,32,4,62,48,12,60,122
05/25/2017,ERI,PA,AEA,CE,Combined TRACON& Tower with Radar,0,18,5,0,23,0,0,0,0,0,0,18,5,0,23,0,0,0,23
05/26/2017,ERI,PA,AEA,CE,Combined TRACON& Tower with Radar,0,23,15,0,38,0,0,0,0,0,0,23,15,0,38,0,0,0,38
05/27/2017,ERI,PA,AEA,CE,Combined TRACON& Tower with Radar,0,13,11,0,24,0,0,20,0,20,0,13,31,0,44,14,0,14,58
05/28/2017,ERI,PA,AEA,CE,Combined TRACON& Tower with Radar,0,12,12,0,24,0,0,8,0,8,0,12,20,0,32,47,0,47,79
05/29/2017,ERI,PA,AEA,CE,Combined TRACON& Tower with Radar,2,20,11,0,33,0,0,17,0,17,2,20,28,0,50,50,0,50,100
05/30/2017,ERI,PA,AEA,CE,Combined TRACON& Tower with Radar,0,17,14,0,31,0,0,14,0,14,0,17,28,0,45,22,0,22,67
05/31/2017,ERI,PA,AEA,CE,Combined TRACON& Tower with Radar,0,20,17,2,39,0,0,21,2,23,0,20,38,4,62,46,0,46,108
06/01/2017,ERI,PA,AEA,CE,Combined TRACON& Tower with Radar,0,27,18,0,45,0,3,31,2,36,0,30,49,2,81,62,0,62,143
06/02/2017,ERI,PA,AEA,CE,Combined TRACON& Tower with Radar,0,22,13,0,35,0,0,24,0,24,0,22,37,0,59,50,0,50,109
06/03/2017,ERI,PA,AEA,CE,Combined TRACON& Tower with Radar,0,14,7,0,21,0,0,33,0,33,0,14,40,0,54,58,0,58,112
06/04/2017,ERI,PA,AEA,CE,Combined TRACON& Tower with Radar,0,21,3,0,24,0,0,3,0,3,0,21,6,0,27,15,0,15,42
06/05/2017,ERI,PA,AEA,CE,Combined TRACON& Tower with Radar,0,19,19,8,46,0,0,0,0,0,0,19,19,8,46,4,8,12,58
06/06/2017,ERI,PA,AEA,CE,Combined TRACON& Tower with Radar,0,22,18,0,40,0,0,2,0,2,0,22,20,0,42,2,1,3,45
06/07/2017,ERI,PA,AEA,CE,Combined TRACON& Tower with Radar,0,21,22,2,45,0,0,26,0,26,0,21,48,2,71,61,0,61,132
06/08/2017,ERI,PA,AEA,CE,Combined TRACON& Tower with Radar,0,24,8,2,34,0,0,34,2,36,0,24,42,4,70,56,2,58,128
06/09/2017,ERI,PA,AEA,CE,Combined TRACON& Tower with Radar,0,22,25,0,47,0,0,28,0,28,0,22,53,0,75,65,0,65,140
06/10/2017,ERI,PA,AEA,CE,Combined TRACON& Tower with Radar,0,11,13,0,24,0,0,12,0,12,0,11,25,0,36,24,0,24,60
06/11/2017,ERI,PA,AEA,CE,Combined TRACON& Tower with Radar,0,14,13,0,27,0,0,11,4,15,0,14,24,4,42,23,0,23,65
06/12/2017,ERI,PA,AEA,CE,Combined TRACON& Tower with Radar,0,20,18,1,39,0,0,28,6,34,0,20,46,7,73,22,0,22,95
06/13/2017,ERI,PA,AEA,CE,Combined TRACON& Tower with Radar,0,22,8,2,32,0,0,16,2,18,0,22,24,4,50,24,0,24,74
06/14/2017,ERI,PA,AEA,CE,Combined TRACON& Tower with Radar,0,21,11,0,32,0,0,31,0,31,0,21,42,0,63,38,0,38,101
06/15/2017,ERI,PA,AEA,CE,Combined TRACON& Tower with Radar,0,28,13,0,41,0,0,6,2,8,0,28,19,2,49,14,2,16,65
06/16/2017,ERI,PA,AEA,CE,Combined TRACON& Tower with Radar,0,19,14,2,35,0,0,24,0,24,0,19,38,2,59,26,2,28,87
06/17/2017,ERI,PA,AEA,CE,Combined TRACON& Tower with Radar,0,11,12,0,23,0,0,30,0,30,0,11,42,0,53,4,0,4,57
06/18/2017,ERI,PA,AEA,CE,Combined TRACON& Tower with Radar,0,18,11,0,29,0,0,26,0,26,0,18,37,0,55,1,0,1,56
06/19/2017,ERI,PA,AEA,CE,Combined TRACON& Tower with Radar,0,17,10,0,27,0,0,8,0,8,0,17,18,0,35,32,0,32,67
06/20/2017,ERI,PA,AEA,CE,Combined TRACON& Tower with Radar,0,23,16,0,39,0,1,11,0,12,0,24,27,0,51,7,0,7,58
06/21/2017,ERI,PA,AEA,CE,Combined TRACON& Tower with Radar,0,20,3,0,23,0,0,21,0,21,0,20,24,0,44,31,0,31,75
06/22/2017,ERI,PA,AEA,CE,Combined TRACON& Tower with Radar,0,16,7,0,23,0,0,3,0,3,0,16,10,0,26,4,0,4,30
06/23/2017,ERI,PA,AEA,CE,Combined TRACON& Tower with Radar,0,16,5,0,21,0,0,0,0,0,0,16,5,0,21,12,0,12,33
06/24/2017,ERI,PA,AEA,CE,Combined TRACON& Tower with Radar,0,13,8,0,21,0,0,35,0,35,0,13,43,0,56,3,0,3,59
06/25/2017,ERI,PA,AEA,CE,Combined TRACON& Tower with Radar,0,17,10,0,27,0,0,15,0,15,0,17,25,0,42,0,0,0,42
06/26/2017,ERI,PA,AEA,CE,Combined TRACON& Tower with Radar,0,16,13,0,29,0,0,13,0,13,0,16,26,0,42,20,0,20,62
06/27/2017,ERI,PA,AEA,CE,Combined TRACON& Tower with Radar,0,18,6,0,24,0,0,25,1,26,0,18,31,1,50,30,0,30,80
06/28/2017,ERI,PA,AEA,CE,Combined TRACON& Tower with Radar,0,24,13,0,37,0,0,51,0,51,0,24,64,0,88,53,0,53,141
06/29/2017,ERI,PA,AEA,CE,Combined TRACON& Tower with Radar,0,17,14,4,35,0,0,12,0,12,0,17,26,4,47,1,4,5,52
06/30/2017,ERI,PA,AEA,CE,Combined TRACON& Tower with Radar,0,21,11,0,32,0,0,18,0,18,0,21,29,0,50,30,0,30,80
07/01/2017,ERI,PA,AEA,CE,Combined TRACON& Tower with Radar,0,11,9,0,20,0,0,7,0,7,0,11,16,0,27,1,0,1,28
07/02/2017,ERI,PA,AEA,CE,Combined TRACON& Tower with Radar,0,14,7,0,21,0,0,21,0,21,0,14,28,0,42,18,0,18,60
07/03/2017,ERI,PA,AEA,CE,Combined TRACON& Tower with Radar,0,10,11,0,21,0,0,40,2,42,0,10,51,2,63,51,0,51,114
07/04/2017,ERI,PA,AEA,CE,Combined TRACON& Tower with Radar,0,11,3,0,14,0,0,31,0,31,0,11,34,0,45,13,0,13,58
07/05/2017,ERI,PA,AEA,CE,Combined TRACON& Tower with Radar,0,23,19,16,58,0,0,34,0,34,0,23,53,16,92,46,12,58,150
07/06/2017,ERI,PA,AEA,CE,Combined TRACON& Tower with Radar,0,20,8,0,28,0,0,24,0,24,0,20,32,0,52,28,0,28,80
07/07/2017,ERI,PA,AEA,CE,Combined TRACON& Tower with Radar,0,17,6,0,23,0,0,8,0,8,0,17,14,0,31,22,0,22,53
07/08/2017,ERI,PA,AEA,CE,Combined TRACON& Tower with Radar,0,13,11,1,25,0,0,18,1,19,0,13,29,2,44,9,0,9,53
07/09/2017,ERI,PA,AEA,CE,Combined TRACON& Tower with Radar,0,14,7,2,23,0,0,31,0,31,0,14,38,2,54,26,12,38,92
07/10/2017,ERI,PA,AEA,CE,Combined TRACON& Tower with Radar,0,16,9,0,25,0,0,14,2,16,0,16,23,2,41,14,0,14,55
07/11/2017,ERI,PA,AEA,CE,Combined TRACON& Tower with Radar,0,18,18,0,36,0,0,10,0,10,0,18,28,0,46,22,0,22,68
07/12/2017,ERI,PA,AEA,CE,Combined TRACON& Tower with Radar,0,16,19,0,35,0,0,15,0,15,0,16,34,0,50,23,0,23,73
07/13/2017,ERI,PA,AEA,CE,Combined TRACON& Tower with Radar,0,19,7,0,26,0,0,10,0,10,0,19,17,0,36,18,0,18,54
07/14/2017,ERI,PA,AEA,CE,Combined TRACON& Tower with Radar,0,15,26,0,41,0,0,9,0,9,0,15,35,0,50,22,0,22,72
07/15/2017,ERI,PA,AEA,CE,Combined TRACON& Tower with Radar,0,13,7,0,20,0,0,17,2,19,0,13,24,2,39,8,0,8,47
07/16/2017,ERI,PA,AEA,CE,Combined TRACON& Tower with Radar,0,17,17,0,34,0,0,35,1,36,0,17,52,1,70,5,0,5,75
07/17/2017,ERI,PA,AEA,CE,Combined TRACON& Tower with Radar,0,17,18,3,38,0,0,26,0,26,0,17,44,3,64,65,0,65,129
07/18/2017,ERI,PA,AEA,CE,Combined TRACON& Tower with Radar,0,17,16,0,33,0,0,48,1,49,0,17,64,1,82,104,0,104,186
07/19/2017,ERI,PA,AEA,CE,Combined TRACON& Tower with Radar,0,16,12,0,28,0,0,30,0,30,0,16,42,0,58,36,0,36,94
07/20/2017,ERI,PA,AEA,CE,Combined TRACON& Tower with Radar,0,16,20,0,36,0,0,18,0,18,0,16,38,0,54,30,0,30,84
07/21/2017,ERI,PA,AEA,CE,Combined TRACON& Tower with Radar,0,18,13,0,31,0,0,31,0,31,0,18,44,0,62,42,0,42,104
07/22/2017,ERI,PA,AEA,CE,Combined TRACON& Tower with Radar,0,11,9,0,20,0,0,18,0,18,0,11,27,0,38,41,0,41,79
07/23/2017,ERI,PA,AEA,CE,Combined TRACON& Tower with Radar,0,15,15,0,30,0,0,7,0,7,0,15,22,0,37,9,0,9,46
07/24/2017,ERI,PA,AEA,CE,Combined TRACON& Tower with Radar,0,17,14,0,31,0,0,5,0,5,0,17,19,0,36,52,2,54,90
07/25/2017,ERI,PA,AEA,CE,Combined TRACON& Tower with Radar,0,18,23,0,41,0,0,26,0,26,0,18,49,0,67,66,0,66,133
07/26/2017,ERI,PA,AEA,CE,Combined TRACON& Tower with Radar,0,16,24,0,40,0,0,37,0,37,0,16,61,0,77,51,0,51,128
07/27/2017,ERI,PA,AEA,CE,Combined TRACON& Tower with Radar,0,16,21,2,39,0,0,29,0,29,0,16,50,2,68,39,0,39,107
07/28/2017,ERI,PA,AEA,CE,Combined TRACON& Tower with Radar,0,16,19,2,37,0,0,11,0,11,0,16,30,2,48,17,2,19,67
07/29/2017,ERI,PA,AEA,CE,Combined TRACON& Tower with Radar,0,11,6,0,17,0,2,69,0,71,0,13,75,0,88,36,0,36,124
07/30/2017,ERI,PA,AEA,CE,Combined TRACON& Tower with Radar,0,18,10,0,28,0,0,95,0,95,0,18,105,0,123,24,0,24,147
07/31/2017,ERI,PA,AEA,CE,Combined TRACON& Tower with Radar,0,21,13,0,34,0,2,25,0,27,0,23,38,0,61,4,0,4,65
08/01/2017,ERI,PA,AEA,CE,Combined TRACON& Tower with Radar,0,20,14,0,34,0,0,30,0,30,0,20,44,0,64,38,0,38,102
08/02/2017,ERI,PA,AEA,CE,Combined TRACON& Tower with Radar,0,16,12,0,28,0,0,12,1,13,0,16,24,1,41,30,0,30,71
08/03/2017,ERI,PA,AEA,CE,Combined TRACON& Tower with Radar,0,16,15,0,31,0,1,11,1,13,0,17,26,1,44,40,0,40,84
08/04/2017,ERI,PA,AEA,CE,Combined TRACON& Tower with Radar,0,16,9,0,25,0,0,4,0,4,0,16,13,0,29,0,0,0,29
08/05/2017,ERI,PA,AEA,CE,Combined TRACON& Tower with Radar,0,13,12,0,25,0,0,12,0,12,0,13,24,0,37,16,0,16,53
08/06/2017,ERI,PA,AEA,CE,Combined TRACON& Tower with Radar,0,15,16,2,33,0,0,26,0,26,0,15,42,2,59,34,0,34,93
08/07/2017,ERI,PA,AEA,CE,Combined TRACON& Tower with Radar,0,22,14,0,36,0,0,18,0,18,0,22,32,0,54,14,1,15,69
08/08/2017,ERI,PA,AEA,CE,Combined TRACON& Tower with Radar,0,18,15,0,33,0,0,39,0,39,0,18,54,0,72,94,0,94,166
08/09/2017,ERI,PA,AEA,CE,Combined TRACON& Tower with Radar,0,18,12,2,32,0,0,37,0,37,0,18,49,2,69,57,0,57,126
08/10/2017,ERI,PA,AEA,CE,Combined TRACON& Tower with Radar,0,22,8,2,32,0,0,15,2,17,0,22,23,4,49,72,0,72,121
08/11/2017,ERI,PA,AEA,CE,Combined TRACON& Tower with Radar,0,18,14,0,32,0,0,26,0,26,0,18,40,0,58,25,2,27,85
08/12/2017,ERI,PA,AEA,CE,Combined TRACON& Tower with Radar,0,11,11,0,22,0,0,14,0,14,0,11,25,0,36,7,0,7,43
08/13/2017,ERI,PA,AEA,CE,Combined TRACON& Tower with Radar,0,18,21,2,41,0,0,39,0,39,0,18,60,2,80,33,0,33,113
08/14/2017,ERI,PA,AEA,CE,Combined TRACON& Tower with Radar,0,25,6,0,31,0,0,37,1,38,0,25,43,1,69,48,0,48,117
08/15/2017,ERI,PA,AEA,CE,Combined TRACON& Tower with Radar,0,20,13,0,33,0,0,32,2,34,0,20,45,2,67,62,0,62,129
08/16/2017,ERI,PA,AEA,CE,Combined TRACON& Tower with Radar,0,23,16,0,39,0,0,15,1,16,0,23,31,1,55,58,0,58,113
08/17/2017,ERI,PA,AEA,CE,Combined TRACON& Tower with Radar,0,18,15,0,33,0,0,15,0,15,0,18,30,0,48,27,0,27,75
08/18/2017,ERI,PA,AEA,CE,Combined TRACON& Tower with Radar,0,17,19,0,36,0,0,17,2,19,0,17,36,2,55,8,0,8,63
08/19/2017,ERI,PA,AEA,CE,Combined TRACON& Tower with Radar,0,15,16,0,31,0,0,23,0,23,0,15,39,0,54,38,0,38,92
08/20/2017,ERI,PA,AEA,CE,Combined TRACON& Tower with Radar,0,14,12,0,26,0,0,38,0,38,0,14,50,0,64,42,0,42,106
08/21/2017,ERI,PA,AEA,CE,Combined TRACON& Tower with Radar,0,19,12,1,32,0,0,25,1,26,0,19,37,2,58,40,2,42,100
08/22/2017,ERI,PA,AEA,CE,Combined TRACON& Tower with Radar,0,25,9,2,36,0,0,0,0,0,0,25,9,2,36,1,0,1,37
08/23/2017,ERI,PA,AEA,CE,Combined TRACON& Tower with Radar,0,23,11,0,34,0,1,16,3,20,0,24,27,3,54,9,0,9,63
08/24/2017,ERI,PA,AEA,CE,Combined TRACON& Tower with Radar,0,20,14,2,36,0,0,15,0,15,0,20,29,2,51,62,0,62,113
08/25/2017,ERI,PA,AEA,CE,Combined TRACON& Tower with Radar,0,18,8,4,30,0,0,27,0,27,0,18,35,4,57,59,4,63,120
08/26/2017,ERI,PA,AEA,CE,Combined TRACON& Tower with Radar,0,11,2,0,13,0,0,28,0,28,0,11,30,0,41,28,0,28,69
08/27/2017,ERI,PA,AEA,CE,Combined TRACON& Tower with Radar,0,24,12,0,36,0,0,27,0,27,0,24,39,0,63,27,0,27,90
08/28/2017,ERI,PA,AEA,CE,Combined TRACON& Tower with Radar,0,17,6,0,23,0,1,13,1,15,0,18,19,1,38,28,0,28,66
08/29/2017,ERI,PA,AEA,CE,Combined TRACON& Tower with Radar,0,18,13,0,31,0,0,18,0,18,0,18,31,0,49,63,0,63,112
08/30/2017,ERI,PA,AEA,CE,Combined TRACON& Tower with Radar,0,19,11,0,30,0,1,31,0,32,0,20,42,0,62,53,0,53,115
08/31/2017,ERI,PA,AEA,CE,Combined TRACON& Tower with Radar,0,19,12,0,31,0,0,6,0,6,0,19,18,0,37,55,0,55,92
09/01/2017,ERI,PA,AEA,CE,Combined TRACON& Tower with Radar,0,19,18,2,39,0,0,20,0,20,0,19,38,2,59,28,0,28,87
09/02/2017,ERI,PA,AEA,CE,Combined TRACON& Tower with Radar,0,11,8,0,19,0,0,16,0,16,0,11,24,0,35,2,0,2,37
09/03/2017,ERI,PA,AEA,CE,Combined TRACON& Tower with Radar,0,8,12,0,20,0,0,6,0,6,0,8,18,0,26,16,0,16,42
09/04/2017,ERI,PA,AEA,CE,Combined TRACON& Tower with Radar,0,12,13,0,25,0,0,20,0,20,0,12,33,0,45,5,0,5,50
09/05/2017,ERI,PA,AEA,CE,Combined TRACON& Tower with Radar,0,19,20,0,39,0,0,9,0,9,0,19,29,0,48,53,0,53,101
09/06/2017,ERI,PA,AEA,CE,Combined TRACON& Tower with Radar,0,25,22,0,47,0,0,9,0,9,0,25,31,0,56,27,0,27,83
09/07/2017,ERI,PA,AEA,CE,Combined TRACON& Tower with Radar,0,32,19,0,51,0,0,3,0,3,0,32,22,0,54,16,0,16,70
09/08/2017,ERI,PA,AEA,CE,Combined TRACON& Tower with Radar,0,19,21,0,40,0,0,11,0,11,0,19,32,0,51,23,0,23,74
09/09/2017,ERI,PA,AEA,CE,Combined TRACON& Tower with Radar,0,13,23,0,36,0,0,34,0,34,0,13,57,0,70,16,0,16,86
09/10/2017,ERI,PA,AEA,CE,Combined TRACON& Tower with Radar,0,17,6,0,23,0,2,36,1,39,0,19,42,1,62,32,0,32,94
09/11/2017,ERI,PA,AEA,CE,Combined TRACON& Tower with Radar,0,19,12,0,31,0,3,24,0,27,0,22,36,0,58,34,0,34,92
09/12/2017,ERI,PA,AEA,CE,Combined TRACON& Tower with Radar,0,23,9,0,32,0,0,29,0,29,0,23,38,0,61,78,0,78,139
09/13/2017,ERI,PA,AEA,CE,Combined TRACON& Tower with Radar,0,17,7,0,24,0,0,12,2,14,0,17,19,2,38,26,0,26,64
09/14/2017,ERI,PA,AEA,CE,Combined TRACON& Tower with Radar,0,15,17,0,32,0,0,2,0,2,0,15,19,0,34,23,0,23,57
09/15/2017,ERI,PA,AEA,CE,Combined TRACON& Tower with Radar,0,16,18,0,34,0,0,26,0,26,0,16,44,0,60,71,0,71,131
09/16/2017,ERI,PA,AEA,CE,Combined TRACON& Tower with Radar,0,10,13,0,23,0,0,41,0,41,0,10,54,0,64,18,0,18,82
09/17/2017,ERI,PA,AEA,CE,Combined TRACON& Tower with Radar,0,15,14,0,29,0,0,36,0,36,0,15,50,0,65,52,0,52,117
09/18/2017,ERI,PA,AEA,CE,Combined TRACON& Tower with Radar,2,21,14,0,37,0,0,20,0,20,2,21,34,0,57,34,0,34,91
09/19/2017,ERI,PA,AEA,CE,Combined TRACON& Tower with Radar,0,28,10,2,40,0,0,25,4,29,0,28,35,6,69,18,0,18,87
09/20/2017,ERI,PA,AEA,CE,Combined TRACON& Tower with Radar,0,20,18,0,38,0,0,27,0,27,0,20,45,0,65,90,0,90,155
09/21/2017,ERI,PA,AEA,CE,Combined TRACON& Tower with Radar,0,28,20,1,49,0,0,22,1,23,0,28,42,2,72,30,0,30,102
09/22/2017,ERI,PA,AEA,CE,Combined TRACON& Tower with Radar,0,22,11,2,35,0,0,33,0,33,0,22,44,2,68,54,2,56,124
09/23/2017,ERI,PA,AEA,CE,Combined TRACON& Tower with Radar,0,11,5,0,16,0,0,34,0,34,0,11,39,0,50,26,0,26,76
09/24/2017,ERI,PA,AEA,CE,Combined TRACON& Tower with Radar,0,14,9,1,24,0,0,23,1,24,0,14,32,2,48,2,0,2,50
09/25/2017,ERI,PA,AEA,CE,Combined TRACON& Tower with Radar,0,19,13,3,35,0,0,26,0,26,0,19,39,3,61,8,4,12,73
09/26/2017,ERI,PA,AEA,CE,Combined TRACON& Tower with Radar,0,16,11,0,27,0,0,24,0,24,0,16,35,0,51,25,0,25,76
09/27/2017,ERI,PA,AEA,CE,Combined TRACON& Tower with Radar,0,21,16,0,37,0,0,18,3,21,0,21,34,3,58,2,0,2,60
09/28/2017,ERI,PA,AEA,CE,Combined TRACON& Tower with Radar,0,19,4,0,23,0,0,2,0,2,0,19,6,0,25,11,0,11,36
09/29/2017,ERI,PA,AEA,CE,Combined TRACON& Tower with Radar,0,17,6,0,23,0,1,9,0,10,0,18,15,0,33,2,0,2,35
09/30/2017,ERI,PA,AEA,CE,Combined TRACON& Tower with Radar,0,15,14,0,29,0,0,13,0,13,0,15,27,0,42,22,0,22,64
10/01/2017,ERI,PA,AEA,CE,Combined TRACON& Tower with Radar,0,20,17,0,37,0,0,32,0,32,0,20,49,0,69,47,0,47,116
10/02/2017,ERI,PA,AEA,CE,Combined TRACON& Tower with Radar,0,15,16,0,31,0,0,40,0,40,0,15,56,0,71,63,0,63,134
10/03/2017,ERI,PA,AEA,CE,Combined TRACON& Tower with Radar,0,17,19,0,36,0,0,17,0,17,0,17,36,0,53,25,0,25,78
10/04/2017,ERI,PA,AEA,CE,Combined TRACON& Tower with Radar,0,18,21,2,41,0,0,14,0,14,0,18,35,2,55,20,0,20,75
10/05/2017,ERI,PA,AEA,CE,Combined TRACON& Tower with Radar,0,18,29,0,47,0,0,9,2,11,0,18,38,2,58,6,2,8,66
10/06/2017,ERI,PA,AEA,CE,Combined TRACON& Tower with Radar,0,16,27,0,43,0,0,0,0,0,0,16,27,0,43,44,0,44,87
10/07/2017,ERI,PA,AEA,CE,Combined TRACON& Tower with Radar,0,12,13,0,25,0,0,12,0,12,0,12,25,0,37,21,0,21,58
10/08/2017,ERI,PA,AEA,CE,Combined TRACON& Tower with Radar,0,16,13,0,29,0,0,7,0,7,0,16,20,0,36,53,0,53,89
10/09/2017,ERI,PA,AEA,CE,Combined TRACON& Tower with Radar,0,16,15,0,31,0,0,0,0,0,0,16,15,0,31,0,0,0,31
10/10/2017,ERI,PA,AEA,CE,Combined TRACON& Tower with Radar,0,20,14,0,34,0,0,12,0,12,0,20,26,0,46,12,0,12,58
10/11/2017,ERI,PA,AEA,CE,Combined TRACON& Tower with Radar,0,30,17,2,49,0,0,1,0,1,0,30,18,2,50,0,0,0,50
10/12/2017,ERI,PA,AEA,CE,Combined TRACON& Tower with Radar,0,24,20,0,44,0,0,4,0,4,0,24,24,0,48,8,0,8,56
10/13/2017,ERI,PA,AEA,CE,Combined TRACON& Tower with Radar,0,20,20,0,40,0,0,15,0,15,0,20,35,0,55,31,0,31,86
10/14/2017,ERI,PA,AEA,CE,Combined TRACON& Tower with Radar,0,15,9,1,25,0,0,19,3,22,0,15,28,4,47,6,4,10,57
10/15/2017,ERI,PA,AEA,CE,Combined TRACON& Tower with Radar,0,18,8,0,26,0,0,0,0,0,0,18,8,0,26,0,0,0,26
10/16/2017,ERI,PA,AEA,CE,Combined TRACON& Tower with Radar,0,19,18,0,37,0,0,2,0,2,0,19,20,0,39,5,0,5,44
10/17/2017,ERI,PA,AEA,CE,Combined TRACON& Tower with Radar,0,21,20,0,41,0,0,21,0,21,0,21,41,0,62,9,0,9,71
10/18/2017,ERI,PA,AEA,CE,Combined TRACON& Tower with Radar,0,15,6,0,21,0,0,9,0,9,0,15,15,0,30,0,0,0,30
10/19/2017,ERI,PA,AEA,CE,Combined TRACON& Tower with Radar,0,19,7,0,26,0,0,17,0,17,0,19,24,0,43,4,0,4,47
10/20/2017,ERI,PA,AEA,CE,Combined TRACON& Tower with Radar,0,20,20,0,40,0,0,45,0,45,0,20,65,0,85,43,0,43,128
10/21/2017,ERI,PA,AEA,CE,Combined TRACON& Tower with Radar,0,16,14,0,30,0,2,29,0,31,0,18,43,0,61,28,0,28,89
10/22/2017,ERI,PA,AEA,CE,Combined TRACON& Tower with Radar,0,13,14,0,27,0,0,27,0,27,0,13,41,0,54,42,0,42,96
10/23/2017,ERI,PA,AEA,CE,Combined TRACON& Tower with Radar,0,16,9,0,25,0,0,5,0,5,0,16,14,0,30,4,0,4,34
10/24/2017,ERI,PA,AEA,CE,Combined TRACON& Tower with Radar,0,26,7,0,33,0,1,8,0,9,0,27,15,0,42,27,0,27,69
10/25/2017,ERI,PA,AEA,CE,Combined TRACON& Tower with Radar,0,18,19,0,37,0,0,5,0,5,0,18,24,0,42,34,0,34,76
10/26/2017,ERI,PA,AEA,CE,Combined TRACON& Tower with Radar,0,18,15,0,33,0,0,20,0,20,0,18,35,0,53,64,0,64,117
10/27/2017,ERI,PA,AEA,CE,Combined TRACON& Tower with Radar,0,17,8,0,25,0,0,21,0,21,0,17,29,0,46,32,0,32,78
10/28/2017,ERI,PA,AEA,CE,Combined TRACON& Tower with Radar,0,14,10,0,24,0,0,1,0,1,0,14,11,0,25,2,0,2,27
10/29/2017,ERI,PA,AEA,CE,Combined TRACON& Tower with Radar,0,12,7,0,19,0,0,1,1,2,0,12,8,1,21,0,0,0,21
10/30/2017,ERI,PA,AEA,CE,Combined TRACON& Tower with Radar,0,15,7,0,22,0,0,6,1,7,0,15,13,1,29,0,0,0,29
10/31/2017,ERI,PA,AEA,CE,Combined TRACON& Tower with Radar,0,14,2,0,16,0,0,6,0,6,0,14,8,0,22,6,0,6,28
11/01/2017,ERI,PA,AEA,CE,Combined TRACON& Tower with Radar,0,22,8,0,30,0,0,0,0,0,0,22,8,0,30,40,0,40,70
11/02/2017,ERI,PA,AEA,CE,Combined TRACON& Tower with Radar,0,26,15,0,41,0,0,9,1,10,0,26,24,1,51,6,0,6,57
11/03/2017,ERI,PA,AEA,CE,Combined TRACON& Tower with Radar,0,21,9,0,30,0,0,20,0,20,0,21,29,0,50,14,0,14,64
11/04/2017,ERI,PA,AEA,CE,Combined TRACON& Tower with Radar,0,13,15,0,28,0,0,30,0,30,0,13,45,0,58,14,0,14,72
11/05/2017,ERI,PA,AEA,CE,Combined TRACON& Tower with Radar,0,17,2,0,19,0,0,0,0,0,0,17,2,0,19,0,0,0,19
11/06/2017,ERI,PA,AEA,CE,Combined TRACON& Tower with Radar,0,18,15,0,33,0,1,6,0,7,0,19,21,0,40,10,0,10,50
11/07/2017,ERI,PA,AEA,CE,Combined TRACON& Tower with Radar,0,16,6,0,22,0,1,16,0,17,0,17,22,0,39,43,0,43,82
11/08/2017,ERI,PA,AEA,CE,Combined TRACON& Tower with Radar,0,20,15,0,35,0,0,29,0,29,0,20,44,0,64,50,0,50,114
11/09/2017,ERI,PA,AEA,CE,Combined TRACON& Tower with Radar,2,20,10,0,32,0,0,22,0,22,2,20,32,0,54,22,0,22,76
11/10/2017,ERI,PA,AEA,CE,Combined TRACON& Tower with Radar,0,14,5,0,19,0,0,6,0,6,0,14,11,0,25,12,0,12,37
11/11/2017,ERI,PA,AEA,CE,Combined TRACON& Tower with Radar,1,9,8,0,18,0,0,26,2,28,1,9,34,2,46,18,0,18,64
11/12/2017,ERI,PA,AEA,CE,Combined TRACON& Tower with Radar,0,14,7,0,21,0,0,6,0,6,0,14,13,0,27,32,0,32,59
11/13/2017,ERI,PA,AEA,CE,Combined TRACON& Tower with Radar,0,13,11,0,24,0,0,0,0,0,0,13,11,0,24,18,0,18,42
11/14/2017,ERI,PA,AEA,CE,Combined TRACON& Tower with Radar,0,14,10,0,24,0,0,20,0,20,0,14,30,0,44,19,0,19,63
11/15/2017,ERI,PA,AEA,CE,Combined TRACON& Tower with Radar,0,14,15,0,29,0,0,1,0,1,0,14,16,0,30,12,0,12,42
11/16/2017,ERI,PA,AEA,CE,Combined TRACON& Tower with Radar,0,14,7,2,23,0,0,0,0,0,0,14,7,2,23,0,0,0,23
11/17/2017,ERI,PA,AEA,CE,Combined TRACON& Tower with Radar,0,14,21,0,35,0,0,42,0,42,0,14,63,0,77,33,0,33,110
11/18/2017,ERI,PA,AEA,CE,Combined TRACON& Tower with Radar,0,9,1,0,10,0,0,0,0,0,0,9,1,0,10,0,0,0,10
11/19/2017,ERI,PA,AEA,CE,Combined TRACON& Tower with Radar,0,14,2,0,16,0,0,0,0,0,0,14,2,0,16,1,0,1,17
11/20/2017,ERI,PA,AEA,CE,Combined TRACON& Tower with Radar,0,24,6,4,34,0,0,18,0,18,0,24,24,4,52,35,4,39,91
11/21/2017,ERI,PA,AEA,CE,Combined TRACON& Tower with Radar,0,22,12,0,34,0,0,7,0,7,0,22,19,0,41,0,0,0,41
11/22/2017,ERI,PA,AEA,CE,Combined TRACON& Tower with Radar,0,16,8,0,24,0,0,4,0,4,0,16,12,0,28,14,0,14,42
11/23/2017,ERI,PA,AEA,CE,Combined TRACON& Tower with Radar,0,7,2,0,9,0,0,2,0,2,0,7,4,0,11,0,0,0,11
11/24/2017,ERI,PA,AEA,CE,Combined TRACON& Tower with Radar,0,10,6,0,16,0,0,18,0,18,0,10,24,0,34,20,0,20,54
11/25/2017,ERI,PA,AEA,CE,Combined TRACON& Tower with Radar,0,13,3,0,16,0,1,3,1,5,0,14,6,1,21,2,0,2,23
11/26/2017,ERI,PA,AEA,CE,Combined TRACON& Tower with Radar,0,16,16,0,32,0,0,20,0,20,0,16,36,0,52,13,0,13,65
11/27/2017,ERI,PA,AEA,CE,Combined TRACON& Tower with Radar,0,13,9,0,22,0,0,19,0,19,0,13,28,0,41,12,0,12,53
11/28/2017,ERI,PA,AEA,CE,Combined TRACON& Tower with Radar,0,15,14,4,33,0,0,14,0,14,0,15,28,4,47,16,4,20,67
11/29/2017,ERI,PA,AEA,CE,Combined TRACON& Tower with Radar,0,14,6,0,20,0,0,32,1,33,0,14,38,1,53,60,0,60,113
11/30/2017,ERI,PA,AEA,CE,Combined TRACON& Tower with Radar,0,12,24,0,36,0,0,5,0,5,0,12,29,0,41,10,0,10,51
12/01/2017,ERI,PA,AEA,CE,Combined TRACON& Tower with Radar,0,15,11,0,26,0,0,21,0,21,0,15,32,0,47,67,0,67,114
12/02/2017,ERI,PA,AEA,CE,Combined TRACON& Tower with Radar,0,9,12,0,21,0,0,16,0,16,0,9,28,0,37,27,0,27,64
12/03/2017,ERI,PA,AEA,CE,Combined TRACON& Tower with Radar,0,16,13,0,29,0,0,23,0,23,0,16,36,0,52,48,0,48,100
12/04/2017,ERI,PA,AEA,CE,Combined TRACON& Tower with Radar,0,18,18,0,36,0,0,10,0,10,0,18,28,0,46,2,0,2,48
12/05/2017,ERI,PA,AEA,CE,Combined TRACON& Tower with Radar,0,14,5,0,19,0,0,0,0,0,0,14,5,0,19,0,0,0,19
12/06/2017,ERI,PA,AEA,CE,Combined TRACON& Tower with Radar,0,14,15,0,29,0,0,5,0,5,0,14,20,0,34,0,0,0,34
12/07/2017,ERI,PA,AEA,CE,Combined TRACON& Tower with Radar,0,17,10,0,27,0,0,0,2,2,0,17,10,2,29,4,0,4,33
12/08/2017,ERI,PA,AEA,CE,Combined TRACON& Tower with Radar,0,19,5,0,24,0,0,0,0,0,0,19,5,0,24,0,0,0,24
12/09/2017,ERI,PA,AEA,CE,Combined TRACON& Tower with Radar,0,9,5,0,14,0,0,14,0,14,0,9,19,0,28,38,0,38,66
12/10/2017,ERI,PA,AEA,CE,Combined TRACON& Tower with Radar,0,14,2,0,16,0,0,0,0,0,0,14,2,0,16,0,0,0,16
12/11/2017,ERI,PA,AEA,CE,Combined TRACON& Tower with Radar,0,20,5,0,25,0,0,2,0,2,0,20,7,0,27,0,0,0,27
12/12/2017,ERI,PA,AEA,CE,Combined TRACON& Tower with Radar,0,17,1,0,18,0,0,0,0,0,0,17,1,0,18,0,0,0,18
12/13/2017,ERI,PA,AEA,CE,Combined TRACON& Tower with Radar,0,20,4,0,24,0,0,2,0,2,0,20,6,0,26,12,0,12,38
12/14/2017,ERI,PA,AEA,CE,Combined TRACON& Tower with Radar,0,21,12,0,33,0,1,3,1,5,0,22,15,1,38,0,0,0,38
12/15/2017,ERI,PA,AEA,CE,Combined TRACON& Tower with Radar,0,16,6,2,24,0,0,9,0,9,0,16,15,2,33,12,0,12,45
12/16/2017,ERI,PA,AEA,CE,Combined TRACON& Tower with Radar,0,14,3,0,17,0,0,0,0,0,0,14,3,0,17,0,0,0,17
12/17/2017,ERI,PA,AEA,CE,Combined TRACON& Tower with Radar,0,19,9,0,28,0,0,3,0,3,0,19,12,0,31,16,0,16,47
12/18/2017,ERI,PA,AEA,CE,Combined TRACON& Tower with Radar,0,17,9,0,26,0,0,2,0,2,0,17,11,0,28,12,0,12,40
12/19/2017,ERI,PA,AEA,CE,Combined TRACON& Tower with Radar,0,24,15,0,39,0,0,8,0,8,0,24,23,0,47,19,0,19,66
12/20/2017,ERI,PA,AEA,CE,Combined TRACON& Tower with Radar,0,24,7,6,37,0,0,8,2,10,0,24,15,8,47,1,10,11,58
12/21/2017,ERI,PA,AEA,CE,Combined TRACON& Tower with Radar,0,17,11,0,28,0,0,17,0,17,0,17,28,0,45,19,0,19,64
12/22/2017,ERI,PA,AEA,CE,Combined TRACON& Tower with Radar,0,26,5,0,31,0,0,0,0,0,0,26,5,0,31,0,0,0,31
12/23/2017,ERI,PA,AEA,CE,Combined TRACON& Tower with Radar,0,17,0,0,17,0,0,0,0,0,0,17,0,0,17,0,0,0,17
12/24/2017,ERI,PA,AEA,CE,Combined TRACON& Tower with Radar,0,11,5,0,16,0,0,1,0,1,0,11,6,0,17,0,0,0,17
12/25/2017,ERI,PA,AEA,CE,Combined TRACON& Tower with Radar,0,1,0,0,1,0,0,0,0,0,0,1,0,0,1,0,0,0,1
12/26/2017,ERI,PA,AEA,CE,Combined TRACON& Tower with Radar,0,0,0,0,0,0,0,0,0,0,0,0,0,0,0,0,0,0,0
12/27/2017,ERI,PA,AEA,CE,Combined TRACON& Tower with Radar,0,12,7,0,19,0,0,0,0,0,0,12,7,0,19,0,0,0,19
12/28/2017,ERI,PA,AEA,CE,Combined TRACON& Tower with Radar,0,18,9,0,27,0,0,3,0,3,0,18,12,0,30,10,0,10,40
12/29/2017,ERI,PA,AEA,CE,Combined TRACON& Tower with Radar,0,12,3,0,15,0,0,2,0,2,0,12,5,0,17,0,0,0,17
12/30/2017,ERI,PA,AEA,CE,Combined TRACON& Tower with Radar,0,3,0,0,3,0,0,0,0,0,0,3,0,0,3,0,0,0,3
12/31/2017,ERI,PA,AEA,CE,Combined TRACON& Tower with Radar,0,16,1,0,17,0,0,0,0,0,0,16,1,0,17,0,0,0,17
01/01/2018,ERI,PA,AEA,CE,Combined TRACON& Tower with Radar,0,13,3,0,16,0,0,0,0,0,0,13,3,0,16,0,0,0,16
01/02/2018,ERI,PA,AEA,CE,Combined TRACON& Tower with Radar,0,15,1,0,16,0,0,3,0,3,0,15,4,0,19,0,0,0,19
01/03/2018,ERI,PA,AEA,CE,Combined TRACON& Tower with Radar,0,16,8,0,24,0,0,4,2,6,0,16,12,2,30,6,0,6,36
01/04/2018,ERI,PA,AEA,CE,Combined TRACON& Tower with Radar,0,9,4,0,13,0,0,0,0,0,0,9,4,0,13,0,0,0,13
01/05/2018,ERI,PA,AEA,CE,Combined TRACON& Tower with Radar,0,15,2,0,17,0,0,0,0,0,0,15,2,0,17,12,0,12,29
01/06/2018,ERI,PA,AEA,CE,Combined TRACON& Tower with Radar,0,9,3,0,12,0,0,2,0,2,0,9,5,0,14,18,0,18,32
01/07/2018,ERI,PA,AEA,CE,Combined TRACON& Tower with Radar,0,23,8,0,31,0,0,8,2,10,0,23,16,2,41,8,0,8,49
01/08/2018,ERI,PA,AEA,CE,Combined TRACON& Tower with Radar,0,12,2,0,14,0,0,0,0,0,0,12,2,0,14,0,0,0,14
01/09/2018,ERI,PA,AEA,CE,Combined TRACON& Tower with Radar,0,18,0,0,18,0,0,0,0,0,0,18,0,0,18,11,0,11,29
01/10/2018,ERI,PA,AEA,CE,Combined TRACON& Tower with Radar,0,21,10,0,31,0,0,3,0,3,0,21,13,0,34,12,0,12,46
01/11/2018,ERI,PA,AEA,CE,Combined TRACON& Tower with Radar,0,22,2,0,24,0,1,6,0,7,0,23,8,0,31,14,0,14,45
01/12/2018,ERI,PA,AEA,CE,Combined TRACON& Tower with Radar,0,18,4,0,22,0,0,0,0,0,0,18,4,0,22,2,0,2,24
01/13/2018,ERI,PA,AEA,CE,Combined TRACON& Tower with Radar,0,18,8,0,26,0,0,4,0,4,0,18,12,0,30,0,0,0,30
01/14/2018,ERI,PA,AEA,CE,Combined TRACON& Tower with Radar,0,20,6,0,26,0,0,17,2,19,0,20,23,2,45,12,0,12,57
01/15/2018,ERI,PA,AEA,CE,Combined TRACON& Tower with Radar,0,15,14,0,29,0,0,8,0,8,0,15,22,0,37,14,0,14,51
01/16/2018,ERI,PA,AEA,CE,Combined TRACON& Tower with Radar,0,16,3,0,19,0,0,0,0,0,0,16,3,0,19,1,0,1,20
01/17/2018,ERI,PA,AEA,CE,Combined TRACON& Tower with Radar,0,17,13,0,30,0,0,9,0,9,0,17,22,0,39,10,0,10,49
01/18/2018,ERI,PA,AEA,CE,Combined TRACON& Tower with Radar,0,24,6,0,30,0,0,13,0,13,0,24,19,0,43,16,0,16,59
01/19/2018,ERI,PA,AEA,CE,Combined TRACON& Tower with Radar,0,18,7,0,25,0,0,16,1,17,0,18,23,1,42,23,0,23,65
01/20/2018,ERI,PA,AEA,CE,Combined TRACON& Tower with Radar,0,13,8,0,21,0,0,13,0,13,0,13,21,0,34,26,0,26,60
01/21/2018,ERI,PA,AEA,CE,Combined TRACON& Tower with Radar,0,15,8,0,23,0,0,0,0,0,0,15,8,0,23,0,0,0,23
01/22/2018,ERI,PA,AEA,CE,Combined TRACON& Tower with Radar,0,22,9,0,31,0,0,12,0,12,0,22,21,0,43,15,0,15,58
01/23/2018,ERI,PA,AEA,CE,Combined TRACON& Tower with Radar,0,19,7,0,26,0,0,2,0,2,0,19,9,0,28,0,0,0,28
01/24/2018,ERI,PA,AEA,CE,Combined TRACON& Tower with Radar,0,22,1,0,23,0,0,0,0,0,0,22,1,0,23,0,0,0,23
01/25/2018,ERI,PA,AEA,CE,Combined TRACON& Tower with Radar,0,22,8,0,30,0,0,18,0,18,0,22,26,0,48,46,0,46,94
01/26/2018,ERI,PA,AEA,CE,Combined TRACON& Tower with Radar,0,22,24,0,46,0,0,18,0,18,0,22,42,0,64,36,0,36,100
01/27/2018,ERI,PA,AEA,CE,Combined TRACON& Tower with Radar,0,15,7,0,22,0,0,2,0,2,0,15,9,0,24,0,0,0,24
01/28/2018,ERI,PA,AEA,CE,Combined TRACON& Tower with Radar,0,14,16,0,30,0,0,27,0,27,0,14,43,0,57,34,0,34,91
01/29/2018,ERI,PA,AEA,CE,Combined TRACON& Tower with Radar,0,17,13,0,30,0,0,12,0,12,0,17,25,0,42,53,0,53,95
01/30/2018,ERI,PA,AEA,CE,Combined TRACON& Tower with Radar,0,15,8,0,23,0,0,8,0,8,0,15,16,0,31,14,0,14,45
01/31/2018,ERI,PA,AEA,CE,Combined TRACON& Tower with Radar,0,6,4,0,10,0,0,0,0,0,0,6,4,0,10,17,0,17,27
02/01/2018,ERI,PA,AEA,CE,Combined TRACON& Tower with Radar,0,23,8,0,31,0,0,10,0,10,0,23,18,0,41,16,0,16,57
02/02/2018,ERI,PA,AEA,CE,Combined TRACON& Tower with Radar,0,10,1,0,11,0,0,0,0,0,0,10,1,0,11,30,0,30,41
02/03/2018,ERI,PA,AEA,CE,Combined TRACON& Tower with Radar,0,5,0,0,5,0,0,0,0,0,0,5,0,0,5,12,0,12,17
02/04/2018,ERI,PA,AEA,CE,Combined TRACON& Tower with Radar,0,6,1,0,7,0,0,0,0,0,0,6,1,0,7,0,0,0,7
02/05/2018,ERI,PA,AEA,CE,Combined TRACON& Tower with Radar,0,12,3,0,15,0,0,2,0,2,0,12,5,0,17,41,0,41,58
02/06/2018,ERI,PA,AEA,CE,Combined TRACON& Tower with Radar,0,15,7,0,22,0,0,5,0,5,0,15,12,0,27,18,0,18,45
02/07/2018,ERI,PA,AEA,CE,Combined TRACON& Tower with Radar,0,16,1,0,17,0,0,0,0,0,0,16,1,0,17,0,0,0,17
02/08/2018,ERI,PA,AEA,CE,Combined TRACON& Tower with Radar,0,21,11,0,32,0,0,0,0,0,0,21,11,0,32,14,0,14,46
02/09/2018,ERI,PA,AEA,CE,Combined TRACON& Tower with Radar,0,18,5,0,23,0,0,0,0,0,0,18,5,0,23,2,0,2,25
02/10/2018,ERI,PA,AEA,CE,Combined TRACON& Tower with Radar,0,16,1,0,17,0,0,0,0,0,0,16,1,0,17,1,0,1,18
02/11/2018,ERI,PA,AEA,CE,Combined TRACON& Tower with Radar,0,17,2,0,19,0,0,0,0,0,0,17,2,0,19,0,0,0,19
02/12/2018,ERI,PA,AEA,CE,Combined TRACON& Tower with Radar,0,17,12,0,29,0,0,31,0,31,0,17,43,0,60,56,0,56,116
02/13/2018,ERI,PA,AEA,CE,Combined TRACON& Tower with Radar,0,19,7,0,26,0,1,11,3,15,0,20,18,3,41,56,0,56,97
02/14/2018,ERI,PA,AEA,CE,Combined TRACON& Tower with Radar,0,18,3,0,21,0,0,14,0,14,0,18,17,0,35,65,0,65,100
02/15/2018,ERI,PA,AEA,CE,Combined TRACON& Tower with Radar,0,22,20,2,44,0,0,0,0,0,0,22,20,2,44,2,0,2,46
02/16/2018,ERI,PA,AEA,CE,Combined TRACON& Tower with Radar,0,17,3,2,22,0,0,0,0,0,0,17,3,2,22,6,0,6,28
02/17/2018,ERI,PA,AEA,CE,Combined TRACON& Tower with Radar,0,20,4,0,24,0,0,13,0,13,0,20,17,0,37,34,0,34,71
02/18/2018,ERI,PA,AEA,CE,Combined TRACON& Tower with Radar,0,14,6,0,20,0,0,17,0,17,0,14,23,0,37,55,0,55,92
02/19/2018,ERI,PA,AEA,CE,Combined TRACON& Tower with Radar,0,19,17,0,36,0,0,4,0,4,0,19,21,0,40,18,0,18,58
02/20/2018,ERI,PA,AEA,CE,Combined TRACON& Tower with Radar,0,16,6,0,22,0,0,7,0,7,0,16,13,0,29,30,0,30,59
02/21/2018,ERI,PA,AEA,CE,Combined TRACON& Tower with Radar,0,21,1,2,24,0,0,0,0,0,0,21,1,2,24,2,0,2,26
02/22/2018,ERI,PA,AEA,CE,Combined TRACON& Tower with Radar,0,14,3,0,17,0,0,0,0,0,0,14,3,0,17,0,0,0,17
02/23/2018,ERI,PA,AEA,CE,Combined TRACON& Tower with Radar,0,19,2,0,21,0,0,4,0,4,0,19,6,0,25,6,0,6,31
02/24/2018,ERI,PA,AEA,CE,Combined TRACON& Tower with Radar,0,16,3,0,19,0,0,3,0,3,0,16,6,0,22,42,0,42,64
02/25/2018,ERI,PA,AEA,CE,Combined TRACON& Tower with Radar,0,15,7,0,22,0,2,4,0,6,0,17,11,0,28,8,0,8,36
02/26/2018,ERI,PA,AEA,CE,Combined TRACON& Tower with Radar,0,15,11,4,30,0,0,36,0,36,0,15,47,4,66,98,20,118,184
02/27/2018,ERI,PA,AEA,CE,Combined TRACON& Tower with Radar,0,20,13,0,33,0,0,45,0,45,0,20,58,0,78,122,0,122,200
02/28/2018,ERI,PA,AEA,CE,Combined TRACON& Tower with Radar,0,16,15,0,31,0,0,21,0,21,0,16,36,0,52,54,0,54,106
03/01/2018,ERI,PA,AEA,CE,Combined TRACON& Tower with Radar,0,19,3,0,22,0,0,0,0,0,0,19,3,0,22,0,0,0,22
03/02/2018,ERI,PA,AEA,CE,Combined TRACON& Tower with Radar,0,12,10,0,22,0,1,5,0,6,0,13,15,0,28,38,0,38,66
03/03/2018,ERI,PA,AEA,CE,Combined TRACON& Tower with Radar,0,18,7,0,25,0,1,13,0,14,0,19,20,0,39,32,0,32,71
03/04/2018,ERI,PA,AEA,CE,Combined TRACON& Tower with Radar,0,16,9,9,34,0,0,22,0,22,0,16,31,9,56,8,22,30,86
03/05/2018,ERI,PA,AEA,CE,Combined TRACON& Tower with Radar,0,13,8,0,21,0,0,17,0,17,0,13,25,0,38,107,0,107,145
03/06/2018,ERI,PA,AEA,CE,Combined TRACON& Tower with Radar,0,17,9,0,26,0,1,6,0,7,0,18,15,0,33,6,0,6,39
03/07/2018,ERI,PA,AEA,CE,Combined TRACON& Tower with Radar,0,14,8,0,22,0,0,0,0,0,0,14,8,0,22,0,0,0,22
03/08/2018,ERI,PA,AEA,CE,Combined TRACON& Tower with Radar,0,17,5,0,22,0,0,0,0,0,0,17,5,0,22,10,0,10,32
03/09/2018,ERI,PA,AEA,CE,Combined TRACON& Tower with Radar,0,18,1,0,19,0,0,0,0,0,0,18,1,0,19,0,0,0,19
03/10/2018,ERI,PA,AEA,CE,Combined TRACON& Tower with Radar,0,16,7,0,23,0,1,17,0,18,0,17,24,0,41,54,0,54,95
03/11/2018,ERI,PA,AEA,CE,Combined TRACON& Tower with Radar,0,18,11,0,29,0,1,16,0,17,0,19,27,0,46,18,0,18,64
03/12/2018,ERI,PA,AEA,CE,Combined TRACON& Tower with Radar,0,15,1,0,16,0,0,20,0,20,0,15,21,0,36,48,0,48,84
03/13/2018,ERI,PA,AEA,CE,Combined TRACON& Tower with Radar,0,13,8,2,23,0,0,3,0,3,0,13,11,2,26,10,0,10,36
03/14/2018,ERI,PA,AEA,CE,Combined TRACON& Tower with Radar,0,17,1,0,18,0,3,0,0,3,0,20,1,0,21,4,0,4,25
03/15/2018,ERI,PA,AEA,CE,Combined TRACON& Tower with Radar,0,18,13,0,31,0,0,1,0,1,0,18,14,0,32,13,0,13,45
03/16/2018,ERI,PA,AEA,CE,Combined TRACON& Tower with Radar,0,20,20,0,40,0,0,9,0,9,0,20,29,0,49,0,0,0,49
03/17/2018,ERI,PA,AEA,CE,Combined TRACON& Tower with Radar,0,17,5,0,22,0,0,19,0,19,0,17,24,0,41,17,0,17,58
03/18/2018,ERI,PA,AEA,CE,Combined TRACON& Tower with Radar,0,14,16,0,30,0,0,36,0,36,0,14,52,0,66,11,0,11,77
03/19/2018,ERI,PA,AEA,CE,Combined TRACON& Tower with Radar,0,20,19,0,39,0,0,37,0,37,0,20,56,0,76,37,0,37,113
03/20/2018,ERI,PA,AEA,CE,Combined TRACON& Tower with Radar,0,17,7,0,24,0,0,13,0,13,0,17,20,0,37,6,0,6,43
03/21/2018,ERI,PA,AEA,CE,Combined TRACON& Tower with Radar,0,16,2,0,18,0,0,8,2,10,0,16,10,2,28,6,0,6,34
03/22/2018,ERI,PA,AEA,CE,Combined TRACON& Tower with Radar,0,16,8,0,24,0,1,16,0,17,0,17,24,0,41,19,0,19,60
03/23/2018,ERI,PA,AEA,CE,Combined TRACON& Tower with Radar,0,17,9,0,26,0,0,19,3,22,0,17,28,3,48,49,0,49,97
03/24/2018,ERI,PA,AEA,CE,Combined TRACON& Tower with Radar,0,13,8,0,21,0,0,18,0,18,0,13,26,0,39,38,0,38,77
03/25/2018,ERI,PA,AEA,CE,Combined TRACON& Tower with Radar,0,18,5,0,23,0,0,15,2,17,0,18,20,2,40,4,0,4,44
03/26/2018,ERI,PA,AEA,CE,Combined TRACON& Tower with Radar,0,9,10,0,19,0,0,14,0,14,0,9,24,0,33,19,0,19,52
03/27/2018,ERI,PA,AEA,CE,Combined TRACON& Tower with Radar,0,19,4,0,23,0,0,0,0,0,0,19,4,0,23,0,0,0,23
03/28/2018,ERI,PA,AEA,CE,Combined TRACON& Tower with Radar,0,24,12,0,36,0,0,0,0,0,0,24,12,0,36,0,0,0,36
03/29/2018,ERI,PA,AEA,CE,Combined TRACON& Tower with Radar,0,16,19,0,35,0,0,1,0,1,0,16,20,0,36,0,0,0,36
03/30/2018,ERI,PA,AEA,CE,Combined TRACON& Tower with Radar,0,23,5,0,28,0,0,2,0,2,0,23,7,0,30,22,0,22,52
03/31/2018,ERI,PA,AEA,CE,Combined TRACON& Tower with Radar,0,19,11,0,30,0,0,15,1,16,0,19,26,1,46,20,0,20,66
04/01/2018,ERI,PA,AEA,CE,Combined TRACON& Tower with Radar,0,14,3,0,17,0,0,14,0,14,0,14,17,0,31,48,0,48,79
04/02/2018,ERI,PA,AEA,CE,Combined TRACON& Tower with Radar,0,17,16,0,33,0,0,22,0,22,0,17,38,0,55,40,0,40,95
04/03/2018,ERI,PA,AEA,CE,Combined TRACON& Tower with Radar,0,13,10,0,23,0,0,0,0,0,0,13,10,0,23,2,0,2,25
04/04/2018,ERI,PA,AEA,CE,Combined TRACON& Tower with Radar,0,12,2,0,14,0,0,0,0,0,0,12,2,0,14,0,0,0,14
04/05/2018,ERI,PA,AEA,CE,Combined TRACON& Tower with Radar,0,23,18,0,41,0,0,12,0,12,0,23,30,0,53,28,0,28,81
04/06/2018,ERI,PA,AEA,CE,Combined TRACON& Tower with Radar,0,20,8,0,28,0,0,3,0,3,0,20,11,0,31,4,0,4,35
04/07/2018,ERI,PA,AEA,CE,Combined TRACON& Tower with Radar,0,18,1,0,19,0,0,22,0,22,0,18,23,0,41,20,0,20,61
04/08/2018,ERI,PA,AEA,CE,Combined TRACON& Tower with Radar,0,17,6,0,23,0,0,14,0,14,0,17,20,0,37,8,0,8,45
04/09/2018,ERI,PA,AEA,CE,Combined TRACON& Tower with Radar,0,17,4,0,21,0,0,12,0,12,0,17,16,0,33,44,0,44,77
04/10/2018,ERI,PA,AEA,CE,Combined TRACON& Tower with Radar,0,21,4,0,25,0,0,17,4,21,0,21,21,4,46,30,0,30,76
04/11/2018,ERI,PA,AEA,CE,Combined TRACON& Tower with Radar,0,20,8,0,28,0,2,24,0,26,0,22,32,0,54,27,0,27,81
04/12/2018,ERI,PA,AEA,CE,Combined TRACON& Tower with Radar,0,22,5,0,27,0,0,6,0,6,0,22,11,0,33,10,0,10,43
04/13/2018,ERI,PA,AEA,CE,Combined TRACON& Tower with Radar,0,18,9,0,27,0,0,11,0,11,0,18,20,0,38,38,0,38,76
04/14/2018,ERI,PA,AEA,CE,Combined TRACON& Tower with Radar,0,15,1,0,16,0,0,0,0,0,0,15,1,0,16,0,0,0,16
04/15/2018,ERI,PA,AEA,CE,Combined TRACON& Tower with Radar,0,13,2,0,15,0,0,0,0,0,0,13,2,0,15,0,0,0,15
04/16/2018,ERI,PA,AEA,CE,Combined TRACON& Tower with Radar,0,18,9,0,27,0,0,0,0,0,0,18,9,0,27,0,0,0,27
04/17/2018,ERI,PA,AEA,CE,Combined TRACON& Tower with Radar,0,23,5,0,28,0,0,1,0,1,0,23,6,0,29,0,0,0,29
04/18/2018,ERI,PA,AEA,CE,Combined TRACON& Tower with Radar,0,27,8,0,35,0,0,11,6,17,0,27,19,6,52,19,12,31,83
04/19/2018,ERI,PA,AEA,CE,Combined TRACON& Tower with Radar,0,21,3,0,24,0,0,12,0,12,0,21,15,0,36,40,0,40,76
04/20/2018,ERI,PA,AEA,CE,Combined TRACON& Tower with Radar,0,25,8,0,33,0,0,40,2,42,0,25,48,2,75,36,0,36,111
04/21/2018,ERI,PA,AEA,CE,Combined TRACON& Tower with Radar,0,14,6,0,20,0,0,23,0,23,0,14,29,0,43,12,0,12,55
04/22/2018,ERI,PA,AEA,CE,Combined TRACON& Tower with Radar,0,14,5,0,19,0,0,35,0,35,0,14,40,0,54,9,0,9,63
04/23/2018,ERI,PA,AEA,CE,Combined TRACON& Tower with Radar,0,15,5,0,20,0,0,46,3,49,0,15,51,3,69,38,0,38,107
04/24/2018,ERI,PA,AEA,CE,Combined TRACON& Tower with Radar,0,16,2,0,18,0,0,10,0,10,0,16,12,0,28,12,0,12,40
04/25/2018,ERI,PA,AEA,CE,Combined TRACON& Tower with Radar,0,18,9,0,27,0,0,0,0,0,0,18,9,0,27,3,0,3,30
04/26/2018,ERI,PA,AEA,CE,Combined TRACON& Tower with Radar,0,17,22,0,39,0,0,28,0,28,0,17,50,0,67,18,0,18,85
04/27/2018,ERI,PA,AEA,CE,Combined TRACON& Tower with Radar,0,16,8,0,24,0,0,20,0,20,0,16,28,0,44,10,0,10,54
04/28/2018,ERI,PA,AEA,CE,Combined TRACON& Tower with Radar,0,17,1,0,18,0,0,0,0,0,0,17,1,0,18,0,0,0,18
04/29/2018,ERI,PA,AEA,CE,Combined TRACON& Tower with Radar,0,17,8,0,25,0,0,21,0,21,0,17,29,0,46,3,0,3,49
04/30/2018,ERI,PA,AEA,CE,Combined TRACON& Tower with Radar,0,16,9,2,27,0,0,42,2,44,0,16,51,4,71,48,2,50,121
05/01/2018,ERI,PA,AEA,CE,Combined TRACON& Tower with Radar,0,22,15,2,39,0,0,36,0,36,0,22,51,2,75,42,0,42,117
05/02/2018,ERI,PA,AEA,CE,Combined TRACON& Tower with Radar,0,19,19,0,38,0,0,21,0,21,0,19,40,0,59,22,0,22,81
05/03/2018,ERI,PA,AEA,CE,Combined TRACON& Tower with Radar,0,15,11,0,26,0,0,0,0,0,0,15,11,0,26,0,0,0,26
05/04/2018,ERI,PA,AEA,CE,Combined TRACON& Tower with Radar,0,28,5,0,33,0,0,4,0,4,0,28,9,0,37,4,0,4,41
05/05/2018,ERI,PA,AEA,CE,Combined TRACON& Tower with Radar,0,15,13,0,28,0,0,20,0,20,0,15,33,0,48,15,0,15,63
05/06/2018,ERI,PA,AEA,CE,Combined TRACON& Tower with Radar,0,14,10,0,24,0,0,11,0,11,0,14,21,0,35,15,0,15,50
05/07/2018,ERI,PA,AEA,CE,Combined TRACON& Tower with Radar,0,13,12,0,25,0,0,16,0,16,0,13,28,0,41,25,0,25,66
05/08/2018,ERI,PA,AEA,CE,Combined TRACON& Tower with Radar,0,20,4,2,26,0,0,26,0,26,0,20,30,2,52,61,0,61,113
05/09/2018,ERI,PA,AEA,CE,Combined TRACON& Tower with Radar,0,18,8,1,27,0,0,18,5,23,0,18,26,6,50,26,2,28,78
05/10/2018,ERI,PA,AEA,CE,Combined TRACON& Tower with Radar,0,26,10,0,36,0,0,13,1,14,0,26,23,1,50,22,0,22,72
05/11/2018,ERI,PA,AEA,CE,Combined TRACON& Tower with Radar,0,18,5,0,23,0,0,16,0,16,0,18,21,0,39,4,0,4,43
05/12/2018,ERI,PA,AEA,CE,Combined TRACON& Tower with Radar,0,14,4,0,18,0,0,0,0,0,0,14,4,0,18,2,0,2,20
05/13/2018,ERI,PA,AEA,CE,Combined TRACON& Tower with Radar,0,17,10,0,27,0,0,5,1,6,0,17,15,1,33,12,0,12,45
05/14/2018,ERI,PA,AEA,CE,Combined TRACON& Tower with Radar,0,15,0,0,15,0,0,7,0,7,0,15,7,0,22,22,0,22,44
05/15/2018,ERI,PA,AEA,CE,Combined TRACON& Tower with Radar,0,22,5,0,27,0,0,9,0,9,0,22,14,0,36,9,0,9,45
05/16/2018,ERI,PA,AEA,CE,Combined TRACON& Tower with Radar,0,19,27,2,48,0,0,31,1,32,0,19,58,3,80,41,0,41,121
05/17/2018,ERI,PA,AEA,CE,Combined TRACON& Tower with Radar,0,17,16,0,33,0,0,19,0,19,0,17,35,0,52,31,0,31,83
05/18/2018,ERI,PA,AEA,CE,Combined TRACON& Tower with Radar,0,21,12,0,33,0,0,22,0,22,0,21,34,0,55,8,0,8,63
05/19/2018,ERI,PA,AEA,CE,Combined TRACON& Tower with Radar,0,20,2,0,22,0,0,2,0,2,0,20,4,0,24,0,0,0,24
05/20/2018,ERI,PA,AEA,CE,Combined TRACON& Tower with Radar,0,20,12,0,32,0,0,4,2,6,0,20,16,2,38,28,0,28,66
05/21/2018,ERI,PA,AEA,CE,Combined TRACON& Tower with Radar,0,17,6,0,23,0,0,27,0,27,0,17,33,0,50,30,0,30,80
05/22/2018,ERI,PA,AEA,CE,Combined TRACON& Tower with Radar,0,30,3,0,33,0,0,2,0,2,0,30,5,0,35,0,0,0,35
05/23/2018,ERI,PA,AEA,CE,Combined TRACON& Tower with Radar,0,19,14,4,37,0,0,26,0,26,0,19,40,4,63,20,0,20,83
05/24/2018,ERI,PA,AEA,CE,Combined TRACON& Tower with Radar,0,17,16,0,33,0,0,63,0,63,0,17,79,0,96,82,0,82,178
05/25/2018,ERI,PA,AEA,CE,Combined TRACON& Tower with Radar,0,20,13,0,33,0,0,37,0,37,0,20,50,0,70,32,0,32,102
05/26/2018,ERI,PA,AEA,CE,Combined TRACON& Tower with Radar,0,14,2,0,16,0,0,17,0,17,0,14,19,0,33,35,0,35,68
05/27/2018,ERI,PA,AEA,CE,Combined TRACON& Tower with Radar,0,15,13,0,28,0,0,6,0,6,0,15,19,0,34,14,0,14,48
05/28/2018,ERI,PA,AEA,CE,Combined TRACON& Tower with Radar,0,17,8,0,25,0,0,31,0,31,0,17,39,0,56,38,0,38,94
05/29/2018,ERI,PA,AEA,CE,Combined TRACON& Tower with Radar,0,20,19,0,39,0,0,26,0,26,0,20,45,0,65,23,0,23,88
05/30/2018,ERI,PA,AEA,CE,Combined TRACON& Tower with Radar,0,17,19,4,40,0,0,13,0,13,0,17,32,4,53,17,0,17,70
05/31/2018,ERI,PA,AEA,CE,Combined TRACON& Tower with Radar,0,22,12,0,34,0,0,4,0,4,0,22,16,0,38,4,0,4,42
06/01/2018,ERI,PA,AEA,CE,Combined TRACON& Tower with Radar,0,19,22,0,41,0,0,6,0,6,0,19,28,0,47,38,0,38,85
06/02/2018,ERI,PA,AEA,CE,Combined TRACON& Tower with Radar,0,13,14,0,27,0,0,2,0,2,0,13,16,0,29,26,0,26,55
06/03/2018,ERI,PA,AEA,CE,Combined TRACON& Tower with Radar,0,14,14,0,28,0,0,3,0,3,0,14,17,0,31,14,0,14,45
06/04/2018,ERI,PA,AEA,CE,Combined TRACON& Tower with Radar,0,17,9,0,26,0,0,12,3,15,0,17,21,3,41,41,0,41,82
06/05/2018,ERI,PA,AEA,CE,Combined TRACON& Tower with Radar,0,23,9,0,32,0,0,10,0,10,0,23,19,0,42,27,0,27,69
06/06/2018,ERI,PA,AEA,CE,Combined TRACON& Tower with Radar,0,19,14,0,33,0,0,19,0,19,0,19,33,0,52,41,0,41,93
06/07/2018,ERI,PA,AEA,CE,Combined TRACON& Tower with Radar,0,19,7,0,26,0,1,33,0,34,0,20,40,0,60,52,0,52,112
06/08/2018,ERI,PA,AEA,CE,Combined TRACON& Tower with Radar,0,15,14,0,29,0,0,29,0,29,0,15,43,0,58,58,0,58,116
06/09/2018,ERI,PA,AEA,CE,Combined TRACON& Tower with Radar,0,17,7,6,30,0,0,14,0,14,0,17,21,6,44,8,10,18,62
06/10/2018,ERI,PA,AEA,CE,Combined TRACON& Tower with Radar,0,12,6,0,18,0,0,1,0,1,0,12,7,0,19,1,0,1,20
06/11/2018,ERI,PA,AEA,CE,Combined TRACON& Tower with Radar,0,18,21,0,39,0,1,29,2,32,0,19,50,2,71,43,0,43,114
06/12/2018,ERI,PA,AEA,CE,Combined TRACON& Tower with Radar,0,20,7,1,28,0,0,21,0,21,0,20,28,1,49,0,2,2,51
06/13/2018,ERI,PA,AEA,CE,Combined TRACON& Tower with Radar,0,19,12,4,35,0,0,7,0,7,0,19,19,4,42,16,0,16,58
06/14/2018,ERI,PA,AEA,CE,Combined TRACON& Tower with Radar,0,25,17,0,42,0,0,35,0,35,0,25,52,0,77,24,0,24,101
06/15/2018,ERI,PA,AEA,CE,Combined TRACON& Tower with Radar,0,16,21,0,37,0,0,48,0,48,0,16,69,0,85,36,0,36,121
06/16/2018,ERI,PA,AEA,CE,Combined TRACON& Tower with Radar,0,14,12,0,26,0,0,16,0,16,0,14,28,0,42,1,0,1,43
06/17/2018,ERI,PA,AEA,CE,Combined TRACON& Tower with Radar,0,19,8,0,27,0,0,13,0,13,0,19,21,0,40,30,0,30,70
06/18/2018,ERI,PA,AEA,CE,Combined TRACON& Tower with Radar,0,17,15,2,34,0,0,8,0,8,0,17,23,2,42,2,0,2,44
06/19/2018,ERI,PA,AEA,CE,Combined TRACON& Tower with Radar,0,22,14,0,36,0,0,9,0,9,0,22,23,0,45,60,0,60,105
06/20/2018,ERI,PA,AEA,CE,Combined TRACON& Tower with Radar,0,21,15,6,42,0,0,1,0,1,0,21,16,6,43,35,16,51,94
06/21/2018,ERI,PA,AEA,CE,Combined TRACON& Tower with Radar,0,15,8,0,23,0,0,21,5,26,0,15,29,5,49,6,0,6,55
06/22/2018,ERI,PA,AEA,CE,Combined TRACON& Tower with Radar,0,20,16,0,36,0,0,8,0,8,0,20,24,0,44,14,0,14,58
06/23/2018,ERI,PA,AEA,CE,Combined TRACON& Tower with Radar,0,14,10,0,24,0,0,5,2,7,0,14,15,2,31,59,0,59,90
06/24/2018,ERI,PA,AEA,CE,Combined TRACON& Tower with Radar,0,17,9,0,26,0,0,4,0,4,0,17,13,0,30,2,0,2,32
06/25/2018,ERI,PA,AEA,CE,Combined TRACON& Tower with Radar,0,15,18,0,33,0,0,26,0,26,0,15,44,0,59,62,0,62,121
06/26/2018,ERI,PA,AEA,CE,Combined TRACON& Tower with Radar,0,16,12,0,28,0,0,61,0,61,0,16,73,0,89,38,0,38,127
06/27/2018,ERI,PA,AEA,CE,Combined TRACON& Tower with Radar,0,16,8,0,24,0,0,2,0,2,0,16,10,0,26,16,0,16,42
06/28/2018,ERI,PA,AEA,CE,Combined TRACON& Tower with Radar,0,18,12,0,30,0,0,14,0,14,0,18,26,0,44,44,0,44,88
06/29/2018,ERI,PA,AEA,CE,Combined TRACON& Tower with Radar,0,17,16,0,33,0,0,35,2,37,0,17,51,2,70,36,0,36,106
06/30/2018,ERI,PA,AEA,CE,Combined TRACON& Tower with Radar,0,15,13,0,28,0,0,24,0,24,0,15,37,0,52,21,0,21,73
07/01/2018,ERI,PA,AEA,CE,Combined TRACON& Tower with Radar,0,10,12,0,22,0,0,7,0,7,0,10,19,0,29,3,0,3,32
07/02/2018,ERI,PA,AEA,CE,Combined TRACON& Tower with Radar,0,12,3,0,15,0,0,21,0,21,0,12,24,0,36,76,0,76,112
07/03/2018,ERI,PA,AEA,CE,Combined TRACON& Tower with Radar,0,14,9,2,25,0,1,20,0,21,0,15,29,2,46,51,2,53,99
07/04/2018,ERI,PA,AEA,CE,Combined TRACON& Tower with Radar,0,11,6,0,17,0,0,16,0,16,0,11,22,0,33,34,0,34,67
07/05/2018,ERI,PA,AEA,CE,Combined TRACON& Tower with Radar,0,16,18,0,34,0,0,8,0,8,0,16,26,0,42,26,0,26,68
07/06/2018,ERI,PA,AEA,CE,Combined TRACON& Tower with Radar,0,14,17,0,31,0,0,27,0,27,0,14,44,0,58,42,0,42,100
07/07/2018,ERI,PA,AEA,CE,Combined TRACON& Tower with Radar,0,15,18,0,33,0,1,33,0,34,0,16,51,0,67,24,0,24,91
07/08/2018,ERI,PA,AEA,CE,Combined TRACON& Tower with Radar,0,17,19,0,36,0,0,29,0,29,0,17,48,0,65,58,0,58,123
07/09/2018,ERI,PA,AEA,CE,Combined TRACON& Tower with Radar,0,18,18,0,36,0,0,45,1,46,0,18,63,1,82,82,2,84,166
07/10/2018,ERI,PA,AEA,CE,Combined TRACON& Tower with Radar,0,15,7,0,22,0,0,21,0,21,0,15,28,0,43,29,0,29,72
07/11/2018,ERI,PA,AEA,CE,Combined TRACON& Tower with Radar,0,15,12,0,27,0,2,36,3,41,0,17,48,3,68,85,2,87,155
07/12/2018,ERI,PA,AEA,CE,Combined TRACON& Tower with Radar,0,16,16,0,32,0,0,30,2,32,0,16,46,2,64,78,0,78,142
07/13/2018,ERI,PA,AEA,CE,Combined TRACON& Tower with Radar,0,20,26,0,46,0,0,34,0,34,0,20,60,0,80,97,0,97,177
07/14/2018,ERI,PA,AEA,CE,Combined TRACON& Tower with Radar,0,13,9,0,22,0,0,17,1,18,0,13,26,1,40,32,0,32,72
07/15/2018,ERI,PA,AEA,CE,Combined TRACON& Tower with Radar,0,18,10,0,28,0,0,6,0,6,0,18,16,0,34,2,0,2,36
07/16/2018,ERI,PA,AEA,CE,Combined TRACON& Tower with Radar,0,22,17,0,39,0,0,22,0,22,0,22,39,0,61,70,0,70,131
07/17/2018,ERI,PA,AEA,CE,Combined TRACON& Tower with Radar,0,13,12,4,29,0,1,29,0,30,0,14,41,4,59,17,2,19,78
07/18/2018,ERI,PA,AEA,CE,Combined TRACON& Tower with Radar,0,20,9,0,29,0,0,33,2,35,0,20,42,2,64,42,0,42,106
07/19/2018,ERI,PA,AEA,CE,Combined TRACON& Tower with Radar,0,18,22,0,40,0,0,51,0,51,0,18,73,0,91,73,0,73,164
07/20/2018,ERI,PA,AEA,CE,Combined TRACON& Tower with Radar,0,21,18,0,39,0,0,22,0,22,0,21,40,0,61,26,0,26,87
07/21/2018,ERI,PA,AEA,CE,Combined TRACON& Tower with Radar,0,13,9,0,22,0,0,5,0,5,0,13,14,0,27,12,0,12,39
07/22/2018,ERI,PA,AEA,CE,Combined TRACON& Tower with Radar,0,19,20,0,39,0,0,1,0,1,0,19,21,0,40,12,2,14,54
07/23/2018,ERI,PA,AEA,CE,Combined TRACON& Tower with Radar,0,10,6,0,16,0,0,2,0,2,0,10,8,0,18,70,0,70,88
07/24/2018,ERI,PA,AEA,CE,Combined TRACON& Tower with Radar,0,17,12,0,29,0,1,10,0,11,0,18,22,0,40,12,0,12,52
07/25/2018,ERI,PA,AEA,CE,Combined TRACON& Tower with Radar,0,19,33,0,52,0,0,8,0,8,0,19,41,0,60,24,0,24,84
07/26/2018,ERI,PA,AEA,CE,Combined TRACON& Tower with Radar,0,25,19,4,48,0,0,41,0,41,0,25,60,4,89,49,4,53,142
07/27/2018,ERI,PA,AEA,CE,Combined TRACON& Tower with Radar,0,26,22,2,50,0,0,25,0,25,0,26,47,2,75,70,0,70,145
07/28/2018,ERI,PA,AEA,CE,Combined TRACON& Tower with Radar,0,16,13,0,29,0,0,13,0,13,0,16,26,0,42,26,0,26,68
07/29/2018,ERI,PA,AEA,CE,Combined TRACON& Tower with Radar,0,20,14,0,34,0,0,15,1,16,0,20,29,1,50,23,0,23,73
07/30/2018,ERI,PA,AEA,CE,Combined TRACON& Tower with Radar,0,24,9,0,33,0,0,14,0,14,0,24,23,0,47,44,0,44,91
07/31/2018,ERI,PA,AEA,CE,Combined TRACON& Tower with Radar,0,22,5,2,29,0,0,19,0,19,0,22,24,2,48,40,0,40,88
08/01/2018,ERI,PA,AEA,CE,Combined TRACON& Tower with Radar,0,12,9,2,23,0,0,12,0,12,0,12,21,2,35,20,0,20,55
08/02/2018,ERI,PA,AEA,CE,Combined TRACON& Tower with Radar,0,21,18,0,39,0,0,27,0,27,0,21,45,0,66,39,0,39,105
08/03/2018,ERI,PA,AEA,CE,Combined TRACON& Tower with Radar,0,17,15,1,33,0,0,23,0,23,0,17,38,1,56,19,0,19,75
08/04/2018,ERI,PA,AEA,CE,Combined TRACON& Tower with Radar,0,16,6,0,22,0,0,31,2,33,0,16,37,2,55,28,0,28,83
08/05/2018,ERI,PA,AEA,CE,Combined TRACON& Tower with Radar,0,17,6,0,23,0,0,26,0,26,0,17,32,0,49,18,0,18,67
08/06/2018,ERI,PA,AEA,CE,Combined TRACON& Tower with Radar,0,19,10,0,29,0,0,19,0,19,0,19,29,0,48,44,0,44,92
08/07/2018,ERI,PA,AEA,CE,Combined TRACON& Tower with Radar,0,12,9,0,21,0,0,5,0,5,0,12,14,0,26,0,0,0,26
08/08/2018,ERI,PA,AEA,CE,Combined TRACON& Tower with Radar,0,19,13,0,32,0,0,11,0,11,0,19,24,0,43,25,0,25,68
08/09/2018,ERI,PA,AEA,CE,Combined TRACON& Tower with Radar,0,19,19,0,38,0,0,29,0,29,0,19,48,0,67,44,0,44,111
08/10/2018,ERI,PA,AEA,CE,Combined TRACON& Tower with Radar,0,17,24,0,41,0,0,13,0,13,0,17,37,0,54,56,0,56,110
08/11/2018,ERI,PA,AEA,CE,Combined TRACON& Tower with Radar,0,18,17,0,35,0,0,28,0,28,0,18,45,0,63,54,0,54,117
08/12/2018,ERI,PA,AEA,CE,Combined TRACON& Tower with Radar,0,20,21,0,41,0,0,27,0,27,0,20,48,0,68,28,0,28,96
08/13/2018,ERI,PA,AEA,CE,Combined TRACON& Tower with Radar,0,17,22,0,39,0,0,14,0,14,0,17,36,0,53,89,0,89,142
08/14/2018,ERI,PA,AEA,CE,Combined TRACON& Tower with Radar,0,22,13,0,35,0,0,25,0,25,0,22,38,0,60,31,0,31,91
08/15/2018,ERI,PA,AEA,CE,Combined TRACON& Tower with Radar,0,16,23,0,39,0,0,34,0,34,0,16,57,0,73,15,0,15,88
08/16/2018,ERI,PA,AEA,CE,Combined TRACON& Tower with Radar,0,20,10,0,30,0,0,10,0,10,0,20,20,0,40,55,0,55,95
08/17/2018,ERI,PA,AEA,CE,Combined TRACON& Tower with Radar,0,21,21,0,42,0,0,4,0,4,0,21,25,0,46,18,0,18,64
08/18/2018,ERI,PA,AEA,CE,Combined TRACON& Tower with Radar,0,15,2,0,17,0,0,48,0,48,0,15,50,0,65,0,0,0,65
08/19/2018,ERI,PA,AEA,CE,Combined TRACON& Tower with Radar,0,20,22,0,42,0,2,72,0,74,0,22,94,0,116,38,0,38,154
08/20/2018,ERI,PA,AEA,CE,Combined TRACON& Tower with Radar,0,25,14,5,44,0,0,19,5,24,0,25,33,10,68,8,2,10,78
08/21/2018,ERI,PA,AEA,CE,Combined TRACON& Tower with Radar,0,20,14,0,34,0,0,2,0,2,0,20,16,0,36,20,0,20,56
08/22/2018,ERI,PA,AEA,CE,Combined TRACON& Tower with Radar,0,22,14,2,38,0,0,5,2,7,0,22,19,4,45,29,0,29,74
08/23/2018,ERI,PA,AEA,CE,Combined TRACON& Tower with Radar,0,20,15,0,35,0,0,28,0,28,0,20,43,0,63,40,0,40,103
08/24/2018,ERI,PA,AEA,CE,Combined TRACON& Tower with Radar,2,16,26,0,44,0,0,40,0,40,2,16,66,0,84,55,0,55,139
08/25/2018,ERI,PA,AEA,CE,Combined TRACON& Tower with Radar,0,15,11,0,26,0,0,9,0,9,0,15,20,0,35,14,0,14,49
08/26/2018,ERI,PA,AEA,CE,Combined TRACON& Tower with Radar,0,17,21,0,38,0,0,10,0,10,0,17,31,0,48,36,0,36,84
08/27/2018,ERI,PA,AEA,CE,Combined TRACON& Tower with Radar,0,16,11,0,27,0,0,13,0,13,0,16,24,0,40,60,0,60,100
08/28/2018,ERI,PA,AEA,CE,Combined TRACON& Tower with Radar,0,16,8,0,24,0,0,21,4,25,0,16,29,4,49,56,0,56,105
08/29/2018,ERI,PA,AEA,CE,Combined TRACON& Tower with Radar,0,17,9,2,28,0,2,13,2,17,0,19,22,4,45,8,0,8,53
08/30/2018,ERI,PA,AEA,CE,Combined TRACON& Tower with Radar,0,15,24,0,39,0,2,30,1,33,0,17,54,1,72,57,0,57,129
08/31/2018,ERI,PA,AEA,CE,Combined TRACON& Tower with Radar,0,19,11,0,30,0,0,42,0,42,0,19,53,0,72,104,0,104,176
09/01/2018,ERI,PA,AEA,CE,Combined TRACON& Tower with Radar,0,16,9,0,25,0,0,35,0,35,0,16,44,0,60,43,0,43,103
09/02/2018,ERI,PA,AEA,CE,Combined TRACON& Tower with Radar,0,14,5,0,19,0,0,5,1,6,0,14,10,1,25,16,0,16,41
09/03/2018,ERI,PA,AEA,CE,Combined TRACON& Tower with Radar,0,15,17,0,32,0,0,21,2,23,0,15,38,2,55,22,0,22,77
09/04/2018,ERI,PA,AEA,CE,Combined TRACON& Tower with Radar,0,16,9,1,26,0,1,26,2,29,0,17,35,3,55,27,0,27,82
09/05/2018,ERI,PA,AEA,CE,Combined TRACON& Tower with Radar,0,22,15,0,37,0,0,27,0,27,0,22,42,0,64,60,0,60,124
09/06/2018,ERI,PA,AEA,CE,Combined TRACON& Tower with Radar,0,20,12,0,32,0,0,3,6,9,0,20,15,6,41,28,0,28,69
09/07/2018,ERI,PA,AEA,CE,Combined TRACON& Tower with Radar,0,19,17,0,36,0,0,29,0,29,0,19,46,0,65,89,0,89,154
09/08/2018,ERI,PA,AEA,CE,Combined TRACON& Tower with Radar,0,18,13,0,31,0,0,24,0,24,0,18,37,0,55,60,0,60,115
09/09/2018,ERI,PA,AEA,CE,Combined TRACON& Tower with Radar,0,24,11,0,35,0,0,0,0,0,0,24,11,0,35,17,0,17,52
09/10/2018,ERI,PA,AEA,CE,Combined TRACON& Tower with Radar,0,14,6,0,20,0,0,0,0,0,0,14,6,0,20,68,0,68,88
09/11/2018,ERI,PA,AEA,CE,Combined TRACON& Tower with Radar,0,15,22,4,41,0,0,10,0,10,0,15,32,4,51,74,2,76,127
09/12/2018,ERI,PA,AEA,CE,Combined TRACON& Tower with Radar,0,16,13,0,29,0,0,24,1,25,0,16,37,1,54,66,0,66,120
09/13/2018,ERI,PA,AEA,CE,Combined TRACON& Tower with Radar,0,26,16,0,42,0,0,24,2,26,0,26,40,2,68,28,0,28,96
09/14/2018,ERI,PA,AEA,CE,Combined TRACON& Tower with Radar,0,21,10,0,31,0,3,30,0,33,0,24,40,0,64,44,0,44,108
09/15/2018,ERI,PA,AEA,CE,Combined TRACON& Tower with Radar,0,18,12,0,30,0,0,46,1,47,0,18,58,1,77,70,0,70,147
09/16/2018,ERI,PA,AEA,CE,Combined TRACON& Tower with Radar,0,17,9,2,28,0,2,38,2,42,0,19,47,4,70,18,0,18,88
09/17/2018,ERI,PA,AEA,CE,Combined TRACON& Tower with Radar,0,22,14,0,36,0,0,12,0,12,0,22,26,0,48,24,0,24,72
09/18/2018,ERI,PA,AEA,CE,Combined TRACON& Tower with Radar,0,14,17,0,31,0,0,8,0,8,0,14,25,0,39,31,0,31,70
09/19/2018,ERI,PA,AEA,CE,Combined TRACON& Tower with Radar,0,19,25,0,44,0,1,45,1,47,0,20,70,1,91,124,0,124,215
09/20/2018,ERI,PA,AEA,CE,Combined TRACON& Tower with Radar,0,19,9,0,28,0,0,17,2,19,0,19,26,2,47,68,2,70,117
09/21/2018,ERI,PA,AEA,CE,Combined TRACON& Tower with Radar,0,25,12,0,37,0,0,10,0,10,0,25,22,0,47,12,0,12,59
09/22/2018,ERI,PA,AEA,CE,Combined TRACON& Tower with Radar,0,16,19,0,35,0,0,14,0,14,0,16,33,0,49,19,0,19,68
09/23/2018,ERI,PA,AEA,CE,Combined TRACON& Tower with Radar,0,19,24,0,43,0,0,33,0,33,0,19,57,0,76,35,0,35,111
09/24/2018,ERI,PA,AEA,CE,Combined TRACON& Tower with Radar,0,19,7,7,33,0,0,8,0,8,0,19,15,7,41,75,6,81,122
09/25/2018,ERI,PA,AEA,CE,Combined TRACON& Tower with Radar,0,22,18,0,40,0,0,0,0,0,0,22,18,0,40,6,0,6,46
09/26/2018,ERI,PA,AEA,CE,Combined TRACON& Tower with Radar,0,21,13,0,34,0,0,6,0,6,0,21,19,0,40,4,0,4,44
09/27/2018,ERI,PA,AEA,CE,Combined TRACON& Tower with Radar,0,20,13,0,33,0,0,33,0,33,0,20,46,0,66,48,0,48,114
09/28/2018,ERI,PA,AEA,CE,Combined TRACON& Tower with Radar,0,25,24,0,49,0,0,29,0,29,0,25,53,0,78,39,0,39,117
09/29/2018,ERI,PA,AEA,CE,Combined TRACON& Tower with Radar,0,14,24,0,38,0,0,34,0,34,0,14,58,0,72,44,0,44,116
09/30/2018,ERI,PA,AEA,CE,Combined TRACON& Tower with Radar,0,16,10,0,26,0,0,33,0,33,0,16,43,0,59,16,0,16,75
10/01/2018,ERI,PA,AEA,CE,Combined TRACON& Tower with Radar,0,23,19,2,44,0,0,3,0,3,0,23,22,2,47,20,0,20,67
10/02/2018,ERI,PA,AEA,CE,Combined TRACON& Tower with Radar,0,16,3,0,19,0,0,2,0,2,0,16,5,0,21,26,0,26,47
10/03/2018,ERI,PA,AEA,CE,Combined TRACON& Tower with Radar,0,21,35,1,57,0,0,22,0,22,0,21,57,1,79,22,0,22,101
10/04/2018,ERI,PA,AEA,CE,Combined TRACON& Tower with Radar,0,25,14,0,39,0,0,2,0,2,0,25,16,0,41,0,0,0,41
10/05/2018,ERI,PA,AEA,CE,Combined TRACON& Tower with Radar,0,19,15,2,36,0,0,18,2,20,0,19,33,4,56,36,0,36,92
10/06/2018,ERI,PA,AEA,CE,Combined TRACON& Tower with Radar,0,18,8,0,26,0,0,1,0,1,0,18,9,0,27,10,0,10,37
10/07/2018,ERI,PA,AEA,CE,Combined TRACON& Tower with Radar,0,19,5,5,29,0,0,0,0,0,0,19,5,5,29,0,0,0,29
10/08/2018,ERI,PA,AEA,CE,Combined TRACON& Tower with Radar,0,16,14,0,30,0,1,28,0,29,0,17,42,0,59,22,4,26,85
10/09/2018,ERI,PA,AEA,CE,Combined TRACON& Tower with Radar,0,25,13,1,39,0,0,29,2,31,0,25,42,3,70,36,0,36,106
10/10/2018,ERI,PA,AEA,CE,Combined TRACON& Tower with Radar,0,17,9,2,28,0,0,0,2,2,0,17,9,4,30,1,0,1,31
10/11/2018,ERI,PA,AEA,CE,Combined TRACON& Tower with Radar,0,31,14,3,48,0,0,2,0,2,0,31,16,3,50,8,0,8,58
10/12/2018,ERI,PA,AEA,CE,Combined TRACON& Tower with Radar,0,27,18,0,45,0,0,14,0,14,0,27,32,0,59,22,0,22,81
10/13/2018,ERI,PA,AEA,CE,Combined TRACON& Tower with Radar,0,20,5,0,25,0,0,8,1,9,0,20,13,1,34,22,0,22,56
10/14/2018,ERI,PA,AEA,CE,Combined TRACON& Tower with Radar,0,17,13,0,30,0,0,25,0,25,0,17,38,0,55,74,0,74,129
10/15/2018,ERI,PA,AEA,CE,Combined TRACON& Tower with Radar,0,16,11,0,27,0,0,0,0,0,0,16,11,0,27,0,0,0,27
10/16/2018,ERI,PA,AEA,CE,Combined TRACON& Tower with Radar,0,19,9,0,28,0,0,16,0,16,0,19,25,0,44,48,0,48,92
10/17/2018,ERI,PA,AEA,CE,Combined TRACON& Tower with Radar,0,21,10,2,33,0,0,2,0,2,0,21,12,2,35,22,0,22,57
10/18/2018,ERI,PA,AEA,CE,Combined TRACON& Tower with Radar,0,22,10,0,32,0,0,25,0,25,0,22,35,0,57,32,0,32,89
10/19/2018,ERI,PA,AEA,CE,Combined TRACON& Tower with Radar,0,18,10,0,28,0,0,18,0,18,0,18,28,0,46,28,0,28,74
10/20/2018,ERI,PA,AEA,CE,Combined TRACON& Tower with Radar,0,13,4,0,17,0,0,0,0,0,0,13,4,0,17,0,0,0,17
10/21/2018,ERI,PA,AEA,CE,Combined TRACON& Tower with Radar,0,16,7,0,23,0,0,4,0,4,0,16,11,0,27,23,0,23,50
10/22/2018,ERI,PA,AEA,CE,Combined TRACON& Tower with Radar,0,17,10,0,27,0,0,22,0,22,0,17,32,0,49,20,0,20,69
10/23/2018,ERI,PA,AEA,CE,Combined TRACON& Tower with Radar,0,20,6,0,26,0,0,14,0,14,0,20,20,0,40,18,0,18,58
10/24/2018,ERI,PA,AEA,CE,Combined TRACON& Tower with Radar,0,19,3,0,22,0,0,18,2,20,0,19,21,2,42,58,0,58,100
10/25/2018,ERI,PA,AEA,CE,Combined TRACON& Tower with Radar,0,27,17,0,44,0,0,32,0,32,0,27,49,0,76,28,0,28,104
10/26/2018,ERI,PA,AEA,CE,Combined TRACON& Tower with Radar,0,22,9,0,31,0,2,25,0,27,0,24,34,0,58,44,0,44,102
10/27/2018,ERI,PA,AEA,CE,Combined TRACON& Tower with Radar,0,14,3,0,17,0,0,0,0,0,0,14,3,0,17,0,0,0,17
10/28/2018,ERI,PA,AEA,CE,Combined TRACON& Tower with Radar,0,16,4,0,20,0,0,0,0,0,0,16,4,0,20,0,0,0,20
10/29/2018,ERI,PA,AEA,CE,Combined TRACON& Tower with Radar,0,16,7,0,23,0,0,6,0,6,0,16,13,0,29,17,0,17,46
10/30/2018,ERI,PA,AEA,CE,Combined TRACON& Tower with Radar,0,19,10,2,31,0,0,6,0,6,0,19,16,2,37,47,2,49,86
10/31/2018,ERI,PA,AEA,CE,Combined TRACON& Tower with Radar,0,16,7,0,23,0,0,0,0,0,0,16,7,0,23,0,0,0,23
11/01/2018,ERI,PA,AEA,CE,Towers with Radar,0,25,23,0,48,0,0,0,0,0,0,25,23,0,48,1,0,1,49
11/02/2018,ERI,PA,AEA,CE,Towers with Radar,0,17,10,0,27,0,0,1,0,1,0,17,11,0,28,0,0,0,28
11/03/2018,ERI,PA,AEA,CE,Towers with Radar,0,17,6,0,23,0,0,6,0,6,0,17,12,0,29,0,0,0,29
11/04/2018,ERI,PA,AEA,CE,Towers with Radar,0,18,20,0,38,0,0,44,0,44,0,18,64,0,82,20,0,20,102
11/05/2018,ERI,PA,AEA,CE,Towers with Radar,0,18,4,0,22,0,0,10,0,10,0,18,14,0,32,0,0,0,32
11/06/2018,ERI,PA,AEA,CE,Towers with Radar,0,16,4,0,20,0,2,2,0,4,0,18,6,0,24,2,0,2,26
11/07/2018,ERI,PA,AEA,CE,Towers with Radar,0,23,15,0,38,0,0,10,0,10,0,23,25,0,48,0,0,0,48
11/08/2018,ERI,PA,AEA,CE,Towers with Radar,0,24,21,2,47,0,0,13,0,13,0,24,34,2,60,0,0,0,60
11/09/2018,ERI,PA,AEA,CE,Towers with Radar,0,22,14,0,36,0,0,1,0,1,0,22,15,0,37,14,0,14,51
11/10/2018,ERI,PA,AEA,CE,Towers with Radar,0,16,0,0,16,0,0,0,0,0,0,16,0,0,16,1,0,1,17
11/11/2018,ERI,PA,AEA,CE,Towers with Radar,0,17,10,0,27,0,0,15,0,15,0,17,25,0,42,0,0,0,42
11/12/2018,ERI,PA,AEA,CE,Towers with Radar,0,15,11,0,26,0,0,42,0,42,0,15,53,0,68,57,0,57,125
11/13/2018,ERI,PA,AEA,CE,Towers with Radar,0,19,13,0,32,0,0,0,0,0,0,19,13,0,32,6,0,6,38
11/14/2018,ERI,PA,AEA,CE,Towers with Radar,0,20,26,0,46,0,0,34,0,34,0,20,60,0,80,42,0,42,122
11/15/2018,ERI,PA,AEA,CE,Towers with Radar,0,16,3,0,19,0,0,1,0,1,0,16,4,0,20,0,0,0,20
11/16/2018,ERI,PA,AEA,CE,Towers with Radar,0,21,14,2,37,0,0,0,0,0,0,21,14,2,37,0,0,0,37
11/17/2018,ERI,PA,AEA,CE,Towers with Radar,2,14,4,3,23,0,0,27,0,27,2,14,31,3,50,38,0,38,88
11/18/2018,ERI,PA,AEA,CE,Towers with Radar,0,14,3,0,17,0,0,2,1,3,0,14,5,1,20,8,0,8,28
11/19/2018,ERI,PA,AEA,CE,Towers with Radar,0,20,11,0,31,0,0,33,0,33,0,20,44,0,64,41,0,41,105
11/20/2018,ERI,PA,AEA,CE,Towers with Radar,0,18,12,0,30,0,0,24,0,24,0,18,36,0,54,26,0,26,80
11/21/2018,ERI,PA,AEA,CE,Towers with Radar,0,20,6,0,26,0,2,7,0,9,0,22,13,0,35,15,0,15,50
11/22/2018,ERI,PA,AEA,CE,Towers with Radar,0,10,3,0,13,0,0,4,0,4,0,10,7,0,17,5,0,5,22
11/23/2018,ERI,PA,AEA,CE,Towers with Radar,0,16,17,0,33,0,0,31,0,31,0,16,48,0,64,50,0,50,114
11/24/2018,ERI,PA,AEA,CE,Towers with Radar,0,18,14,0,32,0,0,0,0,0,0,18,14,0,32,0,0,0,32
11/25/2018,ERI,PA,AEA,CE,Towers with Radar,0,18,8,0,26,0,1,5,2,8,0,19,13,2,34,4,0,4,38
11/26/2018,ERI,PA,AEA,CE,Towers with Radar,0,14,6,2,22,0,0,4,0,4,0,14,10,2,26,0,0,0,26
11/27/2018,ERI,PA,AEA,CE,Towers with Radar,0,15,3,0,18,0,0,9,0,9,0,15,12,0,27,6,0,6,33
11/28/2018,ERI,PA,AEA,CE,Towers with Radar,0,20,5,0,25,0,0,0,0,0,0,20,5,0,25,0,0,0,25
11/29/2018,ERI,PA,AEA,CE,Towers with Radar,0,18,14,0,32,0,2,20,0,22,0,20,34,0,54,28,0,28,82
11/30/2018,ERI,PA,AEA,CE,Towers with Radar,0,28,5,0,33,0,0,0,0,0,0,28,5,0,33,0,0,0,33
12/01/2018,ERI,PA,AEA,CE,Towers with Radar,0,12,3,0,15,0,0,14,0,14,0,12,17,0,29,12,0,12,41
12/02/2018,ERI,PA,AEA,CE,Towers with Radar,0,22,17,0,39,0,7,19,0,26,0,29,36,0,65,6,0,6,71
12/03/2018,ERI,PA,AEA,CE,Towers with Radar,0,18,6,0,24,0,0,0,0,0,0,18,6,0,24,0,0,0,24
12/04/2018,ERI,PA,AEA,CE,Towers with Radar,0,16,20,0,36,0,5,28,0,33,0,21,48,0,69,51,0,51,120
12/05/2018,ERI,PA,AEA,CE,Towers with Radar,0,18,4,0,22,0,0,6,0,6,0,18,10,0,28,4,0,4,32
12/06/2018,ERI,PA,AEA,CE,Towers with Radar,0,16,9,0,25,0,0,4,0,4,0,16,13,0,29,6,0,6,35
12/07/2018,ERI,PA,AEA,CE,Towers with Radar,0,18,17,0,35,0,0,33,0,33,0,18,50,0,68,63,0,63,131
12/08/2018,ERI,PA,AEA,CE,Towers with Radar,0,13,0,0,13,0,0,2,0,2,0,13,2,0,15,0,0,0,15
12/09/2018,ERI,PA,AEA,CE,Towers with Radar,0,21,14,0,35,0,3,77,0,80,0,24,91,0,115,100,0,100,215
12/10/2018,ERI,PA,AEA,CE,Towers with Radar,0,21,11,0,32,0,10,17,0,27,0,31,28,0,59,32,0,32,91
12/11/2018,ERI,PA,AEA,CE,Towers with Radar,0,17,6,0,23,0,0,4,0,4,0,17,10,0,27,0,0,0,27
12/12/2018,ERI,PA,AEA,CE,Towers with Radar,0,20,12,0,32,0,0,31,0,31,0,20,43,0,63,31,0,31,94
12/13/2018,ERI,PA,AEA,CE,Towers with Radar,0,21,15,0,36,0,1,22,0,23,0,22,37,0,59,31,0,31,90
12/14/2018,ERI,PA,AEA,CE,Towers with Radar,0,25,13,2,40,0,1,42,2,45,0,26,55,4,85,43,0,43,128
12/15/2018,ERI,PA,AEA,CE,Towers with Radar,0,16,13,2,31,0,0,0,0,0,0,16,13,2,31,13,0,13,44
12/16/2018,ERI,PA,AEA,CE,Towers with Radar,0,14,8,0,22,0,0,5,0,5,0,14,13,0,27,2,0,2,29
12/17/2018,ERI,PA,AEA,CE,Towers with Radar,0,17,6,0,23,0,1,17,0,18,0,18,23,0,41,23,0,23,64
12/18/2018,ERI,PA,AEA,CE,Towers with Radar,0,19,16,0,35,0,0,44,0,44,0,19,60,0,79,41,0,41,120
12/19/2018,ERI,PA,AEA,CE,Towers with Radar,0,23,9,0,32,0,0,55,4,59,0,23,64,4,91,54,4,58,149
12/20/2018,ERI,PA,AEA,CE,Towers with Radar,0,26,19,0,45,0,0,46,0,46,0,26,65,0,91,70,0,70,161
12/21/2018,ERI,PA,AEA,CE,Towers with Radar,0,23,5,0,28,0,0,0,0,0,0,23,5,0,28,0,0,0,28
12/22/2018,ERI,PA,AEA,CE,Towers with Radar,0,19,1,0,20,0,0,0,0,0,0,19,1,0,20,0,0,0,20
12/23/2018,ERI,PA,AEA,CE,Towers with Radar,0,13,6,0,19,0,0,3,0,3,0,13,9,0,22,11,0,11,33
12/24/2018,ERI,PA,AEA,CE,Towers with Radar,0,15,2,0,17,0,0,0,0,0,0,15,2,0,17,3,0,3,20
12/25/2018,ERI,PA,AEA,CE,Towers with Radar,0,12,4,2,18,0,0,0,0,0,0,12,4,2,18,0,0,0,18
12/26/2018,ERI,PA,AEA,CE,Towers with Radar,0,15,2,0,17,0,0,0,0,0,0,15,2,0,17,0,0,0,17
12/27/2018,ERI,PA,AEA,CE,Towers with Radar,0,19,7,0,26,0,0,13,0,13,0,19,20,0,39,10,0,10,49
12/28/2018,ERI,PA,AEA,CE,Towers with Radar,0,12,7,0,19,0,0,0,0,0,0,12,7,0,19,13,0,13,32
12/29/2018,ERI,PA,AEA,CE,Towers with Radar,0,16,5,0,21,0,0,0,0,0,0,16,5,0,21,0,0,0,21
12/30/2018,ERI,PA,AEA,CE,Towers with Radar,0,16,15,0,31,0,0,31,0,31,0,16,46,0,62,30,0,30,92
12/31/2018,ERI,PA,AEA,CE,Towers with Radar,0,16,5,0,21,0,0,7,0,7,0,16,12,0,28,19,0,19,47
01/01/2019,ERI,PA,AEA,CE,Towers with Radar,0,16,13,0,29,0,0,0,0,0,0,16,13,0,29,0,0,0,29
01/02/2019,ERI,PA,AEA,CE,Towers with Radar,0,19,8,0,27,0,0,0,0,0,0,19,8,0,27,0,0,0,27
01/03/2019,ERI,PA,AEA,CE,Towers with Radar,0,14,1,0,15,0,0,12,2,14,0,14,13,2,29,23,0,23,52
01/04/2019,ERI,PA,AEA,CE,Towers with Radar,0,16,16,0,32,0,1,26,0,27,0,17,42,0,59,32,0,32,91
01/05/2019,ERI,PA,AEA,CE,Towers with Radar,0,10,18,0,28,0,0,2,0,2,0,10,20,0,30,0,0,0,30
01/06/2019,ERI,PA,AEA,CE,Towers with Radar,0,12,7,0,19,0,1,12,0,13,0,13,19,0,32,18,0,18,50
01/07/2019,ERI,PA,AEA,CE,Towers with Radar,0,15,2,0,17,0,0,4,0,4,0,15,6,0,21,10,0,10,31
01/08/2019,ERI,PA,AEA,CE,Towers with Radar,0,27,11,0,38,0,4,3,0,7,0,31,14,0,45,8,0,8,53
01/09/2019,ERI,PA,AEA,CE,Towers with Radar,0,22,0,0,22,0,0,0,0,0,0,22,0,0,22,0,0,0,22
01/10/2019,ERI,PA,AEA,CE,Towers with Radar,0,22,7,0,29,0,0,1,0,1,0,22,8,0,30,0,0,0,30
01/11/2019,ERI,PA,AEA,CE,Towers with Radar,0,23,6,0,29,0,0,24,1,25,0,23,30,1,54,27,0,27,81
01/12/2019,ERI,PA,AEA,CE,Towers with Radar,0,12,9,0,21,0,0,19,0,19,0,12,28,0,40,14,0,14,54
01/13/2019,ERI,PA,AEA,CE,Towers with Radar,0,10,4,0,14,0,2,19,0,21,0,12,23,0,35,39,0,39,74
01/14/2019,ERI,PA,AEA,CE,Towers with Radar,0,17,9,0,26,0,0,5,0,5,0,17,14,0,31,2,0,2,33
01/15/2019,ERI,PA,AEA,CE,Towers with Radar,0,20,8,0,28,0,0,8,0,8,0,20,16,0,36,14,0,14,50
01/16/2019,ERI,PA,AEA,CE,Towers with Radar,0,20,5,0,25,0,0,0,0,0,0,20,5,0,25,0,0,0,25
01/17/2019,ERI,PA,AEA,CE,Towers with Radar,0,20,11,0,31,0,0,37,0,37,0,20,48,0,68,50,0,50,118
01/18/2019,ERI,PA,AEA,CE,Towers with Radar,0,24,3,0,27,0,0,0,0,0,0,24,3,0,27,0,0,0,27
01/19/2019,ERI,PA,AEA,CE,Towers with Radar,0,5,3,0,8,0,0,0,0,0,0,5,3,0,8,1,0,1,9
01/20/2019,ERI,PA,AEA,CE,Towers with Radar,0,4,3,0,7,0,0,0,0,0,0,4,3,0,7,0,0,0,7
01/21/2019,ERI,PA,AEA,CE,Towers with Radar,0,16,9,0,25,0,0,11,1,12,0,16,20,1,37,22,0,22,59
01/22/2019,ERI,PA,AEA,CE,Towers with Radar,0,23,4,0,27,0,2,3,1,6,0,25,7,1,33,6,0,6,39
01/23/2019,ERI,PA,AEA,CE,Towers with Radar,0,15,4,0,19,0,0,0,0,0,0,15,4,0,19,0,0,0,19
01/24/2019,ERI,PA,AEA,CE,Towers with Radar,0,26,4,0,30,0,0,0,0,0,0,26,4,0,30,2,0,2,32
01/25/2019,ERI,PA,AEA,CE,Towers with Radar,0,17,4,0,21,0,0,0,0,0,0,17,4,0,21,0,0,0,21
01/26/2019,ERI,PA,AEA,CE,Towers with Radar,0,13,3,0,16,0,0,2,0,2,0,13,5,0,18,0,0,0,18
01/27/2019,ERI,PA,AEA,CE,Towers with Radar,0,13,2,0,15,0,0,0,0,0,0,13,2,0,15,4,0,4,19
01/28/2019,ERI,PA,AEA,CE,Towers with Radar,0,16,5,0,21,0,0,1,0,1,0,16,6,0,22,9,0,9,31
01/29/2019,ERI,PA,AEA,CE,Towers with Radar,0,18,8,0,26,0,0,0,0,0,0,18,8,0,26,0,0,0,26
01/30/2019,ERI,PA,AEA,CE,Towers with Radar,0,12,6,0,18,0,0,1,0,1,0,12,7,0,19,0,0,0,19
01/31/2019,ERI,PA,AEA,CE,Towers with Radar,0,17,11,0,28,0,0,6,0,6,0,17,17,0,34,13,0,13,47
02/01/2019,ERI,PA,AEA,CE,Towers with Radar,0,21,14,0,35,0,7,27,0,34,0,28,41,0,69,40,0,40,109
02/02/2019,ERI,PA,AEA,CE,Towers with Radar,0,15,9,0,24,0,3,22,0,25,0,18,31,0,49,35,0,35,84
02/03/2019,ERI,PA,AEA,CE,Towers with Radar,0,16,3,0,19,0,0,15,0,15,0,16,18,0,34,13,0,13,47
02/04/2019,ERI,PA,AEA,CE,Towers with Radar,0,22,11,0,33,0,1,34,0,35,0,23,45,0,68,62,0,62,130
02/05/2019,ERI,PA,AEA,CE,Towers with Radar,0,18,11,0,29,0,0,0,0,0,0,18,11,0,29,0,0,0,29
02/06/2019,ERI,PA,AEA,CE,Towers with Radar,0,24,1,0,25,0,0,0,0,0,0,24,1,0,25,0,0,0,25
02/07/2019,ERI,PA,AEA,CE,Towers with Radar,0,17,5,0,22,0,0,0,0,0,0,17,5,0,22,0,0,0,22
02/08/2019,ERI,PA,AEA,CE,Towers with Radar,0,19,1,0,20,0,0,0,0,0,0,19,1,0,20,0,0,0,20
02/09/2019,ERI,PA,AEA,CE,Towers with Radar,0,10,4,0,14,0,2,34,0,36,0,12,38,0,50,30,0,30,80
02/10/2019,ERI,PA,AEA,CE,Towers with Radar,0,11,3,0,14,0,0,27,0,27,0,11,30,0,41,34,0,34,75
02/11/2019,ERI,PA,AEA,CE,Towers with Radar,0,15,6,0,21,0,0,2,0,2,0,15,8,0,23,8,0,8,31
02/12/2019,ERI,PA,AEA,CE,Towers with Radar,0,21,2,0,23,0,0,0,0,0,0,21,2,0,23,0,0,0,23
02/13/2019,ERI,PA,AEA,CE,Towers with Radar,0,16,6,0,22,0,0,0,0,0,0,16,6,0,22,0,0,0,22
02/14/2019,ERI,PA,AEA,CE,Towers with Radar,0,23,14,0,37,0,2,6,0,8,0,25,20,0,45,16,0,16,61
02/15/2019,ERI,PA,AEA,CE,Towers with Radar,0,19,16,0,35,0,0,6,0,6,0,19,22,0,41,8,0,8,49
02/16/2019,ERI,PA,AEA,CE,Towers with Radar,0,16,4,0,20,0,0,26,0,26,0,16,30,0,46,51,0,51,97
02/17/2019,ERI,PA,AEA,CE,Towers with Radar,0,13,6,0,19,0,0,38,0,38,0,13,44,0,57,34,0,34,91
02/18/2019,ERI,PA,AEA,CE,Towers with Radar,0,15,4,0,19,0,4,0,0,4,0,19,4,0,23,6,0,6,29
02/19/2019,ERI,PA,AEA,CE,Towers with Radar,0,20,22,0,42,0,2,44,0,46,0,22,66,0,88,40,0,40,128
02/20/2019,ERI,PA,AEA,CE,Towers with Radar,0,14,4,0,18,0,0,0,0,0,0,14,4,0,18,1,0,1,19
02/21/2019,ERI,PA,AEA,CE,Towers with Radar,0,18,13,0,31,0,3,9,1,13,0,21,22,1,44,7,0,7,51
02/22/2019,ERI,PA,AEA,CE,Towers with Radar,0,17,12,0,29,0,1,93,0,94,0,18,105,0,123,145,0,145,268
02/23/2019,ERI,PA,AEA,CE,Towers with Radar,0,16,19,0,35,0,0,39,0,39,0,16,58,0,74,46,0,46,120
02/24/2019,ERI,PA,AEA,CE,Towers with Radar,0,9,3,0,12,0,0,0,0,0,0,9,3,0,12,0,0,0,12
02/25/2019,ERI,PA,AEA,CE,Towers with Radar,0,9,4,0,13,0,0,0,0,0,0,9,4,0,13,0,0,0,13
02/26/2019,ERI,PA,AEA,CE,Towers with Radar,0,15,17,0,32,0,0,3,0,3,0,15,20,0,35,0,0,0,35
02/27/2019,ERI,PA,AEA,CE,Towers with Radar,0,19,4,3,26,0,0,2,0,2,0,19,6,3,28,5,0,5,33
02/28/2019,ERI,PA,AEA,CE,Towers with Radar,0,17,5,0,22,0,4,8,4,16,0,21,13,4,38,9,0,9,47
03/01/2019,ERI,PA,AEA,CE,Towers with Radar,0,19,2,0,21,0,4,23,0,27,0,23,25,0,48,31,0,31,79
03/02/2019,ERI,PA,AEA,CE,Towers with Radar,0,15,3,0,18,0,0,0,0,0,0,15,3,0,18,0,0,0,18
03/03/2019,ERI,PA,AEA,CE,Towers with Radar,0,10,7,0,17,0,0,8,0,8,0,10,15,0,25,18,0,18,43
03/04/2019,ERI,PA,AEA,CE,Towers with Radar,0,14,11,0,25,0,0,23,0,23,0,14,34,0,48,28,0,28,76
03/05/2019,ERI,PA,AEA,CE,Towers with Radar,0,17,4,0,21,0,0,4,0,4,0,17,8,0,25,2,0,2,27
03/06/2019,ERI,PA,AEA,CE,Towers with Radar,0,14,10,1,25,0,0,8,1,9,0,14,18,2,34,11,1,12,46
03/07/2019,ERI,PA,AEA,CE,Towers with Radar,0,15,13,0,28,0,0,30,0,30,0,15,43,0,58,46,0,46,104
03/08/2019,ERI,PA,AEA,CE,Towers with Radar,0,20,7,0,27,0,2,19,0,21,0,22,26,0,48,33,0,33,81
03/09/2019,ERI,PA,AEA,CE,Towers with Radar,0,16,8,0,24,0,0,26,1,27,0,16,34,1,51,34,0,34,85
03/10/2019,ERI,PA,AEA,CE,Towers with Radar,0,12,4,0,16,0,0,6,0,6,0,12,10,0,22,16,0,16,38
03/11/2019,ERI,PA,AEA,CE,Towers with Radar,0,22,5,0,27,0,0,13,0,13,0,22,18,0,40,14,0,14,54
03/12/2019,ERI,PA,AEA,CE,Towers with Radar,0,17,6,0,23,0,0,35,4,39,0,17,41,4,62,34,2,36,98
03/13/2019,ERI,PA,AEA,CE,Towers with Radar,0,22,10,0,32,0,2,20,1,23,0,24,30,1,55,35,0,35,90
03/14/2019,ERI,PA,AEA,CE,Towers with Radar,0,21,11,0,32,0,0,2,0,2,0,21,13,0,34,11,0,11,45
03/15/2019,ERI,PA,AEA,CE,Towers with Radar,0,14,12,0,26,0,0,0,0,0,0,14,12,0,26,7,0,7,33
03/16/2019,ERI,PA,AEA,CE,Towers with Radar,0,14,0,0,14,0,0,2,6,8,0,14,2,6,22,12,8,20,42
03/17/2019,ERI,PA,AEA,CE,Towers with Radar,0,16,14,0,30,0,0,48,0,48,0,16,62,0,78,28,0,28,106
03/18/2019,ERI,PA,AEA,CE,Towers with Radar,0,20,9,0,29,0,0,53,0,53,0,20,62,0,82,51,0,51,133
03/19/2019,ERI,PA,AEA,CE,Towers with Radar,1,19,15,0,35,0,0,49,0,49,1,19,64,0,84,54,0,54,138
03/20/2019,ERI,PA,AEA,CE,Towers with Radar,0,18,18,0,36,0,0,38,0,38,0,18,56,0,74,54,0,54,128
03/21/2019,ERI,PA,AEA,CE,Towers with Radar,0,19,17,0,36,0,0,14,0,14,0,19,31,0,50,14,0,14,64
03/22/2019,ERI,PA,AEA,CE,Towers with Radar,0,19,4,0,23,0,0,19,0,19,0,19,23,0,42,18,0,18,60
03/23/2019,ERI,PA,AEA,CE,Towers with Radar,0,11,12,0,23,0,2,53,0,55,0,13,65,0,78,47,0,47,125
03/24/2019,ERI,PA,AEA,CE,Towers with Radar,0,13,12,0,25,0,0,33,2,35,0,13,45,2,60,40,0,40,100
03/25/2019,ERI,PA,AEA,CE,Towers with Radar,0,16,12,1,29,0,0,31,0,31,0,16,43,1,60,28,0,28,88
03/26/2019,ERI,PA,AEA,CE,Towers with Radar,0,26,4,0,30,0,0,21,0,21,0,26,25,0,51,22,0,22,73
03/27/2019,ERI,PA,AEA,CE,Towers with Radar,0,20,19,0,39,0,3,20,0,23,0,23,39,0,62,17,0,17,79
03/28/2019,ERI,PA,AEA,CE,Towers with Radar,0,20,8,0,28,0,2,6,0,8,0,22,14,0,36,4,0,4,40
03/29/2019,ERI,PA,AEA,CE,Towers with Radar,0,19,14,3,36,0,1,17,1,19,0,20,31,4,55,31,0,31,86
03/30/2019,ERI,PA,AEA,CE,Towers with Radar,0,19,7,0,26,0,0,1,4,5,0,19,8,4,31,2,0,2,33
03/31/2019,ERI,PA,AEA,CE,Towers with Radar,0,17,5,0,22,0,0,0,0,0,0,17,5,0,22,0,0,0,22
04/01/2019,ERI,PA,AEA,CE,Towers with Radar,0,16,10,0,26,0,4,50,1,55,0,20,60,1,81,48,0,48,129
04/02/2019,ERI,PA,AEA,CE,Towers with Radar,0,26,18,0,44,0,1,28,0,29,0,27,46,0,73,19,0,19,92
04/03/2019,ERI,PA,AEA,CE,Towers with Radar,0,22,6,0,28,0,0,6,0,6,0,22,12,0,34,2,0,2,36
04/04/2019,ERI,PA,AEA,CE,Towers with Radar,0,23,19,0,42,0,1,34,3,38,0,24,53,3,80,43,0,43,123
04/05/2019,ERI,PA,AEA,CE,Towers with Radar,0,19,19,0,38,0,0,3,0,3,0,19,22,0,41,8,0,8,49
04/06/2019,ERI,PA,AEA,CE,Towers with Radar,0,17,9,0,26,0,0,45,0,45,0,17,54,0,71,42,0,42,113
04/07/2019,ERI,PA,AEA,CE,Towers with Radar,0,15,8,2,25,0,3,38,0,41,0,18,46,2,66,19,0,19,85
04/08/2019,ERI,PA,AEA,CE,Towers with Radar,0,18,13,1,32,0,0,22,0,22,0,18,35,1,54,27,0,27,81
04/09/2019,ERI,PA,AEA,CE,Towers with Radar,0,25,20,0,45,0,0,32,0,32,0,25,52,0,77,43,0,43,120
04/10/2019,ERI,PA,AEA,CE,Towers with Radar,0,23,14,2,39,0,0,43,4,47,0,23,57,6,86,81,0,81,167
04/11/2019,ERI,PA,AEA,CE,Towers with Radar,0,16,11,0,27,0,0,11,1,12,0,16,22,1,39,21,0,21,60
04/12/2019,ERI,PA,AEA,CE,Towers with Radar,0,19,7,0,26,0,0,4,0,4,0,19,11,0,30,6,0,6,36
04/13/2019,ERI,PA,AEA,CE,Towers with Radar,0,14,15,0,29,0,2,25,0,27,0,16,40,0,56,13,0,13,69
04/14/2019,ERI,PA,AEA,CE,Towers with Radar,0,9,3,0,12,0,0,3,0,3,0,9,6,0,15,0,0,0,15
04/15/2019,ERI,PA,AEA,CE,Towers with Radar,0,17,9,0,26,0,0,3,0,3,0,17,12,0,29,0,0,0,29
04/16/2019,ERI,PA,AEA,CE,Towers with Radar,0,22,15,0,37,0,0,24,0,24,0,22,39,0,61,40,0,40,101
04/17/2019,ERI,PA,AEA,CE,Towers with Radar,0,20,17,0,37,0,0,29,0,29,0,20,46,0,66,51,0,51,117
04/18/2019,ERI,PA,AEA,CE,Towers with Radar,0,19,15,1,35,0,0,15,3,18,0,19,30,4,53,16,0,16,69
04/19/2019,ERI,PA,AEA,CE,Towers with Radar,0,19,0,0,19,0,0,0,0,0,0,19,0,0,19,0,0,0,19
04/20/2019,ERI,PA,AEA,CE,Towers with Radar,0,14,3,0,17,0,0,0,0,0,0,14,3,0,17,0,0,0,17
04/21/2019,ERI,PA,AEA,CE,Towers with Radar,0,12,6,0,18,0,0,2,0,2,0,12,8,0,20,6,0,6,26
04/22/2019,ERI,PA,AEA,CE,Towers with Radar,0,17,15,0,32,0,0,41,0,41,0,17,56,0,73,47,0,47,120
04/23/2019,ERI,PA,AEA,CE,Towers with Radar,0,19,17,0,36,0,0,4,0,4,0,19,21,0,40,14,0,14,54
04/24/2019,ERI,PA,AEA,CE,Towers with Radar,0,19,10,13,42,0,0,36,0,36,0,19,46,13,78,41,14,55,133
04/25/2019,ERI,PA,AEA,CE,Towers with Radar,0,18,10,2,30,0,0,16,0,16,0,18,26,2,46,19,0,19,65
04/26/2019,ERI,PA,AEA,CE,Towers with Radar,0,24,11,0,35,0,0,1,0,1,0,24,12,0,36,0,0,0,36
04/27/2019,ERI,PA,AEA,CE,Towers with Radar,0,12,5,0,17,0,0,14,0,14,0,12,19,0,31,32,0,32,63
04/28/2019,ERI,PA,AEA,CE,Towers with Radar,0,13,14,0,27,0,0,10,0,10,0,13,24,0,37,9,0,9,46
04/29/2019,ERI,PA,AEA,CE,Towers with Radar,0,19,9,0,28,0,0,27,0,27,0,19,36,0,55,27,0,27,82
04/30/2019,ERI,PA,AEA,CE,Towers with Radar,0,18,16,0,34,0,0,8,0,8,0,18,24,0,42,20,0,20,62
05/01/2019,ERI,PA,AEA,CE,Towers with Radar,0,22,8,0,30,0,0,7,0,7,0,22,15,0,37,10,0,10,47
05/02/2019,ERI,PA,AEA,CE,Towers with Radar,0,21,5,0,26,0,4,15,0,19,0,25,20,0,45,12,0,12,57
05/03/2019,ERI,PA,AEA,CE,Towers with Radar,0,15,5,0,20,0,0,0,0,0,0,15,5,0,20,0,0,0,20
05/04/2019,ERI,PA,AEA,CE,Towers with Radar,0,20,8,0,28,0,0,0,0,0,0,20,8,0,28,0,0,0,28
05/05/2019,ERI,PA,AEA,CE,Towers with Radar,0,23,14,0,37,0,0,23,0,23,0,23,37,0,60,18,0,18,78
05/06/2019,ERI,PA,AEA,CE,Towers with Radar,0,22,15,0,37,0,0,45,0,45,0,22,60,0,82,28,0,28,110
05/07/2019,ERI,PA,AEA,CE,Towers with Radar,0,22,18,0,40,0,0,20,0,20,0,22,38,0,60,47,0,47,107
05/08/2019,ERI,PA,AEA,CE,Towers with Radar,0,20,3,0,23,0,0,17,0,17,0,20,20,0,40,31,0,31,71
05/09/2019,ERI,PA,AEA,CE,Towers with Radar,0,24,0,0,24,0,0,2,0,2,0,24,2,0,26,11,0,11,37
05/10/2019,ERI,PA,AEA,CE,Towers with Radar,0,23,16,0,39,0,0,2,0,2,0,23,18,0,41,2,17,19,60
05/11/2019,ERI,PA,AEA,CE,Towers with Radar,0,16,12,0,28,0,4,46,0,50,0,20,58,0,78,20,0,20,98
05/12/2019,ERI,PA,AEA,CE,Towers with Radar,0,20,1,0,21,0,0,0,0,0,0,20,1,0,21,0,0,0,21
05/13/2019,ERI,PA,AEA,CE,Towers with Radar,0,18,10,0,28,0,0,0,0,0,0,18,10,0,28,0,0,0,28
05/14/2019,ERI,PA,AEA,CE,Towers with Radar,0,18,12,0,30,0,0,18,0,18,0,18,30,0,48,31,0,31,79
05/15/2019,ERI,PA,AEA,CE,Towers with Radar,0,21,16,0,37,0,0,36,0,36,0,21,52,0,73,36,0,36,109
05/16/2019,ERI,PA,AEA,CE,Towers with Radar,0,22,21,0,43,0,2,36,0,38,0,24,57,0,81,60,0,60,141
05/17/2019,ERI,PA,AEA,CE,Towers with Radar,0,23,14,0,37,0,0,15,0,15,0,23,29,0,52,10,0,10,62
05/18/2019,ERI,PA,AEA,CE,Towers with Radar,0,22,7,2,31,0,0,42,0,42,0,22,49,2,73,38,0,38,111
05/19/2019,ERI,PA,AEA,CE,Towers with Radar,0,23,10,0,33,0,0,11,0,11,0,23,21,0,44,32,0,32,76
05/20/2019,ERI,PA,AEA,CE,Towers with Radar,0,16,15,0,31,0,0,10,2,12,0,16,25,2,43,10,0,10,53
05/21/2019,ERI,PA,AEA,CE,Towers with Radar,0,23,19,2,44,0,4,51,0,55,0,27,70,2,99,63,0,63,162
05/22/2019,ERI,PA,AEA,CE,Towers with Radar,0,19,7,0,26,0,0,13,0,13,0,19,20,0,39,9,0,9,48
05/23/2019,ERI,PA,AEA,CE,Towers with Radar,0,25,3,1,29,0,0,5,0,5,0,25,8,1,34,1,0,1,35
05/24/2019,ERI,PA,AEA,CE,Towers with Radar,0,23,17,0,40,0,0,49,1,50,0,23,66,1,90,86,0,86,176
05/25/2019,ERI,PA,AEA,CE,Towers with Radar,0,17,10,4,31,0,0,4,0,4,0,17,14,4,35,1,0,1,36
05/26/2019,ERI,PA,AEA,CE,Towers with Radar,0,12,9,0,21,0,0,0,0,0,0,12,9,0,21,1,0,1,22
05/27/2019,ERI,PA,AEA,CE,Towers with Radar,0,15,10,0,25,0,1,36,0,37,0,16,46,0,62,52,0,52,114
05/28/2019,ERI,PA,AEA,CE,Towers with Radar,0,19,8,0,27,0,0,5,0,5,0,19,13,0,32,8,0,8,40
05/29/2019,ERI,PA,AEA,CE,Towers with Radar,0,21,13,0,34,0,0,26,0,26,0,21,39,0,60,52,0,52,112
05/30/2019,ERI,PA,AEA,CE,Towers with Radar,0,20,8,0,28,0,0,10,0,10,0,20,18,0,38,24,0,24,62
05/31/2019,ERI,PA,AEA,CE,Towers with Radar,0,18,11,0,29,0,0,63,0,63,0,18,74,0,92,65,0,65,157
06/01/2019,ERI,PA,AEA,CE,Towers with Radar,0,24,2,0,26,0,0,10,0,10,0,24,12,0,36,17,0,17,53
06/02/2019,ERI,PA,AEA,CE,Towers with Radar,0,23,8,0,31,0,0,5,0,5,0,23,13,0,36,3,0,3,39
06/03/2019,ERI,PA,AEA,CE,Towers with Radar,0,26,15,0,41,0,0,35,0,35,0,26,50,0,76,22,0,22,98
06/04/2019,ERI,PA,AEA,CE,Towers with Radar,0,29,7,0,36,0,0,41,2,43,0,29,48,2,79,60,0,60,139
06/05/2019,ERI,PA,AEA,CE,Towers with Radar,0,21,3,0,24,0,0,7,0,7,0,21,10,0,31,14,0,14,45
06/06/2019,ERI,PA,AEA,CE,Towers with Radar,0,23,15,0,38,0,0,8,0,8,0,23,23,0,46,16,0,16,62
06/07/2019,ERI,PA,AEA,CE,Towers with Radar,0,26,18,2,46,0,0,34,0,34,0,26,52,2,80,18,0,18,98
06/08/2019,ERI,PA,AEA,CE,Towers with Radar,0,20,11,0,31,0,0,46,0,46,0,20,57,0,77,32,0,32,109
06/09/2019,ERI,PA,AEA,CE,Towers with Radar,0,26,11,0,37,0,1,7,0,8,0,27,18,0,45,2,0,2,47
06/10/2019,ERI,PA,AEA,CE,Towers with Radar,0,17,11,0,28,0,0,10,0,10,0,17,21,0,38,2,0,2,40
06/11/2019,ERI,PA,AEA,CE,Towers with Radar,0,25,15,0,40,0,3,78,0,81,0,28,93,0,121,52,0,52,173
06/12/2019,ERI,PA,AEA,CE,Towers with Radar,1,21,5,0,27,0,0,47,0,47,1,21,52,0,74,52,0,52,126
06/13/2019,ERI,PA,AEA,CE,Towers with Radar,0,29,10,0,39,0,0,0,0,0,0,29,10,0,39,1,0,1,40
06/14/2019,ERI,PA,AEA,CE,Towers with Radar,0,23,13,0,36,0,0,30,0,30,0,23,43,0,66,35,0,35,101
06/15/2019,ERI,PA,AEA,CE,Towers with Radar,0,17,8,0,25,0,0,12,0,12,0,17,20,0,37,13,0,13,50
06/16/2019,ERI,PA,AEA,CE,Towers with Radar,0,18,11,0,29,0,2,0,0,2,0,20,11,0,31,0,0,0,31
06/17/2019,ERI,PA,AEA,CE,Towers with Radar,0,17,20,0,37,0,0,13,0,13,0,17,33,0,50,30,0,30,80
06/18/2019,ERI,PA,AEA,CE,Towers with Radar,0,26,7,0,33,0,0,32,0,32,0,26,39,0,65,32,0,32,97
06/19/2019,ERI,PA,AEA,CE,Towers with Radar,0,26,19,0,45,0,2,28,0,30,0,28,47,0,75,40,0,40,115
06/20/2019,ERI,PA,AEA,CE,Towers with Radar,0,28,13,0,41,0,0,0,0,0,0,28,13,0,41,0,0,0,41
06/21/2019,ERI,PA,AEA,CE,Towers with Radar,0,21,16,4,41,0,0,55,0,55,0,21,71,4,96,35,2,37,133
06/22/2019,ERI,PA,AEA,CE,Towers with Radar,0,15,8,0,23,0,0,56,0,56,0,15,64,0,79,34,0,34,113
06/23/2019,ERI,PA,AEA,CE,Towers with Radar,0,19,8,0,27,0,0,29,0,29,0,19,37,0,56,6,0,6,62
06/24/2019,ERI,PA,AEA,CE,Towers with Radar,0,22,8,0,30,0,3,38,0,41,0,25,46,0,71,33,0,33,104
06/25/2019,ERI,PA,AEA,CE,Towers with Radar,0,24,15,0,39,0,1,25,2,28,0,25,40,2,67,13,0,13,80
06/26/2019,ERI,PA,AEA,CE,Towers with Radar,0,21,11,0,32,0,2,19,0,21,0,23,30,0,53,23,0,23,76
06/27/2019,ERI,PA,AEA,CE,Towers with Radar,0,22,10,0,32,0,0,41,0,41,0,22,51,0,73,59,0,59,132
06/28/2019,ERI,PA,AEA,CE,Towers with Radar,0,18,14,0,32,0,1,63,0,64,0,19,77,0,96,56,0,56,152
06/29/2019,ERI,PA,AEA,CE,Towers with Radar,0,19,26,0,45,0,0,23,0,23,0,19,49,0,68,18,0,18,86
06/30/2019,ERI,PA,AEA,CE,Towers with Radar,0,11,6,0,17,0,0,27,0,27,0,11,33,0,44,20,0,20,64
07/01/2019,ERI,PA,AEA,CE,Towers with Radar,0,19,8,0,27,0,0,59,0,59,0,19,67,0,86,56,0,56,142
07/02/2019,ERI,PA,AEA,CE,Towers with Radar,0,15,9,0,24,0,0,26,0,26,0,15,35,0,50,26,0,26,76
07/03/2019,ERI,PA,AEA,CE,Towers with Radar,0,18,19,0,37,0,0,32,0,32,0,18,51,0,69,23,0,23,92
07/04/2019,ERI,PA,AEA,CE,Towers with Radar,0,12,2,0,14,0,0,24,0,24,0,12,26,0,38,33,0,33,71
07/05/2019,ERI,PA,AEA,CE,Towers with Radar,0,16,7,0,23,0,0,26,0,26,0,16,33,0,49,34,0,34,83
07/06/2019,ERI,PA,AEA,CE,Towers with Radar,0,18,7,0,25,0,0,5,0,5,0,18,12,0,30,1,0,1,31
07/07/2019,ERI,PA,AEA,CE,Towers with Radar,0,15,17,0,32,0,0,17,0,17,0,15,34,0,49,11,0,11,60
07/08/2019,ERI,PA,AEA,CE,Towers with Radar,0,26,12,0,38,0,2,41,0,43,0,28,53,0,81,32,0,32,113
07/09/2019,ERI,PA,AEA,CE,Towers with Radar,0,21,18,0,39,0,0,44,0,44,0,21,62,0,83,39,0,39,122
07/10/2019,ERI,PA,AEA,CE,Towers with Radar,0,22,14,1,37,0,0,72,1,73,0,22,86,2,110,67,0,67,177
07/11/2019,ERI,PA,AEA,CE,Towers with Radar,0,21,19,0,40,0,0,15,0,15,0,21,34,0,55,28,0,28,83
07/12/2019,ERI,PA,AEA,CE,Towers with Radar,0,21,18,0,39,0,0,60,0,60,0,21,78,0,99,79,0,79,178
07/13/2019,ERI,PA,AEA,CE,Towers with Radar,0,19,1,0,20,0,2,82,0,84,0,21,83,0,104,83,0,83,187
07/14/2019,ERI,PA,AEA,CE,Towers with Radar,2,18,18,0,38,0,1,52,0,53,2,19,70,0,91,32,0,32,123
07/15/2019,ERI,PA,AEA,CE,Towers with Radar,0,21,15,0,36,0,0,59,2,61,0,21,74,2,97,55,0,55,152
07/16/2019,ERI,PA,AEA,CE,Towers with Radar,0,23,20,0,43,0,3,40,0,43,0,26,60,0,86,53,0,53,139
07/17/2019,ERI,PA,AEA,CE,Towers with Radar,0,24,19,0,43,0,0,21,0,21,0,24,40,0,64,30,0,30,94
07/18/2019,ERI,PA,AEA,CE,Towers with Radar,0,15,21,0,36,0,0,53,0,53,0,15,74,0,89,84,0,84,173
07/19/2019,ERI,PA,AEA,CE,Towers with Radar,0,20,20,0,40,0,0,33,0,33,0,20,53,0,73,50,0,50,123
07/20/2019,ERI,PA,AEA,CE,Towers with Radar,0,13,11,0,24,0,0,26,0,26,0,13,37,0,50,29,0,29,79
07/21/2019,ERI,PA,AEA,CE,Towers with Radar,0,22,10,0,32,0,1,12,0,13,0,23,22,0,45,6,0,6,51
07/22/2019,ERI,PA,AEA,CE,Towers with Radar,0,22,5,0,27,0,0,34,0,34,0,22,39,0,61,39,0,39,100
07/23/2019,ERI,PA,AEA,CE,Towers with Radar,0,21,16,0,37,0,4,58,0,62,0,25,74,0,99,40,0,40,139
07/24/2019,ERI,PA,AEA,CE,Towers with Radar,0,20,22,0,42,0,1,78,0,79,0,21,100,0,121,71,0,71,192
07/25/2019,ERI,PA,AEA,CE,Towers with Radar,1,21,25,0,47,0,0,83,3,86,1,21,108,3,133,55,0,55,188
07/26/2019,ERI,PA,AEA,CE,Towers with Radar,0,21,17,1,39,0,2,64,3,69,0,23,81,4,108,59,6,65,173
07/27/2019,ERI,PA,AEA,CE,Towers with Radar,0,19,18,0,37,0,0,66,0,66,0,19,84,0,103,40,0,40,143
07/28/2019,ERI,PA,AEA,CE,Towers with Radar,0,27,16,0,43,0,0,11,0,11,0,27,27,0,54,13,0,13,67
07/29/2019,ERI,PA,AEA,CE,Towers with Radar,0,19,20,0,39,0,1,45,0,46,0,20,65,0,85,41,0,41,126
07/30/2019,ERI,PA,AEA,CE,Towers with Radar,0,19,22,4,45,0,0,5,0,5,0,19,27,4,50,29,2,31,81
07/31/2019,ERI,PA,AEA,CE,Towers with Radar,0,20,11,2,33,0,0,9,2,11,0,20,20,4,44,13,0,13,57
08/01/2019,ERI,PA,AEA,CE,Towers with Radar,0,30,18,1,49,0,1,30,0,31,0,31,48,1,80,31,0,31,111
08/02/2019,ERI,PA,AEA,CE,Towers with Radar,0,22,19,0,41,0,0,45,0,45,0,22,64,0,86,37,0,37,123
08/03/2019,ERI,PA,AEA,CE,Towers with Radar,0,20,2,0,22,0,1,36,0,37,0,21,38,0,59,44,0,44,103
08/04/2019,ERI,PA,AEA,CE,Towers with Radar,0,21,9,0,30,0,0,17,0,17,0,21,26,0,47,19,0,19,66
08/05/2019,ERI,PA,AEA,CE,Towers with Radar,0,24,8,0,32,0,2,26,0,28,0,26,34,0,60,43,0,43,103
08/06/2019,ERI,PA,AEA,CE,Towers with Radar,0,18,4,0,22,0,0,8,0,8,0,18,12,0,30,9,0,9,39
08/07/2019,ERI,PA,AEA,CE,Towers with Radar,0,17,6,0,23,0,1,17,1,19,0,18,23,1,42,22,0,22,64
08/08/2019,ERI,PA,AEA,CE,Towers with Radar,0,22,11,0,33,0,0,7,0,7,0,22,18,0,40,8,0,8,48
08/09/2019,ERI,PA,AEA,CE,Towers with Radar,0,19,20,2,41,0,4,60,0,64,0,23,80,2,105,41,2,43,148
08/10/2019,ERI,PA,AEA,CE,Towers with Radar,0,19,9,0,28,0,0,51,0,51,0,19,60,0,79,55,0,55,134
08/11/2019,ERI,PA,AEA,CE,Towers with Radar,0,16,11,0,27,0,0,34,0,34,0,16,45,0,61,27,0,27,88
08/12/2019,ERI,PA,AEA,CE,Towers with Radar,0,18,18,0,36,0,0,59,2,61,0,18,77,2,97,68,0,68,165
08/13/2019,ERI,PA,AEA,CE,Towers with Radar,1,18,30,0,49,0,3,2,0,5,1,21,32,0,54,29,0,29,83
08/14/2019,ERI,PA,AEA,CE,Towers with Radar,0,20,17,2,39,0,2,40,0,42,0,22,57,2,81,78,6,84,165
08/15/2019,ERI,PA,AEA,CE,Towers with Radar,0,21,10,4,35,0,0,33,0,33,0,21,43,4,68,27,0,27,95
08/16/2019,ERI,PA,AEA,CE,Towers with Radar,0,21,14,0,35,0,0,42,1,43,0,21,56,1,78,81,0,81,159
08/17/2019,ERI,PA,AEA,CE,Towers with Radar,0,21,10,0,31,0,0,29,2,31,0,21,39,2,62,36,0,36,98
08/18/2019,ERI,PA,AEA,CE,Towers with Radar,0,19,14,0,33,0,1,17,0,18,0,20,31,0,51,3,0,3,54
08/19/2019,ERI,PA,AEA,CE,Towers with Radar,0,19,14,0,33,0,0,34,0,34,0,19,48,0,67,43,0,43,110
08/20/2019,ERI,PA,AEA,CE,Towers with Radar,0,20,16,4,40,0,0,49,0,49,0,20,65,4,89,38,3,41,130
08/21/2019,ERI,PA,AEA,CE,Towers with Radar,2,19,19,0,40,0,0,17,2,19,2,19,36,2,59,22,0,22,81
08/22/2019,ERI,PA,AEA,CE,Towers with Radar,0,23,13,0,36,0,1,36,0,37,0,24,49,0,73,38,0,38,111
08/23/2019,ERI,PA,AEA,CE,Towers with Radar,0,21,17,0,38,0,0,75,0,75,0,21,92,0,113,69,0,69,182
08/24/2019,ERI,PA,AEA,CE,Towers with Radar,0,22,16,2,40,0,3,58,0,61,0,25,74,2,101,50,0,50,151
08/25/2019,ERI,PA,AEA,CE,Towers with Radar,0,18,23,2,43,0,5,32,1,38,0,23,55,3,81,40,0,40,121
08/26/2019,ERI,PA,AEA,CE,Towers with Radar,0,15,10,0,25,0,0,20,0,20,0,15,30,0,45,23,0,23,68
08/27/2019,ERI,PA,AEA,CE,Towers with Radar,0,18,9,2,29,0,0,5,0,5,0,18,14,2,34,5,0,5,39
08/28/2019,ERI,PA,AEA,CE,Towers with Radar,0,19,24,0,43,0,0,27,0,27,0,19,51,0,70,50,0,50,120
08/29/2019,ERI,PA,AEA,CE,Towers with Radar,0,19,10,0,29,0,2,39,0,41,0,21,49,0,70,64,0,64,134
08/30/2019,ERI,PA,AEA,CE,Towers with Radar,0,20,11,1,32,0,0,40,1,41,0,20,51,2,73,64,0,64,137
08/31/2019,ERI,PA,AEA,CE,Towers with Radar,0,16,11,0,27,0,0,47,0,47,0,16,58,0,74,9,0,9,83
09/01/2019,ERI,PA,AEA,CE,Towers with Radar,0,14,6,0,20,0,0,13,0,13,0,14,19,0,33,12,0,12,45
09/02/2019,ERI,PA,AEA,CE,Towers with Radar,0,19,12,0,31,0,0,42,0,42,0,19,54,0,73,50,0,50,123
09/03/2019,ERI,PA,AEA,CE,Towers with Radar,0,20,6,0,26,0,0,48,2,50,0,20,54,2,76,54,0,54,130
09/04/2019,ERI,PA,AEA,CE,Towers with Radar,0,25,11,0,36,0,0,33,0,33,0,25,44,0,69,59,0,59,128
09/05/2019,ERI,PA,AEA,CE,Towers with Radar,0,27,13,0,40,0,9,41,0,50,0,36,54,0,90,55,0,55,145
09/06/2019,ERI,PA,AEA,CE,Towers with Radar,0,20,23,0,43,0,2,50,1,53,0,22,73,1,96,59,0,59,155
09/07/2019,ERI,PA,AEA,CE,Towers with Radar,0,19,14,0,33,0,1,23,0,24,0,20,37,0,57,20,0,20,77
09/08/2019,ERI,PA,AEA,CE,Towers with Radar,0,19,12,0,31,0,0,32,0,32,0,19,44,0,63,23,0,23,86
09/09/2019,ERI,PA,AEA,CE,Towers with Radar,0,16,16,0,32,0,4,58,0,62,0,20,74,0,94,73,0,73,167
09/10/2019,ERI,PA,AEA,CE,Towers with Radar,0,22,19,0,41,0,0,50,0,50,0,22,69,0,91,20,0,20,111
09/11/2019,ERI,PA,AEA,CE,Towers with Radar,0,22,11,0,33,0,0,38,0,38,0,22,49,0,71,66,0,66,137
09/12/2019,ERI,PA,AEA,CE,Towers with Radar,0,21,32,0,53,0,0,1,0,1,0,21,33,0,54,8,0,8,62
09/13/2019,ERI,PA,AEA,CE,Towers with Radar,0,22,11,0,33,0,0,6,0,6,0,22,17,0,39,30,0,30,69
09/14/2019,ERI,PA,AEA,CE,Towers with Radar,0,21,12,0,33,0,0,31,0,31,0,21,43,0,64,48,0,48,112
09/15/2019,ERI,PA,AEA,CE,Towers with Radar,0,21,13,0,34,0,0,25,0,25,0,21,38,0,59,21,0,21,80
09/16/2019,ERI,PA,AEA,CE,Towers with Radar,0,17,14,0,31,0,1,21,2,24,0,18,35,2,55,26,0,26,81
09/17/2019,ERI,PA,AEA,CE,Towers with Radar,0,20,23,0,43,0,0,39,0,39,0,20,62,0,82,36,0,36,118
09/18/2019,ERI,PA,AEA,CE,Towers with Radar,0,21,25,0,46,0,1,54,3,58,0,22,79,3,104,45,0,45,149
09/19/2019,ERI,PA,AEA,CE,Towers with Radar,0,27,11,0,38,0,0,35,2,37,0,27,46,2,75,25,0,25,100
09/20/2019,ERI,PA,AEA,CE,Towers with Radar,0,18,18,0,36,0,0,50,0,50,0,18,68,0,86,38,0,38,124
09/21/2019,ERI,PA,AEA,CE,Towers with Radar,0,16,9,0,25,0,0,47,0,47,0,16,56,0,72,61,0,61,133
09/22/2019,ERI,PA,AEA,CE,Towers with Radar,0,19,12,0,31,0,2,21,0,23,0,21,33,0,54,18,0,18,72
09/23/2019,ERI,PA,AEA,CE,Towers with Radar,0,17,10,1,28,0,0,8,1,9,0,17,18,2,37,11,0,11,48
09/24/2019,ERI,PA,AEA,CE,Towers with Radar,2,26,16,0,44,0,0,36,0,36,2,26,52,0,80,51,0,51,131
09/25/2019,ERI,PA,AEA,CE,Towers with Radar,0,28,10,0,38,0,0,28,0,28,0,28,38,0,66,40,0,40,106
09/26/2019,ERI,PA,AEA,CE,Towers with Radar,0,26,5,0,31,0,0,15,0,15,0,26,20,0,46,31,0,31,77
09/27/2019,ERI,PA,AEA,CE,Towers with Radar,0,16,14,0,30,0,2,43,0,45,0,18,57,0,75,41,0,41,116
09/28/2019,ERI,PA,AEA,CE,Towers with Radar,0,18,3,0,21,0,0,49,0,49,0,18,52,0,70,47,0,47,117
09/29/2019,ERI,PA,AEA,CE,Towers with Radar,0,24,22,0,46,0,0,34,0,34,0,24,56,0,80,30,0,30,110
09/30/2019,ERI,PA,AEA,CE,Towers with Radar,0,17,26,0,43,0,0,52,0,52,0,17,78,0,95,88,0,88,183
10/01/2019,ERI,PA,AEA,CE,Towers with Radar,0,22,8,0,30,0,1,38,0,39,0,23,46,0,69,54,0,54,123
10/02/2019,ERI,PA,AEA,CE,Towers with Radar,0,21,3,3,27,0,0,6,1,7,0,21,9,4,34,10,0,10,44
10/03/2019,ERI,PA,AEA,CE,Towers with Radar,0,29,10,0,39,0,0,0,0,0,0,29,10,0,39,4,0,4,43
10/04/2019,ERI,PA,AEA,CE,Towers with Radar,0,23,22,0,45,0,0,37,0,37,0,23,59,0,82,55,0,55,137
10/05/2019,ERI,PA,AEA,CE,Towers with Radar,0,16,20,0,36,0,0,38,0,38,0,16,58,0,74,31,0,31,105
10/06/2019,ERI,PA,AEA,CE,Towers with Radar,0,19,7,0,26,0,0,14,0,14,0,19,21,0,40,33,0,33,73
10/07/2019,ERI,PA,AEA,CE,Towers with Radar,0,17,5,0,22,0,0,35,0,35,0,17,40,0,57,37,0,37,94
10/08/2019,ERI,PA,AEA,CE,Towers with Radar,0,24,25,0,49,0,0,45,0,45,0,24,70,0,94,86,0,86,180
10/09/2019,ERI,PA,AEA,CE,Towers with Radar,0,25,11,2,38,0,1,75,1,77,0,26,86,3,115,93,0,93,208
10/10/2019,ERI,PA,AEA,CE,Towers with Radar,0,28,23,2,53,0,0,66,0,66,0,28,89,2,119,75,0,75,194
10/11/2019,ERI,PA,AEA,CE,Towers with Radar,0,24,15,0,39,0,0,56,0,56,0,24,71,0,95,37,0,37,132
10/12/2019,ERI,PA,AEA,CE,Towers with Radar,0,16,0,0,16,0,0,6,0,6,0,16,6,0,22,14,0,14,36
10/13/2019,ERI,PA,AEA,CE,Towers with Radar,0,16,12,0,28,0,1,35,0,36,0,17,47,0,64,41,0,41,105
10/14/2019,ERI,PA,AEA,CE,Towers with Radar,0,19,4,0,23,0,0,38,0,38,0,19,42,0,61,62,0,62,123
10/15/2019,ERI,PA,AEA,CE,Towers with Radar,0,31,21,2,54,0,1,49,0,50,0,32,70,2,104,72,0,72,176
10/16/2019,ERI,PA,AEA,CE,Towers with Radar,0,24,14,0,38,0,0,4,0,4,0,24,18,0,42,7,0,7,49
10/17/2019,ERI,PA,AEA,CE,Towers with Radar,0,28,2,0,30,0,0,2,0,2,0,28,4,0,32,4,0,4,36
10/18/2019,ERI,PA,AEA,CE,Towers with Radar,0,24,9,2,35,0,0,43,0,43,0,24,52,2,78,41,0,41,119
10/19/2019,ERI,PA,AEA,CE,Towers with Radar,0,20,18,0,38,0,0,40,0,40,0,20,58,0,78,41,0,41,119
10/20/2019,ERI,PA,AEA,CE,Towers with Radar,0,16,17,0,33,0,2,26,0,28,0,18,43,0,61,22,0,22,83
10/21/2019,ERI,PA,AEA,CE,Towers with Radar,0,18,2,2,22,0,1,8,0,9,0,19,10,2,31,27,0,27,58
10/22/2019,ERI,PA,AEA,CE,Towers with Radar,0,20,8,0,28,0,0,24,1,25,0,20,32,1,53,32,0,32,85
10/23/2019,ERI,PA,AEA,CE,Towers with Radar,0,19,17,0,36,0,0,2,0,2,0,19,19,0,38,7,0,7,45
10/24/2019,ERI,PA,AEA,CE,Towers with Radar,0,24,9,0,33,0,0,30,0,30,0,24,39,0,63,31,0,31,94
10/25/2019,ERI,PA,AEA,CE,Towers with Radar,0,21,24,2,47,0,2,27,0,29,0,23,51,2,76,54,0,54,130
10/26/2019,ERI,PA,AEA,CE,Towers with Radar,0,17,4,0,21,0,0,18,0,18,0,17,22,0,39,9,0,9,48
10/27/2019,ERI,PA,AEA,CE,Towers with Radar,0,18,5,0,23,0,0,0,0,0,0,18,5,0,23,5,0,5,28
10/28/2019,ERI,PA,AEA,CE,Towers with Radar,0,18,17,3,38,0,0,37,3,40,0,18,54,6,78,37,0,37,115
10/29/2019,ERI,PA,AEA,CE,Towers with Radar,0,22,13,0,35,0,0,24,0,24,0,22,37,0,59,40,0,40,99
10/30/2019,ERI,PA,AEA,CE,Towers with Radar,0,23,21,0,44,0,2,0,0,2,0,25,21,0,46,28,0,28,74
10/31/2019,ERI,PA,AEA,CE,Towers with Radar,0,25,5,0,30,0,0,0,0,0,0,25,5,0,30,4,0,4,34
11/01/2019,ERI,PA,AEA,CE,Towers with Radar,0,20,9,0,29,0,0,9,2,11,0,20,18,2,40,13,0,13,53
11/02/2019,ERI,PA,AEA,CE,Towers with Radar,0,17,6,0,23,0,0,14,2,16,0,17,20,2,39,15,0,15,54
11/03/2019,ERI,PA,AEA,CE,Towers with Radar,0,19,15,0,34,0,0,14,0,14,0,19,29,0,48,32,0,32,80
11/04/2019,ERI,PA,AEA,CE,Towers with Radar,0,17,8,0,25,0,0,10,0,10,0,17,18,0,35,4,0,4,39
11/05/2019,ERI,PA,AEA,CE,Towers with Radar,0,17,9,0,26,0,4,14,0,18,0,21,23,0,44,22,0,22,66
11/06/2019,ERI,PA,AEA,CE,Towers with Radar,0,18,12,0,30,0,0,22,0,22,0,18,34,0,52,22,0,22,74
11/07/2019,ERI,PA,AEA,CE,Towers with Radar,0,23,7,0,30,0,0,0,0,0,0,23,7,0,30,1,0,1,31
11/08/2019,ERI,PA,AEA,CE,Towers with Radar,0,16,10,0,26,0,0,10,0,10,0,16,20,0,36,5,0,5,41
11/09/2019,ERI,PA,AEA,CE,Towers with Radar,0,15,4,0,19,0,5,14,0,19,0,20,18,0,38,16,0,16,54
11/10/2019,ERI,PA,AEA,CE,Towers with Radar,0,16,3,0,19,0,0,7,0,7,0,16,10,0,26,6,0,6,32
11/11/2019,ERI,PA,AEA,CE,Towers with Radar,0,9,0,0,9,0,0,0,0,0,0,9,0,0,9,0,0,0,9
11/12/2019,ERI,PA,AEA,CE,Towers with Radar,0,13,8,0,21,0,2,2,0,4,0,15,10,0,25,0,0,0,25
11/13/2019,ERI,PA,AEA,CE,Towers with Radar,0,24,9,0,33,0,0,2,0,2,0,24,11,0,35,5,0,5,40
11/14/2019,ERI,PA,AEA,CE,Towers with Radar,0,29,10,0,39,0,0,17,0,17,0,29,27,0,56,33,0,33,89
11/15/2019,ERI,PA,AEA,CE,Towers with Radar,0,17,7,0,24,0,0,3,0,3,0,17,10,0,27,2,0,2,29
11/16/2019,ERI,PA,AEA,CE,Towers with Radar,0,18,5,0,23,0,0,17,0,17,0,18,22,0,40,20,0,20,60
11/17/2019,ERI,PA,AEA,CE,Towers with Radar,0,18,3,0,21,0,0,16,0,16,0,18,19,0,37,2,0,2,39
11/18/2019,ERI,PA,AEA,CE,Towers with Radar,0,17,13,0,30,0,2,12,0,14,0,19,25,0,44,28,0,28,72
11/19/2019,ERI,PA,AEA,CE,Towers with Radar,0,23,3,0,26,0,0,1,0,1,0,23,4,0,27,5,0,5,32
11/20/2019,ERI,PA,AEA,CE,Towers with Radar,3,18,2,6,29,0,0,7,0,7,3,18,9,6,36,34,0,34,70
11/21/2019,ERI,PA,AEA,CE,Towers with Radar,0,16,18,2,36,0,0,11,0,11,0,16,29,2,47,18,14,32,79
11/22/2019,ERI,PA,AEA,CE,Towers with Radar,0,17,12,0,29,0,0,4,0,4,0,17,16,0,33,12,0,12,45
11/23/2019,ERI,PA,AEA,CE,Towers with Radar,2,12,9,0,23,0,0,23,0,23,2,12,32,0,46,23,0,23,69
11/24/2019,ERI,PA,AEA,CE,Towers with Radar,0,15,7,0,22,0,0,6,1,7,0,15,13,1,29,2,0,2,31
11/25/2019,ERI,PA,AEA,CE,Towers with Radar,0,18,18,0,36,0,0,18,0,18,0,18,36,0,54,15,0,15,69
11/26/2019,ERI,PA,AEA,CE,Towers with Radar,0,20,27,1,48,0,0,11,1,12,0,20,38,2,60,22,0,22,82
11/27/2019,ERI,PA,AEA,CE,Towers with Radar,0,18,4,0,22,0,0,0,0,0,0,18,4,0,22,7,0,7,29
11/28/2019,ERI,PA,AEA,CE,Towers with Radar,0,9,2,0,11,0,0,1,0,1,0,9,3,0,12,2,0,2,14
11/29/2019,ERI,PA,AEA,CE,Towers with Radar,0,16,5,0,21,0,0,2,0,2,0,16,7,0,23,17,0,17,40
11/30/2019,ERI,PA,AEA,CE,Towers with Radar,0,28,13,0,41,0,0,9,0,9,0,28,22,0,50,6,0,6,56
12/01/2019,ERI,PA,AEA,CE,Towers with Radar,0,17,6,0,23,0,0,0,0,0,0,17,6,0,23,0,0,0,23
12/02/2019,ERI,PA,AEA,CE,Towers with Radar,0,16,8,0,24,0,0,0,0,0,0,16,8,0,24,0,0,0,24
12/03/2019,ERI,PA,AEA,CE,Towers with Radar,0,20,10,0,30,0,0,0,0,0,0,20,10,0,30,0,0,0,30
12/04/2019,ERI,PA,AEA,CE,Towers with Radar,0,20,3,0,23,0,0,0,0,0,0,20,3,0,23,0,0,0,23
12/05/2019,ERI,PA,AEA,CE,Towers with Radar,0,21,14,0,35,0,0,10,0,10,0,21,24,0,45,11,0,11,56
12/06/2019,ERI,PA,AEA,CE,Towers with Radar,0,19,4,0,23,0,0,2,0,2,0,19,6,0,25,7,0,7,32
12/07/2019,ERI,PA,AEA,CE,Towers with Radar,0,16,5,0,21,0,0,18,0,18,0,16,23,0,39,48,0,48,87
12/08/2019,ERI,PA,AEA,CE,Towers with Radar,0,16,9,0,25,0,0,6,0,6,0,16,15,0,31,23,0,23,54
12/09/2019,ERI,PA,AEA,CE,Towers with Radar,2,14,13,0,29,0,0,2,0,2,2,14,15,0,31,6,0,6,37
12/10/2019,ERI,PA,AEA,CE,Towers with Radar,0,21,6,0,27,0,0,2,0,2,0,21,8,0,29,0,0,0,29
12/11/2019,ERI,PA,AEA,CE,Towers with Radar,0,19,5,2,26,0,0,4,0,4,0,19,9,2,30,1,0,1,31
12/12/2019,ERI,PA,AEA,CE,Towers with Radar,0,20,11,0,31,0,4,25,2,31,0,24,36,2,62,43,0,43,105
12/13/2019,ERI,PA,AEA,CE,Towers with Radar,0,19,6,0,25,0,0,13,0,13,0,19,19,0,38,9,0,9,47
12/14/2019,ERI,PA,AEA,CE,Towers with Radar,0,13,3,0,16,0,0,0,0,0,0,13,3,0,16,0,0,0,16
12/15/2019,ERI,PA,AEA,CE,Towers with Radar,0,11,4,0,15,0,0,1,0,1,0,11,5,0,16,0,0,0,16
12/16/2019,ERI,PA,AEA,CE,Towers with Radar,0,17,13,0,30,0,2,17,0,19,0,19,30,0,49,26,0,26,75
12/17/2019,ERI,PA,AEA,CE,Towers with Radar,0,25,13,0,38,0,0,0,0,0,0,25,13,0,38,2,0,2,40
12/18/2019,ERI,PA,AEA,CE,Towers with Radar,0,22,4,0,26,0,0,1,0,1,0,22,5,0,27,5,0,5,32
12/19/2019,ERI,PA,AEA,CE,Towers with Radar,0,24,10,0,34,0,2,21,0,23,0,26,31,0,57,44,0,44,101
12/20/2019,ERI,PA,AEA,CE,Towers with Radar,0,23,16,0,39,0,0,36,0,36,0,23,52,0,75,34,0,34,109
12/21/2019,ERI,PA,AEA,CE,Towers with Radar,0,19,13,0,32,0,2,24,0,26,0,21,37,0,58,11,0,11,69
12/22/2019,ERI,PA,AEA,CE,Towers with Radar,0,14,7,0,21,0,0,21,0,21,0,14,28,0,42,29,0,29,71
12/23/2019,ERI,PA,AEA,CE,Towers with Radar,0,17,13,0,30,0,0,9,0,9,0,17,22,0,39,17,0,17,56
12/24/2019,ERI,PA,AEA,CE,Towers with Radar,0,19,7,0,26,0,5,4,0,9,0,24,11,0,35,13,0,13,48
12/25/2019,ERI,PA,AEA,CE,Towers with Radar,0,11,3,0,14,0,0,7,2,9,0,11,10,2,23,26,0,26,49
12/26/2019,ERI,PA,AEA,CE,Towers with Radar,0,16,2,0,18,0,0,8,0,8,0,16,10,0,26,14,0,14,40
12/27/2019,ERI,PA,AEA,CE,Towers with Radar,0,15,6,0,21,0,2,1,0,3,0,17,7,0,24,2,0,2,26
12/28/2019,ERI,PA,AEA,CE,Towers with Radar,0,23,7,0,30,0,0,26,0,26,0,23,33,0,56,13,0,13,69
12/29/2019,ERI,PA,AEA,CE,Towers with Radar,1,16,9,0,26,0,0,0,0,0,1,16,9,0,26,0,0,0,26
12/30/2019,ERI,PA,AEA,CE,Towers with Radar,0,17,16,0,33,0,1,0,0,1,0,18,16,0,34,12,0,12,46
12/31/2019,ERI,PA,AEA,CE,Towers with Radar,0,10,3,0,13,0,0,0,0,0,0,10,3,0,13,0,0,0,13
01/01/2020,ERI,PA,AEA,CE,Towers with Radar,0,12,1,0,13,0,0,6,0,6,0,12,7,0,19,6,0,6,25
01/02/2020,ERI,PA,AEA,CE,Towers with Radar,0,20,3,0,23,0,0,16,0,16,0,20,19,0,39,29,0,29,68
01/03/2020,ERI,PA,AEA,CE,Towers with Radar,0,19,4,0,23,0,0,0,0,0,0,19,4,0,23,0,0,0,23
01/04/2020,ERI,PA,AEA,CE,Towers with Radar,0,15,0,0,15,0,0,0,0,0,0,15,0,0,15,0,0,0,15
01/05/2020,ERI,PA,AEA,CE,Towers with Radar,0,14,11,0,25,0,0,4,0,4,0,14,15,0,29,6,0,6,35
01/06/2020,ERI,PA,AEA,CE,Towers with Radar,0,19,13,0,32,0,0,11,0,11,0,19,24,0,43,10,0,10,53
01/07/2020,ERI,PA,AEA,CE,Towers with Radar,0,18,7,2,27,0,4,15,0,19,0,22,22,2,46,36,0,36,82
01/08/2020,ERI,PA,AEA,CE,Towers with Radar,0,19,4,0,23,0,0,0,0,0,0,19,4,0,23,1,0,1,24
01/09/2020,ERI,PA,AEA,CE,Towers with Radar,0,21,2,0,23,0,0,6,0,6,0,21,8,0,29,8,0,8,37
01/10/2020,ERI,PA,AEA,CE,Towers with Radar,0,19,8,0,27,0,0,0,0,0,0,19,8,0,27,0,0,0,27
01/11/2020,ERI,PA,AEA,CE,Towers with Radar,0,11,3,0,14,0,0,2,0,2,0,11,5,0,16,4,0,4,20
01/12/2020,ERI,PA,AEA,CE,Towers with Radar,0,11,7,0,18,0,0,2,0,2,0,11,9,0,20,3,0,3,23
01/13/2020,ERI,PA,AEA,CE,Towers with Radar,0,14,13,10,37,0,0,1,0,1,0,14,14,10,38,8,10,18,56
01/14/2020,ERI,PA,AEA,CE,Towers with Radar,0,22,5,0,27,0,0,10,0,10,0,22,15,0,37,8,0,8,45
01/15/2020,ERI,PA,AEA,CE,Towers with Radar,0,22,9,4,35,0,0,8,1,9,0,22,17,5,44,17,20,37,81
01/16/2020,ERI,PA,AEA,CE,Towers with Radar,0,24,3,0,27,0,2,0,0,2,0,26,3,0,29,5,0,5,34
01/17/2020,ERI,PA,AEA,CE,Towers with Radar,0,16,10,0,26,0,0,8,0,8,0,16,18,0,34,9,0,9,43
01/18/2020,ERI,PA,AEA,CE,Towers with Radar,0,7,0,0,7,0,0,0,0,0,0,7,0,0,7,1,0,1,8
01/19/2020,ERI,PA,AEA,CE,Towers with Radar,0,13,2,0,15,0,0,0,0,0,0,13,2,0,15,2,0,2,17
01/20/2020,ERI,PA,AEA,CE,Towers with Radar,0,15,9,0,24,0,2,13,0,15,0,17,22,0,39,22,0,22,61
01/21/2020,ERI,PA,AEA,CE,Towers with Radar,0,17,11,0,28,0,0,2,0,2,0,17,13,0,30,0,0,0,30
01/22/2020,ERI,PA,AEA,CE,Towers with Radar,0,23,8,0,31,0,3,25,0,28,0,26,33,0,59,19,0,19,78
01/23/2020,ERI,PA,AEA,CE,Towers with Radar,0,19,16,0,35,0,2,15,0,17,0,21,31,0,52,45,1,46,98
01/24/2020,ERI,PA,AEA,CE,Towers with Radar,0,17,6,0,23,0,0,3,0,3,0,17,9,0,26,0,0,0,26
01/25/2020,ERI,PA,AEA,CE,Towers with Radar,0,18,2,0,20,0,0,0,0,0,0,18,2,0,20,0,0,0,20
01/26/2020,ERI,PA,AEA,CE,Towers with Radar,0,13,4,0,17,0,0,0,0,0,0,13,4,0,17,1,0,1,18
01/27/2020,ERI,PA,AEA,CE,Towers with Radar,0,16,11,0,27,0,0,0,0,0,0,16,11,0,27,2,0,2,29
01/28/2020,ERI,PA,AEA,CE,Towers with Radar,0,18,11,2,31,0,0,0,0,0,0,18,11,2,31,10,0,10,41
01/29/2020,ERI,PA,AEA,CE,Towers with Radar,0,20,10,0,30,0,0,11,0,11,0,20,21,0,41,24,0,24,65
01/30/2020,ERI,PA,AEA,CE,Towers with Radar,0,21,21,2,44,0,0,13,3,16,0,21,34,5,60,41,35,76,136
01/31/2020,ERI,PA,AEA,CE,Towers with Radar,0,18,10,0,28,0,0,14,0,14,0,18,24,0,42,23,0,23,65
02/01/2020,ERI,PA,AEA,CE,Towers with Radar,0,14,9,0,23,0,0,3,0,3,0,14,12,0,26,3,0,3,29
02/02/2020,ERI,PA,AEA,CE,Towers with Radar,0,14,2,0,16,0,0,0,1,1,0,14,2,1,17,2,0,2,19
02/03/2020,ERI,PA,AEA,CE,Towers with Radar,0,19,5,0,24,0,3,22,1,26,0,22,27,1,50,69,0,69,119
02/04/2020,ERI,PA,AEA,CE,Towers with Radar,0,16,15,0,31,0,0,3,0,3,0,16,18,0,34,19,0,19,53
02/05/2020,ERI,PA,AEA,CE,Towers with Radar,0,15,10,0,25,0,0,20,0,20,0,15,30,0,45,53,0,53,98
02/06/2020,ERI,PA,AEA,CE,Towers with Radar,0,17,0,0,17,0,0,0,0,0,0,17,0,0,17,0,0,0,17
02/07/2020,ERI,PA,AEA,CE,Towers with Radar,2,10,2,0,14,0,0,0,0,0,2,10,2,0,14,0,0,0,14
02/08/2020,ERI,PA,AEA,CE,Towers with Radar,0,13,4,0,17,0,0,0,0,0,0,13,4,0,17,0,0,0,17
02/09/2020,ERI,PA,AEA,CE,Towers with Radar,1,11,6,0,18,0,1,2,0,3,1,12,8,0,21,18,0,18,39
02/10/2020,ERI,PA,AEA,CE,Towers with Radar,1,22,3,0,26,0,0,0,0,0,1,22,3,0,26,0,0,0,26
02/11/2020,ERI,PA,AEA,CE,Towers with Radar,0,16,2,0,18,0,0,9,0,9,0,16,11,0,27,25,0,25,52
02/12/2020,ERI,PA,AEA,CE,Towers with Radar,0,22,4,0,26,0,0,14,0,14,0,22,18,0,40,29,0,29,69
02/13/2020,ERI,PA,AEA,CE,Towers with Radar,0,18,5,0,23,0,0,0,0,0,0,18,5,0,23,0,0,0,23
02/14/2020,ERI,PA,AEA,CE,Towers with Radar,0,20,4,0,24,0,0,6,0,6,0,20,10,0,30,7,0,7,37
02/15/2020,ERI,PA,AEA,CE,Towers with Radar,0,15,8,0,23,0,0,23,0,23,0,15,31,0,46,7,0,7,53
02/16/2020,ERI,PA,AEA,CE,Towers with Radar,0,9,6,0,15,0,0,2,0,2,0,9,8,0,17,16,0,16,33
02/17/2020,ERI,PA,AEA,CE,Towers with Radar,0,21,7,0,28,0,0,19,0,19,0,21,26,0,47,19,0,19,66
02/18/2020,ERI,PA,AEA,CE,Towers with Radar,0,25,11,0,36,0,0,0,0,0,0,25,11,0,36,10,0,10,46
02/19/2020,ERI,PA,AEA,CE,Towers with Radar,0,18,7,0,25,0,0,15,0,15,0,18,22,0,40,31,0,31,71
02/20/2020,ERI,PA,AEA,CE,Towers with Radar,0,22,11,0,33,0,0,3,0,3,0,22,14,0,36,14,0,14,50
02/21/2020,ERI,PA,AEA,CE,Towers with Radar,0,17,9,10,36,0,0,21,0,21,0,17,30,10,57,29,24,53,110
02/22/2020,ERI,PA,AEA,CE,Towers with Radar,0,13,10,0,23,0,2,20,0,22,0,15,30,0,45,22,0,22,67
02/23/2020,ERI,PA,AEA,CE,Towers with Radar,0,13,9,0,22,0,1,14,1,16,0,14,23,1,38,4,0,4,42
02/24/2020,ERI,PA,AEA,CE,Towers with Radar,0,14,21,1,36,0,0,14,1,15,0,14,35,2,51,21,2,23,74
02/25/2020,ERI,PA,AEA,CE,Towers with Radar,0,18,1,0,19,0,0,0,0,0,0,18,1,0,19,0,0,0,19
02/26/2020,ERI,PA,AEA,CE,Towers with Radar,0,17,11,0,28,0,0,0,0,0,0,17,11,0,28,0,0,0,28
02/27/2020,ERI,PA,AEA,CE,Towers with Radar,0,20,7,0,27,0,0,0,0,0,0,20,7,0,27,2,0,2,29
02/28/2020,ERI,PA,AEA,CE,Towers with Radar,0,24,2,0,26,0,0,0,0,0,0,24,2,0,26,3,0,3,29
02/29/2020,ERI,PA,AEA,CE,Towers with Radar,0,14,0,0,14,0,0,0,0,0,0,14,0,0,14,0,0,0,14
03/01/2020,ERI,PA,AEA,CE,Towers with Radar,0,20,14,0,34,0,0,21,0,21,0,20,35,0,55,14,0,14,69
03/02/2020,ERI,PA,AEA,CE,Towers with Radar,0,20,4,0,24,0,0,2,0,2,0,20,6,0,26,3,0,3,29
03/03/2020,ERI,PA,AEA,CE,Towers with Radar,0,33,8,0,41,0,2,2,0,4,0,35,10,0,45,5,0,5,50
03/04/2020,ERI,PA,AEA,CE,Towers with Radar,0,19,8,0,27,0,3,3,2,8,0,22,11,2,35,14,0,14,49
03/05/2020,ERI,PA,AEA,CE,Towers with Radar,0,15,16,0,31,0,0,31,0,31,0,15,47,0,62,51,0,51,113
03/06/2020,ERI,PA,AEA,CE,Towers with Radar,0,20,3,0,23,0,0,0,0,0,0,20,3,0,23,0,0,0,23
03/07/2020,ERI,PA,AEA,CE,Towers with Radar,0,13,10,0,23,0,2,12,0,14,0,15,22,0,37,15,0,15,52
03/08/2020,ERI,PA,AEA,CE,Towers with Radar,0,13,20,0,33,0,0,23,0,23,0,13,43,0,56,31,0,31,87
03/09/2020,ERI,PA,AEA,CE,Towers with Radar,0,15,9,0,24,0,1,12,0,13,0,16,21,0,37,17,0,17,54
03/10/2020,ERI,PA,AEA,CE,Towers with Radar,0,18,6,0,24,0,0,0,0,0,0,18,6,0,24,4,0,4,28
03/11/2020,ERI,PA,AEA,CE,Towers with Radar,0,17,9,2,28,0,0,8,0,8,0,17,17,2,36,33,0,33,69
03/12/2020,ERI,PA,AEA,CE,Towers with Radar,0,17,7,0,24,0,0,14,0,14,0,17,21,0,38,30,0,30,68
03/13/2020,ERI,PA,AEA,CE,Towers with Radar,0,16,2,0,18,0,0,2,0,2,0,16,4,0,20,2,0,2,22
03/14/2020,ERI,PA,AEA,CE,Towers with Radar,0,11,5,0,16,0,0,15,0,15,0,11,20,0,31,14,0,14,45
03/15/2020,ERI,PA,AEA,CE,Towers with Radar,0,10,6,0,16,0,1,21,0,22,0,11,27,0,38,16,0,16,54
03/16/2020,ERI,PA,AEA,CE,Towers with Radar,0,16,11,8,35,0,0,12,0,12,0,16,23,8,47,29,12,41,88
03/17/2020,ERI,PA,AEA,CE,Towers with Radar,0,19,2,0,21,0,0,2,0,2,0,19,4,0,23,7,0,7,30
03/18/2020,ERI,PA,AEA,CE,Towers with Radar,0,24,5,0,29,0,0,9,0,9,0,24,14,0,38,35,0,35,73
03/19/2020,ERI,PA,AEA,CE,Towers with Radar,0,18,10,0,28,0,0,2,0,2,0,18,12,0,30,6,0,6,36
03/20/2020,ERI,PA,AEA,CE,Towers with Radar,0,15,4,0,19,0,0,0,0,0,0,15,4,0,19,2,0,2,21
03/21/2020,ERI,PA,AEA,CE,Towers with Radar,0,10,4,0,14,0,1,1,0,2,0,11,5,0,16,2,0,2,18
03/22/2020,ERI,PA,AEA,CE,Towers with Radar,0,6,4,0,10,0,0,20,0,20,0,6,24,0,30,37,0,37,67
03/23/2020,ERI,PA,AEA,CE,Towers with Radar,1,7,2,0,10,0,0,0,4,4,1,7,2,4,14,0,2,2,16
03/24/2020,ERI,PA,AEA,CE,Towers with Radar,1,15,3,0,19,0,0,3,0,3,1,15,6,0,22,9,0,9,31
03/25/2020,ERI,PA,AEA,CE,Towers with Radar,0,17,10,0,27,0,0,10,0,10,0,17,20,0,37,24,0,24,61
03/26/2020,ERI,PA,AEA,CE,Towers with Radar,0,18,4,4,26,0,0,6,0,6,0,18,10,4,32,14,0,14,46
03/27/2020,ERI,PA,AEA,CE,Towers with Radar,0,15,3,0,18,0,0,11,0,11,0,15,14,0,29,40,0,40,69
03/28/2020,ERI,PA,AEA,CE,Towers with Radar,0,11,0,0,11,0,0,0,0,0,0,11,0,0,11,0,0,0,11
03/29/2020,ERI,PA,AEA,CE,Towers with Radar,0,8,0,0,8,0,0,0,0,0,0,8,0,0,8,5,0,5,13
03/30/2020,ERI,PA,AEA,CE,Towers with Radar,0,8,0,0,8,0,0,0,0,0,0,8,0,0,8,0,0,0,8
03/31/2020,ERI,PA,AEA,CE,Towers with Radar,0,12,0,0,12,0,0,0,0,0,0,12,0,0,12,3,0,3,15
04/01/2020,ERI,PA,AEA,CE,Towers with Radar,0,8,4,0,12,0,0,10,0,10,0,8,14,0,22,30,0,30,52
04/02/2020,ERI,PA,AEA,CE,Towers with Radar,0,9,5,0,14,0,0,11,0,11,0,9,16,0,25,31,0,31,56
04/03/2020,ERI,PA,AEA,CE,Towers with Radar,0,6,4,0,10,0,0,7,0,7,0,6,11,0,17,13,0,13,30
04/04/2020,ERI,PA,AEA,CE,Towers with Radar,0,8,8,0,16,0,0,15,0,15,0,8,23,0,31,17,0,17,48
04/05/2020,ERI,PA,AEA,CE,Towers with Radar,0,7,3,0,10,0,1,2,0,3,0,8,5,0,13,14,0,14,27
04/06/2020,ERI,PA,AEA,CE,Towers with Radar,0,9,5,0,14,0,0,7,0,7,0,9,12,0,21,13,0,13,34
04/07/2020,ERI,PA,AEA,CE,Towers with Radar,0,13,2,0,15,0,2,4,0,6,0,15,6,0,21,8,0,8,29
04/08/2020,ERI,PA,AEA,CE,Towers with Radar,0,11,2,0,13,0,0,7,0,7,0,11,9,0,20,8,0,8,28
04/09/2020,ERI,PA,AEA,CE,Towers with Radar,0,8,0,0,8,0,0,1,0,1,0,8,1,0,9,0,0,0,9
04/10/2020,ERI,PA,AEA,CE,Towers with Radar,0,9,0,0,9,0,0,8,0,8,0,9,8,0,17,4,0,4,21
04/11/2020,ERI,PA,AEA,CE,Towers with Radar,0,11,8,0,19,0,0,32,0,32,0,11,40,0,51,25,0,25,76
04/12/2020,ERI,PA,AEA,CE,Towers with Radar,0,7,0,0,7,0,0,11,0,11,0,7,11,0,18,11,0,11,29
04/13/2020,ERI,PA,AEA,CE,Towers with Radar,0,7,0,0,7,0,0,0,0,0,0,7,0,0,7,2,0,2,9
04/14/2020,ERI,PA,AEA,CE,Towers with Radar,0,8,0,0,8,0,0,20,0,20,0,8,20,0,28,9,0,9,37
04/15/2020,ERI,PA,AEA,CE,Towers with Radar,0,8,3,0,11,0,0,9,0,9,0,8,12,0,20,4,0,4,24
04/16/2020,ERI,PA,AEA,CE,Towers with Radar,0,9,4,0,13,0,0,5,0,5,0,9,9,0,18,10,0,10,28
04/17/2020,ERI,PA,AEA,CE,Towers with Radar,0,4,0,0,4,0,0,0,0,0,0,4,0,0,4,0,0,0,4
04/18/2020,ERI,PA,AEA,CE,Towers with Radar,0,7,6,4,17,0,0,26,0,26,0,7,32,4,43,28,0,28,71
04/19/2020,ERI,PA,AEA,CE,Towers with Radar,0,7,3,0,10,0,0,10,0,10,0,7,13,0,20,4,0,4,24
04/20/2020,ERI,PA,AEA,CE,Towers with Radar,0,9,2,0,11,0,2,28,0,30,0,11,30,0,41,11,0,11,52
04/21/2020,ERI,PA,AEA,CE,Towers with Radar,0,9,0,0,9,0,0,2,0,2,0,9,2,0,11,0,0,0,11
04/22/2020,ERI,PA,AEA,CE,Towers with Radar,0,15,9,0,24,0,1,5,1,7,0,16,14,1,31,28,0,28,59
04/23/2020,ERI,PA,AEA,CE,Towers with Radar,0,12,2,2,16,0,0,2,0,2,0,12,4,2,18,4,0,4,22
04/24/2020,ERI,PA,AEA,CE,Towers with Radar,0,10,14,0,24,0,1,0,0,1,0,11,14,0,25,15,0,15,40
04/25/2020,ERI,PA,AEA,CE,Towers with Radar,0,9,10,0,19,0,0,25,0,25,0,9,35,0,44,31,0,31,75
04/26/2020,ERI,PA,AEA,CE,Towers with Radar,0,5,0,0,5,0,2,0,0,2,0,7,0,0,7,2,0,2,9
04/27/2020,ERI,PA,AEA,CE,Towers with Radar,0,6,7,0,13,0,0,8,0,8,0,6,15,0,21,32,0,32,53
04/28/2020,ERI,PA,AEA,CE,Towers with Radar,0,9,7,2,18,0,0,6,0,6,0,9,13,2,24,9,0,9,33
04/29/2020,ERI,PA,AEA,CE,Towers with Radar,0,11,2,2,15,0,0,2,0,2,0,11,4,2,17,12,2,14,31
04/30/2020,ERI,PA,AEA,CE,Towers with Radar,0,7,5,0,12,0,0,1,0,1,0,7,6,0,13,5,0,5,18
05/01/2020,ERI,PA,AEA,CE,Towers with Radar,0,9,7,0,16,0,0,0,0,0,0,9,7,0,16,0,0,0,16
05/02/2020,ERI,PA,AEA,CE,Towers with Radar,0,12,9,0,21,0,0,10,0,10,0,12,19,0,31,25,0,25,56
05/03/2020,ERI,PA,AEA,CE,Towers with Radar,0,4,4,0,8,0,2,5,0,7,0,6,9,0,15,6,0,6,21
05/04/2020,ERI,PA,AEA,CE,Towers with Radar,0,7,2,0,9,0,0,3,0,3,0,7,5,0,12,6,2,8,20
05/05/2020,ERI,PA,AEA,CE,Towers with Radar,0,6,9,4,19,0,0,17,0,17,0,6,26,4,36,24,4,28,64
05/06/2020,ERI,PA,AEA,CE,Towers with Radar,0,5,3,2,10,0,2,10,0,12,0,7,13,2,22,4,0,4,26
05/07/2020,ERI,PA,AEA,CE,Towers with Radar,0,9,4,0,13,0,0,8,2,10,0,9,12,2,23,3,0,3,26
05/08/2020,ERI,PA,AEA,CE,Towers with Radar,0,9,4,0,13,0,0,4,0,4,0,9,8,0,17,0,0,0,17
05/09/2020,ERI,PA,AEA,CE,Towers with Radar,0,7,4,0,11,0,0,3,0,3,0,7,7,0,14,2,0,2,16
05/10/2020,ERI,PA,AEA,CE,Towers with Radar,0,3,1,0,4,0,1,3,0,4,0,4,4,0,8,4,0,4,12
05/11/2020,ERI,PA,AEA,CE,Towers with Radar,0,5,1,0,6,0,0,0,0,0,0,5,1,0,6,0,0,0,6
05/12/2020,ERI,PA,AEA,CE,Towers with Radar,0,9,6,0,15,0,2,11,0,13,0,11,17,0,28,24,0,24,52
05/13/2020,ERI,PA,AEA,CE,Towers with Radar,0,9,9,0,18,0,0,18,0,18,0,9,27,0,36,40,0,40,76
05/14/2020,ERI,PA,AEA,CE,Towers with Radar,0,6,5,0,11,0,1,4,0,5,0,7,9,0,16,4,0,4,20
05/15/2020,ERI,PA,AEA,CE,Towers with Radar,0,8,7,0,15,0,1,1,0,2,0,9,8,0,17,0,0,0,17
05/16/2020,ERI,PA,AEA,CE,Towers with Radar,0,7,6,0,13,0,1,16,0,17,0,8,22,0,30,50,0,50,80
05/17/2020,ERI,PA,AEA,CE,Towers with Radar,0,4,3,0,7,0,0,1,0,1,0,4,4,0,8,3,0,3,11
05/18/2020,ERI,PA,AEA,CE,Towers with Radar,0,5,12,0,17,0,0,10,0,10,0,5,22,0,27,14,0,14,41
05/19/2020,ERI,PA,AEA,CE,Towers with Radar,0,6,11,0,17,0,0,11,0,11,0,6,22,0,28,4,0,4,32
05/20/2020,ERI,PA,AEA,CE,Towers with Radar,0,12,3,0,15,0,1,13,0,14,0,13,16,0,29,28,0,28,57
05/21/2020,ERI,PA,AEA,CE,Towers with Radar,0,8,10,0,18,0,2,8,2,12,0,10,18,2,30,16,0,16,46
05/22/2020,ERI,PA,AEA,CE,Towers with Radar,0,7,14,0,21,0,0,4,0,4,0,7,18,0,25,13,0,13,38
05/23/2020,ERI,PA,AEA,CE,Towers with Radar,0,7,3,0,10,0,0,4,0,4,0,7,7,0,14,0,0,0,14
05/24/2020,ERI,PA,AEA,CE,Towers with Radar,0,7,10,0,17,0,1,7,0,8,0,8,17,0,25,9,0,9,34
05/25/2020,ERI,PA,AEA,CE,Towers with Radar,0,6,5,0,11,0,0,13,0,13,0,6,18,0,24,16,0,16,40
05/26/2020,ERI,PA,AEA,CE,Towers with Radar,0,5,7,0,12,0,0,24,0,24,0,5,31,0,36,41,0,41,77
05/27/2020,ERI,PA,AEA,CE,Towers with Radar,0,9,6,0,15,0,0,23,0,23,0,9,29,0,38,25,0,25,63
05/28/2020,ERI,PA,AEA,CE,Towers with Radar,0,9,1,4,14,0,0,0,0,0,0,9,1,4,14,2,0,2,16
05/29/2020,ERI,PA,AEA,CE,Towers with Radar,0,7,1,0,8,0,0,2,0,2,0,7,3,0,10,9,0,9,19
05/30/2020,ERI,PA,AEA,CE,Towers with Radar,0,10,3,0,13,0,1,6,0,7,0,11,9,0,20,7,0,7,27
05/31/2020,ERI,PA,AEA,CE,Towers with Radar,0,6,13,0,19,0,0,13,0,13,0,6,26,0,32,9,0,9,41
06/01/2020,ERI,PA,AEA,CE,Towers with Radar,0,5,9,0,14,0,0,7,0,7,0,5,16,0,21,18,0,18,39
06/02/2020,ERI,PA,AEA,CE,Towers with Radar,0,7,4,0,11,0,0,2,0,2,0,7,6,0,13,12,0,12,25
06/03/2020,ERI,PA,AEA,CE,Towers with Radar,0,8,2,2,12,0,0,5,0,5,0,8,7,2,17,12,0,12,29
06/04/2020,ERI,PA,AEA,CE,Towers with Radar,0,10,3,0,13,0,0,3,0,3,0,10,6,0,16,21,0,21,37
06/05/2020,ERI,PA,AEA,CE,Towers with Radar,0,10,14,0,24,0,0,13,0,13,0,10,27,0,37,18,0,18,55
06/06/2020,ERI,PA,AEA,CE,Towers with Radar,0,13,12,0,25,0,4,14,0,18,0,17,26,0,43,28,0,28,71
06/07/2020,ERI,PA,AEA,CE,Towers with Radar,0,4,7,0,11,0,3,13,0,16,0,7,20,0,27,7,0,7,34
06/08/2020,ERI,PA,AEA,CE,Towers with Radar,0,8,12,1,21,0,3,24,1,28,0,11,36,2,49,36,0,36,85
06/09/2020,ERI,PA,AEA,CE,Towers with Radar,0,7,6,2,15,0,0,20,0,20,0,7,26,2,35,26,0,26,61
06/10/2020,ERI,PA,AEA,CE,Towers with Radar,0,7,4,0,11,0,0,6,1,7,0,7,10,1,18,6,0,6,24
06/11/2020,ERI,PA,AEA,CE,Towers with Radar,0,11,8,2,21,0,1,3,0,4,0,12,11,2,25,9,8,17,42
06/12/2020,ERI,PA,AEA,CE,Towers with Radar,0,6,6,0,12,0,0,13,0,13,0,6,19,0,25,4,0,4,29
06/13/2020,ERI,PA,AEA,CE,Towers with Radar,0,11,8,0,19,0,0,11,0,11,0,11,19,0,30,6,0,6,36
06/14/2020,ERI,PA,AEA,CE,Towers with Radar,0,8,7,0,15,0,0,14,0,14,0,8,21,0,29,4,0,4,33
06/15/2020,ERI,PA,AEA,CE,Towers with Radar,0,6,6,0,12,0,2,12,0,14,0,8,18,0,26,19,0,19,45
06/16/2020,ERI,PA,AEA,CE,Towers with Radar,0,9,10,3,22,0,5,13,1,19,0,14,23,4,41,17,0,17,58
06/17/2020,ERI,PA,AEA,CE,Towers with Radar,0,12,9,3,24,0,2,19,1,22,0,14,28,4,46,28,0,28,74
06/18/2020,ERI,PA,AEA,CE,Towers with Radar,0,6,10,0,16,0,1,6,0,7,0,7,16,0,23,28,0,28,51
06/19/2020,ERI,PA,AEA,CE,Towers with Radar,0,12,1,0,13,0,1,9,0,10,0,13,10,0,23,12,0,12,35
06/20/2020,ERI,PA,AEA,CE,Towers with Radar,0,7,5,0,12,0,0,11,0,11,0,7,16,0,23,0,0,0,23
06/21/2020,ERI,PA,AEA,CE,Towers with Radar,0,5,6,0,11,0,0,9,2,11,0,5,15,2,22,6,0,6,28
06/22/2020,ERI,PA,AEA,CE,Towers with Radar,0,14,8,0,22,0,2,7,0,9,0,16,15,0,31,14,0,14,45
06/23/2020,ERI,PA,AEA,CE,Towers with Radar,0,7,6,0,13,0,0,2,0,2,0,7,8,0,15,0,0,0,15
06/24/2020,ERI,PA,AEA,CE,Towers with Radar,0,6,10,0,16,0,2,8,1,11,0,8,18,1,27,6,0,6,33
06/25/2020,ERI,PA,AEA,CE,Towers with Radar,0,13,3,2,18,0,0,6,0,6,0,13,9,2,24,4,2,6,30
06/26/2020,ERI,PA,AEA,CE,Towers with Radar,0,9,8,6,23,0,1,12,0,13,0,10,20,6,36,11,4,15,51
06/27/2020,ERI,PA,AEA,CE,Towers with Radar,0,7,2,1,10,0,0,0,0,0,0,7,2,1,10,2,0,2,12
06/28/2020,ERI,PA,AEA,CE,Towers with Radar,0,6,8,0,14,0,0,6,0,6,0,6,14,0,20,19,0,19,39
06/29/2020,ERI,PA,AEA,CE,Towers with Radar,0,10,16,0,26,0,0,21,0,21,0,10,37,0,47,13,0,13,60
06/30/2020,ERI,PA,AEA,CE,Towers with Radar,0,11,17,4,32,0,0,10,0,10,0,11,27,4,42,16,10,26,68
07/01/2020,ERI,PA,AEA,CE,Towers with Radar,0,10,13,8,31,0,0,30,0,30,0,10,43,8,61,14,8,22,83
07/02/2020,ERI,PA,AEA,CE,Towers with Radar,0,8,2,2,12,0,4,12,0,16,0,12,14,2,28,1,0,1,29
07/03/2020,ERI,PA,AEA,CE,Towers with Radar,0,8,12,0,20,0,0,33,0,33,0,8,45,0,53,37,0,37,90
07/04/2020,ERI,PA,AEA,CE,Towers with Radar,0,4,2,0,6,0,2,9,0,11,0,6,11,0,17,11,0,11,28
07/05/2020,ERI,PA,AEA,CE,Towers with Radar,0,5,7,0,12,0,0,21,0,21,0,5,28,0,33,17,0,17,50
07/06/2020,ERI,PA,AEA,CE,Towers with Radar,0,8,8,0,16,0,1,30,0,31,0,9,38,0,47,3,0,3,50
07/07/2020,ERI,PA,AEA,CE,Towers with Radar,1,11,10,2,24,1,6,13,0,20,2,17,23,2,44,33,0,33,77
07/08/2020,ERI,PA,AEA,CE,Towers with Radar,0,8,11,6,25,0,0,8,0,8,0,8,19,6,33,9,0,9,42
07/09/2020,ERI,PA,AEA,CE,Towers with Radar,0,16,12,0,28,0,0,10,0,10,0,16,22,0,38,17,0,17,55
07/10/2020,ERI,PA,AEA,CE,Towers with Radar,0,10,10,8,28,0,0,11,0,11,0,10,21,8,39,14,14,28,67
07/11/2020,ERI,PA,AEA,CE,Towers with Radar,0,10,1,0,11,0,0,0,0,0,0,10,1,0,11,0,0,0,11
07/12/2020,ERI,PA,AEA,CE,Towers with Radar,0,8,12,0,20,0,0,10,0,10,0,8,22,0,30,20,0,20,50
07/13/2020,ERI,PA,AEA,CE,Towers with Radar,0,7,6,0,13,0,1,14,0,15,0,8,20,0,28,11,0,11,39
07/14/2020,ERI,PA,AEA,CE,Towers with Radar,0,9,6,0,15,0,1,20,0,21,0,10,26,0,36,10,0,10,46
07/15/2020,ERI,PA,AEA,CE,Towers with Radar,0,12,10,0,22,0,0,21,0,21,0,12,31,0,43,42,0,42,85
07/16/2020,ERI,PA,AEA,CE,Towers with Radar,0,7,6,0,13,0,0,6,2,8,0,7,12,2,21,4,0,4,25
07/17/2020,ERI,PA,AEA,CE,Towers with Radar,0,8,6,0,14,0,0,10,1,11,0,8,16,1,25,15,0,15,40
07/18/2020,ERI,PA,AEA,CE,Towers with Radar,0,8,7,2,17,0,2,23,0,25,0,10,30,2,42,17,0,17,59
07/19/2020,ERI,PA,AEA,CE,Towers with Radar,0,5,7,0,12,0,2,4,0,6,0,7,11,0,18,2,0,2,20
07/20/2020,ERI,PA,AEA,CE,Towers with Radar,0,6,7,0,13,0,0,8,0,8,0,6,15,0,21,14,0,14,35
07/21/2020,ERI,PA,AEA,CE,Towers with Radar,0,8,5,2,15,0,0,19,0,19,0,8,24,2,34,7,0,7,41
07/22/2020,ERI,PA,AEA,CE,Towers with Radar,0,11,0,2,13,0,3,11,0,14,0,14,11,2,27,40,4,44,71
07/23/2020,ERI,PA,AEA,CE,Towers with Radar,0,10,6,0,16,0,0,7,0,7,0,10,13,0,23,4,0,4,27
07/24/2020,ERI,PA,AEA,CE,Towers with Radar,0,14,20,0,34,0,1,17,0,18,0,15,37,0,52,32,0,32,84
07/25/2020,ERI,PA,AEA,CE,Towers with Radar,0,10,5,0,15,0,2,25,0,27,0,12,30,0,42,22,0,22,64
07/26/2020,ERI,PA,AEA,CE,Towers with Radar,0,7,4,0,11,0,2,17,0,19,0,9,21,0,30,18,0,18,48
07/27/2020,ERI,PA,AEA,CE,Towers with Radar,0,9,13,0,22,0,0,6,0,6,0,9,19,0,28,7,0,7,35
07/28/2020,ERI,PA,AEA,CE,Towers with Radar,0,9,12,1,22,0,0,36,0,36,0,9,48,1,58,28,0,28,86
07/29/2020,ERI,PA,AEA,CE,Towers with Radar,0,10,6,0,16,0,2,14,0,16,0,12,20,0,32,8,0,8,40
07/30/2020,ERI,PA,AEA,CE,Towers with Radar,0,8,10,0,18,0,0,22,0,22,0,8,32,0,40,28,0,28,68
07/31/2020,ERI,PA,AEA,CE,Towers with Radar,0,10,8,0,18,0,2,31,0,33,0,12,39,0,51,39,0,39,90
08/01/2020,ERI,PA,AEA,CE,Towers with Radar,0,10,5,0,15,0,0,5,0,5,0,10,10,0,20,3,0,3,23
08/02/2020,ERI,PA,AEA,CE,Towers with Radar,0,8,2,0,10,0,0,1,0,1,0,8,3,0,11,0,0,0,11
08/03/2020,ERI,PA,AEA,CE,Towers with Radar,0,6,6,0,12,0,0,3,0,3,0,6,9,0,15,18,0,18,33
08/04/2020,ERI,PA,AEA,CE,Towers with Radar,0,8,4,0,12,0,0,4,0,4,0,8,8,0,16,14,0,14,30
08/05/2020,ERI,PA,AEA,CE,Towers with Radar,0,9,9,0,18,0,0,22,0,22,0,9,31,0,40,30,0,30,70
08/06/2020,ERI,PA,AEA,CE,Towers with Radar,0,13,8,0,21,0,6,19,0,25,0,19,27,0,46,18,0,18,64
08/07/2020,ERI,PA,AEA,CE,Towers with Radar,0,9,9,0,18,0,1,24,0,25,0,10,33,0,43,48,0,48,91
08/08/2020,ERI,PA,AEA,CE,Towers with Radar,0,7,4,2,13,0,0,22,0,22,0,7,26,2,35,18,2,20,55
08/09/2020,ERI,PA,AEA,CE,Towers with Radar,0,8,2,0,10,0,0,20,0,20,0,8,22,0,30,11,0,11,41
08/10/2020,ERI,PA,AEA,CE,Towers with Radar,0,6,13,2,21,0,2,24,0,26,0,8,37,2,47,43,0,43,90
08/11/2020,ERI,PA,AEA,CE,Towers with Radar,0,8,10,2,20,0,0,3,0,3,0,8,13,2,23,19,0,19,42
08/12/2020,ERI,PA,AEA,CE,Towers with Radar,0,6,5,0,11,0,0,21,2,23,0,6,26,2,34,33,0,33,67
08/13/2020,ERI,PA,AEA,CE,Towers with Radar,0,10,6,0,16,0,1,23,0,24,0,11,29,0,40,18,0,18,58
08/14/2020,ERI,PA,AEA,CE,Towers with Radar,0,12,7,1,20,0,0,14,1,15,0,12,21,2,35,54,10,64,99
08/15/2020,ERI,PA,AEA,CE,Towers with Radar,0,8,7,0,15,0,0,15,0,15,0,8,22,0,30,20,0,20,50
08/16/2020,ERI,PA,AEA,CE,Towers with Radar,0,8,10,0,18,0,0,9,0,9,0,8,19,0,27,4,0,4,31
08/17/2020,ERI,PA,AEA,CE,Towers with Radar,0,6,8,0,14,0,0,15,0,15,0,6,23,0,29,14,0,14,43
08/18/2020,ERI,PA,AEA,CE,Towers with Radar,0,8,7,0,15,0,0,26,0,26,0,8,33,0,41,41,0,41,82
08/19/2020,ERI,PA,AEA,CE,Towers with Radar,0,8,7,0,15,0,4,19,1,24,0,12,26,1,39,39,0,39,78
08/20/2020,ERI,PA,AEA,CE,Towers with Radar,0,7,4,0,11,0,6,26,0,32,0,13,30,0,43,52,0,52,95
08/21/2020,ERI,PA,AEA,CE,Towers with Radar,0,10,9,2,21,0,7,17,2,26,0,17,26,4,47,20,2,22,69
08/22/2020,ERI,PA,AEA,CE,Towers with Radar,0,8,9,0,17,0,2,18,0,20,0,10,27,0,37,16,0,16,53
08/23/2020,ERI,PA,AEA,CE,Towers with Radar,0,6,8,0,14,0,0,8,0,8,0,6,16,0,22,8,0,8,30
08/24/2020,ERI,PA,AEA,CE,Towers with Radar,0,6,3,0,9,0,0,19,1,20,0,6,22,1,29,14,0,14,43
08/25/2020,ERI,PA,AEA,CE,Towers with Radar,0,9,10,0,19,0,0,3,0,3,0,9,13,0,22,9,0,9,31
08/26/2020,ERI,PA,AEA,CE,Towers with Radar,0,13,10,0,23,0,2,5,0,7,0,15,15,0,30,8,0,8,38
08/27/2020,ERI,PA,AEA,CE,Towers with Radar,0,8,2,0,10,0,0,4,0,4,0,8,6,0,14,1,0,1,15
08/28/2020,ERI,PA,AEA,CE,Towers with Radar,0,8,4,0,12,0,0,0,0,0,0,8,4,0,12,8,0,8,20
08/29/2020,ERI,PA,AEA,CE,Towers with Radar,0,9,0,0,9,0,3,2,0,5,0,12,2,0,14,12,0,12,26
08/30/2020,ERI,PA,AEA,CE,Towers with Radar,0,6,14,0,20,0,0,6,0,6,0,6,20,0,26,4,0,4,30
08/31/2020,ERI,PA,AEA,CE,Towers with Radar,0,6,6,1,13,0,1,10,1,12,0,7,16,2,25,11,0,11,36
09/01/2020,ERI,PA,AEA,CE,Towers with Radar,0,8,3,0,11,0,0,6,0,6,0,8,9,0,17,21,0,21,38
09/02/2020,ERI,PA,AEA,CE,Towers with Radar,0,12,8,0,20,0,2,2,2,6,0,14,10,2,26,5,0,5,31
09/03/2020,ERI,PA,AEA,CE,Towers with Radar,0,10,8,2,20,0,1,21,0,22,0,11,29,2,42,14,0,14,56
09/04/2020,ERI,PA,AEA,CE,Towers with Radar,0,8,11,0,19,0,1,11,0,12,0,9,22,0,31,28,0,28,59
09/05/2020,ERI,PA,AEA,CE,Towers with Radar,0,9,5,0,14,0,0,17,0,17,0,9,22,0,31,16,0,16,47
09/06/2020,ERI,PA,AEA,CE,Towers with Radar,0,10,9,0,19,0,2,15,0,17,0,12,24,0,36,14,0,14,50
09/07/2020,ERI,PA,AEA,CE,Towers with Radar,0,10,4,0,14,0,0,2,0,2,0,10,6,0,16,0,0,0,16
09/08/2020,ERI,PA,AEA,CE,Towers with Radar,0,10,8,7,25,0,0,11,1,12,0,10,19,8,37,2,0,2,39
09/09/2020,ERI,PA,AEA,CE,Towers with Radar,2,9,10,0,21,0,0,19,0,19,2,9,29,0,40,26,0,26,66
09/10/2020,ERI,PA,AEA,CE,Towers with Radar,4,13,20,0,37,0,0,2,0,2,4,13,22,0,39,13,0,13,52
09/11/2020,ERI,PA,AEA,CE,Towers with Radar,4,6,4,0,14,0,0,5,0,5,4,6,9,0,19,3,0,3,22
09/12/2020,ERI,PA,AEA,CE,Towers with Radar,4,4,7,0,15,0,2,18,0,20,4,6,25,0,35,5,0,5,40
09/13/2020,ERI,PA,AEA,CE,Towers with Radar,3,4,4,0,11,0,0,1,0,1,3,4,5,0,12,1,0,1,13
09/14/2020,ERI,PA,AEA,CE,Towers with Radar,4,4,16,0,24,0,0,14,0,14,4,4,30,0,38,12,0,12,50
09/15/2020,ERI,PA,AEA,CE,Towers with Radar,4,5,7,0,16,0,5,21,0,26,4,10,28,0,42,4,10,14,56
09/16/2020,ERI,PA,AEA,CE,Towers with Radar,4,6,4,0,14,0,2,16,0,18,4,8,20,0,32,17,0,17,49
09/17/2020,ERI,PA,AEA,CE,Towers with Radar,4,6,13,0,23,0,0,12,0,12,4,6,25,0,35,47,0,47,82
09/18/2020,ERI,PA,AEA,CE,Towers with Radar,4,7,10,5,26,0,0,6,0,6,4,7,16,5,32,2,8,10,42
09/19/2020,ERI,PA,AEA,CE,Towers with Radar,3,7,13,0,23,1,4,23,0,28,4,11,36,0,51,6,0,6,57
09/20/2020,ERI,PA,AEA,CE,Towers with Radar,4,5,11,0,20,0,0,11,0,11,4,5,22,0,31,3,0,3,34
09/21/2020,ERI,PA,AEA,CE,Towers with Radar,4,9,14,0,27,0,2,13,0,15,4,11,27,0,42,6,0,6,48
09/22/2020,ERI,PA,AEA,CE,Towers with Radar,4,5,1,0,10,0,1,22,0,23,4,6,23,0,33,26,0,26,59
09/23/2020,ERI,PA,AEA,CE,Towers with Radar,3,8,8,0,19,1,1,21,0,23,4,9,29,0,42,24,0,24,66
09/24/2020,ERI,PA,AEA,CE,Towers with Radar,4,10,9,0,23,0,0,22,0,22,4,10,31,0,45,16,0,16,61
09/25/2020,ERI,PA,AEA,CE,Towers with Radar,3,7,8,0,18,0,0,18,0,18,3,7,26,0,36,20,0,20,56
09/26/2020,ERI,PA,AEA,CE,Towers with Radar,4,6,7,0,17,0,3,23,0,26,4,9,30,0,43,16,0,16,59
09/27/2020,ERI,PA,AEA,CE,Towers with Radar,4,5,4,0,13,0,1,6,0,7,4,6,10,0,20,3,0,3,23
09/28/2020,ERI,PA,AEA,CE,Towers with Radar,4,3,11,5,23,0,1,6,1,8,4,4,17,6,31,14,14,28,59
09/29/2020,ERI,PA,AEA,CE,Towers with Radar,3,9,2,0,14,1,1,8,0,10,4,10,10,0,24,18,0,18,42
09/30/2020,ERI,PA,AEA,CE,Towers with Radar,4,5,2,0,11,0,0,6,0,6,4,5,8,0,17,5,0,5,22
10/01/2020,ERI,PA,AEA,CE,Towers with Radar,2,5,8,0,15,1,1,6,0,8,3,6,14,0,23,5,0,5,28
10/02/2020,ERI,PA,AEA,CE,Towers with Radar,4,9,16,4,33,0,0,1,0,1,4,9,17,4,34,12,4,16,50
10/03/2020,ERI,PA,AEA,CE,Towers with Radar,3,6,8,0,17,1,2,21,0,24,4,8,29,0,41,26,0,26,67
10/04/2020,ERI,PA,AEA,CE,Towers with Radar,4,6,3,0,13,0,0,6,0,6,4,6,9,0,19,2,0,2,21
10/05/2020,ERI,PA,AEA,CE,Towers with Radar,4,6,11,0,21,0,1,9,0,10,4,7,20,0,31,8,0,8,39
10/06/2020,ERI,PA,AEA,CE,Towers with Radar,4,4,0,0,8,0,0,10,0,10,4,4,10,0,18,10,0,10,28
10/07/2020,ERI,PA,AEA,CE,Towers with Radar,4,5,1,0,10,0,1,3,0,4,4,6,4,0,14,28,0,28,42
10/08/2020,ERI,PA,AEA,CE,Towers with Radar,4,8,5,6,23,0,3,5,2,10,4,11,10,8,33,4,14,18,51
10/09/2020,ERI,PA,AEA,CE,Towers with Radar,4,6,8,0,18,0,1,19,1,21,4,7,27,1,39,31,0,31,70
10/10/2020,ERI,PA,AEA,CE,Towers with Radar,4,9,6,0,19,0,0,18,0,18,4,9,24,0,37,3,0,3,40
10/11/2020,ERI,PA,AEA,CE,Towers with Radar,4,3,6,0,13,0,1,14,0,15,4,4,20,0,28,5,0,5,33
10/12/2020,ERI,PA,AEA,CE,Towers with Radar,4,4,13,0,21,0,0,1,1,2,4,4,14,1,23,11,0,11,34
10/13/2020,ERI,PA,AEA,CE,Towers with Radar,4,8,6,0,18,1,0,15,2,18,5,8,21,2,36,12,8,20,56
10/14/2020,ERI,PA,AEA,CE,Towers with Radar,3,7,6,0,16,0,0,14,1,15,3,7,20,1,31,13,8,21,52
10/15/2020,ERI,PA,AEA,CE,Towers with Radar,4,10,8,0,22,0,2,0,0,2,4,12,8,0,24,8,0,8,32
10/16/2020,ERI,PA,AEA,CE,Towers with Radar,3,9,10,0,22,1,2,9,0,12,4,11,19,0,34,6,0,6,40
10/17/2020,ERI,PA,AEA,CE,Towers with Radar,3,6,9,0,18,1,3,19,0,23,4,9,28,0,41,9,0,9,50
10/18/2020,ERI,PA,AEA,CE,Towers with Radar,4,4,4,2,14,0,0,3,0,3,4,4,7,2,17,1,0,1,18
10/19/2020,ERI,PA,AEA,CE,Towers with Radar,4,6,10,2,22,0,0,0,0,0,4,6,10,2,22,4,0,4,26
10/20/2020,ERI,PA,AEA,CE,Towers with Radar,4,5,13,4,26,0,0,0,0,0,4,5,13,4,26,0,0,0,26
10/21/2020,ERI,PA,AEA,CE,Towers with Radar,3,9,12,2,26,1,0,1,0,2,4,9,13,2,28,0,0,0,28
10/22/2020,ERI,PA,AEA,CE,Towers with Radar,4,13,9,4,30,0,0,12,0,12,4,13,21,4,42,3,0,3,45
10/23/2020,ERI,PA,AEA,CE,Towers with Radar,4,9,9,0,22,0,0,17,0,17,4,9,26,0,39,12,0,12,51
10/24/2020,ERI,PA,AEA,CE,Towers with Radar,3,4,9,0,16,1,0,3,0,4,4,4,12,0,20,18,0,18,38
10/25/2020,ERI,PA,AEA,CE,Towers with Radar,4,4,6,0,14,0,0,19,0,19,4,4,25,0,33,15,0,15,48
10/26/2020,ERI,PA,AEA,CE,Towers with Radar,4,4,10,0,18,0,0,3,0,3,4,4,13,0,21,4,0,4,25
10/27/2020,ERI,PA,AEA,CE,Towers with Radar,4,10,0,0,14,0,0,0,0,0,4,10,0,0,14,11,0,11,25
10/28/2020,ERI,PA,AEA,CE,Towers with Radar,3,6,8,0,17,1,0,7,0,8,4,6,15,0,25,2,0,2,27
10/29/2020,ERI,PA,AEA,CE,Towers with Radar,3,6,12,0,21,1,0,7,0,8,4,6,19,0,29,24,0,24,53
10/30/2020,ERI,PA,AEA,CE,Towers with Radar,4,6,5,0,15,0,0,2,0,2,4,6,7,0,17,0,0,0,17
10/31/2020,ERI,PA,AEA,CE,Towers with Radar,2,6,11,0,19,0,4,24,0,28,2,10,35,0,47,20,0,20,67
11/01/2020,ERI,PA,AEA,CE,Towers with Radar,4,6,6,2,18,0,0,1,0,1,4,6,7,2,19,0,0,0,19
11/02/2020,ERI,PA,AEA,CE,Towers with Radar,4,8,7,6,25,0,0,7,0,7,4,8,14,6,32,0,0,0,32
11/03/2020,ERI,PA,AEA,CE,Towers with Radar,4,6,3,0,13,0,0,18,0,18,4,6,21,0,31,4,0,4,35
11/04/2020,ERI,PA,AEA,CE,Towers with Radar,4,4,6,0,14,0,2,18,0,20,4,6,24,0,34,16,0,16,50
11/05/2020,ERI,PA,AEA,CE,Towers with Radar,4,7,7,0,18,0,8,9,4,21,4,15,16,4,39,36,2,38,77
11/06/2020,ERI,PA,AEA,CE,Towers with Radar,3,6,4,0,13,0,0,32,0,32,3,6,36,0,45,30,0,30,75
11/07/2020,ERI,PA,AEA,CE,Towers with Radar,4,8,6,0,18,0,0,25,0,25,4,8,31,0,43,8,0,8,51
11/08/2020,ERI,PA,AEA,CE,Towers with Radar,4,4,5,0,13,0,1,25,0,26,4,5,30,0,39,10,0,10,49
11/09/2020,ERI,PA,AEA,CE,Towers with Radar,4,5,8,0,17,0,0,21,0,21,4,5,29,0,38,32,0,32,70
11/10/2020,ERI,PA,AEA,CE,Towers with Radar,3,6,5,0,14,1,0,19,0,20,4,6,24,0,34,8,0,8,42
11/11/2020,ERI,PA,AEA,CE,Towers with Radar,4,4,5,0,13,0,0,5,0,5,4,4,10,0,18,1,0,1,19
11/12/2020,ERI,PA,AEA,CE,Towers with Radar,4,9,3,1,17,0,0,20,2,22,4,9,23,3,39,31,0,31,70
11/13/2020,ERI,PA,AEA,CE,Towers with Radar,4,14,4,0,22,0,2,6,0,8,4,16,10,0,30,2,0,2,32
11/14/2020,ERI,PA,AEA,CE,Towers with Radar,4,5,14,0,23,0,0,27,0,27,4,5,41,0,50,4,0,4,54
11/15/2020,ERI,PA,AEA,CE,Towers with Radar,5,8,2,0,15,0,0,0,0,0,5,8,2,0,15,0,0,0,15
11/16/2020,ERI,PA,AEA,CE,Towers with Radar,4,3,3,4,14,0,1,3,0,4,4,4,6,4,18,11,0,11,29
11/17/2020,ERI,PA,AEA,CE,Towers with Radar,4,6,2,0,12,0,0,0,0,0,4,6,2,0,12,1,0,1,13
11/18/2020,ERI,PA,AEA,CE,Towers with Radar,4,10,1,0,15,0,0,19,0,19,4,10,20,0,34,12,0,12,46
11/19/2020,ERI,PA,AEA,CE,Towers with Radar,6,5,4,0,15,0,1,7,1,9,6,6,11,1,24,6,0,6,30
11/20/2020,ERI,PA,AEA,CE,Towers with Radar,4,12,8,0,24,0,0,10,0,10,4,12,18,0,34,19,0,19,53
11/21/2020,ERI,PA,AEA,CE,Towers with Radar,4,4,5,0,13,0,0,12,0,12,4,4,17,0,25,8,0,8,33
11/22/2020,ERI,PA,AEA,CE,Towers with Radar,4,4,0,0,8,0,0,0,0,0,4,4,0,0,8,0,0,0,8
11/23/2020,ERI,PA,AEA,CE,Towers with Radar,2,7,3,0,12,0,0,3,1,4,2,7,6,1,16,0,0,0,16
11/24/2020,ERI,PA,AEA,CE,Towers with Radar,4,7,7,3,21,0,1,18,2,21,4,8,25,5,42,2,2,4,46
11/25/2020,ERI,PA,AEA,CE,Towers with Radar,4,4,9,2,19,0,1,4,0,5,4,5,13,2,24,3,0,3,27
11/26/2020,ERI,PA,AEA,CE,Towers with Radar,2,2,0,0,4,0,0,0,0,0,2,2,0,0,4,0,0,0,4
11/27/2020,ERI,PA,AEA,CE,Towers with Radar,4,6,3,0,13,0,0,7,0,7,4,6,10,0,20,0,0,0,20
11/28/2020,ERI,PA,AEA,CE,Towers with Radar,4,6,4,0,14,0,2,4,0,6,4,8,8,0,20,10,0,10,30
11/29/2020,ERI,PA,AEA,CE,Towers with Radar,4,6,5,0,15,0,0,17,0,17,4,6,22,0,32,12,0,12,44
11/30/2020,ERI,PA,AEA,CE,Towers with Radar,4,6,2,0,12,0,0,0,0,0,4,6,2,0,12,0,0,0,12
12/01/2020,ERI,PA,AEA,CE,Towers with Radar,4,8,2,0,14,0,0,0,0,0,4,8,2,0,14,0,0,0,14
12/02/2020,ERI,PA,AEA,CE,Towers with Radar,4,6,3,0,13,0,0,6,0,6,4,6,9,0,19,3,0,3,22
12/03/2020,ERI,PA,AEA,CE,Towers with Radar,4,4,7,0,15,0,0,13,2,15,4,4,20,2,30,7,0,7,37
12/04/2020,ERI,PA,AEA,CE,Towers with Radar,4,10,7,0,21,0,3,6,0,9,4,13,13,0,30,18,0,18,48
12/05/2020,ERI,PA,AEA,CE,Towers with Radar,4,5,6,0,15,0,0,0,0,0,4,5,6,0,15,0,0,0,15
12/06/2020,ERI,PA,AEA,CE,Towers with Radar,4,3,1,0,8,0,0,0,0,0,4,3,1,0,8,0,0,0,8
12/07/2020,ERI,PA,AEA,CE,Towers with Radar,4,6,4,0,14,0,0,4,0,4,4,6,8,0,18,1,0,1,19
12/08/2020,ERI,PA,AEA,CE,Towers with Radar,5,7,2,0,14,0,2,9,0,11,5,9,11,0,25,8,0,8,33
12/09/2020,ERI,PA,AEA,CE,Towers with Radar,5,9,5,0,19,0,0,0,0,0,5,9,5,0,19,0,0,0,19
12/10/2020,ERI,PA,AEA,CE,Towers with Radar,3,6,5,0,14,1,0,10,0,11,4,6,15,0,25,45,0,45,70
12/11/2020,ERI,PA,AEA,CE,Towers with Radar,4,13,5,3,25,0,0,36,0,36,4,13,41,3,61,24,0,24,85
12/12/2020,ERI,PA,AEA,CE,Towers with Radar,4,7,4,0,15,0,3,0,0,3,4,10,4,0,18,8,0,8,26
12/13/2020,ERI,PA,AEA,CE,Towers with Radar,4,2,0,0,6,0,0,0,0,0,4,2,0,0,6,0,0,0,6
12/14/2020,ERI,PA,AEA,CE,Towers with Radar,3,4,2,0,9,0,1,4,0,5,3,5,6,0,14,14,0,14,28
12/15/2020,ERI,PA,AEA,CE,Towers with Radar,3,10,9,0,22,0,0,10,0,10,3,10,19,0,32,16,0,16,48
12/16/2020,ERI,PA,AEA,CE,Towers with Radar,6,4,4,0,14,0,0,6,0,6,6,4,10,0,20,19,0,19,39
12/17/2020,ERI,PA,AEA,CE,Towers with Radar,4,9,5,0,18,0,0,6,0,6,4,9,11,0,24,19,0,19,43
12/18/2020,ERI,PA,AEA,CE,Towers with Radar,3,10,7,0,20,0,0,10,0,10,3,10,17,0,30,34,0,34,64
12/19/2020,ERI,PA,AEA,CE,Towers with Radar,4,8,9,0,21,0,0,18,0,18,4,8,27,0,39,0,0,0,39
12/20/2020,ERI,PA,AEA,CE,Towers with Radar,4,4,3,0,11,0,0,0,0,0,4,4,3,0,11,0,0,0,11
12/21/2020,ERI,PA,AEA,CE,Towers with Radar,4,8,4,0,16,0,0,0,0,0,4,8,4,0,16,16,0,16,32
12/22/2020,ERI,PA,AEA,CE,Towers with Radar,3,11,7,0,21,1,0,2,0,3,4,11,9,0,24,2,0,2,26
12/23/2020,ERI,PA,AEA,CE,Towers with Radar,4,13,11,0,28,0,0,12,0,12,4,13,23,0,40,6,0,6,46
12/24/2020,ERI,PA,AEA,CE,Towers with Radar,2,5,2,0,9,0,0,0,0,0,2,5,2,0,9,0,0,0,9
12/25/2020,ERI,PA,AEA,CE,Towers with Radar,2,2,0,0,4,0,0,0,0,0,2,2,0,0,4,0,0,0,4
12/26/2020,ERI,PA,AEA,CE,Towers with Radar,3,8,1,0,12,0,0,0,0,0,3,8,1,0,12,1,0,1,13
12/27/2020,ERI,PA,AEA,CE,Towers with Radar,4,5,5,0,14,0,2,2,0,4,4,7,7,0,18,0,0,0,18
12/28/2020,ERI,PA,AEA,CE,Towers with Radar,3,4,2,0,9,1,0,3,0,4,4,4,5,0,13,0,0,0,13
12/29/2020,ERI,PA,AEA,CE,Towers with Radar,4,9,3,0,16,0,1,17,2,20,4,10,20,2,36,20,0,20,56
12/30/2020,ERI,PA,AEA,CE,Towers with Radar,4,8,4,0,16,0,0,0,0,0,4,8,4,0,16,0,0,0,16
12/31/2020,ERI,PA,AEA,CE,Towers with Radar,2,3,4,0,9,0,1,2,0,3,2,4,6,0,12,8,0,8,20
01/01/2021,ERI,PA,AEA,CE,Towers with Radar,2,4,1,0,7,0,0,0,0,0,2,4,1,0,7,0,0,0,7
01/02/2021,ERI,PA,AEA,CE,Towers with Radar,4,6,6,0,16,0,0,2,0,2,4,6,8,0,18,30,0,30,48
01/03/2021,ERI,PA,AEA,CE,Towers with Radar,4,5,2,0,11,0,0,0,0,0,4,5,2,0,11,0,0,0,11
01/04/2021,ERI,PA,AEA,CE,Towers with Radar,2,6,0,0,8,0,0,0,0,0,2,6,0,0,8,0,0,0,8
01/05/2021,ERI,PA,AEA,CE,Towers with Radar,2,8,0,0,10,0,0,3,0,3,2,8,3,0,13,26,0,26,39
01/06/2021,ERI,PA,AEA,CE,Towers with Radar,3,4,8,0,15,0,1,3,1,5,3,5,11,1,20,28,0,28,48
01/07/2021,ERI,PA,AEA,CE,Towers with Radar,2,8,2,0,12,0,0,3,0,3,2,8,5,0,15,18,0,18,33
01/08/2021,ERI,PA,AEA,CE,Towers with Radar,2,6,7,0,15,0,0,0,0,0,2,6,7,0,15,0,0,0,15
01/09/2021,ERI,PA,AEA,CE,Towers with Radar,2,9,10,0,21,0,1,52,0,53,2,10,62,0,74,74,0,74,148
01/10/2021,ERI,PA,AEA,CE,Towers with Radar,2,8,2,0,12,0,0,11,0,11,2,8,13,0,23,14,0,14,37
01/11/2021,ERI,PA,AEA,CE,Towers with Radar,2,6,5,0,13,0,0,2,0,2,2,6,7,0,15,32,0,32,47
01/12/2021,ERI,PA,AEA,CE,Towers with Radar,2,5,11,0,18,0,0,1,0,1,2,5,12,0,19,3,0,3,22
01/13/2021,ERI,PA,AEA,CE,Towers with Radar,2,10,4,0,16,0,2,11,0,13,2,12,15,0,29,16,0,16,45
01/14/2021,ERI,PA,AEA,CE,Towers with Radar,2,10,4,0,16,0,4,4,0,8,2,14,8,0,24,29,0,29,53
01/15/2021,ERI,PA,AEA,CE,Towers with Radar,2,4,2,0,8,0,0,5,0,5,2,4,7,0,13,12,0,12,25
01/16/2021,ERI,PA,AEA,CE,Towers with Radar,2,5,0,0,7,0,1,1,0,2,2,6,1,0,9,22,0,22,31
01/17/2021,ERI,PA,AEA,CE,Towers with Radar,2,4,3,0,9,0,0,0,0,0,2,4,3,0,9,0,0,0,9
01/18/2021,ERI,PA,AEA,CE,Towers with Radar,0,2,1,0,3,0,0,0,0,0,0,2,1,0,3,0,0,0,3
01/19/2021,ERI,PA,AEA,CE,Towers with Radar,4,9,6,2,21,0,0,0,0,0,4,9,6,2,21,0,0,0,21
01/20/2021,ERI,PA,AEA,CE,Towers with Radar,4,7,1,0,12,0,0,2,0,2,4,7,3,0,14,8,0,8,22
01/21/2021,ERI,PA,AEA,CE,Towers with Radar,2,10,2,0,14,0,2,8,0,10,2,12,10,0,24,30,0,30,54
01/22/2021,ERI,PA,AEA,CE,Towers with Radar,2,10,5,0,17,0,0,0,0,0,2,10,5,0,17,0,0,0,17
01/23/2021,ERI,PA,AEA,CE,Towers with Radar,2,8,4,0,14,0,0,10,0,10,2,8,14,0,24,65,0,65,89
01/24/2021,ERI,PA,AEA,CE,Towers with Radar,2,4,4,0,10,0,6,0,0,6,2,10,4,0,16,6,0,6,22
01/25/2021,ERI,PA,AEA,CE,Towers with Radar,2,6,0,0,8,0,0,11,0,11,2,6,11,0,19,41,0,41,60
01/26/2021,ERI,PA,AEA,CE,Towers with Radar,2,8,0,0,10,0,0,0,0,0,2,8,0,0,10,0,0,0,10
01/27/2021,ERI,PA,AEA,CE,Towers with Radar,2,11,4,0,17,0,1,4,0,5,2,12,8,0,22,19,0,19,41
01/28/2021,ERI,PA,AEA,CE,Towers with Radar,0,4,2,0,6,0,0,2,0,2,0,4,4,0,8,18,0,18,26
01/29/2021,ERI,PA,AEA,CE,Towers with Radar,2,6,7,0,15,0,0,4,2,6,2,6,11,2,21,4,0,4,25
01/30/2021,ERI,PA,AEA,CE,Towers with Radar,2,5,3,0,10,0,0,7,0,7,2,5,10,0,17,18,0,18,35
01/31/2021,ERI,PA,AEA,CE,Towers with Radar,2,2,3,0,7,0,0,5,1,6,2,2,8,1,13,0,0,0,13
02/01/2021,ERI,PA,AEA,CE,Towers with Radar,2,5,0,0,7,0,0,0,0,0,2,5,0,0,7,0,0,0,7
02/02/2021,ERI,PA,AEA,CE,Towers with Radar,2,5,6,1,14,0,0,5,2,7,2,5,11,3,21,2,0,2,23
02/03/2021,ERI,PA,AEA,CE,Towers with Radar,2,9,5,0,16,0,5,15,1,21,2,14,20,1,37,52,0,52,89
02/04/2021,ERI,PA,AEA,CE,Towers with Radar,2,5,3,0,10,0,0,17,0,17,2,5,20,0,27,25,0,25,52
02/05/2021,ERI,PA,AEA,CE,Towers with Radar,4,6,0,0,10,0,0,1,0,1,4,6,1,0,11,7,0,7,18
02/06/2021,ERI,PA,AEA,CE,Towers with Radar,2,6,4,0,12,0,0,23,0,23,2,6,27,0,35,2,0,2,37
02/07/2021,ERI,PA,AEA,CE,Towers with Radar,2,4,3,0,9,0,0,0,0,0,2,4,3,0,9,0,0,0,9
02/08/2021,ERI,PA,AEA,CE,Towers with Radar,2,4,3,0,9,0,0,0,0,0,2,4,3,0,9,5,0,5,14
02/09/2021,ERI,PA,AEA,CE,Towers with Radar,2,10,0,0,12,0,0,0,0,0,2,10,0,0,12,1,0,1,13
02/10/2021,ERI,PA,AEA,CE,Towers with Radar,2,6,3,5,16,0,0,4,0,4,2,6,7,5,20,22,8,30,50
02/11/2021,ERI,PA,AEA,CE,Towers with Radar,2,8,4,2,16,0,1,16,0,17,2,9,20,2,33,22,16,38,71
02/12/2021,ERI,PA,AEA,CE,Towers with Radar,4,4,9,0,17,0,0,10,0,10,4,4,19,0,27,42,0,42,69
02/13/2021,ERI,PA,AEA,CE,Towers with Radar,4,6,4,0,14,0,0,6,0,6,4,6,10,0,20,33,0,33,53
02/14/2021,ERI,PA,AEA,CE,Towers with Radar,3,6,1,0,10,1,0,4,0,5,4,6,5,0,15,3,0,3,18
02/15/2021,ERI,PA,AEA,CE,Towers with Radar,5,4,1,0,10,0,0,0,0,0,5,4,1,0,10,0,0,0,10
02/16/2021,ERI,PA,AEA,CE,Towers with Radar,3,2,2,0,7,0,0,0,0,0,3,2,2,0,7,0,0,0,7
02/17/2021,ERI,PA,AEA,CE,Towers with Radar,4,4,4,0,12,0,0,12,0,12,4,4,16,0,24,20,0,20,44
02/18/2021,ERI,PA,AEA,CE,Towers with Radar,4,6,0,0,10,0,0,2,0,2,4,6,2,0,12,8,0,8,20
02/19/2021,ERI,PA,AEA,CE,Towers with Radar,4,8,2,0,14,0,0,0,0,0,4,8,2,0,14,0,0,0,14
02/20/2021,ERI,PA,AEA,CE,Towers with Radar,4,5,4,0,13,0,0,0,0,0,4,5,4,0,13,0,0,0,13
02/21/2021,ERI,PA,AEA,CE,Towers with Radar,4,4,9,0,17,0,0,17,0,17,4,4,26,0,34,12,0,12,46
02/22/2021,ERI,PA,AEA,CE,Towers with Radar,6,7,2,0,15,0,0,2,0,2,6,7,4,0,17,2,0,2,19
02/23/2021,ERI,PA,AEA,CE,Towers with Radar,4,5,0,0,9,0,0,1,0,1,4,5,1,0,10,7,0,7,17
02/24/2021,ERI,PA,AEA,CE,Towers with Radar,4,9,0,0,13,0,0,3,0,3,4,9,3,0,16,7,0,7,23
02/25/2021,ERI,PA,AEA,CE,Towers with Radar,4,9,3,0,16,0,8,32,2,42,4,17,35,2,58,36,0,36,94
02/26/2021,ERI,PA,AEA,CE,Towers with Radar,4,12,4,0,20,0,0,26,0,26,4,12,30,0,46,38,0,38,84
02/27/2021,ERI,PA,AEA,CE,Towers with Radar,3,16,1,0,20,0,0,3,0,3,3,16,4,0,23,2,0,2,25
02/28/2021,ERI,PA,AEA,CE,Towers with Radar,4,4,8,0,16,0,0,2,0,2,4,4,10,0,18,0,0,0,18
03/01/2021,ERI,PA,AEA,CE,Towers with Radar,4,4,1,0,9,0,4,2,0,6,4,8,3,0,15,12,0,12,27
03/02/2021,ERI,PA,AEA,CE,Towers with Radar,4,8,8,2,22,0,0,26,0,26,4,8,34,2,48,24,0,24,72
03/03/2021,ERI,PA,AEA,CE,Towers with Radar,4,4,14,2,24,0,0,15,0,15,4,4,29,2,39,43,0,43,82
03/04/2021,ERI,PA,AEA,CE,Towers with Radar,1,11,7,0,19,0,0,5,4,9,1,11,12,4,28,13,0,13,41
03/05/2021,ERI,PA,AEA,CE,Towers with Radar,0,10,4,0,14,0,0,6,0,6,0,10,10,0,20,17,0,17,37
03/06/2021,ERI,PA,AEA,CE,Towers with Radar,0,10,4,0,14,0,0,5,0,5,0,10,9,0,19,7,0,7,26
03/07/2021,ERI,PA,AEA,CE,Towers with Radar,0,10,6,0,16,0,0,30,0,30,0,10,36,0,46,32,0,32,78
03/08/2021,ERI,PA,AEA,CE,Towers with Radar,0,8,9,5,22,0,0,12,1,13,0,8,21,6,35,60,14,74,109
03/09/2021,ERI,PA,AEA,CE,Towers with Radar,0,10,4,0,14,0,2,33,0,35,0,12,37,0,49,50,0,50,99
03/10/2021,ERI,PA,AEA,CE,Towers with Radar,0,12,12,0,24,0,0,11,2,13,0,12,23,2,37,49,0,49,86
03/11/2021,ERI,PA,AEA,CE,Towers with Radar,0,12,3,0,15,0,2,7,0,9,0,14,10,0,24,18,0,18,42
03/12/2021,ERI,PA,AEA,CE,Towers with Radar,4,10,2,2,18,0,0,7,0,7,4,10,9,2,25,27,0,27,52
03/13/2021,ERI,PA,AEA,CE,Towers with Radar,6,13,5,0,24,0,4,39,0,43,6,17,44,0,67,79,0,79,146
03/14/2021,ERI,PA,AEA,CE,Towers with Radar,0,11,3,0,14,0,0,3,0,3,0,11,6,0,17,5,0,5,22
03/15/2021,ERI,PA,AEA,CE,Towers with Radar,0,9,5,0,14,0,0,21,0,21,0,9,26,0,35,13,0,13,48
03/16/2021,ERI,PA,AEA,CE,Towers with Radar,0,9,0,0,9,0,0,6,0,6,0,9,6,0,15,15,0,15,30
03/17/2021,ERI,PA,AEA,CE,Towers with Radar,0,12,2,0,14,0,0,21,0,21,0,12,23,0,35,40,0,40,75
03/18/2021,ERI,PA,AEA,CE,Towers with Radar,0,10,4,0,14,0,0,0,0,0,0,10,4,0,14,0,0,0,14
03/19/2021,ERI,PA,AEA,CE,Towers with Radar,2,16,3,0,21,0,0,5,0,5,2,16,8,0,26,25,0,25,51
03/20/2021,ERI,PA,AEA,CE,Towers with Radar,1,11,3,0,15,0,0,13,0,13,1,11,16,0,28,12,0,12,40
03/21/2021,ERI,PA,AEA,CE,Towers with Radar,0,11,5,0,16,0,4,30,0,34,0,15,35,0,50,55,0,55,105
03/22/2021,ERI,PA,AEA,CE,Towers with Radar,0,8,9,0,17,0,2,29,4,35,0,10,38,4,52,45,8,53,105
03/23/2021,ERI,PA,AEA,CE,Towers with Radar,0,8,5,4,17,0,0,14,0,14,0,8,19,4,31,27,0,27,58
03/24/2021,ERI,PA,AEA,CE,Towers with Radar,0,8,6,0,14,0,0,9,0,9,0,8,15,0,23,45,0,45,68
03/25/2021,ERI,PA,AEA,CE,Towers with Radar,0,12,9,0,21,0,0,5,2,7,0,12,14,2,28,56,0,56,84
03/26/2021,ERI,PA,AEA,CE,Towers with Radar,0,10,4,0,14,0,0,0,0,0,0,10,4,0,14,8,0,8,22
03/27/2021,ERI,PA,AEA,CE,Towers with Radar,0,14,10,0,24,0,4,25,0,29,0,18,35,0,53,41,0,41,94
03/28/2021,ERI,PA,AEA,CE,Towers with Radar,0,9,5,0,14,0,0,0,2,2,0,9,5,2,16,1,0,1,17
03/29/2021,ERI,PA,AEA,CE,Towers with Radar,0,10,6,0,16,0,2,13,0,15,0,12,19,0,31,54,0,54,85
03/30/2021,ERI,PA,AEA,CE,Towers with Radar,0,16,5,0,21,0,1,14,3,18,0,17,19,3,39,37,0,37,76
03/31/2021,ERI,PA,AEA,CE,Towers with Radar,0,22,4,0,26,0,0,4,0,4,0,22,8,0,30,13,0,13,43
04/01/2021,ERI,PA,AEA,CE,Towers with Radar,0,18,5,0,23,0,0,4,0,4,0,18,9,0,27,24,0,24,51
04/02/2021,ERI,PA,AEA,CE,Towers with Radar,0,19,3,0,22,0,6,17,0,23,0,25,20,0,45,34,0,34,79
04/03/2021,ERI,PA,AEA,CE,Towers with Radar,0,14,8,0,22,0,0,28,0,28,0,14,36,0,50,48,0,48,98
04/04/2021,ERI,PA,AEA,CE,Towers with Radar,0,14,10,0,24,0,0,9,0,9,0,14,19,0,33,27,0,27,60
04/05/2021,ERI,PA,AEA,CE,Towers with Radar,0,12,8,0,20,0,1,16,0,17,0,13,24,0,37,38,0,38,75
04/06/2021,ERI,PA,AEA,CE,Towers with Radar,0,12,16,2,30,0,1,20,0,21,0,13,36,2,51,73,6,79,130
04/07/2021,ERI,PA,AEA,CE,Towers with Radar,0,19,5,0,24,0,2,30,2,34,0,21,35,2,58,101,0,101,159
04/08/2021,ERI,PA,AEA,CE,Towers with Radar,0,13,6,0,19,0,2,17,2,21,0,15,23,2,40,28,0,28,68
04/09/2021,ERI,PA,AEA,CE,Towers with Radar,0,19,9,0,28,0,2,14,0,16,0,21,23,0,44,21,0,21,65
04/10/2021,ERI,PA,AEA,CE,Towers with Radar,0,12,3,0,15,0,0,18,0,18,0,12,21,0,33,19,0,19,52
04/11/2021,ERI,PA,AEA,CE,Towers with Radar,0,10,12,0,22,0,0,4,0,4,0,10,16,0,26,48,0,48,74
04/12/2021,ERI,PA,AEA,CE,Towers with Radar,0,14,14,0,28,0,0,8,0,8,0,14,22,0,36,50,0,50,86
04/13/2021,ERI,PA,AEA,CE,Towers with Radar,1,19,9,0,29,0,0,21,0,21,1,19,30,0,50,71,0,71,121
04/14/2021,ERI,PA,AEA,CE,Towers with Radar,1,11,8,0,20,0,0,27,0,27,1,11,35,0,47,114,0,114,161
04/15/2021,ERI,PA,AEA,CE,Towers with Radar,0,16,10,0,26,0,0,2,0,2,0,16,12,0,28,55,0,55,83
04/16/2021,ERI,PA,AEA,CE,Towers with Radar,0,12,0,12,24,0,0,0,0,0,0,12,0,12,24,0,12,12,36
04/17/2021,ERI,PA,AEA,CE,Towers with Radar,0,15,8,0,23,0,0,2,0,2,0,15,10,0,25,38,0,38,63
04/18/2021,ERI,PA,AEA,CE,Towers with Radar,0,13,10,0,23,0,0,16,4,20,0,13,26,4,43,34,0,34,77
04/19/2021,ERI,PA,AEA,CE,Towers with Radar,0,11,2,0,13,0,1,24,0,25,0,12,26,0,38,32,0,32,70
04/20/2021,ERI,PA,AEA,CE,Towers with Radar,0,13,8,0,21,0,0,8,0,8,0,13,16,0,29,17,0,17,46
04/21/2021,ERI,PA,AEA,CE,Towers with Radar,0,12,7,0,19,0,2,0,0,2,0,14,7,0,21,2,0,2,23
04/22/2021,ERI,PA,AEA,CE,Towers with Radar,0,14,3,0,17,0,2,6,0,8,0,16,9,0,25,12,0,12,37
04/23/2021,ERI,PA,AEA,CE,Towers with Radar,0,15,4,1,20,0,1,32,1,34,0,16,36,2,54,35,0,35,89
04/24/2021,ERI,PA,AEA,CE,Towers with Radar,2,13,3,0,18,0,0,25,0,25,2,13,28,0,43,105,0,105,148
04/25/2021,ERI,PA,AEA,CE,Towers with Radar,0,11,4,0,15,0,0,3,0,3,0,11,7,0,18,3,0,3,21
04/26/2021,ERI,PA,AEA,CE,Towers with Radar,0,14,10,0,24,0,0,32,0,32,0,14,42,0,56,34,0,34,90
04/27/2021,ERI,PA,AEA,CE,Towers with Radar,0,12,7,4,23,0,6,26,1,33,0,18,33,5,56,22,12,34,90
04/28/2021,ERI,PA,AEA,CE,Towers with Radar,0,12,5,0,17,0,1,1,1,3,0,13,6,1,20,68,0,68,88
04/29/2021,ERI,PA,AEA,CE,Towers with Radar,0,16,4,0,20,0,0,0,0,0,0,16,4,0,20,4,0,4,24
04/30/2021,ERI,PA,AEA,CE,Towers with Radar,0,18,6,0,24,0,1,6,0,7,0,19,12,0,31,15,0,15,46
05/01/2021,ERI,PA,AEA,CE,Towers with Radar,0,12,6,0,18,0,0,30,0,30,0,12,36,0,48,20,0,20,68
05/02/2021,ERI,PA,AEA,CE,Towers with Radar,0,10,5,0,15,0,2,5,0,7,0,12,10,0,22,13,0,13,35
05/03/2021,ERI,PA,AEA,CE,Towers with Radar,0,12,6,0,18,0,0,0,2,2,0,12,6,2,20,25,0,25,45
05/04/2021,ERI,PA,AEA,CE,Towers with Radar,0,14,12,0,26,0,3,2,0,5,0,17,14,0,31,23,0,23,54
05/05/2021,ERI,PA,AEA,CE,Towers with Radar,0,12,14,2,28,0,0,6,0,6,0,12,20,2,34,57,6,63,97
05/06/2021,ERI,PA,AEA,CE,Towers with Radar,3,17,18,0,38,0,4,35,2,41,3,21,53,2,79,60,0,60,139
05/07/2021,ERI,PA,AEA,CE,Towers with Radar,4,8,5,0,17,0,0,0,0,0,4,8,5,0,17,7,0,7,24
05/08/2021,ERI,PA,AEA,CE,Towers with Radar,4,8,1,0,13,0,0,38,0,38,4,8,39,0,51,14,0,14,65
05/09/2021,ERI,PA,AEA,CE,Towers with Radar,4,12,3,0,19,0,0,5,0,5,4,12,8,0,24,2,0,2,26
05/10/2021,ERI,PA,AEA,CE,Towers with Radar,4,8,4,4,20,0,8,24,0,32,4,16,28,4,52,32,4,36,88
05/11/2021,ERI,PA,AEA,CE,Towers with Radar,4,9,5,0,18,0,0,13,0,13,4,9,18,0,31,11,0,11,42
05/12/2021,ERI,PA,AEA,CE,Towers with Radar,4,8,7,0,19,0,9,29,0,38,4,17,36,0,57,43,0,43,100
05/13/2021,ERI,PA,AEA,CE,Towers with Radar,4,11,13,0,28,0,3,28,0,31,4,14,41,0,59,13,0,13,72
05/14/2021,ERI,PA,AEA,CE,Towers with Radar,4,11,12,0,27,0,5,30,0,35,4,16,42,0,62,44,0,44,106
05/15/2021,ERI,PA,AEA,CE,Towers with Radar,4,14,8,0,26,0,4,33,0,37,4,18,41,0,63,27,0,27,90
05/16/2021,ERI,PA,AEA,CE,Towers with Radar,4,13,8,0,25,0,1,38,0,39,4,14,46,0,64,59,0,59,123
05/17/2021,ERI,PA,AEA,CE,Towers with Radar,4,6,10,0,20,0,1,20,1,22,4,7,30,1,42,61,0,61,103
05/18/2021,ERI,PA,AEA,CE,Towers with Radar,4,15,2,0,21,0,1,31,0,32,4,16,33,0,53,34,0,34,87
05/19/2021,ERI,PA,AEA,CE,Towers with Radar,4,10,6,4,24,0,0,23,0,23,4,10,29,4,47,96,0,96,143
05/20/2021,ERI,PA,AEA,CE,Towers with Radar,4,13,15,5,37,0,4,15,0,19,4,17,30,5,56,43,6,49,105
05/21/2021,ERI,PA,AEA,CE,Towers with Radar,4,11,7,0,22,0,3,14,0,17,4,14,21,0,39,39,0,39,78
05/22/2021,ERI,PA,AEA,CE,Towers with Radar,4,10,6,0,20,0,0,23,0,23,4,10,29,0,43,37,0,37,80
05/23/2021,ERI,PA,AEA,CE,Towers with Radar,4,6,4,0,14,0,0,14,0,14,4,6,18,0,28,32,0,32,60
05/24/2021,ERI,PA,AEA,CE,Towers with Radar,4,6,2,0,12,0,2,13,2,17,4,8,15,2,29,43,0,43,72
05/25/2021,ERI,PA,AEA,CE,Towers with Radar,4,8,13,0,25,0,2,17,3,22,4,10,30,3,47,49,0,49,96
05/26/2021,ERI,PA,AEA,CE,Towers with Radar,4,13,14,0,31,0,0,2,0,2,4,13,16,0,33,11,0,11,44
05/27/2021,ERI,PA,AEA,CE,Towers with Radar,3,10,14,0,27,0,0,32,1,33,3,10,46,1,60,8,0,8,68
05/28/2021,ERI,PA,AEA,CE,Towers with Radar,4,15,13,0,32,0,0,0,0,0,4,15,13,0,32,8,0,8,40
05/29/2021,ERI,PA,AEA,CE,Towers with Radar,4,12,6,0,22,0,0,0,0,0,4,12,6,0,22,5,0,5,27
05/30/2021,ERI,PA,AEA,CE,Towers with Radar,4,11,12,0,27,0,0,15,0,15,4,11,27,0,42,59,0,59,101
05/31/2021,ERI,PA,AEA,CE,Towers with Radar,4,9,7,0,20,0,0,26,0,26,4,9,33,0,46,65,0,65,111
06/01/2021,ERI,PA,AEA,CE,Towers with Radar,4,7,5,0,16,0,0,32,1,33,4,7,37,1,49,33,0,33,82
06/02/2021,ERI,PA,AEA,CE,Towers with Radar,4,9,5,0,18,0,1,15,0,16,4,10,20,0,34,24,0,24,58
06/03/2021,ERI,PA,AEA,CE,Towers with Radar,4,9,11,6,30,0,0,1,0,1,4,9,12,6,31,16,4,20,51
06/04/2021,ERI,PA,AEA,CE,Towers with Radar,4,9,8,8,29,0,2,16,0,18,4,11,24,8,47,53,4,57,104
06/05/2021,ERI,PA,AEA,CE,Towers with Radar,4,6,9,6,25,0,2,27,0,29,4,8,36,6,54,36,10,46,100
06/06/2021,ERI,PA,AEA,CE,Towers with Radar,4,10,11,0,25,0,0,28,0,28,4,10,39,0,53,32,0,32,85
06/07/2021,ERI,PA,AEA,CE,Towers with Radar,4,9,4,0,17,0,0,26,0,26,4,9,30,0,43,34,0,34,77
06/08/2021,ERI,PA,AEA,CE,Towers with Radar,4,6,5,0,15,0,0,7,0,7,4,6,12,0,22,32,0,32,54
06/09/2021,ERI,PA,AEA,CE,Towers with Radar,4,12,5,0,21,0,1,18,0,19,4,13,23,0,40,60,0,60,100
06/10/2021,ERI,PA,AEA,CE,Towers with Radar,4,12,11,0,27,0,0,27,0,27,4,12,38,0,54,45,0,45,99
06/11/2021,ERI,PA,AEA,CE,Towers with Radar,4,8,8,0,20,0,0,16,2,18,4,8,24,2,38,73,0,73,111
06/12/2021,ERI,PA,AEA,CE,Towers with Radar,3,6,10,0,19,0,0,11,0,11,3,6,21,0,30,30,0,30,60
06/13/2021,ERI,PA,AEA,CE,Towers with Radar,4,6,9,0,19,0,2,23,0,25,4,8,32,0,44,58,0,58,102
06/14/2021,ERI,PA,AEA,CE,Towers with Radar,4,8,10,0,22,0,6,15,0,21,4,14,25,0,43,39,0,39,82
06/15/2021,ERI,PA,AEA,CE,Towers with Radar,4,6,3,0,13,0,0,22,2,24,4,6,25,2,37,47,0,47,84
06/16/2021,ERI,PA,AEA,CE,Towers with Radar,4,6,8,0,18,0,0,43,0,43,4,6,51,0,61,70,0,70,131
06/17/2021,ERI,PA,AEA,CE,Towers with Radar,4,6,12,0,22,0,0,40,0,40,4,6,52,0,62,41,0,41,103
06/18/2021,ERI,PA,AEA,CE,Towers with Radar,4,8,1,0,13,0,0,4,2,6,4,8,5,2,19,31,0,31,50
06/19/2021,ERI,PA,AEA,CE,Towers with Radar,3,6,3,0,12,0,2,2,0,4,3,8,5,0,16,15,0,15,31
06/20/2021,ERI,PA,AEA,CE,Towers with Radar,4,8,3,0,15,0,0,26,0,26,4,8,29,0,41,60,0,60,101
06/21/2021,ERI,PA,AEA,CE,Towers with Radar,4,6,1,0,11,0,0,4,0,4,4,6,5,0,15,4,0,4,19
06/22/2021,ERI,PA,AEA,CE,Towers with Radar,4,6,9,8,27,0,0,25,0,25,4,6,34,8,52,73,0,73,125
06/23/2021,ERI,PA,AEA,CE,Towers with Radar,4,10,12,0,26,0,2,51,0,53,4,12,63,0,79,75,0,75,154
06/24/2021,ERI,PA,AEA,CE,Towers with Radar,4,6,8,5,23,0,2,14,3,19,4,8,22,8,42,32,16,48,90
06/25/2021,ERI,PA,AEA,CE,Towers with Radar,4,8,5,0,17,0,1,16,0,17,4,9,21,0,34,44,0,44,78
06/26/2021,ERI,PA,AEA,CE,Towers with Radar,4,7,6,0,17,0,0,8,0,8,4,7,14,0,25,18,0,18,43
06/27/2021,ERI,PA,AEA,CE,Towers with Radar,4,5,15,0,24,0,0,6,0,6,4,5,21,0,30,20,0,20,50
06/28/2021,ERI,PA,AEA,CE,Towers with Radar,4,8,12,0,24,0,4,28,0,32,4,12,40,0,56,149,0,149,205
06/29/2021,ERI,PA,AEA,CE,Towers with Radar,4,12,4,4,24,0,0,29,0,29,4,12,33,4,53,54,2,56,109
06/30/2021,ERI,PA,AEA,CE,Towers with Radar,4,9,11,2,26,0,0,11,0,11,4,9,22,2,37,20,0,20,57
07/01/2021,ERI,PA,AEA,CE,Towers with Radar,4,13,9,0,26,0,0,19,0,19,4,13,28,0,45,26,0,26,71
07/02/2021,ERI,PA,AEA,CE,Towers with Radar,4,20,8,0,32,0,0,8,0,8,4,20,16,0,40,71,0,71,111
07/03/2021,ERI,PA,AEA,CE,Towers with Radar,4,7,18,0,29,0,0,24,0,24,4,7,42,0,53,50,0,50,103
07/04/2021,ERI,PA,AEA,CE,Towers with Radar,4,4,5,0,13,0,0,27,0,27,4,4,32,0,40,75,0,75,115
07/05/2021,ERI,PA,AEA,CE,Towers with Radar,4,4,11,0,19,0,0,25,0,25,4,4,36,0,44,93,0,93,137
07/06/2021,ERI,PA,AEA,CE,Towers with Radar,4,5,7,8,24,0,0,12,0,12,4,5,19,8,36,29,8,37,73
07/07/2021,ERI,PA,AEA,CE,Towers with Radar,4,10,8,0,22,0,0,11,0,11,4,10,19,0,33,78,0,78,111
07/08/2021,ERI,PA,AEA,CE,Towers with Radar,4,9,5,0,18,0,0,0,2,2,4,9,5,2,20,44,0,44,64
07/09/2021,ERI,PA,AEA,CE,Towers with Radar,4,6,17,1,28,0,0,2,1,3,4,6,19,2,31,62,16,78,109
07/10/2021,ERI,PA,AEA,CE,Towers with Radar,4,6,15,0,25,0,1,28,0,29,4,7,43,0,54,127,0,127,181
07/11/2021,ERI,PA,AEA,CE,Towers with Radar,4,4,12,0,20,0,0,1,0,1,4,4,13,0,21,0,0,0,21
07/12/2021,ERI,PA,AEA,CE,Towers with Radar,4,8,12,4,28,0,0,7,0,7,4,8,19,4,35,51,0,51,86
07/13/2021,ERI,PA,AEA,CE,Towers with Radar,4,10,8,0,22,0,0,18,0,18,4,10,26,0,40,19,0,19,59
07/14/2021,ERI,PA,AEA,CE,Towers with Radar,4,13,11,9,37,0,0,15,1,16,4,13,26,10,53,102,8,110,163
07/15/2021,ERI,PA,AEA,CE,Towers with Radar,4,9,12,0,25,0,1,32,1,34,4,10,44,1,59,76,0,76,135
07/16/2021,ERI,PA,AEA,CE,Towers with Radar,4,6,10,0,20,0,0,0,0,0,4,6,10,0,20,6,0,6,26
07/17/2021,ERI,PA,AEA,CE,Towers with Radar,4,8,9,0,21,0,0,0,0,0,4,8,9,0,21,2,0,2,23
07/18/2021,ERI,PA,AEA,CE,Towers with Radar,4,5,7,2,18,0,2,34,2,38,4,7,41,4,56,35,4,39,95
07/19/2021,ERI,PA,AEA,CE,Towers with Radar,3,5,22,0,30,0,0,44,4,48,3,5,66,4,78,51,6,57,135
07/20/2021,ERI,PA,AEA,CE,Towers with Radar,4,10,4,1,19,0,0,28,0,28,4,10,32,1,47,47,0,47,94
07/21/2021,ERI,PA,AEA,CE,Towers with Radar,4,8,11,0,23,0,0,16,4,20,4,8,27,4,43,43,0,43,86
07/22/2021,ERI,PA,AEA,CE,Towers with Radar,5,6,9,0,20,0,3,46,1,50,5,9,55,1,70,81,0,81,151
07/23/2021,ERI,PA,AEA,CE,Towers with Radar,4,6,8,1,19,0,3,45,3,51,4,9,53,4,70,79,0,79,149
07/24/2021,ERI,PA,AEA,CE,Towers with Radar,4,6,8,0,18,0,0,15,2,17,4,6,23,2,35,74,0,74,109
07/25/2021,ERI,PA,AEA,CE,Towers with Radar,4,4,5,0,13,0,0,21,0,21,4,4,26,0,34,44,0,44,78
07/26/2021,ERI,PA,AEA,CE,Towers with Radar,3,6,9,0,18,0,0,37,1,38,3,6,46,1,56,49,0,49,105
07/27/2021,ERI,PA,AEA,CE,Towers with Radar,4,7,9,2,22,0,2,32,0,34,4,9,41,2,56,28,0,28,84
07/28/2021,ERI,PA,AEA,CE,Towers with Radar,4,11,13,12,40,0,0,33,2,35,4,11,46,14,75,51,8,59,134
07/29/2021,ERI,PA,AEA,CE,Towers with Radar,4,9,4,0,17,0,0,10,0,10,4,9,14,0,27,14,1,15,42
07/30/2021,ERI,PA,AEA,CE,Towers with Radar,4,6,21,3,34,0,2,25,0,27,4,8,46,3,61,66,4,70,131
07/31/2021,ERI,PA,AEA,CE,Towers with Radar,5,6,7,0,18,0,0,35,0,35,5,6,42,0,53,34,0,34,87
08/01/2021,ERI,PA,AEA,CE,Towers with Radar,4,6,8,0,18,0,0,5,0,5,4,6,13,0,23,8,0,8,31
08/02/2021,ERI,PA,AEA,CE,Towers with Radar,4,4,12,0,20,0,0,19,0,19,4,4,31,0,39,30,0,30,69
08/03/2021,ERI,PA,AEA,CE,Towers with Radar,4,6,4,0,14,0,2,21,0,23,4,8,25,0,37,26,0,26,63
08/04/2021,ERI,PA,AEA,CE,Towers with Radar,4,12,14,0,30,0,4,25,2,31,4,16,39,2,61,22,0,22,83
08/05/2021,ERI,PA,AEA,CE,Towers with Radar,4,6,5,4,19,0,2,26,0,28,4,8,31,4,47,71,0,71,118
08/06/2021,ERI,PA,AEA,CE,Towers with Radar,4,6,14,0,24,0,0,27,0,27,4,6,41,0,51,58,0,58,109
08/07/2021,ERI,PA,AEA,CE,Towers with Radar,4,6,6,0,16,0,0,28,1,29,4,6,34,1,45,33,0,33,78
08/08/2021,ERI,PA,AEA,CE,Towers with Radar,4,7,11,0,22,0,0,20,4,24,4,7,31,4,46,19,4,23,69
08/09/2021,ERI,PA,AEA,CE,Towers with Radar,4,9,8,2,23,0,0,15,0,15,4,9,23,2,38,31,0,31,69
08/10/2021,ERI,PA,AEA,CE,Towers with Radar,4,6,5,0,15,0,0,5,0,5,4,6,10,0,20,17,0,17,37
08/11/2021,ERI,PA,AEA,CE,Towers with Radar,3,12,13,2,30,0,0,9,0,9,3,12,22,2,39,34,0,34,73
08/12/2021,ERI,PA,AEA,CE,Towers with Radar,4,7,3,0,14,0,0,15,1,16,4,7,18,1,30,66,10,76,106
08/13/2021,ERI,PA,AEA,CE,Towers with Radar,4,11,12,0,27,0,3,21,0,24,4,14,33,0,51,20,0,20,71
08/14/2021,ERI,PA,AEA,CE,Towers with Radar,3,7,6,0,16,0,0,39,0,39,3,7,45,0,55,47,0,47,102
08/15/2021,ERI,PA,AEA,CE,Towers with Radar,3,4,14,0,21,0,2,46,0,48,3,6,60,0,69,35,4,39,108
08/16/2021,ERI,PA,AEA,CE,Towers with Radar,4,8,13,8,33,0,0,4,0,4,4,8,17,8,37,19,2,21,58
08/17/2021,ERI,PA,AEA,CE,Towers with Radar,4,6,11,0,21,0,0,3,0,3,4,6,14,0,24,64,0,64,88
08/18/2021,ERI,PA,AEA,CE,Towers with Radar,3,10,13,0,26,0,0,2,0,2,3,10,15,0,28,5,0,5,33
08/19/2021,ERI,PA,AEA,CE,Towers with Radar,3,6,6,0,15,0,1,21,1,23,3,7,27,1,38,68,0,68,106
08/20/2021,ERI,PA,AEA,CE,Towers with Radar,3,14,16,0,33,0,2,24,0,26,3,16,40,0,59,32,0,32,91
08/21/2021,ERI,PA,AEA,CE,Towers with Radar,4,16,9,0,29,0,0,40,0,40,4,16,49,0,69,47,0,47,116
08/22/2021,ERI,PA,AEA,CE,Towers with Radar,3,5,10,0,18,0,5,23,0,28,3,10,33,0,46,83,0,83,129
08/23/2021,ERI,PA,AEA,CE,Towers with Radar,4,9,8,0,21,0,2,24,0,26,4,11,32,0,47,34,0,34,81
08/24/2021,ERI,PA,AEA,CE,Towers with Radar,4,8,11,7,30,0,0,27,0,27,4,8,38,7,57,62,16,78,135
08/25/2021,ERI,PA,AEA,CE,Towers with Radar,3,18,7,0,28,0,0,14,0,14,3,18,21,0,42,43,0,43,85
08/26/2021,ERI,PA,AEA,CE,Towers with Radar,3,8,8,4,23,0,2,30,0,32,3,10,38,4,55,86,4,90,145
08/27/2021,ERI,PA,AEA,CE,Towers with Radar,3,20,5,0,28,0,0,18,0,18,3,20,23,0,46,85,0,85,131
08/28/2021,ERI,PA,AEA,CE,Towers with Radar,4,6,3,0,13,0,0,32,0,32,4,6,35,0,45,51,0,51,96
08/29/2021,ERI,PA,AEA,CE,Towers with Radar,3,5,8,0,16,0,0,17,0,17,3,5,25,0,33,27,0,27,60
08/30/2021,ERI,PA,AEA,CE,Towers with Radar,4,11,5,0,20,0,0,13,0,13,4,11,18,0,33,30,0,30,63
08/31/2021,ERI,PA,AEA,CE,Towers with Radar,4,9,15,0,28,0,1,32,0,33,4,10,47,0,61,71,0,71,132
09/01/2021,ERI,PA,AEA,CE,Towers with Radar,3,9,3,0,15,0,0,20,0,20,3,9,23,0,35,47,0,47,82
09/02/2021,ERI,PA,AEA,CE,Towers with Radar,4,8,10,1,23,0,0,38,0,38,4,8,48,1,61,34,0,34,95
09/03/2021,ERI,PA,AEA,CE,Towers with Radar,3,12,15,0,30,0,2,28,0,30,3,14,43,0,60,55,0,55,115
09/04/2021,ERI,PA,AEA,CE,Towers with Radar,4,6,1,0,11,0,0,27,0,27,4,6,28,0,38,72,0,72,110
09/05/2021,ERI,PA,AEA,CE,Towers with Radar,4,6,2,0,12,0,0,4,0,4,4,6,6,0,16,27,0,27,43
09/06/2021,ERI,PA,AEA,CE,Towers with Radar,4,4,12,0,20,0,4,17,0,21,4,8,29,0,41,24,0,24,65
09/07/2021,ERI,PA,AEA,CE,Towers with Radar,4,7,7,0,18,0,2,22,0,24,4,9,29,0,42,26,0,26,68
09/08/2021,ERI,PA,AEA,CE,Towers with Radar,4,15,18,6,43,0,2,17,0,19,4,17,35,6,62,40,4,44,106
09/09/2021,ERI,PA,AEA,CE,Towers with Radar,4,18,17,0,39,0,0,6,0,6,4,18,23,0,45,10,0,10,55
09/10/2021,ERI,PA,AEA,CE,Towers with Radar,4,10,23,0,37,0,2,21,2,25,4,12,44,2,62,42,0,42,104
09/11/2021,ERI,PA,AEA,CE,Towers with Radar,4,6,8,0,18,0,5,22,3,30,4,11,30,3,48,34,0,34,82
09/12/2021,ERI,PA,AEA,CE,Towers with Radar,3,6,12,0,21,0,2,19,0,21,3,8,31,0,42,16,0,16,58
09/13/2021,ERI,PA,AEA,CE,Towers with Radar,4,11,15,0,30,0,3,3,2,8,4,14,18,2,38,62,0,62,100
09/14/2021,ERI,PA,AEA,CE,Towers with Radar,4,6,9,0,19,0,6,23,2,31,4,12,32,2,50,31,0,31,81
09/15/2021,ERI,PA,AEA,CE,Towers with Radar,6,12,15,0,33,0,0,4,0,4,6,12,19,0,37,23,0,23,60
09/16/2021,ERI,PA,AEA,CE,Towers with Radar,4,12,11,0,27,0,1,22,0,23,4,13,33,0,50,60,0,60,110
09/17/2021,ERI,PA,AEA,CE,Towers with Radar,3,14,9,5,31,0,2,14,2,18,3,16,23,7,49,46,6,52,101
09/18/2021,ERI,PA,AEA,CE,Towers with Radar,4,7,16,0,27,0,0,26,0,26,4,7,42,0,53,44,0,44,97
09/19/2021,ERI,PA,AEA,CE,Towers with Radar,4,9,5,0,18,0,3,30,0,33,4,12,35,0,51,124,0,124,175
09/20/2021,ERI,PA,AEA,CE,Towers with Radar,4,6,10,0,20,0,0,19,0,19,4,6,29,0,39,73,0,73,112
09/21/2021,ERI,PA,AEA,CE,Towers with Radar,4,8,3,0,15,0,0,12,2,14,4,8,15,2,29,14,0,14,43
09/22/2021,ERI,PA,AEA,CE,Towers with Radar,4,13,5,1,23,0,8,1,0,9,4,21,6,1,32,15,2,17,49
09/23/2021,ERI,PA,AEA,CE,Towers with Radar,5,15,4,0,24,0,4,7,2,13,5,19,11,2,37,14,0,14,51
09/24/2021,ERI,PA,AEA,CE,Towers with Radar,5,10,19,0,34,0,0,17,3,20,5,10,36,3,54,50,0,50,104
09/25/2021,ERI,PA,AEA,CE,Towers with Radar,4,12,15,0,31,0,0,14,0,14,4,12,29,0,45,2,0,2,47
09/26/2021,ERI,PA,AEA,CE,Towers with Radar,3,8,7,0,18,0,1,13,1,15,3,9,20,1,33,26,0,26,59
09/27/2021,ERI,PA,AEA,CE,Towers with Radar,4,8,7,0,19,0,0,16,0,16,4,8,23,0,35,20,0,20,55
09/28/2021,ERI,PA,AEA,CE,Towers with Radar,4,8,11,0,23,0,0,27,1,28,4,8,38,1,51,75,0,75,126
09/29/2021,ERI,PA,AEA,CE,Towers with Radar,4,10,12,0,26,0,0,35,2,37,4,10,47,2,63,114,0,114,177
09/30/2021,ERI,PA,AEA,CE,Towers with Radar,4,14,7,2,27,0,0,36,0,36,4,14,43,2,63,75,0,75,138
10/01/2021,ERI,PA,AEA,CE,Towers with Radar,4,10,11,0,25,0,6,38,0,44,4,16,49,0,69,75,0,75,144
10/02/2021,ERI,PA,AEA,CE,Towers with Radar,4,6,15,0,25,0,2,33,0,35,4,8,48,0,60,61,0,61,121
10/03/2021,ERI,PA,AEA,CE,Towers with Radar,4,4,10,0,18,0,2,5,0,7,4,6,15,0,25,4,0,4,29
10/04/2021,ERI,PA,AEA,CE,Towers with Radar,4,9,3,5,21,0,0,13,0,13,4,9,16,5,34,43,30,73,107
10/05/2021,ERI,PA,AEA,CE,Towers with Radar,4,16,17,0,37,0,3,1,0,4,4,19,18,0,41,10,0,10,51
10/06/2021,ERI,PA,AEA,CE,Towers with Radar,4,18,12,20,54,0,3,34,6,43,4,21,46,26,97,106,58,164,261
10/07/2021,ERI,PA,AEA,CE,Towers with Radar,4,13,15,0,32,0,1,33,0,34,4,14,48,0,66,90,0,90,156
10/08/2021,ERI,PA,AEA,CE,Towers with Radar,3,16,16,0,35,0,0,14,0,14,3,16,30,0,49,10,0,10,59
10/09/2021,ERI,PA,AEA,CE,Towers with Radar,4,8,0,0,12,0,0,8,0,8,4,8,8,0,20,10,0,10,30
10/10/2021,ERI,PA,AEA,CE,Towers with Radar,4,6,17,0,27,0,0,12,0,12,4,6,29,0,39,47,0,47,86
10/11/2021,ERI,PA,AEA,CE,Towers with Radar,4,10,6,0,20,0,0,33,2,35,4,10,39,2,55,30,0,30,85
10/12/2021,ERI,PA,AEA,CE,Towers with Radar,5,9,8,0,22,0,0,25,0,25,5,9,33,0,47,32,0,32,79
10/13/2021,ERI,PA,AEA,CE,Towers with Radar,4,13,9,0,26,0,0,18,0,18,4,13,27,0,44,25,0,25,69
10/14/2021,ERI,PA,AEA,CE,Towers with Radar,4,9,10,0,23,0,0,17,0,17,4,9,27,0,40,25,0,25,65
10/15/2021,ERI,PA,AEA,CE,Towers with Radar,4,9,12,0,25,0,0,0,0,0,4,9,12,0,25,16,0,16,41
10/16/2021,ERI,PA,AEA,CE,Towers with Radar,4,12,3,0,19,0,2,0,0,2,4,14,3,0,21,9,0,9,30
10/17/2021,ERI,PA,AEA,CE,Towers with Radar,4,7,8,0,19,0,0,3,2,5,4,7,11,2,24,6,0,6,30
10/18/2021,ERI,PA,AEA,CE,Towers with Radar,4,14,4,0,22,0,0,14,0,14,4,14,18,0,36,19,0,19,55
10/19/2021,ERI,PA,AEA,CE,Towers with Radar,4,13,15,0,32,0,2,29,0,31,4,15,44,0,63,73,0,73,136
10/20/2021,ERI,PA,AEA,CE,Towers with Radar,4,11,10,0,25,0,0,50,1,51,4,11,60,1,76,103,6,109,185
10/21/2021,ERI,PA,AEA,CE,Towers with Radar,4,13,13,2,32,0,2,3,0,5,4,15,16,2,37,20,0,20,57
10/22/2021,ERI,PA,AEA,CE,Towers with Radar,4,11,9,2,26,0,0,9,0,9,4,11,18,2,35,34,22,56,91
10/23/2021,ERI,PA,AEA,CE,Towers with Radar,4,8,14,0,26,0,0,6,0,6,4,8,20,0,32,38,0,38,70
10/24/2021,ERI,PA,AEA,CE,Towers with Radar,3,6,11,0,20,0,0,7,0,7,3,6,18,0,27,24,0,24,51
10/25/2021,ERI,PA,AEA,CE,Towers with Radar,4,8,11,0,23,0,0,11,0,11,4,8,22,0,34,23,0,23,57
10/26/2021,ERI,PA,AEA,CE,Towers with Radar,4,14,8,0,26,0,0,0,0,0,4,14,8,0,26,26,0,26,52
10/27/2021,ERI,PA,AEA,CE,Towers with Radar,3,14,11,2,30,0,0,5,0,5,3,14,16,2,35,17,26,43,78
10/28/2021,ERI,PA,AEA,CE,Towers with Radar,3,16,8,0,27,0,1,38,2,41,3,17,46,2,68,86,0,86,154
10/29/2021,ERI,PA,AEA,CE,Towers with Radar,4,15,19,0,38,0,0,3,0,3,4,15,22,0,41,14,0,14,55
10/30/2021,ERI,PA,AEA,CE,Towers with Radar,4,8,15,0,27,0,0,6,0,6,4,8,21,0,33,44,0,44,77
10/31/2021,ERI,PA,AEA,CE,Towers with Radar,3,12,25,0,40,0,0,1,0,1,3,12,26,0,41,11,0,11,52
11/01/2021,ERI,PA,AEA,CE,Towers with Radar,4,8,12,0,24,0,1,11,0,12,4,9,23,0,36,20,0,20,56
11/02/2021,ERI,PA,AEA,CE,Towers with Radar,2,15,6,0,23,0,0,2,0,2,2,15,8,0,25,2,0,2,27
11/03/2021,ERI,PA,AEA,CE,Towers with Radar,3,9,3,0,15,0,0,7,0,7,3,9,10,0,22,16,0,16,38
11/04/2021,ERI,PA,AEA,CE,Towers with Radar,3,10,11,0,24,0,8,7,0,15,3,18,18,0,39,4,0,4,43
11/05/2021,ERI,PA,AEA,CE,Towers with Radar,3,12,6,0,21,0,8,16,0,24,3,20,22,0,45,46,0,46,91
11/06/2021,ERI,PA,AEA,CE,Towers with Radar,2,8,9,0,19,0,3,47,0,50,2,11,56,0,69,60,0,60,129
11/07/2021,ERI,PA,AEA,CE,Towers with Radar,3,8,8,0,19,0,0,41,0,41,3,8,49,0,60,51,0,51,111
11/08/2021,ERI,PA,AEA,CE,Towers with Radar,3,13,9,0,25,0,0,42,2,44,3,13,51,2,69,63,0,63,132
11/09/2021,ERI,PA,AEA,CE,Towers with Radar,2,13,15,2,32,0,0,18,0,18,2,13,33,2,50,54,0,54,104
11/10/2021,ERI,PA,AEA,CE,Towers with Radar,3,11,6,0,20,0,0,28,0,28,3,11,34,0,48,12,0,12,60
11/11/2021,ERI,PA,AEA,CE,Towers with Radar,3,16,3,0,22,0,2,10,0,12,3,18,13,0,34,22,0,22,56
11/12/2021,ERI,PA,AEA,CE,Towers with Radar,3,9,3,0,15,0,0,15,0,15,3,9,18,0,30,40,0,40,70
11/13/2021,ERI,PA,AEA,CE,Towers with Radar,2,8,2,0,12,0,0,0,0,0,2,8,2,0,12,0,0,0,12
11/14/2021,ERI,PA,AEA,CE,Towers with Radar,5,5,4,0,14,0,0,1,0,1,5,5,5,0,15,58,0,58,73
11/15/2021,ERI,PA,AEA,CE,Towers with Radar,4,10,2,0,16,0,0,0,0,0,4,10,2,0,16,0,0,0,16
11/16/2021,ERI,PA,AEA,CE,Towers with Radar,2,15,15,2,34,0,0,10,1,11,2,15,25,3,45,108,0,108,153
11/17/2021,ERI,PA,AEA,CE,Towers with Radar,3,12,5,4,24,0,2,0,0,2,3,14,5,4,26,5,4,9,35
11/18/2021,ERI,PA,AEA,CE,Towers with Radar,3,13,1,4,21,0,0,2,0,2,3,13,3,4,23,12,2,14,37
11/19/2021,ERI,PA,AEA,CE,Towers with Radar,3,14,2,0,19,0,0,14,0,14,3,14,16,0,33,31,4,35,68
11/20/2021,ERI,PA,AEA,CE,Towers with Radar,2,10,13,0,25,0,0,16,0,16,2,10,29,0,41,25,0,25,66
11/21/2021,ERI,PA,AEA,CE,Towers with Radar,3,8,5,0,16,0,0,2,0,2,3,8,7,0,18,6,0,6,24
11/22/2021,ERI,PA,AEA,CE,Towers with Radar,3,8,6,0,17,0,0,8,0,8,3,8,14,0,25,20,0,20,45
11/23/2021,ERI,PA,AEA,CE,Towers with Radar,3,9,8,2,22,0,0,9,0,9,3,9,17,2,31,77,0,77,108
11/24/2021,ERI,PA,AEA,CE,Towers with Radar,3,12,15,0,30,0,0,17,0,17,3,12,32,0,47,37,0,37,84
11/25/2021,ERI,PA,AEA,CE,Towers with Radar,2,4,0,0,6,0,0,0,0,0,2,4,0,0,6,6,0,6,12
11/26/2021,ERI,PA,AEA,CE,Towers with Radar,3,10,6,0,19,0,0,0,0,0,3,10,6,0,19,0,0,0,19
11/27/2021,ERI,PA,AEA,CE,Towers with Radar,2,8,8,0,18,0,0,0,0,0,2,8,8,0,18,46,0,46,64
11/28/2021,ERI,PA,AEA,CE,Towers with Radar,3,7,6,0,16,0,0,0,0,0,3,7,6,0,16,0,0,0,16
11/29/2021,ERI,PA,AEA,CE,Towers with Radar,3,6,4,0,13,0,0,0,0,0,3,6,4,0,13,5,0,5,18
11/30/2021,ERI,PA,AEA,CE,Towers with Radar,3,17,7,0,27,0,0,6,0,6,3,17,13,0,33,20,0,20,53
12/01/2021,ERI,PA,AEA,CE,Towers with Radar,3,14,15,2,34,0,2,29,2,33,3,16,44,4,67,33,8,41,108
12/02/2021,ERI,PA,AEA,CE,Towers with Radar,3,8,10,2,23,0,0,3,0,3,3,8,13,2,26,6,2,8,34
12/03/2021,ERI,PA,AEA,CE,Towers with Radar,3,10,8,0,21,0,4,4,5,13,3,14,12,5,34,100,22,122,156
12/04/2021,ERI,PA,AEA,CE,Towers with Radar,2,14,11,0,27,0,0,16,0,16,2,14,27,0,43,46,0,46,89
12/05/2021,ERI,PA,AEA,CE,Towers with Radar,3,15,7,0,25,0,2,17,0,19,3,17,24,0,44,3,0,3,47
12/06/2021,ERI,PA,AEA,CE,Towers with Radar,2,13,1,0,16,0,1,0,0,1,2,14,1,0,17,0,0,0,17
12/07/2021,ERI,PA,AEA,CE,Towers with Radar,2,16,6,0,24,0,0,2,0,2,2,16,8,0,26,24,0,24,50
12/08/2021,ERI,PA,AEA,CE,Towers with Radar,5,12,6,0,23,0,0,5,0,5,5,12,11,0,28,46,0,46,74
12/09/2021,ERI,PA,AEA,CE,Towers with Radar,3,9,3,0,15,0,4,13,0,17,3,13,16,0,32,49,0,49,81
12/10/2021,ERI,PA,AEA,CE,Towers with Radar,3,13,22,2,40,0,0,26,0,26,3,13,48,2,66,61,2,63,129
12/11/2021,ERI,PA,AEA,CE,Towers with Radar,2,9,3,0,14,0,0,3,2,5,2,9,6,2,19,6,0,6,25
12/12/2021,ERI,PA,AEA,CE,Towers with Radar,3,8,11,0,22,0,0,25,0,25,3,8,36,0,47,26,0,26,73
12/13/2021,ERI,PA,AEA,CE,Towers with Radar,2,7,12,0,21,0,2,20,0,22,2,9,32,0,43,27,0,27,70
12/14/2021,ERI,PA,AEA,CE,Towers with Radar,2,10,11,1,24,0,0,31,1,32,2,10,42,2,56,47,0,47,103
12/15/2021,ERI,PA,AEA,CE,Towers with Radar,3,9,6,0,18,0,0,4,0,4,3,9,10,0,22,5,0,5,27
12/16/2021,ERI,PA,AEA,CE,Towers with Radar,4,9,5,0,18,0,0,2,0,2,4,9,7,0,20,13,0,13,33
12/17/2021,ERI,PA,AEA,CE,Towers with Radar,3,11,10,2,26,0,1,16,0,17,3,12,26,2,43,66,0,66,109
12/18/2021,ERI,PA,AEA,CE,Towers with Radar,4,15,4,0,23,0,0,0,0,0,4,15,4,0,23,0,0,0,23
12/19/2021,ERI,PA,AEA,CE,Towers with Radar,3,8,3,0,14,0,1,2,0,3,3,9,5,0,17,75,0,75,92
12/20/2021,ERI,PA,AEA,CE,Towers with Radar,3,9,8,4,24,0,4,24,0,28,3,13,32,4,52,50,6,56,108
12/21/2021,ERI,PA,AEA,CE,Towers with Radar,3,19,4,1,27,0,8,16,1,25,3,27,20,2,52,40,2,42,94
12/22/2021,ERI,PA,AEA,CE,Towers with Radar,3,13,8,0,24,0,0,7,0,7,3,13,15,0,31,11,0,11,42
12/23/2021,ERI,PA,AEA,CE,Towers with Radar,3,9,6,0,18,0,0,12,0,12,3,9,18,0,30,51,0,51,81
12/24/2021,ERI,PA,AEA,CE,Towers with Radar,4,9,1,0,14,0,0,4,0,4,4,9,5,0,18,50,0,50,68
12/25/2021,ERI,PA,AEA,CE,Towers with Radar,4,8,0,0,12,0,0,0,0,0,4,8,0,0,12,0,0,0,12
12/26/2021,ERI,PA,AEA,CE,Towers with Radar,3,9,0,0,12,0,0,4,3,7,3,9,4,3,19,23,0,23,42
12/27/2021,ERI,PA,AEA,CE,Towers with Radar,3,9,8,0,20,0,0,0,0,0,3,9,8,0,20,0,0,0,20
12/28/2021,ERI,PA,AEA,CE,Towers with Radar,3,8,1,0,12,0,0,4,0,4,3,8,5,0,16,12,0,12,28
12/29/2021,ERI,PA,AEA,CE,Towers with Radar,3,8,8,0,19,0,0,3,0,3,3,8,11,0,22,7,0,7,29
12/30/2021,ERI,PA,AEA,CE,Towers with Radar,3,8,5,0,16,0,0,0,0,0,3,8,5,0,16,0,0,0,16
12/31/2021,ERI,PA,AEA,CE,Towers with Radar,4,7,4,0,15,0,0,8,0,8,4,7,12,0,23,15,0,15,38
01/01/2022,ERI,PA,AEA,CE,Towers with Radar,4,2,0,0,6,0,0,0,0,0,4,2,0,0,6,0,0,0,6
01/02/2022,ERI,PA,AEA,CE,Towers with Radar,3,6,0,0,9,0,0,0,0,0,3,6,0,0,9,0,0,0,9
01/03/2022,ERI,PA,AEA,CE,Towers with Radar,3,4,4,0,11,0,3,1,0,4,3,7,5,0,15,13,0,13,28
01/04/2022,ERI,PA,AEA,CE,Towers with Radar,4,6,4,0,14,0,2,24,0,26,4,8,28,0,40,58,0,58,98
01/05/2022,ERI,PA,AEA,CE,Towers with Radar,3,9,2,0,14,0,0,0,0,0,3,9,2,0,14,0,0,0,14
01/06/2022,ERI,PA,AEA,CE,Towers with Radar,3,6,4,0,13,0,0,0,0,0,3,6,4,0,13,29,0,29,42
01/07/2022,ERI,PA,AEA,CE,Towers with Radar,3,8,3,0,14,0,0,0,0,0,3,8,3,0,14,0,0,0,14
01/08/2022,ERI,PA,AEA,CE,Towers with Radar,4,9,6,0,19,0,0,23,0,23,4,9,29,0,42,48,0,48,90
01/09/2022,ERI,PA,AEA,CE,Towers with Radar,2,4,2,0,8,0,0,0,0,0,2,4,2,0,8,4,0,4,12
01/10/2022,ERI,PA,AEA,CE,Towers with Radar,3,7,3,0,13,0,0,0,0,0,3,7,3,0,13,4,0,4,17
01/11/2022,ERI,PA,AEA,CE,Towers with Radar,4,9,13,0,26,0,0,9,0,9,4,9,22,0,35,37,0,37,72
01/12/2022,ERI,PA,AEA,CE,Towers with Radar,3,6,8,4,21,0,0,8,0,8,3,6,16,4,29,23,8,31,60
01/13/2022,ERI,PA,AEA,CE,Towers with Radar,4,10,2,0,16,0,0,5,0,5,4,10,7,0,21,50,0,50,71
01/14/2022,ERI,PA,AEA,CE,Towers with Radar,3,6,5,0,14,0,0,0,0,0,3,6,5,0,14,24,0,24,38
01/15/2022,ERI,PA,AEA,CE,Towers with Radar,4,5,4,0,13,0,0,7,0,7,4,5,11,0,20,59,0,59,79
01/16/2022,ERI,PA,AEA,CE,Towers with Radar,0,1,5,0,6,0,0,21,0,21,0,1,26,0,27,26,0,26,53
01/17/2022,ERI,PA,AEA,CE,Towers with Radar,0,0,0,0,0,0,0,0,0,0,0,0,0,0,0,0,0,0,0
01/18/2022,ERI,PA,AEA,CE,Towers with Radar,4,9,6,0,19,0,2,1,0,3,4,11,7,0,22,22,0,22,44
01/19/2022,ERI,PA,AEA,CE,Towers with Radar,3,13,9,0,25,0,0,0,0,0,3,13,9,0,25,16,0,16,41
01/20/2022,ERI,PA,AEA,CE,Towers with Radar,3,6,0,0,9,0,0,2,0,2,3,6,2,0,11,7,0,7,18
01/21/2022,ERI,PA,AEA,CE,Towers with Radar,3,12,3,0,18,0,2,10,0,12,3,14,13,0,30,28,0,28,58
01/22/2022,ERI,PA,AEA,CE,Towers with Radar,1,9,0,0,10,0,2,16,0,18,1,11,16,0,28,24,0,24,52
01/23/2022,ERI,PA,AEA,CE,Towers with Radar,3,3,3,0,9,0,0,0,0,0,3,3,3,0,9,0,0,0,9
01/24/2022,ERI,PA,AEA,CE,Towers with Radar,4,8,2,0,14,0,0,2,0,2,4,8,4,0,16,14,0,14,30
01/25/2022,ERI,PA,AEA,CE,Towers with Radar,4,6,5,0,15,0,0,3,0,3,4,6,8,0,18,14,0,14,32
01/26/2022,ERI,PA,AEA,CE,Towers with Radar,3,7,5,0,15,0,0,1,0,1,3,7,6,0,16,0,0,0,16
01/27/2022,ERI,PA,AEA,CE,Towers with Radar,3,6,11,0,20,0,0,1,1,2,3,6,12,1,22,2,3,5,27
01/28/2022,ERI,PA,AEA,CE,Towers with Radar,4,6,10,0,20,0,0,0,0,0,4,6,10,0,20,4,0,4,24
01/29/2022,ERI,PA,AEA,CE,Towers with Radar,4,8,4,0,16,0,2,6,0,8,4,10,10,0,24,18,0,18,42
01/30/2022,ERI,PA,AEA,CE,Towers with Radar,3,5,6,0,14,0,0,3,0,3,3,5,9,0,17,16,0,16,33
01/31/2022,ERI,PA,AEA,CE,Towers with Radar,4,6,9,0,19,0,0,20,0,20,4,6,29,0,39,83,0,83,122
02/01/2022,ERI,PA,AEA,CE,Towers with Radar,4,15,7,0,26,0,3,16,6,25,4,18,23,6,51,29,2,31,82
02/02/2022,ERI,PA,AEA,CE,Towers with Radar,3,12,3,0,18,0,0,0,0,0,3,12,3,0,18,0,0,0,18
02/03/2022,ERI,PA,AEA,CE,Towers with Radar,0,0,0,0,0,0,0,0,0,0,0,0,0,0,0,0,0,0,0
02/04/2022,ERI,PA,AEA,CE,Towers with Radar,2,7,4,0,13,0,0,0,0,0,2,7,4,0,13,0,0,0,13
02/05/2022,ERI,PA,AEA,CE,Towers with Radar,4,8,2,0,14,0,0,4,0,4,4,8,6,0,18,45,0,45,63
02/06/2022,ERI,PA,AEA,CE,Towers with Radar,4,5,4,0,13,0,4,12,0,16,4,9,16,0,29,17,0,17,46
02/07/2022,ERI,PA,AEA,CE,Towers with Radar,3,8,3,3,17,0,0,11,0,11,3,8,14,3,28,39,0,39,67
02/08/2022,ERI,PA,AEA,CE,Towers with Radar,4,11,7,0,22,0,0,0,0,0,4,11,7,0,22,4,0,4,26
02/09/2022,ERI,PA,AEA,CE,Towers with Radar,3,8,6,0,17,0,0,6,0,6,3,8,12,0,23,26,0,26,49
02/10/2022,ERI,PA,AEA,CE,Towers with Radar,4,9,7,0,20,0,0,0,0,0,4,9,7,0,20,0,0,0,20
02/11/2022,ERI,PA,AEA,CE,Towers with Radar,3,13,6,0,22,0,0,2,0,2,3,13,8,0,24,5,0,5,29
02/12/2022,ERI,PA,AEA,CE,Towers with Radar,4,4,0,0,8,0,0,8,0,8,4,4,8,0,16,5,0,5,21
02/13/2022,ERI,PA,AEA,CE,Towers with Radar,3,6,11,0,20,0,0,4,0,4,3,6,15,0,24,39,0,39,63
02/14/2022,ERI,PA,AEA,CE,Towers with Radar,4,6,5,0,15,0,0,9,0,9,4,6,14,0,24,22,0,22,46
02/15/2022,ERI,PA,AEA,CE,Towers with Radar,4,10,10,0,24,0,2,46,0,48,4,12,56,0,72,69,0,69,141
02/16/2022,ERI,PA,AEA,CE,Towers with Radar,3,6,6,0,15,0,6,2,0,8,3,12,8,0,23,9,0,9,32
02/17/2022,ERI,PA,AEA,CE,Towers with Radar,3,9,0,0,12,0,0,0,0,0,3,9,0,0,12,0,0,0,12
02/18/2022,ERI,PA,AEA,CE,Towers with Radar,3,8,6,0,17,0,0,3,0,3,3,8,9,0,20,2,0,2,22
02/19/2022,ERI,PA,AEA,CE,Towers with Radar,4,9,0,0,13,0,0,0,0,0,4,9,0,0,13,2,0,2,15
02/20/2022,ERI,PA,AEA,CE,Towers with Radar,3,4,8,0,15,0,2,7,0,9,3,6,15,0,24,6,0,6,30
02/21/2022,ERI,PA,AEA,CE,Towers with Radar,3,5,4,0,12,0,1,30,1,32,3,6,34,1,44,46,0,46,90
02/22/2022,ERI,PA,AEA,CE,Towers with Radar,4,9,5,0,18,0,0,0,0,0,4,9,5,0,18,0,0,0,18
02/23/2022,ERI,PA,AEA,CE,Towers with Radar,3,9,5,0,17,0,0,0,0,0,3,9,5,0,17,0,0,0,17
02/24/2022,ERI,PA,AEA,CE,Towers with Radar,3,15,15,7,40,0,2,6,0,8,3,17,21,7,48,42,20,62,110
02/25/2022,ERI,PA,AEA,CE,Towers with Radar,3,11,2,0,16,0,0,0,0,0,3,11,2,0,16,0,0,0,16
02/26/2022,ERI,PA,AEA,CE,Towers with Radar,4,9,10,0,23,0,0,7,0,7,4,9,17,0,30,6,0,6,36
02/27/2022,ERI,PA,AEA,CE,Towers with Radar,4,8,1,0,13,0,0,4,0,4,4,8,5,0,17,11,2,13,30
02/28/2022,ERI,PA,AEA,CE,Towers with Radar,4,4,9,0,17,0,0,9,0,9,4,4,18,0,26,14,0,14,40
03/01/2022,ERI,PA,AEA,CE,Towers with Radar,4,10,1,0,15,0,0,13,0,13,4,10,14,0,28,22,0,22,50
03/02/2022,ERI,PA,AEA,CE,Towers with Radar,3,12,8,0,23,0,3,11,0,14,3,15,19,0,37,30,0,30,67
03/03/2022,ERI,PA,AEA,CE,Towers with Radar,2,14,14,0,30,0,0,0,0,0,2,14,14,0,30,12,0,12,42
03/04/2022,ERI,PA,AEA,CE,Towers with Radar,2,7,6,0,15,0,0,26,1,27,2,7,32,1,42,54,0,54,96
03/05/2022,ERI,PA,AEA,CE,Towers with Radar,2,9,7,0,18,0,2,19,0,21,2,11,26,0,39,58,0,58,97
03/06/2022,ERI,PA,AEA,CE,Towers with Radar,1,6,2,0,9,0,0,0,0,0,1,6,2,0,9,1,0,1,10
03/07/2022,ERI,PA,AEA,CE,Towers with Radar,1,8,0,0,9,0,0,0,0,0,1,8,0,0,9,0,0,0,9
03/08/2022,ERI,PA,AEA,CE,Towers with Radar,2,11,5,2,20,0,1,12,1,14,2,12,17,3,34,16,2,18,52
03/09/2022,ERI,PA,AEA,CE,Towers with Radar,2,11,6,0,19,0,6,7,2,15,2,17,13,2,34,55,0,55,89
03/10/2022,ERI,PA,AEA,CE,Towers with Radar,3,14,10,10,37,0,0,15,0,15,3,14,25,10,52,76,3,79,131
03/11/2022,ERI,PA,AEA,CE,Towers with Radar,2,8,3,0,13,0,0,0,0,0,2,8,3,0,13,2,0,2,15
03/12/2022,ERI,PA,AEA,CE,Towers with Radar,2,8,0,0,10,0,0,0,0,0,2,8,0,0,10,0,0,0,10
03/13/2022,ERI,PA,AEA,CE,Towers with Radar,1,6,3,0,10,0,0,0,0,0,1,6,3,0,10,2,0,2,12
03/14/2022,ERI,PA,AEA,CE,Towers with Radar,0,5,14,0,19,0,0,14,0,14,0,5,28,0,33,15,0,15,48
03/15/2022,ERI,PA,AEA,CE,Towers with Radar,1,8,3,0,12,0,0,7,0,7,1,8,10,0,19,3,1,4,23
03/16/2022,ERI,PA,AEA,CE,Towers with Radar,2,14,4,6,26,0,2,28,0,30,2,16,32,6,56,77,4,81,137
03/17/2022,ERI,PA,AEA,CE,Towers with Radar,1,10,12,2,25,0,0,27,0,27,1,10,39,2,52,88,0,88,140
03/18/2022,ERI,PA,AEA,CE,Towers with Radar,0,11,6,0,17,0,0,18,0,18,0,11,24,0,35,73,0,73,108
03/19/2022,ERI,PA,AEA,CE,Towers with Radar,1,9,6,0,16,0,0,0,1,1,1,9,6,1,17,2,0,2,19
03/20/2022,ERI,PA,AEA,CE,Towers with Radar,1,4,11,0,16,0,0,4,0,4,1,4,15,0,20,2,0,2,22
03/21/2022,ERI,PA,AEA,CE,Towers with Radar,1,9,10,0,20,0,2,36,0,38,1,11,46,0,58,68,0,68,126
03/22/2022,ERI,PA,AEA,CE,Towers with Radar,2,13,10,0,25,0,4,7,0,11,2,17,17,0,36,78,0,78,114
03/23/2022,ERI,PA,AEA,CE,Towers with Radar,1,12,2,0,15,0,0,0,0,0,1,12,2,0,15,2,0,2,17
03/24/2022,ERI,PA,AEA,CE,Towers with Radar,0,15,5,6,26,0,0,10,0,10,0,15,15,6,36,38,6,44,80
03/25/2022,ERI,PA,AEA,CE,Towers with Radar,3,6,3,0,12,0,0,0,0,0,3,6,3,0,12,0,0,0,12
03/26/2022,ERI,PA,AEA,CE,Towers with Radar,2,13,2,0,17,0,0,0,0,0,2,13,2,0,17,3,0,3,20
03/27/2022,ERI,PA,AEA,CE,Towers with Radar,3,4,3,0,10,0,0,2,0,2,3,4,5,0,12,0,0,0,12
03/28/2022,ERI,PA,AEA,CE,Towers with Radar,2,6,0,0,8,0,0,0,0,0,2,6,0,0,8,0,0,0,8
03/29/2022,ERI,PA,AEA,CE,Towers with Radar,3,8,17,0,28,0,0,28,0,28,3,8,45,0,56,53,0,53,109
03/30/2022,ERI,PA,AEA,CE,Towers with Radar,2,9,2,0,13,0,0,4,0,4,2,9,6,0,17,2,0,2,19
03/31/2022,ERI,PA,AEA,CE,Towers with Radar,2,7,6,0,15,0,0,3,0,3,2,7,9,0,18,6,0,6,24
04/01/2022,ERI,PA,AEA,CE,Towers with Radar,2,9,1,0,12,0,0,0,0,0,2,9,1,0,12,2,0,2,14
04/02/2022,ERI,PA,AEA,CE,Towers with Radar,2,8,5,0,15,0,6,27,1,34,2,14,32,1,49,33,0,33,82
04/03/2022,ERI,PA,AEA,CE,Towers with Radar,2,4,3,0,9,0,4,0,0,4,2,8,3,0,13,2,0,2,15
04/04/2022,ERI,PA,AEA,CE,Towers with Radar,2,7,7,0,16,0,1,8,0,9,2,8,15,0,25,22,0,22,47
04/05/2022,ERI,PA,AEA,CE,Towers with Radar,0,15,12,0,27,0,1,19,2,22,0,16,31,2,49,90,0,90,139
04/06/2022,ERI,PA,AEA,CE,Towers with Radar,0,21,5,0,26,0,0,0,0,0,0,21,5,0,26,20,0,20,46
04/07/2022,ERI,PA,AEA,CE,Towers with Radar,0,14,7,0,21,0,2,5,0,7,0,16,12,0,28,27,0,27,55
04/08/2022,ERI,PA,AEA,CE,Towers with Radar,0,13,6,0,19,0,0,2,0,2,0,13,8,0,21,2,0,2,23
04/09/2022,ERI,PA,AEA,CE,Towers with Radar,0,18,4,0,22,0,0,1,0,1,0,18,5,0,23,12,0,12,35
04/10/2022,ERI,PA,AEA,CE,Towers with Radar,0,10,2,0,12,0,0,14,0,14,0,10,16,0,26,9,0,9,35
04/11/2022,ERI,PA,AEA,CE,Towers with Radar,0,7,15,0,22,0,1,4,0,5,0,8,19,0,27,6,0,6,33
04/12/2022,ERI,PA,AEA,CE,Towers with Radar,0,10,15,6,31,0,0,36,4,40,0,10,51,10,71,16,10,26,97
04/13/2022,ERI,PA,AEA,CE,Towers with Radar,0,12,9,0,21,0,0,2,0,2,0,12,11,0,23,14,0,14,37
04/14/2022,ERI,PA,AEA,CE,Towers with Radar,0,10,12,0,22,0,0,4,0,4,0,10,16,0,26,25,0,25,51
04/15/2022,ERI,PA,AEA,CE,Towers with Radar,0,12,3,0,15,0,0,4,3,7,0,12,7,3,22,14,4,18,40
04/16/2022,ERI,PA,AEA,CE,Towers with Radar,0,14,9,0,23,0,0,7,0,7,0,14,16,0,30,4,0,4,34
04/17/2022,ERI,PA,AEA,CE,Towers with Radar,0,8,6,0,14,0,2,14,0,16,0,10,20,0,30,16,0,16,46
04/18/2022,ERI,PA,AEA,CE,Towers with Radar,0,17,7,1,25,0,0,5,0,5,0,17,12,1,30,0,0,0,30
04/19/2022,ERI,PA,AEA,CE,Towers with Radar,0,14,7,0,21,0,0,1,0,1,0,14,8,0,22,8,0,8,30
04/20/2022,ERI,PA,AEA,CE,Towers with Radar,0,14,11,0,25,0,6,25,0,31,0,20,36,0,56,56,0,56,112
04/21/2022,ERI,PA,AEA,CE,Towers with Radar,0,17,8,0,25,0,0,1,2,3,0,17,9,2,28,10,0,10,38
04/22/2022,ERI,PA,AEA,CE,Towers with Radar,0,14,10,0,24,0,3,26,0,29,0,17,36,0,53,52,0,52,105
04/23/2022,ERI,PA,AEA,CE,Towers with Radar,0,15,6,0,21,0,0,20,0,20,0,15,26,0,41,18,0,18,59
04/24/2022,ERI,PA,AEA,CE,Towers with Radar,0,10,9,0,19,0,1,22,0,23,0,11,31,0,42,30,0,30,72
04/25/2022,ERI,PA,AEA,CE,Towers with Radar,0,9,7,0,16,0,1,1,0,2,0,10,8,0,18,9,0,9,27
04/26/2022,ERI,PA,AEA,CE,Towers with Radar,0,19,6,0,25,0,0,17,0,17,0,19,23,0,42,45,0,45,87
04/27/2022,ERI,PA,AEA,CE,Towers with Radar,0,14,16,2,32,0,0,2,0,2,0,14,18,2,34,3,0,3,37
04/28/2022,ERI,PA,AEA,CE,Towers with Radar,0,13,11,12,36,0,2,25,13,40,0,15,36,25,76,48,18,66,142
04/29/2022,ERI,PA,AEA,CE,Towers with Radar,0,11,12,0,23,0,1,29,11,41,0,12,41,11,64,92,0,92,156
04/30/2022,ERI,PA,AEA,CE,Towers with Radar,0,12,7,0,19,0,0,22,0,22,0,12,29,0,41,51,0,51,92
05/01/2022,ERI,PA,AEA,CE,Towers with Radar,0,8,5,0,13,0,0,1,0,1,0,8,6,0,14,2,0,2,16
05/02/2022,ERI,PA,AEA,CE,Towers with Radar,0,14,9,17,40,0,0,12,0,12,0,14,21,17,52,0,0,0,52
05/03/2022,ERI,PA,AEA,CE,Towers with Radar,0,18,5,0,23,0,0,0,0,0,0,18,5,0,23,22,0,22,45
05/04/2022,ERI,PA,AEA,CE,Towers with Radar,0,18,11,0,29,0,0,0,0,0,0,18,11,0,29,12,0,12,41
05/05/2022,ERI,PA,AEA,CE,Towers with Radar,0,15,20,2,37,0,2,17,0,19,0,17,37,2,56,62,0,62,118
05/06/2022,ERI,PA,AEA,CE,Towers with Radar,0,15,7,0,22,0,0,0,0,0,0,15,7,0,22,0,0,0,22
05/07/2022,ERI,PA,AEA,CE,Towers with Radar,0,16,6,0,22,0,1,6,0,7,0,17,12,0,29,10,0,10,39
05/08/2022,ERI,PA,AEA,CE,Towers with Radar,0,13,7,0,20,0,0,24,0,24,0,13,31,0,44,4,0,4,48
05/09/2022,ERI,PA,AEA,CE,Towers with Radar,0,12,13,0,25,0,6,15,0,21,0,18,28,0,46,37,0,37,83
05/10/2022,ERI,PA,AEA,CE,Towers with Radar,0,14,10,0,24,0,4,15,0,19,0,18,25,0,43,21,0,21,64
05/11/2022,ERI,PA,AEA,CE,Towers with Radar,0,21,5,2,28,0,1,22,1,24,0,22,27,3,52,33,0,33,85
05/12/2022,ERI,PA,AEA,CE,Towers with Radar,0,12,16,2,30,0,0,17,1,18,0,12,33,3,48,55,0,55,103
05/13/2022,ERI,PA,AEA,CE,Towers with Radar,0,14,15,0,29,0,0,14,0,14,0,14,29,0,43,22,0,22,65
05/14/2022,ERI,PA,AEA,CE,Towers with Radar,0,17,5,0,22,0,0,5,0,5,0,17,10,0,27,24,0,24,51
05/15/2022,ERI,PA,AEA,CE,Towers with Radar,0,20,14,0,34,0,4,16,0,20,0,24,30,0,54,21,0,21,75
05/16/2022,ERI,PA,AEA,CE,Towers with Radar,0,15,8,0,23,0,0,1,0,1,0,15,9,0,24,3,0,3,27
05/17/2022,ERI,PA,AEA,CE,Towers with Radar,0,15,4,0,19,0,5,18,0,23,0,20,22,0,42,33,0,33,75
05/18/2022,ERI,PA,AEA,CE,Towers with Radar,0,20,2,0,22,0,0,6,0,6,0,20,8,0,28,23,0,23,51
05/19/2022,ERI,PA,AEA,CE,Towers with Radar,0,17,16,0,33,0,2,8,0,10,0,19,24,0,43,40,0,40,83
05/20/2022,ERI,PA,AEA,CE,Towers with Radar,0,18,8,0,26,0,0,2,0,2,0,18,10,0,28,10,0,10,38
05/21/2022,ERI,PA,AEA,CE,Towers with Radar,0,12,9,0,21,0,0,7,0,7,0,12,16,0,28,16,0,16,44
05/22/2022,ERI,PA,AEA,CE,Towers with Radar,0,18,3,0,21,0,0,3,0,3,0,18,6,0,24,14,0,14,38
05/23/2022,ERI,PA,AEA,CE,Towers with Radar,0,17,10,0,27,0,0,25,0,25,0,17,35,0,52,55,0,55,107
05/24/2022,ERI,PA,AEA,CE,Towers with Radar,0,17,13,4,34,0,0,24,0,24,0,17,37,4,58,26,1,27,85
05/25/2022,ERI,PA,AEA,CE,Towers with Radar,0,12,11,0,23,0,0,10,0,10,0,12,21,0,33,12,0,12,45
05/26/2022,ERI,PA,AEA,CE,Towers with Radar,0,14,6,2,22,0,0,12,0,12,0,14,18,2,34,28,0,28,62
05/27/2022,ERI,PA,AEA,CE,Towers with Radar,0,15,3,0,18,0,1,2,0,3,0,16,5,0,21,2,0,2,23
05/28/2022,ERI,PA,AEA,CE,Towers with Radar,0,11,12,0,23,0,0,7,0,7,0,11,19,0,30,50,0,50,80
05/29/2022,ERI,PA,AEA,CE,Towers with Radar,0,12,2,0,14,0,0,20,0,20,0,12,22,0,34,37,0,37,71
05/30/2022,ERI,PA,AEA,CE,Towers with Radar,0,10,9,0,19,0,0,25,0,25,0,10,34,0,44,41,4,45,89
05/31/2022,ERI,PA,AEA,CE,Towers with Radar,0,11,12,0,23,0,2,23,0,25,0,13,35,0,48,55,0,55,103
06/01/2022,ERI,PA,AEA,CE,Towers with Radar,0,12,12,0,24,0,0,5,1,6,0,12,17,1,30,29,0,29,59
06/02/2022,ERI,PA,AEA,CE,Towers with Radar,0,13,14,0,27,0,1,9,2,12,0,14,23,2,39,31,0,31,70
06/03/2022,ERI,PA,AEA,CE,Towers with Radar,0,11,11,2,24,0,2,32,0,34,0,13,43,2,58,81,2,83,141
06/04/2022,ERI,PA,AEA,CE,Towers with Radar,0,9,6,0,15,0,0,21,0,21,0,9,27,0,36,69,0,69,105
06/05/2022,ERI,PA,AEA,CE,Towers with Radar,0,13,11,0,24,0,0,18,0,18,0,13,29,0,42,13,0,13,55
06/06/2022,ERI,PA,AEA,CE,Towers with Radar,0,8,2,0,10,0,5,12,0,17,0,13,14,0,27,24,0,24,51
06/07/2022,ERI,PA,AEA,CE,Towers with Radar,0,15,11,0,26,0,4,3,0,7,0,19,14,0,33,18,0,18,51
06/08/2022,ERI,PA,AEA,CE,Towers with Radar,0,16,20,8,44,0,5,23,0,28,0,21,43,8,72,91,8,99,171
06/09/2022,ERI,PA,AEA,CE,Towers with Radar,0,13,9,2,24,0,0,10,0,10,0,13,19,2,34,14,0,14,48
06/10/2022,ERI,PA,AEA,CE,Towers with Radar,0,15,7,0,22,0,0,30,0,30,0,15,37,0,52,68,0,68,120
06/11/2022,ERI,PA,AEA,CE,Towers with Radar,0,16,14,0,30,0,2,21,0,23,0,18,35,0,53,40,0,40,93
06/12/2022,ERI,PA,AEA,CE,Towers with Radar,0,9,9,2,20,0,0,7,0,7,0,9,16,2,27,27,0,27,54
06/13/2022,ERI,PA,AEA,CE,Towers with Radar,0,10,11,4,25,0,1,19,0,20,0,11,30,4,45,30,2,32,77
06/14/2022,ERI,PA,AEA,CE,Towers with Radar,0,11,14,0,25,0,0,12,0,12,0,11,26,0,37,55,0,55,92
06/15/2022,ERI,PA,AEA,CE,Towers with Radar,0,12,8,0,20,0,0,17,0,17,0,12,25,0,37,31,0,31,68
06/16/2022,ERI,PA,AEA,CE,Towers with Radar,0,15,8,0,23,0,0,4,0,4,0,15,12,0,27,11,0,11,38
06/17/2022,ERI,PA,AEA,CE,Towers with Radar,0,9,8,0,17,0,0,13,0,13,0,9,21,0,30,23,0,23,53
06/18/2022,ERI,PA,AEA,CE,Towers with Radar,0,12,6,0,18,0,0,13,0,13,0,12,19,0,31,7,0,7,38
06/19/2022,ERI,PA,AEA,CE,Towers with Radar,0,15,8,0,23,0,0,28,0,28,0,15,36,0,51,36,0,36,87
06/20/2022,ERI,PA,AEA,CE,Towers with Radar,0,10,9,0,19,0,0,16,0,16,0,10,25,0,35,35,0,35,70
06/21/2022,ERI,PA,AEA,CE,Towers with Radar,0,15,8,0,23,0,0,33,0,33,0,15,41,0,56,28,0,28,84
06/22/2022,ERI,PA,AEA,CE,Towers with Radar,0,12,13,8,33,0,3,15,0,18,0,15,28,8,51,49,16,65,116
06/23/2022,ERI,PA,AEA,CE,Towers with Radar,0,15,8,0,23,0,0,34,0,34,0,15,42,0,57,89,0,89,146
06/24/2022,ERI,PA,AEA,CE,Towers with Radar,0,19,10,16,45,0,0,37,0,37,0,19,47,16,82,111,12,123,205
06/25/2022,ERI,PA,AEA,CE,Towers with Radar,0,9,6,0,15,0,0,35,0,35,0,9,41,0,50,48,8,56,106
06/26/2022,ERI,PA,AEA,CE,Towers with Radar,0,17,6,10,33,0,0,9,0,9,0,17,15,10,42,35,0,35,77
06/27/2022,ERI,PA,AEA,CE,Towers with Radar,0,10,15,10,35,0,1,28,0,29,0,11,43,10,64,19,8,27,91
06/28/2022,ERI,PA,AEA,CE,Towers with Radar,0,15,13,12,40,0,0,61,0,61,0,15,74,12,101,57,12,69,170
06/29/2022,ERI,PA,AEA,CE,Towers with Radar,0,13,8,0,21,0,2,22,0,24,0,15,30,0,45,44,0,44,89
06/30/2022,ERI,PA,AEA,CE,Towers with Radar,0,11,13,2,26,0,0,48,0,48,0,11,61,2,74,105,0,105,179
07/01/2022,ERI,PA,AEA,CE,Towers with Radar,0,12,20,0,32,0,0,18,0,18,0,12,38,0,50,16,0,16,66
07/02/2022,ERI,PA,AEA,CE,Towers with Radar,0,15,11,0,26,0,2,11,0,13,0,17,22,0,39,42,0,42,81
07/03/2022,ERI,PA,AEA,CE,Towers with Radar,0,11,11,0,22,0,0,30,1,31,0,11,41,1,53,61,0,61,114
07/04/2022,ERI,PA,AEA,CE,Towers with Radar,0,7,11,0,18,0,3,18,0,21,0,10,29,0,39,66,0,66,105
07/05/2022,ERI,PA,AEA,CE,Towers with Radar,0,9,9,1,19,0,0,0,0,0,0,9,9,1,19,0,0,0,19
07/06/2022,ERI,PA,AEA,CE,Towers with Radar,0,24,11,1,36,0,1,15,1,17,0,25,26,2,53,108,0,108,161
07/07/2022,ERI,PA,AEA,CE,Towers with Radar,0,12,11,4,27,0,0,30,2,32,0,12,41,6,59,81,6,87,146
07/08/2022,ERI,PA,AEA,CE,Towers with Radar,0,11,12,0,23,0,0,15,0,15,0,11,27,0,38,9,0,9,47
07/09/2022,ERI,PA,AEA,CE,Towers with Radar,0,16,11,0,27,0,1,30,0,31,0,17,41,0,58,29,0,29,87
07/10/2022,ERI,PA,AEA,CE,Towers with Radar,0,10,17,0,27,0,0,25,0,25,0,10,42,0,52,57,0,57,109
07/11/2022,ERI,PA,AEA,CE,Towers with Radar,0,9,10,0,19,0,0,31,0,31,0,9,41,0,50,36,0,36,86
07/12/2022,ERI,PA,AEA,CE,Towers with Radar,0,11,9,0,20,0,1,6,0,7,0,12,15,0,27,35,0,35,62
07/13/2022,ERI,PA,AEA,CE,Towers with Radar,0,13,9,0,22,0,0,21,2,23,0,13,30,2,45,41,0,41,86
07/14/2022,ERI,PA,AEA,CE,Towers with Radar,0,20,18,0,38,0,0,36,0,36,0,20,54,0,74,62,0,62,136
07/15/2022,ERI,PA,AEA,CE,Towers with Radar,0,13,8,0,21,0,0,39,2,41,0,13,47,2,62,41,0,41,103
07/16/2022,ERI,PA,AEA,CE,Towers with Radar,0,12,13,0,25,0,1,33,0,34,0,13,46,0,59,68,0,68,127
07/17/2022,ERI,PA,AEA,CE,Towers with Radar,0,11,9,0,20,0,0,2,0,2,0,11,11,0,22,4,0,4,26
07/18/2022,ERI,PA,AEA,CE,Towers with Radar,0,10,14,0,24,0,0,1,0,1,0,10,15,0,25,2,0,2,27
07/19/2022,ERI,PA,AEA,CE,Towers with Radar,0,13,8,4,25,0,0,19,0,19,0,13,27,4,44,22,2,24,68
07/20/2022,ERI,PA,AEA,CE,Towers with Radar,0,15,6,0,21,0,0,12,0,12,0,15,18,0,33,12,0,12,45
07/21/2022,ERI,PA,AEA,CE,Towers with Radar,0,12,10,0,22,0,0,9,1,10,0,12,19,1,32,16,0,16,48
07/22/2022,ERI,PA,AEA,CE,Towers with Radar,0,16,14,2,32,0,0,41,0,41,0,16,55,2,73,43,0,43,116
07/23/2022,ERI,PA,AEA,CE,Towers with Radar,0,12,7,0,19,0,0,21,0,21,0,12,28,0,40,45,0,45,85
07/24/2022,ERI,PA,AEA,CE,Towers with Radar,0,15,10,0,25,0,0,10,0,10,0,15,20,0,35,6,0,6,41
07/25/2022,ERI,PA,AEA,CE,Towers with Radar,0,11,10,4,25,0,0,29,2,31,0,11,39,6,56,90,0,90,146
07/26/2022,ERI,PA,AEA,CE,Towers with Radar,0,13,14,0,27,0,0,26,1,27,0,13,40,1,54,42,0,42,96
07/27/2022,ERI,PA,AEA,CE,Towers with Radar,0,17,27,2,46,0,0,10,0,10,0,17,37,2,56,52,10,62,118
07/28/2022,ERI,PA,AEA,CE,Towers with Radar,0,21,14,0,35,0,0,9,0,9,0,21,23,0,44,12,0,12,56
07/29/2022,ERI,PA,AEA,CE,Towers with Radar,0,14,11,4,29,0,0,22,0,22,0,14,33,4,51,10,8,18,69
07/30/2022,ERI,PA,AEA,CE,Towers with Radar,0,12,11,0,23,0,0,21,0,21,0,12,32,0,44,46,0,46,90
07/31/2022,ERI,PA,AEA,CE,Towers with Radar,0,22,19,0,41,0,0,21,0,21,0,22,40,0,62,16,0,16,78
08/01/2022,ERI,PA,AEA,CE,Towers with Radar,0,12,10,0,22,0,0,4,0,4,0,12,14,0,26,30,0,30,56
08/02/2022,ERI,PA,AEA,CE,Towers with Radar,0,18,16,0,34,0,0,12,0,12,0,18,28,0,46,39,0,39,85
08/03/2022,ERI,PA,AEA,CE,Towers with Radar,0,7,10,12,29,0,0,22,0,22,0,7,32,12,51,51,12,63,114
08/04/2022,ERI,PA,AEA,CE,Towers with Radar,0,14,10,2,26,0,0,10,0,10,0,14,20,2,36,56,2,58,94
08/05/2022,ERI,PA,AEA,CE,Towers with Radar,0,12,8,0,20,0,0,5,0,5,0,12,13,0,25,46,0,46,71
08/06/2022,ERI,PA,AEA,CE,Towers with Radar,0,8,2,0,10,0,0,18,0,18,0,8,20,0,28,47,0,47,75
08/07/2022,ERI,PA,AEA,CE,Towers with Radar,0,11,4,0,15,0,0,13,0,13,0,11,17,0,28,34,0,34,62
08/08/2022,ERI,PA,AEA,CE,Towers with Radar,0,8,8,0,16,0,0,3,0,3,0,8,11,0,19,6,0,6,25
08/09/2022,ERI,PA,AEA,CE,Towers with Radar,0,11,14,4,29,0,0,7,0,7,0,11,21,4,36,50,4,54,90
08/10/2022,ERI,PA,AEA,CE,Towers with Radar,0,15,11,0,26,0,0,31,3,34,0,15,42,3,60,36,10,46,106
08/11/2022,ERI,PA,AEA,CE,Towers with Radar,0,11,19,0,30,0,2,29,0,31,0,13,48,0,61,74,0,74,135
08/12/2022,ERI,PA,AEA,CE,Towers with Radar,0,13,31,0,44,0,0,45,2,47,0,13,76,2,91,36,2,38,129
08/13/2022,ERI,PA,AEA,CE,Towers with Radar,0,10,9,0,19,0,0,45,4,49,0,10,54,4,68,39,0,39,107
08/14/2022,ERI,PA,AEA,CE,Towers with Radar,0,11,7,0,18,0,1,14,0,15,0,12,21,0,33,14,0,14,47
08/15/2022,ERI,PA,AEA,CE,Towers with Radar,0,12,21,0,33,0,0,13,0,13,0,12,34,0,46,61,0,61,107
08/16/2022,ERI,PA,AEA,CE,Towers with Radar,0,21,7,0,28,0,3,19,0,22,0,24,26,0,50,39,0,39,89
08/17/2022,ERI,PA,AEA,CE,Towers with Radar,0,17,4,2,23,0,1,17,2,20,0,18,21,4,43,60,0,60,103
08/18/2022,ERI,PA,AEA,CE,Towers with Radar,0,16,16,10,42,0,0,37,0,37,0,16,53,10,79,33,4,37,116
08/19/2022,ERI,PA,AEA,CE,Towers with Radar,0,10,7,0,17,0,1,36,0,37,0,11,43,0,54,64,0,64,118
08/20/2022,ERI,PA,AEA,CE,Towers with Radar,0,8,10,0,18,0,2,37,0,39,0,10,47,0,57,59,0,59,116
08/21/2022,ERI,PA,AEA,CE,Towers with Radar,0,15,5,0,20,0,0,4,1,5,0,15,9,1,25,2,0,2,27
08/22/2022,ERI,PA,AEA,CE,Towers with Radar,0,16,1,0,17,0,0,0,0,0,0,16,1,0,17,12,0,12,29
08/23/2022,ERI,PA,AEA,CE,Towers with Radar,0,12,7,0,19,0,0,6,0,6,0,12,13,0,25,20,0,20,45
08/24/2022,ERI,PA,AEA,CE,Towers with Radar,0,8,18,0,26,0,0,25,4,29,0,8,43,4,55,38,6,44,99
08/25/2022,ERI,PA,AEA,CE,Towers with Radar,0,16,9,0,25,0,3,27,0,30,0,19,36,0,55,42,0,42,97
08/26/2022,ERI,PA,AEA,CE,Towers with Radar,0,15,6,0,21,0,5,11,0,16,0,20,17,0,37,28,0,28,65
08/27/2022,ERI,PA,AEA,CE,Towers with Radar,0,11,12,0,23,0,3,30,0,33,0,14,42,0,56,56,0,56,112
08/28/2022,ERI,PA,AEA,CE,Towers with Radar,0,11,8,0,19,0,2,31,0,33,0,13,39,0,52,125,0,125,177
08/29/2022,ERI,PA,AEA,CE,Towers with Radar,0,10,8,0,18,0,0,7,0,7,0,10,15,0,25,32,0,32,57
08/30/2022,ERI,PA,AEA,CE,Towers with Radar,0,15,4,0,19,0,0,2,0,2,0,15,6,0,21,12,0,12,33
08/31/2022,ERI,PA,AEA,CE,Towers with Radar,0,22,5,8,35,0,4,17,4,25,0,26,22,12,60,57,2,59,119
09/01/2022,ERI,PA,AEA,CE,Towers with Radar,0,20,8,0,28,0,2,31,2,35,0,22,39,2,63,66,4,70,133
09/02/2022,ERI,PA,AEA,CE,Towers with Radar,0,16,15,0,31,0,2,24,2,28,0,18,39,2,59,38,0,38,97
09/03/2022,ERI,PA,AEA,CE,Towers with Radar,0,10,2,0,12,0,0,10,0,10,0,10,12,0,22,28,0,28,50
09/04/2022,ERI,PA,AEA,CE,Towers with Radar,0,10,8,0,18,0,0,2,0,2,0,10,10,0,20,2,0,2,22
09/05/2022,ERI,PA,AEA,CE,Towers with Radar,0,13,11,0,24,0,0,0,0,0,0,13,11,0,24,2,0,2,26
09/06/2022,ERI,PA,AEA,CE,Towers with Radar,0,12,13,0,25,0,0,0,0,0,0,12,13,0,25,12,0,12,37
09/07/2022,ERI,PA,AEA,CE,Towers with Radar,0,18,14,4,36,0,2,3,0,5,0,20,17,4,41,99,4,103,144
09/08/2022,ERI,PA,AEA,CE,Towers with Radar,0,12,5,0,17,0,0,12,0,12,0,12,17,0,29,75,0,75,104
09/09/2022,ERI,PA,AEA,CE,Towers with Radar,0,15,10,0,25,0,0,37,0,37,0,15,47,0,62,66,0,66,128
09/10/2022,ERI,PA,AEA,CE,Towers with Radar,0,11,7,0,18,0,0,29,0,29,0,11,36,0,47,32,0,32,79
09/11/2022,ERI,PA,AEA,CE,Towers with Radar,0,9,7,0,16,0,0,1,0,1,0,9,8,0,17,4,0,4,21
09/12/2022,ERI,PA,AEA,CE,Towers with Radar,0,11,8,0,19,0,0,12,0,12,0,11,20,0,31,26,0,26,57
09/13/2022,ERI,PA,AEA,CE,Towers with Radar,0,11,5,2,18,0,0,7,0,7,0,11,12,2,25,72,2,74,99
09/14/2022,ERI,PA,AEA,CE,Towers with Radar,0,18,24,2,44,0,0,24,2,26,0,18,48,4,70,41,0,41,111
09/15/2022,ERI,PA,AEA,CE,Towers with Radar,0,20,28,2,50,0,0,37,0,37,0,20,65,2,87,86,0,86,173
09/16/2022,ERI,PA,AEA,CE,Towers with Radar,0,25,25,0,50,0,2,29,0,31,0,27,54,0,81,90,0,90,171
09/17/2022,ERI,PA,AEA,CE,Towers with Radar,0,9,9,0,18,0,0,35,0,35,0,9,44,0,53,42,0,42,95
09/18/2022,ERI,PA,AEA,CE,Towers with Radar,0,13,14,0,27,0,0,14,0,14,0,13,28,0,41,34,0,34,75
09/19/2022,ERI,PA,AEA,CE,Towers with Radar,0,10,6,0,16,0,2,2,0,4,0,12,8,0,20,65,0,65,85
09/20/2022,ERI,PA,AEA,CE,Towers with Radar,0,12,10,0,22,0,0,14,0,14,0,12,24,0,36,55,0,55,91
09/21/2022,ERI,PA,AEA,CE,Towers with Radar,0,19,9,0,28,0,0,8,0,8,0,19,17,0,36,16,0,16,52
09/22/2022,ERI,PA,AEA,CE,Towers with Radar,0,13,6,0,19,0,0,2,0,2,0,13,8,0,21,10,0,10,31
09/23/2022,ERI,PA,AEA,CE,Towers with Radar,0,17,11,0,28,0,1,44,0,45,0,18,55,0,73,46,2,48,121
09/24/2022,ERI,PA,AEA,CE,Towers with Radar,0,12,6,0,18,0,0,34,0,34,0,12,40,0,52,46,0,46,98
09/25/2022,ERI,PA,AEA,CE,Towers with Radar,0,9,9,0,18,0,0,0,0,0,0,9,9,0,18,0,0,0,18
09/26/2022,ERI,PA,AEA,CE,Towers with Radar,0,12,5,0,17,0,0,0,0,0,0,12,5,0,17,6,0,6,23
09/27/2022,ERI,PA,AEA,CE,Towers with Radar,0,14,1,0,15,0,0,0,0,0,0,14,1,0,15,6,0,6,21
09/28/2022,ERI,PA,AEA,CE,Towers with Radar,0,24,4,0,28,0,0,3,0,3,0,24,7,0,31,83,0,83,114
09/29/2022,ERI,PA,AEA,CE,Towers with Radar,0,21,17,0,38,0,2,15,1,18,0,23,32,1,56,109,0,109,165
09/30/2022,ERI,PA,AEA,CE,Towers with Radar,0,21,17,0,38,0,1,25,0,26,0,22,42,0,64,89,0,89,153
10/01/2022,ERI,PA,AEA,CE,Towers with Radar,0,19,9,0,28,0,2,5,0,7,0,21,14,0,35,48,0,48,83
10/02/2022,ERI,PA,AEA,CE,Towers with Radar,0,14,12,0,26,0,0,0,0,0,0,14,12,0,26,2,0,2,28
10/03/2022,ERI,PA,AEA,CE,Towers with Radar,0,12,8,0,20,0,0,23,0,23,0,12,31,0,43,27,0,27,70
10/04/2022,ERI,PA,AEA,CE,Towers with Radar,0,14,9,8,31,0,0,30,0,30,0,14,39,8,61,146,0,146,207
10/05/2022,ERI,PA,AEA,CE,Towers with Radar,0,22,10,0,32,0,0,44,0,44,0,22,54,0,76,73,0,73,149
10/06/2022,ERI,PA,AEA,CE,Towers with Radar,0,12,11,0,23,0,2,44,0,46,0,14,55,0,69,86,2,88,157
10/07/2022,ERI,PA,AEA,CE,Towers with Radar,0,15,10,0,25,0,0,9,0,9,0,15,19,0,34,22,0,22,56
10/08/2022,ERI,PA,AEA,CE,Towers with Radar,0,15,3,0,18,0,0,7,0,7,0,15,10,0,25,12,0,12,37
10/09/2022,ERI,PA,AEA,CE,Towers with Radar,0,13,11,0,24,0,2,19,0,21,0,15,30,0,45,18,0,18,63
10/10/2022,ERI,PA,AEA,CE,Towers with Radar,0,8,4,0,12,0,0,13,0,13,0,8,17,0,25,40,0,40,65
10/11/2022,ERI,PA,AEA,CE,Towers with Radar,0,17,7,1,25,0,0,37,1,38,0,17,44,2,63,88,2,90,153
10/12/2022,ERI,PA,AEA,CE,Towers with Radar,0,20,6,21,47,0,3,8,2,13,0,23,14,23,60,21,38,59,119
10/13/2022,ERI,PA,AEA,CE,Towers with Radar,0,11,4,0,15,0,0,2,0,2,0,11,6,0,17,0,0,0,17
10/14/2022,ERI,PA,AEA,CE,Towers with Radar,0,14,10,0,24,0,2,14,0,16,0,16,24,0,40,24,0,24,64
10/15/2022,ERI,PA,AEA,CE,Towers with Radar,0,15,3,0,18,0,0,4,0,4,0,15,7,0,22,16,0,16,38
10/16/2022,ERI,PA,AEA,CE,Towers with Radar,0,9,7,0,16,0,0,25,0,25,0,9,32,0,41,26,0,26,67
10/17/2022,ERI,PA,AEA,CE,Towers with Radar,0,8,6,0,14,0,0,10,0,10,0,8,16,0,24,26,0,26,50
10/18/2022,ERI,PA,AEA,CE,Towers with Radar,0,11,6,0,17,0,0,0,0,0,0,11,6,0,17,0,0,0,17
10/19/2022,ERI,PA,AEA,CE,Towers with Radar,0,12,11,0,23,0,0,0,0,0,0,12,11,0,23,0,0,0,23
10/20/2022,ERI,PA,AEA,CE,Towers with Radar,0,10,12,0,22,0,0,6,0,6,0,10,18,0,28,4,0,4,32
10/21/2022,ERI,PA,AEA,CE,Towers with Radar,0,16,12,0,28,0,1,11,0,12,0,17,23,0,40,12,0,12,52
10/22/2022,ERI,PA,AEA,CE,Towers with Radar,0,11,2,0,13,0,2,26,0,28,0,13,28,0,41,29,0,29,70
10/23/2022,ERI,PA,AEA,CE,Towers with Radar,0,10,9,0,19,0,2,41,0,43,0,12,50,0,62,50,0,50,112
10/24/2022,ERI,PA,AEA,CE,Towers with Radar,0,16,7,0,23,0,0,39,0,39,0,16,46,0,62,71,0,71,133
10/25/2022,ERI,PA,AEA,CE,Towers with Radar,0,11,9,12,32,0,2,29,0,31,0,13,38,12,63,29,0,29,92
10/26/2022,ERI,PA,AEA,CE,Towers with Radar,0,17,6,0,23,0,0,2,0,2,0,17,8,0,25,7,0,7,32
10/27/2022,ERI,PA,AEA,CE,Towers with Radar,0,18,16,0,34,0,5,20,0,25,0,23,36,0,59,73,0,73,132
10/28/2022,ERI,PA,AEA,CE,Towers with Radar,0,16,10,0,26,0,1,24,0,25,0,17,34,0,51,72,0,72,123
10/29/2022,ERI,PA,AEA,CE,Towers with Radar,0,12,16,0,28,0,0,18,0,18,0,12,34,0,46,36,0,36,82
10/30/2022,ERI,PA,AEA,CE,Towers with Radar,0,12,5,0,17,0,0,15,0,15,0,12,20,0,32,60,0,60,92
10/31/2022,ERI,PA,AEA,CE,Towers with Radar,0,10,14,3,27,0,0,2,0,2,0,10,16,3,29,22,2,24,53
11/01/2022,ERI,PA,AEA,CE,Towers with Radar,0,23,6,0,29,0,0,0,0,0,0,23,6,0,29,2,0,2,31
11/02/2022,ERI,PA,AEA,CE,Towers with Radar,0,19,10,0,29,0,0,2,0,2,0,19,12,0,31,40,0,40,71
11/03/2022,ERI,PA,AEA,CE,Towers with Radar,0,17,10,0,27,0,0,16,0,16,0,17,26,0,43,34,0,34,77
11/04/2022,ERI,PA,AEA,CE,Towers with Radar,0,16,7,2,25,0,7,9,0,16,0,23,16,2,41,20,0,20,61
11/05/2022,ERI,PA,AEA,CE,Towers with Radar,0,14,1,0,15,0,0,3,1,4,0,14,4,1,19,10,0,10,29
11/06/2022,ERI,PA,AEA,CE,Towers with Radar,0,13,4,0,17,0,0,19,0,19,0,13,23,0,36,94,0,94,130
11/07/2022,ERI,PA,AEA,CE,Towers with Radar,0,10,3,4,17,0,8,21,1,30,0,18,24,5,47,57,4,61,108
11/08/2022,ERI,PA,AEA,CE,Towers with Radar,0,12,9,0,21,0,2,20,2,24,0,14,29,2,45,91,0,91,136
11/09/2022,ERI,PA,AEA,CE,Towers with Radar,0,16,11,2,29,0,0,27,0,27,0,16,38,2,56,14,0,14,70
11/10/2022,ERI,PA,AEA,CE,Towers with Radar,0,11,9,8,28,0,2,13,0,15,0,13,22,8,43,15,8,23,66
11/11/2022,ERI,PA,AEA,CE,Towers with Radar,0,10,5,0,15,0,0,0,0,0,0,10,5,0,15,0,0,0,15
11/12/2022,ERI,PA,AEA,CE,Towers with Radar,0,9,3,0,12,0,0,2,0,2,0,9,5,0,14,0,0,0,14
11/13/2022,ERI,PA,AEA,CE,Towers with Radar,0,10,2,0,12,0,0,0,0,0,0,10,2,0,12,0,0,0,12
11/14/2022,ERI,PA,AEA,CE,Towers with Radar,0,15,11,0,26,0,0,11,0,11,0,15,22,0,37,49,0,49,86
11/15/2022,ERI,PA,AEA,CE,Towers with Radar,0,17,3,0,20,0,0,12,0,12,0,17,15,0,32,10,0,10,42
11/16/2022,ERI,PA,AEA,CE,Towers with Radar,0,14,1,0,15,0,0,0,0,0,0,14,1,0,15,4,0,4,19
11/17/2022,ERI,PA,AEA,CE,Towers with Radar,0,8,5,0,13,0,2,2,0,4,0,10,7,0,17,0,0,0,17
11/18/2022,ERI,PA,AEA,CE,Towers with Radar,0,8,8,0,16,0,0,0,0,0,0,8,8,0,16,0,0,0,16
11/19/2022,ERI,PA,AEA,CE,Towers with Radar,0,9,5,0,14,0,0,2,0,2,0,9,7,0,16,2,0,2,18
11/20/2022,ERI,PA,AEA,CE,Towers with Radar,0,9,1,0,10,0,0,0,0,0,0,9,1,0,10,4,0,4,14
11/21/2022,ERI,PA,AEA,CE,Towers with Radar,0,8,6,0,14,0,0,4,0,4,0,8,10,0,18,8,0,8,26
11/22/2022,ERI,PA,AEA,CE,Towers with Radar,0,13,13,0,26,0,5,19,0,24,0,18,32,0,50,63,0,63,113
11/23/2022,ERI,PA,AEA,CE,Towers with Radar,0,18,9,0,27,0,0,19,0,19,0,18,28,0,46,80,0,80,126
11/24/2022,ERI,PA,AEA,CE,Towers with Radar,0,7,3,0,10,0,1,9,0,10,0,8,12,0,20,21,0,21,41
11/25/2022,ERI,PA,AEA,CE,Towers with Radar,0,12,6,0,18,0,0,0,0,0,0,12,6,0,18,16,0,16,34
11/26/2022,ERI,PA,AEA,CE,Towers with Radar,0,11,5,0,16,0,0,16,0,16,0,11,21,0,32,28,0,28,60
11/27/2022,ERI,PA,AEA,CE,Towers with Radar,0,11,3,0,14,0,0,0,0,0,0,11,3,0,14,2,0,2,16
11/28/2022,ERI,PA,AEA,CE,Towers with Radar,0,11,5,0,16,0,0,8,0,8,0,11,13,0,24,25,0,25,49
11/29/2022,ERI,PA,AEA,CE,Towers with Radar,0,18,4,6,28,0,2,11,0,13,0,20,15,6,41,46,6,52,93
11/30/2022,ERI,PA,AEA,CE,Towers with Radar,0,9,5,0,14,0,0,0,0,0,0,9,5,0,14,0,0,0,14
12/01/2022,ERI,PA,AEA,CE,Towers with Radar,0,26,4,0,30,0,0,0,0,0,0,26,4,0,30,30,0,30,60
12/02/2022,ERI,PA,AEA,CE,Towers with Radar,0,15,11,0,26,0,0,4,0,4,0,15,15,0,30,24,0,24,54
12/03/2022,ERI,PA,AEA,CE,Towers with Radar,0,14,1,0,15,0,0,2,0,2,0,14,3,0,17,2,0,2,19
12/04/2022,ERI,PA,AEA,CE,Towers with Radar,0,17,15,0,32,0,0,11,0,11,0,17,26,0,43,31,0,31,74
12/05/2022,ERI,PA,AEA,CE,Towers with Radar,0,16,9,0,25,0,3,10,0,13,0,19,19,0,38,35,0,35,73
12/06/2022,ERI,PA,AEA,CE,Towers with Radar,0,12,7,2,21,0,0,2,0,2,0,12,9,2,23,35,12,47,70
12/07/2022,ERI,PA,AEA,CE,Towers with Radar,0,12,1,0,13,0,0,0,0,0,0,12,1,0,13,0,0,0,13
12/08/2022,ERI,PA,AEA,CE,Towers with Radar,0,15,7,2,24,0,0,0,2,2,0,15,7,4,26,40,4,44,70
12/09/2022,ERI,PA,AEA,CE,Towers with Radar,0,21,15,0,36,0,0,12,0,12,0,21,27,0,48,42,0,42,90
12/10/2022,ERI,PA,AEA,CE,Towers with Radar,0,10,11,0,21,0,2,14,0,16,0,12,25,0,37,19,0,19,56
12/11/2022,ERI,PA,AEA,CE,Towers with Radar,0,10,6,0,16,0,0,2,0,2,0,10,8,0,18,3,0,3,21
12/12/2022,ERI,PA,AEA,CE,Towers with Radar,0,12,4,0,16,0,0,1,0,1,0,12,5,0,17,7,0,7,24
12/13/2022,ERI,PA,AEA,CE,Towers with Radar,0,13,10,0,23,0,2,19,0,21,0,15,29,0,44,69,0,69,113
12/14/2022,ERI,PA,AEA,CE,Towers with Radar,0,16,12,0,28,0,0,18,0,18,0,16,30,0,46,45,2,47,93
12/15/2022,ERI,PA,AEA,CE,Towers with Radar,0,5,2,0,7,0,0,0,0,0,0,5,2,0,7,4,0,4,11
12/16/2022,ERI,PA,AEA,CE,Towers with Radar,0,14,7,0,21,0,0,5,0,5,0,14,12,0,26,36,0,36,62
12/17/2022,ERI,PA,AEA,CE,Towers with Radar,0,9,0,0,9,0,0,4,0,4,0,9,4,0,13,6,0,6,19
12/18/2022,ERI,PA,AEA,CE,Towers with Radar,0,9,8,0,17,0,0,0,0,0,0,9,8,0,17,0,0,0,17
12/19/2022,ERI,PA,AEA,CE,Towers with Radar,0,11,3,0,14,0,0,0,0,0,0,11,3,0,14,5,0,5,19
12/20/2022,ERI,PA,AEA,CE,Towers with Radar,0,10,9,2,21,0,4,24,0,28,0,14,33,2,49,44,4,48,97
12/21/2022,ERI,PA,AEA,CE,Towers with Radar,0,20,8,4,32,0,0,23,0,23,0,20,31,4,55,53,4,57,112
12/22/2022,ERI,PA,AEA,CE,Towers with Radar,0,17,2,0,19,0,0,0,0,0,0,17,2,0,19,0,0,0,19
12/23/2022,ERI,PA,AEA,CE,Towers with Radar,0,0,0,0,0,0,0,0,0,0,0,0,0,0,0,0,0,0,0
12/24/2022,ERI,PA,AEA,CE,Towers with Radar,0,7,0,0,7,0,0,0,0,0,0,7,0,0,7,0,0,0,7
12/25/2022,ERI,PA,AEA,CE,Towers with Radar,0,7,0,0,7,0,0,0,0,0,0,7,0,0,7,0,0,0,7
12/26/2022,ERI,PA,AEA,CE,Towers with Radar,0,9,2,0,11,0,0,7,0,7,0,9,9,0,18,50,0,50,68
12/27/2022,ERI,PA,AEA,CE,Towers with Radar,0,16,4,0,20,0,0,0,0,0,0,16,4,0,20,47,0,47,67
12/28/2022,ERI,PA,AEA,CE,Towers with Radar,0,11,3,0,14,0,0,13,0,13,0,11,16,0,27,29,0,29,56
12/29/2022,ERI,PA,AEA,CE,Towers with Radar,0,11,5,2,18,0,0,1,0,1,0,11,6,2,19,6,0,6,25
12/30/2022,ERI,PA,AEA,CE,Towers with Radar,0,12,3,0,15,0,2,0,0,2,0,14,3,0,17,17,0,17,34
12/31/2022,ERI,PA,AEA,CE,Towers with Radar,0,10,4,0,14,0,0,0,0,0,0,10,4,0,14,0,0,0,14
01/01/2023,ERI,PA,AEA,CE,Towers with Radar,0,9,4,0,13,0,0,0,0,0,0,9,4,0,13,2,0,2,15
01/02/2023,ERI,PA,AEA,CE,Towers with Radar,0,9,3,0,12,0,0,0,0,0,0,9,3,0,12,0,0,0,12
01/03/2023,ERI,PA,AEA,CE,Towers with Radar,0,8,1,0,9,0,0,0,0,0,0,8,1,0,9,0,0,0,9
01/04/2023,ERI,PA,AEA,CE,Towers with Radar,0,15,6,2,23,0,0,0,0,0,0,15,6,2,23,0,0,0,23
01/05/2023,ERI,PA,AEA,CE,Towers with Radar,0,17,5,0,22,0,0,30,0,30,0,17,35,0,52,96,2,98,150
01/06/2023,ERI,PA,AEA,CE,Towers with Radar,0,11,6,0,17,0,0,0,0,0,0,11,6,0,17,0,0,0,17
01/07/2023,ERI,PA,AEA,CE,Towers with Radar,0,15,3,0,18,0,0,2,0,2,0,15,5,0,20,0,0,0,20
01/08/2023,ERI,PA,AEA,CE,Towers with Radar,0,8,6,0,14,0,0,6,1,7,0,8,12,1,21,33,0,33,54
01/09/2023,ERI,PA,AEA,CE,Towers with Radar,0,12,4,0,16,0,0,11,0,11,0,12,15,0,27,50,0,50,77
01/10/2023,ERI,PA,AEA,CE,Towers with Radar,0,17,6,0,23,0,0,27,0,27,0,17,33,0,50,110,0,110,160
01/11/2023,ERI,PA,AEA,CE,Towers with Radar,0,15,4,0,19,0,1,32,0,33,0,16,36,0,52,68,0,68,120
01/12/2023,ERI,PA,AEA,CE,Towers with Radar,0,11,0,0,11,0,0,0,0,0,0,11,0,0,11,0,0,0,11
01/13/2023,ERI,PA,AEA,CE,Towers with Radar,0,12,0,0,12,0,0,0,0,0,0,12,0,0,12,0,0,0,12
01/14/2023,ERI,PA,AEA,CE,Towers with Radar,0,12,6,0,18,0,0,0,0,0,0,12,6,0,18,12,0,12,30
01/15/2023,ERI,PA,AEA,CE,Towers with Radar,0,14,13,0,27,0,0,38,0,38,0,14,51,0,65,63,0,63,128
01/16/2023,ERI,PA,AEA,CE,Towers with Radar,0,18,10,0,28,0,0,21,0,21,0,18,31,0,49,56,0,56,105
01/17/2023,ERI,PA,AEA,CE,Towers with Radar,0,15,9,0,24,0,0,0,0,0,0,15,9,0,24,12,0,12,36
01/18/2023,ERI,PA,AEA,CE,Towers with Radar,0,16,4,0,20,0,0,0,0,0,0,16,4,0,20,0,0,0,20
01/19/2023,ERI,PA,AEA,CE,Towers with Radar,0,10,8,0,18,0,0,0,0,0,0,10,8,0,18,12,0,12,30
01/20/2023,ERI,PA,AEA,CE,Towers with Radar,0,16,4,0,20,0,0,0,0,0,0,16,4,0,20,0,0,0,20
01/21/2023,ERI,PA,AEA,CE,Towers with Radar,0,14,6,0,20,0,0,1,0,1,0,14,7,0,21,1,0,1,22
01/22/2023,ERI,PA,AEA,CE,Towers with Radar,0,12,1,0,13,0,0,4,0,4,0,12,5,0,17,14,0,14,31
01/23/2023,ERI,PA,AEA,CE,Towers with Radar,0,15,4,0,19,0,0,0,0,0,0,15,4,0,19,0,0,0,19
01/24/2023,ERI,PA,AEA,CE,Towers with Radar,0,13,3,0,16,0,4,2,0,6,0,17,5,0,22,37,0,37,59
01/25/2023,ERI,PA,AEA,CE,Towers with Radar,0,18,2,0,20,0,0,0,0,0,0,18,2,0,20,0,0,0,20
01/26/2023,ERI,PA,AEA,CE,Towers with Radar,0,14,2,0,16,0,0,0,0,0,0,14,2,0,16,0,0,0,16
01/27/2023,ERI,PA,AEA,CE,Towers with Radar,0,15,5,0,20,0,1,4,0,5,0,16,9,0,25,10,0,10,35
01/28/2023,ERI,PA,AEA,CE,Towers with Radar,0,13,1,0,14,0,2,27,0,29,0,15,28,0,43,28,0,28,71
01/29/2023,ERI,PA,AEA,CE,Towers with Radar,0,9,5,0,14,0,0,0,0,0,0,9,5,0,14,5,0,5,19
01/30/2023,ERI,PA,AEA,CE,Towers with Radar,0,11,5,0,16,0,0,0,0,0,0,11,5,0,16,0,0,0,16
01/31/2023,ERI,PA,AEA,CE,Towers with Radar,0,10,5,0,15,0,0,6,0,6,0,10,11,0,21,6,0,6,27
02/01/2023,ERI,PA,AEA,CE,Towers with Radar,0,10,4,0,14,0,0,16,0,16,0,10,20,0,30,11,0,11,41
02/02/2023,ERI,PA,AEA,CE,Towers with Radar,0,16,8,0,24,0,0,20,0,20,0,16,28,0,44,32,0,32,76
02/03/2023,ERI,PA,AEA,CE,Towers with Radar,0,14,5,0,19,0,0,0,0,0,0,14,5,0,19,6,0,6,25
02/04/2023,ERI,PA,AEA,CE,Towers with Radar,0,14,9,2,25,0,0,5,0,5,0,14,14,2,30,7,0,7,37
02/05/2023,ERI,PA,AEA,CE,Towers with Radar,0,15,2,0,17,0,0,3,0,3,0,15,5,0,20,8,0,8,28
02/06/2023,ERI,PA,AEA,CE,Towers with Radar,0,13,2,0,15,0,2,2,0,4,0,15,4,0,19,94,4,98,117
02/07/2023,ERI,PA,AEA,CE,Towers with Radar,0,13,0,0,13,0,0,2,0,2,0,13,2,0,15,3,0,3,18
02/08/2023,ERI,PA,AEA,CE,Towers with Radar,0,16,16,0,32,0,0,45,0,45,0,16,61,0,77,78,0,78,155
02/09/2023,ERI,PA,AEA,CE,Towers with Radar,0,17,4,0,21,0,0,0,0,0,0,17,4,0,21,3,0,3,24
02/10/2023,ERI,PA,AEA,CE,Towers with Radar,0,18,5,0,23,0,0,0,0,0,0,18,5,0,23,10,0,10,33
02/11/2023,ERI,PA,AEA,CE,Towers with Radar,0,22,6,0,28,0,2,38,0,40,0,24,44,0,68,69,0,69,137
02/12/2023,ERI,PA,AEA,CE,Towers with Radar,0,16,13,0,29,0,0,37,0,37,0,16,50,0,66,34,0,34,100
02/13/2023,ERI,PA,AEA,CE,Towers with Radar,0,18,2,0,20,0,0,11,0,11,0,18,13,0,31,7,0,7,38
02/14/2023,ERI,PA,AEA,CE,Towers with Radar,0,17,6,0,23,0,0,35,0,35,0,17,41,0,58,58,0,58,116
02/15/2023,ERI,PA,AEA,CE,Towers with Radar,0,10,3,0,13,0,0,0,0,0,0,10,3,0,13,10,0,10,23
02/16/2023,ERI,PA,AEA,CE,Towers with Radar,0,15,3,0,18,0,0,6,0,6,0,15,9,0,24,7,0,7,31
02/17/2023,ERI,PA,AEA,CE,Towers with Radar,0,14,4,0,18,0,0,2,0,2,0,14,6,0,20,0,0,0,20
02/18/2023,ERI,PA,AEA,CE,Towers with Radar,0,13,13,0,26,0,0,16,0,16,0,13,29,0,42,4,0,4,46
02/19/2023,ERI,PA,AEA,CE,Towers with Radar,0,15,2,0,17,0,4,3,0,7,0,19,5,0,24,18,0,18,42
02/20/2023,ERI,PA,AEA,CE,Towers with Radar,0,17,5,0,22,0,0,6,0,6,0,17,11,0,28,34,0,34,62
02/21/2023,ERI,PA,AEA,CE,Towers with Radar,0,16,7,0,23,0,2,2,0,4,0,18,9,0,27,10,0,10,37
02/22/2023,ERI,PA,AEA,CE,Towers with Radar,0,10,2,0,12,0,0,0,0,0,0,10,2,0,12,0,0,0,12
02/23/2023,ERI,PA,AEA,CE,Towers with Radar,0,20,1,0,21,0,0,0,0,0,0,20,1,0,21,4,0,4,25
02/24/2023,ERI,PA,AEA,CE,Towers with Radar,0,10,7,0,17,0,0,3,0,3,0,10,10,0,20,25,0,25,45
02/25/2023,ERI,PA,AEA,CE,Towers with Radar,0,14,3,0,17,0,0,23,0,23,0,14,26,0,40,62,2,64,104
02/26/2023,ERI,PA,AEA,CE,Towers with Radar,0,16,2,0,18,0,2,10,0,12,0,18,12,0,30,8,0,8,38
02/27/2023,ERI,PA,AEA,CE,Towers with Radar,0,8,4,10,22,0,0,5,0,5,0,8,9,10,27,10,10,20,47
02/28/2023,ERI,PA,AEA,CE,Towers with Radar,0,12,6,0,18,0,0,0,0,0,0,12,6,0,18,2,0,2,20
03/01/2023,ERI,PA,AEA,CE,Towers with Radar,0,26,5,0,31,0,0,27,0,27,0,26,32,0,58,36,0,36,94
03/02/2023,ERI,PA,AEA,CE,Towers with Radar,0,20,6,0,26,0,0,0,0,0,0,20,6,0,26,18,0,18,44
03/03/2023,ERI,PA,AEA,CE,Towers with Radar,1,18,4,0,23,0,0,0,0,0,1,18,4,0,23,14,0,14,37
03/04/2023,ERI,PA,AEA,CE,Towers with Radar,2,7,0,0,9,0,0,2,0,2,2,7,2,0,11,14,0,14,25
03/05/2023,ERI,PA,AEA,CE,Towers with Radar,2,9,8,0,19,0,1,4,0,5,2,10,12,0,24,81,0,81,105
03/06/2023,ERI,PA,AEA,CE,Towers with Radar,4,12,12,0,28,0,0,14,0,14,4,12,26,0,42,19,0,19,61
03/07/2023,ERI,PA,AEA,CE,Towers with Radar,2,16,6,0,24,0,0,17,0,17,2,16,23,0,41,30,0,30,71
03/08/2023,ERI,PA,AEA,CE,Towers with Radar,2,18,0,4,24,0,0,21,4,25,2,18,21,8,49,23,20,43,92
03/09/2023,ERI,PA,AEA,CE,Towers with Radar,2,12,7,0,21,0,0,20,0,20,2,12,27,0,41,84,0,84,125
03/10/2023,ERI,PA,AEA,CE,Towers with Radar,2,8,3,0,13,0,0,0,0,0,2,8,3,0,13,0,0,0,13
03/11/2023,ERI,PA,AEA,CE,Towers with Radar,2,10,1,0,13,0,0,0,0,0,2,10,1,0,13,26,0,26,39
03/12/2023,ERI,PA,AEA,CE,Towers with Radar,2,10,2,0,14,0,0,8,0,8,2,10,10,0,22,10,0,10,32
03/13/2023,ERI,PA,AEA,CE,Towers with Radar,2,14,1,0,17,0,0,0,0,0,2,14,1,0,17,0,0,0,17
03/14/2023,ERI,PA,AEA,CE,Towers with Radar,2,8,2,0,12,0,0,0,0,0,2,8,2,0,12,0,0,0,12
03/15/2023,ERI,PA,AEA,CE,Towers with Radar,2,17,4,0,23,0,0,36,0,36,2,17,40,0,59,20,0,20,79
03/16/2023,ERI,PA,AEA,CE,Towers with Radar,2,14,11,2,29,0,2,21,2,25,2,16,32,4,54,46,2,48,102
03/17/2023,ERI,PA,AEA,CE,Towers with Radar,2,15,5,0,22,0,0,0,0,0,2,15,5,0,22,6,0,6,28
03/18/2023,ERI,PA,AEA,CE,Towers with Radar,2,9,2,0,13,0,0,0,0,0,2,9,2,0,13,0,0,0,13
03/19/2023,ERI,PA,AEA,CE,Towers with Radar,2,12,4,0,18,0,0,4,0,4,2,12,8,0,22,1,0,1,23
03/20/2023,ERI,PA,AEA,CE,Towers with Radar,2,15,4,10,31,0,0,26,0,26,2,15,30,10,57,34,8,42,99
03/21/2023,ERI,PA,AEA,CE,Towers with Radar,2,17,8,12,39,0,4,37,0,41,2,21,45,12,80,107,14,121,201
03/22/2023,ERI,PA,AEA,CE,Towers with Radar,2,18,9,6,35,0,6,6,0,12,2,24,15,6,47,20,8,28,75
03/23/2023,ERI,PA,AEA,CE,Towers with Radar,2,14,7,0,23,0,0,0,0,0,2,14,7,0,23,0,0,0,23
03/24/2023,ERI,PA,AEA,CE,Towers with Radar,2,15,4,0,21,0,0,20,0,20,2,15,24,0,41,54,0,54,95
03/25/2023,ERI,PA,AEA,CE,Towers with Radar,1,14,2,0,17,0,0,0,0,0,1,14,2,0,17,0,0,0,17
03/26/2023,ERI,PA,AEA,CE,Towers with Radar,0,17,7,0,24,0,2,23,1,26,0,19,30,1,50,34,0,34,84
03/27/2023,ERI,PA,AEA,CE,Towers with Radar,0,13,1,0,14,0,2,0,0,2,0,15,1,0,16,2,0,2,18
03/28/2023,ERI,PA,AEA,CE,Towers with Radar,0,14,6,0,20,0,0,5,0,5,0,14,11,0,25,41,0,41,66
03/29/2023,ERI,PA,AEA,CE,Towers with Radar,0,16,3,0,19,0,2,10,0,12,0,18,13,0,31,18,0,18,49
03/30/2023,ERI,PA,AEA,CE,Towers with Radar,0,33,9,4,46,0,2,37,0,39,0,35,46,4,85,73,8,81,166
03/31/2023,ERI,PA,AEA,CE,Towers with Radar,0,18,4,0,22,0,0,0,0,0,0,18,4,0,22,0,0,0,22
04/01/2023,ERI,PA,AEA,CE,Towers with Radar,0,14,3,0,17,0,0,0,0,0,0,14,3,0,17,0,0,0,17
04/02/2023,ERI,PA,AEA,CE,Towers with Radar,0,13,10,0,23,0,0,43,0,43,0,13,53,0,66,71,4,75,141
04/03/2023,ERI,PA,AEA,CE,Towers with Radar,0,16,2,0,18,0,1,17,0,18,0,17,19,0,36,30,0,30,66
04/04/2023,ERI,PA,AEA,CE,Towers with Radar,0,14,6,6,26,0,0,15,0,15,0,14,21,6,41,88,8,96,137
04/05/2023,ERI,PA,AEA,CE,Towers with Radar,0,12,2,0,14,0,0,2,0,2,0,12,4,0,16,3,0,3,19
04/06/2023,ERI,PA,AEA,CE,Towers with Radar,0,23,0,0,23,0,1,24,0,25,0,24,24,0,48,7,0,7,55
04/07/2023,ERI,PA,AEA,CE,Towers with Radar,0,20,18,0,38,0,1,40,0,41,0,21,58,0,79,42,0,42,121
04/08/2023,ERI,PA,AEA,CE,Towers with Radar,0,13,11,0,24,0,0,26,0,26,0,13,37,0,50,32,0,32,82
04/09/2023,ERI,PA,AEA,CE,Towers with Radar,0,10,4,0,14,0,0,20,0,20,0,10,24,0,34,4,0,4,38
04/10/2023,ERI,PA,AEA,CE,Towers with Radar,0,16,8,0,24,0,2,30,0,32,0,18,38,0,56,42,0,42,98
04/11/2023,ERI,PA,AEA,CE,Towers with Radar,0,13,10,0,23,0,0,11,0,11,0,13,21,0,34,19,0,19,53
04/12/2023,ERI,PA,AEA,CE,Towers with Radar,0,16,11,0,27,0,3,5,0,8,0,19,16,0,35,3,0,3,38
04/13/2023,ERI,PA,AEA,CE,Towers with Radar,1,18,12,0,31,0,2,32,0,34,1,20,44,0,65,47,0,47,112
04/14/2023,ERI,PA,AEA,CE,Towers with Radar,0,17,13,1,31,0,2,27,3,32,0,19,40,4,63,94,0,94,157
04/15/2023,ERI,PA,AEA,CE,Towers with Radar,0,16,6,2,24,0,0,25,2,27,0,16,31,4,51,43,4,47,98
04/16/2023,ERI,PA,AEA,CE,Towers with Radar,0,9,3,4,16,0,0,8,0,8,0,9,11,4,24,23,4,27,51
04/17/2023,ERI,PA,AEA,CE,Towers with Radar,0,13,5,2,20,0,0,0,0,0,0,13,5,2,20,2,2,4,24
04/18/2023,ERI,PA,AEA,CE,Towers with Radar,0,17,5,0,22,0,0,0,1,1,0,17,5,1,23,2,4,6,29
04/19/2023,ERI,PA,AEA,CE,Towers with Radar,0,18,21,0,39,0,2,20,0,22,0,20,41,0,61,62,0,62,123
04/20/2023,ERI,PA,AEA,CE,Towers with Radar,0,21,5,0,26,0,0,37,0,37,0,21,42,0,63,30,0,30,93
04/21/2023,ERI,PA,AEA,CE,Towers with Radar,0,12,9,0,21,0,0,21,0,21,0,12,30,0,42,4,0,4,46
04/22/2023,ERI,PA,AEA,CE,Towers with Radar,0,12,5,0,17,0,0,0,0,0,0,12,5,0,17,8,0,8,25
04/23/2023,ERI,PA,AEA,CE,Towers with Radar,0,11,16,0,27,0,0,0,2,2,0,11,16,2,29,13,0,13,42
04/24/2023,ERI,PA,AEA,CE,Towers with Radar,0,12,2,0,14,0,0,4,1,5,0,12,6,1,19,11,6,17,36
04/25/2023,ERI,PA,AEA,CE,Towers with Radar,0,19,10,2,31,0,0,13,0,13,0,19,23,2,44,39,0,39,83
04/26/2023,ERI,PA,AEA,CE,Towers with Radar,0,22,6,2,30,0,0,10,0,10,0,22,16,2,40,62,6,68,108
04/27/2023,ERI,PA,AEA,CE,Towers with Radar,0,23,15,2,40,0,0,40,0,40,0,23,55,2,80,50,0,50,130
04/28/2023,ERI,PA,AEA,CE,Towers with Radar,0,15,6,0,21,0,4,0,0,4,0,19,6,0,25,7,0,7,32
04/29/2023,ERI,PA,AEA,CE,Towers with Radar,0,11,11,0,22,0,0,1,0,1,0,11,12,0,23,0,0,0,23
04/30/2023,ERI,PA,AEA,CE,Towers with Radar,0,12,6,0,18,0,0,1,0,1,0,12,7,0,19,6,0,6,25
05/01/2023,ERI,PA,AEA,CE,Towers with Radar,1,16,9,0,26,0,0,1,0,1,1,16,10,0,27,6,0,6,33
05/02/2023,ERI,PA,AEA,CE,Towers with Radar,1,16,11,0,28,0,0,0,0,0,1,16,11,0,28,4,0,4,32
05/03/2023,ERI,PA,AEA,CE,Towers with Radar,0,20,7,0,27,0,0,0,0,0,0,20,7,0,27,0,0,0,27
05/04/2023,ERI,PA,AEA,CE,Towers with Radar,0,25,14,0,39,0,0,6,0,6,0,25,20,0,45,26,0,26,71
05/05/2023,ERI,PA,AEA,CE,Towers with Radar,0,17,11,0,28,0,0,22,0,22,0,17,33,0,50,33,0,33,83
05/06/2023,ERI,PA,AEA,CE,Towers with Radar,0,11,14,0,25,0,0,36,0,36,0,11,50,0,61,33,0,33,94
05/07/2023,ERI,PA,AEA,CE,Towers with Radar,0,16,15,0,31,0,0,3,0,3,0,16,18,0,34,20,0,20,54
05/08/2023,ERI,PA,AEA,CE,Towers with Radar,0,12,11,0,23,0,0,29,1,30,0,12,40,1,53,43,0,43,96
05/09/2023,ERI,PA,AEA,CE,Towers with Radar,0,18,8,0,26,0,0,27,0,27,0,18,35,0,53,38,0,38,91
05/10/2023,ERI,PA,AEA,CE,Towers with Radar,0,27,11,0,38,0,0,24,0,24,0,27,35,0,62,37,0,37,99
05/11/2023,ERI,PA,AEA,CE,Towers with Radar,0,18,8,2,28,0,0,30,0,30,0,18,38,2,58,37,2,39,97
05/12/2023,ERI,PA,AEA,CE,Towers with Radar,0,15,15,4,34,0,7,24,0,31,0,22,39,4,65,58,0,58,123
05/13/2023,ERI,PA,AEA,CE,Towers with Radar,0,14,7,0,21,0,0,22,0,22,0,14,29,0,43,37,0,37,80
05/14/2023,ERI,PA,AEA,CE,Towers with Radar,0,9,4,0,13,0,2,15,0,17,0,11,19,0,30,37,0,37,67
05/15/2023,ERI,PA,AEA,CE,Towers with Radar,0,14,10,8,32,0,2,23,0,25,0,16,33,8,57,50,8,58,115
05/16/2023,ERI,PA,AEA,CE,Towers with Radar,0,13,8,0,21,0,4,28,0,32,0,17,36,0,53,47,0,47,100
05/17/2023,ERI,PA,AEA,CE,Towers with Radar,0,15,9,0,24,0,4,16,0,20,0,19,25,0,44,17,0,17,61
05/18/2023,ERI,PA,AEA,CE,Towers with Radar,0,21,27,18,66,0,1,26,0,27,0,22,53,18,93,39,28,67,160
05/19/2023,ERI,PA,AEA,CE,Towers with Radar,0,12,12,0,24,0,0,10,0,10,0,12,22,0,34,27,0,27,61
05/20/2023,ERI,PA,AEA,CE,Towers with Radar,0,13,2,0,15,0,0,2,0,2,0,13,4,0,17,10,0,10,27
05/21/2023,ERI,PA,AEA,CE,Towers with Radar,0,13,8,0,21,0,3,23,0,26,0,16,31,0,47,95,0,95,142
05/22/2023,ERI,PA,AEA,CE,Towers with Radar,0,16,3,2,21,0,2,26,0,28,0,18,29,2,49,78,0,78,127
05/23/2023,ERI,PA,AEA,CE,Towers with Radar,0,15,17,0,32,0,1,11,0,12,0,16,28,0,44,65,1,66,110
05/24/2023,ERI,PA,AEA,CE,Towers with Radar,0,22,9,0,31,0,0,6,0,6,0,22,15,0,37,6,0,6,43
05/25/2023,ERI,PA,AEA,CE,Towers with Radar,0,20,8,0,28,0,0,24,0,24,0,20,32,0,52,46,0,46,98
05/26/2023,ERI,PA,AEA,CE,Towers with Radar,0,16,6,2,24,0,2,24,0,26,0,18,30,2,50,54,0,54,104
05/27/2023,ERI,PA,AEA,CE,Towers with Radar,0,12,7,0,19,0,0,27,0,27,0,12,34,0,46,54,0,54,100
05/28/2023,ERI,PA,AEA,CE,Towers with Radar,0,9,5,0,14,0,0,16,0,16,0,9,21,0,30,6,0,6,36
05/29/2023,ERI,PA,AEA,CE,Towers with Radar,0,11,2,0,13,0,0,18,0,18,0,11,20,0,31,30,0,30,61
05/30/2023,ERI,PA,AEA,CE,Towers with Radar,0,10,6,0,16,0,1,16,0,17,0,11,22,0,33,43,0,43,76
05/31/2023,ERI,PA,AEA,CE,Towers with Radar,0,17,11,0,28,0,1,13,0,14,0,18,24,0,42,26,0,26,68
06/01/2023,ERI,PA,AEA,CE,Towers with Radar,0,18,10,0,28,0,0,24,0,24,0,18,34,0,52,31,0,31,83
06/02/2023,ERI,PA,AEA,CE,Towers with Radar,0,21,11,0,32,0,0,19,0,19,0,21,30,0,51,53,0,53,104
06/03/2023,ERI,PA,AEA,CE,Towers with Radar,0,15,7,0,22,0,1,12,0,13,0,16,19,0,35,24,0,24,59
06/04/2023,ERI,PA,AEA,CE,Towers with Radar,0,9,2,0,11,0,1,10,0,11,0,10,12,0,22,7,1,8,30
06/05/2023,ERI,PA,AEA,CE,Towers with Radar,0,9,13,0,22,0,0,23,6,29,0,9,36,6,51,77,6,83,134
06/06/2023,ERI,PA,AEA,CE,Towers with Radar,0,12,12,0,24,0,0,22,0,22,0,12,34,0,46,37,0,37,83
06/07/2023,ERI,PA,AEA,CE,Towers with Radar,0,20,11,14,45,0,0,11,2,13,0,20,22,16,58,59,12,71,129
06/08/2023,ERI,PA,AEA,CE,Towers with Radar,0,11,22,2,35,0,2,16,3,21,0,13,38,5,56,95,0,95,151
06/09/2023,ERI,PA,AEA,CE,Towers with Radar,0,12,10,1,23,0,0,28,0,28,0,12,38,1,51,15,0,15,66
06/10/2023,ERI,PA,AEA,CE,Towers with Radar,0,8,2,0,10,0,4,16,0,20,0,12,18,0,30,61,0,61,91
06/11/2023,ERI,PA,AEA,CE,Towers with Radar,0,6,10,14,30,0,1,17,0,18,0,7,27,14,48,76,16,92,140
06/12/2023,ERI,PA,AEA,CE,Towers with Radar,0,10,10,0,20,0,0,0,0,0,0,10,10,0,20,4,0,4,24
06/13/2023,ERI,PA,AEA,CE,Towers with Radar,0,10,8,0,18,0,0,12,0,12,0,10,20,0,30,23,0,23,53
06/14/2023,ERI,PA,AEA,CE,Towers with Radar,0,11,14,1,26,0,0,11,1,12,0,11,25,2,38,12,0,12,50
06/15/2023,ERI,PA,AEA,CE,Towers with Radar,0,12,11,8,31,0,0,10,1,11,0,12,21,9,42,59,6,65,107
06/16/2023,ERI,PA,AEA,CE,Towers with Radar,0,13,3,0,16,0,0,2,0,2,0,13,5,0,18,19,0,19,37
06/17/2023,ERI,PA,AEA,CE,Towers with Radar,0,12,15,0,27,0,0,29,0,29,0,12,44,0,56,26,0,26,82
06/18/2023,ERI,PA,AEA,CE,Towers with Radar,0,6,10,0,16,0,2,28,0,30,0,8,38,0,46,25,0,25,71
06/19/2023,ERI,PA,AEA,CE,Towers with Radar,0,7,9,0,16,0,0,22,0,22,0,7,31,0,38,73,0,73,111
06/20/2023,ERI,PA,AEA,CE,Towers with Radar,0,10,6,0,16,0,2,12,0,14,0,12,18,0,30,50,0,50,80
06/21/2023,ERI,PA,AEA,CE,Towers with Radar,0,11,12,2,25,0,0,19,0,19,0,11,31,2,44,97,0,97,141
06/22/2023,ERI,PA,AEA,CE,Towers with Radar,0,11,10,0,21,0,0,18,0,18,0,11,28,0,39,42,0,42,81
06/23/2023,ERI,PA,AEA,CE,Towers with Radar,0,18,5,0,23,0,0,2,0,2,0,18,7,0,25,36,0,36,61
06/24/2023,ERI,PA,AEA,CE,Towers with Radar,0,10,6,0,16,0,0,1,0,1,0,10,7,0,17,4,0,4,21
06/25/2023,ERI,PA,AEA,CE,Towers with Radar,0,4,17,0,21,0,2,19,2,23,0,6,36,2,44,33,0,33,77
06/26/2023,ERI,PA,AEA,CE,Towers with Radar,0,12,7,0,19,0,1,2,0,3,0,13,9,0,22,8,0,8,30
06/27/2023,ERI,PA,AEA,CE,Towers with Radar,0,15,11,0,26,0,0,0,0,0,0,15,11,0,26,4,0,4,30
06/28/2023,ERI,PA,AEA,CE,Towers with Radar,0,9,12,9,30,0,0,1,5,6,0,9,13,14,36,0,28,28,64
06/29/2023,ERI,PA,AEA,CE,Towers with Radar,0,11,19,8,38,0,1,15,0,16,0,12,34,8,54,64,8,72,126
06/30/2023,ERI,PA,AEA,CE,Towers with Radar,0,10,14,0,24,0,0,13,0,13,0,10,27,0,37,44,0,44,81
07/01/2023,ERI,PA,AEA,CE,Towers with Radar,0,10,13,0,23,0,0,2,0,2,0,10,15,0,25,6,0,6,31
07/02/2023,ERI,PA,AEA,CE,Towers with Radar,0,3,6,0,9,0,0,0,0,0,0,3,6,0,9,6,0,6,15
07/03/2023,ERI,PA,AEA,CE,Towers with Radar,0,9,3,0,12,0,0,2,0,2,0,9,5,0,14,36,0,36,50
07/04/2023,ERI,PA,AEA,CE,Towers with Radar,0,4,7,0,11,0,0,20,0,20,0,4,27,0,31,40,0,40,71
07/05/2023,ERI,PA,AEA,CE,Towers with Radar,0,12,18,0,30,0,0,27,0,27,0,12,45,0,57,63,0,63,120
07/06/2023,ERI,PA,AEA,CE,Towers with Radar,0,13,13,0,26,0,0,10,0,10,0,13,23,0,36,28,0,28,64
07/07/2023,ERI,PA,AEA,CE,Towers with Radar,0,13,7,0,20,0,0,35,0,35,0,13,42,0,55,38,0,38,93
07/08/2023,ERI,PA,AEA,CE,Towers with Radar,0,11,5,0,16,0,0,39,0,39,0,11,44,0,55,78,0,78,133
07/09/2023,ERI,PA,AEA,CE,Towers with Radar,0,12,15,0,27,0,0,9,0,9,0,12,24,0,36,26,0,26,62
07/10/2023,ERI,PA,AEA,CE,Towers with Radar,0,9,9,0,18,0,4,40,0,44,0,13,49,0,62,68,0,68,130
07/11/2023,ERI,PA,AEA,CE,Towers with Radar,0,15,2,8,25,0,3,26,0,29,0,18,28,8,54,30,12,42,96
07/12/2023,ERI,PA,AEA,CE,Towers with Radar,0,7,6,0,13,0,0,7,0,7,0,7,13,0,20,64,0,64,84
07/13/2023,ERI,PA,AEA,CE,Towers with Radar,0,11,11,0,22,0,0,3,0,3,0,11,14,0,25,24,0,24,49
07/14/2023,ERI,PA,AEA,CE,Towers with Radar,0,9,21,2,32,0,0,45,2,47,0,9,66,4,79,44,0,44,123
07/15/2023,ERI,PA,AEA,CE,Towers with Radar,0,6,6,0,12,0,0,6,0,6,0,6,12,0,18,34,0,34,52
07/16/2023,ERI,PA,AEA,CE,Towers with Radar,0,11,4,0,15,0,0,5,0,5,0,11,9,0,20,26,0,26,46
07/17/2023,ERI,PA,AEA,CE,Towers with Radar,0,12,10,0,22,0,2,14,0,16,0,14,24,0,38,51,0,51,89
07/18/2023,ERI,PA,AEA,CE,Towers with Radar,0,10,17,0,27,0,0,31,0,31,0,10,48,0,58,114,0,114,172
07/19/2023,ERI,PA,AEA,CE,Towers with Radar,0,12,16,10,38,0,2,37,0,39,0,14,53,10,77,81,10,91,168
07/20/2023,ERI,PA,AEA,CE,Towers with Radar,0,13,14,0,27,0,4,6,0,10,0,17,20,0,37,39,0,39,76
07/21/2023,ERI,PA,AEA,CE,Towers with Radar,0,16,18,0,34,0,4,19,0,23,0,20,37,0,57,48,0,48,105
07/22/2023,ERI,PA,AEA,CE,Towers with Radar,0,17,13,0,30,0,1,32,2,35,0,18,45,2,65,59,0,59,124
07/23/2023,ERI,PA,AEA,CE,Towers with Radar,0,8,8,0,16,0,0,24,0,24,0,8,32,0,40,53,0,53,93
07/24/2023,ERI,PA,AEA,CE,Towers with Radar,0,19,11,2,32,0,0,26,0,26,0,19,37,2,58,54,0,54,112
07/25/2023,ERI,PA,AEA,CE,Towers with Radar,0,15,13,2,30,0,2,16,0,18,0,17,29,2,48,55,4,59,107
07/26/2023,ERI,PA,AEA,CE,Towers with Radar,0,7,7,0,14,0,0,27,0,27,0,7,34,0,41,26,0,26,67
07/27/2023,ERI,PA,AEA,CE,Towers with Radar,1,15,9,0,25,0,2,15,3,20,1,17,24,3,45,5,0,5,50
07/28/2023,ERI,PA,AEA,CE,Towers with Radar,0,12,20,4,36,0,0,16,0,16,0,12,36,4,52,20,12,32,84
07/29/2023,ERI,PA,AEA,CE,Towers with Radar,0,7,23,0,30,0,0,1,0,1,0,7,24,0,31,6,0,6,37
07/30/2023,ERI,PA,AEA,CE,Towers with Radar,1,11,8,0,20,0,0,36,0,36,1,11,44,0,56,62,0,62,118
07/31/2023,ERI,PA,AEA,CE,Towers with Radar,0,9,8,0,17,0,0,24,1,25,0,9,32,1,42,57,0,57,99
08/01/2023,ERI,PA,AEA,CE,Towers with Radar,0,11,12,3,26,0,2,49,0,51,0,13,61,3,77,76,2,78,155
08/02/2023,ERI,PA,AEA,CE,Towers with Radar,0,12,8,0,20,0,2,36,0,38,0,14,44,0,58,50,0,50,108
08/03/2023,ERI,PA,AEA,CE,Towers with Radar,0,12,10,0,22,0,3,34,0,37,0,15,44,0,59,60,0,60,119
08/04/2023,ERI,PA,AEA,CE,Towers with Radar,0,12,8,0,20,0,0,19,4,23,0,12,27,4,43,92,6,98,141
08/05/2023,ERI,PA,AEA,CE,Towers with Radar,0,8,11,0,19,0,0,15,0,15,0,8,26,0,34,36,0,36,70
08/06/2023,ERI,PA,AEA,CE,Towers with Radar,0,6,19,0,25,0,0,13,0,13,0,6,32,0,38,66,0,66,104
08/07/2023,ERI,PA,AEA,CE,Towers with Radar,0,9,3,0,12,0,0,0,0,0,0,9,3,0,12,0,0,0,12
08/08/2023,ERI,PA,AEA,CE,Towers with Radar,0,9,8,2,19,0,2,16,0,18,0,11,24,2,37,14,12,26,63
08/09/2023,ERI,PA,AEA,CE,Towers with Radar,0,10,9,0,19,0,0,32,5,37,0,10,41,5,56,46,0,46,102
08/10/2023,ERI,PA,AEA,CE,Towers with Radar,0,11,14,0,25,0,1,14,1,16,0,12,28,1,41,94,0,94,135
08/11/2023,ERI,PA,AEA,CE,Towers with Radar,0,12,17,0,29,0,0,40,1,41,0,12,57,1,70,42,2,44,114
08/12/2023,ERI,PA,AEA,CE,Towers with Radar,0,6,6,0,12,0,0,6,0,6,0,6,12,0,18,16,0,16,34
08/13/2023,ERI,PA,AEA,CE,Towers with Radar,0,11,15,0,26,0,0,43,1,44,0,11,58,1,70,64,0,64,134
08/14/2023,ERI,PA,AEA,CE,Towers with Radar,0,8,8,0,16,0,0,17,3,20,0,8,25,3,36,82,0,82,118
08/15/2023,ERI,PA,AEA,CE,Towers with Radar,0,11,15,0,26,0,0,4,0,4,0,11,19,0,30,30,0,30,60
08/16/2023,ERI,PA,AEA,CE,Towers with Radar,0,12,9,3,24,0,0,25,0,25,0,12,34,3,49,54,4,58,107
08/17/2023,ERI,PA,AEA,CE,Towers with Radar,0,12,11,0,23,0,0,4,0,4,0,12,15,0,27,6,0,6,33
08/18/2023,ERI,PA,AEA,CE,Towers with Radar,0,10,5,0,15,0,0,5,2,7,0,10,10,2,22,14,0,14,36
08/19/2023,ERI,PA,AEA,CE,Towers with Radar,0,10,8,0,18,0,3,29,0,32,0,13,37,0,50,72,0,72,122
08/20/2023,ERI,PA,AEA,CE,Towers with Radar,0,15,7,0,22,0,1,32,0,33,0,16,39,0,55,61,0,61,116
08/21/2023,ERI,PA,AEA,CE,Towers with Radar,0,8,16,0,24,0,0,3,0,3,0,8,19,0,27,46,0,46,73
08/22/2023,ERI,PA,AEA,CE,Towers with Radar,0,16,21,0,37,0,0,29,2,31,0,16,50,2,68,81,22,103,171
08/23/2023,ERI,PA,AEA,CE,Towers with Radar,0,17,2,0,19,0,0,3,2,5,0,17,5,2,24,12,16,28,52
08/24/2023,ERI,PA,AEA,CE,Towers with Radar,0,15,18,1,34,0,0,4,1,5,0,15,22,2,39,9,0,9,48
08/25/2023,ERI,PA,AEA,CE,Towers with Radar,0,14,12,0,26,0,0,1,0,1,0,14,13,0,27,17,0,17,44
08/26/2023,ERI,PA,AEA,CE,Towers with Radar,0,6,13,0,19,0,0,21,0,21,0,6,34,0,40,36,0,36,76
08/27/2023,ERI,PA,AEA,CE,Towers with Radar,0,10,5,0,15,0,0,21,0,21,0,10,26,0,36,36,0,36,72
08/28/2023,ERI,PA,AEA,CE,Towers with Radar,0,13,13,2,28,0,2,43,0,45,0,15,56,2,73,63,0,63,136
08/29/2023,ERI,PA,AEA,CE,Towers with Radar,0,16,8,3,27,0,0,21,0,21,0,16,29,3,48,44,4,48,96
08/30/2023,ERI,PA,AEA,CE,Towers with Radar,0,15,10,0,25,0,0,4,0,4,0,15,14,0,29,32,0,32,61
08/31/2023,ERI,PA,AEA,CE,Towers with Radar,0,12,10,2,24,0,2,27,0,29,0,14,37,2,53,149,0,149,202
