12/01/2007,ESN,MD,AEA,EN,Federal Contract Tower,0,1,10,0,11,0,4,98,2,104,0,5,108,2,115,96,0,96,211
12/02/2007,ESN,MD,AEA,EN,Federal Contract Tower,0,4,6,0,10,0,1,9,6,16,0,5,15,6,26,47,0,47,73
12/03/2007,ESN,MD,AEA,EN,Federal Contract Tower,0,1,4,0,5,0,0,7,0,7,0,1,11,0,12,0,0,0,12
12/04/2007,ESN,MD,AEA,EN,Federal Contract Tower,0,3,3,0,6,0,14,13,2,29,0,17,16,2,35,0,0,0,35
12/05/2007,ESN,MD,AEA,EN,Federal Contract Tower,0,2,2,0,4,0,1,10,0,11,0,3,12,0,15,6,0,6,21
12/06/2007,ESN,MD,AEA,EN,Federal Contract Tower,0,5,16,0,21,0,5,39,3,47,0,10,55,3,68,40,0,40,108
12/07/2007,ESN,MD,AEA,EN,Federal Contract Tower,0,4,7,0,11,0,1,24,4,29,0,5,31,4,40,52,0,52,92
12/08/2007,ESN,MD,AEA,EN,Federal Contract Tower,0,6,13,0,19,0,5,36,0,41,0,11,49,0,60,58,0,58,118
12/09/2007,ESN,MD,AEA,EN,Federal Contract Tower,0,7,9,0,16,0,0,2,1,3,0,7,11,1,19,0,0,0,19
12/10/2007,ESN,MD,AEA,EN,Federal Contract Tower,0,7,6,0,13,0,5,33,0,38,0,12,39,0,51,10,0,10,61
12/11/2007,ESN,MD,AEA,EN,Federal Contract Tower,0,0,21,0,21,0,4,3,0,7,0,4,24,0,28,0,0,0,28
12/12/2007,ESN,MD,AEA,EN,Federal Contract Tower,0,0,13,2,15,0,3,54,0,57,0,3,67,2,72,50,0,50,122
12/13/2007,ESN,MD,AEA,EN,Federal Contract Tower,0,0,5,0,5,0,0,9,4,13,0,0,14,4,18,0,0,0,18
12/14/2007,ESN,MD,AEA,EN,Federal Contract Tower,0,1,19,0,20,0,2,62,0,64,0,3,81,0,84,48,0,48,132
12/15/2007,ESN,MD,AEA,EN,Federal Contract Tower,0,2,7,0,9,0,2,40,0,42,0,4,47,0,51,70,0,70,121
12/16/2007,ESN,MD,AEA,EN,Federal Contract Tower,0,0,3,0,3,0,0,2,0,2,0,0,5,0,5,0,0,0,5
12/17/2007,ESN,MD,AEA,EN,Federal Contract Tower,0,5,6,0,11,0,0,4,0,4,0,5,10,0,15,0,0,0,15
12/18/2007,ESN,MD,AEA,EN,Federal Contract Tower,0,2,10,3,15,0,10,97,1,108,0,12,107,4,123,103,0,103,226
12/19/2007,ESN,MD,AEA,EN,Federal Contract Tower,0,5,17,0,22,0,9,60,2,71,0,14,77,2,93,76,0,76,169
12/20/2007,ESN,MD,AEA,EN,Federal Contract Tower,0,2,6,0,8,0,11,62,2,75,0,13,68,2,83,58,0,58,141
12/21/2007,ESN,MD,AEA,EN,Federal Contract Tower,0,5,12,0,17,0,4,52,0,56,0,9,64,0,73,41,0,41,114
12/22/2007,ESN,MD,AEA,EN,Federal Contract Tower,0,6,18,0,24,0,4,16,0,20,0,10,34,0,44,16,0,16,60
12/23/2007,ESN,MD,AEA,EN,Federal Contract Tower,0,1,7,0,8,0,0,3,0,3,0,1,10,0,11,0,0,0,11
12/24/2007,ESN,MD,AEA,EN,Federal Contract Tower,0,2,2,0,4,0,3,59,0,62,0,5,61,0,66,40,6,46,112
12/25/2007,ESN,MD,AEA,EN,Federal Contract Tower,0,4,0,0,4,0,0,21,0,21,0,4,21,0,25,10,0,10,35
12/26/2007,ESN,MD,AEA,EN,Federal Contract Tower,0,0,15,0,15,0,4,15,0,19,0,4,30,0,34,24,0,24,58
12/27/2007,ESN,MD,AEA,EN,Federal Contract Tower,0,3,20,0,23,0,2,68,0,70,0,5,88,0,93,85,6,91,184
12/28/2007,ESN,MD,AEA,EN,Federal Contract Tower,0,0,3,0,3,0,1,66,0,67,0,1,69,0,70,51,0,51,121
12/29/2007,ESN,MD,AEA,EN,Federal Contract Tower,0,6,5,0,11,0,6,28,0,34,0,12,33,0,45,40,0,40,85
12/30/2007,ESN,MD,AEA,EN,Federal Contract Tower,0,1,6,0,7,0,0,20,0,20,0,1,26,0,27,25,0,25,52
12/31/2007,ESN,MD,AEA,EN,Federal Contract Tower,0,3,4,0,7,0,11,42,0,53,0,14,46,0,60,24,0,24,84
01/01/2008,ESN,MD,AEA,EN,Federal Contract Tower,0,1,5,0,6,0,1,28,0,29,0,2,33,0,35,20,0,20,55
01/02/2008,ESN,MD,AEA,EN,Federal Contract Tower,0,2,13,0,15,0,2,10,0,12,0,4,23,0,27,0,0,0,27
01/03/2008,ESN,MD,AEA,EN,Federal Contract Tower,0,0,9,0,9,0,11,42,1,54,0,11,51,1,63,44,0,44,107
01/04/2008,ESN,MD,AEA,EN,Federal Contract Tower,0,0,13,0,13,0,3,83,4,90,0,3,96,4,103,98,8,106,209
01/05/2008,ESN,MD,AEA,EN,Federal Contract Tower,0,1,8,0,9,0,4,69,4,77,0,5,77,4,86,134,0,134,220
01/06/2008,ESN,MD,AEA,EN,Federal Contract Tower,0,2,14,0,16,0,7,82,4,93,0,9,96,4,109,132,0,132,241
01/07/2008,ESN,MD,AEA,EN,Federal Contract Tower,0,0,6,0,6,0,9,66,5,80,0,9,72,5,86,90,2,92,178
01/08/2008,ESN,MD,AEA,EN,Federal Contract Tower,0,2,6,2,10,0,5,72,3,80,0,7,78,5,90,60,4,64,154
01/09/2008,ESN,MD,AEA,EN,Federal Contract Tower,0,2,9,0,11,0,0,22,4,26,0,2,31,4,37,14,0,14,51
01/10/2008,ESN,MD,AEA,EN,Federal Contract Tower,0,2,13,0,15,0,10,41,6,57,0,12,54,6,72,38,0,38,110
01/11/2008,ESN,MD,AEA,EN,Federal Contract Tower,0,0,10,0,10,0,9,3,3,15,0,9,13,3,25,7,0,7,32
01/12/2008,ESN,MD,AEA,EN,Federal Contract Tower,0,4,10,0,14,0,6,122,2,130,0,10,132,2,144,96,0,96,240
01/13/2008,ESN,MD,AEA,EN,Federal Contract Tower,0,3,13,0,16,0,3,33,0,36,0,6,46,0,52,54,0,54,106
01/14/2008,ESN,MD,AEA,EN,Federal Contract Tower,0,5,2,0,7,0,6,7,6,19,0,11,9,6,26,10,12,22,48
01/15/2008,ESN,MD,AEA,EN,Federal Contract Tower,0,3,7,0,10,0,5,36,0,41,0,8,43,0,51,14,0,14,65
01/16/2008,ESN,MD,AEA,EN,Federal Contract Tower,0,4,16,0,20,0,15,52,0,67,0,19,68,0,87,96,0,96,183
01/17/2008,ESN,MD,AEA,EN,Federal Contract Tower,0,4,5,0,9,0,0,1,0,1,0,4,6,0,10,0,0,0,10
01/18/2008,ESN,MD,AEA,EN,Federal Contract Tower,0,7,17,0,24,0,5,37,0,42,0,12,54,0,66,42,2,44,110
01/19/2008,ESN,MD,AEA,EN,Federal Contract Tower,0,2,6,0,8,0,2,47,0,49,0,4,53,0,57,64,0,64,121
01/20/2008,ESN,MD,AEA,EN,Federal Contract Tower,0,2,11,0,13,0,11,21,0,32,0,13,32,0,45,12,4,16,61
01/21/2008,ESN,MD,AEA,EN,Federal Contract Tower,0,5,20,0,25,0,4,65,0,69,0,9,85,0,94,94,0,94,188
01/22/2008,ESN,MD,AEA,EN,Federal Contract Tower,0,5,6,0,11,0,1,25,0,26,0,6,31,0,37,34,0,34,71
01/23/2008,ESN,MD,AEA,EN,Federal Contract Tower,0,0,15,0,15,0,8,64,2,74,0,8,79,2,89,78,0,78,167
01/24/2008,ESN,MD,AEA,EN,Federal Contract Tower,0,7,11,0,18,0,3,25,0,28,0,10,36,0,46,22,2,24,70
01/25/2008,ESN,MD,AEA,EN,Federal Contract Tower,0,6,19,0,25,0,16,73,5,94,0,22,92,5,119,62,0,62,181
01/26/2008,ESN,MD,AEA,EN,Federal Contract Tower,0,2,8,0,10,0,8,54,2,64,0,10,62,2,74,126,0,126,200
01/27/2008,ESN,MD,AEA,EN,Federal Contract Tower,0,6,14,0,20,0,2,76,0,78,0,8,90,0,98,90,0,90,188
01/28/2008,ESN,MD,AEA,EN,Federal Contract Tower,0,2,7,0,9,0,4,98,1,103,0,6,105,1,112,146,0,146,258
01/29/2008,ESN,MD,AEA,EN,Federal Contract Tower,0,2,15,0,17,0,8,46,0,54,0,10,61,0,71,126,0,126,197
01/30/2008,ESN,MD,AEA,EN,Federal Contract Tower,0,6,13,0,19,0,2,33,2,37,0,8,46,2,56,28,4,32,88
01/31/2008,ESN,MD,AEA,EN,Federal Contract Tower,0,2,18,2,22,0,5,96,5,106,0,7,114,7,128,88,2,90,218
02/01/2008,ESN,MD,AEA,EN,Federal Contract Tower,0,2,4,0,6,0,0,2,0,2,0,2,6,0,8,0,0,0,8
02/02/2008,ESN,MD,AEA,EN,Federal Contract Tower,0,1,12,0,13,0,3,100,0,103,0,4,112,0,116,130,0,130,246
02/03/2008,ESN,MD,AEA,EN,Federal Contract Tower,0,2,18,0,20,0,1,67,3,71,0,3,85,3,91,62,0,62,153
02/04/2008,ESN,MD,AEA,EN,Federal Contract Tower,0,2,10,0,12,0,6,30,2,38,0,8,40,2,50,50,0,50,100
02/05/2008,ESN,MD,AEA,EN,Federal Contract Tower,0,4,5,0,9,0,1,25,0,26,0,5,30,0,35,42,0,42,77
02/06/2008,ESN,MD,AEA,EN,Federal Contract Tower,0,3,6,0,9,0,5,27,2,34,0,8,33,2,43,10,0,10,53
02/07/2008,ESN,MD,AEA,EN,Federal Contract Tower,0,1,17,1,19,0,1,40,5,46,0,2,57,6,65,28,14,42,107
02/08/2008,ESN,MD,AEA,EN,Federal Contract Tower,0,0,16,0,16,0,4,58,0,62,0,4,74,0,78,60,0,60,138
02/09/2008,ESN,MD,AEA,EN,Federal Contract Tower,0,1,5,0,6,0,8,63,10,81,0,9,68,10,87,58,0,58,145
02/10/2008,ESN,MD,AEA,EN,Federal Contract Tower,0,0,5,0,5,0,7,12,0,19,0,7,17,0,24,8,4,12,36
02/11/2008,ESN,MD,AEA,EN,Federal Contract Tower,0,2,16,0,18,0,8,14,0,22,0,10,30,0,40,20,0,20,60
02/12/2008,ESN,MD,AEA,EN,Federal Contract Tower,0,2,7,0,9,0,1,15,9,25,0,3,22,9,34,12,0,12,46
02/13/2008,ESN,MD,AEA,EN,Federal Contract Tower,0,2,6,0,8,0,0,0,0,0,0,2,6,0,8,0,0,0,8
02/14/2008,ESN,MD,AEA,EN,Federal Contract Tower,0,4,14,0,18,0,2,53,7,62,0,6,67,7,80,40,0,40,120
02/15/2008,ESN,MD,AEA,EN,Federal Contract Tower,0,0,15,0,15,0,12,72,7,91,0,12,87,7,106,108,0,108,214
02/16/2008,ESN,MD,AEA,EN,Federal Contract Tower,0,0,8,0,8,0,7,70,0,77,0,7,78,0,85,158,0,158,243
02/17/2008,ESN,MD,AEA,EN,Federal Contract Tower,0,1,10,0,11,0,10,27,0,37,0,11,37,0,48,14,0,14,62
02/18/2008,ESN,MD,AEA,EN,Federal Contract Tower,0,3,5,0,8,0,3,13,5,21,0,6,18,5,29,30,0,30,59
02/19/2008,ESN,MD,AEA,EN,Federal Contract Tower,0,0,6,0,6,0,2,34,0,36,0,2,40,0,42,72,0,72,114
02/20/2008,ESN,MD,AEA,EN,Federal Contract Tower,0,0,12,0,12,0,2,22,0,24,0,2,34,0,36,38,0,38,74
02/21/2008,ESN,MD,AEA,EN,Federal Contract Tower,0,5,14,0,19,0,3,47,0,50,0,8,61,0,69,78,0,78,147
02/22/2008,ESN,MD,AEA,EN,Federal Contract Tower,0,1,7,0,8,0,0,0,0,0,0,1,7,0,8,0,0,0,8
02/23/2008,ESN,MD,AEA,EN,Federal Contract Tower,0,2,9,0,11,0,0,2,0,2,0,2,11,0,13,0,0,0,13
02/24/2008,ESN,MD,AEA,EN,Federal Contract Tower,0,1,14,0,15,0,2,95,4,101,0,3,109,4,116,82,0,82,198
02/25/2008,ESN,MD,AEA,EN,Federal Contract Tower,0,2,10,0,12,0,5,60,0,65,0,7,70,0,77,106,0,106,183
02/26/2008,ESN,MD,AEA,EN,Federal Contract Tower,0,1,6,0,7,0,0,9,0,9,0,1,15,0,16,20,0,20,36
02/27/2008,ESN,MD,AEA,EN,Federal Contract Tower,0,2,9,0,11,0,8,32,5,45,0,10,41,5,56,40,2,42,98
02/28/2008,ESN,MD,AEA,EN,Federal Contract Tower,0,0,8,1,9,0,10,21,1,32,0,10,29,2,41,32,2,34,75
02/29/2008,ESN,MD,AEA,EN,Federal Contract Tower,0,2,14,0,16,0,7,19,4,30,0,9,33,4,46,74,3,77,123
03/01/2008,ESN,MD,AEA,EN,Federal Contract Tower,0,0,2,4,6,0,3,14,6,23,0,3,16,10,29,12,0,12,41
03/02/2008,ESN,MD,AEA,EN,Federal Contract Tower,0,3,11,0,14,0,3,106,8,117,0,6,117,8,131,92,0,92,223
03/03/2008,ESN,MD,AEA,EN,Federal Contract Tower,0,1,9,0,10,0,2,61,0,63,0,3,70,0,73,42,0,42,115
03/04/2008,ESN,MD,AEA,EN,Federal Contract Tower,0,0,4,0,4,0,2,14,0,16,0,2,18,0,20,14,0,14,34
03/05/2008,ESN,MD,AEA,EN,Federal Contract Tower,0,4,7,0,11,0,4,19,0,23,0,8,26,0,34,14,0,14,48
03/06/2008,ESN,MD,AEA,EN,Federal Contract Tower,0,0,16,0,16,0,4,94,0,98,0,4,110,0,114,188,0,188,302
03/07/2008,ESN,MD,AEA,EN,Federal Contract Tower,0,0,9,2,11,0,3,2,6,11,0,3,11,8,22,0,2,2,24
03/08/2008,ESN,MD,AEA,EN,Federal Contract Tower,0,2,5,0,7,0,2,2,0,4,0,4,7,0,11,0,0,0,11
03/09/2008,ESN,MD,AEA,EN,Federal Contract Tower,0,0,9,0,9,0,6,30,6,42,0,6,39,6,51,22,0,22,73
03/10/2008,ESN,MD,AEA,EN,Federal Contract Tower,0,0,9,0,9,0,1,88,0,89,0,1,97,0,98,96,0,96,194
03/11/2008,ESN,MD,AEA,EN,Federal Contract Tower,0,3,9,1,13,0,3,71,4,78,0,6,80,5,91,80,2,82,173
03/12/2008,ESN,MD,AEA,EN,Federal Contract Tower,0,1,14,0,15,0,4,39,0,43,0,5,53,0,58,54,0,54,112
03/13/2008,ESN,MD,AEA,EN,Federal Contract Tower,0,3,20,0,23,0,13,59,5,77,0,16,79,5,100,94,0,94,194
03/14/2008,ESN,MD,AEA,EN,Federal Contract Tower,0,0,10,0,10,0,6,79,1,86,0,6,89,1,96,54,0,54,150
03/15/2008,ESN,MD,AEA,EN,Federal Contract Tower,0,3,8,0,11,0,2,58,0,60,0,5,66,0,71,68,0,68,139
03/16/2008,ESN,MD,AEA,EN,Federal Contract Tower,0,0,6,0,6,0,3,11,0,14,0,3,17,0,20,6,0,6,26
03/17/2008,ESN,MD,AEA,EN,Federal Contract Tower,0,6,5,0,11,0,7,42,2,51,0,13,47,2,62,104,0,104,166
03/18/2008,ESN,MD,AEA,EN,Federal Contract Tower,0,3,3,0,6,0,2,39,4,45,0,5,42,4,51,20,0,20,71
03/19/2008,ESN,MD,AEA,EN,Federal Contract Tower,0,1,7,0,8,0,0,4,3,7,0,1,11,3,15,0,0,0,15
03/20/2008,ESN,MD,AEA,EN,Federal Contract Tower,0,3,5,2,10,0,2,11,2,15,0,5,16,4,25,0,0,0,25
03/21/2008,ESN,MD,AEA,EN,Federal Contract Tower,0,0,11,0,11,0,10,89,2,101,0,10,100,2,112,101,0,101,213
03/22/2008,ESN,MD,AEA,EN,Federal Contract Tower,0,0,4,0,4,0,6,44,0,50,0,6,48,0,54,76,0,76,130
03/23/2008,ESN,MD,AEA,EN,Federal Contract Tower,0,0,15,0,15,0,6,96,4,106,0,6,111,4,121,64,2,66,187
03/24/2008,ESN,MD,AEA,EN,Federal Contract Tower,0,2,14,0,16,0,7,61,0,68,0,9,75,0,84,122,0,122,206
03/25/2008,ESN,MD,AEA,EN,Federal Contract Tower,0,0,9,0,9,0,1,74,2,77,0,1,83,2,86,54,0,54,140
03/26/2008,ESN,MD,AEA,EN,Federal Contract Tower,0,0,8,0,8,0,3,60,9,72,0,3,68,9,80,30,2,32,112
03/27/2008,ESN,MD,AEA,EN,Federal Contract Tower,0,0,16,1,17,0,4,43,2,49,0,4,59,3,66,54,2,56,122
03/28/2008,ESN,MD,AEA,EN,Federal Contract Tower,0,2,9,0,11,0,11,60,8,79,0,13,69,8,90,78,0,78,168
03/29/2008,ESN,MD,AEA,EN,Federal Contract Tower,0,4,6,0,10,0,4,66,1,71,0,8,72,1,81,38,0,38,119
03/30/2008,ESN,MD,AEA,EN,Federal Contract Tower,0,3,7,0,10,0,4,126,3,133,0,7,133,3,143,122,0,122,265
03/31/2008,ESN,MD,AEA,EN,Federal Contract Tower,0,6,10,0,16,0,0,5,0,5,0,6,15,0,21,0,0,0,21
04/01/2008,ESN,MD,AEA,EN,Federal Contract Tower,0,4,10,0,14,0,4,5,1,10,0,8,15,1,24,0,0,0,24
04/02/2008,ESN,MD,AEA,EN,Federal Contract Tower,0,0,10,0,10,0,2,76,0,78,0,2,86,0,88,40,0,40,128
04/03/2008,ESN,MD,AEA,EN,Federal Contract Tower,0,0,9,0,9,0,2,35,9,46,0,2,44,9,55,54,0,54,109
04/04/2008,ESN,MD,AEA,EN,Federal Contract Tower,0,1,6,0,7,0,0,11,0,11,0,1,17,0,18,12,0,12,30
04/05/2008,ESN,MD,AEA,EN,Federal Contract Tower,0,0,5,0,5,0,6,58,2,66,0,6,63,2,71,56,0,56,127
04/06/2008,ESN,MD,AEA,EN,Federal Contract Tower,0,3,16,0,19,0,0,3,4,7,0,3,19,4,26,0,0,0,26
04/07/2008,ESN,MD,AEA,EN,Federal Contract Tower,0,1,24,2,27,0,0,11,1,12,0,1,35,3,39,0,0,0,39
04/08/2008,ESN,MD,AEA,EN,Federal Contract Tower,0,1,14,0,15,0,0,2,0,2,0,1,16,0,17,0,0,0,17
04/09/2008,ESN,MD,AEA,EN,Federal Contract Tower,0,0,22,4,26,0,0,32,0,32,0,0,54,4,58,32,0,32,90
04/10/2008,ESN,MD,AEA,EN,Federal Contract Tower,0,7,24,2,33,0,4,40,4,48,0,11,64,6,81,64,0,64,145
04/11/2008,ESN,MD,AEA,EN,Federal Contract Tower,0,1,21,0,22,0,3,65,4,72,0,4,86,4,94,54,8,62,156
04/12/2008,ESN,MD,AEA,EN,Federal Contract Tower,0,2,14,0,16,0,4,30,0,34,0,6,44,0,50,42,0,42,92
04/13/2008,ESN,MD,AEA,EN,Federal Contract Tower,0,2,19,0,21,0,12,63,0,75,0,14,82,0,96,76,0,76,172
04/14/2008,ESN,MD,AEA,EN,Federal Contract Tower,0,0,14,2,16,0,2,66,2,70,0,2,80,4,86,64,0,64,150
04/15/2008,ESN,MD,AEA,EN,Federal Contract Tower,0,6,9,0,15,0,5,70,0,75,0,11,79,0,90,38,0,38,128
04/16/2008,ESN,MD,AEA,EN,Federal Contract Tower,0,2,16,1,19,0,2,108,13,123,0,4,124,14,142,80,4,84,226
04/17/2008,ESN,MD,AEA,EN,Federal Contract Tower,0,2,22,0,24,0,4,121,0,125,0,6,143,0,149,82,0,82,231
04/18/2008,ESN,MD,AEA,EN,Federal Contract Tower,0,0,1,0,1,0,4,17,0,21,0,4,18,0,22,4,10,14,36
04/19/2008,ESN,MD,AEA,EN,Federal Contract Tower,0,0,0,0,0,0,3,37,3,43,0,3,37,3,43,8,0,8,51
04/20/2008,ESN,MD,AEA,EN,Federal Contract Tower,0,0,3,0,3,0,0,7,0,7,0,0,10,0,10,12,0,12,22
04/21/2008,ESN,MD,AEA,EN,Federal Contract Tower,0,1,16,0,17,0,0,2,0,2,0,1,18,0,19,0,0,0,19
04/22/2008,ESN,MD,AEA,EN,Federal Contract Tower,0,4,10,0,14,0,4,31,2,37,0,8,41,2,51,12,0,12,63
04/23/2008,ESN,MD,AEA,EN,Federal Contract Tower,0,0,12,0,12,0,5,89,0,94,0,5,101,0,106,80,0,80,186
04/24/2008,ESN,MD,AEA,EN,Federal Contract Tower,0,2,6,0,8,0,11,80,0,91,0,13,86,0,99,118,0,118,217
04/25/2008,ESN,MD,AEA,EN,Federal Contract Tower,0,8,18,2,28,0,0,87,2,89,0,8,105,4,117,94,0,94,211
04/26/2008,ESN,MD,AEA,EN,Federal Contract Tower,0,5,7,0,12,0,4,80,0,84,0,9,87,0,96,162,2,164,260
04/27/2008,ESN,MD,AEA,EN,Federal Contract Tower,0,1,26,0,27,0,0,2,4,6,0,1,28,4,33,0,0,0,33
04/28/2008,ESN,MD,AEA,EN,Federal Contract Tower,0,3,5,0,8,0,0,0,0,0,0,3,5,0,8,0,0,0,8
04/29/2008,ESN,MD,AEA,EN,Federal Contract Tower,0,0,18,0,18,0,4,56,0,60,0,4,74,0,78,38,0,38,116
04/30/2008,ESN,MD,AEA,EN,Federal Contract Tower,0,1,12,2,15,0,5,104,0,109,0,6,116,2,124,92,0,92,216
05/01/2008,ESN,MD,AEA,EN,Federal Contract Tower,0,2,18,2,22,0,10,83,6,99,0,12,101,8,121,60,0,60,181
05/02/2008,ESN,MD,AEA,EN,Federal Contract Tower,0,1,25,8,34,0,17,186,14,217,0,18,211,22,251,104,6,110,361
05/03/2008,ESN,MD,AEA,EN,Federal Contract Tower,0,4,26,0,30,0,7,177,2,186,0,11,203,2,216,138,2,140,356
05/04/2008,ESN,MD,AEA,EN,Federal Contract Tower,0,6,22,1,29,0,7,108,2,117,0,13,130,3,146,50,0,50,196
05/05/2008,ESN,MD,AEA,EN,Federal Contract Tower,0,1,10,0,11,0,7,48,2,57,0,8,58,2,68,82,4,86,154
05/06/2008,ESN,MD,AEA,EN,Federal Contract Tower,0,2,20,0,22,0,7,95,21,123,0,9,115,21,145,108,6,114,259
05/07/2008,ESN,MD,AEA,EN,Federal Contract Tower,0,0,11,0,11,0,3,90,2,95,0,3,101,2,106,132,0,132,238
05/08/2008,ESN,MD,AEA,EN,Federal Contract Tower,0,0,21,0,21,0,4,12,0,16,0,4,33,0,37,16,0,16,53
05/09/2008,ESN,MD,AEA,EN,Federal Contract Tower,0,2,16,0,18,0,0,2,0,2,0,2,18,0,20,0,0,0,20
05/10/2008,ESN,MD,AEA,EN,Federal Contract Tower,0,2,17,0,19,0,6,23,0,29,0,8,40,0,48,46,0,46,94
05/11/2008,ESN,MD,AEA,EN,Federal Contract Tower,0,1,15,0,16,0,4,40,4,48,0,5,55,4,64,40,2,42,106
05/12/2008,ESN,MD,AEA,EN,Federal Contract Tower,0,2,9,0,11,0,0,1,0,1,0,2,10,0,12,0,0,0,12
05/13/2008,ESN,MD,AEA,EN,Federal Contract Tower,0,3,10,3,16,0,9,75,2,86,0,12,85,5,102,120,6,126,228
05/14/2008,ESN,MD,AEA,EN,Federal Contract Tower,0,0,11,1,12,0,2,126,1,129,0,2,137,2,141,114,2,116,257
05/15/2008,ESN,MD,AEA,EN,Federal Contract Tower,0,0,22,0,22,0,4,84,6,94,0,4,106,6,116,100,0,100,216
05/16/2008,ESN,MD,AEA,EN,Federal Contract Tower,0,6,16,2,24,0,5,1,0,6,0,11,17,2,30,0,0,0,30
05/17/2008,ESN,MD,AEA,EN,Federal Contract Tower,0,3,19,0,22,0,6,73,4,83,0,9,92,4,105,72,0,72,177
05/18/2008,ESN,MD,AEA,EN,Federal Contract Tower,0,10,21,2,33,0,2,22,4,28,0,12,43,6,61,16,0,16,77
05/19/2008,ESN,MD,AEA,EN,Federal Contract Tower,0,4,13,0,17,0,9,25,0,34,0,13,38,0,51,14,0,14,65
05/20/2008,ESN,MD,AEA,EN,Federal Contract Tower,0,3,16,2,21,0,3,4,0,7,0,6,20,2,28,8,0,8,36
05/21/2008,ESN,MD,AEA,EN,Federal Contract Tower,0,3,10,0,13,0,4,50,2,56,0,7,60,2,69,34,10,44,113
05/22/2008,ESN,MD,AEA,EN,Federal Contract Tower,0,3,9,0,12,0,5,44,1,50,0,8,53,1,62,22,0,22,84
05/23/2008,ESN,MD,AEA,EN,Federal Contract Tower,0,5,25,0,30,0,5,100,2,107,0,10,125,2,137,58,0,58,195
05/24/2008,ESN,MD,AEA,EN,Federal Contract Tower,0,5,13,0,18,0,15,105,0,120,0,20,118,0,138,62,0,62,200
05/25/2008,ESN,MD,AEA,EN,Federal Contract Tower,0,1,10,0,11,0,6,104,0,110,0,7,114,0,121,72,0,72,193
05/26/2008,ESN,MD,AEA,EN,Federal Contract Tower,0,8,20,0,28,0,12,58,2,72,0,20,78,2,100,62,0,62,162
05/27/2008,ESN,MD,AEA,EN,Federal Contract Tower,0,4,8,0,12,0,7,35,1,43,0,11,43,1,55,64,0,64,119
05/28/2008,ESN,MD,AEA,EN,Federal Contract Tower,0,5,11,0,16,0,5,45,4,54,0,10,56,4,70,110,0,110,180
05/29/2008,ESN,MD,AEA,EN,Federal Contract Tower,0,3,22,0,25,0,4,86,0,90,0,7,108,0,115,138,0,138,253
05/30/2008,ESN,MD,AEA,EN,Federal Contract Tower,0,2,17,2,21,0,7,81,0,88,0,9,98,2,109,54,0,54,163
05/31/2008,ESN,MD,AEA,EN,Federal Contract Tower,0,10,7,0,17,0,3,22,0,25,0,13,29,0,42,18,0,18,60
06/01/2008,ESN,MD,AEA,EN,Federal Contract Tower,0,4,16,0,20,0,10,47,3,60,0,14,63,3,80,50,0,50,130
06/02/2008,ESN,MD,AEA,EN,Federal Contract Tower,0,1,13,0,14,0,10,63,0,73,0,11,76,0,87,70,0,70,157
06/03/2008,ESN,MD,AEA,EN,Federal Contract Tower,0,3,15,1,19,0,9,73,0,82,0,12,88,1,101,82,0,82,183
06/04/2008,ESN,MD,AEA,EN,Federal Contract Tower,0,1,5,0,6,0,2,12,4,18,0,3,17,4,24,8,4,12,36
06/05/2008,ESN,MD,AEA,EN,Federal Contract Tower,0,3,14,0,17,0,7,27,2,36,0,10,41,2,53,26,0,26,79
06/06/2008,ESN,MD,AEA,EN,Federal Contract Tower,0,5,21,1,27,0,4,56,3,63,0,9,77,4,90,54,0,54,144
06/07/2008,ESN,MD,AEA,EN,Federal Contract Tower,0,4,34,0,38,0,9,36,4,49,0,13,70,4,87,20,6,26,113
06/08/2008,ESN,MD,AEA,EN,Federal Contract Tower,0,2,17,1,20,0,9,54,7,70,0,11,71,8,90,66,0,66,156
06/09/2008,ESN,MD,AEA,EN,Federal Contract Tower,0,0,6,0,6,0,9,33,9,51,0,9,39,9,57,88,8,96,153
06/10/2008,ESN,MD,AEA,EN,Federal Contract Tower,0,0,17,0,17,0,9,31,9,49,0,9,48,9,66,74,0,74,140
06/11/2008,ESN,MD,AEA,EN,Federal Contract Tower,0,2,5,0,7,0,6,97,7,110,0,8,102,7,117,96,0,96,213
06/12/2008,ESN,MD,AEA,EN,Federal Contract Tower,0,4,14,0,18,0,12,81,3,96,0,16,95,3,114,88,0,88,202
06/13/2008,ESN,MD,AEA,EN,Federal Contract Tower,0,2,18,0,20,0,9,99,5,113,0,11,117,5,133,40,0,40,173
06/14/2008,ESN,MD,AEA,EN,Federal Contract Tower,0,4,14,0,18,0,0,103,5,108,0,4,117,5,126,63,0,63,189
06/15/2008,ESN,MD,AEA,EN,Federal Contract Tower,0,2,24,0,26,0,12,41,0,53,0,14,65,0,79,22,0,22,101
06/16/2008,ESN,MD,AEA,EN,Federal Contract Tower,0,10,11,0,21,0,5,38,0,43,0,15,49,0,64,34,0,34,98
06/17/2008,ESN,MD,AEA,EN,Federal Contract Tower,0,4,15,0,19,0,3,72,0,75,0,7,87,0,94,56,0,56,150
06/18/2008,ESN,MD,AEA,EN,Federal Contract Tower,0,2,12,2,16,0,4,81,2,87,0,6,93,4,103,84,6,90,193
06/19/2008,ESN,MD,AEA,EN,Federal Contract Tower,0,3,11,0,14,0,4,78,1,83,0,7,89,1,97,88,0,88,185
06/20/2008,ESN,MD,AEA,EN,Federal Contract Tower,0,0,8,0,8,0,11,78,0,89,0,11,86,0,97,92,0,92,189
06/21/2008,ESN,MD,AEA,EN,Federal Contract Tower,0,2,10,2,14,0,6,109,2,117,0,8,119,4,131,63,2,65,196
06/22/2008,ESN,MD,AEA,EN,Federal Contract Tower,0,1,11,2,14,0,7,36,2,45,0,8,47,4,59,20,0,20,79
06/23/2008,ESN,MD,AEA,EN,Federal Contract Tower,0,5,13,0,18,0,1,38,0,39,0,6,51,0,57,88,0,88,145
06/24/2008,ESN,MD,AEA,EN,Federal Contract Tower,0,1,9,0,10,0,1,88,12,101,0,2,97,12,111,132,10,142,253
06/25/2008,ESN,MD,AEA,EN,Federal Contract Tower,0,6,12,0,18,0,1,81,6,88,0,7,93,6,106,46,0,46,152
06/26/2008,ESN,MD,AEA,EN,Federal Contract Tower,0,5,13,0,18,0,7,42,9,58,0,12,55,9,76,48,2,50,126
06/27/2008,ESN,MD,AEA,EN,Federal Contract Tower,0,4,16,0,20,0,7,75,10,92,0,11,91,10,112,42,0,42,154
06/28/2008,ESN,MD,AEA,EN,Federal Contract Tower,0,8,10,0,18,0,6,82,0,88,0,14,92,0,106,66,0,66,172
06/29/2008,ESN,MD,AEA,EN,Federal Contract Tower,0,6,10,0,16,0,6,53,4,63,0,12,63,4,79,64,0,64,143
06/30/2008,ESN,MD,AEA,EN,Federal Contract Tower,0,3,8,2,13,0,1,71,4,76,0,4,79,6,89,78,0,78,167
07/01/2008,ESN,MD,AEA,EN,Federal Contract Tower,0,5,3,0,8,0,7,59,0,66,0,12,62,0,74,130,0,130,204
07/02/2008,ESN,MD,AEA,EN,Federal Contract Tower,0,5,18,0,23,0,4,115,0,119,0,9,133,0,142,172,0,172,314
07/03/2008,ESN,MD,AEA,EN,Federal Contract Tower,0,8,22,0,30,0,2,107,1,110,0,10,129,1,140,124,0,124,264
07/04/2008,ESN,MD,AEA,EN,Federal Contract Tower,0,0,8,0,8,0,2,64,0,66,0,2,72,0,74,22,0,22,96
07/05/2008,ESN,MD,AEA,EN,Federal Contract Tower,0,6,6,1,13,0,9,7,0,16,0,15,13,1,29,2,0,2,31
07/06/2008,ESN,MD,AEA,EN,Federal Contract Tower,0,4,11,0,15,0,2,26,1,29,0,6,37,1,44,20,0,20,64
07/07/2008,ESN,MD,AEA,EN,Federal Contract Tower,0,1,15,2,18,0,5,43,0,48,0,6,58,2,66,60,0,60,126
07/08/2008,ESN,MD,AEA,EN,Federal Contract Tower,0,8,14,2,24,0,2,42,1,45,0,10,56,3,69,20,0,20,89
07/09/2008,ESN,MD,AEA,EN,Federal Contract Tower,0,4,15,1,20,0,3,55,2,60,0,7,70,3,80,90,0,90,170
07/10/2008,ESN,MD,AEA,EN,Federal Contract Tower,0,2,10,0,12,0,17,67,3,87,0,19,77,3,99,150,0,150,249
07/11/2008,ESN,MD,AEA,EN,Federal Contract Tower,0,5,23,0,28,0,4,113,2,119,0,9,136,2,147,78,0,78,225
07/12/2008,ESN,MD,AEA,EN,Federal Contract Tower,0,0,11,0,11,0,2,84,0,86,0,2,95,0,97,100,0,100,197
07/13/2008,ESN,MD,AEA,EN,Federal Contract Tower,0,4,9,0,13,0,0,35,3,38,0,4,44,3,51,14,0,14,65
07/14/2008,ESN,MD,AEA,EN,Federal Contract Tower,0,5,18,0,23,0,4,29,3,36,0,9,47,3,59,28,0,28,87
07/15/2008,ESN,MD,AEA,EN,Federal Contract Tower,0,2,7,0,9,0,8,85,7,100,0,10,92,7,109,118,0,118,227
07/16/2008,ESN,MD,AEA,EN,Federal Contract Tower,0,0,10,0,10,0,10,77,2,89,0,10,87,2,99,120,0,120,219
07/17/2008,ESN,MD,AEA,EN,Federal Contract Tower,0,6,9,0,15,0,4,56,3,63,0,10,65,3,78,70,12,82,160
07/18/2008,ESN,MD,AEA,EN,Federal Contract Tower,0,4,19,1,24,0,3,62,7,72,0,7,81,8,96,78,4,82,178
07/19/2008,ESN,MD,AEA,EN,Federal Contract Tower,0,0,3,0,3,0,2,97,3,102,0,2,100,3,105,68,0,68,173
07/20/2008,ESN,MD,AEA,EN,Federal Contract Tower,0,1,14,0,15,0,6,43,4,53,0,7,57,4,68,84,0,84,152
07/21/2008,ESN,MD,AEA,EN,Federal Contract Tower,0,1,11,0,12,0,8,53,4,65,0,9,64,4,77,48,12,60,137
07/22/2008,ESN,MD,AEA,EN,Federal Contract Tower,0,0,11,0,11,0,4,25,1,30,0,4,36,1,41,44,0,44,85
07/23/2008,ESN,MD,AEA,EN,Federal Contract Tower,0,3,6,0,9,0,5,28,0,33,0,8,34,0,42,34,0,34,76
07/24/2008,ESN,MD,AEA,EN,Federal Contract Tower,0,3,13,0,16,0,1,74,4,79,0,4,87,4,95,96,0,96,191
07/25/2008,ESN,MD,AEA,EN,Federal Contract Tower,0,4,20,0,24,0,9,86,8,103,0,13,106,8,127,78,0,78,205
07/26/2008,ESN,MD,AEA,EN,Federal Contract Tower,0,9,18,0,27,0,18,75,2,95,0,27,93,2,122,132,0,132,254
07/27/2008,ESN,MD,AEA,EN,Federal Contract Tower,0,5,10,1,16,0,3,36,4,43,0,8,46,5,59,32,0,32,91
07/28/2008,ESN,MD,AEA,EN,Federal Contract Tower,0,3,13,1,17,0,4,59,0,63,0,7,72,1,80,42,0,42,122
07/29/2008,ESN,MD,AEA,EN,Federal Contract Tower,0,3,13,0,16,0,7,45,0,52,0,10,58,0,68,76,0,76,144
07/30/2008,ESN,MD,AEA,EN,Federal Contract Tower,0,3,12,0,15,0,3,27,2,32,0,6,39,2,47,30,0,30,77
07/31/2008,ESN,MD,AEA,EN,Federal Contract Tower,0,15,10,0,25,0,1,60,0,61,0,16,70,0,86,28,20,48,134
08/01/2008,ESN,MD,AEA,EN,Federal Contract Tower,0,4,9,3,16,0,4,85,0,89,0,8,94,3,105,66,0,66,171
08/02/2008,ESN,MD,AEA,EN,Federal Contract Tower,0,3,10,0,13,0,6,27,0,33,0,9,37,0,46,28,0,28,74
08/03/2008,ESN,MD,AEA,EN,Federal Contract Tower,0,8,15,0,23,0,3,82,4,89,0,11,97,4,112,64,0,64,176
08/04/2008,ESN,MD,AEA,EN,Federal Contract Tower,0,10,7,0,17,0,9,78,0,87,0,19,85,0,104,136,0,136,240
08/05/2008,ESN,MD,AEA,EN,Federal Contract Tower,0,4,15,0,19,0,2,66,0,68,0,6,81,0,87,76,0,76,163
08/06/2008,ESN,MD,AEA,EN,Federal Contract Tower,0,1,6,0,7,0,2,62,0,64,0,3,68,0,71,68,0,68,139
08/07/2008,ESN,MD,AEA,EN,Federal Contract Tower,0,5,12,0,17,0,14,61,0,75,0,19,73,0,92,76,0,76,168
08/08/2008,ESN,MD,AEA,EN,Federal Contract Tower,0,2,15,5,22,0,6,84,2,92,0,8,99,7,114,96,0,96,210
08/09/2008,ESN,MD,AEA,EN,Federal Contract Tower,0,5,19,2,26,0,7,114,0,121,0,12,133,2,147,74,0,74,221
08/10/2008,ESN,MD,AEA,EN,Federal Contract Tower,0,7,11,1,19,0,3,39,1,43,0,10,50,2,62,36,0,36,98
08/11/2008,ESN,MD,AEA,EN,Federal Contract Tower,0,1,12,1,14,0,4,46,2,52,0,5,58,3,66,72,2,74,140
08/12/2008,ESN,MD,AEA,EN,Federal Contract Tower,0,0,18,0,18,0,4,59,2,65,0,4,77,2,83,80,6,86,169
08/13/2008,ESN,MD,AEA,EN,Federal Contract Tower,0,2,13,0,15,0,3,55,0,58,0,5,68,0,73,180,0,180,253
08/14/2008,ESN,MD,AEA,EN,Federal Contract Tower,0,1,12,0,13,0,4,55,0,59,0,5,67,0,72,90,0,90,162
08/15/2008,ESN,MD,AEA,EN,Federal Contract Tower,0,2,16,0,18,0,5,42,0,47,0,7,58,0,65,46,0,46,111
08/16/2008,ESN,MD,AEA,EN,Federal Contract Tower,0,0,14,0,14,0,3,100,0,103,0,3,114,0,117,144,0,144,261
08/17/2008,ESN,MD,AEA,EN,Federal Contract Tower,0,3,16,0,19,0,7,77,0,84,0,10,93,0,103,102,0,102,205
08/18/2008,ESN,MD,AEA,EN,Federal Contract Tower,0,1,10,0,11,0,3,68,0,71,0,4,78,0,82,144,0,144,226
08/19/2008,ESN,MD,AEA,EN,Federal Contract Tower,0,0,7,0,7,0,0,35,1,36,0,0,42,1,43,158,0,158,201
08/20/2008,ESN,MD,AEA,EN,Federal Contract Tower,0,0,16,0,16,0,6,77,11,94,0,6,93,11,110,144,0,144,254
08/21/2008,ESN,MD,AEA,EN,Federal Contract Tower,0,2,8,0,10,0,5,65,6,76,0,7,73,6,86,118,0,118,204
08/22/2008,ESN,MD,AEA,EN,Federal Contract Tower,0,2,17,1,20,0,4,65,6,75,0,6,82,7,95,58,0,58,153
08/23/2008,ESN,MD,AEA,EN,Federal Contract Tower,0,4,21,0,25,0,2,78,0,80,0,6,99,0,105,124,0,124,229
08/24/2008,ESN,MD,AEA,EN,Federal Contract Tower,0,2,13,0,15,0,4,62,0,66,0,6,75,0,81,80,0,80,161
08/25/2008,ESN,MD,AEA,EN,Federal Contract Tower,0,3,7,0,10,0,3,39,0,42,0,6,46,0,52,80,0,80,132
08/26/2008,ESN,MD,AEA,EN,Federal Contract Tower,0,2,8,0,10,0,4,74,0,78,0,6,82,0,88,50,0,50,138
08/27/2008,ESN,MD,AEA,EN,Federal Contract Tower,0,0,12,0,12,0,2,69,3,74,0,2,81,3,86,100,0,100,186
08/28/2008,ESN,MD,AEA,EN,Federal Contract Tower,0,2,12,0,14,0,0,13,12,25,0,2,25,12,39,14,0,14,53
08/29/2008,ESN,MD,AEA,EN,Federal Contract Tower,0,5,16,1,22,0,0,30,0,30,0,5,46,1,52,28,0,28,80
08/30/2008,ESN,MD,AEA,EN,Federal Contract Tower,0,5,20,0,25,0,4,12,0,16,0,9,32,0,41,30,0,30,71
08/31/2008,ESN,MD,AEA,EN,Federal Contract Tower,0,4,22,0,26,0,13,64,0,77,0,17,86,0,103,76,0,76,179
09/01/2008,ESN,MD,AEA,EN,Federal Contract Tower,0,2,20,1,23,0,7,95,0,102,0,9,115,1,125,89,0,89,214
09/02/2008,ESN,MD,AEA,EN,Federal Contract Tower,0,3,14,0,17,0,2,77,0,79,0,5,91,0,96,84,2,86,182
09/03/2008,ESN,MD,AEA,EN,Federal Contract Tower,0,1,14,0,15,0,8,69,3,80,0,9,83,3,95,44,0,44,139
09/04/2008,ESN,MD,AEA,EN,Federal Contract Tower,0,3,12,0,15,0,1,62,0,63,0,4,74,0,78,78,0,78,156
09/05/2008,ESN,MD,AEA,EN,Federal Contract Tower,0,2,10,0,12,0,6,53,0,59,0,8,63,0,71,70,0,70,141
09/06/2008,ESN,MD,AEA,EN,Federal Contract Tower,0,0,1,0,1,0,0,0,0,0,0,0,1,0,1,0,0,0,1
09/07/2008,ESN,MD,AEA,EN,Federal Contract Tower,0,12,20,0,32,0,4,76,4,84,0,16,96,4,116,44,2,46,162
09/08/2008,ESN,MD,AEA,EN,Federal Contract Tower,0,6,11,1,18,0,2,76,2,80,0,8,87,3,98,102,0,102,200
09/09/2008,ESN,MD,AEA,EN,Federal Contract Tower,0,5,7,2,14,0,1,15,2,18,0,6,22,4,32,26,2,28,60
09/10/2008,ESN,MD,AEA,EN,Federal Contract Tower,0,0,3,0,3,0,4,48,0,52,0,4,51,0,55,78,0,78,133
09/11/2008,ESN,MD,AEA,EN,Federal Contract Tower,0,2,24,0,26,0,3,65,2,70,0,5,89,2,96,104,10,114,210
09/12/2008,ESN,MD,AEA,EN,Federal Contract Tower,0,4,13,0,17,0,7,59,5,71,0,11,72,5,88,48,0,48,136
09/13/2008,ESN,MD,AEA,EN,Federal Contract Tower,0,1,16,0,17,0,7,50,4,61,0,8,66,4,78,60,0,60,138
09/14/2008,ESN,MD,AEA,EN,Federal Contract Tower,0,4,10,0,14,0,4,62,5,71,0,8,72,5,85,62,0,62,147
09/15/2008,ESN,MD,AEA,EN,Federal Contract Tower,0,7,4,0,11,0,5,38,5,48,0,12,42,5,59,66,6,72,131
09/16/2008,ESN,MD,AEA,EN,Federal Contract Tower,0,0,10,0,10,0,1,50,0,51,0,1,60,0,61,72,0,72,133
09/17/2008,ESN,MD,AEA,EN,Federal Contract Tower,0,0,9,0,9,0,6,95,0,101,0,6,104,0,110,80,0,80,190
09/18/2008,ESN,MD,AEA,EN,Federal Contract Tower,0,1,19,0,20,0,6,78,0,84,0,7,97,0,104,64,0,64,168
09/19/2008,ESN,MD,AEA,EN,Federal Contract Tower,0,4,14,2,20,0,1,70,6,77,0,5,84,8,97,78,0,78,175
09/20/2008,ESN,MD,AEA,EN,Federal Contract Tower,0,6,15,0,21,0,3,68,1,72,0,9,83,1,93,50,0,50,143
09/21/2008,ESN,MD,AEA,EN,Federal Contract Tower,0,5,13,1,19,0,0,82,4,86,0,5,95,5,105,108,0,108,213
09/22/2008,ESN,MD,AEA,EN,Federal Contract Tower,0,5,16,0,21,0,5,44,0,49,0,10,60,0,70,50,1,51,121
09/23/2008,ESN,MD,AEA,EN,Federal Contract Tower,0,2,11,2,15,0,4,35,4,43,0,6,46,6,58,66,0,66,124
09/24/2008,ESN,MD,AEA,EN,Federal Contract Tower,0,7,18,0,25,0,6,51,4,61,0,13,69,4,86,50,0,50,136
09/25/2008,ESN,MD,AEA,EN,Federal Contract Tower,0,9,6,0,15,0,1,11,0,12,0,10,17,0,27,0,0,0,27
09/26/2008,ESN,MD,AEA,EN,Federal Contract Tower,0,9,15,0,24,0,0,0,0,0,0,9,15,0,24,0,0,0,24
09/27/2008,ESN,MD,AEA,EN,Federal Contract Tower,0,4,20,0,24,0,0,0,0,0,0,4,20,0,24,0,0,0,24
09/28/2008,ESN,MD,AEA,EN,Federal Contract Tower,0,14,31,0,45,0,3,6,0,9,0,17,37,0,54,16,0,16,70
09/29/2008,ESN,MD,AEA,EN,Federal Contract Tower,0,5,11,0,16,0,4,68,0,72,0,9,79,0,88,110,0,110,198
09/30/2008,ESN,MD,AEA,EN,Federal Contract Tower,0,3,14,0,17,0,2,48,0,50,0,5,62,0,67,54,0,54,121
10/01/2008,ESN,MD,AEA,EN,Federal Contract Tower,0,6,11,0,17,0,0,34,0,34,0,6,45,0,51,46,0,46,97
10/02/2008,ESN,MD,AEA,EN,Federal Contract Tower,0,0,12,0,12,0,8,68,4,80,0,8,80,4,92,60,0,60,152
10/03/2008,ESN,MD,AEA,EN,Federal Contract Tower,0,3,18,0,21,0,2,175,2,179,0,5,193,2,200,130,0,130,330
10/04/2008,ESN,MD,AEA,EN,Federal Contract Tower,0,1,12,2,15,0,0,265,2,267,0,1,277,4,282,124,0,124,406
10/05/2008,ESN,MD,AEA,EN,Federal Contract Tower,0,5,11,0,16,0,2,148,0,150,0,7,159,0,166,100,0,100,266
10/06/2008,ESN,MD,AEA,EN,Federal Contract Tower,0,1,13,2,16,0,3,35,2,40,0,4,48,4,56,58,0,58,114
10/07/2008,ESN,MD,AEA,EN,Federal Contract Tower,0,2,8,2,12,0,1,68,2,71,0,3,76,4,83,120,0,120,203
10/08/2008,ESN,MD,AEA,EN,Federal Contract Tower,0,1,8,0,9,0,2,53,7,62,0,3,61,7,71,36,0,36,107
10/09/2008,ESN,MD,AEA,EN,Federal Contract Tower,0,3,16,0,19,0,0,30,0,30,0,3,46,0,49,52,0,52,101
10/10/2008,ESN,MD,AEA,EN,Federal Contract Tower,0,6,13,0,19,0,4,71,3,78,0,10,84,3,97,68,0,68,165
10/11/2008,ESN,MD,AEA,EN,Federal Contract Tower,0,3,17,0,20,0,1,87,2,90,0,4,104,2,110,118,0,118,228
10/12/2008,ESN,MD,AEA,EN,Federal Contract Tower,0,2,16,0,18,0,5,87,4,96,0,7,103,4,114,48,0,48,162
10/13/2008,ESN,MD,AEA,EN,Federal Contract Tower,0,6,15,0,21,0,2,72,0,74,0,8,87,0,95,100,0,100,195
10/14/2008,ESN,MD,AEA,EN,Federal Contract Tower,0,0,16,0,16,0,4,63,0,67,0,4,79,0,83,68,0,68,151
10/15/2008,ESN,MD,AEA,EN,Federal Contract Tower,0,0,10,0,10,0,4,66,4,74,0,4,76,4,84,102,8,110,194
10/16/2008,ESN,MD,AEA,EN,Federal Contract Tower,0,0,13,0,13,0,0,36,3,39,0,0,49,3,52,48,0,48,100
10/17/2008,ESN,MD,AEA,EN,Federal Contract Tower,0,4,18,3,25,0,2,50,6,58,0,6,68,9,83,78,0,78,161
10/18/2008,ESN,MD,AEA,EN,Federal Contract Tower,0,0,10,0,10,0,2,40,0,42,0,2,50,0,52,74,0,74,126
10/19/2008,ESN,MD,AEA,EN,Federal Contract Tower,0,4,13,1,18,0,4,38,4,46,0,8,51,5,64,74,0,74,138
10/20/2008,ESN,MD,AEA,EN,Federal Contract Tower,0,1,5,0,6,0,4,50,1,55,0,5,55,1,61,78,2,80,141
10/21/2008,ESN,MD,AEA,EN,Federal Contract Tower,0,4,5,0,9,0,2,28,0,30,0,6,33,0,39,102,4,106,145
10/22/2008,ESN,MD,AEA,EN,Federal Contract Tower,0,4,10,0,14,0,2,43,0,45,0,6,53,0,59,20,0,20,79
10/23/2008,ESN,MD,AEA,EN,Federal Contract Tower,0,5,11,0,16,0,1,85,1,87,0,6,96,1,103,76,2,78,181
10/24/2008,ESN,MD,AEA,EN,Federal Contract Tower,0,0,11,0,11,0,5,45,3,53,0,5,56,3,64,44,0,44,108
10/25/2008,ESN,MD,AEA,EN,Federal Contract Tower,0,1,9,0,10,0,0,3,1,4,0,1,12,1,14,0,0,0,14
10/26/2008,ESN,MD,AEA,EN,Federal Contract Tower,0,3,10,0,13,0,4,62,5,71,0,7,72,5,84,74,0,74,158
10/27/2008,ESN,MD,AEA,EN,Federal Contract Tower,0,1,12,0,13,0,2,21,0,23,0,3,33,0,36,30,0,30,66
10/28/2008,ESN,MD,AEA,EN,Federal Contract Tower,0,4,6,0,10,0,0,7,0,7,0,4,13,0,17,0,0,0,17
10/29/2008,ESN,MD,AEA,EN,Federal Contract Tower,0,1,2,0,3,0,2,17,2,21,0,3,19,2,24,26,0,26,50
10/30/2008,ESN,MD,AEA,EN,Federal Contract Tower,0,3,8,0,11,0,4,53,4,61,0,7,61,4,72,96,0,96,168
10/31/2008,ESN,MD,AEA,EN,Federal Contract Tower,0,7,14,4,25,0,2,99,3,104,0,9,113,7,129,48,8,56,185
11/01/2008,ESN,MD,AEA,EN,Federal Contract Tower,0,2,12,1,15,0,0,50,1,51,0,2,62,2,66,50,0,50,116
11/02/2008,ESN,MD,AEA,EN,Federal Contract Tower,0,2,16,1,19,0,4,77,0,81,0,6,93,1,100,168,0,168,268
11/03/2008,ESN,MD,AEA,EN,Federal Contract Tower,0,3,13,2,18,0,5,33,0,38,0,8,46,2,56,54,0,54,110
11/04/2008,ESN,MD,AEA,EN,Federal Contract Tower,0,0,13,0,13,0,1,0,0,1,0,1,13,0,14,0,0,0,14
11/05/2008,ESN,MD,AEA,EN,Federal Contract Tower,0,2,10,1,13,0,2,3,0,5,0,4,13,1,18,42,2,44,62
11/06/2008,ESN,MD,AEA,EN,Federal Contract Tower,0,0,26,0,26,0,2,4,0,6,0,2,30,0,32,26,0,26,58
11/07/2008,ESN,MD,AEA,EN,Federal Contract Tower,0,2,10,0,12,0,5,38,4,47,0,7,48,4,59,68,0,68,127
11/08/2008,ESN,MD,AEA,EN,Federal Contract Tower,0,2,9,0,11,0,0,6,6,12,0,2,15,6,23,16,0,16,39
11/09/2008,ESN,MD,AEA,EN,Federal Contract Tower,0,0,16,0,16,0,2,98,0,100,0,2,114,0,116,128,0,128,244
11/10/2008,ESN,MD,AEA,EN,Federal Contract Tower,0,1,5,0,6,0,2,60,2,64,0,3,65,2,70,70,4,74,144
11/11/2008,ESN,MD,AEA,EN,Federal Contract Tower,0,1,8,0,9,0,2,80,6,88,0,3,88,6,97,150,0,150,247
11/12/2008,ESN,MD,AEA,EN,Federal Contract Tower,0,1,12,2,15,0,2,57,2,61,0,3,69,4,76,108,2,110,186
11/13/2008,ESN,MD,AEA,EN,Federal Contract Tower,0,3,6,0,9,0,0,4,0,4,0,3,10,0,13,4,0,4,17
11/14/2008,ESN,MD,AEA,EN,Federal Contract Tower,0,3,12,5,20,0,0,0,0,0,0,3,12,5,20,0,0,0,20
11/15/2008,ESN,MD,AEA,EN,Federal Contract Tower,0,6,3,0,9,0,2,0,7,9,0,8,3,7,18,2,0,2,20
11/16/2008,ESN,MD,AEA,EN,Federal Contract Tower,0,4,8,1,13,0,0,11,3,14,0,4,19,4,27,14,0,14,41
11/17/2008,ESN,MD,AEA,EN,Federal Contract Tower,0,2,11,0,13,0,1,55,5,61,0,3,66,5,74,78,0,78,152
11/18/2008,ESN,MD,AEA,EN,Federal Contract Tower,0,0,8,0,8,0,1,30,2,33,0,1,38,2,41,24,2,26,67
11/19/2008,ESN,MD,AEA,EN,Federal Contract Tower,0,3,18,0,21,0,2,55,0,57,0,5,73,0,78,102,0,102,180
11/20/2008,ESN,MD,AEA,EN,Federal Contract Tower,0,3,11,0,14,0,7,44,4,55,0,10,55,4,69,40,0,40,109
11/21/2008,ESN,MD,AEA,EN,Federal Contract Tower,0,3,6,0,9,0,3,36,4,43,0,6,42,4,52,22,0,22,74
11/22/2008,ESN,MD,AEA,EN,Federal Contract Tower,0,0,15,0,15,0,3,39,6,48,0,3,54,6,63,82,2,84,147
11/23/2008,ESN,MD,AEA,EN,Federal Contract Tower,0,4,14,0,18,0,5,88,0,93,0,9,102,0,111,176,0,176,287
11/24/2008,ESN,MD,AEA,EN,Federal Contract Tower,0,4,8,0,12,0,5,28,3,36,0,9,36,3,48,60,16,76,124
11/25/2008,ESN,MD,AEA,EN,Federal Contract Tower,0,1,3,0,4,0,3,54,2,59,0,4,57,2,63,126,0,126,189
11/26/2008,ESN,MD,AEA,EN,Federal Contract Tower,0,6,19,0,25,0,5,47,0,52,0,11,66,0,77,68,0,68,145
11/27/2008,ESN,MD,AEA,EN,Federal Contract Tower,0,6,1,0,7,0,2,26,2,30,0,8,27,2,37,6,0,6,43
11/28/2008,ESN,MD,AEA,EN,Federal Contract Tower,0,2,11,0,13,0,1,70,1,72,0,3,81,1,85,136,0,136,221
11/29/2008,ESN,MD,AEA,EN,Federal Contract Tower,0,5,4,0,9,0,2,94,0,96,0,7,98,0,105,172,0,172,277
11/30/2008,ESN,MD,AEA,EN,Federal Contract Tower,0,6,11,0,17,0,0,0,0,0,0,6,11,0,17,0,0,0,17
12/01/2008,ESN,MD,AEA,EN,Federal Contract Tower,0,2,12,4,18,0,7,13,0,20,0,9,25,4,38,20,1,21,59
12/02/2008,ESN,MD,AEA,EN,Federal Contract Tower,0,0,18,1,19,0,6,48,2,56,0,6,66,3,75,146,0,146,221
12/03/2008,ESN,MD,AEA,EN,Federal Contract Tower,0,3,12,1,16,0,3,51,5,59,0,6,63,6,75,42,8,50,125
12/04/2008,ESN,MD,AEA,EN,Federal Contract Tower,0,2,11,0,13,0,3,26,2,31,0,5,37,2,44,110,10,120,164
12/05/2008,ESN,MD,AEA,EN,Federal Contract Tower,0,2,18,0,20,0,2,46,0,48,0,4,64,0,68,68,2,70,138
12/06/2008,ESN,MD,AEA,EN,Federal Contract Tower,0,2,14,0,16,0,0,53,1,54,0,2,67,1,70,30,0,30,100
12/07/2008,ESN,MD,AEA,EN,Federal Contract Tower,0,4,9,0,13,0,0,8,4,12,0,4,17,4,25,0,0,0,25
12/08/2008,ESN,MD,AEA,EN,Federal Contract Tower,0,1,10,2,13,0,6,29,1,36,0,7,39,3,49,70,4,74,123
12/09/2008,ESN,MD,AEA,EN,Federal Contract Tower,0,0,5,0,5,0,10,11,0,21,0,10,16,0,26,52,0,52,78
12/10/2008,ESN,MD,AEA,EN,Federal Contract Tower,0,0,8,2,10,0,0,2,0,2,0,0,10,2,12,0,2,2,14
12/11/2008,ESN,MD,AEA,EN,Federal Contract Tower,0,0,12,0,12,0,0,0,0,0,0,0,12,0,12,0,0,0,12
12/12/2008,ESN,MD,AEA,EN,Federal Contract Tower,0,1,3,0,4,0,2,5,2,9,0,3,8,2,13,22,0,22,35
12/13/2008,ESN,MD,AEA,EN,Federal Contract Tower,0,10,0,0,10,0,2,69,0,71,0,12,69,0,81,184,0,184,265
12/14/2008,ESN,MD,AEA,EN,Federal Contract Tower,0,4,14,0,18,0,10,73,4,87,0,14,87,4,105,102,0,102,207
12/15/2008,ESN,MD,AEA,EN,Federal Contract Tower,0,2,15,0,17,0,1,36,0,37,0,3,51,0,54,38,0,38,92
12/16/2008,ESN,MD,AEA,EN,Federal Contract Tower,0,0,11,0,11,0,2,1,0,3,0,2,12,0,14,14,0,14,28
12/17/2008,ESN,MD,AEA,EN,Federal Contract Tower,0,0,4,0,4,0,0,2,2,4,0,0,6,2,8,8,0,8,16
12/18/2008,ESN,MD,AEA,EN,Federal Contract Tower,0,3,17,0,20,0,1,66,3,70,0,4,83,3,90,34,4,38,128
12/19/2008,ESN,MD,AEA,EN,Federal Contract Tower,0,0,6,0,6,0,0,0,0,0,0,0,6,0,6,0,0,0,6
12/20/2008,ESN,MD,AEA,EN,Federal Contract Tower,0,1,13,0,14,0,2,16,2,20,0,3,29,2,34,10,0,10,44
12/21/2008,ESN,MD,AEA,EN,Federal Contract Tower,0,0,3,0,3,0,1,5,0,6,0,1,8,0,9,6,0,6,15
12/22/2008,ESN,MD,AEA,EN,Federal Contract Tower,0,2,5,0,7,0,2,8,2,12,0,4,13,2,19,2,0,2,21
12/23/2008,ESN,MD,AEA,EN,Federal Contract Tower,0,4,11,2,17,0,10,70,0,80,0,14,81,2,97,66,0,66,163
12/24/2008,ESN,MD,AEA,EN,Federal Contract Tower,0,0,4,0,4,0,4,5,0,9,0,4,9,0,13,0,0,0,13
12/25/2008,ESN,MD,AEA,EN,Federal Contract Tower,0,1,1,0,2,0,4,10,0,14,0,5,11,0,16,4,0,4,20
12/26/2008,ESN,MD,AEA,EN,Federal Contract Tower,0,5,16,0,21,0,5,55,0,60,0,10,71,0,81,102,0,102,183
12/27/2008,ESN,MD,AEA,EN,Federal Contract Tower,0,1,8,0,9,0,1,19,0,20,0,2,27,0,29,16,0,16,45
12/28/2008,ESN,MD,AEA,EN,Federal Contract Tower,0,0,11,0,11,0,2,5,0,7,0,2,16,0,18,0,0,0,18
12/29/2008,ESN,MD,AEA,EN,Federal Contract Tower,0,3,5,0,8,0,6,46,0,52,0,9,51,0,60,60,0,60,120
12/30/2008,ESN,MD,AEA,EN,Federal Contract Tower,0,1,7,0,8,0,3,54,7,64,0,4,61,7,72,50,0,50,122
12/31/2008,ESN,MD,AEA,EN,Federal Contract Tower,0,0,0,0,0,0,0,6,0,6,0,0,6,0,6,2,0,2,8
01/01/2009,ESN,MD,AEA,EN,Federal Contract Tower,0,6,10,0,16,0,1,16,0,17,0,7,26,0,33,38,0,38,71
01/02/2009,ESN,MD,AEA,EN,Federal Contract Tower,0,2,0,0,2,0,2,15,0,17,0,4,15,0,19,36,0,36,55
01/03/2009,ESN,MD,AEA,EN,Federal Contract Tower,0,3,10,0,13,0,2,86,0,88,0,5,96,0,101,92,0,92,193
01/04/2009,ESN,MD,AEA,EN,Federal Contract Tower,0,5,4,0,9,0,2,54,0,56,0,7,58,0,65,50,0,50,115
01/05/2009,ESN,MD,AEA,EN,Federal Contract Tower,0,1,13,0,14,0,3,35,0,38,0,4,48,0,52,84,0,84,136
01/06/2009,ESN,MD,AEA,EN,Federal Contract Tower,0,2,7,0,9,0,0,1,0,1,0,2,8,0,10,0,0,0,10
01/07/2009,ESN,MD,AEA,EN,Federal Contract Tower,0,1,6,0,7,0,0,0,0,0,0,1,6,0,7,0,0,0,7
01/08/2009,ESN,MD,AEA,EN,Federal Contract Tower,0,2,7,0,9,0,7,24,0,31,0,9,31,0,40,4,0,4,44
01/09/2009,ESN,MD,AEA,EN,Federal Contract Tower,0,0,6,0,6,0,8,45,3,56,0,8,51,3,62,74,0,74,136
01/10/2009,ESN,MD,AEA,EN,Federal Contract Tower,0,3,9,0,12,0,2,28,0,30,0,5,37,0,42,78,0,78,120
01/11/2009,ESN,MD,AEA,EN,Federal Contract Tower,0,3,8,0,11,0,2,22,6,30,0,5,30,6,41,34,0,34,75
01/12/2009,ESN,MD,AEA,EN,Federal Contract Tower,0,3,10,0,13,0,0,35,0,35,0,3,45,0,48,74,0,74,122
01/13/2009,ESN,MD,AEA,EN,Federal Contract Tower,0,0,9,0,9,0,5,50,3,58,0,5,59,3,67,112,0,112,179
01/14/2009,ESN,MD,AEA,EN,Federal Contract Tower,0,0,10,0,10,0,7,42,2,51,0,7,52,2,61,94,0,94,155
01/15/2009,ESN,MD,AEA,EN,Federal Contract Tower,0,0,6,0,6,0,2,19,0,21,0,2,25,0,27,26,0,26,53
01/16/2009,ESN,MD,AEA,EN,Federal Contract Tower,0,3,6,0,9,0,3,23,0,26,0,6,29,0,35,22,0,22,57
01/17/2009,ESN,MD,AEA,EN,Federal Contract Tower,0,2,10,0,12,0,2,36,0,38,0,4,46,0,50,104,0,104,154
01/18/2009,ESN,MD,AEA,EN,Federal Contract Tower,0,2,8,0,10,0,1,18,2,21,0,3,26,2,31,68,0,68,99
01/19/2009,ESN,MD,AEA,EN,Federal Contract Tower,0,1,8,0,9,0,0,0,0,0,0,1,8,0,9,0,0,0,9
01/20/2009,ESN,MD,AEA,EN,Federal Contract Tower,0,2,8,0,10,0,3,14,0,17,0,5,22,0,27,38,0,38,65
01/21/2009,ESN,MD,AEA,EN,Federal Contract Tower,0,2,11,1,14,0,6,20,1,27,0,8,31,2,41,34,0,34,75
01/22/2009,ESN,MD,AEA,EN,Federal Contract Tower,0,4,10,0,14,0,0,67,0,67,0,4,77,0,81,106,0,106,187
01/23/2009,ESN,MD,AEA,EN,Federal Contract Tower,0,0,6,2,8,0,3,78,2,83,0,3,84,4,91,128,0,128,219
01/24/2009,ESN,MD,AEA,EN,Federal Contract Tower,0,3,9,0,12,0,7,17,0,24,0,10,26,0,36,108,0,108,144
01/25/2009,ESN,MD,AEA,EN,Federal Contract Tower,0,5,5,0,10,0,5,52,0,57,0,10,57,0,67,158,0,158,225
01/26/2009,ESN,MD,AEA,EN,Federal Contract Tower,0,0,3,0,3,0,2,14,0,16,0,2,17,0,19,108,0,108,127
01/27/2009,ESN,MD,AEA,EN,Federal Contract Tower,0,0,0,0,0,0,0,0,0,0,0,0,0,0,0,0,0,0,0
01/28/2009,ESN,MD,AEA,EN,Federal Contract Tower,0,1,3,0,4,0,0,0,0,0,0,1,3,0,4,0,0,0,4
01/29/2009,ESN,MD,AEA,EN,Federal Contract Tower,0,4,8,1,13,0,1,35,1,37,0,5,43,2,50,96,0,96,146
01/30/2009,ESN,MD,AEA,EN,Federal Contract Tower,0,3,7,0,10,0,1,27,0,28,0,4,34,0,38,74,0,74,112
01/31/2009,ESN,MD,AEA,EN,Federal Contract Tower,0,0,13,0,13,0,5,21,17,43,0,5,34,17,56,170,0,170,226
02/01/2009,ESN,MD,AEA,EN,Federal Contract Tower,0,3,7,0,10,0,2,41,0,43,0,5,48,0,53,112,0,112,165
02/02/2009,ESN,MD,AEA,EN,Federal Contract Tower,0,3,6,0,9,0,0,62,0,62,0,3,68,0,71,60,0,60,131
02/03/2009,ESN,MD,AEA,EN,Federal Contract Tower,0,1,2,0,3,0,2,0,0,2,0,3,2,0,5,0,0,0,5
02/04/2009,ESN,MD,AEA,EN,Federal Contract Tower,0,1,3,0,4,0,3,24,4,31,0,4,27,4,35,74,0,74,109
02/05/2009,ESN,MD,AEA,EN,Federal Contract Tower,0,7,5,0,12,0,2,20,0,22,0,9,25,0,34,74,0,74,108
02/06/2009,ESN,MD,AEA,EN,Federal Contract Tower,0,0,10,0,10,0,1,61,2,64,0,1,71,2,74,108,0,108,182
02/07/2009,ESN,MD,AEA,EN,Federal Contract Tower,0,0,15,0,15,0,1,65,4,70,0,1,80,4,85,174,0,174,259
02/08/2009,ESN,MD,AEA,EN,Federal Contract Tower,0,2,9,0,11,0,2,63,1,66,0,4,72,1,77,90,0,90,167
02/09/2009,ESN,MD,AEA,EN,Federal Contract Tower,0,2,8,0,10,0,2,64,0,66,0,4,72,0,76,122,0,122,198
02/10/2009,ESN,MD,AEA,EN,Federal Contract Tower,0,2,6,0,8,0,4,45,2,51,0,6,51,2,59,116,4,120,179
02/11/2009,ESN,MD,AEA,EN,Federal Contract Tower,0,4,9,0,13,0,1,24,3,28,0,5,33,3,41,80,0,80,121
02/12/2009,ESN,MD,AEA,EN,Federal Contract Tower,0,1,5,0,6,0,0,2,0,2,0,1,7,0,8,10,0,10,18
02/13/2009,ESN,MD,AEA,EN,Federal Contract Tower,0,4,10,0,14,0,1,21,0,22,0,5,31,0,36,14,0,14,50
02/14/2009,ESN,MD,AEA,EN,Federal Contract Tower,0,1,12,0,13,0,0,117,0,117,0,1,129,0,130,119,0,119,249
02/15/2009,ESN,MD,AEA,EN,Federal Contract Tower,0,2,12,0,14,0,2,66,0,68,0,4,78,0,82,148,0,148,230
02/16/2009,ESN,MD,AEA,EN,Federal Contract Tower,0,1,6,0,7,0,1,74,0,75,0,2,80,0,82,110,0,110,192
02/17/2009,ESN,MD,AEA,EN,Federal Contract Tower,0,2,5,0,7,0,6,52,0,58,0,8,57,0,65,66,0,66,131
02/18/2009,ESN,MD,AEA,EN,Federal Contract Tower,0,1,3,0,4,0,2,1,0,3,0,3,4,0,7,0,0,0,7
02/19/2009,ESN,MD,AEA,EN,Federal Contract Tower,0,1,2,0,3,0,2,9,4,15,0,3,11,4,18,6,0,6,24
02/20/2009,ESN,MD,AEA,EN,Federal Contract Tower,0,1,9,3,13,0,2,2,0,4,0,3,11,3,17,0,0,0,17
02/21/2009,ESN,MD,AEA,EN,Federal Contract Tower,0,5,11,3,19,0,0,87,2,89,0,5,98,5,108,130,0,130,238
02/22/2009,ESN,MD,AEA,EN,Federal Contract Tower,0,3,10,0,13,0,2,3,0,5,0,5,13,0,18,0,0,0,18
02/23/2009,ESN,MD,AEA,EN,Federal Contract Tower,0,2,9,0,11,0,2,13,0,15,0,4,22,0,26,2,0,2,28
02/24/2009,ESN,MD,AEA,EN,Federal Contract Tower,0,0,14,0,14,0,4,41,2,47,0,4,55,2,61,64,0,64,125
02/25/2009,ESN,MD,AEA,EN,Federal Contract Tower,0,0,9,0,9,0,2,80,0,82,0,2,89,0,91,90,0,90,181
02/26/2009,ESN,MD,AEA,EN,Federal Contract Tower,0,2,4,0,6,0,4,50,6,60,0,6,54,6,66,60,0,60,126
02/27/2009,ESN,MD,AEA,EN,Federal Contract Tower,0,2,2,0,4,0,1,4,0,5,0,3,6,0,9,8,0,8,17
02/28/2009,ESN,MD,AEA,EN,Federal Contract Tower,0,1,6,0,7,0,1,39,0,40,0,2,45,0,47,104,0,104,151
03/01/2009,ESN,MD,AEA,EN,Federal Contract Tower,0,2,0,0,2,0,0,0,0,0,0,2,0,0,2,0,0,0,2
03/02/2009,ESN,MD,AEA,EN,Federal Contract Tower,0,0,1,0,1,0,0,0,0,0,0,0,1,0,1,0,0,0,1
03/03/2009,ESN,MD,AEA,EN,Federal Contract Tower,0,0,11,0,11,0,3,6,0,9,0,3,17,0,20,20,0,20,40
03/04/2009,ESN,MD,AEA,EN,Federal Contract Tower,0,4,7,0,11,0,4,31,0,35,0,8,38,0,46,62,0,62,108
03/05/2009,ESN,MD,AEA,EN,Federal Contract Tower,0,2,6,2,10,0,0,48,1,49,0,2,54,3,59,86,2,88,147
03/06/2009,ESN,MD,AEA,EN,Federal Contract Tower,0,2,5,0,7,0,0,65,0,65,0,2,70,0,72,114,0,114,186
03/07/2009,ESN,MD,AEA,EN,Federal Contract Tower,0,3,12,0,15,0,0,96,0,96,0,3,108,0,111,160,0,160,271
03/08/2009,ESN,MD,AEA,EN,Federal Contract Tower,0,0,7,0,7,0,6,99,0,105,0,6,106,0,112,126,0,126,238
03/09/2009,ESN,MD,AEA,EN,Federal Contract Tower,0,0,3,0,3,0,7,15,0,22,0,7,18,0,25,30,0,30,55
03/10/2009,ESN,MD,AEA,EN,Federal Contract Tower,0,4,18,0,22,0,1,23,0,24,0,5,41,0,46,28,0,28,74
03/11/2009,ESN,MD,AEA,EN,Federal Contract Tower,0,4,8,0,12,0,2,3,2,7,0,6,11,2,19,0,0,0,19
03/12/2009,ESN,MD,AEA,EN,Federal Contract Tower,0,4,16,0,20,0,2,59,0,61,0,6,75,0,81,38,0,38,119
03/13/2009,ESN,MD,AEA,EN,Federal Contract Tower,0,5,8,0,13,0,2,10,2,14,0,7,18,2,27,38,0,38,65
03/14/2009,ESN,MD,AEA,EN,Federal Contract Tower,0,4,3,0,7,0,3,30,0,33,0,7,33,0,40,26,0,26,66
03/15/2009,ESN,MD,AEA,EN,Federal Contract Tower,0,2,7,0,9,0,0,0,0,0,0,2,7,0,9,0,0,0,9
03/16/2009,ESN,MD,AEA,EN,Federal Contract Tower,0,0,6,0,6,0,2,5,0,7,0,2,11,0,13,10,0,10,23
03/17/2009,ESN,MD,AEA,EN,Federal Contract Tower,0,4,14,0,18,0,2,13,0,15,0,6,27,0,33,36,0,36,69
03/18/2009,ESN,MD,AEA,EN,Federal Contract Tower,0,4,17,0,21,0,1,82,2,85,0,5,99,2,106,36,0,36,142
03/19/2009,ESN,MD,AEA,EN,Federal Contract Tower,0,1,10,0,11,0,3,20,0,23,0,4,30,0,34,18,0,18,52
03/20/2009,ESN,MD,AEA,EN,Federal Contract Tower,0,4,12,0,16,0,2,43,0,45,0,6,55,0,61,62,2,64,125
03/21/2009,ESN,MD,AEA,EN,Federal Contract Tower,0,0,17,0,17,0,2,115,0,117,0,2,132,0,134,112,0,112,246
03/22/2009,ESN,MD,AEA,EN,Federal Contract Tower,0,0,10,0,10,0,1,89,0,90,0,1,99,0,100,112,2,114,214
03/23/2009,ESN,MD,AEA,EN,Federal Contract Tower,0,2,12,0,14,0,5,62,0,67,0,7,74,0,81,116,0,116,197
03/24/2009,ESN,MD,AEA,EN,Federal Contract Tower,0,2,10,0,12,0,2,59,2,63,0,4,69,2,75,60,0,60,135
03/25/2009,ESN,MD,AEA,EN,Federal Contract Tower,0,0,9,0,9,0,0,87,2,89,0,0,96,2,98,88,0,88,186
03/26/2009,ESN,MD,AEA,EN,Federal Contract Tower,0,3,8,0,11,0,0,0,0,0,0,3,8,0,11,0,0,0,11
03/27/2009,ESN,MD,AEA,EN,Federal Contract Tower,0,6,17,0,23,0,9,58,2,69,0,15,75,2,92,86,4,90,182
03/28/2009,ESN,MD,AEA,EN,Federal Contract Tower,0,0,8,0,8,0,0,0,0,0,0,0,8,0,8,0,0,0,8
03/29/2009,ESN,MD,AEA,EN,Federal Contract Tower,0,1,12,0,13,0,2,2,0,4,0,3,14,0,17,4,0,4,21
03/30/2009,ESN,MD,AEA,EN,Federal Contract Tower,0,4,11,0,15,0,4,20,0,24,0,8,31,0,39,24,18,42,81
03/31/2009,ESN,MD,AEA,EN,Federal Contract Tower,0,2,17,0,19,0,1,82,2,85,0,3,99,2,104,150,0,150,254
04/01/2009,ESN,MD,AEA,EN,Federal Contract Tower,0,2,7,0,9,0,2,4,0,6,0,4,11,0,15,16,0,16,31
04/02/2009,ESN,MD,AEA,EN,Federal Contract Tower,0,0,22,0,22,0,2,0,0,2,0,2,22,0,24,4,0,4,28
04/03/2009,ESN,MD,AEA,EN,Federal Contract Tower,0,0,1,0,1,0,1,3,4,8,0,1,4,4,9,0,0,0,9
04/04/2009,ESN,MD,AEA,EN,Federal Contract Tower,0,0,14,0,14,0,6,7,0,13,0,6,21,0,27,4,0,4,31
04/05/2009,ESN,MD,AEA,EN,Federal Contract Tower,0,0,11,0,11,0,1,103,4,108,0,1,114,4,119,154,0,154,273
04/06/2009,ESN,MD,AEA,EN,Federal Contract Tower,0,2,8,0,10,0,2,5,0,7,0,4,13,0,17,46,0,46,63
04/07/2009,ESN,MD,AEA,EN,Federal Contract Tower,0,1,18,0,19,0,1,12,0,13,0,2,30,0,32,10,0,10,42
04/08/2009,ESN,MD,AEA,EN,Federal Contract Tower,0,0,10,2,12,0,2,26,0,28,0,2,36,2,40,134,4,138,178
04/09/2009,ESN,MD,AEA,EN,Federal Contract Tower,0,0,17,0,17,0,3,79,8,90,0,3,96,8,107,162,0,162,269
04/10/2009,ESN,MD,AEA,EN,Federal Contract Tower,0,0,12,0,12,0,2,44,2,48,0,2,56,2,60,100,0,100,160
04/11/2009,ESN,MD,AEA,EN,Federal Contract Tower,0,2,18,0,20,0,1,2,0,3,0,3,20,0,23,0,0,0,23
04/12/2009,ESN,MD,AEA,EN,Federal Contract Tower,0,1,7,0,8,0,4,46,0,50,0,5,53,0,58,50,0,50,108
04/13/2009,ESN,MD,AEA,EN,Federal Contract Tower,0,4,17,0,21,0,1,68,0,69,0,5,85,0,90,178,16,194,284
04/14/2009,ESN,MD,AEA,EN,Federal Contract Tower,0,5,10,0,15,0,0,0,0,0,0,5,10,0,15,0,0,0,15
04/15/2009,ESN,MD,AEA,EN,Federal Contract Tower,0,1,5,0,6,0,0,0,0,0,0,1,5,0,6,0,0,0,6
04/16/2009,ESN,MD,AEA,EN,Federal Contract Tower,0,2,13,0,15,0,0,70,0,70,0,2,83,0,85,140,0,140,225
04/17/2009,ESN,MD,AEA,EN,Federal Contract Tower,0,6,15,1,22,0,5,125,0,130,0,11,140,1,152,146,0,146,298
04/18/2009,ESN,MD,AEA,EN,Federal Contract Tower,0,0,14,0,14,0,0,121,0,121,0,0,135,0,135,152,0,152,287
04/19/2009,ESN,MD,AEA,EN,Federal Contract Tower,0,4,27,2,33,0,2,61,6,69,0,6,88,8,102,116,0,116,218
04/20/2009,ESN,MD,AEA,EN,Federal Contract Tower,0,2,5,0,7,0,0,0,0,0,0,2,5,0,7,0,0,0,7
04/21/2009,ESN,MD,AEA,EN,Federal Contract Tower,0,0,13,2,15,0,2,42,0,44,0,2,55,2,59,66,2,68,127
04/22/2009,ESN,MD,AEA,EN,Federal Contract Tower,0,1,16,0,17,0,1,10,0,11,0,2,26,0,28,20,0,20,48
04/23/2009,ESN,MD,AEA,EN,Federal Contract Tower,0,1,8,0,9,0,4,52,0,56,0,5,60,0,65,32,0,32,97
04/24/2009,ESN,MD,AEA,EN,Federal Contract Tower,0,4,13,4,21,0,1,106,7,114,0,5,119,11,135,134,4,138,273
04/25/2009,ESN,MD,AEA,EN,Federal Contract Tower,0,3,17,0,20,0,1,93,0,94,0,4,110,0,114,142,4,146,260
04/26/2009,ESN,MD,AEA,EN,Federal Contract Tower,0,7,28,1,36,0,3,76,1,80,0,10,104,2,116,158,0,158,274
04/27/2009,ESN,MD,AEA,EN,Federal Contract Tower,0,5,10,0,15,0,5,50,0,55,0,10,60,0,70,118,4,122,192
04/28/2009,ESN,MD,AEA,EN,Federal Contract Tower,0,5,11,0,16,0,6,54,0,60,0,11,65,0,76,80,0,80,156
04/29/2009,ESN,MD,AEA,EN,Federal Contract Tower,0,3,17,0,20,0,3,5,0,8,0,6,22,0,28,26,0,26,54
04/30/2009,ESN,MD,AEA,EN,Federal Contract Tower,0,4,20,0,24,0,4,34,2,40,0,8,54,2,64,54,0,54,118
05/01/2009,ESN,MD,AEA,EN,Federal Contract Tower,0,3,17,0,20,0,1,19,0,20,0,4,36,0,40,36,0,36,76
05/02/2009,ESN,MD,AEA,EN,Federal Contract Tower,0,0,21,0,21,0,2,29,0,31,0,2,50,0,52,88,0,88,140
05/03/2009,ESN,MD,AEA,EN,Federal Contract Tower,0,2,15,0,17,0,0,0,0,0,0,2,15,0,17,0,0,0,17
05/04/2009,ESN,MD,AEA,EN,Federal Contract Tower,0,2,12,0,14,0,0,0,0,0,0,2,12,0,14,0,0,0,14
05/05/2009,ESN,MD,AEA,EN,Federal Contract Tower,0,2,11,0,13,0,1,11,0,12,0,3,22,0,25,6,0,6,31
05/06/2009,ESN,MD,AEA,EN,Federal Contract Tower,0,5,30,0,35,0,1,7,1,9,0,6,37,1,44,0,0,0,44
05/07/2009,ESN,MD,AEA,EN,Federal Contract Tower,0,2,7,0,9,0,1,9,0,10,0,3,16,0,19,18,0,18,37
05/08/2009,ESN,MD,AEA,EN,Federal Contract Tower,0,5,13,1,19,0,2,78,1,81,0,7,91,2,100,102,0,102,202
05/09/2009,ESN,MD,AEA,EN,Federal Contract Tower,0,1,7,0,8,0,2,52,0,54,0,3,59,0,62,52,0,52,114
05/10/2009,ESN,MD,AEA,EN,Federal Contract Tower,0,0,11,4,15,0,1,45,0,46,0,1,56,4,61,82,0,82,143
05/11/2009,ESN,MD,AEA,EN,Federal Contract Tower,0,1,12,0,13,0,3,31,0,34,0,4,43,0,47,64,0,64,111
05/12/2009,ESN,MD,AEA,EN,Federal Contract Tower,0,1,13,0,14,0,0,81,2,83,0,1,94,2,97,118,2,120,217
05/13/2009,ESN,MD,AEA,EN,Federal Contract Tower,0,0,11,0,11,0,1,82,0,83,0,1,93,0,94,136,0,136,230
05/14/2009,ESN,MD,AEA,EN,Federal Contract Tower,0,0,17,0,17,0,2,51,0,53,0,2,68,0,70,22,0,22,92
05/15/2009,ESN,MD,AEA,EN,Federal Contract Tower,0,8,30,0,38,0,1,104,0,105,0,9,134,0,143,36,0,36,179
05/16/2009,ESN,MD,AEA,EN,Federal Contract Tower,0,6,21,0,27,0,2,122,0,124,0,8,143,0,151,158,0,158,309
05/17/2009,ESN,MD,AEA,EN,Federal Contract Tower,0,8,9,0,17,0,1,48,0,49,0,9,57,0,66,48,0,48,114
05/18/2009,ESN,MD,AEA,EN,Federal Contract Tower,0,1,14,0,15,0,0,62,0,62,0,1,76,0,77,156,0,156,233
05/19/2009,ESN,MD,AEA,EN,Federal Contract Tower,0,2,8,0,10,0,2,75,0,77,0,4,83,0,87,100,0,100,187
05/20/2009,ESN,MD,AEA,EN,Federal Contract Tower,0,8,21,6,35,0,6,65,3,74,0,14,86,9,109,118,4,122,231
05/21/2009,ESN,MD,AEA,EN,Federal Contract Tower,0,5,6,0,11,0,0,90,0,90,0,5,96,0,101,140,0,140,241
05/22/2009,ESN,MD,AEA,EN,Federal Contract Tower,0,4,21,0,25,0,1,46,0,47,0,5,67,0,72,62,0,62,134
05/23/2009,ESN,MD,AEA,EN,Federal Contract Tower,0,4,4,0,8,0,2,105,0,107,0,6,109,0,115,132,0,132,247
05/24/2009,ESN,MD,AEA,EN,Federal Contract Tower,0,1,4,0,5,0,2,44,0,46,0,3,48,0,51,58,0,58,109
05/25/2009,ESN,MD,AEA,EN,Federal Contract Tower,0,4,11,0,15,0,1,30,0,31,0,5,41,0,46,42,0,42,88
05/26/2009,ESN,MD,AEA,EN,Federal Contract Tower,0,0,11,0,11,0,0,0,0,0,0,0,11,0,11,0,0,0,11
05/27/2009,ESN,MD,AEA,EN,Federal Contract Tower,0,0,9,0,9,0,1,9,0,10,0,1,18,0,19,0,0,0,19
05/28/2009,ESN,MD,AEA,EN,Federal Contract Tower,0,2,17,0,19,0,1,23,0,24,0,3,40,0,43,32,0,32,75
05/29/2009,ESN,MD,AEA,EN,Federal Contract Tower,0,10,14,0,24,0,1,11,0,12,0,11,25,0,36,2,0,2,38
05/30/2009,ESN,MD,AEA,EN,Federal Contract Tower,0,3,17,0,20,0,4,129,0,133,0,7,146,0,153,182,0,182,335
05/31/2009,ESN,MD,AEA,EN,Federal Contract Tower,0,10,23,0,33,0,1,80,0,81,0,11,103,0,114,128,0,128,242
06/01/2009,ESN,MD,AEA,EN,Federal Contract Tower,0,3,10,0,13,0,4,88,0,92,0,7,98,0,105,128,0,128,233
06/02/2009,ESN,MD,AEA,EN,Federal Contract Tower,0,3,4,0,7,0,5,68,1,74,0,8,72,1,81,58,0,58,139
06/03/2009,ESN,MD,AEA,EN,Federal Contract Tower,0,5,8,0,13,0,1,50,0,51,0,6,58,0,64,116,0,116,180
06/04/2009,ESN,MD,AEA,EN,Federal Contract Tower,0,5,20,0,25,0,0,0,0,0,0,5,20,0,25,0,0,0,25
06/05/2009,ESN,MD,AEA,EN,Federal Contract Tower,0,3,12,0,15,0,0,0,0,0,0,3,12,0,15,0,0,0,15
06/06/2009,ESN,MD,AEA,EN,Federal Contract Tower,0,0,44,0,44,0,1,25,0,26,0,1,69,0,70,56,0,56,126
06/07/2009,ESN,MD,AEA,EN,Federal Contract Tower,0,1,13,2,16,0,4,89,0,93,0,5,102,2,109,154,0,154,263
06/08/2009,ESN,MD,AEA,EN,Federal Contract Tower,0,0,9,0,9,0,3,56,0,59,0,3,65,0,68,132,0,132,200
06/09/2009,ESN,MD,AEA,EN,Federal Contract Tower,0,1,4,0,5,0,1,19,0,20,0,2,23,0,25,28,0,28,53
06/10/2009,ESN,MD,AEA,EN,Federal Contract Tower,0,3,19,0,22,0,3,63,0,66,0,6,82,0,88,80,22,102,190
06/11/2009,ESN,MD,AEA,EN,Federal Contract Tower,0,3,15,2,20,0,6,13,0,19,0,9,28,2,39,28,0,28,67
06/12/2009,ESN,MD,AEA,EN,Federal Contract Tower,0,5,12,0,17,0,3,63,3,69,0,8,75,3,86,90,8,98,184
06/13/2009,ESN,MD,AEA,EN,Federal Contract Tower,0,5,9,0,14,0,1,100,0,101,0,6,109,0,115,146,0,146,261
06/14/2009,ESN,MD,AEA,EN,Federal Contract Tower,0,6,27,0,33,0,5,66,1,72,0,11,93,1,105,80,2,82,187
06/15/2009,ESN,MD,AEA,EN,Federal Contract Tower,0,7,15,0,22,0,2,15,0,17,0,9,30,0,39,74,0,74,113
06/16/2009,ESN,MD,AEA,EN,Federal Contract Tower,0,1,25,0,26,0,1,31,5,37,0,2,56,5,63,80,24,104,167
06/17/2009,ESN,MD,AEA,EN,Federal Contract Tower,0,5,17,0,22,0,6,23,2,31,0,11,40,2,53,64,0,64,117
06/18/2009,ESN,MD,AEA,EN,Federal Contract Tower,0,6,18,0,24,0,2,8,0,10,0,8,26,0,34,8,0,8,42
06/19/2009,ESN,MD,AEA,EN,Federal Contract Tower,0,18,20,0,38,0,4,101,1,106,0,22,121,1,144,182,0,182,326
06/20/2009,ESN,MD,AEA,EN,Federal Contract Tower,0,3,7,0,10,0,3,6,0,9,0,6,13,0,19,0,0,0,19
06/21/2009,ESN,MD,AEA,EN,Federal Contract Tower,0,11,19,0,30,0,4,39,0,43,0,15,58,0,73,42,0,42,115
06/22/2009,ESN,MD,AEA,EN,Federal Contract Tower,0,1,7,1,9,0,17,44,6,67,0,18,51,7,76,142,0,142,218
06/23/2009,ESN,MD,AEA,EN,Federal Contract Tower,0,8,12,0,20,0,4,91,2,97,0,12,103,2,117,146,16,162,279
06/24/2009,ESN,MD,AEA,EN,Federal Contract Tower,0,1,12,0,13,0,2,102,0,104,0,3,114,0,117,150,0,150,267
06/25/2009,ESN,MD,AEA,EN,Federal Contract Tower,0,2,19,0,21,0,1,76,2,79,0,3,95,2,100,156,2,158,258
06/26/2009,ESN,MD,AEA,EN,Federal Contract Tower,0,5,15,0,20,0,9,34,0,43,0,14,49,0,63,52,0,52,115
06/27/2009,ESN,MD,AEA,EN,Federal Contract Tower,0,3,27,0,30,0,4,75,0,79,0,7,102,0,109,116,0,116,225
06/28/2009,ESN,MD,AEA,EN,Federal Contract Tower,0,4,17,0,21,0,6,48,1,55,0,10,65,1,76,94,0,94,170
06/29/2009,ESN,MD,AEA,EN,Federal Contract Tower,0,2,6,0,8,0,1,50,0,51,0,3,56,0,59,72,0,72,131
06/30/2009,ESN,MD,AEA,EN,Federal Contract Tower,0,2,21,2,25,0,4,41,0,45,0,6,62,2,70,68,0,68,138
07/01/2009,ESN,MD,AEA,EN,Federal Contract Tower,0,1,15,1,17,0,7,55,1,63,0,8,70,2,80,70,0,70,150
07/02/2009,ESN,MD,AEA,EN,Federal Contract Tower,0,3,25,0,28,0,1,62,0,63,0,4,87,0,91,87,0,87,178
07/03/2009,ESN,MD,AEA,EN,Federal Contract Tower,0,0,14,0,14,0,4,77,0,81,0,4,91,0,95,42,0,42,137
07/04/2009,ESN,MD,AEA,EN,Federal Contract Tower,0,0,6,0,6,0,2,73,0,75,0,2,79,0,81,28,0,28,109
07/05/2009,ESN,MD,AEA,EN,Federal Contract Tower,0,3,15,1,19,0,13,61,3,77,0,16,76,4,96,34,0,34,130
07/06/2009,ESN,MD,AEA,EN,Federal Contract Tower,0,6,6,0,12,0,4,59,0,63,0,10,65,0,75,92,6,98,173
07/07/2009,ESN,MD,AEA,EN,Federal Contract Tower,0,4,15,1,20,0,3,76,11,90,0,7,91,12,110,148,0,148,258
07/08/2009,ESN,MD,AEA,EN,Federal Contract Tower,0,8,8,0,16,0,2,73,18,93,0,10,81,18,109,118,0,118,227
07/09/2009,ESN,MD,AEA,EN,Federal Contract Tower,0,2,13,0,15,0,2,69,6,77,0,4,82,6,92,132,0,132,224
07/10/2009,ESN,MD,AEA,EN,Federal Contract Tower,0,5,20,0,25,0,3,103,6,112,0,8,123,6,137,174,0,174,311
07/11/2009,ESN,MD,AEA,EN,Federal Contract Tower,0,2,18,0,20,0,2,69,0,71,0,4,87,0,91,56,0,56,147
07/12/2009,ESN,MD,AEA,EN,Federal Contract Tower,0,1,18,0,19,0,3,65,0,68,0,4,83,0,87,92,0,92,179
07/13/2009,ESN,MD,AEA,EN,Federal Contract Tower,0,1,18,0,19,0,3,69,0,72,0,4,87,0,91,178,0,178,269
07/14/2009,ESN,MD,AEA,EN,Federal Contract Tower,0,4,10,0,14,0,3,82,0,85,0,7,92,0,99,158,0,158,257
07/15/2009,ESN,MD,AEA,EN,Federal Contract Tower,0,4,6,0,10,0,1,97,10,108,0,5,103,10,118,132,0,132,250
07/16/2009,ESN,MD,AEA,EN,Federal Contract Tower,0,3,12,2,17,0,3,33,0,36,0,6,45,2,53,112,0,112,165
07/17/2009,ESN,MD,AEA,EN,Federal Contract Tower,0,6,13,1,20,0,2,36,4,42,0,8,49,5,62,54,8,62,124
07/18/2009,ESN,MD,AEA,EN,Federal Contract Tower,0,3,14,0,17,0,4,74,0,78,0,7,88,0,95,110,0,110,205
07/19/2009,ESN,MD,AEA,EN,Federal Contract Tower,0,2,17,1,20,0,2,112,3,117,0,4,129,4,137,114,0,114,251
07/20/2009,ESN,MD,AEA,EN,Federal Contract Tower,0,5,18,2,25,0,1,42,4,47,0,6,60,6,72,64,0,64,136
07/21/2009,ESN,MD,AEA,EN,Federal Contract Tower,0,6,18,4,28,0,1,23,0,24,0,7,41,4,52,50,0,50,102
07/22/2009,ESN,MD,AEA,EN,Federal Contract Tower,0,8,9,0,17,0,5,55,0,60,0,13,64,0,77,110,0,110,187
07/23/2009,ESN,MD,AEA,EN,Federal Contract Tower,0,2,8,0,10,0,1,11,0,12,0,3,19,0,22,4,0,4,26
07/24/2009,ESN,MD,AEA,EN,Federal Contract Tower,0,0,20,0,20,0,4,43,0,47,0,4,63,0,67,46,0,46,113
07/25/2009,ESN,MD,AEA,EN,Federal Contract Tower,0,1,16,0,17,0,4,89,0,93,0,5,105,0,110,98,0,98,208
07/26/2009,ESN,MD,AEA,EN,Federal Contract Tower,0,3,15,0,18,0,0,52,2,54,0,3,67,2,72,120,0,120,192
07/27/2009,ESN,MD,AEA,EN,Federal Contract Tower,0,2,12,0,14,0,1,18,6,25,0,3,30,6,39,62,0,62,101
07/28/2009,ESN,MD,AEA,EN,Federal Contract Tower,0,1,13,0,14,0,4,47,0,51,0,5,60,0,65,98,0,98,163
07/29/2009,ESN,MD,AEA,EN,Federal Contract Tower,0,2,6,2,10,0,3,20,2,25,0,5,26,4,35,46,0,46,81
07/30/2009,ESN,MD,AEA,EN,Federal Contract Tower,0,0,13,0,13,0,0,90,0,90,0,0,103,0,103,154,0,154,257
07/31/2009,ESN,MD,AEA,EN,Federal Contract Tower,0,1,9,2,12,0,0,13,0,13,0,1,22,2,25,14,0,14,39
08/01/2009,ESN,MD,AEA,EN,Federal Contract Tower,0,10,12,2,24,0,0,77,0,77,0,10,89,2,101,90,0,90,191
08/02/2009,ESN,MD,AEA,EN,Federal Contract Tower,0,11,16,0,27,0,0,7,0,7,0,11,23,0,34,4,0,4,38
08/03/2009,ESN,MD,AEA,EN,Federal Contract Tower,0,3,7,0,10,0,1,58,2,61,0,4,65,2,71,116,10,126,197
08/04/2009,ESN,MD,AEA,EN,Federal Contract Tower,0,0,7,2,9,0,0,53,0,53,0,0,60,2,62,68,0,68,130
08/05/2009,ESN,MD,AEA,EN,Federal Contract Tower,0,9,4,0,13,0,0,37,0,37,0,9,41,0,50,88,16,104,154
08/06/2009,ESN,MD,AEA,EN,Federal Contract Tower,0,1,17,0,18,0,0,1,0,1,0,1,18,0,19,6,0,6,25
08/07/2009,ESN,MD,AEA,EN,Federal Contract Tower,0,5,14,0,19,0,0,117,0,117,0,5,131,0,136,74,0,74,210
08/08/2009,ESN,MD,AEA,EN,Federal Contract Tower,0,1,7,0,8,0,0,85,0,85,0,1,92,0,93,112,0,112,205
08/09/2009,ESN,MD,AEA,EN,Federal Contract Tower,0,1,9,0,10,0,0,47,0,47,0,1,56,0,57,32,0,32,89
08/10/2009,ESN,MD,AEA,EN,Federal Contract Tower,0,4,8,0,12,0,0,63,0,63,0,4,71,0,75,72,0,72,147
08/11/2009,ESN,MD,AEA,EN,Federal Contract Tower,0,4,12,2,18,0,0,84,0,84,0,4,96,2,102,92,8,100,202
08/12/2009,ESN,MD,AEA,EN,Federal Contract Tower,0,6,8,0,14,0,0,11,4,15,0,6,19,4,29,54,0,54,83
08/13/2009,ESN,MD,AEA,EN,Federal Contract Tower,0,0,15,0,15,0,0,32,0,32,0,0,47,0,47,72,0,72,119
08/14/2009,ESN,MD,AEA,EN,Federal Contract Tower,0,4,17,0,21,0,0,61,3,64,0,4,78,3,85,100,0,100,185
08/15/2009,ESN,MD,AEA,EN,Federal Contract Tower,0,10,6,0,16,0,2,87,0,89,0,12,93,0,105,142,0,142,247
08/16/2009,ESN,MD,AEA,EN,Federal Contract Tower,0,6,12,2,20,0,0,57,1,58,0,6,69,3,78,65,0,65,143
08/17/2009,ESN,MD,AEA,EN,Federal Contract Tower,0,4,11,0,15,0,3,65,0,68,0,7,76,0,83,96,0,96,179
08/18/2009,ESN,MD,AEA,EN,Federal Contract Tower,0,1,7,0,8,0,0,48,6,54,0,1,55,6,62,48,6,54,116
08/19/2009,ESN,MD,AEA,EN,Federal Contract Tower,0,5,8,0,13,0,2,24,11,37,0,7,32,11,50,88,20,108,158
08/20/2009,ESN,MD,AEA,EN,Federal Contract Tower,0,9,7,0,16,0,1,61,3,65,0,10,68,3,81,88,6,94,175
08/21/2009,ESN,MD,AEA,EN,Federal Contract Tower,0,1,11,0,12,0,2,48,2,52,0,3,59,2,64,54,0,54,118
08/22/2009,ESN,MD,AEA,EN,Federal Contract Tower,0,0,7,0,7,0,0,12,0,12,0,0,19,0,19,20,0,20,39
08/23/2009,ESN,MD,AEA,EN,Federal Contract Tower,0,2,28,0,30,0,2,52,2,56,0,4,80,2,86,62,0,62,148
08/24/2009,ESN,MD,AEA,EN,Federal Contract Tower,0,2,10,0,12,0,4,110,0,114,0,6,120,0,126,116,0,116,242
08/25/2009,ESN,MD,AEA,EN,Federal Contract Tower,0,0,5,0,5,0,0,57,0,57,0,0,62,0,62,142,12,154,216
08/26/2009,ESN,MD,AEA,EN,Federal Contract Tower,0,11,12,0,23,0,0,62,2,64,0,11,74,2,87,168,2,170,257
08/27/2009,ESN,MD,AEA,EN,Federal Contract Tower,0,7,10,2,19,0,0,52,0,52,0,7,62,2,71,84,2,86,157
08/28/2009,ESN,MD,AEA,EN,Federal Contract Tower,0,2,10,0,12,0,0,2,0,2,0,2,12,0,14,0,0,0,14
08/29/2009,ESN,MD,AEA,EN,Federal Contract Tower,0,1,5,0,6,0,0,13,0,13,0,1,18,0,19,26,0,26,45
08/30/2009,ESN,MD,AEA,EN,Federal Contract Tower,0,2,16,0,18,0,0,41,2,43,0,2,57,2,61,110,0,110,171
08/31/2009,ESN,MD,AEA,EN,Federal Contract Tower,0,3,6,0,9,0,2,51,0,53,0,5,57,0,62,146,0,146,208
09/01/2009,ESN,MD,AEA,EN,Federal Contract Tower,0,5,12,0,17,0,1,91,2,94,0,6,103,2,111,92,4,96,207
09/02/2009,ESN,MD,AEA,EN,Federal Contract Tower,0,2,11,2,15,0,0,51,1,52,0,2,62,3,67,106,0,106,173
09/03/2009,ESN,MD,AEA,EN,Federal Contract Tower,0,1,7,5,13,0,0,51,1,52,0,1,58,6,65,86,8,94,159
09/04/2009,ESN,MD,AEA,EN,Federal Contract Tower,0,7,16,1,24,0,0,77,0,77,0,7,93,1,101,110,0,110,211
09/05/2009,ESN,MD,AEA,EN,Federal Contract Tower,0,1,14,0,15,0,2,56,0,58,0,3,70,0,73,70,0,70,143
09/06/2009,ESN,MD,AEA,EN,Federal Contract Tower,0,3,8,1,12,0,0,49,2,51,0,3,57,3,63,42,0,42,105
09/07/2009,ESN,MD,AEA,EN,Federal Contract Tower,0,6,17,0,23,0,0,24,0,24,0,6,41,0,47,16,0,16,63
09/08/2009,ESN,MD,AEA,EN,Federal Contract Tower,0,2,22,0,24,0,0,14,0,14,0,2,36,0,38,60,0,60,98
09/09/2009,ESN,MD,AEA,EN,Federal Contract Tower,0,1,9,0,10,0,0,14,5,19,0,1,23,5,29,102,14,116,145
09/10/2009,ESN,MD,AEA,EN,Federal Contract Tower,0,6,10,0,16,0,0,2,0,2,0,6,12,0,18,8,0,8,26
09/11/2009,ESN,MD,AEA,EN,Federal Contract Tower,0,4,10,3,17,0,0,1,0,1,0,4,11,3,18,0,0,0,18
09/12/2009,ESN,MD,AEA,EN,Federal Contract Tower,0,1,39,0,40,0,4,26,0,30,0,5,65,0,70,24,0,24,94
09/13/2009,ESN,MD,AEA,EN,Federal Contract Tower,0,4,12,1,17,0,0,75,0,75,0,4,87,1,92,138,0,138,230
09/14/2009,ESN,MD,AEA,EN,Federal Contract Tower,0,2,15,0,17,0,0,34,0,34,0,2,49,0,51,48,0,48,99
09/15/2009,ESN,MD,AEA,EN,Federal Contract Tower,0,2,9,0,11,0,3,71,1,75,0,5,80,1,86,106,6,112,198
09/16/2009,ESN,MD,AEA,EN,Federal Contract Tower,0,4,8,4,16,0,0,19,1,20,0,4,27,5,36,54,16,70,106
09/17/2009,ESN,MD,AEA,EN,Federal Contract Tower,0,3,16,0,19,0,0,11,0,11,0,3,27,0,30,12,0,12,42
09/18/2009,ESN,MD,AEA,EN,Federal Contract Tower,0,10,25,0,35,0,3,45,0,48,0,13,70,0,83,160,0,160,243
09/19/2009,ESN,MD,AEA,EN,Federal Contract Tower,0,2,15,2,19,0,0,107,2,109,0,2,122,4,128,118,2,120,248
09/20/2009,ESN,MD,AEA,EN,Federal Contract Tower,0,3,14,0,17,0,1,101,2,104,0,4,115,2,121,126,0,126,247
09/21/2009,ESN,MD,AEA,EN,Federal Contract Tower,0,3,7,1,11,0,0,43,4,47,0,3,50,5,58,52,0,52,110
09/22/2009,ESN,MD,AEA,EN,Federal Contract Tower,0,1,16,2,19,0,6,47,0,53,0,7,63,2,72,44,10,54,126
09/23/2009,ESN,MD,AEA,EN,Federal Contract Tower,0,5,13,0,18,0,0,44,0,44,0,5,57,0,62,64,8,72,134
09/24/2009,ESN,MD,AEA,EN,Federal Contract Tower,0,7,16,0,23,0,0,65,0,65,0,7,81,0,88,110,2,112,200
09/25/2009,ESN,MD,AEA,EN,Federal Contract Tower,0,7,21,1,29,0,4,94,0,98,0,11,115,1,127,108,0,108,235
09/26/2009,ESN,MD,AEA,EN,Federal Contract Tower,0,6,15,0,21,0,0,32,0,32,0,6,47,0,53,60,0,60,113
09/27/2009,ESN,MD,AEA,EN,Federal Contract Tower,0,9,25,0,34,0,0,26,0,26,0,9,51,0,60,8,0,8,68
09/28/2009,ESN,MD,AEA,EN,Federal Contract Tower,0,3,11,0,14,0,0,30,0,30,0,3,41,0,44,60,0,60,104
09/29/2009,ESN,MD,AEA,EN,Federal Contract Tower,0,1,6,0,7,0,2,48,2,52,0,3,54,2,59,40,0,40,99
09/30/2009,ESN,MD,AEA,EN,Federal Contract Tower,0,3,14,0,17,0,0,57,0,57,0,3,71,0,74,52,2,54,128
10/01/2009,ESN,MD,AEA,EN,Federal Contract Tower,0,2,24,0,26,0,0,73,0,73,0,2,97,0,99,112,0,112,211
10/02/2009,ESN,MD,AEA,EN,Federal Contract Tower,0,3,14,0,17,0,1,54,1,56,0,4,68,1,73,88,0,88,161
10/03/2009,ESN,MD,AEA,EN,Federal Contract Tower,0,4,9,0,13,0,1,57,0,58,0,5,66,0,71,62,0,62,133
10/04/2009,ESN,MD,AEA,EN,Federal Contract Tower,0,3,15,0,18,0,4,72,0,76,0,7,87,0,94,102,0,102,196
10/05/2009,ESN,MD,AEA,EN,Federal Contract Tower,0,2,20,0,22,0,2,50,0,52,0,4,70,0,74,76,0,76,150
10/06/2009,ESN,MD,AEA,EN,Federal Contract Tower,0,3,4,2,9,0,0,70,4,74,0,3,74,6,83,76,0,76,159
10/07/2009,ESN,MD,AEA,EN,Federal Contract Tower,0,3,8,1,12,0,0,9,2,11,0,3,17,3,23,0,2,2,25
10/08/2009,ESN,MD,AEA,EN,Federal Contract Tower,0,0,24,1,25,0,0,53,0,53,0,0,77,1,78,52,0,52,130
10/09/2009,ESN,MD,AEA,EN,Federal Contract Tower,0,3,18,0,21,0,2,50,2,54,0,5,68,2,75,50,0,50,125
10/10/2009,ESN,MD,AEA,EN,Federal Contract Tower,0,4,13,0,17,0,0,12,0,12,0,4,25,0,29,22,0,22,51
10/11/2009,ESN,MD,AEA,EN,Federal Contract Tower,0,2,16,0,18,0,2,77,0,79,0,4,93,0,97,74,0,74,171
10/12/2009,ESN,MD,AEA,EN,Federal Contract Tower,0,9,9,0,18,0,0,40,1,41,0,9,49,1,59,114,0,114,173
10/13/2009,ESN,MD,AEA,EN,Federal Contract Tower,0,7,12,0,19,0,3,41,0,44,0,10,53,0,63,40,0,40,103
10/14/2009,ESN,MD,AEA,EN,Federal Contract Tower,0,2,8,0,10,0,0,47,0,47,0,2,55,0,57,104,0,104,161
10/15/2009,ESN,MD,AEA,EN,Federal Contract Tower,0,3,6,0,9,0,0,0,0,0,0,3,6,0,9,0,0,0,9
10/16/2009,ESN,MD,AEA,EN,Federal Contract Tower,0,8,10,0,18,0,0,0,0,0,0,8,10,0,18,0,0,0,18
10/17/2009,ESN,MD,AEA,EN,Federal Contract Tower,0,6,3,1,10,0,0,0,0,0,0,6,3,1,10,0,0,0,10
10/18/2009,ESN,MD,AEA,EN,Federal Contract Tower,0,4,13,0,17,0,0,1,0,1,0,4,14,0,18,4,0,4,22
10/19/2009,ESN,MD,AEA,EN,Federal Contract Tower,0,5,13,0,18,0,2,64,2,68,0,7,77,2,86,62,0,62,148
10/20/2009,ESN,MD,AEA,EN,Federal Contract Tower,0,4,11,0,15,0,1,83,0,84,0,5,94,0,99,78,0,78,177
10/21/2009,ESN,MD,AEA,EN,Federal Contract Tower,0,2,21,0,23,0,2,101,2,105,0,4,122,2,128,102,2,104,232
10/22/2009,ESN,MD,AEA,EN,Federal Contract Tower,0,5,16,0,21,0,0,80,0,80,0,5,96,0,101,102,0,102,203
10/23/2009,ESN,MD,AEA,EN,Federal Contract Tower,0,7,8,0,15,0,0,48,0,48,0,7,56,0,63,36,0,36,99
10/24/2009,ESN,MD,AEA,EN,Federal Contract Tower,0,2,7,0,9,0,0,6,1,7,0,2,13,1,16,12,0,12,28
10/25/2009,ESN,MD,AEA,EN,Federal Contract Tower,0,6,16,0,22,0,0,95,0,95,0,6,111,0,117,146,0,146,263
10/26/2009,ESN,MD,AEA,EN,Federal Contract Tower,0,1,8,0,9,0,2,35,1,38,0,3,43,1,47,112,0,112,159
10/27/2009,ESN,MD,AEA,EN,Federal Contract Tower,0,0,13,0,13,0,0,0,0,0,0,0,13,0,13,0,0,0,13
10/28/2009,ESN,MD,AEA,EN,Federal Contract Tower,0,1,14,0,15,0,0,29,0,29,0,1,43,0,44,32,12,44,88
10/29/2009,ESN,MD,AEA,EN,Federal Contract Tower,0,2,16,0,18,0,0,5,2,7,0,2,21,2,25,0,6,6,31
10/30/2009,ESN,MD,AEA,EN,Federal Contract Tower,0,5,15,0,20,0,2,30,2,34,0,7,45,2,54,86,12,98,152
10/31/2009,ESN,MD,AEA,EN,Federal Contract Tower,0,3,15,0,18,0,0,0,0,0,0,3,15,0,18,0,0,0,18
11/01/2009,ESN,MD,AEA,EN,Federal Contract Tower,0,9,34,0,43,0,0,28,0,28,0,9,62,0,71,56,0,56,127
11/02/2009,ESN,MD,AEA,EN,Federal Contract Tower,0,2,17,0,19,0,0,64,0,64,0,2,81,0,83,138,0,138,221
11/03/2009,ESN,MD,AEA,EN,Federal Contract Tower,0,1,23,0,24,0,0,96,0,96,0,1,119,0,120,140,0,140,260
11/04/2009,ESN,MD,AEA,EN,Federal Contract Tower,0,2,9,0,11,0,0,98,2,100,0,2,107,2,111,186,14,200,311
11/05/2009,ESN,MD,AEA,EN,Federal Contract Tower,0,2,14,0,16,0,0,69,3,72,0,2,83,3,88,106,0,106,194
11/06/2009,ESN,MD,AEA,EN,Federal Contract Tower,0,6,10,1,17,0,2,60,2,64,0,8,70,3,81,92,2,94,175
11/07/2009,ESN,MD,AEA,EN,Federal Contract Tower,0,0,20,0,20,0,0,129,2,131,0,0,149,2,151,200,0,200,351
11/08/2009,ESN,MD,AEA,EN,Federal Contract Tower,0,5,29,2,36,0,0,151,0,151,0,5,180,2,187,208,0,208,395
11/09/2009,ESN,MD,AEA,EN,Federal Contract Tower,0,1,15,0,16,0,0,76,0,76,0,1,91,0,92,182,0,182,274
11/10/2009,ESN,MD,AEA,EN,Federal Contract Tower,0,3,10,4,17,0,6,47,2,55,0,9,57,6,72,116,0,116,188
11/11/2009,ESN,MD,AEA,EN,Federal Contract Tower,0,2,4,0,6,0,0,6,0,6,0,2,10,0,12,2,0,2,14
11/12/2009,ESN,MD,AEA,EN,Federal Contract Tower,0,2,11,0,13,0,0,0,0,0,0,2,11,0,13,0,0,0,13
11/13/2009,ESN,MD,AEA,EN,Federal Contract Tower,0,1,10,0,11,0,0,0,0,0,0,1,10,0,11,0,0,0,11
11/14/2009,ESN,MD,AEA,EN,Federal Contract Tower,0,4,18,0,22,0,0,0,0,0,0,4,18,0,22,0,0,0,22
11/15/2009,ESN,MD,AEA,EN,Federal Contract Tower,0,8,11,0,19,0,3,184,0,187,0,11,195,0,206,244,0,244,450
11/16/2009,ESN,MD,AEA,EN,Federal Contract Tower,0,2,16,0,18,0,0,80,0,80,0,2,96,0,98,120,0,120,218
11/17/2009,ESN,MD,AEA,EN,Federal Contract Tower,0,0,16,0,16,0,3,94,4,101,0,3,110,4,117,138,10,148,265
11/18/2009,ESN,MD,AEA,EN,Federal Contract Tower,0,2,15,0,17,0,0,39,0,39,0,2,54,0,56,76,0,76,132
11/19/2009,ESN,MD,AEA,EN,Federal Contract Tower,0,1,14,6,21,0,0,0,0,0,0,1,14,6,21,0,4,4,25
11/20/2009,ESN,MD,AEA,EN,Federal Contract Tower,0,4,12,1,17,0,2,59,0,61,0,6,71,1,78,76,0,76,154
11/21/2009,ESN,MD,AEA,EN,Federal Contract Tower,0,1,15,0,16,0,0,108,0,108,0,1,123,0,124,180,0,180,304
11/22/2009,ESN,MD,AEA,EN,Federal Contract Tower,0,3,31,0,34,0,0,50,0,50,0,3,81,0,84,102,0,102,186
11/23/2009,ESN,MD,AEA,EN,Federal Contract Tower,0,4,11,0,15,0,3,0,0,3,0,7,11,0,18,2,0,2,20
11/24/2009,ESN,MD,AEA,EN,Federal Contract Tower,0,1,10,0,11,0,0,0,0,0,0,1,10,0,11,0,0,0,11
11/25/2009,ESN,MD,AEA,EN,Federal Contract Tower,0,7,15,0,22,0,0,0,0,0,0,7,15,0,22,0,0,0,22
11/26/2009,ESN,MD,AEA,EN,Federal Contract Tower,0,4,3,0,7,0,0,0,0,0,0,4,3,0,7,0,0,0,7
11/27/2009,ESN,MD,AEA,EN,Federal Contract Tower,0,4,3,0,7,0,4,18,0,22,0,8,21,0,29,36,0,36,65
11/28/2009,ESN,MD,AEA,EN,Federal Contract Tower,0,3,9,0,12,0,0,10,0,10,0,3,19,0,22,26,0,26,48
11/29/2009,ESN,MD,AEA,EN,Federal Contract Tower,0,5,23,0,28,0,0,107,0,107,0,5,130,0,135,70,0,70,205
11/30/2009,ESN,MD,AEA,EN,Federal Contract Tower,0,4,6,0,10,0,0,16,0,16,0,4,22,0,26,54,6,60,86
12/01/2009,ESN,MD,AEA,EN,Federal Contract Tower,0,1,8,0,9,0,5,64,0,69,0,6,72,0,78,104,2,106,184
12/02/2009,ESN,MD,AEA,EN,Federal Contract Tower,0,1,8,0,9,0,0,24,2,26,0,1,32,2,35,86,8,94,129
12/03/2009,ESN,MD,AEA,EN,Federal Contract Tower,0,2,7,0,9,0,1,33,1,35,0,3,40,1,44,26,14,40,84
12/04/2009,ESN,MD,AEA,EN,Federal Contract Tower,0,5,13,0,18,0,0,77,0,77,0,5,90,0,95,118,0,118,213
12/05/2009,ESN,MD,AEA,EN,Federal Contract Tower,0,1,4,0,5,0,0,1,0,1,0,1,5,0,6,0,0,0,6
12/06/2009,ESN,MD,AEA,EN,Federal Contract Tower,0,2,6,0,8,0,0,46,2,48,0,2,52,2,56,56,0,56,112
12/07/2009,ESN,MD,AEA,EN,Federal Contract Tower,0,2,7,0,9,0,0,55,2,57,0,2,62,2,66,54,2,56,122
12/08/2009,ESN,MD,AEA,EN,Federal Contract Tower,0,3,7,0,10,0,0,66,4,70,0,3,73,4,80,50,0,50,130
12/09/2009,ESN,MD,AEA,EN,Federal Contract Tower,0,1,4,0,5,0,0,1,4,5,0,1,5,4,10,12,4,16,26
12/10/2009,ESN,MD,AEA,EN,Federal Contract Tower,0,1,6,2,9,0,0,12,2,14,0,1,18,4,23,10,12,22,45
12/11/2009,ESN,MD,AEA,EN,Federal Contract Tower,0,3,7,3,13,0,0,12,1,13,0,3,19,4,26,22,0,22,48
12/12/2009,ESN,MD,AEA,EN,Federal Contract Tower,0,0,24,0,24,0,0,89,0,89,0,0,113,0,113,108,0,108,221
12/13/2009,ESN,MD,AEA,EN,Federal Contract Tower,0,0,4,0,4,0,0,0,0,0,0,0,4,0,4,0,0,0,4
12/14/2009,ESN,MD,AEA,EN,Federal Contract Tower,0,1,12,2,15,0,0,41,0,41,0,1,53,2,56,76,0,76,132
12/15/2009,ESN,MD,AEA,EN,Federal Contract Tower,0,0,24,0,24,0,0,21,0,21,0,0,45,0,45,70,0,70,115
12/16/2009,ESN,MD,AEA,EN,Federal Contract Tower,0,1,9,0,10,0,1,32,4,37,0,2,41,4,47,36,20,56,103
12/17/2009,ESN,MD,AEA,EN,Federal Contract Tower,0,3,5,0,8,0,0,35,0,35,0,3,40,0,43,2,2,4,47
12/18/2009,ESN,MD,AEA,EN,Federal Contract Tower,0,1,9,0,10,0,0,37,2,39,0,1,46,2,49,38,14,52,101
12/19/2009,ESN,MD,AEA,EN,Federal Contract Tower,0,0,0,0,0,0,0,0,0,0,0,0,0,0,0,0,0,0,0
12/20/2009,ESN,MD,AEA,EN,Federal Contract Tower,0,0,0,0,0,0,0,2,0,2,0,0,2,0,2,0,0,0,2
12/21/2009,ESN,MD,AEA,EN,Federal Contract Tower,0,0,6,0,6,0,0,10,0,10,0,0,16,0,16,4,0,4,20
12/22/2009,ESN,MD,AEA,EN,Federal Contract Tower,0,6,3,0,9,0,0,37,0,37,0,6,40,0,46,22,0,22,68
12/23/2009,ESN,MD,AEA,EN,Federal Contract Tower,0,6,17,0,23,0,0,39,0,39,0,6,56,0,62,102,0,102,164
12/24/2009,ESN,MD,AEA,EN,Federal Contract Tower,0,0,2,0,2,0,0,21,0,21,0,0,23,0,23,54,0,54,77
12/25/2009,ESN,MD,AEA,EN,Federal Contract Tower,0,0,0,0,0,0,0,0,0,0,0,0,0,0,0,0,0,0,0
12/26/2009,ESN,MD,AEA,EN,Federal Contract Tower,0,3,4,0,7,0,0,0,0,0,0,3,4,0,7,0,0,0,7
12/27/2009,ESN,MD,AEA,EN,Federal Contract Tower,0,2,11,0,13,0,1,75,0,76,0,3,86,0,89,104,0,104,193
12/28/2009,ESN,MD,AEA,EN,Federal Contract Tower,0,0,10,0,10,0,0,8,0,8,0,0,18,0,18,14,2,16,34
12/29/2009,ESN,MD,AEA,EN,Federal Contract Tower,0,2,7,0,9,0,0,2,0,2,0,2,9,0,11,0,0,0,11
12/30/2009,ESN,MD,AEA,EN,Federal Contract Tower,0,1,4,0,5,0,1,68,0,69,0,2,72,0,74,88,0,88,162
12/31/2009,ESN,MD,AEA,EN,Federal Contract Tower,0,0,2,0,2,0,0,0,0,0,0,0,2,0,2,0,0,0,2
01/01/2010,ESN,MD,AEA,EN,Federal Contract Tower,0,0,4,0,4,0,0,8,0,8,0,0,12,0,12,8,0,8,20
01/02/2010,ESN,MD,AEA,EN,Federal Contract Tower,0,2,2,0,4,0,0,3,0,3,0,2,5,0,7,0,0,0,7
01/03/2010,ESN,MD,AEA,EN,Federal Contract Tower,0,3,2,0,5,0,0,3,0,3,0,3,5,0,8,0,0,0,8
01/04/2010,ESN,MD,AEA,EN,Federal Contract Tower,0,0,14,0,14,0,0,8,0,8,0,0,22,0,22,14,4,18,40
01/05/2010,ESN,MD,AEA,EN,Federal Contract Tower,0,1,10,0,11,0,0,25,0,25,0,1,35,0,36,22,0,22,58
01/06/2010,ESN,MD,AEA,EN,Federal Contract Tower,0,4,3,0,7,0,1,25,0,26,0,5,28,0,33,14,0,14,47
01/07/2010,ESN,MD,AEA,EN,Federal Contract Tower,0,3,12,2,17,0,0,48,3,51,0,3,60,5,68,124,4,128,196
01/08/2010,ESN,MD,AEA,EN,Federal Contract Tower,0,2,4,0,6,0,4,9,2,15,0,6,13,2,21,0,0,0,21
01/09/2010,ESN,MD,AEA,EN,Federal Contract Tower,0,3,11,0,14,0,4,37,2,43,0,7,48,2,57,26,4,30,87
01/10/2010,ESN,MD,AEA,EN,Federal Contract Tower,0,1,2,0,3,0,0,37,0,37,0,1,39,0,40,68,0,68,108
01/11/2010,ESN,MD,AEA,EN,Federal Contract Tower,0,3,12,0,15,0,0,26,1,27,0,3,38,1,42,74,0,74,116
01/12/2010,ESN,MD,AEA,EN,Federal Contract Tower,0,4,14,0,18,0,0,24,0,24,0,4,38,0,42,28,0,28,70
01/13/2010,ESN,MD,AEA,EN,Federal Contract Tower,0,4,9,2,15,0,0,28,1,29,0,4,37,3,44,76,0,76,120
01/14/2010,ESN,MD,AEA,EN,Federal Contract Tower,0,4,10,0,14,0,1,65,3,69,0,5,75,3,83,82,6,88,171
01/15/2010,ESN,MD,AEA,EN,Federal Contract Tower,0,5,13,0,18,0,2,64,0,66,0,7,77,0,84,40,0,40,124
01/16/2010,ESN,MD,AEA,EN,Federal Contract Tower,0,2,14,0,16,0,0,107,0,107,0,2,121,0,123,170,0,170,293
01/17/2010,ESN,MD,AEA,EN,Federal Contract Tower,0,6,6,0,12,0,0,0,0,0,0,6,6,0,12,0,0,0,12
01/18/2010,ESN,MD,AEA,EN,Federal Contract Tower,0,2,13,0,15,0,0,30,0,30,0,2,43,0,45,100,0,100,145
01/19/2010,ESN,MD,AEA,EN,Federal Contract Tower,0,0,14,0,14,0,0,42,0,42,0,0,56,0,56,84,0,84,140
01/20/2010,ESN,MD,AEA,EN,Federal Contract Tower,0,0,13,0,13,0,0,28,2,30,0,0,41,2,43,58,4,62,105
01/21/2010,ESN,MD,AEA,EN,Federal Contract Tower,0,0,6,0,6,0,0,48,0,48,0,0,54,0,54,74,0,74,128
01/22/2010,ESN,MD,AEA,EN,Federal Contract Tower,0,6,10,0,16,0,0,11,0,11,0,6,21,0,27,40,0,40,67
01/23/2010,ESN,MD,AEA,EN,Federal Contract Tower,0,0,21,0,21,0,0,119,0,119,0,0,140,0,140,106,0,106,246
01/24/2010,ESN,MD,AEA,EN,Federal Contract Tower,0,2,3,0,5,0,0,2,0,2,0,2,5,0,7,0,0,0,7
01/25/2010,ESN,MD,AEA,EN,Federal Contract Tower,0,5,3,0,8,0,0,3,0,3,0,5,6,0,11,2,0,2,13
01/26/2010,ESN,MD,AEA,EN,Federal Contract Tower,0,1,8,0,9,0,1,31,0,32,0,2,39,0,41,22,0,22,63
01/27/2010,ESN,MD,AEA,EN,Federal Contract Tower,0,3,13,0,16,0,0,54,0,54,0,3,67,0,70,62,4,66,136
01/28/2010,ESN,MD,AEA,EN,Federal Contract Tower,0,4,8,0,12,0,0,42,3,45,0,4,50,3,57,66,22,88,145
01/29/2010,ESN,MD,AEA,EN,Federal Contract Tower,0,4,7,1,12,0,0,19,1,20,0,4,26,2,32,36,18,54,86
01/30/2010,ESN,MD,AEA,EN,Federal Contract Tower,0,0,1,0,1,0,0,1,0,1,0,0,2,0,2,4,0,4,6
01/31/2010,ESN,MD,AEA,EN,Federal Contract Tower,0,3,7,0,10,0,0,8,0,8,0,3,15,0,18,18,0,18,36
02/01/2010,ESN,MD,AEA,EN,Federal Contract Tower,0,4,4,4,12,0,0,23,0,23,0,4,27,4,35,68,0,68,103
02/02/2010,ESN,MD,AEA,EN,Federal Contract Tower,0,0,6,0,6,0,0,15,0,15,0,0,21,0,21,44,0,44,65
02/03/2010,ESN,MD,AEA,EN,Federal Contract Tower,0,1,4,0,5,0,0,14,0,14,0,1,18,0,19,20,6,26,45
02/04/2010,ESN,MD,AEA,EN,Federal Contract Tower,0,6,6,0,12,0,0,45,0,45,0,6,51,0,57,48,0,48,105
02/05/2010,ESN,MD,AEA,EN,Federal Contract Tower,0,0,4,2,6,0,0,8,0,8,0,0,12,2,14,0,6,6,20
02/06/2010,ESN,MD,AEA,EN,Federal Contract Tower,0,0,0,0,0,0,0,0,0,0,0,0,0,0,0,0,0,0,0
02/07/2010,ESN,MD,AEA,EN,Federal Contract Tower,0,0,1,0,1,0,0,0,0,0,0,0,1,0,1,0,0,0,1
02/08/2010,ESN,MD,AEA,EN,Federal Contract Tower,0,0,1,0,1,0,0,2,0,2,0,0,3,0,3,0,0,0,3
02/09/2010,ESN,MD,AEA,EN,Federal Contract Tower,0,2,6,0,8,0,0,9,0,9,0,2,15,0,17,6,0,6,23
02/10/2010,ESN,MD,AEA,EN,Federal Contract Tower,0,0,0,0,0,0,0,0,0,0,0,0,0,0,0,0,0,0,0
02/11/2010,ESN,MD,AEA,EN,Federal Contract Tower,0,0,0,0,0,0,0,2,0,2,0,0,2,0,2,0,0,0,2
02/12/2010,ESN,MD,AEA,EN,Federal Contract Tower,0,6,6,1,13,0,2,11,0,13,0,8,17,1,26,0,0,0,26
02/13/2010,ESN,MD,AEA,EN,Federal Contract Tower,0,1,4,0,5,0,0,24,0,24,0,1,28,0,29,42,0,42,71
02/14/2010,ESN,MD,AEA,EN,Federal Contract Tower,0,3,12,0,15,0,0,31,0,31,0,3,43,0,46,76,0,76,122
02/15/2010,ESN,MD,AEA,EN,Federal Contract Tower,0,0,3,0,3,0,0,24,0,24,0,0,27,0,27,40,0,40,67
02/16/2010,ESN,MD,AEA,EN,Federal Contract Tower,0,1,7,0,8,0,0,10,0,10,0,1,17,0,18,26,0,26,44
02/17/2010,ESN,MD,AEA,EN,Federal Contract Tower,0,1,11,2,14,0,0,35,1,36,0,1,46,3,50,64,4,68,118
02/18/2010,ESN,MD,AEA,EN,Federal Contract Tower,0,1,14,0,15,0,0,20,0,20,0,1,34,0,35,62,8,70,105
02/19/2010,ESN,MD,AEA,EN,Federal Contract Tower,0,2,18,0,20,0,0,19,0,19,0,2,37,0,39,10,6,16,55
02/20/2010,ESN,MD,AEA,EN,Federal Contract Tower,0,2,7,0,9,0,0,54,2,56,0,2,61,2,65,102,0,102,167
02/21/2010,ESN,MD,AEA,EN,Federal Contract Tower,0,1,12,1,14,0,0,58,2,60,0,1,70,3,74,138,0,138,212
02/22/2010,ESN,MD,AEA,EN,Federal Contract Tower,0,5,9,0,14,0,0,16,0,16,0,5,25,0,30,28,0,28,58
02/23/2010,ESN,MD,AEA,EN,Federal Contract Tower,0,2,2,0,4,0,0,0,0,0,0,2,2,0,4,0,0,0,4
02/24/2010,ESN,MD,AEA,EN,Federal Contract Tower,0,0,6,0,6,0,0,45,2,47,0,0,51,2,53,138,0,138,191
02/25/2010,ESN,MD,AEA,EN,Federal Contract Tower,0,0,6,2,8,0,0,5,0,5,0,0,11,2,13,16,2,18,31
02/26/2010,ESN,MD,AEA,EN,Federal Contract Tower,0,0,3,0,3,0,0,1,0,1,0,0,4,0,4,0,0,0,4
02/27/2010,ESN,MD,AEA,EN,Federal Contract Tower,0,0,5,0,5,0,2,60,0,62,0,2,65,0,67,100,0,100,167
02/28/2010,ESN,MD,AEA,EN,Federal Contract Tower,0,2,3,0,5,0,0,12,0,12,0,2,15,0,17,10,0,10,27
03/01/2010,ESN,MD,AEA,EN,Federal Contract Tower,0,0,7,0,7,0,0,36,0,36,0,0,43,0,43,20,0,20,63
03/02/2010,ESN,MD,AEA,EN,Federal Contract Tower,0,0,16,0,16,0,0,44,0,44,0,0,60,0,60,90,4,94,154
03/03/2010,ESN,MD,AEA,EN,Federal Contract Tower,0,0,5,0,5,0,0,0,0,0,0,0,5,0,5,0,0,0,5
03/04/2010,ESN,MD,AEA,EN,Federal Contract Tower,0,1,5,0,6,0,1,39,0,40,0,2,44,0,46,100,0,100,146
03/05/2010,ESN,MD,AEA,EN,Federal Contract Tower,0,5,9,4,18,0,0,42,0,42,0,5,51,4,60,76,0,76,136
03/06/2010,ESN,MD,AEA,EN,Federal Contract Tower,0,1,12,0,13,0,0,95,0,95,0,1,107,0,108,148,0,148,256
03/07/2010,ESN,MD,AEA,EN,Federal Contract Tower,0,2,18,0,20,0,0,96,0,96,0,2,114,0,116,192,0,192,308
03/08/2010,ESN,MD,AEA,EN,Federal Contract Tower,0,0,9,0,9,0,0,74,0,74,0,0,83,0,83,202,0,202,285
03/09/2010,ESN,MD,AEA,EN,Federal Contract Tower,0,7,6,0,13,0,0,53,0,53,0,7,59,0,66,94,10,104,170
03/10/2010,ESN,MD,AEA,EN,Federal Contract Tower,0,1,4,2,7,0,47,4,0,51,0,48,8,2,58,82,2,84,142
03/11/2010,ESN,MD,AEA,EN,Federal Contract Tower,0,0,22,0,22,0,0,4,0,4,0,0,26,0,26,0,0,0,26
03/12/2010,ESN,MD,AEA,EN,Federal Contract Tower,0,0,2,0,2,0,0,0,0,0,0,0,2,0,2,0,0,0,2
03/13/2010,ESN,MD,AEA,EN,Federal Contract Tower,0,0,7,0,7,0,0,0,0,0,0,0,7,0,7,0,0,0,7
03/14/2010,ESN,MD,AEA,EN,Federal Contract Tower,0,0,6,0,6,0,0,0,0,0,0,0,6,0,6,10,0,10,16
03/15/2010,ESN,MD,AEA,EN,Federal Contract Tower,0,0,11,4,15,0,0,2,0,2,0,0,13,4,17,0,0,0,17
03/16/2010,ESN,MD,AEA,EN,Federal Contract Tower,0,0,6,0,6,0,0,43,0,43,0,0,49,0,49,80,0,80,129
03/17/2010,ESN,MD,AEA,EN,Federal Contract Tower,0,8,7,0,15,0,0,96,0,96,0,8,103,0,111,126,4,130,241
03/18/2010,ESN,MD,AEA,EN,Federal Contract Tower,0,3,12,0,15,0,0,56,0,56,0,3,68,0,71,72,0,72,143
03/19/2010,ESN,MD,AEA,EN,Federal Contract Tower,0,6,19,0,25,0,0,78,0,78,0,6,97,0,103,142,0,142,245
03/20/2010,ESN,MD,AEA,EN,Federal Contract Tower,0,5,18,0,23,0,0,115,0,115,0,5,133,0,138,64,0,64,202
03/21/2010,ESN,MD,AEA,EN,Federal Contract Tower,0,2,9,0,11,0,0,74,2,76,0,2,83,2,87,52,0,52,139
03/22/2010,ESN,MD,AEA,EN,Federal Contract Tower,0,6,15,0,21,0,0,4,2,6,0,6,19,2,27,8,0,8,35
03/23/2010,ESN,MD,AEA,EN,Federal Contract Tower,0,3,5,0,8,0,0,25,0,25,0,3,30,0,33,48,0,48,81
03/24/2010,ESN,MD,AEA,EN,Federal Contract Tower,0,4,13,0,17,0,39,0,0,39,0,43,13,0,56,44,2,46,102
03/25/2010,ESN,MD,AEA,EN,Federal Contract Tower,0,0,7,0,7,0,0,40,4,44,0,0,47,4,51,30,2,32,83
03/26/2010,ESN,MD,AEA,EN,Federal Contract Tower,0,0,7,0,7,0,0,12,0,12,0,0,19,0,19,4,0,4,23
03/27/2010,ESN,MD,AEA,EN,Federal Contract Tower,0,0,11,0,11,0,0,93,0,93,0,0,104,0,104,218,0,218,322
03/28/2010,ESN,MD,AEA,EN,Federal Contract Tower,0,0,7,0,7,0,0,3,2,5,0,0,10,2,12,2,0,2,14
03/29/2010,ESN,MD,AEA,EN,Federal Contract Tower,0,0,15,0,15,0,0,0,0,0,0,0,15,0,15,0,0,0,15
03/30/2010,ESN,MD,AEA,EN,Federal Contract Tower,0,2,7,0,9,0,0,0,2,2,0,2,7,2,11,0,0,0,11
03/31/2010,ESN,MD,AEA,EN,Federal Contract Tower,0,0,9,0,9,0,0,37,0,37,0,0,46,0,46,76,2,78,124
04/01/2010,ESN,MD,AEA,EN,Federal Contract Tower,0,0,19,0,19,0,0,85,0,85,0,0,104,0,104,176,2,178,282
04/02/2010,ESN,MD,AEA,EN,Federal Contract Tower,0,0,13,0,13,0,0,98,0,98,0,0,111,0,111,122,0,122,233
04/03/2010,ESN,MD,AEA,EN,Federal Contract Tower,0,2,5,1,8,0,0,41,0,41,0,2,46,1,49,76,0,76,125
04/04/2010,ESN,MD,AEA,EN,Federal Contract Tower,0,2,10,0,12,0,0,42,0,42,0,2,52,0,54,50,0,50,104
04/05/2010,ESN,MD,AEA,EN,Federal Contract Tower,0,3,12,1,16,0,0,50,0,50,0,3,62,1,66,34,0,34,100
04/06/2010,ESN,MD,AEA,EN,Federal Contract Tower,0,0,13,0,13,0,0,61,0,61,0,0,74,0,74,72,6,78,152
04/07/2010,ESN,MD,AEA,EN,Federal Contract Tower,0,4,12,0,16,0,0,63,4,67,0,4,75,4,83,114,0,114,197
04/08/2010,ESN,MD,AEA,EN,Federal Contract Tower,0,1,12,0,13,0,0,26,0,26,0,1,38,0,39,18,0,18,57
04/09/2010,ESN,MD,AEA,EN,Federal Contract Tower,0,0,17,0,17,0,2,41,2,45,0,2,58,2,62,12,0,12,74
04/10/2010,ESN,MD,AEA,EN,Federal Contract Tower,0,0,6,0,6,0,0,70,0,70,0,0,76,0,76,32,0,32,108
04/11/2010,ESN,MD,AEA,EN,Federal Contract Tower,0,0,8,0,8,0,0,95,6,101,0,0,103,6,109,184,0,184,293
04/12/2010,ESN,MD,AEA,EN,Federal Contract Tower,0,1,11,1,13,0,0,37,1,38,0,1,48,2,51,66,0,66,117
04/13/2010,ESN,MD,AEA,EN,Federal Contract Tower,0,1,13,0,14,0,0,8,0,8,0,1,21,0,22,0,0,0,22
04/14/2010,ESN,MD,AEA,EN,Federal Contract Tower,0,0,9,0,9,0,0,81,2,83,0,0,90,2,92,124,4,128,220
04/15/2010,ESN,MD,AEA,EN,Federal Contract Tower,0,1,7,0,8,0,0,52,0,52,0,1,59,0,60,132,2,134,194
04/16/2010,ESN,MD,AEA,EN,Federal Contract Tower,0,6,17,0,23,0,0,36,0,36,0,6,53,0,59,28,4,32,91
04/17/2010,ESN,MD,AEA,EN,Federal Contract Tower,0,1,7,0,8,0,0,17,2,19,0,1,24,2,27,32,0,32,59
04/18/2010,ESN,MD,AEA,EN,Federal Contract Tower,0,5,11,0,16,0,0,33,2,35,0,5,44,2,51,82,0,82,133
04/19/2010,ESN,MD,AEA,EN,Federal Contract Tower,0,1,5,0,6,0,1,49,0,50,0,2,54,0,56,102,0,102,158
04/20/2010,ESN,MD,AEA,EN,Federal Contract Tower,0,6,12,2,20,0,2,100,8,110,0,8,112,10,130,86,4,90,220
04/21/2010,ESN,MD,AEA,EN,Federal Contract Tower,0,1,18,0,19,0,0,23,2,25,0,1,41,2,44,56,0,56,100
04/22/2010,ESN,MD,AEA,EN,Federal Contract Tower,0,3,9,0,12,0,0,33,1,34,0,3,42,1,46,88,14,102,148
04/23/2010,ESN,MD,AEA,EN,Federal Contract Tower,0,2,15,0,17,0,0,58,0,58,0,2,73,0,75,28,4,32,107
04/24/2010,ESN,MD,AEA,EN,Federal Contract Tower,0,1,15,0,16,0,0,69,2,71,0,1,84,2,87,98,2,100,187
04/25/2010,ESN,MD,AEA,EN,Federal Contract Tower,0,1,13,0,14,0,0,0,0,0,0,1,13,0,14,0,0,0,14
04/26/2010,ESN,MD,AEA,EN,Federal Contract Tower,0,2,10,0,12,0,0,1,0,1,0,2,11,0,13,0,0,0,13
04/27/2010,ESN,MD,AEA,EN,Federal Contract Tower,0,4,17,1,22,0,1,29,3,33,0,5,46,4,55,40,32,72,127
04/28/2010,ESN,MD,AEA,EN,Federal Contract Tower,0,5,5,0,10,0,0,30,0,30,0,5,35,0,40,36,0,36,76
04/29/2010,ESN,MD,AEA,EN,Federal Contract Tower,0,6,13,0,19,0,4,64,0,68,0,10,77,0,87,96,0,96,183
04/30/2010,ESN,MD,AEA,EN,Federal Contract Tower,0,4,12,0,16,0,4,130,2,136,0,8,142,2,152,94,0,94,246
05/01/2010,ESN,MD,AEA,EN,Federal Contract Tower,0,2,10,0,12,0,1,87,0,88,0,3,97,0,100,122,0,122,222
05/02/2010,ESN,MD,AEA,EN,Federal Contract Tower,0,3,9,0,12,0,3,40,0,43,0,6,49,0,55,54,0,54,109
05/03/2010,ESN,MD,AEA,EN,Federal Contract Tower,0,1,10,0,11,0,1,7,0,8,0,2,17,0,19,54,0,54,73
05/04/2010,ESN,MD,AEA,EN,Federal Contract Tower,0,0,14,0,14,0,3,47,8,58,0,3,61,8,72,88,2,90,162
05/05/2010,ESN,MD,AEA,EN,Federal Contract Tower,0,0,8,0,8,0,5,74,0,79,0,5,82,0,87,134,10,144,231
05/06/2010,ESN,MD,AEA,EN,Federal Contract Tower,0,3,14,2,19,0,5,35,2,42,0,8,49,4,61,70,0,70,131
05/07/2010,ESN,MD,AEA,EN,Federal Contract Tower,0,8,13,0,21,0,2,87,0,89,0,10,100,0,110,98,0,98,208
05/08/2010,ESN,MD,AEA,EN,Federal Contract Tower,0,3,6,0,9,0,6,0,1,7,0,9,6,1,16,0,0,0,16
05/09/2010,ESN,MD,AEA,EN,Federal Contract Tower,0,4,13,0,17,0,2,9,2,13,0,6,22,2,30,4,0,4,34
05/10/2010,ESN,MD,AEA,EN,Federal Contract Tower,0,1,15,0,16,0,6,33,0,39,0,7,48,0,55,48,0,48,103
05/11/2010,ESN,MD,AEA,EN,Federal Contract Tower,0,2,16,0,18,0,0,20,0,20,0,2,36,0,38,10,0,10,48
05/12/2010,ESN,MD,AEA,EN,Federal Contract Tower,0,7,16,0,23,0,0,23,0,23,0,7,39,0,46,18,0,18,64
05/13/2010,ESN,MD,AEA,EN,Federal Contract Tower,0,2,27,0,29,0,5,33,0,38,0,7,60,0,67,80,0,80,147
05/14/2010,ESN,MD,AEA,EN,Federal Contract Tower,0,5,12,0,17,0,1,30,0,31,0,6,42,0,48,60,0,60,108
05/15/2010,ESN,MD,AEA,EN,Federal Contract Tower,0,4,15,0,19,0,0,81,0,81,0,4,96,0,100,122,0,122,222
05/16/2010,ESN,MD,AEA,EN,Federal Contract Tower,0,6,20,1,27,0,0,41,0,41,0,6,61,1,68,142,0,142,210
05/17/2010,ESN,MD,AEA,EN,Federal Contract Tower,0,2,20,0,22,0,3,15,0,18,0,5,35,0,40,8,0,8,48
05/18/2010,ESN,MD,AEA,EN,Federal Contract Tower,0,6,10,1,17,0,0,0,0,0,0,6,10,1,17,0,0,0,17
05/19/2010,ESN,MD,AEA,EN,Federal Contract Tower,0,2,28,0,30,0,1,48,0,49,0,3,76,0,79,68,10,78,157
05/20/2010,ESN,MD,AEA,EN,Federal Contract Tower,0,2,14,0,16,0,0,111,0,111,0,2,125,0,127,154,0,154,281
05/21/2010,ESN,MD,AEA,EN,Federal Contract Tower,0,0,31,0,31,0,2,67,2,71,0,2,98,2,102,98,0,98,200
05/22/2010,ESN,MD,AEA,EN,Federal Contract Tower,0,1,18,0,19,0,1,59,0,60,0,2,77,0,79,94,0,94,173
05/23/2010,ESN,MD,AEA,EN,Federal Contract Tower,0,4,31,0,35,0,2,6,0,8,0,6,37,0,43,0,0,0,43
05/24/2010,ESN,MD,AEA,EN,Federal Contract Tower,0,3,37,0,40,0,1,13,2,16,0,4,50,2,56,38,0,38,94
05/25/2010,ESN,MD,AEA,EN,Federal Contract Tower,0,1,21,2,24,0,1,31,0,32,0,2,52,2,56,40,0,40,96
05/26/2010,ESN,MD,AEA,EN,Federal Contract Tower,0,2,15,0,17,0,2,68,0,70,0,4,83,0,87,94,0,94,181
05/27/2010,ESN,MD,AEA,EN,Federal Contract Tower,0,2,13,0,15,0,2,67,0,69,0,4,80,0,84,66,4,70,154
05/28/2010,ESN,MD,AEA,EN,Federal Contract Tower,0,5,14,0,19,0,0,37,0,37,0,5,51,0,56,18,0,18,74
05/29/2010,ESN,MD,AEA,EN,Federal Contract Tower,0,1,28,0,29,0,0,25,0,25,0,1,53,0,54,18,0,18,72
05/30/2010,ESN,MD,AEA,EN,Federal Contract Tower,0,1,12,0,13,0,4,75,0,79,0,5,87,0,92,74,0,74,166
05/31/2010,ESN,MD,AEA,EN,Federal Contract Tower,0,1,23,0,24,0,0,65,0,65,0,1,88,0,89,76,0,76,165
06/01/2010,ESN,MD,AEA,EN,Federal Contract Tower,0,0,18,0,18,0,1,23,2,26,0,1,41,2,44,22,0,22,66
06/02/2010,ESN,MD,AEA,EN,Federal Contract Tower,0,2,23,0,25,0,4,70,8,82,0,6,93,8,107,62,38,100,207
06/03/2010,ESN,MD,AEA,EN,Federal Contract Tower,0,3,20,0,23,0,1,35,2,38,0,4,55,2,61,38,6,44,105
06/04/2010,ESN,MD,AEA,EN,Federal Contract Tower,0,5,13,0,18,0,0,40,0,40,0,5,53,0,58,30,0,30,88
06/05/2010,ESN,MD,AEA,EN,Federal Contract Tower,0,3,11,0,14,0,0,36,0,36,0,3,47,0,50,56,0,56,106
06/06/2010,ESN,MD,AEA,EN,Federal Contract Tower,0,3,13,2,18,0,2,14,0,16,0,5,27,2,34,36,0,36,70
06/07/2010,ESN,MD,AEA,EN,Federal Contract Tower,0,1,19,0,20,0,0,67,2,69,0,1,86,2,89,108,0,108,197
06/08/2010,ESN,MD,AEA,EN,Federal Contract Tower,0,2,6,0,8,0,3,46,9,58,0,5,52,9,66,94,0,94,160
06/09/2010,ESN,MD,AEA,EN,Federal Contract Tower,0,3,18,0,21,0,0,6,4,10,0,3,24,4,31,16,0,16,47
06/10/2010,ESN,MD,AEA,EN,Federal Contract Tower,0,7,30,0,37,0,0,53,0,53,0,7,83,0,90,104,0,104,194
06/11/2010,ESN,MD,AEA,EN,Federal Contract Tower,0,10,9,1,20,0,0,72,0,72,0,10,81,1,92,88,6,94,186
06/12/2010,ESN,MD,AEA,EN,Federal Contract Tower,0,1,11,0,12,0,0,92,0,92,0,1,103,0,104,58,0,58,162
06/13/2010,ESN,MD,AEA,EN,Federal Contract Tower,0,6,18,0,24,0,2,48,2,52,0,8,66,2,76,78,0,78,154
06/14/2010,ESN,MD,AEA,EN,Federal Contract Tower,0,4,12,0,16,0,0,58,0,58,0,4,70,0,74,96,0,96,170
06/15/2010,ESN,MD,AEA,EN,Federal Contract Tower,0,4,13,0,17,0,1,49,4,54,0,5,62,4,71,128,0,128,199
06/16/2010,ESN,MD,AEA,EN,Federal Contract Tower,0,1,14,0,15,0,0,2,0,2,0,1,16,0,17,0,0,0,17
06/17/2010,ESN,MD,AEA,EN,Federal Contract Tower,0,5,17,0,22,0,2,83,0,85,0,7,100,0,107,64,0,64,171
06/18/2010,ESN,MD,AEA,EN,Federal Contract Tower,0,1,16,0,17,0,4,98,1,103,0,5,114,1,120,94,0,94,214
06/19/2010,ESN,MD,AEA,EN,Federal Contract Tower,0,6,11,0,17,0,0,45,4,49,0,6,56,4,66,94,0,94,160
06/20/2010,ESN,MD,AEA,EN,Federal Contract Tower,0,2,12,0,14,0,0,30,0,30,0,2,42,0,44,54,0,54,98
06/21/2010,ESN,MD,AEA,EN,Federal Contract Tower,0,2,11,0,13,0,2,66,0,68,0,4,77,0,81,90,0,90,171
06/22/2010,ESN,MD,AEA,EN,Federal Contract Tower,0,3,20,0,23,0,1,38,0,39,0,4,58,0,62,48,4,52,114
06/23/2010,ESN,MD,AEA,EN,Federal Contract Tower,0,3,19,0,22,0,0,58,2,60,0,3,77,2,82,72,0,72,154
06/24/2010,ESN,MD,AEA,EN,Federal Contract Tower,0,0,16,3,19,0,0,27,3,30,0,0,43,6,49,64,0,64,113
06/25/2010,ESN,MD,AEA,EN,Federal Contract Tower,0,10,21,4,35,0,2,214,0,216,0,12,235,4,251,110,2,112,363
06/26/2010,ESN,MD,AEA,EN,Federal Contract Tower,0,8,18,0,26,0,0,226,0,226,0,8,244,0,252,170,0,170,422
06/27/2010,ESN,MD,AEA,EN,Federal Contract Tower,0,5,16,0,21,0,0,93,0,93,0,5,109,0,114,52,0,52,166
06/28/2010,ESN,MD,AEA,EN,Federal Contract Tower,0,3,5,0,8,0,2,52,0,54,0,5,57,0,62,60,0,60,122
06/29/2010,ESN,MD,AEA,EN,Federal Contract Tower,0,3,7,0,10,0,0,49,2,51,0,3,56,2,61,84,0,84,145
06/30/2010,ESN,MD,AEA,EN,Federal Contract Tower,0,4,17,0,21,0,0,68,2,70,0,4,85,2,91,82,0,82,173
07/01/2010,ESN,MD,AEA,EN,Federal Contract Tower,0,0,13,0,13,0,0,69,2,71,0,0,82,2,84,74,0,74,158
07/02/2010,ESN,MD,AEA,EN,Federal Contract Tower,0,0,20,0,20,0,0,80,0,80,0,0,100,0,100,60,0,60,160
07/03/2010,ESN,MD,AEA,EN,Federal Contract Tower,0,1,8,0,9,0,3,79,0,82,0,4,87,0,91,30,0,30,121
07/04/2010,ESN,MD,AEA,EN,Federal Contract Tower,0,0,5,0,5,0,0,0,0,0,0,0,5,0,5,32,0,32,37
07/05/2010,ESN,MD,AEA,EN,Federal Contract Tower,0,6,13,0,19,0,1,49,0,50,0,7,62,0,69,112,0,112,181
07/06/2010,ESN,MD,AEA,EN,Federal Contract Tower,0,8,16,0,24,0,0,41,13,54,0,8,57,13,78,24,18,42,120
07/07/2010,ESN,MD,AEA,EN,Federal Contract Tower,0,7,9,0,16,0,0,27,0,27,0,7,36,0,43,26,0,26,69
07/08/2010,ESN,MD,AEA,EN,Federal Contract Tower,0,6,21,2,29,0,1,34,2,37,0,7,55,4,66,84,6,90,156
07/09/2010,ESN,MD,AEA,EN,Federal Contract Tower,0,5,22,0,27,0,25,1,0,26,0,30,23,0,53,14,0,14,67
07/10/2010,ESN,MD,AEA,EN,Federal Contract Tower,0,4,9,0,13,0,0,0,0,0,0,4,9,0,13,0,0,0,13
07/11/2010,ESN,MD,AEA,EN,Federal Contract Tower,0,8,21,0,29,0,2,68,0,70,0,10,89,0,99,64,0,64,163
07/12/2010,ESN,MD,AEA,EN,Federal Contract Tower,0,6,12,0,18,0,0,39,0,39,0,6,51,0,57,56,0,56,113
07/13/2010,ESN,MD,AEA,EN,Federal Contract Tower,0,2,9,0,11,0,0,14,1,15,0,2,23,1,26,32,0,32,58
07/14/2010,ESN,MD,AEA,EN,Federal Contract Tower,0,8,19,0,27,0,1,10,0,11,0,9,29,0,38,0,16,16,54
07/15/2010,ESN,MD,AEA,EN,Federal Contract Tower,0,6,10,0,16,0,0,77,0,77,0,6,87,0,93,144,0,144,237
07/16/2010,ESN,MD,AEA,EN,Federal Contract Tower,0,4,13,2,19,0,0,60,0,60,0,4,73,2,79,62,0,62,141
07/17/2010,ESN,MD,AEA,EN,Federal Contract Tower,0,2,16,0,18,0,0,59,0,59,0,2,75,0,77,56,0,56,133
07/18/2010,ESN,MD,AEA,EN,Federal Contract Tower,0,2,20,0,22,0,2,44,0,46,0,4,64,0,68,100,0,100,168
07/19/2010,ESN,MD,AEA,EN,Federal Contract Tower,0,3,7,0,10,0,1,36,0,37,0,4,43,0,47,70,0,70,117
07/20/2010,ESN,MD,AEA,EN,Federal Contract Tower,0,2,13,0,15,0,0,82,4,86,0,2,95,4,101,100,0,100,201
07/21/2010,ESN,MD,AEA,EN,Federal Contract Tower,0,7,19,0,26,0,0,27,10,37,0,7,46,10,63,96,0,96,159
07/22/2010,ESN,MD,AEA,EN,Federal Contract Tower,0,4,22,0,26,0,3,42,0,45,0,7,64,0,71,66,0,66,137
07/23/2010,ESN,MD,AEA,EN,Federal Contract Tower,0,3,16,2,21,0,1,43,0,44,0,4,59,2,65,98,0,98,163
07/24/2010,ESN,MD,AEA,EN,Federal Contract Tower,0,2,16,0,18,0,0,0,0,0,0,2,16,0,18,78,0,78,96
07/25/2010,ESN,MD,AEA,EN,Federal Contract Tower,0,2,18,4,24,0,1,32,0,33,0,3,50,4,57,34,0,34,91
07/26/2010,ESN,MD,AEA,EN,Federal Contract Tower,0,3,14,0,17,0,1,80,0,81,0,4,94,0,98,126,0,126,224
07/27/2010,ESN,MD,AEA,EN,Federal Contract Tower,0,5,12,0,17,0,1,38,0,39,0,6,50,0,56,108,10,118,174
07/28/2010,ESN,MD,AEA,EN,Federal Contract Tower,0,2,13,0,15,0,0,36,2,38,0,2,49,2,53,72,0,72,125
07/29/2010,ESN,MD,AEA,EN,Federal Contract Tower,0,2,17,0,19,0,0,19,1,20,0,2,36,1,39,34,0,34,73
07/30/2010,ESN,MD,AEA,EN,Federal Contract Tower,0,9,16,0,25,0,1,57,5,63,0,10,73,5,88,156,0,156,244
07/31/2010,ESN,MD,AEA,EN,Federal Contract Tower,0,1,8,0,9,0,1,85,0,86,0,2,93,0,95,50,0,50,145
08/01/2010,ESN,MD,AEA,EN,Federal Contract Tower,0,4,14,0,18,0,3,13,0,16,0,7,27,0,34,28,0,28,62
08/02/2010,ESN,MD,AEA,EN,Federal Contract Tower,0,4,12,0,16,0,2,36,0,38,0,6,48,0,54,58,0,58,112
08/03/2010,ESN,MD,AEA,EN,Federal Contract Tower,0,4,8,0,12,0,0,38,2,40,0,4,46,2,52,22,0,22,74
08/04/2010,ESN,MD,AEA,EN,Federal Contract Tower,0,9,7,0,16,0,1,15,2,18,0,10,22,2,34,28,2,30,64
08/05/2010,ESN,MD,AEA,EN,Federal Contract Tower,0,3,6,0,9,0,0,19,0,19,0,3,25,0,28,60,0,60,88
08/06/2010,ESN,MD,AEA,EN,Federal Contract Tower,0,4,11,0,15,0,0,60,0,60,0,4,71,0,75,50,0,50,125
08/07/2010,ESN,MD,AEA,EN,Federal Contract Tower,0,1,9,0,10,0,1,79,0,80,0,2,88,0,90,136,0,136,226
08/08/2010,ESN,MD,AEA,EN,Federal Contract Tower,0,2,19,0,21,0,1,70,0,71,0,3,89,0,92,58,0,58,150
08/09/2010,ESN,MD,AEA,EN,Federal Contract Tower,0,2,12,1,15,0,1,44,1,46,0,3,56,2,61,84,0,84,145
08/10/2010,ESN,MD,AEA,EN,Federal Contract Tower,0,5,7,0,12,0,0,64,0,64,0,5,71,0,76,72,0,72,148
08/11/2010,ESN,MD,AEA,EN,Federal Contract Tower,0,2,24,0,26,0,0,24,4,28,0,2,48,4,54,84,32,116,170
08/12/2010,ESN,MD,AEA,EN,Federal Contract Tower,0,4,9,0,13,0,0,17,7,24,0,4,26,7,37,0,24,24,61
08/13/2010,ESN,MD,AEA,EN,Federal Contract Tower,0,5,19,0,24,0,0,34,5,39,0,5,53,5,63,6,22,28,91
08/14/2010,ESN,MD,AEA,EN,Federal Contract Tower,0,1,11,0,12,0,1,85,4,90,0,2,96,4,102,32,0,32,134
08/15/2010,ESN,MD,AEA,EN,Federal Contract Tower,0,5,18,1,24,0,0,20,0,20,0,5,38,1,44,10,0,10,54
08/16/2010,ESN,MD,AEA,EN,Federal Contract Tower,0,0,14,0,14,0,0,45,0,45,0,0,59,0,59,86,0,86,145
08/17/2010,ESN,MD,AEA,EN,Federal Contract Tower,0,0,4,0,4,0,56,4,0,60,0,56,8,0,64,16,4,20,84
08/18/2010,ESN,MD,AEA,EN,Federal Contract Tower,0,0,9,0,9,0,0,0,0,0,0,0,9,0,9,0,0,0,9
08/19/2010,ESN,MD,AEA,EN,Federal Contract Tower,0,2,16,0,18,0,0,44,4,48,0,2,60,4,66,50,8,58,124
08/20/2010,ESN,MD,AEA,EN,Federal Contract Tower,0,3,13,0,16,0,0,81,2,83,0,3,94,2,99,38,0,38,137
08/21/2010,ESN,MD,AEA,EN,Federal Contract Tower,0,9,12,0,21,0,0,72,0,72,0,9,84,0,93,78,0,78,171
08/22/2010,ESN,MD,AEA,EN,Federal Contract Tower,0,0,12,0,12,0,2,17,0,19,0,2,29,0,31,12,0,12,43
08/23/2010,ESN,MD,AEA,EN,Federal Contract Tower,0,2,3,0,5,0,0,48,8,56,0,2,51,8,61,42,0,42,103
08/24/2010,ESN,MD,AEA,EN,Federal Contract Tower,0,0,12,0,12,0,1,25,8,34,0,1,37,8,46,52,0,52,98
08/25/2010,ESN,MD,AEA,EN,Federal Contract Tower,0,7,7,0,14,0,0,33,6,39,0,7,40,6,53,110,16,126,179
08/26/2010,ESN,MD,AEA,EN,Federal Contract Tower,0,4,19,0,23,0,0,69,0,69,0,4,88,0,92,108,0,108,200
08/27/2010,ESN,MD,AEA,EN,Federal Contract Tower,0,0,8,4,12,0,2,85,0,87,0,2,93,4,99,88,0,88,187
08/28/2010,ESN,MD,AEA,EN,Federal Contract Tower,0,0,6,0,6,0,1,98,0,99,0,1,104,0,105,98,4,102,207
08/29/2010,ESN,MD,AEA,EN,Federal Contract Tower,0,4,11,0,15,0,0,96,0,96,0,4,107,0,111,94,0,94,205
08/30/2010,ESN,MD,AEA,EN,Federal Contract Tower,0,7,14,0,21,0,1,39,0,40,0,8,53,0,61,38,0,38,99
08/31/2010,ESN,MD,AEA,EN,Federal Contract Tower,0,2,14,0,16,0,0,65,2,67,0,2,79,2,83,36,0,36,119
09/01/2010,ESN,MD,AEA,EN,Federal Contract Tower,0,2,19,1,22,0,0,66,4,70,0,2,85,5,92,74,0,74,166
09/02/2010,ESN,MD,AEA,EN,Federal Contract Tower,0,4,14,0,18,0,0,49,1,50,0,4,63,1,68,60,0,60,128
09/03/2010,ESN,MD,AEA,EN,Federal Contract Tower,0,1,10,0,11,0,0,19,0,19,0,1,29,0,30,26,0,26,56
09/04/2010,ESN,MD,AEA,EN,Federal Contract Tower,0,2,3,0,5,0,1,49,0,50,0,3,52,0,55,46,0,46,101
09/05/2010,ESN,MD,AEA,EN,Federal Contract Tower,0,4,9,1,14,0,2,67,0,69,0,6,76,1,83,102,0,102,185
09/06/2010,ESN,MD,AEA,EN,Federal Contract Tower,0,3,8,0,11,0,1,69,0,70,0,4,77,0,81,66,0,66,147
09/07/2010,ESN,MD,AEA,EN,Federal Contract Tower,0,3,7,4,14,0,0,31,5,36,0,3,38,9,50,36,18,54,104
09/08/2010,ESN,MD,AEA,EN,Federal Contract Tower,0,2,12,0,14,0,0,33,4,37,0,2,45,4,51,58,6,64,115
09/09/2010,ESN,MD,AEA,EN,Federal Contract Tower,0,6,5,1,12,0,0,37,3,40,0,6,42,4,52,28,0,28,80
09/10/2010,ESN,MD,AEA,EN,Federal Contract Tower,0,3,12,0,15,0,2,56,2,60,0,5,68,2,75,76,0,76,151
09/11/2010,ESN,MD,AEA,EN,Federal Contract Tower,0,2,15,0,17,0,0,67,4,71,0,2,82,4,88,86,0,86,174
09/12/2010,ESN,MD,AEA,EN,Federal Contract Tower,0,5,26,0,31,0,0,0,2,2,0,5,26,2,33,0,0,0,33
09/13/2010,ESN,MD,AEA,EN,Federal Contract Tower,0,2,18,0,20,0,2,35,0,37,0,4,53,0,57,58,0,58,115
09/14/2010,ESN,MD,AEA,EN,Federal Contract Tower,0,3,2,0,5,0,0,48,0,48,0,3,50,0,53,38,0,38,91
09/15/2010,ESN,MD,AEA,EN,Federal Contract Tower,0,2,14,0,16,0,0,44,0,44,0,2,58,0,60,80,0,80,140
09/16/2010,ESN,MD,AEA,EN,Federal Contract Tower,0,0,16,0,16,0,0,33,4,37,0,0,49,4,53,16,6,22,75
09/17/2010,ESN,MD,AEA,EN,Federal Contract Tower,0,2,17,0,19,0,0,41,0,41,0,2,58,0,60,58,0,58,118
09/18/2010,ESN,MD,AEA,EN,Federal Contract Tower,0,4,11,0,15,0,1,82,0,83,0,5,93,0,98,120,0,120,218
09/19/2010,ESN,MD,AEA,EN,Federal Contract Tower,0,2,19,0,21,0,1,65,0,66,0,3,84,0,87,78,0,78,165
09/20/2010,ESN,MD,AEA,EN,Federal Contract Tower,0,1,9,0,10,0,1,30,0,31,0,2,39,0,41,120,0,120,161
09/21/2010,ESN,MD,AEA,EN,Federal Contract Tower,0,1,9,0,10,0,0,66,4,70,0,1,75,4,80,84,12,96,176
09/22/2010,ESN,MD,AEA,EN,Federal Contract Tower,0,3,17,0,20,0,0,34,0,34,0,3,51,0,54,56,10,66,120
09/23/2010,ESN,MD,AEA,EN,Federal Contract Tower,0,5,8,0,13,0,0,58,2,60,0,5,66,2,73,82,4,86,159
09/24/2010,ESN,MD,AEA,EN,Federal Contract Tower,0,3,24,0,27,0,1,53,2,56,0,4,77,2,83,88,0,88,171
09/25/2010,ESN,MD,AEA,EN,Federal Contract Tower,0,2,16,2,20,0,0,84,0,84,0,2,100,2,104,154,0,154,258
09/26/2010,ESN,MD,AEA,EN,Federal Contract Tower,0,5,13,2,20,0,0,21,0,21,0,5,34,2,41,68,0,68,109
09/27/2010,ESN,MD,AEA,EN,Federal Contract Tower,0,2,11,2,15,0,0,0,0,0,0,2,11,2,15,0,0,0,15
09/28/2010,ESN,MD,AEA,EN,Federal Contract Tower,0,3,19,2,24,0,0,8,0,8,0,3,27,2,32,14,0,14,46
09/29/2010,ESN,MD,AEA,EN,Federal Contract Tower,0,2,22,0,24,0,0,23,0,23,0,2,45,0,47,40,0,40,87
09/30/2010,ESN,MD,AEA,EN,Federal Contract Tower,0,0,6,0,6,0,0,0,0,0,0,0,6,0,6,0,0,0,6
10/01/2010,ESN,MD,AEA,EN,Federal Contract Tower,0,11,9,0,20,0,1,18,2,21,0,12,27,2,41,22,0,22,63
10/02/2010,ESN,MD,AEA,EN,Federal Contract Tower,0,4,5,0,9,0,2,96,0,98,0,6,101,0,107,128,0,128,235
10/03/2010,ESN,MD,AEA,EN,Federal Contract Tower,0,8,8,0,16,0,0,20,0,20,0,8,28,0,36,34,0,34,70
10/04/2010,ESN,MD,AEA,EN,Federal Contract Tower,0,6,13,0,19,0,0,0,0,0,0,6,13,0,19,0,0,0,19
10/05/2010,ESN,MD,AEA,EN,Federal Contract Tower,0,2,18,0,20,0,0,22,0,22,0,2,40,0,42,30,0,30,72
10/06/2010,ESN,MD,AEA,EN,Federal Contract Tower,0,1,11,0,12,0,0,30,0,30,0,1,41,0,42,72,0,72,114
10/07/2010,ESN,MD,AEA,EN,Federal Contract Tower,0,2,16,2,20,0,1,65,0,66,0,3,81,2,86,92,0,92,178
10/08/2010,ESN,MD,AEA,EN,Federal Contract Tower,0,7,23,6,36,0,0,70,3,73,0,7,93,9,109,116,2,118,227
10/09/2010,ESN,MD,AEA,EN,Federal Contract Tower,0,5,9,0,14,0,1,67,0,68,0,6,76,0,82,60,0,60,142
10/10/2010,ESN,MD,AEA,EN,Federal Contract Tower,0,4,12,0,16,0,2,54,0,56,0,6,66,0,72,82,0,82,154
10/11/2010,ESN,MD,AEA,EN,Federal Contract Tower,0,4,9,0,13,0,1,58,0,59,0,5,67,0,72,140,0,140,212
10/12/2010,ESN,MD,AEA,EN,Federal Contract Tower,0,2,21,0,23,0,0,60,2,62,0,2,81,2,85,98,8,106,191
10/13/2010,ESN,MD,AEA,EN,Federal Contract Tower,0,6,14,0,20,0,0,67,0,67,0,6,81,0,87,112,0,112,199
10/14/2010,ESN,MD,AEA,EN,Federal Contract Tower,0,3,14,0,17,0,0,1,0,1,0,3,15,0,18,0,0,0,18
10/15/2010,ESN,MD,AEA,EN,Federal Contract Tower,0,2,8,3,13,0,1,18,0,19,0,3,26,3,32,12,0,12,44
10/16/2010,ESN,MD,AEA,EN,Federal Contract Tower,0,3,3,0,6,0,0,29,0,29,0,3,32,0,35,22,0,22,57
10/17/2010,ESN,MD,AEA,EN,Federal Contract Tower,0,5,19,3,27,0,2,52,0,54,0,7,71,3,81,74,0,74,155
10/18/2010,ESN,MD,AEA,EN,Federal Contract Tower,0,2,7,0,9,0,1,61,2,64,0,3,68,2,73,104,0,104,177
10/19/2010,ESN,MD,AEA,EN,Federal Contract Tower,0,3,26,1,30,0,0,19,2,21,0,3,45,3,51,28,2,30,81
10/20/2010,ESN,MD,AEA,EN,Federal Contract Tower,0,3,28,8,39,0,0,6,2,8,0,3,34,10,47,0,4,4,51
10/21/2010,ESN,MD,AEA,EN,Federal Contract Tower,0,7,20,0,27,0,0,28,0,28,0,7,48,0,55,66,4,70,125
10/22/2010,ESN,MD,AEA,EN,Federal Contract Tower,0,2,22,0,24,0,0,57,1,58,0,2,79,1,82,32,6,38,120
10/23/2010,ESN,MD,AEA,EN,Federal Contract Tower,0,5,9,0,14,0,0,97,0,97,0,5,106,0,111,112,0,112,223
10/24/2010,ESN,MD,AEA,EN,Federal Contract Tower,0,0,16,0,16,0,2,63,0,65,0,2,79,0,81,64,0,64,145
10/25/2010,ESN,MD,AEA,EN,Federal Contract Tower,0,0,10,0,10,0,0,31,0,31,0,0,41,0,41,36,0,36,77
10/26/2010,ESN,MD,AEA,EN,Federal Contract Tower,0,4,19,0,23,0,1,31,0,32,0,5,50,0,55,40,0,40,95
10/27/2010,ESN,MD,AEA,EN,Federal Contract Tower,0,5,6,0,11,0,0,13,4,17,0,5,19,4,28,14,20,34,62
10/28/2010,ESN,MD,AEA,EN,Federal Contract Tower,0,3,16,0,19,0,2,90,0,92,0,5,106,0,111,60,0,60,171
10/29/2010,ESN,MD,AEA,EN,Federal Contract Tower,0,7,14,0,21,0,0,38,0,38,0,7,52,0,59,18,2,20,79
10/30/2010,ESN,MD,AEA,EN,Federal Contract Tower,0,2,12,0,14,0,0,50,0,50,0,2,62,0,64,94,0,94,158
10/31/2010,ESN,MD,AEA,EN,Federal Contract Tower,0,5,10,0,15,0,0,49,1,50,0,5,59,1,65,40,0,40,105
11/01/2010,ESN,MD,AEA,EN,Federal Contract Tower,0,0,18,1,19,0,1,42,1,44,0,1,60,2,63,108,2,110,173
11/02/2010,ESN,MD,AEA,EN,Federal Contract Tower,0,0,16,2,18,0,0,79,0,79,0,0,95,2,97,130,0,130,227
11/03/2010,ESN,MD,AEA,EN,Federal Contract Tower,0,2,17,0,19,0,0,61,2,63,0,2,78,2,82,96,10,106,188
11/04/2010,ESN,MD,AEA,EN,Federal Contract Tower,0,4,18,0,22,0,0,0,0,0,0,4,18,0,22,0,0,0,22
11/05/2010,ESN,MD,AEA,EN,Federal Contract Tower,0,4,8,0,12,0,0,26,3,29,0,4,34,3,41,38,0,38,79
11/06/2010,ESN,MD,AEA,EN,Federal Contract Tower,0,1,7,1,9,0,1,78,0,79,0,2,85,1,88,80,0,80,168
11/07/2010,ESN,MD,AEA,EN,Federal Contract Tower,0,4,12,0,16,0,1,48,3,52,0,5,60,3,68,50,0,50,118
11/08/2010,ESN,MD,AEA,EN,Federal Contract Tower,0,1,14,0,15,0,1,22,0,23,0,2,36,0,38,24,0,24,62
11/09/2010,ESN,MD,AEA,EN,Federal Contract Tower,0,1,10,2,13,0,0,25,0,25,0,1,35,2,38,56,8,64,102
11/10/2010,ESN,MD,AEA,EN,Federal Contract Tower,0,4,12,0,16,0,0,62,4,66,0,4,74,4,82,90,2,92,174
11/11/2010,ESN,MD,AEA,EN,Federal Contract Tower,0,3,13,0,16,0,2,72,1,75,0,5,85,1,91,194,0,194,285
11/12/2010,ESN,MD,AEA,EN,Federal Contract Tower,0,3,15,0,18,0,0,82,0,82,0,3,97,0,100,90,0,90,190
11/13/2010,ESN,MD,AEA,EN,Federal Contract Tower,0,0,11,0,11,0,0,115,1,116,0,0,126,1,127,94,0,94,221
11/14/2010,ESN,MD,AEA,EN,Federal Contract Tower,0,3,12,0,15,0,0,73,0,73,0,3,85,0,88,130,0,130,218
11/15/2010,ESN,MD,AEA,EN,Federal Contract Tower,0,1,14,0,15,0,0,17,0,17,0,1,31,0,32,24,0,24,56
11/16/2010,ESN,MD,AEA,EN,Federal Contract Tower,0,1,5,0,6,0,0,5,0,5,0,1,10,0,11,4,6,10,21
11/17/2010,ESN,MD,AEA,EN,Federal Contract Tower,0,3,4,0,7,0,1,15,0,16,0,4,19,0,23,18,4,22,45
11/18/2010,ESN,MD,AEA,EN,Federal Contract Tower,0,0,6,0,6,0,2,59,0,61,0,2,65,0,67,92,0,92,159
11/19/2010,ESN,MD,AEA,EN,Federal Contract Tower,0,6,18,2,26,0,1,68,0,69,0,7,86,2,95,96,0,96,191
11/20/2010,ESN,MD,AEA,EN,Federal Contract Tower,0,3,13,0,16,0,0,97,0,97,0,3,110,0,113,158,0,158,271
11/21/2010,ESN,MD,AEA,EN,Federal Contract Tower,0,10,13,2,25,0,0,79,0,79,0,10,92,2,104,114,0,114,218
11/22/2010,ESN,MD,AEA,EN,Federal Contract Tower,0,3,14,0,17,0,1,56,0,57,0,4,70,0,74,58,2,60,134
11/23/2010,ESN,MD,AEA,EN,Federal Contract Tower,0,5,6,0,11,0,0,42,2,44,0,5,48,2,55,64,0,64,119
11/24/2010,ESN,MD,AEA,EN,Federal Contract Tower,0,5,24,0,29,0,0,56,0,56,0,5,80,0,85,58,0,58,143
11/25/2010,ESN,MD,AEA,EN,Federal Contract Tower,0,1,4,0,5,0,0,0,0,0,0,1,4,0,5,4,0,4,9
11/26/2010,ESN,MD,AEA,EN,Federal Contract Tower,0,0,4,0,4,0,0,10,0,10,0,0,14,0,14,24,0,24,38
11/27/2010,ESN,MD,AEA,EN,Federal Contract Tower,0,1,12,0,13,0,0,13,2,15,0,1,25,2,28,3,3,6,34
11/28/2010,ESN,MD,AEA,EN,Federal Contract Tower,0,5,3,0,8,0,1,53,0,54,0,6,56,0,62,78,0,78,140
11/29/2010,ESN,MD,AEA,EN,Federal Contract Tower,0,2,12,0,14,0,0,76,0,76,0,2,88,0,90,62,0,62,152
11/30/2010,ESN,MD,AEA,EN,Federal Contract Tower,0,3,12,0,15,0,1,7,2,10,0,4,19,2,25,0,8,8,33
12/01/2010,ESN,MD,AEA,EN,Federal Contract Tower,0,2,4,0,6,0,0,6,0,6,0,2,10,0,12,0,0,0,12
12/02/2010,ESN,MD,AEA,EN,Federal Contract Tower,0,0,13,0,13,0,1,30,2,33,0,1,43,2,46,26,0,26,72
12/03/2010,ESN,MD,AEA,EN,Federal Contract Tower,0,1,16,0,17,0,0,58,0,58,0,1,74,0,75,32,0,32,107
12/04/2010,ESN,MD,AEA,EN,Federal Contract Tower,0,0,10,0,10,0,1,64,1,66,0,1,74,1,76,62,8,70,146
12/05/2010,ESN,MD,AEA,EN,Federal Contract Tower,0,5,2,0,7,0,0,15,0,15,0,5,17,0,22,8,0,8,30
12/06/2010,ESN,MD,AEA,EN,Federal Contract Tower,0,0,9,0,9,0,0,12,1,13,0,0,21,1,22,0,0,0,22
12/07/2010,ESN,MD,AEA,EN,Federal Contract Tower,0,0,4,0,4,0,1,27,2,30,0,1,31,2,34,26,0,26,60
12/08/2010,ESN,MD,AEA,EN,Federal Contract Tower,0,1,14,0,15,0,0,21,0,21,0,1,35,0,36,34,0,34,70
12/09/2010,ESN,MD,AEA,EN,Federal Contract Tower,0,1,8,0,9,0,0,36,0,36,0,1,44,0,45,58,6,64,109
12/10/2010,ESN,MD,AEA,EN,Federal Contract Tower,0,0,5,0,5,0,1,29,0,30,0,1,34,0,35,34,0,34,69
12/11/2010,ESN,MD,AEA,EN,Federal Contract Tower,0,0,20,0,20,0,0,42,0,42,0,0,62,0,62,52,0,52,114
12/12/2010,ESN,MD,AEA,EN,Federal Contract Tower,0,0,6,0,6,0,0,0,0,0,0,0,6,0,6,0,0,0,6
12/13/2010,ESN,MD,AEA,EN,Federal Contract Tower,0,1,7,0,8,0,0,4,0,4,0,1,11,0,12,10,0,10,22
12/14/2010,ESN,MD,AEA,EN,Federal Contract Tower,0,2,9,0,11,0,1,15,0,16,0,3,24,0,27,26,0,26,53
12/15/2010,ESN,MD,AEA,EN,Federal Contract Tower,0,4,5,0,9,0,0,22,0,22,0,4,27,0,31,24,0,24,55
12/16/2010,ESN,MD,AEA,EN,Federal Contract Tower,0,0,2,0,2,0,0,6,0,6,0,0,8,0,8,32,0,32,40
12/17/2010,ESN,MD,AEA,EN,Federal Contract Tower,0,1,13,0,14,0,0,25,2,27,0,1,38,2,41,28,0,28,69
12/18/2010,ESN,MD,AEA,EN,Federal Contract Tower,0,1,8,0,9,0,1,81,0,82,0,2,89,0,91,72,0,72,163
12/19/2010,ESN,MD,AEA,EN,Federal Contract Tower,0,0,5,0,5,0,0,23,0,23,0,0,28,0,28,92,0,92,120
12/20/2010,ESN,MD,AEA,EN,Federal Contract Tower,0,4,9,0,13,0,1,37,0,38,0,5,46,0,51,46,0,46,97
12/21/2010,ESN,MD,AEA,EN,Federal Contract Tower,0,3,19,0,22,0,2,30,6,38,0,5,49,6,60,82,0,82,142
12/22/2010,ESN,MD,AEA,EN,Federal Contract Tower,0,4,9,0,13,0,0,40,0,40,0,4,49,0,53,82,0,82,135
12/23/2010,ESN,MD,AEA,EN,Federal Contract Tower,0,1,3,0,4,0,0,6,0,6,0,1,9,0,10,2,0,2,12
12/24/2010,ESN,MD,AEA,EN,Federal Contract Tower,0,0,9,0,9,0,0,25,0,25,0,0,34,0,34,12,0,12,46
12/25/2010,ESN,MD,AEA,EN,Federal Contract Tower,0,0,1,0,1,0,0,2,0,2,0,0,3,0,3,0,0,0,3
12/26/2010,ESN,MD,AEA,EN,Federal Contract Tower,0,0,3,0,3,0,0,0,0,0,0,0,3,0,3,0,0,0,3
12/27/2010,ESN,MD,AEA,EN,Federal Contract Tower,0,0,2,0,2,0,1,3,0,4,0,1,5,0,6,4,0,4,10
12/28/2010,ESN,MD,AEA,EN,Federal Contract Tower,0,2,7,0,9,0,0,17,0,17,0,2,24,0,26,14,0,14,40
12/29/2010,ESN,MD,AEA,EN,Federal Contract Tower,0,0,9,1,10,0,0,70,2,72,0,0,79,3,82,108,0,108,190
12/30/2010,ESN,MD,AEA,EN,Federal Contract Tower,0,0,3,0,3,0,0,66,0,66,0,0,69,0,69,78,0,78,147
12/31/2010,ESN,MD,AEA,EN,Federal Contract Tower,0,2,5,0,7,0,0,95,0,95,0,2,100,0,102,56,0,56,158
01/01/2011,ESN,MD,AEA,EN,Federal Contract Tower,0,0,11,2,13,0,1,23,0,24,0,1,34,2,37,26,0,26,63
01/02/2011,ESN,MD,AEA,EN,Federal Contract Tower,0,2,8,0,10,0,1,6,0,7,0,3,14,0,17,6,0,6,23
01/03/2011,ESN,MD,AEA,EN,Federal Contract Tower,0,0,10,0,10,0,0,49,0,49,0,0,59,0,59,88,0,88,147
01/04/2011,ESN,MD,AEA,EN,Federal Contract Tower,0,3,7,0,10,0,0,37,0,37,0,3,44,0,47,112,0,112,159
01/05/2011,ESN,MD,AEA,EN,Federal Contract Tower,0,3,10,0,13,0,0,68,2,70,0,3,78,2,83,60,0,60,143
01/06/2011,ESN,MD,AEA,EN,Federal Contract Tower,0,0,7,0,7,0,0,37,0,37,0,0,44,0,44,98,0,98,142
01/07/2011,ESN,MD,AEA,EN,Federal Contract Tower,0,3,3,0,6,0,0,21,0,21,0,3,24,0,27,50,0,50,77
01/08/2011,ESN,MD,AEA,EN,Federal Contract Tower,0,2,0,0,2,0,0,0,0,0,0,2,0,0,2,0,0,0,2
01/09/2011,ESN,MD,AEA,EN,Federal Contract Tower,0,1,3,0,4,0,0,21,0,21,0,1,24,0,25,34,0,34,59
01/10/2011,ESN,MD,AEA,EN,Federal Contract Tower,0,3,9,0,12,0,1,30,0,31,0,4,39,0,43,62,0,62,105
01/11/2011,ESN,MD,AEA,EN,Federal Contract Tower,0,2,6,0,8,0,0,6,2,8,0,2,12,2,16,0,0,0,16
01/12/2011,ESN,MD,AEA,EN,Federal Contract Tower,0,1,5,0,6,0,0,4,4,8,0,1,9,4,14,0,8,8,22
01/13/2011,ESN,MD,AEA,EN,Federal Contract Tower,0,3,10,0,13,0,0,42,0,42,0,3,52,0,55,58,0,58,113
01/14/2011,ESN,MD,AEA,EN,Federal Contract Tower,0,4,16,8,28,0,0,84,3,87,0,4,100,11,115,84,2,86,201
01/15/2011,ESN,MD,AEA,EN,Federal Contract Tower,0,6,6,0,12,0,0,72,0,72,0,6,78,0,84,124,0,124,208
01/16/2011,ESN,MD,AEA,EN,Federal Contract Tower,0,0,6,0,6,0,0,33,0,33,0,0,39,0,39,82,0,82,121
01/17/2011,ESN,MD,AEA,EN,Federal Contract Tower,0,1,18,0,19,0,4,29,0,33,0,5,47,0,52,90,0,90,142
01/18/2011,ESN,MD,AEA,EN,Federal Contract Tower,0,0,1,0,1,0,0,0,0,0,0,0,1,0,1,0,0,0,1
01/19/2011,ESN,MD,AEA,EN,Federal Contract Tower,0,0,11,0,11,0,0,34,2,36,0,0,45,2,47,38,2,40,87
01/20/2011,ESN,MD,AEA,EN,Federal Contract Tower,0,0,18,0,18,0,0,51,4,55,0,0,69,4,73,56,0,56,129
01/21/2011,ESN,MD,AEA,EN,Federal Contract Tower,0,2,6,0,8,0,0,25,0,25,0,2,31,0,33,2,4,6,39
01/22/2011,ESN,MD,AEA,EN,Federal Contract Tower,0,0,7,0,7,0,37,0,0,37,0,37,7,0,44,94,0,94,138
01/23/2011,ESN,MD,AEA,EN,Federal Contract Tower,0,2,6,0,8,0,2,22,0,24,0,4,28,0,32,80,0,80,112
01/24/2011,ESN,MD,AEA,EN,Federal Contract Tower,0,1,11,0,12,0,1,30,0,31,0,2,41,0,43,44,0,44,87
01/25/2011,ESN,MD,AEA,EN,Federal Contract Tower,0,3,3,2,8,0,0,39,2,41,0,3,42,4,49,16,4,20,69
01/26/2011,ESN,MD,AEA,EN,Federal Contract Tower,0,0,7,0,7,0,0,0,0,0,0,0,7,0,7,0,0,0,7
01/27/2011,ESN,MD,AEA,EN,Federal Contract Tower,0,0,7,0,7,0,0,3,0,3,0,0,10,0,10,16,4,20,30
01/28/2011,ESN,MD,AEA,EN,Federal Contract Tower,0,0,11,0,11,0,0,3,0,3,0,0,14,0,14,0,0,0,14
01/29/2011,ESN,MD,AEA,EN,Federal Contract Tower,0,0,15,0,15,0,0,55,0,55,0,0,70,0,70,110,0,110,180
01/30/2011,ESN,MD,AEA,EN,Federal Contract Tower,0,0,6,0,6,0,37,2,0,39,0,37,8,0,45,110,0,110,155
01/31/2011,ESN,MD,AEA,EN,Federal Contract Tower,0,0,15,0,15,0,1,24,2,27,0,1,39,2,42,42,0,42,84
02/01/2011,ESN,MD,AEA,EN,Federal Contract Tower,0,0,0,0,0,0,0,0,0,0,0,0,0,0,0,0,0,0,0
02/02/2011,ESN,MD,AEA,EN,Federal Contract Tower,0,0,4,0,4,0,0,7,2,9,0,0,11,2,13,22,20,42,55
02/03/2011,ESN,MD,AEA,EN,Federal Contract Tower,0,0,12,0,12,0,0,10,6,16,0,0,22,6,28,12,0,12,40
02/04/2011,ESN,MD,AEA,EN,Federal Contract Tower,0,0,3,0,3,0,0,44,8,52,0,0,47,8,55,58,0,58,113
02/05/2011,ESN,MD,AEA,EN,Federal Contract Tower,0,0,0,0,0,0,0,0,0,0,0,0,0,0,0,0,0,0,0
02/06/2011,ESN,MD,AEA,EN,Federal Contract Tower,0,2,14,0,16,0,0,55,2,57,0,2,69,2,73,178,0,178,251
02/07/2011,ESN,MD,AEA,EN,Federal Contract Tower,0,2,7,0,9,0,2,40,1,43,0,4,47,1,52,44,8,52,104
02/08/2011,ESN,MD,AEA,EN,Federal Contract Tower,0,2,3,0,5,0,1,5,6,12,0,3,8,6,17,0,6,6,23
02/09/2011,ESN,MD,AEA,EN,Federal Contract Tower,0,4,10,0,14,0,0,33,9,42,0,4,43,9,56,68,16,84,140
02/10/2011,ESN,MD,AEA,EN,Federal Contract Tower,0,0,6,0,6,0,0,19,2,21,0,0,25,2,27,38,2,40,67
02/11/2011,ESN,MD,AEA,EN,Federal Contract Tower,0,3,11,0,14,0,2,55,4,61,0,5,66,4,75,152,14,166,241
02/12/2011,ESN,MD,AEA,EN,Federal Contract Tower,0,0,3,0,3,0,0,29,1,30,0,0,32,1,33,58,0,58,91
02/13/2011,ESN,MD,AEA,EN,Federal Contract Tower,0,0,2,0,2,0,0,23,0,23,0,0,25,0,25,90,0,90,115
02/14/2011,ESN,MD,AEA,EN,Federal Contract Tower,0,0,6,6,12,0,1,12,0,13,0,1,18,6,25,12,0,12,37
02/15/2011,ESN,MD,AEA,EN,Federal Contract Tower,0,0,7,3,10,0,0,30,4,34,0,0,37,7,44,60,2,62,106
02/16/2011,ESN,MD,AEA,EN,Federal Contract Tower,0,2,7,0,9,0,1,49,2,52,0,3,56,2,61,64,0,64,125
02/17/2011,ESN,MD,AEA,EN,Federal Contract Tower,0,2,11,0,13,0,0,60,0,60,0,2,71,0,73,94,0,94,167
02/18/2011,ESN,MD,AEA,EN,Federal Contract Tower,0,2,16,0,18,0,0,34,0,34,0,2,50,0,52,86,6,92,144
02/19/2011,ESN,MD,AEA,EN,Federal Contract Tower,0,1,0,0,1,0,0,1,0,1,0,1,1,0,2,0,0,0,2
02/20/2011,ESN,MD,AEA,EN,Federal Contract Tower,0,2,14,1,17,0,1,65,0,66,0,3,79,1,83,106,0,106,189
02/21/2011,ESN,MD,AEA,EN,Federal Contract Tower,0,3,7,0,10,0,0,13,0,13,0,3,20,0,23,20,0,20,43
02/22/2011,ESN,MD,AEA,EN,Federal Contract Tower,0,0,8,0,8,0,1,17,0,18,0,1,25,0,26,44,0,44,70
02/23/2011,ESN,MD,AEA,EN,Federal Contract Tower,0,2,3,2,7,0,0,38,0,38,0,2,41,2,45,72,0,72,117
02/24/2011,ESN,MD,AEA,EN,Federal Contract Tower,0,2,9,6,17,0,0,33,2,35,0,2,42,8,52,72,56,128,180
02/25/2011,ESN,MD,AEA,EN,Federal Contract Tower,0,1,7,0,8,0,0,0,0,0,0,1,7,0,8,0,0,0,8
02/26/2011,ESN,MD,AEA,EN,Federal Contract Tower,0,2,7,0,9,0,0,56,0,56,0,2,63,0,65,148,0,148,213
02/27/2011,ESN,MD,AEA,EN,Federal Contract Tower,0,0,12,0,12,0,0,66,0,66,0,0,78,0,78,160,0,160,238
02/28/2011,ESN,MD,AEA,EN,Federal Contract Tower,0,0,6,0,6,0,0,3,0,3,0,0,9,0,9,0,0,0,9
03/01/2011,ESN,MD,AEA,EN,Federal Contract Tower,0,0,12,6,18,0,0,40,4,44,0,0,52,10,62,90,2,92,154
03/02/2011,ESN,MD,AEA,EN,Federal Contract Tower,0,0,10,0,10,0,0,40,4,44,0,0,50,4,54,38,2,40,94
03/03/2011,ESN,MD,AEA,EN,Federal Contract Tower,0,2,8,0,10,0,1,35,0,36,0,3,43,0,46,50,0,50,96
03/04/2011,ESN,MD,AEA,EN,Federal Contract Tower,0,0,9,3,12,0,0,62,1,63,0,0,71,4,75,134,0,134,209
03/05/2011,ESN,MD,AEA,EN,Federal Contract Tower,0,2,4,0,6,0,0,34,0,34,0,2,38,0,40,46,0,46,86
03/06/2011,ESN,MD,AEA,EN,Federal Contract Tower,0,0,10,0,10,0,0,0,0,0,0,0,10,0,10,0,0,0,10
03/07/2011,ESN,MD,AEA,EN,Federal Contract Tower,0,3,4,0,7,0,1,12,0,13,0,4,16,0,20,2,0,2,22
03/08/2011,ESN,MD,AEA,EN,Federal Contract Tower,0,0,5,0,5,0,0,61,9,70,0,0,66,9,75,138,8,146,221
03/09/2011,ESN,MD,AEA,EN,Federal Contract Tower,0,0,6,0,6,0,0,27,2,29,0,0,33,2,35,50,22,72,107
03/10/2011,ESN,MD,AEA,EN,Federal Contract Tower,0,0,6,0,6,0,0,0,0,0,0,0,6,0,6,0,0,0,6
03/11/2011,ESN,MD,AEA,EN,Federal Contract Tower,0,2,11,0,13,0,0,37,0,37,0,2,48,0,50,86,0,86,136
03/12/2011,ESN,MD,AEA,EN,Federal Contract Tower,0,0,8,0,8,0,0,62,0,62,0,0,70,0,70,114,0,114,184
03/13/2011,ESN,MD,AEA,EN,Federal Contract Tower,0,0,10,0,10,0,1,52,0,53,0,1,62,0,63,108,0,108,171
03/14/2011,ESN,MD,AEA,EN,Federal Contract Tower,0,4,7,0,11,0,0,38,0,38,0,4,45,0,49,60,0,60,109
03/15/2011,ESN,MD,AEA,EN,Federal Contract Tower,0,0,7,2,9,0,0,43,2,45,0,0,50,4,54,78,4,82,136
03/16/2011,ESN,MD,AEA,EN,Federal Contract Tower,0,1,10,0,11,0,0,16,0,16,0,1,26,0,27,12,0,12,39
03/17/2011,ESN,MD,AEA,EN,Federal Contract Tower,0,3,8,0,11,0,1,78,2,81,0,4,86,2,92,110,0,110,202
03/18/2011,ESN,MD,AEA,EN,Federal Contract Tower,0,4,11,0,15,0,0,54,0,54,0,4,65,0,69,64,0,64,133
03/19/2011,ESN,MD,AEA,EN,Federal Contract Tower,0,0,7,0,7,0,0,44,0,44,0,0,51,0,51,58,0,58,109
03/20/2011,ESN,MD,AEA,EN,Federal Contract Tower,0,0,10,0,10,0,0,40,1,41,0,0,50,1,51,122,0,122,173
03/21/2011,ESN,MD,AEA,EN,Federal Contract Tower,0,2,12,0,14,0,0,8,0,8,0,2,20,0,22,36,0,36,58
03/22/2011,ESN,MD,AEA,EN,Federal Contract Tower,0,5,5,0,10,0,0,50,0,50,0,5,55,0,60,106,8,114,174
03/23/2011,ESN,MD,AEA,EN,Federal Contract Tower,0,2,10,0,12,0,0,1,0,1,0,2,11,0,13,0,0,0,13
03/24/2011,ESN,MD,AEA,EN,Federal Contract Tower,0,7,18,5,30,0,0,4,1,5,0,7,22,6,35,16,0,16,51
03/25/2011,ESN,MD,AEA,EN,Federal Contract Tower,0,4,3,0,7,0,1,60,0,61,0,5,63,0,68,172,0,172,240
03/26/2011,ESN,MD,AEA,EN,Federal Contract Tower,0,2,6,0,8,0,0,77,4,81,0,2,83,4,89,148,0,148,237
03/27/2011,ESN,MD,AEA,EN,Federal Contract Tower,0,1,5,0,6,0,0,21,0,21,0,1,26,0,27,52,0,52,79
03/28/2011,ESN,MD,AEA,EN,Federal Contract Tower,0,0,14,2,16,0,0,19,0,19,0,0,33,2,35,52,0,52,87
03/29/2011,ESN,MD,AEA,EN,Federal Contract Tower,0,0,4,0,4,0,0,69,0,69,0,0,73,0,73,118,20,138,211
03/30/2011,ESN,MD,AEA,EN,Federal Contract Tower,0,2,4,2,8,0,0,20,0,20,0,2,24,2,28,30,4,34,62
03/31/2011,ESN,MD,AEA,EN,Federal Contract Tower,0,2,16,0,18,0,0,0,0,0,0,2,16,0,18,0,0,0,18
04/01/2011,ESN,MD,AEA,EN,Federal Contract Tower,0,0,18,1,19,0,0,7,0,7,0,0,25,1,26,6,2,8,34
04/02/2011,ESN,MD,AEA,EN,Federal Contract Tower,0,0,8,0,8,0,0,16,1,17,0,0,24,1,25,34,12,46,71
04/03/2011,ESN,MD,AEA,EN,Federal Contract Tower,0,2,12,0,14,0,0,67,1,68,0,2,79,1,82,210,0,210,292
04/04/2011,ESN,MD,AEA,EN,Federal Contract Tower,0,2,7,0,9,0,0,19,3,22,0,2,26,3,31,36,0,36,67
04/05/2011,ESN,MD,AEA,EN,Federal Contract Tower,0,2,7,0,9,0,0,9,0,9,0,2,16,0,18,0,16,16,34
04/06/2011,ESN,MD,AEA,EN,Federal Contract Tower,0,0,17,0,17,0,0,46,0,46,0,0,63,0,63,76,18,94,157
04/07/2011,ESN,MD,AEA,EN,Federal Contract Tower,0,3,12,0,15,0,1,62,0,63,0,4,74,0,78,134,22,156,234
04/08/2011,ESN,MD,AEA,EN,Federal Contract Tower,0,4,18,0,22,0,0,4,0,4,0,4,22,0,26,0,0,0,26
04/09/2011,ESN,MD,AEA,EN,Federal Contract Tower,0,2,30,0,32,0,0,6,0,6,0,2,36,0,38,18,0,18,56
04/10/2011,ESN,MD,AEA,EN,Federal Contract Tower,0,5,37,0,42,0,0,23,0,23,0,5,60,0,65,28,0,28,93
04/11/2011,ESN,MD,AEA,EN,Federal Contract Tower,0,5,9,0,14,0,1,31,1,33,0,6,40,1,47,18,0,18,65
04/12/2011,ESN,MD,AEA,EN,Federal Contract Tower,0,0,6,0,6,0,0,9,2,11,0,0,15,2,17,20,0,20,37
04/13/2011,ESN,MD,AEA,EN,Federal Contract Tower,0,2,12,0,14,0,0,5,0,5,0,2,17,0,19,42,26,68,87
04/14/2011,ESN,MD,AEA,EN,Federal Contract Tower,0,0,14,0,14,0,0,61,4,65,0,0,75,4,79,148,12,160,239
04/15/2011,ESN,MD,AEA,EN,Federal Contract Tower,0,4,16,0,20,0,0,79,2,81,0,4,95,2,101,78,16,94,195
04/16/2011,ESN,MD,AEA,EN,Federal Contract Tower,0,0,5,0,5,0,0,0,0,0,0,0,5,0,5,0,0,0,5
04/17/2011,ESN,MD,AEA,EN,Federal Contract Tower,0,2,8,0,10,0,1,30,0,31,0,3,38,0,41,22,0,22,63
04/18/2011,ESN,MD,AEA,EN,Federal Contract Tower,0,0,10,0,10,0,0,55,0,55,0,0,65,0,65,78,0,78,143
04/19/2011,ESN,MD,AEA,EN,Federal Contract Tower,0,1,10,4,15,0,0,34,1,35,0,1,44,5,50,60,6,66,116
04/20/2011,ESN,MD,AEA,EN,Federal Contract Tower,0,3,6,6,15,0,0,33,3,36,0,3,39,9,51,82,8,90,141
04/21/2011,ESN,MD,AEA,EN,Federal Contract Tower,0,3,17,0,20,0,0,39,0,39,0,3,56,0,59,80,0,80,139
04/22/2011,ESN,MD,AEA,EN,Federal Contract Tower,0,4,17,0,21,0,0,24,1,25,0,4,41,1,46,20,0,20,66
04/23/2011,ESN,MD,AEA,EN,Federal Contract Tower,0,3,6,0,9,0,0,10,0,10,0,3,16,0,19,10,0,10,29
04/24/2011,ESN,MD,AEA,EN,Federal Contract Tower,0,2,4,0,6,0,1,31,0,32,0,3,35,0,38,78,0,78,116
04/25/2011,ESN,MD,AEA,EN,Federal Contract Tower,0,2,17,1,20,0,1,70,2,73,0,3,87,3,93,122,0,122,215
04/26/2011,ESN,MD,AEA,EN,Federal Contract Tower,0,1,17,2,20,0,0,52,0,52,0,1,69,2,72,64,0,64,136
04/27/2011,ESN,MD,AEA,EN,Federal Contract Tower,0,1,10,0,11,0,1,7,0,8,0,2,17,0,19,10,0,10,29
04/28/2011,ESN,MD,AEA,EN,Federal Contract Tower,0,1,11,0,12,0,0,9,0,9,0,1,20,0,21,8,0,8,29
04/29/2011,ESN,MD,AEA,EN,Federal Contract Tower,0,0,13,0,13,0,0,73,0,73,0,0,86,0,86,100,0,100,186
04/30/2011,ESN,MD,AEA,EN,Federal Contract Tower,0,1,20,0,21,0,0,76,2,78,0,1,96,2,99,118,0,118,217
05/01/2011,ESN,MD,AEA,EN,Federal Contract Tower,0,5,13,0,18,0,0,49,0,49,0,5,62,0,67,84,0,84,151
05/02/2011,ESN,MD,AEA,EN,Federal Contract Tower,0,3,8,0,11,0,0,38,2,40,0,3,46,2,51,74,0,74,125
05/03/2011,ESN,MD,AEA,EN,Federal Contract Tower,0,0,12,0,12,0,1,39,0,40,0,1,51,0,52,40,0,40,92
05/04/2011,ESN,MD,AEA,EN,Federal Contract Tower,0,1,9,0,10,0,0,3,0,3,0,1,12,0,13,34,0,34,47
05/05/2011,ESN,MD,AEA,EN,Federal Contract Tower,0,3,13,0,16,0,1,43,0,44,0,4,56,0,60,36,0,36,96
05/06/2011,ESN,MD,AEA,EN,Federal Contract Tower,0,6,10,0,16,0,1,46,3,50,0,7,56,3,66,74,0,74,140
05/07/2011,ESN,MD,AEA,EN,Federal Contract Tower,0,4,14,0,18,0,0,50,0,50,0,4,64,0,68,78,4,82,150
05/08/2011,ESN,MD,AEA,EN,Federal Contract Tower,0,1,9,0,10,0,1,39,0,40,0,2,48,0,50,158,0,158,208
05/09/2011,ESN,MD,AEA,EN,Federal Contract Tower,0,1,8,2,11,0,1,79,1,81,0,2,87,3,92,58,0,58,150
05/10/2011,ESN,MD,AEA,EN,Federal Contract Tower,0,4,9,2,15,0,0,65,3,68,0,4,74,5,83,80,0,80,163
05/11/2011,ESN,MD,AEA,EN,Federal Contract Tower,0,2,13,0,15,0,1,56,0,57,0,3,69,0,72,104,6,110,182
05/12/2011,ESN,MD,AEA,EN,Federal Contract Tower,0,1,11,0,12,0,0,65,0,65,0,1,76,0,77,130,0,130,207
05/13/2011,ESN,MD,AEA,EN,Federal Contract Tower,0,1,33,2,36,0,0,37,0,37,0,1,70,2,73,17,0,17,90
05/14/2011,ESN,MD,AEA,EN,Federal Contract Tower,0,3,35,0,38,0,0,4,0,4,0,3,39,0,42,6,0,6,48
05/15/2011,ESN,MD,AEA,EN,Federal Contract Tower,0,7,0,0,7,0,0,7,0,7,0,7,7,0,14,4,0,4,18
05/16/2011,ESN,MD,AEA,EN,Federal Contract Tower,0,1,13,0,14,0,0,22,0,22,0,1,35,0,36,14,0,14,50
05/17/2011,ESN,MD,AEA,EN,Federal Contract Tower,0,0,12,0,12,0,0,0,0,0,0,0,12,0,12,0,0,0,12
05/18/2011,ESN,MD,AEA,EN,Federal Contract Tower,0,2,10,0,12,0,0,2,0,2,0,2,12,0,14,2,0,2,16
05/19/2011,ESN,MD,AEA,EN,Federal Contract Tower,0,3,14,0,17,0,0,6,0,6,0,3,20,0,23,10,0,10,33
05/20/2011,ESN,MD,AEA,EN,Federal Contract Tower,0,7,24,0,31,0,0,42,0,42,0,7,66,0,73,94,0,94,167
05/21/2011,ESN,MD,AEA,EN,Federal Contract Tower,0,2,8,0,10,0,0,87,0,87,0,2,95,0,97,142,0,142,239
05/22/2011,ESN,MD,AEA,EN,Federal Contract Tower,0,6,12,0,18,0,0,43,2,45,0,6,55,2,63,108,0,108,171
05/23/2011,ESN,MD,AEA,EN,Federal Contract Tower,0,3,13,0,16,0,2,12,0,14,0,5,25,0,30,34,0,34,64
05/24/2011,ESN,MD,AEA,EN,Federal Contract Tower,0,11,14,2,27,0,0,59,0,59,0,11,73,2,86,146,12,158,244
05/25/2011,ESN,MD,AEA,EN,Federal Contract Tower,0,4,16,0,20,0,0,66,0,66,0,4,82,0,86,182,0,182,268
05/26/2011,ESN,MD,AEA,EN,Federal Contract Tower,0,7,17,0,24,0,2,51,0,53,0,9,68,0,77,92,0,92,169
05/27/2011,ESN,MD,AEA,EN,Federal Contract Tower,0,4,7,1,12,0,0,61,2,63,0,4,68,3,75,64,0,64,139
05/28/2011,ESN,MD,AEA,EN,Federal Contract Tower,0,5,8,0,13,0,0,67,4,71,0,5,75,4,84,0,72,72,156
05/29/2011,ESN,MD,AEA,EN,Federal Contract Tower,0,4,12,5,21,0,0,62,2,64,0,4,74,7,85,58,2,60,145
05/30/2011,ESN,MD,AEA,EN,Federal Contract Tower,0,4,10,0,14,0,0,72,0,72,0,4,82,0,86,72,0,72,158
05/31/2011,ESN,MD,AEA,EN,Federal Contract Tower,0,0,20,4,24,0,0,65,2,67,0,0,85,6,91,56,20,76,167
06/01/2011,ESN,MD,AEA,EN,Federal Contract Tower,0,2,8,0,10,0,0,34,8,42,0,2,42,8,52,48,4,52,104
06/02/2011,ESN,MD,AEA,EN,Federal Contract Tower,0,0,14,1,15,0,0,42,2,44,0,0,56,3,59,72,0,72,131
06/03/2011,ESN,MD,AEA,EN,Federal Contract Tower,0,1,12,0,13,0,0,74,0,74,0,1,86,0,87,42,0,42,129
06/04/2011,ESN,MD,AEA,EN,Federal Contract Tower,0,0,17,0,17,0,0,72,6,78,0,0,89,6,95,74,0,74,169
06/05/2011,ESN,MD,AEA,EN,Federal Contract Tower,0,1,13,0,14,0,0,57,2,59,0,1,70,2,73,124,0,124,197
06/06/2011,ESN,MD,AEA,EN,Federal Contract Tower,0,4,17,0,21,0,0,46,0,46,0,4,63,0,67,70,0,70,137
06/07/2011,ESN,MD,AEA,EN,Federal Contract Tower,0,1,4,4,9,0,0,79,0,79,0,1,83,4,88,128,0,128,216
06/08/2011,ESN,MD,AEA,EN,Federal Contract Tower,0,5,8,0,13,0,0,73,2,75,0,5,81,2,88,112,8,120,208
06/09/2011,ESN,MD,AEA,EN,Federal Contract Tower,0,1,14,0,15,0,0,28,0,28,0,1,42,0,43,70,0,70,113
06/10/2011,ESN,MD,AEA,EN,Federal Contract Tower,0,6,11,0,17,0,0,57,0,57,0,6,68,0,74,76,0,76,150
06/11/2011,ESN,MD,AEA,EN,Federal Contract Tower,0,1,8,0,9,0,0,21,0,21,0,1,29,0,30,0,0,0,30
06/12/2011,ESN,MD,AEA,EN,Federal Contract Tower,0,8,28,9,45,0,0,45,2,47,0,8,73,11,92,52,4,56,148
06/13/2011,ESN,MD,AEA,EN,Federal Contract Tower,0,9,20,1,30,0,2,47,0,49,0,11,67,1,79,126,0,126,205
06/14/2011,ESN,MD,AEA,EN,Federal Contract Tower,0,8,16,0,24,0,1,71,0,72,0,9,87,0,96,66,0,66,162
06/15/2011,ESN,MD,AEA,EN,Federal Contract Tower,0,3,18,0,21,0,1,88,0,89,0,4,106,0,110,116,0,116,226
06/16/2011,ESN,MD,AEA,EN,Federal Contract Tower,0,2,19,2,23,0,1,30,4,35,0,3,49,6,58,50,0,50,108
06/17/2011,ESN,MD,AEA,EN,Federal Contract Tower,0,3,15,0,18,0,1,52,0,53,0,4,67,0,71,64,0,64,135
06/18/2011,ESN,MD,AEA,EN,Federal Contract Tower,0,3,11,4,18,0,0,75,1,76,0,3,86,5,94,88,0,88,182
06/19/2011,ESN,MD,AEA,EN,Federal Contract Tower,0,0,5,0,5,0,0,36,0,36,0,0,41,0,41,44,0,44,85
06/20/2011,ESN,MD,AEA,EN,Federal Contract Tower,0,1,11,0,12,0,1,37,0,38,0,2,48,0,50,106,0,106,156
06/21/2011,ESN,MD,AEA,EN,Federal Contract Tower,0,4,8,0,12,0,1,61,0,62,0,5,69,0,74,78,14,92,166
06/22/2011,ESN,MD,AEA,EN,Federal Contract Tower,0,3,13,0,16,0,0,68,4,72,0,3,81,4,88,122,0,122,210
06/23/2011,ESN,MD,AEA,EN,Federal Contract Tower,0,4,11,0,15,0,0,59,2,61,0,4,70,2,76,52,0,52,128
06/24/2011,ESN,MD,AEA,EN,Federal Contract Tower,0,2,9,0,11,0,0,53,4,57,0,2,62,4,68,38,0,38,106
06/25/2011,ESN,MD,AEA,EN,Federal Contract Tower,0,3,20,0,23,0,0,79,0,79,0,3,99,0,102,132,2,134,236
06/26/2011,ESN,MD,AEA,EN,Federal Contract Tower,0,3,23,0,26,0,2,57,0,59,0,5,80,0,85,120,0,120,205
06/27/2011,ESN,MD,AEA,EN,Federal Contract Tower,0,0,4,0,4,0,1,26,0,27,0,1,30,0,31,114,0,114,145
06/28/2011,ESN,MD,AEA,EN,Federal Contract Tower,0,2,7,0,9,0,0,39,0,39,0,2,46,0,48,66,2,68,116
06/29/2011,ESN,MD,AEA,EN,Federal Contract Tower,0,8,10,0,18,0,3,62,2,67,0,11,72,2,85,116,0,116,201
06/30/2011,ESN,MD,AEA,EN,Federal Contract Tower,0,5,10,0,15,0,0,75,0,75,0,5,85,0,90,142,0,142,232
07/01/2011,ESN,MD,AEA,EN,Federal Contract Tower,0,2,21,0,23,0,3,71,0,74,0,5,92,0,97,120,0,120,217
07/02/2011,ESN,MD,AEA,EN,Federal Contract Tower,0,1,2,0,3,0,0,81,0,81,0,1,83,0,84,116,0,116,200
07/03/2011,ESN,MD,AEA,EN,Federal Contract Tower,0,2,19,0,21,0,0,19,0,19,0,2,38,0,40,6,0,6,46
07/04/2011,ESN,MD,AEA,EN,Federal Contract Tower,0,1,8,0,9,0,2,34,0,36,0,3,42,0,45,50,0,50,95
07/05/2011,ESN,MD,AEA,EN,Federal Contract Tower,0,4,15,0,19,0,0,53,4,57,0,4,68,4,76,86,2,88,164
07/06/2011,ESN,MD,AEA,EN,Federal Contract Tower,0,5,10,0,15,0,0,38,2,40,0,5,48,2,55,50,10,60,115
07/07/2011,ESN,MD,AEA,EN,Federal Contract Tower,0,1,16,0,17,0,0,40,0,40,0,1,56,0,57,146,4,150,207
07/08/2011,ESN,MD,AEA,EN,Federal Contract Tower,0,0,9,1,10,0,0,24,2,26,0,0,33,3,36,38,0,38,74
07/09/2011,ESN,MD,AEA,EN,Federal Contract Tower,0,0,24,0,24,0,0,90,0,90,0,0,114,0,114,162,0,162,276
07/10/2011,ESN,MD,AEA,EN,Federal Contract Tower,0,7,7,1,15,0,0,78,0,78,0,7,85,1,93,136,0,136,229
07/11/2011,ESN,MD,AEA,EN,Federal Contract Tower,0,3,10,3,16,0,0,48,2,50,0,3,58,5,66,134,0,134,200
07/12/2011,ESN,MD,AEA,EN,Federal Contract Tower,0,4,9,0,13,0,2,41,12,55,0,6,50,12,68,36,0,36,104
07/13/2011,ESN,MD,AEA,EN,Federal Contract Tower,0,2,8,0,10,0,0,42,6,48,0,2,50,6,58,86,8,94,152
07/14/2011,ESN,MD,AEA,EN,Federal Contract Tower,0,2,18,0,20,0,0,65,2,67,0,2,83,2,87,144,6,150,237
07/15/2011,ESN,MD,AEA,EN,Federal Contract Tower,0,7,13,0,20,0,0,66,2,68,0,7,79,2,88,148,4,152,240
07/16/2011,ESN,MD,AEA,EN,Federal Contract Tower,0,1,12,0,13,0,1,72,0,73,0,2,84,0,86,60,0,60,146
07/17/2011,ESN,MD,AEA,EN,Federal Contract Tower,0,3,10,1,14,0,1,61,2,64,0,4,71,3,78,142,0,142,220
07/18/2011,ESN,MD,AEA,EN,Federal Contract Tower,0,5,15,0,20,0,2,56,0,58,0,7,71,0,78,76,0,76,154
07/19/2011,ESN,MD,AEA,EN,Federal Contract Tower,0,1,11,0,12,0,2,36,3,41,0,3,47,3,53,76,32,108,161
07/20/2011,ESN,MD,AEA,EN,Federal Contract Tower,0,2,11,2,15,0,0,35,0,35,0,2,46,2,50,96,0,96,146
07/21/2011,ESN,MD,AEA,EN,Federal Contract Tower,0,4,22,0,26,0,0,18,0,18,0,4,40,0,44,58,0,58,102
07/22/2011,ESN,MD,AEA,EN,Federal Contract Tower,0,3,15,0,18,0,0,24,2,26,0,3,39,2,44,50,0,50,94
07/23/2011,ESN,MD,AEA,EN,Federal Contract Tower,0,0,8,0,8,0,3,35,0,38,0,3,43,0,46,92,0,92,138
07/24/2011,ESN,MD,AEA,EN,Federal Contract Tower,0,5,14,0,19,0,0,36,0,36,0,5,50,0,55,66,0,66,121
07/25/2011,ESN,MD,AEA,EN,Federal Contract Tower,0,2,13,0,15,0,0,18,0,18,0,2,31,0,33,32,0,32,65
07/26/2011,ESN,MD,AEA,EN,Federal Contract Tower,0,5,15,6,26,0,0,68,2,70,0,5,83,8,96,66,6,72,168
07/27/2011,ESN,MD,AEA,EN,Federal Contract Tower,0,11,14,0,25,0,0,82,0,82,0,11,96,0,107,82,8,90,197
07/28/2011,ESN,MD,AEA,EN,Federal Contract Tower,0,8,12,2,22,0,0,61,2,63,0,8,73,4,85,148,44,192,277
07/29/2011,ESN,MD,AEA,EN,Federal Contract Tower,0,4,9,0,13,0,2,58,8,68,0,6,67,8,81,90,0,90,171
07/30/2011,ESN,MD,AEA,EN,Federal Contract Tower,0,2,8,0,10,0,0,71,0,71,0,2,79,0,81,122,0,122,203
07/31/2011,ESN,MD,AEA,EN,Federal Contract Tower,0,5,9,0,14,0,2,57,0,59,0,7,66,0,73,74,0,74,147
08/01/2011,ESN,MD,AEA,EN,Federal Contract Tower,0,4,8,0,12,0,0,29,4,33,0,4,37,4,45,12,0,12,57
08/02/2011,ESN,MD,AEA,EN,Federal Contract Tower,0,4,12,0,16,0,0,58,0,58,0,4,70,0,74,70,22,92,166
08/03/2011,ESN,MD,AEA,EN,Federal Contract Tower,0,0,13,2,15,0,0,16,0,16,0,0,29,2,31,14,14,28,59
08/04/2011,ESN,MD,AEA,EN,Federal Contract Tower,0,7,23,2,32,0,0,3,0,3,0,7,26,2,35,0,0,0,35
08/05/2011,ESN,MD,AEA,EN,Federal Contract Tower,0,3,22,2,27,0,2,70,2,74,0,5,92,4,101,118,8,126,227
08/06/2011,ESN,MD,AEA,EN,Federal Contract Tower,0,6,12,0,18,0,0,40,0,40,0,6,52,0,58,50,0,50,108
08/07/2011,ESN,MD,AEA,EN,Federal Contract Tower,0,6,14,0,20,0,0,21,0,21,0,6,35,0,41,26,0,26,67
08/08/2011,ESN,MD,AEA,EN,Federal Contract Tower,0,2,16,0,18,0,2,42,0,44,0,4,58,0,62,80,0,80,142
08/09/2011,ESN,MD,AEA,EN,Federal Contract Tower,0,3,9,0,12,0,0,24,6,30,0,3,33,6,42,50,0,50,92
08/10/2011,ESN,MD,AEA,EN,Federal Contract Tower,0,1,18,0,19,0,0,44,0,44,0,1,62,0,63,110,8,118,181
08/11/2011,ESN,MD,AEA,EN,Federal Contract Tower,0,1,7,0,8,0,0,70,0,70,0,1,77,0,78,144,24,168,246
08/12/2011,ESN,MD,AEA,EN,Federal Contract Tower,0,7,11,0,18,0,1,71,5,77,0,8,82,5,95,108,0,108,203
08/13/2011,ESN,MD,AEA,EN,Federal Contract Tower,0,3,15,1,19,0,1,35,1,37,0,4,50,2,56,22,0,22,78
08/14/2011,ESN,MD,AEA,EN,Federal Contract Tower,0,6,14,0,20,0,0,5,0,5,0,6,19,0,25,4,0,4,29
08/15/2011,ESN,MD,AEA,EN,Federal Contract Tower,0,4,4,0,8,0,1,9,0,10,0,5,13,0,18,0,0,0,18
08/16/2011,ESN,MD,AEA,EN,Federal Contract Tower,0,2,7,0,9,0,0,57,0,57,0,2,64,0,66,150,2,152,218
08/17/2011,ESN,MD,AEA,EN,Federal Contract Tower,0,3,9,0,12,0,0,74,4,78,0,3,83,4,90,106,2,108,198
08/18/2011,ESN,MD,AEA,EN,Federal Contract Tower,0,0,15,1,16,0,0,41,1,42,0,0,56,2,58,56,28,84,142
08/19/2011,ESN,MD,AEA,EN,Federal Contract Tower,0,2,15,0,17,0,0,55,2,57,0,2,70,2,74,42,6,48,122
08/20/2011,ESN,MD,AEA,EN,Federal Contract Tower,0,8,16,0,24,0,0,132,2,134,0,8,148,2,158,124,10,134,292
08/21/2011,ESN,MD,AEA,EN,Federal Contract Tower,0,1,21,0,22,0,0,20,2,22,0,1,41,2,44,56,4,60,104
08/22/2011,ESN,MD,AEA,EN,Federal Contract Tower,0,0,7,0,7,0,1,55,1,57,0,1,62,1,64,172,6,178,242
08/23/2011,ESN,MD,AEA,EN,Federal Contract Tower,0,0,8,2,10,0,0,102,3,105,0,0,110,5,115,156,2,158,273
08/24/2011,ESN,MD,AEA,EN,Federal Contract Tower,0,6,8,0,14,0,3,87,2,92,0,9,95,2,106,154,26,180,286
08/25/2011,ESN,MD,AEA,EN,Federal Contract Tower,0,2,11,0,13,0,1,7,0,8,0,3,18,0,21,14,0,14,35
08/26/2011,ESN,MD,AEA,EN,Federal Contract Tower,0,7,16,0,23,0,0,80,0,80,0,7,96,0,103,74,0,74,177
08/27/2011,ESN,MD,AEA,EN,Federal Contract Tower,0,1,1,0,2,0,0,0,0,0,0,1,1,0,2,0,0,0,2
08/28/2011,ESN,MD,AEA,EN,Federal Contract Tower,0,0,2,0,2,0,1,15,7,23,0,1,17,7,25,0,0,0,25
08/29/2011,ESN,MD,AEA,EN,Federal Contract Tower,0,5,4,0,9,0,1,49,0,50,0,6,53,0,59,120,0,120,179
08/30/2011,ESN,MD,AEA,EN,Federal Contract Tower,0,7,17,2,26,0,0,88,4,92,0,7,105,6,118,140,8,148,266
08/31/2011,ESN,MD,AEA,EN,Federal Contract Tower,0,7,14,6,27,0,3,60,0,63,0,10,74,6,90,128,36,164,254
09/01/2011,ESN,MD,AEA,EN,Federal Contract Tower,0,4,19,0,23,0,1,49,0,50,0,5,68,0,73,64,0,64,137
09/02/2011,ESN,MD,AEA,EN,Federal Contract Tower,0,7,13,4,24,0,2,62,2,66,0,9,75,6,90,120,0,120,210
09/03/2011,ESN,MD,AEA,EN,Federal Contract Tower,0,1,6,0,7,0,1,64,0,65,0,2,70,0,72,30,0,30,102
09/04/2011,ESN,MD,AEA,EN,Federal Contract Tower,0,1,8,0,9,0,2,88,0,90,0,3,96,0,99,94,0,94,193
09/05/2011,ESN,MD,AEA,EN,Federal Contract Tower,0,1,16,0,17,0,0,26,0,26,0,1,42,0,43,66,0,66,109
09/06/2011,ESN,MD,AEA,EN,Federal Contract Tower,0,7,15,2,24,0,0,0,0,0,0,7,15,2,24,0,0,0,24
09/07/2011,ESN,MD,AEA,EN,Federal Contract Tower,0,2,9,0,11,0,0,2,0,2,0,2,11,0,13,0,0,0,13
09/08/2011,ESN,MD,AEA,EN,Federal Contract Tower,0,4,15,2,21,0,0,0,0,0,0,4,15,2,21,0,0,0,21
09/09/2011,ESN,MD,AEA,EN,Federal Contract Tower,0,2,26,0,28,0,1,4,0,5,0,3,30,0,33,2,0,2,35
09/10/2011,ESN,MD,AEA,EN,Federal Contract Tower,0,0,14,0,14,0,0,43,0,43,0,0,57,0,57,40,0,40,97
09/11/2011,ESN,MD,AEA,EN,Federal Contract Tower,0,6,12,7,25,0,0,23,0,23,0,6,35,7,48,20,0,20,68
09/12/2011,ESN,MD,AEA,EN,Federal Contract Tower,0,4,11,0,15,0,0,69,0,69,0,4,80,0,84,92,0,92,176
09/13/2011,ESN,MD,AEA,EN,Federal Contract Tower,0,5,17,0,22,0,1,73,5,79,0,6,90,5,101,102,10,112,213
09/14/2011,ESN,MD,AEA,EN,Federal Contract Tower,0,2,10,0,12,0,0,42,2,44,0,2,52,2,56,68,16,84,140
09/15/2011,ESN,MD,AEA,EN,Federal Contract Tower,0,3,24,0,27,0,0,18,2,20,0,3,42,2,47,34,2,36,83
09/16/2011,ESN,MD,AEA,EN,Federal Contract Tower,0,5,10,1,16,0,1,60,2,63,0,6,70,3,79,118,0,118,197
09/17/2011,ESN,MD,AEA,EN,Federal Contract Tower,0,4,11,0,15,0,1,64,2,67,0,5,75,2,82,114,0,114,196
09/18/2011,ESN,MD,AEA,EN,Federal Contract Tower,0,5,5,0,10,0,1,32,0,33,0,6,37,0,43,60,0,60,103
09/19/2011,ESN,MD,AEA,EN,Federal Contract Tower,0,1,23,0,24,0,1,29,2,32,0,2,52,2,56,36,0,36,92
09/20/2011,ESN,MD,AEA,EN,Federal Contract Tower,0,3,15,0,18,0,1,9,0,10,0,4,24,0,28,0,6,6,34
09/21/2011,ESN,MD,AEA,EN,Federal Contract Tower,0,2,31,0,33,0,0,9,0,9,0,2,40,0,42,8,0,8,50
09/22/2011,ESN,MD,AEA,EN,Federal Contract Tower,0,0,26,0,26,0,0,4,1,5,0,0,30,1,31,4,14,18,49
09/23/2011,ESN,MD,AEA,EN,Federal Contract Tower,0,2,17,0,19,0,0,0,0,0,0,2,17,0,19,0,0,0,19
09/24/2011,ESN,MD,AEA,EN,Federal Contract Tower,0,0,9,0,9,0,0,2,0,2,0,0,11,0,11,0,0,0,11
09/25/2011,ESN,MD,AEA,EN,Federal Contract Tower,0,2,11,0,13,0,1,1,0,2,0,3,12,0,15,0,0,0,15
09/26/2011,ESN,MD,AEA,EN,Federal Contract Tower,0,4,18,0,22,0,0,21,0,21,0,4,39,0,43,64,0,64,107
09/27/2011,ESN,MD,AEA,EN,Federal Contract Tower,0,2,9,0,11,0,1,6,0,7,0,3,15,0,18,28,22,50,68
09/28/2011,ESN,MD,AEA,EN,Federal Contract Tower,0,4,29,0,33,0,0,12,2,14,0,4,41,2,47,38,10,48,95
09/29/2011,ESN,MD,AEA,EN,Federal Contract Tower,0,3,17,0,20,0,0,26,0,26,0,3,43,0,46,68,0,68,114
09/30/2011,ESN,MD,AEA,EN,Federal Contract Tower,0,6,10,0,16,0,0,78,0,78,0,6,88,0,94,86,0,86,180
10/01/2011,ESN,MD,AEA,EN,Federal Contract Tower,0,1,14,0,15,0,0,30,0,30,0,1,44,0,45,26,0,26,71
10/02/2011,ESN,MD,AEA,EN,Federal Contract Tower,0,3,16,0,19,0,0,7,0,7,0,3,23,0,26,42,0,42,68
10/03/2011,ESN,MD,AEA,EN,Federal Contract Tower,0,2,6,0,8,0,0,25,2,27,0,2,31,2,35,12,0,12,47
10/04/2011,ESN,MD,AEA,EN,Federal Contract Tower,0,0,6,0,6,0,1,35,0,36,0,1,41,0,42,88,0,88,130
10/05/2011,ESN,MD,AEA,EN,Federal Contract Tower,0,1,17,0,18,0,0,55,0,55,0,1,72,0,73,92,0,92,165
10/06/2011,ESN,MD,AEA,EN,Federal Contract Tower,0,7,31,1,39,0,0,69,0,69,0,7,100,1,108,64,6,70,178
10/07/2011,ESN,MD,AEA,EN,Federal Contract Tower,0,6,30,1,37,0,0,85,1,86,0,6,115,2,123,64,2,66,189
10/08/2011,ESN,MD,AEA,EN,Federal Contract Tower,0,2,15,2,19,0,0,77,2,79,0,2,92,4,98,102,0,102,200
10/09/2011,ESN,MD,AEA,EN,Federal Contract Tower,0,4,16,0,20,0,1,90,1,92,0,5,106,1,112,102,10,112,224
10/10/2011,ESN,MD,AEA,EN,Federal Contract Tower,0,7,12,0,19,0,2,56,0,58,0,9,68,0,77,138,0,138,215
10/11/2011,ESN,MD,AEA,EN,Federal Contract Tower,0,2,8,0,10,0,2,41,0,43,0,4,49,0,53,68,0,68,121
10/12/2011,ESN,MD,AEA,EN,Federal Contract Tower,0,2,6,0,8,0,0,0,0,0,0,2,6,0,8,0,0,0,8
10/13/2011,ESN,MD,AEA,EN,Federal Contract Tower,0,3,19,0,22,0,0,0,0,0,0,3,19,0,22,0,0,0,22
10/14/2011,ESN,MD,AEA,EN,Federal Contract Tower,0,3,15,0,18,0,0,53,0,53,0,3,68,0,71,14,0,14,85
10/15/2011,ESN,MD,AEA,EN,Federal Contract Tower,0,2,13,0,15,0,1,137,5,143,0,3,150,5,158,92,0,92,250
10/16/2011,ESN,MD,AEA,EN,Federal Contract Tower,0,4,21,0,25,0,1,140,2,143,0,5,161,2,168,128,2,130,298
10/17/2011,ESN,MD,AEA,EN,Federal Contract Tower,0,0,11,0,11,0,1,52,0,53,0,1,63,0,64,40,0,40,104
10/18/2011,ESN,MD,AEA,EN,Federal Contract Tower,0,0,9,0,9,0,0,70,0,70,0,0,79,0,79,78,0,78,157
10/19/2011,ESN,MD,AEA,EN,Federal Contract Tower,0,4,14,0,18,0,0,0,0,0,0,4,14,0,18,0,0,0,18
10/20/2011,ESN,MD,AEA,EN,Federal Contract Tower,0,2,16,0,18,0,1,16,0,17,0,3,32,0,35,20,0,20,55
10/21/2011,ESN,MD,AEA,EN,Federal Contract Tower,0,3,12,3,18,0,0,54,4,58,0,3,66,7,76,50,2,52,128
10/22/2011,ESN,MD,AEA,EN,Federal Contract Tower,0,3,12,0,15,0,0,87,1,88,0,3,99,1,103,86,0,86,189
10/23/2011,ESN,MD,AEA,EN,Federal Contract Tower,0,3,18,2,23,0,0,55,0,55,0,3,73,2,78,96,0,96,174
10/24/2011,ESN,MD,AEA,EN,Federal Contract Tower,0,2,18,2,22,0,1,35,1,37,0,3,53,3,59,120,0,120,179
10/25/2011,ESN,MD,AEA,EN,Federal Contract Tower,0,4,12,0,16,0,0,63,2,65,0,4,75,2,81,118,0,118,199
10/26/2011,ESN,MD,AEA,EN,Federal Contract Tower,0,2,12,0,14,0,0,41,2,43,0,2,53,2,57,126,0,126,183
10/27/2011,ESN,MD,AEA,EN,Federal Contract Tower,0,4,18,0,22,0,0,19,5,24,0,4,37,5,46,20,2,22,68
10/28/2011,ESN,MD,AEA,EN,Federal Contract Tower,0,6,7,0,13,0,0,36,1,37,0,6,43,1,50,68,0,68,118
10/29/2011,ESN,MD,AEA,EN,Federal Contract Tower,0,3,1,0,4,0,0,0,0,0,0,3,1,0,4,0,0,0,4
10/30/2011,ESN,MD,AEA,EN,Federal Contract Tower,0,3,17,0,20,0,1,54,3,58,0,4,71,3,78,56,0,56,134
10/31/2011,ESN,MD,AEA,EN,Federal Contract Tower,0,1,4,0,5,0,0,34,0,34,0,1,38,0,39,100,0,100,139
11/01/2011,ESN,MD,AEA,EN,Federal Contract Tower,0,0,10,10,20,0,1,27,3,31,0,1,37,13,51,78,0,78,129
11/02/2011,ESN,MD,AEA,EN,Federal Contract Tower,0,1,25,0,26,0,0,32,2,34,0,1,57,2,60,90,0,90,150
11/03/2011,ESN,MD,AEA,EN,Federal Contract Tower,0,2,4,0,6,0,0,48,5,53,0,2,52,5,59,54,0,54,113
11/04/2011,ESN,MD,AEA,EN,Federal Contract Tower,0,5,18,0,23,0,0,25,1,26,0,5,43,1,49,20,0,20,69
11/05/2011,ESN,MD,AEA,EN,Federal Contract Tower,0,1,11,0,12,0,0,52,0,52,0,1,63,0,64,104,0,104,168
11/06/2011,ESN,MD,AEA,EN,Federal Contract Tower,0,0,12,0,12,0,0,73,2,75,0,0,85,2,87,158,0,158,245
11/07/2011,ESN,MD,AEA,EN,Federal Contract Tower,0,0,4,0,4,0,0,40,4,44,0,0,44,4,48,88,0,88,136
11/08/2011,ESN,MD,AEA,EN,Federal Contract Tower,0,0,16,0,16,0,1,78,5,84,0,1,94,5,100,32,4,36,136
11/09/2011,ESN,MD,AEA,EN,Federal Contract Tower,0,0,13,0,13,0,0,39,0,39,0,0,52,0,52,52,12,64,116
11/10/2011,ESN,MD,AEA,EN,Federal Contract Tower,0,0,20,0,20,0,0,12,2,14,0,0,32,2,34,20,0,20,54
11/11/2011,ESN,MD,AEA,EN,Federal Contract Tower,0,0,14,0,14,0,0,10,2,12,0,0,24,2,26,14,0,14,40
11/12/2011,ESN,MD,AEA,EN,Federal Contract Tower,0,2,24,0,26,0,0,46,0,46,0,2,70,0,72,100,0,100,172
11/13/2011,ESN,MD,AEA,EN,Federal Contract Tower,0,3,7,0,10,0,0,31,2,33,0,3,38,2,43,52,6,58,101
11/14/2011,ESN,MD,AEA,EN,Federal Contract Tower,0,0,7,0,7,0,0,20,2,22,0,0,27,2,29,74,20,94,123
11/15/2011,ESN,MD,AEA,EN,Federal Contract Tower,0,0,11,2,13,0,1,33,0,34,0,1,44,2,47,70,0,70,117
11/16/2011,ESN,MD,AEA,EN,Federal Contract Tower,0,0,8,0,8,0,0,0,0,0,0,0,8,0,8,0,0,0,8
11/17/2011,ESN,MD,AEA,EN,Federal Contract Tower,0,2,11,0,13,0,0,12,4,16,0,2,23,4,29,14,0,14,43
11/18/2011,ESN,MD,AEA,EN,Federal Contract Tower,0,3,21,0,24,0,0,38,0,38,0,3,59,0,62,46,0,46,108
11/19/2011,ESN,MD,AEA,EN,Federal Contract Tower,0,1,0,0,1,0,0,82,0,82,0,1,82,0,83,108,0,108,191
11/20/2011,ESN,MD,AEA,EN,Federal Contract Tower,0,3,14,0,17,0,1,31,0,32,0,4,45,0,49,60,0,60,109
11/21/2011,ESN,MD,AEA,EN,Federal Contract Tower,0,0,8,0,8,0,1,3,0,4,0,1,11,0,12,0,0,0,12
11/22/2011,ESN,MD,AEA,EN,Federal Contract Tower,0,2,24,0,26,0,0,0,0,0,0,2,24,0,26,0,0,0,26
11/23/2011,ESN,MD,AEA,EN,Federal Contract Tower,0,7,11,0,18,0,0,11,3,14,0,7,22,3,32,8,0,8,40
11/24/2011,ESN,MD,AEA,EN,Federal Contract Tower,0,0,3,0,3,0,0,13,0,13,0,0,16,0,16,0,0,0,16
11/25/2011,ESN,MD,AEA,EN,Federal Contract Tower,0,2,13,0,15,0,0,72,0,72,0,2,85,0,87,118,0,118,205
11/26/2011,ESN,MD,AEA,EN,Federal Contract Tower,0,2,12,0,14,0,1,78,0,79,0,3,90,0,93,53,0,53,146
11/27/2011,ESN,MD,AEA,EN,Federal Contract Tower,0,5,16,0,21,0,0,30,0,30,0,5,46,0,51,88,0,88,139
11/28/2011,ESN,MD,AEA,EN,Federal Contract Tower,0,3,8,0,11,0,0,30,0,30,0,3,38,0,41,54,0,54,95
11/29/2011,ESN,MD,AEA,EN,Federal Contract Tower,0,0,4,0,4,0,0,3,0,3,0,0,7,0,7,0,0,0,7
11/30/2011,ESN,MD,AEA,EN,Federal Contract Tower,0,0,5,4,9,0,0,40,4,44,0,0,45,8,53,82,0,82,135
12/01/2011,ESN,MD,AEA,EN,Federal Contract Tower,0,4,6,0,10,0,0,49,2,51,0,4,55,2,61,138,0,138,199
12/02/2011,ESN,MD,AEA,EN,Federal Contract Tower,0,5,11,4,20,0,0,54,3,57,0,5,65,7,77,130,0,130,207
12/03/2011,ESN,MD,AEA,EN,Federal Contract Tower,0,0,20,0,20,0,0,66,0,66,0,0,86,0,86,136,0,136,222
12/04/2011,ESN,MD,AEA,EN,Federal Contract Tower,0,5,5,1,11,0,0,38,1,39,0,5,43,2,50,72,0,72,122
12/05/2011,ESN,MD,AEA,EN,Federal Contract Tower,0,5,4,0,9,0,1,15,0,16,0,6,19,0,25,64,0,64,89
12/06/2011,ESN,MD,AEA,EN,Federal Contract Tower,0,5,7,0,12,0,0,4,0,4,0,5,11,0,16,0,0,0,16
12/07/2011,ESN,MD,AEA,EN,Federal Contract Tower,0,0,6,1,7,0,0,0,0,0,0,0,6,1,7,0,0,0,7
12/08/2011,ESN,MD,AEA,EN,Federal Contract Tower,0,0,9,0,9,0,0,48,0,48,0,0,57,0,57,36,0,36,93
12/09/2011,ESN,MD,AEA,EN,Federal Contract Tower,0,2,2,0,4,0,0,59,0,59,0,2,61,0,63,86,0,86,149
12/10/2011,ESN,MD,AEA,EN,Federal Contract Tower,0,0,14,0,14,0,0,50,0,50,0,0,64,0,64,128,0,128,192
12/11/2011,ESN,MD,AEA,EN,Federal Contract Tower,0,2,9,0,11,0,1,67,1,69,0,3,76,1,80,118,0,118,198
12/12/2011,ESN,MD,AEA,EN,Federal Contract Tower,0,0,3,0,3,0,0,41,0,41,0,0,44,0,44,60,8,68,112
12/13/2011,ESN,MD,AEA,EN,Federal Contract Tower,0,0,9,0,9,0,0,47,0,47,0,0,56,0,56,108,0,108,164
12/14/2011,ESN,MD,AEA,EN,Federal Contract Tower,0,2,2,0,4,0,0,38,4,42,0,2,40,4,46,100,6,106,152
12/15/2011,ESN,MD,AEA,EN,Federal Contract Tower,0,1,10,1,12,0,0,41,1,42,0,1,51,2,54,64,3,67,121
12/16/2011,ESN,MD,AEA,EN,Federal Contract Tower,0,1,8,0,9,0,0,20,0,20,0,1,28,0,29,30,0,30,59
12/17/2011,ESN,MD,AEA,EN,Federal Contract Tower,0,8,7,0,15,0,0,89,0,89,0,8,96,0,104,98,0,98,202
12/18/2011,ESN,MD,AEA,EN,Federal Contract Tower,0,4,5,0,9,0,0,45,4,49,0,4,50,4,58,68,0,68,126
12/19/2011,ESN,MD,AEA,EN,Federal Contract Tower,0,6,13,0,19,0,0,65,3,68,0,6,78,3,87,88,2,90,177
12/20/2011,ESN,MD,AEA,EN,Federal Contract Tower,0,7,9,0,16,0,0,29,10,39,0,7,38,10,55,62,12,74,129
12/21/2011,ESN,MD,AEA,EN,Federal Contract Tower,0,3,16,0,19,0,1,2,2,5,0,4,18,2,24,10,0,10,34
12/22/2011,ESN,MD,AEA,EN,Federal Contract Tower,0,0,12,4,16,0,1,75,2,78,0,1,87,6,94,98,0,98,192
12/23/2011,ESN,MD,AEA,EN,Federal Contract Tower,0,0,15,0,15,0,0,33,0,33,0,0,48,0,48,82,0,82,130
12/24/2011,ESN,MD,AEA,EN,Federal Contract Tower,0,0,6,0,6,0,0,32,0,32,0,0,38,0,38,34,0,34,72
12/25/2011,ESN,MD,AEA,EN,Federal Contract Tower,0,2,1,0,3,0,0,4,0,4,0,2,5,0,7,2,0,2,9
12/26/2011,ESN,MD,AEA,EN,Federal Contract Tower,0,1,10,0,11,0,1,24,0,25,0,2,34,0,36,50,0,50,86
12/27/2011,ESN,MD,AEA,EN,Federal Contract Tower,0,0,11,0,11,0,0,8,2,10,0,0,19,2,21,12,0,12,33
12/28/2011,ESN,MD,AEA,EN,Federal Contract Tower,0,3,1,0,4,0,0,18,0,18,0,3,19,0,22,32,0,32,54
12/29/2011,ESN,MD,AEA,EN,Federal Contract Tower,0,1,10,1,12,0,0,61,2,63,0,1,71,3,75,64,12,76,151
12/30/2011,ESN,MD,AEA,EN,Federal Contract Tower,0,0,11,0,11,0,0,66,0,66,0,0,77,0,77,108,0,108,185
12/31/2011,ESN,MD,AEA,EN,Federal Contract Tower,0,0,5,0,5,0,0,36,0,36,0,0,41,0,41,92,0,92,133
01/01/2012,ESN,MD,AEA,EN,Federal Contract Tower,0,0,8,0,8,0,0,28,0,28,0,0,36,0,36,38,0,38,74
01/02/2012,ESN,MD,AEA,EN,Federal Contract Tower,0,0,2,0,2,0,0,3,0,3,0,0,5,0,5,8,0,8,13
01/03/2012,ESN,MD,AEA,EN,Federal Contract Tower,0,0,2,0,2,0,0,8,0,8,0,0,10,0,10,20,0,20,30
01/04/2012,ESN,MD,AEA,EN,Federal Contract Tower,0,0,12,0,12,0,0,23,0,23,0,0,35,0,35,58,0,58,93
01/05/2012,ESN,MD,AEA,EN,Federal Contract Tower,0,1,11,0,12,0,2,40,1,43,0,3,51,1,55,118,10,128,183
01/06/2012,ESN,MD,AEA,EN,Federal Contract Tower,0,4,7,0,11,0,2,40,0,42,0,6,47,0,53,108,0,108,161
01/07/2012,ESN,MD,AEA,EN,Federal Contract Tower,0,4,5,0,9,0,1,68,0,69,0,5,73,0,78,138,0,138,216
01/08/2012,ESN,MD,AEA,EN,Federal Contract Tower,0,2,5,0,7,0,0,39,1,40,0,2,44,1,47,102,0,102,149
01/09/2012,ESN,MD,AEA,EN,Federal Contract Tower,0,1,5,2,8,0,0,20,0,20,0,1,25,2,28,24,0,24,52
01/10/2012,ESN,MD,AEA,EN,Federal Contract Tower,0,3,6,0,9,0,1,53,0,54,0,4,59,0,63,58,0,58,121
01/11/2012,ESN,MD,AEA,EN,Federal Contract Tower,0,3,10,0,13,0,1,12,2,15,0,4,22,2,28,20,0,20,48
01/12/2012,ESN,MD,AEA,EN,Federal Contract Tower,0,0,17,0,17,0,0,28,0,28,0,0,45,0,45,40,0,40,85
01/13/2012,ESN,MD,AEA,EN,Federal Contract Tower,0,3,3,0,6,0,0,8,0,8,0,3,11,0,14,4,0,4,18
01/14/2012,ESN,MD,AEA,EN,Federal Contract Tower,0,1,6,0,7,0,2,33,1,36,0,3,39,1,43,38,0,38,81
01/15/2012,ESN,MD,AEA,EN,Federal Contract Tower,0,0,3,0,3,0,8,26,2,36,0,8,29,2,39,88,8,96,135
01/16/2012,ESN,MD,AEA,EN,Federal Contract Tower,0,2,4,0,6,0,0,32,2,34,0,2,36,2,40,100,0,100,140
01/17/2012,ESN,MD,AEA,EN,Federal Contract Tower,0,2,4,0,6,0,0,8,0,8,0,2,12,0,14,16,10,26,40
01/18/2012,ESN,MD,AEA,EN,Federal Contract Tower,0,0,5,2,7,0,3,20,5,28,0,3,25,7,35,56,24,80,115
01/19/2012,ESN,MD,AEA,EN,Federal Contract Tower,0,7,5,0,12,0,0,53,4,57,0,7,58,4,69,114,2,116,185
01/20/2012,ESN,MD,AEA,EN,Federal Contract Tower,0,1,1,2,4,0,0,30,0,30,0,1,31,2,34,74,0,74,108
01/21/2012,ESN,MD,AEA,EN,Federal Contract Tower,0,2,1,0,3,0,0,0,0,0,0,2,1,0,3,0,0,0,3
01/22/2012,ESN,MD,AEA,EN,Federal Contract Tower,0,1,5,0,6,0,1,10,0,11,0,2,15,0,17,8,0,8,25
01/23/2012,ESN,MD,AEA,EN,Federal Contract Tower,0,0,1,0,1,0,0,0,0,0,0,0,1,0,1,0,0,0,1
01/24/2012,ESN,MD,AEA,EN,Federal Contract Tower,0,2,14,3,19,0,0,55,3,58,0,2,69,6,77,82,16,98,175
01/25/2012,ESN,MD,AEA,EN,Federal Contract Tower,0,2,22,0,24,0,0,64,4,68,0,2,86,4,92,154,38,192,284
01/26/2012,ESN,MD,AEA,EN,Federal Contract Tower,0,0,9,0,9,0,0,12,0,12,0,0,21,0,21,16,0,16,37
01/27/2012,ESN,MD,AEA,EN,Federal Contract Tower,0,0,4,0,4,0,0,6,4,10,0,0,10,4,14,0,0,0,14
01/28/2012,ESN,MD,AEA,EN,Federal Contract Tower,0,0,6,1,7,0,0,52,4,56,0,0,58,5,63,192,0,192,255
01/29/2012,ESN,MD,AEA,EN,Federal Contract Tower,0,1,7,0,8,0,0,42,0,42,0,1,49,0,50,104,0,104,154
01/30/2012,ESN,MD,AEA,EN,Federal Contract Tower,0,1,6,0,7,0,1,35,2,38,0,2,41,2,45,70,2,72,117
01/31/2012,ESN,MD,AEA,EN,Federal Contract Tower,0,2,13,1,16,0,1,73,1,75,0,3,86,2,91,108,8,116,207
02/01/2012,ESN,MD,AEA,EN,Federal Contract Tower,0,0,1,0,1,0,0,33,0,33,0,0,34,0,34,90,0,90,124
02/02/2012,ESN,MD,AEA,EN,Federal Contract Tower,0,2,14,0,16,0,0,5,0,5,0,2,19,0,21,4,0,4,25
02/03/2012,ESN,MD,AEA,EN,Federal Contract Tower,0,6,3,2,11,0,0,68,4,72,0,6,71,6,83,122,0,122,205
02/04/2012,ESN,MD,AEA,EN,Federal Contract Tower,0,2,10,0,12,0,2,36,5,43,0,4,46,5,55,84,2,86,141
02/05/2012,ESN,MD,AEA,EN,Federal Contract Tower,0,0,3,0,3,0,0,25,0,25,0,0,28,0,28,98,0,98,126
02/06/2012,ESN,MD,AEA,EN,Federal Contract Tower,0,0,5,0,5,0,0,50,0,50,0,0,55,0,55,74,0,74,129
02/07/2012,ESN,MD,AEA,EN,Federal Contract Tower,0,0,7,1,8,0,1,70,5,76,0,1,77,6,84,46,12,58,142
02/08/2012,ESN,MD,AEA,EN,Federal Contract Tower,0,0,5,0,5,0,0,10,0,10,0,0,15,0,15,10,0,10,25
02/09/2012,ESN,MD,AEA,EN,Federal Contract Tower,0,0,11,0,11,0,1,37,0,38,0,1,48,0,49,50,0,50,99
02/10/2012,ESN,MD,AEA,EN,Federal Contract Tower,0,0,13,0,13,0,5,60,2,67,0,5,73,2,80,94,0,94,174
02/11/2012,ESN,MD,AEA,EN,Federal Contract Tower,0,0,1,0,1,0,0,0,0,0,0,0,1,0,1,0,0,0,1
02/12/2012,ESN,MD,AEA,EN,Federal Contract Tower,0,0,1,0,1,0,1,4,2,7,0,1,5,2,8,0,0,0,8
02/13/2012,ESN,MD,AEA,EN,Federal Contract Tower,0,0,7,0,7,0,0,41,0,41,0,0,48,0,48,164,0,164,212
02/14/2012,ESN,MD,AEA,EN,Federal Contract Tower,0,2,4,4,10,0,0,32,0,32,0,2,36,4,42,90,0,90,132
02/15/2012,ESN,MD,AEA,EN,Federal Contract Tower,0,1,10,0,11,0,3,35,0,38,0,4,45,0,49,130,6,136,185
02/16/2012,ESN,MD,AEA,EN,Federal Contract Tower,0,0,17,2,19,0,0,8,1,9,0,0,25,3,28,10,10,20,48
02/17/2012,ESN,MD,AEA,EN,Federal Contract Tower,0,2,29,0,31,0,0,41,6,47,0,2,70,6,78,98,0,98,176
02/18/2012,ESN,MD,AEA,EN,Federal Contract Tower,0,0,9,0,9,0,0,93,0,93,0,0,102,0,102,92,0,92,194
02/19/2012,ESN,MD,AEA,EN,Federal Contract Tower,0,0,5,0,5,0,1,32,0,33,0,1,37,0,38,46,0,46,84
02/20/2012,ESN,MD,AEA,EN,Federal Contract Tower,0,4,8,0,12,0,2,42,0,44,0,6,50,0,56,178,0,178,234
02/21/2012,ESN,MD,AEA,EN,Federal Contract Tower,0,2,6,2,10,0,0,47,0,47,0,2,53,2,57,84,0,84,141
02/22/2012,ESN,MD,AEA,EN,Federal Contract Tower,0,0,8,0,8,0,2,44,0,46,0,2,52,0,54,92,0,92,146
02/23/2012,ESN,MD,AEA,EN,Federal Contract Tower,0,2,6,2,10,0,1,40,6,47,0,3,46,8,57,102,0,102,159
02/24/2012,ESN,MD,AEA,EN,Federal Contract Tower,0,1,11,0,12,0,0,0,0,0,0,1,11,0,12,0,0,0,12
02/25/2012,ESN,MD,AEA,EN,Federal Contract Tower,0,0,6,0,6,0,0,1,0,1,0,0,7,0,7,2,0,2,9
02/26/2012,ESN,MD,AEA,EN,Federal Contract Tower,0,3,8,0,11,0,3,65,0,68,0,6,73,0,79,110,0,110,189
02/27/2012,ESN,MD,AEA,EN,Federal Contract Tower,0,2,5,0,7,0,4,41,0,45,0,6,46,0,52,56,0,56,108
02/28/2012,ESN,MD,AEA,EN,Federal Contract Tower,0,0,8,0,8,0,1,49,2,52,0,1,57,2,60,104,12,116,176
02/29/2012,ESN,MD,AEA,EN,Federal Contract Tower,0,1,4,0,5,0,1,2,0,3,0,2,6,0,8,0,0,0,8
03/01/2012,ESN,MD,AEA,EN,Federal Contract Tower,0,3,7,1,11,0,2,33,1,36,0,5,40,2,47,124,0,124,171
03/02/2012,ESN,MD,AEA,EN,Federal Contract Tower,0,2,7,0,9,0,0,38,2,40,0,2,45,2,49,76,4,80,129
03/03/2012,ESN,MD,AEA,EN,Federal Contract Tower,0,0,10,0,10,0,0,13,0,13,0,0,23,0,23,32,0,32,55
03/04/2012,ESN,MD,AEA,EN,Federal Contract Tower,0,2,4,0,6,0,0,36,0,36,0,2,40,0,42,74,0,74,116
03/05/2012,ESN,MD,AEA,EN,Federal Contract Tower,0,0,11,0,11,0,3,9,0,12,0,3,20,0,23,14,0,14,37
03/06/2012,ESN,MD,AEA,EN,Federal Contract Tower,0,4,14,1,19,0,0,55,2,57,0,4,69,3,76,118,2,120,196
03/07/2012,ESN,MD,AEA,EN,Federal Contract Tower,0,3,6,0,9,0,1,33,0,34,0,4,39,0,43,64,0,64,107
03/08/2012,ESN,MD,AEA,EN,Federal Contract Tower,0,5,5,1,11,0,1,14,1,16,0,6,19,2,27,14,0,14,41
03/09/2012,ESN,MD,AEA,EN,Federal Contract Tower,0,0,6,0,6,0,0,33,0,33,0,0,39,0,39,24,4,28,67
03/10/2012,ESN,MD,AEA,EN,Federal Contract Tower,0,0,5,0,5,0,0,72,0,72,0,0,77,0,77,112,0,112,189
03/11/2012,ESN,MD,AEA,EN,Federal Contract Tower,0,5,6,0,11,0,4,68,0,72,0,9,74,0,83,112,0,112,195
03/12/2012,ESN,MD,AEA,EN,Federal Contract Tower,0,2,8,0,10,0,1,42,0,43,0,3,50,0,53,158,0,158,211
03/13/2012,ESN,MD,AEA,EN,Federal Contract Tower,0,1,21,0,22,0,0,39,3,42,0,1,60,3,64,90,12,102,166
03/14/2012,ESN,MD,AEA,EN,Federal Contract Tower,0,5,8,2,15,0,1,68,0,69,0,6,76,2,84,168,0,168,252
03/15/2012,ESN,MD,AEA,EN,Federal Contract Tower,0,2,11,0,13,0,2,54,0,56,0,4,65,0,69,92,0,92,161
03/16/2012,ESN,MD,AEA,EN,Federal Contract Tower,0,1,18,0,19,0,0,0,0,0,0,1,18,0,19,0,0,0,19
03/17/2012,ESN,MD,AEA,EN,Federal Contract Tower,0,5,48,0,53,0,0,35,0,35,0,5,83,0,88,104,0,104,192
03/18/2012,ESN,MD,AEA,EN,Federal Contract Tower,0,3,8,0,11,0,1,15,0,16,0,4,23,0,27,6,0,6,33
03/19/2012,ESN,MD,AEA,EN,Federal Contract Tower,0,1,6,0,7,0,2,50,0,52,0,3,56,0,59,88,0,88,147
03/20/2012,ESN,MD,AEA,EN,Federal Contract Tower,0,1,8,0,9,0,1,11,0,12,0,2,19,0,21,26,0,26,47
03/21/2012,ESN,MD,AEA,EN,Federal Contract Tower,0,2,14,0,16,0,3,10,0,13,0,5,24,0,29,0,0,0,29
03/22/2012,ESN,MD,AEA,EN,Federal Contract Tower,0,2,6,0,8,0,0,20,0,20,0,2,26,0,28,52,0,52,80
03/23/2012,ESN,MD,AEA,EN,Federal Contract Tower,0,3,6,0,9,0,0,59,0,59,0,3,65,0,68,144,0,144,212
03/24/2012,ESN,MD,AEA,EN,Federal Contract Tower,0,2,3,0,5,0,0,0,0,0,0,2,3,0,5,0,0,0,5
03/25/2012,ESN,MD,AEA,EN,Federal Contract Tower,0,2,20,0,22,0,0,0,0,0,0,2,20,0,22,0,0,0,22
03/26/2012,ESN,MD,AEA,EN,Federal Contract Tower,0,1,10,0,11,0,2,28,0,30,0,3,38,0,41,22,0,22,63
03/27/2012,ESN,MD,AEA,EN,Federal Contract Tower,0,0,3,0,3,0,0,43,2,45,0,0,46,2,48,100,0,100,148
03/28/2012,ESN,MD,AEA,EN,Federal Contract Tower,0,1,11,0,12,0,1,33,2,36,0,2,44,2,48,54,2,56,104
03/29/2012,ESN,MD,AEA,EN,Federal Contract Tower,0,6,3,0,9,0,0,39,0,39,0,6,42,0,48,58,0,58,106
03/30/2012,ESN,MD,AEA,EN,Federal Contract Tower,0,1,15,0,16,0,1,59,0,60,0,2,74,0,76,58,0,58,134
03/31/2012,ESN,MD,AEA,EN,Federal Contract Tower,0,0,28,1,29,0,0,7,0,7,0,0,35,1,36,26,0,26,62
04/01/2012,ESN,MD,AEA,EN,Federal Contract Tower,0,4,12,0,16,0,1,59,2,62,0,5,71,2,78,54,0,54,132
04/02/2012,ESN,MD,AEA,EN,Federal Contract Tower,0,0,8,2,10,0,2,34,0,36,0,2,42,2,46,32,0,32,78
04/03/2012,ESN,MD,AEA,EN,Federal Contract Tower,0,0,22,0,22,0,1,91,0,92,0,1,113,0,114,114,0,114,228
04/04/2012,ESN,MD,AEA,EN,Federal Contract Tower,0,0,7,0,7,0,1,54,0,55,0,1,61,0,62,68,8,76,138
04/05/2012,ESN,MD,AEA,EN,Federal Contract Tower,0,9,5,0,14,0,1,35,0,36,0,10,40,0,50,90,0,90,140
04/06/2012,ESN,MD,AEA,EN,Federal Contract Tower,0,1,7,0,8,0,0,35,1,36,0,1,42,1,44,58,0,58,102
04/07/2012,ESN,MD,AEA,EN,Federal Contract Tower,0,3,4,0,7,0,0,49,0,49,0,3,53,0,56,52,0,52,108
04/08/2012,ESN,MD,AEA,EN,Federal Contract Tower,0,2,1,0,3,0,0,39,2,41,0,2,40,2,44,8,0,8,52
04/09/2012,ESN,MD,AEA,EN,Federal Contract Tower,0,3,1,0,4,0,1,16,0,17,0,4,17,0,21,22,0,22,43
04/10/2012,ESN,MD,AEA,EN,Federal Contract Tower,0,3,4,0,7,0,0,27,2,29,0,3,31,2,36,52,0,52,88
04/11/2012,ESN,MD,AEA,EN,Federal Contract Tower,0,2,8,4,14,0,1,38,0,39,0,3,46,4,53,26,0,26,79
04/12/2012,ESN,MD,AEA,EN,Federal Contract Tower,0,2,17,0,19,0,0,32,0,32,0,2,49,0,51,50,0,50,101
04/13/2012,ESN,MD,AEA,EN,Federal Contract Tower,0,5,8,0,13,0,3,110,5,118,0,8,118,5,131,184,22,206,337
04/14/2012,ESN,MD,AEA,EN,Federal Contract Tower,0,0,7,0,7,0,1,75,3,79,0,1,82,3,86,66,0,66,152
04/15/2012,ESN,MD,AEA,EN,Federal Contract Tower,0,2,12,0,14,0,2,50,6,58,0,4,62,6,72,96,0,96,168
04/16/2012,ESN,MD,AEA,EN,Federal Contract Tower,0,1,14,0,15,0,11,36,0,47,0,12,50,0,62,80,0,80,142
04/17/2012,ESN,MD,AEA,EN,Federal Contract Tower,0,2,8,0,10,0,3,60,4,67,0,5,68,4,77,98,4,102,179
04/18/2012,ESN,MD,AEA,EN,Federal Contract Tower,0,3,2,0,5,0,0,23,0,23,0,3,25,0,28,54,0,54,82
04/19/2012,ESN,MD,AEA,EN,Federal Contract Tower,0,3,10,0,13,0,0,49,0,49,0,3,59,0,62,116,0,116,178
04/20/2012,ESN,MD,AEA,EN,Federal Contract Tower,0,1,10,2,13,0,1,51,2,54,0,2,61,4,67,80,2,82,149
04/21/2012,ESN,MD,AEA,EN,Federal Contract Tower,0,1,14,0,15,0,0,45,2,47,0,1,59,2,62,72,0,72,134
04/22/2012,ESN,MD,AEA,EN,Federal Contract Tower,0,3,6,0,9,0,0,0,0,0,0,3,6,0,9,0,0,0,9
04/23/2012,ESN,MD,AEA,EN,Federal Contract Tower,0,1,5,0,6,0,0,7,0,7,0,1,12,0,13,20,0,20,33
04/24/2012,ESN,MD,AEA,EN,Federal Contract Tower,0,2,2,0,4,0,0,23,0,23,0,2,25,0,27,44,0,44,71
04/25/2012,ESN,MD,AEA,EN,Federal Contract Tower,0,0,16,0,16,0,0,66,0,66,0,0,82,0,82,124,0,124,206
04/26/2012,ESN,MD,AEA,EN,Federal Contract Tower,0,1,20,0,21,0,1,7,0,8,0,2,27,0,29,0,0,0,29
04/27/2012,ESN,MD,AEA,EN,Federal Contract Tower,0,2,14,3,19,0,0,23,4,27,0,2,37,7,46,28,4,32,78
04/28/2012,ESN,MD,AEA,EN,Federal Contract Tower,0,0,13,0,13,0,1,53,0,54,0,1,66,0,67,72,0,72,139
04/29/2012,ESN,MD,AEA,EN,Federal Contract Tower,0,3,5,2,10,0,1,61,0,62,0,4,66,2,72,44,0,44,116
04/30/2012,ESN,MD,AEA,EN,Federal Contract Tower,0,2,10,0,12,0,1,54,0,55,0,3,64,0,67,162,0,162,229
05/01/2012,ESN,MD,AEA,EN,Federal Contract Tower,0,1,18,0,19,0,0,33,2,35,0,1,51,2,54,38,0,38,92
05/02/2012,ESN,MD,AEA,EN,Federal Contract Tower,0,1,26,0,27,0,0,1,0,1,0,1,27,0,28,0,0,0,28
05/03/2012,ESN,MD,AEA,EN,Federal Contract Tower,0,2,12,0,14,0,0,37,0,37,0,2,49,0,51,34,0,34,85
05/04/2012,ESN,MD,AEA,EN,Federal Contract Tower,0,2,15,2,19,0,1,22,0,23,0,3,37,2,42,22,0,22,64
05/05/2012,ESN,MD,AEA,EN,Federal Contract Tower,0,2,13,2,17,0,1,48,0,49,0,3,61,2,66,32,0,32,98
05/06/2012,ESN,MD,AEA,EN,Federal Contract Tower,0,2,16,0,18,0,1,16,0,17,0,3,32,0,35,16,0,16,51
05/07/2012,ESN,MD,AEA,EN,Federal Contract Tower,0,4,9,0,13,0,0,30,2,32,0,4,39,2,45,64,0,64,109
05/08/2012,ESN,MD,AEA,EN,Federal Contract Tower,0,7,11,0,18,0,8,24,1,33,0,15,35,1,51,40,0,40,91
05/09/2012,ESN,MD,AEA,EN,Federal Contract Tower,0,2,11,0,13,0,0,0,0,0,0,2,11,0,13,0,0,0,13
05/10/2012,ESN,MD,AEA,EN,Federal Contract Tower,0,4,8,0,12,0,0,43,0,43,0,4,51,0,55,12,0,12,67
05/11/2012,ESN,MD,AEA,EN,Federal Contract Tower,0,9,17,2,28,0,5,57,4,66,0,14,74,6,94,104,6,110,204
05/12/2012,ESN,MD,AEA,EN,Federal Contract Tower,0,7,18,0,25,0,3,120,0,123,0,10,138,0,148,134,0,134,282
05/13/2012,ESN,MD,AEA,EN,Federal Contract Tower,0,5,11,0,16,0,1,68,0,69,0,6,79,0,85,92,0,92,177
05/14/2012,ESN,MD,AEA,EN,Federal Contract Tower,0,2,11,0,13,0,3,3,0,6,0,5,14,0,19,2,0,2,21
05/15/2012,ESN,MD,AEA,EN,Federal Contract Tower,0,2,16,6,24,0,1,14,4,19,0,3,30,10,43,14,16,30,73
05/16/2012,ESN,MD,AEA,EN,Federal Contract Tower,0,1,6,2,9,0,0,57,0,57,0,1,63,2,66,70,2,72,138
05/17/2012,ESN,MD,AEA,EN,Federal Contract Tower,0,4,12,0,16,0,3,76,11,90,0,7,88,11,106,90,6,96,202
05/18/2012,ESN,MD,AEA,EN,Federal Contract Tower,0,4,15,0,19,0,2,78,0,80,0,6,93,0,99,58,0,58,157
05/19/2012,ESN,MD,AEA,EN,Federal Contract Tower,0,2,16,0,18,0,1,119,4,124,0,3,135,4,142,84,0,84,226
05/20/2012,ESN,MD,AEA,EN,Federal Contract Tower,0,7,9,0,16,0,0,61,0,61,0,7,70,0,77,84,0,84,161
05/21/2012,ESN,MD,AEA,EN,Federal Contract Tower,0,0,16,0,16,0,0,1,0,1,0,0,17,0,17,0,0,0,17
05/22/2012,ESN,MD,AEA,EN,Federal Contract Tower,0,4,28,0,32,0,1,22,0,23,0,5,50,0,55,62,2,64,119
05/23/2012,ESN,MD,AEA,EN,Federal Contract Tower,0,4,28,0,32,0,0,12,2,14,0,4,40,2,46,36,16,52,98
05/24/2012,ESN,MD,AEA,EN,Federal Contract Tower,0,3,20,0,23,0,0,31,0,31,0,3,51,0,54,40,0,40,94
05/25/2012,ESN,MD,AEA,EN,Federal Contract Tower,0,5,21,0,26,0,0,37,0,37,0,5,58,0,63,22,0,22,85
05/26/2012,ESN,MD,AEA,EN,Federal Contract Tower,0,5,13,2,20,0,1,65,0,66,0,6,78,2,86,84,0,84,170
05/27/2012,ESN,MD,AEA,EN,Federal Contract Tower,0,3,7,0,10,0,2,37,1,40,0,5,44,1,50,72,0,72,122
05/28/2012,ESN,MD,AEA,EN,Federal Contract Tower,0,2,8,0,10,0,3,56,2,61,0,5,64,2,71,88,0,88,159
05/29/2012,ESN,MD,AEA,EN,Federal Contract Tower,0,4,18,0,22,0,6,46,2,54,0,10,64,2,76,56,6,62,138
05/30/2012,ESN,MD,AEA,EN,Federal Contract Tower,0,1,7,0,8,0,0,32,1,33,0,1,39,1,41,36,6,42,83
05/31/2012,ESN,MD,AEA,EN,Federal Contract Tower,0,0,7,0,7,0,2,90,0,92,0,2,97,0,99,150,0,150,249
06/01/2012,ESN,MD,AEA,EN,Federal Contract Tower,0,16,26,2,44,0,1,26,0,27,0,17,52,2,71,18,0,18,89
06/02/2012,ESN,MD,AEA,EN,Federal Contract Tower,0,9,10,0,19,0,1,52,0,53,0,10,62,0,72,76,0,76,148
06/03/2012,ESN,MD,AEA,EN,Federal Contract Tower,0,13,18,0,31,0,1,47,0,48,0,14,65,0,79,66,0,66,145
06/04/2012,ESN,MD,AEA,EN,Federal Contract Tower,0,2,6,0,8,0,4,18,0,22,0,6,24,0,30,16,0,16,46
06/05/2012,ESN,MD,AEA,EN,Federal Contract Tower,0,0,2,2,4,0,1,72,6,79,0,1,74,8,83,154,6,160,243
06/06/2012,ESN,MD,AEA,EN,Federal Contract Tower,0,6,3,0,9,0,1,50,0,51,0,7,53,0,60,46,0,46,106
06/07/2012,ESN,MD,AEA,EN,Federal Contract Tower,0,5,11,0,16,0,2,56,0,58,0,7,67,0,74,108,0,108,182
06/08/2012,ESN,MD,AEA,EN,Federal Contract Tower,0,0,6,0,6,0,4,71,0,75,0,4,77,0,81,120,2,122,203
06/09/2012,ESN,MD,AEA,EN,Federal Contract Tower,0,1,13,0,14,0,0,82,0,82,0,1,95,0,96,76,0,76,172
06/10/2012,ESN,MD,AEA,EN,Federal Contract Tower,0,1,10,0,11,0,4,55,2,61,0,5,65,2,72,72,0,72,144
06/11/2012,ESN,MD,AEA,EN,Federal Contract Tower,0,2,10,2,14,0,4,49,1,54,0,6,59,3,68,122,0,122,190
06/12/2012,ESN,MD,AEA,EN,Federal Contract Tower,0,2,8,1,11,0,0,3,0,3,0,2,11,1,14,0,0,0,14
06/13/2012,ESN,MD,AEA,EN,Federal Contract Tower,0,4,3,1,8,0,0,42,3,45,0,4,45,4,53,40,0,40,93
06/14/2012,ESN,MD,AEA,EN,Federal Contract Tower,0,3,20,0,23,0,5,67,0,72,0,8,87,0,95,134,0,134,229
06/15/2012,ESN,MD,AEA,EN,Federal Contract Tower,0,2,17,0,19,0,2,82,0,84,0,4,99,0,103,86,0,86,189
06/16/2012,ESN,MD,AEA,EN,Federal Contract Tower,0,5,10,0,15,0,0,82,0,82,0,5,92,0,97,68,0,68,165
06/17/2012,ESN,MD,AEA,EN,Federal Contract Tower,0,6,22,0,28,0,2,43,0,45,0,8,65,0,73,74,0,74,147
06/18/2012,ESN,MD,AEA,EN,Federal Contract Tower,0,11,12,1,24,0,2,33,2,37,0,13,45,3,61,66,6,72,133
06/19/2012,ESN,MD,AEA,EN,Federal Contract Tower,0,2,14,0,16,0,0,45,0,45,0,2,59,0,61,54,0,54,115
06/20/2012,ESN,MD,AEA,EN,Federal Contract Tower,0,6,12,0,18,0,1,69,0,70,0,7,81,0,88,130,0,130,218
06/21/2012,ESN,MD,AEA,EN,Federal Contract Tower,0,2,19,0,21,0,4,54,2,60,0,6,73,2,81,96,0,96,177
06/22/2012,ESN,MD,AEA,EN,Federal Contract Tower,0,1,5,0,6,0,61,6,0,67,0,62,11,0,73,52,0,52,125
06/23/2012,ESN,MD,AEA,EN,Federal Contract Tower,0,9,12,0,21,0,1,117,0,118,0,10,129,0,139,54,0,54,193
06/24/2012,ESN,MD,AEA,EN,Federal Contract Tower,0,6,14,0,20,0,3,73,2,78,0,9,87,2,98,92,0,92,190
06/25/2012,ESN,MD,AEA,EN,Federal Contract Tower,0,2,7,0,9,0,3,28,0,31,0,5,35,0,40,106,0,106,146
06/26/2012,ESN,MD,AEA,EN,Federal Contract Tower,0,2,7,0,9,0,0,43,4,47,0,2,50,4,56,88,0,88,144
06/27/2012,ESN,MD,AEA,EN,Federal Contract Tower,0,3,13,0,16,0,3,57,2,62,0,6,70,2,78,160,2,162,240
06/28/2012,ESN,MD,AEA,EN,Federal Contract Tower,0,4,7,0,11,0,3,74,0,77,0,7,81,0,88,162,0,162,250
06/29/2012,ESN,MD,AEA,EN,Federal Contract Tower,0,4,10,0,14,0,1,40,2,43,0,5,50,2,57,86,0,86,143
06/30/2012,ESN,MD,AEA,EN,Federal Contract Tower,0,1,2,0,3,0,1,49,0,50,0,2,51,0,53,44,0,44,97
07/01/2012,ESN,MD,AEA,EN,Federal Contract Tower,0,6,6,0,12,0,0,18,0,18,0,6,24,0,30,40,0,40,70
07/02/2012,ESN,MD,AEA,EN,Federal Contract Tower,0,1,5,0,6,0,0,31,0,31,0,1,36,0,37,46,0,46,83
07/03/2012,ESN,MD,AEA,EN,Federal Contract Tower,0,0,3,0,3,0,0,39,0,39,0,0,42,0,42,48,0,48,90
07/04/2012,ESN,MD,AEA,EN,Federal Contract Tower,0,0,1,0,1,0,1,36,2,39,0,1,37,2,40,26,0,26,66
07/05/2012,ESN,MD,AEA,EN,Federal Contract Tower,0,0,10,3,13,0,0,45,1,46,0,0,55,4,59,62,0,62,121
07/06/2012,ESN,MD,AEA,EN,Federal Contract Tower,0,0,19,0,19,0,3,68,2,73,0,3,87,2,92,48,2,50,142
07/07/2012,ESN,MD,AEA,EN,Federal Contract Tower,0,2,5,1,8,0,1,49,2,52,0,3,54,3,60,22,4,26,86
07/08/2012,ESN,MD,AEA,EN,Federal Contract Tower,0,2,5,1,8,0,2,38,1,41,0,4,43,2,49,24,6,30,79
07/09/2012,ESN,MD,AEA,EN,Federal Contract Tower,0,2,7,0,9,0,0,13,0,13,0,2,20,0,22,30,0,30,52
07/10/2012,ESN,MD,AEA,EN,Federal Contract Tower,0,5,14,0,19,0,1,64,0,65,0,6,78,0,84,108,0,108,192
07/11/2012,ESN,MD,AEA,EN,Federal Contract Tower,0,1,12,0,13,0,2,62,0,64,0,3,74,0,77,58,0,58,135
07/12/2012,ESN,MD,AEA,EN,Federal Contract Tower,0,0,6,0,6,0,2,54,0,56,0,2,60,0,62,108,0,108,170
07/13/2012,ESN,MD,AEA,EN,Federal Contract Tower,0,8,13,2,23,0,1,51,1,53,0,9,64,3,76,54,0,54,130
07/14/2012,ESN,MD,AEA,EN,Federal Contract Tower,0,4,16,0,20,0,1,16,0,17,0,5,32,0,37,0,0,0,37
07/15/2012,ESN,MD,AEA,EN,Federal Contract Tower,0,4,15,0,19,0,1,50,2,53,0,5,65,2,72,40,0,40,112
07/16/2012,ESN,MD,AEA,EN,Federal Contract Tower,0,5,13,0,18,0,1,24,0,25,0,6,37,0,43,90,0,90,133
07/17/2012,ESN,MD,AEA,EN,Federal Contract Tower,0,2,7,0,9,0,1,34,0,35,0,3,41,0,44,38,16,54,98
07/18/2012,ESN,MD,AEA,EN,Federal Contract Tower,0,0,3,0,3,0,3,31,0,34,0,3,34,0,37,30,0,30,67
07/19/2012,ESN,MD,AEA,EN,Federal Contract Tower,0,9,18,2,29,0,3,32,0,35,0,12,50,2,64,90,0,90,154
07/20/2012,ESN,MD,AEA,EN,Federal Contract Tower,0,2,13,0,15,0,1,2,1,4,0,3,15,1,19,12,8,20,39
07/21/2012,ESN,MD,AEA,EN,Federal Contract Tower,0,3,14,0,17,0,0,1,0,1,0,3,15,0,18,0,0,0,18
07/22/2012,ESN,MD,AEA,EN,Federal Contract Tower,0,5,18,0,23,0,0,43,3,46,0,5,61,3,69,78,2,80,149
07/23/2012,ESN,MD,AEA,EN,Federal Contract Tower,0,4,11,0,15,0,1,15,2,18,0,5,26,2,33,38,0,38,71
07/24/2012,ESN,MD,AEA,EN,Federal Contract Tower,0,2,6,0,8,0,1,22,3,26,0,3,28,3,34,22,16,38,72
07/25/2012,ESN,MD,AEA,EN,Federal Contract Tower,0,4,15,0,19,0,1,92,2,95,0,5,107,2,114,106,20,126,240
07/26/2012,ESN,MD,AEA,EN,Federal Contract Tower,0,1,6,2,9,0,0,28,0,28,0,1,34,2,37,44,12,56,93
07/27/2012,ESN,MD,AEA,EN,Federal Contract Tower,0,8,17,2,27,0,3,37,0,40,0,11,54,2,67,40,0,40,107
07/28/2012,ESN,MD,AEA,EN,Federal Contract Tower,0,3,13,0,16,0,0,52,0,52,0,3,65,0,68,46,0,46,114
07/29/2012,ESN,MD,AEA,EN,Federal Contract Tower,0,8,18,1,27,0,0,16,1,17,0,8,34,2,44,36,2,38,82
07/30/2012,ESN,MD,AEA,EN,Federal Contract Tower,0,2,23,0,25,0,0,24,0,24,0,2,47,0,49,54,0,54,103
07/31/2012,ESN,MD,AEA,EN,Federal Contract Tower,0,4,13,1,18,0,0,15,4,19,0,4,28,5,37,10,16,26,63
08/01/2012,ESN,MD,AEA,EN,Federal Contract Tower,0,3,7,0,10,0,5,37,0,42,0,8,44,0,52,24,0,24,76
08/02/2012,ESN,MD,AEA,EN,Federal Contract Tower,0,3,7,0,10,0,2,48,0,50,0,5,55,0,60,66,0,66,126
08/03/2012,ESN,MD,AEA,EN,Federal Contract Tower,0,3,10,7,20,0,2,48,2,52,0,5,58,9,72,88,4,92,164
08/04/2012,ESN,MD,AEA,EN,Federal Contract Tower,0,0,13,0,13,0,1,42,6,49,0,1,55,6,62,46,0,46,108
08/05/2012,ESN,MD,AEA,EN,Federal Contract Tower,0,2,12,2,16,0,1,49,4,54,0,3,61,6,70,40,0,40,110
08/06/2012,ESN,MD,AEA,EN,Federal Contract Tower,0,1,12,0,13,0,0,18,0,18,0,1,30,0,31,44,0,44,75
08/07/2012,ESN,MD,AEA,EN,Federal Contract Tower,0,3,20,0,23,0,1,10,0,11,0,4,30,0,34,16,12,28,62
08/08/2012,ESN,MD,AEA,EN,Federal Contract Tower,0,2,13,0,15,0,1,52,4,57,0,3,65,4,72,94,2,96,168
08/09/2012,ESN,MD,AEA,EN,Federal Contract Tower,0,4,15,6,25,0,1,48,0,49,0,5,63,6,74,66,0,66,140
08/10/2012,ESN,MD,AEA,EN,Federal Contract Tower,0,2,8,0,10,0,0,12,1,13,0,2,20,1,23,8,0,8,31
08/11/2012,ESN,MD,AEA,EN,Federal Contract Tower,0,3,14,0,17,0,0,22,2,24,0,3,36,2,41,6,0,6,47
08/12/2012,ESN,MD,AEA,EN,Federal Contract Tower,0,2,9,0,11,0,0,68,0,68,0,2,77,0,79,72,0,72,151
08/13/2012,ESN,MD,AEA,EN,Federal Contract Tower,0,0,9,0,9,0,3,67,0,70,0,3,76,0,79,122,0,122,201
08/14/2012,ESN,MD,AEA,EN,Federal Contract Tower,0,2,14,0,16,0,1,23,2,26,0,3,37,2,42,40,14,54,96
08/15/2012,ESN,MD,AEA,EN,Federal Contract Tower,0,2,8,0,10,0,0,38,0,38,0,2,46,0,48,68,2,70,118
08/16/2012,ESN,MD,AEA,EN,Federal Contract Tower,0,0,13,0,13,0,5,62,6,73,0,5,75,6,86,76,20,96,182
08/17/2012,ESN,MD,AEA,EN,Federal Contract Tower,0,3,15,3,21,0,2,44,3,49,0,5,59,6,70,40,4,44,114
08/18/2012,ESN,MD,AEA,EN,Federal Contract Tower,0,1,4,0,5,0,0,41,0,41,0,1,45,0,46,30,0,30,76
08/19/2012,ESN,MD,AEA,EN,Federal Contract Tower,0,0,10,0,10,0,1,39,1,41,0,1,49,1,51,80,0,80,131
08/20/2012,ESN,MD,AEA,EN,Federal Contract Tower,0,0,5,0,5,0,0,34,0,34,0,0,39,0,39,16,0,16,55
08/21/2012,ESN,MD,AEA,EN,Federal Contract Tower,0,0,1,0,1,0,0,59,2,61,0,0,60,2,62,90,2,92,154
08/22/2012,ESN,MD,AEA,EN,Federal Contract Tower,0,0,8,0,8,0,3,57,6,66,0,3,65,6,74,58,2,60,134
08/23/2012,ESN,MD,AEA,EN,Federal Contract Tower,0,0,21,0,21,0,6,72,2,80,0,6,93,2,101,78,14,92,193
08/24/2012,ESN,MD,AEA,EN,Federal Contract Tower,0,3,12,0,15,0,2,53,3,58,0,5,65,3,73,66,0,66,139
08/25/2012,ESN,MD,AEA,EN,Federal Contract Tower,0,1,12,0,13,0,1,17,2,20,0,2,29,2,33,12,0,12,45
08/26/2012,ESN,MD,AEA,EN,Federal Contract Tower,0,9,8,0,17,0,1,4,0,5,0,10,12,0,22,2,0,2,24
08/27/2012,ESN,MD,AEA,EN,Federal Contract Tower,0,4,11,4,19,0,2,17,0,19,0,6,28,4,38,34,2,36,74
08/28/2012,ESN,MD,AEA,EN,Federal Contract Tower,0,4,6,0,10,0,0,46,10,56,0,4,52,10,66,94,0,94,160
08/29/2012,ESN,MD,AEA,EN,Federal Contract Tower,0,5,4,1,10,0,1,71,14,86,0,6,75,15,96,130,8,138,234
08/30/2012,ESN,MD,AEA,EN,Federal Contract Tower,0,2,6,2,10,0,1,61,4,66,0,3,67,6,76,62,0,62,138
08/31/2012,ESN,MD,AEA,EN,Federal Contract Tower,0,1,19,2,22,0,2,70,2,74,0,3,89,4,96,122,0,122,218
09/01/2012,ESN,MD,AEA,EN,Federal Contract Tower,0,2,9,0,11,0,0,59,0,59,0,2,68,0,70,80,0,80,150
09/02/2012,ESN,MD,AEA,EN,Federal Contract Tower,0,1,4,0,5,0,0,17,1,18,0,1,21,1,23,12,0,12,35
09/03/2012,ESN,MD,AEA,EN,Federal Contract Tower,0,0,16,0,16,0,2,5,4,11,0,2,21,4,27,0,0,0,27
09/04/2012,ESN,MD,AEA,EN,Federal Contract Tower,0,3,6,0,9,0,0,12,8,20,0,3,18,8,29,10,12,22,51
09/05/2012,ESN,MD,AEA,EN,Federal Contract Tower,0,4,8,0,12,0,0,6,2,8,0,4,14,2,20,12,0,12,32
09/06/2012,ESN,MD,AEA,EN,Federal Contract Tower,0,2,13,0,15,0,0,16,4,20,0,2,29,4,35,18,0,18,53
09/07/2012,ESN,MD,AEA,EN,Federal Contract Tower,0,2,17,0,19,0,1,48,2,51,0,3,65,2,70,64,2,66,136
09/08/2012,ESN,MD,AEA,EN,Federal Contract Tower,0,2,10,0,12,0,2,22,0,24,0,4,32,0,36,8,0,8,44
09/09/2012,ESN,MD,AEA,EN,Federal Contract Tower,0,6,15,0,21,0,1,62,1,64,0,7,77,1,85,82,0,82,167
09/10/2012,ESN,MD,AEA,EN,Federal Contract Tower,0,3,11,7,21,0,4,38,5,47,0,7,49,12,68,88,6,94,162
09/11/2012,ESN,MD,AEA,EN,Federal Contract Tower,0,2,4,0,6,0,2,68,4,74,0,4,72,4,80,80,0,80,160
09/12/2012,ESN,MD,AEA,EN,Federal Contract Tower,0,3,8,0,11,0,0,74,4,78,0,3,82,4,89,74,8,82,171
09/13/2012,ESN,MD,AEA,EN,Federal Contract Tower,0,6,7,2,15,0,3,60,4,67,0,9,67,6,82,68,0,68,150
09/14/2012,ESN,MD,AEA,EN,Federal Contract Tower,0,4,16,1,21,0,2,52,3,57,0,6,68,4,78,82,0,82,160
09/15/2012,ESN,MD,AEA,EN,Federal Contract Tower,0,5,4,0,9,0,1,53,0,54,0,6,57,0,63,74,0,74,137
09/16/2012,ESN,MD,AEA,EN,Federal Contract Tower,0,3,12,0,15,0,0,84,0,84,0,3,96,0,99,82,0,82,181
09/17/2012,ESN,MD,AEA,EN,Federal Contract Tower,0,4,7,2,13,0,0,33,0,33,0,4,40,2,46,22,0,22,68
09/18/2012,ESN,MD,AEA,EN,Federal Contract Tower,0,2,9,0,11,0,1,1,0,2,0,3,10,0,13,0,0,0,13
09/19/2012,ESN,MD,AEA,EN,Federal Contract Tower,0,3,12,0,15,0,3,52,11,66,0,6,64,11,81,48,0,48,129
09/20/2012,ESN,MD,AEA,EN,Federal Contract Tower,0,6,13,4,23,0,3,54,2,59,0,9,67,6,82,58,4,62,144
09/21/2012,ESN,MD,AEA,EN,Federal Contract Tower,0,7,7,0,14,0,0,65,4,69,0,7,72,4,83,90,10,100,183
09/22/2012,ESN,MD,AEA,EN,Federal Contract Tower,0,2,10,0,12,0,2,78,3,83,0,4,88,3,95,98,0,98,193
09/23/2012,ESN,MD,AEA,EN,Federal Contract Tower,0,1,16,0,17,0,4,56,0,60,0,5,72,0,77,56,0,56,133
09/24/2012,ESN,MD,AEA,EN,Federal Contract Tower,0,0,10,8,18,0,1,48,0,49,0,1,58,8,67,78,0,78,145
09/25/2012,ESN,MD,AEA,EN,Federal Contract Tower,0,2,8,2,12,0,3,46,0,49,0,5,54,2,61,38,0,38,99
09/26/2012,ESN,MD,AEA,EN,Federal Contract Tower,0,0,4,0,4,0,3,39,4,46,0,3,43,4,50,50,0,50,100
09/27/2012,ESN,MD,AEA,EN,Federal Contract Tower,0,3,6,0,9,0,0,39,3,42,0,3,45,3,51,98,12,110,161
09/28/2012,ESN,MD,AEA,EN,Federal Contract Tower,0,4,10,2,16,0,1,25,2,28,0,5,35,4,44,56,10,66,110
09/29/2012,ESN,MD,AEA,EN,Federal Contract Tower,0,4,9,0,13,0,1,57,0,58,0,5,66,0,71,38,0,38,109
09/30/2012,ESN,MD,AEA,EN,Federal Contract Tower,0,8,5,0,13,0,1,58,0,59,0,9,63,0,72,48,0,48,120
10/01/2012,ESN,MD,AEA,EN,Federal Contract Tower,0,7,6,1,14,0,1,60,4,65,0,8,66,5,79,80,0,80,159
10/02/2012,ESN,MD,AEA,EN,Federal Contract Tower,0,6,7,2,15,0,0,0,0,0,0,6,7,2,15,0,0,0,15
10/03/2012,ESN,MD,AEA,EN,Federal Contract Tower,0,3,3,0,6,0,2,33,3,38,0,5,36,3,44,66,0,66,110
10/04/2012,ESN,MD,AEA,EN,Federal Contract Tower,0,7,11,0,18,0,1,39,4,44,0,8,50,4,62,58,2,60,122
10/05/2012,ESN,MD,AEA,EN,Federal Contract Tower,0,6,18,2,26,0,5,172,7,184,0,11,190,9,210,178,4,182,392
10/06/2012,ESN,MD,AEA,EN,Federal Contract Tower,0,1,6,0,7,0,1,177,0,178,0,2,183,0,185,92,0,92,277
10/07/2012,ESN,MD,AEA,EN,Federal Contract Tower,0,6,18,0,24,0,0,14,0,14,0,6,32,0,38,10,0,10,48
10/08/2012,ESN,MD,AEA,EN,Federal Contract Tower,0,0,7,0,7,0,2,45,0,47,0,2,52,0,54,86,0,86,140
10/09/2012,ESN,MD,AEA,EN,Federal Contract Tower,0,2,25,0,27,0,0,0,0,0,0,2,25,0,27,0,0,0,27
10/10/2012,ESN,MD,AEA,EN,Federal Contract Tower,0,0,22,1,23,0,1,24,0,25,0,1,46,1,48,38,0,38,86
10/11/2012,ESN,MD,AEA,EN,Federal Contract Tower,0,1,10,0,11,0,0,49,4,53,0,1,59,4,64,60,0,60,124
10/12/2012,ESN,MD,AEA,EN,Federal Contract Tower,0,6,6,2,14,0,0,42,5,47,0,6,48,7,61,40,0,40,101
10/13/2012,ESN,MD,AEA,EN,Federal Contract Tower,0,3,9,0,12,0,1,99,4,104,0,4,108,4,116,72,0,72,188
10/14/2012,ESN,MD,AEA,EN,Federal Contract Tower,0,2,10,0,12,0,7,38,0,45,0,9,48,0,57,40,0,40,97
10/15/2012,ESN,MD,AEA,EN,Federal Contract Tower,0,4,18,0,22,0,3,21,0,24,0,7,39,0,46,24,0,24,70
10/16/2012,ESN,MD,AEA,EN,Federal Contract Tower,0,6,11,2,19,0,1,57,0,58,0,7,68,2,77,34,0,34,111
10/17/2012,ESN,MD,AEA,EN,Federal Contract Tower,0,3,18,0,21,0,4,70,0,74,0,7,88,0,95,56,0,56,151
10/18/2012,ESN,MD,AEA,EN,Federal Contract Tower,0,1,16,1,18,0,1,49,3,53,0,2,65,4,71,80,4,84,155
10/19/2012,ESN,MD,AEA,EN,Federal Contract Tower,0,10,17,2,29,0,0,10,1,11,0,10,27,3,40,6,0,6,46
10/20/2012,ESN,MD,AEA,EN,Federal Contract Tower,0,4,17,0,21,0,0,72,4,76,0,4,89,4,97,94,0,94,191
10/21/2012,ESN,MD,AEA,EN,Federal Contract Tower,0,2,11,1,14,0,0,85,1,86,0,2,96,2,100,118,0,118,218
10/22/2012,ESN,MD,AEA,EN,Federal Contract Tower,0,1,6,0,7,0,1,56,0,57,0,2,62,0,64,94,2,96,160
10/23/2012,ESN,MD,AEA,EN,Federal Contract Tower,0,5,15,2,22,0,2,86,3,91,0,7,101,5,113,76,0,76,189
10/24/2012,ESN,MD,AEA,EN,Federal Contract Tower,0,3,11,0,14,0,2,86,6,94,0,5,97,6,108,88,2,90,198
10/25/2012,ESN,MD,AEA,EN,Federal Contract Tower,0,6,38,5,49,0,0,20,5,25,0,6,58,10,74,38,0,38,112
10/26/2012,ESN,MD,AEA,EN,Federal Contract Tower,0,2,14,0,16,0,0,26,0,26,0,2,40,0,42,22,0,22,64
10/27/2012,ESN,MD,AEA,EN,Federal Contract Tower,0,2,4,0,6,0,1,47,2,50,0,3,51,2,56,10,0,10,66
10/28/2012,ESN,MD,AEA,EN,Federal Contract Tower,0,0,7,0,7,0,0,1,0,1,0,0,8,0,8,0,0,0,8
10/29/2012,ESN,MD,AEA,EN,Federal Contract Tower,0,0,1,0,1,0,0,0,0,0,0,0,1,0,1,0,0,0,1
10/30/2012,ESN,MD,AEA,EN,Federal Contract Tower,0,0,2,2,4,0,0,1,0,1,0,0,3,2,5,0,0,0,5
10/31/2012,ESN,MD,AEA,EN,Federal Contract Tower,0,1,9,0,10,0,5,19,4,28,0,6,28,4,38,20,2,22,60
11/01/2012,ESN,MD,AEA,EN,Federal Contract Tower,0,2,11,0,13,0,2,32,0,34,0,4,43,0,47,36,6,42,89
11/02/2012,ESN,MD,AEA,EN,Federal Contract Tower,0,2,5,0,7,0,1,36,4,41,0,3,41,4,48,28,0,28,76
11/03/2012,ESN,MD,AEA,EN,Federal Contract Tower,0,1,7,0,8,0,0,27,6,33,0,1,34,6,41,12,0,12,53
11/04/2012,ESN,MD,AEA,EN,Federal Contract Tower,0,8,13,0,21,0,0,63,5,68,0,8,76,5,89,58,0,58,147
11/05/2012,ESN,MD,AEA,EN,Federal Contract Tower,0,5,11,0,16,0,2,28,3,33,0,7,39,3,49,92,0,92,141
11/06/2012,ESN,MD,AEA,EN,Federal Contract Tower,0,0,7,0,7,0,2,32,8,42,0,2,39,8,49,46,2,48,97
11/07/2012,ESN,MD,AEA,EN,Federal Contract Tower,0,0,1,4,5,0,0,2,0,2,0,0,3,4,7,0,0,0,7
11/08/2012,ESN,MD,AEA,EN,Federal Contract Tower,0,0,9,2,11,0,0,18,4,22,0,0,27,6,33,22,4,26,59
11/09/2012,ESN,MD,AEA,EN,Federal Contract Tower,0,1,5,2,8,0,1,64,1,66,0,2,69,3,74,90,4,94,168
11/10/2012,ESN,MD,AEA,EN,Federal Contract Tower,0,4,7,0,11,0,0,77,0,77,0,4,84,0,88,72,0,72,160
11/11/2012,ESN,MD,AEA,EN,Federal Contract Tower,0,7,14,1,22,0,3,76,0,79,0,10,90,1,101,82,0,82,183
11/12/2012,ESN,MD,AEA,EN,Federal Contract Tower,0,3,20,0,23,0,1,43,0,44,0,4,63,0,67,48,0,48,115
11/13/2012,ESN,MD,AEA,EN,Federal Contract Tower,0,5,9,0,14,0,0,8,0,8,0,5,17,0,22,4,0,4,26
11/14/2012,ESN,MD,AEA,EN,Federal Contract Tower,0,1,20,0,21,0,2,38,2,42,0,3,58,2,63,56,0,56,119
11/15/2012,ESN,MD,AEA,EN,Federal Contract Tower,0,4,7,0,11,0,3,50,4,57,0,7,57,4,68,68,2,70,138
11/16/2012,ESN,MD,AEA,EN,Federal Contract Tower,0,2,20,0,22,0,1,65,1,67,0,3,85,1,89,106,18,124,213
11/17/2012,ESN,MD,AEA,EN,Federal Contract Tower,0,1,17,0,18,0,0,83,0,83,0,1,100,0,101,78,0,78,179
11/18/2012,ESN,MD,AEA,EN,Federal Contract Tower,0,5,17,0,22,0,2,58,0,60,0,7,75,0,82,96,0,96,178
11/19/2012,ESN,MD,AEA,EN,Federal Contract Tower,0,1,17,0,18,0,0,12,2,14,0,1,29,2,32,20,0,20,52
11/20/2012,ESN,MD,AEA,EN,Federal Contract Tower,0,5,14,0,19,0,2,43,4,49,0,7,57,4,68,82,0,82,150
11/21/2012,ESN,MD,AEA,EN,Federal Contract Tower,0,2,14,0,16,0,3,69,0,72,0,5,83,0,88,86,2,88,176
11/22/2012,ESN,MD,AEA,EN,Federal Contract Tower,0,2,2,0,4,0,2,18,0,20,0,4,20,0,24,14,0,14,38
11/23/2012,ESN,MD,AEA,EN,Federal Contract Tower,0,6,10,1,17,0,0,70,0,70,0,6,80,1,87,34,0,34,121
11/24/2012,ESN,MD,AEA,EN,Federal Contract Tower,0,3,6,0,9,0,2,14,0,16,0,5,20,0,25,2,0,2,27
11/25/2012,ESN,MD,AEA,EN,Federal Contract Tower,0,3,17,0,20,0,2,33,0,35,0,5,50,0,55,26,0,26,81
11/26/2012,ESN,MD,AEA,EN,Federal Contract Tower,0,2,9,2,13,0,0,57,0,57,0,2,66,2,70,56,0,56,126
11/27/2012,ESN,MD,AEA,EN,Federal Contract Tower,0,0,1,0,1,0,1,0,0,1,0,1,1,0,2,0,0,0,2
11/28/2012,ESN,MD,AEA,EN,Federal Contract Tower,0,4,9,0,13,0,2,23,1,26,0,6,32,1,39,14,0,14,53
11/29/2012,ESN,MD,AEA,EN,Federal Contract Tower,0,3,10,0,13,0,1,74,0,75,0,4,84,0,88,64,0,64,152
11/30/2012,ESN,MD,AEA,EN,Federal Contract Tower,0,3,13,2,18,0,0,49,3,52,0,3,62,5,70,72,18,90,160
12/01/2012,ESN,MD,AEA,EN,Federal Contract Tower,0,2,12,0,14,0,0,41,0,41,0,2,53,0,55,54,0,54,109
12/02/2012,ESN,MD,AEA,EN,Federal Contract Tower,0,2,7,1,10,0,1,31,1,33,0,3,38,2,43,46,0,46,89
12/03/2012,ESN,MD,AEA,EN,Federal Contract Tower,0,5,5,0,10,0,1,35,2,38,0,6,40,2,48,74,0,74,122
12/04/2012,ESN,MD,AEA,EN,Federal Contract Tower,0,3,3,0,6,0,2,32,3,37,0,5,35,3,43,94,0,94,137
12/05/2012,ESN,MD,AEA,EN,Federal Contract Tower,0,4,8,0,12,0,1,33,2,36,0,5,41,2,48,58,4,62,110
12/06/2012,ESN,MD,AEA,EN,Federal Contract Tower,0,2,11,1,14,0,3,55,2,60,0,5,66,3,74,72,0,72,146
12/07/2012,ESN,MD,AEA,EN,Federal Contract Tower,0,0,12,0,12,0,0,21,0,21,0,0,33,0,33,34,0,34,67
12/08/2012,ESN,MD,AEA,EN,Federal Contract Tower,0,0,8,0,8,0,0,0,0,0,0,0,8,0,8,0,0,0,8
12/09/2012,ESN,MD,AEA,EN,Federal Contract Tower,0,2,4,0,6,0,0,0,0,0,0,2,4,0,6,0,0,0,6
12/10/2012,ESN,MD,AEA,EN,Federal Contract Tower,0,0,9,0,9,0,0,3,0,3,0,0,12,0,12,0,0,0,12
12/11/2012,ESN,MD,AEA,EN,Federal Contract Tower,0,3,17,0,20,0,1,32,0,33,0,4,49,0,53,104,38,142,195
12/12/2012,ESN,MD,AEA,EN,Federal Contract Tower,0,4,3,0,7,0,1,55,4,60,0,5,58,4,67,100,10,110,177
12/13/2012,ESN,MD,AEA,EN,Federal Contract Tower,0,3,12,1,16,0,1,84,1,86,0,4,96,2,102,92,0,92,194
12/14/2012,ESN,MD,AEA,EN,Federal Contract Tower,0,7,9,0,16,0,1,73,2,76,0,8,82,2,92,136,0,136,228
12/15/2012,ESN,MD,AEA,EN,Federal Contract Tower,0,6,19,0,25,0,2,101,2,105,0,8,120,2,130,128,0,128,258
12/16/2012,ESN,MD,AEA,EN,Federal Contract Tower,0,8,19,0,27,0,0,0,0,0,0,8,19,0,27,2,0,2,29
12/17/2012,ESN,MD,AEA,EN,Federal Contract Tower,0,2,7,0,9,0,0,0,0,0,0,2,7,0,9,0,0,0,9
12/18/2012,ESN,MD,AEA,EN,Federal Contract Tower,0,1,11,0,12,0,0,36,1,37,0,1,47,1,49,34,4,38,87
12/19/2012,ESN,MD,AEA,EN,Federal Contract Tower,0,3,18,0,21,0,1,69,5,75,0,4,87,5,96,114,0,114,210
12/20/2012,ESN,MD,AEA,EN,Federal Contract Tower,0,1,6,0,7,0,0,58,6,64,0,1,64,6,71,56,0,56,127
12/21/2012,ESN,MD,AEA,EN,Federal Contract Tower,0,2,1,0,3,0,0,2,0,2,0,2,3,0,5,0,0,0,5
12/22/2012,ESN,MD,AEA,EN,Federal Contract Tower,0,2,2,0,4,0,1,3,0,4,0,3,5,0,8,0,0,0,8
12/23/2012,ESN,MD,AEA,EN,Federal Contract Tower,0,2,5,0,7,0,1,48,0,49,0,3,53,0,56,56,0,56,112
12/24/2012,ESN,MD,AEA,EN,Federal Contract Tower,0,2,4,0,6,0,1,15,2,18,0,3,19,2,24,28,0,28,52
12/25/2012,ESN,MD,AEA,EN,Federal Contract Tower,0,0,0,0,0,0,3,9,0,12,0,3,9,0,12,0,0,0,12
12/26/2012,ESN,MD,AEA,EN,Federal Contract Tower,0,3,7,0,10,0,0,0,0,0,0,3,7,0,10,0,0,0,10
12/27/2012,ESN,MD,AEA,EN,Federal Contract Tower,0,5,3,0,8,0,1,13,5,19,0,6,16,5,27,0,0,0,27
12/28/2012,ESN,MD,AEA,EN,Federal Contract Tower,0,5,11,0,16,0,3,67,2,72,0,8,78,2,88,56,0,56,144
12/29/2012,ESN,MD,AEA,EN,Federal Contract Tower,0,2,1,0,3,0,0,2,0,2,0,2,3,0,5,0,0,0,5
12/30/2012,ESN,MD,AEA,EN,Federal Contract Tower,0,0,1,0,1,0,0,1,0,1,0,0,2,0,2,0,0,0,2
12/31/2012,ESN,MD,AEA,EN,Federal Contract Tower,0,0,4,0,4,0,1,86,2,89,0,1,90,2,93,54,0,54,147
01/01/2013,ESN,MD,AEA,EN,Federal Contract Tower,0,2,7,0,9,0,2,12,3,17,0,4,19,3,26,36,0,36,62
01/02/2013,ESN,MD,AEA,EN,Federal Contract Tower,0,1,5,0,6,0,5,18,0,23,0,6,23,0,29,30,0,30,59
01/03/2013,ESN,MD,AEA,EN,Federal Contract Tower,0,0,9,1,10,0,0,44,1,45,0,0,53,2,55,66,0,66,121
01/04/2013,ESN,MD,AEA,EN,Federal Contract Tower,0,2,4,2,8,0,2,31,4,37,0,4,35,6,45,68,0,68,113
01/05/2013,ESN,MD,AEA,EN,Federal Contract Tower,0,0,13,0,13,0,0,82,0,82,0,0,95,0,95,126,0,126,221
01/06/2013,ESN,MD,AEA,EN,Federal Contract Tower,0,0,6,0,6,0,0,60,0,60,0,0,66,0,66,122,0,122,188
01/07/2013,ESN,MD,AEA,EN,Federal Contract Tower,0,2,7,0,9,0,3,48,0,51,0,5,55,0,60,58,0,58,118
01/08/2013,ESN,MD,AEA,EN,Federal Contract Tower,0,0,10,0,10,0,1,45,2,48,0,1,55,2,58,62,6,68,126
01/09/2013,ESN,MD,AEA,EN,Federal Contract Tower,0,2,12,0,14,0,0,46,2,48,0,2,58,2,62,96,0,96,158
01/10/2013,ESN,MD,AEA,EN,Federal Contract Tower,0,2,6,2,10,0,3,43,6,52,0,5,49,8,62,64,4,68,130
01/11/2013,ESN,MD,AEA,EN,Federal Contract Tower,0,1,14,0,15,0,1,23,4,28,0,2,37,4,43,22,4,26,69
01/12/2013,ESN,MD,AEA,EN,Federal Contract Tower,0,0,10,0,10,0,1,41,2,44,0,1,51,2,54,54,0,54,108
01/13/2013,ESN,MD,AEA,EN,Federal Contract Tower,0,1,6,0,7,0,0,0,0,0,0,1,6,0,7,0,0,0,7
01/14/2013,ESN,MD,AEA,EN,Federal Contract Tower,0,2,18,0,20,0,0,6,0,6,0,2,24,0,26,8,0,8,34
01/15/2013,ESN,MD,AEA,EN,Federal Contract Tower,0,5,7,0,12,0,0,0,0,0,0,5,7,0,12,0,0,0,12
01/16/2013,ESN,MD,AEA,EN,Federal Contract Tower,0,3,4,0,7,0,0,0,0,0,0,3,4,0,7,0,0,0,7
01/17/2013,ESN,MD,AEA,EN,Federal Contract Tower,0,1,14,2,17,0,1,10,3,14,0,2,24,5,31,18,0,18,49
01/18/2013,ESN,MD,AEA,EN,Federal Contract Tower,0,8,9,0,17,0,5,34,3,42,0,13,43,3,59,48,2,50,109
01/19/2013,ESN,MD,AEA,EN,Federal Contract Tower,0,0,4,0,4,0,2,37,0,39,0,2,41,0,43,116,0,116,159
01/20/2013,ESN,MD,AEA,EN,Federal Contract Tower,0,0,15,0,15,0,1,24,0,25,0,1,39,0,40,64,0,64,104
01/21/2013,ESN,MD,AEA,EN,Federal Contract Tower,0,0,14,0,14,0,1,59,0,60,0,1,73,0,74,62,0,62,136
01/22/2013,ESN,MD,AEA,EN,Federal Contract Tower,0,0,5,0,5,0,0,20,0,20,0,0,25,0,25,14,8,22,47
01/23/2013,ESN,MD,AEA,EN,Federal Contract Tower,0,3,8,0,11,0,3,32,4,39,0,6,40,4,50,40,0,40,90
01/24/2013,ESN,MD,AEA,EN,Federal Contract Tower,0,0,13,0,13,0,5,12,2,19,0,5,25,2,32,20,0,20,52
01/25/2013,ESN,MD,AEA,EN,Federal Contract Tower,0,1,5,0,6,0,1,24,0,25,0,2,29,0,31,28,0,28,59
01/26/2013,ESN,MD,AEA,EN,Federal Contract Tower,0,2,5,0,7,0,3,20,0,23,0,5,25,0,30,90,0,90,120
01/27/2013,ESN,MD,AEA,EN,Federal Contract Tower,0,0,11,0,11,0,3,58,4,65,0,3,69,4,76,140,0,140,216
01/28/2013,ESN,MD,AEA,EN,Federal Contract Tower,0,0,5,0,5,0,0,0,0,0,0,0,5,0,5,0,0,0,5
01/29/2013,ESN,MD,AEA,EN,Federal Contract Tower,0,0,4,0,4,0,5,65,0,70,0,5,69,0,74,96,10,106,180
01/30/2013,ESN,MD,AEA,EN,Federal Contract Tower,0,0,12,0,12,0,0,0,4,4,0,0,12,4,16,0,28,28,44
01/31/2013,ESN,MD,AEA,EN,Federal Contract Tower,0,2,8,0,10,0,3,5,1,9,0,5,13,1,19,0,8,8,27
02/01/2013,ESN,MD,AEA,EN,Federal Contract Tower,0,2,6,0,8,0,4,3,0,7,0,6,9,0,15,0,0,0,15
02/02/2013,ESN,MD,AEA,EN,Federal Contract Tower,0,0,16,0,16,0,2,39,0,41,0,2,55,0,57,76,0,76,133
02/03/2013,ESN,MD,AEA,EN,Federal Contract Tower,0,2,1,0,3,0,1,11,0,12,0,3,12,0,15,34,0,34,49
02/04/2013,ESN,MD,AEA,EN,Federal Contract Tower,0,0,18,2,20,0,3,55,3,61,0,3,73,5,81,64,0,64,145
02/05/2013,ESN,MD,AEA,EN,Federal Contract Tower,0,0,7,6,13,0,0,29,4,33,0,0,36,10,46,54,18,72,118
02/06/2013,ESN,MD,AEA,EN,Federal Contract Tower,0,2,13,0,15,0,3,41,2,46,0,5,54,2,61,36,0,36,97
02/07/2013,ESN,MD,AEA,EN,Federal Contract Tower,0,0,8,2,10,0,3,41,4,48,0,3,49,6,58,72,6,78,136
02/08/2013,ESN,MD,AEA,EN,Federal Contract Tower,0,0,3,0,3,0,0,1,0,1,0,0,4,0,4,0,0,0,4
02/09/2013,ESN,MD,AEA,EN,Federal Contract Tower,0,0,4,0,4,0,0,32,2,34,0,0,36,2,38,66,0,66,104
02/10/2013,ESN,MD,AEA,EN,Federal Contract Tower,0,0,5,0,5,0,3,89,2,94,0,3,94,2,99,138,0,138,237
02/11/2013,ESN,MD,AEA,EN,Federal Contract Tower,0,0,4,0,4,0,2,0,0,2,0,2,4,0,6,0,0,0,6
02/12/2013,ESN,MD,AEA,EN,Federal Contract Tower,0,2,7,0,9,0,7,54,0,61,0,9,61,0,70,60,0,60,130
02/13/2013,ESN,MD,AEA,EN,Federal Contract Tower,0,2,9,1,12,0,2,8,4,14,0,4,17,5,26,10,6,16,42
02/14/2013,ESN,MD,AEA,EN,Federal Contract Tower,0,0,4,6,10,0,0,31,5,36,0,0,35,11,46,58,2,60,106
02/15/2013,ESN,MD,AEA,EN,Federal Contract Tower,0,2,10,0,12,0,0,113,1,114,0,2,123,1,126,138,0,138,264
02/16/2013,ESN,MD,AEA,EN,Federal Contract Tower,0,3,5,0,8,0,0,0,0,0,0,3,5,0,8,0,0,0,8
02/17/2013,ESN,MD,AEA,EN,Federal Contract Tower,0,0,1,0,1,0,0,2,0,2,0,0,3,0,3,12,0,12,15
02/18/2013,ESN,MD,AEA,EN,Federal Contract Tower,0,0,20,0,20,0,2,51,0,53,0,2,71,0,73,96,0,96,169
02/19/2013,ESN,MD,AEA,EN,Federal Contract Tower,0,0,7,0,7,0,2,5,0,7,0,2,12,0,14,30,0,30,44
02/20/2013,ESN,MD,AEA,EN,Federal Contract Tower,0,3,6,0,9,0,1,9,0,10,0,4,15,0,19,16,4,20,39
02/21/2013,ESN,MD,AEA,EN,Federal Contract Tower,0,2,9,0,11,0,4,18,4,26,0,6,27,4,37,50,0,50,87
02/22/2013,ESN,MD,AEA,EN,Federal Contract Tower,0,1,3,0,4,0,0,24,0,24,0,1,27,0,28,66,0,66,94
02/23/2013,ESN,MD,AEA,EN,Federal Contract Tower,0,1,1,0,2,0,0,0,0,0,0,1,1,0,2,0,0,0,2
02/24/2013,ESN,MD,AEA,EN,Federal Contract Tower,0,0,10,0,10,0,0,42,0,42,0,0,52,0,52,84,0,84,136
02/25/2013,ESN,MD,AEA,EN,Federal Contract Tower,0,2,6,2,10,0,2,83,4,89,0,4,89,6,99,112,0,112,211
02/26/2013,ESN,MD,AEA,EN,Federal Contract Tower,0,0,5,2,7,0,0,12,0,12,0,0,17,2,19,14,0,14,33
02/27/2013,ESN,MD,AEA,EN,Federal Contract Tower,0,4,4,2,10,0,1,41,4,46,0,5,45,6,56,58,0,58,114
02/28/2013,ESN,MD,AEA,EN,Federal Contract Tower,0,2,6,0,8,0,1,23,5,29,0,3,29,5,37,59,0,59,96
03/01/2013,ESN,MD,AEA,EN,Federal Contract Tower,0,0,8,3,11,0,1,25,10,36,0,1,33,13,47,90,2,92,139
03/02/2013,ESN,MD,AEA,EN,Federal Contract Tower,0,2,13,0,15,0,2,86,1,89,0,4,99,1,104,68,0,68,172
03/03/2013,ESN,MD,AEA,EN,Federal Contract Tower,0,2,7,0,9,0,1,26,0,27,0,3,33,0,36,98,0,98,134
03/04/2013,ESN,MD,AEA,EN,Federal Contract Tower,0,2,10,0,12,0,0,52,0,52,0,2,62,0,64,16,4,20,84
03/05/2013,ESN,MD,AEA,EN,Federal Contract Tower,0,0,6,3,9,0,0,37,3,40,0,0,43,6,49,118,2,120,169
03/06/2013,ESN,MD,AEA,EN,Federal Contract Tower,0,3,0,0,3,0,0,0,0,0,0,3,0,0,3,0,0,0,3
03/07/2013,ESN,MD,AEA,EN,Federal Contract Tower,0,0,7,5,12,0,1,5,8,14,0,1,12,13,26,38,4,42,68
03/08/2013,ESN,MD,AEA,EN,Federal Contract Tower,0,3,4,0,7,0,0,1,1,2,0,3,5,1,9,7,14,21,30
03/09/2013,ESN,MD,AEA,EN,Federal Contract Tower,0,0,17,0,17,0,2,117,2,121,0,2,134,2,138,150,0,150,288
03/10/2013,ESN,MD,AEA,EN,Federal Contract Tower,0,2,13,0,15,0,14,96,2,112,0,16,109,2,127,100,0,100,227
03/11/2013,ESN,MD,AEA,EN,Federal Contract Tower,0,0,1,4,5,0,0,19,0,19,0,0,20,4,24,18,34,52,76
03/12/2013,ESN,MD,AEA,EN,Federal Contract Tower,0,0,5,0,5,0,0,4,0,4,0,0,9,0,9,10,0,10,19
03/13/2013,ESN,MD,AEA,EN,Federal Contract Tower,0,4,11,0,15,0,2,32,14,48,0,6,43,14,63,38,24,62,125
03/14/2013,ESN,MD,AEA,EN,Federal Contract Tower,0,4,2,3,9,0,0,12,6,18,0,4,14,9,27,34,8,42,69
03/15/2013,ESN,MD,AEA,EN,Federal Contract Tower,0,2,12,2,16,0,0,105,6,111,0,2,117,8,127,124,14,138,265
03/16/2013,ESN,MD,AEA,EN,Federal Contract Tower,0,2,11,0,13,0,1,34,0,35,0,3,45,0,48,30,0,30,78
03/17/2013,ESN,MD,AEA,EN,Federal Contract Tower,0,2,15,0,17,0,3,23,0,26,0,5,38,0,43,54,0,54,97
03/18/2013,ESN,MD,AEA,EN,Federal Contract Tower,0,2,1,0,3,0,1,2,0,3,0,3,3,0,6,0,0,0,6
03/19/2013,ESN,MD,AEA,EN,Federal Contract Tower,0,2,14,0,16,0,0,41,8,49,0,2,55,8,65,90,10,100,165
03/20/2013,ESN,MD,AEA,EN,Federal Contract Tower,0,2,5,1,8,0,0,47,7,54,0,2,52,8,62,70,12,82,144
03/21/2013,ESN,MD,AEA,EN,Federal Contract Tower,0,0,18,0,18,0,0,16,11,27,0,0,34,11,45,28,0,28,73
03/22/2013,ESN,MD,AEA,EN,Federal Contract Tower,0,4,7,1,12,0,3,37,4,44,0,7,44,5,56,40,10,50,106
03/23/2013,ESN,MD,AEA,EN,Federal Contract Tower,0,0,15,0,15,0,3,98,0,101,0,3,113,0,116,74,0,74,190
03/24/2013,ESN,MD,AEA,EN,Federal Contract Tower,0,1,10,0,11,0,0,87,0,87,0,1,97,0,98,120,0,120,218
03/25/2013,ESN,MD,AEA,EN,Federal Contract Tower,0,0,0,0,0,0,0,0,0,0,0,0,0,0,0,0,0,0,0
03/26/2013,ESN,MD,AEA,EN,Federal Contract Tower,0,1,13,2,16,0,4,50,3,57,0,5,63,5,73,72,18,90,163
03/27/2013,ESN,MD,AEA,EN,Federal Contract Tower,0,3,13,0,16,0,5,32,14,51,0,8,45,14,67,38,6,44,111
03/28/2013,ESN,MD,AEA,EN,Federal Contract Tower,0,2,10,0,12,0,8,34,2,44,0,10,44,2,56,44,0,44,100
03/29/2013,ESN,MD,AEA,EN,Federal Contract Tower,0,0,8,2,10,0,2,77,2,81,0,2,85,4,91,82,0,82,173
03/30/2013,ESN,MD,AEA,EN,Federal Contract Tower,0,2,18,0,20,0,0,133,2,135,0,2,151,2,155,166,0,166,321
03/31/2013,ESN,MD,AEA,EN,Federal Contract Tower,0,2,12,0,14,0,2,12,2,16,0,4,24,2,30,4,0,4,34
04/01/2013,ESN,MD,AEA,EN,Federal Contract Tower,0,0,9,1,10,0,10,45,0,55,0,10,54,1,65,54,8,62,127
04/02/2013,ESN,MD,AEA,EN,Federal Contract Tower,0,2,5,2,9,0,0,23,4,27,0,2,28,6,36,40,0,40,76
04/03/2013,ESN,MD,AEA,EN,Federal Contract Tower,0,2,5,0,7,0,3,33,12,48,0,5,38,12,55,20,0,20,75
04/04/2013,ESN,MD,AEA,EN,Federal Contract Tower,0,0,8,4,12,0,1,107,5,113,0,1,115,9,125,208,0,208,333
04/05/2013,ESN,MD,AEA,EN,Federal Contract Tower,0,5,14,2,21,0,1,29,4,34,0,6,43,6,55,64,0,64,119
04/06/2013,ESN,MD,AEA,EN,Federal Contract Tower,0,2,7,0,9,0,1,122,3,126,0,3,129,3,135,146,0,146,281
04/07/2013,ESN,MD,AEA,EN,Federal Contract Tower,0,2,7,0,9,0,8,57,0,65,0,10,64,0,74,86,0,86,160
04/08/2013,ESN,MD,AEA,EN,Federal Contract Tower,0,2,5,6,13,0,2,69,2,73,0,4,74,8,86,72,0,72,158
04/09/2013,ESN,MD,AEA,EN,Federal Contract Tower,0,2,8,2,12,0,2,68,0,70,0,4,76,2,82,132,0,132,214
04/10/2013,ESN,MD,AEA,EN,Federal Contract Tower,0,0,1,0,1,0,3,49,10,62,0,3,50,10,63,48,4,52,115
04/11/2013,ESN,MD,AEA,EN,Federal Contract Tower,0,3,7,0,10,0,0,46,2,48,0,3,53,2,58,36,0,36,94
04/12/2013,ESN,MD,AEA,EN,Federal Contract Tower,0,1,5,0,6,0,0,0,0,0,0,1,5,0,6,0,0,0,6
04/13/2013,ESN,MD,AEA,EN,Federal Contract Tower,0,0,3,0,3,0,3,86,0,89,0,3,89,0,92,114,4,118,210
04/14/2013,ESN,MD,AEA,EN,Federal Contract Tower,0,4,7,0,11,0,6,68,1,75,0,10,75,1,86,108,2,110,196
04/15/2013,ESN,MD,AEA,EN,Federal Contract Tower,0,4,9,0,13,0,0,34,2,36,0,4,43,2,49,92,6,98,147
04/16/2013,ESN,MD,AEA,EN,Federal Contract Tower,0,1,16,2,19,0,5,54,3,62,0,6,70,5,81,162,0,162,243
04/17/2013,ESN,MD,AEA,EN,Federal Contract Tower,0,0,6,0,6,0,0,55,4,59,0,0,61,4,65,88,0,88,153
04/18/2013,ESN,MD,AEA,EN,Federal Contract Tower,0,2,18,2,22,0,0,16,0,16,0,2,34,2,38,68,0,68,106
04/19/2013,ESN,MD,AEA,EN,Federal Contract Tower,0,0,4,0,4,0,0,6,0,6,0,0,10,0,10,0,0,0,10
04/20/2013,ESN,MD,AEA,EN,Federal Contract Tower,0,0,7,0,7,0,0,35,1,36,0,0,42,1,43,80,0,80,123
04/21/2013,ESN,MD,AEA,EN,Federal Contract Tower,0,2,15,0,17,0,2,72,0,74,0,4,87,0,91,160,0,160,251
04/22/2013,ESN,MD,AEA,EN,Federal Contract Tower,0,0,13,2,15,0,3,14,4,21,0,3,27,6,36,22,22,44,80
04/23/2013,ESN,MD,AEA,EN,Federal Contract Tower,0,3,15,6,24,0,2,45,0,47,0,5,60,6,71,112,0,112,183
04/24/2013,ESN,MD,AEA,EN,Federal Contract Tower,0,0,10,0,10,0,1,52,2,55,0,1,62,2,65,60,0,60,125
04/25/2013,ESN,MD,AEA,EN,Federal Contract Tower,0,0,13,0,13,0,1,55,13,69,0,1,68,13,82,92,0,92,174
04/26/2013,ESN,MD,AEA,EN,Federal Contract Tower,0,0,13,0,13,0,1,58,2,61,0,1,71,2,74,144,2,146,220
04/27/2013,ESN,MD,AEA,EN,Federal Contract Tower,0,0,10,0,10,0,2,110,2,114,0,2,120,2,124,122,0,122,246
04/28/2013,ESN,MD,AEA,EN,Federal Contract Tower,0,0,4,0,4,0,5,54,0,59,0,5,58,0,63,54,0,54,117
04/29/2013,ESN,MD,AEA,EN,Federal Contract Tower,0,2,10,0,12,0,0,0,0,0,0,2,10,0,12,0,0,0,12
04/30/2013,ESN,MD,AEA,EN,Federal Contract Tower,0,0,33,3,36,0,0,2,2,4,0,0,35,5,40,8,0,8,48
05/01/2013,ESN,MD,AEA,EN,Federal Contract Tower,0,0,13,0,13,0,1,42,2,45,0,1,55,2,58,50,0,50,108
05/02/2013,ESN,MD,AEA,EN,Federal Contract Tower,0,7,17,8,32,0,3,62,0,65,0,10,79,8,97,88,0,88,185
05/03/2013,ESN,MD,AEA,EN,Federal Contract Tower,0,2,7,0,9,0,0,41,2,43,0,2,48,2,52,56,4,60,112
05/04/2013,ESN,MD,AEA,EN,Federal Contract Tower,0,3,14,1,18,0,2,95,0,97,0,5,109,1,115,82,0,82,197
05/05/2013,ESN,MD,AEA,EN,Federal Contract Tower,0,8,12,0,20,0,2,65,0,67,0,10,77,0,87,46,4,50,137
05/06/2013,ESN,MD,AEA,EN,Federal Contract Tower,0,4,23,4,31,0,1,0,0,1,0,5,23,4,32,0,0,0,32
05/07/2013,ESN,MD,AEA,EN,Federal Contract Tower,0,2,8,0,10,0,0,0,0,0,0,2,8,0,10,0,0,0,10
05/08/2013,ESN,MD,AEA,EN,Federal Contract Tower,0,3,11,0,14,0,0,11,2,13,0,3,22,2,27,30,0,30,57
05/09/2013,ESN,MD,AEA,EN,Federal Contract Tower,0,6,11,0,17,0,2,37,0,39,0,8,48,0,56,80,0,80,136
05/10/2013,ESN,MD,AEA,EN,Federal Contract Tower,0,1,15,1,17,0,3,107,7,117,0,4,122,8,134,132,2,134,268
05/11/2013,ESN,MD,AEA,EN,Federal Contract Tower,0,0,2,0,2,0,1,18,0,19,0,1,20,0,21,6,0,6,27
05/12/2013,ESN,MD,AEA,EN,Federal Contract Tower,0,2,3,0,5,0,2,45,0,47,0,4,48,0,52,32,0,32,84
05/13/2013,ESN,MD,AEA,EN,Federal Contract Tower,0,5,8,3,16,0,0,36,3,39,0,5,44,6,55,36,28,64,119
05/14/2013,ESN,MD,AEA,EN,Federal Contract Tower,0,0,16,0,16,0,0,80,1,81,0,0,96,1,97,122,0,122,219
05/15/2013,ESN,MD,AEA,EN,Federal Contract Tower,0,3,11,0,14,0,1,44,2,47,0,4,55,2,61,102,0,102,163
05/16/2013,ESN,MD,AEA,EN,Federal Contract Tower,0,3,13,4,20,0,4,40,4,48,0,7,53,8,68,110,0,110,178
05/17/2013,ESN,MD,AEA,EN,Federal Contract Tower,0,0,15,4,19,0,0,66,2,68,0,0,81,6,87,79,0,79,166
05/18/2013,ESN,MD,AEA,EN,Federal Contract Tower,0,3,18,4,25,0,3,53,3,59,0,6,71,7,84,38,0,38,122
05/19/2013,ESN,MD,AEA,EN,Federal Contract Tower,0,5,20,0,25,0,0,11,0,11,0,5,31,0,36,6,0,6,42
05/20/2013,ESN,MD,AEA,EN,Federal Contract Tower,0,5,26,2,33,0,1,17,0,18,0,6,43,2,51,28,0,28,79
05/21/2013,ESN,MD,AEA,EN,Federal Contract Tower,0,1,21,0,22,0,0,41,0,41,0,1,62,0,63,78,0,78,141
05/22/2013,ESN,MD,AEA,EN,Federal Contract Tower,0,2,15,1,18,0,1,30,2,33,0,3,45,3,51,66,4,70,121
05/23/2013,ESN,MD,AEA,EN,Federal Contract Tower,0,0,7,0,7,0,1,13,0,14,0,1,20,0,21,4,0,4,25
05/24/2013,ESN,MD,AEA,EN,Federal Contract Tower,0,1,18,0,19,0,2,15,0,17,0,3,33,0,36,2,0,2,38
05/25/2013,ESN,MD,AEA,EN,Federal Contract Tower,0,1,7,0,8,0,0,21,0,21,0,1,28,0,29,4,2,6,35
05/26/2013,ESN,MD,AEA,EN,Federal Contract Tower,0,5,9,0,14,0,3,89,4,96,0,8,98,4,110,138,4,142,252
05/27/2013,ESN,MD,AEA,EN,Federal Contract Tower,0,0,22,0,22,0,2,125,5,132,0,2,147,5,154,142,0,142,296
05/28/2013,ESN,MD,AEA,EN,Federal Contract Tower,0,4,10,0,14,0,0,19,2,21,0,4,29,2,35,54,0,54,89
05/29/2013,ESN,MD,AEA,EN,Federal Contract Tower,0,0,5,0,5,0,0,53,6,59,0,0,58,6,64,102,18,120,184
05/30/2013,ESN,MD,AEA,EN,Federal Contract Tower,0,6,5,0,11,0,0,61,2,63,0,6,66,2,74,88,0,88,162
05/31/2013,ESN,MD,AEA,EN,Federal Contract Tower,0,10,4,0,14,0,1,79,2,82,0,11,83,2,96,84,2,86,182
06/01/2013,ESN,MD,AEA,EN,Federal Contract Tower,0,10,8,0,18,0,1,101,3,105,0,11,109,3,123,94,0,94,217
06/02/2013,ESN,MD,AEA,EN,Federal Contract Tower,0,10,5,0,15,0,2,36,4,42,0,12,41,4,57,26,0,26,83
06/03/2013,ESN,MD,AEA,EN,Federal Contract Tower,0,6,9,0,15,0,0,24,0,24,0,6,33,0,39,56,0,56,95
06/04/2013,ESN,MD,AEA,EN,Federal Contract Tower,0,2,14,0,16,0,3,111,0,114,0,5,125,0,130,202,0,202,332
06/05/2013,ESN,MD,AEA,EN,Federal Contract Tower,0,3,8,1,12,0,3,95,8,106,0,6,103,9,118,202,18,220,338
06/06/2013,ESN,MD,AEA,EN,Federal Contract Tower,0,6,15,2,23,0,0,62,2,64,0,6,77,4,87,188,8,196,283
06/07/2013,ESN,MD,AEA,EN,Federal Contract Tower,0,0,4,0,4,0,0,0,0,0,0,0,4,0,4,0,0,0,4
06/08/2013,ESN,MD,AEA,EN,Federal Contract Tower,0,0,8,0,8,0,10,17,1,28,0,10,25,1,36,26,0,26,62
06/09/2013,ESN,MD,AEA,EN,Federal Contract Tower,0,4,8,0,12,0,2,38,0,40,0,6,46,0,52,62,0,62,114
06/10/2013,ESN,MD,AEA,EN,Federal Contract Tower,0,4,9,0,13,0,1,6,0,7,0,5,15,0,20,2,0,2,22
06/11/2013,ESN,MD,AEA,EN,Federal Contract Tower,0,2,8,0,10,0,5,58,0,63,0,7,66,0,73,296,0,296,369
06/12/2013,ESN,MD,AEA,EN,Federal Contract Tower,0,4,12,0,16,0,2,53,0,55,0,6,65,0,71,158,0,158,229
06/13/2013,ESN,MD,AEA,EN,Federal Contract Tower,0,0,3,0,3,0,0,6,0,6,0,0,9,0,9,0,0,0,9
06/14/2013,ESN,MD,AEA,EN,Federal Contract Tower,0,5,14,0,19,0,2,49,3,54,0,7,63,3,73,125,0,125,198
06/15/2013,ESN,MD,AEA,EN,Federal Contract Tower,0,3,11,0,14,0,2,124,0,126,0,5,135,0,140,196,0,196,336
06/16/2013,ESN,MD,AEA,EN,Federal Contract Tower,0,2,12,0,14,0,3,21,0,24,0,5,33,0,38,86,0,86,124
06/17/2013,ESN,MD,AEA,EN,Federal Contract Tower,0,6,14,0,20,0,0,58,0,58,0,6,72,0,78,96,0,96,174
06/18/2013,ESN,MD,AEA,EN,Federal Contract Tower,0,0,14,0,14,0,1,5,0,6,0,1,19,0,20,2,0,2,22
06/19/2013,ESN,MD,AEA,EN,Federal Contract Tower,0,2,16,0,18,0,1,68,2,71,0,3,84,2,89,204,0,204,293
06/20/2013,ESN,MD,AEA,EN,Federal Contract Tower,0,7,10,0,17,0,4,114,5,123,0,11,124,5,140,262,0,262,402
06/21/2013,ESN,MD,AEA,EN,Federal Contract Tower,0,4,10,0,14,0,2,96,4,102,0,6,106,4,116,230,0,230,346
06/22/2013,ESN,MD,AEA,EN,Federal Contract Tower,0,3,16,0,19,0,1,85,0,86,0,4,101,0,105,58,0,58,163
06/23/2013,ESN,MD,AEA,EN,Federal Contract Tower,0,1,17,0,18,0,1,13,0,14,0,2,30,0,32,2,0,2,34
06/24/2013,ESN,MD,AEA,EN,Federal Contract Tower,0,3,11,0,14,0,0,60,1,61,0,3,71,1,75,70,2,72,147
06/25/2013,ESN,MD,AEA,EN,Federal Contract Tower,0,0,16,0,16,0,0,51,0,51,0,0,67,0,67,88,0,88,155
06/26/2013,ESN,MD,AEA,EN,Federal Contract Tower,0,0,7,0,7,0,2,44,4,50,0,2,51,4,57,26,0,26,83
06/27/2013,ESN,MD,AEA,EN,Federal Contract Tower,0,5,22,0,27,0,3,32,0,35,0,8,54,0,62,52,0,52,114
06/28/2013,ESN,MD,AEA,EN,Federal Contract Tower,0,3,18,0,21,0,1,47,0,48,0,4,65,0,69,50,0,50,119
06/29/2013,ESN,MD,AEA,EN,Federal Contract Tower,0,2,25,0,27,0,2,40,0,42,0,4,65,0,69,100,0,100,169
06/30/2013,ESN,MD,AEA,EN,Federal Contract Tower,0,3,13,0,16,0,1,5,0,6,0,4,18,0,22,2,0,2,24
07/01/2013,ESN,MD,AEA,EN,Federal Contract Tower,0,5,15,2,22,0,1,6,0,7,0,6,21,2,29,0,0,0,29
07/02/2013,ESN,MD,AEA,EN,Federal Contract Tower,0,0,10,0,10,0,0,4,0,4,0,0,14,0,14,0,0,0,14
07/03/2013,ESN,MD,AEA,EN,Federal Contract Tower,0,7,11,0,18,0,0,24,0,24,0,7,35,0,42,20,6,26,68
07/04/2013,ESN,MD,AEA,EN,Federal Contract Tower,0,2,11,0,13,0,3,34,0,37,0,5,45,0,50,90,0,90,140
07/05/2013,ESN,MD,AEA,EN,Federal Contract Tower,0,2,13,0,15,0,1,115,1,117,0,3,128,1,132,230,0,230,362
07/06/2013,ESN,MD,AEA,EN,Federal Contract Tower,0,1,7,0,8,0,9,64,0,73,0,10,71,0,81,100,0,100,181
07/07/2013,ESN,MD,AEA,EN,Federal Contract Tower,0,9,21,0,30,0,1,63,1,65,0,10,84,1,95,140,0,140,235
07/08/2013,ESN,MD,AEA,EN,Federal Contract Tower,0,1,12,0,13,0,4,36,0,40,0,5,48,0,53,132,6,138,191
07/09/2013,ESN,MD,AEA,EN,Federal Contract Tower,0,2,3,2,7,0,6,83,3,92,0,8,86,5,99,174,0,174,273
07/10/2013,ESN,MD,AEA,EN,Federal Contract Tower,0,4,11,0,15,0,1,47,2,50,0,5,58,2,65,148,0,148,213
07/11/2013,ESN,MD,AEA,EN,Federal Contract Tower,0,4,15,4,23,0,0,18,0,18,0,4,33,4,41,70,0,70,111
07/12/2013,ESN,MD,AEA,EN,Federal Contract Tower,0,1,12,0,13,0,0,0,0,0,0,1,12,0,13,0,0,0,13
07/13/2013,ESN,MD,AEA,EN,Federal Contract Tower,0,2,10,0,12,0,1,55,0,56,0,3,65,0,68,126,0,126,194
07/14/2013,ESN,MD,AEA,EN,Federal Contract Tower,0,6,19,0,25,0,3,50,3,56,0,9,69,3,81,118,0,118,199
07/15/2013,ESN,MD,AEA,EN,Federal Contract Tower,0,3,10,0,13,0,0,73,3,76,0,3,83,3,89,274,4,278,367
07/16/2013,ESN,MD,AEA,EN,Federal Contract Tower,0,3,10,3,16,0,0,77,11,88,0,3,87,14,104,212,22,234,338
07/17/2013,ESN,MD,AEA,EN,Federal Contract Tower,0,4,2,0,6,0,2,66,2,70,0,6,68,2,76,132,0,132,208
07/18/2013,ESN,MD,AEA,EN,Federal Contract Tower,0,5,11,4,20,0,2,46,8,56,0,7,57,12,76,48,14,62,138
07/19/2013,ESN,MD,AEA,EN,Federal Contract Tower,0,4,8,0,12,0,1,41,0,42,0,5,49,0,54,50,0,50,104
07/20/2013,ESN,MD,AEA,EN,Federal Contract Tower,0,0,12,0,12,0,3,49,0,52,0,3,61,0,64,66,0,66,130
07/21/2013,ESN,MD,AEA,EN,Federal Contract Tower,0,9,11,0,20,0,1,42,2,45,0,10,53,2,65,24,0,24,89
07/22/2013,ESN,MD,AEA,EN,Federal Contract Tower,0,6,9,0,15,0,3,22,0,25,0,9,31,0,40,76,2,78,118
07/23/2013,ESN,MD,AEA,EN,Federal Contract Tower,0,2,7,0,9,0,5,26,4,35,0,7,33,4,44,46,6,52,96
07/24/2013,ESN,MD,AEA,EN,Federal Contract Tower,0,3,5,0,8,0,2,65,6,73,0,5,70,6,81,102,10,112,193
07/25/2013,ESN,MD,AEA,EN,Federal Contract Tower,0,0,16,2,18,0,2,60,5,67,0,2,76,7,85,106,10,116,201
07/26/2013,ESN,MD,AEA,EN,Federal Contract Tower,0,7,16,1,24,0,6,93,3,102,0,13,109,4,126,92,0,92,218
07/27/2013,ESN,MD,AEA,EN,Federal Contract Tower,0,5,7,1,13,0,2,79,0,81,0,7,86,1,94,54,0,54,148
07/28/2013,ESN,MD,AEA,EN,Federal Contract Tower,0,4,7,0,11,0,0,35,0,35,0,4,42,0,46,60,0,60,106
07/29/2013,ESN,MD,AEA,EN,Federal Contract Tower,0,1,18,0,19,0,0,97,2,99,0,1,115,2,118,214,8,222,340
07/30/2013,ESN,MD,AEA,EN,Federal Contract Tower,0,0,14,0,14,0,0,71,6,77,0,0,85,6,91,198,16,214,305
07/31/2013,ESN,MD,AEA,EN,Federal Contract Tower,0,0,2,4,6,0,0,63,7,70,0,0,65,11,76,240,12,252,328
08/01/2013,ESN,MD,AEA,EN,Federal Contract Tower,0,4,10,0,14,0,0,0,0,0,0,4,10,0,14,0,0,0,14
08/02/2013,ESN,MD,AEA,EN,Federal Contract Tower,0,5,6,0,11,0,2,88,5,95,0,7,94,5,106,64,0,64,170
08/03/2013,ESN,MD,AEA,EN,Federal Contract Tower,0,6,11,0,17,0,0,69,0,69,0,6,80,0,86,144,0,144,230
08/04/2013,ESN,MD,AEA,EN,Federal Contract Tower,0,0,8,0,8,0,3,69,0,72,0,3,77,0,80,104,0,104,184
08/05/2013,ESN,MD,AEA,EN,Federal Contract Tower,0,2,12,0,14,0,1,94,7,102,0,3,106,7,116,210,0,210,326
08/06/2013,ESN,MD,AEA,EN,Federal Contract Tower,0,0,18,5,23,0,0,24,1,25,0,0,42,6,48,44,0,44,92
08/07/2013,ESN,MD,AEA,EN,Federal Contract Tower,0,0,13,4,17,0,0,34,5,39,0,0,47,9,56,56,8,64,120
08/08/2013,ESN,MD,AEA,EN,Federal Contract Tower,0,7,15,0,22,0,0,51,4,55,0,7,66,4,77,164,0,164,241
08/09/2013,ESN,MD,AEA,EN,Federal Contract Tower,0,3,11,0,14,0,0,43,2,45,0,3,54,2,59,50,20,70,129
08/10/2013,ESN,MD,AEA,EN,Federal Contract Tower,0,5,12,2,19,0,0,85,4,89,0,5,97,6,108,182,0,182,290
08/11/2013,ESN,MD,AEA,EN,Federal Contract Tower,0,0,17,0,17,0,2,105,0,107,0,2,122,0,124,186,0,186,310
08/12/2013,ESN,MD,AEA,EN,Federal Contract Tower,0,11,11,0,22,0,1,60,4,65,0,12,71,4,87,92,4,96,183
08/13/2013,ESN,MD,AEA,EN,Federal Contract Tower,0,0,16,2,18,0,0,18,1,19,0,0,34,3,37,32,24,56,93
08/14/2013,ESN,MD,AEA,EN,Federal Contract Tower,0,7,22,2,31,0,0,71,5,76,0,7,93,7,107,76,4,80,187
08/15/2013,ESN,MD,AEA,EN,Federal Contract Tower,0,2,5,0,7,0,2,108,5,115,0,4,113,5,122,66,4,70,192
08/16/2013,ESN,MD,AEA,EN,Federal Contract Tower,0,7,11,0,18,0,0,113,0,113,0,7,124,0,131,68,0,68,199
08/17/2013,ESN,MD,AEA,EN,Federal Contract Tower,0,1,15,0,16,0,1,78,0,79,0,2,93,0,95,54,0,54,149
08/18/2013,ESN,MD,AEA,EN,Federal Contract Tower,0,7,19,0,26,0,0,11,0,11,0,7,30,0,37,8,0,8,45
08/19/2013,ESN,MD,AEA,EN,Federal Contract Tower,0,9,18,0,27,0,1,36,0,37,0,10,54,0,64,36,0,36,100
08/20/2013,ESN,MD,AEA,EN,Federal Contract Tower,0,4,20,0,24,0,5,71,11,87,0,9,91,11,111,128,6,134,245
08/21/2013,ESN,MD,AEA,EN,Federal Contract Tower,0,4,9,0,13,0,3,48,12,63,0,7,57,12,76,84,0,84,160
08/22/2013,ESN,MD,AEA,EN,Federal Contract Tower,0,4,12,0,16,0,0,42,0,42,0,4,54,0,58,24,0,24,82
08/23/2013,ESN,MD,AEA,EN,Federal Contract Tower,0,0,14,0,14,0,6,46,4,56,0,6,60,4,70,54,0,54,124
08/24/2013,ESN,MD,AEA,EN,Federal Contract Tower,0,4,13,0,17,0,74,0,0,74,0,78,13,0,91,84,0,84,175
08/25/2013,ESN,MD,AEA,EN,Federal Contract Tower,0,3,19,0,22,0,0,72,0,72,0,3,91,0,94,60,0,60,154
08/26/2013,ESN,MD,AEA,EN,Federal Contract Tower,0,2,15,0,17,0,2,96,0,98,0,4,111,0,115,92,24,116,231
08/27/2013,ESN,MD,AEA,EN,Federal Contract Tower,0,1,11,0,12,0,2,50,4,56,0,3,61,4,68,90,10,100,168
08/28/2013,ESN,MD,AEA,EN,Federal Contract Tower,0,2,6,0,8,0,0,23,0,23,0,2,29,0,31,12,4,16,47
08/29/2013,ESN,MD,AEA,EN,Federal Contract Tower,0,2,14,3,19,0,3,41,3,47,0,5,55,6,66,106,0,106,172
08/30/2013,ESN,MD,AEA,EN,Federal Contract Tower,0,0,20,0,20,0,0,66,2,68,0,0,86,2,88,132,0,132,220
08/31/2013,ESN,MD,AEA,EN,Federal Contract Tower,0,0,8,0,8,0,0,97,4,101,0,0,105,4,109,74,0,74,183
09/01/2013,ESN,MD,AEA,EN,Federal Contract Tower,0,2,4,0,6,0,0,45,2,47,0,2,49,2,53,16,0,16,69
09/02/2013,ESN,MD,AEA,EN,Federal Contract Tower,0,4,10,0,14,0,2,38,0,40,0,6,48,0,54,30,0,30,84
09/03/2013,ESN,MD,AEA,EN,Federal Contract Tower,0,1,9,0,10,0,3,57,4,64,0,4,66,4,74,44,4,48,122
09/04/2013,ESN,MD,AEA,EN,Federal Contract Tower,0,1,11,1,13,0,0,83,2,85,0,1,94,3,98,90,14,104,202
09/05/2013,ESN,MD,AEA,EN,Federal Contract Tower,0,3,13,0,16,0,5,61,2,68,0,8,74,2,84,110,8,118,202
09/06/2013,ESN,MD,AEA,EN,Federal Contract Tower,0,4,19,0,23,0,0,65,0,65,0,4,84,0,88,52,6,58,146
09/07/2013,ESN,MD,AEA,EN,Federal Contract Tower,0,1,5,0,6,0,0,111,0,111,0,1,116,0,117,106,0,106,223
09/08/2013,ESN,MD,AEA,EN,Federal Contract Tower,0,4,19,0,23,0,0,51,0,51,0,4,70,0,74,78,0,78,152
09/09/2013,ESN,MD,AEA,EN,Federal Contract Tower,0,2,10,0,12,0,0,47,0,47,0,2,57,0,59,80,28,108,167
09/10/2013,ESN,MD,AEA,EN,Federal Contract Tower,0,1,14,2,17,0,0,64,5,69,0,1,78,7,86,148,6,154,240
09/11/2013,ESN,MD,AEA,EN,Federal Contract Tower,0,2,9,3,14,0,2,66,6,74,0,4,75,9,88,78,0,78,166
09/12/2013,ESN,MD,AEA,EN,Federal Contract Tower,0,7,9,4,20,0,0,25,0,25,0,7,34,4,45,18,0,18,63
09/13/2013,ESN,MD,AEA,EN,Federal Contract Tower,0,6,18,0,24,0,1,73,4,78,0,7,91,4,102,34,0,34,136
09/14/2013,ESN,MD,AEA,EN,Federal Contract Tower,0,4,7,0,11,0,1,92,0,93,0,5,99,0,104,80,0,80,184
09/15/2013,ESN,MD,AEA,EN,Federal Contract Tower,0,1,12,0,13,0,3,90,2,95,0,4,102,2,108,96,2,98,206
09/16/2013,ESN,MD,AEA,EN,Federal Contract Tower,0,2,15,0,17,0,3,36,0,39,0,5,51,0,56,56,6,62,118
09/17/2013,ESN,MD,AEA,EN,Federal Contract Tower,0,4,10,0,14,0,1,59,6,66,0,5,69,6,80,90,4,94,174
09/18/2013,ESN,MD,AEA,EN,Federal Contract Tower,0,5,12,4,21,0,3,75,7,85,0,8,87,11,106,36,0,36,142
09/19/2013,ESN,MD,AEA,EN,Federal Contract Tower,0,5,11,0,16,0,1,71,4,76,0,6,82,4,92,76,2,78,170
09/20/2013,ESN,MD,AEA,EN,Federal Contract Tower,0,5,13,2,20,0,0,85,6,91,0,5,98,8,111,82,2,84,195
09/21/2013,ESN,MD,AEA,EN,Federal Contract Tower,0,4,5,2,11,0,1,52,0,53,0,5,57,2,64,34,0,34,98
09/22/2013,ESN,MD,AEA,EN,Federal Contract Tower,0,1,13,0,14,0,0,39,0,39,0,1,52,0,53,36,0,36,89
09/23/2013,ESN,MD,AEA,EN,Federal Contract Tower,0,3,15,0,18,0,0,19,0,19,0,3,34,0,37,32,4,36,73
09/24/2013,ESN,MD,AEA,EN,Federal Contract Tower,0,0,7,0,7,0,0,71,0,71,0,0,78,0,78,58,0,58,136
09/25/2013,ESN,MD,AEA,EN,Federal Contract Tower,0,6,14,0,20,0,1,85,4,90,0,7,99,4,110,74,24,98,208
09/26/2013,ESN,MD,AEA,EN,Federal Contract Tower,0,1,19,2,22,0,0,71,0,71,0,1,90,2,93,50,0,50,143
09/27/2013,ESN,MD,AEA,EN,Federal Contract Tower,0,4,14,0,18,0,3,158,6,167,0,7,172,6,185,88,0,88,273
09/28/2013,ESN,MD,AEA,EN,Federal Contract Tower,0,5,7,0,12,0,2,301,0,303,0,7,308,0,315,220,0,220,535
09/29/2013,ESN,MD,AEA,EN,Federal Contract Tower,0,8,8,0,16,0,1,123,0,124,0,9,131,0,140,74,0,74,214
09/30/2013,ESN,MD,AEA,EN,Federal Contract Tower,0,1,17,4,22,0,2,68,0,70,0,3,85,4,92,160,0,160,252
10/01/2013,ESN,MD,AEA,EN,Federal Contract Tower,0,0,15,0,15,0,2,73,2,77,0,2,88,2,92,58,50,108,200
10/02/2013,ESN,MD,AEA,EN,Federal Contract Tower,0,3,10,0,13,0,0,70,2,72,0,3,80,2,85,118,6,124,209
10/03/2013,ESN,MD,AEA,EN,Federal Contract Tower,0,0,13,0,13,0,2,58,0,60,0,2,71,0,73,72,0,72,145
10/04/2013,ESN,MD,AEA,EN,Federal Contract Tower,0,3,20,0,23,0,1,67,4,72,0,4,87,4,95,82,0,82,177
10/05/2013,ESN,MD,AEA,EN,Federal Contract Tower,0,1,17,0,18,0,0,77,0,77,0,1,94,0,95,92,0,92,187
10/06/2013,ESN,MD,AEA,EN,Federal Contract Tower,0,3,20,0,23,0,1,44,0,45,0,4,64,0,68,70,0,70,138
10/07/2013,ESN,MD,AEA,EN,Federal Contract Tower,0,6,11,0,17,0,0,0,0,0,0,6,11,0,17,0,0,0,17
10/08/2013,ESN,MD,AEA,EN,Federal Contract Tower,0,4,7,0,11,0,6,56,0,62,0,10,63,0,73,120,0,120,193
10/09/2013,ESN,MD,AEA,EN,Federal Contract Tower,0,0,16,1,17,0,0,18,0,18,0,0,34,1,35,28,0,28,63
10/10/2013,ESN,MD,AEA,EN,Federal Contract Tower,0,0,7,0,7,0,0,0,0,0,0,0,7,0,7,0,0,0,7
10/11/2013,ESN,MD,AEA,EN,Federal Contract Tower,0,3,8,2,13,0,0,0,0,0,0,3,8,2,13,0,0,0,13
10/12/2013,ESN,MD,AEA,EN,Federal Contract Tower,0,2,19,0,21,0,1,0,0,1,0,3,19,0,22,0,0,0,22
10/13/2013,ESN,MD,AEA,EN,Federal Contract Tower,0,2,15,0,17,0,0,1,0,1,0,2,16,0,18,0,0,0,18
10/14/2013,ESN,MD,AEA,EN,Federal Contract Tower,0,3,13,0,16,0,1,80,0,81,0,4,93,0,97,118,0,118,215
10/15/2013,ESN,MD,AEA,EN,Federal Contract Tower,0,2,14,0,16,0,0,88,4,92,0,2,102,4,108,122,0,122,230
10/16/2013,ESN,MD,AEA,EN,Federal Contract Tower,0,5,29,0,34,0,0,23,2,25,0,5,52,2,59,36,6,42,101
10/17/2013,ESN,MD,AEA,EN,Federal Contract Tower,0,1,11,2,14,0,0,22,2,24,0,1,33,4,38,38,0,38,76
10/18/2013,ESN,MD,AEA,EN,Federal Contract Tower,0,2,15,1,18,0,0,70,1,71,0,2,85,2,89,64,0,64,153
10/19/2013,ESN,MD,AEA,EN,Federal Contract Tower,0,4,12,0,16,0,0,64,1,65,0,4,76,1,81,88,2,90,171
10/20/2013,ESN,MD,AEA,EN,Federal Contract Tower,0,4,10,0,14,0,1,56,2,59,0,5,66,2,73,30,0,30,103
10/21/2013,ESN,MD,AEA,EN,Federal Contract Tower,0,3,11,1,15,0,1,47,4,52,0,4,58,5,67,98,24,122,189
10/22/2013,ESN,MD,AEA,EN,Federal Contract Tower,0,5,0,0,5,0,0,62,8,70,0,5,62,8,75,80,12,92,167
10/23/2013,ESN,MD,AEA,EN,Federal Contract Tower,0,0,20,0,20,0,1,26,8,35,0,1,46,8,55,14,0,14,69
10/24/2013,ESN,MD,AEA,EN,Federal Contract Tower,0,2,14,0,16,0,0,33,1,34,0,2,47,1,50,52,2,54,104
10/25/2013,ESN,MD,AEA,EN,Federal Contract Tower,0,4,26,0,30,0,2,48,0,50,0,6,74,0,80,58,0,58,138
10/26/2013,ESN,MD,AEA,EN,Federal Contract Tower,0,0,5,0,5,0,0,89,0,89,0,0,94,0,94,84,0,84,178
10/27/2013,ESN,MD,AEA,EN,Federal Contract Tower,0,3,10,0,13,0,3,69,0,72,0,6,79,0,85,68,0,68,153
10/28/2013,ESN,MD,AEA,EN,Federal Contract Tower,0,5,5,0,10,0,1,52,0,53,0,6,57,0,63,64,12,76,139
10/29/2013,ESN,MD,AEA,EN,Federal Contract Tower,0,3,4,3,10,0,1,61,1,63,0,4,65,4,73,80,0,80,153
10/30/2013,ESN,MD,AEA,EN,Federal Contract Tower,0,0,24,0,24,0,0,8,6,14,0,0,32,6,38,8,0,8,46
10/31/2013,ESN,MD,AEA,EN,Federal Contract Tower,0,2,14,2,18,0,0,57,4,61,0,2,71,6,79,54,8,62,141
11/01/2013,ESN,MD,AEA,EN,Federal Contract Tower,0,5,9,0,14,0,2,3,1,6,0,7,12,1,20,4,0,4,24
11/02/2013,ESN,MD,AEA,EN,Federal Contract Tower,0,0,8,0,8,0,5,88,4,97,0,5,96,4,105,128,0,128,233
11/03/2013,ESN,MD,AEA,EN,Federal Contract Tower,0,4,13,0,17,0,1,44,0,45,0,5,57,0,62,58,0,58,120
11/04/2013,ESN,MD,AEA,EN,Federal Contract Tower,0,0,15,0,15,0,2,38,0,40,0,2,53,0,55,78,18,96,151
11/05/2013,ESN,MD,AEA,EN,Federal Contract Tower,0,2,5,0,7,0,0,56,4,60,0,2,61,4,67,86,4,90,157
11/06/2013,ESN,MD,AEA,EN,Federal Contract Tower,0,3,14,0,17,0,2,67,0,69,0,5,81,0,86,100,2,102,188
11/07/2013,ESN,MD,AEA,EN,Federal Contract Tower,0,5,16,1,22,0,2,12,1,15,0,7,28,2,37,4,0,4,41
11/08/2013,ESN,MD,AEA,EN,Federal Contract Tower,0,8,5,0,13,0,3,32,0,35,0,11,37,0,48,26,0,26,74
11/09/2013,ESN,MD,AEA,EN,Federal Contract Tower,0,1,4,0,5,0,0,70,0,70,0,1,74,0,75,56,0,56,131
11/10/2013,ESN,MD,AEA,EN,Federal Contract Tower,0,2,8,0,10,0,5,26,4,35,0,7,34,4,45,12,0,12,57
11/11/2013,ESN,MD,AEA,EN,Federal Contract Tower,0,7,10,0,17,0,9,84,0,93,0,16,94,0,110,170,0,170,280
11/12/2013,ESN,MD,AEA,EN,Federal Contract Tower,0,3,7,0,10,0,1,10,1,12,0,4,17,1,22,10,2,12,34
11/13/2013,ESN,MD,AEA,EN,Federal Contract Tower,0,3,11,1,15,0,2,33,4,39,0,5,44,5,54,26,18,44,98
11/14/2013,ESN,MD,AEA,EN,Federal Contract Tower,0,3,11,0,14,0,14,68,5,87,0,17,79,5,101,52,28,80,181
11/15/2013,ESN,MD,AEA,EN,Federal Contract Tower,0,3,9,0,12,0,2,78,1,81,0,5,87,1,93,52,0,52,145
11/16/2013,ESN,MD,AEA,EN,Federal Contract Tower,0,2,19,1,22,0,0,0,0,0,0,2,19,1,22,0,0,0,22
11/17/2013,ESN,MD,AEA,EN,Federal Contract Tower,0,2,8,0,10,0,2,34,0,36,0,4,42,0,46,16,0,16,62
11/18/2013,ESN,MD,AEA,EN,Federal Contract Tower,0,1,3,2,6,0,1,25,0,26,0,2,28,2,32,94,0,94,126
11/19/2013,ESN,MD,AEA,EN,Federal Contract Tower,0,3,5,0,8,0,0,36,2,38,0,3,41,2,46,108,0,108,154
11/20/2013,ESN,MD,AEA,EN,Federal Contract Tower,0,3,15,2,20,0,2,84,8,94,0,5,99,10,114,104,2,106,220
11/21/2013,ESN,MD,AEA,EN,Federal Contract Tower,0,2,3,0,5,0,2,51,4,57,0,4,54,4,62,108,0,108,170
11/22/2013,ESN,MD,AEA,EN,Federal Contract Tower,0,2,11,0,13,0,1,50,0,51,0,3,61,0,64,86,0,86,150
11/23/2013,ESN,MD,AEA,EN,Federal Contract Tower,0,1,10,0,11,0,1,60,0,61,0,2,70,0,72,26,0,26,98
11/24/2013,ESN,MD,AEA,EN,Federal Contract Tower,0,3,10,0,13,0,0,6,0,6,0,3,16,0,19,0,0,0,19
11/25/2013,ESN,MD,AEA,EN,Federal Contract Tower,0,0,6,0,6,0,2,58,0,60,0,2,64,0,66,126,0,126,192
11/26/2013,ESN,MD,AEA,EN,Federal Contract Tower,0,1,19,4,24,0,0,1,8,9,0,1,20,12,33,0,0,0,33
11/27/2013,ESN,MD,AEA,EN,Federal Contract Tower,0,3,5,0,8,0,0,0,0,0,0,3,5,0,8,0,0,0,8
11/28/2013,ESN,MD,AEA,EN,Federal Contract Tower,0,4,7,0,11,0,2,4,0,6,0,6,11,0,17,2,0,2,19
11/29/2013,ESN,MD,AEA,EN,Federal Contract Tower,0,3,3,0,6,0,1,81,0,82,0,4,84,0,88,76,0,76,164
11/30/2013,ESN,MD,AEA,EN,Federal Contract Tower,0,6,10,0,16,0,1,68,0,69,0,7,78,0,85,58,0,58,143
12/01/2013,ESN,MD,AEA,EN,Federal Contract Tower,0,4,14,0,18,0,0,72,0,72,0,4,86,0,90,124,0,124,214
12/02/2013,ESN,MD,AEA,EN,Federal Contract Tower,0,6,15,0,21,0,3,25,0,28,0,9,40,0,49,30,0,30,79
12/03/2013,ESN,MD,AEA,EN,Federal Contract Tower,0,2,13,0,15,0,0,40,2,42,0,2,53,2,57,54,14,68,125
12/04/2013,ESN,MD,AEA,EN,Federal Contract Tower,0,0,21,0,21,0,3,17,0,20,0,3,38,0,41,14,0,14,55
12/05/2013,ESN,MD,AEA,EN,Federal Contract Tower,0,2,10,2,14,0,0,1,0,1,0,2,11,2,15,4,0,4,19
12/06/2013,ESN,MD,AEA,EN,Federal Contract Tower,0,0,6,0,6,0,0,1,0,1,0,0,7,0,7,0,0,0,7
12/07/2013,ESN,MD,AEA,EN,Federal Contract Tower,0,4,9,0,13,0,0,52,0,52,0,4,61,0,65,76,0,76,141
12/08/2013,ESN,MD,AEA,EN,Federal Contract Tower,0,2,0,0,2,0,0,2,0,2,0,2,2,0,4,0,0,0,4
12/09/2013,ESN,MD,AEA,EN,Federal Contract Tower,0,0,9,0,9,0,0,0,0,0,0,0,9,0,9,6,0,6,15
12/10/2013,ESN,MD,AEA,EN,Federal Contract Tower,0,2,7,0,9,0,0,2,0,2,0,2,9,0,11,0,0,0,11
12/11/2013,ESN,MD,AEA,EN,Federal Contract Tower,0,3,14,0,17,0,1,56,4,61,0,4,70,4,78,44,2,46,124
12/12/2013,ESN,MD,AEA,EN,Federal Contract Tower,0,2,8,0,10,0,1,23,7,31,0,3,31,7,41,44,12,56,97
12/13/2013,ESN,MD,AEA,EN,Federal Contract Tower,0,5,13,0,18,0,3,54,2,59,0,8,67,2,77,58,0,58,135
12/14/2013,ESN,MD,AEA,EN,Federal Contract Tower,0,0,1,2,3,0,0,8,0,8,0,0,9,2,11,6,0,6,17
12/15/2013,ESN,MD,AEA,EN,Federal Contract Tower,0,4,10,0,14,0,0,23,0,23,0,4,33,0,37,10,0,10,47
12/16/2013,ESN,MD,AEA,EN,Federal Contract Tower,0,6,11,0,17,0,2,21,0,23,0,8,32,0,40,50,0,50,90
12/17/2013,ESN,MD,AEA,EN,Federal Contract Tower,0,0,11,4,15,0,6,10,2,18,0,6,21,6,33,14,0,14,47
12/18/2013,ESN,MD,AEA,EN,Federal Contract Tower,0,2,15,2,19,0,3,57,10,70,0,5,72,12,89,56,8,64,153
12/19/2013,ESN,MD,AEA,EN,Federal Contract Tower,0,7,12,0,19,0,3,56,0,59,0,10,68,0,78,50,0,50,128
12/20/2013,ESN,MD,AEA,EN,Federal Contract Tower,0,2,12,0,14,0,1,65,4,70,0,3,77,4,84,34,0,34,118
12/21/2013,ESN,MD,AEA,EN,Federal Contract Tower,0,11,4,0,15,0,0,66,0,66,0,11,70,0,81,100,0,100,181
12/22/2013,ESN,MD,AEA,EN,Federal Contract Tower,0,3,8,0,11,0,2,4,0,6,0,5,12,0,17,2,0,2,19
12/23/2013,ESN,MD,AEA,EN,Federal Contract Tower,0,4,7,0,11,0,1,1,0,2,0,5,8,0,13,0,0,0,13
12/24/2013,ESN,MD,AEA,EN,Federal Contract Tower,0,0,8,0,8,0,0,30,0,30,0,0,38,0,38,20,0,20,58
12/25/2013,ESN,MD,AEA,EN,Federal Contract Tower,0,1,1,0,2,0,0,13,0,13,0,1,14,0,15,2,0,2,17
12/26/2013,ESN,MD,AEA,EN,Federal Contract Tower,0,4,9,0,13,0,0,58,0,58,0,4,67,0,71,14,0,14,85
12/27/2013,ESN,MD,AEA,EN,Federal Contract Tower,0,1,15,0,16,0,5,55,0,60,0,6,70,0,76,42,0,42,118
12/28/2013,ESN,MD,AEA,EN,Federal Contract Tower,0,0,10,0,10,0,1,95,0,96,0,1,105,0,106,74,0,74,180
12/29/2013,ESN,MD,AEA,EN,Federal Contract Tower,0,4,3,0,7,0,0,0,0,0,0,4,3,0,7,0,0,0,7
12/30/2013,ESN,MD,AEA,EN,Federal Contract Tower,0,2,3,0,5,0,0,32,3,35,0,2,35,3,40,32,0,32,72
12/31/2013,ESN,MD,AEA,EN,Federal Contract Tower,0,0,6,0,6,0,4,38,0,42,0,4,44,0,48,58,0,58,106
01/01/2014,ESN,MD,AEA,EN,Federal Contract Tower,0,4,4,0,8,0,3,30,0,33,0,7,34,0,41,30,0,30,71
01/02/2014,ESN,MD,AEA,EN,Federal Contract Tower,0,2,5,0,7,0,0,0,0,0,0,2,5,0,7,0,0,0,7
01/03/2014,ESN,MD,AEA,EN,Federal Contract Tower,0,1,1,0,2,0,1,3,0,4,0,2,4,0,6,0,0,0,6
01/04/2014,ESN,MD,AEA,EN,Federal Contract Tower,0,4,9,0,13,0,0,50,0,50,0,4,59,0,63,48,0,48,111
01/05/2014,ESN,MD,AEA,EN,Federal Contract Tower,0,8,5,0,13,0,0,7,0,7,0,8,12,0,20,4,0,4,24
01/06/2014,ESN,MD,AEA,EN,Federal Contract Tower,0,4,13,0,17,0,0,5,0,5,0,4,18,0,22,10,0,10,32
01/07/2014,ESN,MD,AEA,EN,Federal Contract Tower,0,1,15,0,16,0,0,6,2,8,0,1,21,2,24,6,0,6,30
01/08/2014,ESN,MD,AEA,EN,Federal Contract Tower,0,4,7,0,11,0,3,31,0,34,0,7,38,0,45,64,0,64,109
01/09/2014,ESN,MD,AEA,EN,Federal Contract Tower,0,2,7,2,11,0,2,65,0,67,0,4,72,2,78,44,2,46,124
01/10/2014,ESN,MD,AEA,EN,Federal Contract Tower,0,1,2,0,3,0,0,0,0,0,0,1,2,0,3,0,0,0,3
01/11/2014,ESN,MD,AEA,EN,Federal Contract Tower,0,6,2,0,8,0,0,1,0,1,0,6,3,0,9,0,0,0,9
01/12/2014,ESN,MD,AEA,EN,Federal Contract Tower,0,2,13,0,15,0,1,68,0,69,0,3,81,0,84,68,0,68,152
01/13/2014,ESN,MD,AEA,EN,Federal Contract Tower,0,0,8,0,8,0,2,40,2,44,0,2,48,2,52,48,0,48,100
01/14/2014,ESN,MD,AEA,EN,Federal Contract Tower,0,0,8,0,8,0,0,5,0,5,0,0,13,0,13,0,0,0,13
01/15/2014,ESN,MD,AEA,EN,Federal Contract Tower,0,1,13,0,14,0,0,11,0,11,0,1,24,0,25,2,0,2,27
01/16/2014,ESN,MD,AEA,EN,Federal Contract Tower,0,3,20,5,28,0,1,49,5,55,0,4,69,10,83,70,6,76,159
01/17/2014,ESN,MD,AEA,EN,Federal Contract Tower,0,5,17,0,22,0,1,33,0,34,0,6,50,0,56,50,0,50,106
01/18/2014,ESN,MD,AEA,EN,Federal Contract Tower,0,1,5,0,6,0,0,37,0,37,0,1,42,0,43,22,0,22,65
01/19/2014,ESN,MD,AEA,EN,Federal Contract Tower,0,5,14,0,19,0,1,49,0,50,0,6,63,0,69,38,0,38,107
01/20/2014,ESN,MD,AEA,EN,Federal Contract Tower,0,4,8,0,12,0,5,48,0,53,0,9,56,0,65,130,0,130,195
01/21/2014,ESN,MD,AEA,EN,Federal Contract Tower,0,0,1,0,1,0,0,5,0,5,0,0,6,0,6,10,0,10,16
01/22/2014,ESN,MD,AEA,EN,Federal Contract Tower,0,1,6,0,7,0,0,8,2,10,0,1,14,2,17,2,0,2,19
01/23/2014,ESN,MD,AEA,EN,Federal Contract Tower,0,2,9,2,13,0,3,27,0,30,0,5,36,2,43,16,0,16,59
01/24/2014,ESN,MD,AEA,EN,Federal Contract Tower,0,3,6,2,11,0,2,26,0,28,0,5,32,2,39,32,0,32,71
01/25/2014,ESN,MD,AEA,EN,Federal Contract Tower,0,1,2,0,3,0,2,1,0,3,0,3,3,0,6,0,0,0,6
01/26/2014,ESN,MD,AEA,EN,Federal Contract Tower,0,1,10,0,11,0,0,41,2,43,0,1,51,2,54,56,0,56,110
01/27/2014,ESN,MD,AEA,EN,Federal Contract Tower,0,0,4,0,4,0,2,12,0,14,0,2,16,0,18,2,0,2,20
01/28/2014,ESN,MD,AEA,EN,Federal Contract Tower,0,2,3,0,5,0,4,17,0,21,0,6,20,0,26,64,24,88,114
01/29/2014,ESN,MD,AEA,EN,Federal Contract Tower,0,0,10,0,10,0,0,9,0,9,0,0,19,0,19,8,0,8,27
01/30/2014,ESN,MD,AEA,EN,Federal Contract Tower,0,1,6,0,7,0,2,34,2,38,0,3,40,2,45,42,8,50,95
01/31/2014,ESN,MD,AEA,EN,Federal Contract Tower,0,1,11,0,12,0,1,57,6,64,0,2,68,6,76,84,0,84,160
02/01/2014,ESN,MD,AEA,EN,Federal Contract Tower,0,3,6,0,9,0,0,116,0,116,0,3,122,0,125,136,0,136,261
02/02/2014,ESN,MD,AEA,EN,Federal Contract Tower,0,0,6,0,6,0,1,55,1,57,0,1,61,1,63,124,0,124,187
02/03/2014,ESN,MD,AEA,EN,Federal Contract Tower,0,3,4,0,7,0,0,0,0,0,0,3,4,0,7,0,0,0,7
02/04/2014,ESN,MD,AEA,EN,Federal Contract Tower,0,5,15,0,20,0,1,30,0,31,0,6,45,0,51,44,0,44,95
02/05/2014,ESN,MD,AEA,EN,Federal Contract Tower,0,0,7,0,7,0,1,0,0,1,0,1,7,0,8,0,0,0,8
02/06/2014,ESN,MD,AEA,EN,Federal Contract Tower,0,4,5,0,9,0,0,28,0,28,0,4,33,0,37,26,0,26,63
02/07/2014,ESN,MD,AEA,EN,Federal Contract Tower,0,2,17,4,23,0,1,51,0,52,0,3,68,4,75,30,0,30,105
02/08/2014,ESN,MD,AEA,EN,Federal Contract Tower,0,2,2,1,5,0,3,24,2,29,0,5,26,3,34,12,0,12,46
02/09/2014,ESN,MD,AEA,EN,Federal Contract Tower,0,6,10,0,16,0,2,14,0,16,0,8,24,0,32,24,0,24,56
02/10/2014,ESN,MD,AEA,EN,Federal Contract Tower,0,1,8,0,9,0,2,20,0,22,0,3,28,0,31,22,0,22,53
02/11/2014,ESN,MD,AEA,EN,Federal Contract Tower,0,0,10,0,10,0,5,32,2,39,0,5,42,2,49,40,4,44,93
02/12/2014,ESN,MD,AEA,EN,Federal Contract Tower,0,0,10,0,10,0,1,20,0,21,0,1,30,0,31,16,4,20,51
02/13/2014,ESN,MD,AEA,EN,Federal Contract Tower,0,0,0,0,0,0,0,0,0,0,0,0,0,0,0,0,0,0,0
02/14/2014,ESN,MD,AEA,EN,Federal Contract Tower,0,2,8,0,10,0,1,21,1,23,0,3,29,1,33,24,0,24,57
02/15/2014,ESN,MD,AEA,EN,Federal Contract Tower,0,0,6,0,6,0,1,0,0,1,0,1,6,0,7,0,0,0,7
02/16/2014,ESN,MD,AEA,EN,Federal Contract Tower,0,2,12,0,14,0,0,49,0,49,0,2,61,0,63,68,0,68,131
02/17/2014,ESN,MD,AEA,EN,Federal Contract Tower,0,6,19,0,25,0,1,70,0,71,0,7,89,0,96,86,0,86,182
02/18/2014,ESN,MD,AEA,EN,Federal Contract Tower,0,1,10,0,11,0,3,25,0,28,0,4,35,0,39,20,0,20,59
02/19/2014,ESN,MD,AEA,EN,Federal Contract Tower,0,4,3,0,7,0,1,19,0,20,0,5,22,0,27,40,0,40,67
02/20/2014,ESN,MD,AEA,EN,Federal Contract Tower,0,6,12,0,18,0,2,55,0,57,0,8,67,0,75,84,0,84,159
02/21/2014,ESN,MD,AEA,EN,Federal Contract Tower,0,1,8,2,11,0,0,3,1,4,0,1,11,3,15,22,10,32,47
02/22/2014,ESN,MD,AEA,EN,Federal Contract Tower,0,1,6,0,7,0,4,81,21,106,0,5,87,21,113,108,0,108,221
02/23/2014,ESN,MD,AEA,EN,Federal Contract Tower,0,7,12,0,19,0,0,84,0,84,0,7,96,0,103,148,0,148,251
02/24/2014,ESN,MD,AEA,EN,Federal Contract Tower,0,0,9,0,9,0,1,13,3,17,0,1,22,3,26,14,0,14,40
02/25/2014,ESN,MD,AEA,EN,Federal Contract Tower,0,0,9,0,9,0,0,4,2,6,0,0,13,2,15,4,0,4,19
02/26/2014,ESN,MD,AEA,EN,Federal Contract Tower,0,3,6,0,9,0,0,10,2,12,0,3,16,2,21,4,8,12,33
02/27/2014,ESN,MD,AEA,EN,Federal Contract Tower,0,1,7,0,8,0,0,23,9,32,0,1,30,9,40,10,0,10,50
02/28/2014,ESN,MD,AEA,EN,Federal Contract Tower,0,3,15,4,22,0,0,61,4,65,0,3,76,8,87,80,0,80,167
03/01/2014,ESN,MD,AEA,EN,Federal Contract Tower,0,0,22,0,22,0,4,66,0,70,0,4,88,0,92,142,0,142,234
03/02/2014,ESN,MD,AEA,EN,Federal Contract Tower,0,4,30,0,34,0,3,57,0,60,0,7,87,0,94,98,0,98,192
03/03/2014,ESN,MD,AEA,EN,Federal Contract Tower,0,0,0,0,0,0,0,0,0,0,0,0,0,0,0,0,0,0,0
03/04/2014,ESN,MD,AEA,EN,Federal Contract Tower,0,0,2,0,2,0,3,10,0,13,0,3,12,0,15,4,0,4,19
03/05/2014,ESN,MD,AEA,EN,Federal Contract Tower,0,3,4,1,8,0,2,31,1,34,0,5,35,2,42,34,2,36,78
03/06/2014,ESN,MD,AEA,EN,Federal Contract Tower,0,2,12,2,16,0,0,22,0,22,0,2,34,2,38,44,0,44,82
03/07/2014,ESN,MD,AEA,EN,Federal Contract Tower,0,0,7,0,7,0,2,15,0,17,0,2,22,0,24,42,0,42,66
03/08/2014,ESN,MD,AEA,EN,Federal Contract Tower,0,0,23,4,27,0,4,117,2,123,0,4,140,6,150,136,2,138,288
03/09/2014,ESN,MD,AEA,EN,Federal Contract Tower,0,4,5,0,9,0,0,28,0,28,0,4,33,0,37,74,0,74,111
03/10/2014,ESN,MD,AEA,EN,Federal Contract Tower,0,0,3,2,5,0,2,34,4,40,0,2,37,6,45,72,28,100,145
03/11/2014,ESN,MD,AEA,EN,Federal Contract Tower,0,3,16,2,21,0,1,56,0,57,0,4,72,2,78,136,6,142,220
03/12/2014,ESN,MD,AEA,EN,Federal Contract Tower,0,2,3,0,5,0,0,9,2,11,0,2,12,2,16,8,0,8,24
03/13/2014,ESN,MD,AEA,EN,Federal Contract Tower,0,0,7,1,8,0,1,34,5,40,0,1,41,6,48,4,4,8,56
03/14/2014,ESN,MD,AEA,EN,Federal Contract Tower,0,2,8,0,10,0,0,23,7,30,0,2,31,7,40,38,20,58,98
03/15/2014,ESN,MD,AEA,EN,Federal Contract Tower,0,0,9,0,9,0,7,49,4,60,0,7,58,4,69,83,2,85,154
03/16/2014,ESN,MD,AEA,EN,Federal Contract Tower,0,2,6,0,8,0,3,47,0,50,0,5,53,0,58,72,0,72,130
03/17/2014,ESN,MD,AEA,EN,Federal Contract Tower,0,0,4,0,4,0,0,0,0,0,0,0,4,0,4,0,0,0,4
03/18/2014,ESN,MD,AEA,EN,Federal Contract Tower,0,9,5,0,14,0,3,6,4,13,0,12,11,4,27,18,4,22,49
03/19/2014,ESN,MD,AEA,EN,Federal Contract Tower,0,0,8,0,8,0,0,4,0,4,0,0,12,0,12,4,0,4,16
03/20/2014,ESN,MD,AEA,EN,Federal Contract Tower,0,8,3,0,11,0,0,22,21,43,0,8,25,21,54,2,0,2,56
03/21/2014,ESN,MD,AEA,EN,Federal Contract Tower,0,8,7,3,18,0,2,56,4,62,0,10,63,7,80,90,4,94,174
03/22/2014,ESN,MD,AEA,EN,Federal Contract Tower,0,4,7,0,11,0,1,80,2,83,0,5,87,2,94,182,0,182,276
03/23/2014,ESN,MD,AEA,EN,Federal Contract Tower,0,2,18,0,20,0,4,45,0,49,0,6,63,0,69,116,0,116,185
03/24/2014,ESN,MD,AEA,EN,Federal Contract Tower,0,0,17,3,20,0,3,36,4,43,0,3,53,7,63,78,14,92,155
03/25/2014,ESN,MD,AEA,EN,Federal Contract Tower,0,0,4,0,4,0,0,0,0,0,0,0,4,0,4,0,0,0,4
03/26/2014,ESN,MD,AEA,EN,Federal Contract Tower,0,0,7,0,7,0,0,9,2,11,0,0,16,2,18,2,12,14,32
03/27/2014,ESN,MD,AEA,EN,Federal Contract Tower,0,0,9,0,9,0,0,64,0,64,0,0,73,0,73,112,8,120,193
03/28/2014,ESN,MD,AEA,EN,Federal Contract Tower,0,6,10,4,20,0,2,9,0,11,0,8,19,4,31,8,6,14,45
03/29/2014,ESN,MD,AEA,EN,Federal Contract Tower,0,3,6,0,9,0,0,0,0,0,0,3,6,0,9,0,0,0,9
03/30/2014,ESN,MD,AEA,EN,Federal Contract Tower,0,2,4,0,6,0,0,0,0,0,0,2,4,0,6,0,0,0,6
03/31/2014,ESN,MD,AEA,EN,Federal Contract Tower,0,0,9,0,9,0,1,27,2,30,0,1,36,2,39,30,0,30,69
04/01/2014,ESN,MD,AEA,EN,Federal Contract Tower,0,4,22,2,28,0,0,66,0,66,0,4,88,2,94,156,24,180,274
04/02/2014,ESN,MD,AEA,EN,Federal Contract Tower,0,2,14,1,17,0,3,86,25,114,0,5,100,26,131,74,64,138,269
04/03/2014,ESN,MD,AEA,EN,Federal Contract Tower,0,0,13,3,16,0,2,38,0,40,0,2,51,3,56,108,0,108,164
04/04/2014,ESN,MD,AEA,EN,Federal Contract Tower,0,2,28,7,37,0,2,4,1,7,0,4,32,8,44,0,0,0,44
04/05/2014,ESN,MD,AEA,EN,Federal Contract Tower,0,0,4,0,4,0,0,42,0,42,0,0,46,0,46,94,0,94,140
04/06/2014,ESN,MD,AEA,EN,Federal Contract Tower,0,2,12,0,14,0,1,122,0,123,0,3,134,0,137,144,0,144,281
04/07/2014,ESN,MD,AEA,EN,Federal Contract Tower,0,1,16,0,17,0,0,1,0,1,0,1,17,0,18,0,0,0,18
04/08/2014,ESN,MD,AEA,EN,Federal Contract Tower,0,5,8,0,13,0,2,20,0,22,0,7,28,0,35,4,0,4,39
04/09/2014,ESN,MD,AEA,EN,Federal Contract Tower,0,3,10,0,13,0,0,73,0,73,0,3,83,0,86,40,0,40,126
04/10/2014,ESN,MD,AEA,EN,Federal Contract Tower,0,0,14,0,14,0,4,93,0,97,0,4,107,0,111,130,0,130,241
04/11/2014,ESN,MD,AEA,EN,Federal Contract Tower,0,0,10,0,10,0,5,55,2,62,0,5,65,2,72,44,0,44,116
04/12/2014,ESN,MD,AEA,EN,Federal Contract Tower,0,1,20,0,21,0,2,83,0,85,0,3,103,0,106,100,2,102,208
04/13/2014,ESN,MD,AEA,EN,Federal Contract Tower,0,1,9,0,10,0,2,63,0,65,0,3,72,0,75,130,0,130,205
04/14/2014,ESN,MD,AEA,EN,Federal Contract Tower,0,0,9,2,11,0,3,31,0,34,0,3,40,2,45,28,12,40,85
04/15/2014,ESN,MD,AEA,EN,Federal Contract Tower,0,0,5,0,5,0,0,0,0,0,0,0,5,0,5,0,0,0,5
04/16/2014,ESN,MD,AEA,EN,Federal Contract Tower,0,0,16,1,17,0,0,49,4,53,0,0,65,5,70,20,2,22,92
04/17/2014,ESN,MD,AEA,EN,Federal Contract Tower,0,2,11,0,13,0,0,59,2,61,0,2,70,2,74,114,0,114,188
04/18/2014,ESN,MD,AEA,EN,Federal Contract Tower,0,5,17,2,24,0,0,64,0,64,0,5,81,2,88,124,0,124,212
04/19/2014,ESN,MD,AEA,EN,Federal Contract Tower,0,0,11,0,11,0,2,80,0,82,0,2,91,0,93,174,0,174,267
04/20/2014,ESN,MD,AEA,EN,Federal Contract Tower,0,0,7,0,7,0,0,10,0,10,0,0,17,0,17,16,0,16,33
04/21/2014,ESN,MD,AEA,EN,Federal Contract Tower,0,4,17,1,22,0,4,46,1,51,0,8,63,2,73,32,32,64,137
04/22/2014,ESN,MD,AEA,EN,Federal Contract Tower,0,1,11,2,14,0,0,30,0,30,0,1,41,2,44,48,0,48,92
04/23/2014,ESN,MD,AEA,EN,Federal Contract Tower,0,2,4,0,6,0,1,7,0,8,0,3,11,0,14,4,0,4,18
04/24/2014,ESN,MD,AEA,EN,Federal Contract Tower,0,7,18,0,25,0,2,64,0,66,0,9,82,0,91,38,4,42,133
04/25/2014,ESN,MD,AEA,EN,Federal Contract Tower,0,3,17,0,20,0,0,41,0,41,0,3,58,0,61,106,0,106,167
04/26/2014,ESN,MD,AEA,EN,Federal Contract Tower,0,2,7,0,9,0,3,66,0,69,0,5,73,0,78,74,0,74,152
04/27/2014,ESN,MD,AEA,EN,Federal Contract Tower,0,0,7,0,7,0,1,83,0,84,0,1,90,0,91,102,0,102,193
04/28/2014,ESN,MD,AEA,EN,Federal Contract Tower,0,0,18,2,20,0,0,37,2,39,0,0,55,4,59,82,0,82,141
04/29/2014,ESN,MD,AEA,EN,Federal Contract Tower,0,0,5,0,5,0,1,1,0,2,0,1,6,0,7,0,0,0,7
04/30/2014,ESN,MD,AEA,EN,Federal Contract Tower,0,0,4,0,4,0,0,0,0,0,0,0,4,0,4,0,0,0,4
05/01/2014,ESN,MD,AEA,EN,Federal Contract Tower,0,2,21,0,23,0,1,51,2,54,0,3,72,2,77,40,12,52,129
05/02/2014,ESN,MD,AEA,EN,Federal Contract Tower,0,3,18,0,21,0,3,65,0,68,0,6,83,0,89,126,0,126,215
05/03/2014,ESN,MD,AEA,EN,Federal Contract Tower,0,0,7,0,7,0,2,85,0,87,0,2,92,0,94,152,0,152,246
05/04/2014,ESN,MD,AEA,EN,Federal Contract Tower,0,4,7,0,11,0,1,41,0,42,0,5,48,0,53,80,0,80,133
05/05/2014,ESN,MD,AEA,EN,Federal Contract Tower,0,3,12,2,17,0,2,37,4,43,0,5,49,6,60,86,10,96,156
05/06/2014,ESN,MD,AEA,EN,Federal Contract Tower,0,4,18,0,22,0,3,47,2,52,0,7,65,2,74,44,4,48,122
05/07/2014,ESN,MD,AEA,EN,Federal Contract Tower,0,4,9,0,13,0,1,34,4,39,0,5,43,4,52,30,26,56,108
05/08/2014,ESN,MD,AEA,EN,Federal Contract Tower,0,1,15,2,18,0,3,36,0,39,0,4,51,2,57,44,12,56,113
05/09/2014,ESN,MD,AEA,EN,Federal Contract Tower,0,2,16,2,20,0,2,12,0,14,0,4,28,2,34,8,0,8,42
05/10/2014,ESN,MD,AEA,EN,Federal Contract Tower,0,2,6,0,8,0,2,39,0,41,0,4,45,0,49,58,0,58,107
05/11/2014,ESN,MD,AEA,EN,Federal Contract Tower,0,6,12,0,18,0,5,64,0,69,0,11,76,0,87,124,0,124,211
05/12/2014,ESN,MD,AEA,EN,Federal Contract Tower,0,5,13,0,18,0,0,44,0,44,0,5,57,0,62,74,0,74,136
05/13/2014,ESN,MD,AEA,EN,Federal Contract Tower,0,4,10,0,14,0,0,38,0,38,0,4,48,0,52,108,0,108,160
05/14/2014,ESN,MD,AEA,EN,Federal Contract Tower,0,3,36,2,41,0,0,2,0,2,0,3,38,2,43,0,0,0,43
05/15/2014,ESN,MD,AEA,EN,Federal Contract Tower,0,5,19,2,26,0,0,31,0,31,0,5,50,2,57,26,0,26,83
05/16/2014,ESN,MD,AEA,EN,Federal Contract Tower,0,5,21,0,26,0,2,8,0,10,0,7,29,0,36,12,0,12,48
05/17/2014,ESN,MD,AEA,EN,Federal Contract Tower,0,5,17,2,24,0,2,79,0,81,0,7,96,2,105,210,4,214,319
05/18/2014,ESN,MD,AEA,EN,Federal Contract Tower,0,6,21,0,27,0,1,58,0,59,0,7,79,0,86,162,0,162,248
05/19/2014,ESN,MD,AEA,EN,Federal Contract Tower,0,2,13,0,15,0,3,81,0,84,0,5,94,0,99,106,4,110,209
05/20/2014,ESN,MD,AEA,EN,Federal Contract Tower,0,5,17,0,22,0,3,85,4,92,0,8,102,4,114,168,0,168,282
05/21/2014,ESN,MD,AEA,EN,Federal Contract Tower,0,5,7,1,13,0,3,28,4,35,0,8,35,5,48,30,24,54,102
05/22/2014,ESN,MD,AEA,EN,Federal Contract Tower,0,8,17,0,25,0,3,59,1,63,0,11,76,1,88,52,0,52,140
05/23/2014,ESN,MD,AEA,EN,Federal Contract Tower,0,7,22,0,29,0,6,84,1,91,0,13,106,1,120,40,4,44,164
05/24/2014,ESN,MD,AEA,EN,Federal Contract Tower,0,0,8,0,8,0,0,87,0,87,0,0,95,0,95,76,0,76,171
05/25/2014,ESN,MD,AEA,EN,Federal Contract Tower,0,0,8,0,8,0,2,67,0,69,0,2,75,0,77,44,0,44,121
05/26/2014,ESN,MD,AEA,EN,Federal Contract Tower,0,8,12,0,20,0,4,102,0,106,0,12,114,0,126,76,0,76,202
05/27/2014,ESN,MD,AEA,EN,Federal Contract Tower,0,4,25,0,29,0,1,54,2,57,0,5,79,2,86,66,0,66,152
05/28/2014,ESN,MD,AEA,EN,Federal Contract Tower,0,2,10,1,13,0,1,33,1,35,0,3,43,2,48,38,0,38,86
05/29/2014,ESN,MD,AEA,EN,Federal Contract Tower,0,1,17,0,18,0,0,7,0,7,0,1,24,0,25,12,0,12,37
05/30/2014,ESN,MD,AEA,EN,Federal Contract Tower,0,4,29,5,38,0,2,48,1,51,0,6,77,6,89,72,0,72,161
05/31/2014,ESN,MD,AEA,EN,Federal Contract Tower,0,4,12,0,16,0,2,86,0,88,0,6,98,0,104,78,0,78,182
06/01/2014,ESN,MD,AEA,EN,Federal Contract Tower,0,4,10,0,14,0,5,76,18,99,0,9,86,18,113,96,0,96,209
06/02/2014,ESN,MD,AEA,EN,Federal Contract Tower,0,2,12,0,14,0,7,76,8,91,0,9,88,8,105,126,6,132,237
06/03/2014,ESN,MD,AEA,EN,Federal Contract Tower,0,1,6,0,7,0,1,41,0,42,0,2,47,0,49,20,4,24,73
06/04/2014,ESN,MD,AEA,EN,Federal Contract Tower,0,2,9,0,11,0,2,151,6,159,0,4,160,6,170,160,0,160,330
06/05/2014,ESN,MD,AEA,EN,Federal Contract Tower,0,3,17,2,22,0,3,77,4,84,0,6,94,6,106,66,0,66,172
06/06/2014,ESN,MD,AEA,EN,Federal Contract Tower,0,11,14,0,25,0,4,142,0,146,0,15,156,0,171,198,0,198,369
06/07/2014,ESN,MD,AEA,EN,Federal Contract Tower,0,3,14,3,20,0,3,236,2,241,0,6,250,5,261,206,2,208,469
06/08/2014,ESN,MD,AEA,EN,Federal Contract Tower,0,9,25,0,34,0,2,148,0,150,0,11,173,0,184,172,0,172,356
06/09/2014,ESN,MD,AEA,EN,Federal Contract Tower,0,2,9,0,11,0,0,154,0,154,0,2,163,0,165,220,0,220,385
06/10/2014,ESN,MD,AEA,EN,Federal Contract Tower,0,6,18,0,24,0,2,82,0,84,0,8,100,0,108,234,0,234,342
06/11/2014,ESN,MD,AEA,EN,Federal Contract Tower,0,1,11,0,12,0,2,41,2,45,0,3,52,2,57,42,0,42,99
06/12/2014,ESN,MD,AEA,EN,Federal Contract Tower,0,3,19,0,22,0,0,1,0,1,0,3,20,0,23,4,0,4,27
06/13/2014,ESN,MD,AEA,EN,Federal Contract Tower,0,3,11,0,14,0,2,78,4,84,0,5,89,4,98,184,18,202,300
06/14/2014,ESN,MD,AEA,EN,Federal Contract Tower,0,4,16,0,20,0,4,209,0,213,0,8,225,0,233,184,0,184,417
06/15/2014,ESN,MD,AEA,EN,Federal Contract Tower,0,8,17,0,25,0,3,168,0,171,0,11,185,0,196,320,0,320,516
06/16/2014,ESN,MD,AEA,EN,Federal Contract Tower,0,4,6,2,12,0,0,146,0,146,0,4,152,2,158,384,0,384,542
06/17/2014,ESN,MD,AEA,EN,Federal Contract Tower,0,0,7,0,7,0,2,118,0,120,0,2,125,0,127,368,2,370,497
06/18/2014,ESN,MD,AEA,EN,Federal Contract Tower,0,5,4,0,9,0,3,150,23,176,0,8,154,23,185,386,14,400,585
06/19/2014,ESN,MD,AEA,EN,Federal Contract Tower,0,2,9,0,11,0,2,144,16,162,0,4,153,16,173,498,2,500,673
06/20/2014,ESN,MD,AEA,EN,Federal Contract Tower,0,1,15,1,17,0,3,251,3,257,0,4,266,4,274,524,0,524,798
06/21/2014,ESN,MD,AEA,EN,Federal Contract Tower,0,3,15,0,18,0,1,129,0,130,0,4,144,0,148,240,0,240,388
06/22/2014,ESN,MD,AEA,EN,Federal Contract Tower,0,5,16,0,21,0,0,106,0,106,0,5,122,0,127,186,0,186,313
06/23/2014,ESN,MD,AEA,EN,Federal Contract Tower,0,0,7,0,7,0,1,89,0,90,0,1,96,0,97,170,8,178,275
06/24/2014,ESN,MD,AEA,EN,Federal Contract Tower,0,2,17,0,19,0,2,83,2,87,0,4,100,2,106,158,2,160,266
06/25/2014,ESN,MD,AEA,EN,Federal Contract Tower,0,2,10,0,12,0,3,65,2,70,0,5,75,2,82,168,0,168,250
06/26/2014,ESN,MD,AEA,EN,Federal Contract Tower,0,1,23,3,27,0,3,56,4,63,0,4,79,7,90,28,4,32,122
06/27/2014,ESN,MD,AEA,EN,Federal Contract Tower,0,4,23,0,27,0,5,52,4,61,0,9,75,4,88,76,2,78,166
06/28/2014,ESN,MD,AEA,EN,Federal Contract Tower,0,1,15,0,16,0,1,132,150,283,0,2,147,150,299,104,60,164,463
06/29/2014,ESN,MD,AEA,EN,Federal Contract Tower,0,4,12,0,16,0,4,83,0,87,0,8,95,0,103,50,0,50,153
06/30/2014,ESN,MD,AEA,EN,Federal Contract Tower,0,4,12,0,16,0,4,60,130,194,0,8,72,130,210,46,94,140,350
07/01/2014,ESN,MD,AEA,EN,Federal Contract Tower,0,2,7,0,9,0,4,45,88,137,0,6,52,88,146,46,96,142,288
07/02/2014,ESN,MD,AEA,EN,Federal Contract Tower,0,3,9,0,12,0,1,37,86,124,0,4,46,86,136,24,106,130,266
07/03/2014,ESN,MD,AEA,EN,Federal Contract Tower,0,3,17,0,20,0,0,37,104,141,0,3,54,104,161,16,150,166,327
07/04/2014,ESN,MD,AEA,EN,Federal Contract Tower,0,3,1,0,4,0,1,28,0,29,0,4,29,0,33,6,0,6,39
07/05/2014,ESN,MD,AEA,EN,Federal Contract Tower,0,4,10,0,14,0,0,95,0,95,0,4,105,0,109,72,0,72,181
07/06/2014,ESN,MD,AEA,EN,Federal Contract Tower,0,0,10,0,10,0,2,93,0,95,0,2,103,0,105,104,0,104,209
07/07/2014,ESN,MD,AEA,EN,Federal Contract Tower,0,6,16,0,22,0,0,49,115,164,0,6,65,115,186,50,210,260,446
07/08/2014,ESN,MD,AEA,EN,Federal Contract Tower,0,1,5,0,6,0,4,22,88,114,0,5,27,88,120,38,450,488,608
07/09/2014,ESN,MD,AEA,EN,Federal Contract Tower,0,4,11,2,17,0,0,26,87,113,0,4,37,89,130,4,532,536,666
07/10/2014,ESN,MD,AEA,EN,Federal Contract Tower,0,2,16,0,18,0,0,19,67,86,0,2,35,67,104,12,296,308,412
07/11/2014,ESN,MD,AEA,EN,Federal Contract Tower,0,3,25,0,28,0,11,45,106,162,0,14,70,106,190,16,462,478,668
07/12/2014,ESN,MD,AEA,EN,Federal Contract Tower,0,2,19,0,21,0,5,106,93,204,0,7,125,93,225,88,334,422,647
07/13/2014,ESN,MD,AEA,EN,Federal Contract Tower,0,2,18,0,20,0,0,73,0,73,0,2,91,0,93,118,0,118,211
07/14/2014,ESN,MD,AEA,EN,Federal Contract Tower,0,4,11,0,15,0,2,39,112,153,0,6,50,112,168,30,528,558,726
07/15/2014,ESN,MD,AEA,EN,Federal Contract Tower,0,5,4,0,9,0,1,45,63,109,0,6,49,63,118,64,320,384,502
07/16/2014,ESN,MD,AEA,EN,Federal Contract Tower,0,5,17,0,22,0,2,54,99,155,0,7,71,99,177,68,472,540,717
07/17/2014,ESN,MD,AEA,EN,Federal Contract Tower,0,9,12,0,21,0,8,76,84,168,0,17,88,84,189,70,438,508,697
07/18/2014,ESN,MD,AEA,EN,Federal Contract Tower,0,4,14,0,18,0,4,95,52,151,0,8,109,52,169,56,120,176,345
07/19/2014,ESN,MD,AEA,EN,Federal Contract Tower,0,7,6,0,13,0,4,100,3,107,0,11,106,3,120,88,6,94,214
07/20/2014,ESN,MD,AEA,EN,Federal Contract Tower,0,8,23,0,31,0,5,39,2,46,0,13,62,2,77,24,0,24,101
07/21/2014,ESN,MD,AEA,EN,Federal Contract Tower,0,8,24,0,32,0,3,27,3,33,0,11,51,3,65,32,0,32,97
07/22/2014,ESN,MD,AEA,EN,Federal Contract Tower,0,4,10,0,14,0,2,80,10,92,0,6,90,10,106,110,8,118,224
07/23/2014,ESN,MD,AEA,EN,Federal Contract Tower,0,1,8,0,9,0,8,49,0,57,0,9,57,0,66,46,0,46,112
07/24/2014,ESN,MD,AEA,EN,Federal Contract Tower,0,7,20,0,27,0,4,26,5,35,0,11,46,5,62,8,6,14,76
07/25/2014,ESN,MD,AEA,EN,Federal Contract Tower,0,3,14,0,17,0,4,95,1,100,0,7,109,1,117,60,36,96,213
07/26/2014,ESN,MD,AEA,EN,Federal Contract Tower,0,0,14,0,14,0,4,84,114,202,0,4,98,114,216,112,66,178,394
07/27/2014,ESN,MD,AEA,EN,Federal Contract Tower,0,6,6,0,12,0,2,21,2,25,0,8,27,2,37,40,0,40,77
07/28/2014,ESN,MD,AEA,EN,Federal Contract Tower,0,0,9,3,12,0,0,28,90,118,0,0,37,93,130,8,50,58,188
07/29/2014,ESN,MD,AEA,EN,Federal Contract Tower,0,2,9,0,11,0,0,67,99,166,0,2,76,99,177,36,134,170,347
07/30/2014,ESN,MD,AEA,EN,Federal Contract Tower,0,5,7,0,12,0,1,71,99,171,0,6,78,99,183,60,126,186,369
07/31/2014,ESN,MD,AEA,EN,Federal Contract Tower,0,4,15,2,21,0,0,80,117,197,0,4,95,119,218,50,122,172,390
08/01/2014,ESN,MD,AEA,EN,Federal Contract Tower,0,3,14,3,20,0,0,58,94,152,0,3,72,97,172,38,234,272,444
08/02/2014,ESN,MD,AEA,EN,Federal Contract Tower,0,4,11,0,15,0,0,17,9,26,0,4,28,9,41,20,106,126,167
08/03/2014,ESN,MD,AEA,EN,Federal Contract Tower,0,5,12,0,17,0,5,2,1,8,0,10,14,1,25,0,0,0,25
08/04/2014,ESN,MD,AEA,EN,Federal Contract Tower,0,0,17,0,17,0,0,41,134,175,0,0,58,134,192,46,310,356,548
08/05/2014,ESN,MD,AEA,EN,Federal Contract Tower,0,5,15,0,20,0,2,65,103,170,0,7,80,103,190,100,462,562,752
08/06/2014,ESN,MD,AEA,EN,Federal Contract Tower,0,4,2,0,6,0,2,42,89,133,0,6,44,89,139,72,446,518,657
08/07/2014,ESN,MD,AEA,EN,Federal Contract Tower,0,5,16,1,22,0,3,78,121,202,0,8,94,122,224,104,394,498,722
08/08/2014,ESN,MD,AEA,EN,Federal Contract Tower,0,8,12,0,20,0,6,66,140,212,0,14,78,140,232,114,570,684,916
08/09/2014,ESN,MD,AEA,EN,Federal Contract Tower,0,3,15,0,18,0,4,132,84,220,0,7,147,84,238,120,306,426,664
08/10/2014,ESN,MD,AEA,EN,Federal Contract Tower,0,1,6,1,8,0,0,57,4,61,0,1,63,5,69,31,6,37,106
08/11/2014,ESN,MD,AEA,EN,Federal Contract Tower,0,2,10,0,12,0,2,40,56,98,0,4,50,56,110,70,380,450,560
08/12/2014,ESN,MD,AEA,EN,Federal Contract Tower,0,3,8,0,11,0,2,8,44,54,0,5,16,44,65,2,152,154,219
08/13/2014,ESN,MD,AEA,EN,Federal Contract Tower,0,2,5,3,10,0,2,33,38,73,0,4,38,41,83,66,120,186,269
08/14/2014,ESN,MD,AEA,EN,Federal Contract Tower,0,7,13,0,20,0,0,64,36,100,0,7,77,36,120,60,142,202,322
08/15/2014,ESN,MD,AEA,EN,Federal Contract Tower,0,4,19,0,23,0,6,84,15,105,0,10,103,15,128,82,80,162,290
08/16/2014,ESN,MD,AEA,EN,Federal Contract Tower,0,1,18,0,19,0,2,89,2,93,0,3,107,2,112,132,0,132,244
08/17/2014,ESN,MD,AEA,EN,Federal Contract Tower,0,9,11,0,20,0,5,71,0,76,0,14,82,0,96,46,8,54,150
08/18/2014,ESN,MD,AEA,EN,Federal Contract Tower,0,0,18,0,18,0,3,72,9,84,0,3,90,9,102,118,12,130,232
08/19/2014,ESN,MD,AEA,EN,Federal Contract Tower,0,0,7,0,7,0,1,68,0,69,0,1,75,0,76,70,0,70,146
08/20/2014,ESN,MD,AEA,EN,Federal Contract Tower,0,5,12,0,17,0,2,92,2,96,0,7,104,2,113,112,2,114,227
08/21/2014,ESN,MD,AEA,EN,Federal Contract Tower,0,2,7,0,9,0,2,47,8,57,0,4,54,8,66,38,12,50,116
08/22/2014,ESN,MD,AEA,EN,Federal Contract Tower,0,5,26,0,31,0,0,16,0,16,0,5,42,0,47,18,2,20,67
08/23/2014,ESN,MD,AEA,EN,Federal Contract Tower,0,3,12,0,15,0,5,16,2,23,0,8,28,2,38,26,0,26,64
08/24/2014,ESN,MD,AEA,EN,Federal Contract Tower,0,2,15,0,17,0,5,85,0,90,0,7,100,0,107,196,0,196,303
08/25/2014,ESN,MD,AEA,EN,Federal Contract Tower,0,3,16,0,19,0,0,94,0,94,0,3,110,0,113,100,12,112,225
08/26/2014,ESN,MD,AEA,EN,Federal Contract Tower,0,3,17,2,22,0,4,99,0,103,0,7,116,2,125,96,10,106,231
08/27/2014,ESN,MD,AEA,EN,Federal Contract Tower,0,2,8,3,13,0,3,81,6,90,0,5,89,9,103,64,4,68,171
08/28/2014,ESN,MD,AEA,EN,Federal Contract Tower,0,3,17,0,20,0,1,65,0,66,0,4,82,0,86,80,0,80,166
08/29/2014,ESN,MD,AEA,EN,Federal Contract Tower,0,7,12,0,19,0,4,96,2,102,0,11,108,2,121,100,6,106,227
08/30/2014,ESN,MD,AEA,EN,Federal Contract Tower,0,1,7,0,8,0,2,73,0,75,0,3,80,0,83,110,0,110,193
08/31/2014,ESN,MD,AEA,EN,Federal Contract Tower,0,10,8,0,18,0,3,25,3,31,0,13,33,3,49,76,0,76,125
09/01/2014,ESN,MD,AEA,EN,Federal Contract Tower,0,2,5,0,7,0,0,49,2,51,0,2,54,2,58,92,0,92,150
09/02/2014,ESN,MD,AEA,EN,Federal Contract Tower,0,0,13,2,15,0,1,33,5,39,0,1,46,7,54,30,6,36,90
09/03/2014,ESN,MD,AEA,EN,Federal Contract Tower,0,0,3,0,3,0,3,56,4,63,0,3,59,4,66,58,28,86,152
09/04/2014,ESN,MD,AEA,EN,Federal Contract Tower,0,0,8,1,9,0,3,39,4,46,0,3,47,5,55,106,12,118,173
09/05/2014,ESN,MD,AEA,EN,Federal Contract Tower,0,4,27,0,31,0,0,55,0,55,0,4,82,0,86,100,0,100,186
09/06/2014,ESN,MD,AEA,EN,Federal Contract Tower,0,4,14,0,18,0,4,57,6,67,0,8,71,6,85,98,0,98,183
09/07/2014,ESN,MD,AEA,EN,Federal Contract Tower,0,6,12,2,20,0,1,56,0,57,0,7,68,2,77,94,0,94,171
09/08/2014,ESN,MD,AEA,EN,Federal Contract Tower,0,4,8,0,12,0,8,12,0,20,0,12,20,0,32,26,12,38,70
09/09/2014,ESN,MD,AEA,EN,Federal Contract Tower,0,3,11,0,14,0,2,6,2,10,0,5,17,2,24,0,6,6,30
09/10/2014,ESN,MD,AEA,EN,Federal Contract Tower,0,2,11,0,13,0,0,40,10,50,0,2,51,10,63,38,26,64,127
09/11/2014,ESN,MD,AEA,EN,Federal Contract Tower,0,2,7,0,9,0,2,43,7,52,0,4,50,7,61,50,20,70,131
09/12/2014,ESN,MD,AEA,EN,Federal Contract Tower,0,2,18,0,20,0,4,44,10,58,0,6,62,10,78,80,18,98,176
09/13/2014,ESN,MD,AEA,EN,Federal Contract Tower,0,6,3,1,10,0,2,25,2,29,0,8,28,3,39,58,0,58,97
09/14/2014,ESN,MD,AEA,EN,Federal Contract Tower,0,4,24,0,28,0,5,87,0,92,0,9,111,0,120,148,0,148,268
09/15/2014,ESN,MD,AEA,EN,Federal Contract Tower,0,4,14,0,18,0,3,72,0,75,0,7,86,0,93,188,4,192,285
09/16/2014,ESN,MD,AEA,EN,Federal Contract Tower,0,4,6,0,10,0,3,36,2,41,0,7,42,2,51,40,0,40,91
09/17/2014,ESN,MD,AEA,EN,Federal Contract Tower,0,5,15,0,20,0,0,90,0,90,0,5,105,0,110,112,0,112,222
09/18/2014,ESN,MD,AEA,EN,Federal Contract Tower,0,6,13,0,19,0,2,68,0,70,0,8,81,0,89,32,0,32,121
09/19/2014,ESN,MD,AEA,EN,Federal Contract Tower,0,2,24,0,26,0,0,94,0,94,0,2,118,0,120,134,0,134,254
09/20/2014,ESN,MD,AEA,EN,Federal Contract Tower,0,2,11,0,13,0,1,109,6,116,0,3,120,6,129,120,8,128,257
09/21/2014,ESN,MD,AEA,EN,Federal Contract Tower,0,3,22,0,25,0,2,23,0,25,0,5,45,0,50,18,0,18,68
09/22/2014,ESN,MD,AEA,EN,Federal Contract Tower,0,1,5,0,6,0,2,10,2,14,0,3,15,2,20,6,0,6,26
09/23/2014,ESN,MD,AEA,EN,Federal Contract Tower,0,5,6,0,11,0,4,74,3,81,0,9,80,3,92,94,18,112,204
09/24/2014,ESN,MD,AEA,EN,Federal Contract Tower,0,0,9,0,9,0,2,22,0,24,0,2,31,0,33,20,0,20,53
09/25/2014,ESN,MD,AEA,EN,Federal Contract Tower,0,0,16,0,16,0,0,0,0,0,0,0,16,0,16,0,0,0,16
09/26/2014,ESN,MD,AEA,EN,Federal Contract Tower,0,4,24,0,28,0,3,268,4,275,0,7,292,4,303,80,0,80,383
09/27/2014,ESN,MD,AEA,EN,Federal Contract Tower,0,2,10,0,12,0,1,327,2,330,0,3,337,2,342,524,0,524,866
09/28/2014,ESN,MD,AEA,EN,Federal Contract Tower,0,4,15,0,19,0,0,149,1,150,0,4,164,1,169,144,2,146,315
09/29/2014,ESN,MD,AEA,EN,Federal Contract Tower,0,6,12,0,18,0,4,36,0,40,0,10,48,0,58,44,0,44,102
09/30/2014,ESN,MD,AEA,EN,Federal Contract Tower,0,0,11,0,11,0,3,50,10,63,0,3,61,10,74,92,14,106,180
10/01/2014,ESN,MD,AEA,EN,Federal Contract Tower,0,2,25,0,27,0,0,13,0,13,0,2,38,0,40,34,0,34,74
10/02/2014,ESN,MD,AEA,EN,Federal Contract Tower,0,3,7,0,10,0,1,43,0,44,0,4,50,0,54,36,6,42,96
10/03/2014,ESN,MD,AEA,EN,Federal Contract Tower,0,4,21,0,25,0,8,45,0,53,0,12,66,0,78,110,0,110,188
10/04/2014,ESN,MD,AEA,EN,Federal Contract Tower,0,3,5,2,10,0,6,38,2,46,0,9,43,4,56,52,0,52,108
10/05/2014,ESN,MD,AEA,EN,Federal Contract Tower,0,2,10,0,12,0,9,51,0,60,0,11,61,0,72,38,0,38,110
10/06/2014,ESN,MD,AEA,EN,Federal Contract Tower,0,3,10,0,13,0,4,34,0,38,0,7,44,0,51,54,0,54,105
10/07/2014,ESN,MD,AEA,EN,Federal Contract Tower,0,4,12,1,17,0,1,25,3,29,0,5,37,4,46,12,2,14,60
10/08/2014,ESN,MD,AEA,EN,Federal Contract Tower,0,6,8,2,16,0,0,48,2,50,0,6,56,4,66,88,26,114,180
10/09/2014,ESN,MD,AEA,EN,Federal Contract Tower,0,0,13,0,13,0,6,98,7,111,0,6,111,7,124,94,24,118,242
10/10/2014,ESN,MD,AEA,EN,Federal Contract Tower,0,3,18,0,21,0,13,45,0,58,0,16,63,0,79,50,0,50,129
10/11/2014,ESN,MD,AEA,EN,Federal Contract Tower,0,9,15,0,24,0,0,0,0,0,0,9,15,0,24,0,0,0,24
10/12/2014,ESN,MD,AEA,EN,Federal Contract Tower,0,10,20,0,30,0,2,102,0,104,0,12,122,0,134,182,0,182,316
10/13/2014,ESN,MD,AEA,EN,Federal Contract Tower,0,9,21,0,30,0,1,9,0,10,0,10,30,0,40,4,0,4,44
10/14/2014,ESN,MD,AEA,EN,Federal Contract Tower,0,4,12,0,16,0,5,29,0,34,0,9,41,0,50,18,4,22,72
10/15/2014,ESN,MD,AEA,EN,Federal Contract Tower,0,4,7,0,11,0,1,1,0,2,0,5,8,0,13,0,0,0,13
10/16/2014,ESN,MD,AEA,EN,Federal Contract Tower,0,2,28,4,34,0,0,27,0,27,0,2,55,4,61,20,0,20,81
10/17/2014,ESN,MD,AEA,EN,Federal Contract Tower,0,2,13,1,16,0,7,122,2,131,0,9,135,3,147,268,0,268,415
10/18/2014,ESN,MD,AEA,EN,Federal Contract Tower,0,8,6,2,16,0,4,102,4,110,0,12,108,6,126,198,0,198,324
10/19/2014,ESN,MD,AEA,EN,Federal Contract Tower,0,3,12,1,16,0,2,42,0,44,0,5,54,1,60,62,0,62,122
10/20/2014,ESN,MD,AEA,EN,Federal Contract Tower,0,6,12,0,18,0,0,84,1,85,0,6,96,1,103,74,0,74,177
10/21/2014,ESN,MD,AEA,EN,Federal Contract Tower,0,0,10,6,16,0,1,57,6,64,0,1,67,12,80,92,10,102,182
10/22/2014,ESN,MD,AEA,EN,Federal Contract Tower,0,0,10,0,10,0,0,0,0,0,0,0,10,0,10,0,0,0,10
10/23/2014,ESN,MD,AEA,EN,Federal Contract Tower,0,7,5,0,12,0,0,26,2,28,0,7,31,2,40,30,6,36,76
10/24/2014,ESN,MD,AEA,EN,Federal Contract Tower,0,3,7,0,10,0,2,87,2,91,0,5,94,2,101,62,0,62,163
10/25/2014,ESN,MD,AEA,EN,Federal Contract Tower,0,1,8,0,9,0,0,154,0,154,0,1,162,0,163,194,0,194,357
10/26/2014,ESN,MD,AEA,EN,Federal Contract Tower,0,1,9,0,10,0,0,46,0,46,0,1,55,0,56,112,0,112,168
10/27/2014,ESN,MD,AEA,EN,Federal Contract Tower,0,3,13,0,16,0,2,97,0,99,0,5,110,0,115,188,0,188,303
10/28/2014,ESN,MD,AEA,EN,Federal Contract Tower,0,3,9,0,12,0,2,84,14,100,0,5,93,14,112,98,4,102,214
10/29/2014,ESN,MD,AEA,EN,Federal Contract Tower,0,1,11,0,12,0,4,29,2,35,0,5,40,2,47,32,0,32,79
10/30/2014,ESN,MD,AEA,EN,Federal Contract Tower,0,3,19,0,22,0,2,78,2,82,0,5,97,2,104,148,2,150,254
10/31/2014,ESN,MD,AEA,EN,Federal Contract Tower,0,1,16,1,18,0,11,94,2,107,0,12,110,3,125,206,6,212,337
11/01/2014,ESN,MD,AEA,EN,Federal Contract Tower,0,3,16,0,19,0,0,1,0,1,0,3,17,0,20,0,0,0,20
11/02/2014,ESN,MD,AEA,EN,Federal Contract Tower,0,0,11,0,11,0,0,10,1,11,0,0,21,1,22,0,0,0,22
11/03/2014,ESN,MD,AEA,EN,Federal Contract Tower,0,2,21,0,23,0,5,48,0,53,0,7,69,0,76,84,4,88,164
11/04/2014,ESN,MD,AEA,EN,Federal Contract Tower,0,7,13,0,20,0,3,81,2,86,0,10,94,2,106,92,0,92,198
11/05/2014,ESN,MD,AEA,EN,Federal Contract Tower,0,4,12,0,16,0,2,60,0,62,0,6,72,0,78,42,0,42,120
11/06/2014,ESN,MD,AEA,EN,Federal Contract Tower,0,3,9,0,12,0,2,3,0,5,0,5,12,0,17,2,0,2,19
11/07/2014,ESN,MD,AEA,EN,Federal Contract Tower,0,12,4,0,16,0,2,37,2,41,0,14,41,2,57,32,0,32,89
11/08/2014,ESN,MD,AEA,EN,Federal Contract Tower,0,9,5,0,14,0,6,74,0,80,0,15,79,0,94,138,0,138,232
11/09/2014,ESN,MD,AEA,EN,Federal Contract Tower,0,11,16,0,27,0,12,85,1,98,0,23,101,1,125,88,0,88,213
11/10/2014,ESN,MD,AEA,EN,Federal Contract Tower,0,6,6,0,12,0,6,54,0,60,0,12,60,0,72,104,0,104,176
11/11/2014,ESN,MD,AEA,EN,Federal Contract Tower,0,5,19,0,24,0,3,33,0,36,0,8,52,0,60,44,0,44,104
11/12/2014,ESN,MD,AEA,EN,Federal Contract Tower,0,0,10,2,12,0,1,29,0,30,0,1,39,2,42,38,0,38,80
11/13/2014,ESN,MD,AEA,EN,Federal Contract Tower,0,0,16,1,17,0,2,25,0,27,0,2,41,1,44,64,0,64,108
11/14/2014,ESN,MD,AEA,EN,Federal Contract Tower,0,5,8,0,13,0,4,39,4,47,0,9,47,4,60,46,2,48,108
11/15/2014,ESN,MD,AEA,EN,Federal Contract Tower,0,7,11,0,18,0,0,129,4,133,0,7,140,4,151,194,0,194,345
11/16/2014,ESN,MD,AEA,EN,Federal Contract Tower,0,8,20,0,28,0,0,82,0,82,0,8,102,0,110,156,0,156,266
11/17/2014,ESN,MD,AEA,EN,Federal Contract Tower,0,0,8,0,8,0,0,0,0,0,0,0,8,0,8,0,0,0,8
11/18/2014,ESN,MD,AEA,EN,Federal Contract Tower,0,6,13,3,22,0,0,24,0,24,0,6,37,3,46,0,0,0,46
11/19/2014,ESN,MD,AEA,EN,Federal Contract Tower,0,2,14,2,18,0,2,58,1,61,0,4,72,3,79,74,0,74,153
11/20/2014,ESN,MD,AEA,EN,Federal Contract Tower,0,3,9,4,16,0,4,47,0,51,0,7,56,4,67,98,0,98,165
11/21/2014,ESN,MD,AEA,EN,Federal Contract Tower,0,7,8,4,19,0,4,46,0,50,0,11,54,4,69,68,0,68,137
11/22/2014,ESN,MD,AEA,EN,Federal Contract Tower,0,4,11,0,15,0,0,61,2,63,0,4,72,2,78,146,0,146,224
11/23/2014,ESN,MD,AEA,EN,Federal Contract Tower,0,1,8,0,9,0,4,109,0,113,0,5,117,0,122,224,0,224,346
11/24/2014,ESN,MD,AEA,EN,Federal Contract Tower,0,2,3,0,5,0,2,22,0,24,0,4,25,0,29,16,0,16,45
11/25/2014,ESN,MD,AEA,EN,Federal Contract Tower,0,9,19,0,28,0,0,57,2,59,0,9,76,2,87,92,28,120,207
11/26/2014,ESN,MD,AEA,EN,Federal Contract Tower,0,3,9,0,12,0,0,0,0,0,0,3,9,0,12,0,0,0,12
11/27/2014,ESN,MD,AEA,EN,Federal Contract Tower,0,1,4,0,5,0,2,9,0,11,0,3,13,0,16,6,0,6,22
11/28/2014,ESN,MD,AEA,EN,Federal Contract Tower,0,8,3,4,15,0,1,51,2,54,0,9,54,6,69,84,2,86,155
11/29/2014,ESN,MD,AEA,EN,Federal Contract Tower,0,4,11,0,15,0,4,93,4,101,0,8,104,4,116,152,2,154,270
11/30/2014,ESN,MD,AEA,EN,Federal Contract Tower,0,9,21,0,30,0,0,114,0,114,0,9,135,0,144,150,0,150,294
12/01/2014,ESN,MD,AEA,EN,Federal Contract Tower,0,7,19,0,26,0,0,86,0,86,0,7,105,0,112,138,0,138,250
12/02/2014,ESN,MD,AEA,EN,Federal Contract Tower,0,1,4,2,7,0,0,0,2,2,0,1,4,4,9,0,0,0,9
12/03/2014,ESN,MD,AEA,EN,Federal Contract Tower,0,0,3,0,3,0,4,6,0,10,0,4,9,0,13,24,0,24,37
12/04/2014,ESN,MD,AEA,EN,Federal Contract Tower,0,0,10,0,10,0,4,73,2,79,0,4,83,2,89,136,2,138,227
12/05/2014,ESN,MD,AEA,EN,Federal Contract Tower,0,4,11,4,19,0,13,10,4,27,0,17,21,8,46,36,16,52,98
12/06/2014,ESN,MD,AEA,EN,Federal Contract Tower,0,3,4,0,7,0,0,0,0,0,0,3,4,0,7,0,0,0,7
12/07/2014,ESN,MD,AEA,EN,Federal Contract Tower,0,4,6,0,10,0,4,8,0,12,0,8,14,0,22,4,0,4,26
12/08/2014,ESN,MD,AEA,EN,Federal Contract Tower,0,1,15,0,16,0,1,37,0,38,0,2,52,0,54,124,0,124,178
12/09/2014,ESN,MD,AEA,EN,Federal Contract Tower,0,1,4,0,5,0,0,0,0,0,0,1,4,0,5,0,0,0,5
12/10/2014,ESN,MD,AEA,EN,Federal Contract Tower,0,2,5,0,7,0,1,6,0,7,0,3,11,0,14,24,20,44,58
12/11/2014,ESN,MD,AEA,EN,Federal Contract Tower,0,6,10,0,16,0,4,6,0,10,0,10,16,0,26,10,0,10,36
12/12/2014,ESN,MD,AEA,EN,Federal Contract Tower,0,4,6,2,12,0,0,36,0,36,0,4,42,2,48,26,0,26,74
12/13/2014,ESN,MD,AEA,EN,Federal Contract Tower,0,0,14,0,14,0,2,56,0,58,0,2,70,0,72,64,0,64,136
12/14/2014,ESN,MD,AEA,EN,Federal Contract Tower,0,3,13,0,16,0,0,54,0,54,0,3,67,0,70,106,0,106,176
12/15/2014,ESN,MD,AEA,EN,Federal Contract Tower,0,3,19,0,22,0,7,95,4,106,0,10,114,4,128,130,58,188,316
12/16/2014,ESN,MD,AEA,EN,Federal Contract Tower,0,3,13,0,16,0,0,11,2,13,0,3,24,2,29,2,0,2,31
12/17/2014,ESN,MD,AEA,EN,Federal Contract Tower,0,3,10,0,13,0,7,38,1,46,0,10,48,1,59,50,12,62,121
12/18/2014,ESN,MD,AEA,EN,Federal Contract Tower,0,3,3,0,6,0,7,69,2,78,0,10,72,2,84,134,0,134,218
12/19/2014,ESN,MD,AEA,EN,Federal Contract Tower,0,6,15,0,21,0,48,79,2,129,0,54,94,2,150,164,2,166,316
12/20/2014,ESN,MD,AEA,EN,Federal Contract Tower,0,1,9,0,10,0,0,91,0,91,0,1,100,0,101,218,0,218,319
12/21/2014,ESN,MD,AEA,EN,Federal Contract Tower,0,6,8,0,14,0,2,85,2,89,0,8,93,2,103,134,0,134,237
12/22/2014,ESN,MD,AEA,EN,Federal Contract Tower,0,0,13,0,13,0,4,3,0,7,0,4,16,0,20,42,0,42,62
12/23/2014,ESN,MD,AEA,EN,Federal Contract Tower,0,0,5,0,5,0,0,0,0,0,0,0,5,0,5,0,0,0,5
12/24/2014,ESN,MD,AEA,EN,Federal Contract Tower,0,0,1,0,1,0,0,0,0,0,0,0,1,0,1,0,0,0,1
12/25/2014,ESN,MD,AEA,EN,Federal Contract Tower,0,2,1,0,3,0,6,2,0,8,0,8,3,0,11,0,0,0,11
12/26/2014,ESN,MD,AEA,EN,Federal Contract Tower,0,0,14,0,14,0,2,114,0,116,0,2,128,0,130,82,0,82,212
12/27/2014,ESN,MD,AEA,EN,Federal Contract Tower,0,4,17,0,21,0,4,147,2,153,0,8,164,2,174,128,4,132,306
12/28/2014,ESN,MD,AEA,EN,Federal Contract Tower,0,2,8,0,10,0,2,10,0,12,0,4,18,0,22,12,0,12,34
12/29/2014,ESN,MD,AEA,EN,Federal Contract Tower,0,1,9,0,10,0,0,31,0,31,0,1,40,0,41,22,0,22,63
12/30/2014,ESN,MD,AEA,EN,Federal Contract Tower,0,2,10,0,12,0,0,43,5,48,0,2,53,5,60,64,2,66,126
12/31/2014,ESN,MD,AEA,EN,Federal Contract Tower,0,4,9,0,13,0,0,50,0,50,0,4,59,0,63,38,0,38,101
01/01/2015,ESN,MD,AEA,EN,Federal Contract Tower,0,0,8,0,8,0,2,18,0,20,0,2,26,0,28,54,0,54,82
01/02/2015,ESN,MD,AEA,EN,Federal Contract Tower,0,1,15,0,16,0,4,93,2,99,0,5,108,2,115,176,0,176,291
01/03/2015,ESN,MD,AEA,EN,Federal Contract Tower,0,5,16,0,21,0,0,3,0,3,0,5,19,0,24,6,0,6,30
01/04/2015,ESN,MD,AEA,EN,Federal Contract Tower,0,0,15,0,15,0,0,1,0,1,0,0,16,0,16,10,0,10,26
01/05/2015,ESN,MD,AEA,EN,Federal Contract Tower,0,2,9,0,11,0,1,11,0,12,0,3,20,0,23,48,0,48,71
01/06/2015,ESN,MD,AEA,EN,Federal Contract Tower,0,0,2,0,2,0,0,0,6,6,0,0,2,6,8,0,0,0,8
01/07/2015,ESN,MD,AEA,EN,Federal Contract Tower,0,1,4,0,5,0,2,15,0,17,0,3,19,0,22,8,0,8,30
01/08/2015,ESN,MD,AEA,EN,Federal Contract Tower,0,0,16,1,17,0,1,45,1,47,0,1,61,2,64,66,2,68,132
01/09/2015,ESN,MD,AEA,EN,Federal Contract Tower,0,5,9,2,16,0,3,35,2,40,0,8,44,4,56,24,8,32,88
01/10/2015,ESN,MD,AEA,EN,Federal Contract Tower,0,2,13,0,15,0,2,42,2,46,0,4,55,2,61,70,0,70,131
01/11/2015,ESN,MD,AEA,EN,Federal Contract Tower,0,1,9,1,11,0,6,112,2,120,0,7,121,3,131,242,0,242,373
01/12/2015,ESN,MD,AEA,EN,Federal Contract Tower,0,3,6,0,9,0,0,0,0,0,0,3,6,0,9,0,0,0,9
01/13/2015,ESN,MD,AEA,EN,Federal Contract Tower,0,0,5,0,5,0,1,13,0,14,0,1,18,0,19,42,2,44,63
01/14/2015,ESN,MD,AEA,EN,Federal Contract Tower,0,4,5,0,9,0,0,6,2,8,0,4,11,2,17,10,4,14,31
01/15/2015,ESN,MD,AEA,EN,Federal Contract Tower,0,3,13,0,16,0,2,36,2,40,0,5,49,2,56,46,0,46,102
01/16/2015,ESN,MD,AEA,EN,Federal Contract Tower,0,1,13,0,14,0,2,65,2,69,0,3,78,2,83,78,0,78,161
01/17/2015,ESN,MD,AEA,EN,Federal Contract Tower,0,0,8,2,10,0,41,103,0,144,0,41,111,2,154,96,0,96,250
01/18/2015,ESN,MD,AEA,EN,Federal Contract Tower,0,1,10,0,11,0,0,0,0,0,0,1,10,0,11,0,0,0,11
01/19/2015,ESN,MD,AEA,EN,Federal Contract Tower,0,0,16,4,20,0,8,61,4,73,0,8,77,8,93,158,0,158,251
01/20/2015,ESN,MD,AEA,EN,Federal Contract Tower,0,5,3,0,8,0,1,47,1,49,0,6,50,1,57,100,0,100,157
01/21/2015,ESN,MD,AEA,EN,Federal Contract Tower,0,3,5,0,8,0,0,0,0,0,0,3,5,0,8,0,0,0,8
01/22/2015,ESN,MD,AEA,EN,Federal Contract Tower,0,2,9,0,11,0,0,24,0,24,0,2,33,0,35,34,10,44,79
01/23/2015,ESN,MD,AEA,EN,Federal Contract Tower,0,0,14,0,14,0,2,70,0,72,0,2,84,0,86,84,2,86,172
01/24/2015,ESN,MD,AEA,EN,Federal Contract Tower,0,0,5,0,5,0,0,0,0,0,0,0,5,0,5,0,0,0,5
01/25/2015,ESN,MD,AEA,EN,Federal Contract Tower,0,4,4,0,8,0,3,99,2,104,0,7,103,2,112,128,0,128,240
01/26/2015,ESN,MD,AEA,EN,Federal Contract Tower,0,2,0,0,2,0,0,0,0,0,0,2,0,0,2,0,0,0,2
01/27/2015,ESN,MD,AEA,EN,Federal Contract Tower,0,0,2,0,2,0,1,21,0,22,0,1,23,0,24,18,0,18,42
01/28/2015,ESN,MD,AEA,EN,Federal Contract Tower,0,6,15,0,21,0,0,53,2,55,0,6,68,2,76,34,12,46,122
01/29/2015,ESN,MD,AEA,EN,Federal Contract Tower,0,0,10,0,10,0,6,35,4,45,0,6,45,4,55,66,14,80,135
01/30/2015,ESN,MD,AEA,EN,Federal Contract Tower,0,0,3,0,3,0,0,15,0,15,0,0,18,0,18,6,0,6,24
01/31/2015,ESN,MD,AEA,EN,Federal Contract Tower,0,0,10,0,10,0,8,55,0,63,0,8,65,0,73,110,0,110,183
02/01/2015,ESN,MD,AEA,EN,Federal Contract Tower,0,0,4,0,4,0,8,65,2,75,0,8,69,2,79,112,4,116,195
02/02/2015,ESN,MD,AEA,EN,Federal Contract Tower,0,0,5,0,5,0,0,0,0,0,0,0,5,0,5,0,0,0,5
02/03/2015,ESN,MD,AEA,EN,Federal Contract Tower,0,2,8,0,10,0,0,35,0,35,0,2,43,0,45,66,0,66,111
02/04/2015,ESN,MD,AEA,EN,Federal Contract Tower,0,2,5,2,9,0,0,93,0,93,0,2,98,2,102,88,4,92,194
02/05/2015,ESN,MD,AEA,EN,Federal Contract Tower,0,1,6,0,7,0,1,11,4,16,0,2,17,4,23,6,2,8,31
02/06/2015,ESN,MD,AEA,EN,Federal Contract Tower,0,5,10,0,15,0,3,50,0,53,0,8,60,0,68,76,2,78,146
02/07/2015,ESN,MD,AEA,EN,Federal Contract Tower,0,1,13,0,14,0,2,124,0,126,0,3,137,0,140,194,0,194,334
02/08/2015,ESN,MD,AEA,EN,Federal Contract Tower,0,0,10,0,10,0,1,79,2,82,0,1,89,2,92,112,0,112,204
02/09/2015,ESN,MD,AEA,EN,Federal Contract Tower,0,0,5,0,5,0,0,0,0,0,0,0,5,0,5,0,0,0,5
02/10/2015,ESN,MD,AEA,EN,Federal Contract Tower,0,0,7,0,7,0,0,2,0,2,0,0,9,0,9,0,18,18,27
02/11/2015,ESN,MD,AEA,EN,Federal Contract Tower,0,2,8,0,10,0,0,57,0,57,0,2,65,0,67,94,0,94,161
02/12/2015,ESN,MD,AEA,EN,Federal Contract Tower,0,2,7,2,11,0,2,12,0,14,0,4,19,2,25,12,0,12,37
02/13/2015,ESN,MD,AEA,EN,Federal Contract Tower,0,0,6,1,7,0,5,13,2,20,0,5,19,3,27,22,0,22,49
02/14/2015,ESN,MD,AEA,EN,Federal Contract Tower,0,0,4,0,4,0,0,17,1,18,0,0,21,1,22,30,0,30,52
02/15/2015,ESN,MD,AEA,EN,Federal Contract Tower,0,0,2,0,2,0,4,0,0,4,0,4,2,0,6,0,0,0,6
02/16/2015,ESN,MD,AEA,EN,Federal Contract Tower,0,2,8,1,11,0,8,23,2,33,0,10,31,3,44,32,0,32,76
02/17/2015,ESN,MD,AEA,EN,Federal Contract Tower,0,0,3,0,3,0,0,5,0,5,0,0,8,0,8,4,0,4,12
02/18/2015,ESN,MD,AEA,EN,Federal Contract Tower,0,0,5,0,5,0,2,17,0,19,0,2,22,0,24,40,0,40,64
02/19/2015,ESN,MD,AEA,EN,Federal Contract Tower,0,4,5,0,9,0,6,19,2,27,0,10,24,2,36,10,2,12,48
02/20/2015,ESN,MD,AEA,EN,Federal Contract Tower,0,6,7,0,13,0,0,34,0,34,0,6,41,0,47,76,0,76,123
02/21/2015,ESN,MD,AEA,EN,Federal Contract Tower,0,3,0,0,3,0,0,2,0,2,0,3,2,0,5,6,0,6,11
02/22/2015,ESN,MD,AEA,EN,Federal Contract Tower,0,0,5,0,5,0,1,24,0,25,0,1,29,0,30,48,0,48,78
02/23/2015,ESN,MD,AEA,EN,Federal Contract Tower,0,0,10,0,10,0,6,13,0,19,0,6,23,0,29,56,12,68,97
02/24/2015,ESN,MD,AEA,EN,Federal Contract Tower,0,3,9,0,12,0,1,46,2,49,0,4,55,2,61,98,20,118,179
02/25/2015,ESN,MD,AEA,EN,Federal Contract Tower,0,0,10,0,10,0,0,45,0,45,0,0,55,0,55,90,0,90,145
02/26/2015,ESN,MD,AEA,EN,Federal Contract Tower,0,0,7,0,7,0,13,3,0,16,0,13,10,0,23,18,0,18,41
02/27/2015,ESN,MD,AEA,EN,Federal Contract Tower,0,6,11,0,17,0,8,37,1,46,0,14,48,1,63,74,0,74,137
02/28/2015,ESN,MD,AEA,EN,Federal Contract Tower,0,0,5,1,6,0,2,67,4,73,0,2,72,5,79,112,6,118,197
03/01/2015,ESN,MD,AEA,EN,Federal Contract Tower,0,0,1,0,1,0,0,0,0,0,0,0,1,0,1,0,0,0,1
03/02/2015,ESN,MD,AEA,EN,Federal Contract Tower,0,0,9,0,9,0,2,14,4,20,0,2,23,4,29,28,26,54,83
03/03/2015,ESN,MD,AEA,EN,Federal Contract Tower,0,1,8,4,13,0,12,16,4,32,0,13,24,8,45,18,0,18,63
03/04/2015,ESN,MD,AEA,EN,Federal Contract Tower,0,0,8,0,8,0,0,0,0,0,0,0,8,0,8,0,0,0,8
03/05/2015,ESN,MD,AEA,EN,Federal Contract Tower,0,0,0,0,0,0,0,0,0,0,0,0,0,0,0,0,0,0,0
03/06/2015,ESN,MD,AEA,EN,Federal Contract Tower,0,0,7,0,7,0,0,8,0,8,0,0,15,0,15,16,0,16,31
03/07/2015,ESN,MD,AEA,EN,Federal Contract Tower,0,0,16,0,16,0,0,122,0,122,0,0,138,0,138,168,0,168,306
03/08/2015,ESN,MD,AEA,EN,Federal Contract Tower,0,1,19,0,20,0,2,82,3,87,0,3,101,3,107,50,0,50,157
03/09/2015,ESN,MD,AEA,EN,Federal Contract Tower,0,0,7,0,7,0,0,79,0,79,0,0,86,0,86,140,30,170,256
03/10/2015,ESN,MD,AEA,EN,Federal Contract Tower,0,1,8,2,11,0,0,14,0,14,0,1,22,2,25,26,12,38,63
03/11/2015,ESN,MD,AEA,EN,Federal Contract Tower,0,4,11,0,15,0,2,29,1,32,0,6,40,1,47,28,4,32,79
03/12/2015,ESN,MD,AEA,EN,Federal Contract Tower,0,0,18,0,18,0,1,87,2,90,0,1,105,2,108,120,10,130,238
03/13/2015,ESN,MD,AEA,EN,Federal Contract Tower,0,3,16,2,21,0,0,90,2,92,0,3,106,4,113,160,10,170,283
03/14/2015,ESN,MD,AEA,EN,Federal Contract Tower,0,5,6,2,13,0,0,0,0,0,0,5,6,2,13,0,0,0,13
03/15/2015,ESN,MD,AEA,EN,Federal Contract Tower,0,5,6,0,11,0,10,12,2,24,0,15,18,2,35,8,0,8,43
03/16/2015,ESN,MD,AEA,EN,Federal Contract Tower,0,1,15,0,16,0,3,103,0,106,0,4,118,0,122,280,8,288,410
03/17/2015,ESN,MD,AEA,EN,Federal Contract Tower,0,2,3,4,9,0,1,31,1,33,0,3,34,5,42,38,12,50,92
03/18/2015,ESN,MD,AEA,EN,Federal Contract Tower,0,1,8,0,9,0,5,44,1,50,0,6,52,1,59,44,12,56,115
03/19/2015,ESN,MD,AEA,EN,Federal Contract Tower,0,2,13,0,15,0,0,61,2,63,0,2,74,2,78,144,6,150,228
03/20/2015,ESN,MD,AEA,EN,Federal Contract Tower,0,0,7,0,7,0,0,0,0,0,0,0,7,0,7,6,0,6,13
03/21/2015,ESN,MD,AEA,EN,Federal Contract Tower,0,7,8,0,15,0,6,67,2,75,0,13,75,2,90,90,0,90,180
03/22/2015,ESN,MD,AEA,EN,Federal Contract Tower,0,2,11,0,13,0,1,93,1,95,0,3,104,1,108,146,14,160,268
03/23/2015,ESN,MD,AEA,EN,Federal Contract Tower,0,2,11,0,13,0,4,61,8,73,0,6,72,8,86,162,28,190,276
03/24/2015,ESN,MD,AEA,EN,Federal Contract Tower,0,2,10,0,12,0,3,42,2,47,0,5,52,2,59,44,8,52,111
03/25/2015,ESN,MD,AEA,EN,Federal Contract Tower,0,1,11,0,12,0,3,21,0,24,0,4,32,0,36,36,26,62,98
03/26/2015,ESN,MD,AEA,EN,Federal Contract Tower,0,1,8,0,9,0,0,0,2,2,0,1,8,2,11,0,0,0,11
03/27/2015,ESN,MD,AEA,EN,Federal Contract Tower,0,1,36,0,37,0,1,14,0,15,0,2,50,0,52,16,0,16,68
03/28/2015,ESN,MD,AEA,EN,Federal Contract Tower,0,2,9,0,11,0,14,12,0,26,0,16,21,0,37,48,0,48,85
03/29/2015,ESN,MD,AEA,EN,Federal Contract Tower,0,4,12,0,16,0,3,85,1,89,0,7,97,1,105,154,0,154,259
03/30/2015,ESN,MD,AEA,EN,Federal Contract Tower,0,0,6,0,6,0,0,61,0,61,0,0,67,0,67,90,14,104,171
03/31/2015,ESN,MD,AEA,EN,Federal Contract Tower,0,1,8,0,9,0,7,30,2,39,0,8,38,2,48,12,18,30,78
04/01/2015,ESN,MD,AEA,EN,Federal Contract Tower,0,3,17,1,21,0,0,61,0,61,0,3,78,1,82,126,4,130,212
04/02/2015,ESN,MD,AEA,EN,Federal Contract Tower,0,4,6,0,10,0,2,34,4,40,0,6,40,4,50,42,22,64,114
04/03/2015,ESN,MD,AEA,EN,Federal Contract Tower,0,5,12,0,17,0,2,4,2,8,0,7,16,2,25,14,0,14,39
04/04/2015,ESN,MD,AEA,EN,Federal Contract Tower,0,0,1,0,1,0,0,0,0,0,0,0,1,0,1,4,0,4,5
04/05/2015,ESN,MD,AEA,EN,Federal Contract Tower,0,1,10,0,11,0,4,37,0,41,0,5,47,0,52,64,0,64,116
04/06/2015,ESN,MD,AEA,EN,Federal Contract Tower,0,6,17,0,23,0,2,103,0,105,0,8,120,0,128,176,0,176,304
04/07/2015,ESN,MD,AEA,EN,Federal Contract Tower,0,1,15,0,16,0,0,10,0,10,0,1,25,0,26,20,0,20,46
04/08/2015,ESN,MD,AEA,EN,Federal Contract Tower,0,1,18,0,19,0,0,0,0,0,0,1,18,0,19,6,0,6,25
04/09/2015,ESN,MD,AEA,EN,Federal Contract Tower,0,1,32,2,35,0,0,2,0,2,0,1,34,2,37,0,0,0,37
04/10/2015,ESN,MD,AEA,EN,Federal Contract Tower,0,7,4,0,11,0,4,4,0,8,0,11,8,0,19,0,0,0,19
04/11/2015,ESN,MD,AEA,EN,Federal Contract Tower,0,0,18,0,18,0,13,70,0,83,0,13,88,0,101,86,0,86,187
04/12/2015,ESN,MD,AEA,EN,Federal Contract Tower,0,1,9,0,10,0,5,105,0,110,0,6,114,0,120,174,0,174,294
04/13/2015,ESN,MD,AEA,EN,Federal Contract Tower,0,7,13,0,20,0,10,63,11,84,0,17,76,11,104,122,28,150,254
04/14/2015,ESN,MD,AEA,EN,Federal Contract Tower,0,0,11,0,11,0,0,0,0,0,0,0,11,0,11,0,0,0,11
04/15/2015,ESN,MD,AEA,EN,Federal Contract Tower,0,0,6,0,6,0,3,51,4,58,0,3,57,4,64,36,24,60,124
04/16/2015,ESN,MD,AEA,EN,Federal Contract Tower,0,3,18,0,21,0,4,55,4,63,0,7,73,4,84,80,38,118,202
04/17/2015,ESN,MD,AEA,EN,Federal Contract Tower,0,2,18,2,22,0,15,39,0,54,0,17,57,2,76,80,2,82,158
04/18/2015,ESN,MD,AEA,EN,Federal Contract Tower,0,4,13,0,17,0,12,98,1,111,0,16,111,1,128,216,2,218,346
04/19/2015,ESN,MD,AEA,EN,Federal Contract Tower,0,4,4,0,8,0,0,13,0,13,0,4,17,0,21,20,0,20,41
04/20/2015,ESN,MD,AEA,EN,Federal Contract Tower,0,2,11,0,13,0,0,8,0,8,0,2,19,0,21,26,0,26,47
04/21/2015,ESN,MD,AEA,EN,Federal Contract Tower,0,0,11,0,11,0,6,25,0,31,0,6,36,0,42,50,12,62,104
04/22/2015,ESN,MD,AEA,EN,Federal Contract Tower,0,0,6,0,6,0,3,12,2,17,0,3,18,2,23,36,4,40,63
04/23/2015,ESN,MD,AEA,EN,Federal Contract Tower,0,2,12,0,14,0,3,44,2,49,0,5,56,2,63,26,8,34,97
04/24/2015,ESN,MD,AEA,EN,Federal Contract Tower,0,10,17,0,27,0,5,39,0,44,0,15,56,0,71,46,0,46,117
04/25/2015,ESN,MD,AEA,EN,Federal Contract Tower,0,4,12,0,16,0,6,103,0,109,0,10,115,0,125,104,0,104,229
04/26/2015,ESN,MD,AEA,EN,Federal Contract Tower,0,5,21,0,26,0,7,73,2,82,0,12,94,2,108,104,0,104,212
04/27/2015,ESN,MD,AEA,EN,Federal Contract Tower,0,2,10,1,13,0,0,34,3,37,0,2,44,4,50,78,36,114,164
04/28/2015,ESN,MD,AEA,EN,Federal Contract Tower,0,3,8,0,11,0,0,38,0,38,0,3,46,0,49,100,10,110,159
04/29/2015,ESN,MD,AEA,EN,Federal Contract Tower,0,1,8,0,9,0,1,48,4,53,0,2,56,4,62,110,4,114,176
04/30/2015,ESN,MD,AEA,EN,Federal Contract Tower,0,11,11,0,22,0,1,28,2,31,0,12,39,2,53,38,28,66,119
05/01/2015,ESN,MD,AEA,EN,Federal Contract Tower,0,3,17,0,20,0,0,34,0,34,0,3,51,0,54,60,0,60,114
05/02/2015,ESN,MD,AEA,EN,Federal Contract Tower,0,1,18,0,19,0,10,72,0,82,0,11,90,0,101,192,0,192,293
05/03/2015,ESN,MD,AEA,EN,Federal Contract Tower,0,0,9,0,9,0,3,94,0,97,0,3,103,0,106,102,0,102,208
05/04/2015,ESN,MD,AEA,EN,Federal Contract Tower,0,2,15,0,17,0,4,84,3,91,0,6,99,3,108,96,22,118,226
05/05/2015,ESN,MD,AEA,EN,Federal Contract Tower,0,2,7,0,9,0,1,50,0,51,0,3,57,0,60,114,2,116,176
05/06/2015,ESN,MD,AEA,EN,Federal Contract Tower,0,1,11,0,12,0,0,42,0,42,0,1,53,0,54,80,0,80,134
05/07/2015,ESN,MD,AEA,EN,Federal Contract Tower,0,2,7,0,9,0,3,46,1,50,0,5,53,1,59,106,0,106,165
05/08/2015,ESN,MD,AEA,EN,Federal Contract Tower,0,2,13,0,15,0,0,48,2,50,0,2,61,2,65,90,0,90,155
05/09/2015,ESN,MD,AEA,EN,Federal Contract Tower,0,1,30,0,31,0,5,47,0,52,0,6,77,0,83,68,0,68,151
05/10/2015,ESN,MD,AEA,EN,Federal Contract Tower,0,1,18,0,19,0,4,28,0,32,0,5,46,0,51,30,0,30,81
05/11/2015,ESN,MD,AEA,EN,Federal Contract Tower,0,6,26,0,32,0,2,9,2,13,0,8,35,2,45,28,0,28,73
05/12/2015,ESN,MD,AEA,EN,Federal Contract Tower,0,7,5,0,12,0,1,49,0,50,0,8,54,0,62,136,12,148,210
05/13/2015,ESN,MD,AEA,EN,Federal Contract Tower,0,9,7,4,20,0,4,24,0,28,0,13,31,4,48,16,8,24,72
05/14/2015,ESN,MD,AEA,EN,Federal Contract Tower,0,3,14,0,17,0,1,106,0,107,0,4,120,0,124,136,38,174,298
05/15/2015,ESN,MD,AEA,EN,Federal Contract Tower,0,10,13,4,27,0,4,77,0,81,0,14,90,4,108,78,0,78,186
05/16/2015,ESN,MD,AEA,EN,Federal Contract Tower,0,1,10,0,11,0,1,71,5,77,0,2,81,5,88,96,0,96,184
05/17/2015,ESN,MD,AEA,EN,Federal Contract Tower,0,7,18,0,25,0,4,41,0,45,0,11,59,0,70,32,0,32,102
05/18/2015,ESN,MD,AEA,EN,Federal Contract Tower,0,4,10,0,14,0,0,45,0,45,0,4,55,0,59,30,24,54,113
05/19/2015,ESN,MD,AEA,EN,Federal Contract Tower,0,3,6,2,11,0,5,17,2,24,0,8,23,4,35,72,18,90,125
05/20/2015,ESN,MD,AEA,EN,Federal Contract Tower,0,0,9,0,9,0,4,39,3,46,0,4,48,3,55,94,10,104,159
05/21/2015,ESN,MD,AEA,EN,Federal Contract Tower,0,8,24,0,32,0,0,3,2,5,0,8,27,2,37,6,0,6,43
05/22/2015,ESN,MD,AEA,EN,Federal Contract Tower,0,3,23,0,26,0,14,78,2,94,0,17,101,2,120,96,0,96,216
05/23/2015,ESN,MD,AEA,EN,Federal Contract Tower,0,5,11,0,16,0,6,136,4,146,0,11,147,4,162,224,2,226,388
05/24/2015,ESN,MD,AEA,EN,Federal Contract Tower,0,4,11,0,15,0,1,94,0,95,0,5,105,0,110,110,0,110,220
05/25/2015,ESN,MD,AEA,EN,Federal Contract Tower,0,1,8,0,9,0,5,49,0,54,0,6,57,0,63,116,0,116,179
05/26/2015,ESN,MD,AEA,EN,Federal Contract Tower,0,2,10,0,12,0,3,92,21,116,0,5,102,21,128,112,32,144,272
05/27/2015,ESN,MD,AEA,EN,Federal Contract Tower,0,9,11,0,20,0,6,30,0,36,0,15,41,0,56,28,0,28,84
05/28/2015,ESN,MD,AEA,EN,Federal Contract Tower,0,6,12,1,19,0,5,37,3,45,0,11,49,4,64,88,14,102,166
05/29/2015,ESN,MD,AEA,EN,Federal Contract Tower,0,1,20,0,21,0,1,42,0,43,0,2,62,0,64,34,2,36,100
05/30/2015,ESN,MD,AEA,EN,Federal Contract Tower,0,2,19,0,21,0,11,47,4,62,0,13,66,4,83,84,0,84,167
05/31/2015,ESN,MD,AEA,EN,Federal Contract Tower,0,4,12,0,16,0,9,32,7,48,0,13,44,7,64,76,2,78,142
06/01/2015,ESN,MD,AEA,EN,Federal Contract Tower,0,9,7,1,17,0,4,32,129,165,0,13,39,130,182,66,140,206,388
06/02/2015,ESN,MD,AEA,EN,Federal Contract Tower,0,3,21,2,26,0,0,0,0,0,0,3,21,2,26,0,0,0,26
06/03/2015,ESN,MD,AEA,EN,Federal Contract Tower,0,6,20,1,27,0,0,0,0,0,0,6,20,1,27,8,0,8,35
06/04/2015,ESN,MD,AEA,EN,Federal Contract Tower,0,3,14,5,22,0,0,0,0,0,0,3,14,5,22,0,0,0,22
06/05/2015,ESN,MD,AEA,EN,Federal Contract Tower,0,3,29,0,32,0,8,23,0,31,0,11,52,0,63,18,0,18,81
06/06/2015,ESN,MD,AEA,EN,Federal Contract Tower,0,0,14,0,14,0,7,70,133,210,0,7,84,133,224,84,192,276,500
06/07/2015,ESN,MD,AEA,EN,Federal Contract Tower,0,2,9,0,11,0,14,97,165,276,0,16,106,165,287,54,206,260,547
06/08/2015,ESN,MD,AEA,EN,Federal Contract Tower,0,1,5,0,6,0,4,24,158,186,0,5,29,158,192,20,254,274,466
06/09/2015,ESN,MD,AEA,EN,Federal Contract Tower,0,4,12,0,16,0,0,50,90,140,0,4,62,90,156,30,144,174,330
06/10/2015,ESN,MD,AEA,EN,Federal Contract Tower,0,3,17,0,20,0,6,97,140,243,0,9,114,140,263,114,342,456,719
06/11/2015,ESN,MD,AEA,EN,Federal Contract Tower,0,3,21,0,24,0,2,53,122,177,0,5,74,122,201,48,456,504,705
06/12/2015,ESN,MD,AEA,EN,Federal Contract Tower,0,3,15,0,18,0,6,74,121,201,0,9,89,121,219,134,646,780,999
06/13/2015,ESN,MD,AEA,EN,Federal Contract Tower,0,2,3,0,5,0,0,112,81,193,0,2,115,81,198,140,370,510,708
06/14/2015,ESN,MD,AEA,EN,Federal Contract Tower,0,3,14,0,17,0,0,86,38,124,0,3,100,38,141,96,166,262,403
06/15/2015,ESN,MD,AEA,EN,Federal Contract Tower,0,1,19,0,20,0,4,42,151,197,0,5,61,151,217,62,740,802,1019
06/16/2015,ESN,MD,AEA,EN,Federal Contract Tower,0,2,12,2,16,0,1,38,78,117,0,3,50,80,133,68,504,572,705
06/17/2015,ESN,MD,AEA,EN,Federal Contract Tower,0,2,16,1,19,0,2,79,125,206,0,4,95,126,225,66,552,618,843
06/18/2015,ESN,MD,AEA,EN,Federal Contract Tower,0,4,14,0,18,0,0,24,78,102,0,4,38,78,120,32,244,276,396
06/19/2015,ESN,MD,AEA,EN,Federal Contract Tower,0,3,15,0,18,0,3,80,208,291,0,6,95,208,309,104,692,796,1105
06/20/2015,ESN,MD,AEA,EN,Federal Contract Tower,0,4,21,2,27,0,2,45,50,97,0,6,66,52,124,80,148,228,352
06/21/2015,ESN,MD,AEA,EN,Federal Contract Tower,0,5,16,0,21,0,2,31,3,36,0,7,47,3,57,46,0,46,103
06/22/2015,ESN,MD,AEA,EN,Federal Contract Tower,0,3,11,0,14,0,6,57,59,122,0,9,68,59,136,72,228,300,436
06/23/2015,ESN,MD,AEA,EN,Federal Contract Tower,0,4,11,2,17,0,1,49,18,68,0,5,60,20,85,44,58,102,187
06/24/2015,ESN,MD,AEA,EN,Federal Contract Tower,0,2,15,0,17,0,7,71,14,92,0,9,86,14,109,88,30,118,227
06/25/2015,ESN,MD,AEA,EN,Federal Contract Tower,0,3,14,1,18,0,4,74,2,80,0,7,88,3,98,78,2,80,178
06/26/2015,ESN,MD,AEA,EN,Federal Contract Tower,0,5,41,0,46,0,1,14,2,17,0,6,55,2,63,8,8,16,79
06/27/2015,ESN,MD,AEA,EN,Federal Contract Tower,0,3,8,0,11,0,0,1,0,1,0,3,9,0,12,0,0,0,12
06/28/2015,ESN,MD,AEA,EN,Federal Contract Tower,0,3,7,0,10,0,3,61,101,165,0,6,68,101,175,60,170,230,405
06/29/2015,ESN,MD,AEA,EN,Federal Contract Tower,0,2,17,0,19,0,4,79,111,194,0,6,96,111,213,146,218,364,577
06/30/2015,ESN,MD,AEA,EN,Federal Contract Tower,0,0,13,2,15,0,3,24,80,107,0,3,37,82,122,28,156,184,306
07/01/2015,ESN,MD,AEA,EN,Federal Contract Tower,0,5,18,0,23,0,6,74,91,171,0,11,92,91,194,56,116,172,366
07/02/2015,ESN,MD,AEA,EN,Federal Contract Tower,0,5,30,1,36,0,1,10,10,21,0,6,40,11,57,10,8,18,75
07/03/2015,ESN,MD,AEA,EN,Federal Contract Tower,0,6,13,0,19,0,3,56,0,59,0,9,69,0,78,100,0,100,178
07/04/2015,ESN,MD,AEA,EN,Federal Contract Tower,0,2,6,0,8,0,2,12,0,14,0,4,18,0,22,12,0,12,34
07/05/2015,ESN,MD,AEA,EN,Federal Contract Tower,0,4,9,0,13,0,2,72,110,184,0,6,81,110,197,40,264,304,501
07/06/2015,ESN,MD,AEA,EN,Federal Contract Tower,0,6,12,0,18,0,2,29,92,123,0,8,41,92,141,24,182,206,347
07/07/2015,ESN,MD,AEA,EN,Federal Contract Tower,0,3,16,2,21,0,0,94,119,213,0,3,110,121,234,80,380,460,694
07/08/2015,ESN,MD,AEA,EN,Federal Contract Tower,0,7,14,0,21,0,2,24,82,108,0,9,38,82,129,6,504,510,639
07/09/2015,ESN,MD,AEA,EN,Federal Contract Tower,0,4,9,2,15,0,6,74,134,214,0,10,83,136,229,82,632,714,943
07/10/2015,ESN,MD,AEA,EN,Federal Contract Tower,0,2,14,0,16,0,2,100,112,214,0,4,114,112,230,80,464,544,774
07/11/2015,ESN,MD,AEA,EN,Federal Contract Tower,0,0,20,0,20,0,1,67,116,184,0,1,87,116,204,208,396,604,808
07/12/2015,ESN,MD,AEA,EN,Federal Contract Tower,0,3,14,0,17,0,3,72,7,82,0,6,86,7,99,104,2,106,205
07/13/2015,ESN,MD,AEA,EN,Federal Contract Tower,0,3,20,0,23,0,3,46,80,129,0,6,66,80,152,46,496,542,694
07/14/2015,ESN,MD,AEA,EN,Federal Contract Tower,0,0,6,0,6,0,0,18,37,55,0,0,24,37,61,26,194,220,281
07/15/2015,ESN,MD,AEA,EN,Federal Contract Tower,0,0,9,0,9,0,2,36,57,95,0,2,45,57,104,82,284,366,470
07/16/2015,ESN,MD,AEA,EN,Federal Contract Tower,0,2,23,0,25,0,2,88,83,173,0,4,111,83,198,100,296,396,594
07/17/2015,ESN,MD,AEA,EN,Federal Contract Tower,0,2,16,0,18,0,11,67,28,106,0,13,83,28,124,58,76,134,258
07/18/2015,ESN,MD,AEA,EN,Federal Contract Tower,0,8,2,0,10,0,0,32,10,42,0,8,34,10,52,18,48,66,118
07/19/2015,ESN,MD,AEA,EN,Federal Contract Tower,0,2,17,0,19,0,1,47,0,48,0,3,64,0,67,60,0,60,127
07/20/2015,ESN,MD,AEA,EN,Federal Contract Tower,0,1,12,0,13,0,0,64,10,74,0,1,76,10,87,90,34,124,211
07/21/2015,ESN,MD,AEA,EN,Federal Contract Tower,0,5,16,0,21,0,1,43,5,49,0,6,59,5,70,78,22,100,170
07/22/2015,ESN,MD,AEA,EN,Federal Contract Tower,0,0,19,0,19,0,2,87,9,98,0,2,106,9,117,68,10,78,195
07/23/2015,ESN,MD,AEA,EN,Federal Contract Tower,0,4,5,0,9,0,4,87,4,95,0,8,92,4,104,90,38,128,232
07/24/2015,ESN,MD,AEA,EN,Federal Contract Tower,0,4,24,1,29,0,2,90,7,99,0,6,114,8,128,102,8,110,238
07/25/2015,ESN,MD,AEA,EN,Federal Contract Tower,0,3,3,0,6,0,5,98,124,227,0,8,101,124,233,88,156,244,477
07/26/2015,ESN,MD,AEA,EN,Federal Contract Tower,0,7,25,0,32,0,8,49,0,57,0,15,74,0,89,42,0,42,131
07/27/2015,ESN,MD,AEA,EN,Federal Contract Tower,0,0,10,0,10,0,0,16,78,94,0,0,26,78,104,10,136,146,250
07/28/2015,ESN,MD,AEA,EN,Federal Contract Tower,0,5,8,2,15,0,0,29,125,154,0,5,37,127,169,28,288,316,485
07/29/2015,ESN,MD,AEA,EN,Federal Contract Tower,0,0,19,0,19,0,1,51,98,150,0,1,70,98,169,66,236,302,471
07/30/2015,ESN,MD,AEA,EN,Federal Contract Tower,0,2,5,0,7,0,3,46,111,160,0,5,51,111,167,74,276,350,517
07/31/2015,ESN,MD,AEA,EN,Federal Contract Tower,0,1,15,1,17,0,10,82,122,214,0,11,97,123,231,134,372,506,737
08/01/2015,ESN,MD,AEA,EN,Federal Contract Tower,0,1,11,0,12,0,3,88,106,197,0,4,99,106,209,96,440,536,745
08/02/2015,ESN,MD,AEA,EN,Federal Contract Tower,0,0,3,8,11,0,1,82,7,90,0,1,85,15,101,82,4,86,187
08/03/2015,ESN,MD,AEA,EN,Federal Contract Tower,0,5,13,0,18,0,14,43,139,196,0,19,56,139,214,126,898,1024,1238
08/04/2015,ESN,MD,AEA,EN,Federal Contract Tower,0,1,10,2,13,0,4,42,98,144,0,5,52,100,157,64,962,1026,1183
08/05/2015,ESN,MD,AEA,EN,Federal Contract Tower,0,5,8,0,13,0,6,73,119,198,0,11,81,119,211,54,690,744,955
08/06/2015,ESN,MD,AEA,EN,Federal Contract Tower,0,2,12,2,16,0,2,64,119,185,0,4,76,121,201,64,596,660,861
08/07/2015,ESN,MD,AEA,EN,Federal Contract Tower,0,4,8,0,12,0,2,47,2,51,0,6,55,2,63,112,0,112,175
08/08/2015,ESN,MD,AEA,EN,Federal Contract Tower,0,3,11,0,14,0,2,74,104,180,0,5,85,104,194,86,416,502,696
08/09/2015,ESN,MD,AEA,EN,Federal Contract Tower,0,3,13,0,16,0,2,68,33,103,0,5,81,33,119,48,120,168,287
08/10/2015,ESN,MD,AEA,EN,Federal Contract Tower,0,5,17,4,26,0,2,9,108,119,0,7,26,112,145,24,486,510,655
08/11/2015,ESN,MD,AEA,EN,Federal Contract Tower,0,1,8,4,13,0,1,8,29,38,0,2,16,33,51,8,180,188,239
08/12/2015,ESN,MD,AEA,EN,Federal Contract Tower,0,8,10,0,18,0,3,52,60,115,0,11,62,60,133,94,246,340,473
08/13/2015,ESN,MD,AEA,EN,Federal Contract Tower,0,3,17,2,22,0,2,73,29,104,0,5,90,31,126,50,162,212,338
08/14/2015,ESN,MD,AEA,EN,Federal Contract Tower,0,4,18,0,22,0,10,104,17,131,0,14,122,17,153,246,48,294,447
08/15/2015,ESN,MD,AEA,EN,Federal Contract Tower,0,6,9,0,15,0,5,108,7,120,0,11,117,7,135,134,10,144,279
08/16/2015,ESN,MD,AEA,EN,Federal Contract Tower,0,2,25,0,27,0,5,69,6,80,0,7,94,6,107,92,0,92,199
08/17/2015,ESN,MD,AEA,EN,Federal Contract Tower,0,3,10,0,13,0,2,71,8,81,0,5,81,8,94,146,86,232,326
08/18/2015,ESN,MD,AEA,EN,Federal Contract Tower,0,1,12,0,13,0,4,57,4,65,0,5,69,4,78,62,6,68,146
08/19/2015,ESN,MD,AEA,EN,Federal Contract Tower,0,1,11,0,12,0,1,24,2,27,0,2,35,2,39,4,26,30,69
08/20/2015,ESN,MD,AEA,EN,Federal Contract Tower,0,2,5,1,8,0,1,3,1,5,0,3,8,2,13,2,46,48,61
08/21/2015,ESN,MD,AEA,EN,Federal Contract Tower,0,3,15,0,18,0,4,81,2,87,0,7,96,2,105,180,0,180,285
08/22/2015,ESN,MD,AEA,EN,Federal Contract Tower,0,3,17,0,20,0,4,114,2,120,0,7,131,2,140,92,0,92,232
08/23/2015,ESN,MD,AEA,EN,Federal Contract Tower,0,5,5,0,10,0,3,120,3,126,0,8,125,3,136,140,22,162,298
08/24/2015,ESN,MD,AEA,EN,Federal Contract Tower,0,2,11,0,13,0,1,59,2,62,0,3,70,2,75,62,0,62,137
08/25/2015,ESN,MD,AEA,EN,Federal Contract Tower,0,2,13,0,15,0,7,69,0,76,0,9,82,0,91,94,2,96,187
08/26/2015,ESN,MD,AEA,EN,Federal Contract Tower,0,6,20,0,26,0,4,78,6,88,0,10,98,6,114,70,24,94,208
08/27/2015,ESN,MD,AEA,EN,Federal Contract Tower,0,4,12,2,18,0,4,104,2,110,0,8,116,4,128,112,40,152,280
08/28/2015,ESN,MD,AEA,EN,Federal Contract Tower,0,6,14,0,20,0,6,90,4,100,0,12,104,4,120,124,0,124,244
08/29/2015,ESN,MD,AEA,EN,Federal Contract Tower,0,3,15,0,18,0,10,104,2,116,0,13,119,2,134,166,0,166,300
08/30/2015,ESN,MD,AEA,EN,Federal Contract Tower,0,5,16,0,21,0,1,62,0,63,0,6,78,0,84,60,0,60,144
08/31/2015,ESN,MD,AEA,EN,Federal Contract Tower,0,5,12,0,17,0,2,54,2,58,0,7,66,2,75,96,14,110,185
09/01/2015,ESN,MD,AEA,EN,Federal Contract Tower,0,2,3,0,5,0,3,36,5,44,0,5,39,5,49,68,18,86,135
09/02/2015,ESN,MD,AEA,EN,Federal Contract Tower,0,0,10,0,10,0,6,56,0,62,0,6,66,0,72,86,0,86,158
09/03/2015,ESN,MD,AEA,EN,Federal Contract Tower,0,2,5,0,7,0,2,58,4,64,0,4,63,4,71,110,16,126,197
09/04/2015,ESN,MD,AEA,EN,Federal Contract Tower,0,0,21,0,21,0,0,38,0,38,0,0,59,0,59,52,4,56,115
09/05/2015,ESN,MD,AEA,EN,Federal Contract Tower,0,2,17,0,19,0,2,81,0,83,0,4,98,0,102,72,0,72,174
09/06/2015,ESN,MD,AEA,EN,Federal Contract Tower,0,5,10,0,15,0,1,84,0,85,0,6,94,0,100,124,0,124,224
09/07/2015,ESN,MD,AEA,EN,Federal Contract Tower,0,5,14,0,19,0,5,66,0,71,0,10,80,0,90,100,0,100,190
09/08/2015,ESN,MD,AEA,EN,Federal Contract Tower,0,2,3,0,5,0,2,27,4,33,0,4,30,4,38,92,12,104,142
09/09/2015,ESN,MD,AEA,EN,Federal Contract Tower,0,10,8,1,19,0,0,31,8,39,0,10,39,9,58,62,28,90,148
09/10/2015,ESN,MD,AEA,EN,Federal Contract Tower,0,0,12,0,12,0,1,3,0,4,0,1,15,0,16,0,0,0,16
09/11/2015,ESN,MD,AEA,EN,Federal Contract Tower,0,9,17,0,26,0,8,56,0,64,0,17,73,0,90,108,0,108,198
09/12/2015,ESN,MD,AEA,EN,Federal Contract Tower,0,8,8,0,16,0,0,4,0,4,0,8,12,0,20,8,0,8,28
09/13/2015,ESN,MD,AEA,EN,Federal Contract Tower,0,7,11,0,18,0,7,46,0,53,0,14,57,0,71,54,0,54,125
09/14/2015,ESN,MD,AEA,EN,Federal Contract Tower,0,3,16,0,19,0,4,63,0,67,0,7,79,0,86,116,4,120,206
09/15/2015,ESN,MD,AEA,EN,Federal Contract Tower,0,2,11,0,13,0,10,76,0,86,0,12,87,0,99,70,4,74,173
09/16/2015,ESN,MD,AEA,EN,Federal Contract Tower,0,0,16,0,16,0,2,67,8,77,0,2,83,8,93,54,2,56,149
09/17/2015,ESN,MD,AEA,EN,Federal Contract Tower,0,4,26,0,30,0,6,61,0,67,0,10,87,0,97,124,2,126,223
09/18/2015,ESN,MD,AEA,EN,Federal Contract Tower,0,2,17,0,19,0,4,62,1,67,0,6,79,1,86,128,36,164,250
09/19/2015,ESN,MD,AEA,EN,Federal Contract Tower,0,5,7,0,12,0,7,67,0,74,0,12,74,0,86,62,0,62,148
09/20/2015,ESN,MD,AEA,EN,Federal Contract Tower,0,5,19,0,24,0,3,24,2,29,0,8,43,2,53,60,0,60,113
09/21/2015,ESN,MD,AEA,EN,Federal Contract Tower,0,4,15,6,25,0,3,18,3,24,0,7,33,9,49,8,0,8,57
09/22/2015,ESN,MD,AEA,EN,Federal Contract Tower,0,4,7,0,11,0,2,37,0,39,0,6,44,0,50,100,0,100,150
09/23/2015,ESN,MD,AEA,EN,Federal Contract Tower,0,0,12,3,15,0,2,50,4,56,0,2,62,7,71,130,24,154,225
09/24/2015,ESN,MD,AEA,EN,Federal Contract Tower,0,0,7,0,7,0,4,66,0,70,0,4,73,0,77,168,18,186,263
09/25/2015,ESN,MD,AEA,EN,Federal Contract Tower,0,4,28,0,32,0,4,63,0,67,0,8,91,0,99,100,0,100,199
09/26/2015,ESN,MD,AEA,EN,Federal Contract Tower,0,2,7,0,9,0,4,124,0,128,0,6,131,0,137,218,0,218,355
09/27/2015,ESN,MD,AEA,EN,Federal Contract Tower,0,4,12,0,16,0,2,27,0,29,0,6,39,0,45,44,0,44,89
09/28/2015,ESN,MD,AEA,EN,Federal Contract Tower,0,1,9,0,10,0,4,4,0,8,0,5,13,0,18,20,6,26,44
09/29/2015,ESN,MD,AEA,EN,Federal Contract Tower,0,3,5,2,10,0,0,39,2,41,0,3,44,4,51,26,18,44,95
09/30/2015,ESN,MD,AEA,EN,Federal Contract Tower,0,5,30,0,35,0,0,0,0,0,0,5,30,0,35,0,0,0,35
10/01/2015,ESN,MD,AEA,EN,Federal Contract Tower,0,2,21,0,23,0,0,0,0,0,0,2,21,0,23,0,0,0,23
10/02/2015,ESN,MD,AEA,EN,Federal Contract Tower,0,2,8,0,10,0,0,0,0,0,0,2,8,0,10,0,0,0,10
10/03/2015,ESN,MD,AEA,EN,Federal Contract Tower,0,0,2,0,2,0,0,0,0,0,0,0,2,0,2,0,0,0,2
10/04/2015,ESN,MD,AEA,EN,Federal Contract Tower,0,1,13,0,14,0,0,2,0,2,0,1,15,0,16,0,0,0,16
10/05/2015,ESN,MD,AEA,EN,Federal Contract Tower,0,1,14,0,15,0,2,29,0,31,0,3,43,0,46,96,2,98,144
10/06/2015,ESN,MD,AEA,EN,Federal Contract Tower,0,0,7,0,7,0,4,97,3,104,0,4,104,3,111,228,2,230,341
10/07/2015,ESN,MD,AEA,EN,Federal Contract Tower,0,2,7,0,9,0,0,62,6,68,0,2,69,6,77,108,24,132,209
10/08/2015,ESN,MD,AEA,EN,Federal Contract Tower,0,4,18,1,23,0,2,59,4,65,0,6,77,5,88,58,0,58,146
10/10/2015,ESN,MD,AEA,EN,Federal Contract Tower,0,3,9,0,12,0,10,83,1,94,0,13,92,1,106,104,0,104,210
10/11/2015,ESN,MD,AEA,EN,Federal Contract Tower,0,4,7,0,11,0,3,72,3,78,0,7,79,3,89,98,2,100,189
10/12/2015,ESN,MD,AEA,EN,Federal Contract Tower,0,4,19,0,23,0,8,105,3,116,0,12,124,3,139,240,2,242,381
10/13/2015,ESN,MD,AEA,EN,Federal Contract Tower,0,2,10,0,12,0,3,47,4,54,0,5,57,4,66,160,38,198,264
10/14/2015,ESN,MD,AEA,EN,Federal Contract Tower,0,7,18,0,25,0,8,50,2,60,0,15,68,2,85,72,0,72,157
10/15/2015,ESN,MD,AEA,EN,Federal Contract Tower,0,5,20,0,25,0,2,75,0,77,0,7,95,0,102,72,0,72,174
10/16/2015,ESN,MD,AEA,EN,Federal Contract Tower,0,1,17,0,18,0,8,32,0,40,0,9,49,0,58,86,0,86,144
10/17/2015,ESN,MD,AEA,EN,Federal Contract Tower,0,0,9,0,9,0,4,45,0,49,0,4,54,0,58,116,0,116,174
10/18/2015,ESN,MD,AEA,EN,Federal Contract Tower,0,5,13,0,18,0,3,47,0,50,0,8,60,0,68,92,0,92,160
10/19/2015,ESN,MD,AEA,EN,Federal Contract Tower,0,5,15,0,20,0,3,83,0,86,0,8,98,0,106,118,0,118,224
10/20/2015,ESN,MD,AEA,EN,Federal Contract Tower,0,0,8,0,8,0,5,68,0,73,0,5,76,0,81,126,10,136,217
10/21/2015,ESN,MD,AEA,EN,Federal Contract Tower,0,6,7,0,13,0,1,86,2,89,0,7,93,2,102,118,0,118,220
10/22/2015,ESN,MD,AEA,EN,Federal Contract Tower,0,3,21,2,26,0,9,94,4,107,0,12,115,6,133,148,4,152,285
10/23/2015,ESN,MD,AEA,EN,Federal Contract Tower,0,3,16,1,20,0,5,71,8,84,0,8,87,9,104,112,10,122,226
10/24/2015,ESN,MD,AEA,EN,Federal Contract Tower,0,0,12,1,13,0,0,102,4,106,0,0,114,5,119,166,0,166,285
10/25/2015,ESN,MD,AEA,EN,Federal Contract Tower,0,2,22,0,24,0,4,35,6,45,0,6,57,6,69,50,0,50,119
10/26/2015,ESN,MD,AEA,EN,Federal Contract Tower,0,3,14,2,19,0,3,38,2,43,0,6,52,4,62,70,2,72,134
10/27/2015,ESN,MD,AEA,EN,Federal Contract Tower,0,0,13,0,13,0,5,59,0,64,0,5,72,0,77,88,0,88,165
10/28/2015,ESN,MD,AEA,EN,Federal Contract Tower,0,0,10,0,10,0,0,0,0,0,0,0,10,0,10,0,0,0,10
10/29/2015,ESN,MD,AEA,EN,Federal Contract Tower,0,0,14,0,14,0,0,63,2,65,0,0,77,2,79,48,2,50,129
10/30/2015,ESN,MD,AEA,EN,Federal Contract Tower,0,7,9,0,16,0,13,80,2,95,0,20,89,2,111,184,2,186,297
10/31/2015,ESN,MD,AEA,EN,Federal Contract Tower,0,2,4,0,6,0,4,70,2,76,0,6,74,2,82,124,0,124,206
11/01/2015,ESN,MD,AEA,EN,Federal Contract Tower,0,0,11,0,11,0,0,45,0,45,0,0,56,0,56,66,0,66,122
11/02/2015,ESN,MD,AEA,EN,Federal Contract Tower,0,2,1,0,3,0,5,69,4,78,0,7,70,4,81,186,10,196,277
11/03/2015,ESN,MD,AEA,EN,Federal Contract Tower,0,2,12,0,14,0,6,75,0,81,0,8,87,0,95,122,0,122,217
11/04/2015,ESN,MD,AEA,EN,Federal Contract Tower,0,1,8,2,11,0,2,74,5,81,0,3,82,7,92,136,2,138,230
11/05/2015,ESN,MD,AEA,EN,Federal Contract Tower,0,6,13,6,25,0,0,2,0,2,0,6,15,6,27,8,0,8,35
11/06/2015,ESN,MD,AEA,EN,Federal Contract Tower,0,3,21,0,24,0,4,29,0,33,0,7,50,0,57,72,0,72,129
11/07/2015,ESN,MD,AEA,EN,Federal Contract Tower,0,1,15,2,18,0,0,18,0,18,0,1,33,2,36,32,0,32,68
11/08/2015,ESN,MD,AEA,EN,Federal Contract Tower,0,2,12,0,14,0,2,78,2,82,0,4,90,2,96,106,0,106,202
11/09/2015,ESN,MD,AEA,EN,Federal Contract Tower,0,5,20,0,25,0,12,57,1,70,0,17,77,1,95,136,32,168,263
11/10/2015,ESN,MD,AEA,EN,Federal Contract Tower,0,1,12,7,20,0,0,0,0,0,0,1,12,7,20,0,0,0,20
11/11/2015,ESN,MD,AEA,EN,Federal Contract Tower,0,4,7,0,11,0,3,50,0,53,0,7,57,0,64,138,0,138,202
11/12/2015,ESN,MD,AEA,EN,Federal Contract Tower,0,2,19,0,21,0,0,14,7,21,0,2,33,7,42,36,18,54,96
11/13/2015,ESN,MD,AEA,EN,Federal Contract Tower,0,3,5,0,8,0,0,13,2,15,0,3,18,2,23,20,2,22,45
11/14/2015,ESN,MD,AEA,EN,Federal Contract Tower,0,2,9,0,11,0,2,68,0,70,0,4,77,0,81,142,0,142,223
11/15/2015,ESN,MD,AEA,EN,Federal Contract Tower,0,1,18,0,19,0,4,67,0,71,0,5,85,0,90,130,0,130,220
11/16/2015,ESN,MD,AEA,EN,Federal Contract Tower,0,2,9,0,11,0,0,85,2,87,0,2,94,2,98,160,44,204,302
11/17/2015,ESN,MD,AEA,EN,Federal Contract Tower,0,3,17,0,20,0,5,76,8,89,0,8,93,8,109,70,50,120,229
11/18/2015,ESN,MD,AEA,EN,Federal Contract Tower,0,4,14,2,20,0,1,37,2,40,0,5,51,4,60,62,16,78,138
11/19/2015,ESN,MD,AEA,EN,Federal Contract Tower,0,3,6,2,11,0,0,0,0,0,0,3,6,2,11,0,0,0,11
11/20/2015,ESN,MD,AEA,EN,Federal Contract Tower,0,2,14,0,16,0,0,42,0,42,0,2,56,0,58,94,0,94,152
11/21/2015,ESN,MD,AEA,EN,Federal Contract Tower,0,2,17,0,19,0,0,114,1,115,0,2,131,1,134,160,0,160,294
11/22/2015,ESN,MD,AEA,EN,Federal Contract Tower,0,3,9,0,12,0,2,27,2,31,0,5,36,2,43,48,0,48,91
11/23/2015,ESN,MD,AEA,EN,Federal Contract Tower,0,3,13,0,16,0,0,38,4,42,0,3,51,4,58,10,8,18,76
11/24/2015,ESN,MD,AEA,EN,Federal Contract Tower,0,4,14,2,20,0,1,66,4,71,0,5,80,6,91,110,54,164,255
11/25/2015,ESN,MD,AEA,EN,Federal Contract Tower,0,4,14,1,19,0,2,91,3,96,0,6,105,4,115,114,6,120,235
11/26/2015,ESN,MD,AEA,EN,Federal Contract Tower,0,0,1,0,1,0,1,16,0,17,0,1,17,0,18,8,0,8,26
11/27/2015,ESN,MD,AEA,EN,Federal Contract Tower,0,4,15,0,19,0,2,47,2,51,0,6,62,2,70,100,0,100,170
11/28/2015,ESN,MD,AEA,EN,Federal Contract Tower,0,3,17,0,20,0,0,46,0,46,0,3,63,0,66,58,0,58,124
11/29/2015,ESN,MD,AEA,EN,Federal Contract Tower,0,7,31,0,38,0,0,5,0,5,0,7,36,0,43,4,0,4,47
11/30/2015,ESN,MD,AEA,EN,Federal Contract Tower,0,2,18,0,20,0,0,4,0,4,0,2,22,0,24,6,0,6,30
12/01/2015,ESN,MD,AEA,EN,Federal Contract Tower,0,1,8,0,9,0,0,0,0,0,0,1,8,0,9,0,0,0,9
12/02/2015,ESN,MD,AEA,EN,Federal Contract Tower,0,0,11,0,11,0,0,0,0,0,0,0,11,0,11,0,0,0,11
12/03/2015,ESN,MD,AEA,EN,Federal Contract Tower,0,4,9,0,13,0,0,15,6,21,0,4,24,6,34,6,4,10,44
12/04/2015,ESN,MD,AEA,EN,Federal Contract Tower,0,0,17,0,17,0,6,78,0,84,0,6,95,0,101,170,4,174,275
12/05/2015,ESN,MD,AEA,EN,Federal Contract Tower,0,2,5,0,7,0,0,61,4,65,0,2,66,4,72,76,0,76,148
12/06/2015,ESN,MD,AEA,EN,Federal Contract Tower,0,0,30,0,30,0,0,109,2,111,0,0,139,2,141,84,0,84,225
12/07/2015,ESN,MD,AEA,EN,Federal Contract Tower,0,2,8,0,10,0,3,30,6,39,0,5,38,6,49,32,0,32,81
12/08/2015,ESN,MD,AEA,EN,Federal Contract Tower,0,0,7,0,7,0,1,73,2,76,0,1,80,2,83,176,8,184,267
12/09/2015,ESN,MD,AEA,EN,Federal Contract Tower,0,4,16,0,20,0,4,38,6,48,0,8,54,6,68,106,0,106,174
12/10/2015,ESN,MD,AEA,EN,Federal Contract Tower,0,2,12,0,14,0,0,72,2,74,0,2,84,2,88,92,6,98,186
12/11/2015,ESN,MD,AEA,EN,Federal Contract Tower,0,10,15,0,25,0,4,62,0,66,0,14,77,0,91,140,0,140,231
12/12/2015,ESN,MD,AEA,EN,Federal Contract Tower,0,2,10,0,12,0,3,116,0,119,0,5,126,0,131,116,0,116,247
12/13/2015,ESN,MD,AEA,EN,Federal Contract Tower,0,0,24,0,24,0,6,65,0,71,0,6,89,0,95,104,0,104,199
12/14/2015,ESN,MD,AEA,EN,Federal Contract Tower,0,1,19,0,20,0,4,18,0,22,0,5,37,0,42,24,20,44,86
12/15/2015,ESN,MD,AEA,EN,Federal Contract Tower,0,1,3,0,4,0,6,28,0,34,0,7,31,0,38,16,0,16,54
12/16/2015,ESN,MD,AEA,EN,Federal Contract Tower,0,4,11,0,15,0,12,96,22,130,0,16,107,22,145,124,54,178,323
12/17/2015,ESN,MD,AEA,EN,Federal Contract Tower,0,1,7,0,8,0,0,0,0,0,0,1,7,0,8,0,0,0,8
12/18/2015,ESN,MD,AEA,EN,Federal Contract Tower,0,3,11,2,16,0,4,33,0,37,0,7,44,2,53,74,2,76,129
12/19/2015,ESN,MD,AEA,EN,Federal Contract Tower,0,1,3,0,4,0,0,34,0,34,0,1,37,0,38,64,0,64,102
12/20/2015,ESN,MD,AEA,EN,Federal Contract Tower,0,11,10,0,21,0,1,139,2,142,0,12,149,2,163,140,0,140,303
12/21/2015,ESN,MD,AEA,EN,Federal Contract Tower,0,2,14,2,18,0,0,47,2,49,0,2,61,4,67,46,0,46,113
12/22/2015,ESN,MD,AEA,EN,Federal Contract Tower,0,1,32,0,33,0,1,4,0,5,0,2,36,0,38,6,0,6,44
12/23/2015,ESN,MD,AEA,EN,Federal Contract Tower,0,1,11,0,12,0,0,0,0,0,0,1,11,0,12,0,0,0,12
12/24/2015,ESN,MD,AEA,EN,Federal Contract Tower,0,0,5,0,5,0,4,0,0,4,0,4,5,0,9,0,0,0,9
12/25/2015,ESN,MD,AEA,EN,Federal Contract Tower,0,0,1,0,1,0,0,1,0,1,0,0,2,0,2,0,0,0,2
12/26/2015,ESN,MD,AEA,EN,Federal Contract Tower,0,1,19,0,20,0,7,7,0,14,0,8,26,0,34,6,0,6,40
12/27/2015,ESN,MD,AEA,EN,Federal Contract Tower,0,3,7,0,10,0,0,6,0,6,0,3,13,0,16,14,0,14,30
12/28/2015,ESN,MD,AEA,EN,Federal Contract Tower,0,6,10,2,18,0,9,21,0,30,0,15,31,2,48,46,0,46,94
12/29/2015,ESN,MD,AEA,EN,Federal Contract Tower,0,3,13,0,16,0,0,2,0,2,0,3,15,0,18,0,0,0,18
12/30/2015,ESN,MD,AEA,EN,Federal Contract Tower,0,15,4,0,19,0,0,0,3,3,0,15,4,3,22,0,0,0,22
12/31/2015,ESN,MD,AEA,EN,Federal Contract Tower,0,0,8,0,8,0,1,50,0,51,0,1,58,0,59,100,0,100,159
01/01/2016,ESN,MD,AEA,EN,Federal Contract Tower,0,0,6,0,6,0,4,55,2,61,0,4,61,2,67,128,0,128,195
01/02/2016,ESN,MD,AEA,EN,Federal Contract Tower,0,4,9,0,13,0,6,85,0,91,0,10,94,0,104,238,0,238,342
01/03/2016,ESN,MD,AEA,EN,Federal Contract Tower,0,4,11,0,15,0,3,105,2,110,0,7,116,2,125,134,0,134,259
01/04/2016,ESN,MD,AEA,EN,Federal Contract Tower,0,5,2,0,7,0,10,11,0,21,0,15,13,0,28,26,0,26,54
01/05/2016,ESN,MD,AEA,EN,Federal Contract Tower,0,0,8,0,8,0,0,35,0,35,0,0,43,0,43,94,4,98,141
01/06/2016,ESN,MD,AEA,EN,Federal Contract Tower,0,3,6,0,9,0,0,69,6,75,0,3,75,6,84,140,4,144,228
01/07/2016,ESN,MD,AEA,EN,Federal Contract Tower,0,2,12,0,14,0,1,31,0,32,0,3,43,0,46,26,0,26,72
01/08/2016,ESN,MD,AEA,EN,Federal Contract Tower,0,1,13,2,16,0,6,2,0,8,0,7,15,2,24,0,0,0,24
01/09/2016,ESN,MD,AEA,EN,Federal Contract Tower,0,0,7,0,7,0,4,32,0,36,0,4,39,0,43,42,0,42,85
01/10/2016,ESN,MD,AEA,EN,Federal Contract Tower,0,2,13,0,15,0,0,13,0,13,0,2,26,0,28,16,0,16,44
01/11/2016,ESN,MD,AEA,EN,Federal Contract Tower,0,1,11,0,12,0,0,41,2,43,0,1,52,2,55,64,30,94,149
01/12/2016,ESN,MD,AEA,EN,Federal Contract Tower,0,0,6,0,6,0,0,26,2,28,0,0,32,2,34,50,0,50,84
01/13/2016,ESN,MD,AEA,EN,Federal Contract Tower,0,6,3,1,10,0,0,28,1,29,0,6,31,2,39,38,0,38,77
01/14/2016,ESN,MD,AEA,EN,Federal Contract Tower,0,1,13,0,14,0,0,68,3,71,0,1,81,3,85,82,14,96,181
01/16/2016,ESN,MD,AEA,EN,Federal Contract Tower,0,1,8,0,9,0,0,47,0,47,0,1,55,0,56,116,0,116,172
01/17/2016,ESN,MD,AEA,EN,Federal Contract Tower,0,0,7,0,7,0,0,2,0,2,0,0,9,0,9,0,0,0,9
01/18/2016,ESN,MD,AEA,EN,Federal Contract Tower,0,1,10,0,11,0,6,18,2,26,0,7,28,2,37,32,0,32,69
01/19/2016,ESN,MD,AEA,EN,Federal Contract Tower,0,0,5,0,5,0,6,11,0,17,0,6,16,0,22,4,20,24,46
01/20/2016,ESN,MD,AEA,EN,Federal Contract Tower,0,2,8,0,10,0,1,47,2,50,0,3,55,2,60,24,4,28,88
01/21/2016,ESN,MD,AEA,EN,Federal Contract Tower,0,6,11,2,19,0,5,42,5,52,0,11,53,7,71,66,0,66,137
01/22/2016,ESN,MD,AEA,EN,Federal Contract Tower,0,2,3,0,5,0,0,16,0,16,0,2,19,0,21,62,0,62,83
01/23/2016,ESN,MD,AEA,EN,Federal Contract Tower,0,0,0,0,0,0,0,0,0,0,0,0,0,0,0,0,0,0,0
01/24/2016,ESN,MD,AEA,EN,Federal Contract Tower,0,0,6,0,6,0,0,3,0,3,0,0,9,0,9,0,0,0,9
01/25/2016,ESN,MD,AEA,EN,Federal Contract Tower,0,0,3,0,3,0,3,16,0,19,0,3,19,0,22,8,0,8,30
01/26/2016,ESN,MD,AEA,EN,Federal Contract Tower,0,0,7,0,7,0,1,31,6,38,0,1,38,6,45,0,0,0,45
01/27/2016,ESN,MD,AEA,EN,Federal Contract Tower,0,5,1,0,6,0,6,57,0,63,0,11,58,0,69,80,0,80,149
01/28/2016,ESN,MD,AEA,EN,Federal Contract Tower,0,5,19,0,24,0,1,52,0,53,0,6,71,0,77,80,48,128,205
01/29/2016,ESN,MD,AEA,EN,Federal Contract Tower,0,4,8,0,12,0,0,43,0,43,0,4,51,0,55,52,0,52,107
01/30/2016,ESN,MD,AEA,EN,Federal Contract Tower,0,1,5,0,6,0,1,97,6,104,0,2,102,6,110,168,0,168,278
01/31/2016,ESN,MD,AEA,EN,Federal Contract Tower,0,0,14,0,14,0,0,101,0,101,0,0,115,0,115,212,0,212,327
02/01/2016,ESN,MD,AEA,EN,Federal Contract Tower,0,0,3,0,3,0,2,60,0,62,0,2,63,0,65,72,10,82,147
02/02/2016,ESN,MD,AEA,EN,Federal Contract Tower,0,1,11,2,14,0,2,59,9,70,0,3,70,11,84,94,4,98,182
02/03/2016,ESN,MD,AEA,EN,Federal Contract Tower,0,0,5,0,5,0,0,5,0,5,0,0,10,0,10,20,0,20,30
02/04/2016,ESN,MD,AEA,EN,Federal Contract Tower,0,4,7,0,11,0,3,36,6,45,0,7,43,6,56,46,0,46,102
02/05/2016,ESN,MD,AEA,EN,Federal Contract Tower,0,1,6,0,7,0,4,10,0,14,0,5,16,0,21,22,0,22,43
02/06/2016,ESN,MD,AEA,EN,Federal Contract Tower,0,3,5,0,8,0,2,95,2,99,0,5,100,2,107,106,2,108,215
02/07/2016,ESN,MD,AEA,EN,Federal Contract Tower,0,4,11,0,15,0,4,97,2,103,0,8,108,2,118,146,4,150,268
02/08/2016,ESN,MD,AEA,EN,Federal Contract Tower,0,1,13,0,14,0,9,34,0,43,0,10,47,0,57,110,2,112,169
02/09/2016,ESN,MD,AEA,EN,Federal Contract Tower,0,2,5,0,7,0,0,0,0,0,0,2,5,0,7,0,0,0,7
02/10/2016,ESN,MD,AEA,EN,Federal Contract Tower,0,7,6,1,14,0,2,27,1,30,0,9,33,2,44,14,0,14,58
02/11/2016,ESN,MD,AEA,EN,Federal Contract Tower,0,1,6,0,7,0,0,14,2,16,0,1,20,2,23,14,6,20,43
02/12/2016,ESN,MD,AEA,EN,Federal Contract Tower,0,5,17,0,22,0,2,50,0,52,0,7,67,0,74,44,0,44,118
02/13/2016,ESN,MD,AEA,EN,Federal Contract Tower,0,2,3,0,5,0,0,0,0,0,0,2,3,0,5,0,0,0,5
02/14/2016,ESN,MD,AEA,EN,Federal Contract Tower,0,3,16,0,19,0,2,41,4,47,0,5,57,4,66,32,6,38,104
02/15/2016,ESN,MD,AEA,EN,Federal Contract Tower,0,0,2,0,2,0,0,0,0,0,0,0,2,0,2,0,0,0,2
02/16/2016,ESN,MD,AEA,EN,Federal Contract Tower,0,0,13,0,13,0,2,2,3,7,0,2,15,3,20,8,14,22,42
02/17/2016,ESN,MD,AEA,EN,Federal Contract Tower,0,0,6,0,6,0,0,63,4,67,0,0,69,4,73,118,14,132,205
02/18/2016,ESN,MD,AEA,EN,Federal Contract Tower,0,2,17,0,19,0,12,94,2,108,0,14,111,2,127,56,8,64,191
02/19/2016,ESN,MD,AEA,EN,Federal Contract Tower,0,6,21,0,27,0,4,90,2,96,0,10,111,2,123,188,6,194,317
02/20/2016,ESN,MD,AEA,EN,Federal Contract Tower,0,1,13,1,15,0,1,114,0,115,0,2,127,1,130,194,0,194,324
02/21/2016,ESN,MD,AEA,EN,Federal Contract Tower,0,1,14,1,16,0,0,37,4,41,0,1,51,5,57,114,6,120,177
02/22/2016,ESN,MD,AEA,EN,Federal Contract Tower,0,2,14,0,16,0,0,74,0,74,0,2,88,0,90,80,0,80,170
02/23/2016,ESN,MD,AEA,EN,Federal Contract Tower,0,0,8,0,8,0,0,0,0,0,0,0,8,0,8,0,0,0,8
02/24/2016,ESN,MD,AEA,EN,Federal Contract Tower,0,0,5,0,5,0,0,0,0,0,0,0,5,0,5,0,0,0,5
02/25/2016,ESN,MD,AEA,EN,Federal Contract Tower,0,2,7,0,9,0,0,9,0,9,0,2,16,0,18,0,0,0,18
02/26/2016,ESN,MD,AEA,EN,Federal Contract Tower,0,1,5,0,6,0,3,28,4,35,0,4,33,4,41,36,14,50,91
02/27/2016,ESN,MD,AEA,EN,Federal Contract Tower,0,2,11,0,13,0,0,104,0,104,0,2,115,0,117,44,0,44,161
02/28/2016,ESN,MD,AEA,EN,Federal Contract Tower,0,0,10,0,10,0,0,135,0,135,0,0,145,0,145,152,0,152,297
02/29/2016,ESN,MD,AEA,EN,Federal Contract Tower,0,0,3,0,3,0,0,45,0,45,0,0,48,0,48,38,0,38,86
03/01/2016,ESN,MD,AEA,EN,Federal Contract Tower,0,2,3,0,5,0,1,64,0,65,0,3,67,0,70,86,0,86,156
03/02/2016,ESN,MD,AEA,EN,Federal Contract Tower,0,2,5,0,7,0,3,1,4,8,0,5,6,4,15,0,46,46,61
03/03/2016,ESN,MD,AEA,EN,Federal Contract Tower,0,0,12,2,14,0,0,94,8,102,0,0,106,10,116,82,0,82,198
03/04/2016,ESN,MD,AEA,EN,Federal Contract Tower,0,0,3,0,3,0,0,1,2,3,0,0,4,2,6,0,0,0,6
03/05/2016,ESN,MD,AEA,EN,Federal Contract Tower,0,0,10,0,10,0,3,138,0,141,0,3,148,0,151,146,0,146,297
03/06/2016,ESN,MD,AEA,EN,Federal Contract Tower,0,0,11,0,11,0,3,36,2,41,0,3,47,2,52,128,0,128,180
03/07/2016,ESN,MD,AEA,EN,Federal Contract Tower,0,2,16,2,20,0,5,41,12,58,0,7,57,14,78,84,6,90,168
03/08/2016,ESN,MD,AEA,EN,Federal Contract Tower,0,4,9,0,13,0,4,69,1,74,0,8,78,1,87,106,2,108,195
03/09/2016,ESN,MD,AEA,EN,Federal Contract Tower,0,2,12,0,14,0,2,68,15,85,0,4,80,15,99,78,40,118,217
03/10/2016,ESN,MD,AEA,EN,Federal Contract Tower,0,2,15,0,17,0,3,84,0,87,0,5,99,0,104,94,10,104,208
03/11/2016,ESN,MD,AEA,EN,Federal Contract Tower,0,2,24,0,26,0,7,75,0,82,0,9,99,0,108,66,8,74,182
03/12/2016,ESN,MD,AEA,EN,Federal Contract Tower,0,3,10,0,13,0,2,112,0,114,0,5,122,0,127,136,0,136,263
03/13/2016,ESN,MD,AEA,EN,Federal Contract Tower,0,5,24,0,29,0,1,22,0,23,0,6,46,0,52,26,0,26,78
03/14/2016,ESN,MD,AEA,EN,Federal Contract Tower,0,2,5,0,7,0,0,0,0,0,0,2,5,0,7,0,0,0,7
03/15/2016,ESN,MD,AEA,EN,Federal Contract Tower,0,0,27,0,27,0,0,17,0,17,0,0,44,0,44,12,0,12,56
03/16/2016,ESN,MD,AEA,EN,Federal Contract Tower,0,2,8,0,10,0,10,90,9,109,0,12,98,9,119,116,2,118,237
03/17/2016,ESN,MD,AEA,EN,Federal Contract Tower,0,1,14,0,15,0,1,94,11,106,0,2,108,11,121,120,32,152,273
03/18/2016,ESN,MD,AEA,EN,Federal Contract Tower,0,1,9,0,10,0,0,58,5,63,0,1,67,5,73,68,4,72,145
03/19/2016,ESN,MD,AEA,EN,Federal Contract Tower,0,3,16,0,19,0,0,25,1,26,0,3,41,1,45,20,0,20,65
03/20/2016,ESN,MD,AEA,EN,Federal Contract Tower,0,2,11,0,13,0,0,6,0,6,0,2,17,0,19,34,0,34,53
03/21/2016,ESN,MD,AEA,EN,Federal Contract Tower,0,0,6,0,6,0,4,43,2,49,0,4,49,2,55,26,0,26,81
03/22/2016,ESN,MD,AEA,EN,Federal Contract Tower,0,2,12,0,14,0,0,66,4,70,0,2,78,4,84,198,0,198,282
03/23/2016,ESN,MD,AEA,EN,Federal Contract Tower,0,3,16,0,19,0,9,99,2,110,0,12,115,2,129,124,0,124,253
03/24/2016,ESN,MD,AEA,EN,Federal Contract Tower,0,1,12,0,13,0,2,77,0,79,0,3,89,0,92,152,0,152,244
03/25/2016,ESN,MD,AEA,EN,Federal Contract Tower,0,0,12,0,12,0,0,19,0,19,0,0,31,0,31,38,0,38,69
03/26/2016,ESN,MD,AEA,EN,Federal Contract Tower,0,0,10,0,10,0,0,144,2,146,0,0,154,2,156,162,4,166,322
03/27/2016,ESN,MD,AEA,EN,Federal Contract Tower,0,1,21,0,22,0,0,10,0,10,0,1,31,0,32,0,0,0,32
03/28/2016,ESN,MD,AEA,EN,Federal Contract Tower,0,4,7,0,11,0,0,11,0,11,0,4,18,0,22,10,0,10,32
03/29/2016,ESN,MD,AEA,EN,Federal Contract Tower,0,2,10,6,18,0,0,31,2,33,0,2,41,8,51,18,2,20,71
03/30/2016,ESN,MD,AEA,EN,Federal Contract Tower,0,4,6,2,12,0,7,74,1,82,0,11,80,3,94,152,0,152,246
03/31/2016,ESN,MD,AEA,EN,Federal Contract Tower,0,1,6,0,7,0,0,19,0,19,0,1,25,0,26,10,0,10,36
04/01/2016,ESN,MD,AEA,EN,Federal Contract Tower,0,0,3,0,3,0,0,9,0,9,0,0,12,0,12,24,0,24,36
04/02/2016,ESN,MD,AEA,EN,Federal Contract Tower,0,0,25,0,25,0,1,24,2,27,0,1,49,2,52,62,0,62,114
04/03/2016,ESN,MD,AEA,EN,Federal Contract Tower,0,0,9,0,9,0,0,15,0,15,0,0,24,0,24,14,0,14,38
04/04/2016,ESN,MD,AEA,EN,Federal Contract Tower,0,0,3,0,3,0,2,27,0,29,0,2,30,0,32,38,0,38,70
04/05/2016,ESN,MD,AEA,EN,Federal Contract Tower,0,4,10,0,14,0,1,47,0,48,0,5,57,0,62,70,62,132,194
04/06/2016,ESN,MD,AEA,EN,Federal Contract Tower,0,2,13,0,15,0,4,60,3,67,0,6,73,3,82,40,24,64,146
04/07/2016,ESN,MD,AEA,EN,Federal Contract Tower,0,4,14,0,18,0,0,4,4,8,0,4,18,4,26,0,0,0,26
04/08/2016,ESN,MD,AEA,EN,Federal Contract Tower,0,4,19,0,23,0,1,32,0,33,0,5,51,0,56,46,0,46,102
04/09/2016,ESN,MD,AEA,EN,Federal Contract Tower,0,1,8,0,9,0,0,0,0,0,0,1,8,0,9,0,0,0,9
04/10/2016,ESN,MD,AEA,EN,Federal Contract Tower,0,5,18,0,23,0,2,127,0,129,0,7,145,0,152,170,0,170,322
04/11/2016,ESN,MD,AEA,EN,Federal Contract Tower,0,1,9,0,10,0,3,38,2,43,0,4,47,2,53,34,0,34,87
04/12/2016,ESN,MD,AEA,EN,Federal Contract Tower,0,2,15,2,19,0,1,26,2,29,0,3,41,4,48,126,8,134,182
04/13/2016,ESN,MD,AEA,EN,Federal Contract Tower,0,8,15,0,23,0,3,118,2,123,0,11,133,2,146,242,0,242,388
04/14/2016,ESN,MD,AEA,EN,Federal Contract Tower,0,2,16,0,18,0,3,89,7,99,0,5,105,7,117,100,2,102,219
04/15/2016,ESN,MD,AEA,EN,Federal Contract Tower,0,4,18,0,22,0,1,69,2,72,0,5,87,2,94,152,2,154,248
04/16/2016,ESN,MD,AEA,EN,Federal Contract Tower,0,3,15,0,18,0,6,173,0,179,0,9,188,0,197,246,4,250,447
04/17/2016,ESN,MD,AEA,EN,Federal Contract Tower,0,5,13,0,18,0,1,64,0,65,0,6,77,0,83,96,0,96,179
04/18/2016,ESN,MD,AEA,EN,Federal Contract Tower,0,1,14,0,15,0,0,87,0,87,0,1,101,0,102,126,0,126,228
04/19/2016,ESN,MD,AEA,EN,Federal Contract Tower,0,3,15,0,18,0,4,60,4,68,0,7,75,4,86,90,32,122,208
04/20/2016,ESN,MD,AEA,EN,Federal Contract Tower,0,5,21,2,28,0,0,86,6,92,0,5,107,8,120,198,10,208,328
04/21/2016,ESN,MD,AEA,EN,Federal Contract Tower,0,4,9,0,13,0,12,77,3,92,0,16,86,3,105,130,26,156,261
04/22/2016,ESN,MD,AEA,EN,Federal Contract Tower,0,8,20,0,28,0,2,32,0,34,0,10,52,0,62,92,0,92,154
04/23/2016,ESN,MD,AEA,EN,Federal Contract Tower,0,2,26,0,28,0,0,20,0,20,0,2,46,0,48,30,0,30,78
04/24/2016,ESN,MD,AEA,EN,Federal Contract Tower,0,1,15,0,16,0,2,93,0,95,0,3,108,0,111,110,0,110,221
04/25/2016,ESN,MD,AEA,EN,Federal Contract Tower,0,3,5,0,8,0,0,68,0,68,0,3,73,0,76,152,0,152,228
04/26/2016,ESN,MD,AEA,EN,Federal Contract Tower,0,2,9,1,12,0,4,66,1,71,0,6,75,2,83,94,0,94,177
04/27/2016,ESN,MD,AEA,EN,Federal Contract Tower,0,1,15,0,16,0,0,16,0,16,0,1,31,0,32,8,0,8,40
04/28/2016,ESN,MD,AEA,EN,Federal Contract Tower,0,3,20,0,23,0,0,0,0,0,0,3,20,0,23,0,0,0,23
04/29/2016,ESN,MD,AEA,EN,Federal Contract Tower,0,4,22,0,26,0,0,0,0,0,0,4,22,0,26,0,0,0,26
04/30/2016,ESN,MD,AEA,EN,Federal Contract Tower,0,1,35,0,36,0,2,18,0,20,0,3,53,0,56,36,0,36,92
05/01/2016,ESN,MD,AEA,EN,Federal Contract Tower,0,7,16,0,23,0,0,0,0,0,0,7,16,0,23,0,0,0,23
05/02/2016,ESN,MD,AEA,EN,Federal Contract Tower,0,1,11,0,12,0,0,11,0,11,0,1,22,0,23,16,0,16,39
05/03/2016,ESN,MD,AEA,EN,Federal Contract Tower,0,2,11,0,13,0,0,2,0,2,0,2,13,0,15,2,0,2,17
05/05/2016,ESN,MD,AEA,EN,Federal Contract Tower,0,5,38,0,43,0,0,13,0,13,0,5,51,0,56,24,0,24,80
05/06/2016,ESN,MD,AEA,EN,Federal Contract Tower,0,10,22,0,32,0,0,0,0,0,0,10,22,0,32,2,0,2,34
05/07/2016,ESN,MD,AEA,EN,Federal Contract Tower,0,2,24,0,26,0,0,45,0,45,0,2,69,0,71,80,0,80,151
05/08/2016,ESN,MD,AEA,EN,Federal Contract Tower,0,0,3,0,3,0,0,57,0,57,0,0,60,0,60,26,0,26,86
05/09/2016,ESN,MD,AEA,EN,Federal Contract Tower,0,1,12,0,13,0,1,55,0,56,0,2,67,0,69,116,0,116,185
05/10/2016,ESN,MD,AEA,EN,Federal Contract Tower,0,6,11,0,17,0,3,25,4,32,0,9,36,4,49,68,14,82,131
05/11/2016,ESN,MD,AEA,EN,Federal Contract Tower,0,6,22,0,28,0,2,8,2,12,0,8,30,2,40,6,0,6,46
05/12/2016,ESN,MD,AEA,EN,Federal Contract Tower,0,5,44,0,49,0,0,25,2,27,0,5,69,2,76,44,26,70,146
05/13/2016,ESN,MD,AEA,EN,Federal Contract Tower,0,8,48,0,56,0,0,6,0,6,0,8,54,0,62,44,0,44,106
05/14/2016,ESN,MD,AEA,EN,Federal Contract Tower,0,1,15,0,16,0,0,78,0,78,0,1,93,0,94,120,0,120,214
05/15/2016,ESN,MD,AEA,EN,Federal Contract Tower,0,2,12,1,15,0,4,32,3,39,0,6,44,4,54,38,10,48,102
05/16/2016,ESN,MD,AEA,EN,Federal Contract Tower,0,12,23,0,35,0,1,66,8,75,0,13,89,8,110,102,0,102,212
05/17/2016,ESN,MD,AEA,EN,Federal Contract Tower,0,10,10,0,20,0,0,2,0,2,0,10,12,0,22,16,0,16,38
05/18/2016,ESN,MD,AEA,EN,Federal Contract Tower,0,1,15,0,16,0,3,40,4,47,0,4,55,4,63,104,6,110,173
05/19/2016,ESN,MD,AEA,EN,Federal Contract Tower,0,5,28,0,33,0,0,92,1,93,0,5,120,1,126,222,28,250,376
05/20/2016,ESN,MD,AEA,EN,Federal Contract Tower,0,5,17,0,22,0,1,122,0,123,0,6,139,0,145,186,0,186,331
05/21/2016,ESN,MD,AEA,EN,Federal Contract Tower,0,5,18,0,23,0,0,0,0,0,0,5,18,0,23,2,0,2,25
05/22/2016,ESN,MD,AEA,EN,Federal Contract Tower,0,5,22,1,28,0,0,0,0,0,0,5,22,1,28,0,0,0,28
05/23/2016,ESN,MD,AEA,EN,Federal Contract Tower,0,3,26,0,29,0,1,28,0,29,0,4,54,0,58,44,0,44,102
05/24/2016,ESN,MD,AEA,EN,Federal Contract Tower,0,8,21,0,29,0,2,88,11,101,0,10,109,11,130,170,22,192,322
05/25/2016,ESN,MD,AEA,EN,Federal Contract Tower,0,5,20,2,27,0,3,80,2,85,0,8,100,4,112,106,0,106,218
05/26/2016,ESN,MD,AEA,EN,Federal Contract Tower,0,5,13,0,18,0,3,57,0,60,0,8,70,0,78,138,0,138,216
05/27/2016,ESN,MD,AEA,EN,Federal Contract Tower,0,5,9,0,14,0,1,74,0,75,0,6,83,0,89,140,0,140,229
05/28/2016,ESN,MD,AEA,EN,Federal Contract Tower,0,4,18,1,23,0,0,118,1,119,0,4,136,2,142,146,0,146,288
05/29/2016,ESN,MD,AEA,EN,Federal Contract Tower,0,2,7,0,9,0,0,44,0,44,0,2,51,0,53,32,0,32,85
05/30/2016,ESN,MD,AEA,EN,Federal Contract Tower,0,2,22,0,24,0,0,4,0,4,0,2,26,0,28,18,0,18,46
05/31/2016,ESN,MD,AEA,EN,Federal Contract Tower,0,4,14,0,18,0,3,49,2,54,0,7,63,2,72,138,24,162,234
06/01/2016,ESN,MD,AEA,EN,Federal Contract Tower,0,0,18,2,20,0,2,103,3,108,0,2,121,5,128,168,8,176,304
06/02/2016,ESN,MD,AEA,EN,Federal Contract Tower,0,4,46,0,50,0,0,18,0,18,0,4,64,0,68,24,0,24,92
06/03/2016,ESN,MD,AEA,EN,Federal Contract Tower,0,5,35,0,40,0,0,0,0,0,0,5,35,0,40,0,0,0,40
06/04/2016,ESN,MD,AEA,EN,Federal Contract Tower,0,5,28,0,33,0,1,39,0,40,0,6,67,0,73,44,0,44,117
06/05/2016,ESN,MD,AEA,EN,Federal Contract Tower,0,6,22,1,29,0,3,7,1,11,0,9,29,2,40,0,0,0,40
06/06/2016,ESN,MD,AEA,EN,Federal Contract Tower,0,5,16,0,21,0,3,70,151,224,0,8,86,151,245,64,138,202,447
06/07/2016,ESN,MD,AEA,EN,Federal Contract Tower,0,4,9,0,13,0,0,64,68,132,0,4,73,68,145,90,157,247,392
06/08/2016,ESN,MD,AEA,EN,Federal Contract Tower,0,1,15,0,16,0,6,31,36,73,0,7,46,36,89,23,44,67,156
06/09/2016,ESN,MD,AEA,EN,Federal Contract Tower,0,5,12,0,17,0,5,68,100,173,0,10,80,100,190,62,208,270,460
06/10/2016,ESN,MD,AEA,EN,Federal Contract Tower,0,1,25,0,26,0,2,72,121,195,0,3,97,121,221,76,190,266,487
06/11/2016,ESN,MD,AEA,EN,Federal Contract Tower,0,4,10,0,14,0,1,91,120,212,0,5,101,120,226,36,222,258,484
06/12/2016,ESN,MD,AEA,EN,Federal Contract Tower,0,0,13,0,13,0,0,29,16,45,0,0,42,16,58,26,10,36,94
06/13/2016,ESN,MD,AEA,EN,Federal Contract Tower,0,0,21,0,21,0,0,38,102,140,0,0,59,102,161,38,360,398,559
06/14/2016,ESN,MD,AEA,EN,Federal Contract Tower,0,3,16,0,19,0,0,61,82,143,0,3,77,82,162,106,490,596,758
06/15/2016,ESN,MD,AEA,EN,Federal Contract Tower,0,0,16,0,16,0,6,48,102,156,0,6,64,102,172,58,608,666,838
06/16/2016,ESN,MD,AEA,EN,Federal Contract Tower,0,6,20,0,26,0,0,0,0,0,0,6,20,0,26,0,0,0,26
06/17/2016,ESN,MD,AEA,EN,Federal Contract Tower,0,2,23,0,25,0,1,26,86,113,0,3,49,86,138,37,456,493,631
06/18/2016,ESN,MD,AEA,EN,Federal Contract Tower,0,3,9,0,12,0,9,113,109,231,0,12,122,109,243,42,552,594,837
06/19/2016,ESN,MD,AEA,EN,Federal Contract Tower,0,0,6,0,6,0,2,75,45,122,0,2,81,45,128,76,76,152,280
06/20/2016,ESN,MD,AEA,EN,Federal Contract Tower,0,4,28,2,34,0,6,58,92,156,0,10,86,94,190,610,70,680,870
06/21/2016,ESN,MD,AEA,EN,Federal Contract Tower,0,6,6,1,13,0,0,24,43,67,0,6,30,44,80,24,234,258,338
06/22/2016,ESN,MD,AEA,EN,Federal Contract Tower,0,1,18,0,19,0,2,66,99,167,0,3,84,99,186,54,442,496,682
06/23/2016,ESN,MD,AEA,EN,Federal Contract Tower,0,8,23,0,31,0,3,10,84,97,0,11,33,84,128,0,308,308,436
06/24/2016,ESN,MD,AEA,EN,Federal Contract Tower,0,5,27,0,32,0,2,10,59,71,0,7,37,59,103,0,178,178,281
06/25/2016,ESN,MD,AEA,EN,Federal Contract Tower,0,4,25,1,30,0,3,80,48,131,0,7,105,49,161,64,128,192,353
06/26/2016,ESN,MD,AEA,EN,Federal Contract Tower,0,6,25,0,31,0,3,63,22,88,0,9,88,22,119,60,60,120,239
06/27/2016,ESN,MD,AEA,EN,Federal Contract Tower,0,3,12,0,15,0,3,43,10,56,0,6,55,10,71,92,22,114,185
06/28/2016,ESN,MD,AEA,EN,Federal Contract Tower,0,5,20,1,26,0,0,5,12,17,0,5,25,13,43,0,0,0,43
06/29/2016,ESN,MD,AEA,EN,Federal Contract Tower,0,5,10,0,15,0,1,83,11,95,0,6,93,11,110,84,18,102,212
06/30/2016,ESN,MD,AEA,EN,Federal Contract Tower,0,1,12,0,13,0,8,68,15,91,0,9,80,15,104,58,16,74,178
07/01/2016,ESN,MD,AEA,EN,Federal Contract Tower,0,1,20,1,22,0,0,42,8,50,0,1,62,9,72,40,30,70,142
07/02/2016,ESN,MD,AEA,EN,Federal Contract Tower,0,8,14,0,22,0,1,62,106,169,0,9,76,106,191,118,126,244,435
07/03/2016,ESN,MD,AEA,EN,Federal Contract Tower,0,5,7,0,12,0,2,41,0,43,0,7,48,0,55,74,0,74,129
07/04/2016,ESN,MD,AEA,EN,Federal Contract Tower,0,1,4,0,5,0,2,5,0,7,0,3,9,0,12,24,0,24,36
07/05/2016,ESN,MD,AEA,EN,Federal Contract Tower,0,9,12,0,21,0,4,32,68,104,0,13,44,68,125,40,96,136,261
07/06/2016,ESN,MD,AEA,EN,Federal Contract Tower,0,6,33,0,39,0,4,49,101,154,0,10,82,101,193,56,196,252,445
07/07/2016,ESN,MD,AEA,EN,Federal Contract Tower,0,4,10,0,14,0,2,54,109,165,0,6,64,109,179,100,214,314,493
07/08/2016,ESN,MD,AEA,EN,Federal Contract Tower,0,8,11,0,19,0,6,57,98,161,0,14,68,98,180,74,298,372,552
07/09/2016,ESN,MD,AEA,EN,Federal Contract Tower,0,2,20,0,22,0,1,38,52,91,0,3,58,52,113,34,258,292,405
07/10/2016,ESN,MD,AEA,EN,Federal Contract Tower,0,4,15,0,19,0,4,86,12,102,0,8,101,12,121,152,30,182,303
07/11/2016,ESN,MD,AEA,EN,Federal Contract Tower,0,6,14,0,20,0,10,49,85,144,0,16,63,85,164,90,292,382,546
07/12/2016,ESN,MD,AEA,EN,Federal Contract Tower,0,6,7,4,17,0,0,28,82,110,0,6,35,86,127,56,540,596,723
07/13/2016,ESN,MD,AEA,EN,Federal Contract Tower,0,8,12,0,20,0,2,30,74,106,0,10,42,74,126,20,436,456,582
07/14/2016,ESN,MD,AEA,EN,Federal Contract Tower,0,5,11,0,16,0,4,51,92,147,0,9,62,92,163,76,624,700,863
07/15/2016,ESN,MD,AEA,EN,Federal Contract Tower,0,5,18,2,25,0,6,80,108,194,0,11,98,110,219,68,582,650,869
07/16/2016,ESN,MD,AEA,EN,Federal Contract Tower,0,5,5,0,10,0,0,68,86,154,0,5,73,86,164,62,468,530,694
07/17/2016,ESN,MD,AEA,EN,Federal Contract Tower,0,5,9,0,14,0,3,47,13,63,0,8,56,13,77,80,40,120,197
07/18/2016,ESN,MD,AEA,EN,Federal Contract Tower,0,0,8,0,8,0,0,37,51,88,0,0,45,51,96,60,290,350,446
07/19/2016,ESN,MD,AEA,EN,Federal Contract Tower,0,2,14,0,16,0,2,29,47,78,0,4,43,47,94,96,286,382,476
07/20/2016,ESN,MD,AEA,EN,Federal Contract Tower,0,3,7,0,10,0,0,79,36,115,0,3,86,36,125,62,94,156,281
07/21/2016,ESN,MD,AEA,EN,Federal Contract Tower,0,6,22,0,28,0,0,54,8,62,0,6,76,8,90,90,106,196,286
07/22/2016,ESN,MD,AEA,EN,Federal Contract Tower,0,4,18,0,22,0,1,63,8,72,0,5,81,8,94,66,26,92,186
07/23/2016,ESN,MD,AEA,EN,Federal Contract Tower,0,2,5,1,8,0,2,36,3,41,0,4,41,4,49,94,0,94,143
07/24/2016,ESN,MD,AEA,EN,Federal Contract Tower,0,3,8,0,11,0,4,66,12,82,0,7,74,12,93,104,8,112,205
07/25/2016,ESN,MD,AEA,EN,Federal Contract Tower,0,2,15,0,17,0,0,32,0,32,0,2,47,0,49,44,32,76,125
07/26/2016,ESN,MD,AEA,EN,Federal Contract Tower,0,4,14,0,18,0,4,33,19,56,0,8,47,19,74,56,22,78,152
07/27/2016,ESN,MD,AEA,EN,Federal Contract Tower,0,0,9,2,11,0,5,64,29,98,0,5,73,31,109,64,56,120,229
07/28/2016,ESN,MD,AEA,EN,Federal Contract Tower,0,9,14,0,23,0,0,27,19,46,0,9,41,19,69,10,28,38,107
07/29/2016,ESN,MD,AEA,EN,Federal Contract Tower,0,10,10,2,22,0,0,17,5,22,0,10,27,7,44,6,12,18,62
07/30/2016,ESN,MD,AEA,EN,Federal Contract Tower,0,5,8,0,13,0,0,30,99,129,0,5,38,99,142,54,114,168,310
07/31/2016,ESN,MD,AEA,EN,Federal Contract Tower,0,1,26,0,27,0,0,40,10,50,0,1,66,10,77,44,14,58,135
08/01/2016,ESN,MD,AEA,EN,Federal Contract Tower,0,7,23,3,33,0,2,25,92,119,0,9,48,95,152,10,196,206,358
08/02/2016,ESN,MD,AEA,EN,Federal Contract Tower,0,7,7,2,16,0,1,32,54,87,0,8,39,56,103,42,142,184,287
08/03/2016,ESN,MD,AEA,EN,Federal Contract Tower,0,4,18,2,24,0,6,54,106,166,0,10,72,108,190,78,292,370,560
08/04/2016,ESN,MD,AEA,EN,Federal Contract Tower,0,6,16,0,22,0,7,51,75,133,0,13,67,75,155,90,288,378,533
08/05/2016,ESN,MD,AEA,EN,Federal Contract Tower,0,5,19,0,24,0,0,67,103,170,0,5,86,103,194,66,380,446,640
08/06/2016,ESN,MD,AEA,EN,Federal Contract Tower,0,6,14,0,20,0,2,26,77,105,0,8,40,77,125,46,434,480,605
08/07/2016,ESN,MD,AEA,EN,Federal Contract Tower,0,10,16,0,26,0,0,43,26,69,0,10,59,26,95,70,194,264,359
08/08/2016,ESN,MD,AEA,EN,Federal Contract Tower,0,4,25,0,29,0,0,44,94,138,0,4,69,94,167,70,610,680,847
08/09/2016,ESN,MD,AEA,EN,Federal Contract Tower,0,3,9,0,12,0,2,30,112,144,0,5,39,112,156,24,656,680,836
08/10/2016,ESN,MD,AEA,EN,Federal Contract Tower,0,6,16,0,22,0,1,25,73,99,0,7,41,73,121,26,374,400,521
08/11/2016,ESN,MD,AEA,EN,Federal Contract Tower,0,9,20,0,29,0,3,44,50,97,0,12,64,50,126,58,400,458,584
08/12/2016,ESN,MD,AEA,EN,Federal Contract Tower,0,2,13,0,15,0,2,43,71,116,0,4,56,71,131,40,500,540,671
08/13/2016,ESN,MD,AEA,EN,Federal Contract Tower,0,0,8,0,8,0,3,82,67,152,0,3,90,67,160,104,272,376,536
08/14/2016,ESN,MD,AEA,EN,Federal Contract Tower,0,7,13,0,20,0,1,32,13,46,0,8,45,13,66,46,56,102,168
08/15/2016,ESN,MD,AEA,EN,Federal Contract Tower,0,2,8,0,10,0,0,45,47,92,0,2,53,47,102,30,220,250,352
08/16/2016,ESN,MD,AEA,EN,Federal Contract Tower,0,5,14,0,19,0,4,28,11,43,0,9,42,11,62,30,30,60,122
08/17/2016,ESN,MD,AEA,EN,Federal Contract Tower,0,7,9,0,16,0,0,51,0,51,0,7,60,0,67,48,20,68,135
08/18/2016,ESN,MD,AEA,EN,Federal Contract Tower,0,7,24,0,31,0,0,46,0,46,0,7,70,0,77,74,0,74,151
08/19/2016,ESN,MD,AEA,EN,Federal Contract Tower,0,4,17,0,21,0,1,65,6,72,0,5,82,6,93,92,8,100,193
08/20/2016,ESN,MD,AEA,EN,Federal Contract Tower,0,3,12,0,15,0,1,60,7,68,0,4,72,7,83,76,10,86,169
08/21/2016,ESN,MD,AEA,EN,Federal Contract Tower,0,1,14,0,15,0,0,20,0,20,0,1,34,0,35,24,2,26,61
08/22/2016,ESN,MD,AEA,EN,Federal Contract Tower,0,0,17,0,17,0,12,53,4,69,0,12,70,4,86,100,22,122,208
08/23/2016,ESN,MD,AEA,EN,Federal Contract Tower,0,6,7,0,13,0,9,75,2,86,0,15,82,2,99,106,0,106,205
08/24/2016,ESN,MD,AEA,EN,Federal Contract Tower,0,2,15,0,17,0,13,95,6,114,0,15,110,6,131,114,0,114,245
08/25/2016,ESN,MD,AEA,EN,Federal Contract Tower,0,7,12,0,19,0,6,52,6,64,0,13,64,6,83,116,0,116,199
08/26/2016,ESN,MD,AEA,EN,Federal Contract Tower,0,7,18,0,25,0,2,169,6,177,0,9,187,6,202,98,0,98,300
08/27/2016,ESN,MD,AEA,EN,Federal Contract Tower,0,2,14,0,16,0,0,218,9,227,0,2,232,9,243,214,20,234,477
08/28/2016,ESN,MD,AEA,EN,Federal Contract Tower,0,6,16,2,24,0,3,86,4,93,0,9,102,6,117,54,2,56,173
08/29/2016,ESN,MD,AEA,EN,Federal Contract Tower,0,5,15,0,20,0,2,42,0,44,0,7,57,0,64,64,2,66,130
08/30/2016,ESN,MD,AEA,EN,Federal Contract Tower,0,6,9,0,15,0,1,47,7,55,0,7,56,7,70,70,12,82,152
08/31/2016,ESN,MD,AEA,EN,Federal Contract Tower,0,5,21,0,26,0,1,53,0,54,0,6,74,0,80,94,0,94,174
09/01/2016,ESN,MD,AEA,EN,Federal Contract Tower,0,8,18,0,26,0,0,23,0,23,0,8,41,0,49,68,0,68,117
09/02/2016,ESN,MD,AEA,EN,Federal Contract Tower,0,5,8,1,14,0,0,70,2,72,0,5,78,3,86,116,6,122,208
09/03/2016,ESN,MD,AEA,EN,Federal Contract Tower,0,4,2,0,6,0,2,1,0,3,0,6,3,0,9,0,0,0,9
09/04/2016,ESN,MD,AEA,EN,Federal Contract Tower,0,0,2,0,2,0,4,23,0,27,0,4,25,0,29,72,0,72,101
09/05/2016,ESN,MD,AEA,EN,Federal Contract Tower,0,6,5,0,11,0,3,25,1,29,0,9,30,1,40,122,0,122,162
09/06/2016,ESN,MD,AEA,EN,Federal Contract Tower,0,6,11,0,17,0,3,36,2,41,0,9,47,2,58,58,0,58,116
09/07/2016,ESN,MD,AEA,EN,Federal Contract Tower,0,3,7,2,12,0,2,29,3,34,0,5,36,5,46,84,16,100,146
09/08/2016,ESN,MD,AEA,EN,Federal Contract Tower,0,5,22,0,27,0,5,41,4,50,0,10,63,4,77,74,0,74,151
09/09/2016,ESN,MD,AEA,EN,Federal Contract Tower,0,9,11,0,20,0,5,58,0,63,0,14,69,0,83,90,0,90,173
09/10/2016,ESN,MD,AEA,EN,Federal Contract Tower,0,6,15,0,21,0,2,56,7,65,0,8,71,7,86,48,0,48,134
09/11/2016,ESN,MD,AEA,EN,Federal Contract Tower,0,7,10,0,17,0,10,54,0,64,0,17,64,0,81,50,0,50,131
09/12/2016,ESN,MD,AEA,EN,Federal Contract Tower,0,5,13,0,18,0,2,46,0,48,0,7,59,0,66,58,0,58,124
09/13/2016,ESN,MD,AEA,EN,Federal Contract Tower,0,0,7,0,7,0,1,60,2,63,0,1,67,2,70,62,2,64,134
09/14/2016,ESN,MD,AEA,EN,Federal Contract Tower,0,0,14,0,14,0,1,80,0,81,0,1,94,0,95,96,0,96,191
09/15/2016,ESN,MD,AEA,EN,Federal Contract Tower,0,8,21,4,33,0,0,65,4,69,0,8,86,8,102,90,24,114,216
09/16/2016,ESN,MD,AEA,EN,Federal Contract Tower,0,9,18,0,27,0,1,83,7,91,0,10,101,7,118,90,40,130,248
09/17/2016,ESN,MD,AEA,EN,Federal Contract Tower,0,12,7,0,19,0,1,77,4,82,0,13,84,4,101,130,0,130,231
09/18/2016,ESN,MD,AEA,EN,Federal Contract Tower,0,5,14,0,19,0,4,25,0,29,0,9,39,0,48,48,0,48,96
09/19/2016,ESN,MD,AEA,EN,Federal Contract Tower,0,6,7,0,13,0,0,0,0,0,0,6,7,0,13,0,0,0,13
09/20/2016,ESN,MD,AEA,EN,Federal Contract Tower,0,7,7,0,14,0,0,3,0,3,0,7,10,0,17,2,0,2,19
09/21/2016,ESN,MD,AEA,EN,Federal Contract Tower,0,4,26,0,30,0,5,35,2,42,0,9,61,2,72,46,6,52,124
09/22/2016,ESN,MD,AEA,EN,Federal Contract Tower,0,3,17,0,20,0,3,55,2,60,0,6,72,2,80,94,6,100,180
09/23/2016,ESN,MD,AEA,EN,Federal Contract Tower,0,5,19,0,24,0,8,43,0,51,0,13,62,0,75,110,0,110,185
09/24/2016,ESN,MD,AEA,EN,Federal Contract Tower,0,3,19,0,22,0,2,1,0,3,0,5,20,0,25,16,0,16,41
09/25/2016,ESN,MD,AEA,EN,Federal Contract Tower,0,3,15,0,18,0,0,67,2,69,0,3,82,2,87,98,4,102,189
09/26/2016,ESN,MD,AEA,EN,Federal Contract Tower,0,2,9,0,11,0,2,29,0,31,0,4,38,0,42,108,6,114,156
09/27/2016,ESN,MD,AEA,EN,Federal Contract Tower,0,4,6,5,15,0,7,27,8,42,0,11,33,13,57,52,2,54,111
09/28/2016,ESN,MD,AEA,EN,Federal Contract Tower,0,2,5,0,7,0,12,3,0,15,0,14,8,0,22,0,0,0,22
09/29/2016,ESN,MD,AEA,EN,Federal Contract Tower,0,12,10,0,22,0,23,0,0,23,0,35,10,0,45,0,0,0,45
09/30/2016,ESN,MD,AEA,EN,Federal Contract Tower,0,3,21,0,24,0,0,0,0,0,0,3,21,0,24,0,0,0,24
10/01/2016,ESN,MD,AEA,EN,Federal Contract Tower,0,4,10,2,16,0,0,0,0,0,0,4,10,2,16,0,0,0,16
10/02/2016,ESN,MD,AEA,EN,Federal Contract Tower,0,3,25,0,28,0,1,11,0,12,0,4,36,0,40,42,0,42,82
10/03/2016,ESN,MD,AEA,EN,Federal Contract Tower,0,2,12,1,15,0,0,68,4,72,0,2,80,5,87,124,24,148,235
10/04/2016,ESN,MD,AEA,EN,Federal Contract Tower,0,4,13,0,17,0,28,34,5,67,0,32,47,5,84,30,4,34,118
10/05/2016,ESN,MD,AEA,EN,Federal Contract Tower,0,3,26,2,31,0,23,45,4,72,0,26,71,6,103,72,0,72,175
10/06/2016,ESN,MD,AEA,EN,Federal Contract Tower,0,2,15,4,21,0,5,37,3,45,0,7,52,7,66,92,0,92,158
10/07/2016,ESN,MD,AEA,EN,Federal Contract Tower,0,2,28,0,30,0,1,31,2,34,0,3,59,2,64,48,0,48,112
10/08/2016,ESN,MD,AEA,EN,Federal Contract Tower,0,4,13,0,17,0,0,0,0,0,0,4,13,0,17,0,0,0,17
10/09/2016,ESN,MD,AEA,EN,Federal Contract Tower,0,3,7,0,10,0,4,5,0,9,0,7,12,0,19,0,0,0,19
10/10/2016,ESN,MD,AEA,EN,Federal Contract Tower,0,9,15,0,24,0,19,36,0,55,0,28,51,0,79,86,0,86,165
10/11/2016,ESN,MD,AEA,EN,Federal Contract Tower,0,7,9,0,16,0,7,65,3,75,0,14,74,3,91,40,0,40,131
10/12/2016,ESN,MD,AEA,EN,Federal Contract Tower,0,1,9,1,11,0,6,51,12,69,0,7,60,13,80,98,44,142,222
10/13/2016,ESN,MD,AEA,EN,Federal Contract Tower,0,3,15,0,18,0,2,53,0,55,0,5,68,0,73,68,40,108,181
10/14/2016,ESN,MD,AEA,EN,Federal Contract Tower,0,5,20,0,25,0,1,54,0,55,0,6,74,0,80,84,0,84,164
10/15/2016,ESN,MD,AEA,EN,Federal Contract Tower,0,4,11,1,16,0,6,104,1,111,0,10,115,2,127,122,2,124,251
10/16/2016,ESN,MD,AEA,EN,Federal Contract Tower,0,4,20,0,24,0,3,80,0,83,0,7,100,0,107,82,2,84,191
10/17/2016,ESN,MD,AEA,EN,Federal Contract Tower,0,4,4,0,8,0,1,48,0,49,0,5,52,0,57,62,0,62,119
10/18/2016,ESN,MD,AEA,EN,Federal Contract Tower,0,10,11,0,21,0,0,82,0,82,0,10,93,0,103,122,0,122,225
10/19/2016,ESN,MD,AEA,EN,Federal Contract Tower,0,5,8,2,15,0,3,69,4,76,0,8,77,6,91,90,0,90,181
10/20/2016,ESN,MD,AEA,EN,Federal Contract Tower,0,2,14,0,16,0,7,85,4,96,0,9,99,4,112,110,18,128,240
10/21/2016,ESN,MD,AEA,EN,Federal Contract Tower,0,5,17,0,22,0,0,37,3,40,0,5,54,3,62,42,0,42,104
10/22/2016,ESN,MD,AEA,EN,Federal Contract Tower,0,0,7,0,7,0,2,3,2,7,0,2,10,2,14,0,0,0,14
10/23/2016,ESN,MD,AEA,EN,Federal Contract Tower,0,2,10,0,12,0,2,27,0,29,0,4,37,0,41,30,0,30,71
10/24/2016,ESN,MD,AEA,EN,Federal Contract Tower,0,2,13,0,15,0,3,54,0,57,0,5,67,0,72,124,0,124,196
10/25/2016,ESN,MD,AEA,EN,Federal Contract Tower,0,9,3,0,12,0,2,52,2,56,0,11,55,2,68,84,26,110,178
10/26/2016,ESN,MD,AEA,EN,Federal Contract Tower,0,5,3,0,8,0,28,57,0,85,0,33,60,0,93,86,0,86,179
10/27/2016,ESN,MD,AEA,EN,Federal Contract Tower,0,4,12,0,16,0,2,16,0,18,0,6,28,0,34,0,0,0,34
10/28/2016,ESN,MD,AEA,EN,Federal Contract Tower,0,3,9,0,12,0,3,36,0,39,0,6,45,0,51,18,0,18,69
10/29/2016,ESN,MD,AEA,EN,Federal Contract Tower,0,0,9,0,9,0,2,79,0,81,0,2,88,0,90,172,0,172,262
10/30/2016,ESN,MD,AEA,EN,Federal Contract Tower,0,1,8,0,9,0,0,61,2,63,0,1,69,2,72,74,0,74,146
10/31/2016,ESN,MD,AEA,EN,Federal Contract Tower,0,6,3,0,9,0,2,43,1,46,0,8,46,1,55,40,48,88,143
11/01/2016,ESN,MD,AEA,EN,Federal Contract Tower,0,1,9,0,10,0,0,47,0,47,0,1,56,0,57,122,0,122,179
11/02/2016,ESN,MD,AEA,EN,Federal Contract Tower,0,5,10,0,15,0,1,59,0,60,0,6,69,0,75,126,0,126,201
11/03/2016,ESN,MD,AEA,EN,Federal Contract Tower,0,0,7,3,10,0,2,37,1,40,0,2,44,4,50,42,6,48,98
11/04/2016,ESN,MD,AEA,EN,Federal Contract Tower,0,1,9,0,10,0,0,69,0,69,0,1,78,0,79,104,0,104,183
11/05/2016,ESN,MD,AEA,EN,Federal Contract Tower,0,3,11,0,14,0,0,59,0,59,0,3,70,0,73,92,0,92,165
11/06/2016,ESN,MD,AEA,EN,Federal Contract Tower,0,7,12,0,19,0,2,39,0,41,0,9,51,0,60,82,0,82,142
11/07/2016,ESN,MD,AEA,EN,Federal Contract Tower,0,4,9,0,13,0,0,67,4,71,0,4,76,4,84,116,12,128,212
11/08/2016,ESN,MD,AEA,EN,Federal Contract Tower,0,2,10,0,12,0,1,60,2,63,0,3,70,2,75,98,2,100,175
11/09/2016,ESN,MD,AEA,EN,Federal Contract Tower,0,5,21,0,26,0,0,4,0,4,0,5,25,0,30,0,2,2,32
11/10/2016,ESN,MD,AEA,EN,Federal Contract Tower,0,7,17,0,24,0,5,51,4,60,0,12,68,4,84,128,0,128,212
11/11/2016,ESN,MD,AEA,EN,Federal Contract Tower,0,1,12,0,13,0,3,65,0,68,0,4,77,0,81,84,2,86,167
11/12/2016,ESN,MD,AEA,EN,Federal Contract Tower,0,3,17,0,20,0,1,60,0,61,0,4,77,0,81,106,0,106,187
11/13/2016,ESN,MD,AEA,EN,Federal Contract Tower,0,11,19,0,30,0,1,85,0,86,0,12,104,0,116,146,0,146,262
11/14/2016,ESN,MD,AEA,EN,Federal Contract Tower,0,5,7,0,12,0,4,42,2,48,0,9,49,2,60,88,10,98,158
11/15/2016,ESN,MD,AEA,EN,Federal Contract Tower,0,4,3,0,7,0,30,37,2,69,0,34,40,2,76,98,2,100,176
11/16/2016,ESN,MD,AEA,EN,Federal Contract Tower,0,3,11,0,14,0,6,52,0,58,0,9,63,0,72,140,0,140,212
11/17/2016,ESN,MD,AEA,EN,Federal Contract Tower,0,2,8,0,10,0,7,71,0,78,0,9,79,0,88,138,0,138,226
11/18/2016,ESN,MD,AEA,EN,Federal Contract Tower,0,5,23,0,28,0,4,94,0,98,0,9,117,0,126,194,2,196,322
11/19/2016,ESN,MD,AEA,EN,Federal Contract Tower,0,3,7,0,10,0,2,82,10,94,0,5,89,10,104,72,0,72,176
11/20/2016,ESN,MD,AEA,EN,Federal Contract Tower,0,3,8,0,11,0,4,4,0,8,0,7,12,0,19,0,0,0,19
11/21/2016,ESN,MD,AEA,EN,Federal Contract Tower,0,3,6,1,10,0,2,13,1,16,0,5,19,2,26,0,0,0,26
11/22/2016,ESN,MD,AEA,EN,Federal Contract Tower,0,11,18,0,29,0,12,50,4,66,0,23,68,4,95,72,12,84,179
11/23/2016,ESN,MD,AEA,EN,Federal Contract Tower,0,7,22,0,29,0,7,76,0,83,0,14,98,0,112,66,0,66,178
11/24/2016,ESN,MD,AEA,EN,Federal Contract Tower,0,0,1,0,1,0,2,4,0,6,0,2,5,0,7,0,0,0,7
11/25/2016,ESN,MD,AEA,EN,Federal Contract Tower,0,4,4,0,8,0,0,44,5,49,0,4,48,5,57,50,4,54,111
11/26/2016,ESN,MD,AEA,EN,Federal Contract Tower,0,5,6,0,11,0,0,52,4,56,0,5,58,4,67,70,0,70,137
11/27/2016,ESN,MD,AEA,EN,Federal Contract Tower,0,4,15,0,19,0,0,50,0,50,0,4,65,0,69,58,0,58,127
11/28/2016,ESN,MD,AEA,EN,Federal Contract Tower,0,3,10,0,13,0,12,51,0,63,0,15,61,0,76,138,0,138,214
11/29/2016,ESN,MD,AEA,EN,Federal Contract Tower,0,4,4,0,8,0,0,2,0,2,0,4,6,0,10,2,0,2,12
11/30/2016,ESN,MD,AEA,EN,Federal Contract Tower,0,2,3,0,5,0,0,0,0,0,0,2,3,0,5,0,0,0,5
12/01/2016,ESN,MD,AEA,EN,Federal Contract Tower,0,6,10,0,16,0,5,44,0,49,0,11,54,0,65,74,0,74,139
12/02/2016,ESN,MD,AEA,EN,Federal Contract Tower,0,2,3,1,6,0,4,56,10,70,0,6,59,11,76,92,0,92,168
12/03/2016,ESN,MD,AEA,EN,Federal Contract Tower,0,6,5,0,11,0,10,48,4,62,0,16,53,4,73,96,0,96,169
12/04/2016,ESN,MD,AEA,EN,Federal Contract Tower,0,1,21,0,22,0,3,67,0,70,0,4,88,0,92,128,0,128,220
12/05/2016,ESN,MD,AEA,EN,Federal Contract Tower,0,5,7,0,12,0,1,14,0,15,0,6,21,0,27,50,0,50,77
12/06/2016,ESN,MD,AEA,EN,Federal Contract Tower,0,0,0,0,0,0,2,0,0,2,0,2,0,0,2,0,0,0,2
12/07/2016,ESN,MD,AEA,EN,Federal Contract Tower,0,2,15,0,17,0,3,36,0,39,0,5,51,0,56,80,0,80,136
12/08/2016,ESN,MD,AEA,EN,Federal Contract Tower,0,8,7,2,17,0,2,34,0,36,0,10,41,2,53,36,0,36,89
12/09/2016,ESN,MD,AEA,EN,Federal Contract Tower,0,3,10,0,13,0,7,31,0,38,0,10,41,0,51,60,0,60,111
12/10/2016,ESN,MD,AEA,EN,Federal Contract Tower,0,6,11,0,17,0,2,48,0,50,0,8,59,0,67,114,0,114,181
12/11/2016,ESN,MD,AEA,EN,Federal Contract Tower,0,6,8,0,14,0,0,58,0,58,0,6,66,0,72,86,0,86,158
12/12/2016,ESN,MD,AEA,EN,Federal Contract Tower,0,4,10,2,16,0,0,0,0,0,0,4,10,2,16,16,2,18,34
12/13/2016,ESN,MD,AEA,EN,Federal Contract Tower,0,5,3,0,8,0,3,43,2,48,0,8,46,2,56,138,22,160,216
12/14/2016,ESN,MD,AEA,EN,Federal Contract Tower,0,0,0,0,0,0,6,60,0,66,0,6,60,0,66,80,0,80,146
12/15/2016,ESN,MD,AEA,EN,Federal Contract Tower,0,0,2,0,2,0,2,2,2,6,0,2,4,2,8,0,0,0,8
12/16/2016,ESN,MD,AEA,EN,Federal Contract Tower,0,2,17,0,19,0,0,35,2,37,0,2,52,2,56,50,0,50,106
12/17/2016,ESN,MD,AEA,EN,Federal Contract Tower,0,0,2,0,2,0,0,0,0,0,0,0,2,0,2,0,0,0,2
12/18/2016,ESN,MD,AEA,EN,Federal Contract Tower,0,0,0,0,0,0,3,4,0,7,0,3,4,0,7,0,0,0,7
12/19/2016,ESN,MD,AEA,EN,Federal Contract Tower,0,2,4,0,6,0,3,28,3,34,0,5,32,3,40,112,0,112,152
12/20/2016,ESN,MD,AEA,EN,Federal Contract Tower,0,0,13,0,13,0,0,81,0,81,0,0,94,0,94,106,0,106,200
12/21/2016,ESN,MD,AEA,EN,Federal Contract Tower,0,3,11,0,14,0,6,70,4,80,0,9,81,4,94,90,8,98,192
12/22/2016,ESN,MD,AEA,EN,Federal Contract Tower,0,2,5,0,7,0,6,74,0,80,0,8,79,0,87,156,0,156,243
12/23/2016,ESN,MD,AEA,EN,Federal Contract Tower,0,3,10,0,13,0,1,49,0,50,0,4,59,0,63,116,0,116,179
12/24/2016,ESN,MD,AEA,EN,Federal Contract Tower,0,2,5,0,7,0,2,0,0,2,0,4,5,0,9,0,0,0,9
12/25/2016,ESN,MD,AEA,EN,Federal Contract Tower,0,0,0,0,0,0,2,19,0,21,0,2,19,0,21,18,0,18,39
12/26/2016,ESN,MD,AEA,EN,Federal Contract Tower,0,7,15,0,22,0,2,8,2,12,0,9,23,2,34,22,0,22,56
12/27/2016,ESN,MD,AEA,EN,Federal Contract Tower,0,3,14,1,18,0,4,13,1,18,0,7,27,2,36,34,0,34,70
12/28/2016,ESN,MD,AEA,EN,Federal Contract Tower,0,5,17,0,22,0,2,81,3,86,0,7,98,3,108,82,12,94,202
12/29/2016,ESN,MD,AEA,EN,Federal Contract Tower,0,5,6,0,11,0,0,9,0,9,0,5,15,0,20,18,0,18,38
12/30/2016,ESN,MD,AEA,EN,Federal Contract Tower,0,2,5,0,7,0,0,20,0,20,0,2,25,0,27,16,0,16,43
12/31/2016,ESN,MD,AEA,EN,Federal Contract Tower,0,0,10,0,10,0,2,47,1,50,0,2,57,1,60,26,0,26,86
01/01/2017,ESN,MD,AEA,EN,Federal Contract Tower,0,7,1,0,8,0,2,51,0,53,0,9,52,0,61,32,4,36,97
01/02/2017,ESN,MD,AEA,EN,Federal Contract Tower,0,5,2,0,7,0,0,0,0,0,0,5,2,0,7,0,0,0,7
01/03/2017,ESN,MD,AEA,EN,Federal Contract Tower,0,7,3,0,10,0,0,0,0,0,0,7,3,0,10,0,0,0,10
01/04/2017,ESN,MD,AEA,EN,Federal Contract Tower,0,5,8,0,13,0,8,48,0,56,0,13,56,0,69,92,0,92,161
01/05/2017,ESN,MD,AEA,EN,Federal Contract Tower,0,5,12,0,17,0,7,23,0,30,0,12,35,0,47,26,0,26,73
01/06/2017,ESN,MD,AEA,EN,Federal Contract Tower,0,7,9,0,16,0,0,31,3,34,0,7,40,3,50,88,0,88,138
01/07/2017,ESN,MD,AEA,EN,Federal Contract Tower,0,0,0,0,0,0,0,0,0,0,0,0,0,0,0,0,0,0,0
01/08/2017,ESN,MD,AEA,EN,Federal Contract Tower,0,1,2,0,3,0,0,2,0,2,0,1,4,0,5,0,0,0,5
01/09/2017,ESN,MD,AEA,EN,Federal Contract Tower,0,1,14,0,15,0,0,14,0,14,0,1,28,0,29,34,0,34,63
01/10/2017,ESN,MD,AEA,EN,Federal Contract Tower,0,0,4,0,4,0,2,12,2,16,0,2,16,2,20,66,0,66,86
01/11/2017,ESN,MD,AEA,EN,Federal Contract Tower,0,1,9,0,10,0,0,36,6,42,0,1,45,6,52,78,0,78,130
01/12/2017,ESN,MD,AEA,EN,Federal Contract Tower,0,0,12,0,12,0,4,29,5,38,0,4,41,5,50,20,4,24,74
01/13/2017,ESN,MD,AEA,EN,Federal Contract Tower,0,2,11,0,13,0,9,57,0,66,0,11,68,0,79,120,0,120,199
01/14/2017,ESN,MD,AEA,EN,Federal Contract Tower,0,1,1,0,2,0,0,2,0,2,0,1,3,0,4,8,0,8,12
01/15/2017,ESN,MD,AEA,EN,Federal Contract Tower,0,2,16,0,18,0,1,67,5,73,0,3,83,5,91,96,0,96,187
01/16/2017,ESN,MD,AEA,EN,Federal Contract Tower,0,2,7,0,9,0,3,62,2,67,0,5,69,2,76,116,0,116,192
01/17/2017,ESN,MD,AEA,EN,Federal Contract Tower,0,1,7,0,8,0,0,0,0,0,0,1,7,0,8,0,0,0,8
01/18/2017,ESN,MD,AEA,EN,Federal Contract Tower,0,9,9,0,18,0,7,36,4,47,0,16,45,4,65,64,0,64,129
01/19/2017,ESN,MD,AEA,EN,Federal Contract Tower,0,6,5,0,11,0,19,45,2,66,0,25,50,2,77,130,0,130,207
01/20/2017,ESN,MD,AEA,EN,Federal Contract Tower,0,1,4,0,5,0,2,3,2,7,0,3,7,2,12,0,0,0,12
01/21/2017,ESN,MD,AEA,EN,Federal Contract Tower,0,3,4,0,7,0,0,0,0,0,0,3,4,0,7,0,0,0,7
01/22/2017,ESN,MD,AEA,EN,Federal Contract Tower,0,2,7,0,9,0,0,0,0,0,0,2,7,0,9,0,0,0,9
01/23/2017,ESN,MD,AEA,EN,Federal Contract Tower,0,2,5,0,7,0,0,0,0,0,0,2,5,0,7,0,0,0,7
01/24/2017,ESN,MD,AEA,EN,Federal Contract Tower,0,2,7,0,9,0,2,10,0,12,0,4,17,0,21,4,0,4,25
01/25/2017,ESN,MD,AEA,EN,Federal Contract Tower,0,14,10,0,24,0,10,91,4,105,0,24,101,4,129,170,0,170,299
01/26/2017,ESN,MD,AEA,EN,Federal Contract Tower,0,5,9,0,14,0,1,12,0,13,0,6,21,0,27,12,0,12,39
01/27/2017,ESN,MD,AEA,EN,Federal Contract Tower,0,2,7,0,9,0,9,26,0,35,0,11,33,0,44,14,0,14,58
01/28/2017,ESN,MD,AEA,EN,Federal Contract Tower,0,1,14,0,15,0,2,50,1,53,0,3,64,1,68,88,0,88,156
01/29/2017,ESN,MD,AEA,EN,Federal Contract Tower,0,2,13,0,15,0,2,66,2,70,0,4,79,2,85,96,2,98,183
01/30/2017,ESN,MD,AEA,EN,Federal Contract Tower,0,0,9,1,10,0,0,13,3,16,0,0,22,4,26,14,0,14,40
01/31/2017,ESN,MD,AEA,EN,Federal Contract Tower,0,2,8,0,10,0,4,35,0,39,0,6,43,0,49,68,0,68,117
02/01/2017,ESN,MD,AEA,EN,Federal Contract Tower,0,2,9,0,11,0,10,52,0,62,0,12,61,0,73,116,0,116,189
02/02/2017,ESN,MD,AEA,EN,Federal Contract Tower,0,2,2,2,6,0,8,43,3,54,0,10,45,5,60,80,20,100,160
02/03/2017,ESN,MD,AEA,EN,Federal Contract Tower,0,0,14,2,16,0,13,52,2,67,0,13,66,4,83,82,0,82,165
02/04/2017,ESN,MD,AEA,EN,Federal Contract Tower,0,6,7,0,13,0,3,78,5,86,0,9,85,5,99,92,0,92,191
02/05/2017,ESN,MD,AEA,EN,Federal Contract Tower,0,0,6,0,6,0,3,42,0,45,0,3,48,0,51,58,0,58,109
02/06/2017,ESN,MD,AEA,EN,Federal Contract Tower,0,2,2,0,4,0,2,37,2,41,0,4,39,2,45,88,6,94,139
02/07/2017,ESN,MD,AEA,EN,Federal Contract Tower,0,0,3,1,4,0,8,29,1,38,0,8,32,2,42,63,2,65,107
02/08/2017,ESN,MD,AEA,EN,Federal Contract Tower,0,0,8,0,8,0,5,56,0,61,0,5,64,0,69,112,0,112,181
02/09/2017,ESN,MD,AEA,EN,Federal Contract Tower,0,2,6,0,8,0,1,2,2,5,0,3,8,2,13,0,0,0,13
02/10/2017,ESN,MD,AEA,EN,Federal Contract Tower,0,3,14,0,17,0,1,40,4,45,0,4,54,4,62,96,0,96,158
02/11/2017,ESN,MD,AEA,EN,Federal Contract Tower,0,1,7,0,8,0,1,77,0,78,0,2,84,0,86,170,0,170,256
02/12/2017,ESN,MD,AEA,EN,Federal Contract Tower,0,0,13,0,13,0,0,7,0,7,0,0,20,0,20,0,0,0,20
02/13/2017,ESN,MD,AEA,EN,Federal Contract Tower,0,3,7,2,12,0,1,0,0,1,0,4,7,2,13,0,0,0,13
02/14/2017,ESN,MD,AEA,EN,Federal Contract Tower,0,1,11,0,12,0,6,61,2,69,0,7,72,2,81,108,0,108,189
02/15/2017,ESN,MD,AEA,EN,Federal Contract Tower,0,5,5,2,12,0,25,27,4,56,0,30,32,6,68,64,0,64,132
02/16/2017,ESN,MD,AEA,EN,Federal Contract Tower,0,3,11,0,14,0,7,7,3,17,0,10,18,3,31,6,0,6,37
02/17/2017,ESN,MD,AEA,EN,Federal Contract Tower,0,0,10,0,10,0,11,45,1,57,0,11,55,1,67,48,0,48,115
02/18/2017,ESN,MD,AEA,EN,Federal Contract Tower,0,0,3,0,3,0,0,75,6,81,0,0,78,6,84,94,0,94,178
02/19/2017,ESN,MD,AEA,EN,Federal Contract Tower,0,3,6,0,9,0,0,62,1,63,0,3,68,1,72,72,0,72,144
02/20/2017,ESN,MD,AEA,EN,Federal Contract Tower,0,2,11,0,13,0,18,82,0,100,0,20,93,0,113,132,4,136,249
02/21/2017,ESN,MD,AEA,EN,Federal Contract Tower,0,2,9,3,14,0,2,48,5,55,0,4,57,8,69,98,38,136,205
02/22/2017,ESN,MD,AEA,EN,Federal Contract Tower,0,2,16,4,22,0,10,48,0,58,0,12,64,4,80,74,0,74,154
02/23/2017,ESN,MD,AEA,EN,Federal Contract Tower,0,0,15,0,15,0,2,49,0,51,0,2,64,0,66,100,0,100,166
02/24/2017,ESN,MD,AEA,EN,Federal Contract Tower,0,0,19,0,19,0,2,60,0,62,0,2,79,0,81,88,0,88,169
02/25/2017,ESN,MD,AEA,EN,Federal Contract Tower,0,2,5,0,7,0,3,20,0,23,0,5,25,0,30,14,0,14,44
02/26/2017,ESN,MD,AEA,EN,Federal Contract Tower,0,0,12,0,12,0,18,26,0,44,0,18,38,0,56,34,0,34,90
02/27/2017,ESN,MD,AEA,EN,Federal Contract Tower,0,4,7,0,11,0,7,35,6,48,0,11,42,6,59,136,18,154,213
02/28/2017,ESN,MD,AEA,EN,Federal Contract Tower,0,0,5,4,9,0,7,24,2,33,0,7,29,6,42,64,46,110,152
03/01/2017,ESN,MD,AEA,EN,Federal Contract Tower,0,3,6,0,9,0,17,9,0,26,0,20,15,0,35,24,22,46,81
03/02/2017,ESN,MD,AEA,EN,Federal Contract Tower,0,7,7,0,14,0,32,12,5,49,0,39,19,5,63,4,0,4,67
03/03/2017,ESN,MD,AEA,EN,Federal Contract Tower,0,0,8,0,8,0,1,19,10,30,0,1,27,10,38,26,6,32,70
03/04/2017,ESN,MD,AEA,EN,Federal Contract Tower,0,0,4,2,6,0,0,59,8,67,0,0,63,10,73,32,0,32,105
03/05/2017,ESN,MD,AEA,EN,Federal Contract Tower,0,1,14,0,15,0,0,58,5,63,0,1,72,5,78,128,0,128,206
03/06/2017,ESN,MD,AEA,EN,Federal Contract Tower,0,0,16,3,19,0,8,33,1,42,0,8,49,4,61,58,14,72,133
03/07/2017,ESN,MD,AEA,EN,Federal Contract Tower,0,5,5,2,12,0,0,25,12,37,0,5,30,14,49,30,4,34,83
03/08/2017,ESN,MD,AEA,EN,Federal Contract Tower,0,1,7,0,8,0,30,55,8,93,0,31,62,8,101,80,28,108,209
03/09/2017,ESN,MD,AEA,EN,Federal Contract Tower,0,5,8,0,13,0,28,77,2,107,0,33,85,2,120,62,18,80,200
03/10/2017,ESN,MD,AEA,EN,Federal Contract Tower,0,1,2,0,3,0,5,3,0,8,0,6,5,0,11,0,0,0,11
03/11/2017,ESN,MD,AEA,EN,Federal Contract Tower,0,0,2,0,2,0,1,48,0,49,0,1,50,0,51,100,0,100,151
03/12/2017,ESN,MD,AEA,EN,Federal Contract Tower,0,1,13,0,14,0,1,47,3,51,0,2,60,3,65,66,0,66,131
03/13/2017,ESN,MD,AEA,EN,Federal Contract Tower,0,2,8,0,10,0,0,57,9,66,0,2,65,9,76,80,12,92,168
03/14/2017,ESN,MD,AEA,EN,Federal Contract Tower,0,0,0,0,0,0,0,0,0,0,0,0,0,0,0,0,0,0,0
03/15/2017,ESN,MD,AEA,EN,Federal Contract Tower,0,6,9,0,15,0,2,4,0,6,0,8,13,0,21,4,0,4,25
03/16/2017,ESN,MD,AEA,EN,Federal Contract Tower,0,1,9,0,10,0,13,21,10,44,0,14,30,10,54,4,0,4,58
03/17/2017,ESN,MD,AEA,EN,Federal Contract Tower,0,1,9,0,10,0,16,59,3,78,0,17,68,3,88,98,0,98,186
03/18/2017,ESN,MD,AEA,EN,Federal Contract Tower,0,3,3,0,6,0,3,24,0,27,0,6,27,0,33,28,0,28,61
03/19/2017,ESN,MD,AEA,EN,Federal Contract Tower,0,3,5,0,8,0,2,18,0,20,0,5,23,0,28,20,0,20,48
03/20/2017,ESN,MD,AEA,EN,Federal Contract Tower,0,5,9,0,14,0,1,57,8,66,0,6,66,8,80,132,40,172,252
03/21/2017,ESN,MD,AEA,EN,Federal Contract Tower,0,1,10,7,18,0,5,47,2,54,0,6,57,9,72,108,44,152,224
03/22/2017,ESN,MD,AEA,EN,Federal Contract Tower,0,1,9,0,10,0,13,24,11,48,0,14,33,11,58,8,0,8,66
03/23/2017,ESN,MD,AEA,EN,Federal Contract Tower,0,2,29,0,31,0,24,75,5,104,0,26,104,5,135,116,12,128,263
03/24/2017,ESN,MD,AEA,EN,Federal Contract Tower,0,4,10,0,14,0,3,45,4,52,0,7,55,4,66,92,2,94,160
03/25/2017,ESN,MD,AEA,EN,Federal Contract Tower,0,3,21,0,24,0,5,89,0,94,0,8,110,0,118,154,2,156,274
03/26/2017,ESN,MD,AEA,EN,Federal Contract Tower,0,3,36,0,39,0,0,0,0,0,0,3,36,0,39,0,0,0,39
03/27/2017,ESN,MD,AEA,EN,Federal Contract Tower,0,1,6,0,7,0,1,31,2,34,0,2,37,2,41,64,0,64,105
03/28/2017,ESN,MD,AEA,EN,Federal Contract Tower,0,2,11,0,13,0,6,15,0,21,0,8,26,0,34,40,22,62,96
03/29/2017,ESN,MD,AEA,EN,Federal Contract Tower,0,1,10,0,11,0,2,95,6,103,0,3,105,6,114,94,4,98,212
03/30/2017,ESN,MD,AEA,EN,Federal Contract Tower,0,2,15,3,20,0,12,82,10,104,0,14,97,13,124,130,4,134,258
03/31/2017,ESN,MD,AEA,EN,Federal Contract Tower,0,5,8,0,13,0,0,0,0,0,0,5,8,0,13,0,0,0,13
04/01/2017,ESN,MD,AEA,EN,Federal Contract Tower,0,0,20,0,20,0,4,38,4,46,0,4,58,4,66,48,0,48,114
04/02/2017,ESN,MD,AEA,EN,Federal Contract Tower,0,0,10,0,10,0,7,93,4,104,0,7,103,4,114,134,0,134,248
04/03/2017,ESN,MD,AEA,EN,Federal Contract Tower,0,1,17,0,18,0,9,46,0,55,0,10,63,0,73,56,8,64,137
04/04/2017,ESN,MD,AEA,EN,Federal Contract Tower,0,4,5,0,9,0,1,26,2,29,0,5,31,2,38,98,16,114,152
04/05/2017,ESN,MD,AEA,EN,Federal Contract Tower,0,4,34,2,40,0,7,88,0,95,0,11,122,2,135,142,0,142,277
04/06/2017,ESN,MD,AEA,EN,Federal Contract Tower,0,3,6,0,9,0,18,6,2,26,0,21,12,2,35,8,4,12,47
04/07/2017,ESN,MD,AEA,EN,Federal Contract Tower,0,0,6,0,6,0,0,4,0,4,0,0,10,0,10,0,0,0,10
04/08/2017,ESN,MD,AEA,EN,Federal Contract Tower,0,2,7,0,9,0,3,55,1,59,0,5,62,1,68,104,0,104,172
04/09/2017,ESN,MD,AEA,EN,Federal Contract Tower,0,0,8,0,8,0,1,66,0,67,0,1,74,0,75,114,0,114,189
04/10/2017,ESN,MD,AEA,EN,Federal Contract Tower,0,1,9,0,10,0,4,30,1,35,0,5,39,1,45,46,32,78,123
04/11/2017,ESN,MD,AEA,EN,Federal Contract Tower,0,1,9,0,10,0,5,65,0,70,0,6,74,0,80,98,0,98,178
04/12/2017,ESN,MD,AEA,EN,Federal Contract Tower,0,1,10,0,11,0,2,57,2,61,0,3,67,2,72,166,12,178,250
04/13/2017,ESN,MD,AEA,EN,Federal Contract Tower,0,0,16,1,17,0,6,59,0,65,0,6,75,1,82,94,14,108,190
04/14/2017,ESN,MD,AEA,EN,Federal Contract Tower,0,6,13,1,20,0,6,78,0,84,0,12,91,1,104,152,8,160,264
04/15/2017,ESN,MD,AEA,EN,Federal Contract Tower,0,2,17,0,19,0,0,53,3,56,0,2,70,3,75,124,0,124,199
04/16/2017,ESN,MD,AEA,EN,Federal Contract Tower,0,0,9,0,9,0,2,24,0,26,0,2,33,0,35,28,2,30,65
04/17/2017,ESN,MD,AEA,EN,Federal Contract Tower,0,2,19,1,22,0,0,17,1,18,0,2,36,2,40,20,24,44,84
04/18/2017,ESN,MD,AEA,EN,Federal Contract Tower,0,1,10,0,11,0,1,60,0,61,0,2,70,0,72,106,26,132,204
04/19/2017,ESN,MD,AEA,EN,Federal Contract Tower,0,3,12,0,15,0,1,35,9,45,0,4,47,9,60,56,10,66,126
04/20/2017,ESN,MD,AEA,EN,Federal Contract Tower,0,2,18,0,20,0,2,35,13,50,0,4,53,13,70,46,60,106,176
04/21/2017,ESN,MD,AEA,EN,Federal Contract Tower,0,8,11,0,19,0,2,19,0,21,0,10,30,0,40,46,0,46,86
04/22/2017,ESN,MD,AEA,EN,Federal Contract Tower,0,2,47,0,49,0,0,0,0,0,0,2,47,0,49,0,0,0,49
04/23/2017,ESN,MD,AEA,EN,Federal Contract Tower,0,4,14,0,18,0,8,69,1,78,0,12,83,1,96,116,0,116,212
04/24/2017,ESN,MD,AEA,EN,Federal Contract Tower,0,2,13,2,17,0,2,19,2,23,0,4,32,4,40,32,0,32,72
04/25/2017,ESN,MD,AEA,EN,Federal Contract Tower,0,3,12,0,15,0,0,0,0,0,0,3,12,0,15,0,0,0,15
04/26/2017,ESN,MD,AEA,EN,Federal Contract Tower,0,3,26,0,29,0,6,26,0,32,0,9,52,0,61,0,0,0,61
04/27/2017,ESN,MD,AEA,EN,Federal Contract Tower,0,6,14,2,22,0,4,88,5,97,0,10,102,7,119,118,2,120,239
04/28/2017,ESN,MD,AEA,EN,Federal Contract Tower,0,0,12,0,12,0,2,66,8,76,0,2,78,8,88,158,16,174,262
04/29/2017,ESN,MD,AEA,EN,Federal Contract Tower,0,0,7,0,7,0,3,56,0,59,0,3,63,0,66,144,0,144,210
04/30/2017,ESN,MD,AEA,EN,Federal Contract Tower,0,3,20,0,23,0,5,33,0,38,0,8,53,0,61,68,0,68,129
05/01/2017,ESN,MD,AEA,EN,Federal Contract Tower,0,1,6,0,7,0,0,8,2,10,0,1,14,2,17,12,0,12,29
05/02/2017,ESN,MD,AEA,EN,Federal Contract Tower,0,3,8,0,11,0,1,20,3,24,0,4,28,3,35,46,26,72,107
05/03/2017,ESN,MD,AEA,EN,Federal Contract Tower,0,1,9,0,10,0,0,41,2,43,0,1,50,2,53,64,0,64,117
05/04/2017,ESN,MD,AEA,EN,Federal Contract Tower,0,4,10,0,14,0,6,56,0,62,0,10,66,0,76,130,0,130,206
05/05/2017,ESN,MD,AEA,EN,Federal Contract Tower,0,1,7,0,8,0,0,0,0,0,0,1,7,0,8,0,0,0,8
05/06/2017,ESN,MD,AEA,EN,Federal Contract Tower,0,2,9,0,11,0,5,13,0,18,0,7,22,0,29,12,0,12,41
05/07/2017,ESN,MD,AEA,EN,Federal Contract Tower,0,1,9,0,10,0,4,51,2,57,0,5,60,2,67,18,0,18,85
05/08/2017,ESN,MD,AEA,EN,Federal Contract Tower,0,1,10,0,11,0,3,54,0,57,0,4,64,0,68,60,0,60,128
05/09/2017,ESN,MD,AEA,EN,Federal Contract Tower,0,1,15,0,16,0,0,66,3,69,0,1,81,3,85,168,16,184,269
05/10/2017,ESN,MD,AEA,EN,Federal Contract Tower,0,4,16,0,20,0,4,87,6,97,0,8,103,6,117,176,76,252,369
05/11/2017,ESN,MD,AEA,EN,Federal Contract Tower,0,11,16,0,27,0,7,4,24,35,0,18,20,24,62,10,0,10,72
05/12/2017,ESN,MD,AEA,EN,Federal Contract Tower,0,6,20,2,28,0,0,23,8,31,0,6,43,10,59,2,0,2,61
05/13/2017,ESN,MD,AEA,EN,Federal Contract Tower,0,5,9,0,14,0,0,0,0,0,0,5,9,0,14,0,0,0,14
05/14/2017,ESN,MD,AEA,EN,Federal Contract Tower,0,2,16,0,18,0,0,25,0,25,0,2,41,0,43,54,0,54,97
05/15/2017,ESN,MD,AEA,EN,Federal Contract Tower,0,0,10,0,10,0,2,33,0,35,0,2,43,0,45,72,12,84,129
05/16/2017,ESN,MD,AEA,EN,Federal Contract Tower,0,4,12,0,16,0,2,84,0,86,0,6,96,0,102,178,42,220,322
05/17/2017,ESN,MD,AEA,EN,Federal Contract Tower,0,2,11,2,15,0,15,83,16,114,0,17,94,18,129,190,18,208,337
05/18/2017,ESN,MD,AEA,EN,Federal Contract Tower,0,6,11,0,17,0,9,74,1,84,0,15,85,1,101,106,8,114,215
05/19/2017,ESN,MD,AEA,EN,Federal Contract Tower,0,1,15,0,16,0,6,69,0,75,0,7,84,0,91,138,0,138,229
05/20/2017,ESN,MD,AEA,EN,Federal Contract Tower,0,1,9,0,10,0,4,37,4,45,0,5,46,4,55,66,0,66,121
05/21/2017,ESN,MD,AEA,EN,Federal Contract Tower,0,4,12,0,16,0,2,33,0,35,0,6,45,0,51,10,0,10,61
05/22/2017,ESN,MD,AEA,EN,Federal Contract Tower,0,4,11,0,15,0,0,2,0,2,0,4,13,0,17,0,0,0,17
05/23/2017,ESN,MD,AEA,EN,Federal Contract Tower,0,1,21,7,29,0,0,10,2,12,0,1,31,9,41,0,36,36,77
05/24/2017,ESN,MD,AEA,EN,Federal Contract Tower,0,2,16,0,18,0,0,8,0,8,0,2,24,0,26,14,0,14,40
05/25/2017,ESN,MD,AEA,EN,Federal Contract Tower,0,3,16,0,19,0,0,20,2,22,0,3,36,2,41,26,0,26,67
05/26/2017,ESN,MD,AEA,EN,Federal Contract Tower,0,7,27,0,34,0,4,78,0,82,0,11,105,0,116,102,0,102,218
05/27/2017,ESN,MD,AEA,EN,Federal Contract Tower,0,6,11,0,17,0,0,82,0,82,0,6,93,0,99,248,0,248,347
05/28/2017,ESN,MD,AEA,EN,Federal Contract Tower,0,5,5,0,10,0,0,32,0,32,0,5,37,0,42,34,0,34,76
05/29/2017,ESN,MD,AEA,EN,Federal Contract Tower,0,7,23,0,30,0,4,14,0,18,0,11,37,0,48,10,0,10,58
05/30/2017,ESN,MD,AEA,EN,Federal Contract Tower,0,2,14,0,16,0,0,0,0,0,0,2,14,0,16,0,0,0,16
05/31/2017,ESN,MD,AEA,EN,Federal Contract Tower,0,4,9,0,13,0,12,49,4,65,0,16,58,4,78,108,54,162,240
06/01/2017,ESN,MD,AEA,EN,Federal Contract Tower,0,3,9,4,16,0,6,100,2,108,0,9,109,6,124,204,6,210,334
06/02/2017,ESN,MD,AEA,EN,Federal Contract Tower,0,9,18,0,27,0,0,121,8,129,0,9,139,8,156,256,18,274,430
06/03/2017,ESN,MD,AEA,EN,Federal Contract Tower,0,10,11,0,21,0,0,105,0,105,0,10,116,0,126,182,0,182,308
06/04/2017,ESN,MD,AEA,EN,Federal Contract Tower,0,7,6,0,13,0,3,75,6,84,0,10,81,6,97,126,0,126,223
06/05/2017,ESN,MD,AEA,EN,Federal Contract Tower,0,7,13,0,20,0,9,14,89,112,0,16,27,89,132,28,50,78,210
06/06/2017,ESN,MD,AEA,EN,Federal Contract Tower,0,0,12,0,12,0,2,30,96,128,0,2,42,96,140,46,164,210,350
06/07/2017,ESN,MD,AEA,EN,Federal Contract Tower,0,3,32,6,41,0,10,36,76,122,0,13,68,82,163,40,154,194,357
06/08/2017,ESN,MD,AEA,EN,Federal Contract Tower,0,8,17,4,29,0,18,49,101,168,0,26,66,105,197,120,290,410,607
06/09/2017,ESN,MD,AEA,EN,Federal Contract Tower,0,6,18,0,24,0,4,90,148,242,0,10,108,148,266,112,288,400,666
06/10/2017,ESN,MD,AEA,EN,Federal Contract Tower,0,3,16,1,20,0,3,80,102,185,0,6,96,103,205,104,254,358,563
06/11/2017,ESN,MD,AEA,EN,Federal Contract Tower,0,8,16,0,24,0,5,80,4,89,0,13,96,4,113,108,0,108,221
06/12/2017,ESN,MD,AEA,EN,Federal Contract Tower,0,1,14,0,15,0,0,35,67,102,0,1,49,67,117,34,226,260,377
06/13/2017,ESN,MD,AEA,EN,Federal Contract Tower,0,4,11,0,15,0,2,50,95,147,0,6,61,95,162,44,492,536,698
06/14/2017,ESN,MD,AEA,EN,Federal Contract Tower,0,2,17,0,19,0,1,68,137,206,0,3,85,137,225,108,576,684,909
06/15/2017,ESN,MD,AEA,EN,Federal Contract Tower,0,4,13,0,17,0,0,43,99,142,0,4,56,99,159,80,566,646,805
06/16/2017,ESN,MD,AEA,EN,Federal Contract Tower,0,7,32,0,39,0,6,27,54,87,0,13,59,54,126,58,494,552,678
06/17/2017,ESN,MD,AEA,EN,Federal Contract Tower,0,10,15,0,25,0,0,28,14,42,0,10,43,14,67,16,28,44,111
06/18/2017,ESN,MD,AEA,EN,Federal Contract Tower,0,2,14,0,16,0,4,11,2,17,0,6,25,2,33,4,0,4,37
06/19/2017,ESN,MD,AEA,EN,Federal Contract Tower,0,14,9,0,23,0,3,7,41,51,0,17,16,41,74,0,318,318,392
06/20/2017,ESN,MD,AEA,EN,Federal Contract Tower,0,10,8,0,18,0,1,38,68,107,0,11,46,68,125,74,360,434,559
06/21/2017,ESN,MD,AEA,EN,Federal Contract Tower,0,8,10,0,18,0,8,57,96,161,0,16,67,96,179,78,512,590,769
06/22/2017,ESN,MD,AEA,EN,Federal Contract Tower,0,2,16,0,18,0,15,41,67,123,0,17,57,67,141,78,286,364,505
06/23/2017,ESN,MD,AEA,EN,Federal Contract Tower,0,3,10,0,13,0,3,3,38,44,0,6,13,38,57,10,148,158,215
06/24/2017,ESN,MD,AEA,EN,Federal Contract Tower,0,0,7,0,7,0,1,55,0,56,0,1,62,0,63,62,0,62,125
06/25/2017,ESN,MD,AEA,EN,Federal Contract Tower,0,2,16,0,18,0,0,58,2,60,0,2,74,2,78,68,2,70,148
06/26/2017,ESN,MD,AEA,EN,Federal Contract Tower,0,4,22,0,26,0,2,23,16,41,0,6,45,16,67,58,40,98,165
06/27/2017,ESN,MD,AEA,EN,Federal Contract Tower,0,1,13,0,14,0,4,52,13,69,0,5,65,13,83,124,34,158,241
06/28/2017,ESN,MD,AEA,EN,Federal Contract Tower,0,0,11,0,11,0,10,76,44,130,0,10,87,44,141,84,116,200,341
06/29/2017,ESN,MD,AEA,EN,Federal Contract Tower,0,4,14,0,18,0,10,56,15,81,0,14,70,15,99,70,22,92,191
06/30/2017,ESN,MD,AEA,EN,Federal Contract Tower,0,2,12,0,14,0,1,45,28,74,0,3,57,28,88,70,56,126,214
07/01/2017,ESN,MD,AEA,EN,Federal Contract Tower,0,4,28,0,32,0,0,35,90,125,0,4,63,90,157,92,176,268,425
07/02/2017,ESN,MD,AEA,EN,Federal Contract Tower,0,9,6,0,15,0,7,69,0,76,0,16,75,0,91,110,0,110,201
07/03/2017,ESN,MD,AEA,EN,Federal Contract Tower,0,2,10,0,12,0,3,61,81,145,0,5,71,81,157,78,190,268,425
07/04/2017,ESN,MD,AEA,EN,Federal Contract Tower,0,3,11,0,14,0,0,42,0,42,0,3,53,0,56,32,0,32,88
07/05/2017,ESN,MD,AEA,EN,Federal Contract Tower,0,5,13,0,18,0,2,39,66,107,0,7,52,66,125,102,274,376,501
07/06/2017,ESN,MD,AEA,EN,Federal Contract Tower,0,6,20,0,26,0,3,0,0,3,0,9,20,0,29,0,0,0,29
07/07/2017,ESN,MD,AEA,EN,Federal Contract Tower,0,1,13,0,14,0,1,24,76,101,0,2,37,76,115,64,108,172,287
07/08/2017,ESN,MD,AEA,EN,Federal Contract Tower,0,3,14,0,17,0,1,84,103,188,0,4,98,103,205,142,420,562,767
07/09/2017,ESN,MD,AEA,EN,Federal Contract Tower,0,2,15,0,17,0,3,76,79,158,0,5,91,79,175,54,282,336,511
07/10/2017,ESN,MD,AEA,EN,Federal Contract Tower,0,0,24,0,24,0,3,47,91,141,0,3,71,91,165,66,332,398,563
07/11/2017,ESN,MD,AEA,EN,Federal Contract Tower,0,2,9,2,13,0,3,37,111,151,0,5,46,113,164,104,510,614,778
07/12/2017,ESN,MD,AEA,EN,Federal Contract Tower,0,7,8,0,15,0,2,51,107,160,0,9,59,107,175,126,524,650,825
07/13/2017,ESN,MD,AEA,EN,Federal Contract Tower,0,3,7,0,10,0,4,36,74,114,0,7,43,74,124,64,368,432,556
07/14/2017,ESN,MD,AEA,EN,Federal Contract Tower,0,5,13,0,18,0,0,46,66,112,0,5,59,66,130,60,408,468,598
07/15/2017,ESN,MD,AEA,EN,Federal Contract Tower,0,8,28,1,37,0,4,34,57,95,0,12,62,58,132,58,254,312,444
07/16/2017,ESN,MD,AEA,EN,Federal Contract Tower,0,7,12,0,19,0,4,56,9,69,0,11,68,9,88,84,14,98,186
07/17/2017,ESN,MD,AEA,EN,Federal Contract Tower,0,7,11,1,19,0,4,9,60,73,0,11,20,61,92,6,276,282,374
07/18/2017,ESN,MD,AEA,EN,Federal Contract Tower,0,13,23,1,37,0,4,29,67,100,0,17,52,68,137,68,322,390,527
07/19/2017,ESN,MD,AEA,EN,Federal Contract Tower,0,0,11,2,13,0,4,31,51,86,0,4,42,53,99,44,220,264,363
07/20/2017,ESN,MD,AEA,EN,Federal Contract Tower,0,7,11,0,18,0,17,43,27,87,0,24,54,27,105,118,114,232,337
07/21/2017,ESN,MD,AEA,EN,Federal Contract Tower,0,0,10,0,10,0,6,33,11,50,0,6,43,11,60,66,26,92,152
07/22/2017,ESN,MD,AEA,EN,Federal Contract Tower,0,2,8,0,10,0,1,31,1,33,0,3,39,1,43,76,0,76,119
07/23/2017,ESN,MD,AEA,EN,Federal Contract Tower,0,2,23,0,25,0,7,31,0,38,0,9,54,0,63,16,0,16,79
07/24/2017,ESN,MD,AEA,EN,Federal Contract Tower,0,4,13,0,17,0,2,42,14,58,0,6,55,14,75,58,4,62,137
07/25/2017,ESN,MD,AEA,EN,Federal Contract Tower,0,1,12,0,13,0,1,53,16,70,0,2,65,16,83,22,38,60,143
07/26/2017,ESN,MD,AEA,EN,Federal Contract Tower,0,2,12,0,14,0,4,52,1,57,0,6,64,1,71,68,6,74,145
07/27/2017,ESN,MD,AEA,EN,Federal Contract Tower,0,7,14,2,23,0,4,31,6,41,0,11,45,8,64,88,10,98,162
07/28/2017,ESN,MD,AEA,EN,Federal Contract Tower,0,0,15,0,15,0,0,0,0,0,0,0,15,0,15,0,0,0,15
07/29/2017,ESN,MD,AEA,EN,Federal Contract Tower,0,2,16,0,18,0,2,17,0,19,0,4,33,0,37,28,4,32,69
07/30/2017,ESN,MD,AEA,EN,Federal Contract Tower,0,3,19,0,22,0,3,87,4,94,0,6,106,4,116,146,14,160,276
07/31/2017,ESN,MD,AEA,EN,Federal Contract Tower,0,4,14,0,18,0,2,55,91,148,0,6,69,91,166,58,112,170,336
08/01/2017,ESN,MD,AEA,EN,Federal Contract Tower,0,1,6,1,8,0,1,48,95,144,0,2,54,96,152,86,234,320,472
08/02/2017,ESN,MD,AEA,EN,Federal Contract Tower,0,9,12,0,21,0,3,44,100,147,0,12,56,100,168,82,270,352,520
08/03/2017,ESN,MD,AEA,EN,Federal Contract Tower,0,9,11,0,20,0,11,53,87,151,0,20,64,87,171,58,240,298,469
08/04/2017,ESN,MD,AEA,EN,Federal Contract Tower,0,1,4,1,6,0,3,59,105,167,0,4,63,106,173,100,210,310,483
08/05/2017,ESN,MD,AEA,EN,Federal Contract Tower,0,3,10,1,14,0,0,46,104,150,0,3,56,105,164,90,458,548,712
08/06/2017,ESN,MD,AEA,EN,Federal Contract Tower,0,8,13,0,21,0,5,74,1,80,0,13,87,1,101,88,2,90,191
08/07/2017,ESN,MD,AEA,EN,Federal Contract Tower,0,5,9,0,14,0,0,0,16,16,0,5,9,16,30,0,144,144,174
08/08/2017,ESN,MD,AEA,EN,Federal Contract Tower,0,8,26,0,34,0,1,28,81,110,0,9,54,81,144,6,676,682,826
08/09/2017,ESN,MD,AEA,EN,Federal Contract Tower,0,3,11,0,14,0,3,67,103,173,0,6,78,103,187,134,620,754,941
08/10/2017,ESN,MD,AEA,EN,Federal Contract Tower,0,2,17,0,19,0,4,43,91,138,0,6,60,91,157,88,614,702,859
08/11/2017,ESN,MD,AEA,EN,Federal Contract Tower,0,10,18,0,28,0,3,31,103,137,0,13,49,103,165,92,454,546,711
08/12/2017,ESN,MD,AEA,EN,Federal Contract Tower,0,2,8,0,10,0,0,5,0,5,0,2,13,0,15,4,0,4,19
08/13/2017,ESN,MD,AEA,EN,Federal Contract Tower,0,2,10,0,12,0,7,59,42,108,0,9,69,42,120,88,228,316,436
08/14/2017,ESN,MD,AEA,EN,Federal Contract Tower,0,5,16,0,21,0,8,37,52,97,0,13,53,52,118,48,230,278,396
08/15/2017,ESN,MD,AEA,EN,Federal Contract Tower,0,3,28,0,31,0,0,7,0,7,0,3,35,0,38,10,0,10,48
08/16/2017,ESN,MD,AEA,EN,Federal Contract Tower,0,5,15,0,20,0,3,35,20,58,0,8,50,20,78,120,102,222,300
08/17/2017,ESN,MD,AEA,EN,Federal Contract Tower,0,4,14,0,18,0,7,36,3,46,0,11,50,3,64,64,2,66,130
08/18/2017,ESN,MD,AEA,EN,Federal Contract Tower,0,11,21,0,32,0,2,11,0,13,0,13,32,0,45,56,0,56,101
08/19/2017,ESN,MD,AEA,EN,Federal Contract Tower,0,3,11,0,14,0,2,62,0,64,0,5,73,0,78,122,4,126,204
08/20/2017,ESN,MD,AEA,EN,Federal Contract Tower,0,5,16,0,21,0,0,47,1,48,0,5,63,1,69,40,4,44,113
08/21/2017,ESN,MD,AEA,EN,Federal Contract Tower,0,9,4,0,13,0,1,37,0,38,0,10,41,0,51,10,2,12,63
08/22/2017,ESN,MD,AEA,EN,Federal Contract Tower,0,8,6,0,14,0,12,47,3,62,0,20,53,3,76,46,2,48,124
08/23/2017,ESN,MD,AEA,EN,Federal Contract Tower,0,4,10,0,14,0,2,37,2,41,0,6,47,2,55,90,12,102,157
08/24/2017,ESN,MD,AEA,EN,Federal Contract Tower,0,7,16,0,23,0,6,51,0,57,0,13,67,0,80,110,0,110,190
08/25/2017,ESN,MD,AEA,EN,Federal Contract Tower,0,1,14,0,15,0,4,48,4,56,0,5,62,4,71,122,4,126,197
08/26/2017,ESN,MD,AEA,EN,Federal Contract Tower,0,8,14,0,22,0,5,63,0,68,0,13,77,0,90,96,0,96,186
08/27/2017,ESN,MD,AEA,EN,Federal Contract Tower,0,3,24,0,27,0,3,56,0,59,0,6,80,0,86,66,0,66,152
08/28/2017,ESN,MD,AEA,EN,Federal Contract Tower,0,6,8,1,15,0,2,44,2,48,0,8,52,3,63,64,6,70,133
08/29/2017,ESN,MD,AEA,EN,Federal Contract Tower,0,2,14,0,16,0,0,0,0,0,0,2,14,0,16,0,0,0,16
08/30/2017,ESN,MD,AEA,EN,Federal Contract Tower,0,8,3,0,11,0,2,59,0,61,0,10,62,0,72,124,0,124,196
08/31/2017,ESN,MD,AEA,EN,Federal Contract Tower,0,8,8,0,16,0,7,55,2,64,0,15,63,2,80,148,0,148,228
09/01/2017,ESN,MD,AEA,EN,Federal Contract Tower,0,7,23,0,30,0,4,65,4,73,0,11,88,4,103,116,0,116,219
09/02/2017,ESN,MD,AEA,EN,Federal Contract Tower,0,4,8,0,12,0,0,0,0,0,0,4,8,0,12,0,0,0,12
09/03/2017,ESN,MD,AEA,EN,Federal Contract Tower,0,6,11,0,17,0,0,42,1,43,0,6,53,1,60,98,0,98,158
09/04/2017,ESN,MD,AEA,EN,Federal Contract Tower,0,10,11,0,21,0,6,77,0,83,0,16,88,0,104,144,0,144,248
09/05/2017,ESN,MD,AEA,EN,Federal Contract Tower,0,13,7,0,20,0,3,41,14,58,0,16,48,14,78,96,26,122,200
09/06/2017,ESN,MD,AEA,EN,Federal Contract Tower,0,4,14,0,18,0,0,0,0,0,0,4,14,0,18,0,0,0,18
09/07/2017,ESN,MD,AEA,EN,Federal Contract Tower,0,11,17,2,30,0,1,61,0,62,0,12,78,2,92,126,10,136,228
09/08/2017,ESN,MD,AEA,EN,Federal Contract Tower,0,10,19,0,29,0,7,65,9,81,0,17,84,9,110,128,6,134,244
09/09/2017,ESN,MD,AEA,EN,Federal Contract Tower,0,3,13,0,16,0,2,58,2,62,0,5,71,2,78,120,0,120,198
09/10/2017,ESN,MD,AEA,EN,Federal Contract Tower,0,2,16,0,18,0,2,46,2,50,0,4,62,2,68,124,0,124,192
09/11/2017,ESN,MD,AEA,EN,Federal Contract Tower,0,8,10,0,18,0,5,57,2,64,0,13,67,2,82,132,0,132,214
09/12/2017,ESN,MD,AEA,EN,Federal Contract Tower,0,6,10,0,16,0,5,61,4,70,0,11,71,4,86,72,82,154,240
09/13/2017,ESN,MD,AEA,EN,Federal Contract Tower,0,6,17,2,25,0,0,16,4,20,0,6,33,6,45,58,0,58,103
09/14/2017,ESN,MD,AEA,EN,Federal Contract Tower,0,14,30,0,44,0,1,35,4,40,0,15,65,4,84,102,0,102,186
09/15/2017,ESN,MD,AEA,EN,Federal Contract Tower,0,6,11,0,17,0,5,51,10,66,0,11,62,10,83,138,0,138,221
09/16/2017,ESN,MD,AEA,EN,Federal Contract Tower,0,6,3,0,9,0,1,51,1,53,0,7,54,1,62,158,4,162,224
09/17/2017,ESN,MD,AEA,EN,Federal Contract Tower,0,8,19,0,27,0,7,37,0,44,0,15,56,0,71,54,0,54,125
09/18/2017,ESN,MD,AEA,EN,Federal Contract Tower,0,4,23,2,29,0,0,3,0,3,0,4,26,2,32,6,0,6,38
09/19/2017,ESN,MD,AEA,EN,Federal Contract Tower,0,2,9,0,11,0,14,13,2,29,0,16,22,2,40,28,0,28,68
09/20/2017,ESN,MD,AEA,EN,Federal Contract Tower,0,3,16,0,19,0,2,62,1,65,0,5,78,1,84,96,4,100,184
09/21/2017,ESN,MD,AEA,EN,Federal Contract Tower,0,9,13,0,22,0,7,60,0,67,0,16,73,0,89,114,8,122,211
09/22/2017,ESN,MD,AEA,EN,Federal Contract Tower,0,7,7,0,14,0,4,51,2,57,0,11,58,2,71,118,0,118,189
09/23/2017,ESN,MD,AEA,EN,Federal Contract Tower,0,6,6,0,12,0,6,84,1,91,0,12,90,1,103,104,2,106,209
09/24/2017,ESN,MD,AEA,EN,Federal Contract Tower,0,5,11,0,16,0,8,66,4,78,0,13,77,4,94,92,0,92,186
09/25/2017,ESN,MD,AEA,EN,Federal Contract Tower,0,2,11,2,15,0,3,48,4,55,0,5,59,6,70,62,0,62,132
09/26/2017,ESN,MD,AEA,EN,Federal Contract Tower,0,0,30,0,30,0,3,6,0,9,0,3,36,0,39,16,0,16,55
09/27/2017,ESN,MD,AEA,EN,Federal Contract Tower,0,0,18,0,18,0,13,17,2,32,0,13,35,2,50,78,14,92,142
09/28/2017,ESN,MD,AEA,EN,Federal Contract Tower,0,3,14,0,17,0,8,50,4,62,0,11,64,4,79,86,0,86,165
09/29/2017,ESN,MD,AEA,EN,Federal Contract Tower,0,6,15,0,21,0,6,151,2,159,0,12,166,2,180,152,6,158,338
09/30/2017,ESN,MD,AEA,EN,Federal Contract Tower,0,2,7,1,10,0,5,233,2,240,0,7,240,3,250,577,10,587,837
10/01/2017,ESN,MD,AEA,EN,Federal Contract Tower,0,4,24,0,28,0,4,114,0,118,0,8,138,0,146,158,0,158,304
10/02/2017,ESN,MD,AEA,EN,Federal Contract Tower,0,0,16,0,16,0,6,57,0,63,0,6,73,0,79,122,0,122,201
10/03/2017,ESN,MD,AEA,EN,Federal Contract Tower,0,4,18,0,22,0,5,83,0,88,0,9,101,0,110,124,0,124,234
10/04/2017,ESN,MD,AEA,EN,Federal Contract Tower,0,2,15,3,20,0,1,93,0,94,0,3,108,3,114,194,0,194,308
10/05/2017,ESN,MD,AEA,EN,Federal Contract Tower,0,8,22,0,30,0,32,81,0,113,0,40,103,0,143,126,0,126,269
10/06/2017,ESN,MD,AEA,EN,Federal Contract Tower,0,4,17,0,21,0,0,69,4,73,0,4,86,4,94,162,0,162,256
10/07/2017,ESN,MD,AEA,EN,Federal Contract Tower,0,3,22,0,25,0,5,67,0,72,0,8,89,0,97,128,0,128,225
10/08/2017,ESN,MD,AEA,EN,Federal Contract Tower,0,2,11,0,13,0,6,4,0,10,0,8,15,0,23,20,0,20,43
10/09/2017,ESN,MD,AEA,EN,Federal Contract Tower,0,3,13,0,16,0,2,5,0,7,0,5,18,0,23,14,0,14,37
10/10/2017,ESN,MD,AEA,EN,Federal Contract Tower,0,6,9,0,15,0,0,73,2,75,0,6,82,2,90,180,0,180,270
10/11/2017,ESN,MD,AEA,EN,Federal Contract Tower,0,2,17,4,23,0,0,3,0,3,0,2,20,4,26,0,12,12,38
10/12/2017,ESN,MD,AEA,EN,Federal Contract Tower,0,8,19,0,27,0,4,8,0,12,0,12,27,0,39,0,0,0,39
10/13/2017,ESN,MD,AEA,EN,Federal Contract Tower,0,12,17,0,29,0,0,4,0,4,0,12,21,0,33,2,0,2,35
10/14/2017,ESN,MD,AEA,EN,Federal Contract Tower,0,5,27,0,32,0,0,9,2,11,0,5,36,2,43,0,0,0,43
10/15/2017,ESN,MD,AEA,EN,Federal Contract Tower,0,8,44,0,52,0,0,22,0,22,0,8,66,0,74,44,0,44,118
10/16/2017,ESN,MD,AEA,EN,Federal Contract Tower,0,7,10,0,17,0,2,31,0,33,0,9,41,0,50,62,0,62,112
10/17/2017,ESN,MD,AEA,EN,Federal Contract Tower,0,4,17,0,21,0,0,96,14,110,0,4,113,14,131,144,0,144,275
10/18/2017,ESN,MD,AEA,EN,Federal Contract Tower,0,5,12,0,17,0,6,72,0,78,0,11,84,0,95,162,0,162,257
10/19/2017,ESN,MD,AEA,EN,Federal Contract Tower,0,11,10,0,21,0,11,60,0,71,0,22,70,0,92,222,2,224,316
10/20/2017,ESN,MD,AEA,EN,Federal Contract Tower,0,10,7,1,18,0,4,71,0,75,0,14,78,1,93,146,2,148,241
10/21/2017,ESN,MD,AEA,EN,Federal Contract Tower,0,8,13,0,21,0,1,98,1,100,0,9,111,1,121,174,0,174,295
10/22/2017,ESN,MD,AEA,EN,Federal Contract Tower,0,3,18,0,21,0,4,73,0,77,0,7,91,0,98,164,0,164,262
10/23/2017,ESN,MD,AEA,EN,Federal Contract Tower,0,3,13,1,17,0,19,37,2,58,0,22,50,3,75,66,46,112,187
10/24/2017,ESN,MD,AEA,EN,Federal Contract Tower,0,1,14,0,15,0,6,33,10,49,0,7,47,10,64,68,20,88,152
10/25/2017,ESN,MD,AEA,EN,Federal Contract Tower,0,4,15,0,19,0,5,68,4,77,0,9,83,4,96,130,12,142,238
10/26/2017,ESN,MD,AEA,EN,Federal Contract Tower,0,8,14,0,22,0,1,49,0,50,0,9,63,0,72,162,0,162,234
10/27/2017,ESN,MD,AEA,EN,Federal Contract Tower,0,7,10,2,19,0,3,88,0,91,0,10,98,2,110,150,0,150,260
10/28/2017,ESN,MD,AEA,EN,Federal Contract Tower,0,14,8,0,22,0,4,61,0,65,0,18,69,0,87,74,0,74,161
10/29/2017,ESN,MD,AEA,EN,Federal Contract Tower,0,0,8,0,8,0,0,0,0,0,0,0,8,0,8,0,0,0,8
10/30/2017,ESN,MD,AEA,EN,Federal Contract Tower,0,1,1,0,2,0,11,12,0,23,0,12,13,0,25,54,0,54,79
10/31/2017,ESN,MD,AEA,EN,Federal Contract Tower,0,2,11,0,13,0,4,43,0,47,0,6,54,0,60,108,12,120,180
11/01/2017,ESN,MD,AEA,EN,Federal Contract Tower,0,4,14,0,18,0,7,46,4,57,0,11,60,4,75,128,0,128,203
11/02/2017,ESN,MD,AEA,EN,Federal Contract Tower,0,0,8,0,8,0,23,52,2,77,0,23,60,2,85,90,0,90,175
11/03/2017,ESN,MD,AEA,EN,Federal Contract Tower,0,2,15,0,17,0,5,51,0,56,0,7,66,0,73,124,0,124,197
11/04/2017,ESN,MD,AEA,EN,Federal Contract Tower,0,4,13,0,17,0,6,57,0,63,0,10,70,0,80,118,0,118,198
11/05/2017,ESN,MD,AEA,EN,Federal Contract Tower,0,5,19,0,24,0,1,9,0,10,0,6,28,0,34,14,0,14,48
11/06/2017,ESN,MD,AEA,EN,Federal Contract Tower,0,5,13,0,18,0,2,21,0,23,0,7,34,0,41,56,6,62,103
11/07/2017,ESN,MD,AEA,EN,Federal Contract Tower,0,5,27,0,32,0,5,16,0,21,0,10,43,0,53,12,0,12,65
11/08/2017,ESN,MD,AEA,EN,Federal Contract Tower,0,1,17,1,19,0,3,12,1,16,0,4,29,2,35,42,0,42,77
11/09/2017,ESN,MD,AEA,EN,Federal Contract Tower,0,7,18,0,25,0,24,48,14,86,0,31,66,14,111,106,0,106,217
11/10/2017,ESN,MD,AEA,EN,Federal Contract Tower,0,1,11,0,12,0,8,34,0,42,0,9,45,0,54,58,0,58,112
11/11/2017,ESN,MD,AEA,EN,Federal Contract Tower,0,11,8,0,19,0,1,69,2,72,0,12,77,2,91,174,0,174,265
11/12/2017,ESN,MD,AEA,EN,Federal Contract Tower,0,4,18,0,22,0,2,55,4,61,0,6,73,4,83,170,0,170,253
11/13/2017,ESN,MD,AEA,EN,Federal Contract Tower,0,1,14,0,15,0,6,28,6,40,0,7,42,6,55,20,0,20,75
11/14/2017,ESN,MD,AEA,EN,Federal Contract Tower,0,6,12,0,18,0,11,52,0,63,0,17,64,0,81,64,6,70,151
11/15/2017,ESN,MD,AEA,EN,Federal Contract Tower,0,5,9,0,14,0,3,57,0,60,0,8,66,0,74,182,0,182,256
11/16/2017,ESN,MD,AEA,EN,Federal Contract Tower,0,6,20,0,26,0,13,47,0,60,0,19,67,0,86,106,0,106,192
11/17/2017,ESN,MD,AEA,EN,Federal Contract Tower,0,4,15,0,19,0,3,69,0,72,0,7,84,0,91,120,6,126,217
11/18/2017,ESN,MD,AEA,EN,Federal Contract Tower,0,0,11,0,11,0,2,38,0,40,0,2,49,0,51,132,0,132,183
11/19/2017,ESN,MD,AEA,EN,Federal Contract Tower,0,5,7,0,12,0,10,10,0,20,0,15,17,0,32,12,8,20,52
11/20/2017,ESN,MD,AEA,EN,Federal Contract Tower,0,4,19,0,23,0,6,59,0,65,0,10,78,0,88,128,0,128,216
11/21/2017,ESN,MD,AEA,EN,Federal Contract Tower,0,7,15,0,22,0,8,47,4,59,0,15,62,4,81,72,4,76,157
11/22/2017,ESN,MD,AEA,EN,Federal Contract Tower,0,10,12,0,22,0,6,38,0,44,0,16,50,0,66,40,0,40,106
11/23/2017,ESN,MD,AEA,EN,Federal Contract Tower,0,6,1,0,7,0,4,20,0,24,0,10,21,0,31,56,0,56,87
11/24/2017,ESN,MD,AEA,EN,Federal Contract Tower,0,9,5,0,14,0,30,88,0,118,0,39,93,0,132,90,0,90,222
11/25/2017,ESN,MD,AEA,EN,Federal Contract Tower,0,3,14,0,17,0,0,66,2,68,0,3,80,2,85,156,0,156,241
11/26/2017,ESN,MD,AEA,EN,Federal Contract Tower,0,5,28,0,33,0,2,24,0,26,0,7,52,0,59,32,0,32,91
11/27/2017,ESN,MD,AEA,EN,Federal Contract Tower,0,3,10,2,15,0,16,48,4,68,0,19,58,6,83,72,0,72,155
11/28/2017,ESN,MD,AEA,EN,Federal Contract Tower,0,2,10,0,12,0,0,39,4,43,0,2,49,4,55,56,0,56,111
11/29/2017,ESN,MD,AEA,EN,Federal Contract Tower,0,1,13,0,14,0,5,86,0,91,0,6,99,0,105,134,0,134,239
11/30/2017,ESN,MD,AEA,EN,Federal Contract Tower,0,4,8,0,12,0,26,58,0,84,0,30,66,0,96,110,0,110,206
12/01/2017,ESN,MD,AEA,EN,Federal Contract Tower,0,2,15,0,17,0,5,69,0,74,0,7,84,0,91,104,2,106,197
12/02/2017,ESN,MD,AEA,EN,Federal Contract Tower,0,5,9,0,14,0,0,69,1,70,0,5,78,1,84,223,0,223,307
12/03/2017,ESN,MD,AEA,EN,Federal Contract Tower,0,1,12,0,13,0,0,54,0,54,0,1,66,0,67,144,0,144,211
12/04/2017,ESN,MD,AEA,EN,Federal Contract Tower,0,1,11,0,12,0,4,45,2,51,0,5,56,2,63,112,0,112,175
12/05/2017,ESN,MD,AEA,EN,Federal Contract Tower,0,6,23,0,29,0,7,20,0,27,0,13,43,0,56,52,32,84,140
12/06/2017,ESN,MD,AEA,EN,Federal Contract Tower,0,9,14,0,23,0,4,39,0,43,0,13,53,0,66,82,10,92,158
12/07/2017,ESN,MD,AEA,EN,Federal Contract Tower,0,5,16,0,21,0,6,45,4,55,0,11,61,4,76,76,0,76,152
12/08/2017,ESN,MD,AEA,EN,Federal Contract Tower,0,6,10,0,16,0,2,51,1,54,0,8,61,1,70,60,4,64,134
12/09/2017,ESN,MD,AEA,EN,Federal Contract Tower,0,0,0,0,0,0,0,0,0,0,0,0,0,0,0,0,0,0,0
12/10/2017,ESN,MD,AEA,EN,Federal Contract Tower,0,3,5,0,8,0,2,29,0,31,0,5,34,0,39,20,0,20,59
12/11/2017,ESN,MD,AEA,EN,Federal Contract Tower,0,6,14,0,20,0,38,61,4,103,0,44,75,4,123,124,0,124,247
12/12/2017,ESN,MD,AEA,EN,Federal Contract Tower,0,3,18,0,21,0,4,33,2,39,0,7,51,2,60,62,20,82,142
12/13/2017,ESN,MD,AEA,EN,Federal Contract Tower,0,1,9,0,10,0,0,9,4,13,0,1,18,4,23,40,0,40,63
12/14/2017,ESN,MD,AEA,EN,Federal Contract Tower,0,1,6,2,9,0,1,39,4,44,0,2,45,6,53,50,0,50,103
12/15/2017,ESN,MD,AEA,EN,Federal Contract Tower,0,4,8,0,12,0,0,9,2,11,0,4,17,2,23,28,0,28,51
12/16/2017,ESN,MD,AEA,EN,Federal Contract Tower,0,0,9,0,9,0,2,49,0,51,0,2,58,0,60,120,0,120,180
12/17/2017,ESN,MD,AEA,EN,Federal Contract Tower,0,4,14,0,18,0,0,64,0,64,0,4,78,0,82,148,0,148,230
12/18/2017,ESN,MD,AEA,EN,Federal Contract Tower,0,2,11,0,13,0,15,52,0,67,0,17,63,0,80,116,0,116,196
12/19/2017,ESN,MD,AEA,EN,Federal Contract Tower,0,4,18,2,24,0,5,79,0,84,0,9,97,2,108,156,0,156,264
12/20/2017,ESN,MD,AEA,EN,Federal Contract Tower,0,6,10,0,16,0,3,44,0,47,0,9,54,0,63,130,2,132,195
12/21/2017,ESN,MD,AEA,EN,Federal Contract Tower,0,0,12,0,12,0,4,50,2,56,0,4,62,2,68,104,0,104,172
12/22/2017,ESN,MD,AEA,EN,Federal Contract Tower,0,2,16,0,18,0,2,53,0,55,0,4,69,0,73,132,0,132,205
12/23/2017,ESN,MD,AEA,EN,Federal Contract Tower,0,0,2,0,2,0,0,7,0,7,0,0,9,0,9,4,0,4,13
12/24/2017,ESN,MD,AEA,EN,Federal Contract Tower,0,0,8,0,8,0,3,23,0,26,0,3,31,0,34,138,0,138,172
12/25/2017,ESN,MD,AEA,EN,Federal Contract Tower,0,0,1,0,1,0,2,1,0,3,0,2,2,0,4,0,0,0,4
12/26/2017,ESN,MD,AEA,EN,Federal Contract Tower,0,4,16,0,20,0,8,44,0,52,0,12,60,0,72,42,0,42,114
12/27/2017,ESN,MD,AEA,EN,Federal Contract Tower,0,6,8,0,14,0,1,41,0,42,0,7,49,0,56,54,0,54,110
12/28/2017,ESN,MD,AEA,EN,Federal Contract Tower,0,5,13,0,18,0,3,39,2,44,0,8,52,2,62,110,0,110,172
12/29/2017,ESN,MD,AEA,EN,Federal Contract Tower,0,4,7,0,11,0,2,46,0,48,0,6,53,0,59,108,0,108,167
12/30/2017,ESN,MD,AEA,EN,Federal Contract Tower,0,6,3,0,9,0,2,11,0,13,0,8,14,0,22,18,0,18,40
12/31/2017,ESN,MD,AEA,EN,Federal Contract Tower,0,1,7,0,8,0,1,4,0,5,0,2,11,0,13,4,0,4,17
01/01/2018,ESN,MD,AEA,EN,Federal Contract Tower,0,5,4,0,9,0,4,17,0,21,0,9,21,0,30,24,0,24,54
01/02/2018,ESN,MD,AEA,EN,Federal Contract Tower,0,2,7,0,9,0,2,44,0,46,0,4,51,0,55,92,0,92,147
01/03/2018,ESN,MD,AEA,EN,Federal Contract Tower,0,5,5,0,10,0,0,43,1,44,0,5,48,1,54,114,0,114,168
01/04/2018,ESN,MD,AEA,EN,Federal Contract Tower,0,0,0,0,0,0,0,0,0,0,0,0,0,0,0,0,0,0,0
01/05/2018,ESN,MD,AEA,EN,Federal Contract Tower,0,1,3,0,4,0,0,0,0,0,0,1,3,0,4,2,0,2,6
01/06/2018,ESN,MD,AEA,EN,Federal Contract Tower,0,0,2,0,2,0,0,4,0,4,0,0,6,0,6,0,0,0,6
01/07/2018,ESN,MD,AEA,EN,Federal Contract Tower,0,1,5,0,6,0,7,36,0,43,0,8,41,0,49,94,0,94,143
01/08/2018,ESN,MD,AEA,EN,Federal Contract Tower,0,2,2,0,4,0,5,13,0,18,0,7,15,0,22,18,0,18,40
01/09/2018,ESN,MD,AEA,EN,Federal Contract Tower,0,2,7,0,9,0,5,51,0,56,0,7,58,0,65,156,64,220,285
01/10/2018,ESN,MD,AEA,EN,Federal Contract Tower,0,5,7,4,16,0,5,54,0,59,0,10,61,4,75,184,0,184,259
01/11/2018,ESN,MD,AEA,EN,Federal Contract Tower,0,4,15,0,19,0,7,32,0,39,0,11,47,0,58,106,0,106,164
01/12/2018,ESN,MD,AEA,EN,Federal Contract Tower,0,2,4,0,6,0,0,0,0,0,0,2,4,0,6,0,0,0,6
01/13/2018,ESN,MD,AEA,EN,Federal Contract Tower,0,1,0,0,1,0,0,0,0,0,0,1,0,0,1,38,0,38,39
01/14/2018,ESN,MD,AEA,EN,Federal Contract Tower,0,0,17,0,17,0,6,25,0,31,0,6,42,0,48,114,0,114,162
01/15/2018,ESN,MD,AEA,EN,Federal Contract Tower,0,3,10,0,13,0,16,35,1,52,0,19,45,1,65,176,0,176,241
01/16/2018,ESN,MD,AEA,EN,Federal Contract Tower,0,4,5,0,9,0,3,21,0,24,0,7,26,0,33,56,0,56,89
01/17/2018,ESN,MD,AEA,EN,Federal Contract Tower,0,0,2,0,2,0,6,6,2,14,0,6,8,2,16,24,0,24,40
01/18/2018,ESN,MD,AEA,EN,Federal Contract Tower,0,9,2,5,16,0,19,45,4,68,0,28,47,9,84,76,0,76,160
01/19/2018,ESN,MD,AEA,EN,Federal Contract Tower,0,11,11,0,22,0,1,54,2,57,0,12,65,2,79,112,0,112,191
01/20/2018,ESN,MD,AEA,EN,Federal Contract Tower,0,3,13,0,16,0,7,140,3,150,0,10,153,3,166,194,0,194,360
01/21/2018,ESN,MD,AEA,EN,Federal Contract Tower,0,1,7,0,8,0,3,66,0,69,0,4,73,0,77,170,0,170,247
01/22/2018,ESN,MD,AEA,EN,Federal Contract Tower,0,3,3,0,6,0,7,41,0,48,0,10,44,0,54,70,0,70,124
01/23/2018,ESN,MD,AEA,EN,Federal Contract Tower,0,0,3,0,3,0,2,2,0,4,0,2,5,0,7,0,0,0,7
01/24/2018,ESN,MD,AEA,EN,Federal Contract Tower,0,1,11,0,12,0,11,30,4,45,0,12,41,4,57,26,24,50,107
01/25/2018,ESN,MD,AEA,EN,Federal Contract Tower,0,6,9,0,15,0,3,64,3,70,0,9,73,3,85,74,34,108,193
01/26/2018,ESN,MD,AEA,EN,Federal Contract Tower,0,1,10,0,11,0,2,65,0,67,0,3,75,0,78,148,0,148,226
01/27/2018,ESN,MD,AEA,EN,Federal Contract Tower,0,0,18,0,18,0,2,86,1,89,0,2,104,1,107,208,0,208,315
01/28/2018,ESN,MD,AEA,EN,Federal Contract Tower,0,6,8,0,14,0,0,0,0,0,0,6,8,0,14,0,0,0,14
01/29/2018,ESN,MD,AEA,EN,Federal Contract Tower,0,4,6,0,10,0,6,26,0,32,0,10,32,0,42,54,0,54,96
01/30/2018,ESN,MD,AEA,EN,Federal Contract Tower,0,1,7,0,8,0,0,2,0,2,0,1,9,0,10,0,18,18,28
01/31/2018,ESN,MD,AEA,EN,Federal Contract Tower,0,1,8,1,10,0,6,76,5,87,0,7,84,6,97,88,0,88,185
02/01/2018,ESN,MD,AEA,EN,Federal Contract Tower,0,6,3,0,9,0,4,57,0,61,0,10,60,0,70,144,12,156,226
02/02/2018,ESN,MD,AEA,EN,Federal Contract Tower,0,0,5,0,5,0,0,9,4,13,0,0,14,4,18,0,18,18,36
02/03/2018,ESN,MD,AEA,EN,Federal Contract Tower,0,0,14,0,14,0,2,142,0,144,0,2,156,0,158,182,2,184,342
02/04/2018,ESN,MD,AEA,EN,Federal Contract Tower,0,0,1,0,1,0,0,2,0,2,0,0,3,0,3,0,0,0,3
02/05/2018,ESN,MD,AEA,EN,Federal Contract Tower,0,3,11,0,14,0,10,12,2,24,0,13,23,2,38,18,6,24,62
02/06/2018,ESN,MD,AEA,EN,Federal Contract Tower,0,2,9,2,13,0,5,58,0,63,0,7,67,2,76,114,4,118,194
02/07/2018,ESN,MD,AEA,EN,Federal Contract Tower,0,0,5,0,5,0,0,0,0,0,0,0,5,0,5,0,0,0,5
02/08/2018,ESN,MD,AEA,EN,Federal Contract Tower,0,1,8,0,9,0,4,57,0,61,0,5,65,0,70,124,0,124,194
02/09/2018,ESN,MD,AEA,EN,Federal Contract Tower,0,5,12,1,18,0,1,62,1,64,0,6,74,2,82,114,0,114,196
02/10/2018,ESN,MD,AEA,EN,Federal Contract Tower,0,0,10,0,10,0,0,0,0,0,0,0,10,0,10,0,0,0,10
02/11/2018,ESN,MD,AEA,EN,Federal Contract Tower,0,2,2,0,4,0,0,0,0,0,0,2,2,0,4,0,0,0,4
02/12/2018,ESN,MD,AEA,EN,Federal Contract Tower,0,0,17,0,17,0,8,23,0,31,0,8,40,0,48,36,0,36,84
02/13/2018,ESN,MD,AEA,EN,Federal Contract Tower,0,4,12,0,16,0,16,61,0,77,0,20,73,0,93,64,0,64,157
02/14/2018,ESN,MD,AEA,EN,Federal Contract Tower,0,7,12,0,19,0,10,43,0,53,0,17,55,0,72,114,0,114,186
02/17/2018,ESN,MD,AEA,EN,Federal Contract Tower,0,5,6,0,11,0,0,38,0,38,0,5,44,0,49,40,0,40,89
02/18/2018,ESN,MD,AEA,EN,Federal Contract Tower,0,4,7,0,11,0,0,96,0,96,0,4,103,0,107,150,0,150,257
02/19/2018,ESN,MD,AEA,EN,Federal Contract Tower,0,4,20,0,24,0,4,22,0,26,0,8,42,0,50,16,0,16,66
02/20/2018,ESN,MD,AEA,EN,Federal Contract Tower,0,6,20,0,26,0,3,34,0,37,0,9,54,0,63,90,14,104,167
02/21/2018,ESN,MD,AEA,EN,Federal Contract Tower,0,0,8,0,8,0,3,63,0,66,0,3,71,0,74,70,54,124,198
02/22/2018,ESN,MD,AEA,EN,Federal Contract Tower,0,4,34,2,40,0,2,6,0,8,0,6,40,2,48,4,0,4,52
02/23/2018,ESN,MD,AEA,EN,Federal Contract Tower,0,0,14,0,14,0,0,0,0,0,0,0,14,0,14,0,0,0,14
02/24/2018,ESN,MD,AEA,EN,Federal Contract Tower,0,4,4,0,8,0,0,0,0,0,0,4,4,0,8,0,0,0,8
02/25/2018,ESN,MD,AEA,EN,Federal Contract Tower,0,2,15,0,17,0,0,0,0,0,0,2,15,0,17,0,0,0,17
02/26/2018,ESN,MD,AEA,EN,Federal Contract Tower,0,0,21,0,21,0,2,82,0,84,0,2,103,0,105,196,0,196,301
02/27/2018,ESN,MD,AEA,EN,Federal Contract Tower,0,0,13,0,13,0,2,136,0,138,0,2,149,0,151,212,0,212,363
02/28/2018,ESN,MD,AEA,EN,Federal Contract Tower,0,2,10,2,14,0,28,67,7,102,0,30,77,9,116,166,0,166,282
03/01/2018,ESN,MD,AEA,EN,Federal Contract Tower,0,1,6,0,7,0,0,14,0,14,0,1,20,0,21,62,4,66,87
03/02/2018,ESN,MD,AEA,EN,Federal Contract Tower,0,1,3,0,4,0,0,1,0,1,0,1,4,0,5,0,0,0,5
03/03/2018,ESN,MD,AEA,EN,Federal Contract Tower,0,1,4,9,14,0,4,9,9,22,0,5,13,18,36,14,0,14,50
03/04/2018,ESN,MD,AEA,EN,Federal Contract Tower,0,1,15,0,16,0,4,31,4,39,0,5,46,4,55,28,0,28,83
03/05/2018,ESN,MD,AEA,EN,Federal Contract Tower,0,1,6,0,7,0,11,43,0,54,0,12,49,0,61,72,0,72,133
03/06/2018,ESN,MD,AEA,EN,Federal Contract Tower,0,1,5,0,6,0,8,47,0,55,0,9,52,0,61,112,0,112,173
03/07/2018,ESN,MD,AEA,EN,Federal Contract Tower,0,2,3,0,5,0,2,1,0,3,0,4,4,0,8,0,12,12,20
03/08/2018,ESN,MD,AEA,EN,Federal Contract Tower,0,0,11,0,11,0,5,35,3,43,0,5,46,3,54,58,10,68,122
03/09/2018,ESN,MD,AEA,EN,Federal Contract Tower,0,0,9,0,9,0,3,36,0,39,0,3,45,0,48,20,0,20,68
03/10/2018,ESN,MD,AEA,EN,Federal Contract Tower,0,0,8,0,8,0,1,123,1,125,0,1,131,1,133,124,0,124,257
03/11/2018,ESN,MD,AEA,EN,Federal Contract Tower,0,1,13,0,14,0,3,61,0,64,0,4,74,0,78,174,0,174,252
03/12/2018,ESN,MD,AEA,EN,Federal Contract Tower,0,0,2,4,6,0,0,17,0,17,0,0,19,4,23,78,0,78,101
03/13/2018,ESN,MD,AEA,EN,Federal Contract Tower,0,0,4,0,4,0,9,6,0,15,0,9,10,0,19,6,8,14,33
03/14/2018,ESN,MD,AEA,EN,Federal Contract Tower,0,2,7,0,9,0,5,23,4,32,0,7,30,4,41,20,4,24,65
03/15/2018,ESN,MD,AEA,EN,Federal Contract Tower,0,6,5,0,11,0,20,51,2,73,0,26,56,2,84,114,20,134,218
03/16/2018,ESN,MD,AEA,EN,Federal Contract Tower,0,0,8,0,8,0,6,17,0,23,0,6,25,0,31,8,0,8,39
03/17/2018,ESN,MD,AEA,EN,Federal Contract Tower,0,2,14,0,16,0,1,46,1,48,0,3,60,1,64,74,0,74,138
03/18/2018,ESN,MD,AEA,EN,Federal Contract Tower,0,2,20,0,22,0,3,125,1,129,0,5,145,1,151,216,0,216,367
03/19/2018,ESN,MD,AEA,EN,Federal Contract Tower,0,4,11,0,15,0,8,65,2,75,0,12,76,2,90,254,0,254,344
03/20/2018,ESN,MD,AEA,EN,Federal Contract Tower,0,0,4,0,4,0,0,0,0,0,0,0,4,0,4,0,0,0,4
03/21/2018,ESN,MD,AEA,EN,Federal Contract Tower,0,0,1,0,1,0,0,0,0,0,0,0,1,0,1,0,0,0,1
03/22/2018,ESN,MD,AEA,EN,Federal Contract Tower,0,8,11,0,19,0,4,33,2,39,0,12,44,2,58,58,0,58,116
03/23/2018,ESN,MD,AEA,EN,Federal Contract Tower,0,8,9,0,17,0,3,59,0,62,0,11,68,0,79,92,6,98,177
03/24/2018,ESN,MD,AEA,EN,Federal Contract Tower,0,0,15,0,15,0,2,108,0,110,0,2,123,0,125,98,2,100,225
03/25/2018,ESN,MD,AEA,EN,Federal Contract Tower,0,3,14,0,17,0,5,34,2,41,0,8,48,2,58,104,0,104,162
03/26/2018,ESN,MD,AEA,EN,Federal Contract Tower,0,2,9,0,11,0,0,51,2,53,0,2,60,2,64,194,0,194,258
03/27/2018,ESN,MD,AEA,EN,Federal Contract Tower,0,4,14,0,18,0,1,44,0,45,0,5,58,0,63,192,12,204,267
03/28/2018,ESN,MD,AEA,EN,Federal Contract Tower,0,7,21,0,28,0,1,19,1,21,0,8,40,1,49,34,0,34,83
03/29/2018,ESN,MD,AEA,EN,Federal Contract Tower,0,4,14,0,18,0,0,58,4,62,0,4,72,4,80,110,12,122,202
03/30/2018,ESN,MD,AEA,EN,Federal Contract Tower,0,7,17,0,24,0,1,12,2,15,0,8,29,2,39,8,0,8,47
03/31/2018,ESN,MD,AEA,EN,Federal Contract Tower,0,2,11,0,13,0,6,127,1,134,0,8,138,1,147,202,0,202,349
04/01/2018,ESN,MD,AEA,EN,Federal Contract Tower,0,2,6,0,8,0,0,15,0,15,0,2,21,0,23,52,0,52,75
04/02/2018,ESN,MD,AEA,EN,Federal Contract Tower,0,2,18,0,20,0,3,11,0,14,0,5,29,0,34,30,0,30,64
04/03/2018,ESN,MD,AEA,EN,Federal Contract Tower,0,4,11,0,15,0,2,1,0,3,0,6,12,0,18,0,0,0,18
04/04/2018,ESN,MD,AEA,EN,Federal Contract Tower,0,3,3,0,6,0,7,1,0,8,0,10,4,0,14,0,0,0,14
04/05/2018,ESN,MD,AEA,EN,Federal Contract Tower,0,4,18,0,22,0,24,87,2,113,0,28,105,2,135,60,2,62,197
04/06/2018,ESN,MD,AEA,EN,Federal Contract Tower,0,0,12,2,14,0,2,32,0,34,0,2,44,2,48,50,0,50,98
04/07/2018,ESN,MD,AEA,EN,Federal Contract Tower,0,0,2,0,2,0,4,26,0,30,0,4,28,0,32,38,0,38,70
04/08/2018,ESN,MD,AEA,EN,Federal Contract Tower,0,1,14,0,15,0,4,76,3,83,0,5,90,3,98,104,4,108,206
04/09/2018,ESN,MD,AEA,EN,Federal Contract Tower,0,2,7,0,9,0,1,56,0,57,0,3,63,0,66,134,0,134,200
04/10/2018,ESN,MD,AEA,EN,Federal Contract Tower,0,2,7,0,9,0,8,73,0,81,0,10,80,0,90,216,8,224,314
04/11/2018,ESN,MD,AEA,EN,Federal Contract Tower,0,3,5,0,8,0,6,80,0,86,0,9,85,0,94,176,0,176,270
04/12/2018,ESN,MD,AEA,EN,Federal Contract Tower,0,2,8,0,10,0,8,59,4,71,0,10,67,4,81,56,16,72,153
04/13/2018,ESN,MD,AEA,EN,Federal Contract Tower,0,9,13,0,22,0,5,43,2,50,0,14,56,2,72,100,16,116,188
04/14/2018,ESN,MD,AEA,EN,Federal Contract Tower,0,3,4,0,7,0,0,91,1,92,0,3,95,1,99,158,0,158,257
04/15/2018,ESN,MD,AEA,EN,Federal Contract Tower,0,3,6,0,9,0,0,0,0,0,0,3,6,0,9,0,0,0,9
04/16/2018,ESN,MD,AEA,EN,Federal Contract Tower,0,0,6,0,6,0,4,20,0,24,0,4,26,0,30,56,22,78,108
04/17/2018,ESN,MD,AEA,EN,Federal Contract Tower,0,0,6,1,7,0,3,59,0,62,0,3,65,1,69,116,26,142,211
04/18/2018,ESN,MD,AEA,EN,Federal Contract Tower,0,4,20,0,24,0,2,104,2,108,0,6,124,2,132,216,0,216,348
04/19/2018,ESN,MD,AEA,EN,Federal Contract Tower,0,10,10,0,20,0,18,9,5,32,0,28,19,5,52,0,10,10,62
04/20/2018,ESN,MD,AEA,EN,Federal Contract Tower,0,4,15,0,19,0,6,62,2,70,0,10,77,2,89,124,0,124,213
04/21/2018,ESN,MD,AEA,EN,Federal Contract Tower,0,0,14,0,14,0,0,141,0,141,0,0,155,0,155,286,0,286,441
04/22/2018,ESN,MD,AEA,EN,Federal Contract Tower,0,7,40,0,47,0,4,108,0,112,0,11,148,0,159,152,2,154,313
04/23/2018,ESN,MD,AEA,EN,Federal Contract Tower,0,4,9,0,13,0,2,81,0,83,0,6,90,0,96,96,0,96,192
04/24/2018,ESN,MD,AEA,EN,Federal Contract Tower,0,5,10,0,15,0,12,11,0,23,0,17,21,0,38,24,0,24,62
04/25/2018,ESN,MD,AEA,EN,Federal Contract Tower,0,0,6,0,6,0,1,2,0,3,0,1,8,0,9,20,0,20,29
04/26/2018,ESN,MD,AEA,EN,Federal Contract Tower,0,3,12,0,15,0,6,96,0,102,0,9,108,0,117,258,0,258,375
04/27/2018,ESN,MD,AEA,EN,Federal Contract Tower,0,3,21,0,24,0,0,8,0,8,0,3,29,0,32,44,0,44,76
04/28/2018,ESN,MD,AEA,EN,Federal Contract Tower,0,1,14,0,15,0,2,113,3,118,0,3,127,3,133,182,8,190,323
04/29/2018,ESN,MD,AEA,EN,Federal Contract Tower,0,10,14,0,24,0,5,41,0,46,0,15,55,0,70,76,0,76,146
04/30/2018,ESN,MD,AEA,EN,Federal Contract Tower,0,6,10,0,16,0,5,22,0,27,0,11,32,0,43,24,0,24,67
05/01/2018,ESN,MD,AEA,EN,Federal Contract Tower,0,1,7,0,8,0,11,86,0,97,0,12,93,0,105,164,26,190,295
05/02/2018,ESN,MD,AEA,EN,Federal Contract Tower,0,3,10,0,13,0,2,61,4,67,0,5,71,4,80,136,2,138,218
05/03/2018,ESN,MD,AEA,EN,Federal Contract Tower,0,1,14,0,15,0,11,73,0,84,0,12,87,0,99,162,0,162,261
05/04/2018,ESN,MD,AEA,EN,Federal Contract Tower,0,2,14,0,16,0,4,57,0,61,0,6,71,0,77,184,2,186,263
05/05/2018,ESN,MD,AEA,EN,Federal Contract Tower,0,4,11,0,15,0,2,66,2,70,0,6,77,2,85,204,0,204,289
05/06/2018,ESN,MD,AEA,EN,Federal Contract Tower,0,1,25,0,26,0,0,0,0,0,0,1,25,0,26,0,0,0,26
05/07/2018,ESN,MD,AEA,EN,Federal Contract Tower,0,7,23,0,30,0,1,48,0,49,0,8,71,0,79,150,0,150,229
05/08/2018,ESN,MD,AEA,EN,Federal Contract Tower,0,5,21,0,26,0,3,75,0,78,0,8,96,0,104,102,0,102,206
05/09/2018,ESN,MD,AEA,EN,Federal Contract Tower,0,4,18,0,22,0,5,74,3,82,0,9,92,3,104,250,34,284,388
05/10/2018,ESN,MD,AEA,EN,Federal Contract Tower,0,4,3,1,8,0,1,30,0,31,0,5,33,1,39,70,0,70,109
05/11/2018,ESN,MD,AEA,EN,Federal Contract Tower,0,3,17,0,20,0,3,92,0,95,0,6,109,0,115,158,0,158,273
05/12/2018,ESN,MD,AEA,EN,Federal Contract Tower,0,1,14,0,15,0,3,81,0,84,0,4,95,0,99,166,0,166,265
05/13/2018,ESN,MD,AEA,EN,Federal Contract Tower,0,7,14,2,23,0,0,0,0,0,0,7,14,2,23,0,0,0,23
05/14/2018,ESN,MD,AEA,EN,Federal Contract Tower,0,10,12,1,23,0,2,17,1,20,0,12,29,2,43,34,0,34,77
05/15/2018,ESN,MD,AEA,EN,Federal Contract Tower,0,4,5,0,9,0,1,47,0,48,0,5,52,0,57,86,0,86,143
05/16/2018,ESN,MD,AEA,EN,Federal Contract Tower,0,3,18,2,23,0,0,2,0,2,0,3,20,2,25,6,0,6,31
05/17/2018,ESN,MD,AEA,EN,Federal Contract Tower,0,8,16,0,24,0,0,0,0,0,0,8,16,0,24,0,0,0,24
05/18/2018,ESN,MD,AEA,EN,Federal Contract Tower,0,8,3,0,11,0,0,0,0,0,0,8,3,0,11,0,0,0,11
05/19/2018,ESN,MD,AEA,EN,Federal Contract Tower,0,7,5,0,12,0,0,0,0,0,0,7,5,0,12,0,0,0,12
05/20/2018,ESN,MD,AEA,EN,Federal Contract Tower,0,14,15,0,29,0,8,39,0,47,0,22,54,0,76,80,0,80,156
05/21/2018,ESN,MD,AEA,EN,Federal Contract Tower,0,2,16,0,18,0,1,81,0,82,0,3,97,0,100,124,0,124,224
05/22/2018,ESN,MD,AEA,EN,Federal Contract Tower,0,4,16,0,20,0,1,23,0,24,0,5,39,0,44,24,0,24,68
05/23/2018,ESN,MD,AEA,EN,Federal Contract Tower,0,10,5,4,19,0,4,51,2,57,0,14,56,6,76,164,0,164,240
05/24/2018,ESN,MD,AEA,EN,Federal Contract Tower,0,9,26,3,38,0,13,74,1,88,0,22,100,4,126,146,26,172,298
05/25/2018,ESN,MD,AEA,EN,Federal Contract Tower,0,7,35,0,42,0,8,58,0,66,0,15,93,0,108,100,0,100,208
05/26/2018,ESN,MD,AEA,EN,Federal Contract Tower,0,3,10,0,13,0,2,69,1,72,0,5,79,1,85,172,0,172,257
05/27/2018,ESN,MD,AEA,EN,Federal Contract Tower,0,8,11,0,19,0,2,13,0,15,0,10,24,0,34,44,0,44,78
05/28/2018,ESN,MD,AEA,EN,Federal Contract Tower,0,9,14,0,23,0,0,0,0,0,0,9,14,0,23,0,0,0,23
05/29/2018,ESN,MD,AEA,EN,Federal Contract Tower,0,14,15,0,29,0,0,16,0,16,0,14,31,0,45,44,26,70,115
05/30/2018,ESN,MD,AEA,EN,Federal Contract Tower,0,6,37,0,43,0,0,22,0,22,0,6,59,0,65,66,54,120,185
05/31/2018,ESN,MD,AEA,EN,Federal Contract Tower,0,7,14,0,21,0,2,19,0,21,0,9,33,0,42,22,0,22,64
06/01/2018,ESN,MD,AEA,EN,Federal Contract Tower,0,6,21,0,27,0,1,34,0,35,0,7,55,0,62,106,0,106,168
06/02/2018,ESN,MD,AEA,EN,Federal Contract Tower,0,4,15,0,19,0,2,34,0,36,0,6,49,0,55,60,0,60,115
06/03/2018,ESN,MD,AEA,EN,Federal Contract Tower,0,2,5,0,7,0,0,0,0,0,0,2,5,0,7,0,0,0,7
06/04/2018,ESN,MD,AEA,EN,Federal Contract Tower,0,5,22,0,27,0,1,29,32,62,0,6,51,32,89,68,80,148,237
06/05/2018,ESN,MD,AEA,EN,Federal Contract Tower,0,1,4,0,5,0,4,58,64,126,0,5,62,64,131,144,30,174,305
06/06/2018,ESN,MD,AEA,EN,Federal Contract Tower,0,4,9,4,17,0,6,72,71,149,0,10,81,75,166,148,156,304,470
06/07/2018,ESN,MD,AEA,EN,Federal Contract Tower,0,7,18,0,25,0,11,68,86,165,0,18,86,86,190,152,126,278,468
06/08/2018,ESN,MD,AEA,EN,Federal Contract Tower,0,2,13,0,15,0,2,90,75,167,0,4,103,75,182,158,212,370,552
06/09/2018,ESN,MD,AEA,EN,Federal Contract Tower,0,2,7,0,9,0,4,28,0,32,0,6,35,0,41,100,0,100,141
06/10/2018,ESN,MD,AEA,EN,Federal Contract Tower,0,6,20,0,26,0,2,6,0,8,0,8,26,0,34,0,0,0,34
06/11/2018,ESN,MD,AEA,EN,Federal Contract Tower,0,7,30,0,37,0,3,7,0,10,0,10,37,0,47,8,0,8,55
06/12/2018,ESN,MD,AEA,EN,Federal Contract Tower,0,4,12,0,16,0,2,69,74,145,0,6,81,74,161,154,230,384,545
06/13/2018,ESN,MD,AEA,EN,Federal Contract Tower,0,3,16,0,19,0,0,55,68,123,0,3,71,68,142,122,316,438,580
06/14/2018,ESN,MD,AEA,EN,Federal Contract Tower,0,6,10,0,16,0,2,85,94,181,0,8,95,94,197,162,478,640,837
06/15/2018,ESN,MD,AEA,EN,Federal Contract Tower,0,19,13,0,32,0,4,84,99,187,0,23,97,99,219,132,532,664,883
06/16/2018,ESN,MD,AEA,EN,Federal Contract Tower,0,3,8,0,11,0,2,91,78,171,0,5,99,78,182,182,284,466,648
06/17/2018,ESN,MD,AEA,EN,Federal Contract Tower,0,4,26,0,30,0,2,59,14,75,0,6,85,14,105,92,28,120,225
06/18/2018,ESN,MD,AEA,EN,Federal Contract Tower,0,5,17,0,22,0,3,40,65,108,0,8,57,65,130,50,368,418,548
06/19/2018,ESN,MD,AEA,EN,Federal Contract Tower,0,4,10,2,16,0,8,31,64,103,0,12,41,66,119,90,212,302,421
06/20/2018,ESN,MD,AEA,EN,Federal Contract Tower,0,2,19,0,21,0,5,54,32,91,0,7,73,32,112,104,140,244,356
06/21/2018,ESN,MD,AEA,EN,Federal Contract Tower,0,2,26,0,28,0,0,33,2,35,0,2,59,2,63,66,8,74,137
06/22/2018,ESN,MD,AEA,EN,Federal Contract Tower,0,5,16,2,23,0,1,3,0,4,0,6,19,2,27,26,0,26,53
06/23/2018,ESN,MD,AEA,EN,Federal Contract Tower,0,1,12,0,13,0,1,9,0,10,0,2,21,0,23,14,0,14,37
06/24/2018,ESN,MD,AEA,EN,Federal Contract Tower,0,2,23,0,25,0,10,55,2,67,0,12,78,2,92,94,0,94,186
06/25/2018,ESN,MD,AEA,EN,Federal Contract Tower,0,3,5,0,8,0,3,59,15,77,0,6,64,15,85,82,26,108,193
06/26/2018,ESN,MD,AEA,EN,Federal Contract Tower,0,4,11,1,16,0,0,84,14,98,0,4,95,15,114,110,26,136,250
06/27/2018,ESN,MD,AEA,EN,Federal Contract Tower,0,2,14,2,18,0,8,41,9,58,0,10,55,11,76,110,4,114,190
06/28/2018,ESN,MD,AEA,EN,Federal Contract Tower,0,4,25,0,29,0,6,85,23,114,0,10,110,23,143,164,16,180,323
06/29/2018,ESN,MD,AEA,EN,Federal Contract Tower,0,8,12,0,20,0,8,79,33,120,0,16,91,33,140,154,58,212,352
06/30/2018,ESN,MD,AEA,EN,Federal Contract Tower,0,9,17,0,26,0,5,76,75,156,0,14,93,75,182,108,146,254,436
07/01/2018,ESN,MD,AEA,EN,Federal Contract Tower,0,8,12,0,20,0,6,65,11,82,0,14,77,11,102,82,12,94,196
07/02/2018,ESN,MD,AEA,EN,Federal Contract Tower,0,1,7,0,8,0,1,55,74,130,0,2,62,74,138,106,196,302,440
07/03/2018,ESN,MD,AEA,EN,Federal Contract Tower,0,7,19,0,26,0,4,32,74,110,0,11,51,74,136,58,228,286,422
07/04/2018,ESN,MD,AEA,EN,Federal Contract Tower,0,3,16,0,19,0,6,47,0,53,0,9,63,0,72,88,0,88,160
07/05/2018,ESN,MD,AEA,EN,Federal Contract Tower,0,2,16,0,18,0,0,35,88,123,0,2,51,88,141,136,302,438,579
07/06/2018,ESN,MD,AEA,EN,Federal Contract Tower,0,4,18,0,22,0,4,36,86,126,0,8,54,86,148,84,282,366,514
07/07/2018,ESN,MD,AEA,EN,Federal Contract Tower,0,2,17,0,19,0,2,62,0,64,0,4,79,0,83,126,0,126,209
07/08/2018,ESN,MD,AEA,EN,Federal Contract Tower,0,6,16,0,22,0,7,56,0,63,0,13,72,0,85,102,0,102,187
07/09/2018,ESN,MD,AEA,EN,Federal Contract Tower,0,1,6,0,7,0,2,65,71,138,0,3,71,71,145,106,320,426,571
07/10/2018,ESN,MD,AEA,EN,Federal Contract Tower,0,0,11,0,11,0,4,85,78,167,0,4,96,78,178,96,508,604,782
07/11/2018,ESN,MD,AEA,EN,Federal Contract Tower,0,2,12,0,14,0,3,63,74,140,0,5,75,74,154,136,544,680,834
07/12/2018,ESN,MD,AEA,EN,Federal Contract Tower,0,5,6,0,11,0,4,66,72,142,0,9,72,72,153,156,334,490,643
07/13/2018,ESN,MD,AEA,EN,Federal Contract Tower,0,3,11,0,14,0,4,67,78,149,0,7,78,78,163,102,324,426,589
07/14/2018,ESN,MD,AEA,EN,Federal Contract Tower,0,8,4,0,12,0,4,66,4,74,0,12,70,4,86,166,0,166,252
07/15/2018,ESN,MD,AEA,EN,Federal Contract Tower,0,8,20,0,28,0,2,44,0,46,0,10,64,0,74,96,2,98,172
07/16/2018,ESN,MD,AEA,EN,Federal Contract Tower,0,2,17,0,19,0,3,54,61,118,0,5,71,61,137,58,256,314,451
07/17/2018,ESN,MD,AEA,EN,Federal Contract Tower,0,4,6,0,10,0,0,32,18,50,0,4,38,18,60,36,64,100,160
07/18/2018,ESN,MD,AEA,EN,Federal Contract Tower,0,5,13,2,20,0,18,71,9,98,0,23,84,11,118,142,16,158,276
07/19/2018,ESN,MD,AEA,EN,Federal Contract Tower,0,2,25,0,27,0,2,84,18,104,0,4,109,18,131,112,36,148,279
07/20/2018,ESN,MD,AEA,EN,Federal Contract Tower,0,4,11,0,15,0,15,81,5,101,0,19,92,5,116,148,12,160,276
07/21/2018,ESN,MD,AEA,EN,Federal Contract Tower,0,5,6,0,11,0,0,2,0,2,0,5,8,0,13,6,0,6,19
07/22/2018,ESN,MD,AEA,EN,Federal Contract Tower,0,3,15,0,18,0,0,11,0,11,0,3,26,0,29,0,0,0,29
07/23/2018,ESN,MD,AEA,EN,Federal Contract Tower,0,16,18,0,34,0,0,6,4,10,0,16,24,4,44,6,0,6,50
07/24/2018,ESN,MD,AEA,EN,Federal Contract Tower,0,5,11,0,16,0,0,7,3,10,0,5,18,3,26,4,0,4,30
07/25/2018,ESN,MD,AEA,EN,Federal Contract Tower,0,8,12,6,26,0,2,35,2,39,0,10,47,8,65,120,26,146,211
07/26/2018,ESN,MD,AEA,EN,Federal Contract Tower,0,3,22,0,25,0,4,69,6,79,0,7,91,6,104,176,4,180,284
07/27/2018,ESN,MD,AEA,EN,Federal Contract Tower,0,6,31,0,37,0,10,75,0,85,0,16,106,0,122,136,4,140,262
07/28/2018,ESN,MD,AEA,EN,Federal Contract Tower,0,5,15,0,20,0,10,96,43,149,0,15,111,43,169,142,86,228,397
07/29/2018,ESN,MD,AEA,EN,Federal Contract Tower,0,1,20,0,21,0,3,80,4,87,0,4,100,4,108,152,0,152,260
07/30/2018,ESN,MD,AEA,EN,Federal Contract Tower,0,8,18,0,26,0,2,14,59,75,0,10,32,59,101,16,106,122,223
07/31/2018,ESN,MD,AEA,EN,Federal Contract Tower,0,3,16,5,24,0,9,23,34,66,0,12,39,39,90,32,84,116,206
08/01/2018,ESN,MD,AEA,EN,Federal Contract Tower,0,5,12,0,17,0,10,32,81,123,0,15,44,81,140,72,200,272,412
08/02/2018,ESN,MD,AEA,EN,Federal Contract Tower,0,1,19,0,20,0,12,42,75,129,0,13,61,75,149,76,206,282,431
08/03/2018,ESN,MD,AEA,EN,Federal Contract Tower,0,2,15,1,18,0,4,49,79,132,0,6,64,80,150,54,290,344,494
08/04/2018,ESN,MD,AEA,EN,Federal Contract Tower,0,7,15,0,22,0,7,43,43,93,0,14,58,43,115,72,158,230,345
08/05/2018,ESN,MD,AEA,EN,Federal Contract Tower,0,6,18,0,24,0,4,86,0,90,0,10,104,0,114,186,0,186,300
08/06/2018,ESN,MD,AEA,EN,Federal Contract Tower,0,9,17,0,26,0,4,53,74,131,0,13,70,74,157,64,424,488,645
08/07/2018,ESN,MD,AEA,EN,Federal Contract Tower,0,5,14,2,21,0,3,42,68,113,0,8,56,70,134,120,448,568,702
08/08/2018,ESN,MD,AEA,EN,Federal Contract Tower,0,2,23,0,25,0,16,78,87,181,0,18,101,87,206,164,414,578,784
08/09/2018,ESN,MD,AEA,EN,Federal Contract Tower,0,6,16,0,22,0,12,70,102,184,0,18,86,102,206,112,396,508,714
08/10/2018,ESN,MD,AEA,EN,Federal Contract Tower,0,4,26,0,30,0,16,103,82,201,0,20,129,82,231,108,304,412,643
08/11/2018,ESN,MD,AEA,EN,Federal Contract Tower,0,3,8,2,13,0,4,26,3,33,0,7,34,5,46,48,0,48,94
08/12/2018,ESN,MD,AEA,EN,Federal Contract Tower,0,2,25,0,27,0,0,29,3,32,0,2,54,3,59,68,14,82,141
08/13/2018,ESN,MD,AEA,EN,Federal Contract Tower,0,6,13,0,19,0,0,19,42,61,0,6,32,42,80,26,102,128,208
08/14/2018,ESN,MD,AEA,EN,Federal Contract Tower,0,10,14,0,24,0,3,42,4,49,0,13,56,4,73,88,4,92,165
08/15/2018,ESN,MD,AEA,EN,Federal Contract Tower,0,6,11,0,17,0,7,93,6,106,0,13,104,6,123,188,16,204,327
08/16/2018,ESN,MD,AEA,EN,Federal Contract Tower,0,6,22,0,28,0,6,64,4,74,0,12,86,4,102,144,0,144,246
08/17/2018,ESN,MD,AEA,EN,Federal Contract Tower,0,7,9,0,16,0,5,52,4,61,0,12,61,4,77,74,0,74,151
08/18/2018,ESN,MD,AEA,EN,Federal Contract Tower,0,9,14,0,23,0,0,65,2,67,0,9,79,2,90,128,0,128,218
08/19/2018,ESN,MD,AEA,EN,Federal Contract Tower,0,12,27,0,39,0,7,29,0,36,0,19,56,0,75,54,0,54,129
08/20/2018,ESN,MD,AEA,EN,Federal Contract Tower,0,4,39,0,43,0,1,7,0,8,0,5,46,0,51,8,0,8,59
08/21/2018,ESN,MD,AEA,EN,Federal Contract Tower,0,5,11,0,16,0,0,13,0,13,0,5,24,0,29,2,0,2,31
08/22/2018,ESN,MD,AEA,EN,Federal Contract Tower,0,0,10,3,13,0,13,55,1,69,0,13,65,4,82,88,0,88,170
08/23/2018,ESN,MD,AEA,EN,Federal Contract Tower,0,6,5,2,13,0,26,76,0,102,0,32,81,2,115,78,6,84,199
08/24/2018,ESN,MD,AEA,EN,Federal Contract Tower,0,3,10,0,13,0,31,92,0,123,0,34,102,0,136,118,0,118,254
08/25/2018,ESN,MD,AEA,EN,Federal Contract Tower,0,0,12,0,12,0,5,82,0,87,0,5,94,0,99,116,0,116,215
08/26/2018,ESN,MD,AEA,EN,Federal Contract Tower,0,4,11,0,15,0,5,69,0,74,0,9,80,0,89,152,0,152,241
08/27/2018,ESN,MD,AEA,EN,Federal Contract Tower,0,2,8,0,10,0,5,50,0,55,0,7,58,0,65,146,0,146,211
08/28/2018,ESN,MD,AEA,EN,Federal Contract Tower,0,3,10,0,13,0,5,59,1,65,0,8,69,1,78,84,6,90,168
08/29/2018,ESN,MD,AEA,EN,Federal Contract Tower,0,5,12,0,17,0,6,73,9,88,0,11,85,9,105,88,0,88,193
08/30/2018,ESN,MD,AEA,EN,Federal Contract Tower,0,4,20,0,24,0,7,63,2,72,0,11,83,2,96,148,4,152,248
08/31/2018,ESN,MD,AEA,EN,Federal Contract Tower,0,3,17,0,20,0,0,51,0,51,0,3,68,0,71,124,0,124,195
09/01/2018,ESN,MD,AEA,EN,Federal Contract Tower,0,4,14,0,18,0,8,17,0,25,0,12,31,0,43,54,0,54,97
09/02/2018,ESN,MD,AEA,EN,Federal Contract Tower,0,1,15,0,16,0,5,39,0,44,0,6,54,0,60,40,0,40,100
09/03/2018,ESN,MD,AEA,EN,Federal Contract Tower,0,2,20,0,22,0,2,61,0,63,0,4,81,0,85,80,0,80,165
09/04/2018,ESN,MD,AEA,EN,Federal Contract Tower,0,2,21,0,23,0,0,81,2,83,0,2,102,2,106,178,0,178,284
09/05/2018,ESN,MD,AEA,EN,Federal Contract Tower,0,6,0,0,6,0,1,55,3,59,0,7,55,3,65,128,6,134,199
09/06/2018,ESN,MD,AEA,EN,Federal Contract Tower,0,4,21,0,25,0,6,77,14,97,0,10,98,14,122,132,4,136,258
09/07/2018,ESN,MD,AEA,EN,Federal Contract Tower,0,4,10,0,14,0,1,29,1,31,0,5,39,1,45,66,6,72,117
09/08/2018,ESN,MD,AEA,EN,Federal Contract Tower,0,2,14,0,16,0,3,2,0,5,0,5,16,0,21,4,0,4,25
09/09/2018,ESN,MD,AEA,EN,Federal Contract Tower,0,3,12,0,15,0,0,0,0,0,0,3,12,0,15,0,0,0,15
09/10/2018,ESN,MD,AEA,EN,Federal Contract Tower,0,4,11,0,15,0,0,11,0,11,0,4,22,0,26,0,0,0,26
09/11/2018,ESN,MD,AEA,EN,Federal Contract Tower,0,4,9,0,13,0,0,12,0,12,0,4,21,0,25,16,0,16,41
09/12/2018,ESN,MD,AEA,EN,Federal Contract Tower,0,6,14,0,20,0,3,8,0,11,0,9,22,0,31,4,0,4,35
09/13/2018,ESN,MD,AEA,EN,Federal Contract Tower,0,6,18,0,24,0,1,2,0,3,0,7,20,0,27,0,0,0,27
09/14/2018,ESN,MD,AEA,EN,Federal Contract Tower,0,0,9,0,9,0,0,0,0,0,0,0,9,0,9,0,0,0,9
09/15/2018,ESN,MD,AEA,EN,Federal Contract Tower,0,0,12,0,12,0,1,17,4,22,0,1,29,4,34,44,0,44,78
09/16/2018,ESN,MD,AEA,EN,Federal Contract Tower,0,4,12,0,16,0,1,42,3,46,0,5,54,3,62,70,0,70,132
09/17/2018,ESN,MD,AEA,EN,Federal Contract Tower,0,0,14,0,14,0,0,3,0,3,0,0,17,0,17,2,4,6,23
09/18/2018,ESN,MD,AEA,EN,Federal Contract Tower,0,7,10,0,17,0,0,6,0,6,0,7,16,0,23,4,0,4,27
09/19/2018,ESN,MD,AEA,EN,Federal Contract Tower,0,3,8,0,11,0,10,89,2,101,0,13,97,2,112,160,8,168,280
09/20/2018,ESN,MD,AEA,EN,Federal Contract Tower,0,9,50,0,59,0,1,53,0,54,0,10,103,0,113,160,0,160,273
09/21/2018,ESN,MD,AEA,EN,Federal Contract Tower,0,8,22,2,32,0,2,52,0,54,0,10,74,2,86,134,4,138,224
09/22/2018,ESN,MD,AEA,EN,Federal Contract Tower,0,4,11,0,15,0,10,89,1,100,0,14,100,1,115,136,0,136,251
09/23/2018,ESN,MD,AEA,EN,Federal Contract Tower,0,11,31,0,42,0,2,6,0,8,0,13,37,0,50,0,0,0,50
09/24/2018,ESN,MD,AEA,EN,Federal Contract Tower,0,7,12,0,19,0,0,3,0,3,0,7,15,0,22,0,0,0,22
09/25/2018,ESN,MD,AEA,EN,Federal Contract Tower,0,4,12,2,18,0,0,47,0,47,0,4,59,2,65,94,0,94,159
09/26/2018,ESN,MD,AEA,EN,Federal Contract Tower,0,4,18,4,26,0,0,48,3,51,0,4,66,7,77,92,0,92,169
09/27/2018,ESN,MD,AEA,EN,Federal Contract Tower,0,4,27,2,33,0,4,45,7,56,0,8,72,9,89,42,36,78,167
09/28/2018,ESN,MD,AEA,EN,Federal Contract Tower,0,17,12,0,29,0,2,44,0,46,0,19,56,0,75,170,0,170,245
09/29/2018,ESN,MD,AEA,EN,Federal Contract Tower,0,5,8,0,13,0,3,104,2,109,0,8,112,2,122,212,0,212,334
09/30/2018,ESN,MD,AEA,EN,Federal Contract Tower,0,5,16,0,21,0,4,76,0,80,0,9,92,0,101,146,0,146,247
10/01/2018,ESN,MD,AEA,EN,Federal Contract Tower,0,0,19,0,19,0,6,72,9,87,0,6,91,9,106,174,2,176,282
10/02/2018,ESN,MD,AEA,EN,Federal Contract Tower,0,1,13,0,14,0,3,43,2,48,0,4,56,2,62,184,4,188,250
10/03/2018,ESN,MD,AEA,EN,Federal Contract Tower,0,4,26,8,38,0,2,89,2,93,0,6,115,10,131,152,0,152,283
10/04/2018,ESN,MD,AEA,EN,Federal Contract Tower,0,4,21,0,25,0,0,75,6,81,0,4,96,6,106,166,6,172,278
10/05/2018,ESN,MD,AEA,EN,Federal Contract Tower,0,10,26,0,36,0,2,40,1,43,0,12,66,1,79,136,0,136,215
10/06/2018,ESN,MD,AEA,EN,Federal Contract Tower,0,3,7,0,10,0,4,34,0,38,0,7,41,0,48,92,0,92,140
10/07/2018,ESN,MD,AEA,EN,Federal Contract Tower,0,11,17,0,28,0,0,56,0,56,0,11,73,0,84,120,0,120,204
10/08/2018,ESN,MD,AEA,EN,Federal Contract Tower,0,7,19,0,26,0,0,21,0,21,0,7,40,0,47,44,0,44,91
10/09/2018,ESN,MD,AEA,EN,Federal Contract Tower,0,1,8,0,9,0,0,43,0,43,0,1,51,0,52,110,0,110,162
10/10/2018,ESN,MD,AEA,EN,Federal Contract Tower,0,2,14,0,16,0,19,58,18,95,0,21,72,18,111,110,0,110,221
10/11/2018,ESN,MD,AEA,EN,Federal Contract Tower,0,11,10,0,21,0,0,21,0,21,0,11,31,0,42,94,4,98,140
10/12/2018,ESN,MD,AEA,EN,Federal Contract Tower,0,8,15,0,23,0,7,40,1,48,0,15,55,1,71,108,2,110,181
10/13/2018,ESN,MD,AEA,EN,Federal Contract Tower,0,3,14,0,17,0,0,48,0,48,0,3,62,0,65,94,0,94,159
10/14/2018,ESN,MD,AEA,EN,Federal Contract Tower,0,6,15,0,21,0,1,81,0,82,0,7,96,0,103,114,2,116,219
10/15/2018,ESN,MD,AEA,EN,Federal Contract Tower,0,7,15,0,22,0,0,21,0,21,0,7,36,0,43,44,0,44,87
10/16/2018,ESN,MD,AEA,EN,Federal Contract Tower,0,1,13,0,14,0,12,77,0,89,0,13,90,0,103,140,4,144,247
10/17/2018,ESN,MD,AEA,EN,Federal Contract Tower,0,4,6,0,10,0,13,45,0,58,0,17,51,0,68,50,0,50,118
10/18/2018,ESN,MD,AEA,EN,Federal Contract Tower,0,6,5,2,13,0,14,78,2,94,0,20,83,4,107,166,0,166,273
10/19/2018,ESN,MD,AEA,EN,Federal Contract Tower,0,6,23,1,30,0,15,75,1,91,0,21,98,2,121,236,4,240,361
10/20/2018,ESN,MD,AEA,EN,Federal Contract Tower,0,2,13,0,15,0,8,44,0,52,0,10,57,0,67,100,0,100,167
10/21/2018,ESN,MD,AEA,EN,Federal Contract Tower,0,8,12,0,20,0,1,25,0,26,0,9,37,0,46,46,0,46,92
10/22/2018,ESN,MD,AEA,EN,Federal Contract Tower,0,2,8,0,10,0,3,77,2,82,0,5,85,2,92,150,0,150,242
10/23/2018,ESN,MD,AEA,EN,Federal Contract Tower,0,1,10,0,11,0,1,85,0,86,0,2,95,0,97,206,0,206,303
10/24/2018,ESN,MD,AEA,EN,Federal Contract Tower,0,6,8,2,16,0,19,56,1,76,0,25,64,3,92,90,0,90,182
10/25/2018,ESN,MD,AEA,EN,Federal Contract Tower,0,7,13,0,20,0,4,84,0,88,0,11,97,0,108,206,0,206,314
10/26/2018,ESN,MD,AEA,EN,Federal Contract Tower,0,4,17,0,21,0,3,38,0,41,0,7,55,0,62,100,0,100,162
10/27/2018,ESN,MD,AEA,EN,Federal Contract Tower,0,2,2,0,4,0,0,0,0,0,0,2,2,0,4,0,0,0,4
10/28/2018,ESN,MD,AEA,EN,Federal Contract Tower,0,2,9,0,11,0,3,58,0,61,0,5,67,0,72,232,0,232,304
10/29/2018,ESN,MD,AEA,EN,Federal Contract Tower,0,0,10,0,10,0,6,25,0,31,0,6,35,0,41,56,16,72,113
10/30/2018,ESN,MD,AEA,EN,Federal Contract Tower,0,4,4,1,9,0,1,90,0,91,0,5,94,1,100,116,0,116,216
10/31/2018,ESN,MD,AEA,EN,Federal Contract Tower,0,3,13,0,16,0,10,67,4,81,0,13,80,4,97,156,6,162,259
11/01/2018,ESN,MD,AEA,EN,Federal Contract Tower,0,2,8,0,10,0,14,68,0,82,0,16,76,0,92,134,0,134,226
11/02/2018,ESN,MD,AEA,EN,Federal Contract Tower,0,2,18,0,20,0,2,20,2,24,0,4,38,2,44,82,0,82,126
11/03/2018,ESN,MD,AEA,EN,Federal Contract Tower,0,4,3,0,7,0,6,19,1,26,0,10,22,1,33,16,0,16,49
11/04/2018,ESN,MD,AEA,EN,Federal Contract Tower,0,6,22,0,28,0,9,193,4,206,0,15,215,4,234,260,4,264,498
11/05/2018,ESN,MD,AEA,EN,Federal Contract Tower,0,5,5,0,10,0,0,0,0,0,0,5,5,0,10,0,0,0,10
11/06/2018,ESN,MD,AEA,EN,Federal Contract Tower,0,1,9,0,10,0,0,10,0,10,0,1,19,0,20,4,0,4,24
11/07/2018,ESN,MD,AEA,EN,Federal Contract Tower,0,4,15,2,21,0,4,91,6,101,0,8,106,8,122,184,38,222,344
11/08/2018,ESN,MD,AEA,EN,Federal Contract Tower,0,9,13,0,22,0,8,102,8,118,0,17,115,8,140,224,6,230,370
11/09/2018,ESN,MD,AEA,EN,Federal Contract Tower,0,3,7,0,10,0,1,10,0,11,0,4,17,0,21,76,0,76,97
11/10/2018,ESN,MD,AEA,EN,Federal Contract Tower,0,7,8,0,15,0,0,24,0,24,0,7,32,0,39,48,0,48,87
11/11/2018,ESN,MD,AEA,EN,Federal Contract Tower,0,5,25,0,30,0,3,103,0,106,0,8,128,0,136,284,0,284,420
11/12/2018,ESN,MD,AEA,EN,Federal Contract Tower,0,2,11,0,13,0,6,67,0,73,0,8,78,0,86,130,0,130,216
11/13/2018,ESN,MD,AEA,EN,Federal Contract Tower,0,1,17,0,18,0,15,6,0,21,0,16,23,0,39,30,0,30,69
11/14/2018,ESN,MD,AEA,EN,Federal Contract Tower,0,5,11,0,16,0,15,66,0,81,0,20,77,0,97,230,10,240,337
11/15/2018,ESN,MD,AEA,EN,Federal Contract Tower,0,12,3,0,15,0,0,0,0,0,0,12,3,0,15,0,0,0,15
11/16/2018,ESN,MD,AEA,EN,Federal Contract Tower,0,6,15,0,21,0,3,36,4,43,0,9,51,4,64,206,8,214,278
11/17/2018,ESN,MD,AEA,EN,Federal Contract Tower,0,10,8,0,18,0,4,88,0,92,0,14,96,0,110,260,0,260,370
11/18/2018,ESN,MD,AEA,EN,Federal Contract Tower,0,6,19,0,25,0,3,103,0,106,0,9,122,0,131,302,0,302,433
11/19/2018,ESN,MD,AEA,EN,Federal Contract Tower,0,8,18,0,26,0,0,48,1,49,0,8,66,1,75,122,26,148,223
11/20/2018,ESN,MD,AEA,EN,Federal Contract Tower,0,7,9,0,16,0,22,43,0,65,0,29,52,0,81,34,0,34,115
11/21/2018,ESN,MD,AEA,EN,Federal Contract Tower,0,8,9,0,17,0,9,74,0,83,0,17,83,0,100,112,0,112,212
11/22/2018,ESN,MD,AEA,EN,Federal Contract Tower,0,6,2,0,8,0,7,21,2,30,0,13,23,2,38,22,0,22,60
11/23/2018,ESN,MD,AEA,EN,Federal Contract Tower,0,8,10,0,18,0,9,58,0,67,0,17,68,0,85,72,0,72,157
11/24/2018,ESN,MD,AEA,EN,Federal Contract Tower,0,6,6,0,12,0,0,0,0,0,0,6,6,0,12,0,0,0,12
11/25/2018,ESN,MD,AEA,EN,Federal Contract Tower,0,13,17,0,30,0,3,72,0,75,0,16,89,0,105,176,0,176,281
11/26/2018,ESN,MD,AEA,EN,Federal Contract Tower,0,3,6,2,11,0,0,2,0,2,0,3,8,2,13,26,0,26,39
11/27/2018,ESN,MD,AEA,EN,Federal Contract Tower,0,1,7,0,8,0,10,25,0,35,0,11,32,0,43,48,0,48,91
11/28/2018,ESN,MD,AEA,EN,Federal Contract Tower,0,1,9,0,10,0,2,10,0,12,0,3,19,0,22,0,0,0,22
11/29/2018,ESN,MD,AEA,EN,Federal Contract Tower,0,0,14,0,14,0,2,48,0,50,0,2,62,0,64,108,2,110,174
11/30/2018,ESN,MD,AEA,EN,Federal Contract Tower,0,6,4,0,10,0,0,53,0,53,0,6,57,0,63,208,0,208,271
12/01/2018,ESN,MD,AEA,EN,Federal Contract Tower,0,6,17,0,23,0,1,25,0,26,0,7,42,0,49,74,0,74,123
12/02/2018,ESN,MD,AEA,EN,Federal Contract Tower,0,1,7,0,8,0,0,0,0,0,0,1,7,0,8,0,0,0,8
12/03/2018,ESN,MD,AEA,EN,Federal Contract Tower,0,6,9,0,15,0,0,52,0,52,0,6,61,0,67,132,0,132,199
12/04/2018,ESN,MD,AEA,EN,Federal Contract Tower,0,2,13,0,15,0,4,22,4,30,0,6,35,4,45,124,0,124,169
12/05/2018,ESN,MD,AEA,EN,Federal Contract Tower,0,3,9,0,12,0,2,42,0,44,0,5,51,0,56,132,0,132,188
12/06/2018,ESN,MD,AEA,EN,Federal Contract Tower,0,7,10,0,17,0,2,63,0,65,0,9,73,0,82,158,0,158,240
12/07/2018,ESN,MD,AEA,EN,Federal Contract Tower,0,6,24,0,30,0,0,45,1,46,0,6,69,1,76,152,0,152,228
12/08/2018,ESN,MD,AEA,EN,Federal Contract Tower,0,2,8,0,10,0,1,44,0,45,0,3,52,0,55,138,0,138,193
12/09/2018,ESN,MD,AEA,EN,Federal Contract Tower,0,4,5,0,9,0,1,45,0,46,0,5,50,0,55,106,0,106,161
12/10/2018,ESN,MD,AEA,EN,Federal Contract Tower,0,7,10,0,17,0,0,41,0,41,0,7,51,0,58,126,0,126,184
12/11/2018,ESN,MD,AEA,EN,Federal Contract Tower,0,1,6,0,7,0,2,38,0,40,0,3,44,0,47,90,14,104,151
12/12/2018,ESN,MD,AEA,EN,Federal Contract Tower,0,4,13,0,17,0,11,38,4,53,0,15,51,4,70,140,0,140,210
12/13/2018,ESN,MD,AEA,EN,Federal Contract Tower,0,5,11,4,20,0,6,43,0,49,0,11,54,4,69,222,10,232,301
12/14/2018,ESN,MD,AEA,EN,Federal Contract Tower,0,0,14,0,14,0,8,14,0,22,0,8,28,0,36,18,0,18,54
12/15/2018,ESN,MD,AEA,EN,Federal Contract Tower,0,0,5,0,5,0,0,0,0,0,0,0,5,0,5,0,0,0,5
12/16/2018,ESN,MD,AEA,EN,Federal Contract Tower,0,0,9,0,9,0,0,0,0,0,0,0,9,0,9,0,0,0,9
12/17/2018,ESN,MD,AEA,EN,Federal Contract Tower,0,2,14,0,16,0,4,58,2,64,0,6,72,2,80,84,2,86,166
12/18/2018,ESN,MD,AEA,EN,Federal Contract Tower,0,4,16,0,20,0,8,43,0,51,0,12,59,0,71,72,0,72,143
12/19/2018,ESN,MD,AEA,EN,Federal Contract Tower,0,3,5,0,8,0,0,79,0,79,0,3,84,0,87,190,0,190,277
12/20/2018,ESN,MD,AEA,EN,Federal Contract Tower,0,2,16,0,18,0,0,2,0,2,0,2,18,0,20,0,0,0,20
12/21/2018,ESN,MD,AEA,EN,Federal Contract Tower,0,0,4,0,4,0,19,10,0,29,0,19,14,0,33,38,0,38,71
12/22/2018,ESN,MD,AEA,EN,Federal Contract Tower,0,0,5,0,5,0,7,25,0,32,0,7,30,0,37,10,0,10,47
12/23/2018,ESN,MD,AEA,EN,Federal Contract Tower,0,4,11,0,15,0,0,50,0,50,0,4,61,0,65,100,0,100,165
12/24/2018,ESN,MD,AEA,EN,Federal Contract Tower,0,2,5,0,7,0,0,21,0,21,0,2,26,0,28,40,0,40,68
12/25/2018,ESN,MD,AEA,EN,Federal Contract Tower,0,3,0,0,3,0,0,11,0,11,0,3,11,0,14,6,0,6,20
12/26/2018,ESN,MD,AEA,EN,Federal Contract Tower,0,7,12,0,19,0,0,54,0,54,0,7,66,0,73,88,0,88,161
12/27/2018,ESN,MD,AEA,EN,Federal Contract Tower,0,9,13,0,22,0,2,67,0,69,0,11,80,0,91,138,0,138,229
12/28/2018,ESN,MD,AEA,EN,Federal Contract Tower,0,3,3,0,6,0,0,0,0,0,0,3,3,0,6,0,0,0,6
12/29/2018,ESN,MD,AEA,EN,Federal Contract Tower,0,5,9,0,14,0,2,36,0,38,0,7,45,0,52,90,0,90,142
12/30/2018,ESN,MD,AEA,EN,Federal Contract Tower,0,0,15,0,15,0,1,71,0,72,0,1,86,0,87,122,0,122,209
12/31/2018,ESN,MD,AEA,EN,Federal Contract Tower,0,0,12,0,12,0,0,4,0,4,0,0,16,0,16,6,0,6,22
01/01/2019,ESN,MD,AEA,EN,Federal Contract Tower,0,3,9,0,12,0,3,24,0,27,0,6,33,0,39,20,0,20,59
01/02/2019,ESN,MD,AEA,EN,Federal Contract Tower,0,1,10,0,11,0,6,35,0,41,0,7,45,0,52,112,0,112,164
01/03/2019,ESN,MD,AEA,EN,Federal Contract Tower,0,6,4,0,10,0,6,22,0,28,0,12,26,0,38,102,2,104,142
01/04/2019,ESN,MD,AEA,EN,Federal Contract Tower,0,3,6,0,9,0,0,26,0,26,0,3,32,0,35,64,0,64,99
01/05/2019,ESN,MD,AEA,EN,Federal Contract Tower,0,2,18,0,20,0,2,3,0,5,0,4,21,0,25,36,0,36,61
01/06/2019,ESN,MD,AEA,EN,Federal Contract Tower,0,3,17,0,20,0,6,51,1,58,0,9,68,1,78,154,0,154,232
01/07/2019,ESN,MD,AEA,EN,Federal Contract Tower,0,2,11,0,13,0,2,22,0,24,0,4,33,0,37,86,0,86,123
01/08/2019,ESN,MD,AEA,EN,Federal Contract Tower,0,2,8,0,10,0,0,34,2,36,0,2,42,2,46,100,4,104,150
01/09/2019,ESN,MD,AEA,EN,Federal Contract Tower,0,4,5,0,9,0,2,19,0,21,0,6,24,0,30,46,30,76,106
01/10/2019,ESN,MD,AEA,EN,Federal Contract Tower,1,1,6,0,8,0,9,13,0,22,1,10,19,0,30,6,32,38,68
01/11/2019,ESN,MD,AEA,EN,Federal Contract Tower,0,1,20,0,21,0,1,50,0,51,0,2,70,0,72,124,0,124,196
01/12/2019,ESN,MD,AEA,EN,Federal Contract Tower,0,7,6,0,13,0,2,50,2,54,0,9,56,2,67,162,2,164,231
01/13/2019,ESN,MD,AEA,EN,Federal Contract Tower,0,0,0,0,0,0,0,0,0,0,0,0,0,0,0,0,0,0,0
01/14/2019,ESN,MD,AEA,EN,Federal Contract Tower,0,1,2,0,3,0,3,24,0,27,0,4,26,0,30,84,0,84,114
01/15/2019,ESN,MD,AEA,EN,Federal Contract Tower,0,6,8,0,14,0,5,43,0,48,0,11,51,0,62,92,0,92,154
01/16/2019,ESN,MD,AEA,EN,Federal Contract Tower,0,7,13,0,20,0,12,65,2,79,0,19,78,2,99,184,48,232,331
01/17/2019,ESN,MD,AEA,EN,Federal Contract Tower,0,2,11,1,14,0,3,41,0,44,0,5,52,1,58,110,20,130,188
01/18/2019,ESN,MD,AEA,EN,Federal Contract Tower,0,3,17,0,20,0,9,17,0,26,0,12,34,0,46,28,0,28,74
01/19/2019,ESN,MD,AEA,EN,Federal Contract Tower,0,2,10,0,12,0,4,20,0,24,0,6,30,0,36,60,0,60,96
01/20/2019,ESN,MD,AEA,EN,Federal Contract Tower,0,0,2,0,2,0,2,0,0,2,0,2,2,0,4,0,0,0,4
01/21/2019,ESN,MD,AEA,EN,Federal Contract Tower,0,7,7,0,14,0,3,3,0,6,0,10,10,0,20,0,0,0,20
01/22/2019,ESN,MD,AEA,EN,Federal Contract Tower,0,2,6,0,8,0,4,57,2,63,0,6,63,2,71,102,36,138,209
01/23/2019,ESN,MD,AEA,EN,Federal Contract Tower,0,2,0,0,2,0,4,27,0,31,0,6,27,0,33,40,0,40,73
01/24/2019,ESN,MD,AEA,EN,Federal Contract Tower,0,2,2,0,4,0,0,0,0,0,0,2,2,0,4,0,2,2,6
01/25/2019,ESN,MD,AEA,EN,Federal Contract Tower,0,4,5,0,9,0,11,71,0,82,0,15,76,0,91,154,0,154,245
01/26/2019,ESN,MD,AEA,EN,Federal Contract Tower,0,2,7,0,9,0,2,79,3,84,0,4,86,3,93,200,0,200,293
01/27/2019,ESN,MD,AEA,EN,Federal Contract Tower,0,3,7,0,10,0,7,83,0,90,0,10,90,0,100,110,0,110,210
01/28/2019,ESN,MD,AEA,EN,Federal Contract Tower,0,4,19,0,23,0,9,55,2,66,0,13,74,2,89,140,0,140,229
01/29/2019,ESN,MD,AEA,EN,Federal Contract Tower,0,4,7,0,11,0,0,11,8,19,0,4,18,8,30,38,0,38,68
01/30/2019,ESN,MD,AEA,EN,Federal Contract Tower,0,2,2,0,4,0,3,5,0,8,0,5,7,0,12,10,20,30,42
01/31/2019,ESN,MD,AEA,EN,Federal Contract Tower,0,0,13,0,13,0,4,51,0,55,0,4,64,0,68,92,0,92,160
02/01/2019,ESN,MD,AEA,EN,Federal Contract Tower,0,0,6,0,6,0,0,1,0,1,0,0,7,0,7,0,0,0,7
02/02/2019,ESN,MD,AEA,EN,Federal Contract Tower,0,0,10,0,10,0,2,51,0,53,0,2,61,0,63,110,0,110,173
02/03/2019,ESN,MD,AEA,EN,Federal Contract Tower,0,0,9,0,9,0,2,47,2,51,0,2,56,2,60,148,2,150,210
02/04/2019,ESN,MD,AEA,EN,Federal Contract Tower,0,1,15,2,18,0,2,42,1,45,0,3,57,3,63,94,14,108,171
02/05/2019,ESN,MD,AEA,EN,Federal Contract Tower,0,2,9,2,13,0,2,54,0,56,0,4,63,2,69,130,20,150,219
02/06/2019,ESN,MD,AEA,EN,Federal Contract Tower,0,6,10,0,16,0,3,36,4,43,0,9,46,4,59,90,6,96,155
02/07/2019,ESN,MD,AEA,EN,Federal Contract Tower,0,0,13,0,13,0,21,25,0,46,0,21,38,0,59,58,0,58,117
02/08/2019,ESN,MD,AEA,EN,Federal Contract Tower,0,4,5,0,9,0,0,24,8,32,0,4,29,8,41,8,0,8,49
02/09/2019,ESN,MD,AEA,EN,Federal Contract Tower,0,1,6,0,7,0,12,52,2,66,0,13,58,2,73,106,2,108,181
02/10/2019,ESN,MD,AEA,EN,Federal Contract Tower,0,0,12,0,12,0,2,95,2,99,0,2,107,2,111,128,0,128,239
02/11/2019,ESN,MD,AEA,EN,Federal Contract Tower,0,0,5,0,5,0,0,0,0,0,0,0,5,0,5,0,0,0,5
02/12/2019,ESN,MD,AEA,EN,Federal Contract Tower,0,0,6,0,6,0,0,0,0,0,0,0,6,0,6,0,0,0,6
02/13/2019,ESN,MD,AEA,EN,Federal Contract Tower,0,0,6,0,6,0,2,77,0,79,0,2,83,0,85,142,0,142,227
02/14/2019,ESN,MD,AEA,EN,Federal Contract Tower,0,2,6,0,8,0,0,75,4,79,0,2,81,4,87,136,24,160,247
02/15/2019,ESN,MD,AEA,EN,Federal Contract Tower,0,2,7,0,9,0,5,60,0,65,0,7,67,0,74,140,0,140,214
02/16/2019,ESN,MD,AEA,EN,Federal Contract Tower,0,0,8,0,8,0,0,70,0,70,0,0,78,0,78,190,0,190,268
02/17/2019,ESN,MD,AEA,EN,Federal Contract Tower,0,4,4,0,8,0,1,61,0,62,0,5,65,0,70,100,0,100,170
02/18/2019,ESN,MD,AEA,EN,Federal Contract Tower,0,2,14,1,17,0,2,11,0,13,0,4,25,1,30,28,2,30,60
02/19/2019,ESN,MD,AEA,EN,Federal Contract Tower,0,1,13,0,14,0,5,59,2,66,0,6,72,2,80,124,0,124,204
02/20/2019,ESN,MD,AEA,EN,Federal Contract Tower,0,0,1,0,1,0,0,0,0,0,0,0,1,0,1,0,0,0,1
02/21/2019,ESN,MD,AEA,EN,Federal Contract Tower,0,2,5,0,7,0,0,56,7,63,0,2,61,7,70,186,6,192,262
02/22/2019,ESN,MD,AEA,EN,Federal Contract Tower,0,3,16,0,19,0,10,58,4,72,0,13,74,4,91,196,4,200,291
02/23/2019,ESN,MD,AEA,EN,Federal Contract Tower,0,4,6,0,10,0,2,26,0,28,0,6,32,0,38,118,0,118,156
02/24/2019,ESN,MD,AEA,EN,Federal Contract Tower,0,2,0,0,2,0,7,0,2,9,0,9,0,2,11,0,0,0,11
02/25/2019,ESN,MD,AEA,EN,Federal Contract Tower,0,2,3,0,5,0,1,8,2,11,0,3,11,2,16,12,0,12,28
02/26/2019,ESN,MD,AEA,EN,Federal Contract Tower,0,0,13,0,13,0,8,74,0,82,0,8,87,0,95,146,8,154,249
02/27/2019,ESN,MD,AEA,EN,Federal Contract Tower,0,4,7,0,11,0,3,24,0,27,0,7,31,0,38,128,0,128,166
02/28/2019,ESN,MD,AEA,EN,Federal Contract Tower,0,2,3,2,7,0,0,47,3,50,0,2,50,5,57,144,10,154,211
03/01/2019,ESN,MD,AEA,EN,Federal Contract Tower,0,2,6,0,8,0,0,0,0,0,0,2,6,0,8,0,0,0,8
03/02/2019,ESN,MD,AEA,EN,Federal Contract Tower,0,3,4,0,7,0,0,6,0,6,0,3,10,0,13,18,0,18,31
03/03/2019,ESN,MD,AEA,EN,Federal Contract Tower,0,3,3,0,6,0,0,24,0,24,0,3,27,0,30,8,0,8,38
03/04/2019,ESN,MD,AEA,EN,Federal Contract Tower,0,1,6,0,7,0,0,28,0,28,0,1,34,0,35,64,0,64,99
03/05/2019,ESN,MD,AEA,EN,Federal Contract Tower,0,0,14,2,16,0,0,47,6,53,0,0,61,8,69,150,0,150,219
03/06/2019,ESN,MD,AEA,EN,Federal Contract Tower,0,2,11,0,13,0,4,35,0,39,0,6,46,0,52,38,0,38,90
03/07/2019,ESN,MD,AEA,EN,Federal Contract Tower,0,0,8,0,8,0,7,59,4,70,0,7,67,4,78,182,0,182,260
03/08/2019,ESN,MD,AEA,EN,Federal Contract Tower,0,5,5,0,10,0,0,16,0,16,0,5,21,0,26,80,0,80,106
03/09/2019,ESN,MD,AEA,EN,Federal Contract Tower,0,2,17,0,19,0,1,20,0,21,0,3,37,0,40,20,0,20,60
03/10/2019,ESN,MD,AEA,EN,Federal Contract Tower,0,0,22,0,22,0,0,16,0,16,0,0,38,0,38,34,0,34,72
03/11/2019,ESN,MD,AEA,EN,Federal Contract Tower,0,0,9,0,9,0,5,48,2,55,0,5,57,2,64,160,0,160,224
03/12/2019,ESN,MD,AEA,EN,Federal Contract Tower,0,0,11,0,11,0,14,69,6,89,0,14,80,6,100,172,6,178,278
03/13/2019,ESN,MD,AEA,EN,Federal Contract Tower,0,0,8,0,8,0,4,63,0,67,0,4,71,0,75,162,0,162,237
03/14/2019,ESN,MD,AEA,EN,Federal Contract Tower,0,2,12,1,15,0,10,69,4,83,0,12,81,5,98,240,30,270,368
03/15/2019,ESN,MD,AEA,EN,Federal Contract Tower,0,1,12,0,13,0,1,20,0,21,0,2,32,0,34,6,2,8,42
03/16/2019,ESN,MD,AEA,EN,Federal Contract Tower,0,2,4,0,6,0,0,27,0,27,0,2,31,0,33,68,0,68,101
03/17/2019,ESN,MD,AEA,EN,Federal Contract Tower,0,4,11,0,15,0,0,77,3,80,0,4,88,3,95,114,0,114,209
03/18/2019,ESN,MD,AEA,EN,Federal Contract Tower,0,4,7,0,11,0,6,40,2,48,0,10,47,2,59,100,0,100,159
03/19/2019,ESN,MD,AEA,EN,Federal Contract Tower,0,0,8,2,10,0,0,96,2,98,0,0,104,4,108,188,4,192,300
03/20/2019,ESN,MD,AEA,EN,Federal Contract Tower,0,0,8,0,8,0,2,83,0,85,0,2,91,0,93,250,0,250,343
03/21/2019,ESN,MD,AEA,EN,Federal Contract Tower,0,2,5,0,7,0,0,0,0,0,0,2,5,0,7,0,0,0,7
03/22/2019,ESN,MD,AEA,EN,Federal Contract Tower,0,9,11,0,20,0,2,2,0,4,0,11,13,0,24,0,8,8,32
03/23/2019,ESN,MD,AEA,EN,Federal Contract Tower,0,1,9,0,10,0,0,28,0,28,0,1,37,0,38,104,0,104,142
03/24/2019,ESN,MD,AEA,EN,Federal Contract Tower,0,2,8,0,10,0,2,111,1,114,0,4,119,1,124,254,2,256,380
03/25/2019,ESN,MD,AEA,EN,Federal Contract Tower,0,3,13,1,17,0,16,52,2,70,0,19,65,3,87,186,0,186,273
03/26/2019,ESN,MD,AEA,EN,Federal Contract Tower,0,0,7,0,7,0,10,51,2,63,0,10,58,2,70,178,2,180,250
03/27/2019,ESN,MD,AEA,EN,Federal Contract Tower,0,0,12,2,14,0,5,75,0,80,0,5,87,2,94,306,0,306,400
03/28/2019,ESN,MD,AEA,EN,Federal Contract Tower,0,2,8,0,10,0,3,68,0,71,0,5,76,0,81,280,4,284,365
03/29/2019,ESN,MD,AEA,EN,Federal Contract Tower,0,1,16,0,17,0,10,83,0,93,0,11,99,0,110,257,0,257,367
03/30/2019,ESN,MD,AEA,EN,Federal Contract Tower,0,0,19,0,19,0,2,71,0,73,0,2,90,0,92,162,0,162,254
03/31/2019,ESN,MD,AEA,EN,Federal Contract Tower,0,2,10,0,12,0,3,5,1,9,0,5,15,1,21,0,0,0,21
04/01/2019,ESN,MD,AEA,EN,Federal Contract Tower,0,2,10,0,12,0,1,60,2,63,0,3,70,2,75,106,30,136,211
04/02/2019,ESN,MD,AEA,EN,Federal Contract Tower,0,0,13,0,13,0,4,53,2,59,0,4,66,2,72,186,0,186,258
04/03/2019,ESN,MD,AEA,EN,Federal Contract Tower,0,0,15,0,15,0,7,37,0,44,0,7,52,0,59,88,0,88,147
04/04/2019,ESN,MD,AEA,EN,Federal Contract Tower,0,4,12,2,18,0,1,67,0,68,0,5,79,2,86,250,2,252,338
04/05/2019,ESN,MD,AEA,EN,Federal Contract Tower,0,1,14,0,15,0,2,47,0,49,0,3,61,0,64,90,0,90,154
04/06/2019,ESN,MD,AEA,EN,Federal Contract Tower,0,1,11,0,12,0,4,57,0,61,0,5,68,0,73,148,0,148,221
04/07/2019,ESN,MD,AEA,EN,Federal Contract Tower,0,2,23,0,25,0,2,96,0,98,0,4,119,0,123,124,2,126,249
04/08/2019,ESN,MD,AEA,EN,Federal Contract Tower,0,5,13,0,18,0,4,55,0,59,0,9,68,0,77,162,0,162,239
04/09/2019,ESN,MD,AEA,EN,Federal Contract Tower,0,3,12,2,17,0,0,44,0,44,0,3,56,2,61,148,8,156,217
04/10/2019,ESN,MD,AEA,EN,Federal Contract Tower,0,3,12,0,15,0,2,68,4,74,0,5,80,4,89,222,24,246,335
04/11/2019,ESN,MD,AEA,EN,Federal Contract Tower,0,2,25,1,28,0,3,55,0,58,0,5,80,1,86,218,10,228,314
04/12/2019,ESN,MD,AEA,EN,Federal Contract Tower,0,5,5,0,10,0,2,22,0,24,0,7,27,0,34,36,0,36,70
04/13/2019,ESN,MD,AEA,EN,Federal Contract Tower,0,0,10,0,10,0,0,30,2,32,0,0,40,2,42,88,4,92,134
04/14/2019,ESN,MD,AEA,EN,Federal Contract Tower,0,3,11,0,14,0,8,8,0,16,0,11,19,0,30,4,0,4,34
04/15/2019,ESN,MD,AEA,EN,Federal Contract Tower,0,1,8,0,9,0,0,1,0,1,0,1,9,0,10,0,0,0,10
04/16/2019,ESN,MD,AEA,EN,Federal Contract Tower,0,1,3,2,6,0,1,81,0,82,0,2,84,2,88,210,0,210,298
04/17/2019,ESN,MD,AEA,EN,Federal Contract Tower,0,1,25,0,26,0,0,102,0,102,0,1,127,0,128,262,18,280,408
04/18/2019,ESN,MD,AEA,EN,Federal Contract Tower,0,8,16,0,24,0,3,65,0,68,0,11,81,0,92,210,0,210,302
04/19/2019,ESN,MD,AEA,EN,Federal Contract Tower,0,8,10,2,20,0,2,8,0,10,0,10,18,2,30,0,14,14,44
04/20/2019,ESN,MD,AEA,EN,Federal Contract Tower,0,0,14,0,14,0,2,27,0,29,0,2,41,0,43,102,0,102,145
04/21/2019,ESN,MD,AEA,EN,Federal Contract Tower,0,4,12,0,16,0,6,73,6,85,0,10,85,6,101,178,2,180,281
04/22/2019,ESN,MD,AEA,EN,Federal Contract Tower,0,7,23,0,30,0,2,74,4,80,0,9,97,4,110,174,0,174,284
04/23/2019,ESN,MD,AEA,EN,Federal Contract Tower,0,2,19,0,21,0,4,86,0,90,0,6,105,0,111,214,30,244,355
04/24/2019,ESN,MD,AEA,EN,Federal Contract Tower,0,3,33,1,37,0,7,89,2,98,0,10,122,3,135,238,8,246,381
04/25/2019,ESN,MD,AEA,EN,Federal Contract Tower,0,5,39,0,44,0,4,93,2,99,0,9,132,2,143,236,6,242,385
04/26/2019,ESN,MD,AEA,EN,Federal Contract Tower,0,4,10,0,14,0,0,5,0,5,0,4,15,0,19,0,0,0,19
04/27/2019,ESN,MD,AEA,EN,Federal Contract Tower,0,3,5,0,8,0,0,13,0,13,0,3,18,0,21,6,0,6,27
04/28/2019,ESN,MD,AEA,EN,Federal Contract Tower,0,5,24,0,29,0,4,54,0,58,0,9,78,0,87,98,0,98,185
04/29/2019,ESN,MD,AEA,EN,Federal Contract Tower,0,5,26,4,35,0,3,76,0,79,0,8,102,4,114,274,0,274,388
04/30/2019,ESN,MD,AEA,EN,Federal Contract Tower,0,0,0,0,0,0,3,68,0,71,0,3,68,0,71,176,44,220,291
05/01/2019,ESN,MD,AEA,EN,Federal Contract Tower,0,0,29,0,29,0,2,26,1,29,0,2,55,1,58,104,0,104,162
05/02/2019,ESN,MD,AEA,EN,Federal Contract Tower,0,6,12,0,18,0,0,60,2,62,0,6,72,2,80,140,0,140,220
05/03/2019,ESN,MD,AEA,EN,Federal Contract Tower,0,9,14,0,23,0,13,44,0,57,0,22,58,0,80,120,0,120,200
05/04/2019,ESN,MD,AEA,EN,Federal Contract Tower,0,1,20,0,21,0,5,8,0,13,0,6,28,0,34,60,0,60,94
05/05/2019,ESN,MD,AEA,EN,Federal Contract Tower,0,7,7,0,14,0,0,0,0,0,0,7,7,0,14,0,0,0,14
05/06/2019,ESN,MD,AEA,EN,Federal Contract Tower,0,7,30,0,37,0,0,75,2,77,0,7,105,2,114,126,32,158,272
05/07/2019,ESN,MD,AEA,EN,Federal Contract Tower,0,4,15,2,21,0,4,70,12,86,0,8,85,14,107,138,26,164,271
05/08/2019,ESN,MD,AEA,EN,Federal Contract Tower,0,0,20,0,20,0,16,51,0,67,0,16,71,0,87,150,58,208,295
05/09/2019,ESN,MD,AEA,EN,Federal Contract Tower,0,4,11,0,15,0,2,34,0,36,0,6,45,0,51,158,4,162,213
05/10/2019,ESN,MD,AEA,EN,Federal Contract Tower,0,6,6,0,12,0,5,43,0,48,0,11,49,0,60,42,0,42,102
05/11/2019,ESN,MD,AEA,EN,Federal Contract Tower,0,1,9,0,10,0,1,62,0,63,0,2,71,0,73,160,0,160,233
05/12/2019,ESN,MD,AEA,EN,Federal Contract Tower,0,8,4,2,14,0,0,0,0,0,0,8,4,2,14,0,0,0,14
05/13/2019,ESN,MD,AEA,EN,Federal Contract Tower,0,1,18,0,19,0,0,0,0,0,0,1,18,0,19,0,0,0,19
05/14/2019,ESN,MD,AEA,EN,Federal Contract Tower,0,3,19,0,22,0,10,50,6,66,0,13,69,6,88,158,0,158,246
05/15/2019,ESN,MD,AEA,EN,Federal Contract Tower,0,11,24,0,35,0,2,83,1,86,0,13,107,1,121,256,2,258,379
05/16/2019,ESN,MD,AEA,EN,Federal Contract Tower,0,3,16,0,19,0,5,52,0,57,0,8,68,0,76,164,6,170,246
05/17/2019,ESN,MD,AEA,EN,Federal Contract Tower,0,7,7,0,14,0,1,72,2,75,0,8,79,2,89,170,0,170,259
05/18/2019,ESN,MD,AEA,EN,Federal Contract Tower,0,6,8,0,14,0,4,88,0,92,0,10,96,0,106,196,0,196,302
05/19/2019,ESN,MD,AEA,EN,Federal Contract Tower,0,5,11,0,16,0,2,65,0,67,0,7,76,0,83,104,0,104,187
05/20/2019,ESN,MD,AEA,EN,Federal Contract Tower,0,0,14,0,14,0,11,40,0,51,0,11,54,0,65,144,0,144,209
05/21/2019,ESN,MD,AEA,EN,Federal Contract Tower,0,6,15,3,24,0,0,61,1,62,0,6,76,4,86,94,2,96,182
05/22/2019,ESN,MD,AEA,EN,Federal Contract Tower,0,3,11,0,14,0,0,83,0,83,0,3,94,0,97,210,0,210,307
05/23/2019,ESN,MD,AEA,EN,Federal Contract Tower,0,5,14,0,19,0,0,44,0,44,0,5,58,0,63,144,16,160,223
05/24/2019,ESN,MD,AEA,EN,Federal Contract Tower,0,7,20,0,27,0,12,69,0,81,0,19,89,0,108,140,0,140,248
05/25/2019,ESN,MD,AEA,EN,Federal Contract Tower,0,2,19,0,21,0,3,69,0,72,0,5,88,0,93,156,0,156,249
05/26/2019,ESN,MD,AEA,EN,Federal Contract Tower,0,1,17,0,18,0,3,64,0,67,0,4,81,0,85,74,0,74,159
05/27/2019,ESN,MD,AEA,EN,Federal Contract Tower,0,3,16,0,19,0,3,68,0,71,0,6,84,0,90,142,0,142,232
05/28/2019,ESN,MD,AEA,EN,Federal Contract Tower,0,6,9,0,15,0,11,41,6,58,0,17,50,6,73,82,0,82,155
05/29/2019,ESN,MD,AEA,EN,Federal Contract Tower,0,3,10,0,13,0,6,57,0,63,0,9,67,0,76,162,0,162,238
05/30/2019,ESN,MD,AEA,EN,Federal Contract Tower,0,5,8,0,13,0,3,68,0,71,0,8,76,0,84,170,0,170,254
05/31/2019,ESN,MD,AEA,EN,Federal Contract Tower,0,8,23,0,31,0,7,98,0,105,0,15,121,0,136,234,0,234,370
06/01/2019,ESN,MD,AEA,EN,Federal Contract Tower,0,5,9,0,14,0,9,72,1,82,0,14,81,1,96,192,0,192,288
06/02/2019,ESN,MD,AEA,EN,Federal Contract Tower,0,2,12,0,14,0,10,52,2,64,0,12,64,2,78,130,0,130,208
06/03/2019,ESN,MD,AEA,EN,Federal Contract Tower,0,5,13,0,18,0,7,64,49,120,0,12,77,49,138,76,84,160,298
06/04/2019,ESN,MD,AEA,EN,Federal Contract Tower,0,3,9,0,12,0,10,68,51,129,0,13,77,51,141,198,112,310,451
06/05/2019,ESN,MD,AEA,EN,Federal Contract Tower,0,1,7,0,8,0,1,52,40,93,0,2,59,40,101,158,170,328,429
06/06/2019,ESN,MD,AEA,EN,Federal Contract Tower,0,1,17,1,19,0,3,51,67,121,0,4,68,68,140,102,140,242,382
06/07/2019,ESN,MD,AEA,EN,Federal Contract Tower,0,2,24,0,26,0,4,67,39,110,0,6,91,39,136,178,142,320,456
06/08/2019,ESN,MD,AEA,EN,Federal Contract Tower,0,2,12,1,15,0,0,50,22,72,0,2,62,23,87,104,70,174,261
06/09/2019,ESN,MD,AEA,EN,Federal Contract Tower,0,1,22,0,23,0,1,11,0,12,0,2,33,0,35,12,0,12,47
06/10/2019,ESN,MD,AEA,EN,Federal Contract Tower,0,4,8,0,12,0,1,2,18,21,0,5,10,18,33,110,0,110,143
06/11/2019,ESN,MD,AEA,EN,Federal Contract Tower,0,1,14,2,17,0,4,31,53,88,0,5,45,55,105,22,200,222,327
06/12/2019,ESN,MD,AEA,EN,Federal Contract Tower,0,4,11,0,15,0,3,64,76,143,0,7,75,76,158,176,358,534,692
06/13/2019,ESN,MD,AEA,EN,Federal Contract Tower,0,5,3,0,8,0,3,21,33,57,0,8,24,33,65,96,206,302,367
06/14/2019,ESN,MD,AEA,EN,Federal Contract Tower,0,8,10,0,18,0,2,39,15,56,0,10,49,15,74,28,98,126,200
06/15/2019,ESN,MD,AEA,EN,Federal Contract Tower,0,6,9,0,15,0,2,43,0,45,0,8,52,0,60,92,0,92,152
06/16/2019,ESN,MD,AEA,EN,Federal Contract Tower,0,9,15,0,24,0,2,40,0,42,0,11,55,0,66,70,0,70,136
06/17/2019,ESN,MD,AEA,EN,Federal Contract Tower,0,6,13,0,19,0,9,47,64,120,0,15,60,64,139,68,294,362,501
06/18/2019,ESN,MD,AEA,EN,Federal Contract Tower,0,4,27,0,31,0,0,41,83,124,0,4,68,83,155,82,278,360,515
06/19/2019,ESN,MD,AEA,EN,Federal Contract Tower,0,0,16,0,16,0,2,23,53,78,0,2,39,53,94,70,108,178,272
06/20/2019,ESN,MD,AEA,EN,Federal Contract Tower,0,4,15,0,19,0,0,11,23,34,0,4,26,23,53,38,54,92,145
06/21/2019,ESN,MD,AEA,EN,Federal Contract Tower,0,6,15,0,21,0,0,43,2,45,0,6,58,2,66,56,2,58,124
06/22/2019,ESN,MD,AEA,EN,Federal Contract Tower,0,7,18,0,25,0,1,64,0,65,0,8,82,0,90,186,0,186,276
06/23/2019,ESN,MD,AEA,EN,Federal Contract Tower,1,5,14,0,20,0,7,87,0,94,1,12,101,0,114,178,0,178,292
06/25/2019,ESN,MD,AEA,EN,Federal Contract Tower,0,3,14,0,17,0,0,48,0,48,0,3,62,0,65,152,0,152,217
06/26/2019,ESN,MD,AEA,EN,Federal Contract Tower,0,1,10,0,11,0,3,60,2,65,0,4,70,2,76,64,0,64,140
06/27/2019,ESN,MD,AEA,EN,Federal Contract Tower,0,1,9,0,10,0,3,49,3,55,0,4,58,3,65,74,18,92,157
06/28/2019,ESN,MD,AEA,EN,Federal Contract Tower,0,9,14,0,23,0,0,41,6,47,0,9,55,6,70,56,6,62,132
06/29/2019,ESN,MD,AEA,EN,Federal Contract Tower,0,3,13,0,16,0,0,61,54,115,0,3,74,54,131,82,104,186,317
06/30/2019,ESN,MD,AEA,EN,Federal Contract Tower,0,4,17,0,21,0,2,50,0,52,0,6,67,0,73,174,0,174,247
07/01/2019,ESN,MD,AEA,EN,Federal Contract Tower,0,5,10,0,15,0,0,91,51,142,0,5,101,51,157,126,134,260,417
07/02/2019,ESN,MD,AEA,EN,Federal Contract Tower,0,1,12,0,13,0,4,45,35,84,0,5,57,35,97,108,72,180,277
07/03/2019,ESN,MD,AEA,EN,Federal Contract Tower,0,4,12,0,16,0,4,62,48,114,0,8,74,48,130,150,90,240,370
07/04/2019,ESN,MD,AEA,EN,Federal Contract Tower,0,3,6,0,9,0,1,33,0,34,0,4,39,0,43,60,0,60,103
07/05/2019,ESN,MD,AEA,EN,Federal Contract Tower,0,1,15,0,16,0,3,31,38,72,0,4,46,38,88,46,80,126,214
07/06/2019,ESN,MD,AEA,EN,Federal Contract Tower,0,2,19,0,21,0,7,72,29,108,0,9,91,29,129,100,78,178,307
07/07/2019,ESN,MD,AEA,EN,Federal Contract Tower,0,1,16,0,17,0,1,35,0,36,0,2,51,0,53,88,0,88,141
07/08/2019,ESN,MD,AEA,EN,Federal Contract Tower,0,5,18,0,23,0,0,22,38,60,0,5,40,38,83,66,206,272,355
07/09/2019,ESN,MD,AEA,EN,Federal Contract Tower,0,9,17,0,26,0,2,59,41,102,0,11,76,41,128,204,138,342,470
07/10/2019,ESN,MD,AEA,EN,Federal Contract Tower,0,5,22,0,27,0,0,70,57,127,0,5,92,57,154,120,260,380,534
07/11/2019,ESN,MD,AEA,EN,Federal Contract Tower,0,5,12,0,17,0,2,33,37,72,0,7,45,37,89,40,238,278,367
07/12/2019,ESN,MD,AEA,EN,Federal Contract Tower,0,2,36,0,38,0,1,40,35,76,0,3,76,35,114,102,102,204,318
07/13/2019,ESN,MD,AEA,EN,Federal Contract Tower,0,3,15,0,18,0,3,78,0,81,0,6,93,0,99,136,0,136,235
07/14/2019,ESN,MD,AEA,EN,Federal Contract Tower,0,6,22,0,28,0,4,83,0,87,0,10,105,0,115,186,2,188,303
07/15/2019,ESN,MD,AEA,EN,Federal Contract Tower,0,0,15,0,15,0,2,45,65,112,0,2,60,65,127,104,208,312,439
07/16/2019,ESN,MD,AEA,EN,Federal Contract Tower,0,4,12,0,16,0,1,39,14,54,0,5,51,14,70,132,50,182,252
07/17/2019,ESN,MD,AEA,EN,Federal Contract Tower,0,5,11,0,16,0,4,57,0,61,0,9,68,0,77,92,0,92,169
07/18/2019,ESN,MD,AEA,EN,Federal Contract Tower,0,3,5,0,8,0,2,33,3,38,0,5,38,3,46,108,0,108,154
07/19/2019,ESN,MD,AEA,EN,Federal Contract Tower,0,4,14,0,18,0,3,45,2,50,0,7,59,2,68,110,4,114,182
07/20/2019,ESN,MD,AEA,EN,Federal Contract Tower,0,3,13,0,16,0,0,60,0,60,0,3,73,0,76,142,0,142,218
07/21/2019,ESN,MD,AEA,EN,Federal Contract Tower,0,9,9,0,18,0,5,53,0,58,0,14,62,0,76,142,0,142,218
07/22/2019,ESN,MD,AEA,EN,Federal Contract Tower,0,1,10,0,11,0,0,45,0,45,0,1,55,0,56,42,0,42,98
07/23/2019,ESN,MD,AEA,EN,Federal Contract Tower,0,3,10,0,13,0,1,7,2,10,0,4,17,2,23,10,0,10,33
07/24/2019,ESN,MD,AEA,EN,Federal Contract Tower,0,4,5,0,9,0,4,50,32,86,0,8,55,32,95,330,16,346,441
07/25/2019,ESN,MD,AEA,EN,Federal Contract Tower,0,2,14,0,16,0,2,72,10,84,0,4,86,10,100,168,34,202,302
07/26/2019,ESN,MD,AEA,EN,Federal Contract Tower,0,3,16,0,19,0,4,61,2,67,0,7,77,2,86,90,2,92,178
07/27/2019,ESN,MD,AEA,EN,Federal Contract Tower,0,6,10,0,16,0,0,52,56,108,0,6,62,56,124,124,64,188,312
07/28/2019,ESN,MD,AEA,EN,Federal Contract Tower,0,9,3,0,12,0,0,62,0,62,0,9,65,0,74,94,0,94,168
07/29/2019,ESN,MD,AEA,EN,Federal Contract Tower,0,7,10,0,17,0,3,44,46,93,0,10,54,46,110,110,114,224,334
07/30/2019,ESN,MD,AEA,EN,Federal Contract Tower,0,3,17,0,20,0,1,42,39,82,0,4,59,39,102,124,106,230,332
07/31/2019,ESN,MD,AEA,EN,Federal Contract Tower,0,0,9,0,9,0,0,49,57,106,0,0,58,57,115,46,124,170,285
08/01/2019,ESN,MD,AEA,EN,Federal Contract Tower,0,3,13,0,16,0,8,39,64,111,0,11,52,64,127,58,132,190,317
08/02/2019,ESN,MD,AEA,EN,Federal Contract Tower,0,2,4,1,7,0,0,29,53,82,0,2,33,54,89,56,202,258,347
08/03/2019,ESN,MD,AEA,EN,Federal Contract Tower,0,2,9,0,11,0,11,27,9,47,0,13,36,9,58,84,6,90,148
08/04/2019,ESN,MD,AEA,EN,Federal Contract Tower,0,7,10,0,17,0,3,68,0,71,0,10,78,0,88,94,0,94,182
08/05/2019,ESN,MD,AEA,EN,Federal Contract Tower,0,10,21,0,31,0,3,43,35,81,0,13,64,35,112,84,246,330,442
08/06/2019,ESN,MD,AEA,EN,Federal Contract Tower,0,5,15,0,20,0,1,56,48,105,0,6,71,48,125,108,224,332,457
08/07/2019,ESN,MD,AEA,EN,Federal Contract Tower,0,0,13,0,13,0,0,47,58,105,0,0,60,58,118,56,276,332,450
08/08/2019,ESN,MD,AEA,EN,Federal Contract Tower,0,8,24,0,32,0,0,59,31,90,0,8,83,31,122,136,192,328,450
08/09/2019,ESN,MD,AEA,EN,Federal Contract Tower,0,5,18,0,23,0,1,58,50,109,0,6,76,50,132,100,210,310,442
08/10/2019,ESN,MD,AEA,EN,Federal Contract Tower,0,2,3,0,5,0,12,83,41,136,0,14,86,41,141,142,146,288,429
08/11/2019,ESN,MD,AEA,EN,Federal Contract Tower,0,7,14,0,21,0,4,52,0,56,0,11,66,0,77,54,0,54,131
08/12/2019,ESN,MD,AEA,EN,Federal Contract Tower,0,8,8,0,16,0,1,62,59,122,0,9,70,59,138,80,180,260,398
08/13/2019,ESN,MD,AEA,EN,Federal Contract Tower,0,4,9,0,13,0,0,26,8,34,0,4,35,8,47,78,18,96,143
08/14/2019,ESN,MD,AEA,EN,Federal Contract Tower,0,6,6,1,13,0,6,23,1,30,0,12,29,2,43,64,0,64,107
08/15/2019,ESN,MD,AEA,EN,Federal Contract Tower,0,11,22,0,33,0,0,17,0,17,0,11,39,0,50,16,0,16,66
08/16/2019,ESN,MD,AEA,EN,Federal Contract Tower,0,4,18,2,24,0,2,33,0,35,0,6,51,2,59,60,2,62,121
08/17/2019,ESN,MD,AEA,EN,Federal Contract Tower,0,7,15,0,22,0,6,41,0,47,0,13,56,0,69,54,0,54,123
08/18/2019,ESN,MD,AEA,EN,Federal Contract Tower,0,10,22,0,32,0,4,67,0,71,0,14,89,0,103,140,0,140,243
08/19/2019,ESN,MD,AEA,EN,Federal Contract Tower,0,2,17,0,19,0,3,33,6,42,0,5,50,6,61,50,8,58,119
08/20/2019,ESN,MD,AEA,EN,Federal Contract Tower,0,0,10,0,10,0,2,22,2,26,0,2,32,2,36,90,0,90,126
08/21/2019,ESN,MD,AEA,EN,Federal Contract Tower,0,1,6,1,8,0,0,52,6,58,0,1,58,7,66,174,6,180,246
08/22/2019,ESN,MD,AEA,EN,Federal Contract Tower,0,7,14,1,22,0,4,68,0,72,0,11,82,1,94,186,0,186,280
08/23/2019,ESN,MD,AEA,EN,Federal Contract Tower,0,4,16,0,20,0,5,7,0,12,0,9,23,0,32,20,0,20,52
08/24/2019,ESN,MD,AEA,EN,Federal Contract Tower,0,5,15,0,20,0,4,87,2,93,0,9,102,2,113,232,16,248,361
08/25/2019,ESN,MD,AEA,EN,Federal Contract Tower,0,10,14,0,24,0,10,48,0,58,0,20,62,0,82,108,0,108,190
08/26/2019,ESN,MD,AEA,EN,Federal Contract Tower,0,4,8,2,14,0,4,32,0,36,0,8,40,2,50,66,6,72,122
08/27/2019,ESN,MD,AEA,EN,Federal Contract Tower,0,2,8,2,12,0,3,20,2,25,0,5,28,4,37,78,0,78,115
08/28/2019,ESN,MD,AEA,EN,Federal Contract Tower,0,4,14,1,19,0,2,31,1,34,0,6,45,2,53,100,0,100,153
08/29/2019,ESN,MD,AEA,EN,Federal Contract Tower,0,8,21,0,29,0,1,81,0,82,0,9,102,0,111,196,28,224,335
08/30/2019,ESN,MD,AEA,EN,Federal Contract Tower,0,7,11,0,18,0,14,72,0,86,0,21,83,0,104,110,0,110,214
08/31/2019,ESN,MD,AEA,EN,Federal Contract Tower,0,7,9,0,16,0,24,52,0,76,0,31,61,0,92,120,0,120,212
09/01/2019,ESN,MD,AEA,EN,Federal Contract Tower,0,3,9,0,12,0,3,42,0,45,0,6,51,0,57,140,0,140,197
09/02/2019,ESN,MD,AEA,EN,Federal Contract Tower,0,6,22,0,28,0,8,39,0,47,0,14,61,0,75,40,0,40,115
09/03/2019,ESN,MD,AEA,EN,Federal Contract Tower,0,7,18,0,25,0,10,48,4,62,0,17,66,4,87,76,2,78,165
09/04/2019,ESN,MD,AEA,EN,Federal Contract Tower,0,6,5,0,11,0,7,16,0,23,0,13,21,0,34,58,0,58,92
09/05/2019,ESN,MD,AEA,EN,Federal Contract Tower,0,11,20,2,33,0,3,41,0,44,0,14,61,2,77,176,102,278,355
09/06/2019,ESN,MD,AEA,EN,Federal Contract Tower,0,3,2,0,5,0,7,2,0,9,0,10,4,0,14,2,0,2,16
09/07/2019,ESN,MD,AEA,EN,Federal Contract Tower,0,5,6,0,11,0,5,100,0,105,0,10,106,0,116,212,0,212,328
09/08/2019,ESN,MD,AEA,EN,Federal Contract Tower,0,5,16,0,21,0,8,64,1,73,0,13,80,1,94,156,2,158,252
09/09/2019,ESN,MD,AEA,EN,Federal Contract Tower,0,2,10,0,12,0,28,32,0,60,0,30,42,0,72,90,18,108,180
09/10/2019,ESN,MD,AEA,EN,Federal Contract Tower,0,4,12,0,16,0,2,51,4,57,0,6,63,4,73,118,0,118,191
09/11/2019,ESN,MD,AEA,EN,Federal Contract Tower,0,6,11,0,17,0,17,26,11,54,0,23,37,11,71,92,6,98,169
09/12/2019,ESN,MD,AEA,EN,Federal Contract Tower,0,4,14,0,18,0,2,23,6,31,0,6,37,6,49,60,92,152,201
09/13/2019,ESN,MD,AEA,EN,Federal Contract Tower,0,10,21,1,32,0,2,18,0,20,0,12,39,1,52,10,4,14,66
09/14/2019,ESN,MD,AEA,EN,Federal Contract Tower,0,1,9,0,10,0,7,65,1,73,0,8,74,1,83,52,0,52,135
09/15/2019,ESN,MD,AEA,EN,Federal Contract Tower,0,8,16,0,24,0,2,41,1,44,0,10,57,1,68,62,0,62,130
09/16/2019,ESN,MD,AEA,EN,Federal Contract Tower,0,7,13,0,20,0,2,60,8,70,0,9,73,8,90,96,14,110,200
09/17/2019,ESN,MD,AEA,EN,Federal Contract Tower,0,3,19,0,22,0,4,38,2,44,0,7,57,2,66,84,22,106,172
09/18/2019,ESN,MD,AEA,EN,Federal Contract Tower,0,2,10,0,12,0,4,61,1,66,0,6,71,1,78,98,26,124,202
09/19/2019,ESN,MD,AEA,EN,Federal Contract Tower,0,9,15,0,24,0,1,63,0,64,0,10,78,0,88,164,8,172,260
09/20/2019,ESN,MD,AEA,EN,Federal Contract Tower,0,10,14,0,24,0,6,164,0,170,0,16,178,0,194,260,48,308,502
09/21/2019,ESN,MD,AEA,EN,Federal Contract Tower,0,4,9,0,13,0,0,263,1,264,0,4,272,1,277,316,6,322,599
09/22/2019,ESN,MD,AEA,EN,Federal Contract Tower,0,9,17,0,26,0,2,98,0,100,0,11,115,0,126,156,0,156,282
09/23/2019,ESN,MD,AEA,EN,Federal Contract Tower,0,4,5,0,9,0,4,51,0,55,0,8,56,0,64,100,0,100,164
09/24/2019,ESN,MD,AEA,EN,Federal Contract Tower,0,0,12,0,12,0,13,59,6,78,0,13,71,6,90,106,0,106,196
09/25/2019,ESN,MD,AEA,EN,Federal Contract Tower,0,0,10,0,10,0,4,71,0,75,0,4,81,0,85,244,0,244,329
09/26/2019,ESN,MD,AEA,EN,Federal Contract Tower,0,7,21,2,30,0,3,59,1,63,0,10,80,3,93,138,0,138,231
09/27/2019,ESN,MD,AEA,EN,Federal Contract Tower,0,1,18,0,19,0,0,76,0,76,0,1,94,0,95,174,0,174,269
09/28/2019,ESN,MD,AEA,EN,Federal Contract Tower,0,0,14,0,14,0,5,43,0,48,0,5,57,0,62,88,0,88,150
09/29/2019,ESN,MD,AEA,EN,Federal Contract Tower,0,2,14,0,16,0,6,60,0,66,0,8,74,0,82,108,0,108,190
09/30/2019,ESN,MD,AEA,EN,Federal Contract Tower,0,1,18,1,20,0,9,38,0,47,0,10,56,1,67,46,0,46,113
10/01/2019,ESN,MD,AEA,EN,Federal Contract Tower,0,0,14,0,14,0,0,81,0,81,0,0,95,0,95,182,0,182,277
10/02/2019,ESN,MD,AEA,EN,Federal Contract Tower,0,3,18,0,21,0,0,79,2,81,0,3,97,2,102,116,0,116,218
10/03/2019,ESN,MD,AEA,EN,Federal Contract Tower,0,7,15,2,24,0,4,2,0,6,0,11,17,2,30,0,0,0,30
10/04/2019,ESN,MD,AEA,EN,Federal Contract Tower,0,11,16,0,27,0,12,64,0,76,0,23,80,0,103,76,0,76,179
10/05/2019,ESN,MD,AEA,EN,Federal Contract Tower,0,0,5,0,5,0,0,77,0,77,0,0,82,0,82,190,0,190,272
10/06/2019,ESN,MD,AEA,EN,Federal Contract Tower,0,3,24,0,27,0,7,46,0,53,0,10,70,0,80,88,0,88,168
10/07/2019,ESN,MD,AEA,EN,Federal Contract Tower,0,5,7,0,12,0,29,45,1,75,0,34,52,1,87,82,8,90,177
10/08/2019,ESN,MD,AEA,EN,Federal Contract Tower,0,4,12,0,16,0,6,5,2,13,0,10,17,2,29,2,22,24,53
10/09/2019,ESN,MD,AEA,EN,Federal Contract Tower,0,7,7,1,15,0,16,24,1,41,0,23,31,2,56,40,0,40,96
10/10/2019,ESN,MD,AEA,EN,Federal Contract Tower,0,3,12,0,15,0,18,45,0,63,0,21,57,0,78,82,0,82,160
10/11/2019,ESN,MD,AEA,EN,Federal Contract Tower,0,11,16,0,27,0,5,68,2,75,0,16,84,2,102,202,0,202,304
10/12/2019,ESN,MD,AEA,EN,Federal Contract Tower,0,3,5,0,8,0,4,89,0,93,0,7,94,0,101,136,0,136,237
10/13/2019,ESN,MD,AEA,EN,Federal Contract Tower,0,3,13,0,16,0,3,21,0,24,0,6,34,0,40,58,0,58,98
10/14/2019,ESN,MD,AEA,EN,Federal Contract Tower,0,2,7,0,9,0,11,51,0,62,0,13,58,0,71,60,0,60,131
10/15/2019,ESN,MD,AEA,EN,Federal Contract Tower,0,9,13,0,22,0,0,88,2,90,0,9,101,2,112,250,0,250,362
10/16/2019,ESN,MD,AEA,EN,Federal Contract Tower,0,3,13,0,16,0,4,2,2,8,0,7,15,2,24,0,0,0,24
10/17/2019,ESN,MD,AEA,EN,Federal Contract Tower,0,4,5,0,9,0,2,5,10,17,0,6,10,10,26,8,14,22,48
10/18/2019,ESN,MD,AEA,EN,Federal Contract Tower,0,12,21,0,33,0,11,34,0,45,0,23,55,0,78,52,10,62,140
10/19/2019,ESN,MD,AEA,EN,Federal Contract Tower,0,8,5,0,13,0,6,94,0,100,0,14,99,0,113,130,0,130,243
10/20/2019,ESN,MD,AEA,EN,Federal Contract Tower,0,11,10,0,21,0,0,1,0,1,0,11,11,0,22,0,0,0,22
10/21/2019,ESN,MD,AEA,EN,Federal Contract Tower,0,4,36,0,40,0,9,54,0,63,0,13,90,0,103,130,14,144,247
10/22/2019,ESN,MD,AEA,EN,Federal Contract Tower,0,2,3,0,5,0,0,0,0,0,0,2,3,0,5,0,0,0,5
10/23/2019,ESN,MD,AEA,EN,Federal Contract Tower,0,6,10,0,16,0,2,101,10,113,0,8,111,10,129,144,12,156,285
10/24/2019,ESN,MD,AEA,EN,Federal Contract Tower,0,5,7,0,12,0,8,67,0,75,0,13,74,0,87,128,32,160,247
10/25/2019,ESN,MD,AEA,EN,Federal Contract Tower,0,6,16,2,24,0,11,66,0,77,0,17,82,2,101,186,2,188,289
10/26/2019,ESN,MD,AEA,EN,Federal Contract Tower,0,0,14,0,14,0,4,84,0,88,0,4,98,0,102,130,0,130,232
10/27/2019,ESN,MD,AEA,EN,Federal Contract Tower,0,3,5,0,8,0,4,5,0,9,0,7,10,0,17,10,0,10,27
10/28/2019,ESN,MD,AEA,EN,Federal Contract Tower,0,2,20,0,22,0,16,80,0,96,0,18,100,0,118,72,0,72,190
10/29/2019,ESN,MD,AEA,EN,Federal Contract Tower,0,2,16,0,18,0,9,60,0,69,0,11,76,0,87,126,16,142,229
10/30/2019,ESN,MD,AEA,EN,Federal Contract Tower,0,3,16,0,19,0,0,53,0,53,0,3,69,0,72,122,2,124,196
10/31/2019,ESN,MD,AEA,EN,Federal Contract Tower,0,2,4,0,6,0,0,1,0,1,0,2,5,0,7,0,0,0,7
11/01/2019,ESN,MD,AEA,EN,Federal Contract Tower,0,4,9,0,13,0,4,43,5,52,0,8,52,5,65,28,0,28,93
11/02/2019,ESN,MD,AEA,EN,Federal Contract Tower,0,2,14,0,16,0,2,99,1,102,0,4,113,1,118,182,0,182,300
11/03/2019,ESN,MD,AEA,EN,Federal Contract Tower,0,13,10,0,23,0,9,71,0,80,0,22,81,0,103,170,0,170,273
11/04/2019,ESN,MD,AEA,EN,Federal Contract Tower,0,4,6,0,10,0,12,58,2,72,0,16,64,2,82,148,0,148,230
11/05/2019,ESN,MD,AEA,EN,Federal Contract Tower,0,7,3,0,10,0,2,75,0,77,0,9,78,0,87,130,0,130,217
11/06/2019,ESN,MD,AEA,EN,Federal Contract Tower,0,3,13,0,16,0,3,88,0,91,0,6,101,0,107,158,0,158,265
11/07/2019,ESN,MD,AEA,EN,Federal Contract Tower,0,7,5,0,12,0,8,62,0,70,0,15,67,0,82,116,38,154,236
11/08/2019,ESN,MD,AEA,EN,Federal Contract Tower,0,11,7,0,18,0,4,42,1,47,0,15,49,1,65,138,2,140,205
11/09/2019,ESN,MD,AEA,EN,Federal Contract Tower,0,10,8,0,18,0,6,87,0,93,0,16,95,0,111,196,0,196,307
11/10/2019,ESN,MD,AEA,EN,Federal Contract Tower,0,2,9,0,11,0,5,59,0,64,0,7,68,0,75,156,0,156,231
11/11/2019,ESN,MD,AEA,EN,Federal Contract Tower,0,0,19,0,19,0,16,103,0,119,0,16,122,0,138,126,0,126,264
11/12/2019,ESN,MD,AEA,EN,Federal Contract Tower,0,1,7,0,8,0,1,1,0,2,0,2,8,0,10,0,0,0,10
11/13/2019,ESN,MD,AEA,EN,Federal Contract Tower,0,3,15,0,18,0,20,63,3,86,0,23,78,3,104,140,54,194,298
11/14/2019,ESN,MD,AEA,EN,Federal Contract Tower,0,0,8,0,8,0,5,56,0,61,0,5,64,0,69,150,4,154,223
11/15/2019,ESN,MD,AEA,EN,Federal Contract Tower,0,2,18,0,20,0,4,93,0,97,0,6,111,0,117,254,0,254,371
11/16/2019,ESN,MD,AEA,EN,Federal Contract Tower,0,2,6,0,8,0,1,24,0,25,0,3,30,0,33,50,0,50,83
11/17/2019,ESN,MD,AEA,EN,Federal Contract Tower,0,4,19,0,23,0,2,16,3,21,0,6,35,3,44,2,0,2,46
11/18/2019,ESN,MD,AEA,EN,Federal Contract Tower,0,8,27,0,35,0,21,22,4,47,0,29,49,4,82,122,4,126,208
11/19/2019,ESN,MD,AEA,EN,Federal Contract Tower,0,4,22,0,26,0,17,41,0,58,0,21,63,0,84,166,36,202,286
11/20/2019,ESN,MD,AEA,EN,Federal Contract Tower,0,1,10,0,11,0,5,94,0,99,0,6,104,0,110,208,0,208,318
11/21/2019,ESN,MD,AEA,EN,Federal Contract Tower,0,5,15,0,20,0,7,89,0,96,0,12,104,0,116,250,16,266,382
11/22/2019,ESN,MD,AEA,EN,Federal Contract Tower,0,1,13,0,14,0,0,20,4,24,0,1,33,4,38,38,26,64,102
11/23/2019,ESN,MD,AEA,EN,Federal Contract Tower,0,1,5,0,6,0,4,64,0,68,0,5,69,0,74,166,0,166,240
11/24/2019,ESN,MD,AEA,EN,Federal Contract Tower,0,2,3,0,5,0,0,4,0,4,0,2,7,0,9,0,0,0,9
11/25/2019,ESN,MD,AEA,EN,Federal Contract Tower,0,5,15,0,20,0,0,111,0,111,0,5,126,0,131,186,0,186,317
11/26/2019,ESN,MD,AEA,EN,Federal Contract Tower,0,6,12,1,19,0,13,95,4,112,0,19,107,5,131,112,12,124,255
11/27/2019,ESN,MD,AEA,EN,Federal Contract Tower,0,7,10,0,17,0,5,17,0,22,0,12,27,0,39,42,0,42,81
11/28/2019,ESN,MD,AEA,EN,Federal Contract Tower,0,0,0,0,0,0,2,0,0,2,0,2,0,0,2,2,0,2,4
11/29/2019,ESN,MD,AEA,EN,Federal Contract Tower,0,3,7,0,10,0,5,59,0,64,0,8,66,0,74,54,0,54,128
11/30/2019,ESN,MD,AEA,EN,Federal Contract Tower,0,4,16,0,20,0,0,54,0,54,0,4,70,0,74,134,0,134,208
12/01/2019,ESN,MD,AEA,EN,Federal Contract Tower,0,5,6,0,11,0,0,0,0,0,0,5,6,0,11,0,0,0,11
12/02/2019,ESN,MD,AEA,EN,Federal Contract Tower,0,2,6,0,8,0,4,2,0,6,0,6,8,0,14,0,0,0,14
12/03/2019,ESN,MD,AEA,EN,Federal Contract Tower,0,2,20,2,24,0,1,44,0,45,0,3,64,2,69,28,0,28,97
12/04/2019,ESN,MD,AEA,EN,Federal Contract Tower,0,5,8,0,13,0,2,75,0,77,0,7,83,0,90,176,0,176,266
12/05/2019,ESN,MD,AEA,EN,Federal Contract Tower,0,6,14,0,20,0,13,38,0,51,0,19,52,0,71,98,2,100,171
12/06/2019,ESN,MD,AEA,EN,Federal Contract Tower,0,5,13,0,18,0,0,49,0,49,0,5,62,0,67,56,0,56,123
12/07/2019,ESN,MD,AEA,EN,Federal Contract Tower,0,4,13,0,17,0,2,79,4,85,0,6,92,4,102,164,0,164,266
12/08/2019,ESN,MD,AEA,EN,Federal Contract Tower,0,7,13,0,20,0,0,66,0,66,0,7,79,0,86,114,0,114,200
12/09/2019,ESN,MD,AEA,EN,Federal Contract Tower,0,2,6,0,8,0,0,0,0,0,0,2,6,0,8,0,0,0,8
12/10/2019,ESN,MD,AEA,EN,Federal Contract Tower,0,2,18,0,20,0,0,5,0,5,0,2,23,0,25,14,20,34,59
12/11/2019,ESN,MD,AEA,EN,Federal Contract Tower,0,7,1,0,8,0,20,44,0,64,0,27,45,0,72,96,0,96,168
12/12/2019,ESN,MD,AEA,EN,Federal Contract Tower,0,2,17,0,19,0,4,76,0,80,0,6,93,0,99,198,0,198,297
12/13/2019,ESN,MD,AEA,EN,Federal Contract Tower,0,5,4,0,9,0,0,0,0,0,0,5,4,0,9,0,0,0,9
12/14/2019,ESN,MD,AEA,EN,Federal Contract Tower,0,3,10,0,13,0,4,0,0,4,0,7,10,0,17,0,0,0,17
12/15/2019,ESN,MD,AEA,EN,Federal Contract Tower,0,7,6,0,13,0,6,87,0,93,0,13,93,0,106,130,0,130,236
12/16/2019,ESN,MD,AEA,EN,Federal Contract Tower,0,2,7,0,9,0,0,0,0,0,0,2,7,0,9,0,0,0,9
12/17/2019,ESN,MD,AEA,EN,Federal Contract Tower,0,2,5,0,7,0,0,0,0,0,0,2,5,0,7,0,0,0,7
12/18/2019,ESN,MD,AEA,EN,Federal Contract Tower,0,2,18,0,20,0,2,43,0,45,0,4,61,0,65,68,16,84,149
12/19/2019,ESN,MD,AEA,EN,Federal Contract Tower,0,4,17,1,22,0,5,69,2,76,0,9,86,3,98,110,14,124,222
12/20/2019,ESN,MD,AEA,EN,Federal Contract Tower,0,9,11,0,20,0,12,67,0,79,0,21,78,0,99,96,4,100,199
12/21/2019,ESN,MD,AEA,EN,Federal Contract Tower,0,2,13,0,15,0,1,74,0,75,0,3,87,0,90,198,0,198,288
12/22/2019,ESN,MD,AEA,EN,Federal Contract Tower,0,4,7,0,11,0,8,61,0,69,0,12,68,0,80,150,0,150,230
12/23/2019,ESN,MD,AEA,EN,Federal Contract Tower,0,2,16,2,20,0,2,49,0,51,0,4,65,2,71,78,0,78,149
12/24/2019,ESN,MD,AEA,EN,Federal Contract Tower,0,2,4,0,6,0,2,52,0,54,0,4,56,0,60,64,0,64,124
12/25/2019,ESN,MD,AEA,EN,Federal Contract Tower,0,0,4,0,4,0,0,17,0,17,0,0,21,0,21,34,0,34,55
12/26/2019,ESN,MD,AEA,EN,Federal Contract Tower,0,10,9,0,19,0,8,31,0,39,0,18,40,0,58,62,0,62,120
12/27/2019,ESN,MD,AEA,EN,Federal Contract Tower,0,2,26,0,28,0,5,26,0,31,0,7,52,0,59,108,0,108,167
12/28/2019,ESN,MD,AEA,EN,Federal Contract Tower,0,5,11,0,16,0,2,78,0,80,0,7,89,0,96,140,0,140,236
12/29/2019,ESN,MD,AEA,EN,Federal Contract Tower,0,5,9,1,15,0,0,0,0,0,0,5,9,1,15,0,0,0,15
12/30/2019,ESN,MD,AEA,EN,Federal Contract Tower,0,0,17,0,17,0,0,6,0,6,0,0,23,0,23,0,0,0,23
12/31/2019,ESN,MD,AEA,EN,Federal Contract Tower,0,3,17,0,20,0,2,24,0,26,0,5,41,0,46,24,0,24,70
01/01/2020,ESN,MD,AEA,EN,Federal Contract Tower,0,4,11,0,15,0,0,48,0,48,0,4,59,0,63,124,0,124,187
01/02/2020,ESN,MD,AEA,EN,Federal Contract Tower,0,5,8,0,13,0,5,112,0,117,0,10,120,0,130,190,0,190,320
01/03/2020,ESN,MD,AEA,EN,Federal Contract Tower,0,3,8,4,15,0,3,10,0,13,0,6,18,4,28,58,0,58,86
01/04/2020,ESN,MD,AEA,EN,Federal Contract Tower,0,4,5,0,9,0,0,0,0,0,0,4,5,0,9,0,0,0,9
01/05/2020,ESN,MD,AEA,EN,Federal Contract Tower,0,3,10,0,13,0,7,10,0,17,0,10,20,0,30,16,0,16,46
01/06/2020,ESN,MD,AEA,EN,Federal Contract Tower,0,0,13,0,13,0,0,70,0,70,0,0,83,0,83,74,0,74,157
01/07/2020,ESN,MD,AEA,EN,Federal Contract Tower,0,8,4,0,12,0,0,38,0,38,0,8,42,0,50,47,40,87,137
01/08/2020,ESN,MD,AEA,EN,Federal Contract Tower,0,1,3,0,4,0,4,8,0,12,0,5,11,0,16,24,12,36,52
01/09/2020,ESN,MD,AEA,EN,Federal Contract Tower,0,5,6,0,11,0,0,91,28,119,0,5,97,28,130,132,86,218,348
01/10/2020,ESN,MD,AEA,EN,Federal Contract Tower,0,2,3,0,5,0,2,45,0,47,0,4,48,0,52,126,0,126,178
01/11/2020,ESN,MD,AEA,EN,Federal Contract Tower,0,1,8,0,9,0,3,33,0,36,0,4,41,0,45,54,0,54,99
01/12/2020,ESN,MD,AEA,EN,Federal Contract Tower,0,3,10,0,13,0,4,33,0,37,0,7,43,0,50,42,0,42,92
01/13/2020,ESN,MD,AEA,EN,Federal Contract Tower,0,3,18,0,21,0,2,35,1,38,0,5,53,1,59,60,26,86,145
01/14/2020,ESN,MD,AEA,EN,Federal Contract Tower,0,3,11,2,16,0,0,0,0,0,0,3,11,2,16,0,0,0,16
01/15/2020,ESN,MD,AEA,EN,Federal Contract Tower,0,0,17,2,19,0,5,59,10,74,0,5,76,12,93,178,34,212,305
01/16/2020,ESN,MD,AEA,EN,Federal Contract Tower,0,0,11,0,11,0,10,7,0,17,0,10,18,0,28,12,40,52,80
01/17/2020,ESN,MD,AEA,EN,Federal Contract Tower,0,5,9,0,14,0,2,42,0,44,0,7,51,0,58,96,0,96,154
01/18/2020,ESN,MD,AEA,EN,Federal Contract Tower,0,5,5,0,10,0,0,19,0,19,0,5,24,0,29,62,0,62,91
01/19/2020,ESN,MD,AEA,EN,Federal Contract Tower,0,3,9,0,12,0,3,21,0,24,0,6,30,0,36,10,0,10,46
01/20/2020,ESN,MD,AEA,EN,Federal Contract Tower,0,4,8,0,12,0,11,39,0,50,0,15,47,0,62,106,0,106,168
01/21/2020,ESN,MD,AEA,EN,Federal Contract Tower,0,5,7,0,12,0,10,45,6,61,0,15,52,6,73,144,6,150,223
01/22/2020,ESN,MD,AEA,EN,Federal Contract Tower,0,3,18,2,23,0,6,53,0,59,0,9,71,2,82,116,4,120,202
01/23/2020,ESN,MD,AEA,EN,Federal Contract Tower,0,2,12,0,14,0,3,74,0,77,0,5,86,0,91,158,8,166,257
01/24/2020,ESN,MD,AEA,EN,Federal Contract Tower,0,3,13,0,16,0,0,57,0,57,0,3,70,0,73,144,32,176,249
01/25/2020,ESN,MD,AEA,EN,Federal Contract Tower,0,0,7,0,7,0,0,5,0,5,0,0,12,0,12,28,0,28,40
01/26/2020,ESN,MD,AEA,EN,Federal Contract Tower,0,7,9,0,16,0,1,73,0,74,0,8,82,0,90,120,0,120,210
01/27/2020,ESN,MD,AEA,EN,Federal Contract Tower,0,8,8,0,16,0,12,33,4,49,0,20,41,4,65,64,36,100,165
01/28/2020,ESN,MD,AEA,EN,Federal Contract Tower,0,4,11,2,17,0,4,36,4,44,0,8,47,6,61,56,2,58,119
01/29/2020,ESN,MD,AEA,EN,Federal Contract Tower,0,0,18,0,18,0,3,67,16,86,0,3,85,16,104,138,74,212,316
01/30/2020,ESN,MD,AEA,EN,Federal Contract Tower,0,1,9,0,10,0,13,64,2,79,0,14,73,2,89,110,44,154,243
01/31/2020,ESN,MD,AEA,EN,Federal Contract Tower,0,4,12,0,16,0,8,65,0,73,0,12,77,0,89,174,38,212,301
02/01/2020,ESN,MD,AEA,EN,Federal Contract Tower,0,2,7,0,9,0,4,24,0,28,0,6,31,0,37,86,0,86,123
02/02/2020,ESN,MD,AEA,EN,Federal Contract Tower,0,4,15,0,19,0,2,34,0,36,0,6,49,0,55,96,0,96,151
02/03/2020,ESN,MD,AEA,EN,Federal Contract Tower,0,3,10,0,13,0,2,54,0,56,0,5,64,0,69,36,8,44,113
02/04/2020,ESN,MD,AEA,EN,Federal Contract Tower,0,2,9,0,11,0,0,32,2,34,0,2,41,2,45,62,24,86,131
02/05/2020,ESN,MD,AEA,EN,Federal Contract Tower,0,3,24,0,27,0,0,2,0,2,0,3,26,0,29,0,0,0,29
02/06/2020,ESN,MD,AEA,EN,Federal Contract Tower,0,0,2,0,2,0,0,0,0,0,0,0,2,0,2,0,0,0,2
02/07/2020,ESN,MD,AEA,EN,Federal Contract Tower,0,4,5,0,9,0,2,0,0,2,0,6,5,0,11,0,0,0,11
02/08/2020,ESN,MD,AEA,EN,Federal Contract Tower,0,3,11,0,14,0,2,75,2,79,0,5,86,2,93,250,2,252,345
02/09/2020,ESN,MD,AEA,EN,Federal Contract Tower,0,0,20,0,20,0,12,121,0,133,0,12,141,0,153,252,0,252,405
02/10/2020,ESN,MD,AEA,EN,Federal Contract Tower,0,6,11,0,17,0,0,23,0,23,0,6,34,0,40,30,2,32,72
02/11/2020,ESN,MD,AEA,EN,Federal Contract Tower,0,0,9,0,9,0,2,3,0,5,0,2,12,0,14,14,0,14,28
02/12/2020,ESN,MD,AEA,EN,Federal Contract Tower,0,0,8,0,8,0,2,80,2,84,0,2,88,2,92,144,2,146,238
02/13/2020,ESN,MD,AEA,EN,Federal Contract Tower,0,1,10,0,11,0,0,1,0,1,0,1,11,0,12,0,0,0,12
02/14/2020,ESN,MD,AEA,EN,Federal Contract Tower,0,3,2,0,5,0,2,38,0,40,0,5,40,0,45,80,0,80,125
02/15/2020,ESN,MD,AEA,EN,Federal Contract Tower,0,4,4,0,8,0,0,74,0,74,0,4,78,0,82,198,0,198,280
02/16/2020,ESN,MD,AEA,EN,Federal Contract Tower,0,4,12,0,16,0,1,79,0,80,0,5,91,0,96,154,0,154,250
02/17/2020,ESN,MD,AEA,EN,Federal Contract Tower,0,6,17,0,23,0,0,53,0,53,0,6,70,0,76,88,2,90,166
02/18/2020,ESN,MD,AEA,EN,Federal Contract Tower,0,3,6,0,9,0,1,45,4,50,0,4,51,4,59,52,4,56,115
02/19/2020,ESN,MD,AEA,EN,Federal Contract Tower,0,7,9,0,16,0,3,54,0,57,0,10,63,0,73,136,40,176,249
02/20/2020,ESN,MD,AEA,EN,Federal Contract Tower,0,1,14,0,15,0,3,31,0,34,0,4,45,0,49,60,0,60,109
02/21/2020,ESN,MD,AEA,EN,Federal Contract Tower,0,0,20,0,20,0,4,54,0,58,0,4,74,0,78,86,0,86,164
02/22/2020,ESN,MD,AEA,EN,Federal Contract Tower,0,3,16,0,19,0,5,64,0,69,0,8,80,0,88,136,0,136,224
02/23/2020,ESN,MD,AEA,EN,Federal Contract Tower,0,4,16,0,20,0,3,78,0,81,0,7,94,0,101,122,0,122,223
02/24/2020,ESN,MD,AEA,EN,Federal Contract Tower,0,0,7,0,7,0,2,46,0,48,0,2,53,0,55,80,2,82,137
02/25/2020,ESN,MD,AEA,EN,Federal Contract Tower,0,1,6,0,7,0,0,0,0,0,0,1,6,0,7,0,0,0,7
02/26/2020,ESN,MD,AEA,EN,Federal Contract Tower,0,2,1,0,3,0,0,0,0,0,0,2,1,0,3,0,0,0,3
02/27/2020,ESN,MD,AEA,EN,Federal Contract Tower,0,4,5,0,9,0,0,12,0,12,0,4,17,0,21,28,6,34,55
02/28/2020,ESN,MD,AEA,EN,Federal Contract Tower,0,8,7,0,15,0,13,47,3,63,0,21,54,3,78,138,0,138,216
02/29/2020,ESN,MD,AEA,EN,Federal Contract Tower,0,1,10,0,11,0,8,28,0,36,0,9,38,0,47,104,0,104,151
03/01/2020,ESN,MD,AEA,EN,Federal Contract Tower,0,3,9,0,12,0,2,82,0,84,0,5,91,0,96,152,0,152,248
03/02/2020,ESN,MD,AEA,EN,Federal Contract Tower,0,5,7,0,12,0,9,46,0,55,0,14,53,0,67,146,34,180,247
03/03/2020,ESN,MD,AEA,EN,Federal Contract Tower,0,1,11,0,12,0,29,31,4,64,0,30,42,4,76,80,0,80,156
03/04/2020,ESN,MD,AEA,EN,Federal Contract Tower,0,4,8,0,12,0,5,51,0,56,0,9,59,0,68,186,18,204,272
03/05/2020,ESN,MD,AEA,EN,Federal Contract Tower,0,5,9,0,14,0,1,55,0,56,0,6,64,0,70,166,22,188,258
03/06/2020,ESN,MD,AEA,EN,Federal Contract Tower,0,0,11,0,11,0,0,3,0,3,0,0,14,0,14,0,0,0,14
03/07/2020,ESN,MD,AEA,EN,Federal Contract Tower,0,0,3,0,3,0,2,28,0,30,0,2,31,0,33,72,0,72,105
03/08/2020,ESN,MD,AEA,EN,Federal Contract Tower,0,1,20,0,21,0,1,53,2,56,0,2,73,2,77,178,0,178,255
03/09/2020,ESN,MD,AEA,EN,Federal Contract Tower,0,1,11,1,13,0,0,60,1,61,0,1,71,2,74,124,4,128,202
03/10/2020,ESN,MD,AEA,EN,Federal Contract Tower,0,4,3,1,8,0,8,22,1,31,0,12,25,2,39,34,58,92,131
03/11/2020,ESN,MD,AEA,EN,Federal Contract Tower,0,3,15,0,18,0,0,65,0,65,0,3,80,0,83,166,0,166,249
03/12/2020,ESN,MD,AEA,EN,Federal Contract Tower,0,3,23,0,26,0,6,40,0,46,0,9,63,0,72,118,0,118,190
03/13/2020,ESN,MD,AEA,EN,Federal Contract Tower,0,1,4,0,5,0,2,24,2,28,0,3,28,2,33,28,0,28,61
03/14/2020,ESN,MD,AEA,EN,Federal Contract Tower,0,4,14,0,18,0,26,65,2,93,0,30,79,2,111,148,22,170,281
03/15/2020,ESN,MD,AEA,EN,Federal Contract Tower,0,3,1,0,4,0,0,23,0,23,0,3,24,0,27,46,0,46,73
03/16/2020,ESN,MD,AEA,EN,Federal Contract Tower,0,5,9,0,14,0,10,43,0,53,0,15,52,0,67,62,0,62,129
03/17/2020,ESN,MD,AEA,EN,Federal Contract Tower,0,3,16,0,19,0,15,36,0,51,0,18,52,0,70,96,0,96,166
03/18/2020,ESN,MD,AEA,EN,Federal Contract Tower,0,7,7,0,14,0,10,79,0,89,0,17,86,0,103,146,0,146,249
03/19/2020,ESN,MD,AEA,EN,Federal Contract Tower,0,2,10,0,12,0,0,12,0,12,0,2,22,0,24,26,0,26,50
03/20/2020,ESN,MD,AEA,EN,Federal Contract Tower,0,3,5,0,8,0,6,21,0,27,0,9,26,0,35,34,0,34,69
03/21/2020,ESN,MD,AEA,EN,Federal Contract Tower,0,0,9,0,9,0,2,35,0,37,0,2,44,0,46,131,0,131,177
03/22/2020,ESN,MD,AEA,EN,Federal Contract Tower,0,3,9,0,12,0,3,55,0,58,0,6,64,0,70,160,0,160,230
03/23/2020,ESN,MD,AEA,EN,Federal Contract Tower,0,5,0,0,5,0,17,0,0,17,0,22,0,0,22,0,0,0,22
03/24/2020,ESN,MD,AEA,EN,Federal Contract Tower,0,0,8,0,8,0,14,48,0,62,0,14,56,0,70,78,0,78,148
03/25/2020,ESN,MD,AEA,EN,Federal Contract Tower,0,2,2,1,5,0,0,0,0,0,0,2,2,1,5,0,0,0,5
03/26/2020,ESN,MD,AEA,EN,Federal Contract Tower,0,3,3,0,6,0,2,43,0,45,0,5,46,0,51,104,0,104,155
03/27/2020,ESN,MD,AEA,EN,Federal Contract Tower,0,1,7,1,9,0,21,31,0,52,0,22,38,1,61,150,0,150,211
03/28/2020,ESN,MD,AEA,EN,Federal Contract Tower,0,0,9,0,9,0,0,0,0,0,0,0,9,0,9,0,0,0,9
03/29/2020,ESN,MD,AEA,EN,Federal Contract Tower,0,0,0,0,0,0,0,0,0,0,0,0,0,0,0,14,0,14,14
03/30/2020,ESN,MD,AEA,EN,Federal Contract Tower,0,1,18,0,19,0,18,33,0,51,0,19,51,0,70,110,0,110,180
03/31/2020,ESN,MD,AEA,EN,Federal Contract Tower,0,0,6,0,6,0,0,7,0,7,0,0,13,0,13,4,0,4,17
04/01/2020,ESN,MD,AEA,EN,Federal Contract Tower,0,1,4,2,7,0,0,13,0,13,0,1,17,2,20,20,0,20,40
04/02/2020,ESN,MD,AEA,EN,Federal Contract Tower,0,1,1,0,2,0,0,17,2,19,0,1,18,2,21,38,0,38,59
04/03/2020,ESN,MD,AEA,EN,Federal Contract Tower,0,3,0,0,3,0,12,2,8,22,0,15,2,8,25,12,0,12,37
04/04/2020,ESN,MD,AEA,EN,Federal Contract Tower,0,2,7,0,9,0,7,6,0,13,0,9,13,0,22,4,0,4,26
04/05/2020,ESN,MD,AEA,EN,Federal Contract Tower,0,0,3,0,3,0,0,23,0,23,0,0,26,0,26,88,0,88,114
04/06/2020,ESN,MD,AEA,EN,Federal Contract Tower,0,1,2,0,3,0,7,29,0,36,0,8,31,0,39,4,0,4,43
04/07/2020,ESN,MD,AEA,EN,Federal Contract Tower,0,1,2,2,5,0,22,7,6,35,0,23,9,8,40,8,28,36,76
04/08/2020,ESN,MD,AEA,EN,Federal Contract Tower,0,2,0,0,2,0,4,12,1,17,0,6,12,1,19,30,34,64,83
04/09/2020,ESN,MD,AEA,EN,Federal Contract Tower,0,2,2,0,4,0,3,7,0,10,0,5,9,0,14,28,20,48,62
04/10/2020,ESN,MD,AEA,EN,Federal Contract Tower,0,1,0,0,1,0,0,2,0,2,0,1,2,0,3,0,0,0,3
04/11/2020,ESN,MD,AEA,EN,Federal Contract Tower,0,1,1,0,2,0,1,17,0,18,0,2,18,0,20,82,0,82,102
04/12/2020,ESN,MD,AEA,EN,Federal Contract Tower,0,1,1,0,2,0,4,9,0,13,0,5,10,0,15,8,0,8,23
04/13/2020,ESN,MD,AEA,EN,Federal Contract Tower,0,2,0,0,2,0,0,0,0,0,0,2,0,0,2,0,0,0,2
04/14/2020,ESN,MD,AEA,EN,Federal Contract Tower,0,1,2,4,7,0,4,38,0,42,0,5,40,4,49,16,2,18,67
04/15/2020,ESN,MD,AEA,EN,Federal Contract Tower,0,2,5,0,7,0,2,27,0,29,0,4,32,0,36,68,0,68,104
04/16/2020,ESN,MD,AEA,EN,Federal Contract Tower,0,2,3,2,7,0,8,25,0,33,0,10,28,2,40,42,78,120,160
04/17/2020,ESN,MD,AEA,EN,Federal Contract Tower,0,0,9,0,9,0,0,22,0,22,0,0,31,0,31,28,0,28,59
04/18/2020,ESN,MD,AEA,EN,Federal Contract Tower,0,0,2,0,2,0,0,1,0,1,0,0,3,0,3,0,0,0,3
04/19/2020,ESN,MD,AEA,EN,Federal Contract Tower,0,2,5,0,7,0,0,23,0,23,0,2,28,0,30,54,0,54,84
04/20/2020,ESN,MD,AEA,EN,Federal Contract Tower,0,2,3,0,5,0,21,10,0,31,0,23,13,0,36,52,4,56,92
04/21/2020,ESN,MD,AEA,EN,Federal Contract Tower,0,1,0,0,1,0,0,5,0,5,0,1,5,0,6,6,2,8,14
04/22/2020,ESN,MD,AEA,EN,Federal Contract Tower,0,0,11,0,11,0,5,29,4,38,0,5,40,4,49,62,4,66,115
04/23/2020,ESN,MD,AEA,EN,Federal Contract Tower,0,2,5,4,11,0,0,6,4,10,0,2,11,8,21,28,0,28,49
04/24/2020,ESN,MD,AEA,EN,Federal Contract Tower,0,1,8,0,9,0,0,0,0,0,0,1,8,0,9,0,0,0,9
04/25/2020,ESN,MD,AEA,EN,Federal Contract Tower,0,1,2,2,5,0,0,28,0,28,0,1,30,2,33,40,0,40,73
04/26/2020,ESN,MD,AEA,EN,Federal Contract Tower,0,2,0,0,2,0,0,0,0,0,0,2,0,0,2,0,0,0,2
04/27/2020,ESN,MD,AEA,EN,Federal Contract Tower,0,3,3,2,8,0,16,7,0,23,0,19,10,2,31,2,0,2,33
04/28/2020,ESN,MD,AEA,EN,Federal Contract Tower,0,6,0,0,6,0,24,66,1,91,0,30,66,1,97,76,20,96,193
04/29/2020,ESN,MD,AEA,EN,Federal Contract Tower,0,1,11,0,12,0,10,27,3,40,0,11,38,3,52,30,4,34,86
04/30/2020,ESN,MD,AEA,EN,Federal Contract Tower,0,2,4,0,6,0,0,0,0,0,0,2,4,0,6,0,0,0,6
05/01/2020,ESN,MD,AEA,EN,Federal Contract Tower,0,4,10,0,14,0,8,15,0,23,0,12,25,0,37,56,0,56,93
05/02/2020,ESN,MD,AEA,EN,Federal Contract Tower,0,5,10,0,15,0,5,105,0,110,0,10,115,0,125,214,0,214,339
05/03/2020,ESN,MD,AEA,EN,Federal Contract Tower,0,0,8,0,8,0,5,4,0,9,0,5,12,0,17,8,0,8,25
05/04/2020,ESN,MD,AEA,EN,Federal Contract Tower,0,2,9,0,11,0,10,18,2,30,0,12,27,2,41,14,0,14,55
05/05/2020,ESN,MD,AEA,EN,Federal Contract Tower,0,0,9,2,11,0,13,43,2,58,0,13,52,4,69,44,0,44,113
05/06/2020,ESN,MD,AEA,EN,Federal Contract Tower,0,4,8,0,12,0,0,0,0,0,0,4,8,0,12,0,0,0,12
05/07/2020,ESN,MD,AEA,EN,Federal Contract Tower,0,0,8,0,8,0,21,111,0,132,0,21,119,0,140,112,56,168,308
05/08/2020,ESN,MD,AEA,EN,Federal Contract Tower,0,2,6,1,9,0,4,18,1,23,0,6,24,2,32,50,0,50,82
05/09/2020,ESN,MD,AEA,EN,Federal Contract Tower,0,1,5,0,6,0,2,7,0,9,0,3,12,0,15,34,0,34,49
05/10/2020,ESN,MD,AEA,EN,Federal Contract Tower,0,0,5,0,5,0,0,35,0,35,0,0,40,0,40,44,0,44,84
05/11/2020,ESN,MD,AEA,EN,Federal Contract Tower,0,2,3,0,5,0,1,19,0,20,0,3,22,0,25,26,14,40,65
05/12/2020,ESN,MD,AEA,EN,Federal Contract Tower,0,0,1,0,1,0,2,33,2,37,0,2,34,2,38,66,20,86,124
05/13/2020,ESN,MD,AEA,EN,Federal Contract Tower,0,1,7,0,8,0,2,85,3,90,0,3,92,3,98,196,0,196,294
05/14/2020,ESN,MD,AEA,EN,Federal Contract Tower,0,4,11,0,15,0,0,72,0,72,0,4,83,0,87,170,18,188,275
05/15/2020,ESN,MD,AEA,EN,Federal Contract Tower,0,3,7,0,10,0,9,48,0,57,0,12,55,0,67,158,4,162,229
05/16/2020,ESN,MD,AEA,EN,Federal Contract Tower,0,1,5,4,10,0,5,45,0,50,0,6,50,4,60,176,2,178,238
05/17/2020,ESN,MD,AEA,EN,Federal Contract Tower,0,2,8,0,10,0,4,17,2,23,0,6,25,2,33,18,0,18,51
05/18/2020,ESN,MD,AEA,EN,Federal Contract Tower,0,3,6,2,11,0,8,1,0,9,0,11,7,2,20,2,0,2,22
05/19/2020,ESN,MD,AEA,EN,Federal Contract Tower,0,2,2,0,4,0,4,8,0,12,0,6,10,0,16,2,2,4,20
05/20/2020,ESN,MD,AEA,EN,Federal Contract Tower,0,2,9,2,13,0,0,15,2,17,0,2,24,4,30,6,12,18,48
05/21/2020,ESN,MD,AEA,EN,Federal Contract Tower,0,4,6,0,10,0,6,54,8,68,0,10,60,8,78,154,22,176,254
05/22/2020,ESN,MD,AEA,EN,Federal Contract Tower,0,0,11,2,13,0,4,0,0,4,0,4,11,2,17,0,0,0,17
05/23/2020,ESN,MD,AEA,EN,Federal Contract Tower,0,0,11,0,11,0,19,48,0,67,0,19,59,0,78,136,0,136,214
05/24/2020,ESN,MD,AEA,EN,Federal Contract Tower,0,1,20,1,22,0,8,5,0,13,0,9,25,1,35,2,0,2,37
05/25/2020,ESN,MD,AEA,EN,Federal Contract Tower,0,2,10,0,12,0,4,25,2,31,0,6,35,2,43,144,0,144,187
05/26/2020,ESN,MD,AEA,EN,Federal Contract Tower,0,1,15,0,16,0,12,30,0,42,0,13,45,0,58,166,42,208,266
05/27/2020,ESN,MD,AEA,EN,Federal Contract Tower,0,0,13,2,15,0,5,57,0,62,0,5,70,2,77,186,2,188,265
05/28/2020,ESN,MD,AEA,EN,Federal Contract Tower,0,1,10,0,11,0,5,21,0,26,0,6,31,0,37,58,0,58,95
05/29/2020,ESN,MD,AEA,EN,Federal Contract Tower,0,1,10,1,12,0,3,26,0,29,0,4,36,1,41,42,0,42,83
05/30/2020,ESN,MD,AEA,EN,Federal Contract Tower,0,0,9,0,9,0,10,125,0,135,0,10,134,0,144,292,0,292,436
05/31/2020,ESN,MD,AEA,EN,Federal Contract Tower,0,4,11,0,15,0,10,75,0,85,0,14,86,0,100,194,0,194,294
06/01/2020,ESN,MD,AEA,EN,Federal Contract Tower,0,0,7,0,7,0,6,63,0,69,0,6,70,0,76,228,0,228,304
06/02/2020,ESN,MD,AEA,EN,Federal Contract Tower,0,0,0,0,0,0,0,59,0,59,0,0,59,0,59,174,0,174,233
06/03/2020,ESN,MD,AEA,EN,Federal Contract Tower,0,5,9,0,14,0,7,54,0,61,0,12,63,0,75,160,24,184,259
06/04/2020,ESN,MD,AEA,EN,Federal Contract Tower,0,1,3,2,6,0,7,82,2,91,0,8,85,4,97,92,10,102,199
06/05/2020,ESN,MD,AEA,EN,Federal Contract Tower,0,5,7,2,14,0,5,56,1,62,0,10,63,3,76,128,0,128,204
06/06/2020,ESN,MD,AEA,EN,Federal Contract Tower,0,1,7,0,8,0,11,76,0,87,0,12,83,0,95,194,0,194,289
06/07/2020,ESN,MD,AEA,EN,Federal Contract Tower,0,5,6,0,11,0,2,100,0,102,0,7,106,0,113,202,0,202,315
06/08/2020,ESN,MD,AEA,EN,Federal Contract Tower,0,2,12,0,14,0,16,50,4,70,0,18,62,4,84,118,22,140,224
06/09/2020,ESN,MD,AEA,EN,Federal Contract Tower,0,2,6,1,9,0,4,72,5,81,0,6,78,6,90,174,6,180,270
06/10/2020,ESN,MD,AEA,EN,Federal Contract Tower,0,3,12,0,15,0,0,40,0,40,0,3,52,0,55,60,0,60,115
06/11/2020,ESN,MD,AEA,EN,Federal Contract Tower,0,7,19,0,26,0,4,0,0,4,0,11,19,0,30,8,0,8,38
06/12/2020,ESN,MD,AEA,EN,Federal Contract Tower,0,3,14,0,17,0,3,116,0,119,0,6,130,0,136,226,0,226,362
06/13/2020,ESN,MD,AEA,EN,Federal Contract Tower,0,9,14,0,23,0,2,63,4,69,0,11,77,4,92,158,2,160,252
06/14/2020,ESN,MD,AEA,EN,Federal Contract Tower,0,7,13,2,22,0,8,91,0,99,0,15,104,2,121,150,14,164,285
06/15/2020,ESN,MD,AEA,EN,Federal Contract Tower,0,8,12,0,20,0,9,43,0,52,0,17,55,0,72,106,10,116,188
06/16/2020,ESN,MD,AEA,EN,Federal Contract Tower,0,1,5,2,8,0,2,16,0,18,0,3,21,2,26,86,38,124,150
06/17/2020,ESN,MD,AEA,EN,Federal Contract Tower,0,1,24,0,25,0,0,0,0,0,0,1,24,0,25,0,0,0,25
06/18/2020,ESN,MD,AEA,EN,Federal Contract Tower,0,6,6,0,12,0,4,31,0,35,0,10,37,0,47,106,0,106,153
06/19/2020,ESN,MD,AEA,EN,Federal Contract Tower,0,7,5,0,12,0,6,38,0,44,0,13,43,0,56,216,0,216,272
06/20/2020,ESN,MD,AEA,EN,Federal Contract Tower,0,5,5,0,10,0,0,35,0,35,0,5,40,0,45,66,0,66,111
06/21/2020,ESN,MD,AEA,EN,Federal Contract Tower,0,7,14,0,21,0,2,19,0,21,0,9,33,0,42,52,0,52,94
06/22/2020,ESN,MD,AEA,EN,Federal Contract Tower,0,0,18,2,20,0,0,44,0,44,0,0,62,2,64,182,0,182,246
06/23/2020,ESN,MD,AEA,EN,Federal Contract Tower,0,0,3,2,5,0,10,54,3,67,0,10,57,5,72,150,0,150,222
06/24/2020,ESN,MD,AEA,EN,Federal Contract Tower,0,2,11,2,15,0,7,93,0,100,0,9,104,2,115,208,6,214,329
06/25/2020,ESN,MD,AEA,EN,Federal Contract Tower,0,6,14,3,23,0,2,70,2,74,0,8,84,5,97,118,6,124,221
06/26/2020,ESN,MD,AEA,EN,Federal Contract Tower,0,6,5,0,11,0,1,89,0,90,0,7,94,0,101,188,0,188,289
06/27/2020,ESN,MD,AEA,EN,Federal Contract Tower,0,4,7,0,11,0,8,81,0,89,0,12,88,0,100,138,0,138,238
06/28/2020,ESN,MD,AEA,EN,Federal Contract Tower,0,8,12,0,20,0,0,47,0,47,0,8,59,0,67,74,0,74,141
06/29/2020,ESN,MD,AEA,EN,Federal Contract Tower,0,11,6,0,17,0,1,74,0,75,0,12,80,0,92,198,0,198,290
06/30/2020,ESN,MD,AEA,EN,Federal Contract Tower,0,5,11,0,16,0,8,75,1,84,0,13,86,1,100,128,0,128,228
07/01/2020,ESN,MD,AEA,EN,Federal Contract Tower,0,7,11,0,18,0,4,41,0,45,0,11,52,0,63,108,0,108,171
07/02/2020,ESN,MD,AEA,EN,Federal Contract Tower,0,2,14,0,16,0,5,100,2,107,0,7,114,2,123,163,0,163,286
07/03/2020,ESN,MD,AEA,EN,Federal Contract Tower,0,2,21,0,23,0,8,66,0,74,0,10,87,0,97,124,0,124,221
07/04/2020,ESN,MD,AEA,EN,Federal Contract Tower,0,2,5,0,7,0,4,28,0,32,0,6,33,0,39,62,0,62,101
07/05/2020,ESN,MD,AEA,EN,Federal Contract Tower,0,4,8,0,12,0,6,57,0,63,0,10,65,0,75,96,0,96,171
07/06/2020,ESN,MD,AEA,EN,Federal Contract Tower,0,7,8,0,15,0,0,64,0,64,0,7,72,0,79,102,0,102,181
07/07/2020,ESN,MD,AEA,EN,Federal Contract Tower,0,8,9,4,21,0,2,23,2,27,0,10,32,6,48,46,4,50,98
07/08/2020,ESN,MD,AEA,EN,Federal Contract Tower,0,14,12,1,27,0,0,50,0,50,0,14,62,1,77,152,20,172,249
07/09/2020,ESN,MD,AEA,EN,Federal Contract Tower,0,7,15,4,26,0,0,52,0,52,0,7,67,4,78,130,8,138,216
07/10/2020,ESN,MD,AEA,EN,Federal Contract Tower,0,3,8,0,11,0,0,7,0,7,0,3,15,0,18,6,0,6,24
07/11/2020,ESN,MD,AEA,EN,Federal Contract Tower,0,4,11,0,15,0,4,65,0,69,0,8,76,0,84,128,0,128,212
07/12/2020,ESN,MD,AEA,EN,Federal Contract Tower,0,8,14,0,22,0,1,59,0,60,0,9,73,0,82,124,0,124,206
07/13/2020,ESN,MD,AEA,EN,Federal Contract Tower,0,2,18,0,20,0,3,47,0,50,0,5,65,0,70,130,0,130,200
07/14/2020,ESN,MD,AEA,EN,Federal Contract Tower,0,5,11,5,21,0,0,81,1,82,0,5,92,6,103,178,0,178,281
07/16/2020,ESN,MD,AEA,EN,Federal Contract Tower,0,3,16,1,20,0,8,50,15,73,0,11,66,16,93,127,22,149,242
07/17/2020,ESN,MD,AEA,EN,Federal Contract Tower,0,6,27,0,33,0,5,66,2,73,0,11,93,2,106,86,2,88,194
07/18/2020,ESN,MD,AEA,EN,Federal Contract Tower,0,3,7,0,10,0,7,91,1,99,0,10,98,1,109,172,4,176,285
07/19/2020,ESN,MD,AEA,EN,Federal Contract Tower,0,6,9,0,15,0,4,62,0,66,0,10,71,0,81,208,0,208,289
07/20/2020,ESN,MD,AEA,EN,Federal Contract Tower,0,3,14,0,17,0,1,48,0,49,0,4,62,0,66,112,0,112,178
07/21/2020,ESN,MD,AEA,EN,Federal Contract Tower,0,3,9,0,12,0,7,79,2,88,0,10,88,2,100,140,12,152,252
07/22/2020,ESN,MD,AEA,EN,Federal Contract Tower,0,3,9,0,12,0,3,29,0,32,0,6,38,0,44,38,50,88,132
07/23/2020,ESN,MD,AEA,EN,Federal Contract Tower,0,3,15,0,18,0,0,48,2,50,0,3,63,2,68,106,0,106,174
07/24/2020,ESN,MD,AEA,EN,Federal Contract Tower,0,3,8,0,11,0,0,22,12,34,0,3,30,12,45,40,30,70,115
07/25/2020,ESN,MD,AEA,EN,Federal Contract Tower,0,3,21,0,24,0,3,76,44,123,0,6,97,44,147,90,92,182,329
07/26/2020,ESN,MD,AEA,EN,Federal Contract Tower,0,8,12,0,20,0,10,73,0,83,0,18,85,0,103,144,0,144,247
07/27/2020,ESN,MD,AEA,EN,Federal Contract Tower,0,4,18,0,22,0,5,45,29,79,0,9,63,29,101,108,46,154,255
07/28/2020,ESN,MD,AEA,EN,Federal Contract Tower,0,0,9,0,9,0,0,53,50,103,0,0,62,50,112,80,82,162,274
07/29/2020,ESN,MD,AEA,EN,Federal Contract Tower,0,7,20,0,27,0,11,74,54,139,0,18,94,54,166,90,140,230,396
07/30/2020,ESN,MD,AEA,EN,Federal Contract Tower,0,3,30,0,33,0,5,104,56,165,0,8,134,56,198,134,166,300,498
07/31/2020,ESN,MD,AEA,EN,Federal Contract Tower,0,6,17,0,23,0,0,10,0,10,0,6,27,0,33,10,0,10,43
08/01/2020,ESN,MD,AEA,EN,Federal Contract Tower,0,5,14,0,19,0,3,79,56,138,0,8,93,56,157,108,136,244,401
08/02/2020,ESN,MD,AEA,EN,Federal Contract Tower,0,1,24,0,25,0,4,50,8,62,0,5,74,8,87,72,20,92,179
08/03/2020,ESN,MD,AEA,EN,Federal Contract Tower,0,5,7,0,12,0,2,28,53,83,0,7,35,53,95,66,230,296,391
08/04/2020,ESN,MD,AEA,EN,Federal Contract Tower,0,1,4,0,5,0,2,1,0,3,0,3,5,0,8,0,0,0,8
08/05/2020,ESN,MD,AEA,EN,Federal Contract Tower,0,5,13,0,18,0,1,70,65,136,0,6,83,65,154,141,236,377,531
08/06/2020,ESN,MD,AEA,EN,Federal Contract Tower,0,3,8,1,12,0,0,48,51,99,0,3,56,52,111,68,182,250,361
08/07/2020,ESN,MD,AEA,EN,Federal Contract Tower,0,6,21,2,29,0,1,17,50,68,0,7,38,52,97,26,206,232,329
08/08/2020,ESN,MD,AEA,EN,Federal Contract Tower,0,8,25,0,33,0,2,37,50,89,0,10,62,50,122,120,158,278,400
08/09/2020,ESN,MD,AEA,EN,Federal Contract Tower,0,10,12,0,22,0,2,63,24,89,0,12,75,24,111,116,94,210,321
08/10/2020,ESN,MD,AEA,EN,Federal Contract Tower,0,7,20,2,29,0,2,53,31,86,0,9,73,33,115,84,78,162,277
08/11/2020,ESN,MD,AEA,EN,Federal Contract Tower,0,4,14,2,20,0,0,74,53,127,0,4,88,55,147,94,172,266,413
08/12/2020,ESN,MD,AEA,EN,Federal Contract Tower,0,0,1,0,1,0,4,32,7,43,0,4,33,7,44,32,2,34,78
08/13/2020,ESN,MD,AEA,EN,Federal Contract Tower,0,5,14,0,19,0,0,8,0,8,0,5,22,0,27,18,0,18,45
08/14/2020,ESN,MD,AEA,EN,Federal Contract Tower,0,7,13,0,20,0,0,1,0,1,0,7,14,0,21,0,0,0,21
08/15/2020,ESN,MD,AEA,EN,Federal Contract Tower,0,6,10,0,16,0,0,48,4,52,0,6,58,4,68,142,4,146,214
08/16/2020,ESN,MD,AEA,EN,Federal Contract Tower,0,0,28,1,29,0,0,3,0,3,0,0,31,1,32,0,0,0,32
08/17/2020,ESN,MD,AEA,EN,Federal Contract Tower,0,8,18,0,26,0,5,62,0,67,0,13,80,0,93,110,4,114,207
08/18/2020,ESN,MD,AEA,EN,Federal Contract Tower,0,8,18,1,27,0,22,86,0,108,0,30,104,1,135,184,0,184,319
08/19/2020,ESN,MD,AEA,EN,Federal Contract Tower,0,2,5,0,7,0,10,34,4,48,0,12,39,4,55,100,82,182,237
08/20/2020,ESN,MD,AEA,EN,Federal Contract Tower,0,8,14,0,22,0,3,143,1,147,0,11,157,1,169,238,2,240,409
08/21/2020,ESN,MD,AEA,EN,Federal Contract Tower,0,0,13,0,13,0,19,63,2,84,0,19,76,2,97,76,0,76,173
08/22/2020,ESN,MD,AEA,EN,Federal Contract Tower,0,6,9,0,15,0,6,44,0,50,0,12,53,0,65,142,0,142,207
08/23/2020,ESN,MD,AEA,EN,Federal Contract Tower,0,6,25,0,31,0,3,48,0,51,0,9,73,0,82,130,0,130,212
08/24/2020,ESN,MD,AEA,EN,Federal Contract Tower,0,5,14,0,19,0,7,48,0,55,0,12,62,0,74,86,6,92,166
08/25/2020,ESN,MD,AEA,EN,Federal Contract Tower,0,2,17,0,19,0,2,54,0,56,0,4,71,0,75,96,12,108,183
08/26/2020,ESN,MD,AEA,EN,Federal Contract Tower,0,1,17,2,20,0,3,61,0,64,0,4,78,2,84,106,0,106,190
08/27/2020,ESN,MD,AEA,EN,Federal Contract Tower,0,5,11,0,16,0,2,86,5,93,0,7,97,5,109,108,6,114,223
08/28/2020,ESN,MD,AEA,EN,Federal Contract Tower,0,1,7,0,8,0,6,77,6,89,0,7,84,6,97,70,10,80,177
08/29/2020,ESN,MD,AEA,EN,Federal Contract Tower,0,1,6,0,7,0,1,3,0,4,0,2,9,0,11,18,0,18,29
08/30/2020,ESN,MD,AEA,EN,Federal Contract Tower,0,9,19,0,28,0,5,119,0,124,0,14,138,0,152,172,0,172,324
08/31/2020,ESN,MD,AEA,EN,Federal Contract Tower,0,4,11,0,15,0,8,49,0,57,0,12,60,0,72,94,38,132,204
09/01/2020,ESN,MD,AEA,EN,Federal Contract Tower,0,5,20,0,25,0,0,26,0,26,0,5,46,0,51,62,0,62,113
09/02/2020,ESN,MD,AEA,EN,Federal Contract Tower,0,5,8,0,13,0,1,24,2,27,0,6,32,2,40,44,22,66,106
09/03/2020,ESN,MD,AEA,EN,Federal Contract Tower,0,3,13,0,16,0,0,86,9,95,0,3,99,9,111,168,36,204,315
09/04/2020,ESN,MD,AEA,EN,Federal Contract Tower,0,3,21,0,24,0,1,74,2,77,0,4,95,2,101,98,0,98,199
09/05/2020,ESN,MD,AEA,EN,Federal Contract Tower,0,3,7,0,10,0,6,67,0,73,0,9,74,0,83,202,0,202,285
09/06/2020,ESN,MD,AEA,EN,Federal Contract Tower,0,0,11,0,11,0,4,69,0,73,0,4,80,0,84,146,0,146,230
09/07/2020,ESN,MD,AEA,EN,Federal Contract Tower,0,6,13,0,19,0,7,66,0,73,0,13,79,0,92,158,0,158,250
09/08/2020,ESN,MD,AEA,EN,Federal Contract Tower,0,2,11,0,13,0,8,79,0,87,0,10,90,0,100,142,0,142,242
09/09/2020,ESN,MD,AEA,EN,Federal Contract Tower,0,2,13,0,15,0,0,0,0,0,0,2,13,0,15,0,0,0,15
09/10/2020,ESN,MD,AEA,EN,Federal Contract Tower,0,4,2,0,6,0,8,0,0,8,0,12,2,0,14,14,0,14,28
09/11/2020,ESN,MD,AEA,EN,Federal Contract Tower,0,3,20,0,23,0,5,6,0,11,0,8,26,0,34,4,0,4,38
09/12/2020,ESN,MD,AEA,EN,Federal Contract Tower,0,2,12,2,16,0,9,49,0,58,0,11,61,2,74,166,0,166,240
09/13/2020,ESN,MD,AEA,EN,Federal Contract Tower,0,5,12,0,17,0,3,48,0,51,0,8,60,0,68,124,0,124,192
09/14/2020,ESN,MD,AEA,EN,Federal Contract Tower,0,8,15,0,23,0,8,48,2,58,0,16,63,2,81,80,0,80,161
09/15/2020,ESN,MD,AEA,EN,Federal Contract Tower,0,0,6,0,6,0,4,48,0,52,0,4,54,0,58,200,12,212,270
09/16/2020,ESN,MD,AEA,EN,Federal Contract Tower,0,2,15,0,17,0,4,58,6,68,0,6,73,6,85,162,10,172,257
09/17/2020,ESN,MD,AEA,EN,Federal Contract Tower,0,10,15,0,25,0,3,26,0,29,0,13,41,0,54,20,0,20,74
09/18/2020,ESN,MD,AEA,EN,Federal Contract Tower,0,9,15,0,24,0,0,9,0,9,0,9,24,0,33,16,0,16,49
09/19/2020,ESN,MD,AEA,EN,Federal Contract Tower,0,3,10,0,13,0,5,91,9,105,0,8,101,9,118,220,14,234,352
09/20/2020,ESN,MD,AEA,EN,Federal Contract Tower,0,12,11,0,23,0,6,74,0,80,0,18,85,0,103,128,0,128,231
09/21/2020,ESN,MD,AEA,EN,Federal Contract Tower,0,4,10,0,14,0,3,52,0,55,0,7,62,0,69,130,0,130,199
09/22/2020,ESN,MD,AEA,EN,Federal Contract Tower,0,2,5,0,7,0,0,83,2,85,0,2,88,2,92,116,36,152,244
09/23/2020,ESN,MD,AEA,EN,Federal Contract Tower,0,6,6,0,12,0,11,90,2,103,0,17,96,2,115,116,0,116,231
09/24/2020,ESN,MD,AEA,EN,Federal Contract Tower,0,3,30,4,37,0,2,65,20,87,0,5,95,24,124,232,38,270,394
09/25/2020,ESN,MD,AEA,EN,Federal Contract Tower,0,4,14,0,18,0,0,40,0,40,0,4,54,0,58,114,8,122,180
09/26/2020,ESN,MD,AEA,EN,Federal Contract Tower,0,7,18,0,25,0,0,1,0,1,0,7,19,0,26,0,0,0,26
09/27/2020,ESN,MD,AEA,EN,Federal Contract Tower,0,10,14,0,24,0,1,4,0,5,0,11,18,0,29,22,0,22,51
09/28/2020,ESN,MD,AEA,EN,Federal Contract Tower,0,7,17,0,24,0,6,51,0,57,0,13,68,0,81,78,6,84,165
09/29/2020,ESN,MD,AEA,EN,Federal Contract Tower,0,0,20,0,20,0,2,6,0,8,0,2,26,0,28,22,0,22,50
10/01/2020,ESN,MD,AEA,EN,Federal Contract Tower,0,3,24,0,27,0,6,93,0,99,0,9,117,0,126,162,40,202,328
10/02/2020,ESN,MD,AEA,EN,Federal Contract Tower,0,6,14,0,20,0,6,76,2,84,0,12,90,2,104,138,22,160,264
10/03/2020,ESN,MD,AEA,EN,Federal Contract Tower,0,1,15,0,16,0,7,115,0,122,0,8,130,0,138,166,0,166,304
10/04/2020,ESN,MD,AEA,EN,Federal Contract Tower,0,1,15,0,16,0,0,63,0,63,0,1,78,0,79,186,0,186,265
10/05/2020,ESN,MD,AEA,EN,Federal Contract Tower,0,8,8,0,16,0,17,33,5,55,0,25,41,5,71,120,0,120,191
10/06/2020,ESN,MD,AEA,EN,Federal Contract Tower,0,10,20,0,30,0,2,84,0,86,0,12,104,0,116,152,34,186,302
10/07/2020,ESN,MD,AEA,EN,Federal Contract Tower,0,5,21,1,27,0,3,58,1,62,0,8,79,2,89,128,6,134,223
10/08/2020,ESN,MD,AEA,EN,Federal Contract Tower,0,5,15,0,20,0,2,72,3,77,0,7,87,3,97,182,6,188,285
10/09/2020,ESN,MD,AEA,EN,Federal Contract Tower,0,9,21,2,32,0,0,81,0,81,0,9,102,2,113,162,0,162,275
10/10/2020,ESN,MD,AEA,EN,Federal Contract Tower,0,2,18,0,20,0,0,59,0,59,0,2,77,0,79,114,0,114,193
10/11/2020,ESN,MD,AEA,EN,Federal Contract Tower,0,2,23,0,25,0,0,18,0,18,0,2,41,0,43,62,0,62,105
10/12/2020,ESN,MD,AEA,EN,Federal Contract Tower,0,3,11,0,14,0,0,0,0,0,0,3,11,0,14,0,0,0,14
10/13/2020,ESN,MD,AEA,EN,Federal Contract Tower,0,9,20,1,30,0,4,11,1,16,0,13,31,2,46,16,0,16,62
10/14/2020,ESN,MD,AEA,EN,Federal Contract Tower,0,14,7,3,24,0,3,89,20,112,0,17,96,23,136,220,36,256,392
10/15/2020,ESN,MD,AEA,EN,Federal Contract Tower,0,0,12,0,12,0,11,57,4,72,0,11,69,4,84,168,38,206,290
10/16/2020,ESN,MD,AEA,EN,Federal Contract Tower,0,8,13,0,21,0,0,6,0,6,0,8,19,0,27,14,0,14,41
10/17/2020,ESN,MD,AEA,EN,Federal Contract Tower,0,1,10,0,11,0,8,89,0,97,0,9,99,0,108,144,0,144,252
10/18/2020,ESN,MD,AEA,EN,Federal Contract Tower,0,5,20,0,25,0,2,65,0,67,0,7,85,0,92,204,0,204,296
10/19/2020,ESN,MD,AEA,EN,Federal Contract Tower,0,4,22,0,26,0,2,73,0,75,0,6,95,0,101,156,0,156,257
10/20/2020,ESN,MD,AEA,EN,Federal Contract Tower,0,9,21,0,30,0,14,36,4,54,0,23,57,4,84,86,60,146,230
10/21/2020,ESN,MD,AEA,EN,Federal Contract Tower,0,2,21,2,25,0,7,32,7,46,0,9,53,9,71,94,0,94,165
10/22/2020,ESN,MD,AEA,EN,Federal Contract Tower,0,5,22,0,27,0,1,75,0,76,0,6,97,0,103,200,0,200,303
10/23/2020,ESN,MD,AEA,EN,Federal Contract Tower,0,7,15,0,22,0,2,34,2,38,0,9,49,2,60,106,2,108,168
10/24/2020,ESN,MD,AEA,EN,Federal Contract Tower,0,5,22,0,27,0,0,64,0,64,0,5,86,0,91,118,0,118,209
10/25/2020,ESN,MD,AEA,EN,Federal Contract Tower,0,11,27,0,38,0,0,0,0,0,0,11,27,0,38,0,0,0,38
10/26/2020,ESN,MD,AEA,EN,Federal Contract Tower,0,3,7,0,10,0,0,0,0,0,0,3,7,0,10,0,0,0,10
10/27/2020,ESN,MD,AEA,EN,Federal Contract Tower,0,5,14,0,19,0,6,53,0,59,0,11,67,0,78,80,12,92,170
10/28/2020,ESN,MD,AEA,EN,Federal Contract Tower,0,6,25,0,31,0,6,33,0,39,0,12,58,0,70,104,0,104,174
10/29/2020,ESN,MD,AEA,EN,Federal Contract Tower,0,9,7,0,16,0,0,0,0,0,0,9,7,0,16,0,0,0,16
10/30/2020,ESN,MD,AEA,EN,Federal Contract Tower,0,14,10,0,24,0,4,18,0,22,0,18,28,0,46,16,0,16,62
10/31/2020,ESN,MD,AEA,EN,Federal Contract Tower,0,1,27,0,28,0,0,100,0,100,0,1,127,0,128,230,0,230,358
11/01/2020,ESN,MD,AEA,EN,Federal Contract Tower,0,4,6,0,10,0,0,4,0,4,0,4,10,0,14,18,0,18,32
11/02/2020,ESN,MD,AEA,EN,Federal Contract Tower,0,0,2,0,2,0,5,2,0,7,0,5,4,0,9,6,0,6,15
11/03/2020,ESN,MD,AEA,EN,Federal Contract Tower,0,8,11,2,21,0,13,58,2,73,0,21,69,4,94,36,4,40,134
11/04/2020,ESN,MD,AEA,EN,Federal Contract Tower,0,2,10,0,12,0,1,70,0,71,0,3,80,0,83,92,0,92,175
11/05/2020,ESN,MD,AEA,EN,Federal Contract Tower,0,0,12,0,12,0,3,64,10,77,0,3,76,10,89,140,18,158,247
11/06/2020,ESN,MD,AEA,EN,Federal Contract Tower,0,7,22,0,29,0,17,41,0,58,0,24,63,0,87,126,0,126,213
11/07/2020,ESN,MD,AEA,EN,Federal Contract Tower,0,3,17,0,20,0,3,72,0,75,0,6,89,0,95,170,0,170,265
11/08/2020,ESN,MD,AEA,EN,Federal Contract Tower,0,5,7,0,12,0,4,74,2,80,0,9,81,2,92,198,0,198,290
11/09/2020,ESN,MD,AEA,EN,Federal Contract Tower,0,6,27,0,33,0,4,57,0,61,0,10,84,0,94,142,14,156,250
11/10/2020,ESN,MD,AEA,EN,Federal Contract Tower,0,8,11,0,19,0,8,78,2,88,0,16,89,2,107,104,52,156,263
11/11/2020,ESN,MD,AEA,EN,Federal Contract Tower,0,2,11,0,13,0,0,0,0,0,0,2,11,0,13,0,0,0,13
11/12/2020,ESN,MD,AEA,EN,Federal Contract Tower,0,5,18,0,23,0,0,0,0,0,0,5,18,0,23,0,0,0,23
11/13/2020,ESN,MD,AEA,EN,Federal Contract Tower,0,6,24,0,30,0,2,23,0,25,0,8,47,0,55,94,0,94,149
11/14/2020,ESN,MD,AEA,EN,Federal Contract Tower,0,6,10,0,16,0,2,66,2,70,0,8,76,2,86,130,0,130,216
11/15/2020,ESN,MD,AEA,EN,Federal Contract Tower,0,4,13,0,17,0,0,17,0,17,0,4,30,0,34,24,0,24,58
11/16/2020,ESN,MD,AEA,EN,Federal Contract Tower,0,4,10,0,14,0,0,34,0,34,0,4,44,0,48,52,0,52,100
11/17/2020,ESN,MD,AEA,EN,Federal Contract Tower,0,0,11,0,11,0,2,25,5,32,0,2,36,5,43,30,4,34,77
11/18/2020,ESN,MD,AEA,EN,Federal Contract Tower,0,5,3,0,8,0,6,38,6,50,0,11,41,6,58,64,26,90,148
11/19/2020,ESN,MD,AEA,EN,Federal Contract Tower,0,5,9,0,14,0,4,50,6,60,0,9,59,6,74,98,22,120,194
11/20/2020,ESN,MD,AEA,EN,Federal Contract Tower,0,6,16,0,22,0,1,113,0,114,0,7,129,0,136,256,0,256,392
11/21/2020,ESN,MD,AEA,EN,Federal Contract Tower,0,6,10,0,16,0,2,117,0,119,0,8,127,0,135,168,0,168,303
11/22/2020,ESN,MD,AEA,EN,Federal Contract Tower,0,0,13,0,13,0,0,45,0,45,0,0,58,0,58,118,0,118,176
11/23/2020,ESN,MD,AEA,EN,Federal Contract Tower,0,4,8,0,12,0,1,8,0,9,0,5,16,0,21,4,0,4,25
11/24/2020,ESN,MD,AEA,EN,Federal Contract Tower,0,6,25,0,31,0,6,65,1,72,0,12,90,1,103,196,16,212,315
11/25/2020,ESN,MD,AEA,EN,Federal Contract Tower,0,6,14,0,20,0,13,59,0,72,0,19,73,0,92,122,0,122,214
11/26/2020,ESN,MD,AEA,EN,Federal Contract Tower,0,1,39,0,40,0,2,13,0,15,0,3,52,0,55,18,0,18,73
11/27/2020,ESN,MD,AEA,EN,Federal Contract Tower,0,2,13,0,15,0,5,53,0,58,0,7,66,0,73,108,0,108,181
11/28/2020,ESN,MD,AEA,EN,Federal Contract Tower,0,7,14,0,21,0,0,58,0,58,0,7,72,0,79,54,0,54,133
11/29/2020,ESN,MD,AEA,EN,Federal Contract Tower,0,3,19,0,22,0,0,57,0,57,0,3,76,0,79,128,0,128,207
11/30/2020,ESN,MD,AEA,EN,Federal Contract Tower,0,2,4,0,6,0,0,0,0,0,0,2,4,0,6,0,0,0,6
12/01/2020,ESN,MD,AEA,EN,Federal Contract Tower,0,4,9,0,13,0,4,28,0,32,0,8,37,0,45,54,36,90,135
12/02/2020,ESN,MD,AEA,EN,Federal Contract Tower,0,8,9,2,19,0,2,43,5,50,0,10,52,7,69,134,58,192,261
12/03/2020,ESN,MD,AEA,EN,Federal Contract Tower,0,3,14,0,17,0,2,94,13,109,0,5,108,13,126,236,28,264,390
12/04/2020,ESN,MD,AEA,EN,Federal Contract Tower,0,6,10,0,16,0,8,36,0,44,0,14,46,0,60,98,0,98,158
12/05/2020,ESN,MD,AEA,EN,Federal Contract Tower,0,0,3,0,3,0,2,8,0,10,0,2,11,0,13,4,0,4,17
12/06/2020,ESN,MD,AEA,EN,Federal Contract Tower,0,0,4,0,4,0,0,33,0,33,0,0,37,0,37,100,0,100,137
12/07/2020,ESN,MD,AEA,EN,Federal Contract Tower,0,6,11,0,17,0,4,24,0,28,0,10,35,0,45,38,0,38,83
12/08/2020,ESN,MD,AEA,EN,Federal Contract Tower,0,0,13,0,13,0,0,19,0,19,0,0,32,0,32,28,0,28,60
12/09/2020,ESN,MD,AEA,EN,Federal Contract Tower,0,6,10,0,16,0,10,38,0,48,0,16,48,0,64,92,10,102,166
12/10/2020,ESN,MD,AEA,EN,Federal Contract Tower,0,5,10,0,15,0,5,91,0,96,0,10,101,0,111,196,6,202,313
12/11/2020,ESN,MD,AEA,EN,Federal Contract Tower,0,4,11,0,15,0,4,49,0,53,0,8,60,0,68,86,0,86,154
12/12/2020,ESN,MD,AEA,EN,Federal Contract Tower,0,6,14,0,20,0,6,57,0,63,0,12,71,0,83,120,0,120,203
12/13/2020,ESN,MD,AEA,EN,Federal Contract Tower,0,1,14,0,15,0,0,75,0,75,0,1,89,0,90,244,0,244,334
12/14/2020,ESN,MD,AEA,EN,Federal Contract Tower,0,1,3,2,6,0,0,0,0,0,0,1,3,2,6,0,0,0,6
12/15/2020,ESN,MD,AEA,EN,Federal Contract Tower,0,4,17,0,21,0,9,84,2,95,0,13,101,2,116,132,0,132,248
12/16/2020,ESN,MD,AEA,EN,Federal Contract Tower,0,2,0,0,2,0,0,0,2,2,0,2,0,2,4,0,6,6,10
12/17/2020,ESN,MD,AEA,EN,Federal Contract Tower,0,0,7,0,7,0,2,51,4,57,0,2,58,4,64,176,28,204,268
12/18/2020,ESN,MD,AEA,EN,Federal Contract Tower,0,7,4,0,11,0,0,44,0,44,0,7,48,0,55,112,24,136,191
12/19/2020,ESN,MD,AEA,EN,Federal Contract Tower,0,7,15,0,22,0,2,99,0,101,0,9,114,0,123,202,0,202,325
12/20/2020,ESN,MD,AEA,EN,Federal Contract Tower,0,3,5,0,8,0,0,11,1,12,0,3,16,1,20,18,0,18,38
12/21/2020,ESN,MD,AEA,EN,Federal Contract Tower,0,4,14,0,18,0,7,18,0,25,0,11,32,0,43,14,0,14,57
12/22/2020,ESN,MD,AEA,EN,Federal Contract Tower,0,1,12,0,13,0,6,32,2,40,0,7,44,2,53,48,0,48,101
12/23/2020,ESN,MD,AEA,EN,Federal Contract Tower,0,5,13,0,18,0,3,124,0,127,0,8,137,0,145,174,0,174,319
12/24/2020,ESN,MD,AEA,EN,Federal Contract Tower,0,1,2,0,3,0,2,2,0,4,0,3,4,0,7,2,0,2,9
12/25/2020,ESN,MD,AEA,EN,Federal Contract Tower,0,3,4,0,7,0,1,0,0,1,0,4,4,0,8,0,0,0,8
12/26/2020,ESN,MD,AEA,EN,Federal Contract Tower,0,5,5,0,10,0,0,40,0,40,0,5,45,0,50,96,0,96,146
12/27/2020,ESN,MD,AEA,EN,Federal Contract Tower,0,1,14,0,15,0,5,74,0,79,0,6,88,0,94,164,0,164,258
12/28/2020,ESN,MD,AEA,EN,Federal Contract Tower,0,5,8,2,15,0,0,88,0,88,0,5,96,2,103,220,0,220,323
12/29/2020,ESN,MD,AEA,EN,Federal Contract Tower,0,0,17,0,17,0,0,46,1,47,0,0,63,1,64,36,0,36,100
12/30/2020,ESN,MD,AEA,EN,Federal Contract Tower,0,2,11,0,13,0,0,71,2,73,0,2,82,2,86,114,0,114,200
12/31/2020,ESN,MD,AEA,EN,Federal Contract Tower,0,10,10,0,20,0,0,17,0,17,0,10,27,0,37,24,0,24,61
01/01/2021,ESN,MD,AEA,EN,Federal Contract Tower,0,1,2,0,3,0,0,12,0,12,0,1,14,0,15,8,0,8,23
01/02/2021,ESN,MD,AEA,EN,Federal Contract Tower,0,6,7,0,13,0,3,51,0,54,0,9,58,0,67,84,0,84,151
01/03/2021,ESN,MD,AEA,EN,Federal Contract Tower,0,1,5,0,6,0,0,0,0,0,0,1,5,0,6,0,0,0,6
01/04/2021,ESN,MD,AEA,EN,Federal Contract Tower,0,5,10,0,15,0,2,34,0,36,0,7,44,0,51,72,0,72,123
01/05/2021,ESN,MD,AEA,EN,Federal Contract Tower,0,10,10,2,22,0,2,11,0,13,0,12,21,2,35,18,0,18,53
01/06/2021,ESN,MD,AEA,EN,Federal Contract Tower,0,9,6,0,15,0,2,51,0,53,0,11,57,0,68,110,4,114,182
01/07/2021,ESN,MD,AEA,EN,Federal Contract Tower,0,7,16,2,25,0,7,105,0,112,0,14,121,2,137,168,0,168,305
01/08/2021,ESN,MD,AEA,EN,Federal Contract Tower,0,11,9,0,20,0,0,56,0,56,0,11,65,0,76,152,0,152,228
01/09/2021,ESN,MD,AEA,EN,Federal Contract Tower,0,5,11,0,16,0,17,50,0,67,0,22,61,0,83,86,6,92,175
01/10/2021,ESN,MD,AEA,EN,Federal Contract Tower,0,11,6,0,17,0,3,51,0,54,0,14,57,0,71,104,0,104,175
01/11/2021,ESN,MD,AEA,EN,Federal Contract Tower,0,8,14,0,22,0,1,33,3,37,0,9,47,3,59,88,0,88,147
01/12/2021,ESN,MD,AEA,EN,Federal Contract Tower,0,5,15,0,20,0,7,68,0,75,0,12,83,0,95,120,0,120,215
01/13/2021,ESN,MD,AEA,EN,Federal Contract Tower,0,2,7,0,9,0,0,58,5,63,0,2,65,5,72,146,18,164,236
01/14/2021,ESN,MD,AEA,EN,Federal Contract Tower,0,12,20,0,32,0,0,76,0,76,0,12,96,0,108,150,70,220,328
01/15/2021,ESN,MD,AEA,EN,Federal Contract Tower,0,2,24,0,26,0,4,58,0,62,0,6,82,0,88,88,0,88,176
01/16/2021,ESN,MD,AEA,EN,Federal Contract Tower,0,2,8,0,10,0,3,31,3,37,0,5,39,3,47,104,0,104,151
01/17/2021,ESN,MD,AEA,EN,Federal Contract Tower,0,14,15,0,29,0,0,62,0,62,0,14,77,0,91,126,0,126,217
01/18/2021,ESN,MD,AEA,EN,Federal Contract Tower,0,16,19,0,35,0,10,41,0,51,0,26,60,0,86,110,0,110,196
01/19/2021,ESN,MD,AEA,EN,Federal Contract Tower,0,1,5,0,6,0,3,54,0,57,0,4,59,0,63,102,0,102,165
01/20/2021,ESN,MD,AEA,EN,Federal Contract Tower,0,10,11,1,22,0,5,16,0,21,0,15,27,1,43,12,22,34,77
01/21/2021,ESN,MD,AEA,EN,Federal Contract Tower,0,5,19,0,24,0,7,65,0,72,0,12,84,0,96,168,20,188,284
01/22/2021,ESN,MD,AEA,EN,Federal Contract Tower,0,1,16,0,17,0,0,59,0,59,0,1,75,0,76,52,0,52,128
01/23/2021,ESN,MD,AEA,EN,Federal Contract Tower,0,1,6,0,7,0,2,14,0,16,0,3,20,0,23,0,0,0,23
01/24/2021,ESN,MD,AEA,EN,Federal Contract Tower,0,0,6,1,7,0,0,92,1,93,0,0,98,2,100,164,0,164,264
01/25/2021,ESN,MD,AEA,EN,Federal Contract Tower,0,5,0,0,5,0,5,36,2,43,0,10,36,2,48,54,22,76,124
01/26/2021,ESN,MD,AEA,EN,Federal Contract Tower,0,0,3,0,3,0,0,0,0,0,0,0,3,0,3,0,0,0,3
01/27/2021,ESN,MD,AEA,EN,Federal Contract Tower,0,0,8,0,8,0,14,88,7,109,0,14,96,7,117,202,8,210,327
01/28/2021,ESN,MD,AEA,EN,Federal Contract Tower,0,3,7,0,10,0,4,8,0,12,0,7,15,0,22,22,0,22,44
01/29/2021,ESN,MD,AEA,EN,Federal Contract Tower,0,5,7,0,12,0,7,7,0,14,0,12,14,0,26,0,0,0,26
01/30/2021,ESN,MD,AEA,EN,Federal Contract Tower,0,6,9,0,15,0,10,82,0,92,0,16,91,0,107,234,0,234,341
01/31/2021,ESN,MD,AEA,EN,Federal Contract Tower,0,0,0,0,0,0,0,0,0,0,0,0,0,0,0,0,0,0,0
02/01/2021,ESN,MD,AEA,EN,Federal Contract Tower,0,1,0,0,1,0,0,0,0,0,0,1,0,0,1,0,0,0,1
02/02/2021,ESN,MD,AEA,EN,Federal Contract Tower,0,3,3,0,6,0,0,0,0,0,0,3,3,0,6,0,0,0,6
02/03/2021,ESN,MD,AEA,EN,Federal Contract Tower,0,0,5,0,5,0,6,12,2,20,0,6,17,2,25,0,0,0,25
02/04/2021,ESN,MD,AEA,EN,Federal Contract Tower,0,6,23,0,29,0,3,101,2,106,0,9,124,2,135,186,16,202,337
02/05/2021,ESN,MD,AEA,EN,Federal Contract Tower,0,2,7,0,9,0,7,59,2,68,0,9,66,2,77,150,0,150,227
02/06/2021,ESN,MD,AEA,EN,Federal Contract Tower,0,1,7,0,8,0,7,101,0,108,0,8,108,0,116,214,4,218,334
02/07/2021,ESN,MD,AEA,EN,Federal Contract Tower,0,1,0,0,1,0,0,0,0,0,0,1,0,0,1,0,0,0,1
02/08/2021,ESN,MD,AEA,EN,Federal Contract Tower,0,7,12,4,23,0,2,54,0,56,0,9,66,4,79,46,0,46,125
02/09/2021,ESN,MD,AEA,EN,Federal Contract Tower,0,1,17,0,18,0,2,9,0,11,0,3,26,0,29,36,16,52,81
02/10/2021,ESN,MD,AEA,EN,Federal Contract Tower,0,3,4,0,7,0,7,64,0,71,0,10,68,0,78,96,0,96,174
02/11/2021,ESN,MD,AEA,EN,Federal Contract Tower,0,1,3,0,4,0,0,0,0,0,0,1,3,0,4,0,0,0,4
02/12/2021,ESN,MD,AEA,EN,Federal Contract Tower,0,4,5,0,9,0,0,0,0,0,0,4,5,0,9,42,0,42,51
02/13/2021,ESN,MD,AEA,EN,Federal Contract Tower,0,0,2,0,2,0,0,0,0,0,0,0,2,0,2,0,0,0,2
02/14/2021,ESN,MD,AEA,EN,Federal Contract Tower,0,4,0,0,4,0,0,0,0,0,0,4,0,0,4,0,0,0,4
02/15/2021,ESN,MD,AEA,EN,Federal Contract Tower,0,3,5,0,8,0,0,2,0,2,0,3,7,0,10,0,0,0,10
02/16/2021,ESN,MD,AEA,EN,Federal Contract Tower,0,4,8,0,12,0,11,2,0,13,0,15,10,0,25,0,0,0,25
02/17/2021,ESN,MD,AEA,EN,Federal Contract Tower,0,1,30,0,31,0,9,85,0,94,0,10,115,0,125,202,4,206,331
02/18/2021,ESN,MD,AEA,EN,Federal Contract Tower,0,0,0,0,0,0,0,0,0,0,0,0,0,0,0,0,0,0,0
02/19/2021,ESN,MD,AEA,EN,Federal Contract Tower,0,0,0,0,0,0,0,0,0,0,0,0,0,0,0,0,0,0,0
02/20/2021,ESN,MD,AEA,EN,Federal Contract Tower,0,2,20,0,22,0,3,36,2,41,0,5,56,2,63,82,0,82,145
02/21/2021,ESN,MD,AEA,EN,Federal Contract Tower,0,1,9,0,10,0,1,83,0,84,0,2,92,0,94,196,0,196,290
02/22/2021,ESN,MD,AEA,EN,Federal Contract Tower,0,2,6,0,8,0,0,0,0,0,0,2,6,0,8,0,0,0,8
02/23/2021,ESN,MD,AEA,EN,Federal Contract Tower,0,1,13,0,14,0,9,38,0,47,0,10,51,0,61,62,18,80,141
02/24/2021,ESN,MD,AEA,EN,Federal Contract Tower,0,7,17,0,24,0,14,98,0,112,0,21,115,0,136,149,6,155,291
02/25/2021,ESN,MD,AEA,EN,Federal Contract Tower,0,2,11,2,15,0,6,135,4,145,0,8,146,6,160,198,0,198,358
02/26/2021,ESN,MD,AEA,EN,Federal Contract Tower,0,0,15,0,15,0,4,89,0,93,0,4,104,0,108,172,0,172,280
02/27/2021,ESN,MD,AEA,EN,Federal Contract Tower,0,2,17,0,19,0,0,7,0,7,0,2,24,0,26,8,0,8,34
02/28/2021,ESN,MD,AEA,EN,Federal Contract Tower,0,3,4,0,7,0,0,0,0,0,0,3,4,0,7,0,0,0,7
03/01/2021,ESN,MD,AEA,EN,Federal Contract Tower,0,3,8,0,11,0,0,10,6,16,0,3,18,6,27,24,30,54,81
03/02/2021,ESN,MD,AEA,EN,Federal Contract Tower,0,5,9,1,15,0,10,103,2,115,0,15,112,3,130,152,2,154,284
03/03/2021,ESN,MD,AEA,EN,Federal Contract Tower,0,3,5,0,8,0,5,86,4,95,0,8,91,4,103,152,0,152,255
03/05/2021,ESN,MD,AEA,EN,Federal Contract Tower,0,1,15,0,16,0,0,34,2,36,0,1,49,2,52,28,10,38,90
03/06/2021,ESN,MD,AEA,EN,Federal Contract Tower,0,2,12,0,14,0,5,89,0,94,0,7,101,0,108,144,0,144,252
03/07/2021,ESN,MD,AEA,EN,Federal Contract Tower,0,4,12,0,16,0,1,101,2,104,0,5,113,2,120,194,0,194,314
03/08/2021,ESN,MD,AEA,EN,Federal Contract Tower,0,10,14,1,25,0,6,69,1,76,0,16,83,2,101,122,14,136,237
03/09/2021,ESN,MD,AEA,EN,Federal Contract Tower,0,2,9,1,12,0,0,74,1,75,0,2,83,2,87,146,0,146,233
03/10/2021,ESN,MD,AEA,EN,Federal Contract Tower,0,3,3,1,7,0,2,102,5,109,0,5,105,6,116,234,0,234,350
03/11/2021,ESN,MD,AEA,EN,Federal Contract Tower,0,3,15,7,25,0,1,79,6,86,0,4,94,13,111,118,56,174,285
03/12/2021,ESN,MD,AEA,EN,Federal Contract Tower,0,3,21,0,24,0,2,90,0,92,0,5,111,0,116,160,0,160,276
03/13/2021,ESN,MD,AEA,EN,Federal Contract Tower,0,1,17,0,18,0,5,83,0,88,0,6,100,0,106,226,0,226,332
03/14/2021,ESN,MD,AEA,EN,Federal Contract Tower,0,0,5,0,5,0,0,56,0,56,0,0,61,0,61,78,0,78,139
03/15/2021,ESN,MD,AEA,EN,Federal Contract Tower,0,1,9,0,10,0,15,43,2,60,0,16,52,2,70,64,10,74,144
03/16/2021,ESN,MD,AEA,EN,Federal Contract Tower,0,2,5,0,7,0,7,20,0,27,0,9,25,0,34,84,0,84,118
03/17/2021,ESN,MD,AEA,EN,Federal Contract Tower,0,7,22,0,29,0,0,1,0,1,0,7,23,0,30,2,0,2,32
03/18/2021,ESN,MD,AEA,EN,Federal Contract Tower,0,2,3,0,5,0,0,0,0,0,0,2,3,0,5,0,0,0,5
03/19/2021,ESN,MD,AEA,EN,Federal Contract Tower,0,1,5,0,6,0,5,15,3,23,0,6,20,3,29,22,0,22,51
03/20/2021,ESN,MD,AEA,EN,Federal Contract Tower,0,0,8,0,8,0,13,91,0,104,0,13,99,0,112,246,0,246,358
03/21/2021,ESN,MD,AEA,EN,Federal Contract Tower,0,7,27,0,34,0,1,107,0,108,0,8,134,0,142,216,2,218,360
03/22/2021,ESN,MD,AEA,EN,Federal Contract Tower,0,9,11,0,20,0,22,74,0,96,0,31,85,0,116,196,8,204,320
03/23/2021,ESN,MD,AEA,EN,Federal Contract Tower,0,5,9,0,14,0,3,37,0,40,0,8,46,0,54,194,0,194,248
03/24/2021,ESN,MD,AEA,EN,Federal Contract Tower,0,8,7,0,15,0,0,0,0,0,0,8,7,0,15,0,0,0,15
03/25/2021,ESN,MD,AEA,EN,Federal Contract Tower,0,7,14,0,21,0,2,21,0,23,0,9,35,0,44,80,0,80,124
03/26/2021,ESN,MD,AEA,EN,Federal Contract Tower,0,2,5,0,7,0,3,24,6,33,0,5,29,6,40,60,24,84,124
03/27/2021,ESN,MD,AEA,EN,Federal Contract Tower,0,7,18,0,25,0,4,101,0,105,0,11,119,0,130,184,0,184,314
03/28/2021,ESN,MD,AEA,EN,Federal Contract Tower,0,3,3,0,6,0,3,4,0,7,0,6,7,0,13,2,0,2,15
03/29/2021,ESN,MD,AEA,EN,Federal Contract Tower,0,5,11,0,16,0,5,52,0,57,0,10,63,0,73,76,0,76,149
03/30/2021,ESN,MD,AEA,EN,Federal Contract Tower,0,3,11,0,14,0,0,103,4,107,0,3,114,4,121,160,38,198,319
03/31/2021,ESN,MD,AEA,EN,Federal Contract Tower,0,5,4,2,11,0,4,22,0,26,0,9,26,2,37,42,0,42,79
04/01/2021,ESN,MD,AEA,EN,Federal Contract Tower,0,5,8,0,13,0,0,15,6,21,0,5,23,6,34,16,34,50,84
04/02/2021,ESN,MD,AEA,EN,Federal Contract Tower,0,7,16,3,26,0,12,41,0,53,0,19,57,3,79,48,0,48,127
04/03/2021,ESN,MD,AEA,EN,Federal Contract Tower,0,1,19,0,20,0,6,89,0,95,0,7,108,0,115,189,0,189,304
04/04/2021,ESN,MD,AEA,EN,Federal Contract Tower,0,1,7,0,8,0,7,50,0,57,0,8,57,0,65,76,0,76,141
04/05/2021,ESN,MD,AEA,EN,Federal Contract Tower,0,3,11,0,14,0,9,140,0,149,0,12,151,0,163,164,0,164,327
04/06/2021,ESN,MD,AEA,EN,Federal Contract Tower,0,2,15,1,18,0,9,86,1,96,0,11,101,2,114,168,6,174,288
04/07/2021,ESN,MD,AEA,EN,Federal Contract Tower,0,2,9,0,11,0,5,112,2,119,0,7,121,2,130,202,6,208,338
04/08/2021,ESN,MD,AEA,EN,Federal Contract Tower,0,6,13,0,19,0,6,114,9,129,0,12,127,9,148,192,36,228,376
04/09/2021,ESN,MD,AEA,EN,Federal Contract Tower,0,1,12,0,13,0,0,6,4,10,0,1,18,4,23,6,52,58,81
04/10/2021,ESN,MD,AEA,EN,Federal Contract Tower,0,2,17,0,19,0,2,39,0,41,0,4,56,0,60,108,0,108,168
04/11/2021,ESN,MD,AEA,EN,Federal Contract Tower,0,7,16,0,23,0,1,43,0,44,0,8,59,0,67,94,0,94,161
04/12/2021,ESN,MD,AEA,EN,Federal Contract Tower,0,5,37,0,42,0,3,9,0,12,0,8,46,0,54,26,0,26,80
04/13/2021,ESN,MD,AEA,EN,Federal Contract Tower,0,7,19,2,28,0,2,63,3,68,0,9,82,5,96,96,56,152,248
04/14/2021,ESN,MD,AEA,EN,Federal Contract Tower,0,2,16,1,19,0,3,48,1,52,0,5,64,2,71,80,0,80,151
04/15/2021,ESN,MD,AEA,EN,Federal Contract Tower,0,1,14,0,15,0,0,71,10,81,0,1,85,10,96,128,32,160,256
04/16/2021,ESN,MD,AEA,EN,Federal Contract Tower,0,2,8,0,10,0,2,89,5,96,0,4,97,5,106,92,2,94,200
04/17/2021,ESN,MD,AEA,EN,Federal Contract Tower,0,10,20,0,30,0,4,95,0,99,0,14,115,0,129,236,0,236,365
04/18/2021,ESN,MD,AEA,EN,Federal Contract Tower,0,5,14,0,19,0,1,88,0,89,0,6,102,0,108,156,0,156,264
04/19/2021,ESN,MD,AEA,EN,Federal Contract Tower,0,7,15,0,22,0,1,41,0,42,0,8,56,0,64,104,0,104,168
04/20/2021,ESN,MD,AEA,EN,Federal Contract Tower,0,2,8,0,10,0,4,104,4,112,0,6,112,4,122,108,20,128,250
04/21/2021,ESN,MD,AEA,EN,Federal Contract Tower,0,3,4,0,7,0,0,11,0,11,0,3,15,0,18,2,0,2,20
04/22/2021,ESN,MD,AEA,EN,Federal Contract Tower,0,3,9,0,12,0,0,22,2,24,0,3,31,2,36,44,0,44,80
04/23/2021,ESN,MD,AEA,EN,Federal Contract Tower,0,7,13,0,20,0,8,98,0,106,0,15,111,0,126,252,0,252,378
04/24/2021,ESN,MD,AEA,EN,Federal Contract Tower,0,1,16,0,17,0,1,90,6,97,0,2,106,6,114,206,4,210,324
04/25/2021,ESN,MD,AEA,EN,Federal Contract Tower,0,2,13,0,15,0,0,14,0,14,0,2,27,0,29,10,0,10,39
04/26/2021,ESN,MD,AEA,EN,Federal Contract Tower,0,0,15,0,15,0,5,66,0,71,0,5,81,0,86,106,0,106,192
04/27/2021,ESN,MD,AEA,EN,Federal Contract Tower,0,10,6,0,16,0,10,97,8,115,0,20,103,8,131,152,0,152,283
04/28/2021,ESN,MD,AEA,EN,Federal Contract Tower,0,3,11,0,14,0,8,106,16,130,0,11,117,16,144,162,4,166,310
04/29/2021,ESN,MD,AEA,EN,Federal Contract Tower,0,14,7,0,21,0,11,89,1,101,0,25,96,1,122,86,2,88,210
04/30/2021,ESN,MD,AEA,EN,Federal Contract Tower,0,2,9,0,11,0,2,1,0,3,0,4,10,0,14,0,0,0,14
05/01/2021,ESN,MD,AEA,EN,Federal Contract Tower,0,0,4,0,4,0,2,59,0,61,0,2,63,0,65,98,0,98,163
05/02/2021,ESN,MD,AEA,EN,Federal Contract Tower,0,4,20,0,24,0,5,83,0,88,0,9,103,0,112,210,0,210,322
05/03/2021,ESN,MD,AEA,EN,Federal Contract Tower,0,5,12,2,19,0,3,23,0,26,0,8,35,2,45,56,0,56,101
05/04/2021,ESN,MD,AEA,EN,Federal Contract Tower,0,1,12,1,14,0,12,71,1,84,0,13,83,2,98,134,0,134,232
05/05/2021,ESN,MD,AEA,EN,Federal Contract Tower,0,5,10,0,15,0,0,11,0,11,0,5,21,0,26,42,0,42,68
05/06/2021,ESN,MD,AEA,EN,Federal Contract Tower,0,4,19,2,25,0,5,131,2,138,0,9,150,4,163,236,20,256,419
05/07/2021,ESN,MD,AEA,EN,Federal Contract Tower,0,6,20,0,26,0,17,48,0,65,0,23,68,0,91,176,0,176,267
05/08/2021,ESN,MD,AEA,EN,Federal Contract Tower,0,4,10,0,14,0,5,21,4,30,0,9,31,4,44,32,0,32,76
05/09/2021,ESN,MD,AEA,EN,Federal Contract Tower,0,3,15,0,18,0,0,43,2,45,0,3,58,2,63,120,0,120,183
05/10/2021,ESN,MD,AEA,EN,Federal Contract Tower,0,6,6,0,12,0,2,55,0,57,0,8,61,0,69,118,0,118,187
05/11/2021,ESN,MD,AEA,EN,Federal Contract Tower,0,10,6,0,16,0,6,68,0,74,0,16,74,0,90,142,8,150,240
05/12/2021,ESN,MD,AEA,EN,Federal Contract Tower,0,7,22,0,29,0,8,91,12,111,0,15,113,12,140,174,4,178,318
05/13/2021,ESN,MD,AEA,EN,Federal Contract Tower,0,3,27,0,30,0,0,72,0,72,0,3,99,0,102,150,18,168,270
05/14/2021,ESN,MD,AEA,EN,Federal Contract Tower,0,4,19,0,23,0,0,87,4,91,0,4,106,4,114,192,12,204,318
05/15/2021,ESN,MD,AEA,EN,Federal Contract Tower,0,6,17,0,23,0,19,101,0,120,0,25,118,0,143,238,0,238,381
05/16/2021,ESN,MD,AEA,EN,Federal Contract Tower,0,11,32,0,43,0,8,82,2,92,0,19,114,2,135,166,2,168,303
05/17/2021,ESN,MD,AEA,EN,Federal Contract Tower,0,1,18,0,19,0,4,65,7,76,0,5,83,7,95,204,20,224,319
05/18/2021,ESN,MD,AEA,EN,Federal Contract Tower,0,3,21,1,25,0,4,103,5,112,0,7,124,6,137,170,6,176,313
05/19/2021,ESN,MD,AEA,EN,Federal Contract Tower,0,6,11,0,17,0,8,89,2,99,0,14,100,2,116,180,10,190,306
05/20/2021,ESN,MD,AEA,EN,Federal Contract Tower,0,10,24,0,34,0,4,101,10,115,0,14,125,10,149,262,10,272,421
05/21/2021,ESN,MD,AEA,EN,Federal Contract Tower,0,11,17,5,33,0,9,61,3,73,0,20,78,8,106,120,16,136,242
05/22/2021,ESN,MD,AEA,EN,Federal Contract Tower,0,5,18,0,23,0,1,64,0,65,0,6,82,0,88,172,0,172,260
05/23/2021,ESN,MD,AEA,EN,Federal Contract Tower,0,3,11,0,14,0,4,59,0,63,0,7,70,0,77,148,0,148,225
05/24/2021,ESN,MD,AEA,EN,Federal Contract Tower,0,0,20,1,21,0,2,56,1,59,0,2,76,2,80,114,26,140,220
05/25/2021,ESN,MD,AEA,EN,Federal Contract Tower,0,2,25,0,27,0,6,57,10,73,0,8,82,10,100,100,16,116,216
05/26/2021,ESN,MD,AEA,EN,Federal Contract Tower,0,6,20,0,26,0,0,42,2,44,0,6,62,2,70,90,0,90,160
05/27/2021,ESN,MD,AEA,EN,Federal Contract Tower,0,3,20,0,23,0,0,152,2,154,0,3,172,2,177,178,18,196,373
05/28/2021,ESN,MD,AEA,EN,Federal Contract Tower,0,5,13,0,18,0,0,15,0,15,0,5,28,0,33,24,0,24,57
05/29/2021,ESN,MD,AEA,EN,Federal Contract Tower,0,4,7,0,11,0,0,6,0,6,0,4,13,0,17,18,0,18,35
05/30/2021,ESN,MD,AEA,EN,Federal Contract Tower,0,5,12,0,17,0,3,0,0,3,0,8,12,0,20,0,0,0,20
05/31/2021,ESN,MD,AEA,EN,Federal Contract Tower,0,10,17,0,27,0,4,75,0,79,0,14,92,0,106,120,0,120,226
06/01/2021,ESN,MD,AEA,EN,Federal Contract Tower,0,7,9,0,16,0,6,114,0,120,0,13,123,0,136,132,18,150,286
06/02/2021,ESN,MD,AEA,EN,Federal Contract Tower,0,5,12,2,19,0,8,111,4,123,0,13,123,6,142,210,54,264,406
06/03/2021,ESN,MD,AEA,EN,Federal Contract Tower,0,6,7,0,13,0,0,10,0,10,0,6,17,0,23,24,10,34,57
06/04/2021,ESN,MD,AEA,EN,Federal Contract Tower,0,4,16,0,20,0,1,23,0,24,0,5,39,0,44,6,8,14,58
06/05/2021,ESN,MD,AEA,EN,Federal Contract Tower,0,6,16,0,22,0,12,92,6,110,0,18,108,6,132,136,26,162,294
06/06/2021,ESN,MD,AEA,EN,Federal Contract Tower,0,7,27,0,34,0,5,92,4,101,0,12,119,4,135,166,0,166,301
06/07/2021,ESN,MD,AEA,EN,Federal Contract Tower,0,2,17,0,19,0,0,47,94,141,0,2,64,94,160,100,98,198,358
06/08/2021,ESN,MD,AEA,EN,Federal Contract Tower,0,4,12,1,17,0,2,46,112,160,0,6,58,113,177,58,218,276,453
06/09/2021,ESN,MD,AEA,EN,Federal Contract Tower,0,6,19,0,25,0,2,53,87,142,0,8,72,87,167,34,116,150,317
06/10/2021,ESN,MD,AEA,EN,Federal Contract Tower,0,8,11,0,19,0,4,26,67,97,0,12,37,67,116,34,124,158,274
06/11/2021,ESN,MD,AEA,EN,Federal Contract Tower,0,8,17,0,25,0,0,0,0,0,0,8,17,0,25,0,0,0,25
06/12/2021,ESN,MD,AEA,EN,Federal Contract Tower,0,4,17,1,22,0,5,47,73,125,0,9,64,74,147,68,168,236,383
06/13/2021,ESN,MD,AEA,EN,Federal Contract Tower,0,8,25,0,33,0,0,63,0,63,0,8,88,0,96,88,0,88,184
06/14/2021,ESN,MD,AEA,EN,Federal Contract Tower,0,9,7,0,16,0,5,49,75,129,0,14,56,75,145,84,270,354,499
06/15/2021,ESN,MD,AEA,EN,Federal Contract Tower,0,3,14,0,17,0,1,51,111,163,0,4,65,111,180,22,406,428,608
06/16/2021,ESN,MD,AEA,EN,Federal Contract Tower,0,4,17,1,22,0,6,91,100,197,0,10,108,101,219,142,362,504,723
06/17/2021,ESN,MD,AEA,EN,Federal Contract Tower,0,3,16,0,19,0,3,88,80,171,0,6,104,80,190,146,318,464,654
06/18/2021,ESN,MD,AEA,EN,Federal Contract Tower,0,10,34,0,44,0,2,59,76,137,0,12,93,76,181,98,282,380,561
06/19/2021,ESN,MD,AEA,EN,Federal Contract Tower,0,11,15,0,26,0,3,63,2,68,0,14,78,2,94,112,0,112,206
06/20/2021,ESN,MD,AEA,EN,Federal Contract Tower,0,6,17,0,23,0,7,48,0,55,0,13,65,0,78,78,0,78,156
06/21/2021,ESN,MD,AEA,EN,Federal Contract Tower,0,6,27,0,33,0,3,10,41,54,0,9,37,41,87,6,198,204,291
06/22/2021,ESN,MD,AEA,EN,Federal Contract Tower,0,10,18,0,28,0,2,4,38,44,0,12,22,38,72,16,116,132,204
06/23/2021,ESN,MD,AEA,EN,Federal Contract Tower,0,7,22,0,29,0,4,71,87,162,0,11,93,87,191,120,258,378,569
06/24/2021,ESN,MD,AEA,EN,Federal Contract Tower,0,7,16,1,24,0,14,87,44,145,0,21,103,45,169,90,124,214,383
06/25/2021,ESN,MD,AEA,EN,Federal Contract Tower,0,5,29,0,34,0,10,78,14,102,0,15,107,14,136,120,26,146,282
06/26/2021,ESN,MD,AEA,EN,Federal Contract Tower,0,7,10,0,17,0,1,34,0,35,0,8,44,0,52,90,0,90,142
06/27/2021,ESN,MD,AEA,EN,Federal Contract Tower,0,11,23,0,34,0,3,54,0,57,0,14,77,0,91,124,0,124,215
06/28/2021,ESN,MD,AEA,EN,Federal Contract Tower,0,7,23,0,30,0,8,49,2,59,0,15,72,2,89,116,16,132,221
06/29/2021,ESN,MD,AEA,EN,Federal Contract Tower,0,8,10,0,18,0,17,85,13,115,0,25,95,13,133,88,78,166,299
06/30/2021,ESN,MD,AEA,EN,Federal Contract Tower,0,2,12,0,14,0,5,78,12,95,0,7,90,12,109,198,40,238,347
07/01/2021,ESN,MD,AEA,EN,Federal Contract Tower,0,9,16,0,25,0,1,26,10,37,0,10,42,10,62,54,48,102,164
07/02/2021,ESN,MD,AEA,EN,Federal Contract Tower,0,6,33,0,39,0,3,22,0,25,0,9,55,0,64,74,0,74,138
07/03/2021,ESN,MD,AEA,EN,Federal Contract Tower,0,5,11,0,16,0,4,41,59,104,0,9,52,59,120,56,88,144,264
07/04/2021,ESN,MD,AEA,EN,Federal Contract Tower,0,2,11,0,13,0,13,54,0,67,0,15,65,0,80,136,0,136,216
07/05/2021,ESN,MD,AEA,EN,Federal Contract Tower,0,12,25,0,37,0,9,93,53,155,0,21,118,53,192,120,98,218,410
07/06/2021,ESN,MD,AEA,EN,Federal Contract Tower,0,3,22,4,29,0,0,47,68,115,0,3,69,72,144,104,144,248,392
07/07/2021,ESN,MD,AEA,EN,Federal Contract Tower,0,9,9,0,18,0,12,58,63,133,0,21,67,63,151,86,132,218,369
07/08/2021,ESN,MD,AEA,EN,Federal Contract Tower,0,6,10,0,16,0,2,31,61,94,0,8,41,61,110,70,118,188,298
07/09/2021,ESN,MD,AEA,EN,Federal Contract Tower,0,5,9,4,18,0,3,47,52,102,0,8,56,56,120,102,192,294,414
07/10/2021,ESN,MD,AEA,EN,Federal Contract Tower,0,8,7,0,15,0,4,92,0,96,0,12,99,0,111,156,0,156,267
07/11/2021,ESN,MD,AEA,EN,Federal Contract Tower,0,15,25,0,40,0,17,56,2,75,0,32,81,2,115,72,2,74,189
07/12/2021,ESN,MD,AEA,EN,Federal Contract Tower,0,8,12,0,20,0,9,21,60,90,0,17,33,60,110,24,294,318,428
07/13/2021,ESN,MD,AEA,EN,Federal Contract Tower,0,4,11,0,15,0,5,62,66,133,0,9,73,66,148,96,350,446,594
07/14/2021,ESN,MD,AEA,EN,Federal Contract Tower,0,2,21,0,23,0,6,67,72,145,0,8,88,72,168,118,390,508,676
07/15/2021,ESN,MD,AEA,EN,Federal Contract Tower,0,16,23,0,39,0,12,86,71,169,0,28,109,71,208,118,316,434,642
07/16/2021,ESN,MD,AEA,EN,Federal Contract Tower,0,13,15,0,28,0,4,50,52,106,0,17,65,52,134,78,176,254,388
07/17/2021,ESN,MD,AEA,EN,Federal Contract Tower,0,4,17,0,21,0,2,48,0,50,0,6,65,0,71,74,0,74,145
07/18/2021,ESN,MD,AEA,EN,Federal Contract Tower,0,5,18,0,23,0,3,33,2,38,0,8,51,2,61,90,0,90,151
07/19/2021,ESN,MD,AEA,EN,Federal Contract Tower,0,1,5,2,8,0,4,32,65,101,0,5,37,67,109,38,240,278,387
07/20/2021,ESN,MD,AEA,EN,Federal Contract Tower,0,5,15,4,24,0,0,54,6,60,0,5,69,10,84,56,2,58,142
07/21/2021,ESN,MD,AEA,EN,Federal Contract Tower,0,7,20,0,27,0,4,42,0,46,0,11,62,0,73,40,0,40,113
07/22/2021,ESN,MD,AEA,EN,Federal Contract Tower,0,10,14,0,24,0,2,111,2,115,0,12,125,2,139,140,34,174,313
07/23/2021,ESN,MD,AEA,EN,Federal Contract Tower,0,3,16,0,19,0,2,73,0,75,0,5,89,0,94,174,0,174,268
07/24/2021,ESN,MD,AEA,EN,Federal Contract Tower,0,5,17,0,22,0,2,66,0,68,0,7,83,0,90,120,0,120,210
07/25/2021,ESN,MD,AEA,EN,Federal Contract Tower,0,12,16,0,28,0,7,41,0,48,0,19,57,0,76,120,0,120,196
07/26/2021,ESN,MD,AEA,EN,Federal Contract Tower,0,10,14,0,24,0,3,29,0,32,0,13,43,0,56,36,0,36,92
07/27/2021,ESN,MD,AEA,EN,Federal Contract Tower,0,6,19,0,25,0,3,43,4,50,0,9,62,4,75,64,0,64,139
07/28/2021,ESN,MD,AEA,EN,Federal Contract Tower,0,6,20,2,28,0,2,49,0,51,0,8,69,2,79,92,10,102,181
07/29/2021,ESN,MD,AEA,EN,Federal Contract Tower,0,9,14,0,23,0,2,36,19,57,0,11,50,19,80,52,50,102,182
07/30/2021,ESN,MD,AEA,EN,Federal Contract Tower,0,1,14,0,15,0,4,45,2,51,0,5,59,2,66,96,8,104,170
07/31/2021,ESN,MD,AEA,EN,Federal Contract Tower,0,11,19,0,30,0,1,83,67,151,0,12,102,67,181,124,110,234,415
08/01/2021,ESN,MD,AEA,EN,Federal Contract Tower,0,8,19,0,27,0,0,4,0,4,0,8,23,0,31,2,0,2,33
08/02/2021,ESN,MD,AEA,EN,Federal Contract Tower,0,5,23,0,28,0,0,58,56,114,0,5,81,56,142,62,142,204,346
08/03/2021,ESN,MD,AEA,EN,Federal Contract Tower,0,2,9,0,11,0,5,64,72,141,0,7,73,72,152,112,170,282,434
08/04/2021,ESN,MD,AEA,EN,Federal Contract Tower,0,5,10,0,15,0,2,39,70,111,0,7,49,70,126,76,124,200,326
08/05/2021,ESN,MD,AEA,EN,Federal Contract Tower,0,9,12,1,22,0,5,61,52,118,0,14,73,53,140,76,170,246,386
08/06/2021,ESN,MD,AEA,EN,Federal Contract Tower,0,3,17,0,20,0,4,58,62,124,0,7,75,62,144,84,294,378,522
08/07/2021,ESN,MD,AEA,EN,Federal Contract Tower,0,0,18,0,18,0,1,22,39,62,0,1,40,39,80,60,242,302,382
08/08/2021,ESN,MD,AEA,EN,Federal Contract Tower,0,6,25,0,31,0,4,39,0,43,0,10,64,0,74,72,0,72,146
08/09/2021,ESN,MD,AEA,EN,Federal Contract Tower,0,14,21,0,35,0,4,28,69,101,0,18,49,69,136,86,422,508,644
08/10/2021,ESN,MD,AEA,EN,Federal Contract Tower,0,3,8,0,11,0,4,48,70,122,0,7,56,70,133,66,390,456,589
08/11/2021,ESN,MD,AEA,EN,Federal Contract Tower,0,4,8,0,12,0,6,25,71,102,0,10,33,71,114,48,298,346,460
08/12/2021,ESN,MD,AEA,EN,Federal Contract Tower,0,9,16,0,25,0,8,46,68,122,0,17,62,68,147,68,198,266,413
08/13/2021,ESN,MD,AEA,EN,Federal Contract Tower,0,6,21,0,27,0,0,40,74,114,0,6,61,74,141,92,216,308,449
08/14/2021,ESN,MD,AEA,EN,Federal Contract Tower,0,10,13,0,23,0,7,36,35,78,0,17,49,35,101,62,96,158,259
08/15/2021,ESN,MD,AEA,EN,Federal Contract Tower,0,13,15,0,28,0,4,56,9,69,0,17,71,9,97,78,16,94,191
08/16/2021,ESN,MD,AEA,EN,Federal Contract Tower,0,3,18,0,21,0,2,22,0,24,0,5,40,0,45,40,0,40,85
08/17/2021,ESN,MD,AEA,EN,Federal Contract Tower,0,4,13,0,17,0,1,11,0,12,0,5,24,0,29,16,10,26,55
08/18/2021,ESN,MD,AEA,EN,Federal Contract Tower,0,8,10,1,19,0,2,27,3,32,0,10,37,4,51,42,22,64,115
08/19/2021,ESN,MD,AEA,EN,Federal Contract Tower,0,11,20,0,31,0,0,68,0,68,0,11,88,0,99,44,12,56,155
08/20/2021,ESN,MD,AEA,EN,Federal Contract Tower,0,4,16,0,20,0,2,12,0,14,0,6,28,0,34,16,0,16,50
08/21/2021,ESN,MD,AEA,EN,Federal Contract Tower,0,2,12,0,14,0,5,36,0,41,0,7,48,0,55,44,0,44,99
08/22/2021,ESN,MD,AEA,EN,Federal Contract Tower,0,5,10,0,15,0,7,21,0,28,0,12,31,0,43,16,0,16,59
08/23/2021,ESN,MD,AEA,EN,Federal Contract Tower,0,15,8,0,23,0,9,41,0,50,0,24,49,0,73,128,0,128,201
08/24/2021,ESN,MD,AEA,EN,Federal Contract Tower,0,8,14,0,22,0,6,68,3,77,0,14,82,3,99,92,84,176,275
08/25/2021,ESN,MD,AEA,EN,Federal Contract Tower,0,6,15,0,21,0,2,72,0,74,0,8,87,0,95,74,18,92,187
08/26/2021,ESN,MD,AEA,EN,Federal Contract Tower,0,4,15,0,19,0,0,51,0,51,0,4,66,0,70,66,16,82,152
08/27/2021,ESN,MD,AEA,EN,Federal Contract Tower,0,15,8,0,23,0,0,57,8,65,0,15,65,8,88,90,0,90,178
08/28/2021,ESN,MD,AEA,EN,Federal Contract Tower,0,4,27,0,31,0,0,40,0,40,0,4,67,0,71,8,0,8,79
08/29/2021,ESN,MD,AEA,EN,Federal Contract Tower,0,13,24,0,37,0,0,14,0,14,0,13,38,0,51,12,0,12,63
08/30/2021,ESN,MD,AEA,EN,Federal Contract Tower,0,5,19,0,24,0,6,31,0,37,0,11,50,0,61,36,0,36,97
08/31/2021,ESN,MD,AEA,EN,Federal Contract Tower,0,2,11,0,13,0,6,53,0,59,0,8,64,0,72,134,18,152,224
09/01/2021,ESN,MD,AEA,EN,Federal Contract Tower,0,1,2,0,3,0,4,2,0,6,0,5,4,0,9,10,0,10,19
09/02/2021,ESN,MD,AEA,EN,Federal Contract Tower,0,8,10,0,18,0,4,47,0,51,0,12,57,0,69,116,6,122,191
09/03/2021,ESN,MD,AEA,EN,Federal Contract Tower,0,6,22,0,28,0,0,73,0,73,0,6,95,0,101,174,0,174,275
09/04/2021,ESN,MD,AEA,EN,Federal Contract Tower,0,3,13,0,16,0,3,81,0,84,0,6,94,0,100,118,0,118,218
09/05/2021,ESN,MD,AEA,EN,Federal Contract Tower,0,1,10,0,11,0,0,28,0,28,0,1,38,0,39,40,0,40,79
09/06/2021,ESN,MD,AEA,EN,Federal Contract Tower,0,5,10,0,15,0,10,57,0,67,0,15,67,0,82,82,0,82,164
09/07/2021,ESN,MD,AEA,EN,Federal Contract Tower,0,12,23,0,35,0,0,72,8,80,0,12,95,8,115,118,0,118,233
09/08/2021,ESN,MD,AEA,EN,Federal Contract Tower,0,4,13,0,17,0,4,37,1,42,0,8,50,1,59,92,8,100,159
09/09/2021,ESN,MD,AEA,EN,Federal Contract Tower,0,11,29,1,41,0,0,21,0,21,0,11,50,1,62,42,14,56,118
09/10/2021,ESN,MD,AEA,EN,Federal Contract Tower,0,9,21,0,30,0,0,67,2,69,0,9,88,2,99,70,0,70,169
09/11/2021,ESN,MD,AEA,EN,Federal Contract Tower,0,10,15,0,25,0,3,98,0,101,0,13,113,0,126,128,0,128,254
09/12/2021,ESN,MD,AEA,EN,Federal Contract Tower,0,13,18,0,31,0,0,69,2,71,0,13,87,2,102,100,4,104,206
09/13/2021,ESN,MD,AEA,EN,Federal Contract Tower,0,4,12,0,16,0,4,45,0,49,0,8,57,0,65,62,6,68,133
09/14/2021,ESN,MD,AEA,EN,Federal Contract Tower,0,11,10,0,21,0,1,61,2,64,0,12,71,2,85,70,6,76,161
09/15/2021,ESN,MD,AEA,EN,Federal Contract Tower,0,6,7,0,13,0,8,103,2,113,0,14,110,2,126,156,72,228,354
09/16/2021,ESN,MD,AEA,EN,Federal Contract Tower,0,7,20,2,29,0,0,11,1,12,0,7,31,3,41,28,14,42,83
09/17/2021,ESN,MD,AEA,EN,Federal Contract Tower,0,11,19,0,30,0,3,3,0,6,0,14,22,0,36,12,0,12,48
09/18/2021,ESN,MD,AEA,EN,Federal Contract Tower,0,7,25,0,32,0,3,48,0,51,0,10,73,0,83,118,0,118,201
09/19/2021,ESN,MD,AEA,EN,Federal Contract Tower,0,5,22,0,27,0,4,83,0,87,0,9,105,0,114,102,0,102,216
09/20/2021,ESN,MD,AEA,EN,Federal Contract Tower,0,7,10,0,17,0,0,25,0,25,0,7,35,0,42,84,4,88,130
09/21/2021,ESN,MD,AEA,EN,Federal Contract Tower,0,10,8,0,18,0,1,22,5,28,0,11,30,5,46,50,4,54,100
09/22/2021,ESN,MD,AEA,EN,Federal Contract Tower,0,9,16,0,25,0,1,16,0,17,0,10,32,0,42,2,6,8,50
09/23/2021,ESN,MD,AEA,EN,Federal Contract Tower,0,4,5,0,9,0,0,17,0,17,0,4,22,0,26,46,0,46,72
09/24/2021,ESN,MD,AEA,EN,Federal Contract Tower,0,12,21,0,33,0,2,123,0,125,0,14,144,0,158,184,0,184,342
09/25/2021,ESN,MD,AEA,EN,Federal Contract Tower,0,3,10,0,13,0,4,188,8,200,0,7,198,8,213,198,0,198,411
09/26/2021,ESN,MD,AEA,EN,Federal Contract Tower,0,16,15,0,31,0,9,106,1,116,0,25,121,1,147,98,2,100,247
09/27/2021,ESN,MD,AEA,EN,Federal Contract Tower,0,2,12,2,16,0,1,49,2,52,0,3,61,4,68,114,0,114,182
09/28/2021,ESN,MD,AEA,EN,Federal Contract Tower,0,7,12,2,21,0,8,54,1,63,0,15,66,3,84,96,0,96,180
09/29/2021,ESN,MD,AEA,EN,Federal Contract Tower,0,11,15,0,26,0,8,80,2,90,0,19,95,2,116,102,8,110,226
09/30/2021,ESN,MD,AEA,EN,Federal Contract Tower,0,7,17,0,24,0,0,82,0,82,0,7,99,0,106,136,2,138,244
10/01/2021,ESN,MD,AEA,EN,Federal Contract Tower,0,22,17,0,39,0,0,82,0,82,0,22,99,0,121,166,0,166,287
10/02/2021,ESN,MD,AEA,EN,Federal Contract Tower,0,2,20,0,22,0,6,59,0,65,0,8,79,0,87,80,0,80,167
10/03/2021,ESN,MD,AEA,EN,Federal Contract Tower,0,5,20,0,25,0,2,59,0,61,0,7,79,0,86,84,0,84,170
10/04/2021,ESN,MD,AEA,EN,Federal Contract Tower,0,5,13,3,21,0,2,53,0,55,0,7,66,3,76,88,0,88,164
10/05/2021,ESN,MD,AEA,EN,Federal Contract Tower,0,8,14,0,22,0,1,0,0,1,0,9,14,0,23,0,0,0,23
10/06/2021,ESN,MD,AEA,EN,Federal Contract Tower,0,3,36,0,39,0,3,9,0,12,0,6,45,0,51,0,0,0,51
10/07/2021,ESN,MD,AEA,EN,Federal Contract Tower,0,6,14,6,26,0,2,66,6,74,0,8,80,12,100,68,90,158,258
10/08/2021,ESN,MD,AEA,EN,Federal Contract Tower,0,20,27,2,49,0,7,69,0,76,0,27,96,2,125,120,8,128,253
10/09/2021,ESN,MD,AEA,EN,Federal Contract Tower,0,7,21,0,28,0,0,27,0,27,0,7,48,0,55,16,0,16,71
10/10/2021,ESN,MD,AEA,EN,Federal Contract Tower,0,5,27,0,32,0,0,4,0,4,0,5,31,0,36,0,0,0,36
10/11/2021,ESN,MD,AEA,EN,Federal Contract Tower,0,6,47,0,53,0,0,2,0,2,0,6,49,0,55,0,0,0,55
10/12/2021,ESN,MD,AEA,EN,Federal Contract Tower,0,5,31,0,36,0,0,2,0,2,0,5,33,0,38,0,0,0,38
10/13/2021,ESN,MD,AEA,EN,Federal Contract Tower,0,6,18,8,32,0,0,25,1,26,0,6,43,9,58,18,0,18,76
10/14/2021,ESN,MD,AEA,EN,Federal Contract Tower,0,9,16,4,29,0,0,84,0,84,0,9,100,4,113,166,20,186,299
10/15/2021,ESN,MD,AEA,EN,Federal Contract Tower,0,12,27,0,39,0,12,75,6,93,0,24,102,6,132,182,0,182,314
10/16/2021,ESN,MD,AEA,EN,Federal Contract Tower,0,4,9,0,13,0,0,36,2,38,0,4,45,2,51,76,0,76,127
10/17/2021,ESN,MD,AEA,EN,Federal Contract Tower,0,7,32,0,39,0,0,41,0,41,0,7,73,0,80,92,0,92,172
10/18/2021,ESN,MD,AEA,EN,Federal Contract Tower,0,4,30,4,38,0,2,36,2,40,0,6,66,6,78,48,0,48,126
10/19/2021,ESN,MD,AEA,EN,Federal Contract Tower,0,3,11,0,14,0,2,60,7,69,0,5,71,7,83,116,2,118,201
10/20/2021,ESN,MD,AEA,EN,Federal Contract Tower,0,10,25,0,35,0,1,75,3,79,0,11,100,3,114,168,30,198,312
10/21/2021,ESN,MD,AEA,EN,Federal Contract Tower,0,5,8,9,22,0,0,62,1,63,0,5,70,10,85,118,38,156,241
10/22/2021,ESN,MD,AEA,EN,Federal Contract Tower,0,6,24,0,30,0,0,64,0,64,0,6,88,0,94,260,0,260,354
10/23/2021,ESN,MD,AEA,EN,Federal Contract Tower,0,6,15,0,21,0,1,65,0,66,0,7,80,0,87,130,0,130,217
10/24/2021,ESN,MD,AEA,EN,Federal Contract Tower,0,13,21,0,34,0,8,90,0,98,0,21,111,0,132,106,0,106,238
10/25/2021,ESN,MD,AEA,EN,Federal Contract Tower,0,2,19,0,21,0,0,25,0,25,0,2,44,0,46,16,28,44,90
10/26/2021,ESN,MD,AEA,EN,Federal Contract Tower,0,11,13,0,24,0,0,2,0,2,0,11,15,0,26,0,42,42,68
10/27/2021,ESN,MD,AEA,EN,Federal Contract Tower,0,10,13,0,23,0,0,22,0,22,0,10,35,0,45,0,14,14,59
10/28/2021,ESN,MD,AEA,EN,Federal Contract Tower,0,6,11,7,24,0,0,68,0,68,0,6,79,7,92,118,16,134,226
10/29/2021,ESN,MD,AEA,EN,Federal Contract Tower,0,11,5,0,16,0,0,0,0,0,0,11,5,0,16,0,0,0,16
10/30/2021,ESN,MD,AEA,EN,Federal Contract Tower,0,8,19,0,27,0,0,59,0,59,0,8,78,0,86,94,0,94,180
10/31/2021,ESN,MD,AEA,EN,Federal Contract Tower,0,8,10,0,18,0,0,43,0,43,0,8,53,0,61,68,0,68,129
11/01/2021,ESN,MD,AEA,EN,Federal Contract Tower,0,7,13,0,20,0,2,53,0,55,0,9,66,0,75,96,0,96,171
11/02/2021,ESN,MD,AEA,EN,Federal Contract Tower,0,6,15,1,22,0,0,13,1,14,0,6,28,2,36,32,0,32,68
11/03/2021,ESN,MD,AEA,EN,Federal Contract Tower,0,14,11,2,27,0,7,38,0,45,0,21,49,2,72,34,46,80,152
11/04/2021,ESN,MD,AEA,EN,Federal Contract Tower,0,7,10,0,17,0,0,54,0,54,0,7,64,0,71,132,0,132,203
11/05/2021,ESN,MD,AEA,EN,Federal Contract Tower,0,1,17,0,18,0,10,84,0,94,0,11,101,0,112,206,0,206,318
11/06/2021,ESN,MD,AEA,EN,Federal Contract Tower,0,8,13,0,21,0,0,83,0,83,0,8,96,0,104,176,12,188,292
11/07/2021,ESN,MD,AEA,EN,Federal Contract Tower,0,10,31,0,41,0,8,48,2,58,0,18,79,2,99,66,0,66,165
11/08/2021,ESN,MD,AEA,EN,Federal Contract Tower,0,6,18,0,24,0,10,50,0,60,0,16,68,0,84,80,0,80,164
11/09/2021,ESN,MD,AEA,EN,Federal Contract Tower,0,1,14,0,15,0,1,70,1,72,0,2,84,1,87,178,56,234,321
11/10/2021,ESN,MD,AEA,EN,Federal Contract Tower,0,6,21,4,31,0,5,46,0,51,0,11,67,4,82,84,0,84,166
11/11/2021,ESN,MD,AEA,EN,Federal Contract Tower,0,8,18,0,26,0,11,94,0,105,0,19,112,0,131,190,0,190,321
11/12/2021,ESN,MD,AEA,EN,Federal Contract Tower,0,8,14,0,22,0,2,28,0,30,0,10,42,0,52,74,0,74,126
11/13/2021,ESN,MD,AEA,EN,Federal Contract Tower,0,6,9,0,15,0,2,22,0,24,0,8,31,0,39,32,0,32,71
11/14/2021,ESN,MD,AEA,EN,Federal Contract Tower,0,8,17,0,25,0,2,57,1,60,0,10,74,1,85,130,0,130,215
11/15/2021,ESN,MD,AEA,EN,Federal Contract Tower,0,6,9,0,15,0,16,4,0,20,0,22,13,0,35,2,0,2,37
11/16/2021,ESN,MD,AEA,EN,Federal Contract Tower,0,8,16,0,24,0,11,45,0,56,0,19,61,0,80,96,46,142,222
11/17/2021,ESN,MD,AEA,EN,Federal Contract Tower,0,9,10,0,19,0,2,92,0,94,0,11,102,0,113,74,38,112,225
11/18/2021,ESN,MD,AEA,EN,Federal Contract Tower,0,12,15,0,27,0,2,49,4,55,0,14,64,4,82,28,18,46,128
11/19/2021,ESN,MD,AEA,EN,Federal Contract Tower,0,1,24,0,25,0,3,38,0,41,0,4,62,0,66,36,0,36,102
11/20/2021,ESN,MD,AEA,EN,Federal Contract Tower,0,7,9,0,16,0,4,66,0,70,0,11,75,0,86,148,0,148,234
11/21/2021,ESN,MD,AEA,EN,Federal Contract Tower,0,14,20,0,34,0,0,42,0,42,0,14,62,0,76,72,0,72,148
11/22/2021,ESN,MD,AEA,EN,Federal Contract Tower,0,13,17,0,30,0,8,29,1,38,0,21,46,1,68,52,14,66,134
11/23/2021,ESN,MD,AEA,EN,Federal Contract Tower,0,9,16,0,25,0,1,33,0,34,0,10,49,0,59,28,6,34,93
11/24/2021,ESN,MD,AEA,EN,Federal Contract Tower,0,5,30,0,35,0,2,71,0,73,0,7,101,0,108,142,10,152,260
11/25/2021,ESN,MD,AEA,EN,Federal Contract Tower,0,4,4,0,8,0,0,24,0,24,0,4,28,0,32,60,0,60,92
11/26/2021,ESN,MD,AEA,EN,Federal Contract Tower,0,9,3,0,12,0,1,5,0,6,0,10,8,0,18,0,0,0,18
11/27/2021,ESN,MD,AEA,EN,Federal Contract Tower,0,7,5,0,12,0,4,24,0,28,0,11,29,0,40,8,0,8,48
11/28/2021,ESN,MD,AEA,EN,Federal Contract Tower,0,10,23,0,33,0,2,80,0,82,0,12,103,0,115,116,0,116,231
11/29/2021,ESN,MD,AEA,EN,Federal Contract Tower,0,6,16,0,22,0,1,26,0,27,0,7,42,0,49,36,4,40,89
11/30/2021,ESN,MD,AEA,EN,Federal Contract Tower,0,4,11,0,15,0,9,37,2,48,0,13,48,2,63,100,26,126,189
12/01/2021,ESN,MD,AEA,EN,Federal Contract Tower,0,2,13,1,16,0,10,59,4,73,0,12,72,5,89,100,20,120,209
12/02/2021,ESN,MD,AEA,EN,Federal Contract Tower,0,7,11,0,18,0,6,33,0,39,0,13,44,0,57,48,0,48,105
12/03/2021,ESN,MD,AEA,EN,Federal Contract Tower,0,4,10,0,14,0,0,59,0,59,0,4,69,0,73,88,2,90,163
12/04/2021,ESN,MD,AEA,EN,Federal Contract Tower,0,3,14,0,17,0,4,53,0,57,0,7,67,0,74,94,0,94,168
12/05/2021,ESN,MD,AEA,EN,Federal Contract Tower,0,7,13,0,20,0,3,86,1,90,0,10,99,1,110,116,0,116,226
12/06/2021,ESN,MD,AEA,EN,Federal Contract Tower,0,5,8,0,13,0,3,6,2,11,0,8,14,2,24,8,0,8,32
12/07/2021,ESN,MD,AEA,EN,Federal Contract Tower,0,4,14,0,18,0,5,59,2,66,0,9,73,2,84,114,0,114,198
12/08/2021,ESN,MD,AEA,EN,Federal Contract Tower,0,3,3,0,6,0,1,21,0,22,0,4,24,0,28,18,0,18,46
12/09/2021,ESN,MD,AEA,EN,Federal Contract Tower,0,4,8,2,14,0,12,35,0,47,0,16,43,2,61,94,0,94,155
12/10/2021,ESN,MD,AEA,EN,Federal Contract Tower,0,7,14,0,21,0,1,52,0,53,0,8,66,0,74,146,0,146,220
12/11/2021,ESN,MD,AEA,EN,Federal Contract Tower,0,7,5,0,12,0,0,0,0,0,0,7,5,0,12,0,0,0,12
12/12/2021,ESN,MD,AEA,EN,Federal Contract Tower,0,5,6,0,11,0,4,47,0,51,0,9,53,0,62,124,0,124,186
12/13/2021,ESN,MD,AEA,EN,Federal Contract Tower,0,3,18,0,21,0,9,60,0,69,0,12,78,0,90,96,0,96,186
12/14/2021,ESN,MD,AEA,EN,Federal Contract Tower,0,0,9,1,10,0,0,82,0,82,0,0,91,1,92,104,0,104,196
12/15/2021,ESN,MD,AEA,EN,Federal Contract Tower,0,2,16,1,19,0,2,56,1,59,0,4,72,2,78,136,8,144,222
12/16/2021,ESN,MD,AEA,EN,Federal Contract Tower,0,6,13,0,19,0,4,38,0,42,0,10,51,0,61,92,0,92,153
12/17/2021,ESN,MD,AEA,EN,Federal Contract Tower,0,5,14,0,19,0,2,44,3,49,0,7,58,3,68,72,6,78,146
12/18/2021,ESN,MD,AEA,EN,Federal Contract Tower,0,3,15,0,18,0,0,13,0,13,0,3,28,0,31,2,0,2,33
12/19/2021,ESN,MD,AEA,EN,Federal Contract Tower,0,3,8,0,11,0,2,19,0,21,0,5,27,0,32,48,0,48,80
12/20/2021,ESN,MD,AEA,EN,Federal Contract Tower,0,2,13,0,15,0,1,36,0,37,0,3,49,0,52,64,2,66,118
12/21/2021,ESN,MD,AEA,EN,Federal Contract Tower,0,3,11,0,14,0,3,27,0,30,0,6,38,0,44,70,8,78,122
12/22/2021,ESN,MD,AEA,EN,Federal Contract Tower,0,3,16,0,19,0,1,13,2,16,0,4,29,2,35,6,6,12,47
12/23/2021,ESN,MD,AEA,EN,Federal Contract Tower,0,7,22,0,29,0,0,54,0,54,0,7,76,0,83,108,0,108,191
12/24/2021,ESN,MD,AEA,EN,Federal Contract Tower,0,1,1,0,2,0,3,27,0,30,0,4,28,0,32,58,0,58,90
12/25/2021,ESN,MD,AEA,EN,Federal Contract Tower,0,5,2,0,7,0,0,7,0,7,0,5,9,0,14,8,0,8,22
12/26/2021,ESN,MD,AEA,EN,Federal Contract Tower,0,12,14,0,26,0,4,49,0,53,0,16,63,0,79,88,0,88,167
12/27/2021,ESN,MD,AEA,EN,Federal Contract Tower,0,10,11,0,21,0,2,13,0,15,0,12,24,0,36,26,0,26,62
12/28/2021,ESN,MD,AEA,EN,Federal Contract Tower,0,10,5,0,15,0,4,49,0,53,0,14,54,0,68,40,0,40,108
12/29/2021,ESN,MD,AEA,EN,Federal Contract Tower,0,4,29,0,33,0,4,28,2,34,0,8,57,2,67,42,0,42,109
12/30/2021,ESN,MD,AEA,EN,Federal Contract Tower,0,2,5,0,7,0,0,0,0,0,0,2,5,0,7,0,0,0,7
12/31/2021,ESN,MD,AEA,EN,Federal Contract Tower,0,2,15,0,17,0,0,0,0,0,0,2,15,0,17,0,0,0,17
01/01/2022,ESN,MD,AEA,EN,Federal Contract Tower,0,3,7,0,10,0,0,0,0,0,0,3,7,0,10,0,0,0,10
01/02/2022,ESN,MD,AEA,EN,Federal Contract Tower,0,6,10,0,16,0,2,6,0,8,0,8,16,0,24,2,0,2,26
01/03/2022,ESN,MD,AEA,EN,Federal Contract Tower,0,0,0,0,0,0,0,0,0,0,0,0,0,0,0,0,0,0,0
01/04/2022,ESN,MD,AEA,EN,Federal Contract Tower,0,7,6,0,13,0,0,12,0,12,0,7,18,0,25,18,0,18,43
01/05/2022,ESN,MD,AEA,EN,Federal Contract Tower,0,5,10,0,15,0,14,6,0,20,0,19,16,0,35,6,0,6,41
01/06/2022,ESN,MD,AEA,EN,Federal Contract Tower,0,3,10,0,13,0,0,37,0,37,0,3,47,0,50,92,0,92,142
01/07/2022,ESN,MD,AEA,EN,Federal Contract Tower,0,3,3,0,6,0,0,0,0,0,0,3,3,0,6,2,0,2,8
01/08/2022,ESN,MD,AEA,EN,Federal Contract Tower,0,10,9,0,19,0,6,64,1,71,0,16,73,1,90,72,2,74,164
01/09/2022,ESN,MD,AEA,EN,Federal Contract Tower,0,2,8,0,10,0,0,10,0,10,0,2,18,0,20,8,0,8,28
01/10/2022,ESN,MD,AEA,EN,Federal Contract Tower,0,1,7,0,8,0,0,21,0,21,0,1,28,0,29,22,16,38,67
01/11/2022,ESN,MD,AEA,EN,Federal Contract Tower,0,2,4,2,8,0,1,22,2,25,0,3,26,4,33,124,0,124,157
01/12/2022,ESN,MD,AEA,EN,Federal Contract Tower,0,4,8,0,12,0,12,44,2,58,0,16,52,2,70,50,0,50,120
01/13/2022,ESN,MD,AEA,EN,Federal Contract Tower,0,1,16,0,17,0,7,74,0,81,0,8,90,0,98,144,14,158,256
01/14/2022,ESN,MD,AEA,EN,Federal Contract Tower,0,7,15,0,22,0,0,37,0,37,0,7,52,0,59,106,0,106,165
01/15/2022,ESN,MD,AEA,EN,Federal Contract Tower,0,8,6,0,14,0,9,40,0,49,0,17,46,0,63,64,0,64,127
01/16/2022,ESN,MD,AEA,EN,Federal Contract Tower,0,1,2,0,3,0,0,14,0,14,0,1,16,0,17,44,0,44,61
01/17/2022,ESN,MD,AEA,EN,Federal Contract Tower,0,1,4,0,5,0,0,0,0,0,0,1,4,0,5,0,0,0,5
01/18/2022,ESN,MD,AEA,EN,Federal Contract Tower,0,4,13,0,17,0,0,24,2,26,0,4,37,2,43,16,16,32,75
01/19/2022,ESN,MD,AEA,EN,Federal Contract Tower,0,1,13,0,14,0,2,30,6,38,0,3,43,6,52,28,26,54,106
01/20/2022,ESN,MD,AEA,EN,Federal Contract Tower,0,0,2,0,2,0,0,0,0,0,0,0,2,0,2,0,0,0,2
01/21/2022,ESN,MD,AEA,EN,Federal Contract Tower,0,3,7,0,10,0,3,27,6,36,0,6,34,6,46,68,10,78,124
01/22/2022,ESN,MD,AEA,EN,Federal Contract Tower,0,2,11,0,13,0,2,64,4,70,0,4,75,4,83,80,4,84,167
01/23/2022,ESN,MD,AEA,EN,Federal Contract Tower,0,0,17,0,17,0,0,66,0,66,0,0,83,0,83,116,0,116,199
01/24/2022,ESN,MD,AEA,EN,Federal Contract Tower,0,6,7,0,13,0,9,37,4,50,0,15,44,4,63,62,0,62,125
01/25/2022,ESN,MD,AEA,EN,Federal Contract Tower,0,6,13,0,19,0,2,49,0,51,0,8,62,0,70,108,0,108,178
01/26/2022,ESN,MD,AEA,EN,Federal Contract Tower,0,6,21,0,27,0,6,80,13,99,0,12,101,13,126,164,22,186,312
01/27/2022,ESN,MD,AEA,EN,Federal Contract Tower,0,5,20,0,25,0,3,44,0,47,0,8,64,0,72,114,0,114,186
01/28/2022,ESN,MD,AEA,EN,Federal Contract Tower,0,1,11,0,12,0,3,19,0,22,0,4,30,0,34,24,0,24,58
01/29/2022,ESN,MD,AEA,EN,Federal Contract Tower,0,0,1,0,1,0,0,1,0,1,0,0,2,0,2,0,0,0,2
01/30/2022,ESN,MD,AEA,EN,Federal Contract Tower,0,3,15,0,18,0,9,17,0,26,0,12,32,0,44,50,0,50,94
01/31/2022,ESN,MD,AEA,EN,Federal Contract Tower,0,8,17,4,29,0,0,36,2,38,0,8,53,6,67,72,4,76,143
02/01/2022,ESN,MD,AEA,EN,Federal Contract Tower,0,4,11,0,15,0,4,46,4,54,0,8,57,4,69,86,46,132,201
02/02/2022,ESN,MD,AEA,EN,Federal Contract Tower,0,0,13,0,13,0,0,50,1,51,0,0,63,1,64,136,0,136,200
02/03/2022,ESN,MD,AEA,EN,Federal Contract Tower,0,4,15,0,19,0,0,0,0,0,0,4,15,0,19,0,0,0,19
02/04/2022,ESN,MD,AEA,EN,Federal Contract Tower,0,0,5,0,5,0,0,0,0,0,0,0,5,0,5,0,0,0,5
02/05/2022,ESN,MD,AEA,EN,Federal Contract Tower,0,12,6,0,18,0,4,21,0,25,0,16,27,0,43,38,0,38,81
02/06/2022,ESN,MD,AEA,EN,Federal Contract Tower,0,1,28,0,29,0,4,67,4,75,0,5,95,4,104,186,4,190,294
02/07/2022,ESN,MD,AEA,EN,Federal Contract Tower,0,4,10,0,14,0,1,3,0,4,0,5,13,0,18,0,0,0,18
02/08/2022,ESN,MD,AEA,EN,Federal Contract Tower,0,2,3,0,5,0,4,47,0,51,0,6,50,0,56,132,4,136,192
02/09/2022,ESN,MD,AEA,EN,Federal Contract Tower,0,5,6,0,11,0,2,63,4,69,0,7,69,4,80,74,8,82,162
02/10/2022,ESN,MD,AEA,EN,Federal Contract Tower,0,5,6,0,11,0,8,38,0,46,0,13,44,0,57,140,4,144,201
02/11/2022,ESN,MD,AEA,EN,Federal Contract Tower,0,3,12,0,15,0,9,65,4,78,0,12,77,4,93,112,14,126,219
02/12/2022,ESN,MD,AEA,EN,Federal Contract Tower,0,4,14,0,18,0,1,76,0,77,0,5,90,0,95,174,0,174,269
02/13/2022,ESN,MD,AEA,EN,Federal Contract Tower,0,6,6,0,12,0,0,0,0,0,0,6,6,0,12,0,0,0,12
02/14/2022,ESN,MD,AEA,EN,Federal Contract Tower,0,5,9,0,14,0,0,16,0,16,0,5,25,0,30,56,0,56,86
02/15/2022,ESN,MD,AEA,EN,Federal Contract Tower,0,2,15,3,20,0,2,65,1,68,0,4,80,4,88,134,2,136,224
02/16/2022,ESN,MD,AEA,EN,Federal Contract Tower,0,0,9,0,9,0,0,47,4,51,0,0,56,4,60,132,14,146,206
02/17/2022,ESN,MD,AEA,EN,Federal Contract Tower,0,8,11,0,19,0,6,37,0,43,0,14,48,0,62,42,0,42,104
02/18/2022,ESN,MD,AEA,EN,Federal Contract Tower,0,2,12,0,14,0,3,8,0,11,0,5,20,0,25,0,0,0,25
02/19/2022,ESN,MD,AEA,EN,Federal Contract Tower,0,2,3,0,5,0,0,63,0,63,0,2,66,0,68,150,0,150,218
02/20/2022,ESN,MD,AEA,EN,Federal Contract Tower,0,6,20,0,26,0,123,0,0,123,0,129,20,0,149,262,0,262,411
02/21/2022,ESN,MD,AEA,EN,Federal Contract Tower,0,4,20,0,24,0,3,101,0,104,0,7,121,0,128,194,8,202,330
02/22/2022,ESN,MD,AEA,EN,Federal Contract Tower,0,3,12,4,19,0,14,6,0,20,0,17,18,4,39,14,8,22,61
02/23/2022,ESN,MD,AEA,EN,Federal Contract Tower,0,6,7,0,13,0,6,36,0,42,0,12,43,0,55,42,0,42,97
02/24/2022,ESN,MD,AEA,EN,Federal Contract Tower,0,8,7,0,15,0,0,21,0,21,0,8,28,0,36,32,0,32,68
02/25/2022,ESN,MD,AEA,EN,Federal Contract Tower,0,7,4,0,11,0,0,5,2,7,0,7,9,2,18,10,0,10,28
02/26/2022,ESN,MD,AEA,EN,Federal Contract Tower,0,1,15,0,16,0,0,112,0,112,0,1,127,0,128,174,0,174,302
02/27/2022,ESN,MD,AEA,EN,Federal Contract Tower,0,4,7,0,11,0,0,63,0,63,0,4,70,0,74,162,0,162,236
02/28/2022,ESN,MD,AEA,EN,Federal Contract Tower,0,4,16,0,20,0,0,59,6,65,0,4,75,6,85,104,4,108,193
03/01/2022,ESN,MD,AEA,EN,Federal Contract Tower,0,7,12,0,19,0,3,50,0,53,0,10,62,0,72,92,2,94,166
03/02/2022,ESN,MD,AEA,EN,Federal Contract Tower,0,5,22,0,27,0,1,84,1,86,0,6,106,1,113,172,4,176,289
03/03/2022,ESN,MD,AEA,EN,Federal Contract Tower,0,10,7,0,17,0,2,49,0,51,0,12,56,0,68,112,2,114,182
03/04/2022,ESN,MD,AEA,EN,Federal Contract Tower,0,6,16,0,22,0,5,87,5,97,0,11,103,5,119,182,14,196,315
03/05/2022,ESN,MD,AEA,EN,Federal Contract Tower,0,0,10,0,10,0,0,65,0,65,0,0,75,0,75,146,4,150,225
03/06/2022,ESN,MD,AEA,EN,Federal Contract Tower,0,5,9,0,14,0,3,1,0,4,0,8,10,0,18,0,0,0,18
03/07/2022,ESN,MD,AEA,EN,Federal Contract Tower,0,5,5,0,10,0,0,2,0,2,0,5,7,0,12,0,0,0,12
03/08/2022,ESN,MD,AEA,EN,Federal Contract Tower,0,1,11,0,12,0,1,31,4,36,0,2,42,4,48,76,0,76,124
03/09/2022,ESN,MD,AEA,EN,Federal Contract Tower,0,1,6,0,7,0,0,0,0,0,0,1,6,0,7,0,0,0,7
03/10/2022,ESN,MD,AEA,EN,Federal Contract Tower,0,9,25,0,34,0,14,58,2,74,0,23,83,2,108,176,2,178,286
03/11/2022,ESN,MD,AEA,EN,Federal Contract Tower,0,7,21,0,28,0,4,89,2,95,0,11,110,2,123,232,0,232,355
03/12/2022,ESN,MD,AEA,EN,Federal Contract Tower,0,2,0,0,2,0,0,0,0,0,0,2,0,0,2,0,0,0,2
03/13/2022,ESN,MD,AEA,EN,Federal Contract Tower,0,5,8,0,13,0,2,26,0,28,0,7,34,0,41,114,0,114,155
03/14/2022,ESN,MD,AEA,EN,Federal Contract Tower,0,7,8,0,15,0,8,63,0,71,0,15,71,0,86,98,50,148,234
03/15/2022,ESN,MD,AEA,EN,Federal Contract Tower,0,6,10,2,18,0,3,46,8,57,0,9,56,10,75,96,20,116,191
03/16/2022,ESN,MD,AEA,EN,Federal Contract Tower,0,4,16,0,20,0,6,96,5,107,0,10,112,5,127,200,16,216,343
03/17/2022,ESN,MD,AEA,EN,Federal Contract Tower,0,8,9,0,17,0,0,0,0,0,0,8,9,0,17,0,0,0,17
03/18/2022,ESN,MD,AEA,EN,Federal Contract Tower,0,4,21,0,25,0,15,72,2,89,0,19,93,2,114,160,20,180,294
03/19/2022,ESN,MD,AEA,EN,Federal Contract Tower,0,3,6,0,9,0,1,37,0,38,0,4,43,0,47,88,0,88,135
03/20/2022,ESN,MD,AEA,EN,Federal Contract Tower,0,2,6,0,8,0,2,26,0,28,0,4,32,0,36,10,0,10,46
03/21/2022,ESN,MD,AEA,EN,Federal Contract Tower,0,6,14,0,20,0,3,62,1,66,0,9,76,1,86,118,0,118,204
03/22/2022,ESN,MD,AEA,EN,Federal Contract Tower,0,1,12,0,13,0,15,87,0,102,0,16,99,0,115,136,24,160,275
03/23/2022,ESN,MD,AEA,EN,Federal Contract Tower,0,2,2,0,4,0,2,8,0,10,0,4,10,0,14,2,2,4,18
03/24/2022,ESN,MD,AEA,EN,Federal Contract Tower,0,2,4,0,6,0,0,0,0,0,0,2,4,0,6,0,0,0,6
03/25/2022,ESN,MD,AEA,EN,Federal Contract Tower,0,5,10,0,15,0,3,68,0,71,0,8,78,0,86,184,20,204,290
03/26/2022,ESN,MD,AEA,EN,Federal Contract Tower,0,7,1,0,8,0,0,10,0,10,0,7,11,0,18,14,0,14,32
03/27/2022,ESN,MD,AEA,EN,Federal Contract Tower,0,4,3,0,7,0,0,17,0,17,0,4,20,0,24,28,0,28,52
03/28/2022,ESN,MD,AEA,EN,Federal Contract Tower,0,5,8,0,13,0,0,15,0,15,0,5,23,0,28,4,0,4,32
03/29/2022,ESN,MD,AEA,EN,Federal Contract Tower,0,1,11,0,12,0,1,34,3,38,0,2,45,3,50,50,18,68,118
03/30/2022,ESN,MD,AEA,EN,Federal Contract Tower,0,1,9,0,10,0,2,38,8,48,0,3,47,8,58,76,12,88,146
03/31/2022,ESN,MD,AEA,EN,Federal Contract Tower,0,10,5,0,15,0,0,4,2,6,0,10,9,2,21,0,0,0,21
04/01/2022,ESN,MD,AEA,EN,Federal Contract Tower,0,8,15,2,25,0,3,28,9,40,0,11,43,11,65,20,0,20,85
04/02/2022,ESN,MD,AEA,EN,Federal Contract Tower,0,7,15,0,22,0,5,117,0,122,0,12,132,0,144,210,0,210,354
04/03/2022,ESN,MD,AEA,EN,Federal Contract Tower,0,9,15,0,24,0,0,27,0,27,0,9,42,0,51,52,0,52,103
04/04/2022,ESN,MD,AEA,EN,Federal Contract Tower,0,6,12,0,18,0,7,73,0,80,0,13,85,0,98,194,10,204,302
04/05/2022,ESN,MD,AEA,EN,Federal Contract Tower,0,9,12,0,21,0,3,6,0,9,0,12,18,0,30,26,4,30,60
04/06/2022,ESN,MD,AEA,EN,Federal Contract Tower,0,5,16,5,26,0,1,3,0,4,0,6,19,5,30,0,8,8,38
04/07/2022,ESN,MD,AEA,EN,Federal Contract Tower,0,2,7,0,9,0,0,0,0,0,0,2,7,0,9,0,0,0,9
04/08/2022,ESN,MD,AEA,EN,Federal Contract Tower,0,2,16,0,18,0,10,70,2,82,0,12,86,2,100,138,0,138,238
04/09/2022,ESN,MD,AEA,EN,Federal Contract Tower,0,4,17,0,21,0,0,61,0,61,0,4,78,0,82,100,2,102,184
04/10/2022,ESN,MD,AEA,EN,Federal Contract Tower,0,4,14,0,18,0,0,36,2,38,0,4,50,2,56,12,0,12,68
04/11/2022,ESN,MD,AEA,EN,Federal Contract Tower,0,7,13,0,20,0,11,85,3,99,0,18,98,3,119,196,0,196,315
04/12/2022,ESN,MD,AEA,EN,Federal Contract Tower,0,3,9,2,14,0,26,73,0,99,0,29,82,2,113,218,4,222,335
04/13/2022,ESN,MD,AEA,EN,Federal Contract Tower,0,2,20,2,24,0,8,51,3,62,0,10,71,5,86,88,2,90,176
04/14/2022,ESN,MD,AEA,EN,Federal Contract Tower,0,7,10,0,17,0,23,7,4,34,0,30,17,4,51,22,34,56,107
04/15/2022,ESN,MD,AEA,EN,Federal Contract Tower,0,3,15,0,18,0,6,95,0,101,0,9,110,0,119,186,2,188,307
04/16/2022,ESN,MD,AEA,EN,Federal Contract Tower,0,3,10,0,13,0,0,36,0,36,0,3,46,0,49,56,0,56,105
04/17/2022,ESN,MD,AEA,EN,Federal Contract Tower,0,3,12,0,15,0,2,40,0,42,0,5,52,0,57,48,0,48,105
04/18/2022,ESN,MD,AEA,EN,Federal Contract Tower,0,8,14,0,22,0,1,9,0,10,0,9,23,0,32,8,0,8,40
04/19/2022,ESN,MD,AEA,EN,Federal Contract Tower,0,0,24,1,25,0,5,12,3,20,0,5,36,4,45,8,64,72,117
04/20/2022,ESN,MD,AEA,EN,Federal Contract Tower,0,4,14,0,18,0,15,89,10,114,0,19,103,10,132,118,74,192,324
04/21/2022,ESN,MD,AEA,EN,Federal Contract Tower,0,7,17,0,24,0,3,46,0,49,0,10,63,0,73,94,2,96,169
04/22/2022,ESN,MD,AEA,EN,Federal Contract Tower,0,2,18,0,20,0,0,65,0,65,0,2,83,0,85,168,6,174,259
04/23/2022,ESN,MD,AEA,EN,Federal Contract Tower,0,1,8,0,9,0,0,76,0,76,0,1,84,0,85,184,0,184,269
04/24/2022,ESN,MD,AEA,EN,Federal Contract Tower,0,1,14,0,15,0,0,88,0,88,0,1,102,0,103,160,0,160,263
04/25/2022,ESN,MD,AEA,EN,Federal Contract Tower,0,6,22,0,28,0,1,18,0,19,0,7,40,0,47,38,0,38,85
04/26/2022,ESN,MD,AEA,EN,Federal Contract Tower,0,7,29,0,36,0,8,0,0,8,0,15,29,0,44,0,0,0,44
04/27/2022,ESN,MD,AEA,EN,Federal Contract Tower,0,3,14,0,17,0,17,27,0,44,0,20,41,0,61,42,30,72,133
04/28/2022,ESN,MD,AEA,EN,Federal Contract Tower,0,5,7,0,12,0,7,13,6,26,0,12,20,6,38,24,20,44,82
04/29/2022,ESN,MD,AEA,EN,Federal Contract Tower,0,6,22,0,28,0,5,72,0,77,0,11,94,0,105,120,2,122,227
04/30/2022,ESN,MD,AEA,EN,Federal Contract Tower,0,6,10,0,16,0,0,106,0,106,0,6,116,0,122,166,0,166,288
05/01/2022,ESN,MD,AEA,EN,Federal Contract Tower,0,8,20,0,28,0,0,26,0,26,0,8,46,0,54,44,0,44,98
05/02/2022,ESN,MD,AEA,EN,Federal Contract Tower,0,1,14,0,15,0,4,35,1,40,0,5,49,1,55,106,0,106,161
05/03/2022,ESN,MD,AEA,EN,Federal Contract Tower,0,6,20,1,27,0,0,38,2,40,0,6,58,3,67,34,10,44,111
05/04/2022,ESN,MD,AEA,EN,Federal Contract Tower,0,5,11,1,17,0,6,4,0,10,0,11,15,1,27,8,0,8,35
05/05/2022,ESN,MD,AEA,EN,Federal Contract Tower,0,9,19,6,34,0,8,27,4,39,0,17,46,10,73,64,6,70,143
05/06/2022,ESN,MD,AEA,EN,Federal Contract Tower,0,9,11,0,20,0,0,3,0,3,0,9,14,0,23,0,0,0,23
05/07/2022,ESN,MD,AEA,EN,Federal Contract Tower,0,9,2,0,11,0,0,0,0,0,0,9,2,0,11,0,0,0,11
05/08/2022,ESN,MD,AEA,EN,Federal Contract Tower,0,3,8,0,11,0,0,4,0,4,0,3,12,0,15,0,0,0,15
05/09/2022,ESN,MD,AEA,EN,Federal Contract Tower,0,11,8,0,19,0,4,37,0,41,0,15,45,0,60,64,0,64,124
05/10/2022,ESN,MD,AEA,EN,Federal Contract Tower,0,8,2,0,10,0,0,39,8,47,0,8,41,8,57,72,8,80,137
05/11/2022,ESN,MD,AEA,EN,Federal Contract Tower,0,6,25,0,31,0,1,50,4,55,0,7,75,4,86,68,12,80,166
05/12/2022,ESN,MD,AEA,EN,Federal Contract Tower,0,6,38,0,44,0,6,2,0,8,0,12,40,0,52,0,0,0,52
05/13/2022,ESN,MD,AEA,EN,Federal Contract Tower,0,3,9,2,14,0,0,3,0,3,0,3,12,2,17,0,0,0,17
05/14/2022,ESN,MD,AEA,EN,Federal Contract Tower,0,9,9,0,18,0,0,0,0,0,0,9,9,0,18,0,0,0,18
05/15/2022,ESN,MD,AEA,EN,Federal Contract Tower,0,14,29,0,43,0,0,41,0,41,0,14,70,0,84,78,0,78,162
05/16/2022,ESN,MD,AEA,EN,Federal Contract Tower,0,4,12,0,16,0,2,12,0,14,0,6,24,0,30,24,0,24,54
05/17/2022,ESN,MD,AEA,EN,Federal Contract Tower,0,4,10,1,15,0,4,73,3,80,0,8,83,4,95,154,0,154,249
05/18/2022,ESN,MD,AEA,EN,Federal Contract Tower,0,6,9,0,15,0,1,88,0,89,0,7,97,0,104,198,0,198,302
05/19/2022,ESN,MD,AEA,EN,Federal Contract Tower,0,7,20,0,27,0,0,62,15,77,0,7,82,15,104,220,50,270,374
05/20/2022,ESN,MD,AEA,EN,Federal Contract Tower,0,13,9,1,23,0,0,43,4,47,0,13,52,5,70,88,8,96,166
05/21/2022,ESN,MD,AEA,EN,Federal Contract Tower,0,12,14,0,26,0,13,74,0,87,0,25,88,0,113,106,0,106,219
05/22/2022,ESN,MD,AEA,EN,Federal Contract Tower,0,6,10,0,16,0,2,31,0,33,0,8,41,0,49,42,0,42,91
05/23/2022,ESN,MD,AEA,EN,Federal Contract Tower,0,5,16,0,21,0,1,61,1,63,0,6,77,1,84,172,18,190,274
05/24/2022,ESN,MD,AEA,EN,Federal Contract Tower,0,5,12,0,17,0,0,12,2,14,0,5,24,2,31,16,0,16,47
05/25/2022,ESN,MD,AEA,EN,Federal Contract Tower,0,3,19,0,22,0,5,37,4,46,0,8,56,4,68,68,0,68,136
05/26/2022,ESN,MD,AEA,EN,Federal Contract Tower,0,16,25,0,41,0,0,4,0,4,0,16,29,0,45,2,0,2,47
05/27/2022,ESN,MD,AEA,EN,Federal Contract Tower,0,5,4,0,9,0,2,0,0,2,0,7,4,0,11,0,0,0,11
05/28/2022,ESN,MD,AEA,EN,Federal Contract Tower,0,4,14,0,18,0,2,57,0,59,0,6,71,0,77,90,0,90,167
05/29/2022,ESN,MD,AEA,EN,Federal Contract Tower,0,5,11,0,16,0,8,84,6,98,0,13,95,6,114,110,0,110,224
05/30/2022,ESN,MD,AEA,EN,Federal Contract Tower,0,5,3,0,8,0,7,48,0,55,0,12,51,0,63,142,0,142,205
05/31/2022,ESN,MD,AEA,EN,Federal Contract Tower,0,9,16,0,25,0,7,69,1,77,0,16,85,1,102,182,0,182,284
06/01/2022,ESN,MD,AEA,EN,Federal Contract Tower,0,3,13,0,16,0,15,57,4,76,0,18,70,4,92,102,32,134,226
06/02/2022,ESN,MD,AEA,EN,Federal Contract Tower,0,9,14,2,25,0,2,9,3,14,0,11,23,5,39,8,0,8,47
06/03/2022,ESN,MD,AEA,EN,Federal Contract Tower,0,10,13,0,23,0,6,54,0,60,0,16,67,0,83,106,8,114,197
06/04/2022,ESN,MD,AEA,EN,Federal Contract Tower,0,5,11,0,16,0,5,72,0,77,0,10,83,0,93,126,0,126,219
06/05/2022,ESN,MD,AEA,EN,Federal Contract Tower,0,14,19,0,33,0,8,61,0,69,0,22,80,0,102,102,0,102,204
06/06/2022,ESN,MD,AEA,EN,Federal Contract Tower,0,8,18,0,26,0,1,76,76,153,0,9,94,76,179,64,72,136,315
06/07/2022,ESN,MD,AEA,EN,Federal Contract Tower,0,3,18,0,21,0,5,44,65,114,0,8,62,65,135,58,76,134,269
06/08/2022,ESN,MD,AEA,EN,Federal Contract Tower,0,10,28,0,38,0,12,53,91,156,0,22,81,91,194,70,196,266,460
06/09/2022,ESN,MD,AEA,EN,Federal Contract Tower,0,5,19,0,24,0,30,31,47,108,0,35,50,47,132,36,82,118,250
06/10/2022,ESN,MD,AEA,EN,Federal Contract Tower,0,8,21,0,29,0,4,58,51,113,0,12,79,51,142,62,106,168,310
06/11/2022,ESN,MD,AEA,EN,Federal Contract Tower,0,5,15,0,20,0,4,40,58,102,0,9,55,58,122,24,150,174,296
06/12/2022,ESN,MD,AEA,EN,Federal Contract Tower,0,4,8,0,12,0,6,10,0,16,0,10,18,0,28,30,0,30,58
06/13/2022,ESN,MD,AEA,EN,Federal Contract Tower,0,8,14,0,22,0,11,53,73,137,0,19,67,73,159,120,236,356,515
06/14/2022,ESN,MD,AEA,EN,Federal Contract Tower,0,2,12,0,14,0,0,4,21,25,0,2,16,21,39,14,108,122,161
06/15/2022,ESN,MD,AEA,EN,Federal Contract Tower,0,10,12,2,24,0,3,49,70,122,0,13,61,72,146,46,248,294,440
06/16/2022,ESN,MD,AEA,EN,Federal Contract Tower,0,7,7,0,14,0,2,9,50,61,0,9,16,50,75,28,192,220,295
06/17/2022,ESN,MD,AEA,EN,Federal Contract Tower,0,5,12,0,17,0,0,39,51,90,0,5,51,51,107,60,200,260,367
06/18/2022,ESN,MD,AEA,EN,Federal Contract Tower,0,6,13,0,19,0,4,26,0,30,0,10,39,0,49,28,0,28,77
06/19/2022,ESN,MD,AEA,EN,Federal Contract Tower,0,5,5,0,10,0,4,24,0,28,0,9,29,0,38,18,0,18,56
06/20/2022,ESN,MD,AEA,EN,Federal Contract Tower,0,5,6,0,11,0,5,75,80,160,0,10,81,80,171,102,216,318,489
06/21/2022,ESN,MD,AEA,EN,Federal Contract Tower,0,11,3,0,14,0,7,40,51,98,0,18,43,51,112,78,156,234,346
06/22/2022,ESN,MD,AEA,EN,Federal Contract Tower,0,5,11,0,16,0,4,38,20,62,0,9,49,20,78,72,74,146,224
06/23/2022,ESN,MD,AEA,EN,Federal Contract Tower,0,11,15,0,26,0,10,1,2,13,0,21,16,2,39,10,18,28,67
06/24/2022,ESN,MD,AEA,EN,Federal Contract Tower,0,12,20,0,32,0,15,84,0,99,0,27,104,0,131,156,0,156,287
06/25/2022,ESN,MD,AEA,EN,Federal Contract Tower,0,5,6,0,11,0,6,90,0,96,0,11,96,0,107,104,0,104,211
06/26/2022,ESN,MD,AEA,EN,Federal Contract Tower,0,12,16,0,28,0,3,48,0,51,0,15,64,0,79,112,0,112,191
06/27/2022,ESN,MD,AEA,EN,Federal Contract Tower,0,4,19,0,23,0,0,13,0,13,0,4,32,0,36,42,0,42,78
06/28/2022,ESN,MD,AEA,EN,Federal Contract Tower,0,10,18,0,28,0,7,66,17,90,0,17,84,17,118,122,86,208,326
06/29/2022,ESN,MD,AEA,EN,Federal Contract Tower,0,3,10,0,13,0,4,80,15,99,0,7,90,15,112,110,28,138,250
06/30/2022,ESN,MD,AEA,EN,Federal Contract Tower,0,7,12,0,19,0,4,59,0,63,0,11,71,0,82,140,0,140,222
07/01/2022,ESN,MD,AEA,EN,Federal Contract Tower,0,10,12,0,22,0,4,54,4,62,0,14,66,4,84,72,0,72,156
07/02/2022,ESN,MD,AEA,EN,Federal Contract Tower,0,0,7,0,7,0,2,31,27,60,0,2,38,27,67,42,60,102,169
07/03/2022,ESN,MD,AEA,EN,Federal Contract Tower,0,2,7,0,9,0,9,29,0,38,0,11,36,0,47,40,0,40,87
07/04/2022,ESN,MD,AEA,EN,Federal Contract Tower,0,5,7,0,12,0,3,52,0,55,0,8,59,0,67,48,0,48,115
07/05/2022,ESN,MD,AEA,EN,Federal Contract Tower,0,7,13,0,20,0,2,13,33,48,0,9,26,33,68,32,100,132,200
07/06/2022,ESN,MD,AEA,EN,Federal Contract Tower,0,6,18,0,24,0,0,71,49,120,0,6,89,49,144,86,134,220,364
07/07/2022,ESN,MD,AEA,EN,Federal Contract Tower,0,12,45,0,57,0,1,4,0,5,0,13,49,0,62,6,8,14,76
07/08/2022,ESN,MD,AEA,EN,Federal Contract Tower,0,6,28,0,34,0,0,44,55,99,0,6,72,55,133,64,114,178,311
07/09/2022,ESN,MD,AEA,EN,Federal Contract Tower,0,4,8,0,12,0,0,0,0,0,0,4,8,0,12,0,0,0,12
07/10/2022,ESN,MD,AEA,EN,Federal Contract Tower,0,6,19,0,25,0,5,68,0,73,0,11,87,0,98,150,0,150,248
07/11/2022,ESN,MD,AEA,EN,Federal Contract Tower,0,5,10,0,15,0,6,74,47,127,0,11,84,47,142,130,114,244,386
07/12/2022,ESN,MD,AEA,EN,Federal Contract Tower,0,6,21,1,28,0,9,24,43,76,0,15,45,44,104,50,192,242,346
07/13/2022,ESN,MD,AEA,EN,Federal Contract Tower,0,7,9,0,16,0,10,45,47,102,0,17,54,47,118,68,176,244,362
07/14/2022,ESN,MD,AEA,EN,Federal Contract Tower,0,2,20,0,22,0,9,60,41,110,0,11,80,41,132,54,186,240,372
07/15/2022,ESN,MD,AEA,EN,Federal Contract Tower,0,2,12,0,14,0,3,37,50,90,0,5,49,50,104,56,186,242,346
07/16/2022,ESN,MD,AEA,EN,Federal Contract Tower,0,0,20,0,20,0,2,35,37,74,0,2,55,37,94,58,72,130,224
07/17/2022,ESN,MD,AEA,EN,Federal Contract Tower,0,3,9,0,12,0,11,35,0,46,0,14,44,0,58,66,0,66,124
07/18/2022,ESN,MD,AEA,EN,Federal Contract Tower,0,6,9,0,15,0,10,29,32,71,0,16,38,32,86,20,66,86,172
07/19/2022,ESN,MD,AEA,EN,Federal Contract Tower,0,2,14,0,16,0,0,58,27,85,0,2,72,27,101,116,98,214,315
07/20/2022,ESN,MD,AEA,EN,Federal Contract Tower,0,9,2,0,11,0,4,66,0,70,0,13,68,0,81,60,32,92,173
07/21/2022,ESN,MD,AEA,EN,Federal Contract Tower,0,4,16,0,20,0,4,36,0,40,0,8,52,0,60,50,0,50,110
07/22/2022,ESN,MD,AEA,EN,Federal Contract Tower,0,9,16,0,25,0,4,50,0,54,0,13,66,0,79,104,0,104,183
07/23/2022,ESN,MD,AEA,EN,Federal Contract Tower,0,4,13,0,17,0,1,31,2,34,0,5,44,2,51,106,0,106,157
07/24/2022,ESN,MD,AEA,EN,Federal Contract Tower,0,3,14,0,17,0,2,37,0,39,0,5,51,0,56,72,0,72,128
07/25/2022,ESN,MD,AEA,EN,Federal Contract Tower,0,5,9,0,14,0,1,21,0,22,0,6,30,0,36,4,0,4,40
07/26/2022,ESN,MD,AEA,EN,Federal Contract Tower,0,9,14,0,23,0,18,2,0,20,0,27,16,0,43,30,4,34,77
07/27/2022,ESN,MD,AEA,EN,Federal Contract Tower,0,7,20,0,27,0,2,25,4,31,0,9,45,4,58,30,12,42,100
07/28/2022,ESN,MD,AEA,EN,Federal Contract Tower,0,10,17,0,27,0,8,38,5,51,0,18,55,5,78,32,22,54,132
07/29/2022,ESN,MD,AEA,EN,Federal Contract Tower,0,6,8,0,14,0,0,30,2,32,0,6,38,2,46,36,28,64,110
07/30/2022,ESN,MD,AEA,EN,Federal Contract Tower,0,11,10,0,21,0,9,54,43,106,0,20,64,43,127,80,44,124,251
07/31/2022,ESN,MD,AEA,EN,Federal Contract Tower,0,13,26,0,39,0,4,45,0,49,0,17,71,0,88,102,0,102,190
08/01/2022,ESN,MD,AEA,EN,Federal Contract Tower,0,7,13,0,20,0,5,25,24,54,0,12,38,24,74,32,52,84,158
08/02/2022,ESN,MD,AEA,EN,Federal Contract Tower,0,7,20,2,29,0,17,64,49,130,0,24,84,51,159,66,152,218,377
08/03/2022,ESN,MD,AEA,EN,Federal Contract Tower,0,4,10,0,14,0,5,44,31,80,0,9,54,31,94,48,56,104,198
08/04/2022,ESN,MD,AEA,EN,Federal Contract Tower,0,9,20,1,30,0,3,33,30,66,0,12,53,31,96,58,108,166,262
08/05/2022,ESN,MD,AEA,EN,Federal Contract Tower,0,7,31,0,38,0,0,12,34,46,0,7,43,34,84,24,134,158,242
08/06/2022,ESN,MD,AEA,EN,Federal Contract Tower,0,4,16,0,20,0,3,55,50,108,0,7,71,50,128,72,162,234,362
08/07/2022,ESN,MD,AEA,EN,Federal Contract Tower,0,7,18,0,25,0,4,67,0,71,0,11,85,0,96,128,0,128,224
08/08/2022,ESN,MD,AEA,EN,Federal Contract Tower,0,6,13,0,19,0,4,53,63,120,0,10,66,63,139,78,300,378,517
08/09/2022,ESN,MD,AEA,EN,Federal Contract Tower,0,4,15,0,19,0,8,39,48,95,0,12,54,48,114,120,206,326,440
08/10/2022,ESN,MD,AEA,EN,Federal Contract Tower,0,3,10,0,13,0,2,40,73,115,0,5,50,73,128,60,164,224,352
08/11/2022,ESN,MD,AEA,EN,Federal Contract Tower,0,9,23,0,32,0,6,77,30,113,0,15,100,30,145,44,90,134,279
08/12/2022,ESN,MD,AEA,EN,Federal Contract Tower,0,4,25,0,29,0,11,47,9,67,0,15,72,9,96,82,14,96,192
08/13/2022,ESN,MD,AEA,EN,Federal Contract Tower,0,6,13,0,19,0,3,80,0,83,0,9,93,0,102,90,0,90,192
08/14/2022,ESN,MD,AEA,EN,Federal Contract Tower,0,6,17,0,23,0,9,65,0,74,0,15,82,0,97,122,0,122,219
08/15/2022,ESN,MD,AEA,EN,Federal Contract Tower,0,14,12,0,26,0,3,48,0,51,0,17,60,0,77,80,0,80,157
08/16/2022,ESN,MD,AEA,EN,Federal Contract Tower,0,6,10,0,16,0,4,29,0,33,0,10,39,0,49,72,22,94,143
08/17/2022,ESN,MD,AEA,EN,Federal Contract Tower,0,4,17,0,21,0,3,42,8,53,0,7,59,8,74,50,2,52,126
08/18/2022,ESN,MD,AEA,EN,Federal Contract Tower,0,7,18,1,26,0,2,73,0,75,0,9,91,1,101,116,6,122,223
08/19/2022,ESN,MD,AEA,EN,Federal Contract Tower,0,10,21,4,35,0,27,64,2,93,0,37,85,6,128,88,2,90,218
08/20/2022,ESN,MD,AEA,EN,Federal Contract Tower,0,4,15,0,19,0,3,97,0,100,0,7,112,0,119,108,0,108,227
08/21/2022,ESN,MD,AEA,EN,Federal Contract Tower,0,10,31,0,41,0,2,19,0,21,0,12,50,0,62,30,0,30,92
08/22/2022,ESN,MD,AEA,EN,Federal Contract Tower,0,7,11,2,20,0,2,8,2,12,0,9,19,4,32,12,0,12,44
08/23/2022,ESN,MD,AEA,EN,Federal Contract Tower,0,0,18,0,18,0,5,36,0,41,0,5,54,0,59,106,18,124,183
08/24/2022,ESN,MD,AEA,EN,Federal Contract Tower,0,7,15,2,24,0,4,53,2,59,0,11,68,4,83,48,18,66,149
08/25/2022,ESN,MD,AEA,EN,Federal Contract Tower,0,8,5,0,13,0,6,40,9,55,0,14,45,9,68,72,32,104,172
08/26/2022,ESN,MD,AEA,EN,Federal Contract Tower,0,4,14,0,18,0,2,23,0,25,0,6,37,0,43,86,0,86,129
08/27/2022,ESN,MD,AEA,EN,Federal Contract Tower,0,4,12,0,16,0,20,50,0,70,0,24,62,0,86,62,0,62,148
08/28/2022,ESN,MD,AEA,EN,Federal Contract Tower,0,3,26,0,29,0,14,14,0,28,0,17,40,0,57,16,0,16,73
08/29/2022,ESN,MD,AEA,EN,Federal Contract Tower,0,8,7,5,20,0,1,20,0,21,0,9,27,5,41,78,0,78,119
08/30/2022,ESN,MD,AEA,EN,Federal Contract Tower,0,9,4,0,13,0,6,27,0,33,0,15,31,0,46,56,0,56,102
08/31/2022,ESN,MD,AEA,EN,Federal Contract Tower,0,9,9,0,18,0,3,48,0,51,0,12,57,0,69,70,2,72,141
09/01/2022,ESN,MD,AEA,EN,Federal Contract Tower,0,15,20,0,35,0,15,70,0,85,0,30,90,0,120,54,0,54,174
09/02/2022,ESN,MD,AEA,EN,Federal Contract Tower,0,11,15,0,26,0,1,74,0,75,0,12,89,0,101,136,0,136,237
09/03/2022,ESN,MD,AEA,EN,Federal Contract Tower,0,7,18,0,25,0,12,141,0,153,0,19,159,0,178,96,0,96,274
09/04/2022,ESN,MD,AEA,EN,Federal Contract Tower,0,3,18,0,21,0,0,53,0,53,0,3,71,0,74,88,0,88,162
09/05/2022,ESN,MD,AEA,EN,Federal Contract Tower,0,8,14,0,22,0,6,64,0,70,0,14,78,0,92,48,0,48,140
09/06/2022,ESN,MD,AEA,EN,Federal Contract Tower,0,6,12,0,18,0,0,0,0,0,0,6,12,0,18,0,18,18,36
09/07/2022,ESN,MD,AEA,EN,Federal Contract Tower,0,3,16,8,27,0,0,3,3,6,0,3,19,11,33,0,10,10,43
09/08/2022,ESN,MD,AEA,EN,Federal Contract Tower,0,4,14,0,18,0,5,45,0,50,0,9,59,0,68,70,0,70,138
09/09/2022,ESN,MD,AEA,EN,Federal Contract Tower,0,8,9,0,17,0,1,57,0,58,0,9,66,0,75,174,4,178,253
09/10/2022,ESN,MD,AEA,EN,Federal Contract Tower,0,1,18,0,19,0,4,89,0,93,0,5,107,0,112,140,0,140,252
09/11/2022,ESN,MD,AEA,EN,Federal Contract Tower,0,8,26,2,36,0,0,0,2,2,0,8,26,4,38,0,0,0,38
09/12/2022,ESN,MD,AEA,EN,Federal Contract Tower,0,11,7,0,18,0,14,5,0,19,0,25,12,0,37,12,0,12,49
09/13/2022,ESN,MD,AEA,EN,Federal Contract Tower,0,2,15,0,17,0,0,54,0,54,0,2,69,0,71,96,0,96,167
09/14/2022,ESN,MD,AEA,EN,Federal Contract Tower,0,6,21,0,27,0,8,76,14,98,0,14,97,14,125,116,12,128,253
09/15/2022,ESN,MD,AEA,EN,Federal Contract Tower,0,12,18,0,30,0,11,64,0,75,0,23,82,0,105,74,0,74,179
09/16/2022,ESN,MD,AEA,EN,Federal Contract Tower,0,10,12,0,22,0,3,67,2,72,0,13,79,2,94,172,0,172,266
09/17/2022,ESN,MD,AEA,EN,Federal Contract Tower,0,6,11,0,17,0,7,73,0,80,0,13,84,0,97,70,0,70,167
09/18/2022,ESN,MD,AEA,EN,Federal Contract Tower,0,15,14,0,29,0,3,67,0,70,0,18,81,0,99,120,2,122,221
09/19/2022,ESN,MD,AEA,EN,Federal Contract Tower,0,5,14,0,19,0,6,69,0,75,0,11,83,0,94,62,0,62,156
09/20/2022,ESN,MD,AEA,EN,Federal Contract Tower,0,11,10,0,21,0,0,40,0,40,0,11,50,0,61,82,14,96,157
09/21/2022,ESN,MD,AEA,EN,Federal Contract Tower,0,3,12,2,17,0,3,42,0,45,0,6,54,2,62,68,0,68,130
09/22/2022,ESN,MD,AEA,EN,Federal Contract Tower,0,5,19,8,32,0,8,9,2,19,0,13,28,10,51,10,18,28,79
09/23/2022,ESN,MD,AEA,EN,Federal Contract Tower,0,9,17,0,26,0,1,35,0,36,0,10,52,0,62,90,2,92,154
09/24/2022,ESN,MD,AEA,EN,Federal Contract Tower,0,4,10,0,14,0,9,71,0,80,0,13,81,0,94,126,0,126,220
09/25/2022,ESN,MD,AEA,EN,Federal Contract Tower,0,9,19,0,28,0,0,57,0,57,0,9,76,0,85,28,0,28,113
09/26/2022,ESN,MD,AEA,EN,Federal Contract Tower,0,8,12,0,20,0,1,43,2,46,0,9,55,2,66,70,2,72,138
09/27/2022,ESN,MD,AEA,EN,Federal Contract Tower,0,9,9,0,18,0,6,61,2,69,0,15,70,2,87,62,0,62,149
09/28/2022,ESN,MD,AEA,EN,Federal Contract Tower,0,3,7,0,10,0,8,68,0,76,0,11,75,0,86,94,0,94,180
09/29/2022,ESN,MD,AEA,EN,Federal Contract Tower,0,9,17,0,26,0,8,37,2,47,0,17,54,2,73,62,2,64,137
09/30/2022,ESN,MD,AEA,EN,Federal Contract Tower,0,6,5,0,11,0,0,8,0,8,0,6,13,0,19,36,0,36,55
10/01/2022,ESN,MD,AEA,EN,Federal Contract Tower,0,7,11,0,18,0,0,0,0,0,0,7,11,0,18,0,0,0,18
10/02/2022,ESN,MD,AEA,EN,Federal Contract Tower,0,3,6,0,9,0,0,0,0,0,0,3,6,0,9,0,0,0,9
10/03/2022,ESN,MD,AEA,EN,Federal Contract Tower,0,5,8,4,17,0,0,1,0,1,0,5,9,4,18,0,0,0,18
10/04/2022,ESN,MD,AEA,EN,Federal Contract Tower,0,10,16,2,28,0,0,0,0,0,0,10,16,2,28,0,0,0,28
10/05/2022,ESN,MD,AEA,EN,Federal Contract Tower,0,23,16,2,41,0,0,1,0,1,0,23,17,2,42,0,0,0,42
10/06/2022,ESN,MD,AEA,EN,Federal Contract Tower,0,9,17,0,26,0,17,61,2,80,0,26,78,2,106,122,6,128,234
10/07/2022,ESN,MD,AEA,EN,Federal Contract Tower,0,5,17,0,22,0,5,211,14,230,0,10,228,14,252,188,12,200,452
10/08/2022,ESN,MD,AEA,EN,Federal Contract Tower,0,6,13,0,19,0,11,271,3,285,0,17,284,3,304,230,0,230,534
10/09/2022,ESN,MD,AEA,EN,Federal Contract Tower,0,12,28,0,40,0,14,105,0,119,0,26,133,0,159,156,0,156,315
10/10/2022,ESN,MD,AEA,EN,Federal Contract Tower,0,11,15,0,26,0,5,78,0,83,0,16,93,0,109,86,8,94,203
10/11/2022,ESN,MD,AEA,EN,Federal Contract Tower,0,6,11,1,18,0,3,31,2,36,0,9,42,3,54,50,40,90,144
10/12/2022,ESN,MD,AEA,EN,Federal Contract Tower,0,3,18,0,21,0,15,53,0,68,0,18,71,0,89,102,2,104,193
10/13/2022,ESN,MD,AEA,EN,Federal Contract Tower,0,8,8,6,22,0,4,1,18,23,0,12,9,24,45,0,18,18,63
10/14/2022,ESN,MD,AEA,EN,Federal Contract Tower,0,8,19,0,27,0,1,79,2,82,0,9,98,2,109,86,0,86,195
10/15/2022,ESN,MD,AEA,EN,Federal Contract Tower,0,8,12,0,20,0,6,72,0,78,0,14,84,0,98,102,0,102,200
10/16/2022,ESN,MD,AEA,EN,Federal Contract Tower,0,10,18,0,28,0,3,57,0,60,0,13,75,0,88,106,0,106,194
10/17/2022,ESN,MD,AEA,EN,Federal Contract Tower,0,3,16,0,19,0,25,7,0,32,0,28,23,0,51,18,0,18,69
10/18/2022,ESN,MD,AEA,EN,Federal Contract Tower,0,4,15,2,21,0,5,47,0,52,0,9,62,2,73,102,14,116,189
10/19/2022,ESN,MD,AEA,EN,Federal Contract Tower,0,4,18,0,22,0,11,32,17,60,0,15,50,17,82,52,18,70,152
10/20/2022,ESN,MD,AEA,EN,Federal Contract Tower,0,9,14,0,23,0,9,52,0,61,0,18,66,0,84,88,24,112,196
10/21/2022,ESN,MD,AEA,EN,Federal Contract Tower,0,15,21,0,36,0,1,53,0,54,0,16,74,0,90,86,0,86,176
10/22/2022,ESN,MD,AEA,EN,Federal Contract Tower,0,7,18,0,25,0,0,89,2,91,0,7,107,2,116,68,0,68,184
10/23/2022,ESN,MD,AEA,EN,Federal Contract Tower,0,17,22,0,39,0,2,3,0,5,0,19,25,0,44,6,0,6,50
10/24/2022,ESN,MD,AEA,EN,Federal Contract Tower,0,12,15,0,27,0,0,0,0,0,0,12,15,0,27,0,0,0,27
10/25/2022,ESN,MD,AEA,EN,Federal Contract Tower,0,4,10,0,14,0,0,0,0,0,0,4,10,0,14,0,0,0,14
10/26/2022,ESN,MD,AEA,EN,Federal Contract Tower,0,4,25,0,29,0,0,9,0,9,0,4,34,0,38,12,0,12,50
10/27/2022,ESN,MD,AEA,EN,Federal Contract Tower,0,8,29,0,37,0,8,67,3,78,0,16,96,3,115,112,40,152,267
10/28/2022,ESN,MD,AEA,EN,Federal Contract Tower,0,4,20,0,24,0,2,42,0,44,0,6,62,0,68,54,6,60,128
10/29/2022,ESN,MD,AEA,EN,Federal Contract Tower,0,8,13,0,21,0,5,79,0,84,0,13,92,0,105,118,0,118,223
10/30/2022,ESN,MD,AEA,EN,Federal Contract Tower,0,10,17,0,27,0,2,34,0,36,0,12,51,0,63,90,0,90,153
10/31/2022,ESN,MD,AEA,EN,Federal Contract Tower,0,4,18,0,22,0,0,14,0,14,0,4,32,0,36,42,12,54,90
11/01/2022,ESN,MD,AEA,EN,Federal Contract Tower,0,2,10,0,12,0,4,34,0,38,0,6,44,0,50,62,10,72,122
11/02/2022,ESN,MD,AEA,EN,Federal Contract Tower,0,5,16,0,21,0,4,66,2,72,0,9,82,2,93,158,2,160,253
11/03/2022,ESN,MD,AEA,EN,Federal Contract Tower,0,8,18,0,26,0,2,59,0,61,0,10,77,0,87,96,0,96,183
11/04/2022,ESN,MD,AEA,EN,Federal Contract Tower,0,9,8,0,17,0,8,26,0,34,0,17,34,0,51,52,4,56,107
11/05/2022,ESN,MD,AEA,EN,Federal Contract Tower,0,7,21,0,28,0,2,63,0,65,0,9,84,0,93,192,0,192,285
11/06/2022,ESN,MD,AEA,EN,Federal Contract Tower,0,15,13,0,28,0,0,55,0,55,0,15,68,0,83,172,0,172,255
11/07/2022,ESN,MD,AEA,EN,Federal Contract Tower,0,1,11,0,12,0,1,53,0,54,0,2,64,0,66,120,0,120,186
11/08/2022,ESN,MD,AEA,EN,Federal Contract Tower,0,13,13,2,28,0,2,26,4,32,0,15,39,6,60,42,30,72,132
11/09/2022,ESN,MD,AEA,EN,Federal Contract Tower,0,3,12,0,15,0,4,39,3,46,0,7,51,3,61,76,0,76,137
11/10/2022,ESN,MD,AEA,EN,Federal Contract Tower,0,6,5,0,11,0,3,50,0,53,0,9,55,0,64,130,0,130,194
11/11/2022,ESN,MD,AEA,EN,Federal Contract Tower,0,5,2,0,7,0,0,0,0,0,0,5,2,0,7,0,0,0,7
11/12/2022,ESN,MD,AEA,EN,Federal Contract Tower,0,9,3,0,12,0,0,32,0,32,0,9,35,0,44,52,0,52,96
11/13/2022,ESN,MD,AEA,EN,Federal Contract Tower,0,15,11,0,26,0,6,16,0,22,0,21,27,0,48,2,0,2,50
11/14/2022,ESN,MD,AEA,EN,Federal Contract Tower,0,7,10,0,17,0,6,50,0,56,0,13,60,0,73,158,0,158,231
11/15/2022,ESN,MD,AEA,EN,Federal Contract Tower,0,1,7,0,8,0,2,17,0,19,0,3,24,0,27,124,0,124,151
11/16/2022,ESN,MD,AEA,EN,Federal Contract Tower,0,5,9,0,14,0,1,13,0,14,0,6,22,0,28,50,0,50,78
11/17/2022,ESN,MD,AEA,EN,Federal Contract Tower,0,5,22,0,27,0,2,23,1,26,0,7,45,1,53,24,0,24,77
11/18/2022,ESN,MD,AEA,EN,Federal Contract Tower,0,9,21,0,30,0,2,30,0,32,0,11,51,0,62,82,6,88,150
11/19/2022,ESN,MD,AEA,EN,Federal Contract Tower,0,10,14,0,24,0,13,64,0,77,0,23,78,0,101,140,0,140,241
11/20/2022,ESN,MD,AEA,EN,Federal Contract Tower,0,8,12,0,20,0,0,7,0,7,0,8,19,0,27,4,0,4,31
11/21/2022,ESN,MD,AEA,EN,Federal Contract Tower,0,5,12,0,17,0,3,38,0,41,0,8,50,0,58,104,52,156,214
11/22/2022,ESN,MD,AEA,EN,Federal Contract Tower,0,5,16,0,21,0,8,63,2,73,0,13,79,2,94,136,12,148,242
11/23/2022,ESN,MD,AEA,EN,Federal Contract Tower,0,12,17,0,29,0,1,50,0,51,0,13,67,0,80,54,0,54,134
11/24/2022,ESN,MD,AEA,EN,Federal Contract Tower,0,5,4,0,9,0,0,25,0,25,0,5,29,0,34,38,0,38,72
11/25/2022,ESN,MD,AEA,EN,Federal Contract Tower,0,4,5,0,9,0,1,11,0,12,0,5,16,0,21,26,0,26,47
11/26/2022,ESN,MD,AEA,EN,Federal Contract Tower,0,13,22,0,35,0,4,62,0,66,0,17,84,0,101,112,0,112,213
11/27/2022,ESN,MD,AEA,EN,Federal Contract Tower,0,9,8,0,17,0,2,4,0,6,0,11,12,0,23,0,0,0,23
11/28/2022,ESN,MD,AEA,EN,Federal Contract Tower,0,10,7,0,17,0,5,29,0,34,0,15,36,0,51,66,16,82,133
11/29/2022,ESN,MD,AEA,EN,Federal Contract Tower,0,4,14,0,18,0,3,46,0,49,0,7,60,0,67,86,0,86,153
11/30/2022,ESN,MD,AEA,EN,Federal Contract Tower,0,2,8,0,10,0,8,0,0,8,0,10,8,0,18,0,0,0,18
12/01/2022,ESN,MD,AEA,EN,Federal Contract Tower,0,3,10,0,13,0,4,32,6,42,0,7,42,6,55,22,26,48,103
12/02/2022,ESN,MD,AEA,EN,Federal Contract Tower,0,4,20,1,25,0,4,53,1,58,0,8,73,2,83,78,26,104,187
12/03/2022,ESN,MD,AEA,EN,Federal Contract Tower,0,2,3,0,5,0,0,1,0,1,0,2,4,0,6,0,0,0,6
12/04/2022,ESN,MD,AEA,EN,Federal Contract Tower,0,3,8,0,11,0,6,90,0,96,0,9,98,0,107,138,0,138,245
12/05/2022,ESN,MD,AEA,EN,Federal Contract Tower,0,2,12,0,14,0,1,48,0,49,0,3,60,0,63,78,0,78,141
12/06/2022,ESN,MD,AEA,EN,Federal Contract Tower,0,5,7,0,12,0,0,0,0,0,0,5,7,0,12,0,0,0,12
12/07/2022,ESN,MD,AEA,EN,Federal Contract Tower,0,6,4,0,10,0,0,0,0,0,0,6,4,0,10,0,0,0,10
12/08/2022,ESN,MD,AEA,EN,Federal Contract Tower,0,7,16,0,23,0,3,34,0,37,0,10,50,0,60,100,4,104,164
12/09/2022,ESN,MD,AEA,EN,Federal Contract Tower,0,1,13,0,14,0,1,44,0,45,0,2,57,0,59,78,0,78,137
12/10/2022,ESN,MD,AEA,EN,Federal Contract Tower,0,4,1,0,5,0,6,45,0,51,0,10,46,0,56,74,0,74,130
12/11/2022,ESN,MD,AEA,EN,Federal Contract Tower,0,6,6,0,12,0,0,0,0,0,0,6,6,0,12,0,0,0,12
12/12/2022,ESN,MD,AEA,EN,Federal Contract Tower,0,8,26,0,34,0,5,17,0,22,0,13,43,0,56,18,0,18,74
12/13/2022,ESN,MD,AEA,EN,Federal Contract Tower,0,4,16,2,22,0,3,27,0,30,0,7,43,2,52,104,0,104,156
12/14/2022,ESN,MD,AEA,EN,Federal Contract Tower,0,3,12,1,16,0,5,58,2,65,0,8,70,3,81,64,6,70,151
12/15/2022,ESN,MD,AEA,EN,Federal Contract Tower,0,1,2,0,3,0,0,0,0,0,0,1,2,0,3,0,0,0,3
12/16/2022,ESN,MD,AEA,EN,Federal Contract Tower,0,11,26,0,37,0,5,29,0,34,0,16,55,0,71,82,0,82,153
12/17/2022,ESN,MD,AEA,EN,Federal Contract Tower,0,1,14,0,15,0,1,49,0,50,0,2,63,0,65,40,0,40,105
12/18/2022,ESN,MD,AEA,EN,Federal Contract Tower,0,4,16,0,20,0,0,38,0,38,0,4,54,0,58,46,0,46,104
12/19/2022,ESN,MD,AEA,EN,Federal Contract Tower,0,2,6,0,8,0,4,23,0,27,0,6,29,0,35,60,20,80,115
12/20/2022,ESN,MD,AEA,EN,Federal Contract Tower,0,6,13,0,19,0,3,40,0,43,0,9,53,0,62,166,2,168,230
12/21/2022,ESN,MD,AEA,EN,Federal Contract Tower,0,10,18,0,28,0,0,50,0,50,0,10,68,0,78,128,0,128,206
12/22/2022,ESN,MD,AEA,EN,Federal Contract Tower,0,3,11,0,14,0,0,0,0,0,0,3,11,0,14,0,0,0,14
12/23/2022,ESN,MD,AEA,EN,Federal Contract Tower,0,3,8,0,11,0,0,0,0,0,0,3,8,0,11,0,0,0,11
12/24/2022,ESN,MD,AEA,EN,Federal Contract Tower,0,1,3,0,4,0,0,0,0,0,0,1,3,0,4,0,0,0,4
12/25/2022,ESN,MD,AEA,EN,Federal Contract Tower,0,2,1,0,3,0,1,4,0,5,0,3,5,0,8,12,0,12,20
12/26/2022,ESN,MD,AEA,EN,Federal Contract Tower,0,10,25,0,35,0,5,38,0,43,0,15,63,0,78,84,0,84,162
12/27/2022,ESN,MD,AEA,EN,Federal Contract Tower,0,8,22,0,30,0,2,40,0,42,0,10,62,0,72,120,0,120,192
12/28/2022,ESN,MD,AEA,EN,Federal Contract Tower,0,7,16,0,23,0,3,51,10,64,0,10,67,10,87,74,0,74,161
12/29/2022,ESN,MD,AEA,EN,Federal Contract Tower,0,4,18,0,22,0,4,83,0,87,0,8,101,0,109,174,0,174,283
12/30/2022,ESN,MD,AEA,EN,Federal Contract Tower,0,10,5,0,15,0,6,54,0,60,0,16,59,0,75,94,0,94,169
12/31/2022,ESN,MD,AEA,EN,Federal Contract Tower,0,5,4,0,9,0,0,0,0,0,0,5,4,0,9,0,0,0,9
01/01/2023,ESN,MD,AEA,EN,Federal Contract Tower,0,2,7,0,9,0,3,30,0,33,0,5,37,0,42,66,0,66,108
01/02/2023,ESN,MD,AEA,EN,Federal Contract Tower,0,3,15,0,18,0,8,90,0,98,0,11,105,0,116,140,0,140,256
01/03/2023,ESN,MD,AEA,EN,Federal Contract Tower,0,3,16,0,19,0,0,19,0,19,0,3,35,0,38,38,0,38,76
01/04/2023,ESN,MD,AEA,EN,Federal Contract Tower,0,8,5,0,13,0,3,3,0,6,0,11,8,0,19,0,0,0,19
01/05/2023,ESN,MD,AEA,EN,Federal Contract Tower,0,4,16,0,20,0,5,54,1,60,0,9,70,1,80,148,34,182,262
01/06/2023,ESN,MD,AEA,EN,Federal Contract Tower,0,8,17,1,26,0,3,52,10,65,0,11,69,11,91,98,80,178,269
01/07/2023,ESN,MD,AEA,EN,Federal Contract Tower,0,1,13,0,14,0,4,47,0,51,0,5,60,0,65,136,2,138,203
01/08/2023,ESN,MD,AEA,EN,Federal Contract Tower,0,2,8,0,10,0,1,56,0,57,0,3,64,0,67,116,0,116,183
01/10/2023,ESN,MD,AEA,EN,Federal Contract Tower,0,4,14,1,19,0,2,51,2,55,0,6,65,3,74,140,32,172,246
01/11/2023,ESN,MD,AEA,EN,Federal Contract Tower,0,1,13,0,14,0,8,35,0,43,0,9,48,0,57,84,14,98,155
01/12/2023,ESN,MD,AEA,EN,Federal Contract Tower,0,2,9,0,11,0,1,11,0,12,0,3,20,0,23,18,2,20,43
01/13/2023,ESN,MD,AEA,EN,Federal Contract Tower,0,8,15,0,23,0,1,15,0,16,0,9,30,0,39,30,8,38,77
01/14/2023,ESN,MD,AEA,EN,Federal Contract Tower,0,1,6,0,7,0,0,3,0,3,0,1,9,0,10,6,0,6,16
01/15/2023,ESN,MD,AEA,EN,Federal Contract Tower,0,2,8,0,10,0,2,32,0,34,0,4,40,0,44,32,0,32,76
01/16/2023,ESN,MD,AEA,EN,Federal Contract Tower,0,1,20,0,21,0,0,89,0,89,0,1,109,0,110,192,0,192,302
01/17/2023,ESN,MD,AEA,EN,Federal Contract Tower,0,3,14,0,17,0,0,4,0,4,0,3,18,0,21,8,2,10,31
01/18/2023,ESN,MD,AEA,EN,Federal Contract Tower,0,3,6,2,11,0,11,33,6,50,0,14,39,8,61,68,0,68,129
01/19/2023,ESN,MD,AEA,EN,Federal Contract Tower,0,6,20,0,26,0,0,0,0,0,0,6,20,0,26,0,15,15,41
01/20/2023,ESN,MD,AEA,EN,Federal Contract Tower,0,9,9,1,19,0,2,28,1,31,0,11,37,2,50,36,0,36,86
01/21/2023,ESN,MD,AEA,EN,Federal Contract Tower,0,2,13,0,15,0,3,106,0,109,0,5,119,0,124,154,0,154,278
01/22/2023,ESN,MD,AEA,EN,Federal Contract Tower,0,2,16,0,18,0,3,14,0,17,0,5,30,0,35,33,2,35,70
01/23/2023,ESN,MD,AEA,EN,Federal Contract Tower,0,4,1,0,5,0,1,2,0,3,0,5,3,0,8,18,0,18,26
01/24/2023,ESN,MD,AEA,EN,Federal Contract Tower,0,6,17,1,24,0,2,50,0,52,0,8,67,1,76,88,14,102,178
01/25/2023,ESN,MD,AEA,EN,Federal Contract Tower,0,3,4,0,7,0,0,1,0,1,0,3,5,0,8,0,0,0,8
01/26/2023,ESN,MD,AEA,EN,Federal Contract Tower,0,6,14,0,20,0,6,2,0,8,0,12,16,0,28,4,4,8,36
01/27/2023,ESN,MD,AEA,EN,Federal Contract Tower,0,2,13,0,15,0,0,44,3,47,0,2,57,3,62,132,14,146,208
01/28/2023,ESN,MD,AEA,EN,Federal Contract Tower,0,4,10,0,14,0,6,114,0,120,0,10,124,0,134,204,0,204,338
01/29/2023,ESN,MD,AEA,EN,Federal Contract Tower,0,3,18,0,21,0,2,21,0,23,0,5,39,0,44,68,0,68,112
01/30/2023,ESN,MD,AEA,EN,Federal Contract Tower,0,8,11,0,19,0,2,30,0,32,0,10,41,0,51,166,0,166,217
01/31/2023,ESN,MD,AEA,EN,Federal Contract Tower,0,5,2,0,7,0,1,0,0,1,0,6,2,0,8,0,0,0,8
02/01/2023,ESN,MD,AEA,EN,Federal Contract Tower,0,4,20,0,24,0,0,53,4,57,0,4,73,4,81,56,32,88,169
02/02/2023,ESN,MD,AEA,EN,Federal Contract Tower,0,3,5,1,9,0,1,36,0,37,0,4,41,1,46,84,44,128,174
02/03/2023,ESN,MD,AEA,EN,Federal Contract Tower,0,4,7,0,11,0,0,6,0,6,0,4,13,0,17,0,0,0,17
02/04/2023,ESN,MD,AEA,EN,Federal Contract Tower,0,3,10,0,13,0,0,52,0,52,0,3,62,0,65,94,0,94,159
02/05/2023,ESN,MD,AEA,EN,Federal Contract Tower,0,2,13,0,15,0,1,30,4,35,0,3,43,4,50,180,0,180,230
02/06/2023,ESN,MD,AEA,EN,Federal Contract Tower,0,5,5,1,11,0,10,24,0,34,0,15,29,1,45,24,0,24,69
02/07/2023,ESN,MD,AEA,EN,Federal Contract Tower,0,1,14,1,16,0,16,45,4,65,0,17,59,5,81,116,14,130,211
02/08/2023,ESN,MD,AEA,EN,Federal Contract Tower,0,6,20,2,28,0,0,75,0,75,0,6,95,2,103,164,4,168,271
02/09/2023,ESN,MD,AEA,EN,Federal Contract Tower,0,3,6,0,9,0,0,12,0,12,0,3,18,0,21,74,0,74,95
02/10/2023,ESN,MD,AEA,EN,Federal Contract Tower,0,3,24,0,27,0,4,29,0,33,0,7,53,0,60,68,0,68,128
02/11/2023,ESN,MD,AEA,EN,Federal Contract Tower,0,1,21,2,24,0,2,71,0,73,0,3,92,2,97,94,2,96,193
02/12/2023,ESN,MD,AEA,EN,Federal Contract Tower,0,2,7,0,9,0,0,0,0,0,0,2,7,0,9,0,0,0,9
02/13/2023,ESN,MD,AEA,EN,Federal Contract Tower,0,7,13,4,24,0,14,38,2,54,0,21,51,6,78,54,8,62,140
02/14/2023,ESN,MD,AEA,EN,Federal Contract Tower,0,5,19,2,26,0,8,79,0,87,0,13,98,2,113,114,6,120,233
02/15/2023,ESN,MD,AEA,EN,Federal Contract Tower,0,4,16,0,20,0,7,23,0,30,0,11,39,0,50,28,6,34,84
02/16/2023,ESN,MD,AEA,EN,Federal Contract Tower,0,8,17,2,27,0,3,13,3,19,0,11,30,5,46,42,0,42,88
02/17/2023,ESN,MD,AEA,EN,Federal Contract Tower,0,1,11,0,12,0,0,0,0,0,0,1,11,0,12,0,0,0,12
02/18/2023,ESN,MD,AEA,EN,Federal Contract Tower,0,3,21,0,24,0,0,70,0,70,0,3,91,0,94,128,0,128,222
02/19/2023,ESN,MD,AEA,EN,Federal Contract Tower,0,3,6,0,9,0,0,37,0,37,0,3,43,0,46,56,0,56,102
02/20/2023,ESN,MD,AEA,EN,Federal Contract Tower,0,5,19,0,24,0,2,47,0,49,0,7,66,0,73,88,0,88,161
02/21/2023,ESN,MD,AEA,EN,Federal Contract Tower,0,3,8,2,13,0,3,23,1,27,0,6,31,3,40,86,26,112,152
02/22/2023,ESN,MD,AEA,EN,Federal Contract Tower,0,3,9,0,12,0,0,22,0,22,0,3,31,0,34,72,2,74,108
02/23/2023,ESN,MD,AEA,EN,Federal Contract Tower,0,1,7,0,8,0,2,65,2,69,0,3,72,2,77,98,0,98,175
02/24/2023,ESN,MD,AEA,EN,Federal Contract Tower,0,4,10,8,22,0,2,26,0,28,0,6,36,8,50,40,0,40,90
02/25/2023,ESN,MD,AEA,EN,Federal Contract Tower,0,0,4,0,4,0,1,21,0,22,0,1,25,0,26,32,6,38,64
02/26/2023,ESN,MD,AEA,EN,Federal Contract Tower,0,3,25,0,28,0,3,31,0,34,0,6,56,0,62,44,0,44,106
02/27/2023,ESN,MD,AEA,EN,Federal Contract Tower,0,2,15,0,17,0,2,51,0,53,0,4,66,0,70,128,0,128,198
02/28/2023,ESN,MD,AEA,EN,Federal Contract Tower,0,2,15,4,21,0,0,31,2,33,0,2,46,6,54,54,12,66,120
03/01/2023,ESN,MD,AEA,EN,Federal Contract Tower,0,2,19,0,21,0,4,50,8,62,0,6,69,8,83,196,16,212,295
03/02/2023,ESN,MD,AEA,EN,Federal Contract Tower,0,4,12,5,21,0,1,14,0,15,0,5,26,5,36,48,2,50,86
03/03/2023,ESN,MD,AEA,EN,Federal Contract Tower,0,5,2,0,7,0,0,11,0,11,0,5,13,0,18,36,8,44,62
03/04/2023,ESN,MD,AEA,EN,Federal Contract Tower,0,1,3,0,4,0,4,11,0,15,0,5,14,0,19,18,2,20,39
03/05/2023,ESN,MD,AEA,EN,Federal Contract Tower,0,5,9,0,14,0,3,83,1,87,0,8,92,1,101,208,6,214,315
03/06/2023,ESN,MD,AEA,EN,Federal Contract Tower,0,7,7,4,18,0,6,93,0,99,0,13,100,4,117,162,0,162,279
03/07/2023,ESN,MD,AEA,EN,Federal Contract Tower,0,5,9,0,14,0,5,14,0,19,0,10,23,0,33,46,10,56,89
03/08/2023,ESN,MD,AEA,EN,Federal Contract Tower,0,3,13,5,21,0,0,31,2,33,0,3,44,7,54,30,32,62,116
03/09/2023,ESN,MD,AEA,EN,Federal Contract Tower,0,8,10,0,18,0,9,64,0,73,0,17,74,0,91,132,8,140,231
03/10/2023,ESN,MD,AEA,EN,Federal Contract Tower,0,2,4,0,6,0,0,8,0,8,0,2,12,0,14,18,0,18,32
03/11/2023,ESN,MD,AEA,EN,Federal Contract Tower,0,6,4,0,10,0,0,7,0,7,0,6,11,0,17,38,0,38,55
03/12/2023,ESN,MD,AEA,EN,Federal Contract Tower,0,5,10,0,15,0,6,46,0,52,0,11,56,0,67,144,0,144,211
03/13/2023,ESN,MD,AEA,EN,Federal Contract Tower,0,3,5,0,8,0,1,0,0,1,0,4,5,0,9,0,0,0,9
03/14/2023,ESN,MD,AEA,EN,Federal Contract Tower,0,3,1,0,4,0,21,0,0,21,0,24,1,0,25,0,26,26,51
03/15/2023,ESN,MD,AEA,EN,Federal Contract Tower,0,2,4,0,6,0,9,9,0,18,0,11,13,0,24,10,10,20,44
03/16/2023,ESN,MD,AEA,EN,Federal Contract Tower,0,1,16,0,17,0,0,93,2,95,0,1,109,2,112,258,10,268,380
03/17/2023,ESN,MD,AEA,EN,Federal Contract Tower,0,5,12,0,17,0,2,38,0,40,0,7,50,0,57,104,0,104,161
03/18/2023,ESN,MD,AEA,EN,Federal Contract Tower,0,4,7,0,11,0,2,29,0,31,0,6,36,0,42,42,0,42,84
03/19/2023,ESN,MD,AEA,EN,Federal Contract Tower,0,2,10,0,12,0,3,21,0,24,0,5,31,0,36,28,0,28,64
03/20/2023,ESN,MD,AEA,EN,Federal Contract Tower,0,2,15,0,17,0,13,55,0,68,0,15,70,0,85,146,48,194,279
03/21/2023,ESN,MD,AEA,EN,Federal Contract Tower,0,7,10,0,17,0,4,59,0,63,0,11,69,0,80,166,16,182,262
03/22/2023,ESN,MD,AEA,EN,Federal Contract Tower,0,2,5,0,7,0,0,44,0,44,0,2,49,0,51,84,20,104,155
03/23/2023,ESN,MD,AEA,EN,Federal Contract Tower,0,5,10,0,15,0,1,19,2,22,0,6,29,2,37,60,16,76,113
03/24/2023,ESN,MD,AEA,EN,Federal Contract Tower,0,3,24,0,27,0,0,3,0,3,0,3,27,0,30,20,0,20,50
03/25/2023,ESN,MD,AEA,EN,Federal Contract Tower,0,3,1,0,4,0,0,2,0,2,0,3,3,0,6,0,0,0,6
03/27/2023,ESN,MD,AEA,EN,Federal Contract Tower,0,7,11,0,18,0,0,64,0,64,0,7,75,0,82,66,0,66,148
03/28/2023,ESN,MD,AEA,EN,Federal Contract Tower,0,3,13,0,16,0,1,47,0,48,0,4,60,0,64,156,32,188,252
03/29/2023,ESN,MD,AEA,EN,Federal Contract Tower,0,3,20,0,23,0,5,89,0,94,0,8,109,0,117,108,2,110,227
03/30/2023,ESN,MD,AEA,EN,Federal Contract Tower,0,11,13,2,26,0,4,67,1,72,0,15,80,3,98,166,30,196,294
03/31/2023,ESN,MD,AEA,EN,Federal Contract Tower,0,4,6,0,10,0,7,27,4,38,0,11,33,4,48,80,2,82,130
04/01/2023,ESN,MD,AEA,EN,Federal Contract Tower,0,3,4,0,7,0,2,3,0,5,0,5,7,0,12,0,0,0,12
04/02/2023,ESN,MD,AEA,EN,Federal Contract Tower,0,5,5,0,10,0,0,42,0,42,0,5,47,0,52,172,0,172,224
04/03/2023,ESN,MD,AEA,EN,Federal Contract Tower,0,3,10,1,14,0,10,42,2,54,0,13,52,3,68,86,18,104,172
04/04/2023,ESN,MD,AEA,EN,Federal Contract Tower,0,1,12,0,13,0,7,49,0,56,0,8,61,0,69,120,0,120,189
04/05/2023,ESN,MD,AEA,EN,Federal Contract Tower,0,9,13,0,22,0,11,45,0,56,0,20,58,0,78,96,16,112,190
04/06/2023,ESN,MD,AEA,EN,Federal Contract Tower,0,3,12,0,15,0,2,23,0,25,0,5,35,0,40,90,0,90,130
04/07/2023,ESN,MD,AEA,EN,Federal Contract Tower,0,12,8,0,20,0,2,21,0,23,0,14,29,0,43,78,0,78,121
04/08/2023,ESN,MD,AEA,EN,Federal Contract Tower,0,7,6,0,13,0,2,63,0,65,0,9,69,0,78,142,0,142,220
04/09/2023,ESN,MD,AEA,EN,Federal Contract Tower,0,3,14,0,17,0,0,30,0,30,0,3,44,0,47,52,0,52,99
04/10/2023,ESN,MD,AEA,EN,Federal Contract Tower,0,5,15,0,20,0,3,91,0,94,0,8,106,0,114,138,0,138,252
04/11/2023,ESN,MD,AEA,EN,Federal Contract Tower,0,6,17,0,23,0,5,50,1,56,0,11,67,1,79,128,20,148,227
04/12/2023,ESN,MD,AEA,EN,Federal Contract Tower,0,2,3,0,5,0,12,56,0,68,0,14,59,0,73,140,24,164,237
04/13/2023,ESN,MD,AEA,EN,Federal Contract Tower,0,3,16,0,19,0,5,59,0,64,0,8,75,0,83,208,6,214,297
04/14/2023,ESN,MD,AEA,EN,Federal Contract Tower,0,3,17,0,20,0,12,47,0,59,0,15,64,0,79,168,0,168,247
04/15/2023,ESN,MD,AEA,EN,Federal Contract Tower,0,2,12,0,14,0,0,14,0,14,0,2,26,0,28,28,0,28,56
04/16/2023,ESN,MD,AEA,EN,Federal Contract Tower,0,6,15,0,21,0,1,38,0,39,0,7,53,0,60,150,0,150,210
04/17/2023,ESN,MD,AEA,EN,Federal Contract Tower,0,5,10,0,15,0,2,32,2,36,0,7,42,2,51,94,12,106,157
04/18/2023,ESN,MD,AEA,EN,Federal Contract Tower,0,4,6,2,12,0,8,29,4,41,0,12,35,6,53,68,22,90,143
04/19/2023,ESN,MD,AEA,EN,Federal Contract Tower,0,9,11,2,22,0,2,62,4,68,0,11,73,6,90,92,22,114,204
04/20/2023,ESN,MD,AEA,EN,Federal Contract Tower,0,3,15,0,18,0,1,83,4,88,0,4,98,4,106,116,0,116,222
04/21/2023,ESN,MD,AEA,EN,Federal Contract Tower,0,3,27,1,31,0,7,59,2,68,0,10,86,3,99,196,0,196,295
04/22/2023,ESN,MD,AEA,EN,Federal Contract Tower,0,3,3,1,7,0,0,14,6,20,0,3,17,7,27,12,0,12,39
04/23/2023,ESN,MD,AEA,EN,Federal Contract Tower,0,6,25,0,31,0,1,46,2,49,0,7,71,2,80,114,0,114,194
04/24/2023,ESN,MD,AEA,EN,Federal Contract Tower,0,5,23,0,28,0,12,49,0,61,0,17,72,0,89,128,0,128,217
04/25/2023,ESN,MD,AEA,EN,Federal Contract Tower,0,8,13,1,22,0,2,81,5,88,0,10,94,6,110,120,8,128,238
04/26/2023,ESN,MD,AEA,EN,Federal Contract Tower,0,4,11,0,15,0,10,54,7,71,0,14,65,7,86,108,42,150,236
04/27/2023,ESN,MD,AEA,EN,Federal Contract Tower,0,7,15,0,22,0,4,44,0,48,0,11,59,0,70,160,18,178,248
04/28/2023,ESN,MD,AEA,EN,Federal Contract Tower,0,8,7,0,15,0,0,0,0,0,0,8,7,0,15,0,0,0,15
04/29/2023,ESN,MD,AEA,EN,Federal Contract Tower,0,2,21,0,23,0,1,3,0,4,0,3,24,0,27,12,0,12,39
04/30/2023,ESN,MD,AEA,EN,Federal Contract Tower,0,7,1,0,8,0,0,0,0,0,0,7,1,0,8,0,0,0,8
05/01/2023,ESN,MD,AEA,EN,Federal Contract Tower,0,2,2,0,4,0,9,18,0,27,0,11,20,0,31,20,0,20,51
05/02/2023,ESN,MD,AEA,EN,Federal Contract Tower,0,11,6,0,17,0,0,0,0,0,0,11,6,0,17,18,0,18,35
05/03/2023,ESN,MD,AEA,EN,Federal Contract Tower,0,5,9,0,14,0,8,17,0,25,0,13,26,0,39,72,28,100,139
05/04/2023,ESN,MD,AEA,EN,Federal Contract Tower,0,8,21,4,33,0,11,48,2,61,0,19,69,6,94,144,46,190,284
05/05/2023,ESN,MD,AEA,EN,Federal Contract Tower,0,1,22,0,23,0,8,58,0,66,0,9,80,0,89,170,6,176,265
05/06/2023,ESN,MD,AEA,EN,Federal Contract Tower,0,5,8,0,13,0,12,66,0,78,0,17,74,0,91,120,0,120,211
05/07/2023,ESN,MD,AEA,EN,Federal Contract Tower,0,3,11,0,14,0,4,58,1,63,0,7,69,1,77,124,0,124,201
05/08/2023,ESN,MD,AEA,EN,Federal Contract Tower,0,2,3,6,11,0,6,70,0,76,0,8,73,6,87,160,0,160,247
05/09/2023,ESN,MD,AEA,EN,Federal Contract Tower,0,5,10,4,19,0,8,49,0,57,0,13,59,4,76,134,26,160,236
05/10/2023,ESN,MD,AEA,EN,Federal Contract Tower,0,5,24,0,29,0,4,71,0,75,0,9,95,0,104,94,56,150,254
05/11/2023,ESN,MD,AEA,EN,Federal Contract Tower,0,7,18,0,25,0,4,56,0,60,0,11,74,0,85,104,2,106,191
05/12/2023,ESN,MD,AEA,EN,Federal Contract Tower,0,13,18,0,31,0,7,59,0,66,0,20,77,0,97,172,10,182,279
05/13/2023,ESN,MD,AEA,EN,Federal Contract Tower,0,13,9,0,22,0,2,29,0,31,0,15,38,0,53,50,0,50,103
05/14/2023,ESN,MD,AEA,EN,Federal Contract Tower,0,10,15,0,25,0,4,54,4,62,0,14,69,4,87,98,4,102,189
05/15/2023,ESN,MD,AEA,EN,Federal Contract Tower,0,13,17,0,30,0,13,69,0,82,0,26,86,0,112,230,0,230,342
05/16/2023,ESN,MD,AEA,EN,Federal Contract Tower,0,14,13,2,29,0,7,46,0,53,0,21,59,2,82,122,10,132,214
05/17/2023,ESN,MD,AEA,EN,Federal Contract Tower,0,6,8,0,14,0,4,80,0,84,0,10,88,0,98,194,0,194,292
05/18/2023,ESN,MD,AEA,EN,Federal Contract Tower,0,10,18,0,28,0,5,117,0,122,0,15,135,0,150,178,32,210,360
05/19/2023,ESN,MD,AEA,EN,Federal Contract Tower,0,6,24,0,30,0,10,52,0,62,0,16,76,0,92,50,0,50,142
05/20/2023,ESN,MD,AEA,EN,Federal Contract Tower,0,9,20,0,29,0,2,4,2,8,0,11,24,2,37,2,0,2,39
05/21/2023,ESN,MD,AEA,EN,Federal Contract Tower,0,4,19,0,23,0,2,61,0,63,0,6,80,0,86,152,0,152,238
05/22/2023,ESN,MD,AEA,EN,Federal Contract Tower,0,4,21,0,25,0,4,70,0,74,0,8,91,0,99,172,12,184,283
05/23/2023,ESN,MD,AEA,EN,Federal Contract Tower,0,7,21,0,28,0,11,54,6,71,0,18,75,6,99,140,0,140,239
05/24/2023,ESN,MD,AEA,EN,Federal Contract Tower,0,7,8,2,17,0,8,46,3,57,0,15,54,5,74,88,0,88,162
05/25/2023,ESN,MD,AEA,EN,Federal Contract Tower,0,7,24,0,31,0,7,60,0,67,0,14,84,0,98,152,0,152,250
05/26/2023,ESN,MD,AEA,EN,Federal Contract Tower,0,12,14,0,26,0,3,67,0,70,0,15,81,0,96,176,0,176,272
05/27/2023,ESN,MD,AEA,EN,Federal Contract Tower,0,4,7,0,11,0,5,85,0,90,0,9,92,0,101,120,0,120,221
05/28/2023,ESN,MD,AEA,EN,Federal Contract Tower,0,5,15,0,20,0,1,32,0,33,0,6,47,0,53,98,0,98,151
05/29/2023,ESN,MD,AEA,EN,Federal Contract Tower,0,2,19,0,21,0,0,1,0,1,0,2,20,0,22,0,0,0,22
05/30/2023,ESN,MD,AEA,EN,Federal Contract Tower,0,4,22,6,32,0,2,31,0,33,0,6,53,6,65,110,0,110,175
05/31/2023,ESN,MD,AEA,EN,Federal Contract Tower,0,3,13,0,16,0,7,68,0,75,0,10,81,0,91,114,0,114,205
06/01/2023,ESN,MD,AEA,EN,Federal Contract Tower,0,4,21,0,25,0,3,41,0,44,0,7,62,0,69,154,2,156,225
06/02/2023,ESN,MD,AEA,EN,Federal Contract Tower,0,6,14,0,20,0,3,57,0,60,0,9,71,0,80,170,6,176,256
06/03/2023,ESN,MD,AEA,EN,Federal Contract Tower,0,2,9,0,11,0,0,37,0,37,0,2,46,0,48,44,0,44,92
06/04/2023,ESN,MD,AEA,EN,Federal Contract Tower,0,10,26,0,36,0,6,62,0,68,0,16,88,0,104,156,2,158,262
06/05/2023,ESN,MD,AEA,EN,Federal Contract Tower,0,10,16,0,26,0,7,40,63,110,0,17,56,63,136,66,118,184,320
06/06/2023,ESN,MD,AEA,EN,Federal Contract Tower,0,6,10,0,16,0,19,45,85,149,0,25,55,85,165,38,178,216,381
06/07/2023,ESN,MD,AEA,EN,Federal Contract Tower,0,10,32,0,42,0,0,0,0,0,0,10,32,0,42,0,0,0,42
06/08/2023,ESN,MD,AEA,EN,Federal Contract Tower,0,8,30,0,38,0,4,0,0,4,0,12,30,0,42,2,0,2,44
06/09/2023,ESN,MD,AEA,EN,Federal Contract Tower,0,3,8,0,11,0,6,44,65,115,0,9,52,65,126,84,126,210,336
06/10/2023,ESN,MD,AEA,EN,Federal Contract Tower,0,5,16,0,21,0,4,55,88,147,0,9,71,88,168,52,130,182,350
06/11/2023,ESN,MD,AEA,EN,Federal Contract Tower,0,6,11,0,17,0,14,33,0,47,0,20,44,0,64,64,0,64,128
06/12/2023,ESN,MD,AEA,EN,Federal Contract Tower,0,6,8,0,14,0,1,5,37,43,0,7,13,37,57,18,122,140,197
06/13/2023,ESN,MD,AEA,EN,Federal Contract Tower,0,4,6,2,12,0,7,71,77,155,0,11,77,79,167,122,178,300,467
06/14/2023,ESN,MD,AEA,EN,Federal Contract Tower,0,7,9,2,18,0,7,40,56,103,0,14,49,58,121,44,268,312,433
06/15/2023,ESN,MD,AEA,EN,Federal Contract Tower,0,12,17,0,29,0,6,56,89,151,0,18,73,89,180,124,420,544,724
06/16/2023,ESN,MD,AEA,EN,Federal Contract Tower,0,22,19,0,41,0,2,7,84,93,0,24,26,84,134,6,344,350,484
06/17/2023,ESN,MD,AEA,EN,Federal Contract Tower,0,9,10,0,19,0,2,35,109,146,0,11,45,109,165,70,224,294,459
06/18/2023,ESN,MD,AEA,EN,Federal Contract Tower,0,4,5,0,9,0,0,56,0,56,0,4,61,0,65,128,2,130,195
06/19/2023,ESN,MD,AEA,EN,Federal Contract Tower,0,7,8,0,15,0,4,37,29,70,0,11,45,29,85,50,96,146,231
06/20/2023,ESN,MD,AEA,EN,Federal Contract Tower,0,14,20,0,34,0,8,27,37,72,0,22,47,37,106,44,116,160,266
06/21/2023,ESN,MD,AEA,EN,Federal Contract Tower,0,9,11,0,20,0,0,0,0,0,0,9,11,0,20,0,0,0,20
06/22/2023,ESN,MD,AEA,EN,Federal Contract Tower,0,8,22,0,30,0,0,0,0,0,0,8,22,0,30,0,0,0,30
06/23/2023,ESN,MD,AEA,EN,Federal Contract Tower,0,17,10,0,27,0,0,3,0,3,0,17,13,0,30,4,0,4,34
06/24/2023,ESN,MD,AEA,EN,Federal Contract Tower,0,5,20,0,25,0,3,15,0,18,0,8,35,0,43,26,0,26,69
06/25/2023,ESN,MD,AEA,EN,Federal Contract Tower,0,6,25,0,31,0,10,54,2,66,0,16,79,2,97,136,0,136,233
06/26/2023,ESN,MD,AEA,EN,Federal Contract Tower,0,9,1,1,11,0,0,27,0,27,0,9,28,1,38,56,12,68,106
06/27/2023,ESN,MD,AEA,EN,Federal Contract Tower,0,7,8,0,15,0,1,32,7,40,0,8,40,7,55,66,20,86,141
06/28/2023,ESN,MD,AEA,EN,Federal Contract Tower,0,7,18,1,26,0,1,71,3,75,0,8,89,4,101,100,10,110,211
06/29/2023,ESN,MD,AEA,EN,Federal Contract Tower,0,22,36,0,58,0,1,3,0,4,0,23,39,0,62,2,0,2,64
06/30/2023,ESN,MD,AEA,EN,Federal Contract Tower,0,12,22,0,34,0,0,9,0,9,0,12,31,0,43,26,0,26,69
07/01/2023,ESN,MD,AEA,EN,Federal Contract Tower,0,10,19,0,29,0,0,14,44,58,0,10,33,44,87,24,64,88,175
07/02/2023,ESN,MD,AEA,EN,Federal Contract Tower,0,6,11,0,17,0,0,10,2,12,0,6,21,2,29,50,28,78,107
07/03/2023,ESN,MD,AEA,EN,Federal Contract Tower,0,2,8,0,10,0,0,34,10,44,0,2,42,10,54,122,62,184,238
07/04/2023,ESN,MD,AEA,EN,Federal Contract Tower,0,3,13,0,16,0,0,40,0,40,0,3,53,0,56,104,0,104,160
07/05/2023,ESN,MD,AEA,EN,Federal Contract Tower,0,7,14,5,26,0,2,59,57,118,0,9,73,62,144,116,84,200,344
07/06/2023,ESN,MD,AEA,EN,Federal Contract Tower,0,10,15,0,25,0,5,31,55,91,0,15,46,55,116,52,92,144,260
07/07/2023,ESN,MD,AEA,EN,Federal Contract Tower,0,8,16,0,24,0,1,23,70,94,0,9,39,70,118,22,68,90,208
07/08/2023,ESN,MD,AEA,EN,Federal Contract Tower,0,4,11,0,15,0,9,37,33,79,0,13,48,33,94,70,120,190,284
07/09/2023,ESN,MD,AEA,EN,Federal Contract Tower,0,3,6,0,9,0,4,16,0,20,0,7,22,0,29,36,0,36,65
07/10/2023,ESN,MD,AEA,EN,Federal Contract Tower,0,8,18,0,26,0,2,49,53,104,0,10,67,53,130,162,116,278,408
07/11/2023,ESN,MD,AEA,EN,Federal Contract Tower,0,2,8,0,10,0,9,57,54,120,0,11,65,54,130,108,248,356,486
07/12/2023,ESN,MD,AEA,EN,Federal Contract Tower,0,3,13,0,16,0,6,56,41,103,0,9,69,41,119,98,306,404,523
07/13/2023,ESN,MD,AEA,EN,Federal Contract Tower,0,6,9,5,20,0,6,38,48,92,0,12,47,53,112,84,374,458,570
07/14/2023,ESN,MD,AEA,EN,Federal Contract Tower,0,4,9,0,13,0,0,30,63,93,0,4,39,63,106,42,340,382,488
07/15/2023,ESN,MD,AEA,EN,Federal Contract Tower,0,3,25,0,28,0,7,39,91,137,0,10,64,91,165,42,220,262,427
07/16/2023,ESN,MD,AEA,EN,Federal Contract Tower,0,6,7,0,13,0,0,2,0,2,0,6,9,0,15,10,0,10,25
07/17/2023,ESN,MD,AEA,EN,Federal Contract Tower,0,7,17,0,24,0,2,53,95,150,0,9,70,95,174,72,288,360,534
07/18/2023,ESN,MD,AEA,EN,Federal Contract Tower,0,3,15,0,18,0,1,37,2,40,0,4,52,2,58,86,12,98,156
07/19/2023,ESN,MD,AEA,EN,Federal Contract Tower,0,9,9,6,24,0,2,44,2,48,0,11,53,8,72,64,10,74,146
07/20/2023,ESN,MD,AEA,EN,Federal Contract Tower,0,9,3,0,12,0,11,27,0,38,0,20,30,0,50,108,0,108,158
07/21/2023,ESN,MD,AEA,EN,Federal Contract Tower,0,3,19,5,27,0,1,41,2,44,0,4,60,7,71,88,12,100,171
07/22/2023,ESN,MD,AEA,EN,Federal Contract Tower,0,2,7,0,9,0,3,66,0,69,0,5,73,0,78,86,0,86,164
07/23/2023,ESN,MD,AEA,EN,Federal Contract Tower,0,5,12,0,17,0,4,38,0,42,0,9,50,0,59,78,0,78,137
07/24/2023,ESN,MD,AEA,EN,Federal Contract Tower,0,5,16,0,21,0,4,23,0,27,0,9,39,0,48,56,0,56,104
07/25/2023,ESN,MD,AEA,EN,Federal Contract Tower,0,7,22,0,29,0,2,38,0,40,0,9,60,0,69,38,30,68,137
07/26/2023,ESN,MD,AEA,EN,Federal Contract Tower,0,5,8,0,13,0,2,66,14,82,0,7,74,14,95,74,16,90,185
07/27/2023,ESN,MD,AEA,EN,Federal Contract Tower,0,10,24,0,34,0,2,21,0,23,0,12,45,0,57,90,4,94,151
07/28/2023,ESN,MD,AEA,EN,Federal Contract Tower,0,8,17,0,25,0,11,60,4,75,0,19,77,4,100,94,6,100,200
07/29/2023,ESN,MD,AEA,EN,Federal Contract Tower,0,6,11,0,17,0,6,38,64,108,0,12,49,64,125,94,78,172,297
07/30/2023,ESN,MD,AEA,EN,Federal Contract Tower,0,8,15,0,23,0,4,60,2,66,0,12,75,2,89,88,0,88,177
07/31/2023,ESN,MD,AEA,EN,Federal Contract Tower,0,14,16,0,30,0,32,67,0,99,0,46,83,0,129,76,122,198,327
08/01/2023,ESN,MD,AEA,EN,Federal Contract Tower,0,9,13,0,22,0,10,74,69,153,0,19,87,69,175,144,132,276,451
08/02/2023,ESN,MD,AEA,EN,Federal Contract Tower,0,2,12,0,14,0,6,63,58,127,0,8,75,58,141,136,170,306,447
08/03/2023,ESN,MD,AEA,EN,Federal Contract Tower,0,5,10,0,15,0,5,30,72,107,0,10,40,72,122,60,120,180,302
08/04/2023,ESN,MD,AEA,EN,Federal Contract Tower,0,6,18,4,28,0,0,0,0,0,0,6,18,4,28,0,0,0,28
08/05/2023,ESN,MD,AEA,EN,Federal Contract Tower,0,10,22,0,32,0,2,30,79,111,0,12,52,79,143,60,362,422,565
08/06/2023,ESN,MD,AEA,EN,Federal Contract Tower,0,5,14,0,19,0,0,38,1,39,0,5,52,1,58,82,2,84,142
08/07/2023,ESN,MD,AEA,EN,Federal Contract Tower,0,5,20,2,27,0,7,21,74,102,0,12,41,76,129,52,456,508,637
08/08/2023,ESN,MD,AEA,EN,Federal Contract Tower,0,6,11,1,18,0,3,16,68,87,0,9,27,69,105,46,364,410,515
08/09/2023,ESN,MD,AEA,EN,Federal Contract Tower,0,10,24,0,34,0,2,61,99,162,0,12,85,99,196,160,364,524,720
08/10/2023,ESN,MD,AEA,EN,Federal Contract Tower,0,8,14,0,22,0,7,14,69,90,0,15,28,69,112,34,238,272,384
08/11/2023,ESN,MD,AEA,EN,Federal Contract Tower,0,5,9,0,14,0,4,69,31,104,0,9,78,31,118,186,122,308,426
08/12/2023,ESN,MD,AEA,EN,Federal Contract Tower,0,4,10,0,14,0,9,45,6,60,0,13,55,6,74,34,30,64,138
08/13/2023,ESN,MD,AEA,EN,Federal Contract Tower,0,6,14,0,20,0,0,43,0,43,0,6,57,0,63,48,0,48,111
08/14/2023,ESN,MD,AEA,EN,Federal Contract Tower,0,8,9,1,18,0,3,37,2,42,0,11,46,3,60,94,0,94,154
08/15/2023,ESN,MD,AEA,EN,Federal Contract Tower,0,5,12,0,17,0,4,47,1,52,0,9,59,1,69,86,36,122,191
08/16/2023,ESN,MD,AEA,EN,Federal Contract Tower,0,2,14,0,16,0,0,61,2,63,0,2,75,2,79,116,0,116,195
08/17/2023,ESN,MD,AEA,EN,Federal Contract Tower,0,7,13,1,21,0,4,49,0,53,0,11,62,1,74,52,26,78,152
08/18/2023,ESN,MD,AEA,EN,Federal Contract Tower,0,3,21,0,24,0,0,38,0,38,0,3,59,0,62,92,0,92,154
08/19/2023,ESN,MD,AEA,EN,Federal Contract Tower,0,6,12,0,18,0,4,84,0,88,0,10,96,0,106,104,0,104,210
08/20/2023,ESN,MD,AEA,EN,Federal Contract Tower,0,9,13,0,22,0,6,52,0,58,0,15,65,0,80,52,0,52,132
08/21/2023,ESN,MD,AEA,EN,Federal Contract Tower,0,10,19,0,29,0,3,59,0,62,0,13,78,0,91,90,0,90,181
08/22/2023,ESN,MD,AEA,EN,Federal Contract Tower,0,3,14,1,18,0,3,41,0,44,0,6,55,1,62,114,0,114,176
08/23/2023,ESN,MD,AEA,EN,Federal Contract Tower,0,11,17,3,31,0,6,66,10,82,0,17,83,13,113,126,50,176,289
08/24/2023,ESN,MD,AEA,EN,Federal Contract Tower,0,11,7,0,18,0,1,36,4,41,0,12,43,4,59,64,28,92,151
08/25/2023,ESN,MD,AEA,EN,Federal Contract Tower,0,14,9,0,23,0,6,30,0,36,0,20,39,0,59,156,12,168,227
08/26/2023,ESN,MD,AEA,EN,Federal Contract Tower,0,6,37,0,43,0,4,40,0,44,0,10,77,0,87,98,0,98,185
08/27/2023,ESN,MD,AEA,EN,Federal Contract Tower,0,16,20,0,36,0,6,70,0,76,0,22,90,0,112,130,0,130,242
08/28/2023,ESN,MD,AEA,EN,Federal Contract Tower,0,4,8,2,14,0,0,19,0,19,0,4,27,2,33,38,0,38,71
08/29/2023,ESN,MD,AEA,EN,Federal Contract Tower,0,2,14,2,18,0,1,3,0,4,0,3,17,2,22,0,18,18,40
08/30/2023,ESN,MD,AEA,EN,Federal Contract Tower,0,8,16,0,24,0,0,54,11,65,0,8,70,11,89,146,12,158,247
08/31/2023,ESN,MD,AEA,EN,Federal Contract Tower,0,9,10,1,20,0,15,50,0,65,0,24,60,1,85,62,0,62,147
