01/01/2000,EUG,OR,ANM,WE,Towers with Radar,6,33,12,0,51,7,0,25,0,32,13,33,37,0,83,40,0,40,123
01/02/2000,EUG,OR,ANM,WE,Towers with Radar,9,52,19,0,80,4,4,6,0,14,13,56,25,0,94,46,0,46,140
01/03/2000,EUG,OR,ANM,WE,Towers with Radar,12,69,26,0,107,0,0,30,0,30,12,69,56,0,137,120,0,120,257
01/04/2000,EUG,OR,ANM,WE,Towers with Radar,15,79,28,1,123,3,6,40,0,49,18,85,68,1,172,130,4,134,306
01/05/2000,EUG,OR,ANM,WE,Towers with Radar,14,93,35,2,144,0,7,60,0,67,14,100,95,2,211,186,0,186,397
01/06/2000,EUG,OR,ANM,WE,Towers with Radar,14,76,35,2,127,0,0,39,2,41,14,76,74,4,168,108,0,108,276
01/07/2000,EUG,OR,ANM,WE,Towers with Radar,12,72,34,2,120,0,0,75,4,79,12,72,109,6,199,122,0,122,321
01/08/2000,EUG,OR,ANM,WE,Towers with Radar,11,51,22,0,84,0,0,57,0,57,11,51,79,0,141,112,0,112,253
01/09/2000,EUG,OR,ANM,WE,Towers with Radar,11,52,21,1,85,3,0,18,1,22,14,52,39,2,107,24,0,24,131
01/10/2000,EUG,OR,ANM,WE,Towers with Radar,15,75,29,0,119,0,3,0,0,3,15,78,29,0,122,0,0,0,122
01/11/2000,EUG,OR,ANM,WE,Towers with Radar,14,65,26,1,106,0,16,17,0,33,14,81,43,1,139,26,0,26,165
01/12/2000,EUG,OR,ANM,WE,Towers with Radar,16,79,26,0,121,2,4,0,0,6,18,83,26,0,127,33,0,33,160
01/13/2000,EUG,OR,ANM,WE,Towers with Radar,17,86,29,0,132,1,6,0,0,7,18,92,29,0,139,0,0,0,139
01/14/2000,EUG,OR,ANM,WE,Towers with Radar,13,77,33,2,125,0,0,40,0,40,13,77,73,2,165,74,0,74,239
01/15/2000,EUG,OR,ANM,WE,Towers with Radar,12,46,22,0,80,2,0,3,0,5,14,46,25,0,85,0,0,0,85
01/16/2000,EUG,OR,ANM,WE,Towers with Radar,8,37,15,0,60,7,10,4,0,21,15,47,19,0,81,16,0,16,97
01/17/2000,EUG,OR,ANM,WE,Towers with Radar,14,69,23,0,106,5,2,0,0,7,19,71,23,0,113,0,0,0,113
01/18/2000,EUG,OR,ANM,WE,Towers with Radar,12,80,33,0,125,0,0,18,0,18,12,80,51,0,143,32,0,32,175
01/19/2000,EUG,OR,ANM,WE,Towers with Radar,13,81,41,1,136,0,0,19,3,22,13,81,60,4,158,32,0,32,190
01/20/2000,EUG,OR,ANM,WE,Towers with Radar,12,84,32,1,129,0,0,0,7,7,12,84,32,8,136,44,0,44,180
01/21/2000,EUG,OR,ANM,WE,Towers with Radar,15,88,37,0,140,0,0,101,0,101,15,88,138,0,241,126,0,126,367
01/22/2000,EUG,OR,ANM,WE,Towers with Radar,15,54,28,0,97,0,0,172,0,172,15,54,200,0,269,188,0,188,457
01/23/2000,EUG,OR,ANM,WE,Towers with Radar,10,49,19,0,78,3,6,2,2,13,13,55,21,2,91,30,0,30,121
01/24/2000,EUG,OR,ANM,WE,Towers with Radar,12,54,22,0,88,3,30,19,0,52,15,84,41,0,140,2,0,2,142
01/25/2000,EUG,OR,ANM,WE,Towers with Radar,17,75,32,0,124,0,0,59,0,59,17,75,91,0,183,98,0,98,281
01/26/2000,EUG,OR,ANM,WE,Towers with Radar,18,81,38,1,138,0,0,118,3,121,18,81,156,4,259,172,0,172,431
01/27/2000,EUG,OR,ANM,WE,Towers with Radar,16,84,34,0,134,0,0,24,0,24,16,84,58,0,158,24,0,24,182
01/28/2000,EUG,OR,ANM,WE,Towers with Radar,12,74,28,0,114,0,1,84,0,85,12,75,112,0,199,72,0,72,271
01/29/2000,EUG,OR,ANM,WE,Towers with Radar,12,53,22,0,87,1,0,110,0,111,13,53,132,0,198,166,0,166,364
01/30/2000,EUG,OR,ANM,WE,Towers with Radar,10,50,19,0,79,5,3,23,0,31,15,53,42,0,110,24,0,24,134
01/31/2000,EUG,OR,ANM,WE,Towers with Radar,15,77,34,1,127,0,0,61,10,71,15,77,95,11,198,96,0,96,294
02/01/2000,EUG,OR,ANM,WE,Towers with Radar,12,72,39,3,126,0,1,0,14,15,12,73,39,17,141,24,2,26,167
02/02/2000,EUG,OR,ANM,WE,Towers with Radar,14,83,48,0,145,0,7,47,0,54,14,90,95,0,199,118,0,118,317
02/03/2000,EUG,OR,ANM,WE,Towers with Radar,13,80,46,4,143,0,4,135,2,141,13,84,181,6,284,176,0,176,460
02/04/2000,EUG,OR,ANM,WE,Towers with Radar,15,76,47,0,138,0,0,68,0,68,15,76,115,0,206,90,0,90,296
02/05/2000,EUG,OR,ANM,WE,Towers with Radar,11,50,32,2,95,0,0,19,0,19,11,50,51,2,114,14,0,14,128
02/06/2000,EUG,OR,ANM,WE,Towers with Radar,9,48,28,0,85,3,4,6,0,13,12,52,34,0,98,2,0,2,100
02/07/2000,EUG,OR,ANM,WE,Towers with Radar,12,57,37,0,106,1,0,57,0,58,13,57,94,0,164,57,0,57,221
02/08/2000,EUG,OR,ANM,WE,Towers with Radar,15,79,51,0,145,0,0,42,0,42,15,79,93,0,187,72,0,72,259
02/09/2000,EUG,OR,ANM,WE,Towers with Radar,13,81,46,4,144,0,5,87,1,93,13,86,133,5,237,136,8,144,381
02/10/2000,EUG,OR,ANM,WE,Towers with Radar,12,90,53,2,157,0,0,31,0,31,12,90,84,2,188,22,0,22,210
02/11/2000,EUG,OR,ANM,WE,Towers with Radar,11,69,48,4,132,0,0,8,0,8,11,69,56,4,140,48,0,48,188
02/12/2000,EUG,OR,ANM,WE,Towers with Radar,11,57,28,3,99,3,1,0,0,4,14,58,28,3,103,0,0,0,103
02/13/2000,EUG,OR,ANM,WE,Towers with Radar,9,50,28,1,88,4,20,8,0,32,13,70,36,1,120,4,0,4,124
02/14/2000,EUG,OR,ANM,WE,Towers with Radar,14,68,41,0,123,0,4,20,0,24,14,72,61,0,147,58,0,58,205
02/15/2000,EUG,OR,ANM,WE,Towers with Radar,13,74,45,2,134,0,0,53,5,58,13,74,98,7,192,54,6,60,252
02/16/2000,EUG,OR,ANM,WE,Towers with Radar,16,79,58,0,153,0,0,26,0,26,16,79,84,0,179,48,0,48,227
02/17/2000,EUG,OR,ANM,WE,Towers with Radar,14,82,49,2,147,0,0,72,0,72,14,82,121,2,219,92,0,92,311
02/18/2000,EUG,OR,ANM,WE,Towers with Radar,13,84,58,0,155,0,0,70,0,70,13,84,128,0,225,90,0,90,315
02/19/2000,EUG,OR,ANM,WE,Towers with Radar,13,63,38,0,114,5,2,52,0,59,18,65,90,0,173,40,0,40,213
02/20/2000,EUG,OR,ANM,WE,Towers with Radar,11,52,32,0,95,5,1,12,0,18,16,53,44,0,113,28,0,28,141
02/21/2000,EUG,OR,ANM,WE,Towers with Radar,14,67,40,0,121,2,4,14,0,20,16,71,54,0,141,38,0,38,179
02/22/2000,EUG,OR,ANM,WE,Towers with Radar,12,80,47,0,139,0,2,21,0,23,12,82,68,0,162,64,18,82,244
02/23/2000,EUG,OR,ANM,WE,Towers with Radar,15,87,53,0,155,0,0,64,0,64,15,87,117,0,219,48,0,48,267
02/24/2000,EUG,OR,ANM,WE,Towers with Radar,13,82,49,0,144,0,8,93,0,101,13,90,142,0,245,122,0,122,367
02/25/2000,EUG,OR,ANM,WE,Towers with Radar,15,81,53,3,152,0,0,21,1,22,15,81,74,4,174,72,0,72,246
02/26/2000,EUG,OR,ANM,WE,Towers with Radar,10,47,29,0,86,2,4,15,0,21,12,51,44,0,107,46,0,46,153
02/27/2000,EUG,OR,ANM,WE,Towers with Radar,11,53,32,2,98,1,5,33,6,45,12,58,65,8,143,16,0,16,159
02/28/2000,EUG,OR,ANM,WE,Towers with Radar,13,73,42,2,130,0,10,54,0,64,13,83,96,2,194,78,2,80,274
02/29/2000,EUG,OR,ANM,WE,Towers with Radar,12,84,52,3,151,0,0,30,9,39,12,84,82,12,190,76,34,110,300
03/01/2000,EUG,OR,ANM,WE,Towers with Radar,19,72,47,2,140,0,0,106,0,106,19,72,153,2,246,66,0,66,312
03/02/2000,EUG,OR,ANM,WE,Towers with Radar,15,88,46,2,151,0,0,80,0,80,15,88,126,2,231,120,0,120,351
03/03/2000,EUG,OR,ANM,WE,Towers with Radar,18,82,42,0,142,1,2,144,0,147,19,84,186,0,289,234,0,234,523
03/04/2000,EUG,OR,ANM,WE,Towers with Radar,11,43,26,3,83,6,0,9,0,15,17,43,35,3,98,44,0,44,142
03/05/2000,EUG,OR,ANM,WE,Towers with Radar,10,46,23,3,82,8,5,55,2,70,18,51,78,5,152,64,0,64,216
03/06/2000,EUG,OR,ANM,WE,Towers with Radar,15,71,38,0,124,0,0,103,0,103,15,71,141,0,227,52,0,52,279
03/07/2000,EUG,OR,ANM,WE,Towers with Radar,15,77,41,4,137,0,0,61,19,80,15,77,102,23,217,96,4,100,317
03/08/2000,EUG,OR,ANM,WE,Towers with Radar,16,83,42,0,141,0,3,66,0,69,16,86,108,0,210,112,0,112,322
03/09/2000,EUG,OR,ANM,WE,Towers with Radar,14,78,42,4,138,0,0,90,2,92,14,78,132,6,230,68,0,68,298
03/10/2000,EUG,OR,ANM,WE,Towers with Radar,15,75,47,3,140,0,0,42,0,42,15,75,89,3,182,28,0,28,210
03/11/2000,EUG,OR,ANM,WE,Towers with Radar,13,55,28,3,99,5,5,50,1,61,18,60,78,4,160,68,0,68,228
03/12/2000,EUG,OR,ANM,WE,Towers with Radar,11,48,25,2,86,6,11,82,0,99,17,59,107,2,185,60,0,60,245
03/13/2000,EUG,OR,ANM,WE,Towers with Radar,14,73,39,4,130,0,0,34,8,42,14,73,73,12,172,50,0,50,222
03/14/2000,EUG,OR,ANM,WE,Towers with Radar,13,79,43,4,139,0,0,79,15,94,13,79,122,19,233,110,0,110,343
03/15/2000,EUG,OR,ANM,WE,Towers with Radar,16,82,49,0,147,0,0,68,0,68,16,82,117,0,215,70,0,70,285
03/16/2000,EUG,OR,ANM,WE,Towers with Radar,18,71,46,2,137,0,0,18,0,18,18,71,64,2,155,116,0,116,271
03/17/2000,EUG,OR,ANM,WE,Towers with Radar,14,82,44,0,140,0,0,70,0,70,14,82,114,0,210,26,0,26,236
03/18/2000,EUG,OR,ANM,WE,Towers with Radar,12,52,24,0,88,3,1,0,0,4,15,53,24,0,92,0,0,0,92
03/19/2000,EUG,OR,ANM,WE,Towers with Radar,10,43,21,0,74,7,14,0,0,21,17,57,21,0,95,36,0,36,131
03/20/2000,EUG,OR,ANM,WE,Towers with Radar,16,68,36,0,120,1,14,59,0,74,17,82,95,0,194,28,0,28,222
03/21/2000,EUG,OR,ANM,WE,Towers with Radar,16,69,37,3,125,2,20,107,5,134,18,89,144,8,259,92,8,100,359
03/22/2000,EUG,OR,ANM,WE,Towers with Radar,19,83,49,0,151,0,0,7,0,7,19,83,56,0,158,10,0,10,168
03/23/2000,EUG,OR,ANM,WE,Towers with Radar,13,65,35,3,116,0,18,69,5,92,13,83,104,8,208,110,0,110,318
03/24/2000,EUG,OR,ANM,WE,Towers with Radar,16,73,39,2,130,0,14,41,0,55,16,87,80,2,185,44,0,44,229
03/25/2000,EUG,OR,ANM,WE,Towers with Radar,13,56,30,0,99,1,6,41,0,48,14,62,71,0,147,74,0,74,221
03/26/2000,EUG,OR,ANM,WE,Towers with Radar,13,55,29,0,97,7,4,77,0,88,20,59,106,0,185,32,0,32,217
03/27/2000,EUG,OR,ANM,WE,Towers with Radar,11,75,40,3,129,0,4,56,8,68,11,79,96,11,197,100,0,100,297
03/28/2000,EUG,OR,ANM,WE,Towers with Radar,20,86,47,4,157,0,0,134,18,152,20,86,181,22,309,134,8,142,451
03/29/2000,EUG,OR,ANM,WE,Towers with Radar,15,67,34,2,118,1,5,108,0,114,16,72,142,2,232,146,0,146,378
03/30/2000,EUG,OR,ANM,WE,Towers with Radar,18,80,43,3,144,2,0,167,0,169,20,80,210,3,313,164,6,170,483
03/31/2000,EUG,OR,ANM,WE,Towers with Radar,16,70,36,3,125,2,12,133,0,147,18,82,169,3,272,166,0,166,438
04/01/2000,EUG,OR,ANM,WE,Towers with Radar,11,51,30,0,92,0,0,144,0,144,11,51,174,0,236,154,0,154,390
04/02/2000,EUG,OR,ANM,WE,Towers with Radar,8,45,26,0,79,8,2,58,0,68,16,47,84,0,147,60,0,60,207
04/03/2000,EUG,OR,ANM,WE,Towers with Radar,11,59,34,0,104,3,6,123,0,132,14,65,157,0,236,70,0,70,306
04/04/2000,EUG,OR,ANM,WE,Towers with Radar,14,79,49,3,145,0,0,61,5,66,14,79,110,8,211,184,2,186,397
04/05/2000,EUG,OR,ANM,WE,Towers with Radar,14,70,40,0,124,2,7,114,0,123,16,77,154,0,247,82,0,82,329
04/06/2000,EUG,OR,ANM,WE,Towers with Radar,15,75,55,3,148,0,0,97,2,99,15,75,152,5,247,166,22,188,435
04/07/2000,EUG,OR,ANM,WE,Towers with Radar,14,74,43,0,131,3,17,110,0,130,17,91,153,0,261,106,0,106,367
04/08/2000,EUG,OR,ANM,WE,Towers with Radar,9,51,29,0,89,3,2,129,0,134,12,53,158,0,223,114,0,114,337
04/09/2000,EUG,OR,ANM,WE,Towers with Radar,15,50,45,3,113,3,0,54,19,76,18,50,99,22,189,58,18,76,265
04/10/2000,EUG,OR,ANM,WE,Towers with Radar,14,71,41,0,126,0,5,67,0,72,14,76,108,0,198,137,0,137,335
04/11/2000,EUG,OR,ANM,WE,Towers with Radar,14,74,42,0,130,0,10,124,0,134,14,84,166,0,264,124,0,124,388
04/12/2000,EUG,OR,ANM,WE,Towers with Radar,18,84,55,2,159,0,0,136,0,136,18,84,191,2,295,90,1,91,386
04/13/2000,EUG,OR,ANM,WE,Towers with Radar,14,87,54,3,158,0,0,50,6,56,14,87,104,9,214,88,36,124,338
04/14/2000,EUG,OR,ANM,WE,Towers with Radar,13,66,52,3,134,0,0,53,5,58,13,66,105,8,192,230,0,230,422
04/15/2000,EUG,OR,ANM,WE,Towers with Radar,14,60,35,0,109,2,2,55,0,59,16,62,90,0,168,216,0,216,384
04/16/2000,EUG,OR,ANM,WE,Towers with Radar,11,46,28,2,87,3,12,18,8,41,14,58,46,10,128,56,18,74,202
04/17/2000,EUG,OR,ANM,WE,Towers with Radar,15,65,39,3,122,2,13,86,7,108,17,78,125,10,230,172,18,190,420
04/18/2000,EUG,OR,ANM,WE,Towers with Radar,16,85,51,3,155,0,3,118,1,122,16,88,169,4,277,170,8,178,455
04/19/2000,EUG,OR,ANM,WE,Towers with Radar,16,81,49,0,146,0,4,96,0,100,16,85,145,0,246,150,0,150,396
04/20/2000,EUG,OR,ANM,WE,Towers with Radar,17,81,44,2,144,0,2,160,0,162,17,83,204,2,306,216,2,218,524
04/21/2000,EUG,OR,ANM,WE,Towers with Radar,14,80,30,1,125,4,0,117,0,121,18,80,147,1,246,244,1,245,491
04/22/2000,EUG,OR,ANM,WE,Towers with Radar,14,56,52,0,122,0,2,78,0,80,14,58,130,0,202,204,0,204,406
04/23/2000,EUG,OR,ANM,WE,Towers with Radar,17,55,23,0,95,0,2,30,0,32,17,57,53,0,127,22,0,22,149
04/24/2000,EUG,OR,ANM,WE,Towers with Radar,14,67,32,1,114,0,0,52,0,52,14,67,84,1,166,190,4,194,360
04/25/2000,EUG,OR,ANM,WE,Towers with Radar,15,73,79,0,167,0,0,63,1,64,15,73,142,1,231,208,0,208,439
04/26/2000,EUG,OR,ANM,WE,Towers with Radar,18,77,39,2,136,0,2,181,0,183,18,79,220,2,319,200,0,200,519
04/27/2000,EUG,OR,ANM,WE,Towers with Radar,14,73,60,2,149,0,0,81,2,83,14,73,141,4,232,242,44,286,518
04/28/2000,EUG,OR,ANM,WE,Towers with Radar,18,81,42,0,141,0,0,29,0,29,18,81,71,0,170,30,0,30,200
04/29/2000,EUG,OR,ANM,WE,Towers with Radar,18,52,29,0,99,0,1,138,0,139,18,53,167,0,238,83,0,83,321
04/30/2000,EUG,OR,ANM,WE,Towers with Radar,18,53,23,0,94,0,0,130,0,130,18,53,153,0,224,76,0,76,300
05/01/2000,EUG,OR,ANM,WE,Towers with Radar,16,72,43,0,131,1,1,79,0,81,17,73,122,0,212,230,0,230,442
05/02/2000,EUG,OR,ANM,WE,Towers with Radar,13,72,53,11,149,0,2,104,0,106,13,74,157,11,255,206,0,206,461
05/03/2000,EUG,OR,ANM,WE,Towers with Radar,17,75,57,0,149,2,0,67,0,69,19,75,124,0,218,146,0,146,364
05/04/2000,EUG,OR,ANM,WE,Towers with Radar,16,83,61,3,163,0,0,93,11,104,16,83,154,14,267,168,12,180,447
05/05/2000,EUG,OR,ANM,WE,Towers with Radar,16,82,51,3,152,4,6,92,0,102,20,88,143,3,254,120,0,120,374
05/06/2000,EUG,OR,ANM,WE,Towers with Radar,11,50,32,2,95,6,3,109,0,118,17,53,141,2,213,238,0,238,451
05/07/2000,EUG,OR,ANM,WE,Towers with Radar,13,50,34,3,100,0,0,58,1,59,13,50,92,4,159,46,0,46,205
05/08/2000,EUG,OR,ANM,WE,Towers with Radar,15,61,51,13,140,0,0,69,5,74,15,61,120,18,214,190,0,190,404
05/09/2000,EUG,OR,ANM,WE,Towers with Radar,14,78,45,0,137,0,2,35,0,37,14,80,80,0,174,106,0,106,280
05/10/2000,EUG,OR,ANM,WE,Towers with Radar,13,78,53,2,146,0,0,9,0,9,13,78,62,2,155,78,0,78,233
05/11/2000,EUG,OR,ANM,WE,Towers with Radar,14,77,56,4,151,0,0,66,0,66,14,77,122,4,217,122,0,122,339
05/12/2000,EUG,OR,ANM,WE,Towers with Radar,15,95,76,0,186,0,1,92,0,93,15,96,168,0,279,170,0,170,449
05/13/2000,EUG,OR,ANM,WE,Towers with Radar,12,55,36,0,103,3,0,112,0,115,15,55,148,0,218,204,0,204,422
05/14/2000,EUG,OR,ANM,WE,Towers with Radar,18,60,6,0,84,0,0,59,0,59,18,60,65,0,143,54,0,54,197
05/15/2000,EUG,OR,ANM,WE,Towers with Radar,14,75,63,0,152,0,1,85,0,86,14,76,148,0,238,122,0,122,360
05/16/2000,EUG,OR,ANM,WE,Towers with Radar,15,79,70,0,164,0,1,118,0,119,15,80,188,0,283,192,0,192,475
05/17/2000,EUG,OR,ANM,WE,Towers with Radar,16,81,47,0,144,0,1,129,0,130,16,82,176,0,274,190,16,206,480
05/18/2000,EUG,OR,ANM,WE,Towers with Radar,16,67,52,0,135,0,0,136,0,136,16,67,188,0,271,186,10,196,467
05/19/2000,EUG,OR,ANM,WE,Towers with Radar,16,73,36,4,129,0,4,100,0,104,16,77,136,4,233,94,0,94,327
05/20/2000,EUG,OR,ANM,WE,Towers with Radar,10,54,34,0,98,0,0,73,0,73,10,54,107,0,171,120,0,120,291
05/21/2000,EUG,OR,ANM,WE,Towers with Radar,9,46,30,0,85,8,18,77,0,103,17,64,107,0,188,62,0,62,250
05/22/2000,EUG,OR,ANM,WE,Towers with Radar,14,76,43,0,133,0,1,140,0,141,14,77,183,0,274,226,2,228,502
05/23/2000,EUG,OR,ANM,WE,Towers with Radar,14,75,55,0,144,0,0,107,0,107,14,75,162,0,251,272,0,272,523
05/24/2000,EUG,OR,ANM,WE,Towers with Radar,14,84,70,0,168,2,5,125,0,132,16,89,195,0,300,324,2,326,626
05/25/2000,EUG,OR,ANM,WE,Towers with Radar,18,81,48,1,148,0,1,155,0,156,18,82,203,1,304,254,2,256,560
05/26/2000,EUG,OR,ANM,WE,Towers with Radar,16,78,51,0,145,1,13,99,2,115,17,91,150,2,260,142,0,142,402
05/27/2000,EUG,OR,ANM,WE,Towers with Radar,13,55,18,0,86,0,5,14,0,19,13,60,32,0,105,14,0,14,119
05/28/2000,EUG,OR,ANM,WE,Towers with Radar,16,54,14,1,85,0,0,38,3,41,16,54,52,4,126,60,0,60,186
05/29/2000,EUG,OR,ANM,WE,Towers with Radar,12,55,29,0,96,0,0,52,2,54,12,55,81,2,150,68,0,68,218
05/30/2000,EUG,OR,ANM,WE,Towers with Radar,15,70,52,13,150,0,0,85,3,88,15,70,137,16,238,202,6,208,446
05/31/2000,EUG,OR,ANM,WE,Towers with Radar,13,80,71,3,167,0,2,123,2,127,13,82,194,5,294,222,8,230,524
06/01/2000,EUG,OR,ANM,WE,Towers with Radar,12,74,54,0,140,1,3,120,0,124,13,77,174,0,264,158,0,158,422
06/02/2000,EUG,OR,ANM,WE,Towers with Radar,14,83,30,1,128,0,1,138,5,144,14,84,168,6,272,122,6,128,400
06/03/2000,EUG,OR,ANM,WE,Towers with Radar,12,64,34,0,110,0,0,134,0,134,12,64,168,0,244,168,0,168,412
06/04/2000,EUG,OR,ANM,WE,Towers with Radar,16,53,15,0,84,0,1,102,48,151,16,54,117,48,235,0,14,14,249
06/05/2000,EUG,OR,ANM,WE,Towers with Radar,14,72,2,1,89,67,23,0,99,189,81,95,2,100,278,0,0,0,278
06/06/2000,EUG,OR,ANM,WE,Towers with Radar,14,81,34,6,135,0,0,87,4,91,14,81,121,10,226,75,4,79,305
06/07/2000,EUG,OR,ANM,WE,Towers with Radar,18,83,62,0,163,0,1,14,0,15,18,84,76,0,178,88,0,88,266
06/08/2000,EUG,OR,ANM,WE,Towers with Radar,14,80,47,10,151,0,2,83,14,99,14,82,130,24,250,192,44,236,486
06/09/2000,EUG,OR,ANM,WE,Towers with Radar,12,77,50,4,143,0,0,54,28,82,12,77,104,32,225,34,0,34,259
06/10/2000,EUG,OR,ANM,WE,Towers with Radar,9,32,27,0,68,9,18,60,1,88,18,50,87,1,156,78,0,78,234
06/11/2000,EUG,OR,ANM,WE,Towers with Radar,10,54,26,1,91,3,3,30,3,39,13,57,56,4,130,0,0,0,130
06/12/2000,EUG,OR,ANM,WE,Towers with Radar,15,73,38,0,126,0,0,26,0,26,15,73,64,0,152,4,0,4,156
06/13/2000,EUG,OR,ANM,WE,Towers with Radar,14,75,45,14,148,1,0,130,8,139,15,75,175,22,287,178,18,196,483
06/14/2000,EUG,OR,ANM,WE,Towers with Radar,16,81,27,0,124,0,2,107,0,109,16,83,134,0,233,100,0,100,333
06/15/2000,EUG,OR,ANM,WE,Towers with Radar,16,76,16,0,108,1,8,101,0,110,17,84,117,0,218,36,0,36,254
06/16/2000,EUG,OR,ANM,WE,Towers with Radar,16,70,35,1,122,1,11,77,3,92,17,81,112,4,214,60,0,60,274
06/17/2000,EUG,OR,ANM,WE,Towers with Radar,11,50,9,0,70,0,2,87,0,89,11,52,96,0,159,54,0,54,213
06/18/2000,EUG,OR,ANM,WE,Towers with Radar,13,54,19,0,86,0,2,93,0,95,13,56,112,0,181,32,0,32,213
06/19/2000,EUG,OR,ANM,WE,Towers with Radar,15,68,34,0,117,1,10,84,0,95,16,78,118,0,212,52,0,52,264
06/20/2000,EUG,OR,ANM,WE,Towers with Radar,17,66,45,0,128,0,16,119,2,137,17,82,164,2,265,128,8,136,401
06/21/2000,EUG,OR,ANM,WE,Towers with Radar,14,71,46,0,131,1,0,128,2,131,15,71,174,2,262,204,0,204,466
06/22/2000,EUG,OR,ANM,WE,Towers with Radar,14,71,38,1,124,0,9,139,1,149,14,80,177,2,273,128,0,128,401
06/23/2000,EUG,OR,ANM,WE,Towers with Radar,12,73,37,0,122,0,0,126,0,126,12,73,163,0,248,168,2,170,418
06/24/2000,EUG,OR,ANM,WE,Towers with Radar,11,54,27,0,92,2,4,101,0,107,13,58,128,0,199,134,1,135,334
06/25/2000,EUG,OR,ANM,WE,Towers with Radar,12,51,30,0,93,0,9,94,0,103,12,60,124,0,196,66,0,66,262
06/26/2000,EUG,OR,ANM,WE,Towers with Radar,12,58,29,1,100,5,17,120,2,144,17,75,149,3,244,112,0,112,356
06/27/2000,EUG,OR,ANM,WE,Towers with Radar,14,74,34,7,129,0,0,135,8,143,14,74,169,15,272,250,14,264,536
06/28/2000,EUG,OR,ANM,WE,Towers with Radar,15,77,30,0,122,2,14,173,0,189,17,91,203,0,311,214,0,214,525
06/29/2000,EUG,OR,ANM,WE,Towers with Radar,15,72,31,1,119,0,8,132,4,144,15,80,163,5,263,262,4,266,529
06/30/2000,EUG,OR,ANM,WE,Towers with Radar,12,71,36,1,120,0,4,126,1,131,12,75,162,2,251,185,2,187,438
07/01/2000,EUG,OR,ANM,WE,Towers with Radar,9,57,31,0,97,0,0,88,0,88,9,57,119,0,185,146,0,146,331
07/02/2000,EUG,OR,ANM,WE,Towers with Radar,9,48,19,0,76,0,1,78,0,79,9,49,97,0,155,50,0,50,205
07/03/2000,EUG,OR,ANM,WE,Towers with Radar,12,63,27,2,104,0,11,73,0,84,12,74,100,2,188,136,0,136,324
07/04/2000,EUG,OR,ANM,WE,Towers with Radar,12,56,29,0,97,0,0,11,2,13,12,56,40,2,110,10,0,10,120
07/05/2000,EUG,OR,ANM,WE,Towers with Radar,9,77,42,8,136,0,0,84,0,84,9,77,126,8,220,104,1,105,325
07/06/2000,EUG,OR,ANM,WE,Towers with Radar,15,78,47,6,146,0,4,112,0,116,15,82,159,6,262,180,8,188,450
07/07/2000,EUG,OR,ANM,WE,Towers with Radar,16,82,28,0,126,1,3,130,0,134,17,85,158,0,260,114,0,114,374
07/08/2000,EUG,OR,ANM,WE,Towers with Radar,12,59,60,0,131,0,0,60,0,60,12,59,120,0,191,102,0,102,293
07/09/2000,EUG,OR,ANM,WE,Towers with Radar,13,63,30,0,106,0,0,65,0,65,13,63,95,0,171,56,0,56,227
07/10/2000,EUG,OR,ANM,WE,Towers with Radar,11,74,43,2,130,0,6,81,0,87,11,80,124,2,217,102,42,144,361
07/11/2000,EUG,OR,ANM,WE,Towers with Radar,15,83,69,0,167,0,0,100,1,101,15,83,169,1,268,102,0,102,370
07/12/2000,EUG,OR,ANM,WE,Towers with Radar,15,76,45,3,139,6,5,104,1,116,21,81,149,4,255,118,0,118,373
07/13/2000,EUG,OR,ANM,WE,Towers with Radar,18,80,50,9,157,0,0,97,11,108,18,80,147,20,265,132,18,150,415
07/14/2000,EUG,OR,ANM,WE,Towers with Radar,14,78,66,2,160,1,0,119,0,120,15,78,185,2,280,112,0,112,392
07/15/2000,EUG,OR,ANM,WE,Towers with Radar,15,54,32,2,103,0,0,104,0,104,15,54,136,2,207,88,0,88,295
07/16/2000,EUG,OR,ANM,WE,Towers with Radar,16,58,17,4,95,2,6,103,1,112,18,64,120,5,207,140,8,148,355
07/17/2000,EUG,OR,ANM,WE,Towers with Radar,15,78,35,3,131,0,7,88,4,99,15,85,123,7,230,140,8,148,378
07/18/2000,EUG,OR,ANM,WE,Towers with Radar,14,77,47,3,141,0,0,106,0,106,14,77,153,3,247,154,4,158,405
07/19/2000,EUG,OR,ANM,WE,Towers with Radar,12,78,61,2,153,3,0,103,0,106,15,78,164,2,259,174,0,174,433
07/20/2000,EUG,OR,ANM,WE,Towers with Radar,14,66,45,2,127,1,0,131,0,132,15,66,176,2,259,110,0,110,369
07/21/2000,EUG,OR,ANM,WE,Towers with Radar,15,83,53,0,151,0,0,81,0,81,15,83,134,0,232,122,0,122,354
07/22/2000,EUG,OR,ANM,WE,Towers with Radar,10,50,30,0,90,5,12,76,0,93,15,62,106,0,183,42,0,42,225
07/23/2000,EUG,OR,ANM,WE,Towers with Radar,10,47,28,0,85,5,15,94,0,114,15,62,122,0,199,64,0,64,263
07/24/2000,EUG,OR,ANM,WE,Towers with Radar,13,71,49,1,134,1,2,94,8,105,14,73,143,9,239,156,0,156,395
07/25/2000,EUG,OR,ANM,WE,Towers with Radar,16,76,61,1,154,0,0,101,1,102,16,76,162,2,256,180,2,182,438
07/26/2000,EUG,OR,ANM,WE,Towers with Radar,16,75,66,4,161,0,0,80,0,80,16,75,146,4,241,91,0,91,332
07/27/2000,EUG,OR,ANM,WE,Towers with Radar,13,70,49,12,144,0,0,118,0,118,13,70,167,12,262,178,18,196,458
07/28/2000,EUG,OR,ANM,WE,Towers with Radar,12,84,56,5,157,0,0,70,2,72,12,84,126,7,229,76,2,78,307
07/29/2000,EUG,OR,ANM,WE,Towers with Radar,15,56,18,0,89,0,0,157,0,157,15,56,175,0,246,116,0,116,362
07/30/2000,EUG,OR,ANM,WE,Towers with Radar,14,56,14,3,87,0,0,96,0,96,14,56,110,3,183,46,0,46,229
07/31/2000,EUG,OR,ANM,WE,Towers with Radar,13,75,52,5,145,0,7,108,13,128,13,82,160,18,273,86,40,126,399
08/01/2000,EUG,OR,ANM,WE,Towers with Radar,14,83,59,10,166,0,8,127,4,139,14,91,186,14,305,98,6,104,409
08/02/2000,EUG,OR,ANM,WE,Towers with Radar,17,84,46,2,149,0,0,132,6,138,17,84,178,8,287,154,16,170,457
08/03/2000,EUG,OR,ANM,WE,Towers with Radar,14,78,36,8,136,0,1,124,6,131,14,79,160,14,267,172,24,196,463
08/04/2000,EUG,OR,ANM,WE,Towers with Radar,18,76,45,2,141,0,12,117,2,131,18,88,162,4,272,136,0,136,408
08/05/2000,EUG,OR,ANM,WE,Towers with Radar,13,52,46,0,111,0,0,57,0,57,13,52,103,0,168,82,0,82,250
08/06/2000,EUG,OR,ANM,WE,Towers with Radar,13,61,19,8,101,0,1,99,0,100,13,62,118,8,201,78,4,82,283
08/07/2000,EUG,OR,ANM,WE,Towers with Radar,13,72,51,0,136,0,2,106,5,113,13,74,157,5,249,48,0,48,297
08/08/2000,EUG,OR,ANM,WE,Towers with Radar,13,79,41,2,135,0,4,129,9,142,13,83,170,11,277,106,8,114,391
08/09/2000,EUG,OR,ANM,WE,Towers with Radar,18,82,55,0,155,0,1,79,0,80,18,83,134,0,235,150,0,150,385
08/10/2000,EUG,OR,ANM,WE,Towers with Radar,14,86,39,0,139,0,0,71,2,73,14,86,110,2,212,164,4,168,380
08/11/2000,EUG,OR,ANM,WE,Towers with Radar,14,50,69,4,137,3,26,63,0,92,17,76,132,4,229,142,2,144,373
08/12/2000,EUG,OR,ANM,WE,Towers with Radar,14,58,7,0,79,0,0,103,0,103,14,58,110,0,182,148,0,148,330
08/13/2000,EUG,OR,ANM,WE,Towers with Radar,12,58,20,1,91,0,0,98,0,98,12,58,118,1,189,44,2,46,235
08/14/2000,EUG,OR,ANM,WE,Towers with Radar,15,75,39,1,130,2,0,85,0,87,17,75,124,1,217,114,2,116,333
08/15/2000,EUG,OR,ANM,WE,Towers with Radar,15,88,43,7,153,0,1,99,3,103,15,89,142,10,256,90,10,100,356
08/16/2000,EUG,OR,ANM,WE,Towers with Radar,14,73,31,0,118,0,4,137,4,145,14,77,168,4,263,130,0,130,393
08/17/2000,EUG,OR,ANM,WE,Towers with Radar,16,89,36,0,141,0,1,108,6,115,16,90,144,6,256,162,16,178,434
08/18/2000,EUG,OR,ANM,WE,Towers with Radar,18,96,49,0,163,0,0,57,0,57,18,96,106,0,220,96,0,96,316
08/19/2000,EUG,OR,ANM,WE,Towers with Radar,14,59,23,0,96,0,0,92,0,92,14,59,115,0,188,104,0,104,292
08/20/2000,EUG,OR,ANM,WE,Towers with Radar,10,53,27,0,90,5,9,71,0,85,15,62,98,0,175,32,0,32,207
08/21/2000,EUG,OR,ANM,WE,Towers with Radar,13,76,43,0,132,0,2,93,5,100,13,78,136,5,232,68,0,68,300
08/22/2000,EUG,OR,ANM,WE,Towers with Radar,15,72,39,2,128,0,0,103,2,105,15,72,142,4,233,124,6,130,363
08/23/2000,EUG,OR,ANM,WE,Towers with Radar,17,86,52,7,162,0,2,120,0,122,17,88,172,7,284,118,10,128,412
08/24/2000,EUG,OR,ANM,WE,Towers with Radar,18,86,25,0,129,0,4,96,0,100,18,90,121,0,229,60,0,60,289
08/25/2000,EUG,OR,ANM,WE,Towers with Radar,14,92,43,0,149,0,0,78,2,80,14,92,121,2,229,60,0,60,289
08/26/2000,EUG,OR,ANM,WE,Towers with Radar,12,51,21,0,84,0,0,90,0,90,12,51,111,0,174,42,0,42,216
08/27/2000,EUG,OR,ANM,WE,Towers with Radar,16,63,20,0,99,0,0,86,2,88,16,63,106,2,187,42,0,42,229
08/28/2000,EUG,OR,ANM,WE,Towers with Radar,15,86,30,2,133,0,0,63,0,63,15,86,93,2,196,14,0,14,210
08/29/2000,EUG,OR,ANM,WE,Towers with Radar,14,70,27,2,113,0,0,65,5,70,14,70,92,7,183,16,0,16,199
08/30/2000,EUG,OR,ANM,WE,Towers with Radar,13,80,45,2,140,4,0,73,7,84,17,80,118,9,224,100,4,104,328
08/31/2000,EUG,OR,ANM,WE,Towers with Radar,16,79,55,2,152,1,0,45,8,54,17,79,100,10,206,146,10,156,362
09/01/2000,EUG,OR,ANM,WE,Towers with Radar,11,79,30,3,123,7,3,56,0,66,18,82,86,3,189,96,0,96,285
09/02/2000,EUG,OR,ANM,WE,Towers with Radar,16,41,21,1,79,0,5,37,0,42,16,46,58,1,121,76,0,76,197
09/03/2000,EUG,OR,ANM,WE,Towers with Radar,12,48,15,0,75,0,0,22,0,22,12,48,37,0,97,28,0,28,125
09/04/2000,EUG,OR,ANM,WE,Towers with Radar,14,47,37,1,99,0,0,44,0,44,14,47,81,1,143,12,0,12,155
09/05/2000,EUG,OR,ANM,WE,Towers with Radar,14,80,46,2,142,0,0,82,0,82,14,80,128,2,224,90,14,104,328
09/06/2000,EUG,OR,ANM,WE,Towers with Radar,16,77,41,3,137,0,8,101,0,109,16,85,142,3,246,86,0,86,332
09/07/2000,EUG,OR,ANM,WE,Towers with Radar,15,85,44,2,146,0,0,100,6,106,15,85,144,8,252,70,2,72,324
09/08/2000,EUG,OR,ANM,WE,Towers with Radar,19,71,41,6,137,5,0,18,2,25,24,71,59,8,162,8,0,8,170
09/09/2000,EUG,OR,ANM,WE,Towers with Radar,11,54,24,1,90,2,7,62,0,71,13,61,86,1,161,68,0,68,229
09/10/2000,EUG,OR,ANM,WE,Towers with Radar,14,58,29,4,105,4,3,25,0,32,18,61,54,4,137,6,2,8,145
09/11/2000,EUG,OR,ANM,WE,Towers with Radar,15,74,43,0,132,1,4,48,1,54,16,78,91,1,186,30,1,31,217
09/12/2000,EUG,OR,ANM,WE,Towers with Radar,17,76,34,2,129,1,11,79,2,93,18,87,113,4,222,44,10,54,276
09/13/2000,EUG,OR,ANM,WE,Towers with Radar,20,89,24,7,140,0,0,127,0,127,20,89,151,7,267,60,0,60,327
09/14/2000,EUG,OR,ANM,WE,Towers with Radar,20,80,29,0,129,0,0,92,0,92,20,80,121,0,221,96,0,96,317
09/15/2000,EUG,OR,ANM,WE,Towers with Radar,19,86,68,0,173,0,0,69,4,73,19,86,137,4,246,96,0,96,342
09/16/2000,EUG,OR,ANM,WE,Towers with Radar,17,67,25,0,109,0,6,84,0,90,17,73,109,0,199,88,0,88,287
09/17/2000,EUG,OR,ANM,WE,Towers with Radar,18,60,18,0,96,0,2,58,1,61,18,62,76,1,157,2,0,2,159
09/18/2000,EUG,OR,ANM,WE,Towers with Radar,19,70,26,1,116,0,0,64,0,64,19,70,90,1,180,50,0,50,230
09/19/2000,EUG,OR,ANM,WE,Towers with Radar,11,84,40,1,136,9,4,86,1,100,20,88,126,2,236,130,2,132,368
09/20/2000,EUG,OR,ANM,WE,Towers with Radar,17,84,42,0,143,0,0,83,0,83,17,84,125,0,226,120,0,120,346
09/21/2000,EUG,OR,ANM,WE,Towers with Radar,16,91,42,3,152,0,4,59,11,74,16,95,101,14,226,134,0,134,360
09/22/2000,EUG,OR,ANM,WE,Towers with Radar,15,78,37,0,130,0,0,62,0,62,15,78,99,0,192,94,0,94,286
09/23/2000,EUG,OR,ANM,WE,Towers with Radar,18,75,13,1,107,0,3,124,2,129,18,78,137,3,236,76,0,76,312
09/24/2000,EUG,OR,ANM,WE,Towers with Radar,21,59,28,0,108,0,1,82,0,83,21,60,110,0,191,38,0,38,229
09/25/2000,EUG,OR,ANM,WE,Towers with Radar,17,73,28,1,119,1,2,103,0,106,18,75,131,1,225,138,0,138,363
09/26/2000,EUG,OR,ANM,WE,Towers with Radar,20,81,39,0,140,0,3,106,0,109,20,84,145,0,249,120,0,120,369
09/27/2000,EUG,OR,ANM,WE,Towers with Radar,19,84,28,2,133,2,0,126,7,135,21,84,154,9,268,162,0,162,430
09/28/2000,EUG,OR,ANM,WE,Towers with Radar,19,87,29,2,137,0,0,105,0,105,19,87,134,2,242,176,0,176,418
09/29/2000,EUG,OR,ANM,WE,Towers with Radar,19,69,40,2,130,0,0,86,0,86,19,69,126,2,216,146,0,146,362
09/30/2000,EUG,OR,ANM,WE,Towers with Radar,20,63,56,0,139,0,4,88,0,92,20,67,144,0,231,124,0,124,355
10/01/2000,EUG,OR,ANM,WE,Towers with Radar,9,62,31,0,102,12,0,33,0,45,21,62,64,0,147,44,0,44,191
10/02/2000,EUG,OR,ANM,WE,Towers with Radar,17,74,36,0,127,2,1,150,2,155,19,75,186,2,282,76,0,76,358
10/03/2000,EUG,OR,ANM,WE,Towers with Radar,18,79,23,2,122,2,0,137,0,139,20,79,160,2,261,76,6,82,343
10/04/2000,EUG,OR,ANM,WE,Towers with Radar,17,72,46,0,135,5,3,182,0,190,22,75,228,0,325,186,0,186,511
10/05/2000,EUG,OR,ANM,WE,Towers with Radar,23,80,25,3,131,1,8,146,4,159,24,88,171,7,290,130,0,130,420
10/06/2000,EUG,OR,ANM,WE,Towers with Radar,18,77,29,17,141,6,0,192,9,207,24,77,221,26,348,100,8,108,456
10/07/2000,EUG,OR,ANM,WE,Towers with Radar,11,38,9,2,60,8,32,181,2,223,19,70,190,4,283,70,2,72,355
10/08/2000,EUG,OR,ANM,WE,Towers with Radar,18,51,12,9,90,0,0,115,8,123,18,51,127,17,213,10,15,25,238
10/09/2000,EUG,OR,ANM,WE,Towers with Radar,18,75,37,5,135,1,0,29,1,31,19,75,66,6,166,106,0,106,272
10/10/2000,EUG,OR,ANM,WE,Towers with Radar,20,72,45,3,140,0,0,112,15,127,20,72,157,18,267,200,0,200,467
10/11/2000,EUG,OR,ANM,WE,Towers with Radar,21,88,52,1,162,0,0,150,0,150,21,88,202,1,312,196,0,196,508
10/12/2000,EUG,OR,ANM,WE,Towers with Radar,22,86,45,8,161,0,2,78,0,80,22,88,123,8,241,150,0,150,391
10/13/2000,EUG,OR,ANM,WE,Towers with Radar,22,73,68,6,169,0,4,52,0,56,22,77,120,6,225,150,0,150,375
10/14/2000,EUG,OR,ANM,WE,Towers with Radar,19,56,41,0,116,0,2,89,0,91,19,58,130,0,207,96,0,96,303
10/15/2000,EUG,OR,ANM,WE,Towers with Radar,21,53,14,4,92,1,3,52,0,56,22,56,66,4,148,38,2,40,188
10/16/2000,EUG,OR,ANM,WE,Towers with Radar,19,73,59,3,154,0,4,96,0,100,19,77,155,3,254,132,6,138,392
10/17/2000,EUG,OR,ANM,WE,Towers with Radar,24,84,44,9,161,0,1,134,0,135,24,85,178,9,296,146,22,168,464
10/18/2000,EUG,OR,ANM,WE,Towers with Radar,22,81,61,0,164,0,7,92,0,99,22,88,153,0,263,232,0,232,495
10/19/2000,EUG,OR,ANM,WE,Towers with Radar,22,78,42,0,142,0,13,73,0,86,22,91,115,0,228,214,0,214,442
10/20/2000,EUG,OR,ANM,WE,Towers with Radar,19,79,57,0,155,0,0,22,0,22,19,79,79,0,177,76,0,76,253
10/21/2000,EUG,OR,ANM,WE,Towers with Radar,15,52,15,6,88,6,9,110,0,125,21,61,125,6,213,134,0,134,347
10/22/2000,EUG,OR,ANM,WE,Towers with Radar,20,52,45,0,117,0,0,69,0,69,20,52,114,0,186,62,0,62,248
10/23/2000,EUG,OR,ANM,WE,Towers with Radar,25,76,20,0,121,0,1,157,0,158,25,77,177,0,279,94,0,94,373
10/24/2000,EUG,OR,ANM,WE,Towers with Radar,20,70,36,3,129,6,2,86,1,95,26,72,122,4,224,138,0,138,362
10/25/2000,EUG,OR,ANM,WE,Towers with Radar,23,77,53,0,153,0,9,94,0,103,23,86,147,0,256,190,0,190,446
10/26/2000,EUG,OR,ANM,WE,Towers with Radar,22,88,53,8,171,0,1,82,0,83,22,89,135,8,254,170,8,178,432
10/27/2000,EUG,OR,ANM,WE,Towers with Radar,25,79,52,0,156,0,0,76,0,76,25,79,128,0,232,174,0,174,406
10/28/2000,EUG,OR,ANM,WE,Towers with Radar,18,59,28,0,105,0,5,63,2,70,18,64,91,2,175,116,0,116,291
10/29/2000,EUG,OR,ANM,WE,Towers with Radar,11,52,20,0,83,0,0,42,4,46,11,52,62,4,129,32,0,32,161
10/30/2000,EUG,OR,ANM,WE,Towers with Radar,24,86,41,0,151,0,3,64,0,67,24,89,105,0,218,164,0,164,382
10/31/2000,EUG,OR,ANM,WE,Towers with Radar,29,80,36,0,145,0,0,47,0,47,29,80,83,0,192,180,0,180,372
11/01/2000,EUG,OR,ANM,WE,Towers with Radar,19,88,44,2,153,1,0,88,0,89,20,88,132,2,242,196,0,196,438
11/02/2000,EUG,OR,ANM,WE,Towers with Radar,19,86,65,1,171,1,0,1,1,3,20,86,66,2,174,166,2,168,342
11/03/2000,EUG,OR,ANM,WE,Towers with Radar,27,78,38,1,144,0,0,45,1,46,27,78,83,2,190,106,0,106,296
11/04/2000,EUG,OR,ANM,WE,Towers with Radar,19,61,34,9,123,0,5,51,1,57,19,66,85,10,180,148,8,156,336
11/05/2000,EUG,OR,ANM,WE,Towers with Radar,16,47,24,0,87,2,5,47,0,54,18,52,71,0,141,84,2,86,227
11/06/2000,EUG,OR,ANM,WE,Towers with Radar,26,83,37,5,151,0,0,95,1,96,26,83,132,6,247,198,0,198,445
11/07/2000,EUG,OR,ANM,WE,Towers with Radar,24,73,53,6,156,5,0,64,10,79,29,73,117,16,235,121,8,129,364
11/08/2000,EUG,OR,ANM,WE,Towers with Radar,23,85,73,4,185,0,1,48,0,49,23,86,121,4,234,148,16,164,398
11/09/2000,EUG,OR,ANM,WE,Towers with Radar,22,73,43,1,139,0,0,88,0,88,22,73,131,1,227,162,0,162,389
11/10/2000,EUG,OR,ANM,WE,Towers with Radar,19,59,32,1,111,3,21,22,0,46,22,80,54,1,157,30,0,30,187
11/11/2000,EUG,OR,ANM,WE,Towers with Radar,21,53,47,0,121,0,0,95,0,95,21,53,142,0,216,114,0,114,330
11/12/2000,EUG,OR,ANM,WE,Towers with Radar,23,51,31,0,105,0,2,62,0,64,23,53,93,0,169,42,0,42,211
11/13/2000,EUG,OR,ANM,WE,Towers with Radar,20,68,33,0,121,0,0,90,0,90,20,68,123,0,211,214,0,214,425
11/14/2000,EUG,OR,ANM,WE,Towers with Radar,20,77,57,10,164,0,1,82,0,83,20,78,139,10,247,98,12,110,357
11/15/2000,EUG,OR,ANM,WE,Towers with Radar,20,88,23,2,133,0,2,115,5,122,20,90,138,7,255,190,0,190,445
11/16/2000,EUG,OR,ANM,WE,Towers with Radar,20,76,55,7,158,0,1,65,0,66,20,77,120,7,224,128,4,132,356
11/17/2000,EUG,OR,ANM,WE,Towers with Radar,20,63,34,0,117,1,6,29,0,36,21,69,63,0,153,88,0,88,241
11/18/2000,EUG,OR,ANM,WE,Towers with Radar,20,37,16,0,73,0,0,44,0,44,20,37,60,0,117,74,0,74,191
11/19/2000,EUG,OR,ANM,WE,Towers with Radar,20,36,16,0,72,0,1,5,0,6,20,37,21,0,78,0,0,0,78
11/20/2000,EUG,OR,ANM,WE,Towers with Radar,21,62,41,0,124,0,2,37,2,41,21,64,78,2,165,74,2,76,241
11/21/2000,EUG,OR,ANM,WE,Towers with Radar,21,77,33,0,131,0,1,59,0,60,21,78,92,0,191,98,0,98,289
11/22/2000,EUG,OR,ANM,WE,Towers with Radar,20,88,47,8,163,0,1,66,0,67,20,89,113,8,230,160,2,162,392
11/23/2000,EUG,OR,ANM,WE,Towers with Radar,16,49,1,2,68,0,1,2,0,3,16,50,3,2,71,0,0,0,71
11/24/2000,EUG,OR,ANM,WE,Towers with Radar,13,56,24,0,93,0,8,11,0,19,13,64,35,0,112,0,0,0,112
11/25/2000,EUG,OR,ANM,WE,Towers with Radar,19,53,10,0,82,0,2,17,0,19,19,55,27,0,101,10,0,10,111
11/26/2000,EUG,OR,ANM,WE,Towers with Radar,22,60,21,0,103,0,0,37,0,37,22,60,58,0,140,22,0,22,162
11/27/2000,EUG,OR,ANM,WE,Towers with Radar,20,78,53,0,151,0,0,66,0,66,20,78,119,0,217,144,0,144,361
11/28/2000,EUG,OR,ANM,WE,Towers with Radar,21,70,39,2,132,0,0,2,0,2,21,70,41,2,134,0,0,0,134
11/29/2000,EUG,OR,ANM,WE,Towers with Radar,21,74,39,4,138,0,1,43,0,44,21,75,82,4,182,102,0,102,284
11/30/2000,EUG,OR,ANM,WE,Towers with Radar,24,82,34,2,142,0,0,121,1,122,24,82,155,3,264,172,0,172,436
12/01/2000,EUG,OR,ANM,WE,Towers with Radar,18,78,34,2,132,0,0,81,0,81,18,78,115,2,213,176,2,178,391
12/02/2000,EUG,OR,ANM,WE,Towers with Radar,20,57,22,0,99,0,0,65,0,65,20,57,87,0,164,158,0,158,322
12/03/2000,EUG,OR,ANM,WE,Towers with Radar,22,54,28,0,104,0,0,3,0,3,22,54,31,0,107,0,0,0,107
12/04/2000,EUG,OR,ANM,WE,Towers with Radar,26,87,54,4,171,0,1,73,2,76,26,88,127,6,247,128,0,128,375
12/05/2000,EUG,OR,ANM,WE,Towers with Radar,22,71,36,4,133,0,5,38,0,43,22,76,74,4,176,44,8,52,228
12/06/2000,EUG,OR,ANM,WE,Towers with Radar,20,58,24,4,106,0,0,64,0,64,20,58,88,4,170,86,0,86,256
12/07/2000,EUG,OR,ANM,WE,Towers with Radar,22,39,20,2,83,0,0,3,0,3,22,39,23,2,86,0,0,0,86
12/08/2000,EUG,OR,ANM,WE,Towers with Radar,19,58,36,1,114,3,0,11,0,14,22,58,47,1,128,0,0,0,128
12/09/2000,EUG,OR,ANM,WE,Towers with Radar,19,52,26,2,99,4,1,72,1,78,23,53,98,3,177,144,0,144,321
12/10/2000,EUG,OR,ANM,WE,Towers with Radar,21,48,12,1,82,0,4,8,0,12,21,52,20,1,94,18,0,18,112
12/11/2000,EUG,OR,ANM,WE,Towers with Radar,25,79,18,0,122,0,0,2,0,2,25,79,20,0,124,0,0,0,124
12/12/2000,EUG,OR,ANM,WE,Towers with Radar,19,61,33,0,113,0,0,38,0,38,19,61,71,0,151,78,0,78,229
12/13/2000,EUG,OR,ANM,WE,Towers with Radar,18,56,41,5,120,0,3,8,0,11,18,59,49,5,131,24,2,26,157
12/14/2000,EUG,OR,ANM,WE,Towers with Radar,20,66,31,9,126,0,0,4,0,4,20,66,35,9,130,4,0,4,134
12/15/2000,EUG,OR,ANM,WE,Towers with Radar,18,61,38,0,117,0,5,24,0,29,18,66,62,0,146,36,0,36,182
12/16/2000,EUG,OR,ANM,WE,Towers with Radar,21,56,14,0,91,1,0,16,0,17,22,56,30,0,108,12,0,12,120
12/17/2000,EUG,OR,ANM,WE,Towers with Radar,21,52,13,0,86,1,0,50,0,51,22,52,63,0,137,86,0,86,223
12/18/2000,EUG,OR,ANM,WE,Towers with Radar,19,53,10,0,82,0,0,0,0,0,19,53,10,0,82,0,0,0,82
12/19/2000,EUG,OR,ANM,WE,Towers with Radar,25,89,34,3,151,0,4,60,17,81,25,93,94,20,232,42,4,46,278
12/20/2000,EUG,OR,ANM,WE,Towers with Radar,22,77,31,0,130,0,0,17,0,17,22,77,48,0,147,2,0,2,149
12/21/2000,EUG,OR,ANM,WE,Towers with Radar,25,77,20,2,124,0,0,0,10,10,25,77,20,12,134,6,0,6,140
12/22/2000,EUG,OR,ANM,WE,Towers with Radar,23,80,29,0,132,0,7,7,0,14,23,87,36,0,146,2,0,2,148
12/23/2000,EUG,OR,ANM,WE,Towers with Radar,19,54,17,0,90,7,0,0,0,7,26,54,17,0,97,0,0,0,97
12/24/2000,EUG,OR,ANM,WE,Towers with Radar,15,44,14,0,73,11,4,28,0,43,26,48,42,0,116,8,0,8,124
12/25/2000,EUG,OR,ANM,WE,Towers with Radar,12,37,12,0,61,1,20,23,0,44,13,57,35,0,105,10,0,10,115
12/26/2000,EUG,OR,ANM,WE,Towers with Radar,18,66,24,0,108,0,0,0,0,0,18,66,24,0,108,0,0,0,108
12/27/2000,EUG,OR,ANM,WE,Towers with Radar,29,76,34,0,139,1,6,1,0,8,30,82,35,0,147,0,0,0,147
12/28/2000,EUG,OR,ANM,WE,Towers with Radar,21,68,23,0,112,0,0,3,0,3,21,68,26,0,115,0,0,0,115
12/29/2000,EUG,OR,ANM,WE,Towers with Radar,19,79,17,0,115,1,0,8,0,9,20,79,25,0,124,6,0,6,130
12/30/2000,EUG,OR,ANM,WE,Towers with Radar,33,67,23,0,123,5,3,76,0,84,38,70,99,0,207,56,0,56,263
12/31/2000,EUG,OR,ANM,WE,Towers with Radar,19,48,13,0,80,0,5,52,0,57,19,53,65,0,137,60,0,60,197
01/01/2001,EUG,OR,ANM,WE,Towers with Radar,17,40,8,0,65,1,5,0,0,6,18,45,8,0,71,0,0,0,71
01/02/2001,EUG,OR,ANM,WE,Towers with Radar,30,75,17,4,126,0,1,10,0,11,30,76,27,4,137,4,0,4,141
01/03/2001,EUG,OR,ANM,WE,Towers with Radar,27,76,14,0,117,0,1,15,0,16,27,77,29,0,133,14,0,14,147
01/04/2001,EUG,OR,ANM,WE,Towers with Radar,21,85,43,4,153,0,1,62,0,63,21,86,105,4,216,38,0,38,254
01/05/2001,EUG,OR,ANM,WE,Towers with Radar,18,80,20,4,122,0,0,21,0,21,18,80,41,4,143,64,0,64,207
01/06/2001,EUG,OR,ANM,WE,Towers with Radar,17,53,23,0,93,3,0,0,0,3,20,53,23,0,96,0,0,0,96
01/07/2001,EUG,OR,ANM,WE,Towers with Radar,14,48,28,2,92,2,0,22,0,24,16,48,50,2,116,0,0,0,116
01/08/2001,EUG,OR,ANM,WE,Towers with Radar,21,72,30,0,123,1,4,29,0,34,22,76,59,0,157,82,0,82,239
01/09/2001,EUG,OR,ANM,WE,Towers with Radar,15,54,30,2,101,3,18,9,0,30,18,72,39,2,131,82,0,82,213
01/10/2001,EUG,OR,ANM,WE,Towers with Radar,18,76,58,2,154,1,8,33,4,46,19,84,91,6,200,68,10,78,278
01/11/2001,EUG,OR,ANM,WE,Towers with Radar,15,83,49,0,147,1,0,65,1,67,16,83,114,1,214,142,0,142,356
01/12/2001,EUG,OR,ANM,WE,Towers with Radar,19,76,61,4,160,0,4,59,0,63,19,80,120,4,223,122,0,122,345
01/13/2001,EUG,OR,ANM,WE,Towers with Radar,21,53,23,0,97,2,1,38,0,41,23,54,61,0,138,36,0,36,174
01/14/2001,EUG,OR,ANM,WE,Towers with Radar,14,51,23,0,88,0,7,27,0,34,14,58,50,0,122,50,0,50,172
01/15/2001,EUG,OR,ANM,WE,Towers with Radar,18,70,25,0,113,8,0,26,0,34,26,70,51,0,147,36,0,36,183
01/16/2001,EUG,OR,ANM,WE,Towers with Radar,16,54,47,0,117,0,0,25,0,25,16,54,72,0,142,40,0,40,182
01/17/2001,EUG,OR,ANM,WE,Towers with Radar,20,76,62,0,158,1,10,92,0,103,21,86,154,0,261,204,0,204,465
01/18/2001,EUG,OR,ANM,WE,Towers with Radar,24,84,36,2,146,1,0,72,2,75,25,84,108,4,221,122,2,124,345
01/19/2001,EUG,OR,ANM,WE,Towers with Radar,21,74,50,3,148,0,0,102,19,121,21,74,152,22,269,164,16,180,449
01/20/2001,EUG,OR,ANM,WE,Towers with Radar,13,56,32,0,101,0,0,60,0,60,13,56,92,0,161,90,0,90,251
01/21/2001,EUG,OR,ANM,WE,Towers with Radar,20,40,19,0,79,0,0,26,2,28,20,40,45,2,107,52,4,56,163
01/22/2001,EUG,OR,ANM,WE,Towers with Radar,23,64,48,2,137,0,1,6,0,7,23,65,54,2,144,0,0,0,144
01/23/2001,EUG,OR,ANM,WE,Towers with Radar,18,85,42,0,145,0,0,37,0,37,18,85,79,0,182,72,0,72,254
01/24/2001,EUG,OR,ANM,WE,Towers with Radar,21,77,67,13,178,1,0,9,9,19,22,77,76,22,197,142,22,164,361
01/25/2001,EUG,OR,ANM,WE,Towers with Radar,20,76,46,2,144,0,0,36,0,36,20,76,82,2,180,128,0,128,308
01/26/2001,EUG,OR,ANM,WE,Towers with Radar,20,76,39,0,135,1,6,120,0,127,21,82,159,0,262,160,2,162,424
01/27/2001,EUG,OR,ANM,WE,Towers with Radar,20,56,9,2,87,0,10,135,0,145,20,66,144,2,232,100,24,124,356
01/28/2001,EUG,OR,ANM,WE,Towers with Radar,17,41,9,0,67,0,4,38,0,42,17,45,47,0,109,16,0,16,125
01/29/2001,EUG,OR,ANM,WE,Towers with Radar,24,70,48,11,153,0,0,26,0,26,24,70,74,11,179,90,12,102,281
01/30/2001,EUG,OR,ANM,WE,Towers with Radar,22,74,67,3,166,0,0,82,2,84,22,74,149,5,250,112,0,112,362
01/31/2001,EUG,OR,ANM,WE,Towers with Radar,24,81,63,4,172,0,3,37,4,44,24,84,100,8,216,90,8,98,314
02/01/2001,EUG,OR,ANM,WE,Towers with Radar,21,74,33,0,128,1,0,92,0,93,22,74,125,0,221,178,4,182,403
02/02/2001,EUG,OR,ANM,WE,Towers with Radar,21,80,39,8,148,1,4,59,1,65,22,84,98,9,213,76,18,94,307
02/03/2001,EUG,OR,ANM,WE,Towers with Radar,15,52,38,2,107,6,0,37,0,43,21,52,75,2,150,42,0,42,192
02/04/2001,EUG,OR,ANM,WE,Towers with Radar,20,47,24,2,93,1,0,16,0,17,21,47,40,2,110,72,0,72,182
02/05/2001,EUG,OR,ANM,WE,Towers with Radar,24,69,64,0,157,1,4,70,0,75,25,73,134,0,232,202,10,212,444
02/06/2001,EUG,OR,ANM,WE,Towers with Radar,23,80,29,2,134,1,0,80,2,83,24,80,109,4,217,238,2,240,457
02/07/2001,EUG,OR,ANM,WE,Towers with Radar,23,74,43,0,140,1,4,211,0,216,24,78,254,0,356,144,0,144,500
02/08/2001,EUG,OR,ANM,WE,Towers with Radar,22,76,31,1,130,0,1,16,1,18,22,77,47,2,148,124,4,128,276
02/09/2001,EUG,OR,ANM,WE,Towers with Radar,20,85,59,14,178,0,0,23,0,23,20,85,82,14,201,2,0,2,203
02/10/2001,EUG,OR,ANM,WE,Towers with Radar,19,51,35,0,105,3,0,24,0,27,22,51,59,0,132,64,0,64,196
02/11/2001,EUG,OR,ANM,WE,Towers with Radar,19,50,27,0,96,0,0,8,0,8,19,50,35,0,104,14,0,14,118
02/12/2001,EUG,OR,ANM,WE,Towers with Radar,22,77,50,3,152,0,0,15,1,16,22,77,65,4,168,52,18,70,238
02/13/2001,EUG,OR,ANM,WE,Towers with Radar,17,56,32,1,106,7,12,44,1,64,24,68,76,2,170,70,6,76,246
02/14/2001,EUG,OR,ANM,WE,Towers with Radar,22,76,56,0,154,0,3,130,0,133,22,79,186,0,287,128,0,128,415
02/15/2001,EUG,OR,ANM,WE,Towers with Radar,19,80,52,2,153,0,0,31,6,37,19,80,83,8,190,76,0,76,266
02/16/2001,EUG,OR,ANM,WE,Towers with Radar,21,70,28,0,119,4,0,59,0,63,25,70,87,0,182,116,0,116,298
02/17/2001,EUG,OR,ANM,WE,Towers with Radar,18,51,33,0,102,1,0,68,0,69,19,51,101,0,171,80,0,80,251
02/18/2001,EUG,OR,ANM,WE,Towers with Radar,21,50,15,0,86,0,4,31,0,35,21,54,46,0,121,80,0,80,201
02/19/2001,EUG,OR,ANM,WE,Towers with Radar,21,72,15,0,108,0,0,38,0,38,21,72,53,0,146,26,0,26,172
02/20/2001,EUG,OR,ANM,WE,Towers with Radar,19,61,35,0,115,3,22,35,0,60,22,83,70,0,175,78,0,78,253
02/21/2001,EUG,OR,ANM,WE,Towers with Radar,19,90,80,0,189,0,0,14,6,20,19,90,94,6,209,68,0,68,277
02/22/2001,EUG,OR,ANM,WE,Towers with Radar,28,81,82,0,191,0,0,8,0,8,28,81,90,0,199,46,0,46,245
02/23/2001,EUG,OR,ANM,WE,Towers with Radar,21,74,71,0,166,1,0,37,0,38,22,74,108,0,204,76,0,76,280
02/24/2001,EUG,OR,ANM,WE,Towers with Radar,20,52,26,2,100,0,0,62,0,62,20,52,88,2,162,60,2,62,224
02/25/2001,EUG,OR,ANM,WE,Towers with Radar,17,50,15,0,82,0,0,98,0,98,17,50,113,0,180,104,0,104,284
02/26/2001,EUG,OR,ANM,WE,Towers with Radar,21,75,19,3,118,0,5,125,1,131,21,80,144,4,249,140,0,140,389
02/27/2001,EUG,OR,ANM,WE,Towers with Radar,25,67,35,3,130,1,0,139,4,144,26,67,174,7,274,162,14,176,450
02/28/2001,EUG,OR,ANM,WE,Towers with Radar,19,62,39,7,127,0,0,132,3,135,19,62,171,10,262,150,2,152,414
03/01/2001,EUG,OR,ANM,WE,Towers with Radar,16,67,49,0,132,0,3,53,0,56,16,70,102,0,188,96,0,96,284
03/02/2001,EUG,OR,ANM,WE,Towers with Radar,23,66,46,13,148,5,9,35,3,52,28,75,81,16,200,138,16,154,354
03/03/2001,EUG,OR,ANM,WE,Towers with Radar,17,47,46,0,110,0,1,42,0,43,17,48,88,0,153,48,0,48,201
03/04/2001,EUG,OR,ANM,WE,Towers with Radar,16,45,34,6,101,0,2,0,0,2,16,47,34,6,103,0,6,6,109
03/05/2001,EUG,OR,ANM,WE,Towers with Radar,19,56,53,0,128,0,0,51,0,51,19,56,104,0,179,96,0,96,275
03/06/2001,EUG,OR,ANM,WE,Towers with Radar,25,91,23,0,139,0,2,138,0,140,25,93,161,0,279,142,0,142,421
03/07/2001,EUG,OR,ANM,WE,Towers with Radar,19,77,36,3,135,1,3,116,5,125,20,80,152,8,260,196,12,208,468
03/08/2001,EUG,OR,ANM,WE,Towers with Radar,22,74,60,4,160,0,0,46,0,46,22,74,106,4,206,92,8,100,306
03/09/2001,EUG,OR,ANM,WE,Towers with Radar,21,68,63,4,156,0,0,41,0,41,21,68,104,4,197,86,2,88,285
03/10/2001,EUG,OR,ANM,WE,Towers with Radar,17,47,31,0,95,2,0,71,0,73,19,47,102,0,168,138,0,138,306
03/11/2001,EUG,OR,ANM,WE,Towers with Radar,23,45,46,2,116,0,5,64,0,69,23,50,110,2,185,82,0,82,267
03/12/2001,EUG,OR,ANM,WE,Towers with Radar,25,66,41,0,132,0,2,95,0,97,25,68,136,0,229,106,0,106,335
03/13/2001,EUG,OR,ANM,WE,Towers with Radar,21,69,50,4,144,0,0,63,10,73,21,69,113,14,217,76,30,106,323
03/14/2001,EUG,OR,ANM,WE,Towers with Radar,19,68,70,0,157,0,2,50,0,52,19,70,120,0,209,180,0,180,389
03/15/2001,EUG,OR,ANM,WE,Towers with Radar,24,69,41,2,136,0,3,16,1,20,24,72,57,3,156,50,0,50,206
03/16/2001,EUG,OR,ANM,WE,Towers with Radar,26,71,41,0,138,0,0,67,0,67,26,71,108,0,205,154,0,154,359
03/17/2001,EUG,OR,ANM,WE,Towers with Radar,18,51,31,0,100,5,6,30,0,41,23,57,61,0,141,102,0,102,243
03/18/2001,EUG,OR,ANM,WE,Towers with Radar,23,46,29,0,98,0,0,12,0,12,23,46,41,0,110,68,0,68,178
03/19/2001,EUG,OR,ANM,WE,Towers with Radar,18,71,43,0,132,0,4,55,0,59,18,75,98,0,191,152,0,152,343
03/20/2001,EUG,OR,ANM,WE,Towers with Radar,21,81,25,3,130,0,3,91,0,94,21,84,116,3,224,104,0,104,328
03/21/2001,EUG,OR,ANM,WE,Towers with Radar,19,69,47,0,135,0,1,56,0,57,19,70,103,0,192,100,0,100,292
03/22/2001,EUG,OR,ANM,WE,Towers with Radar,22,76,44,2,144,0,6,72,7,85,22,82,116,9,229,136,10,146,375
03/23/2001,EUG,OR,ANM,WE,Towers with Radar,21,70,40,2,133,0,5,84,0,89,21,75,124,2,222,124,0,124,346
03/24/2001,EUG,OR,ANM,WE,Towers with Radar,18,51,15,0,84,0,7,28,34,69,18,58,43,34,153,0,19,19,172
03/25/2001,EUG,OR,ANM,WE,Towers with Radar,19,28,0,1,48,31,0,0,17,48,50,28,0,18,96,0,24,24,120
03/26/2001,EUG,OR,ANM,WE,Towers with Radar,24,71,0,0,95,56,0,0,112,168,80,71,0,112,263,0,21,21,284
03/27/2001,EUG,OR,ANM,WE,Towers with Radar,21,46,9,0,76,54,0,0,0,54,75,46,9,0,130,0,23,23,153
03/28/2001,EUG,OR,ANM,WE,Towers with Radar,23,67,2,2,94,54,0,0,94,148,77,67,2,96,242,0,25,25,267
03/29/2001,EUG,OR,ANM,WE,Towers with Radar,18,53,4,1,76,59,11,0,65,135,77,64,4,66,211,12,20,32,243
03/30/2001,EUG,OR,ANM,WE,Towers with Radar,24,80,0,0,104,55,24,0,50,129,79,104,0,50,233,0,19,19,252
03/31/2001,EUG,OR,ANM,WE,Towers with Radar,18,39,3,0,60,42,0,0,0,42,60,39,3,0,102,66,0,66,168
04/01/2001,EUG,OR,ANM,WE,Towers with Radar,23,51,13,0,87,0,0,30,0,30,23,51,43,0,117,56,2,58,175
04/02/2001,EUG,OR,ANM,WE,Towers with Radar,18,69,16,8,111,0,0,43,0,43,18,69,59,8,154,82,14,96,250
04/03/2001,EUG,OR,ANM,WE,Towers with Radar,20,85,25,4,134,0,0,70,0,70,20,85,95,4,204,78,6,84,288
04/04/2001,EUG,OR,ANM,WE,Towers with Radar,22,78,66,0,166,0,6,120,0,126,22,84,186,0,292,164,0,164,456
04/05/2001,EUG,OR,ANM,WE,Towers with Radar,20,71,40,0,131,0,8,131,0,139,20,79,171,0,270,128,0,128,398
04/06/2001,EUG,OR,ANM,WE,Towers with Radar,19,45,25,0,89,2,23,48,2,75,21,68,73,2,164,112,0,112,276
04/07/2001,EUG,OR,ANM,WE,Towers with Radar,16,52,29,0,97,0,3,58,0,61,16,55,87,0,158,62,0,62,220
04/08/2001,EUG,OR,ANM,WE,Towers with Radar,21,79,44,2,146,0,0,0,0,0,21,79,44,2,146,48,0,48,194
04/09/2001,EUG,OR,ANM,WE,Towers with Radar,17,72,40,0,129,0,6,143,0,149,17,78,183,0,278,140,6,146,424
04/10/2001,EUG,OR,ANM,WE,Towers with Radar,21,79,66,0,166,2,0,8,0,10,23,79,74,0,176,64,0,64,240
04/11/2001,EUG,OR,ANM,WE,Towers with Radar,19,76,64,0,159,0,1,159,0,160,19,77,223,0,319,132,0,132,451
04/12/2001,EUG,OR,ANM,WE,Towers with Radar,21,72,40,0,133,0,0,75,0,75,21,72,115,0,208,122,0,122,330
04/13/2001,EUG,OR,ANM,WE,Towers with Radar,19,75,54,0,148,0,0,100,0,100,19,75,154,0,248,116,0,116,364
04/14/2001,EUG,OR,ANM,WE,Towers with Radar,15,53,48,0,116,0,10,116,0,126,15,63,164,0,242,94,0,94,336
04/15/2001,EUG,OR,ANM,WE,Towers with Radar,18,54,14,0,86,0,2,82,0,84,18,56,96,0,170,32,0,32,202
04/16/2001,EUG,OR,ANM,WE,Towers with Radar,25,57,32,0,114,0,24,140,0,164,25,81,172,0,278,160,0,160,438
04/17/2001,EUG,OR,ANM,WE,Towers with Radar,24,76,33,4,137,0,0,91,0,91,24,76,124,4,228,140,0,140,368
04/18/2001,EUG,OR,ANM,WE,Towers with Radar,23,85,51,2,161,0,0,59,3,62,23,85,110,5,223,142,4,146,369
04/19/2001,EUG,OR,ANM,WE,Towers with Radar,20,76,52,3,151,0,0,106,0,106,20,76,158,3,257,236,0,236,493
04/20/2001,EUG,OR,ANM,WE,Towers with Radar,17,69,65,2,153,0,0,73,0,73,17,69,138,2,226,160,0,160,386
04/21/2001,EUG,OR,ANM,WE,Towers with Radar,17,50,42,1,110,0,15,143,0,158,17,65,185,1,268,142,0,142,410
04/22/2001,EUG,OR,ANM,WE,Towers with Radar,20,60,22,0,102,0,0,41,0,41,20,60,63,0,143,48,0,48,191
04/23/2001,EUG,OR,ANM,WE,Towers with Radar,17,63,59,2,141,0,7,47,1,55,17,70,106,3,196,164,0,164,360
04/24/2001,EUG,OR,ANM,WE,Towers with Radar,18,70,43,0,131,0,0,104,0,104,18,70,147,0,235,156,0,156,391
04/25/2001,EUG,OR,ANM,WE,Towers with Radar,21,79,14,0,114,0,0,169,1,170,21,79,183,1,284,164,0,164,448
04/26/2001,EUG,OR,ANM,WE,Towers with Radar,21,66,52,5,144,0,0,165,0,165,21,66,217,5,309,154,6,160,469
04/27/2001,EUG,OR,ANM,WE,Towers with Radar,15,74,38,1,128,0,1,45,0,46,15,75,83,1,174,72,9,81,255
04/28/2001,EUG,OR,ANM,WE,Towers with Radar,16,56,50,0,122,0,6,76,0,82,16,62,126,0,204,186,0,186,390
04/29/2001,EUG,OR,ANM,WE,Towers with Radar,19,49,20,0,88,0,0,25,0,25,19,49,45,0,113,40,0,40,153
04/30/2001,EUG,OR,ANM,WE,Towers with Radar,24,67,43,0,134,0,0,23,0,23,24,67,66,0,157,64,10,74,231
05/01/2001,EUG,OR,ANM,WE,Towers with Radar,18,72,52,5,147,1,1,60,2,64,19,73,112,7,211,118,4,122,333
05/02/2001,EUG,OR,ANM,WE,Towers with Radar,19,68,49,0,136,0,0,105,0,105,19,68,154,0,241,200,0,200,441
05/03/2001,EUG,OR,ANM,WE,Towers with Radar,20,70,39,1,130,8,0,195,0,203,28,70,234,1,333,252,0,252,585
05/04/2001,EUG,OR,ANM,WE,Towers with Radar,22,75,41,0,138,6,10,200,0,216,28,85,241,0,354,256,0,256,610
05/05/2001,EUG,OR,ANM,WE,Towers with Radar,13,44,10,1,68,0,3,135,0,138,13,47,145,1,206,168,0,168,374
05/06/2001,EUG,OR,ANM,WE,Towers with Radar,21,49,12,1,83,2,0,93,5,100,23,49,105,6,183,48,4,52,235
05/07/2001,EUG,OR,ANM,WE,Towers with Radar,17,60,33,3,113,0,4,127,7,138,17,64,160,10,251,202,14,216,467
05/08/2001,EUG,OR,ANM,WE,Towers with Radar,20,68,37,3,128,0,23,113,3,139,20,91,150,6,267,194,0,194,461
05/09/2001,EUG,OR,ANM,WE,Towers with Radar,20,67,51,0,138,4,13,161,0,178,24,80,212,0,316,178,0,178,494
05/10/2001,EUG,OR,ANM,WE,Towers with Radar,20,81,44,4,149,0,3,131,4,138,20,84,175,8,287,186,6,192,479
05/11/2001,EUG,OR,ANM,WE,Towers with Radar,20,67,40,2,129,2,4,162,0,168,22,71,202,2,297,210,0,210,507
05/12/2001,EUG,OR,ANM,WE,Towers with Radar,15,60,33,0,108,3,0,120,0,123,18,60,153,0,231,168,0,168,399
05/13/2001,EUG,OR,ANM,WE,Towers with Radar,20,50,16,0,86,1,7,49,0,57,21,57,65,0,143,34,2,36,179
05/14/2001,EUG,OR,ANM,WE,Towers with Radar,18,100,88,15,221,1,0,10,0,11,19,100,98,15,232,36,2,38,270
05/15/2001,EUG,OR,ANM,WE,Towers with Radar,18,72,61,7,158,1,0,11,1,13,19,72,72,8,171,8,0,8,179
05/16/2001,EUG,OR,ANM,WE,Towers with Radar,22,76,49,4,151,0,0,125,2,127,22,76,174,6,278,196,0,196,474
05/17/2001,EUG,OR,ANM,WE,Towers with Radar,18,77,40,0,135,4,3,114,0,121,22,80,154,0,256,244,0,244,500
05/18/2001,EUG,OR,ANM,WE,Towers with Radar,19,74,25,4,122,0,6,122,2,130,19,80,147,6,252,120,0,120,372
05/19/2001,EUG,OR,ANM,WE,Towers with Radar,17,52,23,0,92,0,0,135,0,135,17,52,158,0,227,84,0,84,311
05/20/2001,EUG,OR,ANM,WE,Towers with Radar,19,54,14,0,87,0,6,80,4,90,19,60,94,4,177,34,2,36,213
05/21/2001,EUG,OR,ANM,WE,Towers with Radar,18,56,46,0,120,6,0,111,0,117,24,56,157,0,237,120,0,120,357
05/22/2001,EUG,OR,ANM,WE,Towers with Radar,20,70,32,4,126,0,1,156,2,159,20,71,188,6,285,158,0,158,443
05/23/2001,EUG,OR,ANM,WE,Towers with Radar,20,77,45,6,148,0,1,129,0,130,20,78,174,6,278,198,0,198,476
05/24/2001,EUG,OR,ANM,WE,Towers with Radar,18,68,34,4,124,0,0,136,0,136,18,68,170,4,260,222,0,222,482
05/25/2001,EUG,OR,ANM,WE,Towers with Radar,16,78,33,0,127,6,4,155,0,165,22,82,188,0,292,244,0,244,536
05/26/2001,EUG,OR,ANM,WE,Towers with Radar,18,51,9,0,78,0,1,74,0,75,18,52,83,0,153,32,0,32,185
05/27/2001,EUG,OR,ANM,WE,Towers with Radar,15,48,15,0,78,0,1,46,0,47,15,49,61,0,125,74,0,74,199
05/28/2001,EUG,OR,ANM,WE,Towers with Radar,18,62,17,0,97,0,1,30,0,31,18,63,47,0,128,6,0,6,134
05/29/2001,EUG,OR,ANM,WE,Towers with Radar,19,65,38,0,122,0,1,89,2,92,19,66,127,2,214,76,0,76,290
05/30/2001,EUG,OR,ANM,WE,Towers with Radar,20,62,35,0,117,0,0,129,0,129,20,62,164,0,246,108,0,108,354
05/31/2001,EUG,OR,ANM,WE,Towers with Radar,18,63,39,5,125,0,8,112,5,125,18,71,151,10,250,156,20,176,426
06/01/2001,EUG,OR,ANM,WE,Towers with Radar,21,69,32,0,122,1,0,39,0,40,22,69,71,0,162,68,0,68,230
06/02/2001,EUG,OR,ANM,WE,Towers with Radar,15,58,26,0,99,1,0,53,0,54,16,58,79,0,153,104,0,104,257
06/03/2001,EUG,OR,ANM,WE,Towers with Radar,18,50,25,2,95,1,7,25,2,35,19,57,50,4,130,46,8,54,184
06/04/2001,EUG,OR,ANM,WE,Towers with Radar,21,78,27,0,126,0,0,69,0,69,21,78,96,0,195,90,0,90,285
06/05/2001,EUG,OR,ANM,WE,Towers with Radar,19,73,47,4,143,0,3,25,0,28,19,76,72,4,171,20,4,24,195
06/06/2001,EUG,OR,ANM,WE,Towers with Radar,20,75,40,2,137,2,5,141,6,154,22,80,181,8,291,142,8,150,441
06/07/2001,EUG,OR,ANM,WE,Towers with Radar,18,77,42,1,138,1,11,130,0,142,19,88,172,1,280,218,8,226,506
06/08/2001,EUG,OR,ANM,WE,Towers with Radar,21,73,50,4,148,1,11,133,0,145,22,84,183,4,293,138,16,154,447
06/09/2001,EUG,OR,ANM,WE,Towers with Radar,17,54,30,0,101,3,0,84,0,87,20,54,114,0,188,128,0,128,316
06/10/2001,EUG,OR,ANM,WE,Towers with Radar,16,58,31,2,107,2,0,46,1,49,18,58,77,3,156,78,0,78,234
06/11/2001,EUG,OR,ANM,WE,Towers with Radar,22,70,41,0,133,0,6,1,0,7,22,76,42,0,140,8,0,8,148
06/12/2001,EUG,OR,ANM,WE,Towers with Radar,19,81,45,9,154,0,1,108,12,121,19,82,153,21,275,172,20,192,467
06/13/2001,EUG,OR,ANM,WE,Towers with Radar,19,76,34,0,129,0,2,136,1,139,19,78,170,1,268,156,2,158,426
06/14/2001,EUG,OR,ANM,WE,Towers with Radar,20,77,30,6,133,2,4,154,2,162,22,81,184,8,295,146,12,158,453
06/15/2001,EUG,OR,ANM,WE,Towers with Radar,20,76,40,1,137,0,11,92,1,104,20,87,132,2,241,52,4,56,297
06/16/2001,EUG,OR,ANM,WE,Towers with Radar,20,59,22,0,101,1,6,83,0,90,21,65,105,0,191,16,0,16,207
06/17/2001,EUG,OR,ANM,WE,Towers with Radar,21,54,30,2,107,0,6,88,0,94,21,60,118,2,201,48,2,50,251
06/18/2001,EUG,OR,ANM,WE,Towers with Radar,22,67,4,2,95,0,9,85,0,94,22,76,89,2,189,46,6,52,241
06/19/2001,EUG,OR,ANM,WE,Towers with Radar,20,85,17,1,123,0,1,87,0,88,20,86,104,1,211,38,0,38,249
06/20/2001,EUG,OR,ANM,WE,Towers with Radar,20,72,22,1,115,0,1,81,0,82,20,73,103,1,197,48,4,52,249
06/21/2001,EUG,OR,ANM,WE,Towers with Radar,16,74,21,1,112,0,1,117,1,119,16,75,138,2,231,114,0,114,345
06/22/2001,EUG,OR,ANM,WE,Towers with Radar,22,78,41,0,141,0,0,82,0,82,22,78,123,0,223,22,0,22,245
06/23/2001,EUG,OR,ANM,WE,Towers with Radar,14,62,25,3,104,0,3,81,0,84,14,65,106,3,188,44,4,48,236
06/24/2001,EUG,OR,ANM,WE,Towers with Radar,18,59,42,1,120,0,4,27,3,34,18,63,69,4,154,0,0,0,154
06/25/2001,EUG,OR,ANM,WE,Towers with Radar,22,73,73,0,168,0,0,85,0,85,22,73,158,0,253,66,0,66,319
06/26/2001,EUG,OR,ANM,WE,Towers with Radar,18,74,70,12,174,3,0,40,2,45,21,74,110,14,219,62,12,74,293
06/27/2001,EUG,OR,ANM,WE,Towers with Radar,19,73,64,5,161,4,0,67,0,71,23,73,131,5,232,46,0,46,278
06/28/2001,EUG,OR,ANM,WE,Towers with Radar,24,77,50,3,154,0,0,75,4,79,24,77,125,7,233,106,0,106,339
06/29/2001,EUG,OR,ANM,WE,Towers with Radar,22,76,53,2,153,2,1,132,6,141,24,77,185,8,294,218,10,228,522
06/30/2001,EUG,OR,ANM,WE,Towers with Radar,18,57,25,1,101,0,4,140,0,144,18,61,165,1,245,156,0,156,401
07/01/2001,EUG,OR,ANM,WE,Towers with Radar,21,55,20,0,96,1,1,122,0,124,22,56,142,0,220,52,0,52,272
07/02/2001,EUG,OR,ANM,WE,Towers with Radar,15,66,54,0,135,0,1,125,2,128,15,67,179,2,263,170,2,172,435
07/03/2001,EUG,OR,ANM,WE,Towers with Radar,18,82,27,0,127,1,5,98,0,104,19,87,125,0,231,112,0,112,343
07/04/2001,EUG,OR,ANM,WE,Towers with Radar,15,60,7,0,82,1,8,101,0,110,16,68,108,0,192,38,0,38,230
07/05/2001,EUG,OR,ANM,WE,Towers with Radar,17,68,21,1,107,0,0,107,1,108,17,68,128,2,215,66,0,66,281
07/06/2001,EUG,OR,ANM,WE,Towers with Radar,19,72,25,2,118,1,12,121,2,136,20,84,146,4,254,130,2,132,386
07/07/2001,EUG,OR,ANM,WE,Towers with Radar,19,58,14,0,91,1,0,162,2,165,20,58,176,2,256,90,0,90,346
07/08/2001,EUG,OR,ANM,WE,Towers with Radar,27,48,7,0,82,5,4,108,5,122,32,52,115,5,204,48,0,48,252
07/09/2001,EUG,OR,ANM,WE,Towers with Radar,21,76,24,2,123,11,4,128,0,143,32,80,152,2,266,128,0,128,394
07/10/2001,EUG,OR,ANM,WE,Towers with Radar,16,73,33,6,128,0,12,116,0,128,16,85,149,6,256,136,6,142,398
07/11/2001,EUG,OR,ANM,WE,Towers with Radar,20,78,25,0,123,1,1,155,0,157,21,79,180,0,280,72,0,72,352
07/12/2001,EUG,OR,ANM,WE,Towers with Radar,0,0,0,0,0,0,0,0,0,0,0,0,0,0,0,0,0,0,0
07/13/2001,EUG,OR,ANM,WE,Towers with Radar,19,86,42,5,152,0,0,130,3,133,19,86,172,8,285,146,22,168,453
07/14/2001,EUG,OR,ANM,WE,Towers with Radar,24,62,29,2,117,10,10,128,0,148,34,72,157,2,265,186,2,188,453
07/15/2001,EUG,OR,ANM,WE,Towers with Radar,28,65,29,0,122,14,1,49,0,64,42,66,78,0,186,84,0,84,270
07/16/2001,EUG,OR,ANM,WE,Towers with Radar,18,75,58,0,151,2,4,85,1,92,20,79,143,1,243,124,0,124,367
07/17/2001,EUG,OR,ANM,WE,Towers with Radar,18,74,45,1,138,0,0,143,0,143,18,74,188,1,281,98,2,100,381
07/18/2001,EUG,OR,ANM,WE,Towers with Radar,18,79,63,3,163,3,0,120,0,123,21,79,183,3,286,124,0,124,410
07/19/2001,EUG,OR,ANM,WE,Towers with Radar,26,76,48,0,150,0,1,75,0,76,26,77,123,0,226,96,0,96,322
07/20/2001,EUG,OR,ANM,WE,Towers with Radar,21,81,61,0,163,0,1,72,0,73,21,82,133,0,236,152,0,152,388
07/21/2001,EUG,OR,ANM,WE,Towers with Radar,21,68,34,1,124,9,0,96,1,106,30,68,130,2,230,132,4,136,366
07/22/2001,EUG,OR,ANM,WE,Towers with Radar,20,62,16,0,98,4,11,76,0,91,24,73,92,0,189,72,0,72,261
07/23/2001,EUG,OR,ANM,WE,Towers with Radar,21,81,23,2,127,0,3,121,0,124,21,84,144,2,251,70,2,72,323
07/24/2001,EUG,OR,ANM,WE,Towers with Radar,21,73,41,0,135,0,0,94,0,94,21,73,135,0,229,112,0,112,341
07/25/2001,EUG,OR,ANM,WE,Towers with Radar,20,71,58,8,157,0,6,110,0,116,20,77,168,8,273,88,0,88,361
07/26/2001,EUG,OR,ANM,WE,Towers with Radar,30,79,18,0,127,0,6,0,8,14,30,85,18,8,141,114,0,114,255
07/27/2001,EUG,OR,ANM,WE,Towers with Radar,33,68,37,0,138,0,14,176,0,190,33,82,213,0,328,40,2,42,370
07/28/2001,EUG,OR,ANM,WE,Towers with Radar,18,70,25,0,113,0,1,79,0,80,18,71,104,0,193,40,2,42,235
07/29/2001,EUG,OR,ANM,WE,Towers with Radar,17,60,27,0,104,0,3,40,1,44,17,63,67,1,148,38,2,40,188
07/30/2001,EUG,OR,ANM,WE,Towers with Radar,18,81,72,0,171,0,1,54,0,55,18,82,126,0,226,46,0,46,272
07/31/2001,EUG,OR,ANM,WE,Towers with Radar,19,73,35,6,133,0,1,114,0,115,19,74,149,6,248,204,0,204,452
08/01/2001,EUG,OR,ANM,WE,Towers with Radar,14,79,64,1,158,10,1,105,0,116,24,80,169,1,274,94,0,94,368
08/02/2001,EUG,OR,ANM,WE,Towers with Radar,20,66,36,4,126,1,12,134,0,147,21,78,170,4,273,152,12,164,437
08/03/2001,EUG,OR,ANM,WE,Towers with Radar,23,72,53,3,151,0,0,82,12,94,23,72,135,15,245,50,22,72,317
08/04/2001,EUG,OR,ANM,WE,Towers with Radar,16,54,35,2,107,1,3,70,1,75,17,57,105,3,182,102,0,102,284
08/05/2001,EUG,OR,ANM,WE,Towers with Radar,17,58,26,2,103,0,3,76,0,79,17,61,102,2,182,42,2,44,226
08/06/2001,EUG,OR,ANM,WE,Towers with Radar,20,72,33,2,127,0,0,133,0,133,20,72,166,2,260,122,2,124,384
08/07/2001,EUG,OR,ANM,WE,Towers with Radar,16,60,42,1,119,5,13,128,19,165,21,73,170,20,284,168,0,168,452
08/08/2001,EUG,OR,ANM,WE,Towers with Radar,20,74,50,2,146,0,26,119,0,145,20,100,169,2,291,124,8,132,423
08/09/2001,EUG,OR,ANM,WE,Towers with Radar,25,71,66,1,163,0,17,145,5,167,25,88,211,6,330,218,0,218,548
08/10/2001,EUG,OR,ANM,WE,Towers with Radar,19,75,73,0,167,2,0,121,0,123,21,75,194,0,290,120,0,120,410
08/11/2001,EUG,OR,ANM,WE,Towers with Radar,17,62,42,0,121,0,0,102,0,102,17,62,144,0,223,26,0,26,249
08/12/2001,EUG,OR,ANM,WE,Towers with Radar,15,54,11,0,80,2,0,65,0,67,17,54,76,0,147,28,0,28,175
08/13/2001,EUG,OR,ANM,WE,Towers with Radar,26,70,52,0,148,0,0,68,0,68,26,70,120,0,216,162,0,162,378
08/14/2001,EUG,OR,ANM,WE,Towers with Radar,18,75,60,0,153,0,1,77,0,78,18,76,137,0,231,92,0,92,323
08/15/2001,EUG,OR,ANM,WE,Towers with Radar,21,85,73,0,179,0,3,113,0,116,21,88,186,0,295,178,0,178,473
08/16/2001,EUG,OR,ANM,WE,Towers with Radar,20,72,43,0,135,0,3,92,1,96,20,75,135,1,231,208,0,208,439
08/17/2001,EUG,OR,ANM,WE,Towers with Radar,16,77,44,0,137,0,0,132,2,134,16,77,176,2,271,140,16,156,427
08/18/2001,EUG,OR,ANM,WE,Towers with Radar,16,62,45,1,124,0,0,117,1,118,16,62,162,2,242,106,0,106,348
08/19/2001,EUG,OR,ANM,WE,Towers with Radar,18,54,11,0,83,1,0,87,0,88,19,54,98,0,171,64,0,64,235
08/20/2001,EUG,OR,ANM,WE,Towers with Radar,21,73,19,8,121,0,1,113,0,114,21,74,132,8,235,84,0,84,319
08/21/2001,EUG,OR,ANM,WE,Towers with Radar,20,70,44,1,135,2,21,78,1,102,22,91,122,2,237,86,2,88,325
08/22/2001,EUG,OR,ANM,WE,Towers with Radar,17,76,72,0,165,3,0,40,0,43,20,76,112,0,208,58,0,58,266
08/23/2001,EUG,OR,ANM,WE,Towers with Radar,20,80,44,4,148,0,5,71,2,78,20,85,115,6,226,104,6,110,336
08/24/2001,EUG,OR,ANM,WE,Towers with Radar,19,71,56,0,146,0,0,96,0,96,19,71,152,0,242,140,0,140,382
08/25/2001,EUG,OR,ANM,WE,Towers with Radar,19,54,9,0,82,0,9,182,0,191,19,63,191,0,273,126,0,126,399
08/26/2001,EUG,OR,ANM,WE,Towers with Radar,19,53,14,2,88,0,1,83,0,84,19,54,97,2,172,48,2,50,222
08/27/2001,EUG,OR,ANM,WE,Towers with Radar,23,77,27,0,127,0,1,118,0,119,23,78,145,0,246,154,0,154,400
08/28/2001,EUG,OR,ANM,WE,Towers with Radar,22,84,46,5,157,0,1,116,1,118,22,85,162,6,275,146,30,176,451
08/29/2001,EUG,OR,ANM,WE,Towers with Radar,18,77,54,0,149,0,3,79,0,82,18,80,133,0,231,80,0,80,311
08/30/2001,EUG,OR,ANM,WE,Towers with Radar,21,77,48,6,152,0,4,90,22,116,21,81,138,28,268,140,18,158,426
08/31/2001,EUG,OR,ANM,WE,Towers with Radar,21,71,60,1,153,0,6,61,0,67,21,77,121,1,220,66,0,66,286
09/01/2001,EUG,OR,ANM,WE,Towers with Radar,20,63,33,0,116,3,4,74,0,81,23,67,107,0,197,197,0,197,394
09/02/2001,EUG,OR,ANM,WE,Towers with Radar,18,49,17,0,84,1,3,41,1,46,19,52,58,1,130,22,0,22,152
09/03/2001,EUG,OR,ANM,WE,Towers with Radar,17,58,18,0,93,1,0,63,0,64,18,58,81,0,157,0,0,0,157
09/04/2001,EUG,OR,ANM,WE,Towers with Radar,18,71,26,9,124,1,6,58,5,70,19,77,84,14,194,12,28,40,234
09/05/2001,EUG,OR,ANM,WE,Towers with Radar,25,86,36,0,147,21,0,70,12,103,46,86,106,12,250,52,0,52,302
09/06/2001,EUG,OR,ANM,WE,Towers with Radar,35,71,15,5,126,1,6,65,1,73,36,77,80,6,199,42,24,66,265
09/07/2001,EUG,OR,ANM,WE,Towers with Radar,19,64,22,3,108,3,5,94,1,103,22,69,116,4,211,42,0,42,253
09/08/2001,EUG,OR,ANM,WE,Towers with Radar,22,61,24,0,107,1,2,106,0,109,23,63,130,0,216,20,0,20,236
09/09/2001,EUG,OR,ANM,WE,Towers with Radar,19,52,18,0,89,1,13,82,2,98,20,65,100,2,187,88,0,88,275
09/10/2001,EUG,OR,ANM,WE,Towers with Radar,19,70,23,7,119,3,0,93,0,96,22,70,116,7,215,30,6,36,251
09/11/2001,EUG,OR,ANM,WE,Towers with Radar,4,6,2,0,12,1,2,0,0,3,5,8,2,0,15,0,0,0,15
09/12/2001,EUG,OR,ANM,WE,Towers with Radar,0,0,1,0,1,1,1,1,0,3,1,1,2,0,4,0,0,0,4
09/13/2001,EUG,OR,ANM,WE,Towers with Radar,0,15,3,0,18,3,4,8,0,15,3,19,11,0,33,6,2,8,41
09/14/2001,EUG,OR,ANM,WE,Towers with Radar,4,64,10,0,78,1,1,3,0,5,5,65,13,0,83,0,0,0,83
09/15/2001,EUG,OR,ANM,WE,Towers with Radar,9,57,20,0,86,1,1,13,0,15,10,58,33,0,101,0,0,0,101
09/16/2001,EUG,OR,ANM,WE,Towers with Radar,4,49,20,0,73,1,0,17,0,18,5,49,37,0,91,0,0,0,91
09/17/2001,EUG,OR,ANM,WE,Towers with Radar,13,72,28,11,124,1,1,0,0,2,14,73,28,11,126,0,6,6,132
09/18/2001,EUG,OR,ANM,WE,Towers with Radar,14,74,40,0,128,0,0,19,0,19,14,74,59,0,147,0,0,0,147
09/19/2001,EUG,OR,ANM,WE,Towers with Radar,17,71,45,3,136,0,0,17,1,18,17,71,62,4,154,0,0,0,154
09/20/2001,EUG,OR,ANM,WE,Towers with Radar,17,74,42,0,133,1,0,42,0,43,18,74,84,0,176,0,0,0,176
09/21/2001,EUG,OR,ANM,WE,Towers with Radar,19,65,28,4,116,1,6,62,2,71,20,71,90,6,187,18,12,30,217
09/22/2001,EUG,OR,ANM,WE,Towers with Radar,12,44,32,0,88,0,0,81,0,81,12,44,113,0,169,2,0,2,171
09/23/2001,EUG,OR,ANM,WE,Towers with Radar,18,34,24,0,76,0,0,84,0,84,18,34,108,0,160,56,0,56,216
09/24/2001,EUG,OR,ANM,WE,Towers with Radar,17,62,49,2,130,0,2,67,0,69,17,64,116,2,199,86,0,86,285
09/25/2001,EUG,OR,ANM,WE,Towers with Radar,14,62,55,9,140,0,0,28,1,29,14,62,83,10,169,116,8,124,293
09/26/2001,EUG,OR,ANM,WE,Towers with Radar,16,71,59,5,151,0,3,71,1,75,16,74,130,6,226,190,6,196,422
09/27/2001,EUG,OR,ANM,WE,Towers with Radar,15,62,48,6,131,0,8,60,0,68,15,70,108,6,199,76,2,78,277
09/28/2001,EUG,OR,ANM,WE,Towers with Radar,17,68,41,0,126,1,0,133,2,136,18,68,174,2,262,102,10,112,374
09/29/2001,EUG,OR,ANM,WE,Towers with Radar,18,49,21,0,88,0,0,119,0,119,18,49,140,0,207,104,0,104,311
09/30/2001,EUG,OR,ANM,WE,Towers with Radar,13,42,9,0,64,0,2,81,0,83,13,44,90,0,147,18,0,18,165
10/01/2001,EUG,OR,ANM,WE,Towers with Radar,18,50,29,0,97,1,11,120,0,132,19,61,149,0,229,74,0,74,303
10/02/2001,EUG,OR,ANM,WE,Towers with Radar,19,60,47,1,127,0,5,124,5,134,19,65,171,6,261,122,1,123,384
10/03/2001,EUG,OR,ANM,WE,Towers with Radar,16,63,31,0,110,1,7,169,0,177,17,70,200,0,287,190,0,190,477
10/04/2001,EUG,OR,ANM,WE,Towers with Radar,16,53,54,3,126,0,3,144,1,148,16,56,198,4,274,174,0,174,448
10/05/2001,EUG,OR,ANM,WE,Towers with Radar,18,55,38,0,111,3,2,108,2,115,21,57,146,2,226,80,0,80,306
10/06/2001,EUG,OR,ANM,WE,Towers with Radar,15,38,42,1,96,0,0,56,1,57,15,38,98,2,153,90,0,90,243
10/07/2001,EUG,OR,ANM,WE,Towers with Radar,13,33,26,0,72,0,1,36,0,37,13,34,62,0,109,20,0,20,129
10/08/2001,EUG,OR,ANM,WE,Towers with Radar,15,56,46,3,120,0,0,82,1,83,15,56,128,4,203,66,0,66,269
10/09/2001,EUG,OR,ANM,WE,Towers with Radar,15,55,43,0,113,0,5,91,0,96,15,60,134,0,209,92,0,92,301
10/10/2001,EUG,OR,ANM,WE,Towers with Radar,17,71,60,0,148,0,0,76,0,76,17,71,136,0,224,48,0,48,272
10/11/2001,EUG,OR,ANM,WE,Towers with Radar,13,62,54,4,133,2,0,70,0,72,15,62,124,4,205,122,4,126,331
10/12/2001,EUG,OR,ANM,WE,Towers with Radar,18,53,33,2,106,0,0,122,0,122,18,53,155,2,228,86,0,86,314
10/13/2001,EUG,OR,ANM,WE,Towers with Radar,15,42,41,5,103,0,9,96,3,108,15,51,137,8,211,124,6,130,341
10/14/2001,EUG,OR,ANM,WE,Towers with Radar,14,35,30,0,79,1,0,47,0,48,15,35,77,0,127,22,0,22,149
10/15/2001,EUG,OR,ANM,WE,Towers with Radar,14,54,37,6,111,1,17,122,0,140,15,71,159,6,251,98,8,106,357
10/16/2001,EUG,OR,ANM,WE,Towers with Radar,15,60,44,8,127,0,12,59,0,71,15,72,103,8,198,108,2,110,308
10/17/2001,EUG,OR,ANM,WE,Towers with Radar,17,41,42,1,101,1,5,68,5,79,18,46,110,6,180,114,12,126,306
10/18/2001,EUG,OR,ANM,WE,Towers with Radar,15,65,37,3,120,6,7,139,0,152,21,72,176,3,272,112,0,112,384
10/19/2001,EUG,OR,ANM,WE,Towers with Radar,19,56,41,0,116,0,0,119,0,119,19,56,160,0,235,176,0,176,411
10/20/2001,EUG,OR,ANM,WE,Towers with Radar,28,40,35,0,103,11,1,91,0,103,39,41,126,0,206,132,0,132,338
10/21/2001,EUG,OR,ANM,WE,Towers with Radar,18,33,29,0,80,0,3,0,0,3,18,36,29,0,83,16,0,16,99
10/22/2001,EUG,OR,ANM,WE,Towers with Radar,15,65,43,0,123,0,1,13,0,14,15,66,56,0,137,34,0,34,171
10/23/2001,EUG,OR,ANM,WE,Towers with Radar,30,58,38,14,140,12,61,128,3,204,42,119,166,17,344,134,16,150,494
10/24/2001,EUG,OR,ANM,WE,Towers with Radar,12,58,38,0,108,0,0,134,0,134,12,58,172,0,242,102,0,102,344
10/25/2001,EUG,OR,ANM,WE,Towers with Radar,19,55,35,2,111,0,3,103,0,106,19,58,138,2,217,126,2,128,345
10/26/2001,EUG,OR,ANM,WE,Towers with Radar,19,55,48,0,122,0,0,109,2,111,19,55,157,2,233,122,0,122,355
10/27/2001,EUG,OR,ANM,WE,Towers with Radar,15,39,39,0,93,0,4,20,0,24,15,43,59,0,117,42,0,42,159
10/28/2001,EUG,OR,ANM,WE,Towers with Radar,17,30,26,0,73,0,0,14,0,14,17,30,40,0,87,6,0,6,93
10/29/2001,EUG,OR,ANM,WE,Towers with Radar,15,60,44,0,119,0,0,2,0,2,15,60,46,0,121,0,0,0,121
10/30/2001,EUG,OR,ANM,WE,Towers with Radar,17,58,45,4,124,1,4,4,0,9,18,62,49,4,133,20,0,20,153
10/31/2001,EUG,OR,ANM,WE,Towers with Radar,16,61,58,0,135,0,0,34,0,34,16,61,92,0,169,70,0,70,239
11/01/2001,EUG,OR,ANM,WE,Towers with Radar,20,64,69,2,155,1,3,44,0,48,21,67,113,2,203,160,0,160,363
11/02/2001,EUG,OR,ANM,WE,Towers with Radar,17,55,47,0,119,0,0,73,0,73,17,55,120,0,192,230,2,232,424
11/03/2001,EUG,OR,ANM,WE,Towers with Radar,16,36,46,5,103,0,0,76,0,76,16,36,122,5,179,166,6,172,351
11/04/2001,EUG,OR,ANM,WE,Towers with Radar,12,28,18,0,58,0,1,26,0,27,12,29,44,0,85,16,0,16,101
11/05/2001,EUG,OR,ANM,WE,Towers with Radar,20,50,32,0,102,0,7,76,0,83,20,57,108,0,185,124,0,124,309
11/06/2001,EUG,OR,ANM,WE,Towers with Radar,10,56,20,3,89,1,1,88,4,94,11,57,108,7,183,148,6,154,337
11/07/2001,EUG,OR,ANM,WE,Towers with Radar,16,59,29,2,106,1,0,77,0,78,17,59,106,2,184,96,0,96,280
11/08/2001,EUG,OR,ANM,WE,Towers with Radar,15,47,26,1,89,1,9,86,1,97,16,56,112,2,186,160,0,160,346
11/09/2001,EUG,OR,ANM,WE,Towers with Radar,15,52,40,5,112,0,0,122,0,122,15,52,162,5,234,176,0,176,410
11/10/2001,EUG,OR,ANM,WE,Towers with Radar,16,38,18,0,72,1,2,58,0,61,17,40,76,0,133,148,0,148,281
11/11/2001,EUG,OR,ANM,WE,Towers with Radar,14,27,24,0,65,0,0,24,0,24,14,27,48,0,89,18,0,18,107
11/12/2001,EUG,OR,ANM,WE,Towers with Radar,15,54,29,0,98,0,0,0,0,0,15,54,29,0,98,0,0,0,98
11/13/2001,EUG,OR,ANM,WE,Towers with Radar,12,47,10,0,69,3,4,29,0,36,15,51,39,0,105,74,2,76,181
11/14/2001,EUG,OR,ANM,WE,Towers with Radar,18,55,41,0,114,0,5,40,0,45,18,60,81,0,159,106,0,106,265
11/15/2001,EUG,OR,ANM,WE,Towers with Radar,14,55,31,0,100,0,0,45,0,45,14,55,76,0,145,68,0,68,213
11/16/2001,EUG,OR,ANM,WE,Towers with Radar,14,49,78,0,141,0,0,44,0,44,14,49,122,0,185,74,0,74,259
11/17/2001,EUG,OR,ANM,WE,Towers with Radar,12,31,59,0,102,0,0,26,0,26,12,31,85,0,128,41,0,41,169
11/18/2001,EUG,OR,ANM,WE,Towers with Radar,8,23,10,0,41,0,0,30,0,30,8,23,40,0,71,22,0,22,93
11/19/2001,EUG,OR,ANM,WE,Towers with Radar,11,47,29,0,87,0,0,35,0,35,11,47,64,0,122,44,0,44,166
11/20/2001,EUG,OR,ANM,WE,Towers with Radar,12,56,28,7,103,0,0,31,4,35,12,56,59,11,138,70,12,82,220
11/21/2001,EUG,OR,ANM,WE,Towers with Radar,15,59,43,2,119,0,0,23,8,31,15,59,66,10,150,44,0,44,194
11/22/2001,EUG,OR,ANM,WE,Towers with Radar,14,24,4,0,42,0,1,0,0,1,14,25,4,0,43,0,0,0,43
11/23/2001,EUG,OR,ANM,WE,Towers with Radar,12,47,17,0,76,1,6,43,0,50,13,53,60,0,126,22,0,22,148
11/24/2001,EUG,OR,ANM,WE,Towers with Radar,9,33,10,0,52,0,0,0,0,0,9,33,10,0,52,0,0,0,52
11/25/2001,EUG,OR,ANM,WE,Towers with Radar,15,25,47,0,87,0,4,12,0,16,15,29,59,0,103,32,0,32,135
11/26/2001,EUG,OR,ANM,WE,Towers with Radar,14,57,44,0,115,0,0,41,0,41,14,57,85,0,156,104,6,110,266
11/27/2001,EUG,OR,ANM,WE,Towers with Radar,13,48,37,4,102,1,0,37,0,38,14,48,74,4,140,100,0,100,240
11/28/2001,EUG,OR,ANM,WE,Towers with Radar,14,53,14,9,90,0,0,0,0,0,14,53,14,9,90,0,0,0,90
11/29/2001,EUG,OR,ANM,WE,Towers with Radar,17,53,59,0,129,0,3,69,0,72,17,56,128,0,201,120,0,120,321
11/30/2001,EUG,OR,ANM,WE,Towers with Radar,12,50,59,0,121,0,1,9,0,10,12,51,68,0,131,50,0,50,181
12/01/2001,EUG,OR,ANM,WE,Towers with Radar,12,31,18,0,61,0,0,2,0,2,12,31,20,0,63,0,0,0,63
12/02/2001,EUG,OR,ANM,WE,Towers with Radar,9,24,15,0,48,0,0,0,3,3,9,24,15,3,51,8,0,8,59
12/03/2001,EUG,OR,ANM,WE,Towers with Radar,14,54,24,2,94,0,0,98,1,99,14,54,122,3,193,166,0,166,359
12/04/2001,EUG,OR,ANM,WE,Towers with Radar,16,56,29,0,101,0,2,58,0,60,16,58,87,0,161,148,0,148,309
12/05/2001,EUG,OR,ANM,WE,Towers with Radar,14,51,60,20,145,0,14,39,0,53,14,65,99,20,198,102,20,122,320
12/06/2001,EUG,OR,ANM,WE,Towers with Radar,21,53,45,15,134,0,3,16,0,19,21,56,61,15,153,114,10,124,277
12/07/2001,EUG,OR,ANM,WE,Towers with Radar,16,53,53,2,124,0,0,113,0,113,16,53,166,2,237,158,0,158,395
12/08/2001,EUG,OR,ANM,WE,Towers with Radar,11,38,22,0,71,0,0,79,3,82,11,38,101,3,153,116,4,120,273
12/09/2001,EUG,OR,ANM,WE,Towers with Radar,11,22,17,0,50,0,10,28,0,38,11,32,45,0,88,102,0,102,190
12/10/2001,EUG,OR,ANM,WE,Towers with Radar,15,57,39,0,111,0,0,28,17,45,15,57,67,17,156,40,4,44,200
12/11/2001,EUG,OR,ANM,WE,Towers with Radar,23,44,42,0,109,0,0,2,0,2,23,44,44,0,111,2,0,2,113
12/12/2001,EUG,OR,ANM,WE,Towers with Radar,27,63,33,2,125,0,2,19,0,21,27,65,52,2,146,32,0,32,178
12/13/2001,EUG,OR,ANM,WE,Towers with Radar,12,64,25,2,103,0,0,3,0,3,12,64,28,2,106,4,0,4,110
12/14/2001,EUG,OR,ANM,WE,Towers with Radar,18,62,32,1,113,14,0,27,0,41,32,62,59,1,154,28,0,28,182
12/15/2001,EUG,OR,ANM,WE,Towers with Radar,11,33,20,0,64,0,0,5,0,5,11,33,25,0,69,28,0,28,97
12/16/2001,EUG,OR,ANM,WE,Towers with Radar,8,28,19,0,55,0,1,6,0,7,8,29,25,0,62,8,1,9,71
12/17/2001,EUG,OR,ANM,WE,Towers with Radar,10,52,27,3,92,0,0,25,1,26,10,52,52,4,118,30,0,30,148
12/18/2001,EUG,OR,ANM,WE,Towers with Radar,11,57,18,10,96,1,0,9,0,10,12,57,27,10,106,20,0,20,126
12/19/2001,EUG,OR,ANM,WE,Towers with Radar,18,68,48,2,136,0,7,10,0,17,18,75,58,2,153,0,0,0,153
12/20/2001,EUG,OR,ANM,WE,Towers with Radar,14,65,28,8,115,0,0,15,0,15,14,65,43,8,130,14,2,16,146
12/21/2001,EUG,OR,ANM,WE,Towers with Radar,7,58,31,0,96,0,6,32,0,38,7,64,63,0,134,48,0,48,182
12/22/2001,EUG,OR,ANM,WE,Towers with Radar,12,38,12,0,62,0,0,22,0,22,12,38,34,0,84,0,0,0,84
12/23/2001,EUG,OR,ANM,WE,Towers with Radar,9,18,10,0,37,0,0,0,0,0,9,18,10,0,37,0,0,0,37
12/24/2001,EUG,OR,ANM,WE,Towers with Radar,10,43,2,0,55,0,15,10,0,25,10,58,12,0,80,0,0,0,80
12/25/2001,EUG,OR,ANM,WE,Towers with Radar,6,29,2,0,37,2,6,30,0,38,8,35,32,0,75,18,0,18,93
12/26/2001,EUG,OR,ANM,WE,Towers with Radar,17,58,18,0,93,0,0,54,0,54,17,58,72,0,147,28,0,28,175
12/27/2001,EUG,OR,ANM,WE,Towers with Radar,12,67,12,0,91,0,3,17,4,24,12,70,29,4,115,20,12,32,147
12/28/2001,EUG,OR,ANM,WE,Towers with Radar,11,44,21,0,76,0,0,0,0,0,11,44,21,0,76,0,0,0,76
12/29/2001,EUG,OR,ANM,WE,Towers with Radar,11,35,14,0,60,1,0,14,0,15,12,35,28,0,75,4,0,4,79
12/30/2001,EUG,OR,ANM,WE,Towers with Radar,10,34,26,0,70,0,0,37,0,37,10,34,63,0,107,26,0,26,133
12/31/2001,EUG,OR,ANM,WE,Towers with Radar,9,38,14,0,61,1,0,0,0,1,10,38,14,0,62,0,0,0,62
01/01/2002,EUG,OR,ANM,WE,Towers with Radar,11,29,10,0,50,1,2,0,0,3,12,31,10,0,53,0,0,0,53
01/02/2002,EUG,OR,ANM,WE,Towers with Radar,24,59,34,9,126,0,2,36,0,38,24,61,70,9,164,58,0,58,222
01/03/2002,EUG,OR,ANM,WE,Towers with Radar,13,62,39,2,116,1,2,14,0,17,14,64,53,2,133,22,2,24,157
01/04/2002,EUG,OR,ANM,WE,Towers with Radar,13,51,19,6,89,2,0,24,2,28,15,51,43,8,117,15,0,15,132
01/05/2002,EUG,OR,ANM,WE,Towers with Radar,9,39,19,2,69,4,0,34,0,38,13,39,53,2,107,60,0,60,167
01/06/2002,EUG,OR,ANM,WE,Towers with Radar,8,27,15,2,52,1,0,1,0,2,9,27,16,2,54,25,16,41,95
01/07/2002,EUG,OR,ANM,WE,Towers with Radar,9,57,23,3,92,0,0,49,0,49,9,57,72,3,141,42,0,42,183
01/08/2002,EUG,OR,ANM,WE,Towers with Radar,10,57,26,1,94,2,0,71,0,73,12,57,97,1,167,92,1,93,260
01/09/2002,EUG,OR,ANM,WE,Towers with Radar,13,55,35,0,103,0,1,58,1,60,13,56,93,1,163,160,0,160,323
01/10/2002,EUG,OR,ANM,WE,Towers with Radar,10,68,42,0,120,4,2,115,0,121,14,70,157,0,241,180,0,180,421
01/11/2002,EUG,OR,ANM,WE,Towers with Radar,13,63,52,1,129,2,0,47,1,50,15,63,99,2,179,104,2,106,285
01/12/2002,EUG,OR,ANM,WE,Towers with Radar,9,34,36,0,79,5,0,25,0,30,14,34,61,0,109,88,0,88,197
01/13/2002,EUG,OR,ANM,WE,Towers with Radar,8,29,11,0,48,0,0,22,0,22,8,29,33,0,70,22,0,22,92
01/14/2002,EUG,OR,ANM,WE,Towers with Radar,13,44,46,6,109,0,0,0,2,2,13,44,46,8,111,32,0,32,143
01/15/2002,EUG,OR,ANM,WE,Towers with Radar,11,51,43,10,115,0,0,66,0,66,11,51,109,10,181,90,10,100,281
01/16/2002,EUG,OR,ANM,WE,Towers with Radar,12,60,58,14,144,0,0,75,0,75,12,60,133,14,219,78,0,78,297
01/17/2002,EUG,OR,ANM,WE,Towers with Radar,11,74,74,11,170,0,0,40,0,40,11,74,114,11,210,106,0,106,316
01/18/2002,EUG,OR,ANM,WE,Towers with Radar,12,59,57,0,128,2,0,23,12,37,14,59,80,12,165,82,0,82,247
01/19/2002,EUG,OR,ANM,WE,Towers with Radar,10,38,19,0,67,0,0,32,0,32,10,38,51,0,99,76,0,76,175
01/20/2002,EUG,OR,ANM,WE,Towers with Radar,8,32,10,0,50,3,1,1,0,5,11,33,11,0,55,0,0,0,55
01/21/2002,EUG,OR,ANM,WE,Towers with Radar,14,49,19,0,82,0,0,8,0,8,14,49,27,0,90,10,0,10,100
01/22/2002,EUG,OR,ANM,WE,Towers with Radar,10,64,23,0,97,3,0,14,0,17,13,64,37,0,114,28,0,28,142
01/23/2002,EUG,OR,ANM,WE,Towers with Radar,10,66,49,5,130,0,0,67,0,67,10,66,116,5,197,96,0,96,293
01/24/2002,EUG,OR,ANM,WE,Towers with Radar,16,63,46,11,136,0,0,92,0,92,16,63,138,11,228,98,0,98,326
01/25/2002,EUG,OR,ANM,WE,Towers with Radar,12,46,26,2,86,0,7,9,0,16,12,53,35,2,102,4,0,4,106
01/26/2002,EUG,OR,ANM,WE,Towers with Radar,9,38,28,0,75,5,0,2,0,7,14,38,30,0,82,24,0,24,106
01/27/2002,EUG,OR,ANM,WE,Towers with Radar,10,29,11,0,50,0,0,3,0,3,10,29,14,0,53,0,0,0,53
01/28/2002,EUG,OR,ANM,WE,Towers with Radar,14,60,56,0,130,0,0,14,0,14,14,60,70,0,144,52,0,52,196
01/29/2002,EUG,OR,ANM,WE,Towers with Radar,12,57,40,2,111,0,0,69,0,69,12,57,109,2,180,128,2,130,310
01/30/2002,EUG,OR,ANM,WE,Towers with Radar,10,61,55,9,135,1,7,87,0,95,11,68,142,9,230,170,0,170,400
01/31/2002,EUG,OR,ANM,WE,Towers with Radar,12,61,40,20,133,0,1,24,0,25,12,62,64,20,158,38,0,38,196
02/01/2002,EUG,OR,ANM,WE,Towers with Radar,7,57,74,0,138,5,0,26,0,31,12,57,100,0,169,82,0,82,251
02/02/2002,EUG,OR,ANM,WE,Towers with Radar,7,34,24,0,65,1,0,57,0,58,8,34,81,0,123,84,0,84,207
02/03/2002,EUG,OR,ANM,WE,Towers with Radar,7,30,15,0,52,2,0,24,1,27,9,30,39,1,79,50,0,50,129
02/04/2002,EUG,OR,ANM,WE,Towers with Radar,9,93,52,0,154,0,0,54,0,54,9,93,106,0,208,26,0,26,234
02/05/2002,EUG,OR,ANM,WE,Towers with Radar,11,61,38,0,110,0,0,34,0,34,11,61,72,0,144,88,0,88,232
02/06/2002,EUG,OR,ANM,WE,Towers with Radar,10,64,30,1,105,0,0,59,0,59,10,64,89,1,164,72,0,72,236
02/07/2002,EUG,OR,ANM,WE,Towers with Radar,10,59,61,2,132,0,0,9,0,9,10,59,70,2,141,12,0,12,153
02/08/2002,EUG,OR,ANM,WE,Towers with Radar,10,60,42,0,112,4,3,51,0,58,14,63,93,0,170,66,0,66,236
02/09/2002,EUG,OR,ANM,WE,Towers with Radar,8,28,51,0,87,0,0,22,0,22,8,28,73,0,109,32,0,32,141
02/10/2002,EUG,OR,ANM,WE,Towers with Radar,9,26,20,2,57,1,0,54,1,56,10,26,74,3,113,20,0,20,133
02/11/2002,EUG,OR,ANM,WE,Towers with Radar,7,37,22,0,66,9,0,65,0,74,16,37,87,0,140,40,0,40,180
02/12/2002,EUG,OR,ANM,WE,Towers with Radar,7,56,50,3,116,0,0,80,5,85,7,56,130,8,201,102,14,116,317
02/13/2002,EUG,OR,ANM,WE,Towers with Radar,11,61,50,3,125,3,0,72,17,92,14,61,122,20,217,88,8,96,313
02/14/2002,EUG,OR,ANM,WE,Towers with Radar,11,59,31,7,108,0,0,117,1,118,11,59,148,8,226,158,2,160,386
02/15/2002,EUG,OR,ANM,WE,Towers with Radar,12,58,48,1,119,2,0,112,18,132,14,58,160,19,251,190,0,190,441
02/16/2002,EUG,OR,ANM,WE,Towers with Radar,8,42,30,1,81,1,0,36,0,37,9,42,66,1,118,52,0,52,170
02/17/2002,EUG,OR,ANM,WE,Towers with Radar,7,23,20,0,50,0,0,25,1,26,7,23,45,1,76,38,2,40,116
02/18/2002,EUG,OR,ANM,WE,Towers with Radar,12,49,28,0,89,1,2,25,0,28,13,51,53,0,117,4,0,4,121
02/19/2002,EUG,OR,ANM,WE,Towers with Radar,9,55,40,0,104,2,16,13,0,31,11,71,53,0,135,36,0,36,171
02/20/2002,EUG,OR,ANM,WE,Towers with Radar,10,65,69,0,144,0,2,49,0,51,10,67,118,0,195,42,0,42,237
02/21/2002,EUG,OR,ANM,WE,Towers with Radar,8,64,58,10,140,2,0,63,13,78,10,64,121,23,218,76,0,76,294
02/22/2002,EUG,OR,ANM,WE,Towers with Radar,10,53,61,2,126,0,0,82,0,82,10,53,143,2,208,42,0,42,250
02/23/2002,EUG,OR,ANM,WE,Towers with Radar,8,27,38,2,75,2,0,2,0,4,10,27,40,2,79,68,0,68,147
02/24/2002,EUG,OR,ANM,WE,Towers with Radar,10,35,29,0,74,3,0,66,0,69,13,35,95,0,143,18,0,18,161
02/25/2002,EUG,OR,ANM,WE,Towers with Radar,10,65,35,0,110,0,0,179,0,179,10,65,214,0,289,128,0,128,417
02/26/2002,EUG,OR,ANM,WE,Towers with Radar,13,58,48,0,119,3,0,118,0,121,16,58,166,0,240,104,0,104,344
02/27/2002,EUG,OR,ANM,WE,Towers with Radar,11,67,40,0,118,0,4,120,0,124,11,71,160,0,242,172,0,172,414
02/28/2002,EUG,OR,ANM,WE,Towers with Radar,14,67,50,5,136,0,3,66,2,71,14,70,116,7,207,68,6,74,281
03/01/2002,EUG,OR,ANM,WE,Towers with Radar,12,54,45,0,111,0,1,90,0,91,12,55,135,0,202,98,0,98,300
03/02/2002,EUG,OR,ANM,WE,Towers with Radar,9,36,37,0,82,2,363,116,0,481,11,399,153,0,563,72,0,72,635
03/03/2002,EUG,OR,ANM,WE,Towers with Radar,8,35,21,0,64,0,2,6,0,8,8,37,27,0,72,60,6,66,138
03/04/2002,EUG,OR,ANM,WE,Towers with Radar,11,55,39,6,111,0,3,59,4,66,11,58,98,10,177,68,6,74,251
03/05/2002,EUG,OR,ANM,WE,Towers with Radar,9,55,54,21,139,0,0,0,0,0,9,55,54,21,139,8,18,26,165
03/06/2002,EUG,OR,ANM,WE,Towers with Radar,10,61,40,3,114,0,4,2,5,11,10,65,42,8,125,36,2,38,163
03/07/2002,EUG,OR,ANM,WE,Towers with Radar,9,63,31,1,104,1,0,7,0,8,10,63,38,1,112,22,0,22,134
03/08/2002,EUG,OR,ANM,WE,Towers with Radar,9,59,51,0,119,2,0,46,0,48,11,59,97,0,167,20,0,20,187
03/09/2002,EUG,OR,ANM,WE,Towers with Radar,8,45,25,1,79,2,0,22,0,24,10,45,47,1,103,2,0,2,105
03/10/2002,EUG,OR,ANM,WE,Towers with Radar,10,32,10,0,52,0,0,2,0,2,10,32,12,0,54,0,0,0,54
03/11/2002,EUG,OR,ANM,WE,Towers with Radar,10,67,28,2,107,0,0,16,5,21,10,67,44,7,128,48,0,48,176
03/12/2002,EUG,OR,ANM,WE,Towers with Radar,8,50,35,3,96,2,0,0,0,2,10,50,35,3,98,14,2,16,114
03/13/2002,EUG,OR,ANM,WE,Towers with Radar,7,64,21,1,93,1,0,13,2,16,8,64,34,3,109,20,0,20,129
03/14/2002,EUG,OR,ANM,WE,Towers with Radar,8,77,49,2,136,0,0,35,0,35,8,77,84,2,171,22,6,28,199
03/15/2002,EUG,OR,ANM,WE,Towers with Radar,8,63,52,0,123,1,1,23,0,25,9,64,75,0,148,38,0,38,186
03/16/2002,EUG,OR,ANM,WE,Towers with Radar,7,33,23,0,63,2,10,0,0,12,9,43,23,0,75,2,0,2,77
03/17/2002,EUG,OR,ANM,WE,Towers with Radar,8,36,12,0,56,1,0,33,0,34,9,36,45,0,90,66,0,66,156
03/18/2002,EUG,OR,ANM,WE,Towers with Radar,9,60,49,2,120,0,0,48,3,51,9,60,97,5,171,24,2,26,197
03/19/2002,EUG,OR,ANM,WE,Towers with Radar,11,65,37,2,115,0,1,48,0,49,11,66,85,2,164,44,0,44,208
03/20/2002,EUG,OR,ANM,WE,Towers with Radar,13,63,65,0,141,0,0,89,1,90,13,63,154,1,231,118,2,120,351
03/21/2002,EUG,OR,ANM,WE,Towers with Radar,16,68,46,2,132,0,0,74,7,81,16,68,120,9,213,52,2,54,267
03/22/2002,EUG,OR,ANM,WE,Towers with Radar,12,59,44,0,115,0,0,42,0,42,12,59,86,0,157,28,0,28,185
03/23/2002,EUG,OR,ANM,WE,Towers with Radar,11,37,6,0,54,2,5,0,0,7,13,42,6,0,61,0,0,0,61
03/24/2002,EUG,OR,ANM,WE,Towers with Radar,10,38,29,0,77,2,0,38,0,40,12,38,67,0,117,38,0,38,155
03/25/2002,EUG,OR,ANM,WE,Towers with Radar,10,57,23,2,92,1,0,54,0,55,11,57,77,2,147,34,0,34,181
03/26/2002,EUG,OR,ANM,WE,Towers with Radar,14,60,38,1,113,0,1,18,0,19,14,61,56,1,132,14,0,14,146
03/27/2002,EUG,OR,ANM,WE,Towers with Radar,10,54,35,0,99,2,0,51,0,53,12,54,86,0,152,20,0,20,172
03/28/2002,EUG,OR,ANM,WE,Towers with Radar,10,57,38,0,105,0,0,43,0,43,10,57,81,0,148,118,0,118,266
03/29/2002,EUG,OR,ANM,WE,Towers with Radar,11,51,23,0,85,1,0,89,0,90,12,51,112,0,175,26,0,26,201
03/30/2002,EUG,OR,ANM,WE,Towers with Radar,10,39,19,0,68,1,1,57,0,59,11,40,76,0,127,52,0,52,179
03/31/2002,EUG,OR,ANM,WE,Towers with Radar,9,33,21,0,63,0,2,39,0,41,9,35,60,0,104,12,0,12,116
04/01/2002,EUG,OR,ANM,WE,Towers with Radar,11,52,41,0,104,1,10,86,0,97,12,62,127,0,201,96,0,96,297
04/02/2002,EUG,OR,ANM,WE,Towers with Radar,11,63,42,1,117,0,1,151,0,152,11,64,193,1,269,82,0,82,351
04/03/2002,EUG,OR,ANM,WE,Towers with Radar,13,53,42,1,109,0,5,177,0,182,13,58,219,1,291,216,0,216,507
04/04/2002,EUG,OR,ANM,WE,Towers with Radar,12,55,30,0,97,0,11,139,0,150,12,66,169,0,247,94,0,94,341
04/05/2002,EUG,OR,ANM,WE,Towers with Radar,11,54,66,0,131,0,0,54,0,54,11,54,120,0,185,98,0,98,283
04/06/2002,EUG,OR,ANM,WE,Towers with Radar,9,37,31,0,77,1,0,53,0,54,10,37,84,0,131,52,0,52,183
04/07/2002,EUG,OR,ANM,WE,Towers with Radar,13,30,40,0,83,0,0,7,0,7,13,30,47,0,90,26,0,26,116
04/08/2002,EUG,OR,ANM,WE,Towers with Radar,10,53,57,0,120,0,15,69,0,84,10,68,126,0,204,54,0,54,258
04/09/2002,EUG,OR,ANM,WE,Towers with Radar,12,56,48,2,118,3,5,17,3,28,15,61,65,5,146,38,0,38,184
04/10/2002,EUG,OR,ANM,WE,Towers with Radar,10,63,51,0,124,0,2,33,0,35,10,65,84,0,159,70,0,70,229
04/11/2002,EUG,OR,ANM,WE,Towers with Radar,10,0,68,0,78,0,0,53,0,53,10,0,121,0,131,84,0,84,215
04/12/2002,EUG,OR,ANM,WE,Towers with Radar,12,55,59,4,130,0,0,53,4,57,12,55,112,8,187,96,8,104,291
04/13/2002,EUG,OR,ANM,WE,Towers with Radar,9,35,28,0,72,0,0,0,0,0,9,35,28,0,72,0,0,0,72
04/14/2002,EUG,OR,ANM,WE,Towers with Radar,9,26,16,0,51,0,0,4,0,4,9,26,20,0,55,14,0,14,69
04/15/2002,EUG,OR,ANM,WE,Towers with Radar,11,59,63,0,133,0,3,22,3,28,11,62,85,3,161,70,0,70,231
04/16/2002,EUG,OR,ANM,WE,Towers with Radar,11,56,47,3,117,0,7,51,0,58,11,63,98,3,175,164,0,164,339
04/17/2002,EUG,OR,ANM,WE,Towers with Radar,10,50,45,0,105,0,0,19,1,20,10,50,64,1,125,110,0,110,235
04/18/2002,EUG,OR,ANM,WE,Towers with Radar,12,62,62,1,137,0,0,137,0,137,12,62,199,1,274,132,0,132,406
04/19/2002,EUG,OR,ANM,WE,Towers with Radar,9,50,65,0,124,0,0,84,0,84,9,50,149,0,208,110,0,110,318
04/20/2002,EUG,OR,ANM,WE,Towers with Radar,9,30,36,0,75,2,0,94,0,96,11,30,130,0,171,112,0,112,283
04/21/2002,EUG,OR,ANM,WE,Towers with Radar,10,33,33,2,78,0,1,53,2,56,10,34,86,4,134,44,8,52,186
04/22/2002,EUG,OR,ANM,WE,Towers with Radar,11,60,83,0,154,0,0,92,0,92,11,60,175,0,246,112,0,112,358
04/23/2002,EUG,OR,ANM,WE,Towers with Radar,13,53,35,0,101,0,14,116,0,130,13,67,151,0,231,144,0,144,375
04/24/2002,EUG,OR,ANM,WE,Towers with Radar,10,55,23,0,88,1,5,149,1,156,11,60,172,1,244,118,0,118,362
04/25/2002,EUG,OR,ANM,WE,Towers with Radar,10,46,29,0,85,0,7,129,2,138,10,53,158,2,223,132,0,132,355
04/26/2002,EUG,OR,ANM,WE,Towers with Radar,9,49,49,2,109,0,0,29,0,29,9,49,78,2,138,22,0,22,160
04/27/2002,EUG,OR,ANM,WE,Towers with Radar,10,38,50,2,100,0,0,50,0,50,10,38,100,2,150,24,0,24,174
04/28/2002,EUG,OR,ANM,WE,Towers with Radar,8,30,38,0,76,0,0,78,0,78,8,30,116,0,154,52,0,52,206
04/29/2002,EUG,OR,ANM,WE,Towers with Radar,11,54,35,2,102,0,0,88,0,88,11,54,123,2,190,120,0,120,310
04/30/2002,EUG,OR,ANM,WE,Towers with Radar,14,57,59,0,130,0,5,76,0,81,14,62,135,0,211,264,0,264,475
05/01/2002,EUG,OR,ANM,WE,Towers with Radar,13,60,75,1,149,1,1,93,0,95,14,61,168,1,244,200,0,200,444
05/02/2002,EUG,OR,ANM,WE,Towers with Radar,12,66,63,0,141,0,0,57,0,57,12,66,120,0,198,166,0,166,364
05/03/2002,EUG,OR,ANM,WE,Towers with Radar,13,59,53,0,125,0,6,143,0,149,13,65,196,0,274,202,0,202,476
05/04/2002,EUG,OR,ANM,WE,Towers with Radar,8,34,28,0,70,0,0,100,0,100,8,34,128,0,170,112,0,112,282
05/05/2002,EUG,OR,ANM,WE,Towers with Radar,7,24,9,7,47,0,0,14,0,14,7,24,23,7,61,28,12,40,101
05/06/2002,EUG,OR,ANM,WE,Towers with Radar,12,59,52,1,124,1,1,52,4,58,13,60,104,5,182,200,0,200,382
05/07/2002,EUG,OR,ANM,WE,Towers with Radar,13,61,42,0,116,0,1,99,0,100,13,62,141,0,216,284,0,284,500
05/08/2002,EUG,OR,ANM,WE,Towers with Radar,9,54,58,0,121,0,2,127,0,129,9,56,185,0,250,190,0,190,440
05/09/2002,EUG,OR,ANM,WE,Towers with Radar,10,59,54,4,127,0,4,102,0,106,10,63,156,4,233,184,0,184,417
05/10/2002,EUG,OR,ANM,WE,Towers with Radar,10,48,58,0,116,0,8,102,0,110,10,56,160,0,226,154,0,154,380
05/11/2002,EUG,OR,ANM,WE,Towers with Radar,10,31,20,0,61,0,0,170,0,170,10,31,190,0,231,162,0,162,393
05/12/2002,EUG,OR,ANM,WE,Towers with Radar,7,27,17,0,51,2,0,55,0,57,9,27,72,0,108,10,2,12,120
05/13/2002,EUG,OR,ANM,WE,Towers with Radar,8,57,67,0,132,0,0,39,0,39,8,57,106,0,171,96,0,96,267
05/14/2002,EUG,OR,ANM,WE,Towers with Radar,13,60,48,0,121,0,7,110,0,117,13,67,158,0,238,220,0,220,458
05/15/2002,EUG,OR,ANM,WE,Towers with Radar,11,65,55,0,131,0,0,141,0,141,11,65,196,0,272,206,0,206,478
05/16/2002,EUG,OR,ANM,WE,Towers with Radar,9,56,41,4,110,0,8,151,0,159,9,64,192,4,269,190,4,194,463
05/17/2002,EUG,OR,ANM,WE,Towers with Radar,10,54,76,0,140,0,3,46,0,49,10,57,122,0,189,178,0,178,367
05/18/2002,EUG,OR,ANM,WE,Towers with Radar,11,36,36,0,83,0,0,76,0,76,11,36,112,0,159,128,0,128,287
05/19/2002,EUG,OR,ANM,WE,Towers with Radar,6,31,21,0,58,0,0,28,0,28,6,31,49,0,86,16,0,16,102
05/20/2002,EUG,OR,ANM,WE,Towers with Radar,12,62,38,0,112,0,0,42,0,42,12,62,80,0,154,76,0,76,230
05/21/2002,EUG,OR,ANM,WE,Towers with Radar,9,57,46,4,116,0,12,40,0,52,9,69,86,4,168,154,4,158,326
05/22/2002,EUG,OR,ANM,WE,Towers with Radar,11,61,52,2,126,0,11,130,0,141,11,72,182,2,267,266,0,266,533
05/23/2002,EUG,OR,ANM,WE,Towers with Radar,10,58,77,2,147,3,0,138,0,141,13,58,215,2,288,264,0,264,552
05/24/2002,EUG,OR,ANM,WE,Towers with Radar,9,52,42,0,103,0,11,166,0,177,9,63,208,0,280,192,0,192,472
05/25/2002,EUG,OR,ANM,WE,Towers with Radar,7,33,28,0,68,2,0,102,0,104,9,33,130,0,172,124,0,124,296
05/26/2002,EUG,OR,ANM,WE,Towers with Radar,8,27,33,0,68,0,0,46,8,54,8,27,79,8,122,16,0,16,138
05/27/2002,EUG,OR,ANM,WE,Towers with Radar,14,41,49,0,104,0,0,40,0,40,14,41,89,0,144,82,0,82,226
05/28/2002,EUG,OR,ANM,WE,Towers with Radar,12,67,51,0,130,1,6,26,0,33,13,73,77,0,163,100,0,100,263
05/29/2002,EUG,OR,ANM,WE,Towers with Radar,12,65,61,0,138,4,0,51,0,55,16,65,112,0,193,108,0,108,301
05/30/2002,EUG,OR,ANM,WE,Towers with Radar,12,58,52,0,122,10,1,97,0,108,22,59,149,0,230,186,0,186,416
05/31/2002,EUG,OR,ANM,WE,Towers with Radar,10,49,44,0,103,7,5,82,0,94,17,54,126,0,197,36,0,36,233
06/01/2002,EUG,OR,ANM,WE,Towers with Radar,24,41,14,0,79,4,4,95,3,106,28,45,109,3,185,132,0,132,317
06/02/2002,EUG,OR,ANM,WE,Towers with Radar,8,38,11,0,57,0,0,81,0,81,8,38,92,0,138,44,0,44,182
06/03/2002,EUG,OR,ANM,WE,Towers with Radar,42,54,32,0,128,0,12,108,0,120,42,66,140,0,248,128,0,128,376
06/04/2002,EUG,OR,ANM,WE,Towers with Radar,26,59,53,0,138,5,7,93,0,105,31,66,146,0,243,152,0,152,395
06/05/2002,EUG,OR,ANM,WE,Towers with Radar,38,59,75,0,172,0,10,92,0,102,38,69,167,0,274,162,0,162,436
06/06/2002,EUG,OR,ANM,WE,Towers with Radar,10,44,32,0,86,0,17,148,0,165,10,61,180,0,251,120,0,120,371
06/07/2002,EUG,OR,ANM,WE,Towers with Radar,12,56,48,0,116,0,0,100,0,100,12,56,148,0,216,106,16,122,338
06/08/2002,EUG,OR,ANM,WE,Towers with Radar,8,37,32,6,83,2,1,38,0,41,10,38,70,6,124,90,0,90,214
06/09/2002,EUG,OR,ANM,WE,Towers with Radar,15,34,33,4,86,0,1,50,1,52,15,35,83,5,138,22,0,22,160
06/10/2002,EUG,OR,ANM,WE,Towers with Radar,22,54,29,2,107,0,5,110,0,115,22,59,139,2,222,138,0,138,360
06/11/2002,EUG,OR,ANM,WE,Towers with Radar,14,53,31,2,100,0,11,119,0,130,14,64,150,2,230,146,0,146,376
06/12/2002,EUG,OR,ANM,WE,Towers with Radar,13,49,27,0,89,0,0,142,0,142,13,49,169,0,231,118,0,118,349
06/13/2002,EUG,OR,ANM,WE,Towers with Radar,11,59,44,0,114,1,5,79,6,91,12,64,123,6,205,22,0,22,227
06/14/2002,EUG,OR,ANM,WE,Towers with Radar,11,55,35,0,101,0,0,73,0,73,11,55,108,0,174,56,0,56,230
06/15/2002,EUG,OR,ANM,WE,Towers with Radar,11,32,27,1,71,0,0,51,0,51,11,32,78,1,122,78,0,78,200
06/16/2002,EUG,OR,ANM,WE,Towers with Radar,9,36,35,0,80,9,1,25,0,35,18,37,60,0,115,28,0,28,143
06/17/2002,EUG,OR,ANM,WE,Towers with Radar,14,72,28,4,118,0,1,0,0,1,14,73,28,4,119,20,0,20,139
06/18/2002,EUG,OR,ANM,WE,Towers with Radar,14,51,38,1,104,0,13,31,3,47,14,64,69,4,151,30,4,34,185
06/19/2002,EUG,OR,ANM,WE,Towers with Radar,13,66,44,0,123,0,11,76,0,87,13,77,120,0,210,16,0,16,226
06/20/2002,EUG,OR,ANM,WE,Towers with Radar,12,62,32,2,108,4,3,105,0,112,16,65,137,2,220,62,0,62,282
06/21/2002,EUG,OR,ANM,WE,Towers with Radar,15,52,43,0,110,1,0,55,0,56,16,52,98,0,166,62,0,62,228
06/22/2002,EUG,OR,ANM,WE,Towers with Radar,12,38,59,0,109,1,0,14,0,15,13,38,73,0,124,6,0,6,130
06/23/2002,EUG,OR,ANM,WE,Towers with Radar,14,37,29,0,80,2,3,67,0,72,16,40,96,0,152,100,0,100,252
06/24/2002,EUG,OR,ANM,WE,Towers with Radar,16,68,47,0,131,1,0,63,0,64,17,68,110,0,195,90,0,90,285
06/25/2002,EUG,OR,ANM,WE,Towers with Radar,11,61,41,0,113,1,7,111,0,119,12,68,152,0,232,100,0,100,332
06/26/2002,EUG,OR,ANM,WE,Towers with Radar,12,56,34,0,102,2,8,137,0,147,14,64,171,0,249,116,0,116,365
06/27/2002,EUG,OR,ANM,WE,Towers with Radar,14,55,60,0,129,2,0,71,3,76,16,55,131,3,205,100,4,104,309
06/28/2002,EUG,OR,ANM,WE,Towers with Radar,12,59,56,2,129,0,2,49,0,51,12,61,105,2,180,90,0,90,270
06/29/2002,EUG,OR,ANM,WE,Towers with Radar,13,37,34,0,84,0,0,58,0,58,13,37,92,0,142,92,0,92,234
06/30/2002,EUG,OR,ANM,WE,Towers with Radar,18,30,7,0,55,0,3,72,0,75,18,33,79,0,130,64,0,64,194
07/01/2002,EUG,OR,ANM,WE,Towers with Radar,14,41,46,0,101,1,15,113,1,130,15,56,159,1,231,150,0,150,381
07/02/2002,EUG,OR,ANM,WE,Towers with Radar,17,55,46,0,118,0,13,127,1,141,17,68,173,1,259,134,0,134,393
07/03/2002,EUG,OR,ANM,WE,Towers with Radar,14,53,55,0,122,0,5,109,1,115,14,58,164,1,237,144,2,146,383
07/04/2002,EUG,OR,ANM,WE,Towers with Radar,8,30,20,0,58,0,0,45,0,45,8,30,65,0,103,6,0,6,109
07/05/2002,EUG,OR,ANM,WE,Towers with Radar,10,36,23,0,69,0,14,129,70,213,10,50,152,70,282,0,0,0,282
07/06/2002,EUG,OR,ANM,WE,Towers with Radar,11,30,11,0,52,0,0,101,0,101,11,30,112,0,153,136,0,136,289
07/07/2002,EUG,OR,ANM,WE,Towers with Radar,18,33,25,0,76,0,6,66,1,73,18,39,91,1,149,24,0,24,173
07/08/2002,EUG,OR,ANM,WE,Towers with Radar,13,45,32,0,90,0,4,156,2,162,13,49,188,2,252,186,0,186,438
07/09/2002,EUG,OR,ANM,WE,Towers with Radar,12,53,37,0,102,0,14,150,0,164,12,67,187,0,266,108,0,108,374
07/10/2002,EUG,OR,ANM,WE,Towers with Radar,12,49,33,4,98,2,11,147,1,161,14,60,180,5,259,116,8,124,383
07/11/2002,EUG,OR,ANM,WE,Towers with Radar,8,51,26,4,89,0,8,138,0,146,8,59,164,4,235,108,0,108,343
07/12/2002,EUG,OR,ANM,WE,Towers with Radar,11,64,35,0,110,2,0,112,1,115,13,64,147,1,225,96,0,96,321
07/13/2002,EUG,OR,ANM,WE,Towers with Radar,12,38,26,0,76,0,1,112,0,113,12,39,138,0,189,72,0,72,261
07/14/2002,EUG,OR,ANM,WE,Towers with Radar,12,41,13,1,67,0,3,85,2,90,12,44,98,3,157,72,0,72,229
07/15/2002,EUG,OR,ANM,WE,Towers with Radar,14,58,28,2,102,0,6,116,0,122,14,64,144,2,224,118,0,118,342
07/16/2002,EUG,OR,ANM,WE,Towers with Radar,13,64,34,2,113,2,8,112,0,122,15,72,146,2,235,80,0,80,315
07/17/2002,EUG,OR,ANM,WE,Towers with Radar,12,58,47,0,117,1,0,69,0,70,13,58,116,0,187,60,0,60,247
07/18/2002,EUG,OR,ANM,WE,Towers with Radar,13,54,56,0,123,0,6,93,0,99,13,60,149,0,222,92,0,92,314
07/19/2002,EUG,OR,ANM,WE,Towers with Radar,9,48,55,0,112,0,0,66,0,66,9,48,121,0,178,121,0,121,299
07/20/2002,EUG,OR,ANM,WE,Towers with Radar,13,36,34,2,85,0,0,120,0,120,13,36,154,2,205,110,0,110,315
07/21/2002,EUG,OR,ANM,WE,Towers with Radar,11,37,10,3,61,0,3,95,2,100,11,40,105,5,161,100,0,100,261
07/22/2002,EUG,OR,ANM,WE,Towers with Radar,10,42,29,0,81,0,24,101,0,125,10,66,130,0,206,110,0,110,316
07/23/2002,EUG,OR,ANM,WE,Towers with Radar,14,61,17,6,98,0,11,106,0,117,14,72,123,6,215,48,0,48,263
07/24/2002,EUG,OR,ANM,WE,Towers with Radar,12,68,51,3,134,0,0,113,1,114,12,68,164,4,248,118,0,118,366
07/25/2002,EUG,OR,ANM,WE,Towers with Radar,13,60,55,5,133,5,4,89,0,98,18,64,144,5,231,126,6,132,363
07/26/2002,EUG,OR,ANM,WE,Towers with Radar,12,52,28,0,92,1,0,88,0,89,13,52,116,0,181,158,0,158,339
07/27/2002,EUG,OR,ANM,WE,Towers with Radar,13,35,22,0,70,3,3,138,0,144,16,38,160,0,214,134,0,134,348
07/28/2002,EUG,OR,ANM,WE,Towers with Radar,13,37,13,0,63,1,1,103,0,105,14,38,116,0,168,62,0,62,230
07/29/2002,EUG,OR,ANM,WE,Towers with Radar,14,48,27,1,90,0,5,83,0,88,14,53,110,1,178,104,0,104,282
07/30/2002,EUG,OR,ANM,WE,Towers with Radar,13,57,46,3,119,0,0,98,0,98,13,57,144,3,217,48,4,52,269
07/31/2002,EUG,OR,ANM,WE,Towers with Radar,15,55,43,0,113,0,4,157,2,163,15,59,200,2,276,142,0,142,418
08/01/2002,EUG,OR,ANM,WE,Towers with Radar,12,61,44,0,117,0,4,131,0,135,12,65,175,0,252,96,2,98,350
08/02/2002,EUG,OR,ANM,WE,Towers with Radar,13,53,38,1,105,0,2,144,4,150,13,55,182,5,255,128,0,128,383
08/03/2002,EUG,OR,ANM,WE,Towers with Radar,12,40,24,0,76,0,1,134,0,135,12,41,158,0,211,98,0,98,309
08/04/2002,EUG,OR,ANM,WE,Towers with Radar,12,41,42,0,95,0,0,30,0,30,12,41,72,0,125,24,0,24,149
08/05/2002,EUG,OR,ANM,WE,Towers with Radar,14,64,41,0,119,0,6,77,0,83,14,70,118,0,202,30,0,30,232
08/06/2002,EUG,OR,ANM,WE,Towers with Radar,19,82,41,0,142,1,5,95,0,101,20,87,136,0,243,66,0,66,309
08/07/2002,EUG,OR,ANM,WE,Towers with Radar,16,61,44,0,121,1,0,155,0,156,17,61,199,0,277,106,0,106,383
08/08/2002,EUG,OR,ANM,WE,Towers with Radar,14,53,20,1,88,3,4,154,0,161,17,57,174,1,249,80,0,80,329
08/09/2002,EUG,OR,ANM,WE,Towers with Radar,18,53,31,0,102,2,27,134,0,163,20,80,165,0,265,138,0,138,403
08/10/2002,EUG,OR,ANM,WE,Towers with Radar,15,37,20,0,72,0,3,118,0,121,15,40,138,0,193,80,0,80,273
08/11/2002,EUG,OR,ANM,WE,Towers with Radar,14,38,15,0,67,1,0,95,0,96,15,38,110,0,163,22,0,22,185
08/12/2002,EUG,OR,ANM,WE,Towers with Radar,11,57,52,0,120,0,3,137,0,140,11,60,189,0,260,154,0,154,414
08/13/2002,EUG,OR,ANM,WE,Towers with Radar,13,60,22,0,95,5,5,117,0,127,18,65,139,0,222,112,0,112,334
08/14/2002,EUG,OR,ANM,WE,Towers with Radar,15,62,51,0,128,5,4,151,1,161,20,66,202,1,289,164,0,164,453
08/15/2002,EUG,OR,ANM,WE,Towers with Radar,16,57,37,4,114,0,0,130,0,130,16,57,167,4,244,116,20,136,380
08/16/2002,EUG,OR,ANM,WE,Towers with Radar,13,65,41,0,119,0,0,146,0,146,13,65,187,0,265,158,0,158,423
08/17/2002,EUG,OR,ANM,WE,Towers with Radar,14,40,23,0,77,0,1,109,0,110,14,41,132,0,187,44,0,44,231
08/18/2002,EUG,OR,ANM,WE,Towers with Radar,14,38,10,0,62,0,0,81,0,81,14,38,91,0,143,26,0,26,169
08/19/2002,EUG,OR,ANM,WE,Towers with Radar,15,60,43,0,118,0,0,58,0,58,15,60,101,0,176,74,0,74,250
08/20/2002,EUG,OR,ANM,WE,Towers with Radar,14,52,49,0,115,1,12,60,0,73,15,64,109,0,188,146,0,146,334
08/21/2002,EUG,OR,ANM,WE,Towers with Radar,14,59,44,2,119,3,0,107,0,110,17,59,151,2,229,96,4,100,329
08/22/2002,EUG,OR,ANM,WE,Towers with Radar,13,56,45,0,114,5,8,154,0,167,18,64,199,0,281,102,0,102,383
08/23/2002,EUG,OR,ANM,WE,Towers with Radar,12,49,32,0,93,4,5,150,0,159,16,54,182,0,252,65,0,65,317
08/24/2002,EUG,OR,ANM,WE,Towers with Radar,13,38,18,4,73,2,0,93,0,95,15,38,111,4,168,76,0,76,244
08/25/2002,EUG,OR,ANM,WE,Towers with Radar,11,33,38,2,84,0,0,44,0,44,11,33,82,2,128,30,0,30,158
08/26/2002,EUG,OR,ANM,WE,Towers with Radar,15,59,28,1,103,0,2,84,2,88,15,61,112,3,191,80,0,80,271
08/27/2002,EUG,OR,ANM,WE,Towers with Radar,13,63,45,0,121,0,12,106,0,118,13,75,151,0,239,96,0,96,335
08/28/2002,EUG,OR,ANM,WE,Towers with Radar,14,60,51,0,125,0,10,141,0,151,14,70,192,0,276,64,0,64,340
08/29/2002,EUG,OR,ANM,WE,Towers with Radar,13,50,23,0,86,2,9,78,2,91,15,59,101,2,177,72,0,72,249
08/30/2002,EUG,OR,ANM,WE,Towers with Radar,10,63,28,0,101,0,5,67,0,72,10,68,95,0,173,52,0,52,225
08/31/2002,EUG,OR,ANM,WE,Towers with Radar,15,35,37,0,87,0,3,93,0,96,15,38,130,0,183,26,0,26,209
09/01/2002,EUG,OR,ANM,WE,Towers with Radar,7,31,12,0,50,1,0,90,0,91,8,31,102,0,141,102,0,102,243
09/02/2002,EUG,OR,ANM,WE,Towers with Radar,14,31,17,0,62,0,0,77,0,77,14,31,94,0,139,14,0,14,153
09/03/2002,EUG,OR,ANM,WE,Towers with Radar,13,57,21,0,91,0,0,55,0,55,13,57,76,0,146,2,0,2,148
09/04/2002,EUG,OR,ANM,WE,Towers with Radar,16,55,10,2,83,0,0,84,1,85,16,55,94,3,168,36,6,42,210
09/05/2002,EUG,OR,ANM,WE,Towers with Radar,16,55,44,0,115,1,0,140,0,141,17,55,184,0,256,22,0,22,278
09/06/2002,EUG,OR,ANM,WE,Towers with Radar,12,46,26,0,84,5,6,86,0,97,17,52,112,0,181,48,0,48,229
09/07/2002,EUG,OR,ANM,WE,Towers with Radar,12,31,23,4,70,1,0,55,0,56,13,31,78,4,126,50,8,58,184
09/08/2002,EUG,OR,ANM,WE,Towers with Radar,13,32,24,0,69,3,0,81,0,84,16,32,105,0,153,20,0,20,173
09/09/2002,EUG,OR,ANM,WE,Towers with Radar,14,48,14,2,78,3,7,70,1,81,17,55,84,3,159,62,0,62,221
09/10/2002,EUG,OR,ANM,WE,Towers with Radar,15,54,40,4,113,0,4,107,0,111,15,58,147,4,224,92,4,96,320
09/11/2002,EUG,OR,ANM,WE,Towers with Radar,15,50,29,0,94,0,0,91,0,91,15,50,120,0,185,26,0,26,211
09/12/2002,EUG,OR,ANM,WE,Towers with Radar,15,52,38,0,105,2,0,89,0,91,17,52,127,0,196,60,0,60,256
09/13/2002,EUG,OR,ANM,WE,Towers with Radar,16,57,22,0,95,3,1,71,0,75,19,58,93,0,170,18,0,18,188
09/14/2002,EUG,OR,ANM,WE,Towers with Radar,15,36,30,0,81,1,0,101,0,102,16,36,131,0,183,90,0,90,273
09/15/2002,EUG,OR,ANM,WE,Towers with Radar,10,33,25,0,68,0,0,48,0,48,10,33,73,0,116,14,0,14,130
09/16/2002,EUG,OR,ANM,WE,Towers with Radar,15,53,37,1,106,0,0,48,2,50,15,53,85,3,156,60,0,60,216
09/17/2002,EUG,OR,ANM,WE,Towers with Radar,15,51,32,2,100,0,0,0,0,0,15,51,32,2,100,0,0,0,100
09/18/2002,EUG,OR,ANM,WE,Towers with Radar,20,50,55,10,135,0,6,56,0,62,20,56,111,10,197,46,0,46,243
09/19/2002,EUG,OR,ANM,WE,Towers with Radar,17,56,33,3,109,1,4,83,15,103,18,60,116,18,212,52,0,52,264
09/20/2002,EUG,OR,ANM,WE,Towers with Radar,15,58,21,2,96,1,2,99,2,104,16,60,120,4,200,58,0,58,258
09/21/2002,EUG,OR,ANM,WE,Towers with Radar,13,34,19,2,68,0,0,83,0,83,13,34,102,2,151,12,0,12,163
09/22/2002,EUG,OR,ANM,WE,Towers with Radar,13,30,11,1,55,0,0,77,2,79,13,30,88,3,134,20,0,20,154
09/23/2002,EUG,OR,ANM,WE,Towers with Radar,12,41,25,0,78,6,15,150,0,171,18,56,175,0,249,168,0,168,417
09/24/2002,EUG,OR,ANM,WE,Towers with Radar,14,49,29,1,93,4,9,133,0,146,18,58,162,1,239,106,0,106,345
09/25/2002,EUG,OR,ANM,WE,Towers with Radar,19,50,32,0,101,0,4,135,0,139,19,54,167,0,240,116,0,116,356
09/26/2002,EUG,OR,ANM,WE,Towers with Radar,15,54,32,3,104,0,2,149,1,152,15,56,181,4,256,106,0,106,362
09/27/2002,EUG,OR,ANM,WE,Towers with Radar,12,51,39,0,102,0,0,130,0,130,12,51,169,0,232,112,0,112,344
09/28/2002,EUG,OR,ANM,WE,Towers with Radar,11,34,18,4,67,0,3,155,0,158,11,37,173,4,225,108,0,108,333
09/29/2002,EUG,OR,ANM,WE,Towers with Radar,12,36,24,0,72,0,0,42,0,42,12,36,66,0,114,36,0,36,150
09/30/2002,EUG,OR,ANM,WE,Towers with Radar,12,57,35,0,104,3,6,64,0,73,15,63,99,0,177,96,0,96,273
10/01/2002,EUG,OR,ANM,WE,Towers with Radar,14,58,34,2,108,1,7,67,0,75,15,65,101,2,183,110,0,110,293
10/02/2002,EUG,OR,ANM,WE,Towers with Radar,9,52,32,0,93,0,0,117,0,117,9,52,149,0,210,192,0,192,402
10/03/2002,EUG,OR,ANM,WE,Towers with Radar,14,60,37,0,111,2,0,26,0,28,16,60,63,0,139,12,0,12,151
10/04/2002,EUG,OR,ANM,WE,Towers with Radar,18,54,68,0,140,0,1,40,0,41,18,55,108,0,181,64,0,64,245
10/05/2002,EUG,OR,ANM,WE,Towers with Radar,12,37,35,0,84,0,0,69,0,69,12,37,104,0,153,80,0,80,233
10/06/2002,EUG,OR,ANM,WE,Towers with Radar,12,37,51,0,100,0,0,67,0,67,12,37,118,0,167,82,0,82,249
10/07/2002,EUG,OR,ANM,WE,Towers with Radar,13,55,20,0,88,0,4,139,0,143,13,59,159,0,231,124,0,124,355
10/08/2002,EUG,OR,ANM,WE,Towers with Radar,14,50,47,0,111,0,0,68,0,68,14,50,115,0,179,106,0,106,285
10/09/2002,EUG,OR,ANM,WE,Towers with Radar,13,57,46,0,116,0,1,149,0,150,13,58,195,0,266,142,0,142,408
10/10/2002,EUG,OR,ANM,WE,Towers with Radar,16,58,49,3,126,1,5,97,3,106,17,63,146,6,232,204,0,204,436
10/11/2002,EUG,OR,ANM,WE,Towers with Radar,11,55,29,0,95,0,4,126,0,130,11,59,155,0,225,146,0,146,371
10/12/2002,EUG,OR,ANM,WE,Towers with Radar,13,34,18,1,66,0,0,128,4,132,13,34,146,5,198,96,0,96,294
10/13/2002,EUG,OR,ANM,WE,Towers with Radar,11,34,13,0,58,0,2,102,0,104,11,36,115,0,162,74,0,74,236
10/14/2002,EUG,OR,ANM,WE,Towers with Radar,15,47,22,0,84,1,0,114,0,115,16,47,136,0,199,132,0,132,331
10/15/2002,EUG,OR,ANM,WE,Towers with Radar,17,60,30,0,107,0,0,110,0,110,17,60,140,0,217,114,0,114,331
10/16/2002,EUG,OR,ANM,WE,Towers with Radar,15,58,41,0,114,1,5,154,0,160,16,63,195,0,274,148,0,148,422
10/17/2002,EUG,OR,ANM,WE,Towers with Radar,16,64,61,0,141,0,0,120,0,120,16,64,181,0,261,170,0,170,431
10/18/2002,EUG,OR,ANM,WE,Towers with Radar,15,61,44,0,120,0,0,87,0,87,15,61,131,0,207,228,0,228,435
10/19/2002,EUG,OR,ANM,WE,Towers with Radar,16,36,22,0,74,0,0,117,0,117,16,36,139,0,191,160,0,160,351
10/20/2002,EUG,OR,ANM,WE,Towers with Radar,12,32,31,0,75,3,0,42,0,45,15,32,73,0,120,106,0,106,226
10/21/2002,EUG,OR,ANM,WE,Towers with Radar,17,62,58,1,138,0,3,81,1,85,17,65,139,2,223,154,2,156,379
10/22/2002,EUG,OR,ANM,WE,Towers with Radar,12,66,34,1,113,0,4,81,1,86,12,70,115,2,199,178,0,178,377
10/23/2002,EUG,OR,ANM,WE,Towers with Radar,15,54,25,0,94,0,5,107,1,113,15,59,132,1,207,116,0,116,323
10/24/2002,EUG,OR,ANM,WE,Towers with Radar,18,65,47,1,131,0,0,68,1,69,18,65,115,2,200,136,0,136,336
10/25/2002,EUG,OR,ANM,WE,Towers with Radar,18,59,38,0,115,2,2,99,0,103,20,61,137,0,218,194,0,194,412
10/26/2002,EUG,OR,ANM,WE,Towers with Radar,13,34,38,0,85,0,0,93,0,93,13,34,131,0,178,80,0,80,258
10/27/2002,EUG,OR,ANM,WE,Towers with Radar,10,40,25,0,75,0,1,22,0,23,10,41,47,0,98,40,0,40,138
10/28/2002,EUG,OR,ANM,WE,Towers with Radar,16,49,31,0,96,0,1,43,0,44,16,50,74,0,140,98,0,98,238
10/29/2002,EUG,OR,ANM,WE,Towers with Radar,15,67,31,0,113,0,12,89,0,101,15,79,120,0,214,110,0,110,324
10/30/2002,EUG,OR,ANM,WE,Towers with Radar,13,50,34,0,97,3,12,84,12,111,16,62,118,12,208,188,0,188,396
10/31/2002,EUG,OR,ANM,WE,Towers with Radar,10,55,20,1,86,1,5,113,0,119,11,60,133,1,205,152,0,152,357
11/01/2002,EUG,OR,ANM,WE,Towers with Radar,15,54,22,0,91,1,20,132,0,153,16,74,154,0,244,210,0,210,454
11/02/2002,EUG,OR,ANM,WE,Towers with Radar,11,38,24,0,73,1,6,98,0,105,12,44,122,0,178,120,6,126,304
11/03/2002,EUG,OR,ANM,WE,Towers with Radar,11,34,26,0,71,26,69,77,0,172,37,103,103,0,243,70,2,72,315
11/04/2002,EUG,OR,ANM,WE,Towers with Radar,16,55,31,0,102,0,3,93,0,96,16,58,124,0,198,86,0,86,284
11/05/2002,EUG,OR,ANM,WE,Towers with Radar,13,53,22,0,88,0,0,88,0,88,13,53,110,0,176,162,0,162,338
11/06/2002,EUG,OR,ANM,WE,Towers with Radar,12,55,31,0,98,0,4,87,0,91,12,59,118,0,189,216,0,216,405
11/07/2002,EUG,OR,ANM,WE,Towers with Radar,11,61,25,4,101,0,1,30,0,31,11,62,55,4,132,92,0,92,224
11/08/2002,EUG,OR,ANM,WE,Towers with Radar,15,56,39,0,110,2,0,9,0,11,17,56,48,0,121,88,0,88,209
11/09/2002,EUG,OR,ANM,WE,Towers with Radar,15,36,50,0,101,0,0,6,0,6,15,36,56,0,107,98,0,98,205
11/10/2002,EUG,OR,ANM,WE,Towers with Radar,8,30,22,0,60,2,6,9,0,17,10,36,31,0,77,0,0,0,77
11/11/2002,EUG,OR,ANM,WE,Towers with Radar,13,54,37,0,104,2,7,13,0,22,15,61,50,0,126,0,0,0,126
11/12/2002,EUG,OR,ANM,WE,Towers with Radar,9,58,32,9,108,1,4,44,0,49,10,62,76,9,157,92,8,100,257
11/13/2002,EUG,OR,ANM,WE,Towers with Radar,13,63,44,0,120,0,0,64,0,64,13,63,108,0,184,156,0,156,340
11/14/2002,EUG,OR,ANM,WE,Towers with Radar,16,53,50,0,119,0,0,83,0,83,16,53,133,0,202,250,0,250,452
11/15/2002,EUG,OR,ANM,WE,Towers with Radar,17,66,52,0,135,5,2,66,0,73,22,68,118,0,208,168,0,168,376
11/16/2002,EUG,OR,ANM,WE,Towers with Radar,14,22,42,0,78,0,21,17,0,38,14,43,59,0,116,34,0,34,150
11/17/2002,EUG,OR,ANM,WE,Towers with Radar,9,34,31,0,74,0,0,32,0,32,9,34,63,0,106,32,0,32,138
11/18/2002,EUG,OR,ANM,WE,Towers with Radar,12,48,15,2,77,0,0,48,0,48,12,48,63,2,125,94,0,94,219
11/19/2002,EUG,OR,ANM,WE,Towers with Radar,12,54,32,0,98,0,0,101,0,101,12,54,133,0,199,184,0,184,383
11/20/2002,EUG,OR,ANM,WE,Towers with Radar,11,40,46,0,97,0,0,6,0,6,11,40,52,0,103,0,0,0,103
11/21/2002,EUG,OR,ANM,WE,Towers with Radar,11,49,28,1,89,0,1,17,2,20,11,50,45,3,109,14,0,14,123
11/22/2002,EUG,OR,ANM,WE,Towers with Radar,8,37,35,0,80,0,0,29,0,29,8,37,64,0,109,62,0,62,171
11/23/2002,EUG,OR,ANM,WE,Towers with Radar,8,34,23,0,65,2,6,4,2,14,10,40,27,2,79,0,0,0,79
11/24/2002,EUG,OR,ANM,WE,Towers with Radar,9,37,26,0,72,3,15,75,0,93,12,52,101,0,165,198,0,198,363
11/25/2002,EUG,OR,ANM,WE,Towers with Radar,12,51,9,0,72,0,1,104,1,106,12,52,113,1,178,148,6,154,332
11/26/2002,EUG,OR,ANM,WE,Towers with Radar,12,51,36,0,99,0,8,108,0,116,12,59,144,0,215,169,0,169,384
11/27/2002,EUG,OR,ANM,WE,Towers with Radar,12,45,46,0,103,0,0,17,0,17,12,45,63,0,120,65,0,65,185
11/28/2002,EUG,OR,ANM,WE,Towers with Radar,6,26,15,0,47,60,3,18,0,81,66,29,33,0,128,2,0,2,130
11/29/2002,EUG,OR,ANM,WE,Towers with Radar,6,37,23,0,66,3,2,47,2,54,9,39,70,2,120,54,0,54,174
11/30/2002,EUG,OR,ANM,WE,Towers with Radar,10,34,23,1,68,0,1,47,1,49,10,35,70,2,117,24,0,24,141
12/01/2002,EUG,OR,ANM,WE,Towers with Radar,11,35,28,0,74,0,0,22,0,22,11,35,50,0,96,62,0,62,158
12/02/2002,EUG,OR,ANM,WE,Towers with Radar,15,63,20,0,98,0,8,0,0,8,15,71,20,0,106,0,0,0,106
12/03/2002,EUG,OR,ANM,WE,Towers with Radar,13,57,34,0,104,1,0,23,0,24,14,57,57,0,128,0,0,0,128
12/04/2002,EUG,OR,ANM,WE,Towers with Radar,11,68,41,0,120,0,2,0,0,2,11,70,41,0,122,0,0,0,122
12/05/2002,EUG,OR,ANM,WE,Towers with Radar,10,64,93,0,167,0,0,0,0,0,10,64,93,0,167,68,2,70,237
12/06/2002,EUG,OR,ANM,WE,Towers with Radar,14,53,33,0,100,0,0,56,0,56,14,53,89,0,156,168,0,168,324
12/07/2002,EUG,OR,ANM,WE,Towers with Radar,8,41,26,0,75,2,0,0,0,2,10,41,26,0,77,0,0,0,77
12/08/2002,EUG,OR,ANM,WE,Towers with Radar,10,33,20,0,63,0,4,0,0,4,10,37,20,0,67,0,0,0,67
12/09/2002,EUG,OR,ANM,WE,Towers with Radar,14,62,31,2,109,0,2,41,0,43,14,64,72,2,152,80,0,80,232
12/10/2002,EUG,OR,ANM,WE,Towers with Radar,11,72,54,0,137,1,17,12,0,30,12,89,66,0,167,40,0,40,207
12/11/2002,EUG,OR,ANM,WE,Towers with Radar,11,59,26,7,103,1,2,16,1,20,12,61,42,8,123,10,0,10,133
12/12/2002,EUG,OR,ANM,WE,Towers with Radar,10,64,37,0,111,0,4,17,0,21,10,68,54,0,132,38,0,38,170
12/13/2002,EUG,OR,ANM,WE,Towers with Radar,10,56,52,0,118,2,0,54,0,56,12,56,106,0,174,98,0,98,272
12/14/2002,EUG,OR,ANM,WE,Towers with Radar,10,38,26,0,74,0,0,0,0,0,10,38,26,0,74,36,0,36,110
12/15/2002,EUG,OR,ANM,WE,Towers with Radar,10,34,11,0,55,0,2,0,0,2,10,36,11,0,57,0,0,0,57
12/16/2002,EUG,OR,ANM,WE,Towers with Radar,15,67,13,0,95,0,3,22,0,25,15,70,35,0,120,10,0,10,130
12/17/2002,EUG,OR,ANM,WE,Towers with Radar,13,78,42,0,133,1,3,39,0,43,14,81,81,0,176,110,0,110,286
12/18/2002,EUG,OR,ANM,WE,Towers with Radar,14,52,43,5,114,0,1,47,3,51,14,53,90,8,165,110,14,124,289
12/19/2002,EUG,OR,ANM,WE,Towers with Radar,14,65,23,3,105,0,0,36,0,36,14,65,59,3,141,136,0,136,277
12/20/2002,EUG,OR,ANM,WE,Towers with Radar,9,60,23,0,92,1,1,21,0,23,10,61,44,0,115,32,0,32,147
12/21/2002,EUG,OR,ANM,WE,Towers with Radar,11,31,13,0,55,0,0,16,0,16,11,31,29,0,71,0,0,0,71
12/22/2002,EUG,OR,ANM,WE,Towers with Radar,10,36,24,0,70,0,5,11,0,16,10,41,35,0,86,6,0,6,92
12/23/2002,EUG,OR,ANM,WE,Towers with Radar,14,74,16,0,104,0,2,28,0,30,14,76,44,0,134,46,0,46,180
12/24/2002,EUG,OR,ANM,WE,Towers with Radar,11,59,8,0,78,0,11,8,0,19,11,70,16,0,97,0,0,0,97
12/25/2002,EUG,OR,ANM,WE,Towers with Radar,5,25,15,0,45,5,4,3,0,12,10,29,18,0,57,2,0,2,59
12/26/2002,EUG,OR,ANM,WE,Towers with Radar,11,55,16,6,88,0,2,0,0,2,11,57,16,6,90,0,0,0,90
12/27/2002,EUG,OR,ANM,WE,Towers with Radar,13,49,11,0,73,3,0,3,0,6,16,49,14,0,79,2,0,2,81
12/28/2002,EUG,OR,ANM,WE,Towers with Radar,8,37,17,0,62,0,4,0,0,4,8,41,17,0,66,0,0,0,66
12/29/2002,EUG,OR,ANM,WE,Towers with Radar,11,33,23,0,67,0,0,33,0,33,11,33,56,0,100,6,0,6,106
12/30/2002,EUG,OR,ANM,WE,Towers with Radar,10,53,24,0,87,0,0,0,0,0,10,53,24,0,87,0,0,0,87
12/31/2002,EUG,OR,ANM,WE,Towers with Radar,11,66,16,0,93,0,2,24,0,26,11,68,40,0,119,2,0,2,121
01/01/2003,EUG,OR,ANM,WE,Towers with Radar,11,26,9,0,46,0,1,9,1,11,11,27,18,1,57,2,0,2,59
01/02/2003,EUG,OR,ANM,WE,Towers with Radar,9,53,28,0,90,5,3,0,0,8,14,56,28,0,98,0,0,0,98
01/03/2003,EUG,OR,ANM,WE,Towers with Radar,11,53,30,0,94,0,0,10,0,10,11,53,40,0,104,4,0,4,108
01/04/2003,EUG,OR,ANM,WE,Towers with Radar,11,32,14,0,57,0,5,10,0,15,11,37,24,0,72,0,0,0,72
01/05/2003,EUG,OR,ANM,WE,Towers with Radar,9,31,8,0,48,0,0,7,0,7,9,31,15,0,55,0,0,0,55
01/06/2003,EUG,OR,ANM,WE,Towers with Radar,11,50,27,0,88,0,10,35,0,45,11,60,62,0,133,40,0,40,173
01/07/2003,EUG,OR,ANM,WE,Towers with Radar,4,81,37,4,126,0,1,0,1,2,4,82,37,5,128,0,0,0,128
01/08/2003,EUG,OR,ANM,WE,Towers with Radar,7,49,31,0,87,1,23,5,0,29,8,72,36,0,116,0,0,0,116
01/09/2003,EUG,OR,ANM,WE,Towers with Radar,6,69,39,0,114,0,1,30,0,31,6,70,69,0,145,112,0,112,257
01/10/2003,EUG,OR,ANM,WE,Towers with Radar,5,62,41,0,108,0,10,105,0,115,5,72,146,0,223,186,0,186,409
01/11/2003,EUG,OR,ANM,WE,Towers with Radar,2,40,25,0,67,0,5,0,0,5,2,45,25,0,72,0,0,0,72
01/12/2003,EUG,OR,ANM,WE,Towers with Radar,5,34,13,0,52,0,2,0,0,2,5,36,13,0,54,13,0,13,67
01/13/2003,EUG,OR,ANM,WE,Towers with Radar,9,58,57,0,124,0,0,39,0,39,9,58,96,0,163,90,0,90,253
01/14/2003,EUG,OR,ANM,WE,Towers with Radar,4,71,40,0,115,0,4,0,0,4,4,75,40,0,119,8,0,8,127
01/15/2003,EUG,OR,ANM,WE,Towers with Radar,6,72,61,0,139,1,2,24,0,27,7,74,85,0,166,18,0,18,184
01/16/2003,EUG,OR,ANM,WE,Towers with Radar,7,66,27,6,106,0,4,78,6,88,7,70,105,12,194,132,0,132,326
01/17/2003,EUG,OR,ANM,WE,Towers with Radar,12,72,31,6,121,0,0,122,0,122,12,72,153,6,243,208,2,210,453
01/18/2003,EUG,OR,ANM,WE,Towers with Radar,2,42,18,0,62,0,8,91,0,99,2,50,109,0,161,156,0,156,317
01/19/2003,EUG,OR,ANM,WE,Towers with Radar,2,34,9,0,45,0,0,17,0,17,2,34,26,0,62,2,0,2,64
01/20/2003,EUG,OR,ANM,WE,Towers with Radar,6,54,19,1,80,0,0,0,0,0,6,54,19,1,80,0,0,0,80
01/21/2003,EUG,OR,ANM,WE,Towers with Radar,5,67,43,7,122,0,0,57,10,67,5,67,100,17,189,98,14,112,301
01/22/2003,EUG,OR,ANM,WE,Towers with Radar,9,71,45,1,126,16,0,19,1,36,25,71,64,2,162,6,0,6,168
01/23/2003,EUG,OR,ANM,WE,Towers with Radar,9,66,36,0,111,0,0,100,0,100,9,66,136,0,211,220,0,220,431
01/24/2003,EUG,OR,ANM,WE,Towers with Radar,4,67,66,0,137,0,0,43,0,43,4,67,109,0,180,140,0,140,320
01/25/2003,EUG,OR,ANM,WE,Towers with Radar,2,39,30,0,71,0,0,36,0,36,2,39,66,0,107,78,78,156,263
01/26/2003,EUG,OR,ANM,WE,Towers with Radar,2,44,29,0,75,0,0,0,0,0,2,44,29,0,75,0,0,0,75
01/27/2003,EUG,OR,ANM,WE,Towers with Radar,7,71,35,2,115,0,0,83,0,83,7,71,118,2,198,172,0,172,370
01/28/2003,EUG,OR,ANM,WE,Towers with Radar,6,73,52,2,133,0,0,43,0,43,6,73,95,2,176,82,0,82,258
01/29/2003,EUG,OR,ANM,WE,Towers with Radar,6,64,45,8,123,0,2,61,0,63,6,66,106,8,186,100,4,104,290
01/30/2003,EUG,OR,ANM,WE,Towers with Radar,6,67,42,4,119,2,0,5,0,7,8,67,47,4,126,4,12,16,142
01/31/2003,EUG,OR,ANM,WE,Towers with Radar,4,63,34,2,103,0,0,17,1,18,4,63,51,3,121,34,0,34,155
02/01/2003,EUG,OR,ANM,WE,Towers with Radar,0,43,29,0,72,1,3,42,0,46,1,46,71,0,118,100,0,100,218
02/02/2003,EUG,OR,ANM,WE,Towers with Radar,3,39,22,0,64,0,0,52,0,52,3,39,74,0,116,32,0,32,148
02/03/2003,EUG,OR,ANM,WE,Towers with Radar,6,71,27,0,104,0,2,31,0,33,6,73,58,0,137,22,0,22,159
02/04/2003,EUG,OR,ANM,WE,Towers with Radar,6,65,29,0,100,0,0,28,0,28,6,65,57,0,128,90,0,90,218
02/05/2003,EUG,OR,ANM,WE,Towers with Radar,5,71,32,0,108,0,2,53,0,55,5,73,85,0,163,80,2,82,245
02/06/2003,EUG,OR,ANM,WE,Towers with Radar,5,69,42,0,116,0,8,41,0,49,5,77,83,0,165,114,0,114,279
02/07/2003,EUG,OR,ANM,WE,Towers with Radar,7,61,25,0,93,0,13,111,0,124,7,74,136,0,217,140,0,140,357
02/08/2003,EUG,OR,ANM,WE,Towers with Radar,2,43,12,7,64,0,0,126,0,126,2,43,138,7,190,130,0,130,320
02/09/2003,EUG,OR,ANM,WE,Towers with Radar,2,48,22,0,72,2,2,64,0,68,4,50,86,0,140,40,0,40,180
02/10/2003,EUG,OR,ANM,WE,Towers with Radar,6,66,43,0,115,3,0,87,8,98,9,66,130,8,213,118,0,118,331
02/11/2003,EUG,OR,ANM,WE,Towers with Radar,6,74,27,0,107,0,11,34,1,46,6,85,61,1,153,62,0,62,215
02/12/2003,EUG,OR,ANM,WE,Towers with Radar,8,65,45,0,118,0,4,46,0,50,8,69,91,0,168,52,0,52,220
02/13/2003,EUG,OR,ANM,WE,Towers with Radar,5,69,66,0,140,0,4,41,0,45,5,73,107,0,185,56,0,56,241
02/14/2003,EUG,OR,ANM,WE,Towers with Radar,6,66,46,0,118,3,0,84,0,87,9,66,130,0,205,84,0,84,289
02/15/2003,EUG,OR,ANM,WE,Towers with Radar,2,51,34,0,87,0,1,25,0,26,2,52,59,0,113,68,0,68,181
02/16/2003,EUG,OR,ANM,WE,Towers with Radar,2,44,27,0,73,0,0,15,0,15,2,44,42,0,88,4,0,4,92
02/17/2003,EUG,OR,ANM,WE,Towers with Radar,4,65,24,0,93,0,1,6,0,7,4,66,30,0,100,48,0,48,148
02/18/2003,EUG,OR,ANM,WE,Towers with Radar,10,71,49,0,130,0,0,58,0,58,10,71,107,0,188,138,0,138,326
02/19/2003,EUG,OR,ANM,WE,Towers with Radar,6,67,61,0,134,0,0,0,0,0,6,67,61,0,134,54,0,54,188
02/20/2003,EUG,OR,ANM,WE,Towers with Radar,8,77,60,0,145,0,1,7,0,8,8,78,67,0,153,60,0,60,213
02/21/2003,EUG,OR,ANM,WE,Towers with Radar,5,69,37,0,111,0,0,24,0,24,5,69,61,0,135,30,0,30,165
02/22/2003,EUG,OR,ANM,WE,Towers with Radar,2,49,33,0,84,0,0,84,0,84,2,49,117,0,168,106,0,106,274
02/23/2003,EUG,OR,ANM,WE,Towers with Radar,2,50,30,0,82,0,3,45,0,48,2,53,75,0,130,10,0,10,140
02/24/2003,EUG,OR,ANM,WE,Towers with Radar,6,63,24,0,93,0,2,129,0,131,6,65,153,0,224,202,0,202,426
02/25/2003,EUG,OR,ANM,WE,Towers with Radar,5,61,28,0,94,0,7,107,1,115,5,68,135,1,209,148,0,148,357
02/26/2003,EUG,OR,ANM,WE,Towers with Radar,6,61,26,0,93,0,0,70,0,70,6,61,96,0,163,64,0,64,227
02/27/2003,EUG,OR,ANM,WE,Towers with Radar,6,78,50,0,134,0,3,62,0,65,6,81,112,0,199,98,0,98,297
02/28/2003,EUG,OR,ANM,WE,Towers with Radar,6,72,44,0,122,0,0,58,1,59,6,72,102,1,181,64,0,64,245
03/01/2003,EUG,OR,ANM,WE,Towers with Radar,2,44,32,0,78,0,3,61,0,64,2,47,93,0,142,48,0,48,190
03/02/2003,EUG,OR,ANM,WE,Towers with Radar,3,49,1,0,53,0,1,0,0,1,3,50,1,0,54,0,0,0,54
03/03/2003,EUG,OR,ANM,WE,Towers with Radar,6,68,42,0,116,0,2,46,3,51,6,70,88,3,167,74,0,74,241
03/04/2003,EUG,OR,ANM,WE,Towers with Radar,6,72,74,0,152,0,4,17,2,23,6,76,91,2,175,40,0,40,215
03/05/2003,EUG,OR,ANM,WE,Towers with Radar,10,70,55,0,135,0,0,0,0,0,10,70,55,0,135,0,0,0,135
03/06/2003,EUG,OR,ANM,WE,Towers with Radar,5,69,44,6,124,0,6,0,0,6,5,75,44,6,130,8,2,10,140
03/07/2003,EUG,OR,ANM,WE,Towers with Radar,3,66,48,0,117,0,4,0,0,4,3,70,48,0,121,0,0,0,121
03/08/2003,EUG,OR,ANM,WE,Towers with Radar,2,42,23,2,69,0,0,29,0,29,2,42,52,2,98,46,0,46,144
03/09/2003,EUG,OR,ANM,WE,Towers with Radar,3,44,24,0,71,0,0,0,0,0,3,44,24,0,71,0,0,0,71
03/10/2003,EUG,OR,ANM,WE,Towers with Radar,6,69,40,0,115,0,4,62,0,66,6,73,102,0,181,104,0,104,285
03/11/2003,EUG,OR,ANM,WE,Towers with Radar,7,72,43,0,122,0,3,20,0,23,7,75,63,0,145,60,0,60,205
03/12/2003,EUG,OR,ANM,WE,Towers with Radar,6,67,37,3,113,0,0,45,0,45,6,67,82,3,158,46,0,46,204
03/13/2003,EUG,OR,ANM,WE,Towers with Radar,6,70,25,0,101,0,8,0,0,8,6,78,25,0,109,22,0,22,131
03/14/2003,EUG,OR,ANM,WE,Towers with Radar,6,70,24,0,100,0,4,30,0,34,6,74,54,0,134,30,0,30,164
03/15/2003,EUG,OR,ANM,WE,Towers with Radar,2,49,32,0,83,0,5,34,0,39,2,54,66,0,122,148,0,148,270
03/16/2003,EUG,OR,ANM,WE,Towers with Radar,2,39,23,1,65,1,8,33,2,44,3,47,56,3,109,22,0,22,131
03/17/2003,EUG,OR,ANM,WE,Towers with Radar,9,71,52,0,132,0,1,44,0,45,9,72,96,0,177,82,0,82,259
03/18/2003,EUG,OR,ANM,WE,Towers with Radar,7,71,44,9,131,0,1,77,0,78,7,72,121,9,209,104,18,122,331
03/19/2003,EUG,OR,ANM,WE,Towers with Radar,7,71,47,0,125,0,0,44,0,44,7,71,91,0,169,48,0,48,217
03/20/2003,EUG,OR,ANM,WE,Towers with Radar,7,76,51,0,134,3,0,57,0,60,10,76,108,0,194,38,0,38,232
03/21/2003,EUG,OR,ANM,WE,Towers with Radar,6,76,47,4,133,0,1,12,0,13,6,77,59,4,146,36,6,42,188
03/22/2003,EUG,OR,ANM,WE,Towers with Radar,4,47,33,0,84,0,0,9,0,9,4,47,42,0,93,2,0,2,95
03/23/2003,EUG,OR,ANM,WE,Towers with Radar,4,50,29,0,83,0,1,27,0,28,4,51,56,0,111,10,0,10,121
03/24/2003,EUG,OR,ANM,WE,Towers with Radar,6,76,27,0,109,0,1,19,0,20,6,77,46,0,129,24,0,24,153
03/25/2003,EUG,OR,ANM,WE,Towers with Radar,6,71,38,0,115,1,5,10,0,16,7,76,48,0,131,0,0,0,131
03/26/2003,EUG,OR,ANM,WE,Towers with Radar,6,68,18,0,92,0,0,15,1,16,6,68,33,1,108,32,0,32,140
03/27/2003,EUG,OR,ANM,WE,Towers with Radar,6,74,33,0,113,0,0,14,0,14,6,74,47,0,127,2,0,2,129
03/28/2003,EUG,OR,ANM,WE,Towers with Radar,6,60,45,1,112,3,0,50,9,62,9,60,95,10,174,96,28,124,298
03/29/2003,EUG,OR,ANM,WE,Towers with Radar,2,45,20,0,67,0,0,82,0,82,2,45,102,0,149,70,0,70,219
03/30/2003,EUG,OR,ANM,WE,Towers with Radar,2,54,26,0,82,4,3,92,0,99,6,57,118,0,181,48,8,56,237
03/31/2003,EUG,OR,ANM,WE,Towers with Radar,8,68,30,0,106,0,0,86,0,86,8,68,116,0,192,66,0,66,258
04/01/2003,EUG,OR,ANM,WE,Towers with Radar,7,69,35,0,111,1,1,41,0,43,8,70,76,0,154,88,0,88,242
04/02/2003,EUG,OR,ANM,WE,Towers with Radar,6,70,15,0,91,1,2,46,0,49,7,72,61,0,140,72,0,72,212
04/03/2003,EUG,OR,ANM,WE,Towers with Radar,7,73,21,0,101,0,1,24,0,25,7,74,45,0,126,44,0,44,170
04/04/2003,EUG,OR,ANM,WE,Towers with Radar,7,71,42,0,120,0,0,52,0,52,7,71,94,0,172,78,0,78,250
04/05/2003,EUG,OR,ANM,WE,Towers with Radar,5,43,15,2,65,0,3,10,0,13,5,46,25,2,78,18,0,18,96
04/06/2003,EUG,OR,ANM,WE,Towers with Radar,5,42,14,0,61,0,0,50,0,50,5,42,64,0,111,52,0,52,163
04/07/2003,EUG,OR,ANM,WE,Towers with Radar,4,56,34,0,94,2,13,72,0,87,6,69,106,0,181,82,0,82,263
04/08/2003,EUG,OR,ANM,WE,Towers with Radar,8,66,21,0,95,0,1,95,0,96,8,67,116,0,191,44,0,44,235
04/09/2003,EUG,OR,ANM,WE,Towers with Radar,7,71,50,0,128,1,1,87,0,89,8,72,137,0,217,150,0,150,367
04/10/2003,EUG,OR,ANM,WE,Towers with Radar,6,70,26,5,107,1,10,28,0,39,7,80,54,5,146,70,2,72,218
04/11/2003,EUG,OR,ANM,WE,Towers with Radar,5,62,59,0,126,1,0,73,1,75,6,62,132,1,201,92,2,94,295
04/12/2003,EUG,OR,ANM,WE,Towers with Radar,4,44,25,0,73,0,3,18,0,21,4,47,43,0,94,78,0,78,172
04/13/2003,EUG,OR,ANM,WE,Towers with Radar,5,46,31,0,82,3,6,28,0,37,8,52,59,0,119,24,0,24,143
04/14/2003,EUG,OR,ANM,WE,Towers with Radar,10,72,49,0,131,0,0,83,0,83,10,72,132,0,214,60,0,60,274
04/15/2003,EUG,OR,ANM,WE,Towers with Radar,8,70,32,0,110,0,11,56,0,67,8,81,88,0,177,32,0,32,209
04/16/2003,EUG,OR,ANM,WE,Towers with Radar,7,72,50,0,129,0,0,124,0,124,7,72,174,0,253,148,0,148,401
04/17/2003,EUG,OR,ANM,WE,Towers with Radar,8,68,45,0,121,0,1,76,0,77,8,69,121,0,198,126,0,126,324
04/18/2003,EUG,OR,ANM,WE,Towers with Radar,6,63,58,0,127,0,0,115,0,115,6,63,173,0,242,74,0,74,316
04/19/2003,EUG,OR,ANM,WE,Towers with Radar,5,42,25,0,72,0,2,136,0,138,5,44,161,0,210,134,0,134,344
04/20/2003,EUG,OR,ANM,WE,Towers with Radar,2,44,9,0,55,0,2,49,0,51,2,46,58,0,106,8,0,8,114
04/21/2003,EUG,OR,ANM,WE,Towers with Radar,5,73,31,4,113,1,4,21,0,26,6,77,52,4,139,108,0,108,247
04/22/2003,EUG,OR,ANM,WE,Towers with Radar,10,67,68,0,145,0,0,81,0,81,10,67,149,0,226,142,0,142,368
04/23/2003,EUG,OR,ANM,WE,Towers with Radar,8,72,62,0,142,0,7,22,0,29,8,79,84,0,171,38,0,38,209
04/24/2003,EUG,OR,ANM,WE,Towers with Radar,8,73,52,5,138,0,16,54,0,70,8,89,106,5,208,162,0,162,370
04/25/2003,EUG,OR,ANM,WE,Towers with Radar,9,73,43,0,125,0,0,16,0,16,9,73,59,0,141,16,0,16,157
04/26/2003,EUG,OR,ANM,WE,Towers with Radar,2,45,26,0,73,0,0,58,0,58,2,45,84,0,131,112,0,112,243
04/27/2003,EUG,OR,ANM,WE,Towers with Radar,6,44,27,0,77,0,4,68,0,72,6,48,95,0,149,24,0,24,173
04/28/2003,EUG,OR,ANM,WE,Towers with Radar,9,69,66,0,144,0,1,58,4,63,9,70,124,4,207,36,0,36,243
04/29/2003,EUG,OR,ANM,WE,Towers with Radar,8,75,66,1,150,1,0,35,6,42,9,75,101,7,192,64,2,66,258
04/30/2003,EUG,OR,ANM,WE,Towers with Radar,8,75,52,1,136,0,0,121,2,123,8,75,173,3,259,226,2,228,487
05/01/2003,EUG,OR,ANM,WE,Towers with Radar,8,64,40,2,114,0,0,80,0,80,8,64,120,2,194,94,0,94,288
05/02/2003,EUG,OR,ANM,WE,Towers with Radar,5,64,37,0,106,0,9,159,2,170,5,73,196,2,276,192,0,192,468
05/03/2003,EUG,OR,ANM,WE,Towers with Radar,4,44,22,0,70,0,0,77,0,77,4,44,99,0,147,162,0,162,309
05/04/2003,EUG,OR,ANM,WE,Towers with Radar,6,42,27,0,75,0,0,15,0,15,6,42,42,0,90,16,0,16,106
05/05/2003,EUG,OR,ANM,WE,Towers with Radar,10,74,58,2,144,0,6,59,0,65,10,80,117,2,209,196,0,196,405
05/06/2003,EUG,OR,ANM,WE,Towers with Radar,11,80,37,2,130,1,5,93,5,104,12,85,130,7,234,138,12,150,384
05/07/2003,EUG,OR,ANM,WE,Towers with Radar,7,77,38,6,128,0,0,103,0,103,7,77,141,6,231,162,4,166,397
05/08/2003,EUG,OR,ANM,WE,Towers with Radar,7,73,31,4,115,1,0,41,0,42,8,73,72,4,157,104,0,104,261
05/09/2003,EUG,OR,ANM,WE,Towers with Radar,8,69,59,0,136,3,0,62,0,65,11,69,121,0,201,152,0,152,353
05/10/2003,EUG,OR,ANM,WE,Towers with Radar,5,48,31,0,84,0,0,75,0,75,5,48,106,0,159,176,0,176,335
05/11/2003,EUG,OR,ANM,WE,Towers with Radar,5,43,15,0,63,1,0,31,0,32,6,43,46,0,95,0,0,0,95
05/12/2003,EUG,OR,ANM,WE,Towers with Radar,8,73,44,0,125,0,0,55,0,55,8,73,99,0,180,112,0,112,292
05/13/2003,EUG,OR,ANM,WE,Towers with Radar,6,69,29,0,104,0,6,123,0,129,6,75,152,0,233,74,0,74,307
05/14/2003,EUG,OR,ANM,WE,Towers with Radar,6,72,25,0,103,0,7,139,6,152,6,79,164,6,255,122,0,122,377
05/15/2003,EUG,OR,ANM,WE,Towers with Radar,8,64,46,1,119,0,0,58,1,59,8,64,104,2,178,102,0,102,280
05/16/2003,EUG,OR,ANM,WE,Towers with Radar,5,65,36,1,107,0,0,57,0,57,5,65,93,1,164,178,0,178,342
05/17/2003,EUG,OR,ANM,WE,Towers with Radar,6,53,10,0,69,0,2,35,0,37,6,55,45,0,106,16,0,16,122
05/18/2003,EUG,OR,ANM,WE,Towers with Radar,5,50,26,1,82,0,11,72,0,83,5,61,98,1,165,82,0,82,247
05/19/2003,EUG,OR,ANM,WE,Towers with Radar,6,58,32,2,98,8,16,108,0,132,14,74,140,2,230,136,0,136,366
05/20/2003,EUG,OR,ANM,WE,Towers with Radar,8,68,28,2,106,0,0,168,3,171,8,68,196,5,277,146,0,146,423
05/21/2003,EUG,OR,ANM,WE,Towers with Radar,7,75,41,2,125,0,3,118,9,130,7,78,159,11,255,150,3,153,408
05/22/2003,EUG,OR,ANM,WE,Towers with Radar,7,69,47,2,125,0,9,141,0,150,7,78,188,2,275,202,0,202,477
05/23/2003,EUG,OR,ANM,WE,Towers with Radar,7,60,49,0,116,1,5,87,0,93,8,65,136,0,209,102,0,102,311
05/24/2003,EUG,OR,ANM,WE,Towers with Radar,5,53,30,0,88,0,0,44,0,44,5,53,74,0,132,38,0,38,170
05/25/2003,EUG,OR,ANM,WE,Towers with Radar,2,29,23,2,56,0,11,43,0,54,2,40,66,2,110,16,0,16,126
05/26/2003,EUG,OR,ANM,WE,Towers with Radar,9,56,49,0,114,0,0,35,2,37,9,56,84,2,151,66,2,68,219
05/27/2003,EUG,OR,ANM,WE,Towers with Radar,9,67,25,4,105,0,5,108,2,115,9,72,133,6,220,116,4,120,340
05/28/2003,EUG,OR,ANM,WE,Towers with Radar,8,64,31,10,113,0,14,143,0,157,8,78,174,10,270,166,4,170,440
05/29/2003,EUG,OR,ANM,WE,Towers with Radar,8,65,34,0,107,0,0,132,0,132,8,65,166,0,239,156,0,156,395
05/30/2003,EUG,OR,ANM,WE,Towers with Radar,3,61,58,3,125,0,0,44,0,44,3,61,102,3,169,148,0,148,317
05/31/2003,EUG,OR,ANM,WE,Towers with Radar,4,42,14,2,62,1,1,106,0,108,5,43,120,2,170,136,2,138,308
06/01/2003,EUG,OR,ANM,WE,Towers with Radar,2,44,15,5,66,0,0,66,0,66,2,44,81,5,132,38,0,38,170
06/02/2003,EUG,OR,ANM,WE,Towers with Radar,9,63,45,2,119,0,5,109,0,114,9,68,154,2,233,110,0,110,343
06/03/2003,EUG,OR,ANM,WE,Towers with Radar,8,68,53,0,129,0,0,91,1,92,8,68,144,1,221,168,0,168,389
06/04/2003,EUG,OR,ANM,WE,Towers with Radar,8,65,29,4,106,0,4,133,0,137,8,69,162,4,243,176,1,177,420
06/05/2003,EUG,OR,ANM,WE,Towers with Radar,8,60,37,2,107,0,8,125,0,133,8,68,162,2,240,138,0,138,378
06/06/2003,EUG,OR,ANM,WE,Towers with Radar,5,66,19,0,90,0,2,154,3,159,5,68,173,3,249,170,2,172,421
06/07/2003,EUG,OR,ANM,WE,Towers with Radar,2,54,17,1,74,0,1,104,3,108,2,55,121,4,182,122,0,122,304
06/08/2003,EUG,OR,ANM,WE,Towers with Radar,6,48,21,2,77,0,0,82,0,82,6,48,103,2,159,30,2,32,191
06/09/2003,EUG,OR,ANM,WE,Towers with Radar,10,64,30,0,104,0,3,68,0,71,10,67,98,0,175,96,0,96,271
06/10/2003,EUG,OR,ANM,WE,Towers with Radar,8,71,61,2,142,0,0,32,0,32,8,71,93,2,174,48,0,48,222
06/11/2003,EUG,OR,ANM,WE,Towers with Radar,11,74,45,3,133,4,1,88,0,93,15,75,133,3,226,86,0,86,312
06/12/2003,EUG,OR,ANM,WE,Towers with Radar,11,62,60,9,142,0,2,51,0,53,11,64,111,9,195,56,0,56,251
06/13/2003,EUG,OR,ANM,WE,Towers with Radar,9,72,51,1,133,0,2,67,0,69,9,74,118,1,202,66,0,66,268
06/14/2003,EUG,OR,ANM,WE,Towers with Radar,8,46,19,5,78,0,0,62,0,62,8,46,81,5,140,30,0,30,170
06/15/2003,EUG,OR,ANM,WE,Towers with Radar,7,48,6,0,61,0,11,78,0,89,7,59,84,0,150,38,0,38,188
06/16/2003,EUG,OR,ANM,WE,Towers with Radar,10,75,18,5,108,0,1,87,8,96,10,76,105,13,204,6,0,6,210
06/17/2003,EUG,OR,ANM,WE,Towers with Radar,12,62,45,2,121,1,0,76,0,77,13,62,121,2,198,18,0,18,216
06/18/2003,EUG,OR,ANM,WE,Towers with Radar,10,68,44,2,124,1,0,54,2,57,11,68,98,4,181,60,2,62,243
06/19/2003,EUG,OR,ANM,WE,Towers with Radar,13,68,15,6,102,0,3,0,0,3,13,71,15,6,105,2,0,2,107
06/20/2003,EUG,OR,ANM,WE,Towers with Radar,9,59,37,0,105,0,7,39,0,46,9,66,76,0,151,58,1,59,210
06/21/2003,EUG,OR,ANM,WE,Towers with Radar,7,48,29,4,88,0,1,32,2,35,7,49,61,6,123,38,0,38,161
06/22/2003,EUG,OR,ANM,WE,Towers with Radar,11,45,25,7,88,0,0,41,0,41,11,45,66,7,129,92,0,92,221
06/23/2003,EUG,OR,ANM,WE,Towers with Radar,7,72,41,1,121,0,0,39,1,40,7,72,80,2,161,86,0,86,247
06/24/2003,EUG,OR,ANM,WE,Towers with Radar,10,61,43,0,114,0,9,96,0,105,10,70,139,0,219,126,4,130,349
06/25/2003,EUG,OR,ANM,WE,Towers with Radar,10,67,39,2,118,0,5,145,0,150,10,72,184,2,268,134,0,134,402
06/26/2003,EUG,OR,ANM,WE,Towers with Radar,10,69,32,2,113,0,1,126,0,127,10,70,158,2,240,152,12,164,404
06/27/2003,EUG,OR,ANM,WE,Towers with Radar,7,65,52,0,124,0,2,124,2,128,7,67,176,2,252,162,0,162,414
06/28/2003,EUG,OR,ANM,WE,Towers with Radar,9,45,34,1,89,0,0,115,1,116,9,45,149,2,205,92,0,92,297
06/29/2003,EUG,OR,ANM,WE,Towers with Radar,10,53,13,2,78,0,4,101,1,106,10,57,114,3,184,114,0,114,298
06/30/2003,EUG,OR,ANM,WE,Towers with Radar,12,60,63,0,135,0,3,66,0,69,12,63,129,0,204,80,0,80,284
07/01/2003,EUG,OR,ANM,WE,Towers with Radar,12,65,35,7,119,1,2,111,0,114,13,67,146,7,233,150,0,150,383
07/02/2003,EUG,OR,ANM,WE,Towers with Radar,8,77,35,3,123,0,0,154,0,154,8,77,189,3,277,126,0,126,403
07/03/2003,EUG,OR,ANM,WE,Towers with Radar,11,60,24,1,96,0,4,108,1,113,11,64,132,2,209,150,0,150,359
07/04/2003,EUG,OR,ANM,WE,Towers with Radar,7,45,3,0,55,0,4,55,2,61,7,49,58,2,116,18,2,20,136
07/05/2003,EUG,OR,ANM,WE,Towers with Radar,9,45,23,0,77,0,0,59,0,59,9,45,82,0,136,32,0,32,168
07/06/2003,EUG,OR,ANM,WE,Towers with Radar,7,44,24,0,75,7,7,48,0,62,14,51,72,0,137,6,0,6,143
07/07/2003,EUG,OR,ANM,WE,Towers with Radar,12,68,29,0,109,1,0,125,0,126,13,68,154,0,235,174,0,174,409
07/08/2003,EUG,OR,ANM,WE,Towers with Radar,11,66,52,0,129,1,0,97,0,98,12,66,149,0,227,124,2,126,353
07/09/2003,EUG,OR,ANM,WE,Towers with Radar,10,57,32,0,99,0,18,120,0,138,10,75,152,0,237,122,0,122,359
07/10/2003,EUG,OR,ANM,WE,Towers with Radar,10,59,80,0,149,3,8,66,7,84,13,67,146,7,233,150,0,150,383
07/11/2003,EUG,OR,ANM,WE,Towers with Radar,8,69,46,0,123,1,0,138,0,139,9,69,184,0,262,88,0,88,350
07/12/2003,EUG,OR,ANM,WE,Towers with Radar,9,49,29,1,88,0,0,125,1,126,9,49,154,2,214,92,0,92,306
07/13/2003,EUG,OR,ANM,WE,Towers with Radar,7,48,21,0,76,0,2,65,1,68,7,50,86,1,144,10,2,12,156
07/14/2003,EUG,OR,ANM,WE,Towers with Radar,10,69,48,4,131,0,9,102,1,112,10,78,150,5,243,104,0,104,347
07/15/2003,EUG,OR,ANM,WE,Towers with Radar,9,72,41,1,123,0,0,100,0,100,9,72,141,1,223,174,0,174,397
07/16/2003,EUG,OR,ANM,WE,Towers with Radar,14,68,65,0,147,0,0,103,1,104,14,68,168,1,251,166,0,166,417
07/17/2003,EUG,OR,ANM,WE,Towers with Radar,10,63,22,0,95,0,3,92,0,95,10,66,114,0,190,138,0,138,328
07/18/2003,EUG,OR,ANM,WE,Towers with Radar,6,67,20,2,95,4,6,148,0,158,10,73,168,2,253,148,0,148,401
07/19/2003,EUG,OR,ANM,WE,Towers with Radar,12,42,25,0,79,0,0,78,0,78,12,42,103,0,157,54,0,54,211
07/20/2003,EUG,OR,ANM,WE,Towers with Radar,8,49,27,1,85,0,0,101,1,102,8,49,128,2,187,6,0,6,193
07/21/2003,EUG,OR,ANM,WE,Towers with Radar,12,65,27,2,106,0,0,117,0,117,12,65,144,2,223,90,0,90,313
07/22/2003,EUG,OR,ANM,WE,Towers with Radar,9,62,39,8,118,0,6,106,0,112,9,68,145,8,230,128,12,140,370
07/23/2003,EUG,OR,ANM,WE,Towers with Radar,9,63,42,4,118,0,7,130,3,140,9,70,172,7,258,102,0,102,360
07/24/2003,EUG,OR,ANM,WE,Towers with Radar,9,62,35,2,108,0,0,110,0,110,9,62,145,2,218,208,2,210,428
07/25/2003,EUG,OR,ANM,WE,Towers with Radar,7,61,53,0,121,0,2,121,0,123,7,63,174,0,244,136,0,136,380
07/26/2003,EUG,OR,ANM,WE,Towers with Radar,10,52,26,0,88,0,4,93,0,97,10,56,119,0,185,72,0,72,257
07/27/2003,EUG,OR,ANM,WE,Towers with Radar,8,46,14,0,68,0,10,83,0,93,8,56,97,0,161,130,0,130,291
07/28/2003,EUG,OR,ANM,WE,Towers with Radar,8,65,36,2,111,0,6,115,0,121,8,71,151,2,232,164,0,164,396
07/29/2003,EUG,OR,ANM,WE,Towers with Radar,18,70,16,0,104,0,13,133,0,146,18,83,149,0,250,136,0,136,386
07/30/2003,EUG,OR,ANM,WE,Towers with Radar,11,79,34,0,124,0,5,117,0,122,11,84,151,0,246,172,0,172,418
07/31/2003,EUG,OR,ANM,WE,Towers with Radar,7,42,23,0,72,0,36,145,0,181,7,78,168,0,253,220,0,220,473
08/01/2003,EUG,OR,ANM,WE,Towers with Radar,8,66,30,0,104,9,0,116,0,125,17,66,146,0,229,114,0,114,343
08/02/2003,EUG,OR,ANM,WE,Towers with Radar,10,48,15,0,73,0,0,88,0,88,10,48,103,0,161,92,0,92,253
08/03/2003,EUG,OR,ANM,WE,Towers with Radar,11,41,18,1,71,0,0,78,1,79,11,41,96,2,150,50,0,50,200
08/04/2003,EUG,OR,ANM,WE,Towers with Radar,13,75,25,0,113,1,0,115,0,116,14,75,140,0,229,128,0,128,357
08/05/2003,EUG,OR,ANM,WE,Towers with Radar,10,92,41,2,145,1,0,50,0,51,11,92,91,2,196,38,0,38,234
08/06/2003,EUG,OR,ANM,WE,Towers with Radar,9,73,38,2,122,3,0,65,0,68,12,73,103,2,190,134,1,135,325
08/07/2003,EUG,OR,ANM,WE,Towers with Radar,8,72,40,4,124,2,1,107,0,110,10,73,147,4,234,86,4,90,324
08/08/2003,EUG,OR,ANM,WE,Towers with Radar,8,72,24,0,104,0,6,97,2,105,8,78,121,2,209,66,0,66,275
08/09/2003,EUG,OR,ANM,WE,Towers with Radar,10,44,17,2,73,0,6,67,0,73,10,50,84,2,146,78,0,78,224
08/10/2003,EUG,OR,ANM,WE,Towers with Radar,10,52,16,0,78,0,0,78,0,78,10,52,94,0,156,24,0,24,180
08/11/2003,EUG,OR,ANM,WE,Towers with Radar,9,54,32,0,95,0,17,79,0,96,9,71,111,0,191,70,0,70,261
08/12/2003,EUG,OR,ANM,WE,Towers with Radar,10,62,37,0,109,0,0,117,0,117,10,62,154,0,226,112,0,112,338
08/13/2003,EUG,OR,ANM,WE,Towers with Radar,14,67,44,4,129,0,8,159,0,167,14,75,203,4,296,174,0,174,470
08/14/2003,EUG,OR,ANM,WE,Towers with Radar,13,69,15,0,97,0,6,89,0,95,13,75,104,0,192,86,0,86,278
08/15/2003,EUG,OR,ANM,WE,Towers with Radar,10,67,42,2,121,0,6,64,8,78,10,73,106,10,199,96,20,116,315
08/16/2003,EUG,OR,ANM,WE,Towers with Radar,12,48,19,0,79,0,0,102,0,102,12,48,121,0,181,62,0,62,243
08/17/2003,EUG,OR,ANM,WE,Towers with Radar,12,52,19,2,85,0,0,119,0,119,12,52,138,2,204,46,0,46,250
08/18/2003,EUG,OR,ANM,WE,Towers with Radar,12,61,30,5,108,0,7,87,3,97,12,68,117,8,205,64,0,64,269
08/19/2003,EUG,OR,ANM,WE,Towers with Radar,9,66,31,0,106,3,0,109,0,112,12,66,140,0,218,96,0,96,314
08/20/2003,EUG,OR,ANM,WE,Towers with Radar,10,76,27,2,115,0,3,117,0,120,10,79,144,2,235,118,0,118,353
08/21/2003,EUG,OR,ANM,WE,Towers with Radar,11,70,55,0,136,1,12,78,0,91,12,82,133,0,227,105,0,105,332
08/22/2003,EUG,OR,ANM,WE,Towers with Radar,8,69,60,12,149,0,0,59,1,60,8,69,119,13,209,52,1,53,262
08/23/2003,EUG,OR,ANM,WE,Towers with Radar,9,54,48,0,111,0,0,77,3,80,9,54,125,3,191,30,0,30,221
08/24/2003,EUG,OR,ANM,WE,Towers with Radar,6,53,12,0,71,0,0,43,0,43,6,53,55,0,114,20,0,20,134
08/25/2003,EUG,OR,ANM,WE,Towers with Radar,10,67,39,2,118,0,3,87,0,90,10,70,126,2,208,76,0,76,284
08/26/2003,EUG,OR,ANM,WE,Towers with Radar,10,67,39,0,116,1,19,75,6,101,11,86,114,6,217,138,0,138,355
08/27/2003,EUG,OR,ANM,WE,Towers with Radar,13,77,39,0,129,0,8,112,0,120,13,85,151,0,249,112,0,112,361
08/28/2003,EUG,OR,ANM,WE,Towers with Radar,10,63,31,0,104,1,3,110,0,114,11,66,141,0,218,74,0,74,292
08/29/2003,EUG,OR,ANM,WE,Towers with Radar,11,58,34,0,103,1,13,109,0,123,12,71,143,0,226,38,0,38,264
08/30/2003,EUG,OR,ANM,WE,Towers with Radar,9,44,21,0,74,0,0,112,0,112,9,44,133,0,186,76,0,76,262
08/31/2003,EUG,OR,ANM,WE,Towers with Radar,8,46,22,0,76,0,0,71,0,71,8,46,93,0,147,18,0,18,165
09/01/2003,EUG,OR,ANM,WE,Towers with Radar,8,44,16,2,70,1,5,76,0,82,9,49,92,2,152,50,0,50,202
09/02/2003,EUG,OR,ANM,WE,Towers with Radar,12,64,28,0,104,0,3,99,0,102,12,67,127,0,206,82,0,82,288
09/03/2003,EUG,OR,ANM,WE,Towers with Radar,10,69,47,0,126,0,6,79,0,85,10,75,126,0,211,68,0,68,279
09/04/2003,EUG,OR,ANM,WE,Towers with Radar,10,76,46,0,132,0,0,95,0,95,10,76,141,0,227,88,0,88,315
09/05/2003,EUG,OR,ANM,WE,Towers with Radar,8,73,40,0,121,0,0,123,0,123,8,73,163,0,244,42,0,42,286
09/06/2003,EUG,OR,ANM,WE,Towers with Radar,13,51,39,0,103,0,0,34,1,35,13,51,73,1,138,64,0,64,202
09/07/2003,EUG,OR,ANM,WE,Towers with Radar,4,49,29,0,82,0,0,26,0,26,4,49,55,0,108,2,0,2,110
09/08/2003,EUG,OR,ANM,WE,Towers with Radar,10,73,54,0,137,2,0,55,0,57,12,73,109,0,194,46,0,46,240
09/09/2003,EUG,OR,ANM,WE,Towers with Radar,9,72,54,0,135,2,0,23,0,25,11,72,77,0,160,14,0,14,174
09/10/2003,EUG,OR,ANM,WE,Towers with Radar,8,75,62,0,145,0,2,39,0,41,8,77,101,0,186,64,0,64,250
09/11/2003,EUG,OR,ANM,WE,Towers with Radar,7,75,62,0,144,0,0,36,0,36,7,75,98,0,180,28,0,28,208
09/12/2003,EUG,OR,ANM,WE,Towers with Radar,13,74,41,0,128,3,0,91,3,97,16,74,132,3,225,68,0,68,293
09/13/2003,EUG,OR,ANM,WE,Towers with Radar,5,53,9,0,67,0,0,88,0,88,5,53,97,0,155,18,0,18,173
09/14/2003,EUG,OR,ANM,WE,Towers with Radar,6,51,10,0,67,0,0,70,0,70,6,51,80,0,137,34,0,34,171
09/15/2003,EUG,OR,ANM,WE,Towers with Radar,8,76,32,0,116,0,0,56,0,56,8,76,88,0,172,8,0,8,180
09/16/2003,EUG,OR,ANM,WE,Towers with Radar,9,69,46,2,126,0,0,7,0,7,9,69,53,2,133,6,0,6,139
09/17/2003,EUG,OR,ANM,WE,Towers with Radar,9,73,30,0,112,0,8,62,0,70,9,81,92,0,182,32,0,32,214
09/18/2003,EUG,OR,ANM,WE,Towers with Radar,8,73,34,3,118,0,0,89,0,89,8,73,123,3,207,42,8,50,257
09/19/2003,EUG,OR,ANM,WE,Towers with Radar,12,69,42,0,123,0,0,82,0,82,12,69,124,0,205,24,2,26,231
09/20/2003,EUG,OR,ANM,WE,Towers with Radar,8,59,63,3,133,0,0,88,0,88,8,59,151,3,221,16,0,16,237
09/21/2003,EUG,OR,ANM,WE,Towers with Radar,5,46,30,2,83,0,0,62,0,62,5,46,92,2,145,26,0,26,171
09/22/2003,EUG,OR,ANM,WE,Towers with Radar,7,52,29,0,88,8,10,23,0,41,15,62,52,0,129,26,0,26,155
09/23/2003,EUG,OR,ANM,WE,Towers with Radar,8,58,31,0,97,1,7,54,0,62,9,65,85,0,159,28,0,28,187
09/24/2003,EUG,OR,ANM,WE,Towers with Radar,10,68,23,0,101,0,8,116,0,124,10,76,139,0,225,42,0,42,267
09/25/2003,EUG,OR,ANM,WE,Towers with Radar,13,59,31,0,103,0,7,66,0,73,13,66,97,0,176,38,0,38,214
09/26/2003,EUG,OR,ANM,WE,Towers with Radar,6,64,32,0,102,6,0,61,0,67,12,64,93,0,169,38,2,40,209
09/27/2003,EUG,OR,ANM,WE,Towers with Radar,7,46,33,0,86,0,0,86,0,86,7,46,119,0,172,20,0,20,192
09/28/2003,EUG,OR,ANM,WE,Towers with Radar,6,39,26,0,71,0,0,76,0,76,6,39,102,0,147,40,0,40,187
09/29/2003,EUG,OR,ANM,WE,Towers with Radar,9,68,50,2,129,0,2,82,1,85,9,70,132,3,214,108,0,108,322
09/30/2003,EUG,OR,ANM,WE,Towers with Radar,9,74,29,0,112,0,10,71,2,83,9,84,100,2,195,52,0,52,247
10/01/2003,EUG,OR,ANM,WE,Towers with Radar,8,65,40,0,113,0,0,139,0,139,8,65,179,0,252,144,0,144,396
10/02/2003,EUG,OR,ANM,WE,Towers with Radar,11,57,34,0,102,2,8,34,2,46,13,65,68,2,148,0,0,0,148
10/03/2003,EUG,OR,ANM,WE,Towers with Radar,12,74,53,0,139,0,0,79,0,79,12,74,132,0,218,96,0,96,314
10/04/2003,EUG,OR,ANM,WE,Towers with Radar,9,42,34,0,85,0,0,37,0,37,9,42,71,0,122,66,0,66,188
10/05/2003,EUG,OR,ANM,WE,Towers with Radar,9,49,29,0,87,4,1,2,0,7,13,50,31,0,94,21,2,23,117
10/06/2003,EUG,OR,ANM,WE,Towers with Radar,9,59,40,0,108,0,0,99,0,99,9,59,139,0,207,196,0,196,403
10/07/2003,EUG,OR,ANM,WE,Towers with Radar,11,66,43,0,120,0,0,58,3,61,11,66,101,3,181,116,0,116,297
10/08/2003,EUG,OR,ANM,WE,Towers with Radar,9,68,40,0,117,0,11,14,2,27,9,79,54,2,144,38,0,38,182
10/09/2003,EUG,OR,ANM,WE,Towers with Radar,12,68,43,0,123,1,0,58,0,59,13,68,101,0,182,38,0,38,220
10/10/2003,EUG,OR,ANM,WE,Towers with Radar,13,73,43,0,129,2,1,100,0,103,15,74,143,0,232,56,0,56,288
10/11/2003,EUG,OR,ANM,WE,Towers with Radar,10,45,34,0,89,1,0,9,0,10,11,45,43,0,99,8,0,8,107
10/12/2003,EUG,OR,ANM,WE,Towers with Radar,8,45,27,0,80,0,1,7,0,8,8,46,34,0,88,10,0,10,98
10/13/2003,EUG,OR,ANM,WE,Towers with Radar,11,65,38,0,114,2,15,51,0,68,13,80,89,0,182,76,0,76,258
10/14/2003,EUG,OR,ANM,WE,Towers with Radar,11,65,39,1,116,1,6,135,0,142,12,71,174,1,258,170,0,170,428
10/15/2003,EUG,OR,ANM,WE,Towers with Radar,12,74,46,0,132,0,0,32,0,32,12,74,78,0,164,72,0,72,236
10/16/2003,EUG,OR,ANM,WE,Towers with Radar,10,74,43,1,128,0,0,75,1,76,10,74,118,2,204,88,0,88,292
10/17/2003,EUG,OR,ANM,WE,Towers with Radar,9,58,33,0,100,0,5,116,0,121,9,63,149,0,221,84,0,84,305
10/18/2003,EUG,OR,ANM,WE,Towers with Radar,7,43,26,1,77,0,0,59,1,60,7,43,85,2,137,86,2,88,225
10/19/2003,EUG,OR,ANM,WE,Towers with Radar,7,43,28,0,78,0,0,2,0,2,7,43,30,0,80,14,0,14,94
10/20/2003,EUG,OR,ANM,WE,Towers with Radar,10,62,35,1,108,4,10,105,3,122,14,72,140,4,230,190,0,190,420
10/21/2003,EUG,OR,ANM,WE,Towers with Radar,7,65,37,0,109,0,7,108,0,115,7,72,145,0,224,58,0,58,282
10/22/2003,EUG,OR,ANM,WE,Towers with Radar,7,72,43,0,122,0,0,75,0,75,7,72,118,0,197,127,0,127,324
10/23/2003,EUG,OR,ANM,WE,Towers with Radar,11,62,36,0,109,1,0,87,0,88,12,62,123,0,197,124,0,124,321
10/24/2003,EUG,OR,ANM,WE,Towers with Radar,11,66,38,1,116,4,0,94,0,98,15,66,132,1,214,92,0,92,306
10/25/2003,EUG,OR,ANM,WE,Towers with Radar,7,45,25,0,77,1,7,114,0,122,8,52,139,0,199,138,0,138,337
10/26/2003,EUG,OR,ANM,WE,Towers with Radar,6,39,22,0,67,3,8,96,0,107,9,47,118,0,174,82,0,82,256
10/27/2003,EUG,OR,ANM,WE,Towers with Radar,11,63,36,0,110,0,11,101,5,117,11,74,137,5,227,140,0,140,367
10/28/2003,EUG,OR,ANM,WE,Towers with Radar,10,74,42,0,126,0,2,86,1,89,10,76,128,1,215,184,0,184,399
10/29/2003,EUG,OR,ANM,WE,Towers with Radar,12,70,40,0,122,2,8,86,2,98,14,78,126,2,220,158,0,158,378
10/30/2003,EUG,OR,ANM,WE,Towers with Radar,13,74,42,0,129,6,0,102,0,108,19,74,144,0,237,232,0,232,469
10/31/2003,EUG,OR,ANM,WE,Towers with Radar,9,57,32,0,98,3,4,96,0,103,12,61,128,0,201,80,0,80,281
11/01/2003,EUG,OR,ANM,WE,Towers with Radar,9,47,23,1,80,0,5,105,3,113,9,52,128,4,193,122,2,124,317
11/02/2003,EUG,OR,ANM,WE,Towers with Radar,6,33,16,0,55,2,11,1,0,14,8,44,17,0,69,0,0,0,69
11/03/2003,EUG,OR,ANM,WE,Towers with Radar,9,68,34,1,112,0,6,76,1,83,9,74,110,2,195,240,12,252,447
11/04/2003,EUG,OR,ANM,WE,Towers with Radar,11,77,38,0,126,0,2,19,0,21,11,79,57,0,147,112,0,112,259
11/05/2003,EUG,OR,ANM,WE,Towers with Radar,8,74,41,0,123,0,0,6,0,6,8,74,47,0,129,10,0,10,139
11/06/2003,EUG,OR,ANM,WE,Towers with Radar,11,69,38,2,120,0,0,95,28,123,11,69,133,30,243,114,18,132,375
11/07/2003,EUG,OR,ANM,WE,Towers with Radar,9,67,41,3,120,0,0,77,2,79,9,67,118,5,199,196,0,196,395
11/08/2003,EUG,OR,ANM,WE,Towers with Radar,9,48,27,0,84,0,0,69,0,69,9,48,96,0,153,114,0,114,267
11/09/2003,EUG,OR,ANM,WE,Towers with Radar,5,33,17,1,56,2,7,34,0,43,7,40,51,1,99,30,0,30,129
11/10/2003,EUG,OR,ANM,WE,Towers with Radar,10,68,43,3,124,0,0,74,3,77,10,68,117,6,201,166,12,178,379
11/11/2003,EUG,OR,ANM,WE,Towers with Radar,13,63,42,0,118,21,0,6,0,27,34,63,48,0,145,12,2,14,159
11/12/2003,EUG,OR,ANM,WE,Towers with Radar,14,81,42,3,140,0,0,99,2,101,14,81,141,5,241,64,2,66,307
11/13/2003,EUG,OR,ANM,WE,Towers with Radar,9,74,42,1,126,0,0,107,0,107,9,74,149,1,233,116,0,116,349
11/14/2003,EUG,OR,ANM,WE,Towers with Radar,11,64,39,0,114,0,0,110,0,110,11,64,149,0,224,168,0,168,392
11/15/2003,EUG,OR,ANM,WE,Towers with Radar,10,56,29,0,95,0,2,32,0,34,10,58,61,0,129,106,0,106,235
11/16/2003,EUG,OR,ANM,WE,Towers with Radar,6,37,18,0,61,1,6,0,0,7,7,43,18,0,68,2,0,2,70
11/17/2003,EUG,OR,ANM,WE,Towers with Radar,11,61,36,0,108,0,0,38,0,38,11,61,74,0,146,130,0,130,276
11/18/2003,EUG,OR,ANM,WE,Towers with Radar,9,69,38,0,116,0,0,33,0,33,9,69,71,0,149,128,0,128,277
11/19/2003,EUG,OR,ANM,WE,Towers with Radar,12,68,18,0,98,0,0,0,0,0,12,68,18,0,98,0,0,0,98
11/20/2003,EUG,OR,ANM,WE,Towers with Radar,12,74,39,0,125,0,0,11,0,11,12,74,50,0,136,92,0,92,228
11/21/2003,EUG,OR,ANM,WE,Towers with Radar,8,71,44,2,125,0,0,57,5,62,8,71,101,7,187,182,0,182,369
11/22/2003,EUG,OR,ANM,WE,Towers with Radar,6,54,30,0,90,0,0,93,0,93,6,54,123,0,183,136,0,136,319
11/23/2003,EUG,OR,ANM,WE,Towers with Radar,7,42,22,1,72,0,0,41,1,42,7,42,63,2,114,3,0,3,117
11/24/2003,EUG,OR,ANM,WE,Towers with Radar,11,65,32,0,108,0,0,102,0,102,11,65,134,0,210,136,0,136,346
11/25/2003,EUG,OR,ANM,WE,Towers with Radar,10,65,32,0,107,0,0,1,0,1,10,65,33,0,108,38,0,38,146
11/26/2003,EUG,OR,ANM,WE,Towers with Radar,11,79,41,0,131,0,0,87,0,87,11,79,128,0,218,136,0,136,354
11/27/2003,EUG,OR,ANM,WE,Towers with Radar,5,35,13,0,53,7,0,0,0,7,12,35,13,0,60,0,0,0,60
11/28/2003,EUG,OR,ANM,WE,Towers with Radar,6,47,23,0,76,0,8,14,0,22,6,55,37,0,98,0,2,2,100
11/29/2003,EUG,OR,ANM,WE,Towers with Radar,8,49,25,0,82,0,0,2,0,2,8,49,27,0,84,0,0,0,84
11/30/2003,EUG,OR,ANM,WE,Towers with Radar,7,42,26,0,75,0,0,8,0,8,7,42,34,0,83,0,0,0,83
12/01/2003,EUG,OR,ANM,WE,Towers with Radar,11,70,32,0,113,0,1,17,0,18,11,71,49,0,131,4,0,4,135
12/02/2003,EUG,OR,ANM,WE,Towers with Radar,8,71,35,1,115,0,0,65,0,65,8,71,100,1,180,106,2,108,288
12/03/2003,EUG,OR,ANM,WE,Towers with Radar,12,67,31,0,110,2,5,108,0,115,14,72,139,0,225,158,1,159,384
12/04/2003,EUG,OR,ANM,WE,Towers with Radar,11,71,38,0,120,0,0,34,0,34,11,71,72,0,154,58,0,58,212
12/05/2003,EUG,OR,ANM,WE,Towers with Radar,11,67,32,0,110,0,0,65,0,65,11,67,97,0,175,132,0,132,307
12/06/2003,EUG,OR,ANM,WE,Towers with Radar,7,42,20,0,69,3,7,84,0,94,10,49,104,0,163,112,0,112,275
12/07/2003,EUG,OR,ANM,WE,Towers with Radar,5,38,14,0,57,0,4,0,0,4,5,42,14,0,61,8,0,8,69
12/08/2003,EUG,OR,ANM,WE,Towers with Radar,8,69,32,2,111,0,0,64,0,64,8,69,96,2,175,70,2,72,247
12/09/2003,EUG,OR,ANM,WE,Towers with Radar,8,69,32,0,109,0,1,5,0,6,8,70,37,0,115,0,0,0,115
12/10/2003,EUG,OR,ANM,WE,Towers with Radar,9,73,40,2,124,0,0,51,0,51,9,73,91,2,175,86,0,86,261
12/11/2003,EUG,OR,ANM,WE,Towers with Radar,13,89,40,3,145,0,4,65,3,72,13,93,105,6,217,84,0,84,301
12/12/2003,EUG,OR,ANM,WE,Towers with Radar,6,50,13,0,69,0,0,0,0,0,6,50,13,0,69,9,51,60,129
12/13/2003,EUG,OR,ANM,WE,Towers with Radar,6,48,14,0,68,0,2,0,0,2,6,50,14,0,70,0,0,0,70
12/14/2003,EUG,OR,ANM,WE,Towers with Radar,6,38,13,0,57,0,4,0,0,4,6,42,13,0,61,0,0,0,61
12/15/2003,EUG,OR,ANM,WE,Towers with Radar,12,66,30,0,108,0,0,46,0,46,12,66,76,0,154,10,0,10,164
12/16/2003,EUG,OR,ANM,WE,Towers with Radar,10,68,31,0,109,0,7,35,0,42,10,75,66,0,151,4,0,4,155
12/17/2003,EUG,OR,ANM,WE,Towers with Radar,8,72,34,2,116,0,0,47,1,48,8,72,81,3,164,4,0,4,168
12/18/2003,EUG,OR,ANM,WE,Towers with Radar,12,75,38,3,128,0,0,9,9,18,12,75,47,12,146,28,0,28,174
12/19/2003,EUG,OR,ANM,WE,Towers with Radar,11,73,33,0,117,0,0,6,0,6,11,73,39,0,123,0,0,0,123
12/20/2003,EUG,OR,ANM,WE,Towers with Radar,7,47,24,0,78,0,0,25,0,25,7,47,49,0,103,70,0,70,173
12/21/2003,EUG,OR,ANM,WE,Towers with Radar,8,44,19,0,71,6,0,70,0,76,14,44,89,0,147,34,0,34,181
12/22/2003,EUG,OR,ANM,WE,Towers with Radar,6,68,24,0,98,0,0,0,0,0,6,68,24,0,98,0,0,0,98
12/23/2003,EUG,OR,ANM,WE,Towers with Radar,12,69,31,1,113,2,0,22,1,25,14,69,53,2,138,22,0,22,160
12/24/2003,EUG,OR,ANM,WE,Towers with Radar,10,59,18,0,87,0,9,0,0,9,10,68,18,0,96,28,0,28,124
12/25/2003,EUG,OR,ANM,WE,Towers with Radar,4,25,4,0,33,3,15,0,0,18,7,40,4,0,51,2,0,2,53
12/26/2003,EUG,OR,ANM,WE,Towers with Radar,12,68,30,0,110,3,4,6,0,13,15,72,36,0,123,28,0,28,151
12/27/2003,EUG,OR,ANM,WE,Towers with Radar,7,38,11,0,56,6,2,0,0,8,13,40,11,0,64,0,0,0,64
12/28/2003,EUG,OR,ANM,WE,Towers with Radar,7,36,14,0,57,5,0,0,0,5,12,36,14,0,62,0,0,0,62
12/29/2003,EUG,OR,ANM,WE,Towers with Radar,10,58,17,0,85,9,2,0,0,11,19,60,17,0,96,0,0,0,96
12/30/2003,EUG,OR,ANM,WE,Towers with Radar,10,71,27,0,108,0,9,0,0,9,10,80,27,0,117,0,0,0,117
12/31/2003,EUG,OR,ANM,WE,Towers with Radar,9,54,19,0,82,9,4,0,0,13,18,58,19,0,95,6,0,6,101
01/01/2004,EUG,OR,ANM,WE,Towers with Radar,2,23,1,0,26,8,11,0,0,19,10,34,1,0,45,0,0,0,45
01/02/2004,EUG,OR,ANM,WE,Towers with Radar,10,49,21,0,80,0,0,0,0,0,10,49,21,0,80,16,0,16,96
01/03/2004,EUG,OR,ANM,WE,Towers with Radar,7,38,18,0,63,3,5,0,0,8,10,43,18,0,71,4,0,4,75
01/04/2004,EUG,OR,ANM,WE,Towers with Radar,6,37,19,0,62,4,1,10,0,15,10,38,29,0,77,2,0,2,79
01/05/2004,EUG,OR,ANM,WE,Towers with Radar,9,49,15,0,73,3,15,0,0,18,12,64,15,0,91,0,0,0,91
01/06/2004,EUG,OR,ANM,WE,Towers with Radar,4,12,7,0,23,0,0,0,0,0,4,12,7,0,23,0,0,0,23
01/07/2004,EUG,OR,ANM,WE,Towers with Radar,5,29,18,0,52,2,0,24,0,26,7,29,42,0,78,0,0,0,78
01/08/2004,EUG,OR,ANM,WE,Towers with Radar,9,47,28,0,84,4,0,14,0,18,13,47,42,0,102,0,0,0,102
01/09/2004,EUG,OR,ANM,WE,Towers with Radar,9,47,31,0,87,4,0,12,0,16,13,47,43,0,103,0,0,0,103
01/10/2004,EUG,OR,ANM,WE,Towers with Radar,6,40,11,1,58,0,0,0,1,1,6,40,11,2,59,0,0,0,59
01/11/2004,EUG,OR,ANM,WE,Towers with Radar,6,37,21,0,64,0,6,17,0,23,6,43,38,0,87,0,0,0,87
01/12/2004,EUG,OR,ANM,WE,Towers with Radar,13,68,38,3,122,1,3,0,2,6,14,71,38,5,128,16,0,16,144
01/13/2004,EUG,OR,ANM,WE,Towers with Radar,10,66,37,0,113,0,10,4,0,14,10,76,41,0,127,0,0,0,127
01/14/2004,EUG,OR,ANM,WE,Towers with Radar,12,69,40,2,123,0,0,12,0,12,12,69,52,2,135,6,0,6,141
01/15/2004,EUG,OR,ANM,WE,Towers with Radar,12,66,39,0,117,0,0,40,0,40,12,66,79,0,157,88,0,88,245
01/16/2004,EUG,OR,ANM,WE,Towers with Radar,16,0,0,0,16,105,0,0,0,105,121,0,0,0,121,0,0,0,121
01/17/2004,EUG,OR,ANM,WE,Towers with Radar,7,49,33,0,89,0,0,0,0,0,7,49,33,0,89,16,0,16,105
01/18/2004,EUG,OR,ANM,WE,Towers with Radar,8,42,24,0,74,2,14,18,2,36,10,56,42,2,110,20,0,20,130
01/19/2004,EUG,OR,ANM,WE,Towers with Radar,11,60,34,0,105,1,6,42,0,49,12,66,76,0,154,48,0,48,202
01/20/2004,EUG,OR,ANM,WE,Towers with Radar,12,72,37,0,121,0,0,0,0,0,12,72,37,0,121,0,0,0,121
01/21/2004,EUG,OR,ANM,WE,Towers with Radar,12,75,51,1,139,0,0,31,5,36,12,75,82,6,175,30,0,30,205
01/22/2004,EUG,OR,ANM,WE,Towers with Radar,12,72,47,0,131,0,0,93,0,93,12,72,140,0,224,148,0,148,372
01/23/2004,EUG,OR,ANM,WE,Towers with Radar,11,72,44,1,128,0,0,33,0,33,11,72,77,1,161,152,0,152,313
01/24/2004,EUG,OR,ANM,WE,Towers with Radar,7,40,23,0,70,1,6,19,0,26,8,46,42,0,96,76,0,76,172
01/25/2004,EUG,OR,ANM,WE,Towers with Radar,7,38,22,0,67,0,12,1,0,13,7,50,23,0,80,2,0,2,82
01/26/2004,EUG,OR,ANM,WE,Towers with Radar,11,64,36,0,111,2,12,82,0,96,13,76,118,0,207,110,0,110,317
01/27/2004,EUG,OR,ANM,WE,Towers with Radar,7,67,39,1,114,0,0,33,1,34,7,67,72,2,148,146,0,146,294
01/28/2004,EUG,OR,ANM,WE,Towers with Radar,12,75,42,0,129,0,0,45,0,45,12,75,87,0,174,154,0,154,328
01/29/2004,EUG,OR,ANM,WE,Towers with Radar,9,64,38,1,112,0,0,1,16,17,9,64,39,17,129,48,0,48,177
01/30/2004,EUG,OR,ANM,WE,Towers with Radar,11,61,33,0,105,1,6,22,0,29,12,67,55,0,134,88,0,88,222
01/31/2004,EUG,OR,ANM,WE,Towers with Radar,12,63,34,0,109,2,3,14,0,19,14,66,48,0,128,92,0,92,220
02/01/2004,EUG,OR,ANM,WE,Towers with Radar,3,41,23,0,67,0,4,6,0,10,3,45,29,0,77,4,0,4,81
02/02/2004,EUG,OR,ANM,WE,Towers with Radar,11,62,37,0,110,1,0,12,0,13,12,62,49,0,123,60,0,60,183
02/03/2004,EUG,OR,ANM,WE,Towers with Radar,11,67,37,1,116,4,1,60,0,65,15,68,97,1,181,46,0,46,227
02/04/2004,EUG,OR,ANM,WE,Towers with Radar,11,60,37,0,108,0,0,89,0,89,11,60,126,0,197,120,0,120,317
02/05/2004,EUG,OR,ANM,WE,Towers with Radar,11,69,38,1,119,0,0,107,1,108,11,69,145,2,227,130,0,130,357
02/06/2004,EUG,OR,ANM,WE,Towers with Radar,12,61,38,0,111,0,0,15,0,15,12,61,53,0,126,28,0,28,154
02/07/2004,EUG,OR,ANM,WE,Towers with Radar,7,56,31,0,94,0,11,109,4,124,7,67,140,4,218,74,2,76,294
02/08/2004,EUG,OR,ANM,WE,Towers with Radar,6,43,24,0,73,2,8,50,0,60,8,51,74,0,133,28,2,30,163
02/09/2004,EUG,OR,ANM,WE,Towers with Radar,11,74,40,0,125,1,0,34,0,35,12,74,74,0,160,42,4,46,206
02/10/2004,EUG,OR,ANM,WE,Towers with Radar,9,67,37,0,113,0,2,18,0,20,9,69,55,0,133,38,0,38,171
02/11/2004,EUG,OR,ANM,WE,Towers with Radar,10,75,42,2,129,0,0,82,0,82,10,75,124,2,211,92,0,92,303
02/12/2004,EUG,OR,ANM,WE,Towers with Radar,9,64,35,2,110,3,8,129,0,140,12,72,164,2,250,138,0,138,388
02/13/2004,EUG,OR,ANM,WE,Towers with Radar,9,66,36,2,113,1,8,50,0,59,10,74,86,2,172,66,0,66,238
02/14/2004,EUG,OR,ANM,WE,Towers with Radar,7,50,27,0,84,1,2,60,0,63,8,52,87,0,147,86,0,86,233
02/15/2004,EUG,OR,ANM,WE,Towers with Radar,6,39,20,0,65,4,8,41,0,53,10,47,61,0,118,28,0,28,146
02/16/2004,EUG,OR,ANM,WE,Towers with Radar,6,50,26,0,82,0,12,3,0,15,6,62,29,0,97,0,0,0,97
02/17/2004,EUG,OR,ANM,WE,Towers with Radar,9,65,28,0,102,1,7,0,0,8,10,72,28,0,110,0,0,0,110
02/18/2004,EUG,OR,ANM,WE,Towers with Radar,7,66,39,1,113,0,0,73,2,75,7,66,112,3,188,104,0,104,292
02/19/2004,EUG,OR,ANM,WE,Towers with Radar,10,69,36,1,116,0,6,67,1,74,10,75,103,2,190,62,0,62,252
02/20/2004,EUG,OR,ANM,WE,Towers with Radar,9,63,33,0,105,2,13,59,0,74,11,76,92,0,179,60,0,60,239
02/21/2004,EUG,OR,ANM,WE,Towers with Radar,6,43,22,0,71,1,3,78,0,82,7,46,100,0,153,90,0,90,243
02/22/2004,EUG,OR,ANM,WE,Towers with Radar,6,40,24,0,70,2,0,15,0,17,8,40,39,0,87,24,0,24,111
02/23/2004,EUG,OR,ANM,WE,Towers with Radar,9,68,35,1,113,0,5,57,2,64,9,73,92,3,177,122,0,122,299
02/24/2004,EUG,OR,ANM,WE,Towers with Radar,9,66,35,0,110,1,2,19,0,22,10,68,54,0,132,100,0,100,232
02/25/2004,EUG,OR,ANM,WE,Towers with Radar,10,75,42,1,128,0,0,46,1,47,10,75,88,2,175,152,0,152,327
02/26/2004,EUG,OR,ANM,WE,Towers with Radar,10,71,37,1,119,0,0,11,1,12,10,71,48,2,131,36,0,36,167
02/27/2004,EUG,OR,ANM,WE,Towers with Radar,12,59,42,0,113,0,0,47,0,47,12,59,89,0,160,70,8,78,238
02/28/2004,EUG,OR,ANM,WE,Towers with Radar,8,52,29,0,89,2,0,68,0,70,10,52,97,0,159,58,0,58,217
02/29/2004,EUG,OR,ANM,WE,Towers with Radar,6,39,21,0,66,2,10,16,0,28,8,49,37,0,94,10,0,10,104
03/01/2004,EUG,OR,ANM,WE,Towers with Radar,9,70,34,1,114,0,3,69,5,77,9,73,103,6,191,136,16,152,343
03/02/2004,EUG,OR,ANM,WE,Towers with Radar,10,79,39,1,129,0,2,116,1,119,10,81,155,2,248,136,2,138,386
03/03/2004,EUG,OR,ANM,WE,Towers with Radar,12,78,41,1,132,0,0,30,7,37,12,78,71,8,169,48,0,48,217
03/04/2004,EUG,OR,ANM,WE,Towers with Radar,9,63,33,1,106,0,0,10,2,12,9,63,43,3,118,42,2,44,162
03/05/2004,EUG,OR,ANM,WE,Towers with Radar,12,65,28,0,105,0,0,0,0,0,12,65,28,0,105,8,0,8,113
03/06/2004,EUG,OR,ANM,WE,Towers with Radar,10,52,27,0,89,4,0,88,0,92,14,52,115,0,181,18,0,18,199
03/07/2004,EUG,OR,ANM,WE,Towers with Radar,8,50,25,0,83,0,0,65,0,65,8,50,90,0,148,60,0,60,208
03/08/2004,EUG,OR,ANM,WE,Towers with Radar,12,68,34,1,115,1,4,66,1,72,13,72,100,2,187,114,0,114,301
03/09/2004,EUG,OR,ANM,WE,Towers with Radar,13,73,37,0,123,2,0,73,0,75,15,73,110,0,198,110,0,110,308
03/10/2004,EUG,OR,ANM,WE,Towers with Radar,10,65,32,2,109,0,6,66,0,72,10,71,98,2,181,188,0,188,369
03/11/2004,EUG,OR,ANM,WE,Towers with Radar,10,71,35,0,116,0,1,76,0,77,10,72,111,0,193,70,0,70,263
03/12/2004,EUG,OR,ANM,WE,Towers with Radar,9,68,33,0,110,0,17,83,0,100,9,85,116,0,210,104,0,104,314
03/13/2004,EUG,OR,ANM,WE,Towers with Radar,8,47,22,0,77,1,2,45,0,48,9,49,67,0,125,66,0,66,191
03/14/2004,EUG,OR,ANM,WE,Towers with Radar,6,41,19,0,66,0,1,59,0,60,6,42,78,0,126,20,0,20,146
03/15/2004,EUG,OR,ANM,WE,Towers with Radar,11,68,32,0,111,2,12,77,0,91,13,80,109,0,202,74,0,74,276
03/16/2004,EUG,OR,ANM,WE,Towers with Radar,10,72,34,0,116,0,18,118,0,136,10,90,152,0,252,138,0,138,390
03/17/2004,EUG,OR,ANM,WE,Towers with Radar,10,65,35,0,110,0,0,79,0,79,10,65,114,0,189,92,0,92,281
03/18/2004,EUG,OR,ANM,WE,Towers with Radar,9,59,36,2,106,0,0,16,0,16,9,59,52,2,122,73,0,73,195
03/19/2004,EUG,OR,ANM,WE,Towers with Radar,11,69,34,2,116,0,0,56,0,56,11,69,90,2,172,38,0,38,210
03/20/2004,EUG,OR,ANM,WE,Towers with Radar,9,47,23,0,79,0,0,110,0,110,9,47,133,0,189,32,0,32,221
03/21/2004,EUG,OR,ANM,WE,Towers with Radar,7,43,20,0,70,3,7,73,0,83,10,50,93,0,153,62,0,62,215
03/22/2004,EUG,OR,ANM,WE,Towers with Radar,9,55,26,0,90,2,2,28,0,32,11,57,54,0,122,34,0,34,156
03/23/2004,EUG,OR,ANM,WE,Towers with Radar,10,70,33,0,113,0,5,48,0,53,10,75,81,0,166,50,0,50,216
03/24/2004,EUG,OR,ANM,WE,Towers with Radar,10,70,34,1,115,0,0,41,1,42,10,70,75,2,157,40,0,40,197
03/25/2004,EUG,OR,ANM,WE,Towers with Radar,12,74,35,0,121,2,0,18,0,20,14,74,53,0,141,18,0,18,159
03/26/2004,EUG,OR,ANM,WE,Towers with Radar,10,63,30,1,104,1,1,6,1,9,11,64,36,2,113,6,0,6,119
03/27/2004,EUG,OR,ANM,WE,Towers with Radar,10,51,25,0,86,0,0,0,0,0,10,51,25,0,86,74,0,74,160
03/28/2004,EUG,OR,ANM,WE,Towers with Radar,8,46,21,0,75,0,5,66,0,71,8,51,87,0,146,40,0,40,186
03/29/2004,EUG,OR,ANM,WE,Towers with Radar,10,68,32,1,111,0,0,115,2,117,10,68,147,3,228,92,0,92,320
03/30/2004,EUG,OR,ANM,WE,Towers with Radar,11,67,33,1,112,2,5,63,1,71,13,72,96,2,183,114,10,124,307
03/31/2004,EUG,OR,ANM,WE,Towers with Radar,12,75,36,0,123,0,0,107,0,107,12,75,143,0,230,86,0,86,316
04/01/2004,EUG,OR,ANM,WE,Towers with Radar,11,76,40,1,128,0,3,100,1,104,11,79,140,2,232,32,0,32,264
04/02/2004,EUG,OR,ANM,WE,Towers with Radar,12,57,29,0,98,3,14,120,0,137,15,71,149,0,235,96,0,96,331
04/03/2004,EUG,OR,ANM,WE,Towers with Radar,8,45,24,0,77,0,13,140,4,157,8,58,164,4,234,86,4,90,324
04/04/2004,EUG,OR,ANM,WE,Towers with Radar,9,42,23,0,74,3,5,81,0,89,12,47,104,0,163,88,0,88,251
04/05/2004,EUG,OR,ANM,WE,Towers with Radar,12,63,36,0,111,0,0,26,0,26,12,63,62,0,137,56,0,56,193
04/06/2004,EUG,OR,ANM,WE,Towers with Radar,11,76,41,0,128,0,5,94,0,99,11,81,135,0,227,68,0,68,295
04/07/2004,EUG,OR,ANM,WE,Towers with Radar,10,65,39,1,115,0,0,108,6,114,10,65,147,7,229,130,4,134,363
04/08/2004,EUG,OR,ANM,WE,Towers with Radar,12,61,37,1,111,0,0,85,0,85,12,61,122,1,196,78,1,79,275
04/09/2004,EUG,OR,ANM,WE,Towers with Radar,12,54,29,0,95,0,8,173,0,181,12,62,202,0,276,130,0,130,406
04/10/2004,EUG,OR,ANM,WE,Towers with Radar,8,38,21,0,67,2,11,112,0,125,10,49,133,0,192,90,0,90,282
04/11/2004,EUG,OR,ANM,WE,Towers with Radar,8,40,22,1,71,0,11,67,1,79,8,51,89,2,150,26,0,26,176
04/12/2004,EUG,OR,ANM,WE,Towers with Radar,11,62,38,0,111,0,0,90,0,90,11,62,128,0,201,44,0,44,245
04/13/2004,EUG,OR,ANM,WE,Towers with Radar,14,67,40,0,121,2,0,62,0,64,16,67,102,0,185,64,0,64,249
04/14/2004,EUG,OR,ANM,WE,Towers with Radar,12,68,38,0,118,0,0,40,0,40,12,68,78,0,158,142,0,142,300
04/15/2004,EUG,OR,ANM,WE,Towers with Radar,12,63,32,0,107,1,6,56,0,63,13,69,88,0,170,44,0,44,214
04/16/2004,EUG,OR,ANM,WE,Towers with Radar,0,0,0,0,0,13,64,99,2,178,13,64,99,2,178,150,0,150,328
04/17/2004,EUG,OR,ANM,WE,Towers with Radar,9,47,24,0,80,1,4,130,0,135,10,51,154,0,215,98,0,98,313
04/18/2004,EUG,OR,ANM,WE,Towers with Radar,9,43,25,0,77,2,0,23,0,25,11,43,48,0,102,18,0,18,120
04/19/2004,EUG,OR,ANM,WE,Towers with Radar,12,63,32,2,109,3,8,40,2,53,15,71,72,4,162,80,0,80,242
04/20/2004,EUG,OR,ANM,WE,Towers with Radar,13,72,31,2,118,0,6,0,2,8,13,78,31,4,126,0,0,0,126
04/21/2004,EUG,OR,ANM,WE,Towers with Radar,10,76,41,0,127,0,0,57,0,57,10,76,98,0,184,94,0,94,278
04/22/2004,EUG,OR,ANM,WE,Towers with Radar,12,70,36,0,118,0,3,99,0,102,12,73,135,0,220,78,0,78,298
04/23/2004,EUG,OR,ANM,WE,Towers with Radar,7,71,36,0,114,0,3,35,0,38,7,74,71,0,152,26,1,27,179
04/24/2004,EUG,OR,ANM,WE,Towers with Radar,10,53,27,0,90,3,5,149,0,157,13,58,176,0,247,114,0,114,361
04/25/2004,EUG,OR,ANM,WE,Towers with Radar,8,41,21,0,70,1,9,96,0,106,9,50,117,0,176,14,4,18,194
04/26/2004,EUG,OR,ANM,WE,Towers with Radar,11,57,29,0,97,1,19,126,0,146,12,76,155,0,243,168,0,168,411
04/27/2004,EUG,OR,ANM,WE,Towers with Radar,8,68,35,1,112,0,6,113,1,120,8,74,148,2,232,46,0,46,278
04/28/2004,EUG,OR,ANM,WE,Towers with Radar,9,60,31,0,100,0,14,103,0,117,9,74,134,0,217,144,0,144,361
04/29/2004,EUG,OR,ANM,WE,Towers with Radar,12,65,33,1,111,1,6,136,3,146,13,71,169,4,257,176,0,176,433
04/30/2004,EUG,OR,ANM,WE,Towers with Radar,10,65,34,0,109,0,1,127,0,128,10,66,161,0,237,146,0,146,383
05/01/2004,EUG,OR,ANM,WE,Towers with Radar,10,45,26,0,81,5,8,123,2,138,15,53,149,2,219,140,4,144,363
05/02/2004,EUG,OR,ANM,WE,Towers with Radar,10,40,24,0,74,0,12,60,0,72,10,52,84,0,146,18,0,18,164
05/03/2004,EUG,OR,ANM,WE,Towers with Radar,13,60,35,0,108,1,7,156,0,164,14,67,191,0,272,168,0,168,440
05/04/2004,EUG,OR,ANM,WE,Towers with Radar,13,76,46,1,136,0,0,77,3,80,13,76,123,4,216,152,0,152,368
05/05/2004,EUG,OR,ANM,WE,Towers with Radar,13,67,39,1,120,0,6,85,3,94,13,73,124,4,214,208,4,212,426
05/06/2004,EUG,OR,ANM,WE,Towers with Radar,16,64,41,1,122,1,0,84,1,86,17,64,125,2,208,176,0,176,384
05/07/2004,EUG,OR,ANM,WE,Towers with Radar,13,76,44,1,134,0,8,33,1,42,13,84,77,2,176,110,0,110,286
05/08/2004,EUG,OR,ANM,WE,Towers with Radar,11,44,28,0,83,3,0,63,2,68,14,44,91,2,151,62,0,62,213
05/09/2004,EUG,OR,ANM,WE,Towers with Radar,10,46,27,0,83,5,2,37,2,46,15,48,64,2,129,20,0,20,149
05/10/2004,EUG,OR,ANM,WE,Towers with Radar,15,73,42,0,130,0,7,58,0,65,15,80,100,0,195,166,0,166,361
05/11/2004,EUG,OR,ANM,WE,Towers with Radar,11,73,43,0,127,0,11,53,0,64,11,84,96,0,191,222,0,222,413
05/12/2004,EUG,OR,ANM,WE,Towers with Radar,12,67,39,2,120,0,13,109,0,122,12,80,148,2,242,170,0,170,412
05/13/2004,EUG,OR,ANM,WE,Towers with Radar,14,68,39,0,121,0,5,110,0,115,14,73,149,0,236,130,0,130,366
05/14/2004,EUG,OR,ANM,WE,Towers with Radar,14,65,41,0,120,2,0,136,0,138,16,65,177,0,258,132,0,132,390
05/15/2004,EUG,OR,ANM,WE,Towers with Radar,12,53,36,2,103,0,0,73,6,79,12,53,109,8,182,166,0,166,348
05/16/2004,EUG,OR,ANM,WE,Towers with Radar,11,51,29,0,91,0,0,38,0,38,11,51,67,0,129,6,0,6,135
05/17/2004,EUG,OR,ANM,WE,Towers with Radar,12,62,34,1,109,5,5,73,0,83,17,67,107,1,192,134,0,134,326
05/18/2004,EUG,OR,ANM,WE,Towers with Radar,16,76,43,2,137,0,0,52,0,52,16,76,95,2,189,54,0,54,243
05/19/2004,EUG,OR,ANM,WE,Towers with Radar,11,69,39,0,119,0,11,102,0,113,11,80,141,0,232,216,0,216,448
05/20/2004,EUG,OR,ANM,WE,Towers with Radar,12,65,46,0,123,0,0,92,0,92,12,65,138,0,215,170,0,170,385
05/21/2004,EUG,OR,ANM,WE,Towers with Radar,12,88,50,0,150,0,4,53,0,57,12,92,103,0,207,64,0,64,271
05/22/2004,EUG,OR,ANM,WE,Towers with Radar,11,46,31,1,89,5,0,28,1,34,16,46,59,2,123,40,0,40,163
05/23/2004,EUG,OR,ANM,WE,Towers with Radar,11,51,28,1,91,5,7,46,0,58,16,58,74,1,149,32,0,32,181
05/24/2004,EUG,OR,ANM,WE,Towers with Radar,15,67,42,1,125,0,0,81,3,84,15,67,123,4,209,154,0,154,363
05/25/2004,EUG,OR,ANM,WE,Towers with Radar,14,73,41,1,129,0,7,125,0,132,14,80,166,1,261,170,0,170,431
05/26/2004,EUG,OR,ANM,WE,Towers with Radar,16,88,50,0,154,0,0,125,0,125,16,88,175,0,279,58,0,58,337
05/27/2004,EUG,OR,ANM,WE,Towers with Radar,12,90,53,0,155,0,0,37,0,37,12,90,90,0,192,92,2,94,286
05/28/2004,EUG,OR,ANM,WE,Towers with Radar,9,77,43,0,129,0,3,54,0,57,9,80,97,0,186,58,0,58,244
05/29/2004,EUG,OR,ANM,WE,Towers with Radar,12,56,34,0,102,0,0,117,0,117,12,56,151,0,219,148,0,148,367
05/30/2004,EUG,OR,ANM,WE,Towers with Radar,8,41,22,0,71,3,6,16,0,25,11,47,38,0,96,10,0,10,106
05/31/2004,EUG,OR,ANM,WE,Towers with Radar,10,52,30,0,92,3,15,63,2,83,13,67,93,2,175,52,0,52,227
06/01/2004,EUG,OR,ANM,WE,Towers with Radar,13,63,31,0,107,3,5,135,0,143,16,68,166,0,250,148,0,148,398
06/02/2004,EUG,OR,ANM,WE,Towers with Radar,13,64,38,0,115,0,0,96,0,96,13,64,134,0,211,176,0,176,387
06/03/2004,EUG,OR,ANM,WE,Towers with Radar,10,68,34,0,112,0,10,151,0,161,10,78,185,0,273,112,0,112,385
06/04/2004,EUG,OR,ANM,WE,Towers with Radar,12,65,32,0,109,0,11,97,0,108,12,76,129,0,217,68,0,68,285
06/05/2004,EUG,OR,ANM,WE,Towers with Radar,11,47,28,0,86,4,0,38,0,42,15,47,66,0,128,68,0,68,196
06/06/2004,EUG,OR,ANM,WE,Towers with Radar,10,45,25,0,80,3,0,16,0,19,13,45,41,0,99,2,0,2,101
06/07/2004,EUG,OR,ANM,WE,Towers with Radar,10,67,34,0,111,0,8,45,0,53,10,75,79,0,164,2,0,2,166
06/08/2004,EUG,OR,ANM,WE,Towers with Radar,13,70,41,0,124,0,0,13,0,13,13,70,54,0,137,26,0,26,163
06/09/2004,EUG,OR,ANM,WE,Towers with Radar,10,72,43,0,125,0,0,38,0,38,10,72,81,0,163,54,0,54,217
06/10/2004,EUG,OR,ANM,WE,Towers with Radar,14,77,42,1,134,0,0,46,10,56,14,77,88,11,190,74,0,74,264
06/11/2004,EUG,OR,ANM,WE,Towers with Radar,13,71,37,0,121,0,0,127,0,127,13,71,164,0,248,132,0,132,380
06/12/2004,EUG,OR,ANM,WE,Towers with Radar,10,47,24,0,81,2,0,75,0,77,12,47,99,0,158,48,0,48,206
06/13/2004,EUG,OR,ANM,WE,Towers with Radar,12,55,30,0,97,2,0,35,0,37,14,55,65,0,134,18,0,18,152
06/14/2004,EUG,OR,ANM,WE,Towers with Radar,10,57,29,1,97,2,5,46,0,53,12,62,75,1,150,20,0,20,170
06/15/2004,EUG,OR,ANM,WE,Towers with Radar,10,56,29,1,96,1,19,74,2,96,11,75,103,3,192,40,0,40,232
06/16/2004,EUG,OR,ANM,WE,Towers with Radar,10,56,29,1,96,2,14,61,1,78,12,70,90,2,174,39,0,39,213
06/17/2004,EUG,OR,ANM,WE,Towers with Radar,10,63,32,1,106,0,4,56,2,62,10,67,88,3,168,56,0,56,224
06/18/2004,EUG,OR,ANM,WE,Towers with Radar,12,64,33,0,109,2,14,73,0,89,14,78,106,0,198,54,0,54,252
06/19/2004,EUG,OR,ANM,WE,Towers with Radar,7,40,21,0,68,7,7,89,0,103,14,47,110,0,171,32,0,32,203
06/20/2004,EUG,OR,ANM,WE,Towers with Radar,9,46,22,0,77,3,0,91,0,94,12,46,113,0,171,66,0,66,237
06/21/2004,EUG,OR,ANM,WE,Towers with Radar,10,60,29,0,99,0,13,79,0,92,10,73,108,0,191,114,0,114,305
06/22/2004,EUG,OR,ANM,WE,Towers with Radar,12,77,39,2,130,0,0,64,1,65,12,77,103,3,195,148,0,148,343
06/23/2004,EUG,OR,ANM,WE,Towers with Radar,11,60,29,1,101,1,22,73,2,98,12,82,102,3,199,136,0,136,335
06/24/2004,EUG,OR,ANM,WE,Towers with Radar,11,76,43,0,130,0,0,85,0,85,11,76,128,0,215,128,0,128,343
06/25/2004,EUG,OR,ANM,WE,Towers with Radar,14,87,43,0,144,0,6,127,0,133,14,93,170,0,277,146,1,147,424
06/26/2004,EUG,OR,ANM,WE,Towers with Radar,13,28,36,0,77,1,0,81,0,82,14,28,117,0,159,74,0,74,233
06/27/2004,EUG,OR,ANM,WE,Towers with Radar,10,50,28,0,88,4,0,58,0,62,14,50,86,0,150,10,0,10,160
06/28/2004,EUG,OR,ANM,WE,Towers with Radar,9,51,24,0,84,3,22,105,0,130,12,73,129,0,214,110,0,110,324
06/29/2004,EUG,OR,ANM,WE,Towers with Radar,12,65,32,0,109,0,8,135,0,143,12,73,167,0,252,102,0,102,354
06/30/2004,EUG,OR,ANM,WE,Towers with Radar,14,77,38,0,129,0,12,135,0,147,14,89,173,0,276,180,0,180,456
07/01/2004,EUG,OR,ANM,WE,Towers with Radar,11,69,34,0,114,0,7,94,0,101,11,76,128,0,215,98,0,98,313
07/02/2004,EUG,OR,ANM,WE,Towers with Radar,14,68,33,0,115,0,3,121,0,124,14,71,154,0,239,148,0,148,387
07/03/2004,EUG,OR,ANM,WE,Towers with Radar,11,46,25,0,82,1,0,79,0,80,12,46,104,0,162,154,0,154,316
07/04/2004,EUG,OR,ANM,WE,Towers with Radar,6,28,14,0,48,6,13,42,0,61,12,41,56,0,109,14,0,14,123
07/05/2004,EUG,OR,ANM,WE,Towers with Radar,9,43,22,0,74,4,0,82,0,86,13,43,104,0,160,48,0,48,208
07/06/2004,EUG,OR,ANM,WE,Towers with Radar,11,65,32,1,109,0,11,110,1,122,11,76,142,2,231,96,0,96,327
07/07/2004,EUG,OR,ANM,WE,Towers with Radar,12,77,38,1,128,0,0,110,4,114,12,77,148,5,242,194,0,194,436
07/08/2004,EUG,OR,ANM,WE,Towers with Radar,13,76,37,1,127,0,0,121,1,122,13,76,158,2,249,150,0,150,399
07/09/2004,EUG,OR,ANM,WE,Towers with Radar,10,64,35,2,111,0,0,122,6,128,10,64,157,8,239,168,0,168,407
07/10/2004,EUG,OR,ANM,WE,Towers with Radar,10,45,25,0,80,2,0,113,0,115,12,45,138,0,195,74,0,74,269
07/11/2004,EUG,OR,ANM,WE,Towers with Radar,9,49,24,0,82,0,0,82,0,82,9,49,106,0,164,2,0,2,166
07/12/2004,EUG,OR,ANM,WE,Towers with Radar,12,64,31,0,107,4,8,104,0,116,16,72,135,0,223,78,0,78,301
07/13/2004,EUG,OR,ANM,WE,Towers with Radar,10,64,31,0,105,0,13,116,0,129,10,77,147,0,234,156,0,156,390
07/14/2004,EUG,OR,ANM,WE,Towers with Radar,11,81,38,0,130,0,5,124,0,129,11,86,162,0,259,74,0,74,333
07/15/2004,EUG,OR,ANM,WE,Towers with Radar,14,60,34,2,110,0,0,83,2,85,14,60,117,4,195,144,0,144,339
07/16/2004,EUG,OR,ANM,WE,Towers with Radar,13,67,31,2,113,0,3,101,2,106,13,70,132,4,219,132,20,152,371
07/17/2004,EUG,OR,ANM,WE,Towers with Radar,6,48,22,0,76,0,6,73,0,79,6,54,95,0,155,22,0,22,177
07/18/2004,EUG,OR,ANM,WE,Towers with Radar,8,43,20,0,71,5,6,64,0,75,13,49,84,0,146,56,0,56,202
07/19/2004,EUG,OR,ANM,WE,Towers with Radar,13,80,38,2,133,0,0,99,0,99,13,80,137,2,232,124,18,142,374
07/20/2004,EUG,OR,ANM,WE,Towers with Radar,13,69,32,2,116,0,9,100,0,109,13,78,132,2,225,124,0,124,349
07/21/2004,EUG,OR,ANM,WE,Towers with Radar,15,75,36,0,126,0,0,138,0,138,15,75,174,0,264,170,0,170,434
07/22/2004,EUG,OR,ANM,WE,Towers with Radar,10,62,29,0,101,0,4,137,0,141,10,66,166,0,242,74,1,75,317
07/23/2004,EUG,OR,ANM,WE,Towers with Radar,11,64,30,2,107,0,1,142,5,148,11,65,172,7,255,144,0,144,399
07/24/2004,EUG,OR,ANM,WE,Towers with Radar,9,46,21,2,78,5,14,126,4,149,14,60,147,6,227,122,0,122,349
07/25/2004,EUG,OR,ANM,WE,Towers with Radar,8,42,19,1,70,5,14,84,3,106,13,56,103,4,176,54,0,54,230
07/26/2004,EUG,OR,ANM,WE,Towers with Radar,12,65,30,1,108,1,10,125,1,137,13,75,155,2,245,246,0,246,491
07/27/2004,EUG,OR,ANM,WE,Towers with Radar,12,68,31,0,111,0,6,104,0,110,12,74,135,0,221,146,0,146,367
07/28/2004,EUG,OR,ANM,WE,Towers with Radar,11,60,28,1,100,1,19,150,4,174,12,79,178,5,274,164,0,164,438
07/29/2004,EUG,OR,ANM,WE,Towers with Radar,11,70,34,0,115,0,4,134,0,138,11,74,168,0,253,144,0,144,397
07/30/2004,EUG,OR,ANM,WE,Towers with Radar,9,64,31,0,104,0,0,159,0,159,9,64,190,0,263,214,12,226,489
07/31/2004,EUG,OR,ANM,WE,Towers with Radar,8,40,19,0,67,1,24,171,0,196,9,64,190,0,263,214,12,226,489
08/01/2004,EUG,OR,ANM,WE,Towers with Radar,8,38,18,1,65,0,12,94,1,107,8,50,112,2,172,44,0,44,216
08/02/2004,EUG,OR,ANM,WE,Towers with Radar,9,59,30,0,98,0,0,101,0,101,9,59,131,0,199,146,0,146,345
08/03/2004,EUG,OR,ANM,WE,Towers with Radar,13,65,31,0,109,4,16,99,0,119,17,81,130,0,228,158,0,158,386
08/04/2004,EUG,OR,ANM,WE,Towers with Radar,12,77,37,2,128,0,2,77,0,79,12,79,114,2,207,164,0,164,371
08/05/2004,EUG,OR,ANM,WE,Towers with Radar,12,78,38,3,131,0,0,84,7,91,12,78,122,10,222,128,0,128,350
08/06/2004,EUG,OR,ANM,WE,Towers with Radar,13,65,40,4,122,0,0,40,0,40,13,65,80,4,162,78,0,78,240
08/07/2004,EUG,OR,ANM,WE,Towers with Radar,9,44,21,2,76,4,3,82,2,91,13,47,103,4,167,54,0,54,221
08/08/2004,EUG,OR,ANM,WE,Towers with Radar,9,41,20,0,70,0,19,79,0,98,9,60,99,0,168,60,0,60,228
08/09/2004,EUG,OR,ANM,WE,Towers with Radar,10,54,26,1,91,4,20,115,0,139,14,74,141,1,230,162,2,164,394
08/10/2004,EUG,OR,ANM,WE,Towers with Radar,11,63,30,4,108,0,13,96,0,109,11,76,126,4,217,110,8,118,335
08/11/2004,EUG,OR,ANM,WE,Towers with Radar,11,58,28,3,100,2,15,141,1,159,13,73,169,4,259,128,0,128,387
08/12/2004,EUG,OR,ANM,WE,Towers with Radar,8,71,34,3,116,0,0,22,0,22,8,71,56,3,138,150,0,150,288
08/13/2004,EUG,OR,ANM,WE,Towers with Radar,11,58,28,0,97,2,9,85,0,96,13,67,113,0,193,122,0,122,315
08/14/2004,EUG,OR,ANM,WE,Towers with Radar,9,52,27,0,88,0,0,109,0,109,9,52,136,0,197,42,0,42,239
08/15/2004,EUG,OR,ANM,WE,Towers with Radar,8,44,21,0,73,1,24,73,0,98,9,68,94,0,171,2,0,2,173
08/16/2004,EUG,OR,ANM,WE,Towers with Radar,10,60,29,0,99,0,9,111,0,120,10,69,140,0,219,78,0,78,297
08/17/2004,EUG,OR,ANM,WE,Towers with Radar,13,69,33,0,115,0,1,143,0,144,13,70,176,0,259,84,0,84,343
08/18/2004,EUG,OR,ANM,WE,Towers with Radar,11,64,32,0,107,0,0,154,0,154,11,64,186,0,261,126,0,126,387
08/19/2004,EUG,OR,ANM,WE,Towers with Radar,12,72,34,4,122,0,0,91,16,107,12,72,125,20,229,84,0,84,313
08/20/2004,EUG,OR,ANM,WE,Towers with Radar,14,68,31,4,117,0,0,118,4,122,14,68,149,8,239,140,14,154,393
08/21/2004,EUG,OR,ANM,WE,Towers with Radar,9,51,24,2,86,2,1,126,0,129,11,52,150,2,215,78,10,88,303
08/22/2004,EUG,OR,ANM,WE,Towers with Radar,10,50,27,0,87,0,0,25,0,25,10,50,52,0,112,38,0,38,150
08/23/2004,EUG,OR,ANM,WE,Towers with Radar,13,69,40,0,122,0,0,29,0,29,13,69,69,0,151,36,0,36,187
08/24/2004,EUG,OR,ANM,WE,Towers with Radar,11,77,39,4,131,0,0,17,6,23,11,77,56,10,154,124,0,124,278
08/25/2004,EUG,OR,ANM,WE,Towers with Radar,12,81,39,0,132,0,0,32,0,32,12,81,71,0,164,50,0,50,214
08/26/2004,EUG,OR,ANM,WE,Towers with Radar,16,71,40,1,128,2,0,77,0,79,18,71,117,1,207,92,0,92,299
08/27/2004,EUG,OR,ANM,WE,Towers with Radar,10,71,33,3,117,0,5,86,8,99,10,76,119,11,216,70,18,88,304
08/28/2004,EUG,OR,ANM,WE,Towers with Radar,10,51,25,1,87,2,0,124,0,126,12,51,149,1,213,122,6,128,341
08/29/2004,EUG,OR,ANM,WE,Towers with Radar,9,50,23,2,84,3,0,96,5,104,12,50,119,7,188,36,8,44,232
08/30/2004,EUG,OR,ANM,WE,Towers with Radar,10,56,26,2,94,1,11,97,1,110,11,67,123,3,204,134,2,136,340
08/31/2004,EUG,OR,ANM,WE,Towers with Radar,12,67,32,3,114,2,5,139,3,149,14,72,171,6,263,134,0,134,397
09/01/2004,EUG,OR,ANM,WE,Towers with Radar,11,69,37,2,119,0,0,39,5,44,11,69,76,7,163,58,16,74,237
09/02/2004,EUG,OR,ANM,WE,Towers with Radar,14,68,33,0,115,0,3,47,0,50,14,71,80,0,165,106,0,106,271
09/03/2004,EUG,OR,ANM,WE,Towers with Radar,11,73,35,0,119,0,10,100,0,110,11,83,135,0,229,94,0,94,323
09/04/2004,EUG,OR,ANM,WE,Towers with Radar,12,51,27,0,90,2,0,105,0,107,14,51,132,0,197,50,0,50,247
09/05/2004,EUG,OR,ANM,WE,Towers with Radar,7,31,15,0,53,7,13,41,0,61,14,44,56,0,114,52,0,52,166
09/06/2004,EUG,OR,ANM,WE,Towers with Radar,9,43,21,0,73,2,16,112,0,130,11,59,133,0,203,24,0,24,227
09/07/2004,EUG,OR,ANM,WE,Towers with Radar,11,60,29,2,102,0,13,86,12,111,11,73,115,14,213,108,18,126,339
09/08/2004,EUG,OR,ANM,WE,Towers with Radar,11,60,29,2,102,0,13,134,4,151,11,73,163,6,253,106,0,106,359
09/09/2004,EUG,OR,ANM,WE,Towers with Radar,14,76,37,2,129,0,1,83,0,84,14,77,120,2,213,106,0,106,319
09/10/2004,EUG,OR,ANM,WE,Towers with Radar,12,65,32,0,109,0,0,109,0,109,12,65,141,0,218,128,0,128,346
09/11/2004,EUG,OR,ANM,WE,Towers with Radar,10,49,26,0,85,5,0,38,0,43,15,49,64,0,128,30,0,30,158
09/12/2004,EUG,OR,ANM,WE,Towers with Radar,10,50,25,0,85,2,4,26,0,32,12,54,51,0,117,4,0,4,121
09/13/2004,EUG,OR,ANM,WE,Towers with Radar,14,66,29,2,111,3,0,0,0,3,17,66,29,2,114,112,0,112,226
09/14/2004,EUG,OR,ANM,WE,Towers with Radar,12,62,30,3,107,1,14,36,0,51,13,76,66,3,158,0,0,0,158
09/15/2004,EUG,OR,ANM,WE,Towers with Radar,11,78,38,3,130,0,0,23,1,24,11,78,61,4,154,24,0,24,178
09/16/2004,EUG,OR,ANM,WE,Towers with Radar,11,69,36,3,119,0,0,16,0,16,11,69,52,3,135,0,2,2,137
09/17/2004,EUG,OR,ANM,WE,Towers with Radar,17,75,38,3,133,2,0,1,0,3,19,75,39,3,136,2,4,6,142
09/18/2004,EUG,OR,ANM,WE,Towers with Radar,8,43,20,0,71,3,1,18,0,22,11,44,38,0,93,42,0,42,135
09/19/2004,EUG,OR,ANM,WE,Towers with Radar,10,50,24,0,84,4,0,34,0,38,14,50,58,0,122,0,0,0,122
09/20/2004,EUG,OR,ANM,WE,Towers with Radar,13,70,33,3,119,0,0,67,3,70,13,70,100,6,189,92,18,110,299
09/21/2004,EUG,OR,ANM,WE,Towers with Radar,11,67,31,3,112,0,4,95,0,99,11,71,126,3,211,30,0,30,241
09/22/2004,EUG,OR,ANM,WE,Towers with Radar,11,60,28,3,102,0,18,69,0,87,11,78,97,3,189,40,0,40,229
09/23/2004,EUG,OR,ANM,WE,Towers with Radar,11,68,32,1,112,0,3,88,0,91,11,71,120,1,203,68,0,68,271
09/24/2004,EUG,OR,ANM,WE,Towers with Radar,15,63,36,0,114,2,0,65,0,67,17,63,101,0,181,62,5,67,248
09/25/2004,EUG,OR,ANM,WE,Towers with Radar,11,58,27,0,96,2,3,45,0,50,13,61,72,0,146,40,0,40,186
09/26/2004,EUG,OR,ANM,WE,Towers with Radar,10,51,24,0,85,3,9,20,0,32,13,60,44,0,117,20,0,20,137
09/27/2004,EUG,OR,ANM,WE,Towers with Radar,13,66,31,2,112,1,6,45,0,52,14,72,76,2,164,60,0,60,224
09/28/2004,EUG,OR,ANM,WE,Towers with Radar,9,65,30,2,106,0,7,55,1,63,9,72,85,3,169,70,0,70,239
09/29/2004,EUG,OR,ANM,WE,Towers with Radar,14,75,37,0,126,0,0,46,0,46,14,75,83,0,172,100,0,100,272
09/30/2004,EUG,OR,ANM,WE,Towers with Radar,14,78,37,0,129,0,0,97,0,97,14,78,134,0,226,110,4,114,340
10/01/2004,EUG,OR,ANM,WE,Towers with Radar,14,63,38,0,115,0,1,94,78,173,14,64,132,78,288,0,0,0,288
10/02/2004,EUG,OR,ANM,WE,Towers with Radar,12,45,26,0,83,2,0,76,0,78,14,45,102,0,161,78,0,78,239
10/03/2004,EUG,OR,ANM,WE,Towers with Radar,15,52,39,0,106,0,0,52,0,52,15,52,91,0,158,36,0,36,194
10/04/2004,EUG,OR,ANM,WE,Towers with Radar,12,65,44,0,121,0,3,75,0,78,12,68,119,0,199,100,0,100,299
10/05/2004,EUG,OR,ANM,WE,Towers with Radar,14,68,26,0,108,0,0,102,3,105,14,68,128,3,213,146,0,146,359
10/06/2004,EUG,OR,ANM,WE,Towers with Radar,14,82,38,0,134,0,0,60,0,60,14,82,98,0,194,132,0,132,326
10/07/2004,EUG,OR,ANM,WE,Towers with Radar,12,76,53,0,141,0,0,72,0,72,12,76,125,0,213,186,0,186,399
10/08/2004,EUG,OR,ANM,WE,Towers with Radar,14,69,35,0,118,0,0,55,0,55,14,69,90,0,173,110,0,110,283
10/09/2004,EUG,OR,ANM,WE,Towers with Radar,12,45,32,5,94,0,0,43,0,43,12,45,75,5,137,66,0,66,203
10/10/2004,EUG,OR,ANM,WE,Towers with Radar,10,52,19,0,81,0,0,20,0,20,10,52,39,0,101,24,1,25,126
10/11/2004,EUG,OR,ANM,WE,Towers with Radar,12,59,30,0,101,0,2,100,0,102,12,61,130,0,203,82,0,82,285
10/12/2004,EUG,OR,ANM,WE,Towers with Radar,8,73,37,0,118,0,0,101,0,101,8,73,138,0,219,110,0,110,329
10/13/2004,EUG,OR,ANM,WE,Towers with Radar,14,66,40,10,130,0,6,127,3,136,14,72,167,13,266,140,20,160,426
10/14/2004,EUG,OR,ANM,WE,Towers with Radar,10,67,39,6,122,0,0,130,2,132,10,67,169,8,254,158,24,182,436
10/15/2004,EUG,OR,ANM,WE,Towers with Radar,14,72,60,1,147,0,0,29,0,29,14,72,89,1,176,48,1,49,225
10/16/2004,EUG,OR,ANM,WE,Towers with Radar,15,41,53,0,109,0,0,28,0,28,15,41,81,0,137,84,0,84,221
10/17/2004,EUG,OR,ANM,WE,Towers with Radar,11,46,18,4,79,0,0,3,0,3,11,46,21,4,82,6,0,6,88
10/18/2004,EUG,OR,ANM,WE,Towers with Radar,11,77,30,0,118,0,3,41,0,44,11,80,71,0,162,70,0,70,232
10/19/2004,EUG,OR,ANM,WE,Towers with Radar,16,67,32,4,119,0,10,48,0,58,16,77,80,4,177,110,36,146,323
10/20/2004,EUG,OR,ANM,WE,Towers with Radar,12,71,58,1,142,0,7,38,0,45,12,78,96,1,187,72,2,74,261
10/21/2004,EUG,OR,ANM,WE,Towers with Radar,12,74,41,1,128,2,0,52,6,60,14,74,93,7,188,136,0,136,324
10/22/2004,EUG,OR,ANM,WE,Towers with Radar,14,78,32,2,126,0,3,11,0,14,14,81,43,2,140,22,0,22,162
10/23/2004,EUG,OR,ANM,WE,Towers with Radar,13,42,33,0,88,1,0,88,2,91,14,42,121,2,179,112,0,112,291
10/24/2004,EUG,OR,ANM,WE,Towers with Radar,11,54,30,0,95,0,0,56,0,56,11,54,86,0,151,24,0,24,175
10/25/2004,EUG,OR,ANM,WE,Towers with Radar,12,77,21,1,111,0,0,84,0,84,12,77,105,1,195,116,0,116,311
10/26/2004,EUG,OR,ANM,WE,Towers with Radar,12,67,48,0,127,0,14,67,0,81,12,81,115,0,208,148,0,148,356
10/27/2004,EUG,OR,ANM,WE,Towers with Radar,12,58,31,1,102,0,0,58,0,58,12,58,89,1,160,142,0,142,302
10/28/2004,EUG,OR,ANM,WE,Towers with Radar,12,76,51,6,145,1,0,37,0,38,13,76,88,6,183,146,0,146,329
10/29/2004,EUG,OR,ANM,WE,Towers with Radar,16,77,47,0,140,1,1,82,0,84,17,78,129,0,224,156,0,156,380
10/30/2004,EUG,OR,ANM,WE,Towers with Radar,14,42,47,0,103,0,5,46,1,52,14,47,93,1,155,78,0,78,233
10/31/2004,EUG,OR,ANM,WE,Towers with Radar,10,52,19,1,82,0,0,52,0,52,10,52,71,1,134,36,0,36,170
11/01/2004,EUG,OR,ANM,WE,Combined TRACON& Tower with Radar,11,80,33,0,124,0,0,28,2,30,11,80,61,2,154,84,0,84,238
11/02/2004,EUG,OR,ANM,WE,Combined TRACON& Tower with Radar,12,79,28,19,138,5,1,49,0,55,17,80,77,19,193,48,0,48,241
11/03/2004,EUG,OR,ANM,WE,Combined TRACON& Tower with Radar,9,74,44,0,127,4,0,57,2,63,13,74,101,2,190,178,0,178,368
11/04/2004,EUG,OR,ANM,WE,Combined TRACON& Tower with Radar,10,58,28,2,98,1,8,82,1,92,11,66,110,3,190,132,0,132,322
11/05/2004,EUG,OR,ANM,WE,Combined TRACON& Tower with Radar,15,58,54,1,128,0,0,88,0,88,15,58,142,1,216,152,4,156,372
11/06/2004,EUG,OR,ANM,WE,Combined TRACON& Tower with Radar,12,34,28,0,74,0,0,0,0,0,12,34,28,0,74,0,0,0,74
11/07/2004,EUG,OR,ANM,WE,Combined TRACON& Tower with Radar,10,13,12,8,43,0,26,0,0,26,10,39,12,8,69,0,0,0,69
11/08/2004,EUG,OR,ANM,WE,Combined TRACON& Tower with Radar,17,52,18,0,87,0,0,14,0,14,17,52,32,0,101,26,0,26,127
11/09/2004,EUG,OR,ANM,WE,Combined TRACON& Tower with Radar,9,63,39,0,111,3,0,50,0,53,12,63,89,0,164,58,0,58,222
11/10/2004,EUG,OR,ANM,WE,Combined TRACON& Tower with Radar,12,69,60,1,142,0,1,1,0,2,12,70,61,1,144,18,0,18,162
11/11/2004,EUG,OR,ANM,WE,Combined TRACON& Tower with Radar,12,66,44,13,135,0,0,4,0,4,12,66,48,13,139,24,4,28,167
11/12/2004,EUG,OR,ANM,WE,Combined TRACON& Tower with Radar,15,75,55,0,145,2,1,70,0,73,17,76,125,0,218,126,0,126,344
11/13/2004,EUG,OR,ANM,WE,Combined TRACON& Tower with Radar,14,46,61,0,121,1,1,0,0,2,15,47,61,0,123,26,0,26,149
11/14/2004,EUG,OR,ANM,WE,Combined TRACON& Tower with Radar,11,51,25,0,87,1,0,34,0,35,12,51,59,0,122,28,0,28,150
11/15/2004,EUG,OR,ANM,WE,Combined TRACON& Tower with Radar,17,68,58,0,143,0,5,25,0,30,17,73,83,0,173,110,0,110,283
11/16/2004,EUG,OR,ANM,WE,Combined TRACON& Tower with Radar,13,65,36,0,114,0,3,49,0,52,13,68,85,0,166,104,0,104,270
11/17/2004,EUG,OR,ANM,WE,Combined TRACON& Tower with Radar,12,73,56,1,142,0,0,22,0,22,12,73,78,1,164,154,0,154,318
11/18/2004,EUG,OR,ANM,WE,Combined TRACON& Tower with Radar,0,0,0,0,0,0,0,0,0,0,0,0,0,0,0,0,0,0,0
11/19/2004,EUG,OR,ANM,WE,Combined TRACON& Tower with Radar,10,69,42,0,121,0,0,36,0,36,10,69,78,0,157,50,0,50,207
11/20/2004,EUG,OR,ANM,WE,Combined TRACON& Tower with Radar,10,49,28,0,87,0,0,0,0,0,10,49,28,0,87,0,0,0,87
11/21/2004,EUG,OR,ANM,WE,Combined TRACON& Tower with Radar,13,51,49,2,115,0,5,0,0,5,13,56,49,2,120,46,0,46,166
11/22/2004,EUG,OR,ANM,WE,Combined TRACON& Tower with Radar,12,70,45,3,130,8,0,85,0,93,20,70,130,3,223,208,0,208,431
11/23/2004,EUG,OR,ANM,WE,Combined TRACON& Tower with Radar,11,92,61,1,165,0,0,46,0,46,11,92,107,1,211,148,0,148,359
11/24/2004,EUG,OR,ANM,WE,Combined TRACON& Tower with Radar,14,76,54,4,148,0,5,34,7,46,14,81,88,11,194,118,36,154,348
11/25/2004,EUG,OR,ANM,WE,Combined TRACON& Tower with Radar,11,45,4,0,60,1,3,4,0,8,12,48,8,0,68,20,0,20,88
11/26/2004,EUG,OR,ANM,WE,Combined TRACON& Tower with Radar,8,67,14,0,89,0,0,2,0,2,8,67,16,0,91,0,0,0,91
11/27/2004,EUG,OR,ANM,WE,Combined TRACON& Tower with Radar,11,54,30,0,95,0,0,24,0,24,11,54,54,0,119,14,0,14,133
11/28/2004,EUG,OR,ANM,WE,Combined TRACON& Tower with Radar,11,56,45,0,112,2,0,5,0,7,13,56,50,0,119,0,0,0,119
11/29/2004,EUG,OR,ANM,WE,Combined TRACON& Tower with Radar,15,70,30,0,115,0,0,43,0,43,15,70,73,0,158,98,0,98,256
11/30/2004,EUG,OR,ANM,WE,Combined TRACON& Tower with Radar,14,83,47,0,144,0,0,57,0,57,14,83,104,0,201,196,0,196,397
12/01/2004,EUG,OR,ANM,WE,Combined TRACON& Tower with Radar,10,77,26,0,113,0,0,37,1,38,10,77,63,1,151,118,0,118,269
12/02/2004,EUG,OR,ANM,WE,Combined TRACON& Tower with Radar,10,69,21,2,102,0,2,0,0,2,10,71,21,2,104,0,0,0,104
12/03/2004,EUG,OR,ANM,WE,Combined TRACON& Tower with Radar,5,80,22,0,107,6,0,0,0,6,11,80,22,0,113,0,0,0,113
12/04/2004,EUG,OR,ANM,WE,Combined TRACON& Tower with Radar,10,43,8,0,61,0,0,59,0,59,10,43,67,0,120,94,0,94,214
12/05/2004,EUG,OR,ANM,WE,Combined TRACON& Tower with Radar,12,49,26,0,87,0,3,19,0,22,12,52,45,0,109,56,0,56,165
12/06/2004,EUG,OR,ANM,WE,Combined TRACON& Tower with Radar,9,68,29,1,107,0,2,18,0,20,9,70,47,1,127,62,0,62,189
12/07/2004,EUG,OR,ANM,WE,Combined TRACON& Tower with Radar,14,72,17,4,107,0,7,25,0,32,14,79,42,4,139,80,2,82,221
12/08/2004,EUG,OR,ANM,WE,Combined TRACON& Tower with Radar,14,84,26,0,124,0,0,18,0,18,14,84,44,0,142,36,0,36,178
12/09/2004,EUG,OR,ANM,WE,Combined TRACON& Tower with Radar,11,73,27,2,113,0,5,5,0,10,11,78,32,2,123,18,0,18,141
12/10/2004,EUG,OR,ANM,WE,Combined TRACON& Tower with Radar,8,65,29,0,102,0,6,61,0,67,8,71,90,0,169,136,0,136,305
12/11/2004,EUG,OR,ANM,WE,Combined TRACON& Tower with Radar,9,43,33,0,85,0,0,5,1,6,9,43,38,1,91,2,2,4,95
12/12/2004,EUG,OR,ANM,WE,Combined TRACON& Tower with Radar,9,45,21,0,75,0,5,47,0,52,9,50,68,0,127,28,0,28,155
12/13/2004,EUG,OR,ANM,WE,Combined TRACON& Tower with Radar,13,67,23,0,103,0,0,21,0,21,13,67,44,0,124,20,0,20,144
12/14/2004,EUG,OR,ANM,WE,Combined TRACON& Tower with Radar,14,67,48,0,129,0,2,21,0,23,14,69,69,0,152,22,0,22,174
12/15/2004,EUG,OR,ANM,WE,Combined TRACON& Tower with Radar,8,74,31,0,113,0,1,0,0,1,8,75,31,0,114,0,0,0,114
12/16/2004,EUG,OR,ANM,WE,Combined TRACON& Tower with Radar,9,74,43,0,126,1,7,0,0,8,10,81,43,0,134,0,0,0,134
12/17/2004,EUG,OR,ANM,WE,Combined TRACON& Tower with Radar,8,77,29,0,114,0,1,11,0,12,8,78,40,0,126,36,0,36,162
12/18/2004,EUG,OR,ANM,WE,Combined TRACON& Tower with Radar,9,39,30,0,78,0,0,2,0,2,9,39,32,0,80,0,0,0,80
12/19/2004,EUG,OR,ANM,WE,Combined TRACON& Tower with Radar,9,49,42,0,100,0,0,0,0,0,9,49,42,0,100,16,0,16,116
12/20/2004,EUG,OR,ANM,WE,Combined TRACON& Tower with Radar,12,74,14,0,100,0,4,19,0,23,12,78,33,0,123,46,0,46,169
12/21/2004,EUG,OR,ANM,WE,Combined TRACON& Tower with Radar,10,79,21,4,114,0,3,14,12,29,10,82,35,16,143,14,20,34,177
12/22/2004,EUG,OR,ANM,WE,Combined TRACON& Tower with Radar,12,82,34,2,130,0,0,4,0,4,12,82,38,2,134,6,4,10,144
12/23/2004,EUG,OR,ANM,WE,Combined TRACON& Tower with Radar,6,81,22,1,110,0,0,2,0,2,6,81,24,1,112,0,0,0,112
12/24/2004,EUG,OR,ANM,WE,Combined TRACON& Tower with Radar,9,64,6,0,79,0,0,5,0,5,9,64,11,0,84,0,0,0,84
12/25/2004,EUG,OR,ANM,WE,Combined TRACON& Tower with Radar,7,49,2,0,58,1,0,9,0,10,8,49,11,0,68,4,0,4,72
12/26/2004,EUG,OR,ANM,WE,Combined TRACON& Tower with Radar,8,52,19,0,79,0,0,20,0,20,8,52,39,0,99,2,0,2,101
12/27/2004,EUG,OR,ANM,WE,Combined TRACON& Tower with Radar,12,74,13,0,99,0,0,28,1,29,12,74,41,1,128,8,0,8,136
12/28/2004,EUG,OR,ANM,WE,Combined TRACON& Tower with Radar,13,68,15,6,102,0,0,46,10,56,13,68,61,16,158,34,0,34,192
12/29/2004,EUG,OR,ANM,WE,Combined TRACON& Tower with Radar,10,72,14,2,98,0,2,10,0,12,10,74,24,2,110,36,0,36,146
12/30/2004,EUG,OR,ANM,WE,Combined TRACON& Tower with Radar,12,63,23,0,98,0,10,7,1,18,12,73,30,1,116,46,0,46,162
12/31/2004,EUG,OR,ANM,WE,Combined TRACON& Tower with Radar,13,54,7,0,74,2,0,3,0,5,15,54,10,0,79,14,0,14,93
01/01/2005,EUG,OR,ANM,WE,Combined TRACON& Tower with Radar,7,51,5,0,63,0,1,5,0,6,7,52,10,0,69,8,0,8,77
01/02/2005,EUG,OR,ANM,WE,Combined TRACON& Tower with Radar,8,50,18,0,76,0,0,10,0,10,8,50,28,0,86,0,0,0,86
01/03/2005,EUG,OR,ANM,WE,Combined TRACON& Tower with Radar,10,62,24,6,102,0,0,74,0,74,10,62,98,6,176,126,6,132,308
01/04/2005,EUG,OR,ANM,WE,Combined TRACON& Tower with Radar,6,74,39,0,119,0,12,73,0,85,6,86,112,0,204,62,0,62,266
01/05/2005,EUG,OR,ANM,WE,Combined TRACON& Tower with Radar,8,64,41,0,113,0,0,83,1,84,8,64,124,1,197,204,0,204,401
01/06/2005,EUG,OR,ANM,WE,Combined TRACON& Tower with Radar,9,66,19,4,98,0,0,45,0,45,9,66,64,4,143,86,0,86,229
01/07/2005,EUG,OR,ANM,WE,Combined TRACON& Tower with Radar,1,1,0,0,2,0,0,0,0,0,1,1,0,0,2,0,0,0,2
01/08/2005,EUG,OR,ANM,WE,Combined TRACON& Tower with Radar,7,44,12,7,70,0,0,9,0,9,7,44,21,7,79,64,0,64,143
01/09/2005,EUG,OR,ANM,WE,Combined TRACON& Tower with Radar,3,47,14,0,64,0,0,15,0,15,3,47,29,0,79,16,0,16,95
01/10/2005,EUG,OR,ANM,WE,Combined TRACON& Tower with Radar,10,71,21,0,102,0,0,0,0,0,10,71,21,0,102,0,0,0,102
01/11/2005,EUG,OR,ANM,WE,Combined TRACON& Tower with Radar,8,63,26,5,102,0,7,113,3,123,8,70,139,8,225,124,12,136,361
01/12/2005,EUG,OR,ANM,WE,Combined TRACON& Tower with Radar,9,72,34,0,115,0,2,45,0,47,9,74,79,0,162,108,0,108,270
01/13/2005,EUG,OR,ANM,WE,Combined TRACON& Tower with Radar,10,63,40,0,113,0,4,54,0,58,10,67,94,0,171,154,0,154,325
01/14/2005,EUG,OR,ANM,WE,Combined TRACON& Tower with Radar,5,65,20,10,100,3,0,19,9,31,8,65,39,19,131,34,0,34,165
01/15/2005,EUG,OR,ANM,WE,Combined TRACON& Tower with Radar,7,17,2,0,26,0,0,1,0,1,7,17,3,0,27,0,0,0,27
01/16/2005,EUG,OR,ANM,WE,Combined TRACON& Tower with Radar,9,36,24,0,69,0,0,12,0,12,9,36,36,0,81,0,0,0,81
01/17/2005,EUG,OR,ANM,WE,Combined TRACON& Tower with Radar,8,63,24,0,95,0,0,6,0,6,8,63,30,0,101,4,0,4,105
01/18/2005,EUG,OR,ANM,WE,Combined TRACON& Tower with Radar,15,61,65,4,145,3,11,91,0,105,18,72,156,4,250,118,0,118,368
01/19/2005,EUG,OR,ANM,WE,Combined TRACON& Tower with Radar,6,73,47,0,126,0,1,138,0,139,6,74,185,0,265,172,0,172,437
01/20/2005,EUG,OR,ANM,WE,Combined TRACON& Tower with Radar,8,56,51,0,115,0,0,91,3,94,8,56,142,3,209,184,3,187,396
01/21/2005,EUG,OR,ANM,WE,Combined TRACON& Tower with Radar,7,57,34,0,98,2,0,105,0,107,9,57,139,0,205,136,0,136,341
01/22/2005,EUG,OR,ANM,WE,Combined TRACON& Tower with Radar,8,39,31,0,78,0,4,99,0,103,8,43,130,0,181,80,0,80,261
01/23/2005,EUG,OR,ANM,WE,Combined TRACON& Tower with Radar,8,44,12,14,78,0,0,44,0,44,8,44,56,14,122,36,0,36,158
01/24/2005,EUG,OR,ANM,WE,Combined TRACON& Tower with Radar,9,71,26,0,106,0,2,56,0,58,9,73,82,0,164,62,0,62,226
01/25/2005,EUG,OR,ANM,WE,Combined TRACON& Tower with Radar,10,59,26,0,95,0,4,0,0,4,10,63,26,0,99,0,0,0,99
01/26/2005,EUG,OR,ANM,WE,Combined TRACON& Tower with Radar,8,67,38,6,119,1,2,61,0,64,9,69,99,6,183,116,2,118,301
01/27/2005,EUG,OR,ANM,WE,Combined TRACON& Tower with Radar,6,64,38,0,108,2,7,70,0,79,8,71,108,0,187,134,2,136,323
01/28/2005,EUG,OR,ANM,WE,Combined TRACON& Tower with Radar,8,54,26,0,88,0,13,59,0,72,8,67,85,0,160,54,2,56,216
01/29/2005,EUG,OR,ANM,WE,Combined TRACON& Tower with Radar,9,43,42,0,94,0,3,53,0,56,9,46,95,0,150,106,0,106,256
01/30/2005,EUG,OR,ANM,WE,Combined TRACON& Tower with Radar,6,43,21,0,70,0,3,53,0,56,6,46,74,0,126,16,0,16,142
01/31/2005,EUG,OR,ANM,WE,Combined TRACON& Tower with Radar,8,61,20,2,91,0,0,90,0,90,8,61,110,2,181,190,0,190,371
02/01/2005,EUG,OR,ANM,WE,Combined TRACON& Tower with Radar,7,72,34,0,113,0,0,18,0,18,7,72,52,0,131,0,0,0,131
02/02/2005,EUG,OR,ANM,WE,Combined TRACON& Tower with Radar,10,61,23,0,94,0,0,26,0,26,10,61,49,0,120,36,0,36,156
02/03/2005,EUG,OR,ANM,WE,Combined TRACON& Tower with Radar,8,63,40,0,111,0,0,0,0,0,8,63,40,0,111,0,0,0,111
02/04/2005,EUG,OR,ANM,WE,Combined TRACON& Tower with Radar,7,69,29,0,105,1,7,58,0,66,8,76,87,0,171,90,0,90,261
02/05/2005,EUG,OR,ANM,WE,Combined TRACON& Tower with Radar,7,45,27,14,93,0,0,55,12,67,7,45,82,26,160,152,0,152,312
02/06/2005,EUG,OR,ANM,WE,Combined TRACON& Tower with Radar,7,47,11,0,65,0,0,6,0,6,7,47,17,0,71,0,0,0,71
02/07/2005,EUG,OR,ANM,WE,Combined TRACON& Tower with Radar,9,62,22,0,93,0,1,37,0,38,9,63,59,0,131,64,0,64,195
02/08/2005,EUG,OR,ANM,WE,Combined TRACON& Tower with Radar,8,73,46,7,134,0,0,0,0,0,8,73,46,7,134,0,0,0,134
02/09/2005,EUG,OR,ANM,WE,Combined TRACON& Tower with Radar,9,82,43,2,136,0,2,0,0,2,9,84,43,2,138,0,0,0,138
02/10/2005,EUG,OR,ANM,WE,Combined TRACON& Tower with Radar,7,71,31,0,109,0,8,15,1,24,7,79,46,1,133,16,1,17,150
02/11/2005,EUG,OR,ANM,WE,Combined TRACON& Tower with Radar,12,62,37,0,111,0,14,80,0,94,12,76,117,0,205,98,0,98,303
02/12/2005,EUG,OR,ANM,WE,Combined TRACON& Tower with Radar,8,38,37,0,83,0,0,11,0,11,8,38,48,0,94,20,0,20,114
02/13/2005,EUG,OR,ANM,WE,Combined TRACON& Tower with Radar,9,45,23,2,79,0,3,22,0,25,9,48,45,2,104,18,0,18,122
02/14/2005,EUG,OR,ANM,WE,Combined TRACON& Tower with Radar,9,64,21,7,101,0,0,54,0,54,9,64,75,7,155,72,30,102,257
02/15/2005,EUG,OR,ANM,WE,Combined TRACON& Tower with Radar,170,330,34,22,556,0,50,0,0,50,170,380,34,22,606,47,48,95,701
02/16/2005,EUG,OR,ANM,WE,Combined TRACON& Tower with Radar,12,68,18,0,98,0,6,116,0,122,12,74,134,0,220,158,0,158,378
02/17/2005,EUG,OR,ANM,WE,Combined TRACON& Tower with Radar,9,72,20,20,121,0,0,110,0,110,9,72,130,20,231,204,0,204,435
02/18/2005,EUG,OR,ANM,WE,Combined TRACON& Tower with Radar,10,65,17,2,94,0,17,119,1,137,10,82,136,3,231,212,0,212,443
02/19/2005,EUG,OR,ANM,WE,Combined TRACON& Tower with Radar,8,43,29,0,80,0,0,75,0,75,8,43,104,0,155,174,0,174,329
02/20/2005,EUG,OR,ANM,WE,Combined TRACON& Tower with Radar,11,46,5,0,62,4,0,30,0,34,15,46,35,0,96,0,0,0,96
02/21/2005,EUG,OR,ANM,WE,Combined TRACON& Tower with Radar,8,60,16,0,84,0,0,47,0,47,8,60,63,0,131,12,0,12,143
02/22/2005,EUG,OR,ANM,WE,Combined TRACON& Tower with Radar,11,65,17,0,93,1,0,120,2,123,12,65,137,2,216,122,0,122,338
02/23/2005,EUG,OR,ANM,WE,Combined TRACON& Tower with Radar,6,71,26,4,107,0,0,109,2,111,6,71,135,6,218,172,0,172,390
02/24/2005,EUG,OR,ANM,WE,Combined TRACON& Tower with Radar,13,69,42,0,124,0,0,114,0,114,13,69,156,0,238,108,0,108,346
02/25/2005,EUG,OR,ANM,WE,Combined TRACON& Tower with Radar,9,70,66,7,152,1,10,0,1,12,10,80,66,8,164,46,0,46,210
02/26/2005,EUG,OR,ANM,WE,Combined TRACON& Tower with Radar,9,47,45,1,102,1,0,75,0,76,10,47,120,1,178,62,0,62,240
02/27/2005,EUG,OR,ANM,WE,Combined TRACON& Tower with Radar,13,54,25,0,92,0,0,17,0,17,13,54,42,0,109,20,0,20,129
02/28/2005,EUG,OR,ANM,WE,Combined TRACON& Tower with Radar,12,71,40,1,124,0,0,18,0,18,12,71,58,1,142,80,0,80,222
03/01/2005,EUG,OR,ANM,WE,Combined TRACON& Tower with Radar,13,64,32,3,112,0,14,57,0,71,13,78,89,3,183,86,16,102,285
03/02/2005,EUG,OR,ANM,WE,Combined TRACON& Tower with Radar,10,69,36,12,127,0,0,84,0,84,10,69,120,12,211,136,0,136,347
03/03/2005,EUG,OR,ANM,WE,Combined TRACON& Tower with Radar,10,67,35,0,112,0,15,76,0,91,10,82,111,0,203,128,0,128,331
03/04/2005,EUG,OR,ANM,WE,Combined TRACON& Tower with Radar,0,0,0,0,0,13,73,88,3,177,13,73,88,3,177,134,0,134,311
03/05/2005,EUG,OR,ANM,WE,Combined TRACON& Tower with Radar,8,45,39,0,92,0,5,71,0,76,8,50,110,0,168,68,0,68,236
03/06/2005,EUG,OR,ANM,WE,Combined TRACON& Tower with Radar,9,39,12,5,65,0,0,73,29,102,9,39,85,34,167,16,0,16,183
03/07/2005,EUG,OR,ANM,WE,Combined TRACON& Tower with Radar,10,62,16,0,88,0,0,104,0,104,10,62,120,0,192,164,0,164,356
03/08/2005,EUG,OR,ANM,WE,Combined TRACON& Tower with Radar,7,71,34,2,114,0,0,84,0,84,7,71,118,2,198,82,0,82,280
03/09/2005,EUG,OR,ANM,WE,Combined TRACON& Tower with Radar,13,72,49,26,160,0,10,104,0,114,13,82,153,26,274,84,38,122,396
03/10/2005,EUG,OR,ANM,WE,Combined TRACON& Tower with Radar,8,66,29,2,105,4,2,77,0,83,12,68,106,2,188,66,0,66,254
03/11/2005,EUG,OR,ANM,WE,Combined TRACON& Tower with Radar,8,70,42,3,123,0,11,97,0,108,8,81,139,3,231,64,0,64,295
03/12/2005,EUG,OR,ANM,WE,Combined TRACON& Tower with Radar,12,46,19,0,77,0,0,54,0,54,12,46,73,0,131,68,0,68,199
03/13/2005,EUG,OR,ANM,WE,Combined TRACON& Tower with Radar,9,44,12,0,65,1,0,43,0,44,10,44,55,0,109,10,0,10,119
03/14/2005,EUG,OR,ANM,WE,Combined TRACON& Tower with Radar,11,70,17,4,102,0,5,79,0,84,11,75,96,4,186,108,0,108,294
03/15/2005,EUG,OR,ANM,WE,Combined TRACON& Tower with Radar,7,69,42,0,118,0,15,78,2,95,7,84,120,2,213,98,0,98,311
03/16/2005,EUG,OR,ANM,WE,Combined TRACON& Tower with Radar,8,64,32,4,108,0,0,4,0,4,8,64,36,4,112,2,0,2,114
03/17/2005,EUG,OR,ANM,WE,Combined TRACON& Tower with Radar,8,75,45,7,135,0,7,49,1,57,8,82,94,8,192,45,0,45,237
03/18/2005,EUG,OR,ANM,WE,Combined TRACON& Tower with Radar,8,69,53,0,130,2,2,53,0,57,10,71,106,0,187,52,0,52,239
03/19/2005,EUG,OR,ANM,WE,Combined TRACON& Tower with Radar,8,47,10,0,65,0,0,13,1,14,8,47,23,1,79,18,0,18,97
03/20/2005,EUG,OR,ANM,WE,Combined TRACON& Tower with Radar,7,46,12,0,65,0,0,1,0,1,7,46,13,0,66,0,0,0,66
03/21/2005,EUG,OR,ANM,WE,Combined TRACON& Tower with Radar,9,73,15,8,105,0,0,25,0,25,9,73,40,8,130,40,6,46,176
03/22/2005,EUG,OR,ANM,WE,Combined TRACON& Tower with Radar,9,71,34,1,115,0,4,8,0,12,9,75,42,1,127,48,0,48,175
03/23/2005,EUG,OR,ANM,WE,Combined TRACON& Tower with Radar,9,75,16,0,100,0,0,33,0,33,9,75,49,0,133,16,0,16,149
03/24/2005,EUG,OR,ANM,WE,Combined TRACON& Tower with Radar,10,70,35,2,117,1,4,18,0,23,11,74,53,2,140,23,0,23,163
03/25/2005,EUG,OR,ANM,WE,Combined TRACON& Tower with Radar,8,64,16,0,88,0,0,59,0,59,8,64,75,0,147,40,0,40,187
03/26/2005,EUG,OR,ANM,WE,Combined TRACON& Tower with Radar,8,39,22,0,69,0,0,1,0,1,8,39,23,0,70,0,0,0,70
03/27/2005,EUG,OR,ANM,WE,Combined TRACON& Tower with Radar,12,47,15,0,74,0,0,6,0,6,12,47,21,0,80,0,0,0,80
03/28/2005,EUG,OR,ANM,WE,Combined TRACON& Tower with Radar,12,75,36,17,140,0,0,9,0,9,12,75,45,17,149,36,0,36,185
03/29/2005,EUG,OR,ANM,WE,Combined TRACON& Tower with Radar,8,61,25,5,99,0,13,24,0,37,8,74,49,5,136,30,0,30,166
03/30/2005,EUG,OR,ANM,WE,Combined TRACON& Tower with Radar,8,65,34,0,107,0,0,63,2,65,8,65,97,2,172,60,0,60,232
03/31/2005,EUG,OR,ANM,WE,Combined TRACON& Tower with Radar,9,66,39,0,114,1,0,105,0,106,10,66,144,0,220,152,0,152,372
04/01/2005,EUG,OR,ANM,WE,Combined TRACON& Tower with Radar,12,73,43,2,130,0,0,45,0,45,12,73,88,2,175,76,8,84,259
04/02/2005,EUG,OR,ANM,WE,Combined TRACON& Tower with Radar,13,45,42,0,100,0,6,67,0,73,13,51,109,0,173,44,0,44,217
04/03/2005,EUG,OR,ANM,WE,Combined TRACON& Tower with Radar,11,44,9,0,64,0,2,11,0,13,11,46,20,0,77,16,0,16,93
04/04/2005,EUG,OR,ANM,WE,Combined TRACON& Tower with Radar,11,70,47,0,128,0,0,51,2,53,11,70,98,2,181,78,0,78,259
04/05/2005,EUG,OR,ANM,WE,Combined TRACON& Tower with Radar,10,67,27,2,106,0,2,87,1,90,10,69,114,3,196,56,0,56,252
04/06/2005,EUG,OR,ANM,WE,Combined TRACON& Tower with Radar,10,74,27,2,113,0,13,106,1,120,10,87,133,3,233,64,0,64,297
04/07/2005,EUG,OR,ANM,WE,Combined TRACON& Tower with Radar,12,69,41,0,122,1,8,15,0,24,13,77,56,0,146,80,0,80,226
04/08/2005,EUG,OR,ANM,WE,Combined TRACON& Tower with Radar,9,66,28,0,103,0,4,51,0,55,9,70,79,0,158,64,0,64,222
04/09/2005,EUG,OR,ANM,WE,Combined TRACON& Tower with Radar,8,46,22,2,78,0,6,62,0,68,8,52,84,2,146,50,0,50,196
04/10/2005,EUG,OR,ANM,WE,Combined TRACON& Tower with Radar,9,44,8,0,61,1,0,33,0,34,10,44,41,0,95,10,0,10,105
04/11/2005,EUG,OR,ANM,WE,Combined TRACON& Tower with Radar,10,77,45,0,132,0,0,79,0,79,10,77,124,0,211,94,0,94,305
04/12/2005,EUG,OR,ANM,WE,Combined TRACON& Tower with Radar,9,73,22,12,116,0,0,10,0,10,9,73,32,12,126,22,8,30,156
04/13/2005,EUG,OR,ANM,WE,Combined TRACON& Tower with Radar,12,76,20,0,108,0,0,65,0,65,12,76,85,0,173,54,0,54,227
04/14/2005,EUG,OR,ANM,WE,Combined TRACON& Tower with Radar,14,69,49,3,135,0,0,76,0,76,14,69,125,3,211,158,8,166,377
04/15/2005,EUG,OR,ANM,WE,Combined TRACON& Tower with Radar,10,68,37,0,115,0,0,57,0,57,10,68,94,0,172,78,0,78,250
04/16/2005,EUG,OR,ANM,WE,Combined TRACON& Tower with Radar,8,44,15,0,67,0,4,16,0,20,8,48,31,0,87,4,0,4,91
04/17/2005,EUG,OR,ANM,WE,Combined TRACON& Tower with Radar,14,42,25,0,81,0,0,13,0,13,14,42,38,0,94,16,2,18,112
04/18/2005,EUG,OR,ANM,WE,Combined TRACON& Tower with Radar,12,60,32,10,114,0,7,37,0,44,12,67,69,10,158,118,0,118,276
04/19/2005,EUG,OR,ANM,WE,Combined TRACON& Tower with Radar,12,71,58,19,160,0,8,85,19,112,12,79,143,38,272,82,8,90,362
04/20/2005,EUG,OR,ANM,WE,Combined TRACON& Tower with Radar,9,68,64,4,145,0,3,97,0,100,9,71,161,4,245,82,8,90,335
04/21/2005,EUG,OR,ANM,WE,Combined TRACON& Tower with Radar,12,69,50,7,138,0,2,74,0,76,12,71,124,7,214,148,0,148,362
04/22/2005,EUG,OR,ANM,WE,Combined TRACON& Tower with Radar,11,69,28,2,110,0,4,44,1,49,11,73,72,3,159,30,0,30,189
04/23/2005,EUG,OR,ANM,WE,Combined TRACON& Tower with Radar,10,44,31,0,85,0,426,29,0,455,10,470,60,0,540,76,0,76,616
04/24/2005,EUG,OR,ANM,WE,Combined TRACON& Tower with Radar,14,45,27,2,88,0,0,28,1,29,14,45,55,3,117,26,8,34,151
04/25/2005,EUG,OR,ANM,WE,Combined TRACON& Tower with Radar,11,69,50,8,138,0,0,85,0,85,11,69,135,8,223,116,2,118,341
04/26/2005,EUG,OR,ANM,WE,Combined TRACON& Tower with Radar,10,68,78,2,158,0,3,46,0,49,10,71,124,2,207,22,0,22,229
04/27/2005,EUG,OR,ANM,WE,Combined TRACON& Tower with Radar,12,76,55,4,147,0,1,90,0,91,12,77,145,4,238,94,4,98,336
04/28/2005,EUG,OR,ANM,WE,Combined TRACON& Tower with Radar,13,66,34,0,113,1,0,85,1,87,14,66,119,1,200,124,0,124,324
04/29/2005,EUG,OR,ANM,WE,Combined TRACON& Tower with Radar,9,75,31,7,122,0,2,53,1,56,9,77,84,8,178,138,4,142,320
04/30/2005,EUG,OR,ANM,WE,Combined TRACON& Tower with Radar,11,45,20,0,76,0,2,63,0,65,11,47,83,0,141,110,0,110,251
05/01/2005,EUG,OR,ANM,WE,Combined TRACON& Tower with Radar,9,43,17,0,69,0,3,31,0,34,9,46,48,0,103,20,0,20,123
05/02/2005,EUG,OR,ANM,WE,Combined TRACON& Tower with Radar,14,71,40,1,126,0,0,51,0,51,14,71,91,1,177,184,0,184,361
05/03/2005,EUG,OR,ANM,WE,Combined TRACON& Tower with Radar,12,69,35,5,121,1,2,96,0,99,13,71,131,5,220,106,26,132,352
05/04/2005,EUG,OR,ANM,WE,Combined TRACON& Tower with Radar,12,68,33,0,113,0,3,42,0,45,12,71,75,0,158,144,1,145,303
05/05/2005,EUG,OR,ANM,WE,Combined TRACON& Tower with Radar,16,68,48,2,134,0,0,19,1,20,16,68,67,3,154,132,0,132,286
05/06/2005,EUG,OR,ANM,WE,Combined TRACON& Tower with Radar,12,77,56,0,145,0,0,34,0,34,12,77,90,0,179,46,0,46,225
05/07/2005,EUG,OR,ANM,WE,Combined TRACON& Tower with Radar,15,46,44,0,105,0,0,69,0,69,15,46,113,0,174,78,0,78,252
05/08/2005,EUG,OR,ANM,WE,Combined TRACON& Tower with Radar,14,47,23,0,84,0,0,4,0,4,14,47,27,0,88,0,0,0,88
05/09/2005,EUG,OR,ANM,WE,Combined TRACON& Tower with Radar,18,66,46,16,146,0,0,0,0,0,18,66,46,16,146,2,0,2,148
05/10/2005,EUG,OR,ANM,WE,Combined TRACON& Tower with Radar,13,69,42,9,133,0,0,13,0,13,13,69,55,9,146,54,0,54,200
05/11/2005,EUG,OR,ANM,WE,Combined TRACON& Tower with Radar,12,68,54,2,136,0,4,78,0,82,12,72,132,2,218,100,2,102,320
05/12/2005,EUG,OR,ANM,WE,Combined TRACON& Tower with Radar,11,80,50,0,141,0,1,95,0,96,11,81,145,0,237,96,0,96,333
05/13/2005,EUG,OR,ANM,WE,Combined TRACON& Tower with Radar,11,67,49,14,141,0,1,135,2,138,11,68,184,16,279,176,0,176,455
05/14/2005,EUG,OR,ANM,WE,Combined TRACON& Tower with Radar,13,42,22,0,77,1,5,99,0,105,14,47,121,0,182,168,0,168,350
05/15/2005,EUG,OR,ANM,WE,Combined TRACON& Tower with Radar,12,48,32,0,92,1,1,13,0,15,13,49,45,0,107,4,0,4,111
05/16/2005,EUG,OR,ANM,WE,Combined TRACON& Tower with Radar,13,64,33,0,110,0,0,45,0,45,13,64,78,0,155,186,0,186,341
05/17/2005,EUG,OR,ANM,WE,Combined TRACON& Tower with Radar,11,67,49,0,127,0,0,41,0,41,11,67,90,0,168,98,0,98,266
05/18/2005,EUG,OR,ANM,WE,Combined TRACON& Tower with Radar,15,75,29,0,119,0,0,30,0,30,15,75,59,0,149,168,0,168,317
05/19/2005,EUG,OR,ANM,WE,Combined TRACON& Tower with Radar,12,69,49,0,130,3,0,35,0,38,15,69,84,0,168,60,0,60,228
05/20/2005,EUG,OR,ANM,WE,Combined TRACON& Tower with Radar,12,73,29,8,122,0,1,119,0,120,12,74,148,8,242,162,0,162,404
05/21/2005,EUG,OR,ANM,WE,Combined TRACON& Tower with Radar,12,40,23,0,75,0,0,74,0,74,12,40,97,0,149,36,0,36,185
05/22/2005,EUG,OR,ANM,WE,Combined TRACON& Tower with Radar,14,45,18,1,78,0,0,85,0,85,14,45,103,1,163,68,0,68,231
05/23/2005,EUG,OR,ANM,WE,Combined TRACON& Tower with Radar,16,61,19,0,96,0,0,144,0,144,16,61,163,0,240,112,0,112,352
05/24/2005,EUG,OR,ANM,WE,Combined TRACON& Tower with Radar,13,69,19,0,101,0,8,149,0,157,13,77,168,0,258,134,0,134,392
05/25/2005,EUG,OR,ANM,WE,Combined TRACON& Tower with Radar,14,55,28,0,97,0,19,180,0,199,14,74,208,0,296,224,0,224,520
05/26/2005,EUG,OR,ANM,WE,Combined TRACON& Tower with Radar,16,57,28,3,104,0,5,139,0,144,16,62,167,3,248,166,0,166,414
05/27/2005,EUG,OR,ANM,WE,Combined TRACON& Tower with Radar,15,58,49,4,126,0,0,86,1,87,15,58,135,5,213,102,12,114,327
05/28/2005,EUG,OR,ANM,WE,Combined TRACON& Tower with Radar,14,43,30,0,87,0,0,46,0,46,14,43,76,0,133,76,0,76,209
05/29/2005,EUG,OR,ANM,WE,Combined TRACON& Tower with Radar,11,41,30,0,82,0,0,20,0,20,11,41,50,0,102,28,0,28,130
05/30/2005,EUG,OR,ANM,WE,Combined TRACON& Tower with Radar,13,51,30,2,96,0,0,58,0,58,13,51,88,2,154,24,0,24,178
05/31/2005,EUG,OR,ANM,WE,Combined TRACON& Tower with Radar,15,63,45,9,132,0,15,51,0,66,15,78,96,9,198,106,0,106,304
06/01/2005,EUG,OR,ANM,WE,Combined TRACON& Tower with Radar,17,64,44,4,129,0,0,50,1,51,17,64,94,5,180,122,0,122,302
06/02/2005,EUG,OR,ANM,WE,Combined TRACON& Tower with Radar,13,68,56,0,137,0,9,49,0,58,13,77,105,0,195,116,0,116,311
06/03/2005,EUG,OR,ANM,WE,Combined TRACON& Tower with Radar,12,63,35,2,112,0,7,126,0,133,12,70,161,2,245,150,0,150,395
06/04/2005,EUG,OR,ANM,WE,Combined TRACON& Tower with Radar,12,40,17,6,75,4,0,1133,0,1137,16,40,1150,6,1212,1160,14,1174,2386
06/05/2005,EUG,OR,ANM,WE,Combined TRACON& Tower with Radar,15,45,18,0,78,0,0,32,0,32,15,45,50,0,110,0,0,0,110
06/06/2005,EUG,OR,ANM,WE,Combined TRACON& Tower with Radar,16,65,36,3,120,0,3,28,0,31,16,68,64,3,151,86,0,86,237
06/07/2005,EUG,OR,ANM,WE,Combined TRACON& Tower with Radar,10,62,41,2,115,0,0,26,0,26,10,62,67,2,141,82,0,82,223
06/08/2005,EUG,OR,ANM,WE,Combined TRACON& Tower with Radar,10,68,28,0,106,0,3,128,2,133,10,71,156,2,239,184,0,184,423
06/09/2005,EUG,OR,ANM,WE,Combined TRACON& Tower with Radar,10,62,40,0,112,0,16,147,2,165,10,78,187,2,277,124,0,124,401
06/10/2005,EUG,OR,ANM,WE,Combined TRACON& Tower with Radar,10,71,52,0,133,0,5,66,0,71,10,76,118,0,204,44,0,44,248
06/11/2005,EUG,OR,ANM,WE,Combined TRACON& Tower with Radar,8,52,26,6,92,0,0,34,0,34,8,52,60,6,126,20,6,26,152
06/12/2005,EUG,OR,ANM,WE,Combined TRACON& Tower with Radar,10,46,15,0,71,0,8,89,0,97,10,54,104,0,168,4,0,4,172
06/13/2005,EUG,OR,ANM,WE,Combined TRACON& Tower with Radar,9,65,36,0,110,0,14,22,0,36,9,79,58,0,146,46,0,46,192
06/14/2005,EUG,OR,ANM,WE,Combined TRACON& Tower with Radar,12,59,40,0,111,0,21,46,2,69,12,80,86,2,180,50,0,50,230
06/15/2005,EUG,OR,ANM,WE,Combined TRACON& Tower with Radar,11,77,9,16,113,0,5,85,0,90,11,82,94,16,203,56,0,56,259
06/16/2005,EUG,OR,ANM,WE,Combined TRACON& Tower with Radar,6,84,29,0,119,0,0,24,0,24,6,84,53,0,143,20,0,20,163
06/17/2005,EUG,OR,ANM,WE,Combined TRACON& Tower with Radar,8,63,37,2,110,0,11,26,0,37,8,74,63,2,147,6,0,6,153
06/18/2005,EUG,OR,ANM,WE,Combined TRACON& Tower with Radar,9,45,11,0,65,0,0,45,0,45,9,45,56,0,110,16,0,16,126
06/19/2005,EUG,OR,ANM,WE,Combined TRACON& Tower with Radar,10,45,19,6,80,0,8,51,4,63,10,53,70,10,143,32,0,32,175
06/20/2005,EUG,OR,ANM,WE,Combined TRACON& Tower with Radar,6,74,31,0,111,0,0,78,0,78,6,74,109,0,189,82,0,82,271
06/21/2005,EUG,OR,ANM,WE,Combined TRACON& Tower with Radar,8,69,50,0,127,0,0,81,0,81,8,69,131,0,208,74,0,74,282
06/22/2005,EUG,OR,ANM,WE,Combined TRACON& Tower with Radar,9,65,30,3,107,0,5,98,0,103,9,70,128,3,210,122,0,122,332
06/23/2005,EUG,OR,ANM,WE,Combined TRACON& Tower with Radar,9,61,43,6,119,0,13,92,0,105,9,74,135,6,224,86,0,86,310
06/24/2005,EUG,OR,ANM,WE,Combined TRACON& Tower with Radar,9,64,33,0,106,0,0,103,0,103,9,64,136,0,209,116,0,116,325
06/25/2005,EUG,OR,ANM,WE,Combined TRACON& Tower with Radar,9,52,28,2,91,2,0,67,0,69,11,52,95,2,160,74,0,74,234
06/26/2005,EUG,OR,ANM,WE,Combined TRACON& Tower with Radar,12,47,25,0,84,0,4,34,0,38,12,51,59,0,122,10,0,10,132
06/27/2005,EUG,OR,ANM,WE,Combined TRACON& Tower with Radar,12,63,34,13,122,0,0,44,1,45,12,63,78,14,167,140,0,140,307
06/28/2005,EUG,OR,ANM,WE,Combined TRACON& Tower with Radar,8,73,56,4,141,0,11,87,0,98,8,84,143,4,239,96,0,96,335
06/29/2005,EUG,OR,ANM,WE,Combined TRACON& Tower with Radar,9,64,34,4,111,0,10,150,0,160,9,74,184,4,271,102,0,102,373
06/30/2005,EUG,OR,ANM,WE,Combined TRACON& Tower with Radar,7,66,30,2,105,0,0,109,0,109,7,66,139,2,214,144,0,144,358
07/01/2005,EUG,OR,ANM,WE,Combined TRACON& Tower with Radar,8,62,32,0,102,0,6,140,0,146,8,68,172,0,248,124,0,124,372
07/02/2005,EUG,OR,ANM,WE,Combined TRACON& Tower with Radar,9,47,23,0,79,0,0,56,0,56,9,47,79,0,135,40,0,40,175
07/03/2005,EUG,OR,ANM,WE,Combined TRACON& Tower with Radar,9,45,6,0,60,0,0,42,0,42,9,45,48,0,102,10,0,10,112
07/04/2005,EUG,OR,ANM,WE,Combined TRACON& Tower with Radar,9,45,5,0,59,0,0,62,0,62,9,45,67,0,121,28,0,28,149
07/05/2005,EUG,OR,ANM,WE,Combined TRACON& Tower with Radar,11,65,34,2,112,0,4,113,0,117,11,69,147,2,229,70,0,70,299
07/06/2005,EUG,OR,ANM,WE,Combined TRACON& Tower with Radar,8,72,43,2,125,0,0,83,0,83,8,72,126,2,208,64,0,64,272
07/07/2005,EUG,OR,ANM,WE,Combined TRACON& Tower with Radar,6,63,46,9,124,0,4,96,0,100,6,67,142,9,224,158,0,158,382
07/08/2005,EUG,OR,ANM,WE,Combined TRACON& Tower with Radar,10,61,49,0,120,0,0,92,0,92,10,61,141,0,212,108,0,108,320
07/09/2005,EUG,OR,ANM,WE,Combined TRACON& Tower with Radar,7,52,31,15,105,0,0,60,1,61,7,52,91,16,166,50,10,60,226
07/10/2005,EUG,OR,ANM,WE,Combined TRACON& Tower with Radar,10,51,22,4,87,0,4,36,30,70,10,55,58,34,157,10,36,46,203
07/11/2005,EUG,OR,ANM,WE,Combined TRACON& Tower with Radar,10,60,24,0,94,0,4,86,0,90,10,64,110,0,184,96,0,96,280
07/12/2005,EUG,OR,ANM,WE,Combined TRACON& Tower with Radar,7,68,58,2,135,0,5,91,0,96,7,73,149,2,231,84,0,84,315
07/13/2005,EUG,OR,ANM,WE,Combined TRACON& Tower with Radar,7,67,33,4,111,4,12,149,2,167,11,79,182,6,278,174,12,186,464
07/14/2005,EUG,OR,ANM,WE,Combined TRACON& Tower with Radar,10,68,24,4,106,1,6,110,0,117,11,74,134,4,223,56,0,56,279
07/15/2005,EUG,OR,ANM,WE,Combined TRACON& Tower with Radar,11,65,29,4,109,1,5,177,2,185,12,70,206,6,294,126,0,126,420
07/16/2005,EUG,OR,ANM,WE,Combined TRACON& Tower with Radar,11,56,26,0,93,0,0,119,0,119,11,56,145,0,212,66,0,66,278
07/17/2005,EUG,OR,ANM,WE,Combined TRACON& Tower with Radar,8,48,17,0,73,0,4,128,0,132,8,52,145,0,205,90,0,90,295
07/18/2005,EUG,OR,ANM,WE,Combined TRACON& Tower with Radar,10,67,35,1,113,0,10,100,1,111,10,77,135,2,224,150,0,150,374
07/19/2005,EUG,OR,ANM,WE,Combined TRACON& Tower with Radar,10,67,27,4,108,0,3,148,0,151,10,70,175,4,259,158,2,160,419
07/20/2005,EUG,OR,ANM,WE,Combined TRACON& Tower with Radar,10,72,36,2,120,0,6,156,0,162,10,78,192,2,282,94,0,94,376
07/21/2005,EUG,OR,ANM,WE,Combined TRACON& Tower with Radar,8,72,36,0,116,0,5,92,0,97,8,77,128,0,213,56,0,56,269
07/22/2005,EUG,OR,ANM,WE,Combined TRACON& Tower with Radar,10,63,30,2,105,0,23,112,0,135,10,86,142,2,240,132,0,132,372
07/23/2005,EUG,OR,ANM,WE,Combined TRACON& Tower with Radar,10,58,15,0,83,1,11,160,0,172,11,69,175,0,255,98,0,98,353
07/24/2005,EUG,OR,ANM,WE,Combined TRACON& Tower with Radar,8,49,5,0,62,0,8,87,0,95,8,57,92,0,157,26,0,26,183
07/25/2005,EUG,OR,ANM,WE,Combined TRACON& Tower with Radar,9,65,34,0,108,2,3,118,1,124,11,68,152,1,232,116,0,116,348
07/26/2005,EUG,OR,ANM,WE,Combined TRACON& Tower with Radar,10,69,33,10,122,0,8,125,0,133,10,77,158,10,255,152,10,162,417
07/27/2005,EUG,OR,ANM,WE,Combined TRACON& Tower with Radar,8,63,27,0,98,0,10,153,0,163,8,73,180,0,261,120,0,120,381
07/28/2005,EUG,OR,ANM,WE,Combined TRACON& Tower with Radar,10,62,35,0,107,0,12,90,0,102,10,74,125,0,209,134,0,134,343
07/29/2005,EUG,OR,ANM,WE,Combined TRACON& Tower with Radar,8,64,23,0,95,0,5,113,0,118,8,69,136,0,213,128,0,128,341
07/30/2005,EUG,OR,ANM,WE,Combined TRACON& Tower with Radar,7,52,11,0,70,2,0,92,0,94,9,52,103,0,164,58,0,58,222
07/31/2005,EUG,OR,ANM,WE,Combined TRACON& Tower with Radar,11,43,8,0,62,0,4,77,0,81,11,47,85,0,143,68,0,68,211
08/01/2005,EUG,OR,ANM,WE,Combined TRACON& Tower with Radar,12,74,36,2,124,0,11,72,0,83,12,85,108,2,207,74,0,74,281
08/02/2005,EUG,OR,ANM,WE,Combined TRACON& Tower with Radar,11,60,43,2,116,0,13,89,0,102,11,73,132,2,218,62,0,62,280
08/03/2005,EUG,OR,ANM,WE,Combined TRACON& Tower with Radar,10,61,26,1,98,0,14,170,1,185,10,75,196,2,283,183,0,183,466
08/04/2005,EUG,OR,ANM,WE,Combined TRACON& Tower with Radar,9,69,15,0,93,0,14,132,2,148,9,83,147,2,241,102,3,105,346
08/05/2005,EUG,OR,ANM,WE,Combined TRACON& Tower with Radar,10,62,37,1,110,0,17,124,7,148,10,79,161,8,258,94,2,96,354
08/06/2005,EUG,OR,ANM,WE,Combined TRACON& Tower with Radar,12,44,15,0,71,0,5,146,1,152,12,49,161,1,223,70,0,70,293
08/07/2005,EUG,OR,ANM,WE,Combined TRACON& Tower with Radar,10,45,14,0,69,0,7,125,0,132,10,52,139,0,201,60,0,60,261
08/08/2005,EUG,OR,ANM,WE,Combined TRACON& Tower with Radar,11,64,24,1,100,0,13,105,1,119,11,77,129,2,219,170,4,174,393
08/09/2005,EUG,OR,ANM,WE,Combined TRACON& Tower with Radar,9,64,39,10,122,0,17,104,0,121,9,81,143,10,243,118,0,118,361
08/10/2005,EUG,OR,ANM,WE,Combined TRACON& Tower with Radar,10,74,52,0,136,0,10,107,0,117,10,84,159,0,253,198,0,198,451
08/11/2005,EUG,OR,ANM,WE,Combined TRACON& Tower with Radar,10,61,31,4,106,0,0,109,1,110,10,61,140,5,216,112,2,114,330
08/12/2005,EUG,OR,ANM,WE,Combined TRACON& Tower with Radar,14,63,35,0,112,0,8,115,0,123,14,71,150,0,235,134,0,134,369
08/13/2005,EUG,OR,ANM,WE,Combined TRACON& Tower with Radar,11,50,26,2,89,0,2,85,0,87,11,52,111,2,176,76,0,76,252
08/14/2005,EUG,OR,ANM,WE,Combined TRACON& Tower with Radar,11,54,18,2,85,0,0,103,0,103,11,54,121,2,188,50,0,50,238
08/15/2005,EUG,OR,ANM,WE,Combined TRACON& Tower with Radar,11,51,52,2,116,0,16,114,0,130,11,67,166,2,246,72,0,72,318
08/16/2005,EUG,OR,ANM,WE,Combined TRACON& Tower with Radar,4,55,38,1,98,5,24,90,0,119,9,79,128,1,217,74,0,74,291
08/17/2005,EUG,OR,ANM,WE,Combined TRACON& Tower with Radar,10,74,59,2,145,0,7,112,0,119,10,81,171,2,264,152,0,152,416
08/18/2005,EUG,OR,ANM,WE,Combined TRACON& Tower with Radar,8,70,38,0,116,0,16,76,0,92,8,86,114,0,208,109,0,109,317
08/19/2005,EUG,OR,ANM,WE,Combined TRACON& Tower with Radar,8,71,35,0,114,0,0,144,0,144,8,71,179,0,258,86,0,86,344
08/20/2005,EUG,OR,ANM,WE,Combined TRACON& Tower with Radar,11,51,32,0,94,0,9,105,0,114,11,60,137,0,208,66,2,68,276
08/21/2005,EUG,OR,ANM,WE,Combined TRACON& Tower with Radar,10,51,21,6,88,0,0,57,0,57,10,51,78,6,145,16,0,16,161
08/22/2005,EUG,OR,ANM,WE,Combined TRACON& Tower with Radar,14,60,35,0,109,0,15,83,0,98,14,75,118,0,207,104,0,104,311
08/23/2005,EUG,OR,ANM,WE,Combined TRACON& Tower with Radar,8,64,37,0,109,0,8,121,0,129,8,72,158,0,238,92,0,92,330
08/24/2005,EUG,OR,ANM,WE,Combined TRACON& Tower with Radar,10,71,33,2,116,0,0,115,0,115,10,71,148,2,231,90,0,90,321
08/25/2005,EUG,OR,ANM,WE,Combined TRACON& Tower with Radar,9,67,45,8,129,0,1,100,0,101,9,68,145,8,230,104,0,104,334
08/26/2005,EUG,OR,ANM,WE,Combined TRACON& Tower with Radar,8,65,42,0,115,0,5,116,0,121,8,70,158,0,236,102,0,102,338
08/27/2005,EUG,OR,ANM,WE,Combined TRACON& Tower with Radar,7,54,17,0,78,1,5,87,0,93,8,59,104,0,171,66,0,66,237
08/28/2005,EUG,OR,ANM,WE,Combined TRACON& Tower with Radar,10,50,23,4,87,0,0,48,11,59,10,50,71,15,146,36,40,76,222
08/29/2005,EUG,OR,ANM,WE,Combined TRACON& Tower with Radar,8,65,67,0,140,0,3,24,0,27,8,68,91,0,167,36,0,36,203
08/30/2005,EUG,OR,ANM,WE,Combined TRACON& Tower with Radar,10,67,41,0,118,0,2,58,0,60,10,69,99,0,178,94,0,94,272
08/31/2005,EUG,OR,ANM,WE,Combined TRACON& Tower with Radar,9,55,41,0,105,0,0,102,1,103,9,55,143,1,208,104,0,104,312
09/01/2005,EUG,OR,ANM,WE,Combined TRACON& Tower with Radar,6,64,15,4,89,0,6,125,0,131,6,70,140,4,220,126,0,126,346
09/02/2005,EUG,OR,ANM,WE,Combined TRACON& Tower with Radar,12,57,33,0,102,0,11,88,0,99,12,68,121,0,201,156,0,156,357
09/03/2005,EUG,OR,ANM,WE,Combined TRACON& Tower with Radar,12,45,14,0,71,0,5,92,0,97,12,50,106,0,168,116,0,116,284
09/04/2005,EUG,OR,ANM,WE,Combined TRACON& Tower with Radar,9,34,7,0,50,0,7,21,0,28,9,41,28,0,78,28,0,28,106
09/05/2005,EUG,OR,ANM,WE,Combined TRACON& Tower with Radar,9,49,30,0,88,0,0,50,0,50,9,49,80,0,138,56,0,56,194
09/06/2005,EUG,OR,ANM,WE,Combined TRACON& Tower with Radar,9,69,32,9,119,0,0,118,2,120,9,69,150,11,239,148,0,148,387
09/07/2005,EUG,OR,ANM,WE,Combined TRACON& Tower with Radar,10,63,14,0,87,0,9,130,0,139,10,72,144,0,226,114,0,114,340
09/08/2005,EUG,OR,ANM,WE,Combined TRACON& Tower with Radar,11,61,28,0,100,0,2,103,0,105,11,63,131,0,205,46,0,46,251
09/09/2005,EUG,OR,ANM,WE,Combined TRACON& Tower with Radar,12,55,57,2,126,0,0,49,0,49,12,55,106,2,175,62,14,76,251
09/10/2005,EUG,OR,ANM,WE,Combined TRACON& Tower with Radar,12,41,22,0,75,0,0,19,0,19,12,41,41,0,94,4,0,4,98
09/11/2005,EUG,OR,ANM,WE,Combined TRACON& Tower with Radar,9,46,25,2,82,0,2,32,0,34,9,48,57,2,116,2,0,2,118
09/12/2005,EUG,OR,ANM,WE,Combined TRACON& Tower with Radar,13,54,23,4,94,0,0,47,0,47,13,54,70,4,141,14,0,14,155
09/13/2005,EUG,OR,ANM,WE,Combined TRACON& Tower with Radar,12,57,32,1,102,0,5,63,1,69,12,62,95,2,171,72,0,72,243
09/14/2005,EUG,OR,ANM,WE,Combined TRACON& Tower with Radar,11,58,79,0,148,0,0,0,0,0,11,58,79,0,148,68,2,70,218
09/15/2005,EUG,OR,ANM,WE,Combined TRACON& Tower with Radar,17,52,27,0,96,0,0,65,0,65,17,52,92,0,161,32,0,32,193
09/16/2005,EUG,OR,ANM,WE,Combined TRACON& Tower with Radar,14,59,39,9,121,0,0,13,3,16,14,59,52,12,137,8,2,10,147
09/17/2005,EUG,OR,ANM,WE,Combined TRACON& Tower with Radar,18,46,50,0,114,0,0,35,2,37,18,46,85,2,151,68,0,68,219
09/18/2005,EUG,OR,ANM,WE,Combined TRACON& Tower with Radar,15,32,23,0,70,0,8,66,0,74,15,40,89,0,144,10,0,10,154
09/19/2005,EUG,OR,ANM,WE,Combined TRACON& Tower with Radar,16,51,10,0,77,1,5,69,56,131,17,56,79,56,208,56,0,56,264
09/20/2005,EUG,OR,ANM,WE,Combined TRACON& Tower with Radar,13,58,26,0,97,1,4,98,0,103,14,62,124,0,200,46,0,46,246
09/21/2005,EUG,OR,ANM,WE,Combined TRACON& Tower with Radar,12,62,21,0,95,0,1,79,0,80,12,63,100,0,175,32,0,32,207
09/22/2005,EUG,OR,ANM,WE,Combined TRACON& Tower with Radar,12,48,26,0,86,0,6,62,0,68,12,54,88,0,154,22,0,22,176
09/23/2005,EUG,OR,ANM,WE,Combined TRACON& Tower with Radar,15,59,15,6,95,0,8,0,0,8,15,67,15,6,103,33,24,57,160
09/24/2005,EUG,OR,ANM,WE,Combined TRACON& Tower with Radar,13,44,40,0,97,0,0,0,0,0,13,44,40,0,97,6,0,6,103
09/25/2005,EUG,OR,ANM,WE,Combined TRACON& Tower with Radar,14,50,24,0,88,0,0,0,0,0,14,50,24,0,88,22,0,22,110
09/26/2005,EUG,OR,ANM,WE,Combined TRACON& Tower with Radar,9,58,24,5,96,0,5,101,0,106,9,63,125,5,202,42,16,58,260
09/27/2005,EUG,OR,ANM,WE,Combined TRACON& Tower with Radar,14,60,27,0,101,1,2,123,0,126,15,62,150,0,227,120,0,120,347
09/28/2005,EUG,OR,ANM,WE,Combined TRACON& Tower with Radar,10,60,25,4,99,0,0,145,2,147,10,60,170,6,246,58,0,58,304
09/29/2005,EUG,OR,ANM,WE,Combined TRACON& Tower with Radar,11,55,48,3,117,0,0,80,2,82,11,55,128,5,199,110,0,110,309
09/30/2005,EUG,OR,ANM,WE,Combined TRACON& Tower with Radar,16,56,57,3,132,1,0,56,0,57,17,56,113,3,189,84,0,84,273
10/01/2005,EUG,OR,ANM,WE,Combined TRACON& Tower with Radar,15,40,31,0,86,0,2,42,0,44,15,42,73,0,130,72,0,72,202
10/02/2005,EUG,OR,ANM,WE,Combined TRACON& Tower with Radar,9,33,18,0,60,0,7,10,0,17,9,40,28,0,77,0,0,0,77
10/03/2005,EUG,OR,ANM,WE,Combined TRACON& Tower with Radar,16,33,18,0,67,0,21,65,0,86,16,54,83,0,153,42,0,42,195
10/04/2005,EUG,OR,ANM,WE,Combined TRACON& Tower with Radar,11,53,44,0,108,0,0,97,110,207,11,53,141,110,315,0,0,0,315
10/05/2005,EUG,OR,ANM,WE,Combined TRACON& Tower with Radar,12,57,41,6,116,0,0,88,1,89,12,57,129,7,205,44,0,44,249
10/06/2005,EUG,OR,ANM,WE,Combined TRACON& Tower with Radar,8,50,39,0,97,0,0,92,0,92,8,50,131,0,189,112,0,112,301
10/07/2005,EUG,OR,ANM,WE,Combined TRACON& Tower with Radar,15,54,41,7,117,0,2,87,0,89,15,56,128,7,206,92,0,92,298
10/08/2005,EUG,OR,ANM,WE,Combined TRACON& Tower with Radar,11,43,24,6,84,0,0,25,0,25,11,43,49,6,109,24,14,38,147
10/09/2005,EUG,OR,ANM,WE,Combined TRACON& Tower with Radar,10,46,22,0,78,0,3,37,0,40,10,49,59,0,118,26,0,26,144
10/10/2005,EUG,OR,ANM,WE,Combined TRACON& Tower with Radar,12,58,31,0,101,0,0,111,0,111,12,58,142,0,212,66,0,66,278
10/11/2005,EUG,OR,ANM,WE,Combined TRACON& Tower with Radar,8,65,34,4,111,0,0,74,0,74,8,65,108,4,185,146,0,146,331
10/12/2005,EUG,OR,ANM,WE,Combined TRACON& Tower with Radar,12,72,36,4,124,0,5,103,4,112,12,77,139,8,236,148,0,148,384
10/13/2005,EUG,OR,ANM,WE,Combined TRACON& Tower with Radar,12,54,41,2,109,0,0,58,0,58,12,54,99,2,167,92,0,92,259
10/14/2005,EUG,OR,ANM,WE,Combined TRACON& Tower with Radar,17,57,31,0,105,1,2,111,0,114,18,59,142,0,219,48,0,48,267
10/15/2005,EUG,OR,ANM,WE,Combined TRACON& Tower with Radar,13,42,40,0,95,0,0,0,2,2,13,42,40,2,97,8,0,8,105
10/16/2005,EUG,OR,ANM,WE,Combined TRACON& Tower with Radar,11,42,29,6,88,0,0,33,10,43,11,42,62,16,131,38,12,50,181
10/17/2005,EUG,OR,ANM,WE,Combined TRACON& Tower with Radar,10,58,35,2,105,1,1,80,0,82,11,59,115,2,187,84,0,84,271
10/18/2005,EUG,OR,ANM,WE,Combined TRACON& Tower with Radar,11,66,58,2,137,0,0,20,0,20,11,66,78,2,157,52,0,52,209
10/19/2005,EUG,OR,ANM,WE,Combined TRACON& Tower with Radar,11,57,55,0,123,2,1,32,0,35,13,58,87,0,158,88,0,88,246
10/20/2005,EUG,OR,ANM,WE,Combined TRACON& Tower with Radar,15,60,29,5,109,2,8,95,5,110,17,68,124,10,219,148,0,148,367
10/21/2005,EUG,OR,ANM,WE,Combined TRACON& Tower with Radar,14,52,54,0,120,0,0,34,0,34,14,52,88,0,154,54,0,54,208
10/22/2005,EUG,OR,ANM,WE,Combined TRACON& Tower with Radar,12,43,21,0,76,0,8,73,2,83,12,51,94,2,159,42,0,42,201
10/23/2005,EUG,OR,ANM,WE,Combined TRACON& Tower with Radar,18,42,14,0,74,0,0,4,0,4,18,42,18,0,78,0,0,0,78
10/24/2005,EUG,OR,ANM,WE,Combined TRACON& Tower with Radar,13,69,61,0,143,0,0,22,0,22,13,69,83,0,165,180,0,180,345
10/25/2005,EUG,OR,ANM,WE,Combined TRACON& Tower with Radar,10,57,49,0,116,3,0,78,0,81,13,57,127,0,197,124,0,124,321
10/26/2005,EUG,OR,ANM,WE,Combined TRACON& Tower with Radar,11,45,35,0,91,0,36,86,0,122,11,81,121,0,213,162,3,165,378
10/27/2005,EUG,OR,ANM,WE,Combined TRACON& Tower with Radar,12,61,29,0,102,0,0,64,0,64,12,61,93,0,166,112,0,112,278
10/28/2005,EUG,OR,ANM,WE,Combined TRACON& Tower with Radar,13,55,61,0,129,3,0,59,0,62,16,55,120,0,191,238,0,238,429
10/29/2005,EUG,OR,ANM,WE,Combined TRACON& Tower with Radar,14,41,28,0,83,0,0,57,0,57,14,41,85,0,140,136,0,136,276
10/30/2005,EUG,OR,ANM,WE,Combined TRACON& Tower with Radar,13,42,14,0,69,0,0,61,0,61,13,42,75,0,130,10,0,10,140
10/31/2005,EUG,OR,ANM,WE,Combined TRACON& Tower with Radar,16,49,44,0,109,0,0,22,0,22,16,49,66,0,131,100,0,100,231
11/01/2005,EUG,OR,ANM,WE,Combined TRACON& Tower with Radar,20,59,55,0,134,0,6,7,0,13,20,65,62,0,147,40,0,40,187
11/02/2005,EUG,OR,ANM,WE,Combined TRACON& Tower with Radar,22,71,38,0,131,0,1,71,0,72,22,72,109,0,203,142,0,142,345
11/03/2005,EUG,OR,ANM,WE,Combined TRACON& Tower with Radar,14,56,41,0,111,0,3,7,0,10,14,59,48,0,121,20,0,20,141
11/04/2005,EUG,OR,ANM,WE,Combined TRACON& Tower with Radar,22,51,47,0,120,1,3,49,0,53,23,54,96,0,173,128,0,128,301
11/05/2005,EUG,OR,ANM,WE,Combined TRACON& Tower with Radar,20,45,57,0,122,0,0,3,0,3,20,45,60,0,125,22,0,22,147
11/06/2005,EUG,OR,ANM,WE,Combined TRACON& Tower with Radar,16,34,23,2,75,0,3,9,0,12,16,37,32,2,87,12,0,12,99
11/07/2005,EUG,OR,ANM,WE,Combined TRACON& Tower with Radar,18,42,5,0,65,0,11,88,0,99,18,53,93,0,164,94,0,94,258
11/08/2005,EUG,OR,ANM,WE,Combined TRACON& Tower with Radar,15,59,57,4,135,0,0,2,0,2,15,59,59,4,137,110,0,110,247
11/09/2005,EUG,OR,ANM,WE,Combined TRACON& Tower with Radar,19,45,54,4,122,1,0,76,0,77,20,45,130,4,199,106,0,106,305
11/10/2005,EUG,OR,ANM,WE,Combined TRACON& Tower with Radar,15,50,57,7,129,0,0,46,6,52,15,50,103,13,181,176,2,178,359
11/11/2005,EUG,OR,ANM,WE,Combined TRACON& Tower with Radar,24,42,42,0,108,0,0,16,0,16,24,42,58,0,124,14,0,14,138
11/12/2005,EUG,OR,ANM,WE,Combined TRACON& Tower with Radar,16,25,39,0,80,0,3,55,0,58,16,28,94,0,138,114,3,117,255
11/13/2005,EUG,OR,ANM,WE,Combined TRACON& Tower with Radar,20,33,26,8,87,0,0,0,0,0,20,33,26,8,87,0,0,0,87
11/14/2005,EUG,OR,ANM,WE,Combined TRACON& Tower with Radar,18,43,43,0,104,0,0,81,0,81,18,43,124,0,185,116,0,116,301
11/15/2005,EUG,OR,ANM,WE,Combined TRACON& Tower with Radar,20,58,51,1,130,0,0,74,0,74,20,58,125,1,204,166,0,166,370
11/16/2005,EUG,OR,ANM,WE,Combined TRACON& Tower with Radar,14,49,34,2,99,0,13,66,0,79,14,62,100,2,178,58,0,58,236
11/17/2005,EUG,OR,ANM,WE,Combined TRACON& Tower with Radar,17,40,44,6,107,0,0,10,0,10,17,40,54,6,117,36,1,37,154
11/18/2005,EUG,OR,ANM,WE,Combined TRACON& Tower with Radar,19,38,44,0,101,0,0,35,0,35,19,38,79,0,136,22,0,22,158
11/19/2005,EUG,OR,ANM,WE,Combined TRACON& Tower with Radar,20,30,30,0,80,0,0,5,0,5,20,30,35,0,85,0,0,0,85
11/20/2005,EUG,OR,ANM,WE,Combined TRACON& Tower with Radar,14,29,10,0,53,0,4,0,0,4,14,33,10,0,57,0,0,0,57
11/21/2005,EUG,OR,ANM,WE,Combined TRACON& Tower with Radar,15,56,62,0,133,0,0,6,0,6,15,56,68,0,139,96,0,96,235
11/22/2005,EUG,OR,ANM,WE,Combined TRACON& Tower with Radar,20,48,52,1,121,0,10,49,0,59,20,58,101,1,180,64,0,64,244
11/23/2005,EUG,OR,ANM,WE,Combined TRACON& Tower with Radar,18,47,64,0,129,0,2,62,1,65,18,49,126,1,194,56,0,56,250
11/24/2005,EUG,OR,ANM,WE,Combined TRACON& Tower with Radar,16,24,1,0,41,0,0,0,0,0,16,24,1,0,41,0,0,0,41
11/25/2005,EUG,OR,ANM,WE,Combined TRACON& Tower with Radar,18,39,7,0,64,0,2,2,0,4,18,41,9,0,68,0,0,0,68
11/26/2005,EUG,OR,ANM,WE,Combined TRACON& Tower with Radar,20,35,24,0,79,0,2,67,0,69,20,37,91,0,148,78,0,78,226
11/27/2005,EUG,OR,ANM,WE,Combined TRACON& Tower with Radar,16,34,50,1,101,0,7,21,0,28,16,41,71,1,129,12,2,14,143
11/28/2005,EUG,OR,ANM,WE,Combined TRACON& Tower with Radar,19,51,28,1,99,0,0,11,0,11,19,51,39,1,110,2,0,2,112
11/29/2005,EUG,OR,ANM,WE,Combined TRACON& Tower with Radar,20,51,52,3,126,0,0,11,0,11,20,51,63,3,137,28,0,28,165
11/30/2005,EUG,OR,ANM,WE,Combined TRACON& Tower with Radar,20,52,39,0,111,0,0,75,0,75,20,52,114,0,186,110,0,110,296
12/01/2005,EUG,OR,ANM,WE,Combined TRACON& Tower with Radar,16,36,51,11,114,0,0,16,6,22,16,36,67,17,136,116,16,132,268
12/02/2005,EUG,OR,ANM,WE,Combined TRACON& Tower with Radar,16,46,19,0,81,0,0,13,0,13,16,46,32,0,94,60,2,62,156
12/03/2005,EUG,OR,ANM,WE,Combined TRACON& Tower with Radar,14,27,40,12,93,0,4,47,0,51,14,31,87,12,144,120,0,120,264
12/04/2005,EUG,OR,ANM,WE,Combined TRACON& Tower with Radar,17,35,19,0,71,0,0,5,0,5,17,35,24,0,76,4,0,4,80
12/05/2005,EUG,OR,ANM,WE,Combined TRACON& Tower with Radar,18,63,82,2,165,0,0,0,0,0,18,63,82,2,165,4,2,6,171
12/06/2005,EUG,OR,ANM,WE,Combined TRACON& Tower with Radar,20,58,79,0,157,0,0,0,0,0,20,58,79,0,157,0,0,0,157
12/07/2005,EUG,OR,ANM,WE,Combined TRACON& Tower with Radar,19,48,32,0,99,2,5,53,0,60,21,53,85,0,159,162,0,162,321
12/08/2005,EUG,OR,ANM,WE,Combined TRACON& Tower with Radar,17,52,51,0,120,0,1,103,0,104,17,53,154,0,224,160,0,160,384
12/09/2005,EUG,OR,ANM,WE,Combined TRACON& Tower with Radar,13,62,39,26,140,0,0,67,3,70,13,62,106,29,210,54,0,54,264
12/10/2005,EUG,OR,ANM,WE,Combined TRACON& Tower with Radar,18,34,19,0,71,1,6,44,0,51,19,40,63,0,122,26,0,26,148
12/11/2005,EUG,OR,ANM,WE,Combined TRACON& Tower with Radar,20,37,11,1,69,0,0,25,0,25,20,37,36,1,94,16,0,16,110
12/12/2005,EUG,OR,ANM,WE,Combined TRACON& Tower with Radar,17,55,30,0,102,0,2,8,0,10,17,57,38,0,112,50,0,50,162
12/13/2005,EUG,OR,ANM,WE,Combined TRACON& Tower with Radar,16,36,16,0,68,0,0,0,0,0,16,36,16,0,68,0,0,0,68
12/14/2005,EUG,OR,ANM,WE,Combined TRACON& Tower with Radar,17,58,39,1,115,0,0,0,0,0,17,58,39,1,115,0,0,0,115
12/15/2005,EUG,OR,ANM,WE,Combined TRACON& Tower with Radar,10,64,46,0,120,0,0,3,0,3,10,64,49,0,123,18,4,22,145
12/16/2005,EUG,OR,ANM,WE,Combined TRACON& Tower with Radar,10,52,18,2,82,0,1,35,2,38,10,53,53,4,120,8,0,8,128
12/17/2005,EUG,OR,ANM,WE,Combined TRACON& Tower with Radar,14,35,23,0,72,0,0,32,0,32,14,35,55,0,104,70,0,70,174
12/18/2005,EUG,OR,ANM,WE,Combined TRACON& Tower with Radar,14,20,10,0,44,0,0,5,0,5,14,20,15,0,49,0,0,0,49
12/19/2005,EUG,OR,ANM,WE,Combined TRACON& Tower with Radar,15,64,15,0,94,0,0,0,0,0,15,64,15,0,94,0,0,0,94
12/20/2005,EUG,OR,ANM,WE,Combined TRACON& Tower with Radar,12,55,23,9,99,0,0,21,0,21,12,55,44,9,120,56,10,66,186
12/21/2005,EUG,OR,ANM,WE,Combined TRACON& Tower with Radar,18,54,26,0,98,0,0,2,0,2,18,54,28,0,100,12,0,12,112
12/22/2005,EUG,OR,ANM,WE,Combined TRACON& Tower with Radar,15,55,44,2,116,0,0,4,0,4,15,55,48,2,120,40,0,40,160
12/23/2005,EUG,OR,ANM,WE,Combined TRACON& Tower with Radar,13,63,29,0,105,0,0,34,0,34,13,63,63,0,139,34,0,34,173
12/24/2005,EUG,OR,ANM,WE,Combined TRACON& Tower with Radar,12,32,6,0,50,0,4,24,0,28,12,36,30,0,78,16,0,16,94
12/25/2005,EUG,OR,ANM,WE,Combined TRACON& Tower with Radar,12,29,7,0,48,0,0,11,3,14,12,29,18,3,62,4,2,6,68
12/26/2005,EUG,OR,ANM,WE,Combined TRACON& Tower with Radar,16,45,14,0,75,0,0,15,2,17,16,45,29,2,92,16,0,16,108
12/27/2005,EUG,OR,ANM,WE,Combined TRACON& Tower with Radar,18,57,34,2,111,0,0,0,0,0,18,57,34,2,111,0,4,4,115
12/28/2005,EUG,OR,ANM,WE,Combined TRACON& Tower with Radar,20,59,22,19,120,0,0,4,0,4,20,59,26,19,124,12,0,12,136
12/29/2005,EUG,OR,ANM,WE,Combined TRACON& Tower with Radar,12,48,18,0,78,0,0,22,0,22,12,48,40,0,100,14,0,14,114
12/30/2005,EUG,OR,ANM,WE,Combined TRACON& Tower with Radar,22,50,23,0,95,1,0,7,0,8,23,50,30,0,103,28,4,32,135
12/31/2005,EUG,OR,ANM,WE,Combined TRACON& Tower with Radar,14,32,15,0,61,0,0,0,0,0,14,32,15,0,61,12,0,12,73
01/01/2006,EUG,OR,ANM,WE,Combined TRACON& Tower with Radar,12,26,8,0,46,0,2,4,0,6,12,28,12,0,52,10,0,10,62
01/02/2006,EUG,OR,ANM,WE,Combined TRACON& Tower with Radar,16,38,22,0,76,0,0,26,0,26,16,38,48,0,102,46,0,46,148
01/03/2006,EUG,OR,ANM,WE,Combined TRACON& Tower with Radar,13,51,13,4,81,0,0,12,0,12,13,51,25,4,93,4,2,6,99
01/04/2006,EUG,OR,ANM,WE,Combined TRACON& Tower with Radar,11,52,27,4,94,5,0,40,2,47,16,52,67,6,141,2,8,10,151
01/05/2006,EUG,OR,ANM,WE,Combined TRACON& Tower with Radar,12,46,14,0,72,0,0,33,1,34,12,46,47,1,106,66,1,67,173
01/06/2006,EUG,OR,ANM,WE,Combined TRACON& Tower with Radar,14,55,22,0,91,0,0,0,0,0,14,55,22,0,91,2,5,7,98
01/07/2006,EUG,OR,ANM,WE,Combined TRACON& Tower with Radar,21,30,8,0,59,0,2,5,0,7,21,32,13,0,66,0,0,0,66
01/08/2006,EUG,OR,ANM,WE,Combined TRACON& Tower with Radar,14,46,16,0,76,0,0,7,0,7,14,46,23,0,83,2,0,2,85
01/09/2006,EUG,OR,ANM,WE,Combined TRACON& Tower with Radar,13,48,25,2,88,0,3,25,0,28,13,51,50,2,116,62,0,62,178
01/10/2006,EUG,OR,ANM,WE,Combined TRACON& Tower with Radar,12,56,37,0,105,0,0,6,0,6,12,56,43,0,111,42,0,42,153
01/11/2006,EUG,OR,ANM,WE,Combined TRACON& Tower with Radar,12,54,24,2,92,0,4,48,0,52,12,58,72,2,144,58,0,58,202
01/12/2006,EUG,OR,ANM,WE,Combined TRACON& Tower with Radar,14,56,34,1,105,0,2,33,1,36,14,58,67,2,141,74,0,74,215
01/13/2006,EUG,OR,ANM,WE,Combined TRACON& Tower with Radar,13,46,24,16,99,2,4,43,122,171,15,50,67,138,270,16,12,28,298
01/14/2006,EUG,OR,ANM,WE,Combined TRACON& Tower with Radar,12,30,20,0,62,0,5,30,0,35,12,35,50,0,97,18,0,18,115
01/15/2006,EUG,OR,ANM,WE,Combined TRACON& Tower with Radar,17,38,39,0,94,0,0,35,0,35,17,38,74,0,129,30,0,30,159
01/16/2006,EUG,OR,ANM,WE,Combined TRACON& Tower with Radar,11,47,14,0,72,0,0,11,0,11,11,47,25,0,83,54,0,54,137
01/17/2006,EUG,OR,ANM,WE,Combined TRACON& Tower with Radar,15,50,26,12,103,2,0,7,4,13,17,50,33,16,116,16,0,16,132
01/18/2006,EUG,OR,ANM,WE,Combined TRACON& Tower with Radar,14,59,28,3,104,0,0,40,0,40,14,59,68,3,144,14,0,14,158
01/19/2006,EUG,OR,ANM,WE,Combined TRACON& Tower with Radar,14,54,39,7,114,0,0,23,9,32,14,54,62,16,146,96,0,96,242
01/20/2006,EUG,OR,ANM,WE,Combined TRACON& Tower with Radar,15,53,20,0,88,0,0,34,0,34,15,53,54,0,122,48,2,50,172
01/21/2006,EUG,OR,ANM,WE,Combined TRACON& Tower with Radar,17,36,19,2,74,0,0,51,3,54,17,36,70,5,128,46,0,46,174
01/22/2006,EUG,OR,ANM,WE,Combined TRACON& Tower with Radar,14,38,12,0,64,0,0,32,0,32,14,38,44,0,96,54,0,54,150
01/23/2006,EUG,OR,ANM,WE,Combined TRACON& Tower with Radar,15,41,22,0,78,0,0,0,0,0,15,41,22,0,78,0,0,0,78
01/24/2006,EUG,OR,ANM,WE,Combined TRACON& Tower with Radar,17,49,39,2,107,0,0,21,0,21,17,49,60,2,128,8,0,8,136
01/25/2006,EUG,OR,ANM,WE,Combined TRACON& Tower with Radar,15,60,35,6,116,1,0,33,0,34,16,60,68,6,150,44,0,44,194
01/26/2006,EUG,OR,ANM,WE,Combined TRACON& Tower with Radar,16,50,28,5,99,2,2,61,1,66,18,52,89,6,165,88,0,88,253
01/27/2006,EUG,OR,ANM,WE,Combined TRACON& Tower with Radar,16,50,30,0,96,0,0,39,0,39,16,50,69,0,135,118,0,118,253
01/28/2006,EUG,OR,ANM,WE,Combined TRACON& Tower with Radar,12,35,43,0,90,0,0,17,0,17,12,35,60,0,107,44,0,44,151
01/29/2006,EUG,OR,ANM,WE,Combined TRACON& Tower with Radar,13,38,9,0,60,0,9,1,0,10,13,47,10,0,70,0,0,0,70
01/30/2006,EUG,OR,ANM,WE,Combined TRACON& Tower with Radar,16,56,31,2,105,0,0,39,0,39,16,56,70,2,144,58,36,94,238
01/31/2006,EUG,OR,ANM,WE,Combined TRACON& Tower with Radar,10,56,43,0,109,0,2,9,0,11,10,58,52,0,120,50,0,50,170
02/01/2006,EUG,OR,ANM,WE,Combined TRACON& Tower with Radar,16,54,43,6,119,0,5,95,0,100,16,59,138,6,219,146,0,146,365
02/02/2006,EUG,OR,ANM,WE,Combined TRACON& Tower with Radar,13,54,36,6,109,0,0,12,10,22,13,54,48,16,131,132,0,132,263
02/03/2006,EUG,OR,ANM,WE,Combined TRACON& Tower with Radar,15,49,24,0,88,0,0,66,0,66,15,49,90,0,154,168,0,168,322
02/04/2006,EUG,OR,ANM,WE,Combined TRACON& Tower with Radar,17,34,2,0,53,0,0,8,0,8,17,34,10,0,61,42,0,42,103
02/05/2006,EUG,OR,ANM,WE,Combined TRACON& Tower with Radar,20,40,9,0,69,0,0,20,0,20,20,40,29,0,89,22,0,22,111
02/06/2006,EUG,OR,ANM,WE,Combined TRACON& Tower with Radar,15,58,34,0,107,0,0,73,0,73,15,58,107,0,180,180,0,180,360
02/07/2006,EUG,OR,ANM,WE,Combined TRACON& Tower with Radar,18,55,38,3,114,0,1,112,0,113,18,56,150,3,227,180,0,180,407
02/08/2006,EUG,OR,ANM,WE,Combined TRACON& Tower with Radar,17,54,51,9,131,0,4,83,0,87,17,58,134,9,218,214,26,240,458
02/09/2006,EUG,OR,ANM,WE,Combined TRACON& Tower with Radar,18,54,31,5,108,0,10,122,13,145,18,64,153,18,253,134,24,158,411
02/10/2006,EUG,OR,ANM,WE,Combined TRACON& Tower with Radar,18,57,33,2,110,0,4,100,0,104,18,61,133,2,214,130,20,150,364
02/11/2006,EUG,OR,ANM,WE,Combined TRACON& Tower with Radar,13,33,19,0,65,0,0,99,0,99,13,33,118,0,164,154,0,154,318
02/12/2006,EUG,OR,ANM,WE,Combined TRACON& Tower with Radar,15,40,30,0,85,0,0,71,0,71,15,40,101,0,156,54,2,56,212
02/13/2006,EUG,OR,ANM,WE,Combined TRACON& Tower with Radar,16,57,41,3,117,0,9,9,2,20,16,66,50,5,137,52,10,62,199
02/14/2006,EUG,OR,ANM,WE,Combined TRACON& Tower with Radar,14,46,22,0,82,0,0,30,0,30,14,46,52,0,112,70,2,72,184
02/15/2006,EUG,OR,ANM,WE,Combined TRACON& Tower with Radar,16,41,33,12,102,0,12,56,0,68,16,53,89,12,170,84,0,84,254
02/16/2006,EUG,OR,ANM,WE,Combined TRACON& Tower with Radar,15,49,34,4,102,0,8,98,12,118,15,57,132,16,220,130,0,130,350
02/17/2006,EUG,OR,ANM,WE,Combined TRACON& Tower with Radar,14,55,40,0,109,1,1,54,0,56,15,56,94,0,165,110,0,110,275
02/18/2006,EUG,OR,ANM,WE,Combined TRACON& Tower with Radar,14,39,26,0,79,0,2,91,0,93,14,41,117,0,172,90,0,90,262
02/19/2006,EUG,OR,ANM,WE,Combined TRACON& Tower with Radar,17,33,10,0,60,0,3,48,0,51,17,36,58,0,111,52,0,52,163
02/20/2006,EUG,OR,ANM,WE,Combined TRACON& Tower with Radar,13,48,29,0,90,0,0,27,0,27,13,48,56,0,117,38,0,38,155
02/21/2006,EUG,OR,ANM,WE,Combined TRACON& Tower with Radar,15,51,50,2,118,0,0,67,0,67,15,51,117,2,185,146,2,148,333
02/22/2006,EUG,OR,ANM,WE,Combined TRACON& Tower with Radar,16,58,31,4,109,0,1,97,0,98,16,59,128,4,207,188,0,188,395
02/23/2006,EUG,OR,ANM,WE,Combined TRACON& Tower with Radar,17,48,45,2,112,0,2,40,0,42,17,50,85,2,154,130,0,130,284
02/24/2006,EUG,OR,ANM,WE,Combined TRACON& Tower with Radar,15,48,30,0,93,0,9,100,0,109,15,57,130,0,202,128,0,128,330
02/25/2006,EUG,OR,ANM,WE,Combined TRACON& Tower with Radar,13,35,21,0,69,0,4,72,0,76,13,39,93,0,145,94,0,94,239
02/26/2006,EUG,OR,ANM,WE,Combined TRACON& Tower with Radar,13,36,15,0,64,0,4,19,0,23,13,40,34,0,87,32,0,32,119
02/27/2006,EUG,OR,ANM,WE,Combined TRACON& Tower with Radar,14,48,32,0,94,0,0,36,0,36,14,48,68,0,130,96,0,96,226
02/28/2006,EUG,OR,ANM,WE,Combined TRACON& Tower with Radar,14,47,31,13,105,1,0,18,1,20,15,47,49,14,125,64,0,64,189
03/01/2006,EUG,OR,ANM,WE,Combined TRACON& Tower with Radar,17,59,33,2,111,0,0,105,0,105,17,59,138,2,216,78,2,80,296
03/02/2006,EUG,OR,ANM,WE,Combined TRACON& Tower with Radar,14,52,29,4,99,0,0,26,0,26,14,52,55,4,125,72,0,72,197
03/03/2006,EUG,OR,ANM,WE,Combined TRACON& Tower with Radar,14,48,38,8,108,0,2,58,0,60,14,50,96,8,168,116,0,116,284
03/04/2006,EUG,OR,ANM,WE,Combined TRACON& Tower with Radar,16,30,33,0,79,2,0,80,1,83,18,30,113,1,162,46,0,46,208
03/05/2006,EUG,OR,ANM,WE,Combined TRACON& Tower with Radar,14,34,17,0,65,0,4,30,0,34,14,38,47,0,99,36,0,36,135
03/06/2006,EUG,OR,ANM,WE,Combined TRACON& Tower with Radar,17,58,33,6,114,1,0,22,0,23,18,58,55,6,137,18,0,18,155
03/07/2006,EUG,OR,ANM,WE,Combined TRACON& Tower with Radar,14,51,43,11,119,1,0,32,73,106,15,51,75,84,225,18,0,18,243
03/08/2006,EUG,OR,ANM,WE,Combined TRACON& Tower with Radar,17,61,54,0,132,0,0,30,0,30,17,61,84,0,162,32,0,32,194
03/09/2006,EUG,OR,ANM,WE,Combined TRACON& Tower with Radar,15,56,23,0,94,2,0,12,1,15,17,56,35,1,109,52,0,52,161
03/10/2006,EUG,OR,ANM,WE,Combined TRACON& Tower with Radar,14,42,20,0,76,0,0,11,0,11,14,42,31,0,87,14,2,16,103
03/11/2006,EUG,OR,ANM,WE,Combined TRACON& Tower with Radar,16,32,20,0,68,0,0,91,0,91,16,32,111,0,159,136,0,136,295
03/12/2006,EUG,OR,ANM,WE,Combined TRACON& Tower with Radar,13,34,18,0,65,0,0,47,0,47,13,34,65,0,112,22,0,22,134
03/13/2006,EUG,OR,ANM,WE,Combined TRACON& Tower with Radar,13,43,28,0,84,0,2,45,2,49,13,45,73,2,133,52,0,52,185
03/14/2006,EUG,OR,ANM,WE,Combined TRACON& Tower with Radar,18,48,32,0,98,2,0,47,0,49,20,48,79,0,147,88,0,88,235
03/15/2006,EUG,OR,ANM,WE,Combined TRACON& Tower with Radar,18,49,37,0,104,0,9,49,0,58,18,58,86,0,162,120,0,120,282
03/16/2006,EUG,OR,ANM,WE,Combined TRACON& Tower with Radar,14,47,27,2,90,0,0,25,0,25,14,47,52,2,115,38,0,38,153
03/17/2006,EUG,OR,ANM,WE,Combined TRACON& Tower with Radar,15,50,60,0,125,0,2,41,0,43,15,52,101,0,168,98,0,98,266
03/18/2006,EUG,OR,ANM,WE,Combined TRACON& Tower with Radar,16,37,22,0,75,0,0,55,0,55,16,37,77,0,130,66,0,66,196
03/19/2006,EUG,OR,ANM,WE,Combined TRACON& Tower with Radar,15,38,25,0,78,0,0,77,0,77,15,38,102,0,155,78,0,78,233
03/20/2006,EUG,OR,ANM,WE,Combined TRACON& Tower with Radar,21,55,37,0,113,0,0,48,0,48,21,55,85,0,161,130,0,130,291
03/21/2006,EUG,OR,ANM,WE,Combined TRACON& Tower with Radar,17,48,32,2,99,2,0,27,0,29,19,48,59,2,128,28,0,28,156
03/22/2006,EUG,OR,ANM,WE,Combined TRACON& Tower with Radar,18,54,38,0,110,0,7,106,10,123,18,61,144,10,233,136,0,136,369
03/23/2006,EUG,OR,ANM,WE,Combined TRACON& Tower with Radar,14,49,30,8,101,0,6,82,0,88,14,55,112,8,189,116,2,118,307
03/24/2006,EUG,OR,ANM,WE,Combined TRACON& Tower with Radar,14,46,44,0,104,0,7,14,0,21,14,53,58,0,125,80,0,80,205
03/25/2006,EUG,OR,ANM,WE,Combined TRACON& Tower with Radar,17,33,31,0,81,0,0,0,0,0,17,33,31,0,81,0,0,0,81
03/26/2006,EUG,OR,ANM,WE,Combined TRACON& Tower with Radar,15,40,17,2,74,0,0,47,0,47,15,40,64,2,121,40,0,40,161
03/27/2006,EUG,OR,ANM,WE,Combined TRACON& Tower with Radar,16,52,20,4,92,0,0,0,0,0,16,52,20,4,92,68,0,68,160
03/28/2006,EUG,OR,ANM,WE,Combined TRACON& Tower with Radar,14,47,19,1,81,0,0,46,0,46,14,47,65,1,127,48,0,48,175
03/29/2006,EUG,OR,ANM,WE,Combined TRACON& Tower with Radar,14,63,25,3,105,0,2,38,3,43,14,65,63,6,148,740,20,760,908
03/30/2006,EUG,OR,ANM,WE,Combined TRACON& Tower with Radar,15,54,25,0,94,3,0,7,0,10,18,54,32,0,104,66,0,66,170
03/31/2006,EUG,OR,ANM,WE,Combined TRACON& Tower with Radar,15,49,14,0,78,0,0,10,0,10,15,49,24,0,88,22,0,22,110
04/01/2006,EUG,OR,ANM,WE,Combined TRACON& Tower with Radar,15,36,22,0,73,0,0,16,1,17,15,36,38,1,90,2,0,2,92
04/02/2006,EUG,OR,ANM,WE,Combined TRACON& Tower with Radar,17,42,17,0,76,0,3,18,0,21,17,45,35,0,97,26,0,26,123
04/03/2006,EUG,OR,ANM,WE,Combined TRACON& Tower with Radar,13,55,17,0,85,0,10,58,1,69,13,65,75,1,154,84,0,84,238
04/04/2006,EUG,OR,ANM,WE,Combined TRACON& Tower with Radar,13,56,37,2,108,0,0,66,0,66,13,56,103,2,174,82,0,82,256
04/05/2006,EUG,OR,ANM,WE,Combined TRACON& Tower with Radar,15,59,33,0,107,0,5,99,2,106,15,64,132,2,213,134,2,136,349
04/06/2006,EUG,OR,ANM,WE,Combined TRACON& Tower with Radar,16,61,39,0,116,1,0,64,0,65,17,61,103,0,181,110,0,110,291
04/07/2006,EUG,OR,ANM,WE,Combined TRACON& Tower with Radar,16,60,31,0,107,0,0,125,3,128,16,60,156,3,235,134,0,134,369
04/08/2006,EUG,OR,ANM,WE,Combined TRACON& Tower with Radar,17,33,28,0,78,0,0,56,0,56,17,33,84,0,134,74,0,74,208
04/09/2006,EUG,OR,ANM,WE,Combined TRACON& Tower with Radar,16,38,24,0,78,0,4,1,0,5,16,42,25,0,83,0,0,0,83
04/10/2006,EUG,OR,ANM,WE,Combined TRACON& Tower with Radar,15,58,36,8,117,0,0,48,0,48,15,58,84,8,165,68,0,68,233
04/11/2006,EUG,OR,ANM,WE,Combined TRACON& Tower with Radar,13,55,29,0,97,0,3,56,0,59,13,58,85,0,156,60,0,60,216
04/12/2006,EUG,OR,ANM,WE,Combined TRACON& Tower with Radar,14,64,61,2,141,0,10,60,0,70,14,74,121,2,211,148,3,151,362
04/13/2006,EUG,OR,ANM,WE,Combined TRACON& Tower with Radar,16,54,42,0,112,0,0,104,0,104,16,54,146,0,216,148,0,148,364
04/14/2006,EUG,OR,ANM,WE,Combined TRACON& Tower with Radar,19,55,46,2,122,0,2,11,1,14,19,57,57,3,136,56,0,56,192
04/15/2006,EUG,OR,ANM,WE,Combined TRACON& Tower with Radar,17,33,8,0,58,0,0,9,0,9,17,33,17,0,67,4,0,4,71
04/16/2006,EUG,OR,ANM,WE,Combined TRACON& Tower with Radar,15,35,6,0,56,0,0,16,0,16,15,35,22,0,72,10,0,10,82
04/17/2006,EUG,OR,ANM,WE,Combined TRACON& Tower with Radar,17,56,40,2,115,0,0,75,0,75,17,56,115,2,190,72,0,72,262
04/18/2006,EUG,OR,ANM,WE,Combined TRACON& Tower with Radar,15,59,42,2,118,1,0,96,0,97,16,59,138,2,215,118,0,118,333
04/19/2006,EUG,OR,ANM,WE,Combined TRACON& Tower with Radar,16,61,44,2,123,0,1,129,0,130,16,62,173,2,253,184,0,184,437
04/20/2006,EUG,OR,ANM,WE,Combined TRACON& Tower with Radar,16,54,34,2,106,0,10,130,0,140,16,64,164,2,246,194,0,194,440
04/21/2006,EUG,OR,ANM,WE,Combined TRACON& Tower with Radar,16,53,42,0,111,1,2,53,2,58,17,55,95,2,169,110,0,110,279
04/22/2006,EUG,OR,ANM,WE,Combined TRACON& Tower with Radar,11,33,14,0,58,5,0,89,0,94,16,33,103,0,152,76,0,76,228
04/23/2006,EUG,OR,ANM,WE,Combined TRACON& Tower with Radar,16,41,19,0,76,0,2,71,0,73,16,43,90,0,149,42,0,42,191
04/24/2006,EUG,OR,ANM,WE,Combined TRACON& Tower with Radar,16,59,20,0,95,1,3,118,0,122,17,62,138,0,217,158,0,158,375
04/25/2006,EUG,OR,ANM,WE,Combined TRACON& Tower with Radar,16,52,29,7,104,0,4,127,0,131,16,56,156,7,235,196,0,196,431
04/26/2006,EUG,OR,ANM,WE,Combined TRACON& Tower with Radar,14,55,34,4,107,0,5,133,0,138,14,60,167,4,245,176,0,176,421
04/27/2006,EUG,OR,ANM,WE,Combined TRACON& Tower with Radar,17,57,26,2,102,0,3,138,1,142,17,60,164,3,244,220,0,220,464
04/28/2006,EUG,OR,ANM,WE,Combined TRACON& Tower with Radar,16,56,24,1,97,0,2,147,0,149,16,58,171,1,246,180,2,182,428
04/29/2006,EUG,OR,ANM,WE,Combined TRACON& Tower with Radar,18,33,38,0,89,0,0,81,0,81,18,33,119,0,170,94,0,94,264
04/30/2006,EUG,OR,ANM,WE,Combined TRACON& Tower with Radar,13,50,11,0,74,0,0,63,0,63,13,50,74,0,137,48,0,48,185
05/01/2006,EUG,OR,ANM,WE,Combined TRACON& Tower with Radar,15,56,25,5,101,0,0,108,0,108,15,56,133,5,209,168,0,168,377
05/02/2006,EUG,OR,ANM,WE,Combined TRACON& Tower with Radar,14,61,15,2,92,0,0,119,0,119,14,61,134,2,211,110,0,110,321
05/03/2006,EUG,OR,ANM,WE,Combined TRACON& Tower with Radar,17,52,33,0,102,4,0,122,0,126,21,52,155,0,228,145,0,145,373
05/04/2006,EUG,OR,ANM,WE,Combined TRACON& Tower with Radar,18,43,24,4,89,0,8,119,0,127,18,51,143,4,216,198,0,198,414
05/05/2006,EUG,OR,ANM,WE,Combined TRACON& Tower with Radar,16,47,15,0,78,0,0,99,0,99,16,47,114,0,177,40,0,40,217
05/06/2006,EUG,OR,ANM,WE,Combined TRACON& Tower with Radar,16,42,22,0,80,0,0,83,0,83,16,42,105,0,163,136,0,136,299
05/07/2006,EUG,OR,ANM,WE,Combined TRACON& Tower with Radar,18,40,18,0,76,0,0,3,0,3,18,40,21,0,79,0,0,0,79
05/08/2006,EUG,OR,ANM,WE,Combined TRACON& Tower with Radar,18,46,27,9,100,0,9,98,2,109,18,55,125,11,209,242,12,254,463
05/09/2006,EUG,OR,ANM,WE,Combined TRACON& Tower with Radar,17,48,28,3,96,0,14,134,0,148,17,62,162,3,244,162,0,162,406
05/10/2006,EUG,OR,ANM,WE,Combined TRACON& Tower with Radar,17,56,29,2,104,0,2,147,0,149,17,58,176,2,253,198,0,198,451
05/11/2006,EUG,OR,ANM,WE,Combined TRACON& Tower with Radar,19,48,21,0,88,0,6,197,0,203,19,54,218,0,291,278,0,278,569
05/12/2006,EUG,OR,ANM,WE,Combined TRACON& Tower with Radar,19,51,32,0,102,0,5,105,0,110,19,56,137,0,212,266,0,266,478
05/13/2006,EUG,OR,ANM,WE,Combined TRACON& Tower with Radar,13,33,21,0,67,0,4,102,0,106,13,37,123,0,173,210,0,210,383
05/14/2006,EUG,OR,ANM,WE,Combined TRACON& Tower with Radar,17,33,16,0,66,0,0,61,0,61,17,33,77,0,127,6,0,6,133
05/15/2006,EUG,OR,ANM,WE,Combined TRACON& Tower with Radar,17,50,19,0,86,0,0,119,0,119,17,50,138,0,205,228,0,228,433
05/16/2006,EUG,OR,ANM,WE,Combined TRACON& Tower with Radar,17,54,25,0,96,3,5,134,3,145,20,59,159,3,241,214,2,216,457
05/17/2006,EUG,OR,ANM,WE,Combined TRACON& Tower with Radar,18,56,21,0,95,0,0,136,1,137,18,56,157,1,232,172,0,172,404
05/18/2006,EUG,OR,ANM,WE,Combined TRACON& Tower with Radar,19,48,21,5,93,0,1,115,1,117,19,49,136,6,210,200,0,200,410
05/19/2006,EUG,OR,ANM,WE,Combined TRACON& Tower with Radar,16,46,29,0,91,1,0,53,0,54,17,46,82,0,145,68,0,68,213
05/20/2006,EUG,OR,ANM,WE,Combined TRACON& Tower with Radar,16,35,23,0,74,0,3,66,0,69,16,38,89,0,143,126,0,126,269
05/21/2006,EUG,OR,ANM,WE,Combined TRACON& Tower with Radar,17,35,9,0,61,1,0,37,0,38,18,35,46,0,99,10,0,10,109
05/22/2006,EUG,OR,ANM,WE,Combined TRACON& Tower with Radar,30,44,51,0,125,0,7,44,0,51,30,51,95,0,176,90,0,90,266
05/23/2006,EUG,OR,ANM,WE,Combined TRACON& Tower with Radar,15,51,9,0,75,1,0,31,0,32,16,51,40,0,107,22,0,22,129
05/24/2006,EUG,OR,ANM,WE,Combined TRACON& Tower with Radar,17,57,39,12,125,0,7,79,6,92,17,64,118,18,217,194,8,202,419
05/25/2006,EUG,OR,ANM,WE,Combined TRACON& Tower with Radar,17,45,32,0,94,0,0,46,0,46,17,45,78,0,140,46,0,46,186
05/26/2006,EUG,OR,ANM,WE,Combined TRACON& Tower with Radar,18,48,41,6,113,0,8,66,2,76,18,56,107,8,189,108,0,108,297
05/27/2006,EUG,OR,ANM,WE,Combined TRACON& Tower with Radar,11,35,15,2,63,0,0,31,0,31,11,35,46,2,94,146,0,146,240
05/28/2006,EUG,OR,ANM,WE,Combined TRACON& Tower with Radar,14,34,18,0,66,0,0,14,0,14,14,34,32,0,80,0,0,0,80
05/29/2006,EUG,OR,ANM,WE,Combined TRACON& Tower with Radar,19,37,15,4,75,0,0,56,0,56,19,37,71,4,131,40,0,40,171
05/30/2006,EUG,OR,ANM,WE,Combined TRACON& Tower with Radar,15,51,23,0,89,0,8,124,0,132,15,59,147,0,221,132,0,132,353
05/31/2006,EUG,OR,ANM,WE,Combined TRACON& Tower with Radar,18,52,43,2,115,0,2,120,0,122,18,54,163,2,237,234,0,234,471
06/01/2006,EUG,OR,ANM,WE,Combined TRACON& Tower with Radar,19,63,71,0,153,0,0,1,0,1,19,63,72,0,154,56,0,56,210
06/02/2006,EUG,OR,ANM,WE,Combined TRACON& Tower with Radar,15,50,59,0,124,0,0,36,0,36,15,50,95,0,160,86,0,86,246
06/03/2006,EUG,OR,ANM,WE,Combined TRACON& Tower with Radar,14,37,48,0,99,0,4,102,0,106,14,41,150,0,205,176,0,176,381
06/04/2006,EUG,OR,ANM,WE,Combined TRACON& Tower with Radar,16,35,45,4,100,2,0,25,1,28,18,35,70,5,128,22,6,28,156
06/05/2006,EUG,OR,ANM,WE,Combined TRACON& Tower with Radar,20,60,48,0,128,0,10,103,0,113,20,70,151,0,241,178,0,178,419
06/06/2006,EUG,OR,ANM,WE,Combined TRACON& Tower with Radar,15,50,53,0,118,0,0,98,2,100,15,50,151,2,218,208,0,208,426
06/07/2006,EUG,OR,ANM,WE,Combined TRACON& Tower with Radar,18,66,55,2,141,0,3,110,0,113,18,69,165,2,254,204,0,204,458
06/08/2006,EUG,OR,ANM,WE,Combined TRACON& Tower with Radar,14,59,76,2,151,1,0,51,0,52,15,59,127,2,203,72,0,72,275
06/09/2006,EUG,OR,ANM,WE,Combined TRACON& Tower with Radar,14,60,49,4,127,0,0,82,0,82,14,60,131,4,209,154,0,154,363
06/10/2006,EUG,OR,ANM,WE,Combined TRACON& Tower with Radar,13,46,34,0,93,0,2,106,0,108,13,48,140,0,201,172,0,172,373
06/11/2006,EUG,OR,ANM,WE,Combined TRACON& Tower with Radar,18,39,19,0,76,0,2,77,0,79,18,41,96,0,155,72,0,72,227
06/12/2006,EUG,OR,ANM,WE,Combined TRACON& Tower with Radar,17,55,39,0,111,0,0,39,0,39,17,55,78,0,150,136,0,136,286
06/13/2006,EUG,OR,ANM,WE,Combined TRACON& Tower with Radar,17,65,37,5,124,0,4,44,0,48,17,69,81,5,172,174,18,192,364
06/14/2006,EUG,OR,ANM,WE,Combined TRACON& Tower with Radar,16,58,38,0,112,0,0,43,0,43,16,58,81,0,155,172,0,172,327
06/15/2006,EUG,OR,ANM,WE,Combined TRACON& Tower with Radar,16,55,26,2,99,1,2,82,0,85,17,57,108,2,184,184,0,184,368
06/16/2006,EUG,OR,ANM,WE,Combined TRACON& Tower with Radar,16,56,56,0,128,0,4,52,0,56,16,60,108,0,184,60,0,60,244
06/17/2006,EUG,OR,ANM,WE,Combined TRACON& Tower with Radar,14,40,18,0,72,2,0,71,0,73,16,40,89,0,145,80,0,80,225
06/18/2006,EUG,OR,ANM,WE,Combined TRACON& Tower with Radar,15,37,22,0,74,0,0,51,0,51,15,37,73,0,125,18,0,18,143
06/19/2006,EUG,OR,ANM,WE,Combined TRACON& Tower with Radar,17,59,10,0,86,0,0,48,0,48,17,59,58,0,134,22,0,22,156
06/20/2006,EUG,OR,ANM,WE,Combined TRACON& Tower with Radar,17,53,23,0,93,1,3,64,0,68,18,56,87,0,161,66,0,66,227
06/21/2006,EUG,OR,ANM,WE,Combined TRACON& Tower with Radar,16,67,23,0,106,0,2,94,0,96,16,69,117,0,202,52,0,52,254
06/22/2006,EUG,OR,ANM,WE,Combined TRACON& Tower with Radar,14,49,26,4,93,3,13,50,0,66,17,62,76,4,159,124,0,124,283
06/23/2006,EUG,OR,ANM,WE,Combined TRACON& Tower with Radar,13,59,29,0,101,0,3,119,0,122,13,62,148,0,223,66,0,66,289
06/24/2006,EUG,OR,ANM,WE,Combined TRACON& Tower with Radar,17,38,10,0,65,0,9,65,0,74,17,47,75,0,139,54,0,54,193
06/25/2006,EUG,OR,ANM,WE,Combined TRACON& Tower with Radar,17,37,20,0,74,0,3,45,0,48,17,40,65,0,122,26,0,26,148
06/26/2006,EUG,OR,ANM,WE,Combined TRACON& Tower with Radar,15,49,12,0,76,0,8,90,2,100,15,57,102,2,176,52,0,52,228
06/27/2006,EUG,OR,ANM,WE,Combined TRACON& Tower with Radar,14,61,31,2,108,0,0,126,0,126,14,61,157,2,234,112,0,112,346
06/28/2006,EUG,OR,ANM,WE,Combined TRACON& Tower with Radar,16,56,33,1,106,1,1,118,0,120,17,57,151,1,226,96,0,96,322
06/29/2006,EUG,OR,ANM,WE,Combined TRACON& Tower with Radar,15,63,42,4,124,0,6,109,0,115,15,69,151,4,239,148,8,156,395
06/30/2006,EUG,OR,ANM,WE,Combined TRACON& Tower with Radar,13,53,22,2,90,0,3,151,0,154,13,56,173,2,244,190,0,190,434
07/01/2006,EUG,OR,ANM,WE,Combined TRACON& Tower with Radar,14,45,12,0,71,0,7,92,0,99,14,52,104,0,170,114,0,114,284
07/02/2006,EUG,OR,ANM,WE,Combined TRACON& Tower with Radar,15,34,11,0,60,0,4,81,0,85,15,38,92,0,145,24,0,24,169
07/03/2006,EUG,OR,ANM,WE,Combined TRACON& Tower with Radar,11,45,15,0,71,0,9,85,0,94,11,54,100,0,165,90,0,90,255
07/04/2006,EUG,OR,ANM,WE,Combined TRACON& Tower with Radar,15,34,7,0,56,0,0,32,2,34,15,34,39,2,90,0,0,0,90
07/05/2006,EUG,OR,ANM,WE,Combined TRACON& Tower with Radar,16,55,46,9,126,0,1,50,1,52,16,56,96,10,178,54,10,64,242
07/06/2006,EUG,OR,ANM,WE,Combined TRACON& Tower with Radar,12,53,39,12,116,0,5,59,0,64,12,58,98,12,180,112,8,120,300
07/07/2006,EUG,OR,ANM,WE,Combined TRACON& Tower with Radar,16,44,29,0,89,0,11,169,2,182,16,55,198,2,271,76,0,76,347
07/08/2006,EUG,OR,ANM,WE,Combined TRACON& Tower with Radar,13,42,11,8,74,0,2,104,0,106,13,44,115,8,180,80,0,80,260
07/09/2006,EUG,OR,ANM,WE,Combined TRACON& Tower with Radar,19,41,20,0,80,0,0,65,0,65,19,41,85,0,145,14,0,14,159
07/10/2006,EUG,OR,ANM,WE,Combined TRACON& Tower with Radar,20,52,39,0,111,0,8,50,0,58,20,60,89,0,169,100,0,100,269
07/11/2006,EUG,OR,ANM,WE,Combined TRACON& Tower with Radar,18,62,28,16,124,0,4,73,0,77,18,66,101,16,201,154,0,154,355
07/12/2006,EUG,OR,ANM,WE,Combined TRACON& Tower with Radar,18,58,44,2,122,0,7,40,0,47,18,65,84,2,169,76,0,76,245
07/13/2006,EUG,OR,ANM,WE,Combined TRACON& Tower with Radar,16,71,53,0,140,0,0,128,0,128,16,71,181,0,268,138,0,138,406
07/14/2006,EUG,OR,ANM,WE,Combined TRACON& Tower with Radar,19,60,40,0,119,0,6,129,0,135,19,66,169,0,254,206,0,206,460
07/15/2006,EUG,OR,ANM,WE,Combined TRACON& Tower with Radar,12,41,35,2,90,3,0,65,0,68,15,41,100,2,158,94,0,94,252
07/16/2006,EUG,OR,ANM,WE,Combined TRACON& Tower with Radar,16,39,18,0,73,0,3,49,0,52,16,42,67,0,125,28,0,28,153
07/17/2006,EUG,OR,ANM,WE,Combined TRACON& Tower with Radar,13,49,18,2,82,0,0,93,0,93,13,49,111,2,175,102,16,118,293
07/18/2006,EUG,OR,ANM,WE,Combined TRACON& Tower with Radar,14,51,29,0,94,6,5,115,0,126,20,56,144,0,220,138,0,138,358
07/19/2006,EUG,OR,ANM,WE,Combined TRACON& Tower with Radar,15,53,39,0,107,0,2,139,0,141,15,55,178,0,248,198,0,198,446
07/20/2006,EUG,OR,ANM,WE,Combined TRACON& Tower with Radar,14,50,16,0,80,0,10,112,0,122,14,60,128,0,202,92,0,92,294
07/21/2006,EUG,OR,ANM,WE,Combined TRACON& Tower with Radar,17,52,25,6,100,0,12,107,0,119,17,64,132,6,219,90,0,90,309
07/22/2006,EUG,OR,ANM,WE,Combined TRACON& Tower with Radar,12,39,19,0,70,0,0,76,0,76,12,39,95,0,146,86,0,86,232
07/23/2006,EUG,OR,ANM,WE,Combined TRACON& Tower with Radar,17,47,9,0,73,0,2,72,0,74,17,49,81,0,147,20,0,20,167
07/24/2006,EUG,OR,ANM,WE,Combined TRACON& Tower with Radar,16,45,22,0,83,0,19,88,0,107,16,64,110,0,190,92,0,92,282
07/25/2006,EUG,OR,ANM,WE,Combined TRACON& Tower with Radar,15,51,18,0,84,1,10,123,2,136,16,61,141,2,220,158,0,158,378
07/26/2006,EUG,OR,ANM,WE,Combined TRACON& Tower with Radar,17,54,21,12,104,1,12,124,0,137,18,66,145,12,241,58,4,62,303
07/27/2006,EUG,OR,ANM,WE,Combined TRACON& Tower with Radar,16,58,19,8,101,0,5,95,0,100,16,63,114,8,201,124,10,134,335
07/28/2006,EUG,OR,ANM,WE,Combined TRACON& Tower with Radar,15,63,25,0,103,1,4,146,0,151,16,67,171,0,254,146,0,146,400
07/29/2006,EUG,OR,ANM,WE,Combined TRACON& Tower with Radar,15,52,26,0,93,0,1,59,0,60,15,53,85,0,153,82,0,82,235
07/30/2006,EUG,OR,ANM,WE,Combined TRACON& Tower with Radar,13,53,22,2,90,0,3,151,0,154,13,56,173,2,244,190,0,190,434
07/31/2006,EUG,OR,ANM,WE,Combined TRACON& Tower with Radar,15,71,18,6,110,0,0,64,0,64,15,71,82,6,174,120,16,136,310
08/01/2006,EUG,OR,ANM,WE,Combined TRACON& Tower with Radar,15,48,21,2,86,1,0,113,1,115,16,48,134,3,201,226,0,226,427
08/02/2006,EUG,OR,ANM,WE,Combined TRACON& Tower with Radar,15,57,9,4,85,0,2,108,5,115,15,59,117,9,200,84,8,92,292
08/03/2006,EUG,OR,ANM,WE,Combined TRACON& Tower with Radar,17,59,26,0,102,2,0,82,7,91,19,59,108,7,193,34,2,36,229
08/04/2006,EUG,OR,ANM,WE,Combined TRACON& Tower with Radar,16,64,36,0,116,0,0,119,0,119,16,64,155,0,235,122,0,122,357
08/05/2006,EUG,OR,ANM,WE,Combined TRACON& Tower with Radar,10,52,23,0,85,0,0,73,6,79,10,52,96,6,164,48,0,48,212
08/06/2006,EUG,OR,ANM,WE,Combined TRACON& Tower with Radar,17,35,16,6,74,0,13,68,4,85,17,48,84,10,159,52,4,56,215
08/07/2006,EUG,OR,ANM,WE,Combined TRACON& Tower with Radar,17,52,37,1,107,0,0,91,0,91,17,52,128,1,198,104,0,104,302
08/08/2006,EUG,OR,ANM,WE,Combined TRACON& Tower with Radar,16,54,40,5,115,0,3,96,0,99,16,57,136,5,214,88,0,88,302
08/09/2006,EUG,OR,ANM,WE,Combined TRACON& Tower with Radar,14,63,41,2,120,1,5,108,1,115,15,68,149,3,235,104,12,116,351
08/10/2006,EUG,OR,ANM,WE,Combined TRACON& Tower with Radar,13,58,31,8,110,0,0,94,0,94,13,58,125,8,204,156,0,156,360
08/11/2006,EUG,OR,ANM,WE,Combined TRACON& Tower with Radar,16,55,3,0,74,0,3,41,0,44,16,58,44,0,118,94,0,94,212
08/12/2006,EUG,OR,ANM,WE,Combined TRACON& Tower with Radar,12,40,18,0,70,0,3,130,0,133,12,43,148,0,203,96,0,96,299
08/13/2006,EUG,OR,ANM,WE,Combined TRACON& Tower with Radar,15,48,21,0,84,0,1,77,0,78,15,49,98,0,162,38,0,38,200
08/14/2006,EUG,OR,ANM,WE,Combined TRACON& Tower with Radar,15,52,11,1,79,0,0,145,3,148,15,52,156,4,227,120,0,120,347
08/15/2006,EUG,OR,ANM,WE,Combined TRACON& Tower with Radar,18,64,32,9,123,0,0,90,28,118,18,64,122,37,241,90,0,90,331
08/16/2006,EUG,OR,ANM,WE,Combined TRACON& Tower with Radar,16,53,42,0,111,0,1,111,0,112,16,54,153,0,223,140,0,140,363
08/17/2006,EUG,OR,ANM,WE,Combined TRACON& Tower with Radar,18,50,34,1,103,1,12,116,3,132,19,62,150,4,235,122,0,122,357
08/18/2006,EUG,OR,ANM,WE,Combined TRACON& Tower with Radar,14,65,16,0,95,4,0,146,4,154,18,65,162,4,249,132,0,132,381
08/19/2006,EUG,OR,ANM,WE,Combined TRACON& Tower with Radar,8,48,19,7,82,1,0,92,3,96,9,48,111,10,178,156,0,156,334
08/20/2006,EUG,OR,ANM,WE,Combined TRACON& Tower with Radar,18,45,17,0,80,0,2,64,0,66,18,47,81,0,146,54,0,54,200
08/21/2006,EUG,OR,ANM,WE,Combined TRACON& Tower with Radar,17,56,37,0,110,0,0,66,2,68,17,56,103,2,178,96,0,96,274
08/22/2006,EUG,OR,ANM,WE,Combined TRACON& Tower with Radar,13,60,50,1,124,0,0,50,0,50,13,60,100,1,174,84,16,100,274
08/23/2006,EUG,OR,ANM,WE,Combined TRACON& Tower with Radar,16,60,30,6,112,0,2,113,0,115,16,62,143,6,227,92,0,92,319
08/24/2006,EUG,OR,ANM,WE,Combined TRACON& Tower with Radar,13,63,20,4,100,1,4,111,0,116,14,67,131,4,216,230,14,244,460
08/25/2006,EUG,OR,ANM,WE,Combined TRACON& Tower with Radar,16,61,22,0,99,0,7,107,0,114,16,68,129,0,213,102,0,102,315
08/26/2006,EUG,OR,ANM,WE,Combined TRACON& Tower with Radar,18,47,16,0,81,0,0,100,0,100,18,47,116,0,181,112,0,112,293
08/27/2006,EUG,OR,ANM,WE,Combined TRACON& Tower with Radar,14,44,15,0,73,0,0,83,0,83,14,44,98,0,156,66,0,66,222
08/28/2006,EUG,OR,ANM,WE,Combined TRACON& Tower with Radar,18,60,24,0,102,0,6,97,0,103,18,66,121,0,205,46,0,46,251
08/29/2006,EUG,OR,ANM,WE,Combined TRACON& Tower with Radar,16,66,35,0,117,1,33,75,0,109,17,99,110,0,226,198,0,198,424
08/30/2006,EUG,OR,ANM,WE,Combined TRACON& Tower with Radar,12,55,34,0,101,0,0,74,0,74,12,55,108,0,175,131,0,131,306
08/31/2006,EUG,OR,ANM,WE,Combined TRACON& Tower with Radar,15,59,23,2,99,0,4,82,4,90,15,63,105,6,189,88,0,88,277
09/01/2006,EUG,OR,ANM,WE,Combined TRACON& Tower with Radar,11,53,42,0,106,2,3,103,3,111,13,56,145,3,217,110,0,110,327
09/02/2006,EUG,OR,ANM,WE,Combined TRACON& Tower with Radar,18,46,26,0,90,0,0,96,0,96,18,46,122,0,186,68,0,68,254
09/03/2006,EUG,OR,ANM,WE,Combined TRACON& Tower with Radar,12,29,13,0,54,0,5,73,0,78,12,34,86,0,132,16,0,16,148
09/04/2006,EUG,OR,ANM,WE,Combined TRACON& Tower with Radar,16,39,29,0,84,1,0,56,0,57,17,39,85,0,141,2,0,2,143
09/05/2006,EUG,OR,ANM,WE,Combined TRACON& Tower with Radar,17,54,28,3,102,0,0,77,0,77,17,54,105,3,179,92,0,92,271
09/06/2006,EUG,OR,ANM,WE,Combined TRACON& Tower with Radar,14,56,25,4,99,0,0,126,0,126,14,56,151,4,225,94,0,94,319
09/07/2006,EUG,OR,ANM,WE,Combined TRACON& Tower with Radar,14,54,21,2,91,0,5,107,4,116,14,59,128,6,207,136,12,148,355
09/08/2006,EUG,OR,ANM,WE,Combined TRACON& Tower with Radar,20,5,40,0,65,0,62,128,2,192,20,67,168,2,257,120,8,128,385
09/09/2006,EUG,OR,ANM,WE,Combined TRACON& Tower with Radar,15,46,21,0,82,0,3,85,0,88,15,49,106,0,170,46,2,48,218
09/10/2006,EUG,OR,ANM,WE,Combined TRACON& Tower with Radar,10,44,8,2,64,0,0,82,0,82,10,44,90,2,146,34,0,34,180
09/11/2006,EUG,OR,ANM,WE,Combined TRACON& Tower with Radar,16,55,25,5,101,0,0,95,0,95,16,55,120,5,196,174,0,174,370
09/12/2006,EUG,OR,ANM,WE,Combined TRACON& Tower with Radar,11,50,21,5,87,0,0,99,11,110,11,50,120,16,197,128,26,154,351
09/13/2006,EUG,OR,ANM,WE,Combined TRACON& Tower with Radar,12,52,35,2,101,0,7,0,1,8,12,59,35,3,109,72,10,82,191
09/14/2006,EUG,OR,ANM,WE,Combined TRACON& Tower with Radar,14,55,36,4,109,0,4,48,0,52,14,59,84,4,161,50,18,68,229
09/15/2006,EUG,OR,ANM,WE,Combined TRACON& Tower with Radar,19,67,41,3,130,0,0,29,1,30,19,67,70,4,160,38,2,40,200
09/16/2006,EUG,OR,ANM,WE,Combined TRACON& Tower with Radar,18,61,73,0,152,0,1,81,0,82,18,62,154,0,234,48,0,48,282
09/17/2006,EUG,OR,ANM,WE,Combined TRACON& Tower with Radar,11,45,28,0,84,1,0,64,0,65,12,45,92,0,149,50,0,50,199
09/18/2006,EUG,OR,ANM,WE,Combined TRACON& Tower with Radar,17,56,23,0,96,0,4,18,0,22,17,60,41,0,118,40,0,40,158
09/19/2006,EUG,OR,ANM,WE,Combined TRACON& Tower with Radar,12,61,40,2,115,0,3,55,0,58,12,64,95,2,173,56,0,56,229
09/20/2006,EUG,OR,ANM,WE,Combined TRACON& Tower with Radar,11,59,52,2,124,0,6,33,0,39,11,65,85,2,163,50,6,56,219
09/21/2006,EUG,OR,ANM,WE,Combined TRACON& Tower with Radar,13,59,27,5,104,0,0,29,0,29,13,59,56,5,133,18,0,18,151
09/22/2006,EUG,OR,ANM,WE,Combined TRACON& Tower with Radar,17,55,36,0,108,0,7,64,0,71,17,62,100,0,179,34,0,34,213
09/23/2006,EUG,OR,ANM,WE,Combined TRACON& Tower with Radar,11,39,21,0,71,0,0,408,0,408,11,39,429,0,479,22,0,22,501
09/24/2006,EUG,OR,ANM,WE,Combined TRACON& Tower with Radar,11,44,11,0,66,1,1,507,0,509,12,45,518,0,575,96,0,96,671
09/25/2006,EUG,OR,ANM,WE,Combined TRACON& Tower with Radar,13,58,21,0,92,0,0,90,0,90,13,58,111,0,182,94,0,94,276
09/26/2006,EUG,OR,ANM,WE,Combined TRACON& Tower with Radar,16,56,24,0,96,0,3,126,0,129,16,59,150,0,225,88,2,90,315
09/27/2006,EUG,OR,ANM,WE,Combined TRACON& Tower with Radar,13,65,28,0,106,6,0,121,0,127,19,65,149,0,233,80,0,80,313
09/28/2006,EUG,OR,ANM,WE,Combined TRACON& Tower with Radar,14,59,44,8,125,0,0,134,0,134,14,59,178,8,259,88,0,88,347
09/29/2006,EUG,OR,ANM,WE,Combined TRACON& Tower with Radar,15,56,38,0,109,0,0,140,0,140,15,56,178,0,249,78,0,78,327
09/30/2006,EUG,OR,ANM,WE,Combined TRACON& Tower with Radar,15,38,21,0,74,5,0,110,0,115,20,38,131,0,189,100,0,100,289
10/01/2006,EUG,OR,ANM,WE,Combined TRACON& Tower with Radar,8,39,22,0,69,0,0,76,0,76,8,39,98,0,145,16,0,16,161
10/02/2006,EUG,OR,ANM,WE,Combined TRACON& Tower with Radar,18,48,21,0,87,0,6,123,0,129,18,54,144,0,216,138,0,138,354
10/03/2006,EUG,OR,ANM,WE,Combined TRACON& Tower with Radar,13,56,24,0,93,0,0,78,0,78,13,56,102,0,171,98,0,98,269
10/04/2006,EUG,OR,ANM,WE,Combined TRACON& Tower with Radar,14,57,43,0,114,0,2,63,0,65,14,59,106,0,179,196,0,196,375
10/05/2006,EUG,OR,ANM,WE,Combined TRACON& Tower with Radar,17,60,20,0,97,0,0,45,0,45,17,60,65,0,142,176,0,176,318
10/06/2006,EUG,OR,ANM,WE,Combined TRACON& Tower with Radar,16,64,55,6,141,7,0,72,0,79,23,64,127,6,220,38,2,40,260
10/07/2006,EUG,OR,ANM,WE,Combined TRACON& Tower with Radar,18,38,24,0,80,0,0,103,1,104,18,38,127,1,184,122,2,124,308
10/08/2006,EUG,OR,ANM,WE,Combined TRACON& Tower with Radar,10,47,17,0,74,0,3,43,0,46,10,50,60,0,120,56,0,56,176
10/09/2006,EUG,OR,ANM,WE,Combined TRACON& Tower with Radar,15,56,19,0,90,2,0,103,0,105,17,56,122,0,195,106,0,106,301
10/10/2006,EUG,OR,ANM,WE,Combined TRACON& Tower with Radar,12,50,21,11,94,0,0,106,0,106,12,50,127,11,200,170,8,178,378
10/11/2006,EUG,OR,ANM,WE,Combined TRACON& Tower with Radar,13,52,21,0,86,1,3,159,0,163,14,55,180,0,249,170,2,172,421
10/12/2006,EUG,OR,ANM,WE,Combined TRACON& Tower with Radar,13,70,34,13,130,0,13,141,0,154,13,83,175,13,284,196,26,222,506
10/13/2006,EUG,OR,ANM,WE,Combined TRACON& Tower with Radar,22,66,30,0,118,0,1,158,0,159,22,67,188,0,277,126,0,126,403
10/14/2006,EUG,OR,ANM,WE,Combined TRACON& Tower with Radar,15,44,47,1,107,0,0,65,0,65,15,44,112,1,172,68,0,68,240
10/15/2006,EUG,OR,ANM,WE,Combined TRACON& Tower with Radar,11,52,22,16,101,0,0,7,6,13,11,52,29,22,114,22,0,22,136
10/16/2006,EUG,OR,ANM,WE,Combined TRACON& Tower with Radar,13,54,37,0,104,0,6,42,0,48,13,60,79,0,152,114,0,114,266
10/17/2006,EUG,OR,ANM,WE,Combined TRACON& Tower with Radar,12,65,29,12,118,0,4,61,0,65,12,69,90,12,183,74,0,74,257
10/18/2006,EUG,OR,ANM,WE,Combined TRACON& Tower with Radar,12,48,41,8,109,0,0,82,6,88,12,48,123,14,197,134,0,134,331
10/19/2006,EUG,OR,ANM,WE,Combined TRACON& Tower with Radar,13,63,55,10,141,0,0,25,2,27,13,63,80,12,168,128,0,128,296
10/20/2006,EUG,OR,ANM,WE,Combined TRACON& Tower with Radar,14,59,28,0,101,2,0,131,0,133,16,59,159,0,234,132,0,132,366
10/21/2006,EUG,OR,ANM,WE,Combined TRACON& Tower with Radar,9,39,17,0,65,3,0,94,0,97,12,39,111,0,162,112,0,112,274
10/22/2006,EUG,OR,ANM,WE,Combined TRACON& Tower with Radar,18,43,19,0,80,4,4,86,0,94,22,47,105,0,174,72,0,72,246
10/23/2006,EUG,OR,ANM,WE,Combined TRACON& Tower with Radar,13,58,19,0,90,0,1,98,1,100,13,59,117,1,190,166,4,170,360
10/24/2006,EUG,OR,ANM,WE,Combined TRACON& Tower with Radar,8,51,28,18,105,0,0,28,0,28,8,51,56,18,133,112,10,122,255
10/25/2006,EUG,OR,ANM,WE,Combined TRACON& Tower with Radar,11,56,24,8,99,0,8,114,0,122,11,64,138,8,221,192,10,202,423
10/26/2006,EUG,OR,ANM,WE,Combined TRACON& Tower with Radar,10,60,40,0,110,0,0,79,0,79,10,60,119,0,189,100,0,100,289
10/27/2006,EUG,OR,ANM,WE,Combined TRACON& Tower with Radar,16,72,21,0,109,0,0,62,0,62,16,72,83,0,171,54,2,56,227
10/28/2006,EUG,OR,ANM,WE,Combined TRACON& Tower with Radar,15,59,46,0,120,0,0,39,0,39,15,59,85,0,159,24,0,24,183
10/29/2006,EUG,OR,ANM,WE,Combined TRACON& Tower with Radar,8,40,23,0,71,0,10,11,0,21,8,50,34,0,92,10,0,10,102
10/30/2006,EUG,OR,ANM,WE,Combined TRACON& Tower with Radar,13,58,34,0,105,0,0,33,0,33,13,58,67,0,138,78,0,78,216
10/31/2006,EUG,OR,ANM,WE,Combined TRACON& Tower with Radar,13,50,13,9,85,0,0,115,9,124,13,50,128,18,209,112,10,122,331
11/01/2006,EUG,OR,ANM,WE,Combined TRACON& Tower with Radar,18,52,32,4,106,0,0,90,0,90,18,52,122,4,196,140,4,144,340
11/02/2006,EUG,OR,ANM,WE,Combined TRACON& Tower with Radar,18,54,34,0,106,0,0,0,0,0,18,54,34,0,106,30,0,30,136
11/03/2006,EUG,OR,ANM,WE,Combined TRACON& Tower with Radar,19,59,35,0,113,0,0,24,0,24,19,59,59,0,137,90,0,90,227
11/04/2006,EUG,OR,ANM,WE,Combined TRACON& Tower with Radar,20,35,58,0,113,0,8,30,0,38,20,43,88,0,151,56,0,56,207
11/05/2006,EUG,OR,ANM,WE,Combined TRACON& Tower with Radar,18,36,31,0,85,1,0,8,0,9,19,36,39,0,94,50,0,50,144
11/06/2006,EUG,OR,ANM,WE,Combined TRACON& Tower with Radar,14,52,16,9,91,0,8,59,1,68,14,60,75,10,159,118,30,148,307
11/07/2006,EUG,OR,ANM,WE,Combined TRACON& Tower with Radar,18,60,12,0,90,0,0,11,0,11,18,60,23,0,101,22,0,22,123
11/08/2006,EUG,OR,ANM,WE,Combined TRACON& Tower with Radar,18,57,34,11,120,0,0,17,11,28,18,57,51,22,148,96,54,150,298
11/09/2006,EUG,OR,ANM,WE,Combined TRACON& Tower with Radar,12,52,43,0,107,0,5,126,0,131,12,57,169,0,238,208,0,208,446
11/10/2006,EUG,OR,ANM,WE,Combined TRACON& Tower with Radar,19,55,17,0,91,0,0,9,0,9,19,55,26,0,100,30,0,30,130
11/11/2006,EUG,OR,ANM,WE,Combined TRACON& Tower with Radar,15,46,20,0,81,0,0,60,0,60,15,46,80,0,141,100,0,100,241
11/12/2006,EUG,OR,ANM,WE,Combined TRACON& Tower with Radar,18,35,30,0,83,0,0,22,0,22,18,35,52,0,105,50,0,50,155
11/13/2006,EUG,OR,ANM,WE,Combined TRACON& Tower with Radar,24,48,30,0,102,0,6,25,0,31,24,54,55,0,133,104,0,104,237
11/14/2006,EUG,OR,ANM,WE,Combined TRACON& Tower with Radar,15,51,22,0,88,1,4,118,0,123,16,55,140,0,211,134,0,134,345
11/15/2006,EUG,OR,ANM,WE,Combined TRACON& Tower with Radar,12,47,24,0,83,0,11,54,0,65,12,58,78,0,148,44,0,44,192
11/16/2006,EUG,OR,ANM,WE,Combined TRACON& Tower with Radar,15,55,32,0,102,0,9,82,0,91,15,64,114,0,193,100,0,100,293
11/17/2006,EUG,OR,ANM,WE,Combined TRACON& Tower with Radar,8,59,38,0,105,0,0,73,0,73,8,59,111,0,178,122,0,122,300
11/18/2006,EUG,OR,ANM,WE,Combined TRACON& Tower with Radar,22,51,48,0,121,0,0,1,0,1,22,51,49,0,122,0,0,0,122
11/19/2006,EUG,OR,ANM,WE,Combined TRACON& Tower with Radar,13,35,16,0,64,0,0,0,0,0,13,35,16,0,64,0,0,0,64
11/20/2006,EUG,OR,ANM,WE,Combined TRACON& Tower with Radar,13,62,19,2,96,0,0,78,0,78,13,62,97,2,174,200,0,200,374
11/21/2006,EUG,OR,ANM,WE,Combined TRACON& Tower with Radar,19,57,23,4,103,1,0,50,0,51,20,57,73,4,154,70,2,72,226
11/22/2006,EUG,OR,ANM,WE,Combined TRACON& Tower with Radar,14,64,42,4,124,0,1,11,0,12,14,65,53,4,136,56,0,56,192
11/23/2006,EUG,OR,ANM,WE,Combined TRACON& Tower with Radar,14,29,14,0,57,0,5,3,0,8,14,34,17,0,65,0,0,0,65
11/24/2006,EUG,OR,ANM,WE,Combined TRACON& Tower with Radar,11,41,9,0,61,0,5,12,6,23,11,46,21,6,84,0,0,0,84
11/25/2006,EUG,OR,ANM,WE,Combined TRACON& Tower with Radar,17,45,11,0,73,0,2,81,0,83,17,47,92,0,156,128,0,128,284
11/26/2006,EUG,OR,ANM,WE,Combined TRACON& Tower with Radar,14,33,27,0,74,0,0,2,0,2,14,33,29,0,76,0,0,0,76
11/27/2006,EUG,OR,ANM,WE,Combined TRACON& Tower with Radar,12,57,17,0,86,0,0,13,2,15,12,57,30,2,101,42,0,42,143
11/28/2006,EUG,OR,ANM,WE,Combined TRACON& Tower with Radar,12,54,22,4,92,0,6,76,0,82,12,60,98,4,174,116,0,116,290
11/29/2006,EUG,OR,ANM,WE,Combined TRACON& Tower with Radar,14,62,34,2,112,0,2,107,0,109,14,64,141,2,221,224,2,226,447
11/30/2006,EUG,OR,ANM,WE,Combined TRACON& Tower with Radar,16,50,42,4,112,0,9,14,2,25,16,59,56,6,137,48,0,48,185
12/01/2006,EUG,OR,ANM,WE,Combined TRACON& Tower with Radar,13,59,61,1,134,0,0,21,0,21,13,59,82,1,155,60,0,60,215
12/02/2006,EUG,OR,ANM,WE,Combined TRACON& Tower with Radar,20,39,43,1,103,0,0,27,0,27,20,39,70,1,130,26,0,26,156
12/03/2006,EUG,OR,ANM,WE,Combined TRACON& Tower with Radar,11,30,14,0,55,5,2,42,0,49,16,32,56,0,104,32,0,32,136
12/04/2006,EUG,OR,ANM,WE,Combined TRACON& Tower with Radar,16,64,24,1,105,0,0,57,0,57,16,64,81,1,162,84,0,84,246
12/05/2006,EUG,OR,ANM,WE,Combined TRACON& Tower with Radar,16,55,28,1,100,0,0,55,0,55,16,55,83,1,155,76,0,76,231
12/06/2006,EUG,OR,ANM,WE,Combined TRACON& Tower with Radar,17,40,23,0,80,0,0,0,0,0,17,40,23,0,80,0,0,0,80
12/07/2006,EUG,OR,ANM,WE,Combined TRACON& Tower with Radar,14,61,23,0,98,0,0,0,0,0,14,61,23,0,98,0,0,0,98
12/08/2006,EUG,OR,ANM,WE,Combined TRACON& Tower with Radar,16,70,47,4,137,0,0,0,0,0,16,70,47,4,137,10,0,10,147
12/09/2006,EUG,OR,ANM,WE,Combined TRACON& Tower with Radar,17,62,17,9,105,3,0,70,0,73,20,62,87,9,178,146,0,146,324
12/10/2006,EUG,OR,ANM,WE,Combined TRACON& Tower with Radar,16,32,19,2,69,1,0,0,0,1,17,32,19,2,70,0,0,0,70
12/11/2006,EUG,OR,ANM,WE,Combined TRACON& Tower with Radar,12,60,9,0,81,2,5,7,0,14,14,65,16,0,95,26,0,26,121
12/12/2006,EUG,OR,ANM,WE,Combined TRACON& Tower with Radar,11,63,29,12,115,0,2,40,1,43,11,65,69,13,158,88,22,110,268
12/13/2006,EUG,OR,ANM,WE,Combined TRACON& Tower with Radar,15,47,26,0,88,0,7,32,0,39,15,54,58,0,127,78,0,78,205
12/14/2006,EUG,OR,ANM,WE,Combined TRACON& Tower with Radar,18,45,4,0,67,0,0,7,0,7,18,45,11,0,74,10,0,10,84
12/15/2006,EUG,OR,ANM,WE,Combined TRACON& Tower with Radar,20,60,24,0,104,0,0,30,0,30,20,60,54,0,134,52,0,52,186
12/16/2006,EUG,OR,ANM,WE,Combined TRACON& Tower with Radar,16,35,26,0,77,0,0,22,0,22,16,35,48,0,99,38,0,38,137
12/17/2006,EUG,OR,ANM,WE,Combined TRACON& Tower with Radar,14,42,13,0,69,0,0,21,0,21,14,42,34,0,90,14,0,14,104
12/18/2006,EUG,OR,ANM,WE,Combined TRACON& Tower with Radar,23,51,38,0,112,3,2,9,0,14,26,53,47,0,126,22,0,22,148
12/19/2006,EUG,OR,ANM,WE,Combined TRACON& Tower with Radar,19,53,31,0,103,0,0,0,0,0,19,53,31,0,103,0,0,0,103
12/20/2006,EUG,OR,ANM,WE,Combined TRACON& Tower with Radar,16,55,29,2,102,0,0,27,0,27,16,55,56,2,129,60,2,62,191
12/21/2006,EUG,OR,ANM,WE,Combined TRACON& Tower with Radar,15,60,24,2,101,0,0,49,0,49,15,60,73,2,150,38,0,38,188
12/22/2006,EUG,OR,ANM,WE,Combined TRACON& Tower with Radar,15,50,28,6,99,0,0,39,0,39,15,50,67,6,138,60,0,60,198
12/23/2006,EUG,OR,ANM,WE,Combined TRACON& Tower with Radar,12,38,36,0,86,0,0,0,0,0,12,38,36,0,86,10,2,12,98
12/24/2006,EUG,OR,ANM,WE,Combined TRACON& Tower with Radar,17,29,6,0,52,1,5,13,2,21,18,34,19,2,73,36,0,36,109
12/25/2006,EUG,OR,ANM,WE,Combined TRACON& Tower with Radar,14,30,2,0,46,0,0,6,0,6,14,30,8,0,52,0,0,0,52
12/26/2006,EUG,OR,ANM,WE,Combined TRACON& Tower with Radar,20,50,22,0,92,0,1,17,0,18,20,51,39,0,110,0,0,0,110
12/27/2006,EUG,OR,ANM,WE,Combined TRACON& Tower with Radar,16,52,16,6,90,0,3,0,0,3,16,55,16,6,93,0,0,0,93
12/28/2006,EUG,OR,ANM,WE,Combined TRACON& Tower with Radar,14,54,17,12,97,0,0,0,0,0,14,54,17,12,97,0,0,0,97
12/29/2006,EUG,OR,ANM,WE,Combined TRACON& Tower with Radar,13,51,18,0,82,0,1,22,0,23,13,52,40,0,105,16,0,16,121
12/30/2006,EUG,OR,ANM,WE,Combined TRACON& Tower with Radar,19,32,11,0,62,0,0,1,0,1,19,32,12,0,63,2,0,2,65
12/31/2006,EUG,OR,ANM,WE,Combined TRACON& Tower with Radar,12,24,4,0,40,0,0,0,0,0,12,24,4,0,40,0,0,0,40
01/01/2007,EUG,OR,ANM,WE,Combined TRACON& Tower with Radar,13,31,19,0,63,0,0,14,0,14,13,31,33,0,77,14,0,14,91
01/02/2007,EUG,OR,ANM,WE,Combined TRACON& Tower with Radar,15,51,20,1,87,0,0,14,2,16,15,51,34,3,103,10,0,10,113
01/03/2007,EUG,OR,ANM,WE,Combined TRACON& Tower with Radar,17,68,12,2,99,0,0,6,0,6,17,68,18,2,105,0,0,0,105
01/04/2007,EUG,OR,ANM,WE,Combined TRACON& Tower with Radar,16,47,31,4,98,0,0,0,0,0,16,47,31,4,98,10,10,20,118
01/05/2007,EUG,OR,ANM,WE,Combined TRACON& Tower with Radar,15,52,20,0,87,0,0,34,0,34,15,52,54,0,121,36,0,36,157
01/06/2007,EUG,OR,ANM,WE,Combined TRACON& Tower with Radar,15,33,23,0,71,0,0,12,0,12,15,33,35,0,83,6,0,6,89
01/07/2007,EUG,OR,ANM,WE,Combined TRACON& Tower with Radar,13,32,26,0,71,0,4,2,0,6,13,36,28,0,77,10,0,10,87
01/08/2007,EUG,OR,ANM,WE,Combined TRACON& Tower with Radar,13,46,22,0,81,0,0,66,0,66,13,46,88,0,147,90,0,90,237
01/09/2007,EUG,OR,ANM,WE,Combined TRACON& Tower with Radar,17,54,25,0,96,2,5,63,0,70,19,59,88,0,166,98,0,98,264
01/10/2007,EUG,OR,ANM,WE,Combined TRACON& Tower with Radar,15,46,15,1,77,0,0,41,1,42,15,46,56,2,119,84,0,84,203
01/11/2007,EUG,OR,ANM,WE,Combined TRACON& Tower with Radar,13,58,10,6,87,0,5,22,0,27,13,63,32,6,114,6,0,6,120
01/12/2007,EUG,OR,ANM,WE,Combined TRACON& Tower with Radar,13,55,14,22,104,0,0,122,0,122,13,55,136,22,226,156,22,178,404
01/13/2007,EUG,OR,ANM,WE,Combined TRACON& Tower with Radar,11,38,25,0,74,2,2,56,0,60,13,40,81,0,134,72,0,72,206
01/14/2007,EUG,OR,ANM,WE,Combined TRACON& Tower with Radar,10,33,14,0,57,3,0,23,0,26,13,33,37,0,83,4,0,4,87
01/15/2007,EUG,OR,ANM,WE,Combined TRACON& Tower with Radar,14,54,31,0,99,0,0,13,4,17,14,54,44,4,116,0,0,0,116
01/16/2007,EUG,OR,ANM,WE,Combined TRACON& Tower with Radar,15,52,7,0,74,1,0,1,0,2,16,52,8,0,76,0,0,0,76
01/17/2007,EUG,OR,ANM,WE,Combined TRACON& Tower with Radar,12,54,15,0,81,0,0,0,0,0,12,54,15,0,81,0,0,0,81
01/18/2007,EUG,OR,ANM,WE,Combined TRACON& Tower with Radar,12,57,32,18,119,0,12,89,6,107,12,69,121,24,226,132,14,146,372
01/19/2007,EUG,OR,ANM,WE,Combined TRACON& Tower with Radar,14,51,31,0,96,0,7,54,0,61,14,58,85,0,157,112,0,112,269
01/20/2007,EUG,OR,ANM,WE,Combined TRACON& Tower with Radar,13,38,32,3,86,0,2,68,0,70,13,40,100,3,156,92,0,92,248
01/21/2007,EUG,OR,ANM,WE,Combined TRACON& Tower with Radar,14,41,24,0,79,0,0,45,50,95,14,41,69,50,174,0,0,0,174
01/22/2007,EUG,OR,ANM,WE,Combined TRACON& Tower with Radar,11,50,27,0,88,0,0,88,1,89,11,50,115,1,177,106,0,106,283
01/23/2007,EUG,OR,ANM,WE,Combined TRACON& Tower with Radar,10,50,18,0,78,0,6,99,0,105,10,56,117,0,183,146,0,146,329
01/24/2007,EUG,OR,ANM,WE,Combined TRACON& Tower with Radar,12,62,31,0,105,0,1,71,0,72,12,63,102,0,177,64,0,64,241
01/25/2007,EUG,OR,ANM,WE,Combined TRACON& Tower with Radar,13,62,37,0,112,0,4,0,0,4,13,66,37,0,116,6,0,6,122
01/26/2007,EUG,OR,ANM,WE,Combined TRACON& Tower with Radar,13,60,46,0,119,0,0,12,0,12,13,60,58,0,131,46,0,46,177
01/27/2007,EUG,OR,ANM,WE,Combined TRACON& Tower with Radar,12,34,8,0,54,0,2,43,0,45,12,36,51,0,99,50,0,50,149
01/28/2007,EUG,OR,ANM,WE,Combined TRACON& Tower with Radar,13,39,23,0,75,0,0,47,1,48,13,39,70,1,123,68,0,68,191
01/29/2007,EUG,OR,ANM,WE,Combined TRACON& Tower with Radar,17,57,17,0,91,0,0,77,0,77,17,57,94,0,168,144,0,144,312
01/30/2007,EUG,OR,ANM,WE,Combined TRACON& Tower with Radar,10,59,18,5,92,0,0,69,0,69,10,59,87,5,161,100,0,100,261
01/31/2007,EUG,OR,ANM,WE,Combined TRACON& Tower with Radar,12,55,23,1,91,0,0,92,2,94,12,55,115,3,185,52,0,52,237
02/01/2007,EUG,OR,ANM,WE,Combined TRACON& Tower with Radar,13,53,25,2,93,1,0,105,0,106,14,53,130,2,199,134,0,134,333
02/02/2007,EUG,OR,ANM,WE,Combined TRACON& Tower with Radar,13,50,26,13,102,0,5,73,17,95,13,55,99,30,197,140,62,202,399
02/03/2007,EUG,OR,ANM,WE,Combined TRACON& Tower with Radar,12,39,14,2,67,0,3,66,0,69,12,42,80,2,136,110,0,110,246
02/04/2007,EUG,OR,ANM,WE,Combined TRACON& Tower with Radar,14,39,8,0,61,0,0,25,1,26,14,39,33,1,87,18,0,18,105
02/05/2007,EUG,OR,ANM,WE,Combined TRACON& Tower with Radar,12,56,23,18,109,0,0,101,0,101,12,56,124,18,210,18,16,34,244
02/06/2007,EUG,OR,ANM,WE,Combined TRACON& Tower with Radar,14,49,33,6,102,0,0,51,5,56,14,49,84,11,158,64,8,72,230
02/07/2007,EUG,OR,ANM,WE,Combined TRACON& Tower with Radar,10,56,40,0,106,2,8,58,0,68,12,64,98,0,174,78,0,78,252
02/08/2007,EUG,OR,ANM,WE,Combined TRACON& Tower with Radar,12,55,33,0,100,0,0,100,0,100,12,55,133,0,200,170,0,170,370
02/09/2007,EUG,OR,ANM,WE,Combined TRACON& Tower with Radar,13,57,20,0,90,0,0,88,0,88,13,57,108,0,178,184,0,184,362
02/10/2007,EUG,OR,ANM,WE,Combined TRACON& Tower with Radar,11,29,27,0,67,0,6,5,0,11,11,35,32,0,78,4,0,4,82
02/11/2007,EUG,OR,ANM,WE,Combined TRACON& Tower with Radar,14,40,17,6,77,0,2,10,4,16,14,42,27,10,93,2,26,28,121
02/12/2007,EUG,OR,ANM,WE,Combined TRACON& Tower with Radar,10,52,20,2,84,0,8,73,0,81,10,60,93,2,165,136,0,136,301
02/13/2007,EUG,OR,ANM,WE,Combined TRACON& Tower with Radar,14,53,26,0,93,0,0,33,0,33,14,53,59,0,126,70,0,70,196
02/14/2007,EUG,OR,ANM,WE,Combined TRACON& Tower with Radar,14,67,31,2,114,0,0,37,0,37,14,67,68,2,151,134,0,134,285
02/15/2007,EUG,OR,ANM,WE,Combined TRACON& Tower with Radar,13,57,28,0,98,0,5,2,0,7,13,62,30,0,105,42,0,42,147
02/16/2007,EUG,OR,ANM,WE,Combined TRACON& Tower with Radar,16,51,34,0,101,0,0,26,0,26,16,51,60,0,127,130,0,130,257
02/17/2007,EUG,OR,ANM,WE,Combined TRACON& Tower with Radar,11,36,26,2,75,1,0,126,0,127,12,36,152,2,202,78,0,78,280
02/18/2007,EUG,OR,ANM,WE,Combined TRACON& Tower with Radar,12,30,18,0,60,2,0,11,0,13,14,30,29,0,73,18,0,18,91
02/19/2007,EUG,OR,ANM,WE,Combined TRACON& Tower with Radar,12,57,25,0,94,0,0,2,0,2,12,57,27,0,96,10,0,10,106
02/20/2007,EUG,OR,ANM,WE,Combined TRACON& Tower with Radar,14,52,21,0,87,0,0,18,2,20,14,52,39,2,107,68,0,68,175
02/21/2007,EUG,OR,ANM,WE,Combined TRACON& Tower with Radar,12,74,17,14,117,0,1,70,0,71,12,75,87,14,188,182,8,190,378
02/22/2007,EUG,OR,ANM,WE,Combined TRACON& Tower with Radar,13,67,34,0,114,2,0,41,0,43,15,67,75,0,157,84,0,84,241
02/23/2007,EUG,OR,ANM,WE,Combined TRACON& Tower with Radar,13,51,32,0,96,0,0,36,0,36,13,51,68,0,132,66,0,66,198
02/24/2007,EUG,OR,ANM,WE,Combined TRACON& Tower with Radar,9,36,6,0,51,0,2,41,0,43,9,38,47,0,94,38,0,38,132
02/25/2007,EUG,OR,ANM,WE,Combined TRACON& Tower with Radar,9,34,15,0,58,0,4,1,0,5,9,38,16,0,63,0,0,0,63
02/26/2007,EUG,OR,ANM,WE,Combined TRACON& Tower with Radar,11,46,26,0,83,0,0,43,0,43,11,46,69,0,126,82,0,82,208
02/27/2007,EUG,OR,ANM,WE,Combined TRACON& Tower with Radar,8,48,16,0,72,0,0,12,0,12,8,48,28,0,84,36,0,36,120
02/28/2007,EUG,OR,ANM,WE,Combined TRACON& Tower with Radar,7,49,20,0,76,2,3,19,0,24,9,52,39,0,100,62,0,62,162
03/01/2007,EUG,OR,ANM,WE,Combined TRACON& Tower with Radar,11,52,24,0,87,1,5,3,0,9,12,57,27,0,96,68,0,68,164
03/02/2007,EUG,OR,ANM,WE,Combined TRACON& Tower with Radar,10,52,50,0,112,0,6,18,0,24,10,58,68,0,136,38,0,38,174
03/03/2007,EUG,OR,ANM,WE,Combined TRACON& Tower with Radar,7,35,41,2,85,1,0,68,0,69,8,35,109,2,154,92,0,92,246
03/04/2007,EUG,OR,ANM,WE,Combined TRACON& Tower with Radar,8,48,34,0,90,0,0,61,0,61,8,48,95,0,151,38,0,38,189
03/05/2007,EUG,OR,ANM,WE,Combined TRACON& Tower with Radar,9,65,26,0,100,2,0,115,2,119,11,65,141,2,219,122,0,122,341
03/06/2007,EUG,OR,ANM,WE,Combined TRACON& Tower with Radar,11,55,29,0,95,0,1,88,0,89,11,56,117,0,184,82,0,82,266
03/07/2007,EUG,OR,ANM,WE,Combined TRACON& Tower with Radar,12,59,32,0,103,0,0,57,2,59,12,59,89,2,162,96,0,96,258
03/08/2007,EUG,OR,ANM,WE,Combined TRACON& Tower with Radar,9,64,20,4,97,0,0,82,0,82,9,64,102,4,179,232,2,234,413
03/09/2007,EUG,OR,ANM,WE,Combined TRACON& Tower with Radar,9,55,37,0,101,0,0,23,0,23,9,55,60,0,124,42,2,44,168
03/10/2007,EUG,OR,ANM,WE,Combined TRACON& Tower with Radar,9,48,31,4,92,0,1,51,2,54,9,49,82,6,146,54,2,56,202
03/11/2007,EUG,OR,ANM,WE,Combined TRACON& Tower with Radar,11,41,18,0,70,0,0,24,0,24,11,41,42,0,94,26,0,26,120
03/12/2007,EUG,OR,ANM,WE,Combined TRACON& Tower with Radar,11,57,28,14,110,0,0,2,0,2,11,57,30,14,112,48,0,48,160
03/13/2007,EUG,OR,ANM,WE,Combined TRACON& Tower with Radar,10,63,36,0,109,1,0,59,0,60,11,63,95,0,169,88,0,88,257
03/14/2007,EUG,OR,ANM,WE,Combined TRACON& Tower with Radar,13,55,35,0,103,2,0,123,2,127,15,55,158,2,230,114,0,114,344
03/15/2007,EUG,OR,ANM,WE,Combined TRACON& Tower with Radar,11,46,33,3,93,0,0,126,1,127,11,46,159,4,220,76,0,76,296
03/16/2007,EUG,OR,ANM,WE,Combined TRACON& Tower with Radar,12,55,28,0,95,0,1,104,0,105,12,56,132,0,200,108,0,108,308
03/17/2007,EUG,OR,ANM,WE,Combined TRACON& Tower with Radar,9,41,14,2,66,0,6,84,0,90,9,47,98,2,156,118,8,126,282
03/18/2007,EUG,OR,ANM,WE,Combined TRACON& Tower with Radar,12,37,34,0,83,1,0,22,0,23,13,37,56,0,106,60,0,60,166
03/19/2007,EUG,OR,ANM,WE,Combined TRACON& Tower with Radar,10,56,19,5,90,0,0,19,0,19,10,56,38,5,109,44,0,44,153
03/20/2007,EUG,OR,ANM,WE,Combined TRACON& Tower with Radar,18,56,23,0,97,0,4,9,0,13,18,60,32,0,110,0,0,0,110
03/21/2007,EUG,OR,ANM,WE,Combined TRACON& Tower with Radar,13,54,32,0,99,0,4,110,0,114,13,58,142,0,213,148,0,148,361
03/22/2007,EUG,OR,ANM,WE,Combined TRACON& Tower with Radar,11,52,47,6,116,0,8,78,0,86,11,60,125,6,202,108,0,108,310
03/23/2007,EUG,OR,ANM,WE,Combined TRACON& Tower with Radar,15,59,36,0,110,0,2,74,0,76,15,61,110,0,186,110,0,110,296
03/24/2007,EUG,OR,ANM,WE,Combined TRACON& Tower with Radar,10,49,24,2,85,0,0,25,0,25,10,49,49,2,110,2,2,4,114
03/25/2007,EUG,OR,ANM,WE,Combined TRACON& Tower with Radar,15,35,11,1,62,0,0,20,0,20,15,35,31,1,82,0,0,0,82
03/26/2007,EUG,OR,ANM,WE,Combined TRACON& Tower with Radar,18,66,17,2,103,1,4,22,0,27,19,70,39,2,130,26,6,32,162
03/27/2007,EUG,OR,ANM,WE,Combined TRACON& Tower with Radar,10,56,22,0,88,0,0,7,0,7,10,56,29,0,95,42,0,42,137
03/28/2007,EUG,OR,ANM,WE,Combined TRACON& Tower with Radar,9,56,17,0,82,0,0,46,0,46,9,56,63,0,128,48,0,48,176
03/29/2007,EUG,OR,ANM,WE,Combined TRACON& Tower with Radar,8,56,32,1,97,0,2,81,0,83,8,58,113,1,180,48,0,48,228
03/30/2007,EUG,OR,ANM,WE,Combined TRACON& Tower with Radar,11,52,18,0,81,0,0,30,0,30,11,52,48,0,111,2,0,2,113
03/31/2007,EUG,OR,ANM,WE,Combined TRACON& Tower with Radar,10,42,36,3,91,0,1,2,0,3,10,43,38,3,94,4,0,4,98
04/01/2007,EUG,OR,ANM,WE,Combined TRACON& Tower with Radar,14,39,36,0,89,1,0,42,0,43,15,39,78,0,132,58,0,58,190
04/02/2007,EUG,OR,ANM,WE,Combined TRACON& Tower with Radar,10,54,22,18,104,2,0,60,4,66,12,54,82,22,170,96,14,110,280
04/03/2007,EUG,OR,ANM,WE,Combined TRACON& Tower with Radar,9,50,33,0,92,0,1,64,0,65,9,51,97,0,157,96,0,96,253
04/04/2007,EUG,OR,ANM,WE,Combined TRACON& Tower with Radar,10,59,34,2,105,0,8,124,2,134,10,67,158,4,239,84,4,88,327
04/05/2007,EUG,OR,ANM,WE,Combined TRACON& Tower with Radar,11,62,27,0,100,2,0,102,2,106,13,62,129,2,206,88,0,88,294
04/06/2007,EUG,OR,ANM,WE,Combined TRACON& Tower with Radar,12,49,29,0,90,0,0,154,0,154,12,49,183,0,244,72,0,72,316
04/07/2007,EUG,OR,ANM,WE,Combined TRACON& Tower with Radar,6,42,26,0,74,0,3,41,0,44,6,45,67,0,118,52,0,52,170
04/08/2007,EUG,OR,ANM,WE,Combined TRACON& Tower with Radar,10,29,16,0,55,0,0,45,0,45,10,29,61,0,100,16,0,16,116
04/09/2007,EUG,OR,ANM,WE,Combined TRACON& Tower with Radar,10,60,23,11,104,0,0,17,0,17,10,60,40,11,121,70,0,70,191
04/10/2007,EUG,OR,ANM,WE,Combined TRACON& Tower with Radar,10,56,30,0,96,0,6,118,0,124,10,62,148,0,220,106,0,106,326
04/11/2007,EUG,OR,ANM,WE,Combined TRACON& Tower with Radar,10,56,24,2,92,0,0,65,1,66,10,56,89,3,158,82,22,104,262
04/12/2007,EUG,OR,ANM,WE,Combined TRACON& Tower with Radar,8,57,30,2,97,0,6,28,0,34,8,63,58,2,131,82,0,82,213
04/13/2007,EUG,OR,ANM,WE,Combined TRACON& Tower with Radar,9,52,30,14,105,1,3,118,0,122,10,55,148,14,227,220,8,228,455
04/14/2007,EUG,OR,ANM,WE,Combined TRACON& Tower with Radar,12,44,22,0,78,2,1,15,0,18,14,45,37,0,96,24,0,24,120
04/15/2007,EUG,OR,ANM,WE,Combined TRACON& Tower with Radar,10,39,27,8,84,0,5,21,0,26,10,44,48,8,110,22,0,22,132
04/16/2007,EUG,OR,ANM,WE,Combined TRACON& Tower with Radar,10,56,15,3,84,1,1,69,0,71,11,57,84,3,155,40,0,40,195
04/17/2007,EUG,OR,ANM,WE,Combined TRACON& Tower with Radar,12,51,20,6,89,3,3,27,0,33,15,54,47,6,122,26,0,26,148
04/18/2007,EUG,OR,ANM,WE,Combined TRACON& Tower with Radar,12,58,22,1,93,0,0,39,0,39,12,58,61,1,132,102,0,102,234
04/19/2007,EUG,OR,ANM,WE,Combined TRACON& Tower with Radar,9,51,36,2,98,0,16,110,0,126,9,67,146,2,224,137,2,139,363
04/20/2007,EUG,OR,ANM,WE,Combined TRACON& Tower with Radar,11,60,35,3,109,0,2,143,0,145,11,62,178,3,254,116,26,142,396
04/21/2007,EUG,OR,ANM,WE,Combined TRACON& Tower with Radar,9,41,56,0,106,1,0,0,0,1,10,41,56,0,107,86,0,86,193
04/22/2007,EUG,OR,ANM,WE,Combined TRACON& Tower with Radar,10,37,21,2,70,0,0,29,0,29,10,37,50,2,99,40,0,40,139
04/23/2007,EUG,OR,ANM,WE,Combined TRACON& Tower with Radar,11,51,21,7,90,0,5,88,0,93,11,56,109,7,183,72,8,80,263
04/24/2007,EUG,OR,ANM,WE,Combined TRACON& Tower with Radar,11,45,28,9,93,0,17,61,0,78,11,62,89,9,171,92,12,104,275
04/25/2007,EUG,OR,ANM,WE,Combined TRACON& Tower with Radar,13,49,27,0,89,0,3,67,0,70,13,52,94,0,159,98,0,98,257
04/26/2007,EUG,OR,ANM,WE,Combined TRACON& Tower with Radar,13,53,27,0,93,0,0,159,4,163,13,53,186,4,256,148,0,148,404
04/27/2007,EUG,OR,ANM,WE,Combined TRACON& Tower with Radar,15,59,30,0,104,0,0,128,2,130,15,59,158,2,234,134,0,134,368
04/28/2007,EUG,OR,ANM,WE,Combined TRACON& Tower with Radar,13,27,32,0,72,0,4,68,0,72,13,31,100,0,144,102,0,102,246
04/29/2007,EUG,OR,ANM,WE,Combined TRACON& Tower with Radar,15,39,28,0,82,0,0,50,0,50,15,39,78,0,132,0,0,0,132
04/30/2007,EUG,OR,ANM,WE,Combined TRACON& Tower with Radar,16,51,41,3,111,0,0,75,0,75,16,51,116,3,186,110,0,110,296
05/01/2007,EUG,OR,ANM,WE,Combined TRACON& Tower with Radar,15,53,25,15,108,0,7,67,1,75,15,60,92,16,183,124,24,148,331
05/02/2007,EUG,OR,ANM,WE,Combined TRACON& Tower with Radar,17,54,16,0,87,0,4,36,0,40,17,58,52,0,127,78,0,78,205
05/03/2007,EUG,OR,ANM,WE,Combined TRACON& Tower with Radar,15,60,34,2,111,1,4,28,0,33,16,64,62,2,144,48,0,48,192
05/04/2007,EUG,OR,ANM,WE,Combined TRACON& Tower with Radar,14,55,48,0,117,0,2,22,0,24,14,57,70,0,141,66,0,66,207
05/05/2007,EUG,OR,ANM,WE,Combined TRACON& Tower with Radar,19,42,41,2,104,0,0,144,0,144,19,42,185,2,248,116,4,120,368
05/06/2007,EUG,OR,ANM,WE,Combined TRACON& Tower with Radar,14,27,17,0,58,1,12,67,0,80,15,39,84,0,138,36,0,36,174
05/07/2007,EUG,OR,ANM,WE,Combined TRACON& Tower with Radar,15,62,31,0,108,0,8,63,0,71,15,70,94,0,179,110,0,110,289
05/08/2007,EUG,OR,ANM,WE,Combined TRACON& Tower with Radar,13,50,17,0,80,0,3,125,0,128,13,53,142,0,208,188,3,191,399
05/09/2007,EUG,OR,ANM,WE,Combined TRACON& Tower with Radar,12,56,46,0,114,0,3,73,0,76,12,59,119,0,190,112,0,112,302
05/10/2007,EUG,OR,ANM,WE,Combined TRACON& Tower with Radar,20,55,30,0,105,0,11,140,0,151,20,66,170,0,256,216,0,216,472
05/11/2007,EUG,OR,ANM,WE,Combined TRACON& Tower with Radar,16,54,45,0,115,1,1,124,3,129,17,55,169,3,244,158,0,158,402
05/12/2007,EUG,OR,ANM,WE,Combined TRACON& Tower with Radar,16,30,28,0,74,2,4,21,0,27,18,34,49,0,101,28,0,28,129
05/13/2007,EUG,OR,ANM,WE,Combined TRACON& Tower with Radar,16,35,12,0,63,0,6,74,0,80,16,41,86,0,143,92,0,92,235
05/14/2007,EUG,OR,ANM,WE,Combined TRACON& Tower with Radar,15,45,29,3,92,0,5,89,0,94,15,50,118,3,186,100,0,100,286
05/15/2007,EUG,OR,ANM,WE,Combined TRACON& Tower with Radar,12,56,24,2,94,0,6,108,0,114,12,62,132,2,208,160,14,174,382
05/16/2007,EUG,OR,ANM,WE,Combined TRACON& Tower with Radar,15,58,24,0,97,0,1,144,0,145,15,59,168,0,242,148,0,148,390
05/17/2007,EUG,OR,ANM,WE,Combined TRACON& Tower with Radar,14,53,32,4,103,0,11,103,0,114,14,64,135,4,217,132,2,134,351
05/18/2007,EUG,OR,ANM,WE,Combined TRACON& Tower with Radar,13,51,28,0,92,0,3,79,0,82,13,54,107,0,174,128,0,128,302
05/19/2007,EUG,OR,ANM,WE,Combined TRACON& Tower with Radar,16,33,20,0,69,1,0,83,0,84,17,33,103,0,153,140,0,140,293
05/20/2007,EUG,OR,ANM,WE,Combined TRACON& Tower with Radar,19,33,15,0,67,0,6,11,0,17,19,39,26,0,84,0,0,0,84
05/21/2007,EUG,OR,ANM,WE,Combined TRACON& Tower with Radar,14,53,22,0,89,0,0,46,0,46,14,53,68,0,135,112,0,112,247
05/22/2007,EUG,OR,ANM,WE,Combined TRACON& Tower with Radar,12,47,24,0,83,0,4,104,0,108,12,51,128,0,191,132,0,132,323
05/23/2007,EUG,OR,ANM,WE,Combined TRACON& Tower with Radar,15,52,27,0,94,0,0,111,0,111,15,52,138,0,205,64,0,64,269
05/24/2007,EUG,OR,ANM,WE,Combined TRACON& Tower with Radar,18,56,28,0,102,0,1,150,5,156,18,57,178,5,258,122,0,122,380
05/25/2007,EUG,OR,ANM,WE,Combined TRACON& Tower with Radar,14,50,23,0,87,0,3,110,0,113,14,53,133,0,200,134,0,134,334
05/26/2007,EUG,OR,ANM,WE,Combined TRACON& Tower with Radar,15,33,24,2,74,0,8,108,0,116,15,41,132,2,190,84,0,84,274
05/27/2007,EUG,OR,ANM,WE,Combined TRACON& Tower with Radar,13,25,11,0,49,0,2,11,0,13,13,27,22,0,62,84,0,84,146
05/28/2007,EUG,OR,ANM,WE,Combined TRACON& Tower with Radar,16,37,11,0,64,0,0,76,0,76,16,37,87,0,140,30,2,32,172
05/29/2007,EUG,OR,ANM,WE,Combined TRACON& Tower with Radar,15,52,37,0,104,0,0,90,1,91,15,52,127,1,195,158,0,158,353
05/30/2007,EUG,OR,ANM,WE,Combined TRACON& Tower with Radar,15,48,46,5,114,0,11,126,0,137,15,59,172,5,251,224,0,224,475
05/31/2007,EUG,OR,ANM,WE,Combined TRACON& Tower with Radar,17,52,23,15,107,0,3,97,5,105,17,55,120,20,212,112,2,114,326
06/01/2007,EUG,OR,ANM,WE,Combined TRACON& Tower with Radar,15,55,21,12,103,2,0,97,0,99,17,55,118,12,202,56,14,70,272
06/02/2007,EUG,OR,ANM,WE,Combined TRACON& Tower with Radar,18,28,2,2,50,4,0,89,0,93,22,28,91,2,143,78,0,78,221
06/03/2007,EUG,OR,ANM,WE,Combined TRACON& Tower with Radar,18,33,13,2,66,0,4,63,6,73,18,37,76,8,139,12,0,12,151
06/04/2007,EUG,OR,ANM,WE,Combined TRACON& Tower with Radar,14,62,37,0,113,1,8,61,0,70,15,70,98,0,183,132,0,132,315
06/05/2007,EUG,OR,ANM,WE,Combined TRACON& Tower with Radar,19,48,31,7,105,3,9,35,0,47,22,57,66,7,152,112,0,112,264
06/06/2007,EUG,OR,ANM,WE,Combined TRACON& Tower with Radar,16,56,45,0,117,0,3,29,9,41,16,59,74,9,158,72,22,94,252
06/07/2007,EUG,OR,ANM,WE,Combined TRACON& Tower with Radar,16,52,39,6,113,0,2,71,0,73,16,54,110,6,186,86,0,86,272
06/08/2007,EUG,OR,ANM,WE,Combined TRACON& Tower with Radar,15,56,31,0,102,2,4,154,0,160,17,60,185,0,262,90,0,90,352
06/09/2007,EUG,OR,ANM,WE,Combined TRACON& Tower with Radar,18,48,34,0,100,0,0,46,0,46,18,48,80,0,146,94,0,94,240
06/10/2007,EUG,OR,ANM,WE,Combined TRACON& Tower with Radar,18,38,33,4,93,0,0,11,0,11,18,38,44,4,104,6,0,6,110
06/11/2007,EUG,OR,ANM,WE,Combined TRACON& Tower with Radar,14,62,35,0,111,2,0,54,0,56,16,62,89,0,167,116,0,116,283
06/12/2007,EUG,OR,ANM,WE,Combined TRACON& Tower with Radar,19,59,48,5,131,0,1,97,0,98,19,60,145,5,229,88,2,90,319
06/13/2007,EUG,OR,ANM,WE,Combined TRACON& Tower with Radar,13,63,37,2,115,0,0,96,0,96,13,63,133,2,211,50,0,50,261
06/14/2007,EUG,OR,ANM,WE,Combined TRACON& Tower with Radar,15,57,30,0,102,0,9,90,0,99,15,66,120,0,201,58,0,58,259
06/15/2007,EUG,OR,ANM,WE,Combined TRACON& Tower with Radar,15,49,59,0,123,0,0,45,0,45,15,49,104,0,168,74,0,74,242
06/16/2007,EUG,OR,ANM,WE,Combined TRACON& Tower with Radar,15,48,60,0,123,0,6,17,0,23,15,54,77,0,146,26,0,26,172
06/17/2007,EUG,OR,ANM,WE,Combined TRACON& Tower with Radar,16,43,25,10,94,0,0,69,0,69,16,43,94,10,163,20,12,32,195
06/18/2007,EUG,OR,ANM,WE,Combined TRACON& Tower with Radar,13,57,25,3,98,0,0,45,2,47,13,57,70,5,145,50,12,62,207
06/19/2007,EUG,OR,ANM,WE,Combined TRACON& Tower with Radar,15,48,26,1,90,0,10,97,0,107,15,58,123,1,197,64,0,64,261
06/20/2007,EUG,OR,ANM,WE,Combined TRACON& Tower with Radar,15,54,19,5,93,0,1,65,0,66,15,55,84,5,159,28,0,28,187
06/21/2007,EUG,OR,ANM,WE,Combined TRACON& Tower with Radar,17,50,32,0,99,0,0,58,0,58,17,50,90,0,157,58,0,58,215
06/22/2007,EUG,OR,ANM,WE,Combined TRACON& Tower with Radar,13,45,41,0,99,0,5,58,0,63,13,50,99,0,162,70,0,70,232
06/23/2007,EUG,OR,ANM,WE,Combined TRACON& Tower with Radar,14,39,19,4,76,2,2,49,0,53,16,41,68,4,129,4,0,4,133
06/24/2007,EUG,OR,ANM,WE,Combined TRACON& Tower with Radar,14,30,13,0,57,1,0,23,0,24,15,30,36,0,81,30,1,31,112
06/25/2007,EUG,OR,ANM,WE,Combined TRACON& Tower with Radar,18,51,48,0,117,0,0,99,0,99,18,51,147,0,216,46,0,46,262
06/26/2007,EUG,OR,ANM,WE,Combined TRACON& Tower with Radar,15,49,24,0,88,0,3,101,0,104,15,52,125,0,192,142,0,142,334
06/27/2007,EUG,OR,ANM,WE,Combined TRACON& Tower with Radar,17,59,31,0,107,0,2,120,0,122,17,61,151,0,229,156,0,156,385
06/28/2007,EUG,OR,ANM,WE,Combined TRACON& Tower with Radar,20,50,42,0,112,0,4,113,3,120,20,54,155,3,232,80,0,80,312
06/29/2007,EUG,OR,ANM,WE,Combined TRACON& Tower with Radar,20,60,54,0,134,0,1,54,0,55,20,61,108,0,189,136,0,136,325
06/30/2007,EUG,OR,ANM,WE,Combined TRACON& Tower with Radar,16,42,30,0,88,2,3,85,0,90,18,45,115,0,178,60,0,60,238
07/01/2007,EUG,OR,ANM,WE,Combined TRACON& Tower with Radar,22,35,22,0,79,0,0,40,0,40,22,35,62,0,119,24,0,24,143
07/02/2007,EUG,OR,ANM,WE,Combined TRACON& Tower with Radar,17,52,20,0,89,0,5,89,0,94,17,57,109,0,183,112,0,112,295
07/03/2007,EUG,OR,ANM,WE,Combined TRACON& Tower with Radar,18,55,16,0,89,0,6,107,2,115,18,61,123,2,204,130,0,130,334
07/04/2007,EUG,OR,ANM,WE,Combined TRACON& Tower with Radar,13,26,2,0,41,3,6,39,0,48,16,32,41,0,89,24,0,24,113
07/05/2007,EUG,OR,ANM,WE,Combined TRACON& Tower with Radar,18,50,32,0,100,0,5,86,0,91,18,55,118,0,191,60,0,60,251
07/06/2007,EUG,OR,ANM,WE,Combined TRACON& Tower with Radar,16,54,31,0,101,0,5,118,0,123,16,59,149,0,224,90,0,90,314
07/07/2007,EUG,OR,ANM,WE,Combined TRACON& Tower with Radar,17,36,14,0,67,0,3,84,0,87,17,39,98,0,154,76,0,76,230
07/08/2007,EUG,OR,ANM,WE,Combined TRACON& Tower with Radar,19,33,21,0,73,0,2,84,0,86,19,35,105,0,159,50,0,50,209
07/09/2007,EUG,OR,ANM,WE,Combined TRACON& Tower with Radar,16,51,25,0,92,0,0,96,0,96,16,51,121,0,188,38,0,38,226
07/10/2007,EUG,OR,ANM,WE,Combined TRACON& Tower with Radar,15,60,21,0,96,0,0,99,0,99,15,60,120,0,195,150,0,150,345
07/11/2007,EUG,OR,ANM,WE,Combined TRACON& Tower with Radar,16,46,41,0,103,0,0,115,0,115,16,46,156,0,218,110,2,112,330
07/12/2007,EUG,OR,ANM,WE,Combined TRACON& Tower with Radar,18,52,33,0,103,0,0,116,0,116,18,52,149,0,219,128,0,128,347
07/13/2007,EUG,OR,ANM,WE,Combined TRACON& Tower with Radar,17,52,35,0,104,0,11,76,0,87,17,63,111,0,191,46,0,46,237
07/14/2007,EUG,OR,ANM,WE,Combined TRACON& Tower with Radar,17,46,18,0,81,0,2,70,2,74,17,48,88,2,155,54,0,54,209
07/15/2007,EUG,OR,ANM,WE,Combined TRACON& Tower with Radar,21,34,67,0,122,0,0,0,0,0,21,34,67,0,122,14,0,14,136
07/16/2007,EUG,OR,ANM,WE,Combined TRACON& Tower with Radar,17,52,26,3,98,0,3,71,0,74,17,55,97,3,172,48,4,52,224
07/17/2007,EUG,OR,ANM,WE,Combined TRACON& Tower with Radar,18,48,23,1,90,0,4,21,0,25,18,52,44,1,115,16,10,26,141
07/18/2007,EUG,OR,ANM,WE,Combined TRACON& Tower with Radar,16,59,40,6,121,3,1,19,0,23,19,60,59,6,144,52,0,52,196
07/19/2007,EUG,OR,ANM,WE,Combined TRACON& Tower with Radar,18,45,32,0,95,0,0,96,0,96,18,45,128,0,191,92,0,92,283
07/20/2007,EUG,OR,ANM,WE,Combined TRACON& Tower with Radar,17,52,49,9,127,3,0,75,3,81,20,52,124,12,208,62,2,64,272
07/21/2007,EUG,OR,ANM,WE,Combined TRACON& Tower with Radar,17,41,46,0,104,0,0,56,0,56,17,41,102,0,160,38,0,38,198
07/22/2007,EUG,OR,ANM,WE,Combined TRACON& Tower with Radar,19,36,35,0,90,0,0,53,0,53,19,36,88,0,143,12,0,12,155
07/23/2007,EUG,OR,ANM,WE,Combined TRACON& Tower with Radar,15,54,53,10,132,0,0,53,0,53,15,54,106,10,185,108,8,116,301
07/24/2007,EUG,OR,ANM,WE,Combined TRACON& Tower with Radar,17,47,27,2,93,1,14,87,2,104,18,61,114,4,197,78,0,78,275
07/25/2007,EUG,OR,ANM,WE,Combined TRACON& Tower with Radar,19,52,28,2,101,0,10,103,0,113,19,62,131,2,214,138,0,138,352
07/26/2007,EUG,OR,ANM,WE,Combined TRACON& Tower with Radar,21,49,41,2,113,0,3,48,0,51,21,52,89,2,164,88,0,88,252
07/27/2007,EUG,OR,ANM,WE,Combined TRACON& Tower with Radar,18,52,30,1,101,0,5,133,0,138,18,57,163,1,239,122,0,122,361
07/28/2007,EUG,OR,ANM,WE,Combined TRACON& Tower with Radar,16,40,25,0,81,0,4,87,0,91,16,44,112,0,172,122,0,122,294
07/29/2007,EUG,OR,ANM,WE,Combined TRACON& Tower with Radar,21,35,29,0,85,2,6,28,0,36,23,41,57,0,121,22,0,22,143
07/30/2007,EUG,OR,ANM,WE,Combined TRACON& Tower with Radar,17,51,25,0,93,3,2,105,1,111,20,53,130,1,204,70,0,70,274
07/31/2007,EUG,OR,ANM,WE,Combined TRACON& Tower with Radar,21,52,35,0,108,0,0,100,2,102,21,52,135,2,210,62,0,62,272
08/01/2007,EUG,OR,ANM,WE,Combined TRACON& Tower with Radar,15,59,25,0,99,0,5,151,0,156,15,64,176,0,255,128,0,128,383
08/02/2007,EUG,OR,ANM,WE,Combined TRACON& Tower with Radar,23,58,50,0,131,0,0,83,0,83,23,58,133,0,214,98,0,98,312
08/03/2007,EUG,OR,ANM,WE,Combined TRACON& Tower with Radar,14,50,41,0,105,0,5,85,1,91,14,55,126,1,196,44,0,44,240
08/04/2007,EUG,OR,ANM,WE,Combined TRACON& Tower with Radar,23,36,18,0,77,0,0,59,0,59,23,36,77,0,136,46,0,46,182
08/05/2007,EUG,OR,ANM,WE,Combined TRACON& Tower with Radar,22,40,17,0,79,0,4,43,1,48,22,44,60,1,127,2,0,2,129
08/06/2007,EUG,OR,ANM,WE,Combined TRACON& Tower with Radar,17,55,55,2,129,0,0,56,0,56,17,55,111,2,185,120,0,120,305
08/07/2007,EUG,OR,ANM,WE,Combined TRACON& Tower with Radar,24,57,54,4,139,0,0,96,2,98,24,57,150,6,237,184,4,188,425
08/08/2007,EUG,OR,ANM,WE,Combined TRACON& Tower with Radar,16,57,43,4,120,0,0,85,4,89,16,57,128,8,209,136,2,138,347
08/09/2007,EUG,OR,ANM,WE,Combined TRACON& Tower with Radar,25,51,29,3,108,0,2,137,4,143,25,53,166,7,251,82,0,82,333
08/10/2007,EUG,OR,ANM,WE,Combined TRACON& Tower with Radar,19,51,19,0,89,0,1,113,0,114,19,52,132,0,203,122,4,126,329
08/11/2007,EUG,OR,ANM,WE,Combined TRACON& Tower with Radar,18,40,19,0,77,0,0,73,0,73,18,40,92,0,150,82,0,82,232
08/12/2007,EUG,OR,ANM,WE,Combined TRACON& Tower with Radar,18,34,12,2,66,0,0,78,1,79,18,34,90,3,145,74,10,84,229
08/13/2007,EUG,OR,ANM,WE,Combined TRACON& Tower with Radar,17,58,22,2,99,0,12,79,1,92,17,70,101,3,191,94,0,94,285
08/14/2007,EUG,OR,ANM,WE,Combined TRACON& Tower with Radar,16,52,18,11,97,0,9,82,0,91,16,61,100,11,188,126,18,144,332
08/15/2007,EUG,OR,ANM,WE,Combined TRACON& Tower with Radar,21,39,24,4,88,0,16,81,4,101,21,55,105,8,189,102,10,112,301
08/16/2007,EUG,OR,ANM,WE,Combined TRACON& Tower with Radar,18,51,41,0,110,0,7,138,0,145,18,58,179,0,255,116,0,116,371
08/17/2007,EUG,OR,ANM,WE,Combined TRACON& Tower with Radar,20,57,36,0,113,0,4,126,0,130,20,61,162,0,243,106,0,106,349
08/18/2007,EUG,OR,ANM,WE,Combined TRACON& Tower with Radar,14,45,18,0,77,4,6,71,0,81,18,51,89,0,158,52,0,52,210
08/19/2007,EUG,OR,ANM,WE,Combined TRACON& Tower with Radar,28,33,39,0,100,0,2,29,0,31,28,35,68,0,131,0,0,0,131
08/20/2007,EUG,OR,ANM,WE,Combined TRACON& Tower with Radar,17,45,55,2,119,0,0,0,0,0,17,45,55,2,119,26,0,26,145
08/21/2007,EUG,OR,ANM,WE,Combined TRACON& Tower with Radar,18,52,16,0,86,3,5,65,0,73,21,57,81,0,159,100,0,100,259
08/22/2007,EUG,OR,ANM,WE,Combined TRACON& Tower with Radar,17,60,40,1,118,0,1,87,0,88,17,61,127,1,206,86,0,86,292
08/23/2007,EUG,OR,ANM,WE,Combined TRACON& Tower with Radar,20,47,17,0,84,0,9,113,0,122,20,56,130,0,206,106,0,106,312
08/24/2007,EUG,OR,ANM,WE,Combined TRACON& Tower with Radar,17,45,21,3,86,0,0,134,3,137,17,45,155,6,223,62,0,62,285
08/25/2007,EUG,OR,ANM,WE,Combined TRACON& Tower with Radar,21,36,19,3,79,0,0,213,0,213,21,36,232,3,292,34,0,34,326
08/26/2007,EUG,OR,ANM,WE,Combined TRACON& Tower with Radar,18,32,7,0,57,0,9,467,0,476,18,41,474,0,533,44,0,44,577
08/27/2007,EUG,OR,ANM,WE,Combined TRACON& Tower with Radar,17,52,24,2,95,1,18,114,0,133,18,70,138,2,228,106,0,106,334
08/28/2007,EUG,OR,ANM,WE,Combined TRACON& Tower with Radar,20,55,33,0,108,0,5,101,0,106,20,60,134,0,214,42,0,42,256
08/29/2007,EUG,OR,ANM,WE,Combined TRACON& Tower with Radar,21,48,24,0,93,6,0,119,0,125,27,48,143,0,218,104,0,104,322
08/30/2007,EUG,OR,ANM,WE,Combined TRACON& Tower with Radar,21,52,25,0,98,0,9,110,0,119,21,61,135,0,217,114,0,114,331
08/31/2007,EUG,OR,ANM,WE,Combined TRACON& Tower with Radar,25,41,33,0,99,0,7,97,0,104,25,48,130,0,203,112,0,112,315
09/01/2007,EUG,OR,ANM,WE,Combined TRACON& Tower with Radar,22,37,35,0,94,0,5,99,0,104,22,42,134,0,198,58,0,58,256
09/02/2007,EUG,OR,ANM,WE,Combined TRACON& Tower with Radar,19,27,10,0,56,0,4,46,0,50,19,31,56,0,106,24,0,24,130
09/03/2007,EUG,OR,ANM,WE,Combined TRACON& Tower with Radar,15,28,22,0,65,0,0,46,0,46,15,28,68,0,111,54,0,54,165
09/04/2007,EUG,OR,ANM,WE,Combined TRACON& Tower with Radar,20,51,43,1,115,0,0,55,1,56,20,51,98,2,171,96,0,96,267
09/05/2007,EUG,OR,ANM,WE,Combined TRACON& Tower with Radar,20,59,27,0,106,0,0,84,0,84,20,59,111,0,190,88,0,88,278
09/06/2007,EUG,OR,ANM,WE,Combined TRACON& Tower with Radar,18,51,35,0,104,0,0,78,2,80,18,51,113,2,184,54,0,54,238
09/07/2007,EUG,OR,ANM,WE,Combined TRACON& Tower with Radar,23,45,29,5,102,5,7,93,1,106,28,52,122,6,208,18,12,30,238
09/08/2007,EUG,OR,ANM,WE,Combined TRACON& Tower with Radar,25,27,15,0,67,0,4,82,0,86,25,31,97,0,153,54,0,54,207
09/09/2007,EUG,OR,ANM,WE,Combined TRACON& Tower with Radar,15,35,15,0,65,5,0,79,0,84,20,35,94,0,149,60,0,60,209
09/10/2007,EUG,OR,ANM,WE,Combined TRACON& Tower with Radar,15,38,15,0,68,8,22,97,4,131,23,60,112,4,199,68,0,68,267
09/11/2007,EUG,OR,ANM,WE,Combined TRACON& Tower with Radar,22,48,11,8,89,0,0,104,0,104,22,48,115,8,193,88,4,92,285
09/12/2007,EUG,OR,ANM,WE,Combined TRACON& Tower with Radar,18,44,31,1,94,1,0,75,7,83,19,44,106,8,177,110,26,136,313
09/13/2007,EUG,OR,ANM,WE,Combined TRACON& Tower with Radar,15,51,35,0,101,5,0,30,0,35,20,51,65,0,136,58,0,58,194
09/14/2007,EUG,OR,ANM,WE,Combined TRACON& Tower with Radar,22,52,39,3,116,0,0,49,2,51,22,52,88,5,167,54,0,54,221
09/15/2007,EUG,OR,ANM,WE,Combined TRACON& Tower with Radar,22,35,45,0,102,1,4,68,0,73,23,39,113,0,175,98,0,98,273
09/16/2007,EUG,OR,ANM,WE,Combined TRACON& Tower with Radar,21,36,22,0,79,0,5,29,0,34,21,41,51,0,113,26,0,26,139
09/17/2007,EUG,OR,ANM,WE,Combined TRACON& Tower with Radar,27,44,28,16,115,0,0,35,0,35,27,44,63,16,150,50,24,74,224
09/18/2007,EUG,OR,ANM,WE,Combined TRACON& Tower with Radar,22,45,34,2,103,0,1,45,0,46,22,46,79,2,149,28,26,54,203
09/19/2007,EUG,OR,ANM,WE,Combined TRACON& Tower with Radar,22,48,28,1,99,0,0,59,0,59,22,48,87,1,158,14,0,14,172
09/20/2007,EUG,OR,ANM,WE,Combined TRACON& Tower with Radar,25,46,22,6,99,3,4,60,1,68,28,50,82,7,167,30,0,30,197
09/21/2007,EUG,OR,ANM,WE,Combined TRACON& Tower with Radar,22,42,34,0,98,0,0,54,0,54,22,42,88,0,152,36,0,36,188
09/22/2007,EUG,OR,ANM,WE,Combined TRACON& Tower with Radar,20,33,19,0,72,0,0,26,0,26,20,33,45,0,98,2,0,2,100
09/23/2007,EUG,OR,ANM,WE,Combined TRACON& Tower with Radar,24,38,27,0,89,0,1,49,0,50,24,39,76,0,139,58,0,58,197
09/24/2007,EUG,OR,ANM,WE,Combined TRACON& Tower with Radar,22,41,17,2,82,0,8,82,0,90,22,49,99,2,172,66,0,66,238
09/25/2007,EUG,OR,ANM,WE,Combined TRACON& Tower with Radar,25,50,23,2,100,0,0,109,0,109,25,50,132,2,209,102,0,102,311
09/26/2007,EUG,OR,ANM,WE,Combined TRACON& Tower with Radar,28,42,29,0,99,0,0,102,0,102,28,42,131,0,201,138,0,138,339
09/27/2007,EUG,OR,ANM,WE,Combined TRACON& Tower with Radar,28,48,34,0,110,0,0,110,0,110,28,48,144,0,220,88,0,88,308
09/28/2007,EUG,OR,ANM,WE,Combined TRACON& Tower with Radar,31,44,40,0,115,0,6,17,0,23,31,50,57,0,138,10,0,10,148
09/29/2007,EUG,OR,ANM,WE,Combined TRACON& Tower with Radar,20,34,66,0,120,0,0,70,0,70,20,34,136,0,190,22,0,22,212
09/30/2007,EUG,OR,ANM,WE,Combined TRACON& Tower with Radar,24,33,16,0,73,0,0,0,0,0,24,33,16,0,73,0,0,0,73
10/01/2007,EUG,OR,ANM,WE,Combined TRACON& Tower with Radar,23,41,27,2,93,0,10,53,0,63,23,51,80,2,156,80,2,82,238
10/02/2007,EUG,OR,ANM,WE,Combined TRACON& Tower with Radar,23,42,25,2,92,1,0,71,0,72,24,42,96,2,164,88,0,88,252
10/03/2007,EUG,OR,ANM,WE,Combined TRACON& Tower with Radar,30,49,35,0,114,1,0,23,0,24,31,49,58,0,138,74,0,74,212
10/04/2007,EUG,OR,ANM,WE,Combined TRACON& Tower with Radar,20,42,25,4,91,0,14,53,0,67,20,56,78,4,158,74,6,80,238
10/05/2007,EUG,OR,ANM,WE,Combined TRACON& Tower with Radar,22,41,64,0,127,0,0,45,0,45,22,41,109,0,172,108,0,108,280
10/06/2007,EUG,OR,ANM,WE,Combined TRACON& Tower with Radar,22,31,25,2,80,0,5,75,0,80,22,36,100,2,160,64,0,64,224
10/07/2007,EUG,OR,ANM,WE,Combined TRACON& Tower with Radar,25,39,37,0,101,0,0,0,0,0,25,39,37,0,101,60,0,60,161
10/08/2007,EUG,OR,ANM,WE,Combined TRACON& Tower with Radar,22,44,43,0,109,3,9,4,0,16,25,53,47,0,125,12,0,12,137
10/09/2007,EUG,OR,ANM,WE,Combined TRACON& Tower with Radar,24,55,38,0,117,0,1,12,0,13,24,56,50,0,130,84,0,84,214
10/10/2007,EUG,OR,ANM,WE,Combined TRACON& Tower with Radar,21,52,67,8,148,0,6,26,0,32,21,58,93,8,180,56,18,74,254
10/11/2007,EUG,OR,ANM,WE,Combined TRACON& Tower with Radar,26,50,56,0,132,2,0,20,0,22,28,50,76,0,154,68,0,68,222
10/12/2007,EUG,OR,ANM,WE,Combined TRACON& Tower with Radar,25,44,67,2,138,0,0,36,0,36,25,44,103,2,174,20,0,20,194
10/13/2007,EUG,OR,ANM,WE,Combined TRACON& Tower with Radar,23,28,38,10,99,0,0,41,0,41,23,28,79,10,140,52,0,52,192
10/14/2007,EUG,OR,ANM,WE,Combined TRACON& Tower with Radar,27,30,22,4,83,3,0,73,0,76,30,30,95,4,159,44,0,44,203
10/15/2007,EUG,OR,ANM,WE,Combined TRACON& Tower with Radar,23,52,29,0,104,0,0,86,0,86,23,52,115,0,190,164,0,164,354
10/16/2007,EUG,OR,ANM,WE,Combined TRACON& Tower with Radar,20,45,27,0,92,0,0,57,0,57,20,45,84,0,149,136,0,136,285
10/17/2007,EUG,OR,ANM,WE,Combined TRACON& Tower with Radar,21,51,56,0,128,0,0,56,2,58,21,51,112,2,186,76,0,76,262
10/18/2007,EUG,OR,ANM,WE,Combined TRACON& Tower with Radar,28,51,18,0,97,0,7,35,0,42,28,58,53,0,139,50,0,50,189
10/19/2007,EUG,OR,ANM,WE,Combined TRACON& Tower with Radar,22,45,34,0,101,0,5,30,0,35,22,50,64,0,136,30,0,30,166
10/20/2007,EUG,OR,ANM,WE,Combined TRACON& Tower with Radar,21,28,32,0,81,0,0,0,0,0,21,28,32,0,81,80,0,80,161
10/21/2007,EUG,OR,ANM,WE,Combined TRACON& Tower with Radar,23,32,35,4,94,0,0,67,5,72,23,32,102,9,166,56,10,66,232
10/22/2007,EUG,OR,ANM,WE,Combined TRACON& Tower with Radar,24,45,34,4,107,0,12,124,0,136,24,57,158,4,243,142,2,144,387
10/23/2007,EUG,OR,ANM,WE,Combined TRACON& Tower with Radar,25,47,15,1,88,0,0,110,3,113,25,47,125,4,201,152,0,152,353
10/24/2007,EUG,OR,ANM,WE,Combined TRACON& Tower with Radar,25,57,56,0,138,0,0,22,0,22,25,57,78,0,160,94,0,94,254
10/25/2007,EUG,OR,ANM,WE,Combined TRACON& Tower with Radar,25,48,31,0,104,1,14,77,0,92,26,62,108,0,196,90,0,90,286
10/26/2007,EUG,OR,ANM,WE,Combined TRACON& Tower with Radar,28,49,52,0,129,0,9,78,10,97,28,58,130,10,226,110,10,120,346
10/27/2007,EUG,OR,ANM,WE,Combined TRACON& Tower with Radar,26,34,43,0,103,0,4,134,0,138,26,38,177,0,241,106,0,106,347
10/28/2007,EUG,OR,ANM,WE,Combined TRACON& Tower with Radar,24,30,24,2,80,0,0,65,1,66,24,30,89,3,146,56,0,56,202
10/29/2007,EUG,OR,ANM,WE,Combined TRACON& Tower with Radar,30,43,31,2,106,0,5,44,0,49,30,48,75,2,155,56,0,56,211
10/30/2007,EUG,OR,ANM,WE,Combined TRACON& Tower with Radar,17,42,20,2,81,0,4,69,2,75,17,46,89,4,156,140,0,140,296
10/31/2007,EUG,OR,ANM,WE,Combined TRACON& Tower with Radar,22,45,31,0,98,0,0,30,0,30,22,45,61,0,128,70,0,70,198
11/01/2007,EUG,OR,ANM,WE,Combined TRACON& Tower with Radar,28,49,38,1,116,0,4,49,3,56,28,53,87,4,172,40,0,40,212
11/02/2007,EUG,OR,ANM,WE,Combined TRACON& Tower with Radar,28,59,38,8,133,2,4,132,8,146,30,63,170,16,279,168,0,168,447
11/03/2007,EUG,OR,ANM,WE,Combined TRACON& Tower with Radar,29,31,68,0,128,0,0,68,0,68,29,31,136,0,196,76,0,76,272
11/04/2007,EUG,OR,ANM,WE,Combined TRACON& Tower with Radar,28,25,43,4,100,3,0,0,0,3,31,25,43,4,103,0,0,0,103
11/05/2007,EUG,OR,ANM,WE,Combined TRACON& Tower with Radar,26,48,26,0,100,0,0,0,0,0,26,48,26,0,100,0,0,0,100
11/06/2007,EUG,OR,ANM,WE,Combined TRACON& Tower with Radar,24,39,39,0,102,0,0,0,0,0,24,39,39,0,102,0,0,0,102
11/07/2007,EUG,OR,ANM,WE,Combined TRACON& Tower with Radar,19,34,43,0,96,0,0,0,0,0,19,34,43,0,96,0,0,0,96
11/08/2007,EUG,OR,ANM,WE,Combined TRACON& Tower with Radar,23,42,50,0,115,0,19,105,0,124,23,61,155,0,239,124,0,124,363
11/09/2007,EUG,OR,ANM,WE,Combined TRACON& Tower with Radar,29,50,58,0,137,1,0,43,0,44,30,50,101,0,181,48,2,50,231
11/10/2007,EUG,OR,ANM,WE,Combined TRACON& Tower with Radar,25,31,30,0,86,3,0,80,0,83,28,31,110,0,169,118,0,118,287
11/11/2007,EUG,OR,ANM,WE,Combined TRACON& Tower with Radar,25,26,17,0,68,0,0,54,0,54,25,26,71,0,122,70,0,70,192
11/12/2007,EUG,OR,ANM,WE,Combined TRACON& Tower with Radar,25,41,12,0,78,3,1,0,0,4,28,42,12,0,82,0,0,0,82
11/13/2007,EUG,OR,ANM,WE,Combined TRACON& Tower with Radar,22,43,33,11,109,0,0,64,0,64,22,43,97,11,173,120,20,140,313
11/14/2007,EUG,OR,ANM,WE,Combined TRACON& Tower with Radar,30,52,41,0,123,0,2,75,0,77,30,54,116,0,200,112,0,112,312
11/15/2007,EUG,OR,ANM,WE,Combined TRACON& Tower with Radar,26,45,37,2,110,0,1,74,0,75,26,46,111,2,185,164,0,164,349
11/16/2007,EUG,OR,ANM,WE,Combined TRACON& Tower with Radar,28,54,49,12,143,2,0,22,0,24,30,54,71,12,167,72,0,72,239
11/17/2007,EUG,OR,ANM,WE,Combined TRACON& Tower with Radar,20,34,19,2,75,3,0,0,1,4,23,34,19,3,79,0,0,0,79
11/18/2007,EUG,OR,ANM,WE,Combined TRACON& Tower with Radar,30,24,21,0,75,0,0,6,0,6,30,24,27,0,81,0,0,0,81
11/19/2007,EUG,OR,ANM,WE,Combined TRACON& Tower with Radar,30,56,37,0,123,0,0,40,0,40,30,56,77,0,163,146,0,146,309
11/20/2007,EUG,OR,ANM,WE,Combined TRACON& Tower with Radar,29,56,29,0,114,0,4,69,0,73,29,60,98,0,187,124,0,124,311
11/21/2007,EUG,OR,ANM,WE,Combined TRACON& Tower with Radar,24,41,40,0,105,0,0,67,1,68,24,41,107,1,173,116,1,117,290
11/22/2007,EUG,OR,ANM,WE,Combined TRACON& Tower with Radar,20,21,1,0,42,0,0,21,0,21,20,21,22,0,63,0,0,0,63
11/23/2007,EUG,OR,ANM,WE,Combined TRACON& Tower with Radar,20,33,11,0,64,1,6,72,0,79,21,39,83,0,143,26,0,26,169
11/24/2007,EUG,OR,ANM,WE,Combined TRACON& Tower with Radar,27,23,14,0,64,0,1,49,0,50,27,24,63,0,114,64,0,64,178
11/25/2007,EUG,OR,ANM,WE,Combined TRACON& Tower with Radar,30,29,25,0,84,2,4,7,0,13,32,33,32,0,97,0,0,0,97
11/26/2007,EUG,OR,ANM,WE,Combined TRACON& Tower with Radar,29,44,46,0,119,0,0,30,0,30,29,44,76,0,149,26,0,26,175
11/27/2007,EUG,OR,ANM,WE,Combined TRACON& Tower with Radar,25,45,22,0,92,0,0,38,0,38,25,45,60,0,130,114,0,114,244
11/28/2007,EUG,OR,ANM,WE,Combined TRACON& Tower with Radar,18,50,24,0,92,0,0,14,0,14,18,50,38,0,106,0,0,0,106
11/29/2007,EUG,OR,ANM,WE,Combined TRACON& Tower with Radar,26,45,40,10,121,0,0,32,0,32,26,45,72,10,153,66,0,66,219
11/30/2007,EUG,OR,ANM,WE,Combined TRACON& Tower with Radar,29,48,28,16,121,0,0,12,0,12,29,48,40,16,133,50,0,50,183
12/01/2007,EUG,OR,ANM,WE,Combined TRACON& Tower with Radar,27,30,30,0,87,4,0,31,0,35,31,30,61,0,122,76,0,76,198
12/02/2007,EUG,OR,ANM,WE,Combined TRACON& Tower with Radar,30,24,9,0,63,0,0,0,0,0,30,24,9,0,63,0,0,0,63
12/03/2007,EUG,OR,ANM,WE,Combined TRACON& Tower with Radar,25,53,9,0,87,0,0,0,0,0,25,53,9,0,87,0,0,0,87
12/04/2007,EUG,OR,ANM,WE,Combined TRACON& Tower with Radar,23,48,51,8,130,0,1,0,0,1,23,49,51,8,131,110,0,110,241
12/05/2007,EUG,OR,ANM,WE,Combined TRACON& Tower with Radar,26,58,46,0,130,0,0,13,0,13,26,58,59,0,143,54,0,54,197
12/06/2007,EUG,OR,ANM,WE,Combined TRACON& Tower with Radar,27,41,65,8,141,0,0,3,0,3,27,41,68,8,144,54,14,68,212
12/07/2007,EUG,OR,ANM,WE,Combined TRACON& Tower with Radar,24,49,44,8,125,2,0,13,2,17,26,49,57,10,142,38,0,38,180
12/08/2007,EUG,OR,ANM,WE,Combined TRACON& Tower with Radar,21,28,23,0,72,0,5,41,0,46,21,33,64,0,118,76,0,76,194
12/09/2007,EUG,OR,ANM,WE,Combined TRACON& Tower with Radar,23,26,12,0,61,0,2,2,0,4,23,28,14,0,65,0,0,0,65
12/10/2007,EUG,OR,ANM,WE,Combined TRACON& Tower with Radar,24,49,40,0,113,0,0,0,0,0,24,49,40,0,113,0,0,0,113
12/11/2007,EUG,OR,ANM,WE,Combined TRACON& Tower with Radar,26,47,20,1,94,0,0,12,1,13,26,47,32,2,107,56,0,56,163
12/12/2007,EUG,OR,ANM,WE,Combined TRACON& Tower with Radar,18,48,49,4,119,0,0,2,0,2,18,48,51,4,121,0,0,0,121
12/13/2007,EUG,OR,ANM,WE,Combined TRACON& Tower with Radar,23,49,40,0,112,0,4,1,0,5,23,53,41,0,117,0,0,0,117
12/14/2007,EUG,OR,ANM,WE,Combined TRACON& Tower with Radar,30,47,24,0,101,0,1,70,0,71,30,48,94,0,172,2,0,2,174
12/15/2007,EUG,OR,ANM,WE,Combined TRACON& Tower with Radar,19,28,8,6,61,4,3,29,2,38,23,31,37,8,99,58,18,76,175
12/16/2007,EUG,OR,ANM,WE,Combined TRACON& Tower with Radar,26,28,5,0,59,0,0,0,0,0,26,28,5,0,59,14,0,14,73
12/17/2007,EUG,OR,ANM,WE,Combined TRACON& Tower with Radar,22,50,20,3,95,6,2,14,1,23,28,52,34,4,118,18,36,54,172
12/18/2007,EUG,OR,ANM,WE,Combined TRACON& Tower with Radar,22,47,24,2,95,0,6,4,1,11,22,53,28,3,106,16,0,16,122
12/19/2007,EUG,OR,ANM,WE,Combined TRACON& Tower with Radar,14,27,17,0,58,0,0,0,0,0,14,27,17,0,58,0,0,0,58
12/20/2007,EUG,OR,ANM,WE,Combined TRACON& Tower with Radar,29,54,18,0,101,0,0,12,0,12,29,54,30,0,113,22,0,22,135
12/21/2007,EUG,OR,ANM,WE,Combined TRACON& Tower with Radar,24,55,36,4,119,0,2,34,6,42,24,57,70,10,161,10,0,10,171
12/22/2007,EUG,OR,ANM,WE,Combined TRACON& Tower with Radar,20,35,10,0,65,0,0,1,0,1,20,35,11,0,66,0,0,0,66
12/23/2007,EUG,OR,ANM,WE,Combined TRACON& Tower with Radar,28,31,10,0,69,3,0,0,0,3,31,31,10,0,72,0,0,0,72
12/24/2007,EUG,OR,ANM,WE,Combined TRACON& Tower with Radar,20,40,3,0,63,0,3,14,0,17,20,43,17,0,80,10,0,10,90
12/25/2007,EUG,OR,ANM,WE,Combined TRACON& Tower with Radar,23,24,3,0,50,0,0,0,0,0,23,24,3,0,50,16,0,16,66
12/26/2007,EUG,OR,ANM,WE,Combined TRACON& Tower with Radar,20,44,14,0,78,0,0,0,6,6,20,44,14,6,84,0,4,4,88
12/27/2007,EUG,OR,ANM,WE,Combined TRACON& Tower with Radar,25,51,15,0,91,0,4,2,0,6,25,55,17,0,97,0,0,0,97
12/28/2007,EUG,OR,ANM,WE,Combined TRACON& Tower with Radar,19,42,13,0,74,0,0,2,0,2,19,42,15,0,76,0,0,0,76
12/29/2007,EUG,OR,ANM,WE,Combined TRACON& Tower with Radar,18,29,6,0,53,0,0,14,0,14,18,29,20,0,67,34,0,34,101
12/30/2007,EUG,OR,ANM,WE,Combined TRACON& Tower with Radar,4,29,11,0,44,0,0,13,0,13,4,29,24,0,57,0,0,0,57
12/31/2007,EUG,OR,ANM,WE,Combined TRACON& Tower with Radar,19,34,11,0,64,5,1,5,0,11,24,35,16,0,75,0,0,0,75
01/01/2008,EUG,OR,ANM,WE,Combined TRACON& Tower with Radar,21,33,6,0,60,2,1,0,0,3,23,34,6,0,63,0,0,0,63
01/02/2008,EUG,OR,ANM,WE,Combined TRACON& Tower with Radar,22,47,13,0,82,0,2,7,0,9,22,49,20,0,91,8,0,8,99
01/03/2008,EUG,OR,ANM,WE,Combined TRACON& Tower with Radar,29,43,29,0,101,0,1,16,0,17,29,44,45,0,118,8,0,8,126
01/04/2008,EUG,OR,ANM,WE,Combined TRACON& Tower with Radar,25,37,6,2,70,0,0,6,0,6,25,37,12,2,76,6,0,6,82
01/05/2008,EUG,OR,ANM,WE,Combined TRACON& Tower with Radar,19,31,7,0,57,0,2,2,0,4,19,33,9,0,61,6,0,6,67
01/06/2008,EUG,OR,ANM,WE,Combined TRACON& Tower with Radar,25,24,12,0,61,0,3,0,0,3,25,27,12,0,64,0,0,0,64
01/07/2008,EUG,OR,ANM,WE,Combined TRACON& Tower with Radar,21,43,30,2,96,2,0,43,0,45,23,43,73,2,141,52,0,52,193
01/08/2008,EUG,OR,ANM,WE,Combined TRACON& Tower with Radar,29,51,20,4,104,0,0,20,0,20,29,51,40,4,124,46,0,46,170
01/09/2008,EUG,OR,ANM,WE,Combined TRACON& Tower with Radar,24,46,51,6,127,0,0,68,0,68,24,46,119,6,195,52,0,52,247
01/10/2008,EUG,OR,ANM,WE,Combined TRACON& Tower with Radar,25,40,30,2,97,0,9,38,0,47,25,49,68,2,144,114,0,114,258
01/11/2008,EUG,OR,ANM,WE,Combined TRACON& Tower with Radar,25,44,55,14,138,0,0,15,0,15,25,44,70,14,153,62,16,78,231
01/12/2008,EUG,OR,ANM,WE,Combined TRACON& Tower with Radar,22,26,23,0,71,0,0,33,0,33,22,26,56,0,104,40,0,40,144
01/13/2008,EUG,OR,ANM,WE,Combined TRACON& Tower with Radar,24,30,20,0,74,1,0,13,0,14,25,30,33,0,88,34,0,34,122
01/14/2008,EUG,OR,ANM,WE,Combined TRACON& Tower with Radar,25,39,55,0,119,0,0,43,0,43,25,39,98,0,162,48,0,48,210
01/15/2008,EUG,OR,ANM,WE,Combined TRACON& Tower with Radar,21,41,43,0,105,0,3,32,0,35,21,44,75,0,140,78,0,78,218
01/16/2008,EUG,OR,ANM,WE,Combined TRACON& Tower with Radar,25,46,27,0,98,0,4,27,0,31,25,50,54,0,129,26,0,26,155
01/17/2008,EUG,OR,ANM,WE,Combined TRACON& Tower with Radar,28,47,24,1,100,0,0,1,1,2,28,47,25,2,102,2,0,2,104
01/18/2008,EUG,OR,ANM,WE,Combined TRACON& Tower with Radar,21,40,42,10,113,0,0,2,0,2,21,40,44,10,115,6,0,6,121
01/19/2008,EUG,OR,ANM,WE,Combined TRACON& Tower with Radar,26,29,33,7,95,2,3,11,0,16,28,32,44,7,111,40,0,40,151
01/20/2008,EUG,OR,ANM,WE,Combined TRACON& Tower with Radar,20,30,5,0,55,0,1,12,0,13,20,31,17,0,68,26,0,26,94
01/21/2008,EUG,OR,ANM,WE,Combined TRACON& Tower with Radar,23,33,23,0,79,2,0,46,0,48,25,33,69,0,127,54,0,54,181
01/22/2008,EUG,OR,ANM,WE,Combined TRACON& Tower with Radar,21,40,26,10,97,0,4,156,0,160,21,44,182,10,257,244,0,244,501
01/23/2008,EUG,OR,ANM,WE,Combined TRACON& Tower with Radar,26,39,25,2,92,3,9,149,0,161,29,48,174,2,253,202,0,202,455
01/24/2008,EUG,OR,ANM,WE,Combined TRACON& Tower with Radar,29,46,29,3,107,0,0,35,1,36,29,46,64,4,143,52,0,52,195
01/25/2008,EUG,OR,ANM,WE,Combined TRACON& Tower with Radar,23,45,25,4,97,0,6,76,2,84,23,51,101,6,181,56,0,56,237
01/26/2008,EUG,OR,ANM,WE,Combined TRACON& Tower with Radar,24,20,10,1,55,1,2,11,1,15,25,22,21,2,70,56,0,56,126
01/27/2008,EUG,OR,ANM,WE,Combined TRACON& Tower with Radar,25,23,10,2,60,0,0,3,1,4,25,23,13,3,64,0,0,0,64
01/28/2008,EUG,OR,ANM,WE,Combined TRACON& Tower with Radar,27,45,12,0,84,0,0,0,0,0,27,45,12,0,84,0,0,0,84
01/29/2008,EUG,OR,ANM,WE,Combined TRACON& Tower with Radar,32,39,17,0,88,0,6,9,0,15,32,45,26,0,103,40,0,40,143
01/30/2008,EUG,OR,ANM,WE,Combined TRACON& Tower with Radar,22,42,12,0,76,0,0,19,0,19,22,42,31,0,95,32,0,32,127
01/31/2008,EUG,OR,ANM,WE,Combined TRACON& Tower with Radar,24,40,14,6,84,3,0,14,0,17,27,40,28,6,101,30,0,30,131
02/01/2008,EUG,OR,ANM,WE,Combined TRACON& Tower with Radar,26,50,21,4,101,0,4,27,0,31,26,54,48,4,132,64,0,64,196
02/02/2008,EUG,OR,ANM,WE,Combined TRACON& Tower with Radar,28,31,28,0,87,0,0,0,0,0,28,31,28,0,87,4,0,4,91
02/03/2008,EUG,OR,ANM,WE,Combined TRACON& Tower with Radar,19,38,16,0,73,0,2,12,0,14,19,40,28,0,87,36,0,36,123
02/04/2008,EUG,OR,ANM,WE,Combined TRACON& Tower with Radar,24,58,34,0,116,0,0,23,0,23,24,58,57,0,139,30,0,30,169
02/05/2008,EUG,OR,ANM,WE,Combined TRACON& Tower with Radar,24,45,38,0,107,0,0,20,0,20,24,45,58,0,127,78,0,78,205
02/06/2008,EUG,OR,ANM,WE,Combined TRACON& Tower with Radar,22,49,46,2,119,0,0,30,0,30,22,49,76,2,149,88,0,88,237
02/07/2008,EUG,OR,ANM,WE,Combined TRACON& Tower with Radar,26,44,53,4,127,3,0,0,38,41,29,44,53,42,168,2,0,2,170
02/08/2008,EUG,OR,ANM,WE,Combined TRACON& Tower with Radar,22,44,56,0,122,1,0,30,0,31,23,44,86,0,153,60,0,60,213
02/09/2008,EUG,OR,ANM,WE,Combined TRACON& Tower with Radar,29,23,29,0,81,0,0,97,0,97,29,23,126,0,178,92,0,92,270
02/10/2008,EUG,OR,ANM,WE,Combined TRACON& Tower with Radar,19,32,19,0,70,4,0,7,0,11,23,32,26,0,81,20,0,20,101
02/11/2008,EUG,OR,ANM,WE,Combined TRACON& Tower with Radar,27,50,49,0,126,0,0,36,0,36,27,50,85,0,162,88,0,88,250
02/12/2008,EUG,OR,ANM,WE,Combined TRACON& Tower with Radar,26,38,31,0,95,2,0,67,0,69,28,38,98,0,164,80,0,80,244
02/13/2008,EUG,OR,ANM,WE,Combined TRACON& Tower with Radar,26,41,38,6,111,0,1,71,0,72,26,42,109,6,183,126,4,130,313
02/14/2008,EUG,OR,ANM,WE,Combined TRACON& Tower with Radar,30,40,36,6,112,4,4,60,0,68,34,44,96,6,180,44,20,64,244
02/15/2008,EUG,OR,ANM,WE,Combined TRACON& Tower with Radar,28,39,30,3,100,1,8,94,0,103,29,47,124,3,203,110,0,110,313
02/16/2008,EUG,OR,ANM,WE,Combined TRACON& Tower with Radar,18,26,13,0,57,4,0,73,0,77,22,26,86,0,134,54,0,54,188
02/17/2008,EUG,OR,ANM,WE,Combined TRACON& Tower with Radar,29,24,19,1,73,4,1,38,0,43,33,25,57,1,116,38,0,38,154
02/18/2008,EUG,OR,ANM,WE,Combined TRACON& Tower with Radar,26,42,22,0,90,3,6,61,0,70,29,48,83,0,160,34,0,34,194
02/19/2008,EUG,OR,ANM,WE,Combined TRACON& Tower with Radar,26,49,48,0,123,0,0,30,1,31,26,49,78,1,154,74,0,74,228
02/20/2008,EUG,OR,ANM,WE,Combined TRACON& Tower with Radar,28,44,53,8,133,0,0,34,2,36,28,44,87,10,169,36,0,36,205
02/21/2008,EUG,OR,ANM,WE,Combined TRACON& Tower with Radar,28,44,43,0,115,0,0,9,0,9,28,44,52,0,124,24,0,24,148
02/22/2008,EUG,OR,ANM,WE,Combined TRACON& Tower with Radar,29,44,41,0,114,0,4,37,0,41,29,48,78,0,155,22,0,22,177
02/23/2008,EUG,OR,ANM,WE,Combined TRACON& Tower with Radar,16,28,20,1,65,0,0,24,0,24,16,28,44,1,89,42,0,42,131
02/24/2008,EUG,OR,ANM,WE,Combined TRACON& Tower with Radar,24,25,16,0,65,0,1,7,0,8,24,26,23,0,73,0,0,0,73
02/25/2008,EUG,OR,ANM,WE,Combined TRACON& Tower with Radar,24,25,17,0,66,0,19,81,0,100,24,44,98,0,166,118,4,122,288
02/26/2008,EUG,OR,ANM,WE,Combined TRACON& Tower with Radar,27,39,34,2,102,0,0,40,0,40,27,39,74,2,142,46,0,46,188
02/27/2008,EUG,OR,ANM,WE,Combined TRACON& Tower with Radar,27,46,27,0,100,0,1,83,0,84,27,47,110,0,184,84,0,84,268
02/28/2008,EUG,OR,ANM,WE,Combined TRACON& Tower with Radar,26,45,37,2,110,3,12,84,0,99,29,57,121,2,209,90,0,90,299
02/29/2008,EUG,OR,ANM,WE,Combined TRACON& Tower with Radar,28,45,62,2,137,0,0,47,0,47,28,45,109,2,184,62,0,62,246
03/01/2008,EUG,OR,ANM,WE,Combined TRACON& Tower with Radar,18,35,18,0,71,5,0,9,0,14,23,35,27,0,85,20,0,20,105
03/02/2008,EUG,OR,ANM,WE,Combined TRACON& Tower with Radar,25,25,57,0,107,4,0,0,0,4,29,25,57,0,111,32,0,32,143
03/03/2008,EUG,OR,ANM,WE,Combined TRACON& Tower with Radar,28,45,56,0,129,0,0,29,2,31,28,45,85,2,160,54,0,54,214
03/04/2008,EUG,OR,ANM,WE,Combined TRACON& Tower with Radar,27,42,41,0,110,0,6,70,0,76,27,48,111,0,186,94,0,94,280
03/05/2008,EUG,OR,ANM,WE,Combined TRACON& Tower with Radar,24,34,46,8,112,5,0,63,0,68,29,34,109,8,180,58,0,58,238
03/06/2008,EUG,OR,ANM,WE,Combined TRACON& Tower with Radar,30,44,40,4,118,0,0,93,1,94,30,44,133,5,212,118,0,118,330
03/07/2008,EUG,OR,ANM,WE,Combined TRACON& Tower with Radar,28,42,35,2,107,1,0,38,0,39,29,42,73,2,146,36,0,36,182
03/08/2008,EUG,OR,ANM,WE,Combined TRACON& Tower with Radar,19,36,22,0,77,0,0,71,0,71,19,36,93,0,148,114,0,114,262
03/09/2008,EUG,OR,ANM,WE,Combined TRACON& Tower with Radar,28,24,12,0,64,0,1,52,0,53,28,25,64,0,117,46,0,46,163
03/10/2008,EUG,OR,ANM,WE,Combined TRACON& Tower with Radar,27,42,21,0,90,0,2,70,0,72,27,44,91,0,162,46,0,46,208
03/11/2008,EUG,OR,ANM,WE,Combined TRACON& Tower with Radar,28,40,34,0,102,0,0,45,0,45,28,40,79,0,147,84,0,84,231
03/12/2008,EUG,OR,ANM,WE,Combined TRACON& Tower with Radar,27,42,45,4,118,0,0,81,0,81,27,42,126,4,199,88,10,98,297
03/13/2008,EUG,OR,ANM,WE,Combined TRACON& Tower with Radar,24,40,33,0,97,0,14,23,2,39,24,54,56,2,136,78,2,80,216
03/14/2008,EUG,OR,ANM,WE,Combined TRACON& Tower with Radar,29,43,37,0,109,0,1,2,0,3,29,44,39,0,112,26,0,26,138
03/15/2008,EUG,OR,ANM,WE,Combined TRACON& Tower with Radar,17,34,17,2,70,1,0,18,1,20,18,34,35,3,90,42,0,42,132
03/16/2008,EUG,OR,ANM,WE,Combined TRACON& Tower with Radar,26,24,21,0,71,3,2,44,0,49,29,26,65,0,120,44,0,44,164
03/17/2008,EUG,OR,ANM,WE,Combined TRACON& Tower with Radar,24,39,41,5,109,0,0,12,0,12,24,39,53,5,121,30,0,30,151
03/18/2008,EUG,OR,ANM,WE,Combined TRACON& Tower with Radar,26,42,26,2,96,0,0,28,0,28,26,42,54,2,124,18,0,18,142
03/19/2008,EUG,OR,ANM,WE,Combined TRACON& Tower with Radar,26,44,42,6,118,0,5,48,0,53,26,49,90,6,171,86,12,98,269
03/20/2008,EUG,OR,ANM,WE,Combined TRACON& Tower with Radar,25,36,45,2,108,0,0,11,1,12,25,36,56,3,120,70,0,70,190
03/21/2008,EUG,OR,ANM,WE,Combined TRACON& Tower with Radar,28,50,37,0,115,0,0,55,0,55,28,50,92,0,170,64,0,64,234
03/22/2008,EUG,OR,ANM,WE,Combined TRACON& Tower with Radar,19,32,22,0,73,0,1,53,0,54,19,33,75,0,127,34,0,34,161
03/23/2008,EUG,OR,ANM,WE,Combined TRACON& Tower with Radar,25,24,6,0,55,0,0,7,0,7,25,24,13,0,62,0,0,0,62
03/24/2008,EUG,OR,ANM,WE,Combined TRACON& Tower with Radar,23,39,18,0,80,6,9,32,0,47,29,48,50,0,127,40,0,40,167
03/25/2008,EUG,OR,ANM,WE,Combined TRACON& Tower with Radar,30,45,15,0,90,0,8,50,0,58,30,53,65,0,148,42,0,42,190
03/26/2008,EUG,OR,ANM,WE,Combined TRACON& Tower with Radar,28,48,19,2,97,0,0,16,0,16,28,48,35,2,113,4,0,4,117
03/27/2008,EUG,OR,ANM,WE,Combined TRACON& Tower with Radar,27,41,25,0,93,3,7,34,0,44,30,48,59,0,137,24,6,30,167
03/28/2008,EUG,OR,ANM,WE,Combined TRACON& Tower with Radar,26,39,9,2,76,3,2,0,0,5,29,41,9,2,81,8,0,8,89
03/29/2008,EUG,OR,ANM,WE,Combined TRACON& Tower with Radar,20,34,8,0,62,0,3,13,0,16,20,37,21,0,78,0,0,0,78
03/30/2008,EUG,OR,ANM,WE,Combined TRACON& Tower with Radar,27,27,24,6,84,4,0,9,0,13,31,27,33,6,97,0,0,0,97
03/31/2008,EUG,OR,ANM,WE,Combined TRACON& Tower with Radar,27,36,23,0,86,0,1,87,0,88,27,37,110,0,174,138,0,138,312
04/01/2008,EUG,OR,ANM,WE,Combined TRACON& Tower with Radar,26,31,16,2,75,3,0,87,0,90,29,31,103,2,165,70,0,70,235
04/02/2008,EUG,OR,ANM,WE,Combined TRACON& Tower with Radar,25,37,36,1,99,3,11,117,0,131,28,48,153,1,230,156,0,156,386
04/03/2008,EUG,OR,ANM,WE,Combined TRACON& Tower with Radar,26,34,32,2,94,8,1,131,0,140,34,35,163,2,234,176,0,176,410
04/04/2008,EUG,OR,ANM,WE,Combined TRACON& Tower with Radar,24,41,36,2,103,0,0,41,0,41,24,41,77,2,144,96,0,96,240
04/05/2008,EUG,OR,ANM,WE,Combined TRACON& Tower with Radar,25,24,31,0,80,0,0,37,0,37,25,24,68,0,117,108,0,108,225
04/06/2008,EUG,OR,ANM,WE,Combined TRACON& Tower with Radar,19,21,10,14,64,0,3,12,0,15,19,24,22,14,79,12,0,12,91
04/07/2008,EUG,OR,ANM,WE,Combined TRACON& Tower with Radar,22,36,42,0,100,0,0,31,0,31,22,36,73,0,131,76,0,76,207
04/08/2008,EUG,OR,ANM,WE,Combined TRACON& Tower with Radar,24,34,46,6,110,0,0,16,0,16,24,34,62,6,126,72,0,72,198
04/09/2008,EUG,OR,ANM,WE,Combined TRACON& Tower with Radar,26,38,63,0,127,0,6,48,0,54,26,44,111,0,181,112,0,112,293
04/10/2008,EUG,OR,ANM,WE,Combined TRACON& Tower with Radar,28,31,43,0,102,2,0,64,0,66,30,31,107,0,168,102,0,102,270
04/11/2008,EUG,OR,ANM,WE,Combined TRACON& Tower with Radar,28,33,44,4,109,0,3,116,4,123,28,36,160,8,232,190,4,194,426
04/12/2008,EUG,OR,ANM,WE,Combined TRACON& Tower with Radar,29,20,31,0,80,0,0,14,0,14,29,20,45,0,94,136,0,136,230
04/13/2008,EUG,OR,ANM,WE,Combined TRACON& Tower with Radar,26,13,26,0,65,4,0,43,0,47,30,13,69,0,112,40,0,40,152
04/14/2008,EUG,OR,ANM,WE,Combined TRACON& Tower with Radar,28,23,34,0,85,0,0,35,5,40,28,23,69,5,125,64,14,78,203
04/15/2008,EUG,OR,ANM,WE,Combined TRACON& Tower with Radar,25,32,13,2,72,1,2,57,0,60,26,34,70,2,132,110,0,110,242
04/16/2008,EUG,OR,ANM,WE,Combined TRACON& Tower with Radar,26,34,35,0,95,0,0,106,0,106,26,34,141,0,201,102,0,102,303
04/17/2008,EUG,OR,ANM,WE,Combined TRACON& Tower with Radar,29,31,59,4,123,0,1,79,0,80,29,32,138,4,203,106,0,106,309
04/18/2008,EUG,OR,ANM,WE,Combined TRACON& Tower with Radar,31,38,61,4,134,0,0,67,0,67,31,38,128,4,201,92,0,92,293
04/19/2008,EUG,OR,ANM,WE,Combined TRACON& Tower with Radar,27,19,17,0,63,0,5,20,0,25,27,24,37,0,88,26,0,26,114
04/20/2008,EUG,OR,ANM,WE,Combined TRACON& Tower with Radar,28,19,11,0,58,1,0,14,0,15,29,19,25,0,73,0,0,0,73
04/21/2008,EUG,OR,ANM,WE,Combined TRACON& Tower with Radar,27,34,18,0,79,0,0,22,0,22,27,34,40,0,101,60,0,60,161
04/22/2008,EUG,OR,ANM,WE,Combined TRACON& Tower with Radar,28,36,35,0,99,0,2,48,0,50,28,38,83,0,149,74,0,74,223
04/23/2008,EUG,OR,ANM,WE,Combined TRACON& Tower with Radar,28,36,26,0,90,0,0,14,0,14,28,36,40,0,104,10,0,10,114
04/24/2008,EUG,OR,ANM,WE,Combined TRACON& Tower with Radar,33,32,45,0,110,0,11,54,0,65,33,43,99,0,175,112,0,112,287
04/25/2008,EUG,OR,ANM,WE,Combined TRACON& Tower with Radar,28,31,43,2,104,1,0,81,0,82,29,31,124,2,186,86,0,86,272
04/26/2008,EUG,OR,ANM,WE,Combined TRACON& Tower with Radar,24,17,19,0,60,3,0,126,0,129,27,17,145,0,189,152,0,152,341
04/27/2008,EUG,OR,ANM,WE,Combined TRACON& Tower with Radar,31,17,12,0,60,0,3,68,0,71,31,20,80,0,131,82,0,82,213
04/28/2008,EUG,OR,ANM,WE,Combined TRACON& Tower with Radar,26,35,36,3,100,0,7,44,0,51,26,42,80,3,151,72,0,72,223
04/29/2008,EUG,OR,ANM,WE,Combined TRACON& Tower with Radar,28,38,28,3,97,0,3,30,6,39,28,41,58,9,136,136,6,142,278
04/30/2008,EUG,OR,ANM,WE,Combined TRACON& Tower with Radar,28,29,42,0,99,1,0,53,0,54,29,29,95,0,153,146,0,146,299
05/01/2008,EUG,OR,ANM,WE,Combined TRACON& Tower with Radar,31,33,50,0,114,6,2,110,0,118,37,35,160,0,232,120,0,120,352
05/02/2008,EUG,OR,ANM,WE,Combined TRACON& Tower with Radar,27,33,52,0,112,0,4,102,0,106,27,37,154,0,218,94,0,94,312
05/03/2008,EUG,OR,ANM,WE,Combined TRACON& Tower with Radar,25,19,30,0,74,1,0,96,0,97,26,19,126,0,171,86,0,86,257
05/04/2008,EUG,OR,ANM,WE,Combined TRACON& Tower with Radar,16,9,9,4,38,14,7,71,2,94,30,16,80,6,132,56,8,64,196
05/05/2008,EUG,OR,ANM,WE,Combined TRACON& Tower with Radar,30,33,32,0,95,0,0,107,0,107,30,33,139,0,202,170,0,170,372
05/06/2008,EUG,OR,ANM,WE,Combined TRACON& Tower with Radar,26,30,38,0,94,2,0,87,0,89,28,30,125,0,183,172,0,172,355
05/07/2008,EUG,OR,ANM,WE,Combined TRACON& Tower with Radar,23,29,41,0,93,0,0,88,0,88,23,29,129,0,181,144,0,144,325
05/08/2008,EUG,OR,ANM,WE,Combined TRACON& Tower with Radar,25,29,35,0,89,0,0,108,0,108,25,29,143,0,197,202,0,202,399
05/09/2008,EUG,OR,ANM,WE,Combined TRACON& Tower with Radar,24,33,38,2,97,0,5,134,0,139,24,38,172,2,236,138,0,138,374
05/10/2008,EUG,OR,ANM,WE,Combined TRACON& Tower with Radar,28,19,27,2,76,0,1,90,0,91,28,20,117,2,167,38,0,38,205
05/11/2008,EUG,OR,ANM,WE,Combined TRACON& Tower with Radar,27,17,17,0,61,0,0,13,0,13,27,17,30,0,74,22,0,22,96
05/12/2008,EUG,OR,ANM,WE,Combined TRACON& Tower with Radar,26,28,32,0,86,0,0,120,0,120,26,28,152,0,206,130,0,130,336
05/13/2008,EUG,OR,ANM,WE,Combined TRACON& Tower with Radar,24,36,35,1,96,2,4,78,1,85,26,40,113,2,181,132,0,132,313
05/14/2008,EUG,OR,ANM,WE,Combined TRACON& Tower with Radar,28,45,49,4,126,0,4,99,0,103,28,49,148,4,229,198,0,198,427
05/15/2008,EUG,OR,ANM,WE,Combined TRACON& Tower with Radar,29,34,62,4,129,0,4,92,2,98,29,38,154,6,227,136,0,136,363
05/16/2008,EUG,OR,ANM,WE,Combined TRACON& Tower with Radar,29,34,22,0,85,3,3,94,1,101,32,37,116,1,186,94,0,94,280
05/17/2008,EUG,OR,ANM,WE,Combined TRACON& Tower with Radar,25,16,11,0,52,2,4,98,0,104,27,20,109,0,156,76,0,76,232
05/18/2008,EUG,OR,ANM,WE,Combined TRACON& Tower with Radar,27,18,19,0,64,0,0,71,4,75,27,18,90,4,139,0,0,0,139
05/19/2008,EUG,OR,ANM,WE,Combined TRACON& Tower with Radar,10,17,8,0,35,12,23,130,3,168,22,40,138,3,203,88,2,90,293
05/20/2008,EUG,OR,ANM,WE,Combined TRACON& Tower with Radar,25,34,34,1,94,3,0,29,0,32,28,34,63,1,126,68,0,68,194
05/21/2008,EUG,OR,ANM,WE,Combined TRACON& Tower with Radar,27,39,36,0,102,1,7,47,2,57,28,46,83,2,159,108,0,108,267
05/22/2008,EUG,OR,ANM,WE,Combined TRACON& Tower with Radar,23,33,31,2,89,5,5,73,6,89,28,38,104,8,178,176,2,178,356
05/23/2008,EUG,OR,ANM,WE,Combined TRACON& Tower with Radar,26,34,42,0,102,4,3,19,32,58,30,37,61,32,160,0,0,0,160
05/24/2008,EUG,OR,ANM,WE,Combined TRACON& Tower with Radar,26,17,13,2,58,0,0,21,0,21,26,17,34,2,79,66,0,66,145
05/25/2008,EUG,OR,ANM,WE,Combined TRACON& Tower with Radar,26,10,15,0,51,0,0,42,0,42,26,10,57,0,93,20,0,20,113
05/26/2008,EUG,OR,ANM,WE,Combined TRACON& Tower with Radar,25,24,28,0,77,0,0,12,0,12,25,24,40,0,89,20,0,20,109
05/27/2008,EUG,OR,ANM,WE,Combined TRACON& Tower with Radar,27,40,36,0,103,0,3,92,0,95,27,43,128,0,198,64,2,66,264
05/28/2008,EUG,OR,ANM,WE,Combined TRACON& Tower with Radar,24,32,46,3,105,0,0,17,0,17,24,32,63,3,122,61,10,71,193
05/29/2008,EUG,OR,ANM,WE,Combined TRACON& Tower with Radar,27,32,65,3,127,0,0,31,1,32,27,32,96,4,159,74,3,77,236
05/30/2008,EUG,OR,ANM,WE,Combined TRACON& Tower with Radar,31,28,40,7,106,0,3,131,9,143,31,31,171,16,249,98,20,118,367
05/31/2008,EUG,OR,ANM,WE,Combined TRACON& Tower with Radar,27,17,38,0,82,0,1,49,1,51,27,18,87,1,133,144,0,144,277
06/01/2008,EUG,OR,ANM,WE,Combined TRACON& Tower with Radar,27,17,17,0,61,0,3,38,0,41,27,20,55,0,102,68,0,68,170
06/02/2008,EUG,OR,ANM,WE,Combined TRACON& Tower with Radar,24,34,27,0,85,1,0,122,0,123,25,34,149,0,208,122,0,122,330
06/03/2008,EUG,OR,ANM,WE,Combined TRACON& Tower with Radar,29,31,44,17,121,0,3,24,0,27,29,34,68,17,148,48,8,56,204
06/04/2008,EUG,OR,ANM,WE,Combined TRACON& Tower with Radar,28,38,45,0,111,0,0,67,0,67,28,38,112,0,178,156,0,156,334
06/05/2008,EUG,OR,ANM,WE,Combined TRACON& Tower with Radar,26,36,20,0,82,0,2,61,0,63,26,38,81,0,145,74,0,74,219
06/06/2008,EUG,OR,ANM,WE,Combined TRACON& Tower with Radar,26,38,14,2,80,0,6,32,0,38,26,44,46,2,118,78,0,78,196
06/07/2008,EUG,OR,ANM,WE,Combined TRACON& Tower with Radar,25,25,24,0,74,3,2,52,3,60,28,27,76,3,134,30,0,30,164
06/08/2008,EUG,OR,ANM,WE,Combined TRACON& Tower with Radar,26,16,26,0,68,3,0,49,0,52,29,16,75,0,120,68,6,74,194
06/09/2008,EUG,OR,ANM,WE,Combined TRACON& Tower with Radar,29,35,36,6,106,0,0,38,0,38,29,35,74,6,144,86,0,86,230
06/10/2008,EUG,OR,ANM,WE,Combined TRACON& Tower with Radar,30,36,33,2,101,0,1,32,0,33,30,37,65,2,134,38,0,38,172
06/11/2008,EUG,OR,ANM,WE,Combined TRACON& Tower with Radar,28,35,52,12,127,0,3,64,0,67,28,38,116,12,194,156,44,200,394
06/12/2008,EUG,OR,ANM,WE,Combined TRACON& Tower with Radar,28,36,30,4,98,0,5,96,0,101,28,41,126,4,199,162,0,162,361
06/13/2008,EUG,OR,ANM,WE,Combined TRACON& Tower with Radar,29,40,37,0,106,0,4,90,2,96,29,44,127,2,202,70,0,70,272
06/14/2008,EUG,OR,ANM,WE,Combined TRACON& Tower with Radar,27,23,10,0,60,0,4,66,0,70,27,27,76,0,130,20,0,20,150
06/15/2008,EUG,OR,ANM,WE,Combined TRACON& Tower with Radar,29,20,9,0,58,0,2,42,0,44,29,22,51,0,102,34,0,34,136
06/16/2008,EUG,OR,ANM,WE,Combined TRACON& Tower with Radar,28,43,17,2,90,0,0,73,0,73,28,43,90,2,163,34,0,34,197
06/17/2008,EUG,OR,ANM,WE,Combined TRACON& Tower with Radar,30,37,25,5,97,0,5,54,5,64,30,42,79,10,161,106,10,116,277
06/18/2008,EUG,OR,ANM,WE,Combined TRACON& Tower with Radar,28,36,26,0,90,4,2,53,0,59,32,38,79,0,149,200,0,200,349
06/19/2008,EUG,OR,ANM,WE,Combined TRACON& Tower with Radar,32,31,34,3,100,0,6,78,4,88,32,37,112,7,188,134,0,134,322
06/20/2008,EUG,OR,ANM,WE,Combined TRACON& Tower with Radar,21,35,11,0,67,0,3,64,1,68,21,38,75,1,135,74,0,74,209
06/21/2008,EUG,OR,ANM,WE,Combined TRACON& Tower with Radar,23,23,8,0,54,3,3,38,0,44,26,26,46,0,98,40,0,40,138
06/22/2008,EUG,OR,ANM,WE,Combined TRACON& Tower with Radar,30,13,23,1,67,0,3,28,0,31,30,16,51,1,98,10,0,10,108
06/23/2008,EUG,OR,ANM,WE,Combined TRACON& Tower with Radar,34,32,26,0,92,0,0,84,1,85,34,32,110,1,177,146,0,146,323
06/24/2008,EUG,OR,ANM,WE,Combined TRACON& Tower with Radar,25,31,17,6,79,0,0,119,4,123,25,31,136,10,202,88,14,102,304
06/25/2008,EUG,OR,ANM,WE,Combined TRACON& Tower with Radar,26,36,28,5,95,0,0,89,0,89,26,36,117,5,184,106,12,118,302
06/26/2008,EUG,OR,ANM,WE,Combined TRACON& Tower with Radar,30,29,34,4,97,0,9,63,3,75,30,38,97,7,172,68,0,68,240
06/27/2008,EUG,OR,ANM,WE,Combined TRACON& Tower with Radar,27,36,39,2,104,0,0,102,0,102,27,36,141,2,206,34,2,36,242
06/28/2008,EUG,OR,ANM,WE,Combined TRACON& Tower with Radar,26,16,10,1,53,0,0,67,1,68,26,16,77,2,121,24,2,26,147
06/29/2008,EUG,OR,ANM,WE,Combined TRACON& Tower with Radar,28,15,27,0,70,0,1,45,0,46,28,16,72,0,116,14,0,14,130
06/30/2008,EUG,OR,ANM,WE,Combined TRACON& Tower with Radar,27,33,25,5,90,5,10,104,0,119,32,43,129,5,209,202,8,210,419
07/01/2008,EUG,OR,ANM,WE,Combined TRACON& Tower with Radar,25,35,130,6,196,0,0,0,0,0,25,35,130,6,196,76,2,78,274
07/02/2008,EUG,OR,ANM,WE,Combined TRACON& Tower with Radar,28,49,138,10,225,0,0,0,0,0,28,49,138,10,225,224,14,238,463
07/03/2008,EUG,OR,ANM,WE,Combined TRACON& Tower with Radar,28,38,174,12,252,0,2,104,0,106,28,40,278,12,358,128,0,128,486
07/04/2008,EUG,OR,ANM,WE,Combined TRACON& Tower with Radar,22,16,24,2,64,0,2,27,0,29,22,18,51,2,93,16,0,16,109
07/05/2008,EUG,OR,ANM,WE,Combined TRACON& Tower with Radar,26,20,24,0,70,0,6,30,0,36,26,26,54,0,106,36,0,36,142
07/06/2008,EUG,OR,ANM,WE,Combined TRACON& Tower with Radar,29,19,36,0,84,0,0,39,0,39,29,19,75,0,123,2,0,2,125
07/07/2008,EUG,OR,ANM,WE,Combined TRACON& Tower with Radar,33,33,96,1,163,0,5,78,0,83,33,38,174,1,246,74,0,74,320
07/08/2008,EUG,OR,ANM,WE,Combined TRACON& Tower with Radar,29,43,25,0,97,0,2,107,0,109,29,45,132,0,206,76,0,76,282
07/09/2008,EUG,OR,ANM,WE,Combined TRACON& Tower with Radar,29,38,156,4,227,0,10,124,0,134,29,48,280,4,361,170,0,170,531
07/10/2008,EUG,OR,ANM,WE,Combined TRACON& Tower with Radar,29,38,31,8,106,0,5,110,1,116,29,43,141,9,222,98,9,107,329
07/11/2008,EUG,OR,ANM,WE,Combined TRACON& Tower with Radar,29,39,112,4,184,0,15,75,1,91,29,54,187,5,275,122,4,126,401
07/12/2008,EUG,OR,ANM,WE,Combined TRACON& Tower with Radar,24,23,4,0,51,0,5,65,0,70,24,28,69,0,121,64,0,64,185
07/13/2008,EUG,OR,ANM,WE,Combined TRACON& Tower with Radar,29,18,75,0,122,0,10,63,0,73,29,28,138,0,195,18,0,18,213
07/14/2008,EUG,OR,ANM,WE,Combined TRACON& Tower with Radar,32,31,19,2,84,0,6,97,0,103,32,37,116,2,187,120,0,120,307
07/15/2008,EUG,OR,ANM,WE,Combined TRACON& Tower with Radar,29,39,28,2,98,0,4,93,0,97,29,43,121,2,195,58,2,60,255
07/16/2008,EUG,OR,ANM,WE,Combined TRACON& Tower with Radar,28,42,42,0,112,0,20,108,0,128,28,62,150,0,240,82,0,82,322
07/17/2008,EUG,OR,ANM,WE,Combined TRACON& Tower with Radar,33,28,37,10,108,0,20,98,0,118,33,48,135,10,226,112,0,112,338
07/18/2008,EUG,OR,ANM,WE,Combined TRACON& Tower with Radar,27,35,26,0,88,0,10,120,0,130,27,45,146,0,218,140,0,140,358
07/19/2008,EUG,OR,ANM,WE,Combined TRACON& Tower with Radar,25,21,15,0,61,0,0,73,0,73,25,21,88,0,134,38,0,38,172
07/20/2008,EUG,OR,ANM,WE,Combined TRACON& Tower with Radar,27,16,17,2,62,0,10,49,0,59,27,26,66,2,121,40,0,40,161
07/21/2008,EUG,OR,ANM,WE,Combined TRACON& Tower with Radar,33,36,27,1,97,0,10,86,0,96,33,46,113,1,193,156,0,156,349
07/22/2008,EUG,OR,ANM,WE,Combined TRACON& Tower with Radar,27,33,27,4,91,0,8,12,0,20,27,41,39,4,111,2,0,2,113
07/23/2008,EUG,OR,ANM,WE,Combined TRACON& Tower with Radar,30,30,27,0,87,0,25,99,0,124,30,55,126,0,211,36,0,36,247
07/24/2008,EUG,OR,ANM,WE,Combined TRACON& Tower with Radar,30,30,19,0,79,0,9,81,0,90,30,39,100,0,169,72,0,72,241
07/25/2008,EUG,OR,ANM,WE,Combined TRACON& Tower with Radar,31,34,117,2,184,0,92,9,0,101,31,126,126,2,285,116,0,116,401
07/26/2008,EUG,OR,ANM,WE,Combined TRACON& Tower with Radar,26,27,95,0,148,0,3,79,0,82,26,30,174,0,230,32,0,32,262
07/27/2008,EUG,OR,ANM,WE,Combined TRACON& Tower with Radar,32,16,40,2,90,0,5,23,0,28,32,21,63,2,118,14,0,14,132
07/28/2008,EUG,OR,ANM,WE,Combined TRACON& Tower with Radar,25,34,27,0,86,0,6,113,0,119,25,40,140,0,205,120,0,120,325
07/29/2008,EUG,OR,ANM,WE,Combined TRACON& Tower with Radar,29,40,18,0,87,0,1,78,0,79,29,41,96,0,166,126,0,126,292
07/30/2008,EUG,OR,ANM,WE,Combined TRACON& Tower with Radar,34,38,29,0,101,0,0,118,0,118,34,38,147,0,219,198,0,198,417
07/31/2008,EUG,OR,ANM,WE,Combined TRACON& Tower with Radar,46,41,49,0,136,0,20,92,0,112,46,61,141,0,248,138,0,138,386
08/01/2008,EUG,OR,ANM,WE,Combined TRACON& Tower with Radar,27,35,29,2,93,0,1,86,0,87,27,36,115,2,180,106,0,106,286
08/02/2008,EUG,OR,ANM,WE,Combined TRACON& Tower with Radar,30,20,4,2,56,0,0,63,0,63,30,20,67,2,119,48,0,48,167
08/03/2008,EUG,OR,ANM,WE,Combined TRACON& Tower with Radar,37,16,17,0,70,3,0,67,0,70,40,16,84,0,140,26,0,26,166
08/04/2008,EUG,OR,ANM,WE,Combined TRACON& Tower with Radar,31,31,18,3,83,0,3,132,0,135,31,34,150,3,218,64,0,64,282
08/05/2008,EUG,OR,ANM,WE,Combined TRACON& Tower with Radar,27,33,27,6,93,0,2,92,12,106,27,35,119,18,199,186,0,186,385
08/06/2008,EUG,OR,ANM,WE,Combined TRACON& Tower with Radar,24,31,27,1,83,0,3,131,0,134,24,34,158,1,217,128,0,128,345
08/07/2008,EUG,OR,ANM,WE,Combined TRACON& Tower with Radar,28,30,36,0,94,1,6,79,0,86,29,36,115,0,180,102,0,102,282
08/08/2008,EUG,OR,ANM,WE,Combined TRACON& Tower with Radar,29,29,26,0,84,0,6,80,0,86,29,35,106,0,170,92,0,92,262
08/09/2008,EUG,OR,ANM,WE,Combined TRACON& Tower with Radar,25,21,23,4,73,0,2,45,0,47,25,23,68,4,120,32,0,32,152
08/10/2008,EUG,OR,ANM,WE,Combined TRACON& Tower with Radar,32,17,19,0,68,0,1,45,0,46,32,18,64,0,114,26,0,26,140
08/11/2008,EUG,OR,ANM,WE,Combined TRACON& Tower with Radar,23,30,17,0,70,0,4,120,0,124,23,34,137,0,194,126,0,126,320
08/12/2008,EUG,OR,ANM,WE,Combined TRACON& Tower with Radar,26,28,21,0,75,4,11,108,0,123,30,39,129,0,198,130,0,130,328
08/13/2008,EUG,OR,ANM,WE,Combined TRACON& Tower with Radar,24,35,20,4,83,0,3,86,0,89,24,38,106,4,172,102,16,118,290
08/14/2008,EUG,OR,ANM,WE,Combined TRACON& Tower with Radar,33,32,14,0,79,0,3,96,3,102,33,35,110,3,181,58,0,58,239
08/15/2008,EUG,OR,ANM,WE,Combined TRACON& Tower with Radar,32,31,25,0,88,0,5,79,1,85,32,36,104,1,173,118,0,118,291
08/16/2008,EUG,OR,ANM,WE,Combined TRACON& Tower with Radar,33,14,17,1,65,1,3,78,1,83,34,17,95,2,148,46,0,46,194
08/17/2008,EUG,OR,ANM,WE,Combined TRACON& Tower with Radar,35,13,19,1,68,0,4,56,0,60,35,17,75,1,128,0,0,0,128
08/18/2008,EUG,OR,ANM,WE,Combined TRACON& Tower with Radar,27,32,23,0,82,0,3,19,0,22,27,35,42,0,104,68,0,68,172
08/19/2008,EUG,OR,ANM,WE,Combined TRACON& Tower with Radar,22,34,30,9,95,0,0,71,1,72,22,34,101,10,167,72,6,78,245
08/20/2008,EUG,OR,ANM,WE,Combined TRACON& Tower with Radar,29,40,42,2,113,0,0,4,0,4,29,40,46,2,117,0,0,0,117
08/21/2008,EUG,OR,ANM,WE,Combined TRACON& Tower with Radar,34,36,37,0,107,0,5,60,2,67,34,41,97,2,174,80,0,80,254
08/22/2008,EUG,OR,ANM,WE,Combined TRACON& Tower with Radar,24,32,24,0,80,0,5,105,0,110,24,37,129,0,190,74,0,74,264
08/23/2008,EUG,OR,ANM,WE,Combined TRACON& Tower with Radar,23,20,13,0,56,0,3,283,0,286,23,23,296,0,342,50,0,50,392
08/24/2008,EUG,OR,ANM,WE,Combined TRACON& Tower with Radar,24,15,13,0,52,0,0,79,0,79,24,15,92,0,131,24,0,24,155
08/25/2008,EUG,OR,ANM,WE,Combined TRACON& Tower with Radar,23,32,38,3,96,0,6,52,0,58,23,38,90,3,154,82,0,82,236
08/26/2008,EUG,OR,ANM,WE,Combined TRACON& Tower with Radar,21,30,36,7,94,0,7,73,0,80,21,37,109,7,174,84,0,84,258
08/27/2008,EUG,OR,ANM,WE,Combined TRACON& Tower with Radar,27,37,22,14,100,0,8,75,0,83,27,45,97,14,183,98,2,100,283
08/28/2008,EUG,OR,ANM,WE,Combined TRACON& Tower with Radar,28,27,32,2,89,0,10,142,1,153,28,37,174,3,242,156,0,156,398
08/29/2008,EUG,OR,ANM,WE,Combined TRACON& Tower with Radar,27,37,27,0,91,0,9,95,0,104,27,46,122,0,195,108,0,108,303
08/30/2008,EUG,OR,ANM,WE,Combined TRACON& Tower with Radar,21,19,30,6,76,0,0,58,0,58,21,19,88,6,134,16,0,16,150
08/31/2008,EUG,OR,ANM,WE,Combined TRACON& Tower with Radar,25,13,29,0,67,0,3,33,0,36,25,16,62,0,103,24,0,24,127
09/01/2008,EUG,OR,ANM,WE,Combined TRACON& Tower with Radar,23,20,23,0,66,0,1,52,0,53,23,21,75,0,119,16,0,16,135
09/02/2008,EUG,OR,ANM,WE,Combined TRACON& Tower with Radar,19,36,17,4,76,0,6,94,3,103,19,42,111,7,179,52,0,52,231
09/03/2008,EUG,OR,ANM,WE,Combined TRACON& Tower with Radar,12,39,14,0,65,0,5,112,2,119,12,44,126,2,184,56,2,58,242
09/04/2008,EUG,OR,ANM,WE,Combined TRACON& Tower with Radar,18,40,18,0,76,0,6,78,4,88,18,46,96,4,164,52,10,62,226
09/05/2008,EUG,OR,ANM,WE,Combined TRACON& Tower with Radar,17,32,16,19,84,0,4,104,6,114,17,36,120,25,198,70,22,92,290
09/06/2008,EUG,OR,ANM,WE,Combined TRACON& Tower with Radar,16,29,22,0,67,0,6,61,0,67,16,35,83,0,134,18,0,18,152
09/07/2008,EUG,OR,ANM,WE,Combined TRACON& Tower with Radar,14,27,7,2,50,0,1,64,2,67,14,28,71,4,117,28,0,28,145
09/08/2008,EUG,OR,ANM,WE,Combined TRACON& Tower with Radar,19,38,18,4,79,0,2,90,0,92,19,40,108,4,171,24,0,24,195
09/09/2008,EUG,OR,ANM,WE,Combined TRACON& Tower with Radar,18,43,25,0,86,0,17,89,3,109,18,60,114,3,195,38,0,38,233
09/10/2008,EUG,OR,ANM,WE,Combined TRACON& Tower with Radar,15,32,20,4,71,0,8,115,0,123,15,40,135,4,194,80,0,80,274
09/11/2008,EUG,OR,ANM,WE,Combined TRACON& Tower with Radar,19,48,15,2,84,0,7,115,5,127,19,55,130,7,211,92,0,92,303
09/12/2008,EUG,OR,ANM,WE,Combined TRACON& Tower with Radar,24,52,24,0,100,0,4,120,3,127,24,56,144,3,227,54,0,54,281
09/13/2008,EUG,OR,ANM,WE,Combined TRACON& Tower with Radar,19,30,9,0,58,0,2,57,0,59,19,32,66,0,117,20,0,20,137
09/14/2008,EUG,OR,ANM,WE,Combined TRACON& Tower with Radar,13,28,27,0,68,0,2,55,0,57,13,30,82,0,125,46,0,46,171
09/15/2008,EUG,OR,ANM,WE,Combined TRACON& Tower with Radar,19,39,14,0,72,0,6,79,0,85,19,45,93,0,157,76,0,76,233
09/16/2008,EUG,OR,ANM,WE,Combined TRACON& Tower with Radar,13,38,15,3,69,0,5,46,1,52,13,43,61,4,121,30,0,30,151
09/17/2008,EUG,OR,ANM,WE,Combined TRACON& Tower with Radar,16,36,9,6,67,0,7,37,2,46,16,43,46,8,113,8,0,8,121
09/18/2008,EUG,OR,ANM,WE,Combined TRACON& Tower with Radar,20,40,20,0,80,0,6,18,0,24,20,46,38,0,104,4,0,4,108
09/19/2008,EUG,OR,ANM,WE,Combined TRACON& Tower with Radar,20,35,29,8,92,0,5,40,0,45,20,40,69,8,137,4,0,4,141
09/20/2008,EUG,OR,ANM,WE,Combined TRACON& Tower with Radar,17,30,61,0,108,0,6,63,0,69,17,36,124,0,177,18,0,18,195
09/21/2008,EUG,OR,ANM,WE,Combined TRACON& Tower with Radar,13,30,33,0,76,0,1,28,0,29,13,31,61,0,105,8,0,8,113
09/22/2008,EUG,OR,ANM,WE,Combined TRACON& Tower with Radar,18,40,21,4,83,0,5,41,0,46,18,45,62,4,129,24,0,24,153
09/23/2008,EUG,OR,ANM,WE,Combined TRACON& Tower with Radar,15,40,22,0,77,0,3,60,2,65,15,43,82,2,142,40,0,40,182
09/24/2008,EUG,OR,ANM,WE,Combined TRACON& Tower with Radar,19,45,32,10,106,0,4,41,4,49,19,49,73,14,155,20,0,20,175
09/25/2008,EUG,OR,ANM,WE,Combined TRACON& Tower with Radar,20,42,43,2,107,0,8,39,0,47,20,50,82,2,154,10,0,10,164
09/26/2008,EUG,OR,ANM,WE,Combined TRACON& Tower with Radar,21,39,34,0,94,0,5,36,0,41,21,44,70,0,135,40,0,40,175
09/27/2008,EUG,OR,ANM,WE,Combined TRACON& Tower with Radar,18,33,10,0,61,0,5,32,0,37,18,38,42,0,98,0,0,0,98
09/28/2008,EUG,OR,ANM,WE,Combined TRACON& Tower with Radar,19,26,18,0,63,0,0,46,0,46,19,26,64,0,109,8,0,8,117
09/29/2008,EUG,OR,ANM,WE,Combined TRACON& Tower with Radar,18,51,19,0,88,0,3,108,0,111,18,54,127,0,199,38,0,38,237
09/30/2008,EUG,OR,ANM,WE,Combined TRACON& Tower with Radar,12,36,20,0,68,0,7,88,0,95,12,43,108,0,163,82,0,82,245
10/01/2008,EUG,OR,ANM,WE,Combined TRACON& Tower with Radar,12,35,21,0,68,0,7,91,0,98,12,42,112,0,166,60,0,60,226
10/02/2008,EUG,OR,ANM,WE,Combined TRACON& Tower with Radar,14,47,34,0,95,0,3,61,0,64,14,50,95,0,159,40,0,40,199
10/03/2008,EUG,OR,ANM,WE,Combined TRACON& Tower with Radar,15,40,39,2,96,0,4,54,0,58,15,44,93,2,154,68,0,68,222
10/04/2008,EUG,OR,ANM,WE,Combined TRACON& Tower with Radar,15,26,14,1,56,0,1,31,0,32,15,27,45,1,88,8,0,8,96
10/05/2008,EUG,OR,ANM,WE,Combined TRACON& Tower with Radar,17,34,24,2,77,0,0,18,1,19,17,34,42,3,96,10,0,10,106
10/06/2008,EUG,OR,ANM,WE,Combined TRACON& Tower with Radar,10,49,24,0,83,0,1,73,0,74,10,50,97,0,157,110,0,110,267
10/07/2008,EUG,OR,ANM,WE,Combined TRACON& Tower with Radar,12,42,18,6,78,0,8,80,0,88,12,50,98,6,166,160,0,160,326
10/08/2008,EUG,OR,ANM,WE,Combined TRACON& Tower with Radar,19,43,20,6,88,0,6,86,4,96,19,49,106,10,184,76,18,94,278
10/09/2008,EUG,OR,ANM,WE,Combined TRACON& Tower with Radar,15,44,21,0,80,0,3,69,0,72,15,47,90,0,152,90,0,90,242
10/10/2008,EUG,OR,ANM,WE,Combined TRACON& Tower with Radar,16,38,29,4,87,0,6,87,4,97,16,44,116,8,184,58,0,58,242
10/11/2008,EUG,OR,ANM,WE,Combined TRACON& Tower with Radar,16,29,20,0,65,0,0,59,0,59,16,29,79,0,124,51,0,51,175
10/12/2008,EUG,OR,ANM,WE,Combined TRACON& Tower with Radar,14,34,21,0,69,0,0,48,0,48,14,34,69,0,117,6,0,6,123
10/13/2008,EUG,OR,ANM,WE,Combined TRACON& Tower with Radar,14,48,22,0,84,0,3,86,0,89,14,51,108,0,173,116,0,116,289
10/14/2008,EUG,OR,ANM,WE,Combined TRACON& Tower with Radar,14,57,14,2,87,0,22,68,0,90,14,79,82,2,177,110,0,110,287
10/15/2008,EUG,OR,ANM,WE,Combined TRACON& Tower with Radar,13,39,26,0,78,0,17,39,0,56,13,56,65,0,134,68,0,68,202
10/16/2008,EUG,OR,ANM,WE,Combined TRACON& Tower with Radar,16,41,30,2,89,0,10,90,0,100,16,51,120,2,189,152,0,152,341
10/17/2008,EUG,OR,ANM,WE,Combined TRACON& Tower with Radar,11,48,25,0,84,0,4,26,0,30,11,52,51,0,114,18,0,18,132
10/18/2008,EUG,OR,ANM,WE,Combined TRACON& Tower with Radar,16,24,24,0,64,0,0,20,0,20,16,24,44,0,84,52,0,52,136
10/19/2008,EUG,OR,ANM,WE,Combined TRACON& Tower with Radar,16,27,19,4,66,0,1,26,0,27,16,28,45,4,93,4,0,4,97
10/20/2008,EUG,OR,ANM,WE,Combined TRACON& Tower with Radar,12,31,19,0,62,0,0,6,7,13,12,31,25,7,75,52,0,52,127
10/21/2008,EUG,OR,ANM,WE,Combined TRACON& Tower with Radar,15,31,33,4,83,0,4,50,1,55,15,35,83,5,138,92,0,92,230
10/22/2008,EUG,OR,ANM,WE,Combined TRACON& Tower with Radar,10,41,17,16,84,0,15,65,0,80,10,56,82,16,164,128,0,128,292
10/23/2008,EUG,OR,ANM,WE,Combined TRACON& Tower with Radar,18,45,17,0,80,0,4,84,6,94,18,49,101,6,174,188,0,188,362
10/24/2008,EUG,OR,ANM,WE,Combined TRACON& Tower with Radar,16,45,28,0,89,0,2,126,0,128,16,47,154,0,217,134,0,134,351
10/25/2008,EUG,OR,ANM,WE,Combined TRACON& Tower with Radar,16,27,7,0,50,0,4,92,0,96,16,31,99,0,146,70,0,70,216
10/26/2008,EUG,OR,ANM,WE,Combined TRACON& Tower with Radar,17,24,33,0,74,0,1,71,0,72,17,25,104,0,146,14,0,14,160
10/27/2008,EUG,OR,ANM,WE,Combined TRACON& Tower with Radar,14,45,12,0,71,0,5,102,0,107,14,50,114,0,178,108,0,108,286
10/28/2008,EUG,OR,ANM,WE,Combined TRACON& Tower with Radar,18,46,46,2,112,0,4,56,0,60,18,50,102,2,172,132,0,132,304
10/29/2008,EUG,OR,ANM,WE,Combined TRACON& Tower with Radar,17,46,29,2,94,0,4,59,0,63,17,50,88,2,157,66,0,66,223
10/30/2008,EUG,OR,ANM,WE,Combined TRACON& Tower with Radar,17,42,39,0,98,0,7,45,0,52,17,49,84,0,150,90,0,90,240
10/31/2008,EUG,OR,ANM,WE,Combined TRACON& Tower with Radar,18,41,37,2,98,0,1,38,0,39,18,42,75,2,137,62,0,62,199
11/01/2008,EUG,OR,ANM,WE,Combined TRACON& Tower with Radar,25,19,52,3,99,0,0,42,0,42,25,19,94,3,141,34,18,52,193
11/02/2008,EUG,OR,ANM,WE,Combined TRACON& Tower with Radar,27,28,16,2,73,0,0,14,0,14,27,28,30,2,87,18,0,18,105
11/03/2008,EUG,OR,ANM,WE,Combined TRACON& Tower with Radar,20,44,24,8,96,0,0,40,0,40,20,44,64,8,136,110,0,110,246
11/04/2008,EUG,OR,ANM,WE,Combined TRACON& Tower with Radar,15,51,24,4,94,0,4,41,0,45,15,55,65,4,139,98,0,98,237
11/05/2008,EUG,OR,ANM,WE,Combined TRACON& Tower with Radar,17,41,22,0,80,0,0,38,0,38,17,41,60,0,118,100,0,100,218
11/06/2008,EUG,OR,ANM,WE,Combined TRACON& Tower with Radar,22,49,35,10,116,0,1,27,0,28,22,50,62,10,144,90,0,90,234
11/07/2008,EUG,OR,ANM,WE,Combined TRACON& Tower with Radar,23,42,38,31,134,0,1,94,12,107,23,43,132,43,241,158,34,192,433
11/08/2008,EUG,OR,ANM,WE,Combined TRACON& Tower with Radar,19,32,28,8,87,0,0,13,0,13,19,32,41,8,100,34,12,46,146
11/09/2008,EUG,OR,ANM,WE,Combined TRACON& Tower with Radar,27,19,17,0,63,0,1,14,0,15,27,20,31,0,78,26,0,26,104
11/10/2008,EUG,OR,ANM,WE,Combined TRACON& Tower with Radar,18,42,36,0,96,0,4,47,0,51,18,46,83,0,147,84,8,92,239
11/11/2008,EUG,OR,ANM,WE,Combined TRACON& Tower with Radar,15,33,18,0,66,0,1,3,0,4,15,34,21,0,70,0,0,0,70
11/12/2008,EUG,OR,ANM,WE,Combined TRACON& Tower with Radar,19,45,27,10,101,0,0,23,0,23,19,45,50,10,124,40,0,40,164
11/13/2008,EUG,OR,ANM,WE,Combined TRACON& Tower with Radar,21,38,29,0,88,0,6,89,0,95,21,44,118,0,183,150,0,150,333
11/14/2008,EUG,OR,ANM,WE,Combined TRACON& Tower with Radar,21,42,32,0,95,0,2,90,0,92,21,44,122,0,187,118,0,118,305
11/15/2008,EUG,OR,ANM,WE,Combined TRACON& Tower with Radar,26,35,28,2,91,0,2,47,0,49,26,37,75,2,140,30,0,30,170
11/16/2008,EUG,OR,ANM,WE,Combined TRACON& Tower with Radar,22,25,21,0,68,0,0,6,0,6,22,25,27,0,74,0,0,0,74
11/17/2008,EUG,OR,ANM,WE,Combined TRACON& Tower with Radar,24,38,26,0,88,0,3,98,0,101,24,41,124,0,189,150,0,150,339
11/18/2008,EUG,OR,ANM,WE,Combined TRACON& Tower with Radar,18,47,22,6,93,0,2,70,0,72,18,49,92,6,165,146,0,146,311
11/19/2008,EUG,OR,ANM,WE,Combined TRACON& Tower with Radar,17,38,62,0,117,0,0,0,0,0,17,38,62,0,117,0,0,0,117
11/20/2008,EUG,OR,ANM,WE,Combined TRACON& Tower with Radar,22,48,25,8,103,0,2,43,0,45,22,50,68,8,148,122,0,122,270
11/21/2008,EUG,OR,ANM,WE,Combined TRACON& Tower with Radar,21,44,27,0,92,0,1,60,0,61,21,45,87,0,153,182,0,182,335
11/22/2008,EUG,OR,ANM,WE,Combined TRACON& Tower with Radar,17,22,14,0,53,0,1,26,0,27,17,23,40,0,80,10,0,10,90
11/23/2008,EUG,OR,ANM,WE,Combined TRACON& Tower with Radar,18,21,14,0,53,0,1,26,0,27,18,22,40,0,80,10,0,10,90
11/24/2008,EUG,OR,ANM,WE,Combined TRACON& Tower with Radar,29,31,32,6,98,0,0,0,0,0,29,31,32,6,98,0,0,0,98
11/25/2008,EUG,OR,ANM,WE,Combined TRACON& Tower with Radar,27,46,33,0,106,0,3,11,0,14,27,49,44,0,120,38,0,38,158
11/26/2008,EUG,OR,ANM,WE,Combined TRACON& Tower with Radar,18,54,44,2,118,0,1,2,0,3,18,55,46,2,121,0,0,0,121
11/27/2008,EUG,OR,ANM,WE,Combined TRACON& Tower with Radar,21,17,5,0,43,0,0,7,0,7,21,17,12,0,50,12,0,12,62
11/28/2008,EUG,OR,ANM,WE,Combined TRACON& Tower with Radar,9,28,20,0,57,0,2,13,0,15,9,30,33,0,72,0,0,0,72
11/29/2008,EUG,OR,ANM,WE,Combined TRACON& Tower with Radar,14,30,7,0,51,0,1,40,0,41,14,31,47,0,92,56,0,56,148
11/30/2008,EUG,OR,ANM,WE,Combined TRACON& Tower with Radar,22,26,29,0,77,0,0,0,0,0,22,26,29,0,77,0,0,0,77
12/01/2008,EUG,OR,ANM,WE,Combined TRACON& Tower with Radar,19,50,36,4,109,0,1,63,0,64,19,51,99,4,173,202,0,202,375
12/02/2008,EUG,OR,ANM,WE,Combined TRACON& Tower with Radar,18,59,25,2,104,0,2,42,1,45,18,61,67,3,149,108,0,108,257
12/03/2008,EUG,OR,ANM,WE,Combined TRACON& Tower with Radar,18,45,53,8,124,0,0,6,0,6,18,45,59,8,130,0,0,0,130
12/04/2008,EUG,OR,ANM,WE,Combined TRACON& Tower with Radar,18,49,30,0,97,0,5,114,0,119,18,54,144,0,216,148,0,148,364
12/05/2008,EUG,OR,ANM,WE,Combined TRACON& Tower with Radar,14,44,33,9,100,0,3,135,0,138,14,47,168,9,238,146,40,186,424
12/06/2008,EUG,OR,ANM,WE,Combined TRACON& Tower with Radar,19,22,25,8,74,0,1,109,0,110,19,23,134,8,184,100,20,120,304
12/07/2008,EUG,OR,ANM,WE,Combined TRACON& Tower with Radar,20,26,6,14,66,0,0,3,0,3,20,26,9,14,69,0,12,12,81
12/08/2008,EUG,OR,ANM,WE,Combined TRACON& Tower with Radar,18,43,26,2,89,0,2,28,0,30,18,45,54,2,119,36,0,36,155
12/09/2008,EUG,OR,ANM,WE,Combined TRACON& Tower with Radar,17,43,28,0,88,0,2,36,0,38,17,45,64,0,126,90,0,90,216
12/10/2008,EUG,OR,ANM,WE,Combined TRACON& Tower with Radar,14,43,12,2,71,0,4,73,0,77,14,47,85,2,148,158,0,158,306
12/11/2008,EUG,OR,ANM,WE,Combined TRACON& Tower with Radar,23,50,37,4,114,0,2,3,1,6,23,52,40,5,120,12,0,12,132
12/12/2008,EUG,OR,ANM,WE,Combined TRACON& Tower with Radar,14,48,15,0,77,0,2,10,0,12,14,50,25,0,89,22,0,22,111
12/13/2008,EUG,OR,ANM,WE,Combined TRACON& Tower with Radar,17,26,5,0,48,0,1,4,0,5,17,27,9,0,53,0,0,0,53
12/14/2008,EUG,OR,ANM,WE,Combined TRACON& Tower with Radar,21,25,10,0,56,0,0,2,0,2,21,25,12,0,58,0,0,0,58
12/15/2008,EUG,OR,ANM,WE,Combined TRACON& Tower with Radar,30,32,13,0,75,0,1,0,0,1,30,33,13,0,76,4,0,4,80
12/16/2008,EUG,OR,ANM,WE,Combined TRACON& Tower with Radar,19,53,24,0,96,0,1,22,0,23,19,54,46,0,119,0,0,0,119
12/17/2008,EUG,OR,ANM,WE,Combined TRACON& Tower with Radar,17,38,8,0,63,0,5,3,0,8,17,43,11,0,71,0,0,0,71
12/18/2008,EUG,OR,ANM,WE,Combined TRACON& Tower with Radar,21,40,6,0,67,0,0,0,0,0,21,40,6,0,67,0,0,0,67
12/19/2008,EUG,OR,ANM,WE,Combined TRACON& Tower with Radar,15,35,8,0,58,0,2,8,0,10,15,37,16,0,68,0,0,0,68
12/20/2008,EUG,OR,ANM,WE,Combined TRACON& Tower with Radar,13,26,4,0,43,0,0,9,0,9,13,26,13,0,52,6,0,6,58
12/21/2008,EUG,OR,ANM,WE,Combined TRACON& Tower with Radar,17,13,6,0,36,0,0,5,0,5,17,13,11,0,41,4,0,4,45
12/22/2008,EUG,OR,ANM,WE,Combined TRACON& Tower with Radar,21,27,7,0,55,0,0,5,0,5,21,27,12,0,60,6,0,6,66
12/23/2008,EUG,OR,ANM,WE,Combined TRACON& Tower with Radar,17,38,18,2,75,0,0,0,0,0,17,38,18,2,75,0,0,0,75
12/24/2008,EUG,OR,ANM,WE,Combined TRACON& Tower with Radar,14,46,5,0,65,0,0,2,0,2,14,46,7,0,67,0,0,0,67
12/25/2008,EUG,OR,ANM,WE,Combined TRACON& Tower with Radar,21,22,2,0,45,0,0,7,0,7,21,22,9,0,52,6,0,6,58
12/26/2008,EUG,OR,ANM,WE,Combined TRACON& Tower with Radar,19,40,8,0,67,0,0,12,0,12,19,40,20,0,79,14,0,14,93
12/27/2008,EUG,OR,ANM,WE,Combined TRACON& Tower with Radar,19,26,18,0,63,0,0,3,0,3,19,26,21,0,66,2,0,2,68
12/28/2008,EUG,OR,ANM,WE,Combined TRACON& Tower with Radar,25,23,8,0,56,0,0,9,0,9,25,23,17,0,65,0,0,0,65
12/29/2008,EUG,OR,ANM,WE,Combined TRACON& Tower with Radar,14,32,10,6,62,0,0,4,0,4,14,32,14,6,66,26,0,26,92
12/30/2008,EUG,OR,ANM,WE,Combined TRACON& Tower with Radar,21,34,19,2,76,4,1,33,0,38,25,35,52,2,114,38,0,38,152
12/31/2008,EUG,OR,ANM,WE,Combined TRACON& Tower with Radar,38,33,16,0,87,0,0,4,0,4,38,33,20,0,91,18,0,18,109
01/01/2009,EUG,OR,ANM,WE,Combined TRACON& Tower with Radar,21,15,6,0,42,0,0,1,0,1,21,15,7,0,43,0,0,0,43
01/02/2009,EUG,OR,ANM,WE,Combined TRACON& Tower with Radar,15,28,12,0,55,0,0,24,0,24,15,28,36,0,79,0,0,0,79
01/03/2009,EUG,OR,ANM,WE,Combined TRACON& Tower with Radar,17,28,10,0,55,0,1,42,0,43,17,29,52,0,98,16,0,16,114
01/04/2009,EUG,OR,ANM,WE,Combined TRACON& Tower with Radar,23,22,8,18,71,0,0,16,0,16,23,22,24,18,87,6,0,6,93
01/05/2009,EUG,OR,ANM,WE,Combined TRACON& Tower with Radar,24,41,18,6,89,0,0,33,0,33,24,41,51,6,122,82,0,82,204
01/06/2009,EUG,OR,ANM,WE,Combined TRACON& Tower with Radar,15,44,28,52,139,0,1,16,10,27,15,45,44,62,166,48,22,70,236
01/07/2009,EUG,OR,ANM,WE,Combined TRACON& Tower with Radar,16,38,17,14,85,0,0,5,0,5,16,38,22,14,90,0,0,0,90
01/08/2009,EUG,OR,ANM,WE,Combined TRACON& Tower with Radar,26,38,20,7,91,0,0,31,0,31,26,38,51,7,122,70,4,74,196
01/09/2009,EUG,OR,ANM,WE,Combined TRACON& Tower with Radar,15,48,35,0,98,0,0,0,0,0,15,48,35,0,98,0,0,0,98
01/10/2009,EUG,OR,ANM,WE,Combined TRACON& Tower with Radar,13,24,14,0,51,0,6,79,1,86,13,30,93,1,137,94,0,94,231
01/11/2009,EUG,OR,ANM,WE,Combined TRACON& Tower with Radar,21,20,8,0,49,0,2,18,0,20,21,22,26,0,69,6,0,6,75
01/12/2009,EUG,OR,ANM,WE,Combined TRACON& Tower with Radar,18,47,29,0,94,0,0,21,0,21,18,47,50,0,115,48,0,48,163
01/13/2009,EUG,OR,ANM,WE,Combined TRACON& Tower with Radar,18,45,42,0,105,0,0,4,0,4,18,45,46,0,109,32,0,32,141
01/14/2009,EUG,OR,ANM,WE,Combined TRACON& Tower with Radar,19,38,34,0,91,0,0,0,0,0,19,38,34,0,91,0,0,0,91
01/15/2009,EUG,OR,ANM,WE,Combined TRACON& Tower with Radar,27,40,37,0,104,0,0,0,0,0,27,40,37,0,104,0,0,0,104
01/16/2009,EUG,OR,ANM,WE,Combined TRACON& Tower with Radar,19,38,15,0,72,0,0,0,0,0,19,38,15,0,72,0,0,0,72
01/17/2009,EUG,OR,ANM,WE,Combined TRACON& Tower with Radar,17,26,12,0,55,0,1,45,0,46,17,27,57,0,101,26,0,26,127
01/18/2009,EUG,OR,ANM,WE,Combined TRACON& Tower with Radar,17,18,17,0,52,0,3,59,0,62,17,21,76,0,114,44,0,44,158
01/19/2009,EUG,OR,ANM,WE,Combined TRACON& Tower with Radar,22,37,10,0,69,0,0,62,0,62,22,37,72,0,131,48,0,48,179
01/20/2009,EUG,OR,ANM,WE,Combined TRACON& Tower with Radar,19,43,24,10,96,0,0,99,1,100,19,43,123,11,196,110,28,138,334
01/21/2009,EUG,OR,ANM,WE,Combined TRACON& Tower with Radar,15,30,33,2,80,0,1,122,0,123,15,31,155,2,203,156,0,156,359
01/22/2009,EUG,OR,ANM,WE,Combined TRACON& Tower with Radar,21,37,33,15,106,0,1,93,0,94,21,38,126,15,200,138,12,150,350
01/23/2009,EUG,OR,ANM,WE,Combined TRACON& Tower with Radar,16,37,31,14,98,0,1,85,4,90,16,38,116,18,188,144,46,190,378
01/24/2009,EUG,OR,ANM,WE,Combined TRACON& Tower with Radar,16,33,23,28,100,0,1,41,0,42,16,34,64,28,142,97,0,97,239
01/25/2009,EUG,OR,ANM,WE,Combined TRACON& Tower with Radar,17,25,14,0,56,0,0,2,0,2,17,25,16,0,58,8,0,8,66
01/26/2009,EUG,OR,ANM,WE,Combined TRACON& Tower with Radar,15,31,21,2,69,0,2,112,0,114,15,33,133,2,183,170,22,192,375
01/27/2009,EUG,OR,ANM,WE,Combined TRACON& Tower with Radar,17,41,15,0,73,0,2,29,0,31,17,43,44,0,104,86,0,86,190
01/28/2009,EUG,OR,ANM,WE,Combined TRACON& Tower with Radar,17,42,30,0,89,0,2,53,0,55,17,44,83,0,144,136,0,136,280
01/29/2009,EUG,OR,ANM,WE,Combined TRACON& Tower with Radar,19,38,40,0,97,0,0,2,0,2,19,38,42,0,99,4,0,4,103
01/30/2009,EUG,OR,ANM,WE,Combined TRACON& Tower with Radar,19,42,34,2,97,0,2,40,0,42,19,44,74,2,139,74,0,74,213
01/31/2009,EUG,OR,ANM,WE,Combined TRACON& Tower with Radar,18,29,19,4,70,0,0,62,0,62,18,29,81,4,132,58,0,58,190
02/01/2009,EUG,OR,ANM,WE,Combined TRACON& Tower with Radar,21,24,18,0,63,0,0,23,0,23,21,24,41,0,86,0,0,0,86
02/02/2009,EUG,OR,ANM,WE,Combined TRACON& Tower with Radar,13,31,23,0,67,0,0,106,0,106,13,31,129,0,173,90,0,90,263
02/03/2009,EUG,OR,ANM,WE,Combined TRACON& Tower with Radar,17,33,19,0,69,0,1,72,0,73,17,34,91,0,142,106,0,106,248
02/04/2009,EUG,OR,ANM,WE,Combined TRACON& Tower with Radar,19,40,24,8,91,0,2,60,0,62,19,42,84,8,153,86,8,94,247
02/05/2009,EUG,OR,ANM,WE,Combined TRACON& Tower with Radar,22,36,27,0,85,0,2,64,0,66,22,38,91,0,151,66,0,66,217
02/06/2009,EUG,OR,ANM,WE,Combined TRACON& Tower with Radar,22,42,35,6,105,0,1,30,0,31,22,43,65,6,136,38,16,54,190
02/07/2009,EUG,OR,ANM,WE,Combined TRACON& Tower with Radar,15,28,13,1,57,0,0,1,0,1,15,28,14,1,58,0,0,0,58
02/08/2009,EUG,OR,ANM,WE,Combined TRACON& Tower with Radar,18,29,10,8,65,0,0,13,0,13,18,29,23,8,78,40,2,42,120
02/09/2009,EUG,OR,ANM,WE,Combined TRACON& Tower with Radar,16,35,12,2,65,0,1,34,0,35,16,36,46,2,100,72,2,74,174
02/10/2009,EUG,OR,ANM,WE,Combined TRACON& Tower with Radar,16,53,27,0,96,0,0,13,0,13,16,53,40,0,109,4,0,4,113
02/11/2009,EUG,OR,ANM,WE,Combined TRACON& Tower with Radar,16,37,22,2,77,0,1,62,0,63,16,38,84,2,140,124,0,124,264
02/12/2009,EUG,OR,ANM,WE,Combined TRACON& Tower with Radar,19,37,23,3,82,0,2,37,0,39,19,39,60,3,121,116,0,116,237
02/13/2009,EUG,OR,ANM,WE,Combined TRACON& Tower with Radar,36,34,21,8,99,0,5,20,0,25,36,39,41,8,124,32,0,32,156
02/14/2009,EUG,OR,ANM,WE,Combined TRACON& Tower with Radar,48,19,23,0,90,0,2,25,0,27,48,21,48,0,117,12,0,12,129
02/15/2009,EUG,OR,ANM,WE,Combined TRACON& Tower with Radar,35,19,9,0,63,0,2,51,0,53,35,21,60,0,116,6,6,12,128
02/16/2009,EUG,OR,ANM,WE,Combined TRACON& Tower with Radar,15,37,16,0,68,0,3,47,0,50,15,40,63,0,118,28,0,28,146
02/17/2009,EUG,OR,ANM,WE,Combined TRACON& Tower with Radar,22,33,27,2,84,0,2,54,0,56,22,35,81,2,140,114,0,114,254
02/18/2009,EUG,OR,ANM,WE,Combined TRACON& Tower with Radar,17,29,26,12,84,0,2,87,0,89,17,31,113,12,173,96,4,100,273
02/19/2009,EUG,OR,ANM,WE,Combined TRACON& Tower with Radar,21,35,32,9,97,0,1,74,0,75,21,36,106,9,172,72,30,102,274
02/20/2009,EUG,OR,ANM,WE,Combined TRACON& Tower with Radar,20,39,23,16,98,0,2,93,12,107,20,41,116,28,205,80,4,84,289
02/21/2009,EUG,OR,ANM,WE,Combined TRACON& Tower with Radar,15,25,20,0,60,0,0,54,0,54,15,25,74,0,114,76,0,76,190
02/22/2009,EUG,OR,ANM,WE,Combined TRACON& Tower with Radar,23,20,16,6,65,0,0,1,0,1,23,20,17,6,66,0,0,0,66
02/23/2009,EUG,OR,ANM,WE,Combined TRACON& Tower with Radar,16,31,16,2,65,0,1,7,0,8,16,32,23,2,73,40,0,40,113
02/24/2009,EUG,OR,ANM,WE,Combined TRACON& Tower with Radar,23,34,17,0,74,0,0,16,0,16,23,34,33,0,90,72,0,72,162
02/25/2009,EUG,OR,ANM,WE,Combined TRACON& Tower with Radar,18,37,22,2,79,1,2,9,0,12,19,39,31,2,91,8,0,8,99
02/26/2009,EUG,OR,ANM,WE,Combined TRACON& Tower with Radar,26,34,33,0,93,0,1,47,0,48,26,35,80,0,141,60,0,60,201
02/27/2009,EUG,OR,ANM,WE,Combined TRACON& Tower with Radar,21,35,26,6,88,0,12,80,3,95,21,47,106,9,183,68,20,88,271
02/28/2009,EUG,OR,ANM,WE,Combined TRACON& Tower with Radar,17,20,25,0,62,0,1,53,1,55,17,21,78,1,117,102,0,102,219
03/01/2009,EUG,OR,ANM,WE,Combined TRACON& Tower with Radar,24,20,11,0,55,0,0,3,0,3,24,20,14,0,58,0,0,0,58
03/02/2009,EUG,OR,ANM,WE,Combined TRACON& Tower with Radar,17,41,30,0,88,0,1,62,0,63,17,42,92,0,151,76,0,76,227
03/03/2009,EUG,OR,ANM,WE,Combined TRACON& Tower with Radar,14,33,7,0,54,0,4,34,0,38,14,37,41,0,92,48,0,48,140
03/04/2009,EUG,OR,ANM,WE,Combined TRACON& Tower with Radar,23,37,18,0,78,0,0,50,0,50,23,37,68,0,128,126,0,126,254
03/05/2009,EUG,OR,ANM,WE,Combined TRACON& Tower with Radar,21,37,19,7,84,0,0,7,0,7,21,37,26,7,91,18,4,22,113
03/06/2009,EUG,OR,ANM,WE,Combined TRACON& Tower with Radar,17,37,21,2,77,0,2,80,0,82,17,39,101,2,159,128,0,128,287
03/07/2009,EUG,OR,ANM,WE,Combined TRACON& Tower with Radar,15,19,8,0,42,0,2,18,0,20,15,21,26,0,62,12,0,12,74
03/08/2009,EUG,OR,ANM,WE,Combined TRACON& Tower with Radar,22,15,7,2,46,0,0,4,0,4,22,15,11,2,50,0,0,0,50
03/09/2009,EUG,OR,ANM,WE,Combined TRACON& Tower with Radar,21,32,9,0,62,0,1,9,0,10,21,33,18,0,72,36,0,36,108
03/10/2009,EUG,OR,ANM,WE,Combined TRACON& Tower with Radar,23,41,11,2,77,0,0,45,1,46,23,41,56,3,123,26,0,26,149
03/11/2009,EUG,OR,ANM,WE,Combined TRACON& Tower with Radar,17,22,10,0,49,0,7,88,0,95,17,29,98,0,144,104,0,104,248
03/12/2009,EUG,OR,ANM,WE,Combined TRACON& Tower with Radar,24,30,21,0,75,0,6,95,0,101,24,36,116,0,176,160,4,164,340
03/13/2009,EUG,OR,ANM,WE,Combined TRACON& Tower with Radar,18,30,36,4,88,0,8,115,0,123,18,38,151,4,211,70,0,70,281
03/14/2009,EUG,OR,ANM,WE,Combined TRACON& Tower with Radar,13,24,5,0,42,0,2,6,0,8,13,26,11,0,50,0,0,0,50
03/15/2009,EUG,OR,ANM,WE,Combined TRACON& Tower with Radar,24,22,5,0,51,0,0,6,0,6,24,22,11,0,57,0,0,0,57
03/16/2009,EUG,OR,ANM,WE,Combined TRACON& Tower with Radar,19,34,12,0,65,0,0,12,0,12,19,34,24,0,77,10,0,10,87
03/17/2009,EUG,OR,ANM,WE,Combined TRACON& Tower with Radar,18,36,21,0,75,0,4,23,0,27,18,40,44,0,102,42,0,42,144
03/18/2009,EUG,OR,ANM,WE,Combined TRACON& Tower with Radar,20,27,34,0,81,0,5,78,0,83,20,32,112,0,164,124,0,124,288
03/19/2009,EUG,OR,ANM,WE,Combined TRACON& Tower with Radar,26,36,47,0,109,0,2,54,0,56,26,38,101,0,165,84,0,84,249
03/20/2009,EUG,OR,ANM,WE,Combined TRACON& Tower with Radar,18,43,27,6,94,0,3,32,2,37,18,46,59,8,131,36,26,62,193
03/21/2009,EUG,OR,ANM,WE,Combined TRACON& Tower with Radar,16,19,10,2,47,0,4,11,0,15,16,23,21,2,62,0,0,0,62
03/22/2009,EUG,OR,ANM,WE,Combined TRACON& Tower with Radar,21,26,13,0,60,0,2,6,1,9,21,28,19,1,69,8,0,8,77
03/23/2009,EUG,OR,ANM,WE,Combined TRACON& Tower with Radar,17,33,6,0,56,0,3,18,1,22,17,36,24,1,78,6,0,6,84
03/24/2009,EUG,OR,ANM,WE,Combined TRACON& Tower with Radar,17,36,6,2,61,0,2,11,0,13,17,38,17,2,74,0,0,0,74
03/25/2009,EUG,OR,ANM,WE,Combined TRACON& Tower with Radar,21,14,7,0,42,0,2,5,0,7,21,16,12,0,49,0,0,0,49
03/26/2009,EUG,OR,ANM,WE,Combined TRACON& Tower with Radar,24,32,17,0,73,0,9,22,5,36,24,41,39,5,109,6,8,14,123
03/27/2009,EUG,OR,ANM,WE,Combined TRACON& Tower with Radar,22,33,5,2,62,0,1,48,0,49,22,34,53,2,111,36,0,36,147
03/28/2009,EUG,OR,ANM,WE,Combined TRACON& Tower with Radar,15,20,9,1,45,0,4,11,0,15,15,24,20,1,60,6,0,6,66
03/29/2009,EUG,OR,ANM,WE,Combined TRACON& Tower with Radar,22,26,15,0,63,0,1,32,0,33,22,27,47,0,96,42,0,42,138
03/30/2009,EUG,OR,ANM,WE,Combined TRACON& Tower with Radar,18,35,20,0,73,0,1,89,0,90,18,36,109,0,163,76,0,76,239
03/31/2009,EUG,OR,ANM,WE,Combined TRACON& Tower with Radar,19,33,23,6,81,0,0,33,0,33,19,33,56,6,114,14,0,14,128
04/01/2009,EUG,OR,ANM,WE,Combined TRACON& Tower with Radar,21,33,22,0,76,0,0,40,0,40,21,33,62,0,116,84,0,84,200
04/02/2009,EUG,OR,ANM,WE,Combined TRACON& Tower with Radar,27,30,12,1,70,0,1,31,0,32,27,31,43,1,102,38,0,38,140
04/03/2009,EUG,OR,ANM,WE,Combined TRACON& Tower with Radar,20,29,19,2,70,0,2,50,0,52,20,31,69,2,122,88,0,88,210
04/04/2009,EUG,OR,ANM,WE,Combined TRACON& Tower with Radar,16,17,16,19,68,0,5,81,1,87,16,22,97,20,155,116,14,130,285
04/05/2009,EUG,OR,ANM,WE,Combined TRACON& Tower with Radar,24,17,26,2,69,0,3,81,0,84,24,20,107,2,153,98,0,98,251
04/06/2009,EUG,OR,ANM,WE,Combined TRACON& Tower with Radar,18,32,33,0,83,0,11,132,0,143,18,43,165,0,226,116,0,116,342
04/07/2009,EUG,OR,ANM,WE,Combined TRACON& Tower with Radar,25,28,16,0,69,0,1,121,0,122,25,29,137,0,191,94,0,94,285
04/08/2009,EUG,OR,ANM,WE,Combined TRACON& Tower with Radar,19,38,26,0,83,0,2,57,0,59,19,40,83,0,142,74,0,74,216
04/09/2009,EUG,OR,ANM,WE,Combined TRACON& Tower with Radar,36,36,28,12,112,0,0,53,0,53,36,36,81,12,165,30,4,34,199
04/10/2009,EUG,OR,ANM,WE,Combined TRACON& Tower with Radar,23,39,41,4,107,0,0,76,0,76,23,39,117,4,183,124,0,124,307
04/11/2009,EUG,OR,ANM,WE,Combined TRACON& Tower with Radar,19,21,17,0,57,0,0,53,2,55,19,21,70,2,112,14,0,14,126
04/12/2009,EUG,OR,ANM,WE,Combined TRACON& Tower with Radar,26,18,15,0,59,0,0,6,0,6,26,18,21,0,65,0,0,0,65
04/13/2009,EUG,OR,ANM,WE,Combined TRACON& Tower with Radar,21,32,20,0,73,0,1,30,0,31,21,33,50,0,104,38,0,38,142
04/14/2009,EUG,OR,ANM,WE,Combined TRACON& Tower with Radar,19,36,11,0,66,0,1,26,3,30,19,37,37,3,96,22,0,22,118
04/15/2009,EUG,OR,ANM,WE,Combined TRACON& Tower with Radar,20,30,33,2,85,0,2,97,1,100,20,32,130,3,185,170,0,170,355
04/16/2009,EUG,OR,ANM,WE,Combined TRACON& Tower with Radar,23,29,26,2,80,0,4,104,0,108,23,33,130,2,188,126,0,126,314
04/17/2009,EUG,OR,ANM,WE,Combined TRACON& Tower with Radar,18,32,43,2,95,0,0,48,0,48,18,32,91,2,143,70,0,70,213
04/18/2009,EUG,OR,ANM,WE,Combined TRACON& Tower with Radar,16,21,21,7,65,0,6,100,0,106,16,27,121,7,171,118,8,126,297
04/19/2009,EUG,OR,ANM,WE,Combined TRACON& Tower with Radar,27,17,7,0,51,0,0,54,0,54,27,17,61,0,105,54,12,66,171
04/20/2009,EUG,OR,ANM,WE,Combined TRACON& Tower with Radar,20,32,20,6,78,0,7,134,0,141,20,39,154,6,219,130,2,132,351
04/21/2009,EUG,OR,ANM,WE,Combined TRACON& Tower with Radar,17,31,24,0,72,0,7,139,0,146,17,38,163,0,218,134,2,136,354
04/22/2009,EUG,OR,ANM,WE,Combined TRACON& Tower with Radar,17,29,30,0,76,0,2,127,0,129,17,31,157,0,205,128,0,128,333
04/23/2009,EUG,OR,ANM,WE,Combined TRACON& Tower with Radar,29,29,31,7,96,0,18,93,0,111,29,47,124,7,207,118,46,164,371
04/24/2009,EUG,OR,ANM,WE,Combined TRACON& Tower with Radar,16,30,25,4,75,0,5,89,2,96,16,35,114,6,171,86,8,94,265
04/25/2009,EUG,OR,ANM,WE,Combined TRACON& Tower with Radar,18,20,21,2,61,0,1,63,0,64,18,21,84,2,125,56,2,58,183
04/26/2009,EUG,OR,ANM,WE,Combined TRACON& Tower with Radar,23,19,10,11,63,0,6,34,0,40,23,25,44,11,103,16,10,26,129
04/27/2009,EUG,OR,ANM,WE,Combined TRACON& Tower with Radar,20,28,18,0,66,0,0,58,0,58,20,28,76,0,124,166,0,166,290
04/28/2009,EUG,OR,ANM,WE,Combined TRACON& Tower with Radar,20,29,19,0,68,0,1,27,4,32,20,30,46,4,100,88,0,88,188
04/29/2009,EUG,OR,ANM,WE,Combined TRACON& Tower with Radar,24,37,24,2,87,0,7,64,0,71,24,44,88,2,158,94,0,94,252
04/30/2009,EUG,OR,ANM,WE,Combined TRACON& Tower with Radar,19,32,28,3,82,0,7,71,3,81,19,39,99,6,163,42,0,42,205
05/01/2009,EUG,OR,ANM,WE,Combined TRACON& Tower with Radar,33,36,27,2,98,0,2,85,0,87,33,38,112,2,185,92,0,92,277
05/02/2009,EUG,OR,ANM,WE,Combined TRACON& Tower with Radar,20,25,10,6,61,0,3,23,0,26,20,28,33,6,87,30,0,30,117
05/03/2009,EUG,OR,ANM,WE,Combined TRACON& Tower with Radar,21,14,14,0,49,0,0,15,0,15,21,14,29,0,64,2,0,2,66
05/04/2009,EUG,OR,ANM,WE,Combined TRACON& Tower with Radar,21,34,15,7,77,0,1,33,0,34,21,35,48,7,111,106,0,106,217
05/05/2009,EUG,OR,ANM,WE,Combined TRACON& Tower with Radar,20,31,14,1,66,0,0,17,0,17,20,31,31,1,83,50,0,50,133
05/06/2009,EUG,OR,ANM,WE,Combined TRACON& Tower with Radar,25,31,22,7,85,0,1,25,0,26,25,32,47,7,111,24,22,46,157
05/07/2009,EUG,OR,ANM,WE,Combined TRACON& Tower with Radar,32,39,30,0,101,0,2,49,0,51,32,41,79,0,152,42,2,44,196
05/08/2009,EUG,OR,ANM,WE,Combined TRACON& Tower with Radar,17,31,28,0,76,0,9,131,1,141,17,40,159,1,217,98,0,98,315
05/09/2009,EUG,OR,ANM,WE,Combined TRACON& Tower with Radar,22,20,6,0,48,0,3,168,0,171,22,23,174,0,219,74,0,74,293
05/10/2009,EUG,OR,ANM,WE,Combined TRACON& Tower with Radar,21,17,14,0,52,0,5,56,0,61,21,22,70,0,113,38,0,38,151
05/11/2009,EUG,OR,ANM,WE,Combined TRACON& Tower with Radar,19,28,27,2,76,0,0,55,0,55,19,28,82,2,131,112,0,112,243
05/12/2009,EUG,OR,ANM,WE,Combined TRACON& Tower with Radar,19,43,26,2,90,0,5,66,15,86,19,48,92,17,176,18,0,18,194
05/13/2009,EUG,OR,ANM,WE,Combined TRACON& Tower with Radar,18,44,43,9,114,0,1,73,0,74,18,45,116,9,188,134,22,156,344
05/14/2009,EUG,OR,ANM,WE,Combined TRACON& Tower with Radar,21,28,29,1,79,0,4,56,0,60,21,32,85,1,139,48,0,48,187
05/15/2009,EUG,OR,ANM,WE,Combined TRACON& Tower with Radar,18,25,25,2,70,0,2,143,0,145,18,27,168,2,215,200,0,200,415
05/16/2009,EUG,OR,ANM,WE,Combined TRACON& Tower with Radar,17,23,17,2,59,0,2,96,0,98,17,25,113,2,157,78,0,78,235
05/17/2009,EUG,OR,ANM,WE,Combined TRACON& Tower with Radar,20,14,11,0,45,0,0,75,0,75,20,14,86,0,120,28,3,31,151
05/18/2009,EUG,OR,ANM,WE,Combined TRACON& Tower with Radar,22,33,31,4,90,0,4,137,2,143,22,37,168,6,233,130,16,146,379
05/19/2009,EUG,OR,ANM,WE,Combined TRACON& Tower with Radar,17,26,26,0,69,0,1,45,0,46,17,27,71,0,115,120,0,120,235
05/20/2009,EUG,OR,ANM,WE,Combined TRACON& Tower with Radar,17,39,15,0,71,0,2,107,1,110,17,41,122,1,181,126,0,126,307
05/21/2009,EUG,OR,ANM,WE,Combined TRACON& Tower with Radar,21,32,17,0,70,0,6,92,0,98,21,38,109,0,168,74,0,74,242
05/22/2009,EUG,OR,ANM,WE,Combined TRACON& Tower with Radar,19,33,16,0,68,0,4,103,2,109,19,37,119,2,177,126,0,126,303
05/23/2009,EUG,OR,ANM,WE,Combined TRACON& Tower with Radar,11,22,18,0,51,0,2,61,0,63,11,24,79,0,114,82,0,82,196
05/24/2009,EUG,OR,ANM,WE,Combined TRACON& Tower with Radar,19,15,8,0,42,0,1,22,1,24,19,16,30,1,66,12,0,12,78
05/25/2009,EUG,OR,ANM,WE,Combined TRACON& Tower with Radar,17,19,7,0,43,0,6,83,0,89,17,25,90,0,132,26,0,26,158
05/26/2009,EUG,OR,ANM,WE,Combined TRACON& Tower with Radar,19,32,21,2,74,0,7,120,0,127,19,39,141,2,201,134,0,134,335
05/27/2009,EUG,OR,ANM,WE,Combined TRACON& Tower with Radar,20,31,28,1,80,0,5,72,1,78,20,36,100,2,158,106,0,106,264
05/28/2009,EUG,OR,ANM,WE,Combined TRACON& Tower with Radar,23,28,20,1,72,0,2,141,0,143,23,30,161,1,215,112,0,112,327
05/29/2009,EUG,OR,ANM,WE,Combined TRACON& Tower with Radar,24,37,19,1,81,0,5,154,1,160,24,42,173,2,241,168,1,169,410
05/30/2009,EUG,OR,ANM,WE,Combined TRACON& Tower with Radar,15,17,32,0,64,0,8,84,0,92,15,25,116,0,156,62,0,62,218
05/31/2009,EUG,OR,ANM,WE,Combined TRACON& Tower with Radar,25,18,16,0,59,0,2,47,0,49,25,20,63,0,108,40,0,40,148
06/01/2009,EUG,OR,ANM,WE,Combined TRACON& Tower with Radar,18,31,20,0,69,0,1,56,0,57,18,32,76,0,126,118,0,118,244
06/02/2009,EUG,OR,ANM,WE,Combined TRACON& Tower with Radar,21,30,24,4,79,0,2,70,0,72,21,32,94,4,151,146,2,148,299
06/03/2009,EUG,OR,ANM,WE,Combined TRACON& Tower with Radar,19,37,38,2,96,0,3,55,0,58,19,40,93,2,154,48,0,48,202
06/04/2009,EUG,OR,ANM,WE,Combined TRACON& Tower with Radar,25,38,25,0,88,0,2,19,0,21,25,40,44,0,109,18,0,18,127
06/05/2009,EUG,OR,ANM,WE,Combined TRACON& Tower with Radar,23,38,31,3,95,0,1,31,0,32,23,39,62,3,127,58,0,58,185
06/06/2009,EUG,OR,ANM,WE,Combined TRACON& Tower with Radar,17,27,18,15,77,0,2,23,12,37,17,29,41,27,114,40,12,52,166
06/07/2009,EUG,OR,ANM,WE,Combined TRACON& Tower with Radar,20,29,33,6,88,0,2,41,0,43,20,31,74,6,131,42,0,42,173
06/08/2009,EUG,OR,ANM,WE,Combined TRACON& Tower with Radar,25,35,20,0,80,1,8,90,0,99,26,43,110,0,179,140,0,140,319
06/09/2009,EUG,OR,ANM,WE,Combined TRACON& Tower with Radar,20,34,30,4,88,0,3,64,0,67,20,37,94,4,155,60,0,60,215
06/10/2009,EUG,OR,ANM,WE,Combined TRACON& Tower with Radar,24,30,49,13,116,0,6,48,2,56,24,36,97,15,172,52,0,52,224
06/11/2009,EUG,OR,ANM,WE,Combined TRACON& Tower with Radar,23,42,26,2,93,0,3,81,2,86,23,45,107,4,179,76,0,76,255
06/12/2009,EUG,OR,ANM,WE,Combined TRACON& Tower with Radar,24,40,53,2,119,0,7,95,2,104,24,47,148,4,223,92,0,92,315
06/13/2009,EUG,OR,ANM,WE,Combined TRACON& Tower with Radar,19,32,27,6,84,0,1,26,0,27,19,33,53,6,111,26,0,26,137
06/14/2009,EUG,OR,ANM,WE,Combined TRACON& Tower with Radar,22,32,31,16,101,0,1,64,0,65,22,33,95,16,166,40,0,40,206
06/15/2009,EUG,OR,ANM,WE,Combined TRACON& Tower with Radar,29,35,25,0,89,0,3,58,0,61,29,38,83,0,150,62,0,62,212
06/16/2009,EUG,OR,ANM,WE,Combined TRACON& Tower with Radar,21,34,19,6,80,0,6,57,0,63,21,40,76,6,143,26,0,26,169
06/17/2009,EUG,OR,ANM,WE,Combined TRACON& Tower with Radar,28,26,39,4,97,0,5,30,0,35,28,31,69,4,132,80,0,80,212
06/18/2009,EUG,OR,ANM,WE,Combined TRACON& Tower with Radar,25,47,50,3,125,0,3,58,1,62,25,50,108,4,187,32,46,78,265
06/19/2009,EUG,OR,ANM,WE,Combined TRACON& Tower with Radar,27,35,22,5,89,0,1,35,6,42,27,36,57,11,131,20,0,20,151
06/20/2009,EUG,OR,ANM,WE,Combined TRACON& Tower with Radar,16,23,23,0,62,0,1,33,0,34,16,24,56,0,96,38,0,38,134
06/21/2009,EUG,OR,ANM,WE,Combined TRACON& Tower with Radar,20,30,10,0,60,0,4,25,0,29,20,34,35,0,89,30,0,30,119
06/22/2009,EUG,OR,ANM,WE,Combined TRACON& Tower with Radar,26,34,29,2,91,0,11,80,1,92,26,45,109,3,183,68,0,68,251
06/23/2009,EUG,OR,ANM,WE,Combined TRACON& Tower with Radar,21,37,22,0,80,0,11,81,0,92,21,48,103,0,172,52,0,52,224
06/24/2009,EUG,OR,ANM,WE,Combined TRACON& Tower with Radar,26,34,20,50,130,0,5,79,0,84,26,39,99,50,214,98,0,98,312
06/25/2009,EUG,OR,ANM,WE,Combined TRACON& Tower with Radar,23,29,0,0,52,0,2,56,0,58,23,31,56,0,110,72,0,72,182
06/26/2009,EUG,OR,ANM,WE,Combined TRACON& Tower with Radar,26,34,30,4,94,0,6,95,0,101,26,40,125,4,195,134,0,134,329
06/27/2009,EUG,OR,ANM,WE,Combined TRACON& Tower with Radar,14,25,14,0,53,0,3,64,0,67,14,28,78,0,120,52,0,52,172
06/28/2009,EUG,OR,ANM,WE,Combined TRACON& Tower with Radar,19,27,16,0,62,0,1,55,0,56,19,28,71,0,118,8,0,8,126
06/29/2009,EUG,OR,ANM,WE,Combined TRACON& Tower with Radar,25,28,14,0,67,0,2,78,0,80,25,30,92,0,147,112,0,112,259
06/30/2009,EUG,OR,ANM,WE,Combined TRACON& Tower with Radar,23,31,29,0,83,0,4,68,0,72,23,35,97,0,155,68,0,68,223
07/01/2009,EUG,OR,ANM,WE,Combined TRACON& Tower with Radar,21,34,23,4,82,0,4,73,0,77,21,38,96,4,159,130,0,130,289
07/02/2009,EUG,OR,ANM,WE,Combined TRACON& Tower with Radar,25,31,12,11,79,0,7,83,1,91,25,38,95,12,170,132,22,154,324
07/03/2009,EUG,OR,ANM,WE,Combined TRACON& Tower with Radar,18,26,11,0,55,0,1,70,0,71,18,27,81,0,126,55,0,55,181
07/04/2009,EUG,OR,ANM,WE,Combined TRACON& Tower with Radar,16,17,5,0,38,0,2,45,2,49,16,19,50,2,87,12,0,12,99
07/05/2009,EUG,OR,ANM,WE,Combined TRACON& Tower with Radar,28,24,4,0,56,0,0,52,0,52,28,24,56,0,108,0,0,0,108
07/06/2009,EUG,OR,ANM,WE,Combined TRACON& Tower with Radar,25,30,21,8,84,0,6,64,18,88,25,36,85,26,172,150,70,220,392
07/07/2009,EUG,OR,ANM,WE,Combined TRACON& Tower with Radar,23,30,30,14,97,0,2,68,0,70,23,32,98,14,167,24,6,30,197
07/08/2009,EUG,OR,ANM,WE,Combined TRACON& Tower with Radar,19,34,26,2,81,0,4,72,0,76,19,38,98,2,157,90,0,90,247
07/09/2009,EUG,OR,ANM,WE,Combined TRACON& Tower with Radar,23,32,21,0,76,0,1,90,2,93,23,33,111,2,169,106,0,106,275
07/10/2009,EUG,OR,ANM,WE,Combined TRACON& Tower with Radar,25,33,24,5,87,0,9,93,8,110,25,42,117,13,197,46,0,46,243
07/11/2009,EUG,OR,ANM,WE,Combined TRACON& Tower with Radar,15,23,25,8,71,0,4,50,1,55,15,27,75,9,126,30,0,30,156
07/12/2009,EUG,OR,ANM,WE,Combined TRACON& Tower with Radar,17,25,15,2,59,0,0,4,0,4,17,25,19,2,63,0,0,0,63
07/13/2009,EUG,OR,ANM,WE,Combined TRACON& Tower with Radar,25,32,31,2,90,0,7,55,0,62,25,39,86,2,152,146,0,146,298
07/14/2009,EUG,OR,ANM,WE,Combined TRACON& Tower with Radar,22,38,23,12,95,0,10,100,0,110,22,48,123,12,205,120,0,120,325
07/15/2009,EUG,OR,ANM,WE,Combined TRACON& Tower with Radar,33,34,39,2,108,0,4,129,7,140,33,38,168,9,248,178,0,178,426
07/16/2009,EUG,OR,ANM,WE,Combined TRACON& Tower with Radar,28,32,20,2,82,0,7,101,4,112,28,39,121,6,194,88,0,88,282
07/17/2009,EUG,OR,ANM,WE,Combined TRACON& Tower with Radar,30,36,21,0,87,0,9,96,0,105,30,45,117,0,192,76,0,76,268
07/18/2009,EUG,OR,ANM,WE,Combined TRACON& Tower with Radar,16,23,2,0,41,1,7,64,1,73,17,30,66,1,114,30,0,30,144
07/19/2009,EUG,OR,ANM,WE,Combined TRACON& Tower with Radar,26,30,6,0,62,0,3,54,0,57,26,33,60,0,119,0,0,0,119
07/20/2009,EUG,OR,ANM,WE,Combined TRACON& Tower with Radar,24,28,7,0,59,0,5,89,0,94,24,33,96,0,153,182,0,182,335
07/21/2009,EUG,OR,ANM,WE,Combined TRACON& Tower with Radar,21,31,16,2,70,0,7,60,0,67,21,38,76,2,137,100,0,100,237
07/22/2009,EUG,OR,ANM,WE,Combined TRACON& Tower with Radar,24,32,21,2,79,0,0,101,0,101,24,32,122,2,180,78,0,78,258
07/23/2009,EUG,OR,ANM,WE,Combined TRACON& Tower with Radar,26,33,25,14,98,0,5,58,1,64,26,38,83,15,162,4,32,36,198
07/24/2009,EUG,OR,ANM,WE,Combined TRACON& Tower with Radar,22,36,16,1,75,0,10,99,0,109,22,46,115,1,184,82,6,88,272
07/25/2009,EUG,OR,ANM,WE,Combined TRACON& Tower with Radar,19,21,13,4,57,0,6,50,1,57,19,27,63,5,114,30,10,40,154
07/26/2009,EUG,OR,ANM,WE,Combined TRACON& Tower with Radar,22,26,7,1,56,0,4,67,25,96,22,30,74,26,152,6,0,6,158
07/27/2009,EUG,OR,ANM,WE,Combined TRACON& Tower with Radar,52,33,36,3,124,0,2,86,6,94,52,35,122,9,218,146,22,168,386
07/28/2009,EUG,OR,ANM,WE,Combined TRACON& Tower with Radar,21,34,15,26,96,0,2,67,11,80,21,36,82,37,176,104,44,148,324
07/29/2009,EUG,OR,ANM,WE,Combined TRACON& Tower with Radar,20,39,19,10,88,0,6,84,0,90,20,45,103,10,178,66,0,66,244
07/30/2009,EUG,OR,ANM,WE,Combined TRACON& Tower with Radar,25,38,22,12,97,0,2,73,2,77,25,40,95,14,174,98,40,138,312
07/31/2009,EUG,OR,ANM,WE,Combined TRACON& Tower with Radar,22,34,28,0,84,0,3,107,0,110,22,37,135,0,194,72,0,72,266
08/01/2009,EUG,OR,ANM,WE,Combined TRACON& Tower with Radar,16,23,14,0,53,0,5,76,0,81,16,28,90,0,134,34,0,34,168
08/02/2009,EUG,OR,ANM,WE,Combined TRACON& Tower with Radar,21,31,11,0,63,0,1,57,0,58,21,32,68,0,121,40,0,40,161
08/03/2009,EUG,OR,ANM,WE,Combined TRACON& Tower with Radar,27,33,20,0,80,0,1,85,0,86,27,34,105,0,166,76,0,76,242
08/04/2009,EUG,OR,ANM,WE,Combined TRACON& Tower with Radar,21,35,17,8,81,0,2,72,16,90,21,37,89,24,171,62,2,64,235
08/05/2009,EUG,OR,ANM,WE,Combined TRACON& Tower with Radar,21,32,34,0,87,0,3,65,0,68,21,35,99,0,155,82,0,82,237
08/06/2009,EUG,OR,ANM,WE,Combined TRACON& Tower with Radar,28,34,26,19,107,0,2,47,2,51,28,36,73,21,158,54,20,74,232
08/07/2009,EUG,OR,ANM,WE,Combined TRACON& Tower with Radar,29,31,29,35,124,0,1,32,2,35,29,32,61,37,159,12,86,98,257
08/08/2009,EUG,OR,ANM,WE,Combined TRACON& Tower with Radar,17,27,8,6,58,0,0,46,0,46,17,27,54,6,104,34,0,34,138
08/09/2009,EUG,OR,ANM,WE,Combined TRACON& Tower with Radar,22,30,13,2,67,0,3,39,0,42,22,33,52,2,109,34,28,62,171
08/10/2009,EUG,OR,ANM,WE,Combined TRACON& Tower with Radar,26,32,16,0,74,2,2,60,3,67,28,34,76,3,141,44,10,54,195
08/11/2009,EUG,OR,ANM,WE,Combined TRACON& Tower with Radar,21,31,17,4,73,0,9,76,0,85,21,40,93,4,158,106,0,106,264
08/12/2009,EUG,OR,ANM,WE,Combined TRACON& Tower with Radar,23,30,17,2,72,0,2,52,0,54,23,32,69,2,126,76,0,76,202
08/13/2009,EUG,OR,ANM,WE,Combined TRACON& Tower with Radar,28,30,23,12,93,0,5,54,1,60,28,35,77,13,153,48,0,48,201
08/14/2009,EUG,OR,ANM,WE,Combined TRACON& Tower with Radar,22,27,21,16,86,0,2,83,0,85,22,29,104,16,171,66,62,128,299
08/15/2009,EUG,OR,ANM,WE,Combined TRACON& Tower with Radar,20,44,27,6,97,0,3,65,0,68,20,47,92,6,165,26,2,28,193
08/16/2009,EUG,OR,ANM,WE,Combined TRACON& Tower with Radar,25,32,8,1,66,0,0,74,2,76,25,32,82,3,142,2,2,4,146
08/17/2009,EUG,OR,ANM,WE,Combined TRACON& Tower with Radar,26,31,14,4,75,0,1,68,2,71,26,32,82,6,146,30,0,30,176
08/18/2009,EUG,OR,ANM,WE,Combined TRACON& Tower with Radar,19,31,21,0,71,0,6,81,0,87,19,37,102,0,158,148,0,148,306
08/19/2009,EUG,OR,ANM,WE,Combined TRACON& Tower with Radar,23,30,15,16,84,0,4,85,3,92,23,34,100,19,176,60,0,60,236
08/20/2009,EUG,OR,ANM,WE,Combined TRACON& Tower with Radar,25,30,14,2,71,0,3,84,0,87,25,33,98,2,158,72,0,72,230
08/21/2009,EUG,OR,ANM,WE,Combined TRACON& Tower with Radar,26,33,26,0,85,0,2,93,0,95,26,35,119,0,180,68,0,68,248
08/22/2009,EUG,OR,ANM,WE,Combined TRACON& Tower with Radar,18,23,10,0,51,0,3,79,0,82,18,26,89,0,133,44,0,44,177
08/23/2009,EUG,OR,ANM,WE,Combined TRACON& Tower with Radar,23,26,12,0,61,0,0,76,0,76,23,26,88,0,137,64,0,64,201
08/24/2009,EUG,OR,ANM,WE,Combined TRACON& Tower with Radar,22,32,17,0,71,0,9,98,0,107,22,41,115,0,178,158,0,158,336
08/25/2009,EUG,OR,ANM,WE,Combined TRACON& Tower with Radar,16,34,29,0,79,0,1,104,0,105,16,35,133,0,184,152,0,152,336
08/26/2009,EUG,OR,ANM,WE,Combined TRACON& Tower with Radar,20,38,12,0,70,0,3,83,2,88,20,41,95,2,158,60,0,60,218
08/27/2009,EUG,OR,ANM,WE,Combined TRACON& Tower with Radar,30,33,19,4,86,4,2,122,0,128,34,35,141,4,214,94,0,94,308
08/28/2009,EUG,OR,ANM,WE,Combined TRACON& Tower with Radar,26,33,26,0,85,0,4,73,0,77,26,37,99,0,162,88,0,88,250
08/29/2009,EUG,OR,ANM,WE,Combined TRACON& Tower with Radar,20,21,14,0,55,0,1,47,0,48,20,22,61,0,103,16,0,16,119
08/30/2009,EUG,OR,ANM,WE,Combined TRACON& Tower with Radar,28,26,16,0,70,0,1,47,0,48,28,27,63,0,118,14,0,14,132
08/31/2009,EUG,OR,ANM,WE,Combined TRACON& Tower with Radar,26,36,22,4,88,0,4,84,0,88,26,40,106,4,176,112,0,112,288
09/01/2009,EUG,OR,ANM,WE,Combined TRACON& Tower with Radar,17,41,20,49,127,0,4,85,5,94,17,45,105,54,221,112,44,156,377
09/02/2009,EUG,OR,ANM,WE,Combined TRACON& Tower with Radar,26,26,25,8,85,0,6,102,12,120,26,32,127,20,205,84,0,84,289
09/03/2009,EUG,OR,ANM,WE,Combined TRACON& Tower with Radar,34,30,33,14,111,0,2,113,0,115,34,32,146,14,226,166,40,206,432
09/04/2009,EUG,OR,ANM,WE,Combined TRACON& Tower with Radar,27,21,22,0,70,0,0,97,1,98,27,21,119,1,168,114,0,114,282
09/05/2009,EUG,OR,ANM,WE,Combined TRACON& Tower with Radar,19,21,11,0,51,0,0,30,0,30,19,21,41,0,81,2,0,2,83
09/06/2009,EUG,OR,ANM,WE,Combined TRACON& Tower with Radar,22,15,14,0,51,0,0,13,0,13,22,15,27,0,64,2,0,2,66
09/07/2009,EUG,OR,ANM,WE,Combined TRACON& Tower with Radar,20,11,4,0,35,0,0,29,0,29,20,11,33,0,64,40,0,40,104
09/08/2009,EUG,OR,ANM,WE,Combined TRACON& Tower with Radar,19,27,12,9,67,0,2,62,5,69,19,29,74,14,136,76,10,86,222
09/09/2009,EUG,OR,ANM,WE,Combined TRACON& Tower with Radar,22,32,11,1,66,0,2,76,11,89,22,34,87,12,155,40,0,40,195
09/10/2009,EUG,OR,ANM,WE,Combined TRACON& Tower with Radar,28,33,39,12,112,0,3,71,4,78,28,36,110,16,190,74,0,74,264
09/11/2009,EUG,OR,ANM,WE,Combined TRACON& Tower with Radar,26,29,14,0,69,0,2,98,0,100,26,31,112,0,169,56,0,56,225
09/12/2009,EUG,OR,ANM,WE,Combined TRACON& Tower with Radar,16,21,11,0,48,0,4,93,0,97,16,25,104,0,145,42,0,42,187
09/13/2009,EUG,OR,ANM,WE,Combined TRACON& Tower with Radar,32,25,24,0,81,0,10,46,0,56,32,35,70,0,137,20,0,20,157
09/14/2009,EUG,OR,ANM,WE,Combined TRACON& Tower with Radar,24,35,23,13,95,0,4,69,4,77,24,39,92,17,172,76,64,140,312
09/15/2009,EUG,OR,ANM,WE,Combined TRACON& Tower with Radar,24,28,8,10,70,0,3,83,0,86,24,31,91,10,156,66,0,66,222
09/16/2009,EUG,OR,ANM,WE,Combined TRACON& Tower with Radar,21,34,34,20,109,0,0,43,0,43,21,34,77,20,152,28,30,58,210
09/17/2009,EUG,OR,ANM,WE,Combined TRACON& Tower with Radar,30,41,16,9,96,0,3,66,2,71,30,44,82,11,167,42,50,92,259
09/18/2009,EUG,OR,ANM,WE,Combined TRACON& Tower with Radar,27,30,12,39,108,0,3,84,0,87,27,33,96,39,195,66,32,98,293
09/19/2009,EUG,OR,ANM,WE,Combined TRACON& Tower with Radar,18,34,52,1,105,0,1,12,0,13,18,35,64,1,118,4,2,6,124
09/20/2009,EUG,OR,ANM,WE,Combined TRACON& Tower with Radar,32,26,20,1,79,0,2,62,0,64,32,28,82,1,143,2,0,2,145
09/21/2009,EUG,OR,ANM,WE,Combined TRACON& Tower with Radar,25,26,12,8,71,0,4,61,0,65,25,30,73,8,136,20,2,22,158
09/22/2009,EUG,OR,ANM,WE,Combined TRACON& Tower with Radar,26,34,6,8,74,0,2,69,0,71,26,36,75,8,145,16,0,16,161
09/23/2009,EUG,OR,ANM,WE,Combined TRACON& Tower with Radar,22,37,20,1,80,0,9,48,1,58,22,46,68,2,138,18,0,18,156
09/24/2009,EUG,OR,ANM,WE,Combined TRACON& Tower with Radar,24,30,32,1,87,0,8,66,0,74,24,38,98,1,161,32,0,32,193
09/25/2009,EUG,OR,ANM,WE,Combined TRACON& Tower with Radar,29,35,27,4,95,1,6,66,0,73,30,41,93,4,168,30,0,30,198
09/26/2009,EUG,OR,ANM,WE,Combined TRACON& Tower with Radar,17,33,55,0,105,0,2,92,0,94,17,35,147,0,199,36,0,36,235
09/27/2009,EUG,OR,ANM,WE,Combined TRACON& Tower with Radar,28,21,19,10,78,0,2,85,0,87,28,23,104,10,165,68,0,68,233
09/28/2009,EUG,OR,ANM,WE,Combined TRACON& Tower with Radar,28,32,12,0,72,0,0,42,0,42,28,32,54,0,114,68,0,68,182
09/29/2009,EUG,OR,ANM,WE,Combined TRACON& Tower with Radar,31,37,24,2,94,0,1,33,0,34,31,38,57,2,128,96,0,96,224
09/30/2009,EUG,OR,ANM,WE,Combined TRACON& Tower with Radar,23,40,21,4,88,0,16,34,5,55,23,56,55,9,143,66,0,66,209
10/01/2009,EUG,OR,ANM,WE,Combined TRACON& Tower with Radar,96,22,17,0,135,0,4,65,1,70,96,26,82,1,205,98,0,98,303
10/02/2009,EUG,OR,ANM,WE,Combined TRACON& Tower with Radar,33,27,33,12,105,0,1,64,0,65,33,28,97,12,170,66,12,78,248
10/03/2009,EUG,OR,ANM,WE,Combined TRACON& Tower with Radar,12,21,22,0,55,0,3,32,0,35,12,24,54,0,90,26,0,26,116
10/04/2009,EUG,OR,ANM,WE,Combined TRACON& Tower with Radar,31,16,14,4,65,0,0,30,0,30,31,16,44,4,95,26,0,26,121
10/05/2009,EUG,OR,ANM,WE,Combined TRACON& Tower with Radar,29,26,23,0,78,0,4,77,0,81,29,30,100,0,159,102,0,102,261
10/06/2009,EUG,OR,ANM,WE,Combined TRACON& Tower with Radar,25,28,19,3,75,0,0,69,9,78,25,28,88,12,153,64,0,64,217
10/07/2009,EUG,OR,ANM,WE,Combined TRACON& Tower with Radar,25,28,19,3,75,0,0,69,9,78,25,28,88,12,153,64,0,64,217
10/08/2009,EUG,OR,ANM,WE,Combined TRACON& Tower with Radar,28,29,29,4,90,0,3,80,0,83,28,32,109,4,173,116,16,132,305
10/09/2009,EUG,OR,ANM,WE,Combined TRACON& Tower with Radar,34,22,22,27,105,0,3,97,8,108,34,25,119,35,213,88,6,94,307
10/10/2009,EUG,OR,ANM,WE,Combined TRACON& Tower with Radar,17,17,15,0,49,0,0,59,1,60,17,17,74,1,109,50,0,50,159
10/11/2009,EUG,OR,ANM,WE,Combined TRACON& Tower with Radar,29,15,10,0,54,0,1,75,1,77,29,16,85,1,131,106,0,106,237
10/12/2009,EUG,OR,ANM,WE,Combined TRACON& Tower with Radar,28,25,26,0,79,0,0,124,0,124,28,25,150,0,203,156,0,156,359
10/13/2009,EUG,OR,ANM,WE,Combined TRACON& Tower with Radar,23,31,22,0,76,0,1,56,0,57,23,32,78,0,133,92,0,92,225
10/14/2009,EUG,OR,ANM,WE,Combined TRACON& Tower with Radar,29,25,20,18,92,0,1,37,3,41,29,26,57,21,133,40,0,40,173
10/15/2009,EUG,OR,ANM,WE,Combined TRACON& Tower with Radar,33,23,30,0,86,0,3,13,0,16,33,26,43,0,102,4,0,4,106
10/16/2009,EUG,OR,ANM,WE,Combined TRACON& Tower with Radar,28,26,39,0,93,0,0,90,0,90,28,26,129,0,183,120,0,120,303
10/17/2009,EUG,OR,ANM,WE,Combined TRACON& Tower with Radar,18,22,9,2,51,0,0,10,0,10,18,22,19,2,61,8,0,8,69
10/18/2009,EUG,OR,ANM,WE,Combined TRACON& Tower with Radar,49,19,18,0,86,0,0,29,0,29,49,19,47,0,115,46,0,46,161
10/19/2009,EUG,OR,ANM,WE,Combined TRACON& Tower with Radar,27,27,26,0,80,0,2,67,0,69,27,29,93,0,149,114,4,118,267
10/20/2009,EUG,OR,ANM,WE,Combined TRACON& Tower with Radar,39,23,26,0,88,0,2,68,0,70,39,25,94,0,158,148,0,148,306
10/21/2009,EUG,OR,ANM,WE,Combined TRACON& Tower with Radar,23,30,15,0,68,0,1,27,0,28,23,31,42,0,96,42,0,42,138
10/22/2009,EUG,OR,ANM,WE,Combined TRACON& Tower with Radar,31,33,34,27,125,0,0,31,0,31,31,33,65,27,156,30,0,30,186
10/23/2009,EUG,OR,ANM,WE,Combined TRACON& Tower with Radar,32,33,21,0,86,0,0,6,0,6,32,33,27,0,92,0,0,0,92
10/24/2009,EUG,OR,ANM,WE,Combined TRACON& Tower with Radar,14,11,5,0,30,0,0,28,0,28,14,11,33,0,58,14,0,14,72
10/25/2009,EUG,OR,ANM,WE,Combined TRACON& Tower with Radar,28,13,20,0,61,0,9,27,0,36,28,22,47,0,97,64,0,64,161
10/26/2009,EUG,OR,ANM,WE,Combined TRACON& Tower with Radar,26,35,27,1,89,0,2,16,0,18,26,37,43,1,107,4,0,4,111
10/27/2009,EUG,OR,ANM,WE,Combined TRACON& Tower with Radar,25,30,17,4,76,0,1,30,9,40,25,31,47,13,116,46,0,46,162
10/28/2009,EUG,OR,ANM,WE,Combined TRACON& Tower with Radar,23,29,31,5,88,0,1,49,0,50,23,30,80,5,138,94,0,94,232
10/29/2009,EUG,OR,ANM,WE,Combined TRACON& Tower with Radar,31,25,34,25,115,0,0,2,0,2,31,25,36,25,117,0,0,0,117
10/30/2009,EUG,OR,ANM,WE,Combined TRACON& Tower with Radar,33,34,16,1,84,0,0,84,0,84,33,34,100,1,168,128,40,168,336
10/31/2009,EUG,OR,ANM,WE,Combined TRACON& Tower with Radar,20,18,50,0,88,0,1,18,0,19,20,19,68,0,107,14,0,14,121
11/01/2009,EUG,OR,ANM,WE,Combined TRACON& Tower with Radar,29,25,25,0,79,0,0,39,0,39,29,25,64,0,118,28,0,28,146
11/02/2009,EUG,OR,ANM,WE,Combined TRACON& Tower with Radar,29,36,58,13,136,0,0,122,0,122,29,36,180,13,258,154,0,154,412
11/03/2009,EUG,OR,ANM,WE,Combined TRACON& Tower with Radar,28,29,36,2,95,0,1,61,0,62,28,30,97,2,157,98,0,98,255
11/04/2009,EUG,OR,ANM,WE,Combined TRACON& Tower with Radar,29,35,47,2,113,0,0,72,0,72,29,35,119,2,185,128,0,128,313
11/05/2009,EUG,OR,ANM,WE,Combined TRACON& Tower with Radar,27,32,31,0,90,0,2,38,0,40,27,34,69,0,130,78,0,78,208
11/06/2009,EUG,OR,ANM,WE,Combined TRACON& Tower with Radar,29,29,29,5,92,0,1,42,0,43,29,30,71,5,135,116,8,124,259
11/07/2009,EUG,OR,ANM,WE,Combined TRACON& Tower with Radar,18,16,8,2,44,0,1,10,2,13,18,17,18,4,57,30,12,42,99
11/08/2009,EUG,OR,ANM,WE,Combined TRACON& Tower with Radar,23,24,11,3,61,0,0,19,0,19,23,24,30,3,80,14,0,14,94
11/09/2009,EUG,OR,ANM,WE,Combined TRACON& Tower with Radar,26,34,6,3,69,0,5,28,0,33,26,39,34,3,102,120,0,120,222
11/10/2009,EUG,OR,ANM,WE,Combined TRACON& Tower with Radar,22,35,16,7,80,0,1,65,4,70,22,36,81,11,150,128,0,128,278
11/11/2009,EUG,OR,ANM,WE,Combined TRACON& Tower with Radar,22,25,10,0,57,0,0,10,0,10,22,25,20,0,67,10,0,10,77
11/12/2009,EUG,OR,ANM,WE,Combined TRACON& Tower with Radar,29,25,13,20,87,0,1,20,0,21,29,26,33,20,108,98,24,122,230
11/13/2009,EUG,OR,ANM,WE,Combined TRACON& Tower with Radar,23,34,27,43,127,0,3,47,0,50,23,37,74,43,177,162,42,204,381
11/14/2009,EUG,OR,ANM,WE,Combined TRACON& Tower with Radar,19,19,23,12,73,0,1,87,0,88,19,20,110,12,161,92,2,94,255
11/15/2009,EUG,OR,ANM,WE,Combined TRACON& Tower with Radar,25,4,21,4,54,0,0,51,0,51,25,4,72,4,105,24,0,24,129
11/16/2009,EUG,OR,ANM,WE,Combined TRACON& Tower with Radar,27,25,8,0,60,0,2,33,0,35,27,27,41,0,95,70,0,70,165
11/17/2009,EUG,OR,ANM,WE,Combined TRACON& Tower with Radar,23,34,8,6,71,0,5,29,0,34,23,39,37,6,105,22,28,50,155
11/18/2009,EUG,OR,ANM,WE,Combined TRACON& Tower with Radar,23,39,18,34,114,0,0,102,0,102,23,39,120,34,216,126,16,142,358
11/19/2009,EUG,OR,ANM,WE,Combined TRACON& Tower with Radar,24,36,7,32,99,0,0,40,30,70,24,36,47,62,169,92,34,126,295
11/20/2009,EUG,OR,ANM,WE,Combined TRACON& Tower with Radar,29,39,41,0,109,0,1,12,0,13,29,40,53,0,122,56,0,56,178
11/21/2009,EUG,OR,ANM,WE,Combined TRACON& Tower with Radar,17,24,8,0,49,0,0,46,0,46,17,24,54,0,95,50,0,50,145
11/22/2009,EUG,OR,ANM,WE,Combined TRACON& Tower with Radar,25,28,15,0,68,0,0,3,0,3,25,28,18,0,71,0,0,0,71
11/23/2009,EUG,OR,ANM,WE,Combined TRACON& Tower with Radar,23,30,20,12,85,0,1,87,2,90,23,31,107,14,175,112,34,146,321
11/24/2009,EUG,OR,ANM,WE,Combined TRACON& Tower with Radar,26,40,22,12,100,0,1,103,2,106,26,41,125,14,206,168,40,208,414
11/25/2009,EUG,OR,ANM,WE,Combined TRACON& Tower with Radar,25,35,26,0,86,0,1,80,0,81,25,36,106,0,167,166,0,166,333
11/26/2009,EUG,OR,ANM,WE,Combined TRACON& Tower with Radar,18,14,0,0,32,0,0,12,0,12,18,14,12,0,44,0,0,0,44
11/27/2009,EUG,OR,ANM,WE,Combined TRACON& Tower with Radar,19,19,4,0,42,0,0,11,0,11,19,19,15,0,53,8,0,8,61
11/28/2009,EUG,OR,ANM,WE,Combined TRACON& Tower with Radar,24,23,2,0,49,0,0,38,0,38,24,23,40,0,87,86,0,86,173
11/29/2009,EUG,OR,ANM,WE,Combined TRACON& Tower with Radar,21,26,24,0,71,0,0,13,0,13,21,26,37,0,84,0,0,0,84
11/30/2009,EUG,OR,ANM,WE,Combined TRACON& Tower with Radar,25,30,16,4,75,0,0,0,0,0,25,30,16,4,75,0,0,0,75
12/01/2009,EUG,OR,ANM,WE,Combined TRACON& Tower with Radar,27,30,27,0,84,0,0,0,0,0,27,30,27,0,84,0,0,0,84
12/02/2009,EUG,OR,ANM,WE,Combined TRACON& Tower with Radar,23,33,27,6,89,3,5,75,12,95,26,38,102,18,184,108,26,134,318
12/03/2009,EUG,OR,ANM,WE,Combined TRACON& Tower with Radar,34,40,57,0,131,0,2,54,0,56,34,42,111,0,187,44,0,44,231
12/04/2009,EUG,OR,ANM,WE,Combined TRACON& Tower with Radar,22,29,39,2,92,0,2,40,0,42,22,31,79,2,134,68,0,68,202
12/05/2009,EUG,OR,ANM,WE,Combined TRACON& Tower with Radar,18,23,7,1,49,0,1,39,0,40,18,24,46,1,89,112,0,112,201
12/06/2009,EUG,OR,ANM,WE,Combined TRACON& Tower with Radar,22,22,9,2,55,0,0,15,0,15,22,22,24,2,70,4,0,4,74
12/07/2009,EUG,OR,ANM,WE,Combined TRACON& Tower with Radar,18,20,18,4,60,0,0,56,0,56,18,20,74,4,116,86,0,86,202
12/08/2009,EUG,OR,ANM,WE,Combined TRACON& Tower with Radar,19,30,12,5,66,0,2,62,2,66,19,32,74,7,132,90,0,90,222
12/09/2009,EUG,OR,ANM,WE,Combined TRACON& Tower with Radar,23,31,21,5,80,0,2,47,0,49,23,33,68,5,129,76,12,88,217
12/10/2009,EUG,OR,ANM,WE,Combined TRACON& Tower with Radar,23,27,10,2,62,0,0,37,0,37,23,27,47,2,99,20,16,36,135
12/11/2009,EUG,OR,ANM,WE,Combined TRACON& Tower with Radar,17,22,7,8,54,1,1,10,6,18,18,23,17,14,72,2,4,6,78
12/12/2009,EUG,OR,ANM,WE,Combined TRACON& Tower with Radar,16,12,8,0,36,0,0,0,0,0,16,12,8,0,36,0,0,0,36
12/13/2009,EUG,OR,ANM,WE,Combined TRACON& Tower with Radar,26,21,10,0,57,0,1,17,1,19,26,22,27,1,76,12,0,12,88
12/14/2009,EUG,OR,ANM,WE,Combined TRACON& Tower with Radar,29,31,15,0,75,0,3,3,2,8,29,34,18,2,83,0,0,0,83
12/15/2009,EUG,OR,ANM,WE,Combined TRACON& Tower with Radar,23,33,9,6,71,0,0,0,0,0,23,33,9,6,71,2,0,2,73
12/16/2009,EUG,OR,ANM,WE,Combined TRACON& Tower with Radar,44,36,17,2,99,0,1,6,0,7,44,37,23,2,106,8,0,8,114
12/17/2009,EUG,OR,ANM,WE,Combined TRACON& Tower with Radar,24,38,10,11,83,0,1,7,1,9,24,39,17,12,92,14,0,14,106
12/18/2009,EUG,OR,ANM,WE,Combined TRACON& Tower with Radar,24,34,9,2,69,0,0,0,0,0,24,34,9,2,69,0,0,0,69
12/19/2009,EUG,OR,ANM,WE,Combined TRACON& Tower with Radar,18,27,20,0,65,0,0,25,0,25,18,27,45,0,90,32,0,32,122
12/20/2009,EUG,OR,ANM,WE,Combined TRACON& Tower with Radar,22,22,9,0,53,0,0,10,0,10,22,22,19,0,63,10,0,10,73
12/21/2009,EUG,OR,ANM,WE,Combined TRACON& Tower with Radar,25,34,22,11,92,0,2,21,1,24,25,36,43,12,116,0,8,8,124
12/22/2009,EUG,OR,ANM,WE,Combined TRACON& Tower with Radar,17,39,26,11,93,0,4,19,1,24,17,43,45,12,117,44,0,44,161
12/23/2009,EUG,OR,ANM,WE,Combined TRACON& Tower with Radar,36,33,9,2,80,0,0,0,0,0,36,33,9,2,80,0,0,0,80
12/24/2009,EUG,OR,ANM,WE,Combined TRACON& Tower with Radar,18,25,0,0,43,0,0,0,0,0,18,25,0,0,43,0,0,0,43
12/25/2009,EUG,OR,ANM,WE,Combined TRACON& Tower with Radar,20,22,3,0,45,0,0,0,0,0,20,22,3,0,45,0,0,0,45
12/26/2009,EUG,OR,ANM,WE,Combined TRACON& Tower with Radar,15,26,10,0,51,0,0,24,0,24,15,26,34,0,75,36,0,36,111
12/27/2009,EUG,OR,ANM,WE,Combined TRACON& Tower with Radar,25,26,14,0,65,0,0,19,0,19,25,26,33,0,84,42,0,42,126
12/28/2009,EUG,OR,ANM,WE,Combined TRACON& Tower with Radar,19,39,5,8,71,0,0,0,0,0,19,39,5,8,71,0,0,0,71
12/29/2009,EUG,OR,ANM,WE,Combined TRACON& Tower with Radar,33,33,6,4,76,0,0,0,0,0,33,33,6,4,76,0,0,0,76
12/30/2009,EUG,OR,ANM,WE,Combined TRACON& Tower with Radar,28,35,8,26,97,0,0,6,2,8,28,35,14,28,105,6,10,16,121
12/31/2009,EUG,OR,ANM,WE,Combined TRACON& Tower with Radar,18,30,21,0,69,0,0,0,0,0,18,30,21,0,69,0,0,0,69
01/01/2010,EUG,OR,ANM,WE,Combined TRACON& Tower with Radar,25,22,6,0,53,0,0,1,0,1,25,22,7,0,54,0,0,0,54
01/02/2010,EUG,OR,ANM,WE,Combined TRACON& Tower with Radar,39,32,21,0,92,0,0,25,0,25,39,32,46,0,117,20,0,20,137
01/03/2010,EUG,OR,ANM,WE,Combined TRACON& Tower with Radar,30,18,24,0,72,0,3,45,0,48,30,21,69,0,120,46,0,46,166
01/04/2010,EUG,OR,ANM,WE,Combined TRACON& Tower with Radar,22,30,8,27,87,0,0,45,0,45,22,30,53,27,132,82,0,82,214
01/05/2010,EUG,OR,ANM,WE,Combined TRACON& Tower with Radar,17,30,27,36,110,0,1,31,4,36,17,31,58,40,146,104,6,110,256
01/06/2010,EUG,OR,ANM,WE,Combined TRACON& Tower with Radar,20,39,10,0,69,0,0,0,0,0,20,39,10,0,69,0,0,0,69
01/07/2010,EUG,OR,ANM,WE,Combined TRACON& Tower with Radar,24,33,23,11,91,0,0,80,2,82,24,33,103,13,173,174,16,190,363
01/08/2010,EUG,OR,ANM,WE,Combined TRACON& Tower with Radar,18,32,25,5,80,0,0,1,0,1,18,32,26,5,81,0,0,0,81
01/09/2010,EUG,OR,ANM,WE,Combined TRACON& Tower with Radar,17,21,10,4,52,0,0,0,0,0,17,21,10,4,52,0,0,0,52
01/10/2010,EUG,OR,ANM,WE,Combined TRACON& Tower with Radar,20,23,23,2,68,0,0,0,0,0,20,23,23,2,68,0,0,0,68
01/11/2010,EUG,OR,ANM,WE,Combined TRACON& Tower with Radar,19,30,7,2,58,0,0,0,0,0,19,30,7,2,58,0,0,0,58
01/12/2010,EUG,OR,ANM,WE,Combined TRACON& Tower with Radar,18,31,16,21,86,0,2,48,2,52,18,33,64,23,138,110,22,132,270
01/13/2010,EUG,OR,ANM,WE,Combined TRACON& Tower with Radar,24,37,28,14,103,1,0,8,2,11,25,37,36,16,114,29,10,39,153
01/14/2010,EUG,OR,ANM,WE,Combined TRACON& Tower with Radar,21,32,17,2,72,0,9,94,1,104,21,41,111,3,176,148,32,180,356
01/15/2010,EUG,OR,ANM,WE,Combined TRACON& Tower with Radar,25,26,17,0,68,0,0,49,0,49,25,26,66,0,117,96,0,96,213
01/16/2010,EUG,OR,ANM,WE,Combined TRACON& Tower with Radar,14,22,18,0,54,0,1,21,0,22,14,23,39,0,76,52,0,52,128
01/17/2010,EUG,OR,ANM,WE,Combined TRACON& Tower with Radar,20,18,5,0,43,0,0,1,0,1,20,18,6,0,44,10,0,10,54
01/18/2010,EUG,OR,ANM,WE,Combined TRACON& Tower with Radar,21,28,14,0,63,0,2,22,0,24,21,30,36,0,87,26,0,26,113
01/19/2010,EUG,OR,ANM,WE,Combined TRACON& Tower with Radar,17,27,9,10,63,0,2,44,0,46,17,29,53,10,109,96,0,96,205
01/20/2010,EUG,OR,ANM,WE,Combined TRACON& Tower with Radar,18,28,10,2,58,0,4,66,0,70,18,32,76,2,128,106,0,106,234
01/21/2010,EUG,OR,ANM,WE,Combined TRACON& Tower with Radar,26,30,15,0,71,0,1,50,0,51,26,31,65,0,122,86,0,86,208
01/22/2010,EUG,OR,ANM,WE,Combined TRACON& Tower with Radar,22,30,29,0,81,0,0,44,0,44,22,30,73,0,125,154,0,154,279
01/23/2010,EUG,OR,ANM,WE,Combined TRACON& Tower with Radar,13,22,17,10,62,0,2,82,2,86,13,24,99,12,148,136,44,180,328
01/24/2010,EUG,OR,ANM,WE,Combined TRACON& Tower with Radar,21,23,6,10,60,0,2,4,0,6,21,25,10,10,66,4,0,4,70
01/25/2010,EUG,OR,ANM,WE,Combined TRACON& Tower with Radar,21,27,18,6,72,0,0,40,0,40,21,27,58,6,112,78,0,78,190
01/26/2010,EUG,OR,ANM,WE,Combined TRACON& Tower with Radar,16,25,19,9,69,0,1,22,4,27,16,26,41,13,96,58,16,74,170
01/27/2010,EUG,OR,ANM,WE,Combined TRACON& Tower with Radar,18,37,18,12,85,0,0,18,0,18,18,37,36,12,103,14,0,14,117
01/28/2010,EUG,OR,ANM,WE,Combined TRACON& Tower with Radar,26,30,12,20,88,0,0,42,0,42,26,30,54,20,130,75,0,75,205
01/29/2010,EUG,OR,ANM,WE,Combined TRACON& Tower with Radar,22,32,14,0,68,0,2,67,0,69,22,34,81,0,137,66,0,66,203
01/30/2010,EUG,OR,ANM,WE,Combined TRACON& Tower with Radar,14,22,27,8,71,0,0,0,0,0,14,22,27,8,71,0,0,0,71
01/31/2010,EUG,OR,ANM,WE,Combined TRACON& Tower with Radar,16,20,12,0,48,0,1,36,0,37,16,21,48,0,85,64,0,64,149
02/01/2010,EUG,OR,ANM,WE,Combined TRACON& Tower with Radar,23,27,18,13,81,0,2,13,0,15,23,29,31,13,96,44,0,44,140
02/02/2010,EUG,OR,ANM,WE,Combined TRACON& Tower with Radar,18,37,16,0,71,0,0,1,0,1,18,37,17,0,72,0,0,0,72
02/03/2010,EUG,OR,ANM,WE,Combined TRACON& Tower with Radar,29,31,11,12,83,0,1,28,0,29,29,32,39,12,112,34,10,44,156
02/04/2010,EUG,OR,ANM,WE,Combined TRACON& Tower with Radar,27,30,32,14,103,0,0,11,0,11,27,30,43,14,114,28,0,28,142
02/05/2010,EUG,OR,ANM,WE,Combined TRACON& Tower with Radar,20,38,25,14,97,0,2,149,4,155,20,40,174,18,252,142,136,278,530
02/06/2010,EUG,OR,ANM,WE,Combined TRACON& Tower with Radar,12,19,19,0,50,0,1,19,0,20,12,20,38,0,70,54,0,54,124
02/07/2010,EUG,OR,ANM,WE,Combined TRACON& Tower with Radar,23,19,8,0,50,0,2,14,1,17,23,21,22,1,67,38,0,38,105
02/08/2010,EUG,OR,ANM,WE,Combined TRACON& Tower with Radar,19,31,32,11,93,0,0,22,0,22,19,31,54,11,115,74,2,76,191
02/09/2010,EUG,OR,ANM,WE,Combined TRACON& Tower with Radar,18,28,32,1,79,0,0,16,0,16,18,28,48,1,95,36,0,36,131
02/10/2010,EUG,OR,ANM,WE,Combined TRACON& Tower with Radar,20,30,22,20,92,0,2,30,0,32,20,32,52,20,124,62,0,62,186
02/11/2010,EUG,OR,ANM,WE,Combined TRACON& Tower with Radar,22,34,28,36,120,0,0,21,2,23,22,34,49,38,143,34,6,40,183
02/12/2010,EUG,OR,ANM,WE,Combined TRACON& Tower with Radar,25,32,15,0,72,0,1,21,0,22,25,33,36,0,94,38,0,38,132
02/13/2010,EUG,OR,ANM,WE,Combined TRACON& Tower with Radar,14,23,8,0,45,0,2,62,0,64,14,25,70,0,109,118,0,118,227
02/14/2010,EUG,OR,ANM,WE,Combined TRACON& Tower with Radar,18,23,3,0,44,0,0,6,0,6,18,23,9,0,50,6,0,6,56
02/15/2010,EUG,OR,ANM,WE,Combined TRACON& Tower with Radar,22,29,23,0,74,0,0,11,1,12,22,29,34,1,86,36,0,36,122
02/16/2010,EUG,OR,ANM,WE,Combined TRACON& Tower with Radar,17,32,13,18,80,0,1,49,0,50,17,33,62,18,130,90,18,108,238
02/17/2010,EUG,OR,ANM,WE,Combined TRACON& Tower with Radar,22,30,20,0,72,0,3,14,0,17,22,33,34,0,89,10,0,10,99
02/18/2010,EUG,OR,ANM,WE,Combined TRACON& Tower with Radar,27,34,30,2,93,0,1,106,0,107,27,35,136,2,200,40,0,40,240
02/19/2010,EUG,OR,ANM,WE,Combined TRACON& Tower with Radar,19,44,22,9,94,0,0,120,1,121,19,44,142,10,215,168,0,168,383
02/20/2010,EUG,OR,ANM,WE,Combined TRACON& Tower with Radar,12,24,11,8,55,0,1,93,0,94,12,25,104,8,149,120,0,120,269
02/21/2010,EUG,OR,ANM,WE,Combined TRACON& Tower with Radar,22,26,18,6,72,0,0,93,0,93,22,26,111,6,165,76,8,84,249
02/22/2010,EUG,OR,ANM,WE,Combined TRACON& Tower with Radar,22,34,8,2,66,0,1,52,0,53,22,35,60,2,119,130,0,130,249
02/23/2010,EUG,OR,ANM,WE,Combined TRACON& Tower with Radar,18,34,31,0,83,0,0,10,0,10,18,34,41,0,93,10,0,10,103
02/24/2010,EUG,OR,ANM,WE,Combined TRACON& Tower with Radar,13,39,29,22,103,0,0,16,2,18,13,39,45,24,121,52,22,74,195
02/25/2010,EUG,OR,ANM,WE,Combined TRACON& Tower with Radar,21,34,23,7,85,0,0,59,1,60,21,34,82,8,145,44,34,78,223
02/26/2010,EUG,OR,ANM,WE,Combined TRACON& Tower with Radar,18,33,17,0,68,0,0,3,0,3,18,33,20,0,71,0,0,0,71
02/27/2010,EUG,OR,ANM,WE,Combined TRACON& Tower with Radar,12,23,2,0,37,0,3,56,0,59,12,26,58,0,96,48,0,48,144
02/28/2010,EUG,OR,ANM,WE,Combined TRACON& Tower with Radar,20,23,18,8,69,0,1,68,6,75,20,24,86,14,144,42,0,42,186
03/01/2010,EUG,OR,ANM,WE,Combined TRACON& Tower with Radar,22,35,8,0,65,0,0,36,2,38,22,35,44,2,103,82,0,82,185
03/02/2010,EUG,OR,ANM,WE,Combined TRACON& Tower with Radar,18,43,14,3,78,0,1,16,0,17,18,44,30,3,95,54,2,56,151
03/03/2010,EUG,OR,ANM,WE,Combined TRACON& Tower with Radar,21,31,22,0,74,0,0,5,0,5,21,31,27,0,79,32,0,32,111
03/04/2010,EUG,OR,ANM,WE,Combined TRACON& Tower with Radar,22,41,35,22,120,0,2,56,0,58,22,43,91,22,178,58,0,58,236
03/05/2010,EUG,OR,ANM,WE,Combined TRACON& Tower with Radar,20,37,22,4,83,0,1,90,0,91,20,38,112,4,174,84,0,84,258
03/06/2010,EUG,OR,ANM,WE,Combined TRACON& Tower with Radar,15,23,22,14,74,0,1,101,0,102,15,24,123,14,176,122,0,122,298
03/07/2010,EUG,OR,ANM,WE,Combined TRACON& Tower with Radar,17,26,13,2,58,0,0,27,1,28,17,26,40,3,86,38,8,46,132
03/08/2010,EUG,OR,ANM,WE,Combined TRACON& Tower with Radar,21,38,11,16,86,0,1,60,2,63,21,39,71,18,149,208,14,222,371
03/09/2010,EUG,OR,ANM,WE,Combined TRACON& Tower with Radar,17,39,14,12,82,0,0,24,2,26,17,39,38,14,108,28,0,28,136
03/10/2010,EUG,OR,ANM,WE,Combined TRACON& Tower with Radar,18,36,23,4,81,0,1,26,0,27,18,37,49,4,108,72,0,72,180
03/11/2010,EUG,OR,ANM,WE,Combined TRACON& Tower with Radar,23,31,20,2,76,0,0,16,0,16,23,31,36,2,92,6,0,6,98
03/12/2010,EUG,OR,ANM,WE,Combined TRACON& Tower with Radar,23,31,16,0,70,0,0,0,0,0,23,31,16,0,70,0,0,0,70
03/13/2010,EUG,OR,ANM,WE,Combined TRACON& Tower with Radar,11,23,17,12,63,0,2,45,1,48,11,25,62,13,111,82,0,82,193
03/14/2010,EUG,OR,ANM,WE,Combined TRACON& Tower with Radar,17,20,23,0,60,0,0,55,0,55,17,20,78,0,115,70,0,70,185
03/15/2010,EUG,OR,ANM,WE,Combined TRACON& Tower with Radar,20,27,33,26,106,0,1,82,0,83,20,28,115,26,189,84,0,84,273
03/16/2010,EUG,OR,ANM,WE,Combined TRACON& Tower with Radar,21,30,17,18,86,0,2,29,1,32,21,32,46,19,118,30,0,30,148
03/17/2010,EUG,OR,ANM,WE,Combined TRACON& Tower with Radar,24,34,28,6,92,0,3,40,0,43,24,37,68,6,135,12,18,30,165
03/18/2010,EUG,OR,ANM,WE,Combined TRACON& Tower with Radar,19,29,13,2,63,0,2,97,0,99,19,31,110,2,162,64,0,64,226
03/19/2010,EUG,OR,ANM,WE,Combined TRACON& Tower with Radar,25,36,31,0,92,0,1,89,0,90,25,37,120,0,182,112,0,112,294
03/20/2010,EUG,OR,ANM,WE,Combined TRACON& Tower with Radar,17,19,13,0,49,0,2,47,0,49,17,21,60,0,98,14,0,14,112
03/21/2010,EUG,OR,ANM,WE,Combined TRACON& Tower with Radar,21,22,8,0,51,0,0,16,2,18,21,22,24,2,69,10,0,10,79
03/22/2010,EUG,OR,ANM,WE,Combined TRACON& Tower with Radar,21,29,7,10,67,0,3,28,6,37,21,32,35,16,104,72,8,80,184
03/23/2010,EUG,OR,ANM,WE,Combined TRACON& Tower with Radar,21,28,18,8,75,1,0,30,0,31,22,28,48,8,106,14,0,14,120
03/24/2010,EUG,OR,ANM,WE,Combined TRACON& Tower with Radar,19,26,15,4,64,0,1,34,0,35,19,27,49,4,99,40,0,40,139
03/25/2010,EUG,OR,ANM,WE,Combined TRACON& Tower with Radar,20,34,15,0,69,0,0,6,0,6,20,34,21,0,75,18,0,18,93
03/26/2010,EUG,OR,ANM,WE,Combined TRACON& Tower with Radar,21,32,22,0,75,0,6,7,1,14,21,38,29,1,89,8,0,8,97
03/27/2010,EUG,OR,ANM,WE,Combined TRACON& Tower with Radar,13,23,16,0,52,0,16,63,1,80,13,39,79,1,132,34,2,36,168
03/28/2010,EUG,OR,ANM,WE,Combined TRACON& Tower with Radar,17,29,17,0,63,0,0,0,0,0,17,29,17,0,63,0,0,0,63
03/29/2010,EUG,OR,ANM,WE,Combined TRACON& Tower with Radar,23,34,9,0,66,0,0,2,0,2,23,34,11,0,68,28,0,28,96
03/30/2010,EUG,OR,ANM,WE,Combined TRACON& Tower with Radar,25,34,8,0,67,0,0,2,0,2,25,34,10,0,69,0,0,0,69
03/31/2010,EUG,OR,ANM,WE,Combined TRACON& Tower with Radar,17,30,19,0,66,1,1,32,2,36,18,31,51,2,102,56,0,56,158
04/01/2010,EUG,OR,ANM,WE,Combined TRACON& Tower with Radar,23,28,23,0,74,0,5,71,0,76,23,33,94,0,150,116,0,116,266
04/02/2010,EUG,OR,ANM,WE,Combined TRACON& Tower with Radar,24,32,16,16,88,0,0,5,0,5,24,32,21,16,93,0,0,0,93
04/03/2010,EUG,OR,ANM,WE,Combined TRACON& Tower with Radar,13,17,3,0,33,0,0,39,0,39,13,17,42,0,72,76,0,76,148
04/04/2010,EUG,OR,ANM,WE,Combined TRACON& Tower with Radar,22,17,1,0,40,0,0,6,0,6,22,17,7,0,46,0,0,0,46
04/05/2010,EUG,OR,ANM,WE,Combined TRACON& Tower with Radar,17,42,13,0,72,0,1,6,0,7,17,43,19,0,79,10,0,10,89
04/06/2010,EUG,OR,ANM,WE,Combined TRACON& Tower with Radar,34,38,21,6,99,0,1,33,0,34,34,39,54,6,133,30,18,48,181
04/07/2010,EUG,OR,ANM,WE,Combined TRACON& Tower with Radar,18,43,23,0,84,0,0,127,0,127,18,43,150,0,211,106,0,106,317
04/08/2010,EUG,OR,ANM,WE,Combined TRACON& Tower with Radar,27,34,23,14,98,0,0,27,12,39,27,34,50,26,137,22,22,44,181
04/09/2010,EUG,OR,ANM,WE,Combined TRACON& Tower with Radar,21,33,17,6,77,0,2,85,0,87,21,35,102,6,164,94,4,98,262
04/10/2010,EUG,OR,ANM,WE,Combined TRACON& Tower with Radar,14,20,13,0,47,0,1,104,1,106,14,21,117,1,153,71,0,71,224
04/11/2010,EUG,OR,ANM,WE,Combined TRACON& Tower with Radar,26,21,14,2,63,0,0,24,0,24,26,21,38,2,87,32,0,32,119
04/12/2010,EUG,OR,ANM,WE,Combined TRACON& Tower with Radar,21,31,18,0,70,0,2,69,0,71,21,33,87,0,141,82,0,82,223
04/13/2010,EUG,OR,ANM,WE,Combined TRACON& Tower with Radar,20,26,11,4,61,0,1,43,6,50,20,27,54,10,111,88,0,88,199
04/14/2010,EUG,OR,ANM,WE,Combined TRACON& Tower with Radar,18,29,19,0,66,0,2,93,0,95,18,31,112,0,161,52,0,52,213
04/15/2010,EUG,OR,ANM,WE,Combined TRACON& Tower with Radar,26,29,36,4,95,0,0,72,0,72,26,29,108,4,167,50,0,50,217
04/16/2010,EUG,OR,ANM,WE,Combined TRACON& Tower with Radar,19,28,15,0,62,0,2,91,0,93,19,30,106,0,155,100,0,100,255
04/17/2010,EUG,OR,ANM,WE,Combined TRACON& Tower with Radar,13,15,23,0,51,0,3,78,0,81,13,18,101,0,132,82,0,82,214
04/18/2010,EUG,OR,ANM,WE,Combined TRACON& Tower with Radar,22,15,15,0,52,0,2,51,0,53,22,17,66,0,105,44,0,44,149
04/19/2010,EUG,OR,ANM,WE,Combined TRACON& Tower with Radar,44,68,28,4,144,0,1,52,2,55,44,69,80,6,199,124,2,126,325
04/20/2010,EUG,OR,ANM,WE,Combined TRACON& Tower with Radar,24,32,15,0,71,0,0,2,0,2,24,32,17,0,73,22,0,22,95
04/21/2010,EUG,OR,ANM,WE,Combined TRACON& Tower with Radar,19,35,8,19,81,0,0,54,1,55,19,35,62,20,136,64,18,82,218
04/22/2010,EUG,OR,ANM,WE,Combined TRACON& Tower with Radar,23,42,28,10,103,4,7,82,0,93,27,49,110,10,196,114,0,114,310
04/23/2010,EUG,OR,ANM,WE,Combined TRACON& Tower with Radar,22,34,16,2,74,0,1,82,0,83,22,35,98,2,157,76,0,76,233
04/24/2010,EUG,OR,ANM,WE,Combined TRACON& Tower with Radar,14,19,17,0,50,0,2,39,0,41,14,21,56,0,91,62,0,62,153
04/25/2010,EUG,OR,ANM,WE,Combined TRACON& Tower with Radar,23,16,16,0,55,0,0,64,0,64,23,16,80,0,119,40,0,40,159
04/26/2010,EUG,OR,ANM,WE,Combined TRACON& Tower with Radar,22,30,10,0,62,0,0,47,0,47,22,30,57,0,109,54,0,54,163
04/27/2010,EUG,OR,ANM,WE,Combined TRACON& Tower with Radar,22,27,11,5,65,0,0,15,0,15,22,27,26,5,80,30,18,48,128
04/28/2010,EUG,OR,ANM,WE,Combined TRACON& Tower with Radar,14,37,31,4,86,0,1,14,0,15,14,38,45,4,101,8,0,8,109
04/29/2010,EUG,OR,ANM,WE,Combined TRACON& Tower with Radar,19,32,17,7,75,0,0,49,1,50,19,32,66,8,125,102,6,108,233
04/30/2010,EUG,OR,ANM,WE,Combined TRACON& Tower with Radar,22,29,27,0,78,0,0,72,0,72,22,29,99,0,150,168,0,168,318
05/01/2010,EUG,OR,ANM,WE,Combined TRACON& Tower with Radar,13,19,30,3,65,0,0,36,0,36,13,19,66,3,101,38,18,56,157
05/02/2010,EUG,OR,ANM,WE,Combined TRACON& Tower with Radar,22,18,25,0,65,0,0,51,0,51,22,18,76,0,116,26,0,26,142
05/03/2010,EUG,OR,ANM,WE,Combined TRACON& Tower with Radar,25,29,15,13,82,0,1,9,2,12,25,30,24,15,94,34,12,46,140
05/04/2010,EUG,OR,ANM,WE,Combined TRACON& Tower with Radar,20,36,32,14,102,0,0,79,0,79,20,36,111,14,181,118,0,118,299
05/05/2010,EUG,OR,ANM,WE,Combined TRACON& Tower with Radar,18,42,10,0,70,0,0,44,0,44,18,42,54,0,114,120,0,120,234
05/06/2010,EUG,OR,ANM,WE,Combined TRACON& Tower with Radar,24,31,30,4,89,0,0,81,0,81,24,31,111,4,170,133,5,138,308
05/07/2010,EUG,OR,ANM,WE,Combined TRACON& Tower with Radar,24,32,22,0,78,0,1,88,0,89,24,33,110,0,167,88,2,90,257
05/08/2010,EUG,OR,ANM,WE,Combined TRACON& Tower with Radar,17,19,8,3,47,0,5,81,0,86,17,24,89,3,133,80,2,82,215
05/09/2010,EUG,OR,ANM,WE,Combined TRACON& Tower with Radar,20,21,13,0,54,0,1,45,0,46,20,22,58,0,100,12,0,12,112
05/10/2010,EUG,OR,ANM,WE,Combined TRACON& Tower with Radar,21,31,33,10,95,0,4,10,0,14,21,35,43,10,109,16,0,16,125
05/11/2010,EUG,OR,ANM,WE,Combined TRACON& Tower with Radar,17,30,21,0,68,0,1,78,0,79,17,31,99,0,147,106,0,106,253
05/12/2010,EUG,OR,ANM,WE,Combined TRACON& Tower with Radar,19,27,26,0,72,0,0,74,2,76,19,27,100,2,148,176,0,176,324
05/13/2010,EUG,OR,ANM,WE,Combined TRACON& Tower with Radar,22,25,16,4,67,0,3,122,0,125,22,28,138,4,192,182,0,182,374
05/14/2010,EUG,OR,ANM,WE,Combined TRACON& Tower with Radar,24,30,21,33,108,0,1,104,0,105,24,31,125,33,213,150,18,168,381
05/15/2010,EUG,OR,ANM,WE,Combined TRACON& Tower with Radar,17,20,9,8,54,0,1,104,0,105,17,21,113,8,159,118,0,118,277
05/16/2010,EUG,OR,ANM,WE,Combined TRACON& Tower with Radar,19,20,20,0,59,0,0,39,0,39,19,20,59,0,98,50,0,50,148
05/17/2010,EUG,OR,ANM,WE,Combined TRACON& Tower with Radar,24,33,13,0,70,0,0,34,0,34,24,33,47,0,104,58,0,58,162
05/18/2010,EUG,OR,ANM,WE,Combined TRACON& Tower with Radar,26,38,22,0,86,0,0,44,0,44,26,38,66,0,130,58,0,58,188
05/19/2010,EUG,OR,ANM,WE,Combined TRACON& Tower with Radar,20,26,16,9,71,0,0,18,0,18,20,26,34,9,89,28,2,30,119
05/20/2010,EUG,OR,ANM,WE,Combined TRACON& Tower with Radar,24,35,12,10,81,0,2,27,0,29,24,37,39,10,110,45,0,45,155
05/21/2010,EUG,OR,ANM,WE,Combined TRACON& Tower with Radar,22,28,21,0,71,0,1,6,0,7,22,29,27,0,78,0,0,0,78
05/22/2010,EUG,OR,ANM,WE,Combined TRACON& Tower with Radar,13,21,12,0,46,0,1,13,0,14,13,22,25,0,60,58,0,58,118
05/23/2010,EUG,OR,ANM,WE,Combined TRACON& Tower with Radar,24,20,12,0,56,0,0,43,2,45,24,20,55,2,101,46,0,46,147
05/24/2010,EUG,OR,ANM,WE,Combined TRACON& Tower with Radar,24,35,35,12,106,0,0,111,0,111,24,35,146,12,217,248,0,248,465
05/25/2010,EUG,OR,ANM,WE,Combined TRACON& Tower with Radar,15,32,21,2,70,0,0,49,0,49,15,32,70,2,119,84,8,92,211
05/26/2010,EUG,OR,ANM,WE,Combined TRACON& Tower with Radar,14,29,24,2,69,0,4,37,0,41,14,33,61,2,110,62,0,62,172
05/27/2010,EUG,OR,ANM,WE,Combined TRACON& Tower with Radar,22,30,14,2,68,0,1,21,0,22,22,31,35,2,90,24,0,24,114
05/28/2010,EUG,OR,ANM,WE,Combined TRACON& Tower with Radar,21,30,35,6,92,0,4,89,0,93,21,34,124,6,185,144,0,144,329
05/29/2010,EUG,OR,ANM,WE,Combined TRACON& Tower with Radar,12,22,8,1,43,0,0,62,12,74,12,22,70,13,117,104,2,106,223
05/30/2010,EUG,OR,ANM,WE,Combined TRACON& Tower with Radar,18,14,10,7,49,0,0,55,0,55,18,14,65,7,104,56,0,56,160
05/31/2010,EUG,OR,ANM,WE,Combined TRACON& Tower with Radar,22,27,16,2,67,0,0,5,0,5,22,27,21,2,72,18,0,18,90
06/01/2010,EUG,OR,ANM,WE,Combined TRACON& Tower with Radar,14,32,20,1,67,0,0,29,0,29,14,32,49,1,96,86,0,86,182
06/02/2010,EUG,OR,ANM,WE,Combined TRACON& Tower with Radar,16,33,14,0,63,0,2,5,0,7,16,35,19,0,70,0,0,0,70
06/03/2010,EUG,OR,ANM,WE,Combined TRACON& Tower with Radar,23,34,13,21,91,0,2,25,2,29,23,36,38,23,120,10,6,16,136
06/04/2010,EUG,OR,ANM,WE,Combined TRACON& Tower with Radar,27,24,21,0,72,0,0,39,0,39,27,24,60,0,111,64,0,64,175
06/05/2010,EUG,OR,ANM,WE,Combined TRACON& Tower with Radar,19,23,22,0,64,0,0,72,0,72,19,23,94,0,136,142,0,142,278
06/06/2010,EUG,OR,ANM,WE,Combined TRACON& Tower with Radar,20,24,19,0,63,0,4,10,0,14,20,28,29,0,77,12,0,12,89
06/07/2010,EUG,OR,ANM,WE,Combined TRACON& Tower with Radar,25,29,16,0,70,0,2,79,0,81,25,31,95,0,151,120,0,120,271
06/08/2010,EUG,OR,ANM,WE,Combined TRACON& Tower with Radar,14,31,18,2,65,0,2,112,0,114,14,33,130,2,179,110,0,110,289
06/09/2010,EUG,OR,ANM,WE,Combined TRACON& Tower with Radar,14,39,23,10,86,0,0,2,6,8,14,39,25,16,94,0,0,0,94
06/10/2010,EUG,OR,ANM,WE,Combined TRACON& Tower with Radar,24,34,25,0,83,2,7,45,0,54,26,41,70,0,137,80,0,80,217
06/11/2010,EUG,OR,ANM,WE,Combined TRACON& Tower with Radar,24,36,31,4,95,0,0,114,0,114,24,36,145,4,209,170,0,170,379
06/12/2010,EUG,OR,ANM,WE,Combined TRACON& Tower with Radar,18,24,23,4,69,0,1,63,3,67,18,25,86,7,136,18,12,30,166
06/13/2010,EUG,OR,ANM,WE,Combined TRACON& Tower with Radar,20,33,19,3,75,0,0,83,0,83,20,33,102,3,158,38,2,40,198
06/14/2010,EUG,OR,ANM,WE,Combined TRACON& Tower with Radar,20,33,15,14,82,0,6,69,0,75,20,39,84,14,157,114,0,114,271
06/15/2010,EUG,OR,ANM,WE,Combined TRACON& Tower with Radar,20,28,18,0,66,0,0,43,0,43,20,28,61,0,109,30,0,30,139
06/16/2010,EUG,OR,ANM,WE,Combined TRACON& Tower with Radar,22,30,22,0,74,0,3,9,0,12,22,33,31,0,86,18,0,18,104
06/17/2010,EUG,OR,ANM,WE,Combined TRACON& Tower with Radar,27,38,20,2,87,0,2,27,6,35,27,40,47,8,122,28,0,28,150
06/18/2010,EUG,OR,ANM,WE,Combined TRACON& Tower with Radar,18,28,24,6,76,0,1,69,2,72,18,29,93,8,148,36,0,36,184
06/19/2010,EUG,OR,ANM,WE,Combined TRACON& Tower with Radar,14,26,10,0,50,0,0,36,0,36,14,26,46,0,86,36,0,36,122
06/20/2010,EUG,OR,ANM,WE,Combined TRACON& Tower with Radar,21,23,11,0,55,0,2,10,0,12,21,25,21,0,67,4,0,4,71
06/21/2010,EUG,OR,ANM,WE,Combined TRACON& Tower with Radar,20,29,19,2,70,0,2,61,0,63,20,31,80,2,133,104,4,108,241
06/22/2010,EUG,OR,ANM,WE,Combined TRACON& Tower with Radar,23,39,14,2,78,0,1,82,0,83,23,40,96,2,161,130,2,132,293
06/23/2010,EUG,OR,ANM,WE,Combined TRACON& Tower with Radar,20,34,11,17,82,0,2,90,3,95,20,36,101,20,177,128,17,145,322
06/24/2010,EUG,OR,ANM,WE,Combined TRACON& Tower with Radar,24,28,26,5,83,0,2,95,0,97,24,30,121,5,180,140,28,168,348
06/25/2010,EUG,OR,ANM,WE,Combined TRACON& Tower with Radar,23,33,29,2,87,0,2,61,0,63,23,35,90,2,150,14,0,14,164
06/26/2010,EUG,OR,ANM,WE,Combined TRACON& Tower with Radar,16,23,7,0,46,0,1,45,0,46,16,24,52,0,92,20,0,20,112
06/27/2010,EUG,OR,ANM,WE,Combined TRACON& Tower with Radar,20,22,9,0,51,0,0,68,2,70,20,22,77,2,121,18,0,18,139
06/28/2010,EUG,OR,ANM,WE,Combined TRACON& Tower with Radar,23,36,21,2,82,0,3,113,0,116,23,39,134,2,198,194,0,194,392
06/29/2010,EUG,OR,ANM,WE,Combined TRACON& Tower with Radar,18,35,11,1,65,0,0,68,2,70,18,35,79,3,135,126,12,138,273
06/30/2010,EUG,OR,ANM,WE,Combined TRACON& Tower with Radar,20,34,22,0,76,0,2,68,0,70,20,36,90,0,146,158,0,158,304
07/01/2010,EUG,OR,ANM,WE,Combined TRACON& Tower with Radar,20,29,25,2,76,0,1,56,0,57,20,30,81,2,133,94,0,94,227
07/02/2010,EUG,OR,ANM,WE,Combined TRACON& Tower with Radar,26,41,30,6,103,0,1,49,0,50,26,42,79,6,153,93,0,93,246
07/03/2010,EUG,OR,ANM,WE,Combined TRACON& Tower with Radar,12,26,13,0,51,0,3,73,1,77,12,29,86,1,128,48,0,48,176
07/04/2010,EUG,OR,ANM,WE,Combined TRACON& Tower with Radar,18,24,4,0,46,0,3,37,0,40,18,27,41,0,86,16,0,16,102
07/05/2010,EUG,OR,ANM,WE,Combined TRACON& Tower with Radar,21,20,13,0,54,0,0,58,0,58,21,20,71,0,112,8,0,8,120
07/06/2010,EUG,OR,ANM,WE,Combined TRACON& Tower with Radar,21,24,14,0,59,0,8,59,0,67,21,32,73,0,126,58,0,58,184
07/07/2010,EUG,OR,ANM,WE,Combined TRACON& Tower with Radar,18,46,19,6,89,0,3,128,7,138,18,49,147,13,227,102,6,108,335
07/08/2010,EUG,OR,ANM,WE,Combined TRACON& Tower with Radar,28,32,20,2,82,0,6,80,1,87,28,38,100,3,169,76,0,76,245
07/09/2010,EUG,OR,ANM,WE,Combined TRACON& Tower with Radar,20,30,16,2,68,0,2,100,2,104,20,32,116,4,172,218,0,218,390
07/10/2010,EUG,OR,ANM,WE,Combined TRACON& Tower with Radar,12,29,10,4,55,0,11,103,0,114,12,40,113,4,169,91,0,91,260
07/11/2010,EUG,OR,ANM,WE,Combined TRACON& Tower with Radar,20,30,17,4,71,0,0,62,0,62,20,30,79,4,133,56,0,56,189
07/12/2010,EUG,OR,ANM,WE,Combined TRACON& Tower with Radar,20,27,26,0,73,0,5,74,2,81,20,32,100,2,154,126,0,126,280
07/13/2010,EUG,OR,ANM,WE,Combined TRACON& Tower with Radar,19,30,15,2,66,0,7,113,0,120,19,37,128,2,186,152,0,152,338
07/14/2010,EUG,OR,ANM,WE,Combined TRACON& Tower with Radar,17,27,27,0,71,0,11,98,0,109,17,38,125,0,180,80,0,80,260
07/15/2010,EUG,OR,ANM,WE,Combined TRACON& Tower with Radar,21,32,19,0,72,0,3,104,0,107,21,35,123,0,179,122,0,122,301
07/16/2010,EUG,OR,ANM,WE,Combined TRACON& Tower with Radar,20,27,20,0,67,0,6,111,0,117,20,33,131,0,184,68,0,68,252
07/17/2010,EUG,OR,ANM,WE,Combined TRACON& Tower with Radar,16,27,10,0,53,0,4,89,0,93,16,31,99,0,146,76,0,76,222
07/18/2010,EUG,OR,ANM,WE,Combined TRACON& Tower with Radar,19,28,21,0,68,0,1,61,0,62,19,29,82,0,130,54,0,54,184
07/19/2010,EUG,OR,ANM,WE,Combined TRACON& Tower with Radar,19,31,17,3,70,0,3,76,0,79,19,34,93,3,149,128,0,128,277
07/20/2010,EUG,OR,ANM,WE,Combined TRACON& Tower with Radar,17,30,26,4,77,0,5,57,0,62,17,35,83,4,139,82,34,116,255
07/21/2010,EUG,OR,ANM,WE,Combined TRACON& Tower with Radar,18,31,23,1,73,0,2,63,6,71,18,33,86,7,144,32,0,32,176
07/22/2010,EUG,OR,ANM,WE,Combined TRACON& Tower with Radar,27,31,23,10,91,0,7,98,6,111,27,38,121,16,202,50,0,50,252
07/23/2010,EUG,OR,ANM,WE,Combined TRACON& Tower with Radar,25,36,23,16,100,0,1,86,0,87,25,37,109,16,187,90,0,90,277
07/24/2010,EUG,OR,ANM,WE,Combined TRACON& Tower with Radar,10,19,14,6,49,0,3,89,0,92,10,22,103,6,141,140,6,146,287
07/25/2010,EUG,OR,ANM,WE,Combined TRACON& Tower with Radar,22,24,17,0,63,0,3,76,0,79,22,27,93,0,142,4,0,4,146
07/26/2010,EUG,OR,ANM,WE,Combined TRACON& Tower with Radar,22,26,18,0,66,0,7,69,0,76,22,33,87,0,142,102,0,102,244
07/27/2010,EUG,OR,ANM,WE,Combined TRACON& Tower with Radar,16,32,12,2,62,0,6,73,0,79,16,38,85,2,141,116,8,124,265
07/28/2010,EUG,OR,ANM,WE,Combined TRACON& Tower with Radar,28,30,21,0,79,0,3,58,0,61,28,33,79,0,140,52,0,52,192
07/29/2010,EUG,OR,ANM,WE,Combined TRACON& Tower with Radar,19,35,17,2,73,0,4,100,0,104,19,39,117,2,177,100,0,100,277
07/30/2010,EUG,OR,ANM,WE,Combined TRACON& Tower with Radar,19,35,22,0,76,0,7,105,0,112,19,42,127,0,188,96,0,96,284
07/31/2010,EUG,OR,ANM,WE,Combined TRACON& Tower with Radar,15,23,23,0,61,0,1,78,0,79,15,24,101,0,140,104,0,104,244
08/01/2010,EUG,OR,ANM,WE,Combined TRACON& Tower with Radar,21,30,14,0,65,0,1,42,0,43,21,31,56,0,108,18,0,18,126
08/02/2010,EUG,OR,ANM,WE,Combined TRACON& Tower with Radar,22,33,21,0,76,0,12,133,1,146,22,45,154,1,222,202,0,202,424
08/03/2010,EUG,OR,ANM,WE,Combined TRACON& Tower with Radar,24,31,13,0,68,0,0,54,0,54,24,31,67,0,122,68,0,68,190
08/04/2010,EUG,OR,ANM,WE,Combined TRACON& Tower with Radar,17,37,29,4,87,0,2,53,2,57,17,39,82,6,144,96,14,110,254
08/05/2010,EUG,OR,ANM,WE,Combined TRACON& Tower with Radar,22,38,19,19,98,0,1,92,23,116,22,39,111,42,214,92,16,108,322
08/06/2010,EUG,OR,ANM,WE,Combined TRACON& Tower with Radar,21,30,21,0,72,0,3,103,0,106,21,33,124,0,178,130,0,130,308
08/07/2010,EUG,OR,ANM,WE,Combined TRACON& Tower with Radar,14,23,17,0,54,0,3,81,0,84,14,26,98,0,138,130,0,130,268
08/08/2010,EUG,OR,ANM,WE,Combined TRACON& Tower with Radar,21,27,20,2,70,0,1,32,0,33,21,28,52,2,103,2,0,2,105
08/09/2010,EUG,OR,ANM,WE,Combined TRACON& Tower with Radar,16,30,41,8,95,0,0,62,4,66,16,30,103,12,161,142,0,142,303
08/10/2010,EUG,OR,ANM,WE,Combined TRACON& Tower with Radar,15,34,39,2,90,0,2,46,2,50,15,36,85,4,140,64,0,64,204
08/11/2010,EUG,OR,ANM,WE,Combined TRACON& Tower with Radar,17,33,27,0,77,0,0,101,7,108,17,33,128,7,185,148,0,148,333
08/12/2010,EUG,OR,ANM,WE,Combined TRACON& Tower with Radar,24,32,22,4,82,0,1,84,7,92,24,33,106,11,174,64,2,66,240
08/13/2010,EUG,OR,ANM,WE,Combined TRACON& Tower with Radar,23,29,18,5,75,0,0,110,1,111,23,29,128,6,186,54,0,54,240
08/14/2010,EUG,OR,ANM,WE,Combined TRACON& Tower with Radar,15,27,12,0,54,0,0,81,0,81,15,27,93,0,135,48,0,48,183
08/15/2010,EUG,OR,ANM,WE,Combined TRACON& Tower with Radar,18,28,13,2,61,0,28,24,0,52,18,56,37,2,113,20,0,20,133
08/16/2010,EUG,OR,ANM,WE,Combined TRACON& Tower with Radar,20,32,18,4,74,0,1,92,0,93,20,33,110,4,167,82,0,82,249
08/17/2010,EUG,OR,ANM,WE,Combined TRACON& Tower with Radar,18,33,18,3,72,0,3,63,1,67,18,36,81,4,139,94,0,94,233
08/18/2010,EUG,OR,ANM,WE,Combined TRACON& Tower with Radar,17,35,41,4,97,0,4,89,0,93,17,39,130,4,190,140,42,182,372
08/19/2010,EUG,OR,ANM,WE,Combined TRACON& Tower with Radar,25,26,34,11,96,0,3,52,1,56,25,29,86,12,152,68,46,114,266
08/20/2010,EUG,OR,ANM,WE,Combined TRACON& Tower with Radar,23,27,16,3,69,0,2,83,1,86,23,29,99,4,155,42,0,42,197
08/21/2010,EUG,OR,ANM,WE,Combined TRACON& Tower with Radar,11,21,8,0,40,0,1,69,0,70,11,22,77,0,110,24,10,34,144
08/22/2010,EUG,OR,ANM,WE,Combined TRACON& Tower with Radar,19,26,22,0,67,0,2,75,0,77,19,28,97,0,144,8,0,8,152
08/23/2010,EUG,OR,ANM,WE,Combined TRACON& Tower with Radar,23,39,12,0,74,0,1,109,0,110,23,40,121,0,184,64,0,64,248
08/24/2010,EUG,OR,ANM,WE,Combined TRACON& Tower with Radar,16,26,27,5,74,0,6,71,0,77,16,32,98,5,151,126,14,140,291
08/25/2010,EUG,OR,ANM,WE,Combined TRACON& Tower with Radar,23,31,11,2,67,0,3,111,3,117,23,34,122,5,184,114,34,148,332
08/26/2010,EUG,OR,ANM,WE,Combined TRACON& Tower with Radar,25,29,21,1,76,0,6,77,1,84,25,35,98,2,160,146,0,146,306
08/27/2010,EUG,OR,ANM,WE,Combined TRACON& Tower with Radar,23,23,23,1,70,0,4,97,2,103,23,27,120,3,173,202,14,216,389
08/28/2010,EUG,OR,ANM,WE,Combined TRACON& Tower with Radar,12,23,10,18,63,0,1,63,1,65,12,24,73,19,128,90,0,90,218
08/29/2010,EUG,OR,ANM,WE,Combined TRACON& Tower with Radar,28,19,7,0,54,0,1,29,0,30,28,20,36,0,84,10,0,10,94
08/30/2010,EUG,OR,ANM,WE,Combined TRACON& Tower with Radar,24,27,5,21,77,0,0,19,1,20,24,27,24,22,97,38,12,50,147
08/31/2010,EUG,OR,ANM,WE,Combined TRACON& Tower with Radar,19,33,12,9,73,0,1,32,5,38,19,34,44,14,111,16,12,28,139
09/01/2010,EUG,OR,ANM,WE,Combined TRACON& Tower with Radar,20,26,25,10,81,0,1,56,0,57,20,27,81,10,138,102,26,128,266
09/02/2010,EUG,OR,ANM,WE,Combined TRACON& Tower with Radar,28,26,26,11,91,0,2,63,0,65,28,28,89,11,156,82,0,82,238
09/03/2010,EUG,OR,ANM,WE,Combined TRACON& Tower with Radar,28,20,24,1,73,0,2,119,0,121,28,22,143,1,194,82,16,98,292
09/04/2010,EUG,OR,ANM,WE,Combined TRACON& Tower with Radar,10,24,41,0,75,0,1,48,0,49,10,25,89,0,124,40,0,40,164
09/05/2010,EUG,OR,ANM,WE,Combined TRACON& Tower with Radar,25,14,13,0,52,0,0,57,0,57,25,14,70,0,109,72,0,72,181
09/06/2010,EUG,OR,ANM,WE,Combined TRACON& Tower with Radar,18,14,10,0,42,0,4,66,0,70,18,18,76,0,112,48,0,48,160
09/07/2010,EUG,OR,ANM,WE,Combined TRACON& Tower with Radar,21,33,43,2,99,0,0,12,0,12,21,33,55,2,111,32,0,32,143
09/08/2010,EUG,OR,ANM,WE,Combined TRACON& Tower with Radar,19,25,17,2,63,1,0,30,0,31,20,25,47,2,94,98,0,98,192
09/09/2010,EUG,OR,ANM,WE,Combined TRACON& Tower with Radar,30,38,30,10,108,0,2,39,0,41,30,40,69,10,149,68,0,68,217
09/10/2010,EUG,OR,ANM,WE,Combined TRACON& Tower with Radar,22,23,19,3,67,0,1,67,0,68,22,24,86,3,135,62,0,62,197
09/11/2010,EUG,OR,ANM,WE,Combined TRACON& Tower with Radar,10,28,9,0,47,0,0,50,0,50,10,28,59,0,97,46,0,46,143
09/12/2010,EUG,OR,ANM,WE,Combined TRACON& Tower with Radar,28,14,7,3,52,0,2,56,0,58,28,16,63,3,110,12,0,12,122
09/13/2010,EUG,OR,ANM,WE,Combined TRACON& Tower with Radar,29,27,19,6,81,0,3,28,0,31,29,30,47,6,112,58,0,58,170
09/14/2010,EUG,OR,ANM,WE,Combined TRACON& Tower with Radar,19,33,11,2,65,1,5,84,0,90,20,38,95,2,155,50,0,50,205
09/15/2010,EUG,OR,ANM,WE,Combined TRACON& Tower with Radar,20,25,22,0,67,0,2,45,0,47,20,27,67,0,114,36,0,36,150
09/16/2010,EUG,OR,ANM,WE,Combined TRACON& Tower with Radar,26,31,22,0,79,0,2,24,0,26,26,33,46,0,105,12,0,12,117
09/17/2010,EUG,OR,ANM,WE,Combined TRACON& Tower with Radar,24,27,10,4,65,0,0,16,2,18,24,27,26,6,83,36,0,36,119
09/18/2010,EUG,OR,ANM,WE,Combined TRACON& Tower with Radar,17,28,29,0,74,0,0,4,0,4,17,28,33,0,78,0,0,0,78
09/19/2010,EUG,OR,ANM,WE,Combined TRACON& Tower with Radar,31,14,17,0,62,0,0,11,0,11,31,14,28,0,73,0,0,0,73
09/20/2010,EUG,OR,ANM,WE,Combined TRACON& Tower with Radar,22,29,19,2,72,0,1,21,0,22,22,30,40,2,94,12,0,12,106
09/21/2010,EUG,OR,ANM,WE,Combined TRACON& Tower with Radar,25,31,10,6,72,0,2,47,0,49,25,33,57,6,121,34,0,34,155
09/22/2010,EUG,OR,ANM,WE,Combined TRACON& Tower with Radar,17,33,38,4,92,2,3,53,0,58,19,36,91,4,150,34,0,34,184
09/23/2010,EUG,OR,ANM,WE,Combined TRACON& Tower with Radar,30,38,11,12,91,0,0,22,2,24,30,38,33,14,115,28,2,30,145
09/24/2010,EUG,OR,ANM,WE,Combined TRACON& Tower with Radar,27,33,14,2,76,0,2,72,0,74,27,35,86,2,150,38,0,38,188
09/25/2010,EUG,OR,ANM,WE,Combined TRACON& Tower with Radar,12,23,16,0,51,0,2,83,0,85,12,25,99,0,136,12,0,12,148
09/26/2010,EUG,OR,ANM,WE,Combined TRACON& Tower with Radar,31,19,16,2,68,0,0,36,0,36,31,19,52,2,104,8,0,8,112
09/27/2010,EUG,OR,ANM,WE,Combined TRACON& Tower with Radar,21,25,14,8,68,0,0,76,0,76,21,25,90,8,144,126,6,132,276
09/28/2010,EUG,OR,ANM,WE,Combined TRACON& Tower with Radar,21,33,14,7,75,0,1,49,0,50,21,34,63,7,125,38,28,66,191
09/29/2010,EUG,OR,ANM,WE,Combined TRACON& Tower with Radar,18,27,16,18,79,0,4,56,0,60,18,31,72,18,139,74,0,74,213
09/30/2010,EUG,OR,ANM,WE,Combined TRACON& Tower with Radar,21,31,27,0,79,0,1,91,0,92,21,32,118,0,171,66,0,66,237
10/01/2010,EUG,OR,ANM,WE,Combined TRACON& Tower with Radar,26,32,38,6,102,0,0,35,0,35,26,32,73,6,137,92,0,92,229
10/02/2010,EUG,OR,ANM,WE,Combined TRACON& Tower with Radar,18,39,58,4,119,0,0,72,0,72,18,39,130,4,191,92,0,92,283
10/03/2010,EUG,OR,ANM,WE,Combined TRACON& Tower with Radar,24,24,39,2,89,0,0,21,1,22,24,24,60,3,111,0,0,0,111
10/04/2010,EUG,OR,ANM,WE,Combined TRACON& Tower with Radar,23,23,15,0,61,0,1,31,0,32,23,24,46,0,93,50,0,50,143
10/05/2010,EUG,OR,ANM,WE,Combined TRACON& Tower with Radar,17,26,24,12,79,0,4,94,4,102,17,30,118,16,181,118,2,120,301
10/06/2010,EUG,OR,ANM,WE,Combined TRACON& Tower with Radar,22,34,13,18,87,1,4,79,4,88,23,38,92,22,175,76,26,102,277
10/07/2010,EUG,OR,ANM,WE,Combined TRACON& Tower with Radar,18,31,28,1,78,0,2,58,0,60,18,33,86,1,138,54,8,62,200
10/08/2010,EUG,OR,ANM,WE,Combined TRACON& Tower with Radar,28,26,13,0,67,0,1,75,0,76,28,27,88,0,143,138,0,138,281
10/09/2010,EUG,OR,ANM,WE,Combined TRACON& Tower with Radar,14,25,16,0,55,0,0,7,0,7,14,25,23,0,62,40,0,40,102
10/10/2010,EUG,OR,ANM,WE,Combined TRACON& Tower with Radar,20,24,17,0,61,0,1,10,0,11,20,25,27,0,72,18,0,18,90
10/11/2010,EUG,OR,ANM,WE,Combined TRACON& Tower with Radar,30,21,17,0,68,0,1,44,0,45,30,22,61,0,113,70,0,70,183
10/12/2010,EUG,OR,ANM,WE,Combined TRACON& Tower with Radar,22,29,17,2,70,0,0,59,0,59,22,29,76,2,129,79,0,79,208
10/13/2010,EUG,OR,ANM,WE,Combined TRACON& Tower with Radar,26,27,14,18,85,0,0,55,3,58,26,27,69,21,143,190,1,191,334
10/14/2010,EUG,OR,ANM,WE,Combined TRACON& Tower with Radar,19,24,18,2,63,0,1,68,0,69,19,25,86,2,132,74,0,74,206
10/15/2010,EUG,OR,ANM,WE,Combined TRACON& Tower with Radar,32,27,11,0,70,0,0,82,1,83,32,27,93,1,153,48,0,48,201
10/16/2010,EUG,OR,ANM,WE,Combined TRACON& Tower with Radar,16,22,11,0,49,0,1,79,0,80,16,23,90,0,129,94,0,94,223
10/17/2010,EUG,OR,ANM,WE,Combined TRACON& Tower with Radar,18,16,13,0,47,0,0,53,0,53,18,16,66,0,100,10,0,10,110
10/18/2010,EUG,OR,ANM,WE,Combined TRACON& Tower with Radar,27,26,23,1,77,0,1,54,0,55,27,27,77,1,132,124,0,124,256
10/19/2010,EUG,OR,ANM,WE,Combined TRACON& Tower with Radar,20,27,54,0,101,0,1,111,0,112,20,28,165,0,213,146,0,146,359
10/20/2010,EUG,OR,ANM,WE,Combined TRACON& Tower with Radar,24,30,28,2,84,0,0,75,4,79,24,30,103,6,163,132,0,132,295
10/21/2010,EUG,OR,ANM,WE,Combined TRACON& Tower with Radar,24,24,47,36,131,0,1,62,1,64,24,25,109,37,195,118,0,118,313
10/22/2010,EUG,OR,ANM,WE,Combined TRACON& Tower with Radar,26,26,43,16,111,0,4,62,0,66,26,30,105,16,177,148,0,148,325
10/23/2010,EUG,OR,ANM,WE,Combined TRACON& Tower with Radar,12,23,19,0,54,0,2,30,0,32,12,25,49,0,86,62,0,62,148
10/24/2010,EUG,OR,ANM,WE,Combined TRACON& Tower with Radar,18,17,15,0,50,0,0,2,0,2,18,17,17,0,52,0,0,0,52
10/25/2010,EUG,OR,ANM,WE,Combined TRACON& Tower with Radar,30,30,10,0,70,0,3,10,0,13,30,33,20,0,83,38,0,38,121
10/26/2010,EUG,OR,ANM,WE,Combined TRACON& Tower with Radar,22,37,21,0,80,0,1,42,0,43,22,38,63,0,123,128,0,128,251
10/27/2010,EUG,OR,ANM,WE,Combined TRACON& Tower with Radar,14,26,19,0,59,0,0,20,0,20,14,26,39,0,79,38,0,38,117
10/28/2010,EUG,OR,ANM,WE,Combined TRACON& Tower with Radar,22,34,18,0,74,0,1,24,0,25,22,35,42,0,99,98,0,98,197
10/29/2010,EUG,OR,ANM,WE,Combined TRACON& Tower with Radar,27,25,29,6,87,0,0,7,0,7,27,25,36,6,94,10,0,10,104
10/30/2010,EUG,OR,ANM,WE,Combined TRACON& Tower with Radar,14,20,20,0,54,0,1,29,0,30,14,21,49,0,84,104,0,104,188
10/31/2010,EUG,OR,ANM,WE,Combined TRACON& Tower with Radar,21,15,7,0,43,0,0,27,0,27,21,15,34,0,70,8,0,8,78
11/01/2010,EUG,OR,ANM,WE,Combined TRACON& Tower with Radar,30,25,10,0,65,0,3,35,0,38,30,28,45,0,103,68,0,68,171
11/02/2010,EUG,OR,ANM,WE,Combined TRACON& Tower with Radar,24,29,35,0,88,0,0,4,0,4,24,29,39,0,92,10,0,10,102
11/03/2010,EUG,OR,ANM,WE,Combined TRACON& Tower with Radar,18,24,24,8,74,0,1,125,0,126,18,25,149,8,200,226,4,230,430
11/04/2010,EUG,OR,ANM,WE,Combined TRACON& Tower with Radar,15,40,18,4,77,0,2,36,0,38,15,42,54,4,115,40,0,40,155
11/05/2010,EUG,OR,ANM,WE,Combined TRACON& Tower with Radar,31,32,36,0,99,0,0,3,0,3,31,32,39,0,102,4,0,4,106
11/06/2010,EUG,OR,ANM,WE,Combined TRACON& Tower with Radar,20,18,44,0,82,0,0,27,0,27,20,18,71,0,109,76,0,76,185
11/07/2010,EUG,OR,ANM,WE,Combined TRACON& Tower with Radar,20,23,24,0,67,0,0,13,0,13,20,23,37,0,80,20,0,20,100
11/08/2010,EUG,OR,ANM,WE,Combined TRACON& Tower with Radar,25,36,23,2,86,0,1,44,0,45,25,37,67,2,131,124,0,124,255
11/09/2010,EUG,OR,ANM,WE,Combined TRACON& Tower with Radar,17,30,11,0,58,0,1,14,0,15,17,31,25,0,73,22,0,22,95
11/10/2010,EUG,OR,ANM,WE,Combined TRACON& Tower with Radar,18,34,39,2,93,0,3,27,0,30,18,37,66,2,123,70,0,70,193
11/11/2010,EUG,OR,ANM,WE,Combined TRACON& Tower with Radar,17,39,17,8,81,0,1,39,0,40,17,40,56,8,121,20,4,24,145
11/12/2010,EUG,OR,ANM,WE,Combined TRACON& Tower with Radar,28,37,24,25,114,0,1,29,0,30,28,38,53,25,144,54,0,54,198
11/13/2010,EUG,OR,ANM,WE,Combined TRACON& Tower with Radar,18,29,17,2,66,0,0,2,0,2,18,29,19,2,68,20,0,20,88
11/14/2010,EUG,OR,ANM,WE,Combined TRACON& Tower with Radar,18,23,27,25,93,0,0,5,0,5,18,23,32,25,98,0,0,0,98
11/15/2010,EUG,OR,ANM,WE,Combined TRACON& Tower with Radar,25,332,23,20,400,0,2,25,0,27,25,334,48,20,427,100,0,100,527
11/16/2010,EUG,OR,ANM,WE,Combined TRACON& Tower with Radar,15,38,15,56,124,0,3,74,0,77,15,41,89,56,201,184,0,184,385
11/17/2010,EUG,OR,ANM,WE,Combined TRACON& Tower with Radar,18,40,25,8,91,0,0,30,0,30,18,40,55,8,121,64,0,64,185
11/18/2010,EUG,OR,ANM,WE,Combined TRACON& Tower with Radar,18,37,15,8,78,0,0,30,0,30,18,37,45,8,108,112,0,112,220
11/19/2010,EUG,OR,ANM,WE,Combined TRACON& Tower with Radar,27,27,11,0,65,0,2,11,0,13,27,29,22,0,78,34,0,34,112
11/20/2010,EUG,OR,ANM,WE,Combined TRACON& Tower with Radar,14,19,6,0,39,0,1,46,0,47,14,20,52,0,86,8,0,8,94
11/21/2010,EUG,OR,ANM,WE,Combined TRACON& Tower with Radar,22,20,8,0,50,0,0,10,0,10,22,20,18,0,60,4,0,4,64
11/22/2010,EUG,OR,ANM,WE,Combined TRACON& Tower with Radar,21,33,9,2,65,0,0,11,0,11,21,33,20,2,76,6,0,6,82
11/23/2010,EUG,OR,ANM,WE,Combined TRACON& Tower with Radar,18,39,10,8,75,0,1,8,0,9,18,40,18,8,84,0,0,0,84
11/24/2010,EUG,OR,ANM,WE,Combined TRACON& Tower with Radar,16,258,21,0,295,0,13,43,0,56,16,271,64,0,351,118,0,118,469
11/25/2010,EUG,OR,ANM,WE,Combined TRACON& Tower with Radar,18,16,10,0,44,0,4,27,0,31,18,20,37,0,75,32,0,32,107
11/26/2010,EUG,OR,ANM,WE,Combined TRACON& Tower with Radar,25,22,34,0,81,0,1,13,0,14,25,23,47,0,95,0,0,0,95
11/27/2010,EUG,OR,ANM,WE,Combined TRACON& Tower with Radar,18,22,8,0,48,0,0,13,0,13,18,22,21,0,61,6,0,6,67
11/28/2010,EUG,OR,ANM,WE,Combined TRACON& Tower with Radar,18,20,21,0,59,0,0,19,0,19,18,20,40,0,78,0,0,0,78
11/29/2010,EUG,OR,ANM,WE,Combined TRACON& Tower with Radar,22,34,29,10,95,0,0,80,0,80,22,34,109,10,175,112,0,112,287
11/30/2010,EUG,OR,ANM,WE,Combined TRACON& Tower with Radar,6,22,17,8,53,0,1,10,4,15,6,23,27,12,68,56,0,56,124
12/01/2010,EUG,OR,ANM,WE,Combined TRACON& Tower with Radar,7,38,32,20,97,0,1,17,0,18,7,39,49,20,115,60,4,64,179
12/02/2010,EUG,OR,ANM,WE,Combined TRACON& Tower with Radar,19,32,22,4,77,0,1,17,0,18,19,33,39,4,95,36,0,36,131
12/03/2010,EUG,OR,ANM,WE,Combined TRACON& Tower with Radar,27,37,29,8,101,0,0,0,0,0,27,37,29,8,101,0,0,0,101
12/04/2010,EUG,OR,ANM,WE,Combined TRACON& Tower with Radar,12,26,9,0,47,0,3,56,0,59,12,29,65,0,106,96,0,96,202
12/05/2010,EUG,OR,ANM,WE,Combined TRACON& Tower with Radar,21,19,26,1,67,0,2,64,0,66,21,21,90,1,133,82,0,82,215
12/06/2010,EUG,OR,ANM,WE,Combined TRACON& Tower with Radar,21,34,19,0,74,0,0,47,0,47,21,34,66,0,121,68,0,68,189
12/07/2010,EUG,OR,ANM,WE,Combined TRACON& Tower with Radar,16,39,32,9,96,0,0,0,0,0,16,39,32,9,96,0,0,0,96
12/08/2010,EUG,OR,ANM,WE,Combined TRACON& Tower with Radar,19,33,29,42,123,0,2,46,0,48,19,35,75,42,171,96,0,96,267
12/09/2010,EUG,OR,ANM,WE,Combined TRACON& Tower with Radar,18,26,20,18,82,0,2,18,1,21,18,28,38,19,103,44,0,44,147
12/10/2010,EUG,OR,ANM,WE,Combined TRACON& Tower with Radar,25,30,26,30,111,0,3,38,0,41,25,33,64,30,152,90,0,90,242
12/11/2010,EUG,OR,ANM,WE,Combined TRACON& Tower with Radar,13,23,10,0,46,0,0,12,0,12,13,23,22,0,58,12,0,12,70
12/12/2010,EUG,OR,ANM,WE,Combined TRACON& Tower with Radar,29,19,17,0,65,0,0,27,0,27,29,19,44,0,92,14,0,14,106
12/13/2010,EUG,OR,ANM,WE,Combined TRACON& Tower with Radar,31,28,12,6,77,0,0,3,0,3,31,28,15,6,80,8,0,8,88
12/14/2010,EUG,OR,ANM,WE,Combined TRACON& Tower with Radar,24,41,6,4,75,0,0,16,0,16,24,41,22,4,91,20,0,20,111
12/15/2010,EUG,OR,ANM,WE,Combined TRACON& Tower with Radar,18,48,16,17,99,0,0,22,8,30,18,48,38,25,129,32,10,42,171
12/16/2010,EUG,OR,ANM,WE,Combined TRACON& Tower with Radar,15,35,17,12,79,0,1,47,2,50,15,36,64,14,129,56,0,56,185
12/17/2010,EUG,OR,ANM,WE,Combined TRACON& Tower with Radar,29,29,8,0,66,0,0,0,0,0,29,29,8,0,66,0,0,0,66
12/18/2010,EUG,OR,ANM,WE,Combined TRACON& Tower with Radar,15,20,11,0,46,0,1,18,0,19,15,21,29,0,65,4,0,4,69
12/19/2010,EUG,OR,ANM,WE,Combined TRACON& Tower with Radar,16,24,3,0,43,0,2,2,0,4,16,26,5,0,47,2,0,2,49
12/20/2010,EUG,OR,ANM,WE,Combined TRACON& Tower with Radar,22,31,7,13,73,0,0,6,0,6,22,31,13,13,79,0,0,0,79
12/21/2010,EUG,OR,ANM,WE,Combined TRACON& Tower with Radar,14,37,15,11,77,0,0,58,3,61,14,37,73,14,138,64,8,72,210
12/22/2010,EUG,OR,ANM,WE,Combined TRACON& Tower with Radar,16,47,10,0,73,0,2,26,0,28,16,49,36,0,101,44,0,44,145
12/23/2010,EUG,OR,ANM,WE,Combined TRACON& Tower with Radar,20,42,15,0,77,0,0,44,1,45,20,42,59,1,122,8,0,8,130
12/24/2010,EUG,OR,ANM,WE,Combined TRACON& Tower with Radar,19,21,2,0,42,0,2,9,0,11,19,23,11,0,53,0,0,0,53
12/25/2010,EUG,OR,ANM,WE,Combined TRACON& Tower with Radar,10,14,5,0,29,0,0,1,0,1,10,14,6,0,30,0,0,0,30
12/26/2010,EUG,OR,ANM,WE,Combined TRACON& Tower with Radar,17,21,12,0,50,0,0,2,0,2,17,21,14,0,52,0,0,0,52
12/27/2010,EUG,OR,ANM,WE,Combined TRACON& Tower with Radar,26,29,6,4,65,0,1,5,0,6,26,30,11,4,71,14,0,14,85
12/28/2010,EUG,OR,ANM,WE,Combined TRACON& Tower with Radar,14,32,4,12,62,0,0,0,0,0,14,32,4,12,62,0,0,0,62
12/29/2010,EUG,OR,ANM,WE,Combined TRACON& Tower with Radar,18,31,4,19,72,0,0,7,2,9,18,31,11,21,81,16,2,18,99
12/30/2010,EUG,OR,ANM,WE,Combined TRACON& Tower with Radar,15,35,16,11,77,0,4,36,0,40,15,39,52,11,117,64,0,64,181
12/31/2010,EUG,OR,ANM,WE,Combined TRACON& Tower with Radar,20,29,11,0,60,0,1,43,0,44,20,30,54,0,104,26,0,26,130
01/01/2011,EUG,OR,ANM,WE,Combined TRACON& Tower with Radar,10,24,3,0,37,0,0,14,0,14,10,24,17,0,51,0,0,0,51
01/02/2011,EUG,OR,ANM,WE,Combined TRACON& Tower with Radar,21,20,24,0,65,0,0,21,0,21,21,20,45,0,86,0,0,0,86
01/03/2011,EUG,OR,ANM,WE,Combined TRACON& Tower with Radar,25,37,6,2,70,0,2,59,0,61,25,39,65,2,131,106,0,106,237
01/04/2011,EUG,OR,ANM,WE,Combined TRACON& Tower with Radar,13,36,11,15,75,0,1,59,5,65,13,37,70,20,140,58,66,124,264
01/05/2011,EUG,OR,ANM,WE,Combined TRACON& Tower with Radar,16,37,13,59,125,1,10,61,45,117,17,47,74,104,242,138,72,210,452
01/06/2011,EUG,OR,ANM,WE,Combined TRACON& Tower with Radar,13,42,31,30,116,0,2,63,0,65,13,44,94,30,181,50,12,62,243
01/07/2011,EUG,OR,ANM,WE,Combined TRACON& Tower with Radar,28,37,33,39,137,2,1,50,23,76,30,38,83,62,213,112,34,146,359
01/08/2011,EUG,OR,ANM,WE,Combined TRACON& Tower with Radar,35,22,10,0,67,0,0,19,0,19,35,22,29,0,86,20,0,20,106
01/09/2011,EUG,OR,ANM,WE,Combined TRACON& Tower with Radar,13,25,26,2,66,0,0,8,0,8,13,25,34,2,74,4,0,4,78
01/10/2011,EUG,OR,ANM,WE,Combined TRACON& Tower with Radar,25,27,5,0,57,0,1,5,0,6,25,28,10,0,63,0,0,0,63
01/11/2011,EUG,OR,ANM,WE,Combined TRACON& Tower with Radar,37,46,31,0,114,0,1,29,0,30,37,47,60,0,144,56,0,56,200
01/12/2011,EUG,OR,ANM,WE,Combined TRACON& Tower with Radar,16,35,36,28,115,0,3,31,8,42,16,38,67,36,157,32,34,66,223
01/13/2011,EUG,OR,ANM,WE,Combined TRACON& Tower with Radar,16,33,23,6,78,0,1,16,2,19,16,34,39,8,97,0,0,0,97
01/14/2011,EUG,OR,ANM,WE,Combined TRACON& Tower with Radar,23,35,40,0,98,0,0,45,1,46,23,35,85,1,144,94,0,94,238
01/15/2011,EUG,OR,ANM,WE,Combined TRACON& Tower with Radar,17,18,14,0,49,0,2,17,1,20,17,20,31,1,69,64,0,64,133
01/16/2011,EUG,OR,ANM,WE,Combined TRACON& Tower with Radar,15,21,2,0,38,0,0,2,0,2,15,21,4,0,40,0,0,0,40
01/17/2011,EUG,OR,ANM,WE,Combined TRACON& Tower with Radar,21,32,28,0,81,0,0,20,0,20,21,32,48,0,101,42,0,42,143
01/18/2011,EUG,OR,ANM,WE,Combined TRACON& Tower with Radar,15,36,18,22,91,0,0,16,0,16,15,36,34,22,107,54,0,54,161
01/19/2011,EUG,OR,ANM,WE,Combined TRACON& Tower with Radar,16,42,22,29,109,0,1,7,1,9,16,43,29,30,118,24,0,24,142
01/20/2011,EUG,OR,ANM,WE,Combined TRACON& Tower with Radar,16,36,41,16,109,0,1,22,0,23,16,37,63,16,132,32,0,32,164
01/21/2011,EUG,OR,ANM,WE,Combined TRACON& Tower with Radar,24,30,37,34,125,0,12,29,2,43,24,42,66,36,168,70,82,152,320
01/22/2011,EUG,OR,ANM,WE,Combined TRACON& Tower with Radar,11,20,24,16,71,0,0,19,0,19,11,20,43,16,90,42,10,52,142
01/23/2011,EUG,OR,ANM,WE,Combined TRACON& Tower with Radar,13,28,11,8,60,0,0,42,0,42,13,28,53,8,102,34,8,42,144
01/24/2011,EUG,OR,ANM,WE,Combined TRACON& Tower with Radar,18,38,20,65,141,0,0,69,9,78,18,38,89,74,219,94,120,214,433
01/25/2011,EUG,OR,ANM,WE,Combined TRACON& Tower with Radar,16,33,10,42,101,0,5,56,0,61,16,38,66,42,162,64,0,64,226
01/26/2011,EUG,OR,ANM,WE,Combined TRACON& Tower with Radar,15,35,20,4,74,0,1,0,0,1,15,36,20,4,75,0,0,0,75
01/27/2011,EUG,OR,ANM,WE,Combined TRACON& Tower with Radar,14,31,13,30,88,0,2,47,0,49,14,33,60,30,137,88,0,88,225
01/28/2011,EUG,OR,ANM,WE,Combined TRACON& Tower with Radar,23,38,9,14,84,0,2,39,9,50,23,40,48,23,134,94,28,122,256
01/29/2011,EUG,OR,ANM,WE,Combined TRACON& Tower with Radar,11,22,16,2,51,0,1,78,3,82,11,23,94,5,133,54,34,88,221
01/30/2011,EUG,OR,ANM,WE,Combined TRACON& Tower with Radar,14,23,8,0,45,0,0,12,0,12,14,23,20,0,57,24,0,24,81
01/31/2011,EUG,OR,ANM,WE,Combined TRACON& Tower with Radar,23,38,18,4,83,0,0,12,0,12,23,38,30,4,95,20,0,20,115
02/01/2011,EUG,OR,ANM,WE,Combined TRACON& Tower with Radar,15,38,23,0,76,0,1,55,0,56,15,39,78,0,132,52,0,52,184
02/02/2011,EUG,OR,ANM,WE,Combined TRACON& Tower with Radar,16,38,23,0,77,0,2,50,0,52,16,40,73,0,129,106,0,106,235
02/03/2011,EUG,OR,ANM,WE,Combined TRACON& Tower with Radar,12,32,24,12,80,0,3,76,14,93,12,35,100,26,173,74,2,76,249
02/04/2011,EUG,OR,ANM,WE,Combined TRACON& Tower with Radar,23,30,17,1,71,0,1,43,7,51,23,31,60,8,122,76,0,76,198
02/05/2011,EUG,OR,ANM,WE,Combined TRACON& Tower with Radar,13,35,14,0,62,0,0,25,1,26,13,35,39,1,88,76,12,88,176
02/06/2011,EUG,OR,ANM,WE,Combined TRACON& Tower with Radar,11,23,11,0,45,0,1,6,0,7,11,24,17,0,52,0,0,0,52
02/07/2011,EUG,OR,ANM,WE,Combined TRACON& Tower with Radar,20,36,14,4,74,0,0,37,3,40,20,36,51,7,114,66,16,82,196
02/08/2011,EUG,OR,ANM,WE,Combined TRACON& Tower with Radar,11,35,15,20,81,0,0,57,0,57,11,35,72,20,138,138,0,138,276
02/09/2011,EUG,OR,ANM,WE,Combined TRACON& Tower with Radar,14,30,13,42,99,0,1,33,2,36,14,31,46,44,135,42,6,48,183
02/10/2011,EUG,OR,ANM,WE,Combined TRACON& Tower with Radar,11,32,16,26,85,0,0,26,0,26,11,32,42,26,111,66,0,66,177
02/11/2011,EUG,OR,ANM,WE,Combined TRACON& Tower with Radar,19,34,14,23,90,0,1,67,0,68,19,35,81,23,158,124,0,124,282
02/12/2011,EUG,OR,ANM,WE,Combined TRACON& Tower with Radar,10,20,7,12,49,0,0,53,0,53,10,20,60,12,102,70,2,72,174
02/13/2011,EUG,OR,ANM,WE,Combined TRACON& Tower with Radar,16,23,13,0,52,0,0,4,1,5,16,23,17,1,57,12,0,12,69
02/14/2011,EUG,OR,ANM,WE,Combined TRACON& Tower with Radar,21,38,5,0,64,0,0,5,0,5,21,38,10,0,69,0,0,0,69
02/15/2011,EUG,OR,ANM,WE,Combined TRACON& Tower with Radar,14,37,7,0,58,0,0,0,0,0,14,37,7,0,58,0,0,0,58
02/16/2011,EUG,OR,ANM,WE,Combined TRACON& Tower with Radar,13,36,2,19,70,0,0,2,1,3,13,36,4,20,73,32,20,52,125
02/17/2011,EUG,OR,ANM,WE,Combined TRACON& Tower with Radar,12,33,20,0,65,0,1,26,0,27,12,34,46,0,92,124,0,124,216
02/18/2011,EUG,OR,ANM,WE,Combined TRACON& Tower with Radar,20,36,15,10,81,0,1,22,8,31,20,37,37,18,112,50,0,50,162
02/19/2011,EUG,OR,ANM,WE,Combined TRACON& Tower with Radar,12,30,17,0,59,0,3,37,3,43,12,33,54,3,102,50,0,50,152
02/20/2011,EUG,OR,ANM,WE,Combined TRACON& Tower with Radar,15,37,19,0,71,0,4,25,0,29,15,41,44,0,100,0,0,0,100
02/21/2011,EUG,OR,ANM,WE,Combined TRACON& Tower with Radar,20,30,18,0,68,0,0,41,0,41,20,30,59,0,109,20,0,20,129
02/22/2011,EUG,OR,ANM,WE,Combined TRACON& Tower with Radar,16,42,4,9,71,0,0,31,0,31,16,42,35,9,102,97,0,97,199
02/23/2011,EUG,OR,ANM,WE,Combined TRACON& Tower with Radar,18,40,13,0,71,0,0,15,0,15,18,40,28,0,86,36,0,36,122
02/24/2011,EUG,OR,ANM,WE,Combined TRACON& Tower with Radar,14,37,6,0,57,0,1,0,0,1,14,38,6,0,58,0,0,0,58
02/25/2011,EUG,OR,ANM,WE,Combined TRACON& Tower with Radar,20,31,8,4,63,0,2,38,0,40,20,33,46,4,103,40,0,40,143
02/26/2011,EUG,OR,ANM,WE,Combined TRACON& Tower with Radar,19,24,17,20,80,0,4,57,2,63,19,28,74,22,143,108,0,108,251
02/27/2011,EUG,OR,ANM,WE,Combined TRACON& Tower with Radar,12,23,1,6,42,0,0,0,0,0,12,23,1,6,42,0,0,0,42
02/28/2011,EUG,OR,ANM,WE,Combined TRACON& Tower with Radar,17,41,7,16,81,0,0,0,0,0,17,41,7,16,81,0,0,0,81
03/01/2011,EUG,OR,ANM,WE,Combined TRACON& Tower with Radar,14,29,14,31,88,0,0,47,3,50,14,29,61,34,138,182,28,210,348
03/02/2011,EUG,OR,ANM,WE,Combined TRACON& Tower with Radar,14,33,7,10,64,0,0,41,0,41,14,33,48,10,105,112,20,132,237
03/03/2011,EUG,OR,ANM,WE,Combined TRACON& Tower with Radar,10,40,18,40,108,0,1,13,10,24,10,41,31,50,132,90,52,142,274
03/04/2011,EUG,OR,ANM,WE,Combined TRACON& Tower with Radar,22,36,19,14,91,0,5,75,0,80,22,41,94,14,171,76,8,84,255
03/05/2011,EUG,OR,ANM,WE,Combined TRACON& Tower with Radar,12,26,8,0,46,0,0,27,0,27,12,26,35,0,73,64,0,64,137
03/06/2011,EUG,OR,ANM,WE,Combined TRACON& Tower with Radar,12,28,13,0,53,0,0,6,0,6,12,28,19,0,59,16,0,16,75
03/07/2011,EUG,OR,ANM,WE,Combined TRACON& Tower with Radar,22,37,12,20,91,0,0,26,0,26,22,37,38,20,117,46,16,62,179
03/08/2011,EUG,OR,ANM,WE,Combined TRACON& Tower with Radar,12,36,36,5,89,0,0,3,1,4,12,36,39,6,93,0,0,0,93
03/09/2011,EUG,OR,ANM,WE,Combined TRACON& Tower with Radar,14,32,22,12,80,0,1,29,2,32,14,33,51,14,112,16,28,44,156
03/10/2011,EUG,OR,ANM,WE,Combined TRACON& Tower with Radar,12,33,15,26,86,0,0,7,0,7,12,33,22,26,93,14,16,30,123
03/11/2011,EUG,OR,ANM,WE,Combined TRACON& Tower with Radar,18,31,31,6,86,0,4,93,0,97,18,35,124,6,183,168,14,182,365
03/12/2011,EUG,OR,ANM,WE,Combined TRACON& Tower with Radar,10,25,6,0,41,0,0,28,0,28,10,25,34,0,69,104,0,104,173
03/13/2011,EUG,OR,ANM,WE,Combined TRACON& Tower with Radar,11,28,5,1,45,0,0,0,0,0,11,28,5,1,45,0,0,0,45
03/14/2011,EUG,OR,ANM,WE,Combined TRACON& Tower with Radar,24,34,25,11,94,0,1,35,0,36,24,35,60,11,130,68,22,90,220
03/15/2011,EUG,OR,ANM,WE,Combined TRACON& Tower with Radar,11,34,7,15,67,0,1,3,0,4,11,35,10,15,71,26,24,50,121
03/16/2011,EUG,OR,ANM,WE,Combined TRACON& Tower with Radar,14,37,14,0,65,0,0,5,0,5,14,37,19,0,70,18,0,18,88
03/17/2011,EUG,OR,ANM,WE,Combined TRACON& Tower with Radar,12,41,14,14,81,0,1,54,0,55,12,42,68,14,136,76,0,76,212
03/18/2011,EUG,OR,ANM,WE,Combined TRACON& Tower with Radar,30,31,22,12,95,0,0,26,0,26,30,31,48,12,121,70,0,70,191
03/19/2011,EUG,OR,ANM,WE,Combined TRACON& Tower with Radar,12,32,19,6,69,0,1,31,0,32,12,33,50,6,101,32,0,32,133
03/20/2011,EUG,OR,ANM,WE,Combined TRACON& Tower with Radar,8,22,7,16,53,0,0,13,0,13,8,22,20,16,66,0,0,0,66
03/21/2011,EUG,OR,ANM,WE,Combined TRACON& Tower with Radar,23,37,5,10,75,0,0,12,2,14,23,37,17,12,89,0,0,0,89
03/22/2011,EUG,OR,ANM,WE,Combined TRACON& Tower with Radar,14,36,8,8,66,0,1,42,0,43,14,37,50,8,109,52,48,100,209
03/23/2011,EUG,OR,ANM,WE,Combined TRACON& Tower with Radar,15,34,14,14,77,0,2,40,0,42,15,36,54,14,119,34,0,34,153
03/24/2011,EUG,OR,ANM,WE,Combined TRACON& Tower with Radar,17,35,17,12,81,0,3,15,2,20,17,38,32,14,101,9,9,18,119
03/25/2011,EUG,OR,ANM,WE,Combined TRACON& Tower with Radar,19,34,8,0,61,0,3,11,0,14,19,37,19,0,75,0,0,0,75
03/26/2011,EUG,OR,ANM,WE,Combined TRACON& Tower with Radar,17,27,18,0,62,0,0,8,0,8,17,27,26,0,70,22,0,22,92
03/27/2011,EUG,OR,ANM,WE,Combined TRACON& Tower with Radar,10,32,8,8,58,0,0,4,0,4,10,32,12,8,62,0,0,0,62
03/28/2011,EUG,OR,ANM,WE,Combined TRACON& Tower with Radar,19,37,18,28,102,0,3,46,3,52,19,40,64,31,154,132,40,172,326
03/29/2011,EUG,OR,ANM,WE,Combined TRACON& Tower with Radar,21,42,15,20,98,0,5,15,0,20,21,47,30,20,118,68,0,68,186
03/30/2011,EUG,OR,ANM,WE,Combined TRACON& Tower with Radar,13,29,41,4,87,0,0,38,3,41,13,29,79,7,128,56,32,88,216
03/31/2011,EUG,OR,ANM,WE,Combined TRACON& Tower with Radar,12,32,22,8,74,0,3,58,4,65,12,35,80,12,139,60,0,60,199
04/01/2011,EUG,OR,ANM,WE,Combined TRACON& Tower with Radar,25,33,49,2,109,0,2,46,0,48,25,35,95,2,157,74,0,74,231
04/02/2011,EUG,OR,ANM,WE,Combined TRACON& Tower with Radar,10,23,9,0,42,0,1,21,2,24,10,24,30,2,66,14,0,14,80
04/03/2011,EUG,OR,ANM,WE,Combined TRACON& Tower with Radar,13,21,9,0,43,0,1,50,0,51,13,22,59,0,94,6,0,6,100
04/04/2011,EUG,OR,ANM,WE,Combined TRACON& Tower with Radar,23,32,21,41,117,0,1,26,7,34,23,33,47,48,151,84,47,131,282
04/05/2011,EUG,OR,ANM,WE,Combined TRACON& Tower with Radar,15,39,16,12,82,0,1,43,1,45,15,40,59,13,127,96,0,96,223
04/06/2011,EUG,OR,ANM,WE,Combined TRACON& Tower with Radar,14,32,7,36,89,0,1,3,1,5,14,33,10,37,94,26,6,32,126
04/07/2011,EUG,OR,ANM,WE,Combined TRACON& Tower with Radar,14,39,13,4,70,0,1,15,0,16,14,40,28,4,86,70,0,70,156
04/08/2011,EUG,OR,ANM,WE,Combined TRACON& Tower with Radar,19,33,34,12,98,0,0,82,2,84,19,33,116,14,182,116,16,132,314
04/09/2011,EUG,OR,ANM,WE,Combined TRACON& Tower with Radar,10,20,20,1,51,0,1,85,0,86,10,21,105,1,137,108,4,112,249
04/10/2011,EUG,OR,ANM,WE,Combined TRACON& Tower with Radar,18,21,21,0,60,0,0,13,0,13,18,21,34,0,73,6,0,6,79
04/11/2011,EUG,OR,ANM,WE,Combined TRACON& Tower with Radar,20,37,10,22,89,0,0,45,0,45,20,37,55,22,134,62,0,62,196
04/12/2011,EUG,OR,ANM,WE,Combined TRACON& Tower with Radar,12,34,14,11,71,0,1,31,2,34,12,35,45,13,105,104,0,104,209
04/13/2011,EUG,OR,ANM,WE,Combined TRACON& Tower with Radar,16,32,8,4,60,0,0,17,0,17,16,32,25,4,77,8,0,8,85
04/14/2011,EUG,OR,ANM,WE,Combined TRACON& Tower with Radar,12,35,12,10,69,0,0,17,0,17,12,35,29,10,86,42,10,52,138
04/15/2011,EUG,OR,ANM,WE,Combined TRACON& Tower with Radar,26,40,15,8,89,0,0,0,0,0,26,40,15,8,89,0,0,0,89
04/16/2011,EUG,OR,ANM,WE,Combined TRACON& Tower with Radar,11,19,11,36,77,0,0,27,1,28,11,19,38,37,105,46,26,72,177
04/17/2011,EUG,OR,ANM,WE,Combined TRACON& Tower with Radar,14,22,18,0,54,0,1,17,3,21,14,23,35,3,75,14,0,14,89
04/18/2011,EUG,OR,ANM,WE,Combined TRACON& Tower with Radar,23,36,9,14,82,0,0,77,0,77,23,36,86,14,159,78,20,98,257
04/19/2011,EUG,OR,ANM,WE,Combined TRACON& Tower with Radar,18,35,23,8,84,0,1,83,0,84,18,36,106,8,168,198,10,208,376
04/20/2011,EUG,OR,ANM,WE,Combined TRACON& Tower with Radar,13,33,16,26,88,0,1,62,0,63,13,34,78,26,151,126,10,136,287
04/21/2011,EUG,OR,ANM,WE,Combined TRACON& Tower with Radar,15,36,27,8,86,0,1,49,0,50,15,37,76,8,136,90,0,90,226
04/22/2011,EUG,OR,ANM,WE,Combined TRACON& Tower with Radar,19,41,19,4,83,0,1,94,4,99,19,42,113,8,182,80,0,80,262
04/23/2011,EUG,OR,ANM,WE,Combined TRACON& Tower with Radar,8,19,14,22,63,0,3,119,0,122,8,22,133,22,185,212,0,212,397
04/24/2011,EUG,OR,ANM,WE,Combined TRACON& Tower with Radar,19,25,3,0,47,0,2,3,0,5,19,27,6,0,52,0,0,0,52
04/25/2011,EUG,OR,ANM,WE,Combined TRACON& Tower with Radar,20,34,10,8,72,0,1,7,0,8,20,35,17,8,80,10,0,10,90
04/26/2011,EUG,OR,ANM,WE,Combined TRACON& Tower with Radar,12,40,38,12,102,0,3,14,0,17,12,43,52,12,119,76,0,76,195
04/27/2011,EUG,OR,ANM,WE,Combined TRACON& Tower with Radar,12,30,40,5,87,0,0,45,6,51,12,30,85,11,138,68,36,104,242
04/28/2011,EUG,OR,ANM,WE,Combined TRACON& Tower with Radar,11,32,15,4,62,0,1,12,2,15,11,33,27,6,77,10,0,10,87
04/29/2011,EUG,OR,ANM,WE,Combined TRACON& Tower with Radar,17,32,16,2,67,0,4,48,0,52,17,36,64,2,119,106,0,106,225
04/30/2011,EUG,OR,ANM,WE,Combined TRACON& Tower with Radar,7,21,35,1,64,0,1,45,0,46,7,22,80,1,110,110,0,110,220
05/01/2011,EUG,OR,ANM,WE,Combined TRACON& Tower with Radar,16,24,20,0,60,0,0,72,0,72,16,24,92,0,132,52,0,52,184
05/02/2011,EUG,OR,ANM,WE,Combined TRACON& Tower with Radar,22,35,14,42,113,0,0,37,0,37,22,35,51,42,150,54,44,98,248
05/03/2011,EUG,OR,ANM,WE,Combined TRACON& Tower with Radar,9,36,20,55,120,0,2,105,11,118,9,38,125,66,238,152,40,192,430
05/04/2011,EUG,OR,ANM,WE,Combined TRACON& Tower with Radar,14,33,29,0,76,0,4,137,0,141,14,37,166,0,217,158,0,158,375
05/05/2011,EUG,OR,ANM,WE,Combined TRACON& Tower with Radar,19,36,24,7,86,0,0,82,0,82,19,36,106,7,168,103,14,117,285
05/06/2011,EUG,OR,ANM,WE,Combined TRACON& Tower with Radar,21,34,16,0,71,0,4,15,0,19,21,38,31,0,90,48,0,48,138
05/07/2011,EUG,OR,ANM,WE,Combined TRACON& Tower with Radar,11,20,17,0,48,1,0,33,0,34,12,20,50,0,82,64,0,64,146
05/08/2011,EUG,OR,ANM,WE,Combined TRACON& Tower with Radar,16,25,9,0,50,0,1,1,0,2,16,26,10,0,52,2,0,2,54
05/09/2011,EUG,OR,ANM,WE,Combined TRACON& Tower with Radar,23,34,37,6,100,0,2,73,0,75,23,36,110,6,175,76,34,110,285
05/10/2011,EUG,OR,ANM,WE,Combined TRACON& Tower with Radar,15,35,29,8,87,0,2,83,2,87,15,37,112,10,174,142,0,142,316
05/11/2011,EUG,OR,ANM,WE,Combined TRACON& Tower with Radar,11,38,26,2,77,0,0,49,0,49,11,38,75,2,126,78,0,78,204
05/12/2011,EUG,OR,ANM,WE,Combined TRACON& Tower with Radar,13,33,24,2,72,0,1,77,0,78,13,34,101,2,150,150,0,150,300
05/13/2011,EUG,OR,ANM,WE,Combined TRACON& Tower with Radar,22,39,17,3,81,0,6,104,0,110,22,45,121,3,191,134,0,134,325
05/14/2011,EUG,OR,ANM,WE,Combined TRACON& Tower with Radar,9,24,27,3,63,0,2,31,1,34,9,26,58,4,97,56,0,56,153
05/15/2011,EUG,OR,ANM,WE,Combined TRACON& Tower with Radar,16,24,21,2,63,0,0,20,0,20,16,24,41,2,83,22,0,22,105
05/16/2011,EUG,OR,ANM,WE,Combined TRACON& Tower with Radar,20,39,8,14,81,0,1,74,0,75,20,40,82,14,156,124,0,124,280
05/17/2011,EUG,OR,ANM,WE,Combined TRACON& Tower with Radar,12,42,23,6,83,0,1,25,0,26,12,43,48,6,109,46,8,54,163
05/18/2011,EUG,OR,ANM,WE,Combined TRACON& Tower with Radar,10,27,22,4,63,0,3,87,1,91,10,30,109,5,154,70,0,70,224
05/19/2011,EUG,OR,ANM,WE,Combined TRACON& Tower with Radar,13,35,17,0,65,0,4,112,0,116,13,39,129,0,181,192,0,192,373
05/20/2011,EUG,OR,ANM,WE,Combined TRACON& Tower with Radar,21,28,33,4,86,0,2,82,0,84,21,30,115,4,170,104,0,104,274
05/21/2011,EUG,OR,ANM,WE,Combined TRACON& Tower with Radar,9,18,18,2,47,0,3,90,0,93,9,21,108,2,140,80,0,80,220
05/22/2011,EUG,OR,ANM,WE,Combined TRACON& Tower with Radar,14,23,11,10,58,0,0,24,0,24,14,23,35,10,82,20,0,20,102
05/23/2011,EUG,OR,ANM,WE,Combined TRACON& Tower with Radar,18,29,18,4,69,0,0,44,0,44,18,29,62,4,113,90,6,96,209
05/24/2011,EUG,OR,ANM,WE,Combined TRACON& Tower with Radar,16,36,6,24,82,0,2,98,3,103,16,38,104,27,185,128,20,148,333
05/25/2011,EUG,OR,ANM,WE,Combined TRACON& Tower with Radar,12,31,17,9,69,0,1,11,0,12,12,32,28,9,81,10,0,10,91
05/26/2011,EUG,OR,ANM,WE,Combined TRACON& Tower with Radar,15,36,25,8,84,0,1,40,0,41,15,37,65,8,125,74,0,74,199
05/27/2011,EUG,OR,ANM,WE,Combined TRACON& Tower with Radar,22,36,16,13,87,0,2,34,0,36,22,38,50,13,123,38,0,38,161
05/28/2011,EUG,OR,ANM,WE,Combined TRACON& Tower with Radar,10,18,7,1,36,0,0,0,29,29,10,18,7,30,65,88,0,88,153
05/29/2011,EUG,OR,ANM,WE,Combined TRACON& Tower with Radar,15,19,14,0,48,0,0,24,0,24,15,19,38,0,72,0,0,0,72
05/30/2011,EUG,OR,ANM,WE,Combined TRACON& Tower with Radar,26,21,38,0,85,0,0,23,0,23,26,21,61,0,108,40,0,40,148
05/31/2011,EUG,OR,ANM,WE,Combined TRACON& Tower with Radar,11,33,15,0,59,0,1,40,0,41,11,34,55,0,100,72,0,72,172
06/01/2011,EUG,OR,ANM,WE,Combined TRACON& Tower with Radar,24,32,9,6,71,0,1,44,0,45,24,33,53,6,116,66,12,78,194
06/02/2011,EUG,OR,ANM,WE,Combined TRACON& Tower with Radar,12,36,17,17,82,0,1,71,3,75,12,37,88,20,157,141,40,181,338
06/03/2011,EUG,OR,ANM,WE,Combined TRACON& Tower with Radar,19,30,23,6,78,0,4,89,4,97,19,34,112,10,175,112,12,124,299
06/04/2011,EUG,OR,ANM,WE,Combined TRACON& Tower with Radar,11,23,14,0,48,0,0,91,0,91,11,23,105,0,139,74,0,74,213
06/05/2011,EUG,OR,ANM,WE,Combined TRACON& Tower with Radar,14,14,13,0,41,0,1,39,0,40,14,15,52,0,81,22,0,22,103
06/06/2011,EUG,OR,ANM,WE,Combined TRACON& Tower with Radar,25,33,21,8,87,0,1,48,0,49,25,34,69,8,136,104,28,132,268
06/07/2011,EUG,OR,ANM,WE,Combined TRACON& Tower with Radar,14,39,26,2,81,0,4,31,0,35,14,43,57,2,116,56,0,56,172
06/08/2011,EUG,OR,ANM,WE,Combined TRACON& Tower with Radar,16,38,24,4,82,0,4,57,0,61,16,42,81,4,143,78,66,144,287
06/09/2011,EUG,OR,ANM,WE,Combined TRACON& Tower with Radar,16,37,19,8,80,0,2,84,0,86,16,39,103,8,166,108,20,128,294
06/10/2011,EUG,OR,ANM,WE,Combined TRACON& Tower with Radar,26,38,31,0,95,0,0,96,0,96,26,38,127,0,191,76,4,80,271
06/11/2011,EUG,OR,ANM,WE,Combined TRACON& Tower with Radar,16,28,19,24,87,0,1,54,1,56,16,29,73,25,143,42,16,58,201
06/12/2011,EUG,OR,ANM,WE,Combined TRACON& Tower with Radar,21,24,19,15,79,0,1,35,0,36,21,25,54,15,115,2,12,14,129
06/13/2011,EUG,OR,ANM,WE,Combined TRACON& Tower with Radar,25,37,33,8,103,0,3,39,5,47,25,40,72,13,150,36,8,44,194
06/14/2011,EUG,OR,ANM,WE,Combined TRACON& Tower with Radar,15,39,29,5,88,0,9,57,4,70,15,48,86,9,158,96,24,120,278
06/15/2011,EUG,OR,ANM,WE,Combined TRACON& Tower with Radar,20,38,19,0,77,0,0,51,0,51,20,38,70,0,128,30,0,30,158
06/16/2011,EUG,OR,ANM,WE,Combined TRACON& Tower with Radar,17,32,24,2,75,0,3,73,2,78,17,35,97,4,153,38,42,80,233
06/17/2011,EUG,OR,ANM,WE,Combined TRACON& Tower with Radar,26,27,13,0,66,0,0,56,0,56,26,27,69,0,122,46,0,46,168
06/18/2011,EUG,OR,ANM,WE,Combined TRACON& Tower with Radar,18,24,14,0,56,0,0,11,0,11,18,24,25,0,67,12,0,12,79
06/19/2011,EUG,OR,ANM,WE,Combined TRACON& Tower with Radar,17,26,9,0,52,0,0,26,0,26,17,26,35,0,78,12,0,12,90
06/20/2011,EUG,OR,ANM,WE,Combined TRACON& Tower with Radar,22,32,14,2,70,0,0,81,0,81,22,32,95,2,151,98,2,100,251
06/21/2011,EUG,OR,ANM,WE,Combined TRACON& Tower with Radar,20,25,23,5,73,0,2,45,4,51,20,27,68,9,124,100,0,100,224
06/22/2011,EUG,OR,ANM,WE,Combined TRACON& Tower with Radar,16,31,26,0,73,0,3,71,0,74,16,34,97,0,147,0,0,0,147
06/23/2011,EUG,OR,ANM,WE,Combined TRACON& Tower with Radar,17,33,33,4,87,0,1,78,0,79,17,34,111,4,166,74,0,74,240
06/24/2011,EUG,OR,ANM,WE,Combined TRACON& Tower with Radar,28,33,23,0,84,0,4,79,0,83,28,37,102,0,167,100,0,100,267
06/25/2011,EUG,OR,ANM,WE,Combined TRACON& Tower with Radar,14,26,14,9,63,0,2,55,38,95,14,28,69,47,158,66,0,66,224
06/26/2011,EUG,OR,ANM,WE,Combined TRACON& Tower with Radar,19,34,31,0,84,0,0,87,0,87,19,34,118,0,171,22,0,22,193
06/27/2011,EUG,OR,ANM,WE,Combined TRACON& Tower with Radar,24,34,28,1,87,0,0,60,3,63,24,34,88,4,150,106,0,106,256
06/28/2011,EUG,OR,ANM,WE,Combined TRACON& Tower with Radar,16,28,35,0,79,0,0,28,0,28,16,28,63,0,107,94,2,96,203
06/29/2011,EUG,OR,ANM,WE,Combined TRACON& Tower with Radar,19,36,40,0,95,0,3,55,0,58,19,39,95,0,153,98,0,98,251
06/30/2011,EUG,OR,ANM,WE,Combined TRACON& Tower with Radar,14,31,29,0,74,0,3,71,0,74,14,34,100,0,148,147,0,147,295
07/01/2011,EUG,OR,ANM,WE,Combined TRACON& Tower with Radar,29,40,19,0,88,0,1,79,0,80,29,41,98,0,168,88,0,88,256
07/02/2011,EUG,OR,ANM,WE,Combined TRACON& Tower with Radar,15,26,11,0,52,0,1,59,1,61,15,27,70,1,113,44,0,44,157
07/03/2011,EUG,OR,ANM,WE,Combined TRACON& Tower with Radar,13,20,6,0,39,0,1,31,0,32,13,21,37,0,71,16,0,16,87
07/04/2011,EUG,OR,ANM,WE,Combined TRACON& Tower with Radar,18,16,6,0,40,0,0,50,0,50,18,16,56,0,90,10,0,10,100
07/05/2011,EUG,OR,ANM,WE,Combined TRACON& Tower with Radar,18,34,15,24,91,0,9,88,16,113,18,43,103,40,204,88,42,130,334
07/06/2011,EUG,OR,ANM,WE,Combined TRACON& Tower with Radar,25,33,13,15,86,0,4,88,2,94,25,37,101,17,180,70,18,88,268
07/07/2011,EUG,OR,ANM,WE,Combined TRACON& Tower with Radar,19,38,20,8,85,0,1,59,0,60,19,39,79,8,145,52,0,52,197
07/08/2011,EUG,OR,ANM,WE,Combined TRACON& Tower with Radar,19,32,24,8,83,0,3,95,0,98,19,35,119,8,181,48,0,48,229
07/09/2011,EUG,OR,ANM,WE,Combined TRACON& Tower with Radar,13,27,4,14,58,0,5,78,2,85,13,32,82,16,143,88,12,100,243
07/10/2011,EUG,OR,ANM,WE,Combined TRACON& Tower with Radar,19,24,7,4,54,0,0,54,0,54,19,24,61,4,108,20,0,20,128
07/11/2011,EUG,OR,ANM,WE,Combined TRACON& Tower with Radar,23,42,32,1,98,0,15,77,0,92,23,57,109,1,190,148,0,148,338
07/12/2011,EUG,OR,ANM,WE,Combined TRACON& Tower with Radar,18,38,27,5,88,0,2,34,0,36,18,40,61,5,124,85,0,85,209
07/13/2011,EUG,OR,ANM,WE,Combined TRACON& Tower with Radar,21,28,28,1,78,0,1,41,0,42,21,29,69,1,120,122,0,122,242
07/14/2011,EUG,OR,ANM,WE,Combined TRACON& Tower with Radar,19,41,14,26,100,0,6,99,1,106,19,47,113,27,206,124,18,142,348
07/15/2011,EUG,OR,ANM,WE,Combined TRACON& Tower with Radar,27,30,14,0,71,0,4,93,0,97,27,34,107,0,168,70,0,70,238
07/16/2011,EUG,OR,ANM,WE,Combined TRACON& Tower with Radar,16,27,14,0,57,0,0,19,1,20,16,27,33,1,77,18,0,18,95
07/17/2011,EUG,OR,ANM,WE,Combined TRACON& Tower with Radar,18,21,8,8,55,0,0,6,0,6,18,21,14,8,61,20,0,20,81
07/18/2011,EUG,OR,ANM,WE,Combined TRACON& Tower with Radar,22,31,14,4,71,0,2,40,0,42,22,33,54,4,113,96,0,96,209
07/19/2011,EUG,OR,ANM,WE,Combined TRACON& Tower with Radar,18,35,21,5,79,0,0,41,0,41,18,35,62,5,120,136,16,152,272
07/20/2011,EUG,OR,ANM,WE,Combined TRACON& Tower with Radar,23,37,30,14,104,0,4,78,2,84,23,41,108,16,188,116,30,146,334
07/21/2011,EUG,OR,ANM,WE,Combined TRACON& Tower with Radar,20,42,20,4,86,0,5,62,0,67,20,47,82,4,153,102,0,102,255
07/22/2011,EUG,OR,ANM,WE,Combined TRACON& Tower with Radar,25,32,29,8,94,0,6,74,2,82,25,38,103,10,176,28,6,34,210
07/23/2011,EUG,OR,ANM,WE,Combined TRACON& Tower with Radar,16,24,12,8,60,0,2,114,4,120,16,26,126,12,180,98,22,120,300
07/24/2011,EUG,OR,ANM,WE,Combined TRACON& Tower with Radar,18,27,9,0,54,0,0,54,0,54,18,27,63,0,108,6,0,6,114
07/25/2011,EUG,OR,ANM,WE,Combined TRACON& Tower with Radar,19,38,31,25,113,0,0,33,2,35,19,38,64,27,148,72,74,146,294
07/26/2011,EUG,OR,ANM,WE,Combined TRACON& Tower with Radar,15,37,17,8,77,0,3,55,7,65,15,40,72,15,142,82,16,98,240
07/27/2011,EUG,OR,ANM,WE,Combined TRACON& Tower with Radar,23,38,12,4,77,0,8,98,0,106,23,46,110,4,183,118,0,118,301
07/28/2011,EUG,OR,ANM,WE,Combined TRACON& Tower with Radar,18,32,16,0,66,0,11,87,5,103,18,43,103,5,169,106,0,106,275
07/29/2011,EUG,OR,ANM,WE,Combined TRACON& Tower with Radar,24,31,13,2,70,0,3,80,3,86,24,34,93,5,156,56,2,58,214
07/30/2011,EUG,OR,ANM,WE,Combined TRACON& Tower with Radar,12,28,17,0,57,0,1,80,0,81,12,29,97,0,138,54,0,54,192
07/31/2011,EUG,OR,ANM,WE,Combined TRACON& Tower with Radar,15,26,14,0,55,0,0,72,0,72,15,26,86,0,127,42,0,42,169
08/01/2011,EUG,OR,ANM,WE,Combined TRACON& Tower with Radar,28,26,17,16,87,0,1,77,4,82,28,27,94,20,169,102,18,120,289
08/02/2011,EUG,OR,ANM,WE,Combined TRACON& Tower with Radar,15,29,12,16,72,0,7,76,0,83,15,36,88,16,155,148,22,170,325
08/03/2011,EUG,OR,ANM,WE,Combined TRACON& Tower with Radar,21,34,19,15,89,0,5,97,9,111,21,39,116,24,200,130,10,140,340
08/04/2011,EUG,OR,ANM,WE,Combined TRACON& Tower with Radar,18,31,27,4,80,0,6,55,2,63,18,37,82,6,143,100,2,102,245
08/05/2011,EUG,OR,ANM,WE,Combined TRACON& Tower with Radar,26,32,33,12,103,0,1,78,10,89,26,33,111,22,192,134,0,134,326
08/06/2011,EUG,OR,ANM,WE,Combined TRACON& Tower with Radar,19,26,10,1,56,0,2,62,3,67,19,28,72,4,123,64,4,68,191
08/07/2011,EUG,OR,ANM,WE,Combined TRACON& Tower with Radar,16,30,9,0,55,0,0,50,1,51,16,30,59,1,106,14,0,14,120
08/08/2011,EUG,OR,ANM,WE,Combined TRACON& Tower with Radar,24,29,24,2,79,1,0,39,0,40,25,29,63,2,119,22,0,22,141
08/09/2011,EUG,OR,ANM,WE,Combined TRACON& Tower with Radar,20,28,18,4,70,0,2,78,0,80,20,30,96,4,150,116,0,116,266
08/10/2011,EUG,OR,ANM,WE,Combined TRACON& Tower with Radar,22,30,21,15,88,0,1,91,0,92,22,31,112,15,180,146,12,158,338
08/11/2011,EUG,OR,ANM,WE,Combined TRACON& Tower with Radar,23,29,23,10,85,0,1,98,2,101,23,30,121,12,186,102,12,114,300
08/12/2011,EUG,OR,ANM,WE,Combined TRACON& Tower with Radar,27,26,16,0,69,0,1,100,0,101,27,27,116,0,170,106,0,106,276
08/13/2011,EUG,OR,ANM,WE,Combined TRACON& Tower with Radar,17,25,37,8,87,0,0,28,0,28,17,25,65,8,115,80,0,80,195
08/14/2011,EUG,OR,ANM,WE,Combined TRACON& Tower with Radar,20,23,11,4,58,0,5,48,0,53,20,28,59,4,111,20,16,36,147
08/15/2011,EUG,OR,ANM,WE,Combined TRACON& Tower with Radar,30,31,24,17,102,0,1,77,9,87,30,32,101,26,189,112,94,206,395
08/16/2011,EUG,OR,ANM,WE,Combined TRACON& Tower with Radar,17,38,7,16,78,0,0,92,0,92,17,38,99,16,170,68,0,68,238
08/17/2011,EUG,OR,ANM,WE,Combined TRACON& Tower with Radar,19,31,5,3,58,0,2,86,0,88,19,33,91,3,146,88,18,106,252
08/18/2011,EUG,OR,ANM,WE,Combined TRACON& Tower with Radar,20,33,17,22,92,0,4,118,0,122,20,37,135,22,214,90,8,98,312
08/19/2011,EUG,OR,ANM,WE,Combined TRACON& Tower with Radar,19,30,11,10,70,0,3,100,0,103,19,33,111,10,173,88,0,88,261
08/20/2011,EUG,OR,ANM,WE,Combined TRACON& Tower with Radar,16,17,12,0,45,0,2,69,0,71,16,19,81,0,116,24,0,24,140
08/21/2011,EUG,OR,ANM,WE,Combined TRACON& Tower with Radar,15,25,11,4,55,0,0,66,0,66,15,25,77,4,121,24,0,24,145
08/22/2011,EUG,OR,ANM,WE,Combined TRACON& Tower with Radar,23,37,46,4,110,0,0,100,0,100,23,37,146,4,210,102,0,102,312
08/23/2011,EUG,OR,ANM,WE,Combined TRACON& Tower with Radar,21,32,14,2,69,0,1,94,0,95,21,33,108,2,164,128,0,128,292
08/24/2011,EUG,OR,ANM,WE,Combined TRACON& Tower with Radar,15,32,14,2,63,0,3,58,0,61,15,35,72,2,124,70,0,70,194
08/25/2011,EUG,OR,ANM,WE,Combined TRACON& Tower with Radar,23,33,10,4,70,0,5,89,6,100,23,38,99,10,170,134,0,134,304
08/26/2011,EUG,OR,ANM,WE,Combined TRACON& Tower with Radar,26,30,18,4,78,0,4,91,0,95,26,34,109,4,173,114,2,116,289
08/27/2011,EUG,OR,ANM,WE,Combined TRACON& Tower with Radar,13,23,9,0,45,0,2,64,4,70,13,25,73,4,115,20,0,20,135
08/28/2011,EUG,OR,ANM,WE,Combined TRACON& Tower with Radar,21,28,17,0,66,0,5,56,0,61,21,33,73,0,127,13,1,14,141
08/29/2011,EUG,OR,ANM,WE,Combined TRACON& Tower with Radar,20,34,25,11,90,0,2,41,0,43,20,36,66,11,133,82,0,82,215
08/30/2011,EUG,OR,ANM,WE,Combined TRACON& Tower with Radar,15,34,20,7,76,0,1,44,2,47,15,35,64,9,123,62,0,62,185
08/31/2011,EUG,OR,ANM,WE,Combined TRACON& Tower with Radar,16,37,28,15,96,0,1,84,3,88,16,38,112,18,184,148,26,174,358
09/01/2011,EUG,OR,ANM,WE,Combined TRACON& Tower with Radar,21,33,19,32,105,0,2,126,2,130,21,35,145,34,235,46,28,74,309
09/02/2011,EUG,OR,ANM,WE,Combined TRACON& Tower with Radar,23,26,21,0,70,0,2,76,0,78,23,28,97,0,148,32,0,32,180
09/03/2011,EUG,OR,ANM,WE,Combined TRACON& Tower with Radar,16,19,9,0,44,0,1,57,0,58,16,20,66,0,102,46,0,46,148
09/04/2011,EUG,OR,ANM,WE,Combined TRACON& Tower with Radar,23,13,13,0,49,0,3,48,0,51,23,16,61,0,100,30,0,30,130
09/05/2011,EUG,OR,ANM,WE,Combined TRACON& Tower with Radar,25,20,8,0,53,0,0,60,0,60,25,20,68,0,113,12,0,12,125
09/06/2011,EUG,OR,ANM,WE,Combined TRACON& Tower with Radar,14,34,18,9,75,0,5,62,0,67,14,39,80,9,142,106,24,130,272
09/07/2011,EUG,OR,ANM,WE,Combined TRACON& Tower with Radar,15,32,21,0,68,0,7,71,0,78,15,39,92,0,146,88,0,88,234
09/08/2011,EUG,OR,ANM,WE,Combined TRACON& Tower with Radar,21,32,27,3,83,0,3,58,1,62,21,35,85,4,145,54,0,54,199
09/09/2011,EUG,OR,ANM,WE,Combined TRACON& Tower with Radar,25,33,19,10,87,0,2,73,2,77,25,35,92,12,164,44,30,74,238
09/10/2011,EUG,OR,ANM,WE,Combined TRACON& Tower with Radar,15,25,24,0,64,0,4,61,0,65,15,29,85,0,129,10,0,10,139
09/11/2011,EUG,OR,ANM,WE,Combined TRACON& Tower with Radar,19,25,23,10,77,0,4,46,0,50,19,29,69,10,127,8,16,24,151
09/12/2011,EUG,OR,ANM,WE,Combined TRACON& Tower with Radar,22,29,19,4,74,0,2,45,4,51,22,31,64,8,125,24,0,24,149
09/13/2011,EUG,OR,ANM,WE,Combined TRACON& Tower with Radar,17,33,15,16,81,0,2,22,3,27,17,35,37,19,108,38,32,70,178
09/14/2011,EUG,OR,ANM,WE,Combined TRACON& Tower with Radar,17,37,23,11,88,0,1,37,1,39,17,38,60,12,127,20,0,20,147
09/15/2011,EUG,OR,ANM,WE,Combined TRACON& Tower with Radar,23,32,17,51,123,0,7,42,2,51,23,39,59,53,174,36,0,36,210
09/16/2011,EUG,OR,ANM,WE,Combined TRACON& Tower with Radar,23,34,26,0,83,0,0,59,0,59,23,34,85,0,142,3,0,3,145
09/17/2011,EUG,OR,ANM,WE,Combined TRACON& Tower with Radar,13,25,20,19,77,0,0,49,0,49,13,25,69,19,126,14,4,18,144
09/18/2011,EUG,OR,ANM,WE,Combined TRACON& Tower with Radar,21,22,19,19,81,0,1,32,3,36,21,23,51,22,117,0,10,10,127
09/19/2011,EUG,OR,ANM,WE,Combined TRACON& Tower with Radar,22,32,24,11,89,0,2,38,0,40,22,34,62,11,129,0,0,0,129
09/20/2011,EUG,OR,ANM,WE,Combined TRACON& Tower with Radar,17,27,12,6,62,0,1,50,0,51,17,28,62,6,113,36,0,36,149
09/21/2011,EUG,OR,ANM,WE,Combined TRACON& Tower with Radar,17,31,12,18,78,0,3,29,5,37,17,34,41,23,115,8,22,30,145
09/22/2011,EUG,OR,ANM,WE,Combined TRACON& Tower with Radar,20,29,7,3,59,0,2,43,1,46,20,31,50,4,105,46,0,46,151
09/23/2011,EUG,OR,ANM,WE,Combined TRACON& Tower with Radar,25,33,19,3,80,0,3,87,1,91,25,36,106,4,171,74,0,74,245
09/24/2011,EUG,OR,ANM,WE,Combined TRACON& Tower with Radar,15,24,14,0,53,0,0,65,2,67,15,24,79,2,120,70,0,70,190
09/25/2011,EUG,OR,ANM,WE,Combined TRACON& Tower with Radar,20,27,23,0,70,0,1,14,0,15,20,28,37,0,85,0,0,0,85
09/26/2011,EUG,OR,ANM,WE,Combined TRACON& Tower with Radar,23,33,30,5,91,0,1,50,1,52,23,34,80,6,143,44,0,44,187
09/27/2011,EUG,OR,ANM,WE,Combined TRACON& Tower with Radar,18,31,16,6,71,0,1,17,0,18,18,32,33,6,89,36,0,36,125
09/28/2011,EUG,OR,ANM,WE,Combined TRACON& Tower with Radar,18,32,13,5,68,0,3,87,1,91,18,35,100,6,159,90,0,90,249
09/29/2011,EUG,OR,ANM,WE,Combined TRACON& Tower with Radar,21,32,13,0,66,0,5,67,0,72,21,37,80,0,138,76,0,76,214
09/30/2011,EUG,OR,ANM,WE,Combined TRACON& Tower with Radar,23,35,17,0,75,0,4,74,0,78,23,39,91,0,153,32,0,32,185
10/01/2011,EUG,OR,ANM,WE,Combined TRACON& Tower with Radar,10,23,16,9,58,0,1,26,0,27,10,24,42,9,85,16,8,24,109
10/02/2011,EUG,OR,ANM,WE,Combined TRACON& Tower with Radar,19,25,12,12,68,0,0,8,0,8,19,25,20,12,76,4,12,16,92
10/03/2011,EUG,OR,ANM,WE,Combined TRACON& Tower with Radar,26,35,13,1,75,0,1,43,0,44,26,36,56,1,119,50,0,50,169
10/04/2011,EUG,OR,ANM,WE,Combined TRACON& Tower with Radar,15,33,13,18,79,0,4,26,0,30,15,37,39,18,109,24,20,44,153
10/05/2011,EUG,OR,ANM,WE,Combined TRACON& Tower with Radar,17,34,23,2,76,0,1,18,0,19,17,35,41,2,95,28,0,28,123
10/06/2011,EUG,OR,ANM,WE,Combined TRACON& Tower with Radar,22,42,61,0,125,0,3,33,0,36,22,45,94,0,161,0,0,0,161
10/07/2011,EUG,OR,ANM,WE,Combined TRACON& Tower with Radar,21,33,28,9,91,0,2,7,0,9,21,35,35,9,100,4,0,4,104
10/08/2011,EUG,OR,ANM,WE,Combined TRACON& Tower with Radar,12,25,12,0,49,0,4,74,1,79,12,29,86,1,128,58,0,58,186
10/09/2011,EUG,OR,ANM,WE,Combined TRACON& Tower with Radar,20,24,17,0,61,0,0,10,0,10,20,24,27,0,71,2,0,2,73
10/10/2011,EUG,OR,ANM,WE,Combined TRACON& Tower with Radar,20,32,17,0,69,0,0,2,0,2,20,32,19,0,71,0,0,0,71
10/11/2011,EUG,OR,ANM,WE,Combined TRACON& Tower with Radar,16,31,27,23,97,0,4,11,0,15,16,35,38,23,112,0,0,0,112
10/12/2011,EUG,OR,ANM,WE,Combined TRACON& Tower with Radar,15,35,23,7,80,0,3,44,7,54,15,38,67,14,134,20,0,20,154
10/13/2011,EUG,OR,ANM,WE,Combined TRACON& Tower with Radar,19,34,34,31,118,0,3,35,1,39,19,37,69,32,157,22,32,54,211
10/14/2011,EUG,OR,ANM,WE,Combined TRACON& Tower with Radar,21,35,37,14,107,0,1,30,2,33,21,36,67,16,140,8,0,8,148
10/15/2011,EUG,OR,ANM,WE,Combined TRACON& Tower with Radar,12,27,44,12,95,0,0,4,0,4,12,27,48,12,99,0,0,0,99
10/16/2011,EUG,OR,ANM,WE,Combined TRACON& Tower with Radar,21,25,30,0,76,0,0,13,0,13,21,25,43,0,89,0,0,0,89
10/17/2011,EUG,OR,ANM,WE,Combined TRACON& Tower with Radar,20,33,26,0,79,1,2,41,1,45,21,35,67,1,124,40,0,40,164
10/18/2011,EUG,OR,ANM,WE,Combined TRACON& Tower with Radar,15,30,19,13,77,0,4,85,0,89,15,34,104,13,166,78,0,78,244
10/19/2011,EUG,OR,ANM,WE,Combined TRACON& Tower with Radar,15,33,21,0,69,0,1,27,0,28,15,34,48,0,97,58,0,58,155
10/20/2011,EUG,OR,ANM,WE,Combined TRACON& Tower with Radar,19,39,27,0,85,0,1,26,1,28,19,40,53,1,113,0,0,0,113
10/21/2011,EUG,OR,ANM,WE,Combined TRACON& Tower with Radar,21,32,36,10,99,0,1,40,2,43,21,33,76,12,142,140,16,156,298
10/22/2011,EUG,OR,ANM,WE,Combined TRACON& Tower with Radar,14,23,16,1,54,0,0,39,0,39,14,23,55,1,93,32,0,32,125
10/23/2011,EUG,OR,ANM,WE,Combined TRACON& Tower with Radar,21,24,20,11,76,0,0,28,1,29,21,24,48,12,105,22,0,22,127
10/24/2011,EUG,OR,ANM,WE,Combined TRACON& Tower with Radar,19,36,22,0,77,0,8,60,0,68,19,44,82,0,145,40,0,40,185
10/25/2011,EUG,OR,ANM,WE,Combined TRACON& Tower with Radar,15,40,27,0,82,0,2,37,0,39,15,42,64,0,121,46,0,46,167
10/26/2011,EUG,OR,ANM,WE,Combined TRACON& Tower with Radar,18,37,18,0,73,0,2,78,0,80,18,39,96,0,153,92,0,92,245
10/27/2011,EUG,OR,ANM,WE,Combined TRACON& Tower with Radar,22,35,37,5,99,0,4,50,1,55,22,39,87,6,154,118,1,119,273
10/28/2011,EUG,OR,ANM,WE,Combined TRACON& Tower with Radar,23,32,25,0,80,0,1,47,7,55,23,33,72,7,135,78,0,78,213
10/29/2011,EUG,OR,ANM,WE,Combined TRACON& Tower with Radar,14,29,36,0,79,0,0,12,0,12,14,29,48,0,91,8,0,8,99
10/30/2011,EUG,OR,ANM,WE,Combined TRACON& Tower with Radar,23,20,7,0,50,0,0,1,0,1,23,20,8,0,51,0,0,0,51
10/31/2011,EUG,OR,ANM,WE,Combined TRACON& Tower with Radar,20,33,13,0,66,0,0,38,0,38,20,33,51,0,104,114,0,114,218
11/01/2011,EUG,OR,ANM,WE,Combined TRACON& Tower with Radar,17,36,19,0,72,1,1,34,0,36,18,37,53,0,108,52,0,52,160
11/02/2011,EUG,OR,ANM,WE,Combined TRACON& Tower with Radar,17,34,15,1,67,0,1,45,1,47,17,35,60,2,114,58,0,58,172
11/03/2011,EUG,OR,ANM,WE,Combined TRACON& Tower with Radar,19,34,15,5,73,0,1,26,0,27,19,35,41,5,100,100,0,100,200
11/04/2011,EUG,OR,ANM,WE,Combined TRACON& Tower with Radar,24,31,15,1,71,0,0,13,0,13,24,31,28,1,84,93,0,93,177
11/05/2011,EUG,OR,ANM,WE,Combined TRACON& Tower with Radar,11,24,6,27,68,0,0,15,2,17,11,24,21,29,85,28,0,28,113
11/06/2011,EUG,OR,ANM,WE,Combined TRACON& Tower with Radar,24,18,4,0,46,2,0,23,0,25,26,18,27,0,71,22,0,22,93
11/07/2011,EUG,OR,ANM,WE,Combined TRACON& Tower with Radar,23,30,25,0,78,0,1,24,0,25,23,31,49,0,103,104,0,104,207
11/08/2011,EUG,OR,ANM,WE,Combined TRACON& Tower with Radar,13,31,23,0,67,0,1,41,0,42,13,32,64,0,109,88,0,88,197
11/09/2011,EUG,OR,ANM,WE,Combined TRACON& Tower with Radar,17,26,25,34,102,0,2,55,0,57,17,28,80,34,159,110,0,110,269
11/10/2011,EUG,OR,ANM,WE,Combined TRACON& Tower with Radar,23,35,30,2,90,0,0,20,2,22,23,35,50,4,112,26,0,26,138
11/11/2011,EUG,OR,ANM,WE,Combined TRACON& Tower with Radar,24,28,6,1,59,0,1,29,0,30,24,29,35,1,89,22,0,22,111
11/12/2011,EUG,OR,ANM,WE,Combined TRACON& Tower with Radar,20,17,11,0,48,0,0,36,0,36,20,17,47,0,84,24,0,24,108
11/13/2011,EUG,OR,ANM,WE,Combined TRACON& Tower with Radar,26,23,20,0,69,2,0,2,0,4,28,23,22,0,73,12,0,12,85
11/14/2011,EUG,OR,ANM,WE,Combined TRACON& Tower with Radar,22,33,20,0,75,0,0,13,0,13,22,33,33,0,88,50,0,50,138
11/15/2011,EUG,OR,ANM,WE,Combined TRACON& Tower with Radar,15,32,18,11,76,0,1,9,0,10,15,33,27,11,86,94,2,96,182
11/16/2011,EUG,OR,ANM,WE,Combined TRACON& Tower with Radar,21,30,13,0,64,0,0,6,0,6,21,30,19,0,70,20,0,20,90
11/17/2011,EUG,OR,ANM,WE,Combined TRACON& Tower with Radar,20,34,25,0,79,1,1,17,2,21,21,35,42,2,100,24,0,24,124
11/18/2011,EUG,OR,ANM,WE,Combined TRACON& Tower with Radar,26,33,19,4,82,0,0,13,0,13,26,33,32,4,95,26,24,50,145
11/19/2011,EUG,OR,ANM,WE,Combined TRACON& Tower with Radar,18,25,38,11,92,0,4,8,0,12,18,29,46,11,104,61,0,61,165
11/20/2011,EUG,OR,ANM,WE,Combined TRACON& Tower with Radar,20,23,26,2,71,0,0,7,0,7,20,23,33,2,78,0,0,0,78
11/21/2011,EUG,OR,ANM,WE,Combined TRACON& Tower with Radar,19,29,27,0,75,0,2,25,1,28,19,31,52,1,103,22,0,22,125
11/22/2011,EUG,OR,ANM,WE,Combined TRACON& Tower with Radar,13,36,16,0,65,0,2,14,0,16,13,38,30,0,81,6,0,6,87
11/23/2011,EUG,OR,ANM,WE,Combined TRACON& Tower with Radar,23,31,18,0,72,0,1,3,0,4,23,32,21,0,76,0,0,0,76
11/24/2011,EUG,OR,ANM,WE,Combined TRACON& Tower with Radar,15,10,6,0,31,0,0,5,0,5,15,10,11,0,36,4,0,4,40
11/25/2011,EUG,OR,ANM,WE,Combined TRACON& Tower with Radar,19,30,16,0,65,3,1,40,0,44,22,31,56,0,109,24,0,24,133
11/26/2011,EUG,OR,ANM,WE,Combined TRACON& Tower with Radar,22,28,50,0,100,0,0,53,0,53,22,28,103,0,153,66,0,66,219
11/27/2011,EUG,OR,ANM,WE,Combined TRACON& Tower with Radar,19,21,12,0,52,0,0,11,0,11,19,21,23,0,63,18,0,18,81
11/28/2011,EUG,OR,ANM,WE,Combined TRACON& Tower with Radar,23,31,32,14,100,0,0,5,0,5,23,31,37,14,105,6,0,6,111
11/29/2011,EUG,OR,ANM,WE,Combined TRACON& Tower with Radar,16,36,31,23,106,0,1,11,0,12,16,37,42,23,118,54,0,54,172
11/30/2011,EUG,OR,ANM,WE,Combined TRACON& Tower with Radar,16,34,20,3,73,0,1,45,2,48,16,35,65,5,121,92,0,92,213
12/01/2011,EUG,OR,ANM,WE,Combined TRACON& Tower with Radar,23,30,35,11,99,6,2,36,1,45,29,32,71,12,144,54,0,54,198
12/02/2011,EUG,OR,ANM,WE,Combined TRACON& Tower with Radar,26,38,56,0,120,0,3,27,0,30,26,41,83,0,150,2,0,2,152
12/03/2011,EUG,OR,ANM,WE,Combined TRACON& Tower with Radar,11,18,20,2,51,0,0,1,0,1,11,18,21,2,52,0,0,0,52
12/04/2011,EUG,OR,ANM,WE,Combined TRACON& Tower with Radar,18,25,26,2,71,0,0,3,0,3,18,25,29,2,74,0,0,0,74
12/05/2011,EUG,OR,ANM,WE,Combined TRACON& Tower with Radar,22,29,12,0,63,0,1,27,0,28,22,30,39,0,91,30,0,30,121
12/06/2011,EUG,OR,ANM,WE,Combined TRACON& Tower with Radar,14,21,10,0,45,0,0,0,0,0,14,21,10,0,45,0,0,0,45
12/07/2011,EUG,OR,ANM,WE,Combined TRACON& Tower with Radar,18,31,63,2,114,0,0,0,0,0,18,31,63,2,114,0,0,0,114
12/08/2011,EUG,OR,ANM,WE,Combined TRACON& Tower with Radar,22,35,30,2,89,0,0,3,0,3,22,35,33,2,92,0,0,0,92
12/09/2011,EUG,OR,ANM,WE,Combined TRACON& Tower with Radar,22,28,24,4,78,0,0,0,0,0,22,28,24,4,78,0,0,0,78
12/10/2011,EUG,OR,ANM,WE,Combined TRACON& Tower with Radar,10,17,21,2,50,0,0,3,0,3,10,17,24,2,53,0,0,0,53
12/11/2011,EUG,OR,ANM,WE,Combined TRACON& Tower with Radar,18,25,26,2,71,0,0,1,0,1,18,25,27,2,72,22,0,22,94
12/12/2011,EUG,OR,ANM,WE,Combined TRACON& Tower with Radar,22,29,11,0,62,0,1,36,0,37,22,30,47,0,99,52,0,52,151
12/13/2011,EUG,OR,ANM,WE,Combined TRACON& Tower with Radar,14,27,17,12,70,0,1,53,0,54,14,28,70,12,124,72,0,72,196
12/14/2011,EUG,OR,ANM,WE,Combined TRACON& Tower with Radar,18,34,21,6,79,0,2,26,0,28,18,36,47,6,107,10,0,10,117
12/15/2011,EUG,OR,ANM,WE,Combined TRACON& Tower with Radar,19,40,18,32,109,0,3,5,15,23,19,43,23,47,132,0,0,0,132
12/16/2011,EUG,OR,ANM,WE,Combined TRACON& Tower with Radar,20,27,20,4,71,0,0,0,0,0,20,27,20,4,71,0,0,0,71
12/17/2011,EUG,OR,ANM,WE,Combined TRACON& Tower with Radar,14,23,7,1,45,0,0,0,0,0,14,23,7,1,45,0,0,0,45
12/18/2011,EUG,OR,ANM,WE,Combined TRACON& Tower with Radar,15,23,7,0,45,0,0,0,0,0,15,23,7,0,45,0,0,0,45
12/19/2011,EUG,OR,ANM,WE,Combined TRACON& Tower with Radar,20,33,20,7,80,0,0,0,0,0,20,33,20,7,80,0,0,0,80
12/20/2011,EUG,OR,ANM,WE,Combined TRACON& Tower with Radar,14,39,13,4,70,0,0,5,0,5,14,39,18,4,75,0,0,0,75
12/21/2011,EUG,OR,ANM,WE,Combined TRACON& Tower with Radar,20,32,17,12,81,0,0,3,0,3,20,32,20,12,84,0,0,0,84
12/22/2011,EUG,OR,ANM,WE,Combined TRACON& Tower with Radar,14,34,9,0,57,0,4,26,0,30,14,38,35,0,87,52,0,52,139
12/23/2011,EUG,OR,ANM,WE,Combined TRACON& Tower with Radar,21,34,16,0,71,0,3,33,0,36,21,37,49,0,107,36,0,36,143
12/24/2011,EUG,OR,ANM,WE,Combined TRACON& Tower with Radar,11,24,15,0,50,0,0,19,0,19,11,24,34,0,69,0,0,0,69
12/25/2011,EUG,OR,ANM,WE,Combined TRACON& Tower with Radar,12,19,1,0,32,0,0,3,0,3,12,19,4,0,35,0,0,0,35
12/26/2011,EUG,OR,ANM,WE,Combined TRACON& Tower with Radar,21,28,8,0,57,0,0,0,0,0,21,28,8,0,57,0,0,0,57
12/27/2011,EUG,OR,ANM,WE,Combined TRACON& Tower with Radar,16,36,11,8,71,0,1,7,0,8,16,37,18,8,79,0,0,0,79
12/28/2011,EUG,OR,ANM,WE,Combined TRACON& Tower with Radar,19,39,5,10,73,0,0,4,0,4,19,39,9,10,77,0,0,0,77
12/29/2011,EUG,OR,ANM,WE,Combined TRACON& Tower with Radar,14,37,10,0,61,0,0,2,0,2,14,37,12,0,63,0,0,0,63
12/30/2011,EUG,OR,ANM,WE,Combined TRACON& Tower with Radar,18,31,9,0,58,0,1,2,0,3,18,32,11,0,61,0,0,0,61
12/31/2011,EUG,OR,ANM,WE,Combined TRACON& Tower with Radar,20,24,6,0,50,0,0,1,0,1,20,24,7,0,51,0,0,0,51
01/01/2012,EUG,OR,ANM,WE,Combined TRACON& Tower with Radar,12,23,9,0,44,0,0,4,0,4,12,23,13,0,48,0,0,0,48
01/02/2012,EUG,OR,ANM,WE,Combined TRACON& Tower with Radar,19,26,15,0,60,0,0,11,0,11,19,26,26,0,71,8,0,8,79
01/03/2012,EUG,OR,ANM,WE,Combined TRACON& Tower with Radar,24,32,17,24,97,0,0,42,3,45,24,32,59,27,142,26,16,42,184
01/04/2012,EUG,OR,ANM,WE,Combined TRACON& Tower with Radar,18,28,8,11,65,0,3,21,0,24,18,31,29,11,89,4,0,4,93
01/05/2012,EUG,OR,ANM,WE,Combined TRACON& Tower with Radar,20,28,16,8,72,0,1,11,0,12,20,29,27,8,84,20,10,30,114
01/06/2012,EUG,OR,ANM,WE,Combined TRACON& Tower with Radar,22,29,18,0,69,0,0,5,0,5,22,29,23,0,74,12,0,12,86
01/07/2012,EUG,OR,ANM,WE,Combined TRACON& Tower with Radar,10,20,7,4,41,4,0,18,0,22,14,20,25,4,63,26,0,26,89
01/08/2012,EUG,OR,ANM,WE,Combined TRACON& Tower with Radar,18,16,9,4,47,0,0,0,0,0,18,16,9,4,47,0,0,0,47
01/09/2012,EUG,OR,ANM,WE,Combined TRACON& Tower with Radar,25,31,22,14,92,0,1,53,0,54,25,32,75,14,146,104,0,104,250
01/10/2012,EUG,OR,ANM,WE,Combined TRACON& Tower with Radar,18,27,28,4,77,0,0,57,0,57,18,27,85,4,134,43,0,43,177
01/11/2012,EUG,OR,ANM,WE,Combined TRACON& Tower with Radar,19,29,14,18,80,25,1,61,0,87,44,30,75,18,167,88,0,88,255
01/12/2012,EUG,OR,ANM,WE,Combined TRACON& Tower with Radar,24,34,11,27,96,0,2,97,0,99,24,36,108,27,195,114,24,138,333
01/13/2012,EUG,OR,ANM,WE,Combined TRACON& Tower with Radar,23,30,18,32,103,0,0,106,0,106,23,30,124,32,209,164,0,164,373
01/14/2012,EUG,OR,ANM,WE,Combined TRACON& Tower with Radar,10,25,12,0,47,0,0,32,2,34,10,25,44,2,81,24,0,24,105
01/15/2012,EUG,OR,ANM,WE,Combined TRACON& Tower with Radar,12,24,7,0,43,0,0,1,0,1,12,24,8,0,44,0,0,0,44
01/16/2012,EUG,OR,ANM,WE,Combined TRACON& Tower with Radar,21,29,12,0,62,0,0,3,0,3,21,29,15,0,65,0,0,0,65
01/17/2012,EUG,OR,ANM,WE,Combined TRACON& Tower with Radar,13,30,3,0,46,0,0,0,0,0,13,30,3,0,46,0,0,0,46
01/18/2012,EUG,OR,ANM,WE,Combined TRACON& Tower with Radar,17,25,4,0,46,0,0,2,0,2,17,25,6,0,48,0,0,0,48
01/19/2012,EUG,OR,ANM,WE,Combined TRACON& Tower with Radar,15,30,15,0,60,0,1,3,0,4,15,31,18,0,64,0,0,0,64
01/20/2012,EUG,OR,ANM,WE,Combined TRACON& Tower with Radar,27,31,22,12,92,0,1,13,0,14,27,32,35,12,106,72,20,92,198
01/21/2012,EUG,OR,ANM,WE,Combined TRACON& Tower with Radar,14,26,14,31,85,0,0,15,5,20,14,26,29,36,105,12,22,34,139
01/22/2012,EUG,OR,ANM,WE,Combined TRACON& Tower with Radar,18,21,12,14,65,0,0,0,0,0,18,21,12,14,65,0,0,0,65
01/23/2012,EUG,OR,ANM,WE,Combined TRACON& Tower with Radar,22,31,37,41,131,0,0,0,0,0,22,31,37,41,131,0,0,0,131
01/24/2012,EUG,OR,ANM,WE,Combined TRACON& Tower with Radar,17,27,15,17,76,0,0,1,0,1,17,27,16,17,77,0,0,0,77
01/25/2012,EUG,OR,ANM,WE,Combined TRACON& Tower with Radar,21,25,39,17,102,0,3,84,1,88,21,28,123,18,190,88,4,92,282
01/26/2012,EUG,OR,ANM,WE,Combined TRACON& Tower with Radar,20,25,25,20,90,0,4,68,1,73,20,29,93,21,163,56,4,60,223
01/27/2012,EUG,OR,ANM,WE,Combined TRACON& Tower with Radar,24,33,35,13,105,0,2,43,0,45,24,35,78,13,150,50,0,50,200
01/28/2012,EUG,OR,ANM,WE,Combined TRACON& Tower with Radar,13,23,21,0,57,3,1,84,1,89,16,24,105,1,146,124,0,124,270
01/29/2012,EUG,OR,ANM,WE,Combined TRACON& Tower with Radar,20,23,7,0,50,7,0,29,0,36,27,23,36,0,86,82,0,82,168
01/30/2012,EUG,OR,ANM,WE,Combined TRACON& Tower with Radar,24,31,17,13,85,0,0,38,0,38,24,31,55,13,123,82,0,82,205
01/31/2012,EUG,OR,ANM,WE,Combined TRACON& Tower with Radar,19,25,29,6,79,0,3,64,0,67,19,28,93,6,146,92,0,92,238
02/01/2012,EUG,OR,ANM,WE,Combined TRACON& Tower with Radar,18,27,28,13,86,0,3,56,0,59,18,30,84,13,145,80,0,80,225
02/02/2012,EUG,OR,ANM,WE,Combined TRACON& Tower with Radar,19,26,14,5,64,0,1,53,0,54,19,27,67,5,118,94,0,94,212
02/03/2012,EUG,OR,ANM,WE,Combined TRACON& Tower with Radar,23,29,17,21,90,0,0,105,1,106,23,29,122,22,196,76,0,76,272
02/04/2012,EUG,OR,ANM,WE,Combined TRACON& Tower with Radar,12,28,11,2,53,0,1,94,0,95,12,29,105,2,148,98,0,98,246
02/05/2012,EUG,OR,ANM,WE,Combined TRACON& Tower with Radar,18,20,12,0,50,0,1,58,0,59,18,21,70,0,109,20,0,20,129
02/06/2012,EUG,OR,ANM,WE,Combined TRACON& Tower with Radar,23,32,17,3,75,0,0,62,0,62,23,32,79,3,137,44,0,44,181
02/07/2012,EUG,OR,ANM,WE,Combined TRACON& Tower with Radar,16,27,26,8,77,0,1,48,1,50,16,28,74,9,127,0,0,0,127
02/08/2012,EUG,OR,ANM,WE,Combined TRACON& Tower with Radar,18,27,11,7,63,0,0,4,0,4,18,27,15,7,67,30,0,30,97
02/09/2012,EUG,OR,ANM,WE,Combined TRACON& Tower with Radar,18,30,34,8,90,0,0,1,0,1,18,30,35,8,91,0,0,0,91
02/10/2012,EUG,OR,ANM,WE,Combined TRACON& Tower with Radar,22,28,24,4,78,0,0,7,0,7,22,28,31,4,85,6,0,6,91
02/11/2012,EUG,OR,ANM,WE,Combined TRACON& Tower with Radar,11,23,35,0,69,0,0,43,0,43,11,23,78,0,112,22,0,22,134
02/12/2012,EUG,OR,ANM,WE,Combined TRACON& Tower with Radar,19,20,11,7,57,0,0,42,0,42,19,20,53,7,99,2,0,2,101
02/13/2012,EUG,OR,ANM,WE,Combined TRACON& Tower with Radar,23,31,4,10,68,0,1,21,0,22,23,32,25,10,90,42,0,42,132
02/14/2012,EUG,OR,ANM,WE,Combined TRACON& Tower with Radar,18,25,4,22,69,0,0,15,1,16,18,25,19,23,85,22,0,22,107
02/15/2012,EUG,OR,ANM,WE,Combined TRACON& Tower with Radar,17,30,26,3,76,4,1,25,0,30,21,31,51,3,106,36,0,36,142
02/16/2012,EUG,OR,ANM,WE,Combined TRACON& Tower with Radar,18,38,23,19,98,5,0,7,0,12,23,38,30,19,110,54,0,54,164
02/17/2012,EUG,OR,ANM,WE,Combined TRACON& Tower with Radar,17,32,36,14,99,0,1,3,0,4,17,33,39,14,103,0,0,0,103
02/18/2012,EUG,OR,ANM,WE,Combined TRACON& Tower with Radar,8,22,10,0,40,0,0,6,0,6,8,22,16,0,46,0,0,0,46
02/19/2012,EUG,OR,ANM,WE,Combined TRACON& Tower with Radar,20,24,11,0,55,0,0,39,0,39,20,24,50,0,94,26,0,26,120
02/20/2012,EUG,OR,ANM,WE,Combined TRACON& Tower with Radar,17,31,8,0,56,0,1,3,2,6,17,32,11,2,62,4,0,4,66
02/21/2012,EUG,OR,ANM,WE,Combined TRACON& Tower with Radar,16,32,30,5,83,0,1,10,1,12,16,33,40,6,95,24,2,26,121
02/22/2012,EUG,OR,ANM,WE,Combined TRACON& Tower with Radar,13,31,16,1,61,0,2,6,0,8,13,33,22,1,69,6,0,6,75
02/23/2012,EUG,OR,ANM,WE,Combined TRACON& Tower with Radar,19,33,37,10,99,15,3,46,2,66,34,36,83,12,165,61,0,61,226
02/24/2012,EUG,OR,ANM,WE,Combined TRACON& Tower with Radar,17,31,33,0,81,0,2,30,0,32,17,33,63,0,113,44,0,44,157
02/25/2012,EUG,OR,ANM,WE,Combined TRACON& Tower with Radar,9,26,10,17,62,0,0,2,0,2,9,26,12,17,64,0,0,0,64
02/26/2012,EUG,OR,ANM,WE,Combined TRACON& Tower with Radar,22,27,16,15,80,0,0,7,0,7,22,27,23,15,87,16,18,34,121
02/27/2012,EUG,OR,ANM,WE,Combined TRACON& Tower with Radar,16,34,15,6,71,14,0,30,0,44,30,34,45,6,115,121,0,121,236
02/28/2012,EUG,OR,ANM,WE,Combined TRACON& Tower with Radar,11,39,10,0,60,0,0,1,0,1,11,39,11,0,61,0,0,0,61
02/29/2012,EUG,OR,ANM,WE,Combined TRACON& Tower with Radar,12,32,10,1,55,0,1,1,0,2,12,33,11,1,57,10,0,10,67
03/01/2012,EUG,OR,ANM,WE,Combined TRACON& Tower with Radar,18,36,21,2,77,0,2,28,1,31,18,38,49,3,108,32,0,32,140
03/02/2012,EUG,OR,ANM,WE,Combined TRACON& Tower with Radar,19,32,14,2,67,0,1,43,0,44,19,33,57,2,111,64,0,64,175
03/03/2012,EUG,OR,ANM,WE,Combined TRACON& Tower with Radar,10,20,26,0,56,0,1,53,0,54,10,21,79,0,110,102,0,102,212
03/04/2012,EUG,OR,ANM,WE,Combined TRACON& Tower with Radar,17,14,20,0,51,0,0,5,0,5,17,14,25,0,56,0,0,0,56
03/05/2012,EUG,OR,ANM,WE,Combined TRACON& Tower with Radar,27,28,7,0,62,0,0,3,0,3,27,28,10,0,65,0,0,0,65
03/06/2012,EUG,OR,ANM,WE,Combined TRACON& Tower with Radar,17,33,10,19,79,0,1,14,0,15,17,34,24,19,94,18,0,18,112
03/07/2012,EUG,OR,ANM,WE,Combined TRACON& Tower with Radar,17,34,26,29,106,0,1,76,2,79,17,35,102,31,185,28,22,50,235
03/08/2012,EUG,OR,ANM,WE,Combined TRACON& Tower with Radar,24,28,23,1,76,0,3,74,0,77,24,31,97,1,153,58,0,58,211
03/09/2012,EUG,OR,ANM,WE,Combined TRACON& Tower with Radar,22,31,31,16,100,0,1,43,2,46,22,32,74,18,146,30,0,30,176
03/10/2012,EUG,OR,ANM,WE,Combined TRACON& Tower with Radar,15,24,9,0,48,0,0,10,0,10,15,24,19,0,58,24,0,24,82
03/11/2012,EUG,OR,ANM,WE,Combined TRACON& Tower with Radar,21,21,5,0,47,0,0,0,0,0,21,21,5,0,47,0,0,0,47
03/12/2012,EUG,OR,ANM,WE,Combined TRACON& Tower with Radar,23,32,8,0,63,0,0,0,1,1,23,32,8,1,64,0,0,0,64
03/13/2012,EUG,OR,ANM,WE,Combined TRACON& Tower with Radar,16,28,16,6,66,0,2,2,0,4,16,30,18,6,70,0,0,0,70
03/14/2012,EUG,OR,ANM,WE,Combined TRACON& Tower with Radar,14,28,23,6,71,0,1,31,0,32,14,29,54,6,103,62,46,108,211
03/15/2012,EUG,OR,ANM,WE,Combined TRACON& Tower with Radar,22,25,21,0,68,0,1,1,0,2,22,26,22,0,70,0,0,0,70
03/16/2012,EUG,OR,ANM,WE,Combined TRACON& Tower with Radar,20,26,22,0,68,0,1,26,0,27,20,27,48,0,95,42,0,42,137
03/17/2012,EUG,OR,ANM,WE,Combined TRACON& Tower with Radar,13,16,7,1,37,0,0,16,0,16,13,16,23,1,53,42,0,42,95
03/18/2012,EUG,OR,ANM,WE,Combined TRACON& Tower with Radar,20,20,9,0,49,0,0,3,0,3,20,20,12,0,52,4,0,4,56
03/19/2012,EUG,OR,ANM,WE,Combined TRACON& Tower with Radar,22,34,8,0,64,1,1,11,3,16,23,35,19,3,80,36,0,36,116
03/20/2012,EUG,OR,ANM,WE,Combined TRACON& Tower with Radar,15,32,21,1,69,0,0,0,1,1,15,32,21,2,70,0,0,0,70
03/21/2012,EUG,OR,ANM,WE,Combined TRACON& Tower with Radar,16,31,5,0,52,0,0,0,0,0,16,31,5,0,52,0,0,0,52
03/22/2012,EUG,OR,ANM,WE,Combined TRACON& Tower with Radar,24,34,31,18,107,0,6,22,0,28,24,40,53,18,135,26,18,44,179
03/23/2012,EUG,OR,ANM,WE,Combined TRACON& Tower with Radar,22,34,35,0,91,2,1,32,1,36,24,35,67,1,127,38,0,38,165
03/24/2012,EUG,OR,ANM,WE,Combined TRACON& Tower with Radar,18,19,28,0,65,0,0,34,0,34,18,19,62,0,99,60,0,60,159
03/25/2012,EUG,OR,ANM,WE,Combined TRACON& Tower with Radar,20,27,10,0,57,0,0,1,0,1,20,27,11,0,58,0,0,0,58
03/26/2012,EUG,OR,ANM,WE,Combined TRACON& Tower with Radar,19,34,19,1,73,0,0,11,0,11,19,34,30,1,84,16,0,16,100
03/27/2012,EUG,OR,ANM,WE,Combined TRACON& Tower with Radar,13,30,18,8,69,0,2,5,0,7,13,32,23,8,76,4,0,4,80
03/28/2012,EUG,OR,ANM,WE,Combined TRACON& Tower with Radar,13,34,12,11,70,0,1,21,0,22,13,35,33,11,92,0,42,42,134
03/29/2012,EUG,OR,ANM,WE,Combined TRACON& Tower with Radar,21,31,6,8,66,0,0,3,0,3,21,31,9,8,69,0,0,0,69
03/30/2012,EUG,OR,ANM,WE,Combined TRACON& Tower with Radar,18,30,14,8,70,0,0,2,0,2,18,30,16,8,72,0,0,0,72
03/31/2012,EUG,OR,ANM,WE,Combined TRACON& Tower with Radar,13,20,13,12,58,0,0,20,0,20,13,20,33,12,78,36,0,36,114
04/01/2012,EUG,OR,ANM,WE,Combined TRACON& Tower with Radar,22,27,20,2,71,0,0,1,0,1,22,27,21,2,72,0,0,0,72
04/02/2012,EUG,OR,ANM,WE,Combined TRACON& Tower with Radar,21,35,19,25,100,0,3,101,3,107,21,38,120,28,207,76,14,90,297
04/03/2012,EUG,OR,ANM,WE,Combined TRACON& Tower with Radar,21,28,11,14,74,0,2,3,0,5,21,30,14,14,79,0,18,18,97
04/04/2012,EUG,OR,ANM,WE,Combined TRACON& Tower with Radar,17,31,12,14,74,0,1,5,0,6,17,32,17,14,80,0,0,0,80
04/05/2012,EUG,OR,ANM,WE,Combined TRACON& Tower with Radar,23,33,9,2,67,0,0,15,0,15,23,33,24,2,82,0,0,0,82
04/06/2012,EUG,OR,ANM,WE,Combined TRACON& Tower with Radar,18,30,18,0,66,0,2,56,1,59,18,32,74,1,125,76,0,76,201
04/07/2012,EUG,OR,ANM,WE,Combined TRACON& Tower with Radar,12,20,32,0,64,0,1,77,0,78,12,21,109,0,142,42,0,42,184
04/08/2012,EUG,OR,ANM,WE,Combined TRACON& Tower with Radar,21,21,7,0,49,0,0,29,0,29,21,21,36,0,78,42,0,42,120
04/09/2012,EUG,OR,ANM,WE,Combined TRACON& Tower with Radar,20,30,19,0,69,0,2,60,0,62,20,32,79,0,131,0,0,0,131
04/10/2012,EUG,OR,ANM,WE,Combined TRACON& Tower with Radar,18,24,23,2,67,0,2,29,0,31,18,26,52,2,98,32,0,32,130
04/11/2012,EUG,OR,ANM,WE,Combined TRACON& Tower with Radar,17,31,25,1,74,0,1,6,0,7,17,32,31,1,81,22,0,22,103
04/12/2012,EUG,OR,ANM,WE,Combined TRACON& Tower with Radar,23,26,13,10,72,8,2,35,0,45,31,28,48,10,117,48,0,48,165
04/13/2012,EUG,OR,ANM,WE,Combined TRACON& Tower with Radar,24,31,22,0,77,0,0,17,0,17,24,31,39,0,94,34,0,34,128
04/14/2012,EUG,OR,ANM,WE,Combined TRACON& Tower with Radar,14,19,18,7,58,0,0,86,0,86,14,19,104,7,144,64,0,64,208
04/15/2012,EUG,OR,ANM,WE,Combined TRACON& Tower with Radar,23,21,13,5,62,0,0,36,1,37,23,21,49,6,99,66,12,78,177
04/16/2012,EUG,OR,ANM,WE,Combined TRACON& Tower with Radar,22,29,20,2,73,0,1,11,0,12,22,30,31,2,85,10,0,10,95
04/17/2012,EUG,OR,ANM,WE,Combined TRACON& Tower with Radar,16,31,26,10,83,0,1,19,0,20,16,32,45,10,103,52,14,66,169
04/18/2012,EUG,OR,ANM,WE,Combined TRACON& Tower with Radar,17,30,21,2,70,0,1,34,0,35,17,31,55,2,105,96,0,96,201
04/19/2012,EUG,OR,ANM,WE,Combined TRACON& Tower with Radar,23,32,28,4,87,0,1,0,1,2,23,33,28,5,89,0,0,0,89
04/20/2012,EUG,OR,ANM,WE,Combined TRACON& Tower with Radar,24,29,16,10,79,0,1,58,0,59,24,30,74,10,138,98,16,114,252
04/21/2012,EUG,OR,ANM,WE,Combined TRACON& Tower with Radar,14,26,22,0,62,0,0,33,2,35,14,26,55,2,97,66,0,66,163
04/22/2012,EUG,OR,ANM,WE,Combined TRACON& Tower with Radar,24,17,10,6,57,0,0,34,0,34,24,17,44,6,91,0,0,0,91
04/23/2012,EUG,OR,ANM,WE,Combined TRACON& Tower with Radar,21,27,9,19,76,0,1,98,1,100,21,28,107,20,176,68,0,68,244
04/24/2012,EUG,OR,ANM,WE,Combined TRACON& Tower with Radar,17,29,34,5,85,0,1,37,0,38,17,30,71,5,123,90,0,90,213
04/25/2012,EUG,OR,ANM,WE,Combined TRACON& Tower with Radar,17,29,18,30,94,1,1,42,0,44,18,30,60,30,138,73,51,124,262
04/26/2012,EUG,OR,ANM,WE,Combined TRACON& Tower with Radar,25,29,17,13,84,0,2,10,0,12,25,31,27,13,96,26,0,26,122
04/27/2012,EUG,OR,ANM,WE,Combined TRACON& Tower with Radar,22,26,24,8,80,0,1,32,1,34,22,27,56,9,114,26,0,26,140
04/28/2012,EUG,OR,ANM,WE,Combined TRACON& Tower with Radar,14,22,36,0,72,0,0,65,1,66,14,22,101,1,138,126,0,126,264
04/29/2012,EUG,OR,ANM,WE,Combined TRACON& Tower with Radar,23,19,17,0,59,0,0,28,0,28,23,19,45,0,87,48,18,66,153
04/30/2012,EUG,OR,ANM,WE,Combined TRACON& Tower with Radar,23,27,29,6,85,0,1,13,0,14,23,28,42,6,99,14,0,14,113
05/01/2012,EUG,OR,ANM,WE,Combined TRACON& Tower with Radar,20,26,21,23,90,0,1,17,2,20,20,27,38,25,110,48,0,48,158
05/02/2012,EUG,OR,ANM,WE,Combined TRACON& Tower with Radar,22,27,27,2,78,0,2,42,31,75,22,29,69,33,153,66,44,110,263
05/03/2012,EUG,OR,ANM,WE,Combined TRACON& Tower with Radar,26,24,25,16,91,0,1,6,0,7,26,25,31,16,98,0,2,2,100
05/04/2012,EUG,OR,ANM,WE,Combined TRACON& Tower with Radar,23,24,20,2,69,0,1,8,1,10,23,25,28,3,79,8,0,8,87
05/05/2012,EUG,OR,ANM,WE,Combined TRACON& Tower with Radar,14,18,25,0,57,0,2,83,0,85,14,20,108,0,142,118,0,118,260
05/06/2012,EUG,OR,ANM,WE,Combined TRACON& Tower with Radar,25,15,6,19,65,0,4,39,0,43,25,19,45,19,108,24,8,32,140
05/07/2012,EUG,OR,ANM,WE,Combined TRACON& Tower with Radar,25,24,17,9,75,0,1,89,1,91,25,25,106,10,166,98,12,110,276
05/08/2012,EUG,OR,ANM,WE,Combined TRACON& Tower with Radar,21,27,17,7,72,0,2,88,3,93,21,29,105,10,165,122,12,134,299
05/09/2012,EUG,OR,ANM,WE,Combined TRACON& Tower with Radar,23,26,21,2,72,0,3,50,0,53,23,29,71,2,125,92,0,92,217
05/10/2012,EUG,OR,ANM,WE,Combined TRACON& Tower with Radar,28,24,13,12,77,0,6,92,2,100,28,30,105,14,177,118,0,118,295
05/11/2012,EUG,OR,ANM,WE,Combined TRACON& Tower with Radar,25,23,23,1,72,0,2,104,0,106,25,25,127,1,178,72,0,72,250
05/12/2012,EUG,OR,ANM,WE,Combined TRACON& Tower with Radar,15,23,15,0,53,0,2,109,0,111,15,25,124,0,164,98,0,98,262
05/13/2012,EUG,OR,ANM,WE,Combined TRACON& Tower with Radar,25,17,16,0,58,0,0,39,1,40,25,17,55,1,98,56,0,56,154
05/14/2012,EUG,OR,ANM,WE,Combined TRACON& Tower with Radar,24,27,21,8,80,0,2,36,0,38,24,29,57,8,118,42,10,52,170
05/15/2012,EUG,OR,ANM,WE,Combined TRACON& Tower with Radar,20,26,31,7,84,0,6,55,2,63,20,32,86,9,147,84,0,84,231
05/16/2012,EUG,OR,ANM,WE,Combined TRACON& Tower with Radar,22,23,12,0,57,0,3,104,1,108,22,26,116,1,165,102,0,102,267
05/17/2012,EUG,OR,ANM,WE,Combined TRACON& Tower with Radar,22,24,16,6,68,0,3,88,3,94,22,27,104,9,162,104,58,162,324
05/18/2012,EUG,OR,ANM,WE,Combined TRACON& Tower with Radar,28,19,23,4,74,0,4,104,3,111,28,23,127,7,185,120,0,120,305
05/19/2012,EUG,OR,ANM,WE,Combined TRACON& Tower with Radar,13,18,9,0,40,1,2,72,0,75,14,20,81,0,115,68,0,68,183
05/20/2012,EUG,OR,ANM,WE,Combined TRACON& Tower with Radar,22,14,10,0,46,0,0,21,0,21,22,14,31,0,67,34,0,34,101
05/21/2012,EUG,OR,ANM,WE,Combined TRACON& Tower with Radar,31,24,19,0,74,0,1,2,0,3,31,25,21,0,77,0,0,0,77
05/22/2012,EUG,OR,ANM,WE,Combined TRACON& Tower with Radar,20,26,14,8,68,0,1,17,0,18,20,27,31,8,86,52,0,52,138
05/23/2012,EUG,OR,ANM,WE,Combined TRACON& Tower with Radar,17,29,37,0,83,0,2,34,0,36,17,31,71,0,119,28,0,28,147
05/24/2012,EUG,OR,ANM,WE,Combined TRACON& Tower with Radar,21,27,44,0,92,0,1,2,0,3,21,28,46,0,95,12,0,12,107
05/25/2012,EUG,OR,ANM,WE,Combined TRACON& Tower with Radar,29,23,18,1,71,0,1,37,0,38,29,24,55,1,109,118,0,118,227
05/26/2012,EUG,OR,ANM,WE,Combined TRACON& Tower with Radar,14,18,35,0,67,0,1,28,0,29,14,19,63,0,96,80,0,80,176
05/27/2012,EUG,OR,ANM,WE,Combined TRACON& Tower with Radar,19,12,14,0,45,0,0,18,0,18,19,12,32,0,63,17,0,17,80
05/28/2012,EUG,OR,ANM,WE,Combined TRACON& Tower with Radar,27,16,8,2,53,0,0,52,2,54,27,16,60,4,107,58,0,58,165
05/29/2012,EUG,OR,ANM,WE,Combined TRACON& Tower with Radar,18,26,22,4,70,0,1,63,0,64,18,27,85,4,134,120,0,120,254
05/30/2012,EUG,OR,ANM,WE,Combined TRACON& Tower with Radar,31,26,16,0,73,0,2,81,0,83,31,28,97,0,156,82,0,82,238
05/31/2012,EUG,OR,ANM,WE,Combined TRACON& Tower with Radar,23,32,31,6,92,0,3,106,6,115,23,35,137,12,207,82,34,116,323
06/01/2012,EUG,OR,ANM,WE,Combined TRACON& Tower with Radar,29,26,27,10,92,0,1,41,4,46,29,27,68,14,138,74,32,106,244
06/02/2012,EUG,OR,ANM,WE,Combined TRACON& Tower with Radar,15,20,30,6,71,0,1,39,0,40,15,21,69,6,111,50,0,50,161
06/03/2012,EUG,OR,ANM,WE,Combined TRACON& Tower with Radar,24,18,15,4,61,0,0,28,0,28,24,18,43,4,89,17,0,17,106
06/04/2012,EUG,OR,ANM,WE,Combined TRACON& Tower with Radar,29,28,13,4,74,0,1,3,0,4,29,29,16,4,78,2,0,2,80
06/05/2012,EUG,OR,ANM,WE,Combined TRACON& Tower with Radar,19,27,23,8,77,0,2,34,1,37,19,29,57,9,114,54,0,54,168
06/06/2012,EUG,OR,ANM,WE,Combined TRACON& Tower with Radar,19,27,21,2,69,0,1,69,0,70,19,28,90,2,139,66,0,66,205
06/07/2012,EUG,OR,ANM,WE,Combined TRACON& Tower with Radar,27,31,21,3,82,0,2,28,7,37,27,33,49,10,119,46,78,124,243
06/08/2012,EUG,OR,ANM,WE,Combined TRACON& Tower with Radar,28,35,9,0,72,0,1,35,0,36,28,36,44,0,108,34,0,34,142
06/09/2012,EUG,OR,ANM,WE,Combined TRACON& Tower with Radar,19,22,15,0,56,0,0,51,0,51,19,22,66,0,107,44,0,44,151
06/10/2012,EUG,OR,ANM,WE,Combined TRACON& Tower with Radar,22,24,13,0,59,0,0,50,0,50,22,24,63,0,109,24,0,24,133
06/11/2012,EUG,OR,ANM,WE,Combined TRACON& Tower with Radar,30,28,15,3,76,0,2,73,0,75,30,30,88,3,151,44,0,44,195
06/12/2012,EUG,OR,ANM,WE,Combined TRACON& Tower with Radar,22,29,33,2,86,0,1,20,0,21,22,30,53,2,107,16,0,16,123
06/13/2012,EUG,OR,ANM,WE,Combined TRACON& Tower with Radar,24,30,23,11,88,0,4,49,1,54,24,34,72,12,142,58,32,90,232
06/14/2012,EUG,OR,ANM,WE,Combined TRACON& Tower with Radar,24,30,21,7,82,0,4,90,1,95,24,34,111,8,177,130,6,136,313
06/15/2012,EUG,OR,ANM,WE,Combined TRACON& Tower with Radar,29,33,24,0,86,3,3,83,2,91,32,36,107,2,177,92,2,94,271
06/16/2012,EUG,OR,ANM,WE,Combined TRACON& Tower with Radar,0,0,0,0,0,0,1,24,0,25,0,1,24,0,25,92,0,92,117
06/17/2012,EUG,OR,ANM,WE,Combined TRACON& Tower with Radar,0,0,0,0,0,0,0,7,0,7,0,0,7,0,7,4,0,4,11
06/18/2012,EUG,OR,ANM,WE,Combined TRACON& Tower with Radar,26,22,19,0,67,0,4,18,0,22,26,26,37,0,89,54,0,54,143
06/19/2012,EUG,OR,ANM,WE,Combined TRACON& Tower with Radar,22,36,22,6,86,0,1,17,0,18,22,37,39,6,104,14,0,14,118
06/20/2012,EUG,OR,ANM,WE,Combined TRACON& Tower with Radar,25,27,14,0,66,0,3,55,1,59,25,30,69,1,125,22,0,22,147
06/21/2012,EUG,OR,ANM,WE,Combined TRACON& Tower with Radar,25,25,22,12,84,0,2,58,0,60,25,27,80,12,144,51,0,51,195
06/22/2012,EUG,OR,ANM,WE,Combined TRACON& Tower with Radar,30,25,30,2,87,0,1,8,2,11,30,26,38,4,98,4,0,4,102
06/23/2012,EUG,OR,ANM,WE,Combined TRACON& Tower with Radar,22,19,20,10,71,0,0,16,0,16,22,19,36,10,87,24,12,36,123
06/24/2012,EUG,OR,ANM,WE,Combined TRACON& Tower with Radar,23,23,27,6,79,0,0,23,2,25,23,23,50,8,104,8,0,8,112
06/25/2012,EUG,OR,ANM,WE,Combined TRACON& Tower with Radar,28,27,14,13,82,0,0,19,0,19,28,27,33,13,101,31,0,31,132
06/26/2012,EUG,OR,ANM,WE,Combined TRACON& Tower with Radar,21,30,26,0,77,0,1,31,0,32,21,31,57,0,109,58,0,58,167
06/27/2012,EUG,OR,ANM,WE,Combined TRACON& Tower with Radar,24,27,24,0,75,0,4,37,0,41,24,31,61,0,116,0,0,0,116
06/28/2012,EUG,OR,ANM,WE,Combined TRACON& Tower with Radar,24,28,17,4,73,0,2,51,0,53,24,30,68,4,126,106,0,106,232
06/29/2012,EUG,OR,ANM,WE,Combined TRACON& Tower with Radar,30,30,32,4,96,10,1,54,1,66,40,31,86,5,162,92,0,92,254
06/30/2012,EUG,OR,ANM,WE,Combined TRACON& Tower with Radar,16,24,20,0,60,0,0,17,0,17,16,24,37,0,77,12,0,12,89
07/01/2012,EUG,OR,ANM,WE,Combined TRACON& Tower with Radar,21,18,20,0,59,0,0,22,0,22,21,18,42,0,81,0,0,0,81
07/02/2012,EUG,OR,ANM,WE,Combined TRACON& Tower with Radar,29,31,20,10,90,0,2,54,0,56,29,33,74,10,146,58,0,58,204
07/03/2012,EUG,OR,ANM,WE,Combined TRACON& Tower with Radar,19,28,15,9,71,0,3,68,0,71,19,31,83,9,142,166,0,166,308
07/04/2012,EUG,OR,ANM,WE,Combined TRACON& Tower with Radar,21,14,5,1,41,13,0,54,0,67,34,14,59,1,108,56,0,56,164
07/05/2012,EUG,OR,ANM,WE,Combined TRACON& Tower with Radar,20,28,5,0,53,0,4,87,0,91,20,32,92,0,144,69,0,69,213
07/06/2012,EUG,OR,ANM,WE,Combined TRACON& Tower with Radar,25,30,17,8,80,0,5,94,0,99,25,35,111,8,179,120,8,128,307
07/07/2012,EUG,OR,ANM,WE,Combined TRACON& Tower with Radar,16,27,22,0,65,0,0,75,0,75,16,27,97,0,140,90,0,90,230
07/08/2012,EUG,OR,ANM,WE,Combined TRACON& Tower with Radar,24,22,6,0,52,0,1,80,0,81,24,23,86,0,133,4,0,4,137
07/09/2012,EUG,OR,ANM,WE,Combined TRACON& Tower with Radar,29,28,11,9,77,6,5,93,1,105,35,33,104,10,182,60,14,74,256
07/10/2012,EUG,OR,ANM,WE,Combined TRACON& Tower with Radar,19,24,12,4,59,0,5,68,13,86,19,29,80,17,145,36,34,70,215
07/11/2012,EUG,OR,ANM,WE,Combined TRACON& Tower with Radar,22,29,22,16,89,0,7,94,4,105,22,36,116,20,194,66,14,80,274
07/12/2012,EUG,OR,ANM,WE,Combined TRACON& Tower with Radar,19,34,10,0,63,7,8,81,6,102,26,42,91,6,165,118,0,118,283
07/13/2012,EUG,OR,ANM,WE,Combined TRACON& Tower with Radar,28,34,23,3,88,0,4,102,0,106,28,38,125,3,194,76,0,76,270
07/14/2012,EUG,OR,ANM,WE,Combined TRACON& Tower with Radar,18,27,17,9,71,0,1,82,3,86,18,28,99,12,157,68,20,88,245
07/15/2012,EUG,OR,ANM,WE,Combined TRACON& Tower with Radar,21,25,17,13,76,0,0,29,0,29,21,25,46,13,105,60,0,60,165
07/16/2012,EUG,OR,ANM,WE,Combined TRACON& Tower with Radar,27,31,37,0,95,4,4,29,0,37,31,35,66,0,132,50,0,50,182
07/17/2012,EUG,OR,ANM,WE,Combined TRACON& Tower with Radar,18,30,27,3,78,0,2,55,0,57,18,32,82,3,135,90,0,90,225
07/18/2012,EUG,OR,ANM,WE,Combined TRACON& Tower with Radar,20,37,19,6,82,0,2,34,1,37,20,39,53,7,119,116,0,116,235
07/19/2012,EUG,OR,ANM,WE,Combined TRACON& Tower with Radar,21,31,20,10,82,0,5,59,2,66,21,36,79,12,148,4,14,18,166
07/20/2012,EUG,OR,ANM,WE,Combined TRACON& Tower with Radar,29,27,27,25,108,0,3,32,6,41,29,30,59,31,149,42,50,92,241
07/21/2012,EUG,OR,ANM,WE,Combined TRACON& Tower with Radar,16,28,5,3,52,0,0,67,1,68,16,28,72,4,120,42,14,56,176
07/22/2012,EUG,OR,ANM,WE,Combined TRACON& Tower with Radar,23,20,28,13,84,0,2,58,1,61,23,22,86,14,145,22,18,40,185
07/23/2012,EUG,OR,ANM,WE,Combined TRACON& Tower with Radar,27,31,25,26,109,0,3,69,2,74,27,34,94,28,183,56,0,56,239
07/24/2012,EUG,OR,ANM,WE,Combined TRACON& Tower with Radar,18,32,17,0,67,0,4,60,1,65,18,36,77,1,132,38,0,38,170
07/25/2012,EUG,OR,ANM,WE,Combined TRACON& Tower with Radar,23,36,20,8,87,0,5,68,0,73,23,41,88,8,160,54,0,54,214
07/26/2012,EUG,OR,ANM,WE,Combined TRACON& Tower with Radar,21,30,19,19,89,0,3,74,0,77,21,33,93,19,166,46,14,60,226
07/27/2012,EUG,OR,ANM,WE,Combined TRACON& Tower with Radar,28,29,28,2,87,0,3,47,0,50,28,32,75,2,137,30,0,30,167
07/28/2012,EUG,OR,ANM,WE,Combined TRACON& Tower with Radar,16,23,22,4,65,0,1,47,1,49,16,24,69,5,114,46,0,46,160
07/29/2012,EUG,OR,ANM,WE,Combined TRACON& Tower with Radar,21,25,25,3,74,0,0,36,1,37,21,25,61,4,111,48,0,48,159
07/30/2012,EUG,OR,ANM,WE,Combined TRACON& Tower with Radar,28,31,40,2,101,0,3,55,0,58,28,34,95,2,159,32,0,32,191
07/31/2012,EUG,OR,ANM,WE,Combined TRACON& Tower with Radar,18,27,25,2,72,0,5,68,0,73,18,32,93,2,145,54,0,54,199
08/01/2012,EUG,OR,ANM,WE,Combined TRACON& Tower with Radar,21,28,24,10,83,0,4,91,1,96,21,32,115,11,179,78,20,98,277
08/02/2012,EUG,OR,ANM,WE,Combined TRACON& Tower with Radar,22,27,31,17,97,0,6,66,17,89,22,33,97,34,186,66,8,74,260
08/03/2012,EUG,OR,ANM,WE,Combined TRACON& Tower with Radar,27,33,19,0,79,0,3,72,0,75,27,36,91,0,154,116,0,116,270
08/04/2012,EUG,OR,ANM,WE,Combined TRACON& Tower with Radar,17,23,12,4,56,0,3,54,5,62,17,26,66,9,118,42,0,42,160
08/05/2012,EUG,OR,ANM,WE,Combined TRACON& Tower with Radar,20,25,9,4,58,0,1,62,0,63,20,26,71,4,121,16,0,16,137
08/06/2012,EUG,OR,ANM,WE,Combined TRACON& Tower with Radar,26,30,18,11,85,0,6,99,0,105,26,36,117,11,190,100,0,100,290
08/07/2012,EUG,OR,ANM,WE,Combined TRACON& Tower with Radar,20,28,11,6,65,0,4,87,1,92,20,32,98,7,157,106,14,120,277
08/08/2012,EUG,OR,ANM,WE,Combined TRACON& Tower with Radar,21,36,37,1,95,0,5,109,6,120,21,41,146,7,215,130,30,160,375
08/09/2012,EUG,OR,ANM,WE,Combined TRACON& Tower with Radar,21,35,31,0,87,0,4,60,0,64,21,39,91,0,151,80,0,80,231
08/10/2012,EUG,OR,ANM,WE,Combined TRACON& Tower with Radar,25,33,16,0,74,0,1,75,0,76,25,34,91,0,150,106,0,106,256
08/11/2012,EUG,OR,ANM,WE,Combined TRACON& Tower with Radar,18,24,11,0,53,0,3,92,3,98,18,27,103,3,151,24,0,24,175
08/12/2012,EUG,OR,ANM,WE,Combined TRACON& Tower with Radar,20,20,12,0,52,0,0,79,0,79,20,20,91,0,131,16,0,16,147
08/13/2012,EUG,OR,ANM,WE,Combined TRACON& Tower with Radar,28,33,12,2,75,0,2,69,0,71,28,35,81,2,146,60,0,60,206
08/14/2012,EUG,OR,ANM,WE,Combined TRACON& Tower with Radar,20,42,13,3,78,3,1,93,0,97,23,43,106,3,175,122,0,122,297
08/15/2012,EUG,OR,ANM,WE,Combined TRACON& Tower with Radar,17,35,9,11,72,0,5,101,1,107,17,40,110,12,179,172,40,212,391
08/16/2012,EUG,OR,ANM,WE,Combined TRACON& Tower with Radar,21,31,12,10,74,0,2,73,1,76,21,33,85,11,150,72,16,88,238
08/17/2012,EUG,OR,ANM,WE,Combined TRACON& Tower with Radar,24,30,22,0,76,0,3,96,0,99,24,33,118,0,175,86,0,86,261
08/18/2012,EUG,OR,ANM,WE,Combined TRACON& Tower with Radar,15,23,15,0,53,0,2,81,0,83,15,25,96,0,136,44,0,44,180
08/19/2012,EUG,OR,ANM,WE,Combined TRACON& Tower with Radar,22,25,18,0,65,0,16,24,0,40,22,41,42,0,105,20,0,20,125
08/20/2012,EUG,OR,ANM,WE,Combined TRACON& Tower with Radar,25,31,14,9,79,0,1,54,1,56,25,32,68,10,135,0,44,44,179
08/21/2012,EUG,OR,ANM,WE,Combined TRACON& Tower with Radar,19,32,18,13,82,0,2,84,0,86,19,34,102,13,168,16,0,16,184
08/22/2012,EUG,OR,ANM,WE,Combined TRACON& Tower with Radar,17,38,21,22,98,0,5,64,1,70,17,43,85,23,168,48,22,70,238
08/23/2012,EUG,OR,ANM,WE,Combined TRACON& Tower with Radar,21,35,20,1,77,0,4,57,0,61,21,39,77,1,138,52,0,52,190
08/24/2012,EUG,OR,ANM,WE,Combined TRACON& Tower with Radar,25,25,19,5,74,0,3,70,1,74,25,28,89,6,148,42,2,44,192
08/25/2012,EUG,OR,ANM,WE,Combined TRACON& Tower with Radar,16,23,11,0,50,0,3,87,1,91,16,26,98,1,141,38,0,38,179
08/26/2012,EUG,OR,ANM,WE,Combined TRACON& Tower with Radar,22,22,12,0,56,0,0,34,0,34,22,22,46,0,90,28,0,28,118
08/27/2012,EUG,OR,ANM,WE,Combined TRACON& Tower with Radar,24,34,10,0,68,0,1,66,0,67,24,35,76,0,135,60,0,60,195
08/28/2012,EUG,OR,ANM,WE,Combined TRACON& Tower with Radar,17,34,19,9,79,0,3,80,0,83,17,37,99,9,162,112,4,116,278
08/29/2012,EUG,OR,ANM,WE,Combined TRACON& Tower with Radar,19,26,13,4,62,0,3,71,0,74,19,29,84,4,136,104,0,104,240
08/30/2012,EUG,OR,ANM,WE,Combined TRACON& Tower with Radar,22,28,22,2,74,0,3,57,1,61,22,31,79,3,135,70,0,70,205
08/31/2012,EUG,OR,ANM,WE,Combined TRACON& Tower with Radar,25,23,16,0,64,0,4,77,0,81,25,27,93,0,145,23,0,23,168
09/01/2012,EUG,OR,ANM,WE,Combined TRACON& Tower with Radar,13,22,14,0,49,0,3,85,1,89,13,25,99,1,138,36,0,36,174
09/02/2012,EUG,OR,ANM,WE,Combined TRACON& Tower with Radar,14,16,8,0,38,0,0,45,0,45,14,16,53,0,83,2,0,2,85
09/03/2012,EUG,OR,ANM,WE,Combined TRACON& Tower with Radar,23,22,4,0,49,0,2,65,0,67,23,24,69,0,116,18,0,18,134
09/04/2012,EUG,OR,ANM,WE,Combined TRACON& Tower with Radar,15,30,13,0,58,0,3,59,2,64,15,33,72,2,122,82,0,82,204
09/05/2012,EUG,OR,ANM,WE,Combined TRACON& Tower with Radar,21,35,6,2,64,0,2,55,0,57,21,37,61,2,121,64,0,64,185
09/06/2012,EUG,OR,ANM,WE,Combined TRACON& Tower with Radar,23,32,19,5,79,0,4,75,1,80,23,36,94,6,159,66,8,74,233
09/07/2012,EUG,OR,ANM,WE,Combined TRACON& Tower with Radar,23,25,17,1,66,0,3,79,3,85,23,28,96,4,151,22,10,32,183
09/08/2012,EUG,OR,ANM,WE,Combined TRACON& Tower with Radar,15,27,41,5,88,0,7,46,0,53,15,34,87,5,141,0,28,28,169
09/09/2012,EUG,OR,ANM,WE,Combined TRACON& Tower with Radar,24,21,20,1,66,0,2,50,0,52,24,23,70,1,118,12,0,12,130
09/10/2012,EUG,OR,ANM,WE,Combined TRACON& Tower with Radar,26,27,34,9,96,0,3,36,0,39,26,30,70,9,135,12,10,22,157
09/11/2012,EUG,OR,ANM,WE,Combined TRACON& Tower with Radar,15,33,18,2,68,0,0,41,2,43,15,33,59,4,111,0,0,0,111
09/12/2012,EUG,OR,ANM,WE,Combined TRACON& Tower with Radar,19,30,9,12,70,0,0,74,2,76,19,30,83,14,146,72,0,72,218
09/13/2012,EUG,OR,ANM,WE,Combined TRACON& Tower with Radar,24,30,17,16,87,0,0,63,2,65,24,30,80,18,152,34,0,34,186
09/14/2012,EUG,OR,ANM,WE,Combined TRACON& Tower with Radar,26,27,23,3,79,0,2,73,2,77,26,29,96,5,156,98,0,98,254
09/15/2012,EUG,OR,ANM,WE,Combined TRACON& Tower with Radar,13,27,19,0,59,0,1,64,0,65,13,28,83,0,124,28,0,28,152
09/16/2012,EUG,OR,ANM,WE,Combined TRACON& Tower with Radar,25,18,8,9,60,0,0,51,0,51,25,18,59,9,111,0,0,0,111
09/17/2012,EUG,OR,ANM,WE,Combined TRACON& Tower with Radar,25,31,12,4,72,0,1,63,0,64,25,32,75,4,136,44,0,44,180
09/18/2012,EUG,OR,ANM,WE,Combined TRACON& Tower with Radar,14,31,20,4,69,0,1,53,0,54,14,32,73,4,123,18,0,18,141
09/19/2012,EUG,OR,ANM,WE,Combined TRACON& Tower with Radar,18,30,13,4,65,0,0,17,0,17,18,30,30,4,82,8,4,12,94
09/20/2012,EUG,OR,ANM,WE,Combined TRACON& Tower with Radar,23,42,11,2,78,0,0,9,0,9,23,42,20,2,87,4,0,4,91
09/21/2012,EUG,OR,ANM,WE,Combined TRACON& Tower with Radar,29,31,42,0,102,0,0,11,0,11,29,31,53,0,113,0,0,0,113
09/22/2012,EUG,OR,ANM,WE,Combined TRACON& Tower with Radar,15,27,21,1,64,0,3,81,2,86,15,30,102,3,150,14,20,34,184
09/23/2012,EUG,OR,ANM,WE,Combined TRACON& Tower with Radar,26,27,14,18,85,0,0,52,0,52,26,27,66,18,137,16,0,16,153
09/24/2012,EUG,OR,ANM,WE,Combined TRACON& Tower with Radar,26,28,15,7,76,0,1,89,1,91,26,29,104,8,167,166,0,166,333
09/25/2012,EUG,OR,ANM,WE,Combined TRACON& Tower with Radar,16,30,6,10,62,0,2,57,0,59,16,32,63,10,121,90,0,90,211
09/26/2012,EUG,OR,ANM,WE,Combined TRACON& Tower with Radar,19,28,34,6,87,0,1,106,2,109,19,29,140,8,196,142,0,142,338
09/27/2012,EUG,OR,ANM,WE,Combined TRACON& Tower with Radar,20,31,17,11,79,0,2,77,0,79,20,33,94,11,158,40,18,58,216
09/28/2012,EUG,OR,ANM,WE,Combined TRACON& Tower with Radar,28,27,9,0,64,0,3,108,0,111,28,30,117,0,175,73,0,73,248
09/29/2012,EUG,OR,ANM,WE,Combined TRACON& Tower with Radar,13,20,5,1,39,1,2,77,1,81,14,22,82,2,120,62,0,62,182
09/30/2012,EUG,OR,ANM,WE,Combined TRACON& Tower with Radar,24,25,8,0,57,0,0,37,0,37,24,25,45,0,94,8,0,8,102
10/01/2012,EUG,OR,ANM,WE,Combined TRACON& Tower with Radar,22,32,13,12,79,0,2,81,1,84,22,34,94,13,163,68,12,80,243
10/02/2012,EUG,OR,ANM,WE,Combined TRACON& Tower with Radar,13,36,6,11,66,0,3,74,0,77,13,39,80,11,143,46,0,46,189
10/03/2012,EUG,OR,ANM,WE,Combined TRACON& Tower with Radar,15,28,10,7,60,0,3,66,0,69,15,31,76,7,129,32,24,56,185
10/04/2012,EUG,OR,ANM,WE,Combined TRACON& Tower with Radar,17,36,18,0,71,0,1,57,0,58,17,37,75,0,129,96,0,96,225
10/05/2012,EUG,OR,ANM,WE,Combined TRACON& Tower with Radar,24,31,24,3,82,0,3,74,0,77,24,34,98,3,159,138,0,138,297
10/06/2012,EUG,OR,ANM,WE,Combined TRACON& Tower with Radar,15,30,48,0,93,2,1,83,1,87,17,31,131,1,180,36,0,36,216
10/07/2012,EUG,OR,ANM,WE,Combined TRACON& Tower with Radar,19,23,15,0,57,0,1,61,0,62,19,24,76,0,119,16,0,16,135
10/08/2012,EUG,OR,ANM,WE,Combined TRACON& Tower with Radar,16,28,15,0,59,0,2,122,0,124,16,30,137,0,183,220,0,220,403
10/09/2012,EUG,OR,ANM,WE,Combined TRACON& Tower with Radar,13,33,8,33,87,0,4,77,2,83,13,37,85,35,170,126,20,146,316
10/10/2012,EUG,OR,ANM,WE,Combined TRACON& Tower with Radar,15,29,16,6,66,0,4,99,0,103,15,33,115,6,169,150,0,150,319
10/11/2012,EUG,OR,ANM,WE,Combined TRACON& Tower with Radar,17,27,18,2,64,0,1,46,1,48,17,28,64,3,112,76,0,76,188
10/12/2012,EUG,OR,ANM,WE,Combined TRACON& Tower with Radar,23,26,35,4,88,0,0,24,0,24,23,26,59,4,112,78,0,78,190
10/13/2012,EUG,OR,ANM,WE,Combined TRACON& Tower with Radar,17,22,14,8,61,0,0,9,2,11,17,22,23,10,72,0,0,0,72
10/14/2012,EUG,OR,ANM,WE,Combined TRACON& Tower with Radar,19,17,21,6,63,0,1,3,0,4,19,18,24,6,67,0,12,12,79
10/15/2012,EUG,OR,ANM,WE,Combined TRACON& Tower with Radar,22,29,22,9,82,0,0,37,0,37,22,29,59,9,119,60,0,60,179
10/16/2012,EUG,OR,ANM,WE,Combined TRACON& Tower with Radar,16,32,14,19,81,0,1,59,0,60,16,33,73,19,141,108,0,108,249
10/17/2012,EUG,OR,ANM,WE,Combined TRACON& Tower with Radar,20,27,24,0,71,0,4,88,0,92,20,31,112,0,163,134,0,134,297
10/18/2012,EUG,OR,ANM,WE,Combined TRACON& Tower with Radar,19,25,26,6,76,0,3,44,1,48,19,28,70,7,124,88,0,88,212
10/19/2012,EUG,OR,ANM,WE,Combined TRACON& Tower with Radar,26,23,27,0,76,0,0,9,0,9,26,23,36,0,85,14,0,14,99
10/20/2012,EUG,OR,ANM,WE,Combined TRACON& Tower with Radar,14,23,14,0,51,0,0,25,0,25,14,23,39,0,76,70,0,70,146
10/21/2012,EUG,OR,ANM,WE,Combined TRACON& Tower with Radar,20,17,8,0,45,0,0,11,1,12,20,17,19,1,57,0,0,0,57
10/22/2012,EUG,OR,ANM,WE,Combined TRACON& Tower with Radar,23,27,19,6,75,0,1,10,0,11,23,28,29,6,86,34,0,34,120
10/23/2012,EUG,OR,ANM,WE,Combined TRACON& Tower with Radar,15,30,31,0,76,0,1,25,0,26,15,31,56,0,102,4,0,4,106
10/24/2012,EUG,OR,ANM,WE,Combined TRACON& Tower with Radar,18,29,30,7,84,0,1,27,0,28,18,30,57,7,112,136,0,136,248
10/25/2012,EUG,OR,ANM,WE,Combined TRACON& Tower with Radar,19,33,32,4,88,0,1,72,2,75,19,34,104,6,163,64,0,64,227
10/26/2012,EUG,OR,ANM,WE,Combined TRACON& Tower with Radar,25,32,25,21,103,0,2,24,0,26,25,34,49,21,129,36,30,66,195
10/27/2012,EUG,OR,ANM,WE,Combined TRACON& Tower with Radar,16,24,28,10,78,0,0,0,0,0,16,24,28,10,78,0,0,0,78
10/28/2012,EUG,OR,ANM,WE,Combined TRACON& Tower with Radar,18,21,14,2,55,0,0,0,0,0,18,21,14,2,55,0,0,0,55
10/29/2012,EUG,OR,ANM,WE,Combined TRACON& Tower with Radar,22,31,18,0,71,0,0,22,0,22,22,31,40,0,93,44,10,54,147
10/30/2012,EUG,OR,ANM,WE,Combined TRACON& Tower with Radar,17,31,20,4,72,0,2,57,18,77,17,33,77,22,149,102,30,132,281
10/31/2012,EUG,OR,ANM,WE,Combined TRACON& Tower with Radar,12,28,24,0,64,0,1,12,0,13,12,29,36,0,77,18,0,18,95
11/01/2012,EUG,OR,ANM,WE,Combined TRACON& Tower with Radar,19,26,19,1,65,1,1,4,1,7,20,27,23,2,72,42,0,42,114
11/02/2012,EUG,OR,ANM,WE,Combined TRACON& Tower with Radar,27,26,17,6,76,0,1,43,0,44,27,27,60,6,120,92,0,92,212
11/03/2012,EUG,OR,ANM,WE,Combined TRACON& Tower with Radar,14,24,16,0,54,0,1,33,0,34,14,25,49,0,88,84,0,84,172
11/04/2012,EUG,OR,ANM,WE,Combined TRACON& Tower with Radar,15,26,25,0,66,0,1,61,0,62,15,27,86,0,128,72,0,72,200
11/05/2012,EUG,OR,ANM,WE,Combined TRACON& Tower with Radar,21,29,24,0,74,0,0,12,0,12,21,29,36,0,86,24,0,24,110
11/06/2012,EUG,OR,ANM,WE,Combined TRACON& Tower with Radar,15,34,27,5,81,0,0,37,0,37,15,34,64,5,118,30,0,30,148
11/07/2012,EUG,OR,ANM,WE,Combined TRACON& Tower with Radar,17,24,19,8,68,0,2,52,0,54,17,26,71,8,122,68,6,74,196
11/08/2012,EUG,OR,ANM,WE,Combined TRACON& Tower with Radar,16,32,8,8,64,0,1,1,1,3,16,33,9,9,67,0,0,0,67
11/09/2012,EUG,OR,ANM,WE,Combined TRACON& Tower with Radar,20,29,11,0,60,0,1,33,0,34,20,30,44,0,94,62,0,62,156
11/10/2012,EUG,OR,ANM,WE,Combined TRACON& Tower with Radar,11,22,11,0,44,0,0,39,2,41,11,22,50,2,85,64,0,64,149
11/11/2012,EUG,OR,ANM,WE,Combined TRACON& Tower with Radar,14,23,9,0,46,0,0,8,0,8,14,23,17,0,54,0,0,0,54
11/12/2012,EUG,OR,ANM,WE,Combined TRACON& Tower with Radar,22,26,15,0,63,0,5,8,0,13,22,31,23,0,76,4,0,4,80
11/13/2012,EUG,OR,ANM,WE,Combined TRACON& Tower with Radar,15,29,27,19,90,0,1,32,0,33,15,30,59,19,123,68,0,68,191
11/14/2012,EUG,OR,ANM,WE,Combined TRACON& Tower with Radar,19,34,23,9,85,0,0,6,0,6,19,34,29,9,91,12,0,12,103
11/15/2012,EUG,OR,ANM,WE,Combined TRACON& Tower with Radar,22,29,29,2,82,0,1,27,0,28,22,30,56,2,110,24,0,24,134
11/16/2012,EUG,OR,ANM,WE,Combined TRACON& Tower with Radar,21,34,28,4,87,0,3,30,1,34,21,37,58,5,121,14,0,14,135
11/17/2012,EUG,OR,ANM,WE,Combined TRACON& Tower with Radar,16,38,50,0,104,0,0,14,0,14,16,38,64,0,118,0,0,0,118
11/18/2012,EUG,OR,ANM,WE,Combined TRACON& Tower with Radar,18,35,8,0,61,0,0,2,0,2,18,35,10,0,63,0,0,0,63
11/19/2012,EUG,OR,ANM,WE,Combined TRACON& Tower with Radar,18,35,5,0,58,4,0,2,0,6,22,35,7,0,64,10,0,10,74
11/20/2012,EUG,OR,ANM,WE,Combined TRACON& Tower with Radar,20,33,8,0,61,0,2,7,0,9,20,35,15,0,70,0,0,0,70
11/21/2012,EUG,OR,ANM,WE,Combined TRACON& Tower with Radar,24,31,10,0,65,0,1,6,0,7,24,32,16,0,72,0,0,0,72
11/22/2012,EUG,OR,ANM,WE,Combined TRACON& Tower with Radar,11,15,8,0,34,0,0,9,0,9,11,15,17,0,43,6,0,6,49
11/23/2012,EUG,OR,ANM,WE,Combined TRACON& Tower with Radar,9,27,7,0,43,0,1,7,0,8,9,28,14,0,51,0,0,0,51
11/24/2012,EUG,OR,ANM,WE,Combined TRACON& Tower with Radar,17,31,11,0,59,0,0,0,0,0,17,31,11,0,59,0,0,0,59
11/25/2012,EUG,OR,ANM,WE,Combined TRACON& Tower with Radar,25,30,11,0,66,0,0,2,0,2,25,30,13,0,68,0,0,0,68
11/26/2012,EUG,OR,ANM,WE,Combined TRACON& Tower with Radar,19,32,19,18,88,0,1,45,0,46,19,33,64,18,134,50,0,50,184
11/27/2012,EUG,OR,ANM,WE,Combined TRACON& Tower with Radar,14,33,14,4,65,0,0,0,0,0,14,33,14,4,65,0,0,0,65
11/28/2012,EUG,OR,ANM,WE,Combined TRACON& Tower with Radar,13,24,13,34,84,0,2,13,0,15,13,26,26,34,99,12,22,34,133
11/29/2012,EUG,OR,ANM,WE,Combined TRACON& Tower with Radar,19,29,14,5,67,0,2,18,0,20,19,31,32,5,87,30,0,30,117
11/30/2012,EUG,OR,ANM,WE,Combined TRACON& Tower with Radar,16,28,8,2,54,0,3,14,1,18,16,31,22,3,72,118,0,118,190
12/01/2012,EUG,OR,ANM,WE,Combined TRACON& Tower with Radar,14,22,9,0,45,0,1,22,1,24,14,23,31,1,69,30,0,30,99
12/02/2012,EUG,OR,ANM,WE,Combined TRACON& Tower with Radar,21,23,11,6,61,0,0,12,2,14,21,23,23,8,75,50,6,56,131
12/03/2012,EUG,OR,ANM,WE,Combined TRACON& Tower with Radar,17,31,9,3,60,0,0,26,2,28,17,31,35,5,88,38,0,38,126
12/04/2012,EUG,OR,ANM,WE,Combined TRACON& Tower with Radar,14,39,18,0,71,0,0,4,0,4,14,39,22,0,75,0,0,0,75
12/05/2012,EUG,OR,ANM,WE,Combined TRACON& Tower with Radar,13,26,14,6,59,0,4,19,0,23,13,30,33,6,82,24,18,42,124
12/06/2012,EUG,OR,ANM,WE,Combined TRACON& Tower with Radar,19,33,23,4,79,0,2,16,0,18,19,35,39,4,97,36,0,36,133
12/07/2012,EUG,OR,ANM,WE,Combined TRACON& Tower with Radar,18,31,12,0,61,0,2,17,0,19,18,33,29,0,80,80,0,80,160
12/08/2012,EUG,OR,ANM,WE,Combined TRACON& Tower with Radar,12,21,13,0,46,0,0,19,0,19,12,21,32,0,65,46,2,48,113
12/09/2012,EUG,OR,ANM,WE,Combined TRACON& Tower with Radar,22,26,11,0,59,0,0,8,0,8,22,26,19,0,67,8,0,8,75
12/10/2012,EUG,OR,ANM,WE,Combined TRACON& Tower with Radar,16,35,22,2,75,0,0,8,0,8,16,35,30,2,83,34,0,34,117
12/11/2012,EUG,OR,ANM,WE,Combined TRACON& Tower with Radar,13,41,8,3,65,0,1,9,0,10,13,42,17,3,75,12,2,14,89
12/12/2012,EUG,OR,ANM,WE,Combined TRACON& Tower with Radar,14,32,16,4,66,0,2,22,0,24,14,34,38,4,90,16,0,16,106
12/13/2012,EUG,OR,ANM,WE,Combined TRACON& Tower with Radar,25,32,18,14,89,0,4,21,0,25,25,36,39,14,114,38,0,38,152
12/14/2012,EUG,OR,ANM,WE,Combined TRACON& Tower with Radar,21,30,13,9,73,0,2,2,0,4,21,32,15,9,77,28,0,28,105
12/15/2012,EUG,OR,ANM,WE,Combined TRACON& Tower with Radar,15,21,7,0,43,0,0,3,0,3,15,21,10,0,46,18,0,18,64
12/16/2012,EUG,OR,ANM,WE,Combined TRACON& Tower with Radar,17,14,8,0,39,0,0,0,0,0,17,14,8,0,39,0,0,0,39
12/17/2012,EUG,OR,ANM,WE,Combined TRACON& Tower with Radar,7,18,1,12,38,0,1,0,0,1,7,19,1,12,39,0,0,0,39
12/18/2012,EUG,OR,ANM,WE,Combined TRACON& Tower with Radar,14,31,17,4,66,0,1,2,0,3,14,32,19,4,69,0,0,0,69
12/19/2012,EUG,OR,ANM,WE,Combined TRACON& Tower with Radar,16,33,18,0,67,0,2,5,0,7,16,35,23,0,74,0,0,0,74
12/20/2012,EUG,OR,ANM,WE,Combined TRACON& Tower with Radar,19,31,4,17,71,0,1,8,0,9,19,32,12,17,80,0,0,0,80
12/21/2012,EUG,OR,ANM,WE,Combined TRACON& Tower with Radar,20,27,15,0,62,0,3,10,0,13,20,30,25,0,75,20,0,20,95
12/22/2012,EUG,OR,ANM,WE,Combined TRACON& Tower with Radar,14,29,11,0,54,0,0,8,0,8,14,29,19,0,62,0,0,0,62
12/23/2012,EUG,OR,ANM,WE,Combined TRACON& Tower with Radar,31,19,0,0,50,0,0,0,0,0,31,19,0,0,50,0,0,0,50
12/24/2012,EUG,OR,ANM,WE,Combined TRACON& Tower with Radar,22,21,0,0,43,0,2,31,0,33,22,23,31,0,76,18,0,18,94
12/25/2012,EUG,OR,ANM,WE,Combined TRACON& Tower with Radar,10,21,3,0,34,0,0,0,0,0,10,21,3,0,34,0,0,0,34
12/26/2012,EUG,OR,ANM,WE,Combined TRACON& Tower with Radar,20,32,9,7,68,0,1,14,0,15,20,33,23,7,83,44,0,44,127
12/27/2012,EUG,OR,ANM,WE,Combined TRACON& Tower with Radar,24,41,16,15,96,0,0,14,0,14,24,41,30,15,110,10,0,10,120
12/28/2012,EUG,OR,ANM,WE,Combined TRACON& Tower with Radar,19,28,12,7,66,0,3,25,0,28,19,31,37,7,94,44,0,44,138
12/29/2012,EUG,OR,ANM,WE,Combined TRACON& Tower with Radar,13,24,8,0,45,0,0,0,0,0,13,24,8,0,45,0,0,0,45
12/30/2012,EUG,OR,ANM,WE,Combined TRACON& Tower with Radar,34,18,7,0,59,0,0,6,0,6,34,18,13,0,65,18,0,18,83
12/31/2012,EUG,OR,ANM,WE,Combined TRACON& Tower with Radar,20,31,3,0,54,0,0,17,0,17,20,31,20,0,71,10,0,10,81
01/01/2013,EUG,OR,ANM,WE,Combined TRACON& Tower with Radar,19,22,8,0,49,0,0,23,0,23,19,22,31,0,72,12,0,12,84
01/02/2013,EUG,OR,ANM,WE,Combined TRACON& Tower with Radar,17,36,16,8,77,0,4,31,0,35,17,40,47,8,112,20,0,20,132
01/03/2013,EUG,OR,ANM,WE,Combined TRACON& Tower with Radar,20,31,8,0,59,0,2,9,0,11,20,33,17,0,70,12,0,12,82
01/04/2013,EUG,OR,ANM,WE,Combined TRACON& Tower with Radar,26,29,23,9,87,0,2,52,1,55,26,31,75,10,142,46,0,46,188
01/05/2013,EUG,OR,ANM,WE,Combined TRACON& Tower with Radar,10,19,15,0,44,0,0,1,0,1,10,19,16,0,45,0,0,0,45
01/06/2013,EUG,OR,ANM,WE,Combined TRACON& Tower with Radar,18,24,14,5,61,0,0,41,0,41,18,24,55,5,102,74,0,74,176
01/07/2013,EUG,OR,ANM,WE,Combined TRACON& Tower with Radar,18,30,20,0,68,0,0,27,0,27,18,30,47,0,95,38,0,38,133
01/08/2013,EUG,OR,ANM,WE,Combined TRACON& Tower with Radar,9,31,22,20,82,0,0,17,1,18,9,31,39,21,100,52,12,64,164
01/09/2013,EUG,OR,ANM,WE,Combined TRACON& Tower with Radar,16,29,9,2,56,0,2,13,2,17,16,31,22,4,73,4,0,4,77
01/10/2013,EUG,OR,ANM,WE,Combined TRACON& Tower with Radar,20,37,10,21,88,0,1,25,0,26,20,38,35,21,114,42,0,42,156
01/11/2013,EUG,OR,ANM,WE,Combined TRACON& Tower with Radar,17,24,15,2,58,0,4,36,2,42,17,28,51,4,100,92,0,92,192
01/12/2013,EUG,OR,ANM,WE,Combined TRACON& Tower with Radar,13,23,14,0,50,0,0,18,0,18,13,23,32,0,68,22,0,22,90
01/13/2013,EUG,OR,ANM,WE,Combined TRACON& Tower with Radar,18,24,5,0,47,0,0,0,0,0,18,24,5,0,47,0,0,0,47
01/14/2013,EUG,OR,ANM,WE,Combined TRACON& Tower with Radar,17,28,12,19,76,0,1,44,0,45,17,29,56,19,121,66,34,100,221
01/15/2013,EUG,OR,ANM,WE,Combined TRACON& Tower with Radar,8,36,8,2,54,0,0,2,0,2,8,36,10,2,56,0,0,0,56
01/16/2013,EUG,OR,ANM,WE,Combined TRACON& Tower with Radar,13,25,7,2,47,0,0,0,0,0,13,25,7,2,47,0,0,0,47
01/17/2013,EUG,OR,ANM,WE,Combined TRACON& Tower with Radar,14,33,9,0,56,0,0,0,0,0,14,33,9,0,56,0,0,0,56
01/18/2013,EUG,OR,ANM,WE,Combined TRACON& Tower with Radar,21,31,10,0,62,0,0,0,0,0,21,31,10,0,62,0,0,0,62
01/19/2013,EUG,OR,ANM,WE,Combined TRACON& Tower with Radar,8,23,0,0,31,0,0,0,0,0,8,23,0,0,31,0,0,0,31
01/20/2013,EUG,OR,ANM,WE,Combined TRACON& Tower with Radar,16,16,9,0,41,0,0,0,0,0,16,16,9,0,41,0,0,0,41
01/21/2013,EUG,OR,ANM,WE,Combined TRACON& Tower with Radar,16,25,0,0,41,0,0,1,0,1,16,25,1,0,42,0,0,0,42
01/22/2013,EUG,OR,ANM,WE,Combined TRACON& Tower with Radar,13,27,10,2,52,0,0,1,0,1,13,27,11,2,53,0,0,0,53
01/23/2013,EUG,OR,ANM,WE,Combined TRACON& Tower with Radar,13,33,11,0,57,0,1,0,0,1,13,34,11,0,58,0,0,0,58
01/24/2013,EUG,OR,ANM,WE,Combined TRACON& Tower with Radar,14,26,23,3,66,0,1,0,0,1,14,27,23,3,67,0,0,0,67
01/25/2013,EUG,OR,ANM,WE,Combined TRACON& Tower with Radar,19,29,25,14,87,0,0,6,0,6,19,29,31,14,93,18,0,18,111
01/26/2013,EUG,OR,ANM,WE,Combined TRACON& Tower with Radar,10,21,14,7,52,0,0,20,0,20,10,21,34,7,72,50,0,50,122
01/27/2013,EUG,OR,ANM,WE,Combined TRACON& Tower with Radar,14,21,12,2,49,0,0,8,0,8,14,21,20,2,57,10,2,12,69
01/28/2013,EUG,OR,ANM,WE,Combined TRACON& Tower with Radar,17,34,17,0,68,0,0,22,0,22,17,34,39,0,90,40,0,40,130
01/29/2013,EUG,OR,ANM,WE,Combined TRACON& Tower with Radar,9,29,21,16,75,0,3,23,0,26,9,32,44,16,101,78,0,78,179
01/30/2013,EUG,OR,ANM,WE,Combined TRACON& Tower with Radar,14,33,34,9,90,0,1,15,4,20,14,34,49,13,110,44,44,88,198
01/31/2013,EUG,OR,ANM,WE,Combined TRACON& Tower with Radar,14,35,11,4,64,0,1,35,1,37,14,36,46,5,101,76,0,76,177
02/01/2013,EUG,OR,ANM,WE,Combined TRACON& Tower with Radar,21,28,10,3,62,0,0,5,0,5,21,28,15,3,67,22,0,22,89
02/02/2013,EUG,OR,ANM,WE,Combined TRACON& Tower with Radar,10,19,10,0,39,0,0,22,0,22,10,19,32,0,61,24,0,24,85
02/03/2013,EUG,OR,ANM,WE,Combined TRACON& Tower with Radar,14,22,9,0,45,0,0,57,0,57,14,22,66,0,102,20,0,20,122
02/04/2013,EUG,OR,ANM,WE,Combined TRACON& Tower with Radar,21,29,18,2,70,0,0,53,0,53,21,29,71,2,123,94,0,94,217
02/05/2013,EUG,OR,ANM,WE,Combined TRACON& Tower with Radar,11,28,12,7,58,0,2,28,0,30,11,30,40,7,88,28,8,36,124
02/06/2013,EUG,OR,ANM,WE,Combined TRACON& Tower with Radar,14,27,22,2,65,0,2,48,0,50,14,29,70,2,115,40,12,52,167
02/07/2013,EUG,OR,ANM,WE,Combined TRACON& Tower with Radar,11,31,21,14,77,0,2,43,0,45,11,33,64,14,122,90,16,106,228
02/08/2013,EUG,OR,ANM,WE,Combined TRACON& Tower with Radar,19,27,24,17,87,0,1,31,4,36,19,28,55,21,123,56,0,56,179
02/09/2013,EUG,OR,ANM,WE,Combined TRACON& Tower with Radar,10,22,18,0,50,0,0,9,0,9,10,22,27,0,59,12,0,12,71
02/10/2013,EUG,OR,ANM,WE,Combined TRACON& Tower with Radar,12,20,28,13,73,0,0,7,0,7,12,20,35,13,80,0,0,0,80
02/11/2013,EUG,OR,ANM,WE,Combined TRACON& Tower with Radar,21,28,23,11,83,0,1,38,0,39,21,29,61,11,122,58,16,74,196
02/12/2013,EUG,OR,ANM,WE,Combined TRACON& Tower with Radar,11,34,19,2,66,0,0,15,0,15,11,34,34,2,81,82,0,82,163
02/13/2013,EUG,OR,ANM,WE,Combined TRACON& Tower with Radar,12,28,22,3,65,0,1,42,0,43,12,29,64,3,108,42,0,42,150
02/14/2013,EUG,OR,ANM,WE,Combined TRACON& Tower with Radar,15,28,19,17,79,0,1,58,2,61,15,29,77,19,140,102,22,124,264
02/15/2013,EUG,OR,ANM,WE,Combined TRACON& Tower with Radar,22,28,36,0,86,0,0,0,0,0,22,28,36,0,86,0,0,0,86
02/16/2013,EUG,OR,ANM,WE,Combined TRACON& Tower with Radar,13,23,10,0,46,0,1,12,0,13,13,24,22,0,59,28,0,28,87
02/17/2013,EUG,OR,ANM,WE,Combined TRACON& Tower with Radar,14,22,18,0,54,0,0,29,0,29,14,22,47,0,83,14,0,14,97
02/18/2013,EUG,OR,ANM,WE,Combined TRACON& Tower with Radar,24,28,16,2,70,0,1,19,0,20,24,29,35,2,90,34,0,34,124
02/19/2013,EUG,OR,ANM,WE,Combined TRACON& Tower with Radar,14,29,7,0,50,0,2,37,0,39,14,31,44,0,89,74,0,74,163
02/20/2013,EUG,OR,ANM,WE,Combined TRACON& Tower with Radar,15,28,15,5,63,3,1,30,0,34,18,29,45,5,97,68,0,68,165
02/21/2013,EUG,OR,ANM,WE,Combined TRACON& Tower with Radar,14,29,18,2,63,0,1,25,0,26,14,30,43,2,89,64,0,64,153
02/22/2013,EUG,OR,ANM,WE,Combined TRACON& Tower with Radar,24,25,14,0,63,0,0,13,0,13,24,25,27,0,76,52,0,52,128
02/23/2013,EUG,OR,ANM,WE,Combined TRACON& Tower with Radar,14,17,9,0,40,0,0,9,0,9,14,17,18,0,49,10,0,10,59
02/24/2013,EUG,OR,ANM,WE,Combined TRACON& Tower with Radar,18,18,15,4,55,0,0,46,0,46,18,18,61,4,101,16,0,16,117
02/25/2013,EUG,OR,ANM,WE,Combined TRACON& Tower with Radar,24,26,17,15,82,0,1,15,0,16,24,27,32,15,98,128,0,128,226
02/26/2013,EUG,OR,ANM,WE,Combined TRACON& Tower with Radar,16,29,20,4,69,0,1,56,0,57,16,30,76,4,126,42,0,42,168
02/27/2013,EUG,OR,ANM,WE,Combined TRACON& Tower with Radar,15,29,11,3,58,0,1,65,0,66,15,30,76,3,124,170,0,170,294
02/28/2013,EUG,OR,ANM,WE,Combined TRACON& Tower with Radar,22,30,23,2,77,0,0,4,0,4,22,30,27,2,81,26,0,26,107
03/01/2013,EUG,OR,ANM,WE,Combined TRACON& Tower with Radar,22,22,19,12,75,0,3,90,3,96,22,25,109,15,171,106,0,106,277
03/02/2013,EUG,OR,ANM,WE,Combined TRACON& Tower with Radar,10,23,11,0,44,0,0,5,1,6,10,23,16,1,50,4,0,4,54
03/03/2013,EUG,OR,ANM,WE,Combined TRACON& Tower with Radar,15,28,16,0,59,0,1,32,0,33,15,29,48,0,92,22,0,22,114
03/04/2013,EUG,OR,ANM,WE,Combined TRACON& Tower with Radar,20,32,11,0,63,0,1,54,0,55,20,33,65,0,118,46,0,46,164
03/05/2013,EUG,OR,ANM,WE,Combined TRACON& Tower with Radar,11,34,16,12,73,0,1,14,0,15,11,35,30,12,88,32,0,32,120
03/06/2013,EUG,OR,ANM,WE,Combined TRACON& Tower with Radar,11,33,8,8,60,0,1,1,0,2,11,34,9,8,62,54,0,54,116
03/07/2013,EUG,OR,ANM,WE,Combined TRACON& Tower with Radar,14,34,18,0,66,0,2,72,0,74,14,36,90,0,140,160,0,160,300
03/08/2013,EUG,OR,ANM,WE,Combined TRACON& Tower with Radar,17,28,23,0,68,0,2,65,0,67,17,30,88,0,135,62,0,62,197
03/09/2013,EUG,OR,ANM,WE,Combined TRACON& Tower with Radar,11,27,7,0,45,0,0,82,0,82,11,27,89,0,127,50,0,50,177
03/10/2013,EUG,OR,ANM,WE,Combined TRACON& Tower with Radar,15,27,12,0,54,0,4,27,0,31,15,31,39,0,85,26,0,26,111
03/11/2013,EUG,OR,ANM,WE,Combined TRACON& Tower with Radar,18,32,27,0,77,0,2,31,0,33,18,34,58,0,110,88,0,88,198
03/12/2013,EUG,OR,ANM,WE,Combined TRACON& Tower with Radar,12,31,35,0,78,0,0,28,0,28,12,31,63,0,106,98,0,98,204
03/13/2013,EUG,OR,ANM,WE,Combined TRACON& Tower with Radar,12,27,21,6,66,0,4,65,0,69,12,31,86,6,135,84,0,84,219
03/14/2013,EUG,OR,ANM,WE,Combined TRACON& Tower with Radar,16,37,14,16,83,0,3,41,0,44,16,40,55,16,127,24,0,24,151
03/15/2013,EUG,OR,ANM,WE,Combined TRACON& Tower with Radar,18,28,33,3,82,0,2,50,0,52,18,30,83,3,134,74,0,74,208
03/16/2013,EUG,OR,ANM,WE,Combined TRACON& Tower with Radar,9,25,8,0,42,0,1,13,0,14,9,26,21,0,56,12,0,12,68
03/17/2013,EUG,OR,ANM,WE,Combined TRACON& Tower with Radar,15,21,11,0,47,0,0,29,0,29,15,21,40,0,76,38,0,38,114
03/18/2013,EUG,OR,ANM,WE,Combined TRACON& Tower with Radar,21,30,17,0,68,0,2,60,0,62,21,32,77,0,130,80,0,80,210
03/19/2013,EUG,OR,ANM,WE,Combined TRACON& Tower with Radar,11,30,15,0,56,0,3,33,0,36,11,33,48,0,92,84,0,84,176
03/20/2013,EUG,OR,ANM,WE,Combined TRACON& Tower with Radar,11,29,16,0,56,0,1,17,0,18,11,30,33,0,74,30,0,30,104
03/21/2013,EUG,OR,ANM,WE,Combined TRACON& Tower with Radar,17,33,23,6,79,0,2,26,1,29,17,35,49,7,108,26,10,36,144
03/22/2013,EUG,OR,ANM,WE,Combined TRACON& Tower with Radar,19,31,21,0,71,0,0,54,0,54,19,31,75,0,125,66,0,66,191
03/23/2013,EUG,OR,ANM,WE,Combined TRACON& Tower with Radar,15,31,17,1,64,0,0,28,0,28,15,31,45,1,92,14,0,14,106
03/24/2013,EUG,OR,ANM,WE,Combined TRACON& Tower with Radar,16,24,10,0,50,0,0,55,0,55,16,24,65,0,105,52,0,52,157
03/25/2013,EUG,OR,ANM,WE,Combined TRACON& Tower with Radar,19,29,12,0,60,0,3,49,0,52,19,32,61,0,112,44,0,44,156
03/26/2013,EUG,OR,ANM,WE,Combined TRACON& Tower with Radar,10,34,18,5,67,0,1,17,11,29,10,35,35,16,96,30,36,66,162
03/27/2013,EUG,OR,ANM,WE,Combined TRACON& Tower with Radar,16,30,20,2,68,0,1,11,0,12,16,31,31,2,80,14,8,22,102
03/28/2013,EUG,OR,ANM,WE,Combined TRACON& Tower with Radar,14,29,13,2,58,0,1,16,0,17,14,30,29,2,75,24,0,24,99
03/29/2013,EUG,OR,ANM,WE,Combined TRACON& Tower with Radar,17,28,3,0,48,0,2,36,1,39,17,30,39,1,87,28,2,30,117
03/30/2013,EUG,OR,ANM,WE,Combined TRACON& Tower with Radar,11,20,9,1,41,0,3,52,0,55,11,23,61,1,96,8,0,8,104
03/31/2013,EUG,OR,ANM,WE,Combined TRACON& Tower with Radar,15,22,15,0,52,0,0,25,0,25,15,22,40,0,77,4,0,4,81
04/01/2013,EUG,OR,ANM,WE,Combined TRACON& Tower with Radar,19,30,34,0,83,0,0,21,0,21,19,30,55,0,104,78,0,78,182
04/02/2013,EUG,OR,ANM,WE,Combined TRACON& Tower with Radar,11,34,22,1,68,0,4,60,0,64,11,38,82,1,132,90,0,90,222
04/03/2013,EUG,OR,ANM,WE,Combined TRACON& Tower with Radar,12,30,14,11,67,0,6,45,0,51,12,36,59,11,118,72,0,72,190
04/04/2013,EUG,OR,ANM,WE,Combined TRACON& Tower with Radar,15,33,26,10,84,0,1,1,0,2,15,34,27,10,86,0,0,0,86
04/05/2013,EUG,OR,ANM,WE,Combined TRACON& Tower with Radar,19,31,20,0,70,0,1,16,0,17,19,32,36,0,87,0,16,16,103
04/06/2013,EUG,OR,ANM,WE,Combined TRACON& Tower with Radar,11,24,9,0,44,0,0,16,0,16,11,24,25,0,60,46,0,46,106
04/07/2013,EUG,OR,ANM,WE,Combined TRACON& Tower with Radar,14,23,9,0,46,0,0,2,0,2,14,23,11,0,48,0,0,0,48
04/08/2013,EUG,OR,ANM,WE,Combined TRACON& Tower with Radar,19,27,13,0,59,0,2,27,0,29,19,29,40,0,88,72,0,72,160
04/09/2013,EUG,OR,ANM,WE,Combined TRACON& Tower with Radar,16,27,23,2,68,0,3,67,5,75,16,30,90,7,143,94,17,111,254
04/10/2013,EUG,OR,ANM,WE,Combined TRACON& Tower with Radar,15,28,20,10,73,0,1,49,0,50,15,29,69,10,123,66,0,66,189
04/11/2013,EUG,OR,ANM,WE,Combined TRACON& Tower with Radar,18,25,21,4,68,0,2,81,1,84,18,27,102,5,152,130,0,130,282
04/12/2013,EUG,OR,ANM,WE,Combined TRACON& Tower with Radar,23,24,30,0,77,0,1,64,0,65,23,25,94,0,142,46,0,46,188
04/13/2013,EUG,OR,ANM,WE,Combined TRACON& Tower with Radar,14,20,8,4,46,0,1,32,0,33,14,21,40,4,79,58,0,58,137
04/14/2013,EUG,OR,ANM,WE,Combined TRACON& Tower with Radar,21,14,11,0,46,0,1,10,0,11,21,15,21,0,57,5,0,5,62
04/15/2013,EUG,OR,ANM,WE,Combined TRACON& Tower with Radar,20,29,15,3,67,0,1,21,0,22,20,30,36,3,89,52,0,52,141
04/16/2013,EUG,OR,ANM,WE,Combined TRACON& Tower with Radar,12,28,12,6,58,0,3,88,3,94,12,31,100,9,152,98,24,122,274
04/17/2013,EUG,OR,ANM,WE,Combined TRACON& Tower with Radar,12,28,20,6,66,0,1,60,1,62,12,29,80,7,128,93,44,137,265
04/18/2013,EUG,OR,ANM,WE,Combined TRACON& Tower with Radar,12,27,24,12,75,0,2,68,4,74,12,29,92,16,149,134,48,182,331
04/19/2013,EUG,OR,ANM,WE,Combined TRACON& Tower with Radar,20,27,26,2,75,0,1,16,0,17,20,28,42,2,92,64,0,64,156
04/20/2013,EUG,OR,ANM,WE,Combined TRACON& Tower with Radar,11,21,18,0,50,0,1,57,0,58,11,22,75,0,108,76,0,76,184
04/21/2013,EUG,OR,ANM,WE,Combined TRACON& Tower with Radar,15,19,16,0,50,0,0,22,0,22,15,19,38,0,72,32,0,32,104
04/22/2013,EUG,OR,ANM,WE,Combined TRACON& Tower with Radar,21,32,21,0,74,0,2,61,0,63,21,34,82,0,137,82,0,82,219
04/23/2013,EUG,OR,ANM,WE,Combined TRACON& Tower with Radar,16,26,21,5,68,0,4,90,3,97,16,30,111,8,165,104,48,152,317
04/24/2013,EUG,OR,ANM,WE,Combined TRACON& Tower with Radar,14,27,21,0,62,0,5,85,0,90,14,32,106,0,152,84,0,84,236
04/25/2013,EUG,OR,ANM,WE,Combined TRACON& Tower with Radar,15,29,14,0,58,0,3,86,3,92,15,32,100,3,150,130,0,130,280
04/26/2013,EUG,OR,ANM,WE,Combined TRACON& Tower with Radar,18,27,23,13,81,6,2,65,0,73,24,29,88,13,154,82,0,82,236
04/27/2013,EUG,OR,ANM,WE,Combined TRACON& Tower with Radar,11,23,13,5,52,0,2,62,2,66,11,25,75,7,118,46,6,52,170
04/28/2013,EUG,OR,ANM,WE,Combined TRACON& Tower with Radar,18,19,11,16,64,0,0,37,0,37,18,19,48,16,101,6,26,32,133
04/29/2013,EUG,OR,ANM,WE,Combined TRACON& Tower with Radar,21,36,16,2,75,0,2,37,1,40,21,38,53,3,115,56,50,106,221
04/30/2013,EUG,OR,ANM,WE,Combined TRACON& Tower with Radar,13,29,11,6,59,5,4,88,1,98,18,33,99,7,157,150,92,242,399
05/01/2013,EUG,OR,ANM,WE,Combined TRACON& Tower with Radar,14,32,25,5,76,3,3,62,2,70,17,35,87,7,146,88,14,102,248
05/02/2013,EUG,OR,ANM,WE,Combined TRACON& Tower with Radar,14,32,19,0,65,2,3,86,0,91,16,35,105,0,156,118,0,118,274
05/03/2013,EUG,OR,ANM,WE,Combined TRACON& Tower with Radar,20,28,5,2,55,0,4,56,2,62,20,32,61,4,117,28,0,28,145
05/04/2013,EUG,OR,ANM,WE,Combined TRACON& Tower with Radar,14,22,3,0,39,0,0,82,0,82,14,22,85,0,121,96,0,96,217
05/05/2013,EUG,OR,ANM,WE,Combined TRACON& Tower with Radar,14,20,7,0,41,0,2,46,0,48,14,22,53,0,89,8,0,8,97
05/06/2013,EUG,OR,ANM,WE,Combined TRACON& Tower with Radar,22,28,15,5,70,0,2,59,0,61,22,30,74,5,131,60,0,60,191
05/07/2013,EUG,OR,ANM,WE,Combined TRACON& Tower with Radar,13,27,25,2,67,0,3,73,0,76,13,30,98,2,143,74,0,74,217
05/08/2013,EUG,OR,ANM,WE,Combined TRACON& Tower with Radar,13,32,13,1,59,0,2,51,1,54,13,34,64,2,113,130,0,130,243
05/09/2013,EUG,OR,ANM,WE,Combined TRACON& Tower with Radar,15,26,17,7,65,0,4,55,3,62,15,30,72,10,127,84,0,84,211
05/10/2013,EUG,OR,ANM,WE,Combined TRACON& Tower with Radar,20,24,19,0,63,0,5,79,1,85,20,29,98,1,148,222,4,226,374
05/11/2013,EUG,OR,ANM,WE,Combined TRACON& Tower with Radar,13,19,13,2,47,0,0,61,0,61,13,19,74,2,108,42,0,42,150
05/12/2013,EUG,OR,ANM,WE,Combined TRACON& Tower with Radar,14,32,11,0,57,0,0,22,0,22,14,32,33,0,79,8,0,8,87
05/13/2013,EUG,OR,ANM,WE,Combined TRACON& Tower with Radar,21,32,19,2,74,0,0,28,0,28,21,32,47,2,102,58,0,58,160
05/14/2013,EUG,OR,ANM,WE,Combined TRACON& Tower with Radar,14,28,9,0,51,0,6,88,0,94,14,34,97,0,145,126,0,126,271
05/15/2013,EUG,OR,ANM,WE,Combined TRACON& Tower with Radar,16,31,30,13,90,0,1,43,2,46,16,32,73,15,136,76,38,114,250
05/16/2013,EUG,OR,ANM,WE,Combined TRACON& Tower with Radar,15,29,18,0,62,0,2,33,0,35,15,31,51,0,97,88,0,88,185
05/17/2013,EUG,OR,ANM,WE,Combined TRACON& Tower with Radar,28,25,17,0,70,0,2,70,0,72,28,27,87,0,142,150,0,150,292
05/18/2013,EUG,OR,ANM,WE,Combined TRACON& Tower with Radar,14,24,14,0,52,0,2,42,2,46,14,26,56,2,98,70,0,70,168
05/19/2013,EUG,OR,ANM,WE,Combined TRACON& Tower with Radar,21,16,18,3,58,0,0,62,0,62,21,16,80,3,120,98,0,98,218
05/20/2013,EUG,OR,ANM,WE,Combined TRACON& Tower with Radar,21,27,20,25,93,0,3,58,0,61,21,30,78,25,154,60,0,60,214
05/21/2013,EUG,OR,ANM,WE,Combined TRACON& Tower with Radar,15,32,25,4,76,0,0,1,0,1,15,32,26,4,77,0,4,4,81
05/22/2013,EUG,OR,ANM,WE,Combined TRACON& Tower with Radar,16,30,16,21,83,0,0,1,0,1,16,30,17,21,84,0,0,0,84
05/23/2013,EUG,OR,ANM,WE,Combined TRACON& Tower with Radar,14,30,33,0,77,0,1,31,0,32,14,31,64,0,109,50,0,50,159
05/24/2013,EUG,OR,ANM,WE,Combined TRACON& Tower with Radar,20,28,20,6,74,0,1,66,0,67,20,29,86,6,141,104,14,118,259
05/25/2013,EUG,OR,ANM,WE,Combined TRACON& Tower with Radar,15,25,18,0,58,0,1,60,0,61,15,26,78,0,119,56,0,56,175
05/26/2013,EUG,OR,ANM,WE,Combined TRACON& Tower with Radar,13,22,7,0,42,0,0,20,0,20,13,22,27,0,62,16,0,16,78
05/27/2013,EUG,OR,ANM,WE,Combined TRACON& Tower with Radar,24,19,9,0,52,0,0,5,0,5,24,19,14,0,57,12,0,12,69
05/28/2013,EUG,OR,ANM,WE,Combined TRACON& Tower with Radar,13,30,17,8,68,0,0,49,0,49,13,30,66,8,117,62,0,62,179
05/29/2013,EUG,OR,ANM,WE,Combined TRACON& Tower with Radar,16,32,25,4,77,0,1,25,4,30,16,33,50,8,107,56,0,56,163
05/30/2013,EUG,OR,ANM,WE,Combined TRACON& Tower with Radar,17,28,23,0,68,0,4,79,3,86,17,32,102,3,154,94,0,94,248
05/31/2013,EUG,OR,ANM,WE,Combined TRACON& Tower with Radar,20,26,19,0,65,0,4,119,0,123,20,30,138,0,188,140,0,140,328
06/01/2013,EUG,OR,ANM,WE,Combined TRACON& Tower with Radar,13,23,22,1,59,0,1,93,3,97,13,24,115,4,156,90,6,96,252
06/02/2013,EUG,OR,ANM,WE,Combined TRACON& Tower with Radar,21,21,23,0,65,0,0,37,0,37,21,21,60,0,102,14,0,14,116
06/03/2013,EUG,OR,ANM,WE,Combined TRACON& Tower with Radar,26,29,17,3,75,0,2,93,0,95,26,31,110,3,170,116,0,116,286
06/04/2013,EUG,OR,ANM,WE,Combined TRACON& Tower with Radar,16,27,9,19,71,0,3,87,4,94,16,30,96,23,165,94,20,114,279
06/05/2013,EUG,OR,ANM,WE,Combined TRACON& Tower with Radar,14,22,12,15,63,0,4,86,6,96,14,26,98,21,159,96,68,164,323
06/06/2013,EUG,OR,ANM,WE,Combined TRACON& Tower with Radar,32,24,14,11,81,0,4,48,14,66,32,28,62,25,147,68,6,74,221
06/07/2013,EUG,OR,ANM,WE,Combined TRACON& Tower with Radar,27,22,19,0,68,0,6,80,0,86,27,28,99,0,154,80,0,80,234
06/08/2013,EUG,OR,ANM,WE,Combined TRACON& Tower with Radar,19,24,14,0,57,0,0,118,0,118,19,24,132,0,175,40,0,40,215
06/09/2013,EUG,OR,ANM,WE,Combined TRACON& Tower with Radar,26,22,11,7,66,0,0,29,1,30,26,22,40,8,96,10,0,10,106
06/10/2013,EUG,OR,ANM,WE,Combined TRACON& Tower with Radar,25,27,19,0,71,0,3,77,0,80,25,30,96,0,151,90,0,90,241
06/11/2013,EUG,OR,ANM,WE,Combined TRACON& Tower with Radar,25,24,26,3,78,0,2,38,3,43,25,26,64,6,121,76,0,76,197
06/12/2013,EUG,OR,ANM,WE,Combined TRACON& Tower with Radar,26,31,24,0,81,0,2,47,0,49,26,33,71,0,130,104,0,104,234
06/13/2013,EUG,OR,ANM,WE,Combined TRACON& Tower with Radar,28,31,6,10,75,3,1,21,1,26,31,32,27,11,101,80,15,95,196
06/14/2013,EUG,OR,ANM,WE,Combined TRACON& Tower with Radar,26,26,18,10,80,0,2,75,0,77,26,28,93,10,157,68,0,68,225
06/15/2013,EUG,OR,ANM,WE,Combined TRACON& Tower with Radar,15,25,13,0,53,0,0,90,0,90,15,25,103,0,143,58,0,58,201
06/16/2013,EUG,OR,ANM,WE,Combined TRACON& Tower with Radar,25,25,9,0,59,0,0,39,0,39,25,25,48,0,98,24,0,24,122
06/17/2013,EUG,OR,ANM,WE,Combined TRACON& Tower with Radar,28,31,28,2,89,0,2,21,0,23,28,33,49,2,112,8,0,8,120
06/18/2013,EUG,OR,ANM,WE,Combined TRACON& Tower with Radar,26,27,16,10,79,0,2,29,0,31,26,29,45,10,110,20,0,20,130
06/19/2013,EUG,OR,ANM,WE,Combined TRACON& Tower with Radar,27,30,10,17,84,0,0,6,0,6,27,30,16,17,90,2,2,4,94
06/20/2013,EUG,OR,ANM,WE,Combined TRACON& Tower with Radar,27,32,14,10,83,0,1,20,1,22,27,33,34,11,105,8,0,8,113
06/21/2013,EUG,OR,ANM,WE,Combined TRACON& Tower with Radar,28,27,24,3,82,0,1,57,2,60,28,28,81,5,142,52,28,80,222
06/22/2013,EUG,OR,ANM,WE,Combined TRACON& Tower with Radar,18,27,12,0,57,0,0,77,0,77,18,27,89,0,134,16,0,16,150
06/23/2013,EUG,OR,ANM,WE,Combined TRACON& Tower with Radar,24,22,17,2,65,0,0,14,0,14,24,22,31,2,79,24,0,24,103
06/24/2013,EUG,OR,ANM,WE,Combined TRACON& Tower with Radar,24,28,34,18,104,0,1,13,0,14,24,29,47,18,118,46,16,62,180
06/25/2013,EUG,OR,ANM,WE,Combined TRACON& Tower with Radar,21,28,14,14,77,0,1,21,0,22,21,29,35,14,99,60,0,60,159
06/26/2013,EUG,OR,ANM,WE,Combined TRACON& Tower with Radar,26,29,19,8,82,0,3,18,0,21,26,32,37,8,103,0,0,0,103
06/27/2013,EUG,OR,ANM,WE,Combined TRACON& Tower with Radar,25,29,21,0,75,0,3,58,0,61,25,32,79,0,136,0,0,0,136
06/28/2013,EUG,OR,ANM,WE,Combined TRACON& Tower with Radar,25,27,16,0,68,0,3,119,0,122,25,30,135,0,190,104,0,104,294
06/29/2013,EUG,OR,ANM,WE,Combined TRACON& Tower with Radar,22,27,10,0,59,0,2,47,0,49,22,29,57,0,108,0,0,0,108
06/30/2013,EUG,OR,ANM,WE,Combined TRACON& Tower with Radar,25,23,11,0,59,0,0,52,2,54,25,23,63,2,113,22,0,22,135
07/01/2013,EUG,OR,ANM,WE,Combined TRACON& Tower with Radar,26,31,23,0,80,0,4,69,3,76,26,35,92,3,156,52,0,52,208
07/02/2013,EUG,OR,ANM,WE,Combined TRACON& Tower with Radar,19,33,22,9,83,0,4,91,2,97,19,37,113,11,180,62,0,62,242
07/03/2013,EUG,OR,ANM,WE,Combined TRACON& Tower with Radar,23,31,24,1,79,0,4,79,1,84,23,35,103,2,163,82,0,82,245
07/04/2013,EUG,OR,ANM,WE,Combined TRACON& Tower with Radar,17,22,7,0,46,0,0,56,0,56,17,22,63,0,102,24,0,24,126
07/05/2013,EUG,OR,ANM,WE,Combined TRACON& Tower with Radar,18,26,14,0,58,0,3,69,0,72,18,29,83,0,130,114,0,114,244
07/06/2013,EUG,OR,ANM,WE,Combined TRACON& Tower with Radar,18,18,10,0,46,0,3,54,0,57,18,21,64,0,103,26,0,26,129
07/07/2013,EUG,OR,ANM,WE,Combined TRACON& Tower with Radar,27,16,13,0,56,0,1,57,0,58,27,17,70,0,114,64,0,64,178
07/08/2013,EUG,OR,ANM,WE,Combined TRACON& Tower with Radar,24,29,28,11,92,0,3,61,0,64,24,32,89,11,156,68,20,88,244
07/09/2013,EUG,OR,ANM,WE,Combined TRACON& Tower with Radar,20,25,27,1,73,0,4,72,19,95,20,29,99,20,168,54,0,54,222
07/10/2013,EUG,OR,ANM,WE,Combined TRACON& Tower with Radar,20,34,20,1,75,0,3,118,2,123,20,37,138,3,198,150,16,166,364
07/11/2013,EUG,OR,ANM,WE,Combined TRACON& Tower with Radar,24,28,25,4,81,0,3,84,2,89,24,31,109,6,170,46,10,56,226
07/12/2013,EUG,OR,ANM,WE,Combined TRACON& Tower with Radar,23,24,17,4,68,0,3,86,0,89,23,27,103,4,157,80,8,88,245
07/13/2013,EUG,OR,ANM,WE,Combined TRACON& Tower with Radar,18,23,27,4,72,0,22,34,0,56,18,45,61,4,128,50,18,68,196
07/14/2013,EUG,OR,ANM,WE,Combined TRACON& Tower with Radar,28,20,3,0,51,0,3,46,0,49,28,23,49,0,100,48,0,48,148
07/15/2013,EUG,OR,ANM,WE,Combined TRACON& Tower with Radar,25,33,26,3,87,0,3,54,0,57,25,36,80,3,144,112,0,112,256
07/16/2013,EUG,OR,ANM,WE,Combined TRACON& Tower with Radar,19,37,20,0,76,0,3,58,0,61,19,40,78,0,137,0,0,0,137
07/17/2013,EUG,OR,ANM,WE,Combined TRACON& Tower with Radar,21,33,28,22,104,0,5,50,2,57,21,38,78,24,161,64,118,182,343
07/18/2013,EUG,OR,ANM,WE,Combined TRACON& Tower with Radar,25,29,41,7,102,0,5,66,0,71,25,34,107,7,173,80,0,80,253
07/19/2013,EUG,OR,ANM,WE,Combined TRACON& Tower with Radar,24,29,16,1,70,0,4,84,0,88,24,33,100,1,158,56,0,56,214
07/20/2013,EUG,OR,ANM,WE,Combined TRACON& Tower with Radar,19,25,21,0,65,0,0,51,0,51,19,25,72,0,116,28,0,28,144
07/21/2013,EUG,OR,ANM,WE,Combined TRACON& Tower with Radar,26,26,22,0,74,0,0,35,0,35,26,26,57,0,109,0,0,0,109
07/22/2013,EUG,OR,ANM,WE,Combined TRACON& Tower with Radar,24,30,14,6,74,0,4,79,4,87,24,34,93,10,161,62,16,78,239
07/23/2013,EUG,OR,ANM,WE,Combined TRACON& Tower with Radar,23,32,22,23,100,0,7,73,1,81,23,39,95,24,181,42,22,64,245
07/24/2013,EUG,OR,ANM,WE,Combined TRACON& Tower with Radar,20,27,27,20,94,0,5,66,19,90,20,32,93,39,184,68,104,172,356
07/25/2013,EUG,OR,ANM,WE,Combined TRACON& Tower with Radar,24,31,24,15,94,0,3,49,1,53,24,34,73,16,147,0,0,0,147
07/26/2013,EUG,OR,ANM,WE,Combined TRACON& Tower with Radar,25,30,15,1,71,0,2,62,1,65,25,32,77,2,136,46,16,62,198
07/27/2013,EUG,OR,ANM,WE,Combined TRACON& Tower with Radar,17,22,12,4,55,0,1,60,2,63,17,23,72,6,118,0,24,24,142
07/28/2013,EUG,OR,ANM,WE,Combined TRACON& Tower with Radar,26,21,4,0,51,0,0,32,2,34,26,21,36,2,85,8,0,8,93
07/29/2013,EUG,OR,ANM,WE,Combined TRACON& Tower with Radar,21,31,12,5,69,0,2,63,0,65,21,33,75,5,134,154,0,154,288
07/30/2013,EUG,OR,ANM,WE,Combined TRACON& Tower with Radar,21,29,25,5,80,0,1,63,0,64,21,30,88,5,144,80,2,82,226
07/31/2013,EUG,OR,ANM,WE,Combined TRACON& Tower with Radar,19,33,20,10,82,0,2,26,1,29,19,35,46,11,111,0,0,0,111
08/01/2013,EUG,OR,ANM,WE,Combined TRACON& Tower with Radar,24,34,52,0,110,0,0,21,3,24,24,34,73,3,134,54,0,54,188
08/02/2013,EUG,OR,ANM,WE,Combined TRACON& Tower with Radar,23,32,22,14,91,0,3,74,3,80,23,35,96,17,171,60,24,84,255
08/03/2013,EUG,OR,ANM,WE,Combined TRACON& Tower with Radar,20,23,19,0,62,0,0,44,4,48,20,23,63,4,110,14,0,14,124
08/04/2013,EUG,OR,ANM,WE,Combined TRACON& Tower with Radar,29,23,13,0,65,0,1,66,0,67,29,24,79,0,132,26,0,26,158
08/05/2013,EUG,OR,ANM,WE,Combined TRACON& Tower with Radar,23,28,19,4,74,0,2,81,0,83,23,30,100,4,157,64,0,64,221
08/06/2013,EUG,OR,ANM,WE,Combined TRACON& Tower with Radar,19,34,18,2,73,0,3,87,0,90,19,37,105,2,163,108,0,108,271
08/07/2013,EUG,OR,ANM,WE,Combined TRACON& Tower with Radar,20,29,39,17,105,0,6,63,1,70,20,35,102,18,175,42,50,92,267
08/08/2013,EUG,OR,ANM,WE,Combined TRACON& Tower with Radar,23,30,28,0,81,0,4,76,0,80,23,34,104,0,161,52,0,52,213
08/09/2013,EUG,OR,ANM,WE,Combined TRACON& Tower with Radar,25,33,22,0,80,0,5,96,0,101,25,38,118,0,181,124,10,134,315
08/10/2013,EUG,OR,ANM,WE,Combined TRACON& Tower with Radar,18,22,12,8,60,0,0,49,0,49,18,22,61,8,109,48,0,48,157
08/11/2013,EUG,OR,ANM,WE,Combined TRACON& Tower with Radar,25,24,10,11,70,0,0,46,0,46,25,24,56,11,116,40,16,56,172
08/12/2013,EUG,OR,ANM,WE,Combined TRACON& Tower with Radar,23,33,14,0,70,0,2,39,0,41,23,35,53,0,111,72,0,72,183
08/13/2013,EUG,OR,ANM,WE,Combined TRACON& Tower with Radar,19,28,14,5,66,0,2,81,0,83,19,30,95,5,149,84,0,84,233
08/14/2013,EUG,OR,ANM,WE,Combined TRACON& Tower with Radar,18,31,19,13,81,0,7,74,1,82,18,38,93,14,163,64,8,72,235
08/15/2013,EUG,OR,ANM,WE,Combined TRACON& Tower with Radar,25,32,24,6,87,0,1,85,0,86,25,33,109,6,173,84,12,96,269
08/16/2013,EUG,OR,ANM,WE,Combined TRACON& Tower with Radar,17,30,32,0,79,0,3,62,0,65,17,33,94,0,144,82,0,82,226
08/17/2013,EUG,OR,ANM,WE,Combined TRACON& Tower with Radar,13,27,20,0,60,1,1,60,0,62,14,28,80,0,122,40,0,40,162
08/18/2013,EUG,OR,ANM,WE,Combined TRACON& Tower with Radar,25,26,20,0,71,0,1,58,0,59,25,27,78,0,130,66,0,66,196
08/19/2013,EUG,OR,ANM,WE,Combined TRACON& Tower with Radar,18,35,25,5,83,0,1,84,1,86,18,36,109,6,169,84,36,120,289
08/20/2013,EUG,OR,ANM,WE,Combined TRACON& Tower with Radar,19,29,22,8,78,0,3,73,8,84,19,32,95,16,162,66,54,120,282
08/21/2013,EUG,OR,ANM,WE,Combined TRACON& Tower with Radar,14,30,17,13,74,0,4,69,0,73,14,34,86,13,147,80,0,80,227
08/22/2013,EUG,OR,ANM,WE,Combined TRACON& Tower with Radar,23,36,26,3,88,0,14,67,0,81,23,50,93,3,169,56,0,56,225
08/23/2013,EUG,OR,ANM,WE,Combined TRACON& Tower with Radar,17,33,24,4,78,0,4,61,0,65,17,37,85,4,143,66,0,66,209
08/24/2013,EUG,OR,ANM,WE,Combined TRACON& Tower with Radar,11,27,20,1,59,0,0,74,0,74,11,27,94,1,133,68,0,68,201
08/25/2013,EUG,OR,ANM,WE,Combined TRACON& Tower with Radar,21,31,20,0,72,0,0,17,0,17,21,31,37,0,89,0,0,0,89
08/26/2013,EUG,OR,ANM,WE,Combined TRACON& Tower with Radar,18,34,21,16,89,0,5,70,1,76,18,39,91,17,165,52,6,58,223
08/27/2013,EUG,OR,ANM,WE,Combined TRACON& Tower with Radar,19,24,21,23,87,0,4,79,0,83,19,28,100,23,170,42,0,42,212
08/28/2013,EUG,OR,ANM,WE,Combined TRACON& Tower with Radar,17,27,33,15,92,0,4,88,16,108,17,31,121,31,200,56,32,88,288
08/29/2013,EUG,OR,ANM,WE,Combined TRACON& Tower with Radar,24,25,45,13,107,0,2,45,0,47,24,27,90,13,154,50,0,50,204
08/30/2013,EUG,OR,ANM,WE,Combined TRACON& Tower with Radar,21,28,13,1,63,0,0,41,1,42,21,28,54,2,105,0,0,0,105
08/31/2013,EUG,OR,ANM,WE,Combined TRACON& Tower with Radar,12,28,20,1,61,0,1,66,1,68,12,29,86,2,129,35,0,35,164
09/01/2013,EUG,OR,ANM,WE,Combined TRACON& Tower with Radar,24,17,11,0,52,0,0,54,0,54,24,17,65,0,106,6,0,6,112
09/02/2013,EUG,OR,ANM,WE,Combined TRACON& Tower with Radar,23,23,19,0,65,0,0,31,0,31,23,23,50,0,96,18,0,18,114
09/03/2013,EUG,OR,ANM,WE,Combined TRACON& Tower with Radar,23,26,21,29,99,8,6,35,2,51,31,32,56,31,150,38,50,88,238
09/04/2013,EUG,OR,ANM,WE,Combined TRACON& Tower with Radar,20,22,31,20,93,6,4,66,0,76,26,26,97,20,169,94,22,116,285
09/05/2013,EUG,OR,ANM,WE,Combined TRACON& Tower with Radar,27,30,24,0,81,0,1,14,0,15,27,31,38,0,96,28,0,28,124
09/06/2013,EUG,OR,ANM,WE,Combined TRACON& Tower with Radar,21,23,26,0,70,0,3,28,0,31,21,26,54,0,101,0,0,0,101
09/07/2013,EUG,OR,ANM,WE,Combined TRACON& Tower with Radar,12,25,14,7,58,0,0,30,1,31,12,25,44,8,89,0,0,0,89
09/08/2013,EUG,OR,ANM,WE,Combined TRACON& Tower with Radar,29,21,10,0,60,0,0,32,0,32,29,21,42,0,92,0,0,0,92
09/09/2013,EUG,OR,ANM,WE,Combined TRACON& Tower with Radar,21,25,20,2,68,0,3,40,0,43,21,28,60,2,111,0,0,0,111
09/10/2013,EUG,OR,ANM,WE,Combined TRACON& Tower with Radar,20,30,37,0,87,0,2,41,0,43,20,32,78,0,130,0,0,0,130
09/11/2013,EUG,OR,ANM,WE,Combined TRACON& Tower with Radar,21,22,24,2,69,0,3,51,0,54,21,25,75,2,123,0,0,0,123
09/12/2013,EUG,OR,ANM,WE,Combined TRACON& Tower with Radar,26,25,29,0,80,0,3,38,0,41,26,28,67,0,121,0,0,0,121
09/13/2013,EUG,OR,ANM,WE,Combined TRACON& Tower with Radar,23,31,37,4,95,0,2,32,0,34,23,33,69,4,129,0,0,0,129
09/14/2013,EUG,OR,ANM,WE,Combined TRACON& Tower with Radar,17,35,58,0,110,0,0,15,0,15,17,35,73,0,125,0,0,0,125
09/15/2013,EUG,OR,ANM,WE,Combined TRACON& Tower with Radar,27,18,16,0,61,0,0,7,0,7,27,18,23,0,68,0,0,0,68
09/16/2013,EUG,OR,ANM,WE,Combined TRACON& Tower with Radar,25,27,18,6,76,0,0,21,0,21,25,27,39,6,97,0,0,0,97
09/17/2013,EUG,OR,ANM,WE,Combined TRACON& Tower with Radar,21,28,18,2,69,0,3,14,0,17,21,31,32,2,86,0,0,0,86
09/18/2013,EUG,OR,ANM,WE,Combined TRACON& Tower with Radar,24,28,20,4,76,0,3,39,0,42,24,31,59,4,118,0,0,0,118
09/19/2013,EUG,OR,ANM,WE,Combined TRACON& Tower with Radar,29,26,20,12,87,0,4,48,6,58,29,30,68,18,145,0,0,0,145
09/20/2013,EUG,OR,ANM,WE,Combined TRACON& Tower with Radar,24,24,25,2,75,0,3,17,0,20,24,27,42,2,95,0,0,0,95
09/21/2013,EUG,OR,ANM,WE,Combined TRACON& Tower with Radar,17,24,12,0,53,0,1,12,0,13,17,25,24,0,66,0,0,0,66
09/22/2013,EUG,OR,ANM,WE,Combined TRACON& Tower with Radar,28,24,8,0,60,0,1,0,0,1,28,25,8,0,61,0,0,0,61
09/23/2013,EUG,OR,ANM,WE,Combined TRACON& Tower with Radar,25,28,15,8,76,0,1,9,0,10,25,29,24,8,86,0,0,0,86
09/24/2013,EUG,OR,ANM,WE,Combined TRACON& Tower with Radar,22,25,23,2,72,0,0,14,0,14,22,25,37,2,86,0,0,0,86
09/25/2013,EUG,OR,ANM,WE,Combined TRACON& Tower with Radar,24,26,29,0,79,0,3,18,0,21,24,29,47,0,100,0,0,0,100
09/26/2013,EUG,OR,ANM,WE,Combined TRACON& Tower with Radar,32,26,18,4,80,0,2,39,1,42,32,28,57,5,122,0,0,0,122
09/27/2013,EUG,OR,ANM,WE,Combined TRACON& Tower with Radar,29,30,28,6,93,0,1,13,0,14,29,31,41,6,107,0,0,0,107
09/28/2013,EUG,OR,ANM,WE,Combined TRACON& Tower with Radar,17,26,22,0,65,1,0,1,0,2,18,26,23,0,67,0,0,0,67
09/29/2013,EUG,OR,ANM,WE,Combined TRACON& Tower with Radar,29,28,11,0,68,0,0,0,0,0,29,28,11,0,68,0,0,0,68
09/30/2013,EUG,OR,ANM,WE,Combined TRACON& Tower with Radar,24,36,19,2,81,0,0,9,0,9,24,36,28,2,90,0,0,0,90
10/01/2013,EUG,OR,ANM,WE,Combined TRACON& Tower with Radar,21,26,26,3,76,0,1,78,0,79,21,27,104,3,155,88,0,88,243
10/02/2013,EUG,OR,ANM,WE,Combined TRACON& Tower with Radar,22,26,24,0,72,0,0,30,0,30,22,26,54,0,102,74,0,74,176
10/03/2013,EUG,OR,ANM,WE,Combined TRACON& Tower with Radar,31,27,34,0,92,0,2,63,0,65,31,29,97,0,157,72,0,72,229
10/04/2013,EUG,OR,ANM,WE,Combined TRACON& Tower with Radar,28,30,30,1,89,0,2,51,0,53,28,32,81,1,142,36,0,36,178
10/05/2013,EUG,OR,ANM,WE,Combined TRACON& Tower with Radar,17,23,8,0,48,0,0,75,0,75,17,23,83,0,123,48,0,48,171
10/06/2013,EUG,OR,ANM,WE,Combined TRACON& Tower with Radar,31,21,13,0,65,0,1,55,0,56,31,22,68,0,121,18,0,18,139
10/07/2013,EUG,OR,ANM,WE,Combined TRACON& Tower with Radar,25,26,9,4,64,0,2,52,0,54,25,28,61,4,118,56,0,56,174
10/08/2013,EUG,OR,ANM,WE,Combined TRACON& Tower with Radar,22,29,33,2,86,0,1,4,1,6,22,30,37,3,92,4,0,4,96
10/09/2013,EUG,OR,ANM,WE,Combined TRACON& Tower with Radar,24,30,28,11,93,0,5,55,0,60,24,35,83,11,153,96,0,96,249
10/10/2013,EUG,OR,ANM,WE,Combined TRACON& Tower with Radar,30,32,38,4,104,0,2,55,1,58,30,34,93,5,162,56,0,56,218
10/11/2013,EUG,OR,ANM,WE,Combined TRACON& Tower with Radar,27,29,28,5,89,0,1,71,0,72,27,30,99,5,161,66,14,80,241
10/12/2013,EUG,OR,ANM,WE,Combined TRACON& Tower with Radar,17,23,33,0,73,0,4,26,0,30,17,27,59,0,103,68,0,68,171
10/13/2013,EUG,OR,ANM,WE,Combined TRACON& Tower with Radar,27,23,9,0,59,0,2,22,0,24,27,25,31,0,83,14,0,14,97
10/14/2013,EUG,OR,ANM,WE,Combined TRACON& Tower with Radar,26,26,20,0,72,0,2,70,0,72,26,28,90,0,144,80,0,80,224
10/15/2013,EUG,OR,ANM,WE,Combined TRACON& Tower with Radar,22,25,13,5,65,1,2,83,0,86,23,27,96,5,151,80,0,80,231
10/16/2013,EUG,OR,ANM,WE,Combined TRACON& Tower with Radar,24,24,18,3,69,0,3,80,1,84,24,27,98,4,153,78,0,78,231
10/17/2013,EUG,OR,ANM,WE,Combined TRACON& Tower with Radar,33,24,18,0,75,0,3,47,0,50,33,27,65,0,125,0,0,0,125
10/18/2013,EUG,OR,ANM,WE,Combined TRACON& Tower with Radar,30,26,21,0,77,0,2,76,0,78,30,28,97,0,155,44,0,44,199
10/19/2013,EUG,OR,ANM,WE,Combined TRACON& Tower with Radar,16,25,34,0,75,0,4,73,0,77,16,29,107,0,152,22,0,22,174
10/20/2013,EUG,OR,ANM,WE,Combined TRACON& Tower with Radar,32,21,10,1,64,0,0,36,0,36,32,21,46,1,100,38,0,38,138
10/21/2013,EUG,OR,ANM,WE,Combined TRACON& Tower with Radar,29,26,20,8,83,0,1,51,0,52,29,27,71,8,135,72,0,72,207
10/22/2013,EUG,OR,ANM,WE,Combined TRACON& Tower with Radar,24,24,24,0,72,0,4,59,0,63,24,28,83,0,135,98,0,98,233
10/23/2013,EUG,OR,ANM,WE,Combined TRACON& Tower with Radar,24,21,24,4,73,0,2,73,0,75,24,23,97,4,148,162,2,164,312
10/24/2013,EUG,OR,ANM,WE,Combined TRACON& Tower with Radar,29,26,17,0,72,0,2,30,0,32,29,28,47,0,104,48,0,48,152
10/25/2013,EUG,OR,ANM,WE,Combined TRACON& Tower with Radar,31,32,23,0,86,0,0,0,0,0,31,32,23,0,86,0,0,0,86
10/26/2013,EUG,OR,ANM,WE,Combined TRACON& Tower with Radar,19,33,47,0,99,0,0,0,0,0,19,33,47,0,99,0,0,0,99
10/27/2013,EUG,OR,ANM,WE,Combined TRACON& Tower with Radar,27,21,13,2,63,0,2,1,0,3,27,23,14,2,66,8,0,8,74
10/28/2013,EUG,OR,ANM,WE,Combined TRACON& Tower with Radar,24,25,16,14,79,0,4,75,0,79,24,29,91,14,158,150,0,150,308
10/29/2013,EUG,OR,ANM,WE,Combined TRACON& Tower with Radar,21,30,12,19,82,0,2,85,0,87,21,32,97,19,169,94,14,108,277
10/30/2013,EUG,OR,ANM,WE,Combined TRACON& Tower with Radar,24,25,27,20,96,0,3,81,0,84,24,28,108,20,180,190,0,190,370
10/31/2013,EUG,OR,ANM,WE,Combined TRACON& Tower with Radar,24,24,21,3,72,0,1,26,0,27,24,25,47,3,99,160,0,160,259
11/01/2013,EUG,OR,ANM,WE,Combined TRACON& Tower with Radar,24,29,24,1,78,0,1,13,0,14,24,30,37,1,92,34,0,34,126
11/02/2013,EUG,OR,ANM,WE,Combined TRACON& Tower with Radar,18,25,5,9,57,0,3,6,0,9,18,28,11,9,66,10,0,10,76
11/03/2013,EUG,OR,ANM,WE,Combined TRACON& Tower with Radar,26,19,10,2,57,0,0,15,0,15,26,19,25,2,72,30,0,30,102
11/04/2013,EUG,OR,ANM,WE,Combined TRACON& Tower with Radar,25,29,9,8,71,1,1,24,0,26,26,30,33,8,97,88,0,88,185
11/05/2013,EUG,OR,ANM,WE,Combined TRACON& Tower with Radar,18,32,20,0,70,0,1,13,0,14,18,33,33,0,84,46,0,46,130
11/06/2013,EUG,OR,ANM,WE,Combined TRACON& Tower with Radar,23,30,36,32,121,0,0,59,1,60,23,30,95,33,181,206,0,206,387
11/07/2013,EUG,OR,ANM,WE,Combined TRACON& Tower with Radar,29,27,30,20,106,0,2,11,1,14,29,29,41,21,120,12,24,36,156
11/08/2013,EUG,OR,ANM,WE,Combined TRACON& Tower with Radar,26,27,17,2,72,3,0,89,0,92,29,27,106,2,164,134,0,134,298
11/09/2013,EUG,OR,ANM,WE,Combined TRACON& Tower with Radar,17,20,16,0,53,0,0,34,0,34,17,20,50,0,87,92,0,92,179
11/10/2013,EUG,OR,ANM,WE,Combined TRACON& Tower with Radar,24,14,17,0,55,0,0,1,0,1,24,14,18,0,56,0,0,0,56
11/11/2013,EUG,OR,ANM,WE,Combined TRACON& Tower with Radar,27,24,13,0,64,0,0,0,0,0,27,24,13,0,64,0,0,0,64
11/12/2013,EUG,OR,ANM,WE,Combined TRACON& Tower with Radar,18,28,24,0,70,0,2,14,0,16,18,30,38,0,86,52,0,52,138
11/13/2013,EUG,OR,ANM,WE,Combined TRACON& Tower with Radar,20,30,34,6,90,0,4,1,0,5,20,34,35,6,95,0,0,0,95
11/14/2013,EUG,OR,ANM,WE,Combined TRACON& Tower with Radar,29,30,28,0,87,0,4,63,2,69,29,34,91,2,156,174,0,174,330
11/15/2013,EUG,OR,ANM,WE,Combined TRACON& Tower with Radar,28,29,39,4,100,0,5,21,0,26,28,34,60,4,126,112,28,140,266
11/16/2013,EUG,OR,ANM,WE,Combined TRACON& Tower with Radar,19,28,29,0,76,0,0,31,0,31,19,28,60,0,107,38,0,38,145
11/17/2013,EUG,OR,ANM,WE,Combined TRACON& Tower with Radar,29,22,15,0,66,0,0,12,0,12,29,22,27,0,78,36,0,36,114
11/18/2013,EUG,OR,ANM,WE,Combined TRACON& Tower with Radar,24,31,18,8,81,0,0,44,0,44,24,31,62,8,125,146,0,146,271
11/19/2013,EUG,OR,ANM,WE,Combined TRACON& Tower with Radar,17,32,25,8,82,1,0,7,0,8,18,32,32,8,90,68,0,68,158
11/20/2013,EUG,OR,ANM,WE,Combined TRACON& Tower with Radar,21,31,29,10,91,0,3,73,0,76,21,34,102,10,167,102,20,122,289
11/21/2013,EUG,OR,ANM,WE,Combined TRACON& Tower with Radar,28,27,36,14,105,0,3,72,3,78,28,30,108,17,183,84,0,84,267
11/22/2013,EUG,OR,ANM,WE,Combined TRACON& Tower with Radar,29,24,29,12,94,1,6,109,8,124,30,30,138,20,218,104,24,128,346
11/23/2013,EUG,OR,ANM,WE,Combined TRACON& Tower with Radar,23,23,17,1,64,1,0,85,1,87,24,23,102,2,151,76,0,76,227
11/24/2013,EUG,OR,ANM,WE,Combined TRACON& Tower with Radar,30,20,11,0,61,0,0,56,0,56,30,20,67,0,117,32,0,32,149
11/25/2013,EUG,OR,ANM,WE,Combined TRACON& Tower with Radar,25,28,23,22,98,0,3,67,5,75,25,31,90,27,173,114,32,146,319
11/26/2013,EUG,OR,ANM,WE,Combined TRACON& Tower with Radar,27,28,29,1,85,0,4,75,0,79,27,32,104,1,164,132,0,132,296
11/27/2013,EUG,OR,ANM,WE,Combined TRACON& Tower with Radar,29,32,26,0,87,0,3,43,0,46,29,35,69,0,133,42,0,42,175
11/28/2013,EUG,OR,ANM,WE,Combined TRACON& Tower with Radar,19,12,2,0,33,0,0,19,0,19,19,12,21,0,52,0,0,0,52
11/29/2013,EUG,OR,ANM,WE,Combined TRACON& Tower with Radar,22,27,46,0,95,0,1,45,0,46,22,28,91,0,141,30,0,30,171
11/30/2013,EUG,OR,ANM,WE,Combined TRACON& Tower with Radar,18,31,11,0,60,1,0,24,0,25,19,31,35,0,85,64,0,64,149
12/01/2013,EUG,OR,ANM,WE,Combined TRACON& Tower with Radar,29,23,21,0,73,0,0,0,0,0,29,23,21,0,73,0,0,0,73
12/02/2013,EUG,OR,ANM,WE,Combined TRACON& Tower with Radar,26,30,24,27,107,0,2,37,3,42,26,32,61,30,149,92,44,136,285
12/03/2013,EUG,OR,ANM,WE,Combined TRACON& Tower with Radar,18,28,15,12,73,0,0,1,0,1,18,28,16,12,74,0,0,0,74
12/04/2013,EUG,OR,ANM,WE,Combined TRACON& Tower with Radar,18,28,12,26,84,0,7,72,1,80,18,35,84,27,164,22,50,72,236
12/05/2013,EUG,OR,ANM,WE,Combined TRACON& Tower with Radar,24,31,25,2,82,0,5,65,0,70,24,36,90,2,152,54,2,56,208
12/06/2013,EUG,OR,ANM,WE,Combined TRACON& Tower with Radar,19,27,12,0,58,0,0,0,0,0,19,27,12,0,58,0,0,0,58
12/07/2013,EUG,OR,ANM,WE,Combined TRACON& Tower with Radar,12,25,10,2,49,0,1,9,0,10,12,26,19,2,59,2,0,2,61
12/08/2013,EUG,OR,ANM,WE,Combined TRACON& Tower with Radar,25,27,11,0,63,0,3,8,0,11,25,30,19,0,74,0,0,0,74
12/09/2013,EUG,OR,ANM,WE,Combined TRACON& Tower with Radar,19,36,16,9,80,2,6,7,0,15,21,42,23,9,95,0,0,0,95
12/10/2013,EUG,OR,ANM,WE,Combined TRACON& Tower with Radar,16,35,16,6,73,0,3,6,0,9,16,38,22,6,82,8,0,8,90
12/11/2013,EUG,OR,ANM,WE,Combined TRACON& Tower with Radar,17,28,13,18,76,0,0,4,0,4,17,28,17,18,80,2,0,2,82
12/12/2013,EUG,OR,ANM,WE,Combined TRACON& Tower with Radar,23,30,14,6,73,0,3,4,0,7,23,33,18,6,80,0,0,0,80
12/13/2013,EUG,OR,ANM,WE,Combined TRACON& Tower with Radar,22,30,20,8,80,0,0,15,0,15,22,30,35,8,95,14,6,20,115
12/14/2013,EUG,OR,ANM,WE,Combined TRACON& Tower with Radar,10,26,3,0,39,0,2,19,0,21,10,28,22,0,60,12,0,12,72
12/15/2013,EUG,OR,ANM,WE,Combined TRACON& Tower with Radar,22,21,13,0,56,0,1,15,0,16,22,22,28,0,72,8,0,8,80
12/16/2013,EUG,OR,ANM,WE,Combined TRACON& Tower with Radar,21,42,17,0,80,0,0,0,0,0,21,42,17,0,80,0,0,0,80
12/17/2013,EUG,OR,ANM,WE,Combined TRACON& Tower with Radar,16,33,19,8,76,0,1,0,0,1,16,34,19,8,77,0,0,0,77
12/18/2013,EUG,OR,ANM,WE,Combined TRACON& Tower with Radar,16,37,22,8,83,0,0,1,2,3,16,37,23,10,86,0,0,0,86
12/19/2013,EUG,OR,ANM,WE,Combined TRACON& Tower with Radar,24,37,20,2,83,0,0,0,0,0,24,37,20,2,83,0,0,0,83
12/20/2013,EUG,OR,ANM,WE,Combined TRACON& Tower with Radar,19,36,15,0,70,0,1,14,0,15,19,37,29,0,85,8,0,8,93
12/21/2013,EUG,OR,ANM,WE,Combined TRACON& Tower with Radar,15,27,15,0,57,0,1,16,0,17,15,28,31,0,74,4,0,4,78
12/22/2013,EUG,OR,ANM,WE,Combined TRACON& Tower with Radar,22,27,17,0,66,0,0,16,0,16,22,27,33,0,82,8,0,8,90
12/23/2013,EUG,OR,ANM,WE,Combined TRACON& Tower with Radar,20,43,15,5,83,0,0,6,2,8,20,43,21,7,91,14,16,30,121
12/24/2013,EUG,OR,ANM,WE,Combined TRACON& Tower with Radar,24,17,6,0,47,0,0,0,0,0,24,17,6,0,47,0,0,0,47
12/25/2013,EUG,OR,ANM,WE,Combined TRACON& Tower with Radar,12,15,10,0,37,0,0,0,0,0,12,15,10,0,37,0,0,0,37
12/26/2013,EUG,OR,ANM,WE,Combined TRACON& Tower with Radar,22,30,11,0,63,0,0,0,0,0,22,30,11,0,63,0,0,0,63
12/27/2013,EUG,OR,ANM,WE,Combined TRACON& Tower with Radar,20,29,21,0,70,0,0,2,0,2,20,29,23,0,72,2,0,2,74
12/28/2013,EUG,OR,ANM,WE,Combined TRACON& Tower with Radar,21,27,9,0,57,0,0,0,0,0,21,27,9,0,57,0,0,0,57
12/29/2013,EUG,OR,ANM,WE,Combined TRACON& Tower with Radar,28,31,14,0,73,0,0,0,0,0,28,31,14,0,73,10,0,10,83
12/30/2013,EUG,OR,ANM,WE,Combined TRACON& Tower with Radar,22,35,14,6,77,0,0,4,0,4,22,35,18,6,81,12,0,12,93
12/31/2013,EUG,OR,ANM,WE,Combined TRACON& Tower with Radar,29,25,26,0,80,0,1,20,0,21,29,26,46,0,101,12,0,12,113
01/01/2014,EUG,OR,ANM,WE,Combined TRACON& Tower with Radar,15,18,1,0,34,0,0,0,0,0,15,18,1,0,34,0,0,0,34
01/02/2014,EUG,OR,ANM,WE,Combined TRACON& Tower with Radar,24,32,11,11,78,0,4,25,1,30,24,36,36,12,108,2,16,18,126
01/03/2014,EUG,OR,ANM,WE,Combined TRACON& Tower with Radar,22,37,9,19,87,0,3,7,0,10,22,40,16,19,97,0,0,0,97
01/04/2014,EUG,OR,ANM,WE,Combined TRACON& Tower with Radar,13,24,10,0,47,0,0,9,0,9,13,24,19,0,56,20,0,20,76
01/05/2014,EUG,OR,ANM,WE,Combined TRACON& Tower with Radar,23,27,19,0,69,0,0,11,0,11,23,27,30,0,80,18,0,18,98
01/06/2014,EUG,OR,ANM,WE,Combined TRACON& Tower with Radar,23,33,12,0,68,0,2,41,0,43,23,35,53,0,111,60,0,60,171
01/07/2014,EUG,OR,ANM,WE,Combined TRACON& Tower with Radar,11,31,25,12,79,0,4,20,0,24,11,35,45,12,103,18,0,18,121
01/08/2014,EUG,OR,ANM,WE,Combined TRACON& Tower with Radar,11,36,19,30,96,0,0,8,0,8,11,36,27,30,104,38,30,68,172
01/09/2014,EUG,OR,ANM,WE,Combined TRACON& Tower with Radar,21,37,21,14,93,0,1,14,0,15,21,38,35,14,108,50,0,50,158
01/10/2014,EUG,OR,ANM,WE,Combined TRACON& Tower with Radar,14,30,30,2,76,0,2,32,0,34,14,32,62,2,110,124,2,126,236
01/11/2014,EUG,OR,ANM,WE,Combined TRACON& Tower with Radar,9,21,3,0,33,0,1,0,0,1,9,22,3,0,34,0,0,0,34
01/12/2014,EUG,OR,ANM,WE,Combined TRACON& Tower with Radar,18,26,9,0,53,0,0,6,0,6,18,26,15,0,59,16,0,16,75
01/13/2014,EUG,OR,ANM,WE,Combined TRACON& Tower with Radar,18,39,13,21,91,0,1,57,0,58,18,40,70,21,149,62,18,80,229
01/14/2014,EUG,OR,ANM,WE,Combined TRACON& Tower with Radar,10,33,23,1,67,0,0,0,0,0,10,33,23,1,67,0,0,0,67
01/15/2014,EUG,OR,ANM,WE,Combined TRACON& Tower with Radar,12,30,20,0,62,0,0,0,0,0,12,30,20,0,62,0,0,0,62
01/16/2014,EUG,OR,ANM,WE,Combined TRACON& Tower with Radar,22,29,17,10,78,0,0,0,1,1,22,29,17,11,79,0,0,0,79
01/17/2014,EUG,OR,ANM,WE,Combined TRACON& Tower with Radar,17,27,17,0,61,0,0,0,0,0,17,27,17,0,61,0,0,0,61
01/18/2014,EUG,OR,ANM,WE,Combined TRACON& Tower with Radar,8,22,5,0,35,0,0,1,0,1,8,22,6,0,36,0,0,0,36
01/19/2014,EUG,OR,ANM,WE,Combined TRACON& Tower with Radar,14,21,6,0,41,0,0,1,0,1,14,21,7,0,42,0,0,0,42
01/20/2014,EUG,OR,ANM,WE,Combined TRACON& Tower with Radar,16,35,12,2,65,0,1,2,1,4,16,36,14,3,69,0,0,0,69
01/21/2014,EUG,OR,ANM,WE,Combined TRACON& Tower with Radar,11,33,14,5,63,0,0,0,0,0,11,33,14,5,63,0,0,0,63
01/22/2014,EUG,OR,ANM,WE,Combined TRACON& Tower with Radar,11,37,16,14,78,0,0,2,0,2,11,37,18,14,80,10,0,10,90
01/23/2014,EUG,OR,ANM,WE,Combined TRACON& Tower with Radar,20,39,24,12,95,0,1,62,1,64,20,40,86,13,159,84,12,96,255
01/24/2014,EUG,OR,ANM,WE,Combined TRACON& Tower with Radar,16,34,17,7,74,0,1,104,3,108,16,35,121,10,182,78,10,88,270
01/25/2014,EUG,OR,ANM,WE,Combined TRACON& Tower with Radar,9,27,9,0,45,0,0,93,0,93,9,27,102,0,138,108,0,108,246
01/26/2014,EUG,OR,ANM,WE,Combined TRACON& Tower with Radar,17,30,9,2,58,0,1,42,0,43,17,31,51,2,101,48,0,48,149
01/27/2014,EUG,OR,ANM,WE,Combined TRACON& Tower with Radar,17,35,38,2,92,0,0,39,0,39,17,35,77,2,131,82,36,118,249
01/28/2014,EUG,OR,ANM,WE,Combined TRACON& Tower with Radar,11,34,22,17,84,0,1,0,0,1,11,35,22,17,85,0,0,0,85
01/29/2014,EUG,OR,ANM,WE,Combined TRACON& Tower with Radar,10,33,14,18,75,0,1,12,0,13,10,34,26,18,88,22,8,30,118
01/30/2014,EUG,OR,ANM,WE,Combined TRACON& Tower with Radar,22,31,32,0,85,0,2,68,0,70,22,33,100,0,155,144,0,144,299
01/31/2014,EUG,OR,ANM,WE,Combined TRACON& Tower with Radar,13,36,18,4,71,0,2,23,0,25,13,38,41,4,96,90,0,90,186
02/01/2014,EUG,OR,ANM,WE,Combined TRACON& Tower with Radar,10,20,23,0,53,0,3,70,0,73,10,23,93,0,126,156,0,156,282
02/02/2014,EUG,OR,ANM,WE,Combined TRACON& Tower with Radar,17,16,12,0,45,0,0,20,0,20,17,16,32,0,65,16,0,16,81
02/03/2014,EUG,OR,ANM,WE,Combined TRACON& Tower with Radar,14,32,15,0,61,0,0,19,0,19,14,32,34,0,80,34,0,34,114
02/04/2014,EUG,OR,ANM,WE,Combined TRACON& Tower with Radar,8,38,28,2,76,0,0,6,0,6,8,38,34,2,82,30,0,30,112
02/05/2014,EUG,OR,ANM,WE,Combined TRACON& Tower with Radar,9,34,30,3,76,1,1,72,0,74,10,35,102,3,150,56,4,60,210
02/06/2014,EUG,OR,ANM,WE,Combined TRACON& Tower with Radar,17,34,7,4,62,0,0,0,0,0,17,34,7,4,62,0,0,0,62
02/07/2014,EUG,OR,ANM,WE,Combined TRACON& Tower with Radar,6,22,3,0,31,0,0,0,0,0,6,22,3,0,31,0,0,0,31
02/08/2014,EUG,OR,ANM,WE,Combined TRACON& Tower with Radar,1,6,1,0,8,0,0,0,0,0,1,6,1,0,8,0,0,0,8
02/09/2014,EUG,OR,ANM,WE,Combined TRACON& Tower with Radar,15,1,2,0,18,0,0,0,0,0,15,1,2,0,18,0,0,0,18
02/10/2014,EUG,OR,ANM,WE,Combined TRACON& Tower with Radar,21,33,10,11,75,0,1,2,0,3,21,34,12,11,78,0,6,6,84
02/11/2014,EUG,OR,ANM,WE,Combined TRACON& Tower with Radar,9,32,21,6,68,0,3,38,0,41,9,35,59,6,109,134,6,140,249
02/12/2014,EUG,OR,ANM,WE,Combined TRACON& Tower with Radar,13,38,22,12,85,0,0,0,0,0,13,38,22,12,85,0,0,0,85
02/13/2014,EUG,OR,ANM,WE,Combined TRACON& Tower with Radar,22,30,27,4,83,0,1,63,0,64,22,31,90,4,147,160,0,160,307
02/14/2014,EUG,OR,ANM,WE,Combined TRACON& Tower with Radar,22,33,29,1,85,0,0,15,0,15,22,33,44,1,100,62,0,62,162
02/15/2014,EUG,OR,ANM,WE,Combined TRACON& Tower with Radar,10,22,12,0,44,0,0,15,0,15,10,22,27,0,59,46,0,46,105
02/16/2014,EUG,OR,ANM,WE,Combined TRACON& Tower with Radar,25,18,9,0,52,2,3,18,0,23,27,21,27,0,75,12,0,12,87
02/17/2014,EUG,OR,ANM,WE,Combined TRACON& Tower with Radar,19,29,7,0,55,0,5,11,0,16,19,34,18,0,71,12,0,12,83
02/18/2014,EUG,OR,ANM,WE,Combined TRACON& Tower with Radar,16,34,15,0,65,0,0,2,3,5,16,34,17,3,70,4,0,4,74
02/19/2014,EUG,OR,ANM,WE,Combined TRACON& Tower with Radar,15,30,19,31,95,0,2,47,0,49,15,32,66,31,144,58,0,58,202
02/20/2014,EUG,OR,ANM,WE,Combined TRACON& Tower with Radar,23,32,22,9,86,0,4,12,0,16,23,36,34,9,102,74,0,74,176
02/21/2014,EUG,OR,ANM,WE,Combined TRACON& Tower with Radar,20,37,19,4,80,0,0,36,0,36,20,37,55,4,116,50,0,50,166
02/22/2014,EUG,OR,ANM,WE,Combined TRACON& Tower with Radar,12,27,22,11,72,0,0,89,1,90,12,27,111,12,162,142,24,166,328
02/23/2014,EUG,OR,ANM,WE,Combined TRACON& Tower with Radar,23,22,9,0,54,0,0,26,0,26,23,22,35,0,80,2,0,2,82
02/24/2014,EUG,OR,ANM,WE,Combined TRACON& Tower with Radar,19,32,29,28,108,0,2,34,3,39,19,34,63,31,147,40,0,40,187
02/25/2014,EUG,OR,ANM,WE,Combined TRACON& Tower with Radar,15,34,20,9,78,0,0,44,1,45,15,34,64,10,123,78,2,80,203
02/26/2014,EUG,OR,ANM,WE,Combined TRACON& Tower with Radar,20,29,18,14,81,0,2,41,3,46,20,31,59,17,127,40,4,44,171
02/27/2014,EUG,OR,ANM,WE,Combined TRACON& Tower with Radar,24,24,22,1,71,0,2,29,0,31,24,26,51,1,102,58,0,58,160
02/28/2014,EUG,OR,ANM,WE,Combined TRACON& Tower with Radar,18,27,22,2,69,0,1,4,0,5,18,28,26,2,74,24,0,24,98
03/01/2014,EUG,OR,ANM,WE,Combined TRACON& Tower with Radar,13,20,17,0,50,0,0,3,0,3,13,20,20,0,53,28,0,28,81
03/02/2014,EUG,OR,ANM,WE,Combined TRACON& Tower with Radar,24,21,5,0,50,0,1,0,0,1,24,22,5,0,51,0,0,0,51
03/03/2014,EUG,OR,ANM,WE,Combined TRACON& Tower with Radar,16,33,19,32,100,0,0,6,1,7,16,33,25,33,107,4,14,18,125
03/04/2014,EUG,OR,ANM,WE,Combined TRACON& Tower with Radar,13,35,37,3,88,0,2,65,2,69,13,37,102,5,157,114,20,134,291
03/05/2014,EUG,OR,ANM,WE,Combined TRACON& Tower with Radar,15,29,23,13,80,0,1,22,0,23,15,30,45,13,103,8,14,22,125
03/06/2014,EUG,OR,ANM,WE,Combined TRACON& Tower with Radar,19,39,30,14,102,0,0,2,0,2,19,39,32,14,104,0,18,18,122
03/07/2014,EUG,OR,ANM,WE,Combined TRACON& Tower with Radar,15,36,26,0,77,0,3,92,0,95,15,39,118,0,172,76,0,76,248
03/08/2014,EUG,OR,ANM,WE,Combined TRACON& Tower with Radar,12,33,18,0,63,0,1,29,0,30,12,34,47,0,93,12,0,12,105
03/09/2014,EUG,OR,ANM,WE,Combined TRACON& Tower with Radar,21,25,18,2,66,0,0,12,0,12,21,25,30,2,78,8,0,8,86
03/10/2014,EUG,OR,ANM,WE,Combined TRACON& Tower with Radar,17,31,12,1,61,0,3,31,1,35,17,34,43,2,96,46,0,46,142
03/11/2014,EUG,OR,ANM,WE,Combined TRACON& Tower with Radar,12,30,13,0,55,0,2,50,0,52,12,32,63,0,107,62,0,62,169
03/12/2014,EUG,OR,ANM,WE,Combined TRACON& Tower with Radar,14,37,19,1,71,0,0,81,6,87,14,37,100,7,158,106,36,142,300
03/13/2014,EUG,OR,ANM,WE,Combined TRACON& Tower with Radar,21,32,29,0,82,0,4,56,1,61,21,36,85,1,143,60,0,60,203
03/14/2014,EUG,OR,ANM,WE,Combined TRACON& Tower with Radar,17,33,25,11,86,0,1,42,1,44,17,34,67,12,130,80,14,94,224
03/15/2014,EUG,OR,ANM,WE,Combined TRACON& Tower with Radar,8,30,11,0,49,0,0,72,0,72,8,30,83,0,121,56,0,56,177
03/16/2014,EUG,OR,ANM,WE,Combined TRACON& Tower with Radar,21,27,9,0,57,0,0,13,0,13,21,27,22,0,70,8,0,8,78
03/17/2014,EUG,OR,ANM,WE,Combined TRACON& Tower with Radar,15,30,23,4,72,0,2,45,0,47,15,32,68,4,119,36,0,36,155
03/18/2014,EUG,OR,ANM,WE,Combined TRACON& Tower with Radar,14,35,22,3,74,0,0,72,1,73,14,35,94,4,147,78,0,78,225
03/19/2014,EUG,OR,ANM,WE,Combined TRACON& Tower with Radar,15,33,25,13,86,0,1,47,1,49,15,34,72,14,135,52,28,80,215
03/20/2014,EUG,OR,ANM,WE,Combined TRACON& Tower with Radar,24,32,20,12,88,0,2,69,0,71,24,34,89,12,159,76,16,92,251
03/21/2014,EUG,OR,ANM,WE,Combined TRACON& Tower with Radar,17,31,28,2,78,0,1,57,0,58,17,32,85,2,136,78,0,78,214
03/22/2014,EUG,OR,ANM,WE,Combined TRACON& Tower with Radar,12,30,5,0,47,0,2,56,0,58,12,32,61,0,105,52,0,52,157
03/23/2014,EUG,OR,ANM,WE,Combined TRACON& Tower with Radar,24,24,16,0,64,0,0,49,0,49,24,24,65,0,113,33,0,33,146
03/24/2014,EUG,OR,ANM,WE,Combined TRACON& Tower with Radar,17,32,12,0,61,0,0,32,1,33,17,32,44,1,94,8,0,8,102
03/25/2014,EUG,OR,ANM,WE,Combined TRACON& Tower with Radar,13,36,9,2,60,0,11,14,0,25,13,47,23,2,85,10,0,10,95
03/26/2014,EUG,OR,ANM,WE,Combined TRACON& Tower with Radar,15,34,6,0,55,0,1,15,0,16,15,35,21,0,71,12,0,12,83
03/27/2014,EUG,OR,ANM,WE,Combined TRACON& Tower with Radar,22,32,10,2,66,0,1,6,0,7,22,33,16,2,73,6,0,6,79
03/28/2014,EUG,OR,ANM,WE,Combined TRACON& Tower with Radar,19,34,10,0,63,0,0,1,0,1,19,34,11,0,64,0,0,0,64
03/29/2014,EUG,OR,ANM,WE,Combined TRACON& Tower with Radar,11,30,9,0,50,0,2,13,0,15,11,32,22,0,65,12,0,12,77
03/30/2014,EUG,OR,ANM,WE,Combined TRACON& Tower with Radar,22,27,20,0,69,0,0,5,0,5,22,27,25,0,74,0,0,0,74
03/31/2014,EUG,OR,ANM,WE,Combined TRACON& Tower with Radar,16,32,7,4,59,0,3,22,0,25,16,35,29,4,84,34,0,34,118
04/01/2014,EUG,OR,ANM,WE,Combined TRACON& Tower with Radar,14,30,8,6,58,1,1,26,0,28,15,31,34,6,86,44,8,52,138
04/02/2014,EUG,OR,ANM,WE,Combined TRACON& Tower with Radar,15,34,28,8,85,0,5,75,0,80,15,39,103,8,165,46,8,54,219
04/03/2014,EUG,OR,ANM,WE,Combined TRACON& Tower with Radar,22,30,11,15,78,0,2,27,1,30,22,32,38,16,108,58,0,58,166
04/04/2014,EUG,OR,ANM,WE,Combined TRACON& Tower with Radar,19,30,6,6,61,0,4,48,0,52,19,34,54,6,113,88,0,88,201
04/05/2014,EUG,OR,ANM,WE,Combined TRACON& Tower with Radar,11,24,25,0,60,0,0,1,0,1,11,24,26,0,61,18,0,18,79
04/06/2014,EUG,OR,ANM,WE,Combined TRACON& Tower with Radar,20,23,12,0,55,0,8,20,0,28,20,31,32,0,83,26,0,26,109
04/07/2014,EUG,OR,ANM,WE,Combined TRACON& Tower with Radar,18,32,8,5,63,0,2,50,0,52,18,34,58,5,115,80,0,80,195
04/08/2014,EUG,OR,ANM,WE,Combined TRACON& Tower with Radar,14,31,22,8,75,0,1,40,0,41,14,32,62,8,116,54,0,54,170
04/09/2014,EUG,OR,ANM,WE,Combined TRACON& Tower with Radar,17,31,29,2,79,0,10,83,0,93,17,41,112,2,172,72,0,72,244
04/10/2014,EUG,OR,ANM,WE,Combined TRACON& Tower with Radar,23,33,17,0,73,0,4,73,0,77,23,37,90,0,150,68,0,68,218
04/11/2014,EUG,OR,ANM,WE,Combined TRACON& Tower with Radar,19,26,19,2,66,0,8,107,1,116,19,34,126,3,182,68,0,68,250
04/12/2014,EUG,OR,ANM,WE,Combined TRACON& Tower with Radar,11,22,21,10,64,0,3,89,2,94,11,25,110,12,158,90,18,108,266
04/13/2014,EUG,OR,ANM,WE,Combined TRACON& Tower with Radar,22,23,15,0,60,0,3,65,0,68,22,26,80,0,128,32,0,32,160
04/14/2014,EUG,OR,ANM,WE,Combined TRACON& Tower with Radar,19,30,24,8,81,0,17,76,0,93,19,47,100,8,174,144,0,144,318
04/15/2014,EUG,OR,ANM,WE,Combined TRACON& Tower with Radar,19,29,18,0,66,0,12,78,0,90,19,41,96,0,156,72,0,72,228
04/16/2014,EUG,OR,ANM,WE,Combined TRACON& Tower with Radar,17,30,36,4,87,0,11,55,0,66,17,41,91,4,153,110,0,110,263
04/17/2014,EUG,OR,ANM,WE,Combined TRACON& Tower with Radar,9,10,10,1,30,0,0,0,0,0,9,10,10,1,30,12,0,12,42
04/18/2014,EUG,OR,ANM,WE,Combined TRACON& Tower with Radar,20,29,18,14,81,0,3,60,0,63,20,32,78,14,144,54,6,60,204
04/19/2014,EUG,OR,ANM,WE,Combined TRACON& Tower with Radar,11,24,16,0,51,0,2,15,0,17,11,26,31,0,68,9,0,9,77
04/20/2014,EUG,OR,ANM,WE,Combined TRACON& Tower with Radar,23,23,6,0,52,0,2,33,0,35,23,25,39,0,87,16,0,16,103
04/21/2014,EUG,OR,ANM,WE,Combined TRACON& Tower with Radar,17,30,24,0,71,0,1,60,0,61,17,31,84,0,132,62,0,62,194
04/22/2014,EUG,OR,ANM,WE,Combined TRACON& Tower with Radar,15,31,13,0,59,0,1,19,0,20,15,32,32,0,79,48,2,50,129
04/23/2014,EUG,OR,ANM,WE,Combined TRACON& Tower with Radar,14,36,13,7,70,0,3,26,2,31,14,39,39,9,101,90,0,90,191
04/24/2014,EUG,OR,ANM,WE,Combined TRACON& Tower with Radar,23,31,24,22,100,0,3,19,0,22,23,34,43,22,122,38,0,38,160
04/25/2014,EUG,OR,ANM,WE,Combined TRACON& Tower with Radar,18,32,13,0,63,0,1,46,0,47,18,33,59,0,110,152,0,152,262
04/26/2014,EUG,OR,ANM,WE,Combined TRACON& Tower with Radar,12,25,18,0,55,0,0,32,0,32,12,25,50,0,87,50,0,50,137
04/27/2014,EUG,OR,ANM,WE,Combined TRACON& Tower with Radar,23,23,10,0,56,0,0,5,0,5,23,23,15,0,61,0,0,0,61
04/28/2014,EUG,OR,ANM,WE,Combined TRACON& Tower with Radar,18,29,21,13,81,0,1,67,0,68,18,30,88,13,149,98,14,112,261
04/29/2014,EUG,OR,ANM,WE,Combined TRACON& Tower with Radar,17,33,25,5,80,0,1,98,1,100,17,34,123,6,180,112,0,112,292
04/30/2014,EUG,OR,ANM,WE,Combined TRACON& Tower with Radar,14,30,24,0,68,0,3,81,0,84,14,33,105,0,152,116,0,116,268
05/01/2014,EUG,OR,ANM,WE,Combined TRACON& Tower with Radar,19,31,26,0,76,0,4,90,0,94,19,35,116,0,170,135,0,135,305
05/02/2014,EUG,OR,ANM,WE,Combined TRACON& Tower with Radar,23,31,19,0,73,0,3,63,0,66,23,34,82,0,139,68,0,68,207
05/03/2014,EUG,OR,ANM,WE,Combined TRACON& Tower with Radar,12,27,22,0,61,0,0,26,0,26,12,27,48,0,87,26,0,26,113
05/04/2014,EUG,OR,ANM,WE,Combined TRACON& Tower with Radar,19,26,9,0,54,0,1,3,0,4,19,27,12,0,58,0,0,0,58
05/05/2014,EUG,OR,ANM,WE,Combined TRACON& Tower with Radar,25,36,15,0,76,0,0,43,0,43,25,36,58,0,119,128,0,128,247
05/06/2014,EUG,OR,ANM,WE,Combined TRACON& Tower with Radar,16,30,22,10,78,0,3,66,1,70,16,33,88,11,148,92,0,92,240
05/07/2014,EUG,OR,ANM,WE,Combined TRACON& Tower with Radar,12,30,21,57,120,0,2,88,2,92,12,32,109,59,212,159,20,179,391
05/08/2014,EUG,OR,ANM,WE,Combined TRACON& Tower with Radar,20,32,16,2,70,0,0,7,0,7,20,32,23,2,77,2,0,2,79
05/09/2014,EUG,OR,ANM,WE,Combined TRACON& Tower with Radar,24,34,17,6,81,0,2,4,1,7,24,36,21,7,88,8,0,8,96
05/10/2014,EUG,OR,ANM,WE,Combined TRACON& Tower with Radar,11,25,14,0,50,0,4,22,0,26,11,29,36,0,76,18,0,18,94
05/11/2014,EUG,OR,ANM,WE,Combined TRACON& Tower with Radar,18,26,8,0,52,0,0,32,0,32,18,26,40,0,84,20,0,20,104
05/12/2014,EUG,OR,ANM,WE,Combined TRACON& Tower with Radar,24,30,20,4,78,0,1,87,0,88,24,31,107,4,166,126,0,126,292
05/13/2014,EUG,OR,ANM,WE,Combined TRACON& Tower with Radar,17,30,22,6,75,0,5,88,0,93,17,35,110,6,168,74,0,74,242
05/14/2014,EUG,OR,ANM,WE,Combined TRACON& Tower with Radar,16,31,34,5,86,0,2,89,0,91,16,33,123,5,177,92,0,92,269
05/15/2014,EUG,OR,ANM,WE,Combined TRACON& Tower with Radar,22,30,27,2,81,0,1,80,0,81,22,31,107,2,162,104,0,104,266
05/16/2014,EUG,OR,ANM,WE,Combined TRACON& Tower with Radar,21,29,33,0,83,0,0,83,0,83,21,29,116,0,166,148,4,152,318
05/17/2014,EUG,OR,ANM,WE,Combined TRACON& Tower with Radar,13,23,10,0,46,1,2,29,1,33,14,25,39,1,79,26,0,26,105
05/18/2014,EUG,OR,ANM,WE,Combined TRACON& Tower with Radar,22,27,24,0,73,0,0,10,0,10,22,27,34,0,83,6,0,6,89
05/19/2014,EUG,OR,ANM,WE,Combined TRACON& Tower with Radar,24,29,20,28,101,1,7,36,3,47,25,36,56,31,148,64,18,82,230
05/20/2014,EUG,OR,ANM,WE,Combined TRACON& Tower with Radar,17,32,25,4,78,0,1,66,0,67,17,33,91,4,145,82,0,82,227
05/21/2014,EUG,OR,ANM,WE,Combined TRACON& Tower with Radar,17,29,16,0,62,0,2,63,0,65,17,31,79,0,127,96,0,96,223
05/22/2014,EUG,OR,ANM,WE,Combined TRACON& Tower with Radar,19,30,25,6,80,0,5,100,0,105,19,35,125,6,185,141,14,155,340
05/23/2014,EUG,OR,ANM,WE,Combined TRACON& Tower with Radar,25,30,30,0,85,0,2,53,0,55,25,32,83,0,140,78,0,78,218
05/24/2014,EUG,OR,ANM,WE,Combined TRACON& Tower with Radar,12,23,13,0,48,0,4,23,0,27,12,27,36,0,75,40,0,40,115
05/25/2014,EUG,OR,ANM,WE,Combined TRACON& Tower with Radar,16,18,11,0,45,0,2,52,0,54,16,20,63,0,99,38,0,38,137
05/26/2014,EUG,OR,ANM,WE,Combined TRACON& Tower with Radar,27,28,22,0,77,0,2,34,0,36,27,30,56,0,113,20,0,20,133
05/27/2014,EUG,OR,ANM,WE,Combined TRACON& Tower with Radar,17,37,24,6,84,0,0,50,0,50,17,37,74,6,134,106,0,106,240
05/28/2014,EUG,OR,ANM,WE,Combined TRACON& Tower with Radar,16,38,28,7,89,1,0,58,0,59,17,38,86,7,148,82,6,88,236
05/29/2014,EUG,OR,ANM,WE,Combined TRACON& Tower with Radar,16,37,22,8,83,0,1,113,0,114,16,38,135,8,197,170,0,170,367
05/30/2014,EUG,OR,ANM,WE,Combined TRACON& Tower with Radar,22,33,31,2,88,0,3,94,0,97,22,36,125,2,185,82,0,82,267
05/31/2014,EUG,OR,ANM,WE,Combined TRACON& Tower with Radar,10,25,15,0,50,0,2,46,0,48,10,27,61,0,98,54,0,54,152
06/01/2014,EUG,OR,ANM,WE,Combined TRACON& Tower with Radar,18,31,12,0,61,1,1,31,0,33,19,32,43,0,94,0,0,0,94
06/02/2014,EUG,OR,ANM,WE,Combined TRACON& Tower with Radar,23,32,15,8,78,0,1,48,0,49,23,33,63,8,127,102,44,146,273
06/03/2014,EUG,OR,ANM,WE,Combined TRACON& Tower with Radar,17,36,30,3,86,0,1,38,0,39,17,37,68,3,125,48,2,50,175
06/04/2014,EUG,OR,ANM,WE,Combined TRACON& Tower with Radar,15,33,15,3,66,0,2,79,5,86,15,35,94,8,152,102,28,130,282
06/05/2014,EUG,OR,ANM,WE,Combined TRACON& Tower with Radar,25,31,30,16,102,0,2,91,0,93,25,33,121,16,195,70,14,84,279
06/06/2014,EUG,OR,ANM,WE,Combined TRACON& Tower with Radar,25,25,20,2,72,0,7,109,5,121,25,32,129,7,193,82,4,86,279
06/07/2014,EUG,OR,ANM,WE,Combined TRACON& Tower with Radar,14,24,15,0,53,0,3,58,0,61,14,27,73,0,114,32,0,32,146
06/08/2014,EUG,OR,ANM,WE,Combined TRACON& Tower with Radar,34,17,15,0,66,0,0,49,0,49,34,17,64,0,115,24,0,24,139
06/09/2014,EUG,OR,ANM,WE,Combined TRACON& Tower with Radar,32,24,14,3,73,0,0,56,0,56,32,24,70,3,129,58,0,58,187
06/10/2014,EUG,OR,ANM,WE,Combined TRACON& Tower with Radar,22,24,34,1,81,0,7,87,0,94,22,31,121,1,175,70,0,70,245
06/11/2014,EUG,OR,ANM,WE,Combined TRACON& Tower with Radar,24,27,30,6,87,0,2,84,0,86,24,29,114,6,173,84,12,96,269
06/12/2014,EUG,OR,ANM,WE,Combined TRACON& Tower with Radar,27,28,29,16,100,0,1,39,2,42,27,29,68,18,142,102,22,124,266
06/13/2014,EUG,OR,ANM,WE,Combined TRACON& Tower with Radar,27,31,39,0,97,0,0,39,0,39,27,31,78,0,136,97,0,97,233
06/14/2014,EUG,OR,ANM,WE,Combined TRACON& Tower with Radar,22,27,24,0,73,0,5,55,1,61,22,32,79,1,134,24,0,24,158
06/15/2014,EUG,OR,ANM,WE,Combined TRACON& Tower with Radar,31,19,15,0,65,0,0,20,0,20,31,19,35,0,85,2,0,2,87
06/16/2014,EUG,OR,ANM,WE,Combined TRACON& Tower with Radar,33,32,29,16,110,0,1,29,3,33,33,33,58,19,143,40,4,44,187
06/17/2014,EUG,OR,ANM,WE,Combined TRACON& Tower with Radar,20,34,27,9,90,0,2,22,0,24,20,36,49,9,114,40,7,47,161
06/18/2014,EUG,OR,ANM,WE,Combined TRACON& Tower with Radar,25,30,12,2,69,0,3,68,3,74,25,33,80,5,143,40,0,40,183
06/19/2014,EUG,OR,ANM,WE,Combined TRACON& Tower with Radar,23,32,26,0,81,0,2,46,1,49,23,34,72,1,130,50,0,50,180
06/20/2014,EUG,OR,ANM,WE,Combined TRACON& Tower with Radar,28,32,17,1,78,0,1,35,1,37,28,33,52,2,115,18,2,20,135
06/21/2014,EUG,OR,ANM,WE,Combined TRACON& Tower with Radar,18,25,7,6,56,0,0,33,2,35,18,25,40,8,91,12,14,26,117
06/22/2014,EUG,OR,ANM,WE,Combined TRACON& Tower with Radar,25,24,15,0,64,0,3,55,0,58,25,27,70,0,122,6,0,6,128
06/23/2014,EUG,OR,ANM,WE,Combined TRACON& Tower with Radar,28,28,19,4,79,0,1,63,0,64,28,29,82,4,143,26,0,26,169
06/24/2014,EUG,OR,ANM,WE,Combined TRACON& Tower with Radar,20,37,13,0,70,0,3,65,0,68,20,40,78,0,138,104,0,104,242
06/25/2014,EUG,OR,ANM,WE,Combined TRACON& Tower with Radar,25,30,22,8,85,0,2,26,1,29,25,32,48,9,114,61,2,63,177
06/26/2014,EUG,OR,ANM,WE,Combined TRACON& Tower with Radar,25,38,24,7,94,0,0,23,1,24,25,38,47,8,118,80,0,80,198
06/27/2014,EUG,OR,ANM,WE,Combined TRACON& Tower with Radar,24,40,21,0,85,0,0,26,0,26,24,40,47,0,111,6,0,6,117
06/28/2014,EUG,OR,ANM,WE,Combined TRACON& Tower with Radar,18,24,18,0,60,0,1,45,0,46,18,25,63,0,106,24,0,24,130
06/29/2014,EUG,OR,ANM,WE,Combined TRACON& Tower with Radar,24,24,11,0,59,0,1,52,0,53,24,25,63,0,112,10,0,10,122
06/30/2014,EUG,OR,ANM,WE,Combined TRACON& Tower with Radar,28,29,13,6,76,0,2,87,0,89,28,31,100,6,165,130,0,130,295
07/01/2014,EUG,OR,ANM,WE,Combined TRACON& Tower with Radar,19,25,8,0,52,0,1,89,2,92,19,26,97,2,144,30,0,30,174
07/02/2014,EUG,OR,ANM,WE,Combined TRACON& Tower with Radar,25,29,18,2,74,0,2,82,0,84,25,31,100,2,158,64,0,64,222
07/03/2014,EUG,OR,ANM,WE,Combined TRACON& Tower with Radar,22,30,26,0,78,0,2,88,0,90,22,32,114,0,168,116,0,116,284
07/04/2014,EUG,OR,ANM,WE,Combined TRACON& Tower with Radar,24,18,13,0,55,0,1,57,0,58,24,19,70,0,113,32,0,32,145
07/05/2014,EUG,OR,ANM,WE,Combined TRACON& Tower with Radar,17,26,11,0,54,0,1,48,0,49,17,27,59,0,103,20,0,20,123
07/06/2014,EUG,OR,ANM,WE,Combined TRACON& Tower with Radar,27,21,19,3,70,0,1,53,0,54,27,22,72,3,124,58,0,58,182
07/07/2014,EUG,OR,ANM,WE,Combined TRACON& Tower with Radar,26,31,22,0,79,0,3,58,0,61,26,34,80,0,140,146,0,146,286
07/08/2014,EUG,OR,ANM,WE,Combined TRACON& Tower with Radar,20,30,21,0,71,0,2,93,0,95,20,32,114,0,166,78,0,78,244
07/09/2014,EUG,OR,ANM,WE,Combined TRACON& Tower with Radar,25,26,15,4,70,0,8,90,0,98,25,34,105,4,168,90,2,92,260
07/10/2014,EUG,OR,ANM,WE,Combined TRACON& Tower with Radar,24,27,17,4,72,0,2,81,0,83,24,29,98,4,155,66,14,80,235
07/11/2014,EUG,OR,ANM,WE,Combined TRACON& Tower with Radar,25,27,13,0,65,0,5,105,1,111,25,32,118,1,176,118,4,122,298
07/12/2014,EUG,OR,ANM,WE,Combined TRACON& Tower with Radar,16,25,21,0,62,0,6,61,0,67,16,31,82,0,129,38,0,38,167
07/13/2014,EUG,OR,ANM,WE,Combined TRACON& Tower with Radar,26,21,21,0,68,0,0,20,0,20,26,21,41,0,88,2,0,2,90
07/14/2014,EUG,OR,ANM,WE,Combined TRACON& Tower with Radar,26,25,15,9,75,0,3,60,0,63,26,28,75,9,138,117,4,121,259
07/15/2014,EUG,OR,ANM,WE,Combined TRACON& Tower with Radar,17,31,25,2,75,0,5,83,1,89,17,36,108,3,164,78,2,80,244
07/16/2014,EUG,OR,ANM,WE,Combined TRACON& Tower with Radar,26,29,24,0,79,0,3,93,0,96,26,32,117,0,175,92,0,92,267
07/17/2014,EUG,OR,ANM,WE,Combined TRACON& Tower with Radar,21,30,34,0,85,1,2,104,0,107,22,32,138,0,192,65,0,65,257
07/18/2014,EUG,OR,ANM,WE,Combined TRACON& Tower with Radar,25,29,13,3,70,0,7,106,0,113,25,36,119,3,183,92,8,100,283
07/19/2014,EUG,OR,ANM,WE,Combined TRACON& Tower with Radar,19,26,14,0,59,0,7,120,0,127,19,33,134,0,186,28,0,28,214
07/20/2014,EUG,OR,ANM,WE,Combined TRACON& Tower with Radar,25,21,27,0,73,0,2,27,0,29,25,23,54,0,102,0,0,0,102
07/21/2014,EUG,OR,ANM,WE,Combined TRACON& Tower with Radar,26,29,17,0,72,0,1,76,0,77,26,30,93,0,149,38,0,38,187
07/22/2014,EUG,OR,ANM,WE,Combined TRACON& Tower with Radar,18,32,17,2,69,0,1,69,0,70,18,33,86,2,139,60,0,60,199
07/23/2014,EUG,OR,ANM,WE,Combined TRACON& Tower with Radar,24,28,38,0,90,0,2,17,0,19,24,30,55,0,109,44,0,44,153
07/24/2014,EUG,OR,ANM,WE,Combined TRACON& Tower with Radar,23,31,49,6,109,0,5,68,0,73,23,36,117,6,182,108,12,120,302
07/25/2014,EUG,OR,ANM,WE,Combined TRACON& Tower with Radar,26,30,17,0,73,0,6,81,8,95,26,36,98,8,168,92,0,92,260
07/26/2014,EUG,OR,ANM,WE,Combined TRACON& Tower with Radar,15,25,14,4,58,0,3,45,4,52,15,28,59,8,110,22,0,22,132
07/27/2014,EUG,OR,ANM,WE,Combined TRACON& Tower with Radar,25,24,13,0,62,0,2,52,0,54,25,26,65,0,116,24,0,24,140
07/28/2014,EUG,OR,ANM,WE,Combined TRACON& Tower with Radar,25,29,13,4,71,0,3,71,0,74,25,32,84,4,145,110,0,110,255
07/29/2014,EUG,OR,ANM,WE,Combined TRACON& Tower with Radar,18,34,12,19,83,0,1,66,7,74,18,35,78,26,157,46,24,70,227
07/30/2014,EUG,OR,ANM,WE,Combined TRACON& Tower with Radar,22,30,23,2,77,0,6,93,0,99,22,36,116,2,176,116,2,118,294
07/31/2014,EUG,OR,ANM,WE,Combined TRACON& Tower with Radar,22,33,28,10,93,0,3,83,2,88,22,36,111,12,181,56,8,64,245
08/01/2014,EUG,OR,ANM,WE,Combined TRACON& Tower with Radar,25,29,14,0,68,0,4,87,0,91,25,33,101,0,159,56,0,56,215
08/02/2014,EUG,OR,ANM,WE,Combined TRACON& Tower with Radar,16,24,19,0,59,0,2,114,0,116,16,26,133,0,175,40,0,40,215
08/03/2014,EUG,OR,ANM,WE,Combined TRACON& Tower with Radar,23,23,6,0,52,0,1,55,0,56,23,24,61,0,108,28,0,28,136
08/04/2014,EUG,OR,ANM,WE,Combined TRACON& Tower with Radar,26,28,32,17,103,0,3,66,3,72,26,31,98,20,175,91,0,91,266
08/05/2014,EUG,OR,ANM,WE,Combined TRACON& Tower with Radar,18,28,31,2,79,0,8,97,1,106,18,36,128,3,185,126,0,126,311
08/06/2014,EUG,OR,ANM,WE,Combined TRACON& Tower with Radar,22,32,32,2,88,0,3,72,0,75,22,35,104,2,163,119,0,119,282
08/07/2014,EUG,OR,ANM,WE,Combined TRACON& Tower with Radar,22,32,23,0,77,0,2,98,0,100,22,34,121,0,177,66,0,66,243
08/08/2014,EUG,OR,ANM,WE,Combined TRACON& Tower with Radar,26,30,18,5,79,0,3,117,2,122,26,33,135,7,201,112,2,114,315
08/09/2014,EUG,OR,ANM,WE,Combined TRACON& Tower with Radar,15,24,13,0,52,0,5,85,0,90,15,29,98,0,142,74,0,74,216
08/10/2014,EUG,OR,ANM,WE,Combined TRACON& Tower with Radar,24,25,6,2,57,0,4,31,0,35,24,29,37,2,92,22,0,22,114
08/11/2014,EUG,OR,ANM,WE,Combined TRACON& Tower with Radar,24,29,21,0,74,0,9,81,0,90,24,38,102,0,164,94,0,94,258
08/12/2014,EUG,OR,ANM,WE,Combined TRACON& Tower with Radar,17,32,26,4,79,0,2,42,0,44,17,34,68,4,123,54,0,54,177
08/13/2014,EUG,OR,ANM,WE,Combined TRACON& Tower with Radar,22,36,30,0,88,0,1,47,0,48,22,37,77,0,136,82,0,82,218
08/14/2014,EUG,OR,ANM,WE,Combined TRACON& Tower with Radar,24,37,25,0,86,0,4,51,0,55,24,41,76,0,141,78,0,78,219
08/15/2014,EUG,OR,ANM,WE,Combined TRACON& Tower with Radar,26,30,38,7,101,0,1,75,0,76,26,31,113,7,177,84,4,88,265
08/16/2014,EUG,OR,ANM,WE,Combined TRACON& Tower with Radar,15,28,12,0,55,0,9,77,0,86,15,37,89,0,141,46,0,46,187
08/17/2014,EUG,OR,ANM,WE,Combined TRACON& Tower with Radar,21,21,10,0,52,1,4,63,0,68,22,25,73,0,120,52,0,52,172
08/18/2014,EUG,OR,ANM,WE,Combined TRACON& Tower with Radar,27,27,16,4,74,0,5,83,3,91,27,32,99,7,165,78,34,112,277
08/19/2014,EUG,OR,ANM,WE,Combined TRACON& Tower with Radar,18,31,11,0,60,0,4,113,0,117,18,35,124,0,177,92,0,92,269
08/20/2014,EUG,OR,ANM,WE,Combined TRACON& Tower with Radar,21,32,14,3,70,0,7,68,1,76,21,39,82,4,146,52,0,52,198
08/21/2014,EUG,OR,ANM,WE,Combined TRACON& Tower with Radar,20,29,20,6,75,0,2,83,0,85,20,31,103,6,160,106,2,108,268
08/22/2014,EUG,OR,ANM,WE,Combined TRACON& Tower with Radar,27,27,22,0,76,0,6,72,0,78,27,33,94,0,154,60,0,60,214
08/23/2014,EUG,OR,ANM,WE,Combined TRACON& Tower with Radar,15,23,10,1,49,0,3,48,0,51,15,26,58,1,100,22,0,22,122
08/24/2014,EUG,OR,ANM,WE,Combined TRACON& Tower with Radar,21,28,13,1,63,0,1,60,5,66,21,29,73,6,129,46,2,48,177
08/25/2014,EUG,OR,ANM,WE,Combined TRACON& Tower with Radar,26,27,11,4,68,0,3,60,1,64,26,30,71,5,132,72,28,100,232
08/26/2014,EUG,OR,ANM,WE,Combined TRACON& Tower with Radar,21,27,19,0,67,0,4,67,6,77,21,31,86,6,144,112,0,112,256
08/27/2014,EUG,OR,ANM,WE,Combined TRACON& Tower with Radar,21,27,13,6,67,0,2,91,6,99,21,29,104,12,166,142,8,150,316
08/28/2014,EUG,OR,ANM,WE,Combined TRACON& Tower with Radar,21,31,18,3,73,0,4,86,3,93,21,35,104,6,166,100,2,102,268
08/29/2014,EUG,OR,ANM,WE,Combined TRACON& Tower with Radar,28,27,24,7,86,0,6,80,4,90,28,33,104,11,176,62,22,84,260
08/30/2014,EUG,OR,ANM,WE,Combined TRACON& Tower with Radar,17,21,26,1,65,0,3,22,0,25,17,24,48,1,90,18,0,18,108
08/31/2014,EUG,OR,ANM,WE,Combined TRACON& Tower with Radar,23,17,11,1,52,0,0,41,0,41,23,17,52,1,93,42,0,42,135
09/01/2014,EUG,OR,ANM,WE,Combined TRACON& Tower with Radar,27,23,14,0,64,0,1,49,0,50,27,24,63,0,114,6,0,6,120
09/02/2014,EUG,OR,ANM,WE,Combined TRACON& Tower with Radar,20,23,15,0,58,0,1,38,0,39,20,24,53,0,97,28,0,28,125
09/03/2014,EUG,OR,ANM,WE,Combined TRACON& Tower with Radar,20,27,23,0,70,0,5,67,0,72,20,32,90,0,142,44,0,44,186
09/04/2014,EUG,OR,ANM,WE,Combined TRACON& Tower with Radar,24,23,14,6,67,0,4,55,3,62,24,27,69,9,129,104,4,108,237
09/05/2014,EUG,OR,ANM,WE,Combined TRACON& Tower with Radar,26,28,18,0,72,0,8,76,6,90,26,36,94,6,162,34,0,34,196
09/06/2014,EUG,OR,ANM,WE,Combined TRACON& Tower with Radar,15,25,58,0,98,0,1,80,3,84,15,26,138,3,182,22,0,22,204
09/07/2014,EUG,OR,ANM,WE,Combined TRACON& Tower with Radar,19,19,16,0,54,0,3,46,3,52,19,22,62,3,106,34,0,34,140
09/08/2014,EUG,OR,ANM,WE,Combined TRACON& Tower with Radar,25,26,10,14,75,0,2,64,3,69,25,28,74,17,144,114,0,114,258
09/09/2014,EUG,OR,ANM,WE,Combined TRACON& Tower with Radar,16,30,18,2,66,0,3,55,0,58,16,33,73,2,124,50,0,50,174
09/10/2014,EUG,OR,ANM,WE,Combined TRACON& Tower with Radar,20,24,28,2,74,3,0,51,0,54,23,24,79,2,128,92,0,92,220
09/11/2014,EUG,OR,ANM,WE,Combined TRACON& Tower with Radar,20,26,13,0,59,0,2,40,0,42,20,28,53,0,101,36,0,36,137
09/12/2014,EUG,OR,ANM,WE,Combined TRACON& Tower with Radar,24,27,23,9,83,0,3,111,1,115,24,30,134,10,198,100,24,124,322
09/13/2014,EUG,OR,ANM,WE,Combined TRACON& Tower with Radar,17,28,24,0,69,0,6,56,2,64,17,34,80,2,133,104,0,104,237
09/14/2014,EUG,OR,ANM,WE,Combined TRACON& Tower with Radar,25,17,18,1,61,0,2,49,0,51,25,19,67,1,112,36,0,36,148
09/15/2014,EUG,OR,ANM,WE,Combined TRACON& Tower with Radar,23,27,18,9,77,0,1,55,9,65,23,28,73,18,142,16,68,84,226
09/16/2014,EUG,OR,ANM,WE,Combined TRACON& Tower with Radar,16,29,11,9,65,0,8,46,0,54,16,37,57,9,119,16,8,24,143
09/17/2014,EUG,OR,ANM,WE,Combined TRACON& Tower with Radar,19,26,17,5,67,0,6,37,0,43,19,32,54,5,110,32,0,32,142
09/18/2014,EUG,OR,ANM,WE,Combined TRACON& Tower with Radar,21,32,22,7,82,1,1,27,2,31,22,33,49,9,113,2,4,6,119
09/19/2014,EUG,OR,ANM,WE,Combined TRACON& Tower with Radar,26,25,17,10,78,0,3,40,4,47,26,28,57,14,125,16,0,16,141
09/20/2014,EUG,OR,ANM,WE,Combined TRACON& Tower with Radar,12,21,24,1,58,1,0,67,3,71,13,21,91,4,129,42,6,48,177
09/21/2014,EUG,OR,ANM,WE,Combined TRACON& Tower with Radar,24,17,11,0,52,0,0,48,4,52,24,17,59,4,104,36,0,36,140
09/22/2014,EUG,OR,ANM,WE,Combined TRACON& Tower with Radar,22,30,21,8,81,0,0,35,2,37,22,30,56,10,118,4,8,12,130
09/23/2014,EUG,OR,ANM,WE,Combined TRACON& Tower with Radar,17,33,32,8,90,0,0,32,2,34,17,33,64,10,124,32,0,32,156
09/24/2014,EUG,OR,ANM,WE,Combined TRACON& Tower with Radar,19,30,24,8,81,0,1,17,0,18,19,31,41,8,99,26,0,26,125
09/25/2014,EUG,OR,ANM,WE,Combined TRACON& Tower with Radar,20,37,29,0,86,0,0,32,0,32,20,37,61,0,118,10,2,12,130
09/26/2014,EUG,OR,ANM,WE,Combined TRACON& Tower with Radar,21,26,31,0,78,0,5,51,0,56,21,31,82,0,134,64,0,64,198
09/27/2014,EUG,OR,ANM,WE,Combined TRACON& Tower with Radar,13,18,4,0,35,0,1,18,0,19,13,19,22,0,54,38,0,38,92
09/28/2014,EUG,OR,ANM,WE,Combined TRACON& Tower with Radar,23,20,15,0,58,0,0,56,0,56,23,20,71,0,114,28,0,28,142
09/29/2014,EUG,OR,ANM,WE,Combined TRACON& Tower with Radar,22,33,30,0,85,0,0,23,0,23,22,33,53,0,108,40,0,40,148
09/30/2014,EUG,OR,ANM,WE,Combined TRACON& Tower with Radar,16,35,10,5,66,0,0,74,0,74,16,35,84,5,140,102,0,102,242
10/01/2014,EUG,OR,ANM,WE,Combined TRACON& Tower with Radar,21,31,25,10,87,0,0,67,0,67,21,31,92,10,154,90,0,90,244
10/02/2014,EUG,OR,ANM,WE,Combined TRACON& Tower with Radar,23,32,51,4,110,0,3,94,1,98,23,35,145,5,208,90,34,124,332
10/03/2014,EUG,OR,ANM,WE,Combined TRACON& Tower with Radar,25,32,31,6,94,0,4,99,1,104,25,36,130,7,198,94,14,108,306
10/04/2014,EUG,OR,ANM,WE,Combined TRACON& Tower with Radar,14,22,10,0,46,0,1,61,0,62,14,23,71,0,108,82,0,82,190
10/05/2014,EUG,OR,ANM,WE,Combined TRACON& Tower with Radar,23,22,11,0,56,0,0,55,0,55,23,22,66,0,111,28,0,28,139
10/06/2014,EUG,OR,ANM,WE,Combined TRACON& Tower with Radar,22,27,8,10,67,0,0,46,4,50,22,27,54,14,117,144,10,154,271
10/07/2014,EUG,OR,ANM,WE,Combined TRACON& Tower with Radar,15,28,11,2,56,1,3,65,0,69,16,31,76,2,125,64,0,64,189
10/08/2014,EUG,OR,ANM,WE,Combined TRACON& Tower with Radar,17,37,25,5,84,0,1,40,0,41,17,38,65,5,125,78,4,82,207
10/09/2014,EUG,OR,ANM,WE,Combined TRACON& Tower with Radar,22,27,31,0,80,0,3,51,1,55,22,30,82,1,135,0,0,0,135
10/10/2014,EUG,OR,ANM,WE,Combined TRACON& Tower with Radar,23,26,23,0,72,1,1,83,0,85,24,27,106,0,157,104,0,104,261
10/11/2014,EUG,OR,ANM,WE,Combined TRACON& Tower with Radar,14,19,22,0,55,0,0,26,6,32,14,19,48,6,87,26,0,26,113
10/12/2014,EUG,OR,ANM,WE,Combined TRACON& Tower with Radar,24,20,16,0,60,0,0,51,0,51,24,20,67,0,111,40,0,40,151
10/13/2014,EUG,OR,ANM,WE,Combined TRACON& Tower with Radar,21,30,21,0,72,0,1,72,0,73,21,31,93,0,145,54,0,54,199
10/14/2014,EUG,OR,ANM,WE,Combined TRACON& Tower with Radar,15,27,19,0,61,0,0,13,0,13,15,27,32,0,74,14,0,14,88
10/15/2014,EUG,OR,ANM,WE,Combined TRACON& Tower with Radar,20,28,10,16,74,0,1,30,0,31,20,29,40,16,105,34,8,42,147
10/16/2014,EUG,OR,ANM,WE,Combined TRACON& Tower with Radar,22,30,21,2,75,0,0,90,1,91,22,30,111,3,166,58,10,68,234
10/17/2014,EUG,OR,ANM,WE,Combined TRACON& Tower with Radar,23,30,28,7,88,1,3,33,3,40,24,33,61,10,128,86,26,112,240
10/18/2014,EUG,OR,ANM,WE,Combined TRACON& Tower with Radar,15,21,43,1,80,0,0,67,3,70,15,21,110,4,150,84,8,92,242
10/19/2014,EUG,OR,ANM,WE,Combined TRACON& Tower with Radar,22,24,16,0,62,0,0,50,0,50,22,24,66,0,112,22,0,22,134
10/20/2014,EUG,OR,ANM,WE,Combined TRACON& Tower with Radar,21,29,11,8,69,0,0,23,0,23,21,29,34,8,92,46,0,46,138
10/21/2014,EUG,OR,ANM,WE,Combined TRACON& Tower with Radar,16,28,24,0,68,0,0,38,2,40,16,28,62,2,108,80,0,80,188
10/22/2014,EUG,OR,ANM,WE,Combined TRACON& Tower with Radar,17,28,9,17,71,0,0,9,1,10,17,28,18,18,81,10,16,26,107
10/23/2014,EUG,OR,ANM,WE,Combined TRACON& Tower with Radar,23,28,22,14,87,0,0,9,1,10,23,28,31,15,97,52,14,66,163
10/24/2014,EUG,OR,ANM,WE,Combined TRACON& Tower with Radar,27,26,28,12,93,0,0,2,0,2,27,26,30,12,95,0,8,8,103
10/25/2014,EUG,OR,ANM,WE,Combined TRACON& Tower with Radar,15,23,8,0,46,0,0,3,0,3,15,23,11,0,49,0,0,0,49
10/26/2014,EUG,OR,ANM,WE,Combined TRACON& Tower with Radar,23,19,8,0,50,0,0,12,0,12,23,19,20,0,62,14,0,14,76
10/27/2014,EUG,OR,ANM,WE,Combined TRACON& Tower with Radar,25,24,24,12,85,0,3,69,2,74,25,27,93,14,159,84,42,126,285
10/28/2014,EUG,OR,ANM,WE,Combined TRACON& Tower with Radar,17,29,24,6,76,1,1,52,2,56,18,30,76,8,132,96,8,104,236
10/29/2014,EUG,OR,ANM,WE,Combined TRACON& Tower with Radar,21,30,36,18,105,0,0,63,0,63,21,30,99,18,168,182,0,182,350
10/30/2014,EUG,OR,ANM,WE,Combined TRACON& Tower with Radar,25,25,18,0,68,0,5,6,0,11,25,30,24,0,79,28,0,28,107
10/31/2014,EUG,OR,ANM,WE,Combined TRACON& Tower with Radar,24,25,22,5,76,0,4,38,0,42,24,29,60,5,118,70,6,76,194
11/01/2014,EUG,OR,ANM,WE,Combined TRACON& Tower with Radar,15,28,70,0,113,1,1,13,1,16,16,29,83,1,129,16,0,16,145
11/02/2014,EUG,OR,ANM,WE,Combined TRACON& Tower with Radar,24,23,31,2,80,1,0,12,0,13,25,23,43,2,93,20,0,20,113
11/03/2014,EUG,OR,ANM,WE,Combined TRACON& Tower with Radar,22,25,20,14,81,0,0,17,1,18,22,25,37,15,99,56,8,64,163
11/04/2014,EUG,OR,ANM,WE,Combined TRACON& Tower with Radar,15,25,37,14,91,1,1,6,0,8,16,26,43,14,99,6,0,6,105
11/05/2014,EUG,OR,ANM,WE,Combined TRACON& Tower with Radar,18,29,26,16,89,0,2,74,0,76,18,31,100,16,165,116,8,124,289
11/06/2014,EUG,OR,ANM,WE,Combined TRACON& Tower with Radar,23,27,14,15,79,0,2,18,0,20,23,29,32,15,99,90,20,110,209
11/07/2014,EUG,OR,ANM,WE,Combined TRACON& Tower with Radar,28,23,17,1,69,0,0,17,0,17,28,23,34,1,86,8,0,8,94
11/08/2014,EUG,OR,ANM,WE,Combined TRACON& Tower with Radar,17,14,23,10,64,0,1,29,0,30,17,15,52,10,94,59,6,65,159
11/09/2014,EUG,OR,ANM,WE,Combined TRACON& Tower with Radar,25,18,17,0,60,0,1,14,0,15,25,19,31,0,75,10,0,10,85
11/10/2014,EUG,OR,ANM,WE,Combined TRACON& Tower with Radar,24,28,36,0,88,0,1,18,0,19,24,29,54,0,107,40,0,40,147
11/11/2014,EUG,OR,ANM,WE,Combined TRACON& Tower with Radar,16,29,21,0,66,0,0,67,1,68,16,29,88,1,134,32,0,32,166
11/12/2014,EUG,OR,ANM,WE,Combined TRACON& Tower with Radar,17,25,15,2,59,0,3,48,0,51,17,28,63,2,110,144,0,144,254
11/13/2014,EUG,OR,ANM,WE,Combined TRACON& Tower with Radar,25,22,7,0,54,0,0,2,0,2,25,22,9,0,56,0,0,0,56
11/14/2014,EUG,OR,ANM,WE,Combined TRACON& Tower with Radar,27,31,13,0,71,0,0,19,0,19,27,31,32,0,90,126,0,126,216
11/15/2014,EUG,OR,ANM,WE,Combined TRACON& Tower with Radar,17,18,1,0,36,0,2,62,1,65,17,20,63,1,101,20,0,20,121
11/16/2014,EUG,OR,ANM,WE,Combined TRACON& Tower with Radar,26,17,15,0,58,0,2,36,3,41,26,19,51,3,99,0,0,0,99
11/17/2014,EUG,OR,ANM,WE,Combined TRACON& Tower with Radar,23,28,15,2,68,0,0,63,0,63,23,28,78,2,131,62,0,62,193
11/18/2014,EUG,OR,ANM,WE,Combined TRACON& Tower with Radar,6,7,4,1,18,0,0,38,3,41,6,7,42,4,59,56,40,96,155
11/19/2014,EUG,OR,ANM,WE,Combined TRACON& Tower with Radar,11,15,12,6,44,0,2,37,0,39,11,17,49,6,83,108,4,112,195
11/20/2014,EUG,OR,ANM,WE,Combined TRACON& Tower with Radar,25,24,26,22,97,0,2,15,0,17,25,26,41,22,114,24,0,24,138
11/21/2014,EUG,OR,ANM,WE,Combined TRACON& Tower with Radar,26,30,10,1,67,0,0,13,2,15,26,30,23,3,82,38,0,38,120
11/22/2014,EUG,OR,ANM,WE,Combined TRACON& Tower with Radar,17,19,33,1,70,0,1,14,0,15,17,20,47,1,85,58,12,70,155
11/23/2014,EUG,OR,ANM,WE,Combined TRACON& Tower with Radar,27,22,9,0,58,1,0,18,1,20,28,22,27,1,78,12,0,12,90
11/24/2014,EUG,OR,ANM,WE,Combined TRACON& Tower with Radar,23,28,23,13,87,1,2,51,4,58,24,30,74,17,145,93,16,109,254
11/25/2014,EUG,OR,ANM,WE,Combined TRACON& Tower with Radar,22,28,24,13,87,0,0,38,1,39,22,28,62,14,126,98,0,98,224
11/26/2014,EUG,OR,ANM,WE,Combined TRACON& Tower with Radar,24,27,26,0,77,0,4,54,0,58,24,31,80,0,135,84,0,84,219
11/27/2014,EUG,OR,ANM,WE,Combined TRACON& Tower with Radar,11,13,2,0,26,0,0,0,0,0,11,13,2,0,26,0,0,0,26
11/28/2014,EUG,OR,ANM,WE,Combined TRACON& Tower with Radar,17,21,18,0,56,0,0,2,0,2,17,21,20,0,58,14,0,14,72
11/29/2014,EUG,OR,ANM,WE,Combined TRACON& Tower with Radar,17,20,17,0,54,0,2,11,0,13,17,22,28,0,67,40,0,40,107
11/30/2014,EUG,OR,ANM,WE,Combined TRACON& Tower with Radar,25,15,22,0,62,0,1,30,0,31,25,16,52,0,93,20,0,20,113
12/01/2014,EUG,OR,ANM,WE,Combined TRACON& Tower with Radar,23,28,15,2,68,0,0,54,0,54,23,28,69,2,122,0,0,0,122
12/02/2014,EUG,OR,ANM,WE,Combined TRACON& Tower with Radar,6,7,4,1,18,0,0,25,1,26,6,7,29,2,44,50,0,50,94
12/03/2014,EUG,OR,ANM,WE,Combined TRACON& Tower with Radar,11,15,12,6,44,0,0,38,0,38,11,15,50,6,82,94,0,94,176
12/04/2014,EUG,OR,ANM,WE,Combined TRACON& Tower with Radar,25,24,26,22,97,0,2,14,0,16,25,26,40,22,113,10,0,10,123
12/05/2014,EUG,OR,ANM,WE,Combined TRACON& Tower with Radar,17,30,22,0,69,0,1,0,0,1,17,31,22,0,70,0,0,0,70
12/06/2014,EUG,OR,ANM,WE,Combined TRACON& Tower with Radar,13,22,24,12,71,0,1,56,2,59,13,23,80,14,130,214,8,222,352
12/07/2014,EUG,OR,ANM,WE,Combined TRACON& Tower with Radar,21,24,6,0,51,0,0,0,0,0,21,24,6,0,51,0,0,0,51
12/08/2014,EUG,OR,ANM,WE,Combined TRACON& Tower with Radar,18,26,28,8,80,0,5,29,0,34,18,31,57,8,114,56,0,56,170
12/09/2014,EUG,OR,ANM,WE,Combined TRACON& Tower with Radar,13,29,20,4,66,0,0,11,0,11,13,29,31,4,77,48,0,48,125
12/10/2014,EUG,OR,ANM,WE,Combined TRACON& Tower with Radar,13,28,21,4,66,0,0,23,0,23,13,28,44,4,89,42,0,42,131
12/11/2014,EUG,OR,ANM,WE,Combined TRACON& Tower with Radar,21,27,12,12,72,0,2,0,0,2,21,29,12,12,74,0,0,0,74
12/12/2014,EUG,OR,ANM,WE,Combined TRACON& Tower with Radar,17,31,15,0,63,0,2,33,0,35,17,33,48,0,98,104,0,104,202
12/13/2014,EUG,OR,ANM,WE,Combined TRACON& Tower with Radar,11,22,16,0,49,0,0,66,0,66,11,22,82,0,115,114,0,114,229
12/14/2014,EUG,OR,ANM,WE,Combined TRACON& Tower with Radar,20,22,16,0,58,0,0,1,0,1,20,22,17,0,59,0,0,0,59
12/15/2014,EUG,OR,ANM,WE,Combined TRACON& Tower with Radar,17,25,17,1,60,0,2,22,0,24,17,27,39,1,84,18,0,18,102
12/16/2014,EUG,OR,ANM,WE,Combined TRACON& Tower with Radar,12,28,13,0,53,0,0,2,0,2,12,28,15,0,55,2,0,2,57
12/17/2014,EUG,OR,ANM,WE,Combined TRACON& Tower with Radar,14,34,17,8,73,0,1,11,0,12,14,35,28,8,85,22,0,22,107
12/18/2014,EUG,OR,ANM,WE,Combined TRACON& Tower with Radar,23,34,20,0,77,0,0,23,1,24,23,34,43,1,101,44,0,44,145
12/19/2014,EUG,OR,ANM,WE,Combined TRACON& Tower with Radar,17,31,14,2,64,0,0,20,0,20,17,31,34,2,84,0,0,0,84
12/20/2014,EUG,OR,ANM,WE,Combined TRACON& Tower with Radar,17,21,10,0,48,0,0,0,0,0,17,21,10,0,48,0,0,0,48
12/21/2014,EUG,OR,ANM,WE,Combined TRACON& Tower with Radar,20,23,14,0,57,0,0,2,0,2,20,23,16,0,59,0,0,0,59
12/22/2014,EUG,OR,ANM,WE,Combined TRACON& Tower with Radar,16,33,12,13,74,0,2,6,15,23,16,35,18,28,97,0,0,0,97
12/23/2014,EUG,OR,ANM,WE,Combined TRACON& Tower with Radar,16,39,17,3,75,0,1,9,0,10,16,40,26,3,85,6,0,6,91
12/24/2014,EUG,OR,ANM,WE,Combined TRACON& Tower with Radar,14,22,6,0,42,0,1,2,0,3,14,23,8,0,45,0,0,0,45
12/25/2014,EUG,OR,ANM,WE,Combined TRACON& Tower with Radar,18,15,1,0,34,0,0,4,0,4,18,15,5,0,38,4,0,4,42
12/26/2014,EUG,OR,ANM,WE,Combined TRACON& Tower with Radar,16,36,6,0,58,0,0,21,0,21,16,36,27,0,79,26,0,26,105
12/27/2014,EUG,OR,ANM,WE,Combined TRACON& Tower with Radar,18,25,3,0,46,0,0,11,0,11,18,25,14,0,57,36,0,36,93
12/28/2014,EUG,OR,ANM,WE,Combined TRACON& Tower with Radar,22,25,9,0,56,1,2,6,0,9,23,27,15,0,65,10,0,10,75
12/29/2014,EUG,OR,ANM,WE,Combined TRACON& Tower with Radar,16,35,10,0,61,0,1,13,0,14,16,36,23,0,75,14,0,14,89
12/30/2014,EUG,OR,ANM,WE,Combined TRACON& Tower with Radar,20,28,12,11,71,0,1,33,2,36,20,29,45,13,107,68,18,86,193
12/31/2014,EUG,OR,ANM,WE,Combined TRACON& Tower with Radar,14,24,10,0,48,0,0,37,0,37,14,24,47,0,85,48,0,48,133
01/01/2015,EUG,OR,ANM,WE,Combined TRACON& Tower with Radar,14,21,8,0,43,0,0,15,0,15,14,21,23,0,58,0,0,0,58
01/02/2015,EUG,OR,ANM,WE,Combined TRACON& Tower with Radar,22,32,18,0,72,0,0,41,0,41,22,32,59,0,113,24,0,24,137
01/03/2015,EUG,OR,ANM,WE,Combined TRACON& Tower with Radar,17,34,17,0,68,0,2,39,0,41,17,36,56,0,109,44,0,44,153
01/04/2015,EUG,OR,ANM,WE,Combined TRACON& Tower with Radar,19,25,10,0,54,0,0,6,0,6,19,25,16,0,60,4,0,4,64
01/05/2015,EUG,OR,ANM,WE,Combined TRACON& Tower with Radar,18,26,7,11,62,0,1,16,0,17,18,27,23,11,79,32,0,32,111
01/06/2015,EUG,OR,ANM,WE,Combined TRACON& Tower with Radar,17,22,16,4,59,0,2,31,0,33,17,24,47,4,92,100,0,100,192
01/07/2015,EUG,OR,ANM,WE,Combined TRACON& Tower with Radar,19,13,13,2,47,0,0,0,0,0,19,13,13,2,47,0,0,0,47
01/08/2015,EUG,OR,ANM,WE,Combined TRACON& Tower with Radar,31,20,6,0,57,0,0,0,0,0,31,20,6,0,57,0,0,0,57
01/09/2015,EUG,OR,ANM,WE,Combined TRACON& Tower with Radar,28,24,14,2,68,0,0,2,0,2,28,24,16,2,70,6,0,6,76
01/10/2015,EUG,OR,ANM,WE,Combined TRACON& Tower with Radar,25,20,15,0,60,0,0,0,0,0,25,20,15,0,60,0,0,0,60
01/11/2015,EUG,OR,ANM,WE,Combined TRACON& Tower with Radar,29,11,16,0,56,0,0,1,0,1,29,11,17,0,57,0,0,0,57
01/12/2015,EUG,OR,ANM,WE,Combined TRACON& Tower with Radar,26,20,15,2,63,0,0,19,0,19,26,20,34,2,82,30,0,30,112
01/13/2015,EUG,OR,ANM,WE,Combined TRACON& Tower with Radar,31,24,42,0,97,0,0,1,0,1,31,24,43,0,98,0,0,0,98
01/14/2015,EUG,OR,ANM,WE,Combined TRACON& Tower with Radar,21,17,21,4,63,0,1,37,0,38,21,18,58,4,101,68,0,68,169
01/15/2015,EUG,OR,ANM,WE,Combined TRACON& Tower with Radar,33,18,22,2,75,1,0,19,0,20,34,18,41,2,95,68,0,68,163
01/16/2015,EUG,OR,ANM,WE,Combined TRACON& Tower with Radar,27,15,23,2,67,0,5,54,0,59,27,20,77,2,126,124,0,124,250
01/17/2015,EUG,OR,ANM,WE,Combined TRACON& Tower with Radar,17,12,11,0,40,0,0,4,0,4,17,12,15,0,44,2,0,2,46
01/18/2015,EUG,OR,ANM,WE,Combined TRACON& Tower with Radar,28,13,27,0,68,0,2,3,0,5,28,15,30,0,73,0,0,0,73
01/19/2015,EUG,OR,ANM,WE,Combined TRACON& Tower with Radar,33,18,21,0,72,0,1,15,0,16,33,19,36,0,88,0,0,0,88
01/20/2015,EUG,OR,ANM,WE,Combined TRACON& Tower with Radar,22,19,22,4,67,0,0,4,2,6,22,19,26,6,73,0,2,2,75
01/21/2015,EUG,OR,ANM,WE,Combined TRACON& Tower with Radar,24,19,18,6,67,0,0,0,0,0,24,19,18,6,67,0,0,0,67
01/22/2015,EUG,OR,ANM,WE,Combined TRACON& Tower with Radar,30,17,14,0,61,0,2,45,0,47,30,19,59,0,108,103,0,103,211
01/23/2015,EUG,OR,ANM,WE,Combined TRACON& Tower with Radar,29,16,28,19,92,0,2,56,1,59,29,18,84,20,151,58,46,104,255
01/24/2015,EUG,OR,ANM,WE,Combined TRACON& Tower with Radar,18,12,21,0,51,0,2,57,0,59,18,14,78,0,110,30,0,30,140
01/25/2015,EUG,OR,ANM,WE,Combined TRACON& Tower with Radar,21,7,4,0,32,0,0,0,0,0,21,7,4,0,32,0,0,0,32
01/26/2015,EUG,OR,ANM,WE,Combined TRACON& Tower with Radar,36,13,7,0,56,0,1,40,0,41,36,14,47,0,97,68,0,68,165
01/27/2015,EUG,OR,ANM,WE,Combined TRACON& Tower with Radar,21,20,11,4,56,1,0,20,0,21,22,20,31,4,77,96,0,96,173
01/28/2015,EUG,OR,ANM,WE,Combined TRACON& Tower with Radar,21,17,23,4,65,0,0,51,0,51,21,17,74,4,116,78,0,78,194
01/29/2015,EUG,OR,ANM,WE,Combined TRACON& Tower with Radar,33,20,38,0,91,0,0,31,0,31,33,20,69,0,122,28,0,28,150
01/30/2015,EUG,OR,ANM,WE,Combined TRACON& Tower with Radar,28,19,18,3,68,0,1,45,1,47,28,20,63,4,115,66,0,66,181
01/31/2015,EUG,OR,ANM,WE,Combined TRACON& Tower with Radar,17,12,9,0,38,0,0,1,0,1,17,12,10,0,39,0,0,0,39
02/01/2015,EUG,OR,ANM,WE,Combined TRACON& Tower with Radar,28,10,7,0,45,0,2,5,0,7,28,12,12,0,52,2,0,2,54
02/02/2015,EUG,OR,ANM,WE,Combined TRACON& Tower with Radar,25,22,26,0,73,0,0,26,0,26,25,22,52,0,99,36,0,36,135
02/03/2015,EUG,OR,ANM,WE,Combined TRACON& Tower with Radar,20,22,19,0,61,0,0,32,0,32,20,22,51,0,93,186,0,186,279
02/04/2015,EUG,OR,ANM,WE,Combined TRACON& Tower with Radar,21,25,21,12,79,0,0,0,0,0,21,25,21,12,79,0,10,10,89
02/05/2015,EUG,OR,ANM,WE,Combined TRACON& Tower with Radar,28,15,12,2,57,1,0,29,5,35,29,15,41,7,92,24,28,52,144
02/06/2015,EUG,OR,ANM,WE,Combined TRACON& Tower with Radar,26,15,10,14,65,0,1,11,0,12,26,16,21,14,77,45,0,45,122
02/07/2015,EUG,OR,ANM,WE,Combined TRACON& Tower with Radar,19,13,6,0,38,0,0,8,0,8,19,13,14,0,46,0,0,0,46
02/08/2015,EUG,OR,ANM,WE,Combined TRACON& Tower with Radar,26,12,22,4,64,4,0,6,0,10,30,12,28,4,74,2,0,2,76
02/09/2015,EUG,OR,ANM,WE,Combined TRACON& Tower with Radar,27,17,15,2,61,0,0,13,0,13,27,17,28,2,74,18,24,42,116
02/10/2015,EUG,OR,ANM,WE,Combined TRACON& Tower with Radar,21,16,19,22,78,0,4,67,0,71,21,20,86,22,149,124,12,136,285
02/11/2015,EUG,OR,ANM,WE,Combined TRACON& Tower with Radar,18,19,26,1,64,0,3,71,1,75,18,22,97,2,139,248,0,248,387
02/12/2015,EUG,OR,ANM,WE,Combined TRACON& Tower with Radar,26,20,16,23,85,0,2,52,1,55,26,22,68,24,140,44,14,58,198
02/13/2015,EUG,OR,ANM,WE,Combined TRACON& Tower with Radar,27,16,28,0,71,0,3,32,0,35,27,19,60,0,106,48,0,48,154
02/14/2015,EUG,OR,ANM,WE,Combined TRACON& Tower with Radar,15,16,7,0,38,0,2,18,0,20,15,18,25,0,58,0,0,0,58
02/15/2015,EUG,OR,ANM,WE,Combined TRACON& Tower with Radar,25,15,16,0,56,0,0,39,0,39,25,15,55,0,95,1,0,1,96
02/16/2015,EUG,OR,ANM,WE,Combined TRACON& Tower with Radar,24,17,14,0,55,0,2,78,0,80,24,19,92,0,135,44,0,44,179
02/17/2015,EUG,OR,ANM,WE,Combined TRACON& Tower with Radar,17,22,16,12,67,0,7,72,0,79,17,29,88,12,146,0,0,0,146
02/18/2015,EUG,OR,ANM,WE,Combined TRACON& Tower with Radar,20,22,24,0,66,0,1,42,0,43,20,23,66,0,109,96,0,96,205
02/19/2015,EUG,OR,ANM,WE,Combined TRACON& Tower with Radar,27,18,27,5,77,0,2,37,0,39,27,20,64,5,116,72,0,72,188
02/20/2015,EUG,OR,ANM,WE,Combined TRACON& Tower with Radar,23,19,21,0,63,0,2,33,0,35,23,21,54,0,98,80,0,80,178
02/21/2015,EUG,OR,ANM,WE,Combined TRACON& Tower with Radar,13,16,17,14,60,0,1,66,0,67,13,17,83,14,127,74,8,82,209
02/22/2015,EUG,OR,ANM,WE,Combined TRACON& Tower with Radar,27,14,25,0,66,0,0,57,0,57,27,14,82,0,123,16,0,16,139
02/23/2015,EUG,OR,ANM,WE,Combined TRACON& Tower with Radar,23,21,11,2,57,0,3,100,2,105,23,24,111,4,162,166,22,188,350
02/24/2015,EUG,OR,ANM,WE,Combined TRACON& Tower with Radar,16,25,6,8,55,0,0,105,0,105,16,25,111,8,160,178,0,178,338
02/25/2015,EUG,OR,ANM,WE,Combined TRACON& Tower with Radar,20,20,13,1,54,0,1,56,1,58,20,21,69,2,112,112,8,120,232
02/26/2015,EUG,OR,ANM,WE,Combined TRACON& Tower with Radar,30,26,21,2,79,0,0,0,0,0,30,26,21,2,79,0,0,0,79
02/27/2015,EUG,OR,ANM,WE,Combined TRACON& Tower with Radar,23,19,11,1,54,0,1,12,0,13,23,20,23,1,67,24,0,24,91
02/28/2015,EUG,OR,ANM,WE,Combined TRACON& Tower with Radar,13,16,13,0,42,0,2,73,0,75,13,18,86,0,117,80,0,80,197
03/01/2015,EUG,OR,ANM,WE,Combined TRACON& Tower with Radar,26,17,7,0,50,0,1,65,2,68,26,18,72,2,118,50,0,50,168
03/02/2015,EUG,OR,ANM,WE,Combined TRACON& Tower with Radar,23,18,22,0,63,0,0,29,0,29,23,18,51,0,92,73,0,73,165
03/03/2015,EUG,OR,ANM,WE,Combined TRACON& Tower with Radar,16,23,6,6,51,0,2,54,0,56,16,25,60,6,107,76,0,76,183
03/04/2015,EUG,OR,ANM,WE,Combined TRACON& Tower with Radar,17,19,19,18,73,0,2,58,2,62,17,21,77,20,135,40,2,42,177
03/05/2015,EUG,OR,ANM,WE,Combined TRACON& Tower with Radar,24,26,34,9,93,0,1,57,1,59,24,27,91,10,152,12,0,12,164
03/06/2015,EUG,OR,ANM,WE,Combined TRACON& Tower with Radar,17,21,15,1,54,0,2,67,1,70,17,23,82,2,124,88,26,114,238
03/07/2015,EUG,OR,ANM,WE,Combined TRACON& Tower with Radar,11,25,15,2,53,0,2,63,0,65,11,27,78,2,118,46,0,46,164
03/08/2015,EUG,OR,ANM,WE,Combined TRACON& Tower with Radar,22,20,24,0,66,0,1,46,0,47,22,21,70,0,113,33,0,33,146
03/09/2015,EUG,OR,ANM,WE,Combined TRACON& Tower with Radar,17,23,25,8,73,0,2,65,0,67,17,25,90,8,140,100,10,110,250
03/10/2015,EUG,OR,ANM,WE,Combined TRACON& Tower with Radar,14,24,25,4,67,0,6,37,0,43,14,30,62,4,110,8,0,8,118
03/11/2015,EUG,OR,ANM,WE,Combined TRACON& Tower with Radar,14,25,38,6,83,0,3,21,0,24,14,28,59,6,107,100,4,104,211
03/12/2015,EUG,OR,ANM,WE,Combined TRACON& Tower with Radar,22,23,28,0,73,0,2,56,0,58,22,25,84,0,131,74,0,74,205
03/13/2015,EUG,OR,ANM,WE,Combined TRACON& Tower with Radar,24,22,20,11,77,0,2,68,1,71,24,24,88,12,148,80,0,80,228
03/14/2015,EUG,OR,ANM,WE,Combined TRACON& Tower with Radar,11,23,17,0,51,0,0,18,0,18,11,23,35,0,69,17,0,17,86
03/15/2015,EUG,OR,ANM,WE,Combined TRACON& Tower with Radar,28,21,16,0,65,0,0,1,0,1,28,21,17,0,66,0,0,0,66
03/16/2015,EUG,OR,ANM,WE,Combined TRACON& Tower with Radar,17,17,9,4,47,0,4,26,0,30,17,21,35,4,77,16,0,16,93
03/17/2015,EUG,OR,ANM,WE,Combined TRACON& Tower with Radar,15,24,32,18,89,0,2,18,0,20,15,26,50,18,109,39,12,51,160
03/18/2015,EUG,OR,ANM,WE,Combined TRACON& Tower with Radar,23,23,32,11,89,0,2,36,0,38,23,25,68,11,127,24,0,24,151
03/19/2015,EUG,OR,ANM,WE,Combined TRACON& Tower with Radar,23,24,23,6,76,0,3,69,1,73,23,27,92,7,149,42,2,44,193
03/20/2015,EUG,OR,ANM,WE,Combined TRACON& Tower with Radar,18,23,38,2,81,0,2,37,1,40,18,25,75,3,121,28,0,28,149
03/21/2015,EUG,OR,ANM,WE,Combined TRACON& Tower with Radar,13,21,21,0,55,0,3,45,1,49,13,24,66,1,104,48,0,48,152
03/22/2015,EUG,OR,ANM,WE,Combined TRACON& Tower with Radar,24,17,12,0,53,0,0,12,2,14,24,17,24,2,67,0,0,0,67
03/23/2015,EUG,OR,ANM,WE,Combined TRACON& Tower with Radar,19,27,6,10,62,0,1,0,2,3,19,28,6,12,65,0,0,0,65
03/24/2015,EUG,OR,ANM,WE,Combined TRACON& Tower with Radar,15,24,10,3,52,0,2,20,0,22,15,26,30,3,74,22,0,22,96
03/25/2015,EUG,OR,ANM,WE,Combined TRACON& Tower with Radar,19,23,19,13,74,0,3,30,1,34,19,26,49,14,108,30,18,48,156
03/26/2015,EUG,OR,ANM,WE,Combined TRACON& Tower with Radar,22,21,17,4,64,0,5,27,1,33,22,26,44,5,97,32,0,32,129
03/27/2015,EUG,OR,ANM,WE,Combined TRACON& Tower with Radar,18,26,9,2,55,0,0,23,0,23,18,26,32,2,78,0,0,0,78
03/28/2015,EUG,OR,ANM,WE,Combined TRACON& Tower with Radar,15,23,14,0,52,0,0,22,0,22,15,23,36,0,74,8,0,8,82
03/29/2015,EUG,OR,ANM,WE,Combined TRACON& Tower with Radar,23,20,9,0,52,0,2,51,0,53,23,22,60,0,105,0,0,0,105
03/30/2015,EUG,OR,ANM,WE,Combined TRACON& Tower with Radar,19,23,21,6,69,0,3,47,4,54,19,26,68,10,123,20,0,20,143
03/31/2015,EUG,OR,ANM,WE,Combined TRACON& Tower with Radar,23,26,16,2,67,4,1,8,0,13,27,27,24,2,80,66,18,84,164
04/01/2015,EUG,OR,ANM,WE,Combined TRACON& Tower with Radar,14,27,18,0,59,0,1,28,0,29,14,28,46,0,88,62,0,62,150
04/02/2015,EUG,OR,ANM,WE,Combined TRACON& Tower with Radar,22,26,17,9,74,0,2,57,1,60,22,28,74,10,134,82,62,144,278
04/03/2015,EUG,OR,ANM,WE,Combined TRACON& Tower with Radar,19,24,18,0,61,0,0,34,0,34,19,24,52,0,95,54,0,54,149
04/04/2015,EUG,OR,ANM,WE,Combined TRACON& Tower with Radar,10,21,19,0,50,1,0,64,0,65,11,21,83,0,115,42,0,42,157
04/05/2015,EUG,OR,ANM,WE,Combined TRACON& Tower with Radar,22,16,5,0,43,0,0,10,0,10,22,16,15,0,53,8,0,8,61
04/06/2015,EUG,OR,ANM,WE,Combined TRACON& Tower with Radar,18,24,13,24,79,0,0,22,3,25,18,24,35,27,104,44,22,66,170
04/07/2015,EUG,OR,ANM,WE,Combined TRACON& Tower with Radar,23,22,20,8,73,0,1,13,0,14,23,23,33,8,87,10,0,10,97
04/08/2015,EUG,OR,ANM,WE,Combined TRACON& Tower with Radar,24,17,18,5,64,1,2,52,4,59,25,19,70,9,123,80,2,82,205
04/09/2015,EUG,OR,ANM,WE,Combined TRACON& Tower with Radar,34,23,27,0,84,0,4,46,0,50,34,27,73,0,134,68,0,68,202
04/10/2015,EUG,OR,ANM,WE,Combined TRACON& Tower with Radar,26,18,20,0,64,0,2,54,0,56,26,20,74,0,120,82,0,82,202
04/11/2015,EUG,OR,ANM,WE,Combined TRACON& Tower with Radar,15,17,19,0,51,0,1,27,0,28,15,18,46,0,79,14,0,14,93
04/12/2015,EUG,OR,ANM,WE,Combined TRACON& Tower with Radar,32,12,15,0,59,0,0,48,0,48,32,12,63,0,107,10,0,10,117
04/13/2015,EUG,OR,ANM,WE,Combined TRACON& Tower with Radar,27,14,24,0,65,0,2,34,0,36,27,16,58,0,101,36,0,36,137
04/14/2015,EUG,OR,ANM,WE,Combined TRACON& Tower with Radar,28,16,21,6,71,0,2,22,2,26,28,18,43,8,97,62,0,62,159
04/15/2015,EUG,OR,ANM,WE,Combined TRACON& Tower with Radar,28,18,16,13,75,0,1,33,2,36,28,19,49,15,111,76,0,76,187
04/16/2015,EUG,OR,ANM,WE,Combined TRACON& Tower with Radar,30,16,20,11,77,0,1,62,8,71,30,17,82,19,148,98,18,116,264
04/17/2015,EUG,OR,ANM,WE,Combined TRACON& Tower with Radar,29,16,13,0,58,0,1,93,0,94,29,17,106,0,152,80,0,80,232
04/18/2015,EUG,OR,ANM,WE,Combined TRACON& Tower with Radar,15,18,19,0,52,0,2,85,1,88,15,20,104,1,140,82,2,84,224
04/19/2015,EUG,OR,ANM,WE,Combined TRACON& Tower with Radar,31,12,8,0,51,0,1,62,0,63,31,13,70,0,114,42,0,42,156
04/20/2015,EUG,OR,ANM,WE,Combined TRACON& Tower with Radar,28,16,24,27,95,0,1,67,0,68,28,17,91,27,163,78,20,98,261
04/21/2015,EUG,OR,ANM,WE,Combined TRACON& Tower with Radar,23,24,11,2,60,0,0,53,0,53,23,24,64,2,113,154,0,154,267
04/22/2015,EUG,OR,ANM,WE,Combined TRACON& Tower with Radar,25,15,17,4,61,0,3,72,0,75,25,18,89,4,136,52,0,52,188
04/23/2015,EUG,OR,ANM,WE,Combined TRACON& Tower with Radar,32,20,39,9,100,2,1,37,0,40,34,21,76,9,140,114,12,126,266
04/24/2015,EUG,OR,ANM,WE,Combined TRACON& Tower with Radar,29,14,15,0,58,0,1,35,0,36,29,15,50,0,94,114,0,114,208
04/25/2015,EUG,OR,ANM,WE,Combined TRACON& Tower with Radar,13,19,7,0,39,0,0,17,0,17,13,19,24,0,56,40,0,40,96
04/26/2015,EUG,OR,ANM,WE,Combined TRACON& Tower with Radar,31,14,15,0,60,0,1,20,0,21,31,15,35,0,81,2,0,2,83
04/27/2015,EUG,OR,ANM,WE,Combined TRACON& Tower with Radar,28,14,16,2,60,2,3,50,0,55,30,17,66,2,115,74,0,74,189
04/28/2015,EUG,OR,ANM,WE,Combined TRACON& Tower with Radar,23,20,35,2,80,0,0,56,4,60,23,20,91,6,140,70,16,86,226
04/29/2015,EUG,OR,ANM,WE,Combined TRACON& Tower with Radar,23,13,16,4,56,0,4,85,10,99,23,17,101,14,155,84,0,84,239
04/30/2015,EUG,OR,ANM,WE,Combined TRACON& Tower with Radar,32,17,28,25,102,0,2,78,1,81,32,19,106,26,183,92,12,104,287
05/01/2015,EUG,OR,ANM,WE,Combined TRACON& Tower with Radar,26,18,21,17,82,0,3,36,1,40,26,21,57,18,122,34,16,50,172
05/02/2015,EUG,OR,ANM,WE,Combined TRACON& Tower with Radar,12,16,15,0,43,0,2,65,0,67,12,18,80,0,110,58,0,58,168
05/03/2015,EUG,OR,ANM,WE,Combined TRACON& Tower with Radar,30,15,17,0,62,0,2,32,0,34,30,17,49,0,96,16,0,16,112
05/04/2015,EUG,OR,ANM,WE,Combined TRACON& Tower with Radar,26,15,24,6,71,0,3,31,2,36,26,18,55,8,107,130,29,159,266
05/05/2015,EUG,OR,ANM,WE,Combined TRACON& Tower with Radar,23,20,19,8,70,0,2,57,0,59,23,22,76,8,129,94,26,120,249
05/06/2015,EUG,OR,ANM,WE,Combined TRACON& Tower with Radar,16,24,22,31,93,0,3,43,0,46,16,27,65,31,139,96,22,118,257
05/07/2015,EUG,OR,ANM,WE,Combined TRACON& Tower with Radar,25,26,33,6,90,0,2,51,0,53,25,28,84,6,143,80,0,80,223
05/08/2015,EUG,OR,ANM,WE,Combined TRACON& Tower with Radar,20,21,18,18,77,2,2,86,0,90,22,23,104,18,167,124,0,124,291
05/09/2015,EUG,OR,ANM,WE,Combined TRACON& Tower with Radar,14,17,19,0,50,0,1,106,0,107,14,18,125,0,157,174,0,174,331
05/10/2015,EUG,OR,ANM,WE,Combined TRACON& Tower with Radar,25,16,11,6,58,0,0,17,4,21,25,16,28,10,79,0,1,1,80
05/11/2015,EUG,OR,ANM,WE,Combined TRACON& Tower with Radar,21,23,14,14,72,0,2,17,0,19,21,25,31,14,91,74,22,96,187
05/12/2015,EUG,OR,ANM,WE,Combined TRACON& Tower with Radar,18,25,21,8,72,0,1,11,0,12,18,26,32,8,84,10,42,52,136
05/13/2015,EUG,OR,ANM,WE,Combined TRACON& Tower with Radar,17,22,27,21,87,1,2,43,3,49,18,24,70,24,136,98,66,164,300
05/14/2015,EUG,OR,ANM,WE,Combined TRACON& Tower with Radar,24,22,25,1,72,1,4,44,0,49,25,26,69,1,121,32,1,33,154
05/15/2015,EUG,OR,ANM,WE,Combined TRACON& Tower with Radar,21,23,22,4,70,7,0,20,0,27,28,23,42,4,97,80,16,96,193
05/16/2015,EUG,OR,ANM,WE,Combined TRACON& Tower with Radar,16,20,25,8,69,0,1,36,0,37,16,21,61,8,106,110,0,110,216
05/17/2015,EUG,OR,ANM,WE,Combined TRACON& Tower with Radar,26,18,19,0,63,0,0,22,0,22,26,18,41,0,85,66,0,66,151
05/18/2015,EUG,OR,ANM,WE,Combined TRACON& Tower with Radar,19,26,20,0,65,0,4,40,7,51,19,30,60,7,116,76,0,76,192
05/19/2015,EUG,OR,ANM,WE,Combined TRACON& Tower with Radar,17,26,28,0,71,0,2,22,0,24,17,28,50,0,95,76,0,76,171
05/20/2015,EUG,OR,ANM,WE,Combined TRACON& Tower with Radar,21,29,35,0,85,0,0,33,0,33,21,29,68,0,118,28,0,28,146
05/21/2015,EUG,OR,ANM,WE,Combined TRACON& Tower with Radar,25,28,28,0,81,0,0,25,0,25,25,28,53,0,106,47,0,47,153
05/22/2015,EUG,OR,ANM,WE,Combined TRACON& Tower with Radar,22,24,28,2,76,0,1,19,0,20,22,25,47,2,96,54,4,58,154
05/23/2015,EUG,OR,ANM,WE,Combined TRACON& Tower with Radar,13,18,9,0,40,0,0,21,0,21,13,18,30,0,61,26,0,26,87
05/24/2015,EUG,OR,ANM,WE,Combined TRACON& Tower with Radar,19,17,10,0,46,0,2,11,0,13,19,19,21,0,59,10,0,10,69
05/25/2015,EUG,OR,ANM,WE,Combined TRACON& Tower with Radar,25,16,20,0,61,0,1,35,1,37,25,17,55,1,98,42,0,42,140
05/26/2015,EUG,OR,ANM,WE,Combined TRACON& Tower with Radar,20,23,33,10,86,0,2,22,0,24,20,25,55,10,110,10,8,18,128
05/27/2015,EUG,OR,ANM,WE,Combined TRACON& Tower with Radar,19,22,20,2,63,1,7,63,2,73,20,29,83,4,136,34,0,34,170
05/28/2015,EUG,OR,ANM,WE,Combined TRACON& Tower with Radar,25,28,23,1,77,0,2,80,1,83,25,30,103,2,160,48,0,48,208
05/29/2015,EUG,OR,ANM,WE,Combined TRACON& Tower with Radar,20,23,27,4,74,0,3,74,0,77,20,26,101,4,151,18,8,26,177
05/30/2015,EUG,OR,ANM,WE,Combined TRACON& Tower with Radar,15,19,22,0,56,0,2,42,0,44,15,21,64,0,100,4,0,4,104
05/31/2015,EUG,OR,ANM,WE,Combined TRACON& Tower with Radar,29,19,22,0,70,0,2,31,0,33,29,21,53,0,103,0,0,0,103
06/01/2015,EUG,OR,ANM,WE,Combined TRACON& Tower with Radar,25,24,13,0,62,0,0,6,0,6,25,24,19,0,68,20,0,20,88
06/02/2015,EUG,OR,ANM,WE,Combined TRACON& Tower with Radar,16,29,37,7,89,0,0,15,2,17,16,29,52,9,106,58,16,74,180
06/03/2015,EUG,OR,ANM,WE,Combined TRACON& Tower with Radar,24,28,21,2,75,0,0,52,0,52,24,28,73,2,127,78,28,106,233
06/04/2015,EUG,OR,ANM,WE,Combined TRACON& Tower with Radar,30,21,24,1,76,0,2,80,0,82,30,23,104,1,158,78,0,78,236
06/05/2015,EUG,OR,ANM,WE,Combined TRACON& Tower with Radar,27,20,18,0,65,0,3,66,0,69,27,23,84,0,134,110,0,110,244
06/06/2015,EUG,OR,ANM,WE,Combined TRACON& Tower with Radar,19,14,13,0,46,0,6,74,0,80,19,20,87,0,126,72,0,72,198
06/07/2015,EUG,OR,ANM,WE,Combined TRACON& Tower with Radar,37,12,10,0,59,0,1,46,0,47,37,13,56,0,106,10,0,10,116
06/08/2015,EUG,OR,ANM,WE,Combined TRACON& Tower with Radar,30,17,20,6,73,0,2,68,1,71,30,19,88,7,144,34,6,40,184
06/09/2015,EUG,OR,ANM,WE,Combined TRACON& Tower with Radar,23,18,22,14,77,0,2,85,5,92,23,20,107,19,169,122,24,146,315
06/10/2015,EUG,OR,ANM,WE,Combined TRACON& Tower with Radar,27,18,20,4,69,0,2,93,10,105,27,20,113,14,174,112,0,112,286
06/11/2015,EUG,OR,ANM,WE,Combined TRACON& Tower with Radar,32,17,20,0,69,2,7,88,0,97,34,24,108,0,166,122,0,122,288
06/12/2015,EUG,OR,ANM,WE,Combined TRACON& Tower with Radar,34,21,30,0,85,0,3,77,0,80,34,24,107,0,165,72,0,72,237
06/13/2015,EUG,OR,ANM,WE,Combined TRACON& Tower with Radar,28,14,9,0,51,0,1,58,0,59,28,15,67,0,110,20,0,20,130
06/14/2015,EUG,OR,ANM,WE,Combined TRACON& Tower with Radar,28,15,17,0,60,0,0,54,0,54,28,15,71,0,114,14,0,14,128
06/15/2015,EUG,OR,ANM,WE,Combined TRACON& Tower with Radar,29,24,19,1,73,0,2,41,1,44,29,26,60,2,117,40,0,40,157
06/16/2015,EUG,OR,ANM,WE,Combined TRACON& Tower with Radar,27,24,18,3,72,0,2,46,0,48,27,26,64,3,120,80,0,80,200
06/17/2015,EUG,OR,ANM,WE,Combined TRACON& Tower with Radar,27,18,10,8,63,0,2,58,0,60,27,20,68,8,123,42,6,48,171
06/18/2015,EUG,OR,ANM,WE,Combined TRACON& Tower with Radar,34,20,7,6,67,0,3,49,0,52,34,23,56,6,119,24,0,24,143
06/19/2015,EUG,OR,ANM,WE,Combined TRACON& Tower with Radar,30,15,11,8,64,1,2,44,8,55,31,17,55,16,119,36,0,36,155
06/20/2015,EUG,OR,ANM,WE,Combined TRACON& Tower with Radar,21,14,4,0,39,0,0,47,0,47,21,14,51,0,86,26,0,26,112
06/21/2015,EUG,OR,ANM,WE,Combined TRACON& Tower with Radar,28,13,6,0,47,0,0,36,0,36,28,13,42,0,83,40,0,40,123
06/22/2015,EUG,OR,ANM,WE,Combined TRACON& Tower with Radar,29,14,14,0,57,0,4,59,5,68,29,18,73,5,125,42,0,42,167
06/23/2015,EUG,OR,ANM,WE,Combined TRACON& Tower with Radar,28,21,19,0,68,0,4,63,1,68,28,25,82,1,136,86,0,86,222
06/24/2015,EUG,OR,ANM,WE,Combined TRACON& Tower with Radar,26,21,20,6,73,0,3,80,5,88,26,24,100,11,161,156,12,168,329
06/25/2015,EUG,OR,ANM,WE,Combined TRACON& Tower with Radar,30,15,19,0,64,0,3,67,1,71,30,18,86,1,135,74,0,74,209
06/26/2015,EUG,OR,ANM,WE,Combined TRACON& Tower with Radar,30,19,25,0,74,0,1,62,0,63,30,20,87,0,137,58,0,58,195
06/27/2015,EUG,OR,ANM,WE,Combined TRACON& Tower with Radar,21,17,16,0,54,0,1,56,0,57,21,18,72,0,111,24,1,25,136
06/28/2015,EUG,OR,ANM,WE,Combined TRACON& Tower with Radar,26,15,22,0,63,0,0,39,0,39,26,15,61,0,102,16,0,16,118
06/29/2015,EUG,OR,ANM,WE,Combined TRACON& Tower with Radar,28,14,18,6,66,0,4,69,0,73,28,18,87,6,139,102,0,102,241
06/30/2015,EUG,OR,ANM,WE,Combined TRACON& Tower with Radar,31,14,14,0,59,0,5,70,0,75,31,19,84,0,134,76,0,76,210
07/01/2015,EUG,OR,ANM,WE,Combined TRACON& Tower with Radar,25,17,4,20,66,0,3,95,0,98,25,20,99,20,164,72,4,76,240
07/02/2015,EUG,OR,ANM,WE,Combined TRACON& Tower with Radar,29,19,15,2,65,0,3,61,3,67,29,22,76,5,132,44,0,44,176
07/03/2015,EUG,OR,ANM,WE,Combined TRACON& Tower with Radar,23,16,5,0,44,0,3,56,0,59,23,19,61,0,103,30,0,30,133
07/04/2015,EUG,OR,ANM,WE,Combined TRACON& Tower with Radar,20,12,4,0,36,2,4,42,0,48,22,16,46,0,84,2,0,2,86
07/05/2015,EUG,OR,ANM,WE,Combined TRACON& Tower with Radar,27,15,12,0,54,0,0,34,0,34,27,15,46,0,88,2,0,2,90
07/06/2015,EUG,OR,ANM,WE,Combined TRACON& Tower with Radar,25,20,24,2,71,0,2,58,0,60,25,22,82,2,131,36,0,36,167
07/07/2015,EUG,OR,ANM,WE,Combined TRACON& Tower with Radar,28,18,15,12,73,0,4,71,0,75,28,22,86,12,148,100,0,100,248
07/08/2015,EUG,OR,ANM,WE,Combined TRACON& Tower with Radar,24,21,12,25,82,0,2,63,0,65,24,23,75,25,147,110,10,120,267
07/09/2015,EUG,OR,ANM,WE,Combined TRACON& Tower with Radar,28,18,24,20,90,0,2,50,0,52,28,20,74,20,142,60,0,60,202
07/10/2015,EUG,OR,ANM,WE,Combined TRACON& Tower with Radar,25,22,37,0,84,0,1,43,4,48,25,23,80,4,132,28,1,29,161
07/11/2015,EUG,OR,ANM,WE,Combined TRACON& Tower with Radar,21,19,24,0,64,0,0,47,0,47,21,19,71,0,111,18,0,18,129
07/12/2015,EUG,OR,ANM,WE,Combined TRACON& Tower with Radar,26,19,24,0,69,0,0,50,0,50,26,19,74,0,119,38,0,38,157
07/13/2015,EUG,OR,ANM,WE,Combined TRACON& Tower with Radar,28,16,25,2,71,0,4,48,0,52,28,20,73,2,123,66,0,66,189
07/14/2015,EUG,OR,ANM,WE,Combined TRACON& Tower with Radar,27,20,21,1,69,0,5,78,0,83,27,25,99,1,152,58,0,58,210
07/15/2015,EUG,OR,ANM,WE,Combined TRACON& Tower with Radar,26,19,20,9,74,0,4,78,0,82,26,23,98,9,156,150,24,174,330
07/16/2015,EUG,OR,ANM,WE,Combined TRACON& Tower with Radar,31,17,20,2,70,0,3,74,0,77,31,20,94,2,147,74,0,74,221
07/17/2015,EUG,OR,ANM,WE,Combined TRACON& Tower with Radar,25,18,11,4,58,0,6,71,0,77,25,24,82,4,135,34,14,48,183
07/18/2015,EUG,OR,ANM,WE,Combined TRACON& Tower with Radar,22,15,5,0,42,0,1,45,0,46,22,16,50,0,88,18,0,18,106
07/19/2015,EUG,OR,ANM,WE,Combined TRACON& Tower with Radar,25,19,13,0,57,0,0,66,0,66,25,19,79,0,123,32,0,32,155
07/20/2015,EUG,OR,ANM,WE,Combined TRACON& Tower with Radar,25,16,15,2,58,0,2,56,0,58,25,18,71,2,116,54,0,54,170
07/21/2015,EUG,OR,ANM,WE,Combined TRACON& Tower with Radar,25,18,17,5,65,0,4,45,4,53,25,22,62,9,118,76,72,148,266
07/22/2015,EUG,OR,ANM,WE,Combined TRACON& Tower with Radar,28,21,18,2,69,0,3,62,0,65,28,24,80,2,134,60,0,60,194
07/23/2015,EUG,OR,ANM,WE,Combined TRACON& Tower with Radar,29,17,32,2,80,0,7,69,3,79,29,24,101,5,159,32,0,32,191
07/24/2015,EUG,OR,ANM,WE,Combined TRACON& Tower with Radar,26,16,21,3,66,0,3,72,2,77,26,19,93,5,143,62,14,76,219
07/25/2015,EUG,OR,ANM,WE,Combined TRACON& Tower with Radar,22,16,15,0,53,0,0,21,4,25,22,16,36,4,78,46,0,46,124
07/26/2015,EUG,OR,ANM,WE,Combined TRACON& Tower with Radar,27,17,12,0,56,0,0,34,0,34,27,17,46,0,90,18,0,18,108
07/27/2015,EUG,OR,ANM,WE,Combined TRACON& Tower with Radar,25,16,19,22,82,0,4,63,1,68,25,20,82,23,150,60,6,66,216
07/28/2015,EUG,OR,ANM,WE,Combined TRACON& Tower with Radar,27,17,15,6,65,0,2,51,0,53,27,19,66,6,118,42,10,52,170
07/29/2015,EUG,OR,ANM,WE,Combined TRACON& Tower with Radar,27,18,24,15,84,0,7,60,1,68,27,25,84,16,152,138,38,176,328
07/30/2015,EUG,OR,ANM,WE,Combined TRACON& Tower with Radar,29,19,14,0,62,0,2,52,0,54,29,21,66,0,116,82,0,82,198
07/31/2015,EUG,OR,ANM,WE,Combined TRACON& Tower with Radar,25,26,26,5,82,0,4,67,1,72,25,30,93,6,154,64,34,98,252
08/01/2015,EUG,OR,ANM,WE,Combined TRACON& Tower with Radar,23,15,8,0,46,0,3,51,0,54,23,18,59,0,100,48,0,48,148
08/02/2015,EUG,OR,ANM,WE,Combined TRACON& Tower with Radar,26,17,12,0,55,0,1,43,0,44,26,18,55,0,99,16,0,16,115
08/03/2015,EUG,OR,ANM,WE,Combined TRACON& Tower with Radar,28,17,13,2,60,0,2,56,3,61,28,19,69,5,121,64,18,82,203
08/04/2015,EUG,OR,ANM,WE,Combined TRACON& Tower with Radar,28,21,30,7,86,0,2,81,25,108,28,23,111,32,194,90,96,186,380
08/05/2015,EUG,OR,ANM,WE,Combined TRACON& Tower with Radar,21,25,17,6,69,0,4,63,2,69,21,29,80,8,138,40,20,60,198
08/06/2015,EUG,OR,ANM,WE,Combined TRACON& Tower with Radar,32,20,29,3,84,0,5,98,1,104,32,25,127,4,188,54,16,70,258
08/07/2015,EUG,OR,ANM,WE,Combined TRACON& Tower with Radar,26,18,14,4,62,0,2,79,0,81,26,20,93,4,143,28,0,28,171
08/08/2015,EUG,OR,ANM,WE,Combined TRACON& Tower with Radar,25,20,16,0,61,0,0,55,0,55,25,20,71,0,116,26,0,26,142
08/09/2015,EUG,OR,ANM,WE,Combined TRACON& Tower with Radar,27,18,10,0,55,0,1,30,0,31,27,19,40,0,86,0,0,0,86
08/10/2015,EUG,OR,ANM,WE,Combined TRACON& Tower with Radar,23,22,24,4,73,0,1,57,2,60,23,23,81,6,133,70,36,106,239
08/11/2015,EUG,OR,ANM,WE,Combined TRACON& Tower with Radar,27,16,25,4,72,0,6,105,0,111,27,22,130,4,183,200,0,200,383
08/12/2015,EUG,OR,ANM,WE,Combined TRACON& Tower with Radar,22,22,25,1,70,0,1,91,0,92,22,23,116,1,162,80,0,80,242
08/13/2015,EUG,OR,ANM,WE,Combined TRACON& Tower with Radar,28,22,22,3,75,0,1,72,1,74,28,23,94,4,149,83,2,85,234
08/14/2015,EUG,OR,ANM,WE,Combined TRACON& Tower with Radar,24,23,18,0,65,0,7,41,0,48,24,30,59,0,113,58,0,58,171
08/15/2015,EUG,OR,ANM,WE,Combined TRACON& Tower with Radar,22,16,14,0,52,0,2,67,1,70,22,18,81,1,122,10,0,10,132
08/16/2015,EUG,OR,ANM,WE,Combined TRACON& Tower with Radar,28,18,17,0,63,0,0,63,0,63,28,18,80,0,126,38,0,38,164
08/17/2015,EUG,OR,ANM,WE,Combined TRACON& Tower with Radar,23,21,19,0,63,0,2,71,0,73,23,23,90,0,136,162,0,162,298
08/18/2015,EUG,OR,ANM,WE,Combined TRACON& Tower with Radar,23,20,23,0,66,0,2,59,6,67,23,22,82,6,133,69,8,77,210
08/19/2015,EUG,OR,ANM,WE,Combined TRACON& Tower with Radar,22,24,23,0,69,0,2,76,0,78,22,26,99,0,147,20,0,20,167
08/20/2015,EUG,OR,ANM,WE,Combined TRACON& Tower with Radar,25,18,28,5,76,2,3,72,2,79,27,21,100,7,155,54,0,54,209
08/21/2015,EUG,OR,ANM,WE,Combined TRACON& Tower with Radar,27,18,20,4,69,0,3,79,0,82,27,21,99,4,151,74,0,74,225
08/22/2015,EUG,OR,ANM,WE,Combined TRACON& Tower with Radar,20,18,25,6,69,0,2,55,0,57,20,20,80,6,126,50,0,50,176
08/23/2015,EUG,OR,ANM,WE,Combined TRACON& Tower with Radar,30,11,19,0,60,0,0,7,0,7,30,11,26,0,67,18,0,18,85
08/24/2015,EUG,OR,ANM,WE,Combined TRACON& Tower with Radar,23,19,9,4,55,0,2,56,0,58,23,21,65,4,113,90,0,90,203
08/25/2015,EUG,OR,ANM,WE,Combined TRACON& Tower with Radar,25,17,19,9,70,0,4,77,0,81,25,21,96,9,151,150,32,182,333
08/26/2015,EUG,OR,ANM,WE,Combined TRACON& Tower with Radar,26,17,16,11,70,0,5,64,0,69,26,22,80,11,139,80,40,120,259
08/27/2015,EUG,OR,ANM,WE,Combined TRACON& Tower with Radar,31,20,7,12,70,0,9,66,0,75,31,29,73,12,145,42,28,70,215
08/28/2015,EUG,OR,ANM,WE,Combined TRACON& Tower with Radar,26,20,14,4,64,0,1,44,0,45,26,21,58,4,109,18,0,18,127
08/29/2015,EUG,OR,ANM,WE,Combined TRACON& Tower with Radar,21,13,8,0,42,0,1,3,0,4,21,14,11,0,46,0,0,0,46
08/30/2015,EUG,OR,ANM,WE,Combined TRACON& Tower with Radar,33,7,13,0,53,0,2,16,0,18,33,9,29,0,71,44,0,44,115
08/31/2015,EUG,OR,ANM,WE,Combined TRACON& Tower with Radar,26,20,10,8,64,0,1,66,0,67,26,21,76,8,131,62,4,66,197
09/01/2015,EUG,OR,ANM,WE,Combined TRACON& Tower with Radar,22,16,19,2,59,0,5,53,0,58,22,21,72,2,117,56,0,56,173
09/02/2015,EUG,OR,ANM,WE,Combined TRACON& Tower with Radar,24,20,22,17,83,0,2,32,0,34,24,22,54,17,117,58,8,66,183
09/03/2015,EUG,OR,ANM,WE,Combined TRACON& Tower with Radar,28,24,21,2,75,0,2,49,0,51,28,26,70,2,126,26,16,42,168
09/04/2015,EUG,OR,ANM,WE,Combined TRACON& Tower with Radar,28,19,18,0,65,0,3,31,0,34,28,22,49,0,99,54,0,54,153
09/05/2015,EUG,OR,ANM,WE,Combined TRACON& Tower with Radar,20,17,19,6,62,0,0,63,0,63,20,17,82,6,125,32,0,32,157
09/06/2015,EUG,OR,ANM,WE,Combined TRACON& Tower with Radar,27,10,11,0,48,0,0,31,0,31,27,10,42,0,79,18,0,18,97
09/07/2015,EUG,OR,ANM,WE,Combined TRACON& Tower with Radar,27,13,18,0,58,0,0,29,0,29,27,13,47,0,87,24,0,24,111
09/08/2015,EUG,OR,ANM,WE,Combined TRACON& Tower with Radar,20,17,9,9,55,0,5,63,0,68,20,22,72,9,123,56,0,56,179
09/09/2015,EUG,OR,ANM,WE,Combined TRACON& Tower with Radar,22,17,16,2,57,0,4,53,0,57,22,21,69,2,114,58,0,58,172
09/10/2015,EUG,OR,ANM,WE,Combined TRACON& Tower with Radar,33,17,23,1,74,0,5,62,0,67,33,22,85,1,141,12,0,12,153
09/11/2015,EUG,OR,ANM,WE,Combined TRACON& Tower with Radar,25,23,31,0,79,0,4,68,0,72,25,27,99,0,151,40,0,40,191
09/12/2015,EUG,OR,ANM,WE,Combined TRACON& Tower with Radar,21,11,17,1,50,0,4,31,0,35,21,15,48,1,85,40,0,40,125
09/13/2015,EUG,OR,ANM,WE,Combined TRACON& Tower with Radar,30,14,19,2,65,0,0,55,2,57,30,14,74,4,122,16,0,16,138
09/14/2015,EUG,OR,ANM,WE,Combined TRACON& Tower with Radar,26,19,22,0,67,0,3,34,0,37,26,22,56,0,104,34,0,34,138
09/15/2015,EUG,OR,ANM,WE,Combined TRACON& Tower with Radar,22,15,23,7,67,0,3,28,0,31,22,18,51,7,98,28,4,32,130
09/16/2015,EUG,OR,ANM,WE,Combined TRACON& Tower with Radar,25,18,24,1,68,0,2,21,2,25,25,20,45,3,93,8,6,14,107
09/17/2015,EUG,OR,ANM,WE,Combined TRACON& Tower with Radar,31,18,22,0,71,0,3,15,0,18,31,21,37,0,89,30,0,30,119
09/18/2015,EUG,OR,ANM,WE,Combined TRACON& Tower with Radar,27,16,18,0,61,0,4,38,0,42,27,20,56,0,103,42,0,42,145
09/19/2015,EUG,OR,ANM,WE,Combined TRACON& Tower with Radar,22,18,22,0,62,0,4,52,0,56,22,22,74,0,118,20,0,20,138
09/20/2015,EUG,OR,ANM,WE,Combined TRACON& Tower with Radar,31,13,10,0,54,0,2,34,0,36,31,15,44,0,90,7,0,7,97
09/21/2015,EUG,OR,ANM,WE,Combined TRACON& Tower with Radar,27,16,18,2,63,0,3,23,0,26,27,19,41,2,89,8,0,8,97
09/22/2015,EUG,OR,ANM,WE,Combined TRACON& Tower with Radar,24,18,20,1,63,0,2,51,2,55,24,20,71,3,118,30,12,42,160
09/23/2015,EUG,OR,ANM,WE,Combined TRACON& Tower with Radar,23,16,31,0,70,0,2,70,0,72,23,18,101,0,142,46,0,46,188
09/24/2015,EUG,OR,ANM,WE,Combined TRACON& Tower with Radar,30,18,19,2,69,0,4,56,0,60,30,22,75,2,129,38,0,38,167
09/25/2015,EUG,OR,ANM,WE,Combined TRACON& Tower with Radar,26,24,20,3,73,0,2,38,2,42,26,26,58,5,115,48,18,66,181
09/26/2015,EUG,OR,ANM,WE,Combined TRACON& Tower with Radar,20,13,45,0,78,0,2,42,0,44,20,15,87,0,122,14,0,14,136
09/27/2015,EUG,OR,ANM,WE,Combined TRACON& Tower with Radar,29,20,15,0,64,0,0,58,5,63,29,20,73,5,127,16,0,16,143
09/28/2015,EUG,OR,ANM,WE,Combined TRACON& Tower with Radar,24,17,23,4,68,0,2,76,0,78,24,19,99,4,146,40,0,40,186
09/29/2015,EUG,OR,ANM,WE,Combined TRACON& Tower with Radar,24,14,18,0,56,0,4,70,0,74,24,18,88,0,130,22,0,22,152
09/30/2015,EUG,OR,ANM,WE,Combined TRACON& Tower with Radar,23,21,31,2,77,0,6,73,0,79,23,27,104,2,156,110,0,110,266
10/01/2015,EUG,OR,ANM,WE,Combined TRACON& Tower with Radar,30,21,16,0,67,0,3,65,1,69,30,24,81,1,136,86,0,86,222
10/02/2015,EUG,OR,ANM,WE,Combined TRACON& Tower with Radar,28,16,22,4,70,0,1,42,0,43,28,17,64,4,113,78,14,92,205
10/03/2015,EUG,OR,ANM,WE,Combined TRACON& Tower with Radar,20,12,6,1,39,0,2,41,2,45,20,14,47,3,84,22,42,64,148
10/04/2015,EUG,OR,ANM,WE,Combined TRACON& Tower with Radar,31,15,8,0,54,0,0,36,0,36,31,15,44,0,90,32,0,32,122
10/05/2015,EUG,OR,ANM,WE,Combined TRACON& Tower with Radar,28,17,4,8,57,0,3,82,0,85,28,20,86,8,142,118,0,118,260
10/06/2015,EUG,OR,ANM,WE,Combined TRACON& Tower with Radar,30,13,21,10,74,0,4,73,0,77,30,17,94,10,151,88,0,88,239
10/07/2015,EUG,OR,ANM,WE,Combined TRACON& Tower with Radar,24,19,38,19,100,0,2,72,14,88,24,21,110,33,188,58,68,126,314
10/08/2015,EUG,OR,ANM,WE,Combined TRACON& Tower with Radar,31,16,22,8,77,0,3,55,0,58,31,19,77,8,135,68,2,70,205
10/09/2015,EUG,OR,ANM,WE,Combined TRACON& Tower with Radar,32,20,25,4,81,0,2,20,3,25,32,22,45,7,106,0,5,5,111
10/10/2015,EUG,OR,ANM,WE,Combined TRACON& Tower with Radar,24,16,22,6,68,0,0,16,1,17,24,16,38,7,85,24,0,24,109
10/11/2015,EUG,OR,ANM,WE,Combined TRACON& Tower with Radar,30,15,24,0,69,0,0,36,0,36,30,15,60,0,105,10,0,10,115
10/12/2015,EUG,OR,ANM,WE,Combined TRACON& Tower with Radar,25,18,26,1,70,0,2,59,4,65,25,20,85,5,135,72,0,72,207
10/13/2015,EUG,OR,ANM,WE,Combined TRACON& Tower with Radar,26,23,17,0,66,0,2,84,0,86,26,25,101,0,152,64,0,64,216
10/14/2015,EUG,OR,ANM,WE,Combined TRACON& Tower with Radar,26,15,39,15,95,0,3,57,0,60,26,18,96,15,155,74,0,74,229
10/15/2015,EUG,OR,ANM,WE,Combined TRACON& Tower with Radar,28,20,32,0,80,0,2,60,0,62,28,22,92,0,142,50,0,50,192
10/16/2015,EUG,OR,ANM,WE,Combined TRACON& Tower with Radar,30,15,29,0,74,0,4,63,0,67,30,19,92,0,141,58,0,58,199
10/17/2015,EUG,OR,ANM,WE,Combined TRACON& Tower with Radar,21,12,14,0,47,4,0,32,0,36,25,12,46,0,83,18,0,18,101
10/18/2015,EUG,OR,ANM,WE,Combined TRACON& Tower with Radar,30,19,14,2,65,0,0,25,0,25,30,19,39,2,90,12,0,12,102
10/19/2015,EUG,OR,ANM,WE,Combined TRACON& Tower with Radar,25,21,37,2,85,0,1,2,0,3,25,22,39,2,88,0,0,0,88
10/20/2015,EUG,OR,ANM,WE,Combined TRACON& Tower with Radar,26,24,30,3,83,0,2,37,0,39,26,26,67,3,122,128,0,128,250
10/21/2015,EUG,OR,ANM,WE,Combined TRACON& Tower with Radar,23,22,43,0,88,0,1,20,0,21,23,23,63,0,109,40,0,40,149
10/22/2015,EUG,OR,ANM,WE,Combined TRACON& Tower with Radar,31,15,19,13,78,3,4,65,0,72,34,19,84,13,150,58,0,58,208
10/23/2015,EUG,OR,ANM,WE,Combined TRACON& Tower with Radar,30,16,28,1,75,0,2,60,0,62,30,18,88,1,137,72,0,72,209
10/24/2015,EUG,OR,ANM,WE,Combined TRACON& Tower with Radar,19,10,1,1,31,0,2,71,1,74,19,12,72,2,105,56,4,60,165
10/25/2015,EUG,OR,ANM,WE,Combined TRACON& Tower with Radar,33,9,17,0,59,0,0,3,0,3,33,9,20,0,62,6,0,6,68
10/26/2015,EUG,OR,ANM,WE,Combined TRACON& Tower with Radar,26,16,22,17,81,0,3,55,0,58,26,19,77,17,139,88,8,96,235
10/27/2015,EUG,OR,ANM,WE,Combined TRACON& Tower with Radar,23,21,20,21,85,0,1,62,0,63,23,22,82,21,148,116,0,116,264
10/28/2015,EUG,OR,ANM,WE,Combined TRACON& Tower with Radar,26,18,28,21,93,0,1,19,0,20,26,19,47,21,113,128,0,128,241
10/29/2015,EUG,OR,ANM,WE,Combined TRACON& Tower with Radar,31,16,24,2,73,0,1,31,2,34,31,17,55,4,107,78,0,78,185
10/30/2015,EUG,OR,ANM,WE,Combined TRACON& Tower with Radar,25,20,28,6,79,0,1,2,0,3,25,21,30,6,82,6,0,6,88
10/31/2015,EUG,OR,ANM,WE,Combined TRACON& Tower with Radar,22,13,18,0,53,0,0,2,0,2,22,13,20,0,55,0,0,0,55
11/01/2015,EUG,OR,ANM,WE,Combined TRACON& Tower with Radar,28,13,9,0,50,0,0,3,0,3,28,13,12,0,53,4,0,4,57
11/02/2015,EUG,OR,ANM,WE,Combined TRACON& Tower with Radar,24,20,33,7,84,0,0,23,3,26,24,20,56,10,110,48,26,74,184
11/03/2015,EUG,OR,ANM,WE,Combined TRACON& Tower with Radar,21,17,32,6,76,0,1,38,0,39,21,18,70,6,115,110,14,124,239
11/04/2015,EUG,OR,ANM,WE,Combined TRACON& Tower with Radar,22,18,42,27,109,0,0,69,8,77,22,18,111,35,186,116,18,134,320
11/05/2015,EUG,OR,ANM,WE,Combined TRACON& Tower with Radar,32,19,32,2,85,0,0,47,0,47,32,19,79,2,132,138,0,138,270
11/06/2015,EUG,OR,ANM,WE,Combined TRACON& Tower with Radar,33,16,23,0,72,0,5,100,0,105,33,21,123,0,177,132,0,132,309
11/07/2015,EUG,OR,ANM,WE,Combined TRACON& Tower with Radar,27,12,30,1,70,5,1,35,0,41,32,13,65,1,111,82,0,82,193
11/08/2015,EUG,OR,ANM,WE,Combined TRACON& Tower with Radar,32,15,26,0,73,0,0,1,0,1,32,15,27,0,74,18,0,18,92
11/09/2015,EUG,OR,ANM,WE,Combined TRACON& Tower with Radar,29,15,21,24,89,0,0,41,0,41,29,15,62,24,130,122,6,128,258
11/10/2015,EUG,OR,ANM,WE,Combined TRACON& Tower with Radar,25,19,31,1,76,0,2,24,0,26,25,21,55,1,102,100,0,100,202
11/11/2015,EUG,OR,ANM,WE,Combined TRACON& Tower with Radar,27,16,15,0,58,0,1,19,0,20,27,17,34,0,78,28,0,28,106
11/12/2015,EUG,OR,ANM,WE,Combined TRACON& Tower with Radar,32,15,34,2,83,0,3,54,0,57,32,18,88,2,140,110,0,110,250
11/13/2015,EUG,OR,ANM,WE,Combined TRACON& Tower with Radar,34,13,49,0,96,0,3,35,0,38,34,16,84,0,134,46,0,46,180
11/14/2015,EUG,OR,ANM,WE,Combined TRACON& Tower with Radar,25,7,28,16,76,0,0,37,0,37,25,7,65,16,113,50,18,68,181
11/15/2015,EUG,OR,ANM,WE,Combined TRACON& Tower with Radar,35,12,10,0,57,0,0,2,0,2,35,12,12,0,59,2,0,2,61
11/16/2015,EUG,OR,ANM,WE,Combined TRACON& Tower with Radar,27,17,21,3,68,0,0,30,0,30,27,17,51,3,98,20,0,20,118
11/17/2015,EUG,OR,ANM,WE,Combined TRACON& Tower with Radar,25,17,29,22,93,0,0,6,0,6,25,17,35,22,99,6,0,6,105
11/18/2015,EUG,OR,ANM,WE,Combined TRACON& Tower with Radar,25,15,32,9,81,0,1,29,0,30,25,16,61,9,111,86,6,92,203
11/19/2015,EUG,OR,ANM,WE,Combined TRACON& Tower with Radar,33,15,36,12,96,0,0,1,0,1,33,15,37,12,97,3,0,3,100
11/20/2015,EUG,OR,ANM,WE,Combined TRACON& Tower with Radar,29,20,64,0,113,0,1,33,0,34,29,21,97,0,147,54,0,54,201
11/21/2015,EUG,OR,ANM,WE,Combined TRACON& Tower with Radar,27,18,38,0,83,0,1,54,0,55,27,19,92,0,138,83,0,83,221
11/22/2015,EUG,OR,ANM,WE,Combined TRACON& Tower with Radar,33,15,32,0,80,0,0,37,0,37,33,15,69,0,117,18,0,18,135
11/23/2015,EUG,OR,ANM,WE,Combined TRACON& Tower with Radar,31,21,40,2,94,0,0,11,0,11,31,21,51,2,105,21,20,41,146
11/24/2015,EUG,OR,ANM,WE,Combined TRACON& Tower with Radar,29,21,23,0,73,0,1,9,0,10,29,22,32,0,83,54,0,54,137
11/25/2015,EUG,OR,ANM,WE,Combined TRACON& Tower with Radar,35,12,20,2,69,0,3,69,0,72,35,15,89,2,141,102,0,102,243
11/26/2015,EUG,OR,ANM,WE,Combined TRACON& Tower with Radar,23,4,1,0,28,0,0,16,0,16,23,4,17,0,44,20,0,20,64
11/27/2015,EUG,OR,ANM,WE,Combined TRACON& Tower with Radar,16,13,21,0,50,0,2,45,0,47,16,15,66,0,97,28,0,28,125
11/28/2015,EUG,OR,ANM,WE,Combined TRACON& Tower with Radar,30,15,20,0,65,0,2,70,0,72,30,17,90,0,137,35,0,35,172
11/29/2015,EUG,OR,ANM,WE,Combined TRACON& Tower with Radar,39,5,17,0,61,0,0,58,0,58,39,5,75,0,119,70,0,70,189
11/30/2015,EUG,OR,ANM,WE,Combined TRACON& Tower with Radar,30,17,22,14,83,0,1,9,1,11,30,18,31,15,94,0,10,10,104
12/01/2015,EUG,OR,ANM,WE,Combined TRACON& Tower with Radar,24,19,23,10,76,0,1,26,0,27,24,20,49,10,103,26,12,38,141
12/02/2015,EUG,OR,ANM,WE,Combined TRACON& Tower with Radar,29,16,27,0,72,0,0,3,0,3,29,16,30,0,75,0,0,0,75
12/03/2015,EUG,OR,ANM,WE,Combined TRACON& Tower with Radar,29,17,26,8,80,0,2,9,0,11,29,19,35,8,91,0,0,0,91
12/04/2015,EUG,OR,ANM,WE,Combined TRACON& Tower with Radar,27,22,21,23,93,0,1,39,2,42,27,23,60,25,135,100,46,146,281
12/05/2015,EUG,OR,ANM,WE,Combined TRACON& Tower with Radar,22,8,20,0,50,0,1,30,0,31,22,9,50,0,81,24,0,24,105
12/06/2015,EUG,OR,ANM,WE,Combined TRACON& Tower with Radar,34,8,9,0,51,0,0,3,0,3,34,8,12,0,54,2,0,2,56
12/07/2015,EUG,OR,ANM,WE,Combined TRACON& Tower with Radar,28,22,6,5,61,0,0,0,0,0,28,22,6,5,61,0,0,0,61
12/08/2015,EUG,OR,ANM,WE,Combined TRACON& Tower with Radar,44,26,8,19,97,4,1,2,0,7,48,27,10,19,104,0,0,0,104
12/09/2015,EUG,OR,ANM,WE,Combined TRACON& Tower with Radar,28,16,24,42,110,0,2,35,2,39,28,18,59,44,149,22,62,84,233
12/10/2015,EUG,OR,ANM,WE,Combined TRACON& Tower with Radar,35,18,9,22,84,0,2,2,0,4,35,20,11,22,88,0,0,0,88
12/11/2015,EUG,OR,ANM,WE,Combined TRACON& Tower with Radar,29,24,11,0,64,0,1,1,0,2,29,25,12,0,66,22,0,22,88
12/12/2015,EUG,OR,ANM,WE,Combined TRACON& Tower with Radar,24,12,10,0,46,0,0,0,0,0,24,12,10,0,46,0,0,0,46
12/13/2015,EUG,OR,ANM,WE,Combined TRACON& Tower with Radar,32,12,6,0,50,0,0,1,0,1,32,12,7,0,51,0,0,0,51
12/14/2015,EUG,OR,ANM,WE,Combined TRACON& Tower with Radar,28,22,11,3,64,0,0,1,0,1,28,22,12,3,65,0,0,0,65
12/15/2015,EUG,OR,ANM,WE,Combined TRACON& Tower with Radar,27,24,25,0,76,0,0,0,0,0,27,24,25,0,76,0,0,0,76
12/16/2015,EUG,OR,ANM,WE,Combined TRACON& Tower with Radar,28,21,13,10,72,0,0,14,0,14,28,21,27,10,86,18,0,18,104
12/17/2015,EUG,OR,ANM,WE,Combined TRACON& Tower with Radar,35,25,19,8,87,0,0,0,0,0,35,25,19,8,87,0,0,0,87
12/18/2015,EUG,OR,ANM,WE,Combined TRACON& Tower with Radar,27,14,16,3,60,0,3,8,1,12,27,17,24,4,72,26,36,62,134
12/19/2015,EUG,OR,ANM,WE,Combined TRACON& Tower with Radar,28,18,21,0,67,0,1,26,0,27,28,19,47,0,94,10,0,10,104
12/20/2015,EUG,OR,ANM,WE,Combined TRACON& Tower with Radar,27,16,23,0,66,0,0,4,0,4,27,16,27,0,70,16,0,16,86
12/21/2015,EUG,OR,ANM,WE,Combined TRACON& Tower with Radar,28,24,8,4,64,0,0,0,0,0,28,24,8,4,64,0,0,0,64
12/22/2015,EUG,OR,ANM,WE,Combined TRACON& Tower with Radar,26,21,4,4,55,0,0,1,0,1,26,21,5,4,56,0,0,0,56
12/23/2015,EUG,OR,ANM,WE,Combined TRACON& Tower with Radar,29,22,7,18,76,2,0,3,7,12,31,22,10,25,88,0,26,26,114
12/24/2015,EUG,OR,ANM,WE,Combined TRACON& Tower with Radar,28,19,2,0,49,0,0,2,0,2,28,19,4,0,51,6,0,6,57
12/25/2015,EUG,OR,ANM,WE,Combined TRACON& Tower with Radar,22,10,1,0,33,0,0,2,0,2,22,10,3,0,35,0,0,0,35
12/26/2015,EUG,OR,ANM,WE,Combined TRACON& Tower with Radar,35,16,7,0,58,0,0,16,0,16,35,16,23,0,74,12,0,12,86
12/27/2015,EUG,OR,ANM,WE,Combined TRACON& Tower with Radar,29,12,13,0,54,0,0,1,0,1,29,12,14,0,55,0,0,0,55
12/28/2015,EUG,OR,ANM,WE,Combined TRACON& Tower with Radar,25,21,12,14,72,0,1,2,0,3,25,22,14,14,75,0,0,0,75
12/29/2015,EUG,OR,ANM,WE,Combined TRACON& Tower with Radar,26,25,5,4,60,0,0,2,0,2,26,25,7,4,62,0,0,0,62
12/30/2015,EUG,OR,ANM,WE,Combined TRACON& Tower with Radar,31,25,9,2,67,0,2,7,0,9,31,27,16,2,76,4,0,4,80
12/31/2015,EUG,OR,ANM,WE,Combined TRACON& Tower with Radar,33,17,13,4,67,0,1,42,0,43,33,18,55,4,110,52,4,56,166
01/01/2016,EUG,OR,ANM,WE,Combined TRACON& Tower with Radar,22,14,5,0,41,1,0,18,0,19,23,14,23,0,60,24,1,25,85
01/02/2016,EUG,OR,ANM,WE,Combined TRACON& Tower with Radar,30,16,15,0,61,0,1,19,0,20,30,17,34,0,81,10,0,10,91
01/03/2016,EUG,OR,ANM,WE,Combined TRACON& Tower with Radar,39,9,13,0,61,0,0,0,0,0,39,9,13,0,61,0,0,0,61
01/04/2016,EUG,OR,ANM,WE,Combined TRACON& Tower with Radar,27,23,9,0,59,0,0,0,0,0,27,23,9,0,59,0,0,0,59
01/05/2016,EUG,OR,ANM,WE,Combined TRACON& Tower with Radar,23,23,16,12,74,0,1,0,0,1,23,24,16,12,75,0,0,0,75
01/06/2016,EUG,OR,ANM,WE,Combined TRACON& Tower with Radar,21,21,14,0,56,0,0,2,0,2,21,21,16,0,58,0,0,0,58
01/07/2016,EUG,OR,ANM,WE,Combined TRACON& Tower with Radar,28,17,23,2,70,0,0,0,0,0,28,17,23,2,70,0,0,0,70
01/08/2016,EUG,OR,ANM,WE,Combined TRACON& Tower with Radar,23,22,16,0,61,0,0,0,0,0,23,22,16,0,61,0,0,0,61
01/09/2016,EUG,OR,ANM,WE,Combined TRACON& Tower with Radar,17,12,10,0,39,0,1,6,0,7,17,13,16,0,46,6,0,6,52
01/10/2016,EUG,OR,ANM,WE,Combined TRACON& Tower with Radar,28,13,22,0,63,0,0,0,0,0,28,13,22,0,63,0,0,0,63
01/11/2016,EUG,OR,ANM,WE,Combined TRACON& Tower with Radar,25,23,20,1,69,0,1,13,1,15,25,24,33,2,84,36,0,36,120
01/12/2016,EUG,OR,ANM,WE,Combined TRACON& Tower with Radar,21,20,13,14,68,0,0,4,0,4,21,20,17,14,72,0,0,0,72
01/13/2016,EUG,OR,ANM,WE,Combined TRACON& Tower with Radar,27,18,13,19,77,0,0,11,0,11,27,18,24,19,88,54,0,54,142
01/14/2016,EUG,OR,ANM,WE,Combined TRACON& Tower with Radar,31,22,19,2,74,0,1,13,0,14,31,23,32,2,88,36,0,36,124
01/15/2016,EUG,OR,ANM,WE,Combined TRACON& Tower with Radar,23,22,32,8,85,0,2,52,0,54,23,24,84,8,139,76,0,76,215
01/16/2016,EUG,OR,ANM,WE,Combined TRACON& Tower with Radar,17,15,7,0,39,0,0,6,0,6,17,15,13,0,45,0,10,10,55
01/17/2016,EUG,OR,ANM,WE,Combined TRACON& Tower with Radar,31,11,5,0,47,0,0,1,0,1,31,11,6,0,48,0,0,0,48
01/18/2016,EUG,OR,ANM,WE,Combined TRACON& Tower with Radar,27,16,20,0,63,0,2,30,0,32,27,18,50,0,95,38,2,40,135
01/19/2016,EUG,OR,ANM,WE,Combined TRACON& Tower with Radar,21,21,19,14,75,0,0,0,0,0,21,21,19,14,75,0,8,8,83
01/20/2016,EUG,OR,ANM,WE,Combined TRACON& Tower with Radar,23,20,20,2,65,0,2,35,1,38,23,22,55,3,103,52,12,64,167
01/21/2016,EUG,OR,ANM,WE,Combined TRACON& Tower with Radar,29,18,23,28,98,0,2,47,9,58,29,20,70,37,156,98,35,133,289
01/22/2016,EUG,OR,ANM,WE,Combined TRACON& Tower with Radar,24,17,28,0,69,0,1,54,0,55,24,18,82,0,124,86,0,86,210
01/23/2016,EUG,OR,ANM,WE,Combined TRACON& Tower with Radar,18,14,26,0,58,0,0,14,0,14,18,14,40,0,72,18,0,18,90
01/24/2016,EUG,OR,ANM,WE,Combined TRACON& Tower with Radar,30,9,14,0,53,0,0,4,0,4,30,9,18,0,57,15,0,15,72
01/25/2016,EUG,OR,ANM,WE,Combined TRACON& Tower with Radar,24,19,24,10,77,2,1,74,0,77,26,20,98,10,154,82,0,82,236
01/26/2016,EUG,OR,ANM,WE,Combined TRACON& Tower with Radar,21,20,38,41,120,3,0,19,4,26,24,20,57,45,146,44,94,138,284
01/27/2016,EUG,OR,ANM,WE,Combined TRACON& Tower with Radar,21,25,26,26,98,0,2,64,0,66,21,27,90,26,164,78,30,108,272
01/28/2016,EUG,OR,ANM,WE,Combined TRACON& Tower with Radar,28,21,33,8,90,0,0,25,0,25,28,21,58,8,115,16,0,16,131
01/29/2016,EUG,OR,ANM,WE,Combined TRACON& Tower with Radar,24,20,18,6,68,0,1,1,3,5,24,21,19,9,73,15,30,45,118
01/30/2016,EUG,OR,ANM,WE,Combined TRACON& Tower with Radar,19,11,12,1,43,0,1,9,0,10,19,12,21,1,53,66,0,66,119
01/31/2016,EUG,OR,ANM,WE,Combined TRACON& Tower with Radar,28,16,10,1,55,0,0,19,0,19,28,16,29,1,74,40,0,40,114
02/01/2016,EUG,OR,ANM,WE,Combined TRACON& Tower with Radar,24,20,10,2,56,0,1,16,0,17,24,21,26,2,73,28,0,28,101
02/02/2016,EUG,OR,ANM,WE,Combined TRACON& Tower with Radar,19,27,37,21,104,0,5,30,15,50,19,32,67,36,154,88,20,108,262
02/03/2016,EUG,OR,ANM,WE,Combined TRACON& Tower with Radar,20,22,26,12,80,0,2,12,1,15,20,24,38,13,95,22,3,25,120
02/04/2016,EUG,OR,ANM,WE,Combined TRACON& Tower with Radar,26,23,24,4,77,0,5,45,1,51,26,28,69,5,128,90,20,110,238
02/05/2016,EUG,OR,ANM,WE,Combined TRACON& Tower with Radar,22,18,15,2,57,1,1,44,15,61,23,19,59,17,118,123,39,162,280
02/06/2016,EUG,OR,ANM,WE,Combined TRACON& Tower with Radar,19,12,16,2,49,0,0,4,0,4,19,12,20,2,53,4,0,4,57
02/07/2016,EUG,OR,ANM,WE,Combined TRACON& Tower with Radar,27,11,16,0,54,0,0,0,0,0,27,11,16,0,54,0,0,0,54
02/08/2016,EUG,OR,ANM,WE,Combined TRACON& Tower with Radar,27,19,25,4,75,0,2,49,0,51,27,21,74,4,126,44,0,44,170
02/09/2016,EUG,OR,ANM,WE,Combined TRACON& Tower with Radar,23,19,19,0,61,0,4,81,0,85,23,23,100,0,146,63,0,63,209
02/10/2016,EUG,OR,ANM,WE,Combined TRACON& Tower with Radar,21,18,39,7,85,0,6,65,0,71,21,24,104,7,156,66,0,66,222
02/11/2016,EUG,OR,ANM,WE,Combined TRACON& Tower with Radar,31,16,40,2,89,0,3,22,0,25,31,19,62,2,114,31,2,33,147
02/12/2016,EUG,OR,ANM,WE,Combined TRACON& Tower with Radar,25,19,22,4,70,0,2,14,0,16,25,21,36,4,86,15,0,15,101
02/13/2016,EUG,OR,ANM,WE,Combined TRACON& Tower with Radar,21,13,29,2,65,0,0,7,0,7,21,13,36,2,72,14,0,14,86
02/14/2016,EUG,OR,ANM,WE,Combined TRACON& Tower with Radar,32,15,11,0,58,0,0,7,0,7,32,15,18,0,65,26,0,26,91
02/15/2016,EUG,OR,ANM,WE,Combined TRACON& Tower with Radar,24,22,20,0,66,0,1,24,0,25,24,23,44,0,91,30,0,30,121
02/16/2016,EUG,OR,ANM,WE,Combined TRACON& Tower with Radar,21,20,23,4,68,0,0,28,0,28,21,20,51,4,96,32,0,32,128
02/17/2016,EUG,OR,ANM,WE,Combined TRACON& Tower with Radar,21,26,21,4,72,0,0,27,0,27,21,26,48,4,99,46,0,46,145
02/18/2016,EUG,OR,ANM,WE,Combined TRACON& Tower with Radar,29,19,25,16,89,0,1,0,0,1,29,20,25,16,90,0,0,0,90
02/19/2016,EUG,OR,ANM,WE,Combined TRACON& Tower with Radar,25,19,23,0,67,0,2,6,30,38,25,21,29,30,105,0,0,0,105
02/20/2016,EUG,OR,ANM,WE,Combined TRACON& Tower with Radar,18,16,19,0,53,3,0,52,27,82,21,16,71,27,135,54,0,54,189
02/21/2016,EUG,OR,ANM,WE,Combined TRACON& Tower with Radar,31,11,16,0,58,0,0,4,0,4,31,11,20,0,62,7,0,7,69
02/22/2016,EUG,OR,ANM,WE,Combined TRACON& Tower with Radar,26,19,29,3,77,0,6,32,10,48,26,25,61,13,125,24,30,54,179
02/23/2016,EUG,OR,ANM,WE,Combined TRACON& Tower with Radar,23,17,19,0,59,0,2,55,0,57,23,19,74,0,116,48,0,48,164
02/24/2016,EUG,OR,ANM,WE,Combined TRACON& Tower with Radar,22,25,30,7,84,0,0,47,3,50,22,25,77,10,134,26,0,26,160
02/25/2016,EUG,OR,ANM,WE,Combined TRACON& Tower with Radar,29,23,31,3,86,0,1,68,0,69,29,24,99,3,155,85,0,85,240
02/26/2016,EUG,OR,ANM,WE,Combined TRACON& Tower with Radar,25,18,29,0,72,0,1,16,0,17,25,19,45,0,89,38,0,38,127
02/27/2016,EUG,OR,ANM,WE,Combined TRACON& Tower with Radar,19,16,14,0,49,0,0,29,0,29,19,16,43,0,78,38,0,38,116
02/28/2016,EUG,OR,ANM,WE,Combined TRACON& Tower with Radar,31,14,11,0,56,1,0,2,0,3,32,14,13,0,59,0,0,0,59
02/29/2016,EUG,OR,ANM,WE,Combined TRACON& Tower with Radar,24,20,24,0,68,0,0,29,2,31,24,20,53,2,99,35,0,35,134
03/01/2016,EUG,OR,ANM,WE,Combined TRACON& Tower with Radar,21,27,6,3,57,0,2,7,4,13,21,29,13,7,70,0,0,0,70
03/02/2016,EUG,OR,ANM,WE,Combined TRACON& Tower with Radar,20,24,37,2,83,0,2,37,0,39,20,26,74,2,122,57,0,57,179
03/03/2016,EUG,OR,ANM,WE,Combined TRACON& Tower with Radar,27,23,33,18,101,1,4,48,2,55,28,27,81,20,156,52,6,58,214
03/04/2016,EUG,OR,ANM,WE,Combined TRACON& Tower with Radar,20,22,19,0,61,16,4,36,0,56,36,26,55,0,117,60,0,60,177
03/05/2016,EUG,OR,ANM,WE,Combined TRACON& Tower with Radar,17,15,5,0,37,0,0,9,0,9,17,15,14,0,46,14,0,14,60
03/06/2016,EUG,OR,ANM,WE,Combined TRACON& Tower with Radar,27,17,11,2,57,0,0,3,0,3,27,17,14,2,60,8,0,8,68
03/07/2016,EUG,OR,ANM,WE,Combined TRACON& Tower with Radar,22,21,15,8,66,0,1,16,0,17,22,22,31,8,83,32,0,32,115
03/08/2016,EUG,OR,ANM,WE,Combined TRACON& Tower with Radar,18,24,23,6,71,0,3,6,0,9,18,27,29,6,80,32,0,32,112
03/09/2016,EUG,OR,ANM,WE,Combined TRACON& Tower with Radar,21,21,8,0,50,0,3,1,0,4,21,24,9,0,54,0,0,0,54
03/10/2016,EUG,OR,ANM,WE,Combined TRACON& Tower with Radar,29,17,38,7,91,0,2,16,14,32,29,19,54,21,123,2,14,16,139
03/11/2016,EUG,OR,ANM,WE,Combined TRACON& Tower with Radar,21,24,30,2,77,0,0,23,0,23,21,24,53,2,100,48,0,48,148
03/12/2016,EUG,OR,ANM,WE,Combined TRACON& Tower with Radar,16,18,9,0,43,0,0,0,0,0,16,18,9,0,43,0,0,0,43
03/13/2016,EUG,OR,ANM,WE,Combined TRACON& Tower with Radar,30,15,7,2,54,0,0,1,0,1,30,15,8,2,55,0,0,0,55
03/14/2016,EUG,OR,ANM,WE,Combined TRACON& Tower with Radar,21,24,16,4,65,0,0,1,0,1,21,24,17,4,66,0,0,0,66
03/15/2016,EUG,OR,ANM,WE,Combined TRACON& Tower with Radar,23,24,25,9,81,0,0,8,0,8,23,24,33,9,89,44,0,44,133
03/16/2016,EUG,OR,ANM,WE,Combined TRACON& Tower with Radar,33,28,22,0,83,0,0,3,0,3,33,28,25,0,86,0,0,0,86
03/17/2016,EUG,OR,ANM,WE,Combined TRACON& Tower with Radar,30,24,34,2,90,0,2,43,0,45,30,26,77,2,135,64,0,64,199
03/18/2016,EUG,OR,ANM,WE,Combined TRACON& Tower with Radar,22,20,35,0,77,1,3,64,0,68,23,23,99,0,145,34,0,34,179
03/19/2016,EUG,OR,ANM,WE,Combined TRACON& Tower with Radar,24,21,10,2,57,1,3,32,0,36,25,24,42,2,93,22,8,30,123
03/20/2016,EUG,OR,ANM,WE,Combined TRACON& Tower with Radar,29,14,16,0,59,0,0,5,0,5,29,14,21,0,64,4,0,4,68
03/21/2016,EUG,OR,ANM,WE,Combined TRACON& Tower with Radar,26,21,12,4,63,0,1,3,0,4,26,22,15,4,67,12,0,12,79
03/22/2016,EUG,OR,ANM,WE,Combined TRACON& Tower with Radar,24,23,8,3,58,0,1,1,0,2,24,24,9,3,60,0,0,0,60
03/23/2016,EUG,OR,ANM,WE,Combined TRACON& Tower with Radar,25,24,23,7,79,0,6,23,0,29,25,30,46,7,108,6,0,6,114
03/24/2016,EUG,OR,ANM,WE,Combined TRACON& Tower with Radar,28,28,15,4,75,0,1,30,2,33,28,29,45,6,108,0,20,20,128
03/25/2016,EUG,OR,ANM,WE,Combined TRACON& Tower with Radar,24,15,25,2,66,0,4,15,1,20,24,19,40,3,86,6,8,14,100
03/26/2016,EUG,OR,ANM,WE,Combined TRACON& Tower with Radar,19,23,10,4,56,0,0,2,2,4,19,23,12,6,60,0,0,0,60
03/27/2016,EUG,OR,ANM,WE,Combined TRACON& Tower with Radar,24,17,19,0,60,0,0,11,0,11,24,17,30,0,71,14,0,14,85
03/28/2016,EUG,OR,ANM,WE,Combined TRACON& Tower with Radar,25,21,24,1,71,0,2,45,3,50,25,23,69,4,121,62,4,66,187
03/29/2016,EUG,OR,ANM,WE,Combined TRACON& Tower with Radar,26,22,8,9,65,0,2,42,0,44,26,24,50,9,109,88,0,88,197
03/30/2016,EUG,OR,ANM,WE,Combined TRACON& Tower with Radar,22,20,31,4,77,0,2,74,3,79,22,22,105,7,156,128,0,128,284
03/31/2016,EUG,OR,ANM,WE,Combined TRACON& Tower with Radar,28,17,30,5,80,0,7,91,0,98,28,24,121,5,178,82,0,82,260
04/01/2016,EUG,OR,ANM,WE,Combined TRACON& Tower with Radar,25,17,30,2,74,0,6,86,0,92,25,23,116,2,166,70,0,70,236
04/02/2016,EUG,OR,ANM,WE,Combined TRACON& Tower with Radar,18,16,13,0,47,1,1,84,0,86,19,17,97,0,133,68,0,68,201
04/03/2016,EUG,OR,ANM,WE,Combined TRACON& Tower with Radar,27,16,11,0,54,0,0,28,0,28,27,16,39,0,82,12,0,12,94
04/04/2016,EUG,OR,ANM,WE,Combined TRACON& Tower with Radar,30,18,21,18,87,1,1,20,2,24,31,19,41,20,111,20,28,48,159
04/05/2016,EUG,OR,ANM,WE,Combined TRACON& Tower with Radar,34,15,14,12,75,0,2,63,0,65,34,17,77,12,140,62,12,74,214
04/06/2016,EUG,OR,ANM,WE,Combined TRACON& Tower with Radar,34,15,25,29,103,0,1,71,1,73,34,16,96,30,176,86,24,110,286
04/07/2016,EUG,OR,ANM,WE,Combined TRACON& Tower with Radar,40,13,25,0,78,0,6,102,0,108,40,19,127,0,186,82,0,82,268
04/08/2016,EUG,OR,ANM,WE,Combined TRACON& Tower with Radar,36,12,18,0,66,0,0,92,0,92,36,12,110,0,158,184,0,184,342
04/09/2016,EUG,OR,ANM,WE,Combined TRACON& Tower with Radar,24,13,14,4,55,0,1,22,0,23,24,14,36,4,78,27,0,27,105
04/10/2016,EUG,OR,ANM,WE,Combined TRACON& Tower with Radar,36,7,20,0,63,0,0,22,0,22,36,7,42,0,85,42,0,42,127
04/11/2016,EUG,OR,ANM,WE,Combined TRACON& Tower with Radar,35,11,23,0,69,0,2,42,0,44,35,13,65,0,113,60,0,60,173
04/12/2016,EUG,OR,ANM,WE,Combined TRACON& Tower with Radar,35,14,21,2,72,1,0,34,0,35,36,14,55,2,107,112,68,180,287
04/13/2016,EUG,OR,ANM,WE,Combined TRACON& Tower with Radar,36,14,13,14,77,0,0,22,0,22,36,14,35,14,99,74,0,74,173
04/14/2016,EUG,OR,ANM,WE,Combined TRACON& Tower with Radar,38,16,10,0,64,0,1,1,0,2,38,17,11,0,66,0,0,0,66
04/15/2016,EUG,OR,ANM,WE,Combined TRACON& Tower with Radar,37,12,27,0,76,0,2,38,0,40,37,14,65,0,116,125,0,125,241
04/16/2016,EUG,OR,ANM,WE,Combined TRACON& Tower with Radar,28,11,17,0,56,0,2,58,1,61,28,13,75,1,117,101,0,101,218
04/17/2016,EUG,OR,ANM,WE,Combined TRACON& Tower with Radar,37,10,23,0,70,0,0,43,0,43,37,10,66,0,113,20,0,20,133
04/18/2016,EUG,OR,ANM,WE,Combined TRACON& Tower with Radar,34,12,19,4,69,0,2,53,0,55,34,14,72,4,124,80,0,80,204
04/19/2016,EUG,OR,ANM,WE,Combined TRACON& Tower with Radar,33,16,19,2,70,1,2,51,0,54,34,18,70,2,124,52,0,52,176
04/20/2016,EUG,OR,ANM,WE,Combined TRACON& Tower with Radar,33,12,27,7,79,0,2,56,1,59,33,14,83,8,138,94,12,106,244
04/21/2016,EUG,OR,ANM,WE,Combined TRACON& Tower with Radar,43,14,25,0,82,0,3,37,0,40,43,17,62,0,122,102,0,102,224
04/22/2016,EUG,OR,ANM,WE,Combined TRACON& Tower with Radar,35,9,26,0,70,0,2,25,0,27,35,11,51,0,97,50,0,50,147
04/23/2016,EUG,OR,ANM,WE,Combined TRACON& Tower with Radar,24,15,23,0,62,0,2,9,0,11,24,17,32,0,73,7,0,7,80
04/24/2016,EUG,OR,ANM,WE,Combined TRACON& Tower with Radar,38,7,13,0,58,0,0,3,0,3,38,7,16,0,61,0,0,0,61
04/25/2016,EUG,OR,ANM,WE,Combined TRACON& Tower with Radar,37,8,28,4,77,0,5,55,0,60,37,13,83,4,137,130,0,130,267
04/26/2016,EUG,OR,ANM,WE,Combined TRACON& Tower with Radar,35,13,16,4,68,0,1,40,0,41,35,14,56,4,109,57,0,57,166
04/27/2016,EUG,OR,ANM,WE,Combined TRACON& Tower with Radar,34,15,28,2,79,0,1,15,0,16,34,16,43,2,95,28,0,28,123
04/28/2016,EUG,OR,ANM,WE,Combined TRACON& Tower with Radar,40,11,41,4,96,0,6,46,4,56,40,17,87,8,152,76,0,76,228
04/29/2016,EUG,OR,ANM,WE,Combined TRACON& Tower with Radar,36,14,45,8,103,0,0,20,0,20,36,14,65,8,123,37,0,37,160
04/30/2016,EUG,OR,ANM,WE,Combined TRACON& Tower with Radar,24,13,15,0,52,0,2,39,0,41,24,15,54,0,93,46,0,46,139
05/01/2016,EUG,OR,ANM,WE,Combined TRACON& Tower with Radar,39,9,12,0,60,0,0,53,1,54,39,9,65,1,114,52,0,52,166
05/02/2016,EUG,OR,ANM,WE,Combined TRACON& Tower with Radar,36,13,17,2,68,0,4,44,0,48,36,17,61,2,116,28,0,28,144
05/03/2016,EUG,OR,ANM,WE,Combined TRACON& Tower with Radar,34,15,27,0,76,1,1,64,0,66,35,16,91,0,142,130,0,130,272
05/04/2016,EUG,OR,ANM,WE,Combined TRACON& Tower with Radar,32,18,37,8,95,0,0,9,0,9,32,18,46,8,104,58,0,58,162
05/05/2016,EUG,OR,ANM,WE,Combined TRACON& Tower with Radar,33,24,29,8,94,0,2,30,8,40,33,26,59,16,134,167,10,177,311
05/06/2016,EUG,OR,ANM,WE,Combined TRACON& Tower with Radar,28,18,42,0,88,0,4,62,8,74,28,22,104,8,162,32,0,32,194
05/07/2016,EUG,OR,ANM,WE,Combined TRACON& Tower with Radar,25,10,14,0,49,0,0,90,0,90,25,10,104,0,139,115,0,115,254
05/08/2016,EUG,OR,ANM,WE,Combined TRACON& Tower with Radar,34,18,28,0,80,0,0,24,0,24,34,18,52,0,104,0,0,0,104
05/09/2016,EUG,OR,ANM,WE,Combined TRACON& Tower with Radar,28,21,19,12,80,0,2,58,17,77,28,23,77,29,157,112,76,188,345
05/10/2016,EUG,OR,ANM,WE,Combined TRACON& Tower with Radar,28,19,19,3,69,0,4,61,0,65,28,23,80,3,134,118,2,120,254
05/11/2016,EUG,OR,ANM,WE,Combined TRACON& Tower with Radar,26,22,18,4,70,0,4,89,1,94,26,26,107,5,164,166,0,166,330
05/12/2016,EUG,OR,ANM,WE,Combined TRACON& Tower with Radar,30,19,26,4,79,0,4,89,0,93,30,23,115,4,172,130,0,130,302
05/13/2016,EUG,OR,ANM,WE,Combined TRACON& Tower with Radar,26,21,22,0,69,0,2,62,0,64,26,23,84,0,133,54,0,54,187
05/14/2016,EUG,OR,ANM,WE,Combined TRACON& Tower with Radar,22,13,13,8,56,0,1,2,0,3,22,14,15,8,59,8,0,8,67
05/15/2016,EUG,OR,ANM,WE,Combined TRACON& Tower with Radar,30,21,22,0,73,0,0,6,0,6,30,21,28,0,79,4,0,4,83
05/16/2016,EUG,OR,ANM,WE,Combined TRACON& Tower with Radar,32,20,23,4,79,0,1,25,0,26,32,21,48,4,105,94,0,94,199
05/17/2016,EUG,OR,ANM,WE,Combined TRACON& Tower with Radar,26,23,19,2,70,0,2,69,0,71,26,25,88,2,141,119,0,119,260
05/18/2016,EUG,OR,ANM,WE,Combined TRACON& Tower with Radar,28,23,14,0,65,0,4,48,0,52,28,27,62,0,117,115,0,115,232
05/19/2016,EUG,OR,ANM,WE,Combined TRACON& Tower with Radar,33,21,21,4,79,0,1,7,2,10,33,22,28,6,89,44,6,50,139
05/20/2016,EUG,OR,ANM,WE,Combined TRACON& Tower with Radar,28,19,19,16,82,3,1,27,0,31,31,20,46,16,113,38,26,64,177
05/21/2016,EUG,OR,ANM,WE,Combined TRACON& Tower with Radar,21,12,16,0,49,0,2,26,0,28,21,14,42,0,77,14,0,14,91
05/22/2016,EUG,OR,ANM,WE,Combined TRACON& Tower with Radar,31,19,17,0,67,0,0,8,0,8,31,19,25,0,75,22,0,22,97
05/23/2016,EUG,OR,ANM,WE,Combined TRACON& Tower with Radar,34,21,30,1,86,0,1,29,0,30,34,22,59,1,116,72,0,72,188
05/24/2016,EUG,OR,ANM,WE,Combined TRACON& Tower with Radar,28,21,25,16,90,0,1,42,0,43,28,22,67,16,133,89,0,89,222
05/25/2016,EUG,OR,ANM,WE,Combined TRACON& Tower with Radar,30,23,40,16,109,0,1,63,0,64,30,24,103,16,173,104,30,134,307
05/26/2016,EUG,OR,ANM,WE,Combined TRACON& Tower with Radar,28,23,36,0,87,0,2,36,0,38,28,25,72,0,125,126,0,126,251
05/27/2016,EUG,OR,ANM,WE,Combined TRACON& Tower with Radar,28,18,34,0,80,0,1,82,0,83,28,19,116,0,163,215,0,215,378
05/28/2016,EUG,OR,ANM,WE,Combined TRACON& Tower with Radar,17,10,11,0,38,0,3,81,0,84,17,13,92,0,122,114,0,114,236
05/29/2016,EUG,OR,ANM,WE,Combined TRACON& Tower with Radar,22,10,12,0,44,0,0,33,0,33,22,10,45,0,77,66,0,66,143
05/30/2016,EUG,OR,ANM,WE,Combined TRACON& Tower with Radar,27,16,13,0,56,0,2,71,0,73,27,18,84,0,129,80,0,80,209
05/31/2016,EUG,OR,ANM,WE,Combined TRACON& Tower with Radar,24,22,12,4,62,0,7,95,0,102,24,29,107,4,164,144,0,144,308
06/01/2016,EUG,OR,ANM,WE,Combined TRACON& Tower with Radar,25,18,27,21,91,0,4,107,0,111,25,22,134,21,202,80,0,80,282
06/02/2016,EUG,OR,ANM,WE,Combined TRACON& Tower with Radar,32,22,21,0,75,0,3,62,0,65,32,25,83,0,140,112,0,112,252
06/03/2016,EUG,OR,ANM,WE,Combined TRACON& Tower with Radar,28,27,27,6,88,0,0,64,0,64,28,27,91,6,152,72,0,72,224
06/04/2016,EUG,OR,ANM,WE,Combined TRACON& Tower with Radar,22,10,17,0,49,0,2,70,0,72,22,12,87,0,121,46,0,46,167
06/05/2016,EUG,OR,ANM,WE,Combined TRACON& Tower with Radar,39,17,8,0,64,0,0,39,0,39,39,17,47,0,103,48,0,48,151
06/06/2016,EUG,OR,ANM,WE,Combined TRACON& Tower with Radar,27,17,11,0,55,0,2,47,2,51,27,19,58,2,106,126,0,126,232
06/07/2016,EUG,OR,ANM,WE,Combined TRACON& Tower with Radar,28,19,15,17,79,0,3,87,1,91,28,22,102,18,170,113,26,139,309
06/08/2016,EUG,OR,ANM,WE,Combined TRACON& Tower with Radar,23,26,37,1,87,0,0,39,0,39,23,26,76,1,126,70,0,70,196
06/09/2016,EUG,OR,ANM,WE,Combined TRACON& Tower with Radar,41,11,42,11,105,0,3,49,0,52,41,14,91,11,157,160,0,160,317
06/10/2016,EUG,OR,ANM,WE,Combined TRACON& Tower with Radar,43,7,43,3,96,1,0,27,3,31,44,7,70,6,127,58,44,102,229
06/11/2016,EUG,OR,ANM,WE,Combined TRACON& Tower with Radar,35,14,23,0,72,0,2,59,4,65,35,16,82,4,137,116,0,116,253
06/12/2016,EUG,OR,ANM,WE,Combined TRACON& Tower with Radar,43,12,10,6,71,0,2,71,4,77,43,14,81,10,148,66,0,66,214
06/13/2016,EUG,OR,ANM,WE,Combined TRACON& Tower with Radar,38,14,26,0,78,0,2,22,0,24,38,16,48,0,102,2,0,2,104
06/14/2016,EUG,OR,ANM,WE,Combined TRACON& Tower with Radar,38,12,22,0,72,0,3,9,0,12,38,15,31,0,84,6,0,6,90
06/15/2016,EUG,OR,ANM,WE,Combined TRACON& Tower with Radar,34,10,24,2,70,0,3,16,0,19,34,13,40,2,89,20,0,20,109
06/16/2016,EUG,OR,ANM,WE,Combined TRACON& Tower with Radar,41,13,28,5,87,0,2,30,0,32,41,15,58,5,119,24,0,24,143
06/17/2016,EUG,OR,ANM,WE,Combined TRACON& Tower with Radar,34,6,19,0,59,0,1,15,0,16,34,7,34,0,75,18,0,18,93
06/18/2016,EUG,OR,ANM,WE,Combined TRACON& Tower with Radar,30,11,12,0,53,0,0,39,0,39,30,11,51,0,92,12,0,12,104
06/19/2016,EUG,OR,ANM,WE,Combined TRACON& Tower with Radar,41,4,7,0,52,1,0,33,0,34,42,4,40,0,86,14,0,14,100
06/20/2016,EUG,OR,ANM,WE,Combined TRACON& Tower with Radar,35,7,28,21,91,0,2,65,0,67,35,9,93,21,158,82,10,92,250
06/21/2016,EUG,OR,ANM,WE,Combined TRACON& Tower with Radar,40,7,27,2,76,0,3,72,0,75,40,10,99,2,151,122,2,124,275
06/22/2016,EUG,OR,ANM,WE,Combined TRACON& Tower with Radar,33,8,26,2,69,0,4,121,3,128,33,12,147,5,197,100,4,104,301
06/23/2016,EUG,OR,ANM,WE,Combined TRACON& Tower with Radar,42,10,28,24,104,0,0,12,0,12,42,10,40,24,116,14,0,14,130
06/24/2016,EUG,OR,ANM,WE,Combined TRACON& Tower with Radar,37,8,32,3,80,0,0,73,0,73,37,8,105,3,153,44,0,44,197
06/25/2016,EUG,OR,ANM,WE,Combined TRACON& Tower with Radar,30,10,8,0,48,0,1,74,1,76,30,11,82,1,124,8,0,8,132
06/26/2016,EUG,OR,ANM,WE,Combined TRACON& Tower with Radar,38,10,19,0,67,0,0,32,0,32,38,10,51,0,99,22,0,22,121
06/27/2016,EUG,OR,ANM,WE,Combined TRACON& Tower with Radar,35,7,22,6,70,0,3,76,0,79,35,10,98,6,149,64,4,68,217
06/28/2016,EUG,OR,ANM,WE,Combined TRACON& Tower with Radar,38,7,20,12,77,0,3,90,0,93,38,10,110,12,170,96,6,102,272
06/29/2016,EUG,OR,ANM,WE,Combined TRACON& Tower with Radar,32,7,19,1,59,0,9,67,0,76,32,16,86,1,135,69,0,69,204
06/30/2016,EUG,OR,ANM,WE,Combined TRACON& Tower with Radar,41,10,33,3,87,0,4,95,0,99,41,14,128,3,186,119,0,119,305
07/01/2016,EUG,OR,ANM,WE,Combined TRACON& Tower with Radar,30,12,24,10,76,0,2,90,0,92,30,14,114,10,168,62,34,96,264
07/02/2016,EUG,OR,ANM,WE,Combined TRACON& Tower with Radar,31,10,10,0,51,0,4,57,0,61,31,14,67,0,112,12,0,12,124
07/03/2016,EUG,OR,ANM,WE,Combined TRACON& Tower with Radar,33,5,16,0,54,0,0,43,0,43,33,5,59,0,97,40,0,40,137
07/04/2016,EUG,OR,ANM,WE,Combined TRACON& Tower with Radar,30,3,9,0,42,0,0,37,0,37,30,3,46,0,79,14,0,14,93
07/05/2016,EUG,OR,ANM,WE,Combined TRACON& Tower with Radar,37,9,19,0,65,0,5,50,0,55,37,14,69,0,120,56,0,56,176
07/06/2016,EUG,OR,ANM,WE,Combined TRACON& Tower with Radar,32,9,27,17,85,0,4,79,6,89,32,13,106,23,174,86,46,132,306
07/07/2016,EUG,OR,ANM,WE,Combined TRACON& Tower with Radar,41,12,32,2,87,5,2,26,0,33,46,14,58,2,120,34,0,34,154
07/08/2016,EUG,OR,ANM,WE,Combined TRACON& Tower with Radar,30,19,30,0,79,0,1,21,0,22,30,20,51,0,101,41,0,41,142
07/09/2016,EUG,OR,ANM,WE,Combined TRACON& Tower with Radar,28,14,19,0,61,2,1,21,0,24,30,15,40,0,85,2,0,2,87
07/10/2016,EUG,OR,ANM,WE,Combined TRACON& Tower with Radar,43,16,49,0,108,0,0,7,0,7,43,16,56,0,115,2,0,2,117
07/11/2016,EUG,OR,ANM,WE,Combined TRACON& Tower with Radar,34,10,27,6,77,0,3,78,0,81,34,13,105,6,158,54,4,58,216
07/12/2016,EUG,OR,ANM,WE,Combined TRACON& Tower with Radar,37,16,27,17,97,0,1,77,3,81,37,17,104,20,178,108,50,158,336
07/13/2016,EUG,OR,ANM,WE,Combined TRACON& Tower with Radar,34,10,19,1,64,0,3,97,0,100,34,13,116,1,164,103,0,103,267
07/14/2016,EUG,OR,ANM,WE,Combined TRACON& Tower with Radar,34,13,15,0,62,0,5,89,0,94,34,18,104,0,156,31,0,31,187
07/15/2016,EUG,OR,ANM,WE,Combined TRACON& Tower with Radar,32,12,32,11,87,0,0,60,4,64,32,12,92,15,151,98,46,144,295
07/16/2016,EUG,OR,ANM,WE,Combined TRACON& Tower with Radar,28,10,28,0,66,0,1,65,0,66,28,11,93,0,132,44,0,44,176
07/17/2016,EUG,OR,ANM,WE,Combined TRACON& Tower with Radar,39,2,17,0,58,0,0,32,0,32,39,2,49,0,90,6,0,6,96
07/18/2016,EUG,OR,ANM,WE,Combined TRACON& Tower with Radar,35,12,22,9,78,0,1,77,8,86,35,13,99,17,164,82,128,210,374
07/19/2016,EUG,OR,ANM,WE,Combined TRACON& Tower with Radar,38,10,31,4,83,0,3,65,0,68,38,13,96,4,151,50,0,50,201
07/20/2016,EUG,OR,ANM,WE,Combined TRACON& Tower with Radar,32,12,23,1,68,0,7,97,1,105,32,19,120,2,173,72,18,90,263
07/21/2016,EUG,OR,ANM,WE,Combined TRACON& Tower with Radar,39,14,26,0,79,0,3,48,0,51,39,17,74,0,130,32,0,32,162
07/22/2016,EUG,OR,ANM,WE,Combined TRACON& Tower with Radar,34,12,23,4,73,0,2,65,0,67,34,14,88,4,140,38,0,38,178
07/23/2016,EUG,OR,ANM,WE,Combined TRACON& Tower with Radar,28,10,12,0,50,0,2,80,0,82,28,12,92,0,132,42,0,42,174
07/24/2016,EUG,OR,ANM,WE,Combined TRACON& Tower with Radar,40,7,16,0,63,6,0,51,0,57,46,7,67,0,120,26,0,26,146
07/25/2016,EUG,OR,ANM,WE,Combined TRACON& Tower with Radar,29,11,23,0,63,0,4,81,0,85,29,15,104,0,148,72,0,72,220
07/26/2016,EUG,OR,ANM,WE,Combined TRACON& Tower with Radar,32,11,17,0,60,0,4,96,0,100,32,15,113,0,160,64,0,64,224
07/27/2016,EUG,OR,ANM,WE,Combined TRACON& Tower with Radar,29,14,31,10,84,0,3,80,0,83,29,17,111,10,167,132,18,150,317
07/28/2016,EUG,OR,ANM,WE,Combined TRACON& Tower with Radar,36,14,11,1,62,0,4,91,0,95,36,18,102,1,157,76,2,78,235
07/29/2016,EUG,OR,ANM,WE,Combined TRACON& Tower with Radar,28,13,27,2,70,0,1,70,0,71,28,14,97,2,141,79,0,79,220
07/30/2016,EUG,OR,ANM,WE,Combined TRACON& Tower with Radar,28,11,12,0,51,0,1,76,0,77,28,12,88,0,128,58,0,58,186
07/31/2016,EUG,OR,ANM,WE,Combined TRACON& Tower with Radar,40,7,18,0,65,0,0,58,0,58,40,7,76,0,123,2,0,2,125
08/01/2016,EUG,OR,ANM,WE,Combined TRACON& Tower with Radar,29,12,15,0,56,0,3,84,4,91,29,15,99,4,147,108,0,108,255
08/02/2016,EUG,OR,ANM,WE,Combined TRACON& Tower with Radar,28,15,11,8,62,0,2,97,0,99,28,17,108,8,161,105,6,111,272
08/03/2016,EUG,OR,ANM,WE,Combined TRACON& Tower with Radar,29,14,22,2,67,0,4,82,0,86,29,18,104,2,153,44,0,44,197
08/04/2016,EUG,OR,ANM,WE,Combined TRACON& Tower with Radar,35,13,16,6,70,0,5,76,1,82,35,18,92,7,152,66,0,66,218
08/05/2016,EUG,OR,ANM,WE,Combined TRACON& Tower with Radar,28,11,13,1,53,0,0,62,2,64,28,11,75,3,117,28,0,28,145
08/06/2016,EUG,OR,ANM,WE,Combined TRACON& Tower with Radar,27,9,10,0,46,0,2,83,0,85,27,11,93,0,131,34,0,34,165
08/07/2016,EUG,OR,ANM,WE,Combined TRACON& Tower with Radar,38,5,11,0,54,0,0,53,0,53,38,5,64,0,107,22,0,22,129
08/08/2016,EUG,OR,ANM,WE,Combined TRACON& Tower with Radar,30,16,40,13,99,0,1,63,6,70,30,17,103,19,169,102,28,130,299
08/09/2016,EUG,OR,ANM,WE,Combined TRACON& Tower with Radar,31,15,12,12,70,0,1,41,0,42,31,16,53,12,112,38,10,48,160
08/10/2016,EUG,OR,ANM,WE,Combined TRACON& Tower with Radar,28,14,19,0,61,0,1,93,0,94,28,15,112,0,155,40,0,40,195
08/11/2016,EUG,OR,ANM,WE,Combined TRACON& Tower with Radar,38,16,29,2,85,0,2,100,0,102,38,18,129,2,187,76,12,88,275
08/12/2016,EUG,OR,ANM,WE,Combined TRACON& Tower with Radar,30,15,17,6,68,0,2,65,0,67,30,17,82,6,135,56,2,58,193
08/13/2016,EUG,OR,ANM,WE,Combined TRACON& Tower with Radar,28,10,10,0,48,0,1,66,0,67,28,11,76,0,115,54,0,54,169
08/14/2016,EUG,OR,ANM,WE,Combined TRACON& Tower with Radar,37,9,7,0,53,0,1,61,0,62,37,10,68,0,115,42,0,42,157
08/15/2016,EUG,OR,ANM,WE,Combined TRACON& Tower with Radar,30,14,19,4,67,0,4,76,3,83,30,18,95,7,150,76,16,92,242
08/16/2016,EUG,OR,ANM,WE,Combined TRACON& Tower with Radar,29,14,15,7,65,0,4,83,0,87,29,18,98,7,152,28,0,28,180
08/17/2016,EUG,OR,ANM,WE,Combined TRACON& Tower with Radar,30,16,18,13,77,0,2,79,0,81,30,18,97,13,158,102,8,110,268
08/18/2016,EUG,OR,ANM,WE,Combined TRACON& Tower with Radar,32,11,24,8,75,0,5,80,0,85,32,16,104,8,160,81,0,81,241
08/19/2016,EUG,OR,ANM,WE,Combined TRACON& Tower with Radar,34,13,18,2,67,0,1,77,1,79,34,14,95,3,146,81,0,81,227
08/20/2016,EUG,OR,ANM,WE,Combined TRACON& Tower with Radar,24,13,18,0,55,0,2,62,1,65,24,15,80,1,120,94,0,94,214
08/21/2016,EUG,OR,ANM,WE,Combined TRACON& Tower with Radar,31,10,8,0,49,0,0,67,0,67,31,10,75,0,116,16,0,16,132
08/22/2016,EUG,OR,ANM,WE,Combined TRACON& Tower with Radar,36,17,12,2,67,0,2,109,0,111,36,19,121,2,178,106,0,106,284
08/23/2016,EUG,OR,ANM,WE,Combined TRACON& Tower with Radar,31,11,21,0,63,0,2,101,0,103,31,13,122,0,166,154,0,154,320
08/24/2016,EUG,OR,ANM,WE,Combined TRACON& Tower with Radar,32,15,13,0,60,0,4,85,2,91,32,19,98,2,151,72,0,72,223
08/25/2016,EUG,OR,ANM,WE,Combined TRACON& Tower with Radar,33,13,19,0,65,0,2,70,0,72,33,15,89,0,137,78,0,78,215
08/26/2016,EUG,OR,ANM,WE,Combined TRACON& Tower with Radar,38,11,21,1,71,0,0,78,1,79,38,11,99,2,150,88,6,94,244
08/27/2016,EUG,OR,ANM,WE,Combined TRACON& Tower with Radar,25,15,23,0,63,0,0,168,0,168,25,15,191,0,231,106,0,106,337
08/28/2016,EUG,OR,ANM,WE,Combined TRACON& Tower with Radar,31,8,15,0,54,0,0,55,0,55,31,8,70,0,109,32,0,32,141
08/29/2016,EUG,OR,ANM,WE,Combined TRACON& Tower with Radar,36,10,14,2,62,0,4,71,4,79,36,14,85,6,141,54,28,82,223
08/30/2016,EUG,OR,ANM,WE,Combined TRACON& Tower with Radar,34,18,29,15,96,0,2,59,2,63,34,20,88,17,159,110,18,128,287
08/31/2016,EUG,OR,ANM,WE,Combined TRACON& Tower with Radar,29,11,42,5,87,0,2,54,0,56,29,13,96,5,143,12,0,12,155
09/01/2016,EUG,OR,ANM,WE,Combined TRACON& Tower with Radar,32,11,46,3,92,0,1,53,0,54,32,12,99,3,146,132,2,134,280
09/02/2016,EUG,OR,ANM,WE,Combined TRACON& Tower with Radar,37,13,34,0,84,0,1,42,0,43,37,14,76,0,127,40,0,40,167
09/03/2016,EUG,OR,ANM,WE,Combined TRACON& Tower with Radar,24,10,36,0,70,0,1,35,0,36,24,11,71,0,106,20,0,20,126
09/04/2016,EUG,OR,ANM,WE,Combined TRACON& Tower with Radar,31,7,21,0,59,0,0,44,0,44,31,7,65,0,103,34,0,34,137
09/05/2016,EUG,OR,ANM,WE,Combined TRACON& Tower with Radar,32,7,15,0,54,0,0,48,0,48,32,7,63,0,102,31,0,31,133
09/06/2016,EUG,OR,ANM,WE,Combined TRACON& Tower with Radar,37,16,26,9,88,0,1,10,0,11,37,17,36,9,99,38,0,38,137
09/07/2016,EUG,OR,ANM,WE,Combined TRACON& Tower with Radar,28,18,25,4,75,1,1,58,0,60,29,19,83,4,135,86,0,86,221
09/08/2016,EUG,OR,ANM,WE,Combined TRACON& Tower with Radar,32,13,23,12,80,0,5,63,1,69,32,18,86,13,149,48,0,48,197
09/09/2016,EUG,OR,ANM,WE,Combined TRACON& Tower with Radar,36,12,19,0,67,0,1,68,0,69,36,13,87,0,136,82,0,82,218
09/10/2016,EUG,OR,ANM,WE,Combined TRACON& Tower with Radar,26,12,19,2,59,0,1,59,0,60,26,13,78,2,119,56,24,80,199
09/11/2016,EUG,OR,ANM,WE,Combined TRACON& Tower with Radar,31,10,18,0,59,0,0,61,0,61,31,10,79,0,120,28,0,28,148
09/12/2016,EUG,OR,ANM,WE,Combined TRACON& Tower with Radar,36,15,18,6,75,0,3,43,2,48,36,18,61,8,123,42,44,86,209
09/13/2016,EUG,OR,ANM,WE,Combined TRACON& Tower with Radar,28,12,13,8,61,0,2,52,0,54,28,14,65,8,115,64,18,82,197
09/14/2016,EUG,OR,ANM,WE,Combined TRACON& Tower with Radar,29,14,9,2,54,0,1,83,3,87,29,15,92,5,141,66,38,104,245
09/15/2016,EUG,OR,ANM,WE,Combined TRACON& Tower with Radar,32,10,23,14,79,0,2,56,8,66,32,12,79,22,145,66,56,122,267
09/16/2016,EUG,OR,ANM,WE,Combined TRACON& Tower with Radar,41,9,26,0,76,0,1,74,0,75,41,10,100,0,151,20,0,20,171
09/17/2016,EUG,OR,ANM,WE,Combined TRACON& Tower with Radar,31,9,32,1,73,0,1,21,5,27,31,10,53,6,100,4,10,14,114
09/18/2016,EUG,OR,ANM,WE,Combined TRACON& Tower with Radar,32,5,28,0,65,0,0,14,0,14,32,5,42,0,79,2,0,2,81
09/19/2016,EUG,OR,ANM,WE,Combined TRACON& Tower with Radar,37,12,10,0,59,0,2,24,1,27,37,14,34,1,86,4,0,4,90
09/20/2016,EUG,OR,ANM,WE,Combined TRACON& Tower with Radar,31,15,14,0,60,0,4,64,0,68,31,19,78,0,128,56,0,56,184
09/21/2016,EUG,OR,ANM,WE,Combined TRACON& Tower with Radar,30,13,21,0,64,0,2,41,2,45,30,15,62,2,109,106,78,184,293
09/22/2016,EUG,OR,ANM,WE,Combined TRACON& Tower with Radar,40,11,35,7,93,0,1,30,0,31,40,12,65,7,124,62,4,66,190
09/23/2016,EUG,OR,ANM,WE,Combined TRACON& Tower with Radar,37,17,36,2,92,0,0,19,0,19,37,17,55,2,111,14,0,14,125
09/24/2016,EUG,OR,ANM,WE,Combined TRACON& Tower with Radar,31,10,53,2,96,0,0,46,0,46,31,10,99,2,142,42,0,42,184
09/25/2016,EUG,OR,ANM,WE,Combined TRACON& Tower with Radar,34,11,18,0,63,0,0,58,0,58,34,11,76,0,121,20,0,20,141
09/26/2016,EUG,OR,ANM,WE,Combined TRACON& Tower with Radar,35,13,13,6,67,0,2,79,0,81,35,15,92,6,148,98,0,98,246
09/27/2016,EUG,OR,ANM,WE,Combined TRACON& Tower with Radar,31,14,27,2,74,1,0,53,2,56,32,14,80,4,130,34,60,94,224
09/28/2016,EUG,OR,ANM,WE,Combined TRACON& Tower with Radar,30,13,9,0,52,0,2,58,0,60,30,15,67,0,112,76,0,76,188
09/29/2016,EUG,OR,ANM,WE,Combined TRACON& Tower with Radar,33,15,26,2,76,0,2,77,0,79,33,17,103,2,155,54,0,54,209
09/30/2016,EUG,OR,ANM,WE,Combined TRACON& Tower with Radar,41,9,35,0,85,0,1,69,0,70,41,10,104,0,155,60,0,60,215
10/01/2016,EUG,OR,ANM,WE,Combined TRACON& Tower with Radar,28,9,18,4,59,1,0,21,0,22,29,9,39,4,81,14,2,16,97
10/02/2016,EUG,OR,ANM,WE,Combined TRACON& Tower with Radar,35,4,11,0,50,0,0,7,0,7,35,4,18,0,57,0,0,0,57
10/03/2016,EUG,OR,ANM,WE,Combined TRACON& Tower with Radar,39,12,22,2,75,0,0,36,0,36,39,12,58,2,111,50,0,50,161
10/04/2016,EUG,OR,ANM,WE,Combined TRACON& Tower with Radar,33,10,20,4,67,0,0,17,1,18,33,10,37,5,85,98,0,98,183
10/05/2016,EUG,OR,ANM,WE,Combined TRACON& Tower with Radar,36,12,22,2,72,0,0,14,0,14,36,12,36,2,86,48,0,48,134
10/06/2016,EUG,OR,ANM,WE,Combined TRACON& Tower with Radar,36,13,41,20,110,0,0,52,0,52,36,13,93,20,162,56,28,84,246
10/07/2016,EUG,OR,ANM,WE,Combined TRACON& Tower with Radar,44,8,49,4,105,0,0,23,0,23,44,8,72,4,128,40,0,40,168
10/08/2016,EUG,OR,ANM,WE,Combined TRACON& Tower with Radar,28,13,54,0,95,0,1,26,0,27,28,14,80,0,122,42,0,42,164
10/09/2016,EUG,OR,ANM,WE,Combined TRACON& Tower with Radar,34,7,28,0,69,0,1,33,1,35,34,8,61,1,104,13,0,13,117
10/10/2016,EUG,OR,ANM,WE,Combined TRACON& Tower with Radar,44,8,39,0,91,0,0,27,0,27,44,8,66,0,118,34,0,34,152
10/11/2016,EUG,OR,ANM,WE,Combined TRACON& Tower with Radar,32,12,34,8,86,0,2,36,0,38,32,14,70,8,124,26,0,26,150
10/12/2016,EUG,OR,ANM,WE,Combined TRACON& Tower with Radar,36,8,36,9,89,0,2,56,0,58,36,10,92,9,147,93,2,95,242
10/13/2016,EUG,OR,ANM,WE,Combined TRACON& Tower with Radar,35,12,19,0,66,0,0,11,0,11,35,12,30,0,77,0,0,0,77
10/14/2016,EUG,OR,ANM,WE,Combined TRACON& Tower with Radar,46,11,5,2,64,0,0,5,0,5,46,11,10,2,69,6,0,6,75
10/15/2016,EUG,OR,ANM,WE,Combined TRACON& Tower with Radar,29,6,3,0,38,0,0,0,0,0,29,6,3,0,38,0,0,0,38
10/16/2016,EUG,OR,ANM,WE,Combined TRACON& Tower with Radar,34,5,12,0,51,0,0,1,0,1,34,5,13,0,52,0,0,0,52
10/17/2016,EUG,OR,ANM,WE,Combined TRACON& Tower with Radar,41,9,15,0,65,0,2,4,0,6,41,11,19,0,71,14,0,14,85
10/18/2016,EUG,OR,ANM,WE,Combined TRACON& Tower with Radar,34,13,25,6,78,0,0,26,0,26,34,13,51,6,104,28,0,28,132
10/19/2016,EUG,OR,ANM,WE,Combined TRACON& Tower with Radar,36,11,29,14,90,0,2,90,1,93,36,13,119,15,183,148,28,176,359
10/20/2016,EUG,OR,ANM,WE,Combined TRACON& Tower with Radar,39,14,52,2,107,0,0,3,0,3,39,14,55,2,110,28,6,34,144
10/21/2016,EUG,OR,ANM,WE,Combined TRACON& Tower with Radar,47,8,34,8,97,0,1,45,0,46,47,9,79,8,143,54,0,54,197
10/22/2016,EUG,OR,ANM,WE,Combined TRACON& Tower with Radar,29,4,15,0,48,0,0,65,0,65,29,4,80,0,113,137,0,137,250
10/23/2016,EUG,OR,ANM,WE,Combined TRACON& Tower with Radar,35,2,11,0,48,0,0,33,0,33,35,2,44,0,81,60,0,60,141
10/24/2016,EUG,OR,ANM,WE,Combined TRACON& Tower with Radar,39,9,16,1,65,0,0,15,0,15,39,9,31,1,80,28,0,28,108
10/25/2016,EUG,OR,ANM,WE,Combined TRACON& Tower with Radar,38,11,24,11,84,3,0,58,0,61,41,11,82,11,145,125,0,125,270
10/26/2016,EUG,OR,ANM,WE,Combined TRACON& Tower with Radar,38,11,23,36,108,0,0,34,0,34,38,11,57,36,142,40,42,82,224
10/27/2016,EUG,OR,ANM,WE,Combined TRACON& Tower with Radar,38,10,40,20,108,0,0,14,0,14,38,10,54,20,122,106,0,106,228
10/28/2016,EUG,OR,ANM,WE,Combined TRACON& Tower with Radar,46,8,30,2,86,0,0,80,0,80,46,8,110,2,166,146,0,146,312
10/29/2016,EUG,OR,ANM,WE,Combined TRACON& Tower with Radar,33,10,37,0,80,0,0,49,0,49,33,10,86,0,129,80,0,80,209
10/30/2016,EUG,OR,ANM,WE,Combined TRACON& Tower with Radar,38,9,30,0,77,0,0,0,0,0,38,9,30,0,77,0,0,0,77
10/31/2016,EUG,OR,ANM,WE,Combined TRACON& Tower with Radar,41,7,37,0,85,0,0,34,2,36,41,7,71,2,121,46,0,46,167
11/01/2016,EUG,OR,ANM,WE,Combined TRACON& Tower with Radar,36,7,39,0,82,0,2,56,0,58,36,9,95,0,140,80,0,80,220
11/02/2016,EUG,OR,ANM,WE,Combined TRACON& Tower with Radar,42,9,23,38,112,1,0,45,4,50,43,9,68,42,162,56,18,74,236
11/03/2016,EUG,OR,ANM,WE,Combined TRACON& Tower with Radar,40,13,13,4,70,0,1,56,2,59,40,14,69,6,129,96,6,102,231
11/04/2016,EUG,OR,ANM,WE,Combined TRACON& Tower with Radar,46,13,26,6,91,0,0,63,0,63,46,13,89,6,154,104,0,104,258
11/05/2016,EUG,OR,ANM,WE,Combined TRACON& Tower with Radar,30,9,7,3,49,0,0,10,0,10,30,9,17,3,59,50,0,50,109
11/06/2016,EUG,OR,ANM,WE,Combined TRACON& Tower with Radar,36,3,22,0,61,0,1,56,0,57,36,4,78,0,118,26,0,26,144
11/07/2016,EUG,OR,ANM,WE,Combined TRACON& Tower with Radar,38,14,13,4,69,0,1,55,23,79,38,15,68,27,148,158,6,164,312
11/08/2016,EUG,OR,ANM,WE,Combined TRACON& Tower with Radar,32,7,29,9,77,0,4,42,0,46,32,11,71,9,123,38,8,46,169
11/09/2016,EUG,OR,ANM,WE,Combined TRACON& Tower with Radar,37,11,31,0,79,0,1,70,0,71,37,12,101,0,150,46,2,48,198
11/10/2016,EUG,OR,ANM,WE,Combined TRACON& Tower with Radar,35,12,24,33,104,0,2,55,0,57,35,14,79,33,161,98,12,110,271
11/11/2016,EUG,OR,ANM,WE,Combined TRACON& Tower with Radar,42,8,30,0,80,0,2,20,0,22,42,10,50,0,102,18,0,18,120
11/12/2016,EUG,OR,ANM,WE,Combined TRACON& Tower with Radar,34,7,34,0,75,0,0,22,0,22,34,7,56,0,97,12,0,12,109
11/13/2016,EUG,OR,ANM,WE,Combined TRACON& Tower with Radar,33,14,18,0,65,0,1,24,1,26,33,15,42,1,91,24,0,24,115
11/14/2016,EUG,OR,ANM,WE,Combined TRACON& Tower with Radar,41,12,48,0,101,0,0,8,0,8,41,12,56,0,109,36,0,36,145
11/15/2016,EUG,OR,ANM,WE,Combined TRACON& Tower with Radar,38,10,15,7,70,0,0,15,0,15,38,10,30,7,85,16,0,16,101
11/16/2016,EUG,OR,ANM,WE,Combined TRACON& Tower with Radar,36,7,23,12,78,0,1,39,0,40,36,8,62,12,118,70,8,78,196
11/17/2016,EUG,OR,ANM,WE,Combined TRACON& Tower with Radar,33,8,42,20,103,0,1,101,0,102,33,9,143,20,205,194,16,210,415
11/18/2016,EUG,OR,ANM,WE,Combined TRACON& Tower with Radar,43,10,40,2,95,0,0,37,0,37,43,10,77,2,132,60,0,60,192
11/19/2016,EUG,OR,ANM,WE,Combined TRACON& Tower with Radar,30,5,11,0,46,0,1,33,0,34,30,6,44,0,80,60,0,60,140
11/20/2016,EUG,OR,ANM,WE,Combined TRACON& Tower with Radar,32,8,19,0,59,0,0,2,0,2,32,8,21,0,61,0,0,0,61
11/21/2016,EUG,OR,ANM,WE,Combined TRACON& Tower with Radar,41,8,37,5,91,0,5,46,4,55,41,13,83,9,146,88,68,156,302
11/22/2016,EUG,OR,ANM,WE,Combined TRACON& Tower with Radar,37,13,53,1,104,0,2,44,0,46,37,15,97,1,150,82,0,82,232
11/23/2016,EUG,OR,ANM,WE,Combined TRACON& Tower with Radar,39,14,16,0,69,0,0,9,0,9,39,14,25,0,78,18,0,18,96
11/24/2016,EUG,OR,ANM,WE,Combined TRACON& Tower with Radar,29,0,3,0,32,0,0,0,0,0,29,0,3,0,32,0,0,0,32
11/25/2016,EUG,OR,ANM,WE,Combined TRACON& Tower with Radar,30,7,18,0,55,0,0,8,0,8,30,7,26,0,63,6,0,6,69
11/26/2016,EUG,OR,ANM,WE,Combined TRACON& Tower with Radar,39,9,9,0,57,0,0,14,0,14,39,9,23,0,71,0,0,0,71
11/27/2016,EUG,OR,ANM,WE,Combined TRACON& Tower with Radar,38,11,20,0,69,0,0,12,0,12,38,11,32,0,81,40,0,40,121
11/28/2016,EUG,OR,ANM,WE,Combined TRACON& Tower with Radar,39,14,36,18,107,0,0,34,3,37,39,14,70,21,144,84,16,100,244
11/29/2016,EUG,OR,ANM,WE,Combined TRACON& Tower with Radar,29,13,31,44,117,6,3,42,3,54,35,16,73,47,171,68,80,148,319
11/30/2016,EUG,OR,ANM,WE,Combined TRACON& Tower with Radar,32,13,9,37,91,7,0,26,0,33,39,13,35,37,124,68,32,100,224
12/01/2016,EUG,OR,ANM,WE,Combined TRACON& Tower with Radar,32,11,19,24,86,0,0,30,1,31,32,11,49,25,117,66,50,116,233
12/02/2016,EUG,OR,ANM,WE,Combined TRACON& Tower with Radar,35,8,16,22,81,0,1,38,0,39,35,9,54,22,120,66,0,66,186
12/03/2016,EUG,OR,ANM,WE,Combined TRACON& Tower with Radar,21,6,6,1,34,0,0,38,1,39,21,6,44,2,73,82,0,82,155
12/04/2016,EUG,OR,ANM,WE,Combined TRACON& Tower with Radar,30,5,11,2,48,0,0,3,0,3,30,5,14,2,51,0,0,0,51
12/05/2016,EUG,OR,ANM,WE,Combined TRACON& Tower with Radar,37,18,10,5,70,0,0,3,0,3,37,18,13,5,73,0,0,0,73
12/06/2016,EUG,OR,ANM,WE,Combined TRACON& Tower with Radar,29,12,17,6,64,0,0,9,0,9,29,12,26,6,73,20,0,20,93
12/07/2016,EUG,OR,ANM,WE,Combined TRACON& Tower with Radar,30,11,15,6,62,0,1,5,0,6,30,12,20,6,68,8,20,28,96
12/08/2016,EUG,OR,ANM,WE,Combined TRACON& Tower with Radar,29,3,9,0,41,0,0,0,0,0,29,3,9,0,41,0,0,0,41
12/09/2016,EUG,OR,ANM,WE,Combined TRACON& Tower with Radar,32,6,20,6,64,0,0,2,0,2,32,6,22,6,66,0,0,0,66
12/10/2016,EUG,OR,ANM,WE,Combined TRACON& Tower with Radar,27,8,5,0,40,0,0,13,0,13,27,8,18,0,53,4,0,4,57
12/11/2016,EUG,OR,ANM,WE,Combined TRACON& Tower with Radar,30,8,7,0,45,0,0,2,0,2,30,8,9,0,47,4,0,4,51
12/12/2016,EUG,OR,ANM,WE,Combined TRACON& Tower with Radar,34,9,16,9,68,0,1,27,0,28,34,10,43,9,96,28,2,30,126
12/13/2016,EUG,OR,ANM,WE,Combined TRACON& Tower with Radar,29,10,25,0,64,0,0,1,0,1,29,10,26,0,65,0,0,0,65
12/14/2016,EUG,OR,ANM,WE,Combined TRACON& Tower with Radar,11,4,7,0,22,0,0,0,0,0,11,4,7,0,22,2,0,2,24
12/15/2016,EUG,OR,ANM,WE,Combined TRACON& Tower with Radar,34,17,14,14,79,0,0,0,0,0,34,17,14,14,79,0,0,0,79
12/16/2016,EUG,OR,ANM,WE,Combined TRACON& Tower with Radar,30,19,23,41,113,0,2,18,0,20,30,21,41,41,133,22,0,22,155
12/17/2016,EUG,OR,ANM,WE,Combined TRACON& Tower with Radar,27,16,10,0,53,0,1,5,0,6,27,17,15,0,59,0,0,0,59
12/18/2016,EUG,OR,ANM,WE,Combined TRACON& Tower with Radar,27,7,11,0,45,0,0,0,0,0,27,7,11,0,45,0,0,0,45
12/19/2016,EUG,OR,ANM,WE,Combined TRACON& Tower with Radar,33,15,9,0,57,0,1,1,0,2,33,16,10,0,59,0,0,0,59
12/20/2016,EUG,OR,ANM,WE,Combined TRACON& Tower with Radar,24,17,20,0,61,0,5,4,1,10,24,22,24,1,71,12,0,12,83
12/21/2016,EUG,OR,ANM,WE,Combined TRACON& Tower with Radar,28,11,10,1,50,0,0,0,0,0,28,11,10,1,50,0,0,0,50
12/22/2016,EUG,OR,ANM,WE,Combined TRACON& Tower with Radar,24,22,27,0,73,0,2,28,0,30,24,24,55,0,103,56,0,56,159
12/23/2016,EUG,OR,ANM,WE,Combined TRACON& Tower with Radar,35,19,7,0,61,0,1,3,2,6,35,20,10,2,67,0,0,0,67
12/24/2016,EUG,OR,ANM,WE,Combined TRACON& Tower with Radar,21,25,3,0,49,0,0,13,0,13,21,25,16,0,62,12,0,12,74
12/25/2016,EUG,OR,ANM,WE,Combined TRACON& Tower with Radar,18,5,4,0,27,0,0,12,0,12,18,5,16,0,39,0,0,0,39
12/26/2016,EUG,OR,ANM,WE,Combined TRACON& Tower with Radar,31,12,9,0,52,0,0,23,0,23,31,12,32,0,75,22,0,22,97
12/27/2016,EUG,OR,ANM,WE,Combined TRACON& Tower with Radar,26,21,15,18,80,0,0,6,0,6,26,21,21,18,86,12,0,12,98
12/28/2016,EUG,OR,ANM,WE,Combined TRACON& Tower with Radar,23,20,10,0,53,0,0,0,0,0,23,20,10,0,53,0,0,0,53
12/29/2016,EUG,OR,ANM,WE,Combined TRACON& Tower with Radar,23,15,23,10,71,1,1,41,0,43,24,16,64,10,114,22,0,22,136
12/30/2016,EUG,OR,ANM,WE,Combined TRACON& Tower with Radar,30,13,8,0,51,0,1,30,0,31,30,14,38,0,82,38,0,38,120
12/31/2016,EUG,OR,ANM,WE,Combined TRACON& Tower with Radar,24,12,6,0,42,0,0,0,0,0,24,12,6,0,42,0,0,0,42
01/01/2017,EUG,OR,ANM,WE,Combined TRACON& Tower with Radar,18,11,9,0,38,0,0,0,0,0,18,11,9,0,38,0,0,0,38
01/02/2017,EUG,OR,ANM,WE,Combined TRACON& Tower with Radar,30,10,11,0,51,0,0,0,0,0,30,10,11,0,51,0,0,0,51
01/03/2017,EUG,OR,ANM,WE,Combined TRACON& Tower with Radar,23,21,16,10,70,0,4,43,0,47,23,25,59,10,117,66,0,66,183
01/04/2017,EUG,OR,ANM,WE,Combined TRACON& Tower with Radar,25,17,15,4,61,0,1,1,1,3,25,18,16,5,64,0,0,0,64
01/05/2017,EUG,OR,ANM,WE,Combined TRACON& Tower with Radar,28,13,12,28,81,0,3,47,2,52,28,16,59,30,133,56,40,96,229
01/06/2017,EUG,OR,ANM,WE,Combined TRACON& Tower with Radar,34,11,9,23,77,0,1,62,4,67,34,12,71,27,144,28,10,38,182
01/07/2017,EUG,OR,ANM,WE,Combined TRACON& Tower with Radar,4,3,0,0,7,0,0,0,0,0,4,3,0,0,7,0,0,0,7
01/08/2017,EUG,OR,ANM,WE,Combined TRACON& Tower with Radar,4,1,2,0,7,0,0,0,0,0,4,1,2,0,7,0,0,0,7
01/09/2017,EUG,OR,ANM,WE,Combined TRACON& Tower with Radar,34,7,13,6,60,0,0,1,0,1,34,7,14,6,61,0,0,0,61
01/10/2017,EUG,OR,ANM,WE,Combined TRACON& Tower with Radar,27,9,19,2,57,0,0,0,0,0,27,9,19,2,57,0,0,0,57
01/11/2017,EUG,OR,ANM,WE,Combined TRACON& Tower with Radar,23,3,6,5,37,4,0,21,2,27,27,3,27,7,64,48,0,48,112
01/12/2017,EUG,OR,ANM,WE,Combined TRACON& Tower with Radar,31,14,22,15,82,0,0,15,0,15,31,14,37,15,97,10,0,10,107
01/13/2017,EUG,OR,ANM,WE,Combined TRACON& Tower with Radar,36,11,20,3,70,0,0,5,0,5,36,11,25,3,75,20,0,20,95
01/14/2017,EUG,OR,ANM,WE,Combined TRACON& Tower with Radar,21,11,21,0,53,0,0,21,0,21,21,11,42,0,74,0,0,0,74
01/15/2017,EUG,OR,ANM,WE,Combined TRACON& Tower with Radar,23,4,9,1,37,0,0,38,0,38,23,4,47,1,75,29,0,29,104
01/16/2017,EUG,OR,ANM,WE,Combined TRACON& Tower with Radar,35,9,20,0,64,0,1,42,0,43,35,10,62,0,107,62,0,62,169
01/17/2017,EUG,OR,ANM,WE,Combined TRACON& Tower with Radar,28,8,7,22,65,0,0,22,2,24,28,8,29,24,89,72,36,108,197
01/18/2017,EUG,OR,ANM,WE,Combined TRACON& Tower with Radar,39,10,16,2,67,0,1,14,0,15,39,11,30,2,82,20,4,24,106
01/19/2017,EUG,OR,ANM,WE,Combined TRACON& Tower with Radar,30,9,24,10,73,0,2,22,5,29,30,11,46,15,102,40,66,106,208
01/20/2017,EUG,OR,ANM,WE,Combined TRACON& Tower with Radar,37,7,17,2,63,0,2,29,0,31,37,9,46,2,94,46,4,50,144
01/21/2017,EUG,OR,ANM,WE,Combined TRACON& Tower with Radar,21,7,16,0,44,0,1,15,0,16,21,8,31,0,60,22,0,22,82
01/22/2017,EUG,OR,ANM,WE,Combined TRACON& Tower with Radar,25,5,11,1,42,0,0,6,0,6,25,5,17,1,48,0,0,0,48
01/23/2017,EUG,OR,ANM,WE,Combined TRACON& Tower with Radar,39,13,15,24,91,0,3,62,0,65,39,16,77,24,156,46,24,70,226
01/24/2017,EUG,OR,ANM,WE,Combined TRACON& Tower with Radar,29,14,15,4,62,1,0,60,4,65,30,14,75,8,127,130,52,182,309
01/25/2017,EUG,OR,ANM,WE,Combined TRACON& Tower with Radar,32,11,18,33,94,0,1,52,9,62,32,12,70,42,156,83,32,115,271
01/26/2017,EUG,OR,ANM,WE,Combined TRACON& Tower with Radar,30,14,18,9,71,0,1,64,1,66,30,15,82,10,137,164,16,180,317
01/27/2017,EUG,OR,ANM,WE,Combined TRACON& Tower with Radar,32,20,20,12,84,0,0,1,0,1,32,20,21,12,85,0,0,0,85
01/28/2017,EUG,OR,ANM,WE,Combined TRACON& Tower with Radar,24,9,25,0,58,0,0,0,0,0,24,9,25,0,58,0,0,0,58
01/29/2017,EUG,OR,ANM,WE,Combined TRACON& Tower with Radar,28,4,25,2,59,0,0,42,0,42,28,4,67,2,101,22,0,22,123
01/30/2017,EUG,OR,ANM,WE,Combined TRACON& Tower with Radar,37,10,17,0,64,0,0,0,0,0,37,10,17,0,64,0,0,0,64
01/31/2017,EUG,OR,ANM,WE,Combined TRACON& Tower with Radar,28,11,15,3,57,0,0,3,0,3,28,11,18,3,60,16,0,16,76
02/01/2017,EUG,OR,ANM,WE,Combined TRACON& Tower with Radar,29,12,32,11,84,0,1,69,1,71,29,13,101,12,155,84,8,92,247
02/02/2017,EUG,OR,ANM,WE,Combined TRACON& Tower with Radar,27,15,26,14,82,0,0,36,1,37,27,15,62,15,119,38,6,44,163
02/03/2017,EUG,OR,ANM,WE,Combined TRACON& Tower with Radar,32,4,10,2,48,0,0,1,0,1,32,4,11,2,49,10,0,10,59
02/04/2017,EUG,OR,ANM,WE,Combined TRACON& Tower with Radar,24,9,20,0,53,0,0,7,0,7,24,9,27,0,60,24,0,24,84
02/05/2017,EUG,OR,ANM,WE,Combined TRACON& Tower with Radar,28,6,11,0,45,0,0,7,0,7,28,6,18,0,52,2,0,2,54
02/06/2017,EUG,OR,ANM,WE,Combined TRACON& Tower with Radar,29,14,19,0,62,0,0,4,0,4,29,14,23,0,66,18,0,18,84
02/07/2017,EUG,OR,ANM,WE,Combined TRACON& Tower with Radar,28,13,25,0,66,0,0,0,0,0,28,13,25,0,66,0,0,0,66
02/08/2017,EUG,OR,ANM,WE,Combined TRACON& Tower with Radar,35,12,16,28,91,0,0,0,1,1,35,12,16,29,92,0,42,42,134
02/09/2017,EUG,OR,ANM,WE,Combined TRACON& Tower with Radar,36,15,16,18,85,0,1,0,0,1,36,16,16,18,86,6,0,6,92
02/10/2017,EUG,OR,ANM,WE,Combined TRACON& Tower with Radar,37,7,19,20,83,0,0,31,2,33,37,7,50,22,116,58,76,134,250
02/11/2017,EUG,OR,ANM,WE,Combined TRACON& Tower with Radar,25,5,9,0,39,0,1,79,0,80,25,6,88,0,119,83,0,83,202
02/12/2017,EUG,OR,ANM,WE,Combined TRACON& Tower with Radar,30,6,6,0,42,0,0,26,0,26,30,6,32,0,68,24,0,24,92
02/13/2017,EUG,OR,ANM,WE,Combined TRACON& Tower with Radar,35,10,25,1,71,0,0,54,0,54,35,10,79,1,125,78,0,78,203
02/14/2017,EUG,OR,ANM,WE,Combined TRACON& Tower with Radar,30,9,20,6,65,0,1,49,0,50,30,10,69,6,115,82,4,86,201
02/15/2017,EUG,OR,ANM,WE,Combined TRACON& Tower with Radar,30,12,28,8,78,0,2,23,0,25,30,14,51,8,103,122,22,144,247
02/16/2017,EUG,OR,ANM,WE,Combined TRACON& Tower with Radar,33,15,25,26,99,0,0,5,0,5,33,15,30,26,104,6,0,6,110
02/17/2017,EUG,OR,ANM,WE,Combined TRACON& Tower with Radar,38,5,24,2,69,0,1,30,0,31,38,6,54,2,100,28,0,28,128
02/18/2017,EUG,OR,ANM,WE,Combined TRACON& Tower with Radar,23,7,12,0,42,0,1,9,0,10,23,8,21,0,52,34,0,34,86
02/19/2017,EUG,OR,ANM,WE,Combined TRACON& Tower with Radar,29,4,15,0,48,0,0,10,0,10,29,4,25,0,58,6,0,6,64
02/20/2017,EUG,OR,ANM,WE,Combined TRACON& Tower with Radar,38,7,23,0,68,0,1,7,0,8,38,8,30,0,76,4,0,4,80
02/21/2017,EUG,OR,ANM,WE,Combined TRACON& Tower with Radar,31,12,9,19,71,0,0,4,0,4,31,12,13,19,75,16,14,30,105
02/22/2017,EUG,OR,ANM,WE,Combined TRACON& Tower with Radar,33,9,18,6,66,0,1,7,0,8,33,10,25,6,74,16,0,16,90
02/23/2017,EUG,OR,ANM,WE,Combined TRACON& Tower with Radar,31,12,39,8,90,0,0,23,2,25,31,12,62,10,115,43,0,43,158
02/24/2017,EUG,OR,ANM,WE,Combined TRACON& Tower with Radar,38,7,20,6,71,0,0,9,0,9,38,7,29,6,80,24,0,24,104
02/25/2017,EUG,OR,ANM,WE,Combined TRACON& Tower with Radar,25,4,22,0,51,0,1,77,0,78,25,5,99,0,129,56,0,56,185
02/26/2017,EUG,OR,ANM,WE,Combined TRACON& Tower with Radar,35,3,4,0,42,0,0,2,0,2,35,3,6,0,44,0,0,0,44
02/27/2017,EUG,OR,ANM,WE,Combined TRACON& Tower with Radar,38,8,20,15,81,0,0,12,0,12,38,8,32,15,93,32,0,32,125
02/28/2017,EUG,OR,ANM,WE,Combined TRACON& Tower with Radar,32,8,39,15,94,0,0,31,0,31,32,8,70,15,125,62,12,74,199
03/01/2017,EUG,OR,ANM,WE,Combined TRACON& Tower with Radar,34,13,39,9,95,0,2,70,1,73,34,15,109,10,168,58,0,58,226
03/02/2017,EUG,OR,ANM,WE,Combined TRACON& Tower with Radar,34,7,26,0,67,0,1,37,0,38,34,8,63,0,105,66,0,66,171
03/03/2017,EUG,OR,ANM,WE,Combined TRACON& Tower with Radar,34,11,26,9,80,0,0,13,0,13,34,11,39,9,93,4,0,4,97
03/04/2017,EUG,OR,ANM,WE,Combined TRACON& Tower with Radar,30,6,20,0,56,3,0,9,0,12,33,6,29,0,68,10,0,10,78
03/05/2017,EUG,OR,ANM,WE,Combined TRACON& Tower with Radar,32,8,18,0,58,0,1,1,0,2,32,9,19,0,60,0,0,0,60
03/06/2017,EUG,OR,ANM,WE,Combined TRACON& Tower with Radar,34,9,16,0,59,0,1,9,0,10,34,10,25,0,69,26,0,26,95
03/07/2017,EUG,OR,ANM,WE,Combined TRACON& Tower with Radar,30,10,19,6,65,0,0,0,0,0,30,10,19,6,65,0,0,0,65
03/08/2017,EUG,OR,ANM,WE,Combined TRACON& Tower with Radar,31,10,32,4,77,0,0,3,0,3,31,10,35,4,80,0,0,0,80
03/09/2017,EUG,OR,ANM,WE,Combined TRACON& Tower with Radar,30,13,34,35,112,0,0,3,0,3,30,13,37,35,115,6,2,8,123
03/10/2017,EUG,OR,ANM,WE,Combined TRACON& Tower with Radar,37,9,37,12,95,0,1,66,5,72,37,10,103,17,167,72,0,72,239
03/11/2017,EUG,OR,ANM,WE,Combined TRACON& Tower with Radar,27,6,23,0,56,0,0,32,0,32,27,6,55,0,88,0,8,8,96
03/12/2017,EUG,OR,ANM,WE,Combined TRACON& Tower with Radar,31,4,34,0,69,0,2,79,4,85,31,6,113,4,154,38,1,39,193
03/13/2017,EUG,OR,ANM,WE,Combined TRACON& Tower with Radar,33,9,26,2,70,0,0,32,0,32,33,9,58,2,102,38,12,50,152
03/14/2017,EUG,OR,ANM,WE,Combined TRACON& Tower with Radar,28,11,21,0,60,0,0,30,0,30,28,11,51,0,90,42,0,42,132
03/15/2017,EUG,OR,ANM,WE,Combined TRACON& Tower with Radar,41,10,23,2,76,0,1,5,0,6,41,11,28,2,82,18,16,34,116
03/16/2017,EUG,OR,ANM,WE,Combined TRACON& Tower with Radar,32,9,28,2,71,0,1,76,2,79,32,10,104,4,150,132,2,134,284
03/17/2017,EUG,OR,ANM,WE,Combined TRACON& Tower with Radar,35,7,20,0,62,0,2,26,0,28,35,9,46,0,90,46,0,46,136
03/18/2017,EUG,OR,ANM,WE,Combined TRACON& Tower with Radar,30,10,10,0,50,0,0,4,0,4,30,10,14,0,54,0,0,0,54
03/19/2017,EUG,OR,ANM,WE,Combined TRACON& Tower with Radar,32,5,39,0,76,0,0,87,1,88,32,5,126,1,164,40,0,40,204
03/20/2017,EUG,OR,ANM,WE,Combined TRACON& Tower with Radar,33,8,21,0,62,0,1,15,0,16,33,9,36,0,78,8,0,8,86
03/21/2017,EUG,OR,ANM,WE,Combined TRACON& Tower with Radar,36,9,27,8,80,0,1,21,0,22,36,10,48,8,102,50,22,72,174
03/22/2017,EUG,OR,ANM,WE,Combined TRACON& Tower with Radar,33,11,29,3,76,0,1,20,0,21,33,12,49,3,97,46,0,46,143
03/23/2017,EUG,OR,ANM,WE,Combined TRACON& Tower with Radar,34,11,33,3,81,0,0,39,0,39,34,11,72,3,120,39,0,39,159
03/24/2017,EUG,OR,ANM,WE,Combined TRACON& Tower with Radar,31,11,30,0,72,0,0,8,0,8,31,11,38,0,80,0,0,0,80
03/25/2017,EUG,OR,ANM,WE,Combined TRACON& Tower with Radar,31,10,12,0,53,0,0,21,0,21,31,10,33,0,74,0,0,0,74
03/26/2017,EUG,OR,ANM,WE,Combined TRACON& Tower with Radar,33,2,11,0,46,0,0,4,0,4,33,2,15,0,50,0,0,0,50
03/27/2017,EUG,OR,ANM,WE,Combined TRACON& Tower with Radar,33,10,10,2,55,0,0,3,0,3,33,10,13,2,58,6,0,6,64
03/28/2017,EUG,OR,ANM,WE,Combined TRACON& Tower with Radar,31,11,22,8,72,0,0,25,3,28,31,11,47,11,100,28,32,60,160
03/29/2017,EUG,OR,ANM,WE,Combined TRACON& Tower with Radar,31,14,15,11,71,0,0,0,0,0,31,14,15,11,71,0,8,8,79
03/30/2017,EUG,OR,ANM,WE,Combined TRACON& Tower with Radar,31,9,19,11,70,0,2,36,1,39,31,11,55,12,109,12,22,34,143
03/31/2017,EUG,OR,ANM,WE,Combined TRACON& Tower with Radar,34,10,30,0,74,0,3,56,3,62,34,13,86,3,136,58,0,58,194
04/01/2017,EUG,OR,ANM,WE,Combined TRACON& Tower with Radar,28,8,25,0,61,0,0,16,0,16,28,8,41,0,77,80,0,80,157
04/02/2017,EUG,OR,ANM,WE,Combined TRACON& Tower with Radar,36,4,19,0,59,0,3,60,2,65,36,7,79,2,124,48,0,48,172
04/03/2017,EUG,OR,ANM,WE,Combined TRACON& Tower with Radar,39,10,24,24,97,0,0,74,1,75,39,10,98,25,172,98,0,98,270
04/04/2017,EUG,OR,ANM,WE,Combined TRACON& Tower with Radar,33,19,31,14,97,0,0,44,3,47,33,19,75,17,144,42,60,102,246
04/05/2017,EUG,OR,ANM,WE,Combined TRACON& Tower with Radar,30,12,36,0,78,0,2,56,0,58,30,14,92,0,136,78,0,78,214
04/06/2017,EUG,OR,ANM,WE,Combined TRACON& Tower with Radar,33,16,18,14,81,0,0,48,2,50,33,16,66,16,131,72,32,104,235
04/07/2017,EUG,OR,ANM,WE,Combined TRACON& Tower with Radar,35,11,15,0,61,0,1,0,0,1,35,12,15,0,62,0,0,0,62
04/08/2017,EUG,OR,ANM,WE,Combined TRACON& Tower with Radar,27,8,2,1,38,1,0,13,0,14,28,8,15,1,52,25,2,27,79
04/09/2017,EUG,OR,ANM,WE,Combined TRACON& Tower with Radar,32,5,15,0,52,0,0,17,4,21,32,5,32,4,73,4,0,4,77
04/10/2017,EUG,OR,ANM,WE,Combined TRACON& Tower with Radar,37,18,8,10,73,0,0,45,3,48,37,18,53,13,121,60,34,94,215
04/11/2017,EUG,OR,ANM,WE,Combined TRACON& Tower with Radar,30,25,31,6,92,0,1,14,0,15,30,26,45,6,107,18,2,20,127
04/12/2017,EUG,OR,ANM,WE,Combined TRACON& Tower with Radar,30,15,18,32,95,0,1,26,2,29,30,16,44,34,124,86,0,86,210
04/13/2017,EUG,OR,ANM,WE,Combined TRACON& Tower with Radar,31,14,17,14,76,0,2,28,6,36,31,16,45,20,112,36,0,36,148
04/14/2017,EUG,OR,ANM,WE,Combined TRACON& Tower with Radar,36,13,14,0,63,0,4,32,0,36,36,17,46,0,99,96,0,96,195
04/15/2017,EUG,OR,ANM,WE,Combined TRACON& Tower with Radar,26,3,10,0,39,0,1,43,0,44,26,4,53,0,83,24,0,24,107
04/16/2017,EUG,OR,ANM,WE,Combined TRACON& Tower with Radar,31,7,7,0,45,0,0,16,0,16,31,7,23,0,61,12,0,12,73
04/17/2017,EUG,OR,ANM,WE,Combined TRACON& Tower with Radar,35,14,38,3,90,0,0,22,1,23,35,14,60,4,113,50,0,50,163
04/18/2017,EUG,OR,ANM,WE,Combined TRACON& Tower with Radar,30,17,24,3,74,0,1,54,0,55,30,18,78,3,129,88,8,96,225
04/19/2017,EUG,OR,ANM,WE,Combined TRACON& Tower with Radar,35,13,18,1,67,0,0,19,0,19,35,13,37,1,86,34,2,36,122
04/20/2017,EUG,OR,ANM,WE,Combined TRACON& Tower with Radar,33,15,16,1,65,0,1,40,1,42,33,16,56,2,107,80,0,80,187
04/21/2017,EUG,OR,ANM,WE,Combined TRACON& Tower with Radar,36,11,36,4,87,0,3,107,0,110,36,14,143,4,197,36,0,36,233
04/22/2017,EUG,OR,ANM,WE,Combined TRACON& Tower with Radar,27,9,13,0,49,0,0,24,0,24,27,9,37,0,73,12,0,12,85
04/23/2017,EUG,OR,ANM,WE,Combined TRACON& Tower with Radar,36,5,9,0,50,0,0,8,0,8,36,5,17,0,58,6,0,6,64
04/24/2017,EUG,OR,ANM,WE,Combined TRACON& Tower with Radar,36,19,15,36,106,0,0,3,10,13,36,19,18,46,119,0,0,0,119
04/25/2017,EUG,OR,ANM,WE,Combined TRACON& Tower with Radar,33,16,26,13,88,0,0,17,0,17,33,16,43,13,105,25,0,25,130
04/26/2017,EUG,OR,ANM,WE,Combined TRACON& Tower with Radar,30,13,11,18,72,0,0,11,0,11,30,13,22,18,83,38,12,50,133
04/27/2017,EUG,OR,ANM,WE,Combined TRACON& Tower with Radar,36,13,25,41,115,0,0,26,1,27,36,13,51,42,142,34,42,76,218
04/28/2017,EUG,OR,ANM,WE,Combined TRACON& Tower with Radar,39,14,24,11,88,0,2,108,0,110,39,16,132,11,198,74,8,82,280
04/29/2017,EUG,OR,ANM,WE,Combined TRACON& Tower with Radar,29,5,14,0,48,0,2,121,0,123,29,7,135,0,171,118,2,120,291
04/30/2017,EUG,OR,ANM,WE,Combined TRACON& Tower with Radar,35,7,15,2,59,0,0,25,0,25,35,7,40,2,84,80,0,80,164
05/01/2017,EUG,OR,ANM,WE,Combined TRACON& Tower with Radar,36,12,30,28,106,0,0,56,0,56,36,12,86,28,162,92,2,94,256
05/02/2017,EUG,OR,ANM,WE,Combined TRACON& Tower with Radar,31,15,22,6,74,0,0,34,12,46,31,15,56,18,120,66,0,66,186
05/03/2017,EUG,OR,ANM,WE,Combined TRACON& Tower with Radar,31,14,25,0,70,0,1,76,0,77,31,15,101,0,147,78,8,86,233
05/04/2017,EUG,OR,ANM,WE,Combined TRACON& Tower with Radar,31,10,15,6,62,0,3,61,0,64,31,13,76,6,126,80,8,88,214
05/05/2017,EUG,OR,ANM,WE,Combined TRACON& Tower with Radar,38,7,27,0,72,0,2,12,0,14,38,9,39,0,86,6,0,6,92
05/06/2017,EUG,OR,ANM,WE,Combined TRACON& Tower with Radar,28,6,8,0,42,0,0,63,0,63,28,6,71,0,105,106,0,106,211
05/07/2017,EUG,OR,ANM,WE,Combined TRACON& Tower with Radar,35,2,11,0,48,1,0,65,0,66,36,2,76,0,114,52,0,52,166
05/08/2017,EUG,OR,ANM,WE,Combined TRACON& Tower with Radar,41,8,15,7,71,0,1,99,2,102,41,9,114,9,173,192,46,238,411
05/09/2017,EUG,OR,ANM,WE,Combined TRACON& Tower with Radar,32,9,30,2,73,0,2,120,0,122,32,11,150,2,195,218,0,218,413
05/10/2017,EUG,OR,ANM,WE,Combined TRACON& Tower with Radar,33,8,17,18,76,1,3,81,0,85,34,11,98,18,161,116,2,118,279
05/11/2017,EUG,OR,ANM,WE,Combined TRACON& Tower with Radar,34,10,45,21,110,2,0,16,0,18,36,10,61,21,128,26,0,26,154
05/12/2017,EUG,OR,ANM,WE,Combined TRACON& Tower with Radar,41,7,19,0,67,0,0,5,0,5,41,7,24,0,72,18,0,18,90
05/13/2017,EUG,OR,ANM,WE,Combined TRACON& Tower with Radar,24,5,12,2,43,0,1,10,0,11,24,6,22,2,54,58,0,58,112
05/14/2017,EUG,OR,ANM,WE,Combined TRACON& Tower with Radar,32,3,14,0,49,0,0,9,1,10,32,3,23,1,59,3,0,3,62
05/15/2017,EUG,OR,ANM,WE,Combined TRACON& Tower with Radar,40,7,20,9,76,0,2,49,0,51,40,9,69,9,127,106,2,108,235
05/16/2017,EUG,OR,ANM,WE,Combined TRACON& Tower with Radar,32,16,23,13,84,0,3,4,0,7,32,19,27,13,91,0,14,14,105
05/17/2017,EUG,OR,ANM,WE,Combined TRACON& Tower with Radar,33,9,33,10,85,2,4,35,1,42,35,13,68,11,127,134,38,172,299
05/18/2017,EUG,OR,ANM,WE,Combined TRACON& Tower with Radar,40,7,21,17,85,0,2,124,18,144,40,9,145,35,229,182,16,198,427
05/19/2017,EUG,OR,ANM,WE,Combined TRACON& Tower with Radar,37,4,17,20,78,0,3,82,1,86,37,7,99,21,164,194,14,208,372
05/20/2017,EUG,OR,ANM,WE,Combined TRACON& Tower with Radar,26,7,12,0,45,0,0,30,0,30,26,7,42,0,75,36,0,36,111
05/21/2017,EUG,OR,ANM,WE,Combined TRACON& Tower with Radar,38,4,9,0,51,0,0,49,0,49,38,4,58,0,100,6,0,6,106
05/22/2017,EUG,OR,ANM,WE,Combined TRACON& Tower with Radar,39,8,16,10,73,0,1,67,8,76,39,9,83,18,149,190,32,222,371
05/23/2017,EUG,OR,ANM,WE,Combined TRACON& Tower with Radar,35,11,13,0,59,0,0,63,0,63,35,11,76,0,122,84,0,84,206
05/24/2017,EUG,OR,ANM,WE,Combined TRACON& Tower with Radar,33,11,25,23,92,0,2,33,0,35,33,13,58,23,127,30,8,38,165
05/25/2017,EUG,OR,ANM,WE,Combined TRACON& Tower with Radar,38,10,28,11,87,0,2,92,3,97,38,12,120,14,184,73,4,77,261
05/26/2017,EUG,OR,ANM,WE,Combined TRACON& Tower with Radar,37,4,15,0,56,0,2,96,0,98,37,6,111,0,154,176,0,176,330
05/27/2017,EUG,OR,ANM,WE,Combined TRACON& Tower with Radar,27,6,10,4,47,0,2,69,1,72,27,8,79,5,119,60,0,60,179
05/28/2017,EUG,OR,ANM,WE,Combined TRACON& Tower with Radar,35,5,18,0,58,0,0,51,0,51,35,5,69,0,109,22,0,22,131
05/29/2017,EUG,OR,ANM,WE,Combined TRACON& Tower with Radar,38,7,23,0,68,0,0,25,0,25,38,7,48,0,93,66,22,88,181
05/30/2017,EUG,OR,ANM,WE,Combined TRACON& Tower with Radar,36,13,16,6,71,0,2,12,0,14,36,15,28,6,85,14,0,14,99
05/31/2017,EUG,OR,ANM,WE,Combined TRACON& Tower with Radar,39,12,23,19,93,0,3,53,0,56,39,15,76,19,149,146,0,146,295
06/01/2017,EUG,OR,ANM,WE,Combined TRACON& Tower with Radar,39,11,38,22,110,4,3,38,0,45,43,14,76,22,155,24,14,38,193
06/02/2017,EUG,OR,ANM,WE,Combined TRACON& Tower with Radar,38,6,40,2,86,0,3,65,0,68,38,9,105,2,154,202,0,202,356
06/03/2017,EUG,OR,ANM,WE,Combined TRACON& Tower with Radar,29,10,42,0,81,0,0,22,0,22,29,10,64,0,103,30,0,30,133
06/04/2017,EUG,OR,ANM,WE,Combined TRACON& Tower with Radar,45,6,9,1,61,0,0,33,1,34,45,6,42,2,95,2,8,10,105
06/05/2017,EUG,OR,ANM,WE,Combined TRACON& Tower with Radar,47,9,30,19,105,4,10,77,0,91,51,19,107,19,196,100,0,100,296
06/06/2017,EUG,OR,ANM,WE,Combined TRACON& Tower with Radar,38,7,21,10,76,0,4,73,1,78,38,11,94,11,154,78,24,102,256
06/07/2017,EUG,OR,ANM,WE,Combined TRACON& Tower with Radar,35,11,22,18,86,0,2,64,0,66,35,13,86,18,152,154,18,172,324
06/08/2017,EUG,OR,ANM,WE,Combined TRACON& Tower with Radar,38,8,25,15,86,0,2,12,0,14,38,10,37,15,100,62,131,193,293
06/09/2017,EUG,OR,ANM,WE,Combined TRACON& Tower with Radar,36,10,31,0,77,0,1,20,0,21,36,11,51,0,98,30,0,30,128
06/10/2017,EUG,OR,ANM,WE,Combined TRACON& Tower with Radar,36,14,22,0,72,0,0,1,0,1,36,14,23,0,73,20,0,20,93
06/11/2017,EUG,OR,ANM,WE,Combined TRACON& Tower with Radar,42,6,11,0,59,0,0,16,0,16,42,6,27,0,75,24,0,24,99
06/12/2017,EUG,OR,ANM,WE,Combined TRACON& Tower with Radar,40,16,27,61,144,0,2,3,0,5,40,18,30,61,149,2,8,10,159
06/13/2017,EUG,OR,ANM,WE,Combined TRACON& Tower with Radar,41,13,33,29,116,0,1,50,2,53,41,14,83,31,169,240,14,254,423
06/14/2017,EUG,OR,ANM,WE,Combined TRACON& Tower with Radar,38,18,22,70,148,0,1,75,0,76,38,19,97,70,224,220,32,252,476
06/15/2017,EUG,OR,ANM,WE,Combined TRACON& Tower with Radar,44,12,28,0,84,0,1,7,0,8,44,13,35,0,92,56,0,56,148
06/16/2017,EUG,OR,ANM,WE,Combined TRACON& Tower with Radar,41,9,30,10,90,0,1,10,0,11,41,10,40,10,101,46,0,46,147
06/17/2017,EUG,OR,ANM,WE,Combined TRACON& Tower with Radar,32,7,12,0,51,0,1,50,0,51,32,8,62,0,102,74,0,74,176
06/18/2017,EUG,OR,ANM,WE,Combined TRACON& Tower with Radar,37,6,18,0,61,0,0,49,0,49,37,6,67,0,110,94,0,94,204
06/19/2017,EUG,OR,ANM,WE,Combined TRACON& Tower with Radar,40,12,24,12,88,0,1,61,0,62,40,13,85,12,150,48,0,48,198
06/20/2017,EUG,OR,ANM,WE,Combined TRACON& Tower with Radar,43,8,19,4,74,0,3,37,18,58,43,11,56,22,132,66,4,70,202
06/21/2017,EUG,OR,ANM,WE,Combined TRACON& Tower with Radar,38,7,17,16,78,0,5,70,0,75,38,12,87,16,153,142,0,142,295
06/22/2017,EUG,OR,ANM,WE,Combined TRACON& Tower with Radar,38,12,17,6,73,0,3,66,4,73,38,15,83,10,146,100,8,108,254
06/23/2017,EUG,OR,ANM,WE,Combined TRACON& Tower with Radar,37,4,31,8,80,0,3,74,0,77,37,7,105,8,157,42,14,56,213
06/24/2017,EUG,OR,ANM,WE,Combined TRACON& Tower with Radar,29,4,10,6,49,0,3,62,0,65,29,7,72,6,114,32,0,32,146
06/25/2017,EUG,OR,ANM,WE,Combined TRACON& Tower with Radar,39,7,20,8,74,0,0,50,0,50,39,7,70,8,124,4,18,22,146
06/26/2017,EUG,OR,ANM,WE,Combined TRACON& Tower with Radar,38,9,10,8,65,0,4,34,0,38,38,13,44,8,103,18,0,18,121
06/27/2017,EUG,OR,ANM,WE,Combined TRACON& Tower with Radar,44,10,19,12,85,0,2,30,4,36,44,12,49,16,121,28,0,28,149
06/28/2017,EUG,OR,ANM,WE,Combined TRACON& Tower with Radar,36,10,19,11,76,0,3,53,2,58,36,13,72,13,134,82,52,134,268
06/29/2017,EUG,OR,ANM,WE,Combined TRACON& Tower with Radar,42,7,12,14,75,0,3,57,8,68,42,10,69,22,143,66,6,72,215
06/30/2017,EUG,OR,ANM,WE,Combined TRACON& Tower with Radar,42,6,26,1,75,5,4,93,1,103,47,10,119,2,178,48,0,48,226
07/01/2017,EUG,OR,ANM,WE,Combined TRACON& Tower with Radar,36,6,24,0,66,0,0,37,0,37,36,6,61,0,103,26,0,26,129
07/02/2017,EUG,OR,ANM,WE,Combined TRACON& Tower with Radar,40,6,18,0,64,0,0,69,0,69,40,6,87,0,133,16,0,16,149
07/03/2017,EUG,OR,ANM,WE,Combined TRACON& Tower with Radar,41,6,16,0,63,0,2,63,0,65,41,8,79,0,128,74,0,74,202
07/04/2017,EUG,OR,ANM,WE,Combined TRACON& Tower with Radar,41,2,6,0,49,0,1,45,0,46,41,3,51,0,95,2,0,2,97
07/05/2017,EUG,OR,ANM,WE,Combined TRACON& Tower with Radar,36,14,15,0,65,0,1,60,0,61,36,15,75,0,126,76,0,76,202
07/06/2017,EUG,OR,ANM,WE,Combined TRACON& Tower with Radar,39,11,20,4,74,0,2,74,0,76,39,13,94,4,150,75,0,75,225
07/07/2017,EUG,OR,ANM,WE,Combined TRACON& Tower with Radar,39,8,17,0,64,0,6,47,0,53,39,14,64,0,117,140,0,140,257
07/08/2017,EUG,OR,ANM,WE,Combined TRACON& Tower with Radar,32,6,16,0,54,0,2,75,0,77,32,8,91,0,131,32,0,32,163
07/09/2017,EUG,OR,ANM,WE,Combined TRACON& Tower with Radar,39,4,11,0,54,0,0,54,0,54,39,4,65,0,108,2,0,2,110
07/10/2017,EUG,OR,ANM,WE,Combined TRACON& Tower with Radar,35,9,33,2,79,0,3,53,0,56,35,12,86,2,135,24,0,24,159
07/11/2017,EUG,OR,ANM,WE,Combined TRACON& Tower with Radar,42,10,10,0,62,0,4,56,0,60,42,14,66,0,122,30,0,30,152
07/12/2017,EUG,OR,ANM,WE,Combined TRACON& Tower with Radar,35,13,24,4,76,0,2,100,0,102,35,15,124,4,178,168,2,170,348
07/13/2017,EUG,OR,ANM,WE,Combined TRACON& Tower with Radar,39,13,40,2,94,0,2,90,0,92,39,15,130,2,186,134,0,134,320
07/14/2017,EUG,OR,ANM,WE,Combined TRACON& Tower with Radar,39,10,24,0,73,0,2,81,0,83,39,12,105,0,156,104,0,104,260
07/15/2017,EUG,OR,ANM,WE,Combined TRACON& Tower with Radar,35,6,17,0,58,0,1,75,1,77,35,7,92,1,135,72,0,72,207
07/16/2017,EUG,OR,ANM,WE,Combined TRACON& Tower with Radar,41,4,20,0,65,0,0,51,0,51,41,4,71,0,116,22,0,22,138
07/17/2017,EUG,OR,ANM,WE,Combined TRACON& Tower with Radar,40,10,11,3,64,0,2,70,4,76,40,12,81,7,140,160,0,160,300
07/18/2017,EUG,OR,ANM,WE,Combined TRACON& Tower with Radar,39,8,18,0,65,0,5,68,0,73,39,13,86,0,138,72,0,72,210
07/19/2017,EUG,OR,ANM,WE,Combined TRACON& Tower with Radar,34,13,26,2,75,0,2,77,0,79,34,15,103,2,154,50,0,50,204
07/20/2017,EUG,OR,ANM,WE,Combined TRACON& Tower with Radar,40,12,24,0,76,0,2,49,0,51,40,14,73,0,127,82,0,82,209
07/21/2017,EUG,OR,ANM,WE,Combined TRACON& Tower with Radar,39,5,24,10,78,0,4,77,0,81,39,9,101,10,159,164,4,168,327
07/22/2017,EUG,OR,ANM,WE,Combined TRACON& Tower with Radar,35,7,14,0,56,0,0,49,0,49,35,7,63,0,105,54,0,54,159
07/23/2017,EUG,OR,ANM,WE,Combined TRACON& Tower with Radar,40,6,17,0,63,0,0,34,0,34,40,6,51,0,97,30,0,30,127
07/24/2017,EUG,OR,ANM,WE,Combined TRACON& Tower with Radar,33,9,15,6,63,0,4,44,1,49,33,13,59,7,112,18,20,38,150
07/25/2017,EUG,OR,ANM,WE,Combined TRACON& Tower with Radar,40,13,34,0,87,0,2,67,0,69,40,15,101,0,156,77,0,77,233
07/26/2017,EUG,OR,ANM,WE,Combined TRACON& Tower with Radar,33,12,17,3,65,0,5,55,2,62,33,17,72,5,127,92,0,92,219
07/27/2017,EUG,OR,ANM,WE,Combined TRACON& Tower with Radar,37,9,37,2,85,0,4,66,0,70,37,13,103,2,155,74,0,74,229
07/28/2017,EUG,OR,ANM,WE,Combined TRACON& Tower with Radar,38,7,11,2,58,0,3,90,5,98,38,10,101,7,156,96,14,110,266
07/29/2017,EUG,OR,ANM,WE,Combined TRACON& Tower with Radar,35,2,10,0,47,0,4,59,0,63,35,6,69,0,110,58,0,58,168
07/30/2017,EUG,OR,ANM,WE,Combined TRACON& Tower with Radar,37,8,14,2,61,0,5,45,0,50,37,13,59,2,111,18,0,18,129
07/31/2017,EUG,OR,ANM,WE,Combined TRACON& Tower with Radar,35,11,21,5,72,0,2,61,1,64,35,13,82,6,136,44,6,50,186
08/01/2017,EUG,OR,ANM,WE,Combined TRACON& Tower with Radar,42,9,16,0,67,0,4,56,1,61,42,13,72,1,128,68,0,68,196
08/02/2017,EUG,OR,ANM,WE,Combined TRACON& Tower with Radar,35,13,23,0,71,0,3,46,1,50,35,16,69,1,121,64,0,64,185
08/03/2017,EUG,OR,ANM,WE,Combined TRACON& Tower with Radar,39,11,26,0,76,0,2,34,2,38,39,13,60,2,114,58,0,58,172
08/04/2017,EUG,OR,ANM,WE,Combined TRACON& Tower with Radar,39,11,17,5,72,0,3,40,3,46,39,14,57,8,118,68,0,68,186
08/05/2017,EUG,OR,ANM,WE,Combined TRACON& Tower with Radar,31,10,21,3,65,0,1,65,7,73,31,11,86,10,138,92,0,92,230
08/06/2017,EUG,OR,ANM,WE,Combined TRACON& Tower with Radar,39,6,11,2,58,0,0,45,2,47,39,6,56,4,105,24,0,24,129
08/07/2017,EUG,OR,ANM,WE,Combined TRACON& Tower with Radar,35,14,21,1,71,0,2,63,1,66,35,16,84,2,137,88,0,88,225
08/08/2017,EUG,OR,ANM,WE,Combined TRACON& Tower with Radar,37,14,28,0,79,0,1,39,0,40,37,15,67,0,119,50,0,50,169
08/09/2017,EUG,OR,ANM,WE,Combined TRACON& Tower with Radar,35,15,30,6,86,0,1,43,0,44,35,16,73,6,130,78,6,84,214
08/10/2017,EUG,OR,ANM,WE,Combined TRACON& Tower with Radar,39,12,25,4,80,0,0,67,1,68,39,12,92,5,148,78,0,78,226
08/11/2017,EUG,OR,ANM,WE,Combined TRACON& Tower with Radar,36,10,26,6,78,0,9,80,2,91,36,19,106,8,169,94,6,100,269
08/12/2017,EUG,OR,ANM,WE,Combined TRACON& Tower with Radar,34,8,47,2,91,0,2,39,0,41,34,10,86,2,132,66,1,67,199
08/13/2017,EUG,OR,ANM,WE,Combined TRACON& Tower with Radar,34,4,14,0,52,0,0,13,0,13,34,4,27,0,65,0,0,0,65
08/14/2017,EUG,OR,ANM,WE,Combined TRACON& Tower with Radar,40,14,40,0,94,0,3,71,0,74,40,17,111,0,168,70,0,70,238
08/15/2017,EUG,OR,ANM,WE,Combined TRACON& Tower with Radar,40,10,24,0,74,0,4,87,0,91,40,14,111,0,165,184,0,184,349
08/16/2017,EUG,OR,ANM,WE,Combined TRACON& Tower with Radar,37,13,22,0,72,0,3,108,0,111,37,16,130,0,183,172,0,172,355
08/17/2017,EUG,OR,ANM,WE,Combined TRACON& Tower with Radar,42,14,23,13,92,0,2,54,0,56,42,16,77,13,148,115,0,115,263
08/18/2017,EUG,OR,ANM,WE,Combined TRACON& Tower with Radar,40,12,30,0,82,0,1,102,4,107,40,13,132,4,189,68,0,68,257
08/19/2017,EUG,OR,ANM,WE,Combined TRACON& Tower with Radar,38,15,19,1,73,0,0,64,4,68,38,15,83,5,141,34,0,34,175
08/20/2017,EUG,OR,ANM,WE,Combined TRACON& Tower with Radar,37,12,21,0,70,0,1,56,2,59,37,13,77,2,129,8,0,8,137
08/21/2017,EUG,OR,ANM,WE,Combined TRACON& Tower with Radar,38,17,17,2,74,0,2,92,4,98,38,19,109,6,172,18,0,18,190
08/22/2017,EUG,OR,ANM,WE,Combined TRACON& Tower with Radar,37,11,22,2,72,0,2,97,4,103,37,13,119,6,175,36,0,36,211
08/23/2017,EUG,OR,ANM,WE,Combined TRACON& Tower with Radar,38,10,39,2,89,0,3,116,6,125,38,13,155,8,214,74,2,76,290
08/24/2017,EUG,OR,ANM,WE,Combined TRACON& Tower with Radar,42,16,36,1,95,0,1,59,9,69,42,17,95,10,164,36,0,36,200
08/25/2017,EUG,OR,ANM,WE,Combined TRACON& Tower with Radar,46,15,23,4,88,0,5,110,6,121,46,20,133,10,209,86,10,96,305
08/26/2017,EUG,OR,ANM,WE,Combined TRACON& Tower with Radar,39,12,14,4,69,0,0,95,10,105,39,12,109,14,174,46,4,50,224
08/27/2017,EUG,OR,ANM,WE,Combined TRACON& Tower with Radar,37,4,11,1,53,0,0,27,4,31,37,4,38,5,84,12,0,12,96
08/28/2017,EUG,OR,ANM,WE,Combined TRACON& Tower with Radar,41,16,20,7,84,0,0,15,0,15,41,16,35,7,99,0,0,0,99
08/29/2017,EUG,OR,ANM,WE,Combined TRACON& Tower with Radar,37,16,27,0,80,0,0,23,0,23,37,16,50,0,103,32,0,32,135
08/30/2017,EUG,OR,ANM,WE,Combined TRACON& Tower with Radar,37,14,24,2,77,0,0,90,1,91,37,14,114,3,168,152,0,152,320
08/31/2017,EUG,OR,ANM,WE,Combined TRACON& Tower with Radar,42,10,25,17,94,0,2,102,1,105,42,12,127,18,199,134,0,134,333
09/01/2017,EUG,OR,ANM,WE,Combined TRACON& Tower with Radar,40,11,24,0,75,0,4,68,0,72,40,15,92,0,147,44,14,58,205
09/02/2017,EUG,OR,ANM,WE,Combined TRACON& Tower with Radar,30,7,17,0,54,0,0,30,0,30,30,7,47,0,84,38,0,38,122
09/03/2017,EUG,OR,ANM,WE,Combined TRACON& Tower with Radar,34,1,11,0,46,0,0,2,0,2,34,1,13,0,48,0,0,0,48
09/04/2017,EUG,OR,ANM,WE,Combined TRACON& Tower with Radar,38,6,22,0,66,0,0,4,0,4,38,6,26,0,70,0,0,0,70
09/05/2017,EUG,OR,ANM,WE,Combined TRACON& Tower with Radar,35,15,20,0,70,0,0,4,0,4,35,15,24,0,74,0,0,0,74
09/06/2017,EUG,OR,ANM,WE,Combined TRACON& Tower with Radar,35,11,54,2,102,0,2,9,0,11,35,13,63,2,113,18,0,18,131
09/07/2017,EUG,OR,ANM,WE,Combined TRACON& Tower with Radar,44,11,23,0,78,0,2,14,0,16,44,13,37,0,94,0,0,0,94
09/08/2017,EUG,OR,ANM,WE,Combined TRACON& Tower with Radar,43,15,42,0,100,0,0,14,0,14,43,15,56,0,114,102,0,102,216
09/09/2017,EUG,OR,ANM,WE,Combined TRACON& Tower with Radar,38,15,50,0,103,0,0,60,0,60,38,15,110,0,163,20,0,20,183
09/10/2017,EUG,OR,ANM,WE,Combined TRACON& Tower with Radar,43,6,27,4,80,0,1,44,0,45,43,7,71,4,125,26,0,26,151
09/11/2017,EUG,OR,ANM,WE,Combined TRACON& Tower with Radar,37,11,18,3,69,0,3,39,0,42,37,14,57,3,111,20,0,20,131
09/12/2017,EUG,OR,ANM,WE,Combined TRACON& Tower with Radar,35,10,13,2,60,0,5,81,1,87,35,15,94,3,147,68,0,68,215
09/13/2017,EUG,OR,ANM,WE,Combined TRACON& Tower with Radar,38,11,18,2,69,0,5,60,0,65,38,16,78,2,134,126,0,126,260
09/14/2017,EUG,OR,ANM,WE,Combined TRACON& Tower with Radar,45,14,21,4,84,0,2,72,1,75,45,16,93,5,159,48,0,48,207
09/15/2017,EUG,OR,ANM,WE,Combined TRACON& Tower with Radar,40,12,26,0,78,1,1,46,1,49,41,13,72,1,127,12,0,12,139
09/16/2017,EUG,OR,ANM,WE,Combined TRACON& Tower with Radar,34,4,20,0,58,0,0,33,2,35,34,4,53,2,93,46,0,46,139
09/17/2017,EUG,OR,ANM,WE,Combined TRACON& Tower with Radar,43,5,38,0,86,0,0,24,2,26,43,5,62,2,112,38,0,38,150
09/18/2017,EUG,OR,ANM,WE,Combined TRACON& Tower with Radar,34,15,11,7,67,0,2,17,0,19,34,17,28,7,86,18,0,18,104
09/19/2017,EUG,OR,ANM,WE,Combined TRACON& Tower with Radar,38,17,25,4,84,0,0,11,0,11,38,17,36,4,95,28,0,28,123
09/20/2017,EUG,OR,ANM,WE,Combined TRACON& Tower with Radar,36,19,24,2,81,0,0,15,0,15,36,19,39,2,96,34,2,36,132
09/21/2017,EUG,OR,ANM,WE,Combined TRACON& Tower with Radar,42,11,19,6,78,1,3,11,0,15,43,14,30,6,93,26,0,26,119
09/22/2017,EUG,OR,ANM,WE,Combined TRACON& Tower with Radar,41,6,26,0,73,0,2,45,0,47,41,8,71,0,120,56,0,56,176
09/23/2017,EUG,OR,ANM,WE,Combined TRACON& Tower with Radar,32,7,9,0,48,0,0,74,0,74,32,7,83,0,122,16,0,16,138
09/24/2017,EUG,OR,ANM,WE,Combined TRACON& Tower with Radar,46,4,14,0,64,0,0,46,0,46,46,4,60,0,110,22,0,22,132
09/25/2017,EUG,OR,ANM,WE,Combined TRACON& Tower with Radar,35,13,24,0,72,0,0,45,0,45,35,13,69,0,117,32,0,32,149
09/26/2017,EUG,OR,ANM,WE,Combined TRACON& Tower with Radar,40,9,19,0,68,0,2,67,0,69,40,11,86,0,137,72,0,72,209
09/27/2017,EUG,OR,ANM,WE,Combined TRACON& Tower with Radar,37,10,12,0,59,0,3,103,0,106,37,13,115,0,165,88,0,88,253
09/28/2017,EUG,OR,ANM,WE,Combined TRACON& Tower with Radar,39,9,27,0,75,0,2,104,0,106,39,11,131,0,181,92,0,92,273
09/29/2017,EUG,OR,ANM,WE,Combined TRACON& Tower with Radar,45,8,27,2,82,0,0,12,0,12,45,8,39,2,94,18,0,18,112
09/30/2017,EUG,OR,ANM,WE,Combined TRACON& Tower with Radar,36,9,29,0,74,0,0,43,0,43,36,9,72,0,117,50,0,50,167
10/01/2017,EUG,OR,ANM,WE,Combined TRACON& Tower with Radar,34,7,17,0,58,0,0,34,0,34,34,7,51,0,92,16,0,16,108
10/02/2017,EUG,OR,ANM,WE,Combined TRACON& Tower with Radar,39,8,10,3,60,0,2,62,0,64,39,10,72,3,124,102,0,102,226
10/03/2017,EUG,OR,ANM,WE,Combined TRACON& Tower with Radar,39,8,13,3,63,0,0,82,0,82,39,8,95,3,145,126,0,126,271
10/04/2017,EUG,OR,ANM,WE,Combined TRACON& Tower with Radar,36,11,15,2,64,0,0,75,0,75,36,11,90,2,139,92,0,92,231
10/05/2017,EUG,OR,ANM,WE,Combined TRACON& Tower with Radar,40,9,22,0,71,0,2,117,0,119,40,11,139,0,190,138,0,138,328
10/06/2017,EUG,OR,ANM,WE,Combined TRACON& Tower with Radar,41,11,9,0,61,0,1,81,0,82,41,12,90,0,143,106,0,106,249
10/07/2017,EUG,OR,ANM,WE,Combined TRACON& Tower with Radar,34,5,25,0,64,0,0,28,0,28,34,5,53,0,92,82,0,82,174
10/08/2017,EUG,OR,ANM,WE,Combined TRACON& Tower with Radar,43,9,17,0,69,0,0,36,0,36,43,9,53,0,105,20,0,20,125
10/09/2017,EUG,OR,ANM,WE,Combined TRACON& Tower with Radar,40,11,15,0,66,0,0,50,0,50,40,11,65,0,116,40,0,40,156
10/10/2017,EUG,OR,ANM,WE,Combined TRACON& Tower with Radar,37,11,22,1,71,0,0,34,0,34,37,11,56,1,105,40,0,40,145
10/11/2017,EUG,OR,ANM,WE,Combined TRACON& Tower with Radar,38,13,20,3,74,0,0,7,0,7,38,13,27,3,81,48,0,48,129
10/12/2017,EUG,OR,ANM,WE,Combined TRACON& Tower with Radar,39,13,16,0,68,0,0,12,0,12,39,13,28,0,80,32,0,32,112
10/13/2017,EUG,OR,ANM,WE,Combined TRACON& Tower with Radar,44,8,11,0,63,0,0,10,0,10,44,8,21,0,73,4,0,4,77
10/14/2017,EUG,OR,ANM,WE,Combined TRACON& Tower with Radar,40,4,16,1,61,1,2,40,0,43,41,6,56,1,104,54,0,54,158
10/15/2017,EUG,OR,ANM,WE,Combined TRACON& Tower with Radar,41,5,21,0,67,0,0,59,0,59,41,5,80,0,126,48,0,48,174
10/16/2017,EUG,OR,ANM,WE,Combined TRACON& Tower with Radar,38,10,23,3,74,0,1,66,0,67,38,11,89,3,141,78,0,78,219
10/17/2017,EUG,OR,ANM,WE,Combined TRACON& Tower with Radar,35,11,23,2,71,0,0,51,0,51,35,11,74,2,122,192,0,192,314
10/18/2017,EUG,OR,ANM,WE,Combined TRACON& Tower with Radar,35,10,34,0,79,0,0,53,0,53,35,10,87,0,132,46,0,46,178
10/19/2017,EUG,OR,ANM,WE,Combined TRACON& Tower with Radar,39,10,18,0,67,0,0,5,0,5,39,10,23,0,72,44,0,44,116
10/20/2017,EUG,OR,ANM,WE,Combined TRACON& Tower with Radar,45,5,7,2,59,0,0,20,0,20,45,5,27,2,79,30,0,30,109
10/21/2017,EUG,OR,ANM,WE,Combined TRACON& Tower with Radar,34,6,11,0,51,0,0,0,0,0,34,6,11,0,51,0,0,0,51
10/22/2017,EUG,OR,ANM,WE,Combined TRACON& Tower with Radar,41,4,16,0,61,0,0,1,0,1,41,4,17,0,62,0,0,0,62
10/23/2017,EUG,OR,ANM,WE,Combined TRACON& Tower with Radar,41,10,29,0,80,0,0,19,0,19,41,10,48,0,99,40,0,40,139
10/24/2017,EUG,OR,ANM,WE,Combined TRACON& Tower with Radar,36,14,31,0,81,0,2,80,0,82,36,16,111,0,163,132,0,132,295
10/25/2017,EUG,OR,ANM,WE,Combined TRACON& Tower with Radar,40,16,23,0,79,0,1,50,0,51,40,17,73,0,130,124,0,124,254
10/26/2017,EUG,OR,ANM,WE,Combined TRACON& Tower with Radar,37,13,25,11,86,0,0,23,0,23,37,13,48,11,109,82,2,84,193
10/27/2017,EUG,OR,ANM,WE,Combined TRACON& Tower with Radar,50,15,34,7,106,9,0,84,0,93,59,15,118,7,199,72,0,72,271
10/28/2017,EUG,OR,ANM,WE,Combined TRACON& Tower with Radar,38,4,29,0,71,0,1,55,0,56,38,5,84,0,127,92,0,92,219
10/29/2017,EUG,OR,ANM,WE,Combined TRACON& Tower with Radar,41,11,26,4,82,0,0,6,0,6,41,11,32,4,88,16,0,16,104
10/30/2017,EUG,OR,ANM,WE,Combined TRACON& Tower with Radar,45,6,16,2,69,0,10,81,0,91,45,16,97,2,160,106,0,106,266
10/31/2017,EUG,OR,ANM,WE,Combined TRACON& Tower with Radar,39,7,23,0,69,0,1,142,0,143,39,8,165,0,212,218,0,218,430
11/01/2017,EUG,OR,ANM,WE,Combined TRACON& Tower with Radar,37,12,30,28,107,0,0,33,0,33,37,12,63,28,140,118,0,118,258
11/02/2017,EUG,OR,ANM,WE,Combined TRACON& Tower with Radar,42,11,25,13,91,0,1,3,0,4,42,12,28,13,95,12,0,12,107
11/03/2017,EUG,OR,ANM,WE,Combined TRACON& Tower with Radar,43,7,14,14,78,0,0,29,1,30,43,7,43,15,108,42,0,42,150
11/04/2017,EUG,OR,ANM,WE,Combined TRACON& Tower with Radar,37,5,20,0,62,0,0,12,0,12,37,5,32,0,74,18,0,18,92
11/05/2017,EUG,OR,ANM,WE,Combined TRACON& Tower with Radar,38,5,10,0,53,0,0,5,0,5,38,5,15,0,58,0,0,0,58
11/06/2017,EUG,OR,ANM,WE,Combined TRACON& Tower with Radar,41,10,30,15,96,0,0,59,0,59,41,10,89,15,155,128,18,146,301
11/07/2017,EUG,OR,ANM,WE,Combined TRACON& Tower with Radar,37,10,23,0,70,0,0,56,0,56,37,10,79,0,126,92,0,92,218
11/08/2017,EUG,OR,ANM,WE,Combined TRACON& Tower with Radar,39,10,14,12,75,0,0,11,0,11,39,10,25,12,86,12,18,30,116
11/09/2017,EUG,OR,ANM,WE,Combined TRACON& Tower with Radar,42,9,11,16,78,0,1,23,0,24,42,10,34,16,102,54,28,82,184
11/10/2017,EUG,OR,ANM,WE,Combined TRACON& Tower with Radar,45,8,14,1,68,8,0,2,0,10,53,8,16,1,78,0,0,0,78
11/11/2017,EUG,OR,ANM,WE,Combined TRACON& Tower with Radar,31,3,17,1,52,5,1,78,0,84,36,4,95,1,136,22,0,22,158
11/12/2017,EUG,OR,ANM,WE,Combined TRACON& Tower with Radar,42,3,16,0,61,0,0,30,1,31,42,3,46,1,92,26,0,26,118
11/13/2017,EUG,OR,ANM,WE,Combined TRACON& Tower with Radar,43,10,12,14,79,0,0,0,1,1,43,10,12,15,80,0,0,0,80
11/14/2017,EUG,OR,ANM,WE,Combined TRACON& Tower with Radar,36,10,10,0,56,0,1,38,0,39,36,11,48,0,95,48,0,48,143
11/15/2017,EUG,OR,ANM,WE,Combined TRACON& Tower with Radar,39,12,21,4,76,0,0,6,0,6,39,12,27,4,82,12,0,12,94
11/16/2017,EUG,OR,ANM,WE,Combined TRACON& Tower with Radar,38,12,25,0,75,0,0,1,0,1,38,12,26,0,76,0,0,0,76
11/17/2017,EUG,OR,ANM,WE,Combined TRACON& Tower with Radar,50,10,22,16,98,0,1,70,0,71,50,11,92,16,169,134,0,134,303
11/18/2017,EUG,OR,ANM,WE,Combined TRACON& Tower with Radar,34,4,27,3,68,5,0,21,0,26,39,4,48,3,94,44,0,44,138
11/19/2017,EUG,OR,ANM,WE,Combined TRACON& Tower with Radar,41,8,8,0,57,0,0,26,0,26,41,8,34,0,83,14,0,14,97
11/20/2017,EUG,OR,ANM,WE,Combined TRACON& Tower with Radar,49,15,27,20,111,0,0,16,0,16,49,15,43,20,127,10,0,10,137
11/21/2017,EUG,OR,ANM,WE,Combined TRACON& Tower with Radar,39,12,22,33,106,0,1,25,3,29,39,13,47,36,135,68,0,68,203
11/22/2017,EUG,OR,ANM,WE,Combined TRACON& Tower with Radar,44,13,28,0,85,0,2,27,0,29,44,15,55,0,114,52,0,52,166
11/23/2017,EUG,OR,ANM,WE,Combined TRACON& Tower with Radar,29,0,10,0,39,0,0,1,0,1,29,0,11,0,40,0,0,0,40
11/24/2017,EUG,OR,ANM,WE,Combined TRACON& Tower with Radar,29,12,16,0,57,0,2,54,0,56,29,14,70,0,113,55,0,55,168
11/25/2017,EUG,OR,ANM,WE,Combined TRACON& Tower with Radar,46,4,37,0,87,0,1,1,0,2,46,5,38,0,89,0,0,0,89
11/26/2017,EUG,OR,ANM,WE,Combined TRACON& Tower with Radar,43,6,25,0,74,0,0,9,0,9,43,6,34,0,83,114,0,114,197
11/27/2017,EUG,OR,ANM,WE,Combined TRACON& Tower with Radar,45,16,20,10,91,0,1,27,0,28,45,17,47,10,119,0,0,0,119
11/28/2017,EUG,OR,ANM,WE,Combined TRACON& Tower with Radar,36,10,19,12,77,0,3,2,0,5,36,13,21,12,82,78,0,78,160
11/29/2017,EUG,OR,ANM,WE,Combined TRACON& Tower with Radar,35,11,24,5,75,0,3,57,5,65,35,14,81,10,140,110,54,164,304
11/30/2017,EUG,OR,ANM,WE,Combined TRACON& Tower with Radar,37,15,21,29,102,0,0,17,0,17,37,15,38,29,119,62,30,92,211
12/01/2017,EUG,OR,ANM,WE,Combined TRACON& Tower with Radar,41,11,35,13,100,0,2,17,0,19,41,13,52,13,119,62,0,62,181
12/02/2017,EUG,OR,ANM,WE,Combined TRACON& Tower with Radar,31,4,15,0,50,0,0,9,0,9,31,4,24,0,59,12,0,12,71
12/03/2017,EUG,OR,ANM,WE,Combined TRACON& Tower with Radar,43,6,13,0,62,0,0,4,0,4,43,6,17,0,66,0,0,0,66
12/04/2017,EUG,OR,ANM,WE,Combined TRACON& Tower with Radar,41,13,27,0,81,0,0,14,0,14,41,13,41,0,95,56,0,56,151
12/05/2017,EUG,OR,ANM,WE,Combined TRACON& Tower with Radar,36,17,33,0,86,0,0,14,0,14,36,17,47,0,100,20,0,20,120
12/06/2017,EUG,OR,ANM,WE,Combined TRACON& Tower with Radar,35,13,14,9,71,0,7,56,2,65,35,20,70,11,136,136,6,142,278
12/07/2017,EUG,OR,ANM,WE,Combined TRACON& Tower with Radar,38,12,19,20,89,0,0,88,1,89,38,12,107,21,178,204,16,220,398
12/08/2017,EUG,OR,ANM,WE,Combined TRACON& Tower with Radar,40,12,33,34,119,0,1,43,7,51,40,13,76,41,170,112,48,160,330
12/09/2017,EUG,OR,ANM,WE,Combined TRACON& Tower with Radar,28,7,13,0,48,0,0,44,0,44,28,7,57,0,92,36,0,36,128
12/10/2017,EUG,OR,ANM,WE,Combined TRACON& Tower with Radar,41,4,21,2,68,0,0,25,0,25,41,4,46,2,93,44,8,52,145
12/11/2017,EUG,OR,ANM,WE,Combined TRACON& Tower with Radar,43,15,11,24,93,0,1,17,38,56,43,16,28,62,149,12,17,29,178
12/12/2017,EUG,OR,ANM,WE,Combined TRACON& Tower with Radar,35,12,13,4,64,0,0,31,0,31,35,12,44,4,95,38,0,38,133
12/13/2017,EUG,OR,ANM,WE,Combined TRACON& Tower with Radar,38,10,12,4,64,0,2,27,0,29,38,12,39,4,93,80,0,80,173
12/14/2017,EUG,OR,ANM,WE,Combined TRACON& Tower with Radar,38,14,13,8,73,0,2,38,0,40,38,16,51,8,113,26,42,68,181
12/15/2017,EUG,OR,ANM,WE,Combined TRACON& Tower with Radar,41,15,16,10,82,0,0,4,0,4,41,15,20,10,86,6,10,16,102
12/16/2017,EUG,OR,ANM,WE,Combined TRACON& Tower with Radar,35,9,11,0,55,0,3,12,1,16,35,12,23,1,71,16,0,16,87
12/17/2017,EUG,OR,ANM,WE,Combined TRACON& Tower with Radar,38,9,11,0,58,0,3,32,0,35,38,12,43,0,93,58,0,58,151
12/18/2017,EUG,OR,ANM,WE,Combined TRACON& Tower with Radar,43,10,24,5,82,0,1,15,1,17,43,11,39,6,99,0,38,38,137
12/19/2017,EUG,OR,ANM,WE,Combined TRACON& Tower with Radar,35,12,21,1,69,0,0,3,0,3,35,12,24,1,72,0,0,0,72
12/20/2017,EUG,OR,ANM,WE,Combined TRACON& Tower with Radar,35,19,13,18,85,0,0,6,0,6,35,19,19,18,91,2,0,2,93
12/21/2017,EUG,OR,ANM,WE,Combined TRACON& Tower with Radar,33,21,10,0,64,0,0,0,0,0,33,21,10,0,64,0,0,0,64
12/22/2017,EUG,OR,ANM,WE,Combined TRACON& Tower with Radar,38,18,9,8,73,0,0,3,0,3,38,18,12,8,76,2,0,2,78
12/23/2017,EUG,OR,ANM,WE,Combined TRACON& Tower with Radar,33,15,4,0,52,0,0,2,0,2,33,15,6,0,54,0,0,0,54
12/24/2017,EUG,OR,ANM,WE,Combined TRACON& Tower with Radar,32,5,1,0,38,0,0,3,0,3,32,5,4,0,41,28,0,28,69
12/25/2017,EUG,OR,ANM,WE,Combined TRACON& Tower with Radar,23,5,1,0,29,0,0,7,0,7,23,5,8,0,36,28,0,28,64
12/26/2017,EUG,OR,ANM,WE,Combined TRACON& Tower with Radar,37,14,16,0,67,0,0,0,0,0,37,14,16,0,67,0,0,0,67
12/27/2017,EUG,OR,ANM,WE,Combined TRACON& Tower with Radar,36,16,12,3,67,0,0,0,1,1,36,16,12,4,68,0,0,0,68
12/28/2017,EUG,OR,ANM,WE,Combined TRACON& Tower with Radar,33,19,10,16,78,0,1,6,1,8,33,20,16,17,86,0,5,5,91
12/29/2017,EUG,OR,ANM,WE,Combined TRACON& Tower with Radar,37,20,10,0,67,0,0,9,0,9,37,20,19,0,76,0,0,0,76
12/30/2017,EUG,OR,ANM,WE,Combined TRACON& Tower with Radar,32,12,12,0,56,0,0,29,0,29,32,12,41,0,85,44,0,44,129
12/31/2017,EUG,OR,ANM,WE,Combined TRACON& Tower with Radar,33,5,4,0,42,0,0,0,0,0,33,5,4,0,42,0,0,0,42
01/01/2018,EUG,OR,ANM,WE,Combined TRACON& Tower with Radar,30,6,16,0,52,0,0,1,0,1,30,6,17,0,53,0,0,0,53
01/02/2018,EUG,OR,ANM,WE,Combined TRACON& Tower with Radar,39,14,9,0,62,0,1,21,0,22,39,15,30,0,84,20,0,20,104
01/03/2018,EUG,OR,ANM,WE,Combined TRACON& Tower with Radar,35,17,9,39,100,0,1,66,1,68,35,18,75,40,168,154,10,164,332
01/04/2018,EUG,OR,ANM,WE,Combined TRACON& Tower with Radar,34,14,10,20,78,0,1,18,0,19,34,15,28,20,97,38,0,38,135
01/05/2018,EUG,OR,ANM,WE,Combined TRACON& Tower with Radar,38,14,11,4,67,0,0,6,0,6,38,14,17,4,73,6,0,6,79
01/06/2018,EUG,OR,ANM,WE,Combined TRACON& Tower with Radar,29,9,22,0,60,0,2,30,1,33,29,11,52,1,93,30,0,30,123
01/07/2018,EUG,OR,ANM,WE,Combined TRACON& Tower with Radar,35,9,34,2,80,0,0,28,0,28,35,9,62,2,108,8,0,8,116
01/08/2018,EUG,OR,ANM,WE,Combined TRACON& Tower with Radar,41,17,10,11,79,0,0,1,0,1,41,17,11,11,80,0,0,0,80
01/09/2018,EUG,OR,ANM,WE,Combined TRACON& Tower with Radar,34,17,25,12,88,0,1,14,1,16,34,18,39,13,104,6,20,26,130
01/10/2018,EUG,OR,ANM,WE,Combined TRACON& Tower with Radar,34,16,23,7,80,0,0,7,0,7,34,16,30,7,87,30,14,44,131
01/11/2018,EUG,OR,ANM,WE,Combined TRACON& Tower with Radar,36,13,15,7,71,0,0,0,0,0,36,13,15,7,71,0,0,0,71
01/12/2018,EUG,OR,ANM,WE,Combined TRACON& Tower with Radar,41,12,24,35,112,0,0,64,2,66,41,12,88,37,178,66,20,86,264
01/13/2018,EUG,OR,ANM,WE,Combined TRACON& Tower with Radar,28,14,18,0,60,0,0,22,0,22,28,14,40,0,82,50,0,50,132
01/14/2018,EUG,OR,ANM,WE,Combined TRACON& Tower with Radar,32,4,11,0,47,0,0,19,0,19,32,4,30,0,66,38,0,38,104
01/15/2018,EUG,OR,ANM,WE,Combined TRACON& Tower with Radar,42,12,11,0,65,0,0,6,0,6,42,12,17,0,71,8,0,8,79
01/16/2018,EUG,OR,ANM,WE,Combined TRACON& Tower with Radar,33,12,19,6,70,0,1,56,0,57,33,13,75,6,127,14,0,14,141
01/17/2018,EUG,OR,ANM,WE,Combined TRACON& Tower with Radar,35,12,15,21,83,0,1,17,2,20,35,13,32,23,103,30,24,54,157
01/18/2018,EUG,OR,ANM,WE,Combined TRACON& Tower with Radar,36,20,15,42,113,0,1,4,1,6,36,21,19,43,119,12,16,28,147
01/19/2018,EUG,OR,ANM,WE,Combined TRACON& Tower with Radar,41,13,30,4,88,0,0,8,0,8,41,13,38,4,96,0,4,4,100
01/20/2018,EUG,OR,ANM,WE,Combined TRACON& Tower with Radar,27,16,21,0,64,0,1,11,0,12,27,17,32,0,76,18,0,18,94
01/21/2018,EUG,OR,ANM,WE,Combined TRACON& Tower with Radar,35,4,21,0,60,0,1,4,0,5,35,5,25,0,65,2,0,2,67
01/22/2018,EUG,OR,ANM,WE,Combined TRACON& Tower with Radar,40,13,16,26,95,0,1,19,0,20,40,14,35,26,115,48,6,54,169
01/23/2018,EUG,OR,ANM,WE,Combined TRACON& Tower with Radar,36,11,26,2,75,0,1,12,0,13,36,12,38,2,88,64,0,64,152
01/24/2018,EUG,OR,ANM,WE,Combined TRACON& Tower with Radar,34,19,13,16,82,0,2,11,0,13,34,21,24,16,95,2,0,2,97
01/25/2018,EUG,OR,ANM,WE,Combined TRACON& Tower with Radar,37,15,31,0,83,0,0,6,0,6,37,15,37,0,89,18,0,18,107
01/26/2018,EUG,OR,ANM,WE,Combined TRACON& Tower with Radar,40,7,35,2,84,0,1,47,0,48,40,8,82,2,132,66,0,66,198
01/27/2018,EUG,OR,ANM,WE,Combined TRACON& Tower with Radar,27,10,11,0,48,0,0,3,0,3,27,10,14,0,51,0,0,0,51
01/28/2018,EUG,OR,ANM,WE,Combined TRACON& Tower with Radar,35,4,29,6,74,0,0,75,4,79,35,4,104,10,153,90,84,174,327
01/29/2018,EUG,OR,ANM,WE,Combined TRACON& Tower with Radar,40,15,15,4,74,0,0,62,0,62,40,15,77,4,136,8,0,8,144
01/30/2018,EUG,OR,ANM,WE,Combined TRACON& Tower with Radar,34,12,27,27,100,0,0,34,4,38,34,12,61,31,138,46,26,72,210
01/31/2018,EUG,OR,ANM,WE,Combined TRACON& Tower with Radar,37,12,28,6,83,0,2,44,3,49,37,14,72,9,132,28,0,28,160
02/01/2018,EUG,OR,ANM,WE,Combined TRACON& Tower with Radar,36,12,25,0,73,0,0,46,0,46,36,12,71,0,119,104,0,104,223
02/02/2018,EUG,OR,ANM,WE,Combined TRACON& Tower with Radar,40,12,36,18,106,0,1,36,2,39,40,13,72,20,145,38,20,58,203
02/03/2018,EUG,OR,ANM,WE,Combined TRACON& Tower with Radar,30,7,25,0,62,0,1,22,0,23,30,8,47,0,85,58,0,58,143
02/04/2018,EUG,OR,ANM,WE,Combined TRACON& Tower with Radar,31,4,1,0,36,0,0,19,0,19,31,4,20,0,55,0,0,0,55
02/05/2018,EUG,OR,ANM,WE,Combined TRACON& Tower with Radar,44,15,12,0,71,0,3,51,0,54,44,18,63,0,125,40,0,40,165
02/06/2018,EUG,OR,ANM,WE,Combined TRACON& Tower with Radar,38,14,24,28,104,0,3,66,0,69,38,17,90,28,173,100,36,136,309
02/07/2018,EUG,OR,ANM,WE,Combined TRACON& Tower with Radar,37,15,32,1,85,0,2,66,0,68,37,17,98,1,153,60,0,60,213
02/08/2018,EUG,OR,ANM,WE,Combined TRACON& Tower with Radar,39,11,29,16,95,0,1,66,0,67,39,12,95,16,162,90,0,90,252
02/09/2018,EUG,OR,ANM,WE,Combined TRACON& Tower with Radar,44,9,23,2,78,0,0,28,0,28,44,9,51,2,106,44,6,50,156
02/10/2018,EUG,OR,ANM,WE,Combined TRACON& Tower with Radar,28,9,26,2,65,0,1,48,0,49,28,10,74,2,114,14,6,20,134
02/11/2018,EUG,OR,ANM,WE,Combined TRACON& Tower with Radar,35,8,2,0,45,0,0,5,0,5,35,8,7,0,50,0,0,0,50
02/12/2018,EUG,OR,ANM,WE,Combined TRACON& Tower with Radar,46,12,17,0,75,0,3,64,0,67,46,15,81,0,142,34,0,34,176
02/13/2018,EUG,OR,ANM,WE,Combined TRACON& Tower with Radar,39,10,20,15,84,0,4,85,4,93,39,14,105,19,177,52,2,54,231
02/14/2018,EUG,OR,ANM,WE,Combined TRACON& Tower with Radar,37,16,19,2,74,0,0,9,5,14,37,16,28,7,88,8,2,10,98
02/15/2018,EUG,OR,ANM,WE,Combined TRACON& Tower with Radar,41,10,27,0,78,0,1,35,0,36,41,11,62,0,114,74,0,74,188
02/16/2018,EUG,OR,ANM,WE,Combined TRACON& Tower with Radar,44,12,23,24,103,0,2,5,0,7,44,14,28,24,110,0,0,0,110
02/17/2018,EUG,OR,ANM,WE,Combined TRACON& Tower with Radar,30,6,5,0,41,0,0,0,0,0,30,6,5,0,41,0,0,0,41
02/18/2018,EUG,OR,ANM,WE,Combined TRACON& Tower with Radar,31,4,6,0,41,0,0,1,0,1,31,4,7,0,42,0,0,0,42
02/19/2018,EUG,OR,ANM,WE,Combined TRACON& Tower with Radar,44,15,8,0,67,0,0,25,0,25,44,15,33,0,92,26,0,26,118
02/20/2018,EUG,OR,ANM,WE,Combined TRACON& Tower with Radar,36,12,10,2,60,0,0,8,0,8,36,12,18,2,68,42,0,42,110
02/21/2018,EUG,OR,ANM,WE,Combined TRACON& Tower with Radar,39,12,12,30,93,0,0,11,3,14,39,12,23,33,107,76,28,104,211
02/22/2018,EUG,OR,ANM,WE,Combined TRACON& Tower with Radar,40,16,26,5,87,0,0,15,0,15,40,16,41,5,102,8,0,8,110
02/23/2018,EUG,OR,ANM,WE,Combined TRACON& Tower with Radar,42,10,32,0,84,0,0,59,1,60,42,10,91,1,144,54,0,54,198
02/24/2018,EUG,OR,ANM,WE,Combined TRACON& Tower with Radar,29,11,11,4,55,0,0,0,0,0,29,11,11,4,55,0,38,38,93
02/25/2018,EUG,OR,ANM,WE,Combined TRACON& Tower with Radar,40,12,12,0,64,0,0,0,0,0,40,12,12,0,64,0,0,0,64
02/26/2018,EUG,OR,ANM,WE,Combined TRACON& Tower with Radar,44,14,9,3,70,0,1,26,0,27,44,15,35,3,97,8,0,8,105
02/27/2018,EUG,OR,ANM,WE,Combined TRACON& Tower with Radar,36,11,21,0,68,0,2,44,0,46,36,13,65,0,114,58,0,58,172
02/28/2018,EUG,OR,ANM,WE,Combined TRACON& Tower with Radar,39,16,19,18,92,0,1,4,0,5,39,17,23,18,97,4,10,14,111
03/01/2018,EUG,OR,ANM,WE,Combined TRACON& Tower with Radar,39,12,11,49,111,0,0,4,3,7,39,12,15,52,118,0,22,22,140
03/02/2018,EUG,OR,ANM,WE,Combined TRACON& Tower with Radar,46,7,15,19,87,0,1,6,0,7,46,8,21,19,94,16,8,24,118
03/03/2018,EUG,OR,ANM,WE,Combined TRACON& Tower with Radar,30,9,15,4,58,0,0,28,0,28,30,9,43,4,86,26,4,30,116
03/04/2018,EUG,OR,ANM,WE,Combined TRACON& Tower with Radar,42,4,11,0,57,0,0,13,0,13,42,4,24,0,70,6,0,6,76
03/05/2018,EUG,OR,ANM,WE,Combined TRACON& Tower with Radar,46,10,41,17,114,0,2,77,1,80,46,12,118,18,194,38,48,86,280
03/06/2018,EUG,OR,ANM,WE,Combined TRACON& Tower with Radar,39,9,26,47,121,0,4,79,1,84,39,13,105,48,205,90,60,150,355
03/07/2018,EUG,OR,ANM,WE,Combined TRACON& Tower with Radar,39,12,39,15,105,0,2,45,0,47,39,14,84,15,152,20,0,20,172
03/08/2018,EUG,OR,ANM,WE,Combined TRACON& Tower with Radar,36,16,9,2,63,0,0,4,0,4,36,16,13,2,67,0,0,0,67
03/09/2018,EUG,OR,ANM,WE,Combined TRACON& Tower with Radar,49,6,27,10,92,0,0,39,0,39,49,6,66,10,131,46,6,52,183
03/10/2018,EUG,OR,ANM,WE,Combined TRACON& Tower with Radar,34,7,20,0,61,0,0,21,0,21,34,7,41,0,82,88,0,88,170
03/11/2018,EUG,OR,ANM,WE,Combined TRACON& Tower with Radar,38,5,12,3,58,0,0,42,1,43,38,5,54,4,101,68,10,78,179
03/12/2018,EUG,OR,ANM,WE,Combined TRACON& Tower with Radar,41,12,18,0,71,0,0,53,0,53,41,12,71,0,124,66,2,68,192
03/13/2018,EUG,OR,ANM,WE,Combined TRACON& Tower with Radar,36,15,14,0,65,0,0,3,0,3,36,15,17,0,68,0,0,0,68
03/14/2018,EUG,OR,ANM,WE,Combined TRACON& Tower with Radar,40,14,46,17,117,0,2,26,0,28,40,16,72,17,145,14,38,52,197
03/15/2018,EUG,OR,ANM,WE,Combined TRACON& Tower with Radar,35,12,20,2,69,1,1,23,0,25,36,13,43,2,94,22,0,22,116
03/16/2018,EUG,OR,ANM,WE,Combined TRACON& Tower with Radar,48,10,26,0,84,0,1,20,0,21,48,11,46,0,105,22,0,22,127
03/17/2018,EUG,OR,ANM,WE,Combined TRACON& Tower with Radar,33,6,9,0,48,0,0,5,0,5,33,6,14,0,53,24,0,24,77
03/18/2018,EUG,OR,ANM,WE,Combined TRACON& Tower with Radar,39,8,13,0,60,0,1,28,0,29,39,9,41,0,89,22,2,24,113
03/19/2018,EUG,OR,ANM,WE,Combined TRACON& Tower with Radar,44,15,13,2,74,0,1,98,0,99,44,16,111,2,173,48,0,48,221
03/20/2018,EUG,OR,ANM,WE,Combined TRACON& Tower with Radar,42,15,19,12,88,0,14,74,0,88,42,29,93,12,176,58,0,58,234
03/21/2018,EUG,OR,ANM,WE,Combined TRACON& Tower with Radar,41,13,25,0,79,0,1,7,0,8,41,14,32,0,87,16,0,16,103
03/22/2018,EUG,OR,ANM,WE,Combined TRACON& Tower with Radar,40,11,8,2,61,2,1,7,0,10,42,12,15,2,71,20,0,20,91
03/23/2018,EUG,OR,ANM,WE,Combined TRACON& Tower with Radar,46,10,13,2,71,0,0,0,0,0,46,10,13,2,71,0,0,0,71
03/24/2018,EUG,OR,ANM,WE,Combined TRACON& Tower with Radar,36,11,2,0,49,0,0,4,0,4,36,11,6,0,53,6,0,6,59
03/25/2018,EUG,OR,ANM,WE,Combined TRACON& Tower with Radar,40,6,15,0,61,0,0,15,0,15,40,6,30,0,76,0,0,0,76
03/26/2018,EUG,OR,ANM,WE,Combined TRACON& Tower with Radar,51,12,22,13,98,0,1,18,5,24,51,13,40,18,122,36,92,128,250
03/27/2018,EUG,OR,ANM,WE,Combined TRACON& Tower with Radar,41,15,9,7,72,0,1,28,0,29,41,16,37,7,101,110,0,110,211
03/28/2018,EUG,OR,ANM,WE,Combined TRACON& Tower with Radar,40,13,8,22,83,0,2,63,1,66,40,15,71,23,149,42,0,42,191
03/29/2018,EUG,OR,ANM,WE,Combined TRACON& Tower with Radar,38,9,15,14,76,0,4,64,42,110,38,13,79,56,186,34,88,122,308
03/30/2018,EUG,OR,ANM,WE,Combined TRACON& Tower with Radar,42,8,11,0,61,0,2,79,0,81,42,10,90,0,142,68,0,68,210
03/31/2018,EUG,OR,ANM,WE,Combined TRACON& Tower with Radar,37,9,14,0,60,0,0,51,0,51,37,9,65,0,111,54,0,54,165
04/01/2018,EUG,OR,ANM,WE,Combined TRACON& Tower with Radar,38,5,18,0,61,0,0,17,0,17,38,5,35,0,78,34,2,36,114
04/02/2018,EUG,OR,ANM,WE,Combined TRACON& Tower with Radar,44,10,44,11,109,0,3,71,1,75,44,13,115,12,184,54,16,70,254
04/03/2018,EUG,OR,ANM,WE,Combined TRACON& Tower with Radar,39,14,20,0,73,0,4,70,0,74,39,18,90,0,147,46,0,46,193
04/04/2018,EUG,OR,ANM,WE,Combined TRACON& Tower with Radar,33,16,23,17,89,0,3,60,1,64,33,19,83,18,153,132,52,184,337
04/05/2018,EUG,OR,ANM,WE,Combined TRACON& Tower with Radar,39,14,35,77,165,0,1,10,1,12,39,15,45,78,177,64,0,64,241
04/06/2018,EUG,OR,ANM,WE,Combined TRACON& Tower with Radar,40,8,22,2,72,0,1,21,0,22,40,9,43,2,94,14,0,14,108
04/07/2018,EUG,OR,ANM,WE,Combined TRACON& Tower with Radar,32,6,4,0,42,0,0,1,0,1,32,6,5,0,43,0,0,0,43
04/08/2018,EUG,OR,ANM,WE,Combined TRACON& Tower with Radar,37,4,10,0,51,0,0,1,0,1,37,4,11,0,52,0,0,0,52
04/09/2018,EUG,OR,ANM,WE,Combined TRACON& Tower with Radar,43,12,31,8,94,0,1,57,0,58,43,13,88,8,152,108,0,108,260
04/10/2018,EUG,OR,ANM,WE,Combined TRACON& Tower with Radar,35,13,36,2,86,0,3,16,0,19,35,16,52,2,105,26,2,28,133
04/11/2018,EUG,OR,ANM,WE,Combined TRACON& Tower with Radar,35,11,35,5,86,0,1,14,2,17,35,12,49,7,103,18,32,50,153
04/12/2018,EUG,OR,ANM,WE,Combined TRACON& Tower with Radar,36,13,16,22,87,0,0,9,0,9,36,13,25,22,96,2,16,18,114
04/13/2018,EUG,OR,ANM,WE,Combined TRACON& Tower with Radar,40,11,20,12,83,0,0,16,3,19,40,11,36,15,102,34,0,34,136
04/14/2018,EUG,OR,ANM,WE,Combined TRACON& Tower with Radar,30,7,18,0,55,0,0,29,0,29,30,7,47,0,84,16,2,18,102
04/15/2018,EUG,OR,ANM,WE,Combined TRACON& Tower with Radar,37,4,16,0,57,0,0,0,0,0,37,4,16,0,57,0,0,0,57
04/16/2018,EUG,OR,ANM,WE,Combined TRACON& Tower with Radar,42,9,12,2,65,0,1,5,0,6,42,10,17,2,71,0,0,0,71
04/17/2018,EUG,OR,ANM,WE,Combined TRACON& Tower with Radar,33,15,22,2,72,0,0,40,0,40,33,15,62,2,112,28,0,28,140
04/18/2018,EUG,OR,ANM,WE,Combined TRACON& Tower with Radar,35,12,32,18,97,0,2,56,1,59,35,14,88,19,156,26,0,26,182
04/19/2018,EUG,OR,ANM,WE,Combined TRACON& Tower with Radar,37,13,17,4,71,0,2,53,0,55,37,15,70,4,126,114,0,114,240
04/20/2018,EUG,OR,ANM,WE,Combined TRACON& Tower with Radar,43,8,46,14,111,0,2,116,0,118,43,10,162,14,229,76,62,138,367
04/21/2018,EUG,OR,ANM,WE,Combined TRACON& Tower with Radar,31,7,11,3,52,0,1,78,1,80,31,8,89,4,132,74,36,110,242
04/22/2018,EUG,OR,ANM,WE,Combined TRACON& Tower with Radar,37,6,22,0,65,0,0,64,0,64,37,6,86,0,129,6,0,6,135
04/23/2018,EUG,OR,ANM,WE,Combined TRACON& Tower with Radar,42,11,13,3,69,0,1,70,1,72,42,12,83,4,141,52,14,66,207
04/24/2018,EUG,OR,ANM,WE,Combined TRACON& Tower with Radar,37,10,22,2,71,0,3,92,4,99,37,13,114,6,170,62,0,62,232
04/25/2018,EUG,OR,ANM,WE,Combined TRACON& Tower with Radar,37,12,28,2,79,0,3,78,0,81,37,15,106,2,160,20,0,20,180
04/26/2018,EUG,OR,ANM,WE,Combined TRACON& Tower with Radar,36,12,14,2,64,0,4,44,0,48,36,16,58,2,112,14,20,34,146
04/27/2018,EUG,OR,ANM,WE,Combined TRACON& Tower with Radar,43,8,20,4,75,0,1,3,0,4,43,9,23,4,79,0,0,0,79
04/28/2018,EUG,OR,ANM,WE,Combined TRACON& Tower with Radar,31,15,13,0,59,0,1,2,0,3,31,16,15,0,62,0,0,0,62
04/29/2018,EUG,OR,ANM,WE,Combined TRACON& Tower with Radar,37,5,21,0,63,0,0,7,0,7,37,5,28,0,70,10,0,10,80
04/30/2018,EUG,OR,ANM,WE,Combined TRACON& Tower with Radar,41,11,34,24,110,0,0,25,0,25,41,11,59,24,135,26,0,26,161
05/01/2018,EUG,OR,ANM,WE,Combined TRACON& Tower with Radar,36,14,23,15,88,0,0,47,1,48,36,14,70,16,136,40,42,82,218
05/02/2018,EUG,OR,ANM,WE,Combined TRACON& Tower with Radar,35,13,32,2,82,0,1,89,1,91,35,14,121,3,173,46,34,80,253
05/03/2018,EUG,OR,ANM,WE,Combined TRACON& Tower with Radar,37,12,21,10,80,0,3,50,2,55,37,15,71,12,135,24,18,42,177
05/04/2018,EUG,OR,ANM,WE,Combined TRACON& Tower with Radar,42,12,34,45,133,0,2,59,4,65,42,14,93,49,198,66,20,86,284
05/05/2018,EUG,OR,ANM,WE,Combined TRACON& Tower with Radar,31,7,23,0,61,0,0,74,0,74,31,7,97,0,135,76,0,76,211
05/06/2018,EUG,OR,ANM,WE,Combined TRACON& Tower with Radar,38,5,10,0,53,0,0,11,0,11,38,5,21,0,64,52,0,52,116
05/07/2018,EUG,OR,ANM,WE,Combined TRACON& Tower with Radar,41,21,19,16,97,0,1,62,0,63,41,22,81,16,160,42,34,76,236
05/08/2018,EUG,OR,ANM,WE,Combined TRACON& Tower with Radar,37,17,25,9,88,0,1,42,3,46,37,18,67,12,134,12,40,52,186
05/09/2018,EUG,OR,ANM,WE,Combined TRACON& Tower with Radar,35,13,31,31,110,0,1,38,1,40,35,14,69,32,150,8,28,36,186
05/10/2018,EUG,OR,ANM,WE,Combined TRACON& Tower with Radar,36,13,24,12,85,0,1,29,0,30,36,14,53,12,115,6,0,6,121
05/11/2018,EUG,OR,ANM,WE,Combined TRACON& Tower with Radar,41,12,28,22,103,0,2,58,5,65,41,14,86,27,168,72,62,134,302
05/12/2018,EUG,OR,ANM,WE,Combined TRACON& Tower with Radar,29,8,13,0,50,0,0,38,0,38,29,8,51,0,88,18,0,18,106
05/13/2018,EUG,OR,ANM,WE,Combined TRACON& Tower with Radar,35,8,7,0,50,0,0,61,0,61,35,8,68,0,111,28,0,28,139
05/14/2018,EUG,OR,ANM,WE,Combined TRACON& Tower with Radar,45,19,17,21,102,0,1,65,3,69,45,20,82,24,171,76,64,140,311
05/15/2018,EUG,OR,ANM,WE,Combined TRACON& Tower with Radar,35,14,19,0,68,2,0,19,0,21,37,14,38,0,89,46,0,46,135
05/16/2018,EUG,OR,ANM,WE,Combined TRACON& Tower with Radar,37,12,39,8,96,0,2,17,0,19,37,14,56,8,115,24,0,24,139
05/17/2018,EUG,OR,ANM,WE,Combined TRACON& Tower with Radar,41,14,27,19,101,0,3,62,1,66,41,17,89,20,167,88,18,106,273
05/18/2018,EUG,OR,ANM,WE,Combined TRACON& Tower with Radar,39,12,41,1,93,0,1,37,2,40,39,13,78,3,133,0,44,44,177
05/19/2018,EUG,OR,ANM,WE,Combined TRACON& Tower with Radar,32,6,24,0,62,0,1,33,0,34,32,7,57,0,96,0,0,0,96
05/20/2018,EUG,OR,ANM,WE,Combined TRACON& Tower with Radar,43,6,12,1,62,0,0,20,3,23,43,6,32,4,85,20,2,22,107
05/21/2018,EUG,OR,ANM,WE,Combined TRACON& Tower with Radar,38,13,35,1,87,0,1,67,1,69,38,14,102,2,156,66,12,78,234
05/22/2018,EUG,OR,ANM,WE,Combined TRACON& Tower with Radar,35,9,18,23,85,0,4,91,1,96,35,13,109,24,181,42,70,112,293
05/23/2018,EUG,OR,ANM,WE,Combined TRACON& Tower with Radar,35,12,19,19,85,0,3,69,0,72,35,15,88,19,157,86,10,96,253
05/24/2018,EUG,OR,ANM,WE,Combined TRACON& Tower with Radar,43,14,24,21,102,0,2,27,0,29,43,16,51,21,131,38,18,56,187
05/25/2018,EUG,OR,ANM,WE,Combined TRACON& Tower with Radar,40,11,21,0,72,0,1,29,0,30,40,12,50,0,102,40,0,40,142
05/26/2018,EUG,OR,ANM,WE,Combined TRACON& Tower with Radar,33,9,11,0,53,0,0,37,0,37,33,9,48,0,90,28,0,28,118
05/27/2018,EUG,OR,ANM,WE,Combined TRACON& Tower with Radar,41,6,8,0,55,0,0,56,0,56,41,6,64,0,111,10,0,10,121
05/28/2018,EUG,OR,ANM,WE,Combined TRACON& Tower with Radar,41,5,12,0,58,0,1,59,0,60,41,6,71,0,118,38,0,38,156
05/29/2018,EUG,OR,ANM,WE,Combined TRACON& Tower with Radar,35,13,21,9,78,0,5,46,1,52,35,18,67,10,130,34,20,54,184
05/30/2018,EUG,OR,ANM,WE,Combined TRACON& Tower with Radar,40,14,18,16,88,0,3,50,0,53,40,17,68,16,141,14,0,14,155
05/31/2018,EUG,OR,ANM,WE,Combined TRACON& Tower with Radar,41,13,19,47,120,0,4,46,6,56,41,17,65,53,176,46,54,100,276
06/01/2018,EUG,OR,ANM,WE,Combined TRACON& Tower with Radar,39,12,33,17,101,0,9,87,0,96,39,21,120,17,197,54,0,54,251
06/02/2018,EUG,OR,ANM,WE,Combined TRACON& Tower with Radar,37,8,14,1,60,0,0,64,0,64,37,8,78,1,124,70,0,70,194
06/03/2018,EUG,OR,ANM,WE,Combined TRACON& Tower with Radar,47,7,12,5,71,0,0,52,0,52,47,7,64,5,123,8,6,14,137
06/04/2018,EUG,OR,ANM,WE,Combined TRACON& Tower with Radar,41,10,20,17,88,0,5,43,0,48,41,15,63,17,136,70,20,90,226
06/05/2018,EUG,OR,ANM,WE,Combined TRACON& Tower with Radar,38,11,23,4,76,2,4,75,0,81,40,15,98,4,157,48,0,48,205
06/06/2018,EUG,OR,ANM,WE,Combined TRACON& Tower with Radar,38,13,14,15,80,0,6,61,2,69,38,19,75,17,149,36,28,64,213
06/07/2018,EUG,OR,ANM,WE,Combined TRACON& Tower with Radar,41,13,29,6,89,0,2,47,0,49,41,15,76,6,138,58,0,58,196
06/08/2018,EUG,OR,ANM,WE,Combined TRACON& Tower with Radar,39,15,33,3,90,0,0,33,0,33,39,15,66,3,123,8,0,8,131
06/09/2018,EUG,OR,ANM,WE,Combined TRACON& Tower with Radar,38,5,7,0,50,0,1,9,0,10,38,6,16,0,60,0,0,0,60
06/10/2018,EUG,OR,ANM,WE,Combined TRACON& Tower with Radar,44,11,13,0,68,0,0,7,0,7,44,11,20,0,75,0,0,0,75
06/11/2018,EUG,OR,ANM,WE,Combined TRACON& Tower with Radar,40,16,27,21,104,0,4,35,0,39,40,20,62,21,143,22,6,28,171
06/12/2018,EUG,OR,ANM,WE,Combined TRACON& Tower with Radar,36,11,34,16,97,0,5,109,0,114,36,16,143,16,211,94,38,132,343
06/13/2018,EUG,OR,ANM,WE,Combined TRACON& Tower with Radar,37,16,32,43,128,0,0,28,1,29,37,16,60,44,157,58,24,82,239
06/14/2018,EUG,OR,ANM,WE,Combined TRACON& Tower with Radar,43,13,24,34,114,0,3,62,0,65,43,16,86,34,179,130,14,144,323
06/15/2018,EUG,OR,ANM,WE,Combined TRACON& Tower with Radar,40,13,34,6,93,0,0,60,0,60,40,13,94,6,153,102,0,102,255
06/16/2018,EUG,OR,ANM,WE,Combined TRACON& Tower with Radar,34,9,14,2,59,0,0,32,0,32,34,9,46,2,91,24,0,24,115
06/17/2018,EUG,OR,ANM,WE,Combined TRACON& Tower with Radar,40,11,17,0,68,0,0,49,0,49,40,11,66,0,117,44,0,44,161
06/18/2018,EUG,OR,ANM,WE,Combined TRACON& Tower with Radar,40,14,30,30,114,0,3,54,0,57,40,17,84,30,171,66,60,126,297
06/19/2018,EUG,OR,ANM,WE,Combined TRACON& Tower with Radar,43,19,22,24,108,0,2,77,2,81,43,21,99,26,189,102,12,114,303
06/20/2018,EUG,OR,ANM,WE,Combined TRACON& Tower with Radar,38,17,21,6,82,0,3,44,0,47,38,20,65,6,129,36,14,50,179
06/21/2018,EUG,OR,ANM,WE,Combined TRACON& Tower with Radar,44,13,28,33,118,0,1,32,7,40,44,14,60,40,158,52,58,110,268
06/22/2018,EUG,OR,ANM,WE,Combined TRACON& Tower with Radar,39,10,13,2,64,0,3,27,1,31,39,13,40,3,95,4,14,18,113
06/23/2018,EUG,OR,ANM,WE,Combined TRACON& Tower with Radar,39,6,25,16,86,0,0,66,1,67,39,6,91,17,153,0,4,4,157
06/24/2018,EUG,OR,ANM,WE,Combined TRACON& Tower with Radar,42,8,8,1,59,0,0,72,0,72,42,8,80,1,131,20,0,20,151
06/25/2018,EUG,OR,ANM,WE,Combined TRACON& Tower with Radar,40,14,21,1,76,0,1,41,44,86,40,15,62,45,162,26,4,30,192
06/26/2018,EUG,OR,ANM,WE,Combined TRACON& Tower with Radar,40,13,13,8,74,0,3,62,3,68,40,16,75,11,142,32,32,64,206
06/27/2018,EUG,OR,ANM,WE,Combined TRACON& Tower with Radar,37,16,14,21,88,0,4,57,1,62,37,20,71,22,150,128,24,152,302
06/28/2018,EUG,OR,ANM,WE,Combined TRACON& Tower with Radar,43,12,19,12,86,0,2,70,30,102,43,14,89,42,188,28,10,38,226
06/29/2018,EUG,OR,ANM,WE,Combined TRACON& Tower with Radar,40,12,30,8,90,0,1,92,4,97,40,13,122,12,187,56,64,120,307
06/30/2018,EUG,OR,ANM,WE,Combined TRACON& Tower with Radar,34,10,17,0,61,1,0,56,0,57,35,10,73,0,118,2,0,2,120
07/01/2018,EUG,OR,ANM,WE,Combined TRACON& Tower with Radar,39,9,17,0,65,0,1,46,0,47,39,10,63,0,112,22,22,44,156
07/02/2018,EUG,OR,ANM,WE,Combined TRACON& Tower with Radar,38,14,13,22,87,0,4,46,2,52,38,18,59,24,139,52,82,134,273
07/03/2018,EUG,OR,ANM,WE,Combined TRACON& Tower with Radar,36,10,19,38,103,0,7,61,2,70,36,17,80,40,173,118,26,144,317
07/04/2018,EUG,OR,ANM,WE,Combined TRACON& Tower with Radar,30,7,5,0,42,4,2,38,0,44,34,9,43,0,86,10,0,10,96
07/05/2018,EUG,OR,ANM,WE,Combined TRACON& Tower with Radar,40,12,10,0,62,0,2,59,0,61,40,14,69,0,123,68,0,68,191
07/06/2018,EUG,OR,ANM,WE,Combined TRACON& Tower with Radar,40,14,21,0,75,0,2,45,0,47,40,16,66,0,122,36,0,36,158
07/07/2018,EUG,OR,ANM,WE,Combined TRACON& Tower with Radar,34,9,18,0,61,0,0,86,0,86,34,9,104,0,147,24,0,24,171
07/08/2018,EUG,OR,ANM,WE,Combined TRACON& Tower with Radar,42,8,19,0,69,0,0,72,0,72,42,8,91,0,141,76,0,76,217
07/09/2018,EUG,OR,ANM,WE,Combined TRACON& Tower with Radar,40,15,26,43,124,0,0,40,0,40,40,15,66,43,164,80,8,88,252
07/10/2018,EUG,OR,ANM,WE,Combined TRACON& Tower with Radar,41,10,20,30,101,0,5,64,0,69,41,15,84,30,170,76,4,80,250
07/11/2018,EUG,OR,ANM,WE,Combined TRACON& Tower with Radar,39,12,23,1,75,0,3,89,1,93,39,15,112,2,168,54,0,54,222
07/12/2018,EUG,OR,ANM,WE,Combined TRACON& Tower with Radar,42,13,29,25,109,2,4,82,2,90,44,17,111,27,199,28,18,46,245
07/13/2018,EUG,OR,ANM,WE,Combined TRACON& Tower with Radar,39,12,29,20,100,0,5,107,1,113,39,17,136,21,213,146,4,150,363
07/14/2018,EUG,OR,ANM,WE,Combined TRACON& Tower with Radar,34,7,21,0,62,0,0,78,0,78,34,7,99,0,140,18,0,18,158
07/15/2018,EUG,OR,ANM,WE,Combined TRACON& Tower with Radar,42,7,23,0,72,0,5,52,0,57,42,12,75,0,129,6,0,6,135
07/16/2018,EUG,OR,ANM,WE,Combined TRACON& Tower with Radar,40,10,24,6,80,0,3,50,0,53,40,13,74,6,133,42,0,42,175
07/17/2018,EUG,OR,ANM,WE,Combined TRACON& Tower with Radar,43,22,14,10,89,0,6,75,2,83,43,28,89,12,172,84,30,114,286
07/18/2018,EUG,OR,ANM,WE,Combined TRACON& Tower with Radar,38,15,31,3,87,0,6,68,0,74,38,21,99,3,161,52,0,52,213
07/19/2018,EUG,OR,ANM,WE,Combined TRACON& Tower with Radar,42,16,24,2,84,0,3,59,3,65,42,19,83,5,149,78,0,78,227
07/20/2018,EUG,OR,ANM,WE,Combined TRACON& Tower with Radar,40,10,13,0,63,0,2,80,0,82,40,12,93,0,145,116,0,116,261
07/21/2018,EUG,OR,ANM,WE,Combined TRACON& Tower with Radar,34,9,13,2,58,0,2,110,2,114,34,11,123,4,172,62,14,76,248
07/22/2018,EUG,OR,ANM,WE,Combined TRACON& Tower with Radar,39,6,12,1,58,0,0,63,1,64,39,6,75,2,122,44,0,44,166
07/23/2018,EUG,OR,ANM,WE,Combined TRACON& Tower with Radar,41,16,22,12,91,0,2,67,6,75,41,18,89,18,166,78,8,86,252
07/24/2018,EUG,OR,ANM,WE,Combined TRACON& Tower with Radar,42,13,21,8,84,0,4,57,4,65,42,17,78,12,149,94,60,154,303
07/25/2018,EUG,OR,ANM,WE,Combined TRACON& Tower with Radar,36,14,25,25,100,0,6,90,4,100,36,20,115,29,200,72,40,112,312
07/26/2018,EUG,OR,ANM,WE,Combined TRACON& Tower with Radar,44,16,16,25,101,0,4,91,0,95,44,20,107,25,196,130,2,132,328
07/27/2018,EUG,OR,ANM,WE,Combined TRACON& Tower with Radar,39,13,24,20,96,0,4,62,4,70,39,17,86,24,166,60,32,92,258
07/28/2018,EUG,OR,ANM,WE,Combined TRACON& Tower with Radar,34,11,21,0,66,0,0,107,4,111,34,11,128,4,177,42,0,42,219
07/29/2018,EUG,OR,ANM,WE,Combined TRACON& Tower with Radar,46,7,16,0,69,1,1,62,1,65,47,8,78,1,134,10,0,10,144
07/30/2018,EUG,OR,ANM,WE,Combined TRACON& Tower with Radar,41,18,21,28,108,3,1,69,2,75,44,19,90,30,183,110,52,162,345
07/31/2018,EUG,OR,ANM,WE,Combined TRACON& Tower with Radar,38,18,31,23,110,0,5,64,2,71,38,23,95,25,181,122,32,154,335
08/01/2018,EUG,OR,ANM,WE,Combined TRACON& Tower with Radar,35,17,34,11,97,2,2,68,0,72,37,19,102,11,169,58,14,72,241
08/02/2018,EUG,OR,ANM,WE,Combined TRACON& Tower with Radar,39,20,34,21,114,0,0,42,7,49,39,20,76,28,163,66,20,86,249
08/03/2018,EUG,OR,ANM,WE,Combined TRACON& Tower with Radar,39,15,27,3,84,0,2,63,5,70,39,17,90,8,154,74,22,96,250
08/04/2018,EUG,OR,ANM,WE,Combined TRACON& Tower with Radar,35,13,11,2,61,0,0,73,4,77,35,13,84,6,138,22,0,22,160
08/05/2018,EUG,OR,ANM,WE,Combined TRACON& Tower with Radar,46,7,14,4,71,0,0,36,1,37,46,7,50,5,108,4,0,4,112
08/06/2018,EUG,OR,ANM,WE,Combined TRACON& Tower with Radar,40,11,15,14,80,0,2,40,5,47,40,13,55,19,127,52,12,64,191
08/07/2018,EUG,OR,ANM,WE,Combined TRACON& Tower with Radar,40,13,35,30,118,0,3,93,2,98,40,16,128,32,216,132,46,178,394
08/08/2018,EUG,OR,ANM,WE,Combined TRACON& Tower with Radar,37,16,28,38,119,0,2,91,3,96,37,18,119,41,215,110,30,140,355
08/09/2018,EUG,OR,ANM,WE,Combined TRACON& Tower with Radar,42,22,26,5,95,0,4,92,2,98,42,26,118,7,193,118,12,130,323
08/10/2018,EUG,OR,ANM,WE,Combined TRACON& Tower with Radar,43,11,7,1,62,0,4,60,0,64,43,15,67,1,126,22,0,22,148
08/11/2018,EUG,OR,ANM,WE,Combined TRACON& Tower with Radar,34,7,16,0,57,0,3,43,2,48,34,10,59,2,105,28,0,28,133
08/12/2018,EUG,OR,ANM,WE,Combined TRACON& Tower with Radar,43,6,9,0,58,0,1,57,1,59,43,7,66,1,117,12,0,12,129
08/13/2018,EUG,OR,ANM,WE,Combined TRACON& Tower with Radar,42,16,18,3,79,0,3,54,1,58,42,19,72,4,137,104,18,122,259
08/14/2018,EUG,OR,ANM,WE,Combined TRACON& Tower with Radar,38,14,26,34,112,0,3,78,12,93,38,17,104,46,205,122,90,212,417
08/15/2018,EUG,OR,ANM,WE,Combined TRACON& Tower with Radar,37,14,32,9,92,0,2,34,0,36,37,16,66,9,128,78,26,104,232
08/16/2018,EUG,OR,ANM,WE,Combined TRACON& Tower with Radar,40,17,17,6,80,0,2,30,0,32,40,19,47,6,112,88,14,102,214
08/17/2018,EUG,OR,ANM,WE,Combined TRACON& Tower with Radar,41,17,23,9,90,0,1,74,1,76,41,18,97,10,166,136,6,142,308
08/18/2018,EUG,OR,ANM,WE,Combined TRACON& Tower with Radar,35,9,10,14,68,0,1,54,0,55,35,10,64,14,123,52,0,52,175
08/19/2018,EUG,OR,ANM,WE,Combined TRACON& Tower with Radar,39,6,10,13,68,0,0,42,0,42,39,6,52,13,110,24,0,24,134
08/20/2018,EUG,OR,ANM,WE,Combined TRACON& Tower with Radar,37,18,20,19,94,0,2,24,9,35,37,20,44,28,129,22,44,66,195
08/21/2018,EUG,OR,ANM,WE,Combined TRACON& Tower with Radar,32,19,42,26,119,0,0,9,3,12,32,19,51,29,131,22,62,84,215
08/22/2018,EUG,OR,ANM,WE,Combined TRACON& Tower with Radar,32,15,25,26,98,0,2,28,0,30,32,17,53,26,128,34,20,54,182
08/23/2018,EUG,OR,ANM,WE,Combined TRACON& Tower with Radar,42,25,38,3,108,0,1,8,2,11,42,26,46,5,119,10,0,10,129
08/24/2018,EUG,OR,ANM,WE,Combined TRACON& Tower with Radar,42,15,23,1,81,0,2,92,0,94,42,17,115,1,175,116,0,116,291
08/25/2018,EUG,OR,ANM,WE,Combined TRACON& Tower with Radar,39,9,12,2,62,0,1,74,0,75,39,10,86,2,137,32,0,32,169
08/26/2018,EUG,OR,ANM,WE,Combined TRACON& Tower with Radar,43,16,16,2,77,0,0,17,0,17,43,16,33,2,94,18,0,18,112
08/27/2018,EUG,OR,ANM,WE,Combined TRACON& Tower with Radar,43,15,15,3,76,0,3,40,0,43,43,18,55,3,119,56,0,56,175
08/28/2018,EUG,OR,ANM,WE,Combined TRACON& Tower with Radar,30,14,22,4,70,0,5,70,1,76,30,19,92,5,146,64,6,70,216
08/29/2018,EUG,OR,ANM,WE,Combined TRACON& Tower with Radar,32,15,26,14,87,0,7,87,3,97,32,22,113,17,184,124,28,152,336
08/30/2018,EUG,OR,ANM,WE,Combined TRACON& Tower with Radar,41,19,25,20,105,0,4,52,1,57,41,23,77,21,162,42,16,58,220
08/31/2018,EUG,OR,ANM,WE,Combined TRACON& Tower with Radar,34,22,36,2,94,0,2,76,0,78,34,24,112,2,172,48,2,50,222
09/01/2018,EUG,OR,ANM,WE,Combined TRACON& Tower with Radar,30,11,23,0,64,0,1,61,0,62,30,12,84,0,126,32,0,32,158
09/02/2018,EUG,OR,ANM,WE,Combined TRACON& Tower with Radar,33,10,10,0,53,0,0,50,0,50,33,10,60,0,103,22,0,22,125
09/03/2018,EUG,OR,ANM,WE,Combined TRACON& Tower with Radar,33,11,13,0,57,0,0,59,0,59,33,11,72,0,116,46,0,46,162
09/04/2018,EUG,OR,ANM,WE,Combined TRACON& Tower with Radar,29,19,15,15,78,0,4,70,0,74,29,23,85,15,152,112,42,154,306
09/05/2018,EUG,OR,ANM,WE,Combined TRACON& Tower with Radar,29,17,16,15,77,0,5,68,0,73,29,22,84,15,150,70,10,80,230
09/06/2018,EUG,OR,ANM,WE,Combined TRACON& Tower with Radar,33,20,36,8,97,0,5,65,0,70,33,25,101,8,167,36,6,42,209
09/07/2018,EUG,OR,ANM,WE,Combined TRACON& Tower with Radar,36,15,21,2,74,0,3,66,0,69,36,18,87,2,143,54,8,62,205
09/08/2018,EUG,OR,ANM,WE,Combined TRACON& Tower with Radar,27,12,18,0,57,0,2,45,0,47,27,14,63,0,104,16,0,16,120
09/09/2018,EUG,OR,ANM,WE,Combined TRACON& Tower with Radar,33,17,15,0,65,0,0,67,0,67,33,17,82,0,132,34,0,34,166
09/10/2018,EUG,OR,ANM,WE,Combined TRACON& Tower with Radar,33,19,14,0,66,0,2,58,0,60,33,21,72,0,126,100,0,100,226
09/11/2018,EUG,OR,ANM,WE,Combined TRACON& Tower with Radar,27,14,33,1,75,0,3,46,0,49,27,17,79,1,124,34,0,34,158
09/12/2018,EUG,OR,ANM,WE,Combined TRACON& Tower with Radar,30,20,23,9,82,0,10,38,1,49,30,30,61,10,131,34,4,38,169
09/13/2018,EUG,OR,ANM,WE,Combined TRACON& Tower with Radar,34,24,46,7,111,0,3,63,2,68,34,27,109,9,179,22,60,82,261
09/14/2018,EUG,OR,ANM,WE,Combined TRACON& Tower with Radar,36,21,24,12,93,0,1,65,0,66,36,22,89,12,159,44,0,44,203
09/15/2018,EUG,OR,ANM,WE,Combined TRACON& Tower with Radar,34,9,25,0,68,0,2,23,0,25,34,11,48,0,93,12,0,12,105
09/16/2018,EUG,OR,ANM,WE,Combined TRACON& Tower with Radar,35,14,22,0,71,0,0,6,0,6,35,14,28,0,77,0,0,0,77
09/17/2018,EUG,OR,ANM,WE,Combined TRACON& Tower with Radar,33,20,33,4,90,0,4,47,1,52,33,24,80,5,142,8,18,26,168
09/18/2018,EUG,OR,ANM,WE,Combined TRACON& Tower with Radar,27,18,25,29,99,0,9,71,1,81,27,27,96,30,180,20,8,28,208
09/19/2018,EUG,OR,ANM,WE,Combined TRACON& Tower with Radar,30,18,22,9,79,0,4,57,0,61,30,22,79,9,140,104,0,104,244
09/20/2018,EUG,OR,ANM,WE,Combined TRACON& Tower with Radar,33,26,30,25,114,0,4,61,0,65,33,30,91,25,179,90,16,106,285
09/21/2018,EUG,OR,ANM,WE,Combined TRACON& Tower with Radar,40,21,28,25,114,0,1,61,2,64,40,22,89,27,178,80,38,118,296
09/22/2018,EUG,OR,ANM,WE,Combined TRACON& Tower with Radar,36,17,50,0,103,0,1,36,0,37,36,18,86,0,140,26,0,26,166
09/23/2018,EUG,OR,ANM,WE,Combined TRACON& Tower with Radar,33,17,18,1,69,0,0,35,0,35,33,17,53,1,104,2,0,2,106
09/24/2018,EUG,OR,ANM,WE,Combined TRACON& Tower with Radar,32,22,29,17,100,0,8,60,0,68,32,30,89,17,168,122,24,146,314
09/25/2018,EUG,OR,ANM,WE,Combined TRACON& Tower with Radar,27,19,22,16,84,0,2,82,0,84,27,21,104,16,168,92,56,148,316
09/26/2018,EUG,OR,ANM,WE,Combined TRACON& Tower with Radar,30,19,22,12,83,0,2,91,0,93,30,21,113,12,176,130,28,158,334
09/27/2018,EUG,OR,ANM,WE,Combined TRACON& Tower with Radar,36,22,19,0,77,0,6,99,0,105,36,28,118,0,182,72,0,72,254
09/28/2018,EUG,OR,ANM,WE,Combined TRACON& Tower with Radar,39,16,15,0,70,0,2,82,0,84,39,18,97,0,154,50,0,50,204
09/29/2018,EUG,OR,ANM,WE,Combined TRACON& Tower with Radar,28,9,28,0,65,0,0,34,0,34,28,9,62,0,99,26,0,26,125
09/30/2018,EUG,OR,ANM,WE,Combined TRACON& Tower with Radar,36,12,26,0,74,0,1,16,0,17,36,13,42,0,91,14,0,14,105
10/01/2018,EUG,OR,ANM,WE,Combined TRACON& Tower with Radar,30,18,25,6,79,0,1,30,0,31,30,19,55,6,110,60,0,60,170
10/02/2018,EUG,OR,ANM,WE,Combined TRACON& Tower with Radar,28,18,22,45,113,0,1,46,11,58,28,19,68,56,171,60,78,138,309
10/03/2018,EUG,OR,ANM,WE,Combined TRACON& Tower with Radar,28,15,14,0,57,0,1,52,0,53,28,16,66,0,110,32,0,32,142
10/04/2018,EUG,OR,ANM,WE,Combined TRACON& Tower with Radar,34,20,29,6,89,0,2,98,0,100,34,22,127,6,189,112,0,112,301
10/05/2018,EUG,OR,ANM,WE,Combined TRACON& Tower with Radar,39,17,21,11,88,0,1,17,0,18,39,18,38,11,106,24,0,24,130
10/06/2018,EUG,OR,ANM,WE,Combined TRACON& Tower with Radar,30,14,6,1,51,0,0,12,1,13,30,14,18,2,64,14,0,14,78
10/07/2018,EUG,OR,ANM,WE,Combined TRACON& Tower with Radar,36,16,10,0,62,0,1,8,0,9,36,17,18,0,71,8,0,8,79
10/08/2018,EUG,OR,ANM,WE,Combined TRACON& Tower with Radar,35,23,16,0,74,0,0,4,0,4,35,23,20,0,78,32,0,32,110
10/09/2018,EUG,OR,ANM,WE,Combined TRACON& Tower with Radar,31,18,22,12,83,0,1,57,0,58,31,19,79,12,141,108,0,108,249
10/10/2018,EUG,OR,ANM,WE,Combined TRACON& Tower with Radar,30,16,26,16,88,0,3,45,0,48,30,19,71,16,136,54,0,54,190
10/11/2018,EUG,OR,ANM,WE,Combined TRACON& Tower with Radar,34,17,10,6,67,0,3,80,2,85,34,20,90,8,152,94,2,96,248
10/12/2018,EUG,OR,ANM,WE,Combined TRACON& Tower with Radar,37,17,25,2,81,0,3,96,0,99,37,20,121,2,180,62,0,62,242
10/13/2018,EUG,OR,ANM,WE,Combined TRACON& Tower with Radar,31,30,59,0,120,0,0,42,0,42,31,30,101,0,162,24,0,24,186
10/14/2018,EUG,OR,ANM,WE,Combined TRACON& Tower with Radar,34,16,20,0,70,0,1,48,0,49,34,17,68,0,119,4,0,4,123
10/15/2018,EUG,OR,ANM,WE,Combined TRACON& Tower with Radar,34,14,21,2,71,0,5,88,0,93,34,19,109,2,164,70,0,70,234
10/16/2018,EUG,OR,ANM,WE,Combined TRACON& Tower with Radar,31,13,19,6,69,0,3,90,0,93,31,16,109,6,162,36,16,52,214
10/17/2018,EUG,OR,ANM,WE,Combined TRACON& Tower with Radar,30,13,18,25,86,0,5,96,12,113,30,18,114,37,199,88,26,114,313
10/18/2018,EUG,OR,ANM,WE,Combined TRACON& Tower with Radar,34,15,26,24,99,0,3,77,0,80,34,18,103,24,179,114,0,114,293
10/19/2018,EUG,OR,ANM,WE,Combined TRACON& Tower with Radar,42,15,23,2,82,0,2,102,0,104,42,17,125,2,186,68,2,70,256
10/20/2018,EUG,OR,ANM,WE,Combined TRACON& Tower with Radar,34,8,12,7,61,11,1,34,1,47,45,9,46,8,108,24,24,48,156
10/21/2018,EUG,OR,ANM,WE,Combined TRACON& Tower with Radar,32,11,13,0,56,0,0,63,0,63,32,11,76,0,119,6,0,6,125
10/22/2018,EUG,OR,ANM,WE,Combined TRACON& Tower with Radar,35,16,14,0,65,0,7,81,0,88,35,23,95,0,153,88,0,88,241
10/23/2018,EUG,OR,ANM,WE,Combined TRACON& Tower with Radar,30,20,28,4,82,0,0,20,0,20,30,20,48,4,102,60,4,64,166
10/24/2018,EUG,OR,ANM,WE,Combined TRACON& Tower with Radar,30,15,7,10,62,0,2,29,0,31,30,17,36,10,93,70,0,70,163
10/25/2018,EUG,OR,ANM,WE,Combined TRACON& Tower with Radar,36,18,15,14,83,0,2,38,0,40,36,20,53,14,123,50,0,50,173
10/26/2018,EUG,OR,ANM,WE,Combined TRACON& Tower with Radar,39,17,21,0,77,0,0,17,0,17,39,17,38,0,94,22,0,22,116
10/27/2018,EUG,OR,ANM,WE,Combined TRACON& Tower with Radar,31,9,17,2,59,0,0,21,0,21,31,9,38,2,80,16,0,16,96
10/28/2018,EUG,OR,ANM,WE,Combined TRACON& Tower with Radar,39,12,6,0,57,0,0,2,0,2,39,12,8,0,59,0,0,0,59
10/29/2018,EUG,OR,ANM,WE,Combined TRACON& Tower with Radar,33,17,19,0,69,0,0,24,0,24,33,17,43,0,93,34,0,34,127
10/30/2018,EUG,OR,ANM,WE,Combined TRACON& Tower with Radar,30,15,23,8,76,0,1,16,0,17,30,16,39,8,93,48,0,48,141
10/31/2018,EUG,OR,ANM,WE,Combined TRACON& Tower with Radar,30,17,12,30,89,0,0,1,0,1,30,17,13,30,90,22,0,22,112
11/01/2018,EUG,OR,ANM,WE,Combined TRACON& Tower with Radar,38,19,42,2,101,0,0,8,0,8,38,19,50,2,109,6,12,18,127
11/02/2018,EUG,OR,ANM,WE,Combined TRACON& Tower with Radar,43,15,29,24,111,0,1,33,1,35,43,16,62,25,146,42,12,54,200
11/03/2018,EUG,OR,ANM,WE,Combined TRACON& Tower with Radar,30,14,46,0,90,0,1,33,0,34,30,15,79,0,124,58,0,58,182
11/04/2018,EUG,OR,ANM,WE,Combined TRACON& Tower with Radar,35,17,29,0,81,0,1,5,0,6,35,18,34,0,87,2,0,2,89
11/05/2018,EUG,OR,ANM,WE,Combined TRACON& Tower with Radar,39,14,21,2,76,0,0,15,1,16,39,14,36,3,92,100,0,100,192
11/06/2018,EUG,OR,ANM,WE,Combined TRACON& Tower with Radar,31,14,16,12,73,0,0,51,1,52,31,14,67,13,125,110,12,122,247
11/07/2018,EUG,OR,ANM,WE,Combined TRACON& Tower with Radar,33,15,32,23,103,0,0,45,0,45,33,15,77,23,148,56,0,56,204
11/08/2018,EUG,OR,ANM,WE,Combined TRACON& Tower with Radar,40,17,26,25,108,0,1,41,3,45,40,18,67,28,153,56,14,70,223
11/09/2018,EUG,OR,ANM,WE,Combined TRACON& Tower with Radar,48,10,19,22,99,0,0,55,0,55,48,10,74,22,154,80,2,82,236
11/10/2018,EUG,OR,ANM,WE,Combined TRACON& Tower with Radar,32,11,17,0,60,0,0,29,0,29,32,11,46,0,89,62,0,62,151
11/11/2018,EUG,OR,ANM,WE,Combined TRACON& Tower with Radar,40,6,20,0,66,0,0,33,6,39,40,6,53,6,105,30,0,30,135
11/12/2018,EUG,OR,ANM,WE,Combined TRACON& Tower with Radar,38,15,15,1,69,0,2,49,1,52,38,17,64,2,121,20,0,20,141
11/13/2018,EUG,OR,ANM,WE,Combined TRACON& Tower with Radar,31,18,19,22,90,0,1,55,0,56,31,19,74,22,146,70,4,74,220
11/14/2018,EUG,OR,ANM,WE,Combined TRACON& Tower with Radar,36,18,21,20,95,0,0,27,3,30,36,18,48,23,125,122,20,142,267
11/15/2018,EUG,OR,ANM,WE,Combined TRACON& Tower with Radar,35,20,29,3,87,0,0,5,0,5,35,20,34,3,92,8,0,8,100
11/16/2018,EUG,OR,ANM,WE,Combined TRACON& Tower with Radar,40,16,13,0,69,0,0,7,0,7,40,16,20,0,76,10,0,10,86
11/17/2018,EUG,OR,ANM,WE,Combined TRACON& Tower with Radar,32,11,18,0,61,0,1,49,0,50,32,12,67,0,111,38,0,38,149
11/18/2018,EUG,OR,ANM,WE,Combined TRACON& Tower with Radar,37,7,27,0,71,0,2,57,0,59,37,9,84,0,130,18,0,18,148
11/19/2018,EUG,OR,ANM,WE,Combined TRACON& Tower with Radar,37,11,13,0,61,0,4,53,0,57,37,15,66,0,118,104,0,104,222
11/20/2018,EUG,OR,ANM,WE,Combined TRACON& Tower with Radar,37,15,20,26,98,0,4,61,2,67,37,19,81,28,165,70,10,80,245
11/21/2018,EUG,OR,ANM,WE,Combined TRACON& Tower with Radar,43,18,9,0,70,0,0,7,0,7,43,18,16,0,77,26,0,26,103
11/22/2018,EUG,OR,ANM,WE,Combined TRACON& Tower with Radar,25,1,1,0,27,0,0,0,0,0,25,1,1,0,27,0,0,0,27
11/23/2018,EUG,OR,ANM,WE,Combined TRACON& Tower with Radar,23,12,4,0,39,0,0,3,0,3,23,12,7,0,42,2,0,2,44
11/24/2018,EUG,OR,ANM,WE,Combined TRACON& Tower with Radar,46,14,12,0,72,0,0,6,0,6,46,14,18,0,78,16,0,16,94
11/25/2018,EUG,OR,ANM,WE,Combined TRACON& Tower with Radar,39,10,21,1,71,0,1,24,1,26,39,11,45,2,97,8,0,8,105
11/26/2018,EUG,OR,ANM,WE,Combined TRACON& Tower with Radar,39,15,9,7,70,0,2,28,1,31,39,17,37,8,101,64,12,76,177
11/27/2018,EUG,OR,ANM,WE,Combined TRACON& Tower with Radar,30,19,17,4,70,1,4,6,0,11,31,23,23,4,81,18,0,18,99
11/28/2018,EUG,OR,ANM,WE,Combined TRACON& Tower with Radar,29,17,19,14,79,0,5,19,0,24,29,22,38,14,103,94,0,94,197
11/29/2018,EUG,OR,ANM,WE,Combined TRACON& Tower with Radar,36,19,16,4,75,0,0,1,0,1,36,19,17,4,76,12,0,12,88
11/30/2018,EUG,OR,ANM,WE,Combined TRACON& Tower with Radar,34,14,16,0,64,0,1,16,0,17,34,15,32,0,81,52,0,52,133
12/01/2018,EUG,OR,ANM,WE,Combined TRACON& Tower with Radar,31,8,6,8,53,0,0,6,0,6,31,8,12,8,59,20,2,22,81
12/02/2018,EUG,OR,ANM,WE,Combined TRACON& Tower with Radar,32,13,11,0,56,1,0,15,0,16,33,13,26,0,72,6,0,6,78
12/03/2018,EUG,OR,ANM,WE,Combined TRACON& Tower with Radar,32,19,14,3,68,0,0,1,0,1,32,19,15,3,69,0,0,0,69
12/04/2018,EUG,OR,ANM,WE,Combined TRACON& Tower with Radar,29,21,16,40,106,0,0,79,3,82,29,21,95,43,188,56,80,136,324
12/05/2018,EUG,OR,ANM,WE,Combined TRACON& Tower with Radar,30,20,19,24,93,0,2,70,0,72,30,22,89,24,165,170,8,178,343
12/06/2018,EUG,OR,ANM,WE,Combined TRACON& Tower with Radar,35,20,23,20,98,0,2,65,1,68,35,22,88,21,166,84,34,118,284
12/07/2018,EUG,OR,ANM,WE,Combined TRACON& Tower with Radar,35,14,25,7,81,0,1,57,0,58,35,15,82,7,139,80,30,110,249
12/08/2018,EUG,OR,ANM,WE,Combined TRACON& Tower with Radar,27,19,5,0,51,0,0,0,0,0,27,19,5,0,51,0,0,0,51
12/09/2018,EUG,OR,ANM,WE,Combined TRACON& Tower with Radar,33,14,8,0,55,0,0,2,0,2,33,14,10,0,57,0,0,0,57
12/10/2018,EUG,OR,ANM,WE,Combined TRACON& Tower with Radar,39,24,15,0,78,0,0,17,0,17,39,24,32,0,95,20,0,20,115
12/11/2018,EUG,OR,ANM,WE,Combined TRACON& Tower with Radar,34,17,13,30,94,0,0,1,0,1,34,17,14,30,95,0,0,0,95
12/12/2018,EUG,OR,ANM,WE,Combined TRACON& Tower with Radar,29,21,12,39,101,0,0,32,3,35,29,21,44,42,136,64,66,130,266
12/13/2018,EUG,OR,ANM,WE,Combined TRACON& Tower with Radar,34,22,21,17,94,0,2,58,0,60,34,24,79,17,154,48,4,52,206
12/14/2018,EUG,OR,ANM,WE,Combined TRACON& Tower with Radar,35,11,9,0,55,0,0,10,0,10,35,11,19,0,65,6,0,6,71
12/15/2018,EUG,OR,ANM,WE,Combined TRACON& Tower with Radar,29,7,10,0,46,0,7,34,0,41,29,14,44,0,87,44,0,44,131
12/16/2018,EUG,OR,ANM,WE,Combined TRACON& Tower with Radar,35,8,2,0,45,0,0,1,0,1,35,8,3,0,46,0,0,0,46
12/17/2018,EUG,OR,ANM,WE,Combined TRACON& Tower with Radar,33,16,26,10,85,0,1,13,0,14,33,17,39,10,99,2,0,2,101
12/18/2018,EUG,OR,ANM,WE,Combined TRACON& Tower with Radar,33,19,10,8,70,0,0,0,0,0,33,19,10,8,70,0,8,8,78
12/19/2018,EUG,OR,ANM,WE,Combined TRACON& Tower with Radar,32,17,28,27,104,0,2,6,0,8,32,19,34,27,112,4,20,24,136
12/20/2018,EUG,OR,ANM,WE,Combined TRACON& Tower with Radar,33,24,14,4,75,0,0,3,0,3,33,24,17,4,78,0,0,0,78
12/21/2018,EUG,OR,ANM,WE,Combined TRACON& Tower with Radar,41,14,19,2,76,0,0,39,1,40,41,14,58,3,116,28,0,28,144
12/22/2018,EUG,OR,ANM,WE,Combined TRACON& Tower with Radar,35,15,13,0,63,0,1,6,0,7,35,16,19,0,70,0,0,0,70
12/23/2018,EUG,OR,ANM,WE,Combined TRACON& Tower with Radar,39,9,7,0,55,0,0,0,0,0,39,9,7,0,55,0,0,0,55
12/24/2018,EUG,OR,ANM,WE,Combined TRACON& Tower with Radar,28,14,0,0,42,0,0,0,0,0,28,14,0,0,42,0,0,0,42
12/25/2018,EUG,OR,ANM,WE,Combined TRACON& Tower with Radar,28,7,0,0,35,0,0,4,0,4,28,7,4,0,39,0,0,0,39
12/26/2018,EUG,OR,ANM,WE,Combined TRACON& Tower with Radar,38,19,14,16,87,0,0,1,0,1,38,19,15,16,88,0,0,0,88
12/27/2018,EUG,OR,ANM,WE,Combined TRACON& Tower with Radar,36,19,10,5,70,0,0,17,0,17,36,19,27,5,87,0,0,0,87
12/28/2018,EUG,OR,ANM,WE,Combined TRACON& Tower with Radar,36,16,11,67,130,0,1,5,3,9,36,17,16,70,139,0,0,0,139
12/29/2018,EUG,OR,ANM,WE,Combined TRACON& Tower with Radar,39,17,7,9,72,0,0,1,0,1,39,17,8,9,73,0,0,0,73
12/30/2018,EUG,OR,ANM,WE,Combined TRACON& Tower with Radar,35,10,7,0,52,0,0,4,1,5,35,10,11,1,57,0,0,0,57
12/31/2018,EUG,OR,ANM,WE,Combined TRACON& Tower with Radar,35,12,8,0,55,0,0,11,0,11,35,12,19,0,66,0,0,0,66
01/01/2019,EUG,OR,ANM,WE,Combined TRACON& Tower with Radar,35,7,3,0,45,0,0,28,0,28,35,7,31,0,73,2,0,2,75
01/02/2019,EUG,OR,ANM,WE,Combined TRACON& Tower with Radar,35,14,13,12,74,0,0,28,0,28,35,14,41,12,102,108,0,108,210
01/03/2019,EUG,OR,ANM,WE,Combined TRACON& Tower with Radar,40,16,16,8,80,0,2,18,8,28,40,18,34,16,108,22,102,124,232
01/04/2019,EUG,OR,ANM,WE,Combined TRACON& Tower with Radar,34,12,20,7,73,0,1,17,1,19,34,13,37,8,92,6,66,72,164
01/05/2019,EUG,OR,ANM,WE,Combined TRACON& Tower with Radar,33,11,9,0,53,0,0,0,0,0,33,11,9,0,53,0,0,0,53
01/06/2019,EUG,OR,ANM,WE,Combined TRACON& Tower with Radar,31,7,2,0,40,0,0,0,0,0,31,7,2,0,40,0,0,0,40
01/07/2019,EUG,OR,ANM,WE,Combined TRACON& Tower with Radar,34,15,14,10,73,0,2,19,1,22,34,17,33,11,95,34,44,78,173
01/08/2019,EUG,OR,ANM,WE,Combined TRACON& Tower with Radar,26,18,12,4,60,0,0,0,0,0,26,18,12,4,60,0,0,0,60
01/09/2019,EUG,OR,ANM,WE,Combined TRACON& Tower with Radar,27,15,9,5,56,0,0,7,0,7,27,15,16,5,63,10,0,10,73
01/10/2019,EUG,OR,ANM,WE,Combined TRACON& Tower with Radar,34,17,32,42,125,0,2,43,19,64,34,19,75,61,189,58,84,142,331
01/11/2019,EUG,OR,ANM,WE,Combined TRACON& Tower with Radar,34,16,13,0,63,0,0,35,0,35,34,16,48,0,98,56,0,56,154
01/12/2019,EUG,OR,ANM,WE,Combined TRACON& Tower with Radar,30,7,9,18,64,0,0,72,0,72,30,7,81,18,136,50,12,62,198
01/13/2019,EUG,OR,ANM,WE,Combined TRACON& Tower with Radar,34,12,18,0,64,0,0,53,0,53,34,12,71,0,117,96,0,96,213
01/14/2019,EUG,OR,ANM,WE,Combined TRACON& Tower with Radar,35,16,17,23,91,0,1,39,1,41,35,17,56,24,132,36,14,50,182
01/15/2019,EUG,OR,ANM,WE,Combined TRACON& Tower with Radar,27,17,21,32,97,1,3,42,1,47,28,20,63,33,144,74,14,88,232
01/16/2019,EUG,OR,ANM,WE,Combined TRACON& Tower with Radar,28,19,14,12,73,0,0,18,2,20,28,19,32,14,93,30,14,44,137
01/17/2019,EUG,OR,ANM,WE,Combined TRACON& Tower with Radar,33,17,25,23,98,0,0,8,0,8,33,17,33,23,106,36,18,54,160
01/18/2019,EUG,OR,ANM,WE,Combined TRACON& Tower with Radar,34,14,23,4,75,0,0,5,0,5,34,14,28,4,80,42,0,42,122
01/19/2019,EUG,OR,ANM,WE,Combined TRACON& Tower with Radar,27,7,23,0,57,0,0,7,0,7,27,7,30,0,64,22,0,22,86
01/20/2019,EUG,OR,ANM,WE,Combined TRACON& Tower with Radar,28,7,9,0,44,0,0,0,1,1,28,7,9,1,45,0,0,0,45
01/21/2019,EUG,OR,ANM,WE,Combined TRACON& Tower with Radar,33,16,22,0,71,1,1,25,1,28,34,17,47,1,99,24,0,24,123
01/22/2019,EUG,OR,ANM,WE,Combined TRACON& Tower with Radar,25,16,7,27,75,0,0,10,0,10,25,16,17,27,85,18,0,18,103
01/23/2019,EUG,OR,ANM,WE,Combined TRACON& Tower with Radar,27,16,20,4,67,0,1,12,0,13,27,17,32,4,80,40,0,40,120
01/24/2019,EUG,OR,ANM,WE,Combined TRACON& Tower with Radar,38,17,35,34,124,0,2,11,0,13,38,19,46,34,137,46,8,54,191
01/25/2019,EUG,OR,ANM,WE,Combined TRACON& Tower with Radar,36,15,20,9,80,0,1,45,0,46,36,16,65,9,126,32,0,32,158
01/26/2019,EUG,OR,ANM,WE,Combined TRACON& Tower with Radar,27,7,10,0,44,0,0,0,0,0,27,7,10,0,44,0,0,0,44
01/27/2019,EUG,OR,ANM,WE,Combined TRACON& Tower with Radar,28,7,9,0,44,0,0,0,0,0,28,7,9,0,44,0,0,0,44
01/28/2019,EUG,OR,ANM,WE,Combined TRACON& Tower with Radar,33,17,20,19,89,0,1,62,2,65,33,18,82,21,154,82,54,136,290
01/29/2019,EUG,OR,ANM,WE,Combined TRACON& Tower with Radar,30,14,13,2,59,0,1,47,0,48,30,15,60,2,107,14,24,38,145
01/30/2019,EUG,OR,ANM,WE,Combined TRACON& Tower with Radar,30,22,16,6,74,0,1,51,0,52,30,23,67,6,126,138,2,140,266
01/31/2019,EUG,OR,ANM,WE,Combined TRACON& Tower with Radar,40,13,21,5,79,0,2,54,0,56,40,15,75,5,135,72,0,72,207
02/01/2019,EUG,OR,ANM,WE,Combined TRACON& Tower with Radar,33,15,14,11,73,0,0,20,4,24,33,15,34,15,97,38,12,50,147
02/02/2019,EUG,OR,ANM,WE,Combined TRACON& Tower with Radar,25,13,10,0,48,0,0,0,0,0,25,13,10,0,48,0,0,0,48
02/03/2019,EUG,OR,ANM,WE,Combined TRACON& Tower with Radar,29,11,4,0,44,0,1,4,0,5,29,12,8,0,49,0,0,0,49
02/04/2019,EUG,OR,ANM,WE,Combined TRACON& Tower with Radar,30,15,17,16,78,0,0,11,3,14,30,15,28,19,92,60,0,60,152
02/05/2019,EUG,OR,ANM,WE,Combined TRACON& Tower with Radar,28,15,22,3,68,0,0,4,2,6,28,15,26,5,74,10,16,26,100
02/06/2019,EUG,OR,ANM,WE,Combined TRACON& Tower with Radar,27,20,43,13,103,0,1,43,6,50,27,21,86,19,153,96,20,116,269
02/07/2019,EUG,OR,ANM,WE,Combined TRACON& Tower with Radar,38,14,12,19,83,0,1,5,0,6,38,15,17,19,89,12,0,12,101
02/08/2019,EUG,OR,ANM,WE,Combined TRACON& Tower with Radar,30,15,21,1,67,0,0,9,0,9,30,15,30,1,76,12,0,12,88
02/09/2019,EUG,OR,ANM,WE,Combined TRACON& Tower with Radar,27,13,4,1,45,0,1,0,0,1,27,14,4,1,46,0,0,0,46
02/10/2019,EUG,OR,ANM,WE,Combined TRACON& Tower with Radar,29,11,4,8,52,0,0,8,0,8,29,11,12,8,60,18,16,34,94
02/11/2019,EUG,OR,ANM,WE,Combined TRACON& Tower with Radar,30,15,14,12,71,0,2,2,0,4,30,17,16,12,75,0,0,0,75
02/12/2019,EUG,OR,ANM,WE,Combined TRACON& Tower with Radar,22,18,5,2,47,0,0,1,0,1,22,18,6,2,48,0,0,0,48
02/13/2019,EUG,OR,ANM,WE,Combined TRACON& Tower with Radar,24,16,12,17,69,0,0,0,0,0,24,16,12,17,69,0,0,0,69
02/14/2019,EUG,OR,ANM,WE,Combined TRACON& Tower with Radar,31,20,7,0,58,0,0,0,0,0,31,20,7,0,58,0,0,0,58
02/15/2019,EUG,OR,ANM,WE,Combined TRACON& Tower with Radar,34,19,15,15,83,0,1,9,0,10,34,20,24,15,93,22,8,30,123
02/16/2019,EUG,OR,ANM,WE,Combined TRACON& Tower with Radar,20,11,4,0,35,0,0,12,0,12,20,11,16,0,47,28,0,28,75
02/17/2019,EUG,OR,ANM,WE,Combined TRACON& Tower with Radar,28,12,19,0,59,0,0,44,0,44,28,12,63,0,103,42,2,44,147
02/18/2019,EUG,OR,ANM,WE,Combined TRACON& Tower with Radar,35,15,12,0,62,1,2,30,0,33,36,17,42,0,95,30,0,30,125
02/19/2019,EUG,OR,ANM,WE,Combined TRACON& Tower with Radar,26,21,15,17,79,0,0,20,0,20,26,21,35,17,99,10,0,10,109
02/20/2019,EUG,OR,ANM,WE,Combined TRACON& Tower with Radar,24,21,18,26,89,0,2,8,0,10,24,23,26,26,99,0,16,16,115
02/21/2019,EUG,OR,ANM,WE,Combined TRACON& Tower with Radar,33,20,30,8,91,0,2,48,0,50,33,22,78,8,141,114,0,114,255
02/22/2019,EUG,OR,ANM,WE,Combined TRACON& Tower with Radar,37,20,15,5,77,0,4,61,2,67,37,24,76,7,144,106,10,116,260
02/23/2019,EUG,OR,ANM,WE,Combined TRACON& Tower with Radar,23,10,7,0,40,0,0,0,0,0,23,10,7,0,40,0,0,0,40
02/24/2019,EUG,OR,ANM,WE,Combined TRACON& Tower with Radar,30,18,10,2,60,0,0,0,0,0,30,18,10,2,60,0,0,0,60
02/25/2019,EUG,OR,ANM,WE,Combined TRACON& Tower with Radar,7,0,0,8,15,0,0,2,0,2,7,0,2,8,17,0,0,0,17
02/26/2019,EUG,OR,ANM,WE,Combined TRACON& Tower with Radar,22,19,3,0,44,0,0,2,0,2,22,19,5,0,46,0,0,0,46
02/27/2019,EUG,OR,ANM,WE,Combined TRACON& Tower with Radar,21,11,0,4,36,0,0,2,3,5,21,11,2,7,41,0,2,2,43
02/28/2019,EUG,OR,ANM,WE,Combined TRACON& Tower with Radar,33,20,6,13,72,0,0,13,0,13,33,20,19,13,85,4,2,6,91
03/01/2019,EUG,OR,ANM,WE,Combined TRACON& Tower with Radar,35,21,14,0,70,0,0,36,1,37,35,21,50,1,107,6,0,6,113
03/02/2019,EUG,OR,ANM,WE,Combined TRACON& Tower with Radar,29,11,14,6,60,0,0,49,0,49,29,11,63,6,109,22,0,22,131
03/03/2019,EUG,OR,ANM,WE,Combined TRACON& Tower with Radar,30,17,15,0,62,0,0,39,0,39,30,17,54,0,101,34,0,34,135
03/04/2019,EUG,OR,ANM,WE,Combined TRACON& Tower with Radar,35,19,17,10,81,0,1,49,0,50,35,20,66,10,131,40,0,40,171
03/05/2019,EUG,OR,ANM,WE,Combined TRACON& Tower with Radar,23,16,28,10,77,0,1,52,4,57,23,17,80,14,134,32,36,68,202
03/06/2019,EUG,OR,ANM,WE,Combined TRACON& Tower with Radar,24,18,8,16,66,0,0,2,0,2,24,18,10,16,68,0,0,0,68
03/07/2019,EUG,OR,ANM,WE,Combined TRACON& Tower with Radar,31,21,29,4,85,1,0,9,3,13,32,21,38,7,98,30,0,30,128
03/08/2019,EUG,OR,ANM,WE,Combined TRACON& Tower with Radar,36,26,24,3,89,0,0,3,0,3,36,26,27,3,92,32,0,32,124
03/09/2019,EUG,OR,ANM,WE,Combined TRACON& Tower with Radar,28,9,10,0,47,0,0,29,0,29,28,9,39,0,76,26,0,26,102
03/10/2019,EUG,OR,ANM,WE,Combined TRACON& Tower with Radar,33,10,29,0,72,0,0,105,0,105,33,10,134,0,177,26,0,26,203
03/11/2019,EUG,OR,ANM,WE,Combined TRACON& Tower with Radar,31,19,12,12,74,1,1,84,0,86,32,20,96,12,160,56,22,78,238
03/12/2019,EUG,OR,ANM,WE,Combined TRACON& Tower with Radar,26,26,17,25,94,1,2,17,2,22,27,28,34,27,116,60,22,82,198
03/13/2019,EUG,OR,ANM,WE,Combined TRACON& Tower with Radar,26,12,20,15,73,0,3,59,2,64,26,15,79,17,137,114,6,120,257
03/14/2019,EUG,OR,ANM,WE,Combined TRACON& Tower with Radar,32,11,14,6,63,0,4,56,3,63,32,15,70,9,126,96,0,96,222
03/15/2019,EUG,OR,ANM,WE,Combined TRACON& Tower with Radar,37,12,13,2,64,0,6,70,0,76,37,18,83,2,140,64,12,76,216
03/16/2019,EUG,OR,ANM,WE,Combined TRACON& Tower with Radar,25,14,8,0,47,0,0,53,0,53,25,14,61,0,100,82,0,82,182
03/17/2019,EUG,OR,ANM,WE,Combined TRACON& Tower with Radar,35,9,26,0,70,0,0,88,0,88,35,9,114,0,158,68,0,68,226
03/18/2019,EUG,OR,ANM,WE,Combined TRACON& Tower with Radar,36,18,18,3,75,0,1,47,3,51,36,19,65,6,126,22,12,34,160
03/19/2019,EUG,OR,ANM,WE,Combined TRACON& Tower with Radar,28,19,25,19,91,0,3,38,1,42,28,22,63,20,133,82,20,102,235
03/20/2019,EUG,OR,ANM,WE,Combined TRACON& Tower with Radar,36,18,21,15,90,0,3,51,1,55,36,21,72,16,145,56,0,56,201
03/21/2019,EUG,OR,ANM,WE,Combined TRACON& Tower with Radar,40,17,20,16,93,1,3,35,3,42,41,20,55,19,135,80,54,134,269
03/22/2019,EUG,OR,ANM,WE,Combined TRACON& Tower with Radar,37,14,19,2,72,0,0,12,0,12,37,14,31,2,84,4,0,4,88
03/23/2019,EUG,OR,ANM,WE,Combined TRACON& Tower with Radar,31,15,16,0,62,0,0,18,0,18,31,15,34,0,80,46,0,46,126
03/24/2019,EUG,OR,ANM,WE,Combined TRACON& Tower with Radar,36,9,15,0,60,0,0,87,0,87,36,9,102,0,147,24,0,24,171
03/25/2019,EUG,OR,ANM,WE,Combined TRACON& Tower with Radar,41,17,13,0,71,0,2,4,0,6,41,19,17,0,77,12,0,12,89
03/26/2019,EUG,OR,ANM,WE,Combined TRACON& Tower with Radar,31,14,15,10,70,0,3,36,0,39,31,17,51,10,109,32,0,32,141
03/27/2019,EUG,OR,ANM,WE,Combined TRACON& Tower with Radar,33,13,7,4,57,0,3,10,0,13,33,16,17,4,70,26,12,38,108
03/28/2019,EUG,OR,ANM,WE,Combined TRACON& Tower with Radar,35,19,18,25,97,0,1,20,0,21,35,20,38,25,118,0,16,16,134
03/29/2019,EUG,OR,ANM,WE,Combined TRACON& Tower with Radar,39,17,8,5,69,0,0,24,3,27,39,17,32,8,96,12,10,22,118
03/30/2019,EUG,OR,ANM,WE,Combined TRACON& Tower with Radar,33,8,20,0,61,1,5,70,0,76,34,13,90,0,137,46,0,46,183
03/31/2019,EUG,OR,ANM,WE,Combined TRACON& Tower with Radar,43,4,16,0,63,0,1,50,0,51,43,5,66,0,114,30,0,30,144
04/01/2019,EUG,OR,ANM,WE,Combined TRACON& Tower with Radar,44,14,10,0,68,0,0,17,0,17,44,14,27,0,85,26,0,26,111
04/02/2019,EUG,OR,ANM,WE,Combined TRACON& Tower with Radar,39,14,23,13,89,0,0,3,0,3,39,14,26,13,92,30,0,30,122
04/03/2019,EUG,OR,ANM,WE,Combined TRACON& Tower with Radar,35,15,47,0,97,0,0,29,7,36,35,15,76,7,133,58,2,60,193
04/04/2019,EUG,OR,ANM,WE,Combined TRACON& Tower with Radar,41,15,19,0,75,0,1,6,1,8,41,16,25,1,83,0,0,0,83
04/05/2019,EUG,OR,ANM,WE,Combined TRACON& Tower with Radar,44,11,13,0,68,0,0,2,0,2,44,11,15,0,70,8,0,8,78
04/06/2019,EUG,OR,ANM,WE,Combined TRACON& Tower with Radar,38,10,7,4,59,0,0,0,0,0,38,10,7,4,59,0,0,0,59
04/07/2019,EUG,OR,ANM,WE,Combined TRACON& Tower with Radar,41,6,10,2,59,0,0,0,0,0,41,6,10,2,59,0,0,0,59
04/08/2019,EUG,OR,ANM,WE,Combined TRACON& Tower with Radar,45,18,14,2,79,0,0,5,0,5,45,18,19,2,84,2,0,2,86
04/09/2019,EUG,OR,ANM,WE,Combined TRACON& Tower with Radar,39,11,12,24,86,0,2,32,0,34,39,13,44,24,120,46,0,46,166
04/10/2019,EUG,OR,ANM,WE,Combined TRACON& Tower with Radar,35,18,31,2,86,0,0,19,0,19,35,18,50,2,105,4,6,10,115
04/11/2019,EUG,OR,ANM,WE,Combined TRACON& Tower with Radar,40,18,16,7,81,0,0,3,1,4,40,18,19,8,85,42,6,48,133
04/12/2019,EUG,OR,ANM,WE,Combined TRACON& Tower with Radar,44,12,39,16,111,4,0,58,0,62,48,12,97,16,173,100,16,116,289
04/13/2019,EUG,OR,ANM,WE,Combined TRACON& Tower with Radar,34,10,30,0,74,0,0,23,0,23,34,10,53,0,97,16,0,16,113
04/14/2019,EUG,OR,ANM,WE,Combined TRACON& Tower with Radar,42,9,16,0,67,0,0,33,0,33,42,9,49,0,100,8,0,8,108
04/15/2019,EUG,OR,ANM,WE,Combined TRACON& Tower with Radar,44,17,27,0,88,0,0,10,3,13,44,17,37,3,101,10,0,10,111
04/16/2019,EUG,OR,ANM,WE,Combined TRACON& Tower with Radar,37,13,21,2,73,0,1,25,0,26,37,14,46,2,99,54,0,54,153
04/17/2019,EUG,OR,ANM,WE,Combined TRACON& Tower with Radar,35,11,35,13,94,0,3,91,0,94,35,14,126,13,188,98,16,114,302
04/18/2019,EUG,OR,ANM,WE,Combined TRACON& Tower with Radar,41,15,30,12,98,0,4,134,1,139,41,19,164,13,237,70,0,70,307
04/19/2019,EUG,OR,ANM,WE,Combined TRACON& Tower with Radar,41,12,36,2,91,0,1,31,0,32,41,13,67,2,123,18,0,18,141
04/20/2019,EUG,OR,ANM,WE,Combined TRACON& Tower with Radar,33,11,23,0,67,0,0,28,1,29,33,11,51,1,96,142,0,142,238
04/21/2019,EUG,OR,ANM,WE,Combined TRACON& Tower with Radar,46,5,18,0,69,0,0,53,0,53,46,5,71,0,122,50,0,50,172
04/22/2019,EUG,OR,ANM,WE,Combined TRACON& Tower with Radar,44,15,25,8,92,0,2,87,2,91,44,17,112,10,183,54,30,84,267
04/23/2019,EUG,OR,ANM,WE,Combined TRACON& Tower with Radar,34,13,36,20,103,0,2,49,2,53,34,15,85,22,156,78,26,104,260
04/24/2019,EUG,OR,ANM,WE,Combined TRACON& Tower with Radar,37,13,47,34,131,0,2,108,8,118,37,15,155,42,249,70,100,170,419
04/25/2019,EUG,OR,ANM,WE,Combined TRACON& Tower with Radar,41,13,11,4,69,0,3,125,0,128,41,16,136,4,197,164,6,170,367
04/26/2019,EUG,OR,ANM,WE,Combined TRACON& Tower with Radar,48,8,25,4,85,0,2,110,2,114,48,10,135,6,199,132,8,140,339
04/27/2019,EUG,OR,ANM,WE,Combined TRACON& Tower with Radar,34,9,11,0,54,0,0,71,0,71,34,9,82,0,125,48,0,48,173
04/28/2019,EUG,OR,ANM,WE,Combined TRACON& Tower with Radar,42,7,15,0,64,0,0,73,0,73,42,7,88,0,137,38,34,72,209
04/29/2019,EUG,OR,ANM,WE,Combined TRACON& Tower with Radar,45,10,21,23,99,0,4,56,1,61,45,14,77,24,160,60,22,82,242
04/30/2019,EUG,OR,ANM,WE,Combined TRACON& Tower with Radar,35,9,28,3,75,0,3,102,1,106,35,12,130,4,181,174,0,174,355
05/01/2019,EUG,OR,ANM,WE,Combined TRACON& Tower with Radar,35,10,23,5,73,0,4,91,0,95,35,14,114,5,168,94,4,98,266
05/02/2019,EUG,OR,ANM,WE,Combined TRACON& Tower with Radar,43,9,16,45,113,0,4,68,0,72,43,13,84,45,185,98,4,102,287
05/03/2019,EUG,OR,ANM,WE,Combined TRACON& Tower with Radar,47,5,15,6,73,2,1,62,0,65,49,6,77,6,138,32,8,40,178
05/04/2019,EUG,OR,ANM,WE,Combined TRACON& Tower with Radar,34,6,8,2,50,0,0,62,2,64,34,6,70,4,114,52,0,52,166
05/05/2019,EUG,OR,ANM,WE,Combined TRACON& Tower with Radar,42,6,7,4,59,0,0,54,0,54,42,6,61,4,113,6,0,6,119
05/06/2019,EUG,OR,ANM,WE,Combined TRACON& Tower with Radar,43,32,25,35,135,0,4,66,7,77,43,36,91,42,212,64,50,114,326
05/07/2019,EUG,OR,ANM,WE,Combined TRACON& Tower with Radar,37,10,12,0,59,11,5,63,0,79,48,15,75,0,138,86,0,86,224
05/08/2019,EUG,OR,ANM,WE,Combined TRACON& Tower with Radar,38,18,15,18,89,0,15,56,1,72,38,33,71,19,161,92,4,96,257
05/09/2019,EUG,OR,ANM,WE,Combined TRACON& Tower with Radar,42,9,19,14,84,0,7,81,2,90,42,16,100,16,174,68,2,70,244
05/10/2019,EUG,OR,ANM,WE,Combined TRACON& Tower with Radar,45,6,22,10,83,0,2,109,1,112,45,8,131,11,195,110,8,118,313
05/11/2019,EUG,OR,ANM,WE,Combined TRACON& Tower with Radar,32,9,14,0,55,0,1,96,0,97,32,10,110,0,152,44,0,44,196
05/12/2019,EUG,OR,ANM,WE,Combined TRACON& Tower with Radar,39,6,12,0,57,0,0,41,0,41,39,6,53,0,98,4,0,4,102
05/13/2019,EUG,OR,ANM,WE,Combined TRACON& Tower with Radar,44,10,20,12,86,0,4,32,2,38,44,14,52,14,124,66,46,112,236
05/14/2019,EUG,OR,ANM,WE,Combined TRACON& Tower with Radar,37,14,17,13,81,0,1,8,0,9,37,15,25,13,90,16,6,22,112
05/15/2019,EUG,OR,ANM,WE,Combined TRACON& Tower with Radar,39,16,26,6,87,0,0,1,0,1,39,16,27,6,88,0,0,0,88
05/16/2019,EUG,OR,ANM,WE,Combined TRACON& Tower with Radar,43,14,31,33,121,0,1,20,0,21,43,15,51,33,142,56,14,70,212
05/17/2019,EUG,OR,ANM,WE,Combined TRACON& Tower with Radar,46,10,11,0,67,0,1,19,0,20,46,11,30,0,87,98,0,98,185
05/18/2019,EUG,OR,ANM,WE,Combined TRACON& Tower with Radar,32,7,19,0,58,0,0,17,2,19,32,7,36,2,77,4,0,4,81
05/19/2019,EUG,OR,ANM,WE,Combined TRACON& Tower with Radar,39,6,16,0,61,1,1,21,0,23,40,7,37,0,84,28,0,28,112
05/20/2019,EUG,OR,ANM,WE,Combined TRACON& Tower with Radar,45,13,25,11,94,0,1,63,0,64,45,14,88,11,158,188,16,204,362
05/21/2019,EUG,OR,ANM,WE,Combined TRACON& Tower with Radar,36,17,20,15,88,0,0,15,1,16,36,17,35,16,104,70,2,72,176
05/22/2019,EUG,OR,ANM,WE,Combined TRACON& Tower with Radar,39,14,35,62,150,0,1,59,2,62,39,15,94,64,212,52,36,88,300
05/23/2019,EUG,OR,ANM,WE,Combined TRACON& Tower with Radar,41,18,23,8,90,0,1,74,0,75,41,19,97,8,165,42,0,42,207
05/24/2019,EUG,OR,ANM,WE,Combined TRACON& Tower with Radar,45,12,20,0,77,0,2,17,0,19,45,14,37,0,96,2,0,2,98
05/25/2019,EUG,OR,ANM,WE,Combined TRACON& Tower with Radar,32,10,17,0,59,0,0,8,0,8,32,10,25,0,67,18,0,18,85
05/26/2019,EUG,OR,ANM,WE,Combined TRACON& Tower with Radar,39,4,13,2,58,0,0,10,1,11,39,4,23,3,69,4,0,4,73
05/27/2019,EUG,OR,ANM,WE,Combined TRACON& Tower with Radar,43,7,7,0,57,0,0,4,0,4,43,7,11,0,61,0,0,0,61
05/28/2019,EUG,OR,ANM,WE,Combined TRACON& Tower with Radar,37,15,36,34,122,0,3,46,2,51,37,18,82,36,173,48,26,74,247
05/29/2019,EUG,OR,ANM,WE,Combined TRACON& Tower with Radar,41,13,29,21,104,0,4,60,0,64,41,17,89,21,168,82,8,90,258
05/30/2019,EUG,OR,ANM,WE,Combined TRACON& Tower with Radar,41,9,28,8,86,0,4,112,5,121,41,13,140,13,207,140,8,148,355
05/31/2019,EUG,OR,ANM,WE,Combined TRACON& Tower with Radar,46,8,17,3,74,0,3,76,0,79,46,11,93,3,153,28,0,28,181
06/01/2019,EUG,OR,ANM,WE,Combined TRACON& Tower with Radar,34,4,3,0,41,0,2,85,0,87,34,6,88,0,128,38,0,38,166
06/02/2019,EUG,OR,ANM,WE,Combined TRACON& Tower with Radar,41,6,6,0,53,0,0,59,4,63,41,6,65,4,116,28,14,42,158
06/03/2019,EUG,OR,ANM,WE,Combined TRACON& Tower with Radar,45,11,25,6,87,0,7,53,2,62,45,18,78,8,149,88,16,104,253
06/04/2019,EUG,OR,ANM,WE,Combined TRACON& Tower with Radar,39,7,28,3,77,0,5,68,0,73,39,12,96,3,150,54,0,54,204
06/05/2019,EUG,OR,ANM,WE,Combined TRACON& Tower with Radar,38,26,29,19,112,0,2,49,0,51,38,28,78,19,163,56,0,56,219
06/06/2019,EUG,OR,ANM,WE,Combined TRACON& Tower with Radar,45,25,29,3,102,0,2,51,0,53,45,27,80,3,155,42,48,90,245
06/07/2019,EUG,OR,ANM,WE,Combined TRACON& Tower with Radar,50,12,18,15,95,0,2,18,3,23,50,14,36,18,118,36,30,66,184
06/08/2019,EUG,OR,ANM,WE,Combined TRACON& Tower with Radar,37,11,18,0,66,0,2,80,2,84,37,13,98,2,150,4,0,4,154
06/09/2019,EUG,OR,ANM,WE,Combined TRACON& Tower with Radar,46,7,10,0,63,0,1,65,0,66,46,8,75,0,129,32,0,32,161
06/10/2019,EUG,OR,ANM,WE,Combined TRACON& Tower with Radar,46,16,22,16,100,0,1,71,1,73,46,17,93,17,173,164,38,202,375
06/11/2019,EUG,OR,ANM,WE,Combined TRACON& Tower with Radar,44,15,11,11,81,0,3,98,4,105,44,18,109,15,186,148,28,176,362
06/12/2019,EUG,OR,ANM,WE,Combined TRACON& Tower with Radar,48,19,15,23,105,0,5,81,0,86,48,24,96,23,191,70,0,70,261
06/13/2019,EUG,OR,ANM,WE,Combined TRACON& Tower with Radar,44,14,28,0,86,0,2,97,0,99,44,16,125,0,185,56,0,56,241
06/14/2019,EUG,OR,ANM,WE,Combined TRACON& Tower with Radar,52,14,19,11,96,1,2,72,0,75,53,16,91,11,171,66,14,80,251
06/15/2019,EUG,OR,ANM,WE,Combined TRACON& Tower with Radar,38,14,13,0,65,0,0,88,0,88,38,14,101,0,153,72,0,72,225
06/16/2019,EUG,OR,ANM,WE,Combined TRACON& Tower with Radar,45,12,20,0,77,0,0,67,2,69,45,12,87,2,146,12,16,28,174
06/17/2019,EUG,OR,ANM,WE,Combined TRACON& Tower with Radar,47,16,16,16,95,0,5,71,2,78,47,21,87,18,173,44,0,44,217
06/18/2019,EUG,OR,ANM,WE,Combined TRACON& Tower with Radar,45,20,22,30,117,1,4,52,1,58,46,24,74,31,175,36,18,54,229
06/19/2019,EUG,OR,ANM,WE,Combined TRACON& Tower with Radar,46,13,25,17,101,0,5,41,5,51,46,18,66,22,152,34,32,66,218
06/20/2019,EUG,OR,ANM,WE,Combined TRACON& Tower with Radar,43,12,26,15,96,0,6,45,0,51,43,18,71,15,147,52,0,52,199
06/21/2019,EUG,OR,ANM,WE,Combined TRACON& Tower with Radar,50,10,16,6,82,0,1,63,2,66,50,11,79,8,148,90,0,90,238
06/22/2019,EUG,OR,ANM,WE,Combined TRACON& Tower with Radar,35,11,6,0,52,0,0,66,1,67,35,11,72,1,119,96,0,96,215
06/23/2019,EUG,OR,ANM,WE,Combined TRACON& Tower with Radar,43,7,8,0,58,0,0,40,0,40,43,7,48,0,98,18,0,18,116
06/24/2019,EUG,OR,ANM,WE,Combined TRACON& Tower with Radar,49,10,15,4,78,0,4,65,0,69,49,14,80,4,147,36,0,36,183
06/25/2019,EUG,OR,ANM,WE,Combined TRACON& Tower with Radar,44,12,14,6,76,0,4,62,1,67,44,16,76,7,143,56,0,56,199
06/26/2019,EUG,OR,ANM,WE,Combined TRACON& Tower with Radar,50,10,29,0,89,0,0,44,0,44,50,10,73,0,133,56,0,56,189
06/27/2019,EUG,OR,ANM,WE,Combined TRACON& Tower with Radar,44,14,24,4,86,0,1,17,0,18,44,15,41,4,104,18,0,18,122
06/28/2019,EUG,OR,ANM,WE,Combined TRACON& Tower with Radar,50,13,42,5,110,0,1,70,0,71,50,14,112,5,181,38,0,38,219
06/29/2019,EUG,OR,ANM,WE,Combined TRACON& Tower with Radar,38,12,25,0,75,0,0,75,1,76,38,12,100,1,151,36,0,36,187
06/30/2019,EUG,OR,ANM,WE,Combined TRACON& Tower with Radar,41,7,20,0,68,0,0,94,0,94,41,7,114,0,162,52,0,52,214
07/01/2019,EUG,OR,ANM,WE,Combined TRACON& Tower with Radar,54,18,17,4,93,0,0,18,0,18,54,18,35,4,111,30,0,30,141
07/02/2019,EUG,OR,ANM,WE,Combined TRACON& Tower with Radar,41,14,34,0,89,0,4,52,0,56,41,18,86,0,145,48,0,48,193
07/03/2019,EUG,OR,ANM,WE,Combined TRACON& Tower with Radar,46,9,20,9,84,0,5,58,1,64,46,14,78,10,148,116,8,124,272
07/04/2019,EUG,OR,ANM,WE,Combined TRACON& Tower with Radar,37,6,10,0,53,0,0,53,0,53,37,6,63,0,106,10,0,10,116
07/05/2019,EUG,OR,ANM,WE,Combined TRACON& Tower with Radar,46,8,14,0,68,0,2,40,0,42,46,10,54,0,110,78,0,78,188
07/06/2019,EUG,OR,ANM,WE,Combined TRACON& Tower with Radar,38,10,22,0,70,0,0,34,0,34,38,10,56,0,104,22,0,22,126
07/07/2019,EUG,OR,ANM,WE,Combined TRACON& Tower with Radar,43,7,27,0,77,1,1,65,0,67,44,8,92,0,144,10,0,10,154
07/08/2019,EUG,OR,ANM,WE,Combined TRACON& Tower with Radar,50,14,16,0,80,0,3,75,0,78,50,17,91,0,158,92,0,92,250
07/09/2019,EUG,OR,ANM,WE,Combined TRACON& Tower with Radar,44,17,22,0,83,0,3,44,0,47,44,20,66,0,130,42,0,42,172
07/10/2019,EUG,OR,ANM,WE,Combined TRACON& Tower with Radar,45,16,19,6,86,0,0,51,0,51,45,16,70,6,137,118,6,124,261
07/11/2019,EUG,OR,ANM,WE,Combined TRACON& Tower with Radar,44,12,24,1,81,0,4,58,1,63,44,16,82,2,144,72,0,72,216
07/12/2019,EUG,OR,ANM,WE,Combined TRACON& Tower with Radar,50,8,24,2,84,0,5,110,0,115,50,13,134,2,199,52,0,52,251
07/13/2019,EUG,OR,ANM,WE,Combined TRACON& Tower with Radar,38,11,17,0,66,2,4,69,0,75,40,15,86,0,141,8,0,8,149
07/14/2019,EUG,OR,ANM,WE,Combined TRACON& Tower with Radar,43,6,11,0,60,0,0,104,0,104,43,6,115,0,164,26,0,26,190
07/15/2019,EUG,OR,ANM,WE,Combined TRACON& Tower with Radar,49,13,19,0,81,0,2,32,0,34,49,15,51,0,115,74,0,74,189
07/16/2019,EUG,OR,ANM,WE,Combined TRACON& Tower with Radar,43,13,30,0,86,0,3,57,0,60,43,16,87,0,146,62,0,62,208
07/17/2019,EUG,OR,ANM,WE,Combined TRACON& Tower with Radar,46,12,22,2,82,0,4,43,0,47,46,16,65,2,129,40,0,40,169
07/18/2019,EUG,OR,ANM,WE,Combined TRACON& Tower with Radar,42,14,24,0,80,0,8,67,0,75,42,22,91,0,155,88,0,88,243
07/19/2019,EUG,OR,ANM,WE,Combined TRACON& Tower with Radar,52,9,16,2,79,0,2,81,0,83,52,11,97,2,162,48,0,48,210
07/20/2019,EUG,OR,ANM,WE,Combined TRACON& Tower with Radar,38,12,12,0,62,0,2,68,0,70,38,14,80,0,132,26,0,26,158
07/21/2019,EUG,OR,ANM,WE,Combined TRACON& Tower with Radar,42,4,19,0,65,0,0,43,1,44,42,4,62,1,109,18,0,18,127
07/22/2019,EUG,OR,ANM,WE,Combined TRACON& Tower with Radar,50,13,12,0,75,0,4,70,0,74,50,17,82,0,149,98,0,98,247
07/23/2019,EUG,OR,ANM,WE,Combined TRACON& Tower with Radar,44,15,12,0,71,0,2,46,4,52,44,17,58,4,123,64,0,64,187
07/24/2019,EUG,OR,ANM,WE,Combined TRACON& Tower with Radar,47,7,29,0,83,0,5,84,0,89,47,12,113,0,172,32,0,32,204
07/25/2019,EUG,OR,ANM,WE,Combined TRACON& Tower with Radar,46,13,30,0,89,0,5,66,0,71,46,18,96,0,160,38,0,38,198
07/26/2019,EUG,OR,ANM,WE,Combined TRACON& Tower with Radar,50,12,13,0,75,0,1,91,0,92,50,13,104,0,167,132,2,134,301
07/27/2019,EUG,OR,ANM,WE,Combined TRACON& Tower with Radar,38,10,12,0,60,0,0,58,0,58,38,10,70,0,118,22,0,22,140
07/28/2019,EUG,OR,ANM,WE,Combined TRACON& Tower with Radar,47,12,18,0,77,1,2,43,0,46,48,14,61,0,123,16,0,16,139
07/29/2019,EUG,OR,ANM,WE,Combined TRACON& Tower with Radar,49,15,27,1,92,0,5,73,0,78,49,20,100,1,170,74,0,74,244
07/30/2019,EUG,OR,ANM,WE,Combined TRACON& Tower with Radar,43,15,21,1,80,0,3,45,0,48,43,18,66,1,128,66,0,66,194
07/31/2019,EUG,OR,ANM,WE,Combined TRACON& Tower with Radar,45,9,26,3,83,0,5,130,1,136,45,14,156,4,219,128,0,128,347
08/01/2019,EUG,OR,ANM,WE,Combined TRACON& Tower with Radar,44,14,14,9,81,0,2,75,0,77,44,16,89,9,158,58,0,58,216
08/02/2019,EUG,OR,ANM,WE,Combined TRACON& Tower with Radar,49,15,19,2,85,0,2,44,0,46,49,17,63,2,131,10,0,10,141
08/03/2019,EUG,OR,ANM,WE,Combined TRACON& Tower with Radar,38,12,13,0,63,0,1,59,0,60,38,13,72,0,123,58,0,58,181
08/04/2019,EUG,OR,ANM,WE,Combined TRACON& Tower with Radar,44,9,5,0,58,0,0,48,0,48,44,9,53,0,106,60,0,60,166
08/05/2019,EUG,OR,ANM,WE,Combined TRACON& Tower with Radar,54,13,16,8,91,0,2,93,0,95,54,15,109,8,186,102,0,102,288
08/06/2019,EUG,OR,ANM,WE,Combined TRACON& Tower with Radar,40,19,26,0,85,0,4,58,0,62,40,23,84,0,147,66,0,66,213
08/07/2019,EUG,OR,ANM,WE,Combined TRACON& Tower with Radar,43,16,30,0,89,0,1,16,0,17,43,17,46,0,106,64,0,64,170
08/08/2019,EUG,OR,ANM,WE,Combined TRACON& Tower with Radar,44,18,32,0,94,0,0,36,0,36,44,18,68,0,130,24,4,28,158
08/09/2019,EUG,OR,ANM,WE,Combined TRACON& Tower with Radar,49,16,24,0,89,0,1,30,1,32,49,17,54,1,121,64,0,64,185
08/10/2019,EUG,OR,ANM,WE,Combined TRACON& Tower with Radar,38,13,19,7,77,0,0,23,0,23,38,13,42,7,100,12,6,18,118
08/11/2019,EUG,OR,ANM,WE,Combined TRACON& Tower with Radar,44,8,16,0,68,0,1,52,0,53,44,9,68,0,121,28,0,28,149
08/12/2019,EUG,OR,ANM,WE,Combined TRACON& Tower with Radar,49,12,26,7,94,0,5,69,0,74,49,17,95,7,168,172,0,172,340
08/13/2019,EUG,OR,ANM,WE,Combined TRACON& Tower with Radar,46,11,17,4,78,0,4,73,0,77,46,15,90,4,155,86,0,86,241
08/14/2019,EUG,OR,ANM,WE,Combined TRACON& Tower with Radar,44,16,18,0,78,0,2,78,0,80,44,18,96,0,158,114,0,114,272
08/15/2019,EUG,OR,ANM,WE,Combined TRACON& Tower with Radar,46,11,19,2,78,0,5,88,0,93,46,16,107,2,171,16,0,16,187
08/16/2019,EUG,OR,ANM,WE,Combined TRACON& Tower with Radar,47,12,25,0,84,0,0,36,0,36,47,12,61,0,120,52,0,52,172
08/17/2019,EUG,OR,ANM,WE,Combined TRACON& Tower with Radar,36,11,8,0,55,0,0,40,0,40,36,11,48,0,95,34,0,34,129
08/18/2019,EUG,OR,ANM,WE,Combined TRACON& Tower with Radar,47,10,15,0,72,0,0,56,4,60,47,10,71,4,132,4,0,4,136
08/19/2019,EUG,OR,ANM,WE,Combined TRACON& Tower with Radar,48,17,17,0,82,0,4,41,0,45,48,21,58,0,127,38,0,38,165
08/20/2019,EUG,OR,ANM,WE,Combined TRACON& Tower with Radar,41,13,12,12,78,0,5,62,0,67,41,18,74,12,145,66,10,76,221
08/21/2019,EUG,OR,ANM,WE,Combined TRACON& Tower with Radar,42,18,31,8,99,0,0,13,0,13,42,18,44,8,112,18,0,18,130
08/22/2019,EUG,OR,ANM,WE,Combined TRACON& Tower with Radar,44,13,26,2,85,0,4,69,3,76,44,17,95,5,161,98,0,98,259
08/23/2019,EUG,OR,ANM,WE,Combined TRACON& Tower with Radar,47,9,17,0,73,0,3,95,0,98,47,12,112,0,171,78,0,78,249
08/24/2019,EUG,OR,ANM,WE,Combined TRACON& Tower with Radar,37,11,9,0,57,0,0,69,0,69,37,11,78,0,126,48,0,48,174
08/25/2019,EUG,OR,ANM,WE,Combined TRACON& Tower with Radar,42,10,20,0,72,0,0,79,0,79,42,10,99,0,151,92,0,92,243
08/26/2019,EUG,OR,ANM,WE,Combined TRACON& Tower with Radar,47,15,9,3,74,0,4,64,0,68,47,19,73,3,142,64,0,64,206
08/27/2019,EUG,OR,ANM,WE,Combined TRACON& Tower with Radar,34,14,6,1,55,0,3,82,1,86,34,17,88,2,141,114,0,114,255
08/28/2019,EUG,OR,ANM,WE,Combined TRACON& Tower with Radar,49,9,23,10,91,0,7,66,0,73,49,16,89,10,164,76,0,76,240
08/29/2019,EUG,OR,ANM,WE,Combined TRACON& Tower with Radar,50,14,15,0,79,0,3,47,0,50,50,17,62,0,129,38,0,38,167
08/30/2019,EUG,OR,ANM,WE,Combined TRACON& Tower with Radar,51,12,25,2,90,0,1,77,0,78,51,13,102,2,168,24,0,24,192
08/31/2019,EUG,OR,ANM,WE,Combined TRACON& Tower with Radar,36,9,9,0,54,0,1,73,0,74,36,10,82,0,128,22,0,22,150
09/01/2019,EUG,OR,ANM,WE,Combined TRACON& Tower with Radar,38,6,12,3,59,0,1,52,3,56,38,7,64,6,115,14,10,24,139
09/02/2019,EUG,OR,ANM,WE,Combined TRACON& Tower with Radar,51,7,15,0,73,0,1,92,0,93,51,8,107,0,166,78,0,78,244
09/03/2019,EUG,OR,ANM,WE,Combined TRACON& Tower with Radar,47,16,18,1,82,0,2,91,0,93,47,18,109,1,175,74,4,78,253
09/04/2019,EUG,OR,ANM,WE,Combined TRACON& Tower with Radar,44,12,38,6,100,0,5,54,0,59,44,17,92,6,159,70,0,70,229
09/05/2019,EUG,OR,ANM,WE,Combined TRACON& Tower with Radar,49,12,19,2,82,0,4,70,0,74,49,16,89,2,156,54,0,54,210
09/06/2019,EUG,OR,ANM,WE,Combined TRACON& Tower with Radar,52,12,10,2,76,0,2,86,0,88,52,14,96,2,164,70,0,70,234
09/07/2019,EUG,OR,ANM,WE,Combined TRACON& Tower with Radar,43,7,19,2,71,0,1,4,0,5,43,8,23,2,76,6,0,6,82
09/08/2019,EUG,OR,ANM,WE,Combined TRACON& Tower with Radar,45,8,18,0,71,0,0,12,0,12,45,8,30,0,83,10,0,10,93
09/09/2019,EUG,OR,ANM,WE,Combined TRACON& Tower with Radar,50,13,23,0,86,0,1,5,1,7,50,14,28,1,93,14,0,14,107
09/10/2019,EUG,OR,ANM,WE,Combined TRACON& Tower with Radar,43,14,12,2,71,0,1,6,0,7,43,15,18,2,78,0,0,0,78
09/11/2019,EUG,OR,ANM,WE,Combined TRACON& Tower with Radar,43,12,34,0,89,0,4,47,1,52,43,16,81,1,141,102,0,102,243
09/12/2019,EUG,OR,ANM,WE,Combined TRACON& Tower with Radar,46,9,29,0,84,0,5,84,0,89,46,14,113,0,173,58,0,58,231
09/13/2019,EUG,OR,ANM,WE,Combined TRACON& Tower with Radar,51,16,16,3,86,0,1,38,1,40,51,17,54,4,126,44,0,44,170
09/14/2019,EUG,OR,ANM,WE,Combined TRACON& Tower with Radar,41,13,15,0,69,0,0,55,0,55,41,13,70,0,124,16,0,16,140
09/15/2019,EUG,OR,ANM,WE,Combined TRACON& Tower with Radar,42,10,26,0,78,0,2,1,0,3,42,12,27,0,81,0,0,0,81
09/16/2019,EUG,OR,ANM,WE,Combined TRACON& Tower with Radar,50,12,25,0,87,0,2,20,0,22,50,14,45,0,109,28,0,28,137
09/17/2019,EUG,OR,ANM,WE,Combined TRACON& Tower with Radar,43,17,17,0,77,0,0,0,0,0,43,17,17,0,77,0,0,0,77
09/18/2019,EUG,OR,ANM,WE,Combined TRACON& Tower with Radar,44,17,25,2,88,0,0,2,0,2,44,17,27,2,90,0,0,0,90
09/19/2019,EUG,OR,ANM,WE,Combined TRACON& Tower with Radar,43,13,29,0,85,0,2,57,1,60,43,15,86,1,145,60,0,60,205
09/20/2019,EUG,OR,ANM,WE,Combined TRACON& Tower with Radar,50,17,18,0,85,0,1,22,0,23,50,18,40,0,108,22,0,22,130
09/21/2019,EUG,OR,ANM,WE,Combined TRACON& Tower with Radar,41,7,33,0,81,0,1,42,0,43,41,8,75,0,124,34,0,34,158
09/22/2019,EUG,OR,ANM,WE,Combined TRACON& Tower with Radar,47,7,9,0,63,0,0,2,0,2,47,7,11,0,65,0,0,0,65
09/23/2019,EUG,OR,ANM,WE,Combined TRACON& Tower with Radar,47,17,22,1,87,0,2,79,0,81,47,19,101,1,168,34,0,34,202
09/24/2019,EUG,OR,ANM,WE,Combined TRACON& Tower with Radar,43,13,16,0,72,0,2,53,0,55,43,15,69,0,127,46,0,46,173
09/25/2019,EUG,OR,ANM,WE,Combined TRACON& Tower with Radar,42,15,23,7,87,0,6,99,0,105,42,21,122,7,192,116,0,116,308
09/26/2019,EUG,OR,ANM,WE,Combined TRACON& Tower with Radar,46,18,26,23,113,0,3,24,1,28,46,21,50,24,141,42,22,64,205
09/27/2019,EUG,OR,ANM,WE,Combined TRACON& Tower with Radar,48,14,35,0,97,0,1,34,0,35,48,15,69,0,132,12,0,12,144
09/28/2019,EUG,OR,ANM,WE,Combined TRACON& Tower with Radar,41,9,9,0,59,0,0,10,0,10,41,9,19,0,69,0,0,0,69
09/29/2019,EUG,OR,ANM,WE,Combined TRACON& Tower with Radar,42,10,12,0,64,0,1,7,0,8,42,11,19,0,72,0,0,0,72
09/30/2019,EUG,OR,ANM,WE,Combined TRACON& Tower with Radar,49,15,14,2,80,0,1,55,2,58,49,16,69,4,138,44,26,70,208
10/01/2019,EUG,OR,ANM,WE,Combined TRACON& Tower with Radar,42,13,21,0,76,0,4,68,0,72,42,17,89,0,148,86,2,88,236
10/02/2019,EUG,OR,ANM,WE,Combined TRACON& Tower with Radar,44,13,26,53,136,0,4,62,4,70,44,17,88,57,206,94,10,104,310
10/03/2019,EUG,OR,ANM,WE,Combined TRACON& Tower with Radar,44,19,17,4,84,0,1,23,0,24,44,20,40,4,108,64,0,64,172
10/04/2019,EUG,OR,ANM,WE,Combined TRACON& Tower with Radar,51,22,32,29,134,0,2,25,4,31,51,24,57,33,165,20,14,34,199
10/05/2019,EUG,OR,ANM,WE,Combined TRACON& Tower with Radar,44,12,38,0,94,0,0,46,0,46,44,12,84,0,140,28,0,28,168
10/06/2019,EUG,OR,ANM,WE,Combined TRACON& Tower with Radar,46,11,17,0,74,0,0,65,0,65,46,11,82,0,139,34,0,34,173
10/07/2019,EUG,OR,ANM,WE,Combined TRACON& Tower with Radar,52,12,29,33,126,0,2,62,0,64,52,14,91,33,190,66,60,126,316
10/08/2019,EUG,OR,ANM,WE,Combined TRACON& Tower with Radar,48,12,23,20,103,0,1,21,3,25,48,13,44,23,128,6,20,26,154
10/09/2019,EUG,OR,ANM,WE,Combined TRACON& Tower with Radar,48,27,20,23,118,0,1,52,0,53,48,28,72,23,171,64,10,74,245
10/10/2019,EUG,OR,ANM,WE,Combined TRACON& Tower with Radar,49,12,10,3,74,0,7,76,0,83,49,19,86,3,157,46,0,46,203
10/11/2019,EUG,OR,ANM,WE,Combined TRACON& Tower with Radar,54,12,21,8,95,0,4,85,0,89,54,16,106,8,184,56,8,64,248
10/12/2019,EUG,OR,ANM,WE,Combined TRACON& Tower with Radar,47,5,16,0,68,0,5,47,0,52,47,10,63,0,120,6,0,6,126
10/13/2019,EUG,OR,ANM,WE,Combined TRACON& Tower with Radar,47,5,9,0,61,1,0,31,0,32,48,5,40,0,93,10,0,10,103
10/14/2019,EUG,OR,ANM,WE,Combined TRACON& Tower with Radar,52,10,27,1,90,1,3,57,0,61,53,13,84,1,151,102,0,102,253
10/15/2019,EUG,OR,ANM,WE,Combined TRACON& Tower with Radar,50,13,25,8,96,0,3,75,0,78,50,16,100,8,174,106,0,106,280
10/16/2019,EUG,OR,ANM,WE,Combined TRACON& Tower with Radar,47,18,12,24,101,0,0,12,0,12,47,18,24,24,113,94,0,94,207
10/17/2019,EUG,OR,ANM,WE,Combined TRACON& Tower with Radar,47,18,24,5,94,0,1,12,0,13,47,19,36,5,107,28,0,28,135
10/18/2019,EUG,OR,ANM,WE,Combined TRACON& Tower with Radar,54,19,24,13,110,0,0,7,0,7,54,19,31,13,117,0,0,0,117
10/19/2019,EUG,OR,ANM,WE,Combined TRACON& Tower with Radar,47,4,8,0,59,0,0,6,0,6,47,4,14,0,65,0,0,0,65
10/20/2019,EUG,OR,ANM,WE,Combined TRACON& Tower with Radar,44,11,15,2,72,0,0,10,0,10,44,11,25,2,82,14,0,14,96
10/21/2019,EUG,OR,ANM,WE,Combined TRACON& Tower with Radar,53,10,18,33,114,0,2,37,5,44,53,12,55,38,158,14,54,68,226
10/22/2019,EUG,OR,ANM,WE,Combined TRACON& Tower with Radar,46,16,21,2,85,3,5,24,0,32,49,21,45,2,117,106,0,106,223
10/23/2019,EUG,OR,ANM,WE,Combined TRACON& Tower with Radar,49,16,31,11,107,4,3,49,0,56,53,19,80,11,163,62,14,76,239
10/24/2019,EUG,OR,ANM,WE,Combined TRACON& Tower with Radar,50,20,16,0,86,0,4,46,0,50,50,24,62,0,136,72,0,72,208
10/25/2019,EUG,OR,ANM,WE,Combined TRACON& Tower with Radar,53,19,31,0,103,0,0,94,0,94,53,19,125,0,197,54,0,54,251
10/26/2019,EUG,OR,ANM,WE,Combined TRACON& Tower with Radar,41,14,19,0,74,0,0,44,0,44,41,14,63,0,118,24,0,24,142
10/27/2019,EUG,OR,ANM,WE,Combined TRACON& Tower with Radar,41,12,25,0,78,0,2,55,0,57,41,14,80,0,135,54,0,54,189
10/28/2019,EUG,OR,ANM,WE,Combined TRACON& Tower with Radar,44,33,19,48,144,0,4,90,7,101,44,37,109,55,245,154,64,218,463
10/29/2019,EUG,OR,ANM,WE,Combined TRACON& Tower with Radar,40,13,15,26,94,0,3,36,0,39,40,16,51,26,133,16,48,64,197
10/30/2019,EUG,OR,ANM,WE,Combined TRACON& Tower with Radar,40,15,14,0,69,0,4,64,0,68,40,19,78,0,137,116,0,116,253
10/31/2019,EUG,OR,ANM,WE,Combined TRACON& Tower with Radar,36,10,11,11,68,0,4,85,0,89,36,14,96,11,157,118,0,118,275
11/01/2019,EUG,OR,ANM,WE,Combined TRACON& Tower with Radar,45,14,17,15,91,0,4,79,1,84,45,18,96,16,175,88,44,132,307
11/02/2019,EUG,OR,ANM,WE,Combined TRACON& Tower with Radar,38,13,21,0,72,0,0,58,1,59,38,13,79,1,131,68,0,68,199
11/03/2019,EUG,OR,ANM,WE,Combined TRACON& Tower with Radar,40,14,14,2,70,0,0,35,3,38,40,14,49,5,108,2,0,2,110
11/04/2019,EUG,OR,ANM,WE,Combined TRACON& Tower with Radar,46,21,11,16,94,0,2,32,0,34,46,23,43,16,128,76,20,96,224
11/05/2019,EUG,OR,ANM,WE,Combined TRACON& Tower with Radar,38,15,11,7,71,0,0,0,0,0,38,15,11,7,71,0,0,0,71
11/06/2019,EUG,OR,ANM,WE,Combined TRACON& Tower with Radar,40,19,20,0,79,0,0,1,0,1,40,19,21,0,80,0,0,0,80
11/07/2019,EUG,OR,ANM,WE,Combined TRACON& Tower with Radar,41,19,21,0,81,0,1,19,0,20,41,20,40,0,101,30,0,30,131
11/08/2019,EUG,OR,ANM,WE,Combined TRACON& Tower with Radar,46,15,28,1,90,1,2,78,1,82,47,17,106,2,172,60,0,60,232
11/09/2019,EUG,OR,ANM,WE,Combined TRACON& Tower with Radar,35,16,16,0,67,0,0,12,0,12,35,16,28,0,79,24,0,24,103
11/10/2019,EUG,OR,ANM,WE,Combined TRACON& Tower with Radar,41,12,29,0,82,0,0,37,0,37,41,12,66,0,119,20,0,20,139
11/11/2019,EUG,OR,ANM,WE,Combined TRACON& Tower with Radar,43,21,23,0,87,0,1,34,0,35,43,22,57,0,122,14,0,14,136
11/12/2019,EUG,OR,ANM,WE,Combined TRACON& Tower with Radar,39,26,26,53,144,0,1,23,18,42,39,27,49,71,186,64,20,84,270
11/13/2019,EUG,OR,ANM,WE,Combined TRACON& Tower with Radar,41,21,28,0,90,0,0,0,0,0,41,21,28,0,90,0,0,0,90
11/14/2019,EUG,OR,ANM,WE,Combined TRACON& Tower with Radar,38,20,31,33,122,0,0,8,0,8,38,20,39,33,130,4,0,4,134
11/15/2019,EUG,OR,ANM,WE,Combined TRACON& Tower with Radar,52,19,41,2,114,0,0,12,0,12,52,19,53,2,126,10,0,10,136
11/16/2019,EUG,OR,ANM,WE,Combined TRACON& Tower with Radar,39,15,24,1,79,0,0,17,0,17,39,15,41,1,96,14,0,14,110
11/17/2019,EUG,OR,ANM,WE,Combined TRACON& Tower with Radar,49,17,22,0,88,0,0,20,0,20,49,17,42,0,108,2,0,2,110
11/18/2019,EUG,OR,ANM,WE,Combined TRACON& Tower with Radar,43,27,32,14,116,0,0,28,0,28,43,27,60,14,144,42,0,42,186
11/19/2019,EUG,OR,ANM,WE,Combined TRACON& Tower with Radar,39,21,28,21,109,0,0,16,2,18,39,21,44,23,127,52,26,78,205
11/20/2019,EUG,OR,ANM,WE,Combined TRACON& Tower with Radar,42,18,37,12,109,4,2,59,0,65,46,20,96,12,174,166,6,172,346
11/21/2019,EUG,OR,ANM,WE,Combined TRACON& Tower with Radar,43,18,22,3,86,0,4,87,0,91,43,22,109,3,177,104,2,106,283
11/22/2019,EUG,OR,ANM,WE,Combined TRACON& Tower with Radar,48,14,27,1,90,0,3,49,0,52,48,17,76,1,142,52,0,52,194
11/23/2019,EUG,OR,ANM,WE,Combined TRACON& Tower with Radar,41,12,21,0,74,0,0,13,0,13,41,12,34,0,87,28,0,28,115
11/24/2019,EUG,OR,ANM,WE,Combined TRACON& Tower with Radar,42,10,11,0,63,0,0,3,0,3,42,10,14,0,66,10,0,10,76
11/25/2019,EUG,OR,ANM,WE,Combined TRACON& Tower with Radar,45,17,14,2,78,0,2,16,0,18,45,19,30,2,96,104,0,104,200
11/26/2019,EUG,OR,ANM,WE,Combined TRACON& Tower with Radar,40,19,11,23,93,0,1,4,0,5,40,20,15,23,98,36,0,36,134
11/27/2019,EUG,OR,ANM,WE,Combined TRACON& Tower with Radar,43,21,9,0,73,2,1,10,0,13,45,22,19,0,86,44,0,44,130
11/28/2019,EUG,OR,ANM,WE,Combined TRACON& Tower with Radar,27,5,5,0,37,0,0,14,0,14,27,5,19,0,51,10,0,10,61
11/29/2019,EUG,OR,ANM,WE,Combined TRACON& Tower with Radar,32,7,6,0,45,0,2,38,0,40,32,9,44,0,85,6,0,6,91
11/30/2019,EUG,OR,ANM,WE,Combined TRACON& Tower with Radar,44,15,31,0,90,0,0,12,1,13,44,15,43,1,103,6,0,6,109
12/01/2019,EUG,OR,ANM,WE,Combined TRACON& Tower with Radar,44,5,18,0,67,0,1,2,0,3,44,6,20,0,70,0,0,0,70
12/02/2019,EUG,OR,ANM,WE,Combined TRACON& Tower with Radar,44,24,28,44,140,5,3,32,2,42,49,27,60,46,182,34,30,64,246
12/03/2019,EUG,OR,ANM,WE,Combined TRACON& Tower with Radar,45,18,6,16,85,1,2,15,0,18,46,20,21,16,103,48,12,60,163
12/04/2019,EUG,OR,ANM,WE,Combined TRACON& Tower with Radar,35,10,9,0,54,0,0,0,0,0,35,10,9,0,54,0,0,0,54
12/05/2019,EUG,OR,ANM,WE,Combined TRACON& Tower with Radar,41,30,15,8,94,0,3,19,1,23,41,33,34,9,117,38,0,38,155
12/06/2019,EUG,OR,ANM,WE,Combined TRACON& Tower with Radar,40,10,21,0,71,0,0,8,0,8,40,10,29,0,79,54,0,54,133
12/07/2019,EUG,OR,ANM,WE,Combined TRACON& Tower with Radar,37,9,9,0,55,0,0,0,0,0,37,9,9,0,55,0,0,0,55
12/08/2019,EUG,OR,ANM,WE,Combined TRACON& Tower with Radar,37,16,14,2,69,0,0,6,0,6,37,16,20,2,75,10,0,10,85
12/09/2019,EUG,OR,ANM,WE,Combined TRACON& Tower with Radar,40,20,38,28,126,0,0,4,0,4,40,20,42,28,130,52,18,70,200
12/10/2019,EUG,OR,ANM,WE,Combined TRACON& Tower with Radar,36,21,17,0,74,0,0,6,0,6,36,21,23,0,80,72,0,72,152
12/11/2019,EUG,OR,ANM,WE,Combined TRACON& Tower with Radar,37,19,24,15,95,0,1,17,9,27,37,20,41,24,122,46,48,94,216
12/12/2019,EUG,OR,ANM,WE,Combined TRACON& Tower with Radar,38,23,20,0,81,0,0,1,0,1,38,23,21,0,82,0,0,0,82
12/13/2019,EUG,OR,ANM,WE,Combined TRACON& Tower with Radar,43,16,18,18,95,0,2,22,1,25,43,18,40,19,120,86,26,112,232
12/14/2019,EUG,OR,ANM,WE,Combined TRACON& Tower with Radar,39,10,15,0,64,0,0,15,4,19,39,10,30,4,83,50,0,50,133
12/15/2019,EUG,OR,ANM,WE,Combined TRACON& Tower with Radar,40,10,19,0,69,1,0,9,0,10,41,10,28,0,79,10,0,10,89
12/16/2019,EUG,OR,ANM,WE,Combined TRACON& Tower with Radar,40,16,27,7,90,0,3,53,5,61,40,19,80,12,151,100,22,122,273
12/17/2019,EUG,OR,ANM,WE,Combined TRACON& Tower with Radar,35,19,20,15,89,0,2,11,0,13,35,21,31,15,102,18,0,18,120
12/18/2019,EUG,OR,ANM,WE,Combined TRACON& Tower with Radar,39,13,21,3,76,0,2,9,1,12,39,15,30,4,88,12,0,12,100
12/19/2019,EUG,OR,ANM,WE,Combined TRACON& Tower with Radar,37,20,20,8,85,0,0,0,2,2,37,20,20,10,87,0,0,0,87
12/20/2019,EUG,OR,ANM,WE,Combined TRACON& Tower with Radar,40,14,29,14,97,0,1,1,2,4,40,15,30,16,101,4,44,48,149
12/21/2019,EUG,OR,ANM,WE,Combined TRACON& Tower with Radar,42,19,12,0,73,0,0,0,0,0,42,19,12,0,73,0,0,0,73
12/22/2019,EUG,OR,ANM,WE,Combined TRACON& Tower with Radar,35,13,2,0,50,0,0,0,0,0,35,13,2,0,50,0,0,0,50
12/23/2019,EUG,OR,ANM,WE,Combined TRACON& Tower with Radar,44,23,17,4,88,0,0,25,0,25,44,23,42,4,113,52,2,54,167
12/24/2019,EUG,OR,ANM,WE,Combined TRACON& Tower with Radar,32,14,4,0,50,0,0,0,0,0,32,14,4,0,50,0,0,0,50
12/25/2019,EUG,OR,ANM,WE,Combined TRACON& Tower with Radar,36,10,5,0,51,0,0,4,0,4,36,10,9,0,55,0,0,0,55
12/26/2019,EUG,OR,ANM,WE,Combined TRACON& Tower with Radar,37,19,14,4,74,0,1,20,0,21,37,20,34,4,95,14,0,14,109
12/27/2019,EUG,OR,ANM,WE,Combined TRACON& Tower with Radar,42,16,11,0,69,0,0,1,0,1,42,16,12,0,70,12,0,12,82
12/28/2019,EUG,OR,ANM,WE,Combined TRACON& Tower with Radar,44,15,4,0,63,0,0,15,0,15,44,15,19,0,78,18,0,18,96
12/29/2019,EUG,OR,ANM,WE,Combined TRACON& Tower with Radar,42,22,14,0,78,0,0,1,0,1,42,22,15,0,79,0,0,0,79
12/30/2019,EUG,OR,ANM,WE,Combined TRACON& Tower with Radar,46,19,15,10,90,0,1,19,0,20,46,20,34,10,110,92,0,92,202
12/31/2019,EUG,OR,ANM,WE,Combined TRACON& Tower with Radar,34,17,7,4,62,0,1,22,0,23,34,18,29,4,85,16,2,18,103
01/01/2020,EUG,OR,ANM,WE,Combined TRACON& Tower with Radar,32,14,11,0,57,1,0,0,1,2,33,14,11,1,59,0,0,0,59
01/02/2020,EUG,OR,ANM,WE,Combined TRACON& Tower with Radar,40,17,14,16,87,0,1,19,6,26,40,18,33,22,113,66,16,82,195
01/03/2020,EUG,OR,ANM,WE,Combined TRACON& Tower with Radar,40,12,13,3,68,0,2,32,5,39,40,14,45,8,107,46,78,124,231
01/04/2020,EUG,OR,ANM,WE,Combined TRACON& Tower with Radar,40,14,24,0,78,0,1,16,4,21,40,15,40,4,99,10,0,10,109
01/05/2020,EUG,OR,ANM,WE,Combined TRACON& Tower with Radar,37,14,8,0,59,0,0,0,0,0,37,14,8,0,59,0,0,0,59
01/06/2020,EUG,OR,ANM,WE,Combined TRACON& Tower with Radar,39,24,10,24,97,0,2,3,0,5,39,26,13,24,102,0,12,12,114
01/07/2020,EUG,OR,ANM,WE,Combined TRACON& Tower with Radar,30,20,13,72,135,0,6,19,5,30,30,26,32,77,165,6,68,74,239
01/08/2020,EUG,OR,ANM,WE,Combined TRACON& Tower with Radar,34,24,14,20,92,0,0,10,0,10,34,24,24,20,102,52,24,76,178
01/09/2020,EUG,OR,ANM,WE,Combined TRACON& Tower with Radar,32,22,29,22,105,0,0,11,0,11,32,22,40,22,116,24,0,24,140
01/10/2020,EUG,OR,ANM,WE,Combined TRACON& Tower with Radar,39,17,13,0,69,0,0,7,0,7,39,17,20,0,76,14,0,14,90
01/11/2020,EUG,OR,ANM,WE,Combined TRACON& Tower with Radar,30,13,6,6,55,0,0,11,0,11,30,13,17,6,66,16,12,28,94
01/12/2020,EUG,OR,ANM,WE,Combined TRACON& Tower with Radar,34,11,4,4,53,0,0,0,0,0,34,11,4,4,53,0,0,0,53
01/13/2020,EUG,OR,ANM,WE,Combined TRACON& Tower with Radar,39,25,11,0,75,0,0,3,0,3,39,25,14,0,78,16,0,16,94
01/14/2020,EUG,OR,ANM,WE,Combined TRACON& Tower with Radar,30,22,8,0,60,0,1,29,0,30,30,23,37,0,90,38,0,38,128
01/15/2020,EUG,OR,ANM,WE,Combined TRACON& Tower with Radar,29,29,7,4,69,0,2,11,0,13,29,31,18,4,82,18,0,18,100
01/16/2020,EUG,OR,ANM,WE,Combined TRACON& Tower with Radar,34,24,11,55,124,0,2,6,5,13,34,26,17,60,137,10,40,50,187
01/17/2020,EUG,OR,ANM,WE,Combined TRACON& Tower with Radar,34,18,10,1,63,1,1,18,0,20,35,19,28,1,83,116,0,116,199
01/18/2020,EUG,OR,ANM,WE,Combined TRACON& Tower with Radar,28,17,4,0,49,0,0,6,0,6,28,17,10,0,55,24,0,24,79
01/19/2020,EUG,OR,ANM,WE,Combined TRACON& Tower with Radar,29,11,23,2,65,0,0,40,0,40,29,11,63,2,105,36,0,36,141
01/20/2020,EUG,OR,ANM,WE,Combined TRACON& Tower with Radar,38,21,21,0,80,0,1,29,0,30,38,22,50,0,110,34,0,34,144
01/21/2020,EUG,OR,ANM,WE,Combined TRACON& Tower with Radar,33,20,12,14,79,0,1,10,0,11,33,21,22,14,90,54,0,54,144
01/22/2020,EUG,OR,ANM,WE,Combined TRACON& Tower with Radar,29,26,39,51,145,0,0,14,0,14,29,26,53,51,159,106,0,106,265
01/23/2020,EUG,OR,ANM,WE,Combined TRACON& Tower with Radar,34,36,33,27,130,0,6,35,32,73,34,42,68,59,203,74,92,166,369
01/24/2020,EUG,OR,ANM,WE,Combined TRACON& Tower with Radar,42,20,18,6,86,0,2,49,12,63,42,22,67,18,149,156,0,156,305
01/25/2020,EUG,OR,ANM,WE,Combined TRACON& Tower with Radar,32,17,8,10,67,0,0,41,0,41,32,17,49,10,108,40,0,40,148
01/26/2020,EUG,OR,ANM,WE,Combined TRACON& Tower with Radar,33,20,10,0,63,0,0,19,0,19,33,20,29,0,82,10,0,10,92
01/27/2020,EUG,OR,ANM,WE,Combined TRACON& Tower with Radar,38,26,20,0,84,1,1,10,0,12,39,27,30,0,96,10,0,10,106
01/28/2020,EUG,OR,ANM,WE,Combined TRACON& Tower with Radar,31,25,13,36,105,1,0,1,0,2,32,25,14,36,107,12,4,16,123
01/29/2020,EUG,OR,ANM,WE,Combined TRACON& Tower with Radar,31,23,22,12,88,0,2,13,3,18,31,25,35,15,106,64,8,72,178
01/30/2020,EUG,OR,ANM,WE,Combined TRACON& Tower with Radar,35,22,18,18,93,0,2,26,0,28,35,24,44,18,121,22,2,24,145
01/31/2020,EUG,OR,ANM,WE,Combined TRACON& Tower with Radar,39,16,16,9,80,0,1,72,1,74,39,17,88,10,154,100,12,112,266
02/01/2020,EUG,OR,ANM,WE,Combined TRACON& Tower with Radar,32,19,7,0,58,0,0,1,0,1,32,19,8,0,59,0,0,0,59
02/02/2020,EUG,OR,ANM,WE,Combined TRACON& Tower with Radar,29,16,11,0,56,0,1,32,1,34,29,17,43,1,90,42,0,42,132
02/03/2020,EUG,OR,ANM,WE,Combined TRACON& Tower with Radar,39,23,25,13,100,0,2,48,3,53,39,25,73,16,153,54,0,54,207
02/04/2020,EUG,OR,ANM,WE,Combined TRACON& Tower with Radar,32,25,27,11,95,0,2,37,18,57,32,27,64,29,152,42,34,76,228
02/05/2020,EUG,OR,ANM,WE,Combined TRACON& Tower with Radar,30,27,18,23,98,0,0,6,2,8,30,27,24,25,106,0,70,70,176
02/06/2020,EUG,OR,ANM,WE,Combined TRACON& Tower with Radar,35,23,36,44,138,0,0,12,1,13,35,23,48,45,151,92,50,142,293
02/07/2020,EUG,OR,ANM,WE,Combined TRACON& Tower with Radar,37,19,26,37,119,0,0,20,0,20,37,19,46,37,139,138,36,174,313
02/08/2020,EUG,OR,ANM,WE,Combined TRACON& Tower with Radar,40,12,14,14,80,0,0,2,0,2,40,12,16,14,82,0,0,0,82
02/09/2020,EUG,OR,ANM,WE,Combined TRACON& Tower with Radar,32,18,25,0,75,0,1,24,0,25,32,19,49,0,100,20,0,20,120
02/10/2020,EUG,OR,ANM,WE,Combined TRACON& Tower with Radar,38,20,17,0,75,0,2,22,0,24,38,22,39,0,99,38,0,38,137
02/11/2020,EUG,OR,ANM,WE,Combined TRACON& Tower with Radar,32,20,27,21,100,0,2,28,0,30,32,22,55,21,130,24,12,36,166
02/12/2020,EUG,OR,ANM,WE,Combined TRACON& Tower with Radar,28,25,37,19,109,0,0,2,0,2,28,25,39,19,111,0,0,0,111
02/13/2020,EUG,OR,ANM,WE,Combined TRACON& Tower with Radar,39,28,27,8,102,0,0,9,0,9,39,28,36,8,111,18,0,18,129
02/14/2020,EUG,OR,ANM,WE,Combined TRACON& Tower with Radar,32,21,19,8,80,0,2,29,0,31,32,23,48,8,111,78,0,78,189
02/15/2020,EUG,OR,ANM,WE,Combined TRACON& Tower with Radar,27,18,3,0,48,0,2,2,0,4,27,20,5,0,52,0,0,0,52
02/16/2020,EUG,OR,ANM,WE,Combined TRACON& Tower with Radar,33,18,14,0,65,1,0,18,0,19,34,18,32,0,84,18,0,18,102
02/17/2020,EUG,OR,ANM,WE,Combined TRACON& Tower with Radar,29,22,21,0,72,0,3,37,0,40,29,25,58,0,112,46,0,46,158
02/18/2020,EUG,OR,ANM,WE,Combined TRACON& Tower with Radar,28,34,21,19,102,0,2,57,1,60,28,36,78,20,162,68,10,78,240
02/19/2020,EUG,OR,ANM,WE,Combined TRACON& Tower with Radar,31,26,20,24,101,0,4,59,1,64,31,30,79,25,165,76,28,104,269
02/20/2020,EUG,OR,ANM,WE,Combined TRACON& Tower with Radar,38,22,23,4,87,0,4,109,0,113,38,26,132,4,200,156,22,178,378
02/21/2020,EUG,OR,ANM,WE,Combined TRACON& Tower with Radar,30,19,27,28,104,0,3,80,2,85,30,22,107,30,189,84,26,110,299
02/22/2020,EUG,OR,ANM,WE,Combined TRACON& Tower with Radar,31,18,7,2,58,0,1,36,0,37,31,19,43,2,95,70,0,70,165
02/23/2020,EUG,OR,ANM,WE,Combined TRACON& Tower with Radar,38,18,6,0,62,0,0,1,0,1,38,18,7,0,63,0,0,0,63
02/24/2020,EUG,OR,ANM,WE,Combined TRACON& Tower with Radar,30,28,30,7,95,0,1,60,22,83,30,29,90,29,178,64,56,120,298
02/25/2020,EUG,OR,ANM,WE,Combined TRACON& Tower with Radar,28,25,28,29,110,0,4,40,8,52,28,29,68,37,162,66,38,104,266
02/26/2020,EUG,OR,ANM,WE,Combined TRACON& Tower with Radar,29,24,16,24,93,0,2,48,5,55,29,26,64,29,148,124,30,154,302
02/27/2020,EUG,OR,ANM,WE,Combined TRACON& Tower with Radar,40,27,22,13,102,0,4,73,1,78,40,31,95,14,180,102,6,108,288
02/28/2020,EUG,OR,ANM,WE,Combined TRACON& Tower with Radar,33,21,27,0,81,0,0,27,4,31,33,21,54,4,112,68,0,68,180
02/29/2020,EUG,OR,ANM,WE,Combined TRACON& Tower with Radar,29,18,3,0,50,0,0,10,0,10,29,18,13,0,60,10,0,10,70
03/01/2020,EUG,OR,ANM,WE,Combined TRACON& Tower with Radar,36,19,22,1,78,0,0,19,0,19,36,19,41,1,97,0,0,0,97
03/02/2020,EUG,OR,ANM,WE,Combined TRACON& Tower with Radar,29,25,35,5,94,0,0,22,0,22,29,25,57,5,116,78,46,124,240
03/03/2020,EUG,OR,ANM,WE,Combined TRACON& Tower with Radar,29,23,27,25,104,0,2,41,1,44,29,25,68,26,148,36,34,70,218
03/04/2020,EUG,OR,ANM,WE,Combined TRACON& Tower with Radar,31,25,19,29,104,0,3,27,8,38,31,28,46,37,142,48,32,80,222
03/05/2020,EUG,OR,ANM,WE,Combined TRACON& Tower with Radar,42,22,35,17,116,0,3,69,0,72,42,25,104,17,188,100,10,110,298
03/06/2020,EUG,OR,ANM,WE,Combined TRACON& Tower with Radar,34,18,24,12,88,0,0,0,0,0,34,18,24,12,88,10,0,10,98
03/07/2020,EUG,OR,ANM,WE,Combined TRACON& Tower with Radar,38,15,11,8,72,0,0,4,0,4,38,15,15,8,76,4,0,4,80
03/08/2020,EUG,OR,ANM,WE,Combined TRACON& Tower with Radar,43,13,7,0,63,0,0,0,0,0,43,13,7,0,63,0,0,0,63
03/09/2020,EUG,OR,ANM,WE,Combined TRACON& Tower with Radar,37,23,40,14,114,0,1,35,0,36,37,24,75,14,150,18,0,18,168
03/10/2020,EUG,OR,ANM,WE,Combined TRACON& Tower with Radar,39,26,17,23,105,0,5,79,4,88,39,31,96,27,193,158,60,218,411
03/11/2020,EUG,OR,ANM,WE,Combined TRACON& Tower with Radar,36,16,27,26,105,0,5,49,4,58,36,21,76,30,163,88,64,152,315
03/12/2020,EUG,OR,ANM,WE,Combined TRACON& Tower with Radar,44,17,15,25,101,0,6,52,4,62,44,23,67,29,163,28,28,56,219
03/13/2020,EUG,OR,ANM,WE,Combined TRACON& Tower with Radar,35,14,14,7,70,0,2,10,0,12,35,16,24,7,82,28,0,28,110
03/14/2020,EUG,OR,ANM,WE,Combined TRACON& Tower with Radar,34,19,4,2,59,0,0,7,0,7,34,19,11,2,66,22,0,22,88
03/15/2020,EUG,OR,ANM,WE,Combined TRACON& Tower with Radar,41,14,9,0,64,0,2,40,0,42,41,16,49,0,106,18,0,18,124
03/16/2020,EUG,OR,ANM,WE,Combined TRACON& Tower with Radar,36,17,10,27,90,0,3,22,1,26,36,20,32,28,116,34,14,48,164
03/17/2020,EUG,OR,ANM,WE,Combined TRACON& Tower with Radar,38,20,27,26,111,0,2,61,3,66,38,22,88,29,177,64,42,106,283
03/18/2020,EUG,OR,ANM,WE,Combined TRACON& Tower with Radar,35,17,15,29,96,0,3,63,1,67,35,20,78,30,163,50,16,66,229
03/19/2020,EUG,OR,ANM,WE,Combined TRACON& Tower with Radar,41,8,13,0,62,0,5,78,0,83,41,13,91,0,145,76,0,76,221
03/20/2020,EUG,OR,ANM,WE,Combined TRACON& Tower with Radar,33,17,16,6,72,0,3,51,0,54,33,20,67,6,126,48,0,48,174
03/21/2020,EUG,OR,ANM,WE,Combined TRACON& Tower with Radar,31,13,8,0,52,0,0,41,0,41,31,13,49,0,93,56,0,56,149
03/22/2020,EUG,OR,ANM,WE,Combined TRACON& Tower with Radar,35,10,19,0,64,2,0,48,0,50,37,10,67,0,114,28,0,28,142
03/23/2020,EUG,OR,ANM,WE,Combined TRACON& Tower with Radar,34,19,10,17,80,0,0,4,1,5,34,19,14,18,85,0,6,6,91
03/24/2020,EUG,OR,ANM,WE,Combined TRACON& Tower with Radar,25,18,4,0,47,0,0,0,0,0,25,18,4,0,47,0,0,0,47
03/25/2020,EUG,OR,ANM,WE,Combined TRACON& Tower with Radar,26,18,9,4,57,0,1,2,0,3,26,19,11,4,60,6,0,6,66
03/26/2020,EUG,OR,ANM,WE,Combined TRACON& Tower with Radar,27,8,15,0,50,0,1,9,1,11,27,9,24,1,61,26,2,28,89
03/27/2020,EUG,OR,ANM,WE,Combined TRACON& Tower with Radar,28,6,8,8,50,0,0,0,0,0,28,6,8,8,50,0,0,0,50
03/28/2020,EUG,OR,ANM,WE,Combined TRACON& Tower with Radar,30,9,5,0,44,0,0,1,0,1,30,9,6,0,45,2,0,2,47
03/29/2020,EUG,OR,ANM,WE,Combined TRACON& Tower with Radar,23,10,5,0,38,0,0,0,0,0,23,10,5,0,38,2,0,2,40
03/30/2020,EUG,OR,ANM,WE,Combined TRACON& Tower with Radar,23,15,8,2,48,0,0,0,0,0,23,15,8,2,48,0,0,0,48
03/31/2020,EUG,OR,ANM,WE,Combined TRACON& Tower with Radar,22,18,2,20,62,0,3,0,0,3,22,21,2,20,65,2,0,2,67
04/01/2020,EUG,OR,ANM,WE,Combined TRACON& Tower with Radar,20,15,5,21,61,0,0,0,1,1,20,15,5,22,62,0,32,32,94
04/02/2020,EUG,OR,ANM,WE,Combined TRACON& Tower with Radar,14,13,11,11,49,0,2,13,0,15,14,15,24,11,64,8,0,8,72
04/03/2020,EUG,OR,ANM,WE,Combined TRACON& Tower with Radar,16,9,7,4,36,0,1,12,0,13,16,10,19,4,49,2,0,2,51
04/04/2020,EUG,OR,ANM,WE,Combined TRACON& Tower with Radar,14,8,5,0,27,0,0,1,0,1,14,8,6,0,28,0,0,0,28
04/05/2020,EUG,OR,ANM,WE,Combined TRACON& Tower with Radar,14,7,8,0,29,0,0,4,0,4,14,7,12,0,33,16,0,16,49
04/06/2020,EUG,OR,ANM,WE,Combined TRACON& Tower with Radar,12,12,4,7,35,0,3,4,0,7,12,15,8,7,42,6,10,16,58
04/07/2020,EUG,OR,ANM,WE,Combined TRACON& Tower with Radar,11,7,4,7,29,0,3,38,3,44,11,10,42,10,73,4,40,44,117
04/08/2020,EUG,OR,ANM,WE,Combined TRACON& Tower with Radar,11,7,13,4,35,0,5,36,0,41,11,12,49,4,76,12,0,12,88
04/09/2020,EUG,OR,ANM,WE,Combined TRACON& Tower with Radar,11,5,9,4,29,0,5,74,1,80,11,10,83,5,109,68,12,80,189
04/10/2020,EUG,OR,ANM,WE,Combined TRACON& Tower with Radar,10,7,10,8,35,0,1,41,0,42,10,8,51,8,77,4,20,24,101
04/11/2020,EUG,OR,ANM,WE,Combined TRACON& Tower with Radar,11,7,6,0,24,0,1,32,0,33,11,8,38,0,57,6,0,6,63
04/12/2020,EUG,OR,ANM,WE,Combined TRACON& Tower with Radar,11,4,2,0,17,0,0,14,0,14,11,4,16,0,31,4,0,4,35
04/13/2020,EUG,OR,ANM,WE,Combined TRACON& Tower with Radar,11,9,4,2,26,0,3,29,0,32,11,12,33,2,58,18,0,18,76
04/14/2020,EUG,OR,ANM,WE,Combined TRACON& Tower with Radar,10,15,9,56,90,0,3,39,9,51,10,18,48,65,141,34,48,82,223
04/15/2020,EUG,OR,ANM,WE,Combined TRACON& Tower with Radar,9,9,9,10,37,0,3,4,1,8,9,12,13,11,45,0,70,70,115
04/16/2020,EUG,OR,ANM,WE,Combined TRACON& Tower with Radar,8,7,9,12,36,0,5,22,1,28,8,12,31,13,64,14,10,24,88
04/17/2020,EUG,OR,ANM,WE,Combined TRACON& Tower with Radar,10,5,4,5,24,0,3,42,6,51,10,8,46,11,75,32,30,62,137
04/18/2020,EUG,OR,ANM,WE,Combined TRACON& Tower with Radar,9,7,4,0,20,0,0,0,0,0,9,7,4,0,20,12,0,12,32
04/19/2020,EUG,OR,ANM,WE,Combined TRACON& Tower with Radar,8,4,9,0,21,0,0,28,0,28,8,4,37,0,49,0,0,0,49
04/20/2020,EUG,OR,ANM,WE,Combined TRACON& Tower with Radar,7,11,7,6,31,0,4,47,6,57,7,15,54,12,88,62,36,98,186
04/21/2020,EUG,OR,ANM,WE,Combined TRACON& Tower with Radar,10,6,10,14,40,0,2,13,2,17,10,8,23,16,57,10,28,38,95
04/22/2020,EUG,OR,ANM,WE,Combined TRACON& Tower with Radar,8,12,19,2,41,0,1,1,0,2,8,13,20,2,43,0,0,0,43
04/23/2020,EUG,OR,ANM,WE,Combined TRACON& Tower with Radar,10,9,14,6,39,0,3,17,0,20,10,12,31,6,59,14,0,14,73
04/24/2020,EUG,OR,ANM,WE,Combined TRACON& Tower with Radar,7,7,8,4,26,0,0,2,0,2,7,7,10,4,28,0,0,0,28
04/25/2020,EUG,OR,ANM,WE,Combined TRACON& Tower with Radar,8,6,5,0,19,0,0,6,0,6,8,6,11,0,25,6,0,6,31
04/26/2020,EUG,OR,ANM,WE,Combined TRACON& Tower with Radar,9,4,7,4,24,0,0,45,0,45,9,4,52,4,69,18,0,18,87
04/27/2020,EUG,OR,ANM,WE,Combined TRACON& Tower with Radar,11,10,10,26,57,0,2,1,0,3,11,12,11,26,60,0,0,0,60
04/28/2020,EUG,OR,ANM,WE,Combined TRACON& Tower with Radar,8,6,8,18,40,0,4,56,0,60,8,10,64,18,100,66,16,82,182
04/29/2020,EUG,OR,ANM,WE,Combined TRACON& Tower with Radar,9,10,7,0,26,0,2,20,0,22,9,12,27,0,48,8,0,8,56
04/30/2020,EUG,OR,ANM,WE,Combined TRACON& Tower with Radar,8,9,10,18,45,0,5,27,1,33,8,14,37,19,78,2,44,46,124
05/01/2020,EUG,OR,ANM,WE,Combined TRACON& Tower with Radar,10,6,9,22,47,0,3,37,0,40,10,9,46,22,87,24,4,28,115
05/02/2020,EUG,OR,ANM,WE,Combined TRACON& Tower with Radar,6,7,18,1,32,0,0,0,0,0,6,7,18,1,32,0,2,2,34
05/03/2020,EUG,OR,ANM,WE,Combined TRACON& Tower with Radar,12,5,7,0,24,0,0,27,0,27,12,5,34,0,51,16,0,16,67
05/04/2020,EUG,OR,ANM,WE,Combined TRACON& Tower with Radar,16,10,12,72,110,0,4,21,8,33,16,14,33,80,143,28,92,120,263
05/05/2020,EUG,OR,ANM,WE,Combined TRACON& Tower with Radar,12,9,5,37,63,0,3,26,6,35,12,12,31,43,98,68,46,114,212
05/06/2020,EUG,OR,ANM,WE,Combined TRACON& Tower with Radar,15,9,17,23,64,0,6,26,2,34,15,15,43,25,98,76,72,148,246
05/07/2020,EUG,OR,ANM,WE,Combined TRACON& Tower with Radar,20,5,10,18,53,0,5,40,0,45,20,10,50,18,98,22,26,48,146
05/08/2020,EUG,OR,ANM,WE,Combined TRACON& Tower with Radar,15,1,8,6,30,0,4,52,1,57,15,5,60,7,87,62,14,76,163
05/09/2020,EUG,OR,ANM,WE,Combined TRACON& Tower with Radar,14,2,6,0,22,0,0,63,0,63,14,2,69,0,85,10,0,10,95
05/10/2020,EUG,OR,ANM,WE,Combined TRACON& Tower with Radar,23,0,6,0,29,0,0,33,0,33,23,0,39,0,62,4,0,4,66
05/11/2020,EUG,OR,ANM,WE,Combined TRACON& Tower with Radar,13,7,9,8,37,0,2,28,1,31,13,9,37,9,68,36,12,48,116
05/12/2020,EUG,OR,ANM,WE,Combined TRACON& Tower with Radar,16,10,4,0,30,0,0,1,0,1,16,10,5,0,31,0,0,0,31
05/13/2020,EUG,OR,ANM,WE,Combined TRACON& Tower with Radar,17,8,10,10,45,0,0,5,1,6,17,8,15,11,51,16,0,16,67
05/14/2020,EUG,OR,ANM,WE,Combined TRACON& Tower with Radar,15,12,12,13,52,0,0,2,7,9,15,12,14,20,61,0,4,4,65
05/15/2020,EUG,OR,ANM,WE,Combined TRACON& Tower with Radar,18,2,20,16,56,0,3,60,0,63,18,5,80,16,119,16,18,34,153
05/16/2020,EUG,OR,ANM,WE,Combined TRACON& Tower with Radar,14,3,9,0,26,0,0,11,0,11,14,3,20,0,37,0,0,0,37
05/17/2020,EUG,OR,ANM,WE,Combined TRACON& Tower with Radar,21,3,13,0,37,0,0,3,0,3,21,3,16,0,40,0,0,0,40
05/18/2020,EUG,OR,ANM,WE,Combined TRACON& Tower with Radar,17,8,13,1,39,0,0,10,1,11,17,8,23,2,50,24,0,24,74
05/19/2020,EUG,OR,ANM,WE,Combined TRACON& Tower with Radar,16,8,12,28,64,0,2,9,2,13,16,10,21,30,77,10,30,40,117
05/20/2020,EUG,OR,ANM,WE,Combined TRACON& Tower with Radar,17,7,36,19,79,0,1,14,3,18,17,8,50,22,97,0,88,88,185
05/21/2020,EUG,OR,ANM,WE,Combined TRACON& Tower with Radar,18,10,10,43,81,0,0,18,3,21,18,10,28,46,102,20,60,80,182
05/22/2020,EUG,OR,ANM,WE,Combined TRACON& Tower with Radar,21,4,25,0,50,0,0,43,0,43,21,4,68,0,93,78,0,78,171
05/23/2020,EUG,OR,ANM,WE,Combined TRACON& Tower with Radar,16,3,9,0,28,0,1,80,0,81,16,4,89,0,109,50,0,50,159
05/24/2020,EUG,OR,ANM,WE,Combined TRACON& Tower with Radar,21,3,3,0,27,0,0,36,0,36,21,3,39,0,63,40,0,40,103
05/25/2020,EUG,OR,ANM,WE,Combined TRACON& Tower with Radar,21,1,12,1,35,0,2,27,0,29,21,3,39,1,64,34,0,34,98
05/26/2020,EUG,OR,ANM,WE,Combined TRACON& Tower with Radar,16,6,14,4,40,0,4,42,0,46,16,10,56,4,86,74,0,74,160
05/27/2020,EUG,OR,ANM,WE,Combined TRACON& Tower with Radar,19,3,11,5,38,0,5,79,1,85,19,8,90,6,123,122,10,132,255
05/28/2020,EUG,OR,ANM,WE,Combined TRACON& Tower with Radar,20,8,26,10,64,0,2,91,0,93,20,10,117,10,157,114,8,122,279
05/29/2020,EUG,OR,ANM,WE,Combined TRACON& Tower with Radar,19,6,19,5,49,0,1,65,0,66,19,7,84,5,115,72,0,72,187
05/30/2020,EUG,OR,ANM,WE,Combined TRACON& Tower with Radar,14,3,9,0,26,0,0,0,0,0,14,3,9,0,26,0,0,0,26
05/31/2020,EUG,OR,ANM,WE,Combined TRACON& Tower with Radar,21,3,7,0,31,0,1,22,0,23,21,4,29,0,54,26,0,26,80
06/01/2020,EUG,OR,ANM,WE,Combined TRACON& Tower with Radar,21,6,8,4,39,0,3,35,0,38,21,9,43,4,77,20,0,20,97
06/02/2020,EUG,OR,ANM,WE,Combined TRACON& Tower with Radar,16,4,6,4,30,0,4,54,0,58,16,8,60,4,88,24,0,24,112
06/03/2020,EUG,OR,ANM,WE,Combined TRACON& Tower with Radar,19,5,3,2,29,0,5,67,0,72,19,10,70,2,101,112,0,112,213
06/04/2020,EUG,OR,ANM,WE,Combined TRACON& Tower with Radar,24,5,16,0,45,0,5,70,0,75,24,10,86,0,120,58,0,58,178
06/05/2020,EUG,OR,ANM,WE,Combined TRACON& Tower with Radar,26,8,12,0,46,0,1,30,0,31,26,9,42,0,77,14,0,14,91
06/06/2020,EUG,OR,ANM,WE,Combined TRACON& Tower with Radar,20,4,4,0,28,0,0,0,0,0,20,4,4,0,28,2,0,2,30
06/07/2020,EUG,OR,ANM,WE,Combined TRACON& Tower with Radar,23,1,15,0,39,0,0,0,0,0,23,1,15,0,39,2,0,2,41
06/08/2020,EUG,OR,ANM,WE,Combined TRACON& Tower with Radar,27,8,8,0,43,0,4,65,0,69,27,12,73,0,112,18,0,18,130
06/09/2020,EUG,OR,ANM,WE,Combined TRACON& Tower with Radar,21,7,16,5,49,0,1,12,0,13,21,8,28,5,62,6,0,6,68
06/10/2020,EUG,OR,ANM,WE,Combined TRACON& Tower with Radar,20,8,23,2,53,0,3,24,0,27,20,11,47,2,80,52,0,52,132
06/11/2020,EUG,OR,ANM,WE,Combined TRACON& Tower with Radar,24,6,18,2,50,0,3,56,0,59,24,9,74,2,109,36,0,36,145
06/12/2020,EUG,OR,ANM,WE,Combined TRACON& Tower with Radar,30,4,19,2,55,0,0,5,0,5,30,4,24,2,60,22,0,22,82
06/13/2020,EUG,OR,ANM,WE,Combined TRACON& Tower with Radar,22,4,9,0,35,0,0,6,2,8,22,4,15,2,43,6,2,8,51
06/14/2020,EUG,OR,ANM,WE,Combined TRACON& Tower with Radar,26,2,13,2,43,0,0,38,0,38,26,2,51,2,81,40,0,40,121
06/15/2020,EUG,OR,ANM,WE,Combined TRACON& Tower with Radar,30,12,11,0,53,0,0,0,0,0,30,12,11,0,53,0,0,0,53
06/16/2020,EUG,OR,ANM,WE,Combined TRACON& Tower with Radar,24,9,14,0,47,1,0,9,0,10,25,9,23,0,57,22,0,22,79
06/17/2020,EUG,OR,ANM,WE,Combined TRACON& Tower with Radar,20,5,24,8,57,0,4,58,0,62,20,9,82,8,119,90,0,90,209
06/18/2020,EUG,OR,ANM,WE,Combined TRACON& Tower with Radar,26,7,8,0,41,0,4,74,0,78,26,11,82,0,119,88,0,88,207
06/19/2020,EUG,OR,ANM,WE,Combined TRACON& Tower with Radar,30,7,18,0,55,0,2,93,0,95,30,9,111,0,150,94,0,94,244
06/20/2020,EUG,OR,ANM,WE,Combined TRACON& Tower with Radar,24,2,9,2,37,0,0,18,0,18,24,2,27,2,55,10,0,10,65
06/21/2020,EUG,OR,ANM,WE,Combined TRACON& Tower with Radar,26,0,14,0,40,0,0,43,0,43,26,0,57,0,83,6,0,6,89
06/22/2020,EUG,OR,ANM,WE,Combined TRACON& Tower with Radar,32,5,13,3,53,0,6,50,0,56,32,11,63,3,109,26,0,26,135
06/23/2020,EUG,OR,ANM,WE,Combined TRACON& Tower with Radar,24,7,16,6,53,0,5,45,0,50,24,12,61,6,103,18,0,18,121
06/24/2020,EUG,OR,ANM,WE,Combined TRACON& Tower with Radar,22,7,15,4,48,0,4,51,2,57,22,11,66,6,105,58,0,58,163
06/25/2020,EUG,OR,ANM,WE,Combined TRACON& Tower with Radar,26,8,22,0,56,0,4,40,0,44,26,12,62,0,100,28,0,28,128
06/26/2020,EUG,OR,ANM,WE,Combined TRACON& Tower with Radar,30,1,18,0,49,0,6,55,0,61,30,7,73,0,110,46,0,46,156
06/27/2020,EUG,OR,ANM,WE,Combined TRACON& Tower with Radar,24,7,13,0,44,0,0,20,0,20,24,7,33,0,64,0,0,0,64
06/28/2020,EUG,OR,ANM,WE,Combined TRACON& Tower with Radar,28,1,6,0,35,0,0,9,0,9,28,1,15,0,44,0,0,0,44
06/29/2020,EUG,OR,ANM,WE,Combined TRACON& Tower with Radar,30,7,21,5,63,0,3,69,0,72,30,10,90,5,135,114,0,114,249
06/30/2020,EUG,OR,ANM,WE,Combined TRACON& Tower with Radar,24,6,29,5,64,0,2,19,0,21,24,8,48,5,85,38,0,38,123
07/01/2020,EUG,OR,ANM,WE,Combined TRACON& Tower with Radar,21,8,20,0,49,0,2,40,0,42,21,10,60,0,91,84,0,84,175
07/02/2020,EUG,OR,ANM,WE,Combined TRACON& Tower with Radar,26,7,17,0,50,0,3,59,0,62,26,10,76,0,112,54,0,54,166
07/03/2020,EUG,OR,ANM,WE,Combined TRACON& Tower with Radar,30,2,18,0,50,0,1,16,0,17,30,3,34,0,67,22,0,22,89
07/04/2020,EUG,OR,ANM,WE,Combined TRACON& Tower with Radar,22,3,6,0,31,0,2,31,0,33,22,5,37,0,64,16,0,16,80
07/05/2020,EUG,OR,ANM,WE,Combined TRACON& Tower with Radar,25,1,7,0,33,0,0,36,0,36,25,1,43,0,69,18,0,18,87
07/06/2020,EUG,OR,ANM,WE,Combined TRACON& Tower with Radar,32,8,18,0,58,0,0,20,0,20,32,8,38,0,78,14,0,14,92
07/07/2020,EUG,OR,ANM,WE,Combined TRACON& Tower with Radar,23,9,23,0,55,0,0,49,0,49,23,9,72,0,104,78,0,78,182
07/08/2020,EUG,OR,ANM,WE,Combined TRACON& Tower with Radar,23,8,19,2,52,0,2,76,0,78,23,10,95,2,130,78,0,78,208
07/09/2020,EUG,OR,ANM,WE,Combined TRACON& Tower with Radar,25,9,11,5,50,0,0,81,0,81,25,9,92,5,131,130,0,130,261
07/10/2020,EUG,OR,ANM,WE,Combined TRACON& Tower with Radar,31,5,18,0,54,0,2,82,0,84,31,7,100,0,138,56,0,56,194
07/11/2020,EUG,OR,ANM,WE,Combined TRACON& Tower with Radar,23,2,3,0,28,0,1,61,0,62,23,3,64,0,90,2,0,2,92
07/12/2020,EUG,OR,ANM,WE,Combined TRACON& Tower with Radar,25,0,6,0,31,0,1,33,0,34,25,1,39,0,65,4,0,4,69
07/13/2020,EUG,OR,ANM,WE,Combined TRACON& Tower with Radar,31,3,26,0,60,0,4,76,0,80,31,7,102,0,140,108,0,108,248
07/14/2020,EUG,OR,ANM,WE,Combined TRACON& Tower with Radar,23,5,4,0,32,0,4,52,0,56,23,9,56,0,88,76,0,76,164
07/15/2020,EUG,OR,ANM,WE,Combined TRACON& Tower with Radar,23,7,8,0,38,0,5,54,0,59,23,12,62,0,97,40,0,40,137
07/16/2020,EUG,OR,ANM,WE,Combined TRACON& Tower with Radar,25,5,6,0,36,0,3,64,0,67,25,8,70,0,103,38,0,38,141
07/17/2020,EUG,OR,ANM,WE,Combined TRACON& Tower with Radar,31,5,22,0,58,0,5,70,0,75,31,10,92,0,133,114,0,114,247
07/18/2020,EUG,OR,ANM,WE,Combined TRACON& Tower with Radar,23,1,10,0,34,0,1,45,0,46,23,2,55,0,80,6,0,6,86
07/19/2020,EUG,OR,ANM,WE,Combined TRACON& Tower with Radar,25,2,7,0,34,0,0,58,0,58,25,2,65,0,92,28,0,28,120
07/20/2020,EUG,OR,ANM,WE,Combined TRACON& Tower with Radar,30,11,10,1,52,0,2,74,0,76,30,13,84,1,128,90,0,90,218
07/21/2020,EUG,OR,ANM,WE,Combined TRACON& Tower with Radar,24,10,15,0,49,0,2,62,0,64,24,12,77,0,113,34,20,54,167
07/22/2020,EUG,OR,ANM,WE,Combined TRACON& Tower with Radar,23,8,5,0,36,0,1,53,0,54,23,9,58,0,90,106,0,106,196
07/23/2020,EUG,OR,ANM,WE,Combined TRACON& Tower with Radar,25,9,23,3,60,0,1,50,0,51,25,10,73,3,111,90,0,90,201
07/24/2020,EUG,OR,ANM,WE,Combined TRACON& Tower with Radar,31,7,12,3,53,0,0,47,0,47,31,7,59,3,100,96,0,96,196
07/25/2020,EUG,OR,ANM,WE,Combined TRACON& Tower with Radar,22,4,3,0,29,0,0,50,0,50,22,4,53,0,79,22,0,22,101
07/26/2020,EUG,OR,ANM,WE,Combined TRACON& Tower with Radar,23,3,9,0,35,0,0,42,0,42,23,3,51,0,77,22,0,22,99
07/27/2020,EUG,OR,ANM,WE,Combined TRACON& Tower with Radar,30,9,3,11,53,0,4,55,2,61,30,13,58,13,114,84,0,84,198
07/28/2020,EUG,OR,ANM,WE,Combined TRACON& Tower with Radar,23,4,15,4,46,0,5,64,0,69,23,9,79,4,115,24,0,24,139
07/29/2020,EUG,OR,ANM,WE,Combined TRACON& Tower with Radar,23,5,13,3,44,0,5,68,0,73,23,10,81,3,117,82,0,82,199
07/30/2020,EUG,OR,ANM,WE,Combined TRACON& Tower with Radar,25,7,22,0,54,0,4,67,2,73,25,11,89,2,127,84,0,84,211
07/31/2020,EUG,OR,ANM,WE,Combined TRACON& Tower with Radar,31,5,26,0,62,0,2,78,0,80,31,7,104,0,142,106,0,106,248
08/01/2020,EUG,OR,ANM,WE,Combined TRACON& Tower with Radar,26,5,8,0,39,0,2,62,0,64,26,7,70,0,103,34,0,34,137
08/02/2020,EUG,OR,ANM,WE,Combined TRACON& Tower with Radar,30,1,5,0,36,0,3,26,0,29,30,4,31,0,65,12,0,12,77
08/03/2020,EUG,OR,ANM,WE,Combined TRACON& Tower with Radar,36,6,6,0,48,0,3,59,0,62,36,9,65,0,110,68,0,68,178
08/04/2020,EUG,OR,ANM,WE,Combined TRACON& Tower with Radar,28,9,9,0,46,0,3,47,2,52,28,12,56,2,98,44,0,44,142
08/05/2020,EUG,OR,ANM,WE,Combined TRACON& Tower with Radar,32,12,28,2,74,0,3,35,0,38,32,15,63,2,112,70,6,76,188
08/06/2020,EUG,OR,ANM,WE,Combined TRACON& Tower with Radar,30,7,30,0,67,0,2,20,0,22,30,9,50,0,89,44,0,44,133
08/07/2020,EUG,OR,ANM,WE,Combined TRACON& Tower with Radar,36,4,15,2,57,0,2,78,0,80,36,6,93,2,137,64,0,64,201
08/08/2020,EUG,OR,ANM,WE,Combined TRACON& Tower with Radar,28,3,14,0,45,1,0,30,0,31,29,3,44,0,76,8,0,8,84
08/09/2020,EUG,OR,ANM,WE,Combined TRACON& Tower with Radar,30,2,19,0,51,0,0,37,0,37,30,2,56,0,88,58,0,58,146
08/10/2020,EUG,OR,ANM,WE,Combined TRACON& Tower with Radar,38,4,11,2,55,0,6,69,1,76,38,10,80,3,131,100,0,100,231
08/11/2020,EUG,OR,ANM,WE,Combined TRACON& Tower with Radar,28,8,12,2,50,0,5,76,0,81,28,13,88,2,131,64,0,64,195
08/12/2020,EUG,OR,ANM,WE,Combined TRACON& Tower with Radar,32,5,10,2,49,0,4,66,0,70,32,9,76,2,119,106,0,106,225
08/13/2020,EUG,OR,ANM,WE,Combined TRACON& Tower with Radar,30,1,6,2,39,0,6,57,0,63,30,7,63,2,102,36,0,36,138
08/14/2020,EUG,OR,ANM,WE,Combined TRACON& Tower with Radar,36,3,13,2,54,0,2,66,0,68,36,5,79,2,122,50,0,50,172
08/15/2020,EUG,OR,ANM,WE,Combined TRACON& Tower with Radar,28,2,7,0,37,0,2,29,0,31,28,4,36,0,68,8,0,8,76
08/16/2020,EUG,OR,ANM,WE,Combined TRACON& Tower with Radar,30,3,5,0,38,2,0,19,0,21,32,3,24,0,59,4,0,4,63
08/17/2020,EUG,OR,ANM,WE,Combined TRACON& Tower with Radar,36,11,18,0,65,0,4,57,0,61,36,15,75,0,126,50,0,50,176
08/18/2020,EUG,OR,ANM,WE,Combined TRACON& Tower with Radar,28,7,16,1,52,0,6,69,0,75,28,13,85,1,127,56,0,56,183
08/19/2020,EUG,OR,ANM,WE,Combined TRACON& Tower with Radar,28,3,19,0,50,4,6,80,0,90,32,9,99,0,140,46,0,46,186
08/20/2020,EUG,OR,ANM,WE,Combined TRACON& Tower with Radar,34,4,12,2,52,0,5,75,0,80,34,9,87,2,132,98,0,98,230
08/21/2020,EUG,OR,ANM,WE,Combined TRACON& Tower with Radar,28,7,30,0,65,0,1,19,0,20,28,8,49,0,85,44,0,44,129
08/22/2020,EUG,OR,ANM,WE,Combined TRACON& Tower with Radar,28,3,4,0,35,0,0,31,0,31,28,3,35,0,66,20,0,20,86
08/23/2020,EUG,OR,ANM,WE,Combined TRACON& Tower with Radar,34,2,14,0,50,0,1,29,0,30,34,3,43,0,80,40,0,40,120
08/24/2020,EUG,OR,ANM,WE,Combined TRACON& Tower with Radar,31,8,13,1,53,0,4,47,0,51,31,12,60,1,104,40,0,40,144
08/25/2020,EUG,OR,ANM,WE,Combined TRACON& Tower with Radar,30,6,25,3,64,0,3,74,1,78,30,9,99,4,142,106,0,106,248
08/26/2020,EUG,OR,ANM,WE,Combined TRACON& Tower with Radar,28,10,10,0,48,0,3,68,0,71,28,13,78,0,119,58,0,58,177
08/27/2020,EUG,OR,ANM,WE,Combined TRACON& Tower with Radar,34,6,22,0,62,5,4,63,0,72,39,10,85,0,134,68,0,68,202
08/28/2020,EUG,OR,ANM,WE,Combined TRACON& Tower with Radar,31,3,10,0,44,0,1,49,0,50,31,4,59,0,94,26,0,26,120
08/29/2020,EUG,OR,ANM,WE,Combined TRACON& Tower with Radar,28,5,13,0,46,0,1,58,0,59,28,6,71,0,105,2,0,2,107
08/30/2020,EUG,OR,ANM,WE,Combined TRACON& Tower with Radar,34,0,6,0,40,0,0,48,0,48,34,0,54,0,88,10,0,10,98
08/31/2020,EUG,OR,ANM,WE,Combined TRACON& Tower with Radar,31,6,12,0,49,0,4,41,0,45,31,10,53,0,94,64,0,64,158
09/01/2020,EUG,OR,ANM,WE,Combined TRACON& Tower with Radar,27,7,16,1,51,0,2,67,1,70,27,9,83,2,121,54,2,56,177
09/02/2020,EUG,OR,ANM,WE,Combined TRACON& Tower with Radar,26,5,14,8,53,0,3,64,0,67,26,8,78,8,120,28,0,28,148
09/03/2020,EUG,OR,ANM,WE,Combined TRACON& Tower with Radar,32,3,19,0,54,0,9,86,0,95,32,12,105,0,149,48,0,48,197
09/04/2020,EUG,OR,ANM,WE,Combined TRACON& Tower with Radar,28,3,17,0,48,0,1,73,1,75,28,4,90,1,123,70,0,70,193
09/05/2020,EUG,OR,ANM,WE,Combined TRACON& Tower with Radar,26,3,17,0,46,0,0,48,0,48,26,3,65,0,94,60,0,60,154
09/06/2020,EUG,OR,ANM,WE,Combined TRACON& Tower with Radar,32,0,9,0,41,0,0,46,1,47,32,0,55,1,88,54,0,54,142
09/07/2020,EUG,OR,ANM,WE,Combined TRACON& Tower with Radar,28,2,15,0,45,0,0,47,0,47,28,2,62,0,92,32,0,32,124
09/08/2020,EUG,OR,ANM,WE,Combined TRACON& Tower with Radar,13,7,15,2,37,0,0,1,0,1,13,7,16,2,38,0,0,0,38
09/09/2020,EUG,OR,ANM,WE,Combined TRACON& Tower with Radar,22,3,6,0,31,0,0,0,0,0,22,3,6,0,31,0,0,0,31
09/10/2020,EUG,OR,ANM,WE,Combined TRACON& Tower with Radar,27,7,15,0,49,0,0,0,0,0,27,7,15,0,49,0,0,0,49
09/11/2020,EUG,OR,ANM,WE,Combined TRACON& Tower with Radar,15,2,13,0,30,0,0,0,1,1,15,2,13,1,31,0,0,0,31
09/12/2020,EUG,OR,ANM,WE,Combined TRACON& Tower with Radar,0,4,1,0,5,0,0,0,0,0,0,4,1,0,5,0,0,0,5
09/13/2020,EUG,OR,ANM,WE,Combined TRACON& Tower with Radar,0,0,0,0,0,0,0,0,0,0,0,0,0,0,0,0,0,0,0
09/14/2020,EUG,OR,ANM,WE,Combined TRACON& Tower with Radar,17,3,6,0,26,0,0,0,0,0,17,3,6,0,26,0,0,0,26
09/15/2020,EUG,OR,ANM,WE,Combined TRACON& Tower with Radar,21,4,5,0,30,0,0,0,0,0,21,4,5,0,30,0,0,0,30
09/16/2020,EUG,OR,ANM,WE,Combined TRACON& Tower with Radar,28,7,8,0,43,0,0,0,0,0,28,7,8,0,43,0,0,0,43
09/17/2020,EUG,OR,ANM,WE,Combined TRACON& Tower with Radar,32,9,14,0,55,0,0,0,0,0,32,9,14,0,55,0,0,0,55
09/18/2020,EUG,OR,ANM,WE,Combined TRACON& Tower with Radar,30,3,14,0,47,0,0,6,0,6,30,3,20,0,53,8,0,8,61
09/19/2020,EUG,OR,ANM,WE,Combined TRACON& Tower with Radar,28,7,27,0,62,0,0,24,0,24,28,7,51,0,86,24,0,24,110
09/20/2020,EUG,OR,ANM,WE,Combined TRACON& Tower with Radar,34,4,10,0,48,0,0,37,0,37,34,4,47,0,85,40,0,40,125
09/21/2020,EUG,OR,ANM,WE,Combined TRACON& Tower with Radar,30,17,23,0,70,0,3,73,0,76,30,20,96,0,146,54,0,54,200
09/22/2020,EUG,OR,ANM,WE,Combined TRACON& Tower with Radar,28,12,33,4,77,0,5,49,0,54,28,17,82,4,131,42,8,50,181
09/23/2020,EUG,OR,ANM,WE,Combined TRACON& Tower with Radar,30,10,19,0,59,0,2,16,0,18,30,12,35,0,77,42,0,42,119
09/24/2020,EUG,OR,ANM,WE,Combined TRACON& Tower with Radar,34,9,24,0,67,0,3,35,0,38,34,12,59,0,105,44,0,44,149
09/25/2020,EUG,OR,ANM,WE,Combined TRACON& Tower with Radar,30,9,10,0,49,0,0,2,0,2,30,9,12,0,51,0,0,0,51
09/26/2020,EUG,OR,ANM,WE,Combined TRACON& Tower with Radar,28,9,17,0,54,0,0,25,0,25,28,9,42,0,79,46,0,46,125
09/27/2020,EUG,OR,ANM,WE,Combined TRACON& Tower with Radar,35,6,19,0,60,0,0,51,0,51,35,6,70,0,111,42,0,42,153
09/28/2020,EUG,OR,ANM,WE,Combined TRACON& Tower with Radar,30,8,18,0,56,0,3,78,0,81,30,11,96,0,137,60,0,60,197
09/29/2020,EUG,OR,ANM,WE,Combined TRACON& Tower with Radar,29,6,17,1,53,0,4,93,0,97,29,10,110,1,150,102,0,102,252
09/30/2020,EUG,OR,ANM,WE,Combined TRACON& Tower with Radar,30,9,25,0,64,0,2,91,0,93,30,11,116,0,157,68,0,68,225
10/01/2020,EUG,OR,ANM,WE,Combined TRACON& Tower with Radar,35,13,22,2,72,0,1,65,4,70,35,14,87,6,142,108,0,108,250
10/02/2020,EUG,OR,ANM,WE,Combined TRACON& Tower with Radar,33,6,17,0,56,0,0,35,0,35,33,6,52,0,91,24,0,24,115
10/03/2020,EUG,OR,ANM,WE,Combined TRACON& Tower with Radar,34,6,8,0,48,0,0,41,0,41,34,6,49,0,89,62,0,62,151
10/04/2020,EUG,OR,ANM,WE,Combined TRACON& Tower with Radar,44,2,17,0,63,0,0,7,0,7,44,2,24,0,70,2,0,2,72
10/05/2020,EUG,OR,ANM,WE,Combined TRACON& Tower with Radar,41,8,15,18,82,0,3,49,0,52,41,11,64,18,134,44,12,56,190
10/06/2020,EUG,OR,ANM,WE,Combined TRACON& Tower with Radar,36,10,17,8,71,0,1,70,0,71,36,11,87,8,142,100,0,100,242
10/07/2020,EUG,OR,ANM,WE,Combined TRACON& Tower with Radar,36,12,22,0,70,0,0,57,0,57,36,12,79,0,127,100,0,100,227
10/08/2020,EUG,OR,ANM,WE,Combined TRACON& Tower with Radar,44,12,20,4,80,0,1,36,0,37,44,13,56,4,117,78,0,78,195
10/09/2020,EUG,OR,ANM,WE,Combined TRACON& Tower with Radar,38,6,20,0,64,0,0,21,0,21,38,6,41,0,85,22,0,22,107
10/10/2020,EUG,OR,ANM,WE,Combined TRACON& Tower with Radar,38,4,12,0,54,0,0,10,0,10,38,4,22,0,64,18,0,18,82
10/11/2020,EUG,OR,ANM,WE,Combined TRACON& Tower with Radar,44,1,7,0,52,0,0,7,0,7,44,1,14,0,59,10,0,10,69
10/12/2020,EUG,OR,ANM,WE,Combined TRACON& Tower with Radar,40,11,19,0,70,0,1,34,0,35,40,12,53,0,105,36,0,36,141
10/13/2020,EUG,OR,ANM,WE,Combined TRACON& Tower with Radar,37,8,12,12,69,0,0,2,0,2,37,8,14,12,71,6,6,12,83
10/14/2020,EUG,OR,ANM,WE,Combined TRACON& Tower with Radar,36,5,28,0,69,0,5,61,0,66,36,10,89,0,135,36,0,36,171
10/15/2020,EUG,OR,ANM,WE,Combined TRACON& Tower with Radar,44,8,19,7,78,0,3,84,1,88,44,11,103,8,166,82,0,82,248
10/16/2020,EUG,OR,ANM,WE,Combined TRACON& Tower with Radar,38,6,21,2,67,0,1,114,2,117,38,7,135,4,184,38,122,160,344
10/17/2020,EUG,OR,ANM,WE,Combined TRACON& Tower with Radar,38,5,7,0,50,0,0,36,0,36,38,5,43,0,86,52,0,52,138
10/18/2020,EUG,OR,ANM,WE,Combined TRACON& Tower with Radar,44,0,23,2,69,0,0,37,0,37,44,0,60,2,106,14,0,14,120
10/19/2020,EUG,OR,ANM,WE,Combined TRACON& Tower with Radar,40,10,18,34,102,0,2,23,4,29,40,12,41,38,131,66,8,74,205
10/20/2020,EUG,OR,ANM,WE,Combined TRACON& Tower with Radar,36,7,14,26,83,0,1,63,0,64,36,8,77,26,147,110,0,110,257
10/21/2020,EUG,OR,ANM,WE,Combined TRACON& Tower with Radar,36,7,12,39,94,0,1,57,0,58,36,8,69,39,152,108,0,108,260
10/22/2020,EUG,OR,ANM,WE,Combined TRACON& Tower with Radar,44,12,18,11,85,0,3,72,0,75,44,15,90,11,160,64,0,64,224
10/23/2020,EUG,OR,ANM,WE,Combined TRACON& Tower with Radar,37,7,34,48,126,0,2,69,9,80,37,9,103,57,206,36,42,78,284
10/24/2020,EUG,OR,ANM,WE,Combined TRACON& Tower with Radar,38,4,10,2,54,0,0,10,0,10,38,4,20,2,64,0,0,0,64
10/25/2020,EUG,OR,ANM,WE,Combined TRACON& Tower with Radar,39,2,12,2,55,0,0,37,0,37,39,2,49,2,92,34,0,34,126
10/26/2020,EUG,OR,ANM,WE,Combined TRACON& Tower with Radar,40,5,7,0,52,0,3,67,0,70,40,8,74,0,122,66,0,66,188
10/27/2020,EUG,OR,ANM,WE,Combined TRACON& Tower with Radar,35,10,17,21,83,0,6,62,1,69,35,16,79,22,152,84,16,100,252
10/28/2020,EUG,OR,ANM,WE,Combined TRACON& Tower with Radar,37,9,21,12,79,0,3,82,0,85,37,12,103,12,164,82,0,82,246
10/29/2020,EUG,OR,ANM,WE,Combined TRACON& Tower with Radar,44,9,16,2,71,0,0,0,0,0,44,9,16,2,71,0,0,0,71
10/30/2020,EUG,OR,ANM,WE,Combined TRACON& Tower with Radar,38,4,21,4,67,0,0,6,3,9,38,4,27,7,76,68,22,90,166
10/31/2020,EUG,OR,ANM,WE,Combined TRACON& Tower with Radar,36,2,6,0,44,0,0,41,0,41,36,2,47,0,85,34,0,34,119
11/01/2020,EUG,OR,ANM,WE,Combined TRACON& Tower with Radar,45,1,10,0,56,0,0,50,0,50,45,1,60,0,106,30,0,30,136
11/02/2020,EUG,OR,ANM,WE,Combined TRACON& Tower with Radar,38,10,24,0,72,0,2,60,0,62,38,12,84,0,134,70,4,74,208
11/03/2020,EUG,OR,ANM,WE,Combined TRACON& Tower with Radar,35,13,17,3,68,0,0,18,0,18,35,13,35,3,86,40,0,40,126
11/04/2020,EUG,OR,ANM,WE,Combined TRACON& Tower with Radar,34,10,14,2,60,0,1,32,1,34,34,11,46,3,94,32,10,42,136
11/05/2020,EUG,OR,ANM,WE,Combined TRACON& Tower with Radar,44,16,33,20,113,0,0,3,0,3,44,16,36,20,116,0,0,0,116
11/06/2020,EUG,OR,ANM,WE,Combined TRACON& Tower with Radar,41,8,23,15,87,0,0,10,1,11,41,8,33,16,98,8,30,38,136
11/07/2020,EUG,OR,ANM,WE,Combined TRACON& Tower with Radar,40,8,4,0,52,0,0,5,0,5,40,8,9,0,57,0,0,0,57
11/08/2020,EUG,OR,ANM,WE,Combined TRACON& Tower with Radar,44,3,13,0,60,0,0,84,1,85,44,3,97,1,145,48,0,48,193
11/09/2020,EUG,OR,ANM,WE,Combined TRACON& Tower with Radar,41,14,12,14,81,0,1,40,2,43,41,15,52,16,124,22,20,42,166
11/10/2020,EUG,OR,ANM,WE,Combined TRACON& Tower with Radar,36,12,12,18,78,0,0,8,0,8,36,12,20,18,86,26,0,26,112
11/11/2020,EUG,OR,ANM,WE,Combined TRACON& Tower with Radar,36,9,16,0,61,0,1,18,0,19,36,10,34,0,80,24,0,24,104
11/12/2020,EUG,OR,ANM,WE,Combined TRACON& Tower with Radar,42,11,13,0,66,0,0,35,0,35,42,11,48,0,101,44,0,44,145
11/13/2020,EUG,OR,ANM,WE,Combined TRACON& Tower with Radar,42,7,13,8,70,0,0,2,0,2,42,7,15,8,72,16,0,16,88
11/14/2020,EUG,OR,ANM,WE,Combined TRACON& Tower with Radar,39,6,9,0,54,0,1,3,0,4,39,7,12,0,58,0,0,0,58
11/15/2020,EUG,OR,ANM,WE,Combined TRACON& Tower with Radar,42,3,6,0,51,0,0,4,0,4,42,3,10,0,55,0,0,0,55
11/16/2020,EUG,OR,ANM,WE,Combined TRACON& Tower with Radar,40,8,13,2,63,0,2,17,4,23,40,10,30,6,86,102,10,112,198
11/17/2020,EUG,OR,ANM,WE,Combined TRACON& Tower with Radar,36,10,20,2,68,0,1,2,0,3,36,11,22,2,71,6,0,6,77
11/18/2020,EUG,OR,ANM,WE,Combined TRACON& Tower with Radar,36,19,10,2,67,0,1,1,0,2,36,20,11,2,69,24,0,24,93
11/19/2020,EUG,OR,ANM,WE,Combined TRACON& Tower with Radar,40,5,35,12,92,0,3,39,0,42,40,8,74,12,134,112,0,112,246
11/20/2020,EUG,OR,ANM,WE,Combined TRACON& Tower with Radar,49,2,25,6,82,0,3,69,0,72,49,5,94,6,154,36,0,36,190
11/21/2020,EUG,OR,ANM,WE,Combined TRACON& Tower with Radar,48,6,20,0,74,0,0,0,0,0,48,6,20,0,74,0,0,0,74
11/22/2020,EUG,OR,ANM,WE,Combined TRACON& Tower with Radar,42,3,8,0,53,0,0,6,0,6,42,3,14,0,59,24,0,24,83
11/23/2020,EUG,OR,ANM,WE,Combined TRACON& Tower with Radar,46,8,13,32,99,0,0,4,0,4,46,8,17,32,103,10,4,14,117
11/24/2020,EUG,OR,ANM,WE,Combined TRACON& Tower with Radar,41,15,27,7,90,0,1,40,0,41,41,16,67,7,131,76,4,80,211
11/25/2020,EUG,OR,ANM,WE,Combined TRACON& Tower with Radar,48,12,15,11,86,0,0,13,2,15,48,12,28,13,101,38,24,62,163
11/26/2020,EUG,OR,ANM,WE,Combined TRACON& Tower with Radar,24,2,2,0,28,0,0,9,0,9,24,2,11,0,37,0,0,0,37
11/27/2020,EUG,OR,ANM,WE,Combined TRACON& Tower with Radar,41,6,7,0,54,0,0,1,0,1,41,6,8,0,55,0,0,0,55
11/28/2020,EUG,OR,ANM,WE,Combined TRACON& Tower with Radar,43,4,10,0,57,0,0,26,0,26,43,4,36,0,83,32,0,32,115
11/29/2020,EUG,OR,ANM,WE,Combined TRACON& Tower with Radar,51,3,16,0,70,0,0,19,0,19,51,3,35,0,89,8,0,8,97
11/30/2020,EUG,OR,ANM,WE,Combined TRACON& Tower with Radar,45,8,12,0,65,0,2,10,0,12,45,10,22,0,77,32,0,32,109
12/01/2020,EUG,OR,ANM,WE,Combined TRACON& Tower with Radar,36,18,17,12,83,0,0,0,0,0,36,18,17,12,83,0,0,0,83
12/02/2020,EUG,OR,ANM,WE,Combined TRACON& Tower with Radar,33,7,15,0,55,0,2,32,2,36,33,9,47,2,91,52,0,52,143
12/03/2020,EUG,OR,ANM,WE,Combined TRACON& Tower with Radar,37,7,8,8,60,0,3,78,4,85,37,10,86,12,145,78,22,100,245
12/04/2020,EUG,OR,ANM,WE,Combined TRACON& Tower with Radar,38,7,16,0,61,0,2,31,0,33,38,9,47,0,94,36,0,36,130
12/05/2020,EUG,OR,ANM,WE,Combined TRACON& Tower with Radar,33,4,8,0,45,0,0,31,0,31,33,4,39,0,76,46,0,46,122
12/06/2020,EUG,OR,ANM,WE,Combined TRACON& Tower with Radar,36,2,6,0,44,0,0,28,0,28,36,2,34,0,72,36,0,36,108
12/07/2020,EUG,OR,ANM,WE,Combined TRACON& Tower with Radar,36,11,13,2,62,0,0,42,0,42,36,11,55,2,104,54,0,54,158
12/08/2020,EUG,OR,ANM,WE,Combined TRACON& Tower with Radar,32,12,5,15,64,0,1,39,0,40,32,13,44,15,104,0,0,0,104
12/09/2020,EUG,OR,ANM,WE,Combined TRACON& Tower with Radar,32,8,12,2,54,0,2,38,0,40,32,10,50,2,94,36,0,36,130
12/10/2020,EUG,OR,ANM,WE,Combined TRACON& Tower with Radar,36,10,16,2,64,0,0,4,0,4,36,10,20,2,68,14,0,14,82
12/11/2020,EUG,OR,ANM,WE,Combined TRACON& Tower with Radar,36,8,8,0,52,0,1,5,0,6,36,9,13,0,58,2,0,2,60
12/12/2020,EUG,OR,ANM,WE,Combined TRACON& Tower with Radar,32,3,12,2,49,0,0,17,0,17,32,3,29,2,66,0,0,0,66
12/13/2020,EUG,OR,ANM,WE,Combined TRACON& Tower with Radar,36,2,1,0,39,0,0,1,0,1,36,2,2,0,40,0,0,0,40
12/14/2020,EUG,OR,ANM,WE,Combined TRACON& Tower with Radar,48,10,18,22,98,0,1,17,13,31,48,11,35,35,129,20,50,70,199
12/15/2020,EUG,OR,ANM,WE,Combined TRACON& Tower with Radar,32,10,21,18,81,0,0,1,0,1,32,10,22,18,82,0,0,0,82
12/16/2020,EUG,OR,ANM,WE,Combined TRACON& Tower with Radar,32,15,22,28,97,0,0,9,0,9,32,15,31,28,106,10,26,36,142
12/17/2020,EUG,OR,ANM,WE,Combined TRACON& Tower with Radar,37,11,24,26,98,0,1,3,8,12,37,12,27,34,110,10,4,14,124
12/18/2020,EUG,OR,ANM,WE,Combined TRACON& Tower with Radar,43,9,12,15,79,0,3,34,5,42,43,12,46,20,121,22,20,42,163
12/19/2020,EUG,OR,ANM,WE,Combined TRACON& Tower with Radar,37,12,11,0,60,0,1,13,0,14,37,13,24,0,74,8,0,8,82
12/20/2020,EUG,OR,ANM,WE,Combined TRACON& Tower with Radar,40,13,11,0,64,0,0,0,0,0,40,13,11,0,64,0,0,0,64
12/21/2020,EUG,OR,ANM,WE,Combined TRACON& Tower with Radar,40,14,14,0,68,0,0,1,2,3,40,14,15,2,71,0,0,0,71
12/22/2020,EUG,OR,ANM,WE,Combined TRACON& Tower with Radar,42,12,11,0,65,0,2,37,0,39,42,14,48,0,104,6,0,6,110
12/23/2020,EUG,OR,ANM,WE,Combined TRACON& Tower with Radar,42,15,14,0,71,0,2,1,0,3,42,17,15,0,74,0,0,0,74
12/24/2020,EUG,OR,ANM,WE,Combined TRACON& Tower with Radar,34,7,13,0,54,0,3,0,0,3,34,10,13,0,57,0,0,0,57
12/25/2020,EUG,OR,ANM,WE,Combined TRACON& Tower with Radar,30,2,0,0,32,0,0,0,0,0,30,2,0,0,32,0,0,0,32
12/26/2020,EUG,OR,ANM,WE,Combined TRACON& Tower with Radar,40,8,8,0,56,0,0,4,0,4,40,8,12,0,60,12,0,12,72
12/27/2020,EUG,OR,ANM,WE,Combined TRACON& Tower with Radar,44,6,10,0,60,0,0,73,0,73,44,6,83,0,133,16,0,16,149
12/28/2020,EUG,OR,ANM,WE,Combined TRACON& Tower with Radar,42,10,10,0,62,0,4,63,1,68,42,14,73,1,130,46,2,48,178
12/29/2020,EUG,OR,ANM,WE,Combined TRACON& Tower with Radar,39,9,7,15,70,0,3,18,7,28,39,12,25,22,98,12,36,48,146
12/30/2020,EUG,OR,ANM,WE,Combined TRACON& Tower with Radar,40,15,2,0,57,0,0,0,0,0,40,15,2,0,57,0,0,0,57
12/31/2020,EUG,OR,ANM,WE,Combined TRACON& Tower with Radar,38,18,12,0,68,0,0,0,0,0,38,18,12,0,68,12,0,12,80
01/01/2021,EUG,OR,ANM,WE,Combined TRACON& Tower with Radar,32,7,6,0,45,0,0,8,0,8,32,7,14,0,53,4,0,4,57
01/02/2021,EUG,OR,ANM,WE,Combined TRACON& Tower with Radar,46,9,9,0,64,0,0,4,0,4,46,9,13,0,68,8,0,8,76
01/03/2021,EUG,OR,ANM,WE,Combined TRACON& Tower with Radar,42,10,17,0,69,0,0,14,0,14,42,10,31,0,83,16,0,16,99
01/04/2021,EUG,OR,ANM,WE,Combined TRACON& Tower with Radar,38,16,9,11,74,0,0,3,1,4,38,16,12,12,78,4,10,14,92
01/05/2021,EUG,OR,ANM,WE,Combined TRACON& Tower with Radar,25,3,13,24,65,0,4,31,0,35,25,7,44,24,100,64,34,98,198
01/06/2021,EUG,OR,ANM,WE,Combined TRACON& Tower with Radar,25,17,11,1,54,0,0,0,0,0,25,17,11,1,54,0,0,0,54
01/07/2021,EUG,OR,ANM,WE,Combined TRACON& Tower with Radar,28,9,26,16,79,0,5,41,4,50,28,14,67,20,129,42,10,52,181
01/08/2021,EUG,OR,ANM,WE,Combined TRACON& Tower with Radar,28,5,5,3,41,0,1,21,0,22,28,6,26,3,63,58,0,58,121
01/09/2021,EUG,OR,ANM,WE,Combined TRACON& Tower with Radar,24,6,10,0,40,0,0,30,0,30,24,6,40,0,70,42,0,42,112
01/10/2021,EUG,OR,ANM,WE,Combined TRACON& Tower with Radar,27,1,21,0,49,0,0,16,0,16,27,1,37,0,65,12,0,12,77
01/11/2021,EUG,OR,ANM,WE,Combined TRACON& Tower with Radar,28,9,22,38,97,0,2,38,1,41,28,11,60,39,138,40,62,102,240
01/12/2021,EUG,OR,ANM,WE,Combined TRACON& Tower with Radar,26,8,4,2,40,0,0,0,0,0,26,8,4,2,40,0,0,0,40
01/13/2021,EUG,OR,ANM,WE,Combined TRACON& Tower with Radar,27,11,16,36,90,0,2,62,24,88,27,13,78,60,178,78,74,152,330
01/14/2021,EUG,OR,ANM,WE,Combined TRACON& Tower with Radar,28,6,11,0,45,0,2,52,0,54,28,8,63,0,99,76,2,78,177
01/15/2021,EUG,OR,ANM,WE,Combined TRACON& Tower with Radar,31,10,10,0,51,0,0,0,0,0,31,10,10,0,51,0,0,0,51
01/16/2021,EUG,OR,ANM,WE,Combined TRACON& Tower with Radar,26,8,8,0,42,0,0,0,0,0,26,8,8,0,42,0,0,0,42
01/17/2021,EUG,OR,ANM,WE,Combined TRACON& Tower with Radar,29,1,4,0,34,0,0,14,0,14,29,1,18,0,48,14,0,14,62
01/18/2021,EUG,OR,ANM,WE,Combined TRACON& Tower with Radar,31,11,9,0,51,0,2,11,0,13,31,13,20,0,64,4,0,4,68
01/19/2021,EUG,OR,ANM,WE,Combined TRACON& Tower with Radar,26,7,19,26,78,0,2,47,0,49,26,9,66,26,127,120,6,126,253
01/20/2021,EUG,OR,ANM,WE,Combined TRACON& Tower with Radar,27,5,11,24,67,0,3,37,0,40,27,8,48,24,107,64,16,80,187
01/21/2021,EUG,OR,ANM,WE,Combined TRACON& Tower with Radar,28,8,17,30,83,0,2,28,8,38,28,10,45,38,121,16,128,144,265
01/22/2021,EUG,OR,ANM,WE,Combined TRACON& Tower with Radar,30,3,17,2,52,0,1,56,1,58,30,4,73,3,110,86,0,86,196
01/23/2021,EUG,OR,ANM,WE,Combined TRACON& Tower with Radar,26,0,9,0,35,0,0,71,1,72,26,0,80,1,107,56,0,56,163
01/24/2021,EUG,OR,ANM,WE,Combined TRACON& Tower with Radar,30,2,5,0,37,0,0,1,0,1,30,2,6,0,38,0,0,0,38
01/25/2021,EUG,OR,ANM,WE,Combined TRACON& Tower with Radar,31,10,13,22,76,0,1,6,3,10,31,11,19,25,86,14,36,50,136
01/26/2021,EUG,OR,ANM,WE,Combined TRACON& Tower with Radar,26,6,12,14,58,0,2,10,1,13,26,8,22,15,71,28,2,30,101
01/27/2021,EUG,OR,ANM,WE,Combined TRACON& Tower with Radar,29,8,17,20,74,0,0,2,8,10,29,8,19,28,84,38,50,88,172
01/28/2021,EUG,OR,ANM,WE,Combined TRACON& Tower with Radar,28,14,17,27,86,0,0,17,1,18,28,14,34,28,104,34,30,64,168
01/29/2021,EUG,OR,ANM,WE,Combined TRACON& Tower with Radar,30,6,11,9,56,0,1,25,3,29,30,7,36,12,85,24,26,50,135
01/30/2021,EUG,OR,ANM,WE,Combined TRACON& Tower with Radar,27,2,11,0,40,0,0,12,0,12,27,2,23,0,52,10,0,10,62
01/31/2021,EUG,OR,ANM,WE,Combined TRACON& Tower with Radar,35,0,7,0,42,0,0,9,0,9,35,0,16,0,51,6,0,6,57
02/01/2021,EUG,OR,ANM,WE,Combined TRACON& Tower with Radar,36,12,13,0,61,0,0,6,0,6,36,12,19,0,67,0,0,0,67
02/02/2021,EUG,OR,ANM,WE,Combined TRACON& Tower with Radar,29,11,14,47,101,0,1,6,5,12,29,12,20,52,113,8,28,36,149
02/03/2021,EUG,OR,ANM,WE,Combined TRACON& Tower with Radar,30,9,17,5,61,0,1,25,5,31,30,10,42,10,92,38,6,44,136
02/04/2021,EUG,OR,ANM,WE,Combined TRACON& Tower with Radar,32,9,13,1,55,0,0,47,3,50,32,9,60,4,105,60,20,80,185
02/05/2021,EUG,OR,ANM,WE,Combined TRACON& Tower with Radar,39,5,15,7,66,0,1,13,1,15,39,6,28,8,81,2,14,16,97
02/06/2021,EUG,OR,ANM,WE,Combined TRACON& Tower with Radar,29,1,7,0,37,0,3,10,0,13,29,4,17,0,50,2,0,2,52
02/07/2021,EUG,OR,ANM,WE,Combined TRACON& Tower with Radar,31,3,12,1,47,0,2,8,0,10,31,5,20,1,57,0,2,2,59
02/08/2021,EUG,OR,ANM,WE,Combined TRACON& Tower with Radar,39,10,25,1,75,0,2,65,0,67,39,12,90,1,142,44,0,44,186
02/09/2021,EUG,OR,ANM,WE,Combined TRACON& Tower with Radar,26,5,21,30,82,0,4,60,3,67,26,9,81,33,149,44,112,156,305
02/10/2021,EUG,OR,ANM,WE,Combined TRACON& Tower with Radar,30,8,20,0,58,0,2,43,0,45,30,10,63,0,103,34,0,34,137
02/11/2021,EUG,OR,ANM,WE,Combined TRACON& Tower with Radar,38,8,3,0,49,0,0,0,0,0,38,8,3,0,49,0,0,0,49
02/12/2021,EUG,OR,ANM,WE,Combined TRACON& Tower with Radar,31,6,4,0,41,0,0,0,0,0,31,6,4,0,41,0,0,0,41
02/13/2021,EUG,OR,ANM,WE,Combined TRACON& Tower with Radar,25,7,4,0,36,0,0,2,0,2,25,7,6,0,38,4,0,4,42
02/14/2021,EUG,OR,ANM,WE,Combined TRACON& Tower with Radar,36,7,4,0,47,0,2,2,0,4,36,9,6,0,51,0,0,0,51
02/15/2021,EUG,OR,ANM,WE,Combined TRACON& Tower with Radar,30,8,12,0,50,0,1,7,0,8,30,9,19,0,58,0,0,0,58
02/16/2021,EUG,OR,ANM,WE,Combined TRACON& Tower with Radar,28,13,11,20,72,0,0,19,10,29,28,13,30,30,101,74,50,124,225
02/17/2021,EUG,OR,ANM,WE,Combined TRACON& Tower with Radar,34,8,23,56,121,0,4,57,2,63,34,12,80,58,184,52,64,116,300
02/18/2021,EUG,OR,ANM,WE,Combined TRACON& Tower with Radar,43,12,6,5,66,0,1,2,0,3,43,13,8,5,69,26,0,26,95
02/19/2021,EUG,OR,ANM,WE,Combined TRACON& Tower with Radar,33,9,31,2,75,0,1,20,0,21,33,10,51,2,96,36,6,42,138
02/20/2021,EUG,OR,ANM,WE,Combined TRACON& Tower with Radar,29,5,7,25,66,0,0,8,0,8,29,5,15,25,74,16,0,16,90
02/21/2021,EUG,OR,ANM,WE,Combined TRACON& Tower with Radar,43,8,11,14,76,0,0,0,1,1,43,8,11,15,77,18,0,18,95
02/22/2021,EUG,OR,ANM,WE,Combined TRACON& Tower with Radar,32,12,7,6,57,0,0,3,10,13,32,12,10,16,70,0,22,22,92
02/23/2021,EUG,OR,ANM,WE,Combined TRACON& Tower with Radar,30,14,19,7,70,0,2,24,2,28,30,16,43,9,98,52,50,102,200
02/24/2021,EUG,OR,ANM,WE,Combined TRACON& Tower with Radar,34,10,20,2,66,0,2,70,0,72,34,12,90,2,138,86,10,96,234
02/25/2021,EUG,OR,ANM,WE,Combined TRACON& Tower with Radar,43,14,12,7,76,0,0,2,1,3,43,14,14,8,79,6,6,12,91
02/26/2021,EUG,OR,ANM,WE,Combined TRACON& Tower with Radar,32,6,6,2,46,0,0,0,0,0,32,6,6,2,46,6,6,12,58
02/27/2021,EUG,OR,ANM,WE,Combined TRACON& Tower with Radar,32,6,13,0,51,0,0,21,0,21,32,6,34,0,72,16,0,16,88
02/28/2021,EUG,OR,ANM,WE,Combined TRACON& Tower with Radar,41,4,17,0,62,0,0,62,0,62,41,4,79,0,124,4,0,4,128
03/01/2021,EUG,OR,ANM,WE,Combined TRACON& Tower with Radar,33,9,15,34,91,0,9,81,19,109,33,18,96,53,200,82,94,176,376
03/02/2021,EUG,OR,ANM,WE,Combined TRACON& Tower with Radar,33,14,27,25,99,0,4,64,3,71,33,18,91,28,170,42,20,62,232
03/03/2021,EUG,OR,ANM,WE,Combined TRACON& Tower with Radar,36,6,19,0,61,0,2,65,0,67,36,8,84,0,128,74,0,74,202
03/04/2021,EUG,OR,ANM,WE,Combined TRACON& Tower with Radar,43,11,14,0,68,0,3,46,0,49,43,14,60,0,117,66,0,66,183
03/05/2021,EUG,OR,ANM,WE,Combined TRACON& Tower with Radar,37,10,22,0,69,0,0,2,0,2,37,10,24,0,71,12,0,12,83
03/06/2021,EUG,OR,ANM,WE,Combined TRACON& Tower with Radar,34,2,9,0,45,0,0,3,0,3,34,2,12,0,48,6,0,6,54
03/07/2021,EUG,OR,ANM,WE,Combined TRACON& Tower with Radar,45,3,12,0,60,0,0,12,0,12,45,3,24,0,72,26,0,26,98
03/08/2021,EUG,OR,ANM,WE,Combined TRACON& Tower with Radar,35,12,26,11,84,0,3,29,3,35,35,15,55,14,119,20,20,40,159
03/09/2021,EUG,OR,ANM,WE,Combined TRACON& Tower with Radar,37,11,17,24,89,0,0,25,0,25,37,11,42,24,114,22,20,42,156
03/10/2021,EUG,OR,ANM,WE,Combined TRACON& Tower with Radar,37,12,13,10,72,0,1,22,1,24,37,13,35,11,96,54,4,58,154
03/11/2021,EUG,OR,ANM,WE,Combined TRACON& Tower with Radar,45,11,29,9,94,0,2,64,5,71,45,13,93,14,165,88,20,108,273
03/12/2021,EUG,OR,ANM,WE,Combined TRACON& Tower with Radar,38,3,21,4,66,0,3,102,0,105,38,6,123,4,171,74,0,74,245
03/13/2021,EUG,OR,ANM,WE,Combined TRACON& Tower with Radar,34,4,11,0,49,0,0,89,3,92,34,4,100,3,141,66,0,66,207
03/14/2021,EUG,OR,ANM,WE,Combined TRACON& Tower with Radar,42,4,12,0,58,0,0,0,0,0,42,4,12,0,58,0,0,0,58
03/15/2021,EUG,OR,ANM,WE,Combined TRACON& Tower with Radar,32,13,23,4,72,0,1,42,0,43,32,14,65,4,115,26,0,26,141
03/16/2021,EUG,OR,ANM,WE,Combined TRACON& Tower with Radar,37,10,22,7,76,0,2,56,1,59,37,12,78,8,135,28,18,46,181
03/17/2021,EUG,OR,ANM,WE,Combined TRACON& Tower with Radar,40,9,16,13,78,0,4,60,0,64,40,13,76,13,142,54,0,54,196
03/18/2021,EUG,OR,ANM,WE,Combined TRACON& Tower with Radar,45,9,14,5,73,0,1,5,0,6,45,10,19,5,79,0,0,0,79
03/19/2021,EUG,OR,ANM,WE,Combined TRACON& Tower with Radar,38,10,13,2,63,0,0,7,0,7,38,10,20,2,70,10,0,10,80
03/20/2021,EUG,OR,ANM,WE,Combined TRACON& Tower with Radar,39,1,7,0,47,0,2,9,0,11,39,3,16,0,58,14,0,14,72
03/21/2021,EUG,OR,ANM,WE,Combined TRACON& Tower with Radar,48,3,2,0,53,0,0,9,0,9,48,3,11,0,62,0,0,0,62
03/22/2021,EUG,OR,ANM,WE,Combined TRACON& Tower with Radar,36,13,8,11,68,0,3,9,0,12,36,16,17,11,80,6,0,6,86
03/23/2021,EUG,OR,ANM,WE,Combined TRACON& Tower with Radar,43,9,32,20,104,0,3,70,0,73,43,12,102,20,177,68,22,90,267
03/24/2021,EUG,OR,ANM,WE,Combined TRACON& Tower with Radar,39,14,36,3,92,0,1,15,0,16,39,15,51,3,108,6,12,18,126
03/25/2021,EUG,OR,ANM,WE,Combined TRACON& Tower with Radar,46,10,19,6,81,0,4,6,1,11,46,14,25,7,92,0,10,10,102
03/26/2021,EUG,OR,ANM,WE,Combined TRACON& Tower with Radar,41,7,25,6,79,0,2,77,1,80,41,9,102,7,159,58,0,58,217
03/27/2021,EUG,OR,ANM,WE,Combined TRACON& Tower with Radar,40,5,11,2,58,0,0,47,0,47,40,5,58,2,105,30,0,30,135
03/28/2021,EUG,OR,ANM,WE,Combined TRACON& Tower with Radar,46,5,12,2,65,0,0,2,0,2,46,5,14,2,67,0,0,0,67
03/29/2021,EUG,OR,ANM,WE,Combined TRACON& Tower with Radar,39,13,22,3,77,0,5,20,5,30,39,18,42,8,107,8,0,8,115
03/30/2021,EUG,OR,ANM,WE,Combined TRACON& Tower with Radar,40,9,12,11,72,0,4,91,3,98,40,13,103,14,170,64,2,66,236
03/31/2021,EUG,OR,ANM,WE,Combined TRACON& Tower with Radar,36,12,18,5,71,0,5,69,1,75,36,17,87,6,146,70,6,76,222
04/01/2021,EUG,OR,ANM,WE,Combined TRACON& Tower with Radar,44,14,34,22,114,1,4,70,5,80,45,18,104,27,194,88,50,138,332
04/02/2021,EUG,OR,ANM,WE,Combined TRACON& Tower with Radar,34,10,16,10,70,0,3,65,0,68,34,13,81,10,138,60,0,60,198
04/03/2021,EUG,OR,ANM,WE,Combined TRACON& Tower with Radar,36,8,6,0,50,0,0,46,0,46,36,8,52,0,96,36,0,36,132
04/04/2021,EUG,OR,ANM,WE,Combined TRACON& Tower with Radar,44,7,13,0,64,0,0,7,0,7,44,7,20,0,71,2,0,2,73
04/05/2021,EUG,OR,ANM,WE,Combined TRACON& Tower with Radar,36,11,17,1,65,1,1,60,0,62,37,12,77,1,127,80,0,80,207
04/06/2021,EUG,OR,ANM,WE,Combined TRACON& Tower with Radar,36,9,22,12,79,0,3,99,2,104,36,12,121,14,183,112,60,172,355
04/07/2021,EUG,OR,ANM,WE,Combined TRACON& Tower with Radar,36,13,26,18,93,0,0,29,0,29,36,13,55,18,122,64,0,64,186
04/08/2021,EUG,OR,ANM,WE,Combined TRACON& Tower with Radar,45,13,20,4,82,1,4,44,7,56,46,17,64,11,138,100,42,142,280
04/09/2021,EUG,OR,ANM,WE,Combined TRACON& Tower with Radar,36,9,25,16,86,0,4,92,16,112,36,13,117,32,198,102,24,126,324
04/10/2021,EUG,OR,ANM,WE,Combined TRACON& Tower with Radar,34,8,11,0,53,0,0,13,0,13,34,8,24,0,66,12,0,12,78
04/11/2021,EUG,OR,ANM,WE,Combined TRACON& Tower with Radar,46,10,21,0,77,0,1,38,0,39,46,11,59,0,116,4,0,4,120
04/12/2021,EUG,OR,ANM,WE,Combined TRACON& Tower with Radar,35,9,5,4,53,1,4,42,2,49,36,13,47,6,102,12,8,20,122
04/13/2021,EUG,OR,ANM,WE,Combined TRACON& Tower with Radar,36,9,17,17,79,0,2,32,5,39,36,11,49,22,118,2,32,34,152
04/14/2021,EUG,OR,ANM,WE,Combined TRACON& Tower with Radar,36,6,35,26,103,0,5,88,2,95,36,11,123,28,198,28,48,76,274
04/15/2021,EUG,OR,ANM,WE,Combined TRACON& Tower with Radar,44,6,12,0,62,0,5,91,0,96,44,11,103,0,158,42,0,42,200
04/16/2021,EUG,OR,ANM,WE,Combined TRACON& Tower with Radar,38,7,10,9,64,0,3,76,0,79,38,10,86,9,143,50,26,76,219
04/17/2021,EUG,OR,ANM,WE,Combined TRACON& Tower with Radar,35,5,14,0,54,0,0,70,0,70,35,5,84,0,124,44,0,44,168
04/18/2021,EUG,OR,ANM,WE,Combined TRACON& Tower with Radar,47,7,20,1,75,0,0,44,0,44,47,7,64,1,119,26,0,26,145
04/19/2021,EUG,OR,ANM,WE,Combined TRACON& Tower with Radar,37,9,19,19,84,0,5,69,4,78,37,14,88,23,162,54,66,120,282
04/20/2021,EUG,OR,ANM,WE,Combined TRACON& Tower with Radar,36,11,26,4,77,0,3,61,3,67,36,14,87,7,144,18,6,24,168
04/21/2021,EUG,OR,ANM,WE,Combined TRACON& Tower with Radar,35,13,16,1,65,0,5,63,0,68,35,18,79,1,133,86,0,86,219
04/22/2021,EUG,OR,ANM,WE,Combined TRACON& Tower with Radar,44,12,13,6,75,0,3,55,0,58,44,15,68,6,133,18,0,18,151
04/23/2021,EUG,OR,ANM,WE,Combined TRACON& Tower with Radar,38,8,21,10,77,0,2,52,0,54,38,10,73,10,131,28,0,28,159
04/24/2021,EUG,OR,ANM,WE,Combined TRACON& Tower with Radar,36,6,13,0,55,0,0,5,0,5,36,6,18,0,60,0,0,0,60
04/25/2021,EUG,OR,ANM,WE,Combined TRACON& Tower with Radar,42,7,7,0,56,0,0,0,0,0,42,7,7,0,56,0,0,0,56
04/26/2021,EUG,OR,ANM,WE,Combined TRACON& Tower with Radar,38,8,13,0,59,0,4,22,0,26,38,12,35,0,85,10,0,10,95
04/27/2021,EUG,OR,ANM,WE,Combined TRACON& Tower with Radar,34,11,15,11,71,0,4,54,2,60,34,15,69,13,131,74,18,92,223
04/28/2021,EUG,OR,ANM,WE,Combined TRACON& Tower with Radar,35,6,18,0,59,0,6,77,0,83,35,12,95,0,142,112,0,112,254
04/29/2021,EUG,OR,ANM,WE,Combined TRACON& Tower with Radar,42,8,21,2,73,0,4,62,0,66,42,12,83,2,139,74,0,74,213
04/30/2021,EUG,OR,ANM,WE,Combined TRACON& Tower with Radar,38,6,16,0,60,0,1,58,3,62,38,7,74,3,122,86,0,86,208
05/01/2021,EUG,OR,ANM,WE,Combined TRACON& Tower with Radar,36,5,16,0,57,0,0,8,0,8,36,5,24,0,65,8,0,8,73
05/02/2021,EUG,OR,ANM,WE,Combined TRACON& Tower with Radar,42,5,17,0,64,0,0,24,0,24,42,5,41,0,88,12,0,12,100
05/03/2021,EUG,OR,ANM,WE,Combined TRACON& Tower with Radar,38,11,20,0,69,0,3,50,0,53,38,14,70,0,122,48,0,48,170
05/04/2021,EUG,OR,ANM,WE,Combined TRACON& Tower with Radar,36,9,21,17,83,0,3,65,1,69,36,12,86,18,152,54,38,92,244
05/05/2021,EUG,OR,ANM,WE,Combined TRACON& Tower with Radar,36,6,18,12,72,0,4,70,1,75,36,10,88,13,147,134,36,170,317
05/06/2021,EUG,OR,ANM,WE,Combined TRACON& Tower with Radar,43,13,17,27,100,0,2,20,13,35,43,15,37,40,135,14,102,116,251
05/07/2021,EUG,OR,ANM,WE,Combined TRACON& Tower with Radar,40,4,19,12,75,0,2,23,0,25,40,6,42,12,100,20,0,20,120
05/08/2021,EUG,OR,ANM,WE,Combined TRACON& Tower with Radar,39,6,13,2,60,0,0,26,0,26,39,6,39,2,86,4,0,4,90
05/09/2021,EUG,OR,ANM,WE,Combined TRACON& Tower with Radar,45,5,12,0,62,0,0,11,0,11,45,5,23,0,73,0,0,0,73
05/10/2021,EUG,OR,ANM,WE,Combined TRACON& Tower with Radar,40,7,21,8,76,0,3,54,1,58,40,10,75,9,134,44,20,64,198
05/11/2021,EUG,OR,ANM,WE,Combined TRACON& Tower with Radar,36,4,27,0,67,0,4,61,0,65,36,8,88,0,132,68,16,84,216
05/12/2021,EUG,OR,ANM,WE,Combined TRACON& Tower with Radar,40,3,24,5,72,1,6,89,1,97,41,9,113,6,169,142,10,152,321
05/13/2021,EUG,OR,ANM,WE,Combined TRACON& Tower with Radar,45,11,22,13,91,0,4,63,3,70,45,15,85,16,161,112,16,128,289
05/14/2021,EUG,OR,ANM,WE,Combined TRACON& Tower with Radar,42,7,24,5,78,0,2,57,0,59,42,9,81,5,137,62,0,62,199
05/15/2021,EUG,OR,ANM,WE,Combined TRACON& Tower with Radar,38,2,3,0,43,0,0,62,0,62,38,2,65,0,105,66,0,66,171
05/16/2021,EUG,OR,ANM,WE,Combined TRACON& Tower with Radar,47,3,8,0,58,0,0,42,0,42,47,3,50,0,100,26,0,26,126
05/17/2021,EUG,OR,ANM,WE,Combined TRACON& Tower with Radar,43,10,31,7,91,0,0,33,3,36,43,10,64,10,127,18,26,44,171
05/18/2021,EUG,OR,ANM,WE,Combined TRACON& Tower with Radar,34,10,31,35,110,1,6,44,7,58,35,16,75,42,168,52,68,120,288
05/19/2021,EUG,OR,ANM,WE,Combined TRACON& Tower with Radar,38,8,33,1,80,0,3,9,0,12,38,11,42,1,92,6,0,6,98
05/20/2021,EUG,OR,ANM,WE,Combined TRACON& Tower with Radar,48,10,16,0,74,0,3,20,0,23,48,13,36,0,97,4,0,4,101
05/21/2021,EUG,OR,ANM,WE,Combined TRACON& Tower with Radar,45,10,35,0,90,0,0,43,0,43,45,10,78,0,133,46,0,46,179
05/22/2021,EUG,OR,ANM,WE,Combined TRACON& Tower with Radar,39,3,9,0,51,0,0,43,0,43,39,3,52,0,94,40,0,40,134
05/23/2021,EUG,OR,ANM,WE,Combined TRACON& Tower with Radar,49,6,25,0,80,0,0,11,0,11,49,6,36,0,91,8,0,8,99
05/24/2021,EUG,OR,ANM,WE,Combined TRACON& Tower with Radar,46,12,19,37,114,0,0,4,13,17,46,12,23,50,131,50,66,116,247
05/25/2021,EUG,OR,ANM,WE,Combined TRACON& Tower with Radar,38,8,34,10,90,0,2,18,0,20,38,10,52,10,110,8,24,32,142
05/26/2021,EUG,OR,ANM,WE,Combined TRACON& Tower with Radar,40,9,21,8,78,0,5,85,0,90,40,14,106,8,168,126,18,144,312
05/27/2021,EUG,OR,ANM,WE,Combined TRACON& Tower with Radar,43,10,27,19,99,0,2,7,0,9,43,12,34,19,108,4,2,6,114
05/28/2021,EUG,OR,ANM,WE,Combined TRACON& Tower with Radar,48,6,20,2,76,0,2,56,0,58,48,8,76,2,134,26,0,26,160
05/29/2021,EUG,OR,ANM,WE,Combined TRACON& Tower with Radar,40,2,4,0,46,0,3,83,0,86,40,5,87,0,132,92,0,92,224
05/30/2021,EUG,OR,ANM,WE,Combined TRACON& Tower with Radar,45,5,5,0,55,0,0,51,0,51,45,5,56,0,106,38,0,38,144
05/31/2021,EUG,OR,ANM,WE,Combined TRACON& Tower with Radar,48,6,17,0,71,0,2,29,0,31,48,8,46,0,102,24,0,24,126
06/01/2021,EUG,OR,ANM,WE,Combined TRACON& Tower with Radar,37,3,16,27,83,2,5,65,3,75,39,8,81,30,158,44,16,60,218
06/02/2021,EUG,OR,ANM,WE,Combined TRACON& Tower with Radar,41,8,28,12,89,1,4,90,10,105,42,12,118,22,194,18,50,68,262
06/03/2021,EUG,OR,ANM,WE,Combined TRACON& Tower with Radar,43,20,17,48,128,5,9,83,4,101,48,29,100,52,229,68,38,106,335
06/04/2021,EUG,OR,ANM,WE,Combined TRACON& Tower with Radar,49,10,14,0,73,0,3,58,0,61,49,13,72,0,134,80,0,80,214
06/05/2021,EUG,OR,ANM,WE,Combined TRACON& Tower with Radar,39,6,11,0,56,0,0,7,0,7,39,6,18,0,63,20,0,20,83
06/06/2021,EUG,OR,ANM,WE,Combined TRACON& Tower with Radar,54,11,18,0,83,0,0,22,0,22,54,11,40,0,105,0,0,0,105
06/07/2021,EUG,OR,ANM,WE,Combined TRACON& Tower with Radar,52,13,36,11,112,0,2,24,1,27,52,15,60,12,139,86,0,86,225
06/08/2021,EUG,OR,ANM,WE,Combined TRACON& Tower with Radar,42,10,28,14,94,0,4,17,0,21,42,14,45,14,115,48,0,48,163
06/09/2021,EUG,OR,ANM,WE,Combined TRACON& Tower with Radar,42,11,22,0,75,1,5,64,0,70,43,16,86,0,145,90,0,90,235
06/10/2021,EUG,OR,ANM,WE,Combined TRACON& Tower with Radar,40,20,27,45,132,0,3,33,7,43,40,23,60,52,175,22,76,98,273
06/11/2021,EUG,OR,ANM,WE,Combined TRACON& Tower with Radar,47,13,28,2,90,0,0,5,0,5,47,13,33,2,95,12,0,12,107
06/12/2021,EUG,OR,ANM,WE,Combined TRACON& Tower with Radar,45,12,29,0,86,0,1,10,0,11,45,13,39,0,97,12,0,12,109
06/13/2021,EUG,OR,ANM,WE,Combined TRACON& Tower with Radar,51,6,24,0,81,0,0,0,0,0,51,6,24,0,81,0,0,0,81
06/14/2021,EUG,OR,ANM,WE,Combined TRACON& Tower with Radar,48,20,34,14,116,0,3,23,1,27,48,23,57,15,143,16,14,30,173
06/15/2021,EUG,OR,ANM,WE,Combined TRACON& Tower with Radar,43,12,19,19,93,0,2,52,1,55,43,14,71,20,148,26,82,108,256
06/16/2021,EUG,OR,ANM,WE,Combined TRACON& Tower with Radar,45,16,20,4,85,0,4,100,0,104,45,20,120,4,189,76,0,76,265
06/17/2021,EUG,OR,ANM,WE,Combined TRACON& Tower with Radar,42,14,33,7,96,0,3,69,1,73,42,17,102,8,169,34,44,78,247
06/18/2021,EUG,OR,ANM,WE,Combined TRACON& Tower with Radar,44,15,18,0,77,0,2,58,0,60,44,17,76,0,137,34,0,34,171
06/19/2021,EUG,OR,ANM,WE,Combined TRACON& Tower with Radar,35,10,8,0,53,0,2,47,0,49,35,12,55,0,102,30,0,30,132
06/20/2021,EUG,OR,ANM,WE,Combined TRACON& Tower with Radar,44,7,13,2,66,0,0,29,0,29,44,7,42,2,95,10,0,10,105
06/21/2021,EUG,OR,ANM,WE,Combined TRACON& Tower with Radar,46,15,16,8,85,0,3,46,0,49,46,18,62,8,134,48,0,48,182
06/22/2021,EUG,OR,ANM,WE,Combined TRACON& Tower with Radar,39,13,20,18,90,0,3,68,10,81,39,16,88,28,171,86,86,172,343
06/23/2021,EUG,OR,ANM,WE,Combined TRACON& Tower with Radar,41,9,28,6,84,0,3,67,2,72,41,12,95,8,156,86,12,98,254
06/24/2021,EUG,OR,ANM,WE,Combined TRACON& Tower with Radar,42,13,19,8,82,0,4,75,0,79,42,17,94,8,161,150,14,164,325
06/25/2021,EUG,OR,ANM,WE,Combined TRACON& Tower with Radar,45,14,18,5,82,0,2,75,1,78,45,16,93,6,160,34,14,48,208
06/26/2021,EUG,OR,ANM,WE,Combined TRACON& Tower with Radar,33,12,20,0,65,0,0,56,0,56,33,12,76,0,121,8,0,8,129
06/27/2021,EUG,OR,ANM,WE,Combined TRACON& Tower with Radar,44,14,26,0,84,0,0,30,2,32,44,14,56,2,116,30,0,30,146
06/28/2021,EUG,OR,ANM,WE,Combined TRACON& Tower with Radar,45,23,15,28,111,0,10,36,5,51,45,33,51,33,162,6,16,22,184
06/29/2021,EUG,OR,ANM,WE,Combined TRACON& Tower with Radar,44,16,16,12,88,0,3,63,2,68,44,19,79,14,156,62,12,74,230
06/30/2021,EUG,OR,ANM,WE,Combined TRACON& Tower with Radar,41,22,34,19,116,0,5,24,1,30,41,27,58,20,146,6,28,34,180
07/01/2021,EUG,OR,ANM,WE,Combined TRACON& Tower with Radar,38,22,25,0,85,0,2,28,0,30,38,24,53,0,115,56,0,56,171
07/02/2021,EUG,OR,ANM,WE,Combined TRACON& Tower with Radar,43,16,15,5,79,0,1,74,3,78,43,17,89,8,157,112,4,116,273
07/03/2021,EUG,OR,ANM,WE,Combined TRACON& Tower with Radar,33,15,11,0,59,0,0,42,0,42,33,15,53,0,101,28,0,28,129
07/04/2021,EUG,OR,ANM,WE,Combined TRACON& Tower with Radar,39,16,3,0,58,1,0,25,0,26,40,16,28,0,84,0,0,0,84
07/05/2021,EUG,OR,ANM,WE,Combined TRACON& Tower with Radar,41,15,22,0,78,0,0,47,0,47,41,15,69,0,125,32,0,32,157
07/06/2021,EUG,OR,ANM,WE,Combined TRACON& Tower with Radar,39,18,22,6,85,0,4,72,0,76,39,22,94,6,161,78,0,78,239
07/07/2021,EUG,OR,ANM,WE,Combined TRACON& Tower with Radar,36,19,25,33,113,0,10,55,5,70,36,29,80,38,183,38,64,102,285
07/08/2021,EUG,OR,ANM,WE,Combined TRACON& Tower with Radar,41,21,23,0,85,0,10,87,0,97,41,31,110,0,182,24,0,24,206
07/09/2021,EUG,OR,ANM,WE,Combined TRACON& Tower with Radar,41,16,15,0,72,0,4,82,0,86,41,20,97,0,158,42,0,42,200
07/10/2021,EUG,OR,ANM,WE,Combined TRACON& Tower with Radar,37,16,12,2,67,0,1,61,0,62,37,17,73,2,129,28,0,28,157
07/11/2021,EUG,OR,ANM,WE,Combined TRACON& Tower with Radar,42,16,16,7,81,0,0,45,1,46,42,16,61,8,127,0,8,8,135
07/12/2021,EUG,OR,ANM,WE,Combined TRACON& Tower with Radar,43,25,15,2,85,0,8,46,2,56,43,33,61,4,141,50,14,64,205
07/13/2021,EUG,OR,ANM,WE,Combined TRACON& Tower with Radar,35,23,15,5,78,0,5,66,3,74,35,28,81,8,152,78,30,108,260
07/14/2021,EUG,OR,ANM,WE,Combined TRACON& Tower with Radar,36,21,28,31,116,0,6,94,1,101,36,27,122,32,217,58,0,58,275
07/15/2021,EUG,OR,ANM,WE,Combined TRACON& Tower with Radar,41,22,15,20,98,0,8,45,0,53,41,30,60,20,151,40,16,56,207
07/16/2021,EUG,OR,ANM,WE,Combined TRACON& Tower with Radar,45,18,22,13,98,0,2,77,1,80,45,20,99,14,178,96,22,118,296
07/17/2021,EUG,OR,ANM,WE,Combined TRACON& Tower with Radar,33,17,14,0,64,0,0,43,0,43,33,17,57,0,107,26,0,26,133
07/18/2021,EUG,OR,ANM,WE,Combined TRACON& Tower with Radar,42,18,18,0,78,0,1,47,0,48,42,19,65,0,126,14,0,14,140
07/19/2021,EUG,OR,ANM,WE,Combined TRACON& Tower with Radar,42,18,20,2,82,0,6,94,0,100,42,24,114,2,182,68,0,68,250
07/20/2021,EUG,OR,ANM,WE,Combined TRACON& Tower with Radar,37,18,18,30,103,0,3,69,2,74,37,21,87,32,177,78,16,94,271
07/21/2021,EUG,OR,ANM,WE,Combined TRACON& Tower with Radar,37,22,27,18,104,0,2,78,0,80,37,24,105,18,184,90,0,90,274
07/22/2021,EUG,OR,ANM,WE,Combined TRACON& Tower with Radar,39,17,19,12,87,0,6,66,3,75,39,23,85,15,162,22,48,70,232
07/23/2021,EUG,OR,ANM,WE,Combined TRACON& Tower with Radar,42,17,16,8,83,0,7,73,0,80,42,24,89,8,163,54,10,64,227
07/24/2021,EUG,OR,ANM,WE,Combined TRACON& Tower with Radar,34,15,15,0,64,0,3,50,3,56,34,18,65,3,120,32,0,32,152
07/25/2021,EUG,OR,ANM,WE,Combined TRACON& Tower with Radar,40,14,18,1,73,0,0,38,2,40,40,14,56,3,113,4,0,4,117
07/26/2021,EUG,OR,ANM,WE,Combined TRACON& Tower with Radar,43,22,19,4,88,0,2,51,2,55,43,24,70,6,143,24,10,34,177
07/27/2021,EUG,OR,ANM,WE,Combined TRACON& Tower with Radar,35,20,21,6,82,0,7,64,1,72,35,27,85,7,154,18,86,104,258
07/28/2021,EUG,OR,ANM,WE,Combined TRACON& Tower with Radar,37,18,22,13,90,0,6,65,2,73,37,24,87,15,163,24,0,24,187
07/29/2021,EUG,OR,ANM,WE,Combined TRACON& Tower with Radar,38,22,19,10,89,0,4,42,6,52,38,26,61,16,141,38,36,74,215
07/30/2021,EUG,OR,ANM,WE,Combined TRACON& Tower with Radar,48,15,17,5,85,0,1,60,1,62,48,16,77,6,147,58,0,58,205
07/31/2021,EUG,OR,ANM,WE,Combined TRACON& Tower with Radar,35,13,15,3,66,0,0,61,4,65,35,13,76,7,131,26,0,26,157
08/01/2021,EUG,OR,ANM,WE,Combined TRACON& Tower with Radar,41,15,13,3,72,0,0,60,1,61,41,15,73,4,133,0,0,0,133
08/02/2021,EUG,OR,ANM,WE,Combined TRACON& Tower with Radar,43,21,20,48,132,0,3,63,2,68,43,24,83,50,200,66,24,90,290
08/03/2021,EUG,OR,ANM,WE,Combined TRACON& Tower with Radar,34,17,13,15,79,0,5,63,2,70,34,22,76,17,149,32,0,32,181
08/04/2021,EUG,OR,ANM,WE,Combined TRACON& Tower with Radar,35,21,32,14,102,0,4,78,0,82,35,25,110,14,184,58,0,58,242
08/05/2021,EUG,OR,ANM,WE,Combined TRACON& Tower with Radar,40,17,17,4,78,0,3,28,2,33,40,20,45,6,111,24,0,24,135
08/06/2021,EUG,OR,ANM,WE,Combined TRACON& Tower with Radar,45,12,27,8,92,0,6,55,6,67,45,18,82,14,159,70,0,70,229
08/07/2021,EUG,OR,ANM,WE,Combined TRACON& Tower with Radar,35,16,15,7,73,0,0,38,12,50,35,16,53,19,123,6,0,6,129
08/08/2021,EUG,OR,ANM,WE,Combined TRACON& Tower with Radar,44,13,18,1,76,0,1,66,2,69,44,14,84,3,145,10,0,10,155
08/09/2021,EUG,OR,ANM,WE,Combined TRACON& Tower with Radar,45,17,23,4,89,0,3,47,2,52,45,20,70,6,141,50,0,50,191
08/10/2021,EUG,OR,ANM,WE,Combined TRACON& Tower with Radar,35,17,18,10,80,0,3,77,4,84,35,20,95,14,164,34,8,42,206
08/11/2021,EUG,OR,ANM,WE,Combined TRACON& Tower with Radar,38,19,25,13,95,0,2,50,2,54,38,21,75,15,149,122,12,134,283
08/12/2021,EUG,OR,ANM,WE,Combined TRACON& Tower with Radar,44,22,17,2,85,0,2,45,1,48,44,24,62,3,133,70,0,70,203
08/13/2021,EUG,OR,ANM,WE,Combined TRACON& Tower with Radar,45,21,36,4,106,0,0,32,2,34,45,21,68,6,140,36,14,50,190
08/14/2021,EUG,OR,ANM,WE,Combined TRACON& Tower with Radar,34,14,22,7,77,0,0,34,2,36,34,14,56,9,113,36,2,38,151
08/15/2021,EUG,OR,ANM,WE,Combined TRACON& Tower with Radar,43,15,15,14,87,0,0,43,7,50,43,15,58,21,137,32,6,38,175
08/16/2021,EUG,OR,ANM,WE,Combined TRACON& Tower with Radar,44,18,19,9,90,0,4,79,2,85,44,22,98,11,175,52,0,52,227
08/17/2021,EUG,OR,ANM,WE,Combined TRACON& Tower with Radar,35,22,25,6,88,0,3,66,1,70,35,25,91,7,158,74,0,74,232
08/18/2021,EUG,OR,ANM,WE,Combined TRACON& Tower with Radar,37,20,22,3,82,0,1,89,5,95,37,21,111,8,177,58,10,68,245
08/19/2021,EUG,OR,ANM,WE,Combined TRACON& Tower with Radar,42,18,22,11,93,0,3,72,3,78,42,21,94,14,171,74,0,74,245
08/20/2021,EUG,OR,ANM,WE,Combined TRACON& Tower with Radar,41,14,30,8,93,0,3,53,1,57,41,17,83,9,150,52,0,52,202
08/21/2021,EUG,OR,ANM,WE,Combined TRACON& Tower with Radar,32,14,30,3,79,0,0,24,1,25,32,14,54,4,104,0,0,0,104
08/22/2021,EUG,OR,ANM,WE,Combined TRACON& Tower with Radar,47,14,22,3,86,0,0,41,1,42,47,14,63,4,128,22,0,22,150
08/23/2021,EUG,OR,ANM,WE,Combined TRACON& Tower with Radar,41,20,27,4,92,0,2,61,0,63,41,22,88,4,155,76,0,76,231
08/24/2021,EUG,OR,ANM,WE,Combined TRACON& Tower with Radar,36,17,27,1,81,0,2,100,0,102,36,19,127,1,183,126,0,126,309
08/25/2021,EUG,OR,ANM,WE,Combined TRACON& Tower with Radar,37,18,22,0,77,0,5,86,0,91,37,23,108,0,168,72,0,72,240
08/26/2021,EUG,OR,ANM,WE,Combined TRACON& Tower with Radar,42,22,25,9,98,1,1,53,6,61,43,23,78,15,159,148,20,168,327
08/27/2021,EUG,OR,ANM,WE,Combined TRACON& Tower with Radar,42,13,19,8,82,0,2,83,4,89,42,15,102,12,171,88,24,112,283
08/28/2021,EUG,OR,ANM,WE,Combined TRACON& Tower with Radar,33,12,14,0,59,0,0,68,0,68,33,12,82,0,127,60,0,60,187
08/29/2021,EUG,OR,ANM,WE,Combined TRACON& Tower with Radar,51,13,18,1,83,0,0,102,1,103,51,13,120,2,186,66,0,66,252
08/30/2021,EUG,OR,ANM,WE,Combined TRACON& Tower with Radar,48,17,21,7,93,0,3,62,1,66,48,20,83,8,159,156,0,156,315
08/31/2021,EUG,OR,ANM,WE,Combined TRACON& Tower with Radar,41,19,26,10,96,0,3,69,1,73,41,22,95,11,169,24,2,26,195
09/01/2021,EUG,OR,ANM,WE,Combined TRACON& Tower with Radar,45,17,26,3,91,0,3,78,1,82,45,20,104,4,173,80,0,80,253
09/02/2021,EUG,OR,ANM,WE,Combined TRACON& Tower with Radar,51,17,24,3,95,0,3,77,3,83,51,20,101,6,178,36,2,38,216
09/03/2021,EUG,OR,ANM,WE,Combined TRACON& Tower with Radar,49,17,9,1,76,0,3,48,2,53,49,20,57,3,129,40,0,40,169
09/04/2021,EUG,OR,ANM,WE,Combined TRACON& Tower with Radar,40,11,24,0,75,0,2,28,0,30,40,13,52,0,105,0,0,0,105
09/05/2021,EUG,OR,ANM,WE,Combined TRACON& Tower with Radar,51,10,8,0,69,0,0,40,0,40,51,10,48,0,109,10,0,10,119
09/06/2021,EUG,OR,ANM,WE,Combined TRACON& Tower with Radar,46,14,21,0,81,0,0,41,0,41,46,14,62,0,122,18,0,18,140
09/07/2021,EUG,OR,ANM,WE,Combined TRACON& Tower with Radar,41,20,24,13,98,0,2,40,1,43,41,22,64,14,141,46,24,70,211
09/08/2021,EUG,OR,ANM,WE,Combined TRACON& Tower with Radar,45,16,18,7,86,1,5,54,1,61,46,21,72,8,147,106,46,152,299
09/09/2021,EUG,OR,ANM,WE,Combined TRACON& Tower with Radar,52,18,17,18,105,0,4,77,5,86,52,22,94,23,191,68,14,82,273
09/10/2021,EUG,OR,ANM,WE,Combined TRACON& Tower with Radar,54,13,28,2,97,0,1,10,0,11,54,14,38,2,108,18,0,18,126
09/11/2021,EUG,OR,ANM,WE,Combined TRACON& Tower with Radar,46,12,9,12,79,0,1,50,0,51,46,13,59,12,130,28,0,28,158
09/12/2021,EUG,OR,ANM,WE,Combined TRACON& Tower with Radar,55,10,14,10,89,0,0,51,0,51,55,10,65,10,140,26,0,26,166
09/13/2021,EUG,OR,ANM,WE,Combined TRACON& Tower with Radar,51,14,10,5,80,0,4,55,0,59,51,18,65,5,139,38,0,38,177
09/14/2021,EUG,OR,ANM,WE,Combined TRACON& Tower with Radar,48,15,16,12,91,0,4,75,4,83,48,19,91,16,174,16,58,74,248
09/15/2021,EUG,OR,ANM,WE,Combined TRACON& Tower with Radar,48,17,21,11,97,0,3,48,4,55,48,20,69,15,152,26,14,40,192
09/16/2021,EUG,OR,ANM,WE,Combined TRACON& Tower with Radar,58,14,15,8,95,0,2,62,1,65,58,16,77,9,160,94,48,142,302
09/17/2021,EUG,OR,ANM,WE,Combined TRACON& Tower with Radar,53,14,17,0,84,0,1,51,0,52,53,15,68,0,136,8,0,8,144
09/18/2021,EUG,OR,ANM,WE,Combined TRACON& Tower with Radar,49,9,18,0,76,0,0,7,0,7,49,9,25,0,83,0,0,0,83
09/19/2021,EUG,OR,ANM,WE,Combined TRACON& Tower with Radar,54,15,16,0,85,0,0,17,0,17,54,15,33,0,102,16,0,16,118
09/20/2021,EUG,OR,ANM,WE,Combined TRACON& Tower with Radar,48,17,27,14,106,0,4,26,1,31,48,21,53,15,137,8,18,26,163
09/21/2021,EUG,OR,ANM,WE,Combined TRACON& Tower with Radar,46,21,20,14,101,0,9,83,10,102,46,30,103,24,203,22,36,58,261
09/22/2021,EUG,OR,ANM,WE,Combined TRACON& Tower with Radar,47,18,21,7,93,0,5,50,4,59,47,23,71,11,152,10,10,20,172
09/23/2021,EUG,OR,ANM,WE,Combined TRACON& Tower with Radar,52,21,20,2,95,0,6,35,2,43,52,27,55,4,138,8,0,8,146
09/24/2021,EUG,OR,ANM,WE,Combined TRACON& Tower with Radar,58,20,17,7,102,0,2,75,0,77,58,22,92,7,179,54,6,60,239
09/25/2021,EUG,OR,ANM,WE,Combined TRACON& Tower with Radar,45,16,28,0,89,0,4,72,1,77,45,20,100,1,166,72,0,72,238
09/26/2021,EUG,OR,ANM,WE,Combined TRACON& Tower with Radar,55,12,22,0,89,0,2,22,0,24,55,14,44,0,113,4,0,4,117
09/27/2021,EUG,OR,ANM,WE,Combined TRACON& Tower with Radar,52,22,12,0,86,0,1,1,0,2,52,23,13,0,88,0,0,0,88
09/28/2021,EUG,OR,ANM,WE,Combined TRACON& Tower with Radar,47,21,15,8,91,0,2,12,0,14,47,23,27,8,105,4,0,4,109
09/29/2021,EUG,OR,ANM,WE,Combined TRACON& Tower with Radar,46,13,18,0,77,0,3,55,0,58,46,16,73,0,135,60,0,60,195
09/30/2021,EUG,OR,ANM,WE,Combined TRACON& Tower with Radar,54,18,25,14,111,0,0,34,0,34,54,18,59,14,145,48,0,48,193
10/01/2021,EUG,OR,ANM,WE,Combined TRACON& Tower with Radar,55,15,20,0,90,1,0,54,0,55,56,15,74,0,145,58,0,58,203
10/02/2021,EUG,OR,ANM,WE,Combined TRACON& Tower with Radar,49,9,16,1,75,0,0,31,0,31,49,9,47,1,106,42,0,42,148
10/03/2021,EUG,OR,ANM,WE,Combined TRACON& Tower with Radar,52,14,19,0,85,0,0,40,0,40,52,14,59,0,125,50,0,50,175
10/04/2021,EUG,OR,ANM,WE,Combined TRACON& Tower with Radar,51,14,13,1,79,0,3,18,0,21,51,17,31,1,100,44,0,44,144
10/05/2021,EUG,OR,ANM,WE,Combined TRACON& Tower with Radar,45,16,24,3,88,0,0,9,0,9,45,16,33,3,97,6,0,6,103
10/06/2021,EUG,OR,ANM,WE,Combined TRACON& Tower with Radar,45,13,26,0,84,0,6,36,0,42,45,19,62,0,126,46,0,46,172
10/07/2021,EUG,OR,ANM,WE,Combined TRACON& Tower with Radar,48,14,19,5,86,1,3,29,2,35,49,17,48,7,121,12,18,30,151
10/08/2021,EUG,OR,ANM,WE,Combined TRACON& Tower with Radar,50,10,20,0,80,0,1,84,0,85,50,11,104,0,165,110,0,110,275
10/09/2021,EUG,OR,ANM,WE,Combined TRACON& Tower with Radar,46,4,24,0,74,0,3,40,0,43,46,7,64,0,117,14,0,14,131
10/10/2021,EUG,OR,ANM,WE,Combined TRACON& Tower with Radar,50,4,16,0,70,0,0,8,0,8,50,4,24,0,78,10,0,10,88
10/11/2021,EUG,OR,ANM,WE,Combined TRACON& Tower with Radar,48,14,20,0,82,0,3,54,0,57,48,17,74,0,139,64,0,64,203
10/12/2021,EUG,OR,ANM,WE,Combined TRACON& Tower with Radar,44,17,22,7,90,0,0,47,3,50,44,17,69,10,140,48,22,70,210
10/13/2021,EUG,OR,ANM,WE,Combined TRACON& Tower with Radar,41,17,31,9,98,0,0,3,1,4,41,17,34,10,102,26,2,28,130
10/14/2021,EUG,OR,ANM,WE,Combined TRACON& Tower with Radar,50,20,27,0,97,0,1,25,0,26,50,21,52,0,123,50,0,50,173
10/15/2021,EUG,OR,ANM,WE,Combined TRACON& Tower with Radar,50,10,45,8,113,0,3,84,0,87,50,13,129,8,200,34,0,34,234
10/16/2021,EUG,OR,ANM,WE,Combined TRACON& Tower with Radar,43,14,23,12,92,0,1,50,0,51,43,15,73,12,143,14,0,14,157
10/17/2021,EUG,OR,ANM,WE,Combined TRACON& Tower with Radar,49,4,24,0,77,0,0,24,0,24,49,4,48,0,101,6,0,6,107
10/18/2021,EUG,OR,ANM,WE,Combined TRACON& Tower with Radar,48,13,21,8,90,0,1,25,0,26,48,14,46,8,116,38,0,38,154
10/19/2021,EUG,OR,ANM,WE,Combined TRACON& Tower with Radar,41,12,20,8,81,0,1,45,4,50,41,13,65,12,131,104,22,126,257
10/20/2021,EUG,OR,ANM,WE,Combined TRACON& Tower with Radar,43,16,26,5,90,0,1,32,0,33,43,17,58,5,123,56,8,64,187
10/21/2021,EUG,OR,ANM,WE,Combined TRACON& Tower with Radar,41,19,20,16,96,0,1,30,10,41,41,20,50,26,137,44,20,64,201
10/22/2021,EUG,OR,ANM,WE,Combined TRACON& Tower with Radar,49,12,27,12,100,0,1,4,8,13,49,13,31,20,113,30,44,74,187
10/23/2021,EUG,OR,ANM,WE,Combined TRACON& Tower with Radar,46,4,3,0,53,0,2,1,0,3,46,6,4,0,56,0,0,0,56
10/24/2021,EUG,OR,ANM,WE,Combined TRACON& Tower with Radar,48,10,4,0,62,0,1,2,0,3,48,11,6,0,65,4,0,4,69
10/25/2021,EUG,OR,ANM,WE,Combined TRACON& Tower with Radar,48,13,7,2,70,0,0,5,0,5,48,13,12,2,75,0,0,0,75
10/26/2021,EUG,OR,ANM,WE,Combined TRACON& Tower with Radar,42,15,19,27,103,0,0,8,1,9,42,15,27,28,112,0,0,0,112
10/27/2021,EUG,OR,ANM,WE,Combined TRACON& Tower with Radar,40,34,36,45,155,1,2,45,7,55,41,36,81,52,210,72,10,82,292
10/28/2021,EUG,OR,ANM,WE,Combined TRACON& Tower with Radar,48,11,32,24,115,0,1,27,1,29,48,12,59,25,144,24,14,38,182
10/29/2021,EUG,OR,ANM,WE,Combined TRACON& Tower with Radar,53,13,32,2,100,0,4,21,0,25,53,17,53,2,125,28,0,28,153
10/30/2021,EUG,OR,ANM,WE,Combined TRACON& Tower with Radar,45,11,27,0,83,0,0,72,0,72,45,11,99,0,155,16,0,16,171
10/31/2021,EUG,OR,ANM,WE,Combined TRACON& Tower with Radar,48,17,29,0,94,0,1,77,0,78,48,18,106,0,172,24,0,24,196
11/01/2021,EUG,OR,ANM,WE,Combined TRACON& Tower with Radar,41,25,17,4,87,0,0,5,0,5,41,25,22,4,92,6,0,6,98
11/02/2021,EUG,OR,ANM,WE,Combined TRACON& Tower with Radar,34,18,26,5,83,0,2,14,0,16,34,20,40,5,99,12,6,18,117
11/03/2021,EUG,OR,ANM,WE,Combined TRACON& Tower with Radar,34,23,25,8,90,0,1,27,0,28,34,24,52,8,118,38,16,54,172
11/04/2021,EUG,OR,ANM,WE,Combined TRACON& Tower with Radar,41,20,11,24,96,0,0,3,1,4,41,20,14,25,100,0,24,24,124
11/05/2021,EUG,OR,ANM,WE,Combined TRACON& Tower with Radar,47,16,25,16,104,3,2,33,1,39,50,18,58,17,143,70,0,70,213
11/06/2021,EUG,OR,ANM,WE,Combined TRACON& Tower with Radar,36,11,8,0,55,1,0,2,0,3,37,11,10,0,58,10,0,10,68
11/07/2021,EUG,OR,ANM,WE,Combined TRACON& Tower with Radar,46,12,12,0,70,0,1,14,0,15,46,13,26,0,85,18,0,18,103
11/08/2021,EUG,OR,ANM,WE,Combined TRACON& Tower with Radar,47,20,23,15,105,0,3,59,0,62,47,23,82,15,167,46,10,56,223
11/09/2021,EUG,OR,ANM,WE,Combined TRACON& Tower with Radar,38,19,37,6,100,0,1,35,0,36,38,20,72,6,136,54,0,54,190
11/10/2021,EUG,OR,ANM,WE,Combined TRACON& Tower with Radar,37,22,26,4,89,0,1,42,0,43,37,23,68,4,132,92,8,100,232
11/11/2021,EUG,OR,ANM,WE,Combined TRACON& Tower with Radar,47,23,27,0,97,0,1,6,0,7,47,24,33,0,104,26,2,28,132
11/12/2021,EUG,OR,ANM,WE,Combined TRACON& Tower with Radar,49,29,31,0,109,0,0,16,0,16,49,29,47,0,125,24,0,24,149
11/13/2021,EUG,OR,ANM,WE,Combined TRACON& Tower with Radar,41,21,27,0,89,1,0,13,0,14,42,21,40,0,103,6,0,6,109
11/14/2021,EUG,OR,ANM,WE,Combined TRACON& Tower with Radar,45,19,33,0,97,0,0,9,0,9,45,19,42,0,106,18,0,18,124
11/15/2021,EUG,OR,ANM,WE,Combined TRACON& Tower with Radar,45,21,22,0,88,0,0,6,0,6,45,21,28,0,94,40,0,40,134
11/16/2021,EUG,OR,ANM,WE,Combined TRACON& Tower with Radar,40,19,19,0,78,0,1,70,0,71,40,20,89,0,149,48,0,48,197
11/17/2021,EUG,OR,ANM,WE,Combined TRACON& Tower with Radar,34,25,12,11,82,0,2,77,0,79,34,27,89,11,161,48,0,48,209
11/18/2021,EUG,OR,ANM,WE,Combined TRACON& Tower with Radar,41,20,14,17,92,1,2,37,1,41,42,22,51,18,133,44,8,52,185
11/19/2021,EUG,OR,ANM,WE,Combined TRACON& Tower with Radar,54,17,17,31,119,0,1,34,0,35,54,18,51,31,154,56,0,56,210
11/20/2021,EUG,OR,ANM,WE,Combined TRACON& Tower with Radar,35,22,23,0,80,0,0,36,0,36,35,22,59,0,116,20,0,20,136
11/21/2021,EUG,OR,ANM,WE,Combined TRACON& Tower with Radar,42,13,14,0,69,0,0,0,0,0,42,13,14,0,69,0,0,0,69
11/22/2021,EUG,OR,ANM,WE,Combined TRACON& Tower with Radar,52,18,9,40,119,0,3,40,2,45,52,21,49,42,164,70,30,100,264
11/23/2021,EUG,OR,ANM,WE,Combined TRACON& Tower with Radar,39,18,34,16,107,0,1,21,1,23,39,19,55,17,130,16,24,40,170
11/24/2021,EUG,OR,ANM,WE,Combined TRACON& Tower with Radar,54,24,27,0,105,0,0,0,0,0,54,24,27,0,105,0,0,0,105
11/25/2021,EUG,OR,ANM,WE,Combined TRACON& Tower with Radar,27,7,10,0,44,0,1,26,0,27,27,8,36,0,71,12,0,12,83
11/26/2021,EUG,OR,ANM,WE,Combined TRACON& Tower with Radar,36,21,11,0,68,0,0,3,0,3,36,21,14,0,71,36,0,36,107
11/27/2021,EUG,OR,ANM,WE,Combined TRACON& Tower with Radar,45,16,46,0,107,0,0,1,0,1,45,16,47,0,108,0,0,0,108
11/28/2021,EUG,OR,ANM,WE,Combined TRACON& Tower with Radar,47,21,24,0,92,0,0,8,0,8,47,21,32,0,100,16,0,16,116
11/29/2021,EUG,OR,ANM,WE,Combined TRACON& Tower with Radar,47,20,19,20,106,0,2,25,2,29,47,22,44,22,135,6,18,24,159
11/30/2021,EUG,OR,ANM,WE,Combined TRACON& Tower with Radar,35,16,18,11,80,0,2,52,5,59,35,18,70,16,139,54,24,78,217
12/01/2021,EUG,OR,ANM,WE,Combined TRACON& Tower with Radar,35,20,20,17,92,0,2,65,1,68,35,22,85,18,160,76,18,94,254
12/02/2021,EUG,OR,ANM,WE,Combined TRACON& Tower with Radar,43,22,37,0,102,0,0,9,2,11,43,22,46,2,113,6,8,14,127
12/03/2021,EUG,OR,ANM,WE,Combined TRACON& Tower with Radar,48,19,31,10,108,0,2,29,0,31,48,21,60,10,139,46,18,64,203
12/04/2021,EUG,OR,ANM,WE,Combined TRACON& Tower with Radar,37,9,11,0,57,0,1,4,0,5,37,10,15,0,62,8,0,8,70
12/05/2021,EUG,OR,ANM,WE,Combined TRACON& Tower with Radar,39,8,8,0,55,0,0,54,0,54,39,8,62,0,109,10,0,10,119
12/06/2021,EUG,OR,ANM,WE,Combined TRACON& Tower with Radar,45,20,20,20,105,0,0,0,1,1,45,20,20,21,106,4,8,12,118
12/07/2021,EUG,OR,ANM,WE,Combined TRACON& Tower with Radar,34,17,21,55,127,0,2,24,1,27,34,19,45,56,154,16,12,28,182
12/08/2021,EUG,OR,ANM,WE,Combined TRACON& Tower with Radar,37,22,32,18,109,0,0,6,2,8,37,22,38,20,117,2,50,52,169
12/09/2021,EUG,OR,ANM,WE,Combined TRACON& Tower with Radar,38,19,21,8,86,0,0,7,2,9,38,19,28,10,95,38,14,52,147
12/10/2021,EUG,OR,ANM,WE,Combined TRACON& Tower with Radar,45,18,32,10,105,0,0,15,0,15,45,18,47,10,120,0,0,0,120
12/11/2021,EUG,OR,ANM,WE,Combined TRACON& Tower with Radar,33,10,9,0,52,0,0,0,0,0,33,10,9,0,52,0,0,0,52
12/12/2021,EUG,OR,ANM,WE,Combined TRACON& Tower with Radar,35,17,25,0,77,0,0,0,0,0,35,17,25,0,77,0,0,0,77
12/13/2021,EUG,OR,ANM,WE,Combined TRACON& Tower with Radar,47,17,13,21,98,0,1,0,1,2,47,18,13,22,100,0,12,12,112
12/14/2021,EUG,OR,ANM,WE,Combined TRACON& Tower with Radar,35,17,35,12,99,0,0,22,2,24,35,17,57,14,123,34,14,48,171
12/15/2021,EUG,OR,ANM,WE,Combined TRACON& Tower with Radar,34,22,16,8,80,0,0,0,0,0,34,22,16,8,80,0,0,0,80
12/16/2021,EUG,OR,ANM,WE,Combined TRACON& Tower with Radar,41,25,24,28,118,1,0,8,0,9,42,25,32,28,127,26,0,26,153
12/17/2021,EUG,OR,ANM,WE,Combined TRACON& Tower with Radar,45,26,27,0,98,0,1,34,0,35,45,27,61,0,133,38,0,38,171
12/18/2021,EUG,OR,ANM,WE,Combined TRACON& Tower with Radar,38,15,14,0,67,0,0,6,0,6,38,15,20,0,73,4,0,4,77
12/19/2021,EUG,OR,ANM,WE,Combined TRACON& Tower with Radar,42,9,6,0,57,0,0,0,0,0,42,9,6,0,57,0,0,0,57
12/20/2021,EUG,OR,ANM,WE,Combined TRACON& Tower with Radar,48,20,24,14,106,0,0,0,0,0,48,20,24,14,106,0,0,0,106
12/21/2021,EUG,OR,ANM,WE,Combined TRACON& Tower with Radar,33,18,13,0,64,0,0,1,0,1,33,18,14,0,65,0,0,0,65
12/22/2021,EUG,OR,ANM,WE,Combined TRACON& Tower with Radar,39,26,15,28,108,0,0,8,5,13,39,26,23,33,121,10,6,16,137
12/23/2021,EUG,OR,ANM,WE,Combined TRACON& Tower with Radar,41,17,18,4,80,0,3,11,1,15,41,20,29,5,95,10,8,18,113
12/24/2021,EUG,OR,ANM,WE,Combined TRACON& Tower with Radar,33,11,7,0,51,0,0,0,0,0,33,11,7,0,51,0,0,0,51
12/25/2021,EUG,OR,ANM,WE,Combined TRACON& Tower with Radar,33,11,1,0,45,0,0,0,0,0,33,11,1,0,45,0,0,0,45
12/26/2021,EUG,OR,ANM,WE,Combined TRACON& Tower with Radar,11,2,7,0,20,0,0,0,0,0,11,2,7,0,20,0,0,0,20
12/27/2021,EUG,OR,ANM,WE,Combined TRACON& Tower with Radar,25,6,1,0,32,0,1,0,0,1,25,7,1,0,33,0,0,0,33
12/28/2021,EUG,OR,ANM,WE,Combined TRACON& Tower with Radar,28,13,17,0,58,0,0,0,0,0,28,13,17,0,58,0,0,0,58
12/29/2021,EUG,OR,ANM,WE,Combined TRACON& Tower with Radar,38,19,7,0,64,0,0,6,0,6,38,19,13,0,70,2,0,2,72
12/30/2021,EUG,OR,ANM,WE,Combined TRACON& Tower with Radar,38,13,4,0,55,0,0,0,0,0,38,13,4,0,55,0,0,0,55
12/31/2021,EUG,OR,ANM,WE,Combined TRACON& Tower with Radar,29,12,14,0,55,0,0,2,0,2,29,12,16,0,57,0,0,0,57
01/01/2022,EUG,OR,ANM,WE,Combined TRACON& Tower with Radar,30,4,29,0,63,0,0,38,2,40,30,4,67,2,103,68,0,68,171
01/02/2022,EUG,OR,ANM,WE,Combined TRACON& Tower with Radar,35,5,15,0,55,0,0,10,0,10,35,5,25,0,65,10,0,10,75
01/03/2022,EUG,OR,ANM,WE,Combined TRACON& Tower with Radar,41,20,6,0,67,0,0,1,0,1,41,20,7,0,68,0,0,0,68
01/04/2022,EUG,OR,ANM,WE,Combined TRACON& Tower with Radar,31,28,14,17,90,0,0,0,0,0,31,28,14,17,90,0,0,0,90
01/05/2022,EUG,OR,ANM,WE,Combined TRACON& Tower with Radar,29,19,10,0,58,0,0,0,0,0,29,19,10,0,58,0,0,0,58
01/06/2022,EUG,OR,ANM,WE,Combined TRACON& Tower with Radar,34,19,18,0,71,0,1,8,0,9,34,20,26,0,80,20,0,20,100
01/07/2022,EUG,OR,ANM,WE,Combined TRACON& Tower with Radar,47,19,12,8,86,0,2,5,0,7,47,21,17,8,93,10,14,24,117
01/08/2022,EUG,OR,ANM,WE,Combined TRACON& Tower with Radar,33,8,27,0,68,0,2,82,0,84,33,10,109,0,152,54,0,54,206
01/09/2022,EUG,OR,ANM,WE,Combined TRACON& Tower with Radar,38,6,9,12,65,0,0,0,0,0,38,6,9,12,65,0,0,0,65
01/10/2022,EUG,OR,ANM,WE,Combined TRACON& Tower with Radar,43,23,18,0,84,0,2,43,0,45,43,25,61,0,129,68,0,68,197
01/11/2022,EUG,OR,ANM,WE,Combined TRACON& Tower with Radar,32,19,27,0,78,0,2,39,0,41,32,21,66,0,119,12,0,12,131
01/12/2022,EUG,OR,ANM,WE,Combined TRACON& Tower with Radar,32,16,22,14,84,0,6,55,1,62,32,22,77,15,146,64,12,76,222
01/13/2022,EUG,OR,ANM,WE,Combined TRACON& Tower with Radar,40,17,36,12,105,0,0,6,0,6,40,17,42,12,111,20,0,20,131
01/14/2022,EUG,OR,ANM,WE,Combined TRACON& Tower with Radar,46,16,26,4,92,0,0,0,0,0,46,16,26,4,92,0,0,0,92
01/15/2022,EUG,OR,ANM,WE,Combined TRACON& Tower with Radar,28,11,12,0,51,0,0,0,0,0,28,11,12,0,51,0,0,0,51
01/16/2022,EUG,OR,ANM,WE,Combined TRACON& Tower with Radar,36,12,9,0,57,0,0,0,0,0,36,12,9,0,57,0,0,0,57
01/17/2022,EUG,OR,ANM,WE,Combined TRACON& Tower with Radar,50,24,30,0,104,0,1,22,0,23,50,25,52,0,127,34,0,34,161
01/18/2022,EUG,OR,ANM,WE,Combined TRACON& Tower with Radar,33,19,18,12,82,0,0,5,2,7,33,19,23,14,89,0,30,30,119
01/19/2022,EUG,OR,ANM,WE,Combined TRACON& Tower with Radar,33,19,21,0,73,0,0,2,0,2,33,19,23,0,75,14,0,14,89
01/20/2022,EUG,OR,ANM,WE,Combined TRACON& Tower with Radar,37,16,25,4,82,0,0,18,0,18,37,16,43,4,100,136,12,148,248
01/21/2022,EUG,OR,ANM,WE,Combined TRACON& Tower with Radar,46,16,26,0,88,0,0,5,0,5,46,16,31,0,93,10,0,10,103
01/22/2022,EUG,OR,ANM,WE,Combined TRACON& Tower with Radar,29,11,26,0,66,0,1,6,0,7,29,12,32,0,73,16,0,16,89
01/23/2022,EUG,OR,ANM,WE,Combined TRACON& Tower with Radar,27,12,7,0,46,0,0,33,0,33,27,12,40,0,79,40,0,40,119
01/24/2022,EUG,OR,ANM,WE,Combined TRACON& Tower with Radar,40,20,13,0,73,0,2,11,0,13,40,22,24,0,86,22,0,22,108
01/25/2022,EUG,OR,ANM,WE,Combined TRACON& Tower with Radar,29,16,13,1,59,0,1,21,0,22,29,17,34,1,81,8,0,8,89
01/26/2022,EUG,OR,ANM,WE,Combined TRACON& Tower with Radar,36,37,16,16,105,0,1,12,0,13,36,38,28,16,118,16,34,50,168
01/27/2022,EUG,OR,ANM,WE,Combined TRACON& Tower with Radar,40,18,14,11,83,0,2,45,0,47,40,20,59,11,130,44,0,44,174
01/28/2022,EUG,OR,ANM,WE,Combined TRACON& Tower with Radar,49,13,30,5,97,0,2,91,1,94,49,15,121,6,191,48,8,56,247
01/29/2022,EUG,OR,ANM,WE,Combined TRACON& Tower with Radar,33,12,9,0,54,0,0,47,0,47,33,12,56,0,101,44,0,44,145
01/30/2022,EUG,OR,ANM,WE,Combined TRACON& Tower with Radar,33,9,6,0,48,0,0,17,0,17,33,9,23,0,65,14,0,14,79
01/31/2022,EUG,OR,ANM,WE,Combined TRACON& Tower with Radar,47,20,12,34,113,0,1,6,2,9,47,21,18,36,122,18,14,32,154
02/01/2022,EUG,OR,ANM,WE,Combined TRACON& Tower with Radar,36,18,7,0,61,0,1,9,0,10,36,19,16,0,71,20,0,20,91
02/02/2022,EUG,OR,ANM,WE,Combined TRACON& Tower with Radar,36,15,19,10,80,0,0,1,0,1,36,15,20,10,81,0,0,0,81
02/03/2022,EUG,OR,ANM,WE,Combined TRACON& Tower with Radar,36,10,28,17,91,0,3,68,13,84,36,13,96,30,175,46,24,70,245
02/04/2022,EUG,OR,ANM,WE,Combined TRACON& Tower with Radar,46,17,17,0,80,0,1,31,0,32,46,18,48,0,112,54,0,54,166
02/05/2022,EUG,OR,ANM,WE,Combined TRACON& Tower with Radar,33,12,20,0,65,0,0,10,0,10,33,12,30,0,75,10,0,10,85
02/06/2022,EUG,OR,ANM,WE,Combined TRACON& Tower with Radar,39,9,10,2,60,1,1,33,0,35,40,10,43,2,95,24,4,28,123
02/07/2022,EUG,OR,ANM,WE,Combined TRACON& Tower with Radar,45,15,17,2,79,0,0,26,0,26,45,15,43,2,105,62,0,62,167
02/08/2022,EUG,OR,ANM,WE,Combined TRACON& Tower with Radar,35,17,12,0,64,0,1,11,0,12,35,18,23,0,76,0,0,0,76
02/09/2022,EUG,OR,ANM,WE,Combined TRACON& Tower with Radar,40,14,11,11,76,0,1,37,0,38,40,15,48,11,114,36,0,36,150
02/10/2022,EUG,OR,ANM,WE,Combined TRACON& Tower with Radar,37,15,16,7,75,0,0,0,0,0,37,15,16,7,75,0,0,0,75
02/11/2022,EUG,OR,ANM,WE,Combined TRACON& Tower with Radar,40,13,23,0,76,0,0,31,0,31,40,13,54,0,107,38,0,38,145
02/12/2022,EUG,OR,ANM,WE,Combined TRACON& Tower with Radar,31,10,17,0,58,0,0,106,0,106,31,10,123,0,164,50,0,50,214
02/13/2022,EUG,OR,ANM,WE,Combined TRACON& Tower with Radar,32,10,11,0,53,0,0,55,0,55,32,10,66,0,108,42,0,42,150
02/14/2022,EUG,OR,ANM,WE,Combined TRACON& Tower with Radar,43,18,11,0,72,0,0,0,0,0,43,18,11,0,72,0,0,0,72
02/15/2022,EUG,OR,ANM,WE,Combined TRACON& Tower with Radar,34,22,18,8,82,0,3,19,0,22,34,25,37,8,104,22,0,22,126
02/16/2022,EUG,OR,ANM,WE,Combined TRACON& Tower with Radar,35,20,23,14,92,0,0,30,0,30,35,20,53,14,122,18,0,18,140
02/17/2022,EUG,OR,ANM,WE,Combined TRACON& Tower with Radar,43,23,30,0,96,0,1,53,0,54,43,24,83,0,150,52,0,52,202
02/18/2022,EUG,OR,ANM,WE,Combined TRACON& Tower with Radar,41,22,11,0,74,1,2,38,1,42,42,24,49,1,116,12,0,12,128
02/19/2022,EUG,OR,ANM,WE,Combined TRACON& Tower with Radar,28,12,19,0,59,0,0,25,0,25,28,12,44,0,84,20,0,20,104
02/20/2022,EUG,OR,ANM,WE,Combined TRACON& Tower with Radar,38,16,8,0,62,0,0,10,0,10,38,16,18,0,72,6,0,6,78
02/21/2022,EUG,OR,ANM,WE,Combined TRACON& Tower with Radar,40,19,14,0,73,0,5,5,0,10,40,24,19,0,83,8,0,8,91
02/22/2022,EUG,OR,ANM,WE,Combined TRACON& Tower with Radar,33,14,10,6,63,0,2,42,2,46,33,16,52,8,109,36,14,50,159
02/23/2022,EUG,OR,ANM,WE,Combined TRACON& Tower with Radar,34,19,20,7,80,2,2,79,5,88,36,21,99,12,168,62,16,78,246
02/24/2022,EUG,OR,ANM,WE,Combined TRACON& Tower with Radar,42,18,28,29,117,0,2,56,0,58,42,20,84,29,175,88,0,88,263
02/25/2022,EUG,OR,ANM,WE,Combined TRACON& Tower with Radar,41,16,31,0,88,0,3,82,0,85,41,19,113,0,173,48,0,48,221
02/26/2022,EUG,OR,ANM,WE,Combined TRACON& Tower with Radar,33,15,13,0,61,0,0,27,0,27,33,15,40,0,88,32,0,32,120
02/27/2022,EUG,OR,ANM,WE,Combined TRACON& Tower with Radar,42,10,11,0,63,0,0,7,0,7,42,10,18,0,70,8,0,8,78
02/28/2022,EUG,OR,ANM,WE,Combined TRACON& Tower with Radar,40,20,14,7,81,0,0,3,9,12,40,20,17,16,93,0,26,26,119
03/01/2022,EUG,OR,ANM,WE,Combined TRACON& Tower with Radar,33,16,19,13,81,0,3,8,1,12,33,19,27,14,93,10,24,34,127
03/02/2022,EUG,OR,ANM,WE,Combined TRACON& Tower with Radar,35,25,29,0,89,0,0,3,0,3,35,25,32,0,92,0,0,0,92
03/03/2022,EUG,OR,ANM,WE,Combined TRACON& Tower with Radar,41,22,17,13,93,0,1,15,1,17,41,23,32,14,110,30,14,44,154
03/04/2022,EUG,OR,ANM,WE,Combined TRACON& Tower with Radar,38,14,23,4,79,0,1,9,1,11,38,15,32,5,90,66,14,80,170
03/05/2022,EUG,OR,ANM,WE,Combined TRACON& Tower with Radar,31,7,8,2,48,0,0,44,0,44,31,7,52,2,92,30,0,30,122
03/06/2022,EUG,OR,ANM,WE,Combined TRACON& Tower with Radar,40,14,16,0,70,0,0,38,0,38,40,14,54,0,108,54,0,54,162
03/07/2022,EUG,OR,ANM,WE,Combined TRACON& Tower with Radar,41,21,23,14,99,0,1,67,1,69,41,22,90,15,168,128,8,136,304
03/08/2022,EUG,OR,ANM,WE,Combined TRACON& Tower with Radar,29,22,12,22,85,0,1,32,0,33,29,23,44,22,118,46,34,80,198
03/09/2022,EUG,OR,ANM,WE,Combined TRACON& Tower with Radar,32,18,23,10,83,0,2,17,2,21,32,20,40,12,104,12,8,20,124
03/10/2022,EUG,OR,ANM,WE,Combined TRACON& Tower with Radar,37,17,27,5,86,1,3,59,2,65,38,20,86,7,151,98,12,110,261
03/11/2022,EUG,OR,ANM,WE,Combined TRACON& Tower with Radar,38,15,34,9,96,0,3,114,1,118,38,18,148,10,214,88,26,114,328
03/12/2022,EUG,OR,ANM,WE,Combined TRACON& Tower with Radar,31,8,6,0,45,0,0,26,0,26,31,8,32,0,71,24,0,24,95
03/13/2022,EUG,OR,ANM,WE,Combined TRACON& Tower with Radar,36,12,11,0,59,1,0,3,0,4,37,12,14,0,63,0,0,0,63
03/14/2022,EUG,OR,ANM,WE,Combined TRACON& Tower with Radar,38,21,9,7,75,0,1,16,1,18,38,22,25,8,93,14,16,30,123
03/15/2022,EUG,OR,ANM,WE,Combined TRACON& Tower with Radar,29,22,18,1,70,1,2,14,1,18,30,24,32,2,88,58,24,82,170
03/16/2022,EUG,OR,ANM,WE,Combined TRACON& Tower with Radar,32,20,36,29,117,0,3,67,1,71,32,23,103,30,188,138,44,182,370
03/17/2022,EUG,OR,ANM,WE,Combined TRACON& Tower with Radar,45,19,25,3,92,0,1,47,0,48,45,20,72,3,140,16,0,16,156
03/18/2022,EUG,OR,ANM,WE,Combined TRACON& Tower with Radar,45,15,10,6,76,0,1,36,0,37,45,16,46,6,113,48,16,64,177
03/19/2022,EUG,OR,ANM,WE,Combined TRACON& Tower with Radar,39,14,18,0,71,0,0,10,0,10,39,14,28,0,81,18,0,18,99
03/20/2022,EUG,OR,ANM,WE,Combined TRACON& Tower with Radar,49,12,13,15,89,2,0,15,0,17,51,12,28,15,106,20,0,20,126
03/21/2022,EUG,OR,ANM,WE,Combined TRACON& Tower with Radar,42,21,12,6,81,0,0,0,0,0,42,21,12,6,81,0,0,0,81
03/22/2022,EUG,OR,ANM,WE,Combined TRACON& Tower with Radar,35,16,11,19,81,0,5,64,0,69,35,21,75,19,150,58,6,64,214
03/23/2022,EUG,OR,ANM,WE,Combined TRACON& Tower with Radar,36,21,20,2,79,0,2,19,0,21,36,23,39,2,100,32,0,32,132
03/24/2022,EUG,OR,ANM,WE,Combined TRACON& Tower with Radar,43,18,26,15,102,1,3,32,3,39,44,21,58,18,141,22,8,30,171
03/25/2022,EUG,OR,ANM,WE,Combined TRACON& Tower with Radar,42,13,15,0,70,0,2,47,0,49,42,15,62,0,119,46,0,46,165
03/26/2022,EUG,OR,ANM,WE,Combined TRACON& Tower with Radar,39,10,12,0,61,0,0,53,0,53,39,10,65,0,114,42,0,42,156
03/27/2022,EUG,OR,ANM,WE,Combined TRACON& Tower with Radar,45,9,23,2,79,1,0,12,0,13,46,9,35,2,92,28,0,28,120
03/28/2022,EUG,OR,ANM,WE,Combined TRACON& Tower with Radar,44,20,23,11,98,0,1,32,1,34,44,21,55,12,132,88,16,104,236
03/29/2022,EUG,OR,ANM,WE,Combined TRACON& Tower with Radar,38,19,27,13,97,0,5,32,1,38,38,24,59,14,135,62,10,72,207
03/30/2022,EUG,OR,ANM,WE,Combined TRACON& Tower with Radar,38,12,14,6,70,1,2,22,4,29,39,14,36,10,99,76,0,76,175
03/31/2022,EUG,OR,ANM,WE,Combined TRACON& Tower with Radar,46,16,17,6,85,0,2,55,0,57,46,18,72,6,142,48,0,48,190
04/01/2022,EUG,OR,ANM,WE,Combined TRACON& Tower with Radar,43,14,25,2,84,0,2,51,0,53,43,16,76,2,137,18,0,18,155
04/02/2022,EUG,OR,ANM,WE,Combined TRACON& Tower with Radar,34,12,15,0,61,1,0,58,0,59,35,12,73,0,120,32,0,32,152
04/03/2022,EUG,OR,ANM,WE,Combined TRACON& Tower with Radar,42,10,14,0,66,0,0,16,0,16,42,10,30,0,82,18,0,18,100
04/04/2022,EUG,OR,ANM,WE,Combined TRACON& Tower with Radar,44,14,9,0,67,0,0,0,0,0,44,14,9,0,67,0,0,0,67
04/05/2022,EUG,OR,ANM,WE,Combined TRACON& Tower with Radar,31,14,15,11,71,0,3,63,2,68,31,17,78,13,139,42,90,132,271
04/06/2022,EUG,OR,ANM,WE,Combined TRACON& Tower with Radar,38,17,26,4,85,0,2,75,2,79,38,19,101,6,164,98,0,98,262
04/07/2022,EUG,OR,ANM,WE,Combined TRACON& Tower with Radar,43,9,26,0,78,1,5,108,0,114,44,14,134,0,192,78,0,78,270
04/08/2022,EUG,OR,ANM,WE,Combined TRACON& Tower with Radar,41,10,19,3,73,0,4,19,0,23,41,14,38,3,96,14,0,14,110
04/09/2022,EUG,OR,ANM,WE,Combined TRACON& Tower with Radar,31,6,12,0,49,0,0,21,0,21,31,6,33,0,70,24,0,24,94
04/10/2022,EUG,OR,ANM,WE,Combined TRACON& Tower with Radar,44,7,18,0,69,0,0,0,0,0,44,7,18,0,69,0,0,0,69
04/11/2022,EUG,OR,ANM,WE,Combined TRACON& Tower with Radar,37,15,15,4,71,2,2,7,0,11,39,17,22,4,82,0,4,4,86
04/12/2022,EUG,OR,ANM,WE,Combined TRACON& Tower with Radar,33,15,11,20,79,0,2,2,0,4,33,17,13,20,83,6,0,6,89
04/13/2022,EUG,OR,ANM,WE,Combined TRACON& Tower with Radar,36,17,18,3,74,1,1,11,1,14,37,18,29,4,88,0,10,10,98
04/14/2022,EUG,OR,ANM,WE,Combined TRACON& Tower with Radar,43,21,15,1,80,3,0,3,0,6,46,21,18,1,86,4,2,6,92
04/15/2022,EUG,OR,ANM,WE,Combined TRACON& Tower with Radar,45,14,30,8,97,0,2,86,1,89,45,16,116,9,186,72,14,86,272
04/16/2022,EUG,OR,ANM,WE,Combined TRACON& Tower with Radar,32,9,1,0,42,0,2,14,0,16,32,11,15,0,58,20,0,20,78
04/17/2022,EUG,OR,ANM,WE,Combined TRACON& Tower with Radar,43,8,12,0,63,2,0,43,0,45,45,8,55,0,108,26,0,26,134
04/18/2022,EUG,OR,ANM,WE,Combined TRACON& Tower with Radar,40,28,17,4,89,2,0,12,0,14,42,28,29,4,103,0,0,0,103
04/19/2022,EUG,OR,ANM,WE,Combined TRACON& Tower with Radar,34,17,27,2,80,0,0,1,0,1,34,17,28,2,81,0,0,0,81
04/20/2022,EUG,OR,ANM,WE,Combined TRACON& Tower with Radar,35,14,17,2,68,0,0,0,0,0,35,14,17,2,68,0,8,8,76
04/21/2022,EUG,OR,ANM,WE,Combined TRACON& Tower with Radar,46,17,20,0,83,0,2,22,0,24,46,19,42,0,107,16,0,16,123
04/22/2022,EUG,OR,ANM,WE,Combined TRACON& Tower with Radar,42,12,37,0,91,0,2,34,0,36,42,14,71,0,127,66,0,66,193
04/23/2022,EUG,OR,ANM,WE,Combined TRACON& Tower with Radar,33,7,11,2,53,1,1,101,0,103,34,8,112,2,156,68,0,68,224
04/24/2022,EUG,OR,ANM,WE,Combined TRACON& Tower with Radar,46,6,20,0,72,0,0,61,2,63,46,6,81,2,135,16,0,16,151
04/25/2022,EUG,OR,ANM,WE,Combined TRACON& Tower with Radar,40,15,34,0,89,2,1,32,0,35,42,16,66,0,124,128,0,128,252
04/26/2022,EUG,OR,ANM,WE,Combined TRACON& Tower with Radar,35,14,14,15,78,0,2,20,0,22,35,16,34,15,100,40,46,86,186
04/27/2022,EUG,OR,ANM,WE,Combined TRACON& Tower with Radar,35,16,22,9,82,0,7,61,1,69,35,23,83,10,151,100,42,142,293
04/28/2022,EUG,OR,ANM,WE,Combined TRACON& Tower with Radar,46,17,20,14,97,0,1,20,0,21,46,18,40,14,118,10,0,10,128
04/29/2022,EUG,OR,ANM,WE,Combined TRACON& Tower with Radar,41,11,33,8,93,0,3,53,0,56,41,14,86,8,149,106,22,128,277
04/30/2022,EUG,OR,ANM,WE,Combined TRACON& Tower with Radar,32,10,9,0,51,0,0,14,0,14,32,10,23,0,65,0,0,0,65
05/01/2022,EUG,OR,ANM,WE,Combined TRACON& Tower with Radar,37,7,19,0,63,0,0,47,0,47,37,7,66,0,110,2,0,2,112
05/02/2022,EUG,OR,ANM,WE,Combined TRACON& Tower with Radar,39,19,17,0,75,0,0,0,0,0,39,19,17,0,75,0,0,0,75
05/03/2022,EUG,OR,ANM,WE,Combined TRACON& Tower with Radar,33,18,32,23,106,0,0,44,0,44,33,18,76,23,150,64,26,90,240
05/04/2022,EUG,OR,ANM,WE,Combined TRACON& Tower with Radar,36,15,25,4,80,0,2,125,1,128,36,17,150,5,208,136,0,136,344
05/05/2022,EUG,OR,ANM,WE,Combined TRACON& Tower with Radar,38,18,15,16,87,0,0,0,0,0,38,18,15,16,87,0,0,0,87
05/06/2022,EUG,OR,ANM,WE,Combined TRACON& Tower with Radar,39,24,4,0,67,0,0,0,0,0,39,24,4,0,67,2,0,2,69
05/07/2022,EUG,OR,ANM,WE,Combined TRACON& Tower with Radar,33,11,5,0,49,0,0,5,0,5,33,11,10,0,54,0,0,0,54
05/08/2022,EUG,OR,ANM,WE,Combined TRACON& Tower with Radar,37,14,11,0,62,0,0,0,0,0,37,14,11,0,62,0,0,0,62
05/09/2022,EUG,OR,ANM,WE,Combined TRACON& Tower with Radar,40,22,15,2,79,0,1,24,0,25,40,23,39,2,104,10,0,10,114
05/10/2022,EUG,OR,ANM,WE,Combined TRACON& Tower with Radar,32,16,21,14,83,0,2,44,0,46,32,18,65,14,129,70,2,72,201
05/11/2022,EUG,OR,ANM,WE,Combined TRACON& Tower with Radar,35,19,34,0,88,0,3,61,0,64,35,22,95,0,152,40,0,40,192
05/12/2022,EUG,OR,ANM,WE,Combined TRACON& Tower with Radar,36,16,17,2,71,0,0,3,0,3,36,16,20,2,74,0,0,0,74
05/13/2022,EUG,OR,ANM,WE,Combined TRACON& Tower with Radar,38,19,29,0,86,0,0,12,1,13,38,19,41,1,99,32,0,32,131
05/14/2022,EUG,OR,ANM,WE,Combined TRACON& Tower with Radar,34,14,7,0,55,0,0,22,0,22,34,14,29,0,77,26,0,26,103
05/15/2022,EUG,OR,ANM,WE,Combined TRACON& Tower with Radar,38,8,16,0,62,0,0,29,0,29,38,8,45,0,91,14,0,14,105
05/16/2022,EUG,OR,ANM,WE,Combined TRACON& Tower with Radar,39,19,23,24,105,0,2,55,2,59,39,21,78,26,164,122,14,136,300
05/17/2022,EUG,OR,ANM,WE,Combined TRACON& Tower with Radar,33,17,23,23,96,0,2,82,1,85,33,19,105,24,181,82,8,90,271
05/18/2022,EUG,OR,ANM,WE,Combined TRACON& Tower with Radar,32,22,26,8,88,1,0,5,0,6,33,22,31,8,94,18,0,18,112
05/19/2022,EUG,OR,ANM,WE,Combined TRACON& Tower with Radar,25,10,27,7,69,2,2,15,3,22,27,12,42,10,91,30,12,42,133
05/20/2022,EUG,OR,ANM,WE,Combined TRACON& Tower with Radar,40,14,39,0,93,0,2,67,0,69,40,16,106,0,162,94,0,94,256
05/21/2022,EUG,OR,ANM,WE,Combined TRACON& Tower with Radar,31,10,10,2,53,1,0,71,0,72,32,10,81,2,125,46,0,46,171
05/22/2022,EUG,OR,ANM,WE,Combined TRACON& Tower with Radar,38,14,10,0,62,1,0,43,0,44,39,14,53,0,106,46,0,46,152
05/23/2022,EUG,OR,ANM,WE,Combined TRACON& Tower with Radar,41,16,13,5,75,0,1,72,2,75,41,17,85,7,150,116,0,116,266
05/24/2022,EUG,OR,ANM,WE,Combined TRACON& Tower with Radar,31,14,25,0,70,0,3,58,0,61,31,17,83,0,131,124,0,124,255
05/25/2022,EUG,OR,ANM,WE,Combined TRACON& Tower with Radar,33,17,24,3,77,0,2,72,1,75,33,19,96,4,152,132,8,140,292
05/26/2022,EUG,OR,ANM,WE,Combined TRACON& Tower with Radar,39,21,10,0,70,1,3,52,0,56,40,24,62,0,126,38,0,38,164
05/27/2022,EUG,OR,ANM,WE,Combined TRACON& Tower with Radar,38,14,23,6,81,1,5,18,0,24,39,19,41,6,105,22,4,26,131
05/28/2022,EUG,OR,ANM,WE,Combined TRACON& Tower with Radar,32,9,12,0,53,0,0,6,0,6,32,9,18,0,59,10,0,10,69
05/29/2022,EUG,OR,ANM,WE,Combined TRACON& Tower with Radar,41,10,5,0,56,0,1,9,0,10,41,11,14,0,66,2,0,2,68
05/30/2022,EUG,OR,ANM,WE,Combined TRACON& Tower with Radar,40,10,12,0,62,0,0,48,0,48,40,10,60,0,110,43,0,43,153
05/31/2022,EUG,OR,ANM,WE,Combined TRACON& Tower with Radar,31,12,30,0,73,0,4,45,0,49,31,16,75,0,122,64,0,64,186
06/01/2022,EUG,OR,ANM,WE,Combined TRACON& Tower with Radar,36,20,16,5,77,1,4,65,0,70,37,24,81,5,147,70,0,70,217
06/02/2022,EUG,OR,ANM,WE,Combined TRACON& Tower with Radar,35,22,21,62,140,0,1,63,6,70,35,23,84,68,210,24,42,66,276
06/03/2022,EUG,OR,ANM,WE,Combined TRACON& Tower with Radar,46,15,21,4,86,1,0,37,0,38,47,15,58,4,124,34,0,34,158
06/04/2022,EUG,OR,ANM,WE,Combined TRACON& Tower with Radar,36,8,8,0,52,0,0,3,0,3,36,8,11,0,55,18,0,18,73
06/05/2022,EUG,OR,ANM,WE,Combined TRACON& Tower with Radar,58,6,17,0,81,0,0,10,0,10,58,6,27,0,91,2,0,2,93
06/06/2022,EUG,OR,ANM,WE,Combined TRACON& Tower with Radar,57,11,11,13,92,0,0,42,1,43,57,11,53,14,135,32,18,50,185
06/07/2022,EUG,OR,ANM,WE,Combined TRACON& Tower with Radar,43,10,22,4,79,0,3,77,0,80,43,13,99,4,159,50,0,50,209
06/08/2022,EUG,OR,ANM,WE,Combined TRACON& Tower with Radar,45,13,27,4,89,0,5,62,0,67,45,18,89,4,156,74,0,74,230
06/09/2022,EUG,OR,ANM,WE,Combined TRACON& Tower with Radar,42,11,12,8,73,0,1,23,0,24,42,12,35,8,97,32,16,48,145
06/10/2022,EUG,OR,ANM,WE,Combined TRACON& Tower with Radar,48,13,37,2,100,0,0,15,0,15,48,13,52,2,115,60,12,72,187
06/11/2022,EUG,OR,ANM,WE,Combined TRACON& Tower with Radar,46,9,24,0,79,0,0,5,0,5,46,9,29,0,84,0,0,0,84
06/12/2022,EUG,OR,ANM,WE,Combined TRACON& Tower with Radar,55,3,21,0,79,0,0,10,0,10,55,3,31,0,89,12,0,12,101
06/13/2022,EUG,OR,ANM,WE,Combined TRACON& Tower with Radar,48,15,26,0,89,0,1,10,0,11,48,16,36,0,100,16,0,16,116
06/14/2022,EUG,OR,ANM,WE,Combined TRACON& Tower with Radar,39,14,27,7,87,0,1,70,0,71,39,15,97,7,158,114,24,138,296
06/15/2022,EUG,OR,ANM,WE,Combined TRACON& Tower with Radar,43,12,37,10,102,0,3,71,0,74,43,15,108,10,176,82,20,102,278
06/16/2022,EUG,OR,ANM,WE,Combined TRACON& Tower with Radar,49,9,32,8,98,0,3,55,0,58,49,12,87,8,156,104,12,116,272
06/17/2022,EUG,OR,ANM,WE,Combined TRACON& Tower with Radar,51,11,26,0,88,0,0,7,0,7,51,11,33,0,95,12,0,12,107
06/18/2022,EUG,OR,ANM,WE,Combined TRACON& Tower with Radar,43,3,13,0,59,0,0,43,0,43,43,3,56,0,102,54,0,54,156
06/19/2022,EUG,OR,ANM,WE,Combined TRACON& Tower with Radar,53,2,15,0,70,0,0,25,0,25,53,2,40,0,95,12,0,12,107
06/20/2022,EUG,OR,ANM,WE,Combined TRACON& Tower with Radar,52,12,19,0,83,0,4,63,0,67,52,16,82,0,150,86,0,86,236
06/21/2022,EUG,OR,ANM,WE,Combined TRACON& Tower with Radar,40,8,19,8,75,0,5,84,0,89,40,13,103,8,164,138,8,146,310
06/22/2022,EUG,OR,ANM,WE,Combined TRACON& Tower with Radar,45,8,11,0,64,0,9,80,6,95,45,17,91,6,159,74,2,76,235
06/23/2022,EUG,OR,ANM,WE,Combined TRACON& Tower with Radar,49,9,12,0,70,1,3,97,0,101,50,12,109,0,171,106,0,106,277
06/24/2022,EUG,OR,ANM,WE,Combined TRACON& Tower with Radar,56,11,22,5,94,0,3,73,3,79,56,14,95,8,173,82,0,82,255
06/25/2022,EUG,OR,ANM,WE,Combined TRACON& Tower with Radar,44,1,9,0,54,0,0,48,0,48,44,1,57,0,102,48,0,48,150
06/26/2022,EUG,OR,ANM,WE,Combined TRACON& Tower with Radar,54,2,11,0,67,0,0,61,0,61,54,2,72,0,128,70,0,70,198
06/27/2022,EUG,OR,ANM,WE,Combined TRACON& Tower with Radar,53,7,18,16,94,0,3,89,5,97,53,10,107,21,191,90,38,128,319
06/28/2022,EUG,OR,ANM,WE,Combined TRACON& Tower with Radar,43,5,30,7,85,0,5,68,0,73,43,10,98,7,158,110,20,130,288
06/29/2022,EUG,OR,ANM,WE,Combined TRACON& Tower with Radar,48,13,36,15,112,0,5,46,7,58,48,18,82,22,170,14,16,30,200
06/30/2022,EUG,OR,ANM,WE,Combined TRACON& Tower with Radar,48,6,14,0,68,1,2,80,0,83,49,8,94,0,151,50,0,50,201
07/01/2022,EUG,OR,ANM,WE,Combined TRACON& Tower with Radar,56,6,30,4,96,0,2,51,0,53,56,8,81,4,149,62,0,62,211
07/02/2022,EUG,OR,ANM,WE,Combined TRACON& Tower with Radar,42,1,11,0,54,0,0,18,0,18,42,1,29,0,72,14,0,14,86
07/03/2022,EUG,OR,ANM,WE,Combined TRACON& Tower with Radar,51,2,12,0,65,0,0,30,0,30,51,2,42,0,95,0,0,0,95
07/04/2022,EUG,OR,ANM,WE,Combined TRACON& Tower with Radar,52,2,22,0,76,0,0,36,0,36,52,2,58,0,112,28,0,28,140
07/05/2022,EUG,OR,ANM,WE,Combined TRACON& Tower with Radar,46,8,23,0,77,0,2,27,0,29,46,10,50,0,106,56,0,56,162
07/06/2022,EUG,OR,ANM,WE,Combined TRACON& Tower with Radar,48,10,18,2,78,0,3,48,0,51,48,13,66,2,129,48,0,48,177
07/07/2022,EUG,OR,ANM,WE,Combined TRACON& Tower with Radar,54,7,17,32,110,0,3,66,2,71,54,10,83,34,181,90,38,128,309
07/08/2022,EUG,OR,ANM,WE,Combined TRACON& Tower with Radar,53,4,22,4,83,0,3,96,0,99,53,7,118,4,182,130,12,142,324
07/09/2022,EUG,OR,ANM,WE,Combined TRACON& Tower with Radar,46,0,13,0,59,0,1,57,0,58,46,1,70,0,117,14,0,14,131
07/10/2022,EUG,OR,ANM,WE,Combined TRACON& Tower with Radar,53,1,10,0,64,0,0,58,0,58,53,1,68,0,122,14,0,14,136
07/11/2022,EUG,OR,ANM,WE,Combined TRACON& Tower with Radar,56,12,15,0,83,1,2,48,0,51,57,14,63,0,134,50,0,50,184
07/12/2022,EUG,OR,ANM,WE,Combined TRACON& Tower with Radar,45,6,17,0,68,0,2,67,0,69,45,8,84,0,137,50,0,50,187
07/13/2022,EUG,OR,ANM,WE,Combined TRACON& Tower with Radar,48,8,15,15,86,0,2,99,0,101,48,10,114,15,187,50,0,50,237
07/14/2022,EUG,OR,ANM,WE,Combined TRACON& Tower with Radar,51,14,21,2,88,0,2,104,0,106,51,16,125,2,194,40,0,40,234
07/15/2022,EUG,OR,ANM,WE,Combined TRACON& Tower with Radar,56,16,20,0,92,0,2,90,0,92,56,18,110,0,184,78,0,78,262
07/16/2022,EUG,OR,ANM,WE,Combined TRACON& Tower with Radar,43,8,18,3,72,0,0,44,0,44,43,8,62,3,116,46,0,46,162
07/17/2022,EUG,OR,ANM,WE,Combined TRACON& Tower with Radar,54,7,17,0,78,0,0,28,0,28,54,7,45,0,106,20,0,20,126
07/18/2022,EUG,OR,ANM,WE,Combined TRACON& Tower with Radar,56,15,13,14,98,0,2,103,2,107,56,17,116,16,205,144,24,168,373
07/19/2022,EUG,OR,ANM,WE,Combined TRACON& Tower with Radar,42,8,19,2,71,0,2,87,0,89,42,10,106,2,160,98,18,116,276
07/20/2022,EUG,OR,ANM,WE,Combined TRACON& Tower with Radar,47,11,22,0,80,0,4,79,0,83,47,15,101,0,163,82,0,82,245
07/21/2022,EUG,OR,ANM,WE,Combined TRACON& Tower with Radar,52,6,31,6,95,0,3,64,0,67,52,9,95,6,162,120,6,126,288
07/22/2022,EUG,OR,ANM,WE,Combined TRACON& Tower with Radar,56,7,35,0,98,0,2,62,0,64,56,9,97,0,162,68,0,68,230
07/23/2022,EUG,OR,ANM,WE,Combined TRACON& Tower with Radar,46,3,18,0,67,0,0,24,0,24,46,3,42,0,91,36,0,36,127
07/24/2022,EUG,OR,ANM,WE,Combined TRACON& Tower with Radar,52,10,17,0,79,0,0,51,0,51,52,10,68,0,130,38,0,38,168
07/25/2022,EUG,OR,ANM,WE,Combined TRACON& Tower with Radar,61,11,9,0,81,0,3,76,0,79,61,14,85,0,160,116,0,116,276
07/26/2022,EUG,OR,ANM,WE,Combined TRACON& Tower with Radar,45,7,15,8,75,0,3,67,10,80,45,10,82,18,155,96,20,116,271
07/27/2022,EUG,OR,ANM,WE,Combined TRACON& Tower with Radar,48,10,20,0,78,0,3,64,0,67,48,13,84,0,145,64,0,64,209
07/28/2022,EUG,OR,ANM,WE,Combined TRACON& Tower with Radar,54,4,25,11,94,0,4,88,1,93,54,8,113,12,187,192,0,192,379
07/29/2022,EUG,OR,ANM,WE,Combined TRACON& Tower with Radar,59,7,23,0,89,0,2,66,0,68,59,9,89,0,157,80,0,80,237
07/30/2022,EUG,OR,ANM,WE,Combined TRACON& Tower with Radar,42,3,11,1,57,0,0,43,0,43,42,3,54,1,100,38,0,38,138
07/31/2022,EUG,OR,ANM,WE,Combined TRACON& Tower with Radar,55,5,21,0,81,0,0,51,0,51,55,5,72,0,132,28,0,28,160
08/01/2022,EUG,OR,ANM,WE,Combined TRACON& Tower with Radar,53,10,10,2,75,1,3,46,2,52,54,13,56,4,127,58,0,58,185
08/02/2022,EUG,OR,ANM,WE,Combined TRACON& Tower with Radar,41,8,19,22,90,3,2,54,10,69,44,10,73,32,159,88,26,114,273
08/03/2022,EUG,OR,ANM,WE,Combined TRACON& Tower with Radar,45,13,13,19,90,0,2,66,3,71,45,15,79,22,161,122,20,142,303
08/04/2022,EUG,OR,ANM,WE,Combined TRACON& Tower with Radar,51,7,28,9,95,0,3,73,1,77,51,10,101,10,172,160,32,192,364
08/05/2022,EUG,OR,ANM,WE,Combined TRACON& Tower with Radar,56,5,20,18,99,0,2,73,14,89,56,7,93,32,188,60,32,92,280
08/06/2022,EUG,OR,ANM,WE,Combined TRACON& Tower with Radar,43,5,7,0,55,1,2,43,2,48,44,7,50,2,103,38,0,38,141
08/07/2022,EUG,OR,ANM,WE,Combined TRACON& Tower with Radar,55,8,8,0,71,0,3,50,2,55,55,11,58,2,126,66,0,66,192
08/08/2022,EUG,OR,ANM,WE,Combined TRACON& Tower with Radar,54,11,19,2,86,0,2,40,0,42,54,13,59,2,128,88,0,88,216
08/09/2022,EUG,OR,ANM,WE,Combined TRACON& Tower with Radar,43,11,17,7,78,0,3,31,1,35,43,14,48,8,113,76,0,76,189
08/10/2022,EUG,OR,ANM,WE,Combined TRACON& Tower with Radar,45,13,22,20,100,0,3,98,2,103,45,16,120,22,203,252,8,260,463
08/11/2022,EUG,OR,ANM,WE,Combined TRACON& Tower with Radar,53,6,18,12,89,0,5,76,2,83,53,11,94,14,172,118,31,149,321
08/12/2022,EUG,OR,ANM,WE,Combined TRACON& Tower with Radar,55,6,18,14,93,1,1,87,0,89,56,7,105,14,182,224,6,230,412
08/13/2022,EUG,OR,ANM,WE,Combined TRACON& Tower with Radar,43,5,24,8,80,0,0,54,4,58,43,5,78,12,138,92,0,92,230
08/14/2022,EUG,OR,ANM,WE,Combined TRACON& Tower with Radar,56,3,11,0,70,0,3,53,0,56,56,6,64,0,126,20,0,20,146
08/15/2022,EUG,OR,ANM,WE,Combined TRACON& Tower with Radar,54,12,15,4,85,1,2,86,3,92,55,14,101,7,177,172,0,172,349
08/16/2022,EUG,OR,ANM,WE,Combined TRACON& Tower with Radar,43,10,13,7,73,0,4,76,1,81,43,14,89,8,154,178,0,178,332
08/17/2022,EUG,OR,ANM,WE,Combined TRACON& Tower with Radar,48,9,17,8,82,0,8,64,1,73,48,17,81,9,155,182,0,182,337
08/18/2022,EUG,OR,ANM,WE,Combined TRACON& Tower with Radar,53,10,26,18,107,0,5,120,0,125,53,15,146,18,232,138,0,138,370
08/19/2022,EUG,OR,ANM,WE,Combined TRACON& Tower with Radar,51,7,23,1,82,0,2,33,1,36,51,9,56,2,118,54,0,54,172
08/20/2022,EUG,OR,ANM,WE,Combined TRACON& Tower with Radar,42,8,23,1,74,0,3,31,1,35,42,11,54,2,109,26,8,34,143
08/21/2022,EUG,OR,ANM,WE,Combined TRACON& Tower with Radar,58,2,13,1,74,1,1,38,1,41,59,3,51,2,115,62,0,62,177
08/22/2022,EUG,OR,ANM,WE,Combined TRACON& Tower with Radar,53,11,24,29,117,1,6,81,11,99,54,17,105,40,216,206,30,236,452
08/23/2022,EUG,OR,ANM,WE,Combined TRACON& Tower with Radar,46,8,25,17,96,0,3,104,5,112,46,11,129,22,208,172,82,254,462
08/24/2022,EUG,OR,ANM,WE,Combined TRACON& Tower with Radar,50,11,22,13,96,0,3,86,3,92,50,14,108,16,188,136,12,148,336
08/25/2022,EUG,OR,ANM,WE,Combined TRACON& Tower with Radar,55,8,20,15,98,0,2,101,2,105,55,10,121,17,203,162,20,182,385
08/26/2022,EUG,OR,ANM,WE,Combined TRACON& Tower with Radar,52,8,23,12,95,0,3,68,1,72,52,11,91,13,167,46,0,46,213
08/27/2022,EUG,OR,ANM,WE,Combined TRACON& Tower with Radar,43,4,16,0,63,0,2,62,0,64,43,6,78,0,127,59,0,59,186
08/28/2022,EUG,OR,ANM,WE,Combined TRACON& Tower with Radar,57,3,12,0,72,0,0,43,0,43,57,3,55,0,115,62,0,62,177
08/29/2022,EUG,OR,ANM,WE,Combined TRACON& Tower with Radar,53,13,33,1,100,0,3,69,0,72,53,16,102,1,172,172,0,172,344
08/30/2022,EUG,OR,ANM,WE,Combined TRACON& Tower with Radar,43,8,25,2,78,0,4,81,0,85,43,12,106,2,163,106,0,106,269
08/31/2022,EUG,OR,ANM,WE,Combined TRACON& Tower with Radar,49,9,28,3,89,0,5,74,1,80,49,14,102,4,169,74,4,78,247
09/01/2022,EUG,OR,ANM,WE,Combined TRACON& Tower with Radar,58,8,32,16,114,0,2,91,4,97,58,10,123,20,211,154,6,160,371
09/02/2022,EUG,OR,ANM,WE,Combined TRACON& Tower with Radar,50,6,15,1,72,1,4,83,3,91,51,10,98,4,163,80,0,80,243
09/03/2022,EUG,OR,ANM,WE,Combined TRACON& Tower with Radar,44,6,13,2,65,0,0,39,3,42,44,6,52,5,107,50,0,50,157
09/04/2022,EUG,OR,ANM,WE,Combined TRACON& Tower with Radar,54,2,2,0,58,0,0,59,0,59,54,2,61,0,117,70,0,70,187
09/05/2022,EUG,OR,ANM,WE,Combined TRACON& Tower with Radar,56,2,7,0,65,0,3,46,0,49,56,5,53,0,114,54,0,54,168
09/06/2022,EUG,OR,ANM,WE,Combined TRACON& Tower with Radar,47,14,18,2,81,0,2,103,0,105,47,16,121,2,186,98,0,98,284
09/07/2022,EUG,OR,ANM,WE,Combined TRACON& Tower with Radar,42,8,26,0,76,0,4,65,0,69,42,12,91,0,145,56,0,56,201
09/08/2022,EUG,OR,ANM,WE,Combined TRACON& Tower with Radar,50,10,13,0,73,0,3,52,2,57,50,13,65,2,130,128,0,128,258
09/09/2022,EUG,OR,ANM,WE,Combined TRACON& Tower with Radar,53,2,27,1,83,0,8,32,2,42,53,10,59,3,125,36,0,36,161
09/10/2022,EUG,OR,ANM,WE,Combined TRACON& Tower with Radar,43,1,17,0,61,0,2,16,2,20,43,3,33,2,81,0,0,0,81
09/11/2022,EUG,OR,ANM,WE,Combined TRACON& Tower with Radar,49,6,17,1,73,0,1,40,1,42,49,7,57,2,115,22,0,22,137
09/12/2022,EUG,OR,ANM,WE,Combined TRACON& Tower with Radar,50,17,15,28,110,0,2,27,2,31,50,19,42,30,141,78,20,98,239
09/13/2022,EUG,OR,ANM,WE,Combined TRACON& Tower with Radar,40,9,19,15,83,0,6,55,2,63,40,15,74,17,146,107,4,111,257
09/14/2022,EUG,OR,ANM,WE,Combined TRACON& Tower with Radar,40,12,34,25,111,0,2,61,2,65,40,14,95,27,176,132,44,176,352
09/15/2022,EUG,OR,ANM,WE,Combined TRACON& Tower with Radar,53,8,21,2,84,0,2,69,0,71,53,10,90,2,155,90,0,90,245
09/16/2022,EUG,OR,ANM,WE,Combined TRACON& Tower with Radar,51,6,33,5,95,0,3,81,1,85,51,9,114,6,180,102,12,114,294
09/17/2022,EUG,OR,ANM,WE,Combined TRACON& Tower with Radar,44,2,44,0,90,0,1,66,2,69,44,3,110,2,159,102,0,102,261
09/18/2022,EUG,OR,ANM,WE,Combined TRACON& Tower with Radar,50,2,20,2,74,2,0,39,1,42,52,2,59,3,116,14,0,14,130
09/19/2022,EUG,OR,ANM,WE,Combined TRACON& Tower with Radar,52,7,15,3,77,0,1,60,0,61,52,8,75,3,138,46,0,46,184
09/20/2022,EUG,OR,ANM,WE,Combined TRACON& Tower with Radar,40,5,27,10,82,2,6,44,2,54,42,11,71,12,136,14,34,48,184
09/21/2022,EUG,OR,ANM,WE,Combined TRACON& Tower with Radar,39,12,17,0,68,2,1,31,0,34,41,13,48,0,102,68,0,68,170
09/22/2022,EUG,OR,ANM,WE,Combined TRACON& Tower with Radar,53,13,47,27,140,1,4,39,1,45,54,17,86,28,185,46,16,62,247
09/23/2022,EUG,OR,ANM,WE,Combined TRACON& Tower with Radar,55,13,14,0,82,0,2,45,0,47,55,15,59,0,129,40,0,40,169
09/24/2022,EUG,OR,ANM,WE,Combined TRACON& Tower with Radar,46,5,21,0,72,0,3,64,0,67,46,8,85,0,139,76,6,82,221
09/25/2022,EUG,OR,ANM,WE,Combined TRACON& Tower with Radar,49,7,11,0,67,0,0,72,0,72,49,7,83,0,139,60,0,60,199
09/26/2022,EUG,OR,ANM,WE,Combined TRACON& Tower with Radar,51,11,15,0,77,0,2,46,0,48,51,13,61,0,125,72,0,72,197
09/27/2022,EUG,OR,ANM,WE,Combined TRACON& Tower with Radar,42,4,17,8,71,0,2,64,2,68,42,6,81,10,139,98,10,108,247
09/28/2022,EUG,OR,ANM,WE,Combined TRACON& Tower with Radar,39,4,31,4,78,0,2,9,0,11,39,6,40,4,89,10,0,10,99
09/29/2022,EUG,OR,ANM,WE,Combined TRACON& Tower with Radar,54,6,31,9,100,0,1,19,6,26,54,7,50,15,126,80,30,110,236
09/30/2022,EUG,OR,ANM,WE,Combined TRACON& Tower with Radar,57,5,29,2,93,1,4,42,0,47,58,9,71,2,140,12,0,12,152
10/01/2022,EUG,OR,ANM,WE,Combined TRACON& Tower with Radar,45,1,17,0,63,0,1,78,0,79,45,2,95,0,142,82,0,82,224
10/02/2022,EUG,OR,ANM,WE,Combined TRACON& Tower with Radar,49,2,20,0,71,0,0,79,0,79,49,2,99,0,150,38,0,38,188
10/03/2022,EUG,OR,ANM,WE,Combined TRACON& Tower with Radar,48,5,24,10,87,0,2,38,0,40,48,7,62,10,127,102,0,102,229
10/04/2022,EUG,OR,ANM,WE,Combined TRACON& Tower with Radar,40,10,19,17,86,0,2,44,1,47,40,12,63,18,133,30,10,40,173
10/05/2022,EUG,OR,ANM,WE,Combined TRACON& Tower with Radar,38,10,38,2,88,0,2,28,0,30,38,12,66,2,118,68,0,68,186
10/06/2022,EUG,OR,ANM,WE,Combined TRACON& Tower with Radar,52,9,26,2,89,1,1,38,0,40,53,10,64,2,129,24,0,24,153
10/07/2022,EUG,OR,ANM,WE,Combined TRACON& Tower with Radar,52,9,32,5,98,1,1,27,0,29,53,10,59,5,127,28,0,28,155
10/08/2022,EUG,OR,ANM,WE,Combined TRACON& Tower with Radar,39,4,12,0,55,0,0,33,0,33,39,4,45,0,88,76,0,76,164
10/09/2022,EUG,OR,ANM,WE,Combined TRACON& Tower with Radar,53,5,12,0,70,0,1,34,0,35,53,6,46,0,105,20,0,20,125
10/10/2022,EUG,OR,ANM,WE,Combined TRACON& Tower with Radar,46,10,18,2,76,0,1,14,0,15,46,11,32,2,91,20,2,22,113
10/11/2022,EUG,OR,ANM,WE,Combined TRACON& Tower with Radar,38,7,23,30,98,0,2,49,2,53,38,9,72,32,151,56,18,74,225
10/12/2022,EUG,OR,ANM,WE,Combined TRACON& Tower with Radar,39,9,28,0,76,0,2,90,0,92,39,11,118,0,168,62,0,62,230
10/13/2022,EUG,OR,ANM,WE,Combined TRACON& Tower with Radar,50,15,30,0,95,3,2,70,0,75,53,17,100,0,170,82,0,82,252
10/14/2022,EUG,OR,ANM,WE,Combined TRACON& Tower with Radar,49,16,26,7,98,2,0,51,1,54,51,16,77,8,152,41,32,73,225
10/15/2022,EUG,OR,ANM,WE,Combined TRACON& Tower with Radar,38,6,11,0,55,1,0,39,0,40,39,6,50,0,95,38,0,38,133
10/16/2022,EUG,OR,ANM,WE,Combined TRACON& Tower with Radar,51,14,7,0,72,1,0,55,0,56,52,14,62,0,128,54,0,54,182
10/17/2022,EUG,OR,ANM,WE,Combined TRACON& Tower with Radar,48,6,23,0,77,1,1,37,0,39,49,7,60,0,116,60,0,60,176
10/18/2022,EUG,OR,ANM,WE,Combined TRACON& Tower with Radar,36,21,10,6,73,0,2,30,2,34,36,23,40,8,107,20,6,26,133
10/19/2022,EUG,OR,ANM,WE,Combined TRACON& Tower with Radar,38,11,20,2,71,0,1,28,0,29,38,12,48,2,100,42,0,42,142
10/20/2022,EUG,OR,ANM,WE,Combined TRACON& Tower with Radar,54,13,28,8,103,0,0,21,0,21,54,13,49,8,124,10,14,24,148
10/21/2022,EUG,OR,ANM,WE,Combined TRACON& Tower with Radar,50,17,42,9,118,1,0,10,0,11,51,17,52,9,129,4,0,4,133
10/22/2022,EUG,OR,ANM,WE,Combined TRACON& Tower with Radar,43,20,43,0,106,0,0,9,0,9,43,20,52,0,115,0,0,0,115
10/23/2022,EUG,OR,ANM,WE,Combined TRACON& Tower with Radar,57,16,26,0,99,0,0,72,0,72,57,16,98,0,171,54,0,54,225
10/24/2022,EUG,OR,ANM,WE,Combined TRACON& Tower with Radar,47,13,15,3,78,0,1,8,3,12,47,14,23,6,90,8,10,18,108
10/25/2022,EUG,OR,ANM,WE,Combined TRACON& Tower with Radar,35,8,21,8,72,0,0,20,5,25,35,8,41,13,97,60,36,96,193
10/26/2022,EUG,OR,ANM,WE,Combined TRACON& Tower with Radar,38,6,11,0,55,0,2,42,0,44,38,8,53,0,99,32,0,32,131
10/27/2022,EUG,OR,ANM,WE,Combined TRACON& Tower with Radar,53,5,19,0,77,0,3,80,0,83,53,8,99,0,160,112,0,112,272
10/28/2022,EUG,OR,ANM,WE,Combined TRACON& Tower with Radar,50,7,20,0,77,1,1,14,0,16,51,8,34,0,93,66,0,66,159
10/29/2022,EUG,OR,ANM,WE,Combined TRACON& Tower with Radar,40,0,12,0,52,0,0,29,0,29,40,0,41,0,81,72,0,72,153
10/30/2022,EUG,OR,ANM,WE,Combined TRACON& Tower with Radar,53,3,14,0,70,0,0,21,0,21,53,3,35,0,91,20,0,20,111
10/31/2022,EUG,OR,ANM,WE,Combined TRACON& Tower with Radar,48,9,21,0,78,0,0,10,0,10,48,9,31,0,88,18,0,18,106
11/01/2022,EUG,OR,ANM,WE,Combined TRACON& Tower with Radar,36,12,10,0,58,2,0,13,0,15,38,12,23,0,73,34,0,34,107
11/02/2022,EUG,OR,ANM,WE,Combined TRACON& Tower with Radar,39,11,10,6,66,1,0,7,0,8,40,11,17,6,74,10,0,10,84
11/03/2022,EUG,OR,ANM,WE,Combined TRACON& Tower with Radar,54,8,17,0,79,0,2,39,0,41,54,10,56,0,120,98,0,98,218
11/04/2022,EUG,OR,ANM,WE,Combined TRACON& Tower with Radar,48,11,10,0,69,0,0,0,0,0,48,11,10,0,69,14,18,32,101
11/05/2022,EUG,OR,ANM,WE,Combined TRACON& Tower with Radar,43,8,10,2,63,0,0,12,0,12,43,8,22,2,75,24,0,24,99
11/06/2022,EUG,OR,ANM,WE,Combined TRACON& Tower with Radar,55,5,5,0,65,0,0,0,0,0,55,5,5,0,65,0,0,0,65
11/07/2022,EUG,OR,ANM,WE,Combined TRACON& Tower with Radar,49,21,12,0,82,0,0,3,0,3,49,21,15,0,85,10,0,10,95
11/08/2022,EUG,OR,ANM,WE,Combined TRACON& Tower with Radar,36,8,17,0,61,2,1,5,0,8,38,9,22,0,69,4,0,4,73
11/09/2022,EUG,OR,ANM,WE,Combined TRACON& Tower with Radar,39,5,26,0,70,0,2,67,0,69,39,7,93,0,139,50,0,50,189
11/10/2022,EUG,OR,ANM,WE,Combined TRACON& Tower with Radar,50,12,24,3,89,0,2,68,0,70,50,14,92,3,159,72,0,72,231
11/11/2022,EUG,OR,ANM,WE,Combined TRACON& Tower with Radar,48,16,16,0,80,0,0,15,0,15,48,16,31,0,95,8,0,8,103
11/12/2022,EUG,OR,ANM,WE,Combined TRACON& Tower with Radar,46,7,32,0,85,0,0,17,0,17,46,7,49,0,102,24,0,24,126
11/13/2022,EUG,OR,ANM,WE,Combined TRACON& Tower with Radar,49,13,20,0,82,0,0,0,0,0,49,13,20,0,82,0,0,0,82
11/14/2022,EUG,OR,ANM,WE,Combined TRACON& Tower with Radar,49,4,17,0,70,0,1,41,0,42,49,5,58,0,112,46,0,46,158
11/15/2022,EUG,OR,ANM,WE,Combined TRACON& Tower with Radar,40,8,27,4,79,1,2,59,0,62,41,10,86,4,141,54,0,54,195
11/16/2022,EUG,OR,ANM,WE,Combined TRACON& Tower with Radar,42,5,12,0,59,0,2,59,0,61,42,7,71,0,120,28,0,28,148
11/17/2022,EUG,OR,ANM,WE,Combined TRACON& Tower with Radar,49,11,25,0,85,0,2,51,0,53,49,13,76,0,138,70,0,70,208
11/18/2022,EUG,OR,ANM,WE,Combined TRACON& Tower with Radar,53,8,20,0,81,0,2,75,0,77,53,10,95,0,158,28,0,28,186
11/19/2022,EUG,OR,ANM,WE,Combined TRACON& Tower with Radar,57,3,16,0,76,0,0,65,0,65,57,3,81,0,141,28,0,28,169
11/20/2022,EUG,OR,ANM,WE,Combined TRACON& Tower with Radar,51,10,17,0,78,4,1,40,0,45,55,11,57,0,123,22,0,22,145
11/21/2022,EUG,OR,ANM,WE,Combined TRACON& Tower with Radar,49,10,8,0,67,0,2,71,0,73,49,12,79,0,140,42,0,42,182
11/22/2022,EUG,OR,ANM,WE,Combined TRACON& Tower with Radar,49,11,12,0,72,0,0,3,0,3,49,11,15,0,75,0,0,0,75
11/23/2022,EUG,OR,ANM,WE,Combined TRACON& Tower with Radar,56,9,13,0,78,0,0,0,2,2,56,9,13,2,80,0,4,4,84
11/24/2022,EUG,OR,ANM,WE,Combined TRACON& Tower with Radar,32,1,2,0,35,0,0,0,0,0,32,1,2,0,35,0,0,0,35
11/25/2022,EUG,OR,ANM,WE,Combined TRACON& Tower with Radar,40,10,11,0,61,0,0,9,0,9,40,10,20,0,70,0,0,0,70
11/26/2022,EUG,OR,ANM,WE,Combined TRACON& Tower with Radar,55,4,13,0,72,0,0,9,0,9,55,4,22,0,81,2,0,2,83
11/27/2022,EUG,OR,ANM,WE,Combined TRACON& Tower with Radar,48,1,14,0,63,1,0,1,0,2,49,1,15,0,65,0,0,0,65
11/28/2022,EUG,OR,ANM,WE,Combined TRACON& Tower with Radar,53,11,17,0,81,0,0,6,0,6,53,11,23,0,87,0,0,0,87
11/29/2022,EUG,OR,ANM,WE,Combined TRACON& Tower with Radar,40,7,18,0,65,1,0,2,0,3,41,7,20,0,68,42,0,42,110
11/30/2022,EUG,OR,ANM,WE,Combined TRACON& Tower with Radar,43,9,16,0,68,0,0,0,0,0,43,9,16,0,68,0,0,0,68
12/01/2022,EUG,OR,ANM,WE,Combined TRACON& Tower with Radar,43,18,10,4,75,0,0,5,0,5,43,18,15,4,80,15,0,15,95
12/02/2022,EUG,OR,ANM,WE,Combined TRACON& Tower with Radar,43,6,27,0,76,0,2,42,0,44,43,8,69,0,120,26,0,26,146
12/03/2022,EUG,OR,ANM,WE,Combined TRACON& Tower with Radar,41,5,16,0,62,0,0,25,0,25,41,5,41,0,87,0,0,0,87
12/04/2022,EUG,OR,ANM,WE,Combined TRACON& Tower with Radar,44,4,6,0,54,0,1,2,0,3,44,5,8,0,57,0,0,0,57
12/05/2022,EUG,OR,ANM,WE,Combined TRACON& Tower with Radar,41,8,13,0,62,0,0,0,0,0,41,8,13,0,62,0,0,0,62
12/06/2022,EUG,OR,ANM,WE,Combined TRACON& Tower with Radar,40,11,6,0,57,0,0,0,0,0,40,11,6,0,57,0,0,0,57
12/07/2022,EUG,OR,ANM,WE,Combined TRACON& Tower with Radar,39,16,31,2,88,0,0,6,0,6,39,16,37,2,94,4,0,4,98
12/08/2022,EUG,OR,ANM,WE,Combined TRACON& Tower with Radar,43,8,19,0,70,0,0,0,0,0,43,8,19,0,70,0,0,0,70
12/09/2022,EUG,OR,ANM,WE,Combined TRACON& Tower with Radar,40,9,18,0,67,0,0,0,0,0,40,9,18,0,67,0,0,0,67
12/10/2022,EUG,OR,ANM,WE,Combined TRACON& Tower with Radar,49,3,14,0,66,0,0,4,0,4,49,3,18,0,70,0,0,0,70
12/11/2022,EUG,OR,ANM,WE,Combined TRACON& Tower with Radar,48,4,9,0,61,0,1,9,0,10,48,5,18,0,71,12,0,12,83
12/12/2022,EUG,OR,ANM,WE,Combined TRACON& Tower with Radar,41,9,20,0,70,0,0,13,0,13,41,9,33,0,83,30,0,30,113
12/13/2022,EUG,OR,ANM,WE,Combined TRACON& Tower with Radar,36,8,21,0,65,0,0,19,0,19,36,8,40,0,84,32,0,32,116
12/14/2022,EUG,OR,ANM,WE,Combined TRACON& Tower with Radar,42,14,17,2,75,0,2,17,0,19,42,16,34,2,94,22,0,22,116
12/15/2022,EUG,OR,ANM,WE,Combined TRACON& Tower with Radar,38,14,17,0,69,0,2,25,0,27,38,16,42,0,96,0,0,0,96
12/16/2022,EUG,OR,ANM,WE,Combined TRACON& Tower with Radar,47,8,16,0,71,0,1,85,0,86,47,9,101,0,157,46,0,46,203
12/17/2022,EUG,OR,ANM,WE,Combined TRACON& Tower with Radar,50,5,18,0,73,0,2,43,0,45,50,7,61,0,118,0,0,0,118
12/18/2022,EUG,OR,ANM,WE,Combined TRACON& Tower with Radar,37,4,10,8,59,0,0,2,0,2,37,4,12,8,61,0,0,0,61
12/19/2022,EUG,OR,ANM,WE,Combined TRACON& Tower with Radar,45,7,17,0,69,0,1,11,0,12,45,8,28,0,81,0,0,0,81
12/20/2022,EUG,OR,ANM,WE,Combined TRACON& Tower with Radar,35,10,13,5,63,0,0,0,0,0,35,10,13,5,63,0,0,0,63
12/21/2022,EUG,OR,ANM,WE,Combined TRACON& Tower with Radar,40,6,13,0,59,0,1,18,0,19,40,7,31,0,78,0,0,0,78
12/22/2022,EUG,OR,ANM,WE,Combined TRACON& Tower with Radar,18,2,13,0,33,0,0,0,0,0,18,2,13,0,33,0,0,0,33
12/23/2022,EUG,OR,ANM,WE,Combined TRACON& Tower with Radar,29,8,7,0,44,0,0,2,0,2,29,8,9,0,46,0,0,0,46
12/24/2022,EUG,OR,ANM,WE,Combined TRACON& Tower with Radar,36,7,5,0,48,0,0,1,0,1,36,7,6,0,49,0,0,0,49
12/25/2022,EUG,OR,ANM,WE,Combined TRACON& Tower with Radar,30,3,7,0,40,0,0,6,0,6,30,3,13,0,46,0,0,0,46
12/26/2022,EUG,OR,ANM,WE,Combined TRACON& Tower with Radar,42,5,22,0,69,0,0,10,0,10,42,5,32,0,79,0,0,0,79
12/27/2022,EUG,OR,ANM,WE,Combined TRACON& Tower with Radar,29,3,7,0,39,0,0,0,0,0,29,3,7,0,39,0,0,0,39
12/28/2022,EUG,OR,ANM,WE,Combined TRACON& Tower with Radar,35,6,17,2,60,0,1,3,0,4,35,7,20,2,64,0,0,0,64
12/29/2022,EUG,OR,ANM,WE,Combined TRACON& Tower with Radar,37,9,7,0,53,0,0,4,0,4,37,9,11,0,57,0,0,0,57
12/30/2022,EUG,OR,ANM,WE,Combined TRACON& Tower with Radar,46,5,9,0,60,0,0,1,0,1,46,5,10,0,61,0,0,0,61
12/31/2022,EUG,OR,ANM,WE,Combined TRACON& Tower with Radar,38,4,9,0,51,0,0,9,0,9,38,4,18,0,60,0,0,0,60
01/01/2023,EUG,OR,ANM,WE,Combined TRACON& Tower with Radar,38,5,11,0,54,0,1,9,0,10,38,6,20,0,64,19,0,19,83
01/02/2023,EUG,OR,ANM,WE,Combined TRACON& Tower with Radar,43,0,5,0,48,1,0,8,0,9,44,0,13,0,57,20,0,20,77
01/03/2023,EUG,OR,ANM,WE,Combined TRACON& Tower with Radar,38,6,12,0,56,1,0,34,0,35,39,6,46,0,91,26,0,26,117
01/04/2023,EUG,OR,ANM,WE,Combined TRACON& Tower with Radar,37,10,19,0,66,0,0,1,0,1,37,10,20,0,67,10,0,10,77
01/05/2023,EUG,OR,ANM,WE,Combined TRACON& Tower with Radar,36,6,6,6,54,0,1,5,0,6,36,7,11,6,60,7,0,7,67
01/06/2023,EUG,OR,ANM,WE,Combined TRACON& Tower with Radar,40,5,15,0,60,0,1,29,0,30,40,6,44,0,90,26,0,26,116
01/07/2023,EUG,OR,ANM,WE,Combined TRACON& Tower with Radar,36,4,10,0,50,0,1,21,0,22,36,5,31,0,72,16,0,16,88
01/08/2023,EUG,OR,ANM,WE,Combined TRACON& Tower with Radar,38,9,19,2,68,0,1,9,0,10,38,10,28,2,78,15,0,15,93
01/09/2023,EUG,OR,ANM,WE,Combined TRACON& Tower with Radar,50,8,4,0,62,0,2,1,0,3,50,10,5,0,65,18,0,18,83
01/10/2023,EUG,OR,ANM,WE,Combined TRACON& Tower with Radar,29,9,8,0,46,1,2,39,0,42,30,11,47,0,88,56,0,56,144
01/11/2023,EUG,OR,ANM,WE,Combined TRACON& Tower with Radar,38,8,19,3,68,0,0,16,0,16,38,8,35,3,84,44,0,44,128
01/12/2023,EUG,OR,ANM,WE,Combined TRACON& Tower with Radar,37,13,12,16,78,0,2,24,0,26,37,15,36,16,104,38,0,38,142
01/13/2023,EUG,OR,ANM,WE,Combined TRACON& Tower with Radar,41,11,11,9,72,0,2,14,1,17,41,13,25,10,89,58,8,66,155
01/14/2023,EUG,OR,ANM,WE,Combined TRACON& Tower with Radar,32,3,11,0,46,0,0,25,0,25,32,3,36,0,71,38,0,38,109
01/15/2023,EUG,OR,ANM,WE,Combined TRACON& Tower with Radar,32,4,8,0,44,0,0,2,0,2,32,4,10,0,46,4,0,4,50
01/16/2023,EUG,OR,ANM,WE,Combined TRACON& Tower with Radar,41,10,21,0,72,4,2,33,0,39,45,12,54,0,111,54,0,54,165
01/17/2023,EUG,OR,ANM,WE,Combined TRACON& Tower with Radar,32,6,17,0,55,0,0,11,0,11,32,6,28,0,66,8,0,8,74
01/18/2023,EUG,OR,ANM,WE,Combined TRACON& Tower with Radar,35,10,15,1,61,0,0,2,0,2,35,10,17,1,63,16,0,16,79
01/19/2023,EUG,OR,ANM,WE,Combined TRACON& Tower with Radar,36,7,14,2,59,0,0,12,0,12,36,7,26,2,71,10,0,10,81
01/20/2023,EUG,OR,ANM,WE,Combined TRACON& Tower with Radar,43,10,24,0,77,0,0,0,0,0,43,10,24,0,77,0,0,0,77
01/21/2023,EUG,OR,ANM,WE,Combined TRACON& Tower with Radar,30,0,10,0,40,0,0,11,0,11,30,0,21,0,51,18,0,18,69
01/22/2023,EUG,OR,ANM,WE,Combined TRACON& Tower with Radar,33,10,9,0,52,0,1,50,0,51,33,11,59,0,103,72,0,72,175
01/23/2023,EUG,OR,ANM,WE,Combined TRACON& Tower with Radar,46,13,13,0,72,0,1,7,0,8,46,14,20,0,80,18,0,18,98
01/24/2023,EUG,OR,ANM,WE,Combined TRACON& Tower with Radar,31,16,10,0,57,0,0,0,0,0,31,16,10,0,57,0,0,0,57
01/25/2023,EUG,OR,ANM,WE,Combined TRACON& Tower with Radar,35,7,33,0,75,0,0,0,0,0,35,7,33,0,75,0,0,0,75
01/26/2023,EUG,OR,ANM,WE,Combined TRACON& Tower with Radar,37,11,19,0,67,0,0,0,0,0,37,11,19,0,67,0,0,0,67
01/27/2023,EUG,OR,ANM,WE,Combined TRACON& Tower with Radar,39,8,21,0,68,0,1,2,1,4,39,9,23,1,72,0,0,0,72
01/28/2023,EUG,OR,ANM,WE,Combined TRACON& Tower with Radar,31,4,14,0,49,0,0,12,7,19,31,4,26,7,68,34,0,34,102
01/29/2023,EUG,OR,ANM,WE,Combined TRACON& Tower with Radar,35,5,12,0,52,0,0,45,0,45,35,5,57,0,97,40,0,40,137
01/30/2023,EUG,OR,ANM,WE,Combined TRACON& Tower with Radar,37,4,19,0,60,2,3,93,0,98,39,7,112,0,158,70,0,70,228
01/31/2023,EUG,OR,ANM,WE,Combined TRACON& Tower with Radar,32,10,13,3,58,0,2,80,0,82,32,12,93,3,140,75,0,75,215
02/01/2023,EUG,OR,ANM,WE,Combined TRACON& Tower with Radar,34,7,16,0,57,0,2,87,0,89,34,9,103,0,146,94,0,94,240
02/02/2023,EUG,OR,ANM,WE,Combined TRACON& Tower with Radar,36,10,14,0,60,0,2,60,0,62,36,12,74,0,122,42,0,42,164
02/03/2023,EUG,OR,ANM,WE,Combined TRACON& Tower with Radar,43,5,7,1,56,0,1,1,1,3,43,6,8,2,59,0,0,0,59
02/04/2023,EUG,OR,ANM,WE,Combined TRACON& Tower with Radar,32,4,12,0,48,0,0,43,0,43,32,4,55,0,91,15,0,15,106
02/05/2023,EUG,OR,ANM,WE,Combined TRACON& Tower with Radar,36,6,11,0,53,0,0,4,0,4,36,6,15,0,57,4,0,4,61
02/06/2023,EUG,OR,ANM,WE,Combined TRACON& Tower with Radar,41,8,6,0,55,0,0,19,0,19,41,8,25,0,74,98,0,98,172
02/07/2023,EUG,OR,ANM,WE,Combined TRACON& Tower with Radar,36,8,13,0,57,0,0,3,0,3,36,8,16,0,60,0,0,0,60
02/08/2023,EUG,OR,ANM,WE,Combined TRACON& Tower with Radar,39,5,27,0,71,0,2,43,0,45,39,7,70,0,116,36,0,36,152
02/09/2023,EUG,OR,ANM,WE,Combined TRACON& Tower with Radar,37,9,27,0,73,0,2,78,0,80,37,11,105,0,153,86,0,86,239
02/10/2023,EUG,OR,ANM,WE,Combined TRACON& Tower with Radar,40,7,17,0,64,0,1,10,0,11,40,8,27,0,75,58,0,58,133
02/11/2023,EUG,OR,ANM,WE,Combined TRACON& Tower with Radar,36,5,17,0,58,0,0,16,0,16,36,5,33,0,74,32,0,32,106
02/12/2023,EUG,OR,ANM,WE,Combined TRACON& Tower with Radar,35,3,7,1,46,0,0,34,0,34,35,3,41,1,80,32,0,32,112
02/13/2023,EUG,OR,ANM,WE,Combined TRACON& Tower with Radar,44,8,7,0,59,0,0,4,0,4,44,8,11,0,63,0,0,0,63
02/14/2023,EUG,OR,ANM,WE,Combined TRACON& Tower with Radar,35,9,7,0,51,0,1,11,0,12,35,10,18,0,63,22,0,22,85
02/15/2023,EUG,OR,ANM,WE,Combined TRACON& Tower with Radar,41,6,16,0,63,0,2,37,0,39,41,8,53,0,102,32,0,32,134
02/16/2023,EUG,OR,ANM,WE,Combined TRACON& Tower with Radar,42,10,12,0,64,0,2,41,0,43,42,12,53,0,107,36,0,36,143
02/17/2023,EUG,OR,ANM,WE,Combined TRACON& Tower with Radar,43,7,27,0,77,0,2,106,0,108,43,9,133,0,185,56,0,56,241
02/18/2023,EUG,OR,ANM,WE,Combined TRACON& Tower with Radar,36,1,9,0,46,0,0,31,0,31,36,1,40,0,77,60,0,60,137
02/19/2023,EUG,OR,ANM,WE,Combined TRACON& Tower with Radar,42,8,11,0,61,0,0,51,0,51,42,8,62,0,112,30,0,30,142
02/20/2023,EUG,OR,ANM,WE,Combined TRACON& Tower with Radar,42,8,20,0,70,0,0,26,0,26,42,8,46,0,96,22,0,22,118
02/21/2023,EUG,OR,ANM,WE,Combined TRACON& Tower with Radar,39,7,7,2,55,0,0,0,0,0,39,7,7,2,55,0,0,0,55
02/22/2023,EUG,OR,ANM,WE,Combined TRACON& Tower with Radar,43,7,6,0,56,0,0,0,0,0,43,7,6,0,56,0,0,0,56
02/23/2023,EUG,OR,ANM,WE,Combined TRACON& Tower with Radar,42,12,6,0,60,0,0,1,0,1,42,12,7,0,61,6,0,6,67
02/24/2023,EUG,OR,ANM,WE,Combined TRACON& Tower with Radar,45,4,14,0,63,0,0,54,0,54,45,4,68,0,117,32,0,32,149
02/25/2023,EUG,OR,ANM,WE,Combined TRACON& Tower with Radar,40,2,10,0,52,0,0,61,0,61,40,2,71,0,113,64,0,64,177
02/26/2023,EUG,OR,ANM,WE,Combined TRACON& Tower with Radar,42,3,7,0,52,0,1,2,0,3,42,4,9,0,55,2,0,2,57
02/27/2023,EUG,OR,ANM,WE,Combined TRACON& Tower with Radar,43,8,6,0,57,0,1,1,0,2,43,9,7,0,59,6,0,6,65
02/28/2023,EUG,OR,ANM,WE,Combined TRACON& Tower with Radar,38,9,7,6,60,0,0,0,0,0,38,9,7,6,60,0,0,0,60
03/01/2023,EUG,OR,ANM,WE,Combined TRACON& Tower with Radar,40,16,24,0,80,0,3,39,0,42,40,19,63,0,122,96,0,96,218
03/02/2023,EUG,OR,ANM,WE,Combined TRACON& Tower with Radar,43,5,9,2,59,0,1,7,0,8,43,6,16,2,67,10,0,10,77
03/03/2023,EUG,OR,ANM,WE,Combined TRACON& Tower with Radar,42,7,12,2,63,0,0,3,8,11,42,7,15,10,74,2,0,2,76
03/04/2023,EUG,OR,ANM,WE,Combined TRACON& Tower with Radar,36,5,6,4,51,0,0,4,0,4,36,5,10,4,55,4,4,8,63
03/05/2023,EUG,OR,ANM,WE,Combined TRACON& Tower with Radar,42,0,10,0,52,0,0,2,0,2,42,0,12,0,54,0,0,0,54
03/06/2023,EUG,OR,ANM,WE,Combined TRACON& Tower with Radar,41,8,9,0,58,2,1,27,0,30,43,9,36,0,88,34,0,34,122
03/07/2023,EUG,OR,ANM,WE,Combined TRACON& Tower with Radar,36,7,14,0,57,0,1,7,0,8,36,8,21,0,65,58,0,58,123
03/08/2023,EUG,OR,ANM,WE,Combined TRACON& Tower with Radar,41,8,12,0,61,0,0,7,0,7,41,8,19,0,68,50,0,50,118
03/09/2023,EUG,OR,ANM,WE,Combined TRACON& Tower with Radar,43,7,17,0,67,0,1,3,0,4,43,8,20,0,71,0,0,0,71
03/10/2023,EUG,OR,ANM,WE,Combined TRACON& Tower with Radar,40,4,13,0,57,1,1,4,0,6,41,5,17,0,63,28,0,28,91
03/11/2023,EUG,OR,ANM,WE,Combined TRACON& Tower with Radar,40,4,21,2,67,0,2,72,0,74,40,6,93,2,141,64,0,64,205
03/12/2023,EUG,OR,ANM,WE,Combined TRACON& Tower with Radar,39,3,3,2,47,0,0,1,0,1,39,3,4,2,48,8,0,8,56
03/13/2023,EUG,OR,ANM,WE,Combined TRACON& Tower with Radar,43,8,13,0,64,0,0,0,0,0,43,8,13,0,64,0,0,0,64
03/14/2023,EUG,OR,ANM,WE,Combined TRACON& Tower with Radar,36,6,14,2,58,0,1,16,0,17,36,7,30,2,75,26,0,26,101
03/15/2023,EUG,OR,ANM,WE,Combined TRACON& Tower with Radar,39,9,14,2,64,0,2,47,0,49,39,11,61,2,113,74,0,74,187
03/16/2023,EUG,OR,ANM,WE,Combined TRACON& Tower with Radar,46,10,8,0,64,0,2,106,0,108,46,12,114,0,172,142,0,142,314
03/17/2023,EUG,OR,ANM,WE,Combined TRACON& Tower with Radar,43,6,23,2,74,0,4,78,0,82,43,10,101,2,156,52,0,52,208
03/18/2023,EUG,OR,ANM,WE,Combined TRACON& Tower with Radar,39,3,11,0,53,0,1,79,0,80,39,4,90,0,133,68,0,68,201
03/19/2023,EUG,OR,ANM,WE,Combined TRACON& Tower with Radar,41,5,4,0,50,0,0,7,0,7,41,5,11,0,57,32,0,32,89
03/20/2023,EUG,OR,ANM,WE,Combined TRACON& Tower with Radar,47,7,8,0,62,0,0,8,0,8,47,7,16,0,70,56,0,56,126
03/21/2023,EUG,OR,ANM,WE,Combined TRACON& Tower with Radar,33,4,18,0,55,0,3,47,0,50,33,7,65,0,105,22,0,22,127
03/22/2023,EUG,OR,ANM,WE,Combined TRACON& Tower with Radar,39,6,19,2,66,0,3,50,0,53,39,9,69,2,119,64,0,64,183
03/23/2023,EUG,OR,ANM,WE,Combined TRACON& Tower with Radar,45,10,8,0,63,0,0,6,0,6,45,10,14,0,69,4,0,4,73
03/24/2023,EUG,OR,ANM,WE,Combined TRACON& Tower with Radar,43,5,28,2,78,0,2,14,0,16,43,7,42,2,94,0,0,0,94
03/25/2023,EUG,OR,ANM,WE,Combined TRACON& Tower with Radar,38,7,16,0,61,0,0,5,0,5,38,7,21,0,66,48,0,48,114
03/26/2023,EUG,OR,ANM,WE,Combined TRACON& Tower with Radar,44,3,14,0,61,0,0,10,0,10,44,3,24,0,71,14,0,14,85
03/27/2023,EUG,OR,ANM,WE,Combined TRACON& Tower with Radar,43,6,15,0,64,0,2,5,0,7,43,8,20,0,71,16,0,16,87
03/28/2023,EUG,OR,ANM,WE,Combined TRACON& Tower with Radar,34,8,12,0,54,0,3,6,0,9,34,11,18,0,63,10,0,10,73
03/29/2023,EUG,OR,ANM,WE,Combined TRACON& Tower with Radar,39,9,17,0,65,0,8,59,0,67,39,17,76,0,132,54,0,54,186
03/30/2023,EUG,OR,ANM,WE,Combined TRACON& Tower with Radar,46,6,24,0,76,0,2,27,0,29,46,8,51,0,105,16,0,16,121
03/31/2023,EUG,OR,ANM,WE,Combined TRACON& Tower with Radar,44,4,12,12,72,0,0,4,0,4,44,4,16,12,76,0,0,0,76
04/01/2023,EUG,OR,ANM,WE,Combined TRACON& Tower with Radar,35,0,9,0,44,0,0,3,0,3,35,0,12,0,47,0,0,0,47
04/02/2023,EUG,OR,ANM,WE,Combined TRACON& Tower with Radar,43,5,13,0,61,0,0,1,0,1,43,5,14,0,62,0,0,0,62
04/03/2023,EUG,OR,ANM,WE,Combined TRACON& Tower with Radar,44,8,15,3,70,1,1,6,0,8,45,9,21,3,78,22,0,22,100
04/04/2023,EUG,OR,ANM,WE,Combined TRACON& Tower with Radar,35,11,19,0,65,0,2,18,0,20,35,13,37,0,85,74,0,74,159
04/05/2023,EUG,OR,ANM,WE,Combined TRACON& Tower with Radar,39,9,20,0,68,1,1,34,1,37,40,10,54,1,105,68,0,68,173
04/06/2023,EUG,OR,ANM,WE,Combined TRACON& Tower with Radar,47,6,13,2,68,1,2,13,0,16,48,8,26,2,84,46,0,46,130
04/07/2023,EUG,OR,ANM,WE,Combined TRACON& Tower with Radar,45,6,19,0,70,0,1,10,3,14,45,7,29,3,84,26,0,26,110
04/08/2023,EUG,OR,ANM,WE,Combined TRACON& Tower with Radar,39,4,10,0,53,0,1,45,0,46,39,5,55,0,99,56,0,56,155
04/09/2023,EUG,OR,ANM,WE,Combined TRACON& Tower with Radar,48,3,3,0,54,0,0,1,0,1,48,3,4,0,55,36,0,36,91
04/10/2023,EUG,OR,ANM,WE,Combined TRACON& Tower with Radar,45,7,18,0,70,0,0,0,0,0,45,7,18,0,70,0,0,0,70
04/11/2023,EUG,OR,ANM,WE,Combined TRACON& Tower with Radar,38,5,12,2,57,0,1,14,0,15,38,6,26,2,72,78,0,78,150
04/12/2023,EUG,OR,ANM,WE,Combined TRACON& Tower with Radar,43,6,17,0,66,0,4,19,0,23,43,10,36,0,89,4,0,4,93
04/13/2023,EUG,OR,ANM,WE,Combined TRACON& Tower with Radar,49,8,24,1,82,0,4,61,0,65,49,12,85,1,147,56,0,56,203
04/14/2023,EUG,OR,ANM,WE,Combined TRACON& Tower with Radar,48,2,18,0,68,0,6,126,0,132,48,8,144,0,200,126,0,126,326
04/15/2023,EUG,OR,ANM,WE,Combined TRACON& Tower with Radar,40,2,19,0,61,0,2,40,0,42,40,4,59,0,103,26,0,26,129
04/16/2023,EUG,OR,ANM,WE,Combined TRACON& Tower with Radar,48,1,13,0,62,0,0,4,0,4,48,1,17,0,66,0,0,0,66
04/17/2023,EUG,OR,ANM,WE,Combined TRACON& Tower with Radar,45,11,16,0,72,0,3,1,0,4,45,14,17,0,76,0,0,0,76
04/18/2023,EUG,OR,ANM,WE,Combined TRACON& Tower with Radar,39,9,15,4,67,0,0,7,0,7,39,9,22,4,74,22,0,22,96
04/19/2023,EUG,OR,ANM,WE,Combined TRACON& Tower with Radar,46,8,21,2,77,0,2,8,0,10,46,10,29,2,87,0,0,0,87
04/20/2023,EUG,OR,ANM,WE,Combined TRACON& Tower with Radar,50,9,26,2,87,0,1,14,0,15,50,10,40,2,102,56,0,56,158
04/21/2023,EUG,OR,ANM,WE,Combined TRACON& Tower with Radar,49,10,30,0,89,0,2,6,0,8,49,12,36,0,97,6,0,6,103
04/22/2023,EUG,OR,ANM,WE,Combined TRACON& Tower with Radar,42,2,13,0,57,0,0,50,0,50,42,2,63,0,107,82,0,82,189
04/23/2023,EUG,OR,ANM,WE,Combined TRACON& Tower with Radar,50,5,18,0,73,0,0,7,0,7,50,5,25,0,80,6,0,6,86
04/24/2023,EUG,OR,ANM,WE,Combined TRACON& Tower with Radar,48,7,20,0,75,0,7,56,0,63,48,14,76,0,138,108,0,108,246
04/25/2023,EUG,OR,ANM,WE,Combined TRACON& Tower with Radar,40,9,20,0,69,0,10,83,7,100,40,19,103,7,169,107,0,107,276
04/26/2023,EUG,OR,ANM,WE,Combined TRACON& Tower with Radar,45,3,8,0,56,0,8,91,0,99,45,11,99,0,155,92,0,92,247
04/27/2023,EUG,OR,ANM,WE,Combined TRACON& Tower with Radar,51,7,23,2,83,0,13,76,0,89,51,20,99,2,172,52,0,52,224
04/28/2023,EUG,OR,ANM,WE,Combined TRACON& Tower with Radar,47,5,22,0,74,0,7,100,0,107,47,12,122,0,181,86,0,86,267
04/29/2023,EUG,OR,ANM,WE,Combined TRACON& Tower with Radar,46,5,11,0,62,0,4,82,0,86,46,9,93,0,148,54,0,54,202
04/30/2023,EUG,OR,ANM,WE,Combined TRACON& Tower with Radar,47,5,21,0,73,0,3,17,0,20,47,8,38,0,93,0,0,0,93
05/01/2023,EUG,OR,ANM,WE,Combined TRACON& Tower with Radar,50,8,20,0,78,0,6,33,0,39,50,14,53,0,117,12,0,12,129
05/02/2023,EUG,OR,ANM,WE,Combined TRACON& Tower with Radar,43,13,20,0,76,0,2,20,0,22,43,15,40,0,98,90,0,90,188
05/03/2023,EUG,OR,ANM,WE,Combined TRACON& Tower with Radar,45,7,20,0,72,0,4,54,0,58,45,11,74,0,130,62,0,62,192
05/04/2023,EUG,OR,ANM,WE,Combined TRACON& Tower with Radar,51,9,10,2,72,0,0,4,2,6,51,9,14,4,78,10,0,10,88
05/05/2023,EUG,OR,ANM,WE,Combined TRACON& Tower with Radar,46,15,16,0,77,0,0,11,0,11,46,15,27,0,88,26,0,26,114
05/06/2023,EUG,OR,ANM,WE,Combined TRACON& Tower with Radar,40,3,10,0,53,0,0,12,0,12,40,3,22,0,65,10,0,10,75
05/07/2023,EUG,OR,ANM,WE,Combined TRACON& Tower with Radar,52,2,16,0,70,0,2,24,0,26,52,4,40,0,96,18,0,18,114
05/08/2023,EUG,OR,ANM,WE,Combined TRACON& Tower with Radar,47,11,16,0,74,0,0,4,0,4,47,11,20,0,78,2,0,2,80
05/09/2023,EUG,OR,ANM,WE,Combined TRACON& Tower with Radar,42,5,9,1,57,0,5,36,0,41,42,10,45,1,98,82,0,82,180
05/10/2023,EUG,OR,ANM,WE,Combined TRACON& Tower with Radar,46,5,29,0,80,0,3,90,0,93,46,8,119,0,173,72,0,72,245
05/11/2023,EUG,OR,ANM,WE,Combined TRACON& Tower with Radar,52,9,24,0,85,0,2,55,0,57,52,11,79,0,142,60,0,60,202
05/12/2023,EUG,OR,ANM,WE,Combined TRACON& Tower with Radar,50,9,13,18,90,0,1,67,0,68,50,10,80,18,158,42,0,42,200
05/13/2023,EUG,OR,ANM,WE,Combined TRACON& Tower with Radar,43,4,13,0,60,0,0,55,0,55,43,4,68,0,115,0,0,0,115
05/14/2023,EUG,OR,ANM,WE,Combined TRACON& Tower with Radar,51,6,11,0,68,0,5,38,0,43,51,11,49,0,111,18,0,18,129
05/15/2023,EUG,OR,ANM,WE,Combined TRACON& Tower with Radar,47,11,19,0,77,0,2,43,0,45,47,13,62,0,122,46,0,46,168
05/16/2023,EUG,OR,ANM,WE,Combined TRACON& Tower with Radar,43,14,19,3,79,0,5,67,0,72,43,19,86,3,151,102,0,102,253
05/17/2023,EUG,OR,ANM,WE,Combined TRACON& Tower with Radar,45,5,17,14,81,0,7,61,0,68,45,12,78,14,149,16,19,35,184
05/18/2023,EUG,OR,ANM,WE,Combined TRACON& Tower with Radar,50,3,10,0,63,0,4,61,0,65,50,7,71,0,128,36,0,36,164
05/19/2023,EUG,OR,ANM,WE,Combined TRACON& Tower with Radar,49,6,9,0,64,0,2,54,0,56,49,8,63,0,120,46,0,46,166
05/20/2023,EUG,OR,ANM,WE,Combined TRACON& Tower with Radar,42,4,6,0,52,0,1,44,0,45,42,5,50,0,97,30,0,30,127
05/21/2023,EUG,OR,ANM,WE,Combined TRACON& Tower with Radar,48,2,11,0,61,1,0,29,0,30,49,2,40,0,91,30,0,30,121
05/22/2023,EUG,OR,ANM,WE,Combined TRACON& Tower with Radar,48,5,24,0,77,0,2,31,0,33,48,7,55,0,110,60,0,60,170
05/23/2023,EUG,OR,ANM,WE,Combined TRACON& Tower with Radar,48,11,25,2,86,0,2,49,0,51,48,13,74,2,137,17,0,17,154
05/24/2023,EUG,OR,ANM,WE,Combined TRACON& Tower with Radar,43,10,28,6,87,0,3,50,0,53,43,13,78,6,140,66,0,66,206
05/25/2023,EUG,OR,ANM,WE,Combined TRACON& Tower with Radar,50,10,13,0,73,0,2,52,1,55,50,12,65,1,128,10,0,10,138
05/26/2023,EUG,OR,ANM,WE,Combined TRACON& Tower with Radar,50,6,19,0,75,0,5,77,0,82,50,11,96,0,157,96,0,96,253
05/27/2023,EUG,OR,ANM,WE,Combined TRACON& Tower with Radar,41,4,7,0,52,0,0,48,0,48,41,4,55,0,100,37,0,37,137
05/28/2023,EUG,OR,ANM,WE,Combined TRACON& Tower with Radar,45,0,9,0,54,0,0,40,0,40,45,0,49,0,94,4,0,4,98
05/29/2023,EUG,OR,ANM,WE,Combined TRACON& Tower with Radar,47,0,17,0,64,0,0,33,0,33,47,0,50,0,97,14,0,14,111
05/30/2023,EUG,OR,ANM,WE,Combined TRACON& Tower with Radar,44,10,22,10,86,0,3,36,0,39,44,13,58,10,125,52,0,52,177
05/31/2023,EUG,OR,ANM,WE,Combined TRACON& Tower with Radar,43,4,18,0,65,0,2,68,0,70,43,6,86,0,135,14,0,14,149
06/01/2023,EUG,OR,ANM,WE,Combined TRACON& Tower with Radar,50,9,9,0,68,0,3,54,0,57,50,12,63,0,125,92,0,92,217
06/02/2023,EUG,OR,ANM,WE,Combined TRACON& Tower with Radar,51,9,17,0,77,0,3,69,0,72,51,12,86,0,149,66,0,66,215
06/03/2023,EUG,OR,ANM,WE,Combined TRACON& Tower with Radar,43,1,12,0,56,0,3,43,0,46,43,4,55,0,102,76,0,76,178
06/04/2023,EUG,OR,ANM,WE,Combined TRACON& Tower with Radar,48,4,9,0,61,0,0,34,0,34,48,4,43,0,95,24,0,24,119
06/05/2023,EUG,OR,ANM,WE,Combined TRACON& Tower with Radar,50,8,22,3,83,0,3,49,0,52,50,11,71,3,135,108,0,108,243
06/06/2023,EUG,OR,ANM,WE,Combined TRACON& Tower with Radar,44,4,17,0,65,0,3,63,0,66,44,7,80,0,131,42,0,42,173
06/07/2023,EUG,OR,ANM,WE,Combined TRACON& Tower with Radar,43,6,21,0,70,0,3,54,0,57,43,9,75,0,127,52,0,52,179
06/08/2023,EUG,OR,ANM,WE,Combined TRACON& Tower with Radar,55,8,26,0,89,0,1,37,0,38,55,9,63,0,127,108,0,108,235
06/09/2023,EUG,OR,ANM,WE,Combined TRACON& Tower with Radar,53,15,27,0,95,0,1,28,0,29,53,16,55,0,124,40,0,40,164
06/10/2023,EUG,OR,ANM,WE,Combined TRACON& Tower with Radar,42,6,7,0,55,0,1,47,1,49,42,7,54,1,104,34,0,34,138
06/11/2023,EUG,OR,ANM,WE,Combined TRACON& Tower with Radar,49,4,12,0,65,0,0,29,0,29,49,4,41,0,94,44,0,44,138
06/12/2023,EUG,OR,ANM,WE,Combined TRACON& Tower with Radar,50,8,22,0,80,0,3,55,0,58,50,11,77,0,138,76,0,76,214
06/13/2023,EUG,OR,ANM,WE,Combined TRACON& Tower with Radar,45,12,12,0,69,0,5,41,0,46,45,17,53,0,115,54,0,54,169
06/14/2023,EUG,OR,ANM,WE,Combined TRACON& Tower with Radar,42,8,25,0,75,0,5,54,0,59,42,13,79,0,134,44,0,44,178
06/15/2023,EUG,OR,ANM,WE,Combined TRACON& Tower with Radar,55,13,14,0,82,0,2,60,1,63,55,15,74,1,145,62,0,62,207
06/16/2023,EUG,OR,ANM,WE,Combined TRACON& Tower with Radar,52,8,24,0,84,0,3,87,0,90,52,11,111,0,174,20,0,20,194
06/17/2023,EUG,OR,ANM,WE,Combined TRACON& Tower with Radar,44,4,25,0,73,0,0,26,0,26,44,4,51,0,99,42,0,42,141
06/18/2023,EUG,OR,ANM,WE,Combined TRACON& Tower with Radar,54,2,19,0,75,0,0,10,0,10,54,2,29,0,85,0,0,0,85
06/19/2023,EUG,OR,ANM,WE,Combined TRACON& Tower with Radar,52,9,15,5,81,0,2,14,1,17,52,11,29,6,98,6,8,14,112
06/20/2023,EUG,OR,ANM,WE,Combined TRACON& Tower with Radar,50,15,19,0,84,0,4,51,0,55,50,19,70,0,139,54,0,54,193
06/21/2023,EUG,OR,ANM,WE,Combined TRACON& Tower with Radar,45,10,29,2,86,0,1,63,0,64,45,11,92,2,150,46,0,46,196
06/22/2023,EUG,OR,ANM,WE,Combined TRACON& Tower with Radar,57,6,18,0,81,0,4,55,2,61,57,10,73,2,142,46,0,46,188
06/23/2023,EUG,OR,ANM,WE,Combined TRACON& Tower with Radar,51,9,23,0,83,0,1,45,1,47,51,10,68,1,130,39,0,39,169
06/24/2023,EUG,OR,ANM,WE,Combined TRACON& Tower with Radar,44,6,8,0,58,1,0,42,0,43,45,6,50,0,101,33,0,33,134
06/25/2023,EUG,OR,ANM,WE,Combined TRACON& Tower with Radar,55,0,20,0,75,0,0,50,0,50,55,0,70,0,125,48,0,48,173
06/26/2023,EUG,OR,ANM,WE,Combined TRACON& Tower with Radar,51,5,15,0,71,0,6,39,2,47,51,11,54,2,118,110,0,110,228
06/27/2023,EUG,OR,ANM,WE,Combined TRACON& Tower with Radar,48,4,19,6,77,0,6,48,0,54,48,10,67,6,131,66,0,66,197
06/28/2023,EUG,OR,ANM,WE,Combined TRACON& Tower with Radar,45,10,17,0,72,0,3,81,0,84,45,13,98,0,156,178,0,178,334
06/29/2023,EUG,OR,ANM,WE,Combined TRACON& Tower with Radar,56,4,16,4,80,1,5,60,0,66,57,9,76,4,146,62,0,62,208
06/30/2023,EUG,OR,ANM,WE,Combined TRACON& Tower with Radar,53,7,26,2,88,0,1,93,2,96,53,8,119,4,184,58,10,68,252
07/01/2023,EUG,OR,ANM,WE,Combined TRACON& Tower with Radar,41,1,11,0,53,0,0,55,0,55,41,1,66,0,108,58,0,58,166
07/02/2023,EUG,OR,ANM,WE,Combined TRACON& Tower with Radar,48,2,4,0,54,0,1,29,0,30,48,3,33,0,84,10,0,10,94
07/03/2023,EUG,OR,ANM,WE,Combined TRACON& Tower with Radar,50,6,5,0,61,0,3,84,0,87,50,9,89,0,148,108,0,108,256
07/04/2023,EUG,OR,ANM,WE,Combined TRACON& Tower with Radar,45,4,4,0,53,0,0,34,0,34,45,4,38,0,87,0,0,0,87
07/05/2023,EUG,OR,ANM,WE,Combined TRACON& Tower with Radar,43,7,16,0,66,0,5,86,0,91,43,12,102,0,157,76,0,76,233
07/06/2023,EUG,OR,ANM,WE,Combined TRACON& Tower with Radar,53,6,21,4,84,0,2,97,0,99,53,8,118,4,183,80,0,80,263
07/07/2023,EUG,OR,ANM,WE,Combined TRACON& Tower with Radar,51,4,22,0,77,0,5,55,0,60,51,9,77,0,137,128,0,128,265
07/08/2023,EUG,OR,ANM,WE,Combined TRACON& Tower with Radar,43,4,18,0,65,0,0,43,0,43,43,4,61,0,108,24,10,34,142
07/09/2023,EUG,OR,ANM,WE,Combined TRACON& Tower with Radar,52,5,19,0,76,0,1,38,0,39,52,6,57,0,115,12,0,12,127
07/10/2023,EUG,OR,ANM,WE,Combined TRACON& Tower with Radar,52,12,43,0,107,0,6,61,0,67,52,18,104,0,174,186,0,186,360
07/11/2023,EUG,OR,ANM,WE,Combined TRACON& Tower with Radar,48,5,19,0,72,0,8,77,0,85,48,13,96,0,157,60,0,60,217
07/12/2023,EUG,OR,ANM,WE,Combined TRACON& Tower with Radar,41,6,16,0,63,1,5,87,0,93,42,11,103,0,156,110,0,110,266
07/13/2023,EUG,OR,ANM,WE,Combined TRACON& Tower with Radar,53,6,9,2,70,0,5,80,0,85,53,11,89,2,155,90,0,90,245
07/14/2023,EUG,OR,ANM,WE,Combined TRACON& Tower with Radar,53,3,24,0,80,0,4,89,0,93,53,7,113,0,173,94,0,94,267
07/15/2023,EUG,OR,ANM,WE,Combined TRACON& Tower with Radar,40,1,10,0,51,0,0,34,0,34,40,1,44,0,85,8,0,8,93
07/16/2023,EUG,OR,ANM,WE,Combined TRACON& Tower with Radar,54,3,9,2,68,0,0,41,0,41,54,3,50,2,109,6,0,6,115
07/17/2023,EUG,OR,ANM,WE,Combined TRACON& Tower with Radar,54,8,17,6,85,0,3,87,0,90,54,11,104,6,175,146,0,146,321
07/18/2023,EUG,OR,ANM,WE,Combined TRACON& Tower with Radar,46,4,7,3,60,0,3,98,1,102,46,7,105,4,162,168,0,168,330
07/19/2023,EUG,OR,ANM,WE,Combined TRACON& Tower with Radar,45,6,13,6,70,0,12,74,0,86,45,18,87,6,156,166,0,166,322
07/20/2023,EUG,OR,ANM,WE,Combined TRACON& Tower with Radar,55,7,18,1,81,0,4,64,4,72,55,11,82,5,153,218,0,218,371
07/21/2023,EUG,OR,ANM,WE,Combined TRACON& Tower with Radar,53,6,10,0,69,0,2,61,0,63,53,8,71,0,132,210,0,210,342
07/22/2023,EUG,OR,ANM,WE,Combined TRACON& Tower with Radar,41,4,20,1,66,0,1,60,0,61,41,5,80,1,127,66,0,66,193
07/23/2023,EUG,OR,ANM,WE,Combined TRACON& Tower with Radar,52,3,16,1,72,0,4,52,0,56,52,7,68,1,128,36,0,36,164
07/24/2023,EUG,OR,ANM,WE,Combined TRACON& Tower with Radar,51,9,20,2,82,0,2,60,0,62,51,11,80,2,144,176,0,176,320
07/25/2023,EUG,OR,ANM,WE,Combined TRACON& Tower with Radar,48,8,21,0,77,0,5,41,2,48,48,13,62,2,125,84,0,84,209
07/26/2023,EUG,OR,ANM,WE,Combined TRACON& Tower with Radar,44,2,15,0,61,0,10,93,0,103,44,12,108,0,164,172,0,172,336
07/27/2023,EUG,OR,ANM,WE,Combined TRACON& Tower with Radar,54,6,22,0,82,0,6,69,3,78,54,12,91,3,160,158,0,158,318
07/28/2023,EUG,OR,ANM,WE,Combined TRACON& Tower with Radar,54,6,21,2,83,0,5,102,1,108,54,11,123,3,191,110,0,110,301
07/29/2023,EUG,OR,ANM,WE,Combined TRACON& Tower with Radar,39,7,18,0,64,0,2,68,1,71,39,9,86,1,135,30,0,30,165
07/30/2023,EUG,OR,ANM,WE,Combined TRACON& Tower with Radar,53,4,10,0,67,0,5,36,1,42,53,9,46,1,109,31,0,31,140
07/31/2023,EUG,OR,ANM,WE,Combined TRACON& Tower with Radar,53,4,10,0,67,0,6,72,0,78,53,10,82,0,145,156,0,156,301
08/01/2023,EUG,OR,ANM,WE,Combined TRACON& Tower with Radar,48,5,20,4,77,0,6,69,0,75,48,11,89,4,152,192,0,192,344
08/02/2023,EUG,OR,ANM,WE,Combined TRACON& Tower with Radar,45,5,27,1,78,0,12,81,1,94,45,17,108,2,172,209,0,209,381
08/03/2023,EUG,OR,ANM,WE,Combined TRACON& Tower with Radar,54,5,32,0,91,0,3,68,0,71,54,8,100,0,162,101,0,101,263
08/04/2023,EUG,OR,ANM,WE,Combined TRACON& Tower with Radar,51,2,17,0,70,0,3,51,0,54,51,5,68,0,124,132,0,132,256
08/05/2023,EUG,OR,ANM,WE,Combined TRACON& Tower with Radar,41,0,6,0,47,0,0,65,0,65,41,0,71,0,112,74,0,74,186
08/06/2023,EUG,OR,ANM,WE,Combined TRACON& Tower with Radar,53,4,12,0,69,0,0,31,0,31,53,4,43,0,100,6,0,6,106
08/07/2023,EUG,OR,ANM,WE,Combined TRACON& Tower with Radar,50,5,11,2,68,0,4,59,0,63,50,9,70,2,131,112,0,112,243
08/08/2023,EUG,OR,ANM,WE,Combined TRACON& Tower with Radar,48,6,25,0,79,0,5,71,1,77,48,11,96,1,156,142,0,142,298
08/09/2023,EUG,OR,ANM,WE,Combined TRACON& Tower with Radar,46,6,14,2,68,0,4,89,2,95,46,10,103,4,163,197,0,197,360
08/10/2023,EUG,OR,ANM,WE,Combined TRACON& Tower with Radar,55,4,11,0,70,0,3,63,0,66,55,7,74,0,136,182,0,182,318
08/11/2023,EUG,OR,ANM,WE,Combined TRACON& Tower with Radar,52,3,17,0,72,0,4,71,1,76,52,7,88,1,148,202,0,202,350
08/12/2023,EUG,OR,ANM,WE,Combined TRACON& Tower with Radar,42,3,11,0,56,0,2,45,0,47,42,5,56,0,103,30,0,30,133
08/13/2023,EUG,OR,ANM,WE,Combined TRACON& Tower with Radar,53,5,9,2,69,1,0,37,0,38,54,5,46,2,107,40,0,40,147
08/14/2023,EUG,OR,ANM,WE,Combined TRACON& Tower with Radar,52,6,15,2,75,0,4,41,2,47,52,10,56,4,122,76,0,76,198
08/15/2023,EUG,OR,ANM,WE,Combined TRACON& Tower with Radar,49,6,15,2,72,0,4,13,0,17,49,10,28,2,89,34,0,34,123
08/16/2023,EUG,OR,ANM,WE,Combined TRACON& Tower with Radar,46,9,10,0,65,0,6,31,0,37,46,15,41,0,102,94,0,94,196
08/17/2023,EUG,OR,ANM,WE,Combined TRACON& Tower with Radar,50,9,12,2,73,0,3,48,3,54,50,12,60,5,127,214,0,214,341
08/18/2023,EUG,OR,ANM,WE,Combined TRACON& Tower with Radar,48,3,18,0,69,0,4,85,2,91,48,7,103,2,160,132,0,132,292
08/19/2023,EUG,OR,ANM,WE,Combined TRACON& Tower with Radar,42,2,11,0,55,0,1,59,1,61,42,3,70,1,116,64,0,64,180
08/20/2023,EUG,OR,ANM,WE,Combined TRACON& Tower with Radar,50,2,27,2,81,0,0,18,0,18,50,2,45,2,99,10,0,10,109
08/21/2023,EUG,OR,ANM,WE,Combined TRACON& Tower with Radar,50,7,14,0,71,0,5,53,0,58,50,12,67,0,129,172,0,172,301
08/22/2023,EUG,OR,ANM,WE,Combined TRACON& Tower with Radar,46,6,24,7,83,0,3,87,0,90,46,9,111,7,173,142,0,142,315
08/23/2023,EUG,OR,ANM,WE,Combined TRACON& Tower with Radar,44,9,15,0,68,0,6,86,0,92,44,15,101,0,160,72,0,72,232
08/24/2023,EUG,OR,ANM,WE,Combined TRACON& Tower with Radar,51,11,12,0,74,0,2,64,0,66,51,13,76,0,140,192,0,192,332
08/25/2023,EUG,OR,ANM,WE,Combined TRACON& Tower with Radar,49,11,23,2,85,0,4,41,0,45,49,15,64,2,130,102,0,102,232
08/26/2023,EUG,OR,ANM,WE,Combined TRACON& Tower with Radar,40,2,18,0,60,0,4,46,1,51,40,6,64,1,111,35,0,35,146
08/27/2023,EUG,OR,ANM,WE,Combined TRACON& Tower with Radar,51,3,14,0,68,0,0,40,0,40,51,3,54,0,108,10,0,10,118
08/28/2023,EUG,OR,ANM,WE,Combined TRACON& Tower with Radar,51,15,36,0,102,0,1,8,0,9,51,16,44,0,111,68,0,68,179
08/29/2023,EUG,OR,ANM,WE,Combined TRACON& Tower with Radar,46,9,24,0,79,0,4,72,0,76,46,13,96,0,155,164,0,164,319
08/30/2023,EUG,OR,ANM,WE,Combined TRACON& Tower with Radar,44,8,22,0,74,0,5,106,0,111,44,13,128,0,185,118,0,118,303
08/31/2023,EUG,OR,ANM,WE,Combined TRACON& Tower with Radar,51,12,35,2,100,0,0,14,0,14,51,12,49,2,114,38,0,38,152
