01/01/2000,EVV,IN,AGL,CE,Towers with Radar,0,37,10,0,47,0,2,34,0,36,0,39,44,0,83,62,0,62,145
01/02/2000,EVV,IN,AGL,CE,Towers with Radar,0,64,24,0,88,0,0,4,0,4,0,64,28,0,92,0,0,0,92
01/03/2000,EVV,IN,AGL,CE,Towers with Radar,0,66,11,0,77,0,3,4,0,7,0,69,15,0,84,6,0,6,90
01/04/2000,EVV,IN,AGL,CE,Towers with Radar,0,69,33,0,102,0,11,26,1,38,0,80,59,1,140,108,3,111,251
01/05/2000,EVV,IN,AGL,CE,Towers with Radar,0,80,88,2,170,0,3,24,0,27,0,83,112,2,197,72,0,72,269
01/06/2000,EVV,IN,AGL,CE,Towers with Radar,0,92,44,0,136,0,6,58,0,64,0,98,102,0,200,0,0,0,200
01/07/2000,EVV,IN,AGL,CE,Towers with Radar,0,89,39,4,132,0,3,60,0,63,0,92,99,4,195,0,0,0,195
01/08/2000,EVV,IN,AGL,CE,Towers with Radar,0,61,30,0,91,0,2,50,0,52,0,63,80,0,143,0,0,0,143
01/09/2000,EVV,IN,AGL,CE,Towers with Radar,0,74,32,0,106,0,2,2,0,4,0,76,34,0,110,2,0,2,112
01/10/2000,EVV,IN,AGL,CE,Towers with Radar,0,83,38,0,121,0,12,30,0,42,0,95,68,0,163,56,0,56,219
01/11/2000,EVV,IN,AGL,CE,Towers with Radar,0,93,46,4,143,0,2,43,2,47,0,95,89,6,190,122,10,132,322
01/12/2000,EVV,IN,AGL,CE,Towers with Radar,0,100,74,0,174,2,0,42,0,44,2,100,116,0,218,20,2,22,240
01/13/2000,EVV,IN,AGL,CE,Towers with Radar,1,81,57,0,139,0,2,19,0,21,1,83,76,0,160,8,0,8,168
01/14/2000,EVV,IN,AGL,CE,Towers with Radar,0,94,36,0,130,0,2,64,0,66,0,96,100,0,196,86,0,86,282
01/15/2000,EVV,IN,AGL,CE,Towers with Radar,0,59,38,0,97,0,2,50,0,52,0,61,88,0,149,0,0,0,149
01/16/2000,EVV,IN,AGL,CE,Towers with Radar,0,74,24,2,100,0,2,42,0,44,0,76,66,2,144,66,0,66,210
01/17/2000,EVV,IN,AGL,CE,Towers with Radar,0,81,20,1,102,0,2,21,0,23,0,83,41,1,125,54,0,54,179
01/18/2000,EVV,IN,AGL,CE,Towers with Radar,4,89,47,0,140,0,2,1,0,3,4,91,48,0,143,2,0,2,145
01/19/2000,EVV,IN,AGL,CE,Towers with Radar,0,95,48,0,143,0,2,5,0,7,0,97,53,0,150,94,0,94,244
01/20/2000,EVV,IN,AGL,CE,Towers with Radar,0,88,52,0,140,0,4,26,0,30,0,92,78,0,170,64,0,64,234
01/21/2000,EVV,IN,AGL,CE,Towers with Radar,0,90,43,0,133,0,2,54,0,56,0,92,97,0,189,94,0,94,283
01/22/2000,EVV,IN,AGL,CE,Towers with Radar,0,59,5,0,64,0,4,0,0,4,0,63,5,0,68,0,0,0,68
01/23/2000,EVV,IN,AGL,CE,Towers with Radar,0,72,14,0,86,0,2,1,0,3,0,74,15,0,89,0,0,0,89
01/24/2000,EVV,IN,AGL,CE,Towers with Radar,0,82,33,1,116,0,2,56,0,58,0,84,89,1,174,76,0,76,250
01/25/2000,EVV,IN,AGL,CE,Towers with Radar,0,97,67,0,164,0,4,9,0,13,0,101,76,0,177,34,3,37,214
01/26/2000,EVV,IN,AGL,CE,Towers with Radar,0,91,51,0,142,0,0,46,2,48,0,91,97,2,190,32,2,34,224
01/27/2000,EVV,IN,AGL,CE,Towers with Radar,0,94,46,2,142,0,1,58,1,60,0,95,104,3,202,0,0,0,202
01/28/2000,EVV,IN,AGL,CE,Towers with Radar,0,85,43,0,128,1,0,43,0,44,1,85,86,0,172,72,0,72,244
01/29/2000,EVV,IN,AGL,CE,Towers with Radar,0,52,16,0,68,0,1,1,0,2,0,53,17,0,70,0,0,0,70
01/30/2000,EVV,IN,AGL,CE,Towers with Radar,0,60,17,0,77,0,1,8,0,9,0,61,25,0,86,24,0,24,110
01/31/2000,EVV,IN,AGL,CE,Towers with Radar,0,98,46,0,144,0,5,33,0,38,0,103,79,0,182,60,0,60,242
02/01/2000,EVV,IN,AGL,CE,Towers with Radar,0,110,44,0,154,0,0,40,0,40,0,110,84,0,194,86,0,86,280
02/02/2000,EVV,IN,AGL,CE,Towers with Radar,0,84,66,0,150,0,0,74,2,76,0,84,140,2,226,130,0,130,356
02/03/2000,EVV,IN,AGL,CE,Towers with Radar,0,96,51,0,147,0,1,40,0,41,0,97,91,0,188,96,0,96,284
02/04/2000,EVV,IN,AGL,CE,Towers with Radar,0,92,24,0,116,0,0,22,0,22,0,92,46,0,138,38,0,38,176
02/05/2000,EVV,IN,AGL,CE,Towers with Radar,0,66,48,0,114,0,0,60,0,60,0,66,108,0,174,66,0,66,240
02/06/2000,EVV,IN,AGL,CE,Towers with Radar,0,66,49,0,115,0,0,59,0,59,0,66,108,0,174,66,0,66,240
02/07/2000,EVV,IN,AGL,CE,Towers with Radar,0,70,63,0,133,0,0,69,2,71,0,70,132,2,204,62,0,62,266
02/08/2000,EVV,IN,AGL,CE,Towers with Radar,0,92,85,1,178,0,0,22,0,22,0,92,107,1,200,102,0,102,302
02/09/2000,EVV,IN,AGL,CE,Towers with Radar,0,105,67,0,172,0,0,56,0,56,0,105,123,0,228,110,0,110,338
02/10/2000,EVV,IN,AGL,CE,Towers with Radar,1,88,68,0,157,0,0,33,0,33,1,88,101,0,190,62,0,62,252
02/11/2000,EVV,IN,AGL,CE,Towers with Radar,0,95,49,0,144,0,0,28,0,28,0,95,77,0,172,132,0,132,304
02/12/2000,EVV,IN,AGL,CE,Towers with Radar,0,57,20,3,80,0,0,70,0,70,0,57,90,3,150,23,0,23,173
02/13/2000,EVV,IN,AGL,CE,Towers with Radar,0,59,12,0,71,0,0,1,0,1,0,59,13,0,72,0,0,0,72
02/14/2000,EVV,IN,AGL,CE,Towers with Radar,0,87,28,0,115,0,0,11,0,11,0,87,39,0,126,11,0,11,137
02/15/2000,EVV,IN,AGL,CE,Towers with Radar,0,89,56,0,145,0,0,46,3,49,0,89,102,3,194,0,0,0,194
02/16/2000,EVV,IN,AGL,CE,Towers with Radar,0,89,84,0,173,0,0,39,1,40,0,89,123,1,213,110,0,110,323
02/17/2000,EVV,IN,AGL,CE,Towers with Radar,2,84,55,0,141,0,22,1,0,23,2,106,56,0,164,67,0,67,231
02/18/2000,EVV,IN,AGL,CE,Towers with Radar,0,59,26,0,85,0,12,0,0,12,0,71,26,0,97,0,0,0,97
02/19/2000,EVV,IN,AGL,CE,Towers with Radar,0,51,32,0,83,0,0,26,1,27,0,51,58,1,110,72,0,72,182
02/20/2000,EVV,IN,AGL,CE,Towers with Radar,0,80,30,0,110,0,0,54,0,54,0,80,84,0,164,126,0,126,290
02/21/2000,EVV,IN,AGL,CE,Towers with Radar,0,90,45,0,135,0,0,57,0,57,0,90,102,0,192,86,0,86,278
02/22/2000,EVV,IN,AGL,CE,Towers with Radar,2,90,60,0,152,0,0,50,0,50,2,90,110,0,202,80,0,80,282
02/23/2000,EVV,IN,AGL,CE,Towers with Radar,0,88,47,0,135,0,9,42,0,51,0,97,89,0,186,108,0,108,294
02/24/2000,EVV,IN,AGL,CE,Towers with Radar,0,102,56,0,158,0,0,20,0,20,0,102,76,0,178,110,0,110,288
02/25/2000,EVV,IN,AGL,CE,Towers with Radar,2,88,42,1,133,0,0,55,0,55,2,88,97,1,188,72,0,72,260
02/26/2000,EVV,IN,AGL,CE,Towers with Radar,0,62,24,0,86,0,0,9,0,9,0,62,33,0,95,39,0,39,134
02/27/2000,EVV,IN,AGL,CE,Towers with Radar,0,77,34,0,111,0,0,57,0,57,0,77,91,0,168,76,0,76,244
02/28/2000,EVV,IN,AGL,CE,Towers with Radar,0,94,25,0,119,0,0,66,0,66,0,94,91,0,185,80,0,80,265
02/29/2000,EVV,IN,AGL,CE,Towers with Radar,0,96,51,0,147,0,8,29,0,37,0,104,80,0,184,58,0,58,242
03/01/2000,EVV,IN,AGL,CE,Towers with Radar,0,103,76,0,179,0,7,44,0,51,0,110,120,0,230,56,1,57,287
03/02/2000,EVV,IN,AGL,CE,Towers with Radar,0,95,58,0,153,0,0,83,0,83,0,95,141,0,236,0,0,0,236
03/03/2000,EVV,IN,AGL,CE,Towers with Radar,0,109,49,0,158,0,0,9,0,9,0,109,58,0,167,58,0,58,225
03/04/2000,EVV,IN,AGL,CE,Towers with Radar,0,59,45,0,104,0,0,85,0,85,0,59,130,0,189,0,0,0,189
03/05/2000,EVV,IN,AGL,CE,Towers with Radar,0,84,51,0,135,0,0,59,0,59,0,84,110,0,194,81,0,81,275
03/06/2000,EVV,IN,AGL,CE,Towers with Radar,0,79,46,0,125,0,9,75,5,89,0,88,121,5,214,116,0,116,330
03/07/2000,EVV,IN,AGL,CE,Towers with Radar,0,104,66,0,170,0,1,60,0,61,0,105,126,0,231,96,3,99,330
03/08/2000,EVV,IN,AGL,CE,Towers with Radar,0,99,53,0,152,0,2,38,0,40,0,101,91,0,192,98,0,98,290
03/09/2000,EVV,IN,AGL,CE,Towers with Radar,0,85,58,0,143,0,0,38,0,38,0,85,96,0,181,0,0,0,181
03/10/2000,EVV,IN,AGL,CE,Towers with Radar,0,99,68,1,168,0,3,57,0,60,0,102,125,1,228,151,0,151,379
03/11/2000,EVV,IN,AGL,CE,Towers with Radar,0,55,13,0,68,0,2,0,0,2,0,57,13,0,70,0,0,0,70
03/12/2000,EVV,IN,AGL,CE,Towers with Radar,0,74,24,0,98,0,1,58,0,59,0,75,82,0,157,56,0,56,213
03/13/2000,EVV,IN,AGL,CE,Towers with Radar,0,83,54,0,137,0,0,39,0,39,0,83,93,0,176,120,0,120,296
03/14/2000,EVV,IN,AGL,CE,Towers with Radar,0,91,56,5,152,0,0,38,0,38,0,91,94,5,190,0,0,0,190
03/15/2000,EVV,IN,AGL,CE,Towers with Radar,0,97,73,0,170,0,2,75,0,77,0,99,148,0,247,118,0,118,365
03/16/2000,EVV,IN,AGL,CE,Towers with Radar,0,97,46,2,145,0,0,1,0,1,0,97,47,2,146,10,0,10,156
03/17/2000,EVV,IN,AGL,CE,Towers with Radar,0,82,45,4,131,0,0,84,2,86,0,82,129,6,217,44,2,46,263
03/18/2000,EVV,IN,AGL,CE,Towers with Radar,0,75,30,0,105,0,2,34,0,36,0,77,64,0,141,44,0,44,185
03/19/2000,EVV,IN,AGL,CE,Towers with Radar,0,67,36,0,103,0,16,0,0,16,0,83,36,0,119,22,0,22,141
03/20/2000,EVV,IN,AGL,CE,Towers with Radar,0,101,68,4,173,0,0,10,1,11,0,101,78,5,184,16,0,16,200
03/21/2000,EVV,IN,AGL,CE,Towers with Radar,0,98,53,3,154,0,1,17,1,19,0,99,70,4,173,109,2,111,284
03/22/2000,EVV,IN,AGL,CE,Towers with Radar,0,98,88,1,187,0,0,47,0,47,0,98,135,1,234,64,0,64,298
03/23/2000,EVV,IN,AGL,CE,Towers with Radar,0,88,61,0,149,0,0,89,0,89,0,88,150,0,238,92,0,92,330
03/24/2000,EVV,IN,AGL,CE,Towers with Radar,0,87,51,0,138,0,0,51,0,51,0,87,102,0,189,19,0,19,208
03/25/2000,EVV,IN,AGL,CE,Towers with Radar,0,65,41,0,106,0,3,54,0,57,0,68,95,0,163,86,0,86,249
03/26/2000,EVV,IN,AGL,CE,Towers with Radar,0,81,20,0,101,0,0,81,0,81,0,81,101,0,182,42,0,42,224
03/27/2000,EVV,IN,AGL,CE,Towers with Radar,0,89,27,5,121,0,0,28,0,28,0,89,55,5,149,2,0,2,151
03/28/2000,EVV,IN,AGL,CE,Towers with Radar,0,91,47,0,138,0,0,23,0,23,0,91,70,0,161,32,0,32,193
03/29/2000,EVV,IN,AGL,CE,Towers with Radar,0,91,41,0,132,0,0,74,0,74,0,91,115,0,206,72,1,73,279
03/30/2000,EVV,IN,AGL,CE,Towers with Radar,0,87,62,0,149,0,0,73,0,73,0,87,135,0,222,24,0,24,246
03/31/2000,EVV,IN,AGL,CE,Towers with Radar,0,85,60,0,145,0,0,85,0,85,0,85,145,0,230,86,0,86,316
04/01/2000,EVV,IN,AGL,CE,Towers with Radar,0,62,52,0,114,0,0,52,0,52,0,62,104,0,166,48,0,48,214
04/02/2000,EVV,IN,AGL,CE,Towers with Radar,0,76,66,3,145,0,1,27,11,39,0,77,93,14,184,22,0,22,206
04/03/2000,EVV,IN,AGL,CE,Towers with Radar,0,76,39,1,116,0,0,5,0,5,0,76,44,1,121,38,2,40,161
04/04/2000,EVV,IN,AGL,CE,Towers with Radar,0,84,53,0,137,0,0,32,0,32,0,84,85,0,169,0,0,0,169
04/05/2000,EVV,IN,AGL,CE,Towers with Radar,0,89,74,2,165,0,0,60,2,62,0,89,134,4,227,38,0,38,265
04/06/2000,EVV,IN,AGL,CE,Towers with Radar,0,81,64,0,145,0,0,68,1,69,0,81,132,1,214,20,0,20,234
04/07/2000,EVV,IN,AGL,CE,Towers with Radar,0,74,38,0,112,0,0,11,0,11,0,74,49,0,123,32,0,32,155
04/08/2000,EVV,IN,AGL,CE,Towers with Radar,0,66,31,0,97,0,0,9,0,9,0,66,40,0,106,48,0,48,154
04/09/2000,EVV,IN,AGL,CE,Towers with Radar,0,88,33,0,121,0,0,64,2,66,0,88,97,2,187,120,0,120,307
04/10/2000,EVV,IN,AGL,CE,Towers with Radar,0,85,38,0,123,0,0,67,0,67,0,85,105,0,190,214,0,214,404
04/11/2000,EVV,IN,AGL,CE,Towers with Radar,0,0,64,1,65,0,0,16,1,17,0,0,80,2,82,38,2,40,122
04/12/2000,EVV,IN,AGL,CE,Towers with Radar,0,91,51,0,142,0,0,78,0,78,0,91,129,0,220,100,0,100,320
04/13/2000,EVV,IN,AGL,CE,Towers with Radar,0,86,60,2,148,0,0,59,4,63,0,86,119,6,211,102,0,102,313
04/14/2000,EVV,IN,AGL,CE,Towers with Radar,0,85,72,0,157,0,0,21,0,21,0,85,93,0,178,80,0,80,258
04/15/2000,EVV,IN,AGL,CE,Towers with Radar,0,62,37,0,99,0,0,41,3,44,0,62,78,3,143,70,0,70,213
04/16/2000,EVV,IN,AGL,CE,Towers with Radar,2,60,38,0,100,0,0,26,0,26,2,60,64,0,126,98,0,98,224
04/17/2000,EVV,IN,AGL,CE,Towers with Radar,0,86,51,0,137,0,2,18,0,20,0,88,69,0,157,52,0,52,209
04/18/2000,EVV,IN,AGL,CE,Towers with Radar,0,90,80,4,174,0,0,27,0,27,0,90,107,4,201,60,0,60,261
04/19/2000,EVV,IN,AGL,CE,Towers with Radar,0,91,82,0,173,0,0,63,0,63,0,91,145,0,236,100,0,100,336
04/20/2000,EVV,IN,AGL,CE,Towers with Radar,0,76,38,0,114,0,0,11,0,11,0,76,49,0,125,6,0,6,131
04/21/2000,EVV,IN,AGL,CE,Towers with Radar,0,74,47,2,123,0,7,15,0,22,0,81,62,2,145,9,2,11,156
04/22/2000,EVV,IN,AGL,CE,Towers with Radar,0,67,42,0,109,0,1,105,0,106,0,68,147,0,215,0,0,0,215
04/23/2000,EVV,IN,AGL,CE,Towers with Radar,0,51,32,0,83,0,18,18,0,36,0,69,50,0,119,24,0,24,143
04/24/2000,EVV,IN,AGL,CE,Towers with Radar,0,88,55,0,143,0,0,18,0,18,0,88,73,0,161,70,0,70,231
04/25/2000,EVV,IN,AGL,CE,Towers with Radar,0,86,46,1,133,0,0,2,0,2,0,86,48,1,135,84,0,84,219
04/26/2000,EVV,IN,AGL,CE,Towers with Radar,2,88,64,1,155,0,0,74,1,75,2,88,138,2,230,112,0,112,342
04/27/2000,EVV,IN,AGL,CE,Towers with Radar,0,95,43,1,139,0,0,57,0,57,0,95,100,1,196,102,0,102,298
04/28/2000,EVV,IN,AGL,CE,Towers with Radar,2,91,68,5,166,0,0,61,0,61,2,91,129,5,227,173,2,175,402
04/29/2000,EVV,IN,AGL,CE,Towers with Radar,0,61,37,0,98,0,0,73,0,73,0,61,110,0,171,73,0,73,244
04/30/2000,EVV,IN,AGL,CE,Towers with Radar,0,63,40,0,103,0,12,59,0,71,0,75,99,0,174,61,0,61,235
05/01/2000,EVV,IN,AGL,CE,Towers with Radar,0,69,48,0,117,0,2,22,0,24,0,71,70,0,141,100,0,100,241
05/02/2000,EVV,IN,AGL,CE,Towers with Radar,0,103,73,0,176,0,2,44,0,46,0,105,117,0,222,9,0,9,231
05/03/2000,EVV,IN,AGL,CE,Towers with Radar,2,92,59,0,153,0,2,46,0,48,2,94,105,0,201,100,0,100,301
05/04/2000,EVV,IN,AGL,CE,Towers with Radar,0,81,68,2,151,0,0,37,0,37,0,81,105,2,188,54,0,54,242
05/05/2000,EVV,IN,AGL,CE,Towers with Radar,0,75,38,1,114,0,0,41,0,41,0,75,79,1,155,37,0,37,192
05/06/2000,EVV,IN,AGL,CE,Towers with Radar,1,59,20,0,80,0,0,47,0,47,1,59,67,0,127,92,0,92,219
05/07/2000,EVV,IN,AGL,CE,Towers with Radar,0,59,40,0,99,0,14,34,0,48,0,73,74,0,147,94,0,94,241
05/08/2000,EVV,IN,AGL,CE,Towers with Radar,0,78,51,0,129,0,0,49,0,49,0,78,100,0,178,50,0,50,228
05/09/2000,EVV,IN,AGL,CE,Towers with Radar,0,72,58,0,130,0,4,19,0,23,0,76,77,0,153,48,0,48,201
05/10/2000,EVV,IN,AGL,CE,Towers with Radar,0,89,63,0,152,0,0,82,2,84,0,89,145,2,236,122,0,122,358
05/11/2000,EVV,IN,AGL,CE,Towers with Radar,1,73,57,6,137,0,1,10,4,15,1,74,67,10,152,74,0,74,226
05/12/2000,EVV,IN,AGL,CE,Towers with Radar,2,70,55,1,128,0,1,26,1,28,2,71,81,2,156,59,0,59,215
05/13/2000,EVV,IN,AGL,CE,Towers with Radar,1,65,39,1,106,0,1,43,0,44,1,66,82,1,150,102,0,102,252
05/14/2000,EVV,IN,AGL,CE,Towers with Radar,0,72,22,4,98,0,0,46,0,46,0,72,68,4,144,46,0,46,190
05/15/2000,EVV,IN,AGL,CE,Towers with Radar,0,81,60,1,142,0,0,35,1,36,0,81,95,2,178,118,0,118,296
05/16/2000,EVV,IN,AGL,CE,Towers with Radar,0,82,100,4,186,0,1,31,1,33,0,83,131,5,219,0,0,0,219
05/17/2000,EVV,IN,AGL,CE,Towers with Radar,0,84,65,2,151,0,0,55,0,55,0,84,120,2,206,106,0,106,312
05/18/2000,EVV,IN,AGL,CE,Towers with Radar,0,66,55,0,121,0,0,20,0,20,0,66,75,0,141,81,0,81,222
05/19/2000,EVV,IN,AGL,CE,Towers with Radar,0,100,57,0,157,0,0,13,0,13,0,100,70,0,170,125,0,125,295
05/20/2000,EVV,IN,AGL,CE,Towers with Radar,0,77,51,0,128,0,2,43,0,45,0,79,94,0,173,108,0,108,281
05/21/2000,EVV,IN,AGL,CE,Towers with Radar,0,68,52,0,120,0,0,13,1,14,0,68,65,1,134,26,0,26,160
05/22/2000,EVV,IN,AGL,CE,Towers with Radar,0,85,71,1,157,0,0,8,3,11,0,85,79,4,168,104,0,104,272
05/23/2000,EVV,IN,AGL,CE,Towers with Radar,0,89,62,0,151,0,10,50,0,60,0,99,112,0,211,50,0,50,261
05/24/2000,EVV,IN,AGL,CE,Towers with Radar,0,95,72,1,168,3,0,62,1,66,3,95,134,2,234,94,0,94,328
05/25/2000,EVV,IN,AGL,CE,Towers with Radar,0,73,50,0,123,0,18,53,2,73,0,91,103,2,196,122,0,122,318
05/26/2000,EVV,IN,AGL,CE,Towers with Radar,0,75,52,0,127,0,0,29,1,30,0,75,81,1,157,16,0,16,173
05/27/2000,EVV,IN,AGL,CE,Towers with Radar,2,53,24,0,79,0,0,14,1,15,2,53,38,1,94,38,0,38,132
05/28/2000,EVV,IN,AGL,CE,Towers with Radar,0,50,35,0,85,4,11,23,0,38,4,61,58,0,123,16,0,16,139
05/29/2000,EVV,IN,AGL,CE,Towers with Radar,0,56,39,0,95,0,15,46,0,61,0,71,85,0,156,80,0,80,236
05/30/2000,EVV,IN,AGL,CE,Towers with Radar,0,81,56,1,138,0,14,59,1,74,0,95,115,2,212,156,0,156,368
05/31/2000,EVV,IN,AGL,CE,Towers with Radar,0,75,56,5,136,0,0,55,5,60,0,75,111,10,196,88,0,88,284
06/01/2000,EVV,IN,AGL,CE,Towers with Radar,0,79,56,0,135,0,0,61,2,63,0,79,117,2,198,88,2,90,288
06/02/2000,EVV,IN,AGL,CE,Towers with Radar,0,73,52,2,127,0,0,50,0,50,0,73,102,2,177,92,0,92,269
06/03/2000,EVV,IN,AGL,CE,Towers with Radar,0,51,29,0,80,0,12,50,0,62,0,63,79,0,142,61,0,61,203
06/04/2000,EVV,IN,AGL,CE,Towers with Radar,0,64,36,0,100,2,7,38,0,47,2,71,74,0,147,0,0,0,147
06/05/2000,EVV,IN,AGL,CE,Towers with Radar,0,86,56,0,142,0,0,25,0,25,0,86,81,0,167,22,0,22,189
06/06/2000,EVV,IN,AGL,CE,Towers with Radar,0,79,48,0,127,0,0,42,0,42,0,79,90,0,169,42,0,42,211
06/07/2000,EVV,IN,AGL,CE,Towers with Radar,0,88,55,3,146,0,0,76,4,80,0,88,131,7,226,78,4,82,308
06/08/2000,EVV,IN,AGL,CE,Towers with Radar,0,83,64,0,147,0,0,63,0,63,0,83,127,0,210,125,0,125,335
06/09/2000,EVV,IN,AGL,CE,Towers with Radar,0,95,57,2,154,0,1,49,0,50,0,96,106,2,204,126,0,126,330
06/10/2000,EVV,IN,AGL,CE,Towers with Radar,0,65,26,0,91,0,0,170,0,170,0,65,196,0,261,79,0,79,340
06/11/2000,EVV,IN,AGL,CE,Towers with Radar,0,60,35,0,95,0,15,42,0,57,0,75,77,0,152,44,0,44,196
06/12/2000,EVV,IN,AGL,CE,Towers with Radar,0,85,44,0,129,0,0,27,0,27,0,85,71,0,156,66,0,66,222
06/13/2000,EVV,IN,AGL,CE,Towers with Radar,0,75,55,0,130,0,0,55,0,55,0,75,110,0,185,40,0,40,225
06/14/2000,EVV,IN,AGL,CE,Towers with Radar,0,67,46,1,114,0,1,25,1,27,0,68,71,2,141,40,0,40,181
06/15/2000,EVV,IN,AGL,CE,Towers with Radar,0,87,33,3,123,0,0,40,1,41,0,87,73,4,164,40,0,40,204
06/16/2000,EVV,IN,AGL,CE,Towers with Radar,0,63,32,0,95,0,2,33,0,35,0,65,65,0,130,42,0,42,172
06/17/2000,EVV,IN,AGL,CE,Towers with Radar,0,71,28,0,99,0,0,1,0,1,0,71,29,0,100,26,0,26,126
06/18/2000,EVV,IN,AGL,CE,Towers with Radar,0,72,41,0,113,0,0,5,0,5,0,72,46,0,118,26,0,26,144
06/19/2000,EVV,IN,AGL,CE,Towers with Radar,0,87,64,0,151,0,0,48,0,48,0,87,112,0,199,62,0,62,261
06/20/2000,EVV,IN,AGL,CE,Towers with Radar,1,74,45,0,120,0,0,34,0,34,1,74,79,0,154,106,0,106,260
06/21/2000,EVV,IN,AGL,CE,Towers with Radar,0,92,68,1,161,0,0,59,0,59,0,92,127,1,220,104,0,104,324
06/22/2000,EVV,IN,AGL,CE,Towers with Radar,0,90,67,1,158,0,0,72,8,80,0,90,139,9,238,68,10,78,316
06/23/2000,EVV,IN,AGL,CE,Towers with Radar,0,89,48,1,138,0,0,144,8,152,0,89,192,9,290,198,4,202,492
06/24/2000,EVV,IN,AGL,CE,Towers with Radar,0,53,31,0,84,1,13,74,0,88,1,66,105,0,172,300,0,300,472
06/25/2000,EVV,IN,AGL,CE,Towers with Radar,0,58,35,0,93,0,16,90,0,106,0,74,125,0,199,412,0,412,611
06/26/2000,EVV,IN,AGL,CE,Towers with Radar,0,76,46,0,122,0,8,22,0,30,0,84,68,0,152,62,0,62,214
06/27/2000,EVV,IN,AGL,CE,Towers with Radar,2,81,78,0,161,0,0,62,0,62,2,81,140,0,223,118,0,118,341
06/28/2000,EVV,IN,AGL,CE,Towers with Radar,0,70,76,0,146,0,0,65,0,65,0,70,141,0,211,184,2,186,397
06/29/2000,EVV,IN,AGL,CE,Towers with Radar,0,90,60,6,156,0,0,99,0,99,0,90,159,6,255,164,0,164,419
06/30/2000,EVV,IN,AGL,CE,Towers with Radar,0,83,59,0,142,0,5,78,0,83,0,88,137,0,225,144,0,144,369
07/01/2000,EVV,IN,AGL,CE,Towers with Radar,0,57,30,0,87,0,0,79,0,79,0,57,109,0,166,115,0,115,281
07/02/2000,EVV,IN,AGL,CE,Towers with Radar,2,69,11,0,82,0,0,49,0,49,2,69,60,0,131,80,0,80,211
07/03/2000,EVV,IN,AGL,CE,Towers with Radar,0,62,13,0,75,0,0,46,0,46,0,62,59,0,121,50,0,50,171
07/04/2000,EVV,IN,AGL,CE,Towers with Radar,0,51,26,0,77,0,0,52,0,52,0,51,78,0,129,116,0,116,245
07/05/2000,EVV,IN,AGL,CE,Towers with Radar,0,80,48,0,128,0,4,14,3,21,0,84,62,3,149,54,2,56,205
07/06/2000,EVV,IN,AGL,CE,Towers with Radar,0,84,54,4,142,0,0,64,1,65,0,84,118,5,207,153,4,157,364
07/07/2000,EVV,IN,AGL,CE,Towers with Radar,0,89,35,2,126,0,0,58,3,61,0,89,93,5,187,161,2,163,350
07/08/2000,EVV,IN,AGL,CE,Towers with Radar,2,63,28,0,93,0,0,76,0,76,2,63,104,0,169,146,0,146,315
07/09/2000,EVV,IN,AGL,CE,Towers with Radar,0,51,29,0,80,0,16,48,1,65,0,67,77,1,145,134,0,134,279
07/10/2000,EVV,IN,AGL,CE,Towers with Radar,0,77,53,1,131,0,0,48,0,48,0,77,101,1,179,134,0,134,313
07/11/2000,EVV,IN,AGL,CE,Towers with Radar,2,81,55,0,138,0,2,43,0,45,2,83,98,0,183,124,0,124,307
07/12/2000,EVV,IN,AGL,CE,Towers with Radar,0,85,85,0,170,0,0,52,0,52,0,85,137,0,222,158,0,158,380
07/13/2000,EVV,IN,AGL,CE,Towers with Radar,0,82,72,0,154,0,0,39,0,39,0,82,111,0,193,120,0,120,313
07/14/2000,EVV,IN,AGL,CE,Towers with Radar,0,81,63,0,144,0,0,51,1,52,0,81,114,1,196,72,0,72,268
07/15/2000,EVV,IN,AGL,CE,Towers with Radar,0,56,30,0,86,0,0,41,0,41,0,56,71,0,127,0,0,0,127
07/16/2000,EVV,IN,AGL,CE,Towers with Radar,0,75,38,0,113,0,0,57,0,57,0,75,95,0,170,46,0,46,216
07/17/2000,EVV,IN,AGL,CE,Towers with Radar,0,74,44,0,118,0,0,50,0,50,0,74,94,0,168,70,0,70,238
07/18/2000,EVV,IN,AGL,CE,Towers with Radar,3,83,57,0,143,0,0,47,0,47,3,83,104,0,190,104,0,104,294
07/19/2000,EVV,IN,AGL,CE,Towers with Radar,1,74,106,0,181,0,0,31,0,31,1,74,137,0,212,64,0,64,276
07/20/2000,EVV,IN,AGL,CE,Towers with Radar,0,95,66,2,163,0,2,67,0,69,0,97,133,2,232,103,2,105,337
07/21/2000,EVV,IN,AGL,CE,Towers with Radar,0,81,38,0,119,0,0,57,0,57,0,81,95,0,176,51,0,51,227
07/22/2000,EVV,IN,AGL,CE,Towers with Radar,0,57,35,0,92,0,3,50,0,53,0,60,85,0,145,46,0,46,191
07/23/2000,EVV,IN,AGL,CE,Towers with Radar,0,86,38,0,124,0,0,66,0,66,0,86,104,0,190,96,0,96,286
07/24/2000,EVV,IN,AGL,CE,Towers with Radar,0,83,59,0,142,0,0,60,0,60,0,83,119,0,202,108,0,108,310
07/25/2000,EVV,IN,AGL,CE,Towers with Radar,0,91,92,0,183,0,0,67,0,67,0,91,159,0,250,170,0,170,420
07/26/2000,EVV,IN,AGL,CE,Towers with Radar,2,78,54,0,134,0,0,71,0,71,2,78,125,0,205,64,0,64,269
07/27/2000,EVV,IN,AGL,CE,Towers with Radar,0,82,54,0,136,4,0,41,2,47,4,82,95,2,183,132,0,132,315
07/28/2000,EVV,IN,AGL,CE,Towers with Radar,0,81,55,0,136,0,0,43,1,44,0,81,98,1,180,102,0,102,282
07/29/2000,EVV,IN,AGL,CE,Towers with Radar,0,61,28,0,89,0,2,1,0,3,0,63,29,0,92,0,0,0,92
07/30/2000,EVV,IN,AGL,CE,Towers with Radar,0,69,47,4,120,0,0,11,0,11,0,69,58,4,131,22,0,22,153
07/31/2000,EVV,IN,AGL,CE,Towers with Radar,0,84,45,0,129,0,8,0,0,8,0,92,45,0,137,42,0,42,179
08/01/2000,EVV,IN,AGL,CE,Towers with Radar,0,80,70,0,150,0,1,63,0,64,0,81,133,0,214,118,0,118,332
08/02/2000,EVV,IN,AGL,CE,Towers with Radar,0,79,72,0,151,0,0,92,0,92,0,79,164,0,243,156,0,156,399
08/03/2000,EVV,IN,AGL,CE,Towers with Radar,0,14,72,0,86,2,0,53,0,55,2,14,125,0,141,100,0,100,241
08/04/2000,EVV,IN,AGL,CE,Towers with Radar,0,85,53,0,138,0,3,44,0,47,0,88,97,0,185,18,0,18,203
08/05/2000,EVV,IN,AGL,CE,Towers with Radar,0,52,29,0,81,0,1,36,0,37,0,53,65,0,118,58,0,58,176
08/06/2000,EVV,IN,AGL,CE,Towers with Radar,0,65,30,1,96,0,0,32,1,33,0,65,62,2,129,42,0,42,171
08/07/2000,EVV,IN,AGL,CE,Towers with Radar,0,71,45,0,116,0,2,13,0,15,0,73,58,0,131,48,0,48,179
08/08/2000,EVV,IN,AGL,CE,Towers with Radar,2,88,83,2,175,0,2,38,0,40,2,90,121,2,215,130,0,130,345
08/09/2000,EVV,IN,AGL,CE,Towers with Radar,0,90,73,5,168,0,1,73,0,74,0,91,146,5,242,132,16,148,390
08/10/2000,EVV,IN,AGL,CE,Towers with Radar,0,94,97,0,191,0,3,61,0,64,0,97,158,0,255,34,0,34,289
08/11/2000,EVV,IN,AGL,CE,Towers with Radar,0,74,47,2,123,0,1,90,3,94,0,75,137,5,217,235,6,241,458
08/12/2000,EVV,IN,AGL,CE,Towers with Radar,0,57,30,0,87,0,3,73,0,76,0,60,103,0,163,32,0,32,195
08/13/2000,EVV,IN,AGL,CE,Towers with Radar,0,74,25,0,99,0,2,62,0,64,0,76,87,0,163,82,0,82,245
08/14/2000,EVV,IN,AGL,CE,Towers with Radar,0,75,52,0,127,0,2,62,1,65,0,77,114,1,192,180,0,180,372
08/15/2000,EVV,IN,AGL,CE,Towers with Radar,2,82,39,2,125,0,2,57,6,65,2,84,96,8,190,108,4,112,302
08/16/2000,EVV,IN,AGL,CE,Towers with Radar,0,84,62,0,146,0,6,79,0,85,0,90,141,0,231,148,0,148,379
08/17/2000,EVV,IN,AGL,CE,Towers with Radar,2,82,63,2,149,0,1,37,0,38,2,83,100,2,187,42,0,42,229
08/18/2000,EVV,IN,AGL,CE,Towers with Radar,0,77,69,0,146,0,0,30,0,30,0,77,99,0,176,87,0,87,263
08/19/2000,EVV,IN,AGL,CE,Towers with Radar,0,48,36,0,84,0,13,82,1,96,0,61,118,1,180,0,0,0,180
08/20/2000,EVV,IN,AGL,CE,Towers with Radar,0,68,35,3,106,0,1,57,1,59,0,69,92,4,165,36,0,36,201
08/21/2000,EVV,IN,AGL,CE,Towers with Radar,0,70,56,1,127,0,1,54,1,56,0,71,110,2,183,74,0,74,257
08/22/2000,EVV,IN,AGL,CE,Towers with Radar,0,77,50,2,129,0,2,23,0,25,0,79,73,2,154,52,0,52,206
08/23/2000,EVV,IN,AGL,CE,Towers with Radar,0,74,50,0,124,0,1,30,0,31,0,75,80,0,155,46,0,46,201
08/24/2000,EVV,IN,AGL,CE,Towers with Radar,0,78,79,1,158,0,0,40,0,40,0,78,119,1,198,36,0,36,234
08/25/2000,EVV,IN,AGL,CE,Towers with Radar,0,77,71,0,148,0,0,59,0,59,0,77,130,0,207,48,0,48,255
08/26/2000,EVV,IN,AGL,CE,Towers with Radar,0,61,33,0,94,0,0,28,0,28,0,61,61,0,122,70,0,70,192
08/27/2000,EVV,IN,AGL,CE,Towers with Radar,0,67,24,0,91,0,2,26,2,30,0,69,50,2,121,6,0,6,127
08/28/2000,EVV,IN,AGL,CE,Towers with Radar,0,81,83,0,164,0,0,30,0,30,0,81,113,0,194,84,2,86,280
08/29/2000,EVV,IN,AGL,CE,Towers with Radar,0,83,68,1,152,0,0,61,6,67,0,83,129,7,219,32,0,32,251
08/30/2000,EVV,IN,AGL,CE,Towers with Radar,0,83,63,0,146,0,1,53,0,54,0,84,116,0,200,86,0,86,286
08/31/2000,EVV,IN,AGL,CE,Towers with Radar,0,88,46,4,138,0,1,39,1,41,0,89,85,5,179,15,0,15,194
09/01/2000,EVV,IN,AGL,CE,Towers with Radar,0,89,61,0,150,0,1,0,0,1,0,90,61,0,151,120,0,120,271
09/02/2000,EVV,IN,AGL,CE,Towers with Radar,0,64,37,0,101,0,1,0,0,1,0,65,37,0,102,63,0,63,165
09/03/2000,EVV,IN,AGL,CE,Towers with Radar,0,40,30,0,70,0,4,1,0,5,0,44,31,0,75,38,0,38,113
09/04/2000,EVV,IN,AGL,CE,Towers with Radar,2,70,27,0,99,0,1,0,0,1,2,71,27,0,100,36,0,36,136
09/05/2000,EVV,IN,AGL,CE,Towers with Radar,0,78,65,3,146,0,1,0,0,1,0,79,65,3,147,42,0,42,189
09/06/2000,EVV,IN,AGL,CE,Towers with Radar,0,75,79,0,154,0,1,0,0,1,0,76,79,0,155,68,0,68,223
09/07/2000,EVV,IN,AGL,CE,Towers with Radar,0,89,53,1,143,2,4,0,0,6,2,93,53,1,149,82,0,82,231
09/08/2000,EVV,IN,AGL,CE,Towers with Radar,0,80,80,2,162,0,1,0,0,1,0,81,80,2,163,62,0,62,225
09/09/2000,EVV,IN,AGL,CE,Towers with Radar,0,70,46,0,116,0,1,0,0,1,0,71,46,0,117,4,0,4,121
09/10/2000,EVV,IN,AGL,CE,Towers with Radar,0,63,42,0,105,0,1,0,0,1,0,64,42,0,106,8,0,8,114
09/11/2000,EVV,IN,AGL,CE,Towers with Radar,0,63,44,0,107,0,0,0,0,0,0,63,44,0,107,24,0,24,131
09/12/2000,EVV,IN,AGL,CE,Towers with Radar,0,75,59,1,135,0,0,13,4,17,0,75,72,5,152,72,2,74,226
09/13/2000,EVV,IN,AGL,CE,Towers with Radar,0,73,80,0,153,0,1,0,0,1,0,74,80,0,154,68,0,68,222
09/14/2000,EVV,IN,AGL,CE,Towers with Radar,0,79,65,0,144,0,1,0,0,1,0,80,65,0,145,18,0,18,163
09/15/2000,EVV,IN,AGL,CE,Towers with Radar,0,75,50,2,127,0,1,0,0,1,0,76,50,2,128,62,0,62,190
09/16/2000,EVV,IN,AGL,CE,Towers with Radar,0,59,33,0,92,0,1,0,0,1,0,60,33,0,93,94,0,94,187
09/17/2000,EVV,IN,AGL,CE,Towers with Radar,0,53,32,0,85,0,10,0,1,11,0,63,32,1,96,58,8,66,162
09/18/2000,EVV,IN,AGL,CE,Towers with Radar,0,69,49,0,118,0,8,0,2,10,0,77,49,2,128,52,0,52,180
09/19/2000,EVV,IN,AGL,CE,Towers with Radar,0,82,71,2,155,0,1,0,0,1,0,83,71,2,156,84,0,84,240
09/20/2000,EVV,IN,AGL,CE,Towers with Radar,0,79,81,2,162,0,1,0,0,1,0,80,81,2,163,50,0,50,213
09/21/2000,EVV,IN,AGL,CE,Towers with Radar,0,91,61,4,156,0,0,1,0,1,0,91,62,4,157,94,2,96,253
09/22/2000,EVV,IN,AGL,CE,Towers with Radar,0,77,48,0,125,0,0,1,0,1,0,77,49,0,126,72,0,72,198
09/23/2000,EVV,IN,AGL,CE,Towers with Radar,0,69,27,0,96,0,0,1,0,1,0,69,28,0,97,62,0,62,159
09/24/2000,EVV,IN,AGL,CE,Towers with Radar,0,72,42,2,116,0,0,1,0,1,0,72,43,2,117,0,0,0,117
09/25/2000,EVV,IN,AGL,CE,Towers with Radar,0,82,71,0,153,0,0,1,0,1,0,82,72,0,154,6,0,6,160
09/26/2000,EVV,IN,AGL,CE,Towers with Radar,0,84,70,1,155,0,0,0,0,0,0,84,70,1,155,96,0,96,251
09/27/2000,EVV,IN,AGL,CE,Towers with Radar,0,91,66,4,161,0,0,1,0,1,0,91,67,4,162,18,0,18,180
09/28/2000,EVV,IN,AGL,CE,Towers with Radar,0,80,66,0,146,0,0,15,0,15,0,80,81,0,161,62,0,62,223
09/29/2000,EVV,IN,AGL,CE,Towers with Radar,0,78,60,0,138,0,0,0,0,0,0,78,60,0,138,50,0,50,188
09/30/2000,EVV,IN,AGL,CE,Towers with Radar,0,61,24,0,85,0,0,0,0,0,0,61,24,0,85,46,0,46,131
10/01/2000,EVV,IN,AGL,CE,Towers with Radar,0,66,20,0,86,0,1,67,0,68,0,67,87,0,154,51,0,51,205
10/02/2000,EVV,IN,AGL,CE,Towers with Radar,0,82,53,0,135,0,0,69,0,69,0,82,122,0,204,65,0,65,269
10/03/2000,EVV,IN,AGL,CE,Towers with Radar,0,77,68,0,145,0,0,49,1,50,0,77,117,1,195,102,0,102,297
10/04/2000,EVV,IN,AGL,CE,Towers with Radar,0,77,84,1,162,0,4,39,4,47,0,81,123,5,209,56,0,56,265
10/05/2000,EVV,IN,AGL,CE,Towers with Radar,2,89,78,0,169,0,2,43,10,55,2,91,121,10,224,100,12,112,336
10/06/2000,EVV,IN,AGL,CE,Towers with Radar,0,81,62,0,143,0,0,36,0,36,0,81,98,0,179,78,0,78,257
10/07/2000,EVV,IN,AGL,CE,Towers with Radar,0,62,20,0,82,0,0,42,0,42,0,62,62,0,124,27,0,27,151
10/08/2000,EVV,IN,AGL,CE,Towers with Radar,0,47,32,0,79,0,17,18,2,37,0,64,50,2,116,22,0,22,138
10/09/2000,EVV,IN,AGL,CE,Towers with Radar,0,69,47,0,116,0,2,39,0,41,0,71,86,0,157,80,0,80,237
10/10/2000,EVV,IN,AGL,CE,Towers with Radar,0,84,52,0,136,0,1,60,0,61,0,85,112,0,197,154,0,154,351
10/11/2000,EVV,IN,AGL,CE,Towers with Radar,0,83,59,0,142,0,1,92,0,93,0,84,151,0,235,122,0,122,357
10/12/2000,EVV,IN,AGL,CE,Towers with Radar,0,103,60,0,163,0,2,73,1,76,0,105,133,1,239,94,0,94,333
10/13/2000,EVV,IN,AGL,CE,Towers with Radar,0,79,58,3,140,0,0,63,0,63,0,79,121,3,203,152,0,152,355
10/14/2000,EVV,IN,AGL,CE,Towers with Radar,0,62,36,0,98,0,1,50,0,51,0,63,86,0,149,81,0,81,230
10/15/2000,EVV,IN,AGL,CE,Towers with Radar,0,62,37,2,101,0,0,26,0,26,0,62,63,2,127,72,0,72,199
10/16/2000,EVV,IN,AGL,CE,Towers with Radar,2,90,54,4,150,0,0,0,0,0,2,90,54,4,150,10,0,10,160
10/17/2000,EVV,IN,AGL,CE,Towers with Radar,0,86,55,0,141,0,0,14,0,14,0,86,69,0,155,136,0,136,291
10/18/2000,EVV,IN,AGL,CE,Towers with Radar,0,81,92,6,179,0,1,56,1,58,0,82,148,7,237,184,16,200,437
10/19/2000,EVV,IN,AGL,CE,Towers with Radar,0,88,73,1,162,0,0,109,5,114,0,88,182,6,276,76,6,82,358
10/20/2000,EVV,IN,AGL,CE,Towers with Radar,0,79,53,0,132,0,0,82,0,82,0,79,135,0,214,82,0,82,296
10/21/2000,EVV,IN,AGL,CE,Towers with Radar,2,60,27,2,91,0,0,54,7,61,2,60,81,9,152,0,0,0,152
10/22/2000,EVV,IN,AGL,CE,Towers with Radar,4,64,41,0,109,0,0,18,0,18,4,64,59,0,127,14,1,15,142
10/23/2000,EVV,IN,AGL,CE,Towers with Radar,1,79,40,1,121,0,1,19,1,21,1,80,59,2,142,74,0,74,216
10/24/2000,EVV,IN,AGL,CE,Towers with Radar,0,79,76,1,156,0,4,33,2,39,0,83,109,3,195,164,0,164,359
10/25/2000,EVV,IN,AGL,CE,Towers with Radar,0,86,59,1,146,0,0,38,0,38,0,86,97,1,184,82,0,82,266
10/26/2000,EVV,IN,AGL,CE,Towers with Radar,0,86,58,3,147,0,0,42,0,42,0,86,100,3,189,98,0,98,287
10/27/2000,EVV,IN,AGL,CE,Towers with Radar,0,74,58,8,140,0,1,35,0,36,0,75,93,8,176,52,18,70,246
10/28/2000,EVV,IN,AGL,CE,Towers with Radar,0,68,28,0,96,0,1,52,0,53,0,69,80,0,149,102,0,102,251
10/29/2000,EVV,IN,AGL,CE,Towers with Radar,0,70,33,0,103,0,0,66,0,66,0,70,99,0,169,70,0,70,239
10/30/2000,EVV,IN,AGL,CE,Towers with Radar,0,79,34,2,115,0,1,38,0,39,0,80,72,2,154,70,0,70,224
10/31/2000,EVV,IN,AGL,CE,Towers with Radar,0,75,36,1,112,0,7,42,1,50,0,82,78,2,162,66,0,66,228
11/01/2000,EVV,IN,AGL,CE,Towers with Radar,0,102,89,2,193,0,4,53,4,61,0,106,142,6,254,156,2,158,412
11/02/2000,EVV,IN,AGL,CE,Towers with Radar,0,76,73,3,152,0,2,30,1,33,0,78,103,4,185,82,2,84,269
11/03/2000,EVV,IN,AGL,CE,Towers with Radar,0,80,55,0,135,0,2,28,0,30,0,82,83,0,165,36,0,36,201
11/04/2000,EVV,IN,AGL,CE,Towers with Radar,0,66,34,0,100,0,1,45,2,48,0,67,79,2,148,84,0,84,232
11/05/2000,EVV,IN,AGL,CE,Towers with Radar,0,61,25,0,86,0,1,52,0,53,0,62,77,0,139,24,0,24,163
11/06/2000,EVV,IN,AGL,CE,Towers with Radar,0,75,46,6,127,0,0,0,0,0,0,75,46,6,127,1,0,1,128
11/07/2000,EVV,IN,AGL,CE,Towers with Radar,0,114,53,0,167,0,3,23,3,29,0,117,76,3,196,124,0,124,320
11/08/2000,EVV,IN,AGL,CE,Towers with Radar,0,85,63,0,148,0,0,14,1,15,0,85,77,1,163,68,0,68,231
11/09/2000,EVV,IN,AGL,CE,Towers with Radar,0,75,66,0,141,0,0,3,1,4,0,75,69,1,145,0,0,0,145
11/10/2000,EVV,IN,AGL,CE,Towers with Radar,0,76,73,0,149,0,0,27,0,27,0,76,100,0,176,100,0,100,276
11/11/2000,EVV,IN,AGL,CE,Towers with Radar,0,54,31,0,85,0,0,60,0,60,0,54,91,0,145,115,0,115,260
11/12/2000,EVV,IN,AGL,CE,Towers with Radar,0,60,36,0,96,0,2,55,1,58,0,62,91,1,154,56,0,56,210
11/13/2000,EVV,IN,AGL,CE,Towers with Radar,0,83,57,0,140,0,0,39,0,39,0,83,96,0,179,112,0,112,291
11/14/2000,EVV,IN,AGL,CE,Towers with Radar,0,91,58,0,149,0,0,46,0,46,0,91,104,0,195,65,0,65,260
11/15/2000,EVV,IN,AGL,CE,Towers with Radar,0,91,54,1,146,0,0,65,1,66,0,91,119,2,212,46,2,48,260
11/16/2000,EVV,IN,AGL,CE,Towers with Radar,0,91,47,0,138,0,1,48,0,49,0,92,95,0,187,48,0,48,235
11/17/2000,EVV,IN,AGL,CE,Towers with Radar,0,91,62,0,153,0,3,29,0,32,0,94,91,0,185,79,0,79,264
11/18/2000,EVV,IN,AGL,CE,Towers with Radar,0,91,29,1,121,0,3,46,0,49,0,94,75,1,170,50,0,50,220
11/19/2000,EVV,IN,AGL,CE,Towers with Radar,0,46,28,0,74,0,14,47,0,61,0,60,75,0,135,16,0,16,151
11/20/2000,EVV,IN,AGL,CE,Towers with Radar,0,79,36,1,116,0,3,32,0,35,0,82,68,1,151,20,0,20,171
11/21/2000,EVV,IN,AGL,CE,Towers with Radar,0,87,39,5,131,0,5,45,1,51,0,92,84,6,182,98,4,102,284
11/22/2000,EVV,IN,AGL,CE,Towers with Radar,0,70,23,0,93,0,3,65,0,68,0,73,88,0,161,109,2,111,272
11/23/2000,EVV,IN,AGL,CE,Towers with Radar,0,58,12,0,70,0,0,49,0,49,0,58,61,0,119,88,0,88,207
11/24/2000,EVV,IN,AGL,CE,Towers with Radar,0,53,10,0,63,0,0,52,0,52,0,53,62,0,115,21,0,21,136
11/25/2000,EVV,IN,AGL,CE,Towers with Radar,0,55,34,0,89,0,0,0,0,0,0,55,34,0,89,15,0,15,104
11/26/2000,EVV,IN,AGL,CE,Towers with Radar,0,65,42,0,107,0,0,16,0,16,0,65,58,0,123,42,0,42,165
11/27/2000,EVV,IN,AGL,CE,Towers with Radar,0,85,51,0,136,0,0,16,0,16,0,85,67,0,152,107,0,107,259
11/28/2000,EVV,IN,AGL,CE,Towers with Radar,0,93,63,1,157,0,0,58,1,59,0,93,121,2,216,191,0,191,407
11/29/2000,EVV,IN,AGL,CE,Towers with Radar,0,84,49,0,133,0,1,40,0,41,0,85,89,0,174,63,0,63,237
11/30/2000,EVV,IN,AGL,CE,Towers with Radar,0,0,0,0,0,0,0,0,0,0,0,0,0,0,0,0,0,0,0
12/01/2000,EVV,IN,AGL,CE,Towers with Radar,0,78,44,0,122,0,0,35,0,35,0,78,79,0,157,59,0,59,216
12/02/2000,EVV,IN,AGL,CE,Towers with Radar,0,53,12,0,65,0,2,2,1,5,0,55,14,1,70,0,0,0,70
12/03/2000,EVV,IN,AGL,CE,Towers with Radar,0,56,30,5,91,0,0,50,2,52,0,56,80,7,143,114,0,114,257
12/04/2000,EVV,IN,AGL,CE,Towers with Radar,0,76,50,0,126,0,0,12,0,12,0,76,62,0,138,73,0,73,211
12/05/2000,EVV,IN,AGL,CE,Towers with Radar,2,76,49,0,127,0,1,29,0,30,2,77,78,0,157,63,0,63,220
12/06/2000,EVV,IN,AGL,CE,Towers with Radar,0,65,62,1,128,0,0,34,0,34,0,65,96,1,162,68,0,68,230
12/07/2000,EVV,IN,AGL,CE,Towers with Radar,1,85,66,0,152,0,0,59,4,63,1,85,125,4,215,54,0,54,269
12/08/2000,EVV,IN,AGL,CE,Towers with Radar,0,81,49,0,130,0,0,29,1,30,0,81,78,1,160,64,0,64,224
12/09/2000,EVV,IN,AGL,CE,Towers with Radar,0,55,23,1,79,0,0,77,0,77,0,55,100,1,156,26,0,26,182
12/10/2000,EVV,IN,AGL,CE,Towers with Radar,0,62,28,1,91,0,0,12,1,13,0,62,40,2,104,58,0,58,162
12/11/2000,EVV,IN,AGL,CE,Towers with Radar,0,65,41,0,106,0,0,1,0,1,0,65,42,0,107,13,0,13,120
12/12/2000,EVV,IN,AGL,CE,Towers with Radar,0,64,49,1,114,0,3,15,1,19,0,67,64,2,133,91,0,91,224
12/13/2000,EVV,IN,AGL,CE,Towers with Radar,0,28,15,0,43,0,0,1,0,1,0,28,16,0,44,0,0,0,44
12/14/2000,EVV,IN,AGL,CE,Towers with Radar,0,74,57,0,131,0,0,9,0,9,0,74,66,0,140,25,0,25,165
12/15/2000,EVV,IN,AGL,CE,Towers with Radar,0,54,56,2,112,0,0,1,0,1,0,54,57,2,113,2,0,2,115
12/16/2000,EVV,IN,AGL,CE,Towers with Radar,0,28,9,0,37,0,16,0,0,16,0,44,9,0,53,0,0,0,53
12/17/2000,EVV,IN,AGL,CE,Towers with Radar,0,43,14,0,57,0,0,13,0,13,0,43,27,0,70,4,0,4,74
12/18/2000,EVV,IN,AGL,CE,Towers with Radar,0,62,44,0,106,0,2,19,0,21,0,64,63,0,127,3,0,3,130
12/19/2000,EVV,IN,AGL,CE,Towers with Radar,0,63,74,0,137,0,2,18,0,20,0,65,92,0,157,6,2,8,165
12/20/2000,EVV,IN,AGL,CE,Towers with Radar,0,64,56,0,120,0,0,43,0,43,0,64,99,0,163,64,0,64,227
12/21/2000,EVV,IN,AGL,CE,Towers with Radar,0,64,39,0,103,0,0,28,0,28,0,64,67,0,131,22,0,22,153
12/22/2000,EVV,IN,AGL,CE,Towers with Radar,0,64,25,5,94,0,0,44,0,44,0,64,69,5,138,92,10,102,240
12/23/2000,EVV,IN,AGL,CE,Towers with Radar,0,58,14,0,72,0,2,27,0,29,0,60,41,0,101,8,0,8,109
12/24/2000,EVV,IN,AGL,CE,Towers with Radar,0,24,13,0,37,0,17,4,0,21,0,41,17,0,58,8,0,8,66
12/25/2000,EVV,IN,AGL,CE,Towers with Radar,0,57,9,0,66,0,0,24,0,24,0,57,33,0,90,26,0,26,116
12/26/2000,EVV,IN,AGL,CE,Towers with Radar,0,57,31,0,88,0,15,18,0,33,0,72,49,0,121,30,0,30,151
12/27/2000,EVV,IN,AGL,CE,Towers with Radar,0,75,39,0,114,0,0,27,0,27,0,75,66,0,141,73,0,73,214
12/28/2000,EVV,IN,AGL,CE,Towers with Radar,0,69,27,2,98,0,1,38,0,39,0,70,65,2,137,73,0,73,210
12/29/2000,EVV,IN,AGL,CE,Towers with Radar,0,64,10,0,74,0,0,0,0,0,0,64,10,0,74,0,0,0,74
12/30/2000,EVV,IN,AGL,CE,Towers with Radar,0,48,14,0,62,0,7,2,3,12,0,55,16,3,74,0,0,0,74
12/31/2000,EVV,IN,AGL,CE,Towers with Radar,0,49,12,0,61,0,0,3,0,3,0,49,15,0,64,0,0,0,64
01/01/2001,EVV,IN,AGL,CE,Towers with Radar,0,33,17,0,50,0,24,0,0,24,0,57,17,0,74,0,0,0,74
01/02/2001,EVV,IN,AGL,CE,Towers with Radar,0,70,18,0,88,0,0,32,1,33,0,70,50,1,121,36,0,36,157
01/03/2001,EVV,IN,AGL,CE,Towers with Radar,0,71,35,0,106,0,0,22,0,22,0,71,57,0,128,26,0,26,154
01/04/2001,EVV,IN,AGL,CE,Towers with Radar,0,69,47,0,116,0,0,34,3,37,0,69,81,3,153,73,0,73,226
01/05/2001,EVV,IN,AGL,CE,Towers with Radar,0,67,36,0,103,0,0,45,0,45,0,67,81,0,148,62,0,62,210
01/06/2001,EVV,IN,AGL,CE,Towers with Radar,0,52,25,0,77,0,0,52,0,52,0,52,77,0,129,42,0,42,171
01/07/2001,EVV,IN,AGL,CE,Towers with Radar,0,56,35,0,91,0,0,74,0,74,0,56,109,0,165,77,0,77,242
01/08/2001,EVV,IN,AGL,CE,Towers with Radar,0,72,46,0,118,0,0,3,0,3,0,72,49,0,121,13,0,13,134
01/09/2001,EVV,IN,AGL,CE,Towers with Radar,0,68,61,0,129,0,0,50,1,51,0,68,111,1,180,105,0,105,285
01/10/2001,EVV,IN,AGL,CE,Towers with Radar,0,88,60,1,149,2,0,50,1,53,2,88,110,2,202,100,0,100,302
01/11/2001,EVV,IN,AGL,CE,Towers with Radar,0,72,43,1,116,0,0,0,0,0,0,72,43,1,116,36,2,38,154
01/12/2001,EVV,IN,AGL,CE,Towers with Radar,1,81,57,0,139,0,0,14,0,14,1,81,71,0,153,61,0,61,214
01/13/2001,EVV,IN,AGL,CE,Towers with Radar,0,55,31,0,86,0,0,1,0,1,0,55,32,0,87,0,0,0,87
01/14/2001,EVV,IN,AGL,CE,Towers with Radar,0,61,41,2,104,0,0,3,1,4,0,61,44,3,108,0,0,0,108
01/15/2001,EVV,IN,AGL,CE,Towers with Radar,0,66,47,0,113,0,0,38,0,38,0,66,85,0,151,71,0,71,222
01/16/2001,EVV,IN,AGL,CE,Towers with Radar,0,70,59,2,131,0,0,28,3,31,0,70,87,5,162,34,0,34,196
01/17/2001,EVV,IN,AGL,CE,Towers with Radar,1,69,56,0,126,0,2,30,2,34,1,71,86,2,160,22,0,22,182
01/18/2001,EVV,IN,AGL,CE,Towers with Radar,2,64,45,0,111,0,0,38,0,38,2,64,83,0,149,32,0,32,181
01/19/2001,EVV,IN,AGL,CE,Towers with Radar,0,65,36,0,101,0,0,11,0,11,0,65,47,0,112,42,0,42,154
01/20/2001,EVV,IN,AGL,CE,Towers with Radar,0,54,18,0,72,0,2,20,0,22,0,56,38,0,94,16,0,16,110
01/21/2001,EVV,IN,AGL,CE,Towers with Radar,0,59,39,0,98,0,0,75,0,75,0,59,114,0,173,72,0,72,245
01/22/2001,EVV,IN,AGL,CE,Towers with Radar,0,75,42,5,122,0,0,59,1,60,0,75,101,6,182,82,0,82,264
01/23/2001,EVV,IN,AGL,CE,Towers with Radar,4,77,87,0,168,0,4,35,8,47,4,81,122,8,215,65,0,65,280
01/24/2001,EVV,IN,AGL,CE,Towers with Radar,0,71,61,4,136,0,0,49,0,49,0,71,110,4,185,48,0,48,233
01/25/2001,EVV,IN,AGL,CE,Towers with Radar,2,94,67,4,167,0,1,67,1,69,2,95,134,5,236,33,0,33,269
01/26/2001,EVV,IN,AGL,CE,Towers with Radar,0,81,56,0,137,0,3,29,0,32,0,84,85,0,169,43,0,43,212
01/27/2001,EVV,IN,AGL,CE,Towers with Radar,0,64,22,2,88,0,1,33,0,34,0,65,55,2,122,134,0,134,256
01/28/2001,EVV,IN,AGL,CE,Towers with Radar,0,49,32,0,81,0,15,35,2,52,0,64,67,2,133,82,0,82,215
01/29/2001,EVV,IN,AGL,CE,Towers with Radar,0,59,39,0,98,2,5,11,0,18,2,64,50,0,116,24,0,24,140
01/30/2001,EVV,IN,AGL,CE,Towers with Radar,2,70,56,2,130,0,1,11,0,12,2,71,67,2,142,56,0,56,198
01/31/2001,EVV,IN,AGL,CE,Towers with Radar,2,76,50,1,129,0,1,16,0,17,2,77,66,1,146,39,0,39,185
02/01/2001,EVV,IN,AGL,CE,Towers with Radar,0,74,60,1,135,0,5,60,0,65,0,79,120,1,200,142,2,144,344
02/02/2001,EVV,IN,AGL,CE,Towers with Radar,0,72,51,0,123,0,2,51,0,53,0,74,102,0,176,26,0,26,202
02/03/2001,EVV,IN,AGL,CE,Towers with Radar,0,52,33,0,85,0,1,64,0,65,0,53,97,0,150,105,0,105,255
02/04/2001,EVV,IN,AGL,CE,Towers with Radar,0,44,27,0,71,0,14,15,0,29,0,58,42,0,100,122,0,122,222
02/05/2001,EVV,IN,AGL,CE,Towers with Radar,0,77,47,0,124,0,0,11,4,15,0,77,58,4,139,67,0,67,206
02/06/2001,EVV,IN,AGL,CE,Towers with Radar,0,75,71,0,146,0,3,40,0,43,0,78,111,0,189,84,0,84,273
02/07/2001,EVV,IN,AGL,CE,Towers with Radar,7,85,55,2,149,0,3,72,0,75,7,88,127,2,224,101,0,101,325
02/08/2001,EVV,IN,AGL,CE,Towers with Radar,0,70,49,0,119,0,3,36,1,40,0,73,85,1,159,83,2,85,244
02/09/2001,EVV,IN,AGL,CE,Towers with Radar,0,71,36,0,107,0,1,9,0,10,0,72,45,0,117,10,0,10,127
02/10/2001,EVV,IN,AGL,CE,Towers with Radar,0,51,14,0,65,0,1,37,0,38,0,52,51,0,103,180,0,180,283
02/11/2001,EVV,IN,AGL,CE,Towers with Radar,0,60,13,2,75,0,4,71,0,75,0,64,84,2,150,102,0,102,252
02/12/2001,EVV,IN,AGL,CE,Towers with Radar,0,74,45,0,119,0,2,12,0,14,0,76,57,0,133,167,0,167,300
02/13/2001,EVV,IN,AGL,CE,Towers with Radar,0,72,56,0,128,0,0,2,0,2,0,72,58,0,130,1,0,1,131
02/14/2001,EVV,IN,AGL,CE,Towers with Radar,0,65,28,0,93,0,0,2,0,2,0,65,30,0,95,16,0,16,111
02/15/2001,EVV,IN,AGL,CE,Towers with Radar,0,79,67,0,146,0,0,2,0,2,0,79,69,0,148,20,0,20,168
02/16/2001,EVV,IN,AGL,CE,Towers with Radar,0,71,35,0,106,0,4,0,0,4,0,75,35,0,110,6,0,6,116
02/17/2001,EVV,IN,AGL,CE,Towers with Radar,0,50,29,0,79,0,13,43,0,56,0,63,72,0,135,117,0,117,252
02/18/2001,EVV,IN,AGL,CE,Towers with Radar,0,46,26,0,72,0,11,72,0,83,0,57,98,0,155,147,0,147,302
02/19/2001,EVV,IN,AGL,CE,Towers with Radar,0,71,50,0,121,0,0,76,0,76,0,71,126,0,197,52,0,52,249
02/20/2001,EVV,IN,AGL,CE,Towers with Radar,0,80,42,0,122,0,0,60,0,60,0,80,102,0,182,91,0,91,273
02/21/2001,EVV,IN,AGL,CE,Towers with Radar,0,77,45,0,122,0,2,49,3,54,0,79,94,3,176,28,0,28,204
02/22/2001,EVV,IN,AGL,CE,Towers with Radar,0,78,71,2,151,0,0,6,0,6,0,78,77,2,157,57,0,57,214
02/23/2001,EVV,IN,AGL,CE,Towers with Radar,0,74,42,0,116,0,0,18,0,18,0,74,60,0,134,45,0,45,179
02/24/2001,EVV,IN,AGL,CE,Towers with Radar,0,58,20,0,78,0,0,8,0,8,0,58,28,0,86,0,0,0,86
02/25/2001,EVV,IN,AGL,CE,Towers with Radar,0,54,17,1,72,0,0,19,1,20,0,54,36,2,92,1,0,1,93
02/26/2001,EVV,IN,AGL,CE,Towers with Radar,0,77,45,0,122,0,0,69,0,69,0,77,114,0,191,120,0,120,311
02/27/2001,EVV,IN,AGL,CE,Towers with Radar,0,88,63,0,151,0,0,39,1,40,0,88,102,1,191,96,0,96,287
02/28/2001,EVV,IN,AGL,CE,Towers with Radar,0,69,50,0,119,0,0,73,3,76,0,69,123,3,195,214,0,214,409
03/01/2001,EVV,IN,AGL,CE,Towers with Radar,0,72,32,0,104,0,4,71,0,75,0,76,103,0,179,110,0,110,289
03/02/2001,EVV,IN,AGL,CE,Towers with Radar,0,72,58,0,130,0,1,24,0,25,0,73,82,0,155,41,0,41,196
03/03/2001,EVV,IN,AGL,CE,Towers with Radar,0,53,30,0,83,0,1,49,0,50,0,54,79,0,133,140,0,140,273
03/04/2001,EVV,IN,AGL,CE,Towers with Radar,0,56,34,0,90,0,1,3,0,4,0,57,37,0,94,12,0,12,106
03/05/2001,EVV,IN,AGL,CE,Towers with Radar,0,75,40,2,117,0,4,33,0,37,0,79,73,2,154,43,0,43,197
03/06/2001,EVV,IN,AGL,CE,Towers with Radar,0,78,46,3,127,0,1,44,3,48,0,79,90,6,175,95,10,105,280
03/07/2001,EVV,IN,AGL,CE,Towers with Radar,0,81,53,0,134,0,4,62,0,66,0,85,115,0,200,69,0,69,269
03/08/2001,EVV,IN,AGL,CE,Towers with Radar,0,76,80,0,156,0,4,32,0,36,0,80,112,0,192,85,0,85,277
03/09/2001,EVV,IN,AGL,CE,Towers with Radar,0,73,47,0,120,0,1,63,1,65,0,74,110,1,185,65,0,65,250
03/10/2001,EVV,IN,AGL,CE,Towers with Radar,0,54,23,0,77,0,2,73,0,75,0,56,96,0,152,145,0,145,297
03/11/2001,EVV,IN,AGL,CE,Towers with Radar,0,28,20,0,48,0,35,78,2,115,0,63,98,2,163,68,2,70,233
03/12/2001,EVV,IN,AGL,CE,Towers with Radar,0,67,46,0,113,0,2,7,0,9,0,69,53,0,122,88,0,88,210
03/13/2001,EVV,IN,AGL,CE,Towers with Radar,0,77,48,0,125,0,3,25,2,30,0,80,73,2,155,44,0,44,199
03/14/2001,EVV,IN,AGL,CE,Towers with Radar,0,80,43,0,123,0,2,90,0,92,0,82,133,0,215,134,0,134,349
03/15/2001,EVV,IN,AGL,CE,Towers with Radar,0,73,51,0,124,0,1,18,0,19,0,74,69,0,143,122,0,122,265
03/16/2001,EVV,IN,AGL,CE,Towers with Radar,0,79,63,0,142,0,1,6,0,7,0,80,69,0,149,22,0,22,171
03/17/2001,EVV,IN,AGL,CE,Towers with Radar,0,56,22,0,78,0,1,36,0,37,0,57,58,0,115,26,0,26,141
03/18/2001,EVV,IN,AGL,CE,Towers with Radar,0,59,31,0,90,0,3,72,0,75,0,62,103,0,165,38,0,38,203
03/19/2001,EVV,IN,AGL,CE,Towers with Radar,0,69,54,7,130,0,1,48,0,49,0,70,102,7,179,50,4,54,233
03/20/2001,EVV,IN,AGL,CE,Towers with Radar,0,71,49,0,120,0,2,48,2,52,0,73,97,2,172,83,0,83,255
03/21/2001,EVV,IN,AGL,CE,Towers with Radar,0,77,38,0,115,0,2,55,1,58,0,79,93,1,173,84,0,84,257
03/22/2001,EVV,IN,AGL,CE,Towers with Radar,0,67,54,0,121,0,1,63,0,64,0,68,117,0,185,81,0,81,266
03/23/2001,EVV,IN,AGL,CE,Towers with Radar,0,75,48,2,125,0,1,53,0,54,0,76,101,2,179,59,17,76,255
03/24/2001,EVV,IN,AGL,CE,Towers with Radar,0,56,33,0,89,0,1,49,0,50,0,57,82,0,139,88,0,88,227
03/25/2001,EVV,IN,AGL,CE,Towers with Radar,0,62,26,0,88,0,0,33,0,33,0,62,59,0,121,14,0,14,135
03/26/2001,EVV,IN,AGL,CE,Towers with Radar,0,60,52,0,112,0,0,52,0,52,0,60,104,0,164,78,0,78,242
03/27/2001,EVV,IN,AGL,CE,Towers with Radar,0,62,47,0,109,0,0,76,0,76,0,62,123,0,185,78,0,78,263
03/28/2001,EVV,IN,AGL,CE,Towers with Radar,0,60,72,0,132,0,0,68,0,68,0,60,140,0,200,59,0,59,259
03/29/2001,EVV,IN,AGL,CE,Towers with Radar,0,67,38,1,106,0,0,14,3,17,0,67,52,4,123,97,0,97,220
03/30/2001,EVV,IN,AGL,CE,Towers with Radar,0,65,72,2,139,0,0,1,0,1,0,65,73,2,140,6,0,6,146
03/31/2001,EVV,IN,AGL,CE,Towers with Radar,0,52,32,0,84,0,1,20,0,21,0,53,52,0,105,10,0,10,115
04/01/2001,EVV,IN,AGL,CE,Towers with Radar,0,4,29,0,33,0,0,30,0,30,0,4,59,0,63,34,0,34,97
04/02/2001,EVV,IN,AGL,CE,Towers with Radar,0,61,63,0,124,0,2,22,0,24,0,63,85,0,148,35,0,35,183
04/03/2001,EVV,IN,AGL,CE,Towers with Radar,0,60,50,0,110,0,1,9,0,10,0,61,59,0,120,30,0,30,150
04/04/2001,EVV,IN,AGL,CE,Towers with Radar,0,65,42,1,108,0,3,54,2,59,0,68,96,3,167,54,0,54,221
04/05/2001,EVV,IN,AGL,CE,Towers with Radar,0,63,60,1,124,2,0,55,0,57,2,63,115,1,181,112,12,124,305
04/06/2001,EVV,IN,AGL,CE,Towers with Radar,0,61,59,0,120,0,0,46,0,46,0,61,105,0,166,56,0,56,222
04/07/2001,EVV,IN,AGL,CE,Towers with Radar,0,43,25,0,68,0,19,0,0,19,0,62,25,0,87,0,4,4,91
04/08/2001,EVV,IN,AGL,CE,Towers with Radar,0,33,25,0,58,0,26,44,0,70,0,59,69,0,128,50,0,50,178
04/09/2001,EVV,IN,AGL,CE,Towers with Radar,0,59,46,0,105,0,2,66,0,68,0,61,112,0,173,124,0,124,297
04/10/2001,EVV,IN,AGL,CE,Towers with Radar,0,66,53,1,120,0,0,20,0,20,0,66,73,1,140,180,0,180,320
04/11/2001,EVV,IN,AGL,CE,Towers with Radar,0,63,56,1,120,0,0,20,0,20,0,63,76,1,140,90,0,90,230
04/12/2001,EVV,IN,AGL,CE,Towers with Radar,0,65,52,1,118,0,0,66,0,66,0,65,118,1,184,22,0,22,206
04/13/2001,EVV,IN,AGL,CE,Towers with Radar,0,59,48,1,108,0,0,59,1,60,0,59,107,2,168,52,0,52,220
04/14/2001,EVV,IN,AGL,CE,Towers with Radar,0,40,32,0,72,0,4,64,0,68,0,44,96,0,140,75,0,75,215
04/15/2001,EVV,IN,AGL,CE,Towers with Radar,0,36,29,0,65,0,15,16,0,31,0,51,45,0,96,0,0,0,96
04/16/2001,EVV,IN,AGL,CE,Towers with Radar,0,61,54,1,116,0,0,41,1,42,0,61,95,2,158,48,0,48,206
04/17/2001,EVV,IN,AGL,CE,Towers with Radar,0,60,58,1,119,0,0,33,1,34,0,60,91,2,153,66,0,66,219
04/18/2001,EVV,IN,AGL,CE,Towers with Radar,0,66,61,1,128,0,0,89,3,92,0,66,150,4,220,106,0,106,326
04/19/2001,EVV,IN,AGL,CE,Towers with Radar,0,71,60,1,132,0,0,81,2,83,0,71,141,3,215,70,0,70,285
04/20/2001,EVV,IN,AGL,CE,Towers with Radar,0,62,53,0,115,0,0,2,0,2,0,62,55,0,117,40,0,40,157
04/21/2001,EVV,IN,AGL,CE,Towers with Radar,0,39,32,0,71,0,16,26,0,42,0,55,58,0,113,24,0,24,137
04/22/2001,EVV,IN,AGL,CE,Towers with Radar,0,47,39,0,86,0,5,50,0,55,0,52,89,0,141,50,0,50,191
04/23/2001,EVV,IN,AGL,CE,Towers with Radar,0,47,39,0,86,0,9,7,0,16,0,56,46,0,102,34,0,34,136
04/24/2001,EVV,IN,AGL,CE,Towers with Radar,0,82,67,0,149,0,8,50,0,58,0,90,117,0,207,160,0,160,367
04/25/2001,EVV,IN,AGL,CE,Towers with Radar,0,74,60,0,134,0,1,52,1,54,0,75,112,1,188,92,0,92,280
04/26/2001,EVV,IN,AGL,CE,Towers with Radar,0,74,61,0,135,0,11,54,0,65,0,85,115,0,200,14,0,14,214
04/27/2001,EVV,IN,AGL,CE,Towers with Radar,0,60,1,0,61,59,33,0,0,92,59,93,1,0,153,42,0,42,195
04/28/2001,EVV,IN,AGL,CE,Towers with Radar,0,40,33,0,73,0,10,52,0,62,0,50,85,0,135,0,0,0,135
04/29/2001,EVV,IN,AGL,CE,Towers with Radar,0,44,37,0,81,0,7,100,3,110,0,51,137,3,191,116,0,116,307
04/30/2001,EVV,IN,AGL,CE,Towers with Radar,0,66,54,0,120,0,6,67,0,73,0,72,121,0,193,190,0,190,383
05/01/2001,EVV,IN,AGL,CE,Towers with Radar,0,67,57,0,124,0,0,59,0,59,0,67,116,0,183,62,0,62,245
05/02/2001,EVV,IN,AGL,CE,Towers with Radar,0,63,59,0,122,0,0,76,0,76,0,63,135,0,198,99,0,99,297
05/03/2001,EVV,IN,AGL,CE,Towers with Radar,0,71,59,2,132,0,0,75,0,75,0,71,134,2,207,42,0,42,249
05/04/2001,EVV,IN,AGL,CE,Towers with Radar,0,62,48,2,112,0,0,48,4,52,0,62,96,6,164,160,10,170,334
05/05/2001,EVV,IN,AGL,CE,Towers with Radar,0,43,33,0,76,0,7,48,0,55,0,50,81,0,131,102,0,102,233
05/06/2001,EVV,IN,AGL,CE,Towers with Radar,0,52,41,1,94,0,3,40,0,43,0,55,81,1,137,26,0,26,163
05/07/2001,EVV,IN,AGL,CE,Towers with Radar,0,61,47,0,108,0,12,15,0,27,0,73,62,0,135,54,0,54,189
05/08/2001,EVV,IN,AGL,CE,Towers with Radar,0,64,54,0,118,0,0,72,0,72,0,64,126,0,190,76,0,76,266
05/09/2001,EVV,IN,AGL,CE,Towers with Radar,0,80,62,2,144,0,2,55,4,61,0,82,117,6,205,124,0,124,329
05/10/2001,EVV,IN,AGL,CE,Towers with Radar,0,80,62,0,142,0,10,45,0,55,0,90,107,0,197,70,0,70,267
05/11/2001,EVV,IN,AGL,CE,Towers with Radar,0,70,54,0,124,0,9,48,0,57,0,79,102,0,181,77,0,77,258
05/12/2001,EVV,IN,AGL,CE,Towers with Radar,0,38,30,0,68,0,20,54,0,74,0,58,84,0,142,32,4,36,178
05/13/2001,EVV,IN,AGL,CE,Towers with Radar,0,46,36,1,83,0,7,40,1,48,0,53,76,2,131,16,0,16,147
05/14/2001,EVV,IN,AGL,CE,Towers with Radar,0,70,61,2,133,0,0,52,0,52,0,70,113,2,185,146,0,146,331
05/15/2001,EVV,IN,AGL,CE,Towers with Radar,0,76,59,0,135,0,11,24,0,35,0,87,83,0,170,86,0,86,256
05/16/2001,EVV,IN,AGL,CE,Towers with Radar,0,76,63,1,140,0,0,35,1,36,0,76,98,2,176,52,0,52,228
05/17/2001,EVV,IN,AGL,CE,Towers with Radar,0,60,52,0,112,0,0,36,0,36,0,60,88,0,148,52,0,52,200
05/18/2001,EVV,IN,AGL,CE,Towers with Radar,0,63,47,1,111,0,6,30,4,40,0,69,77,5,151,110,0,110,261
05/19/2001,EVV,IN,AGL,CE,Towers with Radar,0,42,35,0,77,0,0,27,9,36,0,42,62,9,113,118,0,118,231
05/20/2001,EVV,IN,AGL,CE,Towers with Radar,0,54,40,0,94,0,5,23,2,30,0,59,63,2,124,46,0,46,170
05/21/2001,EVV,IN,AGL,CE,Towers with Radar,0,66,49,0,115,0,9,25,0,34,0,75,74,0,149,80,0,80,229
05/22/2001,EVV,IN,AGL,CE,Towers with Radar,0,76,67,1,144,0,0,47,1,48,0,76,114,2,192,62,0,62,254
05/23/2001,EVV,IN,AGL,CE,Towers with Radar,0,73,61,0,134,0,0,36,0,36,0,73,97,0,170,112,0,112,282
05/24/2001,EVV,IN,AGL,CE,Towers with Radar,0,73,62,1,136,0,0,37,0,37,0,73,99,1,173,88,0,88,261
05/25/2001,EVV,IN,AGL,CE,Towers with Radar,0,63,56,1,120,0,0,27,0,27,0,63,83,1,147,24,0,24,171
05/26/2001,EVV,IN,AGL,CE,Towers with Radar,0,53,29,0,82,0,0,0,0,0,0,53,29,0,82,74,0,74,156
05/27/2001,EVV,IN,AGL,CE,Towers with Radar,0,34,25,0,59,0,11,25,0,36,0,45,50,0,95,70,0,70,165
05/28/2001,EVV,IN,AGL,CE,Towers with Radar,0,46,34,0,80,0,11,43,0,54,0,57,77,0,134,59,0,59,193
05/29/2001,EVV,IN,AGL,CE,Towers with Radar,0,67,51,1,119,0,9,56,3,68,0,76,107,4,187,146,0,146,333
05/30/2001,EVV,IN,AGL,CE,Towers with Radar,0,0,0,0,0,0,0,0,0,0,0,0,0,0,0,0,0,0,0
05/31/2001,EVV,IN,AGL,CE,Towers with Radar,0,0,0,0,0,0,0,0,0,0,0,0,0,0,0,0,0,0,0
06/01/2001,EVV,IN,AGL,CE,Towers with Radar,0,82,61,0,143,0,0,49,0,49,0,82,110,0,192,54,0,54,246
06/02/2001,EVV,IN,AGL,CE,Towers with Radar,0,42,29,0,71,0,8,26,0,34,0,50,55,0,105,16,1,17,122
06/03/2001,EVV,IN,AGL,CE,Towers with Radar,0,47,32,0,79,0,8,47,0,55,0,55,79,0,134,76,0,76,210
06/04/2001,EVV,IN,AGL,CE,Towers with Radar,0,67,46,0,113,0,13,22,0,35,0,80,68,0,148,82,0,82,230
06/05/2001,EVV,IN,AGL,CE,Towers with Radar,1,77,52,0,130,1,4,21,0,26,2,81,73,0,156,78,0,78,234
06/06/2001,EVV,IN,AGL,CE,Towers with Radar,0,59,40,0,99,0,2,23,0,25,0,61,63,0,124,46,0,46,170
06/07/2001,EVV,IN,AGL,CE,Towers with Radar,0,79,65,0,144,0,0,66,0,66,0,79,131,0,210,114,0,114,324
06/08/2001,EVV,IN,AGL,CE,Towers with Radar,1,78,53,0,132,1,1,63,0,65,2,79,116,0,197,162,0,162,359
06/09/2001,EVV,IN,AGL,CE,Towers with Radar,0,43,30,0,73,0,0,180,0,180,0,43,210,0,253,194,0,194,447
06/10/2001,EVV,IN,AGL,CE,Towers with Radar,0,42,29,1,72,0,15,54,5,74,0,57,83,6,146,24,0,24,170
06/11/2001,EVV,IN,AGL,CE,Towers with Radar,0,72,49,1,122,0,2,46,1,49,0,74,95,2,171,90,2,92,263
06/12/2001,EVV,IN,AGL,CE,Towers with Radar,0,66,51,0,117,0,0,32,0,32,0,66,83,0,149,66,0,66,215
06/13/2001,EVV,IN,AGL,CE,Towers with Radar,0,72,55,0,127,0,0,50,0,50,0,72,105,0,177,72,0,72,249
06/14/2001,EVV,IN,AGL,CE,Towers with Radar,0,70,52,0,122,0,0,61,0,61,0,70,113,0,183,54,0,54,237
06/15/2001,EVV,IN,AGL,CE,Towers with Radar,0,70,50,1,121,2,0,21,3,26,2,70,71,4,147,31,0,31,178
06/16/2001,EVV,IN,AGL,CE,Towers with Radar,0,44,30,0,74,0,3,79,0,82,0,47,109,0,156,62,0,62,218
06/17/2001,EVV,IN,AGL,CE,Towers with Radar,0,39,25,0,64,0,18,68,0,86,0,57,93,0,150,4,0,4,154
06/18/2001,EVV,IN,AGL,CE,Towers with Radar,0,72,48,0,120,0,0,16,0,16,0,72,64,0,136,98,0,98,234
06/19/2001,EVV,IN,AGL,CE,Towers with Radar,0,70,51,2,123,0,0,64,0,64,0,70,115,2,187,76,0,76,263
06/20/2001,EVV,IN,AGL,CE,Towers with Radar,0,68,47,0,115,2,0,7,0,9,2,68,54,0,124,10,0,10,134
06/21/2001,EVV,IN,AGL,CE,Towers with Radar,0,70,61,0,131,0,0,26,0,26,0,70,87,0,157,28,0,28,185
06/22/2001,EVV,IN,AGL,CE,Towers with Radar,0,81,62,0,143,0,0,52,0,52,0,81,114,0,195,140,0,140,335
06/23/2001,EVV,IN,AGL,CE,Towers with Radar,0,63,41,0,104,0,37,42,0,79,0,100,83,0,183,54,0,54,237
06/24/2001,EVV,IN,AGL,CE,Towers with Radar,0,62,40,0,102,0,16,42,0,58,0,78,82,0,160,19,0,19,179
06/25/2001,EVV,IN,AGL,CE,Towers with Radar,0,68,44,0,112,0,5,56,0,61,0,73,100,0,173,126,0,126,299
06/26/2001,EVV,IN,AGL,CE,Towers with Radar,0,71,60,0,131,0,0,72,0,72,0,71,132,0,203,158,0,158,361
06/27/2001,EVV,IN,AGL,CE,Towers with Radar,0,83,55,1,139,0,10,53,15,78,0,93,108,16,217,182,20,202,419
06/28/2001,EVV,IN,AGL,CE,Towers with Radar,0,73,52,1,126,0,0,99,5,104,0,73,151,6,230,60,10,70,300
06/29/2001,EVV,IN,AGL,CE,Towers with Radar,0,72,48,0,120,0,0,180,9,189,0,72,228,9,309,102,0,102,411
06/30/2001,EVV,IN,AGL,CE,Towers with Radar,0,53,34,0,87,0,3,341,8,352,0,56,375,8,439,98,18,116,555
07/01/2001,EVV,IN,AGL,CE,Towers with Radar,0,50,36,0,86,0,8,244,0,252,0,58,280,0,338,911,6,917,1255
07/02/2001,EVV,IN,AGL,CE,Towers with Radar,1,57,41,1,100,0,18,62,7,87,1,75,103,8,187,104,0,104,291
07/03/2001,EVV,IN,AGL,CE,Towers with Radar,0,70,50,0,120,0,0,58,0,58,0,70,108,0,178,114,0,114,292
07/04/2001,EVV,IN,AGL,CE,Towers with Radar,0,34,25,0,59,0,16,19,0,35,0,50,44,0,94,46,0,46,140
07/05/2001,EVV,IN,AGL,CE,Towers with Radar,0,65,53,0,118,0,0,60,0,60,0,65,113,0,178,36,0,36,214
07/06/2001,EVV,IN,AGL,CE,Towers with Radar,0,64,46,1,111,0,3,36,3,42,0,67,82,4,153,128,0,128,281
07/07/2001,EVV,IN,AGL,CE,Towers with Radar,1,49,36,0,86,0,0,50,0,50,1,49,86,0,136,97,0,97,233
07/08/2001,EVV,IN,AGL,CE,Towers with Radar,1,49,35,1,86,1,6,24,0,31,2,55,59,1,117,18,0,18,135
07/09/2001,EVV,IN,AGL,CE,Towers with Radar,0,70,50,0,120,0,11,11,0,22,0,81,61,0,142,108,0,108,250
07/10/2001,EVV,IN,AGL,CE,Towers with Radar,0,87,62,3,152,0,6,33,3,42,0,93,95,6,194,96,4,100,294
07/11/2001,EVV,IN,AGL,CE,Towers with Radar,0,71,51,0,122,1,3,60,0,64,1,74,111,0,186,136,0,136,322
07/12/2001,EVV,IN,AGL,CE,Towers with Radar,0,82,61,0,143,0,0,53,0,53,0,82,114,0,196,44,0,44,240
07/13/2001,EVV,IN,AGL,CE,Towers with Radar,0,79,56,3,138,0,3,77,4,84,0,82,133,7,222,146,6,152,374
07/14/2001,EVV,IN,AGL,CE,Towers with Radar,0,48,35,2,85,0,5,59,3,67,0,53,94,5,152,76,0,76,228
07/15/2001,EVV,IN,AGL,CE,Towers with Radar,0,50,34,0,84,0,5,56,0,61,0,55,90,0,145,42,0,42,187
07/16/2001,EVV,IN,AGL,CE,Towers with Radar,0,43,29,1,73,0,32,52,0,84,0,75,81,1,157,118,0,118,275
07/17/2001,EVV,IN,AGL,CE,Towers with Radar,0,78,56,3,137,0,0,40,1,41,0,78,96,4,178,100,4,104,282
07/18/2001,EVV,IN,AGL,CE,Towers with Radar,0,68,47,0,115,0,11,27,0,38,0,79,74,0,153,70,0,70,223
07/19/2001,EVV,IN,AGL,CE,Towers with Radar,0,79,55,0,134,0,15,13,0,28,0,94,68,0,162,156,0,156,318
07/20/2001,EVV,IN,AGL,CE,Towers with Radar,0,74,54,3,131,0,0,20,0,20,0,74,74,3,151,60,0,60,211
07/21/2001,EVV,IN,AGL,CE,Towers with Radar,0,51,37,0,88,0,0,23,0,23,0,51,60,0,111,76,0,76,187
07/22/2001,EVV,IN,AGL,CE,Towers with Radar,0,64,44,1,109,2,0,34,0,36,2,64,78,1,145,10,0,10,155
07/23/2001,EVV,IN,AGL,CE,Towers with Radar,0,72,50,1,123,2,9,37,0,48,2,81,87,1,171,70,0,70,241
07/24/2001,EVV,IN,AGL,CE,Towers with Radar,0,90,63,1,154,0,18,53,0,71,0,108,116,1,225,142,0,142,367
07/25/2001,EVV,IN,AGL,CE,Towers with Radar,0,82,59,2,143,0,0,50,4,54,0,82,109,6,197,64,0,64,261
07/26/2001,EVV,IN,AGL,CE,Towers with Radar,0,84,70,0,154,0,0,15,0,15,0,84,85,0,169,66,0,66,235
07/27/2001,EVV,IN,AGL,CE,Towers with Radar,0,81,69,2,152,0,0,48,0,48,0,81,117,2,200,73,0,73,273
07/28/2001,EVV,IN,AGL,CE,Towers with Radar,0,57,39,1,97,0,5,24,1,30,0,62,63,2,127,91,0,91,218
07/29/2001,EVV,IN,AGL,CE,Towers with Radar,0,58,43,1,102,0,0,35,0,35,0,58,78,1,137,88,0,88,225
07/30/2001,EVV,IN,AGL,CE,Towers with Radar,0,79,56,1,136,0,0,63,0,63,0,79,119,1,199,86,2,88,287
07/31/2001,EVV,IN,AGL,CE,Towers with Radar,0,82,58,2,142,0,0,51,6,57,0,82,109,8,199,80,2,82,281
08/01/2001,EVV,IN,AGL,CE,Towers with Radar,0,88,62,1,151,0,0,58,1,59,0,88,120,2,210,60,0,60,270
08/02/2001,EVV,IN,AGL,CE,Towers with Radar,0,73,55,1,129,0,0,46,0,46,0,73,101,1,175,52,0,52,227
08/03/2001,EVV,IN,AGL,CE,Towers with Radar,0,85,59,1,145,0,0,42,0,42,0,85,101,1,187,44,4,48,235
08/04/2001,EVV,IN,AGL,CE,Towers with Radar,0,56,39,0,95,0,0,48,0,48,0,56,87,0,143,54,0,54,197
08/05/2001,EVV,IN,AGL,CE,Towers with Radar,0,58,40,0,98,0,8,38,0,46,0,66,78,0,144,90,0,90,234
08/06/2001,EVV,IN,AGL,CE,Towers with Radar,0,79,55,0,134,0,4,29,0,33,0,83,84,0,167,52,0,52,219
08/07/2001,EVV,IN,AGL,CE,Towers with Radar,0,94,65,2,161,0,10,80,2,92,0,104,145,4,253,98,0,98,351
08/08/2001,EVV,IN,AGL,CE,Towers with Radar,0,89,61,0,150,2,2,56,0,60,2,91,117,0,210,62,0,62,272
08/09/2001,EVV,IN,AGL,CE,Towers with Radar,0,86,65,2,153,0,0,40,0,40,0,86,105,2,193,102,0,102,295
08/10/2001,EVV,IN,AGL,CE,Towers with Radar,0,80,63,0,143,0,0,1,0,1,0,80,64,0,144,8,0,8,152
08/11/2001,EVV,IN,AGL,CE,Towers with Radar,0,43,30,0,73,0,18,17,0,35,0,61,47,0,108,14,0,14,122
08/12/2001,EVV,IN,AGL,CE,Towers with Radar,0,60,41,0,101,0,17,47,0,64,0,77,88,0,165,144,0,144,309
08/13/2001,EVV,IN,AGL,CE,Towers with Radar,0,68,47,0,115,0,17,26,0,43,0,85,73,0,158,78,0,78,236
08/14/2001,EVV,IN,AGL,CE,Towers with Radar,0,91,20,0,111,0,5,0,0,5,0,96,20,0,116,84,0,84,200
08/15/2001,EVV,IN,AGL,CE,Towers with Radar,0,100,71,2,173,0,0,89,1,90,0,100,160,3,263,122,0,122,385
08/16/2001,EVV,IN,AGL,CE,Towers with Radar,0,73,63,1,137,0,0,64,1,65,0,73,127,2,202,46,2,48,250
08/17/2001,EVV,IN,AGL,CE,Towers with Radar,0,88,60,0,148,0,0,57,0,57,0,88,117,0,205,86,0,86,291
08/18/2001,EVV,IN,AGL,CE,Towers with Radar,0,48,32,0,80,0,15,5,1,21,0,63,37,1,101,92,0,92,193
08/19/2001,EVV,IN,AGL,CE,Towers with Radar,0,68,45,0,113,0,13,40,12,65,0,81,85,12,178,188,0,188,366
08/20/2001,EVV,IN,AGL,CE,Towers with Radar,0,77,51,1,129,0,7,71,1,79,0,84,122,2,208,146,0,146,354
08/21/2001,EVV,IN,AGL,CE,Towers with Radar,0,90,64,1,155,0,0,73,6,79,0,90,137,7,234,86,6,92,326
08/22/2001,EVV,IN,AGL,CE,Towers with Radar,0,100,67,0,167,0,6,36,0,42,0,106,103,0,209,136,0,136,345
08/23/2001,EVV,IN,AGL,CE,Towers with Radar,0,93,67,1,161,0,0,44,1,45,0,93,111,2,206,148,0,148,354
08/24/2001,EVV,IN,AGL,CE,Towers with Radar,0,77,51,0,128,0,6,31,0,37,0,83,82,0,165,102,0,102,267
08/25/2001,EVV,IN,AGL,CE,Towers with Radar,0,50,33,0,83,0,9,8,0,17,0,59,41,0,100,22,0,22,122
08/26/2001,EVV,IN,AGL,CE,Towers with Radar,0,51,33,0,84,0,17,26,0,43,0,68,59,0,127,86,0,86,213
08/27/2001,EVV,IN,AGL,CE,Towers with Radar,0,72,57,0,129,0,0,56,0,56,0,72,113,0,185,38,0,38,223
08/28/2001,EVV,IN,AGL,CE,Towers with Radar,0,95,66,1,162,1,0,59,0,60,1,95,125,1,222,86,0,86,308
08/29/2001,EVV,IN,AGL,CE,Towers with Radar,0,95,64,0,159,0,8,74,0,82,0,103,138,0,241,112,0,112,353
08/30/2001,EVV,IN,AGL,CE,Towers with Radar,0,73,55,0,128,0,0,59,0,59,0,73,114,0,187,79,0,79,266
08/31/2001,EVV,IN,AGL,CE,Towers with Radar,0,76,56,0,132,0,0,30,0,30,0,76,86,0,162,66,0,66,228
09/01/2001,EVV,IN,AGL,CE,Towers with Radar,0,60,29,1,90,0,0,48,1,49,0,60,77,2,139,56,2,58,197
09/02/2001,EVV,IN,AGL,CE,Towers with Radar,0,41,29,0,70,0,12,32,0,44,0,53,61,0,114,74,0,74,188
09/03/2001,EVV,IN,AGL,CE,Towers with Radar,0,75,42,0,117,0,0,31,0,31,0,75,73,0,148,56,0,56,204
09/04/2001,EVV,IN,AGL,CE,Towers with Radar,0,95,56,0,151,0,2,35,0,37,0,97,91,0,188,102,0,102,290
09/05/2001,EVV,IN,AGL,CE,Towers with Radar,0,90,66,1,157,0,0,71,4,75,0,90,137,5,232,132,0,132,364
09/06/2001,EVV,IN,AGL,CE,Towers with Radar,0,85,86,1,172,0,0,41,2,43,0,85,127,3,215,24,0,24,239
09/07/2001,EVV,IN,AGL,CE,Towers with Radar,0,74,40,0,114,0,0,31,0,31,0,74,71,0,145,44,0,44,189
09/08/2001,EVV,IN,AGL,CE,Towers with Radar,0,57,8,4,69,0,0,26,0,26,0,57,34,4,95,12,0,12,107
09/09/2001,EVV,IN,AGL,CE,Towers with Radar,0,53,44,0,97,0,0,8,0,8,0,53,52,0,105,8,0,8,113
09/10/2001,EVV,IN,AGL,CE,Towers with Radar,0,87,48,0,135,0,1,52,0,53,0,88,100,0,188,122,0,122,310
09/11/2001,EVV,IN,AGL,CE,Towers with Radar,0,18,16,0,34,0,0,9,0,9,0,18,25,0,43,2,0,2,45
09/12/2001,EVV,IN,AGL,CE,Towers with Radar,0,1,0,0,1,0,4,0,0,4,0,5,0,0,5,0,0,0,5
09/13/2001,EVV,IN,AGL,CE,Towers with Radar,0,28,0,0,28,0,5,0,0,5,0,33,0,0,33,0,0,0,33
09/14/2001,EVV,IN,AGL,CE,Towers with Radar,0,86,7,0,93,0,3,0,0,3,0,89,7,0,96,0,0,0,96
09/15/2001,EVV,IN,AGL,CE,Towers with Radar,0,55,53,0,108,0,2,2,0,4,0,57,55,0,112,0,0,0,112
09/16/2001,EVV,IN,AGL,CE,Towers with Radar,0,56,32,2,90,0,0,0,0,0,0,56,32,2,90,0,0,0,90
09/17/2001,EVV,IN,AGL,CE,Towers with Radar,0,87,45,0,132,0,15,0,2,17,0,102,45,2,149,0,0,0,149
09/18/2001,EVV,IN,AGL,CE,Towers with Radar,0,66,58,0,124,0,1,1,0,2,0,67,59,0,126,2,0,2,128
09/19/2001,EVV,IN,AGL,CE,Towers with Radar,0,85,62,0,147,0,8,25,0,33,0,93,87,0,180,16,0,16,196
09/20/2001,EVV,IN,AGL,CE,Towers with Radar,0,78,59,0,137,0,0,15,0,15,0,78,74,0,152,14,0,14,166
09/21/2001,EVV,IN,AGL,CE,Towers with Radar,0,65,54,0,119,0,0,26,0,26,0,65,80,0,145,26,0,26,171
09/22/2001,EVV,IN,AGL,CE,Towers with Radar,2,52,60,0,114,0,0,55,0,55,2,52,115,0,169,76,0,76,245
09/23/2001,EVV,IN,AGL,CE,Towers with Radar,0,60,32,2,94,0,0,31,0,31,0,60,63,2,125,24,0,24,149
09/24/2001,EVV,IN,AGL,CE,Towers with Radar,0,79,54,0,133,0,1,23,0,24,0,80,77,0,157,42,0,42,199
09/25/2001,EVV,IN,AGL,CE,Towers with Radar,2,71,76,0,149,0,4,39,0,43,2,75,115,0,192,84,8,92,284
09/26/2001,EVV,IN,AGL,CE,Towers with Radar,0,74,83,0,157,0,0,76,0,76,0,74,159,0,233,154,0,154,387
09/27/2001,EVV,IN,AGL,CE,Towers with Radar,0,72,96,0,168,0,3,66,0,69,0,75,162,0,237,30,2,32,269
09/28/2001,EVV,IN,AGL,CE,Towers with Radar,0,75,65,0,140,0,0,40,0,40,0,75,105,0,180,118,4,122,302
09/29/2001,EVV,IN,AGL,CE,Towers with Radar,0,44,24,0,68,0,2,62,0,64,0,46,86,0,132,84,0,84,216
09/30/2001,EVV,IN,AGL,CE,Towers with Radar,0,57,46,1,104,0,0,88,0,88,0,57,134,1,192,34,4,38,230
10/01/2001,EVV,IN,AGL,CE,Towers with Radar,0,73,53,4,130,0,0,47,0,47,0,73,100,4,177,116,0,116,293
10/02/2001,EVV,IN,AGL,CE,Towers with Radar,0,80,78,0,158,0,0,67,0,67,0,80,145,0,225,103,0,103,328
10/03/2001,EVV,IN,AGL,CE,Towers with Radar,0,79,65,0,144,0,0,44,0,44,0,79,109,0,188,88,0,88,276
10/04/2001,EVV,IN,AGL,CE,Towers with Radar,0,75,48,0,123,0,0,39,0,39,0,75,87,0,162,110,0,110,272
10/05/2001,EVV,IN,AGL,CE,Towers with Radar,0,75,45,0,120,0,0,3,0,3,0,75,48,0,123,0,0,0,123
10/06/2001,EVV,IN,AGL,CE,Towers with Radar,0,50,31,1,82,0,1,68,0,69,0,51,99,1,151,128,0,128,279
10/07/2001,EVV,IN,AGL,CE,Towers with Radar,0,61,39,0,100,0,0,54,0,54,0,61,93,0,154,70,0,70,224
10/08/2001,EVV,IN,AGL,CE,Towers with Radar,0,71,41,0,112,0,0,53,1,54,0,71,94,1,166,60,0,60,226
10/09/2001,EVV,IN,AGL,CE,Towers with Radar,0,96,66,0,162,0,7,60,0,67,0,103,126,0,229,118,0,118,347
10/10/2001,EVV,IN,AGL,CE,Towers with Radar,0,74,56,0,130,0,0,13,0,13,0,74,69,0,143,88,0,88,231
10/11/2001,EVV,IN,AGL,CE,Towers with Radar,0,74,64,0,138,0,3,9,0,12,0,77,73,0,150,46,0,46,196
10/12/2001,EVV,IN,AGL,CE,Towers with Radar,0,78,55,0,133,0,0,32,0,32,0,78,87,0,165,96,0,96,261
10/13/2001,EVV,IN,AGL,CE,Towers with Radar,0,52,29,0,81,0,0,4,0,4,0,52,33,0,85,10,0,10,95
10/14/2001,EVV,IN,AGL,CE,Towers with Radar,0,50,38,0,88,0,0,15,0,15,0,50,53,0,103,32,0,32,135
10/15/2001,EVV,IN,AGL,CE,Towers with Radar,0,72,49,0,121,0,0,37,0,37,0,72,86,0,158,40,0,40,198
10/16/2001,EVV,IN,AGL,CE,Towers with Radar,2,74,48,0,124,0,0,18,0,18,2,74,66,0,142,42,0,42,184
10/17/2001,EVV,IN,AGL,CE,Towers with Radar,0,75,80,2,157,0,1,49,0,50,0,76,129,2,207,84,0,84,291
10/18/2001,EVV,IN,AGL,CE,Towers with Radar,0,78,52,0,130,0,1,47,0,48,0,79,99,0,178,66,0,66,244
10/19/2001,EVV,IN,AGL,CE,Towers with Radar,2,72,50,0,124,0,0,77,0,77,2,72,127,0,201,80,0,80,281
10/20/2001,EVV,IN,AGL,CE,Towers with Radar,0,54,22,0,76,0,3,94,0,97,0,57,116,0,173,152,0,152,325
10/21/2001,EVV,IN,AGL,CE,Towers with Radar,0,59,43,0,102,0,0,51,0,51,0,59,94,0,153,82,0,82,235
10/22/2001,EVV,IN,AGL,CE,Towers with Radar,0,84,55,0,139,0,0,57,0,57,0,84,112,0,196,42,0,42,238
10/23/2001,EVV,IN,AGL,CE,Towers with Radar,0,80,47,0,127,0,0,6,0,6,0,80,53,0,133,28,0,28,161
10/24/2001,EVV,IN,AGL,CE,Towers with Radar,0,64,45,0,109,2,2,26,0,30,2,66,71,0,139,28,0,28,167
10/25/2001,EVV,IN,AGL,CE,Towers with Radar,0,84,46,2,132,0,0,31,0,31,0,84,77,2,163,26,0,26,189
10/26/2001,EVV,IN,AGL,CE,Towers with Radar,0,62,44,0,106,0,11,42,0,53,0,73,86,0,159,32,0,32,191
10/27/2001,EVV,IN,AGL,CE,Towers with Radar,0,48,16,1,65,0,1,51,0,52,0,49,67,1,117,76,0,76,193
10/28/2001,EVV,IN,AGL,CE,Towers with Radar,1,64,23,0,88,0,3,47,0,50,1,67,70,0,138,26,0,26,164
10/29/2001,EVV,IN,AGL,CE,Towers with Radar,1,77,40,2,120,0,1,36,0,37,1,78,76,2,157,90,0,90,247
10/30/2001,EVV,IN,AGL,CE,Towers with Radar,0,76,69,0,145,0,0,28,0,28,0,76,97,0,173,62,0,62,235
10/31/2001,EVV,IN,AGL,CE,Towers with Radar,0,82,85,0,167,0,2,41,0,43,0,84,126,0,210,76,0,76,286
11/01/2001,EVV,IN,AGL,CE,Towers with Radar,0,88,53,0,141,0,0,37,0,37,0,88,90,0,178,0,0,0,178
11/02/2001,EVV,IN,AGL,CE,Towers with Radar,0,85,58,0,143,0,1,27,0,28,0,86,85,0,171,75,0,75,246
11/03/2001,EVV,IN,AGL,CE,Towers with Radar,0,48,30,0,78,0,0,77,0,77,0,48,107,0,155,168,0,168,323
11/04/2001,EVV,IN,AGL,CE,Towers with Radar,0,53,31,0,84,0,9,61,0,70,0,62,92,0,154,46,0,46,200
11/05/2001,EVV,IN,AGL,CE,Towers with Radar,0,78,45,0,123,0,6,50,0,56,0,84,95,0,179,85,0,85,264
11/06/2001,EVV,IN,AGL,CE,Towers with Radar,0,83,51,0,134,0,0,56,0,56,0,83,107,0,190,122,0,122,312
11/07/2001,EVV,IN,AGL,CE,Towers with Radar,0,77,48,0,125,0,0,94,0,94,0,77,142,0,219,78,0,78,297
11/08/2001,EVV,IN,AGL,CE,Towers with Radar,0,79,55,0,134,0,0,52,0,52,0,79,107,0,186,36,0,36,222
11/09/2001,EVV,IN,AGL,CE,Towers with Radar,0,69,40,0,109,0,10,45,0,55,0,79,85,0,164,36,2,38,202
11/10/2001,EVV,IN,AGL,CE,Towers with Radar,0,40,23,0,63,0,6,54,0,60,0,46,77,0,123,84,0,84,207
11/11/2001,EVV,IN,AGL,CE,Towers with Radar,0,57,32,0,89,0,3,50,0,53,0,60,82,0,142,94,0,94,236
11/12/2001,EVV,IN,AGL,CE,Towers with Radar,0,74,43,0,117,0,2,50,0,52,0,76,93,0,169,92,0,92,261
11/13/2001,EVV,IN,AGL,CE,Towers with Radar,0,88,60,0,148,0,0,66,0,66,0,88,126,0,214,72,0,72,286
11/14/2001,EVV,IN,AGL,CE,Towers with Radar,0,91,69,0,160,0,0,55,7,62,0,91,124,7,222,102,0,102,324
11/15/2001,EVV,IN,AGL,CE,Towers with Radar,0,74,56,0,130,0,0,86,0,86,0,74,142,0,216,18,0,18,234
11/16/2001,EVV,IN,AGL,CE,Towers with Radar,0,79,47,0,126,0,4,52,0,56,0,83,99,0,182,108,0,108,290
11/17/2001,EVV,IN,AGL,CE,Towers with Radar,0,48,30,0,78,0,0,41,0,41,0,48,71,0,119,14,0,14,133
11/18/2001,EVV,IN,AGL,CE,Towers with Radar,0,58,35,0,93,0,3,50,0,53,0,61,85,0,146,38,0,38,184
11/19/2001,EVV,IN,AGL,CE,Towers with Radar,0,75,45,0,120,0,3,10,2,15,0,78,55,2,135,113,0,113,248
11/20/2001,EVV,IN,AGL,CE,Towers with Radar,0,81,50,0,131,0,0,102,0,102,0,81,152,0,233,190,0,190,423
11/21/2001,EVV,IN,AGL,CE,Towers with Radar,0,71,44,0,115,0,0,61,0,61,0,71,105,0,176,74,0,74,250
11/22/2001,EVV,IN,AGL,CE,Towers with Radar,0,34,21,0,55,0,14,42,0,56,0,48,63,0,111,18,0,18,129
11/23/2001,EVV,IN,AGL,CE,Towers with Radar,0,37,23,0,60,0,10,22,0,32,0,47,45,0,92,18,0,18,110
11/24/2001,EVV,IN,AGL,CE,Towers with Radar,0,32,19,0,51,2,16,1,0,19,2,48,20,0,70,6,0,6,76
11/25/2001,EVV,IN,AGL,CE,Towers with Radar,0,59,42,0,101,0,0,48,0,48,0,59,90,0,149,38,0,38,187
11/26/2001,EVV,IN,AGL,CE,Towers with Radar,0,61,37,0,98,0,18,18,0,36,0,79,55,0,134,112,0,112,246
11/27/2001,EVV,IN,AGL,CE,Towers with Radar,0,78,47,0,125,2,2,24,0,28,2,80,71,0,153,10,0,10,163
11/28/2001,EVV,IN,AGL,CE,Towers with Radar,0,70,39,0,109,0,18,0,0,18,0,88,39,0,127,0,0,0,127
11/29/2001,EVV,IN,AGL,CE,Towers with Radar,0,83,53,0,136,0,0,19,0,19,0,83,72,0,155,6,0,6,161
11/30/2001,EVV,IN,AGL,CE,Towers with Radar,0,77,47,0,124,0,0,2,0,2,0,77,49,0,126,52,0,52,178
12/01/2001,EVV,IN,AGL,CE,Towers with Radar,0,55,16,0,71,0,0,52,0,52,0,55,68,0,123,50,0,50,173
12/02/2001,EVV,IN,AGL,CE,Towers with Radar,0,56,25,0,81,0,0,79,0,79,0,56,104,0,160,42,0,42,202
12/03/2001,EVV,IN,AGL,CE,Towers with Radar,0,69,47,0,116,0,0,10,0,10,0,69,57,0,126,64,0,64,190
12/04/2001,EVV,IN,AGL,CE,Towers with Radar,0,71,32,1,104,0,0,37,3,40,0,71,69,4,144,56,0,56,200
12/05/2001,EVV,IN,AGL,CE,Towers with Radar,0,76,66,6,148,0,0,45,0,45,0,76,111,6,193,118,0,118,311
12/06/2001,EVV,IN,AGL,CE,Towers with Radar,0,75,77,0,152,0,0,2,0,2,0,75,79,0,154,8,0,8,162
12/07/2001,EVV,IN,AGL,CE,Towers with Radar,2,76,82,1,161,0,1,26,0,27,2,77,108,1,188,66,0,66,254
12/08/2001,EVV,IN,AGL,CE,Towers with Radar,0,51,34,0,85,1,0,13,0,14,1,51,47,0,99,44,0,44,143
12/09/2001,EVV,IN,AGL,CE,Towers with Radar,0,55,24,0,79,0,0,66,0,66,0,55,90,0,145,60,0,60,205
12/10/2001,EVV,IN,AGL,CE,Towers with Radar,0,83,32,0,115,0,0,58,0,58,0,83,90,0,173,66,0,66,239
12/11/2001,EVV,IN,AGL,CE,Towers with Radar,0,84,63,0,147,0,0,43,0,43,0,84,106,0,190,92,0,92,282
12/12/2001,EVV,IN,AGL,CE,Towers with Radar,0,78,38,0,116,0,0,0,0,0,0,78,38,0,116,6,0,6,122
12/13/2001,EVV,IN,AGL,CE,Towers with Radar,0,72,78,0,150,0,1,10,0,11,0,73,88,0,161,4,0,4,165
12/14/2001,EVV,IN,AGL,CE,Towers with Radar,0,66,60,0,126,0,1,6,0,7,0,67,66,0,133,32,0,32,165
12/15/2001,EVV,IN,AGL,CE,Towers with Radar,0,41,38,0,79,0,0,39,0,39,0,41,77,0,118,72,0,72,190
12/16/2001,EVV,IN,AGL,CE,Towers with Radar,0,46,22,0,68,0,4,11,0,15,0,50,33,0,83,0,0,0,83
12/17/2001,EVV,IN,AGL,CE,Towers with Radar,0,70,57,2,129,0,0,0,0,0,0,70,57,2,129,10,0,10,139
12/18/2001,EVV,IN,AGL,CE,Towers with Radar,0,81,77,0,158,0,0,59,0,59,0,81,136,0,217,112,0,112,329
12/19/2001,EVV,IN,AGL,CE,Towers with Radar,0,73,59,0,132,0,1,21,2,24,0,74,80,2,156,96,0,96,252
12/20/2001,EVV,IN,AGL,CE,Towers with Radar,0,70,34,5,109,0,0,65,0,65,0,70,99,5,174,86,0,86,260
12/21/2001,EVV,IN,AGL,CE,Towers with Radar,0,71,35,0,106,0,0,54,0,54,0,71,89,0,160,86,0,86,246
12/22/2001,EVV,IN,AGL,CE,Towers with Radar,0,50,24,0,74,0,0,17,0,17,0,50,41,0,91,16,0,16,107
12/23/2001,EVV,IN,AGL,CE,Towers with Radar,0,44,23,0,67,0,0,23,0,23,0,44,46,0,90,46,0,46,136
12/24/2001,EVV,IN,AGL,CE,Towers with Radar,0,53,20,0,73,0,4,18,0,22,0,57,38,0,95,46,0,46,141
12/25/2001,EVV,IN,AGL,CE,Towers with Radar,0,51,20,0,71,0,0,15,0,15,0,51,35,0,86,6,0,6,92
12/26/2001,EVV,IN,AGL,CE,Towers with Radar,0,68,22,2,92,0,0,28,0,28,0,68,50,2,120,14,0,14,134
12/27/2001,EVV,IN,AGL,CE,Towers with Radar,0,65,14,0,79,0,0,39,0,39,0,65,53,0,118,30,1,31,149
12/28/2001,EVV,IN,AGL,CE,Towers with Radar,0,53,33,0,86,0,2,30,2,34,0,55,63,2,120,52,0,52,172
12/29/2001,EVV,IN,AGL,CE,Towers with Radar,0,32,20,0,52,0,9,6,0,15,0,41,26,0,67,40,0,40,107
12/30/2001,EVV,IN,AGL,CE,Towers with Radar,0,41,26,0,67,0,10,24,0,34,0,51,50,0,101,52,0,52,153
12/31/2001,EVV,IN,AGL,CE,Towers with Radar,0,41,26,0,67,0,19,8,0,27,0,60,34,0,94,50,0,50,144
01/01/2002,EVV,IN,AGL,CE,Towers with Radar,0,51,21,0,72,0,2,26,0,28,0,53,47,0,100,12,0,12,112
01/02/2002,EVV,IN,AGL,CE,Towers with Radar,0,63,26,1,90,0,0,25,1,26,0,63,51,2,116,100,0,100,216
01/03/2002,EVV,IN,AGL,CE,Towers with Radar,0,74,56,0,130,0,1,42,0,43,0,75,98,0,173,80,0,80,253
01/04/2002,EVV,IN,AGL,CE,Towers with Radar,0,67,27,1,95,0,0,35,0,35,0,67,62,1,130,54,0,54,184
01/05/2002,EVV,IN,AGL,CE,Towers with Radar,0,44,23,2,69,0,1,29,0,30,0,45,52,2,99,70,0,70,169
01/06/2002,EVV,IN,AGL,CE,Towers with Radar,0,44,5,2,51,0,1,1,0,2,0,45,6,2,53,0,0,0,53
01/07/2002,EVV,IN,AGL,CE,Towers with Radar,0,66,37,0,103,0,0,17,0,17,0,66,54,0,120,54,0,54,174
01/08/2002,EVV,IN,AGL,CE,Towers with Radar,2,77,63,0,142,0,0,47,0,47,2,77,110,0,189,68,0,68,257
01/09/2002,EVV,IN,AGL,CE,Towers with Radar,1,70,49,0,120,0,0,35,1,36,1,70,84,1,156,188,0,188,344
01/10/2002,EVV,IN,AGL,CE,Towers with Radar,0,70,60,1,131,0,1,12,0,13,0,71,72,1,144,64,0,64,208
01/11/2002,EVV,IN,AGL,CE,Towers with Radar,2,70,28,0,100,0,0,58,0,58,2,70,86,0,158,116,0,116,274
01/12/2002,EVV,IN,AGL,CE,Towers with Radar,0,46,25,0,71,0,0,54,0,54,0,46,79,0,125,104,0,104,229
01/13/2002,EVV,IN,AGL,CE,Towers with Radar,0,59,40,0,99,0,0,54,0,54,0,59,94,0,153,70,0,70,223
01/14/2002,EVV,IN,AGL,CE,Towers with Radar,0,78,14,1,93,0,0,30,0,30,0,78,44,1,123,78,0,78,201
01/15/2002,EVV,IN,AGL,CE,Towers with Radar,0,70,52,0,122,0,2,50,4,56,0,72,102,4,178,120,0,120,298
01/16/2002,EVV,IN,AGL,CE,Towers with Radar,2,72,63,0,137,0,0,52,0,52,2,72,115,0,189,94,0,94,283
01/17/2002,EVV,IN,AGL,CE,Towers with Radar,2,68,54,0,124,0,0,39,2,41,2,68,93,2,165,78,0,78,243
01/18/2002,EVV,IN,AGL,CE,Towers with Radar,0,71,41,0,112,0,0,40,1,41,0,71,81,1,153,2,0,2,155
01/19/2002,EVV,IN,AGL,CE,Towers with Radar,0,49,34,0,83,0,0,6,0,6,0,49,40,0,89,18,0,18,107
01/20/2002,EVV,IN,AGL,CE,Towers with Radar,0,54,27,0,81,0,0,4,0,4,0,54,31,0,85,24,0,24,109
01/21/2002,EVV,IN,AGL,CE,Towers with Radar,0,66,44,0,110,0,0,43,0,43,0,66,87,0,153,66,0,66,219
01/22/2002,EVV,IN,AGL,CE,Towers with Radar,0,70,45,0,115,0,0,37,0,37,0,70,82,0,152,36,0,36,188
01/23/2002,EVV,IN,AGL,CE,Towers with Radar,0,79,81,0,160,0,3,5,2,10,0,82,86,2,170,60,0,60,230
01/24/2002,EVV,IN,AGL,CE,Towers with Radar,0,68,67,2,137,0,0,21,0,21,0,68,88,2,158,122,0,122,280
01/25/2002,EVV,IN,AGL,CE,Towers with Radar,0,76,61,1,138,0,2,79,3,84,0,78,140,4,222,86,0,86,308
01/26/2002,EVV,IN,AGL,CE,Towers with Radar,0,53,41,0,94,0,0,103,0,103,0,53,144,0,197,96,0,96,293
01/27/2002,EVV,IN,AGL,CE,Towers with Radar,0,47,31,0,78,0,11,56,0,67,0,58,87,0,145,42,0,42,187
01/28/2002,EVV,IN,AGL,CE,Towers with Radar,0,75,31,0,106,0,9,68,0,77,0,84,99,0,183,108,0,108,291
01/29/2002,EVV,IN,AGL,CE,Towers with Radar,0,71,53,0,124,0,0,22,0,22,0,71,75,0,146,130,0,130,276
01/30/2002,EVV,IN,AGL,CE,Towers with Radar,0,66,53,0,119,0,0,0,0,0,0,66,53,0,119,18,0,18,137
01/31/2002,EVV,IN,AGL,CE,Towers with Radar,0,65,51,0,116,0,0,1,0,1,0,65,52,0,117,18,0,18,135
02/01/2002,EVV,IN,AGL,CE,Towers with Radar,0,65,32,0,97,0,2,20,0,22,0,67,52,0,119,72,0,72,191
02/02/2002,EVV,IN,AGL,CE,Towers with Radar,0,35,24,0,59,0,13,79,0,92,0,48,103,0,151,84,0,84,235
02/03/2002,EVV,IN,AGL,CE,Towers with Radar,0,60,29,0,89,0,1,67,0,68,0,61,96,0,157,62,0,62,219
02/04/2002,EVV,IN,AGL,CE,Towers with Radar,0,68,46,0,114,0,0,57,0,57,0,68,103,0,171,50,0,50,221
02/05/2002,EVV,IN,AGL,CE,Towers with Radar,0,89,57,0,146,0,1,48,0,49,0,90,105,0,195,136,0,136,331
02/06/2002,EVV,IN,AGL,CE,Towers with Radar,0,4,10,0,14,0,0,0,0,0,0,4,10,0,14,2,0,2,16
02/07/2002,EVV,IN,AGL,CE,Towers with Radar,0,80,57,0,137,0,0,75,0,75,0,80,132,0,212,74,0,74,286
02/08/2002,EVV,IN,AGL,CE,Towers with Radar,0,67,51,2,120,0,0,59,7,66,0,67,110,9,186,65,0,65,251
02/09/2002,EVV,IN,AGL,CE,Towers with Radar,0,45,29,1,75,0,4,65,1,70,0,49,94,2,145,118,0,118,263
02/10/2002,EVV,IN,AGL,CE,Towers with Radar,0,40,26,0,66,0,12,1,0,13,0,52,27,0,79,30,0,30,109
02/11/2002,EVV,IN,AGL,CE,Towers with Radar,0,64,41,0,105,0,2,37,0,39,0,66,78,0,144,64,0,64,208
02/12/2002,EVV,IN,AGL,CE,Towers with Radar,0,64,41,2,107,0,7,57,7,71,0,71,98,9,178,70,0,70,248
02/13/2002,EVV,IN,AGL,CE,Towers with Radar,0,72,52,1,125,0,0,61,0,61,0,72,113,1,186,82,0,82,268
02/14/2002,EVV,IN,AGL,CE,Towers with Radar,0,83,53,2,138,0,3,55,0,58,0,86,108,2,196,36,0,36,232
02/15/2002,EVV,IN,AGL,CE,Towers with Radar,0,68,44,1,113,0,0,49,3,52,0,68,93,4,165,86,0,86,251
02/16/2002,EVV,IN,AGL,CE,Towers with Radar,0,58,38,1,97,0,4,62,2,68,0,62,100,3,165,98,0,98,263
02/17/2002,EVV,IN,AGL,CE,Towers with Radar,0,50,33,0,83,0,3,51,0,54,0,53,84,0,137,114,0,114,251
02/18/2002,EVV,IN,AGL,CE,Towers with Radar,0,76,49,0,125,0,4,90,0,94,0,80,139,0,219,84,0,84,303
02/19/2002,EVV,IN,AGL,CE,Towers with Radar,0,73,52,0,125,0,0,22,0,22,0,73,74,0,147,12,0,12,159
02/20/2002,EVV,IN,AGL,CE,Towers with Radar,0,76,49,0,125,0,12,17,0,29,0,88,66,0,154,54,0,54,208
02/21/2002,EVV,IN,AGL,CE,Towers with Radar,0,1,48,1,50,0,0,20,76,96,0,1,68,77,146,98,0,98,244
02/22/2002,EVV,IN,AGL,CE,Towers with Radar,0,66,50,0,116,0,0,43,0,43,0,66,93,0,159,56,0,56,215
02/23/2002,EVV,IN,AGL,CE,Towers with Radar,0,47,33,0,80,0,0,55,5,60,0,47,88,5,140,122,0,122,262
02/24/2002,EVV,IN,AGL,CE,Towers with Radar,0,48,31,0,79,0,10,67,2,79,0,58,98,2,158,42,0,42,200
02/25/2002,EVV,IN,AGL,CE,Towers with Radar,0,66,42,0,108,0,3,0,0,3,0,69,42,0,111,20,0,20,131
02/26/2002,EVV,IN,AGL,CE,Towers with Radar,0,60,37,0,97,0,16,0,0,16,0,76,37,0,113,28,0,28,141
02/27/2002,EVV,IN,AGL,CE,Towers with Radar,0,74,47,0,121,0,12,31,0,43,0,86,78,0,164,18,0,18,182
02/28/2002,EVV,IN,AGL,CE,Towers with Radar,0,70,53,0,123,0,0,46,0,46,0,70,99,0,169,120,0,120,289
03/01/2002,EVV,IN,AGL,CE,Towers with Radar,0,67,56,0,123,2,2,45,0,49,2,69,101,0,172,100,0,100,272
03/02/2002,EVV,IN,AGL,CE,Towers with Radar,0,25,23,0,48,0,15,2,2,19,0,40,25,2,67,16,0,16,83
03/03/2002,EVV,IN,AGL,CE,Towers with Radar,0,47,37,0,84,0,3,11,0,14,0,50,48,0,98,8,0,8,106
03/04/2002,EVV,IN,AGL,CE,Towers with Radar,0,62,41,0,103,0,3,46,0,49,0,65,87,0,152,106,0,106,258
03/05/2002,EVV,IN,AGL,CE,Towers with Radar,0,74,39,0,113,0,3,59,2,64,0,77,98,2,177,106,0,106,283
03/06/2002,EVV,IN,AGL,CE,Towers with Radar,0,71,68,0,139,0,0,70,0,70,0,71,138,0,209,98,0,98,307
03/07/2002,EVV,IN,AGL,CE,Towers with Radar,0,61,53,0,114,0,0,46,0,46,0,61,99,0,160,84,0,84,244
03/08/2002,EVV,IN,AGL,CE,Towers with Radar,0,68,45,0,113,0,3,35,0,38,0,71,80,0,151,54,0,54,205
03/09/2002,EVV,IN,AGL,CE,Towers with Radar,0,36,9,0,45,0,2,1,0,3,0,38,10,0,48,0,0,0,48
03/10/2002,EVV,IN,AGL,CE,Towers with Radar,0,51,43,0,94,0,0,35,3,38,0,51,78,3,132,82,0,82,214
03/11/2002,EVV,IN,AGL,CE,Towers with Radar,0,66,52,0,118,0,3,35,2,40,0,69,87,2,158,58,0,58,216
03/12/2002,EVV,IN,AGL,CE,Towers with Radar,0,78,92,0,170,0,2,0,0,2,0,80,92,0,172,24,0,24,196
03/13/2002,EVV,IN,AGL,CE,Towers with Radar,0,67,64,3,134,0,2,54,0,56,0,69,118,3,190,126,0,126,316
03/14/2002,EVV,IN,AGL,CE,Towers with Radar,0,60,71,0,131,0,3,53,0,56,0,63,124,0,187,106,0,106,293
03/15/2002,EVV,IN,AGL,CE,Towers with Radar,0,61,63,0,124,0,2,8,0,10,0,63,71,0,134,22,0,22,156
03/16/2002,EVV,IN,AGL,CE,Towers with Radar,0,42,41,2,85,0,3,20,0,23,0,45,61,2,108,80,0,80,188
03/17/2002,EVV,IN,AGL,CE,Towers with Radar,0,55,42,0,97,0,2,0,0,2,0,57,42,0,99,22,0,22,121
03/18/2002,EVV,IN,AGL,CE,Towers with Radar,0,74,59,0,133,3,3,24,0,30,3,77,83,0,163,144,0,144,307
03/19/2002,EVV,IN,AGL,CE,Towers with Radar,0,69,22,0,91,0,0,59,2,61,0,69,81,2,152,16,0,16,168
03/20/2002,EVV,IN,AGL,CE,Towers with Radar,0,77,64,0,141,0,1,17,1,19,0,78,81,1,160,54,0,54,214
03/21/2002,EVV,IN,AGL,CE,Towers with Radar,0,68,72,0,140,0,0,16,8,24,0,68,88,8,164,44,0,44,208
03/22/2002,EVV,IN,AGL,CE,Towers with Radar,0,65,64,0,129,2,0,67,2,71,2,65,131,2,200,68,0,68,268
03/23/2002,EVV,IN,AGL,CE,Towers with Radar,0,50,42,0,92,0,1,65,0,66,0,51,107,0,158,88,0,88,246
03/24/2002,EVV,IN,AGL,CE,Towers with Radar,0,39,33,0,72,0,15,43,0,58,0,54,76,0,130,74,0,74,204
03/25/2002,EVV,IN,AGL,CE,Towers with Radar,0,50,41,0,91,0,18,10,0,28,0,68,51,0,119,22,0,22,141
03/26/2002,EVV,IN,AGL,CE,Towers with Radar,0,46,38,0,84,0,20,6,0,26,0,66,44,0,110,40,0,40,150
03/27/2002,EVV,IN,AGL,CE,Towers with Radar,0,69,67,1,137,0,0,74,0,74,0,69,141,1,211,38,0,38,249
03/28/2002,EVV,IN,AGL,CE,Towers with Radar,0,67,64,0,131,0,0,36,0,36,0,67,100,0,167,92,0,92,259
03/29/2002,EVV,IN,AGL,CE,Towers with Radar,0,52,43,0,95,0,11,18,0,29,0,63,61,0,124,52,0,52,176
03/30/2002,EVV,IN,AGL,CE,Towers with Radar,0,53,44,0,97,0,0,40,0,40,0,53,84,0,137,60,0,60,197
03/31/2002,EVV,IN,AGL,CE,Towers with Radar,0,33,28,0,61,0,24,28,0,52,0,57,56,0,113,64,0,64,177
04/01/2002,EVV,IN,AGL,CE,Towers with Radar,0,66,67,0,133,0,1,64,0,65,0,67,131,0,198,96,0,96,294
04/02/2002,EVV,IN,AGL,CE,Towers with Radar,0,72,49,0,121,0,0,0,0,0,0,72,49,0,121,46,6,52,173
04/03/2002,EVV,IN,AGL,CE,Towers with Radar,0,61,67,0,128,0,0,36,0,36,0,61,103,0,164,58,0,58,222
04/04/2002,EVV,IN,AGL,CE,Towers with Radar,2,66,70,0,138,0,0,64,0,64,2,66,134,0,202,138,4,142,344
04/05/2002,EVV,IN,AGL,CE,Towers with Radar,0,74,41,1,116,0,0,66,2,68,0,74,107,3,184,48,0,48,232
04/06/2002,EVV,IN,AGL,CE,Towers with Radar,0,46,39,0,85,0,9,48,0,57,0,55,87,0,142,83,0,83,225
04/07/2002,EVV,IN,AGL,CE,Towers with Radar,0,57,50,0,107,0,1,23,0,24,0,58,73,0,131,56,0,56,187
04/08/2002,EVV,IN,AGL,CE,Towers with Radar,2,75,42,0,119,0,1,10,0,11,2,76,52,0,130,56,0,56,186
04/09/2002,EVV,IN,AGL,CE,Towers with Radar,0,67,59,0,126,0,1,0,0,1,0,68,59,0,127,68,6,74,201
04/10/2002,EVV,IN,AGL,CE,Towers with Radar,0,78,91,4,173,0,1,102,0,103,0,79,193,4,276,152,0,152,428
04/11/2002,EVV,IN,AGL,CE,Towers with Radar,2,66,44,1,113,0,1,83,0,84,2,67,127,1,197,104,0,104,301
04/12/2002,EVV,IN,AGL,CE,Towers with Radar,0,63,57,0,120,0,5,16,0,21,0,68,73,0,141,48,0,48,189
04/13/2002,EVV,IN,AGL,CE,Towers with Radar,0,52,53,1,106,0,1,22,0,23,0,53,75,1,129,48,0,48,177
04/14/2002,EVV,IN,AGL,CE,Towers with Radar,0,55,33,0,88,0,1,5,0,6,0,56,38,0,94,41,0,41,135
04/15/2002,EVV,IN,AGL,CE,Towers with Radar,0,66,56,0,122,0,1,53,0,54,0,67,109,0,176,34,0,34,210
04/16/2002,EVV,IN,AGL,CE,Towers with Radar,0,65,61,0,126,0,0,64,0,64,0,65,125,0,190,130,0,130,320
04/17/2002,EVV,IN,AGL,CE,Towers with Radar,0,74,78,0,152,0,6,42,0,48,0,80,120,0,200,98,0,98,298
04/18/2002,EVV,IN,AGL,CE,Towers with Radar,0,69,66,0,135,0,1,47,2,50,0,70,113,2,185,92,0,92,277
04/19/2002,EVV,IN,AGL,CE,Towers with Radar,2,74,50,0,126,0,2,16,0,18,2,76,66,0,144,38,0,38,182
04/20/2002,EVV,IN,AGL,CE,Towers with Radar,0,45,36,0,81,0,0,8,0,8,0,45,44,0,89,44,0,44,133
04/21/2002,EVV,IN,AGL,CE,Towers with Radar,0,53,49,0,102,0,0,18,0,18,0,53,67,0,120,6,0,6,126
04/22/2002,EVV,IN,AGL,CE,Towers with Radar,0,74,45,0,119,0,0,64,0,64,0,74,109,0,183,94,0,94,277
04/23/2002,EVV,IN,AGL,CE,Towers with Radar,0,68,59,0,127,0,0,77,1,78,0,68,136,1,205,244,0,244,449
04/24/2002,EVV,IN,AGL,CE,Towers with Radar,0,74,78,0,152,0,0,6,0,6,0,74,84,0,158,52,0,52,210
04/25/2002,EVV,IN,AGL,CE,Towers with Radar,0,68,64,0,132,0,1,83,1,85,0,69,147,1,217,76,0,76,293
04/26/2002,EVV,IN,AGL,CE,Towers with Radar,0,72,81,0,153,0,1,67,0,68,0,73,148,0,221,86,0,86,307
04/27/2002,EVV,IN,AGL,CE,Towers with Radar,0,43,3,0,46,0,1,3,0,4,0,44,6,0,50,0,0,0,50
04/28/2002,EVV,IN,AGL,CE,Towers with Radar,0,51,38,0,89,0,0,23,0,23,0,51,61,0,112,46,0,46,158
04/29/2002,EVV,IN,AGL,CE,Towers with Radar,0,71,48,9,128,0,0,66,2,68,0,71,114,11,196,74,0,74,270
04/30/2002,EVV,IN,AGL,CE,Towers with Radar,0,71,67,0,138,0,0,65,0,65,0,71,132,0,203,78,0,78,281
05/01/2002,EVV,IN,AGL,CE,Towers with Radar,0,75,84,0,159,0,0,1,0,1,0,75,85,0,160,40,0,40,200
05/02/2002,EVV,IN,AGL,CE,Towers with Radar,0,70,44,0,114,0,3,24,0,27,0,73,68,0,141,66,0,66,207
05/03/2002,EVV,IN,AGL,CE,Towers with Radar,0,44,90,0,134,0,5,61,0,66,0,49,151,0,200,148,0,148,348
05/04/2002,EVV,IN,AGL,CE,Towers with Radar,0,42,21,0,63,0,0,77,1,78,0,42,98,1,141,54,0,54,195
05/05/2002,EVV,IN,AGL,CE,Towers with Radar,0,50,37,0,87,0,0,93,0,93,0,50,130,0,180,80,0,80,260
05/06/2002,EVV,IN,AGL,CE,Towers with Radar,0,69,40,2,111,0,0,10,0,10,0,69,50,2,121,4,0,4,125
05/07/2002,EVV,IN,AGL,CE,Towers with Radar,0,73,76,1,150,0,0,46,0,46,0,73,122,1,196,103,0,103,299
05/08/2002,EVV,IN,AGL,CE,Towers with Radar,0,69,59,2,130,0,0,22,0,22,0,69,81,2,152,76,0,76,228
05/09/2002,EVV,IN,AGL,CE,Towers with Radar,0,62,66,2,130,0,0,32,0,32,0,62,98,2,162,88,0,88,250
05/10/2002,EVV,IN,AGL,CE,Towers with Radar,0,82,62,2,146,0,0,103,0,103,0,82,165,2,249,84,0,84,333
05/11/2002,EVV,IN,AGL,CE,Towers with Radar,0,47,36,0,83,0,1,51,0,52,0,48,87,0,135,74,0,74,209
05/12/2002,EVV,IN,AGL,CE,Towers with Radar,0,52,27,0,79,0,0,14,0,14,0,52,41,0,93,60,0,60,153
05/13/2002,EVV,IN,AGL,CE,Towers with Radar,0,64,43,0,107,0,0,16,0,16,0,64,59,0,123,18,0,18,141
05/14/2002,EVV,IN,AGL,CE,Towers with Radar,0,72,58,0,130,0,9,80,3,92,0,81,138,3,222,152,0,152,374
05/15/2002,EVV,IN,AGL,CE,Towers with Radar,0,73,116,0,189,0,0,1,0,1,0,73,117,0,190,137,0,137,327
05/16/2002,EVV,IN,AGL,CE,Towers with Radar,0,67,41,0,108,0,0,40,0,40,0,67,81,0,148,78,0,78,226
05/17/2002,EVV,IN,AGL,CE,Towers with Radar,0,78,68,0,146,0,0,4,0,4,0,78,72,0,150,22,0,22,172
05/18/2002,EVV,IN,AGL,CE,Towers with Radar,0,46,38,0,84,0,1,50,0,51,0,47,88,0,135,106,0,106,241
05/19/2002,EVV,IN,AGL,CE,Towers with Radar,0,53,24,0,77,0,0,52,0,52,0,53,76,0,129,24,0,24,153
05/20/2002,EVV,IN,AGL,CE,Towers with Radar,0,74,52,2,128,0,0,70,0,70,0,74,122,2,198,26,0,26,224
05/21/2002,EVV,IN,AGL,CE,Towers with Radar,0,75,56,0,131,0,2,49,0,51,0,77,105,0,182,64,0,64,246
05/22/2002,EVV,IN,AGL,CE,Towers with Radar,0,80,56,3,139,0,0,1,0,1,0,80,57,3,140,85,0,85,225
05/23/2002,EVV,IN,AGL,CE,Towers with Radar,0,70,75,0,145,0,1,84,0,85,0,71,159,0,230,66,0,66,296
05/24/2002,EVV,IN,AGL,CE,Towers with Radar,0,73,47,0,120,0,0,52,0,52,0,73,99,0,172,116,0,116,288
05/25/2002,EVV,IN,AGL,CE,Towers with Radar,0,42,25,2,69,0,1,29,1,31,0,43,54,3,100,12,0,12,112
05/26/2002,EVV,IN,AGL,CE,Towers with Radar,0,41,33,0,74,0,10,57,0,67,0,51,90,0,141,51,0,51,192
05/27/2002,EVV,IN,AGL,CE,Towers with Radar,0,56,45,0,101,0,6,29,3,38,0,62,74,3,139,76,0,76,215
05/28/2002,EVV,IN,AGL,CE,Towers with Radar,0,66,54,0,120,0,17,33,0,50,0,83,87,0,170,98,0,98,268
05/29/2002,EVV,IN,AGL,CE,Towers with Radar,0,64,62,0,126,0,0,7,0,7,0,64,69,0,133,92,0,92,225
05/30/2002,EVV,IN,AGL,CE,Towers with Radar,0,72,63,0,135,0,0,48,0,48,0,72,111,0,183,130,0,130,313
05/31/2002,EVV,IN,AGL,CE,Towers with Radar,0,69,60,0,129,0,0,39,0,39,0,69,99,0,168,42,0,42,210
06/01/2002,EVV,IN,AGL,CE,Towers with Radar,0,45,25,0,70,0,0,45,1,46,0,45,70,1,116,89,0,89,205
06/02/2002,EVV,IN,AGL,CE,Towers with Radar,0,52,23,1,76,0,0,38,0,38,0,52,61,1,114,54,0,54,168
06/03/2002,EVV,IN,AGL,CE,Towers with Radar,0,70,21,1,92,0,0,39,0,39,0,70,60,1,131,83,0,83,214
06/04/2002,EVV,IN,AGL,CE,Towers with Radar,2,78,66,4,150,0,0,1,0,1,2,78,67,4,151,68,0,68,219
06/05/2002,EVV,IN,AGL,CE,Towers with Radar,0,75,51,0,126,0,0,23,1,24,0,75,74,1,150,12,0,12,162
06/06/2002,EVV,IN,AGL,CE,Towers with Radar,0,70,65,0,135,0,0,43,0,43,0,70,108,0,178,104,0,104,282
06/07/2002,EVV,IN,AGL,CE,Towers with Radar,0,76,35,0,111,0,0,63,0,63,0,76,98,0,174,134,0,134,308
06/08/2002,EVV,IN,AGL,CE,Towers with Radar,0,52,29,0,81,0,0,657,0,657,0,52,686,0,738,168,0,168,906
06/09/2002,EVV,IN,AGL,CE,Towers with Radar,0,55,27,8,90,0,0,46,2,48,0,55,73,10,138,64,0,64,202
06/10/2002,EVV,IN,AGL,CE,Towers with Radar,0,76,57,0,133,0,0,39,0,39,0,76,96,0,172,138,0,138,310
06/11/2002,EVV,IN,AGL,CE,Towers with Radar,9,5,67,0,81,0,0,38,0,38,9,5,105,0,119,78,0,78,197
06/12/2002,EVV,IN,AGL,CE,Towers with Radar,1,87,73,1,162,0,1,58,2,61,1,88,131,3,223,88,0,88,311
06/13/2002,EVV,IN,AGL,CE,Towers with Radar,0,73,59,0,132,0,0,33,0,33,0,73,92,0,165,46,0,46,211
06/14/2002,EVV,IN,AGL,CE,Towers with Radar,0,76,88,6,170,0,1,57,0,58,0,77,145,6,228,62,0,62,290
06/15/2002,EVV,IN,AGL,CE,Towers with Radar,0,46,19,0,65,0,2,59,0,61,0,48,78,0,126,86,0,86,212
06/16/2002,EVV,IN,AGL,CE,Towers with Radar,0,53,23,0,76,0,0,38,0,38,0,53,61,0,114,28,0,28,142
06/17/2002,EVV,IN,AGL,CE,Towers with Radar,0,73,44,0,117,0,1,84,0,85,0,74,128,0,202,84,0,84,286
06/18/2002,EVV,IN,AGL,CE,Towers with Radar,0,75,85,1,161,0,0,85,0,85,0,75,170,1,246,149,0,149,395
06/19/2002,EVV,IN,AGL,CE,Towers with Radar,0,73,57,2,132,0,0,86,0,86,0,73,143,2,218,196,0,196,414
06/20/2002,EVV,IN,AGL,CE,Towers with Radar,0,65,65,6,136,0,0,0,0,0,0,65,65,6,136,80,0,80,216
06/21/2002,EVV,IN,AGL,CE,Towers with Radar,0,87,68,0,155,0,0,79,0,79,0,87,147,0,234,104,0,104,338
06/22/2002,EVV,IN,AGL,CE,Towers with Radar,0,46,43,0,89,0,0,54,0,54,0,46,97,0,143,68,0,68,211
06/23/2002,EVV,IN,AGL,CE,Towers with Radar,0,57,40,0,97,0,0,64,0,64,0,57,104,0,161,128,0,128,289
06/24/2002,EVV,IN,AGL,CE,Towers with Radar,0,78,33,2,113,0,0,45,0,45,0,78,78,2,158,52,0,52,210
06/25/2002,EVV,IN,AGL,CE,Towers with Radar,0,70,71,11,152,0,2,56,1,59,0,72,127,12,211,88,0,88,299
06/26/2002,EVV,IN,AGL,CE,Towers with Radar,0,73,71,0,144,0,0,0,0,0,0,73,71,0,144,82,14,96,240
06/27/2002,EVV,IN,AGL,CE,Towers with Radar,0,79,75,5,159,0,0,80,1,81,0,79,155,6,240,109,0,109,349
06/28/2002,EVV,IN,AGL,CE,Towers with Radar,1,70,37,7,115,0,0,234,54,288,1,70,271,61,403,400,94,494,897
06/29/2002,EVV,IN,AGL,CE,Towers with Radar,0,47,38,2,87,0,1,488,57,546,0,48,526,59,633,590,75,665,1298
06/30/2002,EVV,IN,AGL,CE,Towers with Radar,0,44,33,1,78,1,20,306,15,342,1,64,339,16,420,354,124,478,898
07/01/2002,EVV,IN,AGL,CE,Towers with Radar,0,80,42,0,122,0,5,60,0,65,0,85,102,0,187,84,0,84,271
07/02/2002,EVV,IN,AGL,CE,Towers with Radar,0,69,85,0,154,0,3,0,0,3,0,72,85,0,157,94,0,94,251
07/03/2002,EVV,IN,AGL,CE,Towers with Radar,0,66,56,0,122,0,4,58,0,62,0,70,114,0,184,128,0,128,312
07/04/2002,EVV,IN,AGL,CE,Towers with Radar,0,45,19,0,64,0,3,41,0,44,0,48,60,0,108,96,0,96,204
07/05/2002,EVV,IN,AGL,CE,Towers with Radar,0,53,21,0,74,0,4,43,0,47,0,57,64,0,121,98,0,98,219
07/06/2002,EVV,IN,AGL,CE,Towers with Radar,0,46,22,0,68,0,4,35,0,39,0,50,57,0,107,38,0,38,145
07/07/2002,EVV,IN,AGL,CE,Towers with Radar,0,56,46,2,104,0,3,55,0,58,0,59,101,2,162,34,0,34,196
07/08/2002,EVV,IN,AGL,CE,Towers with Radar,0,69,26,0,95,0,3,62,0,65,0,72,88,0,160,86,0,86,246
07/09/2002,EVV,IN,AGL,CE,Towers with Radar,0,76,68,0,144,0,0,80,0,80,0,76,148,0,224,82,0,82,306
07/10/2002,EVV,IN,AGL,CE,Towers with Radar,0,76,72,0,148,0,0,44,0,44,0,76,116,0,192,108,0,108,300
07/11/2002,EVV,IN,AGL,CE,Towers with Radar,0,77,63,1,141,0,0,47,0,47,0,77,110,1,188,124,0,124,312
07/12/2002,EVV,IN,AGL,CE,Towers with Radar,0,77,59,2,138,0,3,38,0,41,0,80,97,2,179,58,0,58,237
07/13/2002,EVV,IN,AGL,CE,Towers with Radar,0,52,41,2,95,0,4,49,0,53,0,56,90,2,148,129,0,129,277
07/14/2002,EVV,IN,AGL,CE,Towers with Radar,0,33,27,1,61,0,28,47,0,75,0,61,74,1,136,86,0,86,222
07/15/2002,EVV,IN,AGL,CE,Towers with Radar,0,67,52,3,122,0,15,39,11,65,0,82,91,14,187,70,0,70,257
07/16/2002,EVV,IN,AGL,CE,Towers with Radar,0,82,65,0,147,0,0,18,0,18,0,82,83,0,165,140,0,140,305
07/17/2002,EVV,IN,AGL,CE,Towers with Radar,0,75,57,0,132,0,4,45,0,49,0,79,102,0,181,64,0,64,245
07/18/2002,EVV,IN,AGL,CE,Towers with Radar,0,73,60,0,133,0,0,10,0,10,0,73,70,0,143,4,0,4,147
07/19/2002,EVV,IN,AGL,CE,Towers with Radar,0,76,58,3,137,0,0,30,4,34,0,76,88,7,171,164,0,164,335
07/20/2002,EVV,IN,AGL,CE,Towers with Radar,0,46,36,2,84,0,7,79,64,150,0,53,115,66,234,0,0,0,234
07/21/2002,EVV,IN,AGL,CE,Towers with Radar,0,53,40,0,93,0,15,58,0,73,0,68,98,0,166,80,0,80,246
07/22/2002,EVV,IN,AGL,CE,Towers with Radar,0,62,46,0,108,0,7,36,0,43,0,69,82,0,151,42,0,42,193
07/23/2002,EVV,IN,AGL,CE,Towers with Radar,0,91,71,0,162,0,0,31,0,31,0,91,102,0,193,66,0,66,259
07/24/2002,EVV,IN,AGL,CE,Towers with Radar,0,78,75,4,157,0,0,49,3,52,0,78,124,7,209,52,0,52,261
07/25/2002,EVV,IN,AGL,CE,Towers with Radar,0,78,58,3,139,0,3,65,0,68,0,81,123,3,207,98,0,98,305
07/26/2002,EVV,IN,AGL,CE,Towers with Radar,0,82,70,4,156,0,0,41,2,43,0,82,111,6,199,96,0,96,295
07/27/2002,EVV,IN,AGL,CE,Towers with Radar,0,49,38,0,87,0,3,40,0,43,0,52,78,0,130,74,0,74,204
07/28/2002,EVV,IN,AGL,CE,Towers with Radar,0,53,41,0,94,0,6,22,0,28,0,59,63,0,122,42,0,42,164
07/29/2002,EVV,IN,AGL,CE,Towers with Radar,0,69,53,0,122,0,16,44,0,60,0,85,97,0,182,32,0,32,214
07/30/2002,EVV,IN,AGL,CE,Towers with Radar,0,96,74,0,170,0,0,70,0,70,0,96,144,0,240,108,0,108,348
07/31/2002,EVV,IN,AGL,CE,Towers with Radar,0,87,72,3,162,0,0,97,3,100,0,87,169,6,262,66,0,66,328
08/01/2002,EVV,IN,AGL,CE,Towers with Radar,0,74,62,0,136,0,1,62,0,63,0,75,124,0,199,62,0,62,261
08/02/2002,EVV,IN,AGL,CE,Towers with Radar,0,82,37,0,119,0,1,41,0,42,0,83,78,0,161,76,0,76,237
08/03/2002,EVV,IN,AGL,CE,Towers with Radar,0,62,29,0,91,0,3,45,0,48,0,65,74,0,139,75,0,75,214
08/04/2002,EVV,IN,AGL,CE,Towers with Radar,0,50,36,1,87,0,10,29,1,40,0,60,65,2,127,78,0,78,205
08/05/2002,EVV,IN,AGL,CE,Towers with Radar,0,66,48,0,114,0,9,22,0,31,0,75,70,0,145,16,0,16,161
08/06/2002,EVV,IN,AGL,CE,Towers with Radar,0,86,68,0,154,0,0,52,0,52,0,86,120,0,206,88,0,88,294
08/07/2002,EVV,IN,AGL,CE,Towers with Radar,0,82,68,0,150,0,1,95,0,96,0,83,163,0,246,116,0,116,362
08/08/2002,EVV,IN,AGL,CE,Towers with Radar,0,73,74,0,147,0,0,103,0,103,0,73,177,0,250,98,0,98,348
08/09/2002,EVV,IN,AGL,CE,Towers with Radar,1,71,52,0,124,0,10,67,0,77,1,81,119,0,201,154,0,154,355
08/10/2002,EVV,IN,AGL,CE,Towers with Radar,0,54,25,0,79,0,1,51,0,52,0,55,76,0,131,66,0,66,197
08/11/2002,EVV,IN,AGL,CE,Towers with Radar,0,60,22,0,82,0,1,27,0,28,0,61,49,0,110,86,0,86,196
08/12/2002,EVV,IN,AGL,CE,Towers with Radar,2,58,42,0,102,0,28,11,0,39,2,86,53,0,141,86,0,86,227
08/13/2002,EVV,IN,AGL,CE,Towers with Radar,0,79,67,0,146,0,2,37,0,39,0,81,104,0,185,84,0,84,269
08/14/2002,EVV,IN,AGL,CE,Towers with Radar,0,83,59,0,142,0,1,26,0,27,0,84,85,0,169,56,0,56,225
08/15/2002,EVV,IN,AGL,CE,Towers with Radar,0,79,67,0,146,0,0,26,0,26,0,79,93,0,172,72,0,72,244
08/16/2002,EVV,IN,AGL,CE,Towers with Radar,0,77,73,0,150,0,2,47,0,49,0,79,120,0,199,70,0,70,269
08/17/2002,EVV,IN,AGL,CE,Towers with Radar,0,50,45,0,95,0,1,34,0,35,0,51,79,0,130,76,0,76,206
08/18/2002,EVV,IN,AGL,CE,Towers with Radar,0,60,45,0,105,0,0,43,0,43,0,60,88,0,148,108,0,108,256
08/19/2002,EVV,IN,AGL,CE,Towers with Radar,0,79,47,0,126,0,2,25,0,27,0,81,72,0,153,100,0,100,253
08/20/2002,EVV,IN,AGL,CE,Towers with Radar,0,76,84,0,160,0,0,60,0,60,0,76,144,0,220,108,0,108,328
08/21/2002,EVV,IN,AGL,CE,Towers with Radar,0,91,75,8,174,0,0,72,0,72,0,91,147,8,246,192,0,192,438
08/22/2002,EVV,IN,AGL,CE,Towers with Radar,0,64,58,0,122,0,0,77,1,78,0,64,135,1,200,118,0,118,318
08/23/2002,EVV,IN,AGL,CE,Towers with Radar,0,78,56,0,134,0,2,22,0,24,0,80,78,0,158,140,0,140,298
08/24/2002,EVV,IN,AGL,CE,Towers with Radar,0,52,41,0,93,0,0,38,0,38,0,52,79,0,131,124,0,124,255
08/25/2002,EVV,IN,AGL,CE,Towers with Radar,0,47,33,0,80,0,11,79,0,90,0,58,112,0,170,152,0,152,322
08/26/2002,EVV,IN,AGL,CE,Towers with Radar,0,69,50,0,119,0,12,64,4,80,0,81,114,4,199,98,0,98,297
08/27/2002,EVV,IN,AGL,CE,Towers with Radar,0,82,63,0,145,0,0,65,3,68,0,82,128,3,213,186,0,186,399
08/28/2002,EVV,IN,AGL,CE,Towers with Radar,0,75,65,0,140,0,0,84,2,86,0,75,149,2,226,118,0,118,344
08/29/2002,EVV,IN,AGL,CE,Towers with Radar,0,78,65,0,143,0,0,89,0,89,0,78,154,0,232,166,0,166,398
08/30/2002,EVV,IN,AGL,CE,Towers with Radar,0,66,47,0,113,0,16,94,0,110,0,82,141,0,223,116,0,116,339
08/31/2002,EVV,IN,AGL,CE,Towers with Radar,1,42,30,0,73,0,4,77,0,81,1,46,107,0,154,51,0,51,205
09/01/2002,EVV,IN,AGL,CE,Towers with Radar,2,34,27,0,63,3,13,65,0,81,5,47,92,0,144,50,0,50,194
09/02/2002,EVV,IN,AGL,CE,Towers with Radar,4,47,36,0,87,0,8,43,0,51,4,55,79,0,138,80,0,80,218
09/03/2002,EVV,IN,AGL,CE,Towers with Radar,6,74,57,0,137,0,2,59,3,64,6,76,116,3,201,94,0,94,295
09/04/2002,EVV,IN,AGL,CE,Towers with Radar,5,81,78,0,164,0,0,96,2,98,5,81,174,2,262,108,0,108,370
09/05/2002,EVV,IN,AGL,CE,Towers with Radar,4,86,66,0,156,0,1,61,2,64,4,87,127,2,220,166,0,166,386
09/06/2002,EVV,IN,AGL,CE,Towers with Radar,5,77,66,0,148,0,0,82,2,84,5,77,148,2,232,228,0,228,460
09/07/2002,EVV,IN,AGL,CE,Towers with Radar,3,49,38,0,90,1,6,56,0,63,4,55,94,0,153,52,0,52,205
09/08/2002,EVV,IN,AGL,CE,Towers with Radar,3,45,35,0,83,1,15,53,0,69,4,60,88,0,152,68,0,68,220
09/09/2002,EVV,IN,AGL,CE,Towers with Radar,4,67,52,1,124,1,10,39,1,51,5,77,91,2,175,62,0,62,237
09/10/2002,EVV,IN,AGL,CE,Towers with Radar,5,75,67,1,148,0,0,32,1,33,5,75,99,2,181,110,0,110,291
09/11/2002,EVV,IN,AGL,CE,Towers with Radar,5,64,59,1,129,0,0,85,4,89,5,64,144,5,218,186,0,186,404
09/12/2002,EVV,IN,AGL,CE,Towers with Radar,3,62,51,1,117,0,0,88,0,88,3,62,139,1,205,154,0,154,359
09/13/2002,EVV,IN,AGL,CE,Towers with Radar,3,73,57,0,133,0,4,42,0,46,3,77,99,0,179,94,0,94,273
09/14/2002,EVV,IN,AGL,CE,Towers with Radar,2,41,32,0,75,2,12,27,0,41,4,53,59,0,116,141,0,141,257
09/15/2002,EVV,IN,AGL,CE,Towers with Radar,2,37,29,0,68,1,20,7,0,28,3,57,36,0,96,82,0,82,178
09/16/2002,EVV,IN,AGL,CE,Towers with Radar,3,72,58,0,133,0,0,37,0,37,3,72,95,0,170,108,0,108,278
09/17/2002,EVV,IN,AGL,CE,Towers with Radar,5,79,66,0,150,0,0,29,0,29,5,79,95,0,179,48,0,48,227
09/18/2002,EVV,IN,AGL,CE,Towers with Radar,3,78,63,1,145,0,0,38,3,41,3,78,101,4,186,159,0,159,345
09/19/2002,EVV,IN,AGL,CE,Towers with Radar,1,79,62,0,142,0,0,28,0,28,1,79,90,0,170,84,0,84,254
09/20/2002,EVV,IN,AGL,CE,Towers with Radar,3,58,27,0,88,1,31,0,0,32,4,89,27,0,120,18,0,18,138
09/21/2002,EVV,IN,AGL,CE,Towers with Radar,2,49,36,0,87,2,8,42,0,52,4,57,78,0,139,56,0,56,195
09/22/2002,EVV,IN,AGL,CE,Towers with Radar,2,49,36,1,88,0,13,56,1,70,2,62,92,2,158,82,0,82,240
09/23/2002,EVV,IN,AGL,CE,Towers with Radar,4,72,54,1,131,2,3,68,4,77,6,75,122,5,208,60,0,60,268
09/24/2002,EVV,IN,AGL,CE,Towers with Radar,4,81,66,0,151,3,0,85,0,88,7,81,151,0,239,118,0,118,357
09/25/2002,EVV,IN,AGL,CE,Towers with Radar,2,77,73,0,152,0,0,93,0,93,2,77,166,0,245,134,0,134,379
09/26/2002,EVV,IN,AGL,CE,Towers with Radar,3,71,68,0,142,0,0,51,0,51,3,71,119,0,193,136,0,136,329
09/27/2002,EVV,IN,AGL,CE,Towers with Radar,4,83,62,0,149,0,0,59,0,59,4,83,121,0,208,82,0,82,290
09/28/2002,EVV,IN,AGL,CE,Towers with Radar,2,46,34,0,82,1,7,67,0,75,3,53,101,0,157,66,0,66,223
09/29/2002,EVV,IN,AGL,CE,Towers with Radar,3,53,42,0,98,0,0,91,0,91,3,53,133,0,189,84,0,84,273
09/30/2002,EVV,IN,AGL,CE,Towers with Radar,3,75,57,0,135,0,8,14,0,22,3,83,71,0,157,94,0,94,251
10/01/2002,EVV,IN,AGL,CE,Towers with Radar,3,87,81,0,171,0,21,18,0,39,3,108,99,0,210,120,0,120,330
10/02/2002,EVV,IN,AGL,CE,Towers with Radar,4,76,70,0,150,0,4,41,0,45,4,80,111,0,195,114,0,114,309
10/03/2002,EVV,IN,AGL,CE,Towers with Radar,4,77,75,0,156,0,0,67,0,67,4,77,142,0,223,20,0,20,243
10/04/2002,EVV,IN,AGL,CE,Towers with Radar,3,54,43,0,100,0,22,0,0,22,3,76,43,0,122,10,0,10,132
10/05/2002,EVV,IN,AGL,CE,Towers with Radar,3,44,40,0,87,0,15,83,1,99,3,59,123,1,186,268,0,268,454
10/06/2002,EVV,IN,AGL,CE,Towers with Radar,1,41,39,0,81,0,8,36,3,47,1,49,75,3,128,58,0,58,186
10/07/2002,EVV,IN,AGL,CE,Towers with Radar,4,61,57,0,122,0,13,40,3,56,4,74,97,3,178,56,0,56,234
10/08/2002,EVV,IN,AGL,CE,Towers with Radar,4,71,71,0,146,0,0,63,0,63,4,71,134,0,209,120,0,120,329
10/09/2002,EVV,IN,AGL,CE,Towers with Radar,5,75,70,0,150,0,3,47,0,50,5,78,117,0,200,90,0,90,290
10/10/2002,EVV,IN,AGL,CE,Towers with Radar,5,79,0,0,84,62,3,0,0,65,67,82,0,0,149,26,0,26,175
10/11/2002,EVV,IN,AGL,CE,Towers with Radar,4,70,82,0,156,0,0,37,0,37,4,70,119,0,193,74,0,74,267
10/12/2002,EVV,IN,AGL,CE,Towers with Radar,2,47,44,0,93,2,7,14,0,23,4,54,58,0,116,30,0,30,146
10/13/2002,EVV,IN,AGL,CE,Towers with Radar,2,39,36,0,77,1,14,26,0,41,3,53,62,0,118,28,0,28,146
10/14/2002,EVV,IN,AGL,CE,Towers with Radar,3,59,55,0,117,1,8,47,0,56,4,67,102,0,173,84,0,84,257
10/15/2002,EVV,IN,AGL,CE,Towers with Radar,5,88,82,0,175,0,1,69,0,70,5,89,151,0,245,136,0,136,381
10/16/2002,EVV,IN,AGL,CE,Towers with Radar,4,68,64,1,137,1,2,68,0,71,5,70,132,1,208,154,0,154,362
10/17/2002,EVV,IN,AGL,CE,Towers with Radar,3,67,78,1,149,0,0,37,1,38,3,67,115,2,187,66,0,66,253
10/18/2002,EVV,IN,AGL,CE,Towers with Radar,4,65,71,1,141,0,0,47,0,47,4,65,118,1,188,20,0,20,208
10/19/2002,EVV,IN,AGL,CE,Towers with Radar,2,45,32,0,79,2,12,0,0,14,4,57,32,0,93,14,0,14,107
10/20/2002,EVV,IN,AGL,CE,Towers with Radar,3,45,54,1,103,1,0,77,0,78,4,45,131,1,181,90,0,90,271
10/21/2002,EVV,IN,AGL,CE,Towers with Radar,4,64,63,1,132,0,0,48,5,53,4,64,111,6,185,88,4,92,277
10/22/2002,EVV,IN,AGL,CE,Towers with Radar,5,74,95,0,174,0,0,125,0,125,5,74,220,0,299,202,0,202,501
10/23/2002,EVV,IN,AGL,CE,Towers with Radar,4,71,0,0,75,71,69,0,0,140,75,140,0,0,215,182,0,182,397
10/24/2002,EVV,IN,AGL,CE,Towers with Radar,4,68,70,0,142,0,0,55,0,55,4,68,125,0,197,76,0,76,273
10/25/2002,EVV,IN,AGL,CE,Towers with Radar,3,76,71,0,150,0,0,16,0,16,3,76,87,0,166,54,0,54,220
10/26/2002,EVV,IN,AGL,CE,Towers with Radar,4,53,65,1,123,0,0,17,0,17,4,53,82,1,140,108,0,108,248
10/27/2002,EVV,IN,AGL,CE,Towers with Radar,3,58,55,0,116,0,0,91,0,91,3,58,146,0,207,238,0,238,445
10/28/2002,EVV,IN,AGL,CE,Towers with Radar,4,70,65,1,140,2,14,36,3,55,6,84,101,4,195,60,0,60,255
10/29/2002,EVV,IN,AGL,CE,Towers with Radar,6,85,86,0,177,0,1,1,0,2,6,86,87,0,179,24,12,36,215
10/30/2002,EVV,IN,AGL,CE,Towers with Radar,5,87,84,0,176,0,2,27,0,29,5,89,111,0,205,78,0,78,283
10/31/2002,EVV,IN,AGL,CE,Towers with Radar,4,58,64,0,126,1,0,28,0,29,5,58,92,0,155,72,0,72,227
11/01/2002,EVV,IN,AGL,CE,Towers with Radar,6,65,38,1,110,0,1,87,1,89,6,66,125,2,199,62,0,62,261
11/02/2002,EVV,IN,AGL,CE,Towers with Radar,4,54,29,0,87,0,2,103,0,105,4,56,132,0,192,121,0,121,313
11/03/2002,EVV,IN,AGL,CE,Towers with Radar,4,54,55,0,113,0,1,1,1,3,4,55,56,1,116,8,0,8,124
11/04/2002,EVV,IN,AGL,CE,Towers with Radar,4,76,64,2,146,0,0,12,4,16,4,76,76,6,162,44,0,44,206
11/05/2002,EVV,IN,AGL,CE,Towers with Radar,1,74,89,0,164,0,1,0,0,1,1,75,89,0,165,60,0,60,225
11/06/2002,EVV,IN,AGL,CE,Towers with Radar,3,75,55,0,133,0,1,28,0,29,3,76,83,0,162,84,0,84,246
11/07/2002,EVV,IN,AGL,CE,Towers with Radar,4,70,62,0,136,0,1,79,3,83,4,71,141,3,219,106,0,106,325
11/08/2002,EVV,IN,AGL,CE,Towers with Radar,1,76,54,0,131,0,1,60,1,62,1,77,114,1,193,84,0,84,277
11/09/2002,EVV,IN,AGL,CE,Towers with Radar,3,53,22,0,78,0,0,16,0,16,3,53,38,0,94,101,0,101,195
11/10/2002,EVV,IN,AGL,CE,Towers with Radar,3,42,16,0,61,0,3,4,0,7,3,45,20,0,68,44,0,44,112
11/11/2002,EVV,IN,AGL,CE,Towers with Radar,4,64,42,0,110,0,0,56,0,56,4,64,98,0,166,72,0,72,238
11/12/2002,EVV,IN,AGL,CE,Towers with Radar,5,70,94,0,169,0,0,56,0,56,5,70,150,0,225,228,0,228,453
11/13/2002,EVV,IN,AGL,CE,Towers with Radar,4,73,86,2,165,0,0,79,0,79,4,73,165,2,244,98,0,98,342
11/14/2002,EVV,IN,AGL,CE,Towers with Radar,4,67,54,0,125,1,0,114,0,115,5,67,168,0,240,176,0,176,416
11/15/2002,EVV,IN,AGL,CE,Towers with Radar,2,65,34,0,101,0,0,17,0,17,2,65,51,0,118,56,0,56,174
11/16/2002,EVV,IN,AGL,CE,Towers with Radar,4,55,32,0,91,0,0,33,0,33,4,55,65,0,124,66,0,66,190
11/17/2002,EVV,IN,AGL,CE,Towers with Radar,3,54,42,0,99,0,1,51,2,54,3,55,93,2,153,48,0,48,201
11/18/2002,EVV,IN,AGL,CE,Towers with Radar,5,66,48,2,121,0,0,62,2,64,5,66,110,4,185,96,0,96,281
11/19/2002,EVV,IN,AGL,CE,Towers with Radar,7,69,87,9,172,0,1,74,4,79,7,70,161,13,251,138,8,146,397
11/20/2002,EVV,IN,AGL,CE,Towers with Radar,5,80,72,0,157,0,0,98,2,100,5,80,170,2,257,178,0,178,435
11/21/2002,EVV,IN,AGL,CE,Towers with Radar,7,70,69,0,146,0,2,32,0,34,7,72,101,0,180,60,0,60,240
11/22/2002,EVV,IN,AGL,CE,Towers with Radar,5,70,47,1,123,0,3,51,0,54,5,73,98,1,177,168,0,168,345
11/23/2002,EVV,IN,AGL,CE,Towers with Radar,4,51,20,0,75,0,0,68,0,68,4,51,88,0,143,118,0,118,261
11/24/2002,EVV,IN,AGL,CE,Towers with Radar,5,53,25,0,83,0,5,75,0,80,5,58,100,0,163,106,0,106,269
11/25/2002,EVV,IN,AGL,CE,Towers with Radar,6,70,38,0,114,0,0,35,0,35,6,70,73,0,149,42,0,42,191
11/26/2002,EVV,IN,AGL,CE,Towers with Radar,4,90,89,0,183,0,0,21,0,21,4,90,110,0,204,54,0,54,258
11/27/2002,EVV,IN,AGL,CE,Towers with Radar,4,61,57,0,122,0,0,43,0,43,4,61,100,0,165,138,0,138,303
11/28/2002,EVV,IN,AGL,CE,Towers with Radar,5,38,17,0,60,0,0,12,0,12,5,38,29,0,72,4,0,4,76
11/29/2002,EVV,IN,AGL,CE,Towers with Radar,4,46,16,0,66,0,2,37,0,39,4,48,53,0,105,50,0,50,155
11/30/2002,EVV,IN,AGL,CE,Towers with Radar,2,46,37,0,85,3,11,16,0,30,5,57,53,0,115,36,0,36,151
12/01/2002,EVV,IN,AGL,CE,Towers with Radar,2,44,28,0,74,0,19,77,2,98,2,63,105,2,172,101,6,107,279
12/02/2002,EVV,IN,AGL,CE,Towers with Radar,5,57,39,2,103,0,0,43,0,43,5,57,82,2,146,82,0,82,228
12/03/2002,EVV,IN,AGL,CE,Towers with Radar,4,67,81,1,153,0,2,69,2,73,4,69,150,3,226,160,0,160,386
12/04/2002,EVV,IN,AGL,CE,Towers with Radar,1,71,51,0,123,0,0,5,0,5,1,71,56,0,128,14,0,14,142
12/05/2002,EVV,IN,AGL,CE,Towers with Radar,3,64,53,0,120,0,0,33,0,33,3,64,86,0,153,158,0,158,311
12/06/2002,EVV,IN,AGL,CE,Towers with Radar,4,63,50,2,119,0,0,48,0,48,4,63,98,2,167,98,0,98,265
12/07/2002,EVV,IN,AGL,CE,Towers with Radar,4,40,27,0,71,2,12,51,0,65,6,52,78,0,136,83,0,83,219
12/08/2002,EVV,IN,AGL,CE,Towers with Radar,3,47,31,0,81,1,4,57,4,66,4,51,88,4,147,130,0,130,277
12/09/2002,EVV,IN,AGL,CE,Towers with Radar,2,94,32,0,128,0,3,37,0,40,2,97,69,0,168,66,0,66,234
12/10/2002,EVV,IN,AGL,CE,Towers with Radar,7,99,40,0,146,0,3,9,0,12,7,102,49,0,158,152,0,152,310
12/11/2002,EVV,IN,AGL,CE,Towers with Radar,2,83,72,3,160,0,0,0,0,0,2,83,72,3,160,60,0,60,220
12/12/2002,EVV,IN,AGL,CE,Towers with Radar,4,75,78,4,161,0,1,14,0,15,4,76,92,4,176,122,0,122,298
12/13/2002,EVV,IN,AGL,CE,Towers with Radar,4,71,53,0,128,0,0,0,0,0,4,71,53,0,128,0,0,0,128
12/14/2002,EVV,IN,AGL,CE,Towers with Radar,2,46,31,0,79,2,0,40,0,42,4,46,71,0,121,102,0,102,223
12/15/2002,EVV,IN,AGL,CE,Towers with Radar,2,51,27,0,80,0,0,46,0,46,2,51,73,0,126,64,0,64,190
12/16/2002,EVV,IN,AGL,CE,Towers with Radar,4,74,49,7,134,0,0,0,5,5,4,74,49,12,139,26,0,26,165
12/17/2002,EVV,IN,AGL,CE,Towers with Radar,0,76,74,0,150,4,0,9,0,13,4,76,83,0,163,44,0,44,207
12/18/2002,EVV,IN,AGL,CE,Towers with Radar,3,70,47,0,120,8,0,24,2,34,11,70,71,2,154,34,0,34,188
12/19/2002,EVV,IN,AGL,CE,Towers with Radar,7,57,25,2,91,0,0,1,0,1,7,57,26,2,92,0,0,0,92
12/20/2002,EVV,IN,AGL,CE,Towers with Radar,2,70,57,0,129,0,0,57,0,57,2,70,114,0,186,46,0,46,232
12/21/2002,EVV,IN,AGL,CE,Towers with Radar,2,49,41,0,92,0,0,68,0,68,2,49,109,0,160,84,0,84,244
12/22/2002,EVV,IN,AGL,CE,Towers with Radar,1,54,18,0,73,0,1,32,0,33,1,55,50,0,106,20,0,20,126
12/23/2002,EVV,IN,AGL,CE,Towers with Radar,4,61,34,0,99,0,0,50,0,50,4,61,84,0,149,24,0,24,173
12/24/2002,EVV,IN,AGL,CE,Towers with Radar,0,47,10,0,57,0,0,2,0,2,0,47,12,0,59,2,0,2,61
12/25/2002,EVV,IN,AGL,CE,Towers with Radar,0,47,7,0,54,0,0,8,0,8,0,47,15,0,62,0,0,0,62
12/26/2002,EVV,IN,AGL,CE,Towers with Radar,3,62,52,0,117,0,0,12,1,13,3,62,64,1,130,68,0,68,198
12/27/2002,EVV,IN,AGL,CE,Towers with Radar,2,60,25,0,87,0,0,41,1,42,2,60,66,1,129,94,0,94,223
12/28/2002,EVV,IN,AGL,CE,Towers with Radar,3,46,38,0,87,0,0,48,0,48,3,46,86,0,135,174,0,174,309
12/29/2002,EVV,IN,AGL,CE,Towers with Radar,5,51,22,0,78,0,1,57,0,58,5,52,79,0,136,36,0,36,172
12/30/2002,EVV,IN,AGL,CE,Towers with Radar,3,61,41,0,105,1,0,10,2,13,4,61,51,2,118,10,0,10,128
12/31/2002,EVV,IN,AGL,CE,Towers with Radar,2,37,21,0,60,1,0,0,0,1,3,37,21,0,61,0,0,0,61
01/01/2003,EVV,IN,AGL,CE,Towers with Radar,2,43,7,0,52,1,1,0,0,2,3,44,7,0,54,4,0,4,58
01/02/2003,EVV,IN,AGL,CE,Towers with Radar,1,63,19,0,83,0,1,0,0,1,1,64,19,0,84,0,0,0,84
01/03/2003,EVV,IN,AGL,CE,Towers with Radar,3,60,33,0,96,0,1,15,0,16,3,61,48,0,112,88,0,88,200
01/04/2003,EVV,IN,AGL,CE,Towers with Radar,3,39,28,0,70,0,23,17,0,40,3,62,45,0,110,4,0,4,114
01/05/2003,EVV,IN,AGL,CE,Towers with Radar,3,44,31,0,78,1,1,68,0,70,4,45,99,0,148,150,0,150,298
01/06/2003,EVV,IN,AGL,CE,Towers with Radar,5,71,28,0,104,0,4,15,0,19,5,75,43,0,123,38,0,38,161
01/07/2003,EVV,IN,AGL,CE,Towers with Radar,3,72,54,0,129,0,0,43,0,43,3,72,97,0,172,70,0,70,242
01/08/2003,EVV,IN,AGL,CE,Towers with Radar,4,73,61,0,138,0,2,71,2,75,4,75,132,2,213,115,0,115,328
01/09/2003,EVV,IN,AGL,CE,Towers with Radar,5,67,55,0,127,3,0,86,3,92,8,67,141,3,219,202,0,202,421
01/10/2003,EVV,IN,AGL,CE,Towers with Radar,2,64,53,0,119,0,1,41,2,44,2,65,94,2,163,50,0,50,213
01/11/2003,EVV,IN,AGL,CE,Towers with Radar,5,45,26,0,76,0,1,49,0,50,5,46,75,0,126,88,0,88,214
01/12/2003,EVV,IN,AGL,CE,Towers with Radar,4,49,33,0,86,0,1,42,0,43,4,50,75,0,129,40,0,40,169
01/13/2003,EVV,IN,AGL,CE,Towers with Radar,3,68,34,2,107,0,2,35,0,37,3,70,69,2,144,59,0,59,203
01/14/2003,EVV,IN,AGL,CE,Towers with Radar,6,66,60,0,132,0,2,34,2,38,6,68,94,2,170,159,0,159,329
01/15/2003,EVV,IN,AGL,CE,Towers with Radar,5,80,65,0,150,0,0,40,0,40,5,80,105,0,190,116,0,116,306
01/16/2003,EVV,IN,AGL,CE,Towers with Radar,2,56,39,0,97,0,2,0,0,2,2,58,39,0,99,70,0,70,169
01/17/2003,EVV,IN,AGL,CE,Towers with Radar,3,70,53,0,126,0,1,0,0,1,3,71,53,0,127,84,0,84,211
01/18/2003,EVV,IN,AGL,CE,Towers with Radar,6,49,26,0,81,0,1,18,0,19,6,50,44,0,100,2,0,2,102
01/19/2003,EVV,IN,AGL,CE,Towers with Radar,1,54,22,0,77,0,1,33,0,34,1,55,55,0,111,26,0,26,137
01/20/2003,EVV,IN,AGL,CE,Towers with Radar,3,65,43,0,111,0,4,22,0,26,3,69,65,0,137,64,0,64,201
01/21/2003,EVV,IN,AGL,CE,Towers with Radar,4,74,54,0,132,0,0,58,0,58,4,74,112,0,190,332,0,332,522
01/22/2003,EVV,IN,AGL,CE,Towers with Radar,5,63,70,0,138,0,3,24,1,28,5,66,94,1,166,66,0,66,232
01/23/2003,EVV,IN,AGL,CE,Towers with Radar,5,64,44,0,113,0,0,23,0,23,5,64,67,0,136,10,0,10,146
01/24/2003,EVV,IN,AGL,CE,Towers with Radar,5,70,65,0,140,0,1,54,0,55,5,71,119,0,195,64,0,64,259
01/25/2003,EVV,IN,AGL,CE,Towers with Radar,3,48,56,0,107,0,1,70,0,71,3,49,126,0,178,142,0,142,320
01/26/2003,EVV,IN,AGL,CE,Towers with Radar,2,33,23,0,58,1,23,6,0,30,3,56,29,0,88,42,0,42,130
01/27/2003,EVV,IN,AGL,CE,Towers with Radar,4,68,30,0,102,0,1,57,0,58,4,69,87,0,160,36,0,36,196
01/28/2003,EVV,IN,AGL,CE,Towers with Radar,5,78,61,7,151,0,1,19,0,20,5,79,80,7,171,122,0,122,293
01/29/2003,EVV,IN,AGL,CE,Towers with Radar,4,62,51,0,117,2,0,18,0,20,6,62,69,0,137,38,0,38,175
01/30/2003,EVV,IN,AGL,CE,Towers with Radar,3,62,55,0,120,0,0,36,1,37,3,62,91,1,157,118,0,118,275
01/31/2003,EVV,IN,AGL,CE,Towers with Radar,3,61,34,1,99,0,1,3,0,4,3,62,37,1,103,10,0,10,113
02/01/2003,EVV,IN,AGL,CE,Towers with Radar,1,44,8,0,53,1,0,10,0,11,2,44,18,0,64,30,0,30,94
02/02/2003,EVV,IN,AGL,CE,Towers with Radar,3,51,39,0,93,0,0,74,0,74,3,51,113,0,167,48,0,48,215
02/03/2003,EVV,IN,AGL,CE,Towers with Radar,2,59,51,0,112,0,1,9,0,10,2,60,60,0,122,28,0,28,150
02/04/2003,EVV,IN,AGL,CE,Towers with Radar,2,70,38,0,110,0,1,30,0,31,2,71,68,0,141,53,0,53,194
02/05/2003,EVV,IN,AGL,CE,Towers with Radar,4,73,89,0,166,0,1,79,0,80,4,74,168,0,246,100,0,100,346
02/06/2003,EVV,IN,AGL,CE,Towers with Radar,3,58,57,0,118,0,1,5,0,6,3,59,62,0,124,12,0,12,136
02/07/2003,EVV,IN,AGL,CE,Towers with Radar,3,65,49,0,117,0,1,32,0,33,3,66,81,0,150,68,0,68,218
02/08/2003,EVV,IN,AGL,CE,Towers with Radar,4,40,30,0,74,0,1,71,0,72,4,41,101,0,146,48,0,48,194
02/09/2003,EVV,IN,AGL,CE,Towers with Radar,2,57,22,2,83,0,3,20,0,23,2,60,42,2,106,36,0,36,142
02/10/2003,EVV,IN,AGL,CE,Towers with Radar,4,65,48,0,117,0,0,11,0,11,4,65,59,0,128,22,0,22,150
02/11/2003,EVV,IN,AGL,CE,Towers with Radar,0,71,68,0,139,0,0,34,0,34,0,71,102,0,173,54,0,54,227
02/12/2003,EVV,IN,AGL,CE,Towers with Radar,5,70,72,0,147,0,0,45,0,45,5,70,117,0,192,90,0,90,282
02/13/2003,EVV,IN,AGL,CE,Towers with Radar,3,92,67,0,162,3,0,58,0,61,6,92,125,0,223,98,0,98,321
02/14/2003,EVV,IN,AGL,CE,Towers with Radar,4,74,26,0,104,0,0,1,0,1,4,74,27,0,105,10,0,10,115
02/15/2003,EVV,IN,AGL,CE,Towers with Radar,4,43,19,0,66,0,0,1,0,1,4,43,20,0,67,8,0,8,75
02/16/2003,EVV,IN,AGL,CE,Towers with Radar,0,9,0,0,9,0,20,0,0,20,0,29,0,0,29,0,0,0,29
02/17/2003,EVV,IN,AGL,CE,Towers with Radar,0,52,33,0,85,0,21,0,0,21,0,73,33,0,106,16,0,16,122
02/18/2003,EVV,IN,AGL,CE,Towers with Radar,2,74,69,0,145,0,0,14,0,14,2,74,83,0,159,13,0,13,172
02/19/2003,EVV,IN,AGL,CE,Towers with Radar,2,76,85,0,163,0,0,4,0,4,2,76,89,0,167,46,0,46,213
02/20/2003,EVV,IN,AGL,CE,Towers with Radar,2,83,59,0,144,0,15,29,0,44,2,98,88,0,188,112,0,112,300
02/21/2003,EVV,IN,AGL,CE,Towers with Radar,0,61,28,0,89,0,0,1,0,1,0,61,29,0,90,0,0,0,90
02/22/2003,EVV,IN,AGL,CE,Towers with Radar,0,5,4,0,9,39,0,0,0,39,39,5,4,0,48,0,0,0,48
02/23/2003,EVV,IN,AGL,CE,Towers with Radar,0,45,33,0,78,0,0,18,0,18,0,45,51,0,96,28,0,28,124
02/24/2003,EVV,IN,AGL,CE,Towers with Radar,0,70,35,0,105,0,0,15,0,15,0,70,50,0,120,6,0,6,126
02/25/2003,EVV,IN,AGL,CE,Towers with Radar,0,86,0,0,86,85,55,0,0,140,85,141,0,0,226,106,0,106,332
02/26/2003,EVV,IN,AGL,CE,Towers with Radar,3,76,67,0,146,4,0,33,0,37,7,76,100,0,183,52,0,52,235
02/27/2003,EVV,IN,AGL,CE,Towers with Radar,2,71,52,0,125,0,3,24,2,29,2,74,76,2,154,104,0,104,258
02/28/2003,EVV,IN,AGL,CE,Towers with Radar,0,75,65,0,140,0,3,14,0,17,0,78,79,0,157,46,0,46,203
03/01/2003,EVV,IN,AGL,CE,Towers with Radar,0,38,24,0,62,0,10,0,0,10,0,48,24,0,72,0,0,0,72
03/02/2003,EVV,IN,AGL,CE,Towers with Radar,0,55,12,0,67,0,0,8,0,8,0,55,20,0,75,38,0,38,113
03/03/2003,EVV,IN,AGL,CE,Towers with Radar,0,64,46,0,110,0,0,76,0,76,0,64,122,0,186,96,0,96,282
03/04/2003,EVV,IN,AGL,CE,Towers with Radar,0,75,66,0,141,0,0,57,0,57,0,75,123,0,198,154,0,154,352
03/05/2003,EVV,IN,AGL,CE,Towers with Radar,0,69,66,0,135,0,0,2,0,2,0,69,68,0,137,44,0,44,181
03/06/2003,EVV,IN,AGL,CE,Towers with Radar,0,78,66,2,146,0,0,34,1,35,0,78,100,3,181,102,0,102,283
03/07/2003,EVV,IN,AGL,CE,Towers with Radar,0,76,67,0,143,0,0,37,0,37,0,76,104,0,180,72,0,72,252
03/08/2003,EVV,IN,AGL,CE,Towers with Radar,0,50,33,0,83,0,0,71,0,71,0,50,104,0,154,46,0,46,200
03/09/2003,EVV,IN,AGL,CE,Towers with Radar,0,56,30,0,86,0,0,40,0,40,0,56,70,0,126,64,0,64,190
03/10/2003,EVV,IN,AGL,CE,Towers with Radar,0,74,42,0,116,0,0,45,0,45,0,74,87,0,161,72,0,72,233
03/11/2003,EVV,IN,AGL,CE,Towers with Radar,0,73,52,0,125,0,0,75,0,75,0,73,127,0,200,58,0,58,258
03/12/2003,EVV,IN,AGL,CE,Towers with Radar,0,79,63,0,142,0,0,38,0,38,0,79,101,0,180,66,0,66,246
03/13/2003,EVV,IN,AGL,CE,Towers with Radar,0,72,71,0,143,0,0,8,0,8,0,72,79,0,151,98,0,98,249
03/14/2003,EVV,IN,AGL,CE,Towers with Radar,0,72,51,9,132,0,2,34,0,36,0,74,85,9,168,92,0,92,260
03/15/2003,EVV,IN,AGL,CE,Towers with Radar,0,57,36,0,93,0,2,45,0,47,0,59,81,0,140,58,0,58,198
03/16/2003,EVV,IN,AGL,CE,Towers with Radar,0,61,35,0,96,0,0,43,0,43,0,61,78,0,139,28,0,28,167
03/17/2003,EVV,IN,AGL,CE,Towers with Radar,0,78,61,0,139,0,0,60,0,60,0,78,121,0,199,32,0,32,231
03/18/2003,EVV,IN,AGL,CE,Towers with Radar,0,73,51,0,124,0,0,37,0,37,0,73,88,0,161,74,0,74,235
03/19/2003,EVV,IN,AGL,CE,Towers with Radar,0,85,48,0,133,0,4,21,0,25,0,89,69,0,158,60,0,60,218
03/20/2003,EVV,IN,AGL,CE,Towers with Radar,0,67,45,0,112,0,0,26,0,26,0,67,71,0,138,56,0,56,194
03/21/2003,EVV,IN,AGL,CE,Towers with Radar,0,75,55,5,135,0,0,25,0,25,0,75,80,5,160,52,4,56,216
03/22/2003,EVV,IN,AGL,CE,Towers with Radar,0,56,27,0,83,0,1,84,0,85,0,57,111,0,168,54,0,54,222
03/23/2003,EVV,IN,AGL,CE,Towers with Radar,0,56,19,0,75,0,0,51,0,51,0,56,70,0,126,74,0,74,200
03/24/2003,EVV,IN,AGL,CE,Towers with Radar,2,72,38,0,112,0,0,52,0,52,2,72,90,0,164,66,0,66,230
03/25/2003,EVV,IN,AGL,CE,Towers with Radar,0,72,54,0,126,0,0,14,0,14,0,72,68,0,140,28,0,28,168
03/26/2003,EVV,IN,AGL,CE,Towers with Radar,0,81,55,0,136,0,0,67,0,67,0,81,122,0,203,38,0,38,241
03/27/2003,EVV,IN,AGL,CE,Towers with Radar,0,78,62,3,143,0,0,74,0,74,0,78,136,3,217,110,0,110,327
03/28/2003,EVV,IN,AGL,CE,Towers with Radar,0,71,27,0,98,0,0,8,0,8,0,71,35,0,106,12,0,12,118
03/29/2003,EVV,IN,AGL,CE,Towers with Radar,0,61,34,0,95,0,0,55,1,56,0,61,89,1,151,92,0,92,243
03/30/2003,EVV,IN,AGL,CE,Towers with Radar,0,59,31,0,90,0,0,56,3,59,0,59,87,3,149,50,0,50,199
03/31/2003,EVV,IN,AGL,CE,Towers with Radar,0,82,62,2,146,0,0,54,0,54,0,82,116,2,200,78,0,78,278
04/01/2003,EVV,IN,AGL,CE,Towers with Radar,0,70,60,0,130,0,0,20,0,20,0,70,80,0,150,54,0,54,204
04/02/2003,EVV,IN,AGL,CE,Towers with Radar,0,75,57,4,136,0,1,51,2,54,0,76,108,6,190,84,0,84,274
04/03/2003,EVV,IN,AGL,CE,Towers with Radar,0,74,66,0,140,0,0,57,0,57,0,74,123,0,197,92,0,92,289
04/04/2003,EVV,IN,AGL,CE,Towers with Radar,0,62,45,2,109,0,0,21,0,21,0,62,66,2,130,50,0,50,180
04/05/2003,EVV,IN,AGL,CE,Towers with Radar,0,44,42,0,86,0,0,40,0,40,0,44,82,0,126,86,0,86,212
04/06/2003,EVV,IN,AGL,CE,Towers with Radar,0,57,20,0,77,0,0,5,0,5,0,57,25,0,82,14,0,14,96
04/07/2003,EVV,IN,AGL,CE,Towers with Radar,0,62,34,0,96,0,0,24,0,24,0,62,58,0,120,32,0,32,152
04/08/2003,EVV,IN,AGL,CE,Towers with Radar,0,73,63,0,136,2,0,31,0,33,2,73,94,0,169,62,0,62,231
04/09/2003,EVV,IN,AGL,CE,Towers with Radar,0,53,42,0,95,0,19,46,1,66,0,72,88,1,161,52,0,52,213
04/10/2003,EVV,IN,AGL,CE,Towers with Radar,0,76,84,0,160,0,0,98,0,98,0,76,182,0,258,110,0,110,368
04/11/2003,EVV,IN,AGL,CE,Towers with Radar,0,84,73,0,157,0,0,92,0,92,0,84,165,0,249,210,0,210,459
04/12/2003,EVV,IN,AGL,CE,Towers with Radar,0,55,27,0,82,0,3,92,0,95,0,58,119,0,177,152,0,152,329
04/13/2003,EVV,IN,AGL,CE,Towers with Radar,0,61,29,0,90,0,2,81,0,83,0,63,110,0,173,60,0,60,233
04/14/2003,EVV,IN,AGL,CE,Towers with Radar,0,71,65,0,136,0,0,41,0,41,0,71,106,0,177,104,0,104,281
04/15/2003,EVV,IN,AGL,CE,Towers with Radar,0,74,72,0,146,0,1,71,0,72,0,75,143,0,218,114,0,114,332
04/16/2003,EVV,IN,AGL,CE,Towers with Radar,0,71,79,0,150,0,0,32,0,32,0,71,111,0,182,118,0,118,300
04/17/2003,EVV,IN,AGL,CE,Towers with Radar,0,77,59,0,136,0,0,13,0,13,0,77,72,0,149,8,0,8,157
04/18/2003,EVV,IN,AGL,CE,Towers with Radar,0,77,57,0,134,0,0,4,0,4,0,77,61,0,138,68,2,70,208
04/19/2003,EVV,IN,AGL,CE,Towers with Radar,0,51,27,0,78,0,0,45,0,45,0,51,72,0,123,118,0,118,241
04/20/2003,EVV,IN,AGL,CE,Towers with Radar,0,56,22,0,78,0,0,6,0,6,0,56,28,0,84,0,0,0,84
04/21/2003,EVV,IN,AGL,CE,Towers with Radar,0,83,62,0,145,0,0,32,0,32,0,83,94,0,177,108,0,108,285
04/22/2003,EVV,IN,AGL,CE,Towers with Radar,0,76,73,0,149,0,0,82,0,82,0,76,155,0,231,152,0,152,383
04/23/2003,EVV,IN,AGL,CE,Towers with Radar,0,69,119,1,189,0,0,98,0,98,0,69,217,1,287,160,0,160,447
04/24/2003,EVV,IN,AGL,CE,Towers with Radar,0,80,53,0,133,0,0,31,0,31,0,80,84,0,164,82,0,82,246
04/25/2003,EVV,IN,AGL,CE,Towers with Radar,0,74,59,0,133,0,1,0,0,1,0,75,59,0,134,0,0,0,134
04/26/2003,EVV,IN,AGL,CE,Towers with Radar,0,47,36,0,83,0,0,87,5,92,0,47,123,5,175,160,0,160,335
04/27/2003,EVV,IN,AGL,CE,Towers with Radar,0,57,25,2,84,0,0,66,0,66,0,57,91,2,150,134,0,134,284
04/28/2003,EVV,IN,AGL,CE,Towers with Radar,0,72,38,1,111,0,0,43,0,43,0,72,81,1,154,14,0,14,168
04/29/2003,EVV,IN,AGL,CE,Towers with Radar,0,101,53,1,155,0,0,62,0,62,0,101,115,1,217,130,0,130,347
04/30/2003,EVV,IN,AGL,CE,Towers with Radar,0,73,56,0,129,0,0,43,0,43,0,73,99,0,172,80,0,80,252
05/01/2003,EVV,IN,AGL,CE,Towers with Radar,0,68,53,0,121,0,0,37,3,40,0,68,90,3,161,58,0,58,219
05/02/2003,EVV,IN,AGL,CE,Towers with Radar,0,78,96,0,174,0,2,12,0,14,0,80,108,0,188,166,0,166,354
05/03/2003,EVV,IN,AGL,CE,Towers with Radar,0,59,39,6,104,0,0,83,1,84,0,59,122,7,188,122,0,122,310
05/04/2003,EVV,IN,AGL,CE,Towers with Radar,0,54,33,0,87,0,1,15,0,16,0,55,48,0,103,38,0,38,141
05/05/2003,EVV,IN,AGL,CE,Towers with Radar,0,79,43,0,122,0,0,19,0,19,0,79,62,0,141,15,0,15,156
05/06/2003,EVV,IN,AGL,CE,Towers with Radar,0,86,73,0,159,0,0,42,0,42,0,86,115,0,201,100,0,100,301
05/07/2003,EVV,IN,AGL,CE,Towers with Radar,0,74,49,0,123,0,0,15,0,15,0,74,64,0,138,108,0,108,246
05/08/2003,EVV,IN,AGL,CE,Towers with Radar,0,73,57,0,130,0,0,32,0,32,0,73,89,0,162,80,0,80,242
05/09/2003,EVV,IN,AGL,CE,Towers with Radar,0,79,69,0,148,0,0,58,0,58,0,79,127,0,206,46,0,46,252
05/10/2003,EVV,IN,AGL,CE,Towers with Radar,0,48,13,0,61,0,2,27,0,29,0,50,40,0,90,32,0,32,122
05/11/2003,EVV,IN,AGL,CE,Towers with Radar,0,49,20,0,69,0,0,12,0,12,0,49,32,0,81,84,0,84,165
05/12/2003,EVV,IN,AGL,CE,Towers with Radar,0,68,41,0,109,0,0,39,0,39,0,68,80,0,148,80,0,80,228
05/13/2003,EVV,IN,AGL,CE,Towers with Radar,0,72,74,0,146,0,0,72,0,72,0,72,146,0,218,102,0,102,320
05/14/2003,EVV,IN,AGL,CE,Towers with Radar,0,76,72,1,149,0,2,52,3,57,0,78,124,4,206,165,0,165,371
05/15/2003,EVV,IN,AGL,CE,Towers with Radar,0,61,62,0,123,0,0,44,0,44,0,61,106,0,167,104,0,104,271
05/16/2003,EVV,IN,AGL,CE,Towers with Radar,0,80,94,0,174,0,1,56,0,57,0,81,150,0,231,96,0,96,327
05/17/2003,EVV,IN,AGL,CE,Towers with Radar,0,42,34,0,76,0,13,0,0,13,0,55,34,0,89,28,0,28,117
05/18/2003,EVV,IN,AGL,CE,Towers with Radar,0,63,39,7,109,0,1,10,0,11,0,64,49,7,120,96,30,126,246
05/19/2003,EVV,IN,AGL,CE,Towers with Radar,0,69,53,0,122,0,0,24,0,24,0,69,77,0,146,62,0,62,208
05/20/2003,EVV,IN,AGL,CE,Towers with Radar,0,74,68,0,142,0,2,8,0,10,0,76,76,0,152,18,0,18,170
05/21/2003,EVV,IN,AGL,CE,Towers with Radar,0,78,89,0,167,0,2,79,0,81,0,80,168,0,248,90,0,90,338
05/22/2003,EVV,IN,AGL,CE,Towers with Radar,0,67,68,0,135,0,1,85,0,86,0,68,153,0,221,120,0,120,341
05/23/2003,EVV,IN,AGL,CE,Towers with Radar,0,78,78,0,156,0,0,74,0,74,0,78,152,0,230,126,0,126,356
05/24/2003,EVV,IN,AGL,CE,Towers with Radar,0,52,22,0,74,0,2,68,0,70,0,54,90,0,144,52,0,52,196
05/25/2003,EVV,IN,AGL,CE,Towers with Radar,0,43,17,0,60,0,2,11,0,13,0,45,28,0,73,0,0,0,73
05/26/2003,EVV,IN,AGL,CE,Towers with Radar,0,55,17,0,72,0,0,52,0,52,0,55,69,0,124,20,0,20,144
05/27/2003,EVV,IN,AGL,CE,Towers with Radar,0,78,62,0,140,0,0,65,0,65,0,78,127,0,205,230,0,230,435
05/28/2003,EVV,IN,AGL,CE,Towers with Radar,0,76,47,6,129,0,0,49,2,51,0,76,96,8,180,46,0,46,226
05/29/2003,EVV,IN,AGL,CE,Towers with Radar,0,75,84,0,159,0,0,51,0,51,0,75,135,0,210,143,0,143,353
05/30/2003,EVV,IN,AGL,CE,Towers with Radar,0,72,54,0,126,0,0,82,0,82,0,72,136,0,208,46,0,46,254
05/31/2003,EVV,IN,AGL,CE,Towers with Radar,2,46,36,4,88,0,2,30,0,32,2,48,66,4,120,32,0,32,152
06/01/2003,EVV,IN,AGL,CE,Towers with Radar,0,62,27,0,89,0,2,91,0,93,0,64,118,0,182,76,0,76,258
06/02/2003,EVV,IN,AGL,CE,Towers with Radar,0,77,29,0,106,0,1,30,0,31,0,78,59,0,137,19,0,19,156
06/03/2003,EVV,IN,AGL,CE,Towers with Radar,2,72,73,0,147,0,1,4,0,5,2,73,77,0,152,84,0,84,236
06/04/2003,EVV,IN,AGL,CE,Towers with Radar,0,71,64,0,135,0,1,43,0,44,0,72,107,0,179,58,0,58,237
06/05/2003,EVV,IN,AGL,CE,Towers with Radar,0,76,71,1,148,0,1,85,0,86,0,77,156,1,234,138,0,138,372
06/06/2003,EVV,IN,AGL,CE,Towers with Radar,0,63,42,0,105,0,5,40,0,45,0,68,82,0,150,46,0,46,196
06/07/2003,EVV,IN,AGL,CE,Towers with Radar,0,48,31,0,79,0,1,50,0,51,0,49,81,0,130,62,0,62,192
06/08/2003,EVV,IN,AGL,CE,Towers with Radar,0,65,44,0,109,0,1,29,0,30,0,66,73,0,139,85,0,85,224
06/09/2003,EVV,IN,AGL,CE,Towers with Radar,0,68,40,0,108,0,1,61,0,62,0,69,101,0,170,26,0,26,196
06/10/2003,EVV,IN,AGL,CE,Towers with Radar,2,77,50,0,129,0,1,22,0,23,2,78,72,0,152,37,0,37,189
06/11/2003,EVV,IN,AGL,CE,Towers with Radar,0,68,46,0,114,0,2,10,0,12,0,70,56,0,126,98,0,98,224
06/12/2003,EVV,IN,AGL,CE,Towers with Radar,0,89,67,2,158,0,1,51,0,52,0,90,118,2,210,88,10,98,308
06/13/2003,EVV,IN,AGL,CE,Towers with Radar,0,78,50,2,130,0,1,44,0,45,0,79,94,2,175,58,2,60,235
06/14/2003,EVV,IN,AGL,CE,Towers with Radar,0,50,37,0,87,0,1,451,0,452,0,51,488,0,539,486,0,486,1025
06/15/2003,EVV,IN,AGL,CE,Towers with Radar,0,51,44,0,95,0,2,27,0,29,0,53,71,0,124,142,0,142,266
06/16/2003,EVV,IN,AGL,CE,Towers with Radar,0,69,45,4,118,0,1,27,0,28,0,70,72,4,146,78,0,78,224
06/17/2003,EVV,IN,AGL,CE,Towers with Radar,0,78,61,0,139,0,0,38,0,38,0,78,99,0,177,174,0,174,351
06/18/2003,EVV,IN,AGL,CE,Towers with Radar,0,73,59,0,132,0,0,43,0,43,0,73,102,0,175,84,0,84,259
06/19/2003,EVV,IN,AGL,CE,Towers with Radar,0,67,55,0,122,0,2,50,0,52,0,69,105,0,174,202,0,202,376
06/20/2003,EVV,IN,AGL,CE,Towers with Radar,0,65,47,5,117,0,3,77,0,80,0,68,124,5,197,114,0,114,311
06/21/2003,EVV,IN,AGL,CE,Towers with Radar,0,46,24,1,71,0,2,87,0,89,0,48,111,1,160,78,0,78,238
06/22/2003,EVV,IN,AGL,CE,Towers with Radar,0,59,25,0,84,0,1,68,0,69,0,60,93,0,153,90,0,90,243
06/23/2003,EVV,IN,AGL,CE,Towers with Radar,0,72,33,0,105,0,1,92,0,93,0,73,125,0,198,120,0,120,318
06/24/2003,EVV,IN,AGL,CE,Towers with Radar,0,92,88,17,197,0,2,101,0,103,0,94,189,17,300,114,20,134,434
06/25/2003,EVV,IN,AGL,CE,Towers with Radar,0,73,83,1,157,0,1,113,30,144,0,74,196,31,301,130,28,158,459
06/26/2003,EVV,IN,AGL,CE,Towers with Radar,0,84,56,4,144,0,1,42,5,48,0,85,98,9,192,222,22,244,436
06/27/2003,EVV,IN,AGL,CE,Towers with Radar,0,70,55,2,127,0,0,240,22,262,0,70,295,24,389,474,102,576,965
06/28/2003,EVV,IN,AGL,CE,Towers with Radar,0,57,30,0,87,0,2,180,0,182,0,59,210,0,269,918,146,1064,1333
06/29/2003,EVV,IN,AGL,CE,Towers with Radar,0,56,36,3,95,0,1,150,2,153,0,57,186,5,248,648,128,776,1024
06/30/2003,EVV,IN,AGL,CE,Towers with Radar,0,71,43,6,120,0,1,39,5,45,0,72,82,11,165,64,6,70,235
07/01/2003,EVV,IN,AGL,CE,Towers with Radar,0,68,64,0,132,0,0,63,0,63,0,68,127,0,195,94,0,94,289
07/02/2003,EVV,IN,AGL,CE,Towers with Radar,1,74,59,1,135,1,0,106,7,114,2,74,165,8,249,152,6,158,407
07/03/2003,EVV,IN,AGL,CE,Towers with Radar,2,65,54,2,123,0,0,78,0,78,2,65,132,2,201,102,0,102,303
07/04/2003,EVV,IN,AGL,CE,Towers with Radar,2,50,43,0,95,0,0,85,0,85,2,50,128,0,180,80,0,80,260
07/05/2003,EVV,IN,AGL,CE,Towers with Radar,2,49,17,0,68,0,0,56,0,56,2,49,73,0,124,88,0,88,212
07/06/2003,EVV,IN,AGL,CE,Towers with Radar,2,51,27,0,80,0,0,43,0,43,2,51,70,0,123,136,0,136,259
07/07/2003,EVV,IN,AGL,CE,Towers with Radar,0,65,38,0,103,0,0,58,0,58,0,65,96,0,161,124,0,124,285
07/08/2003,EVV,IN,AGL,CE,Towers with Radar,2,64,60,0,126,0,0,40,0,40,2,64,100,0,166,104,0,104,270
07/09/2003,EVV,IN,AGL,CE,Towers with Radar,2,72,58,0,132,0,0,33,0,33,2,72,91,0,165,98,0,98,263
07/10/2003,EVV,IN,AGL,CE,Towers with Radar,4,68,57,0,129,0,0,2,0,2,4,68,59,0,131,84,0,84,215
07/11/2003,EVV,IN,AGL,CE,Towers with Radar,0,73,57,6,136,0,0,86,0,86,0,73,143,6,222,198,0,198,420
07/12/2003,EVV,IN,AGL,CE,Towers with Radar,1,51,54,0,106,1,0,92,0,93,2,51,146,0,199,92,0,92,291
07/13/2003,EVV,IN,AGL,CE,Towers with Radar,2,65,28,2,97,0,0,78,0,78,2,65,106,2,175,70,0,70,245
07/14/2003,EVV,IN,AGL,CE,Towers with Radar,0,72,68,0,140,0,0,52,0,52,0,72,120,0,192,64,0,64,256
07/15/2003,EVV,IN,AGL,CE,Towers with Radar,2,68,69,0,139,0,0,32,0,32,2,68,101,0,171,75,0,75,246
07/16/2003,EVV,IN,AGL,CE,Towers with Radar,2,73,52,0,127,0,0,78,0,78,2,73,130,0,205,8,0,8,213
07/17/2003,EVV,IN,AGL,CE,Towers with Radar,2,69,62,7,140,0,0,68,0,68,2,69,130,7,208,204,20,224,432
07/18/2003,EVV,IN,AGL,CE,Towers with Radar,2,68,48,3,121,0,0,38,0,38,2,68,86,3,159,92,0,92,251
07/19/2003,EVV,IN,AGL,CE,Towers with Radar,2,50,24,0,76,0,1,41,0,42,2,51,65,0,118,68,0,68,186
07/20/2003,EVV,IN,AGL,CE,Towers with Radar,0,56,58,0,114,0,0,62,0,62,0,56,120,0,176,72,0,72,248
07/21/2003,EVV,IN,AGL,CE,Towers with Radar,2,70,49,0,121,0,1,26,2,29,2,71,75,2,150,104,0,104,254
07/22/2003,EVV,IN,AGL,CE,Towers with Radar,3,61,76,0,140,0,0,59,0,59,3,61,135,0,199,130,0,130,329
07/23/2003,EVV,IN,AGL,CE,Towers with Radar,2,69,60,0,131,0,1,56,1,58,2,70,116,1,189,208,0,208,397
07/24/2003,EVV,IN,AGL,CE,Towers with Radar,2,68,58,0,128,0,0,98,0,98,2,68,156,0,226,90,0,90,316
07/25/2003,EVV,IN,AGL,CE,Towers with Radar,2,82,54,0,138,0,0,116,0,116,2,82,170,0,254,102,0,102,356
07/26/2003,EVV,IN,AGL,CE,Towers with Radar,1,59,19,1,80,0,2,80,3,85,1,61,99,4,165,108,0,108,273
07/27/2003,EVV,IN,AGL,CE,Towers with Radar,1,48,21,0,70,0,0,50,0,50,1,48,71,0,120,30,0,30,150
07/28/2003,EVV,IN,AGL,CE,Towers with Radar,1,68,54,0,123,0,0,42,0,42,1,68,96,0,165,43,0,43,208
07/29/2003,EVV,IN,AGL,CE,Towers with Radar,1,77,57,1,136,3,22,86,3,114,4,99,143,4,250,108,6,114,364
07/30/2003,EVV,IN,AGL,CE,Towers with Radar,0,75,59,0,134,0,0,44,0,44,0,75,103,0,178,170,0,170,348
07/31/2003,EVV,IN,AGL,CE,Towers with Radar,2,78,72,0,152,0,0,55,0,55,2,78,127,0,207,74,0,74,281
08/01/2003,EVV,IN,AGL,CE,Towers with Radar,5,68,43,9,125,0,1,47,0,48,5,69,90,9,173,122,0,122,295
08/02/2003,EVV,IN,AGL,CE,Towers with Radar,2,47,11,0,60,0,1,12,0,13,2,48,23,0,73,2,0,2,75
08/03/2003,EVV,IN,AGL,CE,Towers with Radar,2,49,34,0,85,0,3,34,0,37,2,52,68,0,122,68,0,68,190
08/04/2003,EVV,IN,AGL,CE,Towers with Radar,0,59,35,0,94,0,1,13,0,14,0,60,48,0,108,30,0,30,138
08/05/2003,EVV,IN,AGL,CE,Towers with Radar,2,70,60,0,132,0,1,50,0,51,2,71,110,0,183,126,0,126,309
08/06/2003,EVV,IN,AGL,CE,Towers with Radar,0,68,42,0,110,0,1,43,0,44,0,69,85,0,154,100,0,100,254
08/07/2003,EVV,IN,AGL,CE,Towers with Radar,2,68,52,1,123,0,1,55,1,57,2,69,107,2,180,106,0,106,286
08/08/2003,EVV,IN,AGL,CE,Towers with Radar,0,69,36,0,105,0,1,53,0,54,0,70,89,0,159,62,0,62,221
08/09/2003,EVV,IN,AGL,CE,Towers with Radar,2,50,27,0,79,0,1,38,0,39,2,51,65,0,118,40,0,40,158
08/10/2003,EVV,IN,AGL,CE,Towers with Radar,2,47,33,1,83,0,1,64,0,65,2,48,97,1,148,10,0,10,158
08/11/2003,EVV,IN,AGL,CE,Towers with Radar,2,80,48,0,130,0,1,34,0,35,2,81,82,0,165,100,0,100,265
08/12/2003,EVV,IN,AGL,CE,Towers with Radar,4,72,67,0,143,0,2,41,1,44,4,74,108,1,187,88,0,88,275
08/13/2003,EVV,IN,AGL,CE,Towers with Radar,2,79,81,0,162,0,1,29,0,30,2,80,110,0,192,142,0,142,334
08/14/2003,EVV,IN,AGL,CE,Towers with Radar,2,71,54,0,127,0,0,56,1,57,2,71,110,1,184,64,0,64,248
08/15/2003,EVV,IN,AGL,CE,Towers with Radar,0,67,42,0,109,0,1,43,0,44,0,68,85,0,153,42,0,42,195
08/16/2003,EVV,IN,AGL,CE,Towers with Radar,0,43,20,0,63,0,1,40,1,42,0,44,60,1,105,78,0,78,183
08/17/2003,EVV,IN,AGL,CE,Towers with Radar,2,52,24,0,78,0,0,52,0,52,2,52,76,0,130,76,0,76,206
08/18/2003,EVV,IN,AGL,CE,Towers with Radar,1,69,46,2,118,0,0,45,2,47,1,69,91,4,165,118,0,118,283
08/19/2003,EVV,IN,AGL,CE,Towers with Radar,1,72,51,0,124,0,0,70,0,70,1,72,121,0,194,60,0,60,254
08/20/2003,EVV,IN,AGL,CE,Towers with Radar,2,82,57,0,141,0,0,98,2,100,2,82,155,2,241,62,0,62,303
08/21/2003,EVV,IN,AGL,CE,Towers with Radar,2,74,49,0,125,0,0,60,0,60,2,74,109,0,185,62,0,62,247
08/22/2003,EVV,IN,AGL,CE,Towers with Radar,0,77,67,3,147,0,0,40,0,40,0,77,107,3,187,32,0,32,219
08/23/2003,EVV,IN,AGL,CE,Towers with Radar,2,52,43,0,97,2,0,52,0,54,4,52,95,0,151,56,0,56,207
08/24/2003,EVV,IN,AGL,CE,Towers with Radar,2,55,35,3,95,0,0,83,0,83,2,55,118,3,178,44,0,44,222
08/25/2003,EVV,IN,AGL,CE,Towers with Radar,0,64,44,0,108,0,1,77,0,78,0,65,121,0,186,76,0,76,262
08/26/2003,EVV,IN,AGL,CE,Towers with Radar,2,84,58,0,144,0,0,45,0,45,2,84,103,0,189,160,0,160,349
08/27/2003,EVV,IN,AGL,CE,Towers with Radar,4,70,62,0,136,0,0,51,0,51,4,70,113,0,187,64,0,64,251
08/28/2003,EVV,IN,AGL,CE,Towers with Radar,2,71,58,0,131,2,0,71,0,73,4,71,129,0,204,54,0,54,258
08/29/2003,EVV,IN,AGL,CE,Towers with Radar,2,68,42,0,112,0,0,29,0,29,2,68,71,0,141,10,0,10,151
08/30/2003,EVV,IN,AGL,CE,Towers with Radar,0,46,10,0,56,0,0,9,0,9,0,46,19,0,65,30,0,30,95
08/31/2003,EVV,IN,AGL,CE,Towers with Radar,0,23,16,0,39,4,16,5,0,25,4,39,21,0,64,12,0,12,76
09/01/2003,EVV,IN,AGL,CE,Towers with Radar,1,54,32,0,87,1,0,14,0,15,2,54,46,0,102,0,0,0,102
09/02/2003,EVV,IN,AGL,CE,Towers with Radar,2,67,42,0,111,0,0,0,0,0,2,67,42,0,111,0,0,0,111
09/03/2003,EVV,IN,AGL,CE,Towers with Radar,3,77,86,0,166,0,0,7,0,7,3,77,93,0,173,28,0,28,201
09/04/2003,EVV,IN,AGL,CE,Towers with Radar,0,75,66,0,141,0,0,93,0,93,0,75,159,0,234,122,0,122,356
09/05/2003,EVV,IN,AGL,CE,Towers with Radar,2,73,53,5,133,0,0,77,0,77,2,73,130,5,210,90,0,90,300
09/06/2003,EVV,IN,AGL,CE,Towers with Radar,2,51,40,2,95,0,0,72,0,72,2,51,112,2,167,72,0,72,239
09/07/2003,EVV,IN,AGL,CE,Towers with Radar,1,51,35,0,87,1,4,64,3,72,2,55,99,3,159,56,0,56,215
09/08/2003,EVV,IN,AGL,CE,Towers with Radar,2,70,35,2,109,0,0,37,0,37,2,70,72,2,146,22,0,22,168
09/09/2003,EVV,IN,AGL,CE,Towers with Radar,2,69,53,0,124,0,0,50,0,50,2,69,103,0,174,92,0,92,266
09/10/2003,EVV,IN,AGL,CE,Towers with Radar,2,81,105,0,188,0,0,93,0,93,2,81,198,0,281,122,0,122,403
09/11/2003,EVV,IN,AGL,CE,Towers with Radar,0,84,56,3,143,0,1,70,0,71,0,85,126,3,214,116,0,116,330
09/12/2003,EVV,IN,AGL,CE,Towers with Radar,2,72,50,3,127,0,0,51,0,51,2,72,101,3,178,88,0,88,266
09/13/2003,EVV,IN,AGL,CE,Towers with Radar,1,37,26,0,64,1,8,46,1,56,2,45,72,1,120,32,0,32,152
09/14/2003,EVV,IN,AGL,CE,Towers with Radar,2,60,28,2,92,0,0,26,0,26,2,60,54,2,118,32,0,32,150
09/15/2003,EVV,IN,AGL,CE,Towers with Radar,2,68,45,0,115,0,0,66,0,66,2,68,111,0,181,130,0,130,311
09/16/2003,EVV,IN,AGL,CE,Towers with Radar,2,86,89,0,177,0,0,89,0,89,2,86,178,0,266,104,0,104,370
09/17/2003,EVV,IN,AGL,CE,Towers with Radar,2,75,69,12,158,0,0,74,0,74,2,75,143,12,232,180,0,180,412
09/18/2003,EVV,IN,AGL,CE,Towers with Radar,2,77,39,2,120,0,0,74,0,74,2,77,113,2,194,46,0,46,240
09/19/2003,EVV,IN,AGL,CE,Towers with Radar,2,75,50,0,127,0,1,44,0,45,2,76,94,0,172,158,0,158,330
09/20/2003,EVV,IN,AGL,CE,Towers with Radar,2,45,18,0,65,0,0,74,3,77,2,45,92,3,142,42,0,42,184
09/21/2003,EVV,IN,AGL,CE,Towers with Radar,1,47,35,0,83,1,6,26,3,36,2,53,61,3,119,14,0,14,133
09/22/2003,EVV,IN,AGL,CE,Towers with Radar,3,64,48,1,116,0,0,26,0,26,3,64,74,1,142,16,0,16,158
09/23/2003,EVV,IN,AGL,CE,Towers with Radar,2,72,70,0,144,0,0,81,0,81,2,72,151,0,225,101,0,101,326
09/24/2003,EVV,IN,AGL,CE,Towers with Radar,2,71,14,0,87,0,1,56,1,58,2,72,70,1,145,42,0,42,187
09/25/2003,EVV,IN,AGL,CE,Towers with Radar,2,90,77,0,169,0,0,76,0,76,2,90,153,0,245,122,0,122,367
09/26/2003,EVV,IN,AGL,CE,Towers with Radar,4,87,65,0,156,0,0,50,0,50,4,87,115,0,206,80,0,80,286
09/27/2003,EVV,IN,AGL,CE,Towers with Radar,2,50,33,0,85,0,0,57,0,57,2,50,90,0,142,24,0,24,166
09/28/2003,EVV,IN,AGL,CE,Towers with Radar,2,52,34,0,88,0,1,46,0,47,2,53,80,0,135,44,0,44,179
09/29/2003,EVV,IN,AGL,CE,Towers with Radar,2,73,50,0,125,0,0,50,0,50,2,73,100,0,175,64,0,64,239
09/30/2003,EVV,IN,AGL,CE,Towers with Radar,2,86,67,0,155,0,0,43,0,43,2,86,110,0,198,62,0,62,260
10/01/2003,EVV,IN,AGL,CE,Towers with Radar,3,77,55,0,135,4,2,34,0,40,7,79,89,0,175,96,0,96,271
10/02/2003,EVV,IN,AGL,CE,Towers with Radar,2,92,65,0,159,0,0,53,0,53,2,92,118,0,212,52,0,52,264
10/03/2003,EVV,IN,AGL,CE,Towers with Radar,2,73,52,0,127,0,0,39,0,39,2,73,91,0,166,42,0,42,208
10/04/2003,EVV,IN,AGL,CE,Towers with Radar,3,49,39,0,91,3,0,50,0,53,6,49,89,0,144,6,0,6,150
10/05/2003,EVV,IN,AGL,CE,Towers with Radar,2,44,32,0,78,0,12,50,0,62,2,56,82,0,140,38,0,38,178
10/06/2003,EVV,IN,AGL,CE,Towers with Radar,2,58,42,0,102,0,9,35,0,44,2,67,77,0,146,20,0,20,166
10/07/2003,EVV,IN,AGL,CE,Towers with Radar,3,81,58,0,142,1,0,47,0,48,4,81,105,0,190,78,0,78,268
10/08/2003,EVV,IN,AGL,CE,Towers with Radar,2,78,56,0,136,0,6,77,0,83,2,84,133,0,219,104,0,104,323
10/09/2003,EVV,IN,AGL,CE,Towers with Radar,2,70,50,0,122,0,3,81,0,84,2,73,131,0,206,0,0,0,206
10/10/2003,EVV,IN,AGL,CE,Towers with Radar,2,71,69,0,142,0,0,62,0,62,2,71,131,0,204,52,0,52,256
10/11/2003,EVV,IN,AGL,CE,Towers with Radar,2,52,38,0,92,0,0,76,0,76,2,52,114,0,168,72,0,72,240
10/12/2003,EVV,IN,AGL,CE,Towers with Radar,2,53,46,0,101,0,0,82,0,82,2,53,128,0,183,96,0,96,279
10/13/2003,EVV,IN,AGL,CE,Towers with Radar,2,53,38,0,93,0,10,49,0,59,2,63,87,0,152,60,0,60,212
10/14/2003,EVV,IN,AGL,CE,Towers with Radar,2,63,45,0,110,0,8,13,0,21,2,71,58,0,131,110,0,110,241
10/15/2003,EVV,IN,AGL,CE,Towers with Radar,2,77,55,0,134,0,0,83,0,83,2,77,138,0,217,56,0,56,273
10/16/2003,EVV,IN,AGL,CE,Towers with Radar,2,78,54,0,134,0,5,53,0,58,2,83,107,0,192,44,0,44,236
10/17/2003,EVV,IN,AGL,CE,Towers with Radar,2,81,57,1,141,0,0,2,0,2,2,81,59,1,143,60,0,60,203
10/18/2003,EVV,IN,AGL,CE,Towers with Radar,2,53,40,1,96,0,0,49,11,60,2,53,89,12,156,32,10,42,198
10/19/2003,EVV,IN,AGL,CE,Towers with Radar,1,57,39,1,98,1,1,82,0,84,2,58,121,1,182,74,0,74,256
10/20/2003,EVV,IN,AGL,CE,Towers with Radar,1,51,35,0,87,1,18,47,0,66,2,69,82,0,153,14,0,14,167
10/21/2003,EVV,IN,AGL,CE,Towers with Radar,2,73,50,0,125,0,2,44,0,46,2,75,94,0,171,20,0,20,191
10/22/2003,EVV,IN,AGL,CE,Towers with Radar,2,75,63,0,140,0,0,70,0,70,2,75,133,0,210,30,0,30,240
10/23/2003,EVV,IN,AGL,CE,Towers with Radar,2,68,47,0,117,0,3,55,0,58,2,71,102,0,175,196,0,196,371
10/24/2003,EVV,IN,AGL,CE,Towers with Radar,2,69,51,0,122,0,0,75,0,75,2,69,126,0,197,56,0,56,253
10/25/2003,EVV,IN,AGL,CE,Towers with Radar,1,40,27,0,68,1,21,13,0,35,2,61,40,0,103,44,0,44,147
10/26/2003,EVV,IN,AGL,CE,Towers with Radar,1,47,32,0,80,0,10,32,0,42,1,57,64,0,122,46,0,46,168
10/27/2003,EVV,IN,AGL,CE,Towers with Radar,2,67,47,0,116,0,0,24,0,24,2,67,71,0,140,30,0,30,170
10/28/2003,EVV,IN,AGL,CE,Towers with Radar,2,74,54,0,130,0,0,11,0,11,2,74,65,0,141,46,0,46,187
10/29/2003,EVV,IN,AGL,CE,Towers with Radar,2,85,67,0,154,0,0,97,0,97,2,85,164,0,251,110,0,110,361
10/30/2003,EVV,IN,AGL,CE,Towers with Radar,2,72,51,1,126,0,2,46,0,48,2,74,97,1,174,48,0,48,222
10/31/2003,EVV,IN,AGL,CE,Towers with Radar,2,81,64,1,148,0,0,32,1,33,2,81,96,2,181,40,0,40,221
11/01/2003,EVV,IN,AGL,CE,Towers with Radar,2,50,35,0,87,0,11,47,0,58,2,61,82,0,145,30,0,30,175
11/02/2003,EVV,IN,AGL,CE,Towers with Radar,2,48,35,0,85,0,3,38,0,41,2,51,73,0,126,36,0,36,162
11/03/2003,EVV,IN,AGL,CE,Towers with Radar,2,53,39,1,95,0,3,51,9,63,2,56,90,10,158,30,14,44,202
11/04/2003,EVV,IN,AGL,CE,Towers with Radar,2,71,57,0,130,0,0,47,0,47,2,71,104,0,177,138,0,138,315
11/05/2003,EVV,IN,AGL,CE,Towers with Radar,2,73,56,0,131,0,0,74,0,74,2,73,130,0,205,44,0,44,249
11/06/2003,EVV,IN,AGL,CE,Towers with Radar,2,80,61,1,144,0,0,0,0,0,2,80,61,1,144,6,0,6,150
11/07/2003,EVV,IN,AGL,CE,Towers with Radar,2,63,66,0,131,0,0,83,0,83,2,63,149,0,214,104,0,104,318
11/08/2003,EVV,IN,AGL,CE,Towers with Radar,2,34,25,0,61,1,8,64,0,73,3,42,89,0,134,52,0,52,186
11/09/2003,EVV,IN,AGL,CE,Towers with Radar,2,41,30,0,73,0,16,51,0,67,2,57,81,0,140,60,0,60,200
11/10/2003,EVV,IN,AGL,CE,Towers with Radar,2,67,49,0,118,0,1,30,0,31,2,68,79,0,149,58,0,58,207
11/11/2003,EVV,IN,AGL,CE,Towers with Radar,2,67,51,0,120,0,0,19,0,19,2,67,70,0,139,92,0,92,231
11/12/2003,EVV,IN,AGL,CE,Towers with Radar,2,64,46,0,112,0,7,17,0,24,2,71,63,0,136,74,0,74,210
11/13/2003,EVV,IN,AGL,CE,Towers with Radar,2,74,55,1,132,0,0,36,1,37,2,74,91,2,169,146,0,146,315
11/14/2003,EVV,IN,AGL,CE,Towers with Radar,2,75,58,1,136,0,0,35,1,36,2,75,93,2,172,132,8,140,312
11/15/2003,EVV,IN,AGL,CE,Towers with Radar,2,43,18,0,63,0,7,0,0,7,2,50,18,0,70,0,0,0,70
11/16/2003,EVV,IN,AGL,CE,Towers with Radar,1,54,40,2,97,1,0,12,4,17,2,54,52,6,114,14,0,14,128
11/17/2003,EVV,IN,AGL,CE,Towers with Radar,1,57,40,1,99,1,7,6,0,14,2,64,46,1,113,52,0,52,165
11/18/2003,EVV,IN,AGL,CE,Towers with Radar,2,64,45,0,111,0,17,9,0,26,2,81,54,0,137,22,0,22,159
11/19/2003,EVV,IN,AGL,CE,Towers with Radar,2,66,47,0,115,0,11,53,0,64,2,77,100,0,179,132,0,132,311
11/20/2003,EVV,IN,AGL,CE,Towers with Radar,1,64,45,2,112,0,7,53,0,60,1,71,98,2,172,190,0,190,362
11/21/2003,EVV,IN,AGL,CE,Towers with Radar,2,72,59,0,133,0,0,58,0,58,2,72,117,0,191,216,0,216,407
11/22/2003,EVV,IN,AGL,CE,Towers with Radar,1,39,36,2,78,1,0,43,5,49,2,39,79,7,127,44,0,44,171
11/23/2003,EVV,IN,AGL,CE,Towers with Radar,1,36,23,0,60,1,12,0,0,13,2,48,23,0,73,0,0,0,73
11/24/2003,EVV,IN,AGL,CE,Towers with Radar,1,54,38,0,93,1,13,24,0,38,2,67,62,0,131,52,0,52,183
11/25/2003,EVV,IN,AGL,CE,Towers with Radar,2,73,61,3,139,0,0,54,7,61,2,73,115,10,200,83,2,85,285
11/26/2003,EVV,IN,AGL,CE,Towers with Radar,2,61,46,0,109,0,0,46,0,46,2,61,92,0,155,154,0,154,309
11/27/2003,EVV,IN,AGL,CE,Towers with Radar,1,40,28,0,69,1,2,9,0,12,2,42,37,0,81,0,0,0,81
11/28/2003,EVV,IN,AGL,CE,Towers with Radar,1,41,31,0,73,1,0,14,0,15,2,41,45,0,88,12,0,12,100
11/29/2003,EVV,IN,AGL,CE,Towers with Radar,1,46,36,2,85,1,0,51,0,52,2,46,87,2,137,50,0,50,187
11/30/2003,EVV,IN,AGL,CE,Towers with Radar,1,53,38,0,92,1,0,35,0,36,2,53,73,0,128,6,0,6,134
12/01/2003,EVV,IN,AGL,CE,Towers with Radar,2,75,45,0,122,0,0,55,4,59,2,75,100,4,181,18,0,18,199
12/02/2003,EVV,IN,AGL,CE,Towers with Radar,2,73,48,0,123,0,0,29,0,29,2,73,77,0,152,76,0,76,228
12/03/2003,EVV,IN,AGL,CE,Towers with Radar,2,72,41,0,115,0,3,28,0,31,2,75,69,0,146,48,0,48,194
12/04/2003,EVV,IN,AGL,CE,Towers with Radar,2,72,42,0,116,0,0,21,0,21,2,72,63,0,137,18,0,18,155
12/05/2003,EVV,IN,AGL,CE,Towers with Radar,2,51,29,0,82,0,19,2,0,21,2,70,31,0,103,76,0,76,179
12/06/2003,EVV,IN,AGL,CE,Towers with Radar,2,45,27,0,74,0,0,31,0,31,2,45,58,0,105,44,0,44,149
12/07/2003,EVV,IN,AGL,CE,Towers with Radar,2,51,30,0,83,0,0,54,0,54,2,51,84,0,137,92,0,92,229
12/08/2003,EVV,IN,AGL,CE,Towers with Radar,0,62,36,0,98,0,11,41,0,52,0,73,77,0,150,76,0,76,226
12/09/2003,EVV,IN,AGL,CE,Towers with Radar,2,72,50,0,124,0,0,10,0,10,2,72,60,0,134,20,0,20,154
12/10/2003,EVV,IN,AGL,CE,Towers with Radar,2,72,42,0,116,0,9,8,0,17,2,81,50,0,133,6,0,6,139
12/11/2003,EVV,IN,AGL,CE,Towers with Radar,2,74,56,0,132,0,0,20,0,20,2,74,76,0,152,70,0,70,222
12/12/2003,EVV,IN,AGL,CE,Towers with Radar,0,76,54,0,130,0,0,67,0,67,0,76,121,0,197,144,0,144,341
12/13/2003,EVV,IN,AGL,CE,Towers with Radar,1,28,12,0,41,1,17,0,0,18,2,45,12,0,59,44,0,44,103
12/14/2003,EVV,IN,AGL,CE,Towers with Radar,0,30,12,0,42,0,19,0,7,26,0,49,12,7,68,2,0,2,70
12/15/2003,EVV,IN,AGL,CE,Towers with Radar,2,71,41,0,114,0,5,13,0,18,2,76,54,0,132,0,0,0,132
12/16/2003,EVV,IN,AGL,CE,Towers with Radar,3,71,51,0,125,1,0,26,6,33,4,71,77,6,158,54,4,58,216
12/17/2003,EVV,IN,AGL,CE,Towers with Radar,2,69,51,0,122,1,0,88,0,89,3,69,139,0,211,44,0,44,255
12/18/2003,EVV,IN,AGL,CE,Towers with Radar,2,62,36,0,100,2,0,10,0,12,4,62,46,0,112,12,0,12,124
12/19/2003,EVV,IN,AGL,CE,Towers with Radar,2,72,18,0,92,0,5,0,0,5,2,77,18,0,97,48,0,48,145
12/20/2003,EVV,IN,AGL,CE,Towers with Radar,1,50,30,0,81,1,0,87,0,88,2,50,117,0,169,60,4,64,233
12/21/2003,EVV,IN,AGL,CE,Towers with Radar,1,52,29,0,82,1,12,30,0,43,2,64,59,0,125,34,0,34,159
12/22/2003,EVV,IN,AGL,CE,Towers with Radar,2,63,39,0,104,0,0,14,0,14,2,63,53,0,118,70,0,70,188
12/23/2003,EVV,IN,AGL,CE,Towers with Radar,1,52,17,0,70,1,18,0,0,19,2,70,17,0,89,4,0,4,93
12/24/2003,EVV,IN,AGL,CE,Towers with Radar,1,54,30,0,85,1,1,16,0,18,2,55,46,0,103,40,0,40,143
12/25/2003,EVV,IN,AGL,CE,Towers with Radar,0,27,15,0,42,2,21,24,0,47,2,48,39,0,89,10,0,10,99
12/26/2003,EVV,IN,AGL,CE,Towers with Radar,2,68,39,0,109,0,0,68,0,68,2,68,107,0,177,134,0,134,311
12/27/2003,EVV,IN,AGL,CE,Towers with Radar,0,33,25,0,58,0,0,68,0,68,0,33,93,0,126,62,0,62,188
12/28/2003,EVV,IN,AGL,CE,Towers with Radar,1,45,23,0,69,1,11,0,0,12,2,56,23,0,81,12,0,12,93
12/29/2003,EVV,IN,AGL,CE,Towers with Radar,1,55,30,0,86,1,13,7,0,21,2,68,37,0,107,20,0,20,127
12/30/2003,EVV,IN,AGL,CE,Towers with Radar,2,65,41,0,108,0,0,65,0,65,2,65,106,0,173,130,0,130,303
12/31/2003,EVV,IN,AGL,CE,Towers with Radar,2,59,35,0,96,2,0,51,0,53,4,59,86,0,149,52,0,52,201
01/01/2004,EVV,IN,AGL,CE,Towers with Radar,2,26,6,0,34,0,16,0,0,16,2,42,6,0,50,6,0,6,56
01/02/2004,EVV,IN,AGL,CE,Towers with Radar,3,52,35,0,90,1,0,6,0,7,4,52,41,0,97,0,0,0,97
01/03/2004,EVV,IN,AGL,CE,Towers with Radar,0,43,20,0,63,0,1,0,0,1,0,44,20,0,64,6,0,6,70
01/04/2004,EVV,IN,AGL,CE,Towers with Radar,2,28,15,0,45,1,7,0,0,8,3,35,15,0,53,6,0,6,59
01/05/2004,EVV,IN,AGL,CE,Towers with Radar,2,54,23,0,79,0,4,0,2,6,2,58,23,2,85,20,0,20,105
01/06/2004,EVV,IN,AGL,CE,Towers with Radar,2,55,35,0,92,0,1,54,0,55,2,56,89,0,147,70,0,70,217
01/07/2004,EVV,IN,AGL,CE,Towers with Radar,2,63,44,0,109,0,0,41,1,42,2,63,85,1,151,44,0,44,195
01/08/2004,EVV,IN,AGL,CE,Towers with Radar,2,59,37,0,98,0,9,21,0,30,2,68,58,0,128,60,0,60,188
01/09/2004,EVV,IN,AGL,CE,Towers with Radar,2,58,43,0,103,0,0,25,0,25,2,58,68,0,128,102,0,102,230
01/10/2004,EVV,IN,AGL,CE,Towers with Radar,2,40,25,0,67,0,2,58,2,62,2,42,83,2,129,64,4,68,197
01/11/2004,EVV,IN,AGL,CE,Towers with Radar,2,38,24,0,64,2,6,30,1,39,4,44,54,1,103,24,0,24,127
01/12/2004,EVV,IN,AGL,CE,Towers with Radar,2,70,44,0,116,0,6,26,0,32,2,76,70,0,148,92,0,92,240
01/13/2004,EVV,IN,AGL,CE,Towers with Radar,2,62,43,0,107,0,0,32,0,32,2,62,75,0,139,102,0,102,241
01/14/2004,EVV,IN,AGL,CE,Towers with Radar,2,65,48,0,115,0,0,49,0,49,2,65,97,0,164,74,0,74,238
01/15/2004,EVV,IN,AGL,CE,Towers with Radar,2,82,60,0,144,0,0,113,0,113,2,82,173,0,257,36,0,36,293
01/16/2004,EVV,IN,AGL,CE,Towers with Radar,2,70,48,0,120,0,0,51,0,51,2,70,99,0,171,89,0,89,260
01/17/2004,EVV,IN,AGL,CE,Towers with Radar,1,30,13,0,44,5,12,0,0,17,6,42,13,0,61,20,0,20,81
01/18/2004,EVV,IN,AGL,CE,Towers with Radar,1,34,20,0,55,1,10,0,0,11,2,44,20,0,66,10,0,10,76
01/19/2004,EVV,IN,AGL,CE,Towers with Radar,2,62,38,0,102,0,0,25,0,25,2,62,63,0,127,32,0,32,159
01/20/2004,EVV,IN,AGL,CE,Towers with Radar,2,80,48,0,130,0,1,72,0,73,2,81,120,0,203,96,0,96,299
01/21/2004,EVV,IN,AGL,CE,Towers with Radar,2,79,50,0,131,0,0,55,1,56,2,79,105,1,187,168,0,168,355
01/22/2004,EVV,IN,AGL,CE,Towers with Radar,2,65,39,0,106,0,2,41,0,43,2,67,80,0,149,66,0,66,215
01/23/2004,EVV,IN,AGL,CE,Towers with Radar,3,68,48,0,119,0,0,38,0,38,3,68,86,0,157,46,0,46,203
01/24/2004,EVV,IN,AGL,CE,Towers with Radar,1,42,25,0,68,1,11,61,1,74,2,53,86,1,142,48,0,48,190
01/25/2004,EVV,IN,AGL,CE,Towers with Radar,0,13,4,0,17,0,7,0,1,8,0,20,4,1,25,0,0,0,25
01/26/2004,EVV,IN,AGL,CE,Towers with Radar,1,33,20,0,54,1,5,8,0,14,2,38,28,0,68,0,0,0,68
01/27/2004,EVV,IN,AGL,CE,Towers with Radar,1,40,24,0,65,1,9,1,0,11,2,49,25,0,76,40,0,40,116
01/28/2004,EVV,IN,AGL,CE,Towers with Radar,2,72,51,0,125,0,0,60,0,60,2,72,111,0,185,114,0,114,299
01/29/2004,EVV,IN,AGL,CE,Towers with Radar,2,57,34,0,93,0,1,12,0,13,2,58,46,0,106,92,0,92,198
01/30/2004,EVV,IN,AGL,CE,Towers with Radar,2,59,35,0,96,0,1,19,1,21,2,60,54,1,117,112,0,112,229
01/31/2004,EVV,IN,AGL,CE,Towers with Radar,1,43,28,0,72,1,0,38,0,39,2,43,66,0,111,44,0,44,155
02/01/2004,EVV,IN,AGL,CE,Towers with Radar,2,36,26,0,64,0,19,9,0,28,2,55,35,0,92,28,0,28,120
02/02/2004,EVV,IN,AGL,CE,Towers with Radar,2,40,22,0,64,0,26,0,0,26,2,66,22,0,90,8,0,8,98
02/03/2004,EVV,IN,AGL,CE,Towers with Radar,2,54,40,0,96,0,13,22,0,35,2,67,62,0,131,126,0,126,257
02/04/2004,EVV,IN,AGL,CE,Towers with Radar,2,71,66,0,139,0,0,69,0,69,2,71,135,0,208,116,0,116,324
02/05/2004,EVV,IN,AGL,CE,Towers with Radar,2,35,23,0,60,0,25,0,0,25,2,60,23,0,85,0,0,0,85
02/06/2004,EVV,IN,AGL,CE,Towers with Radar,3,67,50,0,120,0,17,3,1,21,3,84,53,1,141,88,0,88,229
02/07/2004,EVV,IN,AGL,CE,Towers with Radar,1,21,16,0,38,1,18,1,0,20,2,39,17,0,58,0,0,0,58
02/08/2004,EVV,IN,AGL,CE,Towers with Radar,2,37,26,0,65,0,11,0,0,11,2,48,26,0,76,46,0,46,122
02/09/2004,EVV,IN,AGL,CE,Towers with Radar,2,62,46,0,110,1,0,24,0,25,3,62,70,0,135,20,0,20,155
02/10/2004,EVV,IN,AGL,CE,Towers with Radar,2,68,50,1,121,0,5,46,0,51,2,73,96,1,172,102,0,102,274
02/11/2004,EVV,IN,AGL,CE,Towers with Radar,2,62,65,1,130,0,0,92,6,98,2,62,157,7,228,178,0,178,406
02/12/2004,EVV,IN,AGL,CE,Towers with Radar,2,54,40,1,97,1,7,19,1,28,3,61,59,2,125,103,0,103,228
02/13/2004,EVV,IN,AGL,CE,Towers with Radar,2,77,57,0,136,0,2,9,0,11,2,79,66,0,147,182,0,182,329
02/14/2004,EVV,IN,AGL,CE,Towers with Radar,1,37,28,0,66,1,7,71,0,79,2,44,99,0,145,54,0,54,199
02/15/2004,EVV,IN,AGL,CE,Towers with Radar,1,32,24,0,57,1,13,15,0,29,2,45,39,0,86,34,0,34,120
02/16/2004,EVV,IN,AGL,CE,Towers with Radar,2,58,43,0,103,0,1,43,0,44,2,59,86,0,147,112,0,112,259
02/17/2004,EVV,IN,AGL,CE,Towers with Radar,2,73,66,0,141,0,0,83,0,83,2,73,149,0,224,118,0,118,342
02/18/2004,EVV,IN,AGL,CE,Towers with Radar,2,74,81,0,157,0,0,63,0,63,2,74,144,0,220,70,0,70,290
02/19/2004,EVV,IN,AGL,CE,Towers with Radar,2,66,52,0,120,0,0,79,0,79,2,66,131,0,199,220,0,220,419
02/20/2004,EVV,IN,AGL,CE,Towers with Radar,2,57,41,0,100,0,7,2,0,9,2,64,43,0,109,22,0,22,131
02/21/2004,EVV,IN,AGL,CE,Towers with Radar,1,43,31,0,75,1,6,29,0,36,2,49,60,0,111,38,0,38,149
02/22/2004,EVV,IN,AGL,CE,Towers with Radar,1,46,33,0,80,1,1,61,0,63,2,47,94,0,143,84,0,84,227
02/23/2004,EVV,IN,AGL,CE,Towers with Radar,2,65,47,0,114,3,3,78,0,84,5,68,125,0,198,122,0,122,320
02/24/2004,EVV,IN,AGL,CE,Towers with Radar,2,66,60,0,128,0,0,64,0,64,2,66,124,0,192,88,0,88,280
02/25/2004,EVV,IN,AGL,CE,Towers with Radar,3,74,56,0,133,1,0,45,0,46,4,74,101,0,179,110,0,110,289
02/26/2004,EVV,IN,AGL,CE,Towers with Radar,2,81,64,0,147,0,0,73,0,73,2,81,137,0,220,180,0,180,400
02/27/2004,EVV,IN,AGL,CE,Towers with Radar,2,75,75,0,152,0,0,161,0,161,2,75,236,0,313,82,0,82,395
02/28/2004,EVV,IN,AGL,CE,Towers with Radar,2,55,48,0,105,2,0,118,0,120,4,55,166,0,225,216,0,216,441
02/29/2004,EVV,IN,AGL,CE,Towers with Radar,1,47,34,0,82,1,8,37,0,46,2,55,71,0,128,52,0,52,180
03/01/2004,EVV,IN,AGL,CE,Towers with Radar,2,52,40,0,94,0,13,24,0,37,2,65,64,0,131,54,0,54,185
03/02/2004,EVV,IN,AGL,CE,Towers with Radar,2,82,63,0,147,0,3,73,0,76,2,85,136,0,223,96,0,96,319
03/03/2004,EVV,IN,AGL,CE,Towers with Radar,2,69,53,0,124,0,0,8,0,8,2,69,61,0,132,32,0,32,164
03/04/2004,EVV,IN,AGL,CE,Towers with Radar,2,51,40,0,93,0,12,15,0,27,2,63,55,0,120,23,0,23,143
03/05/2004,EVV,IN,AGL,CE,Towers with Radar,2,48,38,0,88,0,14,0,15,29,2,62,38,15,117,45,0,45,162
03/06/2004,EVV,IN,AGL,CE,Towers with Radar,2,48,43,0,93,0,0,32,0,32,2,48,75,0,125,80,0,80,205
03/07/2004,EVV,IN,AGL,CE,Towers with Radar,2,49,38,0,89,0,0,2,0,2,2,49,40,0,91,75,0,75,166
03/08/2004,EVV,IN,AGL,CE,Towers with Radar,0,65,57,0,122,0,0,38,4,42,0,65,95,4,164,32,0,32,196
03/09/2004,EVV,IN,AGL,CE,Towers with Radar,3,70,54,0,127,0,7,40,0,47,3,77,94,0,174,46,0,46,220
03/10/2004,EVV,IN,AGL,CE,Towers with Radar,2,84,66,0,152,0,0,61,0,61,2,84,127,0,213,138,0,138,351
03/11/2004,EVV,IN,AGL,CE,Towers with Radar,2,64,49,0,115,0,7,21,0,28,2,71,70,0,143,106,0,106,249
03/12/2004,EVV,IN,AGL,CE,Towers with Radar,2,73,65,0,140,0,0,86,0,86,2,73,151,0,226,48,0,48,274
03/13/2004,EVV,IN,AGL,CE,Towers with Radar,2,37,29,0,68,0,12,46,2,60,2,49,75,2,128,126,0,126,254
03/14/2004,EVV,IN,AGL,CE,Towers with Radar,1,40,31,0,72,0,9,17,0,26,1,49,48,0,98,96,0,96,194
03/15/2004,EVV,IN,AGL,CE,Towers with Radar,2,56,43,0,101,0,7,11,0,18,2,63,54,0,119,56,0,56,175
03/16/2004,EVV,IN,AGL,CE,Towers with Radar,2,63,49,0,114,0,0,13,0,13,2,63,62,0,127,30,0,30,157
03/17/2004,EVV,IN,AGL,CE,Towers with Radar,2,12,58,0,72,0,0,40,0,40,2,12,98,0,112,170,0,170,282
03/18/2004,EVV,IN,AGL,CE,Towers with Radar,2,70,48,0,120,0,1,0,0,1,2,71,48,0,121,144,0,144,265
03/19/2004,EVV,IN,AGL,CE,Towers with Radar,2,71,70,0,143,0,0,83,0,83,2,71,153,0,226,104,0,104,330
03/20/2004,EVV,IN,AGL,CE,Towers with Radar,1,34,25,0,60,2,15,14,0,31,3,49,39,0,91,14,0,14,105
03/21/2004,EVV,IN,AGL,CE,Towers with Radar,1,42,31,0,74,1,2,45,0,48,2,44,76,0,122,36,0,36,158
03/22/2004,EVV,IN,AGL,CE,Towers with Radar,1,51,38,0,90,2,7,57,0,66,3,58,95,0,156,94,0,94,250
03/23/2004,EVV,IN,AGL,CE,Towers with Radar,2,71,64,0,137,0,0,39,0,39,2,71,103,0,176,42,0,42,218
03/24/2004,EVV,IN,AGL,CE,Towers with Radar,2,61,52,0,115,0,0,68,0,68,2,61,120,0,183,66,0,66,249
03/25/2004,EVV,IN,AGL,CE,Towers with Radar,2,59,58,1,120,0,0,26,1,27,2,59,84,2,147,86,0,86,233
03/26/2004,EVV,IN,AGL,CE,Towers with Radar,1,58,43,0,102,1,7,5,0,13,2,65,48,0,115,60,0,60,175
03/27/2004,EVV,IN,AGL,CE,Towers with Radar,1,42,32,0,75,1,0,41,0,42,2,42,73,0,117,42,0,42,159
03/28/2004,EVV,IN,AGL,CE,Towers with Radar,1,42,31,0,74,3,10,16,0,29,4,52,47,0,103,36,0,36,139
03/29/2004,EVV,IN,AGL,CE,Towers with Radar,2,63,47,0,112,0,3,44,0,47,2,66,91,0,159,66,0,66,225
03/30/2004,EVV,IN,AGL,CE,Towers with Radar,1,58,43,0,102,1,1,26,0,28,2,59,69,0,130,48,0,48,178
03/31/2004,EVV,IN,AGL,CE,Towers with Radar,2,72,55,0,129,2,0,31,0,33,4,72,86,0,162,162,0,162,324
04/01/2004,EVV,IN,AGL,CE,Towers with Radar,2,63,57,0,122,0,0,54,0,54,2,63,111,0,176,110,2,112,288
04/02/2004,EVV,IN,AGL,CE,Towers with Radar,2,72,56,0,130,0,0,67,0,67,2,72,123,0,197,112,0,112,309
04/03/2004,EVV,IN,AGL,CE,Towers with Radar,2,41,31,0,74,0,5,56,0,61,2,46,87,0,135,94,0,94,229
04/04/2004,EVV,IN,AGL,CE,Towers with Radar,2,44,38,0,84,0,0,66,0,66,2,44,104,0,150,71,0,71,221
04/05/2004,EVV,IN,AGL,CE,Towers with Radar,2,49,36,0,87,0,16,55,0,71,2,65,91,0,158,42,0,42,200
04/06/2004,EVV,IN,AGL,CE,Towers with Radar,2,66,59,0,127,0,0,86,0,86,2,66,145,0,213,72,0,72,285
04/07/2004,EVV,IN,AGL,CE,Towers with Radar,2,73,63,0,138,0,0,74,0,74,2,73,137,0,212,83,0,83,295
04/08/2004,EVV,IN,AGL,CE,Towers with Radar,2,65,56,0,123,0,0,31,7,38,2,65,87,7,161,72,0,72,233
04/09/2004,EVV,IN,AGL,CE,Towers with Radar,2,56,42,0,100,0,9,62,0,71,2,65,104,0,171,134,0,134,305
04/10/2004,EVV,IN,AGL,CE,Towers with Radar,2,34,26,0,62,0,6,37,0,43,2,40,63,0,105,38,0,38,143
04/11/2004,EVV,IN,AGL,CE,Towers with Radar,1,29,22,0,52,1,18,8,0,27,2,47,30,0,79,48,0,48,127
04/12/2004,EVV,IN,AGL,CE,Towers with Radar,2,50,37,0,89,0,12,16,0,28,2,62,53,0,117,46,0,46,163
04/13/2004,EVV,IN,AGL,CE,Towers with Radar,0,51,38,0,89,0,12,2,0,14,0,63,40,0,103,82,0,82,185
04/14/2004,EVV,IN,AGL,CE,Towers with Radar,2,74,69,0,145,0,0,58,0,58,2,74,127,0,203,109,0,109,312
04/15/2004,EVV,IN,AGL,CE,Towers with Radar,2,73,54,0,129,0,3,38,0,41,2,76,92,0,170,48,0,48,218
04/16/2004,EVV,IN,AGL,CE,Towers with Radar,1,50,37,0,88,1,14,39,0,54,2,64,76,0,142,76,0,76,218
04/17/2004,EVV,IN,AGL,CE,Towers with Radar,1,38,27,1,67,1,11,26,20,58,2,49,53,21,125,114,0,114,239
04/18/2004,EVV,IN,AGL,CE,Towers with Radar,1,48,34,1,84,1,6,36,1,44,2,54,70,2,128,20,0,20,148
04/19/2004,EVV,IN,AGL,CE,Towers with Radar,2,63,48,0,113,0,0,21,0,21,2,63,69,0,134,44,0,44,178
04/20/2004,EVV,IN,AGL,CE,Towers with Radar,1,60,44,0,105,1,0,13,0,14,2,60,57,0,119,60,0,60,179
04/21/2004,EVV,IN,AGL,CE,Towers with Radar,1,57,42,0,100,1,0,53,0,54,2,57,95,0,154,62,0,62,216
04/22/2004,EVV,IN,AGL,CE,Towers with Radar,1,71,51,0,123,0,6,14,0,20,1,77,65,0,143,4,0,4,147
04/23/2004,EVV,IN,AGL,CE,Towers with Radar,2,73,54,0,129,0,0,6,0,6,2,73,60,0,135,42,0,42,177
04/24/2004,EVV,IN,AGL,CE,Towers with Radar,1,35,24,0,60,1,8,13,0,22,2,43,37,0,82,78,0,78,160
04/25/2004,EVV,IN,AGL,CE,Towers with Radar,0,0,0,0,0,0,0,0,0,0,0,0,0,0,0,0,0,0,0
04/26/2004,EVV,IN,AGL,CE,Towers with Radar,2,53,25,0,80,0,0,0,0,0,2,53,25,0,80,48,0,48,128
04/27/2004,EVV,IN,AGL,CE,Towers with Radar,2,67,48,1,118,2,3,56,6,67,4,70,104,7,185,74,0,74,259
04/28/2004,EVV,IN,AGL,CE,Towers with Radar,2,65,57,0,124,0,0,42,0,42,2,65,99,0,166,29,0,29,195
04/29/2004,EVV,IN,AGL,CE,Towers with Radar,2,77,55,0,134,0,0,52,0,52,2,77,107,0,186,50,0,50,236
04/30/2004,EVV,IN,AGL,CE,Towers with Radar,2,62,50,0,114,0,0,9,0,9,2,62,59,0,123,58,0,58,181
05/01/2004,EVV,IN,AGL,CE,Towers with Radar,2,30,13,0,45,0,17,0,0,17,2,47,13,0,62,28,0,28,90
05/02/2004,EVV,IN,AGL,CE,Towers with Radar,2,45,28,0,75,0,18,21,0,39,2,63,49,0,114,78,0,78,192
05/03/2004,EVV,IN,AGL,CE,Towers with Radar,2,58,37,0,97,0,13,28,0,41,2,71,65,0,138,50,0,50,188
05/04/2004,EVV,IN,AGL,CE,Towers with Radar,4,67,52,0,123,0,0,40,3,43,4,67,92,3,166,74,0,74,240
05/05/2004,EVV,IN,AGL,CE,Towers with Radar,2,63,47,0,112,0,0,83,2,85,2,63,130,2,197,142,0,142,339
05/06/2004,EVV,IN,AGL,CE,Towers with Radar,2,82,52,0,136,0,3,66,0,69,2,85,118,0,205,58,0,58,263
05/07/2004,EVV,IN,AGL,CE,Towers with Radar,2,70,50,0,122,0,0,68,0,68,2,70,118,0,190,122,0,122,312
05/08/2004,EVV,IN,AGL,CE,Towers with Radar,2,33,21,0,56,0,16,72,0,88,2,49,93,0,144,130,0,130,274
05/09/2004,EVV,IN,AGL,CE,Towers with Radar,2,44,28,0,74,0,6,21,0,27,2,50,49,0,101,50,0,50,151
05/10/2004,EVV,IN,AGL,CE,Towers with Radar,2,65,41,0,108,0,0,42,0,42,2,65,83,0,150,44,0,44,194
05/11/2004,EVV,IN,AGL,CE,Towers with Radar,2,62,49,1,114,2,0,41,0,43,4,62,90,1,157,70,0,70,227
05/12/2004,EVV,IN,AGL,CE,Towers with Radar,2,67,48,1,118,0,0,59,1,60,2,67,107,2,178,110,0,110,288
05/13/2004,EVV,IN,AGL,CE,Towers with Radar,2,63,46,1,112,0,0,17,1,18,2,63,63,2,130,26,0,26,156
05/14/2004,EVV,IN,AGL,CE,Towers with Radar,2,64,47,1,114,1,0,11,0,12,3,64,58,1,126,34,0,34,160
05/15/2004,EVV,IN,AGL,CE,Towers with Radar,0,49,38,0,87,0,0,27,0,27,0,49,65,0,114,18,0,18,132
05/16/2004,EVV,IN,AGL,CE,Towers with Radar,1,48,31,1,81,1,4,4,0,9,2,52,35,1,90,52,0,52,142
05/17/2004,EVV,IN,AGL,CE,Towers with Radar,2,68,48,0,118,0,0,28,0,28,2,68,76,0,146,42,0,42,188
05/18/2004,EVV,IN,AGL,CE,Towers with Radar,2,76,51,1,130,0,0,38,2,40,2,76,89,3,170,74,0,74,244
05/19/2004,EVV,IN,AGL,CE,Towers with Radar,2,68,49,0,119,0,0,30,0,30,2,68,79,0,149,48,0,48,197
05/20/2004,EVV,IN,AGL,CE,Towers with Radar,2,73,49,0,124,0,0,63,0,63,2,73,112,0,187,52,0,52,239
05/21/2004,EVV,IN,AGL,CE,Towers with Radar,2,56,38,0,96,0,0,40,0,40,2,56,78,0,136,82,0,82,218
05/22/2004,EVV,IN,AGL,CE,Towers with Radar,1,39,24,0,64,1,7,42,0,50,2,46,66,0,114,68,0,68,182
05/23/2004,EVV,IN,AGL,CE,Towers with Radar,1,42,25,0,68,1,7,32,0,40,2,49,57,0,108,16,0,16,124
05/24/2004,EVV,IN,AGL,CE,Towers with Radar,2,69,44,0,115,0,0,56,0,56,2,69,100,0,171,104,0,104,275
05/25/2004,EVV,IN,AGL,CE,Towers with Radar,2,72,44,0,118,0,5,28,1,34,2,77,72,1,152,26,0,26,178
05/26/2004,EVV,IN,AGL,CE,Towers with Radar,2,76,43,0,121,4,4,0,0,8,6,80,43,0,129,44,0,44,173
05/27/2004,EVV,IN,AGL,CE,Towers with Radar,2,70,43,0,115,0,2,10,2,14,2,72,53,2,129,56,0,56,185
05/28/2004,EVV,IN,AGL,CE,Towers with Radar,2,59,36,0,97,0,4,44,0,48,2,63,80,0,145,21,0,21,166
05/29/2004,EVV,IN,AGL,CE,Towers with Radar,1,47,28,0,76,1,1,61,0,63,2,48,89,0,139,34,0,34,173
05/30/2004,EVV,IN,AGL,CE,Towers with Radar,0,24,8,0,32,2,28,0,0,30,2,52,8,0,62,0,0,0,62
05/31/2004,EVV,IN,AGL,CE,Towers with Radar,1,49,30,0,80,1,1,48,0,50,2,50,78,0,130,42,0,42,172
06/01/2004,EVV,IN,AGL,CE,Towers with Radar,2,73,45,2,122,0,0,77,0,77,2,73,122,2,199,63,0,63,262
06/02/2004,EVV,IN,AGL,CE,Towers with Radar,2,73,50,0,125,0,0,70,0,70,2,73,120,0,195,166,0,166,361
06/03/2004,EVV,IN,AGL,CE,Towers with Radar,2,68,48,0,118,0,0,49,0,49,2,68,97,0,167,38,0,38,205
06/04/2004,EVV,IN,AGL,CE,Towers with Radar,2,67,42,3,114,0,0,31,5,36,2,67,73,8,150,57,8,65,215
06/05/2004,EVV,IN,AGL,CE,Towers with Radar,2,36,23,0,61,0,11,36,0,47,2,47,59,0,108,46,0,46,154
06/06/2004,EVV,IN,AGL,CE,Towers with Radar,2,37,23,0,62,0,17,24,0,41,2,54,47,0,103,66,0,66,169
06/07/2004,EVV,IN,AGL,CE,Towers with Radar,0,63,43,0,106,0,0,60,0,60,0,63,103,0,166,122,0,122,288
06/08/2004,EVV,IN,AGL,CE,Towers with Radar,2,76,48,0,126,0,0,43,0,43,2,76,91,0,169,32,0,32,201
06/09/2004,EVV,IN,AGL,CE,Towers with Radar,2,58,36,0,96,0,8,27,0,35,2,66,63,0,131,108,0,108,239
06/10/2004,EVV,IN,AGL,CE,Towers with Radar,2,67,45,0,114,0,0,14,0,14,2,67,59,0,128,110,0,110,238
06/11/2004,EVV,IN,AGL,CE,Towers with Radar,2,64,39,0,105,0,7,43,0,50,2,71,82,0,155,140,0,140,295
06/12/2004,EVV,IN,AGL,CE,Towers with Radar,0,27,17,0,44,0,106,2,0,108,0,133,19,0,152,16,0,16,168
06/13/2004,EVV,IN,AGL,CE,Towers with Radar,2,44,27,0,73,2,5,20,0,27,4,49,47,0,100,4,0,4,104
06/14/2004,EVV,IN,AGL,CE,Towers with Radar,2,65,41,1,109,0,0,36,0,36,2,65,77,1,145,71,0,71,216
06/15/2004,EVV,IN,AGL,CE,Towers with Radar,2,75,49,0,126,0,0,33,0,33,2,75,82,0,159,0,0,0,159
06/16/2004,EVV,IN,AGL,CE,Towers with Radar,2,62,47,0,111,0,0,21,0,21,2,62,68,0,132,80,0,80,212
06/17/2004,EVV,IN,AGL,CE,Towers with Radar,2,64,38,0,104,0,0,18,0,18,2,64,56,0,122,18,0,18,140
06/18/2004,EVV,IN,AGL,CE,Towers with Radar,2,68,42,2,114,0,0,33,17,50,2,68,75,19,164,112,8,120,284
06/19/2004,EVV,IN,AGL,CE,Towers with Radar,1,36,21,0,58,1,15,31,0,47,2,51,52,0,105,22,0,22,127
06/20/2004,EVV,IN,AGL,CE,Towers with Radar,1,53,31,0,85,1,0,82,0,83,2,53,113,0,168,34,0,34,202
06/21/2004,EVV,IN,AGL,CE,Towers with Radar,2,67,40,0,109,0,7,43,0,50,2,74,83,0,159,48,0,48,207
06/22/2004,EVV,IN,AGL,CE,Towers with Radar,2,69,53,4,128,0,0,63,9,72,2,69,116,13,200,92,4,96,296
06/23/2004,EVV,IN,AGL,CE,Towers with Radar,2,75,45,3,125,0,4,101,5,110,2,79,146,8,235,144,0,144,379
06/24/2004,EVV,IN,AGL,CE,Towers with Radar,2,73,47,3,125,2,0,79,12,93,4,73,126,15,218,134,0,134,352
06/25/2004,EVV,IN,AGL,CE,Towers with Radar,2,77,46,3,128,2,1,40,7,50,4,78,86,10,178,158,20,178,356
06/26/2004,EVV,IN,AGL,CE,Towers with Radar,1,48,28,2,79,3,3,36,5,47,4,51,64,7,126,282,32,314,440
06/27/2004,EVV,IN,AGL,CE,Towers with Radar,1,44,26,2,73,3,10,154,4,171,4,54,180,6,244,466,18,484,728
06/28/2004,EVV,IN,AGL,CE,Towers with Radar,2,69,41,0,112,2,0,47,0,49,4,69,88,0,161,42,2,44,205
06/29/2004,EVV,IN,AGL,CE,Towers with Radar,2,81,48,1,132,2,8,59,0,69,4,89,107,1,201,110,0,110,311
06/30/2004,EVV,IN,AGL,CE,Towers with Radar,2,76,49,0,127,0,0,66,0,66,2,76,115,0,193,52,0,52,245
07/01/2004,EVV,IN,AGL,CE,Towers with Radar,2,76,49,1,128,0,0,26,1,27,2,76,75,2,155,16,14,30,185
07/02/2004,EVV,IN,AGL,CE,Towers with Radar,2,69,44,1,116,0,0,34,1,35,2,69,78,2,151,56,0,56,207
07/03/2004,EVV,IN,AGL,CE,Towers with Radar,2,34,22,0,58,0,13,12,0,25,2,47,34,0,83,92,0,92,175
07/04/2004,EVV,IN,AGL,CE,Towers with Radar,2,27,18,0,47,0,19,7,0,26,2,46,25,0,73,4,0,4,77
07/05/2004,EVV,IN,AGL,CE,Towers with Radar,2,52,33,0,87,0,1,44,0,45,2,53,77,0,132,74,0,74,206
07/06/2004,EVV,IN,AGL,CE,Towers with Radar,2,57,37,0,96,0,0,30,0,30,2,57,67,0,126,5,0,5,131
07/07/2004,EVV,IN,AGL,CE,Towers with Radar,2,71,46,0,119,0,0,43,0,43,2,71,89,0,162,24,0,24,186
07/08/2004,EVV,IN,AGL,CE,Towers with Radar,2,66,43,0,111,0,0,40,0,40,2,66,83,0,151,50,0,50,201
07/09/2004,EVV,IN,AGL,CE,Towers with Radar,2,66,50,1,119,0,0,45,4,49,2,66,95,5,168,32,0,32,200
07/10/2004,EVV,IN,AGL,CE,Towers with Radar,2,29,19,0,50,0,18,41,0,59,2,47,60,0,109,62,0,62,171
07/11/2004,EVV,IN,AGL,CE,Towers with Radar,2,49,32,1,84,0,7,21,16,44,2,56,53,17,128,78,18,96,224
07/12/2004,EVV,IN,AGL,CE,Towers with Radar,3,57,37,1,98,1,8,31,2,42,4,65,68,3,140,90,0,90,230
07/13/2004,EVV,IN,AGL,CE,Towers with Radar,2,61,41,1,105,0,0,25,0,25,2,61,66,1,130,4,0,4,134
07/14/2004,EVV,IN,AGL,CE,Towers with Radar,2,69,47,0,118,0,0,48,0,48,2,69,95,0,166,62,0,62,228
07/15/2004,EVV,IN,AGL,CE,Towers with Radar,2,70,44,1,117,0,0,58,0,58,2,70,102,1,175,110,0,110,285
07/16/2004,EVV,IN,AGL,CE,Towers with Radar,2,69,47,0,118,0,0,22,0,22,2,69,69,0,140,22,0,22,162
07/17/2004,EVV,IN,AGL,CE,Towers with Radar,1,46,28,0,75,0,12,19,9,40,1,58,47,9,115,88,2,90,205
07/18/2004,EVV,IN,AGL,CE,Towers with Radar,1,52,32,1,86,1,3,28,0,32,2,55,60,1,118,60,0,60,178
07/19/2004,EVV,IN,AGL,CE,Towers with Radar,2,71,45,0,118,1,0,8,0,9,3,71,53,0,127,108,0,108,235
07/20/2004,EVV,IN,AGL,CE,Towers with Radar,2,79,50,0,131,0,0,62,0,62,2,79,112,0,193,48,0,48,241
07/21/2004,EVV,IN,AGL,CE,Towers with Radar,2,62,47,0,111,0,0,61,0,61,2,62,108,0,172,88,0,88,260
07/22/2004,EVV,IN,AGL,CE,Towers with Radar,2,61,40,0,103,0,0,22,0,22,2,61,62,0,125,38,0,38,163
07/23/2004,EVV,IN,AGL,CE,Towers with Radar,2,68,48,0,118,1,0,15,0,16,3,68,63,0,134,80,0,80,214
07/24/2004,EVV,IN,AGL,CE,Towers with Radar,1,46,30,2,79,2,0,59,0,61,3,46,89,2,140,96,0,96,236
07/25/2004,EVV,IN,AGL,CE,Towers with Radar,1,51,31,0,83,1,1,9,0,11,2,52,40,0,94,76,0,76,170
07/26/2004,EVV,IN,AGL,CE,Towers with Radar,0,69,43,0,112,0,2,25,0,27,0,71,68,0,139,34,0,34,173
07/27/2004,EVV,IN,AGL,CE,Towers with Radar,2,68,42,0,112,2,15,82,0,99,4,83,124,0,211,70,0,70,281
07/28/2004,EVV,IN,AGL,CE,Towers with Radar,2,59,49,0,110,1,0,63,0,64,3,59,112,0,174,146,0,146,320
07/29/2004,EVV,IN,AGL,CE,Towers with Radar,2,71,54,2,129,0,0,84,0,84,2,71,138,2,213,54,0,54,267
07/30/2004,EVV,IN,AGL,CE,Towers with Radar,2,61,37,0,100,0,5,29,0,34,2,66,66,0,134,52,0,52,186
07/31/2004,EVV,IN,AGL,CE,Towers with Radar,1,51,32,0,84,2,1,26,0,29,3,52,58,0,113,32,0,32,145
08/01/2004,EVV,IN,AGL,CE,Towers with Radar,2,49,31,0,82,0,0,55,0,55,2,49,86,0,137,72,0,72,209
08/02/2004,EVV,IN,AGL,CE,Towers with Radar,2,59,34,1,96,0,5,26,4,35,2,64,60,5,131,80,10,90,221
08/03/2004,EVV,IN,AGL,CE,Towers with Radar,2,68,43,0,113,0,0,65,0,65,2,68,108,0,178,66,0,66,244
08/04/2004,EVV,IN,AGL,CE,Towers with Radar,2,74,51,0,127,0,0,13,0,13,2,74,64,0,140,48,0,48,188
08/05/2004,EVV,IN,AGL,CE,Towers with Radar,2,68,43,1,114,0,0,66,1,67,2,68,109,2,181,112,0,112,293
08/06/2004,EVV,IN,AGL,CE,Towers with Radar,2,69,44,0,115,0,0,63,0,63,2,69,107,0,178,26,0,26,204
08/07/2004,EVV,IN,AGL,CE,Towers with Radar,2,47,28,1,78,0,9,95,0,104,2,56,123,1,182,64,0,64,246
08/08/2004,EVV,IN,AGL,CE,Towers with Radar,2,52,31,1,86,0,2,47,2,51,2,54,78,3,137,45,0,45,182
08/09/2004,EVV,IN,AGL,CE,Towers with Radar,2,55,33,1,91,0,9,35,2,46,2,64,68,3,137,22,0,22,159
08/10/2004,EVV,IN,AGL,CE,Towers with Radar,2,66,39,1,108,0,12,35,0,47,2,78,74,1,155,76,0,76,231
08/11/2004,EVV,IN,AGL,CE,Towers with Radar,2,58,53,0,113,0,0,59,0,59,2,58,112,0,172,24,0,24,196
08/12/2004,EVV,IN,AGL,CE,Towers with Radar,2,78,49,0,129,0,0,59,0,59,2,78,108,0,188,22,0,22,210
08/13/2004,EVV,IN,AGL,CE,Towers with Radar,3,76,44,2,125,4,10,79,3,96,7,86,123,5,221,16,0,16,237
08/14/2004,EVV,IN,AGL,CE,Towers with Radar,2,41,24,1,68,0,4,33,0,37,2,45,57,1,105,42,0,42,147
08/15/2004,EVV,IN,AGL,CE,Towers with Radar,2,53,31,1,87,0,5,49,2,56,2,58,80,3,143,66,0,66,209
08/16/2004,EVV,IN,AGL,CE,Towers with Radar,2,74,43,0,119,0,2,40,0,42,2,76,83,0,161,84,0,84,245
08/17/2004,EVV,IN,AGL,CE,Towers with Radar,2,73,44,0,119,0,0,48,0,48,2,73,92,0,167,82,0,82,249
08/18/2004,EVV,IN,AGL,CE,Towers with Radar,2,83,47,3,135,0,3,34,0,37,2,86,81,3,172,36,0,36,208
08/19/2004,EVV,IN,AGL,CE,Towers with Radar,2,70,43,2,117,0,0,54,0,54,2,70,97,2,171,100,18,118,289
08/20/2004,EVV,IN,AGL,CE,Towers with Radar,2,62,35,1,100,0,6,11,0,17,2,68,46,1,117,4,0,4,121
08/21/2004,EVV,IN,AGL,CE,Towers with Radar,1,54,30,0,85,1,1,46,0,48,2,55,76,0,133,44,0,44,177
08/22/2004,EVV,IN,AGL,CE,Towers with Radar,1,53,30,2,86,1,4,21,16,42,2,57,51,18,128,46,36,82,210
08/23/2004,EVV,IN,AGL,CE,Towers with Radar,2,73,41,2,118,2,8,22,9,41,4,81,63,11,159,60,0,60,219
08/24/2004,EVV,IN,AGL,CE,Towers with Radar,2,65,37,0,104,0,0,18,0,18,2,65,55,0,122,108,0,108,230
08/25/2004,EVV,IN,AGL,CE,Towers with Radar,2,72,41,1,116,1,7,26,0,34,3,79,67,1,150,24,0,24,174
08/26/2004,EVV,IN,AGL,CE,Towers with Radar,3,82,47,0,132,1,1,32,0,34,4,83,79,0,166,2,0,2,168
08/27/2004,EVV,IN,AGL,CE,Towers with Radar,2,79,47,3,131,0,0,21,0,21,2,79,68,3,152,70,0,70,222
08/28/2004,EVV,IN,AGL,CE,Towers with Radar,1,40,23,0,64,6,0,17,0,23,7,40,40,0,87,14,0,14,101
08/29/2004,EVV,IN,AGL,CE,Towers with Radar,1,50,28,0,79,1,2,16,0,19,2,52,44,0,98,26,0,26,124
08/30/2004,EVV,IN,AGL,CE,Towers with Radar,2,67,38,0,107,0,2,47,0,49,2,69,85,0,156,58,0,58,214
08/31/2004,EVV,IN,AGL,CE,Towers with Radar,2,67,50,0,119,0,0,71,0,71,2,67,121,0,190,86,0,86,276
09/01/2004,EVV,IN,AGL,CE,Towers with Radar,3,70,47,0,120,0,0,50,0,50,3,70,97,0,170,92,0,92,262
09/02/2004,EVV,IN,AGL,CE,Towers with Radar,4,78,49,1,132,0,4,48,5,57,4,82,97,6,189,36,20,56,245
09/03/2004,EVV,IN,AGL,CE,Towers with Radar,2,78,51,1,132,0,0,10,1,11,2,78,61,2,143,58,0,58,201
09/04/2004,EVV,IN,AGL,CE,Towers with Radar,2,39,25,0,66,0,9,28,0,37,2,48,53,0,103,48,0,48,151
09/05/2004,EVV,IN,AGL,CE,Towers with Radar,2,33,21,0,56,0,11,32,0,43,2,44,53,0,99,24,0,24,123
09/06/2004,EVV,IN,AGL,CE,Towers with Radar,2,45,28,0,75,0,13,38,0,51,2,58,66,0,126,24,0,24,150
09/07/2004,EVV,IN,AGL,CE,Towers with Radar,2,64,46,0,112,0,0,29,0,29,2,64,75,0,141,120,0,120,261
09/08/2004,EVV,IN,AGL,CE,Towers with Radar,6,71,47,0,124,0,0,38,0,38,6,71,85,0,162,130,0,130,292
09/09/2004,EVV,IN,AGL,CE,Towers with Radar,4,71,55,0,130,0,0,89,0,89,4,71,144,0,219,104,0,104,323
09/10/2004,EVV,IN,AGL,CE,Towers with Radar,2,73,57,2,134,0,0,84,3,87,2,73,141,5,221,62,18,80,301
09/11/2004,EVV,IN,AGL,CE,Towers with Radar,2,49,31,1,83,0,4,85,3,92,2,53,116,4,175,14,16,30,205
09/12/2004,EVV,IN,AGL,CE,Towers with Radar,5,57,36,1,99,1,1,37,7,46,6,58,73,8,145,30,8,38,183
09/13/2004,EVV,IN,AGL,CE,Towers with Radar,2,68,42,1,113,0,13,31,8,52,2,81,73,9,165,76,0,76,241
09/14/2004,EVV,IN,AGL,CE,Towers with Radar,2,82,58,0,142,0,0,40,0,40,2,82,98,0,182,58,2,60,242
09/15/2004,EVV,IN,AGL,CE,Towers with Radar,2,84,53,1,140,0,1,63,6,70,2,85,116,7,210,78,0,78,288
09/16/2004,EVV,IN,AGL,CE,Towers with Radar,6,74,48,2,130,1,0,37,6,44,7,74,85,8,174,48,6,54,228
09/17/2004,EVV,IN,AGL,CE,Towers with Radar,3,69,43,0,115,0,7,44,0,51,3,76,87,0,166,46,0,46,212
09/18/2004,EVV,IN,AGL,CE,Towers with Radar,3,40,26,1,70,0,13,64,2,79,3,53,90,3,149,36,0,36,185
09/19/2004,EVV,IN,AGL,CE,Towers with Radar,2,48,30,0,80,0,7,41,0,48,2,55,71,0,128,22,0,22,150
09/20/2004,EVV,IN,AGL,CE,Towers with Radar,2,68,43,0,113,0,0,80,0,80,2,68,123,0,193,83,0,83,276
09/21/2004,EVV,IN,AGL,CE,Towers with Radar,2,77,50,0,129,0,0,68,0,68,2,77,118,0,197,120,0,120,317
09/22/2004,EVV,IN,AGL,CE,Towers with Radar,4,64,38,0,106,0,10,47,0,57,4,74,85,0,163,6,0,6,169
09/23/2004,EVV,IN,AGL,CE,Towers with Radar,2,69,49,0,120,0,0,50,0,50,2,69,99,0,170,58,0,58,228
09/24/2004,EVV,IN,AGL,CE,Towers with Radar,2,73,47,0,122,0,0,30,0,30,2,73,77,0,152,128,0,128,280
09/25/2004,EVV,IN,AGL,CE,Towers with Radar,2,55,33,0,90,0,37,53,0,90,2,92,86,0,180,34,0,34,214
09/26/2004,EVV,IN,AGL,CE,Towers with Radar,1,51,31,2,85,0,4,43,0,47,1,55,74,2,132,42,0,42,174
09/27/2004,EVV,IN,AGL,CE,Towers with Radar,2,72,43,0,117,0,6,63,0,69,2,78,106,0,186,116,0,116,302
09/28/2004,EVV,IN,AGL,CE,Towers with Radar,5,69,47,1,122,0,0,48,0,48,5,69,95,1,170,80,0,80,250
09/29/2004,EVV,IN,AGL,CE,Towers with Radar,2,78,47,0,127,0,0,70,0,70,2,78,117,0,197,138,0,138,335
09/30/2004,EVV,IN,AGL,CE,Towers with Radar,0,0,0,0,0,0,0,0,0,0,0,0,0,0,0,0,0,0,0
10/01/2004,EVV,IN,AGL,CE,Towers with Radar,2,70,56,0,128,0,0,68,0,68,2,70,124,0,196,78,0,78,274
10/02/2004,EVV,IN,AGL,CE,Towers with Radar,2,59,39,0,100,0,0,21,0,21,2,59,60,0,121,36,0,36,157
10/03/2004,EVV,IN,AGL,CE,Towers with Radar,4,54,45,23,126,0,0,55,0,55,4,54,100,23,181,34,18,52,233
10/04/2004,EVV,IN,AGL,CE,Towers with Radar,2,69,61,1,133,0,2,37,0,39,2,71,98,1,172,58,0,58,230
10/05/2004,EVV,IN,AGL,CE,Towers with Radar,3,68,49,0,120,0,4,37,1,42,3,72,86,1,162,62,0,62,224
10/06/2004,EVV,IN,AGL,CE,Towers with Radar,2,77,61,0,140,0,0,65,0,65,2,77,126,0,205,149,0,149,354
10/07/2004,EVV,IN,AGL,CE,Towers with Radar,4,75,64,0,143,0,1,60,0,61,4,76,124,0,204,152,0,152,356
10/08/2004,EVV,IN,AGL,CE,Towers with Radar,2,73,33,2,110,0,0,34,2,36,2,73,67,4,146,106,0,106,252
10/09/2004,EVV,IN,AGL,CE,Towers with Radar,2,59,27,0,88,0,0,36,0,36,2,59,63,0,124,38,0,38,162
10/10/2004,EVV,IN,AGL,CE,Towers with Radar,2,51,23,0,76,0,0,61,0,61,2,51,84,0,137,18,0,18,155
10/11/2004,EVV,IN,AGL,CE,Towers with Radar,4,73,21,0,98,0,0,33,0,33,4,73,54,0,131,12,0,12,143
10/12/2004,EVV,IN,AGL,CE,Towers with Radar,2,75,52,0,129,0,0,3,0,3,2,75,55,0,132,38,0,38,170
10/13/2004,EVV,IN,AGL,CE,Towers with Radar,2,67,69,0,138,0,0,1,0,1,2,67,70,0,139,6,0,6,145
10/14/2004,EVV,IN,AGL,CE,Towers with Radar,2,73,69,1,145,0,0,7,0,7,2,73,76,1,152,14,0,14,166
10/15/2004,EVV,IN,AGL,CE,Towers with Radar,2,63,42,0,107,0,0,24,0,24,2,63,66,0,131,58,0,58,189
10/16/2004,EVV,IN,AGL,CE,Towers with Radar,2,52,8,1,63,0,0,41,0,41,2,52,49,1,104,16,0,16,120
10/17/2004,EVV,IN,AGL,CE,Towers with Radar,2,63,31,0,96,0,1,63,0,64,2,64,94,0,160,20,0,20,180
10/18/2004,EVV,IN,AGL,CE,Towers with Radar,2,67,21,0,90,0,0,6,2,8,2,67,27,2,98,4,0,4,102
10/19/2004,EVV,IN,AGL,CE,Towers with Radar,2,87,66,0,155,0,0,5,0,5,2,87,71,0,160,36,0,36,196
10/20/2004,EVV,IN,AGL,CE,Towers with Radar,3,65,73,0,141,0,0,2,0,2,3,65,75,0,143,20,0,20,163
10/21/2004,EVV,IN,AGL,CE,Towers with Radar,3,81,41,0,125,0,0,10,0,10,3,81,51,0,135,42,0,42,177
10/22/2004,EVV,IN,AGL,CE,Towers with Radar,2,73,49,0,124,0,1,20,0,21,2,74,69,0,145,64,0,64,209
10/23/2004,EVV,IN,AGL,CE,Towers with Radar,2,61,11,0,74,0,0,1,0,1,2,61,12,0,75,0,0,0,75
10/24/2004,EVV,IN,AGL,CE,Towers with Radar,2,59,41,5,107,0,0,68,0,68,2,59,109,5,175,68,0,68,243
10/25/2004,EVV,IN,AGL,CE,Towers with Radar,2,60,33,0,95,0,1,57,0,58,2,61,90,0,153,62,0,62,215
10/26/2004,EVV,IN,AGL,CE,Towers with Radar,2,64,42,1,109,0,0,9,22,31,2,64,51,23,140,26,4,30,170
10/27/2004,EVV,IN,AGL,CE,Towers with Radar,2,72,82,0,156,0,0,4,0,4,2,72,86,0,160,46,0,46,206
10/28/2004,EVV,IN,AGL,CE,Towers with Radar,2,60,44,0,106,0,0,0,0,0,2,60,44,0,106,0,0,0,106
10/29/2004,EVV,IN,AGL,CE,Towers with Radar,2,69,45,0,116,0,0,38,0,38,2,69,83,0,154,12,0,12,166
10/30/2004,EVV,IN,AGL,CE,Towers with Radar,2,50,27,0,79,0,0,26,0,26,2,50,53,0,105,10,0,10,115
10/31/2004,EVV,IN,AGL,CE,Towers with Radar,2,49,34,0,85,0,0,41,0,41,2,49,75,0,126,92,0,92,218
11/01/2004,EVV,IN,AGL,CE,Combined TRACON& Tower with Radar,0,73,23,0,96,0,0,0,0,0,0,73,23,0,96,46,0,46,142
11/02/2004,EVV,IN,AGL,CE,Combined TRACON& Tower with Radar,2,66,51,0,119,0,0,4,0,4,2,66,55,0,123,28,0,28,151
11/03/2004,EVV,IN,AGL,CE,Combined TRACON& Tower with Radar,0,67,35,0,102,0,0,12,0,12,0,67,47,0,114,28,0,28,142
11/04/2004,EVV,IN,AGL,CE,Combined TRACON& Tower with Radar,0,69,55,0,124,0,1,24,0,25,0,70,79,0,149,64,0,64,213
11/05/2004,EVV,IN,AGL,CE,Combined TRACON& Tower with Radar,0,66,36,0,102,0,0,67,0,67,0,66,103,0,169,6,0,6,175
11/06/2004,EVV,IN,AGL,CE,Combined TRACON& Tower with Radar,0,68,23,1,92,0,0,0,0,0,0,68,23,1,92,130,0,130,222
11/07/2004,EVV,IN,AGL,CE,Combined TRACON& Tower with Radar,2,52,36,14,104,0,0,48,0,48,2,52,84,14,152,56,0,56,208
11/08/2004,EVV,IN,AGL,CE,Combined TRACON& Tower with Radar,2,60,27,4,93,0,1,24,1,26,2,61,51,5,119,6,0,6,125
11/09/2004,EVV,IN,AGL,CE,Combined TRACON& Tower with Radar,0,77,39,0,116,0,0,45,0,45,0,77,84,0,161,52,0,52,213
11/10/2004,EVV,IN,AGL,CE,Combined TRACON& Tower with Radar,0,72,48,2,122,0,1,55,0,56,0,73,103,2,178,114,14,128,306
11/11/2004,EVV,IN,AGL,CE,Combined TRACON& Tower with Radar,0,64,30,0,94,0,2,3,0,5,0,66,33,0,99,6,0,6,105
11/12/2004,EVV,IN,AGL,CE,Combined TRACON& Tower with Radar,0,70,22,0,92,0,0,51,0,51,0,70,73,0,143,52,0,52,195
11/13/2004,EVV,IN,AGL,CE,Combined TRACON& Tower with Radar,0,50,20,0,70,0,0,48,0,48,0,50,68,0,118,158,0,158,276
11/14/2004,EVV,IN,AGL,CE,Combined TRACON& Tower with Radar,0,58,30,0,88,0,0,37,2,39,0,58,67,2,127,82,0,82,209
11/15/2004,EVV,IN,AGL,CE,Combined TRACON& Tower with Radar,2,68,33,0,103,0,0,68,4,72,2,68,101,4,175,55,0,55,230
11/16/2004,EVV,IN,AGL,CE,Combined TRACON& Tower with Radar,0,78,42,0,120,0,0,31,4,35,0,78,73,4,155,68,0,68,223
11/17/2004,EVV,IN,AGL,CE,Combined TRACON& Tower with Radar,2,59,85,0,146,0,0,31,0,31,2,59,116,0,177,98,2,100,277
11/18/2004,EVV,IN,AGL,CE,Combined TRACON& Tower with Radar,0,74,40,0,114,0,0,20,0,20,0,74,60,0,134,28,0,28,162
11/19/2004,EVV,IN,AGL,CE,Combined TRACON& Tower with Radar,0,89,27,0,116,0,0,0,0,0,0,89,27,0,116,20,0,20,136
11/20/2004,EVV,IN,AGL,CE,Combined TRACON& Tower with Radar,2,49,31,0,82,0,0,13,0,13,2,49,44,0,95,0,0,0,95
11/21/2004,EVV,IN,AGL,CE,Combined TRACON& Tower with Radar,2,59,18,0,79,0,0,13,0,13,2,59,31,0,92,22,0,22,114
11/22/2004,EVV,IN,AGL,CE,Combined TRACON& Tower with Radar,0,70,44,0,114,0,0,0,0,0,0,70,44,0,114,10,0,10,124
11/23/2004,EVV,IN,AGL,CE,Combined TRACON& Tower with Radar,0,71,38,0,109,0,0,0,0,0,0,71,38,0,109,0,0,0,109
11/24/2004,EVV,IN,AGL,CE,Combined TRACON& Tower with Radar,0,69,18,0,87,0,0,3,0,3,0,69,21,0,90,2,0,2,92
11/25/2004,EVV,IN,AGL,CE,Combined TRACON& Tower with Radar,0,43,15,0,58,0,2,18,0,20,0,45,33,0,78,44,0,44,122
11/26/2004,EVV,IN,AGL,CE,Combined TRACON& Tower with Radar,0,58,16,0,74,0,2,34,0,36,0,60,50,0,110,10,0,10,120
11/27/2004,EVV,IN,AGL,CE,Combined TRACON& Tower with Radar,0,52,6,1,59,0,0,2,0,2,0,52,8,1,61,0,0,0,61
11/28/2004,EVV,IN,AGL,CE,Combined TRACON& Tower with Radar,2,60,49,0,111,0,0,39,0,39,2,60,88,0,150,46,0,46,196
11/29/2004,EVV,IN,AGL,CE,Combined TRACON& Tower with Radar,0,68,38,0,106,0,0,20,2,22,0,68,58,2,128,32,0,32,160
11/30/2004,EVV,IN,AGL,CE,Combined TRACON& Tower with Radar,0,75,28,0,103,0,0,0,0,0,0,75,28,0,103,0,0,0,103
12/01/2004,EVV,IN,AGL,CE,Combined TRACON& Tower with Radar,3,64,36,0,103,0,4,57,2,63,3,68,93,2,166,52,0,52,218
12/02/2004,EVV,IN,AGL,CE,Combined TRACON& Tower with Radar,0,66,57,0,123,0,0,59,1,60,0,66,116,1,183,32,0,32,215
12/03/2004,EVV,IN,AGL,CE,Combined TRACON& Tower with Radar,0,73,27,1,101,0,0,40,0,40,0,73,67,1,141,34,0,34,175
12/04/2004,EVV,IN,AGL,CE,Combined TRACON& Tower with Radar,0,50,21,0,71,0,0,59,0,59,0,50,80,0,130,46,0,46,176
12/05/2004,EVV,IN,AGL,CE,Combined TRACON& Tower with Radar,0,51,27,0,78,1,1,23,0,25,1,52,50,0,103,8,0,8,111
12/06/2004,EVV,IN,AGL,CE,Combined TRACON& Tower with Radar,8,81,29,0,118,0,0,10,0,10,8,81,39,0,128,18,6,24,152
12/07/2004,EVV,IN,AGL,CE,Combined TRACON& Tower with Radar,0,86,48,0,134,0,0,12,0,12,0,86,60,0,146,28,0,28,174
12/08/2004,EVV,IN,AGL,CE,Combined TRACON& Tower with Radar,0,56,48,0,104,0,3,54,0,57,0,59,102,0,161,6,0,6,167
12/09/2004,EVV,IN,AGL,CE,Combined TRACON& Tower with Radar,0,65,76,0,141,0,0,7,0,7,0,65,83,0,148,18,0,18,166
12/10/2004,EVV,IN,AGL,CE,Combined TRACON& Tower with Radar,0,76,41,0,117,0,0,5,0,5,0,76,46,0,122,22,0,22,144
12/11/2004,EVV,IN,AGL,CE,Combined TRACON& Tower with Radar,2,52,28,0,82,0,0,13,2,15,2,52,41,2,97,44,0,44,141
12/12/2004,EVV,IN,AGL,CE,Combined TRACON& Tower with Radar,0,52,9,0,61,0,2,11,0,13,0,54,20,0,74,4,0,4,78
12/13/2004,EVV,IN,AGL,CE,Combined TRACON& Tower with Radar,0,69,29,3,101,0,0,17,5,22,0,69,46,8,123,26,0,26,149
12/14/2004,EVV,IN,AGL,CE,Combined TRACON& Tower with Radar,2,66,43,0,111,0,0,17,0,17,2,66,60,0,128,30,0,30,158
12/15/2004,EVV,IN,AGL,CE,Combined TRACON& Tower with Radar,0,61,46,0,107,0,0,53,0,53,0,61,99,0,160,14,0,14,174
12/16/2004,EVV,IN,AGL,CE,Combined TRACON& Tower with Radar,0,69,40,1,110,0,2,30,0,32,0,71,70,1,142,8,0,8,150
12/17/2004,EVV,IN,AGL,CE,Combined TRACON& Tower with Radar,0,65,40,3,108,0,0,51,0,51,0,65,91,3,159,54,0,54,213
12/18/2004,EVV,IN,AGL,CE,Combined TRACON& Tower with Radar,0,46,28,0,74,0,3,30,0,33,0,49,58,0,107,48,0,48,155
12/19/2004,EVV,IN,AGL,CE,Combined TRACON& Tower with Radar,0,45,19,0,64,0,0,8,0,8,0,45,27,0,72,24,0,24,96
12/20/2004,EVV,IN,AGL,CE,Combined TRACON& Tower with Radar,0,75,26,2,103,0,6,21,1,28,0,81,47,3,131,28,0,28,159
12/21/2004,EVV,IN,AGL,CE,Combined TRACON& Tower with Radar,0,56,66,0,122,0,0,16,0,16,0,56,82,0,138,62,0,62,200
12/22/2004,EVV,IN,AGL,CE,Combined TRACON& Tower with Radar,0,23,3,0,26,0,0,1,0,1,0,23,4,0,27,0,0,0,27
12/23/2004,EVV,IN,AGL,CE,Combined TRACON& Tower with Radar,0,17,14,0,31,0,0,13,2,15,0,17,27,2,46,0,0,0,46
12/24/2004,EVV,IN,AGL,CE,Combined TRACON& Tower with Radar,0,42,9,0,51,0,4,13,0,17,0,46,22,0,68,2,0,2,70
12/25/2004,EVV,IN,AGL,CE,Combined TRACON& Tower with Radar,0,29,5,0,34,0,0,5,0,5,0,29,10,0,39,0,0,0,39
12/26/2004,EVV,IN,AGL,CE,Combined TRACON& Tower with Radar,0,40,28,0,68,0,0,7,0,7,0,40,35,0,75,0,0,0,75
12/27/2004,EVV,IN,AGL,CE,Combined TRACON& Tower with Radar,0,53,23,0,76,0,0,16,0,16,0,53,39,0,92,22,0,22,114
12/28/2004,EVV,IN,AGL,CE,Combined TRACON& Tower with Radar,0,55,24,0,79,0,0,29,0,29,0,55,53,0,108,32,0,32,140
12/29/2004,EVV,IN,AGL,CE,Combined TRACON& Tower with Radar,1,49,32,0,82,0,2,27,0,29,1,51,59,0,111,56,0,56,167
12/30/2004,EVV,IN,AGL,CE,Combined TRACON& Tower with Radar,0,51,12,0,63,0,4,16,0,20,0,55,28,0,83,24,0,24,107
12/31/2004,EVV,IN,AGL,CE,Combined TRACON& Tower with Radar,0,53,26,0,79,0,0,1,0,1,0,53,27,0,80,8,0,8,88
01/01/2005,EVV,IN,AGL,CE,Combined TRACON& Tower with Radar,0,45,20,0,65,0,0,9,0,9,0,45,29,0,74,6,0,6,80
01/02/2005,EVV,IN,AGL,CE,Combined TRACON& Tower with Radar,0,48,29,2,79,0,0,0,0,0,0,48,29,2,79,8,0,8,87
01/03/2005,EVV,IN,AGL,CE,Combined TRACON& Tower with Radar,0,54,25,0,79,0,0,0,0,0,0,54,25,0,79,0,0,0,79
01/04/2005,EVV,IN,AGL,CE,Combined TRACON& Tower with Radar,0,55,31,3,89,0,0,0,0,0,0,55,31,3,89,6,2,8,97
01/05/2005,EVV,IN,AGL,CE,Combined TRACON& Tower with Radar,0,46,31,0,77,0,0,0,0,0,0,46,31,0,77,0,0,0,77
01/06/2005,EVV,IN,AGL,CE,Combined TRACON& Tower with Radar,0,56,40,0,96,0,0,26,0,26,0,56,66,0,122,8,2,10,132
01/07/2005,EVV,IN,AGL,CE,Combined TRACON& Tower with Radar,0,65,33,0,98,0,0,12,0,12,0,65,45,0,110,16,0,16,126
01/08/2005,EVV,IN,AGL,CE,Combined TRACON& Tower with Radar,0,42,20,0,62,0,4,12,0,16,0,46,32,0,78,8,0,8,86
01/09/2005,EVV,IN,AGL,CE,Combined TRACON& Tower with Radar,2,47,33,0,82,0,0,24,0,24,2,47,57,0,106,76,0,76,182
01/10/2005,EVV,IN,AGL,CE,Combined TRACON& Tower with Radar,0,62,36,0,98,0,0,1,0,1,0,62,37,0,99,42,0,42,141
01/11/2005,EVV,IN,AGL,CE,Combined TRACON& Tower with Radar,0,71,40,0,111,0,1,16,0,17,0,72,56,0,128,9,0,9,137
01/12/2005,EVV,IN,AGL,CE,Combined TRACON& Tower with Radar,2,62,40,2,106,0,0,26,2,28,2,62,66,4,134,16,4,20,154
01/13/2005,EVV,IN,AGL,CE,Combined TRACON& Tower with Radar,0,60,34,0,94,0,0,0,0,0,0,60,34,0,94,4,0,4,98
01/14/2005,EVV,IN,AGL,CE,Combined TRACON& Tower with Radar,0,67,39,0,106,0,0,38,0,38,0,67,77,0,144,50,10,60,204
01/15/2005,EVV,IN,AGL,CE,Combined TRACON& Tower with Radar,0,56,22,7,85,0,0,48,0,48,0,56,70,7,133,48,0,48,181
01/16/2005,EVV,IN,AGL,CE,Combined TRACON& Tower with Radar,2,55,11,0,68,0,0,10,0,10,2,55,21,0,78,12,0,12,90
01/17/2005,EVV,IN,AGL,CE,Combined TRACON& Tower with Radar,0,68,49,0,117,0,0,54,0,54,0,68,103,0,171,74,0,74,245
01/18/2005,EVV,IN,AGL,CE,Combined TRACON& Tower with Radar,0,76,37,0,113,0,0,30,0,30,0,76,67,0,143,34,0,34,177
01/19/2005,EVV,IN,AGL,CE,Combined TRACON& Tower with Radar,2,76,31,0,109,0,0,32,0,32,2,76,63,0,141,76,0,76,217
01/20/2005,EVV,IN,AGL,CE,Combined TRACON& Tower with Radar,2,68,38,0,108,0,0,33,0,33,2,68,71,0,141,40,0,40,181
01/21/2005,EVV,IN,AGL,CE,Combined TRACON& Tower with Radar,0,70,37,0,107,0,1,23,0,24,0,71,60,0,131,16,0,16,147
01/22/2005,EVV,IN,AGL,CE,Combined TRACON& Tower with Radar,0,36,4,0,40,0,0,0,0,0,0,36,4,0,40,0,0,0,40
01/23/2005,EVV,IN,AGL,CE,Combined TRACON& Tower with Radar,0,46,24,0,70,0,0,29,0,29,0,46,53,0,99,54,0,54,153
01/24/2005,EVV,IN,AGL,CE,Combined TRACON& Tower with Radar,0,68,22,0,90,0,1,48,0,49,0,69,70,0,139,46,0,46,185
01/25/2005,EVV,IN,AGL,CE,Combined TRACON& Tower with Radar,2,88,43,0,133,0,0,36,0,36,2,88,79,0,169,84,0,84,253
01/26/2005,EVV,IN,AGL,CE,Combined TRACON& Tower with Radar,1,87,26,2,116,0,0,27,0,27,1,87,53,2,143,34,0,34,177
01/27/2005,EVV,IN,AGL,CE,Combined TRACON& Tower with Radar,0,79,28,0,107,0,0,56,0,56,0,79,84,0,163,138,0,138,301
01/28/2005,EVV,IN,AGL,CE,Combined TRACON& Tower with Radar,2,71,45,0,118,0,0,0,0,0,2,71,45,0,118,60,0,60,178
01/29/2005,EVV,IN,AGL,CE,Combined TRACON& Tower with Radar,0,41,1,0,42,0,0,1,0,1,0,41,2,0,43,0,0,0,43
01/30/2005,EVV,IN,AGL,CE,Combined TRACON& Tower with Radar,0,51,17,0,68,0,0,2,0,2,0,51,19,0,70,0,0,0,70
01/31/2005,EVV,IN,AGL,CE,Combined TRACON& Tower with Radar,0,68,33,0,101,0,0,0,0,0,0,68,33,0,101,16,0,16,117
02/01/2005,EVV,IN,AGL,CE,Combined TRACON& Tower with Radar,0,80,62,0,142,0,0,51,0,51,0,80,113,0,193,91,0,91,284
02/02/2005,EVV,IN,AGL,CE,Combined TRACON& Tower with Radar,2,63,43,0,108,0,0,10,0,10,2,63,53,0,118,24,0,24,142
02/03/2005,EVV,IN,AGL,CE,Combined TRACON& Tower with Radar,0,70,66,0,136,0,0,41,0,41,0,70,107,0,177,60,0,60,237
02/04/2005,EVV,IN,AGL,CE,Combined TRACON& Tower with Radar,0,70,33,0,103,0,0,47,0,47,0,70,80,0,150,40,0,40,190
02/05/2005,EVV,IN,AGL,CE,Combined TRACON& Tower with Radar,2,43,32,0,77,0,0,61,0,61,2,43,93,0,138,94,0,94,232
02/06/2005,EVV,IN,AGL,CE,Combined TRACON& Tower with Radar,0,48,23,0,71,0,0,16,0,16,0,48,39,0,87,22,0,22,109
02/07/2005,EVV,IN,AGL,CE,Combined TRACON& Tower with Radar,0,62,34,0,96,0,0,8,0,8,0,62,42,0,104,6,0,6,110
02/08/2005,EVV,IN,AGL,CE,Combined TRACON& Tower with Radar,0,75,57,0,132,0,0,0,0,0,0,75,57,0,132,0,0,0,132
02/09/2005,EVV,IN,AGL,CE,Combined TRACON& Tower with Radar,0,93,43,0,136,0,0,0,0,0,0,93,43,0,136,0,0,0,136
02/10/2005,EVV,IN,AGL,CE,Combined TRACON& Tower with Radar,0,103,37,0,140,0,0,30,0,30,0,103,67,0,170,12,0,12,182
02/11/2005,EVV,IN,AGL,CE,Combined TRACON& Tower with Radar,0,86,27,0,113,0,0,52,0,52,0,86,79,0,165,42,0,42,207
02/12/2005,EVV,IN,AGL,CE,Combined TRACON& Tower with Radar,0,58,25,4,87,0,0,54,1,55,0,58,79,5,142,92,0,92,234
02/13/2005,EVV,IN,AGL,CE,Combined TRACON& Tower with Radar,0,47,14,0,61,0,0,0,0,0,0,47,14,0,61,0,0,0,61
02/14/2005,EVV,IN,AGL,CE,Combined TRACON& Tower with Radar,0,67,22,1,90,0,0,21,1,22,0,67,43,2,112,18,0,18,130
02/15/2005,EVV,IN,AGL,CE,Combined TRACON& Tower with Radar,0,79,60,2,141,0,1,48,18,67,0,80,108,20,208,84,0,84,292
02/16/2005,EVV,IN,AGL,CE,Combined TRACON& Tower with Radar,0,73,45,0,118,0,0,27,0,27,0,73,72,0,145,66,0,66,211
02/17/2005,EVV,IN,AGL,CE,Combined TRACON& Tower with Radar,0,58,38,0,96,0,0,39,0,39,0,58,77,0,135,50,0,50,185
02/18/2005,EVV,IN,AGL,CE,Combined TRACON& Tower with Radar,0,65,19,0,84,0,0,51,0,51,0,65,70,0,135,92,0,92,227
02/19/2005,EVV,IN,AGL,CE,Combined TRACON& Tower with Radar,1,55,14,0,70,0,0,34,0,34,1,55,48,0,104,118,0,118,222
02/20/2005,EVV,IN,AGL,CE,Combined TRACON& Tower with Radar,0,42,16,0,58,0,0,0,0,0,0,42,16,0,58,2,0,2,60
02/21/2005,EVV,IN,AGL,CE,Combined TRACON& Tower with Radar,0,69,38,0,107,0,0,2,0,2,0,69,40,0,109,6,0,6,115
02/22/2005,EVV,IN,AGL,CE,Combined TRACON& Tower with Radar,0,64,75,0,139,0,0,10,0,10,0,64,85,0,149,64,0,64,213
02/23/2005,EVV,IN,AGL,CE,Combined TRACON& Tower with Radar,0,77,30,0,107,0,0,24,0,24,0,77,54,0,131,46,2,48,179
02/24/2005,EVV,IN,AGL,CE,Combined TRACON& Tower with Radar,0,78,53,0,131,0,0,16,0,16,0,78,69,0,147,24,0,24,171
02/25/2005,EVV,IN,AGL,CE,Combined TRACON& Tower with Radar,0,67,55,0,122,0,0,52,0,52,0,67,107,0,174,106,0,106,280
02/26/2005,EVV,IN,AGL,CE,Combined TRACON& Tower with Radar,0,56,41,0,97,0,0,61,0,61,0,56,102,0,158,110,0,110,268
02/27/2005,EVV,IN,AGL,CE,Combined TRACON& Tower with Radar,0,50,15,0,65,0,0,25,0,25,0,50,40,0,90,24,0,24,114
02/28/2005,EVV,IN,AGL,CE,Combined TRACON& Tower with Radar,0,67,28,0,95,0,0,8,0,8,0,67,36,0,103,20,0,20,123
03/01/2005,EVV,IN,AGL,CE,Combined TRACON& Tower with Radar,0,63,56,0,119,0,0,0,0,0,0,63,56,0,119,38,0,38,157
03/02/2005,EVV,IN,AGL,CE,Combined TRACON& Tower with Radar,0,75,47,1,123,0,2,64,0,66,0,77,111,1,189,60,0,60,249
03/03/2005,EVV,IN,AGL,CE,Combined TRACON& Tower with Radar,0,70,48,0,118,0,0,70,0,70,0,70,118,0,188,61,0,61,249
03/04/2005,EVV,IN,AGL,CE,Combined TRACON& Tower with Radar,0,88,29,1,118,0,1,46,0,47,0,89,75,1,165,146,0,146,311
03/05/2005,EVV,IN,AGL,CE,Combined TRACON& Tower with Radar,0,54,10,0,64,0,0,17,0,17,0,54,27,0,81,10,0,10,91
03/06/2005,EVV,IN,AGL,CE,Combined TRACON& Tower with Radar,0,54,35,0,89,0,2,45,0,47,0,56,80,0,136,46,0,46,182
03/07/2005,EVV,IN,AGL,CE,Combined TRACON& Tower with Radar,0,58,24,0,82,0,0,6,0,6,0,58,30,0,88,18,0,18,106
03/08/2005,EVV,IN,AGL,CE,Combined TRACON& Tower with Radar,0,57,39,0,96,0,2,37,3,42,0,59,76,3,138,44,0,44,182
03/09/2005,EVV,IN,AGL,CE,Combined TRACON& Tower with Radar,0,74,45,0,119,0,1,27,3,31,0,75,72,3,150,62,0,62,212
03/10/2005,EVV,IN,AGL,CE,Combined TRACON& Tower with Radar,0,67,33,0,100,0,0,19,1,20,0,67,52,1,120,54,0,54,174
03/11/2005,EVV,IN,AGL,CE,Combined TRACON& Tower with Radar,0,71,22,0,93,0,0,14,0,14,0,71,36,0,107,2,0,2,109
03/12/2005,EVV,IN,AGL,CE,Combined TRACON& Tower with Radar,0,55,10,0,65,0,0,30,0,30,0,55,40,0,95,56,0,56,151
03/13/2005,EVV,IN,AGL,CE,Combined TRACON& Tower with Radar,0,56,18,0,74,0,1,28,0,29,0,57,46,0,103,20,0,20,123
03/14/2005,EVV,IN,AGL,CE,Combined TRACON& Tower with Radar,0,63,22,0,85,0,0,33,0,33,0,63,55,0,118,26,0,26,144
03/15/2005,EVV,IN,AGL,CE,Combined TRACON& Tower with Radar,0,69,58,0,127,0,1,49,3,53,0,70,107,3,180,56,0,56,236
03/16/2005,EVV,IN,AGL,CE,Combined TRACON& Tower with Radar,0,78,43,0,121,0,0,34,0,34,0,78,77,0,155,54,0,54,209
03/17/2005,EVV,IN,AGL,CE,Combined TRACON& Tower with Radar,0,74,43,1,118,0,0,41,1,42,0,74,84,2,160,58,0,58,218
03/18/2005,EVV,IN,AGL,CE,Combined TRACON& Tower with Radar,0,74,39,0,113,0,0,44,0,44,0,74,83,0,157,80,0,80,237
03/19/2005,EVV,IN,AGL,CE,Combined TRACON& Tower with Radar,0,54,34,0,88,0,0,24,0,24,0,54,58,0,112,8,0,8,120
03/20/2005,EVV,IN,AGL,CE,Combined TRACON& Tower with Radar,0,55,29,0,84,0,0,40,0,40,0,55,69,0,124,100,0,100,224
03/21/2005,EVV,IN,AGL,CE,Combined TRACON& Tower with Radar,0,70,27,2,99,0,3,52,4,59,0,73,79,6,158,90,0,90,248
03/22/2005,EVV,IN,AGL,CE,Combined TRACON& Tower with Radar,0,72,28,0,100,0,0,9,0,9,0,72,37,0,109,26,0,26,135
03/23/2005,EVV,IN,AGL,CE,Combined TRACON& Tower with Radar,0,67,37,0,104,0,0,1,0,1,0,67,38,0,105,2,0,2,107
03/24/2005,EVV,IN,AGL,CE,Combined TRACON& Tower with Radar,0,77,56,0,133,0,0,21,1,22,0,77,77,1,155,8,0,8,163
03/25/2005,EVV,IN,AGL,CE,Combined TRACON& Tower with Radar,0,66,44,0,110,0,0,17,0,17,0,66,61,0,127,12,0,12,139
03/26/2005,EVV,IN,AGL,CE,Combined TRACON& Tower with Radar,2,54,25,0,81,0,0,12,0,12,2,54,37,0,93,12,0,12,105
03/27/2005,EVV,IN,AGL,CE,Combined TRACON& Tower with Radar,0,44,35,0,79,0,0,1,0,1,0,44,36,0,80,4,0,4,84
03/28/2005,EVV,IN,AGL,CE,Combined TRACON& Tower with Radar,0,58,68,0,126,0,0,0,0,0,0,58,68,0,126,44,0,44,170
03/29/2005,EVV,IN,AGL,CE,Combined TRACON& Tower with Radar,0,64,52,0,116,0,5,76,0,81,0,69,128,0,197,46,0,46,243
03/30/2005,EVV,IN,AGL,CE,Combined TRACON& Tower with Radar,2,57,37,2,98,0,2,44,0,46,2,59,81,2,144,22,0,22,166
03/31/2005,EVV,IN,AGL,CE,Combined TRACON& Tower with Radar,0,59,42,0,101,0,0,57,1,58,0,59,99,1,159,60,0,60,219
04/01/2005,EVV,IN,AGL,CE,Combined TRACON& Tower with Radar,0,69,27,2,98,0,1,24,0,25,0,70,51,2,123,10,0,10,133
04/02/2005,EVV,IN,AGL,CE,Combined TRACON& Tower with Radar,0,48,59,0,107,0,0,11,0,11,0,48,70,0,118,18,0,18,136
04/03/2005,EVV,IN,AGL,CE,Combined TRACON& Tower with Radar,0,51,17,0,68,0,0,91,2,93,0,51,108,2,161,114,0,114,275
04/04/2005,EVV,IN,AGL,CE,Combined TRACON& Tower with Radar,0,61,23,0,84,0,0,40,0,40,0,61,63,0,124,30,0,30,154
04/05/2005,EVV,IN,AGL,CE,Combined TRACON& Tower with Radar,0,61,34,0,95,0,3,36,1,40,0,64,70,1,135,64,0,64,199
04/06/2005,EVV,IN,AGL,CE,Combined TRACON& Tower with Radar,0,58,29,0,87,0,0,18,1,19,0,58,47,1,106,34,0,34,140
04/07/2005,EVV,IN,AGL,CE,Combined TRACON& Tower with Radar,0,62,37,0,99,0,1,2,0,3,0,63,39,0,102,22,0,22,124
04/08/2005,EVV,IN,AGL,CE,Combined TRACON& Tower with Radar,0,60,50,6,116,0,1,60,3,64,0,61,110,9,180,68,0,68,248
04/09/2005,EVV,IN,AGL,CE,Combined TRACON& Tower with Radar,0,49,33,0,82,0,0,0,0,0,0,49,33,0,82,54,0,54,136
04/10/2005,EVV,IN,AGL,CE,Combined TRACON& Tower with Radar,0,46,22,0,68,0,0,52,0,52,0,46,74,0,120,70,0,70,190
04/11/2005,EVV,IN,AGL,CE,Combined TRACON& Tower with Radar,2,64,29,0,95,0,0,16,0,16,2,64,45,0,111,18,0,18,129
04/12/2005,EVV,IN,AGL,CE,Combined TRACON& Tower with Radar,0,62,33,0,95,0,0,13,0,13,0,62,46,0,108,10,0,10,118
04/13/2005,EVV,IN,AGL,CE,Combined TRACON& Tower with Radar,0,66,48,1,115,0,1,5,0,6,0,67,53,1,121,0,0,0,121
04/14/2005,EVV,IN,AGL,CE,Combined TRACON& Tower with Radar,0,64,52,0,116,0,0,66,0,66,0,64,118,0,182,58,4,62,244
04/15/2005,EVV,IN,AGL,CE,Combined TRACON& Tower with Radar,0,60,49,0,109,0,0,70,0,70,0,60,119,0,179,84,0,84,263
04/16/2005,EVV,IN,AGL,CE,Combined TRACON& Tower with Radar,0,46,20,0,66,0,1,44,0,45,0,47,64,0,111,96,0,96,207
04/17/2005,EVV,IN,AGL,CE,Combined TRACON& Tower with Radar,0,51,43,8,102,0,0,48,0,48,0,51,91,8,150,108,0,108,258
04/18/2005,EVV,IN,AGL,CE,Combined TRACON& Tower with Radar,0,60,43,0,103,0,0,50,0,50,0,60,93,0,153,84,0,84,237
04/19/2005,EVV,IN,AGL,CE,Combined TRACON& Tower with Radar,0,70,3,0,73,71,11,0,0,82,71,81,3,0,155,40,0,40,195
04/20/2005,EVV,IN,AGL,CE,Combined TRACON& Tower with Radar,13,67,47,2,129,2,1,25,0,28,15,68,72,2,157,104,10,114,271
04/21/2005,EVV,IN,AGL,CE,Combined TRACON& Tower with Radar,0,59,54,0,113,0,0,48,0,48,0,59,102,0,161,70,0,70,231
04/22/2005,EVV,IN,AGL,CE,Combined TRACON& Tower with Radar,0,64,27,0,91,0,0,8,0,8,0,64,35,0,99,6,0,6,105
04/23/2005,EVV,IN,AGL,CE,Combined TRACON& Tower with Radar,0,49,6,0,55,0,0,14,0,14,0,49,20,0,69,0,0,0,69
04/24/2005,EVV,IN,AGL,CE,Combined TRACON& Tower with Radar,0,62,16,0,78,0,1,19,0,20,0,63,35,0,98,26,0,26,124
04/25/2005,EVV,IN,AGL,CE,Combined TRACON& Tower with Radar,0,67,34,0,101,0,4,34,2,40,0,71,68,2,141,82,0,82,223
04/26/2005,EVV,IN,AGL,CE,Combined TRACON& Tower with Radar,0,61,45,1,107,0,2,18,0,20,0,63,63,1,127,70,0,70,197
04/27/2005,EVV,IN,AGL,CE,Combined TRACON& Tower with Radar,0,62,54,2,118,0,0,40,0,40,0,62,94,2,158,110,0,110,268
04/28/2005,EVV,IN,AGL,CE,Combined TRACON& Tower with Radar,0,63,53,0,116,0,0,9,0,9,0,63,62,0,125,34,0,34,159
04/29/2005,EVV,IN,AGL,CE,Combined TRACON& Tower with Radar,0,65,25,0,90,0,0,0,0,0,0,65,25,0,90,0,0,0,90
04/30/2005,EVV,IN,AGL,CE,Combined TRACON& Tower with Radar,0,42,25,0,67,0,0,33,0,33,0,42,58,0,100,26,0,26,126
05/01/2005,EVV,IN,AGL,CE,Combined TRACON& Tower with Radar,0,53,35,0,88,0,0,39,0,39,0,53,74,0,127,24,0,24,151
05/02/2005,EVV,IN,AGL,CE,Combined TRACON& Tower with Radar,0,58,24,9,91,0,0,33,2,35,0,58,57,11,126,60,6,66,192
05/03/2005,EVV,IN,AGL,CE,Combined TRACON& Tower with Radar,0,72,48,7,127,0,1,43,0,44,0,73,91,7,171,121,0,121,292
05/04/2005,EVV,IN,AGL,CE,Combined TRACON& Tower with Radar,0,63,70,0,133,0,0,69,0,69,0,63,139,0,202,58,0,58,260
05/05/2005,EVV,IN,AGL,CE,Combined TRACON& Tower with Radar,0,67,64,0,131,0,0,74,0,74,0,67,138,0,205,28,0,28,233
05/06/2005,EVV,IN,AGL,CE,Combined TRACON& Tower with Radar,0,70,64,0,134,0,0,95,0,95,0,70,159,0,229,98,0,98,327
05/07/2005,EVV,IN,AGL,CE,Combined TRACON& Tower with Radar,0,52,34,0,86,0,0,54,1,55,0,52,88,1,141,122,0,122,263
05/08/2005,EVV,IN,AGL,CE,Combined TRACON& Tower with Radar,0,43,21,0,64,0,1,44,1,46,0,44,65,1,110,64,0,64,174
05/09/2005,EVV,IN,AGL,CE,Combined TRACON& Tower with Radar,0,62,37,0,99,0,0,41,0,41,0,62,78,0,140,34,0,34,174
05/10/2005,EVV,IN,AGL,CE,Combined TRACON& Tower with Radar,2,63,29,0,94,0,0,47,0,47,2,63,76,0,141,50,0,50,191
05/11/2005,EVV,IN,AGL,CE,Combined TRACON& Tower with Radar,0,67,49,1,117,0,2,44,0,46,0,69,93,1,163,48,0,48,211
05/12/2005,EVV,IN,AGL,CE,Combined TRACON& Tower with Radar,0,73,31,2,106,0,8,33,0,41,0,81,64,2,147,98,4,102,249
05/13/2005,EVV,IN,AGL,CE,Combined TRACON& Tower with Radar,2,67,38,0,107,0,0,35,0,35,2,67,73,0,142,32,0,32,174
05/14/2005,EVV,IN,AGL,CE,Combined TRACON& Tower with Radar,0,45,52,1,98,0,2,17,0,19,0,47,69,1,117,88,0,88,205
05/15/2005,EVV,IN,AGL,CE,Combined TRACON& Tower with Radar,0,50,53,2,105,0,0,44,2,46,0,50,97,4,151,32,0,32,183
05/16/2005,EVV,IN,AGL,CE,Combined TRACON& Tower with Radar,0,60,36,1,97,0,0,51,0,51,0,60,87,1,148,74,0,74,222
05/17/2005,EVV,IN,AGL,CE,Combined TRACON& Tower with Radar,0,68,50,6,124,0,0,53,0,53,0,68,103,6,177,106,0,106,283
05/18/2005,EVV,IN,AGL,CE,Combined TRACON& Tower with Radar,0,71,43,0,114,0,0,64,1,65,0,71,107,1,179,84,0,84,263
05/19/2005,EVV,IN,AGL,CE,Combined TRACON& Tower with Radar,0,60,29,0,89,0,1,15,0,16,0,61,44,0,105,6,0,6,111
05/20/2005,EVV,IN,AGL,CE,Combined TRACON& Tower with Radar,0,65,44,0,109,0,0,19,0,19,0,65,63,0,128,60,0,60,188
05/21/2005,EVV,IN,AGL,CE,Combined TRACON& Tower with Radar,0,49,35,0,84,0,0,58,1,59,0,49,93,1,143,40,0,40,183
05/22/2005,EVV,IN,AGL,CE,Combined TRACON& Tower with Radar,0,50,27,0,77,0,0,41,0,41,0,50,68,0,118,42,0,42,160
05/23/2005,EVV,IN,AGL,CE,Combined TRACON& Tower with Radar,0,76,32,0,108,0,1,46,0,47,0,77,78,0,155,90,0,90,245
05/24/2005,EVV,IN,AGL,CE,Combined TRACON& Tower with Radar,2,69,44,0,115,0,0,53,0,53,2,69,97,0,168,158,0,158,326
05/25/2005,EVV,IN,AGL,CE,Combined TRACON& Tower with Radar,0,63,69,0,132,0,0,51,0,51,0,63,120,0,183,196,0,196,379
05/26/2005,EVV,IN,AGL,CE,Combined TRACON& Tower with Radar,0,69,56,0,125,0,0,0,0,0,0,69,56,0,125,108,0,108,233
05/27/2005,EVV,IN,AGL,CE,Combined TRACON& Tower with Radar,2,56,31,0,89,0,0,45,0,45,2,56,76,0,134,82,0,82,216
05/28/2005,EVV,IN,AGL,CE,Combined TRACON& Tower with Radar,0,47,20,0,67,0,0,0,0,0,0,47,20,0,67,24,0,24,91
05/29/2005,EVV,IN,AGL,CE,Combined TRACON& Tower with Radar,0,42,8,0,50,0,0,19,0,19,0,42,27,0,69,24,0,24,93
05/30/2005,EVV,IN,AGL,CE,Combined TRACON& Tower with Radar,0,52,19,0,71,0,0,45,1,46,0,52,64,1,117,66,0,66,183
05/31/2005,EVV,IN,AGL,CE,Combined TRACON& Tower with Radar,0,70,36,0,106,0,0,30,0,30,0,70,66,0,136,140,0,140,276
06/01/2005,EVV,IN,AGL,CE,Combined TRACON& Tower with Radar,0,67,37,0,104,0,0,38,0,38,0,67,75,0,142,74,0,74,216
06/02/2005,EVV,IN,AGL,CE,Combined TRACON& Tower with Radar,2,65,76,0,143,0,0,6,0,6,2,65,82,0,149,128,0,128,277
06/03/2005,EVV,IN,AGL,CE,Combined TRACON& Tower with Radar,0,67,48,1,116,0,0,4,1,5,0,67,52,2,121,8,0,8,129
06/04/2005,EVV,IN,AGL,CE,Combined TRACON& Tower with Radar,0,45,54,0,99,0,1,87,2,90,0,46,141,2,189,86,0,86,275
06/05/2005,EVV,IN,AGL,CE,Combined TRACON& Tower with Radar,0,49,66,0,115,0,0,46,0,46,0,49,112,0,161,48,0,48,209
06/06/2005,EVV,IN,AGL,CE,Combined TRACON& Tower with Radar,0,45,25,0,70,0,0,36,0,36,0,45,61,0,106,22,0,22,128
06/07/2005,EVV,IN,AGL,CE,Combined TRACON& Tower with Radar,0,66,47,7,120,0,0,42,0,42,0,66,89,7,162,40,6,46,208
06/08/2005,EVV,IN,AGL,CE,Combined TRACON& Tower with Radar,0,63,43,2,108,0,0,51,0,51,0,63,94,2,159,110,0,110,269
06/09/2005,EVV,IN,AGL,CE,Combined TRACON& Tower with Radar,0,64,41,0,105,0,0,44,0,44,0,64,85,0,149,82,0,82,231
06/10/2005,EVV,IN,AGL,CE,Combined TRACON& Tower with Radar,0,71,38,1,110,0,0,34,0,34,0,71,72,1,144,50,0,50,194
06/11/2005,EVV,IN,AGL,CE,Combined TRACON& Tower with Radar,1,51,35,0,87,0,0,14,0,14,1,51,49,0,101,110,0,110,211
06/12/2005,EVV,IN,AGL,CE,Combined TRACON& Tower with Radar,1,43,14,0,58,0,0,0,0,0,1,43,14,0,58,0,0,0,58
06/13/2005,EVV,IN,AGL,CE,Combined TRACON& Tower with Radar,0,65,30,0,95,0,1,38,0,39,0,66,68,0,134,70,0,70,204
06/14/2005,EVV,IN,AGL,CE,Combined TRACON& Tower with Radar,0,71,47,0,118,0,0,36,0,36,0,71,83,0,154,94,0,94,248
06/15/2005,EVV,IN,AGL,CE,Combined TRACON& Tower with Radar,0,60,37,0,97,0,0,61,1,62,0,60,98,1,159,114,0,114,273
06/16/2005,EVV,IN,AGL,CE,Combined TRACON& Tower with Radar,0,74,60,0,134,0,0,68,0,68,0,74,128,0,202,70,0,70,272
06/17/2005,EVV,IN,AGL,CE,Combined TRACON& Tower with Radar,0,69,43,6,118,0,0,64,0,64,0,69,107,6,182,64,6,70,252
06/18/2005,EVV,IN,AGL,CE,Combined TRACON& Tower with Radar,0,43,42,0,85,0,0,42,1,43,0,43,84,1,128,48,0,48,176
06/19/2005,EVV,IN,AGL,CE,Combined TRACON& Tower with Radar,0,52,33,0,85,0,0,54,0,54,0,52,87,0,139,68,0,68,207
06/20/2005,EVV,IN,AGL,CE,Combined TRACON& Tower with Radar,3,64,42,0,109,0,2,49,0,51,3,66,91,0,160,62,0,62,222
06/21/2005,EVV,IN,AGL,CE,Combined TRACON& Tower with Radar,0,64,50,2,116,0,0,40,2,42,0,64,90,4,158,132,0,132,290
06/22/2005,EVV,IN,AGL,CE,Combined TRACON& Tower with Radar,0,74,51,10,135,0,0,74,1,75,0,74,125,11,210,72,12,84,294
06/23/2005,EVV,IN,AGL,CE,Combined TRACON& Tower with Radar,0,75,44,8,127,0,0,59,11,70,0,75,103,19,197,20,8,28,225
06/24/2005,EVV,IN,AGL,CE,Combined TRACON& Tower with Radar,1,62,44,0,107,0,0,160,13,173,1,62,204,13,280,270,16,286,566
06/25/2005,EVV,IN,AGL,CE,Combined TRACON& Tower with Radar,0,48,23,0,71,0,2,197,6,205,0,50,220,6,276,232,0,232,508
06/26/2005,EVV,IN,AGL,CE,Combined TRACON& Tower with Radar,0,53,27,4,84,0,10,255,61,326,0,63,282,65,410,274,8,282,692
06/27/2005,EVV,IN,AGL,CE,Combined TRACON& Tower with Radar,3,61,23,6,93,0,0,32,0,32,3,61,55,6,125,66,0,66,191
06/28/2005,EVV,IN,AGL,CE,Combined TRACON& Tower with Radar,2,70,62,0,134,0,0,35,0,35,2,70,97,0,169,50,0,50,219
06/29/2005,EVV,IN,AGL,CE,Combined TRACON& Tower with Radar,4,69,78,15,166,0,0,45,0,45,4,69,123,15,211,46,0,46,257
06/30/2005,EVV,IN,AGL,CE,Combined TRACON& Tower with Radar,2,79,47,0,128,0,0,40,0,40,2,79,87,0,168,54,0,54,222
07/01/2005,EVV,IN,AGL,CE,Combined TRACON& Tower with Radar,0,54,35,0,89,0,1,50,0,51,0,55,85,0,140,70,0,70,210
07/02/2005,EVV,IN,AGL,CE,Combined TRACON& Tower with Radar,0,46,30,0,76,0,0,60,0,60,0,46,90,0,136,224,0,224,360
07/03/2005,EVV,IN,AGL,CE,Combined TRACON& Tower with Radar,0,49,19,0,68,0,0,35,0,35,0,49,54,0,103,62,0,62,165
07/04/2005,EVV,IN,AGL,CE,Combined TRACON& Tower with Radar,0,51,23,0,74,0,1,30,0,31,0,52,53,0,105,34,0,34,139
07/05/2005,EVV,IN,AGL,CE,Combined TRACON& Tower with Radar,2,65,47,1,115,0,0,10,0,10,2,65,57,1,125,22,0,22,147
07/06/2005,EVV,IN,AGL,CE,Combined TRACON& Tower with Radar,0,91,48,4,143,0,0,55,0,55,0,91,103,4,198,84,0,84,282
07/07/2005,EVV,IN,AGL,CE,Combined TRACON& Tower with Radar,0,64,33,5,102,0,1,49,1,51,0,65,82,6,153,70,10,80,233
07/08/2005,EVV,IN,AGL,CE,Combined TRACON& Tower with Radar,0,67,50,0,117,0,0,58,0,58,0,67,108,0,175,38,0,38,213
07/09/2005,EVV,IN,AGL,CE,Combined TRACON& Tower with Radar,0,50,44,0,94,0,1,59,0,60,0,51,103,0,154,142,0,142,296
07/10/2005,EVV,IN,AGL,CE,Combined TRACON& Tower with Radar,0,48,32,0,80,0,0,34,0,34,0,48,66,0,114,100,0,100,214
07/11/2005,EVV,IN,AGL,CE,Combined TRACON& Tower with Radar,0,67,12,0,79,0,11,39,0,50,0,78,51,0,129,4,0,4,133
07/12/2005,EVV,IN,AGL,CE,Combined TRACON& Tower with Radar,0,69,35,0,104,0,0,0,0,0,0,69,35,0,104,0,0,0,104
07/13/2005,EVV,IN,AGL,CE,Combined TRACON& Tower with Radar,0,71,54,0,125,0,0,0,0,0,0,71,54,0,125,0,0,0,125
07/14/2005,EVV,IN,AGL,CE,Combined TRACON& Tower with Radar,0,74,48,0,122,0,0,12,0,12,0,74,60,0,134,30,0,30,164
07/15/2005,EVV,IN,AGL,CE,Combined TRACON& Tower with Radar,0,63,29,0,92,0,0,14,2,16,0,63,43,2,108,0,0,0,108
07/16/2005,EVV,IN,AGL,CE,Combined TRACON& Tower with Radar,0,50,24,0,74,0,2,11,0,13,0,52,35,0,87,8,0,8,95
07/17/2005,EVV,IN,AGL,CE,Combined TRACON& Tower with Radar,2,46,38,1,87,0,1,7,8,16,2,47,45,9,103,8,0,8,111
07/18/2005,EVV,IN,AGL,CE,Combined TRACON& Tower with Radar,0,68,41,0,109,0,1,34,0,35,0,69,75,0,144,20,0,20,164
07/19/2005,EVV,IN,AGL,CE,Combined TRACON& Tower with Radar,0,67,39,3,109,0,0,44,0,44,0,67,83,3,153,66,0,66,219
07/20/2005,EVV,IN,AGL,CE,Combined TRACON& Tower with Radar,0,72,58,1,131,0,1,67,0,68,0,73,125,1,199,26,0,26,225
07/21/2005,EVV,IN,AGL,CE,Combined TRACON& Tower with Radar,0,67,52,0,119,0,0,39,0,39,0,67,91,0,158,42,0,42,200
07/22/2005,EVV,IN,AGL,CE,Combined TRACON& Tower with Radar,0,70,35,0,105,0,0,43,0,43,0,70,78,0,148,16,0,16,164
07/23/2005,EVV,IN,AGL,CE,Combined TRACON& Tower with Radar,0,50,45,16,111,0,0,38,0,38,0,50,83,16,149,46,24,70,219
07/24/2005,EVV,IN,AGL,CE,Combined TRACON& Tower with Radar,0,51,20,0,71,0,0,24,0,24,0,51,44,0,95,22,0,22,117
07/25/2005,EVV,IN,AGL,CE,Combined TRACON& Tower with Radar,0,68,29,0,97,0,0,28,0,28,0,68,57,0,125,100,0,100,225
07/26/2005,EVV,IN,AGL,CE,Combined TRACON& Tower with Radar,0,70,53,0,123,0,0,35,0,35,0,70,88,0,158,46,0,46,204
07/27/2005,EVV,IN,AGL,CE,Combined TRACON& Tower with Radar,0,62,56,4,122,0,0,36,0,36,0,62,92,4,158,98,0,98,256
07/28/2005,EVV,IN,AGL,CE,Combined TRACON& Tower with Radar,0,66,39,0,105,0,0,76,0,76,0,66,115,0,181,79,0,79,260
07/29/2005,EVV,IN,AGL,CE,Combined TRACON& Tower with Radar,0,69,42,0,111,0,0,61,0,61,0,69,103,0,172,68,0,68,240
07/30/2005,EVV,IN,AGL,CE,Combined TRACON& Tower with Radar,0,43,34,16,93,0,0,60,0,60,0,43,94,16,153,16,0,16,169
07/31/2005,EVV,IN,AGL,CE,Combined TRACON& Tower with Radar,0,51,32,0,83,0,0,54,2,56,0,51,86,2,139,34,0,34,173
08/01/2005,EVV,IN,AGL,CE,Combined TRACON& Tower with Radar,0,65,27,0,92,0,2,22,0,24,0,67,49,0,116,58,0,58,174
08/02/2005,EVV,IN,AGL,CE,Combined TRACON& Tower with Radar,1,71,32,0,104,0,0,44,0,44,1,71,76,0,148,62,0,62,210
08/03/2005,EVV,IN,AGL,CE,Combined TRACON& Tower with Radar,0,64,54,5,123,0,0,55,0,55,0,64,109,5,178,60,0,60,238
08/04/2005,EVV,IN,AGL,CE,Combined TRACON& Tower with Radar,0,76,38,15,129,0,0,60,0,60,0,76,98,15,189,40,6,46,235
08/05/2005,EVV,IN,AGL,CE,Combined TRACON& Tower with Radar,0,62,29,5,96,0,0,22,0,22,0,62,51,5,118,36,14,50,168
08/06/2005,EVV,IN,AGL,CE,Combined TRACON& Tower with Radar,0,50,17,0,67,0,0,25,0,25,0,50,42,0,92,12,0,12,104
08/07/2005,EVV,IN,AGL,CE,Combined TRACON& Tower with Radar,0,46,22,0,68,0,1,19,0,20,0,47,41,0,88,36,0,36,124
08/08/2005,EVV,IN,AGL,CE,Combined TRACON& Tower with Radar,0,69,42,0,111,0,1,42,0,43,0,70,84,0,154,46,0,46,200
08/09/2005,EVV,IN,AGL,CE,Combined TRACON& Tower with Radar,0,72,45,10,127,0,0,42,1,43,0,72,87,11,170,8,8,16,186
08/10/2005,EVV,IN,AGL,CE,Combined TRACON& Tower with Radar,0,68,43,0,111,0,0,48,0,48,0,68,91,0,159,106,0,106,265
08/11/2005,EVV,IN,AGL,CE,Combined TRACON& Tower with Radar,1,85,32,0,118,0,0,53,0,53,1,85,85,0,171,70,0,70,241
08/12/2005,EVV,IN,AGL,CE,Combined TRACON& Tower with Radar,2,63,39,2,106,0,2,40,0,42,2,65,79,2,148,106,2,108,256
08/13/2005,EVV,IN,AGL,CE,Combined TRACON& Tower with Radar,0,47,30,0,77,0,0,34,0,34,0,47,64,0,111,52,0,52,163
08/14/2005,EVV,IN,AGL,CE,Combined TRACON& Tower with Radar,0,51,23,0,74,0,0,27,0,27,0,51,50,0,101,40,0,40,141
08/15/2005,EVV,IN,AGL,CE,Combined TRACON& Tower with Radar,0,55,36,0,91,0,0,14,0,14,0,55,50,0,105,68,0,68,173
08/16/2005,EVV,IN,AGL,CE,Combined TRACON& Tower with Radar,0,69,52,0,121,0,0,16,0,16,0,69,68,0,137,62,0,62,199
08/17/2005,EVV,IN,AGL,CE,Combined TRACON& Tower with Radar,2,65,92,2,161,0,0,14,0,14,2,65,106,2,175,74,0,74,249
08/18/2005,EVV,IN,AGL,CE,Combined TRACON& Tower with Radar,1,69,55,2,127,0,0,21,0,21,1,69,76,2,148,22,0,22,170
08/19/2005,EVV,IN,AGL,CE,Combined TRACON& Tower with Radar,0,65,35,0,100,0,0,38,0,38,0,65,73,0,138,76,0,76,214
08/20/2005,EVV,IN,AGL,CE,Combined TRACON& Tower with Radar,0,42,24,33,99,0,0,24,3,27,0,42,48,36,126,8,56,64,190
08/21/2005,EVV,IN,AGL,CE,Combined TRACON& Tower with Radar,0,45,19,3,67,0,0,40,0,40,0,45,59,3,107,62,0,62,169
08/22/2005,EVV,IN,AGL,CE,Combined TRACON& Tower with Radar,0,67,29,5,101,0,2,21,1,24,0,69,50,6,125,84,0,84,209
08/23/2005,EVV,IN,AGL,CE,Combined TRACON& Tower with Radar,0,64,41,7,112,0,1,33,0,34,0,65,74,7,146,82,0,82,228
08/24/2005,EVV,IN,AGL,CE,Combined TRACON& Tower with Radar,0,68,27,0,95,0,1,51,0,52,0,69,78,0,147,66,0,66,213
08/25/2005,EVV,IN,AGL,CE,Combined TRACON& Tower with Radar,0,70,66,6,142,0,0,49,0,49,0,70,115,6,191,82,6,88,279
08/26/2005,EVV,IN,AGL,CE,Combined TRACON& Tower with Radar,0,70,27,4,101,0,0,10,0,10,0,70,37,4,111,32,2,34,145
08/27/2005,EVV,IN,AGL,CE,Combined TRACON& Tower with Radar,0,57,27,1,85,0,0,7,0,7,0,57,34,1,92,6,0,6,98
08/28/2005,EVV,IN,AGL,CE,Combined TRACON& Tower with Radar,0,57,31,1,89,0,0,27,0,27,0,57,58,1,116,70,0,70,186
08/29/2005,EVV,IN,AGL,CE,Combined TRACON& Tower with Radar,0,74,40,6,120,0,0,15,0,15,0,74,55,6,135,4,5,9,144
08/30/2005,EVV,IN,AGL,CE,Combined TRACON& Tower with Radar,0,69,18,0,87,0,0,1,0,1,0,69,19,0,88,0,0,0,88
08/31/2005,EVV,IN,AGL,CE,Combined TRACON& Tower with Radar,1,64,40,0,105,0,1,44,0,45,1,65,84,0,150,44,0,44,194
09/01/2005,EVV,IN,AGL,CE,Combined TRACON& Tower with Radar,0,63,34,10,107,0,1,81,0,82,0,64,115,10,189,56,6,62,251
09/02/2005,EVV,IN,AGL,CE,Combined TRACON& Tower with Radar,6,70,41,0,117,0,0,51,0,51,6,70,92,0,168,20,0,20,188
09/03/2005,EVV,IN,AGL,CE,Combined TRACON& Tower with Radar,1,47,16,0,64,0,3,53,5,61,1,50,69,5,125,51,0,51,176
09/04/2005,EVV,IN,AGL,CE,Combined TRACON& Tower with Radar,0,44,8,0,52,0,0,53,0,53,0,44,61,0,105,34,0,34,139
09/05/2005,EVV,IN,AGL,CE,Combined TRACON& Tower with Radar,0,50,13,2,65,0,0,40,0,40,0,50,53,2,105,24,0,24,129
09/06/2005,EVV,IN,AGL,CE,Combined TRACON& Tower with Radar,0,66,36,0,102,0,0,46,0,46,0,66,82,0,148,62,0,62,210
09/07/2005,EVV,IN,AGL,CE,Combined TRACON& Tower with Radar,0,69,45,0,114,0,0,35,0,35,0,69,80,0,149,56,0,56,205
09/08/2005,EVV,IN,AGL,CE,Combined TRACON& Tower with Radar,0,70,34,10,114,0,0,30,0,30,0,70,64,10,144,78,10,88,232
09/09/2005,EVV,IN,AGL,CE,Combined TRACON& Tower with Radar,0,74,32,0,106,0,4,37,0,41,0,78,69,0,147,70,0,70,217
09/10/2005,EVV,IN,AGL,CE,Combined TRACON& Tower with Radar,0,48,12,20,80,0,1,47,0,48,0,49,59,20,128,22,20,42,170
09/11/2005,EVV,IN,AGL,CE,Combined TRACON& Tower with Radar,0,54,25,0,79,0,1,26,4,31,0,55,51,4,110,60,0,60,170
09/12/2005,EVV,IN,AGL,CE,Combined TRACON& Tower with Radar,0,64,27,0,91,1,7,59,0,67,1,71,86,0,158,50,0,50,208
09/13/2005,EVV,IN,AGL,CE,Combined TRACON& Tower with Radar,1,71,51,0,123,0,0,35,0,35,1,71,86,0,158,50,0,50,208
09/14/2005,EVV,IN,AGL,CE,Combined TRACON& Tower with Radar,0,57,28,0,85,0,8,32,0,40,0,65,60,0,125,36,0,36,161
09/15/2005,EVV,IN,AGL,CE,Combined TRACON& Tower with Radar,0,63,37,0,100,0,0,15,0,15,0,63,52,0,115,32,0,32,147
09/16/2005,EVV,IN,AGL,CE,Combined TRACON& Tower with Radar,0,92,61,8,161,0,0,15,0,15,0,92,76,8,176,92,10,102,278
09/17/2005,EVV,IN,AGL,CE,Combined TRACON& Tower with Radar,0,51,32,2,85,0,0,31,0,31,0,51,63,2,116,88,2,90,206
09/18/2005,EVV,IN,AGL,CE,Combined TRACON& Tower with Radar,0,46,32,0,78,0,0,23,0,23,0,46,55,0,101,10,0,10,111
09/19/2005,EVV,IN,AGL,CE,Combined TRACON& Tower with Radar,0,60,29,0,89,0,4,25,0,29,0,64,54,0,118,14,0,14,132
09/20/2005,EVV,IN,AGL,CE,Combined TRACON& Tower with Radar,0,73,35,0,108,0,0,51,0,51,0,73,86,0,159,76,0,76,235
09/21/2005,EVV,IN,AGL,CE,Combined TRACON& Tower with Radar,0,64,31,0,95,0,0,30,0,30,0,64,61,0,125,38,0,38,163
09/22/2005,EVV,IN,AGL,CE,Combined TRACON& Tower with Radar,0,67,41,0,108,0,1,42,0,43,0,68,83,0,151,112,0,112,263
09/23/2005,EVV,IN,AGL,CE,Combined TRACON& Tower with Radar,0,72,36,0,108,0,0,37,0,37,0,72,73,0,145,48,0,48,193
09/24/2005,EVV,IN,AGL,CE,Combined TRACON& Tower with Radar,0,45,18,0,63,0,0,37,0,37,0,45,55,0,100,0,0,0,100
09/25/2005,EVV,IN,AGL,CE,Combined TRACON& Tower with Radar,0,48,13,0,61,0,0,0,0,0,0,48,13,0,61,2,0,2,63
09/26/2005,EVV,IN,AGL,CE,Combined TRACON& Tower with Radar,0,64,22,0,86,0,0,32,0,32,0,64,54,0,118,48,0,48,166
09/27/2005,EVV,IN,AGL,CE,Combined TRACON& Tower with Radar,0,67,45,0,112,0,0,44,0,44,0,67,89,0,156,18,0,18,174
09/28/2005,EVV,IN,AGL,CE,Combined TRACON& Tower with Radar,0,70,29,0,99,0,1,38,0,39,0,71,67,0,138,94,0,94,232
09/29/2005,EVV,IN,AGL,CE,Combined TRACON& Tower with Radar,0,67,50,0,117,0,0,57,0,57,0,67,107,0,174,96,0,96,270
09/30/2005,EVV,IN,AGL,CE,Combined TRACON& Tower with Radar,0,73,32,0,105,0,0,60,0,60,0,73,92,0,165,52,0,52,217
10/01/2005,EVV,IN,AGL,CE,Combined TRACON& Tower with Radar,0,46,28,2,76,0,0,0,0,0,0,46,28,2,76,32,0,32,108
10/02/2005,EVV,IN,AGL,CE,Combined TRACON& Tower with Radar,0,44,16,0,60,0,0,27,0,27,0,44,43,0,87,20,0,20,107
10/03/2005,EVV,IN,AGL,CE,Combined TRACON& Tower with Radar,0,70,25,0,95,0,2,40,0,42,0,72,65,0,137,54,0,54,191
10/04/2005,EVV,IN,AGL,CE,Combined TRACON& Tower with Radar,0,84,41,1,126,0,1,24,3,28,0,85,65,4,154,54,0,54,208
10/05/2005,EVV,IN,AGL,CE,Combined TRACON& Tower with Radar,0,68,52,2,122,0,2,47,0,49,0,70,99,2,171,14,0,14,185
10/06/2005,EVV,IN,AGL,CE,Combined TRACON& Tower with Radar,0,65,53,0,118,0,20,62,0,82,0,85,115,0,200,48,0,48,248
10/07/2005,EVV,IN,AGL,CE,Combined TRACON& Tower with Radar,0,63,30,0,93,0,1,69,0,70,0,64,99,0,163,4,0,4,167
10/08/2005,EVV,IN,AGL,CE,Combined TRACON& Tower with Radar,0,47,41,0,88,0,0,66,0,66,0,47,107,0,154,44,0,44,198
10/09/2005,EVV,IN,AGL,CE,Combined TRACON& Tower with Radar,0,51,21,2,74,0,0,25,0,25,0,51,46,2,99,52,0,52,151
10/10/2005,EVV,IN,AGL,CE,Combined TRACON& Tower with Radar,1,84,66,0,151,0,0,10,2,12,1,84,76,2,163,40,0,40,203
10/11/2005,EVV,IN,AGL,CE,Combined TRACON& Tower with Radar,0,73,42,0,115,0,0,29,0,29,0,73,71,0,144,48,0,48,192
10/12/2005,EVV,IN,AGL,CE,Combined TRACON& Tower with Radar,4,67,43,0,114,0,1,37,0,38,4,68,80,0,152,176,0,176,328
10/13/2005,EVV,IN,AGL,CE,Combined TRACON& Tower with Radar,0,77,51,0,128,0,0,32,0,32,0,77,83,0,160,44,0,44,204
10/14/2005,EVV,IN,AGL,CE,Combined TRACON& Tower with Radar,2,59,47,4,112,0,1,47,2,50,2,60,94,6,162,70,0,70,232
10/15/2005,EVV,IN,AGL,CE,Combined TRACON& Tower with Radar,0,51,18,0,69,0,1,68,0,69,0,52,86,0,138,40,0,40,178
10/16/2005,EVV,IN,AGL,CE,Combined TRACON& Tower with Radar,0,51,32,10,93,0,0,70,0,70,0,51,102,10,163,70,0,70,233
10/17/2005,EVV,IN,AGL,CE,Combined TRACON& Tower with Radar,0,60,41,2,103,0,0,45,0,45,0,60,86,2,148,106,0,106,254
10/18/2005,EVV,IN,AGL,CE,Combined TRACON& Tower with Radar,0,78,38,1,117,0,0,55,1,56,0,78,93,2,173,62,0,62,235
10/19/2005,EVV,IN,AGL,CE,Combined TRACON& Tower with Radar,0,75,41,2,118,0,0,43,0,43,0,75,84,2,161,76,0,76,237
10/20/2005,EVV,IN,AGL,CE,Combined TRACON& Tower with Radar,0,69,37,0,106,0,2,14,0,16,0,71,51,0,122,4,0,4,126
10/21/2005,EVV,IN,AGL,CE,Combined TRACON& Tower with Radar,0,64,27,0,91,0,0,0,0,0,0,64,27,0,91,0,0,0,91
10/22/2005,EVV,IN,AGL,CE,Combined TRACON& Tower with Radar,0,51,18,0,69,0,0,32,0,32,0,51,50,0,101,122,0,122,223
10/23/2005,EVV,IN,AGL,CE,Combined TRACON& Tower with Radar,2,47,18,0,67,0,0,14,0,14,2,47,32,0,81,26,0,26,107
10/24/2005,EVV,IN,AGL,CE,Combined TRACON& Tower with Radar,0,59,32,0,91,0,0,6,0,6,0,59,38,0,97,96,0,96,193
10/25/2005,EVV,IN,AGL,CE,Combined TRACON& Tower with Radar,0,105,22,2,129,0,7,25,2,34,0,112,47,4,163,122,0,122,285
10/26/2005,EVV,IN,AGL,CE,Combined TRACON& Tower with Radar,0,79,48,0,127,0,1,56,0,57,0,80,104,0,184,150,0,150,334
10/27/2005,EVV,IN,AGL,CE,Combined TRACON& Tower with Radar,0,70,44,0,114,0,0,40,0,40,0,70,84,0,154,132,0,132,286
10/28/2005,EVV,IN,AGL,CE,Combined TRACON& Tower with Radar,0,63,43,2,108,0,0,46,0,46,0,63,89,2,154,22,6,28,182
10/29/2005,EVV,IN,AGL,CE,Combined TRACON& Tower with Radar,0,50,14,0,64,0,2,59,0,61,0,52,73,0,125,50,0,50,175
10/30/2005,EVV,IN,AGL,CE,Combined TRACON& Tower with Radar,0,47,33,0,80,0,0,56,0,56,0,47,89,0,136,10,0,10,146
10/31/2005,EVV,IN,AGL,CE,Combined TRACON& Tower with Radar,0,64,21,0,85,0,0,29,0,29,0,64,50,0,114,90,0,90,204
11/01/2005,EVV,IN,AGL,CE,Combined TRACON& Tower with Radar,0,67,39,0,106,0,0,19,0,19,0,67,58,0,125,108,0,108,233
11/02/2005,EVV,IN,AGL,CE,Combined TRACON& Tower with Radar,0,60,66,0,126,0,10,60,0,70,0,70,126,0,196,74,0,74,270
11/03/2005,EVV,IN,AGL,CE,Combined TRACON& Tower with Radar,0,66,29,0,95,0,1,46,0,47,0,67,75,0,142,82,0,82,224
11/04/2005,EVV,IN,AGL,CE,Combined TRACON& Tower with Radar,0,55,45,0,100,0,0,41,0,41,0,55,86,0,141,74,0,74,215
11/05/2005,EVV,IN,AGL,CE,Combined TRACON& Tower with Radar,0,48,18,0,66,0,0,5,2,7,0,48,23,2,73,0,0,0,73
11/06/2005,EVV,IN,AGL,CE,Combined TRACON& Tower with Radar,0,45,32,0,77,0,11,45,4,60,0,56,77,4,137,48,0,48,185
11/07/2005,EVV,IN,AGL,CE,Combined TRACON& Tower with Radar,0,65,43,2,110,0,0,54,5,59,0,65,97,7,169,68,0,68,237
11/08/2005,EVV,IN,AGL,CE,Combined TRACON& Tower with Radar,0,74,22,0,96,0,0,0,0,0,0,74,22,0,96,64,0,64,160
11/09/2005,EVV,IN,AGL,CE,Combined TRACON& Tower with Radar,0,61,31,0,92,0,1,42,0,43,0,62,73,0,135,96,0,96,231
11/10/2005,EVV,IN,AGL,CE,Combined TRACON& Tower with Radar,0,65,44,0,109,0,0,64,0,64,0,65,108,0,173,96,0,96,269
11/11/2005,EVV,IN,AGL,CE,Combined TRACON& Tower with Radar,0,64,42,0,106,0,0,77,0,77,0,64,119,0,183,80,0,80,263
11/12/2005,EVV,IN,AGL,CE,Combined TRACON& Tower with Radar,0,56,16,0,72,0,0,40,0,40,0,56,56,0,112,20,0,20,132
11/13/2005,EVV,IN,AGL,CE,Combined TRACON& Tower with Radar,1,49,26,0,76,0,0,34,0,34,1,49,60,0,110,38,0,38,148
11/14/2005,EVV,IN,AGL,CE,Combined TRACON& Tower with Radar,0,70,20,1,91,0,1,8,1,10,0,71,28,2,101,26,0,26,127
11/15/2005,EVV,IN,AGL,CE,Combined TRACON& Tower with Radar,0,46,17,0,63,0,0,1,0,1,0,46,18,0,64,0,0,0,64
11/16/2005,EVV,IN,AGL,CE,Combined TRACON& Tower with Radar,0,61,24,0,85,0,0,15,0,15,0,61,39,0,100,72,0,72,172
11/17/2005,EVV,IN,AGL,CE,Combined TRACON& Tower with Radar,0,73,20,4,97,0,0,34,0,34,0,73,54,4,131,50,4,54,185
11/18/2005,EVV,IN,AGL,CE,Combined TRACON& Tower with Radar,0,63,32,0,95,0,0,59,0,59,0,63,91,0,154,102,0,102,256
11/19/2005,EVV,IN,AGL,CE,Combined TRACON& Tower with Radar,2,46,26,0,74,0,0,64,0,64,2,46,90,0,138,70,0,70,208
11/20/2005,EVV,IN,AGL,CE,Combined TRACON& Tower with Radar,0,45,24,0,69,0,0,41,0,41,0,45,65,0,110,62,0,62,172
11/21/2005,EVV,IN,AGL,CE,Combined TRACON& Tower with Radar,0,63,26,0,89,0,0,17,0,17,0,63,43,0,106,68,0,68,174
11/22/2005,EVV,IN,AGL,CE,Combined TRACON& Tower with Radar,0,61,43,0,104,0,0,44,0,44,0,61,87,0,148,144,0,144,292
11/23/2005,EVV,IN,AGL,CE,Combined TRACON& Tower with Radar,0,60,39,0,99,0,0,25,1,26,0,60,64,1,125,4,0,4,129
11/24/2005,EVV,IN,AGL,CE,Combined TRACON& Tower with Radar,0,34,10,0,44,0,0,7,0,7,0,34,17,0,51,0,0,0,51
11/25/2005,EVV,IN,AGL,CE,Combined TRACON& Tower with Radar,0,43,10,0,53,0,0,24,0,24,0,43,34,0,77,0,0,0,77
11/26/2005,EVV,IN,AGL,CE,Combined TRACON& Tower with Radar,0,42,29,0,71,0,0,25,0,25,0,42,54,0,96,36,0,36,132
11/27/2005,EVV,IN,AGL,CE,Combined TRACON& Tower with Radar,0,51,18,0,69,0,0,3,0,3,0,51,21,0,72,8,0,8,80
11/28/2005,EVV,IN,AGL,CE,Combined TRACON& Tower with Radar,4,66,9,0,79,0,0,1,0,1,4,66,10,0,80,0,0,0,80
11/29/2005,EVV,IN,AGL,CE,Combined TRACON& Tower with Radar,0,53,29,2,84,0,0,32,0,32,0,53,61,2,116,62,10,72,188
11/30/2005,EVV,IN,AGL,CE,Combined TRACON& Tower with Radar,0,61,30,0,91,0,0,56,0,56,0,61,86,0,147,46,0,46,193
12/01/2005,EVV,IN,AGL,CE,Combined TRACON& Tower with Radar,0,71,18,0,89,0,0,0,0,0,0,71,18,0,89,4,10,14,103
12/02/2005,EVV,IN,AGL,CE,Combined TRACON& Tower with Radar,0,56,25,0,81,0,0,50,0,50,0,56,75,0,131,48,0,48,179
12/03/2005,EVV,IN,AGL,CE,Combined TRACON& Tower with Radar,0,44,13,0,57,0,4,7,0,11,0,48,20,0,68,0,0,0,68
12/04/2005,EVV,IN,AGL,CE,Combined TRACON& Tower with Radar,0,36,16,0,52,0,0,4,0,4,0,36,20,0,56,0,0,0,56
12/05/2005,EVV,IN,AGL,CE,Combined TRACON& Tower with Radar,0,84,18,0,102,0,0,27,0,27,0,84,45,0,129,26,0,26,155
12/06/2005,EVV,IN,AGL,CE,Combined TRACON& Tower with Radar,0,57,34,0,91,0,0,47,0,47,0,57,81,0,138,88,0,88,226
12/07/2005,EVV,IN,AGL,CE,Combined TRACON& Tower with Radar,0,77,47,0,124,0,0,44,0,44,0,77,91,0,168,28,0,28,196
12/08/2005,EVV,IN,AGL,CE,Combined TRACON& Tower with Radar,0,37,19,0,56,0,0,7,0,7,0,37,26,0,63,0,0,0,63
12/09/2005,EVV,IN,AGL,CE,Combined TRACON& Tower with Radar,0,75,40,0,115,0,0,15,0,15,0,75,55,0,130,2,0,2,132
12/10/2005,EVV,IN,AGL,CE,Combined TRACON& Tower with Radar,0,36,17,0,53,0,0,30,0,30,0,36,47,0,83,22,0,22,105
12/11/2005,EVV,IN,AGL,CE,Combined TRACON& Tower with Radar,0,45,16,0,61,0,0,14,0,14,0,45,30,0,75,14,0,14,89
12/12/2005,EVV,IN,AGL,CE,Combined TRACON& Tower with Radar,0,74,27,0,101,0,0,2,0,2,0,74,29,0,103,10,0,10,113
12/13/2005,EVV,IN,AGL,CE,Combined TRACON& Tower with Radar,0,64,50,0,114,0,3,31,0,34,0,67,81,0,148,78,0,78,226
12/14/2005,EVV,IN,AGL,CE,Combined TRACON& Tower with Radar,0,57,18,2,77,0,0,0,0,0,0,57,18,2,77,0,0,0,77
12/15/2005,EVV,IN,AGL,CE,Combined TRACON& Tower with Radar,2,61,37,0,100,0,1,41,2,44,2,62,78,2,144,54,0,54,198
12/16/2005,EVV,IN,AGL,CE,Combined TRACON& Tower with Radar,0,58,50,0,108,0,0,35,0,35,0,58,85,0,143,3,0,3,146
12/17/2005,EVV,IN,AGL,CE,Combined TRACON& Tower with Radar,0,43,18,0,61,0,0,52,0,52,0,43,70,0,113,36,0,36,149
12/18/2005,EVV,IN,AGL,CE,Combined TRACON& Tower with Radar,0,46,24,0,70,0,0,25,0,25,0,46,49,0,95,28,0,28,123
12/19/2005,EVV,IN,AGL,CE,Combined TRACON& Tower with Radar,0,55,37,0,92,0,0,50,0,50,0,55,87,0,142,82,0,82,224
12/20/2005,EVV,IN,AGL,CE,Combined TRACON& Tower with Radar,0,64,45,0,109,0,0,0,0,0,0,64,45,0,109,76,0,76,185
12/21/2005,EVV,IN,AGL,CE,Combined TRACON& Tower with Radar,0,60,42,0,102,0,0,38,0,38,0,60,80,0,140,64,0,64,204
12/22/2005,EVV,IN,AGL,CE,Combined TRACON& Tower with Radar,0,60,20,0,80,0,2,37,0,39,0,62,57,0,119,26,0,26,145
12/23/2005,EVV,IN,AGL,CE,Combined TRACON& Tower with Radar,0,52,37,0,89,0,1,32,0,33,0,53,69,0,122,54,0,54,176
12/24/2005,EVV,IN,AGL,CE,Combined TRACON& Tower with Radar,0,36,11,0,47,0,0,0,0,0,0,36,11,0,47,0,0,0,47
12/25/2005,EVV,IN,AGL,CE,Combined TRACON& Tower with Radar,0,33,3,0,36,0,0,0,0,0,0,33,3,0,36,0,0,0,36
12/26/2005,EVV,IN,AGL,CE,Combined TRACON& Tower with Radar,0,46,29,0,75,0,0,0,0,0,0,46,29,0,75,0,0,0,75
12/27/2005,EVV,IN,AGL,CE,Combined TRACON& Tower with Radar,0,55,35,0,90,0,0,27,0,27,0,55,62,0,117,44,0,44,161
12/28/2005,EVV,IN,AGL,CE,Combined TRACON& Tower with Radar,0,49,13,0,62,0,0,9,0,9,0,49,22,0,71,2,0,2,73
12/29/2005,EVV,IN,AGL,CE,Combined TRACON& Tower with Radar,0,53,12,0,65,0,0,18,0,18,0,53,30,0,83,56,0,56,139
12/30/2005,EVV,IN,AGL,CE,Combined TRACON& Tower with Radar,0,50,47,0,97,0,3,9,0,12,0,53,56,0,109,30,0,30,139
12/31/2005,EVV,IN,AGL,CE,Combined TRACON& Tower with Radar,0,42,8,0,50,0,0,21,0,21,0,42,29,0,71,48,0,48,119
01/01/2006,EVV,IN,AGL,CE,Combined TRACON& Tower with Radar,0,42,17,0,59,0,0,8,0,8,0,42,25,0,67,16,0,16,83
01/02/2006,EVV,IN,AGL,CE,Combined TRACON& Tower with Radar,0,45,4,0,49,0,0,14,0,14,0,45,18,0,63,6,0,6,69
01/03/2006,EVV,IN,AGL,CE,Combined TRACON& Tower with Radar,0,51,32,0,83,0,0,1,0,1,0,51,33,0,84,0,0,0,84
01/04/2006,EVV,IN,AGL,CE,Combined TRACON& Tower with Radar,2,66,30,14,112,0,0,20,0,20,2,66,50,14,132,52,4,56,188
01/05/2006,EVV,IN,AGL,CE,Combined TRACON& Tower with Radar,0,60,26,0,86,0,0,6,0,6,0,60,32,0,92,66,0,66,158
01/06/2006,EVV,IN,AGL,CE,Combined TRACON& Tower with Radar,0,52,41,0,93,0,3,30,0,33,0,55,71,0,126,32,0,32,158
01/07/2006,EVV,IN,AGL,CE,Combined TRACON& Tower with Radar,0,40,8,0,48,0,0,43,0,43,0,40,51,0,91,60,0,60,151
01/08/2006,EVV,IN,AGL,CE,Combined TRACON& Tower with Radar,0,39,11,8,58,0,0,12,2,14,0,39,23,10,72,28,2,30,102
01/09/2006,EVV,IN,AGL,CE,Combined TRACON& Tower with Radar,0,55,32,0,87,0,0,13,0,13,0,55,45,0,100,40,0,40,140
01/10/2006,EVV,IN,AGL,CE,Combined TRACON& Tower with Radar,0,58,17,0,75,0,0,0,0,0,0,58,17,0,75,0,0,0,75
01/11/2006,EVV,IN,AGL,CE,Combined TRACON& Tower with Radar,0,61,37,0,98,0,0,26,0,26,0,61,63,0,124,46,0,46,170
01/12/2006,EVV,IN,AGL,CE,Combined TRACON& Tower with Radar,0,59,38,0,97,0,0,60,0,60,0,59,98,0,157,46,0,46,203
01/13/2006,EVV,IN,AGL,CE,Combined TRACON& Tower with Radar,0,53,27,0,80,0,1,3,0,4,0,54,30,0,84,12,0,12,96
01/14/2006,EVV,IN,AGL,CE,Combined TRACON& Tower with Radar,0,42,22,0,64,0,0,34,0,34,0,42,56,0,98,28,0,28,126
01/15/2006,EVV,IN,AGL,CE,Combined TRACON& Tower with Radar,0,46,23,0,69,0,0,34,0,34,0,46,57,0,103,28,0,28,131
01/16/2006,EVV,IN,AGL,CE,Combined TRACON& Tower with Radar,2,54,21,0,77,0,0,27,0,27,2,54,48,0,104,42,0,42,146
01/17/2006,EVV,IN,AGL,CE,Combined TRACON& Tower with Radar,0,65,25,0,90,0,0,1,0,1,0,65,26,0,91,0,0,0,91
01/18/2006,EVV,IN,AGL,CE,Combined TRACON& Tower with Radar,0,66,37,0,103,0,0,32,0,32,0,66,69,0,135,8,0,8,143
01/19/2006,EVV,IN,AGL,CE,Combined TRACON& Tower with Radar,0,61,41,0,102,0,2,18,0,20,0,63,59,0,122,18,0,18,140
01/20/2006,EVV,IN,AGL,CE,Combined TRACON& Tower with Radar,0,61,8,0,69,0,0,16,0,16,0,61,24,0,85,67,0,67,152
01/21/2006,EVV,IN,AGL,CE,Combined TRACON& Tower with Radar,0,42,16,0,58,0,6,13,0,19,0,48,29,0,77,46,0,46,123
01/22/2006,EVV,IN,AGL,CE,Combined TRACON& Tower with Radar,0,49,26,0,75,0,2,14,0,16,0,51,40,0,91,40,0,40,131
01/23/2006,EVV,IN,AGL,CE,Combined TRACON& Tower with Radar,0,60,29,0,89,0,0,0,0,0,0,60,29,0,89,30,0,30,119
01/24/2006,EVV,IN,AGL,CE,Combined TRACON& Tower with Radar,0,66,48,0,114,0,0,0,0,0,0,66,48,0,114,30,0,30,144
01/25/2006,EVV,IN,AGL,CE,Combined TRACON& Tower with Radar,0,2,48,0,50,0,0,19,95,114,0,2,67,95,164,30,0,30,194
01/26/2006,EVV,IN,AGL,CE,Combined TRACON& Tower with Radar,0,74,40,0,114,0,0,0,0,0,0,74,40,0,114,50,0,50,164
01/27/2006,EVV,IN,AGL,CE,Combined TRACON& Tower with Radar,0,63,27,0,90,0,2,46,0,48,0,65,73,0,138,50,0,50,188
01/28/2006,EVV,IN,AGL,CE,Combined TRACON& Tower with Radar,0,51,13,0,64,0,0,27,0,27,0,51,40,0,91,26,0,26,117
01/29/2006,EVV,IN,AGL,CE,Combined TRACON& Tower with Radar,0,42,16,0,58,0,0,6,0,6,0,42,22,0,64,4,0,4,68
01/30/2006,EVV,IN,AGL,CE,Combined TRACON& Tower with Radar,0,51,16,0,67,0,0,12,2,14,0,51,28,2,81,8,0,8,89
01/31/2006,EVV,IN,AGL,CE,Combined TRACON& Tower with Radar,0,63,46,0,109,0,0,42,0,42,0,63,88,0,151,36,0,36,187
02/01/2006,EVV,IN,AGL,CE,Combined TRACON& Tower with Radar,0,78,52,0,130,0,0,56,0,56,0,78,108,0,186,52,0,52,238
02/02/2006,EVV,IN,AGL,CE,Combined TRACON& Tower with Radar,2,58,34,0,94,0,0,4,0,4,2,58,38,0,98,0,0,0,98
02/03/2006,EVV,IN,AGL,CE,Combined TRACON& Tower with Radar,0,57,46,10,113,0,0,29,1,30,0,57,75,11,143,50,0,50,193
02/04/2006,EVV,IN,AGL,CE,Combined TRACON& Tower with Radar,0,34,10,0,44,0,1,6,0,7,0,35,16,0,51,26,0,26,77
02/05/2006,EVV,IN,AGL,CE,Combined TRACON& Tower with Radar,0,44,20,0,64,0,0,11,0,11,0,44,31,0,75,4,0,4,79
02/06/2006,EVV,IN,AGL,CE,Combined TRACON& Tower with Radar,0,59,36,12,107,0,1,43,0,44,0,60,79,12,151,62,4,66,217
02/07/2006,EVV,IN,AGL,CE,Combined TRACON& Tower with Radar,0,60,32,0,92,0,2,31,0,33,0,62,63,0,125,54,0,54,179
02/08/2006,EVV,IN,AGL,CE,Combined TRACON& Tower with Radar,0,66,24,0,90,0,0,8,0,8,0,66,32,0,98,0,0,0,98
02/09/2006,EVV,IN,AGL,CE,Combined TRACON& Tower with Radar,0,79,67,0,146,0,0,0,0,0,0,79,67,0,146,82,0,82,228
02/10/2006,EVV,IN,AGL,CE,Combined TRACON& Tower with Radar,0,56,30,1,87,0,2,32,0,34,0,58,62,1,121,0,0,0,121
02/11/2006,EVV,IN,AGL,CE,Combined TRACON& Tower with Radar,0,43,17,0,60,0,0,0,0,0,0,43,17,0,60,0,0,0,60
02/12/2006,EVV,IN,AGL,CE,Combined TRACON& Tower with Radar,0,44,13,0,57,0,0,0,0,0,0,44,13,0,57,0,0,0,57
02/13/2006,EVV,IN,AGL,CE,Combined TRACON& Tower with Radar,0,66,22,0,88,0,0,0,0,0,0,66,22,0,88,6,0,6,94
02/14/2006,EVV,IN,AGL,CE,Combined TRACON& Tower with Radar,0,66,35,0,101,0,0,38,0,38,0,66,73,0,139,56,0,56,195
02/15/2006,EVV,IN,AGL,CE,Combined TRACON& Tower with Radar,0,64,44,0,108,0,0,39,0,39,0,64,83,0,147,80,0,80,227
02/16/2006,EVV,IN,AGL,CE,Combined TRACON& Tower with Radar,0,64,17,0,81,0,1,9,0,10,0,65,26,0,91,6,0,6,97
02/17/2006,EVV,IN,AGL,CE,Combined TRACON& Tower with Radar,0,62,66,0,128,0,0,29,0,29,0,62,95,0,157,84,0,84,241
02/18/2006,EVV,IN,AGL,CE,Combined TRACON& Tower with Radar,0,49,12,0,61,0,0,7,0,7,0,49,19,0,68,28,0,28,96
02/19/2006,EVV,IN,AGL,CE,Combined TRACON& Tower with Radar,0,53,25,0,78,0,0,49,0,49,0,53,74,0,127,26,0,26,153
02/20/2006,EVV,IN,AGL,CE,Combined TRACON& Tower with Radar,0,71,25,0,96,0,0,22,0,22,0,71,47,0,118,8,0,8,126
02/21/2006,EVV,IN,AGL,CE,Combined TRACON& Tower with Radar,0,73,47,13,133,0,0,45,0,45,0,73,92,13,178,58,0,58,236
02/22/2006,EVV,IN,AGL,CE,Combined TRACON& Tower with Radar,0,69,54,8,131,0,1,24,0,25,0,70,78,8,156,90,0,90,246
02/23/2006,EVV,IN,AGL,CE,Combined TRACON& Tower with Radar,0,66,56,11,133,0,0,55,1,56,0,66,111,12,189,110,2,112,301
02/24/2006,EVV,IN,AGL,CE,Combined TRACON& Tower with Radar,0,59,28,1,88,0,1,45,2,48,0,60,73,3,136,134,0,134,270
02/25/2006,EVV,IN,AGL,CE,Combined TRACON& Tower with Radar,0,41,43,0,84,0,0,52,0,52,0,41,95,0,136,116,0,116,252
02/26/2006,EVV,IN,AGL,CE,Combined TRACON& Tower with Radar,0,45,22,0,67,0,3,55,0,58,0,48,77,0,125,130,0,130,255
02/27/2006,EVV,IN,AGL,CE,Combined TRACON& Tower with Radar,0,48,27,0,75,0,0,55,0,55,0,48,82,0,130,18,0,18,148
02/28/2006,EVV,IN,AGL,CE,Combined TRACON& Tower with Radar,0,55,33,0,88,0,1,38,2,41,0,56,71,2,129,104,10,114,243
03/01/2006,EVV,IN,AGL,CE,Combined TRACON& Tower with Radar,0,59,46,0,105,0,0,30,5,35,0,59,76,5,140,106,2,108,248
03/02/2006,EVV,IN,AGL,CE,Combined TRACON& Tower with Radar,0,54,29,0,83,0,0,55,0,55,0,54,84,0,138,22,0,22,160
03/03/2006,EVV,IN,AGL,CE,Combined TRACON& Tower with Radar,0,53,46,7,106,0,0,65,0,65,0,53,111,7,171,226,10,236,407
03/04/2006,EVV,IN,AGL,CE,Combined TRACON& Tower with Radar,0,44,22,0,66,0,0,53,0,53,0,44,75,0,119,92,0,92,211
03/05/2006,EVV,IN,AGL,CE,Combined TRACON& Tower with Radar,2,49,43,0,94,0,0,0,0,0,2,49,43,0,94,14,0,14,108
03/06/2006,EVV,IN,AGL,CE,Combined TRACON& Tower with Radar,0,50,19,4,73,0,6,44,9,59,0,56,63,13,132,14,0,14,146
03/07/2006,EVV,IN,AGL,CE,Combined TRACON& Tower with Radar,0,54,35,9,98,0,0,55,0,55,0,54,90,9,153,110,0,110,263
03/08/2006,EVV,IN,AGL,CE,Combined TRACON& Tower with Radar,0,56,26,0,82,0,0,11,2,13,0,56,37,2,95,58,0,58,153
03/09/2006,EVV,IN,AGL,CE,Combined TRACON& Tower with Radar,2,65,16,0,83,0,1,0,0,1,2,66,16,0,84,0,0,0,84
03/10/2006,EVV,IN,AGL,CE,Combined TRACON& Tower with Radar,0,55,74,2,131,0,4,42,3,49,0,59,116,5,180,104,0,104,284
03/11/2006,EVV,IN,AGL,CE,Combined TRACON& Tower with Radar,0,48,13,0,61,0,0,5,0,5,0,48,18,0,66,0,0,0,66
03/12/2006,EVV,IN,AGL,CE,Combined TRACON& Tower with Radar,0,44,17,0,61,0,0,1,2,3,0,44,18,2,64,20,0,20,84
03/13/2006,EVV,IN,AGL,CE,Combined TRACON& Tower with Radar,0,47,28,0,75,0,0,5,0,5,0,47,33,0,80,46,0,46,126
03/14/2006,EVV,IN,AGL,CE,Combined TRACON& Tower with Radar,0,56,44,0,100,0,0,25,0,25,0,56,69,0,125,86,0,86,211
03/15/2006,EVV,IN,AGL,CE,Combined TRACON& Tower with Radar,0,64,42,0,106,0,0,61,0,61,0,64,103,0,167,138,0,138,305
03/16/2006,EVV,IN,AGL,CE,Combined TRACON& Tower with Radar,0,65,57,0,122,0,1,41,0,42,0,66,98,0,164,150,0,150,314
03/17/2006,EVV,IN,AGL,CE,Combined TRACON& Tower with Radar,0,59,48,5,112,0,0,20,0,20,0,59,68,5,132,104,2,106,238
03/18/2006,EVV,IN,AGL,CE,Combined TRACON& Tower with Radar,0,40,31,10,81,0,0,63,1,64,0,40,94,11,145,188,6,194,339
03/19/2006,EVV,IN,AGL,CE,Combined TRACON& Tower with Radar,0,38,32,2,72,0,0,39,0,39,0,38,71,2,111,70,0,70,181
03/20/2006,EVV,IN,AGL,CE,Combined TRACON& Tower with Radar,0,62,28,0,90,0,0,24,0,24,0,62,52,0,114,48,0,48,162
03/21/2006,EVV,IN,AGL,CE,Combined TRACON& Tower with Radar,0,59,16,0,75,0,0,3,0,3,0,59,19,0,78,0,0,0,78
03/22/2006,EVV,IN,AGL,CE,Combined TRACON& Tower with Radar,0,73,34,1,108,0,1,61,2,64,0,74,95,3,172,180,0,180,352
03/23/2006,EVV,IN,AGL,CE,Combined TRACON& Tower with Radar,0,61,41,0,102,0,0,54,0,54,0,61,95,0,156,54,0,54,210
03/24/2006,EVV,IN,AGL,CE,Combined TRACON& Tower with Radar,0,54,44,0,98,0,2,29,0,31,0,56,73,0,129,8,0,8,137
03/25/2006,EVV,IN,AGL,CE,Combined TRACON& Tower with Radar,0,53,37,0,90,0,0,36,0,36,0,53,73,0,126,118,0,118,244
03/26/2006,EVV,IN,AGL,CE,Combined TRACON& Tower with Radar,0,48,27,2,77,0,0,57,0,57,0,48,84,2,134,64,4,68,202
03/27/2006,EVV,IN,AGL,CE,Combined TRACON& Tower with Radar,0,57,27,0,84,0,0,37,0,37,0,57,64,0,121,12,0,12,133
03/28/2006,EVV,IN,AGL,CE,Combined TRACON& Tower with Radar,0,64,55,2,121,0,0,24,0,24,0,64,79,2,145,106,8,114,259
03/29/2006,EVV,IN,AGL,CE,Combined TRACON& Tower with Radar,0,69,71,0,140,0,0,60,0,60,0,69,131,0,200,78,0,78,278
03/30/2006,EVV,IN,AGL,CE,Combined TRACON& Tower with Radar,0,62,59,0,121,0,0,65,0,65,0,62,124,0,186,42,0,42,228
03/31/2006,EVV,IN,AGL,CE,Combined TRACON& Tower with Radar,0,65,35,0,100,0,0,21,0,21,0,65,56,0,121,44,0,44,165
04/01/2006,EVV,IN,AGL,CE,Combined TRACON& Tower with Radar,0,50,39,0,89,0,0,50,0,50,0,50,89,0,139,10,0,10,149
04/02/2006,EVV,IN,AGL,CE,Combined TRACON& Tower with Radar,0,42,16,2,60,0,0,13,0,13,0,42,29,2,73,30,0,30,103
04/03/2006,EVV,IN,AGL,CE,Combined TRACON& Tower with Radar,0,52,12,5,69,0,0,28,0,28,0,52,40,5,97,24,0,24,121
04/04/2006,EVV,IN,AGL,CE,Combined TRACON& Tower with Radar,0,71,49,0,120,0,4,59,0,63,0,75,108,0,183,26,0,26,209
04/05/2006,EVV,IN,AGL,CE,Combined TRACON& Tower with Radar,0,64,51,7,122,0,0,63,0,63,0,64,114,7,185,208,0,208,393
04/06/2006,EVV,IN,AGL,CE,Combined TRACON& Tower with Radar,2,60,35,0,97,0,0,0,0,0,2,60,35,0,97,10,0,10,107
04/07/2006,EVV,IN,AGL,CE,Combined TRACON& Tower with Radar,2,59,29,0,90,0,0,16,0,16,2,59,45,0,106,18,0,18,124
04/08/2006,EVV,IN,AGL,CE,Combined TRACON& Tower with Radar,0,43,34,0,77,0,0,31,0,31,0,43,65,0,108,60,0,60,168
04/09/2006,EVV,IN,AGL,CE,Combined TRACON& Tower with Radar,0,47,15,5,67,0,0,73,2,75,0,47,88,7,142,58,4,62,204
04/10/2006,EVV,IN,AGL,CE,Combined TRACON& Tower with Radar,0,55,36,3,94,0,1,51,0,52,0,56,87,3,146,74,6,80,226
04/11/2006,EVV,IN,AGL,CE,Combined TRACON& Tower with Radar,0,59,46,22,127,0,0,33,0,33,0,59,79,22,160,26,22,48,208
04/12/2006,EVV,IN,AGL,CE,Combined TRACON& Tower with Radar,0,76,50,0,126,0,0,40,0,40,0,76,90,0,166,90,0,90,256
04/13/2006,EVV,IN,AGL,CE,Combined TRACON& Tower with Radar,0,66,51,0,117,0,6,94,0,100,0,72,145,0,217,98,0,98,315
04/14/2006,EVV,IN,AGL,CE,Combined TRACON& Tower with Radar,0,62,22,3,87,0,2,27,2,31,0,64,49,5,118,88,0,88,206
04/15/2006,EVV,IN,AGL,CE,Combined TRACON& Tower with Radar,0,42,14,1,57,0,0,52,0,52,0,42,66,1,109,82,0,82,191
04/16/2006,EVV,IN,AGL,CE,Combined TRACON& Tower with Radar,0,43,9,0,52,0,0,10,0,10,0,43,19,0,62,16,0,16,78
04/17/2006,EVV,IN,AGL,CE,Combined TRACON& Tower with Radar,0,55,67,0,122,0,0,26,0,26,0,55,93,0,148,86,0,86,234
04/18/2006,EVV,IN,AGL,CE,Combined TRACON& Tower with Radar,0,57,51,2,110,0,0,57,0,57,0,57,108,2,167,40,0,40,207
04/19/2006,EVV,IN,AGL,CE,Combined TRACON& Tower with Radar,0,69,39,6,114,0,0,41,0,41,0,69,80,6,155,116,0,116,271
04/20/2006,EVV,IN,AGL,CE,Combined TRACON& Tower with Radar,0,77,65,7,149,0,0,40,0,40,0,77,105,7,189,34,6,40,229
04/21/2006,EVV,IN,AGL,CE,Combined TRACON& Tower with Radar,0,57,45,2,104,0,0,5,1,6,0,57,50,3,110,0,6,6,116
04/22/2006,EVV,IN,AGL,CE,Combined TRACON& Tower with Radar,0,50,46,5,101,0,0,59,0,59,0,50,105,5,160,68,14,82,242
04/23/2006,EVV,IN,AGL,CE,Combined TRACON& Tower with Radar,1,43,24,10,78,0,0,34,0,34,1,43,58,10,112,72,0,72,184
04/24/2006,EVV,IN,AGL,CE,Combined TRACON& Tower with Radar,0,56,26,0,82,0,0,0,0,0,0,56,26,0,82,68,18,86,168
04/25/2006,EVV,IN,AGL,CE,Combined TRACON& Tower with Radar,0,65,35,6,106,0,0,21,0,21,0,65,56,6,127,34,0,34,161
04/26/2006,EVV,IN,AGL,CE,Combined TRACON& Tower with Radar,0,65,64,16,145,0,1,52,2,55,0,66,116,18,200,154,12,166,366
04/27/2006,EVV,IN,AGL,CE,Combined TRACON& Tower with Radar,0,62,36,0,98,0,0,54,0,54,0,62,90,0,152,86,0,86,238
04/28/2006,EVV,IN,AGL,CE,Combined TRACON& Tower with Radar,0,74,36,0,110,0,0,77,0,77,0,74,113,0,187,118,0,118,305
04/29/2006,EVV,IN,AGL,CE,Combined TRACON& Tower with Radar,0,44,24,0,68,0,0,20,0,20,0,44,44,0,88,18,0,18,106
04/30/2006,EVV,IN,AGL,CE,Combined TRACON& Tower with Radar,0,39,26,5,70,0,0,4,0,4,0,39,30,5,74,0,8,8,82
05/01/2006,EVV,IN,AGL,CE,Combined TRACON& Tower with Radar,0,66,41,0,107,0,0,11,0,11,0,66,52,0,118,36,2,38,156
05/02/2006,EVV,IN,AGL,CE,Combined TRACON& Tower with Radar,0,62,46,5,113,0,2,47,0,49,0,64,93,5,162,88,0,88,250
05/03/2006,EVV,IN,AGL,CE,Combined TRACON& Tower with Radar,0,71,50,0,121,0,0,59,0,59,0,71,109,0,180,50,0,50,230
05/04/2006,EVV,IN,AGL,CE,Combined TRACON& Tower with Radar,0,62,60,1,123,0,0,36,0,36,0,62,96,1,159,58,0,58,217
05/05/2006,EVV,IN,AGL,CE,Combined TRACON& Tower with Radar,0,63,39,7,109,0,0,42,0,42,0,63,81,7,151,24,0,24,175
05/06/2006,EVV,IN,AGL,CE,Combined TRACON& Tower with Radar,0,44,39,0,83,0,0,54,0,54,0,44,93,0,137,108,0,108,245
05/07/2006,EVV,IN,AGL,CE,Combined TRACON& Tower with Radar,0,46,21,7,74,0,0,21,0,21,0,46,42,7,95,60,8,68,163
05/08/2006,EVV,IN,AGL,CE,Combined TRACON& Tower with Radar,0,54,34,0,88,0,1,38,0,39,0,55,72,0,127,62,0,62,189
05/09/2006,EVV,IN,AGL,CE,Combined TRACON& Tower with Radar,0,66,32,1,99,0,2,37,0,39,0,68,69,1,138,22,0,22,160
05/10/2006,EVV,IN,AGL,CE,Combined TRACON& Tower with Radar,2,73,43,0,118,0,0,0,0,0,2,73,43,0,118,2,0,2,120
05/11/2006,EVV,IN,AGL,CE,Combined TRACON& Tower with Radar,0,58,17,0,75,0,0,11,0,11,0,58,28,0,86,12,0,12,98
05/12/2006,EVV,IN,AGL,CE,Combined TRACON& Tower with Radar,0,62,53,0,115,0,0,26,0,26,0,62,79,0,141,4,0,4,145
05/13/2006,EVV,IN,AGL,CE,Combined TRACON& Tower with Radar,0,38,19,0,57,0,0,13,0,13,0,38,32,0,70,11,0,11,81
05/14/2006,EVV,IN,AGL,CE,Combined TRACON& Tower with Radar,0,45,35,0,80,0,0,9,0,9,0,45,44,0,89,18,0,18,107
05/15/2006,EVV,IN,AGL,CE,Combined TRACON& Tower with Radar,0,55,58,0,113,0,0,5,0,5,0,55,63,0,118,54,0,54,172
05/16/2006,EVV,IN,AGL,CE,Combined TRACON& Tower with Radar,0,68,51,0,119,0,2,9,0,11,0,70,60,0,130,90,0,90,220
05/17/2006,EVV,IN,AGL,CE,Combined TRACON& Tower with Radar,1,61,71,0,133,0,0,58,0,58,1,61,129,0,191,120,0,120,311
05/18/2006,EVV,IN,AGL,CE,Combined TRACON& Tower with Radar,0,70,45,0,115,0,0,43,3,46,0,70,88,3,161,8,0,8,169
05/19/2006,EVV,IN,AGL,CE,Combined TRACON& Tower with Radar,0,57,22,3,82,0,0,35,0,35,0,57,57,3,117,110,0,110,227
05/20/2006,EVV,IN,AGL,CE,Combined TRACON& Tower with Radar,1,46,28,0,75,0,0,52,2,54,1,46,80,2,129,82,0,82,211
05/21/2006,EVV,IN,AGL,CE,Combined TRACON& Tower with Radar,0,46,39,6,91,0,2,34,2,38,0,48,73,8,129,44,0,44,173
05/22/2006,EVV,IN,AGL,CE,Combined TRACON& Tower with Radar,0,51,27,0,78,0,0,45,0,45,0,51,72,0,123,86,0,86,209
05/23/2006,EVV,IN,AGL,CE,Combined TRACON& Tower with Radar,0,64,41,0,105,0,0,66,0,66,0,64,107,0,171,76,0,76,247
05/24/2006,EVV,IN,AGL,CE,Combined TRACON& Tower with Radar,0,72,50,4,126,0,0,68,2,70,0,72,118,6,196,10,0,10,206
05/25/2006,EVV,IN,AGL,CE,Combined TRACON& Tower with Radar,0,12,37,2,51,0,0,35,9,44,0,12,72,11,95,82,0,82,177
05/26/2006,EVV,IN,AGL,CE,Combined TRACON& Tower with Radar,0,64,29,0,93,0,0,53,0,53,0,64,82,0,146,10,0,10,156
05/27/2006,EVV,IN,AGL,CE,Combined TRACON& Tower with Radar,0,38,25,0,63,0,0,45,0,45,0,38,70,0,108,82,0,82,190
05/28/2006,EVV,IN,AGL,CE,Combined TRACON& Tower with Radar,0,43,8,0,51,0,0,29,0,29,0,43,37,0,80,62,0,62,142
05/29/2006,EVV,IN,AGL,CE,Combined TRACON& Tower with Radar,0,50,25,2,77,0,0,23,0,23,0,50,48,2,100,66,0,66,166
05/30/2006,EVV,IN,AGL,CE,Combined TRACON& Tower with Radar,0,62,31,0,93,0,0,20,0,20,0,62,51,0,113,40,0,40,153
05/31/2006,EVV,IN,AGL,CE,Combined TRACON& Tower with Radar,0,56,41,0,97,0,0,36,0,36,0,56,77,0,133,130,0,130,263
06/01/2006,EVV,IN,AGL,CE,Combined TRACON& Tower with Radar,0,53,43,0,96,0,0,9,0,9,0,53,52,0,105,0,0,0,105
06/02/2006,EVV,IN,AGL,CE,Combined TRACON& Tower with Radar,0,48,37,1,86,0,0,15,0,15,0,48,52,1,101,60,6,66,167
06/03/2006,EVV,IN,AGL,CE,Combined TRACON& Tower with Radar,0,36,10,0,46,0,0,40,0,40,0,36,50,0,86,66,0,66,152
06/04/2006,EVV,IN,AGL,CE,Combined TRACON& Tower with Radar,0,49,29,2,80,0,0,27,0,27,0,49,56,2,107,6,4,10,117
06/05/2006,EVV,IN,AGL,CE,Combined TRACON& Tower with Radar,0,57,34,1,92,0,0,59,0,59,0,57,93,1,151,72,0,72,223
06/06/2006,EVV,IN,AGL,CE,Combined TRACON& Tower with Radar,0,59,43,5,107,0,3,42,0,45,0,62,85,5,152,126,0,126,278
06/07/2006,EVV,IN,AGL,CE,Combined TRACON& Tower with Radar,0,70,25,0,95,0,0,26,0,26,0,70,51,0,121,40,0,40,161
06/08/2006,EVV,IN,AGL,CE,Combined TRACON& Tower with Radar,0,70,55,0,125,0,0,71,0,71,0,70,126,0,196,22,0,22,218
06/09/2006,EVV,IN,AGL,CE,Combined TRACON& Tower with Radar,0,47,43,2,92,0,0,46,0,46,0,47,89,2,138,26,0,26,164
06/10/2006,EVV,IN,AGL,CE,Combined TRACON& Tower with Radar,0,37,37,0,74,0,0,26,1,27,0,37,63,1,101,18,0,18,119
06/11/2006,EVV,IN,AGL,CE,Combined TRACON& Tower with Radar,0,43,7,3,53,0,0,0,0,0,0,43,7,3,53,0,0,0,53
06/12/2006,EVV,IN,AGL,CE,Combined TRACON& Tower with Radar,0,56,30,0,86,0,0,25,0,25,0,56,55,0,111,60,0,60,171
06/13/2006,EVV,IN,AGL,CE,Combined TRACON& Tower with Radar,0,58,26,0,84,0,4,32,0,36,0,62,58,0,120,58,26,84,204
06/14/2006,EVV,IN,AGL,CE,Combined TRACON& Tower with Radar,2,59,39,0,100,0,2,44,0,46,2,61,83,0,146,70,8,78,224
06/15/2006,EVV,IN,AGL,CE,Combined TRACON& Tower with Radar,0,60,47,3,110,0,1,49,0,50,0,61,96,3,160,34,2,36,196
06/16/2006,EVV,IN,AGL,CE,Combined TRACON& Tower with Radar,0,47,35,4,86,0,0,56,1,57,0,47,91,5,143,40,0,40,183
06/17/2006,EVV,IN,AGL,CE,Combined TRACON& Tower with Radar,2,42,12,0,56,0,0,32,0,32,2,42,44,0,88,4,0,4,92
06/18/2006,EVV,IN,AGL,CE,Combined TRACON& Tower with Radar,0,45,26,0,71,0,0,6,0,6,0,45,32,0,77,6,0,6,83
06/19/2006,EVV,IN,AGL,CE,Combined TRACON& Tower with Radar,0,49,30,6,85,0,2,19,0,21,0,51,49,6,106,48,0,48,154
06/20/2006,EVV,IN,AGL,CE,Combined TRACON& Tower with Radar,0,65,28,2,95,0,0,28,0,28,0,65,56,2,123,78,0,78,201
06/21/2006,EVV,IN,AGL,CE,Combined TRACON& Tower with Radar,0,64,44,3,111,0,0,51,0,51,0,64,95,3,162,74,16,90,252
06/22/2006,EVV,IN,AGL,CE,Combined TRACON& Tower with Radar,1,70,47,1,119,0,0,0,0,0,1,70,47,1,119,42,0,42,161
06/23/2006,EVV,IN,AGL,CE,Combined TRACON& Tower with Radar,1,51,37,4,93,0,0,40,7,47,1,51,77,11,140,76,12,88,228
06/24/2006,EVV,IN,AGL,CE,Combined TRACON& Tower with Radar,0,41,29,12,82,0,6,84,9,99,0,47,113,21,181,102,18,120,301
06/25/2006,EVV,IN,AGL,CE,Combined TRACON& Tower with Radar,0,45,19,6,70,0,3,124,19,146,0,48,143,25,216,172,12,184,400
06/26/2006,EVV,IN,AGL,CE,Combined TRACON& Tower with Radar,1,58,30,8,97,0,1,19,4,24,1,59,49,12,121,30,0,30,151
06/27/2006,EVV,IN,AGL,CE,Combined TRACON& Tower with Radar,0,49,37,0,86,0,1,19,0,20,0,50,56,0,106,68,0,68,174
06/28/2006,EVV,IN,AGL,CE,Combined TRACON& Tower with Radar,0,62,31,0,93,0,2,0,0,2,0,64,31,0,95,72,0,72,167
06/29/2006,EVV,IN,AGL,CE,Combined TRACON& Tower with Radar,0,76,55,2,133,0,2,49,2,53,0,78,104,4,186,80,0,80,266
06/30/2006,EVV,IN,AGL,CE,Combined TRACON& Tower with Radar,0,53,35,9,97,0,0,0,0,0,0,53,35,9,97,16,6,22,119
07/01/2006,EVV,IN,AGL,CE,Combined TRACON& Tower with Radar,0,42,19,0,61,0,0,657,0,657,0,42,676,0,718,52,0,52,770
07/02/2006,EVV,IN,AGL,CE,Combined TRACON& Tower with Radar,0,46,12,8,66,0,4,18,0,22,0,50,30,8,88,20,0,20,108
07/03/2006,EVV,IN,AGL,CE,Combined TRACON& Tower with Radar,0,37,15,0,52,0,1,27,0,28,0,38,42,0,80,2,0,2,82
07/04/2006,EVV,IN,AGL,CE,Combined TRACON& Tower with Radar,0,35,11,0,46,0,0,15,0,15,0,35,26,0,61,18,0,18,79
07/05/2006,EVV,IN,AGL,CE,Combined TRACON& Tower with Radar,0,65,42,0,107,0,2,48,0,50,0,67,90,0,157,80,0,80,237
07/06/2006,EVV,IN,AGL,CE,Combined TRACON& Tower with Radar,0,56,46,4,106,0,1,72,0,73,0,57,118,4,179,126,0,126,305
07/07/2006,EVV,IN,AGL,CE,Combined TRACON& Tower with Radar,0,53,13,0,66,0,0,70,0,70,0,53,83,0,136,16,0,16,152
07/08/2006,EVV,IN,AGL,CE,Combined TRACON& Tower with Radar,0,52,30,0,82,0,0,46,0,46,0,52,76,0,128,86,0,86,214
07/09/2006,EVV,IN,AGL,CE,Combined TRACON& Tower with Radar,0,41,17,1,59,0,0,31,0,31,0,41,48,1,90,32,0,32,122
07/10/2006,EVV,IN,AGL,CE,Combined TRACON& Tower with Radar,0,57,27,1,85,0,0,29,0,29,0,57,56,1,114,52,0,52,166
07/11/2006,EVV,IN,AGL,CE,Combined TRACON& Tower with Radar,0,62,20,1,83,0,0,22,0,22,0,62,42,1,105,52,0,52,157
07/12/2006,EVV,IN,AGL,CE,Combined TRACON& Tower with Radar,0,67,17,2,86,0,0,10,0,10,0,67,27,2,96,24,0,24,120
07/13/2006,EVV,IN,AGL,CE,Combined TRACON& Tower with Radar,0,87,57,0,144,0,0,29,0,29,0,87,86,0,173,58,0,58,231
07/14/2006,EVV,IN,AGL,CE,Combined TRACON& Tower with Radar,0,55,55,0,110,0,2,27,0,29,0,57,82,0,139,34,0,34,173
07/15/2006,EVV,IN,AGL,CE,Combined TRACON& Tower with Radar,0,40,13,0,53,0,0,33,0,33,0,40,46,0,86,64,0,64,150
07/16/2006,EVV,IN,AGL,CE,Combined TRACON& Tower with Radar,0,38,13,0,51,0,0,35,0,35,0,38,48,0,86,0,0,0,86
07/17/2006,EVV,IN,AGL,CE,Combined TRACON& Tower with Radar,2,55,57,0,114,0,0,0,0,0,2,55,57,0,114,116,0,116,230
07/18/2006,EVV,IN,AGL,CE,Combined TRACON& Tower with Radar,0,66,32,0,98,0,1,49,0,50,0,67,81,0,148,60,2,62,210
07/19/2006,EVV,IN,AGL,CE,Combined TRACON& Tower with Radar,0,76,44,1,121,0,0,44,0,44,0,76,88,1,165,46,0,46,211
07/20/2006,EVV,IN,AGL,CE,Combined TRACON& Tower with Radar,0,62,45,0,107,0,0,23,0,23,0,62,68,0,130,0,0,0,130
07/21/2006,EVV,IN,AGL,CE,Combined TRACON& Tower with Radar,1,58,49,20,128,0,0,19,0,19,1,58,68,20,147,32,0,32,179
07/22/2006,EVV,IN,AGL,CE,Combined TRACON& Tower with Radar,0,42,20,0,62,0,0,32,0,32,0,42,52,0,94,8,0,8,102
07/23/2006,EVV,IN,AGL,CE,Combined TRACON& Tower with Radar,0,45,15,2,62,0,0,41,0,41,0,45,56,2,103,10,0,10,113
07/24/2006,EVV,IN,AGL,CE,Combined TRACON& Tower with Radar,0,54,28,0,82,0,0,47,0,47,0,54,75,0,129,84,0,84,213
07/25/2006,EVV,IN,AGL,CE,Combined TRACON& Tower with Radar,0,63,32,0,95,0,1,56,0,57,0,64,88,0,152,108,0,108,260
07/26/2006,EVV,IN,AGL,CE,Combined TRACON& Tower with Radar,0,56,44,14,114,0,2,58,0,60,0,58,102,14,174,112,0,112,286
07/27/2006,EVV,IN,AGL,CE,Combined TRACON& Tower with Radar,1,63,39,8,111,0,0,25,0,25,1,63,64,8,136,16,2,18,154
07/28/2006,EVV,IN,AGL,CE,Combined TRACON& Tower with Radar,0,56,44,6,106,0,0,15,0,15,0,56,59,6,121,2,2,4,125
07/29/2006,EVV,IN,AGL,CE,Combined TRACON& Tower with Radar,0,46,35,0,81,0,0,26,0,26,0,46,61,0,107,8,0,8,115
07/30/2006,EVV,IN,AGL,CE,Combined TRACON& Tower with Radar,0,48,27,11,86,0,0,35,0,35,0,48,62,11,121,36,2,38,159
07/31/2006,EVV,IN,AGL,CE,Combined TRACON& Tower with Radar,0,57,31,0,88,0,0,38,2,40,0,57,69,2,128,12,0,12,140
08/01/2006,EVV,IN,AGL,CE,Combined TRACON& Tower with Radar,2,62,37,4,105,0,1,42,1,44,2,63,79,5,149,90,0,90,239
08/02/2006,EVV,IN,AGL,CE,Combined TRACON& Tower with Radar,0,51,30,0,81,0,5,48,1,54,0,56,78,1,135,72,0,72,207
08/03/2006,EVV,IN,AGL,CE,Combined TRACON& Tower with Radar,0,73,60,2,135,0,0,53,0,53,0,73,113,2,188,34,0,34,222
08/04/2006,EVV,IN,AGL,CE,Combined TRACON& Tower with Radar,0,74,48,4,126,0,5,73,0,78,0,79,121,4,204,2,4,6,210
08/05/2006,EVV,IN,AGL,CE,Combined TRACON& Tower with Radar,0,48,51,12,111,0,0,62,0,62,0,48,113,12,173,170,0,170,343
08/06/2006,EVV,IN,AGL,CE,Combined TRACON& Tower with Radar,0,48,26,5,79,0,0,31,0,31,0,48,57,5,110,40,4,44,154
08/07/2006,EVV,IN,AGL,CE,Combined TRACON& Tower with Radar,0,67,36,0,103,0,1,28,0,29,0,68,64,0,132,18,0,18,150
08/08/2006,EVV,IN,AGL,CE,Combined TRACON& Tower with Radar,0,60,45,6,111,0,4,23,0,27,0,64,68,6,138,132,6,138,276
08/09/2006,EVV,IN,AGL,CE,Combined TRACON& Tower with Radar,0,61,28,0,89,0,0,27,0,27,0,61,55,0,116,42,0,42,158
08/10/2006,EVV,IN,AGL,CE,Combined TRACON& Tower with Radar,0,52,51,0,103,0,0,25,1,26,0,52,76,1,129,62,0,62,191
08/11/2006,EVV,IN,AGL,CE,Combined TRACON& Tower with Radar,0,75,67,2,144,0,0,9,1,10,0,75,76,3,154,76,0,76,230
08/12/2006,EVV,IN,AGL,CE,Combined TRACON& Tower with Radar,0,34,34,1,69,0,0,56,0,56,0,34,90,1,125,106,0,106,231
08/13/2006,EVV,IN,AGL,CE,Combined TRACON& Tower with Radar,0,42,21,7,70,0,0,39,0,39,0,42,60,7,109,28,6,34,143
08/14/2006,EVV,IN,AGL,CE,Combined TRACON& Tower with Radar,0,50,21,0,71,0,0,17,0,17,0,50,38,0,88,24,0,24,112
08/15/2006,EVV,IN,AGL,CE,Combined TRACON& Tower with Radar,0,67,40,0,107,0,0,52,0,52,0,67,92,0,159,136,0,136,295
08/16/2006,EVV,IN,AGL,CE,Combined TRACON& Tower with Radar,0,68,52,8,128,0,0,72,2,74,0,68,124,10,202,54,0,54,256
08/17/2006,EVV,IN,AGL,CE,Combined TRACON& Tower with Radar,0,64,66,0,130,0,1,47,0,48,0,65,113,0,178,100,0,100,278
08/18/2006,EVV,IN,AGL,CE,Combined TRACON& Tower with Radar,0,49,38,13,100,0,1,23,14,38,0,50,61,27,138,28,6,34,172
08/19/2006,EVV,IN,AGL,CE,Combined TRACON& Tower with Radar,0,38,21,0,59,0,1,4,0,5,0,39,25,0,64,23,0,23,87
08/20/2006,EVV,IN,AGL,CE,Combined TRACON& Tower with Radar,0,41,23,0,64,0,2,9,0,11,0,43,32,0,75,48,0,48,123
08/21/2006,EVV,IN,AGL,CE,Combined TRACON& Tower with Radar,0,52,32,0,84,0,0,26,1,27,0,52,58,1,111,48,0,48,159
08/22/2006,EVV,IN,AGL,CE,Combined TRACON& Tower with Radar,0,78,42,10,130,0,0,0,0,0,0,78,42,10,130,60,8,68,198
08/23/2006,EVV,IN,AGL,CE,Combined TRACON& Tower with Radar,0,63,76,0,139,0,0,42,0,42,0,63,118,0,181,134,0,134,315
08/24/2006,EVV,IN,AGL,CE,Combined TRACON& Tower with Radar,0,57,55,0,112,0,2,51,1,54,0,59,106,1,166,54,16,70,236
08/25/2006,EVV,IN,AGL,CE,Combined TRACON& Tower with Radar,0,71,62,0,133,0,12,64,13,89,0,83,126,13,222,100,0,100,322
08/26/2006,EVV,IN,AGL,CE,Combined TRACON& Tower with Radar,0,46,53,0,99,0,1,30,0,31,0,47,83,0,130,78,0,78,208
08/27/2006,EVV,IN,AGL,CE,Combined TRACON& Tower with Radar,0,40,14,2,56,0,0,14,0,14,0,40,28,2,70,18,0,18,88
08/28/2006,EVV,IN,AGL,CE,Combined TRACON& Tower with Radar,0,46,21,0,67,0,0,6,0,6,0,46,27,0,73,72,0,72,145
08/29/2006,EVV,IN,AGL,CE,Combined TRACON& Tower with Radar,2,63,59,8,132,0,0,13,0,13,2,63,72,8,145,52,8,60,205
08/30/2006,EVV,IN,AGL,CE,Combined TRACON& Tower with Radar,1,73,66,9,149,0,1,34,0,35,1,74,100,9,184,116,0,116,300
08/31/2006,EVV,IN,AGL,CE,Combined TRACON& Tower with Radar,1,63,52,9,125,0,0,15,0,15,1,63,67,9,140,0,0,0,140
09/01/2006,EVV,IN,AGL,CE,Combined TRACON& Tower with Radar,1,56,28,2,87,0,0,12,0,12,1,56,40,2,99,6,2,8,107
09/02/2006,EVV,IN,AGL,CE,Combined TRACON& Tower with Radar,0,42,63,0,105,0,0,11,0,11,0,42,74,0,116,100,0,100,216
09/03/2006,EVV,IN,AGL,CE,Combined TRACON& Tower with Radar,0,35,17,2,54,0,0,40,0,40,0,35,57,2,94,74,0,74,168
09/04/2006,EVV,IN,AGL,CE,Combined TRACON& Tower with Radar,0,46,18,0,64,0,1,39,0,40,0,47,57,0,104,50,0,50,154
09/05/2006,EVV,IN,AGL,CE,Combined TRACON& Tower with Radar,0,66,34,3,103,0,0,35,1,36,0,66,69,4,139,84,2,86,225
09/06/2006,EVV,IN,AGL,CE,Combined TRACON& Tower with Radar,0,53,23,21,97,0,0,48,0,48,0,53,71,21,145,66,16,82,227
09/07/2006,EVV,IN,AGL,CE,Combined TRACON& Tower with Radar,0,61,47,4,112,0,0,67,3,70,0,61,114,7,182,42,0,42,224
09/08/2006,EVV,IN,AGL,CE,Combined TRACON& Tower with Radar,0,51,42,15,108,0,0,49,2,51,0,51,91,17,159,8,8,16,175
09/09/2006,EVV,IN,AGL,CE,Combined TRACON& Tower with Radar,0,41,48,0,89,0,0,58,0,58,0,41,106,0,147,46,0,46,193
09/10/2006,EVV,IN,AGL,CE,Combined TRACON& Tower with Radar,0,42,17,7,66,0,0,18,0,18,0,42,35,7,84,32,0,32,116
09/11/2006,EVV,IN,AGL,CE,Combined TRACON& Tower with Radar,0,53,46,2,101,0,0,6,0,6,0,53,52,2,107,22,2,24,131
09/12/2006,EVV,IN,AGL,CE,Combined TRACON& Tower with Radar,0,58,30,0,88,0,0,0,0,0,0,58,30,0,88,12,0,12,100
09/13/2006,EVV,IN,AGL,CE,Combined TRACON& Tower with Radar,0,62,32,3,97,0,0,11,0,11,0,62,43,3,108,10,0,10,118
09/14/2006,EVV,IN,AGL,CE,Combined TRACON& Tower with Radar,0,70,46,2,118,0,0,31,4,35,0,70,77,6,153,98,0,98,251
09/15/2006,EVV,IN,AGL,CE,Combined TRACON& Tower with Radar,0,62,49,13,124,0,0,50,0,50,0,62,99,13,174,24,10,34,208
09/16/2006,EVV,IN,AGL,CE,Combined TRACON& Tower with Radar,0,38,29,1,68,0,0,56,0,56,0,38,85,1,124,74,0,74,198
09/17/2006,EVV,IN,AGL,CE,Combined TRACON& Tower with Radar,1,42,50,2,95,0,0,35,0,35,1,42,85,2,130,32,0,32,162
09/18/2006,EVV,IN,AGL,CE,Combined TRACON& Tower with Radar,2,54,33,7,96,0,0,14,0,14,2,54,47,7,110,4,0,4,114
09/19/2006,EVV,IN,AGL,CE,Combined TRACON& Tower with Radar,0,67,35,0,102,0,2,41,0,43,0,69,76,0,145,90,0,90,235
09/20/2006,EVV,IN,AGL,CE,Combined TRACON& Tower with Radar,0,66,43,10,119,0,6,53,3,62,0,72,96,13,181,74,4,78,259
09/21/2006,EVV,IN,AGL,CE,Combined TRACON& Tower with Radar,0,57,25,10,92,0,0,38,3,41,0,57,63,13,133,50,4,54,187
09/22/2006,EVV,IN,AGL,CE,Combined TRACON& Tower with Radar,0,60,34,0,94,0,0,7,0,7,0,60,41,0,101,6,0,6,107
09/23/2006,EVV,IN,AGL,CE,Combined TRACON& Tower with Radar,0,36,1,0,37,0,0,0,0,0,0,36,1,0,37,0,0,0,37
09/24/2006,EVV,IN,AGL,CE,Combined TRACON& Tower with Radar,0,42,32,10,84,0,1,36,3,40,0,43,68,13,124,52,6,58,182
09/25/2006,EVV,IN,AGL,CE,Combined TRACON& Tower with Radar,0,46,43,0,89,0,1,62,0,63,0,47,105,0,152,126,0,126,278
09/26/2006,EVV,IN,AGL,CE,Combined TRACON& Tower with Radar,0,68,61,2,131,0,1,51,0,52,0,69,112,2,183,62,0,62,245
09/27/2006,EVV,IN,AGL,CE,Combined TRACON& Tower with Radar,0,61,33,0,94,0,0,37,0,37,0,61,70,0,131,18,0,18,149
09/28/2006,EVV,IN,AGL,CE,Combined TRACON& Tower with Radar,0,63,38,2,103,0,0,36,0,36,0,63,74,2,139,32,0,32,171
09/29/2006,EVV,IN,AGL,CE,Combined TRACON& Tower with Radar,0,56,35,0,91,0,0,41,0,41,0,56,76,0,132,10,0,10,142
09/30/2006,EVV,IN,AGL,CE,Combined TRACON& Tower with Radar,0,40,22,0,62,0,0,40,0,40,0,40,62,0,102,60,0,60,162
10/01/2006,EVV,IN,AGL,CE,Combined TRACON& Tower with Radar,0,39,26,5,70,0,2,35,0,37,0,41,61,5,107,26,4,30,137
10/02/2006,EVV,IN,AGL,CE,Combined TRACON& Tower with Radar,0,48,27,0,75,0,0,48,0,48,0,48,75,0,123,70,0,70,193
10/03/2006,EVV,IN,AGL,CE,Combined TRACON& Tower with Radar,0,53,30,0,83,0,1,51,0,52,0,54,81,0,135,94,0,94,229
10/04/2006,EVV,IN,AGL,CE,Combined TRACON& Tower with Radar,1,53,38,0,92,0,1,25,0,26,1,54,63,0,118,38,0,38,156
10/05/2006,EVV,IN,AGL,CE,Combined TRACON& Tower with Radar,2,62,47,1,112,0,2,6,3,11,2,64,53,4,123,42,0,42,165
10/06/2006,EVV,IN,AGL,CE,Combined TRACON& Tower with Radar,0,53,32,5,90,0,5,48,0,53,0,58,80,5,143,24,6,30,173
10/07/2006,EVV,IN,AGL,CE,Combined TRACON& Tower with Radar,0,40,47,0,87,0,0,90,0,90,0,40,137,0,177,80,0,80,257
10/08/2006,EVV,IN,AGL,CE,Combined TRACON& Tower with Radar,0,40,18,0,58,0,0,55,0,55,0,40,73,0,113,42,0,42,155
10/09/2006,EVV,IN,AGL,CE,Combined TRACON& Tower with Radar,0,50,34,5,89,0,0,39,1,40,0,50,73,6,129,74,0,74,203
10/10/2006,EVV,IN,AGL,CE,Combined TRACON& Tower with Radar,0,61,48,0,109,0,0,42,0,42,0,61,90,0,151,56,0,56,207
10/11/2006,EVV,IN,AGL,CE,Combined TRACON& Tower with Radar,1,65,45,1,112,0,2,14,0,16,1,67,59,1,128,120,0,120,248
10/12/2006,EVV,IN,AGL,CE,Combined TRACON& Tower with Radar,0,70,48,6,124,0,0,50,0,50,0,70,98,6,174,56,0,56,230
10/13/2006,EVV,IN,AGL,CE,Combined TRACON& Tower with Radar,0,57,42,15,114,0,0,60,1,61,0,57,102,16,175,66,0,66,241
10/14/2006,EVV,IN,AGL,CE,Combined TRACON& Tower with Radar,0,51,57,0,108,0,0,53,0,53,0,51,110,0,161,34,0,34,195
10/15/2006,EVV,IN,AGL,CE,Combined TRACON& Tower with Radar,0,41,29,0,70,0,0,51,1,52,0,41,80,1,122,36,0,36,158
10/16/2006,EVV,IN,AGL,CE,Combined TRACON& Tower with Radar,0,52,25,0,77,0,0,2,0,2,0,52,27,0,79,2,2,4,83
10/17/2006,EVV,IN,AGL,CE,Combined TRACON& Tower with Radar,2,58,49,0,109,0,0,13,0,13,2,58,62,0,122,25,0,25,147
10/18/2006,EVV,IN,AGL,CE,Combined TRACON& Tower with Radar,3,66,56,1,126,0,0,34,0,34,3,66,90,1,160,78,6,84,244
10/19/2006,EVV,IN,AGL,CE,Combined TRACON& Tower with Radar,1,63,29,0,93,0,0,3,0,3,1,63,32,0,96,2,0,2,98
10/20/2006,EVV,IN,AGL,CE,Combined TRACON& Tower with Radar,0,58,43,1,102,0,0,53,3,56,0,58,96,4,158,80,0,80,238
10/21/2006,EVV,IN,AGL,CE,Combined TRACON& Tower with Radar,0,41,27,0,68,0,0,72,0,72,0,41,99,0,140,62,0,62,202
10/22/2006,EVV,IN,AGL,CE,Combined TRACON& Tower with Radar,0,55,20,5,80,0,0,17,0,17,0,55,37,5,97,4,4,8,105
10/23/2006,EVV,IN,AGL,CE,Combined TRACON& Tower with Radar,2,63,37,10,112,0,0,31,1,32,2,63,68,11,144,20,0,20,164
10/24/2006,EVV,IN,AGL,CE,Combined TRACON& Tower with Radar,0,82,34,0,116,0,3,75,0,78,0,85,109,0,194,164,0,164,358
10/25/2006,EVV,IN,AGL,CE,Combined TRACON& Tower with Radar,4,78,46,9,137,0,0,46,3,49,4,78,92,12,186,94,10,104,290
10/26/2006,EVV,IN,AGL,CE,Combined TRACON& Tower with Radar,0,61,51,0,112,0,0,0,0,0,0,61,51,0,112,4,0,4,116
10/27/2006,EVV,IN,AGL,CE,Combined TRACON& Tower with Radar,0,59,26,0,85,0,0,0,0,0,0,59,26,0,85,2,0,2,87
10/28/2006,EVV,IN,AGL,CE,Combined TRACON& Tower with Radar,0,45,46,0,91,0,0,44,0,44,0,45,90,0,135,54,0,54,189
10/29/2006,EVV,IN,AGL,CE,Combined TRACON& Tower with Radar,0,41,30,5,76,0,1,53,0,54,0,42,83,5,130,30,2,32,162
10/30/2006,EVV,IN,AGL,CE,Combined TRACON& Tower with Radar,1,53,24,5,83,0,1,32,0,33,1,54,56,5,116,40,0,40,156
10/31/2006,EVV,IN,AGL,CE,Combined TRACON& Tower with Radar,0,62,47,0,109,0,0,4,0,4,0,62,51,0,113,18,0,18,131
11/01/2006,EVV,IN,AGL,CE,Combined TRACON& Tower with Radar,0,65,53,0,118,0,2,28,0,30,0,67,81,0,148,20,0,20,168
11/02/2006,EVV,IN,AGL,CE,Combined TRACON& Tower with Radar,0,0,61,0,61,0,0,58,0,58,0,0,119,0,119,12,0,12,131
11/03/2006,EVV,IN,AGL,CE,Combined TRACON& Tower with Radar,0,51,40,2,93,0,0,63,0,63,0,51,103,2,156,84,0,84,240
11/04/2006,EVV,IN,AGL,CE,Combined TRACON& Tower with Radar,0,41,31,0,72,0,0,53,0,53,0,41,84,0,125,108,0,108,233
11/05/2006,EVV,IN,AGL,CE,Combined TRACON& Tower with Radar,0,50,25,2,77,0,0,20,0,20,0,50,45,2,97,20,0,20,117
11/06/2006,EVV,IN,AGL,CE,Combined TRACON& Tower with Radar,0,54,29,0,83,0,0,12,0,12,0,54,41,0,95,8,0,8,103
11/07/2006,EVV,IN,AGL,CE,Combined TRACON& Tower with Radar,1,52,54,2,109,0,0,1,0,1,1,52,55,2,110,64,0,64,174
11/08/2006,EVV,IN,AGL,CE,Combined TRACON& Tower with Radar,3,59,59,7,128,0,1,33,5,39,3,60,92,12,167,136,0,136,303
11/09/2006,EVV,IN,AGL,CE,Combined TRACON& Tower with Radar,2,69,68,5,144,0,0,79,0,79,2,69,147,5,223,46,0,46,269
11/10/2006,EVV,IN,AGL,CE,Combined TRACON& Tower with Radar,0,58,41,2,101,0,0,19,0,19,0,58,60,2,120,28,0,28,148
11/11/2006,EVV,IN,AGL,CE,Combined TRACON& Tower with Radar,0,38,13,0,51,0,1,4,0,5,0,39,17,0,56,1,0,1,57
11/12/2006,EVV,IN,AGL,CE,Combined TRACON& Tower with Radar,0,39,41,5,85,0,0,29,0,29,0,39,70,5,114,72,0,72,186
11/13/2006,EVV,IN,AGL,CE,Combined TRACON& Tower with Radar,0,50,74,1,125,0,2,13,1,16,0,52,87,2,141,54,0,54,195
11/14/2006,EVV,IN,AGL,CE,Combined TRACON& Tower with Radar,0,55,55,0,110,0,0,14,0,14,0,55,69,0,124,48,0,48,172
11/15/2006,EVV,IN,AGL,CE,Combined TRACON& Tower with Radar,0,61,43,0,104,0,0,0,0,0,0,61,43,0,104,18,0,18,122
11/16/2006,EVV,IN,AGL,CE,Combined TRACON& Tower with Radar,2,56,34,0,92,0,0,4,0,4,2,56,38,0,96,0,0,0,96
11/17/2006,EVV,IN,AGL,CE,Combined TRACON& Tower with Radar,0,51,39,13,103,0,0,42,0,42,0,51,81,13,145,158,16,174,319
11/18/2006,EVV,IN,AGL,CE,Combined TRACON& Tower with Radar,0,54,42,1,97,0,0,30,0,30,0,54,72,1,127,0,0,0,127
11/19/2006,EVV,IN,AGL,CE,Combined TRACON& Tower with Radar,0,47,28,5,80,0,0,7,0,7,0,47,35,5,87,40,0,40,127
11/20/2006,EVV,IN,AGL,CE,Combined TRACON& Tower with Radar,1,49,34,1,85,0,0,57,0,57,1,49,91,1,142,96,0,96,238
11/21/2006,EVV,IN,AGL,CE,Combined TRACON& Tower with Radar,0,63,36,1,100,0,1,57,0,58,0,64,93,1,158,70,0,70,228
11/22/2006,EVV,IN,AGL,CE,Combined TRACON& Tower with Radar,0,58,61,0,119,0,0,83,0,83,0,58,144,0,202,218,0,218,420
11/23/2006,EVV,IN,AGL,CE,Combined TRACON& Tower with Radar,0,34,15,0,49,0,0,43,0,43,0,34,58,0,92,0,0,0,92
11/24/2006,EVV,IN,AGL,CE,Combined TRACON& Tower with Radar,0,42,14,1,57,1,3,45,0,49,1,45,59,1,106,58,0,58,164
11/25/2006,EVV,IN,AGL,CE,Combined TRACON& Tower with Radar,0,44,11,0,55,0,0,37,0,37,0,44,48,0,92,16,0,16,108
11/26/2006,EVV,IN,AGL,CE,Combined TRACON& Tower with Radar,0,42,24,0,66,0,0,34,0,34,0,42,58,0,100,64,0,64,164
11/27/2006,EVV,IN,AGL,CE,Combined TRACON& Tower with Radar,0,50,33,2,85,0,0,33,0,33,0,50,66,2,118,106,0,106,224
11/28/2006,EVV,IN,AGL,CE,Combined TRACON& Tower with Radar,0,68,55,3,126,0,0,22,0,22,0,68,77,3,148,74,6,80,228
11/29/2006,EVV,IN,AGL,CE,Combined TRACON& Tower with Radar,0,57,34,0,91,0,0,19,0,19,0,57,53,0,110,70,0,70,180
11/30/2006,EVV,IN,AGL,CE,Combined TRACON& Tower with Radar,0,52,20,0,72,0,0,1,0,1,0,52,21,0,73,0,0,0,73
12/01/2006,EVV,IN,AGL,CE,Combined TRACON& Tower with Radar,0,41,21,0,62,0,1,7,0,8,0,42,28,0,70,0,0,0,70
12/02/2006,EVV,IN,AGL,CE,Combined TRACON& Tower with Radar,0,35,16,0,51,0,0,45,0,45,0,35,61,0,96,42,0,42,138
12/03/2006,EVV,IN,AGL,CE,Combined TRACON& Tower with Radar,0,41,19,0,60,0,0,25,0,25,0,41,44,0,85,8,0,8,93
12/04/2006,EVV,IN,AGL,CE,Combined TRACON& Tower with Radar,0,60,36,0,96,0,0,32,0,32,0,60,68,0,128,130,0,130,258
12/05/2006,EVV,IN,AGL,CE,Combined TRACON& Tower with Radar,0,55,39,0,94,0,2,41,0,43,0,57,80,0,137,104,0,104,241
12/06/2006,EVV,IN,AGL,CE,Combined TRACON& Tower with Radar,0,53,44,0,97,0,0,48,0,48,0,53,92,0,145,78,0,78,223
12/07/2006,EVV,IN,AGL,CE,Combined TRACON& Tower with Radar,0,65,30,0,95,0,0,20,0,20,0,65,50,0,115,0,0,0,115
12/08/2006,EVV,IN,AGL,CE,Combined TRACON& Tower with Radar,2,59,49,1,111,0,0,26,0,26,2,59,75,1,137,36,0,36,173
12/09/2006,EVV,IN,AGL,CE,Combined TRACON& Tower with Radar,0,41,20,0,61,0,0,50,0,50,0,41,70,0,111,68,0,68,179
12/10/2006,EVV,IN,AGL,CE,Combined TRACON& Tower with Radar,0,45,14,0,59,0,0,31,0,31,0,45,45,0,90,12,0,12,102
12/11/2006,EVV,IN,AGL,CE,Combined TRACON& Tower with Radar,0,56,33,0,89,0,0,24,0,24,0,56,57,0,113,108,0,108,221
12/12/2006,EVV,IN,AGL,CE,Combined TRACON& Tower with Radar,0,58,44,0,102,2,0,0,0,2,2,58,44,0,104,4,0,4,108
12/13/2006,EVV,IN,AGL,CE,Combined TRACON& Tower with Radar,0,74,50,1,125,0,0,55,0,55,0,74,105,1,180,120,0,120,300
12/14/2006,EVV,IN,AGL,CE,Combined TRACON& Tower with Radar,0,67,32,1,100,0,0,57,2,59,0,67,89,3,159,70,0,70,229
12/15/2006,EVV,IN,AGL,CE,Combined TRACON& Tower with Radar,0,48,34,0,82,0,0,49,0,49,0,48,83,0,131,116,0,116,247
12/16/2006,EVV,IN,AGL,CE,Combined TRACON& Tower with Radar,0,34,10,3,47,0,0,12,0,12,0,34,22,3,59,38,0,38,97
12/17/2006,EVV,IN,AGL,CE,Combined TRACON& Tower with Radar,0,38,26,0,64,0,1,30,0,31,0,39,56,0,95,26,0,26,121
12/18/2006,EVV,IN,AGL,CE,Combined TRACON& Tower with Radar,0,51,22,2,75,0,1,8,0,9,0,52,30,2,84,4,0,4,88
12/19/2006,EVV,IN,AGL,CE,Combined TRACON& Tower with Radar,0,54,74,2,130,0,0,59,1,60,0,54,133,3,190,62,0,62,252
12/20/2006,EVV,IN,AGL,CE,Combined TRACON& Tower with Radar,0,58,55,16,129,0,0,41,2,43,0,58,96,18,172,52,14,66,238
12/21/2006,EVV,IN,AGL,CE,Combined TRACON& Tower with Radar,0,64,32,0,96,0,0,0,0,0,0,64,32,0,96,0,0,0,96
12/22/2006,EVV,IN,AGL,CE,Combined TRACON& Tower with Radar,0,49,23,0,72,0,0,12,0,12,0,49,35,0,84,24,0,24,108
12/23/2006,EVV,IN,AGL,CE,Combined TRACON& Tower with Radar,0,40,29,0,69,0,0,35,0,35,0,40,64,0,104,100,0,100,204
12/24/2006,EVV,IN,AGL,CE,Combined TRACON& Tower with Radar,0,35,17,0,52,0,3,10,0,13,0,38,27,0,65,68,0,68,133
12/25/2006,EVV,IN,AGL,CE,Combined TRACON& Tower with Radar,0,37,4,0,41,0,0,1,0,1,0,37,5,0,42,0,0,0,42
12/26/2006,EVV,IN,AGL,CE,Combined TRACON& Tower with Radar,0,49,24,0,73,0,0,13,0,13,0,49,37,0,86,12,0,12,98
12/27/2006,EVV,IN,AGL,CE,Combined TRACON& Tower with Radar,0,51,28,0,79,0,0,49,0,49,0,51,77,0,128,56,0,56,184
12/28/2006,EVV,IN,AGL,CE,Combined TRACON& Tower with Radar,0,47,26,2,75,0,0,47,0,47,0,47,73,2,122,106,0,106,228
12/29/2006,EVV,IN,AGL,CE,Combined TRACON& Tower with Radar,0,50,29,0,79,0,0,47,0,47,0,50,76,0,126,30,0,30,156
12/30/2006,EVV,IN,AGL,CE,Combined TRACON& Tower with Radar,0,33,15,0,48,0,0,13,0,13,0,33,28,0,61,4,0,4,65
12/31/2006,EVV,IN,AGL,CE,Combined TRACON& Tower with Radar,0,34,12,0,46,0,0,0,0,0,0,34,12,0,46,0,0,0,46
01/01/2007,EVV,IN,AGL,CE,Combined TRACON& Tower with Radar,0,37,15,0,52,0,0,4,0,4,0,37,19,0,56,44,0,44,100
01/02/2007,EVV,IN,AGL,CE,Combined TRACON& Tower with Radar,0,59,22,0,81,0,0,37,0,37,0,59,59,0,118,68,0,68,186
01/03/2007,EVV,IN,AGL,CE,Combined TRACON& Tower with Radar,0,50,36,0,86,0,0,53,0,53,0,50,89,0,139,42,0,42,181
01/04/2007,EVV,IN,AGL,CE,Combined TRACON& Tower with Radar,0,66,31,0,97,0,3,20,0,23,0,69,51,0,120,28,0,28,148
01/05/2007,EVV,IN,AGL,CE,Combined TRACON& Tower with Radar,2,53,21,0,76,0,1,0,0,1,2,54,21,0,77,10,0,10,87
01/06/2007,EVV,IN,AGL,CE,Combined TRACON& Tower with Radar,0,47,51,0,98,0,0,17,0,17,0,47,68,0,115,6,0,6,121
01/07/2007,EVV,IN,AGL,CE,Combined TRACON& Tower with Radar,0,42,15,0,57,0,0,2,0,2,0,42,17,0,59,0,0,0,59
01/08/2007,EVV,IN,AGL,CE,Combined TRACON& Tower with Radar,0,55,28,0,83,0,0,38,2,40,0,55,66,2,123,66,0,66,189
01/09/2007,EVV,IN,AGL,CE,Combined TRACON& Tower with Radar,0,56,27,0,83,0,0,23,0,23,0,56,50,0,106,2,0,2,108
01/10/2007,EVV,IN,AGL,CE,Combined TRACON& Tower with Radar,0,66,52,0,118,0,0,60,2,62,0,66,112,2,180,116,0,116,296
01/11/2007,EVV,IN,AGL,CE,Combined TRACON& Tower with Radar,0,50,31,1,82,0,0,27,1,28,0,50,58,2,110,52,2,54,164
01/12/2007,EVV,IN,AGL,CE,Combined TRACON& Tower with Radar,0,47,28,4,79,0,1,1,0,2,0,48,29,4,81,4,0,4,85
01/13/2007,EVV,IN,AGL,CE,Combined TRACON& Tower with Radar,0,40,4,0,44,0,0,0,0,0,0,40,4,0,44,0,0,0,44
01/14/2007,EVV,IN,AGL,CE,Combined TRACON& Tower with Radar,0,40,2,0,42,0,0,0,0,0,0,40,2,0,42,0,0,0,42
01/15/2007,EVV,IN,AGL,CE,Combined TRACON& Tower with Radar,0,58,23,0,81,0,0,3,0,3,0,58,26,0,84,0,0,0,84
01/16/2007,EVV,IN,AGL,CE,Combined TRACON& Tower with Radar,0,61,28,0,89,0,1,10,0,11,0,62,38,0,100,0,20,20,120
01/17/2007,EVV,IN,AGL,CE,Combined TRACON& Tower with Radar,2,50,34,0,86,0,0,42,1,43,2,50,76,1,129,134,0,134,263
01/18/2007,EVV,IN,AGL,CE,Combined TRACON& Tower with Radar,0,73,50,15,138,0,5,42,1,48,0,78,92,16,186,64,6,70,256
01/19/2007,EVV,IN,AGL,CE,Combined TRACON& Tower with Radar,1,53,38,0,92,0,0,36,0,36,1,53,74,0,128,158,0,158,286
01/20/2007,EVV,IN,AGL,CE,Combined TRACON& Tower with Radar,0,44,62,0,106,0,0,46,0,46,0,44,108,0,152,50,0,50,202
01/21/2007,EVV,IN,AGL,CE,Combined TRACON& Tower with Radar,0,33,13,0,46,0,0,1,0,1,0,33,14,0,47,0,0,0,47
01/22/2007,EVV,IN,AGL,CE,Combined TRACON& Tower with Radar,0,56,28,0,84,0,13,29,2,44,0,69,57,2,128,40,0,40,168
01/23/2007,EVV,IN,AGL,CE,Combined TRACON& Tower with Radar,4,57,24,2,87,0,1,26,0,27,4,58,50,2,114,110,0,110,224
01/24/2007,EVV,IN,AGL,CE,Combined TRACON& Tower with Radar,0,59,36,0,95,0,2,14,0,16,0,61,50,0,111,68,0,68,179
01/25/2007,EVV,IN,AGL,CE,Combined TRACON& Tower with Radar,1,59,41,0,101,0,5,30,0,35,1,64,71,0,136,52,0,52,188
01/26/2007,EVV,IN,AGL,CE,Combined TRACON& Tower with Radar,0,58,53,2,113,0,0,41,0,41,0,58,94,2,154,92,0,92,246
01/27/2007,EVV,IN,AGL,CE,Combined TRACON& Tower with Radar,0,42,22,7,71,0,1,13,0,14,0,43,35,7,85,66,0,66,151
01/28/2007,EVV,IN,AGL,CE,Combined TRACON& Tower with Radar,0,40,16,0,56,0,0,0,0,0,0,40,16,0,56,6,0,6,62
01/29/2007,EVV,IN,AGL,CE,Combined TRACON& Tower with Radar,0,55,19,0,74,0,0,31,0,31,0,55,50,0,105,34,0,34,139
01/30/2007,EVV,IN,AGL,CE,Combined TRACON& Tower with Radar,4,51,35,0,90,0,1,6,0,7,4,52,41,0,97,62,0,62,159
01/31/2007,EVV,IN,AGL,CE,Combined TRACON& Tower with Radar,2,66,31,0,99,0,0,25,0,25,2,66,56,0,124,62,0,62,186
02/01/2007,EVV,IN,AGL,CE,Combined TRACON& Tower with Radar,1,64,18,0,83,0,0,3,0,3,1,64,21,0,86,0,0,0,86
02/02/2007,EVV,IN,AGL,CE,Combined TRACON& Tower with Radar,1,53,38,0,92,0,5,24,0,29,1,58,62,0,121,12,0,12,133
02/03/2007,EVV,IN,AGL,CE,Combined TRACON& Tower with Radar,2,45,10,0,57,0,3,16,0,19,2,48,26,0,76,4,0,4,80
02/04/2007,EVV,IN,AGL,CE,Combined TRACON& Tower with Radar,0,50,28,0,78,0,0,12,0,12,0,50,40,0,90,6,0,6,96
02/05/2007,EVV,IN,AGL,CE,Combined TRACON& Tower with Radar,0,55,22,0,77,0,0,20,0,20,0,55,42,0,97,60,2,62,159
02/06/2007,EVV,IN,AGL,CE,Combined TRACON& Tower with Radar,0,49,20,0,69,0,0,20,4,24,0,49,40,4,93,24,0,24,117
02/07/2007,EVV,IN,AGL,CE,Combined TRACON& Tower with Radar,0,50,35,4,89,0,0,25,0,25,0,50,60,4,114,70,0,70,184
02/08/2007,EVV,IN,AGL,CE,Combined TRACON& Tower with Radar,0,57,40,37,134,0,0,48,0,48,0,57,88,37,182,48,38,86,268
02/09/2007,EVV,IN,AGL,CE,Combined TRACON& Tower with Radar,0,67,37,16,120,0,0,43,0,43,0,67,80,16,163,12,28,40,203
02/10/2007,EVV,IN,AGL,CE,Combined TRACON& Tower with Radar,0,51,38,21,110,0,1,40,3,44,0,52,78,24,154,90,10,100,254
02/11/2007,EVV,IN,AGL,CE,Combined TRACON& Tower with Radar,0,48,24,1,73,0,0,41,0,41,0,48,65,1,114,48,0,48,162
02/12/2007,EVV,IN,AGL,CE,Combined TRACON& Tower with Radar,0,54,18,0,72,0,0,5,0,5,0,54,23,0,77,0,0,0,77
02/13/2007,EVV,IN,AGL,CE,Combined TRACON& Tower with Radar,0,36,9,0,45,0,0,1,0,1,0,36,10,0,46,0,0,0,46
02/14/2007,EVV,IN,AGL,CE,Combined TRACON& Tower with Radar,1,63,28,3,95,0,0,0,0,0,1,63,28,3,95,12,0,12,107
02/15/2007,EVV,IN,AGL,CE,Combined TRACON& Tower with Radar,0,57,53,1,111,0,0,31,0,31,0,57,84,1,142,30,0,30,172
02/16/2007,EVV,IN,AGL,CE,Combined TRACON& Tower with Radar,0,42,22,16,80,0,0,30,0,30,0,42,52,16,110,12,12,24,134
02/17/2007,EVV,IN,AGL,CE,Combined TRACON& Tower with Radar,0,37,5,0,42,0,0,2,0,2,0,37,7,0,44,0,0,0,44
02/18/2007,EVV,IN,AGL,CE,Combined TRACON& Tower with Radar,0,36,14,2,52,0,0,9,0,9,0,36,23,2,61,14,0,14,75
02/19/2007,EVV,IN,AGL,CE,Combined TRACON& Tower with Radar,0,52,45,0,97,0,0,20,0,20,0,52,65,0,117,16,0,16,133
02/20/2007,EVV,IN,AGL,CE,Combined TRACON& Tower with Radar,0,55,47,0,102,0,2,17,0,19,0,57,64,0,121,52,0,52,173
02/21/2007,EVV,IN,AGL,CE,Combined TRACON& Tower with Radar,0,59,38,12,109,0,0,23,2,25,0,59,61,14,134,110,4,114,248
02/22/2007,EVV,IN,AGL,CE,Combined TRACON& Tower with Radar,0,55,37,0,92,0,0,54,0,54,0,55,91,0,146,68,0,68,214
02/23/2007,EVV,IN,AGL,CE,Combined TRACON& Tower with Radar,0,57,47,11,115,0,1,58,0,59,0,58,105,11,174,66,8,74,248
02/24/2007,EVV,IN,AGL,CE,Combined TRACON& Tower with Radar,4,42,14,0,60,0,0,7,0,7,4,42,21,0,67,24,0,24,91
02/25/2007,EVV,IN,AGL,CE,Combined TRACON& Tower with Radar,0,33,19,0,52,0,0,3,0,3,0,33,22,0,55,0,0,0,55
02/26/2007,EVV,IN,AGL,CE,Combined TRACON& Tower with Radar,0,53,24,0,77,0,0,31,2,33,0,53,55,2,110,122,0,122,232
02/27/2007,EVV,IN,AGL,CE,Combined TRACON& Tower with Radar,0,56,42,0,98,0,0,43,0,43,0,56,85,0,141,158,0,158,299
02/28/2007,EVV,IN,AGL,CE,Combined TRACON& Tower with Radar,3,60,44,0,107,0,0,52,0,52,3,60,96,0,159,44,0,44,203
03/01/2007,EVV,IN,AGL,CE,Combined TRACON& Tower with Radar,4,48,18,0,70,0,0,1,0,1,4,48,19,0,71,0,0,0,71
03/02/2007,EVV,IN,AGL,CE,Combined TRACON& Tower with Radar,1,47,31,1,80,0,0,20,0,20,1,47,51,1,100,0,0,0,100
03/03/2007,EVV,IN,AGL,CE,Combined TRACON& Tower with Radar,0,37,18,1,56,0,0,1,0,1,0,37,19,1,57,2,0,2,59
03/04/2007,EVV,IN,AGL,CE,Combined TRACON& Tower with Radar,0,43,28,0,71,0,0,65,0,65,0,43,93,0,136,34,0,34,170
03/05/2007,EVV,IN,AGL,CE,Combined TRACON& Tower with Radar,0,60,45,0,105,0,1,55,0,56,0,61,100,0,161,106,0,106,267
03/06/2007,EVV,IN,AGL,CE,Combined TRACON& Tower with Radar,0,54,57,1,112,0,0,51,1,52,0,54,108,2,164,132,0,132,296
03/07/2007,EVV,IN,AGL,CE,Combined TRACON& Tower with Radar,1,56,40,22,119,0,0,50,0,50,1,56,90,22,169,74,18,92,261
03/08/2007,EVV,IN,AGL,CE,Combined TRACON& Tower with Radar,0,55,45,15,115,0,0,67,5,72,0,55,112,20,187,78,14,92,279
03/09/2007,EVV,IN,AGL,CE,Combined TRACON& Tower with Radar,0,54,25,2,81,0,0,65,0,65,0,54,90,2,146,90,0,90,236
03/10/2007,EVV,IN,AGL,CE,Combined TRACON& Tower with Radar,0,34,18,0,52,0,0,22,0,22,0,34,40,0,74,4,0,4,78
03/11/2007,EVV,IN,AGL,CE,Combined TRACON& Tower with Radar,0,44,27,0,71,0,0,40,0,40,0,44,67,0,111,24,0,24,135
03/12/2007,EVV,IN,AGL,CE,Combined TRACON& Tower with Radar,0,56,28,0,84,0,0,32,2,34,0,56,60,2,118,118,0,118,236
03/13/2007,EVV,IN,AGL,CE,Combined TRACON& Tower with Radar,0,56,58,0,114,0,0,52,1,53,0,56,110,1,167,108,0,108,275
03/14/2007,EVV,IN,AGL,CE,Combined TRACON& Tower with Radar,0,54,72,7,133,0,0,14,1,15,0,54,86,8,148,36,0,36,184
03/15/2007,EVV,IN,AGL,CE,Combined TRACON& Tower with Radar,0,64,51,0,115,0,0,1,0,1,0,64,52,0,116,20,0,20,136
03/16/2007,EVV,IN,AGL,CE,Combined TRACON& Tower with Radar,0,54,30,7,91,0,2,46,1,49,0,56,76,8,140,18,16,34,174
03/17/2007,EVV,IN,AGL,CE,Combined TRACON& Tower with Radar,0,37,39,0,76,0,1,34,0,35,0,38,73,0,111,40,0,40,151
03/18/2007,EVV,IN,AGL,CE,Combined TRACON& Tower with Radar,0,39,28,9,76,0,0,56,0,56,0,39,84,9,132,60,8,68,200
03/19/2007,EVV,IN,AGL,CE,Combined TRACON& Tower with Radar,0,61,40,1,102,0,0,6,0,6,0,61,46,1,108,0,0,0,108
03/20/2007,EVV,IN,AGL,CE,Combined TRACON& Tower with Radar,2,49,42,6,99,0,1,15,0,16,2,50,57,6,115,76,0,76,191
03/21/2007,EVV,IN,AGL,CE,Combined TRACON& Tower with Radar,0,56,37,3,96,0,0,40,2,42,0,56,77,5,138,40,0,40,178
03/22/2007,EVV,IN,AGL,CE,Combined TRACON& Tower with Radar,0,68,52,0,120,0,1,24,3,28,0,69,76,3,148,40,0,40,188
03/23/2007,EVV,IN,AGL,CE,Combined TRACON& Tower with Radar,1,61,43,8,113,0,0,37,0,37,1,61,80,8,150,72,0,72,222
03/24/2007,EVV,IN,AGL,CE,Combined TRACON& Tower with Radar,0,39,54,0,93,0,1,44,0,45,0,40,98,0,138,48,0,48,186
03/25/2007,EVV,IN,AGL,CE,Combined TRACON& Tower with Radar,0,42,26,3,71,0,1,41,1,43,0,43,67,4,114,8,0,8,122
03/26/2007,EVV,IN,AGL,CE,Combined TRACON& Tower with Radar,0,60,28,0,88,0,50,2,0,52,0,110,30,0,140,78,0,78,218
03/27/2007,EVV,IN,AGL,CE,Combined TRACON& Tower with Radar,0,53,33,12,98,0,2,39,1,42,0,55,72,13,140,70,0,70,210
03/28/2007,EVV,IN,AGL,CE,Combined TRACON& Tower with Radar,0,67,28,0,95,0,0,22,0,22,0,67,50,0,117,44,0,44,161
03/29/2007,EVV,IN,AGL,CE,Combined TRACON& Tower with Radar,0,66,58,0,124,0,1,40,0,41,0,67,98,0,165,28,0,28,193
03/30/2007,EVV,IN,AGL,CE,Combined TRACON& Tower with Radar,0,52,58,5,115,0,0,27,0,27,0,52,85,5,142,134,2,136,278
03/31/2007,EVV,IN,AGL,CE,Combined TRACON& Tower with Radar,0,40,40,0,80,0,0,13,0,13,0,40,53,0,93,68,0,68,161
04/01/2007,EVV,IN,AGL,CE,Combined TRACON& Tower with Radar,0,41,34,5,80,0,0,40,0,40,0,41,74,5,120,0,0,0,120
04/02/2007,EVV,IN,AGL,CE,Combined TRACON& Tower with Radar,2,55,39,4,100,0,1,72,0,73,2,56,111,4,173,76,0,76,249
04/03/2007,EVV,IN,AGL,CE,Combined TRACON& Tower with Radar,0,48,18,2,68,0,1,17,0,18,0,49,35,2,86,72,0,72,158
04/04/2007,EVV,IN,AGL,CE,Combined TRACON& Tower with Radar,0,52,43,0,95,0,0,26,1,27,0,52,69,1,122,80,0,80,202
04/05/2007,EVV,IN,AGL,CE,Combined TRACON& Tower with Radar,0,50,69,14,133,0,0,55,0,55,0,50,124,14,188,50,28,78,266
04/06/2007,EVV,IN,AGL,CE,Combined TRACON& Tower with Radar,0,54,38,7,99,0,0,40,3,43,0,54,78,10,142,2,4,6,148
04/07/2007,EVV,IN,AGL,CE,Combined TRACON& Tower with Radar,0,45,32,0,77,0,0,25,0,25,0,45,57,0,102,26,0,26,128
04/08/2007,EVV,IN,AGL,CE,Combined TRACON& Tower with Radar,0,38,17,1,56,0,0,22,0,22,0,38,39,1,78,4,0,4,82
04/09/2007,EVV,IN,AGL,CE,Combined TRACON& Tower with Radar,0,46,26,0,72,0,0,56,0,56,0,46,82,0,128,64,0,64,192
04/10/2007,EVV,IN,AGL,CE,Combined TRACON& Tower with Radar,0,55,44,0,99,0,0,40,0,40,0,55,84,0,139,136,24,160,299
04/11/2007,EVV,IN,AGL,CE,Combined TRACON& Tower with Radar,3,60,35,0,98,0,0,7,0,7,3,60,42,0,105,14,0,14,119
04/12/2007,EVV,IN,AGL,CE,Combined TRACON& Tower with Radar,0,71,46,0,117,0,0,38,0,38,0,71,84,0,155,42,0,42,197
04/13/2007,EVV,IN,AGL,CE,Combined TRACON& Tower with Radar,0,57,57,7,121,0,0,89,0,89,0,57,146,7,210,136,0,136,346
04/14/2007,EVV,IN,AGL,CE,Combined TRACON& Tower with Radar,0,39,9,0,48,0,2,2,0,4,0,41,11,0,52,0,0,0,52
04/15/2007,EVV,IN,AGL,CE,Combined TRACON& Tower with Radar,0,44,24,4,72,0,0,23,0,23,0,44,47,4,95,0,0,0,95
04/16/2007,EVV,IN,AGL,CE,Combined TRACON& Tower with Radar,0,50,26,13,89,0,0,52,0,52,0,50,78,13,141,36,14,50,191
04/17/2007,EVV,IN,AGL,CE,Combined TRACON& Tower with Radar,0,49,25,0,74,0,0,66,0,66,0,49,91,0,140,94,4,98,238
04/18/2007,EVV,IN,AGL,CE,Combined TRACON& Tower with Radar,0,58,48,0,106,0,0,64,1,65,0,58,112,1,171,62,0,62,233
04/19/2007,EVV,IN,AGL,CE,Combined TRACON& Tower with Radar,0,53,46,0,99,0,2,39,0,41,0,55,85,0,140,80,0,80,220
04/20/2007,EVV,IN,AGL,CE,Combined TRACON& Tower with Radar,0,61,18,6,85,0,0,52,2,54,0,61,70,8,139,32,4,36,175
04/21/2007,EVV,IN,AGL,CE,Combined TRACON& Tower with Radar,2,41,26,0,69,0,0,35,0,35,2,41,61,0,104,36,0,36,140
04/22/2007,EVV,IN,AGL,CE,Combined TRACON& Tower with Radar,0,47,18,11,76,0,0,35,0,35,0,47,53,11,111,26,10,36,147
04/23/2007,EVV,IN,AGL,CE,Combined TRACON& Tower with Radar,0,47,34,5,86,0,0,22,0,22,0,47,56,5,108,40,0,40,148
04/24/2007,EVV,IN,AGL,CE,Combined TRACON& Tower with Radar,0,51,21,0,72,0,0,33,0,33,0,51,54,0,105,14,0,14,119
04/25/2007,EVV,IN,AGL,CE,Combined TRACON& Tower with Radar,0,61,31,0,92,0,0,7,0,7,0,61,38,0,99,24,0,24,123
04/26/2007,EVV,IN,AGL,CE,Combined TRACON& Tower with Radar,2,59,25,2,88,0,0,9,0,9,2,59,34,2,97,48,0,48,145
04/27/2007,EVV,IN,AGL,CE,Combined TRACON& Tower with Radar,0,62,43,8,113,0,0,48,0,48,0,62,91,8,161,18,0,18,179
04/28/2007,EVV,IN,AGL,CE,Combined TRACON& Tower with Radar,0,40,14,0,54,0,1,36,0,37,0,41,50,0,91,12,0,12,103
04/29/2007,EVV,IN,AGL,CE,Combined TRACON& Tower with Radar,0,41,18,4,63,0,2,49,0,51,0,43,67,4,114,26,0,26,140
04/30/2007,EVV,IN,AGL,CE,Combined TRACON& Tower with Radar,0,53,10,0,63,0,2,57,0,59,0,55,67,0,122,78,0,78,200
05/01/2007,EVV,IN,AGL,CE,Combined TRACON& Tower with Radar,0,49,49,0,98,0,0,51,0,51,0,49,100,0,149,58,0,58,207
05/02/2007,EVV,IN,AGL,CE,Combined TRACON& Tower with Radar,0,59,33,0,92,0,0,34,0,34,0,59,67,0,126,36,0,36,162
05/03/2007,EVV,IN,AGL,CE,Combined TRACON& Tower with Radar,0,65,72,0,137,0,0,14,0,14,0,65,86,0,151,112,0,112,263
05/04/2007,EVV,IN,AGL,CE,Combined TRACON& Tower with Radar,0,59,40,5,104,0,0,15,0,15,0,59,55,5,119,72,4,76,195
05/05/2007,EVV,IN,AGL,CE,Combined TRACON& Tower with Radar,0,42,17,1,60,0,1,24,2,27,0,43,41,3,87,28,0,28,115
05/06/2007,EVV,IN,AGL,CE,Combined TRACON& Tower with Radar,0,46,31,5,82,0,6,17,0,23,0,52,48,5,105,6,4,10,115
05/07/2007,EVV,IN,AGL,CE,Combined TRACON& Tower with Radar,0,55,29,0,84,0,2,50,0,52,0,57,79,0,136,50,0,50,186
05/08/2007,EVV,IN,AGL,CE,Combined TRACON& Tower with Radar,0,55,35,11,101,0,0,32,0,32,0,55,67,11,133,46,10,56,189
05/09/2007,EVV,IN,AGL,CE,Combined TRACON& Tower with Radar,0,59,37,0,96,0,0,52,0,52,0,59,89,0,148,28,0,28,176
05/10/2007,EVV,IN,AGL,CE,Combined TRACON& Tower with Radar,0,60,43,3,106,0,4,34,4,42,0,64,77,7,148,50,0,50,198
05/11/2007,EVV,IN,AGL,CE,Combined TRACON& Tower with Radar,0,60,31,13,104,0,1,41,0,42,0,61,72,13,146,82,2,84,230
05/12/2007,EVV,IN,AGL,CE,Combined TRACON& Tower with Radar,0,47,34,0,81,0,1,45,0,46,0,48,79,0,127,112,0,112,239
05/13/2007,EVV,IN,AGL,CE,Combined TRACON& Tower with Radar,0,42,10,2,54,0,0,27,0,27,0,42,37,2,81,56,0,56,137
05/14/2007,EVV,IN,AGL,CE,Combined TRACON& Tower with Radar,0,48,34,12,94,0,0,48,0,48,0,48,82,12,142,160,16,176,318
05/15/2007,EVV,IN,AGL,CE,Combined TRACON& Tower with Radar,0,43,28,0,71,0,7,23,0,30,0,50,51,0,101,40,0,40,141
05/16/2007,EVV,IN,AGL,CE,Combined TRACON& Tower with Radar,0,55,32,12,99,0,0,14,0,14,0,55,46,12,113,64,16,80,193
05/17/2007,EVV,IN,AGL,CE,Combined TRACON& Tower with Radar,0,58,42,2,102,0,0,54,0,54,0,58,96,2,156,2,0,2,158
05/18/2007,EVV,IN,AGL,CE,Combined TRACON& Tower with Radar,0,66,62,0,128,0,0,58,1,59,0,66,120,1,187,148,0,148,335
05/19/2007,EVV,IN,AGL,CE,Combined TRACON& Tower with Radar,0,55,32,0,87,0,0,51,0,51,0,55,83,0,138,172,0,172,310
05/20/2007,EVV,IN,AGL,CE,Combined TRACON& Tower with Radar,0,49,26,2,77,0,2,46,0,48,0,51,72,2,125,68,0,68,193
05/21/2007,EVV,IN,AGL,CE,Combined TRACON& Tower with Radar,0,52,29,0,81,0,0,51,0,51,0,52,80,0,132,82,2,84,216
05/22/2007,EVV,IN,AGL,CE,Combined TRACON& Tower with Radar,0,46,38,0,84,0,0,38,0,38,0,46,76,0,122,118,0,118,240
05/23/2007,EVV,IN,AGL,CE,Combined TRACON& Tower with Radar,0,59,53,0,112,0,0,54,0,54,0,59,107,0,166,118,6,124,290
05/24/2007,EVV,IN,AGL,CE,Combined TRACON& Tower with Radar,0,55,44,75,174,0,0,37,0,37,0,55,81,75,211,40,0,40,251
05/25/2007,EVV,IN,AGL,CE,Combined TRACON& Tower with Radar,0,67,47,13,127,0,0,0,0,0,0,67,47,13,127,80,0,80,207
05/26/2007,EVV,IN,AGL,CE,Combined TRACON& Tower with Radar,0,37,15,0,52,0,0,31,0,31,0,37,46,0,83,8,0,8,91
05/27/2007,EVV,IN,AGL,CE,Combined TRACON& Tower with Radar,0,36,8,0,44,0,0,24,1,25,0,36,32,1,69,36,0,36,105
05/28/2007,EVV,IN,AGL,CE,Combined TRACON& Tower with Radar,0,43,9,0,52,0,0,16,0,16,0,43,25,0,68,46,0,46,114
05/29/2007,EVV,IN,AGL,CE,Combined TRACON& Tower with Radar,0,57,28,8,93,0,1,31,2,34,0,58,59,10,127,150,0,150,277
05/30/2007,EVV,IN,AGL,CE,Combined TRACON& Tower with Radar,0,65,59,35,159,0,6,51,5,62,0,71,110,40,221,104,0,104,325
05/31/2007,EVV,IN,AGL,CE,Combined TRACON& Tower with Radar,0,67,67,0,134,0,0,38,0,38,0,67,105,0,172,84,0,84,256
06/01/2007,EVV,IN,AGL,CE,Combined TRACON& Tower with Radar,0,66,37,10,113,0,2,54,0,56,0,68,91,10,169,4,0,4,173
06/02/2007,EVV,IN,AGL,CE,Combined TRACON& Tower with Radar,0,42,21,0,63,0,2,29,0,31,0,44,50,0,94,118,0,118,212
06/03/2007,EVV,IN,AGL,CE,Combined TRACON& Tower with Radar,0,43,24,0,67,0,0,33,0,33,0,43,57,0,100,58,0,58,158
06/04/2007,EVV,IN,AGL,CE,Combined TRACON& Tower with Radar,0,47,17,2,66,0,0,27,0,27,0,47,44,2,93,52,0,52,145
06/05/2007,EVV,IN,AGL,CE,Combined TRACON& Tower with Radar,0,62,28,2,92,0,6,39,7,52,0,68,67,9,144,140,0,140,284
06/06/2007,EVV,IN,AGL,CE,Combined TRACON& Tower with Radar,0,68,58,16,142,0,1,69,0,70,0,69,127,16,212,0,0,0,212
06/07/2007,EVV,IN,AGL,CE,Combined TRACON& Tower with Radar,0,59,34,0,93,0,0,27,0,27,0,59,61,0,120,68,0,68,188
06/08/2007,EVV,IN,AGL,CE,Combined TRACON& Tower with Radar,1,61,40,4,106,0,0,39,0,39,1,61,79,4,145,76,0,76,221
06/09/2007,EVV,IN,AGL,CE,Combined TRACON& Tower with Radar,0,48,38,0,86,0,0,75,0,75,0,48,113,0,161,130,0,130,291
06/10/2007,EVV,IN,AGL,CE,Combined TRACON& Tower with Radar,0,41,31,0,72,0,0,57,0,57,0,41,88,0,129,112,0,112,241
06/11/2007,EVV,IN,AGL,CE,Combined TRACON& Tower with Radar,0,55,22,0,77,0,0,34,0,34,0,55,56,0,111,76,0,76,187
06/12/2007,EVV,IN,AGL,CE,Combined TRACON& Tower with Radar,0,67,29,0,96,0,2,51,0,53,0,69,80,0,149,118,0,118,267
06/13/2007,EVV,IN,AGL,CE,Combined TRACON& Tower with Radar,0,70,50,1,121,0,0,54,0,54,0,70,104,1,175,172,0,172,347
06/14/2007,EVV,IN,AGL,CE,Combined TRACON& Tower with Radar,0,71,59,0,130,0,0,66,0,66,0,71,125,0,196,120,0,120,316
06/15/2007,EVV,IN,AGL,CE,Combined TRACON& Tower with Radar,0,74,43,13,130,0,0,66,4,70,0,74,109,17,200,90,2,92,292
06/16/2007,EVV,IN,AGL,CE,Combined TRACON& Tower with Radar,0,44,41,0,85,0,0,56,0,56,0,44,97,0,141,110,0,110,251
06/17/2007,EVV,IN,AGL,CE,Combined TRACON& Tower with Radar,0,41,12,5,58,0,1,33,0,34,0,42,45,5,92,10,4,14,106
06/18/2007,EVV,IN,AGL,CE,Combined TRACON& Tower with Radar,0,53,20,0,73,0,0,28,0,28,0,53,48,0,101,32,0,32,133
06/19/2007,EVV,IN,AGL,CE,Combined TRACON& Tower with Radar,0,60,35,0,95,0,0,14,0,14,0,60,49,0,109,54,0,54,163
06/20/2007,EVV,IN,AGL,CE,Combined TRACON& Tower with Radar,0,64,45,0,109,0,2,75,2,79,0,66,120,2,188,148,0,148,336
06/21/2007,EVV,IN,AGL,CE,Combined TRACON& Tower with Radar,0,59,47,2,108,0,0,56,1,57,0,59,103,3,165,106,0,106,271
06/22/2007,EVV,IN,AGL,CE,Combined TRACON& Tower with Radar,0,58,27,5,90,0,0,28,2,30,0,58,55,7,120,48,2,50,170
06/23/2007,EVV,IN,AGL,CE,Combined TRACON& Tower with Radar,0,51,19,0,70,0,1,36,0,37,0,52,55,0,107,124,0,124,231
06/24/2007,EVV,IN,AGL,CE,Combined TRACON& Tower with Radar,0,48,24,0,72,0,0,7,0,7,0,48,31,0,79,40,0,40,119
06/25/2007,EVV,IN,AGL,CE,Combined TRACON& Tower with Radar,2,57,26,3,88,0,0,6,7,13,2,57,32,10,101,2,12,14,115
06/26/2007,EVV,IN,AGL,CE,Combined TRACON& Tower with Radar,2,53,38,0,93,0,0,14,0,14,2,53,52,0,107,104,0,104,211
06/27/2007,EVV,IN,AGL,CE,Combined TRACON& Tower with Radar,0,63,64,9,136,0,0,43,0,43,0,63,107,9,179,98,4,102,281
06/28/2007,EVV,IN,AGL,CE,Combined TRACON& Tower with Radar,0,59,31,7,97,0,0,25,1,26,0,59,56,8,123,88,8,96,219
06/29/2007,EVV,IN,AGL,CE,Combined TRACON& Tower with Radar,2,50,14,4,70,0,33,108,12,153,2,83,122,16,223,214,8,222,445
06/30/2007,EVV,IN,AGL,CE,Combined TRACON& Tower with Radar,0,47,16,0,63,0,224,42,18,284,0,271,58,18,347,204,10,214,561
07/01/2007,EVV,IN,AGL,CE,Combined TRACON& Tower with Radar,0,41,29,1,71,0,149,50,15,214,0,190,79,16,285,152,34,186,471
07/02/2007,EVV,IN,AGL,CE,Combined TRACON& Tower with Radar,3,43,25,9,80,0,1,69,0,70,3,44,94,9,150,182,6,188,338
07/03/2007,EVV,IN,AGL,CE,Combined TRACON& Tower with Radar,0,48,28,3,79,0,0,55,0,55,0,48,83,3,134,236,45,281,415
07/04/2007,EVV,IN,AGL,CE,Combined TRACON& Tower with Radar,0,34,7,1,42,0,0,16,0,16,0,34,23,1,58,96,52,148,206
07/05/2007,EVV,IN,AGL,CE,Combined TRACON& Tower with Radar,1,58,27,16,102,0,0,42,8,50,1,58,69,24,152,80,0,80,232
07/06/2007,EVV,IN,AGL,CE,Combined TRACON& Tower with Radar,0,56,10,1,67,0,2,53,0,55,0,58,63,1,122,162,0,162,284
07/07/2007,EVV,IN,AGL,CE,Combined TRACON& Tower with Radar,0,46,29,0,75,0,0,57,0,57,0,46,86,0,132,106,0,106,238
07/08/2007,EVV,IN,AGL,CE,Combined TRACON& Tower with Radar,0,38,13,0,51,0,0,34,0,34,0,38,47,0,85,18,0,18,103
07/09/2007,EVV,IN,AGL,CE,Combined TRACON& Tower with Radar,2,51,25,0,78,0,0,37,0,37,2,51,62,0,115,68,8,76,191
07/10/2007,EVV,IN,AGL,CE,Combined TRACON& Tower with Radar,0,60,47,9,116,0,0,20,0,20,0,60,67,9,136,104,0,104,240
07/11/2007,EVV,IN,AGL,CE,Combined TRACON& Tower with Radar,0,58,35,11,104,0,0,42,3,45,0,58,77,14,149,24,0,24,173
07/12/2007,EVV,IN,AGL,CE,Combined TRACON& Tower with Radar,0,52,38,0,90,0,0,60,0,60,0,52,98,0,150,38,0,38,188
07/13/2007,EVV,IN,AGL,CE,Combined TRACON& Tower with Radar,0,53,43,46,142,0,0,30,1,31,0,53,73,47,173,22,8,30,203
07/14/2007,EVV,IN,AGL,CE,Combined TRACON& Tower with Radar,2,44,17,0,63,0,0,42,0,42,2,44,59,0,105,106,0,106,211
07/15/2007,EVV,IN,AGL,CE,Combined TRACON& Tower with Radar,0,44,34,7,85,0,0,57,2,59,0,44,91,9,144,62,8,70,214
07/16/2007,EVV,IN,AGL,CE,Combined TRACON& Tower with Radar,0,53,16,0,69,0,0,48,0,48,0,53,64,0,117,160,0,160,277
07/17/2007,EVV,IN,AGL,CE,Combined TRACON& Tower with Radar,0,54,29,0,83,0,0,32,0,32,0,54,61,0,115,100,0,100,215
07/18/2007,EVV,IN,AGL,CE,Combined TRACON& Tower with Radar,0,58,33,0,91,0,0,37,0,37,0,58,70,0,128,180,0,180,308
07/19/2007,EVV,IN,AGL,CE,Combined TRACON& Tower with Radar,0,48,35,5,88,0,2,21,0,23,0,50,56,5,111,98,12,110,221
07/20/2007,EVV,IN,AGL,CE,Combined TRACON& Tower with Radar,0,65,26,1,92,0,1,37,3,41,0,66,63,4,133,22,0,22,155
07/21/2007,EVV,IN,AGL,CE,Combined TRACON& Tower with Radar,0,34,21,11,66,0,2,53,0,55,0,36,74,11,121,14,16,30,151
07/22/2007,EVV,IN,AGL,CE,Combined TRACON& Tower with Radar,0,45,27,13,85,0,0,41,0,41,0,45,68,13,126,44,14,58,184
07/23/2007,EVV,IN,AGL,CE,Combined TRACON& Tower with Radar,1,57,31,30,119,0,0,37,6,43,1,57,68,36,162,100,26,126,288
07/24/2007,EVV,IN,AGL,CE,Combined TRACON& Tower with Radar,0,64,51,5,120,0,0,42,0,42,0,64,93,5,162,28,6,34,196
07/25/2007,EVV,IN,AGL,CE,Combined TRACON& Tower with Radar,0,61,32,0,93,0,0,49,0,49,0,61,81,0,142,136,0,136,278
07/26/2007,EVV,IN,AGL,CE,Combined TRACON& Tower with Radar,0,63,42,0,105,0,1,43,0,44,0,64,85,0,149,142,0,142,291
07/27/2007,EVV,IN,AGL,CE,Combined TRACON& Tower with Radar,0,54,17,2,73,0,3,15,0,18,0,57,32,2,91,10,0,10,101
07/28/2007,EVV,IN,AGL,CE,Combined TRACON& Tower with Radar,0,38,33,0,71,0,0,17,0,17,0,38,50,0,88,10,0,10,98
07/29/2007,EVV,IN,AGL,CE,Combined TRACON& Tower with Radar,0,45,23,0,68,0,0,32,0,32,0,45,55,0,100,2,0,2,102
07/30/2007,EVV,IN,AGL,CE,Combined TRACON& Tower with Radar,0,57,25,0,82,0,0,39,0,39,0,57,64,0,121,62,0,62,183
07/31/2007,EVV,IN,AGL,CE,Combined TRACON& Tower with Radar,0,56,23,11,90,0,2,44,0,46,0,58,67,11,136,92,2,94,230
08/01/2007,EVV,IN,AGL,CE,Combined TRACON& Tower with Radar,1,56,52,1,110,0,0,32,4,36,1,56,84,5,146,170,0,170,316
08/02/2007,EVV,IN,AGL,CE,Combined TRACON& Tower with Radar,0,68,58,7,133,0,2,44,0,46,0,70,102,7,179,100,2,102,281
08/03/2007,EVV,IN,AGL,CE,Combined TRACON& Tower with Radar,0,54,29,17,100,0,4,35,0,39,0,58,64,17,139,106,0,106,245
08/04/2007,EVV,IN,AGL,CE,Combined TRACON& Tower with Radar,0,53,47,1,101,0,0,0,0,0,0,53,47,1,101,46,0,46,147
08/05/2007,EVV,IN,AGL,CE,Combined TRACON& Tower with Radar,0,45,16,0,61,0,0,13,0,13,0,45,29,0,74,0,0,0,74
08/06/2007,EVV,IN,AGL,CE,Combined TRACON& Tower with Radar,0,49,21,16,86,0,0,24,1,25,0,49,45,17,111,76,26,102,213
08/07/2007,EVV,IN,AGL,CE,Combined TRACON& Tower with Radar,4,45,45,3,97,0,2,35,2,39,4,47,80,5,136,132,8,140,276
08/08/2007,EVV,IN,AGL,CE,Combined TRACON& Tower with Radar,0,55,41,9,105,0,2,41,0,43,0,57,82,9,148,166,0,166,314
08/09/2007,EVV,IN,AGL,CE,Combined TRACON& Tower with Radar,0,68,41,2,111,0,0,30,0,30,0,68,71,2,141,80,0,80,221
08/10/2007,EVV,IN,AGL,CE,Combined TRACON& Tower with Radar,0,51,34,14,99,0,0,35,1,36,0,51,69,15,135,80,12,92,227
08/11/2007,EVV,IN,AGL,CE,Combined TRACON& Tower with Radar,0,53,34,0,87,0,0,42,0,42,0,53,76,0,129,100,0,100,229
08/12/2007,EVV,IN,AGL,CE,Combined TRACON& Tower with Radar,0,51,18,3,72,0,2,46,0,48,0,53,64,3,120,32,0,32,152
08/13/2007,EVV,IN,AGL,CE,Combined TRACON& Tower with Radar,0,54,51,6,111,0,0,15,0,15,0,54,66,6,126,60,0,60,186
08/14/2007,EVV,IN,AGL,CE,Combined TRACON& Tower with Radar,0,64,37,2,103,0,3,48,0,51,0,67,85,2,154,96,0,96,250
08/15/2007,EVV,IN,AGL,CE,Combined TRACON& Tower with Radar,0,65,30,30,125,0,0,49,0,49,0,65,79,30,174,146,20,166,340
08/16/2007,EVV,IN,AGL,CE,Combined TRACON& Tower with Radar,0,74,41,6,121,0,0,48,4,52,0,74,89,10,173,78,0,78,251
08/17/2007,EVV,IN,AGL,CE,Combined TRACON& Tower with Radar,0,45,36,10,91,0,1,33,1,35,0,46,69,11,126,18,0,18,144
08/18/2007,EVV,IN,AGL,CE,Combined TRACON& Tower with Radar,0,50,41,0,91,0,0,68,0,68,0,50,109,0,159,96,0,96,255
08/19/2007,EVV,IN,AGL,CE,Combined TRACON& Tower with Radar,0,41,30,5,76,0,2,34,0,36,0,43,64,5,112,26,0,26,138
08/20/2007,EVV,IN,AGL,CE,Combined TRACON& Tower with Radar,0,50,31,0,81,0,1,22,1,24,0,51,53,1,105,50,31,81,186
08/21/2007,EVV,IN,AGL,CE,Combined TRACON& Tower with Radar,0,58,32,0,90,0,0,17,1,18,0,58,49,1,108,92,0,92,200
08/22/2007,EVV,IN,AGL,CE,Combined TRACON& Tower with Radar,0,60,53,0,113,0,2,40,0,42,0,62,93,0,155,184,0,184,339
08/23/2007,EVV,IN,AGL,CE,Combined TRACON& Tower with Radar,0,50,51,0,101,0,1,36,1,38,0,51,87,1,139,104,0,104,243
08/24/2007,EVV,IN,AGL,CE,Combined TRACON& Tower with Radar,0,73,44,10,127,0,3,54,2,59,0,76,98,12,186,40,4,44,230
08/25/2007,EVV,IN,AGL,CE,Combined TRACON& Tower with Radar,0,42,14,0,56,0,6,39,2,47,0,48,53,2,103,34,0,34,137
08/26/2007,EVV,IN,AGL,CE,Combined TRACON& Tower with Radar,0,40,19,0,59,0,10,48,2,60,0,50,67,2,119,58,0,58,177
08/27/2007,EVV,IN,AGL,CE,Combined TRACON& Tower with Radar,0,64,25,2,91,0,9,40,1,50,0,73,65,3,141,22,0,22,163
08/28/2007,EVV,IN,AGL,CE,Combined TRACON& Tower with Radar,0,72,55,17,144,0,4,60,0,64,0,76,115,17,208,176,24,200,408
08/29/2007,EVV,IN,AGL,CE,Combined TRACON& Tower with Radar,0,65,46,0,111,0,2,33,1,36,0,67,79,1,147,50,0,50,197
08/30/2007,EVV,IN,AGL,CE,Combined TRACON& Tower with Radar,0,74,33,14,121,0,1,29,1,31,0,75,62,15,152,82,6,88,240
08/31/2007,EVV,IN,AGL,CE,Combined TRACON& Tower with Radar,2,56,31,4,93,0,0,62,0,62,2,56,93,4,155,116,0,116,271
09/01/2007,EVV,IN,AGL,CE,Combined TRACON& Tower with Radar,0,38,25,1,64,0,0,69,0,69,0,38,94,1,133,122,0,122,255
09/02/2007,EVV,IN,AGL,CE,Combined TRACON& Tower with Radar,0,29,10,0,39,0,0,26,0,26,0,29,36,0,65,10,0,10,75
09/03/2007,EVV,IN,AGL,CE,Combined TRACON& Tower with Radar,0,39,9,0,48,0,0,27,0,27,0,39,36,0,75,40,0,40,115
09/04/2007,EVV,IN,AGL,CE,Combined TRACON& Tower with Radar,2,52,48,41,143,0,0,36,2,38,2,52,84,43,181,168,50,218,399
09/05/2007,EVV,IN,AGL,CE,Combined TRACON& Tower with Radar,0,54,39,21,114,0,0,39,2,41,0,54,78,23,155,222,46,268,423
09/06/2007,EVV,IN,AGL,CE,Combined TRACON& Tower with Radar,0,54,36,13,103,0,0,12,0,12,0,54,48,13,115,22,10,32,147
09/07/2007,EVV,IN,AGL,CE,Combined TRACON& Tower with Radar,0,71,24,0,95,0,0,22,0,22,0,71,46,0,117,74,0,74,191
09/08/2007,EVV,IN,AGL,CE,Combined TRACON& Tower with Radar,0,40,15,0,55,0,0,31,0,31,0,40,46,0,86,77,0,77,163
09/09/2007,EVV,IN,AGL,CE,Combined TRACON& Tower with Radar,1,40,16,0,57,0,1,13,0,14,1,41,29,0,71,96,0,96,167
09/10/2007,EVV,IN,AGL,CE,Combined TRACON& Tower with Radar,0,55,18,9,82,0,0,17,1,18,0,55,35,10,100,58,8,66,166
09/11/2007,EVV,IN,AGL,CE,Combined TRACON& Tower with Radar,0,67,52,0,119,0,0,26,0,26,0,67,78,0,145,84,0,84,229
09/12/2007,EVV,IN,AGL,CE,Combined TRACON& Tower with Radar,0,64,38,7,109,0,2,46,0,48,0,66,84,7,157,65,0,65,222
09/13/2007,EVV,IN,AGL,CE,Combined TRACON& Tower with Radar,0,66,23,13,102,0,0,65,0,65,0,66,88,13,167,48,0,48,215
09/14/2007,EVV,IN,AGL,CE,Combined TRACON& Tower with Radar,0,64,52,5,121,0,2,46,0,48,0,66,98,5,169,152,34,186,355
09/15/2007,EVV,IN,AGL,CE,Combined TRACON& Tower with Radar,0,38,24,0,62,0,0,41,0,41,0,38,65,0,103,114,0,114,217
09/16/2007,EVV,IN,AGL,CE,Combined TRACON& Tower with Radar,0,61,35,5,101,0,0,54,1,55,0,61,89,6,156,176,2,178,334
09/17/2007,EVV,IN,AGL,CE,Combined TRACON& Tower with Radar,0,66,14,3,83,0,0,35,1,36,0,66,49,4,119,70,0,70,189
09/18/2007,EVV,IN,AGL,CE,Combined TRACON& Tower with Radar,0,71,51,22,144,0,0,36,0,36,0,71,87,22,180,52,0,52,232
09/19/2007,EVV,IN,AGL,CE,Combined TRACON& Tower with Radar,0,67,37,0,104,0,1,57,5,63,0,68,94,5,167,54,0,54,221
09/20/2007,EVV,IN,AGL,CE,Combined TRACON& Tower with Radar,4,61,39,0,104,0,0,53,0,53,4,61,92,0,157,180,0,180,337
09/21/2007,EVV,IN,AGL,CE,Combined TRACON& Tower with Radar,0,64,28,5,97,0,0,47,2,49,0,64,75,7,146,46,4,50,196
09/22/2007,EVV,IN,AGL,CE,Combined TRACON& Tower with Radar,0,36,10,5,51,0,2,51,0,53,0,38,61,5,104,24,0,24,128
09/23/2007,EVV,IN,AGL,CE,Combined TRACON& Tower with Radar,0,41,19,0,60,0,2,41,3,46,0,43,60,3,106,26,0,26,132
09/24/2007,EVV,IN,AGL,CE,Combined TRACON& Tower with Radar,0,59,47,0,106,0,0,27,0,27,0,59,74,0,133,78,0,78,211
09/25/2007,EVV,IN,AGL,CE,Combined TRACON& Tower with Radar,0,51,28,8,87,0,0,11,0,11,0,51,39,8,98,46,8,54,152
09/26/2007,EVV,IN,AGL,CE,Combined TRACON& Tower with Radar,0,64,35,1,100,0,0,2,2,4,0,64,37,3,104,12,0,12,116
09/27/2007,EVV,IN,AGL,CE,Combined TRACON& Tower with Radar,0,58,62,0,120,0,0,31,0,31,0,58,93,0,151,28,0,28,179
09/28/2007,EVV,IN,AGL,CE,Combined TRACON& Tower with Radar,0,58,30,0,88,0,0,37,0,37,0,58,67,0,125,106,0,106,231
09/29/2007,EVV,IN,AGL,CE,Combined TRACON& Tower with Radar,0,40,28,0,68,0,0,51,0,51,0,40,79,0,119,22,0,22,141
09/30/2007,EVV,IN,AGL,CE,Combined TRACON& Tower with Radar,0,39,26,0,65,0,3,28,0,31,0,42,54,0,96,26,0,26,122
10/01/2007,EVV,IN,AGL,CE,Combined TRACON& Tower with Radar,0,51,23,2,76,0,0,28,3,31,0,51,51,5,107,62,0,62,169
10/02/2007,EVV,IN,AGL,CE,Combined TRACON& Tower with Radar,0,73,38,2,113,0,1,37,3,41,0,74,75,5,154,36,0,36,190
10/03/2007,EVV,IN,AGL,CE,Combined TRACON& Tower with Radar,0,55,26,2,83,0,1,32,3,36,0,56,58,5,119,44,0,44,163
10/04/2007,EVV,IN,AGL,CE,Combined TRACON& Tower with Radar,0,57,44,7,108,0,0,34,0,34,0,57,78,7,142,57,0,57,199
10/05/2007,EVV,IN,AGL,CE,Combined TRACON& Tower with Radar,0,57,35,29,121,0,0,35,0,35,0,57,70,29,156,10,18,28,184
10/06/2007,EVV,IN,AGL,CE,Combined TRACON& Tower with Radar,0,33,75,0,108,0,0,39,0,39,0,33,114,0,147,103,0,103,250
10/07/2007,EVV,IN,AGL,CE,Combined TRACON& Tower with Radar,0,39,30,0,69,0,0,70,0,70,0,39,100,0,139,24,0,24,163
10/08/2007,EVV,IN,AGL,CE,Combined TRACON& Tower with Radar,0,49,28,0,77,0,2,18,0,20,0,51,46,0,97,26,0,26,123
10/09/2007,EVV,IN,AGL,CE,Combined TRACON& Tower with Radar,0,59,31,0,90,0,0,23,0,23,0,59,54,0,113,32,16,48,161
10/10/2007,EVV,IN,AGL,CE,Combined TRACON& Tower with Radar,0,63,39,0,102,0,1,39,0,40,0,64,78,0,142,18,0,18,160
10/11/2007,EVV,IN,AGL,CE,Combined TRACON& Tower with Radar,0,72,23,1,96,0,0,30,0,30,0,72,53,1,126,34,0,34,160
10/12/2007,EVV,IN,AGL,CE,Combined TRACON& Tower with Radar,0,62,52,5,119,0,1,43,0,44,0,63,95,5,163,100,6,106,269
10/13/2007,EVV,IN,AGL,CE,Combined TRACON& Tower with Radar,0,33,22,0,55,0,0,55,0,55,0,33,77,0,110,30,0,30,140
10/14/2007,EVV,IN,AGL,CE,Combined TRACON& Tower with Radar,0,42,32,4,78,0,0,38,0,38,0,42,70,4,116,34,10,44,160
10/15/2007,EVV,IN,AGL,CE,Combined TRACON& Tower with Radar,0,56,23,0,79,0,0,21,0,21,0,56,44,0,100,42,2,44,144
10/16/2007,EVV,IN,AGL,CE,Combined TRACON& Tower with Radar,0,53,31,0,84,0,2,4,0,6,0,55,35,0,90,112,0,112,202
10/17/2007,EVV,IN,AGL,CE,Combined TRACON& Tower with Radar,0,61,38,22,121,0,0,11,0,11,0,61,49,22,132,2,14,16,148
10/18/2007,EVV,IN,AGL,CE,Combined TRACON& Tower with Radar,0,51,27,0,78,0,0,13,1,14,0,51,40,1,92,0,0,0,92
10/19/2007,EVV,IN,AGL,CE,Combined TRACON& Tower with Radar,0,56,22,0,78,0,2,24,0,26,0,58,46,0,104,48,0,48,152
10/20/2007,EVV,IN,AGL,CE,Combined TRACON& Tower with Radar,2,41,21,0,64,0,0,38,1,39,2,41,59,1,103,11,0,11,114
10/21/2007,EVV,IN,AGL,CE,Combined TRACON& Tower with Radar,0,39,16,0,55,0,0,15,0,15,0,39,31,0,70,4,0,4,74
10/22/2007,EVV,IN,AGL,CE,Combined TRACON& Tower with Radar,0,59,30,0,89,0,0,1,0,1,0,59,31,0,90,10,0,10,100
10/23/2007,EVV,IN,AGL,CE,Combined TRACON& Tower with Radar,2,49,36,0,87,0,0,3,0,3,2,49,39,0,90,0,0,0,90
10/24/2007,EVV,IN,AGL,CE,Combined TRACON& Tower with Radar,2,89,33,2,126,0,2,31,0,33,2,91,64,2,159,22,0,22,181
10/25/2007,EVV,IN,AGL,CE,Combined TRACON& Tower with Radar,0,63,34,0,97,0,0,2,0,2,0,63,36,0,99,0,0,0,99
10/26/2007,EVV,IN,AGL,CE,Combined TRACON& Tower with Radar,0,56,25,4,85,0,0,2,2,4,0,56,27,6,89,8,4,12,101
10/27/2007,EVV,IN,AGL,CE,Combined TRACON& Tower with Radar,0,36,13,2,51,0,3,6,0,9,0,39,19,2,60,9,0,9,69
10/28/2007,EVV,IN,AGL,CE,Combined TRACON& Tower with Radar,0,42,42,8,92,0,0,59,0,59,0,42,101,8,151,100,8,108,259
10/29/2007,EVV,IN,AGL,CE,Combined TRACON& Tower with Radar,0,48,27,1,76,0,0,53,0,53,0,48,80,1,129,58,2,60,189
10/30/2007,EVV,IN,AGL,CE,Combined TRACON& Tower with Radar,0,53,46,10,109,0,0,47,0,47,0,53,93,10,156,154,0,154,310
10/31/2007,EVV,IN,AGL,CE,Combined TRACON& Tower with Radar,2,63,49,6,120,0,0,48,2,50,2,63,97,8,170,76,28,104,274
11/01/2007,EVV,IN,AGL,CE,Combined TRACON& Tower with Radar,0,63,56,11,130,0,0,58,0,58,0,63,114,11,188,102,0,102,290
11/02/2007,EVV,IN,AGL,CE,Combined TRACON& Tower with Radar,0,56,17,0,73,0,0,43,0,43,0,56,60,0,116,89,0,89,205
11/03/2007,EVV,IN,AGL,CE,Combined TRACON& Tower with Radar,0,39,28,0,67,0,0,53,0,53,0,39,81,0,120,52,0,52,172
11/04/2007,EVV,IN,AGL,CE,Combined TRACON& Tower with Radar,0,36,27,0,63,0,0,37,0,37,0,36,64,0,100,16,0,16,116
11/05/2007,EVV,IN,AGL,CE,Combined TRACON& Tower with Radar,0,48,13,0,61,0,0,7,0,7,0,48,20,0,68,22,0,22,90
11/06/2007,EVV,IN,AGL,CE,Combined TRACON& Tower with Radar,0,58,27,0,85,0,2,29,0,31,0,60,56,0,116,78,0,78,194
11/07/2007,EVV,IN,AGL,CE,Combined TRACON& Tower with Radar,0,58,45,0,103,0,0,41,0,41,0,58,86,0,144,42,0,42,186
11/08/2007,EVV,IN,AGL,CE,Combined TRACON& Tower with Radar,0,58,40,2,100,0,7,34,4,45,0,65,74,6,145,50,0,50,195
11/09/2007,EVV,IN,AGL,CE,Combined TRACON& Tower with Radar,0,53,61,0,114,0,1,67,0,68,0,54,128,0,182,46,0,46,228
11/10/2007,EVV,IN,AGL,CE,Combined TRACON& Tower with Radar,0,41,35,0,76,0,0,63,0,63,0,41,98,0,139,168,0,168,307
11/11/2007,EVV,IN,AGL,CE,Combined TRACON& Tower with Radar,0,48,28,0,76,0,0,6,0,6,0,48,34,0,82,8,0,8,90
11/12/2007,EVV,IN,AGL,CE,Combined TRACON& Tower with Radar,0,49,26,0,75,0,1,15,0,16,0,50,41,0,91,12,0,12,103
11/13/2007,EVV,IN,AGL,CE,Combined TRACON& Tower with Radar,6,70,75,6,157,0,0,1,0,1,6,70,76,6,158,10,6,16,174
11/14/2007,EVV,IN,AGL,CE,Combined TRACON& Tower with Radar,0,78,79,2,159,0,2,31,0,33,0,80,110,2,192,12,0,12,204
11/15/2007,EVV,IN,AGL,CE,Combined TRACON& Tower with Radar,0,64,31,0,95,0,0,20,0,20,0,64,51,0,115,0,0,0,115
11/16/2007,EVV,IN,AGL,CE,Combined TRACON& Tower with Radar,0,64,24,8,96,0,8,29,0,37,0,72,53,8,133,18,0,18,151
11/17/2007,EVV,IN,AGL,CE,Combined TRACON& Tower with Radar,0,43,30,0,73,0,0,50,0,50,0,43,80,0,123,106,0,106,229
11/18/2007,EVV,IN,AGL,CE,Combined TRACON& Tower with Radar,0,51,24,11,86,0,3,43,0,46,0,54,67,11,132,98,8,106,238
11/19/2007,EVV,IN,AGL,CE,Combined TRACON& Tower with Radar,0,52,37,2,91,0,0,11,0,11,0,52,48,2,102,84,0,84,186
11/20/2007,EVV,IN,AGL,CE,Combined TRACON& Tower with Radar,0,66,29,2,97,0,0,22,0,22,0,66,51,2,119,157,0,157,276
11/21/2007,EVV,IN,AGL,CE,Combined TRACON& Tower with Radar,0,67,43,1,111,0,0,8,0,8,0,67,51,1,119,2,0,2,121
11/22/2007,EVV,IN,AGL,CE,Combined TRACON& Tower with Radar,0,35,9,0,44,0,0,5,0,5,0,35,14,0,49,0,0,0,49
11/23/2007,EVV,IN,AGL,CE,Combined TRACON& Tower with Radar,0,54,45,0,99,0,0,57,0,57,0,54,102,0,156,14,0,14,170
11/24/2007,EVV,IN,AGL,CE,Combined TRACON& Tower with Radar,0,43,15,0,58,0,0,38,0,38,0,43,53,0,96,46,0,46,142
11/25/2007,EVV,IN,AGL,CE,Combined TRACON& Tower with Radar,0,43,25,0,68,0,0,11,0,11,0,43,36,0,79,78,0,78,157
11/26/2007,EVV,IN,AGL,CE,Combined TRACON& Tower with Radar,0,64,39,0,103,0,0,0,0,0,0,64,39,0,103,0,0,0,103
11/27/2007,EVV,IN,AGL,CE,Combined TRACON& Tower with Radar,2,68,48,0,118,0,2,40,1,43,2,70,88,1,161,62,0,62,223
11/28/2007,EVV,IN,AGL,CE,Combined TRACON& Tower with Radar,1,69,64,2,136,0,6,38,3,47,1,75,102,5,183,62,0,62,245
11/29/2007,EVV,IN,AGL,CE,Combined TRACON& Tower with Radar,0,72,37,5,114,0,1,38,1,40,0,73,75,6,154,10,0,10,164
11/30/2007,EVV,IN,AGL,CE,Combined TRACON& Tower with Radar,0,60,44,0,104,0,2,43,0,45,0,62,87,0,149,82,0,82,231
12/01/2007,EVV,IN,AGL,CE,Combined TRACON& Tower with Radar,0,38,28,0,66,0,1,36,1,38,0,39,64,1,104,86,0,86,190
12/02/2007,EVV,IN,AGL,CE,Combined TRACON& Tower with Radar,0,44,8,0,52,0,0,0,0,0,0,44,8,0,52,0,0,0,52
12/03/2007,EVV,IN,AGL,CE,Combined TRACON& Tower with Radar,2,59,27,0,88,0,2,26,2,30,2,61,53,2,118,40,0,40,158
12/04/2007,EVV,IN,AGL,CE,Combined TRACON& Tower with Radar,0,62,28,2,92,0,1,55,4,60,0,63,83,6,152,114,0,114,266
12/05/2007,EVV,IN,AGL,CE,Combined TRACON& Tower with Radar,0,64,40,0,104,0,0,0,3,3,0,64,40,3,107,28,0,28,135
12/06/2007,EVV,IN,AGL,CE,Combined TRACON& Tower with Radar,4,75,62,0,141,0,1,44,0,45,4,76,106,0,186,68,2,70,256
12/07/2007,EVV,IN,AGL,CE,Combined TRACON& Tower with Radar,1,58,20,7,86,0,0,5,0,5,1,58,25,7,91,20,4,24,115
12/08/2007,EVV,IN,AGL,CE,Combined TRACON& Tower with Radar,0,36,8,0,44,0,0,0,0,0,0,36,8,0,44,0,0,0,44
12/09/2007,EVV,IN,AGL,CE,Combined TRACON& Tower with Radar,0,38,14,0,52,0,0,0,0,0,0,38,14,0,52,0,0,0,52
12/10/2007,EVV,IN,AGL,CE,Combined TRACON& Tower with Radar,0,58,22,0,80,0,0,0,0,0,0,58,22,0,80,0,0,0,80
12/11/2007,EVV,IN,AGL,CE,Combined TRACON& Tower with Radar,0,63,37,2,102,0,0,18,2,20,0,63,55,4,122,78,0,78,200
12/12/2007,EVV,IN,AGL,CE,Combined TRACON& Tower with Radar,0,71,18,0,89,0,0,0,0,0,0,71,18,0,89,0,0,0,89
12/13/2007,EVV,IN,AGL,CE,Combined TRACON& Tower with Radar,0,61,38,1,100,0,0,2,0,2,0,61,40,1,102,0,0,0,102
12/14/2007,EVV,IN,AGL,CE,Combined TRACON& Tower with Radar,0,80,46,1,127,0,0,30,1,31,0,80,76,2,158,12,0,12,170
12/15/2007,EVV,IN,AGL,CE,Combined TRACON& Tower with Radar,0,16,2,0,18,0,0,0,0,0,0,16,2,0,18,0,0,0,18
12/16/2007,EVV,IN,AGL,CE,Combined TRACON& Tower with Radar,0,41,6,0,47,0,0,13,0,13,0,41,19,0,60,0,0,0,60
12/17/2007,EVV,IN,AGL,CE,Combined TRACON& Tower with Radar,0,61,43,0,104,0,3,12,0,15,0,64,55,0,119,68,0,68,187
12/18/2007,EVV,IN,AGL,CE,Combined TRACON& Tower with Radar,0,64,57,0,121,0,2,49,0,51,0,66,106,0,172,92,0,92,264
12/19/2007,EVV,IN,AGL,CE,Combined TRACON& Tower with Radar,2,87,58,0,147,0,0,49,0,49,2,87,107,0,196,36,0,36,232
12/20/2007,EVV,IN,AGL,CE,Combined TRACON& Tower with Radar,0,73,32,0,105,0,0,4,0,4,0,73,36,0,109,30,0,30,139
12/21/2007,EVV,IN,AGL,CE,Combined TRACON& Tower with Radar,0,57,21,0,78,0,0,0,0,0,0,57,21,0,78,6,0,6,84
12/22/2007,EVV,IN,AGL,CE,Combined TRACON& Tower with Radar,0,55,27,0,82,0,2,12,0,14,0,57,39,0,96,0,0,0,96
12/23/2007,EVV,IN,AGL,CE,Combined TRACON& Tower with Radar,0,40,6,0,46,0,5,0,0,5,0,45,6,0,51,6,0,6,57
12/24/2007,EVV,IN,AGL,CE,Combined TRACON& Tower with Radar,0,29,9,0,38,0,0,26,0,26,0,29,35,0,64,36,0,36,100
12/25/2007,EVV,IN,AGL,CE,Combined TRACON& Tower with Radar,0,37,4,0,41,0,2,20,0,22,0,39,24,0,63,4,0,4,67
12/26/2007,EVV,IN,AGL,CE,Combined TRACON& Tower with Radar,0,67,52,0,119,0,0,34,0,34,0,67,86,0,153,134,0,134,287
12/27/2007,EVV,IN,AGL,CE,Combined TRACON& Tower with Radar,0,53,22,0,75,0,0,2,0,2,0,53,24,0,77,0,0,0,77
12/28/2007,EVV,IN,AGL,CE,Combined TRACON& Tower with Radar,0,47,4,0,51,0,0,0,0,0,0,47,4,0,51,8,0,8,59
12/29/2007,EVV,IN,AGL,CE,Combined TRACON& Tower with Radar,0,42,12,0,54,0,0,10,0,10,0,42,22,0,64,74,0,74,138
12/30/2007,EVV,IN,AGL,CE,Combined TRACON& Tower with Radar,0,46,14,0,60,0,1,19,0,20,0,47,33,0,80,26,0,26,106
12/31/2007,EVV,IN,AGL,CE,Combined TRACON& Tower with Radar,0,39,11,0,50,0,1,19,0,20,0,40,30,0,70,60,0,60,130
01/01/2008,EVV,IN,AGL,CE,Combined TRACON& Tower with Radar,0,38,4,0,42,0,0,1,0,1,0,38,5,0,43,98,0,98,141
01/02/2008,EVV,IN,AGL,CE,Combined TRACON& Tower with Radar,0,59,32,0,91,0,0,11,0,11,0,59,43,0,102,82,0,82,184
01/03/2008,EVV,IN,AGL,CE,Combined TRACON& Tower with Radar,0,54,42,0,96,0,1,50,0,51,0,55,92,0,147,40,0,40,187
01/04/2008,EVV,IN,AGL,CE,Combined TRACON& Tower with Radar,0,61,22,6,89,0,2,29,0,31,0,63,51,6,120,32,4,36,156
01/05/2008,EVV,IN,AGL,CE,Combined TRACON& Tower with Radar,0,51,22,0,73,0,0,0,0,0,0,51,22,0,73,0,0,0,73
01/06/2008,EVV,IN,AGL,CE,Combined TRACON& Tower with Radar,0,56,9,0,65,0,0,0,0,0,0,56,9,0,65,26,0,26,91
01/07/2008,EVV,IN,AGL,CE,Combined TRACON& Tower with Radar,0,62,28,0,90,0,0,12,0,12,0,62,40,0,102,6,0,6,108
01/08/2008,EVV,IN,AGL,CE,Combined TRACON& Tower with Radar,0,61,24,0,85,0,1,0,0,1,0,62,24,0,86,0,0,0,86
01/09/2008,EVV,IN,AGL,CE,Combined TRACON& Tower with Radar,0,70,67,9,146,0,0,35,0,35,0,70,102,9,181,106,0,106,287
01/10/2008,EVV,IN,AGL,CE,Combined TRACON& Tower with Radar,0,56,24,0,80,0,0,3,0,3,0,56,27,0,83,0,0,0,83
01/11/2008,EVV,IN,AGL,CE,Combined TRACON& Tower with Radar,1,69,30,3,103,0,6,79,2,87,1,75,109,5,190,24,0,24,214
01/12/2008,EVV,IN,AGL,CE,Combined TRACON& Tower with Radar,0,51,38,0,89,0,0,67,0,67,0,51,105,0,156,104,0,104,260
01/13/2008,EVV,IN,AGL,CE,Combined TRACON& Tower with Radar,0,47,4,0,51,0,0,3,0,3,0,47,7,0,54,52,0,52,106
01/14/2008,EVV,IN,AGL,CE,Combined TRACON& Tower with Radar,0,64,19,4,87,0,0,14,5,19,0,64,33,9,106,36,6,42,148
01/15/2008,EVV,IN,AGL,CE,Combined TRACON& Tower with Radar,0,78,42,10,130,0,4,26,1,31,0,82,68,11,161,188,0,188,349
01/16/2008,EVV,IN,AGL,CE,Combined TRACON& Tower with Radar,2,66,39,1,108,0,2,43,0,45,2,68,82,1,153,18,0,18,171
01/17/2008,EVV,IN,AGL,CE,Combined TRACON& Tower with Radar,0,62,10,0,72,0,0,1,0,1,0,62,11,0,73,0,0,0,73
01/18/2008,EVV,IN,AGL,CE,Combined TRACON& Tower with Radar,0,57,57,15,129,0,0,40,0,40,0,57,97,15,169,6,4,10,179
01/19/2008,EVV,IN,AGL,CE,Combined TRACON& Tower with Radar,2,41,28,0,71,0,0,24,0,24,2,41,52,0,95,94,0,94,189
01/20/2008,EVV,IN,AGL,CE,Combined TRACON& Tower with Radar,0,39,7,0,46,0,0,17,0,17,0,39,24,0,63,140,0,140,203
01/21/2008,EVV,IN,AGL,CE,Combined TRACON& Tower with Radar,0,52,35,0,87,0,4,28,0,32,0,56,63,0,119,16,0,16,135
01/22/2008,EVV,IN,AGL,CE,Combined TRACON& Tower with Radar,0,67,19,0,86,0,1,9,0,10,0,68,28,0,96,8,0,8,104
01/23/2008,EVV,IN,AGL,CE,Combined TRACON& Tower with Radar,0,55,4,5,64,0,2,28,0,30,0,57,32,5,94,92,0,92,186
01/24/2008,EVV,IN,AGL,CE,Combined TRACON& Tower with Radar,0,60,16,0,76,0,2,21,0,23,0,62,37,0,99,34,0,34,133
01/25/2008,EVV,IN,AGL,CE,Combined TRACON& Tower with Radar,0,73,27,0,100,0,1,26,0,27,0,74,53,0,127,104,0,104,231
01/26/2008,EVV,IN,AGL,CE,Combined TRACON& Tower with Radar,0,43,15,0,58,0,0,7,0,7,0,43,22,0,65,10,0,10,75
01/27/2008,EVV,IN,AGL,CE,Combined TRACON& Tower with Radar,0,54,38,0,92,0,3,25,0,28,0,57,63,0,120,98,0,98,218
01/28/2008,EVV,IN,AGL,CE,Combined TRACON& Tower with Radar,0,55,27,5,87,0,1,22,3,26,0,56,49,8,113,12,4,16,129
01/29/2008,EVV,IN,AGL,CE,Combined TRACON& Tower with Radar,0,61,17,0,78,0,0,7,0,7,0,61,24,0,85,22,0,22,107
01/30/2008,EVV,IN,AGL,CE,Combined TRACON& Tower with Radar,0,60,44,0,104,0,0,53,0,53,0,60,97,0,157,54,0,54,211
01/31/2008,EVV,IN,AGL,CE,Combined TRACON& Tower with Radar,0,60,19,0,79,0,0,8,0,8,0,60,27,0,87,0,0,0,87
02/01/2008,EVV,IN,AGL,CE,Combined TRACON& Tower with Radar,0,85,29,0,114,0,0,2,0,2,0,85,31,0,116,0,0,0,116
02/02/2008,EVV,IN,AGL,CE,Combined TRACON& Tower with Radar,0,55,60,1,116,0,0,61,0,61,0,55,121,1,177,32,0,32,209
02/03/2008,EVV,IN,AGL,CE,Combined TRACON& Tower with Radar,0,43,13,1,57,0,0,9,1,10,0,43,22,2,67,52,0,52,119
02/04/2008,EVV,IN,AGL,CE,Combined TRACON& Tower with Radar,0,56,31,0,87,0,2,47,0,49,0,58,78,0,136,134,0,134,270
02/05/2008,EVV,IN,AGL,CE,Combined TRACON& Tower with Radar,0,52,44,0,96,0,0,48,0,48,0,52,92,0,144,120,0,120,264
02/06/2008,EVV,IN,AGL,CE,Combined TRACON& Tower with Radar,0,56,23,0,79,0,0,19,0,19,0,56,42,0,98,0,0,0,98
02/07/2008,EVV,IN,AGL,CE,Combined TRACON& Tower with Radar,0,55,17,0,72,0,0,12,0,12,0,55,29,0,84,0,0,0,84
02/08/2008,EVV,IN,AGL,CE,Combined TRACON& Tower with Radar,0,59,27,0,86,0,0,29,0,29,0,59,56,0,115,4,0,4,119
02/09/2008,EVV,IN,AGL,CE,Combined TRACON& Tower with Radar,0,41,9,0,50,0,2,15,0,17,0,43,24,0,67,72,0,72,139
02/10/2008,EVV,IN,AGL,CE,Combined TRACON& Tower with Radar,0,52,23,0,75,0,0,8,0,8,0,52,31,0,83,20,0,20,103
02/11/2008,EVV,IN,AGL,CE,Combined TRACON& Tower with Radar,0,49,7,0,56,0,2,3,0,5,0,51,10,0,61,0,0,0,61
02/12/2008,EVV,IN,AGL,CE,Combined TRACON& Tower with Radar,0,21,8,0,29,0,0,1,0,1,0,21,9,0,30,0,0,0,30
02/13/2008,EVV,IN,AGL,CE,Combined TRACON& Tower with Radar,0,71,35,0,106,0,0,4,1,5,0,71,39,1,111,0,0,0,111
02/14/2008,EVV,IN,AGL,CE,Combined TRACON& Tower with Radar,0,66,32,1,99,0,0,33,2,35,0,66,65,3,134,36,0,36,170
02/15/2008,EVV,IN,AGL,CE,Combined TRACON& Tower with Radar,0,67,37,0,104,0,0,20,0,20,0,67,57,0,124,4,0,4,128
02/16/2008,EVV,IN,AGL,CE,Combined TRACON& Tower with Radar,0,47,34,2,83,0,0,21,0,21,0,47,55,2,104,0,0,0,104
02/17/2008,EVV,IN,AGL,CE,Combined TRACON& Tower with Radar,0,44,2,0,46,0,0,2,0,2,0,44,4,0,48,26,0,26,74
02/18/2008,EVV,IN,AGL,CE,Combined TRACON& Tower with Radar,0,56,34,0,90,0,1,4,0,5,0,57,38,0,95,2,0,2,97
02/19/2008,EVV,IN,AGL,CE,Combined TRACON& Tower with Radar,0,61,23,2,86,0,0,23,0,23,0,61,46,2,109,96,0,96,205
02/20/2008,EVV,IN,AGL,CE,Combined TRACON& Tower with Radar,2,63,26,0,91,4,2,19,6,31,6,65,45,6,122,0,0,0,122
02/21/2008,EVV,IN,AGL,CE,Combined TRACON& Tower with Radar,0,33,14,0,47,0,0,1,0,1,0,33,15,0,48,0,0,0,48
02/22/2008,EVV,IN,AGL,CE,Combined TRACON& Tower with Radar,0,50,15,0,65,0,4,22,0,26,0,54,37,0,91,0,0,0,91
02/23/2008,EVV,IN,AGL,CE,Combined TRACON& Tower with Radar,0,37,15,0,52,0,0,4,0,4,0,37,19,0,56,6,0,6,62
02/24/2008,EVV,IN,AGL,CE,Combined TRACON& Tower with Radar,0,50,19,0,69,0,0,0,0,0,0,50,19,0,69,0,0,0,69
02/25/2008,EVV,IN,AGL,CE,Combined TRACON& Tower with Radar,0,67,32,0,99,0,0,2,0,2,0,67,34,0,101,40,0,40,141
02/26/2008,EVV,IN,AGL,CE,Combined TRACON& Tower with Radar,2,56,12,0,70,0,0,2,0,2,2,56,14,0,72,12,0,12,84
02/27/2008,EVV,IN,AGL,CE,Combined TRACON& Tower with Radar,1,74,33,0,108,0,3,40,1,44,1,77,73,1,152,58,0,58,210
02/28/2008,EVV,IN,AGL,CE,Combined TRACON& Tower with Radar,0,64,44,2,110,0,2,37,1,40,0,66,81,3,150,8,2,10,160
02/29/2008,EVV,IN,AGL,CE,Combined TRACON& Tower with Radar,0,52,25,0,77,0,0,14,0,14,0,52,39,0,91,4,0,4,95
03/01/2008,EVV,IN,AGL,CE,Combined TRACON& Tower with Radar,0,39,14,0,53,0,0,66,0,66,0,39,80,0,119,60,0,60,179
03/02/2008,EVV,IN,AGL,CE,Combined TRACON& Tower with Radar,0,41,27,0,68,0,0,27,1,28,0,41,54,1,96,56,0,56,152
03/03/2008,EVV,IN,AGL,CE,Combined TRACON& Tower with Radar,0,61,9,0,70,0,0,2,0,2,0,61,11,0,72,0,0,0,72
03/04/2008,EVV,IN,AGL,CE,Combined TRACON& Tower with Radar,0,49,15,0,64,0,1,0,0,1,0,50,15,0,65,0,0,0,65
03/05/2008,EVV,IN,AGL,CE,Combined TRACON& Tower with Radar,0,71,39,7,117,0,2,14,3,19,0,73,53,10,136,20,0,20,156
03/06/2008,EVV,IN,AGL,CE,Combined TRACON& Tower with Radar,0,65,22,0,87,0,0,1,0,1,0,65,23,0,88,32,0,32,120
03/07/2008,EVV,IN,AGL,CE,Combined TRACON& Tower with Radar,0,57,16,0,73,0,0,1,0,1,0,57,17,0,74,0,0,0,74
03/08/2008,EVV,IN,AGL,CE,Combined TRACON& Tower with Radar,0,36,19,0,55,0,1,14,0,15,0,37,33,0,70,0,0,0,70
03/09/2008,EVV,IN,AGL,CE,Combined TRACON& Tower with Radar,0,42,23,0,65,0,0,6,0,6,0,42,29,0,71,4,0,4,75
03/10/2008,EVV,IN,AGL,CE,Combined TRACON& Tower with Radar,0,60,19,1,80,0,0,9,1,10,0,60,28,2,90,46,0,46,136
03/11/2008,EVV,IN,AGL,CE,Combined TRACON& Tower with Radar,0,63,20,0,83,0,0,40,1,41,0,63,60,1,124,48,0,48,172
03/12/2008,EVV,IN,AGL,CE,Combined TRACON& Tower with Radar,0,62,28,0,90,0,4,28,0,32,0,66,56,0,122,46,0,46,168
03/13/2008,EVV,IN,AGL,CE,Combined TRACON& Tower with Radar,0,60,24,2,86,1,1,17,0,19,1,61,41,2,105,22,0,22,127
03/14/2008,EVV,IN,AGL,CE,Combined TRACON& Tower with Radar,0,53,11,0,64,0,0,2,0,2,0,53,13,0,66,0,0,0,66
03/15/2008,EVV,IN,AGL,CE,Combined TRACON& Tower with Radar,0,37,10,0,47,0,0,3,0,3,0,37,13,0,50,10,0,10,60
03/16/2008,EVV,IN,AGL,CE,Combined TRACON& Tower with Radar,0,42,11,0,53,0,0,18,1,19,0,42,29,1,72,20,0,20,92
03/17/2008,EVV,IN,AGL,CE,Combined TRACON& Tower with Radar,0,55,23,0,78,0,3,9,4,16,0,58,32,4,94,10,0,10,104
03/18/2008,EVV,IN,AGL,CE,Combined TRACON& Tower with Radar,0,56,17,0,73,0,0,0,0,0,0,56,17,0,73,0,0,0,73
03/19/2008,EVV,IN,AGL,CE,Combined TRACON& Tower with Radar,0,66,29,0,95,0,0,5,0,5,0,66,34,0,100,0,0,0,100
03/20/2008,EVV,IN,AGL,CE,Combined TRACON& Tower with Radar,0,56,51,9,116,0,0,58,1,59,0,56,109,10,175,78,0,78,253
03/21/2008,EVV,IN,AGL,CE,Combined TRACON& Tower with Radar,1,45,19,0,65,0,0,15,0,15,1,45,34,0,80,2,0,2,82
03/22/2008,EVV,IN,AGL,CE,Combined TRACON& Tower with Radar,0,32,5,2,39,0,2,8,0,10,0,34,13,2,49,8,0,8,57
03/23/2008,EVV,IN,AGL,CE,Combined TRACON& Tower with Radar,0,39,12,0,51,0,0,11,0,11,0,39,23,0,62,6,0,6,68
03/24/2008,EVV,IN,AGL,CE,Combined TRACON& Tower with Radar,0,60,27,9,96,0,0,26,0,26,0,60,53,9,122,106,0,106,228
03/25/2008,EVV,IN,AGL,CE,Combined TRACON& Tower with Radar,0,58,40,5,103,0,0,24,0,24,0,58,64,5,127,56,2,58,185
03/26/2008,EVV,IN,AGL,CE,Combined TRACON& Tower with Radar,0,64,22,0,86,0,0,30,0,30,0,64,52,0,116,20,0,20,136
03/27/2008,EVV,IN,AGL,CE,Combined TRACON& Tower with Radar,0,57,37,0,94,0,0,7,0,7,0,57,44,0,101,2,0,2,103
03/28/2008,EVV,IN,AGL,CE,Combined TRACON& Tower with Radar,0,56,41,0,97,0,0,10,0,10,0,56,51,0,107,98,0,98,205
03/29/2008,EVV,IN,AGL,CE,Combined TRACON& Tower with Radar,2,41,41,0,84,0,0,50,0,50,2,41,91,0,134,174,0,174,308
03/30/2008,EVV,IN,AGL,CE,Combined TRACON& Tower with Radar,0,43,5,0,48,0,0,0,0,0,0,43,5,0,48,0,0,0,48
03/31/2008,EVV,IN,AGL,CE,Combined TRACON& Tower with Radar,0,59,28,1,88,0,0,5,1,6,0,59,33,2,94,6,0,6,100
04/01/2008,EVV,IN,AGL,CE,Combined TRACON& Tower with Radar,0,57,35,0,92,0,0,10,0,10,0,57,45,0,102,58,0,58,160
04/02/2008,EVV,IN,AGL,CE,Combined TRACON& Tower with Radar,2,65,38,0,105,0,1,64,2,67,2,66,102,2,172,58,2,60,232
04/03/2008,EVV,IN,AGL,CE,Combined TRACON& Tower with Radar,0,62,28,0,90,0,0,1,0,1,0,62,29,0,91,0,0,0,91
04/04/2008,EVV,IN,AGL,CE,Combined TRACON& Tower with Radar,0,67,53,0,120,0,0,4,0,4,0,67,57,0,124,6,0,6,130
04/05/2008,EVV,IN,AGL,CE,Combined TRACON& Tower with Radar,0,42,42,0,84,0,0,50,0,50,0,42,92,0,134,110,0,110,244
04/06/2008,EVV,IN,AGL,CE,Combined TRACON& Tower with Radar,0,47,24,0,71,0,0,69,0,69,0,47,93,0,140,68,0,68,208
04/07/2008,EVV,IN,AGL,CE,Combined TRACON& Tower with Radar,0,59,13,4,76,0,2,41,0,43,0,61,54,4,119,62,0,62,181
04/08/2008,EVV,IN,AGL,CE,Combined TRACON& Tower with Radar,0,73,32,2,107,0,0,12,0,12,0,73,44,2,119,118,8,126,245
04/09/2008,EVV,IN,AGL,CE,Combined TRACON& Tower with Radar,0,85,33,0,118,0,0,14,0,14,0,85,47,0,132,24,0,24,156
04/10/2008,EVV,IN,AGL,CE,Combined TRACON& Tower with Radar,0,62,15,0,77,0,1,5,0,6,0,63,20,0,83,21,0,21,104
04/11/2008,EVV,IN,AGL,CE,Combined TRACON& Tower with Radar,0,64,23,2,89,0,0,10,0,10,0,64,33,2,99,6,0,6,105
04/12/2008,EVV,IN,AGL,CE,Combined TRACON& Tower with Radar,0,55,20,0,75,0,3,17,0,20,0,58,37,0,95,12,0,12,107
04/13/2008,EVV,IN,AGL,CE,Combined TRACON& Tower with Radar,0,46,13,0,59,0,0,2,0,2,0,46,15,0,61,0,0,0,61
04/14/2008,EVV,IN,AGL,CE,Combined TRACON& Tower with Radar,0,58,27,0,85,0,0,23,0,23,0,58,50,0,108,14,2,16,124
04/15/2008,EVV,IN,AGL,CE,Combined TRACON& Tower with Radar,0,68,41,0,109,0,2,40,0,42,0,70,81,0,151,94,0,94,245
04/16/2008,EVV,IN,AGL,CE,Combined TRACON& Tower with Radar,0,69,32,0,101,0,5,46,0,51,0,74,78,0,152,136,0,136,288
04/17/2008,EVV,IN,AGL,CE,Combined TRACON& Tower with Radar,0,67,47,14,128,0,2,61,3,66,0,69,108,17,194,64,0,64,258
04/18/2008,EVV,IN,AGL,CE,Combined TRACON& Tower with Radar,0,70,30,0,100,0,5,22,0,27,0,75,52,0,127,26,0,26,153
04/19/2008,EVV,IN,AGL,CE,Combined TRACON& Tower with Radar,0,49,22,1,72,0,0,6,0,6,0,49,28,1,78,38,0,38,116
04/20/2008,EVV,IN,AGL,CE,Combined TRACON& Tower with Radar,0,53,18,1,72,0,0,14,0,14,0,53,32,1,86,100,0,100,186
04/21/2008,EVV,IN,AGL,CE,Combined TRACON& Tower with Radar,0,69,39,0,108,0,0,35,0,35,0,69,74,0,143,100,0,100,243
04/22/2008,EVV,IN,AGL,CE,Combined TRACON& Tower with Radar,11,80,35,0,126,0,1,34,0,35,11,81,69,0,161,130,0,130,291
04/23/2008,EVV,IN,AGL,CE,Combined TRACON& Tower with Radar,2,71,44,4,121,0,3,33,0,36,2,74,77,4,157,16,0,16,173
04/24/2008,EVV,IN,AGL,CE,Combined TRACON& Tower with Radar,0,74,32,0,106,0,1,29,0,30,0,75,61,0,136,20,0,20,156
04/25/2008,EVV,IN,AGL,CE,Combined TRACON& Tower with Radar,2,72,11,6,91,0,4,23,0,27,2,76,34,6,118,6,0,6,124
04/26/2008,EVV,IN,AGL,CE,Combined TRACON& Tower with Radar,0,55,23,0,78,0,1,47,0,48,0,56,70,0,126,32,0,32,158
04/27/2008,EVV,IN,AGL,CE,Combined TRACON& Tower with Radar,0,48,17,0,65,0,0,43,0,43,0,48,60,0,108,106,0,106,214
04/28/2008,EVV,IN,AGL,CE,Combined TRACON& Tower with Radar,0,60,31,0,91,0,0,8,0,8,0,60,39,0,99,46,0,46,145
04/29/2008,EVV,IN,AGL,CE,Combined TRACON& Tower with Radar,2,63,44,3,112,0,0,60,0,60,2,63,104,3,172,208,24,232,404
04/30/2008,EVV,IN,AGL,CE,Combined TRACON& Tower with Radar,1,73,35,0,109,0,0,47,0,47,1,73,82,0,156,146,0,146,302
05/01/2008,EVV,IN,AGL,CE,Combined TRACON& Tower with Radar,0,85,44,18,147,0,0,37,0,37,0,85,81,18,184,0,18,18,202
05/02/2008,EVV,IN,AGL,CE,Combined TRACON& Tower with Radar,0,56,21,0,77,0,1,3,0,4,0,57,24,0,81,0,0,0,81
05/03/2008,EVV,IN,AGL,CE,Combined TRACON& Tower with Radar,0,42,33,0,75,0,0,21,1,22,0,42,54,1,97,12,0,12,109
05/04/2008,EVV,IN,AGL,CE,Combined TRACON& Tower with Radar,0,43,13,0,56,0,3,36,0,39,0,46,49,0,95,64,0,64,159
05/05/2008,EVV,IN,AGL,CE,Combined TRACON& Tower with Radar,2,68,38,0,108,0,0,50,0,50,2,68,88,0,158,18,0,18,176
05/06/2008,EVV,IN,AGL,CE,Combined TRACON& Tower with Radar,1,64,47,13,125,0,2,41,2,45,1,66,88,15,170,260,12,272,442
05/07/2008,EVV,IN,AGL,CE,Combined TRACON& Tower with Radar,0,72,11,0,83,0,0,4,0,4,0,72,15,0,87,36,0,36,123
05/08/2008,EVV,IN,AGL,CE,Combined TRACON& Tower with Radar,0,63,28,0,91,0,1,3,0,4,0,64,31,0,95,0,0,0,95
05/09/2008,EVV,IN,AGL,CE,Combined TRACON& Tower with Radar,2,80,57,0,139,0,1,2,0,3,2,81,59,0,142,0,0,0,142
05/10/2008,EVV,IN,AGL,CE,Combined TRACON& Tower with Radar,0,46,24,0,70,0,0,26,0,26,0,46,50,0,96,144,0,144,240
05/11/2008,EVV,IN,AGL,CE,Combined TRACON& Tower with Radar,0,43,2,0,45,0,0,0,0,0,0,43,2,0,45,0,0,0,45
05/12/2008,EVV,IN,AGL,CE,Combined TRACON& Tower with Radar,0,55,55,5,115,0,4,48,0,52,0,59,103,5,167,52,0,52,219
05/13/2008,EVV,IN,AGL,CE,Combined TRACON& Tower with Radar,0,73,40,2,115,0,1,41,1,43,0,74,81,3,158,160,4,164,322
05/14/2008,EVV,IN,AGL,CE,Combined TRACON& Tower with Radar,0,73,35,2,110,0,0,12,0,12,0,73,47,2,122,58,0,58,180
05/15/2008,EVV,IN,AGL,CE,Combined TRACON& Tower with Radar,0,81,63,1,145,0,0,0,0,0,0,81,63,1,145,6,0,6,151
05/16/2008,EVV,IN,AGL,CE,Combined TRACON& Tower with Radar,0,73,40,8,121,0,0,36,1,37,0,73,76,9,158,34,6,40,198
05/17/2008,EVV,IN,AGL,CE,Combined TRACON& Tower with Radar,0,43,19,0,62,0,0,13,0,13,0,43,32,0,75,20,0,20,95
05/18/2008,EVV,IN,AGL,CE,Combined TRACON& Tower with Radar,0,53,13,7,73,0,0,17,0,17,0,53,30,7,90,52,6,58,148
05/19/2008,EVV,IN,AGL,CE,Combined TRACON& Tower with Radar,0,65,18,0,83,0,0,27,0,27,0,65,45,0,110,24,0,24,134
05/20/2008,EVV,IN,AGL,CE,Combined TRACON& Tower with Radar,0,73,68,0,141,0,1,36,4,41,0,74,104,4,182,142,0,142,324
05/21/2008,EVV,IN,AGL,CE,Combined TRACON& Tower with Radar,0,78,51,0,129,0,0,49,0,49,0,78,100,0,178,74,0,74,252
05/22/2008,EVV,IN,AGL,CE,Combined TRACON& Tower with Radar,0,61,25,0,86,0,0,21,0,21,0,61,46,0,107,16,0,16,123
05/23/2008,EVV,IN,AGL,CE,Combined TRACON& Tower with Radar,0,71,52,28,151,0,0,30,0,30,0,71,82,28,181,52,14,66,247
05/24/2008,EVV,IN,AGL,CE,Combined TRACON& Tower with Radar,0,50,41,0,91,0,1,53,0,54,0,51,94,0,145,62,0,62,207
05/25/2008,EVV,IN,AGL,CE,Combined TRACON& Tower with Radar,0,42,28,0,70,0,0,21,0,21,0,42,49,0,91,2,0,2,93
05/26/2008,EVV,IN,AGL,CE,Combined TRACON& Tower with Radar,0,0,13,0,13,0,0,13,0,13,0,0,26,0,26,136,0,136,162
05/27/2008,EVV,IN,AGL,CE,Combined TRACON& Tower with Radar,2,62,49,0,113,0,0,7,0,7,2,62,56,0,120,44,0,44,164
05/28/2008,EVV,IN,AGL,CE,Combined TRACON& Tower with Radar,0,70,32,0,102,0,0,24,0,24,0,70,56,0,126,138,0,138,264
05/29/2008,EVV,IN,AGL,CE,Combined TRACON& Tower with Radar,0,76,60,0,136,0,0,64,0,64,0,76,124,0,200,108,0,108,308
05/30/2008,EVV,IN,AGL,CE,Combined TRACON& Tower with Radar,0,76,40,0,116,0,1,28,0,29,0,77,68,0,145,32,0,32,177
05/31/2008,EVV,IN,AGL,CE,Combined TRACON& Tower with Radar,0,47,25,0,72,0,0,29,0,29,0,47,54,0,101,96,0,96,197
06/01/2008,EVV,IN,AGL,CE,Combined TRACON& Tower with Radar,0,45,8,0,53,0,3,23,0,26,0,48,31,0,79,38,0,38,117
06/02/2008,EVV,IN,AGL,CE,Combined TRACON& Tower with Radar,0,59,36,3,98,0,0,19,1,20,0,59,55,4,118,40,0,40,158
06/03/2008,EVV,IN,AGL,CE,Combined TRACON& Tower with Radar,0,74,39,0,113,0,19,24,0,43,0,93,63,0,156,74,0,74,230
06/04/2008,EVV,IN,AGL,CE,Combined TRACON& Tower with Radar,0,74,34,0,108,0,0,23,0,23,0,74,57,0,131,90,0,90,221
06/05/2008,EVV,IN,AGL,CE,Combined TRACON& Tower with Radar,2,70,28,0,100,0,3,32,0,35,2,73,60,0,135,0,0,0,135
06/06/2008,EVV,IN,AGL,CE,Combined TRACON& Tower with Radar,0,60,33,8,101,0,1,39,0,40,0,61,72,8,141,14,0,14,155
06/07/2008,EVV,IN,AGL,CE,Combined TRACON& Tower with Radar,0,41,21,0,62,0,1,21,0,22,0,42,42,0,84,26,0,26,110
06/08/2008,EVV,IN,AGL,CE,Combined TRACON& Tower with Radar,0,43,20,4,67,0,0,33,15,48,0,43,53,19,115,40,16,56,171
06/09/2008,EVV,IN,AGL,CE,Combined TRACON& Tower with Radar,0,53,15,17,85,0,0,23,2,25,0,53,38,19,110,14,0,14,124
06/10/2008,EVV,IN,AGL,CE,Combined TRACON& Tower with Radar,0,65,48,2,115,0,0,41,4,45,0,65,89,6,160,140,0,140,300
06/11/2008,EVV,IN,AGL,CE,Combined TRACON& Tower with Radar,0,72,42,2,116,0,0,34,1,35,0,72,76,3,151,116,0,116,267
06/12/2008,EVV,IN,AGL,CE,Combined TRACON& Tower with Radar,0,72,34,4,110,0,8,25,2,35,0,80,59,6,145,102,0,102,247
06/13/2008,EVV,IN,AGL,CE,Combined TRACON& Tower with Radar,0,54,24,0,78,0,0,19,0,19,0,54,43,0,97,20,0,20,117
06/14/2008,EVV,IN,AGL,CE,Combined TRACON& Tower with Radar,0,45,20,0,65,0,0,29,0,29,0,45,49,0,94,4,0,4,98
06/15/2008,EVV,IN,AGL,CE,Combined TRACON& Tower with Radar,0,46,25,0,71,0,1,34,0,35,0,47,59,0,106,38,0,38,144
06/16/2008,EVV,IN,AGL,CE,Combined TRACON& Tower with Radar,0,56,31,0,87,0,1,24,1,26,0,57,55,1,113,50,0,50,163
06/17/2008,EVV,IN,AGL,CE,Combined TRACON& Tower with Radar,2,63,27,9,101,0,0,16,1,17,2,63,43,10,118,190,0,190,308
06/18/2008,EVV,IN,AGL,CE,Combined TRACON& Tower with Radar,0,72,45,10,127,0,5,41,1,47,0,77,86,11,174,104,0,104,278
06/19/2008,EVV,IN,AGL,CE,Combined TRACON& Tower with Radar,0,76,37,17,130,0,0,51,1,52,0,76,88,18,182,100,0,100,282
06/20/2008,EVV,IN,AGL,CE,Combined TRACON& Tower with Radar,0,75,49,0,124,0,0,20,1,21,0,75,69,1,145,86,0,86,231
06/21/2008,EVV,IN,AGL,CE,Combined TRACON& Tower with Radar,2,64,35,0,101,0,2,36,0,38,2,66,71,0,139,128,0,128,267
06/22/2008,EVV,IN,AGL,CE,Combined TRACON& Tower with Radar,1,44,15,0,60,0,4,16,0,20,1,48,31,0,80,52,0,52,132
06/23/2008,EVV,IN,AGL,CE,Combined TRACON& Tower with Radar,0,57,20,10,87,0,0,64,1,65,0,57,84,11,152,26,0,26,178
06/24/2008,EVV,IN,AGL,CE,Combined TRACON& Tower with Radar,2,60,24,39,125,0,6,43,0,49,2,66,67,39,174,176,82,258,432
06/25/2008,EVV,IN,AGL,CE,Combined TRACON& Tower with Radar,0,58,36,24,118,0,0,35,2,37,0,58,71,26,155,30,46,76,231
06/26/2008,EVV,IN,AGL,CE,Combined TRACON& Tower with Radar,0,69,35,2,106,0,0,27,3,30,0,69,62,5,136,36,0,36,172
06/27/2008,EVV,IN,AGL,CE,Combined TRACON& Tower with Radar,2,51,21,16,90,0,5,45,2,52,2,56,66,18,142,52,0,52,194
06/28/2008,EVV,IN,AGL,CE,Combined TRACON& Tower with Radar,0,46,15,4,65,0,7,96,2,105,0,53,111,6,170,156,32,188,358
06/29/2008,EVV,IN,AGL,CE,Combined TRACON& Tower with Radar,0,45,10,3,58,0,5,131,10,146,0,50,141,13,204,204,0,204,408
06/30/2008,EVV,IN,AGL,CE,Combined TRACON& Tower with Radar,1,66,45,16,128,0,1,48,14,63,1,67,93,30,191,172,38,210,401
07/01/2008,EVV,IN,AGL,CE,Combined TRACON& Tower with Radar,0,64,77,12,153,0,1,52,3,56,0,65,129,15,209,180,26,206,415
07/02/2008,EVV,IN,AGL,CE,Combined TRACON& Tower with Radar,1,60,23,49,133,0,0,52,56,108,1,60,75,105,241,52,56,108,349
07/03/2008,EVV,IN,AGL,CE,Combined TRACON& Tower with Radar,0,63,26,0,89,0,3,16,0,19,0,66,42,0,108,13,0,13,121
07/04/2008,EVV,IN,AGL,CE,Combined TRACON& Tower with Radar,0,27,9,0,36,0,0,2,0,2,0,27,11,0,38,2,0,2,40
07/05/2008,EVV,IN,AGL,CE,Combined TRACON& Tower with Radar,0,45,0,34,79,0,0,35,0,35,0,45,35,34,114,128,0,128,242
07/06/2008,EVV,IN,AGL,CE,Combined TRACON& Tower with Radar,0,42,32,0,74,0,0,30,0,30,0,42,62,0,104,46,0,46,150
07/07/2008,EVV,IN,AGL,CE,Combined TRACON& Tower with Radar,0,59,13,0,72,0,0,8,0,8,0,59,21,0,80,26,2,28,108
07/08/2008,EVV,IN,AGL,CE,Combined TRACON& Tower with Radar,0,59,29,18,106,2,2,45,0,49,2,61,74,18,155,148,0,148,303
07/09/2008,EVV,IN,AGL,CE,Combined TRACON& Tower with Radar,0,82,36,0,118,0,0,50,0,50,0,82,86,0,168,54,0,54,222
07/10/2008,EVV,IN,AGL,CE,Combined TRACON& Tower with Radar,0,61,35,0,96,0,4,48,0,52,0,65,83,0,148,54,18,72,220
07/11/2008,EVV,IN,AGL,CE,Combined TRACON& Tower with Radar,0,52,25,0,77,0,0,29,0,29,0,52,54,0,106,90,0,90,196
07/12/2008,EVV,IN,AGL,CE,Combined TRACON& Tower with Radar,0,37,11,0,48,0,0,21,0,21,0,37,32,0,69,44,0,44,113
07/13/2008,EVV,IN,AGL,CE,Combined TRACON& Tower with Radar,0,46,32,0,78,0,3,41,0,44,0,49,73,0,122,54,0,54,176
07/14/2008,EVV,IN,AGL,CE,Combined TRACON& Tower with Radar,0,63,23,35,121,0,2,34,1,37,0,65,57,36,158,6,24,30,188
07/15/2008,EVV,IN,AGL,CE,Combined TRACON& Tower with Radar,0,65,30,24,119,0,1,23,0,24,0,66,53,24,143,201,34,235,378
07/16/2008,EVV,IN,AGL,CE,Combined TRACON& Tower with Radar,0,62,25,7,94,0,4,32,0,36,0,66,57,7,130,86,0,86,216
07/17/2008,EVV,IN,AGL,CE,Combined TRACON& Tower with Radar,0,63,29,39,131,0,2,38,2,42,0,65,67,41,173,48,14,62,235
07/18/2008,EVV,IN,AGL,CE,Combined TRACON& Tower with Radar,0,56,25,23,104,0,0,28,0,28,0,56,53,23,132,26,46,72,204
07/19/2008,EVV,IN,AGL,CE,Combined TRACON& Tower with Radar,0,44,13,6,63,0,3,35,1,39,0,47,48,7,102,40,4,44,146
07/20/2008,EVV,IN,AGL,CE,Combined TRACON& Tower with Radar,0,47,11,0,58,0,0,8,0,8,0,47,19,0,66,0,0,0,66
07/21/2008,EVV,IN,AGL,CE,Combined TRACON& Tower with Radar,0,65,38,29,132,0,1,35,3,39,0,66,73,32,171,210,72,282,453
07/22/2008,EVV,IN,AGL,CE,Combined TRACON& Tower with Radar,0,61,33,28,122,0,0,50,2,52,0,61,83,30,174,156,38,194,368
07/23/2008,EVV,IN,AGL,CE,Combined TRACON& Tower with Radar,0,59,52,36,147,0,0,65,1,66,0,59,117,37,213,196,0,196,409
07/24/2008,EVV,IN,AGL,CE,Combined TRACON& Tower with Radar,0,60,17,36,113,0,0,31,5,36,0,60,48,41,149,0,20,20,169
07/25/2008,EVV,IN,AGL,CE,Combined TRACON& Tower with Radar,0,55,20,0,75,0,0,11,0,11,0,55,31,0,86,2,0,2,88
07/26/2008,EVV,IN,AGL,CE,Combined TRACON& Tower with Radar,0,40,23,0,63,0,1,7,0,8,0,41,30,0,71,2,0,2,73
07/27/2008,EVV,IN,AGL,CE,Combined TRACON& Tower with Radar,0,44,33,0,77,0,0,29,0,29,0,44,62,0,106,18,0,18,124
07/28/2008,EVV,IN,AGL,CE,Combined TRACON& Tower with Radar,0,57,20,1,78,0,0,12,0,12,0,57,32,1,90,10,0,10,100
07/29/2008,EVV,IN,AGL,CE,Combined TRACON& Tower with Radar,0,66,33,30,129,0,2,33,5,40,0,68,66,35,169,20,0,20,189
07/30/2008,EVV,IN,AGL,CE,Combined TRACON& Tower with Radar,0,63,27,7,97,0,6,21,0,27,0,69,48,7,124,12,8,20,144
07/31/2008,EVV,IN,AGL,CE,Combined TRACON& Tower with Radar,0,65,28,3,96,2,0,26,0,28,2,65,54,3,124,14,8,22,146
08/01/2008,EVV,IN,AGL,CE,Combined TRACON& Tower with Radar,0,62,24,17,103,0,0,37,2,39,0,62,61,19,142,81,8,89,231
08/02/2008,EVV,IN,AGL,CE,Combined TRACON& Tower with Radar,0,32,18,0,50,0,0,31,4,35,0,32,49,4,85,48,22,70,155
08/03/2008,EVV,IN,AGL,CE,Combined TRACON& Tower with Radar,0,49,21,0,70,0,0,44,0,44,0,49,65,0,114,6,0,6,120
08/04/2008,EVV,IN,AGL,CE,Combined TRACON& Tower with Radar,0,53,28,31,112,0,1,32,5,38,0,54,60,36,150,14,16,30,180
08/05/2008,EVV,IN,AGL,CE,Combined TRACON& Tower with Radar,0,64,20,4,88,0,1,24,0,25,0,65,44,4,113,18,0,18,131
08/06/2008,EVV,IN,AGL,CE,Combined TRACON& Tower with Radar,0,80,39,36,155,0,1,25,0,26,0,81,64,36,181,128,40,168,349
08/07/2008,EVV,IN,AGL,CE,Combined TRACON& Tower with Radar,2,65,42,11,120,0,1,32,0,33,2,66,74,11,153,8,10,18,171
08/08/2008,EVV,IN,AGL,CE,Combined TRACON& Tower with Radar,0,54,36,13,103,0,4,46,1,51,0,58,82,14,154,80,0,80,234
08/09/2008,EVV,IN,AGL,CE,Combined TRACON& Tower with Radar,0,46,32,0,78,0,0,42,0,42,0,46,74,0,120,102,0,102,222
08/10/2008,EVV,IN,AGL,CE,Combined TRACON& Tower with Radar,0,57,30,0,87,0,0,60,0,60,0,57,90,0,147,12,0,12,159
08/11/2008,EVV,IN,AGL,CE,Combined TRACON& Tower with Radar,0,59,20,30,109,0,1,47,5,53,0,60,67,35,162,32,38,70,232
08/12/2008,EVV,IN,AGL,CE,Combined TRACON& Tower with Radar,0,76,42,31,149,0,1,57,0,58,0,77,99,31,207,150,26,176,383
08/13/2008,EVV,IN,AGL,CE,Combined TRACON& Tower with Radar,1,57,50,23,131,0,1,36,4,41,1,58,86,27,172,24,18,42,214
08/14/2008,EVV,IN,AGL,CE,Combined TRACON& Tower with Radar,0,59,36,13,108,0,0,23,0,23,0,59,59,13,131,14,12,26,157
08/15/2008,EVV,IN,AGL,CE,Combined TRACON& Tower with Radar,0,66,29,15,110,0,0,21,0,21,0,66,50,15,131,90,38,128,259
08/16/2008,EVV,IN,AGL,CE,Combined TRACON& Tower with Radar,0,40,37,0,77,0,0,48,0,48,0,40,85,0,125,18,0,18,143
08/17/2008,EVV,IN,AGL,CE,Combined TRACON& Tower with Radar,0,51,10,1,62,0,0,52,1,53,0,51,62,2,115,28,0,28,143
08/18/2008,EVV,IN,AGL,CE,Combined TRACON& Tower with Radar,0,56,20,44,120,0,0,28,3,31,0,56,48,47,151,22,44,66,217
08/19/2008,EVV,IN,AGL,CE,Combined TRACON& Tower with Radar,0,67,56,79,202,0,0,47,0,47,0,67,103,79,249,80,110,190,439
08/20/2008,EVV,IN,AGL,CE,Combined TRACON& Tower with Radar,0,74,45,52,171,0,0,49,0,49,0,74,94,52,220,28,52,80,300
08/21/2008,EVV,IN,AGL,CE,Combined TRACON& Tower with Radar,0,66,38,29,133,0,0,20,0,20,0,66,58,29,153,28,0,28,181
08/22/2008,EVV,IN,AGL,CE,Combined TRACON& Tower with Radar,0,71,38,8,117,0,0,34,0,34,0,71,72,8,151,8,0,8,159
08/23/2008,EVV,IN,AGL,CE,Combined TRACON& Tower with Radar,0,46,23,0,69,0,0,28,0,28,0,46,51,0,97,8,0,8,105
08/24/2008,EVV,IN,AGL,CE,Combined TRACON& Tower with Radar,0,43,31,0,74,0,0,28,0,28,0,43,59,0,102,28,0,28,130
08/25/2008,EVV,IN,AGL,CE,Combined TRACON& Tower with Radar,0,54,31,1,86,0,0,32,0,32,0,54,63,1,118,14,0,14,132
08/26/2008,EVV,IN,AGL,CE,Combined TRACON& Tower with Radar,0,77,28,14,119,0,11,37,0,48,0,88,65,14,167,192,70,262,429
08/27/2008,EVV,IN,AGL,CE,Combined TRACON& Tower with Radar,0,62,38,7,107,0,0,38,0,38,0,62,76,7,145,120,18,138,283
08/28/2008,EVV,IN,AGL,CE,Combined TRACON& Tower with Radar,0,63,44,0,107,0,0,41,0,41,0,63,85,0,148,0,0,0,148
08/29/2008,EVV,IN,AGL,CE,Combined TRACON& Tower with Radar,0,60,40,0,100,0,1,35,0,36,0,61,75,0,136,72,0,72,208
08/30/2008,EVV,IN,AGL,CE,Combined TRACON& Tower with Radar,0,52,44,0,96,0,0,45,0,45,0,52,89,0,141,126,0,126,267
08/31/2008,EVV,IN,AGL,CE,Combined TRACON& Tower with Radar,0,37,12,1,50,0,0,34,0,34,0,37,46,1,84,24,0,24,108
09/01/2008,EVV,IN,AGL,CE,Combined TRACON& Tower with Radar,0,37,19,0,56,0,0,33,0,33,0,37,52,0,89,34,0,34,123
09/02/2008,EVV,IN,AGL,CE,Combined TRACON& Tower with Radar,0,51,44,30,125,0,1,40,0,41,0,52,84,30,166,128,32,160,326
09/03/2008,EVV,IN,AGL,CE,Combined TRACON& Tower with Radar,0,55,55,34,144,0,0,31,6,37,0,55,86,40,181,142,103,245,426
09/04/2008,EVV,IN,AGL,CE,Combined TRACON& Tower with Radar,0,57,42,0,99,0,0,20,0,20,0,57,62,0,119,52,0,52,171
09/05/2008,EVV,IN,AGL,CE,Combined TRACON& Tower with Radar,0,50,16,1,67,0,0,7,0,7,0,50,23,1,74,6,2,8,82
09/06/2008,EVV,IN,AGL,CE,Combined TRACON& Tower with Radar,0,37,32,6,75,0,0,40,0,40,0,37,72,6,115,78,10,88,203
09/07/2008,EVV,IN,AGL,CE,Combined TRACON& Tower with Radar,0,35,54,0,89,0,4,28,1,33,0,39,82,1,122,77,0,77,199
09/08/2008,EVV,IN,AGL,CE,Combined TRACON& Tower with Radar,0,43,30,9,82,0,2,32,0,34,0,45,62,9,116,130,28,158,274
09/09/2008,EVV,IN,AGL,CE,Combined TRACON& Tower with Radar,2,45,51,2,100,0,0,33,0,33,2,45,84,2,133,104,24,128,261
09/10/2008,EVV,IN,AGL,CE,Combined TRACON& Tower with Radar,0,48,28,0,76,0,0,49,0,49,0,48,77,0,125,8,0,8,133
09/11/2008,EVV,IN,AGL,CE,Combined TRACON& Tower with Radar,0,54,43,18,115,0,1,28,3,32,0,55,71,21,147,14,23,37,184
09/12/2008,EVV,IN,AGL,CE,Combined TRACON& Tower with Radar,2,42,38,23,105,0,0,14,1,15,2,42,52,24,120,10,20,30,150
09/13/2008,EVV,IN,AGL,CE,Combined TRACON& Tower with Radar,0,28,4,0,32,0,1,20,0,21,0,29,24,0,53,2,0,2,55
09/14/2008,EVV,IN,AGL,CE,Combined TRACON& Tower with Radar,0,33,8,0,41,0,0,0,0,0,0,33,8,0,41,0,0,0,41
09/15/2008,EVV,IN,AGL,CE,Combined TRACON& Tower with Radar,0,46,42,0,88,0,0,36,0,36,0,46,78,0,124,28,0,28,152
09/16/2008,EVV,IN,AGL,CE,Combined TRACON& Tower with Radar,0,45,60,5,110,0,0,41,0,41,0,45,101,5,151,120,14,134,285
09/17/2008,EVV,IN,AGL,CE,Combined TRACON& Tower with Radar,0,55,60,32,147,0,0,53,0,53,0,55,113,32,200,106,36,142,342
09/18/2008,EVV,IN,AGL,CE,Combined TRACON& Tower with Radar,0,54,70,6,130,0,1,62,0,63,0,55,132,6,193,170,18,188,381
09/19/2008,EVV,IN,AGL,CE,Combined TRACON& Tower with Radar,0,52,43,0,95,0,0,63,2,65,0,52,106,2,160,130,0,130,290
09/20/2008,EVV,IN,AGL,CE,Combined TRACON& Tower with Radar,0,30,31,0,61,0,0,56,0,56,0,30,87,0,117,44,0,44,161
09/21/2008,EVV,IN,AGL,CE,Combined TRACON& Tower with Radar,0,33,19,2,54,0,1,30,0,31,0,34,49,2,85,144,0,144,229
09/22/2008,EVV,IN,AGL,CE,Combined TRACON& Tower with Radar,0,63,24,20,107,0,3,35,2,40,0,66,59,22,147,178,54,232,379
09/23/2008,EVV,IN,AGL,CE,Combined TRACON& Tower with Radar,0,56,36,4,96,0,2,46,0,48,0,58,82,4,144,106,16,122,266
09/24/2008,EVV,IN,AGL,CE,Combined TRACON& Tower with Radar,0,61,35,0,96,0,3,59,0,62,0,64,94,0,158,80,0,80,238
09/25/2008,EVV,IN,AGL,CE,Combined TRACON& Tower with Radar,0,57,64,2,123,0,0,58,0,58,0,57,122,2,181,162,0,162,343
09/26/2008,EVV,IN,AGL,CE,Combined TRACON& Tower with Radar,0,45,33,17,95,0,1,47,0,48,0,46,80,17,143,118,24,142,285
09/27/2008,EVV,IN,AGL,CE,Combined TRACON& Tower with Radar,0,37,25,0,62,0,0,49,0,49,0,37,74,0,111,62,0,62,173
09/28/2008,EVV,IN,AGL,CE,Combined TRACON& Tower with Radar,0,35,20,1,56,0,0,51,0,51,0,35,71,1,107,32,0,32,139
09/29/2008,EVV,IN,AGL,CE,Combined TRACON& Tower with Radar,2,47,31,9,89,0,0,22,0,22,2,47,53,9,111,26,12,38,149
09/30/2008,EVV,IN,AGL,CE,Combined TRACON& Tower with Radar,0,46,32,0,78,0,0,35,0,35,0,46,67,0,113,80,0,80,193
10/01/2008,EVV,IN,AGL,CE,Combined TRACON& Tower with Radar,0,56,34,17,107,0,1,29,6,36,0,57,63,23,143,122,0,122,265
10/02/2008,EVV,IN,AGL,CE,Combined TRACON& Tower with Radar,0,46,30,17,93,0,1,53,0,54,0,47,83,17,147,32,0,32,179
10/03/2008,EVV,IN,AGL,CE,Combined TRACON& Tower with Radar,0,46,47,13,106,0,0,61,0,61,0,46,108,13,167,110,16,126,293
10/04/2008,EVV,IN,AGL,CE,Combined TRACON& Tower with Radar,0,36,65,1,102,0,0,67,0,67,0,36,132,1,169,2,2,4,173
10/05/2008,EVV,IN,AGL,CE,Combined TRACON& Tower with Radar,0,38,35,2,75,0,1,34,0,35,0,39,69,2,110,110,6,116,226
10/06/2008,EVV,IN,AGL,CE,Combined TRACON& Tower with Radar,0,43,19,22,84,0,0,17,2,19,0,43,36,24,103,18,14,32,135
10/07/2008,EVV,IN,AGL,CE,Combined TRACON& Tower with Radar,0,38,31,1,70,0,0,0,0,0,0,38,31,1,70,0,0,0,70
10/08/2008,EVV,IN,AGL,CE,Combined TRACON& Tower with Radar,0,49,31,0,80,0,0,10,0,10,0,49,41,0,90,4,0,4,94
10/09/2008,EVV,IN,AGL,CE,Combined TRACON& Tower with Radar,0,44,42,3,89,0,0,42,0,42,0,44,84,3,131,164,0,164,295
10/10/2008,EVV,IN,AGL,CE,Combined TRACON& Tower with Radar,0,55,41,18,114,0,2,65,0,67,0,57,106,18,181,32,12,44,225
10/11/2008,EVV,IN,AGL,CE,Combined TRACON& Tower with Radar,0,31,17,1,49,0,0,43,0,43,0,31,60,1,92,68,0,68,160
10/12/2008,EVV,IN,AGL,CE,Combined TRACON& Tower with Radar,0,39,17,0,56,0,0,38,0,38,0,39,55,0,94,46,0,46,140
10/13/2008,EVV,IN,AGL,CE,Combined TRACON& Tower with Radar,0,52,28,3,83,0,0,38,0,38,0,52,66,3,121,150,40,190,311
10/14/2008,EVV,IN,AGL,CE,Combined TRACON& Tower with Radar,0,47,45,0,92,0,0,41,0,41,0,47,86,0,133,174,42,216,349
10/15/2008,EVV,IN,AGL,CE,Combined TRACON& Tower with Radar,0,55,32,8,95,0,0,12,2,14,0,55,44,10,109,156,46,202,311
10/16/2008,EVV,IN,AGL,CE,Combined TRACON& Tower with Radar,0,48,46,1,95,0,0,25,1,26,0,48,71,2,121,0,0,0,121
10/17/2008,EVV,IN,AGL,CE,Combined TRACON& Tower with Radar,0,49,34,8,91,0,2,38,5,45,0,51,72,13,136,18,44,62,198
10/18/2008,EVV,IN,AGL,CE,Combined TRACON& Tower with Radar,0,35,11,0,46,0,1,42,0,43,0,36,53,0,89,42,0,42,131
10/19/2008,EVV,IN,AGL,CE,Combined TRACON& Tower with Radar,0,31,20,0,51,0,0,35,0,35,0,31,55,0,86,20,0,20,106
10/20/2008,EVV,IN,AGL,CE,Combined TRACON& Tower with Radar,0,55,82,8,145,0,0,0,0,0,0,55,82,8,145,8,0,8,153
10/21/2008,EVV,IN,AGL,CE,Combined TRACON& Tower with Radar,0,54,35,0,89,0,0,42,0,42,0,54,77,0,131,136,0,136,267
10/22/2008,EVV,IN,AGL,CE,Combined TRACON& Tower with Radar,0,61,29,0,90,0,3,45,0,48,0,64,74,0,138,130,0,130,268
10/23/2008,EVV,IN,AGL,CE,Combined TRACON& Tower with Radar,0,49,30,9,88,0,0,24,0,24,0,49,54,9,112,62,0,62,174
10/24/2008,EVV,IN,AGL,CE,Combined TRACON& Tower with Radar,0,61,42,10,113,0,0,22,0,22,0,61,64,10,135,38,16,54,189
10/25/2008,EVV,IN,AGL,CE,Combined TRACON& Tower with Radar,0,37,31,43,111,0,0,44,0,44,0,37,75,43,155,92,62,154,309
10/26/2008,EVV,IN,AGL,CE,Combined TRACON& Tower with Radar,0,31,15,0,46,0,0,21,0,21,0,31,36,0,67,56,4,60,127
10/27/2008,EVV,IN,AGL,CE,Combined TRACON& Tower with Radar,0,47,18,13,78,0,0,15,0,15,0,47,33,13,93,30,9,39,132
10/28/2008,EVV,IN,AGL,CE,Combined TRACON& Tower with Radar,0,52,54,8,114,0,2,32,2,36,0,54,86,10,150,172,18,190,340
10/29/2008,EVV,IN,AGL,CE,Combined TRACON& Tower with Radar,0,56,50,6,112,0,3,55,1,59,0,59,105,7,171,72,0,72,243
10/30/2008,EVV,IN,AGL,CE,Combined TRACON& Tower with Radar,0,55,40,0,95,0,2,72,0,74,0,57,112,0,169,62,4,66,235
10/31/2008,EVV,IN,AGL,CE,Combined TRACON& Tower with Radar,3,47,38,4,92,0,0,31,0,31,3,47,69,4,123,80,24,104,227
11/01/2008,EVV,IN,AGL,CE,Combined TRACON& Tower with Radar,1,38,41,0,80,0,0,53,0,53,1,38,94,0,133,22,0,22,155
11/02/2008,EVV,IN,AGL,CE,Combined TRACON& Tower with Radar,0,32,33,4,69,0,0,37,0,37,0,32,70,4,106,16,0,16,122
11/03/2008,EVV,IN,AGL,CE,Combined TRACON& Tower with Radar,0,43,26,25,94,0,0,28,0,28,0,43,54,25,122,202,56,258,380
11/04/2008,EVV,IN,AGL,CE,Combined TRACON& Tower with Radar,0,43,37,13,93,0,0,42,0,42,0,43,79,13,135,70,0,70,205
11/05/2008,EVV,IN,AGL,CE,Combined TRACON& Tower with Radar,0,58,48,8,114,0,2,36,0,38,0,60,84,8,152,134,22,156,308
11/06/2008,EVV,IN,AGL,CE,Combined TRACON& Tower with Radar,0,53,36,7,96,0,4,24,0,28,0,57,60,7,124,2,4,6,130
11/07/2008,EVV,IN,AGL,CE,Combined TRACON& Tower with Radar,0,45,40,5,90,0,0,23,0,23,0,45,63,5,113,10,4,14,127
11/08/2008,EVV,IN,AGL,CE,Combined TRACON& Tower with Radar,0,33,28,0,61,0,3,31,0,34,0,36,59,0,95,40,0,40,135
11/09/2008,EVV,IN,AGL,CE,Combined TRACON& Tower with Radar,0,34,7,0,41,0,2,16,0,18,0,36,23,0,59,0,0,0,59
11/10/2008,EVV,IN,AGL,CE,Combined TRACON& Tower with Radar,0,58,22,5,85,0,4,33,0,37,0,62,55,5,122,228,36,264,386
11/11/2008,EVV,IN,AGL,CE,Combined TRACON& Tower with Radar,0,54,13,0,67,0,2,6,0,8,0,56,19,0,75,22,0,22,97
11/12/2008,EVV,IN,AGL,CE,Combined TRACON& Tower with Radar,0,56,46,2,104,0,0,6,0,6,0,56,52,2,110,0,0,0,110
11/13/2008,EVV,IN,AGL,CE,Combined TRACON& Tower with Radar,0,46,53,0,99,0,0,16,0,16,0,46,69,0,115,14,0,14,129
11/14/2008,EVV,IN,AGL,CE,Combined TRACON& Tower with Radar,0,58,31,0,89,1,0,7,0,8,1,58,38,0,97,24,0,24,121
11/15/2008,EVV,IN,AGL,CE,Combined TRACON& Tower with Radar,0,40,24,0,64,0,4,25,0,29,0,44,49,0,93,10,0,10,103
11/16/2008,EVV,IN,AGL,CE,Combined TRACON& Tower with Radar,0,38,37,0,75,0,1,26,0,27,0,39,63,0,102,36,0,36,138
11/17/2008,EVV,IN,AGL,CE,Combined TRACON& Tower with Radar,0,43,50,0,93,0,0,40,0,40,0,43,90,0,133,232,0,232,365
11/18/2008,EVV,IN,AGL,CE,Combined TRACON& Tower with Radar,0,42,51,2,95,0,0,36,0,36,0,42,87,2,131,208,0,208,339
11/19/2008,EVV,IN,AGL,CE,Combined TRACON& Tower with Radar,0,46,59,20,125,0,0,39,0,39,0,46,98,20,164,130,26,156,320
11/20/2008,EVV,IN,AGL,CE,Combined TRACON& Tower with Radar,0,60,51,2,113,0,2,16,0,18,0,62,67,2,131,90,0,90,221
11/21/2008,EVV,IN,AGL,CE,Combined TRACON& Tower with Radar,1,40,25,1,67,0,3,30,0,33,1,43,55,1,100,12,6,18,118
11/22/2008,EVV,IN,AGL,CE,Combined TRACON& Tower with Radar,0,31,38,1,70,0,0,29,0,29,0,31,67,1,99,98,0,98,197
11/23/2008,EVV,IN,AGL,CE,Combined TRACON& Tower with Radar,0,33,10,0,43,0,0,24,3,27,0,33,34,3,70,30,0,30,100
11/24/2008,EVV,IN,AGL,CE,Combined TRACON& Tower with Radar,0,44,19,0,63,0,0,8,0,8,0,44,27,0,71,4,0,4,75
11/25/2008,EVV,IN,AGL,CE,Combined TRACON& Tower with Radar,0,53,53,0,106,0,0,45,0,45,0,53,98,0,151,204,0,204,355
11/26/2008,EVV,IN,AGL,CE,Combined TRACON& Tower with Radar,0,43,32,0,75,0,0,34,0,34,0,43,66,0,109,48,0,48,157
11/27/2008,EVV,IN,AGL,CE,Combined TRACON& Tower with Radar,0,35,21,0,56,0,2,28,0,30,0,37,49,0,86,0,0,0,86
11/28/2008,EVV,IN,AGL,CE,Combined TRACON& Tower with Radar,0,33,30,1,64,0,2,35,0,37,0,35,65,1,101,14,0,14,115
11/29/2008,EVV,IN,AGL,CE,Combined TRACON& Tower with Radar,0,36,27,0,63,0,0,37,0,37,0,36,64,0,100,20,0,20,120
11/30/2008,EVV,IN,AGL,CE,Combined TRACON& Tower with Radar,0,35,13,0,48,0,0,3,0,3,0,35,16,0,51,0,0,0,51
12/01/2008,EVV,IN,AGL,CE,Combined TRACON& Tower with Radar,0,46,17,0,63,0,0,1,0,1,0,46,18,0,64,0,0,0,64
12/02/2008,EVV,IN,AGL,CE,Combined TRACON& Tower with Radar,0,48,34,20,102,0,0,38,1,39,0,48,72,21,141,156,26,182,323
12/03/2008,EVV,IN,AGL,CE,Combined TRACON& Tower with Radar,2,51,45,0,98,0,0,20,0,20,2,51,65,0,118,132,0,132,250
12/04/2008,EVV,IN,AGL,CE,Combined TRACON& Tower with Radar,1,53,36,0,90,0,0,27,0,27,1,53,63,0,117,36,0,36,153
12/05/2008,EVV,IN,AGL,CE,Combined TRACON& Tower with Radar,0,58,45,0,103,0,3,27,0,30,0,61,72,0,133,8,0,8,141
12/06/2008,EVV,IN,AGL,CE,Combined TRACON& Tower with Radar,2,38,35,2,77,0,0,14,0,14,2,38,49,2,91,40,0,40,131
12/07/2008,EVV,IN,AGL,CE,Combined TRACON& Tower with Radar,0,34,17,2,53,0,0,14,0,14,0,34,31,2,67,14,0,14,81
12/08/2008,EVV,IN,AGL,CE,Combined TRACON& Tower with Radar,0,46,15,11,72,0,0,9,0,9,0,46,24,11,81,22,2,24,105
12/09/2008,EVV,IN,AGL,CE,Combined TRACON& Tower with Radar,0,39,15,0,54,0,0,0,0,0,0,39,15,0,54,0,0,0,54
12/10/2008,EVV,IN,AGL,CE,Combined TRACON& Tower with Radar,0,59,19,0,78,0,0,7,0,7,0,59,26,0,85,26,0,26,111
12/11/2008,EVV,IN,AGL,CE,Combined TRACON& Tower with Radar,0,67,42,17,126,0,2,33,0,35,0,69,75,17,161,112,24,136,297
12/12/2008,EVV,IN,AGL,CE,Combined TRACON& Tower with Radar,0,48,69,0,117,0,0,42,0,42,0,48,111,0,159,42,0,42,201
12/13/2008,EVV,IN,AGL,CE,Combined TRACON& Tower with Radar,0,33,25,0,58,0,0,21,0,21,0,33,46,0,79,134,0,134,213
12/14/2008,EVV,IN,AGL,CE,Combined TRACON& Tower with Radar,0,32,20,0,52,0,6,7,0,13,0,38,27,0,65,0,0,0,65
12/15/2008,EVV,IN,AGL,CE,Combined TRACON& Tower with Radar,0,46,10,0,56,0,2,2,0,4,0,48,12,0,60,0,0,0,60
12/16/2008,EVV,IN,AGL,CE,Combined TRACON& Tower with Radar,0,36,27,0,63,0,1,1,0,2,0,37,28,0,65,0,0,0,65
12/17/2008,EVV,IN,AGL,CE,Combined TRACON& Tower with Radar,0,65,58,0,123,0,0,8,0,8,0,65,66,0,131,14,0,14,145
12/18/2008,EVV,IN,AGL,CE,Combined TRACON& Tower with Radar,0,50,25,0,75,0,0,0,0,0,0,50,25,0,75,14,0,14,89
12/19/2008,EVV,IN,AGL,CE,Combined TRACON& Tower with Radar,0,52,18,0,70,0,0,5,0,5,0,52,23,0,75,0,0,0,75
12/20/2008,EVV,IN,AGL,CE,Combined TRACON& Tower with Radar,0,39,27,0,66,0,0,15,0,15,0,39,42,0,81,46,0,46,127
12/21/2008,EVV,IN,AGL,CE,Combined TRACON& Tower with Radar,0,44,8,0,52,0,0,5,0,5,0,44,13,0,57,0,0,0,57
12/22/2008,EVV,IN,AGL,CE,Combined TRACON& Tower with Radar,0,35,15,0,50,0,0,19,0,19,0,35,34,0,69,4,0,4,73
12/23/2008,EVV,IN,AGL,CE,Combined TRACON& Tower with Radar,0,39,4,0,43,0,0,2,0,2,0,39,6,0,45,0,0,0,45
12/24/2008,EVV,IN,AGL,CE,Combined TRACON& Tower with Radar,0,43,13,0,56,0,3,6,0,9,0,46,19,0,65,16,0,16,81
12/25/2008,EVV,IN,AGL,CE,Combined TRACON& Tower with Radar,0,27,12,0,39,0,0,16,0,16,0,27,28,0,55,0,0,0,55
12/26/2008,EVV,IN,AGL,CE,Combined TRACON& Tower with Radar,0,44,26,0,70,0,0,1,0,1,0,44,27,0,71,24,0,24,95
12/27/2008,EVV,IN,AGL,CE,Combined TRACON& Tower with Radar,0,68,21,0,89,0,0,8,0,8,0,68,29,0,97,80,0,80,177
12/28/2008,EVV,IN,AGL,CE,Combined TRACON& Tower with Radar,0,44,28,0,72,0,0,37,0,37,0,44,65,0,109,46,0,46,155
12/29/2008,EVV,IN,AGL,CE,Combined TRACON& Tower with Radar,0,54,24,0,78,0,0,49,0,49,0,54,73,0,127,58,0,58,185
12/30/2008,EVV,IN,AGL,CE,Combined TRACON& Tower with Radar,0,53,27,0,80,0,0,39,1,40,0,53,66,1,120,188,0,188,308
12/31/2008,EVV,IN,AGL,CE,Combined TRACON& Tower with Radar,0,34,14,1,49,0,2,17,0,19,0,36,31,1,68,134,0,134,202
01/01/2009,EVV,IN,AGL,CE,Combined TRACON& Tower with Radar,0,27,5,0,32,0,0,17,0,17,0,27,22,0,49,36,0,36,85
01/02/2009,EVV,IN,AGL,CE,Combined TRACON& Tower with Radar,0,39,7,0,46,0,0,20,0,20,0,39,27,0,66,2,0,2,68
01/03/2009,EVV,IN,AGL,CE,Combined TRACON& Tower with Radar,0,48,9,0,57,0,0,0,0,0,0,48,9,0,57,0,0,0,57
01/04/2009,EVV,IN,AGL,CE,Combined TRACON& Tower with Radar,0,48,20,0,68,0,0,0,0,0,0,48,20,0,68,6,0,6,74
01/05/2009,EVV,IN,AGL,CE,Combined TRACON& Tower with Radar,0,43,20,7,70,0,1,28,0,29,0,44,48,7,99,10,10,20,119
01/06/2009,EVV,IN,AGL,CE,Combined TRACON& Tower with Radar,0,34,4,0,38,0,0,0,0,0,0,34,4,0,38,0,0,0,38
01/07/2009,EVV,IN,AGL,CE,Combined TRACON& Tower with Radar,0,45,23,7,75,0,0,12,0,12,0,45,35,7,87,10,16,26,113
01/08/2009,EVV,IN,AGL,CE,Combined TRACON& Tower with Radar,0,52,29,20,101,0,3,41,0,44,0,55,70,20,145,139,46,185,330
01/09/2009,EVV,IN,AGL,CE,Combined TRACON& Tower with Radar,0,49,25,0,74,0,2,37,0,39,0,51,62,0,113,96,0,96,209
01/10/2009,EVV,IN,AGL,CE,Combined TRACON& Tower with Radar,0,35,3,0,38,0,1,1,0,2,0,36,4,0,40,36,0,36,76
01/11/2009,EVV,IN,AGL,CE,Combined TRACON& Tower with Radar,0,34,39,0,73,0,0,21,0,21,0,34,60,0,94,92,12,104,198
01/12/2009,EVV,IN,AGL,CE,Combined TRACON& Tower with Radar,0,44,13,16,73,0,0,7,0,7,0,44,20,16,80,4,42,46,126
01/13/2009,EVV,IN,AGL,CE,Combined TRACON& Tower with Radar,0,49,29,14,92,0,2,20,0,22,0,51,49,14,114,228,50,278,392
01/14/2009,EVV,IN,AGL,CE,Combined TRACON& Tower with Radar,0,50,18,8,76,1,2,12,1,16,1,52,30,9,92,26,16,42,134
01/15/2009,EVV,IN,AGL,CE,Combined TRACON& Tower with Radar,0,52,15,0,67,0,0,20,0,20,0,52,35,0,87,94,0,94,181
01/16/2009,EVV,IN,AGL,CE,Combined TRACON& Tower with Radar,0,52,31,21,104,0,0,28,0,28,0,52,59,21,132,124,20,144,276
01/17/2009,EVV,IN,AGL,CE,Combined TRACON& Tower with Radar,0,36,13,0,49,0,0,11,0,11,0,36,24,0,60,4,0,4,64
01/18/2009,EVV,IN,AGL,CE,Combined TRACON& Tower with Radar,0,36,0,0,36,0,0,0,0,0,0,36,0,0,36,0,0,0,36
01/19/2009,EVV,IN,AGL,CE,Combined TRACON& Tower with Radar,0,46,13,0,59,0,3,14,0,17,0,49,27,0,76,2,0,2,78
01/20/2009,EVV,IN,AGL,CE,Combined TRACON& Tower with Radar,0,45,12,1,58,0,1,11,0,12,0,46,23,1,70,34,0,34,104
01/21/2009,EVV,IN,AGL,CE,Combined TRACON& Tower with Radar,0,49,29,2,80,0,3,16,0,19,0,52,45,2,99,20,2,22,121
01/22/2009,EVV,IN,AGL,CE,Combined TRACON& Tower with Radar,0,53,68,27,148,0,0,51,1,52,0,53,119,28,200,188,40,228,428
01/23/2009,EVV,IN,AGL,CE,Combined TRACON& Tower with Radar,0,53,34,8,95,0,2,33,1,36,0,55,67,9,131,92,8,100,231
01/24/2009,EVV,IN,AGL,CE,Combined TRACON& Tower with Radar,0,44,23,0,67,0,0,34,0,34,0,44,57,0,101,26,0,26,127
01/25/2009,EVV,IN,AGL,CE,Combined TRACON& Tower with Radar,0,40,19,0,59,0,0,10,2,12,0,40,29,2,71,12,0,12,83
01/26/2009,EVV,IN,AGL,CE,Combined TRACON& Tower with Radar,0,44,12,36,92,0,0,0,0,0,0,44,12,36,92,16,54,70,162
01/27/2009,EVV,IN,AGL,CE,Combined TRACON& Tower with Radar,0,16,1,0,17,0,0,0,0,0,0,16,1,0,17,0,0,0,17
01/28/2009,EVV,IN,AGL,CE,Combined TRACON& Tower with Radar,0,26,3,0,29,0,1,3,0,4,0,27,6,0,33,0,0,0,33
01/29/2009,EVV,IN,AGL,CE,Combined TRACON& Tower with Radar,0,54,10,11,75,0,0,1,0,1,0,54,11,11,76,0,0,0,76
01/30/2009,EVV,IN,AGL,CE,Combined TRACON& Tower with Radar,0,46,34,13,93,0,0,20,0,20,0,46,54,13,113,42,34,76,189
01/31/2009,EVV,IN,AGL,CE,Combined TRACON& Tower with Radar,0,29,14,0,43,0,0,13,0,13,0,29,27,0,56,4,0,4,60
02/01/2009,EVV,IN,AGL,CE,Combined TRACON& Tower with Radar,0,36,5,0,41,0,0,17,0,17,0,36,22,0,58,20,2,22,80
02/02/2009,EVV,IN,AGL,CE,Combined TRACON& Tower with Radar,0,52,25,18,95,0,3,23,0,26,0,55,48,18,121,2,6,8,129
02/03/2009,EVV,IN,AGL,CE,Combined TRACON& Tower with Radar,0,45,10,0,55,0,0,3,0,3,0,45,13,0,58,0,0,0,58
02/04/2009,EVV,IN,AGL,CE,Combined TRACON& Tower with Radar,0,59,22,0,81,0,0,24,0,24,0,59,46,0,105,40,0,40,145
02/05/2009,EVV,IN,AGL,CE,Combined TRACON& Tower with Radar,2,47,15,2,66,0,0,23,0,23,2,47,38,2,89,14,12,26,115
02/06/2009,EVV,IN,AGL,CE,Combined TRACON& Tower with Radar,0,75,39,0,114,0,1,45,0,46,0,76,84,0,160,148,0,148,308
02/07/2009,EVV,IN,AGL,CE,Combined TRACON& Tower with Radar,2,35,16,6,59,0,0,10,1,11,2,35,26,7,70,30,6,36,106
02/08/2009,EVV,IN,AGL,CE,Combined TRACON& Tower with Radar,0,44,34,0,78,0,0,22,0,22,0,44,56,0,100,52,0,52,152
02/09/2009,EVV,IN,AGL,CE,Combined TRACON& Tower with Radar,0,56,16,0,72,0,2,12,0,14,0,58,28,0,86,2,2,4,90
02/10/2009,EVV,IN,AGL,CE,Combined TRACON& Tower with Radar,1,48,13,9,71,0,1,10,0,11,1,49,23,9,82,68,34,102,184
02/11/2009,EVV,IN,AGL,CE,Combined TRACON& Tower with Radar,0,54,21,0,75,0,0,1,0,1,0,54,22,0,76,0,0,0,76
02/12/2009,EVV,IN,AGL,CE,Combined TRACON& Tower with Radar,0,55,31,8,94,0,0,28,2,30,0,55,59,10,124,30,8,38,162
02/13/2009,EVV,IN,AGL,CE,Combined TRACON& Tower with Radar,0,46,32,21,99,0,2,38,1,41,0,48,70,22,140,144,14,158,298
02/14/2009,EVV,IN,AGL,CE,Combined TRACON& Tower with Radar,0,63,13,0,76,0,0,9,0,9,0,63,22,0,85,38,4,42,127
02/15/2009,EVV,IN,AGL,CE,Combined TRACON& Tower with Radar,0,40,22,0,62,0,1,26,0,27,0,41,48,0,89,40,0,40,129
02/16/2009,EVV,IN,AGL,CE,Combined TRACON& Tower with Radar,0,42,19,0,61,0,2,37,0,39,0,44,56,0,100,126,0,126,226
02/17/2009,EVV,IN,AGL,CE,Combined TRACON& Tower with Radar,0,47,30,7,84,0,0,22,0,22,0,47,52,7,106,112,18,130,236
02/18/2009,EVV,IN,AGL,CE,Combined TRACON& Tower with Radar,0,56,27,0,83,0,1,5,0,6,0,57,32,0,89,0,0,0,89
02/19/2009,EVV,IN,AGL,CE,Combined TRACON& Tower with Radar,0,64,30,23,117,0,0,17,0,17,0,64,47,23,134,14,32,46,180
02/20/2009,EVV,IN,AGL,CE,Combined TRACON& Tower with Radar,0,56,38,53,147,0,0,44,0,44,0,56,82,53,191,104,82,186,377
02/21/2009,EVV,IN,AGL,CE,Combined TRACON& Tower with Radar,0,31,2,0,33,0,0,0,0,0,0,31,2,0,33,2,0,2,35
02/22/2009,EVV,IN,AGL,CE,Combined TRACON& Tower with Radar,0,46,18,0,64,0,0,20,0,20,0,46,38,0,84,0,0,0,84
02/23/2009,EVV,IN,AGL,CE,Combined TRACON& Tower with Radar,0,42,14,28,84,0,4,47,0,51,0,46,61,28,135,76,48,124,259
02/24/2009,EVV,IN,AGL,CE,Combined TRACON& Tower with Radar,0,54,40,0,94,0,2,44,0,46,0,56,84,0,140,142,0,142,282
02/25/2009,EVV,IN,AGL,CE,Combined TRACON& Tower with Radar,0,55,42,13,110,0,0,22,1,23,0,55,64,14,133,10,18,28,161
02/26/2009,EVV,IN,AGL,CE,Combined TRACON& Tower with Radar,0,50,26,11,87,0,0,7,0,7,0,50,33,11,94,75,20,95,189
02/27/2009,EVV,IN,AGL,CE,Combined TRACON& Tower with Radar,0,42,27,0,69,0,0,2,0,2,0,42,29,0,71,0,0,0,71
02/28/2009,EVV,IN,AGL,CE,Combined TRACON& Tower with Radar,0,35,12,0,47,0,0,7,0,7,0,35,19,0,54,36,0,36,90
03/01/2009,EVV,IN,AGL,CE,Combined TRACON& Tower with Radar,0,34,15,0,49,0,0,22,0,22,0,34,37,0,71,18,0,18,89
03/02/2009,EVV,IN,AGL,CE,Combined TRACON& Tower with Radar,0,42,28,0,70,0,0,35,1,36,0,42,63,1,106,10,0,10,116
03/03/2009,EVV,IN,AGL,CE,Combined TRACON& Tower with Radar,0,77,40,15,132,0,1,64,2,67,0,78,104,17,199,294,46,340,539
03/04/2009,EVV,IN,AGL,CE,Combined TRACON& Tower with Radar,0,53,64,15,132,0,8,52,4,64,0,61,116,19,196,198,16,214,410
03/05/2009,EVV,IN,AGL,CE,Combined TRACON& Tower with Radar,0,52,17,9,78,0,0,36,0,36,0,52,53,9,114,112,22,134,248
03/06/2009,EVV,IN,AGL,CE,Combined TRACON& Tower with Radar,0,46,39,2,87,0,2,26,0,28,0,48,65,2,115,96,22,118,233
03/07/2009,EVV,IN,AGL,CE,Combined TRACON& Tower with Radar,0,36,10,0,46,0,2,20,0,22,0,38,30,0,68,40,0,40,108
03/08/2009,EVV,IN,AGL,CE,Combined TRACON& Tower with Radar,0,31,6,0,37,0,0,4,0,4,0,31,10,0,41,2,0,2,43
03/09/2009,EVV,IN,AGL,CE,Combined TRACON& Tower with Radar,0,49,15,8,72,0,0,26,4,30,0,49,41,12,102,32,16,48,150
03/10/2009,EVV,IN,AGL,CE,Combined TRACON& Tower with Radar,1,45,21,1,68,0,0,13,0,13,1,45,34,1,81,26,0,26,107
03/11/2009,EVV,IN,AGL,CE,Combined TRACON& Tower with Radar,0,59,24,7,90,0,10,38,1,49,0,69,62,8,139,104,14,118,257
03/12/2009,EVV,IN,AGL,CE,Combined TRACON& Tower with Radar,0,44,12,6,62,0,4,25,6,35,0,48,37,12,97,54,6,60,157
03/13/2009,EVV,IN,AGL,CE,Combined TRACON& Tower with Radar,2,56,30,31,119,0,0,26,0,26,2,56,56,31,145,116,66,182,327
03/14/2009,EVV,IN,AGL,CE,Combined TRACON& Tower with Radar,0,28,21,0,49,0,0,17,0,17,0,28,38,0,66,36,0,36,102
03/15/2009,EVV,IN,AGL,CE,Combined TRACON& Tower with Radar,2,43,25,0,70,0,0,4,0,4,2,43,29,0,74,4,0,4,78
03/16/2009,EVV,IN,AGL,CE,Combined TRACON& Tower with Radar,0,39,20,15,74,0,0,18,0,18,0,39,38,15,92,52,16,68,160
03/17/2009,EVV,IN,AGL,CE,Combined TRACON& Tower with Radar,0,52,35,6,93,0,3,43,0,46,0,55,78,6,139,148,18,166,305
03/18/2009,EVV,IN,AGL,CE,Combined TRACON& Tower with Radar,0,57,35,2,94,0,0,44,0,44,0,57,79,2,138,118,2,120,258
03/19/2009,EVV,IN,AGL,CE,Combined TRACON& Tower with Radar,0,50,24,10,84,0,0,23,1,24,0,50,47,11,108,52,15,67,175
03/20/2009,EVV,IN,AGL,CE,Combined TRACON& Tower with Radar,0,58,27,2,87,0,0,39,0,39,0,58,66,2,126,126,0,126,252
03/21/2009,EVV,IN,AGL,CE,Combined TRACON& Tower with Radar,0,33,51,0,84,0,0,55,0,55,0,33,106,0,139,190,0,190,329
03/22/2009,EVV,IN,AGL,CE,Combined TRACON& Tower with Radar,0,34,9,2,45,0,1,28,0,29,0,35,37,2,74,50,0,50,124
03/23/2009,EVV,IN,AGL,CE,Combined TRACON& Tower with Radar,0,43,16,1,60,0,0,29,1,30,0,43,45,2,90,22,0,22,112
03/24/2009,EVV,IN,AGL,CE,Combined TRACON& Tower with Radar,0,45,14,0,59,0,0,10,0,10,0,45,24,0,69,246,0,246,315
03/25/2009,EVV,IN,AGL,CE,Combined TRACON& Tower with Radar,0,32,7,0,39,0,1,7,0,8,0,33,14,0,47,46,0,46,93
03/26/2009,EVV,IN,AGL,CE,Combined TRACON& Tower with Radar,0,44,23,10,77,0,0,17,0,17,0,44,40,10,94,16,0,16,110
03/27/2009,EVV,IN,AGL,CE,Combined TRACON& Tower with Radar,0,37,38,37,112,0,0,18,0,18,0,37,56,37,130,46,30,76,206
03/28/2009,EVV,IN,AGL,CE,Combined TRACON& Tower with Radar,0,33,8,0,41,0,0,3,0,3,0,33,11,0,44,6,0,6,50
03/29/2009,EVV,IN,AGL,CE,Combined TRACON& Tower with Radar,0,38,14,0,52,0,0,0,0,0,0,38,14,0,52,0,0,0,52
03/30/2009,EVV,IN,AGL,CE,Combined TRACON& Tower with Radar,0,50,13,0,63,0,0,1,0,1,0,50,14,0,64,0,0,0,64
03/31/2009,EVV,IN,AGL,CE,Combined TRACON& Tower with Radar,0,42,7,22,71,0,0,11,0,11,0,42,18,22,82,16,22,38,120
04/01/2009,EVV,IN,AGL,CE,Combined TRACON& Tower with Radar,0,47,16,12,75,0,1,24,4,29,0,48,40,16,104,50,20,70,174
04/02/2009,EVV,IN,AGL,CE,Combined TRACON& Tower with Radar,0,57,22,0,79,0,0,14,0,14,0,57,36,0,93,0,0,0,93
04/03/2009,EVV,IN,AGL,CE,Combined TRACON& Tower with Radar,0,64,24,7,95,0,0,26,0,26,0,64,50,7,121,58,0,58,179
04/04/2009,EVV,IN,AGL,CE,Combined TRACON& Tower with Radar,0,27,15,0,42,0,0,35,0,35,0,27,50,0,77,70,0,70,147
04/05/2009,EVV,IN,AGL,CE,Combined TRACON& Tower with Radar,0,62,35,2,99,0,0,42,0,42,0,62,77,2,141,190,4,194,335
04/06/2009,EVV,IN,AGL,CE,Combined TRACON& Tower with Radar,0,49,49,0,98,0,2,52,1,55,0,51,101,1,153,178,0,178,331
04/07/2009,EVV,IN,AGL,CE,Combined TRACON& Tower with Radar,0,60,46,23,129,0,1,54,2,57,0,61,100,25,186,162,58,220,406
04/08/2009,EVV,IN,AGL,CE,Combined TRACON& Tower with Radar,0,55,26,3,84,0,0,54,0,54,0,55,80,3,138,106,18,124,262
04/09/2009,EVV,IN,AGL,CE,Combined TRACON& Tower with Radar,0,42,10,16,68,0,0,29,0,29,0,42,39,16,97,64,14,78,175
04/10/2009,EVV,IN,AGL,CE,Combined TRACON& Tower with Radar,0,40,6,2,48,0,0,4,0,4,0,40,10,2,52,0,0,0,52
04/11/2009,EVV,IN,AGL,CE,Combined TRACON& Tower with Radar,0,28,11,0,39,0,0,35,0,35,0,28,46,0,74,8,0,8,82
04/12/2009,EVV,IN,AGL,CE,Combined TRACON& Tower with Radar,0,37,5,0,42,0,0,16,0,16,0,37,21,0,58,0,0,0,58
04/13/2009,EVV,IN,AGL,CE,Combined TRACON& Tower with Radar,0,40,37,6,83,0,0,3,0,3,0,40,40,6,86,2,0,2,88
04/14/2009,EVV,IN,AGL,CE,Combined TRACON& Tower with Radar,0,43,54,0,97,0,0,2,0,2,0,43,56,0,99,68,0,68,167
04/15/2009,EVV,IN,AGL,CE,Combined TRACON& Tower with Radar,0,53,31,0,84,0,1,16,4,21,0,54,47,4,105,52,0,52,157
04/16/2009,EVV,IN,AGL,CE,Combined TRACON& Tower with Radar,0,50,54,7,111,0,0,38,0,38,0,50,92,7,149,82,22,104,253
04/17/2009,EVV,IN,AGL,CE,Combined TRACON& Tower with Radar,0,41,28,5,74,0,0,35,0,35,0,41,63,5,109,96,0,96,205
04/18/2009,EVV,IN,AGL,CE,Combined TRACON& Tower with Radar,0,27,43,0,70,0,0,37,0,37,0,27,80,0,107,22,0,22,129
04/19/2009,EVV,IN,AGL,CE,Combined TRACON& Tower with Radar,0,40,6,5,51,0,0,1,0,1,0,40,7,5,52,0,4,4,56
04/20/2009,EVV,IN,AGL,CE,Combined TRACON& Tower with Radar,0,38,0,0,38,0,2,12,0,14,0,40,12,0,52,100,0,100,152
04/21/2009,EVV,IN,AGL,CE,Combined TRACON& Tower with Radar,0,46,31,5,82,0,0,16,0,16,0,46,47,5,98,28,6,34,132
04/22/2009,EVV,IN,AGL,CE,Combined TRACON& Tower with Radar,0,53,39,16,108,0,1,26,1,28,0,54,65,17,136,58,22,80,216
04/23/2009,EVV,IN,AGL,CE,Combined TRACON& Tower with Radar,0,52,32,4,88,0,2,33,1,36,0,54,65,5,124,0,0,0,124
04/24/2009,EVV,IN,AGL,CE,Combined TRACON& Tower with Radar,0,42,32,11,85,0,3,28,2,33,0,45,60,13,118,62,22,84,202
04/25/2009,EVV,IN,AGL,CE,Combined TRACON& Tower with Radar,0,28,16,0,44,0,0,27,0,27,0,28,43,0,71,18,0,18,89
04/26/2009,EVV,IN,AGL,CE,Combined TRACON& Tower with Radar,0,38,15,3,56,0,0,13,0,13,0,38,28,3,69,0,0,0,69
04/27/2009,EVV,IN,AGL,CE,Combined TRACON& Tower with Radar,0,46,17,2,65,0,0,17,0,17,0,46,34,2,82,10,0,10,92
04/28/2009,EVV,IN,AGL,CE,Combined TRACON& Tower with Radar,0,49,18,0,67,0,0,9,0,9,0,49,27,0,76,32,0,32,108
04/29/2009,EVV,IN,AGL,CE,Combined TRACON& Tower with Radar,0,42,50,0,92,0,1,24,0,25,0,43,74,0,117,53,0,53,170
04/30/2009,EVV,IN,AGL,CE,Combined TRACON& Tower with Radar,0,41,16,0,57,0,0,8,0,8,0,41,24,0,65,0,0,0,65
05/01/2009,EVV,IN,AGL,CE,Combined TRACON& Tower with Radar,0,44,10,7,61,0,0,5,0,5,0,44,15,7,66,16,0,16,82
05/02/2009,EVV,IN,AGL,CE,Combined TRACON& Tower with Radar,0,29,15,0,44,0,0,22,0,22,0,29,37,0,66,16,0,16,82
05/03/2009,EVV,IN,AGL,CE,Combined TRACON& Tower with Radar,0,42,10,18,70,0,0,4,0,4,0,42,14,18,74,4,8,12,86
05/04/2009,EVV,IN,AGL,CE,Combined TRACON& Tower with Radar,0,44,12,15,71,0,1,24,1,26,0,45,36,16,97,68,80,148,245
05/05/2009,EVV,IN,AGL,CE,Combined TRACON& Tower with Radar,0,48,28,18,94,0,2,45,2,49,0,50,73,20,143,130,32,162,305
05/06/2009,EVV,IN,AGL,CE,Combined TRACON& Tower with Radar,0,39,11,22,72,0,0,0,0,0,0,39,11,22,72,16,22,38,110
05/07/2009,EVV,IN,AGL,CE,Combined TRACON& Tower with Radar,0,43,26,11,80,1,0,23,2,26,1,43,49,13,106,6,12,18,124
05/08/2009,EVV,IN,AGL,CE,Combined TRACON& Tower with Radar,0,40,15,0,55,0,0,13,0,13,0,40,28,0,68,0,0,0,68
05/09/2009,EVV,IN,AGL,CE,Combined TRACON& Tower with Radar,0,29,18,0,47,0,0,21,0,21,0,29,39,0,68,18,2,20,88
05/10/2009,EVV,IN,AGL,CE,Combined TRACON& Tower with Radar,0,39,14,4,57,0,0,15,0,15,0,39,29,4,72,0,0,0,72
05/11/2009,EVV,IN,AGL,CE,Combined TRACON& Tower with Radar,0,39,18,27,84,0,0,44,0,44,0,39,62,27,128,106,24,130,258
05/12/2009,EVV,IN,AGL,CE,Combined TRACON& Tower with Radar,0,39,35,2,76,0,0,29,1,30,0,39,64,3,106,60,8,68,174
05/13/2009,EVV,IN,AGL,CE,Combined TRACON& Tower with Radar,0,43,18,0,61,0,0,13,0,13,0,43,31,0,74,62,0,62,136
05/14/2009,EVV,IN,AGL,CE,Combined TRACON& Tower with Radar,0,47,27,0,74,0,0,31,0,31,0,47,58,0,105,14,0,14,119
05/15/2009,EVV,IN,AGL,CE,Combined TRACON& Tower with Radar,0,40,10,0,50,0,0,29,0,29,0,40,39,0,79,31,1,32,111
05/16/2009,EVV,IN,AGL,CE,Combined TRACON& Tower with Radar,0,25,23,0,48,0,0,6,0,6,0,25,29,0,54,52,0,52,106
05/17/2009,EVV,IN,AGL,CE,Combined TRACON& Tower with Radar,0,44,5,5,54,0,0,42,0,42,0,44,47,5,96,22,2,24,120
05/18/2009,EVV,IN,AGL,CE,Combined TRACON& Tower with Radar,0,40,24,0,64,0,0,31,0,31,0,40,55,0,95,100,0,100,195
05/19/2009,EVV,IN,AGL,CE,Combined TRACON& Tower with Radar,0,38,21,0,59,0,0,28,1,29,0,38,49,1,88,46,6,52,140
05/20/2009,EVV,IN,AGL,CE,Combined TRACON& Tower with Radar,0,53,35,0,88,0,0,0,0,0,0,53,35,0,88,72,0,72,160
05/21/2009,EVV,IN,AGL,CE,Combined TRACON& Tower with Radar,0,49,39,0,88,0,3,40,0,43,0,52,79,0,131,76,0,76,207
05/22/2009,EVV,IN,AGL,CE,Combined TRACON& Tower with Radar,0,40,25,14,79,0,3,45,0,48,0,43,70,14,127,106,2,108,235
05/23/2009,EVV,IN,AGL,CE,Combined TRACON& Tower with Radar,0,28,10,0,38,0,1,30,0,31,0,29,40,0,69,46,0,46,115
05/24/2009,EVV,IN,AGL,CE,Combined TRACON& Tower with Radar,0,29,14,0,43,0,0,7,0,7,0,29,21,0,50,0,0,0,50
05/25/2009,EVV,IN,AGL,CE,Combined TRACON& Tower with Radar,0,37,8,0,45,0,0,0,0,0,0,37,8,0,45,0,0,0,45
05/26/2009,EVV,IN,AGL,CE,Combined TRACON& Tower with Radar,0,41,20,0,61,0,0,5,0,5,0,41,25,0,66,144,10,154,220
05/27/2009,EVV,IN,AGL,CE,Combined TRACON& Tower with Radar,0,49,15,6,70,0,0,0,0,0,0,49,15,6,70,8,14,22,92
05/28/2009,EVV,IN,AGL,CE,Combined TRACON& Tower with Radar,0,46,45,0,91,0,0,10,0,10,0,46,55,0,101,0,0,0,101
05/29/2009,EVV,IN,AGL,CE,Combined TRACON& Tower with Radar,0,41,30,29,100,0,0,39,0,39,0,41,69,29,139,10,44,54,193
05/30/2009,EVV,IN,AGL,CE,Combined TRACON& Tower with Radar,0,37,17,0,54,0,0,31,0,31,0,37,48,0,85,22,0,22,107
05/31/2009,EVV,IN,AGL,CE,Combined TRACON& Tower with Radar,0,40,29,5,74,0,0,39,0,39,0,40,68,5,113,36,6,42,155
06/01/2009,EVV,IN,AGL,CE,Combined TRACON& Tower with Radar,0,37,21,14,72,0,0,32,0,32,0,37,53,14,104,138,10,148,252
06/02/2009,EVV,IN,AGL,CE,Combined TRACON& Tower with Radar,0,44,22,0,66,0,0,35,3,38,0,44,57,3,104,160,0,160,264
06/03/2009,EVV,IN,AGL,CE,Combined TRACON& Tower with Radar,4,44,20,0,68,0,2,15,0,17,4,46,35,0,85,88,0,88,173
06/04/2009,EVV,IN,AGL,CE,Combined TRACON& Tower with Radar,0,47,38,33,118,0,0,14,2,16,0,47,52,35,134,112,38,150,284
06/05/2009,EVV,IN,AGL,CE,Combined TRACON& Tower with Radar,0,47,59,4,110,0,0,48,0,48,0,47,107,4,158,176,34,210,368
06/06/2009,EVV,IN,AGL,CE,Combined TRACON& Tower with Radar,3,34,38,15,90,0,0,93,2,95,3,34,131,17,185,188,54,242,427
06/07/2009,EVV,IN,AGL,CE,Combined TRACON& Tower with Radar,0,44,86,2,132,0,1,69,0,70,0,45,155,2,202,170,0,170,372
06/08/2009,EVV,IN,AGL,CE,Combined TRACON& Tower with Radar,2,33,14,15,64,0,0,0,0,0,2,33,14,15,64,92,36,128,192
06/09/2009,EVV,IN,AGL,CE,Combined TRACON& Tower with Radar,0,46,24,9,79,0,0,22,0,22,0,46,46,9,101,100,22,122,223
06/10/2009,EVV,IN,AGL,CE,Combined TRACON& Tower with Radar,0,43,26,0,69,0,0,24,0,24,0,43,50,0,93,26,0,26,119
06/11/2009,EVV,IN,AGL,CE,Combined TRACON& Tower with Radar,0,43,31,0,74,0,0,24,1,25,0,43,55,1,99,98,0,98,197
06/12/2009,EVV,IN,AGL,CE,Combined TRACON& Tower with Radar,0,44,32,7,83,0,0,25,0,25,0,44,57,7,108,40,0,40,148
06/13/2009,EVV,IN,AGL,CE,Combined TRACON& Tower with Radar,0,41,19,0,60,0,0,43,0,43,0,41,62,0,103,128,0,128,231
06/14/2009,EVV,IN,AGL,CE,Combined TRACON& Tower with Radar,0,39,18,0,57,0,2,11,0,13,0,41,29,0,70,22,0,22,92
06/15/2009,EVV,IN,AGL,CE,Combined TRACON& Tower with Radar,0,43,16,0,59,0,0,15,0,15,0,43,31,0,74,82,0,82,156
06/16/2009,EVV,IN,AGL,CE,Combined TRACON& Tower with Radar,0,44,19,0,63,0,0,23,0,23,0,44,42,0,86,70,0,70,156
06/17/2009,EVV,IN,AGL,CE,Combined TRACON& Tower with Radar,0,43,28,7,78,0,0,21,0,21,0,43,49,7,99,128,38,166,265
06/18/2009,EVV,IN,AGL,CE,Combined TRACON& Tower with Radar,0,54,25,1,80,0,4,30,2,36,0,58,55,3,116,116,0,116,232
06/19/2009,EVV,IN,AGL,CE,Combined TRACON& Tower with Radar,0,44,8,0,52,0,0,28,0,28,0,44,36,0,80,112,0,112,192
06/20/2009,EVV,IN,AGL,CE,Combined TRACON& Tower with Radar,0,37,14,0,51,0,0,29,0,29,0,37,43,0,80,116,0,116,196
06/21/2009,EVV,IN,AGL,CE,Combined TRACON& Tower with Radar,0,40,12,0,52,0,0,37,0,37,0,40,49,0,89,0,0,0,89
06/22/2009,EVV,IN,AGL,CE,Combined TRACON& Tower with Radar,0,49,17,3,69,0,0,16,0,16,0,49,33,3,85,10,0,10,95
06/23/2009,EVV,IN,AGL,CE,Combined TRACON& Tower with Radar,0,54,33,3,90,0,3,35,4,42,0,57,68,7,132,136,24,160,292
06/24/2009,EVV,IN,AGL,CE,Combined TRACON& Tower with Radar,0,50,42,1,93,0,1,56,0,57,0,51,98,1,150,162,0,162,312
06/25/2009,EVV,IN,AGL,CE,Combined TRACON& Tower with Radar,0,46,23,0,69,0,2,29,0,31,0,48,52,0,100,190,0,190,290
06/26/2009,EVV,IN,AGL,CE,Combined TRACON& Tower with Radar,0,52,28,0,80,0,4,50,1,55,0,56,78,1,135,144,0,144,279
06/27/2009,EVV,IN,AGL,CE,Combined TRACON& Tower with Radar,0,28,13,0,41,0,0,34,0,34,0,28,47,0,75,22,0,22,97
06/28/2009,EVV,IN,AGL,CE,Combined TRACON& Tower with Radar,0,46,16,0,62,0,0,12,0,12,0,46,28,0,74,16,0,16,90
06/29/2009,EVV,IN,AGL,CE,Combined TRACON& Tower with Radar,0,37,18,20,75,0,1,45,1,47,0,38,63,21,122,110,36,146,268
06/30/2009,EVV,IN,AGL,CE,Combined TRACON& Tower with Radar,0,41,24,49,114,0,0,20,4,24,0,41,44,53,138,104,110,214,352
07/01/2009,EVV,IN,AGL,CE,Combined TRACON& Tower with Radar,1,38,16,28,83,0,2,19,2,23,1,40,35,30,106,36,44,80,186
07/02/2009,EVV,IN,AGL,CE,Combined TRACON& Tower with Radar,0,42,66,7,115,0,0,46,5,51,0,42,112,12,166,162,6,168,334
07/03/2009,EVV,IN,AGL,CE,Combined TRACON& Tower with Radar,0,40,31,0,71,0,0,49,0,49,0,40,80,0,120,144,0,144,264
07/04/2009,EVV,IN,AGL,CE,Combined TRACON& Tower with Radar,0,25,4,0,29,0,0,1,0,1,0,25,5,0,30,0,0,0,30
07/05/2009,EVV,IN,AGL,CE,Combined TRACON& Tower with Radar,0,39,17,0,56,0,0,2,0,2,0,39,19,0,58,0,0,0,58
07/06/2009,EVV,IN,AGL,CE,Combined TRACON& Tower with Radar,0,38,16,0,54,0,0,19,0,19,0,38,35,0,73,8,0,8,81
07/07/2009,EVV,IN,AGL,CE,Combined TRACON& Tower with Radar,0,40,36,9,85,0,0,29,2,31,0,40,65,11,116,116,0,116,232
07/08/2009,EVV,IN,AGL,CE,Combined TRACON& Tower with Radar,0,45,25,28,98,0,0,19,0,19,0,45,44,28,117,84,20,104,221
07/09/2009,EVV,IN,AGL,CE,Combined TRACON& Tower with Radar,0,38,23,4,65,0,1,30,1,32,0,39,53,5,97,68,0,68,165
07/10/2009,EVV,IN,AGL,CE,Combined TRACON& Tower with Radar,0,42,20,5,67,0,0,36,0,36,0,42,56,5,103,124,12,136,239
07/11/2009,EVV,IN,AGL,CE,Combined TRACON& Tower with Radar,0,26,12,0,38,0,0,7,0,7,0,26,19,0,45,2,0,2,47
07/12/2009,EVV,IN,AGL,CE,Combined TRACON& Tower with Radar,0,36,7,8,51,0,0,15,4,19,0,36,22,12,70,10,16,26,96
07/13/2009,EVV,IN,AGL,CE,Combined TRACON& Tower with Radar,0,34,18,0,52,0,1,24,3,28,0,35,42,3,80,56,0,56,136
07/14/2009,EVV,IN,AGL,CE,Combined TRACON& Tower with Radar,2,39,21,2,64,0,0,25,4,29,2,39,46,6,93,26,6,32,125
07/15/2009,EVV,IN,AGL,CE,Combined TRACON& Tower with Radar,0,48,10,8,66,0,0,19,0,19,0,48,29,8,85,122,0,122,207
07/16/2009,EVV,IN,AGL,CE,Combined TRACON& Tower with Radar,0,39,39,17,95,0,0,25,0,25,0,39,64,17,120,80,0,80,200
07/17/2009,EVV,IN,AGL,CE,Combined TRACON& Tower with Radar,0,31,26,6,63,0,0,32,0,32,0,31,58,6,95,0,2,2,97
07/18/2009,EVV,IN,AGL,CE,Combined TRACON& Tower with Radar,0,29,15,0,44,0,0,40,0,40,0,29,55,0,84,76,0,76,160
07/19/2009,EVV,IN,AGL,CE,Combined TRACON& Tower with Radar,0,37,26,2,65,0,0,39,0,39,0,37,65,2,104,92,0,92,196
07/20/2009,EVV,IN,AGL,CE,Combined TRACON& Tower with Radar,0,44,19,2,65,0,4,28,2,34,0,48,47,4,99,52,4,56,155
07/21/2009,EVV,IN,AGL,CE,Combined TRACON& Tower with Radar,0,36,19,8,63,0,0,30,0,30,0,36,49,8,93,72,20,92,185
07/22/2009,EVV,IN,AGL,CE,Combined TRACON& Tower with Radar,1,44,38,3,86,0,0,0,0,0,1,44,38,3,86,11,0,11,97
07/23/2009,EVV,IN,AGL,CE,Combined TRACON& Tower with Radar,0,36,37,2,75,0,0,27,12,39,0,36,64,14,114,46,2,48,162
07/24/2009,EVV,IN,AGL,CE,Combined TRACON& Tower with Radar,0,40,20,19,79,0,1,34,0,35,0,41,54,19,114,6,0,6,120
07/25/2009,EVV,IN,AGL,CE,Combined TRACON& Tower with Radar,0,27,11,0,38,0,0,20,0,20,0,27,31,0,58,0,0,0,58
07/26/2009,EVV,IN,AGL,CE,Combined TRACON& Tower with Radar,2,33,27,2,64,0,4,54,0,58,2,37,81,2,122,28,0,28,150
07/27/2009,EVV,IN,AGL,CE,Combined TRACON& Tower with Radar,0,42,12,27,81,0,4,28,4,36,0,46,40,31,117,30,12,42,159
07/28/2009,EVV,IN,AGL,CE,Combined TRACON& Tower with Radar,2,38,12,20,72,0,0,16,1,17,2,38,28,21,89,16,30,46,135
07/29/2009,EVV,IN,AGL,CE,Combined TRACON& Tower with Radar,0,39,21,15,75,0,0,16,0,16,0,39,37,15,91,26,26,52,143
07/30/2009,EVV,IN,AGL,CE,Combined TRACON& Tower with Radar,0,35,22,2,59,0,0,8,0,8,0,35,30,2,67,10,0,10,77
07/31/2009,EVV,IN,AGL,CE,Combined TRACON& Tower with Radar,0,31,26,17,74,0,0,42,2,44,0,31,68,19,118,80,26,106,224
08/01/2009,EVV,IN,AGL,CE,Combined TRACON& Tower with Radar,0,29,16,4,49,0,0,26,0,26,0,29,42,4,75,2,0,2,77
08/02/2009,EVV,IN,AGL,CE,Combined TRACON& Tower with Radar,0,36,22,0,58,0,0,17,0,17,0,36,39,0,75,4,0,4,79
08/03/2009,EVV,IN,AGL,CE,Combined TRACON& Tower with Radar,0,35,25,0,60,0,0,40,1,41,0,35,65,1,101,8,10,18,119
08/04/2009,EVV,IN,AGL,CE,Combined TRACON& Tower with Radar,3,49,25,8,85,0,1,24,0,25,3,50,49,8,110,16,2,18,128
08/05/2009,EVV,IN,AGL,CE,Combined TRACON& Tower with Radar,0,34,23,5,62,0,0,11,0,11,0,34,34,5,73,10,4,14,87
08/06/2009,EVV,IN,AGL,CE,Combined TRACON& Tower with Radar,1,42,19,3,65,0,3,55,0,58,1,45,74,3,123,2,0,2,125
08/07/2009,EVV,IN,AGL,CE,Combined TRACON& Tower with Radar,0,39,20,6,65,0,0,38,0,38,0,39,58,6,103,28,4,32,135
08/08/2009,EVV,IN,AGL,CE,Combined TRACON& Tower with Radar,0,30,14,0,44,0,0,27,0,27,0,30,41,0,71,6,0,6,77
08/09/2009,EVV,IN,AGL,CE,Combined TRACON& Tower with Radar,0,43,28,2,73,0,1,27,0,28,0,44,55,2,101,50,6,56,157
08/10/2009,EVV,IN,AGL,CE,Combined TRACON& Tower with Radar,0,37,20,5,62,0,1,26,0,27,0,38,46,5,89,8,10,18,107
08/11/2009,EVV,IN,AGL,CE,Combined TRACON& Tower with Radar,2,43,11,1,57,0,0,31,3,34,2,43,42,4,91,74,2,76,167
08/12/2009,EVV,IN,AGL,CE,Combined TRACON& Tower with Radar,0,52,31,29,112,0,1,32,0,33,0,53,63,29,145,206,48,254,399
08/13/2009,EVV,IN,AGL,CE,Combined TRACON& Tower with Radar,0,45,44,11,100,0,5,53,0,58,0,50,97,11,158,156,24,180,338
08/14/2009,EVV,IN,AGL,CE,Combined TRACON& Tower with Radar,0,45,41,44,130,0,0,37,0,37,0,45,78,44,167,167,78,245,412
08/15/2009,EVV,IN,AGL,CE,Combined TRACON& Tower with Radar,2,28,17,0,47,0,1,56,0,57,2,29,73,0,104,80,0,80,184
08/16/2009,EVV,IN,AGL,CE,Combined TRACON& Tower with Radar,0,31,8,0,39,0,1,24,0,25,0,32,32,0,64,4,0,4,68
08/17/2009,EVV,IN,AGL,CE,Combined TRACON& Tower with Radar,0,36,18,0,54,0,0,17,0,17,0,36,35,0,71,130,0,130,201
08/18/2009,EVV,IN,AGL,CE,Combined TRACON& Tower with Radar,2,40,31,14,87,0,2,17,0,19,2,42,48,14,106,204,30,234,340
08/19/2009,EVV,IN,AGL,CE,Combined TRACON& Tower with Radar,0,37,30,20,87,0,0,27,0,27,0,37,57,20,114,158,44,202,316
08/20/2009,EVV,IN,AGL,CE,Combined TRACON& Tower with Radar,0,41,31,1,73,0,2,9,0,11,0,43,40,1,84,50,0,50,134
08/21/2009,EVV,IN,AGL,CE,Combined TRACON& Tower with Radar,0,40,24,0,64,0,0,36,2,38,0,40,60,2,102,122,2,124,226
08/22/2009,EVV,IN,AGL,CE,Combined TRACON& Tower with Radar,0,40,30,0,70,0,0,39,0,39,0,40,69,0,109,152,0,152,261
08/23/2009,EVV,IN,AGL,CE,Combined TRACON& Tower with Radar,0,38,13,0,51,0,1,36,0,37,0,39,49,0,88,120,0,120,208
08/24/2009,EVV,IN,AGL,CE,Combined TRACON& Tower with Radar,0,39,25,0,64,0,1,28,0,29,0,40,53,0,93,126,0,126,219
08/25/2009,EVV,IN,AGL,CE,Combined TRACON& Tower with Radar,0,36,34,2,72,0,0,35,0,35,0,36,69,2,107,126,6,132,239
08/26/2009,EVV,IN,AGL,CE,Combined TRACON& Tower with Radar,0,38,58,10,106,0,0,31,4,35,0,38,89,14,141,200,30,230,371
08/27/2009,EVV,IN,AGL,CE,Combined TRACON& Tower with Radar,0,47,18,29,94,0,0,42,3,45,0,47,60,32,139,150,44,194,333
08/28/2009,EVV,IN,AGL,CE,Combined TRACON& Tower with Radar,0,35,30,17,82,0,1,26,7,34,0,36,56,24,116,100,32,132,248
08/29/2009,EVV,IN,AGL,CE,Combined TRACON& Tower with Radar,0,33,28,5,66,0,0,22,1,23,0,33,50,6,89,116,6,122,211
08/30/2009,EVV,IN,AGL,CE,Combined TRACON& Tower with Radar,0,38,28,5,71,0,0,27,0,27,0,38,55,5,98,122,18,140,238
08/31/2009,EVV,IN,AGL,CE,Combined TRACON& Tower with Radar,0,39,21,4,64,0,0,33,0,33,0,39,54,4,97,160,0,160,257
09/01/2009,EVV,IN,AGL,CE,Combined TRACON& Tower with Radar,0,29,24,9,62,0,0,35,1,36,0,29,59,10,98,102,20,122,220
09/02/2009,EVV,IN,AGL,CE,Combined TRACON& Tower with Radar,0,48,52,5,105,0,0,36,1,37,0,48,88,6,142,252,20,272,414
09/03/2009,EVV,IN,AGL,CE,Combined TRACON& Tower with Radar,0,41,26,10,77,0,0,27,0,27,0,41,53,10,104,46,4,50,154
09/04/2009,EVV,IN,AGL,CE,Combined TRACON& Tower with Radar,0,36,38,0,74,1,0,34,0,35,1,36,72,0,109,138,0,138,247
09/05/2009,EVV,IN,AGL,CE,Combined TRACON& Tower with Radar,0,27,28,0,55,0,0,26,0,26,0,27,54,0,81,106,0,106,187
09/06/2009,EVV,IN,AGL,CE,Combined TRACON& Tower with Radar,0,19,10,0,29,0,1,8,0,9,0,20,18,0,38,8,0,8,46
09/07/2009,EVV,IN,AGL,CE,Combined TRACON& Tower with Radar,0,30,12,2,44,0,0,8,0,8,0,30,20,2,52,216,8,224,276
09/08/2009,EVV,IN,AGL,CE,Combined TRACON& Tower with Radar,0,40,20,7,67,0,1,31,0,32,0,41,51,7,99,86,16,102,201
09/09/2009,EVV,IN,AGL,CE,Combined TRACON& Tower with Radar,0,40,41,1,82,0,0,26,1,27,0,40,67,2,109,208,1,209,318
09/10/2009,EVV,IN,AGL,CE,Combined TRACON& Tower with Radar,0,36,31,11,78,0,0,30,2,32,0,36,61,13,110,94,20,114,224
09/11/2009,EVV,IN,AGL,CE,Combined TRACON& Tower with Radar,0,56,34,7,97,0,4,31,1,36,0,60,65,8,133,104,0,104,237
09/12/2009,EVV,IN,AGL,CE,Combined TRACON& Tower with Radar,0,20,38,46,104,0,0,37,4,41,0,20,75,50,145,176,88,264,409
09/13/2009,EVV,IN,AGL,CE,Combined TRACON& Tower with Radar,0,24,10,0,34,0,0,35,0,35,0,24,45,0,69,0,0,0,69
09/14/2009,EVV,IN,AGL,CE,Combined TRACON& Tower with Radar,0,30,9,7,46,0,2,22,2,26,0,32,31,9,72,34,40,74,146
09/15/2009,EVV,IN,AGL,CE,Combined TRACON& Tower with Radar,0,43,20,27,90,0,0,30,0,30,0,43,50,27,120,206,50,256,376
09/16/2009,EVV,IN,AGL,CE,Combined TRACON& Tower with Radar,0,37,37,38,112,0,0,26,3,29,0,37,63,41,141,92,96,188,329
09/17/2009,EVV,IN,AGL,CE,Combined TRACON& Tower with Radar,2,45,44,0,91,0,1,55,1,57,2,46,99,1,148,244,0,244,392
09/18/2009,EVV,IN,AGL,CE,Combined TRACON& Tower with Radar,0,35,23,12,70,0,0,29,4,33,0,35,52,16,103,90,50,140,243
09/19/2009,EVV,IN,AGL,CE,Combined TRACON& Tower with Radar,2,22,28,1,53,0,1,24,1,26,2,23,52,2,79,102,18,120,199
09/20/2009,EVV,IN,AGL,CE,Combined TRACON& Tower with Radar,0,36,23,0,59,0,0,0,0,0,0,36,23,0,59,2,0,2,61
09/21/2009,EVV,IN,AGL,CE,Combined TRACON& Tower with Radar,0,34,23,9,66,0,0,6,0,6,0,34,29,9,72,10,16,26,98
09/22/2009,EVV,IN,AGL,CE,Combined TRACON& Tower with Radar,0,46,15,7,68,0,0,4,0,4,0,46,19,7,72,48,8,56,128
09/23/2009,EVV,IN,AGL,CE,Combined TRACON& Tower with Radar,0,37,31,0,68,0,0,4,0,4,0,37,35,0,72,50,0,50,122
09/24/2009,EVV,IN,AGL,CE,Combined TRACON& Tower with Radar,0,45,35,2,82,0,0,0,0,0,0,45,35,2,82,0,0,0,82
09/25/2009,EVV,IN,AGL,CE,Combined TRACON& Tower with Radar,0,51,38,0,89,0,0,3,0,3,0,51,41,0,92,124,0,124,216
09/26/2009,EVV,IN,AGL,CE,Combined TRACON& Tower with Radar,0,19,12,0,31,0,1,7,0,8,0,20,19,0,39,26,0,26,65
09/27/2009,EVV,IN,AGL,CE,Combined TRACON& Tower with Radar,0,30,18,0,48,0,0,20,0,20,0,30,38,0,68,14,0,14,82
09/28/2009,EVV,IN,AGL,CE,Combined TRACON& Tower with Radar,0,29,7,6,42,0,0,22,1,23,0,29,29,7,65,8,6,14,79
09/29/2009,EVV,IN,AGL,CE,Combined TRACON& Tower with Radar,0,42,43,4,89,0,1,27,0,28,0,43,70,4,117,302,12,314,431
09/30/2009,EVV,IN,AGL,CE,Combined TRACON& Tower with Radar,0,38,34,0,72,0,0,51,0,51,0,38,85,0,123,198,0,198,321
10/01/2009,EVV,IN,AGL,CE,Combined TRACON& Tower with Radar,0,42,38,9,89,0,0,24,0,24,0,42,62,9,113,142,8,150,263
10/02/2009,EVV,IN,AGL,CE,Combined TRACON& Tower with Radar,0,41,17,18,76,0,1,22,1,24,0,42,39,19,100,54,34,88,188
10/03/2009,EVV,IN,AGL,CE,Combined TRACON& Tower with Radar,1,19,20,0,40,0,1,26,0,27,1,20,46,0,67,50,0,50,117
10/04/2009,EVV,IN,AGL,CE,Combined TRACON& Tower with Radar,0,38,18,0,56,0,0,27,0,27,0,38,45,0,83,28,0,28,111
10/05/2009,EVV,IN,AGL,CE,Combined TRACON& Tower with Radar,0,39,14,10,63,0,5,40,1,46,0,44,54,11,109,24,18,42,151
10/06/2009,EVV,IN,AGL,CE,Combined TRACON& Tower with Radar,0,36,24,0,60,0,0,5,0,5,0,36,29,0,65,26,0,26,91
10/07/2009,EVV,IN,AGL,CE,Combined TRACON& Tower with Radar,0,46,48,16,110,0,2,30,3,35,0,48,78,19,145,139,26,165,310
10/08/2009,EVV,IN,AGL,CE,Combined TRACON& Tower with Radar,1,42,27,5,75,0,0,10,1,11,1,42,37,6,86,52,0,52,138
10/09/2009,EVV,IN,AGL,CE,Combined TRACON& Tower with Radar,0,39,39,3,81,0,0,0,0,0,0,39,39,3,81,6,0,6,87
10/10/2009,EVV,IN,AGL,CE,Combined TRACON& Tower with Radar,0,23,61,0,84,0,0,31,0,31,0,23,92,0,115,250,0,250,365
10/11/2009,EVV,IN,AGL,CE,Combined TRACON& Tower with Radar,0,30,13,10,53,0,1,32,7,40,0,31,45,17,93,82,50,132,225
10/12/2009,EVV,IN,AGL,CE,Combined TRACON& Tower with Radar,0,36,31,6,73,0,0,21,0,21,0,36,52,6,94,34,5,39,133
10/13/2009,EVV,IN,AGL,CE,Combined TRACON& Tower with Radar,0,41,35,0,76,0,0,14,0,14,0,41,49,0,90,182,0,182,272
10/14/2009,EVV,IN,AGL,CE,Combined TRACON& Tower with Radar,0,39,33,9,81,0,0,0,0,0,0,39,33,9,81,0,10,10,91
10/15/2009,EVV,IN,AGL,CE,Combined TRACON& Tower with Radar,0,31,22,0,53,0,0,2,0,2,0,31,24,0,55,0,0,0,55
10/16/2009,EVV,IN,AGL,CE,Combined TRACON& Tower with Radar,4,36,33,20,93,0,0,4,0,4,4,36,37,20,97,4,36,40,137
10/17/2009,EVV,IN,AGL,CE,Combined TRACON& Tower with Radar,0,26,23,0,49,0,0,38,0,38,0,26,61,0,87,133,0,133,220
10/18/2009,EVV,IN,AGL,CE,Combined TRACON& Tower with Radar,1,31,18,0,50,0,2,37,0,39,1,33,55,0,89,122,0,122,211
10/19/2009,EVV,IN,AGL,CE,Combined TRACON& Tower with Radar,1,31,21,10,63,0,0,31,0,31,1,31,52,10,94,138,6,144,238
10/20/2009,EVV,IN,AGL,CE,Combined TRACON& Tower with Radar,0,39,42,7,88,0,4,39,0,43,0,43,81,7,131,236,16,252,383
10/21/2009,EVV,IN,AGL,CE,Combined TRACON& Tower with Radar,2,45,31,4,82,0,0,36,3,39,2,45,67,7,121,120,4,124,245
10/22/2009,EVV,IN,AGL,CE,Combined TRACON& Tower with Radar,3,49,33,4,89,0,0,20,0,20,3,49,53,4,109,118,0,118,227
10/23/2009,EVV,IN,AGL,CE,Combined TRACON& Tower with Radar,1,49,18,6,74,0,0,7,0,7,1,49,25,6,81,22,28,50,131
10/24/2009,EVV,IN,AGL,CE,Combined TRACON& Tower with Radar,0,29,12,0,41,0,0,30,0,30,0,29,42,0,71,67,0,67,138
10/25/2009,EVV,IN,AGL,CE,Combined TRACON& Tower with Radar,0,37,18,0,55,0,0,28,0,28,0,37,46,0,83,74,0,74,157
10/26/2009,EVV,IN,AGL,CE,Combined TRACON& Tower with Radar,0,38,14,0,52,0,2,15,0,17,0,40,29,0,69,4,0,4,73
10/27/2009,EVV,IN,AGL,CE,Combined TRACON& Tower with Radar,0,40,34,0,74,0,0,1,0,1,0,40,35,0,75,12,0,12,87
10/28/2009,EVV,IN,AGL,CE,Combined TRACON& Tower with Radar,2,34,27,0,63,0,1,2,0,3,2,35,29,0,66,0,0,0,66
10/29/2009,EVV,IN,AGL,CE,Combined TRACON& Tower with Radar,3,50,51,0,104,0,0,25,1,26,3,50,76,1,130,118,0,118,248
10/30/2009,EVV,IN,AGL,CE,Combined TRACON& Tower with Radar,4,37,18,0,59,0,0,3,1,4,4,37,21,1,63,0,0,0,63
10/31/2009,EVV,IN,AGL,CE,Combined TRACON& Tower with Radar,0,24,17,9,50,0,1,23,0,24,0,25,40,9,74,74,14,88,162
11/01/2009,EVV,IN,AGL,CE,Combined TRACON& Tower with Radar,2,30,8,3,43,0,0,28,0,28,2,30,36,3,71,28,4,32,103
11/02/2009,EVV,IN,AGL,CE,Combined TRACON& Tower with Radar,0,40,32,0,72,0,2,27,2,31,0,42,59,2,103,54,0,54,157
11/03/2009,EVV,IN,AGL,CE,Combined TRACON& Tower with Radar,0,49,60,1,110,0,1,46,0,47,0,50,106,1,157,298,0,298,455
11/04/2009,EVV,IN,AGL,CE,Combined TRACON& Tower with Radar,0,41,38,2,81,0,0,32,0,32,0,41,70,2,113,174,0,174,287
11/05/2009,EVV,IN,AGL,CE,Combined TRACON& Tower with Radar,0,50,27,0,77,0,0,47,0,47,0,50,74,0,124,202,0,202,326
11/06/2009,EVV,IN,AGL,CE,Combined TRACON& Tower with Radar,0,47,33,0,80,0,0,45,0,45,0,47,78,0,125,234,0,234,359
11/07/2009,EVV,IN,AGL,CE,Combined TRACON& Tower with Radar,0,28,16,0,44,0,2,18,0,20,0,30,34,0,64,108,0,108,172
11/08/2009,EVV,IN,AGL,CE,Combined TRACON& Tower with Radar,0,32,26,0,58,0,0,30,0,30,0,32,56,0,88,72,0,72,160
11/09/2009,EVV,IN,AGL,CE,Combined TRACON& Tower with Radar,0,35,15,17,67,0,3,15,1,19,0,38,30,18,86,14,8,22,108
11/10/2009,EVV,IN,AGL,CE,Combined TRACON& Tower with Radar,0,41,24,0,65,0,0,44,0,44,0,41,68,0,109,228,0,228,337
11/11/2009,EVV,IN,AGL,CE,Combined TRACON& Tower with Radar,0,45,42,0,87,0,0,29,0,29,0,45,71,0,116,200,0,200,316
11/12/2009,EVV,IN,AGL,CE,Combined TRACON& Tower with Radar,0,46,58,0,104,0,0,72,1,73,0,46,130,1,177,284,14,298,475
11/13/2009,EVV,IN,AGL,CE,Combined TRACON& Tower with Radar,0,36,44,0,80,0,0,34,0,34,0,36,78,0,114,188,0,188,302
11/14/2009,EVV,IN,AGL,CE,Combined TRACON& Tower with Radar,0,24,35,0,59,0,0,55,0,55,0,24,90,0,114,152,0,152,266
11/15/2009,EVV,IN,AGL,CE,Combined TRACON& Tower with Radar,0,32,14,2,48,0,0,22,0,22,0,32,36,2,70,14,0,14,84
11/16/2009,EVV,IN,AGL,CE,Combined TRACON& Tower with Radar,0,34,17,0,51,0,0,7,0,7,0,34,24,0,58,68,0,68,126
11/17/2009,EVV,IN,AGL,CE,Combined TRACON& Tower with Radar,0,39,30,2,71,0,0,5,1,6,0,39,35,3,77,106,0,106,183
11/18/2009,EVV,IN,AGL,CE,Combined TRACON& Tower with Radar,0,50,31,0,81,0,1,17,0,18,0,51,48,0,99,91,0,91,190
11/19/2009,EVV,IN,AGL,CE,Combined TRACON& Tower with Radar,0,37,19,8,64,0,5,24,2,31,0,42,43,10,95,58,8,66,161
11/20/2009,EVV,IN,AGL,CE,Combined TRACON& Tower with Radar,0,46,28,7,81,0,5,38,0,43,0,51,66,7,124,146,16,162,286
11/21/2009,EVV,IN,AGL,CE,Combined TRACON& Tower with Radar,2,24,30,0,56,0,0,50,0,50,2,24,80,0,106,64,0,64,170
11/22/2009,EVV,IN,AGL,CE,Combined TRACON& Tower with Radar,0,32,12,8,52,0,0,41,1,42,0,32,53,9,94,36,14,50,144
11/23/2009,EVV,IN,AGL,CE,Combined TRACON& Tower with Radar,0,43,33,0,76,0,0,8,0,8,0,43,41,0,84,0,0,0,84
11/24/2009,EVV,IN,AGL,CE,Combined TRACON& Tower with Radar,0,47,10,6,63,0,0,10,0,10,0,47,20,6,73,0,2,2,75
11/25/2009,EVV,IN,AGL,CE,Combined TRACON& Tower with Radar,2,38,24,0,64,0,0,12,0,12,2,38,36,0,76,26,0,26,102
11/26/2009,EVV,IN,AGL,CE,Combined TRACON& Tower with Radar,0,22,7,0,29,0,0,10,0,10,0,22,17,0,39,0,0,0,39
11/27/2009,EVV,IN,AGL,CE,Combined TRACON& Tower with Radar,0,29,12,1,42,0,0,19,0,19,0,29,31,1,61,1,0,1,62
11/28/2009,EVV,IN,AGL,CE,Combined TRACON& Tower with Radar,0,26,6,0,32,0,0,31,0,31,0,26,37,0,63,26,0,26,89
11/29/2009,EVV,IN,AGL,CE,Combined TRACON& Tower with Radar,1,30,14,0,45,0,0,11,0,11,1,30,25,0,56,28,0,28,84
11/30/2009,EVV,IN,AGL,CE,Combined TRACON& Tower with Radar,0,36,18,7,61,0,1,15,0,16,0,37,33,7,77,32,10,42,119
12/01/2009,EVV,IN,AGL,CE,Combined TRACON& Tower with Radar,2,40,45,7,94,0,1,43,3,47,2,41,88,10,141,186,18,204,345
12/02/2009,EVV,IN,AGL,CE,Combined TRACON& Tower with Radar,2,56,10,8,76,0,0,1,0,1,2,56,11,8,77,20,4,24,101
12/03/2009,EVV,IN,AGL,CE,Combined TRACON& Tower with Radar,2,63,39,0,104,0,4,22,0,26,2,67,61,0,130,126,0,126,256
12/04/2009,EVV,IN,AGL,CE,Combined TRACON& Tower with Radar,0,44,33,4,81,0,2,31,1,34,0,46,64,5,115,112,2,114,229
12/05/2009,EVV,IN,AGL,CE,Combined TRACON& Tower with Radar,2,18,28,0,48,0,0,60,0,60,2,18,88,0,108,172,0,172,280
12/06/2009,EVV,IN,AGL,CE,Combined TRACON& Tower with Radar,0,29,12,0,41,0,0,33,0,33,0,29,45,0,74,114,0,114,188
12/07/2009,EVV,IN,AGL,CE,Combined TRACON& Tower with Radar,0,37,17,0,54,0,0,5,0,5,0,37,22,0,59,0,0,0,59
12/08/2009,EVV,IN,AGL,CE,Combined TRACON& Tower with Radar,4,43,10,0,57,0,0,0,0,0,4,43,10,0,57,2,0,2,59
12/09/2009,EVV,IN,AGL,CE,Combined TRACON& Tower with Radar,0,41,18,0,59,0,0,0,0,0,0,41,18,0,59,0,0,0,59
12/10/2009,EVV,IN,AGL,CE,Combined TRACON& Tower with Radar,0,49,41,6,96,0,3,20,1,24,0,52,61,7,120,136,0,136,256
12/11/2009,EVV,IN,AGL,CE,Combined TRACON& Tower with Radar,0,36,26,14,76,0,0,32,0,32,0,36,58,14,108,112,28,140,248
12/12/2009,EVV,IN,AGL,CE,Combined TRACON& Tower with Radar,0,22,64,0,86,0,3,40,0,43,0,25,104,0,129,190,0,190,319
12/13/2009,EVV,IN,AGL,CE,Combined TRACON& Tower with Radar,2,28,7,0,37,0,0,5,0,5,2,28,12,0,42,54,18,72,114
12/14/2009,EVV,IN,AGL,CE,Combined TRACON& Tower with Radar,0,41,18,22,81,0,0,9,0,9,0,41,27,22,90,8,16,24,114
12/15/2009,EVV,IN,AGL,CE,Combined TRACON& Tower with Radar,1,36,31,0,68,0,0,21,0,21,1,36,52,0,89,176,14,190,279
12/16/2009,EVV,IN,AGL,CE,Combined TRACON& Tower with Radar,0,46,32,13,91,0,2,32,2,36,0,48,64,15,127,188,20,208,335
12/17/2009,EVV,IN,AGL,CE,Combined TRACON& Tower with Radar,0,44,31,27,102,0,0,40,0,40,0,44,71,27,142,116,41,157,299
12/18/2009,EVV,IN,AGL,CE,Combined TRACON& Tower with Radar,0,34,30,0,64,0,0,27,0,27,0,34,57,0,91,122,0,122,213
12/19/2009,EVV,IN,AGL,CE,Combined TRACON& Tower with Radar,0,28,2,0,30,0,0,0,0,0,0,28,2,0,30,0,0,0,30
12/20/2009,EVV,IN,AGL,CE,Combined TRACON& Tower with Radar,0,31,7,0,38,0,0,3,0,3,0,31,10,0,41,0,0,0,41
12/21/2009,EVV,IN,AGL,CE,Combined TRACON& Tower with Radar,0,32,18,0,50,0,0,5,0,5,0,32,23,0,55,0,0,0,55
12/22/2009,EVV,IN,AGL,CE,Combined TRACON& Tower with Radar,0,30,19,5,54,0,0,3,0,3,0,30,22,5,57,0,0,0,57
12/23/2009,EVV,IN,AGL,CE,Combined TRACON& Tower with Radar,0,31,13,3,47,0,0,13,0,13,0,31,26,3,60,48,70,118,178
12/24/2009,EVV,IN,AGL,CE,Combined TRACON& Tower with Radar,0,18,1,0,19,0,0,0,0,0,0,18,1,0,19,0,0,0,19
12/25/2009,EVV,IN,AGL,CE,Combined TRACON& Tower with Radar,0,20,0,0,20,0,0,0,0,0,0,20,0,0,20,0,0,0,20
12/26/2009,EVV,IN,AGL,CE,Combined TRACON& Tower with Radar,0,31,16,0,47,0,0,12,0,12,0,31,28,0,59,6,0,6,65
12/27/2009,EVV,IN,AGL,CE,Combined TRACON& Tower with Radar,0,40,13,0,53,0,0,3,0,3,0,40,16,0,56,0,0,0,56
12/28/2009,EVV,IN,AGL,CE,Combined TRACON& Tower with Radar,0,40,11,0,51,0,0,3,0,3,0,40,14,0,54,64,0,64,118
12/29/2009,EVV,IN,AGL,CE,Combined TRACON& Tower with Radar,0,40,20,0,60,0,0,31,0,31,0,40,51,0,91,158,0,158,249
12/30/2009,EVV,IN,AGL,CE,Combined TRACON& Tower with Radar,0,44,2,0,46,0,2,9,0,11,0,46,11,0,57,40,0,40,97
12/31/2009,EVV,IN,AGL,CE,Combined TRACON& Tower with Radar,0,30,6,0,36,0,0,0,0,0,0,30,6,0,36,0,0,0,36
01/01/2010,EVV,IN,AGL,CE,Combined TRACON& Tower with Radar,0,20,2,0,22,0,0,12,0,12,0,20,14,0,34,144,0,144,178
01/02/2010,EVV,IN,AGL,CE,Combined TRACON& Tower with Radar,0,25,12,0,37,0,0,18,0,18,0,25,30,0,55,59,0,59,114
01/03/2010,EVV,IN,AGL,CE,Combined TRACON& Tower with Radar,0,33,8,1,42,0,0,20,0,20,0,33,28,1,62,10,0,10,72
01/04/2010,EVV,IN,AGL,CE,Combined TRACON& Tower with Radar,0,31,3,0,34,0,1,9,0,10,0,32,12,0,44,2,0,2,46
01/05/2010,EVV,IN,AGL,CE,Combined TRACON& Tower with Radar,0,34,23,0,57,0,0,15,0,15,0,34,38,0,72,8,0,8,80
01/06/2010,EVV,IN,AGL,CE,Combined TRACON& Tower with Radar,0,40,58,11,109,0,1,35,0,36,0,41,93,11,145,166,44,210,355
01/07/2010,EVV,IN,AGL,CE,Combined TRACON& Tower with Radar,0,33,14,0,47,0,0,1,0,1,0,33,15,0,48,24,0,24,72
01/08/2010,EVV,IN,AGL,CE,Combined TRACON& Tower with Radar,0,30,8,0,38,0,0,3,0,3,0,30,11,0,41,12,0,12,53
01/09/2010,EVV,IN,AGL,CE,Combined TRACON& Tower with Radar,0,22,6,0,28,0,0,2,0,2,0,22,8,0,30,0,0,0,30
01/10/2010,EVV,IN,AGL,CE,Combined TRACON& Tower with Radar,0,34,16,0,50,0,0,0,0,0,0,34,16,0,50,54,0,54,104
01/11/2010,EVV,IN,AGL,CE,Combined TRACON& Tower with Radar,0,38,14,7,59,0,0,4,0,4,0,38,18,7,63,0,10,10,73
01/12/2010,EVV,IN,AGL,CE,Combined TRACON& Tower with Radar,0,37,21,0,58,0,2,11,0,13,0,39,32,0,71,166,0,166,237
01/13/2010,EVV,IN,AGL,CE,Combined TRACON& Tower with Radar,0,35,30,0,65,0,1,23,1,25,0,36,53,1,90,88,0,88,178
01/14/2010,EVV,IN,AGL,CE,Combined TRACON& Tower with Radar,0,45,37,4,86,0,0,22,0,22,0,45,59,4,108,167,16,183,291
01/15/2010,EVV,IN,AGL,CE,Combined TRACON& Tower with Radar,0,45,30,24,99,0,0,11,0,11,0,45,41,24,110,108,36,144,254
01/16/2010,EVV,IN,AGL,CE,Combined TRACON& Tower with Radar,0,29,22,22,73,0,0,15,0,15,0,29,37,22,88,132,18,150,238
01/17/2010,EVV,IN,AGL,CE,Combined TRACON& Tower with Radar,0,31,19,37,87,0,0,6,0,6,0,31,25,37,93,90,44,134,227
01/18/2010,EVV,IN,AGL,CE,Combined TRACON& Tower with Radar,0,37,15,0,52,0,0,0,0,0,0,37,15,0,52,0,0,0,52
01/19/2010,EVV,IN,AGL,CE,Combined TRACON& Tower with Radar,0,30,17,0,47,0,0,0,0,0,0,30,17,0,47,0,0,0,47
01/20/2010,EVV,IN,AGL,CE,Combined TRACON& Tower with Radar,0,49,19,0,68,0,0,0,0,0,0,49,19,0,68,94,0,94,162
01/21/2010,EVV,IN,AGL,CE,Combined TRACON& Tower with Radar,0,40,21,0,61,0,0,0,0,0,0,40,21,0,61,0,0,0,61
01/22/2010,EVV,IN,AGL,CE,Combined TRACON& Tower with Radar,0,44,32,0,76,0,0,0,0,0,0,44,32,0,76,22,0,22,98
01/23/2010,EVV,IN,AGL,CE,Combined TRACON& Tower with Radar,0,17,13,0,30,0,0,3,0,3,0,17,16,0,33,2,0,2,35
01/24/2010,EVV,IN,AGL,CE,Combined TRACON& Tower with Radar,0,31,17,0,48,0,0,8,0,8,0,31,25,0,56,78,0,78,134
01/25/2010,EVV,IN,AGL,CE,Combined TRACON& Tower with Radar,0,30,24,0,54,0,0,11,0,11,0,30,35,0,65,18,0,18,83
01/26/2010,EVV,IN,AGL,CE,Combined TRACON& Tower with Radar,0,39,8,0,47,0,2,25,0,27,0,41,33,0,74,166,0,166,240
01/27/2010,EVV,IN,AGL,CE,Combined TRACON& Tower with Radar,2,46,38,0,86,0,0,26,0,26,2,46,64,0,112,116,0,116,228
01/28/2010,EVV,IN,AGL,CE,Combined TRACON& Tower with Radar,0,43,31,0,74,0,0,50,0,50,0,43,81,0,124,228,0,228,352
01/29/2010,EVV,IN,AGL,CE,Combined TRACON& Tower with Radar,0,44,49,0,93,0,0,33,0,33,0,44,82,0,126,160,0,160,286
01/30/2010,EVV,IN,AGL,CE,Combined TRACON& Tower with Radar,0,25,18,2,45,0,0,23,0,23,0,25,41,2,68,34,0,34,102
01/31/2010,EVV,IN,AGL,CE,Combined TRACON& Tower with Radar,0,34,15,2,51,0,0,23,0,23,0,34,38,2,74,86,0,86,160
02/01/2010,EVV,IN,AGL,CE,Combined TRACON& Tower with Radar,0,31,18,0,49,0,0,12,0,12,0,31,30,0,61,12,0,12,73
02/02/2010,EVV,IN,AGL,CE,Combined TRACON& Tower with Radar,2,35,55,0,92,0,0,16,1,17,2,35,71,1,109,90,0,90,199
02/03/2010,EVV,IN,AGL,CE,Combined TRACON& Tower with Radar,1,42,38,9,90,0,0,36,1,37,1,42,74,10,127,162,44,206,333
02/04/2010,EVV,IN,AGL,CE,Combined TRACON& Tower with Radar,0,38,29,26,93,0,0,35,8,43,0,38,64,34,136,144,28,172,308
02/05/2010,EVV,IN,AGL,CE,Combined TRACON& Tower with Radar,0,39,4,0,43,0,0,0,0,0,0,39,4,0,43,0,0,0,43
02/06/2010,EVV,IN,AGL,CE,Combined TRACON& Tower with Radar,2,19,8,0,29,0,0,0,0,0,2,19,8,0,29,0,0,0,29
02/07/2010,EVV,IN,AGL,CE,Combined TRACON& Tower with Radar,0,26,9,0,35,0,0,21,0,21,0,26,30,0,56,68,0,68,124
02/08/2010,EVV,IN,AGL,CE,Combined TRACON& Tower with Radar,0,33,6,2,41,0,0,5,0,5,0,33,11,2,46,46,0,46,92
02/09/2010,EVV,IN,AGL,CE,Combined TRACON& Tower with Radar,0,32,10,0,42,0,0,3,0,3,0,32,13,0,45,0,0,0,45
02/10/2010,EVV,IN,AGL,CE,Combined TRACON& Tower with Radar,0,38,32,0,70,0,1,11,0,12,0,39,43,0,82,70,0,70,152
02/11/2010,EVV,IN,AGL,CE,Combined TRACON& Tower with Radar,0,36,37,0,73,0,0,35,0,35,0,36,72,0,108,104,0,104,212
02/12/2010,EVV,IN,AGL,CE,Combined TRACON& Tower with Radar,0,30,21,8,59,0,4,38,11,53,0,34,59,19,112,58,0,58,170
02/13/2010,EVV,IN,AGL,CE,Combined TRACON& Tower with Radar,0,19,13,0,32,0,1,19,0,20,0,20,32,0,52,30,0,30,82
02/14/2010,EVV,IN,AGL,CE,Combined TRACON& Tower with Radar,0,21,6,0,27,0,0,2,0,2,0,21,8,0,29,0,0,0,29
02/15/2010,EVV,IN,AGL,CE,Combined TRACON& Tower with Radar,0,25,9,0,34,0,0,1,0,1,0,25,10,0,35,4,0,4,39
02/16/2010,EVV,IN,AGL,CE,Combined TRACON& Tower with Radar,0,33,14,0,47,0,0,9,0,9,0,33,23,0,56,8,0,8,64
02/17/2010,EVV,IN,AGL,CE,Combined TRACON& Tower with Radar,0,39,22,0,61,0,0,27,0,27,0,39,49,0,88,104,0,104,192
02/18/2010,EVV,IN,AGL,CE,Combined TRACON& Tower with Radar,0,38,54,7,99,0,0,50,0,50,0,38,104,7,149,224,14,238,387
02/19/2010,EVV,IN,AGL,CE,Combined TRACON& Tower with Radar,2,40,27,0,69,0,0,27,0,27,2,40,54,0,96,80,0,80,176
02/20/2010,EVV,IN,AGL,CE,Combined TRACON& Tower with Radar,0,17,12,0,29,0,0,26,0,26,0,17,38,0,55,0,0,0,55
02/21/2010,EVV,IN,AGL,CE,Combined TRACON& Tower with Radar,2,28,13,0,43,0,0,7,0,7,2,28,20,0,50,12,0,12,62
02/22/2010,EVV,IN,AGL,CE,Combined TRACON& Tower with Radar,0,33,17,0,50,0,0,2,0,2,0,33,19,0,52,0,0,0,52
02/23/2010,EVV,IN,AGL,CE,Combined TRACON& Tower with Radar,0,31,7,2,40,0,0,4,0,4,0,31,11,2,44,0,0,0,44
02/24/2010,EVV,IN,AGL,CE,Combined TRACON& Tower with Radar,0,31,31,0,62,0,0,12,0,12,0,31,43,0,74,30,0,30,104
02/25/2010,EVV,IN,AGL,CE,Combined TRACON& Tower with Radar,0,48,38,0,86,0,0,42,0,42,0,48,80,0,128,136,0,136,264
02/26/2010,EVV,IN,AGL,CE,Combined TRACON& Tower with Radar,0,57,47,12,116,0,2,45,0,47,0,59,92,12,163,188,24,212,375
02/27/2010,EVV,IN,AGL,CE,Combined TRACON& Tower with Radar,0,21,5,0,26,0,0,22,0,22,0,21,27,0,48,12,0,12,60
02/28/2010,EVV,IN,AGL,CE,Combined TRACON& Tower with Radar,0,31,39,0,70,0,0,40,0,40,0,31,79,0,110,130,0,130,240
03/01/2010,EVV,IN,AGL,CE,Combined TRACON& Tower with Radar,0,35,21,1,57,0,0,15,2,17,0,35,36,3,74,0,0,0,74
03/02/2010,EVV,IN,AGL,CE,Combined TRACON& Tower with Radar,0,25,24,0,49,0,0,9,0,9,0,25,33,0,58,196,0,196,254
03/03/2010,EVV,IN,AGL,CE,Combined TRACON& Tower with Radar,0,33,31,0,64,0,0,28,0,28,0,33,59,0,92,148,0,148,240
03/04/2010,EVV,IN,AGL,CE,Combined TRACON& Tower with Radar,0,44,51,4,99,0,2,62,0,64,0,46,113,4,163,288,0,288,451
03/05/2010,EVV,IN,AGL,CE,Combined TRACON& Tower with Radar,0,38,63,16,117,0,1,60,0,61,0,39,123,16,178,232,8,240,418
03/06/2010,EVV,IN,AGL,CE,Combined TRACON& Tower with Radar,0,19,21,0,40,0,0,53,0,53,0,19,74,0,93,170,0,170,263
03/07/2010,EVV,IN,AGL,CE,Combined TRACON& Tower with Radar,0,24,24,0,48,0,0,33,0,33,0,24,57,0,81,56,0,56,137
03/08/2010,EVV,IN,AGL,CE,Combined TRACON& Tower with Radar,0,34,10,2,46,0,0,8,0,8,0,34,18,2,54,10,4,14,68
03/09/2010,EVV,IN,AGL,CE,Combined TRACON& Tower with Radar,0,29,15,2,46,0,0,18,0,18,0,29,33,2,64,228,0,228,292
03/10/2010,EVV,IN,AGL,CE,Combined TRACON& Tower with Radar,2,38,17,0,57,0,0,24,2,26,2,38,41,2,83,50,0,50,133
03/11/2010,EVV,IN,AGL,CE,Combined TRACON& Tower with Radar,0,38,20,0,58,0,0,4,0,4,0,38,24,0,62,28,0,28,90
03/12/2010,EVV,IN,AGL,CE,Combined TRACON& Tower with Radar,0,40,20,1,61,0,0,1,0,1,0,40,21,1,62,0,0,0,62
03/13/2010,EVV,IN,AGL,CE,Combined TRACON& Tower with Radar,0,17,23,1,41,0,1,7,0,8,0,18,30,1,49,0,0,0,49
03/14/2010,EVV,IN,AGL,CE,Combined TRACON& Tower with Radar,0,33,20,0,53,0,0,4,0,4,0,33,24,0,57,16,0,16,73
03/15/2010,EVV,IN,AGL,CE,Combined TRACON& Tower with Radar,0,31,25,1,57,0,0,22,0,22,0,31,47,1,79,48,0,48,127
03/16/2010,EVV,IN,AGL,CE,Combined TRACON& Tower with Radar,0,32,43,0,75,2,1,28,0,31,2,33,71,0,106,112,0,112,218
03/17/2010,EVV,IN,AGL,CE,Combined TRACON& Tower with Radar,0,32,31,0,63,0,0,37,0,37,0,32,68,0,100,16,0,16,116
03/18/2010,EVV,IN,AGL,CE,Combined TRACON& Tower with Radar,0,43,43,0,86,0,0,74,0,74,0,43,117,0,160,242,0,242,402
03/19/2010,EVV,IN,AGL,CE,Combined TRACON& Tower with Radar,2,36,29,0,67,0,5,64,0,69,2,41,93,0,136,92,0,92,228
03/20/2010,EVV,IN,AGL,CE,Combined TRACON& Tower with Radar,0,22,13,0,35,0,0,55,0,55,0,22,68,0,90,8,0,8,98
03/21/2010,EVV,IN,AGL,CE,Combined TRACON& Tower with Radar,2,31,12,0,45,0,1,7,0,8,2,32,19,0,53,8,0,8,61
03/22/2010,EVV,IN,AGL,CE,Combined TRACON& Tower with Radar,0,29,18,0,47,0,0,1,0,1,0,29,19,0,48,6,0,6,54
03/23/2010,EVV,IN,AGL,CE,Combined TRACON& Tower with Radar,0,36,40,0,76,0,2,19,0,21,0,38,59,0,97,88,0,88,185
03/24/2010,EVV,IN,AGL,CE,Combined TRACON& Tower with Radar,2,36,37,2,77,0,0,46,0,46,2,36,83,2,123,204,0,204,327
03/25/2010,EVV,IN,AGL,CE,Combined TRACON& Tower with Radar,0,37,24,0,61,0,1,2,0,3,0,38,26,0,64,16,0,16,80
03/26/2010,EVV,IN,AGL,CE,Combined TRACON& Tower with Radar,0,47,22,0,69,0,0,38,0,38,0,47,60,0,107,42,0,42,149
03/27/2010,EVV,IN,AGL,CE,Combined TRACON& Tower with Radar,0,23,32,0,55,0,0,36,0,36,0,23,68,0,91,64,0,64,155
03/28/2010,EVV,IN,AGL,CE,Combined TRACON& Tower with Radar,0,26,10,0,36,0,0,1,0,1,0,26,11,0,37,0,0,0,37
03/29/2010,EVV,IN,AGL,CE,Combined TRACON& Tower with Radar,0,33,24,0,57,0,0,47,0,47,0,33,71,0,104,246,0,246,350
03/30/2010,EVV,IN,AGL,CE,Combined TRACON& Tower with Radar,0,30,23,0,53,0,0,40,0,40,0,30,63,0,93,178,0,178,271
03/31/2010,EVV,IN,AGL,CE,Combined TRACON& Tower with Radar,0,37,26,0,63,0,0,22,1,23,0,37,48,1,86,214,0,214,300
04/01/2010,EVV,IN,AGL,CE,Combined TRACON& Tower with Radar,0,26,24,7,57,0,0,37,0,37,0,26,61,7,94,86,28,114,208
04/02/2010,EVV,IN,AGL,CE,Combined TRACON& Tower with Radar,0,40,24,0,64,0,0,40,0,40,0,40,64,0,104,60,0,60,164
04/03/2010,EVV,IN,AGL,CE,Combined TRACON& Tower with Radar,0,19,21,0,40,0,0,26,0,26,0,19,47,0,66,12,0,12,78
04/04/2010,EVV,IN,AGL,CE,Combined TRACON& Tower with Radar,0,31,12,0,43,0,0,28,0,28,0,31,40,0,71,30,0,30,101
04/05/2010,EVV,IN,AGL,CE,Combined TRACON& Tower with Radar,1,36,16,3,56,0,0,13,0,13,1,36,29,3,69,22,6,28,97
04/06/2010,EVV,IN,AGL,CE,Combined TRACON& Tower with Radar,0,43,22,0,65,0,1,18,0,19,0,44,40,0,84,154,0,154,238
04/07/2010,EVV,IN,AGL,CE,Combined TRACON& Tower with Radar,0,40,18,0,58,0,0,4,0,4,0,40,22,0,62,0,0,0,62
04/08/2010,EVV,IN,AGL,CE,Combined TRACON& Tower with Radar,0,44,21,0,65,0,0,23,0,23,0,44,44,0,88,48,0,48,136
04/09/2010,EVV,IN,AGL,CE,Combined TRACON& Tower with Radar,0,48,36,15,99,0,1,40,0,41,0,49,76,15,140,36,0,36,176
04/10/2010,EVV,IN,AGL,CE,Combined TRACON& Tower with Radar,0,30,15,2,47,0,4,31,0,35,0,34,46,2,82,76,0,76,158
04/11/2010,EVV,IN,AGL,CE,Combined TRACON& Tower with Radar,0,48,10,0,58,0,0,42,0,42,0,48,52,0,100,51,0,51,151
04/12/2010,EVV,IN,AGL,CE,Combined TRACON& Tower with Radar,0,41,25,0,66,0,0,36,0,36,0,41,61,0,102,20,0,20,122
04/13/2010,EVV,IN,AGL,CE,Combined TRACON& Tower with Radar,0,43,24,0,67,0,3,33,1,37,0,46,57,1,104,172,12,184,288
04/14/2010,EVV,IN,AGL,CE,Combined TRACON& Tower with Radar,0,41,31,0,72,0,1,32,0,33,0,42,63,0,105,210,0,210,315
04/15/2010,EVV,IN,AGL,CE,Combined TRACON& Tower with Radar,0,44,16,0,60,0,0,35,0,35,0,44,51,0,95,194,0,194,289
04/16/2010,EVV,IN,AGL,CE,Combined TRACON& Tower with Radar,0,44,21,1,66,0,0,15,0,15,0,44,36,1,81,44,2,46,127
04/17/2010,EVV,IN,AGL,CE,Combined TRACON& Tower with Radar,0,30,15,0,45,0,0,35,0,35,0,30,50,0,80,184,0,184,264
04/18/2010,EVV,IN,AGL,CE,Combined TRACON& Tower with Radar,0,38,30,0,68,0,2,56,0,58,0,40,86,0,126,16,0,16,142
04/19/2010,EVV,IN,AGL,CE,Combined TRACON& Tower with Radar,0,33,19,0,52,0,3,28,0,31,0,36,47,0,83,24,0,24,107
04/20/2010,EVV,IN,AGL,CE,Combined TRACON& Tower with Radar,0,37,26,6,69,0,2,24,0,26,0,39,50,6,95,216,14,230,325
04/21/2010,EVV,IN,AGL,CE,Combined TRACON& Tower with Radar,0,45,17,5,67,0,2,38,0,40,0,47,55,5,107,86,12,98,205
04/22/2010,EVV,IN,AGL,CE,Combined TRACON& Tower with Radar,0,43,21,0,64,0,0,22,0,22,0,43,43,0,86,108,0,108,194
04/23/2010,EVV,IN,AGL,CE,Combined TRACON& Tower with Radar,0,40,26,1,67,0,0,8,1,9,0,40,34,2,76,82,0,82,158
04/24/2010,EVV,IN,AGL,CE,Combined TRACON& Tower with Radar,0,32,9,0,41,0,0,3,0,3,0,32,12,0,44,0,0,0,44
04/25/2010,EVV,IN,AGL,CE,Combined TRACON& Tower with Radar,0,30,18,0,48,0,0,2,0,2,0,30,20,0,50,0,0,0,50
04/26/2010,EVV,IN,AGL,CE,Combined TRACON& Tower with Radar,0,52,33,0,85,0,0,4,0,4,0,52,37,0,89,10,0,10,99
04/27/2010,EVV,IN,AGL,CE,Combined TRACON& Tower with Radar,0,56,33,0,89,0,1,5,1,7,0,57,38,1,96,218,0,218,314
04/28/2010,EVV,IN,AGL,CE,Combined TRACON& Tower with Radar,0,48,32,0,80,0,0,39,1,40,0,48,71,1,120,182,0,182,302
04/29/2010,EVV,IN,AGL,CE,Combined TRACON& Tower with Radar,0,50,19,0,69,0,0,34,1,35,0,50,53,1,104,30,0,30,134
04/30/2010,EVV,IN,AGL,CE,Combined TRACON& Tower with Radar,0,39,13,0,52,0,0,10,1,11,0,39,23,1,63,22,0,22,85
05/01/2010,EVV,IN,AGL,CE,Combined TRACON& Tower with Radar,0,22,13,0,35,0,0,0,1,1,0,22,13,1,36,0,0,0,36
05/02/2010,EVV,IN,AGL,CE,Combined TRACON& Tower with Radar,0,34,7,0,41,0,0,5,0,5,0,34,12,0,46,0,0,0,46
05/03/2010,EVV,IN,AGL,CE,Combined TRACON& Tower with Radar,0,27,24,0,51,0,0,5,2,7,0,27,29,2,58,34,14,48,106
05/04/2010,EVV,IN,AGL,CE,Combined TRACON& Tower with Radar,0,33,20,0,53,0,2,35,0,37,0,35,55,0,90,184,0,184,274
05/05/2010,EVV,IN,AGL,CE,Combined TRACON& Tower with Radar,0,41,29,0,70,0,1,40,0,41,0,42,69,0,111,162,0,162,273
05/06/2010,EVV,IN,AGL,CE,Combined TRACON& Tower with Radar,0,37,30,0,67,0,0,27,0,27,0,37,57,0,94,36,0,36,130
05/07/2010,EVV,IN,AGL,CE,Combined TRACON& Tower with Radar,0,36,19,0,55,0,1,24,0,25,0,37,43,0,80,28,0,28,108
05/08/2010,EVV,IN,AGL,CE,Combined TRACON& Tower with Radar,0,22,11,0,33,0,0,16,0,16,0,22,27,0,49,4,0,4,53
05/09/2010,EVV,IN,AGL,CE,Combined TRACON& Tower with Radar,0,31,24,1,56,0,0,39,0,39,0,31,63,1,95,68,0,68,163
05/10/2010,EVV,IN,AGL,CE,Combined TRACON& Tower with Radar,0,36,13,10,59,0,0,12,0,12,0,36,25,10,71,12,16,28,99
05/11/2010,EVV,IN,AGL,CE,Combined TRACON& Tower with Radar,0,36,19,0,55,0,0,8,0,8,0,36,27,0,63,212,0,212,275
05/12/2010,EVV,IN,AGL,CE,Combined TRACON& Tower with Radar,0,37,30,0,67,0,0,6,0,6,0,37,36,0,73,78,0,78,151
05/13/2010,EVV,IN,AGL,CE,Combined TRACON& Tower with Radar,0,42,29,0,71,0,0,9,0,9,0,42,38,0,80,60,0,60,140
05/14/2010,EVV,IN,AGL,CE,Combined TRACON& Tower with Radar,0,34,41,0,75,0,2,6,0,8,0,36,47,0,83,16,0,16,99
05/15/2010,EVV,IN,AGL,CE,Combined TRACON& Tower with Radar,0,23,12,0,35,0,5,14,0,19,0,28,26,0,54,16,0,16,70
05/16/2010,EVV,IN,AGL,CE,Combined TRACON& Tower with Radar,0,35,5,0,40,0,1,5,0,6,0,36,10,0,46,4,0,4,50
05/17/2010,EVV,IN,AGL,CE,Combined TRACON& Tower with Radar,0,29,27,0,56,0,0,3,0,3,0,29,30,0,59,16,0,16,75
05/18/2010,EVV,IN,AGL,CE,Combined TRACON& Tower with Radar,0,37,25,6,68,0,0,8,3,11,0,37,33,9,79,202,24,226,305
05/19/2010,EVV,IN,AGL,CE,Combined TRACON& Tower with Radar,0,54,45,0,99,0,0,27,1,28,0,54,72,1,127,150,0,150,277
05/20/2010,EVV,IN,AGL,CE,Combined TRACON& Tower with Radar,0,38,19,11,68,0,0,4,0,4,0,38,23,11,72,0,4,4,76
05/21/2010,EVV,IN,AGL,CE,Combined TRACON& Tower with Radar,0,31,6,0,37,0,0,9,0,9,0,31,15,0,46,44,0,44,90
05/22/2010,EVV,IN,AGL,CE,Combined TRACON& Tower with Radar,0,23,14,0,37,0,1,36,0,37,0,24,50,0,74,40,0,40,114
05/23/2010,EVV,IN,AGL,CE,Combined TRACON& Tower with Radar,2,33,23,0,58,0,0,20,0,20,2,33,43,0,78,58,0,58,136
05/24/2010,EVV,IN,AGL,CE,Combined TRACON& Tower with Radar,0,35,16,0,51,0,0,17,0,17,0,35,33,0,68,26,0,26,94
05/25/2010,EVV,IN,AGL,CE,Combined TRACON& Tower with Radar,2,39,21,8,70,0,1,19,4,24,2,40,40,12,94,18,2,20,114
05/26/2010,EVV,IN,AGL,CE,Combined TRACON& Tower with Radar,0,41,25,5,71,0,1,23,0,24,0,42,48,5,95,68,6,74,169
05/27/2010,EVV,IN,AGL,CE,Combined TRACON& Tower with Radar,0,38,19,5,62,0,1,13,0,14,0,39,32,5,76,0,8,8,84
05/28/2010,EVV,IN,AGL,CE,Combined TRACON& Tower with Radar,0,35,19,16,70,0,1,23,2,26,0,36,42,18,96,22,12,34,130
05/29/2010,EVV,IN,AGL,CE,Combined TRACON& Tower with Radar,0,22,10,0,32,0,0,38,0,38,0,22,48,0,70,16,0,16,86
05/30/2010,EVV,IN,AGL,CE,Combined TRACON& Tower with Radar,0,24,5,0,29,0,0,6,0,6,0,24,11,0,35,15,0,15,50
05/31/2010,EVV,IN,AGL,CE,Combined TRACON& Tower with Radar,0,30,22,2,54,0,0,5,0,5,0,30,27,2,59,0,0,0,59
06/01/2010,EVV,IN,AGL,CE,Combined TRACON& Tower with Radar,2,41,40,0,83,0,0,22,2,24,2,41,62,2,107,178,18,196,303
06/02/2010,EVV,IN,AGL,CE,Combined TRACON& Tower with Radar,0,36,15,3,54,0,0,27,1,28,0,36,42,4,82,38,4,42,124
06/03/2010,EVV,IN,AGL,CE,Combined TRACON& Tower with Radar,0,35,11,2,48,0,1,25,0,26,0,36,36,2,74,4,0,4,78
06/04/2010,EVV,IN,AGL,CE,Combined TRACON& Tower with Radar,4,30,45,13,92,0,0,39,7,46,4,30,84,20,138,16,10,26,164
06/05/2010,EVV,IN,AGL,CE,Combined TRACON& Tower with Radar,0,26,39,0,65,0,0,34,0,34,0,26,73,0,99,36,0,36,135
06/06/2010,EVV,IN,AGL,CE,Combined TRACON& Tower with Radar,0,34,27,0,61,0,0,28,0,28,0,34,55,0,89,22,0,22,111
06/07/2010,EVV,IN,AGL,CE,Combined TRACON& Tower with Radar,0,43,28,8,79,0,0,34,1,35,0,43,62,9,114,158,30,188,302
06/08/2010,EVV,IN,AGL,CE,Combined TRACON& Tower with Radar,0,38,28,4,70,0,0,11,0,11,0,38,39,4,81,84,12,96,177
06/09/2010,EVV,IN,AGL,CE,Combined TRACON& Tower with Radar,0,40,15,0,55,0,0,16,2,18,0,40,31,2,73,70,0,70,143
06/10/2010,EVV,IN,AGL,CE,Combined TRACON& Tower with Radar,0,45,27,0,72,0,0,33,0,33,0,45,60,0,105,174,0,174,279
06/11/2010,EVV,IN,AGL,CE,Combined TRACON& Tower with Radar,0,54,9,13,76,0,2,8,3,13,0,56,17,16,89,34,16,50,139
06/12/2010,EVV,IN,AGL,CE,Combined TRACON& Tower with Radar,0,35,12,0,47,0,0,12,0,12,0,35,24,0,59,0,0,0,59
06/13/2010,EVV,IN,AGL,CE,Combined TRACON& Tower with Radar,0,33,14,3,50,0,4,12,0,16,0,37,26,3,66,20,6,26,92
06/14/2010,EVV,IN,AGL,CE,Combined TRACON& Tower with Radar,0,42,15,0,57,0,0,18,0,18,0,42,33,0,75,28,0,28,103
06/15/2010,EVV,IN,AGL,CE,Combined TRACON& Tower with Radar,0,45,20,2,67,0,1,18,0,19,0,46,38,2,86,178,24,202,288
06/16/2010,EVV,IN,AGL,CE,Combined TRACON& Tower with Radar,0,48,45,18,111,0,0,25,2,27,0,48,70,20,138,147,50,197,335
06/17/2010,EVV,IN,AGL,CE,Combined TRACON& Tower with Radar,0,38,17,0,55,0,3,13,0,16,0,41,30,0,71,44,0,44,115
06/18/2010,EVV,IN,AGL,CE,Combined TRACON& Tower with Radar,0,37,29,7,73,0,0,36,0,36,0,37,65,7,109,194,0,194,303
06/19/2010,EVV,IN,AGL,CE,Combined TRACON& Tower with Radar,0,22,31,0,53,0,1,40,0,41,0,23,71,0,94,36,0,36,130
06/20/2010,EVV,IN,AGL,CE,Combined TRACON& Tower with Radar,0,38,7,0,45,0,0,17,0,17,0,38,24,0,62,28,0,28,90
06/21/2010,EVV,IN,AGL,CE,Combined TRACON& Tower with Radar,0,35,18,7,60,0,0,18,1,19,0,35,36,8,79,18,4,22,101
06/22/2010,EVV,IN,AGL,CE,Combined TRACON& Tower with Radar,0,52,18,0,70,0,2,16,0,18,0,54,34,0,88,232,0,232,320
06/23/2010,EVV,IN,AGL,CE,Combined TRACON& Tower with Radar,0,44,18,4,66,0,4,25,2,31,0,48,43,6,97,145,4,149,246
06/24/2010,EVV,IN,AGL,CE,Combined TRACON& Tower with Radar,0,46,20,0,66,0,0,25,0,25,0,46,45,0,91,96,0,96,187
06/25/2010,EVV,IN,AGL,CE,Combined TRACON& Tower with Radar,0,64,20,11,95,0,2,37,7,46,0,66,57,18,141,182,20,202,343
06/26/2010,EVV,IN,AGL,CE,Combined TRACON& Tower with Radar,0,26,21,0,47,0,0,56,0,56,0,26,77,0,103,34,8,42,145
06/27/2010,EVV,IN,AGL,CE,Combined TRACON& Tower with Radar,0,24,14,2,40,0,0,11,3,14,0,24,25,5,54,12,6,18,72
06/28/2010,EVV,IN,AGL,CE,Combined TRACON& Tower with Radar,0,53,22,0,75,0,3,10,0,13,0,56,32,0,88,10,0,10,98
06/29/2010,EVV,IN,AGL,CE,Combined TRACON& Tower with Radar,2,38,20,20,80,0,0,21,1,22,2,38,41,21,102,156,42,198,300
06/30/2010,EVV,IN,AGL,CE,Combined TRACON& Tower with Radar,0,45,23,9,77,0,0,20,6,26,0,45,43,15,103,145,48,193,296
07/01/2010,EVV,IN,AGL,CE,Combined TRACON& Tower with Radar,2,44,43,3,92,0,0,44,2,46,2,44,87,5,138,146,4,150,288
07/02/2010,EVV,IN,AGL,CE,Combined TRACON& Tower with Radar,0,36,20,26,82,0,0,37,0,37,0,36,57,26,119,102,36,138,257
07/03/2010,EVV,IN,AGL,CE,Combined TRACON& Tower with Radar,0,21,22,0,43,0,0,29,0,29,0,21,51,0,72,24,0,24,96
07/04/2010,EVV,IN,AGL,CE,Combined TRACON& Tower with Radar,0,21,4,0,25,0,0,11,0,11,0,21,15,0,36,0,0,0,36
07/05/2010,EVV,IN,AGL,CE,Combined TRACON& Tower with Radar,0,32,17,0,49,0,0,31,0,31,0,32,48,0,80,86,0,86,166
07/06/2010,EVV,IN,AGL,CE,Combined TRACON& Tower with Radar,0,36,24,47,107,0,1,20,2,23,0,37,44,49,130,68,74,142,272
07/07/2010,EVV,IN,AGL,CE,Combined TRACON& Tower with Radar,0,38,27,2,67,0,1,31,1,33,0,39,58,3,100,142,0,142,242
07/08/2010,EVV,IN,AGL,CE,Combined TRACON& Tower with Radar,0,38,29,0,67,0,0,27,0,27,0,38,56,0,94,120,0,120,214
07/09/2010,EVV,IN,AGL,CE,Combined TRACON& Tower with Radar,0,40,20,0,60,0,5,16,0,21,0,45,36,0,81,100,0,100,181
07/10/2010,EVV,IN,AGL,CE,Combined TRACON& Tower with Radar,0,24,18,0,42,0,1,31,0,32,0,25,49,0,74,50,0,50,124
07/11/2010,EVV,IN,AGL,CE,Combined TRACON& Tower with Radar,0,34,18,0,52,0,0,20,0,20,0,34,38,0,72,102,0,102,174
07/12/2010,EVV,IN,AGL,CE,Combined TRACON& Tower with Radar,0,33,13,0,46,0,0,5,0,5,0,33,18,0,51,6,0,6,57
07/13/2010,EVV,IN,AGL,CE,Combined TRACON& Tower with Radar,0,31,41,0,72,0,4,20,0,24,0,35,61,0,96,248,0,248,344
07/14/2010,EVV,IN,AGL,CE,Combined TRACON& Tower with Radar,0,40,23,0,63,0,0,32,0,32,0,40,55,0,95,214,0,214,309
07/15/2010,EVV,IN,AGL,CE,Combined TRACON& Tower with Radar,0,46,34,8,88,0,0,18,2,20,0,46,52,10,108,58,0,58,166
07/16/2010,EVV,IN,AGL,CE,Combined TRACON& Tower with Radar,0,54,28,10,92,0,2,39,0,41,0,56,67,10,133,116,32,148,281
07/17/2010,EVV,IN,AGL,CE,Combined TRACON& Tower with Radar,0,24,32,0,56,0,0,42,0,42,0,24,74,0,98,32,0,32,130
07/18/2010,EVV,IN,AGL,CE,Combined TRACON& Tower with Radar,0,35,14,0,49,0,0,2,0,2,0,35,16,0,51,6,0,6,57
07/19/2010,EVV,IN,AGL,CE,Combined TRACON& Tower with Radar,0,47,32,0,79,0,3,25,0,28,0,50,57,0,107,68,0,68,175
07/20/2010,EVV,IN,AGL,CE,Combined TRACON& Tower with Radar,0,46,28,0,74,0,1,18,0,19,0,47,46,0,93,212,0,212,305
07/21/2010,EVV,IN,AGL,CE,Combined TRACON& Tower with Radar,0,44,37,0,81,0,1,32,0,33,0,45,69,0,114,16,0,16,130
07/22/2010,EVV,IN,AGL,CE,Combined TRACON& Tower with Radar,0,37,33,0,70,0,0,28,0,28,0,37,61,0,98,0,0,0,98
07/23/2010,EVV,IN,AGL,CE,Combined TRACON& Tower with Radar,0,39,20,10,69,0,3,32,0,35,0,42,52,10,104,14,10,24,128
07/24/2010,EVV,IN,AGL,CE,Combined TRACON& Tower with Radar,0,22,14,62,98,0,1,24,3,28,0,23,38,65,126,18,76,94,220
07/25/2010,EVV,IN,AGL,CE,Combined TRACON& Tower with Radar,0,36,14,10,60,0,2,15,0,17,0,38,29,10,77,36,6,42,119
07/26/2010,EVV,IN,AGL,CE,Combined TRACON& Tower with Radar,0,42,22,14,78,0,0,38,0,38,0,42,60,14,116,24,12,36,152
07/27/2010,EVV,IN,AGL,CE,Combined TRACON& Tower with Radar,0,41,17,7,65,0,5,10,1,16,0,46,27,8,81,0,0,0,81
07/28/2010,EVV,IN,AGL,CE,Combined TRACON& Tower with Radar,0,38,18,0,56,0,0,12,0,12,0,38,30,0,68,0,0,0,68
07/29/2010,EVV,IN,AGL,CE,Combined TRACON& Tower with Radar,0,41,13,0,54,0,2,16,0,18,0,43,29,0,72,80,4,84,156
07/30/2010,EVV,IN,AGL,CE,Combined TRACON& Tower with Radar,0,30,11,9,50,0,0,29,0,29,0,30,40,9,79,98,20,118,197
07/31/2010,EVV,IN,AGL,CE,Combined TRACON& Tower with Radar,0,32,9,0,41,0,0,15,0,15,0,32,24,0,56,0,2,2,58
08/01/2010,EVV,IN,AGL,CE,Combined TRACON& Tower with Radar,0,33,13,0,46,0,0,8,0,8,0,33,21,0,54,2,2,4,58
08/02/2010,EVV,IN,AGL,CE,Combined TRACON& Tower with Radar,0,35,19,0,54,0,0,32,0,32,0,35,51,0,86,4,0,4,90
08/03/2010,EVV,IN,AGL,CE,Combined TRACON& Tower with Radar,0,40,24,0,64,0,2,23,0,25,0,42,47,0,89,140,0,140,229
08/04/2010,EVV,IN,AGL,CE,Combined TRACON& Tower with Radar,0,46,13,1,60,0,0,23,3,26,0,46,36,4,86,200,0,200,286
08/05/2010,EVV,IN,AGL,CE,Combined TRACON& Tower with Radar,0,37,22,2,61,0,1,10,0,11,0,38,32,2,72,10,2,12,84
08/06/2010,EVV,IN,AGL,CE,Combined TRACON& Tower with Radar,0,46,23,15,84,0,0,47,0,47,0,46,70,15,131,160,18,178,309
08/07/2010,EVV,IN,AGL,CE,Combined TRACON& Tower with Radar,0,25,14,12,51,0,0,45,0,45,0,25,59,12,96,74,12,86,182
08/08/2010,EVV,IN,AGL,CE,Combined TRACON& Tower with Radar,0,36,17,0,53,0,0,29,0,29,0,36,46,0,82,12,0,12,94
08/09/2010,EVV,IN,AGL,CE,Combined TRACON& Tower with Radar,0,32,18,0,50,0,0,23,0,23,0,32,41,0,73,76,0,76,149
08/10/2010,EVV,IN,AGL,CE,Combined TRACON& Tower with Radar,0,44,17,0,61,0,0,26,0,26,0,44,43,0,87,212,0,212,299
08/11/2010,EVV,IN,AGL,CE,Combined TRACON& Tower with Radar,0,44,30,5,79,0,1,26,1,28,0,45,56,6,107,178,8,186,293
08/12/2010,EVV,IN,AGL,CE,Combined TRACON& Tower with Radar,0,44,36,0,80,0,0,21,0,21,0,44,57,0,101,151,0,151,252
08/13/2010,EVV,IN,AGL,CE,Combined TRACON& Tower with Radar,0,36,32,6,74,0,0,36,5,41,0,36,68,11,115,122,12,134,249
08/14/2010,EVV,IN,AGL,CE,Combined TRACON& Tower with Radar,0,30,15,0,45,0,4,29,2,35,0,34,44,2,80,4,0,4,84
08/15/2010,EVV,IN,AGL,CE,Combined TRACON& Tower with Radar,0,35,9,1,45,0,1,28,0,29,0,36,37,1,74,68,0,68,142
08/16/2010,EVV,IN,AGL,CE,Combined TRACON& Tower with Radar,0,35,23,14,72,0,1,28,0,29,0,36,51,14,101,74,16,90,191
08/17/2010,EVV,IN,AGL,CE,Combined TRACON& Tower with Radar,0,37,21,0,58,0,0,22,0,22,0,37,43,0,80,50,0,50,130
08/18/2010,EVV,IN,AGL,CE,Combined TRACON& Tower with Radar,0,34,30,4,68,0,2,17,1,20,0,36,47,5,88,40,8,48,136
08/19/2010,EVV,IN,AGL,CE,Combined TRACON& Tower with Radar,0,37,24,5,66,0,0,15,1,16,0,37,39,6,82,50,46,96,178
08/20/2010,EVV,IN,AGL,CE,Combined TRACON& Tower with Radar,0,41,23,0,64,0,0,31,0,31,0,41,54,0,95,120,0,120,215
08/21/2010,EVV,IN,AGL,CE,Combined TRACON& Tower with Radar,0,23,5,17,45,0,1,8,2,11,0,24,13,19,56,6,20,26,82
08/22/2010,EVV,IN,AGL,CE,Combined TRACON& Tower with Radar,0,39,14,0,53,0,0,28,4,32,0,39,42,4,85,14,0,14,99
08/23/2010,EVV,IN,AGL,CE,Combined TRACON& Tower with Radar,2,35,27,7,71,0,0,29,0,29,2,35,56,7,100,0,4,4,104
08/24/2010,EVV,IN,AGL,CE,Combined TRACON& Tower with Radar,0,39,23,0,62,0,0,18,0,18,0,39,41,0,80,234,0,234,314
08/25/2010,EVV,IN,AGL,CE,Combined TRACON& Tower with Radar,0,40,35,3,78,0,0,23,0,23,0,40,58,3,101,144,0,144,245
08/26/2010,EVV,IN,AGL,CE,Combined TRACON& Tower with Radar,2,39,14,7,62,0,0,35,0,35,2,39,49,7,97,18,8,26,123
08/27/2010,EVV,IN,AGL,CE,Combined TRACON& Tower with Radar,0,41,29,0,70,0,0,38,0,38,0,41,67,0,108,110,0,110,218
08/28/2010,EVV,IN,AGL,CE,Combined TRACON& Tower with Radar,0,16,8,7,31,0,1,49,0,50,0,17,57,7,81,24,18,42,123
08/29/2010,EVV,IN,AGL,CE,Combined TRACON& Tower with Radar,0,33,9,2,44,0,0,26,0,26,0,33,35,2,70,22,20,42,112
08/30/2010,EVV,IN,AGL,CE,Combined TRACON& Tower with Radar,0,33,11,10,54,0,0,13,12,25,0,33,24,22,79,170,56,226,305
08/31/2010,EVV,IN,AGL,CE,Combined TRACON& Tower with Radar,0,41,20,14,75,0,2,24,0,26,0,43,44,14,101,236,46,282,383
09/01/2010,EVV,IN,AGL,CE,Combined TRACON& Tower with Radar,0,35,19,1,55,0,1,23,1,25,0,36,42,2,80,206,0,206,286
09/02/2010,EVV,IN,AGL,CE,Combined TRACON& Tower with Radar,0,35,28,0,63,0,0,13,0,13,0,35,41,0,76,2,0,2,78
09/03/2010,EVV,IN,AGL,CE,Combined TRACON& Tower with Radar,0,33,20,0,53,0,1,22,0,23,0,34,42,0,76,54,4,58,134
09/04/2010,EVV,IN,AGL,CE,Combined TRACON& Tower with Radar,0,26,13,0,39,0,4,58,1,63,0,30,71,1,102,98,0,98,200
09/05/2010,EVV,IN,AGL,CE,Combined TRACON& Tower with Radar,0,18,9,0,27,0,8,34,0,42,0,26,43,0,69,109,0,109,178
09/06/2010,EVV,IN,AGL,CE,Combined TRACON& Tower with Radar,2,29,16,0,47,0,0,31,0,31,2,29,47,0,78,206,0,206,284
09/07/2010,EVV,IN,AGL,CE,Combined TRACON& Tower with Radar,0,46,22,0,68,0,0,22,0,22,0,46,44,0,90,96,0,96,186
09/08/2010,EVV,IN,AGL,CE,Combined TRACON& Tower with Radar,0,40,53,5,98,0,0,42,0,42,0,40,95,5,140,168,28,196,336
09/09/2010,EVV,IN,AGL,CE,Combined TRACON& Tower with Radar,0,35,37,0,72,0,10,31,4,45,0,45,68,4,117,30,0,30,147
09/10/2010,EVV,IN,AGL,CE,Combined TRACON& Tower with Radar,0,36,21,4,61,0,0,7,0,7,0,36,28,4,68,8,4,12,80
09/11/2010,EVV,IN,AGL,CE,Combined TRACON& Tower with Radar,0,26,23,0,49,0,0,4,0,4,0,26,27,0,53,2,0,2,55
09/12/2010,EVV,IN,AGL,CE,Combined TRACON& Tower with Radar,0,30,21,0,51,0,0,31,0,31,0,30,52,0,82,96,0,96,178
09/13/2010,EVV,IN,AGL,CE,Combined TRACON& Tower with Radar,0,37,9,13,59,0,0,20,18,38,0,37,29,31,97,62,4,66,163
09/14/2010,EVV,IN,AGL,CE,Combined TRACON& Tower with Radar,0,34,15,4,53,0,2,19,5,26,0,36,34,9,79,0,0,0,79
09/15/2010,EVV,IN,AGL,CE,Combined TRACON& Tower with Radar,0,52,26,15,93,0,3,28,0,31,0,55,54,15,124,138,18,156,280
09/16/2010,EVV,IN,AGL,CE,Combined TRACON& Tower with Radar,0,27,48,0,75,0,3,14,0,17,0,30,62,0,92,138,0,138,230
09/17/2010,EVV,IN,AGL,CE,Combined TRACON& Tower with Radar,0,34,27,0,61,0,0,29,0,29,0,34,56,0,90,98,0,98,188
09/18/2010,EVV,IN,AGL,CE,Combined TRACON& Tower with Radar,0,21,16,0,37,0,0,33,0,33,0,21,49,0,70,32,0,32,102
09/19/2010,EVV,IN,AGL,CE,Combined TRACON& Tower with Radar,0,32,29,0,61,0,0,37,0,37,0,32,66,0,98,100,0,100,198
09/20/2010,EVV,IN,AGL,CE,Combined TRACON& Tower with Radar,0,32,25,0,57,0,1,30,0,31,0,33,55,0,88,14,0,14,102
09/21/2010,EVV,IN,AGL,CE,Combined TRACON& Tower with Radar,0,36,27,5,68,0,4,43,2,49,0,40,70,7,117,40,12,52,169
09/22/2010,EVV,IN,AGL,CE,Combined TRACON& Tower with Radar,0,35,30,0,65,0,0,13,0,13,0,35,43,0,78,211,0,211,289
09/23/2010,EVV,IN,AGL,CE,Combined TRACON& Tower with Radar,0,36,29,6,71,0,8,18,0,26,0,44,47,6,97,120,2,122,219
09/24/2010,EVV,IN,AGL,CE,Combined TRACON& Tower with Radar,0,34,16,0,50,0,0,9,0,9,0,34,25,0,59,76,0,76,135
09/25/2010,EVV,IN,AGL,CE,Combined TRACON& Tower with Radar,0,22,14,0,36,0,2,46,0,48,0,24,60,0,84,78,0,78,162
09/26/2010,EVV,IN,AGL,CE,Combined TRACON& Tower with Radar,0,27,22,0,49,0,0,23,0,23,0,27,45,0,72,0,0,0,72
09/27/2010,EVV,IN,AGL,CE,Combined TRACON& Tower with Radar,0,32,5,2,39,0,0,25,0,25,0,32,30,2,64,202,0,202,266
09/28/2010,EVV,IN,AGL,CE,Combined TRACON& Tower with Radar,0,42,22,0,64,0,1,16,0,17,0,43,38,0,81,14,0,14,95
09/29/2010,EVV,IN,AGL,CE,Combined TRACON& Tower with Radar,0,34,36,0,70,0,0,39,0,39,0,34,75,0,109,256,0,256,365
09/30/2010,EVV,IN,AGL,CE,Combined TRACON& Tower with Radar,0,41,16,7,64,0,1,32,0,33,0,42,48,7,97,112,0,112,209
10/01/2010,EVV,IN,AGL,CE,Combined TRACON& Tower with Radar,0,39,29,11,79,0,0,30,0,30,0,39,59,11,109,192,0,192,301
10/02/2010,EVV,IN,AGL,CE,Combined TRACON& Tower with Radar,0,26,18,0,44,0,0,29,0,29,0,26,47,0,73,40,0,40,113
10/03/2010,EVV,IN,AGL,CE,Combined TRACON& Tower with Radar,0,27,12,0,39,0,0,10,4,14,0,27,22,4,53,0,0,0,53
10/04/2010,EVV,IN,AGL,CE,Combined TRACON& Tower with Radar,0,40,17,7,64,0,0,28,1,29,0,40,45,8,93,30,8,38,131
10/05/2010,EVV,IN,AGL,CE,Combined TRACON& Tower with Radar,0,37,23,0,60,0,0,12,0,12,0,37,35,0,72,222,0,222,294
10/06/2010,EVV,IN,AGL,CE,Combined TRACON& Tower with Radar,0,36,15,0,51,0,2,32,0,34,0,38,47,0,85,26,0,26,111
10/07/2010,EVV,IN,AGL,CE,Combined TRACON& Tower with Radar,0,37,33,0,70,0,0,32,0,32,0,37,65,0,102,74,0,74,176
10/08/2010,EVV,IN,AGL,CE,Combined TRACON& Tower with Radar,0,36,20,2,58,0,4,30,1,35,0,40,50,3,93,8,12,20,113
10/09/2010,EVV,IN,AGL,CE,Combined TRACON& Tower with Radar,0,22,15,0,37,0,1,24,0,25,0,23,39,0,62,10,0,10,72
10/10/2010,EVV,IN,AGL,CE,Combined TRACON& Tower with Radar,0,27,14,0,41,0,0,19,0,19,0,27,33,0,60,70,0,70,130
10/11/2010,EVV,IN,AGL,CE,Combined TRACON& Tower with Radar,0,37,17,7,61,0,1,36,0,37,0,38,53,7,98,10,8,18,116
10/12/2010,EVV,IN,AGL,CE,Combined TRACON& Tower with Radar,2,33,22,11,68,0,0,15,0,15,2,33,37,11,83,142,18,160,243
10/13/2010,EVV,IN,AGL,CE,Combined TRACON& Tower with Radar,0,39,27,0,66,0,1,9,0,10,0,40,36,0,76,0,0,0,76
10/14/2010,EVV,IN,AGL,CE,Combined TRACON& Tower with Radar,0,37,24,2,63,0,0,34,0,34,0,37,58,2,97,200,0,200,297
10/15/2010,EVV,IN,AGL,CE,Combined TRACON& Tower with Radar,0,41,20,0,61,0,0,42,0,42,0,41,62,0,103,74,0,74,177
10/16/2010,EVV,IN,AGL,CE,Combined TRACON& Tower with Radar,0,23,18,0,41,0,0,19,0,19,0,23,37,0,60,6,0,6,66
10/17/2010,EVV,IN,AGL,CE,Combined TRACON& Tower with Radar,0,32,26,0,58,0,0,23,0,23,0,32,49,0,81,18,0,18,99
10/18/2010,EVV,IN,AGL,CE,Combined TRACON& Tower with Radar,0,34,15,3,52,0,0,30,0,30,0,34,45,3,82,10,0,10,92
10/19/2010,EVV,IN,AGL,CE,Combined TRACON& Tower with Radar,0,37,29,28,94,0,2,26,0,28,0,39,55,28,122,192,60,252,374
10/20/2010,EVV,IN,AGL,CE,Combined TRACON& Tower with Radar,0,41,8,21,70,0,0,42,0,42,0,41,50,21,112,20,18,38,150
10/21/2010,EVV,IN,AGL,CE,Combined TRACON& Tower with Radar,0,35,35,0,70,0,4,27,2,33,0,39,62,2,103,14,0,14,117
10/22/2010,EVV,IN,AGL,CE,Combined TRACON& Tower with Radar,0,30,28,0,58,0,3,34,0,37,0,33,62,0,95,46,0,46,141
10/23/2010,EVV,IN,AGL,CE,Combined TRACON& Tower with Radar,0,24,15,0,39,0,2,22,0,24,0,26,37,0,63,28,0,28,91
10/24/2010,EVV,IN,AGL,CE,Combined TRACON& Tower with Radar,2,33,6,0,41,0,0,17,0,17,2,33,23,0,58,4,0,4,62
10/25/2010,EVV,IN,AGL,CE,Combined TRACON& Tower with Radar,0,33,27,16,76,0,1,15,0,16,0,34,42,16,92,14,12,26,118
10/26/2010,EVV,IN,AGL,CE,Combined TRACON& Tower with Radar,2,31,16,0,49,0,0,4,1,5,2,31,20,1,54,36,0,36,90
10/27/2010,EVV,IN,AGL,CE,Combined TRACON& Tower with Radar,2,41,23,2,68,0,3,29,0,32,2,44,52,2,100,214,0,214,314
10/28/2010,EVV,IN,AGL,CE,Combined TRACON& Tower with Radar,0,42,16,0,58,0,1,27,0,28,0,43,43,0,86,30,0,30,116
10/29/2010,EVV,IN,AGL,CE,Combined TRACON& Tower with Radar,0,39,18,1,58,0,2,33,0,35,0,41,51,1,93,62,0,62,155
10/30/2010,EVV,IN,AGL,CE,Combined TRACON& Tower with Radar,0,28,5,0,33,0,1,32,0,33,0,29,37,0,66,0,0,0,66
10/31/2010,EVV,IN,AGL,CE,Combined TRACON& Tower with Radar,0,27,21,0,48,0,0,31,0,31,0,27,52,0,79,4,0,4,83
11/01/2010,EVV,IN,AGL,CE,Combined TRACON& Tower with Radar,0,31,15,11,57,0,0,28,0,28,0,31,43,11,85,14,12,26,111
11/02/2010,EVV,IN,AGL,CE,Combined TRACON& Tower with Radar,0,34,30,0,64,0,2,39,0,41,0,36,69,0,105,168,0,168,273
11/03/2010,EVV,IN,AGL,CE,Combined TRACON& Tower with Radar,0,43,18,0,61,0,7,24,0,31,0,50,42,0,92,30,0,30,122
11/04/2010,EVV,IN,AGL,CE,Combined TRACON& Tower with Radar,0,35,19,0,54,0,0,20,0,20,0,35,39,0,74,4,0,4,78
11/05/2010,EVV,IN,AGL,CE,Combined TRACON& Tower with Radar,0,31,28,14,73,0,0,16,0,16,0,31,44,14,89,44,32,76,165
11/06/2010,EVV,IN,AGL,CE,Combined TRACON& Tower with Radar,0,25,10,0,35,0,1,43,0,44,0,26,53,0,79,0,0,0,79
11/07/2010,EVV,IN,AGL,CE,Combined TRACON& Tower with Radar,0,30,32,0,62,0,2,35,0,37,0,32,67,0,99,0,10,10,109
11/08/2010,EVV,IN,AGL,CE,Combined TRACON& Tower with Radar,0,36,18,2,56,0,0,25,1,26,0,36,43,3,82,40,4,44,126
11/09/2010,EVV,IN,AGL,CE,Combined TRACON& Tower with Radar,0,31,13,0,44,0,0,33,0,33,0,31,46,0,77,28,0,28,105
11/10/2010,EVV,IN,AGL,CE,Combined TRACON& Tower with Radar,0,32,24,8,64,0,0,31,1,32,0,32,55,9,96,54,6,60,156
11/11/2010,EVV,IN,AGL,CE,Combined TRACON& Tower with Radar,0,41,22,0,63,0,0,26,0,26,0,41,48,0,89,100,0,100,189
11/12/2010,EVV,IN,AGL,CE,Combined TRACON& Tower with Radar,0,37,20,6,63,0,0,25,0,25,0,37,45,6,88,78,0,78,166
11/13/2010,EVV,IN,AGL,CE,Combined TRACON& Tower with Radar,1,21,21,0,43,0,4,4,0,8,1,25,25,0,51,4,0,4,55
11/14/2010,EVV,IN,AGL,CE,Combined TRACON& Tower with Radar,0,30,7,0,37,0,0,18,0,18,0,30,25,0,55,10,0,10,65
11/15/2010,EVV,IN,AGL,CE,Combined TRACON& Tower with Radar,0,36,9,5,50,0,0,11,0,11,0,36,20,5,61,12,10,22,83
11/16/2010,EVV,IN,AGL,CE,Combined TRACON& Tower with Radar,0,32,26,0,58,0,0,1,0,1,0,32,27,0,59,0,0,0,59
11/17/2010,EVV,IN,AGL,CE,Combined TRACON& Tower with Radar,2,33,41,8,84,0,0,11,1,12,2,33,52,9,96,18,0,18,114
11/18/2010,EVV,IN,AGL,CE,Combined TRACON& Tower with Radar,8,45,23,1,77,0,3,11,1,15,8,48,34,2,92,0,0,0,92
11/19/2010,EVV,IN,AGL,CE,Combined TRACON& Tower with Radar,0,31,15,7,53,0,0,12,0,12,0,31,27,7,65,20,6,26,91
11/20/2010,EVV,IN,AGL,CE,Combined TRACON& Tower with Radar,0,41,24,0,65,0,1,3,0,4,0,42,27,0,69,0,0,0,69
11/21/2010,EVV,IN,AGL,CE,Combined TRACON& Tower with Radar,0,29,5,0,34,0,0,0,0,0,0,29,5,0,34,22,0,22,56
11/22/2010,EVV,IN,AGL,CE,Combined TRACON& Tower with Radar,0,35,13,0,48,0,0,4,0,4,0,35,17,0,52,2,0,2,54
11/23/2010,EVV,IN,AGL,CE,Combined TRACON& Tower with Radar,0,45,12,2,59,0,1,20,0,21,0,46,32,2,80,162,4,166,246
11/24/2010,EVV,IN,AGL,CE,Combined TRACON& Tower with Radar,0,41,12,1,54,0,0,0,0,0,0,41,12,1,54,0,0,0,54
11/25/2010,EVV,IN,AGL,CE,Combined TRACON& Tower with Radar,0,22,3,0,25,0,0,0,0,0,0,22,3,0,25,0,0,0,25
11/26/2010,EVV,IN,AGL,CE,Combined TRACON& Tower with Radar,0,25,19,0,44,0,4,11,0,15,0,29,30,0,59,4,0,4,63
11/27/2010,EVV,IN,AGL,CE,Combined TRACON& Tower with Radar,0,31,6,0,37,0,1,19,0,20,0,32,25,0,57,6,0,6,63
11/28/2010,EVV,IN,AGL,CE,Combined TRACON& Tower with Radar,0,29,29,0,58,0,0,41,0,41,0,29,70,0,99,16,0,16,115
11/29/2010,EVV,IN,AGL,CE,Combined TRACON& Tower with Radar,0,35,13,3,51,0,0,22,0,22,0,35,35,3,73,50,10,60,133
11/30/2010,EVV,IN,AGL,CE,Combined TRACON& Tower with Radar,0,38,14,0,52,0,0,2,0,2,0,38,16,0,54,4,0,4,58
12/01/2010,EVV,IN,AGL,CE,Combined TRACON& Tower with Radar,0,40,26,8,74,0,0,14,0,14,0,40,40,8,88,52,6,58,146
12/02/2010,EVV,IN,AGL,CE,Combined TRACON& Tower with Radar,0,42,37,1,80,0,2,33,3,38,0,44,70,4,118,102,4,106,224
12/03/2010,EVV,IN,AGL,CE,Combined TRACON& Tower with Radar,0,30,27,2,59,0,0,26,0,26,0,30,53,2,85,42,6,48,133
12/04/2010,EVV,IN,AGL,CE,Combined TRACON& Tower with Radar,0,23,12,0,35,0,0,3,0,3,0,23,15,0,38,0,0,0,38
12/05/2010,EVV,IN,AGL,CE,Combined TRACON& Tower with Radar,0,30,21,0,51,0,0,5,0,5,0,30,26,0,56,18,0,18,74
12/06/2010,EVV,IN,AGL,CE,Combined TRACON& Tower with Radar,0,34,18,0,52,0,0,16,0,16,0,34,34,0,68,28,0,28,96
12/07/2010,EVV,IN,AGL,CE,Combined TRACON& Tower with Radar,0,41,18,0,59,0,3,20,0,23,0,44,38,0,82,26,0,26,108
12/08/2010,EVV,IN,AGL,CE,Combined TRACON& Tower with Radar,0,45,40,19,104,0,0,33,2,35,0,45,73,21,139,34,20,54,193
12/09/2010,EVV,IN,AGL,CE,Combined TRACON& Tower with Radar,0,37,27,7,71,0,1,16,0,17,0,38,43,7,88,6,32,38,126
12/10/2010,EVV,IN,AGL,CE,Combined TRACON& Tower with Radar,0,39,26,0,65,0,2,29,0,31,0,41,55,0,96,78,0,78,174
12/11/2010,EVV,IN,AGL,CE,Combined TRACON& Tower with Radar,0,21,4,0,25,0,0,4,0,4,0,21,8,0,29,0,0,0,29
12/12/2010,EVV,IN,AGL,CE,Combined TRACON& Tower with Radar,0,18,3,0,21,0,0,0,0,0,0,18,3,0,21,0,0,0,21
12/13/2010,EVV,IN,AGL,CE,Combined TRACON& Tower with Radar,0,31,11,0,42,0,2,8,1,11,0,33,19,1,53,0,0,0,53
12/14/2010,EVV,IN,AGL,CE,Combined TRACON& Tower with Radar,0,46,28,1,75,0,4,12,1,17,0,50,40,2,92,0,0,0,92
12/15/2010,EVV,IN,AGL,CE,Combined TRACON& Tower with Radar,0,32,20,0,52,0,5,21,0,26,0,37,41,0,78,42,0,42,120
12/16/2010,EVV,IN,AGL,CE,Combined TRACON& Tower with Radar,0,34,11,0,45,0,0,0,0,0,0,34,11,0,45,0,0,0,45
12/17/2010,EVV,IN,AGL,CE,Combined TRACON& Tower with Radar,0,37,8,9,54,0,0,1,0,1,0,37,9,9,55,0,0,0,55
12/18/2010,EVV,IN,AGL,CE,Combined TRACON& Tower with Radar,0,31,15,0,46,0,6,19,0,25,0,37,34,0,71,30,0,30,101
12/19/2010,EVV,IN,AGL,CE,Combined TRACON& Tower with Radar,0,30,8,0,38,0,0,13,0,13,0,30,21,0,51,18,0,18,69
12/20/2010,EVV,IN,AGL,CE,Combined TRACON& Tower with Radar,0,32,24,0,56,0,0,12,0,12,0,32,36,0,68,14,0,14,82
12/21/2010,EVV,IN,AGL,CE,Combined TRACON& Tower with Radar,0,32,12,0,44,0,0,6,0,6,0,32,18,0,50,0,0,0,50
12/22/2010,EVV,IN,AGL,CE,Combined TRACON& Tower with Radar,0,32,17,0,49,0,0,7,0,7,0,32,24,0,56,26,0,26,82
12/23/2010,EVV,IN,AGL,CE,Combined TRACON& Tower with Radar,0,32,13,0,45,0,6,11,0,17,0,38,24,0,62,6,0,6,68
12/24/2010,EVV,IN,AGL,CE,Combined TRACON& Tower with Radar,0,18,4,0,22,0,0,3,0,3,0,18,7,0,25,0,0,0,25
12/25/2010,EVV,IN,AGL,CE,Combined TRACON& Tower with Radar,0,19,1,0,20,0,0,0,0,0,0,19,1,0,20,0,0,0,20
12/26/2010,EVV,IN,AGL,CE,Combined TRACON& Tower with Radar,0,25,19,0,44,0,0,12,0,12,0,25,31,0,56,2,0,2,58
12/27/2010,EVV,IN,AGL,CE,Combined TRACON& Tower with Radar,0,26,19,0,45,0,0,15,0,15,0,26,34,0,60,26,0,26,86
12/28/2010,EVV,IN,AGL,CE,Combined TRACON& Tower with Radar,0,31,23,0,54,0,0,37,0,37,0,31,60,0,91,284,0,284,375
12/29/2010,EVV,IN,AGL,CE,Combined TRACON& Tower with Radar,0,33,11,0,44,0,0,3,0,3,0,33,14,0,47,0,0,0,47
12/30/2010,EVV,IN,AGL,CE,Combined TRACON& Tower with Radar,0,26,8,0,34,0,2,0,0,2,0,28,8,0,36,17,0,17,53
12/31/2010,EVV,IN,AGL,CE,Combined TRACON& Tower with Radar,0,22,5,1,28,0,0,2,0,2,0,22,7,1,30,50,0,50,80
01/01/2011,EVV,IN,AGL,CE,Combined TRACON& Tower with Radar,1,21,6,0,28,0,0,8,0,8,1,21,14,0,36,72,0,72,108
01/02/2011,EVV,IN,AGL,CE,Combined TRACON& Tower with Radar,0,29,14,0,43,0,0,42,0,42,0,29,56,0,85,178,0,178,263
01/03/2011,EVV,IN,AGL,CE,Combined TRACON& Tower with Radar,0,36,19,1,56,0,0,19,0,19,0,36,38,1,75,10,0,10,85
01/04/2011,EVV,IN,AGL,CE,Combined TRACON& Tower with Radar,0,41,37,0,78,0,1,33,1,35,0,42,70,1,113,226,0,226,339
01/05/2011,EVV,IN,AGL,CE,Combined TRACON& Tower with Radar,0,32,44,4,80,0,0,20,0,20,0,32,64,4,100,205,8,213,313
01/06/2011,EVV,IN,AGL,CE,Combined TRACON& Tower with Radar,0,37,14,1,52,0,0,21,0,21,0,37,35,1,73,10,0,10,83
01/07/2011,EVV,IN,AGL,CE,Combined TRACON& Tower with Radar,0,37,13,0,50,0,0,0,0,0,0,37,13,0,50,0,0,0,50
01/08/2011,EVV,IN,AGL,CE,Combined TRACON& Tower with Radar,0,26,5,0,31,0,0,5,0,5,0,26,10,0,36,0,0,0,36
01/09/2011,EVV,IN,AGL,CE,Combined TRACON& Tower with Radar,2,25,21,0,48,0,7,21,0,28,2,32,42,0,76,82,0,82,158
01/10/2011,EVV,IN,AGL,CE,Combined TRACON& Tower with Radar,0,40,17,0,57,0,0,15,0,15,0,40,32,0,72,40,0,40,112
01/11/2011,EVV,IN,AGL,CE,Combined TRACON& Tower with Radar,0,25,13,0,38,0,0,0,0,0,0,25,13,0,38,0,0,0,38
01/12/2011,EVV,IN,AGL,CE,Combined TRACON& Tower with Radar,0,45,12,0,57,0,2,2,0,4,0,47,14,0,61,0,0,0,61
01/13/2011,EVV,IN,AGL,CE,Combined TRACON& Tower with Radar,0,41,20,0,61,0,0,12,0,12,0,41,32,0,73,122,0,122,195
01/14/2011,EVV,IN,AGL,CE,Combined TRACON& Tower with Radar,0,48,16,7,71,0,0,7,0,7,0,48,23,7,78,1400,12,1412,1490
01/15/2011,EVV,IN,AGL,CE,Combined TRACON& Tower with Radar,0,25,9,0,34,0,4,22,0,26,0,29,31,0,60,84,0,84,144
01/16/2011,EVV,IN,AGL,CE,Combined TRACON& Tower with Radar,2,31,4,0,37,0,0,7,0,7,2,31,11,0,44,34,0,34,78
01/17/2011,EVV,IN,AGL,CE,Combined TRACON& Tower with Radar,0,31,13,0,44,0,0,0,0,0,0,31,13,0,44,0,0,0,44
01/18/2011,EVV,IN,AGL,CE,Combined TRACON& Tower with Radar,0,40,19,0,59,0,0,0,0,0,0,40,19,0,59,0,0,0,59
01/19/2011,EVV,IN,AGL,CE,Combined TRACON& Tower with Radar,0,48,25,0,73,0,0,10,0,10,0,48,35,0,83,136,0,136,219
01/20/2011,EVV,IN,AGL,CE,Combined TRACON& Tower with Radar,0,47,15,0,62,0,0,2,0,2,0,47,17,0,64,24,0,24,88
01/21/2011,EVV,IN,AGL,CE,Combined TRACON& Tower with Radar,0,46,19,0,65,0,3,9,0,12,0,49,28,0,77,0,0,0,77
01/22/2011,EVV,IN,AGL,CE,Combined TRACON& Tower with Radar,0,29,14,0,43,0,2,8,0,10,0,31,22,0,53,106,0,106,159
01/23/2011,EVV,IN,AGL,CE,Combined TRACON& Tower with Radar,0,33,17,0,50,0,4,6,0,10,0,37,23,0,60,24,1,25,85
01/24/2011,EVV,IN,AGL,CE,Combined TRACON& Tower with Radar,0,44,9,0,53,0,0,2,0,2,0,44,11,0,55,0,0,0,55
01/25/2011,EVV,IN,AGL,CE,Combined TRACON& Tower with Radar,0,29,23,0,52,0,0,0,0,0,0,29,23,0,52,234,0,234,286
01/26/2011,EVV,IN,AGL,CE,Combined TRACON& Tower with Radar,0,42,28,0,70,0,0,7,0,7,0,42,35,0,77,100,0,100,177
01/27/2011,EVV,IN,AGL,CE,Combined TRACON& Tower with Radar,0,34,24,0,58,0,2,4,0,6,0,36,28,0,64,108,0,108,172
01/28/2011,EVV,IN,AGL,CE,Combined TRACON& Tower with Radar,0,35,41,0,76,0,0,3,0,3,0,35,44,0,79,106,0,106,185
01/29/2011,EVV,IN,AGL,CE,Combined TRACON& Tower with Radar,0,25,18,0,43,0,0,31,0,31,0,25,49,0,74,138,0,138,212
01/30/2011,EVV,IN,AGL,CE,Combined TRACON& Tower with Radar,0,27,14,0,41,0,1,14,5,20,0,28,28,5,61,58,0,58,119
01/31/2011,EVV,IN,AGL,CE,Combined TRACON& Tower with Radar,0,37,5,1,43,0,0,4,0,4,0,37,9,1,47,26,0,26,73
02/01/2011,EVV,IN,AGL,CE,Combined TRACON& Tower with Radar,0,17,5,0,22,0,0,0,0,0,0,17,5,0,22,0,0,0,22
02/02/2011,EVV,IN,AGL,CE,Combined TRACON& Tower with Radar,0,26,4,0,30,0,0,1,0,1,0,26,5,0,31,0,0,0,31
02/03/2011,EVV,IN,AGL,CE,Combined TRACON& Tower with Radar,0,42,8,0,50,0,0,18,0,18,0,42,26,0,68,38,0,38,106
02/04/2011,EVV,IN,AGL,CE,Combined TRACON& Tower with Radar,0,48,24,0,72,0,2,25,0,27,0,50,49,0,99,148,0,148,247
02/05/2011,EVV,IN,AGL,CE,Combined TRACON& Tower with Radar,0,32,6,0,38,0,0,1,0,1,0,32,7,0,39,0,0,0,39
02/06/2011,EVV,IN,AGL,CE,Combined TRACON& Tower with Radar,0,29,6,0,35,0,0,10,0,10,0,29,16,0,45,18,0,18,63
02/07/2011,EVV,IN,AGL,CE,Combined TRACON& Tower with Radar,2,36,9,0,47,0,0,1,0,1,2,36,10,0,48,0,0,0,48
02/08/2011,EVV,IN,AGL,CE,Combined TRACON& Tower with Radar,1,34,19,0,54,0,0,15,0,15,1,34,34,0,69,198,0,198,267
02/09/2011,EVV,IN,AGL,CE,Combined TRACON& Tower with Radar,0,43,16,0,59,0,0,0,0,0,0,43,16,0,59,80,2,82,141
02/10/2011,EVV,IN,AGL,CE,Combined TRACON& Tower with Radar,2,37,20,0,59,0,0,17,0,17,2,37,37,0,76,102,0,102,178
02/11/2011,EVV,IN,AGL,CE,Combined TRACON& Tower with Radar,0,38,20,0,58,0,0,20,0,20,0,38,40,0,78,90,0,90,168
02/12/2011,EVV,IN,AGL,CE,Combined TRACON& Tower with Radar,0,28,13,0,41,0,0,44,0,44,0,28,57,0,85,74,0,74,159
02/13/2011,EVV,IN,AGL,CE,Combined TRACON& Tower with Radar,0,35,7,7,49,0,0,23,1,24,0,35,30,8,73,52,0,52,125
02/14/2011,EVV,IN,AGL,CE,Combined TRACON& Tower with Radar,0,46,6,0,52,0,2,13,0,15,0,48,19,0,67,62,0,62,129
02/15/2011,EVV,IN,AGL,CE,Combined TRACON& Tower with Radar,0,40,37,0,77,0,0,21,0,21,0,40,58,0,98,192,0,192,290
02/16/2011,EVV,IN,AGL,CE,Combined TRACON& Tower with Radar,0,40,42,1,83,0,3,33,0,36,0,43,75,1,119,116,2,118,237
02/17/2011,EVV,IN,AGL,CE,Combined TRACON& Tower with Radar,0,39,15,0,54,0,6,6,0,12,0,45,21,0,66,79,0,79,145
02/18/2011,EVV,IN,AGL,CE,Combined TRACON& Tower with Radar,0,35,34,2,71,0,5,19,0,24,0,40,53,2,95,80,4,84,179
02/19/2011,EVV,IN,AGL,CE,Combined TRACON& Tower with Radar,0,20,15,0,35,0,0,18,0,18,0,20,33,0,53,0,0,0,53
02/20/2011,EVV,IN,AGL,CE,Combined TRACON& Tower with Radar,0,19,13,4,36,0,0,2,0,2,0,19,15,4,38,10,0,10,48
02/21/2011,EVV,IN,AGL,CE,Combined TRACON& Tower with Radar,0,36,12,1,49,0,3,3,0,6,0,39,15,1,55,0,0,0,55
02/22/2011,EVV,IN,AGL,CE,Combined TRACON& Tower with Radar,0,44,34,1,79,0,2,20,0,22,0,46,54,1,101,96,0,96,197
02/23/2011,EVV,IN,AGL,CE,Combined TRACON& Tower with Radar,0,36,32,2,70,1,1,23,0,25,1,37,55,2,95,144,0,144,239
02/24/2011,EVV,IN,AGL,CE,Combined TRACON& Tower with Radar,0,32,25,0,57,0,0,0,0,0,0,32,25,0,57,74,0,74,131
02/25/2011,EVV,IN,AGL,CE,Combined TRACON& Tower with Radar,0,38,11,0,49,0,0,3,0,3,0,38,14,0,52,0,0,0,52
02/26/2011,EVV,IN,AGL,CE,Combined TRACON& Tower with Radar,0,31,10,0,41,0,7,19,2,28,0,38,29,2,69,72,0,72,141
02/27/2011,EVV,IN,AGL,CE,Combined TRACON& Tower with Radar,0,30,6,0,36,0,1,0,0,1,0,31,6,0,37,0,0,0,37
02/28/2011,EVV,IN,AGL,CE,Combined TRACON& Tower with Radar,0,33,16,0,49,0,0,11,0,11,0,33,27,0,60,6,0,6,66
03/01/2011,EVV,IN,AGL,CE,Combined TRACON& Tower with Radar,0,39,30,0,69,0,3,39,0,42,0,42,69,0,111,176,0,176,287
03/02/2011,EVV,IN,AGL,CE,Combined TRACON& Tower with Radar,0,47,32,0,79,0,0,32,0,32,0,47,64,0,111,38,0,38,149
03/03/2011,EVV,IN,AGL,CE,Combined TRACON& Tower with Radar,0,37,30,0,67,0,0,31,0,31,0,37,61,0,98,124,0,124,222
03/04/2011,EVV,IN,AGL,CE,Combined TRACON& Tower with Radar,0,46,26,0,72,0,0,8,0,8,0,46,34,0,80,122,0,122,202
03/05/2011,EVV,IN,AGL,CE,Combined TRACON& Tower with Radar,4,19,3,0,26,0,0,0,0,0,4,19,3,0,26,0,0,0,26
03/06/2011,EVV,IN,AGL,CE,Combined TRACON& Tower with Radar,3,23,17,0,43,0,0,10,0,10,3,23,27,0,53,40,0,40,93
03/07/2011,EVV,IN,AGL,CE,Combined TRACON& Tower with Radar,3,35,25,1,64,0,0,33,1,34,3,35,58,2,98,0,0,0,98
03/08/2011,EVV,IN,AGL,CE,Combined TRACON& Tower with Radar,5,30,20,0,55,0,1,19,0,20,5,31,39,0,75,0,0,0,75
03/09/2011,EVV,IN,AGL,CE,Combined TRACON& Tower with Radar,4,32,25,9,70,0,0,6,0,6,4,32,31,9,76,0,0,0,76
03/10/2011,EVV,IN,AGL,CE,Combined TRACON& Tower with Radar,2,57,20,0,79,0,0,13,0,13,2,57,33,0,92,152,0,152,244
03/11/2011,EVV,IN,AGL,CE,Combined TRACON& Tower with Radar,0,38,26,1,65,0,6,47,1,54,0,44,73,2,119,50,0,50,169
03/12/2011,EVV,IN,AGL,CE,Combined TRACON& Tower with Radar,3,21,33,0,57,0,0,22,0,22,3,21,55,0,79,34,0,34,113
03/13/2011,EVV,IN,AGL,CE,Combined TRACON& Tower with Radar,2,26,15,0,43,0,4,34,1,39,2,30,49,1,82,56,0,56,138
03/14/2011,EVV,IN,AGL,CE,Combined TRACON& Tower with Radar,3,37,16,0,56,0,0,0,0,0,3,37,16,0,56,0,0,0,56
03/15/2011,EVV,IN,AGL,CE,Combined TRACON& Tower with Radar,1,40,19,0,60,0,0,0,0,0,1,40,19,0,60,0,0,0,60
03/16/2011,EVV,IN,AGL,CE,Combined TRACON& Tower with Radar,0,46,25,0,71,0,1,27,0,28,0,47,52,0,99,144,0,144,243
03/17/2011,EVV,IN,AGL,CE,Combined TRACON& Tower with Radar,0,41,28,0,69,0,1,31,0,32,0,42,59,0,101,134,0,134,235
03/18/2011,EVV,IN,AGL,CE,Combined TRACON& Tower with Radar,0,49,30,21,100,0,0,19,0,19,0,49,49,21,119,200,8,208,327
03/19/2011,EVV,IN,AGL,CE,Combined TRACON& Tower with Radar,0,31,21,0,52,0,0,52,0,52,0,31,73,0,104,78,0,78,182
03/20/2011,EVV,IN,AGL,CE,Combined TRACON& Tower with Radar,0,31,16,0,47,0,1,32,0,33,0,32,48,0,80,12,0,12,92
03/21/2011,EVV,IN,AGL,CE,Combined TRACON& Tower with Radar,0,37,16,2,55,0,0,22,0,22,0,37,38,2,77,98,0,98,175
03/22/2011,EVV,IN,AGL,CE,Combined TRACON& Tower with Radar,0,43,21,0,64,0,0,24,0,24,0,43,45,0,88,192,0,192,280
03/23/2011,EVV,IN,AGL,CE,Combined TRACON& Tower with Radar,0,29,10,0,39,1,0,8,0,9,1,29,18,0,48,25,0,25,73
03/24/2011,EVV,IN,AGL,CE,Combined TRACON& Tower with Radar,0,33,30,0,63,0,0,16,0,16,0,33,46,0,79,54,28,82,161
03/25/2011,EVV,IN,AGL,CE,Combined TRACON& Tower with Radar,0,36,19,2,57,0,0,10,0,10,0,36,29,2,67,16,0,16,83
03/26/2011,EVV,IN,AGL,CE,Combined TRACON& Tower with Radar,0,32,36,1,69,0,0,7,6,13,0,32,43,7,82,4,12,16,98
03/27/2011,EVV,IN,AGL,CE,Combined TRACON& Tower with Radar,0,29,11,1,41,0,0,31,1,32,0,29,42,2,73,20,0,20,93
03/28/2011,EVV,IN,AGL,CE,Combined TRACON& Tower with Radar,0,44,15,21,80,0,0,32,17,49,0,44,47,38,129,134,26,160,289
03/29/2011,EVV,IN,AGL,CE,Combined TRACON& Tower with Radar,0,42,21,0,63,0,5,19,0,24,0,47,40,0,87,22,0,22,109
03/30/2011,EVV,IN,AGL,CE,Combined TRACON& Tower with Radar,0,41,19,1,61,0,0,2,1,3,0,41,21,2,64,27,1,28,92
03/31/2011,EVV,IN,AGL,CE,Combined TRACON& Tower with Radar,0,34,44,0,78,0,0,34,1,35,0,34,78,1,113,45,0,45,158
04/01/2011,EVV,IN,AGL,CE,Combined TRACON& Tower with Radar,0,41,15,7,63,0,0,10,0,10,0,41,25,7,73,12,12,24,97
04/02/2011,EVV,IN,AGL,CE,Combined TRACON& Tower with Radar,0,27,20,0,47,0,0,36,1,37,0,27,56,1,84,18,0,18,102
04/03/2011,EVV,IN,AGL,CE,Combined TRACON& Tower with Radar,2,28,9,0,39,0,0,14,0,14,2,28,23,0,53,20,0,20,73
04/04/2011,EVV,IN,AGL,CE,Combined TRACON& Tower with Radar,0,38,16,0,54,0,0,11,0,11,0,38,27,0,65,6,0,6,71
04/05/2011,EVV,IN,AGL,CE,Combined TRACON& Tower with Radar,0,37,39,0,76,0,2,38,0,40,0,39,77,0,116,110,0,110,226
04/06/2011,EVV,IN,AGL,CE,Combined TRACON& Tower with Radar,0,44,18,0,62,0,0,12,0,12,0,44,30,0,74,0,0,0,74
04/07/2011,EVV,IN,AGL,CE,Combined TRACON& Tower with Radar,2,46,30,0,78,0,2,23,3,28,2,48,53,3,106,61,0,61,167
04/08/2011,EVV,IN,AGL,CE,Combined TRACON& Tower with Radar,0,39,25,0,64,0,2,33,0,35,0,41,58,0,99,0,0,0,99
04/09/2011,EVV,IN,AGL,CE,Combined TRACON& Tower with Radar,0,24,7,0,31,0,1,15,0,16,0,25,22,0,47,19,0,19,66
04/10/2011,EVV,IN,AGL,CE,Combined TRACON& Tower with Radar,0,37,7,2,46,0,0,9,0,9,0,37,16,2,55,44,0,44,99
04/11/2011,EVV,IN,AGL,CE,Combined TRACON& Tower with Radar,0,44,19,0,63,0,0,1,0,1,0,44,20,0,64,8,0,8,72
04/12/2011,EVV,IN,AGL,CE,Combined TRACON& Tower with Radar,0,35,21,0,56,0,4,17,2,23,0,39,38,2,79,10,0,10,89
04/13/2011,EVV,IN,AGL,CE,Combined TRACON& Tower with Radar,0,44,19,2,65,0,4,60,1,65,0,48,79,3,130,88,4,92,222
04/14/2011,EVV,IN,AGL,CE,Combined TRACON& Tower with Radar,0,37,30,17,84,0,0,26,1,27,0,37,56,18,111,42,16,58,169
04/15/2011,EVV,IN,AGL,CE,Combined TRACON& Tower with Radar,0,43,10,0,53,0,2,7,0,9,0,45,17,0,62,0,0,0,62
04/16/2011,EVV,IN,AGL,CE,Combined TRACON& Tower with Radar,0,20,4,0,24,0,0,5,0,5,0,20,9,0,29,12,0,12,41
04/17/2011,EVV,IN,AGL,CE,Combined TRACON& Tower with Radar,0,31,12,0,43,0,0,40,0,40,0,31,52,0,83,70,0,70,153
04/18/2011,EVV,IN,AGL,CE,Combined TRACON& Tower with Radar,0,42,16,1,59,0,1,29,0,30,0,43,45,1,89,22,0,22,111
04/19/2011,EVV,IN,AGL,CE,Combined TRACON& Tower with Radar,0,32,21,0,53,0,1,4,0,5,0,33,25,0,58,18,0,18,76
04/20/2011,EVV,IN,AGL,CE,Combined TRACON& Tower with Radar,0,49,20,0,69,0,0,7,0,7,0,49,27,0,76,68,0,68,144
04/21/2011,EVV,IN,AGL,CE,Combined TRACON& Tower with Radar,4,48,23,7,82,0,4,34,3,41,4,52,57,10,123,30,18,48,171
04/22/2011,EVV,IN,AGL,CE,Combined TRACON& Tower with Radar,0,35,5,0,40,0,0,1,0,1,0,35,6,0,41,0,0,0,41
04/23/2011,EVV,IN,AGL,CE,Combined TRACON& Tower with Radar,0,23,6,0,29,0,0,1,0,1,0,23,7,0,30,0,0,0,30
04/24/2011,EVV,IN,AGL,CE,Combined TRACON& Tower with Radar,2,28,6,0,36,0,0,1,0,1,2,28,7,0,37,0,0,0,37
04/25/2011,EVV,IN,AGL,CE,Combined TRACON& Tower with Radar,0,38,19,0,57,0,4,4,0,8,0,42,23,0,65,4,0,4,69
04/26/2011,EVV,IN,AGL,CE,Combined TRACON& Tower with Radar,0,33,9,0,42,0,1,8,0,9,0,34,17,0,51,0,0,0,51
04/27/2011,EVV,IN,AGL,CE,Combined TRACON& Tower with Radar,0,40,7,0,47,0,0,0,0,0,0,40,7,0,47,0,0,0,47
04/28/2011,EVV,IN,AGL,CE,Combined TRACON& Tower with Radar,0,52,36,0,88,0,6,29,4,39,0,58,65,4,127,0,0,0,127
04/29/2011,EVV,IN,AGL,CE,Combined TRACON& Tower with Radar,0,48,38,0,86,0,0,58,0,58,0,48,96,0,144,140,0,140,284
04/30/2011,EVV,IN,AGL,CE,Combined TRACON& Tower with Radar,0,22,12,0,34,0,0,29,0,29,0,22,41,0,63,46,0,46,109
05/01/2011,EVV,IN,AGL,CE,Combined TRACON& Tower with Radar,0,33,11,0,44,0,0,1,0,1,0,33,12,0,45,8,0,8,53
05/02/2011,EVV,IN,AGL,CE,Combined TRACON& Tower with Radar,0,31,6,0,37,0,0,2,0,2,0,31,8,0,39,0,0,0,39
05/03/2011,EVV,IN,AGL,CE,Combined TRACON& Tower with Radar,0,36,25,6,67,0,0,28,1,29,0,36,53,7,96,80,0,80,176
05/04/2011,EVV,IN,AGL,CE,Combined TRACON& Tower with Radar,0,42,33,0,75,0,1,22,0,23,0,43,55,0,98,146,0,146,244
05/05/2011,EVV,IN,AGL,CE,Combined TRACON& Tower with Radar,0,39,28,0,67,0,3,43,2,48,0,42,71,2,115,106,0,106,221
05/06/2011,EVV,IN,AGL,CE,Combined TRACON& Tower with Radar,0,36,19,0,55,0,0,25,0,25,0,36,44,0,80,44,0,44,124
05/07/2011,EVV,IN,AGL,CE,Combined TRACON& Tower with Radar,0,23,9,0,32,0,0,12,1,13,0,23,21,1,45,16,0,16,61
05/08/2011,EVV,IN,AGL,CE,Combined TRACON& Tower with Radar,0,28,19,1,48,0,4,39,0,43,0,32,58,1,91,48,0,48,139
05/09/2011,EVV,IN,AGL,CE,Combined TRACON& Tower with Radar,0,47,20,0,67,0,3,20,0,23,0,50,40,0,90,38,0,38,128
05/10/2011,EVV,IN,AGL,CE,Combined TRACON& Tower with Radar,0,42,30,1,73,0,2,29,2,33,0,44,59,3,106,132,0,132,238
05/11/2011,EVV,IN,AGL,CE,Combined TRACON& Tower with Radar,0,42,21,2,65,0,1,24,0,25,0,43,45,2,90,32,2,34,124
05/12/2011,EVV,IN,AGL,CE,Combined TRACON& Tower with Radar,0,38,33,1,72,0,1,34,0,35,0,39,67,1,107,24,0,24,131
05/13/2011,EVV,IN,AGL,CE,Combined TRACON& Tower with Radar,0,34,34,0,68,0,0,10,0,10,0,34,44,0,78,0,0,0,78
05/14/2011,EVV,IN,AGL,CE,Combined TRACON& Tower with Radar,0,27,10,0,37,0,1,4,0,5,0,28,14,0,42,4,0,4,46
05/15/2011,EVV,IN,AGL,CE,Combined TRACON& Tower with Radar,0,33,6,0,39,0,0,1,0,1,0,33,7,0,40,0,0,0,40
05/16/2011,EVV,IN,AGL,CE,Combined TRACON& Tower with Radar,0,45,13,6,64,0,2,12,1,15,0,47,25,7,79,52,6,58,137
05/17/2011,EVV,IN,AGL,CE,Combined TRACON& Tower with Radar,0,37,25,8,70,0,3,17,2,22,0,40,42,10,92,180,18,198,290
05/18/2011,EVV,IN,AGL,CE,Combined TRACON& Tower with Radar,1,50,24,0,75,0,0,14,1,15,1,50,38,1,90,104,0,104,194
05/19/2011,EVV,IN,AGL,CE,Combined TRACON& Tower with Radar,2,43,30,4,79,0,0,22,3,25,2,43,52,7,104,20,0,20,124
05/20/2011,EVV,IN,AGL,CE,Combined TRACON& Tower with Radar,1,38,40,1,80,0,0,24,0,24,1,38,64,1,104,114,0,114,218
05/21/2011,EVV,IN,AGL,CE,Combined TRACON& Tower with Radar,0,27,12,2,41,0,1,25,0,26,0,28,37,2,67,32,0,32,99
05/22/2011,EVV,IN,AGL,CE,Combined TRACON& Tower with Radar,0,33,12,0,45,0,0,17,0,17,0,33,29,0,62,0,0,0,62
05/23/2011,EVV,IN,AGL,CE,Combined TRACON& Tower with Radar,2,35,21,0,58,0,1,17,4,22,2,36,38,4,80,0,0,0,80
05/24/2011,EVV,IN,AGL,CE,Combined TRACON& Tower with Radar,2,49,27,0,78,0,4,28,0,32,2,53,55,0,110,176,0,176,286
05/25/2011,EVV,IN,AGL,CE,Combined TRACON& Tower with Radar,0,30,15,0,45,0,2,7,0,9,0,32,22,0,54,24,0,24,78
05/26/2011,EVV,IN,AGL,CE,Combined TRACON& Tower with Radar,0,46,27,0,73,0,1,0,0,1,0,47,27,0,74,0,0,0,74
05/27/2011,EVV,IN,AGL,CE,Combined TRACON& Tower with Radar,0,34,18,0,52,0,1,10,0,11,0,35,28,0,63,16,0,16,79
05/28/2011,EVV,IN,AGL,CE,Combined TRACON& Tower with Radar,0,22,12,0,34,0,0,23,1,24,0,22,35,1,58,0,0,0,58
05/29/2011,EVV,IN,AGL,CE,Combined TRACON& Tower with Radar,0,21,5,0,26,0,0,20,0,20,0,21,25,0,46,8,0,8,54
05/30/2011,EVV,IN,AGL,CE,Combined TRACON& Tower with Radar,0,30,12,0,42,0,0,22,0,22,0,30,34,0,64,8,0,8,72
05/31/2011,EVV,IN,AGL,CE,Combined TRACON& Tower with Radar,0,45,22,1,68,0,3,16,0,19,0,48,38,1,87,86,0,86,173
06/01/2011,EVV,IN,AGL,CE,Combined TRACON& Tower with Radar,2,37,31,2,72,0,11,36,0,47,2,48,67,2,119,42,2,44,163
06/02/2011,EVV,IN,AGL,CE,Combined TRACON& Tower with Radar,0,40,23,0,63,0,6,32,0,38,0,46,55,0,101,25,0,25,126
06/03/2011,EVV,IN,AGL,CE,Combined TRACON& Tower with Radar,0,36,24,8,68,0,4,20,1,25,0,40,44,9,93,32,12,44,137
06/04/2011,EVV,IN,AGL,CE,Combined TRACON& Tower with Radar,2,33,23,0,58,0,2,18,0,20,2,35,41,0,78,25,0,25,103
06/05/2011,EVV,IN,AGL,CE,Combined TRACON& Tower with Radar,0,36,10,0,46,0,5,6,0,11,0,41,16,0,57,9,0,9,66
06/06/2011,EVV,IN,AGL,CE,Combined TRACON& Tower with Radar,0,43,11,0,54,0,5,17,0,22,0,48,28,0,76,8,0,8,84
06/07/2011,EVV,IN,AGL,CE,Combined TRACON& Tower with Radar,0,38,37,2,77,0,2,16,0,18,0,40,53,2,95,204,0,204,299
06/08/2011,EVV,IN,AGL,CE,Combined TRACON& Tower with Radar,0,43,25,2,70,0,2,27,0,29,0,45,52,2,99,76,14,90,189
06/09/2011,EVV,IN,AGL,CE,Combined TRACON& Tower with Radar,0,35,15,0,50,0,4,23,1,28,0,39,38,1,78,68,0,68,146
06/10/2011,EVV,IN,AGL,CE,Combined TRACON& Tower with Radar,0,34,15,6,55,0,5,38,3,46,0,39,53,9,101,64,34,98,199
06/11/2011,EVV,IN,AGL,CE,Combined TRACON& Tower with Radar,0,28,9,0,37,0,2,20,4,26,0,30,29,4,63,100,40,140,203
06/12/2011,EVV,IN,AGL,CE,Combined TRACON& Tower with Radar,0,30,13,3,46,0,2,43,20,65,0,32,56,23,111,104,28,132,243
06/13/2011,EVV,IN,AGL,CE,Combined TRACON& Tower with Radar,0,40,20,3,63,0,3,18,0,21,0,43,38,3,84,34,0,34,118
06/14/2011,EVV,IN,AGL,CE,Combined TRACON& Tower with Radar,0,40,23,0,63,0,2,1,0,3,0,42,24,0,66,8,0,8,74
06/15/2011,EVV,IN,AGL,CE,Combined TRACON& Tower with Radar,0,43,26,0,69,0,0,16,0,16,0,43,42,0,85,84,0,84,169
06/16/2011,EVV,IN,AGL,CE,Combined TRACON& Tower with Radar,0,40,31,7,78,0,2,22,0,24,0,42,53,7,102,24,2,26,128
06/17/2011,EVV,IN,AGL,CE,Combined TRACON& Tower with Radar,0,40,21,1,62,0,7,7,0,14,0,47,28,1,76,66,0,66,142
06/18/2011,EVV,IN,AGL,CE,Combined TRACON& Tower with Radar,0,23,10,0,33,0,0,4,1,5,0,23,14,1,38,10,8,18,56
06/19/2011,EVV,IN,AGL,CE,Combined TRACON& Tower with Radar,0,26,6,0,32,0,0,4,0,4,0,26,10,0,36,12,0,12,48
06/20/2011,EVV,IN,AGL,CE,Combined TRACON& Tower with Radar,0,35,23,2,60,0,0,26,0,26,0,35,49,2,86,68,2,70,156
06/21/2011,EVV,IN,AGL,CE,Combined TRACON& Tower with Radar,0,35,13,0,48,0,3,5,0,8,0,38,18,0,56,132,0,132,188
06/22/2011,EVV,IN,AGL,CE,Combined TRACON& Tower with Radar,0,30,23,1,54,0,3,11,0,14,0,33,34,1,68,152,0,152,220
06/23/2011,EVV,IN,AGL,CE,Combined TRACON& Tower with Radar,1,36,25,0,62,0,6,26,0,32,1,42,51,0,94,74,0,74,168
06/24/2011,EVV,IN,AGL,CE,Combined TRACON& Tower with Radar,0,40,19,15,74,0,1,11,6,18,0,41,30,21,92,4,8,12,104
06/25/2011,EVV,IN,AGL,CE,Combined TRACON& Tower with Radar,0,27,13,6,46,0,3,31,0,34,0,30,44,6,80,30,6,36,116
06/26/2011,EVV,IN,AGL,CE,Combined TRACON& Tower with Radar,0,33,8,0,41,0,1,5,0,6,0,34,13,0,47,20,0,20,67
06/27/2011,EVV,IN,AGL,CE,Combined TRACON& Tower with Radar,0,39,16,0,55,0,1,4,2,7,0,40,20,2,62,6,0,6,68
06/28/2011,EVV,IN,AGL,CE,Combined TRACON& Tower with Radar,0,39,8,13,60,0,7,17,2,26,0,46,25,15,86,58,20,78,164
06/29/2011,EVV,IN,AGL,CE,Combined TRACON& Tower with Radar,0,37,21,10,68,0,5,28,12,45,0,42,49,22,113,62,6,68,181
06/30/2011,EVV,IN,AGL,CE,Combined TRACON& Tower with Radar,0,40,15,0,55,0,0,41,0,41,0,40,56,0,96,76,0,76,172
07/01/2011,EVV,IN,AGL,CE,Combined TRACON& Tower with Radar,0,37,18,0,55,0,0,23,0,23,0,37,41,0,78,94,2,96,174
07/02/2011,EVV,IN,AGL,CE,Combined TRACON& Tower with Radar,0,26,6,0,32,0,0,43,0,43,0,26,49,0,75,36,0,36,111
07/03/2011,EVV,IN,AGL,CE,Combined TRACON& Tower with Radar,0,18,5,0,23,0,3,6,0,9,0,21,11,0,32,12,0,12,44
07/04/2011,EVV,IN,AGL,CE,Combined TRACON& Tower with Radar,0,25,9,0,34,0,0,9,0,9,0,25,18,0,43,30,0,30,73
07/05/2011,EVV,IN,AGL,CE,Combined TRACON& Tower with Radar,0,33,13,0,46,0,2,20,0,22,0,35,33,0,68,200,8,208,276
07/06/2011,EVV,IN,AGL,CE,Combined TRACON& Tower with Radar,0,46,27,55,128,0,9,30,15,54,0,55,57,70,182,92,90,182,364
07/07/2011,EVV,IN,AGL,CE,Combined TRACON& Tower with Radar,0,38,15,1,54,0,4,18,3,25,0,42,33,4,79,46,0,46,125
07/08/2011,EVV,IN,AGL,CE,Combined TRACON& Tower with Radar,0,39,17,6,62,0,1,23,0,24,0,40,40,6,86,6,10,16,102
07/09/2011,EVV,IN,AGL,CE,Combined TRACON& Tower with Radar,0,31,10,0,41,0,5,22,0,27,0,36,32,0,68,94,0,94,162
07/10/2011,EVV,IN,AGL,CE,Combined TRACON& Tower with Radar,0,32,19,17,68,0,2,17,0,19,0,34,36,17,87,11,6,17,104
07/11/2011,EVV,IN,AGL,CE,Combined TRACON& Tower with Radar,0,37,17,0,54,0,1,32,1,34,0,38,49,1,88,94,0,94,182
07/12/2011,EVV,IN,AGL,CE,Combined TRACON& Tower with Radar,0,33,21,13,67,0,0,30,3,33,0,33,51,16,100,17,2,19,119
07/13/2011,EVV,IN,AGL,CE,Combined TRACON& Tower with Radar,0,35,14,0,49,0,2,30,0,32,0,37,44,0,81,66,0,66,147
07/14/2011,EVV,IN,AGL,CE,Combined TRACON& Tower with Radar,0,43,16,13,72,0,15,31,0,46,0,58,47,13,118,51,12,63,181
07/15/2011,EVV,IN,AGL,CE,Combined TRACON& Tower with Radar,0,36,10,27,73,0,5,70,0,75,0,41,80,27,148,76,54,130,278
07/16/2011,EVV,IN,AGL,CE,Combined TRACON& Tower with Radar,0,28,11,0,39,0,2,53,0,55,0,30,64,0,94,4,0,4,98
07/17/2011,EVV,IN,AGL,CE,Combined TRACON& Tower with Radar,0,30,8,7,45,0,2,7,0,9,0,32,15,7,54,11,4,15,69
07/18/2011,EVV,IN,AGL,CE,Combined TRACON& Tower with Radar,0,43,13,7,63,0,16,17,2,35,0,59,30,9,98,0,5,5,103
07/19/2011,EVV,IN,AGL,CE,Combined TRACON& Tower with Radar,0,34,9,0,43,0,12,27,0,39,0,46,36,0,82,4,0,4,86
07/20/2011,EVV,IN,AGL,CE,Combined TRACON& Tower with Radar,0,42,31,2,75,0,6,24,0,30,0,48,55,2,105,120,2,122,227
07/21/2011,EVV,IN,AGL,CE,Combined TRACON& Tower with Radar,2,29,21,2,54,0,2,40,1,43,2,31,61,3,97,50,0,50,147
07/22/2011,EVV,IN,AGL,CE,Combined TRACON& Tower with Radar,0,39,17,0,56,0,2,49,0,51,0,41,66,0,107,94,4,98,205
07/23/2011,EVV,IN,AGL,CE,Combined TRACON& Tower with Radar,0,27,12,0,39,0,38,85,0,123,0,65,97,0,162,26,0,26,188
07/24/2011,EVV,IN,AGL,CE,Combined TRACON& Tower with Radar,0,31,11,1,43,0,0,13,0,13,0,31,24,1,56,24,0,24,80
07/25/2011,EVV,IN,AGL,CE,Combined TRACON& Tower with Radar,0,38,16,12,66,0,2,20,2,24,0,40,36,14,90,12,16,28,118
07/26/2011,EVV,IN,AGL,CE,Combined TRACON& Tower with Radar,0,38,18,4,60,0,5,9,6,20,0,43,27,10,80,37,0,37,117
07/27/2011,EVV,IN,AGL,CE,Combined TRACON& Tower with Radar,0,37,32,9,78,0,4,16,1,21,0,41,48,10,99,36,16,52,151
07/28/2011,EVV,IN,AGL,CE,Combined TRACON& Tower with Radar,0,42,22,18,82,0,0,23,2,25,0,42,45,20,107,12,4,16,123
07/29/2011,EVV,IN,AGL,CE,Combined TRACON& Tower with Radar,0,35,15,20,70,0,0,41,0,41,0,35,56,20,111,2,54,56,167
07/30/2011,EVV,IN,AGL,CE,Combined TRACON& Tower with Radar,0,28,10,0,38,0,0,4,0,4,0,28,14,0,42,18,0,18,60
07/31/2011,EVV,IN,AGL,CE,Combined TRACON& Tower with Radar,0,32,10,12,54,0,2,32,0,34,0,34,42,12,88,0,10,10,98
08/01/2011,EVV,IN,AGL,CE,Combined TRACON& Tower with Radar,0,35,8,19,62,0,0,27,1,28,0,35,35,20,90,40,22,62,152
08/02/2011,EVV,IN,AGL,CE,Combined TRACON& Tower with Radar,0,34,19,1,54,0,5,45,0,50,0,39,64,1,104,12,8,20,124
08/03/2011,EVV,IN,AGL,CE,Combined TRACON& Tower with Radar,0,43,11,3,57,0,0,64,0,64,0,43,75,3,121,80,8,88,209
08/04/2011,EVV,IN,AGL,CE,Combined TRACON& Tower with Radar,0,41,14,1,56,0,0,49,0,49,0,41,63,1,105,42,0,42,147
08/05/2011,EVV,IN,AGL,CE,Combined TRACON& Tower with Radar,0,41,26,0,67,0,7,16,0,23,0,48,42,0,90,20,0,20,110
08/06/2011,EVV,IN,AGL,CE,Combined TRACON& Tower with Radar,0,27,10,0,37,0,3,21,0,24,0,30,31,0,61,11,0,11,72
08/07/2011,EVV,IN,AGL,CE,Combined TRACON& Tower with Radar,0,29,12,2,43,0,2,29,0,31,0,31,41,2,74,18,0,18,92
08/08/2011,EVV,IN,AGL,CE,Combined TRACON& Tower with Radar,0,38,18,0,56,0,16,14,1,31,0,54,32,1,87,8,0,8,95
08/09/2011,EVV,IN,AGL,CE,Combined TRACON& Tower with Radar,0,38,30,0,68,0,5,24,6,35,0,43,54,6,103,8,0,8,111
08/10/2011,EVV,IN,AGL,CE,Combined TRACON& Tower with Radar,0,35,22,0,57,0,0,40,10,50,0,35,62,10,107,222,0,222,329
08/11/2011,EVV,IN,AGL,CE,Combined TRACON& Tower with Radar,0,37,60,0,97,0,2,33,8,43,0,39,93,8,140,16,0,16,156
08/12/2011,EVV,IN,AGL,CE,Combined TRACON& Tower with Radar,0,35,15,0,50,0,5,30,0,35,0,40,45,0,85,6,0,6,91
08/13/2011,EVV,IN,AGL,CE,Combined TRACON& Tower with Radar,0,27,9,0,36,0,7,8,0,15,0,34,17,0,51,2,0,2,53
08/14/2011,EVV,IN,AGL,CE,Combined TRACON& Tower with Radar,0,30,17,10,57,0,2,7,0,9,0,32,24,10,66,38,14,52,118
08/15/2011,EVV,IN,AGL,CE,Combined TRACON& Tower with Radar,0,40,11,0,51,0,0,13,0,13,0,40,24,0,64,12,0,12,76
08/16/2011,EVV,IN,AGL,CE,Combined TRACON& Tower with Radar,0,38,23,1,62,0,3,44,1,48,0,41,67,2,110,6,0,6,116
08/17/2011,EVV,IN,AGL,CE,Combined TRACON& Tower with Radar,0,43,34,0,77,0,8,34,0,42,0,51,68,0,119,8,0,8,127
08/18/2011,EVV,IN,AGL,CE,Combined TRACON& Tower with Radar,0,41,23,3,67,0,3,15,0,18,0,44,38,3,85,6,0,6,91
08/19/2011,EVV,IN,AGL,CE,Combined TRACON& Tower with Radar,0,32,8,16,56,0,4,25,4,33,0,36,33,20,89,26,24,50,139
08/20/2011,EVV,IN,AGL,CE,Combined TRACON& Tower with Radar,0,25,10,0,35,0,3,25,0,28,0,28,35,0,63,0,0,0,63
08/21/2011,EVV,IN,AGL,CE,Combined TRACON& Tower with Radar,0,28,16,16,60,0,6,31,1,38,0,34,47,17,98,2,16,18,116
08/22/2011,EVV,IN,AGL,CE,Combined TRACON& Tower with Radar,0,34,13,6,53,0,5,30,0,35,0,39,43,6,88,18,0,18,106
08/23/2011,EVV,IN,AGL,CE,Combined TRACON& Tower with Radar,0,41,22,5,68,0,2,32,0,34,0,43,54,5,102,30,0,30,132
08/24/2011,EVV,IN,AGL,CE,Combined TRACON& Tower with Radar,0,37,25,0,62,0,1,24,0,25,0,38,49,0,87,0,0,0,87
08/25/2011,EVV,IN,AGL,CE,Combined TRACON& Tower with Radar,0,41,23,0,64,0,1,25,0,26,0,42,48,0,90,16,0,16,106
08/26/2011,EVV,IN,AGL,CE,Combined TRACON& Tower with Radar,2,33,21,2,58,0,6,33,0,39,2,39,54,2,97,12,0,12,109
08/27/2011,EVV,IN,AGL,CE,Combined TRACON& Tower with Radar,0,21,9,39,69,0,9,34,4,47,0,30,43,43,116,0,72,72,188
08/28/2011,EVV,IN,AGL,CE,Combined TRACON& Tower with Radar,0,26,18,11,55,0,5,33,0,38,0,31,51,11,93,50,18,68,161
08/29/2011,EVV,IN,AGL,CE,Combined TRACON& Tower with Radar,0,31,15,10,56,0,4,16,2,22,0,35,31,12,78,14,4,18,96
08/30/2011,EVV,IN,AGL,CE,Combined TRACON& Tower with Radar,0,32,12,3,47,0,2,42,0,44,0,34,54,3,91,228,0,228,319
08/31/2011,EVV,IN,AGL,CE,Combined TRACON& Tower with Radar,0,33,34,2,69,0,1,38,0,39,0,34,72,2,108,0,0,0,108
09/01/2011,EVV,IN,AGL,CE,Combined TRACON& Tower with Radar,0,30,19,2,51,0,0,15,0,15,0,30,34,2,66,62,2,64,130
09/02/2011,EVV,IN,AGL,CE,Combined TRACON& Tower with Radar,2,29,17,0,48,0,8,13,1,22,2,37,30,1,70,0,0,0,70
09/03/2011,EVV,IN,AGL,CE,Combined TRACON& Tower with Radar,0,20,8,0,28,0,1,35,0,36,0,21,43,0,64,20,0,20,84
09/04/2011,EVV,IN,AGL,CE,Combined TRACON& Tower with Radar,0,20,4,0,24,0,0,1,0,1,0,20,5,0,25,0,0,0,25
09/05/2011,EVV,IN,AGL,CE,Combined TRACON& Tower with Radar,0,27,8,1,36,0,3,10,0,13,0,30,18,1,49,0,0,0,49
09/06/2011,EVV,IN,AGL,CE,Combined TRACON& Tower with Radar,0,38,21,0,59,0,3,13,0,16,0,41,34,0,75,222,0,222,297
09/07/2011,EVV,IN,AGL,CE,Combined TRACON& Tower with Radar,0,37,26,0,63,0,7,21,0,28,0,44,47,0,91,18,0,18,109
09/08/2011,EVV,IN,AGL,CE,Combined TRACON& Tower with Radar,0,41,22,9,72,0,2,9,0,11,0,43,31,9,83,12,0,12,95
09/09/2011,EVV,IN,AGL,CE,Combined TRACON& Tower with Radar,0,30,24,2,56,0,0,2,0,2,0,30,26,2,58,0,0,0,58
09/10/2011,EVV,IN,AGL,CE,Combined TRACON& Tower with Radar,0,27,2,2,31,0,2,19,0,21,0,29,21,2,52,0,0,0,52
09/11/2011,EVV,IN,AGL,CE,Combined TRACON& Tower with Radar,0,23,12,2,37,0,0,34,1,35,0,23,46,3,72,58,0,58,130
09/12/2011,EVV,IN,AGL,CE,Combined TRACON& Tower with Radar,2,30,19,0,51,0,5,26,0,31,2,35,45,0,82,16,0,16,98
09/13/2011,EVV,IN,AGL,CE,Combined TRACON& Tower with Radar,0,40,33,2,75,0,0,14,0,14,0,40,47,2,89,20,0,20,109
09/14/2011,EVV,IN,AGL,CE,Combined TRACON& Tower with Radar,0,32,21,0,53,0,0,7,0,7,0,32,28,0,60,8,0,8,68
09/15/2011,EVV,IN,AGL,CE,Combined TRACON& Tower with Radar,0,35,28,0,63,0,1,17,0,18,0,36,45,0,81,14,0,14,95
09/16/2011,EVV,IN,AGL,CE,Combined TRACON& Tower with Radar,0,35,13,0,48,0,2,40,0,42,0,37,53,0,90,126,0,126,216
09/17/2011,EVV,IN,AGL,CE,Combined TRACON& Tower with Radar,0,24,16,1,41,0,7,22,0,29,0,31,38,1,70,0,0,0,70
09/18/2011,EVV,IN,AGL,CE,Combined TRACON& Tower with Radar,3,22,13,0,38,0,2,8,0,10,3,24,21,0,48,4,0,4,52
09/19/2011,EVV,IN,AGL,CE,Combined TRACON& Tower with Radar,1,27,31,2,61,0,2,2,0,4,1,29,33,2,65,10,0,10,75
09/20/2011,EVV,IN,AGL,CE,Combined TRACON& Tower with Radar,0,27,22,0,49,0,0,11,1,12,0,27,33,1,61,14,0,14,75
09/21/2011,EVV,IN,AGL,CE,Combined TRACON& Tower with Radar,2,36,27,1,66,0,4,25,0,29,2,40,52,1,95,18,0,18,113
09/22/2011,EVV,IN,AGL,CE,Combined TRACON& Tower with Radar,0,32,22,2,56,0,0,7,0,7,0,32,29,2,63,26,0,26,89
09/23/2011,EVV,IN,AGL,CE,Combined TRACON& Tower with Radar,0,29,32,12,73,0,0,4,0,4,0,29,36,12,77,0,14,14,91
09/24/2011,EVV,IN,AGL,CE,Combined TRACON& Tower with Radar,0,23,16,2,41,0,2,6,0,8,0,25,22,2,49,0,0,0,49
09/25/2011,EVV,IN,AGL,CE,Combined TRACON& Tower with Radar,0,24,18,0,42,0,0,1,0,1,0,24,19,0,43,0,0,0,43
09/26/2011,EVV,IN,AGL,CE,Combined TRACON& Tower with Radar,0,38,14,4,56,0,0,17,4,21,0,38,31,8,77,6,16,22,99
09/27/2011,EVV,IN,AGL,CE,Combined TRACON& Tower with Radar,0,25,26,2,53,0,4,13,0,17,0,29,39,2,70,1,0,1,71
09/28/2011,EVV,IN,AGL,CE,Combined TRACON& Tower with Radar,0,36,25,7,68,0,2,20,1,23,0,38,45,8,91,0,8,8,99
09/29/2011,EVV,IN,AGL,CE,Combined TRACON& Tower with Radar,0,29,25,0,54,0,3,30,0,33,0,32,55,0,87,22,0,22,109
09/30/2011,EVV,IN,AGL,CE,Combined TRACON& Tower with Radar,0,32,10,5,47,0,9,21,0,30,0,41,31,5,77,12,10,22,99
10/01/2011,EVV,IN,AGL,CE,Combined TRACON& Tower with Radar,2,22,11,0,35,0,4,29,0,33,2,26,40,0,68,14,0,14,82
10/02/2011,EVV,IN,AGL,CE,Combined TRACON& Tower with Radar,0,24,18,0,42,0,2,43,0,45,0,26,61,0,87,12,4,16,103
10/03/2011,EVV,IN,AGL,CE,Combined TRACON& Tower with Radar,0,29,13,2,44,0,2,25,0,27,0,31,38,2,71,4,0,4,75
10/04/2011,EVV,IN,AGL,CE,Combined TRACON& Tower with Radar,0,33,20,0,53,0,2,38,0,40,0,35,58,0,93,46,0,46,139
10/05/2011,EVV,IN,AGL,CE,Combined TRACON& Tower with Radar,2,32,36,4,74,0,0,43,0,43,2,32,79,4,117,108,12,120,237
10/06/2011,EVV,IN,AGL,CE,Combined TRACON& Tower with Radar,0,27,28,5,60,0,6,38,0,44,0,33,66,5,104,24,0,24,128
10/07/2011,EVV,IN,AGL,CE,Combined TRACON& Tower with Radar,0,38,33,0,71,0,2,73,0,75,0,40,106,0,146,144,0,144,290
10/08/2011,EVV,IN,AGL,CE,Combined TRACON& Tower with Radar,2,19,60,0,81,0,6,75,0,81,2,25,135,0,162,80,3,83,245
10/09/2011,EVV,IN,AGL,CE,Combined TRACON& Tower with Radar,0,22,31,4,57,0,2,37,0,39,0,24,68,4,96,48,4,52,148
10/10/2011,EVV,IN,AGL,CE,Combined TRACON& Tower with Radar,0,34,24,0,58,0,3,22,0,25,0,37,46,0,83,21,0,21,104
10/11/2011,EVV,IN,AGL,CE,Combined TRACON& Tower with Radar,0,28,30,0,58,0,2,12,0,14,0,30,42,0,72,0,0,0,72
10/12/2011,EVV,IN,AGL,CE,Combined TRACON& Tower with Radar,0,34,36,0,70,0,2,18,0,20,0,36,54,0,90,66,0,66,156
10/13/2011,EVV,IN,AGL,CE,Combined TRACON& Tower with Radar,0,38,15,0,53,0,2,4,0,6,0,40,19,0,59,60,0,60,119
10/14/2011,EVV,IN,AGL,CE,Combined TRACON& Tower with Radar,0,35,23,11,69,0,3,12,0,15,0,38,35,11,84,74,4,78,162
10/15/2011,EVV,IN,AGL,CE,Combined TRACON& Tower with Radar,0,22,9,0,31,0,6,72,0,78,0,28,81,0,109,18,0,18,127
10/16/2011,EVV,IN,AGL,CE,Combined TRACON& Tower with Radar,0,24,15,2,41,0,0,16,0,16,0,24,31,2,57,8,0,8,65
10/17/2011,EVV,IN,AGL,CE,Combined TRACON& Tower with Radar,0,31,17,0,48,0,2,20,0,22,0,33,37,0,70,74,0,74,144
10/18/2011,EVV,IN,AGL,CE,Combined TRACON& Tower with Radar,0,31,17,1,49,0,1,2,0,3,0,32,19,1,52,26,0,26,78
10/19/2011,EVV,IN,AGL,CE,Combined TRACON& Tower with Radar,0,30,19,0,49,0,0,0,0,0,0,30,19,0,49,0,0,0,49
10/20/2011,EVV,IN,AGL,CE,Combined TRACON& Tower with Radar,0,28,17,1,46,0,1,3,0,4,0,29,20,1,50,4,0,4,54
10/21/2011,EVV,IN,AGL,CE,Combined TRACON& Tower with Radar,0,28,26,0,54,0,3,27,0,30,0,31,53,0,84,74,0,74,158
10/22/2011,EVV,IN,AGL,CE,Combined TRACON& Tower with Radar,2,26,20,0,48,0,2,41,0,43,2,28,61,0,91,36,0,36,127
10/23/2011,EVV,IN,AGL,CE,Combined TRACON& Tower with Radar,2,21,18,0,41,0,1,36,0,37,2,22,54,0,78,53,0,53,131
10/24/2011,EVV,IN,AGL,CE,Combined TRACON& Tower with Radar,0,41,13,0,54,0,4,26,0,30,0,45,39,0,84,18,0,18,102
10/25/2011,EVV,IN,AGL,CE,Combined TRACON& Tower with Radar,0,32,34,19,85,0,0,8,9,17,0,32,42,28,102,122,20,142,244
10/26/2011,EVV,IN,AGL,CE,Combined TRACON& Tower with Radar,2,29,11,0,42,0,1,7,0,8,2,30,18,0,50,6,2,8,58
10/27/2011,EVV,IN,AGL,CE,Combined TRACON& Tower with Radar,0,33,18,9,60,0,0,12,0,12,0,33,30,9,72,18,4,22,94
10/28/2011,EVV,IN,AGL,CE,Combined TRACON& Tower with Radar,0,37,36,0,73,0,2,17,0,19,0,39,53,0,92,68,0,68,160
10/29/2011,EVV,IN,AGL,CE,Combined TRACON& Tower with Radar,2,26,9,10,47,0,3,24,0,27,2,29,33,10,74,42,6,48,122
10/30/2011,EVV,IN,AGL,CE,Combined TRACON& Tower with Radar,0,23,4,0,27,0,0,21,0,21,0,23,25,0,48,36,0,36,84
10/31/2011,EVV,IN,AGL,CE,Combined TRACON& Tower with Radar,0,29,4,2,35,0,7,19,0,26,0,36,23,2,61,20,6,26,87
11/01/2011,EVV,IN,AGL,CE,Combined TRACON& Tower with Radar,2,29,27,2,60,0,0,15,0,15,2,29,42,2,75,68,0,68,143
11/02/2011,EVV,IN,AGL,CE,Combined TRACON& Tower with Radar,2,31,17,4,54,0,2,16,2,20,2,33,33,6,74,84,6,90,164
11/03/2011,EVV,IN,AGL,CE,Combined TRACON& Tower with Radar,2,32,23,0,57,0,0,0,0,0,2,32,23,0,57,0,0,0,57
11/04/2011,EVV,IN,AGL,CE,Combined TRACON& Tower with Radar,2,32,16,2,52,0,0,22,0,22,2,32,38,2,74,48,2,50,124
11/05/2011,EVV,IN,AGL,CE,Combined TRACON& Tower with Radar,3,19,12,1,35,0,4,25,0,29,3,23,37,1,64,30,0,30,94
11/06/2011,EVV,IN,AGL,CE,Combined TRACON& Tower with Radar,1,23,12,2,38,0,3,15,0,18,1,26,27,2,56,90,0,90,146
11/07/2011,EVV,IN,AGL,CE,Combined TRACON& Tower with Radar,0,31,14,0,45,0,5,16,2,23,0,36,30,2,68,0,0,0,68
11/08/2011,EVV,IN,AGL,CE,Combined TRACON& Tower with Radar,0,26,27,3,56,0,6,18,0,24,0,32,45,3,80,46,6,52,132
11/09/2011,EVV,IN,AGL,CE,Combined TRACON& Tower with Radar,2,30,15,1,48,0,3,7,0,10,2,33,22,1,58,0,0,0,58
11/10/2011,EVV,IN,AGL,CE,Combined TRACON& Tower with Radar,0,39,24,6,69,0,0,9,0,9,0,39,33,6,78,28,6,34,112
11/11/2011,EVV,IN,AGL,CE,Combined TRACON& Tower with Radar,0,31,24,0,55,0,1,15,0,16,0,32,39,0,71,8,0,8,79
11/12/2011,EVV,IN,AGL,CE,Combined TRACON& Tower with Radar,2,28,14,0,44,0,1,19,0,20,2,29,33,0,64,2,0,2,66
11/13/2011,EVV,IN,AGL,CE,Combined TRACON& Tower with Radar,0,27,5,0,32,0,0,4,0,4,0,27,9,0,36,0,0,0,36
11/14/2011,EVV,IN,AGL,CE,Combined TRACON& Tower with Radar,0,27,15,0,42,0,0,2,0,2,0,27,17,0,44,0,0,0,44
11/15/2011,EVV,IN,AGL,CE,Combined TRACON& Tower with Radar,0,24,24,0,48,0,0,0,0,0,0,24,24,0,48,8,0,8,56
11/16/2011,EVV,IN,AGL,CE,Combined TRACON& Tower with Radar,0,15,10,2,27,0,1,6,0,7,0,16,16,2,34,14,0,14,48
11/17/2011,EVV,IN,AGL,CE,Combined TRACON& Tower with Radar,0,30,12,2,44,0,3,38,0,41,0,33,50,2,85,20,0,20,105
11/18/2011,EVV,IN,AGL,CE,Combined TRACON& Tower with Radar,0,37,23,14,74,0,3,30,0,33,0,40,53,14,107,114,8,122,229
11/19/2011,EVV,IN,AGL,CE,Combined TRACON& Tower with Radar,0,25,12,0,37,0,3,10,0,13,0,28,22,0,50,4,0,4,54
11/20/2011,EVV,IN,AGL,CE,Combined TRACON& Tower with Radar,2,21,11,0,34,0,0,0,0,0,2,21,11,0,34,0,0,0,34
11/21/2011,EVV,IN,AGL,CE,Combined TRACON& Tower with Radar,0,29,15,0,44,0,0,0,0,0,0,29,15,0,44,0,0,0,44
11/22/2011,EVV,IN,AGL,CE,Combined TRACON& Tower with Radar,0,31,21,0,52,0,0,1,0,1,0,31,22,0,53,0,0,0,53
11/23/2011,EVV,IN,AGL,CE,Combined TRACON& Tower with Radar,0,38,20,0,58,0,0,1,1,2,0,38,21,1,60,0,0,0,60
11/24/2011,EVV,IN,AGL,CE,Combined TRACON& Tower with Radar,0,17,5,0,22,0,0,0,0,0,0,17,5,0,22,0,0,0,22
11/25/2011,EVV,IN,AGL,CE,Combined TRACON& Tower with Radar,0,16,18,0,34,0,0,21,0,21,0,16,39,0,55,16,0,16,71
11/26/2011,EVV,IN,AGL,CE,Combined TRACON& Tower with Radar,0,21,15,0,36,0,1,9,0,10,0,22,24,0,46,0,0,0,46
11/27/2011,EVV,IN,AGL,CE,Combined TRACON& Tower with Radar,1,26,12,0,39,0,0,1,0,1,1,26,13,0,40,0,0,0,40
11/28/2011,EVV,IN,AGL,CE,Combined TRACON& Tower with Radar,0,32,7,2,41,0,0,0,0,0,0,32,7,2,41,0,0,0,41
11/29/2011,EVV,IN,AGL,CE,Combined TRACON& Tower with Radar,0,34,25,0,59,0,1,0,0,1,0,35,25,0,60,0,0,0,60
11/30/2011,EVV,IN,AGL,CE,Combined TRACON& Tower with Radar,0,39,21,0,60,0,9,42,1,52,0,48,63,1,112,112,0,112,224
12/01/2011,EVV,IN,AGL,CE,Combined TRACON& Tower with Radar,0,36,17,0,53,0,2,18,0,20,0,38,35,0,73,47,0,47,120
12/02/2011,EVV,IN,AGL,CE,Combined TRACON& Tower with Radar,2,31,21,8,62,0,1,34,0,35,2,32,55,8,97,52,0,52,149
12/03/2011,EVV,IN,AGL,CE,Combined TRACON& Tower with Radar,3,18,9,0,30,0,1,30,0,31,3,19,39,0,61,26,0,26,87
12/04/2011,EVV,IN,AGL,CE,Combined TRACON& Tower with Radar,0,23,20,0,43,0,0,0,0,0,0,23,20,0,43,0,0,0,43
12/05/2011,EVV,IN,AGL,CE,Combined TRACON& Tower with Radar,2,32,6,0,40,0,0,0,0,0,2,32,6,0,40,0,0,0,40
12/06/2011,EVV,IN,AGL,CE,Combined TRACON& Tower with Radar,1,30,15,0,46,0,0,23,0,23,1,30,38,0,69,44,0,44,113
12/07/2011,EVV,IN,AGL,CE,Combined TRACON& Tower with Radar,0,25,33,3,61,0,0,22,0,22,0,25,55,3,83,42,6,48,131
12/08/2011,EVV,IN,AGL,CE,Combined TRACON& Tower with Radar,1,31,15,0,47,0,3,15,0,18,1,34,30,0,65,112,0,112,177
12/09/2011,EVV,IN,AGL,CE,Combined TRACON& Tower with Radar,2,34,13,8,57,0,4,8,0,12,2,38,21,8,69,30,46,76,145
12/10/2011,EVV,IN,AGL,CE,Combined TRACON& Tower with Radar,0,17,10,0,27,0,3,13,0,16,0,20,23,0,43,12,0,12,55
12/11/2011,EVV,IN,AGL,CE,Combined TRACON& Tower with Radar,0,22,13,0,35,0,2,29,0,31,0,24,42,0,66,6,0,6,72
12/12/2011,EVV,IN,AGL,CE,Combined TRACON& Tower with Radar,0,27,17,2,46,0,3,20,0,23,0,30,37,2,69,18,0,18,87
12/13/2011,EVV,IN,AGL,CE,Combined TRACON& Tower with Radar,0,28,31,0,59,0,1,0,0,1,0,29,31,0,60,0,0,0,60
12/14/2011,EVV,IN,AGL,CE,Combined TRACON& Tower with Radar,0,28,39,0,67,0,0,7,0,7,0,28,46,0,74,26,0,26,100
12/15/2011,EVV,IN,AGL,CE,Combined TRACON& Tower with Radar,0,31,18,0,49,0,0,6,0,6,0,31,24,0,55,4,0,4,59
12/16/2011,EVV,IN,AGL,CE,Combined TRACON& Tower with Radar,2,31,22,0,55,0,1,22,0,23,2,32,44,0,78,36,0,36,114
12/17/2011,EVV,IN,AGL,CE,Combined TRACON& Tower with Radar,0,18,11,0,29,0,3,56,0,59,0,21,67,0,88,48,0,48,136
12/18/2011,EVV,IN,AGL,CE,Combined TRACON& Tower with Radar,0,20,21,0,41,0,1,17,0,18,0,21,38,0,59,24,0,24,83
12/19/2011,EVV,IN,AGL,CE,Combined TRACON& Tower with Radar,0,24,4,0,28,0,0,1,0,1,0,24,5,0,29,0,0,0,29
12/20/2011,EVV,IN,AGL,CE,Combined TRACON& Tower with Radar,0,35,12,0,47,0,0,0,0,0,0,35,12,0,47,16,0,16,63
12/21/2011,EVV,IN,AGL,CE,Combined TRACON& Tower with Radar,0,37,29,1,67,0,6,5,0,11,0,43,34,1,78,110,4,114,192
12/22/2011,EVV,IN,AGL,CE,Combined TRACON& Tower with Radar,0,30,19,0,49,0,0,2,0,2,0,30,21,0,51,86,0,86,137
12/23/2011,EVV,IN,AGL,CE,Combined TRACON& Tower with Radar,0,31,11,0,42,0,1,2,0,3,0,32,13,0,45,12,0,12,57
12/24/2011,EVV,IN,AGL,CE,Combined TRACON& Tower with Radar,0,16,4,0,20,0,4,15,0,19,0,20,19,0,39,10,0,10,49
12/25/2011,EVV,IN,AGL,CE,Combined TRACON& Tower with Radar,0,12,9,0,21,0,0,10,0,10,0,12,19,0,31,2,0,2,33
12/26/2011,EVV,IN,AGL,CE,Combined TRACON& Tower with Radar,0,26,30,0,56,0,1,18,0,19,0,27,48,0,75,12,0,12,87
12/27/2011,EVV,IN,AGL,CE,Combined TRACON& Tower with Radar,0,24,7,0,31,0,0,3,0,3,0,24,10,0,34,0,0,0,34
12/28/2011,EVV,IN,AGL,CE,Combined TRACON& Tower with Radar,0,33,12,0,45,0,2,21,0,23,0,35,33,0,68,24,0,24,92
12/29/2011,EVV,IN,AGL,CE,Combined TRACON& Tower with Radar,0,29,4,0,33,0,3,4,0,7,0,32,8,0,40,8,0,8,48
12/30/2011,EVV,IN,AGL,CE,Combined TRACON& Tower with Radar,0,26,11,0,37,0,0,3,0,3,0,26,14,0,40,14,0,14,54
12/31/2011,EVV,IN,AGL,CE,Combined TRACON& Tower with Radar,0,17,9,0,26,0,5,30,0,35,0,22,39,0,61,32,0,32,93
01/01/2012,EVV,IN,AGL,CE,Combined TRACON& Tower with Radar,0,14,6,0,20,0,0,1,2,3,0,14,7,2,23,0,0,0,23
01/02/2012,EVV,IN,AGL,CE,Combined TRACON& Tower with Radar,0,30,5,0,35,0,0,4,0,4,0,30,9,0,39,0,0,0,39
01/03/2012,EVV,IN,AGL,CE,Combined TRACON& Tower with Radar,0,28,16,0,44,0,2,10,0,12,0,30,26,0,56,8,0,8,64
01/04/2012,EVV,IN,AGL,CE,Combined TRACON& Tower with Radar,0,31,9,0,40,0,2,13,0,15,0,33,22,0,55,10,0,10,65
01/05/2012,EVV,IN,AGL,CE,Combined TRACON& Tower with Radar,0,33,17,0,50,0,3,20,0,23,0,36,37,0,73,6,0,6,79
01/06/2012,EVV,IN,AGL,CE,Combined TRACON& Tower with Radar,0,25,17,5,47,0,1,24,1,26,0,26,41,6,73,152,12,164,237
01/07/2012,EVV,IN,AGL,CE,Combined TRACON& Tower with Radar,0,17,6,1,24,0,0,19,1,20,0,17,25,2,44,30,10,40,84
01/08/2012,EVV,IN,AGL,CE,Combined TRACON& Tower with Radar,0,18,7,0,25,0,0,16,0,16,0,18,23,0,41,26,0,26,67
01/09/2012,EVV,IN,AGL,CE,Combined TRACON& Tower with Radar,0,27,21,19,67,0,4,7,0,11,0,31,28,19,78,58,50,108,186
01/10/2012,EVV,IN,AGL,CE,Combined TRACON& Tower with Radar,0,32,18,10,60,0,2,6,0,8,0,34,24,10,68,76,20,96,164
01/11/2012,EVV,IN,AGL,CE,Combined TRACON& Tower with Radar,0,30,17,1,48,0,0,0,0,0,0,30,17,1,48,28,0,28,76
01/12/2012,EVV,IN,AGL,CE,Combined TRACON& Tower with Radar,0,34,17,0,51,0,3,1,0,4,0,37,18,0,55,0,0,0,55
01/13/2012,EVV,IN,AGL,CE,Combined TRACON& Tower with Radar,0,31,12,5,48,0,0,2,0,2,0,31,14,5,50,0,6,6,56
01/14/2012,EVV,IN,AGL,CE,Combined TRACON& Tower with Radar,0,19,6,0,25,0,0,4,0,4,0,19,10,0,29,2,0,2,31
01/15/2012,EVV,IN,AGL,CE,Combined TRACON& Tower with Radar,0,24,2,0,26,0,1,19,0,20,0,25,21,0,46,60,0,60,106
01/16/2012,EVV,IN,AGL,CE,Combined TRACON& Tower with Radar,0,29,13,0,42,0,0,2,0,2,0,29,15,0,44,14,0,14,58
01/17/2012,EVV,IN,AGL,CE,Combined TRACON& Tower with Radar,0,29,21,0,50,0,0,6,0,6,0,29,27,0,56,0,0,0,56
01/18/2012,EVV,IN,AGL,CE,Combined TRACON& Tower with Radar,0,31,14,13,58,0,0,20,0,20,0,31,34,13,78,36,0,36,114
01/19/2012,EVV,IN,AGL,CE,Combined TRACON& Tower with Radar,0,38,13,0,51,0,0,13,1,14,0,38,26,1,65,42,0,42,107
01/20/2012,EVV,IN,AGL,CE,Combined TRACON& Tower with Radar,0,29,16,2,47,0,1,5,0,6,0,30,21,2,53,68,0,68,121
01/21/2012,EVV,IN,AGL,CE,Combined TRACON& Tower with Radar,0,16,6,0,22,0,1,2,0,3,0,17,8,0,25,8,0,8,33
01/22/2012,EVV,IN,AGL,CE,Combined TRACON& Tower with Radar,0,20,7,0,27,0,0,0,0,0,0,20,7,0,27,0,0,0,27
01/23/2012,EVV,IN,AGL,CE,Combined TRACON& Tower with Radar,0,31,12,6,49,0,3,6,0,9,0,34,18,6,58,24,2,26,84
01/24/2012,EVV,IN,AGL,CE,Combined TRACON& Tower with Radar,0,42,24,1,67,0,3,21,2,26,0,45,45,3,93,0,0,0,93
01/25/2012,EVV,IN,AGL,CE,Combined TRACON& Tower with Radar,0,32,13,2,47,0,0,0,5,5,0,32,13,7,52,38,0,38,90
01/26/2012,EVV,IN,AGL,CE,Combined TRACON& Tower with Radar,0,33,16,0,49,0,0,0,0,0,0,33,16,0,49,0,0,0,49
01/27/2012,EVV,IN,AGL,CE,Combined TRACON& Tower with Radar,0,27,15,0,42,0,0,8,1,9,0,27,23,1,51,10,0,10,61
01/28/2012,EVV,IN,AGL,CE,Combined TRACON& Tower with Radar,0,15,9,6,30,0,3,12,1,16,0,18,21,7,46,16,18,34,80
01/29/2012,EVV,IN,AGL,CE,Combined TRACON& Tower with Radar,0,26,11,0,37,0,0,6,0,6,0,26,17,0,43,12,0,12,55
01/30/2012,EVV,IN,AGL,CE,Combined TRACON& Tower with Radar,2,27,20,0,49,0,0,25,0,25,2,27,45,0,74,62,0,62,136
01/31/2012,EVV,IN,AGL,CE,Combined TRACON& Tower with Radar,0,37,21,0,58,0,2,8,0,10,0,39,29,0,68,22,1,23,91
02/01/2012,EVV,IN,AGL,CE,Combined TRACON& Tower with Radar,1,30,18,12,61,0,1,3,0,4,1,31,21,12,65,50,16,66,131
02/02/2012,EVV,IN,AGL,CE,Combined TRACON& Tower with Radar,0,33,24,2,59,0,2,10,0,12,0,35,34,2,71,12,0,12,83
02/03/2012,EVV,IN,AGL,CE,Combined TRACON& Tower with Radar,2,30,8,2,42,0,4,11,0,15,2,34,19,2,57,196,0,196,253
02/04/2012,EVV,IN,AGL,CE,Combined TRACON& Tower with Radar,0,16,2,0,18,0,0,0,0,0,0,16,2,0,18,0,0,0,18
02/05/2012,EVV,IN,AGL,CE,Combined TRACON& Tower with Radar,0,21,15,0,36,0,0,0,0,0,0,21,15,0,36,4,0,4,40
02/06/2012,EVV,IN,AGL,CE,Combined TRACON& Tower with Radar,0,31,9,5,45,0,5,5,0,10,0,36,14,5,55,0,4,4,59
02/07/2012,EVV,IN,AGL,CE,Combined TRACON& Tower with Radar,2,29,13,0,44,0,2,25,0,27,2,31,38,0,71,10,2,12,83
02/08/2012,EVV,IN,AGL,CE,Combined TRACON& Tower with Radar,2,43,8,13,66,0,0,3,0,3,2,43,11,13,69,78,0,78,147
02/09/2012,EVV,IN,AGL,CE,Combined TRACON& Tower with Radar,2,34,12,0,48,0,4,16,1,21,2,38,28,1,69,10,0,10,79
02/10/2012,EVV,IN,AGL,CE,Combined TRACON& Tower with Radar,0,28,15,8,51,0,0,0,0,0,0,28,15,8,51,2,0,2,53
02/11/2012,EVV,IN,AGL,CE,Combined TRACON& Tower with Radar,0,21,5,2,28,0,0,6,0,6,0,21,11,2,34,0,0,0,34
02/12/2012,EVV,IN,AGL,CE,Combined TRACON& Tower with Radar,0,25,9,0,34,0,3,20,0,23,0,28,29,0,57,52,0,52,109
02/13/2012,EVV,IN,AGL,CE,Combined TRACON& Tower with Radar,0,30,7,0,37,0,0,6,0,6,0,30,13,0,43,0,0,0,43
02/14/2012,EVV,IN,AGL,CE,Combined TRACON& Tower with Radar,0,37,10,0,47,0,1,2,0,3,0,38,12,0,50,0,0,0,50
02/15/2012,EVV,IN,AGL,CE,Combined TRACON& Tower with Radar,0,40,22,0,62,0,0,10,0,10,0,40,32,0,72,0,0,0,72
02/16/2012,EVV,IN,AGL,CE,Combined TRACON& Tower with Radar,0,40,31,1,72,0,0,2,0,2,0,40,33,1,74,6,0,6,80
02/17/2012,EVV,IN,AGL,CE,Combined TRACON& Tower with Radar,0,27,18,0,45,0,1,28,0,29,0,28,46,0,74,20,0,20,94
02/18/2012,EVV,IN,AGL,CE,Combined TRACON& Tower with Radar,0,20,15,0,35,0,2,22,0,24,0,22,37,0,59,16,0,16,75
02/19/2012,EVV,IN,AGL,CE,Combined TRACON& Tower with Radar,0,19,18,0,37,0,0,14,0,14,0,19,32,0,51,24,0,24,75
02/20/2012,EVV,IN,AGL,CE,Combined TRACON& Tower with Radar,0,30,15,0,45,0,3,36,0,39,0,33,51,0,84,26,0,26,110
02/21/2012,EVV,IN,AGL,CE,Combined TRACON& Tower with Radar,0,31,23,0,54,0,1,8,1,10,0,32,31,1,64,12,0,12,76
02/22/2012,EVV,IN,AGL,CE,Combined TRACON& Tower with Radar,0,42,13,4,59,0,3,18,1,22,0,45,31,5,81,2,4,6,87
02/23/2012,EVV,IN,AGL,CE,Combined TRACON& Tower with Radar,0,32,15,0,47,0,0,11,0,11,0,32,26,0,58,0,0,0,58
02/24/2012,EVV,IN,AGL,CE,Combined TRACON& Tower with Radar,0,29,18,0,47,0,4,2,0,6,0,33,20,0,53,0,0,0,53
02/25/2012,EVV,IN,AGL,CE,Combined TRACON& Tower with Radar,0,18,2,0,20,0,0,6,0,6,0,18,8,0,26,0,0,0,26
02/26/2012,EVV,IN,AGL,CE,Combined TRACON& Tower with Radar,0,22,13,2,37,0,0,28,0,28,0,22,41,2,65,42,0,42,107
02/27/2012,EVV,IN,AGL,CE,Combined TRACON& Tower with Radar,0,32,14,19,65,0,0,34,1,35,0,32,48,20,100,15,59,74,174
02/28/2012,EVV,IN,AGL,CE,Combined TRACON& Tower with Radar,0,30,8,22,60,0,2,24,0,26,0,32,32,22,86,156,16,172,258
02/29/2012,EVV,IN,AGL,CE,Combined TRACON& Tower with Radar,0,35,14,0,49,0,3,16,0,19,0,38,30,0,68,42,0,42,110
03/01/2012,EVV,IN,AGL,CE,Combined TRACON& Tower with Radar,0,37,16,10,63,0,7,32,0,39,0,44,48,10,102,4,24,28,130
03/02/2012,EVV,IN,AGL,CE,Combined TRACON& Tower with Radar,0,27,11,0,38,0,5,0,0,5,0,32,11,0,43,0,0,0,43
03/03/2012,EVV,IN,AGL,CE,Combined TRACON& Tower with Radar,0,17,10,0,27,0,12,15,0,27,0,29,25,0,54,3,0,3,57
03/04/2012,EVV,IN,AGL,CE,Combined TRACON& Tower with Radar,0,25,17,0,42,0,2,9,0,11,0,27,26,0,53,0,0,0,53
03/05/2012,EVV,IN,AGL,CE,Combined TRACON& Tower with Radar,0,33,23,15,71,0,0,32,0,32,0,33,55,15,103,79,12,91,194
03/06/2012,EVV,IN,AGL,CE,Combined TRACON& Tower with Radar,2,36,25,8,71,0,2,3,0,5,2,38,28,8,76,0,0,0,76
03/07/2012,EVV,IN,AGL,CE,Combined TRACON& Tower with Radar,0,33,21,0,54,0,2,8,0,10,0,35,29,0,64,0,0,0,64
03/08/2012,EVV,IN,AGL,CE,Combined TRACON& Tower with Radar,2,31,13,0,46,0,1,3,0,4,2,32,16,0,50,0,0,0,50
03/09/2012,EVV,IN,AGL,CE,Combined TRACON& Tower with Radar,2,36,34,0,72,0,5,11,0,16,2,41,45,0,88,18,0,18,106
03/10/2012,EVV,IN,AGL,CE,Combined TRACON& Tower with Radar,0,26,18,0,44,0,2,18,0,20,0,28,36,0,64,63,0,63,127
03/11/2012,EVV,IN,AGL,CE,Combined TRACON& Tower with Radar,0,30,11,5,46,0,1,10,0,11,0,31,21,5,57,2,8,10,67
03/12/2012,EVV,IN,AGL,CE,Combined TRACON& Tower with Radar,2,31,10,12,55,0,4,0,2,6,2,35,10,14,61,0,6,6,67
03/13/2012,EVV,IN,AGL,CE,Combined TRACON& Tower with Radar,4,31,18,5,58,0,0,20,0,20,4,31,38,5,78,10,0,10,88
03/14/2012,EVV,IN,AGL,CE,Combined TRACON& Tower with Radar,0,35,21,1,57,0,1,18,0,19,0,36,39,1,76,0,0,0,76
03/15/2012,EVV,IN,AGL,CE,Combined TRACON& Tower with Radar,0,37,14,0,51,0,3,4,1,8,0,40,18,1,59,0,0,0,59
03/16/2012,EVV,IN,AGL,CE,Combined TRACON& Tower with Radar,0,32,14,0,46,0,1,3,2,6,0,33,17,2,52,26,0,26,78
03/17/2012,EVV,IN,AGL,CE,Combined TRACON& Tower with Radar,2,23,6,0,31,0,2,15,4,21,2,25,21,4,52,18,0,18,70
03/18/2012,EVV,IN,AGL,CE,Combined TRACON& Tower with Radar,0,26,16,0,42,0,0,12,0,12,0,26,28,0,54,50,0,50,104
03/19/2012,EVV,IN,AGL,CE,Combined TRACON& Tower with Radar,0,29,20,1,50,0,4,39,2,45,0,33,59,3,95,42,0,42,137
03/20/2012,EVV,IN,AGL,CE,Combined TRACON& Tower with Radar,0,52,17,0,69,0,1,17,0,18,0,53,34,0,87,20,0,20,107
03/21/2012,EVV,IN,AGL,CE,Combined TRACON& Tower with Radar,0,31,29,10,70,0,12,19,0,31,0,43,48,10,101,10,0,10,111
03/22/2012,EVV,IN,AGL,CE,Combined TRACON& Tower with Radar,0,35,23,1,59,0,2,12,0,14,0,37,35,1,73,0,0,0,73
03/23/2012,EVV,IN,AGL,CE,Combined TRACON& Tower with Radar,0,33,15,1,49,0,0,2,0,2,0,33,17,1,51,0,0,0,51
03/24/2012,EVV,IN,AGL,CE,Combined TRACON& Tower with Radar,0,28,14,0,42,0,4,20,0,24,0,32,34,0,66,4,0,4,70
03/25/2012,EVV,IN,AGL,CE,Combined TRACON& Tower with Radar,0,25,18,0,43,0,1,9,0,10,0,26,27,0,53,22,0,22,75
03/26/2012,EVV,IN,AGL,CE,Combined TRACON& Tower with Radar,0,32,11,0,43,0,2,16,0,18,0,34,27,0,61,78,0,78,139
03/27/2012,EVV,IN,AGL,CE,Combined TRACON& Tower with Radar,0,40,10,2,52,0,7,19,1,27,0,47,29,3,79,96,0,96,175
03/28/2012,EVV,IN,AGL,CE,Combined TRACON& Tower with Radar,0,33,17,0,50,0,0,4,0,4,0,33,21,0,54,0,0,0,54
03/29/2012,EVV,IN,AGL,CE,Combined TRACON& Tower with Radar,0,31,20,0,51,0,2,19,0,21,0,33,39,0,72,4,0,4,76
03/30/2012,EVV,IN,AGL,CE,Combined TRACON& Tower with Radar,0,28,24,0,52,0,3,11,7,21,0,31,35,7,73,0,0,0,73
03/31/2012,EVV,IN,AGL,CE,Combined TRACON& Tower with Radar,0,22,25,9,56,0,2,7,1,10,0,24,32,10,66,2,8,10,76
04/01/2012,EVV,IN,AGL,CE,Combined TRACON& Tower with Radar,0,28,21,0,49,0,2,15,0,17,0,30,36,0,66,38,0,38,104
04/02/2012,EVV,IN,AGL,CE,Combined TRACON& Tower with Radar,0,30,12,8,50,0,9,16,0,25,0,39,28,8,75,43,4,47,122
04/03/2012,EVV,IN,AGL,CE,Combined TRACON& Tower with Radar,0,26,20,0,46,0,5,20,0,25,0,31,40,0,71,70,0,70,141
04/04/2012,EVV,IN,AGL,CE,Combined TRACON& Tower with Radar,0,33,20,5,58,0,1,9,2,12,0,34,29,7,70,20,0,20,90
04/05/2012,EVV,IN,AGL,CE,Combined TRACON& Tower with Radar,0,37,23,0,60,0,2,4,0,6,0,39,27,0,66,22,0,22,88
04/06/2012,EVV,IN,AGL,CE,Combined TRACON& Tower with Radar,0,31,21,27,79,0,0,26,0,26,0,31,47,27,105,42,12,54,159
04/07/2012,EVV,IN,AGL,CE,Combined TRACON& Tower with Radar,0,24,11,0,35,0,13,41,0,54,0,37,52,0,89,40,0,40,129
04/08/2012,EVV,IN,AGL,CE,Combined TRACON& Tower with Radar,0,28,11,0,39,0,10,28,0,38,0,38,39,0,77,42,0,42,119
04/09/2012,EVV,IN,AGL,CE,Combined TRACON& Tower with Radar,0,30,14,0,44,0,5,19,0,24,0,35,33,0,68,20,0,20,88
04/10/2012,EVV,IN,AGL,CE,Combined TRACON& Tower with Radar,0,37,15,0,52,0,2,12,0,14,0,39,27,0,66,0,0,0,66
04/11/2012,EVV,IN,AGL,CE,Combined TRACON& Tower with Radar,2,38,24,4,68,0,2,19,0,21,2,40,43,4,89,74,0,74,163
04/12/2012,EVV,IN,AGL,CE,Combined TRACON& Tower with Radar,0,31,13,0,44,0,1,31,0,32,0,32,44,0,76,42,0,42,118
04/13/2012,EVV,IN,AGL,CE,Combined TRACON& Tower with Radar,0,33,16,0,49,0,2,10,0,12,0,35,26,0,61,164,0,164,225
04/14/2012,EVV,IN,AGL,CE,Combined TRACON& Tower with Radar,0,20,3,0,23,0,0,6,0,6,0,20,9,0,29,0,0,0,29
04/15/2012,EVV,IN,AGL,CE,Combined TRACON& Tower with Radar,0,26,9,8,43,0,0,2,0,2,0,26,11,8,45,2,0,2,47
04/16/2012,EVV,IN,AGL,CE,Combined TRACON& Tower with Radar,0,34,14,14,62,0,1,9,0,10,0,35,23,14,72,92,26,118,190
04/17/2012,EVV,IN,AGL,CE,Combined TRACON& Tower with Radar,0,40,14,0,54,0,9,36,0,45,0,49,50,0,99,202,0,202,301
04/18/2012,EVV,IN,AGL,CE,Combined TRACON& Tower with Radar,0,36,24,0,60,0,3,16,0,19,0,39,40,0,79,96,10,106,185
04/19/2012,EVV,IN,AGL,CE,Combined TRACON& Tower with Radar,0,44,17,2,63,0,1,36,0,37,0,45,53,2,100,200,0,200,300
04/20/2012,EVV,IN,AGL,CE,Combined TRACON& Tower with Radar,0,32,18,11,61,0,0,9,0,9,0,32,27,11,70,1,6,7,77
04/21/2012,EVV,IN,AGL,CE,Combined TRACON& Tower with Radar,0,21,16,0,37,0,1,7,0,8,0,22,23,0,45,30,0,30,75
04/22/2012,EVV,IN,AGL,CE,Combined TRACON& Tower with Radar,0,29,11,24,64,0,1,16,0,17,0,30,27,24,81,18,26,44,125
04/23/2012,EVV,IN,AGL,CE,Combined TRACON& Tower with Radar,0,43,16,4,63,0,7,12,0,19,0,50,28,4,82,42,0,42,124
04/24/2012,EVV,IN,AGL,CE,Combined TRACON& Tower with Radar,2,42,23,0,67,0,5,52,7,64,2,47,75,7,131,168,0,168,299
04/25/2012,EVV,IN,AGL,CE,Combined TRACON& Tower with Radar,0,35,23,0,58,0,5,35,0,40,0,40,58,0,98,88,0,88,186
04/26/2012,EVV,IN,AGL,CE,Combined TRACON& Tower with Radar,0,36,19,0,55,0,6,20,0,26,0,42,39,0,81,92,0,92,173
04/27/2012,EVV,IN,AGL,CE,Combined TRACON& Tower with Radar,0,34,22,0,56,0,2,26,0,28,0,36,48,0,84,122,0,122,206
04/28/2012,EVV,IN,AGL,CE,Combined TRACON& Tower with Radar,2,22,11,0,35,0,2,14,0,16,2,24,25,0,51,34,0,34,85
04/29/2012,EVV,IN,AGL,CE,Combined TRACON& Tower with Radar,1,30,11,0,42,0,1,15,0,16,1,31,26,0,58,12,0,12,70
04/30/2012,EVV,IN,AGL,CE,Combined TRACON& Tower with Radar,2,32,6,0,40,0,3,5,0,8,2,35,11,0,48,42,0,42,90
05/01/2012,EVV,IN,AGL,CE,Combined TRACON& Tower with Radar,0,37,17,0,54,0,0,7,0,7,0,37,24,0,61,18,0,18,79
05/02/2012,EVV,IN,AGL,CE,Combined TRACON& Tower with Radar,0,40,23,0,63,0,0,8,0,8,0,40,31,0,71,106,0,106,177
05/03/2012,EVV,IN,AGL,CE,Combined TRACON& Tower with Radar,0,31,29,3,63,0,1,14,0,15,0,32,43,3,78,46,4,50,128
05/04/2012,EVV,IN,AGL,CE,Combined TRACON& Tower with Radar,2,32,25,0,59,0,1,9,0,10,2,33,34,0,69,0,0,0,69
05/05/2012,EVV,IN,AGL,CE,Combined TRACON& Tower with Radar,2,20,9,2,33,0,0,18,0,18,2,20,27,2,51,48,2,50,101
05/06/2012,EVV,IN,AGL,CE,Combined TRACON& Tower with Radar,0,31,18,0,49,0,0,14,0,14,0,31,32,0,63,0,0,0,63
05/07/2012,EVV,IN,AGL,CE,Combined TRACON& Tower with Radar,0,30,8,24,62,0,3,5,0,8,0,33,13,24,70,0,76,76,146
05/08/2012,EVV,IN,AGL,CE,Combined TRACON& Tower with Radar,2,39,21,16,78,0,0,11,3,14,2,39,32,19,92,28,44,72,164
05/09/2012,EVV,IN,AGL,CE,Combined TRACON& Tower with Radar,1,36,24,1,62,0,3,40,1,44,1,39,64,2,106,14,4,18,124
05/10/2012,EVV,IN,AGL,CE,Combined TRACON& Tower with Radar,0,37,20,2,59,0,2,39,0,41,0,39,59,2,100,6,0,6,106
05/11/2012,EVV,IN,AGL,CE,Combined TRACON& Tower with Radar,0,29,17,6,52,0,4,33,0,37,0,33,50,6,89,58,0,58,147
05/12/2012,EVV,IN,AGL,CE,Combined TRACON& Tower with Radar,0,19,13,0,32,0,1,14,0,15,0,20,27,0,47,0,0,0,47
05/13/2012,EVV,IN,AGL,CE,Combined TRACON& Tower with Radar,0,24,7,0,31,0,7,16,0,23,0,31,23,0,54,12,0,12,66
05/14/2012,EVV,IN,AGL,CE,Combined TRACON& Tower with Radar,0,30,14,14,58,0,3,9,0,12,0,33,23,14,70,38,10,48,118
05/15/2012,EVV,IN,AGL,CE,Combined TRACON& Tower with Radar,0,40,31,0,71,0,1,29,0,30,0,41,60,0,101,28,0,28,129
05/16/2012,EVV,IN,AGL,CE,Combined TRACON& Tower with Radar,0,37,27,9,73,0,1,12,0,13,0,38,39,9,86,28,0,28,114
05/17/2012,EVV,IN,AGL,CE,Combined TRACON& Tower with Radar,0,45,17,0,62,0,2,25,0,27,0,47,42,0,89,6,0,6,95
05/18/2012,EVV,IN,AGL,CE,Combined TRACON& Tower with Radar,0,39,10,1,50,0,5,15,1,21,0,44,25,2,71,45,0,45,116
05/19/2012,EVV,IN,AGL,CE,Combined TRACON& Tower with Radar,0,25,9,0,34,0,0,18,0,18,0,25,27,0,52,34,0,34,86
05/20/2012,EVV,IN,AGL,CE,Combined TRACON& Tower with Radar,0,37,6,13,56,0,0,13,0,13,0,37,19,13,69,8,26,34,103
05/21/2012,EVV,IN,AGL,CE,Combined TRACON& Tower with Radar,0,33,15,4,52,0,0,15,0,15,0,33,30,4,67,36,0,36,103
05/22/2012,EVV,IN,AGL,CE,Combined TRACON& Tower with Radar,0,35,24,24,83,0,3,28,0,31,0,38,52,24,114,66,44,110,224
05/23/2012,EVV,IN,AGL,CE,Combined TRACON& Tower with Radar,0,35,26,2,63,0,1,31,0,32,0,36,57,2,95,28,14,42,137
05/24/2012,EVV,IN,AGL,CE,Combined TRACON& Tower with Radar,0,38,20,14,72,0,3,19,0,22,0,41,39,14,94,0,28,28,122
05/25/2012,EVV,IN,AGL,CE,Combined TRACON& Tower with Radar,0,32,10,0,42,0,2,8,2,12,0,34,18,2,54,58,0,58,112
05/26/2012,EVV,IN,AGL,CE,Combined TRACON& Tower with Radar,0,25,10,0,35,0,4,16,0,20,0,29,26,0,55,8,0,8,63
05/27/2012,EVV,IN,AGL,CE,Combined TRACON& Tower with Radar,0,19,5,0,24,0,4,5,0,9,0,23,10,0,33,14,0,14,47
05/28/2012,EVV,IN,AGL,CE,Combined TRACON& Tower with Radar,0,30,3,0,33,0,5,8,0,13,0,35,11,0,46,0,0,0,46
05/29/2012,EVV,IN,AGL,CE,Combined TRACON& Tower with Radar,0,39,18,2,59,0,0,4,0,4,0,39,22,2,63,24,0,24,87
05/30/2012,EVV,IN,AGL,CE,Combined TRACON& Tower with Radar,0,41,19,10,70,0,3,15,0,18,0,44,34,10,88,6,0,6,94
05/31/2012,EVV,IN,AGL,CE,Combined TRACON& Tower with Radar,0,41,13,6,60,0,1,2,0,3,0,42,15,6,63,74,34,108,171
06/01/2012,EVV,IN,AGL,CE,Combined TRACON& Tower with Radar,0,35,16,0,51,0,8,5,0,13,0,43,21,0,64,62,0,62,126
06/02/2012,EVV,IN,AGL,CE,Combined TRACON& Tower with Radar,0,23,11,0,34,0,1,18,0,19,0,24,29,0,53,66,0,66,119
06/03/2012,EVV,IN,AGL,CE,Combined TRACON& Tower with Radar,0,33,6,0,39,0,0,13,0,13,0,33,19,0,52,66,0,66,118
06/04/2012,EVV,IN,AGL,CE,Combined TRACON& Tower with Radar,2,39,19,0,60,0,2,7,0,9,2,41,26,0,69,0,0,0,69
06/05/2012,EVV,IN,AGL,CE,Combined TRACON& Tower with Radar,0,38,18,2,58,0,0,14,0,14,0,38,32,2,72,0,0,0,72
06/06/2012,EVV,IN,AGL,CE,Combined TRACON& Tower with Radar,0,38,24,0,62,0,0,12,2,14,0,38,36,2,76,180,0,180,256
06/07/2012,EVV,IN,AGL,CE,Combined TRACON& Tower with Radar,0,41,16,2,59,0,3,34,0,37,0,44,50,2,96,152,0,152,248
06/08/2012,EVV,IN,AGL,CE,Combined TRACON& Tower with Radar,0,41,18,3,62,0,6,27,3,36,0,47,45,6,98,146,6,152,250
06/09/2012,EVV,IN,AGL,CE,Combined TRACON& Tower with Radar,0,31,6,0,37,0,17,48,5,70,0,48,54,5,107,230,12,242,349
06/10/2012,EVV,IN,AGL,CE,Combined TRACON& Tower with Radar,0,40,12,1,53,0,20,56,3,79,0,60,68,4,132,190,10,200,332
06/11/2012,EVV,IN,AGL,CE,Combined TRACON& Tower with Radar,2,36,14,0,52,0,3,4,0,7,2,39,18,0,59,2,0,2,61
06/12/2012,EVV,IN,AGL,CE,Combined TRACON& Tower with Radar,0,39,17,6,62,0,3,9,1,13,0,42,26,7,75,4,10,14,89
06/13/2012,EVV,IN,AGL,CE,Combined TRACON& Tower with Radar,2,35,21,9,67,0,7,17,1,25,2,42,38,10,92,8,22,30,122
06/14/2012,EVV,IN,AGL,CE,Combined TRACON& Tower with Radar,0,33,10,4,47,0,3,26,2,31,0,36,36,6,78,122,12,134,212
06/15/2012,EVV,IN,AGL,CE,Combined TRACON& Tower with Radar,0,39,25,8,72,0,6,30,0,36,0,45,55,8,108,16,20,36,144
06/16/2012,EVV,IN,AGL,CE,Combined TRACON& Tower with Radar,2,27,14,0,43,0,1,21,0,22,2,28,35,0,65,100,0,100,165
06/17/2012,EVV,IN,AGL,CE,Combined TRACON& Tower with Radar,0,31,5,8,44,0,0,16,1,17,0,31,21,9,61,12,2,14,75
06/18/2012,EVV,IN,AGL,CE,Combined TRACON& Tower with Radar,0,38,14,0,52,0,2,26,0,28,0,40,40,0,80,0,0,0,80
06/19/2012,EVV,IN,AGL,CE,Combined TRACON& Tower with Radar,0,44,15,0,59,0,2,20,0,22,0,46,35,0,81,22,0,22,103
06/20/2012,EVV,IN,AGL,CE,Combined TRACON& Tower with Radar,0,36,28,8,72,0,5,38,0,43,0,41,66,8,115,156,6,162,277
06/21/2012,EVV,IN,AGL,CE,Combined TRACON& Tower with Radar,0,42,20,0,62,0,0,25,0,25,0,42,45,0,87,226,0,226,313
06/22/2012,EVV,IN,AGL,CE,Combined TRACON& Tower with Radar,0,35,12,14,61,0,2,17,1,20,0,37,29,15,81,118,0,118,199
06/23/2012,EVV,IN,AGL,CE,Combined TRACON& Tower with Radar,0,24,18,33,75,0,0,25,5,30,0,24,43,38,105,121,62,183,288
06/24/2012,EVV,IN,AGL,CE,Combined TRACON& Tower with Radar,0,34,17,0,51,0,2,13,0,15,0,36,30,0,66,42,0,42,108
06/25/2012,EVV,IN,AGL,CE,Combined TRACON& Tower with Radar,0,33,15,1,49,0,4,4,3,11,0,37,19,4,60,2,0,2,62
06/26/2012,EVV,IN,AGL,CE,Combined TRACON& Tower with Radar,0,38,18,11,67,0,2,20,0,22,0,40,38,11,89,96,16,112,201
06/27/2012,EVV,IN,AGL,CE,Combined TRACON& Tower with Radar,0,39,29,0,68,0,1,25,0,26,0,40,54,0,94,214,0,214,308
06/28/2012,EVV,IN,AGL,CE,Combined TRACON& Tower with Radar,0,38,19,2,59,0,2,32,0,34,0,40,51,2,93,142,0,142,235
06/29/2012,EVV,IN,AGL,CE,Combined TRACON& Tower with Radar,2,33,14,9,58,0,2,7,9,18,2,35,21,18,76,0,12,12,88
06/30/2012,EVV,IN,AGL,CE,Combined TRACON& Tower with Radar,0,28,13,0,41,0,2,10,0,12,0,30,23,0,53,22,0,22,75
07/01/2012,EVV,IN,AGL,CE,Combined TRACON& Tower with Radar,0,35,18,0,53,0,1,3,0,4,0,36,21,0,57,2,0,2,59
07/02/2012,EVV,IN,AGL,CE,Combined TRACON& Tower with Radar,0,27,13,4,44,0,0,6,0,6,0,27,19,4,50,10,0,10,60
07/03/2012,EVV,IN,AGL,CE,Combined TRACON& Tower with Radar,0,25,10,3,38,0,1,10,2,13,0,26,20,5,51,28,12,40,91
07/04/2012,EVV,IN,AGL,CE,Combined TRACON& Tower with Radar,0,18,2,0,20,0,2,18,1,21,0,20,20,1,41,4,0,4,45
07/05/2012,EVV,IN,AGL,CE,Combined TRACON& Tower with Radar,0,27,20,8,55,0,1,11,0,12,0,28,31,8,67,6,0,6,73
07/06/2012,EVV,IN,AGL,CE,Combined TRACON& Tower with Radar,0,24,7,6,37,0,0,18,0,18,0,24,25,6,55,28,6,34,89
07/07/2012,EVV,IN,AGL,CE,Combined TRACON& Tower with Radar,0,28,9,0,37,0,5,12,0,17,0,33,21,0,54,10,0,10,64
07/08/2012,EVV,IN,AGL,CE,Combined TRACON& Tower with Radar,0,35,10,0,45,0,1,4,0,5,0,36,14,0,50,62,0,62,112
07/09/2012,EVV,IN,AGL,CE,Combined TRACON& Tower with Radar,0,36,15,0,51,0,0,14,0,14,0,36,29,0,65,8,0,8,73
07/10/2012,EVV,IN,AGL,CE,Combined TRACON& Tower with Radar,0,44,16,0,60,0,4,15,2,21,0,48,31,2,81,24,0,24,105
07/11/2012,EVV,IN,AGL,CE,Combined TRACON& Tower with Radar,0,32,30,6,68,0,2,26,9,37,0,34,56,15,105,202,12,214,319
07/12/2012,EVV,IN,AGL,CE,Combined TRACON& Tower with Radar,0,38,32,17,87,0,6,17,1,24,0,44,49,18,111,124,40,164,275
07/13/2012,EVV,IN,AGL,CE,Combined TRACON& Tower with Radar,0,35,10,3,48,0,3,18,0,21,0,38,28,3,69,18,0,18,87
07/14/2012,EVV,IN,AGL,CE,Combined TRACON& Tower with Radar,0,22,4,1,27,0,0,1,0,1,0,22,5,1,28,0,0,0,28
07/15/2012,EVV,IN,AGL,CE,Combined TRACON& Tower with Radar,0,37,10,0,47,0,1,11,0,12,0,38,21,0,59,103,0,103,162
07/16/2012,EVV,IN,AGL,CE,Combined TRACON& Tower with Radar,0,34,14,20,68,0,0,11,1,12,0,34,25,21,80,0,34,34,114
07/17/2012,EVV,IN,AGL,CE,Combined TRACON& Tower with Radar,0,41,24,0,65,0,0,14,0,14,0,41,38,0,79,74,0,74,153
07/18/2012,EVV,IN,AGL,CE,Combined TRACON& Tower with Radar,0,38,22,1,61,0,2,6,1,9,0,40,28,2,70,10,0,10,80
07/19/2012,EVV,IN,AGL,CE,Combined TRACON& Tower with Radar,0,35,16,0,51,0,0,11,0,11,0,35,27,0,62,11,0,11,73
07/20/2012,EVV,IN,AGL,CE,Combined TRACON& Tower with Radar,0,36,13,0,49,0,1,4,0,5,0,37,17,0,54,30,0,30,84
07/21/2012,EVV,IN,AGL,CE,Combined TRACON& Tower with Radar,0,26,26,0,52,0,0,20,0,20,0,26,46,0,72,2,0,2,74
07/22/2012,EVV,IN,AGL,CE,Combined TRACON& Tower with Radar,2,44,9,0,55,0,0,18,0,18,2,44,27,0,73,24,0,24,97
07/23/2012,EVV,IN,AGL,CE,Combined TRACON& Tower with Radar,0,34,21,3,58,0,4,21,0,25,0,38,42,3,83,34,4,38,121
07/24/2012,EVV,IN,AGL,CE,Combined TRACON& Tower with Radar,0,37,23,11,71,0,4,14,1,19,0,41,37,12,90,59,0,59,149
07/25/2012,EVV,IN,AGL,CE,Combined TRACON& Tower with Radar,0,42,31,18,91,0,7,34,0,41,0,49,65,18,132,34,32,66,198
07/26/2012,EVV,IN,AGL,CE,Combined TRACON& Tower with Radar,2,36,15,15,68,0,1,0,0,1,2,37,15,15,69,0,0,0,69
07/27/2012,EVV,IN,AGL,CE,Combined TRACON& Tower with Radar,0,31,27,2,60,0,2,22,0,24,0,33,49,2,84,2,0,2,86
07/28/2012,EVV,IN,AGL,CE,Combined TRACON& Tower with Radar,0,22,8,0,30,0,0,31,3,34,0,22,39,3,64,32,0,32,96
07/29/2012,EVV,IN,AGL,CE,Combined TRACON& Tower with Radar,0,30,5,10,45,0,2,14,0,16,0,32,19,10,61,30,18,48,109
07/30/2012,EVV,IN,AGL,CE,Combined TRACON& Tower with Radar,0,35,12,0,47,0,1,15,0,16,0,36,27,0,63,0,0,0,63
07/31/2012,EVV,IN,AGL,CE,Combined TRACON& Tower with Radar,0,34,10,0,44,0,1,16,0,17,0,35,26,0,61,0,0,0,61
08/01/2012,EVV,IN,AGL,CE,Combined TRACON& Tower with Radar,0,37,17,0,54,0,0,39,0,39,0,37,56,0,93,4,0,4,97
08/02/2012,EVV,IN,AGL,CE,Combined TRACON& Tower with Radar,0,32,25,0,57,0,2,15,0,17,0,34,40,0,74,112,0,112,186
08/03/2012,EVV,IN,AGL,CE,Combined TRACON& Tower with Radar,0,36,19,0,55,0,0,13,0,13,0,36,32,0,68,16,0,16,84
08/04/2012,EVV,IN,AGL,CE,Combined TRACON& Tower with Radar,0,27,20,6,53,0,2,12,2,16,0,29,32,8,69,66,36,102,171
08/05/2012,EVV,IN,AGL,CE,Combined TRACON& Tower with Radar,0,33,10,16,59,0,1,16,0,17,0,34,26,16,76,90,32,122,198
08/06/2012,EVV,IN,AGL,CE,Combined TRACON& Tower with Radar,0,33,19,6,58,0,2,32,2,36,0,35,51,8,94,38,8,46,140
08/07/2012,EVV,IN,AGL,CE,Combined TRACON& Tower with Radar,0,37,23,14,74,0,2,31,2,35,0,39,54,16,109,26,30,56,165
08/08/2012,EVV,IN,AGL,CE,Combined TRACON& Tower with Radar,0,42,32,16,90,0,0,22,0,22,0,42,54,16,112,224,16,240,352
08/09/2012,EVV,IN,AGL,CE,Combined TRACON& Tower with Radar,0,35,24,14,73,0,0,22,0,22,0,35,46,14,95,100,16,116,211
08/10/2012,EVV,IN,AGL,CE,Combined TRACON& Tower with Radar,0,34,21,0,55,0,1,19,0,20,0,35,40,0,75,84,0,84,159
08/11/2012,EVV,IN,AGL,CE,Combined TRACON& Tower with Radar,0,22,12,0,34,0,2,31,0,33,0,24,43,0,67,20,0,20,87
08/12/2012,EVV,IN,AGL,CE,Combined TRACON& Tower with Radar,0,34,6,4,44,0,0,21,0,21,0,34,27,4,65,72,0,72,137
08/13/2012,EVV,IN,AGL,CE,Combined TRACON& Tower with Radar,0,32,23,0,55,0,11,1,0,12,0,43,24,0,67,20,0,20,87
08/14/2012,EVV,IN,AGL,CE,Combined TRACON& Tower with Radar,0,33,22,0,55,0,0,7,0,7,0,33,29,0,62,16,1,17,79
08/15/2012,EVV,IN,AGL,CE,Combined TRACON& Tower with Radar,0,33,21,8,62,0,5,21,0,26,0,38,42,8,88,140,10,150,238
08/16/2012,EVV,IN,AGL,CE,Combined TRACON& Tower with Radar,6,32,24,0,62,0,2,11,0,13,6,34,35,0,75,86,0,86,161
08/17/2012,EVV,IN,AGL,CE,Combined TRACON& Tower with Radar,0,32,18,12,62,0,3,11,0,14,0,35,29,12,76,46,20,66,142
08/18/2012,EVV,IN,AGL,CE,Combined TRACON& Tower with Radar,0,19,8,4,31,0,5,26,0,31,0,24,34,4,62,110,6,116,178
08/19/2012,EVV,IN,AGL,CE,Combined TRACON& Tower with Radar,0,28,15,20,63,0,1,26,0,27,0,29,41,20,90,48,32,80,170
08/20/2012,EVV,IN,AGL,CE,Combined TRACON& Tower with Radar,2,33,14,12,61,0,2,23,0,25,2,35,37,12,86,0,12,12,98
08/21/2012,EVV,IN,AGL,CE,Combined TRACON& Tower with Radar,0,33,10,4,47,0,5,15,0,20,0,38,25,4,67,18,0,18,85
08/22/2012,EVV,IN,AGL,CE,Combined TRACON& Tower with Radar,0,28,27,0,55,0,0,18,0,18,0,28,45,0,73,124,0,124,197
08/23/2012,EVV,IN,AGL,CE,Combined TRACON& Tower with Radar,0,30,15,0,45,0,2,17,0,19,0,32,32,0,64,96,0,96,160
08/24/2012,EVV,IN,AGL,CE,Combined TRACON& Tower with Radar,0,37,16,31,84,0,0,10,0,10,0,37,26,31,94,0,36,36,130
08/25/2012,EVV,IN,AGL,CE,Combined TRACON& Tower with Radar,0,20,13,9,42,0,7,33,0,40,0,27,46,9,82,48,22,70,152
08/26/2012,EVV,IN,AGL,CE,Combined TRACON& Tower with Radar,0,27,11,17,55,0,12,12,0,24,0,39,23,17,79,18,12,30,109
08/27/2012,EVV,IN,AGL,CE,Combined TRACON& Tower with Radar,0,30,7,0,37,0,0,1,0,1,0,30,8,0,38,0,0,0,38
08/28/2012,EVV,IN,AGL,CE,Combined TRACON& Tower with Radar,0,37,13,7,57,0,0,18,0,18,0,37,31,7,75,16,8,24,99
08/29/2012,EVV,IN,AGL,CE,Combined TRACON& Tower with Radar,0,36,15,32,83,0,9,22,3,34,0,45,37,35,117,128,58,186,303
08/30/2012,EVV,IN,AGL,CE,Combined TRACON& Tower with Radar,0,35,20,0,55,0,3,21,0,24,0,38,41,0,79,132,0,132,211
08/31/2012,EVV,IN,AGL,CE,Combined TRACON& Tower with Radar,0,32,21,5,58,0,1,6,0,7,0,33,27,5,65,72,14,86,151
09/01/2012,EVV,IN,AGL,CE,Combined TRACON& Tower with Radar,0,15,8,0,23,0,1,8,0,9,0,16,16,0,32,16,0,16,48
09/02/2012,EVV,IN,AGL,CE,Combined TRACON& Tower with Radar,0,14,11,0,25,0,0,0,0,0,0,14,11,0,25,2,0,2,27
09/03/2012,EVV,IN,AGL,CE,Combined TRACON& Tower with Radar,0,28,14,0,42,0,3,5,0,8,0,31,19,0,50,0,19,19,69
09/04/2012,EVV,IN,AGL,CE,Combined TRACON& Tower with Radar,0,37,11,2,50,0,2,4,0,6,0,39,15,2,56,6,6,12,68
09/05/2012,EVV,IN,AGL,CE,Combined TRACON& Tower with Radar,0,33,23,0,56,0,1,5,0,6,0,34,28,0,62,0,0,0,62
09/06/2012,EVV,IN,AGL,CE,Combined TRACON& Tower with Radar,0,37,23,0,60,0,2,10,0,12,0,39,33,0,72,2,0,2,74
09/07/2012,EVV,IN,AGL,CE,Combined TRACON& Tower with Radar,0,33,17,9,59,0,1,10,0,11,0,34,27,9,70,0,84,84,154
09/08/2012,EVV,IN,AGL,CE,Combined TRACON& Tower with Radar,0,19,9,8,36,0,2,9,1,12,0,21,18,9,48,60,18,78,126
09/09/2012,EVV,IN,AGL,CE,Combined TRACON& Tower with Radar,0,28,10,0,38,0,5,7,0,12,0,33,17,0,50,128,0,128,178
09/10/2012,EVV,IN,AGL,CE,Combined TRACON& Tower with Radar,0,32,15,0,47,0,2,19,0,21,0,34,34,0,68,32,0,32,100
09/11/2012,EVV,IN,AGL,CE,Combined TRACON& Tower with Radar,0,32,25,0,57,0,2,25,0,27,0,34,50,0,84,38,0,38,122
09/12/2012,EVV,IN,AGL,CE,Combined TRACON& Tower with Radar,0,30,23,2,55,0,6,10,0,16,0,36,33,2,71,0,0,0,71
09/13/2012,EVV,IN,AGL,CE,Combined TRACON& Tower with Radar,0,32,17,3,52,0,0,17,0,17,0,32,34,3,69,38,0,38,107
09/14/2012,EVV,IN,AGL,CE,Combined TRACON& Tower with Radar,0,36,25,22,83,0,2,6,1,9,0,38,31,23,92,18,12,30,122
09/15/2012,EVV,IN,AGL,CE,Combined TRACON& Tower with Radar,0,19,7,0,26,0,1,13,1,15,0,20,20,1,41,0,0,0,41
09/16/2012,EVV,IN,AGL,CE,Combined TRACON& Tower with Radar,1,35,9,7,52,1,5,7,1,14,2,40,16,8,66,9,25,34,100
09/17/2012,EVV,IN,AGL,CE,Combined TRACON& Tower with Radar,0,34,18,0,52,0,0,0,0,0,0,34,18,0,52,0,0,0,52
09/18/2012,EVV,IN,AGL,CE,Combined TRACON& Tower with Radar,0,33,22,0,55,0,5,3,0,8,0,38,25,0,63,0,0,0,63
09/19/2012,EVV,IN,AGL,CE,Combined TRACON& Tower with Radar,0,33,24,0,57,0,3,19,0,22,0,36,43,0,79,16,0,16,95
09/20/2012,EVV,IN,AGL,CE,Combined TRACON& Tower with Radar,0,41,18,4,63,0,0,13,0,13,0,41,31,4,76,4,0,4,80
09/21/2012,EVV,IN,AGL,CE,Combined TRACON& Tower with Radar,1,37,16,6,60,0,1,11,5,17,1,38,27,11,77,10,22,32,109
09/22/2012,EVV,IN,AGL,CE,Combined TRACON& Tower with Radar,2,21,9,1,33,0,2,11,0,13,2,23,20,1,46,20,0,20,66
09/23/2012,EVV,IN,AGL,CE,Combined TRACON& Tower with Radar,0,32,21,4,57,0,0,18,0,18,0,32,39,4,75,18,0,18,93
09/24/2012,EVV,IN,AGL,CE,Combined TRACON& Tower with Radar,0,40,15,12,67,0,2,25,1,28,0,42,40,13,95,48,8,56,151
09/25/2012,EVV,IN,AGL,CE,Combined TRACON& Tower with Radar,0,31,22,0,53,0,0,2,0,2,0,31,24,0,55,0,0,0,55
09/26/2012,EVV,IN,AGL,CE,Combined TRACON& Tower with Radar,0,27,16,0,43,0,0,11,0,11,0,27,27,0,54,0,0,0,54
09/27/2012,EVV,IN,AGL,CE,Combined TRACON& Tower with Radar,1,41,20,0,62,0,0,1,0,1,1,41,21,0,63,68,0,68,131
09/28/2012,EVV,IN,AGL,CE,Combined TRACON& Tower with Radar,1,34,21,0,56,0,3,12,0,15,1,37,33,0,71,136,0,136,207
09/29/2012,EVV,IN,AGL,CE,Combined TRACON& Tower with Radar,1,18,13,0,32,0,3,18,0,21,1,21,31,0,53,120,0,120,173
09/30/2012,EVV,IN,AGL,CE,Combined TRACON& Tower with Radar,0,28,23,0,51,0,2,15,0,17,0,30,38,0,68,110,0,110,178
10/01/2012,EVV,IN,AGL,CE,Combined TRACON& Tower with Radar,0,37,15,0,52,0,0,9,0,9,0,37,24,0,61,23,0,23,84
10/02/2012,EVV,IN,AGL,CE,Combined TRACON& Tower with Radar,0,36,9,0,45,0,0,0,0,0,0,36,9,0,45,0,0,0,45
10/03/2012,EVV,IN,AGL,CE,Combined TRACON& Tower with Radar,0,43,20,6,69,0,11,8,1,20,0,54,28,7,89,58,0,58,147
10/04/2012,EVV,IN,AGL,CE,Combined TRACON& Tower with Radar,0,40,28,14,82,0,7,43,1,51,0,47,71,15,133,116,14,130,263
10/05/2012,EVV,IN,AGL,CE,Combined TRACON& Tower with Radar,0,32,20,0,52,0,1,7,0,8,0,33,27,0,60,30,0,30,90
10/06/2012,EVV,IN,AGL,CE,Combined TRACON& Tower with Radar,0,19,8,0,27,0,4,31,1,36,0,23,39,1,63,100,0,100,163
10/07/2012,EVV,IN,AGL,CE,Combined TRACON& Tower with Radar,0,32,11,0,43,0,8,12,0,20,0,40,23,0,63,28,0,28,91
10/08/2012,EVV,IN,AGL,CE,Combined TRACON& Tower with Radar,0,40,13,0,53,0,0,17,0,17,0,40,30,0,70,41,0,41,111
10/09/2012,EVV,IN,AGL,CE,Combined TRACON& Tower with Radar,0,30,22,1,53,0,4,23,1,28,0,34,45,2,81,36,43,79,160
10/10/2012,EVV,IN,AGL,CE,Combined TRACON& Tower with Radar,0,42,17,1,60,0,1,19,0,20,0,43,36,1,80,0,0,0,80
10/11/2012,EVV,IN,AGL,CE,Combined TRACON& Tower with Radar,0,33,13,14,60,0,0,15,0,15,0,33,28,14,75,27,20,47,122
10/12/2012,EVV,IN,AGL,CE,Combined TRACON& Tower with Radar,0,40,23,8,71,0,2,9,0,11,0,42,32,8,82,80,28,108,190
10/13/2012,EVV,IN,AGL,CE,Combined TRACON& Tower with Radar,0,24,15,0,39,0,10,25,0,35,0,34,40,0,74,116,0,116,190
10/14/2012,EVV,IN,AGL,CE,Combined TRACON& Tower with Radar,0,27,7,4,38,0,2,0,0,2,0,29,7,4,40,0,0,0,40
10/15/2012,EVV,IN,AGL,CE,Combined TRACON& Tower with Radar,0,31,17,2,50,0,4,29,0,33,0,35,46,2,83,22,0,22,105
10/16/2012,EVV,IN,AGL,CE,Combined TRACON& Tower with Radar,0,34,38,18,90,0,1,20,0,21,0,35,58,18,111,28,28,56,167
10/17/2012,EVV,IN,AGL,CE,Combined TRACON& Tower with Radar,0,40,19,34,93,0,2,6,1,9,0,42,25,35,102,22,60,82,184
10/18/2012,EVV,IN,AGL,CE,Combined TRACON& Tower with Radar,0,37,21,0,58,0,0,1,0,1,0,37,22,0,59,0,0,0,59
10/19/2012,EVV,IN,AGL,CE,Combined TRACON& Tower with Radar,0,34,18,16,68,0,1,2,1,4,0,35,20,17,72,26,80,106,178
10/20/2012,EVV,IN,AGL,CE,Combined TRACON& Tower with Radar,0,21,14,0,35,0,1,21,0,22,0,22,35,0,57,122,0,122,179
10/21/2012,EVV,IN,AGL,CE,Combined TRACON& Tower with Radar,0,33,14,2,49,0,2,35,0,37,0,35,49,2,86,144,0,144,230
10/22/2012,EVV,IN,AGL,CE,Combined TRACON& Tower with Radar,2,33,13,0,48,0,2,16,0,18,2,35,29,0,66,14,0,14,80
10/23/2012,EVV,IN,AGL,CE,Combined TRACON& Tower with Radar,0,37,29,6,72,0,3,17,0,20,0,40,46,6,92,16,8,24,116
10/24/2012,EVV,IN,AGL,CE,Combined TRACON& Tower with Radar,0,35,21,9,65,0,2,21,0,23,0,37,42,9,88,154,22,176,264
10/25/2012,EVV,IN,AGL,CE,Combined TRACON& Tower with Radar,0,36,22,4,62,0,7,19,0,26,0,43,41,4,88,166,0,166,254
10/26/2012,EVV,IN,AGL,CE,Combined TRACON& Tower with Radar,0,31,11,4,46,0,2,3,0,5,0,33,14,4,51,42,0,42,93
10/27/2012,EVV,IN,AGL,CE,Combined TRACON& Tower with Radar,0,18,4,0,22,0,0,8,0,8,0,18,12,0,30,0,0,0,30
10/28/2012,EVV,IN,AGL,CE,Combined TRACON& Tower with Radar,0,30,12,4,46,0,5,11,0,16,0,35,23,4,62,23,0,23,85
10/29/2012,EVV,IN,AGL,CE,Combined TRACON& Tower with Radar,0,34,7,0,41,0,12,15,0,27,0,46,22,0,68,0,0,0,68
10/30/2012,EVV,IN,AGL,CE,Combined TRACON& Tower with Radar,2,35,12,2,51,0,0,0,0,0,2,35,12,2,51,0,0,0,51
10/31/2012,EVV,IN,AGL,CE,Combined TRACON& Tower with Radar,0,29,18,0,47,0,0,9,0,9,0,29,27,0,56,0,0,0,56
11/01/2012,EVV,IN,AGL,CE,Combined TRACON& Tower with Radar,0,35,14,0,49,0,1,13,0,14,0,36,27,0,63,132,0,132,195
11/02/2012,EVV,IN,AGL,CE,Combined TRACON& Tower with Radar,0,35,9,0,44,0,0,22,0,22,0,35,31,0,66,8,0,8,74
11/03/2012,EVV,IN,AGL,CE,Combined TRACON& Tower with Radar,0,24,4,0,28,0,0,5,0,5,0,24,9,0,33,10,0,10,43
11/04/2012,EVV,IN,AGL,CE,Combined TRACON& Tower with Radar,0,33,9,0,42,0,3,27,0,30,0,36,36,0,72,2,0,2,74
11/05/2012,EVV,IN,AGL,CE,Combined TRACON& Tower with Radar,0,29,31,0,60,0,2,21,0,23,0,31,52,0,83,46,0,46,129
11/06/2012,EVV,IN,AGL,CE,Combined TRACON& Tower with Radar,0,34,18,0,52,0,2,20,0,22,0,36,38,0,74,28,0,28,102
11/07/2012,EVV,IN,AGL,CE,Combined TRACON& Tower with Radar,0,36,13,0,49,0,0,1,0,1,0,36,14,0,50,106,0,106,156
11/08/2012,EVV,IN,AGL,CE,Combined TRACON& Tower with Radar,0,34,17,0,51,0,3,20,0,23,0,37,37,0,74,26,0,26,100
11/09/2012,EVV,IN,AGL,CE,Combined TRACON& Tower with Radar,0,31,20,0,51,0,2,18,0,20,0,33,38,0,71,60,0,60,131
11/10/2012,EVV,IN,AGL,CE,Combined TRACON& Tower with Radar,2,17,7,6,32,0,0,17,0,17,2,17,24,6,49,66,0,66,115
11/11/2012,EVV,IN,AGL,CE,Combined TRACON& Tower with Radar,0,29,10,0,39,0,2,6,0,8,0,31,16,0,47,80,0,80,127
11/12/2012,EVV,IN,AGL,CE,Combined TRACON& Tower with Radar,0,38,19,0,57,0,1,10,0,11,0,39,29,0,68,6,0,6,74
11/13/2012,EVV,IN,AGL,CE,Combined TRACON& Tower with Radar,0,35,40,0,75,0,2,17,0,19,0,37,57,0,94,6,0,6,100
11/14/2012,EVV,IN,AGL,CE,Combined TRACON& Tower with Radar,0,32,16,0,48,0,1,11,0,12,0,33,27,0,60,0,0,0,60
11/15/2012,EVV,IN,AGL,CE,Combined TRACON& Tower with Radar,0,31,21,0,52,0,2,9,0,11,0,33,30,0,63,148,0,148,211
11/16/2012,EVV,IN,AGL,CE,Combined TRACON& Tower with Radar,0,30,16,1,47,0,2,19,0,21,0,32,35,1,68,136,0,136,204
11/17/2012,EVV,IN,AGL,CE,Combined TRACON& Tower with Radar,2,18,10,0,30,0,2,13,0,15,2,20,23,0,45,28,0,28,73
11/18/2012,EVV,IN,AGL,CE,Combined TRACON& Tower with Radar,0,31,11,0,42,0,9,19,0,28,0,40,30,0,70,136,0,136,206
11/19/2012,EVV,IN,AGL,CE,Combined TRACON& Tower with Radar,4,24,19,4,51,0,0,13,0,13,4,24,32,4,64,30,30,60,124
11/20/2012,EVV,IN,AGL,CE,Combined TRACON& Tower with Radar,0,28,22,2,52,0,2,15,12,29,0,30,37,14,81,42,10,52,133
11/21/2012,EVV,IN,AGL,CE,Combined TRACON& Tower with Radar,0,26,13,0,39,0,0,8,0,8,0,26,21,0,47,104,0,104,151
11/22/2012,EVV,IN,AGL,CE,Combined TRACON& Tower with Radar,0,14,1,0,15,0,0,6,0,6,0,14,7,0,21,0,0,0,21
11/23/2012,EVV,IN,AGL,CE,Combined TRACON& Tower with Radar,2,16,10,0,28,0,1,6,0,7,2,17,16,0,35,0,0,0,35
11/24/2012,EVV,IN,AGL,CE,Combined TRACON& Tower with Radar,0,20,6,0,26,0,0,13,0,13,0,20,19,0,39,0,0,0,39
11/25/2012,EVV,IN,AGL,CE,Combined TRACON& Tower with Radar,0,29,7,0,36,0,0,5,0,5,0,29,12,0,41,24,4,28,69
11/26/2012,EVV,IN,AGL,CE,Combined TRACON& Tower with Radar,0,34,13,19,66,0,0,11,0,11,0,34,24,19,77,6,8,14,91
11/27/2012,EVV,IN,AGL,CE,Combined TRACON& Tower with Radar,0,30,19,16,65,0,5,13,0,18,0,35,32,16,83,8,26,34,117
11/28/2012,EVV,IN,AGL,CE,Combined TRACON& Tower with Radar,0,25,25,8,58,0,4,20,1,25,0,29,45,9,83,180,2,182,265
11/29/2012,EVV,IN,AGL,CE,Combined TRACON& Tower with Radar,0,29,23,0,52,0,0,26,0,26,0,29,49,0,78,130,0,130,208
11/30/2012,EVV,IN,AGL,CE,Combined TRACON& Tower with Radar,0,30,19,12,61,0,1,18,0,19,0,31,37,12,80,2,0,2,82
12/01/2012,EVV,IN,AGL,CE,Combined TRACON& Tower with Radar,0,21,17,6,44,0,0,15,0,15,0,21,32,6,59,102,26,128,187
12/02/2012,EVV,IN,AGL,CE,Combined TRACON& Tower with Radar,0,25,12,0,37,0,0,1,0,1,0,25,13,0,38,0,0,0,38
12/03/2012,EVV,IN,AGL,CE,Combined TRACON& Tower with Radar,0,29,12,4,45,0,0,11,0,11,0,29,23,4,56,22,0,22,78
12/04/2012,EVV,IN,AGL,CE,Combined TRACON& Tower with Radar,0,30,17,0,47,0,0,2,0,2,0,30,19,0,49,10,0,10,59
12/05/2012,EVV,IN,AGL,CE,Combined TRACON& Tower with Radar,0,29,34,2,65,0,0,35,0,35,0,29,69,2,100,206,22,228,328
12/06/2012,EVV,IN,AGL,CE,Combined TRACON& Tower with Radar,0,30,31,1,62,0,0,27,0,27,0,30,58,1,89,6,0,6,95
12/07/2012,EVV,IN,AGL,CE,Combined TRACON& Tower with Radar,0,28,11,0,39,0,0,0,0,0,0,28,11,0,39,0,0,0,39
12/08/2012,EVV,IN,AGL,CE,Combined TRACON& Tower with Radar,0,18,7,0,25,0,0,0,0,0,0,18,7,0,25,0,0,0,25
12/09/2012,EVV,IN,AGL,CE,Combined TRACON& Tower with Radar,0,25,10,0,35,0,0,2,0,2,0,25,12,0,37,0,0,0,37
12/10/2012,EVV,IN,AGL,CE,Combined TRACON& Tower with Radar,0,31,16,0,47,0,0,2,0,2,0,31,18,0,49,0,0,0,49
12/11/2012,EVV,IN,AGL,CE,Combined TRACON& Tower with Radar,0,27,27,0,54,0,3,23,0,26,0,30,50,0,80,14,0,14,94
12/12/2012,EVV,IN,AGL,CE,Combined TRACON& Tower with Radar,0,32,28,4,64,0,6,24,0,30,0,38,52,4,94,16,0,16,110
12/13/2012,EVV,IN,AGL,CE,Combined TRACON& Tower with Radar,0,30,24,4,58,0,5,42,0,47,0,35,66,4,105,10,0,10,115
12/14/2012,EVV,IN,AGL,CE,Combined TRACON& Tower with Radar,0,31,27,1,59,0,1,40,0,41,0,32,67,1,100,12,0,12,112
12/15/2012,EVV,IN,AGL,CE,Combined TRACON& Tower with Radar,0,17,8,1,26,0,1,4,0,5,0,18,12,1,31,0,0,0,31
12/16/2012,EVV,IN,AGL,CE,Combined TRACON& Tower with Radar,0,23,5,0,28,0,2,12,0,14,0,25,17,0,42,20,0,20,62
12/17/2012,EVV,IN,AGL,CE,Combined TRACON& Tower with Radar,0,27,4,0,31,0,0,1,0,1,0,27,5,0,32,0,0,0,32
12/18/2012,EVV,IN,AGL,CE,Combined TRACON& Tower with Radar,2,34,25,0,61,0,2,22,0,24,2,36,47,0,85,54,0,54,139
12/19/2012,EVV,IN,AGL,CE,Combined TRACON& Tower with Radar,0,32,32,6,70,0,0,16,6,22,0,32,48,12,92,14,6,20,112
12/20/2012,EVV,IN,AGL,CE,Combined TRACON& Tower with Radar,0,25,12,0,37,0,0,1,0,1,0,25,13,0,38,0,0,0,38
12/21/2012,EVV,IN,AGL,CE,Combined TRACON& Tower with Radar,0,34,16,2,52,0,6,7,0,13,0,40,23,2,65,12,6,18,83
12/22/2012,EVV,IN,AGL,CE,Combined TRACON& Tower with Radar,0,20,9,0,29,0,0,24,0,24,0,20,33,0,53,72,0,72,125
12/23/2012,EVV,IN,AGL,CE,Combined TRACON& Tower with Radar,0,22,5,0,27,0,0,20,0,20,0,22,25,0,47,0,0,0,47
12/24/2012,EVV,IN,AGL,CE,Combined TRACON& Tower with Radar,0,19,2,0,21,0,0,0,0,0,0,19,2,0,21,0,0,0,21
12/25/2012,EVV,IN,AGL,CE,Combined TRACON& Tower with Radar,0,12,4,0,16,0,0,0,0,0,0,12,4,0,16,0,0,0,16
12/26/2012,EVV,IN,AGL,CE,Combined TRACON& Tower with Radar,0,13,9,0,22,0,4,0,0,4,0,17,9,0,26,0,0,0,26
12/27/2012,EVV,IN,AGL,CE,Combined TRACON& Tower with Radar,0,29,15,0,44,0,1,4,0,5,0,30,19,0,49,0,0,0,49
12/28/2012,EVV,IN,AGL,CE,Combined TRACON& Tower with Radar,0,28,0,0,28,0,0,6,0,6,0,28,6,0,34,0,0,0,34
12/29/2012,EVV,IN,AGL,CE,Combined TRACON& Tower with Radar,0,16,0,0,16,0,1,2,0,3,0,17,2,0,19,0,0,0,19
12/30/2012,EVV,IN,AGL,CE,Combined TRACON& Tower with Radar,0,20,8,0,28,0,0,8,0,8,0,20,16,0,36,22,0,22,58
12/31/2012,EVV,IN,AGL,CE,Combined TRACON& Tower with Radar,0,16,4,0,20,0,0,0,0,0,0,16,4,0,20,0,0,0,20
01/01/2013,EVV,IN,AGL,CE,Combined TRACON& Tower with Radar,0,22,1,0,23,0,1,0,0,1,0,23,1,0,24,0,0,0,24
01/02/2013,EVV,IN,AGL,CE,Combined TRACON& Tower with Radar,0,30,15,0,45,0,2,13,0,15,0,32,28,0,60,0,0,0,60
01/03/2013,EVV,IN,AGL,CE,Combined TRACON& Tower with Radar,0,29,9,0,38,0,0,12,0,12,0,29,21,0,50,26,0,26,76
01/04/2013,EVV,IN,AGL,CE,Combined TRACON& Tower with Radar,0,30,7,0,37,0,1,7,0,8,0,31,14,0,45,0,0,0,45
01/05/2013,EVV,IN,AGL,CE,Combined TRACON& Tower with Radar,0,16,4,0,20,0,2,13,0,15,0,18,17,0,35,82,0,82,117
01/06/2013,EVV,IN,AGL,CE,Combined TRACON& Tower with Radar,0,25,3,0,28,0,1,5,0,6,0,26,8,0,34,18,0,18,52
01/07/2013,EVV,IN,AGL,CE,Combined TRACON& Tower with Radar,0,30,8,2,40,0,1,4,1,6,0,31,12,3,46,0,0,0,46
01/08/2013,EVV,IN,AGL,CE,Combined TRACON& Tower with Radar,0,34,19,18,71,0,1,15,0,16,0,35,34,18,87,6,4,10,97
01/09/2013,EVV,IN,AGL,CE,Combined TRACON& Tower with Radar,0,31,16,4,51,0,0,13,0,13,0,31,29,4,64,70,10,80,144
01/10/2013,EVV,IN,AGL,CE,Combined TRACON& Tower with Radar,0,33,7,29,69,0,0,0,0,0,0,33,7,29,69,80,74,154,223
01/11/2013,EVV,IN,AGL,CE,Combined TRACON& Tower with Radar,0,30,14,2,46,0,5,11,0,16,0,35,25,2,62,2,0,2,64
01/12/2013,EVV,IN,AGL,CE,Combined TRACON& Tower with Radar,0,22,3,0,25,0,0,3,0,3,0,22,6,0,28,0,0,0,28
01/13/2013,EVV,IN,AGL,CE,Combined TRACON& Tower with Radar,0,28,3,0,31,0,1,0,0,1,0,29,3,0,32,0,0,0,32
01/14/2013,EVV,IN,AGL,CE,Combined TRACON& Tower with Radar,2,32,17,39,90,0,0,5,0,5,2,32,22,39,95,0,102,102,197
01/15/2013,EVV,IN,AGL,CE,Combined TRACON& Tower with Radar,0,38,14,13,65,0,0,5,0,5,0,38,19,13,70,4,6,10,80
01/16/2013,EVV,IN,AGL,CE,Combined TRACON& Tower with Radar,1,28,9,11,49,0,7,14,0,21,1,35,23,11,70,0,0,0,70
01/17/2013,EVV,IN,AGL,CE,Combined TRACON& Tower with Radar,0,33,25,9,67,0,1,8,0,9,0,34,33,9,76,0,0,0,76
01/18/2013,EVV,IN,AGL,CE,Combined TRACON& Tower with Radar,0,34,11,5,50,0,0,14,1,15,0,34,25,6,65,20,0,20,85
01/19/2013,EVV,IN,AGL,CE,Combined TRACON& Tower with Radar,0,18,7,0,25,0,1,6,0,7,0,19,13,0,32,0,0,0,32
01/20/2013,EVV,IN,AGL,CE,Combined TRACON& Tower with Radar,0,23,7,0,30,0,0,12,0,12,0,23,19,0,42,166,6,172,214
01/21/2013,EVV,IN,AGL,CE,Combined TRACON& Tower with Radar,0,28,16,0,44,0,2,5,0,7,0,30,21,0,51,0,0,0,51
01/22/2013,EVV,IN,AGL,CE,Combined TRACON& Tower with Radar,0,25,20,2,47,0,0,13,0,13,0,25,33,2,60,0,0,0,60
01/23/2013,EVV,IN,AGL,CE,Combined TRACON& Tower with Radar,2,21,21,12,56,0,3,18,6,27,2,24,39,18,83,122,50,172,255
01/24/2013,EVV,IN,AGL,CE,Combined TRACON& Tower with Radar,0,32,16,0,48,0,1,12,0,13,0,33,28,0,61,108,0,108,169
01/25/2013,EVV,IN,AGL,CE,Combined TRACON& Tower with Radar,1,31,22,0,54,0,1,5,0,6,1,32,27,0,60,0,0,0,60
01/26/2013,EVV,IN,AGL,CE,Combined TRACON& Tower with Radar,3,19,5,0,27,0,0,8,0,8,3,19,13,0,35,0,0,0,35
01/27/2013,EVV,IN,AGL,CE,Combined TRACON& Tower with Radar,0,26,4,0,30,0,2,1,0,3,0,28,5,0,33,0,0,0,33
01/28/2013,EVV,IN,AGL,CE,Combined TRACON& Tower with Radar,0,28,9,1,38,0,0,1,0,1,0,28,10,1,39,2,0,2,41
01/29/2013,EVV,IN,AGL,CE,Combined TRACON& Tower with Radar,0,26,34,4,64,0,6,2,0,8,0,32,36,4,72,4,28,32,104
01/30/2013,EVV,IN,AGL,CE,Combined TRACON& Tower with Radar,0,31,12,0,43,0,0,0,0,0,0,31,12,0,43,2,0,2,45
01/31/2013,EVV,IN,AGL,CE,Combined TRACON& Tower with Radar,0,30,15,0,45,0,2,1,0,3,0,32,16,0,48,44,0,44,92
02/01/2013,EVV,IN,AGL,CE,Combined TRACON& Tower with Radar,0,33,25,15,73,0,2,5,0,7,0,35,30,15,80,86,32,118,198
02/02/2013,EVV,IN,AGL,CE,Combined TRACON& Tower with Radar,0,15,14,0,29,0,1,3,0,4,0,16,17,0,33,0,0,0,33
02/03/2013,EVV,IN,AGL,CE,Combined TRACON& Tower with Radar,0,23,2,0,25,0,0,0,0,0,0,23,2,0,25,0,0,0,25
02/04/2013,EVV,IN,AGL,CE,Combined TRACON& Tower with Radar,0,27,15,2,44,0,0,1,0,1,0,27,16,2,45,0,0,0,45
02/05/2013,EVV,IN,AGL,CE,Combined TRACON& Tower with Radar,0,24,24,0,48,0,0,7,0,7,0,24,31,0,55,8,0,8,63
02/06/2013,EVV,IN,AGL,CE,Combined TRACON& Tower with Radar,0,32,18,10,60,0,0,22,0,22,0,32,40,10,82,88,22,110,192
02/07/2013,EVV,IN,AGL,CE,Combined TRACON& Tower with Radar,0,13,5,3,21,0,2,4,0,6,0,15,9,3,27,78,10,88,115
02/08/2013,EVV,IN,AGL,CE,Combined TRACON& Tower with Radar,0,29,17,5,51,0,1,7,0,8,0,30,24,5,59,0,0,0,59
02/09/2013,EVV,IN,AGL,CE,Combined TRACON& Tower with Radar,0,16,9,12,37,0,13,17,0,30,0,29,26,12,67,128,0,128,195
02/10/2013,EVV,IN,AGL,CE,Combined TRACON& Tower with Radar,1,25,3,0,29,0,2,1,0,3,1,27,4,0,32,0,0,0,32
02/11/2013,EVV,IN,AGL,CE,Combined TRACON& Tower with Radar,0,31,14,4,49,0,1,13,0,14,0,32,27,4,63,8,4,12,75
02/12/2013,EVV,IN,AGL,CE,Combined TRACON& Tower with Radar,1,28,21,9,59,0,1,16,1,18,1,29,37,10,77,38,22,60,137
02/13/2013,EVV,IN,AGL,CE,Combined TRACON& Tower with Radar,0,31,15,0,46,0,1,5,0,6,0,32,20,0,52,106,0,106,158
02/14/2013,EVV,IN,AGL,CE,Combined TRACON& Tower with Radar,0,35,17,0,52,0,0,23,0,23,0,35,40,0,75,272,0,272,347
02/15/2013,EVV,IN,AGL,CE,Combined TRACON& Tower with Radar,0,33,13,0,46,0,0,18,0,18,0,33,31,0,64,116,0,116,180
02/16/2013,EVV,IN,AGL,CE,Combined TRACON& Tower with Radar,2,18,14,0,34,0,1,13,0,14,2,19,27,0,48,30,0,30,78
02/17/2013,EVV,IN,AGL,CE,Combined TRACON& Tower with Radar,0,22,15,0,37,0,4,15,0,19,0,26,30,0,56,92,0,92,148
02/18/2013,EVV,IN,AGL,CE,Combined TRACON& Tower with Radar,0,29,10,0,39,0,0,0,0,0,0,29,10,0,39,0,0,0,39
02/19/2013,EVV,IN,AGL,CE,Combined TRACON& Tower with Radar,0,30,17,0,47,0,0,3,0,3,0,30,20,0,50,0,0,0,50
02/20/2013,EVV,IN,AGL,CE,Combined TRACON& Tower with Radar,2,32,32,0,66,0,2,35,0,37,2,34,67,0,103,158,0,158,261
02/21/2013,EVV,IN,AGL,CE,Combined TRACON& Tower with Radar,0,27,20,0,47,0,0,10,0,10,0,27,30,0,57,18,0,18,75
02/22/2013,EVV,IN,AGL,CE,Combined TRACON& Tower with Radar,0,21,12,6,39,0,1,2,0,3,0,22,14,6,42,68,6,74,116
02/23/2013,EVV,IN,AGL,CE,Combined TRACON& Tower with Radar,0,34,17,0,51,0,0,12,0,12,0,34,29,0,63,20,28,48,111
02/24/2013,EVV,IN,AGL,CE,Combined TRACON& Tower with Radar,2,32,31,0,65,0,2,49,0,51,2,34,80,0,116,110,0,110,226
02/25/2013,EVV,IN,AGL,CE,Combined TRACON& Tower with Radar,0,29,15,7,51,0,0,6,0,6,0,29,21,7,57,6,0,6,63
02/26/2013,EVV,IN,AGL,CE,Combined TRACON& Tower with Radar,0,32,9,0,41,0,1,0,0,1,0,33,9,0,42,0,0,0,42
02/27/2013,EVV,IN,AGL,CE,Combined TRACON& Tower with Radar,0,30,10,0,40,0,0,0,0,0,0,30,10,0,40,0,0,0,40
02/28/2013,EVV,IN,AGL,CE,Combined TRACON& Tower with Radar,0,38,6,0,44,0,1,7,0,8,0,39,13,0,52,172,0,172,224
03/01/2013,EVV,IN,AGL,CE,Combined TRACON& Tower with Radar,0,34,10,0,44,0,0,0,0,0,0,34,10,0,44,0,0,0,44
03/02/2013,EVV,IN,AGL,CE,Combined TRACON& Tower with Radar,0,20,11,0,31,0,0,3,0,3,0,20,14,0,34,22,0,22,56
03/03/2013,EVV,IN,AGL,CE,Combined TRACON& Tower with Radar,0,31,8,0,39,0,0,32,0,32,0,31,40,0,71,34,0,34,105
03/04/2013,EVV,IN,AGL,CE,Combined TRACON& Tower with Radar,0,32,15,0,47,0,1,9,0,10,0,33,24,0,57,22,0,22,79
03/05/2013,EVV,IN,AGL,CE,Combined TRACON& Tower with Radar,0,29,21,0,50,0,1,0,0,1,0,30,21,0,51,0,0,0,51
03/06/2013,EVV,IN,AGL,CE,Combined TRACON& Tower with Radar,0,37,11,1,49,0,5,3,0,8,0,42,14,1,57,70,0,70,127
03/07/2013,EVV,IN,AGL,CE,Combined TRACON& Tower with Radar,0,33,24,4,61,0,0,20,0,20,0,33,44,4,81,200,34,234,315
03/08/2013,EVV,IN,AGL,CE,Combined TRACON& Tower with Radar,0,36,14,0,50,0,4,17,0,21,0,40,31,0,71,136,0,136,207
03/09/2013,EVV,IN,AGL,CE,Combined TRACON& Tower with Radar,0,28,16,7,51,0,2,26,10,38,0,30,42,17,89,164,48,212,301
03/10/2013,EVV,IN,AGL,CE,Combined TRACON& Tower with Radar,0,31,6,0,37,0,0,1,0,1,0,31,7,0,38,40,0,40,78
03/11/2013,EVV,IN,AGL,CE,Combined TRACON& Tower with Radar,0,35,13,2,50,0,0,0,0,0,0,35,13,2,50,8,0,8,58
03/12/2013,EVV,IN,AGL,CE,Combined TRACON& Tower with Radar,0,39,18,0,57,0,0,9,0,9,0,39,27,0,66,48,0,48,114
03/13/2013,EVV,IN,AGL,CE,Combined TRACON& Tower with Radar,0,35,14,0,49,0,4,17,0,21,0,39,31,0,70,0,0,0,70
03/14/2013,EVV,IN,AGL,CE,Combined TRACON& Tower with Radar,0,25,13,1,39,0,1,9,0,10,0,26,22,1,49,0,0,0,49
03/15/2013,EVV,IN,AGL,CE,Combined TRACON& Tower with Radar,0,32,17,2,51,0,2,17,0,19,0,34,34,2,70,184,0,184,254
03/16/2013,EVV,IN,AGL,CE,Combined TRACON& Tower with Radar,0,22,12,0,34,0,0,14,0,14,0,22,26,0,48,0,0,0,48
03/17/2013,EVV,IN,AGL,CE,Combined TRACON& Tower with Radar,0,28,6,0,34,0,0,0,0,0,0,28,6,0,34,0,0,0,34
03/18/2013,EVV,IN,AGL,CE,Combined TRACON& Tower with Radar,2,30,12,1,45,0,1,2,0,3,2,31,14,1,48,0,0,0,48
03/19/2013,EVV,IN,AGL,CE,Combined TRACON& Tower with Radar,0,34,26,0,60,0,0,16,0,16,0,34,42,0,76,10,0,10,86
03/20/2013,EVV,IN,AGL,CE,Combined TRACON& Tower with Radar,2,31,41,0,74,0,0,17,0,17,2,31,58,0,91,0,0,0,91
03/21/2013,EVV,IN,AGL,CE,Combined TRACON& Tower with Radar,0,34,14,14,62,0,1,20,0,21,0,35,34,14,83,142,6,148,231
03/22/2013,EVV,IN,AGL,CE,Combined TRACON& Tower with Radar,0,35,19,6,60,0,1,21,0,22,0,36,40,6,82,144,12,156,238
03/23/2013,EVV,IN,AGL,CE,Combined TRACON& Tower with Radar,1,24,15,0,40,0,4,25,0,29,1,28,40,0,69,64,0,64,133
03/24/2013,EVV,IN,AGL,CE,Combined TRACON& Tower with Radar,0,30,6,0,36,0,0,0,0,0,0,30,6,0,36,0,0,0,36
03/25/2013,EVV,IN,AGL,CE,Combined TRACON& Tower with Radar,0,32,2,0,34,0,0,0,0,0,0,32,2,0,34,0,0,0,34
03/26/2013,EVV,IN,AGL,CE,Combined TRACON& Tower with Radar,0,30,19,1,50,0,0,6,0,6,0,30,25,1,56,6,0,6,62
03/27/2013,EVV,IN,AGL,CE,Combined TRACON& Tower with Radar,0,32,22,0,54,0,2,34,0,36,0,34,56,0,90,236,0,236,326
03/28/2013,EVV,IN,AGL,CE,Combined TRACON& Tower with Radar,0,28,26,1,55,0,7,24,0,31,0,35,50,1,86,20,0,20,106
03/29/2013,EVV,IN,AGL,CE,Combined TRACON& Tower with Radar,0,31,13,0,44,0,0,1,0,1,0,31,14,0,45,0,0,0,45
03/30/2013,EVV,IN,AGL,CE,Combined TRACON& Tower with Radar,0,24,9,0,33,0,7,18,0,25,0,31,27,0,58,4,0,4,62
03/31/2013,EVV,IN,AGL,CE,Combined TRACON& Tower with Radar,0,36,5,0,41,0,3,3,0,6,0,39,8,0,47,0,0,0,47
04/01/2013,EVV,IN,AGL,CE,Combined TRACON& Tower with Radar,0,29,13,0,42,0,8,20,0,28,0,37,33,0,70,30,0,30,100
04/02/2013,EVV,IN,AGL,CE,Combined TRACON& Tower with Radar,0,39,29,5,73,0,0,32,1,33,0,39,61,6,106,34,6,40,146
04/03/2013,EVV,IN,AGL,CE,Combined TRACON& Tower with Radar,0,34,13,0,47,0,0,21,0,21,0,34,34,0,68,16,0,16,84
04/04/2013,EVV,IN,AGL,CE,Combined TRACON& Tower with Radar,0,38,9,18,65,0,2,17,2,21,0,40,26,20,86,34,0,34,120
04/05/2013,EVV,IN,AGL,CE,Combined TRACON& Tower with Radar,0,35,14,0,49,0,2,48,0,50,0,37,62,0,99,26,0,26,125
04/06/2013,EVV,IN,AGL,CE,Combined TRACON& Tower with Radar,0,22,7,0,29,0,0,9,0,9,0,22,16,0,38,14,0,14,52
04/07/2013,EVV,IN,AGL,CE,Combined TRACON& Tower with Radar,0,28,9,0,37,0,4,14,0,18,0,32,23,0,55,2,0,2,57
04/08/2013,EVV,IN,AGL,CE,Combined TRACON& Tower with Radar,0,37,10,0,47,0,2,7,0,9,0,39,17,0,56,20,0,20,76
04/09/2013,EVV,IN,AGL,CE,Combined TRACON& Tower with Radar,0,32,12,0,44,0,0,11,0,11,0,32,23,0,55,46,0,46,101
04/10/2013,EVV,IN,AGL,CE,Combined TRACON& Tower with Radar,2,26,12,2,42,0,2,5,0,7,2,28,17,2,49,0,4,4,53
04/11/2013,EVV,IN,AGL,CE,Combined TRACON& Tower with Radar,0,34,18,0,52,0,0,2,0,2,0,34,20,0,54,0,0,0,54
04/12/2013,EVV,IN,AGL,CE,Combined TRACON& Tower with Radar,0,31,28,0,59,0,3,15,0,18,0,34,43,0,77,174,0,174,251
04/13/2013,EVV,IN,AGL,CE,Combined TRACON& Tower with Radar,2,22,0,0,24,0,1,20,0,21,2,23,20,0,45,86,0,86,131
04/14/2013,EVV,IN,AGL,CE,Combined TRACON& Tower with Radar,0,31,11,6,48,0,0,12,0,12,0,31,23,6,60,0,20,20,80
04/15/2013,EVV,IN,AGL,CE,Combined TRACON& Tower with Radar,0,35,15,0,50,0,2,8,0,10,0,37,23,0,60,0,0,0,60
04/16/2013,EVV,IN,AGL,CE,Combined TRACON& Tower with Radar,0,27,13,0,40,0,1,7,0,8,0,28,20,0,48,20,0,20,68
04/17/2013,EVV,IN,AGL,CE,Combined TRACON& Tower with Radar,0,33,18,26,77,0,3,9,0,12,0,36,27,26,89,8,48,56,145
04/18/2013,EVV,IN,AGL,CE,Combined TRACON& Tower with Radar,0,23,14,2,39,0,0,2,0,2,0,23,16,2,41,10,0,10,51
04/19/2013,EVV,IN,AGL,CE,Combined TRACON& Tower with Radar,0,35,19,0,54,0,1,3,0,4,0,36,22,0,58,4,0,4,62
04/20/2013,EVV,IN,AGL,CE,Combined TRACON& Tower with Radar,0,22,10,0,32,0,2,39,0,41,0,24,49,0,73,162,0,162,235
04/21/2013,EVV,IN,AGL,CE,Combined TRACON& Tower with Radar,0,33,23,0,56,0,0,21,1,22,0,33,44,1,78,166,0,166,244
04/22/2013,EVV,IN,AGL,CE,Combined TRACON& Tower with Radar,0,35,13,0,48,0,1,22,0,23,0,36,35,0,71,16,0,16,87
04/23/2013,EVV,IN,AGL,CE,Combined TRACON& Tower with Radar,0,31,14,0,45,0,2,9,8,19,0,33,23,8,64,0,0,0,64
04/24/2013,EVV,IN,AGL,CE,Combined TRACON& Tower with Radar,0,34,15,0,49,0,0,6,0,6,0,34,21,0,55,84,0,84,139
04/25/2013,EVV,IN,AGL,CE,Combined TRACON& Tower with Radar,0,33,33,0,66,0,4,37,0,41,0,37,70,0,107,284,0,284,391
04/26/2013,EVV,IN,AGL,CE,Combined TRACON& Tower with Radar,0,31,30,15,76,0,2,17,0,19,0,33,47,15,95,178,52,230,325
04/27/2013,EVV,IN,AGL,CE,Combined TRACON& Tower with Radar,0,20,9,0,29,0,0,1,0,1,0,20,10,0,30,0,0,0,30
04/28/2013,EVV,IN,AGL,CE,Combined TRACON& Tower with Radar,0,33,18,0,51,0,0,1,0,1,0,33,19,0,52,0,0,0,52
04/29/2013,EVV,IN,AGL,CE,Combined TRACON& Tower with Radar,0,33,12,0,45,0,2,19,0,21,0,35,31,0,66,0,0,0,66
04/30/2013,EVV,IN,AGL,CE,Combined TRACON& Tower with Radar,0,33,12,6,51,0,3,15,0,18,0,36,27,6,69,104,0,104,173
05/01/2013,EVV,IN,AGL,CE,Combined TRACON& Tower with Radar,0,35,16,2,53,0,0,24,0,24,0,35,40,2,77,46,0,46,123
05/02/2013,EVV,IN,AGL,CE,Combined TRACON& Tower with Radar,0,34,15,0,49,0,3,24,0,27,0,37,39,0,76,150,0,150,226
05/03/2013,EVV,IN,AGL,CE,Combined TRACON& Tower with Radar,0,30,16,6,52,0,0,5,0,5,0,30,21,6,57,106,12,118,175
05/04/2013,EVV,IN,AGL,CE,Combined TRACON& Tower with Radar,0,21,5,0,26,0,0,0,0,0,0,21,5,0,26,0,0,0,26
05/05/2013,EVV,IN,AGL,CE,Combined TRACON& Tower with Radar,0,29,15,0,44,0,0,1,0,1,0,29,16,0,45,0,0,0,45
05/06/2013,EVV,IN,AGL,CE,Combined TRACON& Tower with Radar,0,30,13,0,43,0,1,5,1,7,0,31,18,1,50,10,0,10,60
05/07/2013,EVV,IN,AGL,CE,Combined TRACON& Tower with Radar,0,32,17,0,49,0,0,14,0,14,0,32,31,0,63,102,0,102,165
05/08/2013,EVV,IN,AGL,CE,Combined TRACON& Tower with Radar,2,32,22,0,56,0,4,40,0,44,2,36,62,0,100,152,0,152,252
05/09/2013,EVV,IN,AGL,CE,Combined TRACON& Tower with Radar,0,39,18,0,57,0,3,12,0,15,0,42,30,0,72,88,0,88,160
05/10/2013,EVV,IN,AGL,CE,Combined TRACON& Tower with Radar,0,30,10,0,40,0,0,7,0,7,0,30,17,0,47,0,0,0,47
05/11/2013,EVV,IN,AGL,CE,Combined TRACON& Tower with Radar,2,23,8,12,45,0,11,17,0,28,2,34,25,12,73,115,0,115,188
05/12/2013,EVV,IN,AGL,CE,Combined TRACON& Tower with Radar,0,26,12,0,38,0,0,16,0,16,0,26,28,0,54,112,0,112,166
05/13/2013,EVV,IN,AGL,CE,Combined TRACON& Tower with Radar,0,32,24,0,56,0,0,54,0,54,0,32,78,0,110,0,0,0,110
05/14/2013,EVV,IN,AGL,CE,Combined TRACON& Tower with Radar,0,39,22,7,68,0,0,23,0,23,0,39,45,7,91,140,0,140,231
05/15/2013,EVV,IN,AGL,CE,Combined TRACON& Tower with Radar,0,31,24,5,60,0,9,21,0,30,0,40,45,5,90,120,0,120,210
05/16/2013,EVV,IN,AGL,CE,Combined TRACON& Tower with Radar,0,36,12,0,48,0,2,34,0,36,0,38,46,0,84,126,0,126,210
05/17/2013,EVV,IN,AGL,CE,Combined TRACON& Tower with Radar,0,31,19,2,52,0,2,9,0,11,0,33,28,2,63,62,0,62,125
05/18/2013,EVV,IN,AGL,CE,Combined TRACON& Tower with Radar,0,22,17,0,39,0,0,11,0,11,0,22,28,0,50,10,0,10,60
05/19/2013,EVV,IN,AGL,CE,Combined TRACON& Tower with Radar,0,27,15,0,42,0,2,6,0,8,0,29,21,0,50,16,0,16,66
05/20/2013,EVV,IN,AGL,CE,Combined TRACON& Tower with Radar,0,30,17,5,52,0,1,4,0,5,0,31,21,5,57,12,0,12,69
05/21/2013,EVV,IN,AGL,CE,Combined TRACON& Tower with Radar,0,28,13,14,55,0,2,0,0,2,0,30,13,14,57,74,32,106,163
05/22/2013,EVV,IN,AGL,CE,Combined TRACON& Tower with Radar,0,32,11,0,43,0,0,6,0,6,0,32,17,0,49,198,0,198,247
05/23/2013,EVV,IN,AGL,CE,Combined TRACON& Tower with Radar,0,35,21,6,62,0,4,11,0,15,0,39,32,6,77,114,6,120,197
05/24/2013,EVV,IN,AGL,CE,Combined TRACON& Tower with Radar,0,32,12,0,44,0,2,23,0,25,0,34,35,0,69,72,0,72,141
05/25/2013,EVV,IN,AGL,CE,Combined TRACON& Tower with Radar,0,20,5,0,25,0,8,24,0,32,0,28,29,0,57,152,0,152,209
05/26/2013,EVV,IN,AGL,CE,Combined TRACON& Tower with Radar,0,20,5,6,31,0,0,4,0,4,0,20,9,6,35,0,0,0,35
05/27/2013,EVV,IN,AGL,CE,Combined TRACON& Tower with Radar,0,29,9,10,48,0,3,4,0,7,0,32,13,10,55,0,0,0,55
05/28/2013,EVV,IN,AGL,CE,Combined TRACON& Tower with Radar,0,33,16,6,55,0,6,9,0,15,0,39,25,6,70,134,6,140,210
05/29/2013,EVV,IN,AGL,CE,Combined TRACON& Tower with Radar,0,35,17,0,52,0,1,10,0,11,0,36,27,0,63,200,0,200,263
05/30/2013,EVV,IN,AGL,CE,Combined TRACON& Tower with Radar,0,36,15,14,65,0,0,8,0,8,0,36,23,14,73,166,30,196,269
05/31/2013,EVV,IN,AGL,CE,Combined TRACON& Tower with Radar,0,26,6,3,35,0,0,6,0,6,0,26,12,3,41,40,14,54,95
06/01/2013,EVV,IN,AGL,CE,Combined TRACON& Tower with Radar,0,23,8,0,31,0,0,0,0,0,0,23,8,0,31,0,0,0,31
06/02/2013,EVV,IN,AGL,CE,Combined TRACON& Tower with Radar,0,35,15,0,50,0,1,24,0,25,0,36,39,0,75,106,4,110,185
06/03/2013,EVV,IN,AGL,CE,Combined TRACON& Tower with Radar,0,42,16,26,84,0,0,14,0,14,0,42,30,26,98,10,0,10,108
06/04/2013,EVV,IN,AGL,CE,Combined TRACON& Tower with Radar,0,36,25,2,63,0,3,26,1,30,0,39,51,3,93,50,0,50,143
06/05/2013,EVV,IN,AGL,CE,Combined TRACON& Tower with Radar,2,37,11,0,50,0,5,14,0,19,2,42,25,0,69,156,0,156,225
06/06/2013,EVV,IN,AGL,CE,Combined TRACON& Tower with Radar,0,32,18,13,63,0,6,5,4,15,0,38,23,17,78,0,16,16,94
06/07/2013,EVV,IN,AGL,CE,Combined TRACON& Tower with Radar,0,34,16,0,50,0,0,5,0,5,0,34,21,0,55,76,0,76,131
06/08/2013,EVV,IN,AGL,CE,Combined TRACON& Tower with Radar,2,25,12,0,39,0,1,15,0,16,2,26,27,0,55,102,0,102,157
06/09/2013,EVV,IN,AGL,CE,Combined TRACON& Tower with Radar,0,30,13,4,47,0,4,12,0,16,0,34,25,4,63,0,0,0,63
06/10/2013,EVV,IN,AGL,CE,Combined TRACON& Tower with Radar,0,30,17,0,47,0,1,4,0,5,0,31,21,0,52,4,0,4,56
06/11/2013,EVV,IN,AGL,CE,Combined TRACON& Tower with Radar,0,37,20,0,57,0,0,18,1,19,0,37,38,1,76,110,0,110,186
06/12/2013,EVV,IN,AGL,CE,Combined TRACON& Tower with Radar,0,30,15,1,46,0,1,18,1,20,0,31,33,2,66,172,2,174,240
06/13/2013,EVV,IN,AGL,CE,Combined TRACON& Tower with Radar,0,30,16,0,46,0,2,18,0,20,0,32,34,0,66,126,0,126,192
06/14/2013,EVV,IN,AGL,CE,Combined TRACON& Tower with Radar,0,33,30,10,73,0,1,21,0,22,0,34,51,10,95,108,16,124,219
06/15/2013,EVV,IN,AGL,CE,Combined TRACON& Tower with Radar,0,25,13,0,38,0,1,25,0,26,0,26,38,0,64,110,0,110,174
06/16/2013,EVV,IN,AGL,CE,Combined TRACON& Tower with Radar,0,31,12,0,43,0,0,6,0,6,0,31,18,0,49,0,0,0,49
06/17/2013,EVV,IN,AGL,CE,Combined TRACON& Tower with Radar,0,36,15,11,62,0,0,3,0,3,0,36,18,11,65,0,0,0,65
06/18/2013,EVV,IN,AGL,CE,Combined TRACON& Tower with Radar,0,38,24,16,78,0,1,28,0,29,0,39,52,16,107,112,18,130,237
06/19/2013,EVV,IN,AGL,CE,Combined TRACON& Tower with Radar,0,35,20,4,59,0,2,27,0,29,0,37,47,4,88,112,18,130,218
06/20/2013,EVV,IN,AGL,CE,Combined TRACON& Tower with Radar,0,45,18,8,71,0,1,30,0,31,0,46,48,8,102,82,8,90,192
06/21/2013,EVV,IN,AGL,CE,Combined TRACON& Tower with Radar,0,39,19,29,87,0,3,17,0,20,0,42,36,29,107,145,108,253,360
06/22/2013,EVV,IN,AGL,CE,Combined TRACON& Tower with Radar,0,32,9,11,52,0,1,17,0,18,0,33,26,11,70,110,24,134,204
06/23/2013,EVV,IN,AGL,CE,Combined TRACON& Tower with Radar,1,35,11,0,47,0,0,9,0,9,1,35,20,0,56,52,0,52,108
06/24/2013,EVV,IN,AGL,CE,Combined TRACON& Tower with Radar,0,28,6,0,34,0,0,8,0,8,0,28,14,0,42,8,0,8,50
06/25/2013,EVV,IN,AGL,CE,Combined TRACON& Tower with Radar,0,35,17,2,54,0,15,14,0,29,0,50,31,2,83,172,2,174,257
06/26/2013,EVV,IN,AGL,CE,Combined TRACON& Tower with Radar,0,34,10,0,44,0,0,5,0,5,0,34,15,0,49,124,0,124,173
06/27/2013,EVV,IN,AGL,CE,Combined TRACON& Tower with Radar,0,43,18,0,61,0,2,22,0,24,0,45,40,0,85,276,0,276,361
06/28/2013,EVV,IN,AGL,CE,Combined TRACON& Tower with Radar,0,26,19,4,49,0,2,26,0,28,0,28,45,4,77,144,14,158,235
06/29/2013,EVV,IN,AGL,CE,Combined TRACON& Tower with Radar,0,26,7,0,33,0,0,18,0,18,0,26,25,0,51,68,10,78,129
06/30/2013,EVV,IN,AGL,CE,Combined TRACON& Tower with Radar,0,24,8,0,32,0,0,4,0,4,0,24,12,0,36,22,0,22,58
07/01/2013,EVV,IN,AGL,CE,Combined TRACON& Tower with Radar,0,27,7,0,34,0,0,6,0,6,0,27,13,0,40,24,0,24,64
07/02/2013,EVV,IN,AGL,CE,Combined TRACON& Tower with Radar,0,34,22,1,57,0,0,19,0,19,0,34,41,1,76,108,0,108,184
07/03/2013,EVV,IN,AGL,CE,Combined TRACON& Tower with Radar,2,37,24,2,65,0,3,36,1,40,2,40,60,3,105,202,0,202,307
07/04/2013,EVV,IN,AGL,CE,Combined TRACON& Tower with Radar,0,15,13,0,28,0,4,14,0,18,0,19,27,0,46,126,0,126,172
07/05/2013,EVV,IN,AGL,CE,Combined TRACON& Tower with Radar,0,29,14,0,43,0,6,18,0,24,0,35,32,0,67,206,0,206,273
07/06/2013,EVV,IN,AGL,CE,Combined TRACON& Tower with Radar,2,26,8,4,40,0,11,35,0,46,2,37,43,4,86,206,0,206,292
07/07/2013,EVV,IN,AGL,CE,Combined TRACON& Tower with Radar,0,31,21,0,52,0,1,40,1,42,0,32,61,1,94,174,42,216,310
07/08/2013,EVV,IN,AGL,CE,Combined TRACON& Tower with Radar,0,36,31,4,71,0,3,31,0,34,0,39,62,4,105,20,20,40,145
07/09/2013,EVV,IN,AGL,CE,Combined TRACON& Tower with Radar,0,29,23,0,52,0,3,35,0,38,0,32,58,0,90,330,0,330,420
07/10/2013,EVV,IN,AGL,CE,Combined TRACON& Tower with Radar,0,31,19,0,50,0,0,28,0,28,0,31,47,0,78,190,0,190,268
07/11/2013,EVV,IN,AGL,CE,Combined TRACON& Tower with Radar,0,38,24,9,71,0,5,45,2,52,0,43,69,11,123,78,10,88,211
07/12/2013,EVV,IN,AGL,CE,Combined TRACON& Tower with Radar,0,34,31,0,65,0,1,63,0,64,0,35,94,0,129,76,0,76,205
07/13/2013,EVV,IN,AGL,CE,Combined TRACON& Tower with Radar,0,28,20,21,69,0,2,24,0,26,0,30,44,21,95,162,42,204,299
07/14/2013,EVV,IN,AGL,CE,Combined TRACON& Tower with Radar,0,33,15,0,48,0,1,6,0,7,0,34,21,0,55,60,0,60,115
07/15/2013,EVV,IN,AGL,CE,Combined TRACON& Tower with Radar,0,37,15,0,52,0,2,18,0,20,0,39,33,0,72,0,0,0,72
07/16/2013,EVV,IN,AGL,CE,Combined TRACON& Tower with Radar,0,35,21,13,69,0,2,21,0,23,0,37,42,13,92,228,14,242,334
07/17/2013,EVV,IN,AGL,CE,Combined TRACON& Tower with Radar,0,32,21,0,53,0,3,80,8,91,0,35,101,8,144,356,0,356,500
07/18/2013,EVV,IN,AGL,CE,Combined TRACON& Tower with Radar,0,35,12,0,47,0,10,66,0,76,0,45,78,0,123,252,0,252,375
07/19/2013,EVV,IN,AGL,CE,Combined TRACON& Tower with Radar,0,33,16,12,61,0,0,21,7,28,0,33,37,19,89,122,36,158,247
07/20/2013,EVV,IN,AGL,CE,Combined TRACON& Tower with Radar,0,23,10,6,39,0,1,10,0,11,0,24,20,6,50,26,14,40,90
07/21/2013,EVV,IN,AGL,CE,Combined TRACON& Tower with Radar,0,31,12,10,53,0,0,15,0,15,0,31,27,10,68,44,0,44,112
07/22/2013,EVV,IN,AGL,CE,Combined TRACON& Tower with Radar,0,39,22,0,61,0,3,14,0,17,0,42,36,0,78,26,0,26,104
07/23/2013,EVV,IN,AGL,CE,Combined TRACON& Tower with Radar,0,36,19,0,55,0,7,24,1,32,0,43,43,1,87,108,0,108,195
07/24/2013,EVV,IN,AGL,CE,Combined TRACON& Tower with Radar,0,42,20,7,69,0,5,18,4,27,0,47,38,11,96,108,14,122,218
07/25/2013,EVV,IN,AGL,CE,Combined TRACON& Tower with Radar,0,35,28,12,75,0,2,45,0,47,0,37,73,12,122,48,14,62,184
07/26/2013,EVV,IN,AGL,CE,Combined TRACON& Tower with Radar,0,32,24,2,58,0,10,22,0,32,0,42,46,2,90,52,0,52,142
07/27/2013,EVV,IN,AGL,CE,Combined TRACON& Tower with Radar,0,28,8,0,36,0,0,19,0,19,0,28,27,0,55,10,0,10,65
07/28/2013,EVV,IN,AGL,CE,Combined TRACON& Tower with Radar,0,34,14,0,48,0,1,21,0,22,0,35,35,0,70,4,0,4,74
07/29/2013,EVV,IN,AGL,CE,Combined TRACON& Tower with Radar,0,33,27,4,64,0,0,13,0,13,0,33,40,4,77,0,0,0,77
07/30/2013,EVV,IN,AGL,CE,Combined TRACON& Tower with Radar,0,32,16,0,48,0,0,5,1,6,0,32,21,1,54,0,0,0,54
07/31/2013,EVV,IN,AGL,CE,Combined TRACON& Tower with Radar,0,33,22,0,55,0,1,7,0,8,0,34,29,0,63,0,0,0,63
08/01/2013,EVV,IN,AGL,CE,Combined TRACON& Tower with Radar,0,33,13,0,46,0,3,47,1,51,0,36,60,1,97,76,0,76,173
08/02/2013,EVV,IN,AGL,CE,Combined TRACON& Tower with Radar,0,35,27,1,63,0,1,29,0,30,0,36,56,1,93,60,0,60,153
08/03/2013,EVV,IN,AGL,CE,Combined TRACON& Tower with Radar,0,26,15,0,41,0,3,11,0,14,0,29,26,0,55,0,0,0,55
08/04/2013,EVV,IN,AGL,CE,Combined TRACON& Tower with Radar,0,30,11,0,41,0,0,38,0,38,0,30,49,0,79,36,4,40,119
08/05/2013,EVV,IN,AGL,CE,Combined TRACON& Tower with Radar,0,34,22,0,56,0,2,15,0,17,0,36,37,0,73,14,0,14,87
08/06/2013,EVV,IN,AGL,CE,Combined TRACON& Tower with Radar,0,37,23,2,62,0,1,12,0,13,0,38,35,2,75,56,0,56,131
08/07/2013,EVV,IN,AGL,CE,Combined TRACON& Tower with Radar,0,35,23,0,58,0,1,8,0,9,0,36,31,0,67,92,0,92,159
08/08/2013,EVV,IN,AGL,CE,Combined TRACON& Tower with Radar,0,36,16,1,53,0,6,7,0,13,0,42,23,1,66,34,0,34,100
08/09/2013,EVV,IN,AGL,CE,Combined TRACON& Tower with Radar,0,33,19,0,52,0,1,13,0,14,0,34,32,0,66,172,0,172,238
08/10/2013,EVV,IN,AGL,CE,Combined TRACON& Tower with Radar,0,27,22,0,49,0,1,22,0,23,0,28,44,0,72,152,0,152,224
08/11/2013,EVV,IN,AGL,CE,Combined TRACON& Tower with Radar,0,32,12,0,44,0,0,27,0,27,0,32,39,0,71,181,0,181,252
08/12/2013,EVV,IN,AGL,CE,Combined TRACON& Tower with Radar,0,30,22,0,52,0,3,11,0,14,0,33,33,0,66,22,0,22,88
08/13/2013,EVV,IN,AGL,CE,Combined TRACON& Tower with Radar,0,39,38,17,94,0,2,22,0,24,0,41,60,17,118,130,50,180,298
08/14/2013,EVV,IN,AGL,CE,Combined TRACON& Tower with Radar,0,32,15,7,54,0,3,22,0,25,0,35,37,7,79,136,20,156,235
08/15/2013,EVV,IN,AGL,CE,Combined TRACON& Tower with Radar,0,41,24,5,70,0,10,22,3,35,0,51,46,8,105,102,22,124,229
08/16/2013,EVV,IN,AGL,CE,Combined TRACON& Tower with Radar,0,32,23,10,65,0,3,18,0,21,0,35,41,10,86,42,4,46,132
08/17/2013,EVV,IN,AGL,CE,Combined TRACON& Tower with Radar,0,26,15,0,41,0,2,2,0,4,0,28,17,0,45,28,0,28,73
08/18/2013,EVV,IN,AGL,CE,Combined TRACON& Tower with Radar,0,30,11,22,63,0,1,18,0,19,0,31,29,22,82,114,26,140,222
08/19/2013,EVV,IN,AGL,CE,Combined TRACON& Tower with Radar,0,29,10,7,46,0,2,17,1,20,0,31,27,8,66,20,0,20,86
08/20/2013,EVV,IN,AGL,CE,Combined TRACON& Tower with Radar,0,40,21,2,63,0,3,20,0,23,0,43,41,2,86,124,6,130,216
08/21/2013,EVV,IN,AGL,CE,Combined TRACON& Tower with Radar,0,35,22,0,57,0,5,13,0,18,0,40,35,0,75,80,0,80,155
08/22/2013,EVV,IN,AGL,CE,Combined TRACON& Tower with Radar,0,32,26,6,64,0,0,10,0,10,0,32,36,6,74,146,26,172,246
08/23/2013,EVV,IN,AGL,CE,Combined TRACON& Tower with Radar,0,35,17,2,54,0,4,9,0,13,0,39,26,2,67,48,0,48,115
08/24/2013,EVV,IN,AGL,CE,Combined TRACON& Tower with Radar,0,26,12,14,52,0,5,31,4,40,0,31,43,18,92,122,36,158,250
08/25/2013,EVV,IN,AGL,CE,Combined TRACON& Tower with Radar,0,27,9,0,36,0,10,17,0,27,0,37,26,0,63,62,0,62,125
08/26/2013,EVV,IN,AGL,CE,Combined TRACON& Tower with Radar,0,32,11,8,51,0,5,12,0,17,0,37,23,8,68,0,8,8,76
08/27/2013,EVV,IN,AGL,CE,Combined TRACON& Tower with Radar,0,38,13,0,51,0,0,14,1,15,0,38,27,1,66,102,0,102,168
08/28/2013,EVV,IN,AGL,CE,Combined TRACON& Tower with Radar,0,35,18,2,55,0,1,17,0,18,0,36,35,2,73,96,6,102,175
08/29/2013,EVV,IN,AGL,CE,Combined TRACON& Tower with Radar,0,34,21,1,56,0,1,15,0,16,0,35,36,1,72,58,0,58,130
08/30/2013,EVV,IN,AGL,CE,Combined TRACON& Tower with Radar,2,28,11,0,41,0,0,16,0,16,2,28,27,0,57,20,0,20,77
08/31/2013,EVV,IN,AGL,CE,Combined TRACON& Tower with Radar,0,24,13,0,37,0,3,14,0,17,0,27,27,0,54,124,0,124,178
09/01/2013,EVV,IN,AGL,CE,Combined TRACON& Tower with Radar,0,12,5,0,17,0,3,10,0,13,0,15,15,0,30,34,0,34,64
09/02/2013,EVV,IN,AGL,CE,Combined TRACON& Tower with Radar,0,28,19,0,47,0,0,13,0,13,0,28,32,0,60,8,0,8,68
09/03/2013,EVV,IN,AGL,CE,Combined TRACON& Tower with Radar,0,37,13,4,54,0,2,37,0,39,0,39,50,4,93,164,4,168,261
09/04/2013,EVV,IN,AGL,CE,Combined TRACON& Tower with Radar,0,29,21,0,50,0,0,48,0,48,0,29,69,0,98,190,0,190,288
09/05/2013,EVV,IN,AGL,CE,Combined TRACON& Tower with Radar,0,40,20,4,64,0,2,26,0,28,0,42,46,4,92,130,22,152,244
09/06/2013,EVV,IN,AGL,CE,Combined TRACON& Tower with Radar,0,38,15,36,89,0,0,15,0,15,0,38,30,36,104,120,62,182,286
09/07/2013,EVV,IN,AGL,CE,Combined TRACON& Tower with Radar,0,20,19,0,39,0,3,25,0,28,0,23,44,0,67,48,0,48,115
09/08/2013,EVV,IN,AGL,CE,Combined TRACON& Tower with Radar,0,30,14,26,70,0,3,4,4,11,0,33,18,30,81,54,40,94,175
09/09/2013,EVV,IN,AGL,CE,Combined TRACON& Tower with Radar,0,37,22,7,66,0,0,12,0,12,0,37,34,7,78,0,0,0,78
09/10/2013,EVV,IN,AGL,CE,Combined TRACON& Tower with Radar,0,35,24,0,59,0,4,16,1,21,0,39,40,1,80,2,0,2,82
09/11/2013,EVV,IN,AGL,CE,Combined TRACON& Tower with Radar,0,37,16,8,61,0,1,9,0,10,0,38,25,8,71,88,20,108,179
09/12/2013,EVV,IN,AGL,CE,Combined TRACON& Tower with Radar,0,34,28,0,62,0,3,11,0,14,0,37,39,0,76,104,0,104,180
09/13/2013,EVV,IN,AGL,CE,Combined TRACON& Tower with Radar,0,32,9,0,41,0,4,7,1,12,0,36,16,1,53,26,4,30,83
09/14/2013,EVV,IN,AGL,CE,Combined TRACON& Tower with Radar,0,20,5,12,37,0,3,15,0,18,0,23,20,12,55,2,20,22,77
09/15/2013,EVV,IN,AGL,CE,Combined TRACON& Tower with Radar,0,30,13,0,43,0,2,16,0,18,0,32,29,0,61,20,0,20,81
09/16/2013,EVV,IN,AGL,CE,Combined TRACON& Tower with Radar,0,31,17,9,57,0,1,5,0,6,0,32,22,9,63,0,0,0,63
09/17/2013,EVV,IN,AGL,CE,Combined TRACON& Tower with Radar,0,36,12,6,54,0,2,6,0,8,0,38,18,6,62,0,0,0,62
09/18/2013,EVV,IN,AGL,CE,Combined TRACON& Tower with Radar,0,33,15,0,48,0,0,3,0,3,0,33,18,0,51,58,0,58,109
09/19/2013,EVV,IN,AGL,CE,Combined TRACON& Tower with Radar,0,28,23,0,51,0,6,12,0,18,0,34,35,0,69,124,0,124,193
09/20/2013,EVV,IN,AGL,CE,Combined TRACON& Tower with Radar,0,31,20,4,55,0,0,1,0,1,0,31,21,4,56,66,0,66,122
09/21/2013,EVV,IN,AGL,CE,Combined TRACON& Tower with Radar,0,26,8,0,34,0,2,7,0,9,0,28,15,0,43,48,0,48,91
09/22/2013,EVV,IN,AGL,CE,Combined TRACON& Tower with Radar,0,27,10,1,38,0,4,17,1,22,0,31,27,2,60,66,0,66,126
09/23/2013,EVV,IN,AGL,CE,Combined TRACON& Tower with Radar,0,36,20,0,56,0,1,19,0,20,0,37,39,0,76,34,0,34,110
09/24/2013,EVV,IN,AGL,CE,Combined TRACON& Tower with Radar,0,32,20,5,57,0,0,13,0,13,0,32,33,5,70,18,0,18,88
09/25/2013,EVV,IN,AGL,CE,Combined TRACON& Tower with Radar,0,35,29,0,64,0,3,14,0,17,0,38,43,0,81,142,0,142,223
09/26/2013,EVV,IN,AGL,CE,Combined TRACON& Tower with Radar,1,36,27,0,64,0,3,25,3,31,1,39,52,3,95,76,10,86,181
09/27/2013,EVV,IN,AGL,CE,Combined TRACON& Tower with Radar,0,29,36,4,69,0,5,13,0,18,0,34,49,4,87,118,0,118,205
09/28/2013,EVV,IN,AGL,CE,Combined TRACON& Tower with Radar,0,19,6,0,25,0,0,9,0,9,0,19,15,0,34,14,0,14,48
09/29/2013,EVV,IN,AGL,CE,Combined TRACON& Tower with Radar,0,33,30,0,63,0,0,0,0,0,0,33,30,0,63,10,0,10,73
09/30/2013,EVV,IN,AGL,CE,Combined TRACON& Tower with Radar,0,36,20,0,56,0,0,6,0,6,0,36,26,0,62,0,0,0,62
10/01/2013,EVV,IN,AGL,CE,Combined TRACON& Tower with Radar,0,29,31,0,60,0,6,7,0,13,0,35,38,0,73,186,0,186,259
10/02/2013,EVV,IN,AGL,CE,Combined TRACON& Tower with Radar,0,35,23,6,64,0,0,5,0,5,0,35,28,6,69,34,10,44,113
10/03/2013,EVV,IN,AGL,CE,Combined TRACON& Tower with Radar,0,26,17,8,51,0,1,11,0,12,0,27,28,8,63,70,34,104,167
10/04/2013,EVV,IN,AGL,CE,Combined TRACON& Tower with Radar,0,34,25,6,65,0,6,9,0,15,0,40,34,6,80,0,0,0,80
10/05/2013,EVV,IN,AGL,CE,Combined TRACON& Tower with Radar,0,19,2,0,21,0,0,3,0,3,0,19,5,0,24,0,0,0,24
10/06/2013,EVV,IN,AGL,CE,Combined TRACON& Tower with Radar,0,29,15,0,44,0,1,6,0,7,0,30,21,0,51,0,0,0,51
10/07/2013,EVV,IN,AGL,CE,Combined TRACON& Tower with Radar,0,27,10,7,44,0,0,11,0,11,0,27,21,7,55,0,10,10,65
10/08/2013,EVV,IN,AGL,CE,Combined TRACON& Tower with Radar,0,37,27,6,70,0,0,21,0,21,0,37,48,6,91,0,0,0,91
10/09/2013,EVV,IN,AGL,CE,Combined TRACON& Tower with Radar,0,42,34,4,80,0,3,31,1,35,0,45,65,5,115,256,8,264,379
10/10/2013,EVV,IN,AGL,CE,Combined TRACON& Tower with Radar,0,36,42,0,78,0,0,39,0,39,0,36,81,0,117,228,0,228,345
10/11/2013,EVV,IN,AGL,CE,Combined TRACON& Tower with Radar,0,41,30,0,71,0,2,27,0,29,0,43,57,0,100,196,0,196,296
10/12/2013,EVV,IN,AGL,CE,Combined TRACON& Tower with Radar,0,20,21,0,41,0,2,30,0,32,0,22,51,0,73,122,0,122,195
10/13/2013,EVV,IN,AGL,CE,Combined TRACON& Tower with Radar,0,25,13,0,38,0,0,12,0,12,0,25,25,0,50,84,0,84,134
10/14/2013,EVV,IN,AGL,CE,Combined TRACON& Tower with Radar,0,31,18,0,49,0,2,12,0,14,0,33,30,0,63,4,0,4,67
10/15/2013,EVV,IN,AGL,CE,Combined TRACON& Tower with Radar,0,30,36,1,67,0,1,1,0,2,0,31,37,1,69,0,0,0,69
10/16/2013,EVV,IN,AGL,CE,Combined TRACON& Tower with Radar,0,47,19,0,66,0,2,8,2,12,0,49,27,2,78,156,0,156,234
10/17/2013,EVV,IN,AGL,CE,Combined TRACON& Tower with Radar,0,31,23,1,55,0,2,7,2,11,0,33,30,3,66,144,4,148,214
10/18/2013,EVV,IN,AGL,CE,Combined TRACON& Tower with Radar,0,34,24,0,58,0,3,11,0,14,0,37,35,0,72,204,0,204,276
10/19/2013,EVV,IN,AGL,CE,Combined TRACON& Tower with Radar,2,19,7,9,37,0,0,12,0,12,2,19,19,9,49,0,6,6,55
10/20/2013,EVV,IN,AGL,CE,Combined TRACON& Tower with Radar,0,26,15,0,41,0,2,22,0,24,0,28,37,0,65,50,0,50,115
10/21/2013,EVV,IN,AGL,CE,Combined TRACON& Tower with Radar,0,29,15,16,60,0,1,20,0,21,0,30,35,16,81,18,20,38,119
10/22/2013,EVV,IN,AGL,CE,Combined TRACON& Tower with Radar,0,30,12,0,42,0,1,10,0,11,0,31,22,0,53,0,0,0,53
10/23/2013,EVV,IN,AGL,CE,Combined TRACON& Tower with Radar,0,34,25,4,63,0,2,11,0,13,0,36,36,4,76,160,34,194,270
10/24/2013,EVV,IN,AGL,CE,Combined TRACON& Tower with Radar,0,37,9,0,46,0,0,11,0,11,0,37,20,0,57,190,0,190,247
10/25/2013,EVV,IN,AGL,CE,Combined TRACON& Tower with Radar,0,35,24,0,59,0,1,28,0,29,0,36,52,0,88,14,0,14,102
10/26/2013,EVV,IN,AGL,CE,Combined TRACON& Tower with Radar,0,20,12,0,32,0,0,20,0,20,0,20,32,0,52,18,0,18,70
10/27/2013,EVV,IN,AGL,CE,Combined TRACON& Tower with Radar,0,29,34,0,63,0,3,45,0,48,0,32,79,0,111,166,0,166,277
10/28/2013,EVV,IN,AGL,CE,Combined TRACON& Tower with Radar,0,31,21,0,52,0,3,18,0,21,0,34,39,0,73,0,0,0,73
10/29/2013,EVV,IN,AGL,CE,Combined TRACON& Tower with Radar,0,33,8,2,43,0,0,0,0,0,0,33,8,2,43,0,0,0,43
10/30/2013,EVV,IN,AGL,CE,Combined TRACON& Tower with Radar,0,39,17,1,57,0,1,3,0,4,0,40,20,1,61,0,0,0,61
10/31/2013,EVV,IN,AGL,CE,Combined TRACON& Tower with Radar,0,38,11,0,49,0,0,0,0,0,0,38,11,0,49,0,0,0,49
11/01/2013,EVV,IN,AGL,CE,Combined TRACON& Tower with Radar,0,35,18,2,55,0,7,16,1,24,0,42,34,3,79,152,10,162,241
11/02/2013,EVV,IN,AGL,CE,Combined TRACON& Tower with Radar,0,25,6,0,31,0,0,2,0,2,0,25,8,0,33,18,0,18,51
11/03/2013,EVV,IN,AGL,CE,Combined TRACON& Tower with Radar,0,30,12,2,44,0,2,31,0,33,0,32,43,2,77,86,40,126,203
11/04/2013,EVV,IN,AGL,CE,Combined TRACON& Tower with Radar,0,34,11,6,51,0,4,6,0,10,0,38,17,6,61,0,0,0,61
11/05/2013,EVV,IN,AGL,CE,Combined TRACON& Tower with Radar,0,31,19,0,50,0,0,16,1,17,0,31,35,1,67,12,0,12,79
11/06/2013,EVV,IN,AGL,CE,Combined TRACON& Tower with Radar,0,34,10,0,44,0,0,1,0,1,0,34,11,0,45,0,0,0,45
11/07/2013,EVV,IN,AGL,CE,Combined TRACON& Tower with Radar,0,34,24,8,66,0,0,33,0,33,0,34,57,8,99,136,22,158,257
11/08/2013,EVV,IN,AGL,CE,Combined TRACON& Tower with Radar,0,33,20,3,56,0,0,19,0,19,0,33,39,3,75,64,6,70,145
11/09/2013,EVV,IN,AGL,CE,Combined TRACON& Tower with Radar,0,26,3,0,29,0,1,10,0,11,0,27,13,0,40,8,0,8,48
11/10/2013,EVV,IN,AGL,CE,Combined TRACON& Tower with Radar,0,28,12,0,40,0,1,9,0,10,0,29,21,0,50,0,0,0,50
11/11/2013,EVV,IN,AGL,CE,Combined TRACON& Tower with Radar,0,31,7,0,38,0,0,10,0,10,0,31,17,0,48,10,0,10,58
11/12/2013,EVV,IN,AGL,CE,Combined TRACON& Tower with Radar,0,41,12,0,53,0,5,4,0,9,0,46,16,0,62,0,0,0,62
11/13/2013,EVV,IN,AGL,CE,Combined TRACON& Tower with Radar,0,35,17,22,74,0,0,7,0,7,0,35,24,22,81,76,60,136,217
11/14/2013,EVV,IN,AGL,CE,Combined TRACON& Tower with Radar,0,38,25,10,73,0,0,15,0,15,0,38,40,10,88,48,38,86,174
11/15/2013,EVV,IN,AGL,CE,Combined TRACON& Tower with Radar,0,34,12,10,56,0,0,12,0,12,0,34,24,10,68,76,22,98,166
11/16/2013,EVV,IN,AGL,CE,Combined TRACON& Tower with Radar,0,20,5,0,25,0,1,0,0,1,0,21,5,0,26,0,0,0,26
11/17/2013,EVV,IN,AGL,CE,Combined TRACON& Tower with Radar,0,24,2,0,26,0,2,0,0,2,0,26,2,0,28,0,0,0,28
11/18/2013,EVV,IN,AGL,CE,Combined TRACON& Tower with Radar,0,32,8,0,40,0,0,12,0,12,0,32,20,0,52,0,0,0,52
11/19/2013,EVV,IN,AGL,CE,Combined TRACON& Tower with Radar,0,32,24,2,58,0,3,26,1,30,0,35,50,3,88,10,0,10,98
11/20/2013,EVV,IN,AGL,CE,Combined TRACON& Tower with Radar,0,34,19,0,53,0,1,27,0,28,0,35,46,0,81,116,0,116,197
11/21/2013,EVV,IN,AGL,CE,Combined TRACON& Tower with Radar,0,35,18,27,80,0,0,5,1,6,0,35,23,28,86,44,68,112,198
11/22/2013,EVV,IN,AGL,CE,Combined TRACON& Tower with Radar,0,39,30,0,69,0,2,27,0,29,0,41,57,0,98,16,0,16,114
11/23/2013,EVV,IN,AGL,CE,Combined TRACON& Tower with Radar,0,19,21,0,40,0,2,30,0,32,0,21,51,0,72,108,0,108,180
11/24/2013,EVV,IN,AGL,CE,Combined TRACON& Tower with Radar,0,24,13,0,37,0,0,12,0,12,0,24,25,0,49,0,0,0,49
11/25/2013,EVV,IN,AGL,CE,Combined TRACON& Tower with Radar,0,31,18,0,49,0,2,12,0,14,0,33,30,0,63,26,0,26,89
11/26/2013,EVV,IN,AGL,CE,Combined TRACON& Tower with Radar,0,30,23,1,54,0,1,1,0,2,0,31,24,1,56,30,0,30,86
11/27/2013,EVV,IN,AGL,CE,Combined TRACON& Tower with Radar,0,46,19,0,65,0,2,8,2,12,0,48,27,2,77,34,0,34,111
11/28/2013,EVV,IN,AGL,CE,Combined TRACON& Tower with Radar,0,31,21,1,53,0,2,7,2,11,0,33,28,3,64,106,0,106,170
11/29/2013,EVV,IN,AGL,CE,Combined TRACON& Tower with Radar,0,33,22,0,55,0,3,11,0,14,0,36,33,0,69,130,0,130,199
11/30/2013,EVV,IN,AGL,CE,Combined TRACON& Tower with Radar,2,19,7,9,37,0,0,12,0,12,2,19,19,9,49,128,0,128,177
12/01/2013,EVV,IN,AGL,CE,Combined TRACON& Tower with Radar,0,25,14,0,39,0,2,22,0,24,0,27,36,0,63,22,0,22,85
12/02/2013,EVV,IN,AGL,CE,Combined TRACON& Tower with Radar,0,29,15,16,60,0,1,20,0,21,0,30,35,16,81,0,0,0,81
12/03/2013,EVV,IN,AGL,CE,Combined TRACON& Tower with Radar,0,30,11,0,41,0,1,10,0,11,0,31,21,0,52,0,38,38,90
12/04/2013,EVV,IN,AGL,CE,Combined TRACON& Tower with Radar,0,31,24,4,59,0,2,11,0,13,0,33,35,4,72,28,0,28,100
12/05/2013,EVV,IN,AGL,CE,Combined TRACON& Tower with Radar,0,35,9,0,44,0,1,11,0,12,0,36,20,0,56,24,0,24,80
12/06/2013,EVV,IN,AGL,CE,Combined TRACON& Tower with Radar,0,35,22,0,57,0,1,28,0,29,0,36,50,0,86,0,0,0,86
12/07/2013,EVV,IN,AGL,CE,Combined TRACON& Tower with Radar,0,20,12,0,32,0,0,20,0,20,0,20,32,0,52,4,0,4,56
12/08/2013,EVV,IN,AGL,CE,Combined TRACON& Tower with Radar,0,29,34,0,63,0,5,45,0,50,0,34,79,0,113,0,0,0,113
12/09/2013,EVV,IN,AGL,CE,Combined TRACON& Tower with Radar,0,31,20,0,51,0,3,18,0,21,0,34,38,0,72,0,0,0,72
12/10/2013,EVV,IN,AGL,CE,Combined TRACON& Tower with Radar,0,32,8,2,42,0,0,0,0,0,0,32,8,2,42,0,0,0,42
12/11/2013,EVV,IN,AGL,CE,Combined TRACON& Tower with Radar,0,39,19,1,59,0,7,18,12,37,0,46,37,13,96,0,0,0,96
12/12/2013,EVV,IN,AGL,CE,Combined TRACON& Tower with Radar,0,41,19,5,65,0,6,18,0,24,0,47,37,5,89,100,16,116,205
12/13/2013,EVV,IN,AGL,CE,Combined TRACON& Tower with Radar,0,26,14,0,40,0,0,11,0,11,0,26,25,0,51,64,0,64,115
12/14/2013,EVV,IN,AGL,CE,Combined TRACON& Tower with Radar,0,14,4,0,18,0,1,0,0,1,0,15,4,0,19,0,0,0,19
12/15/2013,EVV,IN,AGL,CE,Combined TRACON& Tower with Radar,0,27,10,0,37,0,0,0,0,0,0,27,10,0,37,0,0,0,37
12/16/2013,EVV,IN,AGL,CE,Combined TRACON& Tower with Radar,0,27,17,0,44,0,0,6,0,6,0,27,23,0,50,0,0,0,50
12/17/2013,EVV,IN,AGL,CE,Combined TRACON& Tower with Radar,0,37,18,0,55,0,0,7,0,7,0,37,25,0,62,0,0,0,62
12/18/2013,EVV,IN,AGL,CE,Combined TRACON& Tower with Radar,0,28,25,2,55,0,1,19,1,21,0,29,44,3,76,98,10,108,184
12/19/2013,EVV,IN,AGL,CE,Combined TRACON& Tower with Radar,0,31,25,0,56,0,0,6,0,6,0,31,31,0,62,54,0,54,116
12/20/2013,EVV,IN,AGL,CE,Combined TRACON& Tower with Radar,0,32,16,5,53,0,0,0,0,0,0,32,16,5,53,6,16,22,75
12/21/2013,EVV,IN,AGL,CE,Combined TRACON& Tower with Radar,0,21,6,0,27,0,0,0,0,0,0,21,6,0,27,0,0,0,27
12/22/2013,EVV,IN,AGL,CE,Combined TRACON& Tower with Radar,0,18,5,0,23,0,0,0,0,0,0,18,5,0,23,0,0,0,23
12/23/2013,EVV,IN,AGL,CE,Combined TRACON& Tower with Radar,0,20,12,0,32,0,1,0,0,1,0,21,12,0,33,0,0,0,33
12/24/2013,EVV,IN,AGL,CE,Combined TRACON& Tower with Radar,0,16,6,0,22,0,1,10,1,12,0,17,16,1,34,0,0,0,34
12/25/2013,EVV,IN,AGL,CE,Combined TRACON& Tower with Radar,0,15,2,0,17,0,1,1,0,2,0,16,3,0,19,0,0,0,19
12/26/2013,EVV,IN,AGL,CE,Combined TRACON& Tower with Radar,0,26,18,0,44,0,0,18,0,18,0,26,36,0,62,102,0,102,164
12/27/2013,EVV,IN,AGL,CE,Combined TRACON& Tower with Radar,0,25,11,0,36,0,7,11,0,18,0,32,22,0,54,80,0,80,134
12/28/2013,EVV,IN,AGL,CE,Combined TRACON& Tower with Radar,0,20,7,0,27,0,0,10,0,10,0,20,17,0,37,42,0,42,79
12/29/2013,EVV,IN,AGL,CE,Combined TRACON& Tower with Radar,0,20,4,0,24,0,2,2,0,4,0,22,6,0,28,0,0,0,28
12/30/2013,EVV,IN,AGL,CE,Combined TRACON& Tower with Radar,0,27,0,0,27,0,0,6,0,6,0,27,6,0,33,0,0,0,33
12/31/2013,EVV,IN,AGL,CE,Combined TRACON& Tower with Radar,0,18,12,0,30,0,1,7,0,8,0,19,19,0,38,0,0,0,38
01/01/2014,EVV,IN,AGL,CE,Combined TRACON& Tower with Radar,0,14,5,0,19,0,0,6,0,6,0,14,11,0,25,0,0,0,25
01/02/2014,EVV,IN,AGL,CE,Combined TRACON& Tower with Radar,0,19,6,0,25,0,5,3,0,8,0,24,9,0,33,0,0,0,33
01/03/2014,EVV,IN,AGL,CE,Combined TRACON& Tower with Radar,0,33,19,0,52,0,6,17,1,24,0,39,36,1,76,156,0,156,232
01/04/2014,EVV,IN,AGL,CE,Combined TRACON& Tower with Radar,0,22,14,0,36,0,1,5,0,6,0,23,19,0,42,0,0,0,42
01/05/2014,EVV,IN,AGL,CE,Combined TRACON& Tower with Radar,0,11,0,0,11,0,0,0,0,0,0,11,0,0,11,0,0,0,11
01/06/2014,EVV,IN,AGL,CE,Combined TRACON& Tower with Radar,0,9,6,0,15,0,0,1,0,1,0,9,7,0,16,0,0,0,16
01/07/2014,EVV,IN,AGL,CE,Combined TRACON& Tower with Radar,1,18,9,1,29,0,2,7,0,9,1,20,16,1,38,0,0,0,38
01/08/2014,EVV,IN,AGL,CE,Combined TRACON& Tower with Radar,0,26,14,12,52,0,5,3,0,8,0,31,17,12,60,90,0,90,150
01/09/2014,EVV,IN,AGL,CE,Combined TRACON& Tower with Radar,0,28,13,0,41,0,1,1,0,2,0,29,14,0,43,0,0,0,43
01/10/2014,EVV,IN,AGL,CE,Combined TRACON& Tower with Radar,0,28,11,0,39,0,0,0,0,0,0,28,11,0,39,0,0,0,39
01/11/2014,EVV,IN,AGL,CE,Combined TRACON& Tower with Radar,0,18,0,0,18,0,0,1,0,1,0,18,1,0,19,0,0,0,19
01/12/2014,EVV,IN,AGL,CE,Combined TRACON& Tower with Radar,0,27,17,0,44,0,1,17,0,18,0,28,34,0,62,116,0,116,178
01/13/2014,EVV,IN,AGL,CE,Combined TRACON& Tower with Radar,0,36,9,0,45,0,2,6,0,8,0,38,15,0,53,0,0,0,53
01/14/2014,EVV,IN,AGL,CE,Combined TRACON& Tower with Radar,0,31,16,0,47,0,0,2,0,2,0,31,18,0,49,0,0,0,49
01/15/2014,EVV,IN,AGL,CE,Combined TRACON& Tower with Radar,0,37,17,0,54,0,1,3,0,4,0,38,20,0,58,0,0,0,58
01/16/2014,EVV,IN,AGL,CE,Combined TRACON& Tower with Radar,0,25,11,2,38,0,2,2,7,11,0,27,13,9,49,34,28,62,111
01/17/2014,EVV,IN,AGL,CE,Combined TRACON& Tower with Radar,0,32,12,3,47,0,1,2,0,3,0,33,14,3,50,0,0,0,50
01/18/2014,EVV,IN,AGL,CE,Combined TRACON& Tower with Radar,0,19,8,0,27,0,0,3,0,3,0,19,11,0,30,44,0,44,74
01/19/2014,EVV,IN,AGL,CE,Combined TRACON& Tower with Radar,0,22,9,0,31,0,2,8,0,10,0,24,17,0,41,0,0,0,41
01/20/2014,EVV,IN,AGL,CE,Combined TRACON& Tower with Radar,0,26,13,0,39,0,2,20,0,22,0,28,33,0,61,28,0,28,89
01/21/2014,EVV,IN,AGL,CE,Combined TRACON& Tower with Radar,0,21,9,0,30,0,3,2,0,5,0,24,11,0,35,0,0,0,35
01/22/2014,EVV,IN,AGL,CE,Combined TRACON& Tower with Radar,0,25,14,16,55,0,0,5,0,5,0,25,19,16,60,0,26,26,86
01/23/2014,EVV,IN,AGL,CE,Combined TRACON& Tower with Radar,0,36,12,0,48,0,0,4,0,4,0,36,16,0,52,74,0,74,126
01/24/2014,EVV,IN,AGL,CE,Combined TRACON& Tower with Radar,0,26,10,15,51,0,1,6,2,9,0,27,16,17,60,68,50,118,178
01/25/2014,EVV,IN,AGL,CE,Combined TRACON& Tower with Radar,0,20,0,0,20,0,1,5,0,6,0,21,5,0,26,14,0,14,40
01/26/2014,EVV,IN,AGL,CE,Combined TRACON& Tower with Radar,0,24,4,0,28,0,0,4,0,4,0,24,8,0,32,0,0,0,32
01/27/2014,EVV,IN,AGL,CE,Combined TRACON& Tower with Radar,0,32,9,3,44,0,0,10,1,11,0,32,19,4,55,20,0,20,75
01/28/2014,EVV,IN,AGL,CE,Combined TRACON& Tower with Radar,0,22,14,7,43,0,0,10,3,13,0,22,24,10,56,0,0,0,56
01/29/2014,EVV,IN,AGL,CE,Combined TRACON& Tower with Radar,0,26,21,19,66,0,1,14,0,15,0,27,35,19,81,0,14,14,95
01/30/2014,EVV,IN,AGL,CE,Combined TRACON& Tower with Radar,0,37,20,12,69,0,5,12,3,20,0,42,32,15,89,142,30,172,261
01/31/2014,EVV,IN,AGL,CE,Combined TRACON& Tower with Radar,1,35,10,0,46,0,1,7,0,8,1,36,17,0,54,0,0,0,54
02/01/2014,EVV,IN,AGL,CE,Combined TRACON& Tower with Radar,0,27,8,0,35,0,1,4,0,5,0,28,12,0,40,0,0,0,40
02/02/2014,EVV,IN,AGL,CE,Combined TRACON& Tower with Radar,1,20,3,0,24,0,0,0,0,0,1,20,3,0,24,22,0,22,46
02/03/2014,EVV,IN,AGL,CE,Combined TRACON& Tower with Radar,0,34,16,0,50,0,2,41,0,43,0,36,57,0,93,20,0,20,113
02/04/2014,EVV,IN,AGL,CE,Combined TRACON& Tower with Radar,0,21,7,0,28,0,1,3,0,4,0,22,10,0,32,0,0,0,32
02/05/2014,EVV,IN,AGL,CE,Combined TRACON& Tower with Radar,0,31,11,0,42,0,1,0,0,1,0,32,11,0,43,0,0,0,43
02/06/2014,EVV,IN,AGL,CE,Combined TRACON& Tower with Radar,0,29,10,0,39,0,0,1,0,1,0,29,11,0,40,32,0,32,72
02/07/2014,EVV,IN,AGL,CE,Combined TRACON& Tower with Radar,0,42,15,0,57,0,0,9,0,9,0,42,24,0,66,136,0,136,202
02/08/2014,EVV,IN,AGL,CE,Combined TRACON& Tower with Radar,0,22,2,8,32,0,0,2,0,2,0,22,4,8,34,0,0,0,34
02/09/2014,EVV,IN,AGL,CE,Combined TRACON& Tower with Radar,0,27,5,0,32,0,0,0,0,0,0,27,5,0,32,0,0,0,32
02/10/2014,EVV,IN,AGL,CE,Combined TRACON& Tower with Radar,0,32,15,0,47,0,7,13,0,20,0,39,28,0,67,0,0,0,67
02/11/2014,EVV,IN,AGL,CE,Combined TRACON& Tower with Radar,0,33,16,0,49,0,0,12,0,12,0,33,28,0,61,0,0,0,61
02/12/2014,EVV,IN,AGL,CE,Combined TRACON& Tower with Radar,0,25,20,0,45,0,0,10,0,10,0,25,30,0,55,62,0,62,117
02/13/2014,EVV,IN,AGL,CE,Combined TRACON& Tower with Radar,0,26,14,0,40,0,2,12,0,14,0,28,26,0,54,180,2,182,236
02/14/2014,EVV,IN,AGL,CE,Combined TRACON& Tower with Radar,0,35,11,0,46,0,0,0,0,0,0,35,11,0,46,0,0,0,46
02/15/2014,EVV,IN,AGL,CE,Combined TRACON& Tower with Radar,0,21,7,0,28,0,2,15,0,17,0,23,22,0,45,16,0,16,61
02/16/2014,EVV,IN,AGL,CE,Combined TRACON& Tower with Radar,0,24,19,0,43,0,0,7,0,7,0,24,26,0,50,62,0,62,112
02/17/2014,EVV,IN,AGL,CE,Combined TRACON& Tower with Radar,0,18,8,0,26,0,0,4,0,4,0,18,12,0,30,0,0,0,30
02/18/2014,EVV,IN,AGL,CE,Combined TRACON& Tower with Radar,1,28,20,0,49,0,1,17,0,18,1,29,37,0,67,20,0,20,87
02/19/2014,EVV,IN,AGL,CE,Combined TRACON& Tower with Radar,1,32,23,8,64,0,0,24,1,25,1,32,47,9,89,40,6,46,135
02/20/2014,EVV,IN,AGL,CE,Combined TRACON& Tower with Radar,0,31,11,0,42,0,1,0,0,1,0,32,11,0,43,0,0,0,43
02/21/2014,EVV,IN,AGL,CE,Combined TRACON& Tower with Radar,0,34,10,8,52,0,2,8,0,10,0,36,18,8,62,40,12,52,114
02/22/2014,EVV,IN,AGL,CE,Combined TRACON& Tower with Radar,2,18,8,0,28,0,2,12,0,14,2,20,20,0,42,50,0,50,92
02/23/2014,EVV,IN,AGL,CE,Combined TRACON& Tower with Radar,0,25,5,0,30,0,0,5,0,5,0,25,10,0,35,0,0,0,35
02/24/2014,EVV,IN,AGL,CE,Combined TRACON& Tower with Radar,0,32,11,12,55,0,1,14,0,15,0,33,25,12,70,22,24,46,116
02/25/2014,EVV,IN,AGL,CE,Combined TRACON& Tower with Radar,2,29,13,0,44,0,1,9,0,10,2,30,22,0,54,0,0,0,54
02/26/2014,EVV,IN,AGL,CE,Combined TRACON& Tower with Radar,0,35,9,0,44,0,1,8,0,9,0,36,17,0,53,80,0,80,133
02/27/2014,EVV,IN,AGL,CE,Combined TRACON& Tower with Radar,0,31,11,0,42,0,0,27,0,27,0,31,38,0,69,130,0,130,199
02/28/2014,EVV,IN,AGL,CE,Combined TRACON& Tower with Radar,0,32,11,0,43,0,1,8,0,9,0,33,19,0,52,62,0,62,114
03/01/2014,EVV,IN,AGL,CE,Combined TRACON& Tower with Radar,0,18,7,0,25,0,0,14,0,14,0,18,21,0,39,28,0,28,67
03/02/2014,EVV,IN,AGL,CE,Combined TRACON& Tower with Radar,0,3,3,0,6,0,0,0,0,0,0,3,3,0,6,0,0,0,6
03/03/2014,EVV,IN,AGL,CE,Combined TRACON& Tower with Radar,0,35,9,0,44,0,5,5,0,10,0,40,14,0,54,0,0,0,54
03/04/2014,EVV,IN,AGL,CE,Combined TRACON& Tower with Radar,0,34,17,5,56,0,3,8,0,11,0,37,25,5,67,32,32,64,131
03/05/2014,EVV,IN,AGL,CE,Combined TRACON& Tower with Radar,0,32,22,2,56,0,3,7,0,10,0,35,29,2,66,0,0,0,66
03/06/2014,EVV,IN,AGL,CE,Combined TRACON& Tower with Radar,2,33,31,0,66,0,1,19,0,20,2,34,50,0,86,234,0,234,320
03/07/2014,EVV,IN,AGL,CE,Combined TRACON& Tower with Radar,0,35,12,2,49,0,1,25,0,26,0,36,37,2,75,158,14,172,247
03/08/2014,EVV,IN,AGL,CE,Combined TRACON& Tower with Radar,0,20,7,0,27,0,0,10,0,10,0,20,17,0,37,54,0,54,91
03/09/2014,EVV,IN,AGL,CE,Combined TRACON& Tower with Radar,0,23,5,0,28,0,0,17,0,17,0,23,22,0,45,46,0,46,91
03/10/2014,EVV,IN,AGL,CE,Combined TRACON& Tower with Radar,0,32,13,0,45,0,3,10,0,13,0,35,23,0,58,54,0,54,112
03/11/2014,EVV,IN,AGL,CE,Combined TRACON& Tower with Radar,2,31,16,0,49,0,1,20,0,21,2,32,36,0,70,0,0,0,70
03/12/2014,EVV,IN,AGL,CE,Combined TRACON& Tower with Radar,0,31,8,0,39,0,0,1,0,1,0,31,9,0,40,0,0,0,40
03/13/2014,EVV,IN,AGL,CE,Combined TRACON& Tower with Radar,0,35,22,0,57,0,0,9,0,9,0,35,31,0,66,224,0,224,290
03/14/2014,EVV,IN,AGL,CE,Combined TRACON& Tower with Radar,0,35,13,0,48,0,0,10,0,10,0,35,23,0,58,0,0,0,58
03/15/2014,EVV,IN,AGL,CE,Combined TRACON& Tower with Radar,0,28,16,0,44,0,3,34,0,37,0,31,50,0,81,44,0,44,125
03/16/2014,EVV,IN,AGL,CE,Combined TRACON& Tower with Radar,0,25,4,0,29,0,1,0,0,1,0,26,4,0,30,22,0,22,52
03/17/2014,EVV,IN,AGL,CE,Combined TRACON& Tower with Radar,0,33,6,0,39,0,4,13,0,17,0,37,19,0,56,4,0,4,60
03/18/2014,EVV,IN,AGL,CE,Combined TRACON& Tower with Radar,0,30,11,0,41,0,0,8,0,8,0,30,19,0,49,0,0,0,49
03/19/2014,EVV,IN,AGL,CE,Combined TRACON& Tower with Radar,0,28,18,0,46,0,3,3,0,6,0,31,21,0,52,0,0,0,52
03/20/2014,EVV,IN,AGL,CE,Combined TRACON& Tower with Radar,0,30,19,0,49,0,2,29,0,31,0,32,48,0,80,0,0,0,80
03/21/2014,EVV,IN,AGL,CE,Combined TRACON& Tower with Radar,0,30,19,0,49,0,0,18,0,18,0,30,37,0,67,134,0,134,201
03/22/2014,EVV,IN,AGL,CE,Combined TRACON& Tower with Radar,0,24,12,0,36,0,8,22,0,30,0,32,34,0,66,90,0,90,156
03/23/2014,EVV,IN,AGL,CE,Combined TRACON& Tower with Radar,0,26,13,0,39,0,2,13,0,15,0,28,26,0,54,32,10,42,96
03/24/2014,EVV,IN,AGL,CE,Combined TRACON& Tower with Radar,0,27,7,0,34,0,0,7,0,7,0,27,14,0,41,0,0,0,41
03/25/2014,EVV,IN,AGL,CE,Combined TRACON& Tower with Radar,0,26,18,0,44,0,1,8,4,13,0,27,26,4,57,0,0,0,57
03/26/2014,EVV,IN,AGL,CE,Combined TRACON& Tower with Radar,0,27,31,0,58,0,0,24,0,24,0,27,55,0,82,0,0,0,82
03/27/2014,EVV,IN,AGL,CE,Combined TRACON& Tower with Radar,0,20,9,0,29,0,1,1,0,2,0,21,10,0,31,50,0,50,81
03/28/2014,EVV,IN,AGL,CE,Combined TRACON& Tower with Radar,0,28,14,0,42,0,0,11,3,14,0,28,25,3,56,128,8,136,192
03/29/2014,EVV,IN,AGL,CE,Combined TRACON& Tower with Radar,0,19,17,0,36,0,0,2,0,2,0,19,19,0,38,0,0,0,38
03/30/2014,EVV,IN,AGL,CE,Combined TRACON& Tower with Radar,0,31,20,0,51,0,6,34,0,40,0,37,54,0,91,60,0,60,151
03/31/2014,EVV,IN,AGL,CE,Combined TRACON& Tower with Radar,0,25,19,0,44,0,2,31,0,33,0,27,50,0,77,58,0,58,135
04/01/2014,EVV,IN,AGL,CE,Combined TRACON& Tower with Radar,0,33,14,0,47,0,1,10,0,11,0,34,24,0,58,0,0,0,58
04/02/2014,EVV,IN,AGL,CE,Combined TRACON& Tower with Radar,0,33,15,0,48,0,2,10,0,12,0,35,25,0,60,10,0,10,70
04/03/2014,EVV,IN,AGL,CE,Combined TRACON& Tower with Radar,0,22,3,0,25,0,0,0,0,0,0,22,3,0,25,0,0,0,25
04/04/2014,EVV,IN,AGL,CE,Combined TRACON& Tower with Radar,0,29,11,0,40,0,1,0,2,3,0,30,11,2,43,40,0,40,83
04/05/2014,EVV,IN,AGL,CE,Combined TRACON& Tower with Radar,0,16,9,0,25,0,0,31,0,31,0,16,40,0,56,0,0,0,56
04/06/2014,EVV,IN,AGL,CE,Combined TRACON& Tower with Radar,0,28,11,0,39,0,0,12,0,12,0,28,23,0,51,8,0,8,59
04/07/2014,EVV,IN,AGL,CE,Combined TRACON& Tower with Radar,0,37,13,0,50,0,0,0,0,0,0,37,13,0,50,0,0,0,50
04/08/2014,EVV,IN,AGL,CE,Combined TRACON& Tower with Radar,0,33,12,0,45,0,2,9,0,11,0,35,21,0,56,10,0,10,66
04/09/2014,EVV,IN,AGL,CE,Combined TRACON& Tower with Radar,0,26,19,0,45,0,2,15,0,17,0,28,34,0,62,0,0,0,62
04/10/2014,EVV,IN,AGL,CE,Combined TRACON& Tower with Radar,0,32,16,0,48,0,2,5,0,7,0,34,21,0,55,0,0,0,55
04/11/2014,EVV,IN,AGL,CE,Combined TRACON& Tower with Radar,0,34,17,0,51,0,0,11,0,11,0,34,28,0,62,0,0,0,62
04/12/2014,EVV,IN,AGL,CE,Combined TRACON& Tower with Radar,0,18,10,0,28,0,5,12,0,17,0,23,22,0,45,0,0,0,45
04/13/2014,EVV,IN,AGL,CE,Combined TRACON& Tower with Radar,0,28,8,0,36,0,0,4,1,5,0,28,12,1,41,6,0,6,47
04/14/2014,EVV,IN,AGL,CE,Combined TRACON& Tower with Radar,0,30,7,0,37,0,1,0,0,1,0,31,7,0,38,40,0,40,78
04/15/2014,EVV,IN,AGL,CE,Combined TRACON& Tower with Radar,0,33,14,1,48,0,0,2,1,3,0,33,16,2,51,74,0,74,125
04/16/2014,EVV,IN,AGL,CE,Combined TRACON& Tower with Radar,0,27,16,0,43,0,4,14,0,18,0,31,30,0,61,18,0,18,79
04/17/2014,EVV,IN,AGL,CE,Combined TRACON& Tower with Radar,0,26,20,0,46,0,2,34,0,36,0,28,54,0,82,156,0,156,238
04/18/2014,EVV,IN,AGL,CE,Combined TRACON& Tower with Radar,0,29,16,14,59,0,2,15,0,17,0,31,31,14,76,152,56,208,284
04/19/2014,EVV,IN,AGL,CE,Combined TRACON& Tower with Radar,0,15,2,1,18,0,0,3,1,4,0,15,5,2,22,14,20,34,56
04/20/2014,EVV,IN,AGL,CE,Combined TRACON& Tower with Radar,0,21,5,0,26,0,3,13,0,16,0,24,18,0,42,0,0,0,42
04/21/2014,EVV,IN,AGL,CE,Combined TRACON& Tower with Radar,0,27,10,0,37,0,2,12,1,15,0,29,22,1,52,62,6,68,120
04/22/2014,EVV,IN,AGL,CE,Combined TRACON& Tower with Radar,0,31,13,0,44,0,0,11,1,12,0,31,24,1,56,0,0,0,56
04/23/2014,EVV,IN,AGL,CE,Combined TRACON& Tower with Radar,0,32,33,0,65,0,0,23,1,24,0,32,56,1,89,0,0,0,89
04/24/2014,EVV,IN,AGL,CE,Combined TRACON& Tower with Radar,0,37,23,0,60,0,3,7,0,10,0,40,30,0,70,86,4,90,160
04/25/2014,EVV,IN,AGL,CE,Combined TRACON& Tower with Radar,0,32,15,0,47,0,4,7,0,11,0,36,22,0,58,0,0,0,58
04/26/2014,EVV,IN,AGL,CE,Combined TRACON& Tower with Radar,0,16,10,0,26,0,6,5,0,11,0,22,15,0,37,8,0,8,45
04/27/2014,EVV,IN,AGL,CE,Combined TRACON& Tower with Radar,0,24,6,0,30,0,1,6,0,7,0,25,12,0,37,50,0,50,87
04/28/2014,EVV,IN,AGL,CE,Combined TRACON& Tower with Radar,0,24,10,0,34,0,1,0,0,1,0,25,10,0,35,0,0,0,35
04/29/2014,EVV,IN,AGL,CE,Combined TRACON& Tower with Radar,0,29,13,0,42,0,0,1,0,1,0,29,14,0,43,0,0,0,43
04/30/2014,EVV,IN,AGL,CE,Combined TRACON& Tower with Radar,0,29,25,2,56,0,2,7,0,9,0,31,32,2,65,0,0,0,65
05/01/2014,EVV,IN,AGL,CE,Combined TRACON& Tower with Radar,0,29,25,0,54,0,0,18,0,18,0,29,43,0,72,120,0,120,192
05/02/2014,EVV,IN,AGL,CE,Combined TRACON& Tower with Radar,0,32,10,0,42,0,4,9,1,14,0,36,19,1,56,24,6,30,86
05/03/2014,EVV,IN,AGL,CE,Combined TRACON& Tower with Radar,0,16,8,0,24,0,2,10,0,12,0,18,18,0,36,16,0,16,52
05/04/2014,EVV,IN,AGL,CE,Combined TRACON& Tower with Radar,0,26,10,4,40,0,0,10,0,10,0,26,20,4,50,12,6,18,68
05/05/2014,EVV,IN,AGL,CE,Combined TRACON& Tower with Radar,0,30,18,0,48,0,1,19,1,21,0,31,37,1,69,0,0,0,69
05/06/2014,EVV,IN,AGL,CE,Combined TRACON& Tower with Radar,0,23,16,2,41,0,2,14,0,16,0,25,30,2,57,68,2,70,127
05/07/2014,EVV,IN,AGL,CE,Combined TRACON& Tower with Radar,0,26,14,2,42,0,4,21,0,25,0,30,35,2,67,0,0,0,67
05/08/2014,EVV,IN,AGL,CE,Combined TRACON& Tower with Radar,0,20,14,0,34,0,1,3,0,4,0,21,17,0,38,56,0,56,94
05/09/2014,EVV,IN,AGL,CE,Combined TRACON& Tower with Radar,0,25,19,12,56,0,1,0,0,1,0,26,19,12,57,0,0,0,57
05/10/2014,EVV,IN,AGL,CE,Combined TRACON& Tower with Radar,0,21,10,0,31,0,6,5,0,11,0,27,15,0,42,22,0,22,64
05/11/2014,EVV,IN,AGL,CE,Combined TRACON& Tower with Radar,0,22,4,0,26,0,7,2,0,9,0,29,6,0,35,46,0,46,81
05/12/2014,EVV,IN,AGL,CE,Combined TRACON& Tower with Radar,0,31,10,0,41,0,0,12,0,12,0,31,22,0,53,44,0,44,97
05/13/2014,EVV,IN,AGL,CE,Combined TRACON& Tower with Radar,0,26,9,0,35,0,2,16,1,19,0,28,25,1,54,60,0,60,114
05/14/2014,EVV,IN,AGL,CE,Combined TRACON& Tower with Radar,0,30,18,0,48,0,0,1,0,1,0,30,19,0,49,0,0,0,49
05/15/2014,EVV,IN,AGL,CE,Combined TRACON& Tower with Radar,0,36,21,0,57,0,1,20,0,21,0,37,41,0,78,0,0,0,78
05/16/2014,EVV,IN,AGL,CE,Combined TRACON& Tower with Radar,0,31,20,0,51,0,3,29,0,32,0,34,49,0,83,188,0,188,271
05/17/2014,EVV,IN,AGL,CE,Combined TRACON& Tower with Radar,0,21,6,0,27,0,3,79,0,82,0,24,85,0,109,150,0,150,259
05/18/2014,EVV,IN,AGL,CE,Combined TRACON& Tower with Radar,0,28,11,0,39,0,1,36,1,38,0,29,47,1,77,128,0,128,205
05/19/2014,EVV,IN,AGL,CE,Combined TRACON& Tower with Radar,0,24,8,0,32,0,3,15,0,18,0,27,23,0,50,28,0,28,78
05/20/2014,EVV,IN,AGL,CE,Combined TRACON& Tower with Radar,0,29,18,0,47,0,3,7,0,10,0,32,25,0,57,0,0,0,57
05/21/2014,EVV,IN,AGL,CE,Combined TRACON& Tower with Radar,0,28,11,0,39,0,2,12,1,15,0,30,23,1,54,0,0,0,54
05/22/2014,EVV,IN,AGL,CE,Combined TRACON& Tower with Radar,0,31,21,0,52,0,0,10,0,10,0,31,31,0,62,0,0,0,62
05/23/2014,EVV,IN,AGL,CE,Combined TRACON& Tower with Radar,0,28,16,0,44,0,2,14,0,16,0,30,30,0,60,160,0,160,220
05/24/2014,EVV,IN,AGL,CE,Combined TRACON& Tower with Radar,0,22,10,0,32,0,1,22,0,23,0,23,32,0,55,12,0,12,67
05/25/2014,EVV,IN,AGL,CE,Combined TRACON& Tower with Radar,0,20,7,0,27,0,0,5,0,5,0,20,12,0,32,22,0,22,54
05/26/2014,EVV,IN,AGL,CE,Combined TRACON& Tower with Radar,0,22,5,0,27,0,0,17,0,17,0,22,22,0,44,0,0,0,44
05/27/2014,EVV,IN,AGL,CE,Combined TRACON& Tower with Radar,0,30,17,0,47,0,2,8,0,10,0,32,25,0,57,0,0,0,57
05/28/2014,EVV,IN,AGL,CE,Combined TRACON& Tower with Radar,0,34,24,0,58,0,3,8,2,13,0,37,32,2,71,0,0,0,71
05/29/2014,EVV,IN,AGL,CE,Combined TRACON& Tower with Radar,0,38,24,0,62,0,3,15,2,20,0,41,39,2,82,144,14,158,240
05/30/2014,EVV,IN,AGL,CE,Combined TRACON& Tower with Radar,0,34,20,4,58,0,5,10,0,15,0,39,30,4,73,120,8,128,201
05/31/2014,EVV,IN,AGL,CE,Combined TRACON& Tower with Radar,0,18,9,0,27,0,3,22,2,27,0,21,31,2,54,80,0,80,134
06/01/2014,EVV,IN,AGL,CE,Combined TRACON& Tower with Radar,0,33,9,20,62,0,0,12,0,12,0,33,21,20,74,118,42,160,234
06/02/2014,EVV,IN,AGL,CE,Combined TRACON& Tower with Radar,0,29,17,0,46,0,0,2,0,2,0,29,19,0,48,16,0,16,64
06/03/2014,EVV,IN,AGL,CE,Combined TRACON& Tower with Radar,2,45,25,0,72,0,7,5,0,12,2,52,30,0,84,68,0,68,152
06/04/2014,EVV,IN,AGL,CE,Combined TRACON& Tower with Radar,0,35,19,0,54,0,1,1,0,2,0,36,20,0,56,0,0,0,56
06/05/2014,EVV,IN,AGL,CE,Combined TRACON& Tower with Radar,0,30,22,0,52,0,0,5,2,7,0,30,27,2,59,0,0,0,59
06/06/2014,EVV,IN,AGL,CE,Combined TRACON& Tower with Radar,0,28,17,0,45,0,3,11,0,14,0,31,28,0,59,0,0,0,59
06/07/2014,EVV,IN,AGL,CE,Combined TRACON& Tower with Radar,0,20,7,0,27,0,1,13,0,14,0,21,20,0,41,32,0,32,73
06/08/2014,EVV,IN,AGL,CE,Combined TRACON& Tower with Radar,0,27,8,11,46,0,4,11,0,15,0,31,19,11,61,0,0,0,61
06/09/2014,EVV,IN,AGL,CE,Combined TRACON& Tower with Radar,0,32,10,1,43,0,2,13,0,15,0,34,23,1,58,36,0,36,94
06/10/2014,EVV,IN,AGL,CE,Combined TRACON& Tower with Radar,0,28,7,0,35,0,2,0,0,2,0,30,7,0,37,0,0,0,37
06/11/2014,EVV,IN,AGL,CE,Combined TRACON& Tower with Radar,0,32,16,0,48,0,1,5,0,6,0,33,21,0,54,0,0,0,54
06/12/2014,EVV,IN,AGL,CE,Combined TRACON& Tower with Radar,0,30,24,0,54,0,1,19,0,20,0,31,43,0,74,0,0,0,74
06/13/2014,EVV,IN,AGL,CE,Combined TRACON& Tower with Radar,0,31,15,6,52,0,3,30,0,33,0,34,45,6,85,62,4,66,151
06/14/2014,EVV,IN,AGL,CE,Combined TRACON& Tower with Radar,0,18,7,0,25,0,3,20,0,23,0,21,27,0,48,60,0,60,108
06/15/2014,EVV,IN,AGL,CE,Combined TRACON& Tower with Radar,0,26,12,4,42,0,5,21,1,27,0,31,33,5,69,56,0,56,125
06/16/2014,EVV,IN,AGL,CE,Combined TRACON& Tower with Radar,0,32,17,0,49,0,0,7,0,7,0,32,24,0,56,0,0,0,56
06/17/2014,EVV,IN,AGL,CE,Combined TRACON& Tower with Radar,0,31,20,2,53,0,1,5,4,10,0,32,25,6,63,0,0,0,63
06/18/2014,EVV,IN,AGL,CE,Combined TRACON& Tower with Radar,0,25,20,0,45,0,3,13,0,16,0,28,33,0,61,0,0,0,61
06/19/2014,EVV,IN,AGL,CE,Combined TRACON& Tower with Radar,0,31,23,0,54,0,0,5,0,5,0,31,28,0,59,0,0,0,59
06/20/2014,EVV,IN,AGL,CE,Combined TRACON& Tower with Radar,0,32,10,0,42,0,0,12,0,12,0,32,22,0,54,0,0,0,54
06/21/2014,EVV,IN,AGL,CE,Combined TRACON& Tower with Radar,0,18,12,0,30,0,3,13,0,16,0,21,25,0,46,0,0,0,46
06/22/2014,EVV,IN,AGL,CE,Combined TRACON& Tower with Radar,0,25,11,2,38,0,3,16,0,19,0,28,27,2,57,28,0,28,85
06/23/2014,EVV,IN,AGL,CE,Combined TRACON& Tower with Radar,1,24,8,0,33,0,0,4,1,5,1,24,12,1,38,0,0,0,38
06/24/2014,EVV,IN,AGL,CE,Combined TRACON& Tower with Radar,1,34,21,0,56,0,1,2,0,3,1,35,23,0,59,0,0,0,59
06/25/2014,EVV,IN,AGL,CE,Combined TRACON& Tower with Radar,0,32,26,0,58,0,19,18,0,37,0,51,44,0,95,0,0,0,95
06/26/2014,EVV,IN,AGL,CE,Combined TRACON& Tower with Radar,0,38,23,2,63,0,0,19,0,19,0,38,42,2,82,0,0,0,82
06/27/2014,EVV,IN,AGL,CE,Combined TRACON& Tower with Radar,0,37,11,0,48,0,0,8,3,11,0,37,19,3,59,0,0,0,59
06/28/2014,EVV,IN,AGL,CE,Combined TRACON& Tower with Radar,0,22,9,2,33,0,0,6,0,6,0,22,15,2,39,8,0,8,47
06/29/2014,EVV,IN,AGL,CE,Combined TRACON& Tower with Radar,0,24,18,0,42,0,2,9,0,11,0,26,27,0,53,0,0,0,53
06/30/2014,EVV,IN,AGL,CE,Combined TRACON& Tower with Radar,0,21,20,0,41,0,5,9,0,14,0,26,29,0,55,0,0,0,55
07/01/2014,EVV,IN,AGL,CE,Combined TRACON& Tower with Radar,0,23,11,0,34,0,3,10,0,13,0,26,21,0,47,0,0,0,47
07/02/2014,EVV,IN,AGL,CE,Combined TRACON& Tower with Radar,0,35,15,0,50,0,3,48,0,51,0,38,63,0,101,0,0,0,101
07/03/2014,EVV,IN,AGL,CE,Combined TRACON& Tower with Radar,4,25,19,0,48,0,6,25,0,31,4,31,44,0,79,0,0,0,79
07/04/2014,EVV,IN,AGL,CE,Combined TRACON& Tower with Radar,0,14,8,0,22,0,0,27,0,27,0,14,35,0,49,40,0,40,89
07/05/2014,EVV,IN,AGL,CE,Combined TRACON& Tower with Radar,2,14,3,0,19,0,2,17,0,19,2,16,20,0,38,36,0,36,74
07/06/2014,EVV,IN,AGL,CE,Combined TRACON& Tower with Radar,0,27,16,0,43,0,0,16,0,16,0,27,32,0,59,42,0,42,101
07/07/2014,EVV,IN,AGL,CE,Combined TRACON& Tower with Radar,0,28,17,0,45,0,1,8,1,10,0,29,25,1,55,30,0,30,85
07/08/2014,EVV,IN,AGL,CE,Combined TRACON& Tower with Radar,0,28,16,0,44,0,1,12,0,13,0,29,28,0,57,24,0,24,81
07/09/2014,EVV,IN,AGL,CE,Combined TRACON& Tower with Radar,0,31,29,0,60,0,9,98,0,107,0,40,127,0,167,0,0,0,167
07/10/2014,EVV,IN,AGL,CE,Combined TRACON& Tower with Radar,0,34,26,0,60,0,5,49,0,54,0,39,75,0,114,74,0,74,188
07/11/2014,EVV,IN,AGL,CE,Combined TRACON& Tower with Radar,0,31,19,6,56,0,4,26,0,30,0,35,45,6,86,0,0,0,86
07/12/2014,EVV,IN,AGL,CE,Combined TRACON& Tower with Radar,2,14,5,4,25,0,0,12,2,14,2,14,17,6,39,0,0,0,39
07/13/2014,EVV,IN,AGL,CE,Combined TRACON& Tower with Radar,0,27,13,0,40,0,1,6,1,8,0,28,19,1,48,0,0,0,48
07/14/2014,EVV,IN,AGL,CE,Combined TRACON& Tower with Radar,0,29,14,0,43,0,2,9,0,11,0,31,23,0,54,34,0,34,88
07/15/2014,EVV,IN,AGL,CE,Combined TRACON& Tower with Radar,1,35,9,0,45,0,2,28,0,30,1,37,37,0,75,0,0,0,75
07/16/2014,EVV,IN,AGL,CE,Combined TRACON& Tower with Radar,2,35,14,0,51,0,3,32,1,36,2,38,46,1,87,0,0,0,87
07/17/2014,EVV,IN,AGL,CE,Combined TRACON& Tower with Radar,1,31,29,0,61,0,1,15,1,17,1,32,44,1,78,4,0,4,82
07/18/2014,EVV,IN,AGL,CE,Combined TRACON& Tower with Radar,0,29,10,0,39,0,0,9,0,9,0,29,19,0,48,0,0,0,48
07/19/2014,EVV,IN,AGL,CE,Combined TRACON& Tower with Radar,2,17,8,1,28,0,1,6,0,7,2,18,14,1,35,0,0,0,35
07/20/2014,EVV,IN,AGL,CE,Combined TRACON& Tower with Radar,0,35,18,2,55,0,0,6,2,8,0,35,24,4,63,12,0,12,75
07/21/2014,EVV,IN,AGL,CE,Combined TRACON& Tower with Radar,0,31,7,0,38,0,2,13,2,17,0,33,20,2,55,0,0,0,55
07/22/2014,EVV,IN,AGL,CE,Combined TRACON& Tower with Radar,2,32,14,0,48,0,4,11,0,15,2,36,25,0,63,0,0,0,63
07/23/2014,EVV,IN,AGL,CE,Combined TRACON& Tower with Radar,3,29,9,0,41,0,0,4,0,4,3,29,13,0,45,0,0,0,45
07/24/2014,EVV,IN,AGL,CE,Combined TRACON& Tower with Radar,0,34,21,0,55,0,3,37,0,40,0,37,58,0,95,0,0,0,95
07/25/2014,EVV,IN,AGL,CE,Combined TRACON& Tower with Radar,0,29,12,2,43,0,2,43,0,45,0,31,55,2,88,0,0,0,88
07/26/2014,EVV,IN,AGL,CE,Combined TRACON& Tower with Radar,2,20,6,4,32,0,0,9,0,9,2,20,15,4,41,0,0,0,41
07/27/2014,EVV,IN,AGL,CE,Combined TRACON& Tower with Radar,0,27,18,0,45,0,0,10,0,10,0,27,28,0,55,0,0,0,55
07/28/2014,EVV,IN,AGL,CE,Combined TRACON& Tower with Radar,0,31,10,2,43,0,2,10,2,14,0,33,20,4,57,0,0,0,57
07/29/2014,EVV,IN,AGL,CE,Combined TRACON& Tower with Radar,0,34,19,0,53,0,1,24,2,27,0,35,43,2,80,0,0,0,80
07/30/2014,EVV,IN,AGL,CE,Combined TRACON& Tower with Radar,0,31,25,0,56,0,0,18,0,18,0,31,43,0,74,0,0,0,74
07/31/2014,EVV,IN,AGL,CE,Combined TRACON& Tower with Radar,0,41,18,0,59,0,6,20,0,26,0,47,38,0,85,0,0,0,85
08/01/2014,EVV,IN,AGL,CE,Combined TRACON& Tower with Radar,0,39,25,0,64,0,2,32,1,35,0,41,57,1,99,0,0,0,99
08/02/2014,EVV,IN,AGL,CE,Combined TRACON& Tower with Radar,2,20,9,0,31,0,0,27,0,27,2,20,36,0,58,0,0,0,58
08/03/2014,EVV,IN,AGL,CE,Combined TRACON& Tower with Radar,0,33,14,0,47,0,0,19,0,19,0,33,33,0,66,0,0,0,66
08/04/2014,EVV,IN,AGL,CE,Combined TRACON& Tower with Radar,0,25,19,0,44,0,4,15,2,21,0,29,34,2,65,0,0,0,65
08/05/2014,EVV,IN,AGL,CE,Combined TRACON& Tower with Radar,0,36,14,0,50,0,0,28,0,28,0,36,42,0,78,0,0,0,78
08/06/2014,EVV,IN,AGL,CE,Combined TRACON& Tower with Radar,0,47,19,0,66,0,3,22,0,25,0,50,41,0,91,0,0,0,91
08/07/2014,EVV,IN,AGL,CE,Combined TRACON& Tower with Radar,0,32,24,0,56,0,1,18,0,19,0,33,42,0,75,0,0,0,75
08/08/2014,EVV,IN,AGL,CE,Combined TRACON& Tower with Radar,0,37,10,10,57,0,2,1,0,3,0,39,11,10,60,0,0,0,60
08/09/2014,EVV,IN,AGL,CE,Combined TRACON& Tower with Radar,2,18,13,0,33,0,4,2,0,6,2,22,15,0,39,0,0,0,39
08/10/2014,EVV,IN,AGL,CE,Combined TRACON& Tower with Radar,0,25,10,0,35,0,6,13,0,19,0,31,23,0,54,0,0,0,54
08/11/2014,EVV,IN,AGL,CE,Combined TRACON& Tower with Radar,0,33,28,0,61,0,0,14,0,14,0,33,42,0,75,0,0,0,75
08/12/2014,EVV,IN,AGL,CE,Combined TRACON& Tower with Radar,0,28,18,1,47,0,2,11,1,14,0,30,29,2,61,0,0,0,61
08/13/2014,EVV,IN,AGL,CE,Combined TRACON& Tower with Radar,0,30,22,0,52,0,4,21,0,25,0,34,43,0,77,0,0,0,77
08/14/2014,EVV,IN,AGL,CE,Combined TRACON& Tower with Radar,0,26,23,0,49,0,4,17,0,21,0,30,40,0,70,0,0,0,70
08/15/2014,EVV,IN,AGL,CE,Combined TRACON& Tower with Radar,0,29,12,2,43,0,0,14,0,14,0,29,26,2,57,0,0,0,57
08/16/2014,EVV,IN,AGL,CE,Combined TRACON& Tower with Radar,2,20,5,0,27,0,0,24,0,24,2,20,29,0,51,0,0,0,51
08/17/2014,EVV,IN,AGL,CE,Combined TRACON& Tower with Radar,0,35,22,1,58,0,0,0,1,1,0,35,22,2,59,0,0,0,59
08/18/2014,EVV,IN,AGL,CE,Combined TRACON& Tower with Radar,1,26,18,0,45,0,0,2,0,2,1,26,20,0,47,0,0,0,47
08/19/2014,EVV,IN,AGL,CE,Combined TRACON& Tower with Radar,2,30,31,0,63,0,0,9,0,9,2,30,40,0,72,0,0,0,72
08/20/2014,EVV,IN,AGL,CE,Combined TRACON& Tower with Radar,1,31,21,3,56,0,4,14,0,18,1,35,35,3,74,0,0,0,74
08/21/2014,EVV,IN,AGL,CE,Combined TRACON& Tower with Radar,2,24,17,1,44,0,1,12,0,13,2,25,29,1,57,0,0,0,57
08/22/2014,EVV,IN,AGL,CE,Combined TRACON& Tower with Radar,2,25,17,15,59,0,4,12,1,17,2,29,29,16,76,0,0,0,76
08/23/2014,EVV,IN,AGL,CE,Combined TRACON& Tower with Radar,2,14,11,4,31,0,1,13,0,14,2,15,24,4,45,22,12,34,79
08/24/2014,EVV,IN,AGL,CE,Combined TRACON& Tower with Radar,2,23,22,2,49,0,2,5,0,7,2,25,27,2,56,0,0,0,56
08/25/2014,EVV,IN,AGL,CE,Combined TRACON& Tower with Radar,2,21,16,0,39,0,4,12,0,16,2,25,28,0,55,0,0,0,55
08/26/2014,EVV,IN,AGL,CE,Combined TRACON& Tower with Radar,1,18,9,0,28,0,2,13,1,16,1,20,22,1,44,0,0,0,44
08/27/2014,EVV,IN,AGL,CE,Combined TRACON& Tower with Radar,3,31,27,0,61,0,1,8,0,9,3,32,35,0,70,0,0,0,70
08/28/2014,EVV,IN,AGL,CE,Combined TRACON& Tower with Radar,2,32,23,0,57,0,5,4,0,9,2,37,27,0,66,0,0,0,66
08/29/2014,EVV,IN,AGL,CE,Combined TRACON& Tower with Radar,2,27,16,2,47,0,5,17,0,22,2,32,33,2,69,0,0,0,69
08/30/2014,EVV,IN,AGL,CE,Combined TRACON& Tower with Radar,2,15,3,0,20,0,0,2,0,2,2,15,5,0,22,0,0,0,22
08/31/2014,EVV,IN,AGL,CE,Combined TRACON& Tower with Radar,2,12,1,0,15,0,0,5,0,5,2,12,6,0,20,0,0,0,20
09/01/2014,EVV,IN,AGL,CE,Combined TRACON& Tower with Radar,2,23,7,2,34,0,2,1,0,3,2,25,8,2,37,0,0,0,37
09/02/2014,EVV,IN,AGL,CE,Combined TRACON& Tower with Radar,2,22,13,0,37,0,2,8,0,10,2,24,21,0,47,0,0,0,47
09/03/2014,EVV,IN,AGL,CE,Combined TRACON& Tower with Radar,2,25,13,0,40,0,6,19,0,25,2,31,32,0,65,0,0,0,65
09/04/2014,EVV,IN,AGL,CE,Combined TRACON& Tower with Radar,4,28,20,2,54,0,6,22,0,28,4,34,42,2,82,0,0,0,82
09/05/2014,EVV,IN,AGL,CE,Combined TRACON& Tower with Radar,2,17,13,7,39,0,5,11,0,16,2,22,24,7,55,0,0,0,55
09/06/2014,EVV,IN,AGL,CE,Combined TRACON& Tower with Radar,2,18,9,4,33,0,1,5,0,6,2,19,14,4,39,0,0,0,39
09/07/2014,EVV,IN,AGL,CE,Combined TRACON& Tower with Radar,2,23,15,11,51,0,2,16,0,18,2,25,31,11,69,0,0,0,69
09/08/2014,EVV,IN,AGL,CE,Combined TRACON& Tower with Radar,2,30,11,2,45,0,3,54,0,57,2,33,65,2,102,56,0,56,158
09/09/2014,EVV,IN,AGL,CE,Combined TRACON& Tower with Radar,2,25,13,0,40,0,0,60,2,62,2,25,73,2,102,0,0,0,102
09/10/2014,EVV,IN,AGL,CE,Combined TRACON& Tower with Radar,2,26,16,0,44,0,0,4,0,4,2,26,20,0,48,0,0,0,48
09/11/2014,EVV,IN,AGL,CE,Combined TRACON& Tower with Radar,2,29,25,0,56,0,1,1,0,2,2,30,26,0,58,0,0,0,58
09/12/2014,EVV,IN,AGL,CE,Combined TRACON& Tower with Radar,2,31,15,1,49,0,0,2,0,2,2,31,17,1,51,0,0,0,51
09/13/2014,EVV,IN,AGL,CE,Combined TRACON& Tower with Radar,2,13,9,1,25,0,4,13,0,17,2,17,22,1,42,0,0,0,42
09/14/2014,EVV,IN,AGL,CE,Combined TRACON& Tower with Radar,2,27,9,0,38,0,3,11,0,14,2,30,20,0,52,0,0,0,52
09/15/2014,EVV,IN,AGL,CE,Combined TRACON& Tower with Radar,2,26,14,0,42,0,0,14,0,14,2,26,28,0,56,0,0,0,56
09/16/2014,EVV,IN,AGL,CE,Combined TRACON& Tower with Radar,2,28,23,1,54,0,1,3,0,4,2,29,26,1,58,0,0,0,58
09/17/2014,EVV,IN,AGL,CE,Combined TRACON& Tower with Radar,2,26,16,0,44,0,4,16,0,20,2,30,32,0,64,0,0,0,64
09/18/2014,EVV,IN,AGL,CE,Combined TRACON& Tower with Radar,2,26,24,0,52,0,15,19,0,34,2,41,43,0,86,0,0,0,86
09/19/2014,EVV,IN,AGL,CE,Combined TRACON& Tower with Radar,1,25,16,2,44,0,6,7,0,13,1,31,23,2,57,0,0,0,57
09/20/2014,EVV,IN,AGL,CE,Combined TRACON& Tower with Radar,2,18,9,4,33,0,1,5,0,6,2,19,14,4,39,30,0,30,69
09/21/2014,EVV,IN,AGL,CE,Combined TRACON& Tower with Radar,2,23,15,11,51,0,2,16,0,18,2,25,31,11,69,0,0,0,69
09/22/2014,EVV,IN,AGL,CE,Combined TRACON& Tower with Radar,2,24,7,10,43,0,2,10,0,12,2,26,17,10,55,30,20,50,105
09/23/2014,EVV,IN,AGL,CE,Combined TRACON& Tower with Radar,2,27,22,0,51,0,2,22,0,24,2,29,44,0,75,0,0,0,75
09/24/2014,EVV,IN,AGL,CE,Combined TRACON& Tower with Radar,2,29,22,9,62,0,3,22,0,25,2,32,44,9,87,0,0,0,87
09/25/2014,EVV,IN,AGL,CE,Combined TRACON& Tower with Radar,1,17,16,0,34,0,9,17,0,26,1,26,33,0,60,0,0,0,60
09/26/2014,EVV,IN,AGL,CE,Combined TRACON& Tower with Radar,2,23,19,8,52,0,2,22,0,24,2,25,41,8,76,46,8,54,130
09/27/2014,EVV,IN,AGL,CE,Combined TRACON& Tower with Radar,2,11,7,0,20,0,4,19,0,23,2,15,26,0,43,0,0,0,43
09/28/2014,EVV,IN,AGL,CE,Combined TRACON& Tower with Radar,2,17,12,0,31,0,2,13,0,15,2,19,25,0,46,38,0,38,84
09/29/2014,EVV,IN,AGL,CE,Combined TRACON& Tower with Radar,3,27,6,4,40,0,0,12,0,12,3,27,18,4,52,0,0,0,52
09/30/2014,EVV,IN,AGL,CE,Combined TRACON& Tower with Radar,2,32,18,2,54,0,5,14,0,19,2,37,32,2,73,0,0,0,73
10/01/2014,EVV,IN,AGL,CE,Combined TRACON& Tower with Radar,2,27,15,0,44,0,2,14,0,16,2,29,29,0,60,0,0,0,60
10/02/2014,EVV,IN,AGL,CE,Combined TRACON& Tower with Radar,2,27,23,1,53,0,4,5,0,9,2,31,28,1,62,0,0,0,62
10/03/2014,EVV,IN,AGL,CE,Combined TRACON& Tower with Radar,4,31,14,3,52,0,0,10,0,10,4,31,24,3,62,0,0,0,62
10/04/2014,EVV,IN,AGL,CE,Combined TRACON& Tower with Radar,2,15,10,2,29,0,0,14,1,15,2,15,24,3,44,0,0,0,44
10/05/2014,EVV,IN,AGL,CE,Combined TRACON& Tower with Radar,2,24,7,1,34,0,5,4,0,9,2,29,11,1,43,26,0,26,69
10/06/2014,EVV,IN,AGL,CE,Combined TRACON& Tower with Radar,2,37,14,0,53,0,0,2,0,2,2,37,16,0,55,0,0,0,55
10/07/2014,EVV,IN,AGL,CE,Combined TRACON& Tower with Radar,2,36,23,0,61,0,1,9,0,10,2,37,32,0,71,40,0,40,111
10/08/2014,EVV,IN,AGL,CE,Combined TRACON& Tower with Radar,2,41,15,0,58,0,1,22,0,23,2,42,37,0,81,0,0,0,81
10/09/2014,EVV,IN,AGL,CE,Combined TRACON& Tower with Radar,2,40,20,0,62,0,0,15,0,15,2,40,35,0,77,0,0,0,77
10/10/2014,EVV,IN,AGL,CE,Combined TRACON& Tower with Radar,2,37,18,0,57,0,0,0,0,0,2,37,18,0,57,0,0,0,57
10/11/2014,EVV,IN,AGL,CE,Combined TRACON& Tower with Radar,2,13,9,1,25,0,4,13,0,17,2,17,22,1,42,16,0,16,58
10/12/2014,EVV,IN,AGL,CE,Combined TRACON& Tower with Radar,2,27,9,0,38,0,3,11,0,14,2,30,20,0,52,0,0,0,52
10/13/2014,EVV,IN,AGL,CE,Combined TRACON& Tower with Radar,2,26,14,0,42,0,0,14,0,14,2,26,28,0,56,0,0,0,56
10/14/2014,EVV,IN,AGL,CE,Combined TRACON& Tower with Radar,2,29,37,0,68,0,1,5,0,6,2,30,42,0,74,0,0,0,74
10/15/2014,EVV,IN,AGL,CE,Combined TRACON& Tower with Radar,2,32,23,1,58,0,0,1,0,1,2,32,24,1,59,0,0,0,59
10/16/2014,EVV,IN,AGL,CE,Combined TRACON& Tower with Radar,2,34,34,2,72,0,2,8,1,11,2,36,42,3,83,0,0,0,83
10/17/2014,EVV,IN,AGL,CE,Combined TRACON& Tower with Radar,2,36,17,0,55,0,3,11,0,14,2,39,28,0,69,0,0,0,69
10/18/2014,EVV,IN,AGL,CE,Combined TRACON& Tower with Radar,2,18,14,0,34,0,2,12,0,14,2,20,26,0,48,0,0,0,48
10/19/2014,EVV,IN,AGL,CE,Combined TRACON& Tower with Radar,2,27,21,0,50,0,0,18,0,18,2,27,39,0,68,26,0,26,94
10/20/2014,EVV,IN,AGL,CE,Combined TRACON& Tower with Radar,2,37,26,0,65,0,3,3,0,6,2,40,29,0,71,42,0,42,113
10/21/2014,EVV,IN,AGL,CE,Combined TRACON& Tower with Radar,2,36,29,1,68,0,1,16,0,17,2,37,45,1,85,0,0,0,85
10/22/2014,EVV,IN,AGL,CE,Combined TRACON& Tower with Radar,2,31,16,1,50,0,1,9,0,10,2,32,25,1,60,0,0,0,60
10/23/2014,EVV,IN,AGL,CE,Combined TRACON& Tower with Radar,2,34,36,6,78,0,0,9,0,9,2,34,45,6,87,0,0,0,87
10/24/2014,EVV,IN,AGL,CE,Combined TRACON& Tower with Radar,2,32,27,12,73,0,2,20,0,22,2,34,47,12,95,60,26,86,181
10/25/2014,EVV,IN,AGL,CE,Combined TRACON& Tower with Radar,5,16,15,0,36,0,0,13,0,13,5,16,28,0,49,0,0,0,49
10/26/2014,EVV,IN,AGL,CE,Combined TRACON& Tower with Radar,2,29,10,0,41,0,0,29,0,29,2,29,39,0,70,50,0,50,120
10/27/2014,EVV,IN,AGL,CE,Combined TRACON& Tower with Radar,2,32,17,9,60,0,0,4,0,4,2,32,21,9,64,0,14,14,78
10/28/2014,EVV,IN,AGL,CE,Combined TRACON& Tower with Radar,2,34,19,1,56,0,1,5,0,6,2,35,24,1,62,0,0,0,62
10/29/2014,EVV,IN,AGL,CE,Combined TRACON& Tower with Radar,1,25,12,7,45,0,0,14,0,14,1,25,26,7,59,0,0,0,59
10/30/2014,EVV,IN,AGL,CE,Combined TRACON& Tower with Radar,1,31,12,0,44,0,0,15,8,23,1,31,27,8,67,0,0,0,67
10/31/2014,EVV,IN,AGL,CE,Combined TRACON& Tower with Radar,2,33,17,0,52,0,0,6,0,6,2,33,23,0,58,0,0,0,58
11/01/2014,EVV,IN,AGL,CE,Combined TRACON& Tower with Radar,2,20,6,0,28,0,5,12,0,17,2,25,18,0,45,16,0,16,61
11/02/2014,EVV,IN,AGL,CE,Combined TRACON& Tower with Radar,2,25,13,0,40,0,1,6,0,7,2,26,19,0,47,20,0,20,67
11/03/2014,EVV,IN,AGL,CE,Combined TRACON& Tower with Radar,3,33,15,0,51,0,11,24,0,35,3,44,39,0,86,102,0,102,188
11/04/2014,EVV,IN,AGL,CE,Combined TRACON& Tower with Radar,5,32,21,0,58,0,1,1,0,2,5,33,22,0,60,0,0,0,60
11/05/2014,EVV,IN,AGL,CE,Combined TRACON& Tower with Radar,2,34,21,0,57,0,2,1,0,3,2,36,22,0,60,0,0,0,60
11/06/2014,EVV,IN,AGL,CE,Combined TRACON& Tower with Radar,4,34,12,0,50,0,2,2,0,4,4,36,14,0,54,0,0,0,54
11/07/2014,EVV,IN,AGL,CE,Combined TRACON& Tower with Radar,2,32,14,5,53,0,4,25,0,29,2,36,39,5,82,8,0,8,90
11/08/2014,EVV,IN,AGL,CE,Combined TRACON& Tower with Radar,2,19,16,0,37,0,1,14,0,15,2,20,30,0,52,0,0,0,52
11/09/2014,EVV,IN,AGL,CE,Combined TRACON& Tower with Radar,2,26,13,0,41,0,0,12,0,12,2,26,25,0,53,0,0,0,53
11/10/2014,EVV,IN,AGL,CE,Combined TRACON& Tower with Radar,2,32,23,0,57,0,0,14,0,14,2,32,37,0,71,1,0,1,72
11/11/2014,EVV,IN,AGL,CE,Combined TRACON& Tower with Radar,2,31,18,0,51,0,2,5,0,7,2,33,23,0,58,0,0,0,58
11/12/2014,EVV,IN,AGL,CE,Combined TRACON& Tower with Radar,2,26,19,2,49,0,0,13,0,13,2,26,32,2,62,24,0,24,86
11/13/2014,EVV,IN,AGL,CE,Combined TRACON& Tower with Radar,2,31,14,2,49,0,0,22,0,22,2,31,36,2,71,0,0,0,71
11/14/2014,EVV,IN,AGL,CE,Combined TRACON& Tower with Radar,2,35,22,12,71,0,2,20,0,22,2,37,42,12,93,0,0,0,93
11/15/2014,EVV,IN,AGL,CE,Combined TRACON& Tower with Radar,2,22,17,0,41,0,0,14,0,14,2,22,31,0,55,0,0,0,55
11/16/2014,EVV,IN,AGL,CE,Combined TRACON& Tower with Radar,2,26,12,0,40,0,0,9,0,9,2,26,21,0,49,48,0,48,97
11/17/2014,EVV,IN,AGL,CE,Combined TRACON& Tower with Radar,4,29,12,11,56,0,2,6,1,9,4,31,18,12,65,26,12,38,103
11/18/2014,EVV,IN,AGL,CE,Combined TRACON& Tower with Radar,4,28,6,0,38,0,2,12,0,14,4,30,18,0,52,30,0,30,82
11/19/2014,EVV,IN,AGL,CE,Combined TRACON& Tower with Radar,2,26,12,3,43,0,2,10,5,17,2,28,22,8,60,12,0,12,72
11/20/2014,EVV,IN,AGL,CE,Combined TRACON& Tower with Radar,3,39,19,1,62,0,7,14,0,21,3,46,33,1,83,0,0,0,83
11/21/2014,EVV,IN,AGL,CE,Combined TRACON& Tower with Radar,6,41,28,3,78,0,0,16,0,16,6,41,44,3,94,54,0,54,148
11/22/2014,EVV,IN,AGL,CE,Combined TRACON& Tower with Radar,5,17,8,0,30,0,7,6,0,13,5,24,14,0,43,0,0,0,43
11/23/2014,EVV,IN,AGL,CE,Combined TRACON& Tower with Radar,2,24,8,0,34,0,0,0,0,0,2,24,8,0,34,0,0,0,34
11/24/2014,EVV,IN,AGL,CE,Combined TRACON& Tower with Radar,2,21,10,0,33,0,0,5,0,5,2,21,15,0,38,0,0,0,38
11/25/2014,EVV,IN,AGL,CE,Combined TRACON& Tower with Radar,7,33,21,0,61,0,1,6,0,7,7,34,27,0,68,0,0,0,68
11/26/2014,EVV,IN,AGL,CE,Combined TRACON& Tower with Radar,2,32,8,0,42,0,0,2,0,2,2,32,10,0,44,22,0,22,66
11/27/2014,EVV,IN,AGL,CE,Combined TRACON& Tower with Radar,2,10,2,0,14,0,3,0,0,3,2,13,2,0,17,0,0,0,17
11/28/2014,EVV,IN,AGL,CE,Combined TRACON& Tower with Radar,2,22,8,0,32,0,0,8,0,8,2,22,16,0,40,0,0,0,40
11/29/2014,EVV,IN,AGL,CE,Combined TRACON& Tower with Radar,2,25,10,0,37,0,0,2,0,2,2,25,12,0,39,0,0,0,39
11/30/2014,EVV,IN,AGL,CE,Combined TRACON& Tower with Radar,2,33,14,0,49,0,0,3,0,3,2,33,17,0,52,28,0,28,80
12/01/2014,EVV,IN,AGL,CE,Combined TRACON& Tower with Radar,1,24,2,0,27,0,0,0,0,0,1,24,2,0,27,0,0,0,27
12/02/2014,EVV,IN,AGL,CE,Combined TRACON& Tower with Radar,2,28,12,0,42,0,0,0,0,0,2,28,12,0,42,10,0,10,52
12/03/2014,EVV,IN,AGL,CE,Combined TRACON& Tower with Radar,2,27,20,5,54,0,0,14,0,14,2,27,34,5,68,0,0,0,68
12/04/2014,EVV,IN,AGL,CE,Combined TRACON& Tower with Radar,2,29,23,0,54,0,0,1,0,1,2,29,24,0,55,0,0,0,55
12/05/2014,EVV,IN,AGL,CE,Combined TRACON& Tower with Radar,2,29,8,0,39,0,0,0,0,0,2,29,8,0,39,0,0,0,39
12/06/2014,EVV,IN,AGL,CE,Combined TRACON& Tower with Radar,2,19,17,0,38,0,0,0,0,0,2,19,17,0,38,22,0,22,60
12/07/2014,EVV,IN,AGL,CE,Combined TRACON& Tower with Radar,2,24,11,8,45,0,0,14,0,14,2,24,25,8,59,14,8,22,81
12/08/2014,EVV,IN,AGL,CE,Combined TRACON& Tower with Radar,2,32,13,0,47,0,2,6,0,8,2,34,19,0,55,0,0,0,55
12/09/2014,EVV,IN,AGL,CE,Combined TRACON& Tower with Radar,2,30,15,2,49,0,3,7,0,10,2,33,22,2,59,0,0,0,59
12/10/2014,EVV,IN,AGL,CE,Combined TRACON& Tower with Radar,2,34,14,2,52,0,1,12,0,13,2,35,26,2,65,12,0,12,77
12/11/2014,EVV,IN,AGL,CE,Combined TRACON& Tower with Radar,2,35,20,5,62,0,4,10,3,17,2,39,30,8,79,0,0,0,79
12/12/2014,EVV,IN,AGL,CE,Combined TRACON& Tower with Radar,2,34,27,11,74,0,1,6,0,7,2,35,33,11,81,76,20,96,177
12/13/2014,EVV,IN,AGL,CE,Combined TRACON& Tower with Radar,2,19,10,0,31,0,1,6,0,7,2,20,16,0,38,28,0,28,66
12/14/2014,EVV,IN,AGL,CE,Combined TRACON& Tower with Radar,2,21,11,0,34,0,0,0,0,0,2,21,11,0,34,0,0,0,34
12/15/2014,EVV,IN,AGL,CE,Combined TRACON& Tower with Radar,2,27,15,0,44,0,1,2,0,3,2,28,17,0,47,0,0,0,47
12/16/2014,EVV,IN,AGL,CE,Combined TRACON& Tower with Radar,2,29,14,0,45,0,4,5,0,9,2,33,19,0,54,0,0,0,54
12/17/2014,EVV,IN,AGL,CE,Combined TRACON& Tower with Radar,2,31,31,6,70,0,4,3,0,7,2,35,34,6,77,32,0,32,109
12/18/2014,EVV,IN,AGL,CE,Combined TRACON& Tower with Radar,2,34,11,0,47,0,1,6,0,7,2,35,17,0,54,0,0,0,54
12/19/2014,EVV,IN,AGL,CE,Combined TRACON& Tower with Radar,1,28,20,9,58,0,4,14,0,18,1,32,34,9,76,0,0,0,76
12/20/2014,EVV,IN,AGL,CE,Combined TRACON& Tower with Radar,0,26,4,0,30,0,1,6,0,7,0,27,10,0,37,0,0,0,37
12/21/2014,EVV,IN,AGL,CE,Combined TRACON& Tower with Radar,0,30,3,0,33,0,0,20,0,20,0,30,23,0,53,40,0,40,93
12/22/2014,EVV,IN,AGL,CE,Combined TRACON& Tower with Radar,0,36,3,18,57,0,2,0,0,2,0,38,3,18,59,24,60,84,143
12/23/2014,EVV,IN,AGL,CE,Combined TRACON& Tower with Radar,0,14,13,0,27,0,0,6,0,6,0,14,19,0,33,32,0,32,65
12/24/2014,EVV,IN,AGL,CE,Combined TRACON& Tower with Radar,0,18,1,0,19,0,0,0,0,0,0,18,1,0,19,0,0,0,19
12/25/2014,EVV,IN,AGL,CE,Combined TRACON& Tower with Radar,0,16,4,0,20,0,1,7,0,8,0,17,11,0,28,0,0,0,28
12/26/2014,EVV,IN,AGL,CE,Combined TRACON& Tower with Radar,0,25,18,0,43,0,1,11,0,12,0,26,29,0,55,54,0,54,109
12/27/2014,EVV,IN,AGL,CE,Combined TRACON& Tower with Radar,0,28,10,0,38,0,0,0,0,0,0,28,10,0,38,44,0,44,82
12/28/2014,EVV,IN,AGL,CE,Combined TRACON& Tower with Radar,0,25,6,0,31,0,0,0,0,0,0,25,6,0,31,44,0,44,75
12/29/2014,EVV,IN,AGL,CE,Combined TRACON& Tower with Radar,0,29,10,0,39,0,1,1,0,2,0,30,11,0,41,74,0,74,115
12/30/2014,EVV,IN,AGL,CE,Combined TRACON& Tower with Radar,0,29,14,0,43,0,0,10,0,10,0,29,24,0,53,44,0,44,97
12/31/2014,EVV,IN,AGL,CE,Combined TRACON& Tower with Radar,0,24,5,0,29,0,4,14,0,18,0,28,19,0,47,58,0,58,105
01/01/2015,EVV,IN,AGL,CE,Combined TRACON& Tower with Radar,0,23,4,0,27,0,1,3,0,4,0,24,7,0,31,58,0,58,89
01/02/2015,EVV,IN,AGL,CE,Combined TRACON& Tower with Radar,2,28,8,0,38,0,0,0,0,0,2,28,8,0,38,0,0,0,38
01/03/2015,EVV,IN,AGL,CE,Combined TRACON& Tower with Radar,0,26,5,0,31,0,0,0,0,0,0,26,5,0,31,0,0,0,31
01/04/2015,EVV,IN,AGL,CE,Combined TRACON& Tower with Radar,1,23,7,0,31,0,1,0,0,1,1,24,7,0,32,0,0,0,32
01/05/2015,EVV,IN,AGL,CE,Combined TRACON& Tower with Radar,2,22,1,0,25,0,5,8,0,13,2,27,9,0,38,42,0,42,80
01/06/2015,EVV,IN,AGL,CE,Combined TRACON& Tower with Radar,2,28,14,0,44,0,4,0,0,4,2,32,14,0,48,72,0,72,120
01/07/2015,EVV,IN,AGL,CE,Combined TRACON& Tower with Radar,2,30,18,0,50,0,2,2,0,4,2,32,20,0,54,8,0,8,62
01/08/2015,EVV,IN,AGL,CE,Combined TRACON& Tower with Radar,2,26,23,0,51,0,1,3,0,4,2,27,26,0,55,0,0,0,55
01/09/2015,EVV,IN,AGL,CE,Combined TRACON& Tower with Radar,2,28,20,2,52,0,6,11,0,17,2,34,31,2,69,128,0,128,197
01/10/2015,EVV,IN,AGL,CE,Combined TRACON& Tower with Radar,2,20,5,4,31,0,4,13,0,17,2,24,18,4,48,60,0,60,108
01/11/2015,EVV,IN,AGL,CE,Combined TRACON& Tower with Radar,2,29,12,0,43,0,0,4,0,4,2,29,16,0,47,40,0,40,87
01/12/2015,EVV,IN,AGL,CE,Combined TRACON& Tower with Radar,1,28,6,0,35,0,1,0,0,1,1,29,6,0,36,38,0,38,74
01/13/2015,EVV,IN,AGL,CE,Combined TRACON& Tower with Radar,2,32,11,0,45,0,1,4,0,5,2,33,15,0,50,38,0,38,88
01/14/2015,EVV,IN,AGL,CE,Combined TRACON& Tower with Radar,2,33,15,4,54,0,0,6,0,6,2,33,21,4,60,46,0,46,106
01/15/2015,EVV,IN,AGL,CE,Combined TRACON& Tower with Radar,2,30,21,3,56,0,0,10,0,10,2,30,31,3,66,72,12,84,150
01/16/2015,EVV,IN,AGL,CE,Combined TRACON& Tower with Radar,2,28,27,0,57,0,6,28,0,34,2,34,55,0,91,142,0,142,233
01/17/2015,EVV,IN,AGL,CE,Combined TRACON& Tower with Radar,2,22,8,0,32,0,2,17,0,19,2,24,25,0,51,0,0,0,51
01/18/2015,EVV,IN,AGL,CE,Combined TRACON& Tower with Radar,2,20,9,0,31,0,1,12,0,13,2,21,21,0,44,0,0,0,44
01/19/2015,EVV,IN,AGL,CE,Combined TRACON& Tower with Radar,3,28,16,0,47,0,2,15,0,17,3,30,31,0,64,60,8,68,132
01/20/2015,EVV,IN,AGL,CE,Combined TRACON& Tower with Radar,2,27,15,3,47,0,1,20,0,21,2,28,35,3,68,0,0,0,68
01/21/2015,EVV,IN,AGL,CE,Combined TRACON& Tower with Radar,2,35,13,4,54,0,0,7,0,7,2,35,20,4,61,0,0,0,61
01/22/2015,EVV,IN,AGL,CE,Combined TRACON& Tower with Radar,2,31,25,3,61,0,2,5,0,7,2,33,30,3,68,4,0,4,72
01/23/2015,EVV,IN,AGL,CE,Combined TRACON& Tower with Radar,1,26,16,0,43,0,2,10,0,12,1,28,26,0,55,0,0,0,55
01/24/2015,EVV,IN,AGL,CE,Combined TRACON& Tower with Radar,2,22,18,0,42,0,5,11,0,16,2,27,29,0,58,0,0,0,58
01/25/2015,EVV,IN,AGL,CE,Combined TRACON& Tower with Radar,2,27,8,0,37,0,0,0,0,0,2,27,8,0,37,10,0,10,47
01/26/2015,EVV,IN,AGL,CE,Combined TRACON& Tower with Radar,2,22,7,1,32,0,3,0,0,3,2,25,7,1,35,52,0,52,87
01/27/2015,EVV,IN,AGL,CE,Combined TRACON& Tower with Radar,2,32,8,3,45,0,0,1,0,1,2,32,9,3,46,38,0,38,84
01/28/2015,EVV,IN,AGL,CE,Combined TRACON& Tower with Radar,2,34,14,0,50,0,9,18,0,27,2,43,32,0,77,0,0,0,77
01/29/2015,EVV,IN,AGL,CE,Combined TRACON& Tower with Radar,2,33,11,0,46,0,1,6,0,7,2,34,17,0,53,0,0,0,53
01/30/2015,EVV,IN,AGL,CE,Combined TRACON& Tower with Radar,2,28,20,0,50,0,6,11,0,17,2,34,31,0,67,8,0,8,75
01/31/2015,EVV,IN,AGL,CE,Combined TRACON& Tower with Radar,3,24,11,0,38,0,9,9,0,18,3,33,20,0,56,24,0,24,80
02/01/2015,EVV,IN,AGL,CE,Combined TRACON& Tower with Radar,2,11,4,2,19,0,0,0,0,0,2,11,4,2,19,32,0,32,51
02/02/2015,EVV,IN,AGL,CE,Combined TRACON& Tower with Radar,3,16,9,0,28,0,5,3,0,8,3,21,12,0,36,40,0,40,76
02/03/2015,EVV,IN,AGL,CE,Combined TRACON& Tower with Radar,2,27,9,4,42,0,14,13,1,28,2,41,22,5,70,126,8,134,204
02/04/2015,EVV,IN,AGL,CE,Combined TRACON& Tower with Radar,2,23,9,0,34,0,3,5,0,8,2,26,14,0,42,0,0,0,42
02/05/2015,EVV,IN,AGL,CE,Combined TRACON& Tower with Radar,2,31,17,11,61,0,9,2,0,11,2,40,19,11,72,58,0,58,130
02/06/2015,EVV,IN,AGL,CE,Combined TRACON& Tower with Radar,2,34,21,0,57,0,8,14,0,22,2,42,35,0,79,108,0,108,187
02/07/2015,EVV,IN,AGL,CE,Combined TRACON& Tower with Radar,2,20,6,0,28,0,5,11,0,16,2,25,17,0,44,10,0,10,54
02/08/2015,EVV,IN,AGL,CE,Combined TRACON& Tower with Radar,2,18,8,4,32,0,0,1,0,1,2,18,9,4,33,32,0,32,65
02/09/2015,EVV,IN,AGL,CE,Combined TRACON& Tower with Radar,2,31,7,3,43,0,1,1,0,2,2,32,8,3,45,0,0,0,45
02/10/2015,EVV,IN,AGL,CE,Combined TRACON& Tower with Radar,2,30,10,0,42,0,4,15,0,19,2,34,25,0,61,90,0,90,151
02/11/2015,EVV,IN,AGL,CE,Combined TRACON& Tower with Radar,3,28,31,1,63,0,4,4,0,8,3,32,35,1,71,0,0,0,71
02/12/2015,EVV,IN,AGL,CE,Combined TRACON& Tower with Radar,2,30,20,2,54,0,1,3,0,4,2,31,23,2,58,0,0,0,58
02/13/2015,EVV,IN,AGL,CE,Combined TRACON& Tower with Radar,2,35,12,0,49,0,2,8,0,10,2,37,20,0,59,0,0,0,59
02/14/2015,EVV,IN,AGL,CE,Combined TRACON& Tower with Radar,3,17,1,0,21,0,0,0,0,0,3,17,1,0,21,0,0,0,21
02/15/2015,EVV,IN,AGL,CE,Combined TRACON& Tower with Radar,4,22,6,0,32,0,2,4,0,6,4,24,10,0,38,34,0,34,72
02/16/2015,EVV,IN,AGL,CE,Combined TRACON& Tower with Radar,2,20,7,0,29,0,2,0,0,2,2,22,7,0,31,10,0,10,41
02/17/2015,EVV,IN,AGL,CE,Combined TRACON& Tower with Radar,2,28,11,0,41,0,2,1,0,3,2,30,12,0,44,0,0,0,44
02/18/2015,EVV,IN,AGL,CE,Combined TRACON& Tower with Radar,2,27,10,6,45,0,3,0,0,3,2,30,10,6,48,0,0,0,48
02/19/2015,EVV,IN,AGL,CE,Combined TRACON& Tower with Radar,2,32,8,0,42,0,3,5,0,8,2,35,13,0,50,0,0,0,50
02/20/2015,EVV,IN,AGL,CE,Combined TRACON& Tower with Radar,1,28,18,0,47,0,4,1,0,5,1,32,19,0,52,0,0,0,52
02/21/2015,EVV,IN,AGL,CE,Combined TRACON& Tower with Radar,3,18,2,0,23,0,2,0,0,2,3,20,2,0,25,0,0,0,25
02/22/2015,EVV,IN,AGL,CE,Combined TRACON& Tower with Radar,2,26,5,0,33,0,2,2,0,4,2,28,7,0,37,0,0,0,37
02/23/2015,EVV,IN,AGL,CE,Combined TRACON& Tower with Radar,2,25,18,0,45,0,9,17,2,28,2,34,35,2,73,72,0,72,145
02/24/2015,EVV,IN,AGL,CE,Combined TRACON& Tower with Radar,2,31,21,5,59,0,2,27,2,31,2,33,48,7,90,88,12,100,190
02/25/2015,EVV,IN,AGL,CE,Combined TRACON& Tower with Radar,2,27,21,0,50,0,4,16,0,20,2,31,37,0,70,0,0,0,70
02/26/2015,EVV,IN,AGL,CE,Combined TRACON& Tower with Radar,2,28,15,0,45,0,1,5,1,7,2,29,20,1,52,0,0,0,52
02/27/2015,EVV,IN,AGL,CE,Combined TRACON& Tower with Radar,2,29,13,0,44,0,1,14,1,16,2,30,27,1,60,58,0,58,118
02/28/2015,EVV,IN,AGL,CE,Combined TRACON& Tower with Radar,2,18,5,0,25,0,0,5,0,5,2,18,10,0,30,0,0,0,30
03/01/2015,EVV,IN,AGL,CE,Combined TRACON& Tower with Radar,2,24,4,0,30,0,1,2,0,3,2,25,6,0,33,6,0,6,39
03/02/2015,EVV,IN,AGL,CE,Combined TRACON& Tower with Radar,2,31,15,9,57,0,8,20,1,29,2,39,35,10,86,0,0,0,86
03/03/2015,EVV,IN,AGL,CE,Combined TRACON& Tower with Radar,2,31,7,0,40,0,0,0,0,0,2,31,7,0,40,0,0,0,40
03/04/2015,EVV,IN,AGL,CE,Combined TRACON& Tower with Radar,1,15,3,0,19,0,0,0,0,0,1,15,3,0,19,0,0,0,19
03/05/2015,EVV,IN,AGL,CE,Combined TRACON& Tower with Radar,2,24,15,0,41,0,7,9,1,17,2,31,24,1,58,0,0,0,58
03/06/2015,EVV,IN,AGL,CE,Combined TRACON& Tower with Radar,2,28,25,0,55,0,0,7,0,7,2,28,32,0,62,0,0,0,62
03/07/2015,EVV,IN,AGL,CE,Combined TRACON& Tower with Radar,2,22,7,0,31,0,2,8,0,10,2,24,15,0,41,24,0,24,65
03/08/2015,EVV,IN,AGL,CE,Combined TRACON& Tower with Radar,2,27,11,0,40,0,2,8,1,11,2,29,19,1,51,68,0,68,119
03/09/2015,EVV,IN,AGL,CE,Combined TRACON& Tower with Radar,2,34,14,8,58,0,1,4,0,5,2,35,18,8,63,154,0,154,217
03/10/2015,EVV,IN,AGL,CE,Combined TRACON& Tower with Radar,2,40,15,0,57,0,0,0,0,0,2,40,15,0,57,36,0,36,93
03/11/2015,EVV,IN,AGL,CE,Combined TRACON& Tower with Radar,3,27,30,0,60,0,0,11,0,11,3,27,41,0,71,0,0,0,71
03/12/2015,EVV,IN,AGL,CE,Combined TRACON& Tower with Radar,5,34,14,0,53,0,0,14,0,14,5,34,28,0,67,0,0,0,67
03/13/2015,EVV,IN,AGL,CE,Combined TRACON& Tower with Radar,2,32,12,0,46,0,0,0,0,0,2,32,12,0,46,0,0,0,46
03/14/2015,EVV,IN,AGL,CE,Combined TRACON& Tower with Radar,2,23,7,0,32,0,2,4,0,6,2,25,11,0,38,0,0,0,38
03/15/2015,EVV,IN,AGL,CE,Combined TRACON& Tower with Radar,2,27,11,0,40,0,2,8,1,11,2,29,19,1,51,16,0,16,67
03/16/2015,EVV,IN,AGL,CE,Combined TRACON& Tower with Radar,2,29,14,0,45,0,3,19,6,28,2,32,33,6,73,38,0,38,111
03/17/2015,EVV,IN,AGL,CE,Combined TRACON& Tower with Radar,2,29,23,0,54,0,1,8,0,9,2,30,31,0,63,0,0,0,63
03/18/2015,EVV,IN,AGL,CE,Combined TRACON& Tower with Radar,2,29,14,0,45,0,1,8,0,9,2,30,22,0,54,0,0,0,54
03/19/2015,EVV,IN,AGL,CE,Combined TRACON& Tower with Radar,2,33,14,0,49,0,1,5,0,6,2,34,19,0,55,0,0,0,55
03/20/2015,EVV,IN,AGL,CE,Combined TRACON& Tower with Radar,2,33,24,0,59,0,0,1,0,1,2,33,25,0,60,0,0,0,60
03/21/2015,EVV,IN,AGL,CE,Combined TRACON& Tower with Radar,2,25,17,0,44,0,4,25,0,29,2,29,42,0,73,146,0,146,219
03/22/2015,EVV,IN,AGL,CE,Combined TRACON& Tower with Radar,2,24,13,0,39,0,3,16,0,19,2,27,29,0,58,38,0,38,96
03/23/2015,EVV,IN,AGL,CE,Combined TRACON& Tower with Radar,2,30,14,7,53,0,16,19,0,35,2,46,33,7,88,16,8,24,112
03/24/2015,EVV,IN,AGL,CE,Combined TRACON& Tower with Radar,2,34,18,0,54,0,3,2,0,5,2,37,20,0,59,30,0,30,89
03/25/2015,EVV,IN,AGL,CE,Combined TRACON& Tower with Radar,2,36,17,2,57,0,5,11,0,16,2,41,28,2,73,44,0,44,117
03/26/2015,EVV,IN,AGL,CE,Combined TRACON& Tower with Radar,2,33,10,0,45,0,4,6,0,10,2,37,16,0,55,32,0,32,87
03/27/2015,EVV,IN,AGL,CE,Combined TRACON& Tower with Radar,2,29,12,2,45,0,1,7,0,8,2,30,19,2,53,84,0,84,137
03/28/2015,EVV,IN,AGL,CE,Combined TRACON& Tower with Radar,2,36,11,0,49,0,6,16,0,22,2,42,27,0,71,56,0,56,127
03/29/2015,EVV,IN,AGL,CE,Combined TRACON& Tower with Radar,2,31,12,0,45,0,4,9,2,15,2,35,21,2,60,64,0,64,124
03/30/2015,EVV,IN,AGL,CE,Combined TRACON& Tower with Radar,2,28,15,4,49,0,11,23,5,39,2,39,38,9,88,62,0,62,150
03/31/2015,EVV,IN,AGL,CE,Combined TRACON& Tower with Radar,2,36,12,0,50,0,2,14,1,17,2,38,26,1,67,88,0,88,155
04/01/2015,EVV,IN,AGL,CE,Combined TRACON& Tower with Radar,4,24,26,1,55,0,11,31,2,44,4,35,57,3,99,46,0,46,145
04/02/2015,EVV,IN,AGL,CE,Combined TRACON& Tower with Radar,5,29,14,10,58,0,1,2,0,3,5,30,16,10,61,0,12,12,73
04/03/2015,EVV,IN,AGL,CE,Combined TRACON& Tower with Radar,1,25,7,0,33,0,1,1,0,2,1,26,8,0,35,0,0,0,35
04/04/2015,EVV,IN,AGL,CE,Combined TRACON& Tower with Radar,2,34,9,0,45,0,6,17,0,23,2,40,26,0,68,94,0,94,162
04/05/2015,EVV,IN,AGL,CE,Combined TRACON& Tower with Radar,2,31,12,0,45,0,4,9,2,15,2,35,21,2,60,0,0,0,60
04/06/2015,EVV,IN,AGL,CE,Combined TRACON& Tower with Radar,4,24,23,0,51,0,2,7,0,9,4,26,30,0,60,10,0,10,70
04/07/2015,EVV,IN,AGL,CE,Combined TRACON& Tower with Radar,3,31,25,0,59,0,1,5,0,6,3,32,30,0,65,0,0,0,65
04/08/2015,EVV,IN,AGL,CE,Combined TRACON& Tower with Radar,4,29,12,0,45,0,0,6,0,6,4,29,18,0,51,14,0,14,65
04/09/2015,EVV,IN,AGL,CE,Combined TRACON& Tower with Radar,2,23,15,0,40,0,0,1,0,1,2,23,16,0,41,0,0,0,41
04/10/2015,EVV,IN,AGL,CE,Combined TRACON& Tower with Radar,4,27,14,0,45,0,5,20,0,25,4,32,34,0,70,120,0,120,190
04/11/2015,EVV,IN,AGL,CE,Combined TRACON& Tower with Radar,2,16,18,0,36,0,2,23,0,25,2,18,41,0,61,16,0,16,77
04/12/2015,EVV,IN,AGL,CE,Combined TRACON& Tower with Radar,3,26,15,0,44,0,1,8,0,9,3,27,23,0,53,0,0,0,53
04/13/2015,EVV,IN,AGL,CE,Combined TRACON& Tower with Radar,4,30,14,21,69,0,1,4,0,5,4,31,18,21,74,44,0,44,118
04/14/2015,EVV,IN,AGL,CE,Combined TRACON& Tower with Radar,5,29,28,0,62,0,2,9,0,11,5,31,37,0,73,0,0,0,73
04/15/2015,EVV,IN,AGL,CE,Combined TRACON& Tower with Radar,4,32,26,0,62,0,1,13,0,14,4,33,39,0,76,0,0,0,76
04/16/2015,EVV,IN,AGL,CE,Combined TRACON& Tower with Radar,3,26,28,0,57,0,7,6,0,13,3,33,34,0,70,6,0,6,76
04/17/2015,EVV,IN,AGL,CE,Combined TRACON& Tower with Radar,4,27,20,4,55,0,3,16,0,19,4,30,36,4,74,106,0,106,180
04/18/2015,EVV,IN,AGL,CE,Combined TRACON& Tower with Radar,2,21,10,5,38,0,5,13,2,20,2,26,23,7,58,76,0,76,134
04/19/2015,EVV,IN,AGL,CE,Combined TRACON& Tower with Radar,4,18,9,0,31,0,1,0,0,1,4,19,9,0,32,0,0,0,32
04/20/2015,EVV,IN,AGL,CE,Combined TRACON& Tower with Radar,4,38,18,10,70,0,22,13,0,35,4,60,31,10,105,98,22,120,225
04/21/2015,EVV,IN,AGL,CE,Combined TRACON& Tower with Radar,4,26,27,0,57,0,3,23,0,26,4,29,50,0,83,0,0,0,83
04/22/2015,EVV,IN,AGL,CE,Combined TRACON& Tower with Radar,4,30,29,1,64,0,4,16,0,20,4,34,45,1,84,0,0,0,84
04/23/2015,EVV,IN,AGL,CE,Combined TRACON& Tower with Radar,4,35,17,1,57,0,4,19,0,23,4,39,36,1,80,0,0,0,80
04/24/2015,EVV,IN,AGL,CE,Combined TRACON& Tower with Radar,4,33,14,2,53,0,5,10,0,15,4,38,24,2,68,44,0,44,112
04/25/2015,EVV,IN,AGL,CE,Combined TRACON& Tower with Radar,2,16,3,0,21,0,0,1,0,1,2,16,4,0,22,52,0,52,74
04/26/2015,EVV,IN,AGL,CE,Combined TRACON& Tower with Radar,4,19,9,0,32,0,4,18,0,22,4,23,27,0,54,74,0,74,128
04/27/2015,EVV,IN,AGL,CE,Combined TRACON& Tower with Radar,3,25,15,0,43,0,5,31,0,36,3,30,46,0,79,110,0,110,189
04/28/2015,EVV,IN,AGL,CE,Combined TRACON& Tower with Radar,4,27,19,6,56,0,0,26,0,26,4,27,45,6,82,94,0,94,176
04/29/2015,EVV,IN,AGL,CE,Combined TRACON& Tower with Radar,4,26,26,0,56,0,3,17,0,20,4,29,43,0,76,0,0,0,76
04/30/2015,EVV,IN,AGL,CE,Combined TRACON& Tower with Radar,4,29,13,0,46,0,4,15,0,19,4,33,28,0,65,0,0,0,65
05/01/2015,EVV,IN,AGL,CE,Combined TRACON& Tower with Radar,4,32,14,2,52,0,1,22,0,23,4,33,36,2,75,142,0,142,217
05/02/2015,EVV,IN,AGL,CE,Combined TRACON& Tower with Radar,2,17,9,1,29,0,1,21,1,23,2,18,30,2,52,100,0,100,152
05/03/2015,EVV,IN,AGL,CE,Combined TRACON& Tower with Radar,3,23,22,0,48,0,1,18,0,19,3,24,40,0,67,82,0,82,149
05/04/2015,EVV,IN,AGL,CE,Combined TRACON& Tower with Radar,4,26,16,0,46,0,6,13,0,19,4,32,29,0,65,122,0,122,187
05/05/2015,EVV,IN,AGL,CE,Combined TRACON& Tower with Radar,4,24,19,0,47,0,2,9,0,11,4,26,28,0,58,36,0,36,94
05/06/2015,EVV,IN,AGL,CE,Combined TRACON& Tower with Radar,3,22,23,0,48,0,3,22,0,25,3,25,45,0,73,0,0,0,73
05/07/2015,EVV,IN,AGL,CE,Combined TRACON& Tower with Radar,1,23,24,0,48,0,4,16,0,20,1,27,40,0,68,0,0,0,68
05/08/2015,EVV,IN,AGL,CE,Combined TRACON& Tower with Radar,2,24,14,0,40,0,0,8,0,8,2,24,22,0,48,40,0,40,88
05/09/2015,EVV,IN,AGL,CE,Combined TRACON& Tower with Radar,2,16,8,0,26,0,1,10,0,11,2,17,18,0,37,34,0,34,71
05/10/2015,EVV,IN,AGL,CE,Combined TRACON& Tower with Radar,2,20,8,0,30,0,1,1,0,2,2,21,9,0,32,0,0,0,32
05/11/2015,EVV,IN,AGL,CE,Combined TRACON& Tower with Radar,2,37,10,0,49,0,0,7,0,7,2,37,17,0,56,0,0,0,56
05/12/2015,EVV,IN,AGL,CE,Combined TRACON& Tower with Radar,2,32,29,2,65,0,0,21,0,21,2,32,50,2,86,90,2,92,178
05/13/2015,EVV,IN,AGL,CE,Combined TRACON& Tower with Radar,4,30,17,19,70,0,5,32,0,37,4,35,49,19,107,144,22,166,273
05/14/2015,EVV,IN,AGL,CE,Combined TRACON& Tower with Radar,2,34,15,1,52,0,3,11,0,14,2,37,26,1,66,96,0,96,162
05/15/2015,EVV,IN,AGL,CE,Combined TRACON& Tower with Radar,2,30,8,0,40,0,1,8,0,9,2,31,16,0,49,0,0,0,49
05/16/2015,EVV,IN,AGL,CE,Combined TRACON& Tower with Radar,2,16,4,0,22,0,0,1,0,1,2,16,5,0,23,0,0,0,23
05/17/2015,EVV,IN,AGL,CE,Combined TRACON& Tower with Radar,2,25,12,0,39,0,1,1,1,3,2,26,13,1,42,0,0,0,42
05/18/2015,EVV,IN,AGL,CE,Combined TRACON& Tower with Radar,1,32,5,0,38,0,0,5,0,5,1,32,10,0,43,32,0,32,75
05/19/2015,EVV,IN,AGL,CE,Combined TRACON& Tower with Radar,2,33,17,2,54,0,6,21,3,30,2,39,38,5,84,106,0,106,190
05/20/2015,EVV,IN,AGL,CE,Combined TRACON& Tower with Radar,2,34,23,0,59,0,0,8,0,8,2,34,31,0,67,0,0,0,67
05/21/2015,EVV,IN,AGL,CE,Combined TRACON& Tower with Radar,2,26,35,0,63,0,1,12,0,13,2,27,47,0,76,18,0,18,94
05/22/2015,EVV,IN,AGL,CE,Combined TRACON& Tower with Radar,3,32,28,0,63,0,4,29,0,33,3,36,57,0,96,0,0,0,96
05/23/2015,EVV,IN,AGL,CE,Combined TRACON& Tower with Radar,5,14,18,0,37,0,2,13,0,15,5,16,31,0,52,26,0,26,78
05/24/2015,EVV,IN,AGL,CE,Combined TRACON& Tower with Radar,2,21,14,0,37,0,5,8,0,13,2,26,22,0,50,56,0,56,106
05/25/2015,EVV,IN,AGL,CE,Combined TRACON& Tower with Radar,4,26,8,0,38,0,3,3,0,6,4,29,11,0,44,22,0,22,66
05/26/2015,EVV,IN,AGL,CE,Combined TRACON& Tower with Radar,2,31,13,7,53,0,4,6,0,10,2,35,19,7,63,0,0,0,63
05/27/2015,EVV,IN,AGL,CE,Combined TRACON& Tower with Radar,3,29,20,2,54,0,4,11,1,16,3,33,31,3,70,6,2,8,78
05/28/2015,EVV,IN,AGL,CE,Combined TRACON& Tower with Radar,2,36,19,21,78,0,2,21,0,23,2,38,40,21,101,0,0,0,101
05/29/2015,EVV,IN,AGL,CE,Combined TRACON& Tower with Radar,3,28,16,28,75,0,6,21,0,27,3,34,37,28,102,12,34,46,148
05/30/2015,EVV,IN,AGL,CE,Combined TRACON& Tower with Radar,6,20,6,0,32,0,0,17,0,17,6,20,23,0,49,0,0,0,49
05/31/2015,EVV,IN,AGL,CE,Combined TRACON& Tower with Radar,1,23,15,0,39,0,3,1,0,4,1,26,16,0,43,0,0,0,43
06/01/2015,EVV,IN,AGL,CE,Combined TRACON& Tower with Radar,2,36,13,0,51,0,0,2,0,2,2,36,15,0,53,78,0,78,131
06/02/2015,EVV,IN,AGL,CE,Combined TRACON& Tower with Radar,2,29,39,5,75,0,5,10,0,15,2,34,49,5,90,0,0,0,90
06/03/2015,EVV,IN,AGL,CE,Combined TRACON& Tower with Radar,2,34,18,0,54,0,5,13,0,18,2,39,31,0,72,0,0,0,72
06/04/2015,EVV,IN,AGL,CE,Combined TRACON& Tower with Radar,5,26,16,0,47,0,3,13,0,16,5,29,29,0,63,120,0,120,183
06/05/2015,EVV,IN,AGL,CE,Combined TRACON& Tower with Radar,2,14,21,1,38,0,5,14,0,19,2,19,35,1,57,32,0,32,89
06/06/2015,EVV,IN,AGL,CE,Combined TRACON& Tower with Radar,2,13,12,27,54,0,1,14,0,15,2,14,26,27,69,62,80,142,211
06/07/2015,EVV,IN,AGL,CE,Combined TRACON& Tower with Radar,3,19,11,6,39,0,2,7,2,11,3,21,18,8,50,42,10,52,102
06/08/2015,EVV,IN,AGL,CE,Combined TRACON& Tower with Radar,3,20,20,0,43,0,7,3,0,10,3,27,23,0,53,12,0,12,65
06/09/2015,EVV,IN,AGL,CE,Combined TRACON& Tower with Radar,2,14,18,0,34,0,8,24,3,35,2,22,42,3,69,0,0,0,69
06/10/2015,EVV,IN,AGL,CE,Combined TRACON& Tower with Radar,5,16,16,6,43,0,1,24,1,26,5,17,40,7,69,20,0,20,89
06/11/2015,EVV,IN,AGL,CE,Combined TRACON& Tower with Radar,3,20,11,3,37,0,4,10,0,14,3,24,21,3,51,0,8,8,59
06/12/2015,EVV,IN,AGL,CE,Combined TRACON& Tower with Radar,5,21,12,5,43,0,1,14,0,15,5,22,26,5,58,0,0,0,58
06/13/2015,EVV,IN,AGL,CE,Combined TRACON& Tower with Radar,3,18,12,0,33,0,0,6,0,6,3,18,18,0,39,22,0,22,61
06/14/2015,EVV,IN,AGL,CE,Combined TRACON& Tower with Radar,5,16,11,12,44,0,2,5,0,7,5,18,16,12,51,16,22,38,89
06/15/2015,EVV,IN,AGL,CE,Combined TRACON& Tower with Radar,4,15,26,0,45,0,4,5,0,9,4,19,31,0,54,0,0,0,54
06/16/2015,EVV,IN,AGL,CE,Combined TRACON& Tower with Radar,6,16,22,0,44,0,0,3,0,3,6,16,25,0,47,0,0,0,47
06/17/2015,EVV,IN,AGL,CE,Combined TRACON& Tower with Radar,4,20,21,1,46,0,3,4,0,7,4,23,25,1,53,0,0,0,53
06/18/2015,EVV,IN,AGL,CE,Combined TRACON& Tower with Radar,2,21,23,7,53,0,1,11,0,12,2,22,34,7,65,10,26,36,101
06/19/2015,EVV,IN,AGL,CE,Combined TRACON& Tower with Radar,6,31,9,0,46,0,3,8,0,11,6,34,17,0,57,36,0,36,93
06/20/2015,EVV,IN,AGL,CE,Combined TRACON& Tower with Radar,4,23,8,0,35,0,0,0,0,0,4,23,8,0,35,0,0,0,35
06/21/2015,EVV,IN,AGL,CE,Combined TRACON& Tower with Radar,3,31,11,0,45,0,2,12,0,14,3,33,23,0,59,0,0,0,59
06/22/2015,EVV,IN,AGL,CE,Combined TRACON& Tower with Radar,6,25,12,14,57,0,9,15,0,24,6,34,27,14,81,122,12,134,215
06/23/2015,EVV,IN,AGL,CE,Combined TRACON& Tower with Radar,6,35,20,2,63,0,3,12,2,17,6,38,32,4,80,60,0,60,140
06/24/2015,EVV,IN,AGL,CE,Combined TRACON& Tower with Radar,4,41,24,8,77,0,7,23,0,30,4,48,47,8,107,148,8,156,263
06/25/2015,EVV,IN,AGL,CE,Combined TRACON& Tower with Radar,6,33,17,6,62,0,7,17,12,36,6,40,34,18,98,162,16,178,276
06/26/2015,EVV,IN,AGL,CE,Combined TRACON& Tower with Radar,6,31,10,2,49,0,7,19,0,26,6,38,29,2,75,96,4,100,175
06/27/2015,EVV,IN,AGL,CE,Combined TRACON& Tower with Radar,4,27,8,1,40,0,5,28,1,34,4,32,36,2,74,152,0,152,226
06/28/2015,EVV,IN,AGL,CE,Combined TRACON& Tower with Radar,4,33,12,3,52,0,5,30,0,35,4,38,42,3,87,190,0,190,277
06/29/2015,EVV,IN,AGL,CE,Combined TRACON& Tower with Radar,8,25,22,4,59,0,3,8,0,11,8,28,30,4,70,58,0,58,128
06/30/2015,EVV,IN,AGL,CE,Combined TRACON& Tower with Radar,6,27,16,0,49,0,0,9,0,9,6,27,25,0,58,0,0,0,58
07/01/2015,EVV,IN,AGL,CE,Combined TRACON& Tower with Radar,4,35,19,0,58,0,2,3,0,5,4,37,22,0,63,18,0,18,81
07/02/2015,EVV,IN,AGL,CE,Combined TRACON& Tower with Radar,3,20,11,3,37,0,4,10,0,14,3,24,21,3,51,0,0,0,51
07/03/2015,EVV,IN,AGL,CE,Combined TRACON& Tower with Radar,5,21,12,5,43,0,1,14,0,15,5,22,26,5,58,0,0,0,58
07/04/2015,EVV,IN,AGL,CE,Combined TRACON& Tower with Radar,3,18,12,0,33,0,0,6,0,6,3,18,18,0,39,24,0,24,63
07/05/2015,EVV,IN,AGL,CE,Combined TRACON& Tower with Radar,5,16,11,12,44,0,2,5,0,7,5,18,16,12,51,56,0,56,107
07/06/2015,EVV,IN,AGL,CE,Combined TRACON& Tower with Radar,3,24,20,0,47,0,1,52,0,53,3,25,72,0,100,62,0,62,162
07/07/2015,EVV,IN,AGL,CE,Combined TRACON& Tower with Radar,4,34,12,0,50,0,0,1,0,1,4,34,13,0,51,0,0,0,51
07/08/2015,EVV,IN,AGL,CE,Combined TRACON& Tower with Radar,4,34,35,0,73,0,0,11,0,11,4,34,46,0,84,0,0,0,84
07/09/2015,EVV,IN,AGL,CE,Combined TRACON& Tower with Radar,3,41,32,4,80,0,0,33,0,33,3,41,65,4,113,40,0,40,153
07/10/2015,EVV,IN,AGL,CE,Combined TRACON& Tower with Radar,3,34,14,0,51,0,0,40,0,40,3,34,54,0,91,0,0,0,91
07/11/2015,EVV,IN,AGL,CE,Combined TRACON& Tower with Radar,4,23,13,2,42,0,3,26,5,34,4,26,39,7,76,114,12,126,202
07/12/2015,EVV,IN,AGL,CE,Combined TRACON& Tower with Radar,3,32,12,7,54,0,1,15,0,16,3,33,27,7,70,30,0,30,100
07/13/2015,EVV,IN,AGL,CE,Combined TRACON& Tower with Radar,2,34,26,0,62,0,8,17,2,27,2,42,43,2,89,0,0,0,89
07/14/2015,EVV,IN,AGL,CE,Combined TRACON& Tower with Radar,3,37,20,0,60,0,1,16,2,19,3,38,36,2,79,0,0,0,79
07/15/2015,EVV,IN,AGL,CE,Combined TRACON& Tower with Radar,4,35,15,0,54,0,4,156,0,160,4,39,171,0,214,8,0,8,222
07/16/2015,EVV,IN,AGL,CE,Combined TRACON& Tower with Radar,4,33,23,1,61,0,9,16,1,26,4,42,39,2,87,12,0,12,99
07/17/2015,EVV,IN,AGL,CE,Combined TRACON& Tower with Radar,4,31,19,2,56,0,1,25,1,27,4,32,44,3,83,0,0,0,83
07/18/2015,EVV,IN,AGL,CE,Combined TRACON& Tower with Radar,4,21,9,8,42,0,5,13,0,18,4,26,22,8,60,0,8,8,68
07/19/2015,EVV,IN,AGL,CE,Combined TRACON& Tower with Radar,4,29,13,0,46,0,2,5,1,8,4,31,18,1,54,0,0,0,54
07/20/2015,EVV,IN,AGL,CE,Combined TRACON& Tower with Radar,4,35,22,0,61,0,0,2,0,2,4,35,24,0,63,0,0,0,63
07/21/2015,EVV,IN,AGL,CE,Combined TRACON& Tower with Radar,3,31,19,2,55,0,1,12,0,13,3,32,31,2,68,0,0,0,68
07/22/2015,EVV,IN,AGL,CE,Combined TRACON& Tower with Radar,4,36,19,0,59,0,1,46,4,51,4,37,65,4,110,0,0,0,110
07/23/2015,EVV,IN,AGL,CE,Combined TRACON& Tower with Radar,4,34,17,1,56,0,3,20,1,24,4,37,37,2,80,10,0,10,90
07/24/2015,EVV,IN,AGL,CE,Combined TRACON& Tower with Radar,4,33,20,31,88,0,3,13,0,16,4,36,33,31,104,0,24,24,128
07/25/2015,EVV,IN,AGL,CE,Combined TRACON& Tower with Radar,4,28,13,0,45,0,0,17,0,17,4,28,30,0,62,0,0,0,62
07/26/2015,EVV,IN,AGL,CE,Combined TRACON& Tower with Radar,4,30,12,8,54,0,2,6,0,8,4,32,18,8,62,0,0,0,62
07/27/2015,EVV,IN,AGL,CE,Combined TRACON& Tower with Radar,4,30,10,0,44,0,2,9,0,11,4,32,19,0,55,0,0,0,55
07/28/2015,EVV,IN,AGL,CE,Combined TRACON& Tower with Radar,4,30,31,10,75,0,0,32,0,32,4,30,63,10,107,0,8,8,115
07/29/2015,EVV,IN,AGL,CE,Combined TRACON& Tower with Radar,4,30,13,10,57,0,2,15,0,17,4,32,28,10,74,0,0,0,74
07/30/2015,EVV,IN,AGL,CE,Combined TRACON& Tower with Radar,6,30,14,0,50,0,2,25,1,28,6,32,39,1,78,0,0,0,78
07/31/2015,EVV,IN,AGL,CE,Combined TRACON& Tower with Radar,3,31,16,0,50,0,1,23,2,26,3,32,39,2,76,160,0,160,236
08/01/2015,EVV,IN,AGL,CE,Combined TRACON& Tower with Radar,4,25,12,0,41,0,3,25,0,28,4,28,37,0,69,0,0,0,69
08/02/2015,EVV,IN,AGL,CE,Combined TRACON& Tower with Radar,4,30,6,0,40,0,6,20,0,26,4,36,26,0,66,10,0,10,76
08/03/2015,EVV,IN,AGL,CE,Combined TRACON& Tower with Radar,4,32,14,0,50,0,2,10,0,12,4,34,24,0,62,0,0,0,62
08/04/2015,EVV,IN,AGL,CE,Combined TRACON& Tower with Radar,6,35,10,0,51,0,3,12,0,15,6,38,22,0,66,0,0,0,66
08/05/2015,EVV,IN,AGL,CE,Combined TRACON& Tower with Radar,4,35,23,0,62,0,2,1,0,3,4,37,24,0,65,0,0,0,65
08/06/2015,EVV,IN,AGL,CE,Combined TRACON& Tower with Radar,4,42,23,6,75,0,1,0,0,1,4,43,23,6,76,0,0,0,76
08/07/2015,EVV,IN,AGL,CE,Combined TRACON& Tower with Radar,4,38,12,10,64,0,2,11,1,14,4,40,23,11,78,118,26,144,222
08/08/2015,EVV,IN,AGL,CE,Combined TRACON& Tower with Radar,6,28,13,0,47,0,0,9,0,9,6,28,22,0,56,8,0,8,64
08/09/2015,EVV,IN,AGL,CE,Combined TRACON& Tower with Radar,4,28,3,0,35,0,3,11,0,14,4,31,14,0,49,0,0,0,49
08/10/2015,EVV,IN,AGL,CE,Combined TRACON& Tower with Radar,5,25,44,10,84,0,0,4,0,4,5,25,48,10,88,0,0,0,88
08/11/2015,EVV,IN,AGL,CE,Combined TRACON& Tower with Radar,4,31,30,1,66,0,4,9,0,13,4,35,39,1,79,76,0,76,155
08/12/2015,EVV,IN,AGL,CE,Combined TRACON& Tower with Radar,4,34,25,3,66,0,1,22,3,26,4,35,47,6,92,0,0,0,92
08/13/2015,EVV,IN,AGL,CE,Combined TRACON& Tower with Radar,4,40,15,9,68,0,2,30,1,33,4,42,45,10,101,62,26,88,189
08/14/2015,EVV,IN,AGL,CE,Combined TRACON& Tower with Radar,5,29,10,34,78,0,4,9,1,14,5,33,19,35,92,18,66,84,176
08/15/2015,EVV,IN,AGL,CE,Combined TRACON& Tower with Radar,4,23,12,12,51,0,2,9,0,11,4,25,21,12,62,26,0,26,88
08/16/2015,EVV,IN,AGL,CE,Combined TRACON& Tower with Radar,4,31,12,0,47,0,4,3,0,7,4,35,15,0,54,46,0,46,100
08/17/2015,EVV,IN,AGL,CE,Combined TRACON& Tower with Radar,4,33,14,0,51,0,2,9,0,11,4,35,23,0,62,30,0,30,92
08/18/2015,EVV,IN,AGL,CE,Combined TRACON& Tower with Radar,3,32,16,10,61,0,4,9,0,13,3,36,25,10,74,74,32,106,180
08/19/2015,EVV,IN,AGL,CE,Combined TRACON& Tower with Radar,4,33,10,0,47,0,0,4,1,5,4,33,14,1,52,0,0,0,52
08/20/2015,EVV,IN,AGL,CE,Combined TRACON& Tower with Radar,4,38,17,12,71,0,2,20,0,22,4,40,37,12,93,0,0,0,93
08/21/2015,EVV,IN,AGL,CE,Combined TRACON& Tower with Radar,4,31,28,2,65,0,3,20,0,23,4,34,48,2,88,168,0,168,256
08/22/2015,EVV,IN,AGL,CE,Combined TRACON& Tower with Radar,4,17,11,0,32,0,2,40,0,42,4,19,51,0,74,118,0,118,192
08/23/2015,EVV,IN,AGL,CE,Combined TRACON& Tower with Radar,3,29,9,3,44,0,2,4,0,6,3,31,13,3,50,0,0,0,50
08/24/2015,EVV,IN,AGL,CE,Combined TRACON& Tower with Radar,4,36,10,0,50,0,0,15,2,17,4,36,25,2,67,0,0,0,67
08/25/2015,EVV,IN,AGL,CE,Combined TRACON& Tower with Radar,4,35,27,6,72,0,0,19,0,19,4,35,46,6,91,0,0,0,91
08/26/2015,EVV,IN,AGL,CE,Combined TRACON& Tower with Radar,4,33,16,6,59,0,3,18,2,23,4,36,34,8,82,82,0,82,164
08/27/2015,EVV,IN,AGL,CE,Combined TRACON& Tower with Radar,4,30,22,0,56,0,5,21,0,26,4,35,43,0,82,94,0,94,176
08/28/2015,EVV,IN,AGL,CE,Combined TRACON& Tower with Radar,4,29,12,8,53,0,2,21,0,23,4,31,33,8,76,0,0,0,76
08/29/2015,EVV,IN,AGL,CE,Combined TRACON& Tower with Radar,4,18,11,0,33,0,0,14,0,14,4,18,25,0,47,0,0,0,47
08/30/2015,EVV,IN,AGL,CE,Combined TRACON& Tower with Radar,4,30,24,0,58,0,1,11,0,12,4,31,35,0,70,0,0,0,70
08/31/2015,EVV,IN,AGL,CE,Combined TRACON& Tower with Radar,4,32,12,0,48,0,3,20,1,24,4,35,32,1,72,20,0,20,92
09/01/2015,EVV,IN,AGL,CE,Combined TRACON& Tower with Radar,4,37,14,4,59,0,10,11,0,21,4,47,25,4,80,10,0,10,90
09/02/2015,EVV,IN,AGL,CE,Combined TRACON& Tower with Radar,4,35,24,0,63,0,7,14,0,21,4,42,38,0,84,40,0,40,124
09/03/2015,EVV,IN,AGL,CE,Combined TRACON& Tower with Radar,3,37,22,2,64,0,2,12,0,14,3,39,34,2,78,164,0,164,242
09/04/2015,EVV,IN,AGL,CE,Combined TRACON& Tower with Radar,3,40,11,0,54,0,6,11,0,17,3,46,22,0,71,42,0,42,113
09/05/2015,EVV,IN,AGL,CE,Combined TRACON& Tower with Radar,3,17,7,3,30,0,5,11,0,16,3,22,18,3,46,50,12,62,108
09/06/2015,EVV,IN,AGL,CE,Combined TRACON& Tower with Radar,3,19,2,1,25,0,4,13,0,17,3,23,15,1,42,0,0,0,42
09/07/2015,EVV,IN,AGL,CE,Combined TRACON& Tower with Radar,4,28,8,4,44,0,6,16,0,22,4,34,24,4,66,70,0,70,136
09/08/2015,EVV,IN,AGL,CE,Combined TRACON& Tower with Radar,4,34,13,9,60,0,2,14,0,16,4,36,27,9,76,22,16,38,114
09/09/2015,EVV,IN,AGL,CE,Combined TRACON& Tower with Radar,4,32,18,1,55,0,0,6,0,6,4,32,24,1,61,20,0,20,81
09/10/2015,EVV,IN,AGL,CE,Combined TRACON& Tower with Radar,3,35,15,0,53,0,6,16,0,22,3,41,31,0,75,138,0,138,213
09/11/2015,EVV,IN,AGL,CE,Combined TRACON& Tower with Radar,6,31,11,1,49,0,0,2,0,2,6,31,13,1,51,82,0,82,133
09/12/2015,EVV,IN,AGL,CE,Combined TRACON& Tower with Radar,3,18,12,0,33,0,4,9,0,13,3,22,21,0,46,14,0,14,60
09/13/2015,EVV,IN,AGL,CE,Combined TRACON& Tower with Radar,3,26,9,0,38,0,0,12,0,12,3,26,21,0,50,74,0,74,124
09/14/2015,EVV,IN,AGL,CE,Combined TRACON& Tower with Radar,4,33,9,6,52,0,3,23,2,28,4,36,32,8,80,0,0,0,80
09/15/2015,EVV,IN,AGL,CE,Combined TRACON& Tower with Radar,4,35,16,0,55,0,6,25,0,31,4,41,41,0,86,4,0,4,90
09/16/2015,EVV,IN,AGL,CE,Combined TRACON& Tower with Radar,4,31,30,0,65,0,4,6,0,10,4,35,36,0,75,0,0,0,75
09/17/2015,EVV,IN,AGL,CE,Combined TRACON& Tower with Radar,4,31,19,0,54,0,6,21,0,27,4,37,40,0,81,116,0,116,197
09/18/2015,EVV,IN,AGL,CE,Combined TRACON& Tower with Radar,4,31,26,0,61,0,8,19,0,27,4,39,45,0,88,168,0,168,256
09/19/2015,EVV,IN,AGL,CE,Combined TRACON& Tower with Radar,3,22,23,0,48,0,0,4,1,5,3,22,27,1,53,0,0,0,53
09/20/2015,EVV,IN,AGL,CE,Combined TRACON& Tower with Radar,3,29,13,0,45,0,2,11,0,13,3,31,24,0,58,66,0,66,124
09/21/2015,EVV,IN,AGL,CE,Combined TRACON& Tower with Radar,4,31,16,0,51,0,0,20,0,20,4,31,36,0,71,0,0,0,71
09/22/2015,EVV,IN,AGL,CE,Combined TRACON& Tower with Radar,4,39,26,0,69,0,1,5,0,6,4,40,31,0,75,86,0,86,161
09/23/2015,EVV,IN,AGL,CE,Combined TRACON& Tower with Radar,3,39,8,5,55,0,0,22,0,22,3,39,30,5,77,0,0,0,77
09/24/2015,EVV,IN,AGL,CE,Combined TRACON& Tower with Radar,4,28,13,0,45,0,4,25,0,29,4,32,38,0,74,0,0,0,74
09/25/2015,EVV,IN,AGL,CE,Combined TRACON& Tower with Radar,3,33,17,0,53,0,5,19,0,24,3,38,36,0,77,0,0,0,77
09/26/2015,EVV,IN,AGL,CE,Combined TRACON& Tower with Radar,3,20,12,0,35,0,2,4,0,6,3,22,16,0,41,0,0,0,41
09/27/2015,EVV,IN,AGL,CE,Combined TRACON& Tower with Radar,3,34,27,0,64,0,2,9,0,11,3,36,36,0,75,50,0,50,125
09/28/2015,EVV,IN,AGL,CE,Combined TRACON& Tower with Radar,4,31,16,2,53,0,1,8,0,9,4,32,24,2,62,44,0,44,106
09/29/2015,EVV,IN,AGL,CE,Combined TRACON& Tower with Radar,3,41,20,0,64,0,1,3,0,4,3,42,23,0,68,0,0,0,68
09/30/2015,EVV,IN,AGL,CE,Combined TRACON& Tower with Radar,3,38,20,0,61,0,0,1,1,2,3,38,21,1,63,0,0,0,63
10/01/2015,EVV,IN,AGL,CE,Combined TRACON& Tower with Radar,2,34,28,0,64,0,2,11,0,13,2,36,39,0,77,0,0,0,77
10/02/2015,EVV,IN,AGL,CE,Combined TRACON& Tower with Radar,3,31,15,6,55,0,7,7,1,15,3,38,22,7,70,0,0,0,70
10/03/2015,EVV,IN,AGL,CE,Combined TRACON& Tower with Radar,3,19,9,0,31,0,4,0,0,4,3,23,9,0,35,0,0,0,35
10/04/2015,EVV,IN,AGL,CE,Combined TRACON& Tower with Radar,3,29,19,31,82,0,0,2,1,3,3,29,21,32,85,78,12,90,175
10/05/2015,EVV,IN,AGL,CE,Combined TRACON& Tower with Radar,4,33,13,0,50,0,4,13,0,17,4,37,26,0,67,0,0,0,67
10/06/2015,EVV,IN,AGL,CE,Combined TRACON& Tower with Radar,4,36,25,0,65,0,2,18,0,20,4,38,43,0,85,106,0,106,191
10/07/2015,EVV,IN,AGL,CE,Combined TRACON& Tower with Radar,4,35,22,0,61,0,4,14,0,18,4,39,36,0,79,0,0,0,79
10/08/2015,EVV,IN,AGL,CE,Combined TRACON& Tower with Radar,6,33,22,1,62,0,2,26,3,31,6,35,48,4,93,18,4,22,115
10/09/2015,EVV,IN,AGL,CE,Combined TRACON& Tower with Radar,6,32,14,2,54,0,1,15,7,23,6,33,29,9,77,0,0,0,77
10/10/2015,EVV,IN,AGL,CE,Combined TRACON& Tower with Radar,3,21,4,0,28,0,4,23,0,27,3,25,27,0,55,28,0,28,83
10/11/2015,EVV,IN,AGL,CE,Combined TRACON& Tower with Radar,2,29,16,0,47,0,3,14,0,17,2,32,30,0,64,84,0,84,148
10/12/2015,EVV,IN,AGL,CE,Combined TRACON& Tower with Radar,3,36,17,0,56,0,4,10,0,14,3,40,27,0,70,82,0,82,152
10/13/2015,EVV,IN,AGL,CE,Combined TRACON& Tower with Radar,4,33,21,8,66,0,1,12,0,13,4,34,33,8,79,0,0,0,79
10/14/2015,EVV,IN,AGL,CE,Combined TRACON& Tower with Radar,4,37,15,8,64,0,0,11,0,11,4,37,26,8,75,56,0,56,131
10/15/2015,EVV,IN,AGL,CE,Combined TRACON& Tower with Radar,4,37,17,10,68,0,4,21,0,25,4,41,38,10,93,6,18,24,117
10/16/2015,EVV,IN,AGL,CE,Combined TRACON& Tower with Radar,4,32,9,0,45,0,5,12,0,17,4,37,21,0,62,102,0,102,164
10/17/2015,EVV,IN,AGL,CE,Combined TRACON& Tower with Radar,3,24,8,0,35,0,7,22,0,29,3,31,30,0,64,0,0,0,64
10/18/2015,EVV,IN,AGL,CE,Combined TRACON& Tower with Radar,2,28,23,0,53,0,1,18,1,20,2,29,41,1,73,78,0,78,151
10/19/2015,EVV,IN,AGL,CE,Combined TRACON& Tower with Radar,3,33,21,6,63,0,8,9,0,17,3,41,30,6,80,56,0,56,136
10/20/2015,EVV,IN,AGL,CE,Combined TRACON& Tower with Radar,4,34,25,20,83,0,6,19,0,25,4,40,44,20,108,82,16,98,206
10/21/2015,EVV,IN,AGL,CE,Combined TRACON& Tower with Radar,4,37,31,0,72,0,4,16,2,22,4,41,47,2,94,0,0,0,94
10/22/2015,EVV,IN,AGL,CE,Combined TRACON& Tower with Radar,4,30,27,0,61,0,7,18,0,25,4,37,45,0,86,6,0,6,92
10/23/2015,EVV,IN,AGL,CE,Combined TRACON& Tower with Radar,4,39,22,4,69,0,0,16,0,16,4,39,38,4,85,76,12,88,173
10/24/2015,EVV,IN,AGL,CE,Combined TRACON& Tower with Radar,7,21,10,0,38,0,0,0,0,0,7,21,10,0,38,14,0,14,52
10/25/2015,EVV,IN,AGL,CE,Combined TRACON& Tower with Radar,3,29,13,2,47,0,6,12,0,18,3,35,25,2,65,60,0,60,125
10/26/2015,EVV,IN,AGL,CE,Combined TRACON& Tower with Radar,4,33,13,6,56,0,2,6,0,8,4,35,19,6,64,40,24,64,128
10/27/2015,EVV,IN,AGL,CE,Combined TRACON& Tower with Radar,6,31,16,0,53,0,0,0,0,0,6,31,16,0,53,0,0,0,53
10/28/2015,EVV,IN,AGL,CE,Combined TRACON& Tower with Radar,3,32,29,0,64,0,0,8,0,8,3,32,37,0,72,10,0,10,82
10/29/2015,EVV,IN,AGL,CE,Combined TRACON& Tower with Radar,3,35,20,0,58,0,5,10,0,15,3,40,30,0,73,0,0,0,73
10/30/2015,EVV,IN,AGL,CE,Combined TRACON& Tower with Radar,4,29,24,0,57,0,1,18,0,19,4,30,42,0,76,118,0,118,194
10/31/2015,EVV,IN,AGL,CE,Combined TRACON& Tower with Radar,3,15,7,20,45,0,0,11,0,11,3,15,18,20,56,18,0,18,74
11/01/2015,EVV,IN,AGL,CE,Combined TRACON& Tower with Radar,5,27,15,0,47,0,0,16,0,16,5,27,31,0,63,0,0,0,63
11/02/2015,EVV,IN,AGL,CE,Combined TRACON& Tower with Radar,6,34,12,0,52,0,0,8,0,8,6,34,20,0,60,32,0,32,92
11/03/2015,EVV,IN,AGL,CE,Combined TRACON& Tower with Radar,6,36,21,4,67,0,0,18,0,18,6,36,39,4,85,0,0,0,85
11/04/2015,EVV,IN,AGL,CE,Combined TRACON& Tower with Radar,4,32,29,8,73,0,2,20,1,23,4,34,49,9,96,8,8,16,112
11/05/2015,EVV,IN,AGL,CE,Combined TRACON& Tower with Radar,4,43,13,7,67,0,2,9,0,11,4,45,22,7,78,0,0,0,78
11/06/2015,EVV,IN,AGL,CE,Combined TRACON& Tower with Radar,4,31,14,0,49,0,2,21,0,23,4,33,35,0,72,22,0,22,94
11/07/2015,EVV,IN,AGL,CE,Combined TRACON& Tower with Radar,4,23,12,0,39,0,9,27,0,36,4,32,39,0,75,0,0,0,75
11/08/2015,EVV,IN,AGL,CE,Combined TRACON& Tower with Radar,6,32,7,0,45,0,2,19,0,21,6,34,26,0,66,50,0,50,116
11/09/2015,EVV,IN,AGL,CE,Combined TRACON& Tower with Radar,6,31,14,33,84,0,2,6,0,8,6,33,20,33,92,0,0,0,92
11/10/2015,EVV,IN,AGL,CE,Combined TRACON& Tower with Radar,5,31,20,13,69,0,2,10,2,14,5,33,30,15,83,48,24,72,155
11/11/2015,EVV,IN,AGL,CE,Combined TRACON& Tower with Radar,6,36,23,0,65,0,9,7,0,16,6,45,30,0,81,0,0,0,81
11/12/2015,EVV,IN,AGL,CE,Combined TRACON& Tower with Radar,4,32,22,2,60,0,8,11,0,19,4,40,33,2,79,0,0,0,79
11/13/2015,EVV,IN,AGL,CE,Combined TRACON& Tower with Radar,4,35,15,0,54,0,2,10,0,12,4,37,25,0,66,58,0,58,124
11/14/2015,EVV,IN,AGL,CE,Combined TRACON& Tower with Radar,3,17,14,0,34,0,3,24,0,27,3,20,38,0,61,68,0,68,129
11/15/2015,EVV,IN,AGL,CE,Combined TRACON& Tower with Radar,5,23,17,0,45,0,2,9,0,11,5,25,26,0,56,0,0,0,56
11/16/2015,EVV,IN,AGL,CE,Combined TRACON& Tower with Radar,6,32,12,1,51,0,0,1,0,1,6,32,13,1,52,0,0,0,52
11/17/2015,EVV,IN,AGL,CE,Combined TRACON& Tower with Radar,4,31,18,0,53,0,0,2,0,2,4,31,20,0,55,0,0,0,55
11/18/2015,EVV,IN,AGL,CE,Combined TRACON& Tower with Radar,4,33,24,1,62,0,0,4,0,4,4,33,28,1,66,0,0,0,66
11/19/2015,EVV,IN,AGL,CE,Combined TRACON& Tower with Radar,6,35,28,0,69,0,4,7,0,11,6,39,35,0,80,8,0,8,88
11/20/2015,EVV,IN,AGL,CE,Combined TRACON& Tower with Radar,5,28,22,0,55,0,0,26,1,27,5,28,48,1,82,0,0,0,82
11/21/2015,EVV,IN,AGL,CE,Combined TRACON& Tower with Radar,4,11,10,0,25,0,3,2,0,5,4,14,12,0,30,0,0,0,30
11/22/2015,EVV,IN,AGL,CE,Combined TRACON& Tower with Radar,4,18,13,0,35,0,5,21,0,26,4,23,34,0,61,2,0,2,63
11/23/2015,EVV,IN,AGL,CE,Combined TRACON& Tower with Radar,3,28,12,6,49,0,0,14,0,14,3,28,26,6,63,44,6,50,113
11/24/2015,EVV,IN,AGL,CE,Combined TRACON& Tower with Radar,7,28,21,1,57,0,1,25,0,26,7,29,46,1,83,124,0,124,207
11/25/2015,EVV,IN,AGL,CE,Combined TRACON& Tower with Radar,6,31,16,0,53,0,7,12,0,19,6,38,28,0,72,0,0,0,72
11/26/2015,EVV,IN,AGL,CE,Combined TRACON& Tower with Radar,3,15,7,0,25,0,2,11,0,13,3,17,18,0,38,0,0,0,38
11/27/2015,EVV,IN,AGL,CE,Combined TRACON& Tower with Radar,5,19,13,0,37,0,0,2,0,2,5,19,15,0,39,0,0,0,39
11/28/2015,EVV,IN,AGL,CE,Combined TRACON& Tower with Radar,6,26,10,0,42,0,0,0,0,0,6,26,10,0,42,0,0,0,42
11/29/2015,EVV,IN,AGL,CE,Combined TRACON& Tower with Radar,9,28,16,0,53,0,0,0,0,0,9,28,16,0,53,0,0,0,53
11/30/2015,EVV,IN,AGL,CE,Combined TRACON& Tower with Radar,7,27,16,0,50,0,0,0,0,0,7,27,16,0,50,22,0,22,72
12/01/2015,EVV,IN,AGL,CE,Combined TRACON& Tower with Radar,5,32,31,0,68,0,1,12,0,13,5,33,43,0,81,0,0,0,81
12/02/2015,EVV,IN,AGL,CE,Combined TRACON& Tower with Radar,2,38,21,0,61,0,4,6,0,10,2,42,27,0,71,0,0,0,71
12/03/2015,EVV,IN,AGL,CE,Combined TRACON& Tower with Radar,2,37,28,12,79,0,2,12,1,15,2,39,40,13,94,0,18,18,112
12/04/2015,EVV,IN,AGL,CE,Combined TRACON& Tower with Radar,1,29,22,2,54,0,0,15,0,15,1,29,37,2,69,96,0,96,165
12/05/2015,EVV,IN,AGL,CE,Combined TRACON& Tower with Radar,3,22,8,0,33,0,0,13,0,13,3,22,21,0,46,40,0,40,86
12/06/2015,EVV,IN,AGL,CE,Combined TRACON& Tower with Radar,2,29,18,4,53,0,7,14,0,21,2,36,32,4,74,128,0,128,202
12/07/2015,EVV,IN,AGL,CE,Combined TRACON& Tower with Radar,2,32,27,6,67,0,0,3,0,3,2,32,30,6,70,50,12,62,132
12/08/2015,EVV,IN,AGL,CE,Combined TRACON& Tower with Radar,2,34,36,0,72,0,4,16,0,20,2,38,52,0,92,0,0,0,92
12/09/2015,EVV,IN,AGL,CE,Combined TRACON& Tower with Radar,2,34,29,0,65,0,3,23,0,26,2,37,52,0,91,0,0,0,91
12/10/2015,EVV,IN,AGL,CE,Combined TRACON& Tower with Radar,2,36,29,0,67,0,2,15,0,17,2,38,44,0,84,0,0,0,84
12/11/2015,EVV,IN,AGL,CE,Combined TRACON& Tower with Radar,2,36,23,0,61,0,0,1,0,1,2,36,24,0,62,34,0,34,96
12/12/2015,EVV,IN,AGL,CE,Combined TRACON& Tower with Radar,2,23,19,0,44,0,4,7,0,11,2,27,26,0,55,0,0,0,55
12/13/2015,EVV,IN,AGL,CE,Combined TRACON& Tower with Radar,2,29,7,0,38,0,4,1,0,5,2,33,8,0,43,38,0,38,81
12/14/2015,EVV,IN,AGL,CE,Combined TRACON& Tower with Radar,2,38,19,0,59,0,0,0,0,0,2,38,19,0,59,0,0,0,59
12/15/2015,EVV,IN,AGL,CE,Combined TRACON& Tower with Radar,2,58,31,2,93,0,1,2,0,3,2,59,33,2,96,0,0,0,96
12/16/2015,EVV,IN,AGL,CE,Combined TRACON& Tower with Radar,2,56,30,0,88,0,0,2,0,2,2,56,32,0,90,0,0,0,90
12/17/2015,EVV,IN,AGL,CE,Combined TRACON& Tower with Radar,2,44,17,3,66,0,4,9,2,15,2,48,26,5,81,0,0,0,81
12/18/2015,EVV,IN,AGL,CE,Combined TRACON& Tower with Radar,2,39,20,0,61,0,2,14,0,16,2,41,34,0,77,88,0,88,165
12/19/2015,EVV,IN,AGL,CE,Combined TRACON& Tower with Radar,2,26,17,0,45,0,0,24,0,24,2,26,41,0,69,96,0,96,165
12/20/2015,EVV,IN,AGL,CE,Combined TRACON& Tower with Radar,2,30,10,0,42,0,0,14,0,14,2,30,24,0,56,72,0,72,128
12/21/2015,EVV,IN,AGL,CE,Combined TRACON& Tower with Radar,2,29,17,0,48,0,0,0,0,0,2,29,17,0,48,0,0,0,48
12/22/2015,EVV,IN,AGL,CE,Combined TRACON& Tower with Radar,2,27,37,0,66,0,0,0,0,0,2,27,37,0,66,6,0,6,72
12/23/2015,EVV,IN,AGL,CE,Combined TRACON& Tower with Radar,2,29,7,0,38,0,0,2,0,2,2,29,9,0,40,8,0,8,48
12/24/2015,EVV,IN,AGL,CE,Combined TRACON& Tower with Radar,4,26,12,0,42,0,0,11,0,11,4,26,23,0,53,0,0,0,53
12/25/2015,EVV,IN,AGL,CE,Combined TRACON& Tower with Radar,2,17,3,0,22,0,0,3,0,3,2,17,6,0,25,0,0,0,25
12/26/2015,EVV,IN,AGL,CE,Combined TRACON& Tower with Radar,2,25,16,0,43,0,0,0,0,0,2,25,16,0,43,44,0,44,87
12/27/2015,EVV,IN,AGL,CE,Combined TRACON& Tower with Radar,2,26,16,0,44,0,0,0,0,0,2,26,16,0,44,0,0,0,44
12/28/2015,EVV,IN,AGL,CE,Combined TRACON& Tower with Radar,1,14,1,0,16,0,0,1,0,1,1,14,2,0,17,0,0,0,17
12/29/2015,EVV,IN,AGL,CE,Combined TRACON& Tower with Radar,2,27,14,2,45,0,2,12,1,15,2,29,26,3,60,8,0,8,68
12/30/2015,EVV,IN,AGL,CE,Combined TRACON& Tower with Radar,2,25,9,0,36,0,0,3,0,3,2,25,12,0,39,18,0,18,57
12/31/2015,EVV,IN,AGL,CE,Combined TRACON& Tower with Radar,2,21,15,0,38,0,2,7,0,9,2,23,22,0,47,0,0,0,47
01/01/2016,EVV,IN,AGL,CE,Combined TRACON& Tower with Radar,2,22,12,0,36,0,1,11,0,12,2,23,23,0,48,66,0,66,114
01/02/2016,EVV,IN,AGL,CE,Combined TRACON& Tower with Radar,2,27,15,0,44,0,2,14,0,16,2,29,29,0,60,52,0,52,112
01/03/2016,EVV,IN,AGL,CE,Combined TRACON& Tower with Radar,2,27,10,0,39,0,2,13,0,15,2,29,23,0,54,88,0,88,142
01/04/2016,EVV,IN,AGL,CE,Combined TRACON& Tower with Radar,2,29,8,0,39,0,3,11,0,14,2,32,19,0,53,14,0,14,67
01/05/2016,EVV,IN,AGL,CE,Combined TRACON& Tower with Radar,4,38,12,0,54,0,3,10,0,13,4,41,22,0,67,68,0,68,135
01/06/2016,EVV,IN,AGL,CE,Combined TRACON& Tower with Radar,4,31,17,2,54,0,0,12,0,12,4,31,29,2,66,12,0,12,78
01/07/2016,EVV,IN,AGL,CE,Combined TRACON& Tower with Radar,4,37,12,19,72,0,0,11,0,11,4,37,23,19,83,0,0,0,83
01/08/2016,EVV,IN,AGL,CE,Combined TRACON& Tower with Radar,2,30,18,4,54,0,0,1,0,1,2,30,19,4,55,0,0,0,55
01/09/2016,EVV,IN,AGL,CE,Combined TRACON& Tower with Radar,4,19,6,0,29,0,1,0,0,1,4,20,6,0,30,0,0,0,30
01/10/2016,EVV,IN,AGL,CE,Combined TRACON& Tower with Radar,2,32,3,0,37,0,3,0,0,3,2,35,3,0,40,0,0,0,40
01/11/2016,EVV,IN,AGL,CE,Combined TRACON& Tower with Radar,2,42,15,2,61,0,0,5,0,5,2,42,20,2,66,56,0,56,122
01/12/2016,EVV,IN,AGL,CE,Combined TRACON& Tower with Radar,2,45,9,2,58,0,1,15,0,16,2,46,24,2,74,42,0,42,116
01/13/2016,EVV,IN,AGL,CE,Combined TRACON& Tower with Radar,2,41,30,4,77,0,0,17,1,18,2,41,47,5,95,82,0,82,177
01/14/2016,EVV,IN,AGL,CE,Combined TRACON& Tower with Radar,2,33,15,0,50,0,1,12,0,13,2,34,27,0,63,56,0,56,119
01/15/2016,EVV,IN,AGL,CE,Combined TRACON& Tower with Radar,2,33,10,2,47,0,0,0,0,0,2,33,10,2,47,0,0,0,47
01/16/2016,EVV,IN,AGL,CE,Combined TRACON& Tower with Radar,4,16,3,0,23,0,1,1,0,2,4,17,4,0,25,0,0,0,25
01/17/2016,EVV,IN,AGL,CE,Combined TRACON& Tower with Radar,2,19,1,0,22,0,0,5,0,5,2,19,6,0,27,12,0,12,39
01/18/2016,EVV,IN,AGL,CE,Combined TRACON& Tower with Radar,4,33,7,0,44,0,0,5,0,5,4,33,12,0,49,72,0,72,121
01/19/2016,EVV,IN,AGL,CE,Combined TRACON& Tower with Radar,4,38,10,0,52,0,1,7,2,10,4,39,17,2,62,0,0,0,62
01/20/2016,EVV,IN,AGL,CE,Combined TRACON& Tower with Radar,2,40,9,0,51,0,5,7,1,13,2,45,16,1,64,64,0,64,128
01/21/2016,EVV,IN,AGL,CE,Combined TRACON& Tower with Radar,3,38,16,1,58,0,0,14,0,14,3,38,30,1,72,44,0,44,116
01/22/2016,EVV,IN,AGL,CE,Combined TRACON& Tower with Radar,1,11,2,0,14,0,0,2,0,2,1,11,4,0,16,0,0,0,16
01/23/2016,EVV,IN,AGL,CE,Combined TRACON& Tower with Radar,4,21,10,0,35,0,1,11,1,13,4,22,21,1,48,0,0,0,48
01/24/2016,EVV,IN,AGL,CE,Combined TRACON& Tower with Radar,6,24,8,0,38,0,0,17,0,17,6,24,25,0,55,0,0,0,55
01/25/2016,EVV,IN,AGL,CE,Combined TRACON& Tower with Radar,4,36,7,0,47,0,0,2,0,2,4,36,9,0,49,18,0,18,67
01/26/2016,EVV,IN,AGL,CE,Combined TRACON& Tower with Radar,3,35,29,0,67,0,0,3,0,3,3,35,32,0,70,0,0,0,70
01/27/2016,EVV,IN,AGL,CE,Combined TRACON& Tower with Radar,4,41,18,0,63,0,0,2,0,2,4,41,20,0,65,22,0,22,87
01/28/2016,EVV,IN,AGL,CE,Combined TRACON& Tower with Radar,3,34,20,18,75,0,2,11,0,13,3,36,31,18,88,98,34,132,220
01/29/2016,EVV,IN,AGL,CE,Combined TRACON& Tower with Radar,2,38,8,1,49,0,3,13,0,16,2,41,21,1,65,50,0,50,115
01/30/2016,EVV,IN,AGL,CE,Combined TRACON& Tower with Radar,5,17,7,0,29,0,1,22,0,23,5,18,29,0,52,0,0,0,52
01/31/2016,EVV,IN,AGL,CE,Combined TRACON& Tower with Radar,5,31,13,0,49,0,0,7,0,7,5,31,20,0,56,0,0,0,56
02/01/2016,EVV,IN,AGL,CE,Combined TRACON& Tower with Radar,4,43,24,6,77,0,5,13,0,18,4,48,37,6,95,110,0,110,205
02/02/2016,EVV,IN,AGL,CE,Combined TRACON& Tower with Radar,2,32,10,0,44,0,1,1,0,2,2,33,11,0,46,0,0,0,46
02/03/2016,EVV,IN,AGL,CE,Combined TRACON& Tower with Radar,2,33,22,2,59,0,2,5,0,7,2,35,27,2,66,0,0,0,66
02/04/2016,EVV,IN,AGL,CE,Combined TRACON& Tower with Radar,2,37,13,0,52,0,2,8,1,11,2,39,21,1,63,82,0,82,145
02/05/2016,EVV,IN,AGL,CE,Combined TRACON& Tower with Radar,2,35,13,0,50,0,2,15,2,19,2,37,28,2,69,106,0,106,175
02/06/2016,EVV,IN,AGL,CE,Combined TRACON& Tower with Radar,5,16,10,0,31,0,0,33,0,33,5,16,43,0,64,5,0,5,69
02/07/2016,EVV,IN,AGL,CE,Combined TRACON& Tower with Radar,2,20,4,0,26,0,0,2,0,2,2,20,6,0,28,0,0,0,28
02/08/2016,EVV,IN,AGL,CE,Combined TRACON& Tower with Radar,2,32,7,0,41,0,1,0,0,1,2,33,7,0,42,0,0,0,42
02/09/2016,EVV,IN,AGL,CE,Combined TRACON& Tower with Radar,2,35,16,12,65,0,1,0,0,1,2,36,16,12,66,58,0,58,124
02/10/2016,EVV,IN,AGL,CE,Combined TRACON& Tower with Radar,2,36,25,0,63,0,0,13,1,14,2,36,38,1,77,0,0,0,77
02/11/2016,EVV,IN,AGL,CE,Combined TRACON& Tower with Radar,1,33,18,2,54,0,1,18,0,19,1,34,36,2,73,18,10,28,101
02/12/2016,EVV,IN,AGL,CE,Combined TRACON& Tower with Radar,1,30,19,0,50,0,2,6,0,8,1,32,25,0,58,28,0,28,86
02/13/2016,EVV,IN,AGL,CE,Combined TRACON& Tower with Radar,1,23,19,0,43,0,2,18,0,20,1,25,37,0,63,0,20,20,83
02/14/2016,EVV,IN,AGL,CE,Combined TRACON& Tower with Radar,2,15,3,0,20,0,3,0,0,3,2,18,3,0,23,0,0,0,23
02/15/2016,EVV,IN,AGL,CE,Combined TRACON& Tower with Radar,4,28,11,0,43,0,0,0,0,0,4,28,11,0,43,32,0,32,75
02/16/2016,EVV,IN,AGL,CE,Combined TRACON& Tower with Radar,4,26,17,0,47,0,1,0,0,1,4,27,17,0,48,0,0,0,48
02/17/2016,EVV,IN,AGL,CE,Combined TRACON& Tower with Radar,4,31,23,0,58,0,3,10,0,13,4,34,33,0,71,60,0,60,131
02/18/2016,EVV,IN,AGL,CE,Combined TRACON& Tower with Radar,4,29,27,2,62,0,10,39,3,52,4,39,66,5,114,40,0,40,154
02/19/2016,EVV,IN,AGL,CE,Combined TRACON& Tower with Radar,4,26,15,5,50,0,1,2,0,3,4,27,17,5,53,0,0,0,53
02/20/2016,EVV,IN,AGL,CE,Combined TRACON& Tower with Radar,3,19,11,0,33,0,4,14,2,20,3,23,25,2,53,26,2,28,81
02/21/2016,EVV,IN,AGL,CE,Combined TRACON& Tower with Radar,3,25,6,0,34,0,0,4,0,4,3,25,10,0,38,0,0,0,38
02/22/2016,EVV,IN,AGL,CE,Combined TRACON& Tower with Radar,4,29,10,9,52,0,15,13,0,28,4,44,23,9,80,36,24,60,140
02/23/2016,EVV,IN,AGL,CE,Combined TRACON& Tower with Radar,4,41,23,0,68,0,5,12,0,17,4,46,35,0,85,20,0,20,105
02/24/2016,EVV,IN,AGL,CE,Combined TRACON& Tower with Radar,4,24,8,0,36,0,0,0,0,0,4,24,8,0,36,0,0,0,36
02/25/2016,EVV,IN,AGL,CE,Combined TRACON& Tower with Radar,4,26,14,1,45,0,9,2,5,16,4,35,16,6,61,6,0,6,67
02/26/2016,EVV,IN,AGL,CE,Combined TRACON& Tower with Radar,4,31,17,8,60,0,2,13,0,15,4,33,30,8,75,70,0,70,145
02/27/2016,EVV,IN,AGL,CE,Combined TRACON& Tower with Radar,4,19,11,7,41,0,6,16,0,22,4,25,27,7,63,0,0,0,63
02/28/2016,EVV,IN,AGL,CE,Combined TRACON& Tower with Radar,4,25,8,13,50,0,0,2,16,18,4,25,10,29,68,0,0,0,68
02/29/2016,EVV,IN,AGL,CE,Combined TRACON& Tower with Radar,2,32,18,7,59,0,20,21,2,43,2,52,39,9,102,96,34,130,232
03/01/2016,EVV,IN,AGL,CE,Combined TRACON& Tower with Radar,1,27,13,0,41,0,4,0,0,4,1,31,13,0,45,0,0,0,45
03/02/2016,EVV,IN,AGL,CE,Combined TRACON& Tower with Radar,2,36,31,0,69,0,2,32,0,34,2,38,63,0,103,19,0,19,122
03/03/2016,EVV,IN,AGL,CE,Combined TRACON& Tower with Radar,2,38,21,0,61,0,2,4,0,6,2,40,25,0,67,0,0,0,67
03/04/2016,EVV,IN,AGL,CE,Combined TRACON& Tower with Radar,2,31,18,2,53,0,4,10,1,15,2,35,28,3,68,40,0,40,108
03/05/2016,EVV,IN,AGL,CE,Combined TRACON& Tower with Radar,2,24,22,6,54,0,7,6,0,13,2,31,28,6,67,0,0,0,67
03/06/2016,EVV,IN,AGL,CE,Combined TRACON& Tower with Radar,2,31,12,0,45,0,4,18,0,22,2,35,30,0,67,0,0,0,67
03/07/2016,EVV,IN,AGL,CE,Combined TRACON& Tower with Radar,3,31,9,2,45,0,3,16,1,20,3,34,25,3,65,0,0,0,65
03/08/2016,EVV,IN,AGL,CE,Combined TRACON& Tower with Radar,2,33,17,0,52,0,0,17,0,17,2,33,34,0,69,36,0,36,105
03/09/2016,EVV,IN,AGL,CE,Combined TRACON& Tower with Radar,2,31,9,0,42,0,0,0,0,0,2,31,9,0,42,0,0,0,42
03/10/2016,EVV,IN,AGL,CE,Combined TRACON& Tower with Radar,2,32,13,0,47,0,0,0,0,0,2,32,13,0,47,0,0,0,47
03/11/2016,EVV,IN,AGL,CE,Combined TRACON& Tower with Radar,2,31,23,2,58,0,0,16,0,16,2,31,39,2,74,38,0,38,112
03/12/2016,EVV,IN,AGL,CE,Combined TRACON& Tower with Radar,2,23,19,0,44,0,1,1,0,2,2,24,20,0,46,0,0,0,46
03/13/2016,EVV,IN,AGL,CE,Combined TRACON& Tower with Radar,2,31,16,4,53,0,1,0,0,1,2,32,16,4,54,16,0,16,70
03/14/2016,EVV,IN,AGL,CE,Combined TRACON& Tower with Radar,3,28,14,0,45,0,0,1,0,1,3,28,15,0,46,32,0,32,78
03/15/2016,EVV,IN,AGL,CE,Combined TRACON& Tower with Radar,3,30,17,0,50,0,0,15,2,17,3,30,32,2,67,26,0,26,93
03/16/2016,EVV,IN,AGL,CE,Combined TRACON& Tower with Radar,2,35,12,11,60,0,0,30,0,30,2,35,42,11,90,22,6,28,118
03/17/2016,EVV,IN,AGL,CE,Combined TRACON& Tower with Radar,2,38,31,10,81,0,2,29,0,31,2,40,60,10,112,24,34,58,170
03/18/2016,EVV,IN,AGL,CE,Combined TRACON& Tower with Radar,2,37,35,26,100,0,0,36,1,37,2,37,71,27,137,98,22,120,257
03/19/2016,EVV,IN,AGL,CE,Combined TRACON& Tower with Radar,2,22,6,5,35,0,0,3,0,3,2,22,9,5,38,0,0,0,38
03/20/2016,EVV,IN,AGL,CE,Combined TRACON& Tower with Radar,2,31,9,8,50,0,1,5,0,6,2,32,14,8,56,0,0,0,56
03/21/2016,EVV,IN,AGL,CE,Combined TRACON& Tower with Radar,2,32,10,0,44,0,8,10,0,18,2,40,20,0,62,48,0,48,110
03/22/2016,EVV,IN,AGL,CE,Combined TRACON& Tower with Radar,2,36,17,0,55,0,0,6,0,6,2,36,23,0,61,0,0,0,61
03/23/2016,EVV,IN,AGL,CE,Combined TRACON& Tower with Radar,2,31,14,6,53,0,0,6,0,6,2,31,20,6,59,0,0,0,59
03/24/2016,EVV,IN,AGL,CE,Combined TRACON& Tower with Radar,1,35,12,0,48,0,2,3,0,5,1,37,15,0,53,0,0,0,53
03/25/2016,EVV,IN,AGL,CE,Combined TRACON& Tower with Radar,2,32,15,0,49,0,2,25,0,27,2,34,40,0,76,12,0,12,88
03/26/2016,EVV,IN,AGL,CE,Combined TRACON& Tower with Radar,2,27,13,0,42,0,6,36,0,42,2,33,49,0,84,0,0,0,84
03/27/2016,EVV,IN,AGL,CE,Combined TRACON& Tower with Radar,1,29,13,0,43,0,2,3,0,5,1,31,16,0,48,18,0,18,66
03/28/2016,EVV,IN,AGL,CE,Combined TRACON& Tower with Radar,3,29,20,0,52,0,9,14,0,23,3,38,34,0,75,28,0,28,103
03/29/2016,EVV,IN,AGL,CE,Combined TRACON& Tower with Radar,2,32,24,0,58,0,0,32,0,32,2,32,56,0,90,58,0,58,148
03/30/2016,EVV,IN,AGL,CE,Combined TRACON& Tower with Radar,2,33,21,2,58,0,3,22,0,25,2,36,43,2,83,52,0,52,135
03/31/2016,EVV,IN,AGL,CE,Combined TRACON& Tower with Radar,2,31,19,0,52,0,4,2,0,6,2,35,21,0,58,0,0,0,58
04/01/2016,EVV,IN,AGL,CE,Combined TRACON& Tower with Radar,4,32,17,6,59,0,3,15,0,18,4,35,32,6,77,22,24,46,123
04/02/2016,EVV,IN,AGL,CE,Combined TRACON& Tower with Radar,2,29,11,0,42,0,1,11,0,12,2,30,22,0,54,0,0,0,54
04/03/2016,EVV,IN,AGL,CE,Combined TRACON& Tower with Radar,2,39,15,0,56,0,2,16,0,18,2,41,31,0,74,0,0,0,74
04/04/2016,EVV,IN,AGL,CE,Combined TRACON& Tower with Radar,4,29,7,0,40,0,6,2,0,8,4,35,9,0,48,0,0,0,48
04/05/2016,EVV,IN,AGL,CE,Combined TRACON& Tower with Radar,2,35,30,3,70,0,2,16,0,18,2,37,46,3,88,8,4,12,100
04/06/2016,EVV,IN,AGL,CE,Combined TRACON& Tower with Radar,2,39,16,1,58,0,6,1,0,7,2,45,17,1,65,0,0,0,65
04/07/2016,EVV,IN,AGL,CE,Combined TRACON& Tower with Radar,2,38,12,7,59,0,4,2,0,6,2,42,14,7,65,8,0,8,73
04/08/2016,EVV,IN,AGL,CE,Combined TRACON& Tower with Radar,2,37,17,2,58,0,0,1,0,1,2,37,18,2,59,0,0,0,59
04/09/2016,EVV,IN,AGL,CE,Combined TRACON& Tower with Radar,2,22,13,0,37,0,2,23,0,25,2,24,36,0,62,0,0,0,62
04/10/2016,EVV,IN,AGL,CE,Combined TRACON& Tower with Radar,2,28,14,0,44,0,0,2,0,2,2,28,16,0,46,0,0,0,46
04/11/2016,EVV,IN,AGL,CE,Combined TRACON& Tower with Radar,2,32,8,0,42,0,2,0,0,2,2,34,8,0,44,0,0,0,44
04/12/2016,EVV,IN,AGL,CE,Combined TRACON& Tower with Radar,2,34,15,6,57,0,7,13,0,20,2,41,28,6,77,16,8,24,101
04/13/2016,EVV,IN,AGL,CE,Combined TRACON& Tower with Radar,2,30,20,9,61,0,0,13,3,16,2,30,33,12,77,0,0,0,77
04/14/2016,EVV,IN,AGL,CE,Combined TRACON& Tower with Radar,2,41,21,14,78,0,21,15,12,48,2,62,36,26,126,34,6,40,166
04/15/2016,EVV,IN,AGL,CE,Combined TRACON& Tower with Radar,2,33,18,0,53,0,2,15,0,17,2,35,33,0,70,52,26,78,148
04/16/2016,EVV,IN,AGL,CE,Combined TRACON& Tower with Radar,5,23,5,0,33,0,6,37,0,43,5,29,42,0,76,0,0,0,76
04/17/2016,EVV,IN,AGL,CE,Combined TRACON& Tower with Radar,2,29,9,0,40,0,2,14,0,16,2,31,23,0,56,0,0,0,56
04/18/2016,EVV,IN,AGL,CE,Combined TRACON& Tower with Radar,4,30,17,11,62,0,8,22,5,35,4,38,39,16,97,16,8,24,121
04/19/2016,EVV,IN,AGL,CE,Combined TRACON& Tower with Radar,2,32,34,3,71,0,0,21,1,22,2,32,55,4,93,18,0,18,111
04/20/2016,EVV,IN,AGL,CE,Combined TRACON& Tower with Radar,2,37,24,0,63,0,1,18,0,19,2,38,42,0,82,36,0,36,118
04/21/2016,EVV,IN,AGL,CE,Combined TRACON& Tower with Radar,2,33,13,0,48,0,1,2,0,3,2,34,15,0,51,0,0,0,51
04/22/2016,EVV,IN,AGL,CE,Combined TRACON& Tower with Radar,2,32,21,10,65,0,0,11,2,13,2,32,32,12,78,54,0,54,132
04/23/2016,EVV,IN,AGL,CE,Combined TRACON& Tower with Radar,2,22,11,0,35,0,1,4,2,7,2,23,15,2,42,0,0,0,42
04/24/2016,EVV,IN,AGL,CE,Combined TRACON& Tower with Radar,2,26,18,0,46,0,5,21,0,26,2,31,39,0,72,0,0,0,72
04/25/2016,EVV,IN,AGL,CE,Combined TRACON& Tower with Radar,4,31,6,6,47,0,6,11,0,17,4,37,17,6,64,40,10,50,114
04/26/2016,EVV,IN,AGL,CE,Combined TRACON& Tower with Radar,2,35,24,0,61,0,4,6,0,10,2,39,30,0,71,2,0,2,73
04/27/2016,EVV,IN,AGL,CE,Combined TRACON& Tower with Radar,2,44,8,0,54,0,1,1,0,2,2,45,9,0,56,0,0,0,56
04/28/2016,EVV,IN,AGL,CE,Combined TRACON& Tower with Radar,2,35,20,0,57,0,6,16,0,22,2,41,36,0,79,20,0,20,99
04/29/2016,EVV,IN,AGL,CE,Combined TRACON& Tower with Radar,2,30,26,0,58,0,2,19,0,21,2,32,45,0,79,50,0,50,129
04/30/2016,EVV,IN,AGL,CE,Combined TRACON& Tower with Radar,2,21,3,0,26,0,1,0,0,1,2,22,3,0,27,0,0,0,27
05/01/2016,EVV,IN,AGL,CE,Combined TRACON& Tower with Radar,3,27,12,0,42,0,0,4,0,4,3,27,16,0,46,0,8,8,54
05/02/2016,EVV,IN,AGL,CE,Combined TRACON& Tower with Radar,3,37,17,11,68,0,2,15,0,17,3,39,32,11,85,0,0,0,85
05/03/2016,EVV,IN,AGL,CE,Combined TRACON& Tower with Radar,2,34,26,0,62,0,0,36,0,36,2,34,62,0,98,53,0,53,151
05/04/2016,EVV,IN,AGL,CE,Combined TRACON& Tower with Radar,2,34,15,4,55,0,1,7,2,10,2,35,22,6,65,0,0,0,65
05/05/2016,EVV,IN,AGL,CE,Combined TRACON& Tower with Radar,2,40,28,12,82,0,2,29,0,31,2,42,57,12,113,54,12,66,179
05/06/2016,EVV,IN,AGL,CE,Combined TRACON& Tower with Radar,2,31,17,6,56,0,0,36,0,36,2,31,53,6,92,50,6,56,148
05/07/2016,EVV,IN,AGL,CE,Combined TRACON& Tower with Radar,2,23,4,0,29,0,5,7,0,12,2,28,11,0,41,0,0,0,41
05/08/2016,EVV,IN,AGL,CE,Combined TRACON& Tower with Radar,2,30,10,10,52,0,4,10,0,14,2,34,20,10,66,0,4,4,70
05/09/2016,EVV,IN,AGL,CE,Combined TRACON& Tower with Radar,2,34,13,0,49,0,2,16,0,18,2,36,29,0,67,20,0,20,87
05/10/2016,EVV,IN,AGL,CE,Combined TRACON& Tower with Radar,2,36,29,0,67,0,3,1,0,4,2,39,30,0,71,0,0,0,71
05/11/2016,EVV,IN,AGL,CE,Combined TRACON& Tower with Radar,2,34,33,0,69,0,1,2,0,3,2,35,35,0,72,0,0,0,72
05/12/2016,EVV,IN,AGL,CE,Combined TRACON& Tower with Radar,1,36,37,0,74,0,1,0,0,1,1,37,37,0,75,0,0,0,75
05/13/2016,EVV,IN,AGL,CE,Combined TRACON& Tower with Radar,2,33,22,19,76,0,0,26,0,26,2,33,48,19,102,24,20,44,146
05/14/2016,EVV,IN,AGL,CE,Combined TRACON& Tower with Radar,1,21,12,0,34,0,2,11,0,13,1,23,23,0,47,7,0,7,54
05/15/2016,EVV,IN,AGL,CE,Combined TRACON& Tower with Radar,2,29,16,0,47,0,0,17,0,17,2,29,33,0,64,0,0,0,64
05/16/2016,EVV,IN,AGL,CE,Combined TRACON& Tower with Radar,2,32,18,0,52,0,2,8,0,10,2,34,26,0,62,22,0,22,84
05/17/2016,EVV,IN,AGL,CE,Combined TRACON& Tower with Radar,2,33,16,0,51,0,1,0,0,1,2,34,16,0,52,0,0,0,52
05/18/2016,EVV,IN,AGL,CE,Combined TRACON& Tower with Radar,2,33,26,9,70,0,2,8,0,10,2,35,34,9,80,36,0,36,116
05/19/2016,EVV,IN,AGL,CE,Combined TRACON& Tower with Radar,2,37,36,4,79,0,6,31,0,37,2,43,67,4,116,12,0,12,128
05/20/2016,EVV,IN,AGL,CE,Combined TRACON& Tower with Radar,2,44,37,4,87,0,0,4,0,4,2,44,41,4,91,0,0,0,91
05/21/2016,EVV,IN,AGL,CE,Combined TRACON& Tower with Radar,2,24,19,26,71,0,4,5,0,9,2,28,24,26,80,0,0,0,80
05/22/2016,EVV,IN,AGL,CE,Combined TRACON& Tower with Radar,2,33,15,0,50,0,2,24,0,26,2,35,39,0,76,0,0,0,76
05/23/2016,EVV,IN,AGL,CE,Combined TRACON& Tower with Radar,2,34,8,2,46,0,0,31,0,31,2,34,39,2,77,42,0,42,119
05/24/2016,EVV,IN,AGL,CE,Combined TRACON& Tower with Radar,2,39,14,0,55,0,2,13,0,15,2,41,27,0,70,0,0,0,70
05/25/2016,EVV,IN,AGL,CE,Combined TRACON& Tower with Radar,2,38,24,3,67,0,1,2,2,5,2,39,26,5,72,0,0,0,72
05/26/2016,EVV,IN,AGL,CE,Combined TRACON& Tower with Radar,2,35,9,0,46,0,6,2,0,8,2,41,11,0,54,0,0,0,54
05/27/2016,EVV,IN,AGL,CE,Combined TRACON& Tower with Radar,2,35,13,2,52,0,3,6,0,9,2,38,19,2,61,0,0,0,61
05/28/2016,EVV,IN,AGL,CE,Combined TRACON& Tower with Radar,1,24,9,0,34,0,0,5,0,5,1,24,14,0,39,0,0,0,39
05/29/2016,EVV,IN,AGL,CE,Combined TRACON& Tower with Radar,2,24,3,0,29,0,0,4,0,4,2,24,7,0,33,5,0,5,38
05/30/2016,EVV,IN,AGL,CE,Combined TRACON& Tower with Radar,2,29,10,0,41,0,3,23,0,26,2,32,33,0,67,6,0,6,73
05/31/2016,EVV,IN,AGL,CE,Combined TRACON& Tower with Radar,2,31,13,0,46,0,4,9,0,13,2,35,22,0,59,6,0,6,65
06/01/2016,EVV,IN,AGL,CE,Combined TRACON& Tower with Radar,2,35,22,0,59,0,4,4,0,8,2,39,26,0,67,0,0,0,67
06/02/2016,EVV,IN,AGL,CE,Combined TRACON& Tower with Radar,4,35,19,4,62,0,0,8,6,14,4,35,27,10,76,20,0,20,96
06/03/2016,EVV,IN,AGL,CE,Combined TRACON& Tower with Radar,2,33,15,14,64,0,0,6,0,6,2,33,21,14,70,0,8,8,78
06/04/2016,EVV,IN,AGL,CE,Combined TRACON& Tower with Radar,2,19,6,0,27,0,0,4,0,4,2,19,10,0,31,0,0,0,31
06/05/2016,EVV,IN,AGL,CE,Combined TRACON& Tower with Radar,4,29,8,0,41,0,0,6,0,6,4,29,14,0,47,0,0,0,47
06/06/2016,EVV,IN,AGL,CE,Combined TRACON& Tower with Radar,2,34,14,0,50,0,2,17,0,19,2,36,31,0,69,46,0,46,115
06/07/2016,EVV,IN,AGL,CE,Combined TRACON& Tower with Radar,2,33,30,13,78,0,5,13,2,20,2,38,43,15,98,56,32,88,186
06/08/2016,EVV,IN,AGL,CE,Combined TRACON& Tower with Radar,2,36,24,0,62,0,4,16,0,20,2,40,40,0,82,4,0,4,86
06/09/2016,EVV,IN,AGL,CE,Combined TRACON& Tower with Radar,6,38,25,0,69,0,2,18,0,20,6,40,43,0,89,28,0,28,117
06/10/2016,EVV,IN,AGL,CE,Combined TRACON& Tower with Radar,4,35,25,0,64,0,9,13,0,22,4,44,38,0,86,26,0,26,112
06/11/2016,EVV,IN,AGL,CE,Combined TRACON& Tower with Radar,4,21,11,0,36,0,1,13,0,14,4,22,24,0,50,0,0,0,50
06/12/2016,EVV,IN,AGL,CE,Combined TRACON& Tower with Radar,4,33,13,0,50,0,2,7,0,9,4,35,20,0,59,0,0,0,59
06/13/2016,EVV,IN,AGL,CE,Combined TRACON& Tower with Radar,4,32,18,0,54,0,0,22,2,24,4,32,40,2,78,42,0,42,120
06/14/2016,EVV,IN,AGL,CE,Combined TRACON& Tower with Radar,4,28,14,0,46,0,1,24,0,25,4,29,38,0,71,0,0,0,71
06/15/2016,EVV,IN,AGL,CE,Combined TRACON& Tower with Radar,6,24,32,0,62,0,2,6,0,8,6,26,38,0,70,0,0,0,70
06/16/2016,EVV,IN,AGL,CE,Combined TRACON& Tower with Radar,4,39,26,8,77,0,0,14,0,14,4,39,40,8,91,54,26,80,171
06/17/2016,EVV,IN,AGL,CE,Combined TRACON& Tower with Radar,3,38,20,0,61,0,1,5,0,6,3,39,25,0,67,6,0,6,73
06/18/2016,EVV,IN,AGL,CE,Combined TRACON& Tower with Radar,4,30,14,20,68,0,2,20,0,22,4,32,34,20,90,20,14,34,124
06/19/2016,EVV,IN,AGL,CE,Combined TRACON& Tower with Radar,4,28,8,0,40,0,2,15,0,17,4,30,23,0,57,6,0,6,63
06/20/2016,EVV,IN,AGL,CE,Combined TRACON& Tower with Radar,4,30,16,3,53,0,1,30,0,31,4,31,46,3,84,51,36,87,171
06/21/2016,EVV,IN,AGL,CE,Combined TRACON& Tower with Radar,4,32,17,2,55,0,0,14,0,14,4,32,31,2,69,4,2,6,75
06/22/2016,EVV,IN,AGL,CE,Combined TRACON& Tower with Radar,4,31,24,1,60,0,10,6,0,16,4,41,30,1,76,16,0,16,92
06/23/2016,EVV,IN,AGL,CE,Combined TRACON& Tower with Radar,5,34,14,7,60,0,0,15,0,15,5,34,29,7,75,4,14,18,93
06/24/2016,EVV,IN,AGL,CE,Combined TRACON& Tower with Radar,4,30,24,3,61,0,2,24,2,28,4,32,48,5,89,0,0,0,89
06/25/2016,EVV,IN,AGL,CE,Combined TRACON& Tower with Radar,4,20,7,4,35,0,7,23,0,30,4,27,30,4,65,18,24,42,107
06/26/2016,EVV,IN,AGL,CE,Combined TRACON& Tower with Radar,3,25,14,1,43,0,9,21,1,31,3,34,35,2,74,62,0,62,136
06/27/2016,EVV,IN,AGL,CE,Combined TRACON& Tower with Radar,2,31,12,0,45,0,0,11,0,11,2,31,23,0,56,12,0,12,68
06/28/2016,EVV,IN,AGL,CE,Combined TRACON& Tower with Radar,3,30,26,0,59,0,3,19,0,22,3,33,45,0,81,67,0,67,148
06/29/2016,EVV,IN,AGL,CE,Combined TRACON& Tower with Radar,4,41,28,3,76,0,4,17,1,22,4,45,45,4,98,24,0,24,122
06/30/2016,EVV,IN,AGL,CE,Combined TRACON& Tower with Radar,5,29,13,0,47,0,3,23,1,27,5,32,36,1,74,56,0,56,130
07/01/2016,EVV,IN,AGL,CE,Combined TRACON& Tower with Radar,2,32,13,0,47,0,1,15,0,16,2,33,28,0,63,62,0,62,125
07/02/2016,EVV,IN,AGL,CE,Combined TRACON& Tower with Radar,2,20,12,0,34,0,1,11,0,12,2,21,23,0,46,14,0,14,60
07/03/2016,EVV,IN,AGL,CE,Combined TRACON& Tower with Radar,3,16,3,0,22,0,1,3,0,4,3,17,6,0,26,0,0,0,26
07/04/2016,EVV,IN,AGL,CE,Combined TRACON& Tower with Radar,1,22,2,0,25,0,1,2,0,3,1,23,4,0,28,0,0,0,28
07/05/2016,EVV,IN,AGL,CE,Combined TRACON& Tower with Radar,0,31,19,0,50,0,4,38,0,42,0,35,57,0,92,6,0,6,98
07/06/2016,EVV,IN,AGL,CE,Combined TRACON& Tower with Radar,2,30,10,1,43,0,1,20,0,21,2,31,30,1,64,6,0,6,70
07/07/2016,EVV,IN,AGL,CE,Combined TRACON& Tower with Radar,3,34,22,17,76,0,2,27,0,29,3,36,49,17,105,20,12,32,137
07/08/2016,EVV,IN,AGL,CE,Combined TRACON& Tower with Radar,3,38,9,0,50,0,4,19,0,23,3,42,28,0,73,11,0,11,84
07/09/2016,EVV,IN,AGL,CE,Combined TRACON& Tower with Radar,1,30,9,0,40,0,1,15,0,16,1,31,24,0,56,8,0,8,64
07/10/2016,EVV,IN,AGL,CE,Combined TRACON& Tower with Radar,3,29,18,0,50,0,0,19,0,19,3,29,37,0,69,0,0,0,69
07/11/2016,EVV,IN,AGL,CE,Combined TRACON& Tower with Radar,1,30,3,13,47,0,1,16,0,17,1,31,19,13,64,0,26,26,90
07/12/2016,EVV,IN,AGL,CE,Combined TRACON& Tower with Radar,1,34,10,0,45,0,3,6,0,9,1,37,16,0,54,1,0,1,55
07/13/2016,EVV,IN,AGL,CE,Combined TRACON& Tower with Radar,3,35,14,0,52,0,7,32,0,39,3,42,46,0,91,0,0,0,91
07/14/2016,EVV,IN,AGL,CE,Combined TRACON& Tower with Radar,7,36,15,0,58,0,0,7,0,7,7,36,22,0,65,0,0,0,65
07/15/2016,EVV,IN,AGL,CE,Combined TRACON& Tower with Radar,1,41,13,2,57,0,1,16,0,17,1,42,29,2,74,0,0,0,74
07/16/2016,EVV,IN,AGL,CE,Combined TRACON& Tower with Radar,1,22,21,0,44,0,0,18,0,18,1,22,39,0,62,32,0,32,94
07/17/2016,EVV,IN,AGL,CE,Combined TRACON& Tower with Radar,3,30,14,0,47,0,0,22,0,22,3,30,36,0,69,36,0,36,105
07/18/2016,EVV,IN,AGL,CE,Combined TRACON& Tower with Radar,1,29,13,0,43,0,0,5,0,5,1,29,18,0,48,2,0,2,50
07/19/2016,EVV,IN,AGL,CE,Combined TRACON& Tower with Radar,1,30,23,1,55,0,5,12,4,21,1,35,35,5,76,0,0,0,76
07/20/2016,EVV,IN,AGL,CE,Combined TRACON& Tower with Radar,3,39,17,0,59,0,2,44,1,47,3,41,61,1,106,24,0,24,130
07/21/2016,EVV,IN,AGL,CE,Combined TRACON& Tower with Radar,2,34,25,0,61,0,8,20,0,28,2,42,45,0,89,0,0,0,89
07/22/2016,EVV,IN,AGL,CE,Combined TRACON& Tower with Radar,2,30,21,18,71,0,0,12,2,14,2,30,33,20,85,2,6,8,93
07/23/2016,EVV,IN,AGL,CE,Combined TRACON& Tower with Radar,3,18,14,0,35,0,2,17,0,19,3,20,31,0,54,0,0,0,54
07/24/2016,EVV,IN,AGL,CE,Combined TRACON& Tower with Radar,3,28,6,0,37,0,1,9,0,10,3,29,15,0,47,0,0,0,47
07/25/2016,EVV,IN,AGL,CE,Combined TRACON& Tower with Radar,1,32,14,0,47,0,4,8,0,12,1,36,22,0,59,0,0,0,59
07/26/2016,EVV,IN,AGL,CE,Combined TRACON& Tower with Radar,1,33,30,0,64,0,2,10,0,12,1,35,40,0,76,26,0,26,102
07/27/2016,EVV,IN,AGL,CE,Combined TRACON& Tower with Radar,2,35,15,6,58,0,0,16,0,16,2,35,31,6,74,0,0,0,74
07/28/2016,EVV,IN,AGL,CE,Combined TRACON& Tower with Radar,4,29,13,2,48,0,0,30,0,30,4,29,43,2,78,0,0,0,78
07/29/2016,EVV,IN,AGL,CE,Combined TRACON& Tower with Radar,1,39,16,5,61,0,0,47,0,47,1,39,63,5,108,40,2,42,150
07/30/2016,EVV,IN,AGL,CE,Combined TRACON& Tower with Radar,2,25,10,0,37,0,1,47,2,50,2,26,57,2,87,0,0,0,87
07/31/2016,EVV,IN,AGL,CE,Combined TRACON& Tower with Radar,2,31,12,8,53,0,0,13,0,13,2,31,25,8,66,6,0,6,72
08/01/2016,EVV,IN,AGL,CE,Combined TRACON& Tower with Radar,1,31,16,1,49,0,1,11,0,12,1,32,27,1,61,34,0,34,95
08/02/2016,EVV,IN,AGL,CE,Combined TRACON& Tower with Radar,1,30,31,2,64,0,0,8,0,8,1,30,39,2,72,24,0,24,96
08/03/2016,EVV,IN,AGL,CE,Combined TRACON& Tower with Radar,1,32,28,0,61,0,0,13,0,13,1,32,41,0,74,0,0,0,74
08/04/2016,EVV,IN,AGL,CE,Combined TRACON& Tower with Radar,3,38,26,0,67,0,6,16,0,22,3,44,42,0,89,10,0,10,99
08/05/2016,EVV,IN,AGL,CE,Combined TRACON& Tower with Radar,1,36,13,0,50,0,0,8,0,8,1,36,21,0,58,0,0,0,58
08/06/2016,EVV,IN,AGL,CE,Combined TRACON& Tower with Radar,1,23,9,0,33,0,1,19,0,20,1,24,28,0,53,0,0,0,53
08/07/2016,EVV,IN,AGL,CE,Combined TRACON& Tower with Radar,3,25,10,6,44,0,2,14,0,16,3,27,24,6,60,0,4,4,64
08/08/2016,EVV,IN,AGL,CE,Combined TRACON& Tower with Radar,3,25,10,1,39,0,1,32,2,35,3,26,42,3,74,26,0,26,100
08/09/2016,EVV,IN,AGL,CE,Combined TRACON& Tower with Radar,2,34,16,5,57,0,2,16,0,18,2,36,32,5,75,0,0,0,75
08/10/2016,EVV,IN,AGL,CE,Combined TRACON& Tower with Radar,1,40,9,0,50,0,0,4,0,4,1,40,13,0,54,16,0,16,70
08/11/2016,EVV,IN,AGL,CE,Combined TRACON& Tower with Radar,3,32,16,2,53,0,5,18,0,23,3,37,34,2,76,14,0,14,90
08/12/2016,EVV,IN,AGL,CE,Combined TRACON& Tower with Radar,1,30,11,0,42,0,3,10,0,13,1,33,21,0,55,4,0,4,59
08/13/2016,EVV,IN,AGL,CE,Combined TRACON& Tower with Radar,1,18,2,0,21,0,2,0,0,2,1,20,2,0,23,0,0,0,23
08/14/2016,EVV,IN,AGL,CE,Combined TRACON& Tower with Radar,3,29,2,0,34,0,0,2,0,2,3,29,4,0,36,0,0,0,36
08/15/2016,EVV,IN,AGL,CE,Combined TRACON& Tower with Radar,3,36,18,0,57,0,1,3,0,4,3,37,21,0,61,6,0,6,67
08/16/2016,EVV,IN,AGL,CE,Combined TRACON& Tower with Radar,1,33,13,0,47,0,0,1,0,1,1,33,14,0,48,35,0,35,83
08/17/2016,EVV,IN,AGL,CE,Combined TRACON& Tower with Radar,1,31,14,0,46,0,0,7,0,7,1,31,21,0,53,8,0,8,61
08/18/2016,EVV,IN,AGL,CE,Combined TRACON& Tower with Radar,3,30,20,2,55,0,0,14,0,14,3,30,34,2,69,0,0,0,69
08/19/2016,EVV,IN,AGL,CE,Combined TRACON& Tower with Radar,1,28,8,2,39,0,7,18,0,25,1,35,26,2,64,0,0,0,64
08/20/2016,EVV,IN,AGL,CE,Combined TRACON& Tower with Radar,1,24,12,2,39,0,0,4,0,4,1,24,16,2,43,22,0,22,65
08/21/2016,EVV,IN,AGL,CE,Combined TRACON& Tower with Radar,3,24,14,0,41,0,0,25,2,27,3,24,39,2,68,5,0,5,73
08/22/2016,EVV,IN,AGL,CE,Combined TRACON& Tower with Radar,1,39,19,0,59,0,0,13,0,13,1,39,32,0,72,0,0,0,72
08/23/2016,EVV,IN,AGL,CE,Combined TRACON& Tower with Radar,3,29,25,0,57,0,0,26,0,26,3,29,51,0,83,36,0,36,119
08/24/2016,EVV,IN,AGL,CE,Combined TRACON& Tower with Radar,1,32,21,0,54,0,1,11,2,14,1,33,32,2,68,20,0,20,88
08/25/2016,EVV,IN,AGL,CE,Combined TRACON& Tower with Radar,3,37,32,1,73,0,0,4,2,6,3,37,36,3,79,6,0,6,85
08/26/2016,EVV,IN,AGL,CE,Combined TRACON& Tower with Radar,1,35,16,10,62,0,0,11,0,11,1,35,27,10,73,32,0,32,105
08/27/2016,EVV,IN,AGL,CE,Combined TRACON& Tower with Radar,2,21,10,0,33,0,2,9,0,11,2,23,19,0,44,0,0,0,44
08/28/2016,EVV,IN,AGL,CE,Combined TRACON& Tower with Radar,4,27,15,4,50,0,0,11,0,11,4,27,26,4,61,0,0,0,61
08/29/2016,EVV,IN,AGL,CE,Combined TRACON& Tower with Radar,2,25,7,0,34,0,2,20,0,22,2,27,27,0,56,24,0,24,80
08/30/2016,EVV,IN,AGL,CE,Combined TRACON& Tower with Radar,2,35,24,0,61,0,0,9,0,9,2,35,33,0,70,2,0,2,72
08/31/2016,EVV,IN,AGL,CE,Combined TRACON& Tower with Radar,2,30,28,14,74,0,4,12,1,17,2,34,40,15,91,20,32,52,143
09/01/2016,EVV,IN,AGL,CE,Combined TRACON& Tower with Radar,4,34,21,0,59,0,5,19,0,24,4,39,40,0,83,52,0,52,135
09/02/2016,EVV,IN,AGL,CE,Combined TRACON& Tower with Radar,2,31,13,0,46,0,3,35,2,40,2,34,48,2,86,12,0,12,98
09/03/2016,EVV,IN,AGL,CE,Combined TRACON& Tower with Radar,1,18,2,0,21,0,1,28,0,29,1,19,30,0,50,12,0,12,62
09/04/2016,EVV,IN,AGL,CE,Combined TRACON& Tower with Radar,5,16,15,0,36,0,6,18,3,27,5,22,33,3,63,2,0,2,65
09/05/2016,EVV,IN,AGL,CE,Combined TRACON& Tower with Radar,2,27,18,0,47,0,6,18,0,24,2,33,36,0,71,10,0,10,81
09/06/2016,EVV,IN,AGL,CE,Combined TRACON& Tower with Radar,2,29,16,12,59,0,1,12,0,13,2,30,28,12,72,12,12,24,96
09/07/2016,EVV,IN,AGL,CE,Combined TRACON& Tower with Radar,2,26,15,11,54,0,7,20,2,29,2,33,35,13,83,7,0,7,90
09/08/2016,EVV,IN,AGL,CE,Combined TRACON& Tower with Radar,4,24,20,2,50,0,2,7,0,9,4,26,27,2,59,11,0,11,70
09/09/2016,EVV,IN,AGL,CE,Combined TRACON& Tower with Radar,2,25,8,0,35,0,0,4,0,4,2,25,12,0,39,0,0,0,39
09/10/2016,EVV,IN,AGL,CE,Combined TRACON& Tower with Radar,2,18,14,0,34,0,6,10,0,16,2,24,24,0,50,0,0,0,50
09/11/2016,EVV,IN,AGL,CE,Combined TRACON& Tower with Radar,4,25,12,0,41,0,3,23,0,26,4,28,35,0,67,8,0,8,75
09/12/2016,EVV,IN,AGL,CE,Combined TRACON& Tower with Radar,2,32,13,0,47,0,2,14,0,16,2,34,27,0,63,26,0,26,89
09/13/2016,EVV,IN,AGL,CE,Combined TRACON& Tower with Radar,2,35,29,0,66,0,2,19,0,21,2,37,48,0,87,4,0,4,91
09/14/2016,EVV,IN,AGL,CE,Combined TRACON& Tower with Radar,2,37,30,10,79,0,0,15,0,15,2,37,45,10,94,0,26,26,120
09/15/2016,EVV,IN,AGL,CE,Combined TRACON& Tower with Radar,4,37,18,0,59,0,7,12,0,19,4,44,30,0,78,19,0,19,97
09/16/2016,EVV,IN,AGL,CE,Combined TRACON& Tower with Radar,3,33,19,2,57,0,0,18,0,18,3,33,37,2,75,24,0,24,99
09/17/2016,EVV,IN,AGL,CE,Combined TRACON& Tower with Radar,5,17,4,0,26,0,2,0,0,2,5,19,4,0,28,0,0,0,28
09/18/2016,EVV,IN,AGL,CE,Combined TRACON& Tower with Radar,7,28,18,24,77,0,0,8,0,8,7,28,26,24,85,6,18,24,109
09/19/2016,EVV,IN,AGL,CE,Combined TRACON& Tower with Radar,4,25,30,0,59,0,3,29,0,32,4,28,59,0,91,61,0,61,152
09/20/2016,EVV,IN,AGL,CE,Combined TRACON& Tower with Radar,2,31,26,4,63,0,4,23,0,27,2,35,49,4,90,28,0,28,118
09/21/2016,EVV,IN,AGL,CE,Combined TRACON& Tower with Radar,2,24,29,0,55,0,3,19,1,23,2,27,48,1,78,22,0,22,100
09/22/2016,EVV,IN,AGL,CE,Combined TRACON& Tower with Radar,4,31,21,9,65,0,5,25,1,31,4,36,46,10,96,30,22,52,148
09/23/2016,EVV,IN,AGL,CE,Combined TRACON& Tower with Radar,2,35,12,0,49,0,2,17,0,19,2,37,29,0,68,20,0,20,88
09/24/2016,EVV,IN,AGL,CE,Combined TRACON& Tower with Radar,4,20,15,0,39,0,13,20,0,33,4,33,35,0,72,0,0,0,72
09/25/2016,EVV,IN,AGL,CE,Combined TRACON& Tower with Radar,4,25,10,0,39,0,0,23,0,23,4,25,33,0,62,18,0,18,80
09/26/2016,EVV,IN,AGL,CE,Combined TRACON& Tower with Radar,2,33,8,0,43,0,4,8,0,12,2,37,16,0,55,0,0,0,55
09/27/2016,EVV,IN,AGL,CE,Combined TRACON& Tower with Radar,2,38,22,0,62,0,10,19,2,31,2,48,41,2,93,39,0,39,132
09/28/2016,EVV,IN,AGL,CE,Combined TRACON& Tower with Radar,3,29,25,0,57,0,7,12,0,19,3,36,37,0,76,14,0,14,90
09/29/2016,EVV,IN,AGL,CE,Combined TRACON& Tower with Radar,4,37,26,0,67,0,2,4,0,6,4,39,30,0,73,32,0,32,105
09/30/2016,EVV,IN,AGL,CE,Combined TRACON& Tower with Radar,2,33,10,1,46,0,1,10,0,11,2,34,20,1,57,16,0,16,73
10/01/2016,EVV,IN,AGL,CE,Combined TRACON& Tower with Radar,1,19,6,2,28,0,1,0,0,1,1,20,6,2,29,24,0,24,53
10/02/2016,EVV,IN,AGL,CE,Combined TRACON& Tower with Radar,4,29,15,0,48,0,0,9,0,9,4,29,24,0,57,12,0,12,69
10/03/2016,EVV,IN,AGL,CE,Combined TRACON& Tower with Radar,2,30,26,2,60,0,2,30,1,33,2,32,56,3,93,56,0,56,149
10/04/2016,EVV,IN,AGL,CE,Combined TRACON& Tower with Radar,2,35,26,0,63,0,2,30,0,32,2,37,56,0,95,30,0,30,125
10/05/2016,EVV,IN,AGL,CE,Combined TRACON& Tower with Radar,2,29,34,10,75,0,2,33,1,36,2,31,67,11,111,22,4,26,137
10/06/2016,EVV,IN,AGL,CE,Combined TRACON& Tower with Radar,2,34,15,2,53,0,20,15,0,35,2,54,30,2,88,50,2,52,140
10/07/2016,EVV,IN,AGL,CE,Combined TRACON& Tower with Radar,2,26,17,6,51,0,0,10,0,10,2,26,27,6,61,0,0,0,61
10/08/2016,EVV,IN,AGL,CE,Combined TRACON& Tower with Radar,2,21,7,0,30,0,0,13,0,13,2,21,20,0,43,0,0,0,43
10/09/2016,EVV,IN,AGL,CE,Combined TRACON& Tower with Radar,4,27,14,0,45,0,0,19,0,19,4,27,33,0,64,8,0,8,72
10/10/2016,EVV,IN,AGL,CE,Combined TRACON& Tower with Radar,3,31,19,0,53,0,0,28,0,28,3,31,47,0,81,42,0,42,123
10/11/2016,EVV,IN,AGL,CE,Combined TRACON& Tower with Radar,5,30,14,0,49,0,2,14,0,16,5,32,28,0,65,25,0,25,90
10/12/2016,EVV,IN,AGL,CE,Combined TRACON& Tower with Radar,6,32,22,16,76,0,0,12,0,12,6,32,34,16,88,36,14,50,138
10/13/2016,EVV,IN,AGL,CE,Combined TRACON& Tower with Radar,5,41,28,0,74,0,6,2,1,9,5,47,30,1,83,0,0,0,83
10/14/2016,EVV,IN,AGL,CE,Combined TRACON& Tower with Radar,2,32,21,4,59,0,0,7,0,7,2,32,28,4,66,8,0,8,74
10/15/2016,EVV,IN,AGL,CE,Combined TRACON& Tower with Radar,2,27,7,57,93,0,2,3,0,5,2,29,10,57,98,32,30,62,160
10/16/2016,EVV,IN,AGL,CE,Combined TRACON& Tower with Radar,4,29,14,0,47,0,0,15,0,15,4,29,29,0,62,0,0,0,62
10/17/2016,EVV,IN,AGL,CE,Combined TRACON& Tower with Radar,2,31,13,3,49,0,2,15,5,22,2,33,28,8,71,18,0,18,89
10/18/2016,EVV,IN,AGL,CE,Combined TRACON& Tower with Radar,2,30,22,2,56,0,2,6,0,8,2,32,28,2,64,12,0,12,76
10/19/2016,EVV,IN,AGL,CE,Combined TRACON& Tower with Radar,2,31,13,0,46,0,0,5,0,5,2,31,18,0,51,20,0,20,71
10/20/2016,EVV,IN,AGL,CE,Combined TRACON& Tower with Radar,4,29,20,0,53,0,1,0,0,1,4,30,20,0,54,0,0,0,54
10/21/2016,EVV,IN,AGL,CE,Combined TRACON& Tower with Radar,2,30,15,0,47,0,2,11,0,13,2,32,26,0,60,22,0,22,82
10/22/2016,EVV,IN,AGL,CE,Combined TRACON& Tower with Radar,6,21,8,0,35,0,0,20,0,20,6,21,28,0,55,0,0,0,55
10/23/2016,EVV,IN,AGL,CE,Combined TRACON& Tower with Radar,4,24,12,0,40,0,1,9,0,10,4,25,21,0,50,14,0,14,64
10/24/2016,EVV,IN,AGL,CE,Combined TRACON& Tower with Radar,2,32,9,7,50,0,4,19,0,23,2,36,28,7,73,6,12,18,91
10/25/2016,EVV,IN,AGL,CE,Combined TRACON& Tower with Radar,4,26,27,13,70,0,2,16,0,18,4,28,43,13,88,8,20,28,116
10/26/2016,EVV,IN,AGL,CE,Combined TRACON& Tower with Radar,2,28,29,0,59,0,2,8,0,10,2,30,37,0,69,16,0,16,85
10/27/2016,EVV,IN,AGL,CE,Combined TRACON& Tower with Radar,4,37,22,0,63,0,2,5,0,7,4,39,27,0,70,8,0,8,78
10/28/2016,EVV,IN,AGL,CE,Combined TRACON& Tower with Radar,2,37,13,0,52,0,6,11,0,17,2,43,24,0,69,4,0,4,73
10/29/2016,EVV,IN,AGL,CE,Combined TRACON& Tower with Radar,2,21,10,0,33,0,0,15,0,15,2,21,25,0,48,20,0,20,68
10/30/2016,EVV,IN,AGL,CE,Combined TRACON& Tower with Radar,4,22,17,0,43,0,2,25,0,27,4,24,42,0,70,32,0,32,102
10/31/2016,EVV,IN,AGL,CE,Combined TRACON& Tower with Radar,2,25,13,0,40,0,2,8,0,10,2,27,21,0,50,0,0,0,50
11/01/2016,EVV,IN,AGL,CE,Combined TRACON& Tower with Radar,2,24,18,10,54,0,1,20,1,22,2,25,38,11,76,28,20,48,124
11/02/2016,EVV,IN,AGL,CE,Combined TRACON& Tower with Radar,2,22,23,0,47,0,0,9,1,10,2,22,32,1,57,0,0,0,57
11/03/2016,EVV,IN,AGL,CE,Combined TRACON& Tower with Radar,5,23,31,0,59,0,0,8,0,8,5,23,39,0,67,12,0,12,79
11/04/2016,EVV,IN,AGL,CE,Combined TRACON& Tower with Radar,2,31,11,2,46,0,2,16,0,18,2,33,27,2,64,12,0,12,76
11/05/2016,EVV,IN,AGL,CE,Combined TRACON& Tower with Radar,1,23,5,0,29,0,0,21,0,21,1,23,26,0,50,6,0,6,56
11/06/2016,EVV,IN,AGL,CE,Combined TRACON& Tower with Radar,5,27,12,0,44,0,0,19,1,20,5,27,31,1,64,0,0,0,64
11/07/2016,EVV,IN,AGL,CE,Combined TRACON& Tower with Radar,4,35,22,1,62,0,1,12,0,13,4,36,34,1,75,0,0,0,75
11/08/2016,EVV,IN,AGL,CE,Combined TRACON& Tower with Radar,4,26,13,1,44,0,0,12,1,13,4,26,25,2,57,42,0,42,99
11/09/2016,EVV,IN,AGL,CE,Combined TRACON& Tower with Radar,4,32,26,3,65,0,9,10,0,19,4,41,36,3,84,18,14,32,116
11/10/2016,EVV,IN,AGL,CE,Combined TRACON& Tower with Radar,6,31,21,1,59,0,4,28,1,33,6,35,49,2,92,10,0,10,102
11/11/2016,EVV,IN,AGL,CE,Combined TRACON& Tower with Radar,3,29,11,0,43,0,4,18,0,22,3,33,29,0,65,50,0,50,115
11/12/2016,EVV,IN,AGL,CE,Combined TRACON& Tower with Radar,2,21,16,0,39,0,2,16,0,18,2,23,32,0,57,0,0,0,57
11/13/2016,EVV,IN,AGL,CE,Combined TRACON& Tower with Radar,7,29,10,0,46,0,2,28,0,30,7,31,38,0,76,12,0,12,88
11/14/2016,EVV,IN,AGL,CE,Combined TRACON& Tower with Radar,5,27,19,0,51,0,2,14,0,16,5,29,33,0,67,32,0,32,99
11/15/2016,EVV,IN,AGL,CE,Combined TRACON& Tower with Radar,4,32,19,0,55,0,2,16,1,19,4,34,35,1,74,6,0,6,80
11/16/2016,EVV,IN,AGL,CE,Combined TRACON& Tower with Radar,4,28,20,0,52,0,1,20,0,21,4,29,40,0,73,0,0,0,73
11/17/2016,EVV,IN,AGL,CE,Combined TRACON& Tower with Radar,6,28,20,0,54,0,2,14,0,16,6,30,34,0,70,0,0,0,70
11/18/2016,EVV,IN,AGL,CE,Combined TRACON& Tower with Radar,4,37,7,0,48,0,7,5,0,12,4,44,12,0,60,2,0,2,62
11/19/2016,EVV,IN,AGL,CE,Combined TRACON& Tower with Radar,2,25,11,0,38,0,1,12,0,13,2,26,23,0,51,4,0,4,55
11/20/2016,EVV,IN,AGL,CE,Combined TRACON& Tower with Radar,7,20,9,0,36,0,0,8,0,8,7,20,17,0,44,0,0,0,44
11/21/2016,EVV,IN,AGL,CE,Combined TRACON& Tower with Radar,3,28,17,6,54,0,1,23,0,24,3,29,40,6,78,18,2,20,98
11/22/2016,EVV,IN,AGL,CE,Combined TRACON& Tower with Radar,6,29,19,0,54,0,5,17,0,22,6,34,36,0,76,36,0,36,112
11/23/2016,EVV,IN,AGL,CE,Combined TRACON& Tower with Radar,4,36,16,14,70,0,0,2,0,2,4,36,18,14,72,0,20,20,92
11/24/2016,EVV,IN,AGL,CE,Combined TRACON& Tower with Radar,1,13,4,0,18,0,0,2,0,2,1,13,6,0,20,0,0,0,20
11/25/2016,EVV,IN,AGL,CE,Combined TRACON& Tower with Radar,1,18,8,0,27,0,4,8,0,12,1,22,16,0,39,0,0,0,39
11/26/2016,EVV,IN,AGL,CE,Combined TRACON& Tower with Radar,2,25,13,0,40,0,3,20,0,23,2,28,33,0,63,0,0,0,63
11/27/2016,EVV,IN,AGL,CE,Combined TRACON& Tower with Radar,6,27,14,0,47,0,3,7,0,10,6,30,21,0,57,0,0,0,57
11/28/2016,EVV,IN,AGL,CE,Combined TRACON& Tower with Radar,4,28,6,0,38,0,0,0,0,0,4,28,6,0,38,0,0,0,38
11/29/2016,EVV,IN,AGL,CE,Combined TRACON& Tower with Radar,2,31,22,0,55,0,3,12,0,15,2,34,34,0,70,28,0,28,98
11/30/2016,EVV,IN,AGL,CE,Combined TRACON& Tower with Radar,2,34,22,0,58,0,3,12,0,15,2,37,34,0,73,22,0,22,95
12/01/2016,EVV,IN,AGL,CE,Combined TRACON& Tower with Radar,6,39,16,1,62,0,4,10,0,14,6,43,26,1,76,18,0,18,94
12/02/2016,EVV,IN,AGL,CE,Combined TRACON& Tower with Radar,2,43,20,4,69,0,4,17,8,29,2,47,37,12,98,34,22,56,154
12/03/2016,EVV,IN,AGL,CE,Combined TRACON& Tower with Radar,4,18,9,0,31,0,3,9,0,12,4,21,18,0,43,0,0,0,43
12/04/2016,EVV,IN,AGL,CE,Combined TRACON& Tower with Radar,5,25,4,0,34,0,0,0,0,0,5,25,4,0,34,14,0,14,48
12/05/2016,EVV,IN,AGL,CE,Combined TRACON& Tower with Radar,5,30,29,6,70,0,4,5,0,9,5,34,34,6,79,14,8,22,101
12/06/2016,EVV,IN,AGL,CE,Combined TRACON& Tower with Radar,2,39,13,2,56,0,0,0,0,0,2,39,13,2,56,0,0,0,56
12/07/2016,EVV,IN,AGL,CE,Combined TRACON& Tower with Radar,2,31,37,0,70,0,2,20,0,22,2,33,57,0,92,34,0,34,126
12/08/2016,EVV,IN,AGL,CE,Combined TRACON& Tower with Radar,4,37,25,4,70,0,4,16,0,20,4,41,41,4,90,22,0,22,112
12/09/2016,EVV,IN,AGL,CE,Combined TRACON& Tower with Radar,2,37,13,4,56,0,2,8,0,10,2,39,21,4,66,6,0,6,72
12/10/2016,EVV,IN,AGL,CE,Combined TRACON& Tower with Radar,4,18,13,0,35,0,0,12,0,12,4,18,25,0,47,0,0,0,47
12/11/2016,EVV,IN,AGL,CE,Combined TRACON& Tower with Radar,4,18,6,0,28,0,0,2,0,2,4,18,8,0,30,0,0,0,30
12/12/2016,EVV,IN,AGL,CE,Combined TRACON& Tower with Radar,2,38,24,2,66,0,0,3,0,3,2,38,27,2,69,12,2,14,83
12/13/2016,EVV,IN,AGL,CE,Combined TRACON& Tower with Radar,2,36,23,2,63,0,0,4,0,4,2,36,27,2,67,0,0,0,67
12/14/2016,EVV,IN,AGL,CE,Combined TRACON& Tower with Radar,2,35,22,0,59,0,1,15,5,21,2,36,37,5,80,22,0,22,102
12/15/2016,EVV,IN,AGL,CE,Combined TRACON& Tower with Radar,4,30,16,0,50,0,3,12,0,15,4,33,28,0,65,10,0,10,75
12/16/2016,EVV,IN,AGL,CE,Combined TRACON& Tower with Radar,2,27,14,0,43,0,5,16,0,21,2,32,30,0,64,12,0,12,76
12/17/2016,EVV,IN,AGL,CE,Combined TRACON& Tower with Radar,2,16,4,0,22,0,0,0,0,0,2,16,4,0,22,0,0,0,22
12/18/2016,EVV,IN,AGL,CE,Combined TRACON& Tower with Radar,4,19,6,0,29,0,1,1,0,2,4,20,7,0,31,14,0,14,45
12/19/2016,EVV,IN,AGL,CE,Combined TRACON& Tower with Radar,2,28,12,0,42,0,0,24,0,24,2,28,36,0,66,0,0,0,66
12/20/2016,EVV,IN,AGL,CE,Combined TRACON& Tower with Radar,2,29,16,0,47,0,0,31,0,31,2,29,47,0,78,72,0,72,150
12/21/2016,EVV,IN,AGL,CE,Combined TRACON& Tower with Radar,2,29,15,0,46,0,0,28,0,28,2,29,43,0,74,0,0,0,74
12/22/2016,EVV,IN,AGL,CE,Combined TRACON& Tower with Radar,4,43,26,0,73,0,1,11,0,12,4,44,37,0,85,48,2,50,135
12/23/2016,EVV,IN,AGL,CE,Combined TRACON& Tower with Radar,2,24,10,0,36,0,3,13,0,16,2,27,23,0,52,0,0,0,52
12/24/2016,EVV,IN,AGL,CE,Combined TRACON& Tower with Radar,2,16,2,0,20,0,0,0,0,0,2,16,2,0,20,0,0,0,20
12/25/2016,EVV,IN,AGL,CE,Combined TRACON& Tower with Radar,2,13,5,0,20,0,0,0,0,0,2,13,5,0,20,0,0,0,20
12/26/2016,EVV,IN,AGL,CE,Combined TRACON& Tower with Radar,2,25,18,0,45,0,0,0,0,0,2,25,18,0,45,0,0,0,45
12/27/2016,EVV,IN,AGL,CE,Combined TRACON& Tower with Radar,4,28,15,0,47,0,0,15,0,15,4,28,30,0,62,8,0,8,70
12/28/2016,EVV,IN,AGL,CE,Combined TRACON& Tower with Radar,2,26,10,0,38,0,0,6,0,6,2,26,16,0,44,10,0,10,54
12/29/2016,EVV,IN,AGL,CE,Combined TRACON& Tower with Radar,4,26,10,0,40,0,3,7,0,10,4,29,17,0,50,4,0,4,54
12/30/2016,EVV,IN,AGL,CE,Combined TRACON& Tower with Radar,2,31,9,0,42,0,0,16,0,16,2,31,25,0,58,0,0,0,58
12/31/2016,EVV,IN,AGL,CE,Combined TRACON& Tower with Radar,2,16,7,0,25,0,0,7,0,7,2,16,14,0,32,0,0,0,32
01/01/2017,EVV,IN,AGL,CE,Combined TRACON& Tower with Radar,2,22,9,0,33,0,0,2,0,2,2,22,11,0,35,4,0,4,39
01/02/2017,EVV,IN,AGL,CE,Combined TRACON& Tower with Radar,1,22,7,0,30,0,0,0,0,0,1,22,7,0,30,0,0,0,30
01/03/2017,EVV,IN,AGL,CE,Combined TRACON& Tower with Radar,4,27,9,0,40,0,0,0,0,0,4,27,9,0,40,10,0,10,50
01/04/2017,EVV,IN,AGL,CE,Combined TRACON& Tower with Radar,2,27,16,0,45,0,2,16,0,18,2,29,32,0,63,36,0,36,99
01/05/2017,EVV,IN,AGL,CE,Combined TRACON& Tower with Radar,4,25,6,1,36,0,2,1,0,3,4,27,7,1,39,8,0,8,47
01/06/2017,EVV,IN,AGL,CE,Combined TRACON& Tower with Radar,2,27,13,10,52,0,2,8,0,10,2,29,21,10,62,8,0,8,70
01/07/2017,EVV,IN,AGL,CE,Combined TRACON& Tower with Radar,2,18,6,0,26,0,0,13,0,13,2,18,19,0,39,8,0,8,47
01/08/2017,EVV,IN,AGL,CE,Combined TRACON& Tower with Radar,4,34,18,0,56,0,1,9,0,10,4,35,27,0,66,30,0,30,96
01/09/2017,EVV,IN,AGL,CE,Combined TRACON& Tower with Radar,1,38,11,0,50,0,2,8,0,10,1,40,19,0,60,0,0,0,60
01/10/2017,EVV,IN,AGL,CE,Combined TRACON& Tower with Radar,1,28,13,0,42,0,3,1,0,4,1,31,14,0,46,0,0,0,46
01/11/2017,EVV,IN,AGL,CE,Combined TRACON& Tower with Radar,2,34,17,0,53,0,0,0,0,0,2,34,17,0,53,14,0,14,67
01/12/2017,EVV,IN,AGL,CE,Combined TRACON& Tower with Radar,5,35,13,0,53,0,0,0,0,0,5,35,13,0,53,0,0,0,53
01/13/2017,EVV,IN,AGL,CE,Combined TRACON& Tower with Radar,2,27,16,3,48,0,0,0,3,3,2,27,16,6,51,0,0,0,51
01/14/2017,EVV,IN,AGL,CE,Combined TRACON& Tower with Radar,2,16,0,0,18,0,0,0,0,0,2,16,0,0,18,0,0,0,18
01/15/2017,EVV,IN,AGL,CE,Combined TRACON& Tower with Radar,4,19,4,0,27,0,0,0,0,0,4,19,4,0,27,0,0,0,27
01/16/2017,EVV,IN,AGL,CE,Combined TRACON& Tower with Radar,2,29,9,0,40,0,1,1,0,2,2,30,10,0,42,50,0,50,92
01/17/2017,EVV,IN,AGL,CE,Combined TRACON& Tower with Radar,1,31,21,0,53,0,0,2,1,3,1,31,23,1,56,6,0,6,62
01/18/2017,EVV,IN,AGL,CE,Combined TRACON& Tower with Radar,2,33,14,11,60,0,0,8,0,8,2,33,22,11,68,34,24,58,126
01/19/2017,EVV,IN,AGL,CE,Combined TRACON& Tower with Radar,4,33,21,0,58,0,0,3,0,3,4,33,24,0,61,0,0,0,61
01/20/2017,EVV,IN,AGL,CE,Combined TRACON& Tower with Radar,2,35,13,0,50,0,4,6,0,10,2,39,19,0,60,32,0,32,92
01/21/2017,EVV,IN,AGL,CE,Combined TRACON& Tower with Radar,1,17,20,0,38,0,0,17,0,17,1,17,37,0,55,50,0,50,105
01/22/2017,EVV,IN,AGL,CE,Combined TRACON& Tower with Radar,3,23,6,0,32,0,2,4,0,6,3,25,10,0,38,0,0,0,38
01/23/2017,EVV,IN,AGL,CE,Combined TRACON& Tower with Radar,2,32,12,0,46,0,0,1,0,1,2,32,13,0,47,0,0,0,47
01/24/2017,EVV,IN,AGL,CE,Combined TRACON& Tower with Radar,2,32,26,0,60,0,3,28,0,31,2,35,54,0,91,108,0,108,199
01/25/2017,EVV,IN,AGL,CE,Combined TRACON& Tower with Radar,2,33,20,0,55,0,1,14,0,15,2,34,34,0,70,46,0,46,116
01/26/2017,EVV,IN,AGL,CE,Combined TRACON& Tower with Radar,3,36,21,2,62,0,1,5,0,6,3,37,26,2,68,24,0,24,92
01/27/2017,EVV,IN,AGL,CE,Combined TRACON& Tower with Radar,1,30,34,0,65,0,3,19,0,22,1,33,53,0,87,26,0,26,113
01/28/2017,EVV,IN,AGL,CE,Combined TRACON& Tower with Radar,2,14,5,0,21,0,2,4,0,6,2,16,9,0,27,4,0,4,31
01/29/2017,EVV,IN,AGL,CE,Combined TRACON& Tower with Radar,2,26,3,0,31,0,2,5,0,7,2,28,8,0,38,0,0,0,38
01/30/2017,EVV,IN,AGL,CE,Combined TRACON& Tower with Radar,1,37,15,2,55,0,6,15,0,21,1,43,30,2,76,8,0,8,84
01/31/2017,EVV,IN,AGL,CE,Combined TRACON& Tower with Radar,2,35,14,0,51,0,0,16,1,17,2,35,30,1,68,38,0,38,106
02/01/2017,EVV,IN,AGL,CE,Combined TRACON& Tower with Radar,2,35,22,0,59,0,4,27,0,31,2,39,49,0,90,8,0,8,98
02/02/2017,EVV,IN,AGL,CE,Combined TRACON& Tower with Radar,4,31,36,0,71,0,8,20,0,28,4,39,56,0,99,40,0,40,139
02/03/2017,EVV,IN,AGL,CE,Combined TRACON& Tower with Radar,2,35,11,0,48,0,1,11,0,12,2,36,22,0,60,0,0,0,60
02/04/2017,EVV,IN,AGL,CE,Combined TRACON& Tower with Radar,2,17,9,0,28,0,2,11,0,13,2,19,20,0,41,0,0,0,41
02/05/2017,EVV,IN,AGL,CE,Combined TRACON& Tower with Radar,4,19,29,0,52,0,2,36,0,38,4,21,65,0,90,8,0,8,98
02/06/2017,EVV,IN,AGL,CE,Combined TRACON& Tower with Radar,2,32,5,0,39,0,0,0,0,0,2,32,5,0,39,0,0,0,39
02/07/2017,EVV,IN,AGL,CE,Combined TRACON& Tower with Radar,2,40,7,0,49,0,2,10,0,12,2,42,17,0,61,0,0,0,61
02/08/2017,EVV,IN,AGL,CE,Combined TRACON& Tower with Radar,2,37,36,0,75,0,0,6,0,6,2,37,42,0,81,34,0,34,115
02/09/2017,EVV,IN,AGL,CE,Combined TRACON& Tower with Radar,3,31,23,0,57,0,8,5,0,13,3,39,28,0,70,0,0,0,70
02/10/2017,EVV,IN,AGL,CE,Combined TRACON& Tower with Radar,1,32,23,0,56,0,5,19,0,24,1,37,42,0,80,40,0,40,120
02/11/2017,EVV,IN,AGL,CE,Combined TRACON& Tower with Radar,2,13,2,0,17,0,0,5,0,5,2,13,7,0,22,0,0,0,22
02/12/2017,EVV,IN,AGL,CE,Combined TRACON& Tower with Radar,4,23,8,0,35,0,2,6,0,8,4,25,14,0,43,0,0,0,43
02/13/2017,EVV,IN,AGL,CE,Combined TRACON& Tower with Radar,2,34,18,4,58,0,13,17,4,34,2,47,35,8,92,86,0,86,178
02/14/2017,EVV,IN,AGL,CE,Combined TRACON& Tower with Radar,1,34,18,0,53,0,3,11,1,15,1,37,29,1,68,30,0,30,98
02/15/2017,EVV,IN,AGL,CE,Combined TRACON& Tower with Radar,2,33,25,7,67,0,2,19,0,21,2,35,44,7,88,44,0,44,132
02/16/2017,EVV,IN,AGL,CE,Combined TRACON& Tower with Radar,4,35,13,0,52,0,4,23,0,27,4,39,36,0,79,18,0,18,97
02/17/2017,EVV,IN,AGL,CE,Combined TRACON& Tower with Radar,1,31,11,0,43,0,2,12,0,14,1,33,23,0,57,20,0,20,77
02/18/2017,EVV,IN,AGL,CE,Combined TRACON& Tower with Radar,0,19,6,0,25,0,0,6,0,6,0,19,12,0,31,4,0,4,35
02/19/2017,EVV,IN,AGL,CE,Combined TRACON& Tower with Radar,2,23,20,0,45,0,0,4,0,4,2,23,24,0,49,38,0,38,87
02/20/2017,EVV,IN,AGL,CE,Combined TRACON& Tower with Radar,0,37,6,0,43,0,6,4,0,10,0,43,10,0,53,20,0,20,73
02/21/2017,EVV,IN,AGL,CE,Combined TRACON& Tower with Radar,0,34,16,9,59,0,0,0,0,0,0,34,16,9,59,0,20,20,79
02/22/2017,EVV,IN,AGL,CE,Combined TRACON& Tower with Radar,0,37,17,0,54,0,1,4,0,5,0,38,21,0,59,30,0,30,89
02/23/2017,EVV,IN,AGL,CE,Combined TRACON& Tower with Radar,0,30,27,2,59,0,1,12,0,13,0,31,39,2,72,0,0,0,72
02/24/2017,EVV,IN,AGL,CE,Combined TRACON& Tower with Radar,2,33,16,0,51,0,4,0,0,4,2,37,16,0,55,0,0,0,55
02/25/2017,EVV,IN,AGL,CE,Combined TRACON& Tower with Radar,0,16,5,0,21,0,0,2,0,2,0,16,7,0,23,0,0,0,23
02/26/2017,EVV,IN,AGL,CE,Combined TRACON& Tower with Radar,2,26,18,0,46,0,5,24,0,29,2,31,42,0,75,4,0,4,79
02/27/2017,EVV,IN,AGL,CE,Combined TRACON& Tower with Radar,0,35,11,6,52,0,6,2,0,8,0,41,13,6,60,12,8,20,80
02/28/2017,EVV,IN,AGL,CE,Combined TRACON& Tower with Radar,0,33,15,0,48,0,2,1,0,3,0,35,16,0,51,4,0,4,55
03/01/2017,EVV,IN,AGL,CE,Combined TRACON& Tower with Radar,0,32,10,0,42,0,1,3,0,4,0,33,13,0,46,0,0,0,46
03/02/2017,EVV,IN,AGL,CE,Combined TRACON& Tower with Radar,2,39,20,0,61,0,4,13,0,17,2,43,33,0,78,0,0,0,78
03/03/2017,EVV,IN,AGL,CE,Combined TRACON& Tower with Radar,0,34,20,5,59,0,4,20,0,24,0,38,40,5,83,28,12,40,123
03/04/2017,EVV,IN,AGL,CE,Combined TRACON& Tower with Radar,0,17,9,0,26,0,5,28,0,33,0,22,37,0,59,56,0,56,115
03/05/2017,EVV,IN,AGL,CE,Combined TRACON& Tower with Radar,2,33,19,0,54,0,0,26,0,26,2,33,45,0,80,2,0,2,82
03/06/2017,EVV,IN,AGL,CE,Combined TRACON& Tower with Radar,1,41,11,0,53,0,0,2,0,2,1,41,13,0,55,0,0,0,55
03/07/2017,EVV,IN,AGL,CE,Combined TRACON& Tower with Radar,0,39,7,0,46,0,2,15,0,17,0,41,22,0,63,25,0,25,88
03/08/2017,EVV,IN,AGL,CE,Combined TRACON& Tower with Radar,1,36,39,4,80,0,0,29,0,29,1,36,68,4,109,54,8,62,171
03/09/2017,EVV,IN,AGL,CE,Combined TRACON& Tower with Radar,6,31,22,0,59,0,2,17,0,19,6,33,39,0,78,0,0,0,78
03/10/2017,EVV,IN,AGL,CE,Combined TRACON& Tower with Radar,2,34,26,6,68,0,1,8,0,9,2,35,34,6,77,24,0,24,101
03/11/2017,EVV,IN,AGL,CE,Combined TRACON& Tower with Radar,2,21,15,0,38,0,0,10,0,10,2,21,25,0,48,4,0,4,52
03/12/2017,EVV,IN,AGL,CE,Combined TRACON& Tower with Radar,4,25,5,0,34,0,0,11,0,11,4,25,16,0,45,4,0,4,49
03/13/2017,EVV,IN,AGL,CE,Combined TRACON& Tower with Radar,2,29,10,0,41,0,0,1,0,1,2,29,11,0,42,6,0,6,48
03/14/2017,EVV,IN,AGL,CE,Combined TRACON& Tower with Radar,2,28,10,0,40,0,4,12,0,16,2,32,22,0,56,32,0,32,88
03/15/2017,EVV,IN,AGL,CE,Combined TRACON& Tower with Radar,2,32,23,2,59,0,2,21,0,23,2,34,44,2,82,28,0,28,110
03/16/2017,EVV,IN,AGL,CE,Combined TRACON& Tower with Radar,2,36,22,5,65,0,2,19,1,22,2,38,41,6,87,34,0,34,121
03/17/2017,EVV,IN,AGL,CE,Combined TRACON& Tower with Radar,3,37,17,0,57,0,2,2,0,4,3,39,19,0,61,0,0,0,61
03/18/2017,EVV,IN,AGL,CE,Combined TRACON& Tower with Radar,2,18,8,0,28,0,1,15,0,16,2,19,23,0,44,0,0,0,44
03/19/2017,EVV,IN,AGL,CE,Combined TRACON& Tower with Radar,4,24,10,0,38,0,0,17,0,17,4,24,27,0,55,46,0,46,101
03/20/2017,EVV,IN,AGL,CE,Combined TRACON& Tower with Radar,2,32,10,0,44,0,6,15,0,21,2,38,25,0,65,2,0,2,67
03/21/2017,EVV,IN,AGL,CE,Combined TRACON& Tower with Radar,2,35,21,0,58,0,2,2,0,4,2,37,23,0,62,0,0,0,62
03/22/2017,EVV,IN,AGL,CE,Combined TRACON& Tower with Radar,2,39,23,0,64,0,4,22,0,26,2,43,45,0,90,32,0,32,122
03/23/2017,EVV,IN,AGL,CE,Combined TRACON& Tower with Radar,4,29,23,0,56,0,6,10,0,16,4,35,33,0,72,40,0,40,112
03/24/2017,EVV,IN,AGL,CE,Combined TRACON& Tower with Radar,2,35,17,0,54,0,1,8,0,9,2,36,25,0,63,0,0,0,63
03/25/2017,EVV,IN,AGL,CE,Combined TRACON& Tower with Radar,2,24,5,0,31,0,2,0,0,2,2,26,5,0,33,0,0,0,33
03/26/2017,EVV,IN,AGL,CE,Combined TRACON& Tower with Radar,4,24,4,0,32,0,0,5,0,5,4,24,9,0,37,0,0,0,37
03/27/2017,EVV,IN,AGL,CE,Combined TRACON& Tower with Radar,2,31,6,0,39,0,3,0,0,3,2,34,6,0,42,0,0,0,42
03/28/2017,EVV,IN,AGL,CE,Combined TRACON& Tower with Radar,2,31,18,2,53,0,0,6,0,6,2,31,24,2,59,22,0,22,81
03/29/2017,EVV,IN,AGL,CE,Combined TRACON& Tower with Radar,2,33,20,1,56,0,2,16,0,18,2,35,36,1,74,0,0,0,74
03/30/2017,EVV,IN,AGL,CE,Combined TRACON& Tower with Radar,4,31,11,0,46,0,1,2,0,3,4,32,13,0,49,0,0,0,49
03/31/2017,EVV,IN,AGL,CE,Combined TRACON& Tower with Radar,2,33,10,0,45,0,0,0,0,0,2,33,10,0,45,71,0,71,116
04/01/2017,EVV,IN,AGL,CE,Combined TRACON& Tower with Radar,2,20,18,0,40,0,0,31,0,31,2,20,49,0,71,20,0,20,91
04/02/2017,EVV,IN,AGL,CE,Combined TRACON& Tower with Radar,3,31,16,0,50,0,3,25,0,28,3,34,41,0,78,38,0,38,116
04/03/2017,EVV,IN,AGL,CE,Combined TRACON& Tower with Radar,0,27,11,11,49,0,3,13,0,16,0,30,24,11,65,4,16,20,85
04/04/2017,EVV,IN,AGL,CE,Combined TRACON& Tower with Radar,5,34,18,0,57,0,4,11,0,15,5,38,29,0,72,48,4,52,124
04/05/2017,EVV,IN,AGL,CE,Combined TRACON& Tower with Radar,4,21,5,0,30,0,0,10,0,10,4,21,15,0,40,8,0,8,48
04/06/2017,EVV,IN,AGL,CE,Combined TRACON& Tower with Radar,5,23,7,0,35,0,1,5,0,6,5,24,12,0,41,13,0,13,54
04/07/2017,EVV,IN,AGL,CE,Combined TRACON& Tower with Radar,4,29,18,0,51,0,5,24,0,29,4,34,42,0,80,14,0,14,94
04/08/2017,EVV,IN,AGL,CE,Combined TRACON& Tower with Radar,4,19,14,0,37,0,2,22,0,24,4,21,36,0,61,8,0,8,69
04/09/2017,EVV,IN,AGL,CE,Combined TRACON& Tower with Radar,7,26,8,0,41,0,4,6,0,10,7,30,14,0,51,0,0,0,51
04/10/2017,EVV,IN,AGL,CE,Combined TRACON& Tower with Radar,5,33,9,0,47,0,6,3,0,9,5,39,12,0,56,0,0,0,56
04/11/2017,EVV,IN,AGL,CE,Combined TRACON& Tower with Radar,5,33,20,0,58,0,1,18,0,19,5,34,38,0,77,4,0,4,81
04/12/2017,EVV,IN,AGL,CE,Combined TRACON& Tower with Radar,5,35,32,1,73,0,11,28,0,39,5,46,60,1,112,76,0,76,188
04/13/2017,EVV,IN,AGL,CE,Combined TRACON& Tower with Radar,7,25,29,10,71,0,7,26,0,33,7,32,55,10,104,16,18,34,138
04/14/2017,EVV,IN,AGL,CE,Combined TRACON& Tower with Radar,5,29,11,0,45,0,3,19,0,22,5,32,30,0,67,10,0,10,77
04/15/2017,EVV,IN,AGL,CE,Combined TRACON& Tower with Radar,4,16,10,0,30,0,4,32,0,36,4,20,42,0,66,0,0,0,66
04/16/2017,EVV,IN,AGL,CE,Combined TRACON& Tower with Radar,7,19,6,0,32,0,1,7,0,8,7,20,13,0,40,0,0,0,40
04/17/2017,EVV,IN,AGL,CE,Combined TRACON& Tower with Radar,2,27,13,2,44,0,2,13,0,15,2,29,26,2,59,14,0,14,73
04/18/2017,EVV,IN,AGL,CE,Combined TRACON& Tower with Radar,3,27,25,0,55,0,2,19,0,21,3,29,44,0,76,52,0,52,128
04/19/2017,EVV,IN,AGL,CE,Combined TRACON& Tower with Radar,5,31,33,0,69,0,2,33,0,35,5,33,66,0,104,42,0,42,146
04/20/2017,EVV,IN,AGL,CE,Combined TRACON& Tower with Radar,6,29,21,2,58,0,2,5,0,7,6,31,26,2,65,8,0,8,73
04/21/2017,EVV,IN,AGL,CE,Combined TRACON& Tower with Radar,4,32,19,0,55,0,4,6,0,10,4,36,25,0,65,0,0,0,65
04/22/2017,EVV,IN,AGL,CE,Combined TRACON& Tower with Radar,4,16,3,0,23,0,2,4,0,6,4,18,7,0,29,0,0,0,29
04/23/2017,EVV,IN,AGL,CE,Combined TRACON& Tower with Radar,7,23,17,2,49,0,0,18,2,20,7,23,35,4,69,0,4,4,73
04/24/2017,EVV,IN,AGL,CE,Combined TRACON& Tower with Radar,5,28,15,0,48,0,0,35,1,36,5,28,50,1,84,48,0,48,132
04/25/2017,EVV,IN,AGL,CE,Combined TRACON& Tower with Radar,5,32,25,2,64,0,0,42,1,43,5,32,67,3,107,98,2,100,207
04/26/2017,EVV,IN,AGL,CE,Combined TRACON& Tower with Radar,5,36,19,2,62,0,1,12,0,13,5,37,31,2,75,14,0,14,89
04/27/2017,EVV,IN,AGL,CE,Combined TRACON& Tower with Radar,8,32,28,0,68,0,3,9,0,12,8,35,37,0,80,8,0,8,88
04/28/2017,EVV,IN,AGL,CE,Combined TRACON& Tower with Radar,5,24,15,0,44,0,0,9,0,9,5,24,24,0,53,16,0,16,69
04/29/2017,EVV,IN,AGL,CE,Combined TRACON& Tower with Radar,4,15,8,0,27,0,4,16,0,20,4,19,24,0,47,0,0,0,47
04/30/2017,EVV,IN,AGL,CE,Combined TRACON& Tower with Radar,7,23,7,0,37,0,1,2,0,3,7,24,9,0,40,2,0,2,42
05/01/2017,EVV,IN,AGL,CE,Combined TRACON& Tower with Radar,5,27,21,0,53,0,1,21,0,22,5,28,42,0,75,24,0,24,99
05/02/2017,EVV,IN,AGL,CE,Combined TRACON& Tower with Radar,5,34,15,10,64,0,5,17,0,22,5,39,32,10,86,14,0,14,100
05/03/2017,EVV,IN,AGL,CE,Combined TRACON& Tower with Radar,5,32,26,5,68,0,1,12,0,13,5,33,38,5,81,56,14,70,151
05/04/2017,EVV,IN,AGL,CE,Combined TRACON& Tower with Radar,7,30,19,2,58,0,0,0,0,0,7,30,19,2,58,0,0,0,58
05/05/2017,EVV,IN,AGL,CE,Combined TRACON& Tower with Radar,5,25,21,2,53,0,0,4,0,4,5,25,25,2,57,0,0,0,57
05/06/2017,EVV,IN,AGL,CE,Combined TRACON& Tower with Radar,7,21,3,0,31,0,9,10,0,19,7,30,13,0,50,4,0,4,54
05/07/2017,EVV,IN,AGL,CE,Combined TRACON& Tower with Radar,7,28,18,0,53,0,0,25,0,25,7,28,43,0,78,62,0,62,140
05/08/2017,EVV,IN,AGL,CE,Combined TRACON& Tower with Radar,6,29,11,0,46,0,2,16,0,18,6,31,27,0,64,40,0,40,104
05/09/2017,EVV,IN,AGL,CE,Combined TRACON& Tower with Radar,5,33,20,0,58,0,0,8,0,8,5,33,28,0,66,0,0,0,66
05/10/2017,EVV,IN,AGL,CE,Combined TRACON& Tower with Radar,7,29,24,0,60,0,0,9,2,11,7,29,33,2,71,6,0,6,77
05/11/2017,EVV,IN,AGL,CE,Combined TRACON& Tower with Radar,7,29,23,0,59,0,3,2,0,5,7,32,25,0,64,0,0,0,64
05/12/2017,EVV,IN,AGL,CE,Combined TRACON& Tower with Radar,5,37,20,16,78,0,0,7,0,7,5,37,27,16,85,14,8,22,107
05/13/2017,EVV,IN,AGL,CE,Combined TRACON& Tower with Radar,4,15,17,6,42,0,2,21,0,23,4,17,38,6,65,0,12,12,77
05/14/2017,EVV,IN,AGL,CE,Combined TRACON& Tower with Radar,6,20,15,0,41,0,1,13,0,14,6,21,28,0,55,48,0,48,103
05/15/2017,EVV,IN,AGL,CE,Combined TRACON& Tower with Radar,7,32,20,10,69,0,0,21,0,21,7,32,41,10,90,94,8,102,192
05/16/2017,EVV,IN,AGL,CE,Combined TRACON& Tower with Radar,4,35,26,4,69,0,0,18,11,29,4,35,44,15,98,20,10,30,128
05/17/2017,EVV,IN,AGL,CE,Combined TRACON& Tower with Radar,6,30,27,9,72,0,10,14,0,24,6,40,41,9,96,25,0,25,121
05/18/2017,EVV,IN,AGL,CE,Combined TRACON& Tower with Radar,7,26,32,0,65,0,4,5,1,10,7,30,37,1,75,0,0,0,75
05/19/2017,EVV,IN,AGL,CE,Combined TRACON& Tower with Radar,5,27,21,18,71,0,0,13,0,13,5,27,34,18,84,24,36,60,144
05/20/2017,EVV,IN,AGL,CE,Combined TRACON& Tower with Radar,3,16,5,17,41,0,6,2,0,8,3,22,7,17,49,0,0,0,49
05/21/2017,EVV,IN,AGL,CE,Combined TRACON& Tower with Radar,7,24,17,2,50,0,0,8,0,8,7,24,25,2,58,28,0,28,86
05/22/2017,EVV,IN,AGL,CE,Combined TRACON& Tower with Radar,5,30,19,18,72,0,0,24,1,25,5,30,43,19,97,18,6,24,121
05/23/2017,EVV,IN,AGL,CE,Combined TRACON& Tower with Radar,6,30,18,10,64,0,2,16,2,20,6,32,34,12,84,15,10,25,109
05/24/2017,EVV,IN,AGL,CE,Combined TRACON& Tower with Radar,5,32,25,0,62,0,0,1,0,1,5,32,26,0,63,0,0,0,63
05/25/2017,EVV,IN,AGL,CE,Combined TRACON& Tower with Radar,6,34,32,2,74,0,2,9,0,11,6,36,41,2,85,0,0,0,85
05/26/2017,EVV,IN,AGL,CE,Combined TRACON& Tower with Radar,5,24,16,0,45,0,0,10,0,10,5,24,26,0,55,109,0,109,164
05/27/2017,EVV,IN,AGL,CE,Combined TRACON& Tower with Radar,4,17,7,0,28,0,1,4,0,5,4,18,11,0,33,0,0,0,33
05/28/2017,EVV,IN,AGL,CE,Combined TRACON& Tower with Radar,7,17,6,0,30,0,0,4,0,4,7,17,10,0,34,10,0,10,44
05/29/2017,EVV,IN,AGL,CE,Combined TRACON& Tower with Radar,5,27,24,0,56,0,1,17,0,18,5,28,41,0,74,36,0,36,110
05/30/2017,EVV,IN,AGL,CE,Combined TRACON& Tower with Radar,5,28,20,8,61,0,3,18,0,21,5,31,38,8,82,50,14,64,146
05/31/2017,EVV,IN,AGL,CE,Combined TRACON& Tower with Radar,5,29,25,10,69,0,2,14,0,16,5,31,39,10,85,2,16,18,103
06/01/2017,EVV,IN,AGL,CE,Combined TRACON& Tower with Radar,7,34,22,10,73,0,1,15,0,16,7,35,37,10,89,54,0,54,143
06/02/2017,EVV,IN,AGL,CE,Combined TRACON& Tower with Radar,4,34,29,4,71,0,4,11,1,16,4,38,40,5,87,62,0,62,149
06/03/2017,EVV,IN,AGL,CE,Combined TRACON& Tower with Radar,4,17,15,22,58,0,1,15,4,20,4,18,30,26,78,42,26,68,146
06/04/2017,EVV,IN,AGL,CE,Combined TRACON& Tower with Radar,6,27,3,7,43,0,3,4,0,7,6,30,7,7,50,10,0,10,60
06/05/2017,EVV,IN,AGL,CE,Combined TRACON& Tower with Radar,5,29,20,29,83,0,7,5,0,12,5,36,25,29,95,18,50,68,163
06/06/2017,EVV,IN,AGL,CE,Combined TRACON& Tower with Radar,5,27,24,28,84,0,0,18,2,20,5,27,42,30,104,46,24,70,174
06/07/2017,EVV,IN,AGL,CE,Combined TRACON& Tower with Radar,5,26,17,0,48,0,2,18,1,21,5,28,35,1,69,26,0,26,95
06/08/2017,EVV,IN,AGL,CE,Combined TRACON& Tower with Radar,7,29,20,0,56,0,4,17,1,22,7,33,37,1,78,30,0,30,108
06/09/2017,EVV,IN,AGL,CE,Combined TRACON& Tower with Radar,5,25,15,18,63,0,1,25,0,26,5,26,40,18,89,48,18,66,155
06/10/2017,EVV,IN,AGL,CE,Combined TRACON& Tower with Radar,5,18,15,16,54,0,1,25,0,26,5,19,40,16,80,35,2,37,117
06/11/2017,EVV,IN,AGL,CE,Combined TRACON& Tower with Radar,7,24,16,3,50,0,1,25,1,27,7,25,41,4,77,8,4,12,89
06/12/2017,EVV,IN,AGL,CE,Combined TRACON& Tower with Radar,6,24,22,53,105,0,2,11,1,14,6,26,33,54,119,14,46,60,179
06/13/2017,EVV,IN,AGL,CE,Combined TRACON& Tower with Radar,6,26,16,8,56,0,4,9,0,13,6,30,25,8,69,18,8,26,95
06/14/2017,EVV,IN,AGL,CE,Combined TRACON& Tower with Radar,6,20,30,13,69,0,0,9,0,9,6,20,39,13,78,0,8,8,86
06/15/2017,EVV,IN,AGL,CE,Combined TRACON& Tower with Radar,8,29,18,0,55,0,4,11,0,15,8,33,29,0,70,7,0,7,77
06/16/2017,EVV,IN,AGL,CE,Combined TRACON& Tower with Radar,6,27,24,0,57,0,2,24,0,26,6,29,48,0,83,34,0,34,117
06/17/2017,EVV,IN,AGL,CE,Combined TRACON& Tower with Radar,4,17,15,0,36,0,1,21,0,22,4,18,36,0,58,90,0,90,148
06/18/2017,EVV,IN,AGL,CE,Combined TRACON& Tower with Radar,8,23,9,2,42,0,2,2,0,4,8,25,11,2,46,34,0,34,80
06/19/2017,EVV,IN,AGL,CE,Combined TRACON& Tower with Radar,5,34,25,6,70,0,5,26,0,31,5,39,51,6,101,66,16,82,183
06/20/2017,EVV,IN,AGL,CE,Combined TRACON& Tower with Radar,6,27,13,6,52,0,4,18,1,23,6,31,31,7,75,24,0,24,99
06/21/2017,EVV,IN,AGL,CE,Combined TRACON& Tower with Radar,6,35,27,15,83,0,9,15,3,27,6,44,42,18,110,58,18,76,186
06/22/2017,EVV,IN,AGL,CE,Combined TRACON& Tower with Radar,8,31,24,0,63,0,2,3,0,5,8,33,27,0,68,20,0,20,88
06/23/2017,EVV,IN,AGL,CE,Combined TRACON& Tower with Radar,5,29,11,4,49,0,0,6,0,6,5,29,17,4,55,12,0,12,67
06/24/2017,EVV,IN,AGL,CE,Combined TRACON& Tower with Radar,4,19,14,0,37,0,0,36,5,41,4,19,50,5,78,58,12,70,148
06/25/2017,EVV,IN,AGL,CE,Combined TRACON& Tower with Radar,8,22,17,0,47,0,0,32,5,37,8,22,49,5,84,0,0,0,84
06/26/2017,EVV,IN,AGL,CE,Combined TRACON& Tower with Radar,6,27,12,8,53,0,3,15,2,20,6,30,27,10,73,16,0,16,89
06/27/2017,EVV,IN,AGL,CE,Combined TRACON& Tower with Radar,6,27,22,5,60,0,1,36,0,37,6,28,58,5,97,24,0,24,121
06/28/2017,EVV,IN,AGL,CE,Combined TRACON& Tower with Radar,6,26,29,1,62,0,0,49,0,49,6,26,78,1,111,62,0,62,173
06/29/2017,EVV,IN,AGL,CE,Combined TRACON& Tower with Radar,8,28,31,0,67,0,1,21,0,22,8,29,52,0,89,15,0,15,104
06/30/2017,EVV,IN,AGL,CE,Combined TRACON& Tower with Radar,6,28,14,2,50,0,0,17,0,17,6,28,31,2,67,22,0,22,89
07/01/2017,EVV,IN,AGL,CE,Combined TRACON& Tower with Radar,4,17,13,0,34,0,0,32,0,32,4,17,45,0,66,42,0,42,108
07/02/2017,EVV,IN,AGL,CE,Combined TRACON& Tower with Radar,7,15,5,0,27,0,0,23,1,24,7,15,28,1,51,8,0,8,59
07/03/2017,EVV,IN,AGL,CE,Combined TRACON& Tower with Radar,4,14,1,0,19,0,0,51,1,52,4,14,52,1,71,38,0,38,109
07/04/2017,EVV,IN,AGL,CE,Combined TRACON& Tower with Radar,5,15,8,0,28,0,2,8,0,10,5,17,16,0,38,18,0,18,56
07/05/2017,EVV,IN,AGL,CE,Combined TRACON& Tower with Radar,6,28,37,4,75,0,0,34,0,34,6,28,71,4,109,20,0,20,129
07/06/2017,EVV,IN,AGL,CE,Combined TRACON& Tower with Radar,7,27,18,0,52,0,0,22,0,22,7,27,40,0,74,8,0,8,82
07/07/2017,EVV,IN,AGL,CE,Combined TRACON& Tower with Radar,5,28,12,0,45,0,1,24,0,25,5,29,36,0,70,30,0,30,100
07/08/2017,EVV,IN,AGL,CE,Combined TRACON& Tower with Radar,4,16,21,5,46,0,3,43,0,46,4,19,64,5,92,2,6,8,100
07/09/2017,EVV,IN,AGL,CE,Combined TRACON& Tower with Radar,7,24,14,0,45,0,1,14,1,16,7,25,28,1,61,0,0,0,61
07/10/2017,EVV,IN,AGL,CE,Combined TRACON& Tower with Radar,9,26,17,3,55,0,0,17,1,18,9,26,34,4,73,0,0,0,73
07/11/2017,EVV,IN,AGL,CE,Combined TRACON& Tower with Radar,5,29,19,0,53,0,1,9,0,10,5,30,28,0,63,22,0,22,85
07/12/2017,EVV,IN,AGL,CE,Combined TRACON& Tower with Radar,6,26,14,16,62,0,0,15,1,16,6,26,29,17,78,23,20,43,121
07/13/2017,EVV,IN,AGL,CE,Combined TRACON& Tower with Radar,9,34,19,8,70,0,4,30,1,35,9,38,49,9,105,28,0,28,133
07/14/2017,EVV,IN,AGL,CE,Combined TRACON& Tower with Radar,5,30,20,4,59,0,3,9,0,12,5,33,29,4,71,22,0,22,93
07/15/2017,EVV,IN,AGL,CE,Combined TRACON& Tower with Radar,3,16,18,0,37,0,6,39,0,45,3,22,57,0,82,42,0,42,124
07/16/2017,EVV,IN,AGL,CE,Combined TRACON& Tower with Radar,8,22,8,20,58,0,0,25,0,25,8,22,33,20,83,0,0,0,83
07/17/2017,EVV,IN,AGL,CE,Combined TRACON& Tower with Radar,5,37,16,12,70,0,2,32,0,34,5,39,48,12,104,10,4,14,118
07/18/2017,EVV,IN,AGL,CE,Combined TRACON& Tower with Radar,6,30,21,4,61,0,4,32,2,38,6,34,53,6,99,40,0,40,139
07/19/2017,EVV,IN,AGL,CE,Combined TRACON& Tower with Radar,6,30,49,11,96,0,2,66,0,68,6,32,115,11,164,36,0,36,200
07/20/2017,EVV,IN,AGL,CE,Combined TRACON& Tower with Radar,8,26,20,0,54,0,0,40,0,40,8,26,60,0,94,18,0,18,112
07/21/2017,EVV,IN,AGL,CE,Combined TRACON& Tower with Radar,5,27,27,15,74,0,2,32,0,34,5,29,59,15,108,4,6,10,118
07/22/2017,EVV,IN,AGL,CE,Combined TRACON& Tower with Radar,3,17,16,0,36,0,1,19,0,20,3,18,35,0,56,0,0,0,56
07/23/2017,EVV,IN,AGL,CE,Combined TRACON& Tower with Radar,8,21,12,0,41,0,1,14,0,15,8,22,26,0,56,0,0,0,56
07/24/2017,EVV,IN,AGL,CE,Combined TRACON& Tower with Radar,5,30,18,4,57,0,2,17,0,19,5,32,35,4,76,18,4,22,98
07/25/2017,EVV,IN,AGL,CE,Combined TRACON& Tower with Radar,4,29,32,0,65,0,6,23,0,29,4,35,55,0,94,12,0,12,106
07/26/2017,EVV,IN,AGL,CE,Combined TRACON& Tower with Radar,5,30,30,0,65,0,1,31,0,32,5,31,61,0,97,6,0,6,103
07/27/2017,EVV,IN,AGL,CE,Combined TRACON& Tower with Radar,7,36,18,0,61,0,2,11,0,13,7,38,29,0,74,0,0,0,74
07/28/2017,EVV,IN,AGL,CE,Combined TRACON& Tower with Radar,6,39,28,4,77,0,0,22,0,22,6,39,50,4,99,11,0,11,110
07/29/2017,EVV,IN,AGL,CE,Combined TRACON& Tower with Radar,4,16,20,9,49,0,0,36,14,50,4,16,56,23,99,10,8,18,117
07/30/2017,EVV,IN,AGL,CE,Combined TRACON& Tower with Radar,7,21,18,0,46,0,0,35,0,35,7,21,53,0,81,38,0,38,119
07/31/2017,EVV,IN,AGL,CE,Combined TRACON& Tower with Radar,5,33,20,0,58,0,0,22,0,22,5,33,42,0,80,28,0,28,108
08/01/2017,EVV,IN,AGL,CE,Combined TRACON& Tower with Radar,6,27,19,0,52,0,2,25,0,27,6,29,44,0,79,14,0,14,93
08/02/2017,EVV,IN,AGL,CE,Combined TRACON& Tower with Radar,6,30,20,2,58,0,1,22,0,23,6,31,42,2,81,20,0,20,101
08/03/2017,EVV,IN,AGL,CE,Combined TRACON& Tower with Radar,6,26,23,0,55,0,2,52,0,54,6,28,75,0,109,42,0,42,151
08/04/2017,EVV,IN,AGL,CE,Combined TRACON& Tower with Radar,4,27,17,15,63,0,2,12,0,14,4,29,29,15,77,33,20,53,130
08/05/2017,EVV,IN,AGL,CE,Combined TRACON& Tower with Radar,4,16,10,0,30,0,0,40,0,40,4,16,50,0,70,0,0,0,70
08/06/2017,EVV,IN,AGL,CE,Combined TRACON& Tower with Radar,5,20,10,0,35,0,0,0,0,0,5,20,10,0,35,0,0,0,35
08/07/2017,EVV,IN,AGL,CE,Combined TRACON& Tower with Radar,5,30,23,3,61,0,2,13,0,15,5,32,36,3,76,40,0,40,116
08/08/2017,EVV,IN,AGL,CE,Combined TRACON& Tower with Radar,6,26,33,0,65,0,1,24,0,25,6,27,57,0,90,0,0,0,90
08/09/2017,EVV,IN,AGL,CE,Combined TRACON& Tower with Radar,6,34,34,10,84,0,0,29,1,30,6,34,63,11,114,32,13,45,159
08/10/2017,EVV,IN,AGL,CE,Combined TRACON& Tower with Radar,7,33,22,4,66,0,4,21,0,25,7,37,43,4,91,45,0,45,136
08/11/2017,EVV,IN,AGL,CE,Combined TRACON& Tower with Radar,5,29,20,19,73,0,2,9,0,11,5,31,29,19,84,22,12,34,118
08/12/2017,EVV,IN,AGL,CE,Combined TRACON& Tower with Radar,3,20,12,9,44,0,2,22,1,25,3,22,34,10,69,30,26,56,125
08/13/2017,EVV,IN,AGL,CE,Combined TRACON& Tower with Radar,7,23,26,20,76,0,0,17,0,17,7,23,43,20,93,32,0,32,125
08/14/2017,EVV,IN,AGL,CE,Combined TRACON& Tower with Radar,5,27,23,2,57,0,0,11,0,11,5,27,34,2,68,0,0,0,68
08/15/2017,EVV,IN,AGL,CE,Combined TRACON& Tower with Radar,6,29,35,7,77,0,0,24,1,25,6,29,59,8,102,60,12,72,174
08/16/2017,EVV,IN,AGL,CE,Combined TRACON& Tower with Radar,7,27,31,11,76,0,6,7,0,13,7,33,38,11,89,14,0,14,103
08/17/2017,EVV,IN,AGL,CE,Combined TRACON& Tower with Radar,8,27,16,0,51,0,3,2,0,5,8,30,18,0,56,26,0,26,82
08/18/2017,EVV,IN,AGL,CE,Combined TRACON& Tower with Radar,6,31,24,2,63,0,0,23,0,23,6,31,47,2,86,2,0,2,88
08/19/2017,EVV,IN,AGL,CE,Combined TRACON& Tower with Radar,4,18,11,2,35,0,3,6,0,9,4,21,17,2,44,9,0,9,53
08/20/2017,EVV,IN,AGL,CE,Combined TRACON& Tower with Radar,6,21,14,4,45,0,0,11,0,11,6,21,25,4,56,22,6,28,84
08/21/2017,EVV,IN,AGL,CE,Combined TRACON& Tower with Radar,7,26,25,10,68,0,3,44,0,47,7,29,69,10,115,6,0,6,121
08/22/2017,EVV,IN,AGL,CE,Combined TRACON& Tower with Radar,6,35,21,0,62,0,1,7,0,8,6,36,28,0,70,19,0,19,89
08/23/2017,EVV,IN,AGL,CE,Combined TRACON& Tower with Radar,6,31,28,3,68,0,2,22,0,24,6,33,50,3,92,14,0,14,106
08/24/2017,EVV,IN,AGL,CE,Combined TRACON& Tower with Radar,8,28,21,6,63,0,1,40,2,43,8,29,61,8,106,27,0,27,133
08/25/2017,EVV,IN,AGL,CE,Combined TRACON& Tower with Radar,9,30,27,15,81,0,0,25,1,26,9,30,52,16,107,10,6,16,123
08/26/2017,EVV,IN,AGL,CE,Combined TRACON& Tower with Radar,6,19,16,25,66,0,6,20,9,35,6,25,36,34,101,0,36,36,137
08/27/2017,EVV,IN,AGL,CE,Combined TRACON& Tower with Radar,6,21,11,6,44,0,0,33,0,33,6,21,44,6,77,28,6,34,111
08/28/2017,EVV,IN,AGL,CE,Combined TRACON& Tower with Radar,5,31,18,2,56,0,1,9,0,10,5,32,27,2,66,0,0,0,66
08/29/2017,EVV,IN,AGL,CE,Combined TRACON& Tower with Radar,6,31,39,0,76,0,1,19,0,20,6,32,58,0,96,13,0,13,109
08/30/2017,EVV,IN,AGL,CE,Combined TRACON& Tower with Radar,6,33,29,10,78,0,1,13,2,16,6,34,42,12,94,13,14,27,121
08/31/2017,EVV,IN,AGL,CE,Combined TRACON& Tower with Radar,8,30,21,0,59,0,0,5,6,11,8,30,26,6,70,18,6,24,94
09/01/2017,EVV,IN,AGL,CE,Combined TRACON& Tower with Radar,6,30,13,0,49,0,1,0,0,1,6,31,13,0,50,0,0,0,50
09/02/2017,EVV,IN,AGL,CE,Combined TRACON& Tower with Radar,6,14,4,0,24,0,0,16,0,16,6,14,20,0,40,1,0,1,41
09/03/2017,EVV,IN,AGL,CE,Combined TRACON& Tower with Radar,8,13,12,0,33,0,0,15,0,15,8,13,27,0,48,2,0,2,50
09/04/2017,EVV,IN,AGL,CE,Combined TRACON& Tower with Radar,6,20,9,0,35,0,3,12,0,15,6,23,21,0,50,14,0,14,64
09/05/2017,EVV,IN,AGL,CE,Combined TRACON& Tower with Radar,5,31,24,4,64,0,0,10,0,10,5,31,34,4,74,36,2,38,112
09/06/2017,EVV,IN,AGL,CE,Combined TRACON& Tower with Radar,6,32,16,0,54,0,2,22,0,24,6,34,38,0,78,0,0,0,78
09/07/2017,EVV,IN,AGL,CE,Combined TRACON& Tower with Radar,8,31,27,4,70,0,4,19,1,24,8,35,46,5,94,20,0,20,114
09/08/2017,EVV,IN,AGL,CE,Combined TRACON& Tower with Radar,10,25,17,0,52,0,4,27,0,31,10,29,44,0,83,0,0,0,83
09/09/2017,EVV,IN,AGL,CE,Combined TRACON& Tower with Radar,6,20,23,2,51,0,5,24,2,31,6,25,47,4,82,10,2,12,94
09/10/2017,EVV,IN,AGL,CE,Combined TRACON& Tower with Radar,6,20,12,6,44,0,6,18,1,25,6,26,30,7,69,2,0,2,71
09/11/2017,EVV,IN,AGL,CE,Combined TRACON& Tower with Radar,5,22,15,23,65,0,5,14,0,19,5,27,29,23,84,72,2,74,158
09/12/2017,EVV,IN,AGL,CE,Combined TRACON& Tower with Radar,6,38,16,0,60,0,0,3,0,3,6,38,19,0,63,6,0,6,69
09/13/2017,EVV,IN,AGL,CE,Combined TRACON& Tower with Radar,8,31,27,3,69,0,0,0,0,0,8,31,27,3,69,6,0,6,75
09/14/2017,EVV,IN,AGL,CE,Combined TRACON& Tower with Radar,8,36,18,0,62,0,8,6,0,14,8,44,24,0,76,24,0,24,100
09/15/2017,EVV,IN,AGL,CE,Combined TRACON& Tower with Radar,6,29,31,18,84,0,0,17,0,17,6,29,48,18,101,9,2,11,112
09/16/2017,EVV,IN,AGL,CE,Combined TRACON& Tower with Radar,6,16,10,4,36,0,4,21,0,25,6,20,31,4,61,16,0,16,77
09/17/2017,EVV,IN,AGL,CE,Combined TRACON& Tower with Radar,8,17,6,0,31,0,0,6,0,6,8,17,12,0,37,12,0,12,49
09/18/2017,EVV,IN,AGL,CE,Combined TRACON& Tower with Radar,6,26,16,0,48,0,1,3,0,4,6,27,19,0,52,58,0,58,110
09/19/2017,EVV,IN,AGL,CE,Combined TRACON& Tower with Radar,5,33,25,19,82,0,0,7,0,7,5,33,32,19,89,38,16,54,143
09/20/2017,EVV,IN,AGL,CE,Combined TRACON& Tower with Radar,6,31,38,4,79,0,4,34,0,38,6,35,72,4,117,70,6,76,193
09/21/2017,EVV,IN,AGL,CE,Combined TRACON& Tower with Radar,8,35,25,4,72,0,2,12,0,14,8,37,37,4,86,0,0,0,86
09/22/2017,EVV,IN,AGL,CE,Combined TRACON& Tower with Radar,6,29,17,12,64,0,6,20,0,26,6,35,37,12,90,12,0,12,102
09/23/2017,EVV,IN,AGL,CE,Combined TRACON& Tower with Radar,6,16,10,0,32,0,1,17,0,18,6,17,27,0,50,6,0,6,56
09/24/2017,EVV,IN,AGL,CE,Combined TRACON& Tower with Radar,8,22,16,0,46,0,6,17,1,24,8,28,33,1,70,68,0,68,138
09/25/2017,EVV,IN,AGL,CE,Combined TRACON& Tower with Radar,8,33,16,0,57,0,6,22,0,28,8,39,38,0,85,20,16,36,121
09/26/2017,EVV,IN,AGL,CE,Combined TRACON& Tower with Radar,6,34,16,4,60,0,4,20,0,24,6,38,36,4,84,40,2,42,126
09/27/2017,EVV,IN,AGL,CE,Combined TRACON& Tower with Radar,6,34,23,0,63,0,0,14,0,14,6,34,37,0,77,16,0,16,93
09/28/2017,EVV,IN,AGL,CE,Combined TRACON& Tower with Radar,8,31,23,0,62,0,0,14,0,14,8,31,37,0,76,6,0,6,82
09/29/2017,EVV,IN,AGL,CE,Combined TRACON& Tower with Radar,6,31,23,10,70,0,2,22,2,26,6,33,45,12,96,4,0,4,100
09/30/2017,EVV,IN,AGL,CE,Combined TRACON& Tower with Radar,6,20,22,0,48,0,2,23,0,25,6,22,45,0,73,14,0,14,87
10/01/2017,EVV,IN,AGL,CE,Combined TRACON& Tower with Radar,8,19,6,0,33,0,0,22,0,22,8,19,28,0,55,62,0,62,117
10/02/2017,EVV,IN,AGL,CE,Combined TRACON& Tower with Radar,6,28,6,10,50,0,0,25,0,25,6,28,31,10,75,44,12,56,131
10/03/2017,EVV,IN,AGL,CE,Combined TRACON& Tower with Radar,6,30,38,12,86,0,0,17,0,17,6,30,55,12,103,39,14,53,156
10/04/2017,EVV,IN,AGL,CE,Combined TRACON& Tower with Radar,6,32,20,0,58,0,0,26,0,26,6,32,46,0,84,7,0,7,91
10/05/2017,EVV,IN,AGL,CE,Combined TRACON& Tower with Radar,8,30,15,0,53,0,6,20,0,26,8,36,35,0,79,26,0,26,105
10/06/2017,EVV,IN,AGL,CE,Combined TRACON& Tower with Radar,5,30,27,6,68,0,3,20,0,23,5,33,47,6,91,22,0,22,113
10/07/2017,EVV,IN,AGL,CE,Combined TRACON& Tower with Radar,5,16,14,11,46,0,5,4,5,14,5,21,18,16,60,30,16,46,106
10/08/2017,EVV,IN,AGL,CE,Combined TRACON& Tower with Radar,8,24,13,0,45,0,0,0,0,0,8,24,13,0,45,2,0,2,47
10/09/2017,EVV,IN,AGL,CE,Combined TRACON& Tower with Radar,5,32,14,0,51,0,0,5,0,5,5,32,19,0,56,14,0,14,70
10/10/2017,EVV,IN,AGL,CE,Combined TRACON& Tower with Radar,8,29,24,0,61,0,0,0,0,0,8,29,24,0,61,24,0,24,85
10/11/2017,EVV,IN,AGL,CE,Combined TRACON& Tower with Radar,6,28,18,6,58,0,3,0,0,3,6,31,18,6,61,20,4,24,85
10/12/2017,EVV,IN,AGL,CE,Combined TRACON& Tower with Radar,8,32,33,0,73,0,0,4,0,4,8,32,37,0,77,28,0,28,105
10/13/2017,EVV,IN,AGL,CE,Combined TRACON& Tower with Radar,6,30,19,2,57,0,8,12,2,22,6,38,31,4,79,14,0,14,93
10/14/2017,EVV,IN,AGL,CE,Combined TRACON& Tower with Radar,4,15,15,0,34,0,0,31,2,33,4,15,46,2,67,0,0,0,67
10/15/2017,EVV,IN,AGL,CE,Combined TRACON& Tower with Radar,8,22,8,0,38,0,2,11,1,14,8,24,19,1,52,10,0,10,62
10/16/2017,EVV,IN,AGL,CE,Combined TRACON& Tower with Radar,6,27,25,0,58,0,0,27,0,27,6,27,52,0,85,48,0,48,133
10/17/2017,EVV,IN,AGL,CE,Combined TRACON& Tower with Radar,8,31,18,0,57,0,3,22,0,25,8,34,40,0,82,0,0,0,82
10/18/2017,EVV,IN,AGL,CE,Combined TRACON& Tower with Radar,6,29,21,1,57,0,4,21,1,26,6,33,42,2,83,26,0,26,109
10/19/2017,EVV,IN,AGL,CE,Combined TRACON& Tower with Radar,8,33,24,2,67,0,3,17,0,20,8,36,41,2,87,6,0,6,93
10/20/2017,EVV,IN,AGL,CE,Combined TRACON& Tower with Radar,6,34,7,2,49,0,2,11,0,13,6,36,18,2,62,10,0,10,72
10/21/2017,EVV,IN,AGL,CE,Combined TRACON& Tower with Radar,7,16,16,0,39,0,1,37,0,38,7,17,53,0,77,8,0,8,85
10/22/2017,EVV,IN,AGL,CE,Combined TRACON& Tower with Radar,7,21,12,0,40,0,0,6,0,6,7,21,18,0,46,0,0,0,46
10/23/2017,EVV,IN,AGL,CE,Combined TRACON& Tower with Radar,6,28,11,0,45,0,0,1,0,1,6,28,12,0,46,0,0,0,46
10/24/2017,EVV,IN,AGL,CE,Combined TRACON& Tower with Radar,6,28,20,2,56,0,2,4,0,6,6,30,24,2,62,12,0,12,74
10/25/2017,EVV,IN,AGL,CE,Combined TRACON& Tower with Radar,5,33,31,2,71,0,0,24,1,25,5,33,55,3,96,18,8,26,122
10/26/2017,EVV,IN,AGL,CE,Combined TRACON& Tower with Radar,8,44,21,1,74,0,3,24,2,29,8,47,45,3,103,18,0,18,121
10/27/2017,EVV,IN,AGL,CE,Combined TRACON& Tower with Radar,5,26,11,5,47,0,0,2,1,3,5,26,13,6,50,35,0,35,85
10/28/2017,EVV,IN,AGL,CE,Combined TRACON& Tower with Radar,4,16,13,0,33,0,0,10,2,12,4,16,23,2,45,10,0,10,55
10/29/2017,EVV,IN,AGL,CE,Combined TRACON& Tower with Radar,8,20,16,0,44,0,0,14,0,14,8,20,30,0,58,20,0,20,78
10/30/2017,EVV,IN,AGL,CE,Combined TRACON& Tower with Radar,6,34,23,2,65,0,2,12,0,14,6,36,35,2,79,0,0,0,79
10/31/2017,EVV,IN,AGL,CE,Combined TRACON& Tower with Radar,6,31,15,10,62,0,5,21,0,26,6,36,36,10,88,8,0,8,96
11/01/2017,EVV,IN,AGL,CE,Combined TRACON& Tower with Radar,6,30,23,2,61,0,0,0,0,0,6,30,23,2,61,0,0,0,61
11/02/2017,EVV,IN,AGL,CE,Combined TRACON& Tower with Radar,7,29,18,0,54,0,1,5,1,7,7,30,23,1,61,4,0,4,65
11/03/2017,EVV,IN,AGL,CE,Combined TRACON& Tower with Radar,6,31,15,3,55,0,1,5,0,6,6,32,20,3,61,4,0,4,65
11/04/2017,EVV,IN,AGL,CE,Combined TRACON& Tower with Radar,4,19,5,0,28,0,1,5,0,6,4,20,10,0,34,13,0,13,47
11/05/2017,EVV,IN,AGL,CE,Combined TRACON& Tower with Radar,8,23,4,0,35,0,0,5,0,5,8,23,9,0,40,16,0,16,56
11/06/2017,EVV,IN,AGL,CE,Combined TRACON& Tower with Radar,6,27,23,10,66,0,0,14,0,14,6,27,37,10,80,68,0,68,148
11/07/2017,EVV,IN,AGL,CE,Combined TRACON& Tower with Radar,6,33,20,8,67,0,0,2,0,2,6,33,22,8,69,0,6,6,75
11/08/2017,EVV,IN,AGL,CE,Combined TRACON& Tower with Radar,6,30,32,0,68,0,2,13,0,15,6,32,45,0,83,15,0,15,98
11/09/2017,EVV,IN,AGL,CE,Combined TRACON& Tower with Radar,8,37,23,4,72,0,6,19,4,29,8,43,42,8,101,36,16,52,153
11/10/2017,EVV,IN,AGL,CE,Combined TRACON& Tower with Radar,6,31,22,0,59,0,0,35,0,35,6,31,57,0,94,0,0,0,94
11/11/2017,EVV,IN,AGL,CE,Combined TRACON& Tower with Radar,4,17,14,0,35,0,0,26,0,26,4,17,40,0,61,39,0,39,100
11/12/2017,EVV,IN,AGL,CE,Combined TRACON& Tower with Radar,8,19,15,0,42,0,0,2,0,2,8,19,17,0,44,12,0,12,56
11/13/2017,EVV,IN,AGL,CE,Combined TRACON& Tower with Radar,6,25,13,0,44,0,0,9,0,9,6,25,22,0,53,20,0,20,73
11/14/2017,EVV,IN,AGL,CE,Combined TRACON& Tower with Radar,6,29,22,0,57,0,8,19,0,27,6,37,41,0,84,24,0,24,108
11/15/2017,EVV,IN,AGL,CE,Combined TRACON& Tower with Radar,6,28,16,2,52,0,0,6,0,6,6,28,22,2,58,11,0,11,69
11/16/2017,EVV,IN,AGL,CE,Combined TRACON& Tower with Radar,8,27,7,1,43,0,1,5,0,6,8,28,12,1,49,30,0,30,79
11/17/2017,EVV,IN,AGL,CE,Combined TRACON& Tower with Radar,6,29,16,15,66,0,1,0,0,1,6,30,16,15,67,14,12,26,93
11/18/2017,EVV,IN,AGL,CE,Combined TRACON& Tower with Radar,7,21,6,0,34,0,0,0,0,0,7,21,6,0,34,0,0,0,34
11/19/2017,EVV,IN,AGL,CE,Combined TRACON& Tower with Radar,9,18,17,0,44,0,0,24,0,24,9,18,41,0,68,0,0,0,68
11/20/2017,EVV,IN,AGL,CE,Combined TRACON& Tower with Radar,6,29,23,0,58,0,3,29,0,32,6,32,52,0,90,65,0,65,155
11/21/2017,EVV,IN,AGL,CE,Combined TRACON& Tower with Radar,8,26,20,0,54,0,3,27,0,30,8,29,47,0,84,22,0,22,106
11/22/2017,EVV,IN,AGL,CE,Combined TRACON& Tower with Radar,6,29,7,7,49,0,0,16,0,16,6,29,23,7,65,38,8,46,111
11/23/2017,EVV,IN,AGL,CE,Combined TRACON& Tower with Radar,8,10,8,0,26,0,0,9,0,9,8,10,17,0,35,16,0,16,51
11/24/2017,EVV,IN,AGL,CE,Combined TRACON& Tower with Radar,6,17,7,0,30,0,0,24,0,24,6,17,31,0,54,26,0,26,80
11/25/2017,EVV,IN,AGL,CE,Combined TRACON& Tower with Radar,6,21,11,0,38,0,1,22,0,23,6,22,33,0,61,0,0,0,61
11/26/2017,EVV,IN,AGL,CE,Combined TRACON& Tower with Radar,9,27,13,0,49,0,0,24,0,24,9,27,37,0,73,20,0,20,93
11/27/2017,EVV,IN,AGL,CE,Combined TRACON& Tower with Radar,6,26,19,8,59,0,2,8,0,10,6,28,27,8,69,10,12,22,91
11/28/2017,EVV,IN,AGL,CE,Combined TRACON& Tower with Radar,6,32,25,10,73,0,0,15,0,15,6,32,40,10,88,28,6,34,122
11/29/2017,EVV,IN,AGL,CE,Combined TRACON& Tower with Radar,6,27,20,2,55,0,0,32,0,32,6,27,52,2,87,35,0,35,122
11/30/2017,EVV,IN,AGL,CE,Combined TRACON& Tower with Radar,8,26,22,1,57,0,2,23,1,26,8,28,45,2,83,32,16,48,131
12/01/2017,EVV,IN,AGL,CE,Combined TRACON& Tower with Radar,6,33,17,1,57,0,0,24,1,25,6,33,41,2,82,62,0,62,144
12/02/2017,EVV,IN,AGL,CE,Combined TRACON& Tower with Radar,4,19,12,0,35,0,2,25,0,27,4,21,37,0,62,0,0,0,62
12/03/2017,EVV,IN,AGL,CE,Combined TRACON& Tower with Radar,8,20,9,0,37,0,6,21,0,27,8,26,30,0,64,8,0,8,72
12/04/2017,EVV,IN,AGL,CE,Combined TRACON& Tower with Radar,6,29,19,0,54,0,2,9,1,12,6,31,28,1,66,12,0,12,78
12/05/2017,EVV,IN,AGL,CE,Combined TRACON& Tower with Radar,6,36,16,0,58,0,0,25,0,25,6,36,41,0,83,6,0,6,89
12/06/2017,EVV,IN,AGL,CE,Combined TRACON& Tower with Radar,6,26,24,4,60,0,2,14,0,16,6,28,38,4,76,22,0,22,98
12/07/2017,EVV,IN,AGL,CE,Combined TRACON& Tower with Radar,8,30,22,2,62,0,0,2,0,2,8,30,24,2,64,0,0,0,64
12/08/2017,EVV,IN,AGL,CE,Combined TRACON& Tower with Radar,5,26,18,21,70,0,1,20,0,21,5,27,38,21,91,44,40,84,175
12/09/2017,EVV,IN,AGL,CE,Combined TRACON& Tower with Radar,3,18,4,0,25,0,0,2,0,2,3,18,6,0,27,0,0,0,27
12/10/2017,EVV,IN,AGL,CE,Combined TRACON& Tower with Radar,7,23,17,0,47,0,2,13,0,15,7,25,30,0,62,22,0,22,84
12/11/2017,EVV,IN,AGL,CE,Combined TRACON& Tower with Radar,7,29,24,0,60,0,2,15,0,17,7,31,39,0,77,2,0,2,79
12/12/2017,EVV,IN,AGL,CE,Combined TRACON& Tower with Radar,6,37,20,2,65,0,1,11,2,14,6,38,31,4,79,4,0,4,83
12/13/2017,EVV,IN,AGL,CE,Combined TRACON& Tower with Radar,6,27,17,8,58,0,1,10,1,12,6,28,27,9,70,0,0,0,70
12/14/2017,EVV,IN,AGL,CE,Combined TRACON& Tower with Radar,8,25,36,0,69,0,2,18,0,20,8,27,54,0,89,0,0,0,89
12/15/2017,EVV,IN,AGL,CE,Combined TRACON& Tower with Radar,6,25,27,2,60,0,6,10,0,16,6,31,37,2,76,4,0,4,80
12/16/2017,EVV,IN,AGL,CE,Combined TRACON& Tower with Radar,6,15,22,3,46,0,0,25,2,27,6,15,47,5,73,34,0,34,107
12/17/2017,EVV,IN,AGL,CE,Combined TRACON& Tower with Radar,7,18,19,0,44,0,2,3,0,5,7,20,22,0,49,2,0,2,51
12/18/2017,EVV,IN,AGL,CE,Combined TRACON& Tower with Radar,5,30,16,0,51,0,0,0,0,0,5,30,16,0,51,0,0,0,51
12/19/2017,EVV,IN,AGL,CE,Combined TRACON& Tower with Radar,6,27,35,9,77,0,0,0,0,0,6,27,35,9,77,30,10,40,117
12/20/2017,EVV,IN,AGL,CE,Combined TRACON& Tower with Radar,6,29,36,6,77,0,0,35,1,36,6,29,71,7,113,10,0,10,123
12/21/2017,EVV,IN,AGL,CE,Combined TRACON& Tower with Radar,11,24,21,19,75,0,1,16,0,17,11,25,37,19,92,18,10,28,120
12/22/2017,EVV,IN,AGL,CE,Combined TRACON& Tower with Radar,8,21,20,0,49,0,0,0,0,0,8,21,20,0,49,0,0,0,49
12/23/2017,EVV,IN,AGL,CE,Combined TRACON& Tower with Radar,7,19,6,0,32,0,1,2,0,3,7,20,8,0,35,0,0,0,35
12/24/2017,EVV,IN,AGL,CE,Combined TRACON& Tower with Radar,8,19,2,0,29,0,2,0,0,2,8,21,2,0,31,0,0,0,31
12/25/2017,EVV,IN,AGL,CE,Combined TRACON& Tower with Radar,6,19,2,0,27,0,0,3,0,3,6,19,5,0,30,0,0,0,30
12/26/2017,EVV,IN,AGL,CE,Combined TRACON& Tower with Radar,8,19,21,0,48,0,0,9,0,9,8,19,30,0,57,0,0,0,57
12/27/2017,EVV,IN,AGL,CE,Combined TRACON& Tower with Radar,9,19,11,0,39,0,4,15,0,19,9,23,26,0,58,10,0,10,68
12/28/2017,EVV,IN,AGL,CE,Combined TRACON& Tower with Radar,10,18,9,1,38,0,0,12,0,12,10,18,21,1,50,0,0,0,50
12/29/2017,EVV,IN,AGL,CE,Combined TRACON& Tower with Radar,8,25,6,0,39,0,0,14,0,14,8,25,20,0,53,0,0,0,53
12/30/2017,EVV,IN,AGL,CE,Combined TRACON& Tower with Radar,8,21,5,0,34,0,0,0,0,0,8,21,5,0,34,0,0,0,34
12/31/2017,EVV,IN,AGL,CE,Combined TRACON& Tower with Radar,6,17,3,0,26,0,2,7,0,9,6,19,10,0,35,0,0,0,35
01/01/2018,EVV,IN,AGL,CE,Combined TRACON& Tower with Radar,7,16,12,0,35,0,2,4,0,6,7,18,16,0,41,0,0,0,41
01/02/2018,EVV,IN,AGL,CE,Combined TRACON& Tower with Radar,11,18,10,0,39,0,3,8,0,11,11,21,18,0,50,0,0,0,50
01/03/2018,EVV,IN,AGL,CE,Combined TRACON& Tower with Radar,6,22,23,0,51,0,4,9,0,13,6,26,32,0,64,24,0,24,88
01/04/2018,EVV,IN,AGL,CE,Combined TRACON& Tower with Radar,8,30,9,9,56,0,0,6,0,6,8,30,15,9,62,0,8,8,70
01/05/2018,EVV,IN,AGL,CE,Combined TRACON& Tower with Radar,6,28,9,11,54,0,0,8,0,8,6,28,17,11,62,30,8,38,100
01/06/2018,EVV,IN,AGL,CE,Combined TRACON& Tower with Radar,6,20,4,0,30,0,0,9,0,9,6,20,13,0,39,0,0,0,39
01/07/2018,EVV,IN,AGL,CE,Combined TRACON& Tower with Radar,7,18,19,0,44,0,2,8,0,10,7,20,27,0,54,0,0,0,54
01/08/2018,EVV,IN,AGL,CE,Combined TRACON& Tower with Radar,5,28,11,0,44,0,0,0,0,0,5,28,11,0,44,0,0,0,44
01/09/2018,EVV,IN,AGL,CE,Combined TRACON& Tower with Radar,4,28,23,2,57,0,0,0,0,0,4,28,23,2,57,0,0,0,57
01/10/2018,EVV,IN,AGL,CE,Combined TRACON& Tower with Radar,6,36,20,4,66,0,1,4,0,5,6,37,24,4,71,0,6,6,77
01/11/2018,EVV,IN,AGL,CE,Combined TRACON& Tower with Radar,8,23,4,0,35,0,1,0,0,1,8,24,4,0,36,0,0,0,36
01/12/2018,EVV,IN,AGL,CE,Combined TRACON& Tower with Radar,0,0,0,0,0,0,1,0,0,1,0,1,0,0,1,0,0,0,1
01/13/2018,EVV,IN,AGL,CE,Combined TRACON& Tower with Radar,6,15,12,0,33,0,0,1,0,1,6,15,13,0,34,0,0,0,34
01/14/2018,EVV,IN,AGL,CE,Combined TRACON& Tower with Radar,8,17,10,0,35,0,0,12,0,12,8,17,22,0,47,8,0,8,55
01/15/2018,EVV,IN,AGL,CE,Combined TRACON& Tower with Radar,6,23,9,0,38,0,1,0,0,1,6,24,9,0,39,0,0,0,39
01/16/2018,EVV,IN,AGL,CE,Combined TRACON& Tower with Radar,4,26,18,0,48,0,2,3,0,5,4,28,21,0,53,8,0,8,61
01/17/2018,EVV,IN,AGL,CE,Combined TRACON& Tower with Radar,5,25,18,1,49,0,4,9,0,13,5,29,27,1,62,0,0,0,62
01/18/2018,EVV,IN,AGL,CE,Combined TRACON& Tower with Radar,8,30,20,0,58,0,4,12,0,16,8,34,32,0,74,22,0,22,96
01/19/2018,EVV,IN,AGL,CE,Combined TRACON& Tower with Radar,6,34,13,10,63,0,0,13,2,15,6,34,26,12,78,20,24,44,122
01/20/2018,EVV,IN,AGL,CE,Combined TRACON& Tower with Radar,4,19,8,0,31,0,6,7,2,15,4,25,15,2,46,5,0,5,51
01/21/2018,EVV,IN,AGL,CE,Combined TRACON& Tower with Radar,8,27,4,0,39,0,0,5,0,5,8,27,9,0,44,12,0,12,56
01/22/2018,EVV,IN,AGL,CE,Combined TRACON& Tower with Radar,6,27,8,0,41,0,0,1,0,1,6,27,9,0,42,0,0,0,42
01/23/2018,EVV,IN,AGL,CE,Combined TRACON& Tower with Radar,4,32,17,0,53,0,1,2,0,3,4,33,19,0,56,0,0,0,56
01/24/2018,EVV,IN,AGL,CE,Combined TRACON& Tower with Radar,8,26,28,0,62,0,2,23,2,27,8,28,51,2,89,38,0,38,127
01/25/2018,EVV,IN,AGL,CE,Combined TRACON& Tower with Radar,8,23,26,1,58,0,2,37,0,39,8,25,63,1,97,62,0,62,159
01/26/2018,EVV,IN,AGL,CE,Combined TRACON& Tower with Radar,6,25,16,4,51,0,4,16,0,20,6,29,32,4,71,2,4,6,77
01/27/2018,EVV,IN,AGL,CE,Combined TRACON& Tower with Radar,4,15,14,0,33,0,1,1,0,2,4,16,15,0,35,0,0,0,35
01/28/2018,EVV,IN,AGL,CE,Combined TRACON& Tower with Radar,8,21,14,0,43,0,2,25,0,27,8,23,39,0,70,44,0,44,114
01/29/2018,EVV,IN,AGL,CE,Combined TRACON& Tower with Radar,9,24,14,0,47,0,0,11,0,11,9,24,25,0,58,4,0,4,62
01/30/2018,EVV,IN,AGL,CE,Combined TRACON& Tower with Radar,9,27,20,6,62,0,5,27,0,32,9,32,47,6,94,78,0,78,172
01/31/2018,EVV,IN,AGL,CE,Combined TRACON& Tower with Radar,9,37,21,0,67,0,2,14,0,16,9,39,35,0,83,18,0,18,101
02/01/2018,EVV,IN,AGL,CE,Combined TRACON& Tower with Radar,10,28,16,0,54,0,2,1,0,3,10,30,17,0,57,16,0,16,73
02/02/2018,EVV,IN,AGL,CE,Combined TRACON& Tower with Radar,8,27,26,0,61,0,7,30,0,37,8,34,56,0,98,52,0,52,150
02/03/2018,EVV,IN,AGL,CE,Combined TRACON& Tower with Radar,6,16,17,0,39,0,1,13,0,14,6,17,30,0,53,46,0,46,99
02/04/2018,EVV,IN,AGL,CE,Combined TRACON& Tower with Radar,8,12,6,0,26,0,5,0,0,5,8,17,6,0,31,0,0,0,31
02/05/2018,EVV,IN,AGL,CE,Combined TRACON& Tower with Radar,7,20,24,5,56,0,2,12,1,15,7,22,36,6,71,0,0,0,71
02/06/2018,EVV,IN,AGL,CE,Combined TRACON& Tower with Radar,7,28,18,4,57,0,3,4,0,7,7,31,22,4,64,30,0,30,94
02/07/2018,EVV,IN,AGL,CE,Combined TRACON& Tower with Radar,6,32,14,3,55,0,2,2,0,4,6,34,16,3,59,0,22,22,81
02/08/2018,EVV,IN,AGL,CE,Combined TRACON& Tower with Radar,8,26,21,1,56,0,8,16,0,24,8,34,37,1,80,0,0,0,80
02/09/2018,EVV,IN,AGL,CE,Combined TRACON& Tower with Radar,6,18,10,6,40,0,0,19,3,22,6,18,29,9,62,22,10,32,94
02/10/2018,EVV,IN,AGL,CE,Combined TRACON& Tower with Radar,4,15,15,0,34,0,1,3,0,4,4,16,18,0,38,20,0,20,58
02/11/2018,EVV,IN,AGL,CE,Combined TRACON& Tower with Radar,7,19,3,0,29,0,0,0,0,0,7,19,3,0,29,0,0,0,29
02/12/2018,EVV,IN,AGL,CE,Combined TRACON& Tower with Radar,6,26,17,1,50,0,10,16,0,26,6,36,33,1,76,43,0,43,119
02/13/2018,EVV,IN,AGL,CE,Combined TRACON& Tower with Radar,4,30,24,9,67,0,4,12,0,16,4,34,36,9,83,74,15,89,172
02/14/2018,EVV,IN,AGL,CE,Combined TRACON& Tower with Radar,6,23,12,0,41,0,0,0,0,0,6,23,12,0,41,6,0,6,47
02/15/2018,EVV,IN,AGL,CE,Combined TRACON& Tower with Radar,8,31,22,0,61,0,5,2,0,7,8,36,24,0,68,0,0,0,68
02/16/2018,EVV,IN,AGL,CE,Combined TRACON& Tower with Radar,5,27,25,2,59,0,4,0,0,4,5,31,25,2,63,8,0,8,71
02/17/2018,EVV,IN,AGL,CE,Combined TRACON& Tower with Radar,3,15,2,0,20,0,2,4,0,6,3,17,6,0,26,15,0,15,41
02/18/2018,EVV,IN,AGL,CE,Combined TRACON& Tower with Radar,6,35,17,6,64,0,0,29,0,29,6,35,46,6,93,4,5,9,102
02/19/2018,EVV,IN,AGL,CE,Combined TRACON& Tower with Radar,6,21,13,0,40,0,0,1,0,1,6,21,14,0,41,0,0,0,41
02/20/2018,EVV,IN,AGL,CE,Combined TRACON& Tower with Radar,5,25,11,6,47,0,2,9,0,11,5,27,20,6,58,4,8,12,70
02/21/2018,EVV,IN,AGL,CE,Combined TRACON& Tower with Radar,5,24,20,0,49,0,0,3,0,3,5,24,23,0,52,0,0,0,52
02/22/2018,EVV,IN,AGL,CE,Combined TRACON& Tower with Radar,7,26,27,0,60,0,0,1,0,1,7,26,28,0,61,0,0,0,61
02/23/2018,EVV,IN,AGL,CE,Combined TRACON& Tower with Radar,5,25,13,0,43,0,3,0,0,3,5,28,13,0,46,0,0,0,46
02/24/2018,EVV,IN,AGL,CE,Combined TRACON& Tower with Radar,4,18,5,0,27,0,0,0,0,0,4,18,5,0,27,0,0,0,27
02/25/2018,EVV,IN,AGL,CE,Combined TRACON& Tower with Radar,7,23,25,0,55,0,3,28,2,33,7,26,53,2,88,65,0,65,153
02/26/2018,EVV,IN,AGL,CE,Combined TRACON& Tower with Radar,5,26,20,0,51,0,1,27,1,29,5,27,47,1,80,28,0,28,108
02/27/2018,EVV,IN,AGL,CE,Combined TRACON& Tower with Radar,8,31,10,4,53,0,2,21,7,30,8,33,31,11,83,15,0,15,98
02/28/2018,EVV,IN,AGL,CE,Combined TRACON& Tower with Radar,6,31,30,2,69,0,1,0,0,1,6,32,30,2,70,8,0,8,78
03/01/2018,EVV,IN,AGL,CE,Combined TRACON& Tower with Radar,10,25,17,1,53,0,2,0,0,2,10,27,17,1,55,0,0,0,55
03/02/2018,EVV,IN,AGL,CE,Combined TRACON& Tower with Radar,7,35,22,0,64,0,4,17,4,25,7,39,39,4,89,36,0,36,125
03/03/2018,EVV,IN,AGL,CE,Combined TRACON& Tower with Radar,4,18,15,1,38,0,0,33,0,33,4,18,48,1,71,0,0,0,71
03/04/2018,EVV,IN,AGL,CE,Combined TRACON& Tower with Radar,10,26,20,0,56,0,4,29,0,33,10,30,49,0,89,40,0,40,129
03/05/2018,EVV,IN,AGL,CE,Combined TRACON& Tower with Radar,7,29,12,0,48,0,4,6,0,10,7,33,18,0,58,0,0,0,58
03/06/2018,EVV,IN,AGL,CE,Combined TRACON& Tower with Radar,6,27,12,0,45,0,1,14,0,15,6,28,26,0,60,0,0,0,60
03/07/2018,EVV,IN,AGL,CE,Combined TRACON& Tower with Radar,7,27,19,0,53,0,5,17,2,24,7,32,36,2,77,2,0,2,79
03/08/2018,EVV,IN,AGL,CE,Combined TRACON& Tower with Radar,9,26,24,0,59,0,7,28,0,35,9,33,52,0,94,32,0,32,126
03/09/2018,EVV,IN,AGL,CE,Combined TRACON& Tower with Radar,6,23,18,2,49,0,2,34,0,36,6,25,52,2,85,16,0,16,101
03/10/2018,EVV,IN,AGL,CE,Combined TRACON& Tower with Radar,4,21,15,0,40,0,2,11,0,13,4,23,26,0,53,24,0,24,77
03/11/2018,EVV,IN,AGL,CE,Combined TRACON& Tower with Radar,9,25,7,0,41,0,1,11,0,12,9,26,18,0,53,0,0,0,53
03/12/2018,EVV,IN,AGL,CE,Combined TRACON& Tower with Radar,9,24,14,0,47,0,3,7,0,10,9,27,21,0,57,0,0,0,57
03/13/2018,EVV,IN,AGL,CE,Combined TRACON& Tower with Radar,10,25,28,2,65,0,6,25,0,31,10,31,53,2,96,5,0,5,101
03/14/2018,EVV,IN,AGL,CE,Combined TRACON& Tower with Radar,9,27,24,2,62,0,5,24,0,29,9,32,48,2,91,66,0,66,157
03/15/2018,EVV,IN,AGL,CE,Combined TRACON& Tower with Radar,14,24,30,4,72,0,0,35,0,35,14,24,65,4,107,36,0,36,143
03/16/2018,EVV,IN,AGL,CE,Combined TRACON& Tower with Radar,9,25,4,21,59,0,0,6,0,6,9,25,10,21,65,14,20,34,99
03/17/2018,EVV,IN,AGL,CE,Combined TRACON& Tower with Radar,4,22,14,0,40,0,0,2,0,2,4,22,16,0,42,8,0,8,50
03/18/2018,EVV,IN,AGL,CE,Combined TRACON& Tower with Radar,10,27,13,0,50,0,0,5,0,5,10,27,18,0,55,2,0,2,57
03/19/2018,EVV,IN,AGL,CE,Combined TRACON& Tower with Radar,10,27,19,2,58,0,0,9,0,9,10,27,28,2,67,30,0,30,97
03/20/2018,EVV,IN,AGL,CE,Combined TRACON& Tower with Radar,8,31,13,0,52,0,5,0,0,5,8,36,13,0,57,0,0,0,57
03/21/2018,EVV,IN,AGL,CE,Combined TRACON& Tower with Radar,10,37,35,0,82,0,2,25,0,27,10,39,60,0,109,62,0,62,171
03/22/2018,EVV,IN,AGL,CE,Combined TRACON& Tower with Radar,13,31,27,10,81,0,2,22,3,27,13,33,49,13,108,10,20,30,138
03/23/2018,EVV,IN,AGL,CE,Combined TRACON& Tower with Radar,9,31,30,2,72,0,1,20,0,21,9,32,50,2,93,28,0,28,121
03/24/2018,EVV,IN,AGL,CE,Combined TRACON& Tower with Radar,4,21,7,0,32,0,1,0,0,1,4,22,7,0,33,0,0,0,33
03/25/2018,EVV,IN,AGL,CE,Combined TRACON& Tower with Radar,10,25,9,0,44,0,0,7,0,7,10,25,16,0,51,0,0,0,51
03/26/2018,EVV,IN,AGL,CE,Combined TRACON& Tower with Radar,7,26,32,0,65,0,3,5,0,8,7,29,37,0,73,0,0,0,73
03/27/2018,EVV,IN,AGL,CE,Combined TRACON& Tower with Radar,6,27,11,0,44,0,2,0,0,2,6,29,11,0,46,0,0,0,46
03/28/2018,EVV,IN,AGL,CE,Combined TRACON& Tower with Radar,6,30,16,0,52,0,0,0,0,0,6,30,16,0,52,0,0,0,52
03/29/2018,EVV,IN,AGL,CE,Combined TRACON& Tower with Radar,9,27,6,0,42,0,0,0,0,0,9,27,6,0,42,0,0,0,42
03/30/2018,EVV,IN,AGL,CE,Combined TRACON& Tower with Radar,6,24,22,2,54,0,8,18,0,26,6,32,40,2,80,32,0,32,112
03/31/2018,EVV,IN,AGL,CE,Combined TRACON& Tower with Radar,7,17,14,0,38,0,0,9,0,9,7,17,23,0,47,0,0,0,47
04/01/2018,EVV,IN,AGL,CE,Combined TRACON& Tower with Radar,9,20,16,0,45,0,1,2,0,3,9,21,18,0,48,0,0,0,48
04/02/2018,EVV,IN,AGL,CE,Combined TRACON& Tower with Radar,7,28,20,0,55,0,3,3,0,6,7,31,23,0,61,0,0,0,61
04/03/2018,EVV,IN,AGL,CE,Combined TRACON& Tower with Radar,9,24,14,0,47,0,3,2,0,5,9,27,16,0,52,0,0,0,52
04/04/2018,EVV,IN,AGL,CE,Combined TRACON& Tower with Radar,6,29,23,0,58,0,10,24,0,34,6,39,47,0,92,14,0,14,106
04/05/2018,EVV,IN,AGL,CE,Combined TRACON& Tower with Radar,8,26,28,1,63,0,4,22,0,26,8,30,50,1,89,34,0,34,123
04/06/2018,EVV,IN,AGL,CE,Combined TRACON& Tower with Radar,6,29,17,0,52,0,0,16,0,16,6,29,33,0,68,20,0,20,88
04/07/2018,EVV,IN,AGL,CE,Combined TRACON& Tower with Radar,4,20,12,0,36,0,2,17,0,19,4,22,29,0,55,13,0,13,68
04/08/2018,EVV,IN,AGL,CE,Combined TRACON& Tower with Radar,8,26,9,0,43,0,0,21,0,21,8,26,30,0,64,12,0,12,76
04/09/2018,EVV,IN,AGL,CE,Combined TRACON& Tower with Radar,6,27,19,2,54,0,5,25,0,30,6,32,44,2,84,49,0,49,133
04/10/2018,EVV,IN,AGL,CE,Combined TRACON& Tower with Radar,6,26,18,0,50,0,5,17,2,24,6,31,35,2,74,0,0,0,74
04/11/2018,EVV,IN,AGL,CE,Combined TRACON& Tower with Radar,6,25,15,0,46,0,2,25,0,27,6,27,40,0,73,10,0,10,83
04/12/2018,EVV,IN,AGL,CE,Combined TRACON& Tower with Radar,8,29,15,0,52,0,2,10,0,12,8,31,25,0,64,0,0,0,64
04/13/2018,EVV,IN,AGL,CE,Combined TRACON& Tower with Radar,6,27,24,11,68,0,4,6,0,10,6,31,30,11,78,0,0,0,78
04/14/2018,EVV,IN,AGL,CE,Combined TRACON& Tower with Radar,4,21,1,0,26,0,3,0,0,3,4,24,1,0,29,0,0,0,29
04/15/2018,EVV,IN,AGL,CE,Combined TRACON& Tower with Radar,8,22,6,1,37,0,2,10,0,12,8,24,16,1,49,32,0,32,81
04/16/2018,EVV,IN,AGL,CE,Combined TRACON& Tower with Radar,8,32,6,6,52,0,0,8,0,8,8,32,14,6,60,0,0,0,60
04/17/2018,EVV,IN,AGL,CE,Combined TRACON& Tower with Radar,6,27,23,0,56,0,4,28,3,35,6,31,51,3,91,4,0,4,95
04/18/2018,EVV,IN,AGL,CE,Combined TRACON& Tower with Radar,6,30,27,3,66,0,2,1,1,4,6,32,28,4,70,0,0,0,70
04/19/2018,EVV,IN,AGL,CE,Combined TRACON& Tower with Radar,8,31,22,2,63,0,2,16,0,18,8,33,38,2,81,16,0,16,97
04/20/2018,EVV,IN,AGL,CE,Combined TRACON& Tower with Radar,7,28,17,0,52,0,5,29,2,36,7,33,46,2,88,2,0,2,90
04/21/2018,EVV,IN,AGL,CE,Combined TRACON& Tower with Radar,4,22,8,5,39,0,2,22,1,25,4,24,30,6,64,20,0,20,84
04/22/2018,EVV,IN,AGL,CE,Combined TRACON& Tower with Radar,8,23,18,0,49,0,4,4,0,8,8,27,22,0,57,0,0,0,57
04/23/2018,EVV,IN,AGL,CE,Combined TRACON& Tower with Radar,6,31,22,1,60,0,2,1,0,3,6,33,23,1,63,12,0,12,75
04/24/2018,EVV,IN,AGL,CE,Combined TRACON& Tower with Radar,6,31,29,0,66,0,2,1,0,3,6,33,30,0,69,5,0,5,74
04/25/2018,EVV,IN,AGL,CE,Combined TRACON& Tower with Radar,6,28,28,2,64,0,1,24,0,25,6,29,52,2,89,6,8,14,103
04/26/2018,EVV,IN,AGL,CE,Combined TRACON& Tower with Radar,8,29,28,0,65,0,1,20,0,21,8,30,48,0,86,16,0,16,102
04/27/2018,EVV,IN,AGL,CE,Combined TRACON& Tower with Radar,6,31,28,0,65,0,6,14,0,20,6,37,42,0,85,6,0,6,91
04/28/2018,EVV,IN,AGL,CE,Combined TRACON& Tower with Radar,4,22,7,0,33,0,7,21,0,28,4,29,28,0,61,8,0,8,69
04/29/2018,EVV,IN,AGL,CE,Combined TRACON& Tower with Radar,8,26,21,0,55,0,2,37,0,39,8,28,58,0,94,46,0,46,140
04/30/2018,EVV,IN,AGL,CE,Combined TRACON& Tower with Radar,6,25,10,20,61,0,2,32,0,34,6,27,42,20,95,8,0,8,103
05/01/2018,EVV,IN,AGL,CE,Combined TRACON& Tower with Radar,6,27,19,2,54,0,5,31,0,36,6,32,50,2,90,8,0,8,98
05/02/2018,EVV,IN,AGL,CE,Combined TRACON& Tower with Radar,6,32,29,0,67,0,4,8,1,13,6,36,37,1,80,9,0,9,89
05/03/2018,EVV,IN,AGL,CE,Combined TRACON& Tower with Radar,8,32,19,0,59,0,2,3,0,5,8,34,22,0,64,0,0,0,64
05/04/2018,EVV,IN,AGL,CE,Combined TRACON& Tower with Radar,6,31,9,2,48,0,2,3,0,5,6,33,12,2,53,0,0,0,53
05/05/2018,EVV,IN,AGL,CE,Combined TRACON& Tower with Radar,7,19,10,0,36,0,0,13,0,13,7,19,23,0,49,19,0,19,68
05/06/2018,EVV,IN,AGL,CE,Combined TRACON& Tower with Radar,8,26,19,0,53,0,0,16,0,16,8,26,35,0,69,2,0,2,71
05/07/2018,EVV,IN,AGL,CE,Combined TRACON& Tower with Radar,6,29,11,1,47,0,4,18,2,24,6,33,29,3,71,8,0,8,79
05/08/2018,EVV,IN,AGL,CE,Combined TRACON& Tower with Radar,6,31,23,0,60,0,0,18,0,18,6,31,41,0,78,10,0,10,88
05/09/2018,EVV,IN,AGL,CE,Combined TRACON& Tower with Radar,6,28,21,0,55,0,6,11,0,17,6,34,32,0,72,12,0,12,84
05/10/2018,EVV,IN,AGL,CE,Combined TRACON& Tower with Radar,8,30,15,2,55,0,0,11,1,12,8,30,26,3,67,32,0,32,99
05/11/2018,EVV,IN,AGL,CE,Combined TRACON& Tower with Radar,6,31,25,5,67,0,3,19,0,22,6,34,44,5,89,12,0,12,101
05/12/2018,EVV,IN,AGL,CE,Combined TRACON& Tower with Radar,4,18,11,9,42,0,6,13,0,19,4,24,24,9,61,28,0,28,89
05/13/2018,EVV,IN,AGL,CE,Combined TRACON& Tower with Radar,8,28,3,0,39,0,2,15,0,17,8,30,18,0,56,18,0,18,74
05/14/2018,EVV,IN,AGL,CE,Combined TRACON& Tower with Radar,6,21,18,0,45,0,6,26,0,32,6,27,44,0,77,5,0,5,82
05/15/2018,EVV,IN,AGL,CE,Combined TRACON& Tower with Radar,6,28,26,0,60,0,3,19,0,22,6,31,45,0,82,11,0,11,93
05/16/2018,EVV,IN,AGL,CE,Combined TRACON& Tower with Radar,6,27,26,0,59,0,1,3,0,4,6,28,29,0,63,0,0,0,63
05/17/2018,EVV,IN,AGL,CE,Combined TRACON& Tower with Radar,6,29,24,7,66,0,0,8,0,8,6,29,32,7,74,24,8,32,106
05/18/2018,EVV,IN,AGL,CE,Combined TRACON& Tower with Radar,6,27,16,0,49,0,1,3,0,4,6,28,19,0,53,0,0,0,53
05/19/2018,EVV,IN,AGL,CE,Combined TRACON& Tower with Radar,4,20,16,4,44,0,7,6,0,13,4,27,22,4,57,0,0,0,57
05/20/2018,EVV,IN,AGL,CE,Combined TRACON& Tower with Radar,8,26,7,2,43,0,2,8,0,10,8,28,15,2,53,0,0,0,53
05/21/2018,EVV,IN,AGL,CE,Combined TRACON& Tower with Radar,6,23,23,0,52,0,3,8,5,16,6,26,31,5,68,11,0,11,79
05/22/2018,EVV,IN,AGL,CE,Combined TRACON& Tower with Radar,8,34,11,0,53,0,0,30,0,30,8,34,41,0,83,4,0,4,87
05/23/2018,EVV,IN,AGL,CE,Combined TRACON& Tower with Radar,6,30,34,10,80,0,1,33,0,34,6,31,67,10,114,88,4,92,206
05/24/2018,EVV,IN,AGL,CE,Combined TRACON& Tower with Radar,8,26,16,3,53,0,6,28,0,34,8,32,44,3,87,40,0,40,127
05/25/2018,EVV,IN,AGL,CE,Combined TRACON& Tower with Radar,7,30,28,0,65,0,2,26,0,28,7,32,54,0,93,50,0,50,143
05/26/2018,EVV,IN,AGL,CE,Combined TRACON& Tower with Radar,4,18,14,0,36,0,3,14,0,17,4,21,28,0,53,6,0,6,59
05/27/2018,EVV,IN,AGL,CE,Combined TRACON& Tower with Radar,8,18,7,0,33,0,2,12,0,14,8,20,19,0,47,0,0,0,47
05/28/2018,EVV,IN,AGL,CE,Combined TRACON& Tower with Radar,6,32,11,0,49,0,2,11,0,13,6,34,22,0,62,27,0,27,89
05/29/2018,EVV,IN,AGL,CE,Combined TRACON& Tower with Radar,8,27,20,0,55,0,3,3,0,6,8,30,23,0,61,20,0,20,81
05/30/2018,EVV,IN,AGL,CE,Combined TRACON& Tower with Radar,6,25,24,1,56,0,4,5,0,9,6,29,29,1,65,0,0,0,65
05/31/2018,EVV,IN,AGL,CE,Combined TRACON& Tower with Radar,8,29,22,2,61,0,5,7,0,12,8,34,29,2,73,0,0,0,73
06/01/2018,EVV,IN,AGL,CE,Combined TRACON& Tower with Radar,5,27,18,0,50,0,1,16,0,17,5,28,34,0,67,43,0,43,110
06/02/2018,EVV,IN,AGL,CE,Combined TRACON& Tower with Radar,8,16,18,0,42,0,0,18,0,18,8,16,36,0,60,0,0,0,60
06/03/2018,EVV,IN,AGL,CE,Combined TRACON& Tower with Radar,8,26,14,0,48,0,0,22,0,22,8,26,36,0,70,8,0,8,78
06/04/2018,EVV,IN,AGL,CE,Combined TRACON& Tower with Radar,6,28,18,4,56,0,8,47,0,55,6,36,65,4,111,0,0,0,111
06/05/2018,EVV,IN,AGL,CE,Combined TRACON& Tower with Radar,8,27,24,0,59,0,2,25,0,27,8,29,49,0,86,47,0,47,133
06/06/2018,EVV,IN,AGL,CE,Combined TRACON& Tower with Radar,6,31,27,6,70,0,2,27,0,29,6,33,54,6,99,22,10,32,131
06/07/2018,EVV,IN,AGL,CE,Combined TRACON& Tower with Radar,7,28,14,0,49,0,7,19,0,26,7,35,33,0,75,30,0,30,105
06/08/2018,EVV,IN,AGL,CE,Combined TRACON& Tower with Radar,8,23,28,0,59,0,1,27,0,28,8,24,55,0,87,24,0,24,111
06/09/2018,EVV,IN,AGL,CE,Combined TRACON& Tower with Radar,4,19,10,0,33,0,4,15,0,19,4,23,25,0,52,0,0,0,52
06/10/2018,EVV,IN,AGL,CE,Combined TRACON& Tower with Radar,8,27,11,0,46,0,8,4,0,12,8,35,15,0,58,3,0,3,61
06/11/2018,EVV,IN,AGL,CE,Combined TRACON& Tower with Radar,7,28,17,0,52,0,2,17,0,19,7,30,34,0,71,27,0,27,98
06/12/2018,EVV,IN,AGL,CE,Combined TRACON& Tower with Radar,8,30,9,0,47,0,7,11,0,18,8,37,20,0,65,16,0,16,81
06/13/2018,EVV,IN,AGL,CE,Combined TRACON& Tower with Radar,6,31,22,1,60,0,0,19,1,20,6,31,41,2,80,42,0,42,122
06/14/2018,EVV,IN,AGL,CE,Combined TRACON& Tower with Radar,8,32,32,0,72,0,4,36,2,42,8,36,68,2,114,8,0,8,122
06/15/2018,EVV,IN,AGL,CE,Combined TRACON& Tower with Radar,10,23,28,0,61,0,2,17,0,19,10,25,45,0,80,14,0,14,94
06/16/2018,EVV,IN,AGL,CE,Combined TRACON& Tower with Radar,4,20,24,0,48,0,1,24,0,25,4,21,48,0,73,14,0,14,87
06/17/2018,EVV,IN,AGL,CE,Combined TRACON& Tower with Radar,8,22,8,0,38,0,0,18,0,18,8,22,26,0,56,0,0,0,56
06/18/2018,EVV,IN,AGL,CE,Combined TRACON& Tower with Radar,8,24,27,23,82,0,7,27,0,34,8,31,54,23,116,40,24,64,180
06/19/2018,EVV,IN,AGL,CE,Combined TRACON& Tower with Radar,7,16,33,0,56,0,5,8,0,13,7,21,41,0,69,10,0,10,79
06/20/2018,EVV,IN,AGL,CE,Combined TRACON& Tower with Radar,9,28,37,0,74,0,3,4,0,7,9,31,41,0,81,2,0,2,83
06/21/2018,EVV,IN,AGL,CE,Combined TRACON& Tower with Radar,10,27,14,10,61,0,0,1,0,1,10,27,15,10,62,0,0,0,62
06/22/2018,EVV,IN,AGL,CE,Combined TRACON& Tower with Radar,8,25,13,0,46,0,0,4,0,4,8,25,17,0,50,0,0,0,50
06/23/2018,EVV,IN,AGL,CE,Combined TRACON& Tower with Radar,5,17,16,0,38,0,6,14,0,20,5,23,30,0,58,22,0,22,80
06/24/2018,EVV,IN,AGL,CE,Combined TRACON& Tower with Radar,8,22,9,0,39,0,1,8,0,9,8,23,17,0,48,6,0,6,54
06/25/2018,EVV,IN,AGL,CE,Combined TRACON& Tower with Radar,13,27,10,0,50,0,2,5,0,7,13,29,15,0,57,20,0,20,77
06/26/2018,EVV,IN,AGL,CE,Combined TRACON& Tower with Radar,14,19,25,0,58,0,4,5,0,9,14,23,30,0,67,18,0,18,85
06/27/2018,EVV,IN,AGL,CE,Combined TRACON& Tower with Radar,6,28,37,3,74,0,5,14,0,19,6,33,51,3,93,62,0,62,155
06/28/2018,EVV,IN,AGL,CE,Combined TRACON& Tower with Radar,6,29,24,7,66,0,9,42,2,53,6,38,66,9,119,64,6,70,189
06/29/2018,EVV,IN,AGL,CE,Combined TRACON& Tower with Radar,8,26,20,6,60,0,6,43,1,50,8,32,63,7,110,55,14,69,179
06/30/2018,EVV,IN,AGL,CE,Combined TRACON& Tower with Radar,3,17,6,12,38,0,7,36,7,50,3,24,42,19,88,66,62,128,216
07/01/2018,EVV,IN,AGL,CE,Combined TRACON& Tower with Radar,8,22,18,4,52,0,9,32,1,42,8,31,50,5,94,0,0,0,94
07/02/2018,EVV,IN,AGL,CE,Combined TRACON& Tower with Radar,8,21,18,6,53,0,0,19,0,19,8,21,37,6,72,6,0,6,78
07/03/2018,EVV,IN,AGL,CE,Combined TRACON& Tower with Radar,8,22,26,2,58,0,0,40,0,40,8,22,66,2,98,0,0,0,98
07/04/2018,EVV,IN,AGL,CE,Combined TRACON& Tower with Radar,5,18,3,0,26,0,1,59,0,60,5,19,62,0,86,0,0,0,86
07/05/2018,EVV,IN,AGL,CE,Combined TRACON& Tower with Radar,7,24,16,0,47,0,1,49,0,50,7,25,65,0,97,0,0,0,97
07/06/2018,EVV,IN,AGL,CE,Combined TRACON& Tower with Radar,8,25,9,2,44,0,2,16,0,18,8,27,25,2,62,28,0,28,90
07/07/2018,EVV,IN,AGL,CE,Combined TRACON& Tower with Radar,4,20,15,0,39,0,4,21,0,25,4,24,36,0,64,24,0,24,88
07/08/2018,EVV,IN,AGL,CE,Combined TRACON& Tower with Radar,8,24,11,0,43,0,0,30,0,30,8,24,41,0,73,0,0,0,73
07/09/2018,EVV,IN,AGL,CE,Combined TRACON& Tower with Radar,5,25,23,6,59,0,0,46,2,48,5,25,69,8,107,0,0,0,107
07/10/2018,EVV,IN,AGL,CE,Combined TRACON& Tower with Radar,8,24,30,7,69,0,0,38,0,38,8,24,68,7,107,24,0,24,131
07/11/2018,EVV,IN,AGL,CE,Combined TRACON& Tower with Radar,5,30,24,5,64,0,5,44,1,50,5,35,68,6,114,53,0,53,167
07/12/2018,EVV,IN,AGL,CE,Combined TRACON& Tower with Radar,6,29,23,10,68,0,1,36,0,37,6,30,59,10,105,47,8,55,160
07/13/2018,EVV,IN,AGL,CE,Combined TRACON& Tower with Radar,6,26,25,2,59,0,3,46,1,50,6,29,71,3,109,18,0,18,127
07/14/2018,EVV,IN,AGL,CE,Combined TRACON& Tower with Radar,4,19,18,0,41,0,1,34,0,35,4,20,52,0,76,32,0,32,108
07/15/2018,EVV,IN,AGL,CE,Combined TRACON& Tower with Radar,7,25,3,0,35,0,1,3,0,4,7,26,6,0,39,0,0,0,39
07/16/2018,EVV,IN,AGL,CE,Combined TRACON& Tower with Radar,9,20,17,0,46,0,4,10,0,14,9,24,27,0,60,0,0,0,60
07/17/2018,EVV,IN,AGL,CE,Combined TRACON& Tower with Radar,8,27,19,0,54,0,0,26,2,28,8,27,45,2,82,44,0,44,126
07/18/2018,EVV,IN,AGL,CE,Combined TRACON& Tower with Radar,6,28,28,4,66,0,0,35,1,36,6,28,63,5,102,30,6,36,138
07/19/2018,EVV,IN,AGL,CE,Combined TRACON& Tower with Radar,7,29,24,0,60,0,0,36,0,36,7,29,60,0,96,51,0,51,147
07/20/2018,EVV,IN,AGL,CE,Combined TRACON& Tower with Radar,10,27,23,0,60,0,1,9,0,10,10,28,32,0,70,12,0,12,82
07/21/2018,EVV,IN,AGL,CE,Combined TRACON& Tower with Radar,4,15,22,0,41,0,2,21,9,32,4,17,43,9,73,8,0,8,81
07/22/2018,EVV,IN,AGL,CE,Combined TRACON& Tower with Radar,8,22,17,7,54,0,1,5,1,7,8,23,22,8,61,0,0,0,61
07/23/2018,EVV,IN,AGL,CE,Combined TRACON& Tower with Radar,8,25,19,1,53,0,1,43,1,45,8,26,62,2,98,72,0,72,170
07/24/2018,EVV,IN,AGL,CE,Combined TRACON& Tower with Radar,8,29,30,10,77,0,3,26,0,29,8,32,56,10,106,21,0,21,127
07/25/2018,EVV,IN,AGL,CE,Combined TRACON& Tower with Radar,6,32,32,4,74,0,0,40,0,40,6,32,72,4,114,16,8,24,138
07/26/2018,EVV,IN,AGL,CE,Combined TRACON& Tower with Radar,7,27,23,6,63,0,11,15,0,26,7,38,38,6,89,30,0,30,119
07/27/2018,EVV,IN,AGL,CE,Combined TRACON& Tower with Radar,8,25,16,0,49,0,1,30,0,31,8,26,46,0,80,8,0,8,88
07/28/2018,EVV,IN,AGL,CE,Combined TRACON& Tower with Radar,5,14,18,0,37,0,2,21,2,25,5,16,39,2,62,0,0,0,62
07/29/2018,EVV,IN,AGL,CE,Combined TRACON& Tower with Radar,8,26,8,4,46,0,0,12,0,12,8,26,20,4,58,19,0,19,77
07/30/2018,EVV,IN,AGL,CE,Combined TRACON& Tower with Radar,7,26,16,3,52,0,4,1,1,6,7,30,17,4,58,0,0,0,58
07/31/2018,EVV,IN,AGL,CE,Combined TRACON& Tower with Radar,9,25,24,0,58,0,0,12,0,12,9,25,36,0,70,4,0,4,74
08/01/2018,EVV,IN,AGL,CE,Combined TRACON& Tower with Radar,6,23,19,0,48,0,0,16,0,16,6,23,35,0,64,20,0,20,84
08/02/2018,EVV,IN,AGL,CE,Combined TRACON& Tower with Radar,7,23,13,8,51,0,0,29,0,29,7,23,42,8,80,20,6,26,106
08/03/2018,EVV,IN,AGL,CE,Combined TRACON& Tower with Radar,6,25,16,11,58,0,1,18,0,19,6,26,34,11,77,10,0,10,87
08/04/2018,EVV,IN,AGL,CE,Combined TRACON& Tower with Radar,4,15,17,0,36,0,1,24,0,25,4,16,41,0,61,17,0,17,78
08/05/2018,EVV,IN,AGL,CE,Combined TRACON& Tower with Radar,10,22,17,0,49,0,2,26,0,28,10,24,43,0,77,0,0,0,77
08/06/2018,EVV,IN,AGL,CE,Combined TRACON& Tower with Radar,8,23,17,6,54,0,2,19,0,21,8,25,36,6,75,39,18,57,132
08/07/2018,EVV,IN,AGL,CE,Combined TRACON& Tower with Radar,8,30,24,0,62,0,2,2,0,4,8,32,26,0,66,0,0,0,66
08/08/2018,EVV,IN,AGL,CE,Combined TRACON& Tower with Radar,5,31,23,0,59,0,0,4,0,4,5,31,27,0,63,0,0,0,63
08/09/2018,EVV,IN,AGL,CE,Combined TRACON& Tower with Radar,8,31,24,4,67,0,0,10,0,10,8,31,34,4,77,0,0,0,77
08/10/2018,EVV,IN,AGL,CE,Combined TRACON& Tower with Radar,8,29,10,41,88,0,1,8,0,9,8,30,18,41,97,0,18,18,115
08/11/2018,EVV,IN,AGL,CE,Combined TRACON& Tower with Radar,4,17,8,24,53,0,0,14,0,14,4,17,22,24,67,4,6,10,77
08/12/2018,EVV,IN,AGL,CE,Combined TRACON& Tower with Radar,8,19,27,0,54,0,3,26,0,29,8,22,53,0,83,0,0,0,83
08/13/2018,EVV,IN,AGL,CE,Combined TRACON& Tower with Radar,7,24,25,1,57,0,0,13,0,13,7,24,38,1,70,8,0,8,78
08/14/2018,EVV,IN,AGL,CE,Combined TRACON& Tower with Radar,7,28,35,1,71,0,3,7,0,10,7,31,42,1,81,0,0,0,81
08/15/2018,EVV,IN,AGL,CE,Combined TRACON& Tower with Radar,5,24,20,0,49,0,3,6,0,9,5,27,26,0,58,4,0,4,62
08/16/2018,EVV,IN,AGL,CE,Combined TRACON& Tower with Radar,7,26,27,2,62,0,6,6,0,12,7,32,33,2,74,34,0,34,108
08/17/2018,EVV,IN,AGL,CE,Combined TRACON& Tower with Radar,8,28,13,0,49,0,0,10,0,10,8,28,23,0,59,59,0,59,118
08/18/2018,EVV,IN,AGL,CE,Combined TRACON& Tower with Radar,5,15,17,3,40,0,0,11,0,11,5,15,28,3,51,22,2,24,75
08/19/2018,EVV,IN,AGL,CE,Combined TRACON& Tower with Radar,8,28,8,0,44,0,0,15,0,15,8,28,23,0,59,27,0,27,86
08/20/2018,EVV,IN,AGL,CE,Combined TRACON& Tower with Radar,8,23,10,0,41,0,1,7,0,8,8,24,17,0,49,4,0,4,53
08/21/2018,EVV,IN,AGL,CE,Combined TRACON& Tower with Radar,6,34,25,5,70,0,5,7,0,12,6,39,32,5,82,7,0,7,89
08/22/2018,EVV,IN,AGL,CE,Combined TRACON& Tower with Radar,7,32,27,1,67,0,1,14,2,17,7,33,41,3,84,50,0,50,134
08/23/2018,EVV,IN,AGL,CE,Combined TRACON& Tower with Radar,9,25,35,4,73,0,2,28,1,31,9,27,63,5,104,44,2,46,150
08/24/2018,EVV,IN,AGL,CE,Combined TRACON& Tower with Radar,8,27,8,0,43,0,0,5,0,5,8,27,13,0,48,38,0,38,86
08/25/2018,EVV,IN,AGL,CE,Combined TRACON& Tower with Radar,3,16,12,0,31,0,2,8,0,10,3,18,20,0,41,18,0,18,59
08/26/2018,EVV,IN,AGL,CE,Combined TRACON& Tower with Radar,10,27,17,0,54,0,0,24,0,24,10,27,41,0,78,15,0,15,93
08/27/2018,EVV,IN,AGL,CE,Combined TRACON& Tower with Radar,10,28,18,7,63,0,5,13,0,18,10,33,31,7,81,5,16,21,102
08/28/2018,EVV,IN,AGL,CE,Combined TRACON& Tower with Radar,6,27,23,0,56,0,2,24,0,26,6,29,47,0,82,19,0,19,101
08/29/2018,EVV,IN,AGL,CE,Combined TRACON& Tower with Radar,6,26,28,1,61,0,0,6,0,6,6,26,34,1,67,42,0,42,109
08/30/2018,EVV,IN,AGL,CE,Combined TRACON& Tower with Radar,8,23,20,3,54,0,0,7,1,8,8,23,27,4,62,0,0,0,62
08/31/2018,EVV,IN,AGL,CE,Combined TRACON& Tower with Radar,6,28,29,2,65,0,4,14,0,18,6,32,43,2,83,6,0,6,89
09/01/2018,EVV,IN,AGL,CE,Combined TRACON& Tower with Radar,4,12,14,0,30,0,3,16,1,20,4,15,30,1,50,32,0,32,82
09/02/2018,EVV,IN,AGL,CE,Combined TRACON& Tower with Radar,8,13,6,0,27,0,0,8,1,9,8,13,14,1,36,26,0,26,62
09/03/2018,EVV,IN,AGL,CE,Combined TRACON& Tower with Radar,6,16,13,0,35,0,0,21,0,21,6,16,34,0,56,2,0,2,58
09/04/2018,EVV,IN,AGL,CE,Combined TRACON& Tower with Radar,6,28,20,8,62,0,6,23,0,29,6,34,43,8,91,24,0,24,115
09/05/2018,EVV,IN,AGL,CE,Combined TRACON& Tower with Radar,6,24,30,0,60,0,2,18,0,20,6,26,48,0,80,57,0,57,137
09/06/2018,EVV,IN,AGL,CE,Combined TRACON& Tower with Radar,7,27,11,10,55,0,0,9,0,9,7,27,20,10,64,14,12,26,90
09/07/2018,EVV,IN,AGL,CE,Combined TRACON& Tower with Radar,5,28,9,9,51,0,2,5,0,7,5,30,14,9,58,18,0,18,76
09/08/2018,EVV,IN,AGL,CE,Combined TRACON& Tower with Radar,4,20,8,0,32,0,0,0,0,0,4,20,8,0,32,0,0,0,32
09/09/2018,EVV,IN,AGL,CE,Combined TRACON& Tower with Radar,7,21,19,21,68,0,1,0,0,1,7,22,19,21,69,0,0,0,69
09/10/2018,EVV,IN,AGL,CE,Combined TRACON& Tower with Radar,5,27,23,2,57,0,4,15,0,19,5,31,38,2,76,25,0,25,101
09/11/2018,EVV,IN,AGL,CE,Combined TRACON& Tower with Radar,7,26,35,25,93,0,1,15,5,21,7,27,50,30,114,53,14,67,181
09/12/2018,EVV,IN,AGL,CE,Combined TRACON& Tower with Radar,7,25,23,4,59,0,3,22,0,25,7,28,45,4,84,30,6,36,120
09/13/2018,EVV,IN,AGL,CE,Combined TRACON& Tower with Radar,7,31,38,5,81,0,4,27,0,31,7,35,65,5,112,58,4,62,174
09/14/2018,EVV,IN,AGL,CE,Combined TRACON& Tower with Radar,5,26,27,30,88,0,0,25,1,26,5,26,52,31,114,24,2,26,140
09/15/2018,EVV,IN,AGL,CE,Combined TRACON& Tower with Radar,4,17,17,0,38,0,8,31,0,39,4,25,48,0,77,55,0,55,132
09/16/2018,EVV,IN,AGL,CE,Combined TRACON& Tower with Radar,8,22,21,12,63,0,1,12,2,15,8,23,33,14,78,43,0,43,121
09/17/2018,EVV,IN,AGL,CE,Combined TRACON& Tower with Radar,5,25,17,1,48,0,5,14,0,19,5,30,31,1,67,36,0,36,103
09/18/2018,EVV,IN,AGL,CE,Combined TRACON& Tower with Radar,6,28,35,0,69,0,4,30,0,34,6,32,65,0,103,32,0,32,135
09/19/2018,EVV,IN,AGL,CE,Combined TRACON& Tower with Radar,7,26,33,0,66,0,4,11,0,15,7,30,44,0,81,68,0,68,149
09/20/2018,EVV,IN,AGL,CE,Combined TRACON& Tower with Radar,8,25,20,4,57,0,0,22,0,22,8,25,42,4,79,0,0,0,79
09/21/2018,EVV,IN,AGL,CE,Combined TRACON& Tower with Radar,6,24,26,34,90,0,0,8,0,8,6,24,34,34,98,0,8,8,106
09/22/2018,EVV,IN,AGL,CE,Combined TRACON& Tower with Radar,4,24,11,7,46,0,2,5,0,7,4,26,16,7,53,0,0,0,53
09/23/2018,EVV,IN,AGL,CE,Combined TRACON& Tower with Radar,8,27,19,8,62,0,2,1,0,3,8,29,20,8,65,0,0,0,65
09/24/2018,EVV,IN,AGL,CE,Combined TRACON& Tower with Radar,6,25,11,0,42,0,1,1,0,2,6,26,12,0,44,0,0,0,44
09/25/2018,EVV,IN,AGL,CE,Combined TRACON& Tower with Radar,4,34,28,0,66,0,0,2,1,3,4,34,30,1,69,22,0,22,91
09/26/2018,EVV,IN,AGL,CE,Combined TRACON& Tower with Radar,5,27,19,0,51,0,2,17,0,19,5,29,36,0,70,0,0,0,70
09/27/2018,EVV,IN,AGL,CE,Combined TRACON& Tower with Radar,8,32,26,0,66,0,6,9,0,15,8,38,35,0,81,13,0,13,94
09/28/2018,EVV,IN,AGL,CE,Combined TRACON& Tower with Radar,6,29,22,5,62,0,2,26,1,29,6,31,48,6,91,0,0,0,91
09/29/2018,EVV,IN,AGL,CE,Combined TRACON& Tower with Radar,4,17,34,0,55,0,2,34,0,36,4,19,68,0,91,25,0,25,116
09/30/2018,EVV,IN,AGL,CE,Combined TRACON& Tower with Radar,8,29,19,2,58,0,6,20,3,29,8,35,39,5,87,44,0,44,131
10/01/2018,EVV,IN,AGL,CE,Combined TRACON& Tower with Radar,6,29,18,9,62,0,3,20,5,28,6,32,38,14,90,11,8,19,109
10/02/2018,EVV,IN,AGL,CE,Combined TRACON& Tower with Radar,5,29,34,0,68,0,2,15,0,17,5,31,49,0,85,18,0,18,103
10/03/2018,EVV,IN,AGL,CE,Combined TRACON& Tower with Radar,8,28,18,7,61,0,1,9,0,10,8,29,27,7,71,0,6,6,77
10/04/2018,EVV,IN,AGL,CE,Combined TRACON& Tower with Radar,7,33,27,0,67,0,0,18,0,18,7,33,45,0,85,62,0,62,147
10/05/2018,EVV,IN,AGL,CE,Combined TRACON& Tower with Radar,6,33,16,2,57,0,1,12,0,13,6,34,28,2,70,0,0,0,70
10/06/2018,EVV,IN,AGL,CE,Combined TRACON& Tower with Radar,6,14,10,0,30,0,0,30,0,30,6,14,40,0,60,13,0,13,73
10/07/2018,EVV,IN,AGL,CE,Combined TRACON& Tower with Radar,9,27,11,1,48,0,0,15,0,15,9,27,26,1,63,0,0,0,63
10/08/2018,EVV,IN,AGL,CE,Combined TRACON& Tower with Radar,6,27,23,0,56,0,0,9,0,9,6,27,32,0,65,0,0,0,65
10/09/2018,EVV,IN,AGL,CE,Combined TRACON& Tower with Radar,7,27,27,9,70,0,2,22,1,25,7,29,49,10,95,20,0,20,115
10/10/2018,EVV,IN,AGL,CE,Combined TRACON& Tower with Radar,7,26,28,0,61,0,0,0,0,0,7,26,28,0,61,0,0,0,61
10/11/2018,EVV,IN,AGL,CE,Combined TRACON& Tower with Radar,8,31,31,7,77,0,2,13,1,16,8,33,44,8,93,4,0,4,97
10/12/2018,EVV,IN,AGL,CE,Combined TRACON& Tower with Radar,6,25,13,6,50,0,1,16,0,17,6,26,29,6,67,46,8,54,121
10/13/2018,EVV,IN,AGL,CE,Combined TRACON& Tower with Radar,5,15,27,0,47,0,2,9,0,11,5,17,36,0,58,34,0,34,92
10/14/2018,EVV,IN,AGL,CE,Combined TRACON& Tower with Radar,7,25,10,0,42,0,0,0,0,0,7,25,10,0,42,0,0,0,42
10/15/2018,EVV,IN,AGL,CE,Combined TRACON& Tower with Radar,7,25,29,0,61,0,0,1,0,1,7,25,30,0,62,0,0,0,62
10/16/2018,EVV,IN,AGL,CE,Combined TRACON& Tower with Radar,8,31,19,11,69,0,4,4,1,9,8,35,23,12,78,0,0,0,78
10/17/2018,EVV,IN,AGL,CE,Combined TRACON& Tower with Radar,6,29,19,5,59,0,9,25,1,35,6,38,44,6,94,38,20,58,152
10/18/2018,EVV,IN,AGL,CE,Combined TRACON& Tower with Radar,10,28,41,0,79,0,0,11,0,11,10,28,52,0,90,48,0,48,138
10/19/2018,EVV,IN,AGL,CE,Combined TRACON& Tower with Radar,9,29,23,6,67,0,0,13,0,13,9,29,36,6,80,8,4,12,92
10/20/2018,EVV,IN,AGL,CE,Combined TRACON& Tower with Radar,6,14,15,0,35,0,2,7,0,9,6,16,22,0,44,0,0,0,44
10/21/2018,EVV,IN,AGL,CE,Combined TRACON& Tower with Radar,7,23,17,0,47,0,3,22,0,25,7,26,39,0,72,0,0,0,72
10/22/2018,EVV,IN,AGL,CE,Combined TRACON& Tower with Radar,6,25,18,0,49,0,4,14,0,18,6,29,32,0,67,6,0,6,73
10/23/2018,EVV,IN,AGL,CE,Combined TRACON& Tower with Radar,5,32,21,5,63,0,2,9,1,12,5,34,30,6,75,0,0,0,75
10/24/2018,EVV,IN,AGL,CE,Combined TRACON& Tower with Radar,6,31,17,2,56,0,2,16,0,18,6,33,33,2,74,4,0,4,78
10/25/2018,EVV,IN,AGL,CE,Combined TRACON& Tower with Radar,8,27,39,6,80,0,0,22,1,23,8,27,61,7,103,0,0,0,103
10/26/2018,EVV,IN,AGL,CE,Combined TRACON& Tower with Radar,5,27,9,0,41,0,0,1,0,1,5,27,10,0,42,0,0,0,42
10/27/2018,EVV,IN,AGL,CE,Combined TRACON& Tower with Radar,10,16,25,0,51,0,0,26,0,26,10,16,51,0,77,0,0,0,77
10/28/2018,EVV,IN,AGL,CE,Combined TRACON& Tower with Radar,8,23,9,0,40,0,0,5,0,5,8,23,14,0,45,0,0,0,45
10/29/2018,EVV,IN,AGL,CE,Combined TRACON& Tower with Radar,6,28,14,0,48,0,2,22,0,24,6,30,36,0,72,11,0,11,83
10/30/2018,EVV,IN,AGL,CE,Combined TRACON& Tower with Radar,6,30,19,5,60,0,0,15,0,15,6,30,34,5,75,2,0,2,77
10/31/2018,EVV,IN,AGL,CE,Combined TRACON& Tower with Radar,6,25,22,2,55,0,3,0,0,3,6,28,22,2,58,0,0,0,58
11/01/2018,EVV,IN,AGL,CE,Combined TRACON& Tower with Radar,8,28,20,0,56,0,0,0,0,0,8,28,20,0,56,0,0,0,56
11/02/2018,EVV,IN,AGL,CE,Combined TRACON& Tower with Radar,6,26,11,1,44,0,1,5,0,6,6,27,16,1,50,12,0,12,62
11/03/2018,EVV,IN,AGL,CE,Combined TRACON& Tower with Radar,11,14,13,0,38,0,0,22,0,22,11,14,35,0,60,6,0,6,66
11/04/2018,EVV,IN,AGL,CE,Combined TRACON& Tower with Radar,8,26,15,0,49,0,0,7,0,7,8,26,22,0,56,0,0,0,56
11/05/2018,EVV,IN,AGL,CE,Combined TRACON& Tower with Radar,5,30,19,0,54,0,3,2,0,5,5,33,21,0,59,0,0,0,59
11/06/2018,EVV,IN,AGL,CE,Combined TRACON& Tower with Radar,6,29,25,0,60,0,1,14,0,15,6,30,39,0,75,4,0,4,79
11/07/2018,EVV,IN,AGL,CE,Combined TRACON& Tower with Radar,6,29,28,18,81,0,7,25,2,34,6,36,53,20,115,56,12,68,183
11/08/2018,EVV,IN,AGL,CE,Combined TRACON& Tower with Radar,7,31,17,7,62,0,4,16,0,20,7,35,33,7,82,0,0,0,82
11/09/2018,EVV,IN,AGL,CE,Combined TRACON& Tower with Radar,6,32,13,14,65,0,4,1,0,5,6,36,14,14,70,2,0,2,72
11/10/2018,EVV,IN,AGL,CE,Combined TRACON& Tower with Radar,6,18,10,0,34,0,0,35,0,35,6,18,45,0,69,29,0,29,98
11/11/2018,EVV,IN,AGL,CE,Combined TRACON& Tower with Radar,8,28,16,0,52,0,2,9,0,11,8,30,25,0,63,0,0,0,63
11/12/2018,EVV,IN,AGL,CE,Combined TRACON& Tower with Radar,7,28,24,0,59,0,3,24,0,27,7,31,48,0,86,21,0,21,107
11/13/2018,EVV,IN,AGL,CE,Combined TRACON& Tower with Radar,6,28,21,0,55,0,3,7,0,10,6,31,28,0,65,9,0,9,74
11/14/2018,EVV,IN,AGL,CE,Combined TRACON& Tower with Radar,5,26,26,0,57,0,1,9,0,10,5,27,35,0,67,0,0,0,67
11/15/2018,EVV,IN,AGL,CE,Combined TRACON& Tower with Radar,8,31,15,0,54,0,1,1,0,2,8,32,16,0,56,0,0,0,56
11/16/2018,EVV,IN,AGL,CE,Combined TRACON& Tower with Radar,7,31,23,0,61,0,1,11,3,15,7,32,34,3,76,28,0,28,104
11/17/2018,EVV,IN,AGL,CE,Combined TRACON& Tower with Radar,6,22,5,0,33,0,1,12,0,13,6,23,17,0,46,18,0,18,64
11/18/2018,EVV,IN,AGL,CE,Combined TRACON& Tower with Radar,10,20,9,0,39,0,1,1,0,2,10,21,10,0,41,8,0,8,49
11/19/2018,EVV,IN,AGL,CE,Combined TRACON& Tower with Radar,5,22,23,0,50,0,0,0,0,0,5,22,23,0,50,0,0,0,50
11/20/2018,EVV,IN,AGL,CE,Combined TRACON& Tower with Radar,7,24,13,0,44,0,0,13,0,13,7,24,26,0,57,32,0,32,89
11/21/2018,EVV,IN,AGL,CE,Combined TRACON& Tower with Radar,5,27,22,0,54,0,0,16,0,16,5,27,38,0,70,60,0,60,130
11/22/2018,EVV,IN,AGL,CE,Combined TRACON& Tower with Radar,6,11,4,0,21,0,0,13,0,13,6,11,17,0,34,5,0,5,39
11/23/2018,EVV,IN,AGL,CE,Combined TRACON& Tower with Radar,8,12,12,0,32,0,0,6,0,6,8,12,18,0,38,8,0,8,46
11/24/2018,EVV,IN,AGL,CE,Combined TRACON& Tower with Radar,9,19,15,0,43,0,0,9,0,9,9,19,24,0,52,0,0,0,52
11/25/2018,EVV,IN,AGL,CE,Combined TRACON& Tower with Radar,7,18,19,0,44,0,4,7,0,11,7,22,26,0,55,0,0,0,55
11/26/2018,EVV,IN,AGL,CE,Combined TRACON& Tower with Radar,8,26,13,0,47,0,0,8,0,8,8,26,21,0,55,15,0,15,70
11/27/2018,EVV,IN,AGL,CE,Combined TRACON& Tower with Radar,5,36,12,0,53,0,0,10,0,10,5,36,22,0,63,41,0,41,104
11/28/2018,EVV,IN,AGL,CE,Combined TRACON& Tower with Radar,6,35,24,6,71,0,4,18,0,22,6,39,42,6,93,68,0,68,161
11/29/2018,EVV,IN,AGL,CE,Combined TRACON& Tower with Radar,7,25,21,0,53,0,0,3,0,3,7,25,24,0,56,0,0,0,56
11/30/2018,EVV,IN,AGL,CE,Combined TRACON& Tower with Radar,4,27,22,0,53,0,1,0,0,1,4,28,22,0,54,0,0,0,54
12/01/2018,EVV,IN,AGL,CE,Combined TRACON& Tower with Radar,9,15,5,0,29,0,0,0,0,0,9,15,5,0,29,0,0,0,29
12/02/2018,EVV,IN,AGL,CE,Combined TRACON& Tower with Radar,8,24,11,0,43,0,3,7,0,10,8,27,18,0,53,0,0,0,53
12/03/2018,EVV,IN,AGL,CE,Combined TRACON& Tower with Radar,6,25,11,0,42,0,2,5,0,7,6,27,16,0,49,57,0,57,106
12/04/2018,EVV,IN,AGL,CE,Combined TRACON& Tower with Radar,5,28,22,4,59,0,0,8,0,8,5,28,30,4,67,0,0,0,67
12/05/2018,EVV,IN,AGL,CE,Combined TRACON& Tower with Radar,6,29,14,0,49,0,0,13,0,13,6,29,27,0,62,81,0,81,143
12/06/2018,EVV,IN,AGL,CE,Combined TRACON& Tower with Radar,7,27,15,4,53,0,3,10,1,14,7,30,25,5,67,0,0,0,67
12/07/2018,EVV,IN,AGL,CE,Combined TRACON& Tower with Radar,6,30,31,0,67,0,0,3,0,3,6,30,34,0,70,41,0,41,111
12/08/2018,EVV,IN,AGL,CE,Combined TRACON& Tower with Radar,6,20,26,8,60,0,7,20,0,27,6,27,46,8,87,43,0,43,130
12/09/2018,EVV,IN,AGL,CE,Combined TRACON& Tower with Radar,7,21,14,0,42,0,8,20,1,29,7,29,34,1,71,4,0,4,75
12/10/2018,EVV,IN,AGL,CE,Combined TRACON& Tower with Radar,6,26,17,0,49,0,0,10,1,11,6,26,27,1,60,22,0,22,82
12/11/2018,EVV,IN,AGL,CE,Combined TRACON& Tower with Radar,6,32,29,0,67,0,1,19,0,20,6,33,48,0,87,0,0,0,87
12/12/2018,EVV,IN,AGL,CE,Combined TRACON& Tower with Radar,5,29,27,2,63,0,4,12,0,16,5,33,39,2,79,59,0,59,138
12/13/2018,EVV,IN,AGL,CE,Combined TRACON& Tower with Radar,9,29,21,0,59,0,6,1,0,7,9,35,22,0,66,0,0,0,66
12/14/2018,EVV,IN,AGL,CE,Combined TRACON& Tower with Radar,7,34,12,0,53,0,1,0,0,1,7,35,12,0,54,0,0,0,54
12/15/2018,EVV,IN,AGL,CE,Combined TRACON& Tower with Radar,6,21,6,0,33,0,1,0,0,1,6,22,6,0,34,0,0,0,34
12/16/2018,EVV,IN,AGL,CE,Combined TRACON& Tower with Radar,8,25,10,0,43,0,2,21,1,24,8,27,31,1,67,8,0,8,75
12/17/2018,EVV,IN,AGL,CE,Combined TRACON& Tower with Radar,6,25,23,0,54,0,0,23,0,23,6,25,46,0,77,38,0,38,115
12/18/2018,EVV,IN,AGL,CE,Combined TRACON& Tower with Radar,6,33,32,0,71,0,0,17,0,17,6,33,49,0,88,26,0,26,114
12/19/2018,EVV,IN,AGL,CE,Combined TRACON& Tower with Radar,6,28,26,10,70,0,0,19,0,19,6,28,45,10,89,18,0,18,107
12/20/2018,EVV,IN,AGL,CE,Combined TRACON& Tower with Radar,6,27,23,0,56,0,0,1,0,1,6,27,24,0,57,0,0,0,57
12/21/2018,EVV,IN,AGL,CE,Combined TRACON& Tower with Radar,6,36,10,2,54,0,0,0,0,0,6,36,10,2,54,0,0,0,54
12/22/2018,EVV,IN,AGL,CE,Combined TRACON& Tower with Radar,5,23,12,0,40,0,0,12,0,12,5,23,24,0,52,6,0,6,58
12/23/2018,EVV,IN,AGL,CE,Combined TRACON& Tower with Radar,7,22,7,0,36,0,0,4,0,4,7,22,11,0,40,0,0,0,40
12/24/2018,EVV,IN,AGL,CE,Combined TRACON& Tower with Radar,4,16,1,0,21,0,2,6,2,10,4,18,7,2,31,0,0,0,31
12/25/2018,EVV,IN,AGL,CE,Combined TRACON& Tower with Radar,4,14,3,2,23,0,0,6,2,8,4,14,9,4,31,16,0,16,47
12/26/2018,EVV,IN,AGL,CE,Combined TRACON& Tower with Radar,5,25,20,0,50,0,0,15,0,15,5,25,35,0,65,81,0,81,146
12/27/2018,EVV,IN,AGL,CE,Combined TRACON& Tower with Radar,6,22,10,3,41,0,1,1,0,2,6,23,11,3,43,0,0,0,43
12/28/2018,EVV,IN,AGL,CE,Combined TRACON& Tower with Radar,6,22,14,3,45,0,0,7,0,7,6,22,21,3,52,13,0,13,65
12/29/2018,EVV,IN,AGL,CE,Combined TRACON& Tower with Radar,4,22,7,0,33,0,2,5,0,7,4,24,12,0,40,26,0,26,66
12/30/2018,EVV,IN,AGL,CE,Combined TRACON& Tower with Radar,8,22,26,0,56,0,3,37,0,40,8,25,63,0,96,42,0,42,138
12/31/2018,EVV,IN,AGL,CE,Combined TRACON& Tower with Radar,4,16,2,0,22,0,0,0,0,0,4,16,2,0,22,0,0,0,22
01/01/2019,EVV,IN,AGL,CE,Combined TRACON& Tower with Radar,4,18,4,0,26,0,4,0,0,4,4,22,4,0,30,6,0,6,36
01/02/2019,EVV,IN,AGL,CE,Combined TRACON& Tower with Radar,6,23,21,1,51,0,2,1,0,3,6,25,22,1,54,0,0,0,54
01/03/2019,EVV,IN,AGL,CE,Combined TRACON& Tower with Radar,7,21,14,9,51,0,0,15,1,16,7,21,29,10,67,35,51,86,153
01/04/2019,EVV,IN,AGL,CE,Combined TRACON& Tower with Radar,3,19,9,0,31,0,2,0,0,2,3,21,9,0,33,8,0,8,41
01/05/2019,EVV,IN,AGL,CE,Combined TRACON& Tower with Radar,4,20,15,0,39,0,0,37,0,37,4,20,52,0,76,4,0,4,80
01/06/2019,EVV,IN,AGL,CE,Combined TRACON& Tower with Radar,8,26,5,0,39,0,0,19,0,19,8,26,24,0,58,8,0,8,66
01/07/2019,EVV,IN,AGL,CE,Combined TRACON& Tower with Radar,5,26,15,2,48,0,3,0,0,3,5,29,15,2,51,0,0,0,51
01/08/2019,EVV,IN,AGL,CE,Combined TRACON& Tower with Radar,4,28,10,6,48,0,6,3,2,11,4,34,13,8,59,4,0,4,63
01/09/2019,EVV,IN,AGL,CE,Combined TRACON& Tower with Radar,6,27,15,1,49,0,2,2,1,5,6,29,17,2,54,20,0,20,74
01/10/2019,EVV,IN,AGL,CE,Combined TRACON& Tower with Radar,8,25,19,5,57,0,0,24,0,24,8,25,43,5,81,28,0,28,109
01/11/2019,EVV,IN,AGL,CE,Combined TRACON& Tower with Radar,5,26,26,0,57,0,2,6,0,8,5,28,32,0,65,9,0,9,74
01/12/2019,EVV,IN,AGL,CE,Combined TRACON& Tower with Radar,4,16,0,0,20,0,0,0,0,0,4,16,0,0,20,0,0,0,20
01/13/2019,EVV,IN,AGL,CE,Combined TRACON& Tower with Radar,7,22,7,0,36,0,0,0,0,0,7,22,7,0,36,0,0,0,36
01/14/2019,EVV,IN,AGL,CE,Combined TRACON& Tower with Radar,6,24,12,0,42,0,0,3,0,3,6,24,15,0,45,0,0,0,45
01/15/2019,EVV,IN,AGL,CE,Combined TRACON& Tower with Radar,4,32,14,7,57,0,0,7,1,8,4,32,21,8,65,38,2,40,105
01/16/2019,EVV,IN,AGL,CE,Combined TRACON& Tower with Radar,6,30,22,0,58,0,2,4,0,6,6,32,26,0,64,63,0,63,127
01/17/2019,EVV,IN,AGL,CE,Combined TRACON& Tower with Radar,8,29,7,0,44,0,0,0,0,0,8,29,7,0,44,0,0,0,44
01/18/2019,EVV,IN,AGL,CE,Combined TRACON& Tower with Radar,6,31,24,0,61,0,2,0,0,2,6,33,24,0,63,32,0,32,95
01/19/2019,EVV,IN,AGL,CE,Combined TRACON& Tower with Radar,2,10,1,0,13,0,0,0,0,0,2,10,1,0,13,0,0,0,13
01/20/2019,EVV,IN,AGL,CE,Combined TRACON& Tower with Radar,8,20,8,0,36,0,0,1,0,1,8,20,9,0,37,0,0,0,37
01/21/2019,EVV,IN,AGL,CE,Combined TRACON& Tower with Radar,6,24,18,0,48,0,0,22,0,22,6,24,40,0,70,16,0,16,86
01/22/2019,EVV,IN,AGL,CE,Combined TRACON& Tower with Radar,5,24,18,7,54,0,2,9,0,11,5,26,27,7,65,0,0,0,65
01/23/2019,EVV,IN,AGL,CE,Combined TRACON& Tower with Radar,6,30,6,0,42,0,3,0,0,3,6,33,6,0,45,0,0,0,45
01/24/2019,EVV,IN,AGL,CE,Combined TRACON& Tower with Radar,7,30,30,2,69,0,4,22,0,26,7,34,52,2,95,32,8,40,135
01/25/2019,EVV,IN,AGL,CE,Combined TRACON& Tower with Radar,6,25,21,0,52,0,7,11,2,20,6,32,32,2,72,19,0,19,91
01/26/2019,EVV,IN,AGL,CE,Combined TRACON& Tower with Radar,4,14,1,0,19,0,0,10,0,10,4,14,11,0,29,24,0,24,53
01/27/2019,EVV,IN,AGL,CE,Combined TRACON& Tower with Radar,8,25,9,0,42,0,0,8,0,8,8,25,17,0,50,34,0,34,84
01/28/2019,EVV,IN,AGL,CE,Combined TRACON& Tower with Radar,6,19,12,0,37,0,0,8,0,8,6,19,20,0,45,0,0,0,45
01/29/2019,EVV,IN,AGL,CE,Combined TRACON& Tower with Radar,3,28,30,0,61,0,2,13,0,15,3,30,43,0,76,0,0,0,76
01/30/2019,EVV,IN,AGL,CE,Combined TRACON& Tower with Radar,6,19,12,0,37,0,1,10,0,11,6,20,22,0,48,2,0,2,50
01/31/2019,EVV,IN,AGL,CE,Combined TRACON& Tower with Radar,7,16,9,0,32,0,3,4,0,7,7,19,13,0,39,0,0,0,39
02/01/2019,EVV,IN,AGL,CE,Combined TRACON& Tower with Radar,6,25,21,0,52,0,2,11,0,13,6,27,32,0,65,26,0,26,91
02/02/2019,EVV,IN,AGL,CE,Combined TRACON& Tower with Radar,4,14,15,2,35,0,2,18,0,20,4,16,33,2,55,0,0,0,55
02/03/2019,EVV,IN,AGL,CE,Combined TRACON& Tower with Radar,8,18,9,0,35,0,0,26,0,26,8,18,35,0,61,34,0,34,95
02/04/2019,EVV,IN,AGL,CE,Combined TRACON& Tower with Radar,6,28,16,0,50,0,1,3,0,4,6,29,19,0,54,0,0,0,54
02/05/2019,EVV,IN,AGL,CE,Combined TRACON& Tower with Radar,4,30,14,0,48,0,0,0,0,0,4,30,14,0,48,0,0,0,48
02/06/2019,EVV,IN,AGL,CE,Combined TRACON& Tower with Radar,6,25,18,0,49,0,0,0,0,0,6,25,18,0,49,0,0,0,49
02/07/2019,EVV,IN,AGL,CE,Combined TRACON& Tower with Radar,8,26,8,0,42,0,1,0,0,1,8,27,8,0,43,0,0,0,43
02/08/2019,EVV,IN,AGL,CE,Combined TRACON& Tower with Radar,5,29,23,0,57,0,4,15,0,19,5,33,38,0,76,59,0,59,135
02/09/2019,EVV,IN,AGL,CE,Combined TRACON& Tower with Radar,4,14,16,0,34,0,8,38,0,46,4,22,54,0,80,55,0,55,135
02/10/2019,EVV,IN,AGL,CE,Combined TRACON& Tower with Radar,7,18,2,0,27,0,0,0,0,0,7,18,2,0,27,0,0,0,27
02/11/2019,EVV,IN,AGL,CE,Combined TRACON& Tower with Radar,6,24,17,0,47,0,0,0,0,0,6,24,17,0,47,0,0,0,47
02/12/2019,EVV,IN,AGL,CE,Combined TRACON& Tower with Radar,4,30,13,0,47,0,8,1,1,10,4,38,14,1,57,0,0,0,57
02/13/2019,EVV,IN,AGL,CE,Combined TRACON& Tower with Radar,5,41,31,1,78,0,8,18,1,27,5,49,49,2,105,28,0,28,133
02/14/2019,EVV,IN,AGL,CE,Combined TRACON& Tower with Radar,8,28,21,0,57,0,0,5,0,5,8,28,26,0,62,0,0,0,62
02/15/2019,EVV,IN,AGL,CE,Combined TRACON& Tower with Radar,6,26,28,0,60,0,1,10,0,11,6,27,38,0,71,45,0,45,116
02/16/2019,EVV,IN,AGL,CE,Combined TRACON& Tower with Radar,4,15,26,0,45,0,0,33,0,33,4,15,59,0,78,26,0,26,104
02/17/2019,EVV,IN,AGL,CE,Combined TRACON& Tower with Radar,7,14,9,0,30,0,0,1,0,1,7,14,10,0,31,0,0,0,31
02/18/2019,EVV,IN,AGL,CE,Combined TRACON& Tower with Radar,6,28,19,0,53,0,6,8,0,14,6,34,27,0,67,10,0,10,77
02/19/2019,EVV,IN,AGL,CE,Combined TRACON& Tower with Radar,7,30,21,8,66,0,2,17,0,19,7,32,38,8,85,0,9,9,94
02/20/2019,EVV,IN,AGL,CE,Combined TRACON& Tower with Radar,6,27,12,0,45,0,0,0,0,0,6,27,12,0,45,0,0,0,45
02/21/2019,EVV,IN,AGL,CE,Combined TRACON& Tower with Radar,7,30,35,29,101,0,4,21,1,26,7,34,56,30,127,40,21,61,188
02/22/2019,EVV,IN,AGL,CE,Combined TRACON& Tower with Radar,5,25,15,3,48,0,7,13,1,21,5,32,28,4,69,30,24,54,123
02/23/2019,EVV,IN,AGL,CE,Combined TRACON& Tower with Radar,5,16,4,0,25,0,2,0,0,2,5,18,4,0,27,0,0,0,27
02/24/2019,EVV,IN,AGL,CE,Combined TRACON& Tower with Radar,9,20,10,0,39,0,0,0,0,0,9,20,10,0,39,0,0,0,39
02/25/2019,EVV,IN,AGL,CE,Combined TRACON& Tower with Radar,6,28,18,0,52,0,18,27,0,45,6,46,45,0,97,8,0,8,105
02/26/2019,EVV,IN,AGL,CE,Combined TRACON& Tower with Radar,5,28,23,0,56,0,0,25,1,26,5,28,48,1,82,51,0,51,133
02/27/2019,EVV,IN,AGL,CE,Combined TRACON& Tower with Radar,8,29,23,5,65,0,8,7,0,15,8,37,30,5,80,12,0,12,92
02/28/2019,EVV,IN,AGL,CE,Combined TRACON& Tower with Radar,8,29,14,5,56,0,0,0,0,0,8,29,14,5,56,0,0,0,56
03/01/2019,EVV,IN,AGL,CE,Combined TRACON& Tower with Radar,6,28,13,0,47,0,2,1,0,3,6,30,14,0,50,0,0,0,50
03/02/2019,EVV,IN,AGL,CE,Combined TRACON& Tower with Radar,4,16,17,0,37,0,0,8,0,8,4,16,25,0,45,64,0,64,109
03/03/2019,EVV,IN,AGL,CE,Combined TRACON& Tower with Radar,8,21,2,0,31,0,1,0,0,1,8,22,2,0,32,0,0,0,32
03/04/2019,EVV,IN,AGL,CE,Combined TRACON& Tower with Radar,6,30,18,0,54,0,4,14,0,18,6,34,32,0,72,32,0,32,104
03/05/2019,EVV,IN,AGL,CE,Combined TRACON& Tower with Radar,6,26,17,1,50,0,10,15,1,26,6,36,32,2,76,14,0,14,90
03/06/2019,EVV,IN,AGL,CE,Combined TRACON& Tower with Radar,6,35,25,2,68,0,6,19,0,25,6,41,44,2,93,89,0,89,182
03/07/2019,EVV,IN,AGL,CE,Combined TRACON& Tower with Radar,7,29,28,1,65,0,4,11,0,15,7,33,39,1,80,12,0,12,92
03/08/2019,EVV,IN,AGL,CE,Combined TRACON& Tower with Radar,6,28,22,0,56,0,1,0,0,1,6,29,22,0,57,0,0,0,57
03/09/2019,EVV,IN,AGL,CE,Combined TRACON& Tower with Radar,6,16,4,0,26,0,1,0,0,1,6,17,4,0,27,0,0,0,27
03/10/2019,EVV,IN,AGL,CE,Combined TRACON& Tower with Radar,8,22,11,0,41,0,0,10,0,10,8,22,21,0,51,0,0,0,51
03/11/2019,EVV,IN,AGL,CE,Combined TRACON& Tower with Radar,5,24,8,17,54,0,4,37,3,44,5,28,45,20,98,46,8,54,152
03/12/2019,EVV,IN,AGL,CE,Combined TRACON& Tower with Radar,6,27,29,6,68,0,2,21,0,23,6,29,50,6,91,51,3,54,145
03/13/2019,EVV,IN,AGL,CE,Combined TRACON& Tower with Radar,7,30,31,13,81,0,0,12,7,19,7,30,43,20,100,0,10,10,110
03/14/2019,EVV,IN,AGL,CE,Combined TRACON& Tower with Radar,7,21,4,0,32,0,0,0,0,0,7,21,4,0,32,0,0,0,32
03/15/2019,EVV,IN,AGL,CE,Combined TRACON& Tower with Radar,6,28,9,0,43,0,0,8,0,8,6,28,17,0,51,10,0,10,61
03/16/2019,EVV,IN,AGL,CE,Combined TRACON& Tower with Radar,4,18,12,0,34,0,0,27,0,27,4,18,39,0,61,11,0,11,72
03/17/2019,EVV,IN,AGL,CE,Combined TRACON& Tower with Radar,8,22,10,0,40,0,0,13,0,13,8,22,23,0,53,8,0,8,61
03/18/2019,EVV,IN,AGL,CE,Combined TRACON& Tower with Radar,6,26,27,0,59,0,10,31,1,42,6,36,58,1,101,53,0,53,154
03/19/2019,EVV,IN,AGL,CE,Combined TRACON& Tower with Radar,8,29,30,0,67,0,2,23,0,25,8,31,53,0,92,29,0,29,121
03/20/2019,EVV,IN,AGL,CE,Combined TRACON& Tower with Radar,6,28,36,2,72,0,4,9,0,13,6,32,45,2,85,26,0,26,111
03/21/2019,EVV,IN,AGL,CE,Combined TRACON& Tower with Radar,8,29,30,3,70,0,6,28,0,34,8,35,58,3,104,17,0,17,121
03/22/2019,EVV,IN,AGL,CE,Combined TRACON& Tower with Radar,6,25,21,1,53,0,6,32,1,39,6,31,53,2,92,14,0,14,106
03/23/2019,EVV,IN,AGL,CE,Combined TRACON& Tower with Radar,3,16,22,8,49,0,0,31,0,31,3,16,53,8,80,65,0,65,145
03/24/2019,EVV,IN,AGL,CE,Combined TRACON& Tower with Radar,9,22,12,0,43,0,5,6,0,11,9,27,18,0,54,0,0,0,54
03/25/2019,EVV,IN,AGL,CE,Combined TRACON& Tower with Radar,6,26,21,0,53,0,3,0,2,5,6,29,21,2,58,0,0,0,58
03/26/2019,EVV,IN,AGL,CE,Combined TRACON& Tower with Radar,7,27,21,0,55,0,4,28,0,32,7,31,49,0,87,30,0,30,117
03/27/2019,EVV,IN,AGL,CE,Combined TRACON& Tower with Radar,6,27,24,4,61,0,4,39,0,43,6,31,63,4,104,47,0,47,151
03/28/2019,EVV,IN,AGL,CE,Combined TRACON& Tower with Radar,8,28,26,2,64,0,6,9,0,15,8,34,35,2,79,34,0,34,113
03/29/2019,EVV,IN,AGL,CE,Combined TRACON& Tower with Radar,6,30,20,0,56,0,0,3,0,3,6,30,23,0,59,33,0,33,92
03/30/2019,EVV,IN,AGL,CE,Combined TRACON& Tower with Radar,4,16,7,0,27,0,2,0,0,2,4,18,7,0,29,0,0,0,29
03/31/2019,EVV,IN,AGL,CE,Combined TRACON& Tower with Radar,7,22,22,4,55,0,2,13,0,15,7,24,35,4,70,8,0,8,78
04/01/2019,EVV,IN,AGL,CE,Combined TRACON& Tower with Radar,5,24,19,0,48,0,12,27,0,39,5,36,46,0,87,41,0,41,128
04/02/2019,EVV,IN,AGL,CE,Combined TRACON& Tower with Radar,8,29,28,4,69,0,8,16,0,24,8,37,44,4,93,43,0,43,136
04/03/2019,EVV,IN,AGL,CE,Combined TRACON& Tower with Radar,6,28,31,0,65,0,6,34,0,40,6,34,65,0,105,42,0,42,147
04/04/2019,EVV,IN,AGL,CE,Combined TRACON& Tower with Radar,8,35,27,4,74,0,2,10,0,12,8,37,37,4,86,56,0,56,142
04/05/2019,EVV,IN,AGL,CE,Combined TRACON& Tower with Radar,6,29,30,10,75,0,0,1,0,1,6,29,31,10,76,9,0,9,85
04/06/2019,EVV,IN,AGL,CE,Combined TRACON& Tower with Radar,4,17,19,0,40,0,2,26,0,28,4,19,45,0,68,38,0,38,106
04/07/2019,EVV,IN,AGL,CE,Combined TRACON& Tower with Radar,10,20,16,2,48,0,2,0,0,2,10,22,16,2,50,0,0,0,50
04/08/2019,EVV,IN,AGL,CE,Combined TRACON& Tower with Radar,8,25,19,0,52,0,7,28,0,35,8,32,47,0,87,71,0,71,158
04/09/2019,EVV,IN,AGL,CE,Combined TRACON& Tower with Radar,5,28,22,1,56,0,0,30,3,33,5,28,52,4,89,50,0,50,139
04/10/2019,EVV,IN,AGL,CE,Combined TRACON& Tower with Radar,6,29,27,2,64,0,4,29,0,33,6,33,56,2,97,50,0,50,147
04/11/2019,EVV,IN,AGL,CE,Combined TRACON& Tower with Radar,9,31,16,0,56,0,0,5,0,5,9,31,21,0,61,0,0,0,61
04/12/2019,EVV,IN,AGL,CE,Combined TRACON& Tower with Radar,8,26,11,0,45,0,1,12,2,15,8,27,23,2,60,10,0,10,70
04/13/2019,EVV,IN,AGL,CE,Combined TRACON& Tower with Radar,3,18,11,5,37,0,9,22,0,31,3,27,33,5,68,85,8,93,161
04/14/2019,EVV,IN,AGL,CE,Combined TRACON& Tower with Radar,7,18,8,0,33,0,3,0,2,5,7,21,8,2,38,0,0,0,38
04/15/2019,EVV,IN,AGL,CE,Combined TRACON& Tower with Radar,6,31,25,0,62,0,9,29,0,38,6,40,54,0,100,58,0,58,158
04/16/2019,EVV,IN,AGL,CE,Combined TRACON& Tower with Radar,6,25,19,10,60,0,0,24,0,24,6,25,43,10,84,34,0,34,118
04/17/2019,EVV,IN,AGL,CE,Combined TRACON& Tower with Radar,6,29,28,0,63,0,2,32,0,34,6,31,60,0,97,16,0,16,113
04/18/2019,EVV,IN,AGL,CE,Combined TRACON& Tower with Radar,8,28,31,0,67,0,2,0,0,2,8,30,31,0,69,15,0,15,84
04/19/2019,EVV,IN,AGL,CE,Combined TRACON& Tower with Radar,8,25,24,0,57,0,1,0,0,1,8,26,24,0,58,0,0,0,58
04/20/2019,EVV,IN,AGL,CE,Combined TRACON& Tower with Radar,4,19,10,0,33,0,0,5,0,5,4,19,15,0,38,19,0,19,57
04/21/2019,EVV,IN,AGL,CE,Combined TRACON& Tower with Radar,9,20,17,0,46,0,6,25,0,31,9,26,42,0,77,6,0,6,83
04/22/2019,EVV,IN,AGL,CE,Combined TRACON& Tower with Radar,6,28,27,4,65,0,12,29,2,43,6,40,56,6,108,28,6,34,142
04/23/2019,EVV,IN,AGL,CE,Combined TRACON& Tower with Radar,7,25,18,2,52,0,4,18,0,22,7,29,36,2,74,100,4,104,178
04/24/2019,EVV,IN,AGL,CE,Combined TRACON& Tower with Radar,6,28,21,6,61,0,1,4,0,5,6,29,25,6,66,32,6,38,104
04/25/2019,EVV,IN,AGL,CE,Combined TRACON& Tower with Radar,8,25,23,0,56,0,3,0,0,3,8,28,23,0,59,0,0,0,59
04/26/2019,EVV,IN,AGL,CE,Combined TRACON& Tower with Radar,6,30,21,0,57,0,2,12,0,14,6,32,33,0,71,0,0,0,71
04/27/2019,EVV,IN,AGL,CE,Combined TRACON& Tower with Radar,4,16,12,0,32,0,0,15,0,15,4,16,27,0,47,72,0,72,119
04/28/2019,EVV,IN,AGL,CE,Combined TRACON& Tower with Radar,8,28,28,0,64,0,0,14,0,14,8,28,42,0,78,0,0,0,78
04/29/2019,EVV,IN,AGL,CE,Combined TRACON& Tower with Radar,6,28,7,4,45,0,2,15,0,17,6,30,22,4,62,7,0,7,69
04/30/2019,EVV,IN,AGL,CE,Combined TRACON& Tower with Radar,5,26,18,0,49,0,2,12,0,14,5,28,30,0,63,40,0,40,103
05/01/2019,EVV,IN,AGL,CE,Combined TRACON& Tower with Radar,5,27,25,0,57,0,6,7,0,13,5,33,32,0,70,35,0,35,105
05/02/2019,EVV,IN,AGL,CE,Combined TRACON& Tower with Radar,6,31,21,0,58,0,2,7,0,9,6,33,28,0,67,16,0,16,83
05/03/2019,EVV,IN,AGL,CE,Combined TRACON& Tower with Radar,6,26,22,0,54,0,1,0,0,1,6,27,22,0,55,26,0,26,81
05/04/2019,EVV,IN,AGL,CE,Combined TRACON& Tower with Radar,10,15,8,0,33,0,1,0,0,1,10,16,8,0,34,0,0,0,34
05/05/2019,EVV,IN,AGL,CE,Combined TRACON& Tower with Radar,8,28,14,0,50,0,2,40,1,43,8,30,54,1,93,0,0,0,93
05/06/2019,EVV,IN,AGL,CE,Combined TRACON& Tower with Radar,6,42,22,1,71,0,0,44,5,49,6,42,66,6,120,73,0,73,193
05/07/2019,EVV,IN,AGL,CE,Combined TRACON& Tower with Radar,6,28,28,8,70,0,4,32,2,38,6,32,60,10,108,75,0,75,183
05/08/2019,EVV,IN,AGL,CE,Combined TRACON& Tower with Radar,5,25,26,0,56,0,4,26,0,30,5,29,52,0,86,21,0,21,107
05/09/2019,EVV,IN,AGL,CE,Combined TRACON& Tower with Radar,8,30,16,1,55,0,1,6,0,7,8,31,22,1,62,10,0,10,72
05/10/2019,EVV,IN,AGL,CE,Combined TRACON& Tower with Radar,6,29,29,10,74,0,0,18,0,18,6,29,47,10,92,95,0,95,187
05/11/2019,EVV,IN,AGL,CE,Combined TRACON& Tower with Radar,6,17,13,0,36,0,2,6,0,8,6,19,19,0,44,24,0,24,68
05/12/2019,EVV,IN,AGL,CE,Combined TRACON& Tower with Radar,8,23,14,0,45,0,2,1,0,3,8,25,15,0,48,0,0,0,48
05/13/2019,EVV,IN,AGL,CE,Combined TRACON& Tower with Radar,6,30,20,8,64,0,1,23,0,24,6,31,43,8,88,39,0,39,127
05/14/2019,EVV,IN,AGL,CE,Combined TRACON& Tower with Radar,6,25,30,4,65,0,4,40,1,45,6,29,70,5,110,53,0,53,163
05/15/2019,EVV,IN,AGL,CE,Combined TRACON& Tower with Radar,6,24,16,4,50,0,3,9,0,12,6,27,25,4,62,40,0,40,102
05/16/2019,EVV,IN,AGL,CE,Combined TRACON& Tower with Radar,10,33,16,4,63,0,5,17,4,26,10,38,33,8,89,60,0,60,149
05/17/2019,EVV,IN,AGL,CE,Combined TRACON& Tower with Radar,5,30,33,13,81,0,0,25,0,25,5,30,58,13,106,30,8,38,144
05/18/2019,EVV,IN,AGL,CE,Combined TRACON& Tower with Radar,7,17,30,0,54,0,2,42,2,46,7,19,72,2,100,26,0,26,126
05/19/2019,EVV,IN,AGL,CE,Combined TRACON& Tower with Radar,11,19,7,0,37,0,0,0,0,0,11,19,7,0,37,0,0,0,37
05/20/2019,EVV,IN,AGL,CE,Combined TRACON& Tower with Radar,5,30,27,0,62,0,4,32,0,36,5,34,59,0,98,43,0,43,141
05/21/2019,EVV,IN,AGL,CE,Combined TRACON& Tower with Radar,6,28,26,0,60,0,5,6,1,12,6,33,32,1,72,15,21,36,108
05/22/2019,EVV,IN,AGL,CE,Combined TRACON& Tower with Radar,6,30,33,0,69,0,5,7,0,12,6,35,40,0,81,14,0,14,95
05/23/2019,EVV,IN,AGL,CE,Combined TRACON& Tower with Radar,10,30,36,0,76,0,0,6,2,8,10,30,42,2,84,35,0,35,119
05/24/2019,EVV,IN,AGL,CE,Combined TRACON& Tower with Radar,6,28,24,0,58,0,3,39,0,42,6,31,63,0,100,4,0,4,104
05/25/2019,EVV,IN,AGL,CE,Combined TRACON& Tower with Radar,11,14,20,0,45,0,5,13,0,18,11,19,33,0,63,12,0,12,75
05/26/2019,EVV,IN,AGL,CE,Combined TRACON& Tower with Radar,10,17,8,0,35,0,2,9,0,11,10,19,17,0,46,0,0,0,46
05/27/2019,EVV,IN,AGL,CE,Combined TRACON& Tower with Radar,6,21,11,0,38,0,0,11,0,11,6,21,22,0,49,27,0,27,76
05/28/2019,EVV,IN,AGL,CE,Combined TRACON& Tower with Radar,8,22,27,0,57,0,9,18,1,28,8,31,45,1,85,54,0,54,139
05/29/2019,EVV,IN,AGL,CE,Combined TRACON& Tower with Radar,4,22,15,0,41,0,6,5,2,13,4,28,20,2,54,0,0,0,54
05/30/2019,EVV,IN,AGL,CE,Combined TRACON& Tower with Radar,10,28,19,0,57,0,4,7,2,13,10,32,26,2,70,21,0,21,91
05/31/2019,EVV,IN,AGL,CE,Combined TRACON& Tower with Radar,6,29,33,4,72,0,7,34,2,43,6,36,67,6,115,63,0,63,178
06/01/2019,EVV,IN,AGL,CE,Combined TRACON& Tower with Radar,7,16,19,0,42,0,10,19,0,29,7,26,38,0,71,14,0,14,85
06/02/2019,EVV,IN,AGL,CE,Combined TRACON& Tower with Radar,8,34,15,0,57,0,9,16,0,25,8,43,31,0,82,0,0,0,82
06/03/2019,EVV,IN,AGL,CE,Combined TRACON& Tower with Radar,6,31,28,0,65,0,17,33,1,51,6,48,61,1,116,23,0,23,139
06/04/2019,EVV,IN,AGL,CE,Combined TRACON& Tower with Radar,4,31,19,2,56,0,10,31,0,41,4,41,50,2,97,57,0,57,154
06/05/2019,EVV,IN,AGL,CE,Combined TRACON& Tower with Radar,4,26,20,10,60,0,3,18,0,21,4,29,38,10,81,9,0,9,90
06/06/2019,EVV,IN,AGL,CE,Combined TRACON& Tower with Radar,7,35,23,8,73,0,4,17,0,21,7,39,40,8,94,44,10,54,148
06/07/2019,EVV,IN,AGL,CE,Combined TRACON& Tower with Radar,4,34,14,0,52,0,1,6,4,11,4,35,20,4,63,38,0,38,101
06/08/2019,EVV,IN,AGL,CE,Combined TRACON& Tower with Radar,7,19,12,0,38,0,2,2,0,4,7,21,14,0,42,0,0,0,42
06/09/2019,EVV,IN,AGL,CE,Combined TRACON& Tower with Radar,6,24,30,0,60,0,1,3,0,4,6,25,33,0,64,0,0,0,64
06/10/2019,EVV,IN,AGL,CE,Combined TRACON& Tower with Radar,5,29,9,2,45,0,2,9,2,13,5,31,18,4,58,38,0,38,96
06/11/2019,EVV,IN,AGL,CE,Combined TRACON& Tower with Radar,5,27,22,2,56,0,0,27,0,27,5,27,49,2,83,57,0,57,140
06/12/2019,EVV,IN,AGL,CE,Combined TRACON& Tower with Radar,5,28,30,2,65,0,2,33,0,35,5,30,63,2,100,86,0,86,186
06/13/2019,EVV,IN,AGL,CE,Combined TRACON& Tower with Radar,10,33,43,0,86,0,8,22,1,31,10,41,65,1,117,25,0,25,142
06/14/2019,EVV,IN,AGL,CE,Combined TRACON& Tower with Radar,6,33,28,0,67,0,5,32,0,37,6,38,60,0,104,39,0,39,143
06/15/2019,EVV,IN,AGL,CE,Combined TRACON& Tower with Radar,6,22,9,0,37,0,3,5,0,8,6,25,14,0,45,24,0,24,69
06/16/2019,EVV,IN,AGL,CE,Combined TRACON& Tower with Radar,9,23,8,0,40,0,2,3,0,5,9,25,11,0,45,0,0,0,45
06/17/2019,EVV,IN,AGL,CE,Combined TRACON& Tower with Radar,5,32,35,10,82,0,2,16,0,18,5,34,51,10,100,44,6,50,150
06/18/2019,EVV,IN,AGL,CE,Combined TRACON& Tower with Radar,6,29,25,0,60,0,4,8,0,12,6,33,33,0,72,7,0,7,79
06/19/2019,EVV,IN,AGL,CE,Combined TRACON& Tower with Radar,6,34,23,0,63,0,3,10,0,13,6,37,33,0,76,21,0,21,97
06/20/2019,EVV,IN,AGL,CE,Combined TRACON& Tower with Radar,10,29,39,1,79,0,5,24,2,31,10,34,63,3,110,36,0,36,146
06/21/2019,EVV,IN,AGL,CE,Combined TRACON& Tower with Radar,6,25,29,3,63,0,5,20,0,25,6,30,49,3,88,57,0,57,145
06/22/2019,EVV,IN,AGL,CE,Combined TRACON& Tower with Radar,6,19,8,0,33,0,1,8,2,11,6,20,16,2,44,44,0,44,88
06/23/2019,EVV,IN,AGL,CE,Combined TRACON& Tower with Radar,10,28,18,1,57,0,1,11,2,14,10,29,29,3,71,124,0,124,195
06/24/2019,EVV,IN,AGL,CE,Combined TRACON& Tower with Radar,7,22,23,9,61,0,1,7,0,8,7,23,30,9,69,0,0,0,69
06/25/2019,EVV,IN,AGL,CE,Combined TRACON& Tower with Radar,8,29,30,0,67,0,0,29,2,31,8,29,59,2,98,32,0,32,130
06/26/2019,EVV,IN,AGL,CE,Combined TRACON& Tower with Radar,6,26,40,8,80,0,4,24,0,28,6,30,64,8,108,14,0,14,122
06/27/2019,EVV,IN,AGL,CE,Combined TRACON& Tower with Radar,12,34,30,0,76,0,7,34,2,43,12,41,64,2,119,23,0,23,142
06/28/2019,EVV,IN,AGL,CE,Combined TRACON& Tower with Radar,6,25,23,6,60,0,6,13,1,20,6,31,36,7,80,59,4,63,143
06/29/2019,EVV,IN,AGL,CE,Combined TRACON& Tower with Radar,6,28,15,0,49,0,3,23,0,26,6,31,38,0,75,21,0,21,96
06/30/2019,EVV,IN,AGL,CE,Combined TRACON& Tower with Radar,9,26,18,0,53,0,7,18,0,25,9,33,36,0,78,0,0,0,78
07/01/2019,EVV,IN,AGL,CE,Combined TRACON& Tower with Radar,5,23,21,6,55,0,3,31,0,34,5,26,52,6,89,40,4,44,133
07/02/2019,EVV,IN,AGL,CE,Combined TRACON& Tower with Radar,6,23,19,0,48,0,2,20,0,22,6,25,39,0,70,2,0,2,72
07/03/2019,EVV,IN,AGL,CE,Combined TRACON& Tower with Radar,8,20,21,0,49,0,2,11,0,13,8,22,32,0,62,38,0,38,100
07/04/2019,EVV,IN,AGL,CE,Combined TRACON& Tower with Radar,12,16,7,0,35,0,2,10,0,12,12,18,17,0,47,10,0,10,57
07/05/2019,EVV,IN,AGL,CE,Combined TRACON& Tower with Radar,6,17,14,0,37,0,5,13,0,18,6,22,27,0,55,0,0,0,55
07/06/2019,EVV,IN,AGL,CE,Combined TRACON& Tower with Radar,5,23,14,0,42,0,5,0,0,5,5,28,14,0,47,36,0,36,83
07/07/2019,EVV,IN,AGL,CE,Combined TRACON& Tower with Radar,8,24,18,0,50,0,4,5,0,9,8,28,23,0,59,9,0,9,68
07/08/2019,EVV,IN,AGL,CE,Combined TRACON& Tower with Radar,6,28,32,28,94,0,2,39,0,41,6,30,71,28,135,21,12,33,168
07/09/2019,EVV,IN,AGL,CE,Combined TRACON& Tower with Radar,5,36,26,18,85,0,6,37,0,43,5,42,63,18,128,16,0,16,144
07/10/2019,EVV,IN,AGL,CE,Combined TRACON& Tower with Radar,5,33,32,1,71,0,6,26,0,32,5,39,58,1,103,30,0,30,133
07/11/2019,EVV,IN,AGL,CE,Combined TRACON& Tower with Radar,9,32,51,14,106,0,14,44,0,58,9,46,95,14,164,34,0,34,198
07/12/2019,EVV,IN,AGL,CE,Combined TRACON& Tower with Radar,6,28,18,12,64,0,2,50,1,53,6,30,68,13,117,72,11,83,200
07/13/2019,EVV,IN,AGL,CE,Combined TRACON& Tower with Radar,5,24,17,0,46,0,6,48,0,54,5,30,65,0,100,29,0,29,129
07/14/2019,EVV,IN,AGL,CE,Combined TRACON& Tower with Radar,10,26,14,0,50,0,2,23,0,25,10,28,37,0,75,20,0,20,95
07/15/2019,EVV,IN,AGL,CE,Combined TRACON& Tower with Radar,5,27,11,0,43,0,1,12,0,13,5,28,23,0,56,8,0,8,64
07/16/2019,EVV,IN,AGL,CE,Combined TRACON& Tower with Radar,5,29,15,2,51,0,7,0,0,7,5,36,15,2,58,20,0,20,78
07/17/2019,EVV,IN,AGL,CE,Combined TRACON& Tower with Radar,6,31,14,5,56,0,2,4,0,6,6,33,18,5,62,34,0,34,96
07/18/2019,EVV,IN,AGL,CE,Combined TRACON& Tower with Radar,10,28,22,1,61,0,2,46,0,48,10,30,68,1,109,73,0,73,182
07/19/2019,EVV,IN,AGL,CE,Combined TRACON& Tower with Radar,6,26,19,6,57,0,2,43,0,45,6,28,62,6,102,9,4,13,115
07/20/2019,EVV,IN,AGL,CE,Combined TRACON& Tower with Radar,6,23,14,12,55,0,6,59,0,65,6,29,73,12,120,10,5,15,135
07/21/2019,EVV,IN,AGL,CE,Combined TRACON& Tower with Radar,12,22,10,1,45,0,3,35,1,39,12,25,45,2,84,12,0,12,96
07/22/2019,EVV,IN,AGL,CE,Combined TRACON& Tower with Radar,7,27,15,0,49,0,1,10,1,12,7,28,25,1,61,0,0,0,61
07/23/2019,EVV,IN,AGL,CE,Combined TRACON& Tower with Radar,6,27,20,0,53,0,8,40,2,50,6,35,60,2,103,26,0,26,129
07/24/2019,EVV,IN,AGL,CE,Combined TRACON& Tower with Radar,6,29,38,0,73,0,0,50,0,50,6,29,88,0,123,32,0,32,155
07/25/2019,EVV,IN,AGL,CE,Combined TRACON& Tower with Radar,10,28,18,1,57,0,0,46,1,47,10,28,64,2,104,6,0,6,110
07/26/2019,EVV,IN,AGL,CE,Combined TRACON& Tower with Radar,6,26,22,0,54,0,9,49,0,58,6,35,71,0,112,32,0,32,144
07/27/2019,EVV,IN,AGL,CE,Combined TRACON& Tower with Radar,6,22,13,0,41,0,5,18,1,24,6,27,31,1,65,35,0,35,100
07/28/2019,EVV,IN,AGL,CE,Combined TRACON& Tower with Radar,10,24,14,0,48,0,0,13,0,13,10,24,27,0,61,13,0,13,74
07/29/2019,EVV,IN,AGL,CE,Combined TRACON& Tower with Radar,6,21,9,0,36,0,6,10,0,16,6,27,19,0,52,32,0,32,84
07/30/2019,EVV,IN,AGL,CE,Combined TRACON& Tower with Radar,6,32,13,0,51,0,0,20,0,20,6,32,33,0,71,20,0,20,91
07/31/2019,EVV,IN,AGL,CE,Combined TRACON& Tower with Radar,8,35,34,0,77,0,5,31,0,36,8,40,65,0,113,30,0,30,143
08/01/2019,EVV,IN,AGL,CE,Combined TRACON& Tower with Radar,9,32,16,1,58,0,2,32,3,37,9,34,48,4,95,81,0,81,176
08/02/2019,EVV,IN,AGL,CE,Combined TRACON& Tower with Radar,6,27,33,4,70,0,2,40,2,44,6,29,73,6,114,44,6,50,164
08/03/2019,EVV,IN,AGL,CE,Combined TRACON& Tower with Radar,6,24,17,6,53,0,0,23,0,23,6,24,40,6,76,8,0,8,84
08/04/2019,EVV,IN,AGL,CE,Combined TRACON& Tower with Radar,10,28,11,0,49,0,0,10,0,10,10,28,21,0,59,0,0,0,59
08/05/2019,EVV,IN,AGL,CE,Combined TRACON& Tower with Radar,6,28,32,7,73,0,0,29,0,29,6,28,61,7,102,31,0,31,133
08/06/2019,EVV,IN,AGL,CE,Combined TRACON& Tower with Radar,6,27,27,0,60,0,1,33,0,34,6,28,60,0,94,57,0,57,151
08/07/2019,EVV,IN,AGL,CE,Combined TRACON& Tower with Radar,6,32,25,2,65,0,2,38,0,40,6,34,63,2,105,16,0,16,121
08/08/2019,EVV,IN,AGL,CE,Combined TRACON& Tower with Radar,8,32,42,0,82,0,4,60,0,64,8,36,102,0,146,44,0,44,190
08/09/2019,EVV,IN,AGL,CE,Combined TRACON& Tower with Radar,5,30,22,0,57,0,2,18,0,20,5,32,40,0,77,30,0,30,107
08/10/2019,EVV,IN,AGL,CE,Combined TRACON& Tower with Radar,6,22,19,0,47,0,5,35,0,40,6,27,54,0,87,23,0,23,110
08/11/2019,EVV,IN,AGL,CE,Combined TRACON& Tower with Radar,6,25,16,0,47,0,4,20,0,24,6,29,36,0,71,4,0,4,75
08/12/2019,EVV,IN,AGL,CE,Combined TRACON& Tower with Radar,6,28,16,0,50,0,2,16,0,18,6,30,32,0,68,42,0,42,110
08/13/2019,EVV,IN,AGL,CE,Combined TRACON& Tower with Radar,7,30,29,3,69,0,4,15,3,22,7,34,44,6,91,22,0,22,113
08/14/2019,EVV,IN,AGL,CE,Combined TRACON& Tower with Radar,5,34,32,1,72,0,5,27,3,35,5,39,59,4,107,77,0,77,184
08/15/2019,EVV,IN,AGL,CE,Combined TRACON& Tower with Radar,8,27,44,0,79,0,2,42,0,44,8,29,86,0,123,54,0,54,177
08/16/2019,EVV,IN,AGL,CE,Combined TRACON& Tower with Radar,5,28,21,0,54,0,4,16,0,20,5,32,37,0,74,48,0,48,122
08/17/2019,EVV,IN,AGL,CE,Combined TRACON& Tower with Radar,8,20,12,0,40,0,4,6,0,10,8,24,18,0,50,15,0,15,65
08/18/2019,EVV,IN,AGL,CE,Combined TRACON& Tower with Radar,10,24,13,0,47,0,2,19,2,23,10,26,32,2,70,14,0,14,84
08/19/2019,EVV,IN,AGL,CE,Combined TRACON& Tower with Radar,6,30,11,7,54,0,0,22,3,25,6,30,33,10,79,88,6,94,173
08/20/2019,EVV,IN,AGL,CE,Combined TRACON& Tower with Radar,6,25,22,0,53,0,2,13,0,15,6,27,35,0,68,53,0,53,121
08/21/2019,EVV,IN,AGL,CE,Combined TRACON& Tower with Radar,6,26,17,2,51,0,3,9,0,12,6,29,26,2,63,59,0,59,122
08/22/2019,EVV,IN,AGL,CE,Combined TRACON& Tower with Radar,8,30,23,2,63,0,1,7,2,10,8,31,30,4,73,0,0,0,73
08/23/2019,EVV,IN,AGL,CE,Combined TRACON& Tower with Radar,6,27,36,0,69,0,0,3,0,3,6,27,39,0,72,48,0,48,120
08/24/2019,EVV,IN,AGL,CE,Combined TRACON& Tower with Radar,8,22,20,0,50,0,3,21,2,26,8,25,41,2,76,40,0,40,116
08/25/2019,EVV,IN,AGL,CE,Combined TRACON& Tower with Radar,8,24,31,2,65,0,0,13,0,13,8,24,44,2,78,38,0,38,116
08/26/2019,EVV,IN,AGL,CE,Combined TRACON& Tower with Radar,6,30,23,0,59,0,0,1,0,1,6,30,24,0,60,0,0,0,60
08/27/2019,EVV,IN,AGL,CE,Combined TRACON& Tower with Radar,6,32,31,19,88,0,4,5,3,12,6,36,36,22,100,0,0,0,100
08/28/2019,EVV,IN,AGL,CE,Combined TRACON& Tower with Radar,6,31,42,15,94,0,4,24,11,39,6,35,66,26,133,0,0,0,133
08/29/2019,EVV,IN,AGL,CE,Combined TRACON& Tower with Radar,8,36,30,6,80,0,7,26,0,33,8,43,56,6,113,25,0,25,138
08/30/2019,EVV,IN,AGL,CE,Combined TRACON& Tower with Radar,6,31,25,0,62,0,2,27,0,29,6,33,52,0,91,28,0,28,119
08/31/2019,EVV,IN,AGL,CE,Combined TRACON& Tower with Radar,5,22,17,0,44,0,0,15,0,15,5,22,32,0,59,33,0,33,92
09/01/2019,EVV,IN,AGL,CE,Combined TRACON& Tower with Radar,7,17,14,2,40,0,0,20,2,22,7,17,34,4,62,0,0,0,62
09/02/2019,EVV,IN,AGL,CE,Combined TRACON& Tower with Radar,6,25,29,0,60,0,0,16,0,16,6,25,45,0,76,13,0,13,89
09/03/2019,EVV,IN,AGL,CE,Combined TRACON& Tower with Radar,6,32,12,2,52,0,6,14,0,20,6,38,26,2,72,33,22,55,127
09/04/2019,EVV,IN,AGL,CE,Combined TRACON& Tower with Radar,6,26,31,4,67,0,3,9,0,12,6,29,40,4,79,4,24,28,107
09/05/2019,EVV,IN,AGL,CE,Combined TRACON& Tower with Radar,8,35,20,2,65,0,11,22,0,33,8,46,42,2,98,79,6,85,183
09/06/2019,EVV,IN,AGL,CE,Combined TRACON& Tower with Radar,6,30,24,19,79,0,2,22,0,24,6,32,46,19,103,9,22,31,134
09/07/2019,EVV,IN,AGL,CE,Combined TRACON& Tower with Radar,6,17,11,1,35,0,2,28,2,32,6,19,39,3,67,0,4,4,71
09/08/2019,EVV,IN,AGL,CE,Combined TRACON& Tower with Radar,8,22,7,0,37,0,2,18,0,20,8,24,25,0,57,0,0,0,57
09/09/2019,EVV,IN,AGL,CE,Combined TRACON& Tower with Radar,6,27,14,2,49,0,10,19,2,31,6,37,33,4,80,39,0,39,119
09/10/2019,EVV,IN,AGL,CE,Combined TRACON& Tower with Radar,9,34,35,15,93,0,5,25,1,31,9,39,60,16,124,20,21,41,165
09/11/2019,EVV,IN,AGL,CE,Combined TRACON& Tower with Radar,6,28,22,6,62,0,7,23,0,30,6,35,45,6,92,39,0,39,131
09/12/2019,EVV,IN,AGL,CE,Combined TRACON& Tower with Radar,8,31,23,0,62,0,10,24,0,34,8,41,47,0,96,30,0,30,126
09/13/2019,EVV,IN,AGL,CE,Combined TRACON& Tower with Radar,8,26,15,9,58,0,2,24,0,26,8,28,39,9,84,28,6,34,118
09/14/2019,EVV,IN,AGL,CE,Combined TRACON& Tower with Radar,6,17,24,0,47,0,8,28,0,36,6,25,52,0,83,53,0,53,136
09/15/2019,EVV,IN,AGL,CE,Combined TRACON& Tower with Radar,8,25,5,1,39,0,6,19,0,25,8,31,24,1,64,0,0,0,64
09/16/2019,EVV,IN,AGL,CE,Combined TRACON& Tower with Radar,6,35,16,0,57,0,6,17,0,23,6,41,33,0,80,19,0,19,99
09/17/2019,EVV,IN,AGL,CE,Combined TRACON& Tower with Radar,6,28,10,0,44,0,6,12,1,19,6,34,22,1,63,58,0,58,121
09/18/2019,EVV,IN,AGL,CE,Combined TRACON& Tower with Radar,6,33,27,0,66,0,4,26,0,30,6,37,53,0,96,97,0,97,193
09/19/2019,EVV,IN,AGL,CE,Combined TRACON& Tower with Radar,8,30,23,9,70,0,11,24,3,38,8,41,47,12,108,34,0,34,142
09/20/2019,EVV,IN,AGL,CE,Combined TRACON& Tower with Radar,6,32,20,0,58,0,0,29,0,29,6,32,49,0,87,46,0,46,133
09/21/2019,EVV,IN,AGL,CE,Combined TRACON& Tower with Radar,6,17,14,0,37,0,3,28,0,31,6,20,42,0,68,0,0,0,68
09/22/2019,EVV,IN,AGL,CE,Combined TRACON& Tower with Radar,7,24,10,0,41,0,2,10,0,12,7,26,20,0,53,14,0,14,67
09/23/2019,EVV,IN,AGL,CE,Combined TRACON& Tower with Radar,5,30,12,0,47,0,5,5,4,14,5,35,17,4,61,16,0,16,77
09/24/2019,EVV,IN,AGL,CE,Combined TRACON& Tower with Radar,6,28,32,0,66,0,4,33,1,38,6,32,65,1,104,51,0,51,155
09/25/2019,EVV,IN,AGL,CE,Combined TRACON& Tower with Radar,6,41,25,8,80,0,2,11,0,13,6,43,36,8,93,47,8,55,148
09/26/2019,EVV,IN,AGL,CE,Combined TRACON& Tower with Radar,10,29,14,14,67,0,12,15,0,27,10,41,29,14,94,36,0,36,130
09/27/2019,EVV,IN,AGL,CE,Combined TRACON& Tower with Radar,5,25,20,8,58,0,3,4,0,7,5,28,24,8,65,34,0,34,99
09/28/2019,EVV,IN,AGL,CE,Combined TRACON& Tower with Radar,6,15,14,0,35,0,6,16,1,23,6,21,30,1,58,20,0,20,78
09/29/2019,EVV,IN,AGL,CE,Combined TRACON& Tower with Radar,8,24,19,0,51,0,5,21,0,26,8,29,40,0,77,34,0,34,111
09/30/2019,EVV,IN,AGL,CE,Combined TRACON& Tower with Radar,8,29,35,0,72,0,4,20,0,24,8,33,55,0,96,50,0,50,146
10/01/2019,EVV,IN,AGL,CE,Combined TRACON& Tower with Radar,6,27,20,12,65,0,2,23,0,25,6,29,43,12,90,50,14,64,154
10/02/2019,EVV,IN,AGL,CE,Combined TRACON& Tower with Radar,6,34,27,0,67,0,6,22,2,30,6,40,49,2,97,38,0,38,135
10/03/2019,EVV,IN,AGL,CE,Combined TRACON& Tower with Radar,7,29,30,11,77,0,6,26,1,33,7,35,56,12,110,60,20,80,190
10/04/2019,EVV,IN,AGL,CE,Combined TRACON& Tower with Radar,6,30,27,0,63,0,0,25,0,25,6,30,52,0,88,30,0,30,118
10/05/2019,EVV,IN,AGL,CE,Combined TRACON& Tower with Radar,13,18,11,0,42,0,7,21,1,29,13,25,32,1,71,44,0,44,115
10/06/2019,EVV,IN,AGL,CE,Combined TRACON& Tower with Radar,8,24,7,0,39,0,4,2,0,6,8,28,9,0,45,0,0,0,45
10/07/2019,EVV,IN,AGL,CE,Combined TRACON& Tower with Radar,5,31,9,2,47,0,6,11,0,17,5,37,20,2,64,50,0,50,114
10/08/2019,EVV,IN,AGL,CE,Combined TRACON& Tower with Radar,8,31,13,8,60,0,2,16,0,18,8,33,29,8,78,47,18,65,143
10/09/2019,EVV,IN,AGL,CE,Combined TRACON& Tower with Radar,6,29,22,0,57,0,6,31,0,37,6,35,53,0,94,73,0,73,167
10/10/2019,EVV,IN,AGL,CE,Combined TRACON& Tower with Radar,7,32,24,14,77,0,3,38,0,41,7,35,62,14,118,50,12,62,180
10/11/2019,EVV,IN,AGL,CE,Combined TRACON& Tower with Radar,8,20,12,0,40,0,2,0,0,2,8,22,12,0,42,16,0,16,58
10/12/2019,EVV,IN,AGL,CE,Combined TRACON& Tower with Radar,10,15,29,9,63,0,8,31,6,45,10,23,60,15,108,15,0,15,123
10/13/2019,EVV,IN,AGL,CE,Combined TRACON& Tower with Radar,6,26,19,10,61,0,0,20,0,20,6,26,39,10,81,10,0,10,91
10/14/2019,EVV,IN,AGL,CE,Combined TRACON& Tower with Radar,6,29,13,2,50,0,18,22,0,40,6,47,35,2,90,43,0,43,133
10/15/2019,EVV,IN,AGL,CE,Combined TRACON& Tower with Radar,10,25,14,16,65,0,3,11,0,14,10,28,25,16,79,45,0,45,124
10/16/2019,EVV,IN,AGL,CE,Combined TRACON& Tower with Radar,6,32,19,0,57,0,4,10,1,15,6,36,29,1,72,20,0,20,92
10/17/2019,EVV,IN,AGL,CE,Combined TRACON& Tower with Radar,8,30,28,2,68,0,4,31,0,35,8,34,59,2,103,41,0,41,144
10/18/2019,EVV,IN,AGL,CE,Combined TRACON& Tower with Radar,5,25,17,2,49,0,5,25,1,31,5,30,42,3,80,42,0,42,122
10/19/2019,EVV,IN,AGL,CE,Combined TRACON& Tower with Radar,12,17,4,0,33,0,4,19,2,25,12,21,23,2,58,33,0,33,91
10/20/2019,EVV,IN,AGL,CE,Combined TRACON& Tower with Radar,7,29,14,0,50,0,0,22,0,22,7,29,36,0,72,52,0,52,124
10/21/2019,EVV,IN,AGL,CE,Combined TRACON& Tower with Radar,6,34,9,2,51,0,1,5,2,8,6,35,14,4,59,4,0,4,63
10/22/2019,EVV,IN,AGL,CE,Combined TRACON& Tower with Radar,5,28,26,1,60,0,8,11,0,19,5,36,37,1,79,37,0,37,116
10/23/2019,EVV,IN,AGL,CE,Combined TRACON& Tower with Radar,10,33,31,3,77,0,0,12,1,13,10,33,43,4,90,47,0,47,137
10/24/2019,EVV,IN,AGL,CE,Combined TRACON& Tower with Radar,6,31,25,18,80,0,4,31,0,35,6,35,56,18,115,94,20,114,229
10/25/2019,EVV,IN,AGL,CE,Combined TRACON& Tower with Radar,8,25,28,0,61,0,3,11,0,14,8,28,39,0,75,46,0,46,121
10/26/2019,EVV,IN,AGL,CE,Combined TRACON& Tower with Radar,8,17,3,0,28,0,1,0,0,1,8,18,3,0,29,0,0,0,29
10/27/2019,EVV,IN,AGL,CE,Combined TRACON& Tower with Radar,11,21,13,2,47,0,2,11,0,13,11,23,24,2,60,0,0,0,60
10/28/2019,EVV,IN,AGL,CE,Combined TRACON& Tower with Radar,10,20,21,2,53,0,0,2,0,2,10,20,23,2,55,5,0,5,60
10/29/2019,EVV,IN,AGL,CE,Combined TRACON& Tower with Radar,7,21,41,12,81,0,0,4,0,4,7,21,45,12,85,4,24,28,113
10/30/2019,EVV,IN,AGL,CE,Combined TRACON& Tower with Radar,6,24,13,0,43,0,1,0,0,1,6,25,13,0,44,0,0,0,44
10/31/2019,EVV,IN,AGL,CE,Combined TRACON& Tower with Radar,8,19,8,0,35,0,4,1,0,5,8,23,9,0,40,0,0,0,40
11/01/2019,EVV,IN,AGL,CE,Combined TRACON& Tower with Radar,6,29,32,0,67,0,7,23,1,31,6,36,55,1,98,18,0,18,116
11/02/2019,EVV,IN,AGL,CE,Combined TRACON& Tower with Radar,8,18,9,6,41,0,8,21,0,29,8,26,30,6,70,77,7,84,154
11/03/2019,EVV,IN,AGL,CE,Combined TRACON& Tower with Radar,9,25,18,0,52,0,4,18,0,22,9,29,36,0,74,54,0,54,128
11/04/2019,EVV,IN,AGL,CE,Combined TRACON& Tower with Radar,4,35,25,2,66,0,8,13,0,21,4,43,38,2,87,16,0,16,103
11/05/2019,EVV,IN,AGL,CE,Combined TRACON& Tower with Radar,6,27,23,2,58,0,9,17,0,26,6,36,40,2,84,44,0,44,128
11/06/2019,EVV,IN,AGL,CE,Combined TRACON& Tower with Radar,6,28,27,0,61,0,5,11,0,16,6,33,38,0,77,65,0,65,142
11/07/2019,EVV,IN,AGL,CE,Combined TRACON& Tower with Radar,6,32,28,2,68,0,1,0,2,3,6,33,28,4,71,99,0,99,170
11/08/2019,EVV,IN,AGL,CE,Combined TRACON& Tower with Radar,4,32,18,0,54,0,4,20,0,24,4,36,38,0,78,76,0,76,154
11/09/2019,EVV,IN,AGL,CE,Combined TRACON& Tower with Radar,4,21,15,0,40,0,4,22,0,26,4,25,37,0,66,42,0,42,108
11/10/2019,EVV,IN,AGL,CE,Combined TRACON& Tower with Radar,6,29,34,0,69,0,4,24,0,28,6,33,58,0,97,83,0,83,180
11/11/2019,EVV,IN,AGL,CE,Combined TRACON& Tower with Radar,3,20,8,0,31,0,1,0,0,1,3,21,8,0,32,0,0,0,32
11/12/2019,EVV,IN,AGL,CE,Combined TRACON& Tower with Radar,7,37,14,0,58,0,0,5,0,5,7,37,19,0,63,0,0,0,63
11/13/2019,EVV,IN,AGL,CE,Combined TRACON& Tower with Radar,4,35,30,1,70,0,2,24,0,26,4,37,54,1,96,4,0,4,100
11/14/2019,EVV,IN,AGL,CE,Combined TRACON& Tower with Radar,7,45,30,2,84,0,11,24,0,35,7,56,54,2,119,25,0,25,144
11/15/2019,EVV,IN,AGL,CE,Combined TRACON& Tower with Radar,9,44,20,0,73,0,8,22,0,30,9,52,42,0,103,82,0,82,185
11/16/2019,EVV,IN,AGL,CE,Combined TRACON& Tower with Radar,4,24,13,0,41,0,3,13,0,16,4,27,26,0,57,48,0,48,105
11/17/2019,EVV,IN,AGL,CE,Combined TRACON& Tower with Radar,6,30,17,0,53,0,0,19,0,19,6,30,36,0,72,48,0,48,120
11/18/2019,EVV,IN,AGL,CE,Combined TRACON& Tower with Radar,4,29,37,7,77,0,0,9,0,9,4,29,46,7,86,18,22,40,126
11/19/2019,EVV,IN,AGL,CE,Combined TRACON& Tower with Radar,4,35,24,12,75,0,2,2,1,5,4,37,26,13,80,10,12,22,102
11/20/2019,EVV,IN,AGL,CE,Combined TRACON& Tower with Radar,9,29,20,6,64,0,4,16,1,21,9,33,36,7,85,0,0,0,85
11/21/2019,EVV,IN,AGL,CE,Combined TRACON& Tower with Radar,8,59,21,2,90,0,0,8,0,8,8,59,29,2,98,0,0,0,98
11/22/2019,EVV,IN,AGL,CE,Combined TRACON& Tower with Radar,12,41,17,2,72,0,0,6,0,6,12,41,23,2,78,0,0,0,78
11/23/2019,EVV,IN,AGL,CE,Combined TRACON& Tower with Radar,5,21,4,0,30,0,0,0,0,0,5,21,4,0,30,0,0,0,30
11/24/2019,EVV,IN,AGL,CE,Combined TRACON& Tower with Radar,6,28,24,0,58,0,0,25,0,25,6,28,49,0,83,6,0,6,89
11/25/2019,EVV,IN,AGL,CE,Combined TRACON& Tower with Radar,8,21,24,0,53,0,0,33,2,35,8,21,57,2,88,56,0,56,144
11/26/2019,EVV,IN,AGL,CE,Combined TRACON& Tower with Radar,6,33,21,2,62,0,7,6,0,13,6,40,27,2,75,13,0,13,88
11/27/2019,EVV,IN,AGL,CE,Combined TRACON& Tower with Radar,6,32,5,0,43,0,1,2,0,3,6,33,7,0,46,0,0,0,46
11/28/2019,EVV,IN,AGL,CE,Combined TRACON& Tower with Radar,2,14,6,0,22,0,0,5,0,5,2,14,11,0,27,8,0,8,35
11/29/2019,EVV,IN,AGL,CE,Combined TRACON& Tower with Radar,2,17,10,0,29,0,1,5,0,6,2,18,15,0,35,0,0,0,35
11/30/2019,EVV,IN,AGL,CE,Combined TRACON& Tower with Radar,6,29,7,0,42,0,0,0,0,0,6,29,7,0,42,0,0,0,42
12/01/2019,EVV,IN,AGL,CE,Combined TRACON& Tower with Radar,7,26,7,0,40,0,1,3,0,4,7,27,10,0,44,0,0,0,44
12/02/2019,EVV,IN,AGL,CE,Combined TRACON& Tower with Radar,9,31,18,0,58,0,1,3,0,4,9,32,21,0,62,0,0,0,62
12/03/2019,EVV,IN,AGL,CE,Combined TRACON& Tower with Radar,5,31,43,0,79,0,3,28,4,35,5,34,71,4,114,4,0,4,118
12/04/2019,EVV,IN,AGL,CE,Combined TRACON& Tower with Radar,4,32,31,1,68,0,8,19,2,29,4,40,50,3,97,15,0,15,112
12/05/2019,EVV,IN,AGL,CE,Combined TRACON& Tower with Radar,11,39,26,2,78,0,5,20,0,25,11,44,46,2,103,4,0,4,107
12/06/2019,EVV,IN,AGL,CE,Combined TRACON& Tower with Radar,4,32,22,7,65,0,1,11,0,12,4,33,33,7,77,64,6,70,147
12/07/2019,EVV,IN,AGL,CE,Combined TRACON& Tower with Radar,4,24,23,1,52,0,4,24,1,29,4,28,47,2,81,82,0,82,163
12/08/2019,EVV,IN,AGL,CE,Combined TRACON& Tower with Radar,6,23,26,0,55,0,2,21,0,23,6,25,47,0,78,78,0,78,156
12/09/2019,EVV,IN,AGL,CE,Combined TRACON& Tower with Radar,4,31,15,0,50,0,0,0,0,0,4,31,15,0,50,0,0,0,50
12/10/2019,EVV,IN,AGL,CE,Combined TRACON& Tower with Radar,6,29,21,0,56,0,3,27,1,31,6,32,48,1,87,40,0,40,127
12/11/2019,EVV,IN,AGL,CE,Combined TRACON& Tower with Radar,4,32,25,25,86,0,8,20,5,33,4,40,45,30,119,20,0,20,139
12/12/2019,EVV,IN,AGL,CE,Combined TRACON& Tower with Radar,6,35,25,0,66,0,6,34,0,40,6,41,59,0,106,43,0,43,149
12/13/2019,EVV,IN,AGL,CE,Combined TRACON& Tower with Radar,4,28,21,0,53,0,2,3,2,7,4,30,24,2,60,70,0,70,130
12/14/2019,EVV,IN,AGL,CE,Combined TRACON& Tower with Radar,6,19,4,0,29,0,0,0,0,0,6,19,4,0,29,0,0,0,29
12/15/2019,EVV,IN,AGL,CE,Combined TRACON& Tower with Radar,6,24,11,0,41,0,3,9,0,12,6,27,20,0,53,28,0,28,81
12/16/2019,EVV,IN,AGL,CE,Combined TRACON& Tower with Radar,3,25,15,0,43,0,0,0,0,0,3,25,15,0,43,0,0,0,43
12/17/2019,EVV,IN,AGL,CE,Combined TRACON& Tower with Radar,4,31,30,0,65,0,1,2,0,3,4,32,32,0,68,10,0,10,78
12/18/2019,EVV,IN,AGL,CE,Combined TRACON& Tower with Radar,6,29,21,0,56,0,0,6,2,8,6,29,27,2,64,2,0,2,66
12/19/2019,EVV,IN,AGL,CE,Combined TRACON& Tower with Radar,8,24,20,0,52,0,3,15,3,21,8,27,35,3,73,28,0,28,101
12/20/2019,EVV,IN,AGL,CE,Combined TRACON& Tower with Radar,3,27,21,0,51,0,10,25,1,36,3,37,46,1,87,40,0,40,127
12/21/2019,EVV,IN,AGL,CE,Combined TRACON& Tower with Radar,4,22,8,0,34,0,8,24,1,33,4,30,32,1,67,38,0,38,105
12/22/2019,EVV,IN,AGL,CE,Combined TRACON& Tower with Radar,7,17,13,0,37,0,0,11,0,11,7,17,24,0,48,36,0,36,84
12/23/2019,EVV,IN,AGL,CE,Combined TRACON& Tower with Radar,5,24,16,2,47,0,1,17,0,18,5,25,33,2,65,41,0,41,106
12/24/2019,EVV,IN,AGL,CE,Combined TRACON& Tower with Radar,10,12,3,0,25,0,0,2,3,5,10,12,5,3,30,0,0,0,30
12/25/2019,EVV,IN,AGL,CE,Combined TRACON& Tower with Radar,6,10,6,0,22,0,4,6,1,11,6,14,12,1,33,0,0,0,33
12/26/2019,EVV,IN,AGL,CE,Combined TRACON& Tower with Radar,8,23,14,0,45,0,4,15,0,19,8,27,29,0,64,14,0,14,78
12/27/2019,EVV,IN,AGL,CE,Combined TRACON& Tower with Radar,10,20,38,0,68,0,0,0,0,0,10,20,38,0,68,0,0,0,68
12/28/2019,EVV,IN,AGL,CE,Combined TRACON& Tower with Radar,5,21,4,0,30,0,0,0,0,0,5,21,4,0,30,11,0,11,41
12/29/2019,EVV,IN,AGL,CE,Combined TRACON& Tower with Radar,8,16,5,0,29,0,0,2,0,2,8,16,7,0,31,7,0,7,38
12/30/2019,EVV,IN,AGL,CE,Combined TRACON& Tower with Radar,10,12,3,0,25,0,4,1,0,5,10,16,4,0,30,20,0,20,50
12/31/2019,EVV,IN,AGL,CE,Combined TRACON& Tower with Radar,10,11,5,0,26,0,6,3,0,9,10,17,8,0,35,0,0,0,35
01/01/2020,EVV,IN,AGL,CE,Combined TRACON& Tower with Radar,8,13,12,0,33,0,0,23,0,23,8,13,35,0,56,0,0,0,56
01/02/2020,EVV,IN,AGL,CE,Combined TRACON& Tower with Radar,12,14,10,0,36,0,1,0,0,1,12,15,10,0,37,0,0,0,37
01/03/2020,EVV,IN,AGL,CE,Combined TRACON& Tower with Radar,5,22,12,0,39,0,0,0,0,0,5,22,12,0,39,0,0,0,39
01/04/2020,EVV,IN,AGL,CE,Combined TRACON& Tower with Radar,6,19,21,0,46,0,1,0,0,1,6,20,21,0,47,18,0,18,65
01/05/2020,EVV,IN,AGL,CE,Combined TRACON& Tower with Radar,11,14,20,0,45,0,2,19,0,21,11,16,39,0,66,30,0,30,96
01/06/2020,EVV,IN,AGL,CE,Combined TRACON& Tower with Radar,3,25,15,2,45,0,4,13,2,19,3,29,28,4,64,42,0,42,106
01/07/2020,EVV,IN,AGL,CE,Combined TRACON& Tower with Radar,4,27,24,4,59,0,2,19,1,22,4,29,43,5,81,10,0,10,91
01/08/2020,EVV,IN,AGL,CE,Combined TRACON& Tower with Radar,3,29,24,6,62,0,6,30,1,37,3,35,54,7,99,37,0,37,136
01/09/2020,EVV,IN,AGL,CE,Combined TRACON& Tower with Radar,5,29,21,7,62,0,3,2,0,5,5,32,23,7,67,0,0,0,67
01/10/2020,EVV,IN,AGL,CE,Combined TRACON& Tower with Radar,3,26,11,0,40,0,1,0,0,1,3,27,11,0,41,0,0,0,41
01/11/2020,EVV,IN,AGL,CE,Combined TRACON& Tower with Radar,2,14,1,0,17,0,0,0,0,0,2,14,1,0,17,0,0,0,17
01/12/2020,EVV,IN,AGL,CE,Combined TRACON& Tower with Radar,8,22,20,0,50,0,1,5,0,6,8,23,25,0,56,0,0,0,56
01/13/2020,EVV,IN,AGL,CE,Combined TRACON& Tower with Radar,3,28,11,11,53,0,10,16,3,29,3,38,27,14,82,7,14,21,103
01/14/2020,EVV,IN,AGL,CE,Combined TRACON& Tower with Radar,4,31,23,18,76,0,4,25,0,29,4,35,48,18,105,10,26,36,141
01/15/2020,EVV,IN,AGL,CE,Combined TRACON& Tower with Radar,4,30,10,4,48,0,4,0,0,4,4,34,10,4,52,0,0,0,52
01/16/2020,EVV,IN,AGL,CE,Combined TRACON& Tower with Radar,8,25,19,12,64,0,2,12,2,16,8,27,31,14,80,6,2,8,88
01/17/2020,EVV,IN,AGL,CE,Combined TRACON& Tower with Radar,3,39,17,0,59,0,4,12,0,16,3,43,29,0,75,61,0,61,136
01/18/2020,EVV,IN,AGL,CE,Combined TRACON& Tower with Radar,2,22,9,0,33,0,0,0,0,0,2,22,9,0,33,0,0,0,33
01/19/2020,EVV,IN,AGL,CE,Combined TRACON& Tower with Radar,6,24,9,0,39,0,0,5,0,5,6,24,14,0,44,6,0,6,50
01/20/2020,EVV,IN,AGL,CE,Combined TRACON& Tower with Radar,3,31,5,0,39,0,0,3,0,3,3,31,8,0,42,15,0,15,57
01/21/2020,EVV,IN,AGL,CE,Combined TRACON& Tower with Radar,3,28,33,2,66,0,2,24,1,27,3,30,57,3,93,73,0,73,166
01/22/2020,EVV,IN,AGL,CE,Combined TRACON& Tower with Radar,4,29,16,0,49,0,0,25,2,27,4,29,41,2,76,69,0,69,145
01/23/2020,EVV,IN,AGL,CE,Combined TRACON& Tower with Radar,6,29,21,2,58,0,1,6,0,7,6,30,27,2,65,79,0,79,144
01/24/2020,EVV,IN,AGL,CE,Combined TRACON& Tower with Radar,4,24,19,0,47,0,0,0,0,0,4,24,19,0,47,0,0,0,47
01/25/2020,EVV,IN,AGL,CE,Combined TRACON& Tower with Radar,2,20,11,0,33,0,1,1,0,2,2,21,12,0,35,48,0,48,83
01/26/2020,EVV,IN,AGL,CE,Combined TRACON& Tower with Radar,6,25,17,0,48,0,5,17,0,22,6,30,34,0,70,82,0,82,152
01/27/2020,EVV,IN,AGL,CE,Combined TRACON& Tower with Radar,3,27,10,0,40,0,0,0,0,0,3,27,10,0,40,0,0,0,40
01/28/2020,EVV,IN,AGL,CE,Combined TRACON& Tower with Radar,4,29,22,0,55,0,0,0,0,0,4,29,22,0,55,0,0,0,55
01/29/2020,EVV,IN,AGL,CE,Combined TRACON& Tower with Radar,5,34,19,10,68,0,1,2,0,3,5,35,21,10,71,20,20,40,111
01/30/2020,EVV,IN,AGL,CE,Combined TRACON& Tower with Radar,6,29,15,6,56,0,5,7,0,12,6,34,22,6,68,7,9,16,84
01/31/2020,EVV,IN,AGL,CE,Combined TRACON& Tower with Radar,4,28,15,1,48,0,2,0,3,5,4,30,15,4,53,20,12,32,85
02/01/2020,EVV,IN,AGL,CE,Combined TRACON& Tower with Radar,2,24,7,0,33,0,4,7,0,11,2,28,14,0,44,31,0,31,75
02/02/2020,EVV,IN,AGL,CE,Combined TRACON& Tower with Radar,6,22,17,2,47,0,4,18,3,25,6,26,35,5,72,5,0,5,77
02/03/2020,EVV,IN,AGL,CE,Combined TRACON& Tower with Radar,3,31,10,0,44,0,0,9,1,10,3,31,19,1,54,11,0,11,65
02/04/2020,EVV,IN,AGL,CE,Combined TRACON& Tower with Radar,4,29,14,0,47,0,1,0,0,1,4,30,14,0,48,0,0,0,48
02/05/2020,EVV,IN,AGL,CE,Combined TRACON& Tower with Radar,4,28,12,0,44,0,0,0,0,0,4,28,12,0,44,0,0,0,44
02/06/2020,EVV,IN,AGL,CE,Combined TRACON& Tower with Radar,8,27,9,0,44,0,0,0,0,0,8,27,9,0,44,0,0,0,44
02/07/2020,EVV,IN,AGL,CE,Combined TRACON& Tower with Radar,4,29,17,0,50,0,2,7,0,9,4,31,24,0,59,47,0,47,106
02/08/2020,EVV,IN,AGL,CE,Combined TRACON& Tower with Radar,2,20,3,0,25,0,0,4,0,4,2,20,7,0,29,16,0,16,45
02/09/2020,EVV,IN,AGL,CE,Combined TRACON& Tower with Radar,6,31,11,0,48,0,2,3,0,5,6,33,14,0,53,0,0,0,53
02/10/2020,EVV,IN,AGL,CE,Combined TRACON& Tower with Radar,4,26,15,0,45,0,0,0,0,0,4,26,15,0,45,0,0,0,45
02/11/2020,EVV,IN,AGL,CE,Combined TRACON& Tower with Radar,4,32,28,14,78,0,3,27,0,30,4,35,55,14,108,28,12,40,148
02/12/2020,EVV,IN,AGL,CE,Combined TRACON& Tower with Radar,4,28,13,1,46,0,1,0,0,1,4,29,13,1,47,4,0,4,51
02/13/2020,EVV,IN,AGL,CE,Combined TRACON& Tower with Radar,6,26,20,2,54,0,1,2,0,3,6,27,22,2,57,11,0,11,68
02/14/2020,EVV,IN,AGL,CE,Combined TRACON& Tower with Radar,4,31,24,7,66,0,5,20,2,27,4,36,44,9,93,122,24,146,239
02/15/2020,EVV,IN,AGL,CE,Combined TRACON& Tower with Radar,8,24,9,0,41,0,9,22,0,31,8,33,31,0,72,20,0,20,92
02/16/2020,EVV,IN,AGL,CE,Combined TRACON& Tower with Radar,7,21,7,0,35,0,5,25,0,30,7,26,32,0,65,36,0,36,101
02/17/2020,EVV,IN,AGL,CE,Combined TRACON& Tower with Radar,4,29,12,0,45,0,1,7,0,8,4,30,19,0,53,5,0,5,58
02/18/2020,EVV,IN,AGL,CE,Combined TRACON& Tower with Radar,4,38,13,0,55,0,2,2,0,4,4,40,15,0,59,0,0,0,59
02/19/2020,EVV,IN,AGL,CE,Combined TRACON& Tower with Radar,4,30,25,14,73,0,6,21,0,27,4,36,46,14,100,38,16,54,154
02/20/2020,EVV,IN,AGL,CE,Combined TRACON& Tower with Radar,6,27,14,53,100,0,18,18,8,44,6,45,32,61,144,23,8,31,175
02/21/2020,EVV,IN,AGL,CE,Combined TRACON& Tower with Radar,4,29,19,0,52,0,14,31,0,45,4,43,50,0,97,64,0,64,161
02/22/2020,EVV,IN,AGL,CE,Combined TRACON& Tower with Radar,6,19,17,0,42,0,5,27,2,34,6,24,44,2,76,44,0,44,120
02/23/2020,EVV,IN,AGL,CE,Combined TRACON& Tower with Radar,6,28,13,8,55,0,2,8,4,14,6,30,21,12,69,0,48,48,117
02/24/2020,EVV,IN,AGL,CE,Combined TRACON& Tower with Radar,4,26,11,0,41,0,0,0,0,0,4,26,11,0,41,0,0,0,41
02/25/2020,EVV,IN,AGL,CE,Combined TRACON& Tower with Radar,4,30,20,0,54,0,0,0,0,0,4,30,20,0,54,0,0,0,54
02/26/2020,EVV,IN,AGL,CE,Combined TRACON& Tower with Radar,3,31,8,0,42,0,0,1,0,1,3,31,9,0,43,0,0,0,43
02/27/2020,EVV,IN,AGL,CE,Combined TRACON& Tower with Radar,6,28,16,0,50,0,2,10,0,12,6,30,26,0,62,0,0,0,62
02/28/2020,EVV,IN,AGL,CE,Combined TRACON& Tower with Radar,3,33,23,0,59,0,7,17,0,24,3,40,40,0,83,68,0,68,151
02/29/2020,EVV,IN,AGL,CE,Combined TRACON& Tower with Radar,4,21,12,0,37,0,18,29,0,47,4,39,41,0,84,66,0,66,150
03/01/2020,EVV,IN,AGL,CE,Combined TRACON& Tower with Radar,6,28,12,0,46,0,3,10,0,13,6,31,22,0,59,0,0,0,59
03/02/2020,EVV,IN,AGL,CE,Combined TRACON& Tower with Radar,4,34,5,2,45,0,2,0,0,2,4,36,5,2,47,0,0,0,47
03/03/2020,EVV,IN,AGL,CE,Combined TRACON& Tower with Radar,4,29,16,6,55,0,3,10,0,13,4,32,26,6,68,0,0,0,68
03/04/2020,EVV,IN,AGL,CE,Combined TRACON& Tower with Radar,4,26,21,0,51,0,8,12,1,21,4,34,33,1,72,2,0,2,74
03/05/2020,EVV,IN,AGL,CE,Combined TRACON& Tower with Radar,6,29,30,4,69,0,24,24,2,50,6,53,54,6,119,0,8,8,127
03/06/2020,EVV,IN,AGL,CE,Combined TRACON& Tower with Radar,4,29,16,0,49,0,8,8,0,16,4,37,24,0,65,24,0,24,89
03/07/2020,EVV,IN,AGL,CE,Combined TRACON& Tower with Radar,6,18,18,6,48,0,6,49,0,55,6,24,67,6,103,82,0,82,185
03/08/2020,EVV,IN,AGL,CE,Combined TRACON& Tower with Radar,6,29,12,0,47,0,3,42,0,45,6,32,54,0,92,58,0,58,150
03/09/2020,EVV,IN,AGL,CE,Combined TRACON& Tower with Radar,8,26,14,7,55,0,0,30,1,31,8,26,44,8,86,40,12,52,138
03/10/2020,EVV,IN,AGL,CE,Combined TRACON& Tower with Radar,6,32,22,0,60,0,2,8,0,10,6,34,30,0,70,16,0,16,86
03/11/2020,EVV,IN,AGL,CE,Combined TRACON& Tower with Radar,4,29,23,4,60,0,0,3,0,3,4,29,26,4,63,24,0,24,87
03/12/2020,EVV,IN,AGL,CE,Combined TRACON& Tower with Radar,7,29,26,0,62,0,2,2,0,4,7,31,28,0,66,0,0,0,66
03/13/2020,EVV,IN,AGL,CE,Combined TRACON& Tower with Radar,6,36,16,8,66,0,2,41,0,43,6,38,57,8,109,62,12,74,183
03/14/2020,EVV,IN,AGL,CE,Combined TRACON& Tower with Radar,6,18,6,0,30,0,2,0,0,2,6,20,6,0,32,0,0,0,32
03/15/2020,EVV,IN,AGL,CE,Combined TRACON& Tower with Radar,8,26,15,0,49,0,0,5,0,5,8,26,20,0,54,26,0,26,80
03/16/2020,EVV,IN,AGL,CE,Combined TRACON& Tower with Radar,6,24,8,28,66,0,3,2,0,5,6,27,10,28,71,31,19,50,121
03/17/2020,EVV,IN,AGL,CE,Combined TRACON& Tower with Radar,6,25,13,0,44,0,2,35,0,37,6,27,48,0,81,39,0,39,120
03/18/2020,EVV,IN,AGL,CE,Combined TRACON& Tower with Radar,6,28,9,0,43,0,1,0,0,1,6,29,9,0,44,0,0,0,44
03/19/2020,EVV,IN,AGL,CE,Combined TRACON& Tower with Radar,8,22,2,0,32,0,1,0,0,1,8,23,2,0,33,0,0,0,33
03/20/2020,EVV,IN,AGL,CE,Combined TRACON& Tower with Radar,6,27,13,4,50,0,2,5,0,7,6,29,18,4,57,8,0,8,65
03/21/2020,EVV,IN,AGL,CE,Combined TRACON& Tower with Radar,6,15,6,0,27,0,0,19,0,19,6,15,25,0,46,46,0,46,92
03/22/2020,EVV,IN,AGL,CE,Combined TRACON& Tower with Radar,8,18,11,0,37,0,0,7,0,7,8,18,18,0,44,8,0,8,52
03/23/2020,EVV,IN,AGL,CE,Combined TRACON& Tower with Radar,6,18,5,13,42,0,2,6,0,8,6,20,11,13,50,38,11,49,99
03/24/2020,EVV,IN,AGL,CE,Combined TRACON& Tower with Radar,6,11,9,0,26,0,2,2,0,4,6,13,11,0,30,22,0,22,52
03/25/2020,EVV,IN,AGL,CE,Combined TRACON& Tower with Radar,4,17,9,4,34,0,2,13,0,15,4,19,22,4,49,24,0,24,73
03/26/2020,EVV,IN,AGL,CE,Combined TRACON& Tower with Radar,6,9,7,0,22,0,0,10,0,10,6,9,17,0,32,0,0,0,32
03/27/2020,EVV,IN,AGL,CE,Combined TRACON& Tower with Radar,8,8,10,0,26,0,0,8,0,8,8,8,18,0,34,5,0,5,39
03/28/2020,EVV,IN,AGL,CE,Combined TRACON& Tower with Radar,4,6,1,0,11,0,2,1,0,3,4,8,2,0,14,12,0,12,26
03/29/2020,EVV,IN,AGL,CE,Combined TRACON& Tower with Radar,6,10,1,7,24,0,0,5,1,6,6,10,6,8,30,12,0,12,42
03/30/2020,EVV,IN,AGL,CE,Combined TRACON& Tower with Radar,6,12,9,0,27,0,0,18,0,18,6,12,27,0,45,28,0,28,73
03/31/2020,EVV,IN,AGL,CE,Combined TRACON& Tower with Radar,4,8,4,0,16,0,4,2,2,8,4,12,6,2,24,0,0,0,24
04/01/2020,EVV,IN,AGL,CE,Combined TRACON& Tower with Radar,4,11,2,8,25,0,0,10,0,10,4,11,12,8,35,18,0,18,53
04/02/2020,EVV,IN,AGL,CE,Combined TRACON& Tower with Radar,1,10,6,0,17,0,2,19,0,21,1,12,25,0,38,42,0,42,80
04/03/2020,EVV,IN,AGL,CE,Combined TRACON& Tower with Radar,4,9,8,12,33,0,2,14,0,16,4,11,22,12,49,3,12,15,64
04/04/2020,EVV,IN,AGL,CE,Combined TRACON& Tower with Radar,2,6,2,0,10,0,0,10,0,10,2,6,12,0,20,30,0,30,50
04/05/2020,EVV,IN,AGL,CE,Combined TRACON& Tower with Radar,4,6,9,0,19,0,0,1,0,1,4,6,10,0,20,0,0,0,20
04/06/2020,EVV,IN,AGL,CE,Combined TRACON& Tower with Radar,3,9,1,14,27,0,0,5,0,5,3,9,6,14,32,17,7,24,56
04/07/2020,EVV,IN,AGL,CE,Combined TRACON& Tower with Radar,3,9,5,2,19,0,0,7,0,7,3,9,12,2,26,18,0,18,44
04/08/2020,EVV,IN,AGL,CE,Combined TRACON& Tower with Radar,2,10,14,0,26,0,1,11,0,12,2,11,25,0,38,0,0,0,38
04/09/2020,EVV,IN,AGL,CE,Combined TRACON& Tower with Radar,4,11,4,0,19,0,2,7,0,9,4,13,11,0,28,0,0,0,28
04/10/2020,EVV,IN,AGL,CE,Combined TRACON& Tower with Radar,4,10,13,11,38,0,0,19,3,22,4,10,32,14,60,22,0,22,82
04/11/2020,EVV,IN,AGL,CE,Combined TRACON& Tower with Radar,2,7,3,1,13,0,0,12,2,14,2,7,15,3,27,40,4,44,71
04/12/2020,EVV,IN,AGL,CE,Combined TRACON& Tower with Radar,4,8,11,0,23,0,2,2,0,4,4,10,13,0,27,0,0,0,27
04/13/2020,EVV,IN,AGL,CE,Combined TRACON& Tower with Radar,2,12,3,4,21,0,1,0,0,1,2,13,3,4,22,0,0,0,22
04/14/2020,EVV,IN,AGL,CE,Combined TRACON& Tower with Radar,2,9,5,0,16,0,0,10,0,10,2,9,15,0,26,0,0,0,26
04/15/2020,EVV,IN,AGL,CE,Combined TRACON& Tower with Radar,3,9,4,0,16,0,0,9,0,9,3,9,13,0,25,20,0,20,45
04/16/2020,EVV,IN,AGL,CE,Combined TRACON& Tower with Radar,2,7,9,2,20,0,0,12,0,12,2,7,21,2,32,8,0,8,40
04/17/2020,EVV,IN,AGL,CE,Combined TRACON& Tower with Radar,2,8,6,0,16,0,0,0,0,0,2,8,6,0,16,0,0,0,16
04/18/2020,EVV,IN,AGL,CE,Combined TRACON& Tower with Radar,0,6,7,0,13,0,0,21,2,23,0,6,28,2,36,39,24,63,99
04/19/2020,EVV,IN,AGL,CE,Combined TRACON& Tower with Radar,0,11,5,0,16,0,2,9,0,11,0,13,14,0,27,19,0,19,46
04/20/2020,EVV,IN,AGL,CE,Combined TRACON& Tower with Radar,0,11,18,11,40,0,2,19,0,21,0,13,37,11,61,26,34,60,121
04/21/2020,EVV,IN,AGL,CE,Combined TRACON& Tower with Radar,0,10,18,0,28,0,0,19,0,19,0,10,37,0,47,1,0,1,48
04/22/2020,EVV,IN,AGL,CE,Combined TRACON& Tower with Radar,0,11,23,6,40,0,3,9,0,12,0,14,32,6,52,18,0,18,70
04/23/2020,EVV,IN,AGL,CE,Combined TRACON& Tower with Radar,0,9,3,0,12,0,1,0,0,1,0,10,3,0,13,0,0,0,13
04/24/2020,EVV,IN,AGL,CE,Combined TRACON& Tower with Radar,0,7,28,0,35,0,1,18,0,19,0,8,46,0,54,38,0,38,92
04/25/2020,EVV,IN,AGL,CE,Combined TRACON& Tower with Radar,0,8,4,0,12,0,2,1,0,3,0,10,5,0,15,0,0,0,15
04/26/2020,EVV,IN,AGL,CE,Combined TRACON& Tower with Radar,0,7,6,0,13,0,2,8,0,10,0,9,14,0,23,6,0,6,29
04/27/2020,EVV,IN,AGL,CE,Combined TRACON& Tower with Radar,0,6,28,0,34,0,3,18,0,21,0,9,46,0,55,58,0,58,113
04/28/2020,EVV,IN,AGL,CE,Combined TRACON& Tower with Radar,0,10,2,4,16,0,0,2,0,2,0,10,4,4,18,0,0,0,18
04/29/2020,EVV,IN,AGL,CE,Combined TRACON& Tower with Radar,0,12,15,8,35,0,1,2,0,3,0,13,17,8,38,0,0,0,38
04/30/2020,EVV,IN,AGL,CE,Combined TRACON& Tower with Radar,0,7,12,0,19,0,0,9,0,9,0,7,21,0,28,0,0,0,28
05/01/2020,EVV,IN,AGL,CE,Combined TRACON& Tower with Radar,1,9,30,21,61,0,0,43,3,46,1,9,73,24,107,57,20,77,184
05/02/2020,EVV,IN,AGL,CE,Combined TRACON& Tower with Radar,4,7,8,0,19,0,0,17,0,17,4,7,25,0,36,0,0,0,36
05/03/2020,EVV,IN,AGL,CE,Combined TRACON& Tower with Radar,3,5,7,0,15,0,0,3,0,3,3,5,10,0,18,13,0,13,31
05/04/2020,EVV,IN,AGL,CE,Combined TRACON& Tower with Radar,1,6,10,4,21,0,1,15,0,16,1,7,25,4,37,31,0,31,68
05/05/2020,EVV,IN,AGL,CE,Combined TRACON& Tower with Radar,3,6,18,0,27,0,0,0,0,0,3,6,18,0,27,4,0,4,31
05/06/2020,EVV,IN,AGL,CE,Combined TRACON& Tower with Radar,2,9,24,2,37,0,3,13,0,16,2,12,37,2,53,8,0,8,61
05/07/2020,EVV,IN,AGL,CE,Combined TRACON& Tower with Radar,0,13,11,0,24,0,2,35,2,39,0,15,46,2,63,45,0,45,108
05/08/2020,EVV,IN,AGL,CE,Combined TRACON& Tower with Radar,1,10,18,0,29,0,2,5,0,7,1,12,23,0,36,14,0,14,50
05/09/2020,EVV,IN,AGL,CE,Combined TRACON& Tower with Radar,2,5,20,0,27,0,0,26,0,26,2,5,46,0,53,96,0,96,149
05/10/2020,EVV,IN,AGL,CE,Combined TRACON& Tower with Radar,2,6,1,0,9,0,0,8,0,8,2,6,9,0,17,4,0,4,21
05/11/2020,EVV,IN,AGL,CE,Combined TRACON& Tower with Radar,2,7,15,2,26,0,0,12,0,12,2,7,27,2,38,22,0,22,60
05/12/2020,EVV,IN,AGL,CE,Combined TRACON& Tower with Radar,2,10,14,4,30,0,0,19,0,19,2,10,33,4,49,8,0,8,57
05/13/2020,EVV,IN,AGL,CE,Combined TRACON& Tower with Radar,2,8,6,2,18,0,0,0,0,0,2,8,6,2,18,0,0,0,18
05/14/2020,EVV,IN,AGL,CE,Combined TRACON& Tower with Radar,6,15,9,4,34,0,2,7,0,9,6,17,16,4,43,0,0,0,43
05/15/2020,EVV,IN,AGL,CE,Combined TRACON& Tower with Radar,2,8,8,0,18,0,0,1,0,1,2,8,9,0,19,0,0,0,19
05/16/2020,EVV,IN,AGL,CE,Combined TRACON& Tower with Radar,2,6,6,0,14,0,4,4,0,8,2,10,10,0,22,0,0,0,22
05/17/2020,EVV,IN,AGL,CE,Combined TRACON& Tower with Radar,6,7,2,0,15,0,3,6,0,9,6,10,8,0,24,0,0,0,24
05/18/2020,EVV,IN,AGL,CE,Combined TRACON& Tower with Radar,2,6,27,2,37,0,4,11,0,15,2,10,38,2,52,8,0,8,60
05/19/2020,EVV,IN,AGL,CE,Combined TRACON& Tower with Radar,4,9,17,0,30,0,0,4,0,4,4,9,21,0,34,9,0,9,43
05/20/2020,EVV,IN,AGL,CE,Combined TRACON& Tower with Radar,2,12,15,0,29,0,0,1,0,1,2,12,16,0,30,22,0,22,52
05/21/2020,EVV,IN,AGL,CE,Combined TRACON& Tower with Radar,4,16,26,12,58,0,1,14,0,15,4,17,40,12,73,17,11,28,101
05/22/2020,EVV,IN,AGL,CE,Combined TRACON& Tower with Radar,2,10,24,0,36,0,3,31,0,34,2,13,55,0,70,44,0,44,114
05/23/2020,EVV,IN,AGL,CE,Combined TRACON& Tower with Radar,2,7,4,0,13,0,4,7,0,11,2,11,11,0,24,0,0,0,24
05/24/2020,EVV,IN,AGL,CE,Combined TRACON& Tower with Radar,4,8,11,0,23,0,0,15,0,15,4,8,26,0,38,32,0,32,70
05/25/2020,EVV,IN,AGL,CE,Combined TRACON& Tower with Radar,2,8,11,0,21,0,0,16,1,17,2,8,27,1,38,56,0,56,94
05/26/2020,EVV,IN,AGL,CE,Combined TRACON& Tower with Radar,2,11,11,0,24,0,2,22,0,24,2,13,33,0,48,80,0,80,128
05/27/2020,EVV,IN,AGL,CE,Combined TRACON& Tower with Radar,1,10,7,2,20,0,2,2,0,4,1,12,9,2,24,0,0,0,24
05/28/2020,EVV,IN,AGL,CE,Combined TRACON& Tower with Radar,7,10,24,0,41,0,0,9,0,9,7,10,33,0,50,17,0,17,67
05/29/2020,EVV,IN,AGL,CE,Combined TRACON& Tower with Radar,2,11,9,0,22,0,4,10,0,14,2,15,19,0,36,18,0,18,54
05/30/2020,EVV,IN,AGL,CE,Combined TRACON& Tower with Radar,2,12,17,0,31,0,2,39,0,41,2,14,56,0,72,38,0,38,110
05/31/2020,EVV,IN,AGL,CE,Combined TRACON& Tower with Radar,6,9,12,0,27,0,0,27,0,27,6,9,39,0,54,0,0,0,54
06/01/2020,EVV,IN,AGL,CE,Combined TRACON& Tower with Radar,2,9,15,0,26,0,4,13,0,17,2,13,28,0,43,0,0,0,43
06/02/2020,EVV,IN,AGL,CE,Combined TRACON& Tower with Radar,2,9,9,2,22,0,1,15,0,16,2,10,24,2,38,34,0,34,72
06/03/2020,EVV,IN,AGL,CE,Combined TRACON& Tower with Radar,2,9,11,1,23,0,2,17,0,19,2,11,28,1,42,33,0,33,75
06/04/2020,EVV,IN,AGL,CE,Combined TRACON& Tower with Radar,6,10,3,1,20,0,4,3,0,7,6,14,6,1,27,30,0,30,57
06/05/2020,EVV,IN,AGL,CE,Combined TRACON& Tower with Radar,2,13,8,0,23,0,5,22,2,29,2,18,30,2,52,41,0,41,93
06/06/2020,EVV,IN,AGL,CE,Combined TRACON& Tower with Radar,2,7,14,0,23,0,4,31,0,35,2,11,45,0,58,26,0,26,84
06/07/2020,EVV,IN,AGL,CE,Combined TRACON& Tower with Radar,6,9,17,0,32,0,0,13,0,13,6,9,30,0,45,40,0,40,85
06/08/2020,EVV,IN,AGL,CE,Combined TRACON& Tower with Radar,2,10,6,0,18,0,0,15,0,15,2,10,21,0,33,56,0,56,89
06/09/2020,EVV,IN,AGL,CE,Combined TRACON& Tower with Radar,2,10,7,0,19,0,1,0,0,1,2,11,7,0,20,0,0,0,20
06/10/2020,EVV,IN,AGL,CE,Combined TRACON& Tower with Radar,2,11,13,0,26,0,2,0,2,4,2,13,13,2,30,12,0,12,42
06/11/2020,EVV,IN,AGL,CE,Combined TRACON& Tower with Radar,6,14,24,0,44,0,2,27,2,31,6,16,51,2,75,74,0,74,149
06/12/2020,EVV,IN,AGL,CE,Combined TRACON& Tower with Radar,2,16,23,6,47,0,2,21,2,25,2,18,44,8,72,32,0,32,104
06/13/2020,EVV,IN,AGL,CE,Combined TRACON& Tower with Radar,2,7,15,0,24,0,4,20,0,24,2,11,35,0,48,39,0,39,87
06/14/2020,EVV,IN,AGL,CE,Combined TRACON& Tower with Radar,6,9,9,0,24,0,8,11,0,19,6,17,20,0,43,0,0,0,43
06/15/2020,EVV,IN,AGL,CE,Combined TRACON& Tower with Radar,2,16,12,10,40,0,2,19,0,21,2,18,31,10,61,23,16,39,100
06/16/2020,EVV,IN,AGL,CE,Combined TRACON& Tower with Radar,2,10,28,0,40,0,1,29,0,30,2,11,57,0,70,38,0,38,108
06/17/2020,EVV,IN,AGL,CE,Combined TRACON& Tower with Radar,2,7,21,0,30,0,0,10,2,12,2,7,31,2,42,13,0,13,55
06/18/2020,EVV,IN,AGL,CE,Combined TRACON& Tower with Radar,6,16,29,0,51,0,1,21,0,22,6,17,50,0,73,42,0,42,115
06/19/2020,EVV,IN,AGL,CE,Combined TRACON& Tower with Radar,2,13,16,18,49,0,6,16,1,23,2,19,32,19,72,49,52,101,173
06/20/2020,EVV,IN,AGL,CE,Combined TRACON& Tower with Radar,2,7,19,0,28,0,6,34,0,40,2,13,53,0,68,34,0,34,102
06/21/2020,EVV,IN,AGL,CE,Combined TRACON& Tower with Radar,6,10,10,1,27,0,2,2,0,4,6,12,12,1,31,0,0,0,31
06/22/2020,EVV,IN,AGL,CE,Combined TRACON& Tower with Radar,2,15,19,9,45,0,2,9,0,11,2,17,28,9,56,53,20,73,129
06/23/2020,EVV,IN,AGL,CE,Combined TRACON& Tower with Radar,2,15,29,6,52,0,2,17,3,22,2,17,46,9,74,24,10,34,108
06/24/2020,EVV,IN,AGL,CE,Combined TRACON& Tower with Radar,2,9,22,4,37,0,3,22,3,28,2,12,44,7,65,94,36,130,195
06/25/2020,EVV,IN,AGL,CE,Combined TRACON& Tower with Radar,6,11,24,0,41,0,6,30,0,36,6,17,54,0,77,48,0,48,125
06/26/2020,EVV,IN,AGL,CE,Combined TRACON& Tower with Radar,2,12,26,6,46,0,4,14,0,18,2,16,40,6,64,36,0,36,100
06/27/2020,EVV,IN,AGL,CE,Combined TRACON& Tower with Radar,2,11,14,0,27,0,5,2,0,7,2,16,16,0,34,0,0,0,34
06/28/2020,EVV,IN,AGL,CE,Combined TRACON& Tower with Radar,6,10,9,0,25,0,3,9,0,12,6,13,18,0,37,0,0,0,37
06/29/2020,EVV,IN,AGL,CE,Combined TRACON& Tower with Radar,2,10,9,0,21,0,1,21,0,22,2,11,30,0,43,0,0,0,43
06/30/2020,EVV,IN,AGL,CE,Combined TRACON& Tower with Radar,2,10,15,0,27,0,0,5,0,5,2,10,20,0,32,13,0,13,45
07/01/2020,EVV,IN,AGL,CE,Combined TRACON& Tower with Radar,2,15,12,6,35,0,3,24,0,27,2,18,36,6,62,0,0,0,62
07/02/2020,EVV,IN,AGL,CE,Combined TRACON& Tower with Radar,6,14,14,0,34,0,3,34,0,37,6,17,48,0,71,33,0,33,104
07/03/2020,EVV,IN,AGL,CE,Combined TRACON& Tower with Radar,2,13,18,0,33,0,0,14,1,15,2,13,32,1,48,14,0,14,62
07/04/2020,EVV,IN,AGL,CE,Combined TRACON& Tower with Radar,2,9,4,0,15,0,0,20,3,23,2,9,24,3,38,6,0,6,44
07/05/2020,EVV,IN,AGL,CE,Combined TRACON& Tower with Radar,6,13,10,0,29,0,4,16,0,20,6,17,26,0,49,3,0,3,52
07/06/2020,EVV,IN,AGL,CE,Combined TRACON& Tower with Radar,4,13,18,0,35,0,1,24,0,25,4,14,42,0,60,35,0,35,95
07/07/2020,EVV,IN,AGL,CE,Combined TRACON& Tower with Radar,4,16,22,7,49,0,4,21,2,27,4,20,43,9,76,84,16,100,176
07/08/2020,EVV,IN,AGL,CE,Combined TRACON& Tower with Radar,6,24,30,0,60,0,6,38,0,44,6,30,68,0,104,74,0,74,178
07/09/2020,EVV,IN,AGL,CE,Combined TRACON& Tower with Radar,8,20,13,0,41,0,5,55,6,66,8,25,68,6,107,30,0,30,137
07/10/2020,EVV,IN,AGL,CE,Combined TRACON& Tower with Radar,4,15,23,0,42,0,6,23,0,29,4,21,46,0,71,14,0,14,85
07/11/2020,EVV,IN,AGL,CE,Combined TRACON& Tower with Radar,4,14,10,0,28,0,0,46,0,46,4,14,56,0,74,37,0,37,111
07/12/2020,EVV,IN,AGL,CE,Combined TRACON& Tower with Radar,8,17,22,0,47,0,0,7,0,7,8,17,29,0,54,10,0,10,64
07/13/2020,EVV,IN,AGL,CE,Combined TRACON& Tower with Radar,4,15,37,2,58,0,1,21,0,22,4,16,58,2,80,0,2,2,82
07/14/2020,EVV,IN,AGL,CE,Combined TRACON& Tower with Radar,4,18,31,0,53,0,2,62,0,64,4,20,93,0,117,0,0,0,117
07/15/2020,EVV,IN,AGL,CE,Combined TRACON& Tower with Radar,4,21,20,6,51,0,5,45,2,52,4,26,65,8,103,0,0,0,103
07/16/2020,EVV,IN,AGL,CE,Combined TRACON& Tower with Radar,8,17,21,0,46,0,9,4,0,13,8,26,25,0,59,0,0,0,59
07/17/2020,EVV,IN,AGL,CE,Combined TRACON& Tower with Radar,3,19,31,4,57,0,3,10,2,15,3,22,41,6,72,4,0,4,76
07/18/2020,EVV,IN,AGL,CE,Combined TRACON& Tower with Radar,4,13,9,0,26,0,5,16,0,21,4,18,25,0,47,17,0,17,64
07/19/2020,EVV,IN,AGL,CE,Combined TRACON& Tower with Radar,11,16,21,0,48,0,4,11,0,15,11,20,32,0,63,5,0,5,68
07/20/2020,EVV,IN,AGL,CE,Combined TRACON& Tower with Radar,4,14,13,8,39,0,2,12,0,14,4,16,25,8,53,6,8,14,67
07/21/2020,EVV,IN,AGL,CE,Combined TRACON& Tower with Radar,5,16,17,0,38,0,4,36,0,40,5,20,53,0,78,41,0,41,119
07/22/2020,EVV,IN,AGL,CE,Combined TRACON& Tower with Radar,4,18,10,0,32,0,2,22,0,24,4,20,32,0,56,24,0,24,80
07/23/2020,EVV,IN,AGL,CE,Combined TRACON& Tower with Radar,8,15,31,0,54,0,0,15,0,15,8,15,46,0,69,36,0,36,105
07/24/2020,EVV,IN,AGL,CE,Combined TRACON& Tower with Radar,4,19,18,5,46,0,1,37,0,38,4,20,55,5,84,76,8,84,168
07/25/2020,EVV,IN,AGL,CE,Combined TRACON& Tower with Radar,4,13,22,0,39,0,0,33,0,33,4,13,55,0,72,48,0,48,120
07/26/2020,EVV,IN,AGL,CE,Combined TRACON& Tower with Radar,8,17,12,0,37,0,2,6,0,8,8,19,18,0,45,14,0,14,59
07/27/2020,EVV,IN,AGL,CE,Combined TRACON& Tower with Radar,4,16,9,0,29,0,2,14,0,16,4,18,23,0,45,0,0,0,45
07/28/2020,EVV,IN,AGL,CE,Combined TRACON& Tower with Radar,4,22,18,0,44,0,2,44,1,47,4,24,62,1,91,0,0,0,91
07/29/2020,EVV,IN,AGL,CE,Combined TRACON& Tower with Radar,6,19,12,0,37,0,1,20,0,21,6,20,32,0,58,0,0,0,58
07/30/2020,EVV,IN,AGL,CE,Combined TRACON& Tower with Radar,8,12,5,0,25,0,2,2,0,4,8,14,7,0,29,0,0,0,29
07/31/2020,EVV,IN,AGL,CE,Combined TRACON& Tower with Radar,4,15,34,2,55,0,0,0,0,0,4,15,34,2,55,0,0,0,55
08/01/2020,EVV,IN,AGL,CE,Combined TRACON& Tower with Radar,4,16,13,0,33,0,0,0,0,0,4,16,13,0,33,0,0,0,33
08/02/2020,EVV,IN,AGL,CE,Combined TRACON& Tower with Radar,8,16,16,0,40,0,4,24,0,28,8,20,40,0,68,0,0,0,68
08/03/2020,EVV,IN,AGL,CE,Combined TRACON& Tower with Radar,4,20,14,0,38,0,2,6,0,8,4,22,20,0,46,17,0,17,63
08/04/2020,EVV,IN,AGL,CE,Combined TRACON& Tower with Radar,4,17,16,13,50,0,2,11,1,14,4,19,27,14,64,7,10,17,81
08/05/2020,EVV,IN,AGL,CE,Combined TRACON& Tower with Radar,4,19,19,0,42,0,9,41,0,50,4,28,60,0,92,38,0,38,130
08/06/2020,EVV,IN,AGL,CE,Combined TRACON& Tower with Radar,8,19,19,0,46,0,2,66,0,68,8,21,85,0,114,63,0,63,177
08/07/2020,EVV,IN,AGL,CE,Combined TRACON& Tower with Radar,4,20,13,14,51,0,4,25,0,29,4,24,38,14,80,33,16,49,129
08/08/2020,EVV,IN,AGL,CE,Combined TRACON& Tower with Radar,4,19,13,1,37,0,2,26,0,28,4,21,39,1,65,20,0,20,85
08/09/2020,EVV,IN,AGL,CE,Combined TRACON& Tower with Radar,8,25,12,0,45,0,0,8,2,10,8,25,20,2,55,0,0,0,55
08/10/2020,EVV,IN,AGL,CE,Combined TRACON& Tower with Radar,4,25,26,0,55,0,7,9,0,16,4,32,35,0,71,5,0,5,76
08/11/2020,EVV,IN,AGL,CE,Combined TRACON& Tower with Radar,6,21,36,0,63,0,2,10,0,12,6,23,46,0,75,12,0,12,87
08/12/2020,EVV,IN,AGL,CE,Combined TRACON& Tower with Radar,4,22,12,0,38,0,1,11,2,14,4,23,23,2,52,5,0,5,57
08/13/2020,EVV,IN,AGL,CE,Combined TRACON& Tower with Radar,8,25,13,0,46,0,2,20,0,22,8,27,33,0,68,24,0,24,92
08/14/2020,EVV,IN,AGL,CE,Combined TRACON& Tower with Radar,4,26,10,2,42,0,2,12,1,15,4,28,22,3,57,95,0,95,152
08/15/2020,EVV,IN,AGL,CE,Combined TRACON& Tower with Radar,4,21,16,0,41,0,5,28,0,33,4,26,44,0,74,55,0,55,129
08/16/2020,EVV,IN,AGL,CE,Combined TRACON& Tower with Radar,7,18,17,3,45,0,1,14,0,15,7,19,31,3,60,43,0,43,103
08/17/2020,EVV,IN,AGL,CE,Combined TRACON& Tower with Radar,4,23,8,13,48,0,2,11,2,15,4,25,19,15,63,50,16,66,129
08/18/2020,EVV,IN,AGL,CE,Combined TRACON& Tower with Radar,4,21,16,0,41,0,2,6,0,8,4,23,22,0,49,0,0,0,49
08/19/2020,EVV,IN,AGL,CE,Combined TRACON& Tower with Radar,4,16,18,2,40,0,0,18,0,18,4,16,36,2,58,0,0,0,58
08/20/2020,EVV,IN,AGL,CE,Combined TRACON& Tower with Radar,5,22,22,2,51,0,12,21,0,33,5,34,43,2,84,18,0,18,102
08/21/2020,EVV,IN,AGL,CE,Combined TRACON& Tower with Radar,4,22,13,0,39,0,0,18,0,18,4,22,31,0,57,39,0,39,96
08/22/2020,EVV,IN,AGL,CE,Combined TRACON& Tower with Radar,4,17,13,2,36,0,0,10,0,10,4,17,23,2,46,47,0,47,93
08/23/2020,EVV,IN,AGL,CE,Combined TRACON& Tower with Radar,6,21,12,0,39,0,11,12,0,23,6,32,24,0,62,23,0,23,85
08/24/2020,EVV,IN,AGL,CE,Combined TRACON& Tower with Radar,4,16,19,0,39,0,14,20,0,34,4,30,39,0,73,29,0,29,102
08/25/2020,EVV,IN,AGL,CE,Combined TRACON& Tower with Radar,4,18,45,1,68,0,6,18,1,25,4,24,63,2,93,62,8,70,163
08/26/2020,EVV,IN,AGL,CE,Combined TRACON& Tower with Radar,4,23,20,0,47,0,0,9,0,9,4,23,29,0,56,16,0,16,72
08/27/2020,EVV,IN,AGL,CE,Combined TRACON& Tower with Radar,6,18,15,0,39,0,1,13,1,15,6,19,28,1,54,15,0,15,69
08/28/2020,EVV,IN,AGL,CE,Combined TRACON& Tower with Radar,4,22,23,0,49,0,1,3,0,4,4,23,26,0,53,27,0,27,80
08/29/2020,EVV,IN,AGL,CE,Combined TRACON& Tower with Radar,4,18,7,0,29,0,3,2,0,5,4,21,9,0,34,7,0,7,41
08/30/2020,EVV,IN,AGL,CE,Combined TRACON& Tower with Radar,6,16,15,0,37,0,2,16,0,18,6,18,31,0,55,0,0,0,55
08/31/2020,EVV,IN,AGL,CE,Combined TRACON& Tower with Radar,4,19,15,6,44,0,10,5,0,15,4,29,20,6,59,4,0,4,63
09/01/2020,EVV,IN,AGL,CE,Combined TRACON& Tower with Radar,2,16,12,0,30,0,2,1,0,3,2,18,13,0,33,11,0,11,44
09/02/2020,EVV,IN,AGL,CE,Combined TRACON& Tower with Radar,4,21,36,0,61,0,1,1,1,3,4,22,37,1,64,0,0,0,64
09/03/2020,EVV,IN,AGL,CE,Combined TRACON& Tower with Radar,6,23,27,1,57,0,3,13,0,16,6,26,40,1,73,34,0,34,107
09/04/2020,EVV,IN,AGL,CE,Combined TRACON& Tower with Radar,4,21,29,0,54,0,4,32,0,36,4,25,61,0,90,103,0,103,193
09/05/2020,EVV,IN,AGL,CE,Combined TRACON& Tower with Radar,4,16,18,0,38,0,6,25,0,31,4,22,43,0,69,54,0,54,123
09/06/2020,EVV,IN,AGL,CE,Combined TRACON& Tower with Radar,6,17,7,0,30,0,0,19,0,19,6,17,26,0,49,18,0,18,67
09/07/2020,EVV,IN,AGL,CE,Combined TRACON& Tower with Radar,4,18,23,0,45,0,0,29,2,31,4,18,52,2,76,14,0,14,90
09/08/2020,EVV,IN,AGL,CE,Combined TRACON& Tower with Radar,8,18,26,11,63,0,2,34,4,40,8,20,60,15,103,18,4,22,125
09/09/2020,EVV,IN,AGL,CE,Combined TRACON& Tower with Radar,5,18,38,0,61,0,7,35,2,44,5,25,73,2,105,5,0,5,110
09/10/2020,EVV,IN,AGL,CE,Combined TRACON& Tower with Radar,6,31,38,14,89,0,7,18,2,27,6,38,56,16,116,16,36,52,168
09/11/2020,EVV,IN,AGL,CE,Combined TRACON& Tower with Radar,4,21,18,0,43,0,2,3,0,5,4,23,21,0,48,0,0,0,48
09/12/2020,EVV,IN,AGL,CE,Combined TRACON& Tower with Radar,5,20,39,0,64,0,3,3,0,6,5,23,42,0,70,0,0,0,70
09/13/2020,EVV,IN,AGL,CE,Combined TRACON& Tower with Radar,6,22,15,0,43,0,5,15,0,20,6,27,30,0,63,12,0,12,75
09/14/2020,EVV,IN,AGL,CE,Combined TRACON& Tower with Radar,4,22,20,18,64,0,4,24,0,28,4,26,44,18,92,30,34,64,156
09/15/2020,EVV,IN,AGL,CE,Combined TRACON& Tower with Radar,4,21,19,8,52,0,2,21,0,23,4,23,40,8,75,29,16,45,120
09/16/2020,EVV,IN,AGL,CE,Combined TRACON& Tower with Radar,4,18,59,0,81,0,6,28,0,34,4,24,87,0,115,95,0,95,210
09/17/2020,EVV,IN,AGL,CE,Combined TRACON& Tower with Radar,6,22,41,0,69,0,4,17,0,21,6,26,58,0,90,54,0,54,144
09/18/2020,EVV,IN,AGL,CE,Combined TRACON& Tower with Radar,3,28,29,10,70,0,1,15,0,16,3,29,44,10,86,6,27,33,119
09/19/2020,EVV,IN,AGL,CE,Combined TRACON& Tower with Radar,4,23,17,0,44,0,6,37,0,43,4,29,54,0,87,13,0,13,100
09/20/2020,EVV,IN,AGL,CE,Combined TRACON& Tower with Radar,6,21,8,0,35,0,3,31,2,36,6,24,39,2,71,30,0,30,101
09/21/2020,EVV,IN,AGL,CE,Combined TRACON& Tower with Radar,4,20,19,7,50,0,6,11,0,17,4,26,30,7,67,51,11,62,129
09/22/2020,EVV,IN,AGL,CE,Combined TRACON& Tower with Radar,4,25,21,12,62,0,4,29,2,35,4,29,50,14,97,28,15,43,140
09/23/2020,EVV,IN,AGL,CE,Combined TRACON& Tower with Radar,5,22,19,10,56,0,8,14,0,22,5,30,33,10,78,50,8,58,136
09/24/2020,EVV,IN,AGL,CE,Combined TRACON& Tower with Radar,7,29,24,30,90,0,4,15,1,20,7,33,39,31,110,30,22,52,162
09/25/2020,EVV,IN,AGL,CE,Combined TRACON& Tower with Radar,4,18,30,12,64,0,2,20,0,22,4,20,50,12,86,18,0,18,104
09/26/2020,EVV,IN,AGL,CE,Combined TRACON& Tower with Radar,4,18,21,0,43,0,0,13,0,13,4,18,34,0,56,0,0,0,56
09/27/2020,EVV,IN,AGL,CE,Combined TRACON& Tower with Radar,6,20,16,0,42,0,7,16,0,23,6,27,32,0,65,8,0,8,73
09/28/2020,EVV,IN,AGL,CE,Combined TRACON& Tower with Radar,4,17,5,0,26,0,1,5,0,6,4,18,10,0,32,0,0,0,32
09/29/2020,EVV,IN,AGL,CE,Combined TRACON& Tower with Radar,4,20,20,0,44,0,4,21,2,27,4,24,41,2,71,29,0,29,100
09/30/2020,EVV,IN,AGL,CE,Combined TRACON& Tower with Radar,4,25,16,0,45,0,4,11,0,15,4,29,27,0,60,0,0,0,60
10/01/2020,EVV,IN,AGL,CE,Combined TRACON& Tower with Radar,8,24,25,2,59,0,2,21,0,23,8,26,46,2,82,18,0,18,100
10/02/2020,EVV,IN,AGL,CE,Combined TRACON& Tower with Radar,5,22,24,0,51,0,4,34,0,38,5,26,58,0,89,0,0,0,89
10/03/2020,EVV,IN,AGL,CE,Combined TRACON& Tower with Radar,4,18,12,0,34,0,2,9,0,11,4,20,21,0,45,0,0,0,45
10/04/2020,EVV,IN,AGL,CE,Combined TRACON& Tower with Radar,6,20,8,2,36,0,2,10,0,12,6,22,18,2,48,22,0,22,70
10/05/2020,EVV,IN,AGL,CE,Combined TRACON& Tower with Radar,4,20,15,0,39,0,3,24,0,27,4,23,39,0,66,21,0,21,87
10/06/2020,EVV,IN,AGL,CE,Combined TRACON& Tower with Radar,4,26,26,4,60,0,6,18,0,24,4,32,44,4,84,0,0,0,84
10/07/2020,EVV,IN,AGL,CE,Combined TRACON& Tower with Radar,4,38,22,0,64,0,3,25,0,28,4,41,47,0,92,26,0,26,118
10/08/2020,EVV,IN,AGL,CE,Combined TRACON& Tower with Radar,7,25,15,0,47,0,0,13,0,13,7,25,28,0,60,10,0,10,70
10/09/2020,EVV,IN,AGL,CE,Combined TRACON& Tower with Radar,5,21,17,8,51,0,2,17,2,21,5,23,34,10,72,22,12,34,106
10/10/2020,EVV,IN,AGL,CE,Combined TRACON& Tower with Radar,5,20,16,0,41,0,1,0,0,1,5,21,16,0,42,0,0,0,42
10/11/2020,EVV,IN,AGL,CE,Combined TRACON& Tower with Radar,6,22,9,1,38,0,0,8,0,8,6,22,17,1,46,49,0,49,95
10/12/2020,EVV,IN,AGL,CE,Combined TRACON& Tower with Radar,4,18,15,7,44,0,5,1,1,7,4,23,16,8,51,0,0,0,51
10/13/2020,EVV,IN,AGL,CE,Combined TRACON& Tower with Radar,4,21,31,11,67,0,8,35,4,47,4,29,66,15,114,47,23,70,184
10/14/2020,EVV,IN,AGL,CE,Combined TRACON& Tower with Radar,4,19,12,0,35,0,6,13,0,19,4,25,25,0,54,0,0,0,54
10/15/2020,EVV,IN,AGL,CE,Combined TRACON& Tower with Radar,6,25,16,3,50,0,2,3,0,5,6,27,19,3,55,0,0,0,55
10/16/2020,EVV,IN,AGL,CE,Combined TRACON& Tower with Radar,6,21,25,0,52,0,2,20,0,22,6,23,45,0,74,33,0,33,107
10/17/2020,EVV,IN,AGL,CE,Combined TRACON& Tower with Radar,4,22,13,2,41,0,7,20,0,27,4,29,33,2,68,32,2,34,102
10/18/2020,EVV,IN,AGL,CE,Combined TRACON& Tower with Radar,6,25,22,4,57,0,5,9,0,14,6,30,31,4,71,22,0,22,93
10/19/2020,EVV,IN,AGL,CE,Combined TRACON& Tower with Radar,4,26,8,0,38,0,0,0,0,0,4,26,8,0,38,0,0,0,38
10/20/2020,EVV,IN,AGL,CE,Combined TRACON& Tower with Radar,4,19,12,0,35,0,0,0,0,0,4,19,12,0,35,0,0,0,35
10/21/2020,EVV,IN,AGL,CE,Combined TRACON& Tower with Radar,4,24,20,0,48,0,1,11,0,12,4,25,31,0,60,4,0,4,64
10/22/2020,EVV,IN,AGL,CE,Combined TRACON& Tower with Radar,6,28,31,0,65,0,6,27,0,33,6,34,58,0,98,17,0,17,115
10/23/2020,EVV,IN,AGL,CE,Combined TRACON& Tower with Radar,4,21,18,0,43,0,1,5,0,6,4,22,23,0,49,10,0,10,59
10/24/2020,EVV,IN,AGL,CE,Combined TRACON& Tower with Radar,4,21,16,0,41,0,4,6,2,12,4,25,22,2,53,36,0,36,89
10/25/2020,EVV,IN,AGL,CE,Combined TRACON& Tower with Radar,6,21,12,0,39,0,0,0,0,0,6,21,12,0,39,0,0,0,39
10/26/2020,EVV,IN,AGL,CE,Combined TRACON& Tower with Radar,4,16,7,2,29,0,1,0,0,1,4,17,7,2,30,0,0,0,30
10/27/2020,EVV,IN,AGL,CE,Combined TRACON& Tower with Radar,4,19,12,4,39,0,0,0,0,0,4,19,12,4,39,0,0,0,39
10/28/2020,EVV,IN,AGL,CE,Combined TRACON& Tower with Radar,4,19,18,0,41,0,0,0,0,0,4,19,18,0,41,0,0,0,41
10/29/2020,EVV,IN,AGL,CE,Combined TRACON& Tower with Radar,6,25,9,0,40,0,1,2,0,3,6,26,11,0,43,0,0,0,43
10/30/2020,EVV,IN,AGL,CE,Combined TRACON& Tower with Radar,4,24,28,2,58,0,0,31,6,37,4,24,59,8,95,50,0,50,145
10/31/2020,EVV,IN,AGL,CE,Combined TRACON& Tower with Radar,5,13,9,0,27,0,8,34,1,43,5,21,43,1,70,46,0,46,116
11/01/2020,EVV,IN,AGL,CE,Combined TRACON& Tower with Radar,10,10,5,0,25,0,0,0,0,0,10,10,5,0,25,0,0,0,25
11/02/2020,EVV,IN,AGL,CE,Combined TRACON& Tower with Radar,5,19,17,16,57,0,5,21,3,29,5,24,38,19,86,27,40,67,153
11/03/2020,EVV,IN,AGL,CE,Combined TRACON& Tower with Radar,5,18,6,1,30,0,3,23,2,28,5,21,29,3,58,70,0,70,128
11/04/2020,EVV,IN,AGL,CE,Combined TRACON& Tower with Radar,2,18,12,2,34,0,6,23,1,30,2,24,35,3,64,13,0,13,77
11/05/2020,EVV,IN,AGL,CE,Combined TRACON& Tower with Radar,2,24,22,5,53,0,2,14,0,16,2,26,36,5,69,40,8,48,117
11/06/2020,EVV,IN,AGL,CE,Combined TRACON& Tower with Radar,0,21,18,0,39,0,4,22,0,26,0,25,40,0,65,12,0,12,77
11/07/2020,EVV,IN,AGL,CE,Combined TRACON& Tower with Radar,0,30,13,2,45,0,4,17,2,23,0,34,30,4,68,30,0,30,98
11/08/2020,EVV,IN,AGL,CE,Combined TRACON& Tower with Radar,2,20,12,0,34,0,6,9,3,18,2,26,21,3,52,54,0,54,106
11/09/2020,EVV,IN,AGL,CE,Combined TRACON& Tower with Radar,0,21,14,15,50,0,2,11,0,13,0,23,25,15,63,8,33,41,104
11/10/2020,EVV,IN,AGL,CE,Combined TRACON& Tower with Radar,0,27,27,10,64,0,8,2,2,12,0,35,29,12,76,8,21,29,105
11/11/2020,EVV,IN,AGL,CE,Combined TRACON& Tower with Radar,0,27,24,0,51,0,5,16,0,21,0,32,40,0,72,0,0,0,72
11/12/2020,EVV,IN,AGL,CE,Combined TRACON& Tower with Radar,2,30,12,11,55,0,12,28,3,43,2,42,40,14,98,112,24,136,234
11/13/2020,EVV,IN,AGL,CE,Combined TRACON& Tower with Radar,2,27,25,12,66,0,4,9,0,13,2,31,34,12,79,47,8,55,134
11/14/2020,EVV,IN,AGL,CE,Combined TRACON& Tower with Radar,0,22,9,0,31,0,2,4,0,6,0,24,13,0,37,54,0,54,91
11/15/2020,EVV,IN,AGL,CE,Combined TRACON& Tower with Radar,2,24,2,0,28,0,4,4,2,10,2,28,6,2,38,26,0,26,64
11/16/2020,EVV,IN,AGL,CE,Combined TRACON& Tower with Radar,0,30,8,0,38,0,8,15,0,23,0,38,23,0,61,3,0,3,64
11/17/2020,EVV,IN,AGL,CE,Combined TRACON& Tower with Radar,0,26,19,0,45,0,11,18,0,29,0,37,37,0,74,15,0,15,89
11/18/2020,EVV,IN,AGL,CE,Combined TRACON& Tower with Radar,0,27,19,0,46,0,9,11,0,20,0,36,30,0,66,20,0,20,86
11/19/2020,EVV,IN,AGL,CE,Combined TRACON& Tower with Radar,2,31,8,0,41,0,6,3,0,9,2,37,11,0,50,16,0,16,66
11/20/2020,EVV,IN,AGL,CE,Combined TRACON& Tower with Radar,0,34,9,0,43,0,2,6,0,8,0,36,15,0,51,0,0,0,51
11/21/2020,EVV,IN,AGL,CE,Combined TRACON& Tower with Radar,0,30,6,0,36,0,0,0,0,0,0,30,6,0,36,0,0,0,36
11/22/2020,EVV,IN,AGL,CE,Combined TRACON& Tower with Radar,2,26,14,0,42,0,1,1,0,2,2,27,15,0,44,0,0,0,44
11/23/2020,EVV,IN,AGL,CE,Combined TRACON& Tower with Radar,0,30,17,16,63,0,6,27,0,33,0,36,44,16,96,48,6,54,150
11/24/2020,EVV,IN,AGL,CE,Combined TRACON& Tower with Radar,2,38,19,0,59,0,4,16,2,22,2,42,35,2,81,10,0,10,91
11/25/2020,EVV,IN,AGL,CE,Combined TRACON& Tower with Radar,0,29,8,0,37,0,1,1,0,2,0,30,9,0,39,0,0,0,39
11/26/2020,EVV,IN,AGL,CE,Combined TRACON& Tower with Radar,0,12,2,0,14,0,3,0,0,3,0,15,2,0,17,18,0,18,35
11/27/2020,EVV,IN,AGL,CE,Combined TRACON& Tower with Radar,0,23,21,0,44,0,2,23,1,26,0,25,44,1,70,22,0,22,92
11/28/2020,EVV,IN,AGL,CE,Combined TRACON& Tower with Radar,2,26,10,0,38,0,6,29,0,35,2,32,39,0,73,0,0,0,73
11/29/2020,EVV,IN,AGL,CE,Combined TRACON& Tower with Radar,0,27,24,0,51,0,6,22,0,28,0,33,46,0,79,14,0,14,93
11/30/2020,EVV,IN,AGL,CE,Combined TRACON& Tower with Radar,2,23,3,0,28,0,0,1,0,1,2,23,4,0,29,0,0,0,29
12/01/2020,EVV,IN,AGL,CE,Combined TRACON& Tower with Radar,0,32,18,4,54,0,6,20,0,26,0,38,38,4,80,18,10,28,108
12/02/2020,EVV,IN,AGL,CE,Combined TRACON& Tower with Radar,0,26,18,0,44,0,5,26,0,31,0,31,44,0,75,83,0,83,158
12/03/2020,EVV,IN,AGL,CE,Combined TRACON& Tower with Radar,6,29,10,0,45,0,5,13,0,18,6,34,23,0,63,39,0,39,102
12/04/2020,EVV,IN,AGL,CE,Combined TRACON& Tower with Radar,0,28,13,28,69,0,5,1,2,8,0,33,14,30,77,16,0,16,93
12/05/2020,EVV,IN,AGL,CE,Combined TRACON& Tower with Radar,0,21,31,1,53,0,9,30,1,40,0,30,61,2,93,33,0,33,126
12/06/2020,EVV,IN,AGL,CE,Combined TRACON& Tower with Radar,2,25,15,0,42,0,0,22,0,22,2,25,37,0,64,5,0,5,69
12/07/2020,EVV,IN,AGL,CE,Combined TRACON& Tower with Radar,2,20,8,3,33,0,2,13,1,16,2,22,21,4,49,8,0,8,57
12/08/2020,EVV,IN,AGL,CE,Combined TRACON& Tower with Radar,0,23,15,0,38,0,4,12,0,16,0,27,27,0,54,24,0,24,78
12/09/2020,EVV,IN,AGL,CE,Combined TRACON& Tower with Radar,0,23,14,0,37,0,16,31,0,47,0,39,45,0,84,0,0,0,84
12/10/2020,EVV,IN,AGL,CE,Combined TRACON& Tower with Radar,2,29,16,0,47,0,4,33,1,38,2,33,49,1,85,41,0,41,126
12/11/2020,EVV,IN,AGL,CE,Combined TRACON& Tower with Radar,2,34,14,0,50,0,9,18,0,27,2,43,32,0,77,0,0,0,77
12/12/2020,EVV,IN,AGL,CE,Combined TRACON& Tower with Radar,0,18,6,0,24,0,1,2,0,3,0,19,8,0,27,0,0,0,27
12/13/2020,EVV,IN,AGL,CE,Combined TRACON& Tower with Radar,2,19,21,0,42,0,0,1,0,1,2,19,22,0,43,15,0,15,58
12/14/2020,EVV,IN,AGL,CE,Combined TRACON& Tower with Radar,0,21,7,0,28,0,1,12,0,13,0,22,19,0,41,2,0,2,43
12/15/2020,EVV,IN,AGL,CE,Combined TRACON& Tower with Radar,0,22,7,6,35,0,6,26,0,32,0,28,33,6,67,4,0,4,71
12/16/2020,EVV,IN,AGL,CE,Combined TRACON& Tower with Radar,0,25,5,0,30,0,1,0,0,1,0,26,5,0,31,0,0,0,31
12/17/2020,EVV,IN,AGL,CE,Combined TRACON& Tower with Radar,0,27,18,0,45,0,6,4,2,12,0,33,22,2,57,46,0,46,103
12/18/2020,EVV,IN,AGL,CE,Combined TRACON& Tower with Radar,0,22,25,0,47,0,8,32,3,43,0,30,57,3,90,4,0,4,94
12/19/2020,EVV,IN,AGL,CE,Combined TRACON& Tower with Radar,2,20,9,0,31,0,1,4,0,5,2,21,13,0,36,4,0,4,40
12/20/2020,EVV,IN,AGL,CE,Combined TRACON& Tower with Radar,0,21,8,0,29,0,3,9,0,12,0,24,17,0,41,0,0,0,41
12/21/2020,EVV,IN,AGL,CE,Combined TRACON& Tower with Radar,2,25,14,0,41,0,0,7,0,7,2,25,21,0,48,10,0,10,58
12/22/2020,EVV,IN,AGL,CE,Combined TRACON& Tower with Radar,0,27,19,4,50,0,3,20,0,23,0,30,39,4,73,0,0,0,73
12/23/2020,EVV,IN,AGL,CE,Combined TRACON& Tower with Radar,4,23,2,0,29,0,0,0,0,0,4,23,2,0,29,0,0,0,29
12/24/2020,EVV,IN,AGL,CE,Combined TRACON& Tower with Radar,0,16,1,0,17,0,0,4,0,4,0,16,5,0,21,9,0,9,30
12/25/2020,EVV,IN,AGL,CE,Combined TRACON& Tower with Radar,0,14,4,0,18,0,0,2,0,2,0,14,6,0,20,0,0,0,20
12/26/2020,EVV,IN,AGL,CE,Combined TRACON& Tower with Radar,2,22,16,0,40,0,2,38,0,40,2,24,54,0,80,0,0,0,80
12/27/2020,EVV,IN,AGL,CE,Combined TRACON& Tower with Radar,0,24,3,0,27,0,1,14,1,16,0,25,17,1,43,0,0,0,43
12/28/2020,EVV,IN,AGL,CE,Combined TRACON& Tower with Radar,2,22,12,1,37,0,1,9,0,10,2,23,21,1,47,0,0,0,47
12/29/2020,EVV,IN,AGL,CE,Combined TRACON& Tower with Radar,0,23,10,0,33,0,2,7,0,9,0,25,17,0,42,11,0,11,53
12/30/2020,EVV,IN,AGL,CE,Combined TRACON& Tower with Radar,2,22,4,0,28,0,1,0,0,1,2,23,4,0,29,0,0,0,29
12/31/2020,EVV,IN,AGL,CE,Combined TRACON& Tower with Radar,0,13,13,0,26,0,4,3,0,7,0,17,16,0,33,0,0,0,33
01/01/2021,EVV,IN,AGL,CE,Combined TRACON& Tower with Radar,0,15,3,0,18,0,1,0,0,1,0,16,3,0,19,0,0,0,19
01/02/2021,EVV,IN,AGL,CE,Combined TRACON& Tower with Radar,2,24,10,0,36,0,1,2,0,3,2,25,12,0,39,0,0,0,39
01/03/2021,EVV,IN,AGL,CE,Combined TRACON& Tower with Radar,0,25,16,0,41,0,0,13,0,13,0,25,29,0,54,0,0,0,54
01/04/2021,EVV,IN,AGL,CE,Combined TRACON& Tower with Radar,0,24,12,0,36,0,10,14,0,24,0,34,26,0,60,18,0,18,78
01/05/2021,EVV,IN,AGL,CE,Combined TRACON& Tower with Radar,1,17,18,0,36,0,3,8,2,13,1,20,26,2,49,0,0,0,49
01/06/2021,EVV,IN,AGL,CE,Combined TRACON& Tower with Radar,1,26,19,0,46,0,5,10,0,15,1,31,29,0,61,24,0,24,85
01/07/2021,EVV,IN,AGL,CE,Combined TRACON& Tower with Radar,4,27,20,6,57,0,3,15,0,18,4,30,35,6,75,32,5,37,112
01/08/2021,EVV,IN,AGL,CE,Combined TRACON& Tower with Radar,3,18,8,0,29,0,0,9,0,9,3,18,17,0,38,16,0,16,54
01/09/2021,EVV,IN,AGL,CE,Combined TRACON& Tower with Radar,1,15,13,0,29,0,0,7,0,7,1,15,20,0,36,48,0,48,84
01/10/2021,EVV,IN,AGL,CE,Combined TRACON& Tower with Radar,4,18,8,0,30,0,1,2,0,3,4,19,10,0,33,0,0,0,33
01/11/2021,EVV,IN,AGL,CE,Combined TRACON& Tower with Radar,2,17,15,4,38,0,0,4,1,5,2,17,19,5,43,0,0,0,43
01/12/2021,EVV,IN,AGL,CE,Combined TRACON& Tower with Radar,0,23,19,0,42,0,6,6,0,12,0,29,25,0,54,31,0,31,85
01/13/2021,EVV,IN,AGL,CE,Combined TRACON& Tower with Radar,0,17,20,0,37,0,6,33,1,40,0,23,53,1,77,53,0,53,130
01/14/2021,EVV,IN,AGL,CE,Combined TRACON& Tower with Radar,4,19,11,0,34,0,0,6,2,8,4,19,17,2,42,12,0,12,54
01/15/2021,EVV,IN,AGL,CE,Combined TRACON& Tower with Radar,2,19,16,0,37,0,1,6,0,7,2,20,22,0,44,21,0,21,65
01/16/2021,EVV,IN,AGL,CE,Combined TRACON& Tower with Radar,0,17,3,0,20,0,1,0,0,1,0,18,3,0,21,0,0,0,21
01/17/2021,EVV,IN,AGL,CE,Combined TRACON& Tower with Radar,4,16,6,0,26,0,1,1,0,2,4,17,7,0,28,6,0,6,34
01/18/2021,EVV,IN,AGL,CE,Combined TRACON& Tower with Radar,2,19,13,0,34,0,3,6,0,9,2,22,19,0,43,45,0,45,88
01/19/2021,EVV,IN,AGL,CE,Combined TRACON& Tower with Radar,0,19,18,16,53,0,2,20,0,22,0,21,38,16,75,23,0,23,98
01/20/2021,EVV,IN,AGL,CE,Combined TRACON& Tower with Radar,0,21,19,1,41,0,2,24,2,28,0,23,43,3,69,14,0,14,83
01/21/2021,EVV,IN,AGL,CE,Combined TRACON& Tower with Radar,6,28,12,2,48,0,10,19,0,29,6,38,31,2,77,75,0,75,152
01/22/2021,EVV,IN,AGL,CE,Combined TRACON& Tower with Radar,4,23,23,22,72,0,12,20,1,33,4,35,43,23,105,66,2,68,173
01/23/2021,EVV,IN,AGL,CE,Combined TRACON& Tower with Radar,0,24,14,0,38,0,8,31,0,39,0,32,45,0,77,64,0,64,141
01/24/2021,EVV,IN,AGL,CE,Combined TRACON& Tower with Radar,4,15,6,0,25,0,0,0,0,0,4,15,6,0,25,0,0,0,25
01/25/2021,EVV,IN,AGL,CE,Combined TRACON& Tower with Radar,2,17,5,0,24,0,0,0,0,0,2,17,5,0,24,0,0,0,24
01/26/2021,EVV,IN,AGL,CE,Combined TRACON& Tower with Radar,0,22,19,2,43,0,1,4,0,5,0,23,23,2,48,2,0,2,50
01/27/2021,EVV,IN,AGL,CE,Combined TRACON& Tower with Radar,2,19,9,0,30,0,4,2,0,6,2,23,11,0,36,0,0,0,36
01/28/2021,EVV,IN,AGL,CE,Combined TRACON& Tower with Radar,4,18,25,16,63,0,8,16,0,24,4,26,41,16,87,16,38,54,141
01/29/2021,EVV,IN,AGL,CE,Combined TRACON& Tower with Radar,4,18,25,0,47,0,13,20,0,33,4,31,45,0,80,30,0,30,110
01/30/2021,EVV,IN,AGL,CE,Combined TRACON& Tower with Radar,0,20,6,0,26,0,0,2,1,3,0,20,8,1,29,0,0,0,29
01/31/2021,EVV,IN,AGL,CE,Combined TRACON& Tower with Radar,4,16,3,0,23,0,1,0,0,1,4,17,3,0,24,0,0,0,24
02/01/2021,EVV,IN,AGL,CE,Combined TRACON& Tower with Radar,2,21,9,0,32,0,3,3,0,6,2,24,12,0,38,0,0,0,38
02/02/2021,EVV,IN,AGL,CE,Combined TRACON& Tower with Radar,2,15,24,0,41,0,1,13,2,16,2,16,37,2,57,20,0,20,77
02/03/2021,EVV,IN,AGL,CE,Combined TRACON& Tower with Radar,2,33,21,6,62,0,11,27,0,38,2,44,48,6,100,76,7,83,183
02/04/2021,EVV,IN,AGL,CE,Combined TRACON& Tower with Radar,4,19,6,0,29,0,2,0,0,2,4,21,6,0,31,10,0,10,41
02/05/2021,EVV,IN,AGL,CE,Combined TRACON& Tower with Radar,2,17,13,0,32,0,8,6,0,14,2,25,19,0,46,9,0,9,55
02/06/2021,EVV,IN,AGL,CE,Combined TRACON& Tower with Radar,2,17,11,0,30,0,2,32,0,34,2,19,43,0,64,39,0,39,103
02/07/2021,EVV,IN,AGL,CE,Combined TRACON& Tower with Radar,4,14,4,4,26,0,7,10,2,19,4,21,14,6,45,2,0,2,47
02/08/2021,EVV,IN,AGL,CE,Combined TRACON& Tower with Radar,2,16,10,2,30,0,1,9,0,10,2,17,19,2,40,0,0,0,40
02/09/2021,EVV,IN,AGL,CE,Combined TRACON& Tower with Radar,4,19,8,2,33,0,0,0,0,0,4,19,8,2,33,0,0,0,33
02/10/2021,EVV,IN,AGL,CE,Combined TRACON& Tower with Radar,2,11,1,0,14,0,0,0,0,0,2,11,1,0,14,0,0,0,14
02/11/2021,EVV,IN,AGL,CE,Combined TRACON& Tower with Radar,6,9,15,0,30,0,1,3,0,4,6,10,18,0,34,0,0,0,34
02/12/2021,EVV,IN,AGL,CE,Combined TRACON& Tower with Radar,2,20,11,10,43,0,2,6,0,8,2,22,17,10,51,16,12,28,79
02/13/2021,EVV,IN,AGL,CE,Combined TRACON& Tower with Radar,5,18,8,0,31,0,0,3,0,3,5,18,11,0,34,37,0,37,71
02/14/2021,EVV,IN,AGL,CE,Combined TRACON& Tower with Radar,4,13,10,0,27,0,1,2,0,3,4,14,12,0,30,0,0,0,30
02/15/2021,EVV,IN,AGL,CE,Combined TRACON& Tower with Radar,0,9,1,0,10,0,0,0,0,0,0,9,1,0,10,0,0,0,10
02/16/2021,EVV,IN,AGL,CE,Combined TRACON& Tower with Radar,2,14,1,0,17,0,1,4,0,5,2,15,5,0,22,0,0,0,22
02/17/2021,EVV,IN,AGL,CE,Combined TRACON& Tower with Radar,2,15,12,0,29,0,6,6,0,12,2,21,18,0,41,0,0,0,41
02/18/2021,EVV,IN,AGL,CE,Combined TRACON& Tower with Radar,4,18,4,0,26,0,1,0,0,1,4,19,4,0,27,0,0,0,27
02/19/2021,EVV,IN,AGL,CE,Combined TRACON& Tower with Radar,2,22,2,0,26,0,7,7,0,14,2,29,9,0,40,22,0,22,62
02/20/2021,EVV,IN,AGL,CE,Combined TRACON& Tower with Radar,2,24,19,0,45,0,7,21,2,30,2,31,40,2,75,69,0,69,144
02/21/2021,EVV,IN,AGL,CE,Combined TRACON& Tower with Radar,4,21,9,0,34,0,2,9,1,12,4,23,18,1,46,52,0,52,98
02/22/2021,EVV,IN,AGL,CE,Combined TRACON& Tower with Radar,2,23,11,18,54,0,10,8,0,18,2,33,19,18,72,19,42,61,133
02/23/2021,EVV,IN,AGL,CE,Combined TRACON& Tower with Radar,2,23,22,0,47,0,2,35,0,37,2,25,57,0,84,76,0,76,160
02/24/2021,EVV,IN,AGL,CE,Combined TRACON& Tower with Radar,2,21,23,2,48,0,8,23,0,31,2,29,46,2,79,6,0,6,85
02/25/2021,EVV,IN,AGL,CE,Combined TRACON& Tower with Radar,4,24,14,0,42,0,18,5,2,25,4,42,19,2,67,45,0,45,112
02/26/2021,EVV,IN,AGL,CE,Combined TRACON& Tower with Radar,2,23,25,0,50,0,2,11,0,13,2,25,36,0,63,20,0,20,83
02/27/2021,EVV,IN,AGL,CE,Combined TRACON& Tower with Radar,2,16,17,0,35,0,2,10,0,12,2,18,27,0,47,37,0,37,84
02/28/2021,EVV,IN,AGL,CE,Combined TRACON& Tower with Radar,4,14,5,0,23,0,4,0,0,4,4,18,5,0,27,0,0,0,27
03/01/2021,EVV,IN,AGL,CE,Combined TRACON& Tower with Radar,2,24,27,9,62,0,20,28,0,48,2,44,55,9,110,33,4,37,147
03/02/2021,EVV,IN,AGL,CE,Combined TRACON& Tower with Radar,1,23,11,0,35,0,7,13,0,20,1,30,24,0,55,62,0,62,117
03/03/2021,EVV,IN,AGL,CE,Combined TRACON& Tower with Radar,2,25,16,0,43,0,8,19,0,27,2,33,35,0,70,55,0,55,125
03/04/2021,EVV,IN,AGL,CE,Combined TRACON& Tower with Radar,4,32,29,0,65,0,13,26,0,39,4,45,55,0,104,96,0,96,200
03/05/2021,EVV,IN,AGL,CE,Combined TRACON& Tower with Radar,2,20,17,44,83,0,2,9,1,12,2,22,26,45,95,34,28,62,157
03/06/2021,EVV,IN,AGL,CE,Combined TRACON& Tower with Radar,2,19,10,6,37,0,6,52,2,60,2,25,62,8,97,75,15,90,187
03/07/2021,EVV,IN,AGL,CE,Combined TRACON& Tower with Radar,4,16,11,0,31,0,4,29,2,35,4,20,40,2,66,4,0,4,70
03/08/2021,EVV,IN,AGL,CE,Combined TRACON& Tower with Radar,2,18,14,1,35,0,12,24,1,37,2,30,38,2,72,0,0,0,72
03/09/2021,EVV,IN,AGL,CE,Combined TRACON& Tower with Radar,4,16,21,0,41,0,5,24,0,29,4,21,45,0,70,17,0,17,87
03/10/2021,EVV,IN,AGL,CE,Combined TRACON& Tower with Radar,2,18,14,0,34,0,2,1,0,3,2,20,15,0,37,0,0,0,37
03/11/2021,EVV,IN,AGL,CE,Combined TRACON& Tower with Radar,4,19,6,0,29,0,3,1,0,4,4,22,7,0,33,0,0,0,33
03/12/2021,EVV,IN,AGL,CE,Combined TRACON& Tower with Radar,3,21,14,0,38,0,3,7,0,10,3,24,21,0,48,0,0,0,48
03/13/2021,EVV,IN,AGL,CE,Combined TRACON& Tower with Radar,3,20,17,4,44,0,0,14,0,14,3,20,31,4,58,28,0,28,86
03/14/2021,EVV,IN,AGL,CE,Combined TRACON& Tower with Radar,4,18,10,0,32,0,2,6,0,8,4,20,16,0,40,12,0,12,52
03/15/2021,EVV,IN,AGL,CE,Combined TRACON& Tower with Radar,2,22,11,0,35,0,2,0,0,2,2,24,11,0,37,0,0,0,37
03/16/2021,EVV,IN,AGL,CE,Combined TRACON& Tower with Radar,2,18,21,0,41,0,2,6,0,8,2,20,27,0,49,0,0,0,49
03/17/2021,EVV,IN,AGL,CE,Combined TRACON& Tower with Radar,2,15,17,0,34,0,0,3,0,3,2,15,20,0,37,0,0,0,37
03/18/2021,EVV,IN,AGL,CE,Combined TRACON& Tower with Radar,4,16,10,2,32,0,1,0,0,1,4,17,10,2,33,0,0,0,33
03/19/2021,EVV,IN,AGL,CE,Combined TRACON& Tower with Radar,2,24,12,0,38,0,7,7,2,16,2,31,19,2,54,0,0,0,54
03/20/2021,EVV,IN,AGL,CE,Combined TRACON& Tower with Radar,2,21,23,8,54,0,14,28,4,46,2,35,51,12,100,25,0,25,125
03/21/2021,EVV,IN,AGL,CE,Combined TRACON& Tower with Radar,4,19,11,0,34,0,9,24,0,33,4,28,35,0,67,24,0,24,91
03/22/2021,EVV,IN,AGL,CE,Combined TRACON& Tower with Radar,2,18,13,14,47,0,3,18,0,21,2,21,31,14,68,10,0,10,78
03/23/2021,EVV,IN,AGL,CE,Combined TRACON& Tower with Radar,4,15,4,2,25,0,1,3,0,4,4,16,7,2,29,4,0,4,33
03/24/2021,EVV,IN,AGL,CE,Combined TRACON& Tower with Radar,2,24,7,4,37,0,9,6,0,15,2,33,13,4,52,0,0,0,52
03/25/2021,EVV,IN,AGL,CE,Combined TRACON& Tower with Radar,4,19,4,0,27,0,2,0,0,2,4,21,4,0,29,0,0,0,29
03/26/2021,EVV,IN,AGL,CE,Combined TRACON& Tower with Radar,2,31,33,0,66,0,2,9,0,11,2,33,42,0,77,0,0,0,77
03/27/2021,EVV,IN,AGL,CE,Combined TRACON& Tower with Radar,3,23,26,0,52,0,13,33,0,46,3,36,59,0,98,12,0,12,110
03/28/2021,EVV,IN,AGL,CE,Combined TRACON& Tower with Radar,5,20,12,0,37,0,0,6,0,6,5,20,18,0,43,20,0,20,63
03/29/2021,EVV,IN,AGL,CE,Combined TRACON& Tower with Radar,2,22,6,0,30,0,16,28,6,50,2,38,34,6,80,2,0,2,82
03/30/2021,EVV,IN,AGL,CE,Combined TRACON& Tower with Radar,4,21,8,8,41,0,8,4,2,14,4,29,12,10,55,18,16,34,89
03/31/2021,EVV,IN,AGL,CE,Combined TRACON& Tower with Radar,2,24,20,26,72,0,8,6,0,14,2,32,26,26,86,10,8,18,104
04/01/2021,EVV,IN,AGL,CE,Combined TRACON& Tower with Radar,4,28,22,2,56,0,19,15,0,34,4,47,37,2,90,64,6,70,160
04/02/2021,EVV,IN,AGL,CE,Combined TRACON& Tower with Radar,2,21,15,0,38,0,12,42,0,54,2,33,57,0,92,109,0,109,201
04/03/2021,EVV,IN,AGL,CE,Combined TRACON& Tower with Radar,2,19,12,0,33,0,12,27,0,39,2,31,39,0,72,53,0,53,125
04/04/2021,EVV,IN,AGL,CE,Combined TRACON& Tower with Radar,4,16,8,0,28,0,6,11,0,17,4,22,19,0,45,0,0,0,45
04/05/2021,EVV,IN,AGL,CE,Combined TRACON& Tower with Radar,2,18,27,19,66,0,8,23,0,31,2,26,50,19,97,48,38,86,183
04/06/2021,EVV,IN,AGL,CE,Combined TRACON& Tower with Radar,2,15,11,0,28,0,10,17,1,28,2,25,28,1,56,44,0,44,100
04/07/2021,EVV,IN,AGL,CE,Combined TRACON& Tower with Radar,2,16,17,11,46,0,7,12,0,19,2,23,29,11,65,12,18,30,95
04/08/2021,EVV,IN,AGL,CE,Combined TRACON& Tower with Radar,4,30,13,1,48,0,9,4,1,14,4,39,17,2,62,82,0,82,144
04/09/2021,EVV,IN,AGL,CE,Combined TRACON& Tower with Radar,2,19,17,9,47,0,6,14,0,20,2,25,31,9,67,30,2,32,99
04/10/2021,EVV,IN,AGL,CE,Combined TRACON& Tower with Radar,2,22,14,0,38,0,0,4,0,4,2,22,18,0,42,25,0,25,67
04/11/2021,EVV,IN,AGL,CE,Combined TRACON& Tower with Radar,4,22,8,0,34,0,4,5,0,9,4,26,13,0,43,0,0,0,43
04/12/2021,EVV,IN,AGL,CE,Combined TRACON& Tower with Radar,2,23,35,13,73,0,13,25,3,41,2,36,60,16,114,26,0,26,140
04/13/2021,EVV,IN,AGL,CE,Combined TRACON& Tower with Radar,2,33,17,9,61,0,7,15,2,24,2,40,32,11,85,76,20,96,181
04/14/2021,EVV,IN,AGL,CE,Combined TRACON& Tower with Radar,2,26,27,42,97,0,10,21,0,31,2,36,48,42,128,24,16,40,168
04/15/2021,EVV,IN,AGL,CE,Combined TRACON& Tower with Radar,4,27,28,10,69,0,14,23,6,43,4,41,51,16,112,58,0,58,170
04/16/2021,EVV,IN,AGL,CE,Combined TRACON& Tower with Radar,2,30,12,4,48,0,19,25,0,44,2,49,37,4,92,48,6,54,146
04/17/2021,EVV,IN,AGL,CE,Combined TRACON& Tower with Radar,2,20,18,4,44,0,0,19,0,19,2,20,37,4,63,38,20,58,121
04/18/2021,EVV,IN,AGL,CE,Combined TRACON& Tower with Radar,4,24,6,0,34,0,4,12,0,16,4,28,18,0,50,45,0,45,95
04/19/2021,EVV,IN,AGL,CE,Combined TRACON& Tower with Radar,2,28,5,8,43,0,8,13,0,21,2,36,18,8,64,21,27,48,112
04/20/2021,EVV,IN,AGL,CE,Combined TRACON& Tower with Radar,2,23,17,2,44,0,1,12,0,13,2,24,29,2,57,49,0,49,106
04/21/2021,EVV,IN,AGL,CE,Combined TRACON& Tower with Radar,2,21,12,1,36,0,2,14,1,17,2,23,26,2,53,12,0,12,65
04/22/2021,EVV,IN,AGL,CE,Combined TRACON& Tower with Radar,4,23,17,3,47,0,6,23,0,29,4,29,40,3,76,31,6,37,113
04/23/2021,EVV,IN,AGL,CE,Combined TRACON& Tower with Radar,2,32,23,18,75,0,9,13,0,22,2,41,36,18,97,6,12,18,115
04/24/2021,EVV,IN,AGL,CE,Combined TRACON& Tower with Radar,2,18,10,0,30,0,4,4,0,8,2,22,14,0,38,0,0,0,38
04/25/2021,EVV,IN,AGL,CE,Combined TRACON& Tower with Radar,4,22,11,12,49,0,2,28,0,30,4,24,39,12,79,86,0,86,165
04/26/2021,EVV,IN,AGL,CE,Combined TRACON& Tower with Radar,1,25,25,0,51,0,12,13,0,25,1,37,38,0,76,48,0,48,124
04/27/2021,EVV,IN,AGL,CE,Combined TRACON& Tower with Radar,1,22,12,0,35,0,1,13,0,14,1,23,25,0,49,30,0,30,79
04/28/2021,EVV,IN,AGL,CE,Combined TRACON& Tower with Radar,2,27,10,0,39,0,4,6,0,10,2,31,16,0,49,0,0,0,49
04/29/2021,EVV,IN,AGL,CE,Combined TRACON& Tower with Radar,3,29,18,1,51,0,6,1,0,7,3,35,19,1,58,18,0,18,76
04/30/2021,EVV,IN,AGL,CE,Combined TRACON& Tower with Radar,1,35,12,6,54,0,6,12,0,18,1,41,24,6,72,34,12,46,118
05/01/2021,EVV,IN,AGL,CE,Combined TRACON& Tower with Radar,2,20,23,0,45,0,10,20,0,30,2,30,43,0,75,50,0,50,125
05/02/2021,EVV,IN,AGL,CE,Combined TRACON& Tower with Radar,4,19,11,2,36,0,3,10,0,13,4,22,21,2,49,20,0,20,69
05/03/2021,EVV,IN,AGL,CE,Combined TRACON& Tower with Radar,1,22,15,12,50,0,5,5,0,10,1,27,20,12,60,4,24,28,88
05/04/2021,EVV,IN,AGL,CE,Combined TRACON& Tower with Radar,1,27,15,0,43,0,1,0,0,1,1,28,15,0,44,13,0,13,57
05/05/2021,EVV,IN,AGL,CE,Combined TRACON& Tower with Radar,1,26,26,0,53,0,14,19,0,33,1,40,45,0,86,20,0,20,106
05/06/2021,EVV,IN,AGL,CE,Combined TRACON& Tower with Radar,5,33,20,4,62,0,8,8,0,16,5,41,28,4,78,38,0,38,116
05/07/2021,EVV,IN,AGL,CE,Combined TRACON& Tower with Radar,4,27,27,0,58,0,1,48,3,52,4,28,75,3,110,60,1,61,171
05/08/2021,EVV,IN,AGL,CE,Combined TRACON& Tower with Radar,4,23,11,0,38,0,6,37,0,43,4,29,48,0,81,52,0,52,133
05/09/2021,EVV,IN,AGL,CE,Combined TRACON& Tower with Radar,6,24,3,0,33,0,4,0,0,4,6,28,3,0,37,0,0,0,37
05/10/2021,EVV,IN,AGL,CE,Combined TRACON& Tower with Radar,3,23,21,26,73,0,4,18,0,22,3,27,39,26,95,86,16,102,197
05/11/2021,EVV,IN,AGL,CE,Combined TRACON& Tower with Radar,2,31,45,6,84,0,5,17,0,22,2,36,62,6,106,64,20,84,190
05/12/2021,EVV,IN,AGL,CE,Combined TRACON& Tower with Radar,5,36,51,33,125,0,8,22,3,33,5,44,73,36,158,16,26,42,200
05/13/2021,EVV,IN,AGL,CE,Combined TRACON& Tower with Radar,8,26,39,2,75,0,5,23,3,31,8,31,62,5,106,75,6,81,187
05/14/2021,EVV,IN,AGL,CE,Combined TRACON& Tower with Radar,4,34,34,14,86,0,4,32,0,36,4,38,66,14,122,71,0,71,193
05/15/2021,EVV,IN,AGL,CE,Combined TRACON& Tower with Radar,4,20,15,0,39,0,4,26,0,30,4,24,41,0,69,46,0,46,115
05/16/2021,EVV,IN,AGL,CE,Combined TRACON& Tower with Radar,8,24,14,21,67,0,4,10,0,14,8,28,24,21,81,20,14,34,115
05/17/2021,EVV,IN,AGL,CE,Combined TRACON& Tower with Radar,4,29,19,0,52,0,5,19,0,24,4,34,38,0,76,31,0,31,107
05/18/2021,EVV,IN,AGL,CE,Combined TRACON& Tower with Radar,2,31,29,6,68,0,3,6,0,9,2,34,35,6,77,21,6,27,104
05/19/2021,EVV,IN,AGL,CE,Combined TRACON& Tower with Radar,4,24,23,19,70,0,5,17,2,24,4,29,40,21,94,36,30,66,160
05/20/2021,EVV,IN,AGL,CE,Combined TRACON& Tower with Radar,6,26,10,40,82,0,3,25,0,28,6,29,35,40,110,36,34,70,180
05/21/2021,EVV,IN,AGL,CE,Combined TRACON& Tower with Radar,3,22,28,0,53,0,9,27,0,36,3,31,55,0,89,78,0,78,167
05/22/2021,EVV,IN,AGL,CE,Combined TRACON& Tower with Radar,4,21,8,2,35,0,2,37,0,39,4,23,45,2,74,48,0,48,122
05/23/2021,EVV,IN,AGL,CE,Combined TRACON& Tower with Radar,6,25,9,0,40,0,8,21,0,29,6,33,30,0,69,0,0,0,69
05/24/2021,EVV,IN,AGL,CE,Combined TRACON& Tower with Radar,3,23,19,0,45,0,2,27,2,31,3,25,46,2,76,48,0,48,124
05/25/2021,EVV,IN,AGL,CE,Combined TRACON& Tower with Radar,4,27,13,2,46,0,5,22,0,27,4,32,35,2,73,82,0,82,155
05/26/2021,EVV,IN,AGL,CE,Combined TRACON& Tower with Radar,5,25,25,2,57,0,0,3,1,4,5,25,28,3,61,12,0,12,73
05/27/2021,EVV,IN,AGL,CE,Combined TRACON& Tower with Radar,8,27,35,12,82,0,2,11,0,13,8,29,46,12,95,24,6,30,125
05/28/2021,EVV,IN,AGL,CE,Combined TRACON& Tower with Radar,4,29,34,0,67,0,0,1,0,1,4,29,35,0,68,16,0,16,84
05/29/2021,EVV,IN,AGL,CE,Combined TRACON& Tower with Radar,5,20,9,0,34,0,3,51,0,54,5,23,60,0,88,6,0,6,94
05/30/2021,EVV,IN,AGL,CE,Combined TRACON& Tower with Radar,6,25,11,0,42,0,2,31,0,33,6,27,42,0,75,32,0,32,107
05/31/2021,EVV,IN,AGL,CE,Combined TRACON& Tower with Radar,2,22,17,0,41,0,0,24,0,24,2,22,41,0,65,14,0,14,79
06/01/2021,EVV,IN,AGL,CE,Combined TRACON& Tower with Radar,4,27,20,7,58,0,3,11,0,14,4,30,31,7,72,36,16,52,124
06/02/2021,EVV,IN,AGL,CE,Combined TRACON& Tower with Radar,4,24,19,0,47,0,0,0,0,0,4,24,19,0,47,0,0,0,47
06/03/2021,EVV,IN,AGL,CE,Combined TRACON& Tower with Radar,7,24,22,0,53,0,5,2,0,7,7,29,24,0,60,30,0,30,90
06/04/2021,EVV,IN,AGL,CE,Combined TRACON& Tower with Radar,3,23,27,0,53,0,4,34,0,38,3,27,61,0,91,65,0,65,156
06/05/2021,EVV,IN,AGL,CE,Combined TRACON& Tower with Radar,4,22,12,14,52,0,3,41,2,46,4,25,53,16,98,34,4,38,136
06/06/2021,EVV,IN,AGL,CE,Combined TRACON& Tower with Radar,8,23,17,15,63,0,0,2,4,6,8,23,19,19,69,0,20,20,89
06/07/2021,EVV,IN,AGL,CE,Combined TRACON& Tower with Radar,3,27,12,0,42,0,4,9,0,13,3,31,21,0,55,0,0,0,55
06/08/2021,EVV,IN,AGL,CE,Combined TRACON& Tower with Radar,3,22,20,0,45,0,2,9,0,11,3,24,29,0,56,0,0,0,56
06/09/2021,EVV,IN,AGL,CE,Combined TRACON& Tower with Radar,4,27,29,6,66,0,3,7,0,10,4,30,36,6,76,25,0,25,101
06/10/2021,EVV,IN,AGL,CE,Combined TRACON& Tower with Radar,8,26,24,0,58,0,2,5,0,7,8,28,29,0,65,0,0,0,65
06/11/2021,EVV,IN,AGL,CE,Combined TRACON& Tower with Radar,3,26,43,0,72,0,3,21,0,24,3,29,64,0,96,16,0,16,112
06/12/2021,EVV,IN,AGL,CE,Combined TRACON& Tower with Radar,6,18,11,8,43,0,2,22,1,25,6,20,33,9,68,10,29,39,107
06/13/2021,EVV,IN,AGL,CE,Combined TRACON& Tower with Radar,8,18,18,0,44,0,4,37,0,41,8,22,55,0,85,0,0,0,85
06/14/2021,EVV,IN,AGL,CE,Combined TRACON& Tower with Radar,5,21,19,10,55,0,10,31,2,43,5,31,50,12,98,30,6,36,134
06/15/2021,EVV,IN,AGL,CE,Combined TRACON& Tower with Radar,2,18,19,23,62,0,15,22,3,40,2,33,41,26,102,12,0,12,114
06/16/2021,EVV,IN,AGL,CE,Combined TRACON& Tower with Radar,3,28,18,12,61,0,2,33,4,39,3,30,51,16,100,56,0,56,156
06/17/2021,EVV,IN,AGL,CE,Combined TRACON& Tower with Radar,7,29,18,2,56,0,11,29,1,41,7,40,47,3,97,31,0,31,128
06/18/2021,EVV,IN,AGL,CE,Combined TRACON& Tower with Radar,5,25,19,9,58,0,2,26,2,30,5,27,45,11,88,30,8,38,126
06/19/2021,EVV,IN,AGL,CE,Combined TRACON& Tower with Radar,4,20,15,0,39,0,10,12,0,22,4,30,27,0,61,12,0,12,73
06/20/2021,EVV,IN,AGL,CE,Combined TRACON& Tower with Radar,7,18,18,0,43,0,2,20,0,22,7,20,38,0,65,0,0,0,65
06/21/2021,EVV,IN,AGL,CE,Combined TRACON& Tower with Radar,3,23,17,0,43,0,3,4,0,7,3,26,21,0,50,28,0,28,78
06/22/2021,EVV,IN,AGL,CE,Combined TRACON& Tower with Radar,3,31,30,14,78,0,2,50,0,52,3,33,80,14,130,52,8,60,190
06/23/2021,EVV,IN,AGL,CE,Combined TRACON& Tower with Radar,4,25,36,0,65,0,11,43,3,57,4,36,79,3,122,38,0,38,160
06/24/2021,EVV,IN,AGL,CE,Combined TRACON& Tower with Radar,12,21,32,20,85,0,7,19,3,29,12,28,51,23,114,41,16,57,171
06/25/2021,EVV,IN,AGL,CE,Combined TRACON& Tower with Radar,3,27,24,0,54,0,0,8,0,8,3,27,32,0,62,36,0,36,98
06/26/2021,EVV,IN,AGL,CE,Combined TRACON& Tower with Radar,4,26,11,0,41,0,6,16,5,27,4,32,27,5,68,12,0,12,80
06/27/2021,EVV,IN,AGL,CE,Combined TRACON& Tower with Radar,9,20,12,0,41,0,4,14,1,19,9,24,26,1,60,4,0,4,64
06/28/2021,EVV,IN,AGL,CE,Combined TRACON& Tower with Radar,3,23,17,11,54,0,1,19,3,23,3,24,36,14,77,10,0,10,87
06/29/2021,EVV,IN,AGL,CE,Combined TRACON& Tower with Radar,3,23,15,10,51,0,6,22,6,34,3,29,37,16,85,29,10,39,124
06/30/2021,EVV,IN,AGL,CE,Combined TRACON& Tower with Radar,5,28,20,0,53,0,6,8,2,16,5,34,28,2,69,0,0,0,69
07/01/2021,EVV,IN,AGL,CE,Combined TRACON& Tower with Radar,7,30,13,0,50,0,2,0,0,2,7,32,13,0,52,0,0,0,52
07/02/2021,EVV,IN,AGL,CE,Combined TRACON& Tower with Radar,3,29,16,0,48,0,2,32,0,34,3,31,48,0,82,8,0,8,90
07/03/2021,EVV,IN,AGL,CE,Combined TRACON& Tower with Radar,4,21,6,0,31,0,0,29,0,29,4,21,35,0,60,12,0,12,72
07/04/2021,EVV,IN,AGL,CE,Combined TRACON& Tower with Radar,7,19,4,0,30,0,3,21,0,24,7,22,25,0,54,8,0,8,62
07/05/2021,EVV,IN,AGL,CE,Combined TRACON& Tower with Radar,3,22,12,0,37,0,0,28,0,28,3,22,40,0,65,49,0,49,114
07/06/2021,EVV,IN,AGL,CE,Combined TRACON& Tower with Radar,3,25,23,0,51,0,9,44,1,54,3,34,67,1,105,61,0,61,166
07/07/2021,EVV,IN,AGL,CE,Combined TRACON& Tower with Radar,3,25,24,0,52,0,4,79,5,88,3,29,103,5,140,18,0,18,158
07/08/2021,EVV,IN,AGL,CE,Combined TRACON& Tower with Radar,7,28,29,0,64,0,3,35,5,43,7,31,64,5,107,0,0,0,107
07/09/2021,EVV,IN,AGL,CE,Combined TRACON& Tower with Radar,5,28,36,1,70,0,1,49,3,53,5,29,85,4,123,83,0,83,206
07/10/2021,EVV,IN,AGL,CE,Combined TRACON& Tower with Radar,5,25,13,0,43,0,4,20,2,26,5,29,33,2,69,55,0,55,124
07/11/2021,EVV,IN,AGL,CE,Combined TRACON& Tower with Radar,5,25,19,0,49,0,4,11,4,19,5,29,30,4,68,0,0,0,68
07/12/2021,EVV,IN,AGL,CE,Combined TRACON& Tower with Radar,3,27,12,0,42,0,2,19,0,21,3,29,31,0,63,16,0,16,79
07/13/2021,EVV,IN,AGL,CE,Combined TRACON& Tower with Radar,3,28,23,9,63,0,0,45,1,46,3,28,68,10,109,28,0,28,137
07/14/2021,EVV,IN,AGL,CE,Combined TRACON& Tower with Radar,3,27,21,1,52,0,8,78,3,89,3,35,99,4,141,14,0,14,155
07/15/2021,EVV,IN,AGL,CE,Combined TRACON& Tower with Radar,6,19,11,0,36,0,8,32,0,40,6,27,43,0,76,16,0,16,92
07/16/2021,EVV,IN,AGL,CE,Combined TRACON& Tower with Radar,3,27,11,0,41,0,0,16,0,16,3,27,27,0,57,0,0,0,57
07/17/2021,EVV,IN,AGL,CE,Combined TRACON& Tower with Radar,4,22,18,0,44,0,7,48,0,55,4,29,66,0,99,23,0,23,122
07/18/2021,EVV,IN,AGL,CE,Combined TRACON& Tower with Radar,6,21,13,0,40,0,4,18,0,22,6,25,31,0,62,14,0,14,76
07/19/2021,EVV,IN,AGL,CE,Combined TRACON& Tower with Radar,5,22,30,43,100,0,2,27,1,30,5,24,57,44,130,16,88,104,234
07/20/2021,EVV,IN,AGL,CE,Combined TRACON& Tower with Radar,3,23,41,10,77,0,6,52,0,58,3,29,93,10,135,21,0,21,156
07/21/2021,EVV,IN,AGL,CE,Combined TRACON& Tower with Radar,4,28,24,1,57,0,8,50,3,61,4,36,74,4,118,3,0,3,121
07/22/2021,EVV,IN,AGL,CE,Combined TRACON& Tower with Radar,7,24,28,6,65,0,4,29,0,33,7,28,57,6,98,20,0,20,118
07/23/2021,EVV,IN,AGL,CE,Combined TRACON& Tower with Radar,4,30,29,22,85,0,11,42,2,55,4,41,71,24,140,32,10,42,182
07/24/2021,EVV,IN,AGL,CE,Combined TRACON& Tower with Radar,4,23,9,10,46,0,8,34,0,42,4,31,43,10,88,0,0,0,88
07/25/2021,EVV,IN,AGL,CE,Combined TRACON& Tower with Radar,6,21,14,0,41,0,6,11,0,17,6,27,25,0,58,0,0,0,58
07/26/2021,EVV,IN,AGL,CE,Combined TRACON& Tower with Radar,4,21,21,2,48,0,5,24,0,29,4,26,45,2,77,8,0,8,85
07/27/2021,EVV,IN,AGL,CE,Combined TRACON& Tower with Radar,3,28,16,32,79,0,10,12,4,26,3,38,28,36,105,0,0,0,105
07/28/2021,EVV,IN,AGL,CE,Combined TRACON& Tower with Radar,3,25,32,2,62,0,7,19,0,26,3,32,51,2,88,12,0,12,100
07/29/2021,EVV,IN,AGL,CE,Combined TRACON& Tower with Radar,7,27,34,0,68,0,1,15,0,16,7,28,49,0,84,0,0,0,84
07/30/2021,EVV,IN,AGL,CE,Combined TRACON& Tower with Radar,3,26,24,10,63,0,0,29,1,30,3,26,53,11,93,0,0,0,93
07/31/2021,EVV,IN,AGL,CE,Combined TRACON& Tower with Radar,4,19,15,0,38,0,2,11,0,13,4,21,26,0,51,6,0,6,57
08/01/2021,EVV,IN,AGL,CE,Combined TRACON& Tower with Radar,5,20,19,0,44,0,10,22,2,34,5,30,41,2,78,16,0,16,94
08/02/2021,EVV,IN,AGL,CE,Combined TRACON& Tower with Radar,3,22,23,0,48,0,4,19,2,25,3,26,42,2,73,0,0,0,73
08/03/2021,EVV,IN,AGL,CE,Combined TRACON& Tower with Radar,3,26,25,28,82,0,12,18,5,35,3,38,43,33,117,16,0,16,133
08/04/2021,EVV,IN,AGL,CE,Combined TRACON& Tower with Radar,3,35,22,12,72,0,6,31,4,41,3,41,53,16,113,0,0,0,113
08/05/2021,EVV,IN,AGL,CE,Combined TRACON& Tower with Radar,7,24,12,6,49,0,8,16,0,24,7,32,28,6,73,5,0,5,78
08/06/2021,EVV,IN,AGL,CE,Combined TRACON& Tower with Radar,4,23,18,43,88,0,5,27,3,35,4,28,45,46,123,4,20,24,147
08/07/2021,EVV,IN,AGL,CE,Combined TRACON& Tower with Radar,4,22,28,26,80,0,3,41,4,48,4,25,69,30,128,6,0,6,134
08/08/2021,EVV,IN,AGL,CE,Combined TRACON& Tower with Radar,5,21,16,6,48,0,2,24,0,26,5,23,40,6,74,34,0,34,108
08/09/2021,EVV,IN,AGL,CE,Combined TRACON& Tower with Radar,3,26,12,0,41,0,0,0,0,0,3,26,12,0,41,0,0,0,41
08/10/2021,EVV,IN,AGL,CE,Combined TRACON& Tower with Radar,4,21,23,2,50,0,3,23,0,26,4,24,46,2,76,0,0,0,76
08/11/2021,EVV,IN,AGL,CE,Combined TRACON& Tower with Radar,3,25,24,6,58,0,1,12,1,14,3,26,36,7,72,29,11,40,112
08/12/2021,EVV,IN,AGL,CE,Combined TRACON& Tower with Radar,9,23,22,16,70,0,5,21,3,29,9,28,43,19,99,5,6,11,110
08/13/2021,EVV,IN,AGL,CE,Combined TRACON& Tower with Radar,5,25,11,16,57,0,3,11,0,14,5,28,22,16,71,8,12,20,91
08/14/2021,EVV,IN,AGL,CE,Combined TRACON& Tower with Radar,2,22,18,0,42,0,2,14,2,18,2,24,32,2,60,17,0,17,77
08/15/2021,EVV,IN,AGL,CE,Combined TRACON& Tower with Radar,5,26,32,0,63,0,0,12,0,12,5,26,44,0,75,66,0,66,141
08/16/2021,EVV,IN,AGL,CE,Combined TRACON& Tower with Radar,4,23,14,8,49,0,6,13,0,19,4,29,27,8,68,69,0,69,137
08/17/2021,EVV,IN,AGL,CE,Combined TRACON& Tower with Radar,2,23,25,16,66,0,7,13,2,22,2,30,38,18,88,0,0,0,88
08/18/2021,EVV,IN,AGL,CE,Combined TRACON& Tower with Radar,1,28,26,9,64,0,5,24,0,29,1,33,50,9,93,16,0,16,109
08/19/2021,EVV,IN,AGL,CE,Combined TRACON& Tower with Radar,5,23,36,0,64,0,2,9,0,11,5,25,45,0,75,42,0,42,117
08/20/2021,EVV,IN,AGL,CE,Combined TRACON& Tower with Radar,5,31,22,0,58,0,8,26,0,34,5,39,48,0,92,81,0,81,173
08/21/2021,EVV,IN,AGL,CE,Combined TRACON& Tower with Radar,4,20,9,0,33,0,4,11,0,15,4,24,20,0,48,16,0,16,64
08/22/2021,EVV,IN,AGL,CE,Combined TRACON& Tower with Radar,5,23,21,0,49,0,2,14,0,16,5,25,35,0,65,0,0,0,65
08/23/2021,EVV,IN,AGL,CE,Combined TRACON& Tower with Radar,4,28,22,8,62,0,0,16,0,16,4,28,38,8,78,16,8,24,102
08/24/2021,EVV,IN,AGL,CE,Combined TRACON& Tower with Radar,5,19,25,0,49,0,4,17,0,21,5,23,42,0,70,8,0,8,78
08/25/2021,EVV,IN,AGL,CE,Combined TRACON& Tower with Radar,3,25,17,2,47,0,2,51,2,55,3,27,68,4,102,0,0,0,102
08/26/2021,EVV,IN,AGL,CE,Combined TRACON& Tower with Radar,5,30,16,5,56,0,16,15,0,31,5,46,31,5,87,14,6,20,107
08/27/2021,EVV,IN,AGL,CE,Combined TRACON& Tower with Radar,3,29,22,34,88,0,0,30,1,31,3,29,52,35,119,16,37,53,172
08/28/2021,EVV,IN,AGL,CE,Combined TRACON& Tower with Radar,4,24,17,0,45,0,2,35,0,37,4,26,52,0,82,18,0,18,100
08/29/2021,EVV,IN,AGL,CE,Combined TRACON& Tower with Radar,5,23,25,0,53,0,4,28,0,32,5,27,53,0,85,32,0,32,117
08/30/2021,EVV,IN,AGL,CE,Combined TRACON& Tower with Radar,3,23,18,0,44,0,1,5,0,6,3,24,23,0,50,0,0,0,50
08/31/2021,EVV,IN,AGL,CE,Combined TRACON& Tower with Radar,4,24,21,6,55,0,1,3,0,4,4,25,24,6,59,1,0,1,60
09/01/2021,EVV,IN,AGL,CE,Combined TRACON& Tower with Radar,3,22,25,0,50,0,8,21,0,29,3,30,46,0,79,5,0,5,84
09/02/2021,EVV,IN,AGL,CE,Combined TRACON& Tower with Radar,5,23,29,0,57,0,5,15,2,22,5,28,44,2,79,16,0,16,95
09/03/2021,EVV,IN,AGL,CE,Combined TRACON& Tower with Radar,4,23,13,1,41,0,6,40,0,46,4,29,53,1,87,30,0,30,117
09/04/2021,EVV,IN,AGL,CE,Combined TRACON& Tower with Radar,4,20,5,1,30,0,1,4,0,5,4,21,9,1,35,0,0,0,35
09/05/2021,EVV,IN,AGL,CE,Combined TRACON& Tower with Radar,6,23,15,0,44,0,5,8,0,13,6,28,23,0,57,31,0,31,88
09/06/2021,EVV,IN,AGL,CE,Combined TRACON& Tower with Radar,3,19,12,0,34,0,6,19,0,25,3,25,31,0,59,0,0,0,59
09/07/2021,EVV,IN,AGL,CE,Combined TRACON& Tower with Radar,3,25,12,3,43,0,2,16,1,19,3,27,28,4,62,35,0,35,97
09/08/2021,EVV,IN,AGL,CE,Combined TRACON& Tower with Radar,4,23,21,6,54,0,6,31,2,39,4,29,52,8,93,14,0,14,107
09/09/2021,EVV,IN,AGL,CE,Combined TRACON& Tower with Radar,7,22,23,9,61,0,9,21,0,30,7,31,44,9,91,6,0,6,97
09/10/2021,EVV,IN,AGL,CE,Combined TRACON& Tower with Radar,3,31,19,16,69,0,0,24,3,27,3,31,43,19,96,15,36,51,147
09/11/2021,EVV,IN,AGL,CE,Combined TRACON& Tower with Radar,5,21,8,0,34,0,0,17,1,18,5,21,25,1,52,8,0,8,60
09/12/2021,EVV,IN,AGL,CE,Combined TRACON& Tower with Radar,6,20,11,5,42,0,1,16,0,17,6,21,27,5,59,16,6,22,81
09/13/2021,EVV,IN,AGL,CE,Combined TRACON& Tower with Radar,3,29,13,7,52,0,7,16,2,25,3,36,29,9,77,0,0,0,77
09/14/2021,EVV,IN,AGL,CE,Combined TRACON& Tower with Radar,3,23,28,6,60,0,4,14,1,19,3,27,42,7,79,14,0,14,93
09/15/2021,EVV,IN,AGL,CE,Combined TRACON& Tower with Radar,3,27,14,2,46,0,0,6,0,6,3,27,20,2,52,12,0,12,64
09/16/2021,EVV,IN,AGL,CE,Combined TRACON& Tower with Radar,5,30,34,4,73,0,0,16,3,19,5,30,50,7,92,0,0,0,92
09/17/2021,EVV,IN,AGL,CE,Combined TRACON& Tower with Radar,3,26,21,2,52,0,4,15,2,21,3,30,36,4,73,24,2,26,99
09/18/2021,EVV,IN,AGL,CE,Combined TRACON& Tower with Radar,4,21,10,0,35,0,0,24,0,24,4,21,34,0,59,16,0,16,75
09/19/2021,EVV,IN,AGL,CE,Combined TRACON& Tower with Radar,5,19,18,0,42,0,1,10,0,11,5,20,28,0,53,0,0,0,53
09/20/2021,EVV,IN,AGL,CE,Combined TRACON& Tower with Radar,4,32,26,1,63,0,2,7,1,10,4,34,33,2,73,0,0,0,73
09/21/2021,EVV,IN,AGL,CE,Combined TRACON& Tower with Radar,4,24,22,0,50,0,1,1,0,2,4,25,23,0,52,0,0,0,52
09/22/2021,EVV,IN,AGL,CE,Combined TRACON& Tower with Radar,3,24,19,0,46,0,1,1,0,2,3,25,20,0,48,0,0,0,48
09/23/2021,EVV,IN,AGL,CE,Combined TRACON& Tower with Radar,6,23,21,0,50,0,15,13,0,28,6,38,34,0,78,26,0,26,104
09/24/2021,EVV,IN,AGL,CE,Combined TRACON& Tower with Radar,3,22,21,0,46,0,7,30,2,39,3,29,51,2,85,0,0,0,85
09/25/2021,EVV,IN,AGL,CE,Combined TRACON& Tower with Radar,4,18,26,0,48,0,1,17,0,18,4,19,43,0,66,18,0,18,84
09/26/2021,EVV,IN,AGL,CE,Combined TRACON& Tower with Radar,5,20,19,0,44,0,12,16,0,28,5,32,35,0,72,0,0,0,72
09/27/2021,EVV,IN,AGL,CE,Combined TRACON& Tower with Radar,3,33,28,21,85,0,6,11,0,17,3,39,39,21,102,0,14,14,116
09/28/2021,EVV,IN,AGL,CE,Combined TRACON& Tower with Radar,3,27,12,11,53,0,5,21,0,26,3,32,33,11,79,36,0,36,115
09/29/2021,EVV,IN,AGL,CE,Combined TRACON& Tower with Radar,3,23,17,5,48,0,3,22,4,29,3,26,39,9,77,2,0,2,79
09/30/2021,EVV,IN,AGL,CE,Combined TRACON& Tower with Radar,5,28,19,24,76,0,14,19,0,33,5,42,38,24,109,14,9,23,132
10/01/2021,EVV,IN,AGL,CE,Combined TRACON& Tower with Radar,3,25,23,0,51,0,9,18,2,29,3,34,41,2,80,63,0,63,143
10/02/2021,EVV,IN,AGL,CE,Combined TRACON& Tower with Radar,4,25,6,0,35,0,1,3,0,4,4,26,9,0,39,20,0,20,59
10/03/2021,EVV,IN,AGL,CE,Combined TRACON& Tower with Radar,5,34,19,0,58,0,1,3,0,4,5,35,22,0,62,16,0,16,78
10/04/2021,EVV,IN,AGL,CE,Combined TRACON& Tower with Radar,3,44,26,15,88,0,1,12,7,20,3,45,38,22,108,44,32,76,184
10/05/2021,EVV,IN,AGL,CE,Combined TRACON& Tower with Radar,3,43,32,15,93,0,2,10,2,14,3,45,42,17,107,16,27,43,150
10/06/2021,EVV,IN,AGL,CE,Combined TRACON& Tower with Radar,4,30,22,0,56,0,0,2,0,2,4,30,24,0,58,0,0,0,58
10/07/2021,EVV,IN,AGL,CE,Combined TRACON& Tower with Radar,5,27,25,0,57,0,4,3,0,7,5,31,28,0,64,0,0,0,64
10/08/2021,EVV,IN,AGL,CE,Combined TRACON& Tower with Radar,3,43,28,6,80,0,4,20,0,24,3,47,48,6,104,16,14,30,134
10/09/2021,EVV,IN,AGL,CE,Combined TRACON& Tower with Radar,5,24,12,0,41,0,12,27,0,39,5,36,39,0,80,19,0,19,99
10/10/2021,EVV,IN,AGL,CE,Combined TRACON& Tower with Radar,5,17,11,1,34,0,12,26,0,38,5,29,37,1,72,32,0,32,104
10/11/2021,EVV,IN,AGL,CE,Combined TRACON& Tower with Radar,7,16,10,0,33,0,7,3,0,10,7,23,13,0,43,28,0,28,71
10/12/2021,EVV,IN,AGL,CE,Combined TRACON& Tower with Radar,6,39,21,23,89,0,7,15,1,23,6,46,36,24,112,10,14,24,136
10/13/2021,EVV,IN,AGL,CE,Combined TRACON& Tower with Radar,4,38,24,35,101,0,6,5,3,14,4,44,29,38,115,8,38,46,161
10/14/2021,EVV,IN,AGL,CE,Combined TRACON& Tower with Radar,8,38,20,8,74,0,3,11,0,14,8,41,31,8,88,19,5,24,112
10/15/2021,EVV,IN,AGL,CE,Combined TRACON& Tower with Radar,6,17,10,8,41,0,0,5,0,5,6,17,15,8,46,21,5,26,72
10/16/2021,EVV,IN,AGL,CE,Combined TRACON& Tower with Radar,5,20,8,0,33,0,18,20,0,38,5,38,28,0,71,44,0,44,115
10/17/2021,EVV,IN,AGL,CE,Combined TRACON& Tower with Radar,8,19,14,0,41,0,12,24,0,36,8,31,38,0,77,0,0,0,77
10/18/2021,EVV,IN,AGL,CE,Combined TRACON& Tower with Radar,5,20,12,1,38,0,5,20,2,27,5,25,32,3,65,11,0,11,76
10/19/2021,EVV,IN,AGL,CE,Combined TRACON& Tower with Radar,6,17,17,4,44,0,4,24,0,28,6,21,41,4,72,39,0,39,111
10/20/2021,EVV,IN,AGL,CE,Combined TRACON& Tower with Radar,6,33,21,0,60,0,12,19,0,31,6,45,40,0,91,46,0,46,137
10/21/2021,EVV,IN,AGL,CE,Combined TRACON& Tower with Radar,5,41,28,2,76,0,7,7,0,14,5,48,35,2,90,0,0,0,90
10/22/2021,EVV,IN,AGL,CE,Combined TRACON& Tower with Radar,6,26,30,7,69,0,3,12,3,18,6,29,42,10,87,41,20,61,148
10/23/2021,EVV,IN,AGL,CE,Combined TRACON& Tower with Radar,4,26,13,0,43,0,2,13,0,15,4,28,26,0,58,10,0,10,68
10/24/2021,EVV,IN,AGL,CE,Combined TRACON& Tower with Radar,7,16,17,0,40,0,6,6,0,12,7,22,23,0,52,0,0,0,52
10/25/2021,EVV,IN,AGL,CE,Combined TRACON& Tower with Radar,6,28,16,6,56,0,2,0,0,2,6,30,16,6,58,8,0,8,66
10/26/2021,EVV,IN,AGL,CE,Combined TRACON& Tower with Radar,6,24,18,6,54,0,11,20,0,31,6,35,38,6,85,24,0,24,109
10/27/2021,EVV,IN,AGL,CE,Combined TRACON& Tower with Radar,6,28,40,22,96,0,10,20,0,30,6,38,60,22,126,51,2,53,179
10/28/2021,EVV,IN,AGL,CE,Combined TRACON& Tower with Radar,6,21,20,0,47,0,1,0,0,1,6,22,20,0,48,0,0,0,48
10/29/2021,EVV,IN,AGL,CE,Combined TRACON& Tower with Radar,5,26,25,6,62,0,4,4,0,8,5,30,29,6,70,29,0,29,99
10/30/2021,EVV,IN,AGL,CE,Combined TRACON& Tower with Radar,4,21,13,0,38,0,1,1,0,2,4,22,14,0,40,0,0,0,40
10/31/2021,EVV,IN,AGL,CE,Combined TRACON& Tower with Radar,3,21,26,0,50,0,7,17,0,24,3,28,43,0,74,25,0,25,99
11/01/2021,EVV,IN,AGL,CE,Combined TRACON& Tower with Radar,6,25,22,17,70,0,3,33,1,37,6,28,55,18,107,37,33,70,177
11/02/2021,EVV,IN,AGL,CE,Combined TRACON& Tower with Radar,3,22,3,0,28,0,9,16,0,25,3,31,19,0,53,10,0,10,63
11/03/2021,EVV,IN,AGL,CE,Combined TRACON& Tower with Radar,4,19,22,13,58,0,6,18,2,26,4,25,40,15,84,89,12,101,185
11/04/2021,EVV,IN,AGL,CE,Combined TRACON& Tower with Radar,7,23,16,1,47,0,7,20,0,27,7,30,36,1,74,24,0,24,98
11/05/2021,EVV,IN,AGL,CE,Combined TRACON& Tower with Radar,5,22,19,8,54,0,9,23,0,32,5,31,42,8,86,42,25,67,153
11/06/2021,EVV,IN,AGL,CE,Combined TRACON& Tower with Radar,4,16,12,0,32,0,8,18,1,27,4,24,30,1,59,33,0,33,92
11/07/2021,EVV,IN,AGL,CE,Combined TRACON& Tower with Radar,5,19,28,0,52,0,2,23,0,25,5,21,51,0,77,15,0,15,92
11/08/2021,EVV,IN,AGL,CE,Combined TRACON& Tower with Radar,3,22,18,18,61,0,9,14,6,29,3,31,32,24,90,43,58,101,191
11/09/2021,EVV,IN,AGL,CE,Combined TRACON& Tower with Radar,3,24,22,2,51,0,7,10,0,17,3,31,32,2,68,22,0,22,90
11/10/2021,EVV,IN,AGL,CE,Combined TRACON& Tower with Radar,3,26,25,10,64,0,9,15,0,24,3,35,40,10,88,11,15,26,114
11/11/2021,EVV,IN,AGL,CE,Combined TRACON& Tower with Radar,3,22,16,0,41,0,2,7,0,9,3,24,23,0,50,0,0,0,50
11/12/2021,EVV,IN,AGL,CE,Combined TRACON& Tower with Radar,3,20,23,2,48,0,3,12,0,15,3,23,35,2,63,0,8,8,71
11/13/2021,EVV,IN,AGL,CE,Combined TRACON& Tower with Radar,4,15,13,0,32,0,0,5,0,5,4,15,18,0,37,0,0,0,37
11/14/2021,EVV,IN,AGL,CE,Combined TRACON& Tower with Radar,3,19,17,0,39,0,0,6,0,6,3,19,23,0,45,0,0,0,45
11/15/2021,EVV,IN,AGL,CE,Combined TRACON& Tower with Radar,3,21,13,20,57,0,14,25,0,39,3,35,38,20,96,35,33,68,164
11/16/2021,EVV,IN,AGL,CE,Combined TRACON& Tower with Radar,3,30,14,12,59,0,5,25,0,30,3,35,39,12,89,31,0,31,120
11/17/2021,EVV,IN,AGL,CE,Combined TRACON& Tower with Radar,6,21,17,0,44,0,0,5,0,5,6,21,22,0,49,0,0,0,49
11/18/2021,EVV,IN,AGL,CE,Combined TRACON& Tower with Radar,5,21,13,7,46,0,11,11,1,23,5,32,24,8,69,39,5,44,113
11/19/2021,EVV,IN,AGL,CE,Combined TRACON& Tower with Radar,4,26,24,14,68,0,15,21,0,36,4,41,45,14,104,34,0,34,138
11/20/2021,EVV,IN,AGL,CE,Combined TRACON& Tower with Radar,3,14,14,8,39,0,4,28,0,32,3,18,42,8,71,52,8,60,131
11/21/2021,EVV,IN,AGL,CE,Combined TRACON& Tower with Radar,6,19,15,0,40,0,2,0,1,3,6,21,15,1,43,0,0,0,43
11/22/2021,EVV,IN,AGL,CE,Combined TRACON& Tower with Radar,5,19,26,16,66,0,2,24,0,26,5,21,50,16,92,57,14,71,163
11/23/2021,EVV,IN,AGL,CE,Combined TRACON& Tower with Radar,5,21,28,2,56,0,2,51,0,53,5,23,79,2,109,90,0,90,199
11/24/2021,EVV,IN,AGL,CE,Combined TRACON& Tower with Radar,4,23,15,0,42,0,3,15,0,18,4,26,30,0,60,7,0,7,67
11/25/2021,EVV,IN,AGL,CE,Combined TRACON& Tower with Radar,2,10,4,0,16,0,0,0,0,0,2,10,4,0,16,0,0,0,16
11/26/2021,EVV,IN,AGL,CE,Combined TRACON& Tower with Radar,2,18,10,0,30,0,2,9,0,11,2,20,19,0,41,22,0,22,63
11/27/2021,EVV,IN,AGL,CE,Combined TRACON& Tower with Radar,6,15,17,2,40,0,4,14,0,18,6,19,31,2,58,10,0,10,68
11/28/2021,EVV,IN,AGL,CE,Combined TRACON& Tower with Radar,5,19,16,0,40,0,5,11,0,16,5,24,27,0,56,18,0,18,74
11/29/2021,EVV,IN,AGL,CE,Combined TRACON& Tower with Radar,3,24,20,15,62,0,19,16,0,35,3,43,36,15,97,19,22,41,138
11/30/2021,EVV,IN,AGL,CE,Combined TRACON& Tower with Radar,4,21,18,0,43,6,0,16,0,22,10,21,34,0,65,54,0,54,119
12/01/2021,EVV,IN,AGL,CE,Combined TRACON& Tower with Radar,3,22,15,12,52,0,5,11,0,16,3,27,26,12,68,11,10,21,89
12/02/2021,EVV,IN,AGL,CE,Combined TRACON& Tower with Radar,6,23,14,1,44,0,7,20,2,29,6,30,34,3,73,52,0,52,125
12/03/2021,EVV,IN,AGL,CE,Combined TRACON& Tower with Radar,3,20,14,0,37,0,15,26,0,41,3,35,40,0,78,34,0,34,112
12/04/2021,EVV,IN,AGL,CE,Combined TRACON& Tower with Radar,4,15,13,19,51,0,10,31,1,42,4,25,44,20,93,62,43,105,198
12/05/2021,EVV,IN,AGL,CE,Combined TRACON& Tower with Radar,5,16,11,6,38,0,4,2,0,6,5,20,13,6,44,0,37,37,81
12/06/2021,EVV,IN,AGL,CE,Combined TRACON& Tower with Radar,3,14,12,0,29,0,3,8,0,11,3,17,20,0,40,20,0,20,60
12/07/2021,EVV,IN,AGL,CE,Combined TRACON& Tower with Radar,4,16,15,0,35,0,0,26,0,26,4,16,41,0,61,17,0,17,78
12/08/2021,EVV,IN,AGL,CE,Combined TRACON& Tower with Radar,4,20,22,0,46,0,7,19,0,26,4,27,41,0,72,53,0,53,125
12/09/2021,EVV,IN,AGL,CE,Combined TRACON& Tower with Radar,5,27,14,3,49,0,2,7,1,10,5,29,21,4,59,0,2,2,61
12/10/2021,EVV,IN,AGL,CE,Combined TRACON& Tower with Radar,6,24,10,0,40,0,0,0,0,0,6,24,10,0,40,0,0,0,40
12/11/2021,EVV,IN,AGL,CE,Combined TRACON& Tower with Radar,4,10,7,0,21,0,0,3,0,3,4,10,10,0,24,0,0,0,24
12/12/2021,EVV,IN,AGL,CE,Combined TRACON& Tower with Radar,5,17,31,0,53,0,4,45,2,51,5,21,76,2,104,26,0,26,130
12/13/2021,EVV,IN,AGL,CE,Combined TRACON& Tower with Radar,4,18,22,0,44,0,5,44,0,49,4,23,66,0,93,74,13,87,180
12/14/2021,EVV,IN,AGL,CE,Combined TRACON& Tower with Radar,3,16,14,5,38,0,5,27,0,32,3,21,41,5,70,61,16,77,147
12/15/2021,EVV,IN,AGL,CE,Combined TRACON& Tower with Radar,3,20,22,0,45,0,0,9,0,9,3,20,31,0,54,38,0,38,92
12/16/2021,EVV,IN,AGL,CE,Combined TRACON& Tower with Radar,6,17,15,0,38,0,2,0,0,2,6,19,15,0,40,0,0,0,40
12/17/2021,EVV,IN,AGL,CE,Combined TRACON& Tower with Radar,4,18,10,0,32,0,1,2,0,3,4,19,12,0,35,0,0,0,35
12/18/2021,EVV,IN,AGL,CE,Combined TRACON& Tower with Radar,2,22,3,0,27,0,1,0,0,1,2,23,3,0,28,0,0,0,28
12/19/2021,EVV,IN,AGL,CE,Combined TRACON& Tower with Radar,6,20,14,0,40,0,3,20,0,23,6,23,34,0,63,16,0,16,79
12/20/2021,EVV,IN,AGL,CE,Combined TRACON& Tower with Radar,4,17,11,0,32,8,0,24,0,32,12,17,35,0,64,42,0,42,106
12/21/2021,EVV,IN,AGL,CE,Combined TRACON& Tower with Radar,6,22,16,0,44,0,9,18,2,29,6,31,34,2,73,12,0,12,85
12/22/2021,EVV,IN,AGL,CE,Combined TRACON& Tower with Radar,4,18,21,0,43,0,2,30,0,32,4,20,51,0,75,8,0,8,83
12/23/2021,EVV,IN,AGL,CE,Combined TRACON& Tower with Radar,6,19,13,0,38,0,2,14,0,16,6,21,27,0,54,10,0,10,64
12/24/2021,EVV,IN,AGL,CE,Combined TRACON& Tower with Radar,4,13,9,0,26,0,0,2,0,2,4,13,11,0,28,10,0,10,38
12/25/2021,EVV,IN,AGL,CE,Combined TRACON& Tower with Radar,2,18,5,0,25,0,1,2,0,3,2,19,7,0,28,0,0,0,28
12/26/2021,EVV,IN,AGL,CE,Combined TRACON& Tower with Radar,6,14,21,0,41,0,2,4,0,6,6,16,25,0,47,0,0,0,47
12/27/2021,EVV,IN,AGL,CE,Combined TRACON& Tower with Radar,4,14,13,0,31,0,0,8,0,8,4,14,21,0,39,23,0,23,62
12/28/2021,EVV,IN,AGL,CE,Combined TRACON& Tower with Radar,6,21,8,2,37,0,1,0,0,1,6,22,8,2,38,0,0,0,38
12/29/2021,EVV,IN,AGL,CE,Combined TRACON& Tower with Radar,4,17,5,0,26,0,2,1,0,3,4,19,6,0,29,32,0,32,61
12/30/2021,EVV,IN,AGL,CE,Combined TRACON& Tower with Radar,6,17,14,0,37,0,0,0,0,0,6,17,14,0,37,0,0,0,37
12/31/2021,EVV,IN,AGL,CE,Combined TRACON& Tower with Radar,4,17,13,0,34,0,1,4,0,5,4,18,17,0,39,0,0,0,39
01/01/2022,EVV,IN,AGL,CE,Combined TRACON& Tower with Radar,1,15,4,0,20,0,0,0,0,0,1,15,4,0,20,0,0,0,20
01/02/2022,EVV,IN,AGL,CE,Combined TRACON& Tower with Radar,6,15,3,0,24,0,1,0,1,2,6,16,3,1,26,0,0,0,26
01/03/2022,EVV,IN,AGL,CE,Combined TRACON& Tower with Radar,4,13,12,5,34,0,2,12,3,17,4,15,24,8,51,53,0,53,104
01/04/2022,EVV,IN,AGL,CE,Combined TRACON& Tower with Radar,2,14,10,7,33,0,3,11,11,25,2,17,21,18,58,26,5,31,89
01/05/2022,EVV,IN,AGL,CE,Combined TRACON& Tower with Radar,5,19,13,10,47,0,1,8,0,9,5,20,21,10,56,0,0,0,56
01/06/2022,EVV,IN,AGL,CE,Combined TRACON& Tower with Radar,7,10,1,0,18,0,2,0,0,2,7,12,1,0,20,0,0,0,20
01/07/2022,EVV,IN,AGL,CE,Combined TRACON& Tower with Radar,5,13,9,0,27,0,5,10,0,15,5,18,19,0,42,14,0,14,56
01/08/2022,EVV,IN,AGL,CE,Combined TRACON& Tower with Radar,5,13,4,0,22,0,3,7,0,10,5,16,11,0,32,8,0,8,40
01/09/2022,EVV,IN,AGL,CE,Combined TRACON& Tower with Radar,7,17,5,0,29,0,1,3,0,4,7,18,8,0,33,0,0,0,33
01/10/2022,EVV,IN,AGL,CE,Combined TRACON& Tower with Radar,6,13,10,0,29,0,6,11,0,17,6,19,21,0,46,47,0,47,93
01/11/2022,EVV,IN,AGL,CE,Combined TRACON& Tower with Radar,7,23,25,0,55,0,7,27,0,34,7,30,52,0,89,0,0,0,89
01/12/2022,EVV,IN,AGL,CE,Combined TRACON& Tower with Radar,7,16,16,2,41,0,13,19,0,32,7,29,35,2,73,2,0,2,75
01/13/2022,EVV,IN,AGL,CE,Combined TRACON& Tower with Radar,10,21,15,7,53,0,7,20,2,29,10,28,35,9,82,47,5,52,134
01/14/2022,EVV,IN,AGL,CE,Combined TRACON& Tower with Radar,8,12,25,0,45,0,0,0,0,0,8,12,25,0,45,0,0,0,45
01/15/2022,EVV,IN,AGL,CE,Combined TRACON& Tower with Radar,5,10,5,0,20,0,2,1,2,5,5,12,6,2,25,22,0,22,47
01/16/2022,EVV,IN,AGL,CE,Combined TRACON& Tower with Radar,7,8,10,0,25,0,7,15,0,22,7,15,25,0,47,18,0,18,65
01/17/2022,EVV,IN,AGL,CE,Combined TRACON& Tower with Radar,7,11,4,0,22,0,2,0,2,4,7,13,4,2,26,33,0,33,59
01/18/2022,EVV,IN,AGL,CE,Combined TRACON& Tower with Radar,7,21,12,0,40,0,6,15,2,23,7,27,27,2,63,22,0,22,85
01/19/2022,EVV,IN,AGL,CE,Combined TRACON& Tower with Radar,7,13,16,0,36,0,2,0,0,2,7,15,16,0,38,0,0,0,38
01/20/2022,EVV,IN,AGL,CE,Combined TRACON& Tower with Radar,10,20,16,27,73,0,3,10,4,17,10,23,26,31,90,4,12,16,106
01/21/2022,EVV,IN,AGL,CE,Combined TRACON& Tower with Radar,7,14,18,2,41,0,6,13,3,22,7,20,31,5,63,15,0,15,78
01/22/2022,EVV,IN,AGL,CE,Combined TRACON& Tower with Radar,5,15,5,0,25,0,5,27,0,32,5,20,32,0,57,55,0,55,112
01/23/2022,EVV,IN,AGL,CE,Combined TRACON& Tower with Radar,11,13,5,0,29,0,2,4,0,6,11,15,9,0,35,24,0,24,59
01/24/2022,EVV,IN,AGL,CE,Combined TRACON& Tower with Radar,8,10,13,4,35,0,2,14,1,17,8,12,27,5,52,49,0,49,101
01/25/2022,EVV,IN,AGL,CE,Combined TRACON& Tower with Radar,7,17,26,11,61,0,4,21,1,26,7,21,47,12,87,14,27,41,128
01/26/2022,EVV,IN,AGL,CE,Combined TRACON& Tower with Radar,7,15,21,2,45,0,8,12,0,20,7,23,33,2,65,0,0,0,65
01/27/2022,EVV,IN,AGL,CE,Combined TRACON& Tower with Radar,10,15,13,1,39,0,0,11,0,11,10,15,24,1,50,16,0,16,66
01/28/2022,EVV,IN,AGL,CE,Combined TRACON& Tower with Radar,5,13,10,6,34,0,2,3,0,5,5,15,13,6,39,21,0,21,60
01/29/2022,EVV,IN,AGL,CE,Combined TRACON& Tower with Radar,5,14,13,0,32,0,15,32,0,47,5,29,45,0,79,71,0,71,150
01/30/2022,EVV,IN,AGL,CE,Combined TRACON& Tower with Radar,9,12,8,0,29,0,8,14,0,22,9,20,22,0,51,8,0,8,59
01/31/2022,EVV,IN,AGL,CE,Combined TRACON& Tower with Radar,7,13,20,10,50,0,15,41,1,57,7,28,61,11,107,36,13,49,156
02/01/2022,EVV,IN,AGL,CE,Combined TRACON& Tower with Radar,7,14,21,9,51,0,4,19,3,26,7,18,40,12,77,49,32,81,158
02/02/2022,EVV,IN,AGL,CE,Combined TRACON& Tower with Radar,6,10,8,0,24,0,0,0,0,0,6,10,8,0,24,0,0,0,24
02/03/2022,EVV,IN,AGL,CE,Combined TRACON& Tower with Radar,10,20,16,27,73,0,3,10,4,17,10,23,26,31,90,0,0,0,90
02/04/2022,EVV,IN,AGL,CE,Combined TRACON& Tower with Radar,4,9,9,0,22,0,5,4,0,9,4,14,13,0,31,0,0,0,31
02/05/2022,EVV,IN,AGL,CE,Combined TRACON& Tower with Radar,3,13,13,0,29,0,3,14,2,19,3,16,27,2,48,0,0,0,48
02/06/2022,EVV,IN,AGL,CE,Combined TRACON& Tower with Radar,8,14,4,0,26,0,2,12,0,14,8,16,16,0,40,22,0,22,62
02/07/2022,EVV,IN,AGL,CE,Combined TRACON& Tower with Radar,7,19,28,0,54,0,4,11,0,15,7,23,39,0,69,29,0,29,98
02/08/2022,EVV,IN,AGL,CE,Combined TRACON& Tower with Radar,7,11,17,0,35,0,6,18,0,24,7,17,35,0,59,57,0,57,116
02/09/2022,EVV,IN,AGL,CE,Combined TRACON& Tower with Radar,9,13,17,10,49,0,3,23,0,26,9,16,40,10,75,0,30,30,105
02/10/2022,EVV,IN,AGL,CE,Combined TRACON& Tower with Radar,11,12,22,1,46,0,4,26,1,31,11,16,48,2,77,40,0,40,117
02/11/2022,EVV,IN,AGL,CE,Combined TRACON& Tower with Radar,7,19,11,11,48,0,0,4,0,4,7,19,15,11,52,19,24,43,95
02/12/2022,EVV,IN,AGL,CE,Combined TRACON& Tower with Radar,5,14,4,0,23,0,0,5,0,5,5,14,9,0,28,0,0,0,28
02/13/2022,EVV,IN,AGL,CE,Combined TRACON& Tower with Radar,7,14,8,2,31,0,1,16,2,19,7,15,24,4,50,13,5,18,68
02/14/2022,EVV,IN,AGL,CE,Combined TRACON& Tower with Radar,7,12,18,0,37,0,13,23,0,36,7,25,41,0,73,86,0,86,159
02/15/2022,EVV,IN,AGL,CE,Combined TRACON& Tower with Radar,11,19,22,6,58,0,2,38,1,41,11,21,60,7,99,47,14,61,160
02/16/2022,EVV,IN,AGL,CE,Combined TRACON& Tower with Radar,7,16,9,1,33,0,0,9,0,9,7,16,18,1,42,2,0,2,44
02/17/2022,EVV,IN,AGL,CE,Combined TRACON& Tower with Radar,6,10,2,0,18,0,1,0,0,1,6,11,2,0,19,0,0,0,19
02/18/2022,EVV,IN,AGL,CE,Combined TRACON& Tower with Radar,8,18,17,6,49,0,10,26,0,36,8,28,43,6,85,60,18,78,163
02/19/2022,EVV,IN,AGL,CE,Combined TRACON& Tower with Radar,6,14,12,0,32,0,15,20,0,35,6,29,32,0,67,85,0,85,152
02/20/2022,EVV,IN,AGL,CE,Combined TRACON& Tower with Radar,7,12,21,0,40,0,2,17,0,19,7,14,38,0,59,56,0,56,115
02/21/2022,EVV,IN,AGL,CE,Combined TRACON& Tower with Radar,6,11,22,0,39,0,4,17,0,21,6,15,39,0,60,55,0,55,115
02/22/2022,EVV,IN,AGL,CE,Combined TRACON& Tower with Radar,6,12,5,0,23,0,2,0,2,4,6,14,5,2,27,0,0,0,27
02/23/2022,EVV,IN,AGL,CE,Combined TRACON& Tower with Radar,4,14,13,0,31,0,4,8,0,12,4,18,21,0,43,31,0,31,74
02/24/2022,EVV,IN,AGL,CE,Combined TRACON& Tower with Radar,7,13,13,0,33,0,0,0,0,0,7,13,13,0,33,0,0,0,33
02/25/2022,EVV,IN,AGL,CE,Combined TRACON& Tower with Radar,7,12,13,10,42,0,3,8,6,17,7,15,21,16,59,10,10,20,79
02/26/2022,EVV,IN,AGL,CE,Combined TRACON& Tower with Radar,6,16,20,2,44,0,11,31,0,42,6,27,51,2,86,73,0,73,159
02/27/2022,EVV,IN,AGL,CE,Combined TRACON& Tower with Radar,9,16,20,0,45,0,10,44,0,54,9,26,64,0,99,51,0,51,150
02/28/2022,EVV,IN,AGL,CE,Combined TRACON& Tower with Radar,7,14,23,2,46,0,12,21,3,36,7,26,44,5,82,45,8,53,135
03/01/2022,EVV,IN,AGL,CE,Combined TRACON& Tower with Radar,6,17,20,13,56,0,15,32,3,50,6,32,52,16,106,56,16,72,178
03/02/2022,EVV,IN,AGL,CE,Combined TRACON& Tower with Radar,5,13,16,21,55,0,11,22,3,36,5,24,38,24,91,45,10,55,146
03/03/2022,EVV,IN,AGL,CE,Combined TRACON& Tower with Radar,9,17,17,16,59,0,10,33,0,43,9,27,50,16,102,51,22,73,175
03/04/2022,EVV,IN,AGL,CE,Combined TRACON& Tower with Radar,10,9,24,6,49,0,6,30,4,40,10,15,54,10,89,12,4,16,105
03/05/2022,EVV,IN,AGL,CE,Combined TRACON& Tower with Radar,5,7,13,0,25,0,4,10,0,14,5,11,23,0,39,0,0,0,39
03/06/2022,EVV,IN,AGL,CE,Combined TRACON& Tower with Radar,9,11,3,0,23,0,2,1,0,3,9,13,4,0,26,17,0,17,43
03/07/2022,EVV,IN,AGL,CE,Combined TRACON& Tower with Radar,5,12,9,2,28,0,2,1,0,3,5,14,10,2,31,0,7,7,38
03/08/2022,EVV,IN,AGL,CE,Combined TRACON& Tower with Radar,5,7,26,0,38,0,3,12,0,15,5,10,38,0,53,41,0,41,94
03/09/2022,EVV,IN,AGL,CE,Combined TRACON& Tower with Radar,5,9,18,3,35,0,6,37,3,46,5,15,55,6,81,20,6,26,107
03/10/2022,EVV,IN,AGL,CE,Combined TRACON& Tower with Radar,5,13,28,37,83,0,11,29,2,42,5,24,57,39,125,28,39,67,192
03/11/2022,EVV,IN,AGL,CE,Combined TRACON& Tower with Radar,7,14,14,3,38,0,2,2,0,4,7,16,16,3,42,6,0,6,48
03/12/2022,EVV,IN,AGL,CE,Combined TRACON& Tower with Radar,9,5,8,0,22,0,7,5,0,12,9,12,13,0,34,0,0,0,34
03/13/2022,EVV,IN,AGL,CE,Combined TRACON& Tower with Radar,6,7,4,0,17,0,2,6,0,8,6,9,10,0,25,0,0,0,25
03/14/2022,EVV,IN,AGL,CE,Combined TRACON& Tower with Radar,5,11,18,0,34,0,10,18,0,28,5,21,36,0,62,85,0,85,147
03/15/2022,EVV,IN,AGL,CE,Combined TRACON& Tower with Radar,5,11,16,15,47,0,10,26,1,37,5,21,42,16,84,51,33,84,168
03/16/2022,EVV,IN,AGL,CE,Combined TRACON& Tower with Radar,4,13,19,2,38,0,8,23,0,31,4,21,42,2,69,23,0,23,92
03/17/2022,EVV,IN,AGL,CE,Combined TRACON& Tower with Radar,7,21,10,6,44,0,6,22,0,28,7,27,32,6,72,80,0,80,152
03/18/2022,EVV,IN,AGL,CE,Combined TRACON& Tower with Radar,5,14,15,0,34,0,3,7,0,10,5,17,22,0,44,40,0,40,84
03/19/2022,EVV,IN,AGL,CE,Combined TRACON& Tower with Radar,6,7,8,0,21,0,1,0,0,1,6,8,8,0,22,8,0,8,30
03/20/2022,EVV,IN,AGL,CE,Combined TRACON& Tower with Radar,4,15,29,0,48,0,3,28,0,31,4,18,57,0,79,0,0,0,79
03/21/2022,EVV,IN,AGL,CE,Combined TRACON& Tower with Radar,3,11,14,4,32,0,1,16,0,17,3,12,30,4,49,14,4,18,67
03/22/2022,EVV,IN,AGL,CE,Combined TRACON& Tower with Radar,3,9,15,0,27,0,0,0,0,0,3,9,15,0,27,0,0,0,27
03/23/2022,EVV,IN,AGL,CE,Combined TRACON& Tower with Radar,3,10,13,0,26,0,0,2,0,2,3,10,15,0,28,0,0,0,28
03/24/2022,EVV,IN,AGL,CE,Combined TRACON& Tower with Radar,10,8,10,0,28,0,1,6,1,8,10,9,16,1,36,0,0,0,36
03/25/2022,EVV,IN,AGL,CE,Combined TRACON& Tower with Radar,4,13,11,0,28,0,1,7,4,12,4,14,18,4,40,32,0,32,72
03/26/2022,EVV,IN,AGL,CE,Combined TRACON& Tower with Radar,7,5,15,4,31,0,6,9,1,16,7,11,24,5,47,37,8,45,92
03/27/2022,EVV,IN,AGL,CE,Combined TRACON& Tower with Radar,6,12,21,0,39,0,1,26,0,27,6,13,47,0,66,39,0,39,105
03/28/2022,EVV,IN,AGL,CE,Combined TRACON& Tower with Radar,9,9,22,0,40,0,12,32,0,44,9,21,54,0,84,47,0,47,131
03/29/2022,EVV,IN,AGL,CE,Combined TRACON& Tower with Radar,4,14,21,0,39,0,3,17,1,21,4,17,38,1,60,104,0,104,164
03/30/2022,EVV,IN,AGL,CE,Combined TRACON& Tower with Radar,4,11,11,2,28,0,1,0,0,1,4,12,11,2,29,0,0,0,29
03/31/2022,EVV,IN,AGL,CE,Combined TRACON& Tower with Radar,5,11,17,6,39,0,1,9,0,10,5,12,26,6,49,33,0,33,82
04/01/2022,EVV,IN,AGL,CE,Combined TRACON& Tower with Radar,7,11,11,2,31,0,8,18,0,26,7,19,29,2,57,60,0,60,117
04/02/2022,EVV,IN,AGL,CE,Combined TRACON& Tower with Radar,7,6,18,0,31,0,6,22,0,28,7,12,40,0,59,13,0,13,72
04/03/2022,EVV,IN,AGL,CE,Combined TRACON& Tower with Radar,7,13,15,0,35,0,11,23,2,36,7,24,38,2,71,47,0,47,118
04/04/2022,EVV,IN,AGL,CE,Combined TRACON& Tower with Radar,6,13,18,0,37,0,3,16,0,19,6,16,34,0,56,23,0,23,79
04/05/2022,EVV,IN,AGL,CE,Combined TRACON& Tower with Radar,7,8,15,0,30,0,0,4,0,4,7,8,19,0,34,5,0,5,39
04/06/2022,EVV,IN,AGL,CE,Combined TRACON& Tower with Radar,8,14,18,8,48,0,1,14,0,15,8,15,32,8,63,13,34,47,110
04/07/2022,EVV,IN,AGL,CE,Combined TRACON& Tower with Radar,9,9,15,2,35,0,3,16,0,19,9,12,31,2,54,0,0,0,54
04/08/2022,EVV,IN,AGL,CE,Combined TRACON& Tower with Radar,7,13,14,0,34,0,2,7,0,9,7,15,21,0,43,38,0,38,81
04/09/2022,EVV,IN,AGL,CE,Combined TRACON& Tower with Radar,8,9,12,0,29,0,4,15,0,19,8,13,27,0,48,18,0,18,66
04/10/2022,EVV,IN,AGL,CE,Combined TRACON& Tower with Radar,10,10,14,0,34,0,5,26,0,31,10,15,40,0,65,4,0,4,69
04/11/2022,EVV,IN,AGL,CE,Combined TRACON& Tower with Radar,7,13,12,0,32,0,0,0,0,0,7,13,12,0,32,35,0,35,67
04/12/2022,EVV,IN,AGL,CE,Combined TRACON& Tower with Radar,5,24,21,0,50,0,1,3,0,4,5,25,24,0,54,0,0,0,54
04/13/2022,EVV,IN,AGL,CE,Combined TRACON& Tower with Radar,7,14,10,0,31,0,2,0,0,2,7,16,10,0,33,0,0,0,33
04/14/2022,EVV,IN,AGL,CE,Combined TRACON& Tower with Radar,10,17,26,6,59,0,11,41,0,52,10,28,67,6,111,48,16,64,175
04/15/2022,EVV,IN,AGL,CE,Combined TRACON& Tower with Radar,9,15,25,9,58,0,2,27,3,32,9,17,52,12,90,102,42,144,234
04/16/2022,EVV,IN,AGL,CE,Combined TRACON& Tower with Radar,7,13,9,2,31,0,4,32,0,36,7,17,41,2,67,50,0,50,117
04/17/2022,EVV,IN,AGL,CE,Combined TRACON& Tower with Radar,9,9,2,0,20,0,4,9,0,13,9,13,11,0,33,24,0,24,57
04/18/2022,EVV,IN,AGL,CE,Combined TRACON& Tower with Radar,7,12,17,0,36,0,8,4,2,14,7,20,21,2,50,34,6,40,90
04/19/2022,EVV,IN,AGL,CE,Combined TRACON& Tower with Radar,7,11,19,4,41,0,11,31,6,48,7,22,50,10,89,44,0,44,133
04/20/2022,EVV,IN,AGL,CE,Combined TRACON& Tower with Radar,7,10,24,0,41,0,4,24,1,29,7,14,48,1,70,36,0,36,106
04/21/2022,EVV,IN,AGL,CE,Combined TRACON& Tower with Radar,8,29,48,0,85,0,1,3,0,4,8,30,51,0,89,0,0,0,89
04/22/2022,EVV,IN,AGL,CE,Combined TRACON& Tower with Radar,9,14,36,24,83,0,17,48,0,65,9,31,84,24,148,63,39,102,250
04/23/2022,EVV,IN,AGL,CE,Combined TRACON& Tower with Radar,10,8,9,0,27,0,2,16,0,18,10,10,25,0,45,8,0,8,53
04/24/2022,EVV,IN,AGL,CE,Combined TRACON& Tower with Radar,7,12,10,0,29,0,4,3,0,7,7,16,13,0,36,19,0,19,55
04/25/2022,EVV,IN,AGL,CE,Combined TRACON& Tower with Radar,7,13,22,2,44,0,10,3,0,13,7,23,25,2,57,16,0,16,73
04/26/2022,EVV,IN,AGL,CE,Combined TRACON& Tower with Radar,7,15,12,0,34,0,4,14,0,18,7,19,26,0,52,18,0,18,70
04/27/2022,EVV,IN,AGL,CE,Combined TRACON& Tower with Radar,8,17,26,3,54,0,6,51,0,57,8,23,77,3,111,32,4,36,147
04/28/2022,EVV,IN,AGL,CE,Combined TRACON& Tower with Radar,9,17,19,0,45,0,11,20,1,32,9,28,39,1,77,36,0,36,113
04/29/2022,EVV,IN,AGL,CE,Combined TRACON& Tower with Radar,8,12,27,0,47,0,4,13,1,18,8,16,40,1,65,29,0,29,94
04/30/2022,EVV,IN,AGL,CE,Combined TRACON& Tower with Radar,9,6,6,0,21,0,3,11,0,14,9,9,17,0,35,33,0,33,68
05/01/2022,EVV,IN,AGL,CE,Combined TRACON& Tower with Radar,10,12,11,0,33,0,8,12,0,20,10,20,23,0,53,32,0,32,85
05/02/2022,EVV,IN,AGL,CE,Combined TRACON& Tower with Radar,7,13,24,0,44,0,8,27,0,35,7,21,51,0,79,32,0,32,111
05/03/2022,EVV,IN,AGL,CE,Combined TRACON& Tower with Radar,9,13,10,0,32,0,1,3,0,4,9,14,13,0,36,0,0,0,36
05/04/2022,EVV,IN,AGL,CE,Combined TRACON& Tower with Radar,7,18,23,2,50,0,7,9,0,16,7,25,32,2,66,46,2,48,114
05/05/2022,EVV,IN,AGL,CE,Combined TRACON& Tower with Radar,9,12,19,4,44,0,4,9,0,13,9,16,28,4,57,55,0,55,112
05/06/2022,EVV,IN,AGL,CE,Combined TRACON& Tower with Radar,7,11,14,0,32,0,2,0,0,2,7,13,14,0,34,0,0,0,34
05/07/2022,EVV,IN,AGL,CE,Combined TRACON& Tower with Radar,5,16,10,0,31,0,3,12,0,15,5,19,22,0,46,23,0,23,69
05/08/2022,EVV,IN,AGL,CE,Combined TRACON& Tower with Radar,10,16,18,0,44,0,0,16,2,18,10,16,34,2,62,10,0,10,72
05/09/2022,EVV,IN,AGL,CE,Combined TRACON& Tower with Radar,8,11,28,6,53,0,3,23,1,27,8,14,51,7,80,39,0,39,119
05/10/2022,EVV,IN,AGL,CE,Combined TRACON& Tower with Radar,7,18,22,0,47,0,4,32,2,38,7,22,54,2,85,53,0,53,138
05/11/2022,EVV,IN,AGL,CE,Combined TRACON& Tower with Radar,8,16,26,0,50,0,2,28,2,32,8,18,54,2,82,45,0,45,127
05/12/2022,EVV,IN,AGL,CE,Combined TRACON& Tower with Radar,9,11,24,0,44,0,8,27,0,35,9,19,51,0,79,5,0,5,84
05/13/2022,EVV,IN,AGL,CE,Combined TRACON& Tower with Radar,8,16,32,7,63,0,4,34,0,38,8,20,66,7,101,71,0,71,172
05/14/2022,EVV,IN,AGL,CE,Combined TRACON& Tower with Radar,5,12,10,0,27,0,4,22,0,26,5,16,32,0,53,19,0,19,72
05/15/2022,EVV,IN,AGL,CE,Combined TRACON& Tower with Radar,9,10,9,1,29,0,2,14,2,18,9,12,23,3,47,0,0,0,47
05/16/2022,EVV,IN,AGL,CE,Combined TRACON& Tower with Radar,7,10,23,10,50,0,5,15,0,20,7,15,38,10,70,10,0,10,80
05/17/2022,EVV,IN,AGL,CE,Combined TRACON& Tower with Radar,7,15,19,0,41,0,7,31,0,38,7,22,50,0,79,67,0,67,146
05/18/2022,EVV,IN,AGL,CE,Combined TRACON& Tower with Radar,8,10,20,0,38,0,6,6,0,12,8,16,26,0,50,2,0,2,52
05/19/2022,EVV,IN,AGL,CE,Combined TRACON& Tower with Radar,9,16,15,0,40,0,1,9,1,11,9,17,24,1,51,39,0,39,90
05/20/2022,EVV,IN,AGL,CE,Combined TRACON& Tower with Radar,7,16,7,0,30,0,6,14,1,21,7,22,21,1,51,0,0,0,51
05/21/2022,EVV,IN,AGL,CE,Combined TRACON& Tower with Radar,5,13,5,0,23,0,3,8,0,11,5,16,13,0,34,8,0,8,42
05/22/2022,EVV,IN,AGL,CE,Combined TRACON& Tower with Radar,9,13,15,0,37,0,1,15,0,16,9,14,30,0,53,0,0,0,53
05/23/2022,EVV,IN,AGL,CE,Combined TRACON& Tower with Radar,8,9,30,0,47,0,2,19,0,21,8,11,49,0,68,30,0,30,98
05/24/2022,EVV,IN,AGL,CE,Combined TRACON& Tower with Radar,6,28,24,15,73,0,4,18,0,22,6,32,42,15,95,76,0,76,171
05/25/2022,EVV,IN,AGL,CE,Combined TRACON& Tower with Radar,7,11,14,0,32,0,1,2,0,3,7,12,16,0,35,0,0,0,35
05/26/2022,EVV,IN,AGL,CE,Combined TRACON& Tower with Radar,9,16,21,0,46,0,3,3,0,6,9,19,24,0,52,12,0,12,64
05/27/2022,EVV,IN,AGL,CE,Combined TRACON& Tower with Radar,8,18,25,2,53,0,3,4,0,7,8,21,29,2,60,22,0,22,82
05/28/2022,EVV,IN,AGL,CE,Combined TRACON& Tower with Radar,6,10,17,0,33,0,3,81,2,86,6,13,98,2,119,10,0,10,129
05/29/2022,EVV,IN,AGL,CE,Combined TRACON& Tower with Radar,7,7,13,0,27,0,6,17,2,25,7,13,30,2,52,0,0,0,52
05/30/2022,EVV,IN,AGL,CE,Combined TRACON& Tower with Radar,8,7,11,0,26,0,8,13,3,24,8,15,24,3,50,0,0,0,50
05/31/2022,EVV,IN,AGL,CE,Combined TRACON& Tower with Radar,7,9,10,2,28,0,2,26,0,28,7,11,36,2,56,33,0,33,89
06/01/2022,EVV,IN,AGL,CE,Combined TRACON& Tower with Radar,7,15,18,15,55,0,3,12,2,17,7,18,30,17,72,33,40,73,145
06/02/2022,EVV,IN,AGL,CE,Combined TRACON& Tower with Radar,11,25,41,0,77,0,3,15,2,20,11,28,56,2,97,28,0,28,125
06/03/2022,EVV,IN,AGL,CE,Combined TRACON& Tower with Radar,7,8,21,12,48,0,10,35,2,47,7,18,56,14,95,19,8,27,122
06/04/2022,EVV,IN,AGL,CE,Combined TRACON& Tower with Radar,6,8,12,64,90,0,3,25,0,28,6,11,37,64,118,20,22,42,160
06/05/2022,EVV,IN,AGL,CE,Combined TRACON& Tower with Radar,13,16,12,38,79,0,0,23,0,23,13,16,35,38,102,14,0,14,116
06/06/2022,EVV,IN,AGL,CE,Combined TRACON& Tower with Radar,6,12,13,0,31,0,3,11,0,14,6,15,24,0,45,6,0,6,51
06/07/2022,EVV,IN,AGL,CE,Combined TRACON& Tower with Radar,7,24,14,2,47,0,1,14,0,15,7,25,28,2,62,14,0,14,76
06/08/2022,EVV,IN,AGL,CE,Combined TRACON& Tower with Radar,6,22,20,0,48,0,11,9,0,20,6,33,29,0,68,0,0,0,68
06/09/2022,EVV,IN,AGL,CE,Combined TRACON& Tower with Radar,11,23,24,2,60,0,7,21,0,28,11,30,45,2,88,46,0,46,134
06/10/2022,EVV,IN,AGL,CE,Combined TRACON& Tower with Radar,7,24,14,10,55,0,11,12,0,23,7,35,26,10,78,2,46,48,126
06/11/2022,EVV,IN,AGL,CE,Combined TRACON& Tower with Radar,7,11,11,0,29,0,4,20,0,24,7,15,31,0,53,54,0,54,107
06/12/2022,EVV,IN,AGL,CE,Combined TRACON& Tower with Radar,9,12,10,0,31,0,2,9,0,11,9,14,19,0,42,8,0,8,50
06/13/2022,EVV,IN,AGL,CE,Combined TRACON& Tower with Radar,9,11,18,3,41,0,8,15,1,24,9,19,33,4,65,0,0,0,65
06/14/2022,EVV,IN,AGL,CE,Combined TRACON& Tower with Radar,8,10,12,2,32,0,6,23,0,29,8,16,35,2,61,92,0,92,153
06/15/2022,EVV,IN,AGL,CE,Combined TRACON& Tower with Radar,6,20,30,8,64,0,10,19,1,30,6,30,49,9,94,73,29,102,196
06/16/2022,EVV,IN,AGL,CE,Combined TRACON& Tower with Radar,11,17,19,26,73,0,11,16,0,27,11,28,35,26,100,2,0,2,102
06/17/2022,EVV,IN,AGL,CE,Combined TRACON& Tower with Radar,7,17,6,0,30,0,2,9,0,11,7,19,15,0,41,13,0,13,54
06/18/2022,EVV,IN,AGL,CE,Combined TRACON& Tower with Radar,7,8,8,0,23,0,12,11,0,23,7,20,19,0,46,13,0,13,59
06/19/2022,EVV,IN,AGL,CE,Combined TRACON& Tower with Radar,11,9,5,0,25,0,1,9,0,10,11,10,14,0,35,0,0,0,35
06/20/2022,EVV,IN,AGL,CE,Combined TRACON& Tower with Radar,7,8,16,0,31,0,7,19,3,29,7,15,35,3,60,58,0,58,118
06/21/2022,EVV,IN,AGL,CE,Combined TRACON& Tower with Radar,8,11,18,1,38,0,7,23,1,31,8,18,41,2,69,44,0,44,113
06/22/2022,EVV,IN,AGL,CE,Combined TRACON& Tower with Radar,7,18,24,0,49,0,5,23,0,28,7,23,47,0,77,37,0,37,114
06/23/2022,EVV,IN,AGL,CE,Combined TRACON& Tower with Radar,12,19,37,12,80,0,1,24,0,25,12,20,61,12,105,17,0,17,122
06/24/2022,EVV,IN,AGL,CE,Combined TRACON& Tower with Radar,7,10,23,1,41,0,6,23,3,32,7,16,46,4,73,30,0,30,103
06/25/2022,EVV,IN,AGL,CE,Combined TRACON& Tower with Radar,7,9,13,0,29,0,11,19,0,30,7,20,32,0,59,47,0,47,106
06/26/2022,EVV,IN,AGL,CE,Combined TRACON& Tower with Radar,8,12,5,0,25,0,1,5,0,6,8,13,10,0,31,0,0,0,31
06/27/2022,EVV,IN,AGL,CE,Combined TRACON& Tower with Radar,7,14,20,12,53,0,5,20,0,25,7,19,40,12,78,22,7,29,107
06/28/2022,EVV,IN,AGL,CE,Combined TRACON& Tower with Radar,7,25,26,4,62,0,3,26,4,33,7,28,52,8,95,34,0,34,129
06/29/2022,EVV,IN,AGL,CE,Combined TRACON& Tower with Radar,7,14,20,23,64,0,4,37,1,42,7,18,57,24,106,89,0,89,195
06/30/2022,EVV,IN,AGL,CE,Combined TRACON& Tower with Radar,11,10,20,0,41,0,5,21,0,26,11,15,41,0,67,70,0,70,137
07/01/2022,EVV,IN,AGL,CE,Combined TRACON& Tower with Radar,7,17,12,0,36,0,10,9,0,19,7,27,21,0,55,0,0,0,55
07/02/2022,EVV,IN,AGL,CE,Combined TRACON& Tower with Radar,8,7,5,0,20,0,2,4,0,6,8,9,9,0,26,15,0,15,41
07/03/2022,EVV,IN,AGL,CE,Combined TRACON& Tower with Radar,11,5,10,0,26,0,3,6,0,9,11,8,16,0,35,0,0,0,35
07/04/2022,EVV,IN,AGL,CE,Combined TRACON& Tower with Radar,8,5,6,0,19,0,0,7,0,7,8,5,13,0,26,0,0,0,26
07/05/2022,EVV,IN,AGL,CE,Combined TRACON& Tower with Radar,6,15,10,17,48,0,8,11,2,21,6,23,21,19,69,43,18,61,130
07/06/2022,EVV,IN,AGL,CE,Combined TRACON& Tower with Radar,6,11,21,0,38,0,6,13,0,19,6,17,34,0,57,26,0,26,83
07/07/2022,EVV,IN,AGL,CE,Combined TRACON& Tower with Radar,14,8,18,0,40,0,4,14,0,18,14,12,32,0,58,57,0,57,115
07/08/2022,EVV,IN,AGL,CE,Combined TRACON& Tower with Radar,8,6,16,13,43,0,2,20,0,22,8,8,36,13,65,70,5,75,140
07/09/2022,EVV,IN,AGL,CE,Combined TRACON& Tower with Radar,9,9,31,0,49,0,0,5,0,5,9,9,36,0,54,26,0,26,80
07/10/2022,EVV,IN,AGL,CE,Combined TRACON& Tower with Radar,12,11,25,0,48,0,2,34,0,36,12,13,59,0,84,66,0,66,150
07/11/2022,EVV,IN,AGL,CE,Combined TRACON& Tower with Radar,8,8,21,0,37,0,3,27,0,30,8,11,48,0,67,57,0,57,124
07/12/2022,EVV,IN,AGL,CE,Combined TRACON& Tower with Radar,6,7,27,0,40,0,3,46,0,49,6,10,73,0,89,105,0,105,194
07/13/2022,EVV,IN,AGL,CE,Combined TRACON& Tower with Radar,6,8,25,0,39,0,7,38,1,46,6,15,63,1,85,12,0,12,97
07/14/2022,EVV,IN,AGL,CE,Combined TRACON& Tower with Radar,14,11,22,0,47,0,4,39,2,45,14,15,61,2,92,62,0,62,154
07/15/2022,EVV,IN,AGL,CE,Combined TRACON& Tower with Radar,8,15,22,0,45,0,4,40,0,44,8,19,62,0,89,40,0,40,129
07/16/2022,EVV,IN,AGL,CE,Combined TRACON& Tower with Radar,8,11,19,2,40,0,2,34,0,36,8,13,53,2,76,20,0,20,96
07/17/2022,EVV,IN,AGL,CE,Combined TRACON& Tower with Radar,11,8,9,0,28,0,0,0,0,0,11,8,9,0,28,0,0,0,28
07/18/2022,EVV,IN,AGL,CE,Combined TRACON& Tower with Radar,7,13,19,2,41,0,1,15,0,16,7,14,34,2,57,0,0,0,57
07/19/2022,EVV,IN,AGL,CE,Combined TRACON& Tower with Radar,8,16,45,22,91,0,4,33,2,39,8,20,78,24,130,57,18,75,205
07/20/2022,EVV,IN,AGL,CE,Combined TRACON& Tower with Radar,4,13,26,0,43,0,2,13,0,15,4,15,39,0,58,5,0,5,63
07/21/2022,EVV,IN,AGL,CE,Combined TRACON& Tower with Radar,12,8,38,0,58,0,1,60,0,61,12,9,98,0,119,48,0,48,167
07/22/2022,EVV,IN,AGL,CE,Combined TRACON& Tower with Radar,7,13,14,0,34,0,5,56,0,61,7,18,70,0,95,6,0,6,101
07/23/2022,EVV,IN,AGL,CE,Combined TRACON& Tower with Radar,8,9,11,2,30,0,7,31,2,40,8,16,42,4,70,37,6,43,113
07/24/2022,EVV,IN,AGL,CE,Combined TRACON& Tower with Radar,11,7,12,0,30,0,5,15,0,20,11,12,27,0,50,0,0,0,50
07/25/2022,EVV,IN,AGL,CE,Combined TRACON& Tower with Radar,7,6,26,4,43,0,2,6,0,8,7,8,32,4,51,26,0,26,77
07/26/2022,EVV,IN,AGL,CE,Combined TRACON& Tower with Radar,6,11,11,0,28,0,5,4,0,9,6,16,15,0,37,6,0,6,43
07/27/2022,EVV,IN,AGL,CE,Combined TRACON& Tower with Radar,5,7,20,8,40,0,2,7,0,9,5,9,27,8,49,28,25,53,102
07/28/2022,EVV,IN,AGL,CE,Combined TRACON& Tower with Radar,11,8,18,16,53,0,2,5,0,7,11,10,23,16,60,15,0,15,75
07/29/2022,EVV,IN,AGL,CE,Combined TRACON& Tower with Radar,7,8,21,0,36,0,0,20,0,20,7,8,41,0,56,13,0,13,69
07/30/2022,EVV,IN,AGL,CE,Combined TRACON& Tower with Radar,8,4,12,0,24,0,3,61,0,64,8,7,73,0,88,28,0,28,116
07/31/2022,EVV,IN,AGL,CE,Combined TRACON& Tower with Radar,11,5,20,0,36,0,2,1,0,3,11,7,21,0,39,0,0,0,39
08/01/2022,EVV,IN,AGL,CE,Combined TRACON& Tower with Radar,10,15,34,0,59,0,2,8,0,10,10,17,42,0,69,62,0,62,131
08/02/2022,EVV,IN,AGL,CE,Combined TRACON& Tower with Radar,6,9,17,1,33,0,1,4,0,5,6,10,21,1,38,12,0,12,50
08/03/2022,EVV,IN,AGL,CE,Combined TRACON& Tower with Radar,7,16,17,17,57,0,2,10,1,13,7,18,27,18,70,89,38,127,197
08/04/2022,EVV,IN,AGL,CE,Combined TRACON& Tower with Radar,13,7,13,0,33,0,2,0,0,2,13,9,13,0,35,0,0,0,35
08/05/2022,EVV,IN,AGL,CE,Combined TRACON& Tower with Radar,8,10,23,0,41,0,0,3,0,3,8,10,26,0,44,0,0,0,44
08/06/2022,EVV,IN,AGL,CE,Combined TRACON& Tower with Radar,8,7,16,0,31,0,1,22,2,25,8,8,38,2,56,16,0,16,72
08/07/2022,EVV,IN,AGL,CE,Combined TRACON& Tower with Radar,14,7,16,1,38,0,4,35,3,42,14,11,51,4,80,5,0,5,85
08/08/2022,EVV,IN,AGL,CE,Combined TRACON& Tower with Radar,9,17,28,18,72,0,5,35,0,40,9,22,63,18,112,43,32,75,187
08/09/2022,EVV,IN,AGL,CE,Combined TRACON& Tower with Radar,8,13,29,0,50,0,1,24,0,25,8,14,53,0,75,34,0,34,109
08/10/2022,EVV,IN,AGL,CE,Combined TRACON& Tower with Radar,12,11,40,0,63,0,0,5,0,5,12,11,45,0,68,6,0,6,74
08/11/2022,EVV,IN,AGL,CE,Combined TRACON& Tower with Radar,14,7,25,0,46,0,2,42,0,44,14,9,67,0,90,100,0,100,190
08/12/2022,EVV,IN,AGL,CE,Combined TRACON& Tower with Radar,8,21,27,20,76,0,6,42,2,50,8,27,69,22,126,112,64,176,302
08/13/2022,EVV,IN,AGL,CE,Combined TRACON& Tower with Radar,9,3,9,4,25,0,3,26,2,31,9,6,35,6,56,46,0,46,102
08/14/2022,EVV,IN,AGL,CE,Combined TRACON& Tower with Radar,12,11,3,0,26,0,1,17,0,18,12,12,20,0,44,0,0,0,44
08/15/2022,EVV,IN,AGL,CE,Combined TRACON& Tower with Radar,8,8,21,0,37,0,5,13,0,18,8,13,34,0,55,31,0,31,86
08/16/2022,EVV,IN,AGL,CE,Combined TRACON& Tower with Radar,8,13,19,0,40,0,2,22,2,26,8,15,41,2,66,81,0,81,147
08/17/2022,EVV,IN,AGL,CE,Combined TRACON& Tower with Radar,6,12,37,2,57,0,3,25,4,32,6,15,62,6,89,36,0,36,125
08/18/2022,EVV,IN,AGL,CE,Combined TRACON& Tower with Radar,9,9,30,7,55,0,3,35,1,39,9,12,65,8,94,23,0,23,117
08/19/2022,EVV,IN,AGL,CE,Combined TRACON& Tower with Radar,7,27,30,23,87,0,5,35,6,46,7,32,65,29,133,62,37,99,232
08/20/2022,EVV,IN,AGL,CE,Combined TRACON& Tower with Radar,6,6,10,4,26,0,4,22,2,28,6,10,32,6,54,70,0,70,124
08/21/2022,EVV,IN,AGL,CE,Combined TRACON& Tower with Radar,9,8,21,0,38,0,5,20,0,25,9,13,41,0,63,49,0,49,112
08/22/2022,EVV,IN,AGL,CE,Combined TRACON& Tower with Radar,3,18,25,34,80,0,7,17,0,24,3,25,42,34,104,95,54,149,253
08/23/2022,EVV,IN,AGL,CE,Combined TRACON& Tower with Radar,7,23,30,8,68,0,5,20,0,25,7,28,50,8,93,38,12,50,143
08/24/2022,EVV,IN,AGL,CE,Combined TRACON& Tower with Radar,9,17,27,6,59,0,6,27,1,34,9,23,54,7,93,113,8,121,214
08/25/2022,EVV,IN,AGL,CE,Combined TRACON& Tower with Radar,11,12,44,3,70,0,0,24,1,25,11,12,68,4,95,37,3,40,135
08/26/2022,EVV,IN,AGL,CE,Combined TRACON& Tower with Radar,9,19,19,74,121,0,7,16,4,27,9,26,35,78,148,128,66,194,342
08/27/2022,EVV,IN,AGL,CE,Combined TRACON& Tower with Radar,8,9,18,9,44,0,3,40,5,48,8,12,58,14,92,20,0,20,112
08/28/2022,EVV,IN,AGL,CE,Combined TRACON& Tower with Radar,11,10,7,14,42,0,4,14,2,20,11,14,21,16,62,20,8,28,90
08/29/2022,EVV,IN,AGL,CE,Combined TRACON& Tower with Radar,7,18,8,0,33,0,5,6,0,11,7,23,14,0,44,43,0,43,87
08/30/2022,EVV,IN,AGL,CE,Combined TRACON& Tower with Radar,8,13,23,0,44,0,6,3,6,15,8,19,26,6,59,59,0,59,118
08/31/2022,EVV,IN,AGL,CE,Combined TRACON& Tower with Radar,6,16,18,0,40,0,2,31,2,35,6,18,49,2,75,86,0,86,161
09/01/2022,EVV,IN,AGL,CE,Combined TRACON& Tower with Radar,9,20,36,0,65,0,8,18,2,28,9,28,54,2,93,4,0,4,97
09/02/2022,EVV,IN,AGL,CE,Combined TRACON& Tower with Radar,7,20,13,0,40,0,11,23,2,36,7,31,36,2,76,48,0,48,124
09/03/2022,EVV,IN,AGL,CE,Combined TRACON& Tower with Radar,5,6,3,0,14,0,0,11,0,11,5,6,14,0,25,0,0,0,25
09/04/2022,EVV,IN,AGL,CE,Combined TRACON& Tower with Radar,7,14,3,0,24,0,0,4,0,4,7,14,7,0,28,0,0,0,28
09/05/2022,EVV,IN,AGL,CE,Combined TRACON& Tower with Radar,7,9,6,0,22,0,0,2,0,2,7,9,8,0,24,0,0,0,24
09/06/2022,EVV,IN,AGL,CE,Combined TRACON& Tower with Radar,7,9,10,0,26,0,3,3,0,6,7,12,13,0,32,14,0,14,46
09/07/2022,EVV,IN,AGL,CE,Combined TRACON& Tower with Radar,5,16,21,21,63,0,6,13,1,20,5,22,34,22,83,76,14,90,173
09/08/2022,EVV,IN,AGL,CE,Combined TRACON& Tower with Radar,9,12,31,2,54,0,5,32,0,37,9,17,63,2,91,35,0,35,126
09/09/2022,EVV,IN,AGL,CE,Combined TRACON& Tower with Radar,7,12,14,24,57,0,5,28,0,33,7,17,42,24,90,40,8,48,138
09/10/2022,EVV,IN,AGL,CE,Combined TRACON& Tower with Radar,5,6,8,0,19,0,5,28,0,33,5,11,36,0,52,41,0,41,93
09/11/2022,EVV,IN,AGL,CE,Combined TRACON& Tower with Radar,9,7,16,0,32,0,3,4,2,9,9,10,20,2,41,0,0,0,41
09/12/2022,EVV,IN,AGL,CE,Combined TRACON& Tower with Radar,11,10,35,7,63,0,8,19,0,27,11,18,54,7,90,60,14,74,164
09/13/2022,EVV,IN,AGL,CE,Combined TRACON& Tower with Radar,7,13,16,9,45,0,3,17,0,20,7,16,33,9,65,64,10,74,139
09/14/2022,EVV,IN,AGL,CE,Combined TRACON& Tower with Radar,8,15,27,3,53,0,9,32,1,42,8,24,59,4,95,56,0,56,151
09/15/2022,EVV,IN,AGL,CE,Combined TRACON& Tower with Radar,10,9,16,2,37,0,2,30,1,33,10,11,46,3,70,8,0,8,78
09/16/2022,EVV,IN,AGL,CE,Combined TRACON& Tower with Radar,10,13,31,13,67,0,2,20,1,23,10,15,51,14,90,70,28,98,188
09/17/2022,EVV,IN,AGL,CE,Combined TRACON& Tower with Radar,5,6,7,19,37,0,2,30,2,34,5,8,37,21,71,32,41,73,144
09/18/2022,EVV,IN,AGL,CE,Combined TRACON& Tower with Radar,11,7,19,0,37,0,5,22,0,27,11,12,41,0,64,8,0,8,72
09/19/2022,EVV,IN,AGL,CE,Combined TRACON& Tower with Radar,9,16,19,3,47,0,7,15,1,23,9,23,34,4,70,21,0,21,91
09/20/2022,EVV,IN,AGL,CE,Combined TRACON& Tower with Radar,7,11,38,13,69,0,2,13,1,16,7,13,51,14,85,68,14,82,167
09/21/2022,EVV,IN,AGL,CE,Combined TRACON& Tower with Radar,7,14,18,6,45,0,6,16,0,22,7,20,34,6,67,10,17,27,94
09/22/2022,EVV,IN,AGL,CE,Combined TRACON& Tower with Radar,11,18,27,7,63,0,10,49,0,59,11,28,76,7,122,19,0,19,141
09/23/2022,EVV,IN,AGL,CE,Combined TRACON& Tower with Radar,9,15,23,16,63,0,3,30,2,35,9,18,53,18,98,24,29,53,151
09/24/2022,EVV,IN,AGL,CE,Combined TRACON& Tower with Radar,5,8,11,0,24,0,0,27,0,27,5,8,38,0,51,12,0,12,63
09/25/2022,EVV,IN,AGL,CE,Combined TRACON& Tower with Radar,11,12,14,0,37,0,4,8,0,12,11,16,22,0,49,8,0,8,57
09/26/2022,EVV,IN,AGL,CE,Combined TRACON& Tower with Radar,9,7,19,14,49,0,16,15,0,31,9,23,34,14,80,20,22,42,122
09/27/2022,EVV,IN,AGL,CE,Combined TRACON& Tower with Radar,7,9,22,0,38,0,5,22,0,27,7,14,44,0,65,46,0,46,111
09/28/2022,EVV,IN,AGL,CE,Combined TRACON& Tower with Radar,7,18,29,2,56,0,3,28,0,31,7,21,57,2,87,46,14,60,147
09/29/2022,EVV,IN,AGL,CE,Combined TRACON& Tower with Radar,9,15,31,2,57,0,4,26,1,31,9,19,57,3,88,0,0,0,88
09/30/2022,EVV,IN,AGL,CE,Combined TRACON& Tower with Radar,9,69,11,17,106,0,9,19,7,35,9,78,30,24,141,14,63,77,218
10/01/2022,EVV,IN,AGL,CE,Combined TRACON& Tower with Radar,6,4,14,0,24,0,8,29,0,37,6,12,43,0,61,0,0,0,61
10/02/2022,EVV,IN,AGL,CE,Combined TRACON& Tower with Radar,13,4,13,7,37,0,2,6,17,25,13,6,19,24,62,0,0,0,62
10/03/2022,EVV,IN,AGL,CE,Combined TRACON& Tower with Radar,11,3,16,1,31,0,11,14,1,26,11,14,30,2,57,42,0,42,99
10/04/2022,EVV,IN,AGL,CE,Combined TRACON& Tower with Radar,7,8,17,8,40,0,9,29,0,38,7,17,46,8,78,28,0,28,106
10/05/2022,EVV,IN,AGL,CE,Combined TRACON& Tower with Radar,8,5,21,0,34,0,2,22,0,24,8,7,43,0,58,38,0,38,96
10/06/2022,EVV,IN,AGL,CE,Combined TRACON& Tower with Radar,13,10,23,2,48,0,7,10,0,17,13,17,33,2,65,31,0,31,96
10/07/2022,EVV,IN,AGL,CE,Combined TRACON& Tower with Radar,9,12,13,2,36,0,6,15,0,21,9,18,28,2,57,8,7,15,72
10/08/2022,EVV,IN,AGL,CE,Combined TRACON& Tower with Radar,6,7,14,0,27,0,1,18,0,19,6,8,32,0,46,35,0,35,81
10/09/2022,EVV,IN,AGL,CE,Combined TRACON& Tower with Radar,10,7,10,0,27,0,3,18,0,21,10,10,28,0,48,0,0,0,48
10/10/2022,EVV,IN,AGL,CE,Combined TRACON& Tower with Radar,8,6,19,0,33,0,10,24,0,34,8,16,43,0,67,22,0,22,89
10/11/2022,EVV,IN,AGL,CE,Combined TRACON& Tower with Radar,7,10,27,0,44,0,1,24,2,27,7,11,51,2,71,4,0,4,75
10/12/2022,EVV,IN,AGL,CE,Combined TRACON& Tower with Radar,7,13,9,0,29,0,1,2,0,3,7,14,11,0,32,0,0,0,32
10/13/2022,EVV,IN,AGL,CE,Combined TRACON& Tower with Radar,13,9,20,0,42,0,6,15,0,21,13,15,35,0,63,0,0,0,63
10/14/2022,EVV,IN,AGL,CE,Combined TRACON& Tower with Radar,9,11,30,0,50,0,8,16,8,32,9,19,46,8,82,24,0,24,106
10/15/2022,EVV,IN,AGL,CE,Combined TRACON& Tower with Radar,7,12,8,0,27,0,9,31,4,44,7,21,39,4,71,20,0,20,91
10/16/2022,EVV,IN,AGL,CE,Combined TRACON& Tower with Radar,11,3,24,0,38,0,6,22,1,29,11,9,46,1,67,53,0,53,120
10/17/2022,EVV,IN,AGL,CE,Combined TRACON& Tower with Radar,7,7,25,8,47,0,6,12,1,19,7,13,37,9,66,5,0,5,71
10/18/2022,EVV,IN,AGL,CE,Combined TRACON& Tower with Radar,7,7,35,0,49,0,8,6,1,15,7,15,41,1,64,48,0,48,112
10/19/2022,EVV,IN,AGL,CE,Combined TRACON& Tower with Radar,8,16,28,3,55,0,2,29,2,33,8,18,57,5,88,26,0,26,114
10/20/2022,EVV,IN,AGL,CE,Combined TRACON& Tower with Radar,12,9,29,1,51,0,7,24,3,34,12,16,53,4,85,82,0,82,167
10/21/2022,EVV,IN,AGL,CE,Combined TRACON& Tower with Radar,9,9,20,0,38,0,2,22,0,24,9,11,42,0,62,47,0,47,109
10/22/2022,EVV,IN,AGL,CE,Combined TRACON& Tower with Radar,5,8,7,4,24,0,4,14,27,45,5,12,21,31,69,74,6,80,149
10/23/2022,EVV,IN,AGL,CE,Combined TRACON& Tower with Radar,11,5,18,0,34,0,0,7,0,7,11,5,25,0,41,8,0,8,49
10/24/2022,EVV,IN,AGL,CE,Combined TRACON& Tower with Radar,7,17,19,0,43,0,4,21,2,27,7,21,40,2,70,6,0,6,76
10/25/2022,EVV,IN,AGL,CE,Combined TRACON& Tower with Radar,7,11,10,0,28,0,2,0,0,2,7,13,10,0,30,19,0,19,49
10/26/2022,EVV,IN,AGL,CE,Combined TRACON& Tower with Radar,8,9,29,11,57,0,3,12,4,19,8,12,41,15,76,4,14,18,94
10/27/2022,EVV,IN,AGL,CE,Combined TRACON& Tower with Radar,12,15,23,15,65,0,4,17,3,24,12,19,40,18,89,39,0,39,128
10/28/2022,EVV,IN,AGL,CE,Combined TRACON& Tower with Radar,9,16,39,16,80,0,4,36,0,40,9,20,75,16,120,26,12,38,158
10/29/2022,EVV,IN,AGL,CE,Combined TRACON& Tower with Radar,7,9,5,0,21,0,0,22,0,22,7,9,27,0,43,24,0,24,67
10/30/2022,EVV,IN,AGL,CE,Combined TRACON& Tower with Radar,9,6,16,0,31,0,1,0,0,1,9,7,16,0,32,0,0,0,32
10/31/2022,EVV,IN,AGL,CE,Combined TRACON& Tower with Radar,6,7,19,0,32,0,0,1,1,2,6,7,20,1,34,0,0,0,34
11/01/2022,EVV,IN,AGL,CE,Combined TRACON& Tower with Radar,8,13,27,0,48,0,12,30,4,46,8,25,57,4,94,0,11,11,105
11/02/2022,EVV,IN,AGL,CE,Combined TRACON& Tower with Radar,8,10,30,2,50,0,7,24,0,31,8,17,54,2,81,20,0,20,101
11/03/2022,EVV,IN,AGL,CE,Combined TRACON& Tower with Radar,10,13,25,2,50,0,3,38,0,41,10,16,63,2,91,99,0,99,190
11/04/2022,EVV,IN,AGL,CE,Combined TRACON& Tower with Radar,6,8,20,9,43,0,4,21,6,31,6,12,41,15,74,29,8,37,111
11/05/2022,EVV,IN,AGL,CE,Combined TRACON& Tower with Radar,6,4,10,0,20,0,1,2,0,3,6,5,12,0,23,0,0,0,23
11/06/2022,EVV,IN,AGL,CE,Combined TRACON& Tower with Radar,8,4,18,6,36,0,9,18,0,27,8,13,36,6,63,2,0,2,65
11/07/2022,EVV,IN,AGL,CE,Combined TRACON& Tower with Radar,5,9,18,14,46,0,7,15,0,22,5,16,33,14,68,19,22,41,109
11/08/2022,EVV,IN,AGL,CE,Combined TRACON& Tower with Radar,6,10,36,2,54,0,7,31,0,38,6,17,67,2,92,14,0,14,106
11/09/2022,EVV,IN,AGL,CE,Combined TRACON& Tower with Radar,8,7,40,13,68,0,7,23,3,33,8,14,63,16,101,66,14,80,181
11/10/2022,EVV,IN,AGL,CE,Combined TRACON& Tower with Radar,7,12,21,0,40,0,4,10,0,14,7,16,31,0,54,22,0,22,76
11/11/2022,EVV,IN,AGL,CE,Combined TRACON& Tower with Radar,7,14,24,0,45,0,2,7,0,9,7,16,31,0,54,26,0,26,80
11/12/2022,EVV,IN,AGL,CE,Combined TRACON& Tower with Radar,6,11,3,0,20,0,0,4,0,4,6,11,7,0,24,9,0,9,33
11/13/2022,EVV,IN,AGL,CE,Combined TRACON& Tower with Radar,10,8,10,0,28,0,1,21,0,22,10,9,31,0,50,8,0,8,58
11/14/2022,EVV,IN,AGL,CE,Combined TRACON& Tower with Radar,7,9,28,0,44,0,5,21,1,27,7,14,49,1,71,0,0,0,71
11/15/2022,EVV,IN,AGL,CE,Combined TRACON& Tower with Radar,9,6,24,0,39,0,2,1,0,3,9,8,25,0,42,12,0,12,54
11/16/2022,EVV,IN,AGL,CE,Combined TRACON& Tower with Radar,8,12,20,0,40,0,2,5,0,7,8,14,25,0,47,0,0,0,47
11/17/2022,EVV,IN,AGL,CE,Combined TRACON& Tower with Radar,8,11,36,0,55,0,5,31,0,36,8,16,67,0,91,14,0,14,105
11/18/2022,EVV,IN,AGL,CE,Combined TRACON& Tower with Radar,8,11,17,0,36,0,6,18,0,24,8,17,35,0,60,77,0,77,137
11/19/2022,EVV,IN,AGL,CE,Combined TRACON& Tower with Radar,8,6,8,0,22,0,0,13,0,13,8,6,21,0,35,19,0,19,54
11/20/2022,EVV,IN,AGL,CE,Combined TRACON& Tower with Radar,8,14,19,0,41,0,15,25,0,40,8,29,44,0,81,63,0,63,144
11/21/2022,EVV,IN,AGL,CE,Combined TRACON& Tower with Radar,8,11,10,7,36,0,14,16,0,30,8,25,26,7,66,33,8,41,107
11/22/2022,EVV,IN,AGL,CE,Combined TRACON& Tower with Radar,10,9,19,15,53,0,14,45,1,60,10,23,64,16,113,79,16,95,208
11/23/2022,EVV,IN,AGL,CE,Combined TRACON& Tower with Radar,7,5,16,5,33,0,3,30,3,36,7,8,46,8,69,103,8,111,180
11/24/2022,EVV,IN,AGL,CE,Combined TRACON& Tower with Radar,4,2,3,0,9,0,3,13,0,16,4,5,16,0,25,2,0,2,27
11/25/2022,EVV,IN,AGL,CE,Combined TRACON& Tower with Radar,6,8,3,0,17,0,0,3,0,3,6,8,6,0,20,13,0,13,33
11/26/2022,EVV,IN,AGL,CE,Combined TRACON& Tower with Radar,10,4,13,0,27,0,2,26,0,28,10,6,39,0,55,0,0,0,55
11/27/2022,EVV,IN,AGL,CE,Combined TRACON& Tower with Radar,8,4,9,0,21,0,1,0,0,1,8,5,9,0,22,0,0,0,22
11/28/2022,EVV,IN,AGL,CE,Combined TRACON& Tower with Radar,7,9,19,6,41,0,2,7,1,10,7,11,26,7,51,40,0,40,91
11/29/2022,EVV,IN,AGL,CE,Combined TRACON& Tower with Radar,7,6,4,21,38,0,1,9,1,11,7,7,13,22,49,8,23,31,80
11/30/2022,EVV,IN,AGL,CE,Combined TRACON& Tower with Radar,8,10,22,14,54,0,2,13,2,17,8,12,35,16,71,0,42,42,113
12/01/2022,EVV,IN,AGL,CE,Combined TRACON& Tower with Radar,10,12,16,0,38,0,6,36,0,42,10,18,52,0,80,67,0,67,147
12/02/2022,EVV,IN,AGL,CE,Combined TRACON& Tower with Radar,7,12,9,6,34,0,4,3,0,7,7,16,12,6,41,20,4,24,65
12/03/2022,EVV,IN,AGL,CE,Combined TRACON& Tower with Radar,6,6,8,1,21,0,0,10,0,10,6,6,18,1,31,32,0,32,63
12/04/2022,EVV,IN,AGL,CE,Combined TRACON& Tower with Radar,10,9,20,0,39,0,9,36,0,45,10,18,56,0,84,38,0,38,122
12/05/2022,EVV,IN,AGL,CE,Combined TRACON& Tower with Radar,8,14,16,9,47,0,4,2,2,8,8,18,18,11,55,18,13,31,86
12/06/2022,EVV,IN,AGL,CE,Combined TRACON& Tower with Radar,7,12,18,0,37,0,0,0,0,0,7,12,18,0,37,0,0,0,37
12/07/2022,EVV,IN,AGL,CE,Combined TRACON& Tower with Radar,8,11,28,0,47,0,0,0,0,0,8,11,28,0,47,0,0,0,47
12/08/2022,EVV,IN,AGL,CE,Combined TRACON& Tower with Radar,9,9,14,0,32,0,0,0,0,0,9,9,14,0,32,0,0,0,32
12/09/2022,EVV,IN,AGL,CE,Combined TRACON& Tower with Radar,7,6,16,0,29,6,1,3,2,12,13,7,19,2,41,0,0,0,41
12/10/2022,EVV,IN,AGL,CE,Combined TRACON& Tower with Radar,3,8,7,0,18,0,1,1,0,2,3,9,8,0,20,0,0,0,20
12/11/2022,EVV,IN,AGL,CE,Combined TRACON& Tower with Radar,9,7,14,0,30,0,3,1,0,4,9,10,15,0,34,75,0,75,109
12/12/2022,EVV,IN,AGL,CE,Combined TRACON& Tower with Radar,7,14,11,26,58,0,5,29,4,38,7,19,40,30,96,90,44,134,230
12/13/2022,EVV,IN,AGL,CE,Combined TRACON& Tower with Radar,8,13,15,14,50,0,5,9,0,14,8,18,24,14,64,53,26,79,143
12/14/2022,EVV,IN,AGL,CE,Combined TRACON& Tower with Radar,8,11,7,0,26,0,0,0,0,0,8,11,7,0,26,0,0,0,26
12/15/2022,EVV,IN,AGL,CE,Combined TRACON& Tower with Radar,8,8,20,3,39,0,2,18,3,23,8,10,38,6,62,64,6,70,132
12/16/2022,EVV,IN,AGL,CE,Combined TRACON& Tower with Radar,10,14,16,8,48,0,1,13,2,16,10,15,29,10,64,6,7,13,77
12/17/2022,EVV,IN,AGL,CE,Combined TRACON& Tower with Radar,6,8,8,0,22,0,2,19,0,21,6,10,27,0,43,34,0,34,77
12/18/2022,EVV,IN,AGL,CE,Combined TRACON& Tower with Radar,8,8,11,0,27,0,10,31,1,42,8,18,42,1,69,48,0,48,117
12/19/2022,EVV,IN,AGL,CE,Combined TRACON& Tower with Radar,10,12,21,0,43,0,2,20,2,24,10,14,41,2,67,61,0,61,128
12/20/2022,EVV,IN,AGL,CE,Combined TRACON& Tower with Radar,7,9,33,24,73,0,4,36,1,41,7,13,69,25,114,99,27,126,240
12/21/2022,EVV,IN,AGL,CE,Combined TRACON& Tower with Radar,10,9,15,0,34,0,3,26,0,29,10,12,41,0,63,49,0,49,112
12/22/2022,EVV,IN,AGL,CE,Combined TRACON& Tower with Radar,7,4,7,0,18,0,0,0,0,0,7,4,7,0,18,0,0,0,18
12/23/2022,EVV,IN,AGL,CE,Combined TRACON& Tower with Radar,5,3,4,0,12,0,3,0,0,3,5,6,4,0,15,0,0,0,15
12/24/2022,EVV,IN,AGL,CE,Combined TRACON& Tower with Radar,8,3,5,0,16,0,0,0,0,0,8,3,5,0,16,0,0,0,16
12/25/2022,EVV,IN,AGL,CE,Combined TRACON& Tower with Radar,8,5,6,0,19,0,1,6,0,7,8,6,12,0,26,8,0,8,34
12/26/2022,EVV,IN,AGL,CE,Combined TRACON& Tower with Radar,7,7,8,0,22,0,3,0,0,3,7,10,8,0,25,0,0,0,25
12/27/2022,EVV,IN,AGL,CE,Combined TRACON& Tower with Radar,8,4,6,0,18,0,1,1,0,2,8,5,7,0,20,18,0,18,38
12/28/2022,EVV,IN,AGL,CE,Combined TRACON& Tower with Radar,9,11,12,0,32,0,2,22,0,24,9,13,34,0,56,45,0,45,101
12/29/2022,EVV,IN,AGL,CE,Combined TRACON& Tower with Radar,7,7,25,0,39,0,2,4,0,6,7,9,29,0,45,75,0,75,120
12/30/2022,EVV,IN,AGL,CE,Combined TRACON& Tower with Radar,8,5,7,0,20,0,2,1,0,3,8,7,8,0,23,39,0,39,62
12/31/2022,EVV,IN,AGL,CE,Combined TRACON& Tower with Radar,8,4,10,0,22,0,1,0,0,1,8,5,10,0,23,0,0,0,23
01/01/2023,EVV,IN,AGL,CE,Combined TRACON& Tower with Radar,6,7,9,0,22,0,0,0,0,0,6,7,9,0,22,0,0,0,22
01/02/2023,EVV,IN,AGL,CE,Combined TRACON& Tower with Radar,9,4,14,0,27,0,1,0,0,1,9,5,14,0,28,0,0,0,28
01/03/2023,EVV,IN,AGL,CE,Combined TRACON& Tower with Radar,9,14,12,6,41,0,5,6,2,13,9,19,18,8,54,0,0,0,54
01/04/2023,EVV,IN,AGL,CE,Combined TRACON& Tower with Radar,8,7,19,2,36,0,4,24,1,29,8,11,43,3,65,60,0,60,125
01/05/2023,EVV,IN,AGL,CE,Combined TRACON& Tower with Radar,10,5,11,0,26,0,0,26,0,26,10,5,37,0,52,103,0,103,155
01/06/2023,EVV,IN,AGL,CE,Combined TRACON& Tower with Radar,8,5,19,0,32,0,4,29,0,33,8,9,48,0,65,39,0,39,104
01/07/2023,EVV,IN,AGL,CE,Combined TRACON& Tower with Radar,6,9,6,0,21,0,1,12,0,13,6,10,18,0,34,68,0,68,102
01/08/2023,EVV,IN,AGL,CE,Combined TRACON& Tower with Radar,10,6,8,0,24,0,0,2,0,2,10,6,10,0,26,28,0,28,54
01/09/2023,EVV,IN,AGL,CE,Combined TRACON& Tower with Radar,7,12,17,4,40,0,5,18,0,23,7,17,35,4,63,42,0,42,105
01/10/2023,EVV,IN,AGL,CE,Combined TRACON& Tower with Radar,11,6,15,0,32,0,5,37,0,42,11,11,52,0,74,52,0,52,126
01/11/2023,EVV,IN,AGL,CE,Combined TRACON& Tower with Radar,11,5,15,0,31,0,1,1,0,2,11,6,16,0,33,0,0,0,33
01/12/2023,EVV,IN,AGL,CE,Combined TRACON& Tower with Radar,11,8,10,0,29,0,2,0,0,2,11,10,10,0,31,0,0,0,31
01/13/2023,EVV,IN,AGL,CE,Combined TRACON& Tower with Radar,9,5,9,0,23,0,1,0,0,1,9,6,9,0,24,0,0,0,24
01/14/2023,EVV,IN,AGL,CE,Combined TRACON& Tower with Radar,8,6,16,0,30,0,1,17,0,18,8,7,33,0,48,91,0,91,139
01/15/2023,EVV,IN,AGL,CE,Combined TRACON& Tower with Radar,12,4,14,0,30,0,7,33,0,40,12,11,47,0,70,68,0,68,138
01/16/2023,EVV,IN,AGL,CE,Combined TRACON& Tower with Radar,10,4,7,0,21,0,0,1,0,1,10,4,8,0,22,0,0,0,22
01/17/2023,EVV,IN,AGL,CE,Combined TRACON& Tower with Radar,10,5,13,1,29,0,0,25,3,28,10,5,38,4,57,10,0,10,67
01/18/2023,EVV,IN,AGL,CE,Combined TRACON& Tower with Radar,10,6,13,0,29,0,1,4,0,5,10,7,17,0,34,55,0,55,89
01/19/2023,EVV,IN,AGL,CE,Combined TRACON& Tower with Radar,14,6,18,0,38,0,1,6,0,7,14,7,24,0,45,0,0,0,45
01/20/2023,EVV,IN,AGL,CE,Combined TRACON& Tower with Radar,10,15,8,0,33,0,0,11,0,11,10,15,19,0,44,42,0,42,86
01/21/2023,EVV,IN,AGL,CE,Combined TRACON& Tower with Radar,10,8,7,0,25,0,1,21,0,22,10,9,28,0,47,83,0,83,130
01/22/2023,EVV,IN,AGL,CE,Combined TRACON& Tower with Radar,11,8,7,0,26,0,1,0,0,1,11,9,7,0,27,0,0,0,27
01/23/2023,EVV,IN,AGL,CE,Combined TRACON& Tower with Radar,10,5,16,13,44,0,4,11,1,16,10,9,27,14,60,10,4,14,74
01/24/2023,EVV,IN,AGL,CE,Combined TRACON& Tower with Radar,9,11,17,1,38,0,2,21,1,24,9,13,38,2,62,76,0,76,138
01/25/2023,EVV,IN,AGL,CE,Combined TRACON& Tower with Radar,10,6,5,0,21,0,0,0,0,0,10,6,5,0,21,0,0,0,21
01/26/2023,EVV,IN,AGL,CE,Combined TRACON& Tower with Radar,12,6,10,1,29,0,9,4,1,14,12,15,14,2,43,31,0,31,74
01/27/2023,EVV,IN,AGL,CE,Combined TRACON& Tower with Radar,10,7,18,0,35,0,4,14,1,19,10,11,32,1,54,28,0,28,82
01/28/2023,EVV,IN,AGL,CE,Combined TRACON& Tower with Radar,10,9,12,0,31,0,14,25,2,41,10,23,37,2,72,83,0,83,155
01/29/2023,EVV,IN,AGL,CE,Combined TRACON& Tower with Radar,12,6,15,0,33,0,0,0,0,0,12,6,15,0,33,0,0,0,33
01/30/2023,EVV,IN,AGL,CE,Combined TRACON& Tower with Radar,7,5,3,0,15,0,0,0,0,0,7,5,3,0,15,0,0,0,15
01/31/2023,EVV,IN,AGL,CE,Combined TRACON& Tower with Radar,7,9,14,0,30,0,1,1,0,2,7,10,15,0,32,0,0,0,32
02/01/2023,EVV,IN,AGL,CE,Combined TRACON& Tower with Radar,8,12,18,0,38,0,9,15,0,24,8,21,33,0,62,81,0,81,143
02/02/2023,EVV,IN,AGL,CE,Combined TRACON& Tower with Radar,9,15,12,0,36,0,6,36,0,42,9,21,48,0,78,118,0,118,196
02/03/2023,EVV,IN,AGL,CE,Combined TRACON& Tower with Radar,8,10,25,1,44,0,3,21,1,25,8,13,46,2,69,41,0,41,110
02/04/2023,EVV,IN,AGL,CE,Combined TRACON& Tower with Radar,7,8,8,0,23,0,2,19,2,23,7,10,27,2,46,49,0,49,95
02/05/2023,EVV,IN,AGL,CE,Combined TRACON& Tower with Radar,11,6,6,0,23,0,4,3,0,7,11,10,9,0,30,45,0,45,75
02/06/2023,EVV,IN,AGL,CE,Combined TRACON& Tower with Radar,7,4,20,2,33,0,4,22,0,26,7,8,42,2,59,36,0,36,95
02/07/2023,EVV,IN,AGL,CE,Combined TRACON& Tower with Radar,7,9,22,2,40,0,0,16,2,18,7,9,38,4,58,0,0,0,58
02/08/2023,EVV,IN,AGL,CE,Combined TRACON& Tower with Radar,7,8,18,0,33,0,1,4,0,5,7,9,22,0,38,20,0,20,58
02/09/2023,EVV,IN,AGL,CE,Combined TRACON& Tower with Radar,10,9,11,1,31,0,2,2,0,4,10,11,13,1,35,0,0,0,35
02/10/2023,EVV,IN,AGL,CE,Combined TRACON& Tower with Radar,8,8,11,0,27,0,1,5,0,6,8,9,16,0,33,47,0,47,80
02/11/2023,EVV,IN,AGL,CE,Combined TRACON& Tower with Radar,7,8,11,0,26,0,4,25,0,29,7,12,36,0,55,34,0,34,89
02/12/2023,EVV,IN,AGL,CE,Combined TRACON& Tower with Radar,9,13,5,0,27,0,6,18,0,24,9,19,23,0,51,39,0,39,90
02/13/2023,EVV,IN,AGL,CE,Combined TRACON& Tower with Radar,7,5,24,0,36,0,6,34,0,40,7,11,58,0,76,22,0,22,98
02/14/2023,EVV,IN,AGL,CE,Combined TRACON& Tower with Radar,7,8,5,1,21,0,5,11,1,17,7,13,16,2,38,15,0,15,53
02/15/2023,EVV,IN,AGL,CE,Combined TRACON& Tower with Radar,7,9,14,0,30,0,0,30,0,30,7,9,44,0,60,22,0,22,82
02/16/2023,EVV,IN,AGL,CE,Combined TRACON& Tower with Radar,9,10,8,0,27,0,1,0,0,1,9,11,8,0,28,0,0,0,28
02/17/2023,EVV,IN,AGL,CE,Combined TRACON& Tower with Radar,7,8,6,0,21,0,0,13,0,13,7,8,19,0,34,11,0,11,45
02/18/2023,EVV,IN,AGL,CE,Combined TRACON& Tower with Radar,8,5,3,0,16,0,10,28,0,38,8,15,31,0,54,24,0,24,78
02/19/2023,EVV,IN,AGL,CE,Combined TRACON& Tower with Radar,9,5,8,0,22,0,1,16,0,17,9,6,24,0,39,8,0,8,47
02/20/2023,EVV,IN,AGL,CE,Combined TRACON& Tower with Radar,7,7,17,0,31,0,16,37,0,53,7,23,54,0,84,2,0,2,86
02/21/2023,EVV,IN,AGL,CE,Combined TRACON& Tower with Radar,7,11,14,0,32,0,6,28,0,34,7,17,42,0,66,35,0,35,101
02/22/2023,EVV,IN,AGL,CE,Combined TRACON& Tower with Radar,9,19,12,4,44,0,6,0,0,6,9,25,12,4,50,23,0,23,73
02/23/2023,EVV,IN,AGL,CE,Combined TRACON& Tower with Radar,9,18,20,9,56,0,3,9,1,13,9,21,29,10,69,0,0,0,69
02/24/2023,EVV,IN,AGL,CE,Combined TRACON& Tower with Radar,7,15,21,20,63,0,13,19,0,32,7,28,40,20,95,20,15,35,130
02/25/2023,EVV,IN,AGL,CE,Combined TRACON& Tower with Radar,7,8,9,0,24,0,0,35,1,36,7,8,44,1,60,53,0,53,113
02/26/2023,EVV,IN,AGL,CE,Combined TRACON& Tower with Radar,9,10,18,14,51,0,3,9,0,12,9,13,27,14,63,78,2,80,143
02/27/2023,EVV,IN,AGL,CE,Combined TRACON& Tower with Radar,7,9,8,1,25,0,3,1,0,4,7,12,9,1,29,0,0,0,29
02/28/2023,EVV,IN,AGL,CE,Combined TRACON& Tower with Radar,7,19,12,13,51,0,9,33,0,42,7,28,45,13,93,100,0,100,193
03/01/2023,EVV,IN,AGL,CE,Combined TRACON& Tower with Radar,8,14,13,10,45,0,5,28,6,39,8,19,41,16,84,0,7,7,91
03/02/2023,EVV,IN,AGL,CE,Combined TRACON& Tower with Radar,8,13,20,8,49,0,7,19,0,26,8,20,39,8,75,56,7,63,138
03/03/2023,EVV,IN,AGL,CE,Combined TRACON& Tower with Radar,8,8,3,0,19,0,1,0,0,1,8,9,3,0,20,0,0,0,20
03/04/2023,EVV,IN,AGL,CE,Combined TRACON& Tower with Radar,7,8,20,0,35,0,6,35,0,41,7,14,55,0,76,57,0,57,133
03/05/2023,EVV,IN,AGL,CE,Combined TRACON& Tower with Radar,12,8,17,0,37,0,7,39,0,46,12,15,56,0,83,64,0,64,147
03/06/2023,EVV,IN,AGL,CE,Combined TRACON& Tower with Radar,8,11,16,0,35,0,8,28,0,36,8,19,44,0,71,52,0,52,123
03/07/2023,EVV,IN,AGL,CE,Combined TRACON& Tower with Radar,8,19,16,12,55,0,4,34,0,38,8,23,50,12,93,145,17,162,255
03/08/2023,EVV,IN,AGL,CE,Combined TRACON& Tower with Radar,8,13,21,10,52,0,2,14,0,16,8,15,35,10,68,24,22,46,114
03/09/2023,EVV,IN,AGL,CE,Combined TRACON& Tower with Radar,11,18,13,2,44,0,0,13,1,14,11,18,26,3,58,82,0,82,140
03/10/2023,EVV,IN,AGL,CE,Combined TRACON& Tower with Radar,8,18,15,4,45,0,1,7,2,10,8,19,22,6,55,24,16,40,95
03/11/2023,EVV,IN,AGL,CE,Combined TRACON& Tower with Radar,8,6,9,0,23,0,3,10,0,13,8,9,19,0,36,65,0,65,101
03/12/2023,EVV,IN,AGL,CE,Combined TRACON& Tower with Radar,10,5,6,12,33,0,2,0,0,2,10,7,6,12,35,0,0,0,35
03/13/2023,EVV,IN,AGL,CE,Combined TRACON& Tower with Radar,9,6,12,0,27,0,2,8,1,11,9,8,20,1,38,24,0,24,62
03/14/2023,EVV,IN,AGL,CE,Combined TRACON& Tower with Radar,8,11,25,0,44,0,6,23,0,29,8,17,48,0,73,9,0,9,82
03/15/2023,EVV,IN,AGL,CE,Combined TRACON& Tower with Radar,8,17,14,8,47,0,8,38,0,46,8,25,52,8,93,68,16,84,177
03/16/2023,EVV,IN,AGL,CE,Combined TRACON& Tower with Radar,9,11,7,4,31,0,5,13,0,18,9,16,20,4,49,15,0,15,64
03/17/2023,EVV,IN,AGL,CE,Combined TRACON& Tower with Radar,7,11,16,12,46,0,1,5,0,6,7,12,21,12,52,22,0,22,74
03/18/2023,EVV,IN,AGL,CE,Combined TRACON& Tower with Radar,8,15,7,0,30,0,2,11,0,13,8,17,18,0,43,2,0,2,45
03/19/2023,EVV,IN,AGL,CE,Combined TRACON& Tower with Radar,11,10,29,0,50,0,15,20,0,35,11,25,49,0,85,16,0,16,101
03/20/2023,EVV,IN,AGL,CE,Combined TRACON& Tower with Radar,7,12,13,8,40,0,4,36,4,44,7,16,49,12,84,49,0,49,133
03/21/2023,EVV,IN,AGL,CE,Combined TRACON& Tower with Radar,7,12,9,0,28,0,2,20,0,22,7,14,29,0,50,19,0,19,69
03/22/2023,EVV,IN,AGL,CE,Combined TRACON& Tower with Radar,7,23,12,2,44,0,1,0,0,1,7,24,12,2,45,28,0,28,73
03/23/2023,EVV,IN,AGL,CE,Combined TRACON& Tower with Radar,12,25,16,6,59,0,1,7,1,9,12,26,23,7,68,11,0,11,79
03/24/2023,EVV,IN,AGL,CE,Combined TRACON& Tower with Radar,7,25,8,0,40,0,0,0,0,0,7,25,8,0,40,0,0,0,40
03/25/2023,EVV,IN,AGL,CE,Combined TRACON& Tower with Radar,8,8,12,0,28,0,6,13,0,19,8,14,25,0,47,0,0,0,47
03/26/2023,EVV,IN,AGL,CE,Combined TRACON& Tower with Radar,10,10,18,0,38,0,3,28,2,33,10,13,46,2,71,0,0,0,71
03/27/2023,EVV,IN,AGL,CE,Combined TRACON& Tower with Radar,7,9,11,0,27,0,0,2,0,2,7,9,13,0,29,55,0,55,84
03/28/2023,EVV,IN,AGL,CE,Combined TRACON& Tower with Radar,6,12,24,0,42,0,6,25,0,31,6,18,49,0,73,58,0,58,131
03/29/2023,EVV,IN,AGL,CE,Combined TRACON& Tower with Radar,8,11,14,0,33,0,12,30,0,42,8,23,44,0,75,34,0,34,109
03/30/2023,EVV,IN,AGL,CE,Combined TRACON& Tower with Radar,9,15,9,0,33,0,12,31,1,44,9,27,40,1,77,77,0,77,154
03/31/2023,EVV,IN,AGL,CE,Combined TRACON& Tower with Radar,6,9,9,0,24,0,0,1,0,1,6,9,10,0,25,0,0,0,25
04/01/2023,EVV,IN,AGL,CE,Combined TRACON& Tower with Radar,8,7,12,0,27,0,1,5,0,6,8,8,17,0,33,0,0,0,33
04/02/2023,EVV,IN,AGL,CE,Combined TRACON& Tower with Radar,9,16,20,0,45,0,4,42,0,46,9,20,62,0,91,86,0,86,177
04/03/2023,EVV,IN,AGL,CE,Combined TRACON& Tower with Radar,8,13,10,0,31,0,1,8,0,9,8,14,18,0,40,22,0,22,62
04/04/2023,EVV,IN,AGL,CE,Combined TRACON& Tower with Radar,10,9,5,0,24,0,5,0,0,5,10,14,5,0,29,27,0,27,56
04/05/2023,EVV,IN,AGL,CE,Combined TRACON& Tower with Radar,8,9,5,0,22,0,2,2,0,4,8,11,7,0,26,4,0,4,30
04/06/2023,EVV,IN,AGL,CE,Combined TRACON& Tower with Radar,12,17,18,1,48,0,3,36,0,39,12,20,54,1,87,102,0,102,189
04/07/2023,EVV,IN,AGL,CE,Combined TRACON& Tower with Radar,10,13,25,37,85,0,4,13,3,20,10,17,38,40,105,102,7,109,214
04/08/2023,EVV,IN,AGL,CE,Combined TRACON& Tower with Radar,10,11,12,6,39,0,6,10,0,16,10,17,22,6,55,5,0,5,60
04/09/2023,EVV,IN,AGL,CE,Combined TRACON& Tower with Radar,10,10,16,0,36,0,4,22,0,26,10,14,38,0,62,8,0,8,70
04/10/2023,EVV,IN,AGL,CE,Combined TRACON& Tower with Radar,10,17,23,6,56,0,22,48,0,70,10,39,71,6,126,64,0,64,190
04/11/2023,EVV,IN,AGL,CE,Combined TRACON& Tower with Radar,10,14,9,12,45,0,9,34,0,43,10,23,43,12,88,129,2,131,219
04/12/2023,EVV,IN,AGL,CE,Combined TRACON& Tower with Radar,10,13,11,2,36,0,8,35,0,43,10,21,46,2,79,114,0,114,193
04/13/2023,EVV,IN,AGL,CE,Combined TRACON& Tower with Radar,12,12,21,6,51,0,10,53,1,64,12,22,74,7,115,57,0,57,172
04/14/2023,EVV,IN,AGL,CE,Combined TRACON& Tower with Radar,10,11,22,0,43,0,5,35,0,40,10,16,57,0,83,103,0,103,186
04/15/2023,EVV,IN,AGL,CE,Combined TRACON& Tower with Radar,9,8,9,0,26,0,3,17,4,24,9,11,26,4,50,42,0,42,92
04/16/2023,EVV,IN,AGL,CE,Combined TRACON& Tower with Radar,12,5,15,0,32,0,1,2,0,3,12,6,17,0,35,0,0,0,35
04/17/2023,EVV,IN,AGL,CE,Combined TRACON& Tower with Radar,12,10,12,0,34,0,0,7,0,7,12,10,19,0,41,10,0,10,51
04/18/2023,EVV,IN,AGL,CE,Combined TRACON& Tower with Radar,10,16,28,4,58,0,9,52,1,62,10,25,80,5,120,55,0,55,175
04/19/2023,EVV,IN,AGL,CE,Combined TRACON& Tower with Radar,12,15,30,0,57,0,3,26,0,29,12,18,56,0,86,22,0,22,108
04/20/2023,EVV,IN,AGL,CE,Combined TRACON& Tower with Radar,11,19,15,0,45,0,3,8,0,11,11,22,23,0,56,16,0,16,72
04/21/2023,EVV,IN,AGL,CE,Combined TRACON& Tower with Radar,9,25,17,0,51,0,2,0,0,2,9,27,17,0,53,1,0,1,54
04/22/2023,EVV,IN,AGL,CE,Combined TRACON& Tower with Radar,13,13,11,0,37,0,4,4,0,8,13,17,15,0,45,28,0,28,73
04/23/2023,EVV,IN,AGL,CE,Combined TRACON& Tower with Radar,14,10,15,0,39,0,6,16,2,24,14,16,31,2,63,22,0,22,85
04/24/2023,EVV,IN,AGL,CE,Combined TRACON& Tower with Radar,10,11,13,7,41,0,8,29,4,41,10,19,42,11,82,41,10,51,133
04/25/2023,EVV,IN,AGL,CE,Combined TRACON& Tower with Radar,9,19,30,3,61,0,8,41,1,50,9,27,71,4,111,22,0,22,133
04/26/2023,EVV,IN,AGL,CE,Combined TRACON& Tower with Radar,10,14,29,2,55,0,8,29,3,40,10,22,58,5,95,32,0,32,127
04/27/2023,EVV,IN,AGL,CE,Combined TRACON& Tower with Radar,12,14,18,16,60,0,1,8,1,10,12,15,26,17,70,23,25,48,118
04/28/2023,EVV,IN,AGL,CE,Combined TRACON& Tower with Radar,9,22,21,0,52,0,2,3,0,5,9,24,24,0,57,24,0,24,81
04/29/2023,EVV,IN,AGL,CE,Combined TRACON& Tower with Radar,10,5,16,0,31,0,2,15,0,17,10,7,31,0,48,59,0,59,107
04/30/2023,EVV,IN,AGL,CE,Combined TRACON& Tower with Radar,12,7,7,0,26,0,0,9,0,9,12,7,16,0,35,0,0,0,35
05/01/2023,EVV,IN,AGL,CE,Combined TRACON& Tower with Radar,10,6,10,0,26,0,2,6,0,8,10,8,16,0,34,0,0,0,34
05/02/2023,EVV,IN,AGL,CE,Combined TRACON& Tower with Radar,10,20,26,0,56,0,5,6,1,12,10,25,32,1,68,0,0,0,68
05/03/2023,EVV,IN,AGL,CE,Combined TRACON& Tower with Radar,10,15,34,1,60,0,2,23,3,28,10,17,57,4,88,18,0,18,106
05/04/2023,EVV,IN,AGL,CE,Combined TRACON& Tower with Radar,12,20,42,0,74,0,6,37,0,43,12,26,79,0,117,105,0,105,222
05/05/2023,EVV,IN,AGL,CE,Combined TRACON& Tower with Radar,10,15,20,4,49,0,9,13,0,22,10,24,33,4,71,49,0,49,120
05/06/2023,EVV,IN,AGL,CE,Combined TRACON& Tower with Radar,9,13,17,0,39,0,3,22,24,49,9,16,39,24,88,33,0,33,121
05/07/2023,EVV,IN,AGL,CE,Combined TRACON& Tower with Radar,12,12,8,0,32,0,0,1,0,1,12,12,9,0,33,0,0,0,33
05/08/2023,EVV,IN,AGL,CE,Combined TRACON& Tower with Radar,12,11,4,0,27,0,1,12,2,15,12,12,16,2,42,63,0,63,105
05/09/2023,EVV,IN,AGL,CE,Combined TRACON& Tower with Radar,7,22,11,4,44,0,7,20,0,27,7,29,31,4,71,98,0,98,169
05/10/2023,EVV,IN,AGL,CE,Combined TRACON& Tower with Radar,9,24,28,9,70,0,2,50,1,53,9,26,78,10,123,47,16,63,186
05/11/2023,EVV,IN,AGL,CE,Combined TRACON& Tower with Radar,13,15,20,8,56,0,4,27,0,31,13,19,47,8,87,27,0,27,114
05/12/2023,EVV,IN,AGL,CE,Combined TRACON& Tower with Radar,12,15,19,0,46,0,1,1,0,2,12,16,20,0,48,0,0,0,48
05/13/2023,EVV,IN,AGL,CE,Combined TRACON& Tower with Radar,9,7,16,0,32,0,3,10,0,13,9,10,26,0,45,8,0,8,53
05/14/2023,EVV,IN,AGL,CE,Combined TRACON& Tower with Radar,14,5,8,0,27,0,0,0,0,0,14,5,8,0,27,3,0,3,30
05/15/2023,EVV,IN,AGL,CE,Combined TRACON& Tower with Radar,11,11,31,0,53,0,6,34,0,40,11,17,65,0,93,69,0,69,162
05/16/2023,EVV,IN,AGL,CE,Combined TRACON& Tower with Radar,8,12,24,2,46,0,1,4,2,7,8,13,28,4,53,14,0,14,67
05/17/2023,EVV,IN,AGL,CE,Combined TRACON& Tower with Radar,10,7,23,12,52,0,7,32,8,47,10,14,55,20,99,67,15,82,181
05/18/2023,EVV,IN,AGL,CE,Combined TRACON& Tower with Radar,14,13,28,0,55,0,3,22,0,25,14,16,50,0,80,58,0,58,138
05/19/2023,EVV,IN,AGL,CE,Combined TRACON& Tower with Radar,9,14,19,14,56,0,2,19,2,23,9,16,38,16,79,51,0,51,130
05/20/2023,EVV,IN,AGL,CE,Combined TRACON& Tower with Radar,9,13,16,4,42,0,2,16,2,20,9,15,32,6,62,33,0,33,95
05/21/2023,EVV,IN,AGL,CE,Combined TRACON& Tower with Radar,6,2,2,0,10,0,3,3,0,6,6,5,5,0,16,0,0,0,16
05/22/2023,EVV,IN,AGL,CE,Combined TRACON& Tower with Radar,12,12,18,0,42,0,8,20,1,29,12,20,38,1,71,36,0,36,107
05/23/2023,EVV,IN,AGL,CE,Combined TRACON& Tower with Radar,10,13,30,4,57,0,4,15,1,20,10,17,45,5,77,23,0,23,100
05/24/2023,EVV,IN,AGL,CE,Combined TRACON& Tower with Radar,10,13,30,0,53,0,2,15,0,17,10,15,45,0,70,27,0,27,97
05/25/2023,EVV,IN,AGL,CE,Combined TRACON& Tower with Radar,12,14,27,2,55,0,4,13,0,17,12,18,40,2,72,84,0,84,156
05/26/2023,EVV,IN,AGL,CE,Combined TRACON& Tower with Radar,12,8,18,0,38,0,0,11,4,15,12,8,29,4,53,73,0,73,126
05/27/2023,EVV,IN,AGL,CE,Combined TRACON& Tower with Radar,10,5,17,0,32,0,2,35,0,37,10,7,52,0,69,29,0,29,98
05/28/2023,EVV,IN,AGL,CE,Combined TRACON& Tower with Radar,12,5,5,0,22,0,2,14,0,16,12,7,19,0,38,31,0,31,69
05/29/2023,EVV,IN,AGL,CE,Combined TRACON& Tower with Radar,11,6,9,0,26,0,1,13,0,14,11,7,22,0,40,12,0,12,52
05/30/2023,EVV,IN,AGL,CE,Combined TRACON& Tower with Radar,7,15,21,1,44,0,4,29,1,34,7,19,50,2,78,12,0,12,90
05/31/2023,EVV,IN,AGL,CE,Combined TRACON& Tower with Radar,8,17,14,6,45,0,7,32,2,41,8,24,46,8,86,44,0,44,130
06/01/2023,EVV,IN,AGL,CE,Combined TRACON& Tower with Radar,13,14,20,0,47,0,6,24,0,30,13,20,44,0,77,19,0,19,96
06/02/2023,EVV,IN,AGL,CE,Combined TRACON& Tower with Radar,13,11,16,0,40,0,6,19,2,27,13,17,35,2,67,48,0,48,115
06/03/2023,EVV,IN,AGL,CE,Combined TRACON& Tower with Radar,9,9,3,0,21,0,2,22,0,24,9,11,25,0,45,22,0,22,67
06/04/2023,EVV,IN,AGL,CE,Combined TRACON& Tower with Radar,13,13,16,0,42,0,3,21,0,24,13,16,37,0,66,20,0,20,86
06/05/2023,EVV,IN,AGL,CE,Combined TRACON& Tower with Radar,13,23,19,0,55,0,9,45,0,54,13,32,64,0,109,99,0,99,208
06/06/2023,EVV,IN,AGL,CE,Combined TRACON& Tower with Radar,9,19,20,2,50,0,12,24,0,36,9,31,44,2,86,26,0,26,112
06/07/2023,EVV,IN,AGL,CE,Combined TRACON& Tower with Radar,9,12,8,2,31,0,3,11,0,14,9,15,19,2,45,61,0,61,106
06/08/2023,EVV,IN,AGL,CE,Combined TRACON& Tower with Radar,13,24,18,0,55,0,7,21,2,30,13,31,39,2,85,98,0,98,183
06/09/2023,EVV,IN,AGL,CE,Combined TRACON& Tower with Radar,13,16,34,4,67,0,7,30,2,39,13,23,64,6,106,54,0,54,160
06/10/2023,EVV,IN,AGL,CE,Combined TRACON& Tower with Radar,8,10,9,2,29,0,2,35,0,37,8,12,44,2,66,28,0,28,94
06/11/2023,EVV,IN,AGL,CE,Combined TRACON& Tower with Radar,13,10,10,0,33,0,2,2,0,4,13,12,12,0,37,0,0,0,37
06/12/2023,EVV,IN,AGL,CE,Combined TRACON& Tower with Radar,14,15,34,0,63,0,2,18,2,22,14,17,52,2,85,127,0,127,212
06/13/2023,EVV,IN,AGL,CE,Combined TRACON& Tower with Radar,9,7,18,6,40,0,7,20,0,27,9,14,38,6,67,12,4,16,83
06/14/2023,EVV,IN,AGL,CE,Combined TRACON& Tower with Radar,9,18,23,4,54,0,4,45,0,49,9,22,68,4,103,36,0,36,139
06/15/2023,EVV,IN,AGL,CE,Combined TRACON& Tower with Radar,13,24,27,10,74,0,10,49,1,60,13,34,76,11,134,109,21,130,264
06/16/2023,EVV,IN,AGL,CE,Combined TRACON& Tower with Radar,13,22,18,10,63,0,4,30,0,34,13,26,48,10,97,85,25,110,207
06/17/2023,EVV,IN,AGL,CE,Combined TRACON& Tower with Radar,10,17,13,0,40,0,5,23,3,31,10,22,36,3,71,79,0,79,150
06/18/2023,EVV,IN,AGL,CE,Combined TRACON& Tower with Radar,13,19,1,0,33,0,10,10,0,20,13,29,11,0,53,4,0,4,57
06/19/2023,EVV,IN,AGL,CE,Combined TRACON& Tower with Radar,12,9,10,0,31,0,3,4,0,7,12,12,14,0,38,24,0,24,62
06/20/2023,EVV,IN,AGL,CE,Combined TRACON& Tower with Radar,9,11,19,0,39,0,1,14,2,17,9,12,33,2,56,124,0,124,180
06/21/2023,EVV,IN,AGL,CE,Combined TRACON& Tower with Radar,11,16,27,1,55,0,2,25,2,29,11,18,52,3,84,22,0,22,106
06/22/2023,EVV,IN,AGL,CE,Combined TRACON& Tower with Radar,15,19,32,3,69,0,5,26,5,36,15,24,58,8,105,47,8,55,160
06/23/2023,EVV,IN,AGL,CE,Combined TRACON& Tower with Radar,13,23,19,4,59,0,4,19,0,23,13,27,38,4,82,118,0,118,200
06/24/2023,EVV,IN,AGL,CE,Combined TRACON& Tower with Radar,9,11,19,0,39,0,3,33,0,36,9,14,52,0,75,45,0,45,120
06/25/2023,EVV,IN,AGL,CE,Combined TRACON& Tower with Radar,15,9,9,0,33,0,1,8,4,13,15,10,17,4,46,17,0,17,63
06/26/2023,EVV,IN,AGL,CE,Combined TRACON& Tower with Radar,14,11,4,15,44,0,1,8,1,10,14,12,12,16,54,51,20,71,125
06/27/2023,EVV,IN,AGL,CE,Combined TRACON& Tower with Radar,11,26,18,9,64,0,8,10,1,19,11,34,28,10,83,65,8,73,156
06/28/2023,EVV,IN,AGL,CE,Combined TRACON& Tower with Radar,9,13,33,2,57,0,0,0,0,0,9,13,33,2,57,0,0,0,57
06/29/2023,EVV,IN,AGL,CE,Combined TRACON& Tower with Radar,16,13,12,0,41,0,0,5,0,5,16,13,17,0,46,2,0,2,48
06/30/2023,EVV,IN,AGL,CE,Combined TRACON& Tower with Radar,14,20,14,20,68,0,13,19,0,32,14,33,33,20,100,35,14,49,149
07/01/2023,EVV,IN,AGL,CE,Combined TRACON& Tower with Radar,12,5,8,0,25,0,4,11,0,15,12,9,19,0,40,4,0,4,44
07/02/2023,EVV,IN,AGL,CE,Combined TRACON& Tower with Radar,9,6,1,0,16,0,6,10,0,16,9,12,11,0,32,6,0,6,38
07/03/2023,EVV,IN,AGL,CE,Combined TRACON& Tower with Radar,9,7,9,0,25,0,6,35,2,43,9,13,44,2,68,21,0,21,89
07/04/2023,EVV,IN,AGL,CE,Combined TRACON& Tower with Radar,10,4,10,0,24,0,0,12,0,12,10,4,22,0,36,33,0,33,69
07/05/2023,EVV,IN,AGL,CE,Combined TRACON& Tower with Radar,7,13,14,0,34,0,5,24,0,29,7,18,38,0,63,63,0,63,126
07/06/2023,EVV,IN,AGL,CE,Combined TRACON& Tower with Radar,11,11,24,12,58,0,1,30,0,31,11,12,54,12,89,25,0,25,114
07/07/2023,EVV,IN,AGL,CE,Combined TRACON& Tower with Radar,12,18,13,2,45,0,10,35,4,49,12,28,48,6,94,40,3,43,137
07/08/2023,EVV,IN,AGL,CE,Combined TRACON& Tower with Radar,8,5,11,0,24,0,4,4,0,8,8,9,15,0,32,0,0,0,32
07/09/2023,EVV,IN,AGL,CE,Combined TRACON& Tower with Radar,13,10,14,0,37,0,2,31,0,33,13,12,45,0,70,8,0,8,78
07/10/2023,EVV,IN,AGL,CE,Combined TRACON& Tower with Radar,14,11,30,0,55,0,6,72,0,78,14,17,102,0,133,93,0,93,226
07/11/2023,EVV,IN,AGL,CE,Combined TRACON& Tower with Radar,9,13,29,0,51,0,7,88,2,97,9,20,117,2,148,73,0,73,221
07/12/2023,EVV,IN,AGL,CE,Combined TRACON& Tower with Radar,9,13,31,11,64,0,1,64,1,66,9,14,95,12,130,67,6,73,203
07/13/2023,EVV,IN,AGL,CE,Combined TRACON& Tower with Radar,14,9,24,0,47,0,2,48,0,50,14,11,72,0,97,20,0,20,117
07/14/2023,EVV,IN,AGL,CE,Combined TRACON& Tower with Radar,15,14,15,16,60,0,5,37,1,43,15,19,52,17,103,46,22,68,171
07/15/2023,EVV,IN,AGL,CE,Combined TRACON& Tower with Radar,7,7,12,0,26,0,4,6,0,10,7,11,18,0,36,1,0,1,37
07/16/2023,EVV,IN,AGL,CE,Combined TRACON& Tower with Radar,13,9,19,0,41,0,3,17,0,20,13,12,36,0,61,38,0,38,99
07/17/2023,EVV,IN,AGL,CE,Combined TRACON& Tower with Radar,13,15,18,0,46,0,4,21,2,27,13,19,39,2,73,24,0,24,97
07/18/2023,EVV,IN,AGL,CE,Combined TRACON& Tower with Radar,9,19,29,3,60,0,3,37,1,41,9,22,66,4,101,34,0,34,135
07/19/2023,EVV,IN,AGL,CE,Combined TRACON& Tower with Radar,10,17,35,4,66,0,2,22,0,24,10,19,57,4,90,5,0,5,95
07/20/2023,EVV,IN,AGL,CE,Combined TRACON& Tower with Radar,15,19,21,3,58,0,3,31,1,35,15,22,52,4,93,17,0,17,110
07/21/2023,EVV,IN,AGL,CE,Combined TRACON& Tower with Radar,12,7,21,21,61,0,6,59,3,68,12,13,80,24,129,53,9,62,191
07/22/2023,EVV,IN,AGL,CE,Combined TRACON& Tower with Radar,8,9,18,0,35,0,10,61,0,71,8,19,79,0,106,74,0,74,180
07/23/2023,EVV,IN,AGL,CE,Combined TRACON& Tower with Radar,13,5,6,0,24,0,6,30,0,36,13,11,36,0,60,42,0,42,102
07/24/2023,EVV,IN,AGL,CE,Combined TRACON& Tower with Radar,15,8,9,4,36,0,0,28,0,28,15,8,37,4,64,37,0,37,101
07/25/2023,EVV,IN,AGL,CE,Combined TRACON& Tower with Radar,9,14,18,0,41,0,7,40,2,49,9,21,58,2,90,42,0,42,132
07/26/2023,EVV,IN,AGL,CE,Combined TRACON& Tower with Radar,9,6,19,6,40,0,2,19,0,21,9,8,38,6,61,6,0,6,67
07/27/2023,EVV,IN,AGL,CE,Combined TRACON& Tower with Radar,14,19,25,0,58,0,2,30,0,32,14,21,55,0,90,29,0,29,119
07/28/2023,EVV,IN,AGL,CE,Combined TRACON& Tower with Radar,13,13,17,36,79,0,7,24,0,31,13,20,41,36,110,32,5,37,147
07/29/2023,EVV,IN,AGL,CE,Combined TRACON& Tower with Radar,7,8,9,0,24,0,5,17,0,22,7,13,26,0,46,0,0,0,46
07/30/2023,EVV,IN,AGL,CE,Combined TRACON& Tower with Radar,12,13,16,0,41,0,7,27,0,34,12,20,43,0,75,25,0,25,100
07/31/2023,EVV,IN,AGL,CE,Combined TRACON& Tower with Radar,12,9,13,2,36,0,6,34,0,40,12,15,47,2,76,0,0,0,76
08/01/2023,EVV,IN,AGL,CE,Combined TRACON& Tower with Radar,8,17,27,5,57,0,1,25,1,27,8,18,52,6,84,2,0,2,86
08/02/2023,EVV,IN,AGL,CE,Combined TRACON& Tower with Radar,7,13,18,9,47,0,1,19,1,21,7,14,37,10,68,59,12,71,139
08/03/2023,EVV,IN,AGL,CE,Combined TRACON& Tower with Radar,14,11,15,0,40,0,3,10,0,13,14,14,25,0,53,0,0,0,53
08/04/2023,EVV,IN,AGL,CE,Combined TRACON& Tower with Radar,13,16,21,52,102,0,4,26,0,30,13,20,47,52,132,18,18,36,168
08/05/2023,EVV,IN,AGL,CE,Combined TRACON& Tower with Radar,7,6,7,6,26,0,2,10,0,12,7,8,17,6,38,27,0,27,65
08/06/2023,EVV,IN,AGL,CE,Combined TRACON& Tower with Radar,13,9,16,4,42,0,1,25,0,26,13,10,41,4,68,20,0,20,88
08/07/2023,EVV,IN,AGL,CE,Combined TRACON& Tower with Radar,10,11,17,6,44,0,2,12,2,16,10,13,29,8,60,6,4,10,70
08/08/2023,EVV,IN,AGL,CE,Combined TRACON& Tower with Radar,8,11,20,2,41,0,3,40,2,45,8,14,60,4,86,39,4,43,129
08/09/2023,EVV,IN,AGL,CE,Combined TRACON& Tower with Radar,6,8,10,0,24,0,2,6,0,8,6,10,16,0,32,39,0,39,71
08/10/2023,EVV,IN,AGL,CE,Combined TRACON& Tower with Radar,14,9,17,0,40,0,5,18,0,23,14,14,35,0,63,16,0,16,79
08/11/2023,EVV,IN,AGL,CE,Combined TRACON& Tower with Radar,11,16,21,24,72,0,5,45,0,50,11,21,66,24,122,16,29,45,167
08/12/2023,EVV,IN,AGL,CE,Combined TRACON& Tower with Radar,8,12,3,0,23,0,7,4,0,11,8,19,7,0,34,14,0,14,48
08/13/2023,EVV,IN,AGL,CE,Combined TRACON& Tower with Radar,13,17,10,0,40,0,4,25,0,29,13,21,35,0,69,22,0,22,91
08/14/2023,EVV,IN,AGL,CE,Combined TRACON& Tower with Radar,13,11,17,1,42,0,1,2,1,4,13,12,19,2,46,6,0,6,52
08/15/2023,EVV,IN,AGL,CE,Combined TRACON& Tower with Radar,9,12,28,2,51,0,1,19,0,20,9,13,47,2,71,40,0,40,111
08/16/2023,EVV,IN,AGL,CE,Combined TRACON& Tower with Radar,8,24,26,4,62,0,4,46,0,50,8,28,72,4,112,45,12,57,169
08/17/2023,EVV,IN,AGL,CE,Combined TRACON& Tower with Radar,10,20,19,1,50,0,8,45,1,54,10,28,64,2,104,36,0,36,140
08/18/2023,EVV,IN,AGL,CE,Combined TRACON& Tower with Radar,10,15,27,2,54,0,7,43,3,53,10,22,70,5,107,54,0,54,161
08/19/2023,EVV,IN,AGL,CE,Combined TRACON& Tower with Radar,7,10,18,0,35,0,8,39,0,47,7,18,57,0,82,19,0,19,101
08/20/2023,EVV,IN,AGL,CE,Combined TRACON& Tower with Radar,10,8,12,0,30,0,2,20,0,22,10,10,32,0,52,20,0,20,72
08/21/2023,EVV,IN,AGL,CE,Combined TRACON& Tower with Radar,8,13,22,6,49,0,9,23,0,32,8,22,45,6,81,42,6,48,129
08/22/2023,EVV,IN,AGL,CE,Combined TRACON& Tower with Radar,8,12,21,2,43,0,1,19,0,20,8,13,40,2,63,15,0,15,78
08/23/2023,EVV,IN,AGL,CE,Combined TRACON& Tower with Radar,8,15,29,0,52,0,6,31,0,37,8,21,60,0,89,0,0,0,89
08/24/2023,EVV,IN,AGL,CE,Combined TRACON& Tower with Radar,13,13,13,0,39,0,0,25,0,25,13,13,38,0,64,34,0,34,98
08/25/2023,EVV,IN,AGL,CE,Combined TRACON& Tower with Radar,9,21,24,8,62,0,2,17,0,19,9,23,41,8,81,85,9,94,175
08/26/2023,EVV,IN,AGL,CE,Combined TRACON& Tower with Radar,7,9,12,0,28,0,1,6,0,7,7,10,18,0,35,25,0,25,60
08/27/2023,EVV,IN,AGL,CE,Combined TRACON& Tower with Radar,11,7,13,4,35,0,2,6,2,10,11,9,19,6,45,0,0,0,45
08/28/2023,EVV,IN,AGL,CE,Combined TRACON& Tower with Radar,9,7,18,12,46,0,14,51,0,65,9,21,69,12,111,56,14,70,181
08/29/2023,EVV,IN,AGL,CE,Combined TRACON& Tower with Radar,8,6,27,0,41,0,7,30,0,37,8,13,57,0,78,62,0,62,140
08/30/2023,EVV,IN,AGL,CE,Combined TRACON& Tower with Radar,7,16,21,2,46,0,5,24,0,29,7,21,45,2,75,0,0,0,75
08/31/2023,EVV,IN,AGL,CE,Combined TRACON& Tower with Radar,11,13,26,0,50,0,5,24,2,31,11,18,50,2,81,2,0,2,83
