01/01/2000,EWB,MA,ANE,EN,Federal Contract Tower,0,4,13,0,17,0,13,20,0,33,0,17,33,0,50,12,0,12,62
01/02/2000,EWB,MA,ANE,EN,Federal Contract Tower,0,11,32,0,43,0,23,0,0,23,0,34,32,0,66,34,0,34,100
01/03/2000,EWB,MA,ANE,EN,Federal Contract Tower,0,6,22,0,28,0,21,12,0,33,0,27,34,0,61,66,0,66,127
01/04/2000,EWB,MA,ANE,EN,Federal Contract Tower,0,4,2,0,6,0,12,0,0,12,0,16,2,0,18,0,0,0,18
01/05/2000,EWB,MA,ANE,EN,Federal Contract Tower,0,3,12,0,15,0,24,13,0,37,0,27,25,0,52,56,2,58,110
01/06/2000,EWB,MA,ANE,EN,Federal Contract Tower,0,7,31,0,38,0,19,59,0,78,0,26,90,0,116,120,0,120,236
01/07/2000,EWB,MA,ANE,EN,Federal Contract Tower,0,1,6,0,7,0,23,24,0,47,0,24,30,0,54,42,2,44,98
01/08/2000,EWB,MA,ANE,EN,Federal Contract Tower,0,8,35,0,43,0,3,79,0,82,0,11,114,0,125,142,4,146,271
01/09/2000,EWB,MA,ANE,EN,Federal Contract Tower,0,4,19,0,23,0,18,106,0,124,0,22,125,0,147,170,10,180,327
01/10/2000,EWB,MA,ANE,EN,Federal Contract Tower,0,4,13,0,17,0,15,0,0,15,0,19,13,0,32,12,0,12,44
01/11/2000,EWB,MA,ANE,EN,Federal Contract Tower,0,1,8,0,9,0,17,27,0,44,0,18,35,0,53,50,0,50,103
01/12/2000,EWB,MA,ANE,EN,Federal Contract Tower,0,0,1,0,1,0,19,18,0,37,0,19,19,0,38,4,0,4,42
01/13/2000,EWB,MA,ANE,EN,Federal Contract Tower,0,2,7,0,9,0,11,0,0,11,0,13,7,0,20,4,0,4,24
01/14/2000,EWB,MA,ANE,EN,Federal Contract Tower,0,0,3,0,3,0,5,4,0,9,0,5,7,0,12,0,0,0,12
01/15/2000,EWB,MA,ANE,EN,Federal Contract Tower,0,3,15,0,18,0,13,19,0,32,0,16,34,0,50,46,0,46,96
01/16/2000,EWB,MA,ANE,EN,Federal Contract Tower,0,0,2,0,2,0,16,0,0,16,0,16,2,0,18,4,0,4,22
01/17/2000,EWB,MA,ANE,EN,Federal Contract Tower,0,0,3,0,3,0,12,3,0,15,0,12,6,0,18,4,0,4,22
01/18/2000,EWB,MA,ANE,EN,Federal Contract Tower,0,4,19,0,23,0,17,21,0,38,0,21,40,0,61,68,0,68,129
01/19/2000,EWB,MA,ANE,EN,Federal Contract Tower,0,7,30,0,37,0,9,15,0,24,0,16,45,0,61,124,8,132,193
01/20/2000,EWB,MA,ANE,EN,Federal Contract Tower,0,5,13,0,18,0,14,0,2,16,0,19,13,2,34,34,6,40,74
01/21/2000,EWB,MA,ANE,EN,Federal Contract Tower,0,1,6,0,7,0,20,0,0,20,0,21,6,0,27,0,0,0,27
01/22/2000,EWB,MA,ANE,EN,Federal Contract Tower,0,0,0,0,0,0,17,16,0,33,0,17,16,0,33,2,0,2,35
01/23/2000,EWB,MA,ANE,EN,Federal Contract Tower,0,4,17,0,21,0,13,39,0,52,0,17,56,0,73,112,0,112,185
01/24/2000,EWB,MA,ANE,EN,Federal Contract Tower,0,6,26,0,32,0,17,30,0,47,0,23,56,0,79,130,0,130,209
01/25/2000,EWB,MA,ANE,EN,Federal Contract Tower,0,1,0,0,1,0,9,0,0,9,0,10,0,0,10,0,0,0,10
01/26/2000,EWB,MA,ANE,EN,Federal Contract Tower,0,1,9,0,10,0,19,4,0,23,0,20,13,0,33,14,0,14,47
01/27/2000,EWB,MA,ANE,EN,Federal Contract Tower,0,3,14,0,17,0,22,22,0,44,0,25,36,0,61,52,10,62,123
01/28/2000,EWB,MA,ANE,EN,Federal Contract Tower,0,2,13,0,15,0,23,27,2,52,0,25,40,2,67,38,14,52,119
01/29/2000,EWB,MA,ANE,EN,Federal Contract Tower,0,10,48,0,58,0,2,38,0,40,0,12,86,0,98,170,4,174,272
01/30/2000,EWB,MA,ANE,EN,Federal Contract Tower,0,5,23,0,28,0,17,92,0,109,0,22,115,0,137,158,0,158,295
01/31/2000,EWB,MA,ANE,EN,Federal Contract Tower,0,4,4,0,8,0,24,0,2,26,0,28,4,2,34,2,0,2,36
02/01/2000,EWB,MA,ANE,EN,Federal Contract Tower,0,6,25,1,32,0,22,29,0,51,0,28,54,1,83,50,0,50,133
02/02/2000,EWB,MA,ANE,EN,Federal Contract Tower,0,4,21,2,27,0,12,2,0,14,0,16,23,2,41,36,6,42,83
02/03/2000,EWB,MA,ANE,EN,Federal Contract Tower,0,6,28,0,34,0,21,23,0,44,0,27,51,0,78,58,6,64,142
02/04/2000,EWB,MA,ANE,EN,Federal Contract Tower,0,5,9,0,14,0,36,0,0,36,0,41,9,0,50,22,0,22,72
02/05/2000,EWB,MA,ANE,EN,Federal Contract Tower,0,7,32,0,39,0,3,63,0,66,0,10,95,0,105,110,0,110,215
02/06/2000,EWB,MA,ANE,EN,Federal Contract Tower,0,1,7,0,8,0,21,19,0,40,0,22,26,0,48,14,0,14,62
02/07/2000,EWB,MA,ANE,EN,Federal Contract Tower,0,0,3,0,3,0,25,31,0,56,0,25,34,0,59,56,0,56,115
02/08/2000,EWB,MA,ANE,EN,Federal Contract Tower,0,4,19,2,25,0,16,61,0,77,0,20,80,2,102,80,2,82,184
02/09/2000,EWB,MA,ANE,EN,Federal Contract Tower,0,2,8,0,10,0,18,18,0,36,0,20,26,0,46,22,0,22,68
02/10/2000,EWB,MA,ANE,EN,Federal Contract Tower,0,5,23,0,28,0,14,48,0,62,0,19,71,0,90,84,0,84,174
02/11/2000,EWB,MA,ANE,EN,Federal Contract Tower,0,4,4,0,8,0,15,0,0,15,0,19,4,0,23,4,0,4,27
02/12/2000,EWB,MA,ANE,EN,Federal Contract Tower,0,6,25,0,31,0,5,87,0,92,0,11,112,0,123,122,0,122,245
02/13/2000,EWB,MA,ANE,EN,Federal Contract Tower,0,12,57,0,69,0,8,27,0,35,0,20,84,0,104,122,0,122,226
02/14/2000,EWB,MA,ANE,EN,Federal Contract Tower,0,3,1,0,4,0,11,0,0,11,0,14,1,0,15,0,0,0,15
02/15/2000,EWB,MA,ANE,EN,Federal Contract Tower,0,7,28,0,35,0,18,51,0,69,0,25,79,0,104,90,0,90,194
02/16/2000,EWB,MA,ANE,EN,Federal Contract Tower,0,4,15,0,19,0,22,28,0,50,0,26,43,0,69,42,12,54,123
02/17/2000,EWB,MA,ANE,EN,Federal Contract Tower,0,4,15,0,19,0,21,56,0,77,0,25,71,0,96,92,0,92,188
02/18/2000,EWB,MA,ANE,EN,Federal Contract Tower,0,3,11,0,14,0,22,0,0,22,0,25,11,0,36,2,0,2,38
02/19/2000,EWB,MA,ANE,EN,Federal Contract Tower,0,1,1,0,2,0,7,0,0,7,0,8,1,0,9,0,0,0,9
02/20/2000,EWB,MA,ANE,EN,Federal Contract Tower,0,7,29,0,36,0,17,30,0,47,0,24,59,0,83,156,0,156,239
02/21/2000,EWB,MA,ANE,EN,Federal Contract Tower,0,8,38,0,46,0,14,61,0,75,0,22,99,0,121,152,0,152,273
02/22/2000,EWB,MA,ANE,EN,Federal Contract Tower,0,4,15,0,19,0,23,38,0,61,0,27,53,0,80,52,0,52,132
02/23/2000,EWB,MA,ANE,EN,Federal Contract Tower,0,3,12,0,15,0,18,38,4,60,0,21,50,4,75,54,24,78,153
02/24/2000,EWB,MA,ANE,EN,Federal Contract Tower,0,6,28,0,34,0,18,41,0,59,0,24,69,0,93,82,10,92,185
02/25/2000,EWB,MA,ANE,EN,Federal Contract Tower,0,8,14,0,22,0,16,0,0,16,0,24,14,0,38,24,0,24,62
02/26/2000,EWB,MA,ANE,EN,Federal Contract Tower,0,3,8,0,11,0,4,0,0,4,0,7,8,0,15,2,0,2,17
02/27/2000,EWB,MA,ANE,EN,Federal Contract Tower,0,4,4,0,8,0,2,0,0,2,0,6,4,0,10,16,0,16,26
02/28/2000,EWB,MA,ANE,EN,Federal Contract Tower,0,4,14,0,18,0,19,0,0,19,0,23,14,0,37,34,2,36,73
02/29/2000,EWB,MA,ANE,EN,Federal Contract Tower,0,3,14,0,17,0,17,44,2,63,0,20,58,2,80,34,0,34,114
03/01/2000,EWB,MA,ANE,EN,Federal Contract Tower,0,4,18,0,22,0,18,80,0,98,0,22,98,0,120,82,4,86,206
03/02/2000,EWB,MA,ANE,EN,Federal Contract Tower,0,5,24,0,29,0,24,5,0,29,0,29,29,0,58,46,0,46,104
03/03/2000,EWB,MA,ANE,EN,Federal Contract Tower,0,4,27,0,31,0,39,12,0,51,0,43,39,0,82,86,0,86,168
03/04/2000,EWB,MA,ANE,EN,Federal Contract Tower,0,4,26,0,30,0,3,105,0,108,0,7,131,0,138,130,4,134,272
03/05/2000,EWB,MA,ANE,EN,Federal Contract Tower,0,5,30,0,35,0,17,56,0,73,0,22,86,0,108,122,2,124,232
03/06/2000,EWB,MA,ANE,EN,Federal Contract Tower,0,1,6,0,7,0,21,45,0,66,0,22,51,0,73,86,0,86,159
03/07/2000,EWB,MA,ANE,EN,Federal Contract Tower,0,5,27,0,32,0,19,68,0,87,0,24,95,0,119,120,4,124,243
03/08/2000,EWB,MA,ANE,EN,Federal Contract Tower,0,4,24,0,28,0,23,42,0,65,0,27,66,0,93,110,0,110,203
03/09/2000,EWB,MA,ANE,EN,Federal Contract Tower,0,4,26,0,30,0,26,10,0,36,0,30,36,0,66,48,0,48,114
03/10/2000,EWB,MA,ANE,EN,Federal Contract Tower,0,7,39,0,46,0,27,6,0,33,0,34,45,0,79,58,2,60,139
03/11/2000,EWB,MA,ANE,EN,Federal Contract Tower,0,3,18,0,21,0,13,10,0,23,0,16,28,0,44,46,0,46,90
03/12/2000,EWB,MA,ANE,EN,Federal Contract Tower,0,5,0,0,5,0,12,0,0,12,0,17,0,0,17,30,0,30,47
03/13/2000,EWB,MA,ANE,EN,Federal Contract Tower,0,4,22,0,26,0,23,18,0,41,0,27,40,0,67,84,0,84,151
03/14/2000,EWB,MA,ANE,EN,Federal Contract Tower,0,3,17,0,20,0,22,55,0,77,0,25,72,0,97,56,6,62,159
03/15/2000,EWB,MA,ANE,EN,Federal Contract Tower,0,5,28,0,33,0,21,25,0,46,0,26,53,0,79,84,4,88,167
03/16/2000,EWB,MA,ANE,EN,Federal Contract Tower,0,5,30,0,35,0,18,4,0,22,0,23,34,0,57,42,10,52,109
03/17/2000,EWB,MA,ANE,EN,Federal Contract Tower,0,2,1,0,3,0,10,0,0,10,0,12,1,0,13,0,0,0,13
03/18/2000,EWB,MA,ANE,EN,Federal Contract Tower,0,8,48,2,58,0,11,8,0,19,0,19,56,2,77,116,6,122,199
03/19/2000,EWB,MA,ANE,EN,Federal Contract Tower,0,4,21,0,25,0,14,104,0,118,0,18,125,0,143,208,0,208,351
03/20/2000,EWB,MA,ANE,EN,Federal Contract Tower,0,4,24,0,28,0,24,9,0,33,0,28,33,0,61,52,0,52,113
03/21/2000,EWB,MA,ANE,EN,Federal Contract Tower,0,5,14,0,19,0,13,0,0,13,0,18,14,0,32,4,0,4,36
03/22/2000,EWB,MA,ANE,EN,Federal Contract Tower,0,4,19,0,23,0,16,0,0,16,0,20,19,0,39,20,2,22,61
03/23/2000,EWB,MA,ANE,EN,Federal Contract Tower,0,5,30,0,35,0,22,62,0,84,0,27,92,0,119,100,4,104,223
03/24/2000,EWB,MA,ANE,EN,Federal Contract Tower,0,7,37,0,44,0,29,54,0,83,0,36,91,0,127,184,2,186,313
03/25/2000,EWB,MA,ANE,EN,Federal Contract Tower,0,5,32,0,37,0,14,82,0,96,0,19,114,0,133,102,0,102,235
03/26/2000,EWB,MA,ANE,EN,Federal Contract Tower,0,5,31,0,36,0,21,49,0,70,0,26,80,0,106,80,0,80,186
03/27/2000,EWB,MA,ANE,EN,Federal Contract Tower,0,2,14,0,16,0,16,50,0,66,0,18,64,0,82,56,0,56,138
03/28/2000,EWB,MA,ANE,EN,Federal Contract Tower,0,4,26,0,30,0,11,13,0,24,0,15,39,0,54,4,0,4,58
03/29/2000,EWB,MA,ANE,EN,Federal Contract Tower,0,0,7,0,7,0,20,21,0,41,0,20,28,0,48,54,2,56,104
03/30/2000,EWB,MA,ANE,EN,Federal Contract Tower,0,5,28,1,34,0,27,28,1,56,0,32,56,2,90,90,8,98,188
03/31/2000,EWB,MA,ANE,EN,Federal Contract Tower,0,5,30,0,35,0,25,52,0,77,0,30,82,0,112,106,0,106,218
04/01/2000,EWB,MA,ANE,EN,Federal Contract Tower,0,11,34,0,45,0,4,125,0,129,0,15,159,0,174,146,4,150,324
04/02/2000,EWB,MA,ANE,EN,Federal Contract Tower,0,6,18,1,25,0,20,53,12,85,0,26,71,13,110,118,4,122,232
04/03/2000,EWB,MA,ANE,EN,Federal Contract Tower,0,11,26,0,37,0,10,0,0,10,0,21,26,0,47,24,0,24,71
04/04/2000,EWB,MA,ANE,EN,Federal Contract Tower,0,7,7,0,14,0,11,0,0,11,0,18,7,0,25,2,0,2,27
04/05/2000,EWB,MA,ANE,EN,Federal Contract Tower,0,10,25,1,36,0,27,22,5,54,0,37,47,6,90,38,0,38,128
04/06/2000,EWB,MA,ANE,EN,Federal Contract Tower,0,12,35,2,49,0,15,40,2,57,0,27,75,4,106,82,22,104,210
04/07/2000,EWB,MA,ANE,EN,Federal Contract Tower,0,10,30,0,40,0,29,74,0,103,0,39,104,0,143,138,2,140,283
04/08/2000,EWB,MA,ANE,EN,Federal Contract Tower,0,6,15,0,21,0,20,30,0,50,0,26,45,0,71,32,0,32,103
04/09/2000,EWB,MA,ANE,EN,Federal Contract Tower,0,2,2,0,4,0,15,0,0,15,0,17,2,0,19,0,0,0,19
04/10/2000,EWB,MA,ANE,EN,Federal Contract Tower,0,1,4,0,5,0,20,12,0,32,0,21,16,0,37,14,0,14,51
04/11/2000,EWB,MA,ANE,EN,Federal Contract Tower,0,7,20,0,27,0,9,10,0,19,0,16,30,0,46,52,0,52,98
04/12/2000,EWB,MA,ANE,EN,Federal Contract Tower,0,7,17,0,24,0,14,26,0,40,0,21,43,0,64,54,0,54,118
04/13/2000,EWB,MA,ANE,EN,Federal Contract Tower,0,8,23,0,31,0,15,72,0,87,0,23,95,0,118,84,0,84,202
04/14/2000,EWB,MA,ANE,EN,Federal Contract Tower,0,7,19,0,26,0,25,48,0,73,0,32,67,0,99,58,4,62,161
04/15/2000,EWB,MA,ANE,EN,Federal Contract Tower,0,19,20,0,39,0,2,0,0,2,0,21,20,0,41,66,0,66,107
04/16/2000,EWB,MA,ANE,EN,Federal Contract Tower,0,10,27,0,37,0,13,0,0,13,0,23,27,0,50,42,0,42,92
04/17/2000,EWB,MA,ANE,EN,Federal Contract Tower,0,7,18,0,25,0,23,28,0,51,0,30,46,0,76,80,0,80,156
04/18/2000,EWB,MA,ANE,EN,Federal Contract Tower,0,5,9,0,14,0,16,0,0,16,0,21,9,0,30,4,0,4,34
04/19/2000,EWB,MA,ANE,EN,Federal Contract Tower,0,10,6,0,16,0,16,0,0,16,0,26,6,0,32,8,0,8,40
04/20/2000,EWB,MA,ANE,EN,Federal Contract Tower,0,16,44,0,60,0,15,29,0,44,0,31,73,0,104,114,8,122,226
04/21/2000,EWB,MA,ANE,EN,Federal Contract Tower,0,11,33,0,44,0,21,0,0,21,0,32,33,0,65,86,0,86,151
04/22/2000,EWB,MA,ANE,EN,Federal Contract Tower,0,4,1,0,5,0,11,0,0,11,0,15,1,0,16,0,0,0,16
04/23/2000,EWB,MA,ANE,EN,Federal Contract Tower,0,9,8,0,17,0,21,0,0,21,0,30,8,0,38,4,0,4,42
04/24/2000,EWB,MA,ANE,EN,Federal Contract Tower,0,6,18,0,24,0,18,38,0,56,0,24,56,0,80,44,2,46,126
04/25/2000,EWB,MA,ANE,EN,Federal Contract Tower,0,7,20,0,27,0,23,47,16,86,0,30,67,16,113,78,6,84,197
04/26/2000,EWB,MA,ANE,EN,Federal Contract Tower,0,6,6,0,12,0,14,0,0,14,0,20,6,0,26,0,0,0,26
04/27/2000,EWB,MA,ANE,EN,Federal Contract Tower,0,12,32,1,45,0,33,0,1,34,0,45,32,2,79,72,12,84,163
04/28/2000,EWB,MA,ANE,EN,Federal Contract Tower,0,1,6,0,7,0,54,60,0,114,0,55,66,0,121,80,0,80,201
04/29/2000,EWB,MA,ANE,EN,Federal Contract Tower,0,11,33,0,44,0,2,58,0,60,0,13,91,0,104,136,0,136,240
04/30/2000,EWB,MA,ANE,EN,Federal Contract Tower,0,5,15,0,20,0,42,59,0,101,0,47,74,0,121,108,2,110,231
05/01/2000,EWB,MA,ANE,EN,Federal Contract Tower,0,6,18,0,24,0,29,48,0,77,0,35,66,0,101,86,0,86,187
05/02/2000,EWB,MA,ANE,EN,Federal Contract Tower,0,11,33,0,44,0,20,31,0,51,0,31,64,0,95,96,0,96,191
05/03/2000,EWB,MA,ANE,EN,Federal Contract Tower,0,11,36,0,47,0,12,100,0,112,0,23,136,0,159,208,2,210,369
05/04/2000,EWB,MA,ANE,EN,Federal Contract Tower,0,6,24,0,30,0,26,48,0,74,0,32,72,0,104,80,16,96,200
05/05/2000,EWB,MA,ANE,EN,Federal Contract Tower,0,5,17,0,22,0,40,64,0,104,0,45,81,0,126,150,0,150,276
05/06/2000,EWB,MA,ANE,EN,Federal Contract Tower,0,8,30,2,40,0,14,90,0,104,0,22,120,2,144,156,2,158,302
05/07/2000,EWB,MA,ANE,EN,Federal Contract Tower,0,3,9,0,12,0,31,100,0,131,0,34,109,0,143,170,6,176,319
05/08/2000,EWB,MA,ANE,EN,Federal Contract Tower,0,7,27,0,34,0,21,38,0,59,0,28,65,0,93,128,0,128,221
05/09/2000,EWB,MA,ANE,EN,Federal Contract Tower,0,4,12,0,16,0,27,31,0,58,0,31,43,0,74,44,2,46,120
05/10/2000,EWB,MA,ANE,EN,Federal Contract Tower,0,8,10,0,18,0,16,0,0,16,0,24,10,0,34,10,0,10,44
05/11/2000,EWB,MA,ANE,EN,Federal Contract Tower,0,10,34,2,46,0,35,7,0,42,0,45,41,2,88,74,2,76,164
05/12/2000,EWB,MA,ANE,EN,Federal Contract Tower,0,6,20,0,26,0,45,81,0,126,0,51,101,0,152,102,6,108,260
05/13/2000,EWB,MA,ANE,EN,Federal Contract Tower,0,10,10,0,20,0,10,0,0,10,0,20,10,0,30,22,2,24,54
05/14/2000,EWB,MA,ANE,EN,Federal Contract Tower,0,6,18,0,24,0,35,98,0,133,0,41,116,0,157,92,0,92,249
05/15/2000,EWB,MA,ANE,EN,Federal Contract Tower,0,4,13,0,17,0,16,65,0,81,0,20,78,0,98,98,0,98,196
05/16/2000,EWB,MA,ANE,EN,Federal Contract Tower,0,11,36,2,49,0,17,71,2,90,0,28,107,4,139,148,4,152,291
05/17/2000,EWB,MA,ANE,EN,Federal Contract Tower,0,7,26,0,33,0,20,54,0,74,0,27,80,0,107,80,0,80,187
05/18/2000,EWB,MA,ANE,EN,Federal Contract Tower,0,5,17,0,22,0,24,16,0,40,0,29,33,0,62,26,0,26,88
05/19/2000,EWB,MA,ANE,EN,Federal Contract Tower,0,16,24,0,40,0,43,0,0,43,0,59,24,0,83,14,0,14,97
05/20/2000,EWB,MA,ANE,EN,Federal Contract Tower,0,7,23,0,30,0,22,23,0,45,0,29,46,0,75,60,6,66,141
05/21/2000,EWB,MA,ANE,EN,Federal Contract Tower,0,14,51,0,65,0,47,21,0,68,0,61,72,0,133,130,2,132,265
05/22/2000,EWB,MA,ANE,EN,Federal Contract Tower,0,16,26,0,42,0,23,0,0,23,0,39,26,0,65,82,4,86,151
05/23/2000,EWB,MA,ANE,EN,Federal Contract Tower,0,11,39,0,50,0,32,2,0,34,0,43,41,0,84,68,0,68,152
05/24/2000,EWB,MA,ANE,EN,Federal Contract Tower,0,10,16,1,27,0,22,0,1,23,0,32,16,2,50,32,4,36,86
05/25/2000,EWB,MA,ANE,EN,Federal Contract Tower,0,6,25,0,31,0,60,35,0,95,0,66,60,0,126,90,0,90,216
05/26/2000,EWB,MA,ANE,EN,Federal Contract Tower,0,9,32,0,41,0,81,90,0,171,0,90,122,0,212,62,0,62,274
05/27/2000,EWB,MA,ANE,EN,Federal Contract Tower,0,5,16,0,21,0,35,137,0,172,0,40,153,0,193,108,0,108,301
05/28/2000,EWB,MA,ANE,EN,Federal Contract Tower,0,3,11,0,14,0,16,99,1,116,0,19,110,1,130,132,2,134,264
05/29/2000,EWB,MA,ANE,EN,Federal Contract Tower,0,10,36,0,46,0,75,64,0,139,0,85,100,0,185,90,0,90,275
05/30/2000,EWB,MA,ANE,EN,Federal Contract Tower,0,7,25,1,33,0,69,18,3,90,0,76,43,4,123,36,0,36,159
05/31/2000,EWB,MA,ANE,EN,Federal Contract Tower,0,15,53,2,70,0,25,26,0,51,0,40,79,2,121,118,4,122,243
06/01/2000,EWB,MA,ANE,EN,Federal Contract Tower,0,8,22,0,30,0,40,70,0,110,0,48,92,0,140,100,0,100,240
06/02/2000,EWB,MA,ANE,EN,Federal Contract Tower,0,5,15,0,20,0,61,51,0,112,0,66,66,0,132,44,4,48,180
06/03/2000,EWB,MA,ANE,EN,Federal Contract Tower,0,11,27,0,38,0,33,51,0,84,0,44,78,0,122,98,0,98,220
06/04/2000,EWB,MA,ANE,EN,Federal Contract Tower,0,12,33,0,45,0,45,156,0,201,0,57,189,0,246,148,0,148,394
06/05/2000,EWB,MA,ANE,EN,Federal Contract Tower,0,9,23,0,32,0,25,64,0,89,0,34,87,0,121,132,0,132,253
06/06/2000,EWB,MA,ANE,EN,Federal Contract Tower,0,9,10,0,19,0,8,0,0,8,0,17,10,0,27,8,2,10,37
06/07/2000,EWB,MA,ANE,EN,Federal Contract Tower,0,14,35,0,49,0,31,13,0,44,0,45,48,0,93,104,0,104,197
06/08/2000,EWB,MA,ANE,EN,Federal Contract Tower,0,8,21,0,29,0,38,81,0,119,0,46,102,0,148,82,0,82,230
06/09/2000,EWB,MA,ANE,EN,Federal Contract Tower,0,11,26,0,37,0,82,69,0,151,0,93,95,0,188,74,2,76,264
06/10/2000,EWB,MA,ANE,EN,Federal Contract Tower,0,8,21,0,29,0,33,79,0,112,0,41,100,0,141,72,0,72,213
06/11/2000,EWB,MA,ANE,EN,Federal Contract Tower,0,13,30,0,43,0,58,50,0,108,0,71,80,0,151,88,0,88,239
06/12/2000,EWB,MA,ANE,EN,Federal Contract Tower,0,18,15,0,33,0,32,0,0,32,0,50,15,0,65,28,0,28,93
06/13/2000,EWB,MA,ANE,EN,Federal Contract Tower,0,13,35,0,48,0,35,27,0,62,0,48,62,0,110,102,10,112,222
06/14/2000,EWB,MA,ANE,EN,Federal Contract Tower,0,8,18,0,26,0,61,54,0,115,0,69,72,0,141,76,14,90,231
06/15/2000,EWB,MA,ANE,EN,Federal Contract Tower,0,20,30,0,50,0,31,0,0,31,0,51,30,0,81,14,0,14,95
06/16/2000,EWB,MA,ANE,EN,Federal Contract Tower,0,18,46,0,64,0,64,44,0,108,0,82,90,0,172,66,6,72,244
06/17/2000,EWB,MA,ANE,EN,Federal Contract Tower,0,12,33,2,47,0,36,48,0,84,0,48,81,2,131,94,0,94,225
06/18/2000,EWB,MA,ANE,EN,Federal Contract Tower,0,6,16,0,22,0,67,91,0,158,0,73,107,0,180,48,0,48,228
06/19/2000,EWB,MA,ANE,EN,Federal Contract Tower,0,19,49,0,68,0,54,37,0,91,0,73,86,0,159,122,0,122,281
06/20/2000,EWB,MA,ANE,EN,Federal Contract Tower,0,16,43,1,60,0,33,84,2,119,0,49,127,3,179,152,0,152,331
06/21/2000,EWB,MA,ANE,EN,Federal Contract Tower,0,8,22,0,30,0,59,44,0,103,0,67,66,0,133,54,6,60,193
06/22/2000,EWB,MA,ANE,EN,Federal Contract Tower,0,13,31,0,44,0,42,46,6,94,0,55,77,6,138,50,4,54,192
06/23/2000,EWB,MA,ANE,EN,Federal Contract Tower,0,11,28,0,39,0,78,112,0,190,0,89,140,0,229,90,2,92,321
06/24/2000,EWB,MA,ANE,EN,Federal Contract Tower,0,12,29,0,41,0,36,84,0,120,0,48,113,0,161,104,0,104,265
06/25/2000,EWB,MA,ANE,EN,Federal Contract Tower,0,14,37,0,51,0,48,26,0,74,0,62,63,0,125,46,0,46,171
06/26/2000,EWB,MA,ANE,EN,Federal Contract Tower,0,20,53,0,73,0,24,9,0,33,0,44,62,0,106,54,0,54,160
06/27/2000,EWB,MA,ANE,EN,Federal Contract Tower,0,12,30,0,42,0,42,8,0,50,0,54,38,0,92,38,0,38,130
06/28/2000,EWB,MA,ANE,EN,Federal Contract Tower,0,6,16,0,22,0,42,91,0,133,0,48,107,0,155,108,0,108,263
06/29/2000,EWB,MA,ANE,EN,Federal Contract Tower,0,15,39,0,54,0,44,22,0,66,0,59,61,0,120,68,0,68,188
06/30/2000,EWB,MA,ANE,EN,Federal Contract Tower,0,18,48,0,66,0,82,78,0,160,0,100,126,0,226,132,0,132,358
07/01/2000,EWB,MA,ANE,EN,Federal Contract Tower,0,11,24,0,35,0,77,105,0,182,0,88,129,0,217,74,0,74,291
07/02/2000,EWB,MA,ANE,EN,Federal Contract Tower,0,7,16,0,23,0,48,144,0,192,0,55,160,0,215,70,0,70,285
07/03/2000,EWB,MA,ANE,EN,Federal Contract Tower,0,8,16,0,24,0,49,52,0,101,0,57,68,0,125,88,0,88,213
07/04/2000,EWB,MA,ANE,EN,Federal Contract Tower,0,21,34,0,55,0,63,0,0,63,0,84,34,0,118,14,0,14,132
07/05/2000,EWB,MA,ANE,EN,Federal Contract Tower,0,8,17,0,25,0,85,71,0,156,0,93,88,0,181,88,0,88,269
07/06/2000,EWB,MA,ANE,EN,Federal Contract Tower,0,8,16,0,24,0,54,122,0,176,0,62,138,0,200,104,2,106,306
07/07/2000,EWB,MA,ANE,EN,Federal Contract Tower,0,7,14,0,21,0,73,123,0,196,0,80,137,0,217,136,4,140,357
07/08/2000,EWB,MA,ANE,EN,Federal Contract Tower,0,16,35,0,51,0,46,105,0,151,0,62,140,0,202,106,0,106,308
07/09/2000,EWB,MA,ANE,EN,Federal Contract Tower,0,16,34,0,50,0,52,140,0,192,0,68,174,0,242,98,4,102,344
07/10/2000,EWB,MA,ANE,EN,Federal Contract Tower,0,21,40,0,61,0,54,0,0,54,0,75,40,0,115,66,0,66,181
07/11/2000,EWB,MA,ANE,EN,Federal Contract Tower,0,14,29,1,44,0,44,77,3,124,0,58,106,4,168,128,2,130,298
07/12/2000,EWB,MA,ANE,EN,Federal Contract Tower,0,10,21,0,31,0,51,55,0,106,0,61,76,0,137,72,20,92,229
07/13/2000,EWB,MA,ANE,EN,Federal Contract Tower,0,16,35,0,51,0,47,70,0,117,0,63,105,0,168,112,0,112,280
07/14/2000,EWB,MA,ANE,EN,Federal Contract Tower,0,6,13,0,19,0,63,90,0,153,0,69,103,0,172,92,2,94,266
07/15/2000,EWB,MA,ANE,EN,Federal Contract Tower,0,15,32,0,47,0,36,10,0,46,0,51,42,0,93,42,2,44,137
07/16/2000,EWB,MA,ANE,EN,Federal Contract Tower,0,18,39,0,57,0,59,36,0,95,0,77,75,0,152,52,2,54,206
07/17/2000,EWB,MA,ANE,EN,Federal Contract Tower,0,29,36,0,65,0,35,0,0,35,0,64,36,0,100,84,0,84,184
07/18/2000,EWB,MA,ANE,EN,Federal Contract Tower,0,22,36,0,58,0,45,0,2,47,0,67,36,2,105,14,6,20,125
07/19/2000,EWB,MA,ANE,EN,Federal Contract Tower,0,13,30,0,43,0,39,98,5,142,0,52,128,5,185,98,10,108,293
07/20/2000,EWB,MA,ANE,EN,Federal Contract Tower,0,11,25,0,36,0,59,73,0,132,0,70,98,0,168,88,4,92,260
07/21/2000,EWB,MA,ANE,EN,Federal Contract Tower,0,11,26,0,37,0,83,133,2,218,0,94,159,2,255,132,10,142,397
07/22/2000,EWB,MA,ANE,EN,Federal Contract Tower,0,24,51,0,75,0,41,21,0,62,0,65,72,0,137,78,0,78,215
07/23/2000,EWB,MA,ANE,EN,Federal Contract Tower,0,15,34,0,49,0,62,146,0,208,0,77,180,0,257,136,0,136,393
07/24/2000,EWB,MA,ANE,EN,Federal Contract Tower,0,21,45,0,66,0,55,67,0,122,0,76,112,0,188,104,0,104,292
07/25/2000,EWB,MA,ANE,EN,Federal Contract Tower,0,20,44,0,64,0,39,26,4,69,0,59,70,4,133,114,12,126,259
07/26/2000,EWB,MA,ANE,EN,Federal Contract Tower,0,23,22,0,45,0,27,0,0,27,0,50,22,0,72,4,0,4,76
07/27/2000,EWB,MA,ANE,EN,Federal Contract Tower,0,18,15,0,33,0,22,0,0,22,0,40,15,0,55,2,0,2,57
07/28/2000,EWB,MA,ANE,EN,Federal Contract Tower,0,37,38,0,75,0,43,0,0,43,0,80,38,0,118,32,0,32,150
07/29/2000,EWB,MA,ANE,EN,Federal Contract Tower,0,20,44,0,64,0,42,13,0,55,0,62,57,0,119,130,0,130,249
07/30/2000,EWB,MA,ANE,EN,Federal Contract Tower,0,8,19,0,27,0,58,55,0,113,0,66,74,0,140,68,0,68,208
07/31/2000,EWB,MA,ANE,EN,Federal Contract Tower,0,29,24,0,53,0,31,0,0,31,0,60,24,0,84,12,0,12,96
08/01/2000,EWB,MA,ANE,EN,Federal Contract Tower,0,26,31,0,57,0,21,0,0,21,0,47,31,0,78,8,0,8,86
08/02/2000,EWB,MA,ANE,EN,Federal Contract Tower,0,25,21,0,46,0,24,0,0,24,0,49,21,0,70,28,0,28,98
08/03/2000,EWB,MA,ANE,EN,Federal Contract Tower,0,31,31,1,63,0,21,0,0,21,0,52,31,1,84,22,0,22,106
08/04/2000,EWB,MA,ANE,EN,Federal Contract Tower,0,27,50,2,79,0,58,64,3,125,0,85,114,5,204,84,0,84,288
08/05/2000,EWB,MA,ANE,EN,Federal Contract Tower,0,21,39,0,60,0,43,161,0,204,0,64,200,0,264,192,2,194,458
08/06/2000,EWB,MA,ANE,EN,Federal Contract Tower,0,8,13,0,21,0,66,152,0,218,0,74,165,0,239,86,0,86,325
08/07/2000,EWB,MA,ANE,EN,Federal Contract Tower,0,20,28,0,48,0,42,0,0,42,0,62,28,0,90,10,0,10,100
08/08/2000,EWB,MA,ANE,EN,Federal Contract Tower,0,21,39,0,60,0,34,68,0,102,0,55,107,0,162,132,0,132,294
08/09/2000,EWB,MA,ANE,EN,Federal Contract Tower,0,17,30,0,47,0,36,46,0,82,0,53,76,0,129,50,2,52,181
08/10/2000,EWB,MA,ANE,EN,Federal Contract Tower,0,12,20,0,32,0,58,85,0,143,0,70,105,0,175,142,10,152,327
08/11/2000,EWB,MA,ANE,EN,Federal Contract Tower,0,17,29,0,46,0,71,93,0,164,0,88,122,0,210,94,12,106,316
08/12/2000,EWB,MA,ANE,EN,Federal Contract Tower,0,20,34,0,54,0,39,0,0,39,0,59,34,0,93,38,0,38,131
08/13/2000,EWB,MA,ANE,EN,Federal Contract Tower,0,36,38,0,74,0,39,0,0,39,0,75,38,0,113,48,2,50,163
08/14/2000,EWB,MA,ANE,EN,Federal Contract Tower,0,30,24,0,54,0,33,0,0,33,0,63,24,0,87,6,0,6,93
08/15/2000,EWB,MA,ANE,EN,Federal Contract Tower,0,24,21,0,45,0,27,0,0,27,0,51,21,0,72,8,0,8,80
08/16/2000,EWB,MA,ANE,EN,Federal Contract Tower,0,15,26,0,41,0,41,1,0,42,0,56,27,0,83,10,0,10,93
08/17/2000,EWB,MA,ANE,EN,Federal Contract Tower,0,23,42,0,65,0,47,154,0,201,0,70,196,0,266,188,0,188,454
08/18/2000,EWB,MA,ANE,EN,Federal Contract Tower,0,23,43,1,67,0,55,72,1,128,0,78,115,2,195,156,10,166,361
08/19/2000,EWB,MA,ANE,EN,Federal Contract Tower,0,21,41,0,62,0,56,65,0,121,0,77,106,0,183,96,0,96,279
08/20/2000,EWB,MA,ANE,EN,Federal Contract Tower,0,11,21,0,32,0,65,121,0,186,0,76,142,0,218,94,0,94,312
08/21/2000,EWB,MA,ANE,EN,Federal Contract Tower,0,9,17,0,26,0,59,139,0,198,0,68,156,0,224,130,0,130,354
08/22/2000,EWB,MA,ANE,EN,Federal Contract Tower,0,17,30,0,47,0,34,101,7,142,0,51,131,7,189,100,28,128,317
08/23/2000,EWB,MA,ANE,EN,Federal Contract Tower,0,19,35,0,54,0,38,23,0,61,0,57,58,0,115,46,8,54,169
08/24/2000,EWB,MA,ANE,EN,Federal Contract Tower,0,18,32,0,50,0,52,59,0,111,0,70,91,0,161,64,0,64,225
08/25/2000,EWB,MA,ANE,EN,Federal Contract Tower,0,16,30,0,46,0,80,135,0,215,0,96,165,0,261,90,14,104,365
08/26/2000,EWB,MA,ANE,EN,Federal Contract Tower,0,17,30,0,47,0,38,109,0,147,0,55,139,0,194,152,4,156,350
08/27/2000,EWB,MA,ANE,EN,Federal Contract Tower,0,7,14,0,21,0,73,95,0,168,0,80,109,0,189,26,0,26,215
08/28/2000,EWB,MA,ANE,EN,Federal Contract Tower,0,12,23,0,35,0,68,73,0,141,0,80,96,0,176,92,0,92,268
08/29/2000,EWB,MA,ANE,EN,Federal Contract Tower,0,17,32,0,49,0,35,91,0,126,0,52,123,0,175,102,0,102,277
08/30/2000,EWB,MA,ANE,EN,Federal Contract Tower,0,27,33,1,61,0,31,0,7,38,0,58,33,8,99,66,6,72,171
08/31/2000,EWB,MA,ANE,EN,Federal Contract Tower,0,11,21,0,32,0,50,29,0,79,0,61,50,0,111,26,0,26,137
09/01/2000,EWB,MA,ANE,EN,Federal Contract Tower,0,11,28,0,39,0,82,90,0,172,0,93,118,0,211,56,0,56,267
09/02/2000,EWB,MA,ANE,EN,Federal Contract Tower,0,15,21,0,36,0,30,0,0,30,0,45,21,0,66,10,0,10,76
09/03/2000,EWB,MA,ANE,EN,Federal Contract Tower,0,12,10,0,22,0,22,0,0,22,0,34,10,0,44,0,0,0,44
09/04/2000,EWB,MA,ANE,EN,Federal Contract Tower,0,20,39,0,59,0,67,0,0,67,0,87,39,0,126,34,0,34,160
09/05/2000,EWB,MA,ANE,EN,Federal Contract Tower,0,5,14,1,20,0,71,47,1,119,0,76,61,2,139,68,0,68,207
09/06/2000,EWB,MA,ANE,EN,Federal Contract Tower,0,8,19,0,27,0,44,109,0,153,0,52,128,0,180,156,4,160,340
09/07/2000,EWB,MA,ANE,EN,Federal Contract Tower,0,5,13,0,18,0,53,105,0,158,0,58,118,0,176,96,2,98,274
09/08/2000,EWB,MA,ANE,EN,Federal Contract Tower,0,5,13,0,18,0,70,122,0,192,0,75,135,0,210,74,8,82,292
09/09/2000,EWB,MA,ANE,EN,Federal Contract Tower,0,10,27,0,37,0,34,113,0,147,0,44,140,0,184,96,0,96,280
09/10/2000,EWB,MA,ANE,EN,Federal Contract Tower,0,14,35,0,49,0,51,111,0,162,0,65,146,0,211,170,2,172,383
09/11/2000,EWB,MA,ANE,EN,Federal Contract Tower,0,7,16,0,23,0,37,82,0,119,0,44,98,0,142,128,4,132,274
09/12/2000,EWB,MA,ANE,EN,Federal Contract Tower,0,9,23,0,32,0,43,39,0,82,0,52,62,0,114,40,2,42,156
09/13/2000,EWB,MA,ANE,EN,Federal Contract Tower,0,8,21,1,30,0,41,18,1,60,0,49,39,2,90,36,0,36,126
09/14/2000,EWB,MA,ANE,EN,Federal Contract Tower,0,8,21,1,30,0,45,107,1,153,0,53,128,2,183,100,12,112,295
09/15/2000,EWB,MA,ANE,EN,Federal Contract Tower,0,11,23,0,34,0,40,0,0,40,0,51,23,0,74,44,4,48,122
09/16/2000,EWB,MA,ANE,EN,Federal Contract Tower,0,10,28,2,40,0,30,455,2,487,0,40,483,4,527,96,14,110,637
09/17/2000,EWB,MA,ANE,EN,Federal Contract Tower,0,2,6,0,8,0,64,83,0,147,0,66,89,0,155,34,0,34,189
09/18/2000,EWB,MA,ANE,EN,Federal Contract Tower,0,10,23,0,33,0,45,63,0,108,0,55,86,0,141,140,0,140,281
09/19/2000,EWB,MA,ANE,EN,Federal Contract Tower,0,10,29,1,40,0,26,21,1,48,0,36,50,2,88,50,6,56,144
09/20/2000,EWB,MA,ANE,EN,Federal Contract Tower,0,6,17,0,23,0,34,44,0,78,0,40,61,0,101,66,0,66,167
09/21/2000,EWB,MA,ANE,EN,Federal Contract Tower,0,7,18,0,25,0,35,33,2,70,0,42,51,2,95,78,4,82,177
09/22/2000,EWB,MA,ANE,EN,Federal Contract Tower,0,17,45,0,62,0,46,92,0,138,0,63,137,0,200,148,6,154,354
09/23/2000,EWB,MA,ANE,EN,Federal Contract Tower,0,16,43,0,59,0,25,73,0,98,0,41,116,0,157,88,0,88,245
09/24/2000,EWB,MA,ANE,EN,Federal Contract Tower,0,18,26,0,44,0,31,0,0,31,0,49,26,0,75,24,0,24,99
09/25/2000,EWB,MA,ANE,EN,Federal Contract Tower,0,6,15,0,21,0,32,64,0,96,0,38,79,0,117,96,0,96,213
09/26/2000,EWB,MA,ANE,EN,Federal Contract Tower,0,7,12,0,19,0,15,0,0,15,0,22,12,0,34,4,2,6,40
09/27/2000,EWB,MA,ANE,EN,Federal Contract Tower,0,5,15,0,20,0,35,100,0,135,0,40,115,0,155,148,0,148,303
09/28/2000,EWB,MA,ANE,EN,Federal Contract Tower,0,10,27,0,37,0,44,36,0,80,0,54,63,0,117,76,2,78,195
09/29/2000,EWB,MA,ANE,EN,Federal Contract Tower,0,10,27,0,37,0,65,123,0,188,0,75,150,0,225,122,2,124,349
09/30/2000,EWB,MA,ANE,EN,Federal Contract Tower,0,1,5,0,6,0,38,112,2,152,0,39,117,2,158,100,4,104,262
10/01/2000,EWB,MA,ANE,EN,Federal Contract Tower,0,1,8,0,9,0,54,129,0,183,0,55,137,0,192,30,0,30,222
10/02/2000,EWB,MA,ANE,EN,Federal Contract Tower,0,9,36,0,45,0,40,28,0,68,0,49,64,0,113,72,0,72,185
10/03/2000,EWB,MA,ANE,EN,Federal Contract Tower,0,8,27,0,35,0,48,40,0,88,0,56,67,0,123,86,0,86,209
10/04/2000,EWB,MA,ANE,EN,Federal Contract Tower,0,7,21,0,28,0,31,54,0,85,0,38,75,0,113,84,6,90,203
10/05/2000,EWB,MA,ANE,EN,Federal Contract Tower,0,8,28,0,36,0,49,21,0,70,0,57,49,0,106,58,2,60,166
10/06/2000,EWB,MA,ANE,EN,Federal Contract Tower,0,15,20,0,35,0,35,0,0,35,0,50,20,0,70,2,0,2,72
10/07/2000,EWB,MA,ANE,EN,Federal Contract Tower,0,8,29,2,39,0,37,110,0,147,0,45,139,2,186,112,0,112,298
10/08/2000,EWB,MA,ANE,EN,Federal Contract Tower,0,4,15,0,19,0,35,93,0,128,0,39,108,0,147,84,0,84,231
10/09/2000,EWB,MA,ANE,EN,Federal Contract Tower,0,8,30,0,38,0,51,1,0,52,0,59,31,0,90,30,0,30,120
10/10/2000,EWB,MA,ANE,EN,Federal Contract Tower,0,7,25,0,32,0,36,62,0,98,0,43,87,0,130,98,0,98,228
10/11/2000,EWB,MA,ANE,EN,Federal Contract Tower,0,6,22,0,28,0,25,24,0,49,0,31,46,0,77,38,0,38,115
10/12/2000,EWB,MA,ANE,EN,Federal Contract Tower,0,12,43,0,55,0,26,67,0,93,0,38,110,0,148,104,0,104,252
10/13/2000,EWB,MA,ANE,EN,Federal Contract Tower,0,8,30,0,38,0,49,93,0,142,0,57,123,0,180,132,12,144,324
10/14/2000,EWB,MA,ANE,EN,Federal Contract Tower,0,6,22,0,28,0,17,136,0,153,0,23,158,0,181,110,16,126,307
10/15/2000,EWB,MA,ANE,EN,Federal Contract Tower,0,5,20,0,25,0,44,115,0,159,0,49,135,0,184,110,2,112,296
10/16/2000,EWB,MA,ANE,EN,Federal Contract Tower,0,7,28,0,35,0,24,25,0,49,0,31,53,0,84,52,4,56,140
10/17/2000,EWB,MA,ANE,EN,Federal Contract Tower,0,9,33,0,42,0,21,26,0,47,0,30,59,0,89,68,0,68,157
10/18/2000,EWB,MA,ANE,EN,Federal Contract Tower,0,7,15,0,22,0,14,0,0,14,0,21,15,0,36,30,0,30,66
10/19/2000,EWB,MA,ANE,EN,Federal Contract Tower,0,4,14,0,18,0,41,51,0,92,0,45,65,0,110,68,6,74,184
10/20/2000,EWB,MA,ANE,EN,Federal Contract Tower,0,7,30,0,37,0,42,89,0,131,0,49,119,0,168,90,6,96,264
10/21/2000,EWB,MA,ANE,EN,Federal Contract Tower,0,7,23,0,30,0,19,76,0,95,0,26,99,0,125,80,0,80,205
10/22/2000,EWB,MA,ANE,EN,Federal Contract Tower,0,2,10,0,12,0,33,69,0,102,0,35,79,0,114,78,0,78,192
10/23/2000,EWB,MA,ANE,EN,Federal Contract Tower,0,11,40,0,51,0,14,66,0,80,0,25,106,0,131,146,0,146,277
10/24/2000,EWB,MA,ANE,EN,Federal Contract Tower,0,8,33,0,41,0,33,58,0,91,0,41,91,0,132,84,0,84,216
10/25/2000,EWB,MA,ANE,EN,Federal Contract Tower,0,4,15,0,19,0,18,48,0,66,0,22,63,0,85,76,0,76,161
10/26/2000,EWB,MA,ANE,EN,Federal Contract Tower,0,11,40,1,52,0,24,48,2,74,0,35,88,3,126,122,26,148,274
10/27/2000,EWB,MA,ANE,EN,Federal Contract Tower,0,6,21,0,27,0,32,28,2,62,0,38,49,2,89,94,0,94,183
10/28/2000,EWB,MA,ANE,EN,Federal Contract Tower,0,2,9,0,11,0,18,12,0,30,0,20,21,0,41,16,10,26,67
10/29/2000,EWB,MA,ANE,EN,Federal Contract Tower,0,3,13,0,16,0,31,10,0,41,0,34,23,0,57,8,4,12,69
10/30/2000,EWB,MA,ANE,EN,Federal Contract Tower,0,3,14,0,17,0,32,13,0,45,0,35,27,0,62,44,0,44,106
10/31/2000,EWB,MA,ANE,EN,Federal Contract Tower,0,9,21,0,30,0,29,0,0,29,0,38,21,0,59,6,2,8,67
11/01/2000,EWB,MA,ANE,EN,Federal Contract Tower,0,7,32,0,39,0,25,7,0,32,0,32,39,0,71,70,6,76,147
11/02/2000,EWB,MA,ANE,EN,Federal Contract Tower,0,7,31,0,38,0,25,29,0,54,0,32,60,0,92,52,8,60,152
11/03/2000,EWB,MA,ANE,EN,Federal Contract Tower,0,6,38,0,44,0,31,62,0,93,0,37,100,0,137,132,0,132,269
11/04/2000,EWB,MA,ANE,EN,Federal Contract Tower,0,7,41,0,48,0,14,91,0,105,0,21,132,0,153,116,0,116,269
11/05/2000,EWB,MA,ANE,EN,Federal Contract Tower,0,4,25,0,29,0,23,8,0,31,0,27,33,0,60,42,0,42,102
11/06/2000,EWB,MA,ANE,EN,Federal Contract Tower,0,5,28,0,33,0,26,28,0,54,0,31,56,0,87,68,0,68,155
11/07/2000,EWB,MA,ANE,EN,Federal Contract Tower,0,6,32,0,38,0,36,38,0,74,0,42,70,0,112,64,0,64,176
11/08/2000,EWB,MA,ANE,EN,Federal Contract Tower,0,8,43,0,51,0,28,9,0,37,0,36,52,0,88,54,4,58,146
11/09/2000,EWB,MA,ANE,EN,Federal Contract Tower,0,5,26,0,31,0,21,2,0,23,0,26,28,0,54,68,14,82,136
11/10/2000,EWB,MA,ANE,EN,Federal Contract Tower,0,4,5,0,9,0,20,0,0,20,0,24,5,0,29,2,0,2,31
11/11/2000,EWB,MA,ANE,EN,Federal Contract Tower,0,5,10,0,15,0,9,0,0,9,0,14,10,0,24,14,0,14,38
11/12/2000,EWB,MA,ANE,EN,Federal Contract Tower,0,4,26,0,30,0,24,77,0,101,0,28,103,0,131,138,0,138,269
11/13/2000,EWB,MA,ANE,EN,Federal Contract Tower,0,4,20,0,24,0,28,42,0,70,0,32,62,0,94,72,0,72,166
11/14/2000,EWB,MA,ANE,EN,Federal Contract Tower,0,5,16,0,21,0,16,0,0,16,0,21,16,0,37,12,2,14,51
11/15/2000,EWB,MA,ANE,EN,Federal Contract Tower,0,2,13,0,15,0,22,21,0,43,0,24,34,0,58,36,0,36,94
11/16/2000,EWB,MA,ANE,EN,Federal Contract Tower,0,6,39,0,45,0,12,19,0,31,0,18,58,0,76,110,42,152,228
11/17/2000,EWB,MA,ANE,EN,Federal Contract Tower,0,4,25,2,31,0,30,25,0,55,0,34,50,2,86,68,12,80,166
11/18/2000,EWB,MA,ANE,EN,Federal Contract Tower,0,4,24,0,28,0,17,77,0,94,0,21,101,0,122,134,0,134,256
11/19/2000,EWB,MA,ANE,EN,Federal Contract Tower,0,6,36,0,42,0,21,84,0,105,0,27,120,0,147,150,0,150,297
11/20/2000,EWB,MA,ANE,EN,Federal Contract Tower,0,6,35,0,41,0,24,44,0,68,0,30,79,0,109,138,4,142,251
11/21/2000,EWB,MA,ANE,EN,Federal Contract Tower,0,4,27,0,31,0,28,15,0,43,0,32,42,0,74,70,8,78,152
11/22/2000,EWB,MA,ANE,EN,Federal Contract Tower,0,2,14,1,17,0,43,38,1,82,0,45,52,2,99,48,0,48,147
11/23/2000,EWB,MA,ANE,EN,Federal Contract Tower,0,0,0,0,0,0,28,31,0,59,0,28,31,0,59,14,0,14,73
11/24/2000,EWB,MA,ANE,EN,Federal Contract Tower,0,4,27,0,31,0,33,67,0,100,0,37,94,0,131,128,6,134,265
11/25/2000,EWB,MA,ANE,EN,Federal Contract Tower,0,4,23,0,27,0,34,88,0,122,0,38,111,0,149,148,0,148,297
11/26/2000,EWB,MA,ANE,EN,Federal Contract Tower,0,6,15,0,21,0,41,0,0,41,0,47,15,0,62,2,0,2,64
11/27/2000,EWB,MA,ANE,EN,Federal Contract Tower,0,4,20,0,24,0,18,8,0,26,0,22,28,0,50,34,2,36,86
11/28/2000,EWB,MA,ANE,EN,Federal Contract Tower,0,5,31,0,36,0,23,44,0,67,0,28,75,0,103,80,0,80,183
11/29/2000,EWB,MA,ANE,EN,Federal Contract Tower,0,6,35,2,43,0,10,55,0,65,0,16,90,2,108,96,8,104,212
11/30/2000,EWB,MA,ANE,EN,Federal Contract Tower,0,3,15,0,18,0,29,0,0,29,0,32,15,0,47,4,0,4,51
12/01/2000,EWB,MA,ANE,EN,Federal Contract Tower,0,3,17,2,22,0,64,77,0,141,0,67,94,2,163,92,14,106,269
12/02/2000,EWB,MA,ANE,EN,Federal Contract Tower,0,4,15,2,21,0,19,57,0,76,0,23,72,2,97,114,4,118,215
12/03/2000,EWB,MA,ANE,EN,Federal Contract Tower,0,3,14,0,17,0,54,75,0,129,0,57,89,0,146,110,4,114,260
12/04/2000,EWB,MA,ANE,EN,Federal Contract Tower,0,6,28,0,34,0,28,41,0,69,0,34,69,0,103,82,0,82,185
12/05/2000,EWB,MA,ANE,EN,Federal Contract Tower,0,5,21,0,26,0,25,14,0,39,0,30,35,0,65,52,4,56,121
12/06/2000,EWB,MA,ANE,EN,Federal Contract Tower,0,5,25,1,31,0,23,33,0,56,0,28,58,1,87,66,2,68,155
12/07/2000,EWB,MA,ANE,EN,Federal Contract Tower,0,5,22,0,27,0,26,42,0,68,0,31,64,0,95,116,0,116,211
12/08/2000,EWB,MA,ANE,EN,Federal Contract Tower,0,7,18,0,25,0,29,0,0,29,0,36,18,0,54,10,0,10,64
12/09/2000,EWB,MA,ANE,EN,Federal Contract Tower,0,10,42,0,52,0,9,16,0,25,0,19,58,0,77,80,10,90,167
12/10/2000,EWB,MA,ANE,EN,Federal Contract Tower,0,4,15,2,21,0,23,62,0,85,0,27,77,2,106,60,8,68,174
12/11/2000,EWB,MA,ANE,EN,Federal Contract Tower,0,5,10,0,15,0,14,0,0,14,0,19,10,0,29,0,0,0,29
12/12/2000,EWB,MA,ANE,EN,Federal Contract Tower,0,2,5,0,7,0,8,4,0,12,0,10,9,0,19,0,2,2,21
12/13/2000,EWB,MA,ANE,EN,Federal Contract Tower,0,2,8,2,12,0,21,63,2,86,0,23,71,4,98,92,12,104,202
12/14/2000,EWB,MA,ANE,EN,Federal Contract Tower,0,4,5,0,9,0,14,0,0,14,0,18,5,0,23,0,2,2,25
12/15/2000,EWB,MA,ANE,EN,Federal Contract Tower,0,4,18,3,25,0,38,70,5,113,0,42,88,8,138,74,7,81,219
12/16/2000,EWB,MA,ANE,EN,Federal Contract Tower,0,4,19,0,23,0,8,41,0,49,0,12,60,0,72,124,2,126,198
12/17/2000,EWB,MA,ANE,EN,Federal Contract Tower,0,2,2,0,4,0,6,0,0,6,0,8,2,0,10,0,0,0,10
12/18/2000,EWB,MA,ANE,EN,Federal Contract Tower,0,0,0,0,0,0,21,29,0,50,0,21,29,0,50,34,0,34,84
12/19/2000,EWB,MA,ANE,EN,Federal Contract Tower,0,4,16,0,20,0,24,42,0,66,0,28,58,0,86,54,0,54,140
12/20/2000,EWB,MA,ANE,EN,Federal Contract Tower,0,2,9,0,11,0,23,0,0,23,0,25,9,0,34,2,8,10,44
12/21/2000,EWB,MA,ANE,EN,Federal Contract Tower,0,3,12,1,16,0,20,45,1,66,0,23,57,2,82,90,2,92,174
12/22/2000,EWB,MA,ANE,EN,Federal Contract Tower,0,3,1,0,4,0,17,0,0,17,0,20,1,0,21,0,0,0,21
12/23/2000,EWB,MA,ANE,EN,Federal Contract Tower,0,2,6,0,8,0,15,31,0,46,0,17,37,0,54,48,2,50,104
12/24/2000,EWB,MA,ANE,EN,Federal Contract Tower,0,4,15,0,19,0,7,16,0,23,0,11,31,0,42,66,0,66,108
12/25/2000,EWB,MA,ANE,EN,Federal Contract Tower,0,0,2,0,2,0,9,2,0,11,0,9,4,0,13,0,0,0,13
12/26/2000,EWB,MA,ANE,EN,Federal Contract Tower,0,1,9,0,10,0,38,14,0,52,0,39,23,0,62,20,0,20,82
12/27/2000,EWB,MA,ANE,EN,Federal Contract Tower,0,2,12,0,14,0,22,18,0,40,0,24,30,0,54,40,6,46,100
12/28/2000,EWB,MA,ANE,EN,Federal Contract Tower,0,4,16,0,20,0,22,16,0,38,0,26,32,0,58,52,24,76,134
12/29/2000,EWB,MA,ANE,EN,Federal Contract Tower,0,4,18,0,22,0,20,57,0,77,0,24,75,0,99,90,0,90,189
12/30/2000,EWB,MA,ANE,EN,Federal Contract Tower,0,0,3,0,3,0,7,19,0,26,0,7,22,0,29,2,0,2,31
12/31/2000,EWB,MA,ANE,EN,Federal Contract Tower,0,0,1,0,1,0,12,2,0,14,0,12,3,0,15,4,0,4,19
01/01/2001,EWB,MA,ANE,EN,Federal Contract Tower,0,3,15,0,18,0,22,19,0,41,0,25,34,0,59,42,0,42,101
01/02/2001,EWB,MA,ANE,EN,Federal Contract Tower,0,2,11,0,13,0,22,40,0,62,0,24,51,0,75,62,0,62,137
01/03/2001,EWB,MA,ANE,EN,Federal Contract Tower,0,3,17,0,20,0,15,38,0,53,0,18,55,0,73,70,0,70,143
01/04/2001,EWB,MA,ANE,EN,Federal Contract Tower,0,4,14,0,18,0,19,33,0,52,0,23,47,0,70,36,6,42,112
01/05/2001,EWB,MA,ANE,EN,Federal Contract Tower,0,4,13,0,17,0,28,45,0,73,0,32,58,0,90,66,0,66,156
01/06/2001,EWB,MA,ANE,EN,Federal Contract Tower,0,2,2,0,4,0,9,0,0,9,0,11,2,0,13,0,0,0,13
01/07/2001,EWB,MA,ANE,EN,Federal Contract Tower,0,4,16,0,20,0,20,109,0,129,0,24,125,0,149,130,0,130,279
01/08/2001,EWB,MA,ANE,EN,Federal Contract Tower,0,4,16,0,20,0,14,16,0,30,0,18,32,0,50,64,0,64,114
01/09/2001,EWB,MA,ANE,EN,Federal Contract Tower,0,3,9,0,12,0,16,0,0,16,0,19,9,0,28,4,0,4,32
01/10/2001,EWB,MA,ANE,EN,Federal Contract Tower,0,3,12,0,15,0,26,16,0,42,0,29,28,0,57,34,4,38,95
01/11/2001,EWB,MA,ANE,EN,Federal Contract Tower,0,10,34,0,44,0,17,0,0,17,0,27,34,0,61,88,6,94,155
01/12/2001,EWB,MA,ANE,EN,Federal Contract Tower,0,2,9,0,11,0,21,56,0,77,0,23,65,0,88,64,2,66,154
01/13/2001,EWB,MA,ANE,EN,Federal Contract Tower,0,6,22,0,28,0,8,116,0,124,0,14,138,0,152,120,0,120,272
01/14/2001,EWB,MA,ANE,EN,Federal Contract Tower,0,7,28,0,35,0,15,82,0,97,0,22,110,0,132,176,0,176,308
01/15/2001,EWB,MA,ANE,EN,Federal Contract Tower,0,3,2,0,5,0,15,0,0,15,0,18,2,0,20,0,0,0,20
01/16/2001,EWB,MA,ANE,EN,Federal Contract Tower,0,4,9,0,13,0,23,0,0,23,0,27,9,0,36,40,0,40,76
01/17/2001,EWB,MA,ANE,EN,Federal Contract Tower,0,8,28,0,36,0,19,38,0,57,0,27,66,0,93,104,0,104,197
01/18/2001,EWB,MA,ANE,EN,Federal Contract Tower,0,7,25,2,34,0,6,28,0,34,0,13,53,2,68,48,8,56,124
01/19/2001,EWB,MA,ANE,EN,Federal Contract Tower,0,4,2,0,6,0,18,0,0,18,0,22,2,0,24,2,0,2,26
01/20/2001,EWB,MA,ANE,EN,Federal Contract Tower,0,2,0,0,2,0,10,0,0,10,0,12,0,0,12,0,0,0,12
01/21/2001,EWB,MA,ANE,EN,Federal Contract Tower,0,0,0,0,0,0,0,0,0,0,0,0,0,0,0,0,0,0,0
01/22/2001,EWB,MA,ANE,EN,Federal Contract Tower,0,1,6,0,7,0,21,40,0,61,0,22,46,0,68,14,0,14,82
01/23/2001,EWB,MA,ANE,EN,Federal Contract Tower,0,6,24,0,30,0,24,24,0,48,0,30,48,0,78,48,6,54,132
01/24/2001,EWB,MA,ANE,EN,Federal Contract Tower,0,8,31,0,39,0,15,34,0,49,0,23,65,0,88,106,8,114,202
01/25/2001,EWB,MA,ANE,EN,Federal Contract Tower,0,6,25,0,31,0,12,28,0,40,0,18,53,0,71,28,10,38,109
01/26/2001,EWB,MA,ANE,EN,Federal Contract Tower,0,2,8,0,10,0,24,80,0,104,0,26,88,0,114,132,8,140,254
01/27/2001,EWB,MA,ANE,EN,Federal Contract Tower,0,2,8,0,10,0,13,12,0,25,0,15,20,0,35,106,14,120,155
01/28/2001,EWB,MA,ANE,EN,Federal Contract Tower,0,5,21,0,26,0,13,76,0,89,0,18,97,0,115,120,0,120,235
01/29/2001,EWB,MA,ANE,EN,Federal Contract Tower,0,3,12,0,15,0,14,38,0,52,0,17,50,0,67,38,0,38,105
01/30/2001,EWB,MA,ANE,EN,Federal Contract Tower,0,4,15,0,19,0,18,0,0,18,0,22,15,0,37,26,0,26,63
01/31/2001,EWB,MA,ANE,EN,Federal Contract Tower,0,10,38,0,48,0,25,13,0,38,0,35,51,0,86,114,0,114,200
02/01/2001,EWB,MA,ANE,EN,Federal Contract Tower,0,3,15,0,18,0,14,24,0,38,0,17,39,0,56,72,0,72,128
02/02/2001,EWB,MA,ANE,EN,Federal Contract Tower,0,5,28,0,33,0,17,20,0,37,0,22,48,0,70,6,0,6,76
02/03/2001,EWB,MA,ANE,EN,Federal Contract Tower,0,6,28,0,34,0,5,18,0,23,0,11,46,0,57,18,0,18,75
02/04/2001,EWB,MA,ANE,EN,Federal Contract Tower,0,5,36,0,41,0,18,62,0,80,0,23,98,0,121,98,20,118,239
02/05/2001,EWB,MA,ANE,EN,Federal Contract Tower,0,1,7,0,8,0,8,2,0,10,0,9,9,0,18,20,0,20,38
02/06/2001,EWB,MA,ANE,EN,Federal Contract Tower,0,0,1,0,1,0,25,23,0,48,0,25,24,0,49,12,0,12,61
02/07/2001,EWB,MA,ANE,EN,Federal Contract Tower,0,3,20,2,25,0,17,29,4,50,0,20,49,6,75,80,8,88,163
02/08/2001,EWB,MA,ANE,EN,Federal Contract Tower,0,2,17,0,19,0,13,29,0,42,0,15,46,0,61,68,12,80,141
02/09/2001,EWB,MA,ANE,EN,Federal Contract Tower,0,2,15,0,17,0,22,3,0,25,0,24,18,0,42,30,0,30,72
02/10/2001,EWB,MA,ANE,EN,Federal Contract Tower,0,0,1,0,1,0,17,0,0,17,0,17,1,0,18,0,0,0,18
02/11/2001,EWB,MA,ANE,EN,Federal Contract Tower,0,0,3,0,3,0,17,11,0,28,0,17,14,0,31,4,0,4,35
02/12/2001,EWB,MA,ANE,EN,Federal Contract Tower,0,6,39,3,48,0,20,43,9,72,0,26,82,12,120,98,0,98,218
02/13/2001,EWB,MA,ANE,EN,Federal Contract Tower,0,3,20,2,25,0,16,45,0,61,0,19,65,2,86,78,6,84,170
02/14/2001,EWB,MA,ANE,EN,Federal Contract Tower,0,0,4,0,4,0,18,36,0,54,0,18,40,0,58,64,4,68,126
02/15/2001,EWB,MA,ANE,EN,Federal Contract Tower,0,6,35,0,41,0,19,0,0,19,0,25,35,0,60,42,10,52,112
02/16/2001,EWB,MA,ANE,EN,Federal Contract Tower,0,2,15,0,17,0,32,32,0,64,0,34,47,0,81,62,4,66,147
02/17/2001,EWB,MA,ANE,EN,Federal Contract Tower,0,0,2,0,2,0,18,7,0,25,0,18,9,0,27,38,0,38,65
02/18/2001,EWB,MA,ANE,EN,Federal Contract Tower,0,7,50,0,57,0,12,30,0,42,0,19,80,0,99,132,2,134,233
02/19/2001,EWB,MA,ANE,EN,Federal Contract Tower,0,0,7,0,7,0,17,62,0,79,0,17,69,0,86,48,4,52,138
02/20/2001,EWB,MA,ANE,EN,Federal Contract Tower,0,3,15,0,18,0,26,24,0,50,0,29,39,0,68,64,0,64,132
02/21/2001,EWB,MA,ANE,EN,Federal Contract Tower,0,0,6,0,6,0,25,23,0,48,0,25,29,0,54,10,0,10,64
02/22/2001,EWB,MA,ANE,EN,Federal Contract Tower,0,3,22,0,25,0,15,34,0,49,0,18,56,0,74,48,0,48,122
02/23/2001,EWB,MA,ANE,EN,Federal Contract Tower,0,2,18,0,20,0,32,8,0,40,0,34,26,0,60,70,0,70,130
02/24/2001,EWB,MA,ANE,EN,Federal Contract Tower,0,4,29,0,33,0,21,69,0,90,0,25,98,0,123,116,0,116,239
02/25/2001,EWB,MA,ANE,EN,Federal Contract Tower,0,0,2,0,2,0,3,0,0,3,0,3,2,0,5,0,0,0,5
02/26/2001,EWB,MA,ANE,EN,Federal Contract Tower,0,3,15,0,18,0,20,14,0,34,0,23,29,0,52,26,4,30,82
02/27/2001,EWB,MA,ANE,EN,Federal Contract Tower,0,6,47,0,53,0,33,28,0,61,0,39,75,0,114,116,10,126,240
02/28/2001,EWB,MA,ANE,EN,Federal Contract Tower,0,2,11,0,13,0,20,36,5,61,0,22,47,5,74,48,18,66,140
03/01/2001,EWB,MA,ANE,EN,Federal Contract Tower,0,5,20,0,25,0,14,28,0,42,0,19,48,0,67,32,0,32,99
03/02/2001,EWB,MA,ANE,EN,Federal Contract Tower,0,5,9,0,14,0,21,0,0,21,0,26,9,0,35,12,0,12,47
03/03/2001,EWB,MA,ANE,EN,Federal Contract Tower,0,2,13,0,15,0,13,3,0,16,0,15,16,0,31,70,4,74,105
03/04/2001,EWB,MA,ANE,EN,Federal Contract Tower,0,2,12,0,14,0,15,42,0,57,0,17,54,0,71,72,2,74,145
03/05/2001,EWB,MA,ANE,EN,Federal Contract Tower,0,0,0,0,0,0,0,0,0,0,0,0,0,0,0,0,0,0,0
03/06/2001,EWB,MA,ANE,EN,Federal Contract Tower,0,0,1,0,1,0,0,1,0,1,0,0,2,0,2,0,0,0,2
03/07/2001,EWB,MA,ANE,EN,Federal Contract Tower,0,0,4,1,5,0,14,8,1,23,0,14,12,2,28,2,2,4,32
03/08/2001,EWB,MA,ANE,EN,Federal Contract Tower,0,3,18,1,22,0,20,33,1,54,0,23,51,2,76,128,28,156,232
03/09/2001,EWB,MA,ANE,EN,Federal Contract Tower,0,6,18,0,24,0,15,0,0,15,0,21,18,0,39,42,0,42,81
03/10/2001,EWB,MA,ANE,EN,Federal Contract Tower,0,4,13,1,18,0,8,0,0,8,0,12,13,1,26,30,0,30,56
03/11/2001,EWB,MA,ANE,EN,Federal Contract Tower,0,6,36,0,42,0,12,70,0,82,0,18,106,0,124,118,0,118,242
03/12/2001,EWB,MA,ANE,EN,Federal Contract Tower,0,2,9,0,11,0,36,76,0,112,0,38,85,0,123,92,0,92,215
03/13/2001,EWB,MA,ANE,EN,Federal Contract Tower,0,0,1,0,1,0,0,1,0,1,0,0,2,0,2,0,0,0,2
03/14/2001,EWB,MA,ANE,EN,Federal Contract Tower,0,2,12,1,15,0,32,23,7,62,0,34,35,8,77,36,0,36,113
03/15/2001,EWB,MA,ANE,EN,Federal Contract Tower,0,1,6,0,7,0,21,41,0,62,0,22,47,0,69,54,0,54,123
03/16/2001,EWB,MA,ANE,EN,Federal Contract Tower,0,4,25,0,29,0,32,73,0,105,0,36,98,0,134,116,0,116,250
03/17/2001,EWB,MA,ANE,EN,Federal Contract Tower,0,8,44,0,52,0,8,59,0,67,0,16,103,0,119,146,0,146,265
03/18/2001,EWB,MA,ANE,EN,Federal Contract Tower,0,1,9,0,10,0,26,19,1,46,0,27,28,1,56,60,0,60,116
03/19/2001,EWB,MA,ANE,EN,Federal Contract Tower,0,2,13,0,15,0,24,26,0,50,0,26,39,0,65,36,0,36,101
03/20/2001,EWB,MA,ANE,EN,Federal Contract Tower,0,10,57,0,67,0,29,37,0,66,0,39,94,0,133,110,2,112,245
03/21/2001,EWB,MA,ANE,EN,Federal Contract Tower,0,7,29,0,36,0,9,0,0,9,0,16,29,0,45,62,40,102,147
03/22/2001,EWB,MA,ANE,EN,Federal Contract Tower,0,0,0,0,0,0,5,0,0,5,0,5,0,0,5,0,0,0,5
03/23/2001,EWB,MA,ANE,EN,Federal Contract Tower,0,2,12,0,14,0,31,12,3,46,0,33,24,3,60,14,10,24,84
03/24/2001,EWB,MA,ANE,EN,Federal Contract Tower,0,4,20,0,24,0,25,23,0,48,0,29,43,0,72,40,0,40,112
03/25/2001,EWB,MA,ANE,EN,Federal Contract Tower,0,6,37,0,43,0,22,51,0,73,0,28,88,0,116,164,0,164,280
03/26/2001,EWB,MA,ANE,EN,Federal Contract Tower,0,4,21,0,25,0,25,13,0,38,0,29,34,0,63,28,0,28,91
03/27/2001,EWB,MA,ANE,EN,Federal Contract Tower,0,0,6,0,6,0,28,30,0,58,0,28,36,0,64,14,2,16,80
03/28/2001,EWB,MA,ANE,EN,Federal Contract Tower,0,4,28,0,32,0,20,66,0,86,0,24,94,0,118,106,8,114,232
03/29/2001,EWB,MA,ANE,EN,Federal Contract Tower,0,4,19,0,23,0,26,52,0,78,0,30,71,0,101,90,0,90,191
03/30/2001,EWB,MA,ANE,EN,Federal Contract Tower,0,0,2,0,2,0,5,0,0,5,0,5,2,0,7,0,0,0,7
03/31/2001,EWB,MA,ANE,EN,Federal Contract Tower,0,5,29,0,34,0,13,18,0,31,0,18,47,0,65,130,0,130,195
04/01/2001,EWB,MA,ANE,EN,Federal Contract Tower,0,5,16,0,21,0,14,19,0,33,0,19,35,0,54,58,0,58,112
04/02/2001,EWB,MA,ANE,EN,Federal Contract Tower,0,3,24,0,27,0,25,24,0,49,0,28,48,0,76,62,4,66,142
04/03/2001,EWB,MA,ANE,EN,Federal Contract Tower,0,8,29,0,37,0,24,25,0,49,0,32,54,0,86,76,0,76,162
04/04/2001,EWB,MA,ANE,EN,Federal Contract Tower,0,3,31,1,35,0,40,62,1,103,0,43,93,2,138,118,2,120,258
04/05/2001,EWB,MA,ANE,EN,Federal Contract Tower,0,8,31,2,41,0,29,90,0,119,0,37,121,2,160,80,22,102,262
04/06/2001,EWB,MA,ANE,EN,Federal Contract Tower,0,7,28,0,35,0,21,38,0,59,0,28,66,0,94,56,2,58,152
04/07/2001,EWB,MA,ANE,EN,Federal Contract Tower,0,12,50,0,62,0,20,6,0,26,0,32,56,0,88,128,0,128,216
04/08/2001,EWB,MA,ANE,EN,Federal Contract Tower,0,6,5,0,11,0,15,0,0,15,0,21,5,0,26,0,0,0,26
04/09/2001,EWB,MA,ANE,EN,Federal Contract Tower,0,7,26,2,35,0,18,25,8,51,0,25,51,10,86,46,2,48,134
04/10/2001,EWB,MA,ANE,EN,Federal Contract Tower,0,11,43,0,54,0,41,16,0,57,0,52,59,0,111,112,0,112,223
04/11/2001,EWB,MA,ANE,EN,Federal Contract Tower,0,9,37,0,46,0,34,28,0,62,0,43,65,0,108,104,8,112,220
04/12/2001,EWB,MA,ANE,EN,Federal Contract Tower,0,4,4,0,8,0,10,0,0,10,0,14,4,0,18,0,0,0,18
04/13/2001,EWB,MA,ANE,EN,Federal Contract Tower,0,11,44,0,55,0,19,7,0,26,0,30,51,0,81,40,0,40,121
04/14/2001,EWB,MA,ANE,EN,Federal Contract Tower,0,4,13,0,17,0,16,59,0,75,0,20,72,0,92,62,0,62,154
04/15/2001,EWB,MA,ANE,EN,Federal Contract Tower,0,3,10,0,13,0,24,68,0,92,0,27,78,0,105,84,0,84,189
04/16/2001,EWB,MA,ANE,EN,Federal Contract Tower,0,2,3,0,5,0,46,88,0,134,0,48,91,0,139,154,0,154,293
04/17/2001,EWB,MA,ANE,EN,Federal Contract Tower,0,11,31,0,42,0,45,0,0,45,0,56,31,0,87,50,0,50,137
04/18/2001,EWB,MA,ANE,EN,Federal Contract Tower,0,7,23,0,30,0,11,9,0,20,0,18,32,0,50,26,0,26,76
04/19/2001,EWB,MA,ANE,EN,Federal Contract Tower,0,0,51,0,51,0,34,45,0,79,0,34,96,0,130,118,0,118,248
04/20/2001,EWB,MA,ANE,EN,Federal Contract Tower,0,6,31,1,38,0,38,57,1,96,0,44,88,2,134,58,4,62,196
04/21/2001,EWB,MA,ANE,EN,Federal Contract Tower,0,7,31,1,39,0,12,0,1,13,0,19,31,2,52,34,0,34,86
04/22/2001,EWB,MA,ANE,EN,Federal Contract Tower,0,5,22,0,27,0,26,52,0,78,0,31,74,0,105,142,0,142,247
04/23/2001,EWB,MA,ANE,EN,Federal Contract Tower,0,0,23,0,23,0,25,92,0,117,0,25,115,0,140,114,0,114,254
04/24/2001,EWB,MA,ANE,EN,Federal Contract Tower,0,7,34,0,41,0,20,15,0,35,0,27,49,0,76,118,4,122,198
04/25/2001,EWB,MA,ANE,EN,Federal Contract Tower,0,9,43,0,52,0,15,38,0,53,0,24,81,0,105,134,6,140,245
04/26/2001,EWB,MA,ANE,EN,Federal Contract Tower,0,11,51,0,62,0,28,22,0,50,0,39,73,0,112,134,6,140,252
04/27/2001,EWB,MA,ANE,EN,Federal Contract Tower,0,7,32,1,40,0,50,36,1,87,0,57,68,2,127,98,10,108,235
04/28/2001,EWB,MA,ANE,EN,Federal Contract Tower,0,8,39,0,47,0,20,71,0,91,0,28,110,0,138,100,0,100,238
04/29/2001,EWB,MA,ANE,EN,Federal Contract Tower,0,8,36,0,44,0,50,70,0,120,0,58,106,0,164,206,0,206,370
04/30/2001,EWB,MA,ANE,EN,Federal Contract Tower,0,7,32,1,40,0,38,40,3,81,0,45,72,4,121,60,0,60,181
05/01/2001,EWB,MA,ANE,EN,Federal Contract Tower,0,8,20,0,28,0,27,39,0,66,0,35,59,0,94,106,0,106,200
05/02/2001,EWB,MA,ANE,EN,Federal Contract Tower,0,9,26,0,35,0,24,54,0,78,0,33,80,0,113,144,2,146,259
05/03/2001,EWB,MA,ANE,EN,Federal Contract Tower,0,7,22,1,30,0,29,27,1,57,0,36,49,2,87,54,2,56,143
05/04/2001,EWB,MA,ANE,EN,Federal Contract Tower,0,7,20,0,27,0,30,51,0,81,0,37,71,0,108,50,2,52,160
05/05/2001,EWB,MA,ANE,EN,Federal Contract Tower,0,8,23,0,31,0,18,48,0,66,0,26,71,0,97,144,4,148,245
05/06/2001,EWB,MA,ANE,EN,Federal Contract Tower,0,3,8,0,11,0,31,63,0,94,0,34,71,0,105,48,8,56,161
05/07/2001,EWB,MA,ANE,EN,Federal Contract Tower,0,7,22,0,29,0,30,71,0,101,0,37,93,0,130,146,2,148,278
05/08/2001,EWB,MA,ANE,EN,Federal Contract Tower,0,7,21,0,28,0,25,78,0,103,0,32,99,0,131,56,4,60,191
05/09/2001,EWB,MA,ANE,EN,Federal Contract Tower,0,7,21,0,28,0,28,71,0,99,0,35,92,0,127,90,4,94,221
05/10/2001,EWB,MA,ANE,EN,Federal Contract Tower,0,14,46,0,60,0,14,21,0,35,0,28,67,0,95,102,0,102,197
05/11/2001,EWB,MA,ANE,EN,Federal Contract Tower,0,7,23,0,30,0,37,55,0,92,0,44,78,0,122,85,0,85,207
05/12/2001,EWB,MA,ANE,EN,Federal Contract Tower,0,4,11,0,15,0,23,54,0,77,0,27,65,0,92,66,0,66,158
05/13/2001,EWB,MA,ANE,EN,Federal Contract Tower,0,5,15,0,20,0,28,51,0,79,0,33,66,0,99,42,0,42,141
05/14/2001,EWB,MA,ANE,EN,Federal Contract Tower,0,4,14,0,18,0,27,33,0,60,0,31,47,0,78,32,0,32,110
05/15/2001,EWB,MA,ANE,EN,Federal Contract Tower,0,7,23,0,30,0,28,7,0,35,0,35,30,0,65,44,0,44,109
05/16/2001,EWB,MA,ANE,EN,Federal Contract Tower,0,11,25,0,36,0,20,0,0,20,0,31,25,0,56,20,8,28,84
05/17/2001,EWB,MA,ANE,EN,Federal Contract Tower,0,1,17,0,18,0,57,55,0,112,0,58,72,0,130,48,8,56,186
05/18/2001,EWB,MA,ANE,EN,Federal Contract Tower,0,7,22,0,29,0,52,52,8,112,0,59,74,8,141,88,2,90,231
05/19/2001,EWB,MA,ANE,EN,Federal Contract Tower,0,10,35,1,46,0,24,51,1,76,0,34,86,2,122,124,2,126,248
05/20/2001,EWB,MA,ANE,EN,Federal Contract Tower,0,16,52,0,68,0,44,65,0,109,0,60,117,0,177,178,0,178,355
05/21/2001,EWB,MA,ANE,EN,Federal Contract Tower,0,20,44,0,64,0,63,0,0,63,0,83,44,0,127,50,2,52,179
05/22/2001,EWB,MA,ANE,EN,Federal Contract Tower,0,8,8,0,16,0,21,0,0,21,0,29,8,0,37,4,0,4,41
05/23/2001,EWB,MA,ANE,EN,Federal Contract Tower,0,9,28,0,37,0,27,0,0,27,0,36,28,0,64,40,0,40,104
05/24/2001,EWB,MA,ANE,EN,Federal Contract Tower,0,17,21,0,38,0,56,0,0,56,0,73,21,0,94,32,0,32,126
05/25/2001,EWB,MA,ANE,EN,Federal Contract Tower,0,17,57,0,74,0,98,48,0,146,0,115,105,0,220,104,0,104,324
05/26/2001,EWB,MA,ANE,EN,Federal Contract Tower,0,10,34,0,44,0,43,34,0,77,0,53,68,0,121,110,0,110,231
05/27/2001,EWB,MA,ANE,EN,Federal Contract Tower,0,8,13,0,21,0,40,0,0,40,0,48,13,0,61,32,0,32,93
05/28/2001,EWB,MA,ANE,EN,Federal Contract Tower,0,16,32,0,48,0,79,0,0,79,0,95,32,0,127,38,0,38,165
05/29/2001,EWB,MA,ANE,EN,Federal Contract Tower,0,6,20,0,26,0,63,39,0,102,0,69,59,0,128,42,0,42,170
05/30/2001,EWB,MA,ANE,EN,Federal Contract Tower,0,5,18,0,23,0,49,52,0,101,0,54,70,0,124,54,4,58,182
05/31/2001,EWB,MA,ANE,EN,Federal Contract Tower,0,7,21,0,28,0,54,18,2,74,0,61,39,2,102,48,10,58,160
06/01/2001,EWB,MA,ANE,EN,Federal Contract Tower,0,13,28,0,41,0,61,109,0,170,0,74,137,0,211,98,0,98,309
06/02/2001,EWB,MA,ANE,EN,Federal Contract Tower,0,11,7,0,18,0,14,0,0,14,0,25,7,0,32,10,0,10,42
06/03/2001,EWB,MA,ANE,EN,Federal Contract Tower,0,9,18,0,27,0,30,5,0,35,0,39,23,0,62,4,0,4,66
06/04/2001,EWB,MA,ANE,EN,Federal Contract Tower,0,11,21,0,32,0,60,72,0,132,0,71,93,0,164,90,6,96,260
06/05/2001,EWB,MA,ANE,EN,Federal Contract Tower,0,27,50,0,77,0,24,33,0,57,0,51,83,0,134,126,0,126,260
06/06/2001,EWB,MA,ANE,EN,Federal Contract Tower,0,20,36,0,56,0,26,65,0,91,0,46,101,0,147,134,0,134,281
06/07/2001,EWB,MA,ANE,EN,Federal Contract Tower,0,24,44,0,68,0,42,29,0,71,0,66,73,0,139,106,0,106,245
06/08/2001,EWB,MA,ANE,EN,Federal Contract Tower,0,13,23,1,37,0,67,79,1,147,0,80,102,2,184,96,0,96,280
06/09/2001,EWB,MA,ANE,EN,Federal Contract Tower,0,31,57,0,88,0,28,128,0,156,0,59,185,0,244,166,0,166,410
06/10/2001,EWB,MA,ANE,EN,Federal Contract Tower,0,8,16,0,24,0,61,109,0,170,0,69,125,0,194,112,0,112,306
06/11/2001,EWB,MA,ANE,EN,Federal Contract Tower,0,6,11,0,17,0,64,64,0,128,0,70,75,0,145,46,0,46,191
06/12/2001,EWB,MA,ANE,EN,Federal Contract Tower,0,22,36,0,58,0,37,0,0,37,0,59,36,0,95,32,8,40,135
06/13/2001,EWB,MA,ANE,EN,Federal Contract Tower,0,14,27,0,41,0,49,68,0,117,0,63,95,0,158,78,0,78,236
06/14/2001,EWB,MA,ANE,EN,Federal Contract Tower,0,29,44,0,73,0,23,0,0,23,0,52,44,0,96,42,10,52,148
06/15/2001,EWB,MA,ANE,EN,Federal Contract Tower,0,39,34,0,73,0,34,49,0,83,0,73,83,0,156,136,0,136,292
06/16/2001,EWB,MA,ANE,EN,Federal Contract Tower,0,21,38,0,59,0,25,29,0,54,0,46,67,0,113,110,0,110,223
06/17/2001,EWB,MA,ANE,EN,Federal Contract Tower,0,16,6,0,22,0,25,0,0,25,0,41,6,0,47,0,0,0,47
06/18/2001,EWB,MA,ANE,EN,Federal Contract Tower,0,16,30,0,46,0,67,88,0,155,0,83,118,0,201,96,0,96,297
06/19/2001,EWB,MA,ANE,EN,Federal Contract Tower,0,10,19,0,29,0,65,55,0,120,0,75,74,0,149,88,0,88,237
06/20/2001,EWB,MA,ANE,EN,Federal Contract Tower,0,12,22,0,34,0,50,52,0,102,0,62,74,0,136,126,0,126,262
06/21/2001,EWB,MA,ANE,EN,Federal Contract Tower,0,23,37,0,60,0,51,0,0,51,0,74,37,0,111,84,8,92,203
06/22/2001,EWB,MA,ANE,EN,Federal Contract Tower,0,24,46,0,70,0,60,3,0,63,0,84,49,0,133,72,0,72,205
06/23/2001,EWB,MA,ANE,EN,Federal Contract Tower,0,26,33,0,59,0,28,0,0,28,0,54,33,0,87,52,2,54,141
06/24/2001,EWB,MA,ANE,EN,Federal Contract Tower,0,33,35,0,68,0,29,0,0,29,0,62,35,0,97,24,4,28,125
06/25/2001,EWB,MA,ANE,EN,Federal Contract Tower,0,14,27,0,41,0,58,60,0,118,0,72,87,0,159,100,0,100,259
06/26/2001,EWB,MA,ANE,EN,Federal Contract Tower,0,14,45,0,59,0,60,72,1,133,0,74,117,1,192,166,8,174,366
06/27/2001,EWB,MA,ANE,EN,Federal Contract Tower,0,26,49,0,75,0,44,52,0,96,0,70,101,0,171,116,4,120,291
06/28/2001,EWB,MA,ANE,EN,Federal Contract Tower,0,21,40,0,61,0,62,47,0,109,0,83,87,0,170,94,0,94,264
06/29/2001,EWB,MA,ANE,EN,Federal Contract Tower,0,25,46,0,71,0,92,77,2,171,0,117,123,2,242,152,0,152,394
06/30/2001,EWB,MA,ANE,EN,Federal Contract Tower,0,25,48,0,73,0,35,15,0,50,0,60,63,0,123,60,0,60,183
07/01/2001,EWB,MA,ANE,EN,Federal Contract Tower,0,16,37,0,53,0,29,25,0,54,0,45,62,0,107,60,0,60,167
07/02/2001,EWB,MA,ANE,EN,Federal Contract Tower,0,8,18,0,26,0,82,90,0,172,0,90,108,0,198,120,2,122,320
07/03/2001,EWB,MA,ANE,EN,Federal Contract Tower,0,12,30,1,43,0,78,73,1,152,0,90,103,2,195,94,4,98,293
07/04/2001,EWB,MA,ANE,EN,Federal Contract Tower,0,16,37,1,54,0,50,7,3,60,0,66,44,4,114,102,0,102,216
07/05/2001,EWB,MA,ANE,EN,Federal Contract Tower,0,21,48,0,69,0,60,34,0,94,0,81,82,0,163,62,4,66,229
07/06/2001,EWB,MA,ANE,EN,Federal Contract Tower,0,14,33,0,47,0,63,95,0,158,0,77,128,0,205,122,0,122,327
07/07/2001,EWB,MA,ANE,EN,Federal Contract Tower,0,6,16,0,22,0,61,146,0,207,0,67,162,0,229,104,0,104,333
07/08/2001,EWB,MA,ANE,EN,Federal Contract Tower,0,12,28,0,40,0,81,43,0,124,0,93,71,0,164,68,0,68,232
07/09/2001,EWB,MA,ANE,EN,Federal Contract Tower,0,25,58,0,83,0,57,2,0,59,0,82,60,0,142,100,0,100,242
07/10/2001,EWB,MA,ANE,EN,Federal Contract Tower,0,20,46,0,66,0,41,8,0,49,0,61,54,0,115,92,0,92,207
07/11/2001,EWB,MA,ANE,EN,Federal Contract Tower,0,13,32,0,45,0,56,31,0,87,0,69,63,0,132,84,0,84,216
07/12/2001,EWB,MA,ANE,EN,Federal Contract Tower,0,13,31,0,44,0,48,54,0,102,0,61,85,0,146,90,0,90,236
07/13/2001,EWB,MA,ANE,EN,Federal Contract Tower,0,14,32,0,46,0,74,61,0,135,0,88,93,0,181,88,0,88,269
07/14/2001,EWB,MA,ANE,EN,Federal Contract Tower,0,9,22,0,31,0,51,109,0,160,0,60,131,0,191,192,0,192,383
07/15/2001,EWB,MA,ANE,EN,Federal Contract Tower,0,10,24,0,34,0,61,116,0,177,0,71,140,0,211,82,0,82,293
07/16/2001,EWB,MA,ANE,EN,Federal Contract Tower,0,8,19,0,27,0,69,97,0,166,0,77,116,0,193,102,0,102,295
07/17/2001,EWB,MA,ANE,EN,Federal Contract Tower,0,15,19,0,34,0,40,0,0,40,0,55,19,0,74,24,0,24,98
07/18/2001,EWB,MA,ANE,EN,Federal Contract Tower,0,18,44,0,62,0,47,17,4,68,0,65,61,4,130,54,2,56,186
07/19/2001,EWB,MA,ANE,EN,Federal Contract Tower,0,19,46,0,65,0,58,5,0,63,0,77,51,0,128,114,0,114,242
07/20/2001,EWB,MA,ANE,EN,Federal Contract Tower,0,15,38,0,53,0,78,95,0,173,0,93,133,0,226,148,0,148,374
07/21/2001,EWB,MA,ANE,EN,Federal Contract Tower,0,13,33,0,46,0,47,137,0,184,0,60,170,0,230,150,0,150,380
07/22/2001,EWB,MA,ANE,EN,Federal Contract Tower,0,7,17,0,24,0,79,108,0,187,0,86,125,0,211,124,0,124,335
07/23/2001,EWB,MA,ANE,EN,Federal Contract Tower,0,14,35,0,49,0,57,55,0,112,0,71,90,0,161,108,0,108,269
07/24/2001,EWB,MA,ANE,EN,Federal Contract Tower,0,24,38,0,62,0,44,0,0,44,0,68,38,0,106,70,0,70,176
07/25/2001,EWB,MA,ANE,EN,Federal Contract Tower,0,10,26,0,36,0,56,37,0,93,0,66,63,0,129,76,0,76,205
07/26/2001,EWB,MA,ANE,EN,Federal Contract Tower,0,24,29,0,53,0,37,0,0,37,0,61,29,0,90,12,0,12,102
07/27/2001,EWB,MA,ANE,EN,Federal Contract Tower,0,14,34,0,48,0,82,123,2,207,0,96,157,2,255,150,0,150,405
07/28/2001,EWB,MA,ANE,EN,Federal Contract Tower,0,6,15,0,21,0,55,93,0,148,0,61,108,0,169,92,0,92,261
07/29/2001,EWB,MA,ANE,EN,Federal Contract Tower,0,9,21,0,30,0,63,116,0,179,0,72,137,0,209,108,0,108,317
07/30/2001,EWB,MA,ANE,EN,Federal Contract Tower,0,9,22,0,31,0,73,75,0,148,0,82,97,0,179,118,0,118,297
07/31/2001,EWB,MA,ANE,EN,Federal Contract Tower,0,15,36,0,51,0,71,84,4,159,0,86,120,4,210,104,0,104,314
08/01/2001,EWB,MA,ANE,EN,Federal Contract Tower,0,15,18,0,33,0,55,116,5,176,0,70,134,5,209,96,2,98,307
08/02/2001,EWB,MA,ANE,EN,Federal Contract Tower,0,10,10,0,20,0,63,48,4,115,0,73,58,4,135,106,0,106,241
08/03/2001,EWB,MA,ANE,EN,Federal Contract Tower,0,20,23,0,43,0,71,70,2,143,0,91,93,2,186,132,0,132,318
08/04/2001,EWB,MA,ANE,EN,Federal Contract Tower,0,17,20,0,37,0,32,27,0,59,0,49,47,0,96,16,0,16,112
08/05/2001,EWB,MA,ANE,EN,Federal Contract Tower,0,32,41,0,73,0,49,29,0,78,0,81,70,0,151,16,0,16,167
08/06/2001,EWB,MA,ANE,EN,Federal Contract Tower,0,38,50,0,88,0,19,28,0,47,0,57,78,0,135,28,2,30,165
08/07/2001,EWB,MA,ANE,EN,Federal Contract Tower,0,27,34,0,61,0,29,24,0,53,0,56,58,0,114,40,2,42,156
08/08/2001,EWB,MA,ANE,EN,Federal Contract Tower,0,26,32,0,58,0,27,41,2,70,0,53,73,2,128,84,0,84,212
08/09/2001,EWB,MA,ANE,EN,Federal Contract Tower,0,14,17,0,31,0,48,58,0,106,0,62,75,0,137,30,4,34,171
08/10/2001,EWB,MA,ANE,EN,Federal Contract Tower,0,35,39,0,74,0,34,0,0,34,0,69,39,0,108,56,0,56,164
08/11/2001,EWB,MA,ANE,EN,Federal Contract Tower,0,20,26,0,46,0,39,71,0,110,0,59,97,0,156,60,6,66,222
08/12/2001,EWB,MA,ANE,EN,Federal Contract Tower,0,29,16,0,45,0,25,0,0,25,0,54,16,0,70,0,0,0,70
08/13/2001,EWB,MA,ANE,EN,Federal Contract Tower,0,38,27,0,65,0,21,0,0,21,0,59,27,0,86,56,0,56,142
08/14/2001,EWB,MA,ANE,EN,Federal Contract Tower,0,40,54,0,94,0,30,0,0,30,0,70,54,0,124,86,0,86,210
08/15/2001,EWB,MA,ANE,EN,Federal Contract Tower,0,20,26,0,46,0,36,99,0,135,0,56,125,0,181,178,0,178,359
08/16/2001,EWB,MA,ANE,EN,Federal Contract Tower,0,12,16,0,28,0,68,144,0,212,0,80,160,0,240,126,0,126,366
08/17/2001,EWB,MA,ANE,EN,Federal Contract Tower,0,32,45,2,79,0,54,23,0,77,0,86,68,2,156,96,4,100,256
08/18/2001,EWB,MA,ANE,EN,Federal Contract Tower,0,10,13,0,23,0,41,128,0,169,0,51,141,0,192,148,0,148,340
08/19/2001,EWB,MA,ANE,EN,Federal Contract Tower,0,20,27,0,47,0,57,80,0,137,0,77,107,0,184,80,0,80,264
08/20/2001,EWB,MA,ANE,EN,Federal Contract Tower,0,39,15,0,54,0,35,36,0,71,0,74,51,0,125,28,0,28,153
08/21/2001,EWB,MA,ANE,EN,Federal Contract Tower,0,45,38,0,83,0,26,25,2,53,0,71,63,2,136,50,6,56,192
08/22/2001,EWB,MA,ANE,EN,Federal Contract Tower,0,6,38,0,44,0,48,96,0,144,0,54,134,0,188,138,4,142,330
08/23/2001,EWB,MA,ANE,EN,Federal Contract Tower,0,5,18,0,23,0,69,65,0,134,0,74,83,0,157,90,0,90,247
08/24/2001,EWB,MA,ANE,EN,Federal Contract Tower,0,12,25,0,37,0,92,65,0,157,0,104,90,0,194,52,0,52,246
08/25/2001,EWB,MA,ANE,EN,Federal Contract Tower,0,1,16,0,17,0,55,110,0,165,0,56,126,0,182,148,0,148,330
08/26/2001,EWB,MA,ANE,EN,Federal Contract Tower,0,1,27,0,28,0,54,98,0,152,0,55,125,0,180,86,0,86,266
08/27/2001,EWB,MA,ANE,EN,Federal Contract Tower,0,11,33,0,44,0,74,29,0,103,0,85,62,0,147,40,0,40,187
08/28/2001,EWB,MA,ANE,EN,Federal Contract Tower,0,39,21,2,62,0,34,35,0,69,0,73,56,2,131,86,2,88,219
08/29/2001,EWB,MA,ANE,EN,Federal Contract Tower,0,2,38,2,42,0,69,75,8,152,0,71,113,10,194,124,6,130,324
08/30/2001,EWB,MA,ANE,EN,Federal Contract Tower,0,5,37,0,42,0,77,78,0,155,0,82,115,0,197,164,0,164,361
08/31/2001,EWB,MA,ANE,EN,Federal Contract Tower,0,40,31,0,71,0,52,27,0,79,0,92,58,0,150,26,0,26,176
09/01/2001,EWB,MA,ANE,EN,Federal Contract Tower,0,12,19,0,31,0,49,60,0,109,0,61,79,0,140,96,0,96,236
09/02/2001,EWB,MA,ANE,EN,Federal Contract Tower,0,0,29,0,29,0,58,125,0,183,0,58,154,0,212,104,0,104,316
09/03/2001,EWB,MA,ANE,EN,Federal Contract Tower,0,0,30,0,30,0,94,165,0,259,0,94,195,0,289,144,0,144,433
09/04/2001,EWB,MA,ANE,EN,Federal Contract Tower,0,8,19,0,27,0,62,65,0,127,0,70,84,0,154,48,0,48,202
09/05/2001,EWB,MA,ANE,EN,Federal Contract Tower,0,4,34,4,42,0,45,38,7,90,0,49,72,11,132,84,2,86,218
09/06/2001,EWB,MA,ANE,EN,Federal Contract Tower,0,3,32,0,35,0,55,82,0,137,0,58,114,0,172,124,4,128,300
09/07/2001,EWB,MA,ANE,EN,Federal Contract Tower,0,8,64,0,72,0,76,48,2,126,0,84,112,2,198,108,20,128,326
09/08/2001,EWB,MA,ANE,EN,Federal Contract Tower,0,2,30,0,32,0,51,75,0,126,0,53,105,0,158,46,4,50,208
09/09/2001,EWB,MA,ANE,EN,Federal Contract Tower,0,4,22,0,26,0,61,88,0,149,0,65,110,0,175,64,2,66,241
09/10/2001,EWB,MA,ANE,EN,Federal Contract Tower,0,22,13,0,35,0,50,36,0,86,0,72,49,0,121,48,0,48,169
09/11/2001,EWB,MA,ANE,EN,Federal Contract Tower,0,2,3,0,5,0,13,11,1,25,0,15,14,1,30,24,2,26,56
09/12/2001,EWB,MA,ANE,EN,Federal Contract Tower,0,0,0,0,0,0,0,0,0,0,0,0,0,0,0,0,0,0,0
09/13/2001,EWB,MA,ANE,EN,Federal Contract Tower,0,11,0,0,11,0,0,0,0,0,0,11,0,0,11,0,0,0,11
09/14/2001,EWB,MA,ANE,EN,Federal Contract Tower,0,48,2,0,50,0,1,0,0,1,0,49,2,0,51,0,0,0,51
09/15/2001,EWB,MA,ANE,EN,Federal Contract Tower,0,30,14,4,48,0,7,0,0,7,0,37,14,4,55,2,0,2,57
09/16/2001,EWB,MA,ANE,EN,Federal Contract Tower,0,36,21,0,57,0,3,0,0,3,0,39,21,0,60,2,0,2,62
09/17/2001,EWB,MA,ANE,EN,Federal Contract Tower,0,48,21,0,69,0,9,0,0,9,0,57,21,0,78,4,0,4,82
09/18/2001,EWB,MA,ANE,EN,Federal Contract Tower,0,41,24,0,65,0,6,0,0,6,0,47,24,0,71,14,0,14,85
09/19/2001,EWB,MA,ANE,EN,Federal Contract Tower,0,26,23,3,52,0,5,0,0,5,0,31,23,3,57,4,0,4,61
09/20/2001,EWB,MA,ANE,EN,Federal Contract Tower,0,26,31,0,57,0,28,0,0,28,0,54,31,0,85,26,6,32,117
09/21/2001,EWB,MA,ANE,EN,Federal Contract Tower,0,22,16,0,38,0,31,0,0,31,0,53,16,0,69,4,0,4,73
09/22/2001,EWB,MA,ANE,EN,Federal Contract Tower,0,27,53,2,82,0,8,15,0,23,0,35,68,2,105,42,0,42,147
09/23/2001,EWB,MA,ANE,EN,Federal Contract Tower,0,41,42,0,83,0,11,47,0,58,0,52,89,0,141,64,0,64,205
09/24/2001,EWB,MA,ANE,EN,Federal Contract Tower,0,35,24,0,59,0,6,2,0,8,0,41,26,0,67,10,0,10,77
09/25/2001,EWB,MA,ANE,EN,Federal Contract Tower,0,27,0,0,27,0,3,0,0,3,0,30,0,0,30,0,0,0,30
09/26/2001,EWB,MA,ANE,EN,Federal Contract Tower,0,3,29,0,32,0,41,49,0,90,0,44,78,0,122,64,4,68,190
09/27/2001,EWB,MA,ANE,EN,Federal Contract Tower,0,4,34,3,41,0,50,46,2,98,0,54,80,5,139,56,6,62,201
09/28/2001,EWB,MA,ANE,EN,Federal Contract Tower,0,10,38,0,48,0,58,11,0,69,0,68,49,0,117,48,0,48,165
09/29/2001,EWB,MA,ANE,EN,Federal Contract Tower,0,19,26,0,45,0,18,0,2,20,0,37,26,2,65,38,0,38,103
09/30/2001,EWB,MA,ANE,EN,Federal Contract Tower,0,29,16,0,45,0,19,0,0,19,0,48,16,0,64,22,0,22,86
10/01/2001,EWB,MA,ANE,EN,Federal Contract Tower,0,17,18,0,35,0,26,19,0,45,0,43,37,0,80,44,2,46,126
10/02/2001,EWB,MA,ANE,EN,Federal Contract Tower,0,9,49,2,60,0,31,44,0,75,0,40,93,2,135,122,0,122,257
10/03/2001,EWB,MA,ANE,EN,Federal Contract Tower,0,16,37,0,53,0,28,47,0,75,0,44,84,0,128,120,0,120,248
10/04/2001,EWB,MA,ANE,EN,Federal Contract Tower,0,15,30,0,45,0,35,41,0,76,0,50,71,0,121,70,2,72,193
10/05/2001,EWB,MA,ANE,EN,Federal Contract Tower,0,36,39,2,77,0,59,52,0,111,0,95,91,2,188,86,0,86,274
10/06/2001,EWB,MA,ANE,EN,Federal Contract Tower,0,19,8,0,27,0,19,5,0,24,0,38,13,0,51,8,0,8,59
10/07/2001,EWB,MA,ANE,EN,Federal Contract Tower,0,0,12,0,12,0,41,63,0,104,0,41,75,0,116,26,0,26,142
10/08/2001,EWB,MA,ANE,EN,Federal Contract Tower,0,15,29,0,44,0,87,28,0,115,0,102,57,0,159,74,0,74,233
10/09/2001,EWB,MA,ANE,EN,Federal Contract Tower,0,12,44,0,56,0,44,22,0,66,0,56,66,0,122,72,0,72,194
10/10/2001,EWB,MA,ANE,EN,Federal Contract Tower,0,10,25,0,35,0,22,28,0,50,0,32,53,0,85,46,0,46,131
10/11/2001,EWB,MA,ANE,EN,Federal Contract Tower,0,17,47,0,64,0,29,43,0,72,0,46,90,0,136,76,0,76,212
10/12/2001,EWB,MA,ANE,EN,Federal Contract Tower,0,12,35,0,47,0,46,65,0,111,0,58,100,0,158,96,0,96,254
10/13/2001,EWB,MA,ANE,EN,Federal Contract Tower,0,14,13,1,28,0,2,0,0,2,0,16,13,1,30,14,0,14,44
10/14/2001,EWB,MA,ANE,EN,Federal Contract Tower,0,43,21,0,64,0,2,0,0,2,0,45,21,0,66,2,0,2,68
10/15/2001,EWB,MA,ANE,EN,Federal Contract Tower,0,5,35,0,40,0,18,0,0,18,0,23,35,0,58,42,0,42,100
10/16/2001,EWB,MA,ANE,EN,Federal Contract Tower,0,12,52,2,66,0,35,17,0,52,0,47,69,2,118,72,0,72,190
10/17/2001,EWB,MA,ANE,EN,Federal Contract Tower,0,1,10,0,11,0,25,21,0,46,0,26,31,0,57,6,0,6,63
10/18/2001,EWB,MA,ANE,EN,Federal Contract Tower,0,0,20,2,22,0,33,63,2,98,0,33,83,4,120,44,0,44,164
10/19/2001,EWB,MA,ANE,EN,Federal Contract Tower,0,5,35,0,40,0,45,79,0,124,0,50,114,0,164,74,2,76,240
10/20/2001,EWB,MA,ANE,EN,Federal Contract Tower,0,2,21,0,23,0,18,40,0,58,0,20,61,0,81,64,2,66,147
10/21/2001,EWB,MA,ANE,EN,Federal Contract Tower,0,1,39,0,40,0,33,72,0,105,0,34,111,0,145,86,0,86,231
10/22/2001,EWB,MA,ANE,EN,Federal Contract Tower,0,0,37,0,37,0,30,32,0,62,0,30,69,0,99,130,0,130,229
10/23/2001,EWB,MA,ANE,EN,Federal Contract Tower,0,0,44,0,44,0,39,20,0,59,0,39,64,0,103,86,0,86,189
10/24/2001,EWB,MA,ANE,EN,Federal Contract Tower,0,24,10,2,36,0,0,0,0,0,0,24,10,2,36,18,2,20,56
10/25/2001,EWB,MA,ANE,EN,Federal Contract Tower,0,21,15,0,36,0,9,0,0,9,0,30,15,0,45,14,0,14,59
10/26/2001,EWB,MA,ANE,EN,Federal Contract Tower,0,2,40,0,42,0,41,2,0,43,0,43,42,0,85,36,0,36,121
10/27/2001,EWB,MA,ANE,EN,Federal Contract Tower,0,0,15,0,15,0,17,65,0,82,0,17,80,0,97,64,0,64,161
10/28/2001,EWB,MA,ANE,EN,Federal Contract Tower,0,2,36,0,38,0,28,36,0,64,0,30,72,0,102,74,0,74,176
10/29/2001,EWB,MA,ANE,EN,Federal Contract Tower,0,5,30,0,35,0,26,55,0,81,0,31,85,0,116,98,0,98,214
10/30/2001,EWB,MA,ANE,EN,Federal Contract Tower,0,6,19,0,25,0,31,35,0,66,0,37,54,0,91,64,2,66,157
10/31/2001,EWB,MA,ANE,EN,Federal Contract Tower,0,6,35,0,41,0,21,16,0,37,0,27,51,0,78,80,0,80,158
11/01/2001,EWB,MA,ANE,EN,Federal Contract Tower,0,1,15,1,17,0,27,38,0,65,0,28,53,1,82,72,8,80,162
11/02/2001,EWB,MA,ANE,EN,Federal Contract Tower,0,13,16,2,31,0,26,35,0,61,0,39,51,2,92,16,6,22,114
11/03/2001,EWB,MA,ANE,EN,Federal Contract Tower,0,4,45,0,49,0,5,9,0,14,0,9,54,0,63,50,0,50,113
11/04/2001,EWB,MA,ANE,EN,Federal Contract Tower,0,0,32,0,32,0,37,115,0,152,0,37,147,0,184,136,0,136,320
11/05/2001,EWB,MA,ANE,EN,Federal Contract Tower,0,3,25,2,30,0,20,27,0,47,0,23,52,2,77,98,0,98,175
11/06/2001,EWB,MA,ANE,EN,Federal Contract Tower,0,9,17,0,26,0,29,10,0,39,0,38,27,0,65,26,0,26,91
11/07/2001,EWB,MA,ANE,EN,Federal Contract Tower,0,3,17,0,20,0,18,27,0,45,0,21,44,0,65,18,0,18,83
11/08/2001,EWB,MA,ANE,EN,Federal Contract Tower,0,17,49,2,68,0,23,31,0,54,0,40,80,2,122,82,10,92,214
11/09/2001,EWB,MA,ANE,EN,Federal Contract Tower,0,11,15,0,26,0,27,16,2,45,0,38,31,2,71,18,0,18,89
11/10/2001,EWB,MA,ANE,EN,Federal Contract Tower,0,2,37,0,39,0,22,51,0,73,0,24,88,0,112,130,2,132,244
11/11/2001,EWB,MA,ANE,EN,Federal Contract Tower,0,2,33,0,35,0,20,42,0,62,0,22,75,0,97,76,0,76,173
11/12/2001,EWB,MA,ANE,EN,Federal Contract Tower,0,1,15,0,16,0,24,44,0,68,0,25,59,0,84,126,0,126,210
11/13/2001,EWB,MA,ANE,EN,Federal Contract Tower,0,3,29,2,34,0,29,30,0,59,0,32,59,2,93,108,0,108,201
11/14/2001,EWB,MA,ANE,EN,Federal Contract Tower,0,10,22,0,32,0,31,40,0,71,0,41,62,0,103,80,0,80,183
11/15/2001,EWB,MA,ANE,EN,Federal Contract Tower,0,3,33,4,40,0,25,19,0,44,0,28,52,4,84,64,2,66,150
11/16/2001,EWB,MA,ANE,EN,Federal Contract Tower,0,11,30,0,41,0,42,44,0,86,0,53,74,0,127,94,4,98,225
11/17/2001,EWB,MA,ANE,EN,Federal Contract Tower,0,2,68,0,70,0,21,146,0,167,0,23,214,0,237,124,4,128,365
11/18/2001,EWB,MA,ANE,EN,Federal Contract Tower,0,2,25,0,27,0,26,76,0,102,0,28,101,0,129,78,0,78,207
11/19/2001,EWB,MA,ANE,EN,Federal Contract Tower,0,3,45,0,48,0,24,11,0,35,0,27,56,0,83,96,0,96,179
11/20/2001,EWB,MA,ANE,EN,Federal Contract Tower,0,5,11,0,16,0,21,1,0,22,0,26,12,0,38,16,0,16,54
11/21/2001,EWB,MA,ANE,EN,Federal Contract Tower,0,5,34,0,39,0,59,47,0,106,0,64,81,0,145,68,0,68,213
11/22/2001,EWB,MA,ANE,EN,Federal Contract Tower,0,2,2,0,4,0,14,24,0,38,0,16,26,0,42,8,0,8,50
11/23/2001,EWB,MA,ANE,EN,Federal Contract Tower,0,4,49,0,53,0,46,71,0,117,0,50,120,0,170,184,0,184,354
11/24/2001,EWB,MA,ANE,EN,Federal Contract Tower,0,3,25,0,28,0,25,64,0,89,0,28,89,0,117,124,0,124,241
11/25/2001,EWB,MA,ANE,EN,Federal Contract Tower,0,2,29,0,31,0,49,62,0,111,0,51,91,0,142,26,0,26,168
11/26/2001,EWB,MA,ANE,EN,Federal Contract Tower,0,11,18,0,29,0,6,3,0,9,0,17,21,0,38,38,0,38,76
11/27/2001,EWB,MA,ANE,EN,Federal Contract Tower,0,6,47,2,55,0,21,57,0,78,0,27,104,2,133,90,0,90,223
11/28/2001,EWB,MA,ANE,EN,Federal Contract Tower,0,15,35,0,50,0,12,22,0,34,0,27,57,0,84,48,4,52,136
11/29/2001,EWB,MA,ANE,EN,Federal Contract Tower,0,28,19,0,47,0,9,2,0,11,0,37,21,0,58,22,0,22,80
11/30/2001,EWB,MA,ANE,EN,Federal Contract Tower,0,41,22,0,63,0,12,0,0,12,0,53,22,0,75,6,0,6,81
12/01/2001,EWB,MA,ANE,EN,Federal Contract Tower,0,12,48,0,60,0,11,49,0,60,0,23,97,0,120,84,4,88,208
12/02/2001,EWB,MA,ANE,EN,Federal Contract Tower,0,0,75,0,75,0,53,49,0,102,0,53,124,0,177,160,0,160,337
12/03/2001,EWB,MA,ANE,EN,Federal Contract Tower,0,1,30,0,31,0,29,35,0,64,0,30,65,0,95,112,4,116,211
12/04/2001,EWB,MA,ANE,EN,Federal Contract Tower,0,11,51,0,62,0,35,31,0,66,0,46,82,0,128,134,0,134,262
12/05/2001,EWB,MA,ANE,EN,Federal Contract Tower,0,3,32,0,35,0,5,72,0,77,0,8,104,0,112,92,0,92,204
12/06/2001,EWB,MA,ANE,EN,Federal Contract Tower,0,12,15,2,29,0,12,43,0,55,0,24,58,2,84,54,2,56,140
12/07/2001,EWB,MA,ANE,EN,Federal Contract Tower,0,4,21,0,25,0,27,56,1,84,0,31,77,1,109,86,0,86,195
12/08/2001,EWB,MA,ANE,EN,Federal Contract Tower,0,1,37,0,38,0,19,80,0,99,0,20,117,0,137,112,0,112,249
12/09/2001,EWB,MA,ANE,EN,Federal Contract Tower,0,17,1,0,18,0,2,0,0,2,0,19,1,0,20,12,0,12,32
12/10/2001,EWB,MA,ANE,EN,Federal Contract Tower,0,4,39,0,43,0,12,17,0,29,0,16,56,0,72,68,0,68,140
12/11/2001,EWB,MA,ANE,EN,Federal Contract Tower,0,5,40,5,50,0,17,16,1,34,0,22,56,6,84,92,22,114,198
12/12/2001,EWB,MA,ANE,EN,Federal Contract Tower,0,7,45,0,52,0,14,12,0,26,0,21,57,0,78,56,0,56,134
12/13/2001,EWB,MA,ANE,EN,Federal Contract Tower,0,14,2,0,16,0,0,0,0,0,0,14,2,0,16,0,0,0,16
12/14/2001,EWB,MA,ANE,EN,Federal Contract Tower,0,11,26,0,37,0,9,0,0,9,0,20,26,0,46,30,0,30,76
12/15/2001,EWB,MA,ANE,EN,Federal Contract Tower,0,6,23,0,29,0,4,0,0,4,0,10,23,0,33,38,2,40,73
12/16/2001,EWB,MA,ANE,EN,Federal Contract Tower,0,2,26,0,28,0,16,138,0,154,0,18,164,0,182,156,0,156,338
12/17/2001,EWB,MA,ANE,EN,Federal Contract Tower,0,7,8,0,15,0,8,4,0,12,0,15,12,0,27,8,0,8,35
12/18/2001,EWB,MA,ANE,EN,Federal Contract Tower,0,8,7,2,17,0,7,0,0,7,0,15,7,2,24,6,0,6,30
12/19/2001,EWB,MA,ANE,EN,Federal Contract Tower,0,5,31,0,36,0,11,60,3,74,0,16,91,3,110,112,6,118,228
12/20/2001,EWB,MA,ANE,EN,Federal Contract Tower,0,2,11,0,13,0,15,9,0,24,0,17,20,0,37,18,0,18,55
12/21/2001,EWB,MA,ANE,EN,Federal Contract Tower,0,1,10,0,11,0,19,19,0,38,0,20,29,0,49,42,0,42,91
12/22/2001,EWB,MA,ANE,EN,Federal Contract Tower,0,5,29,0,34,0,5,98,0,103,0,10,127,0,137,94,0,94,231
12/23/2001,EWB,MA,ANE,EN,Federal Contract Tower,0,0,31,0,31,0,20,103,0,123,0,20,134,0,154,98,0,98,252
12/24/2001,EWB,MA,ANE,EN,Federal Contract Tower,0,1,8,0,9,0,17,12,0,29,0,18,20,0,38,10,0,10,48
12/25/2001,EWB,MA,ANE,EN,Federal Contract Tower,0,1,0,0,1,0,13,13,0,26,0,14,13,0,27,2,0,2,29
12/26/2001,EWB,MA,ANE,EN,Federal Contract Tower,0,6,6,0,12,0,2,0,0,2,0,8,6,0,14,10,0,10,24
12/27/2001,EWB,MA,ANE,EN,Federal Contract Tower,0,6,34,0,40,0,22,32,0,54,0,28,66,0,94,74,0,74,168
12/28/2001,EWB,MA,ANE,EN,Federal Contract Tower,0,1,35,0,36,0,21,20,2,43,0,22,55,2,79,98,0,98,177
12/29/2001,EWB,MA,ANE,EN,Federal Contract Tower,0,0,31,0,31,0,9,65,0,74,0,9,96,0,105,64,0,64,169
12/30/2001,EWB,MA,ANE,EN,Federal Contract Tower,0,3,16,0,19,0,13,55,0,68,0,16,71,0,87,14,0,14,101
12/31/2001,EWB,MA,ANE,EN,Federal Contract Tower,0,0,16,0,16,0,15,47,0,62,0,15,63,0,78,50,0,50,128
01/01/2002,EWB,MA,ANE,EN,Federal Contract Tower,0,3,6,0,9,0,14,30,0,44,0,17,36,0,53,34,0,34,87
01/02/2002,EWB,MA,ANE,EN,Federal Contract Tower,0,4,28,0,32,0,8,25,0,33,0,12,53,0,65,56,0,56,121
01/03/2002,EWB,MA,ANE,EN,Federal Contract Tower,0,5,24,0,29,0,7,21,0,28,0,12,45,0,57,30,0,30,87
01/04/2002,EWB,MA,ANE,EN,Federal Contract Tower,0,1,21,2,24,0,17,45,0,62,0,18,66,2,86,48,0,48,134
01/05/2002,EWB,MA,ANE,EN,Federal Contract Tower,0,1,48,0,49,0,5,77,0,82,0,6,125,0,131,96,0,96,227
01/06/2002,EWB,MA,ANE,EN,Federal Contract Tower,0,1,16,0,17,0,9,50,0,59,0,10,66,0,76,52,0,52,128
01/07/2002,EWB,MA,ANE,EN,Federal Contract Tower,0,3,5,0,8,0,6,0,0,6,0,9,5,0,14,0,0,0,14
01/08/2002,EWB,MA,ANE,EN,Federal Contract Tower,0,2,20,0,22,0,13,6,0,19,0,15,26,0,41,50,0,50,91
01/09/2002,EWB,MA,ANE,EN,Federal Contract Tower,0,2,25,0,27,0,14,0,0,14,0,16,25,0,41,48,4,52,93
01/10/2002,EWB,MA,ANE,EN,Federal Contract Tower,0,2,40,0,42,0,17,7,0,24,0,19,47,0,66,54,8,62,128
01/11/2002,EWB,MA,ANE,EN,Federal Contract Tower,0,9,18,0,27,0,14,1,0,15,0,23,19,0,42,22,0,22,64
01/12/2002,EWB,MA,ANE,EN,Federal Contract Tower,0,6,34,0,40,0,18,136,0,154,0,24,170,0,194,74,0,74,268
01/13/2002,EWB,MA,ANE,EN,Federal Contract Tower,0,0,3,0,3,0,2,0,0,2,0,2,3,0,5,0,0,0,5
01/14/2002,EWB,MA,ANE,EN,Federal Contract Tower,0,0,65,0,65,0,14,0,0,14,0,14,65,0,79,90,0,90,169
01/15/2002,EWB,MA,ANE,EN,Federal Contract Tower,0,8,2,0,10,0,0,0,0,0,0,8,2,0,10,0,0,0,10
01/16/2002,EWB,MA,ANE,EN,Federal Contract Tower,0,6,45,0,51,0,3,18,0,21,0,9,63,0,72,72,6,78,150
01/17/2002,EWB,MA,ANE,EN,Federal Contract Tower,0,8,14,0,22,0,6,1,0,7,0,14,15,0,29,16,0,16,45
01/18/2002,EWB,MA,ANE,EN,Federal Contract Tower,0,1,32,0,33,0,15,25,0,40,0,16,57,0,73,90,0,90,163
01/19/2002,EWB,MA,ANE,EN,Federal Contract Tower,0,1,39,0,40,0,8,45,0,53,0,9,84,0,93,104,0,104,197
01/20/2002,EWB,MA,ANE,EN,Federal Contract Tower,0,3,22,0,25,0,8,43,0,51,0,11,65,0,76,28,0,28,104
01/21/2002,EWB,MA,ANE,EN,Federal Contract Tower,0,5,7,0,12,0,6,4,0,10,0,11,11,0,22,6,0,6,28
01/22/2002,EWB,MA,ANE,EN,Federal Contract Tower,0,0,23,0,23,0,9,14,0,23,0,9,37,0,46,58,0,58,104
01/23/2002,EWB,MA,ANE,EN,Federal Contract Tower,0,8,22,0,30,0,4,13,0,17,0,12,35,0,47,28,0,28,75
01/24/2002,EWB,MA,ANE,EN,Federal Contract Tower,0,9,13,0,22,0,1,0,0,1,0,10,13,0,23,10,2,12,35
01/25/2002,EWB,MA,ANE,EN,Federal Contract Tower,0,0,50,0,50,0,19,22,0,41,0,19,72,0,91,84,8,92,183
01/26/2002,EWB,MA,ANE,EN,Federal Contract Tower,0,1,12,0,13,0,18,54,0,72,0,19,66,0,85,28,0,28,113
01/27/2002,EWB,MA,ANE,EN,Federal Contract Tower,0,2,63,0,65,0,17,134,0,151,0,19,197,0,216,126,0,126,342
01/28/2002,EWB,MA,ANE,EN,Federal Contract Tower,0,5,50,0,55,0,13,15,0,28,0,18,65,0,83,66,2,68,151
01/29/2002,EWB,MA,ANE,EN,Federal Contract Tower,0,1,32,0,33,0,16,83,0,99,0,17,115,0,132,112,4,116,248
01/30/2002,EWB,MA,ANE,EN,Federal Contract Tower,0,4,15,0,19,0,11,0,0,11,0,15,15,0,30,12,0,12,42
01/31/2002,EWB,MA,ANE,EN,Federal Contract Tower,0,4,14,0,18,0,6,4,0,10,0,10,18,0,28,12,2,14,42
02/01/2002,EWB,MA,ANE,EN,Federal Contract Tower,0,13,3,0,16,0,0,1,0,1,0,13,4,0,17,0,0,0,17
02/02/2002,EWB,MA,ANE,EN,Federal Contract Tower,0,0,24,0,24,0,9,41,0,50,0,9,65,0,74,44,0,44,118
02/03/2002,EWB,MA,ANE,EN,Federal Contract Tower,0,5,22,0,27,0,5,73,0,78,0,10,95,0,105,100,4,104,209
02/04/2002,EWB,MA,ANE,EN,Federal Contract Tower,0,2,32,0,34,0,17,18,0,35,0,19,50,0,69,92,2,94,163
02/05/2002,EWB,MA,ANE,EN,Federal Contract Tower,0,4,17,0,21,0,12,10,0,22,0,16,27,0,43,20,2,22,65
02/06/2002,EWB,MA,ANE,EN,Federal Contract Tower,0,0,20,0,20,0,10,22,0,32,0,10,42,0,52,78,4,82,134
02/07/2002,EWB,MA,ANE,EN,Federal Contract Tower,0,6,27,1,34,0,14,0,0,14,0,20,27,1,48,44,0,44,92
02/08/2002,EWB,MA,ANE,EN,Federal Contract Tower,0,1,43,1,45,0,21,60,2,83,0,22,103,3,128,108,6,114,242
02/09/2002,EWB,MA,ANE,EN,Federal Contract Tower,0,0,44,0,44,0,19,89,0,108,0,19,133,0,152,96,0,96,248
02/10/2002,EWB,MA,ANE,EN,Federal Contract Tower,0,10,26,0,36,0,12,19,0,31,0,22,45,0,67,78,0,78,145
02/11/2002,EWB,MA,ANE,EN,Federal Contract Tower,0,4,9,0,13,0,10,1,0,11,0,14,10,0,24,6,0,6,30
02/12/2002,EWB,MA,ANE,EN,Federal Contract Tower,0,1,20,0,21,0,13,5,0,18,0,14,25,0,39,32,0,32,71
02/13/2002,EWB,MA,ANE,EN,Federal Contract Tower,0,3,17,0,20,0,6,17,0,23,0,9,34,0,43,36,2,38,81
02/14/2002,EWB,MA,ANE,EN,Federal Contract Tower,0,9,48,2,59,0,27,43,0,70,0,36,91,2,129,92,8,100,229
02/15/2002,EWB,MA,ANE,EN,Federal Contract Tower,0,6,14,0,20,0,29,27,1,57,0,35,41,1,77,46,0,46,123
02/16/2002,EWB,MA,ANE,EN,Federal Contract Tower,0,2,35,0,37,0,21,80,0,101,0,23,115,0,138,100,0,100,238
02/17/2002,EWB,MA,ANE,EN,Federal Contract Tower,0,3,13,0,16,0,13,0,0,13,0,16,13,0,29,2,0,2,31
02/18/2002,EWB,MA,ANE,EN,Federal Contract Tower,0,5,14,0,19,0,13,28,0,41,0,18,42,0,60,52,0,52,112
02/19/2002,EWB,MA,ANE,EN,Federal Contract Tower,0,1,64,0,65,0,13,46,0,59,0,14,110,0,124,140,0,140,264
02/20/2002,EWB,MA,ANE,EN,Federal Contract Tower,0,9,24,0,33,0,18,34,0,52,0,27,58,0,85,92,8,100,185
02/21/2002,EWB,MA,ANE,EN,Federal Contract Tower,0,8,13,0,21,0,2,5,0,7,0,10,18,0,28,6,0,6,34
02/22/2002,EWB,MA,ANE,EN,Federal Contract Tower,0,1,22,0,23,0,22,35,3,60,0,23,57,3,83,60,0,60,143
02/23/2002,EWB,MA,ANE,EN,Federal Contract Tower,0,1,51,5,57,0,9,105,0,114,0,10,156,5,171,108,10,118,289
02/24/2002,EWB,MA,ANE,EN,Federal Contract Tower,0,2,34,0,36,0,16,129,0,145,0,18,163,0,181,134,0,134,315
02/25/2002,EWB,MA,ANE,EN,Federal Contract Tower,0,3,41,0,44,0,15,5,0,20,0,18,46,0,64,96,0,96,160
02/26/2002,EWB,MA,ANE,EN,Federal Contract Tower,0,5,33,0,38,0,16,10,0,26,0,21,43,0,64,42,0,42,106
02/27/2002,EWB,MA,ANE,EN,Federal Contract Tower,0,16,15,2,33,0,0,0,1,1,0,16,15,3,34,28,28,56,90
02/28/2002,EWB,MA,ANE,EN,Federal Contract Tower,0,0,32,0,32,0,13,7,2,22,0,13,39,2,54,54,2,56,110
03/01/2002,EWB,MA,ANE,EN,Federal Contract Tower,0,0,28,0,28,0,25,69,2,96,0,25,97,2,124,102,0,102,226
03/02/2002,EWB,MA,ANE,EN,Federal Contract Tower,0,0,53,0,53,0,10,82,0,92,0,10,135,0,145,134,8,142,287
03/03/2002,EWB,MA,ANE,EN,Federal Contract Tower,0,0,0,0,0,0,0,0,0,0,0,0,0,0,0,2,0,2,2
03/04/2002,EWB,MA,ANE,EN,Federal Contract Tower,0,0,24,0,24,0,25,16,0,41,0,25,40,0,65,62,0,62,127
03/05/2002,EWB,MA,ANE,EN,Federal Contract Tower,0,3,27,0,30,0,25,15,0,40,0,28,42,0,70,74,0,74,144
03/06/2002,EWB,MA,ANE,EN,Federal Contract Tower,0,0,23,0,23,0,11,33,0,44,0,11,56,0,67,66,2,68,135
03/07/2002,EWB,MA,ANE,EN,Federal Contract Tower,0,0,40,0,40,0,18,50,0,68,0,18,90,0,108,84,0,84,192
03/08/2002,EWB,MA,ANE,EN,Federal Contract Tower,0,17,47,0,64,0,7,0,0,7,0,24,47,0,71,88,0,88,159
03/09/2002,EWB,MA,ANE,EN,Federal Contract Tower,0,2,58,0,60,0,13,41,0,54,0,15,99,0,114,116,0,116,230
03/10/2002,EWB,MA,ANE,EN,Federal Contract Tower,0,0,10,0,10,0,11,1,0,12,0,11,11,0,22,8,2,10,32
03/11/2002,EWB,MA,ANE,EN,Federal Contract Tower,0,0,15,0,15,0,14,14,2,30,0,14,29,2,45,58,0,58,103
03/12/2002,EWB,MA,ANE,EN,Federal Contract Tower,0,3,23,0,26,0,21,18,0,39,0,24,41,0,65,28,0,28,93
03/13/2002,EWB,MA,ANE,EN,Federal Contract Tower,0,17,8,2,27,0,5,7,0,12,0,22,15,2,39,26,0,26,65
03/14/2002,EWB,MA,ANE,EN,Federal Contract Tower,0,2,10,0,12,0,17,84,0,101,0,19,94,0,113,72,6,78,191
03/15/2002,EWB,MA,ANE,EN,Federal Contract Tower,0,17,28,0,45,0,11,24,0,35,0,28,52,0,80,70,0,70,150
03/16/2002,EWB,MA,ANE,EN,Federal Contract Tower,0,9,22,0,31,0,1,0,0,1,0,10,22,0,32,18,0,18,50
03/17/2002,EWB,MA,ANE,EN,Federal Contract Tower,0,5,38,0,43,0,20,149,2,171,0,25,187,2,214,146,0,146,360
03/18/2002,EWB,MA,ANE,EN,Federal Contract Tower,0,18,4,0,22,0,1,0,0,1,0,19,4,0,23,0,0,0,23
03/19/2002,EWB,MA,ANE,EN,Federal Contract Tower,0,2,21,0,23,0,13,0,0,13,0,15,21,0,36,26,0,26,62
03/20/2002,EWB,MA,ANE,EN,Federal Contract Tower,0,3,13,0,16,0,7,6,0,13,0,10,19,0,29,42,0,42,71
03/21/2002,EWB,MA,ANE,EN,Federal Contract Tower,0,0,55,0,55,0,20,41,1,62,0,20,96,1,117,114,0,114,231
03/22/2002,EWB,MA,ANE,EN,Federal Contract Tower,0,0,3,0,3,0,23,9,0,32,0,23,12,0,35,0,0,0,35
03/23/2002,EWB,MA,ANE,EN,Federal Contract Tower,0,0,14,0,14,0,13,20,0,33,0,13,34,0,47,30,0,30,77
03/24/2002,EWB,MA,ANE,EN,Federal Contract Tower,0,6,40,0,46,0,9,96,0,105,0,15,136,0,151,94,0,94,245
03/25/2002,EWB,MA,ANE,EN,Federal Contract Tower,0,4,21,0,25,0,11,16,0,27,0,15,37,0,52,80,0,80,132
03/26/2002,EWB,MA,ANE,EN,Federal Contract Tower,0,6,21,0,27,0,26,2,0,28,0,32,23,0,55,32,0,32,87
03/27/2002,EWB,MA,ANE,EN,Federal Contract Tower,0,13,27,0,40,0,15,10,0,25,0,28,37,0,65,52,0,52,117
03/28/2002,EWB,MA,ANE,EN,Federal Contract Tower,0,5,28,0,33,0,22,104,0,126,0,27,132,0,159,90,0,90,249
03/29/2002,EWB,MA,ANE,EN,Federal Contract Tower,0,6,35,0,41,0,33,105,1,139,0,39,140,1,180,124,0,124,304
03/30/2002,EWB,MA,ANE,EN,Federal Contract Tower,0,6,30,0,36,0,3,0,0,3,0,9,30,0,39,26,0,26,65
03/31/2002,EWB,MA,ANE,EN,Federal Contract Tower,0,3,16,0,19,0,14,28,0,42,0,17,44,0,61,18,0,18,79
04/01/2002,EWB,MA,ANE,EN,Federal Contract Tower,0,19,26,0,45,0,14,5,0,19,0,33,31,0,64,44,8,52,116
04/02/2002,EWB,MA,ANE,EN,Federal Contract Tower,0,5,57,0,62,0,22,47,2,71,0,27,104,2,133,156,0,156,289
04/03/2002,EWB,MA,ANE,EN,Federal Contract Tower,0,7,8,0,15,0,5,0,0,5,0,12,8,0,20,8,2,10,30
04/04/2002,EWB,MA,ANE,EN,Federal Contract Tower,0,0,76,2,78,0,16,18,0,34,0,16,94,2,112,162,2,164,276
04/05/2002,EWB,MA,ANE,EN,Federal Contract Tower,0,0,68,0,68,0,35,41,0,76,0,35,109,0,144,140,0,140,284
04/06/2002,EWB,MA,ANE,EN,Federal Contract Tower,0,0,46,0,46,0,8,74,0,82,0,8,120,0,128,102,4,106,234
04/07/2002,EWB,MA,ANE,EN,Federal Contract Tower,0,3,21,0,24,0,14,116,0,130,0,17,137,0,154,42,0,42,196
04/08/2002,EWB,MA,ANE,EN,Federal Contract Tower,0,0,14,0,14,0,18,39,0,57,0,18,53,0,71,32,4,36,107
04/09/2002,EWB,MA,ANE,EN,Federal Contract Tower,0,4,8,0,12,0,13,6,0,19,0,17,14,0,31,2,0,2,33
04/10/2002,EWB,MA,ANE,EN,Federal Contract Tower,0,1,46,2,49,0,24,45,0,69,0,25,91,2,118,138,2,140,258
04/11/2002,EWB,MA,ANE,EN,Federal Contract Tower,0,1,48,0,49,0,14,31,0,45,0,15,79,0,94,160,6,166,260
04/12/2002,EWB,MA,ANE,EN,Federal Contract Tower,0,2,35,0,37,0,32,47,0,79,0,34,82,0,116,100,0,100,216
04/13/2002,EWB,MA,ANE,EN,Federal Contract Tower,0,10,31,0,41,0,1,18,0,19,0,11,49,0,60,38,0,38,98
04/14/2002,EWB,MA,ANE,EN,Federal Contract Tower,0,5,30,0,35,0,12,64,0,76,0,17,94,0,111,82,0,82,193
04/15/2002,EWB,MA,ANE,EN,Federal Contract Tower,0,14,18,0,32,0,11,21,0,32,0,25,39,0,64,62,0,62,126
04/16/2002,EWB,MA,ANE,EN,Federal Contract Tower,0,3,43,0,46,0,13,45,0,58,0,16,88,0,104,94,2,96,200
04/17/2002,EWB,MA,ANE,EN,Federal Contract Tower,0,0,47,0,47,0,22,21,0,43,0,22,68,0,90,66,2,68,158
04/18/2002,EWB,MA,ANE,EN,Federal Contract Tower,0,3,32,0,35,0,15,62,0,77,0,18,94,0,112,74,8,82,194
04/19/2002,EWB,MA,ANE,EN,Federal Contract Tower,0,19,26,0,45,0,11,3,0,14,0,30,29,0,59,30,2,32,91
04/20/2002,EWB,MA,ANE,EN,Federal Contract Tower,0,0,46,0,46,0,20,81,0,101,0,20,127,0,147,128,4,132,279
04/21/2002,EWB,MA,ANE,EN,Federal Contract Tower,0,2,38,0,40,0,23,89,0,112,0,25,127,0,152,160,0,160,312
04/22/2002,EWB,MA,ANE,EN,Federal Contract Tower,0,2,15,0,17,0,17,3,0,20,0,19,18,0,37,2,0,2,39
04/23/2002,EWB,MA,ANE,EN,Federal Contract Tower,0,6,31,0,37,0,15,0,0,15,0,21,31,0,52,42,0,42,94
04/24/2002,EWB,MA,ANE,EN,Federal Contract Tower,0,4,81,2,87,0,23,37,4,64,0,27,118,6,151,164,8,172,323
04/25/2002,EWB,MA,ANE,EN,Federal Contract Tower,0,4,24,0,28,0,18,21,6,45,0,22,45,6,73,26,10,36,109
04/26/2002,EWB,MA,ANE,EN,Federal Contract Tower,0,4,30,0,34,0,52,36,0,88,0,56,66,0,122,64,0,64,186
04/27/2002,EWB,MA,ANE,EN,Federal Contract Tower,0,4,26,0,30,0,17,379,1,397,0,21,405,1,427,68,0,68,495
04/28/2002,EWB,MA,ANE,EN,Federal Contract Tower,0,29,11,0,40,0,4,0,0,4,0,33,11,0,44,4,0,4,48
04/29/2002,EWB,MA,ANE,EN,Federal Contract Tower,0,19,16,0,35,0,11,0,0,11,0,30,16,0,46,44,0,44,90
04/30/2002,EWB,MA,ANE,EN,Federal Contract Tower,0,2,28,0,30,0,27,10,0,37,0,29,38,0,67,42,0,42,109
05/01/2002,EWB,MA,ANE,EN,Federal Contract Tower,0,0,16,0,16,0,25,87,0,112,0,25,103,0,128,86,0,86,214
05/02/2002,EWB,MA,ANE,EN,Federal Contract Tower,0,19,5,0,24,0,8,0,0,8,0,27,5,0,32,6,0,6,38
05/03/2002,EWB,MA,ANE,EN,Federal Contract Tower,0,1,16,0,17,0,27,18,0,45,0,28,34,0,62,14,0,14,76
05/04/2002,EWB,MA,ANE,EN,Federal Contract Tower,0,0,47,1,48,0,20,165,4,189,0,20,212,5,237,96,6,102,339
05/05/2002,EWB,MA,ANE,EN,Federal Contract Tower,0,5,26,0,31,0,38,145,0,183,0,43,171,0,214,74,8,82,296
05/06/2002,EWB,MA,ANE,EN,Federal Contract Tower,0,1,12,0,13,0,24,57,4,85,0,25,69,4,98,50,0,50,148
05/07/2002,EWB,MA,ANE,EN,Federal Contract Tower,0,12,32,0,44,0,18,11,0,29,0,30,43,0,73,24,0,24,97
05/08/2002,EWB,MA,ANE,EN,Federal Contract Tower,0,1,40,1,42,0,28,34,14,76,0,29,74,15,118,100,2,102,220
05/09/2002,EWB,MA,ANE,EN,Federal Contract Tower,0,9,39,0,48,0,13,9,0,22,0,22,48,0,70,80,2,82,152
05/10/2002,EWB,MA,ANE,EN,Federal Contract Tower,0,5,42,0,47,0,40,58,0,98,0,45,100,0,145,100,4,104,249
05/11/2002,EWB,MA,ANE,EN,Federal Contract Tower,0,1,39,0,40,0,26,146,0,172,0,27,185,0,212,146,0,146,358
05/12/2002,EWB,MA,ANE,EN,Federal Contract Tower,0,7,19,0,26,0,16,25,0,41,0,23,44,0,67,36,0,36,103
05/13/2002,EWB,MA,ANE,EN,Federal Contract Tower,0,39,17,0,56,0,0,0,0,0,0,39,17,0,56,8,0,8,64
05/14/2002,EWB,MA,ANE,EN,Federal Contract Tower,0,8,26,0,34,0,21,11,0,32,0,29,37,0,66,32,0,32,98
05/15/2002,EWB,MA,ANE,EN,Federal Contract Tower,0,9,13,0,22,0,27,10,0,37,0,36,23,0,59,16,0,16,75
05/16/2002,EWB,MA,ANE,EN,Federal Contract Tower,0,0,45,0,45,0,46,43,0,89,0,46,88,0,134,60,2,62,196
05/17/2002,EWB,MA,ANE,EN,Federal Contract Tower,0,2,53,0,55,0,42,49,0,91,0,44,102,0,146,92,4,96,242
05/18/2002,EWB,MA,ANE,EN,Federal Contract Tower,0,13,1,0,14,0,1,0,0,1,0,14,1,0,15,0,0,0,15
05/19/2002,EWB,MA,ANE,EN,Federal Contract Tower,0,1,47,0,48,0,40,101,0,141,0,41,148,0,189,86,0,86,275
05/20/2002,EWB,MA,ANE,EN,Federal Contract Tower,0,6,49,0,55,0,42,74,0,116,0,48,123,0,171,116,0,116,287
05/21/2002,EWB,MA,ANE,EN,Federal Contract Tower,0,0,67,0,67,0,38,16,0,54,0,38,83,0,121,120,0,120,241
05/22/2002,EWB,MA,ANE,EN,Federal Contract Tower,0,0,44,2,46,0,25,56,0,81,0,25,100,2,127,98,6,104,231
05/23/2002,EWB,MA,ANE,EN,Federal Contract Tower,0,3,55,0,58,0,61,66,3,130,0,64,121,3,188,138,0,138,326
05/24/2002,EWB,MA,ANE,EN,Federal Contract Tower,0,0,36,0,36,0,99,89,0,188,0,99,125,0,224,104,2,106,330
05/25/2002,EWB,MA,ANE,EN,Federal Contract Tower,0,0,39,0,39,0,45,94,0,139,0,45,133,0,178,72,2,74,252
05/26/2002,EWB,MA,ANE,EN,Federal Contract Tower,0,6,15,0,21,0,29,37,0,66,0,35,52,0,87,12,2,14,101
05/27/2002,EWB,MA,ANE,EN,Federal Contract Tower,0,30,47,0,77,0,44,43,0,87,0,74,90,0,164,56,0,56,220
05/28/2002,EWB,MA,ANE,EN,Federal Contract Tower,0,13,17,0,30,0,43,21,0,64,0,56,38,0,94,32,0,32,126
05/29/2002,EWB,MA,ANE,EN,Federal Contract Tower,0,20,35,0,55,0,10,10,0,20,0,30,45,0,75,68,0,68,143
05/30/2002,EWB,MA,ANE,EN,Federal Contract Tower,0,20,39,0,59,0,16,0,0,16,0,36,39,0,75,42,0,42,117
05/31/2002,EWB,MA,ANE,EN,Federal Contract Tower,0,40,41,0,81,0,10,0,0,10,0,50,41,0,91,46,4,50,141
06/01/2002,EWB,MA,ANE,EN,Federal Contract Tower,0,8,30,0,38,0,23,62,3,88,0,31,92,3,126,80,6,86,212
06/02/2002,EWB,MA,ANE,EN,Federal Contract Tower,0,1,7,0,8,0,42,72,0,114,0,43,79,0,122,18,2,20,142
06/03/2002,EWB,MA,ANE,EN,Federal Contract Tower,0,0,59,0,59,0,44,94,2,140,0,44,153,2,199,156,0,156,355
06/04/2002,EWB,MA,ANE,EN,Federal Contract Tower,0,0,37,0,37,0,26,65,0,91,0,26,102,0,128,94,0,94,222
06/05/2002,EWB,MA,ANE,EN,Federal Contract Tower,0,3,18,0,21,0,25,0,0,25,0,28,18,0,46,28,0,28,74
06/06/2002,EWB,MA,ANE,EN,Federal Contract Tower,0,42,17,0,59,0,0,0,0,0,0,42,17,0,59,12,0,12,71
06/07/2002,EWB,MA,ANE,EN,Federal Contract Tower,0,50,20,0,70,0,9,2,0,11,0,59,22,0,81,6,10,16,97
06/08/2002,EWB,MA,ANE,EN,Federal Contract Tower,0,0,42,0,42,0,31,157,0,188,0,31,199,0,230,120,0,120,350
06/09/2002,EWB,MA,ANE,EN,Federal Contract Tower,0,2,14,0,16,0,50,105,0,155,0,52,119,0,171,68,0,68,239
06/10/2002,EWB,MA,ANE,EN,Federal Contract Tower,0,0,55,0,55,0,49,55,0,104,0,49,110,0,159,106,8,114,273
06/11/2002,EWB,MA,ANE,EN,Federal Contract Tower,0,0,21,1,22,0,33,27,0,60,0,33,48,1,82,28,12,40,122
06/12/2002,EWB,MA,ANE,EN,Federal Contract Tower,0,35,24,0,59,0,3,0,0,3,0,38,24,0,62,30,12,42,104
06/13/2002,EWB,MA,ANE,EN,Federal Contract Tower,0,39,37,0,76,0,24,17,0,41,0,63,54,0,117,40,8,48,165
06/14/2002,EWB,MA,ANE,EN,Federal Contract Tower,0,32,32,0,64,0,28,17,0,45,0,60,49,0,109,48,8,56,165
06/15/2002,EWB,MA,ANE,EN,Federal Contract Tower,0,36,17,0,53,0,3,0,0,3,0,39,17,0,56,4,0,4,60
06/16/2002,EWB,MA,ANE,EN,Federal Contract Tower,0,25,36,0,61,0,30,25,0,55,0,55,61,0,116,10,0,10,126
06/17/2002,EWB,MA,ANE,EN,Federal Contract Tower,0,2,37,0,39,0,54,66,0,120,0,56,103,0,159,82,0,82,241
06/18/2002,EWB,MA,ANE,EN,Federal Contract Tower,0,0,39,0,39,0,57,63,0,120,0,57,102,0,159,92,0,92,251
06/19/2002,EWB,MA,ANE,EN,Federal Contract Tower,0,3,39,0,42,0,58,51,0,109,0,61,90,0,151,78,14,92,243
06/20/2002,EWB,MA,ANE,EN,Federal Contract Tower,0,3,39,3,45,0,53,64,0,117,0,56,103,3,162,92,10,102,264
06/21/2002,EWB,MA,ANE,EN,Federal Contract Tower,0,4,20,0,24,0,67,115,4,186,0,71,135,4,210,68,10,78,288
06/22/2002,EWB,MA,ANE,EN,Federal Contract Tower,0,1,38,0,39,0,41,72,0,113,0,42,110,0,152,70,0,70,222
06/23/2002,EWB,MA,ANE,EN,Federal Contract Tower,0,9,19,0,28,0,53,38,0,91,0,62,57,0,119,4,0,4,123
06/24/2002,EWB,MA,ANE,EN,Federal Contract Tower,0,4,35,0,39,0,56,55,0,111,0,60,90,0,150,76,0,76,226
06/25/2002,EWB,MA,ANE,EN,Federal Contract Tower,0,5,23,0,28,0,60,107,2,169,0,65,130,2,197,72,2,74,271
06/26/2002,EWB,MA,ANE,EN,Federal Contract Tower,0,30,33,2,65,0,43,18,1,62,0,73,51,3,127,56,0,56,183
06/27/2002,EWB,MA,ANE,EN,Federal Contract Tower,0,28,34,0,62,0,33,7,0,40,0,61,41,0,102,38,12,50,152
06/28/2002,EWB,MA,ANE,EN,Federal Contract Tower,0,30,28,0,58,0,47,47,0,94,0,77,75,0,152,46,0,46,198
06/29/2002,EWB,MA,ANE,EN,Federal Contract Tower,0,0,31,0,31,0,61,129,2,192,0,61,160,2,223,96,0,96,319
06/30/2002,EWB,MA,ANE,EN,Federal Contract Tower,0,24,45,0,69,0,34,67,0,101,0,58,112,0,170,54,0,54,224
07/01/2002,EWB,MA,ANE,EN,Federal Contract Tower,0,13,35,0,48,0,49,81,0,130,0,62,116,0,178,70,4,74,252
07/02/2002,EWB,MA,ANE,EN,Federal Contract Tower,0,0,57,0,57,0,55,8,0,63,0,55,65,0,120,122,4,126,246
07/03/2002,EWB,MA,ANE,EN,Federal Contract Tower,0,4,31,0,35,0,88,69,0,157,0,92,100,0,192,68,2,70,262
07/04/2002,EWB,MA,ANE,EN,Federal Contract Tower,0,6,13,0,19,0,57,18,2,77,0,63,31,2,96,20,2,22,118
07/05/2002,EWB,MA,ANE,EN,Federal Contract Tower,0,0,52,0,52,0,64,75,0,139,0,64,127,0,191,96,0,96,287
07/06/2002,EWB,MA,ANE,EN,Federal Contract Tower,0,5,35,0,40,0,62,127,2,191,0,67,162,2,231,158,0,158,389
07/07/2002,EWB,MA,ANE,EN,Federal Contract Tower,0,18,51,0,69,0,52,40,0,92,0,70,91,0,161,102,0,102,263
07/08/2002,EWB,MA,ANE,EN,Federal Contract Tower,0,12,47,0,59,0,71,34,0,105,0,83,81,0,164,60,0,60,224
07/09/2002,EWB,MA,ANE,EN,Federal Contract Tower,0,20,40,0,60,0,60,9,0,69,0,80,49,0,129,70,0,70,199
07/10/2002,EWB,MA,ANE,EN,Federal Contract Tower,0,0,44,0,44,0,83,64,0,147,0,83,108,0,191,102,14,116,307
07/11/2002,EWB,MA,ANE,EN,Federal Contract Tower,0,6,32,0,38,0,61,87,0,148,0,67,119,0,186,90,14,104,290
07/12/2002,EWB,MA,ANE,EN,Federal Contract Tower,0,2,42,4,48,0,68,141,0,209,0,70,183,4,257,130,4,134,391
07/13/2002,EWB,MA,ANE,EN,Federal Contract Tower,0,2,28,0,30,0,44,137,0,181,0,46,165,0,211,84,2,86,297
07/14/2002,EWB,MA,ANE,EN,Federal Contract Tower,0,3,27,0,30,0,53,111,2,166,0,56,138,2,196,70,0,70,266
07/15/2002,EWB,MA,ANE,EN,Federal Contract Tower,0,9,38,0,47,0,58,54,0,112,0,67,92,0,159,80,0,80,239
07/16/2002,EWB,MA,ANE,EN,Federal Contract Tower,0,1,34,0,35,0,55,70,3,128,0,56,104,3,163,86,4,90,253
07/17/2002,EWB,MA,ANE,EN,Federal Contract Tower,0,8,37,0,45,0,75,135,0,210,0,83,172,0,255,62,4,66,321
07/18/2002,EWB,MA,ANE,EN,Federal Contract Tower,0,2,46,0,48,0,67,45,0,112,0,69,91,0,160,92,0,92,252
07/19/2002,EWB,MA,ANE,EN,Federal Contract Tower,0,65,25,0,90,0,19,26,0,45,0,84,51,0,135,38,0,38,173
07/20/2002,EWB,MA,ANE,EN,Federal Contract Tower,0,40,46,0,86,0,16,27,0,43,0,56,73,0,129,30,0,30,159
07/21/2002,EWB,MA,ANE,EN,Federal Contract Tower,0,7,40,0,47,0,64,124,0,188,0,71,164,0,235,142,6,148,383
07/22/2002,EWB,MA,ANE,EN,Federal Contract Tower,0,10,28,0,38,0,58,42,0,100,0,68,70,0,138,92,0,92,230
07/23/2002,EWB,MA,ANE,EN,Federal Contract Tower,0,16,18,0,34,0,43,19,0,62,0,59,37,0,96,22,4,26,122
07/24/2002,EWB,MA,ANE,EN,Federal Contract Tower,0,22,52,0,74,0,39,13,0,52,0,61,65,0,126,86,8,94,220
07/25/2002,EWB,MA,ANE,EN,Federal Contract Tower,0,2,32,0,34,0,69,106,1,176,0,71,138,1,210,160,0,160,370
07/26/2002,EWB,MA,ANE,EN,Federal Contract Tower,0,2,32,0,34,0,86,75,0,161,0,88,107,0,195,46,6,52,247
07/27/2002,EWB,MA,ANE,EN,Federal Contract Tower,0,17,34,0,51,0,43,30,0,73,0,60,64,0,124,18,0,18,142
07/28/2002,EWB,MA,ANE,EN,Federal Contract Tower,0,65,30,0,95,0,7,0,0,7,0,72,30,0,102,8,0,8,110
07/29/2002,EWB,MA,ANE,EN,Federal Contract Tower,0,21,19,0,40,0,55,57,0,112,0,76,76,0,152,50,0,50,202
07/30/2002,EWB,MA,ANE,EN,Federal Contract Tower,0,4,36,0,40,0,57,36,0,93,0,61,72,0,133,80,0,80,213
07/31/2002,EWB,MA,ANE,EN,Federal Contract Tower,0,0,51,0,51,0,56,105,1,162,0,56,156,1,213,160,2,162,375
08/01/2002,EWB,MA,ANE,EN,Federal Contract Tower,0,2,50,0,52,0,77,68,0,145,0,79,118,0,197,142,0,142,339
08/02/2002,EWB,MA,ANE,EN,Federal Contract Tower,0,0,51,2,53,0,82,54,0,136,0,82,105,2,189,76,2,78,267
08/03/2002,EWB,MA,ANE,EN,Federal Contract Tower,0,4,32,0,36,0,57,122,0,179,0,61,154,0,215,102,0,102,317
08/04/2002,EWB,MA,ANE,EN,Federal Contract Tower,0,14,31,0,45,0,51,107,0,158,0,65,138,0,203,60,4,64,267
08/05/2002,EWB,MA,ANE,EN,Federal Contract Tower,0,18,36,0,54,0,53,17,1,71,0,71,53,1,125,18,0,18,143
08/06/2002,EWB,MA,ANE,EN,Federal Contract Tower,0,6,28,0,34,0,52,41,0,93,0,58,69,0,127,100,0,100,227
08/07/2002,EWB,MA,ANE,EN,Federal Contract Tower,0,3,66,1,70,0,54,71,0,125,0,57,137,1,195,140,3,143,338
08/08/2002,EWB,MA,ANE,EN,Federal Contract Tower,0,0,61,2,63,0,66,43,0,109,0,66,104,2,172,142,2,144,316
08/09/2002,EWB,MA,ANE,EN,Federal Contract Tower,0,4,48,0,52,0,80,175,0,255,0,84,223,0,307,178,4,182,489
08/10/2002,EWB,MA,ANE,EN,Federal Contract Tower,0,0,41,0,41,0,55,118,0,173,0,55,159,0,214,142,2,144,358
08/11/2002,EWB,MA,ANE,EN,Federal Contract Tower,0,9,49,0,58,0,72,93,0,165,0,81,142,0,223,110,2,112,335
08/12/2002,EWB,MA,ANE,EN,Federal Contract Tower,0,15,36,0,51,0,67,52,0,119,0,82,88,0,170,94,0,94,264
08/13/2002,EWB,MA,ANE,EN,Federal Contract Tower,0,9,56,0,65,0,50,19,0,69,0,59,75,0,134,122,0,122,256
08/14/2002,EWB,MA,ANE,EN,Federal Contract Tower,0,7,18,0,25,0,53,34,0,87,0,60,52,0,112,36,10,46,158
08/15/2002,EWB,MA,ANE,EN,Federal Contract Tower,0,46,38,0,84,0,31,15,0,46,0,77,53,0,130,22,0,22,152
08/16/2002,EWB,MA,ANE,EN,Federal Contract Tower,0,48,45,0,93,0,37,25,0,62,0,85,70,0,155,40,0,40,195
08/17/2002,EWB,MA,ANE,EN,Federal Contract Tower,0,3,20,0,23,0,48,80,0,128,0,51,100,0,151,76,0,76,227
08/18/2002,EWB,MA,ANE,EN,Federal Contract Tower,0,29,20,0,49,0,42,101,0,143,0,71,121,0,192,62,0,62,254
08/19/2002,EWB,MA,ANE,EN,Federal Contract Tower,0,17,36,0,53,0,58,98,0,156,0,75,134,0,209,94,2,96,305
08/20/2002,EWB,MA,ANE,EN,Federal Contract Tower,0,28,45,0,73,0,28,1,0,29,0,56,46,0,102,60,0,60,162
08/21/2002,EWB,MA,ANE,EN,Federal Contract Tower,0,0,31,0,31,0,44,168,0,212,0,44,199,0,243,126,8,134,377
08/22/2002,EWB,MA,ANE,EN,Federal Contract Tower,0,0,17,2,19,0,50,69,0,119,0,50,86,2,138,24,4,28,166
08/23/2002,EWB,MA,ANE,EN,Federal Contract Tower,0,52,45,0,97,0,32,33,0,65,0,84,78,0,162,46,0,46,208
08/24/2002,EWB,MA,ANE,EN,Federal Contract Tower,0,27,27,0,54,0,34,73,0,107,0,61,100,0,161,60,4,64,225
08/25/2002,EWB,MA,ANE,EN,Federal Contract Tower,0,18,38,0,56,0,51,63,0,114,0,69,101,0,170,50,0,50,220
08/26/2002,EWB,MA,ANE,EN,Federal Contract Tower,0,8,25,0,33,0,63,117,0,180,0,71,142,0,213,126,0,126,339
08/27/2002,EWB,MA,ANE,EN,Federal Contract Tower,0,6,64,0,70,0,47,58,0,105,0,53,122,0,175,152,0,152,327
08/28/2002,EWB,MA,ANE,EN,Federal Contract Tower,0,2,39,0,41,0,54,71,0,125,0,56,110,0,166,144,0,144,310
08/29/2002,EWB,MA,ANE,EN,Federal Contract Tower,0,35,23,0,58,0,28,14,0,42,0,63,37,0,100,38,0,38,138
08/30/2002,EWB,MA,ANE,EN,Federal Contract Tower,0,45,43,0,88,0,37,17,0,54,0,82,60,0,142,66,1,67,209
08/31/2002,EWB,MA,ANE,EN,Federal Contract Tower,0,25,29,0,54,0,35,40,0,75,0,60,69,0,129,34,0,34,163
09/01/2002,EWB,MA,ANE,EN,Federal Contract Tower,0,1,31,0,32,0,45,98,0,143,0,46,129,0,175,98,0,98,273
09/02/2002,EWB,MA,ANE,EN,Federal Contract Tower,0,71,29,0,100,0,8,0,0,8,0,79,29,0,108,14,0,14,122
09/03/2002,EWB,MA,ANE,EN,Federal Contract Tower,0,57,24,0,81,0,3,5,0,8,0,60,29,0,89,4,0,4,93
09/04/2002,EWB,MA,ANE,EN,Federal Contract Tower,0,19,19,0,38,0,27,51,0,78,0,46,70,0,116,68,4,72,188
09/05/2002,EWB,MA,ANE,EN,Federal Contract Tower,0,1,57,4,62,0,61,73,0,134,0,62,130,4,196,108,4,112,308
09/06/2002,EWB,MA,ANE,EN,Federal Contract Tower,0,0,55,0,55,0,72,110,3,185,0,72,165,3,240,152,4,156,396
09/07/2002,EWB,MA,ANE,EN,Federal Contract Tower,0,2,33,0,35,0,54,121,0,175,0,56,154,0,210,104,6,110,320
09/08/2002,EWB,MA,ANE,EN,Federal Contract Tower,0,2,38,0,40,0,62,116,1,179,0,64,154,1,219,110,0,110,329
09/09/2002,EWB,MA,ANE,EN,Federal Contract Tower,0,2,13,0,15,0,53,70,0,123,0,55,83,0,138,64,0,64,202
09/10/2002,EWB,MA,ANE,EN,Federal Contract Tower,0,15,38,0,53,0,31,72,0,103,0,46,110,0,156,104,2,106,262
09/11/2002,EWB,MA,ANE,EN,Federal Contract Tower,0,15,3,0,18,0,27,12,0,39,0,42,15,0,57,10,0,10,67
09/12/2002,EWB,MA,ANE,EN,Federal Contract Tower,0,0,39,0,39,0,61,69,2,132,0,61,108,2,171,126,0,126,297
09/13/2002,EWB,MA,ANE,EN,Federal Contract Tower,0,5,37,0,42,0,72,83,0,155,0,77,120,0,197,92,4,96,293
09/14/2002,EWB,MA,ANE,EN,Federal Contract Tower,0,2,26,0,28,0,39,120,0,159,0,41,146,0,187,72,2,74,261
09/15/2002,EWB,MA,ANE,EN,Federal Contract Tower,0,32,26,0,58,0,19,2,0,21,0,51,28,0,79,32,0,32,111
09/16/2002,EWB,MA,ANE,EN,Federal Contract Tower,0,56,19,0,75,0,0,0,0,0,0,56,19,0,75,0,0,0,75
09/17/2002,EWB,MA,ANE,EN,Federal Contract Tower,0,17,54,0,71,0,30,20,4,54,0,47,74,4,125,89,6,95,220
09/18/2002,EWB,MA,ANE,EN,Federal Contract Tower,0,2,41,0,43,0,31,87,5,123,0,33,128,5,166,146,22,168,334
09/19/2002,EWB,MA,ANE,EN,Federal Contract Tower,0,6,37,0,43,0,55,77,0,132,0,61,114,0,175,112,0,112,287
09/20/2002,EWB,MA,ANE,EN,Federal Contract Tower,0,9,22,0,31,0,74,111,2,187,0,83,133,2,218,168,0,168,386
09/21/2002,EWB,MA,ANE,EN,Federal Contract Tower,0,1,37,0,38,0,39,97,0,136,0,40,134,0,174,80,0,80,254
09/22/2002,EWB,MA,ANE,EN,Federal Contract Tower,0,36,27,0,63,0,34,50,0,84,0,70,77,0,147,36,0,36,183
09/23/2002,EWB,MA,ANE,EN,Federal Contract Tower,0,26,11,0,37,0,9,1,0,10,0,35,12,0,47,8,0,8,55
09/24/2002,EWB,MA,ANE,EN,Federal Contract Tower,0,35,26,0,61,0,21,14,2,37,0,56,40,2,98,32,0,32,130
09/25/2002,EWB,MA,ANE,EN,Federal Contract Tower,0,13,54,0,67,0,23,31,0,54,0,36,85,0,121,76,0,76,197
09/26/2002,EWB,MA,ANE,EN,Federal Contract Tower,0,17,22,2,41,0,50,13,0,63,0,67,35,2,104,28,2,30,134
09/27/2002,EWB,MA,ANE,EN,Federal Contract Tower,0,53,13,0,66,0,0,0,0,0,0,53,13,0,66,8,0,8,74
09/28/2002,EWB,MA,ANE,EN,Federal Contract Tower,0,2,7,0,9,0,27,59,0,86,0,29,66,0,95,18,2,20,115
09/29/2002,EWB,MA,ANE,EN,Federal Contract Tower,0,0,27,0,27,0,40,138,0,178,0,40,165,0,205,162,2,164,369
09/30/2002,EWB,MA,ANE,EN,Federal Contract Tower,0,6,9,0,15,0,47,96,0,143,0,53,105,0,158,72,2,74,232
10/01/2002,EWB,MA,ANE,EN,Federal Contract Tower,0,1,29,0,30,0,31,34,1,66,0,32,63,1,96,56,0,56,152
10/02/2002,EWB,MA,ANE,EN,Federal Contract Tower,0,6,32,2,40,0,25,61,0,86,0,31,93,2,126,42,0,42,168
10/03/2002,EWB,MA,ANE,EN,Federal Contract Tower,0,10,42,0,52,0,40,3,0,43,0,50,45,0,95,42,4,46,141
10/04/2002,EWB,MA,ANE,EN,Federal Contract Tower,0,8,20,0,28,0,52,30,0,82,0,60,50,0,110,30,0,30,140
10/05/2002,EWB,MA,ANE,EN,Federal Contract Tower,0,14,14,0,28,0,14,37,0,51,0,28,51,0,79,36,0,36,115
10/06/2002,EWB,MA,ANE,EN,Federal Contract Tower,0,2,47,0,49,0,53,156,2,211,0,55,203,2,260,124,0,124,384
10/07/2002,EWB,MA,ANE,EN,Federal Contract Tower,0,17,36,0,53,0,35,7,0,42,0,52,43,0,95,62,2,64,159
10/08/2002,EWB,MA,ANE,EN,Federal Contract Tower,0,0,59,0,59,0,39,18,0,57,0,39,77,0,116,118,0,118,234
10/09/2002,EWB,MA,ANE,EN,Federal Contract Tower,0,33,32,2,67,0,53,85,0,138,0,86,117,2,205,80,12,92,297
10/10/2002,EWB,MA,ANE,EN,Federal Contract Tower,0,9,24,0,33,0,48,75,0,123,0,57,99,0,156,92,6,98,254
10/11/2002,EWB,MA,ANE,EN,Federal Contract Tower,0,53,18,0,71,0,35,7,0,42,0,88,25,0,113,14,0,14,127
10/12/2002,EWB,MA,ANE,EN,Federal Contract Tower,0,32,6,0,38,0,0,0,0,0,0,32,6,0,38,0,0,0,38
10/13/2002,EWB,MA,ANE,EN,Federal Contract Tower,0,30,19,0,49,0,0,0,0,0,0,30,19,0,49,0,0,0,49
10/14/2002,EWB,MA,ANE,EN,Federal Contract Tower,0,2,6,0,8,0,62,93,0,155,0,64,99,0,163,30,0,30,193
10/15/2002,EWB,MA,ANE,EN,Federal Contract Tower,0,9,32,0,41,0,33,80,2,115,0,42,112,2,156,146,0,146,302
10/16/2002,EWB,MA,ANE,EN,Federal Contract Tower,0,3,5,0,8,0,3,0,0,3,0,6,5,0,11,0,0,0,11
10/17/2002,EWB,MA,ANE,EN,Federal Contract Tower,0,14,33,6,53,0,33,79,0,112,0,47,112,6,165,134,16,150,315
10/18/2002,EWB,MA,ANE,EN,Federal Contract Tower,0,0,10,0,10,0,42,87,0,129,0,42,97,0,139,68,16,84,223
10/19/2002,EWB,MA,ANE,EN,Federal Contract Tower,0,3,25,0,28,0,22,58,0,80,0,25,83,0,108,46,2,48,156
10/20/2002,EWB,MA,ANE,EN,Federal Contract Tower,0,1,39,0,40,0,35,96,0,131,0,36,135,0,171,58,0,58,229
10/21/2002,EWB,MA,ANE,EN,Federal Contract Tower,0,0,38,0,38,0,29,33,0,62,0,29,71,0,100,102,0,102,202
10/22/2002,EWB,MA,ANE,EN,Federal Contract Tower,0,3,28,0,31,0,40,99,0,139,0,43,127,0,170,160,0,160,330
10/23/2002,EWB,MA,ANE,EN,Federal Contract Tower,0,13,26,0,39,0,9,0,0,9,0,22,26,0,48,26,14,40,88
10/24/2002,EWB,MA,ANE,EN,Federal Contract Tower,0,0,25,0,25,0,28,99,0,127,0,28,124,0,152,122,6,128,280
10/25/2002,EWB,MA,ANE,EN,Federal Contract Tower,0,3,48,2,53,0,37,64,0,101,0,40,112,2,154,112,12,124,278
10/26/2002,EWB,MA,ANE,EN,Federal Contract Tower,0,16,7,0,23,0,2,0,0,2,0,18,7,0,25,4,0,4,29
10/27/2002,EWB,MA,ANE,EN,Federal Contract Tower,0,3,19,0,22,0,25,134,0,159,0,28,153,0,181,106,0,106,287
10/28/2002,EWB,MA,ANE,EN,Federal Contract Tower,0,14,21,0,35,0,28,63,1,92,0,42,84,1,127,54,0,54,181
10/29/2002,EWB,MA,ANE,EN,Federal Contract Tower,0,1,47,0,48,0,28,20,0,48,0,29,67,0,96,76,4,80,176
10/30/2002,EWB,MA,ANE,EN,Federal Contract Tower,0,0,15,0,15,0,14,27,0,41,0,14,42,0,56,38,0,38,94
10/31/2002,EWB,MA,ANE,EN,Federal Contract Tower,0,0,27,0,27,0,19,38,4,61,0,19,65,4,88,56,4,60,148
11/01/2002,EWB,MA,ANE,EN,Federal Contract Tower,0,6,13,0,19,0,33,57,0,90,0,39,70,0,109,30,0,30,139
11/02/2002,EWB,MA,ANE,EN,Federal Contract Tower,0,0,18,0,18,0,12,52,1,65,0,12,70,1,83,54,2,56,139
11/03/2002,EWB,MA,ANE,EN,Federal Contract Tower,0,0,47,0,47,0,23,77,0,100,0,23,124,0,147,90,0,90,237
11/04/2002,EWB,MA,ANE,EN,Federal Contract Tower,0,2,19,0,21,0,24,48,0,72,0,26,67,0,93,44,0,44,137
11/05/2002,EWB,MA,ANE,EN,Federal Contract Tower,0,0,25,0,25,0,33,46,0,79,0,33,71,0,104,116,8,124,228
11/06/2002,EWB,MA,ANE,EN,Federal Contract Tower,0,2,4,0,6,0,2,0,0,2,0,4,4,0,8,4,0,4,12
11/07/2002,EWB,MA,ANE,EN,Federal Contract Tower,0,0,20,0,20,0,16,0,0,16,0,16,20,0,36,18,6,24,60
11/08/2002,EWB,MA,ANE,EN,Federal Contract Tower,0,0,18,0,18,0,33,53,0,86,0,33,71,0,104,12,0,12,116
11/09/2002,EWB,MA,ANE,EN,Federal Contract Tower,0,0,9,0,9,0,13,108,1,122,0,13,117,1,131,66,0,66,197
11/10/2002,EWB,MA,ANE,EN,Federal Contract Tower,0,9,26,0,35,0,15,62,0,77,0,24,88,0,112,28,2,30,142
11/11/2002,EWB,MA,ANE,EN,Federal Contract Tower,0,15,11,0,26,0,2,0,0,2,0,17,11,0,28,2,0,2,30
11/12/2002,EWB,MA,ANE,EN,Federal Contract Tower,0,6,36,0,42,0,8,0,0,8,0,14,36,0,50,62,0,62,112
11/13/2002,EWB,MA,ANE,EN,Federal Contract Tower,0,12,19,0,31,0,4,0,0,4,0,16,19,0,35,16,0,16,51
11/14/2002,EWB,MA,ANE,EN,Federal Contract Tower,0,1,42,0,43,0,22,73,0,95,0,23,115,0,138,134,0,134,272
11/15/2002,EWB,MA,ANE,EN,Federal Contract Tower,0,2,24,0,26,0,23,57,0,80,0,25,81,0,106,52,4,56,162
11/16/2002,EWB,MA,ANE,EN,Federal Contract Tower,0,7,0,0,7,0,2,0,0,2,0,9,0,0,9,0,0,0,9
11/17/2002,EWB,MA,ANE,EN,Federal Contract Tower,0,18,2,0,20,0,0,0,0,0,0,18,2,0,20,0,0,0,20
11/18/2002,EWB,MA,ANE,EN,Federal Contract Tower,0,2,9,0,11,0,15,9,0,24,0,17,18,0,35,8,0,8,43
11/19/2002,EWB,MA,ANE,EN,Federal Contract Tower,0,0,31,0,31,0,27,42,0,69,0,27,73,0,100,118,0,118,218
11/20/2002,EWB,MA,ANE,EN,Federal Contract Tower,0,0,40,0,40,0,19,107,2,128,0,19,147,2,168,132,0,132,300
11/21/2002,EWB,MA,ANE,EN,Federal Contract Tower,0,10,27,0,37,0,13,10,0,23,0,23,37,0,60,8,0,8,68
11/22/2002,EWB,MA,ANE,EN,Federal Contract Tower,0,25,3,0,28,0,0,0,0,0,0,25,3,0,28,0,0,0,28
11/23/2002,EWB,MA,ANE,EN,Federal Contract Tower,0,0,5,0,5,0,18,0,0,18,0,18,5,0,23,6,0,6,29
11/24/2002,EWB,MA,ANE,EN,Federal Contract Tower,0,0,19,0,19,0,21,65,0,86,0,21,84,0,105,36,0,36,141
11/25/2002,EWB,MA,ANE,EN,Federal Contract Tower,0,16,2,0,18,0,5,0,0,5,0,21,2,0,23,148,2,150,173
11/26/2002,EWB,MA,ANE,EN,Federal Contract Tower,0,5,48,0,53,0,39,55,0,94,0,44,103,0,147,68,4,72,219
11/27/2002,EWB,MA,ANE,EN,Federal Contract Tower,0,25,6,0,31,0,6,7,0,13,0,31,13,0,44,4,0,4,48
11/28/2002,EWB,MA,ANE,EN,Federal Contract Tower,0,0,1,0,1,0,22,26,0,48,0,22,27,0,49,0,0,0,49
11/29/2002,EWB,MA,ANE,EN,Federal Contract Tower,0,4,24,0,28,0,22,20,0,42,0,26,44,0,70,44,6,50,120
11/30/2002,EWB,MA,ANE,EN,Federal Contract Tower,0,0,27,0,27,0,29,94,0,123,0,29,121,0,150,68,2,70,220
12/01/2002,EWB,MA,ANE,EN,Federal Contract Tower,0,2,4,0,6,0,41,20,0,61,0,43,24,0,67,2,2,4,71
12/02/2002,EWB,MA,ANE,EN,Federal Contract Tower,0,0,36,0,36,0,20,0,0,20,0,20,36,0,56,66,2,68,124
12/03/2002,EWB,MA,ANE,EN,Federal Contract Tower,0,0,2,0,2,0,13,7,0,20,0,13,9,0,22,10,0,10,32
12/04/2002,EWB,MA,ANE,EN,Federal Contract Tower,0,2,19,0,21,0,34,55,0,89,0,36,74,0,110,46,2,48,158
12/05/2002,EWB,MA,ANE,EN,Federal Contract Tower,0,10,3,0,13,0,13,10,0,23,0,23,13,0,36,14,6,20,56
12/06/2002,EWB,MA,ANE,EN,Federal Contract Tower,0,29,7,0,36,0,21,5,0,26,0,50,12,0,62,0,0,0,62
12/07/2002,EWB,MA,ANE,EN,Federal Contract Tower,0,1,36,0,37,0,17,60,0,77,0,18,96,0,114,102,10,112,226
12/08/2002,EWB,MA,ANE,EN,Federal Contract Tower,0,1,35,0,36,0,47,88,0,135,0,48,123,0,171,66,0,66,237
12/09/2002,EWB,MA,ANE,EN,Federal Contract Tower,0,0,48,0,48,0,22,8,0,30,0,22,56,0,78,68,2,70,148
12/10/2002,EWB,MA,ANE,EN,Federal Contract Tower,0,1,33,0,34,0,21,62,0,83,0,22,95,0,117,78,0,78,195
12/11/2002,EWB,MA,ANE,EN,Federal Contract Tower,0,5,7,3,15,0,15,45,1,61,0,20,52,4,76,16,2,18,94
12/12/2002,EWB,MA,ANE,EN,Federal Contract Tower,0,33,6,0,39,0,4,5,0,9,0,37,11,0,48,12,0,12,60
12/13/2002,EWB,MA,ANE,EN,Federal Contract Tower,0,3,41,0,44,0,25,42,0,67,0,28,83,0,111,63,0,63,174
12/14/2002,EWB,MA,ANE,EN,Federal Contract Tower,0,8,2,0,10,0,0,0,0,0,0,8,2,0,10,0,0,0,10
12/15/2002,EWB,MA,ANE,EN,Federal Contract Tower,0,2,10,0,12,0,16,47,0,63,0,18,57,0,75,28,0,28,103
12/16/2002,EWB,MA,ANE,EN,Federal Contract Tower,0,20,1,0,21,0,3,0,0,3,0,23,1,0,24,0,0,0,24
12/17/2002,EWB,MA,ANE,EN,Federal Contract Tower,0,7,34,0,41,0,12,26,0,38,0,19,60,0,79,58,12,70,149
12/18/2002,EWB,MA,ANE,EN,Federal Contract Tower,0,5,56,5,66,0,15,64,2,81,0,20,120,7,147,120,4,124,271
12/19/2002,EWB,MA,ANE,EN,Federal Contract Tower,0,0,31,0,31,0,32,44,1,77,0,32,75,1,108,70,2,72,180
12/20/2002,EWB,MA,ANE,EN,Federal Contract Tower,0,12,4,0,16,0,2,1,0,3,0,14,5,0,19,0,0,0,19
12/21/2002,EWB,MA,ANE,EN,Federal Contract Tower,0,2,14,0,16,0,19,49,0,68,0,21,63,0,84,34,0,34,118
12/22/2002,EWB,MA,ANE,EN,Federal Contract Tower,0,0,15,0,15,0,16,78,0,94,0,16,93,0,109,98,0,98,207
12/23/2002,EWB,MA,ANE,EN,Federal Contract Tower,0,0,24,0,24,0,31,51,0,82,0,31,75,0,106,78,0,78,184
12/24/2002,EWB,MA,ANE,EN,Federal Contract Tower,0,0,5,0,5,0,24,48,0,72,0,24,53,0,77,38,2,40,117
12/25/2002,EWB,MA,ANE,EN,Federal Contract Tower,0,1,2,0,3,0,1,0,0,1,0,2,2,0,4,0,0,0,4
12/26/2002,EWB,MA,ANE,EN,Federal Contract Tower,0,2,2,0,4,0,20,8,0,28,0,22,10,0,32,8,0,8,40
12/27/2002,EWB,MA,ANE,EN,Federal Contract Tower,0,10,44,0,54,0,24,35,2,61,0,34,79,2,115,86,0,86,201
12/28/2002,EWB,MA,ANE,EN,Federal Contract Tower,0,2,25,0,27,0,17,90,2,109,0,19,115,2,136,78,0,78,214
12/29/2002,EWB,MA,ANE,EN,Federal Contract Tower,0,0,16,0,16,0,18,82,0,100,0,18,98,0,116,106,0,106,222
12/30/2002,EWB,MA,ANE,EN,Federal Contract Tower,0,0,26,0,26,0,21,53,0,74,0,21,79,0,100,100,2,102,202
12/31/2002,EWB,MA,ANE,EN,Federal Contract Tower,0,6,8,0,14,0,2,0,0,2,0,8,8,0,16,2,0,2,18
01/01/2003,EWB,MA,ANE,EN,Federal Contract Tower,0,2,21,0,23,0,13,10,0,23,0,15,31,0,46,64,0,64,110
01/02/2003,EWB,MA,ANE,EN,Federal Contract Tower,0,7,1,0,8,0,5,3,0,8,0,12,4,0,16,0,0,0,16
01/03/2003,EWB,MA,ANE,EN,Federal Contract Tower,0,12,2,0,14,0,10,12,0,22,0,22,14,0,36,44,0,44,80
01/04/2003,EWB,MA,ANE,EN,Federal Contract Tower,0,7,0,0,7,0,2,2,0,4,0,9,2,0,11,0,0,0,11
01/05/2003,EWB,MA,ANE,EN,Federal Contract Tower,0,1,37,0,38,0,15,123,0,138,0,16,160,0,176,148,0,148,324
01/06/2003,EWB,MA,ANE,EN,Federal Contract Tower,0,10,7,0,17,0,5,2,0,7,0,15,9,0,24,0,0,0,24
01/07/2003,EWB,MA,ANE,EN,Federal Contract Tower,0,2,3,0,5,0,1,9,0,10,0,3,12,0,15,6,0,6,21
01/08/2003,EWB,MA,ANE,EN,Federal Contract Tower,0,0,19,0,19,0,9,4,0,13,0,9,23,0,32,24,0,24,56
01/09/2003,EWB,MA,ANE,EN,Federal Contract Tower,0,3,33,0,36,0,12,27,0,39,0,15,60,0,75,76,10,86,161
01/10/2003,EWB,MA,ANE,EN,Federal Contract Tower,0,0,20,0,20,0,20,83,0,103,0,20,103,0,123,110,0,110,233
01/11/2003,EWB,MA,ANE,EN,Federal Contract Tower,0,0,39,0,39,0,8,52,0,60,0,8,91,0,99,94,0,94,193
01/12/2003,EWB,MA,ANE,EN,Federal Contract Tower,0,0,53,0,53,0,18,40,0,58,0,18,93,0,111,110,6,116,227
01/13/2003,EWB,MA,ANE,EN,Federal Contract Tower,0,0,9,0,9,0,20,30,0,50,0,20,39,0,59,16,0,16,75
01/14/2003,EWB,MA,ANE,EN,Federal Contract Tower,0,0,31,0,31,0,17,17,0,34,0,17,48,0,65,96,0,96,161
01/15/2003,EWB,MA,ANE,EN,Federal Contract Tower,0,1,25,3,29,0,12,47,0,59,0,13,72,3,88,106,10,116,204
01/16/2003,EWB,MA,ANE,EN,Federal Contract Tower,0,0,29,0,29,0,14,29,0,43,0,14,58,0,72,50,2,52,124
01/17/2003,EWB,MA,ANE,EN,Federal Contract Tower,0,8,12,0,20,0,11,17,0,28,0,19,29,0,48,30,0,30,78
01/18/2003,EWB,MA,ANE,EN,Federal Contract Tower,0,0,49,0,49,0,13,33,0,46,0,13,82,0,95,84,0,84,179
01/19/2003,EWB,MA,ANE,EN,Federal Contract Tower,0,2,29,0,31,0,8,31,0,39,0,10,60,0,70,66,0,66,136
01/20/2003,EWB,MA,ANE,EN,Federal Contract Tower,0,0,14,0,14,0,20,29,0,49,0,20,43,0,63,46,0,46,109
01/21/2003,EWB,MA,ANE,EN,Federal Contract Tower,0,0,20,0,20,0,11,1,0,12,0,11,21,0,32,46,0,46,78
01/22/2003,EWB,MA,ANE,EN,Federal Contract Tower,0,0,10,3,13,0,6,7,0,13,0,6,17,3,26,4,22,26,52
01/23/2003,EWB,MA,ANE,EN,Federal Contract Tower,0,4,22,0,26,0,14,36,0,50,0,18,58,0,76,48,6,54,130
01/24/2003,EWB,MA,ANE,EN,Federal Contract Tower,0,2,21,0,23,0,14,29,0,43,0,16,50,0,66,74,0,74,140
01/25/2003,EWB,MA,ANE,EN,Federal Contract Tower,0,0,37,0,37,0,7,83,0,90,0,7,120,0,127,122,0,122,249
01/26/2003,EWB,MA,ANE,EN,Federal Contract Tower,0,1,40,0,41,0,13,61,0,74,0,14,101,0,115,96,0,96,211
01/27/2003,EWB,MA,ANE,EN,Federal Contract Tower,0,0,27,0,27,0,17,7,0,24,0,17,34,0,51,56,2,58,109
01/28/2003,EWB,MA,ANE,EN,Federal Contract Tower,0,1,34,1,36,0,8,23,0,31,0,9,57,1,67,72,6,78,145
01/29/2003,EWB,MA,ANE,EN,Federal Contract Tower,0,10,10,0,20,0,2,6,0,8,0,12,16,0,28,26,4,30,58
01/30/2003,EWB,MA,ANE,EN,Federal Contract Tower,0,2,37,2,41,0,12,22,0,34,0,14,59,2,75,78,4,82,157
01/31/2003,EWB,MA,ANE,EN,Federal Contract Tower,0,17,15,0,32,0,0,1,0,1,0,17,16,0,33,0,0,0,33
02/01/2003,EWB,MA,ANE,EN,Federal Contract Tower,0,20,1,0,21,0,0,0,0,0,0,20,1,0,21,0,0,0,21
02/02/2003,EWB,MA,ANE,EN,Federal Contract Tower,0,15,4,0,19,0,3,2,0,5,0,18,6,0,24,4,0,4,28
02/03/2003,EWB,MA,ANE,EN,Federal Contract Tower,0,0,73,0,73,0,12,41,0,53,0,12,114,0,126,182,8,190,316
02/04/2003,EWB,MA,ANE,EN,Federal Contract Tower,0,5,10,0,15,0,2,0,0,2,0,7,10,0,17,2,0,2,19
02/05/2003,EWB,MA,ANE,EN,Federal Contract Tower,0,0,37,0,37,0,12,26,0,38,0,12,63,0,75,76,4,80,155
02/06/2003,EWB,MA,ANE,EN,Federal Contract Tower,0,0,43,2,45,0,11,85,0,96,0,11,128,2,141,116,8,124,265
02/07/2003,EWB,MA,ANE,EN,Federal Contract Tower,0,2,0,0,2,0,0,0,0,0,0,2,0,0,2,0,0,0,2
02/08/2003,EWB,MA,ANE,EN,Federal Contract Tower,0,2,24,0,26,0,10,41,0,51,0,12,65,0,77,42,2,44,121
02/09/2003,EWB,MA,ANE,EN,Federal Contract Tower,0,2,41,0,43,0,9,53,0,62,0,11,94,0,105,90,0,90,195
02/10/2003,EWB,MA,ANE,EN,Federal Contract Tower,0,5,15,0,20,0,5,10,0,15,0,10,25,0,35,20,6,26,61
02/11/2003,EWB,MA,ANE,EN,Federal Contract Tower,0,0,12,0,12,0,10,24,0,34,0,10,36,0,46,56,8,64,110
02/12/2003,EWB,MA,ANE,EN,Federal Contract Tower,0,2,6,0,8,0,10,7,0,17,0,12,13,0,25,2,0,2,27
02/13/2003,EWB,MA,ANE,EN,Federal Contract Tower,0,2,40,0,42,0,14,46,0,60,0,16,86,0,102,112,12,124,226
02/14/2003,EWB,MA,ANE,EN,Federal Contract Tower,0,0,28,0,28,0,22,34,0,56,0,22,62,0,84,58,0,58,142
02/15/2003,EWB,MA,ANE,EN,Federal Contract Tower,0,1,31,0,32,0,11,58,0,69,0,12,89,0,101,92,0,92,193
02/16/2003,EWB,MA,ANE,EN,Federal Contract Tower,0,0,24,0,24,0,13,7,0,20,0,13,31,0,44,60,0,60,104
02/17/2003,EWB,MA,ANE,EN,Federal Contract Tower,0,3,0,0,3,0,0,0,0,0,0,3,0,0,3,0,0,0,3
02/18/2003,EWB,MA,ANE,EN,Federal Contract Tower,0,3,5,0,8,0,0,0,0,0,0,3,5,0,8,0,0,0,8
02/19/2003,EWB,MA,ANE,EN,Federal Contract Tower,0,0,37,0,37,0,12,10,0,22,0,12,47,0,59,96,8,104,163
02/20/2003,EWB,MA,ANE,EN,Federal Contract Tower,0,0,43,0,43,0,14,46,1,61,0,14,89,1,104,154,0,154,258
02/21/2003,EWB,MA,ANE,EN,Federal Contract Tower,0,0,27,0,27,0,23,76,0,99,0,23,103,0,126,168,14,182,308
02/22/2003,EWB,MA,ANE,EN,Federal Contract Tower,0,8,1,0,9,0,2,2,0,4,0,10,3,0,13,0,0,0,13
02/23/2003,EWB,MA,ANE,EN,Federal Contract Tower,0,3,10,0,13,0,2,0,0,2,0,5,10,0,15,2,0,2,17
02/24/2003,EWB,MA,ANE,EN,Federal Contract Tower,0,1,37,0,38,0,14,28,0,42,0,15,65,0,80,64,0,64,144
02/25/2003,EWB,MA,ANE,EN,Federal Contract Tower,0,3,46,0,49,0,9,14,0,23,0,12,60,0,72,76,4,80,152
02/26/2003,EWB,MA,ANE,EN,Federal Contract Tower,0,2,16,0,18,0,10,73,0,83,0,12,89,0,101,78,2,80,181
02/27/2003,EWB,MA,ANE,EN,Federal Contract Tower,0,0,27,0,27,0,29,34,2,65,0,29,61,2,92,88,0,88,180
02/28/2003,EWB,MA,ANE,EN,Federal Contract Tower,0,2,10,1,13,0,14,46,3,63,0,16,56,4,76,104,2,106,182
03/01/2003,EWB,MA,ANE,EN,Federal Contract Tower,0,2,32,0,34,0,16,81,0,97,0,18,113,0,131,135,0,135,266
03/02/2003,EWB,MA,ANE,EN,Federal Contract Tower,0,11,2,0,13,0,0,0,0,0,0,11,2,0,13,0,0,0,13
03/03/2003,EWB,MA,ANE,EN,Federal Contract Tower,0,5,3,0,8,0,19,23,0,42,0,24,26,0,50,8,0,8,58
03/04/2003,EWB,MA,ANE,EN,Federal Contract Tower,0,0,41,2,43,0,12,44,0,56,0,12,85,2,99,100,10,110,209
03/05/2003,EWB,MA,ANE,EN,Federal Contract Tower,0,5,9,0,14,0,5,4,0,9,0,10,13,0,23,0,0,0,23
03/06/2003,EWB,MA,ANE,EN,Federal Contract Tower,0,4,2,0,6,0,4,2,0,6,0,8,4,0,12,16,8,24,36
03/07/2003,EWB,MA,ANE,EN,Federal Contract Tower,0,5,32,0,37,0,13,63,0,76,0,18,95,0,113,120,8,128,241
03/08/2003,EWB,MA,ANE,EN,Federal Contract Tower,0,1,56,0,57,0,16,118,2,136,0,17,174,2,193,166,0,166,359
03/09/2003,EWB,MA,ANE,EN,Federal Contract Tower,0,0,15,0,15,0,13,17,0,30,0,13,32,0,45,56,0,56,101
03/10/2003,EWB,MA,ANE,EN,Federal Contract Tower,0,0,10,0,10,0,11,52,6,69,0,11,62,6,79,24,0,24,103
03/11/2003,EWB,MA,ANE,EN,Federal Contract Tower,0,0,18,0,18,0,7,49,0,56,0,7,67,0,74,54,0,54,128
03/12/2003,EWB,MA,ANE,EN,Federal Contract Tower,0,2,37,1,40,0,11,44,3,58,0,13,81,4,98,90,0,90,188
03/13/2003,EWB,MA,ANE,EN,Federal Contract Tower,0,10,2,0,12,0,2,2,0,4,0,12,4,0,16,16,0,16,32
03/14/2003,EWB,MA,ANE,EN,Federal Contract Tower,0,4,28,0,32,0,20,42,0,62,0,24,70,0,94,64,2,66,160
03/15/2003,EWB,MA,ANE,EN,Federal Contract Tower,0,0,51,0,51,0,9,67,0,76,0,9,118,0,127,142,0,142,269
03/16/2003,EWB,MA,ANE,EN,Federal Contract Tower,0,2,49,0,51,0,11,110,0,121,0,13,159,0,172,142,0,142,314
03/17/2003,EWB,MA,ANE,EN,Federal Contract Tower,0,9,34,0,43,0,7,61,0,68,0,16,95,0,111,92,0,92,203
03/18/2003,EWB,MA,ANE,EN,Federal Contract Tower,0,13,25,0,38,0,4,23,0,27,0,17,48,0,65,64,0,64,129
03/19/2003,EWB,MA,ANE,EN,Federal Contract Tower,0,10,49,0,59,0,24,58,0,82,0,34,107,0,141,124,4,128,269
03/20/2003,EWB,MA,ANE,EN,Federal Contract Tower,0,0,64,0,64,0,22,6,0,28,0,22,70,0,92,92,6,98,190
03/21/2003,EWB,MA,ANE,EN,Federal Contract Tower,0,7,10,0,17,0,0,0,0,0,0,7,10,0,17,6,0,6,23
03/22/2003,EWB,MA,ANE,EN,Federal Contract Tower,0,10,32,0,42,0,0,1,0,1,0,10,33,0,43,2,0,2,45
03/23/2003,EWB,MA,ANE,EN,Federal Contract Tower,0,0,49,0,49,0,11,86,0,97,0,11,135,0,146,70,10,80,226
03/24/2003,EWB,MA,ANE,EN,Federal Contract Tower,0,5,49,0,54,0,16,65,0,81,0,21,114,0,135,108,0,108,243
03/25/2003,EWB,MA,ANE,EN,Federal Contract Tower,0,12,37,0,49,0,2,0,0,2,0,14,37,0,51,52,0,52,103
03/26/2003,EWB,MA,ANE,EN,Federal Contract Tower,0,8,33,0,41,0,10,66,0,76,0,18,99,0,117,62,0,62,179
03/27/2003,EWB,MA,ANE,EN,Federal Contract Tower,0,2,30,0,32,0,12,117,0,129,0,14,147,0,161,96,6,102,263
03/28/2003,EWB,MA,ANE,EN,Federal Contract Tower,0,0,71,2,73,0,23,58,0,81,0,23,129,2,154,164,2,166,320
03/29/2003,EWB,MA,ANE,EN,Federal Contract Tower,0,11,14,0,25,0,7,0,0,7,0,18,14,0,32,6,0,6,38
03/30/2003,EWB,MA,ANE,EN,Federal Contract Tower,0,19,11,0,30,0,0,0,0,0,0,19,11,0,30,0,0,0,30
03/31/2003,EWB,MA,ANE,EN,Federal Contract Tower,0,7,5,0,12,0,10,21,0,31,0,17,26,0,43,4,0,4,47
04/01/2003,EWB,MA,ANE,EN,Federal Contract Tower,0,8,27,0,35,0,11,37,0,48,0,19,64,0,83,90,4,94,177
04/02/2003,EWB,MA,ANE,EN,Federal Contract Tower,0,4,41,1,46,0,10,44,1,55,0,14,85,2,101,110,0,110,211
04/03/2003,EWB,MA,ANE,EN,Federal Contract Tower,0,11,31,0,42,0,0,1,0,1,0,11,32,0,43,4,6,10,53
04/04/2003,EWB,MA,ANE,EN,Federal Contract Tower,0,16,3,0,19,0,0,1,0,1,0,16,4,0,20,0,2,2,22
04/05/2003,EWB,MA,ANE,EN,Federal Contract Tower,0,10,1,0,11,0,0,1,0,1,0,10,2,0,12,0,0,0,12
04/06/2003,EWB,MA,ANE,EN,Federal Contract Tower,0,1,15,0,16,0,12,39,0,51,0,13,54,0,67,28,0,28,95
04/07/2003,EWB,MA,ANE,EN,Federal Contract Tower,0,6,25,0,31,0,8,21,0,29,0,14,46,0,60,94,0,94,154
04/08/2003,EWB,MA,ANE,EN,Federal Contract Tower,0,10,0,0,10,0,0,0,0,0,0,10,0,0,10,0,0,0,10
04/09/2003,EWB,MA,ANE,EN,Federal Contract Tower,0,13,3,0,16,0,0,0,0,0,0,13,3,0,16,0,0,0,16
04/10/2003,EWB,MA,ANE,EN,Federal Contract Tower,0,4,51,0,55,0,24,46,2,72,0,28,97,2,127,106,2,108,235
04/11/2003,EWB,MA,ANE,EN,Federal Contract Tower,0,15,13,0,28,0,4,12,0,16,0,19,25,0,44,24,2,26,70
04/12/2003,EWB,MA,ANE,EN,Federal Contract Tower,0,7,6,0,13,0,3,14,0,17,0,10,20,0,30,12,0,12,42
04/13/2003,EWB,MA,ANE,EN,Federal Contract Tower,0,2,65,0,67,0,18,105,0,123,0,20,170,0,190,120,0,120,310
04/14/2003,EWB,MA,ANE,EN,Federal Contract Tower,0,0,31,0,31,0,16,116,0,132,0,16,147,0,163,136,2,138,301
04/15/2003,EWB,MA,ANE,EN,Federal Contract Tower,0,1,54,0,55,0,20,39,0,59,0,21,93,0,114,88,2,90,204
04/16/2003,EWB,MA,ANE,EN,Federal Contract Tower,0,2,20,0,22,0,19,64,0,83,0,21,84,0,105,86,0,86,191
04/17/2003,EWB,MA,ANE,EN,Federal Contract Tower,0,9,54,0,63,0,15,23,0,38,0,24,77,0,101,124,0,124,225
04/18/2003,EWB,MA,ANE,EN,Federal Contract Tower,0,0,62,4,66,0,26,87,0,113,0,26,149,4,179,232,12,244,423
04/19/2003,EWB,MA,ANE,EN,Federal Contract Tower,0,1,33,0,34,0,18,68,0,86,0,19,101,0,120,100,4,104,224
04/20/2003,EWB,MA,ANE,EN,Federal Contract Tower,0,1,18,0,19,0,17,69,0,86,0,18,87,0,105,56,0,56,161
04/21/2003,EWB,MA,ANE,EN,Federal Contract Tower,0,0,37,0,37,0,17,89,2,108,0,17,126,2,145,176,4,180,325
04/22/2003,EWB,MA,ANE,EN,Federal Contract Tower,0,26,16,0,42,0,0,0,0,0,0,26,16,0,42,4,0,4,46
04/23/2003,EWB,MA,ANE,EN,Federal Contract Tower,0,8,57,2,67,0,11,34,0,45,0,19,91,2,112,94,6,100,212
04/24/2003,EWB,MA,ANE,EN,Federal Contract Tower,0,0,29,0,29,0,20,29,0,49,0,20,58,0,78,60,2,62,140
04/25/2003,EWB,MA,ANE,EN,Federal Contract Tower,0,4,32,0,36,0,35,146,2,183,0,39,178,2,219,118,0,118,337
04/26/2003,EWB,MA,ANE,EN,Federal Contract Tower,0,3,12,0,15,0,7,0,0,7,0,10,12,0,22,0,0,0,22
04/27/2003,EWB,MA,ANE,EN,Federal Contract Tower,0,12,42,0,54,0,32,58,0,90,0,44,100,0,144,132,0,132,276
04/28/2003,EWB,MA,ANE,EN,Federal Contract Tower,0,0,49,0,49,0,23,82,0,105,0,23,131,0,154,98,4,102,256
04/29/2003,EWB,MA,ANE,EN,Federal Contract Tower,0,1,51,0,52,0,20,52,2,74,0,21,103,2,126,82,8,90,216
04/30/2003,EWB,MA,ANE,EN,Federal Contract Tower,0,3,41,0,44,0,18,85,0,103,0,21,126,0,147,114,0,114,261
05/01/2003,EWB,MA,ANE,EN,Federal Contract Tower,0,22,26,0,48,0,11,0,0,11,0,33,26,0,59,12,2,14,73
05/02/2003,EWB,MA,ANE,EN,Federal Contract Tower,0,10,12,0,22,0,22,57,0,79,0,32,69,0,101,100,4,104,205
05/03/2003,EWB,MA,ANE,EN,Federal Contract Tower,0,0,24,0,24,0,17,49,0,66,0,17,73,0,90,54,4,58,148
05/04/2003,EWB,MA,ANE,EN,Federal Contract Tower,0,16,58,4,78,0,14,141,31,186,0,30,199,35,264,196,2,198,462
05/05/2003,EWB,MA,ANE,EN,Federal Contract Tower,0,0,40,0,40,0,36,72,0,108,0,36,112,0,148,142,0,142,290
05/06/2003,EWB,MA,ANE,EN,Federal Contract Tower,0,10,29,0,39,0,6,0,0,6,0,16,29,0,45,16,0,16,61
05/07/2003,EWB,MA,ANE,EN,Federal Contract Tower,0,12,48,1,61,0,20,69,0,89,0,32,117,1,150,158,2,160,310
05/08/2003,EWB,MA,ANE,EN,Federal Contract Tower,0,12,33,0,45,0,8,0,0,8,0,20,33,0,53,24,4,28,81
05/09/2003,EWB,MA,ANE,EN,Federal Contract Tower,0,14,49,0,63,0,20,56,0,76,0,34,105,0,139,128,0,128,267
05/10/2003,EWB,MA,ANE,EN,Federal Contract Tower,0,0,49,0,49,0,19,193,0,212,0,19,242,0,261,152,0,152,413
05/11/2003,EWB,MA,ANE,EN,Federal Contract Tower,0,2,13,0,15,0,19,80,0,99,0,21,93,0,114,106,0,106,220
05/12/2003,EWB,MA,ANE,EN,Federal Contract Tower,0,15,36,0,51,0,10,15,0,25,0,25,51,0,76,20,2,22,98
05/13/2003,EWB,MA,ANE,EN,Federal Contract Tower,0,0,47,0,47,0,29,30,0,59,0,29,77,0,106,72,6,78,184
05/14/2003,EWB,MA,ANE,EN,Federal Contract Tower,0,2,59,0,61,0,42,37,0,79,0,44,96,0,140,144,0,144,284
05/15/2003,EWB,MA,ANE,EN,Federal Contract Tower,0,1,50,0,51,0,38,89,2,129,0,39,139,2,180,158,2,160,340
05/16/2003,EWB,MA,ANE,EN,Federal Contract Tower,0,24,45,0,69,0,32,1,0,33,0,56,46,0,102,42,2,44,146
05/17/2003,EWB,MA,ANE,EN,Federal Contract Tower,0,2,54,0,56,0,20,13,0,33,0,22,67,0,89,72,0,72,161
05/18/2003,EWB,MA,ANE,EN,Federal Contract Tower,0,1,39,0,40,0,41,181,0,222,0,42,220,0,262,124,0,124,386
05/19/2003,EWB,MA,ANE,EN,Federal Contract Tower,0,3,68,0,71,0,38,108,0,146,0,41,176,0,217,226,2,228,445
05/20/2003,EWB,MA,ANE,EN,Federal Contract Tower,0,4,52,0,56,0,27,69,18,114,0,31,121,18,170,142,0,142,312
05/21/2003,EWB,MA,ANE,EN,Federal Contract Tower,0,19,37,0,56,0,7,32,0,39,0,26,69,0,95,106,0,106,201
05/22/2003,EWB,MA,ANE,EN,Federal Contract Tower,0,34,43,0,77,0,19,14,0,33,0,53,57,0,110,38,0,38,148
05/23/2003,EWB,MA,ANE,EN,Federal Contract Tower,0,71,41,0,112,0,0,0,0,0,0,71,41,0,112,10,0,10,122
05/24/2003,EWB,MA,ANE,EN,Federal Contract Tower,0,32,11,0,43,0,0,0,0,0,0,32,11,0,43,2,0,2,45
05/25/2003,EWB,MA,ANE,EN,Federal Contract Tower,0,25,45,0,70,0,1,0,0,1,0,26,45,0,71,20,0,20,91
05/26/2003,EWB,MA,ANE,EN,Federal Contract Tower,0,71,18,0,89,0,0,0,0,0,0,71,18,0,89,2,0,2,91
05/27/2003,EWB,MA,ANE,EN,Federal Contract Tower,0,18,42,0,60,0,19,0,0,19,0,37,42,0,79,66,4,70,149
05/28/2003,EWB,MA,ANE,EN,Federal Contract Tower,0,7,61,0,68,0,46,38,0,84,0,53,99,0,152,116,8,124,276
05/29/2003,EWB,MA,ANE,EN,Federal Contract Tower,0,8,56,0,64,0,31,28,0,59,0,39,84,0,123,122,4,126,249
05/30/2003,EWB,MA,ANE,EN,Federal Contract Tower,0,0,30,0,30,0,60,103,0,163,0,60,133,0,193,158,0,158,351
05/31/2003,EWB,MA,ANE,EN,Federal Contract Tower,0,0,37,0,37,0,28,123,7,158,0,28,160,7,195,136,0,136,331
06/01/2003,EWB,MA,ANE,EN,Federal Contract Tower,0,15,3,0,18,0,3,1,0,4,0,18,4,0,22,0,0,0,22
06/02/2003,EWB,MA,ANE,EN,Federal Contract Tower,0,0,47,1,48,0,29,93,3,125,0,29,140,4,173,182,2,184,357
06/03/2003,EWB,MA,ANE,EN,Federal Contract Tower,0,0,40,8,48,0,28,130,0,158,0,28,170,8,206,200,14,214,420
06/04/2003,EWB,MA,ANE,EN,Federal Contract Tower,0,21,23,0,44,0,0,0,0,0,0,21,23,0,44,16,0,16,60
06/05/2003,EWB,MA,ANE,EN,Federal Contract Tower,0,31,32,0,63,0,0,0,0,0,0,31,32,0,63,4,6,10,73
06/06/2003,EWB,MA,ANE,EN,Federal Contract Tower,0,0,34,0,34,0,55,132,0,187,0,55,166,0,221,194,18,212,433
06/07/2003,EWB,MA,ANE,EN,Federal Contract Tower,0,6,33,0,39,0,12,22,1,35,0,18,55,1,74,66,6,72,146
06/08/2003,EWB,MA,ANE,EN,Federal Contract Tower,0,30,37,0,67,0,16,8,0,24,0,46,45,0,91,28,0,28,119
06/09/2003,EWB,MA,ANE,EN,Federal Contract Tower,0,16,53,0,69,0,12,0,2,14,0,28,53,2,83,72,0,72,155
06/10/2003,EWB,MA,ANE,EN,Federal Contract Tower,0,0,91,2,93,0,33,97,0,130,0,33,188,2,223,212,10,222,445
06/11/2003,EWB,MA,ANE,EN,Federal Contract Tower,0,19,41,0,60,0,16,30,2,48,0,35,71,2,108,32,2,34,142
06/12/2003,EWB,MA,ANE,EN,Federal Contract Tower,0,41,35,0,76,0,12,0,0,12,0,53,35,0,88,28,0,28,116
06/13/2003,EWB,MA,ANE,EN,Federal Contract Tower,0,38,23,2,63,0,16,17,0,33,0,54,40,2,96,40,0,40,136
06/14/2003,EWB,MA,ANE,EN,Federal Contract Tower,0,18,45,7,70,0,17,13,0,30,0,35,58,7,100,96,6,102,202
06/15/2003,EWB,MA,ANE,EN,Federal Contract Tower,0,17,42,0,59,0,45,106,0,151,0,62,148,0,210,60,0,60,270
06/16/2003,EWB,MA,ANE,EN,Federal Contract Tower,0,5,44,0,49,0,39,91,5,135,0,44,135,5,184,188,2,190,374
06/17/2003,EWB,MA,ANE,EN,Federal Contract Tower,0,10,43,0,53,0,56,85,0,141,0,66,128,0,194,128,2,130,324
06/18/2003,EWB,MA,ANE,EN,Federal Contract Tower,0,31,28,0,59,0,5,0,0,5,0,36,28,0,64,18,0,18,82
06/19/2003,EWB,MA,ANE,EN,Federal Contract Tower,0,18,53,0,71,0,31,15,0,46,0,49,68,0,117,104,8,112,229
06/20/2003,EWB,MA,ANE,EN,Federal Contract Tower,0,15,45,0,60,0,59,86,2,147,0,74,131,2,207,90,0,90,297
06/21/2003,EWB,MA,ANE,EN,Federal Contract Tower,0,24,47,0,71,0,16,53,0,69,0,40,100,0,140,102,0,102,242
06/22/2003,EWB,MA,ANE,EN,Federal Contract Tower,0,57,18,0,75,0,2,0,0,2,0,59,18,0,77,4,0,4,81
06/23/2003,EWB,MA,ANE,EN,Federal Contract Tower,0,20,51,0,71,0,26,33,0,59,0,46,84,0,130,150,0,150,280
06/24/2003,EWB,MA,ANE,EN,Federal Contract Tower,0,0,57,0,57,0,49,57,2,108,0,49,114,2,165,148,4,152,317
06/25/2003,EWB,MA,ANE,EN,Federal Contract Tower,0,1,49,0,50,0,46,88,0,134,0,47,137,0,184,150,6,156,340
06/26/2003,EWB,MA,ANE,EN,Federal Contract Tower,0,1,50,2,53,0,52,59,0,111,0,53,109,2,164,112,8,120,284
06/27/2003,EWB,MA,ANE,EN,Federal Contract Tower,0,64,24,0,88,0,14,28,0,42,0,78,52,0,130,72,2,74,204
06/28/2003,EWB,MA,ANE,EN,Federal Contract Tower,0,1,44,0,45,0,46,122,0,168,0,47,166,0,213,200,0,200,413
06/29/2003,EWB,MA,ANE,EN,Federal Contract Tower,0,14,23,1,38,0,53,101,0,154,0,67,124,1,192,86,0,86,278
06/30/2003,EWB,MA,ANE,EN,Federal Contract Tower,0,23,42,0,65,0,23,67,0,90,0,46,109,0,155,130,0,130,285
07/01/2003,EWB,MA,ANE,EN,Federal Contract Tower,0,0,47,0,47,0,51,93,0,144,0,51,140,0,191,148,0,148,339
07/02/2003,EWB,MA,ANE,EN,Federal Contract Tower,0,2,44,0,46,0,61,157,0,218,0,63,201,0,264,182,0,182,446
07/03/2003,EWB,MA,ANE,EN,Federal Contract Tower,0,46,48,0,94,0,50,34,2,86,0,96,82,2,180,58,0,58,238
07/04/2003,EWB,MA,ANE,EN,Federal Contract Tower,0,32,29,0,61,0,23,43,0,66,0,55,72,0,127,22,0,22,149
07/05/2003,EWB,MA,ANE,EN,Federal Contract Tower,0,8,22,0,30,0,41,27,0,68,0,49,49,0,98,60,0,60,158
07/06/2003,EWB,MA,ANE,EN,Federal Contract Tower,0,2,61,0,63,0,108,130,0,238,0,110,191,0,301,166,0,166,467
07/07/2003,EWB,MA,ANE,EN,Federal Contract Tower,0,7,61,0,68,0,81,78,2,161,0,88,139,2,229,182,0,182,411
07/08/2003,EWB,MA,ANE,EN,Federal Contract Tower,0,14,37,0,51,0,39,48,0,87,0,53,85,0,138,106,0,106,244
07/09/2003,EWB,MA,ANE,EN,Federal Contract Tower,0,19,45,4,68,0,38,45,1,84,0,57,90,5,152,80,4,84,236
07/10/2003,EWB,MA,ANE,EN,Federal Contract Tower,0,6,52,0,58,0,49,83,0,132,0,55,135,0,190,148,6,154,344
07/11/2003,EWB,MA,ANE,EN,Federal Contract Tower,0,66,26,0,92,0,6,0,0,6,0,72,26,0,98,15,0,15,113
07/12/2003,EWB,MA,ANE,EN,Federal Contract Tower,0,5,41,0,46,0,31,85,0,116,0,36,126,0,162,102,0,102,264
07/13/2003,EWB,MA,ANE,EN,Federal Contract Tower,0,8,36,0,44,0,60,116,0,176,0,68,152,0,220,96,0,96,316
07/14/2003,EWB,MA,ANE,EN,Federal Contract Tower,0,12,39,0,51,0,41,40,0,81,0,53,79,0,132,98,0,98,230
07/15/2003,EWB,MA,ANE,EN,Federal Contract Tower,0,16,44,0,60,0,27,66,0,93,0,43,110,0,153,106,0,106,259
07/16/2003,EWB,MA,ANE,EN,Federal Contract Tower,0,21,52,4,77,0,22,3,0,25,0,43,55,4,102,92,2,94,196
07/17/2003,EWB,MA,ANE,EN,Federal Contract Tower,0,4,57,0,61,0,64,119,4,187,0,68,176,4,248,198,0,198,446
07/18/2003,EWB,MA,ANE,EN,Federal Contract Tower,0,6,25,0,31,0,79,65,2,146,0,85,90,2,177,148,0,148,325
07/19/2003,EWB,MA,ANE,EN,Federal Contract Tower,0,7,37,0,44,0,42,115,0,157,0,49,152,0,201,150,0,150,351
07/20/2003,EWB,MA,ANE,EN,Federal Contract Tower,0,6,59,0,65,0,84,125,0,209,0,90,184,0,274,168,0,168,442
07/21/2003,EWB,MA,ANE,EN,Federal Contract Tower,0,10,32,0,42,0,55,53,0,108,0,65,85,0,150,88,2,90,240
07/22/2003,EWB,MA,ANE,EN,Federal Contract Tower,0,39,13,0,52,0,2,0,0,2,0,41,13,0,54,2,0,2,56
07/23/2003,EWB,MA,ANE,EN,Federal Contract Tower,0,40,37,0,77,0,1,5,0,6,0,41,42,0,83,32,0,32,115
07/24/2003,EWB,MA,ANE,EN,Federal Contract Tower,0,39,41,0,80,0,10,0,2,12,0,49,41,2,92,50,0,50,142
07/25/2003,EWB,MA,ANE,EN,Federal Contract Tower,0,2,44,4,50,0,89,144,0,233,0,91,188,4,283,202,6,208,491
07/26/2003,EWB,MA,ANE,EN,Federal Contract Tower,0,0,23,0,23,0,55,127,2,184,0,55,150,2,207,160,0,160,367
07/27/2003,EWB,MA,ANE,EN,Federal Contract Tower,0,2,26,0,28,0,94,86,2,182,0,96,112,2,210,78,0,78,288
07/28/2003,EWB,MA,ANE,EN,Federal Contract Tower,0,2,46,0,48,0,63,132,0,195,0,65,178,0,243,190,0,190,433
07/29/2003,EWB,MA,ANE,EN,Federal Contract Tower,0,0,52,0,52,0,44,93,0,137,0,44,145,0,189,158,0,158,347
07/30/2003,EWB,MA,ANE,EN,Federal Contract Tower,0,3,45,0,48,0,51,152,0,203,0,54,197,0,251,175,0,175,426
07/31/2003,EWB,MA,ANE,EN,Federal Contract Tower,0,5,45,0,50,0,53,146,0,199,0,58,191,0,249,168,0,168,417
08/01/2003,EWB,MA,ANE,EN,Federal Contract Tower,0,69,33,0,102,0,0,0,0,0,0,69,33,0,102,4,0,4,106
08/02/2003,EWB,MA,ANE,EN,Federal Contract Tower,0,38,35,0,73,0,12,11,0,23,0,50,46,0,96,24,0,24,120
08/03/2003,EWB,MA,ANE,EN,Federal Contract Tower,0,57,38,0,95,0,12,12,0,24,0,69,50,0,119,54,4,58,177
08/04/2003,EWB,MA,ANE,EN,Federal Contract Tower,0,46,41,0,87,0,14,0,0,14,0,60,41,0,101,12,0,12,113
08/05/2003,EWB,MA,ANE,EN,Federal Contract Tower,0,52,25,0,77,0,1,0,0,1,0,53,25,0,78,16,0,16,94
08/06/2003,EWB,MA,ANE,EN,Federal Contract Tower,0,35,44,0,79,0,10,29,0,39,0,45,73,0,118,134,2,136,254
08/07/2003,EWB,MA,ANE,EN,Federal Contract Tower,0,39,43,0,82,0,31,13,0,44,0,70,56,0,126,42,2,44,170
08/08/2003,EWB,MA,ANE,EN,Federal Contract Tower,0,72,57,0,129,0,19,7,0,26,0,91,64,0,155,36,0,36,191
08/09/2003,EWB,MA,ANE,EN,Federal Contract Tower,0,30,42,0,72,0,24,2,0,26,0,54,44,0,98,20,0,20,118
08/10/2003,EWB,MA,ANE,EN,Federal Contract Tower,0,36,49,0,85,0,57,0,2,59,0,93,49,2,144,44,4,48,192
08/11/2003,EWB,MA,ANE,EN,Federal Contract Tower,0,23,61,0,84,0,39,39,1,79,0,62,100,1,163,188,0,188,351
08/12/2003,EWB,MA,ANE,EN,Federal Contract Tower,0,29,42,0,71,0,46,46,0,92,0,75,88,0,163,118,0,118,281
08/13/2003,EWB,MA,ANE,EN,Federal Contract Tower,0,41,45,0,86,0,16,0,5,21,0,57,45,5,107,82,10,92,199
08/14/2003,EWB,MA,ANE,EN,Federal Contract Tower,0,4,57,2,63,0,67,137,2,206,0,71,194,4,269,148,2,150,419
08/15/2003,EWB,MA,ANE,EN,Federal Contract Tower,0,0,39,0,39,0,89,149,0,238,0,89,188,0,277,170,0,170,447
08/16/2003,EWB,MA,ANE,EN,Federal Contract Tower,0,3,30,0,33,0,54,91,0,145,0,57,121,0,178,92,0,92,270
08/17/2003,EWB,MA,ANE,EN,Federal Contract Tower,0,43,33,0,76,0,54,0,0,54,0,97,33,0,130,32,2,34,164
08/18/2003,EWB,MA,ANE,EN,Federal Contract Tower,0,5,31,0,36,0,63,101,0,164,0,68,132,0,200,158,0,158,358
08/19/2003,EWB,MA,ANE,EN,Federal Contract Tower,0,2,51,0,53,0,55,92,0,147,0,57,143,0,200,138,0,138,338
08/20/2003,EWB,MA,ANE,EN,Federal Contract Tower,0,0,43,0,43,0,51,138,0,189,0,51,181,0,232,192,0,192,424
08/21/2003,EWB,MA,ANE,EN,Federal Contract Tower,0,5,35,0,40,0,53,181,3,237,0,58,216,3,277,280,0,280,557
08/22/2003,EWB,MA,ANE,EN,Federal Contract Tower,0,38,50,0,88,0,42,82,0,124,0,80,132,0,212,146,8,154,366
08/23/2003,EWB,MA,ANE,EN,Federal Contract Tower,0,0,63,0,63,0,57,99,0,156,0,57,162,0,219,184,0,184,403
08/24/2003,EWB,MA,ANE,EN,Federal Contract Tower,0,3,29,0,32,0,78,148,0,226,0,81,177,0,258,178,0,178,436
08/25/2003,EWB,MA,ANE,EN,Federal Contract Tower,0,0,42,0,42,0,72,107,0,179,0,72,149,0,221,180,0,180,401
08/26/2003,EWB,MA,ANE,EN,Federal Contract Tower,0,9,52,0,61,0,63,74,0,137,0,72,126,0,198,112,0,112,310
08/27/2003,EWB,MA,ANE,EN,Federal Contract Tower,0,3,40,0,43,0,42,78,2,122,0,45,118,2,165,134,0,134,299
08/28/2003,EWB,MA,ANE,EN,Federal Contract Tower,0,9,55,2,66,0,60,102,0,162,0,69,157,2,228,138,4,142,370
08/29/2003,EWB,MA,ANE,EN,Federal Contract Tower,0,6,57,1,64,0,77,94,1,172,0,83,151,2,236,174,0,174,410
08/30/2003,EWB,MA,ANE,EN,Federal Contract Tower,0,8,10,0,18,0,42,57,0,99,0,50,67,0,117,72,0,72,189
08/31/2003,EWB,MA,ANE,EN,Federal Contract Tower,0,0,23,0,23,0,51,117,2,170,0,51,140,2,193,90,0,90,283
09/01/2003,EWB,MA,ANE,EN,Federal Contract Tower,0,3,48,0,51,0,89,56,0,145,0,92,104,0,196,108,0,108,304
09/02/2003,EWB,MA,ANE,EN,Federal Contract Tower,0,58,37,0,95,0,11,0,0,11,0,69,37,0,106,16,0,16,122
09/03/2003,EWB,MA,ANE,EN,Federal Contract Tower,0,3,58,0,61,0,46,19,0,65,0,49,77,0,126,152,10,162,288
09/04/2003,EWB,MA,ANE,EN,Federal Contract Tower,0,40,29,0,69,0,0,0,0,0,0,40,29,0,69,6,0,6,75
09/05/2003,EWB,MA,ANE,EN,Federal Contract Tower,0,30,72,7,109,0,44,90,0,134,0,74,162,7,243,194,2,196,439
09/06/2003,EWB,MA,ANE,EN,Federal Contract Tower,0,6,45,0,51,0,31,142,0,173,0,37,187,0,224,172,2,174,398
09/07/2003,EWB,MA,ANE,EN,Federal Contract Tower,0,4,44,0,48,0,70,102,0,172,0,74,146,0,220,174,0,174,394
09/08/2003,EWB,MA,ANE,EN,Federal Contract Tower,0,3,55,0,58,0,53,107,0,160,0,56,162,0,218,200,2,202,420
09/09/2003,EWB,MA,ANE,EN,Federal Contract Tower,0,4,37,0,41,0,45,50,2,97,0,49,87,2,138,180,0,180,318
09/10/2003,EWB,MA,ANE,EN,Federal Contract Tower,0,1,41,0,42,0,40,170,0,210,0,41,211,0,252,262,4,266,518
09/11/2003,EWB,MA,ANE,EN,Federal Contract Tower,0,2,56,0,58,0,43,124,5,172,0,45,180,5,230,186,2,188,418
09/12/2003,EWB,MA,ANE,EN,Federal Contract Tower,0,4,46,0,50,0,74,135,9,218,0,78,181,9,268,156,0,156,424
09/13/2003,EWB,MA,ANE,EN,Federal Contract Tower,0,3,41,0,44,0,35,49,0,84,0,38,90,0,128,136,4,140,268
09/14/2003,EWB,MA,ANE,EN,Federal Contract Tower,0,7,26,0,33,0,62,65,0,127,0,69,91,0,160,134,0,134,294
09/15/2003,EWB,MA,ANE,EN,Federal Contract Tower,0,27,39,0,66,0,17,20,0,37,0,44,59,0,103,64,0,64,167
09/16/2003,EWB,MA,ANE,EN,Federal Contract Tower,0,18,44,0,62,0,19,77,0,96,0,37,121,0,158,132,0,132,290
09/17/2003,EWB,MA,ANE,EN,Federal Contract Tower,0,1,51,0,52,0,34,130,0,164,0,35,181,0,216,244,0,244,460
09/18/2003,EWB,MA,ANE,EN,Federal Contract Tower,0,0,15,0,15,0,33,94,0,127,0,33,109,0,142,118,4,122,264
09/19/2003,EWB,MA,ANE,EN,Federal Contract Tower,0,31,3,0,34,0,2,0,0,2,0,33,3,0,36,2,0,2,38
09/20/2003,EWB,MA,ANE,EN,Federal Contract Tower,0,12,40,0,52,0,14,123,0,137,0,26,163,0,189,118,0,118,307
09/21/2003,EWB,MA,ANE,EN,Federal Contract Tower,0,1,33,0,34,0,41,135,0,176,0,42,168,0,210,182,0,182,392
09/22/2003,EWB,MA,ANE,EN,Federal Contract Tower,0,2,38,0,40,0,37,158,0,195,0,39,196,0,235,304,0,304,539
09/23/2003,EWB,MA,ANE,EN,Federal Contract Tower,0,8,24,0,32,0,10,11,0,21,0,18,35,0,53,40,0,40,93
09/24/2003,EWB,MA,ANE,EN,Federal Contract Tower,0,0,62,0,62,0,26,238,0,264,0,26,300,0,326,318,0,318,644
09/25/2003,EWB,MA,ANE,EN,Federal Contract Tower,0,2,37,0,39,0,34,147,0,181,0,36,184,0,220,196,0,196,416
09/26/2003,EWB,MA,ANE,EN,Federal Contract Tower,0,12,32,0,44,0,64,143,0,207,0,76,175,0,251,222,0,222,473
09/27/2003,EWB,MA,ANE,EN,Federal Contract Tower,0,9,51,0,60,0,15,39,0,54,0,24,90,0,114,100,0,100,214
09/28/2003,EWB,MA,ANE,EN,Federal Contract Tower,0,43,5,0,48,0,8,2,0,10,0,51,7,0,58,2,0,2,60
09/29/2003,EWB,MA,ANE,EN,Federal Contract Tower,0,9,53,0,62,0,29,125,0,154,0,38,178,0,216,248,0,248,464
09/30/2003,EWB,MA,ANE,EN,Federal Contract Tower,0,4,42,0,46,0,23,137,0,160,0,27,179,0,206,254,0,254,460
10/01/2003,EWB,MA,ANE,EN,Federal Contract Tower,0,4,28,0,32,0,17,140,0,157,0,21,168,0,189,268,0,268,457
10/02/2003,EWB,MA,ANE,EN,Federal Contract Tower,0,7,47,1,55,0,25,93,1,119,0,32,140,2,174,186,0,186,360
10/03/2003,EWB,MA,ANE,EN,Federal Contract Tower,0,2,21,1,24,0,63,162,1,226,0,65,183,2,250,226,24,250,500
10/04/2003,EWB,MA,ANE,EN,Federal Contract Tower,0,3,26,0,29,0,28,39,0,67,0,31,65,0,96,30,8,38,134
10/05/2003,EWB,MA,ANE,EN,Federal Contract Tower,0,2,22,0,24,0,50,117,0,167,0,52,139,0,191,90,20,110,301
10/06/2003,EWB,MA,ANE,EN,Federal Contract Tower,0,9,50,0,59,0,38,153,0,191,0,47,203,0,250,232,0,232,482
10/07/2003,EWB,MA,ANE,EN,Federal Contract Tower,0,9,49,1,59,0,22,169,9,200,0,31,218,10,259,272,10,282,541
10/08/2003,EWB,MA,ANE,EN,Federal Contract Tower,0,8,45,0,53,0,21,131,0,152,0,29,176,0,205,208,8,216,421
10/09/2003,EWB,MA,ANE,EN,Federal Contract Tower,0,7,39,0,46,0,42,126,0,168,0,49,165,0,214,166,2,168,382
10/10/2003,EWB,MA,ANE,EN,Federal Contract Tower,0,12,47,0,59,0,49,0,0,49,0,61,47,0,108,16,0,16,124
10/11/2003,EWB,MA,ANE,EN,Federal Contract Tower,0,7,42,0,49,0,30,64,0,94,0,37,106,0,143,84,0,84,227
10/12/2003,EWB,MA,ANE,EN,Federal Contract Tower,0,5,23,0,28,0,9,0,0,9,0,14,23,0,37,0,0,0,37
10/13/2003,EWB,MA,ANE,EN,Federal Contract Tower,0,5,27,1,33,0,74,197,1,272,0,79,224,2,305,210,0,210,515
10/14/2003,EWB,MA,ANE,EN,Federal Contract Tower,0,5,33,0,38,0,20,88,0,108,0,25,121,0,146,262,0,262,408
10/15/2003,EWB,MA,ANE,EN,Federal Contract Tower,0,0,5,0,5,0,11,9,0,20,0,11,14,0,25,4,2,6,31
10/16/2003,EWB,MA,ANE,EN,Federal Contract Tower,0,7,43,0,50,0,24,76,0,100,0,31,119,0,150,150,4,154,304
10/17/2003,EWB,MA,ANE,EN,Federal Contract Tower,0,7,42,0,49,0,32,150,0,182,0,39,192,0,231,244,2,246,477
10/18/2003,EWB,MA,ANE,EN,Federal Contract Tower,0,10,57,0,67,0,11,60,0,71,0,21,117,0,138,174,2,176,314
10/19/2003,EWB,MA,ANE,EN,Federal Contract Tower,0,5,30,0,35,0,14,41,0,55,0,19,71,0,90,88,0,88,178
10/20/2003,EWB,MA,ANE,EN,Federal Contract Tower,0,6,36,0,42,0,12,176,0,188,0,18,212,0,230,250,2,252,482
10/21/2003,EWB,MA,ANE,EN,Federal Contract Tower,0,3,20,0,23,0,17,2,0,19,0,20,22,0,42,10,0,10,52
10/22/2003,EWB,MA,ANE,EN,Federal Contract Tower,0,8,34,0,42,0,7,0,0,7,0,15,34,0,49,4,0,4,53
10/23/2003,EWB,MA,ANE,EN,Federal Contract Tower,0,4,23,0,27,0,19,69,0,88,0,23,92,0,115,66,0,66,181
10/24/2003,EWB,MA,ANE,EN,Federal Contract Tower,0,6,37,0,43,0,28,140,0,168,0,34,177,0,211,182,0,182,393
10/25/2003,EWB,MA,ANE,EN,Federal Contract Tower,0,7,40,0,47,0,5,182,0,187,0,12,222,0,234,216,0,216,450
10/26/2003,EWB,MA,ANE,EN,Federal Contract Tower,0,5,30,0,35,0,17,26,0,43,0,22,56,0,78,38,0,38,116
10/27/2003,EWB,MA,ANE,EN,Federal Contract Tower,0,4,24,0,28,0,18,39,0,57,0,22,63,0,85,36,0,36,121
10/28/2003,EWB,MA,ANE,EN,Federal Contract Tower,0,6,34,0,40,0,10,150,0,160,0,16,184,0,200,196,0,196,396
10/29/2003,EWB,MA,ANE,EN,Federal Contract Tower,0,5,28,0,33,0,9,10,2,21,0,14,38,2,54,14,0,14,68
10/30/2003,EWB,MA,ANE,EN,Federal Contract Tower,0,6,38,0,44,0,20,146,2,168,0,26,184,2,212,278,0,278,490
10/31/2003,EWB,MA,ANE,EN,Federal Contract Tower,0,8,48,0,56,0,20,111,0,131,0,28,159,0,187,256,0,256,443
11/01/2003,EWB,MA,ANE,EN,Federal Contract Tower,0,6,50,0,56,0,11,128,0,139,0,17,178,0,195,196,0,196,391
11/02/2003,EWB,MA,ANE,EN,Federal Contract Tower,0,8,76,0,84,0,10,85,0,95,0,18,161,0,179,266,2,268,447
11/03/2003,EWB,MA,ANE,EN,Federal Contract Tower,0,6,50,0,56,0,14,93,0,107,0,20,143,0,163,264,0,264,427
11/04/2003,EWB,MA,ANE,EN,Federal Contract Tower,0,6,34,0,40,0,24,0,0,24,0,30,34,0,64,0,0,0,64
11/05/2003,EWB,MA,ANE,EN,Federal Contract Tower,0,2,10,0,12,0,6,0,0,6,0,8,10,0,18,0,0,0,18
11/06/2003,EWB,MA,ANE,EN,Federal Contract Tower,0,4,31,0,35,0,15,107,0,122,0,19,138,0,157,254,8,262,419
11/07/2003,EWB,MA,ANE,EN,Federal Contract Tower,0,6,56,0,62,0,27,131,2,160,0,33,187,2,222,290,12,302,524
11/08/2003,EWB,MA,ANE,EN,Federal Contract Tower,0,3,32,0,35,0,16,84,0,100,0,19,116,0,135,120,16,136,271
11/09/2003,EWB,MA,ANE,EN,Federal Contract Tower,0,4,46,0,50,0,21,145,0,166,0,25,191,0,216,158,0,158,374
11/10/2003,EWB,MA,ANE,EN,Federal Contract Tower,0,3,30,0,33,0,23,164,0,187,0,26,194,0,220,352,4,356,576
11/11/2003,EWB,MA,ANE,EN,Federal Contract Tower,0,5,50,0,55,0,13,86,0,99,0,18,136,0,154,226,0,226,380
11/12/2003,EWB,MA,ANE,EN,Federal Contract Tower,0,6,43,0,49,0,9,0,0,9,0,15,43,0,58,22,0,22,80
11/13/2003,EWB,MA,ANE,EN,Federal Contract Tower,0,0,2,0,2,0,10,5,0,15,0,10,7,0,17,6,0,6,23
11/14/2003,EWB,MA,ANE,EN,Federal Contract Tower,0,0,7,0,7,0,20,6,0,26,0,20,13,0,33,0,0,0,33
11/15/2003,EWB,MA,ANE,EN,Federal Contract Tower,0,5,50,1,56,0,15,39,7,61,0,20,89,8,117,120,0,120,237
11/16/2003,EWB,MA,ANE,EN,Federal Contract Tower,0,8,79,0,87,0,5,140,0,145,0,13,219,0,232,202,0,202,434
11/17/2003,EWB,MA,ANE,EN,Federal Contract Tower,0,7,69,0,76,0,17,79,1,97,0,24,148,1,173,290,0,290,463
11/18/2003,EWB,MA,ANE,EN,Federal Contract Tower,0,4,43,0,47,0,20,140,2,162,0,24,183,2,209,194,0,194,403
11/19/2003,EWB,MA,ANE,EN,Federal Contract Tower,0,2,29,0,31,0,18,49,0,67,0,20,78,0,98,90,0,90,188
11/20/2003,EWB,MA,ANE,EN,Federal Contract Tower,0,3,21,0,24,0,9,0,0,9,0,12,21,0,33,22,0,22,55
11/21/2003,EWB,MA,ANE,EN,Federal Contract Tower,0,9,87,0,96,0,19,0,0,19,0,28,87,0,115,66,0,66,181
11/22/2003,EWB,MA,ANE,EN,Federal Contract Tower,0,6,64,0,70,0,4,179,0,183,0,10,243,0,253,222,0,222,475
11/23/2003,EWB,MA,ANE,EN,Federal Contract Tower,0,6,66,0,72,0,10,112,30,152,0,16,178,30,224,150,0,150,374
11/24/2003,EWB,MA,ANE,EN,Federal Contract Tower,0,8,72,0,80,0,19,0,0,19,0,27,72,0,99,72,2,74,173
11/25/2003,EWB,MA,ANE,EN,Federal Contract Tower,0,6,65,0,71,0,22,108,2,132,0,28,173,2,203,226,2,228,431
11/26/2003,EWB,MA,ANE,EN,Federal Contract Tower,0,6,63,0,69,0,50,134,0,184,0,56,197,0,253,242,8,250,503
11/27/2003,EWB,MA,ANE,EN,Federal Contract Tower,0,0,5,0,5,0,9,26,0,35,0,9,31,0,40,30,0,30,70
11/28/2003,EWB,MA,ANE,EN,Federal Contract Tower,0,1,0,0,1,0,12,0,0,12,0,13,0,0,13,0,0,0,13
11/29/2003,EWB,MA,ANE,EN,Federal Contract Tower,0,0,8,0,8,0,23,6,0,29,0,23,14,0,37,4,0,4,41
11/30/2003,EWB,MA,ANE,EN,Federal Contract Tower,0,3,39,0,42,0,37,71,0,108,0,40,110,0,150,92,0,92,242
12/01/2003,EWB,MA,ANE,EN,Federal Contract Tower,0,0,1,0,1,0,21,41,0,62,0,21,42,0,63,14,0,14,77
12/02/2003,EWB,MA,ANE,EN,Federal Contract Tower,0,2,17,0,19,0,14,15,0,29,0,16,32,0,48,22,0,22,70
12/03/2003,EWB,MA,ANE,EN,Federal Contract Tower,0,4,46,0,50,0,10,91,0,101,0,14,137,0,151,162,2,164,315
12/04/2003,EWB,MA,ANE,EN,Federal Contract Tower,0,2,30,0,32,0,25,141,0,166,0,27,171,0,198,186,0,186,384
12/05/2003,EWB,MA,ANE,EN,Federal Contract Tower,0,3,33,0,36,0,36,99,0,135,0,39,132,0,171,148,0,148,319
12/06/2003,EWB,MA,ANE,EN,Federal Contract Tower,0,0,0,0,0,0,4,0,0,4,0,4,0,0,4,0,0,0,4
12/07/2003,EWB,MA,ANE,EN,Federal Contract Tower,0,0,1,0,1,0,0,0,0,0,0,0,1,0,1,0,0,0,1
12/08/2003,EWB,MA,ANE,EN,Federal Contract Tower,0,0,18,0,18,0,30,57,4,91,0,30,75,4,109,44,0,44,153
12/09/2003,EWB,MA,ANE,EN,Federal Contract Tower,0,3,43,0,46,0,15,97,0,112,0,18,140,0,158,170,2,172,330
12/10/2003,EWB,MA,ANE,EN,Federal Contract Tower,0,4,67,3,74,0,9,64,3,76,0,13,131,6,150,196,6,202,352
12/11/2003,EWB,MA,ANE,EN,Federal Contract Tower,0,0,5,0,5,0,10,0,0,10,0,10,5,0,15,0,0,0,15
12/12/2003,EWB,MA,ANE,EN,Federal Contract Tower,0,2,41,2,45,0,28,86,6,120,0,30,127,8,165,166,0,166,331
12/13/2003,EWB,MA,ANE,EN,Federal Contract Tower,0,3,57,0,60,0,15,142,0,157,0,18,199,0,217,216,0,216,433
12/14/2003,EWB,MA,ANE,EN,Federal Contract Tower,0,2,23,0,25,0,11,29,0,40,0,13,52,0,65,98,0,98,163
12/15/2003,EWB,MA,ANE,EN,Federal Contract Tower,0,0,9,0,9,0,15,0,0,15,0,15,9,0,24,0,0,0,24
12/16/2003,EWB,MA,ANE,EN,Federal Contract Tower,0,4,71,0,75,0,25,137,0,162,0,29,208,0,237,188,0,188,425
12/17/2003,EWB,MA,ANE,EN,Federal Contract Tower,0,0,18,0,18,0,12,13,0,25,0,12,31,0,43,12,0,12,55
12/18/2003,EWB,MA,ANE,EN,Federal Contract Tower,0,2,39,2,43,0,12,49,13,74,0,14,88,15,117,74,2,76,193
12/19/2003,EWB,MA,ANE,EN,Federal Contract Tower,0,3,57,0,60,0,19,106,0,125,0,22,163,0,185,132,0,132,317
12/20/2003,EWB,MA,ANE,EN,Federal Contract Tower,0,3,43,0,46,0,8,103,0,111,0,11,146,0,157,122,4,126,283
12/21/2003,EWB,MA,ANE,EN,Federal Contract Tower,0,3,61,0,64,0,10,75,0,85,0,13,136,0,149,96,0,96,245
12/22/2003,EWB,MA,ANE,EN,Federal Contract Tower,0,1,29,0,30,0,9,112,0,121,0,10,141,0,151,154,0,154,305
12/23/2003,EWB,MA,ANE,EN,Federal Contract Tower,0,4,51,0,55,0,9,60,0,69,0,13,111,0,124,128,8,136,260
12/24/2003,EWB,MA,ANE,EN,Federal Contract Tower,0,2,24,0,26,0,18,2,0,20,0,20,26,0,46,4,4,8,54
12/25/2003,EWB,MA,ANE,EN,Federal Contract Tower,0,0,9,0,9,0,4,0,0,4,0,4,9,0,13,8,0,8,21
12/26/2003,EWB,MA,ANE,EN,Federal Contract Tower,0,2,26,0,28,0,17,52,0,69,0,19,78,0,97,66,0,66,163
12/27/2003,EWB,MA,ANE,EN,Federal Contract Tower,0,4,55,0,59,0,6,92,0,98,0,10,147,0,157,110,0,110,267
12/28/2003,EWB,MA,ANE,EN,Federal Contract Tower,0,2,40,0,42,0,10,118,0,128,0,12,158,0,170,168,0,168,338
12/29/2003,EWB,MA,ANE,EN,Federal Contract Tower,0,2,25,0,27,0,14,66,0,80,0,16,91,0,107,90,0,90,197
12/30/2003,EWB,MA,ANE,EN,Federal Contract Tower,0,2,22,0,24,0,16,12,0,28,0,18,34,0,52,44,0,44,96
12/31/2003,EWB,MA,ANE,EN,Federal Contract Tower,0,2,25,0,27,0,10,68,0,78,0,12,93,0,105,182,2,184,289
01/01/2004,EWB,MA,ANE,EN,Federal Contract Tower,0,0,4,0,4,0,6,71,0,77,0,6,75,0,81,58,0,58,139
01/02/2004,EWB,MA,ANE,EN,Federal Contract Tower,0,2,4,0,6,0,13,0,0,13,0,15,4,0,19,0,0,0,19
01/03/2004,EWB,MA,ANE,EN,Federal Contract Tower,0,3,8,0,11,0,15,0,0,15,0,18,8,0,26,0,0,0,26
01/04/2004,EWB,MA,ANE,EN,Federal Contract Tower,0,4,22,1,27,0,13,11,1,25,0,17,33,2,52,34,0,34,86
01/05/2004,EWB,MA,ANE,EN,Federal Contract Tower,0,2,6,0,8,0,10,0,0,10,0,12,6,0,18,0,0,0,18
01/06/2004,EWB,MA,ANE,EN,Federal Contract Tower,0,6,52,0,58,0,7,65,0,72,0,13,117,0,130,120,2,122,252
01/07/2004,EWB,MA,ANE,EN,Federal Contract Tower,0,2,15,0,17,0,8,40,0,48,0,10,55,0,65,76,0,76,141
01/08/2004,EWB,MA,ANE,EN,Federal Contract Tower,0,3,28,0,31,0,8,35,0,43,0,11,63,0,74,106,0,106,180
01/09/2004,EWB,MA,ANE,EN,Federal Contract Tower,0,2,19,0,21,0,23,70,0,93,0,25,89,0,114,158,4,162,276
01/10/2004,EWB,MA,ANE,EN,Federal Contract Tower,0,4,41,0,45,0,10,42,0,52,0,14,83,0,97,74,8,82,179
01/11/2004,EWB,MA,ANE,EN,Federal Contract Tower,0,4,40,0,44,0,4,33,0,37,0,8,73,0,81,118,6,124,205
01/12/2004,EWB,MA,ANE,EN,Federal Contract Tower,0,3,25,0,28,0,15,46,0,61,0,18,71,0,89,60,0,60,149
01/13/2004,EWB,MA,ANE,EN,Federal Contract Tower,0,2,17,0,19,0,13,82,0,95,0,15,99,0,114,68,0,68,182
01/14/2004,EWB,MA,ANE,EN,Federal Contract Tower,0,4,41,0,45,0,4,52,0,56,0,8,93,0,101,146,0,146,247
01/15/2004,EWB,MA,ANE,EN,Federal Contract Tower,0,2,15,0,17,0,8,13,2,23,0,10,28,2,40,48,0,48,88
01/16/2004,EWB,MA,ANE,EN,Federal Contract Tower,0,0,7,0,7,0,15,14,0,29,0,15,21,0,36,34,0,34,70
01/17/2004,EWB,MA,ANE,EN,Federal Contract Tower,0,5,43,0,48,0,7,67,0,74,0,12,110,0,122,126,0,126,248
01/18/2004,EWB,MA,ANE,EN,Federal Contract Tower,0,1,2,0,3,0,9,0,0,9,0,10,2,0,12,0,0,0,12
01/19/2004,EWB,MA,ANE,EN,Federal Contract Tower,0,3,26,0,29,0,12,34,0,46,0,15,60,0,75,54,0,54,129
01/20/2004,EWB,MA,ANE,EN,Federal Contract Tower,0,3,32,0,35,0,13,36,0,49,0,16,68,0,84,70,2,72,156
01/21/2004,EWB,MA,ANE,EN,Federal Contract Tower,0,4,37,2,43,0,9,85,2,96,0,13,122,4,139,184,0,184,323
01/22/2004,EWB,MA,ANE,EN,Federal Contract Tower,0,3,27,2,32,0,4,11,0,15,0,7,38,2,47,46,4,50,97
01/23/2004,EWB,MA,ANE,EN,Federal Contract Tower,0,2,18,0,20,0,18,51,0,69,0,20,69,0,89,34,0,34,123
01/24/2004,EWB,MA,ANE,EN,Federal Contract Tower,0,3,33,0,36,0,12,56,0,68,0,15,89,0,104,100,2,102,206
01/25/2004,EWB,MA,ANE,EN,Federal Contract Tower,0,3,25,0,28,0,12,71,0,83,0,15,96,0,111,122,0,122,233
01/26/2004,EWB,MA,ANE,EN,Federal Contract Tower,0,3,31,0,34,0,13,94,0,107,0,16,125,0,141,124,2,126,267
01/27/2004,EWB,MA,ANE,EN,Federal Contract Tower,0,3,28,0,31,0,10,56,0,66,0,13,84,0,97,132,2,134,231
01/28/2004,EWB,MA,ANE,EN,Federal Contract Tower,0,0,1,0,1,0,0,0,0,0,0,0,1,0,1,0,0,0,1
01/29/2004,EWB,MA,ANE,EN,Federal Contract Tower,0,0,8,0,8,0,2,14,6,22,0,2,22,6,30,10,16,26,56
01/30/2004,EWB,MA,ANE,EN,Federal Contract Tower,0,4,41,2,47,0,17,85,0,102,0,21,126,2,149,162,6,168,317
01/31/2004,EWB,MA,ANE,EN,Federal Contract Tower,0,3,28,0,31,0,8,73,0,81,0,11,101,0,112,102,0,102,214
02/01/2004,EWB,MA,ANE,EN,Federal Contract Tower,0,3,32,0,35,0,7,93,0,100,0,10,125,0,135,112,2,114,249
02/02/2004,EWB,MA,ANE,EN,Federal Contract Tower,0,2,50,0,52,0,19,115,0,134,0,21,165,0,186,190,0,190,376
02/03/2004,EWB,MA,ANE,EN,Federal Contract Tower,0,0,11,0,11,0,10,55,0,65,0,10,66,0,76,120,0,120,196
02/04/2004,EWB,MA,ANE,EN,Federal Contract Tower,0,2,38,0,40,0,15,109,0,124,0,17,147,0,164,174,6,180,344
02/05/2004,EWB,MA,ANE,EN,Federal Contract Tower,0,2,34,0,36,0,14,101,0,115,0,16,135,0,151,178,8,186,337
02/06/2004,EWB,MA,ANE,EN,Federal Contract Tower,0,0,3,0,3,0,9,0,0,9,0,9,3,0,12,0,0,0,12
02/07/2004,EWB,MA,ANE,EN,Federal Contract Tower,0,2,21,0,23,0,6,3,0,9,0,8,24,0,32,40,10,50,82
02/08/2004,EWB,MA,ANE,EN,Federal Contract Tower,0,0,8,0,8,0,11,5,0,16,0,11,13,0,24,20,0,20,44
02/09/2004,EWB,MA,ANE,EN,Federal Contract Tower,0,2,34,0,36,0,15,80,0,95,0,17,114,0,131,88,2,90,221
02/10/2004,EWB,MA,ANE,EN,Federal Contract Tower,0,2,41,0,43,0,11,94,0,105,0,13,135,0,148,154,0,154,302
02/11/2004,EWB,MA,ANE,EN,Federal Contract Tower,0,2,31,0,33,0,9,81,0,90,0,11,112,0,123,148,2,150,273
02/12/2004,EWB,MA,ANE,EN,Federal Contract Tower,0,2,21,0,23,0,17,73,0,90,0,19,94,0,113,152,0,152,265
02/13/2004,EWB,MA,ANE,EN,Federal Contract Tower,0,1,31,0,32,0,27,98,0,125,0,28,129,0,157,184,0,184,341
02/14/2004,EWB,MA,ANE,EN,Federal Contract Tower,0,2,49,0,51,0,6,81,0,87,0,8,130,0,138,152,0,152,290
02/15/2004,EWB,MA,ANE,EN,Federal Contract Tower,0,0,16,1,17,0,14,35,1,50,0,14,51,2,67,46,0,46,113
02/16/2004,EWB,MA,ANE,EN,Federal Contract Tower,0,1,21,0,22,0,15,160,0,175,0,16,181,0,197,226,0,226,423
02/17/2004,EWB,MA,ANE,EN,Federal Contract Tower,0,2,38,0,40,0,17,121,0,138,0,19,159,0,178,210,0,210,388
02/18/2004,EWB,MA,ANE,EN,Federal Contract Tower,0,0,7,0,7,0,1,0,0,1,0,1,7,0,8,4,0,4,12
02/19/2004,EWB,MA,ANE,EN,Federal Contract Tower,0,2,49,0,51,0,9,31,0,40,0,11,80,0,91,112,0,112,203
02/20/2004,EWB,MA,ANE,EN,Federal Contract Tower,0,2,43,0,45,0,20,89,0,109,0,22,132,0,154,154,14,168,322
02/21/2004,EWB,MA,ANE,EN,Federal Contract Tower,0,0,21,0,21,0,8,2,0,10,0,8,23,0,31,6,0,6,37
02/22/2004,EWB,MA,ANE,EN,Federal Contract Tower,0,1,22,0,23,0,14,75,0,89,0,15,97,0,112,144,0,144,256
02/23/2004,EWB,MA,ANE,EN,Federal Contract Tower,0,2,46,0,48,0,18,83,0,101,0,20,129,0,149,214,0,214,363
02/24/2004,EWB,MA,ANE,EN,Federal Contract Tower,0,2,37,1,40,0,9,85,5,99,0,11,122,6,139,190,2,192,331
02/25/2004,EWB,MA,ANE,EN,Federal Contract Tower,0,2,22,0,24,0,10,105,1,116,0,12,127,1,140,120,2,122,262
02/26/2004,EWB,MA,ANE,EN,Federal Contract Tower,0,3,57,2,62,0,13,113,0,126,0,16,170,2,188,128,6,134,322
02/27/2004,EWB,MA,ANE,EN,Federal Contract Tower,0,3,56,0,59,0,23,113,0,136,0,26,169,0,195,244,4,248,443
02/28/2004,EWB,MA,ANE,EN,Federal Contract Tower,0,2,51,1,54,0,8,130,0,138,0,10,181,1,192,178,0,178,370
02/29/2004,EWB,MA,ANE,EN,Federal Contract Tower,0,3,43,0,46,0,9,114,0,123,0,12,157,0,169,146,0,146,315
03/01/2004,EWB,MA,ANE,EN,Federal Contract Tower,0,10,55,0,65,0,9,109,0,118,0,19,164,0,183,222,0,222,405
03/02/2004,EWB,MA,ANE,EN,Federal Contract Tower,0,7,32,0,39,0,13,16,0,29,0,20,48,0,68,88,0,88,156
03/03/2004,EWB,MA,ANE,EN,Federal Contract Tower,0,6,34,0,40,0,5,104,0,109,0,11,138,0,149,152,0,152,301
03/04/2004,EWB,MA,ANE,EN,Federal Contract Tower,0,6,30,0,36,0,12,7,0,19,0,18,37,0,55,126,0,126,181
03/05/2004,EWB,MA,ANE,EN,Federal Contract Tower,0,6,35,0,41,0,9,0,0,9,0,15,35,0,50,34,0,34,84
03/06/2004,EWB,MA,ANE,EN,Federal Contract Tower,0,3,11,1,15,0,4,0,1,5,0,7,11,2,20,4,4,8,28
03/07/2004,EWB,MA,ANE,EN,Federal Contract Tower,0,6,31,0,37,0,6,154,0,160,0,12,185,0,197,160,2,162,359
03/08/2004,EWB,MA,ANE,EN,Federal Contract Tower,0,1,5,0,6,0,14,0,0,14,0,15,5,0,20,8,0,8,28
03/09/2004,EWB,MA,ANE,EN,Federal Contract Tower,0,2,14,0,16,0,15,64,0,79,0,17,78,0,95,190,0,190,285
03/10/2004,EWB,MA,ANE,EN,Federal Contract Tower,0,6,35,0,41,0,10,82,0,92,0,16,117,0,133,230,2,232,365
03/11/2004,EWB,MA,ANE,EN,Federal Contract Tower,0,2,15,0,17,0,11,25,0,36,0,13,40,0,53,66,2,68,121
03/12/2004,EWB,MA,ANE,EN,Federal Contract Tower,0,1,9,0,10,0,20,35,0,55,0,21,44,0,65,42,0,42,107
03/13/2004,EWB,MA,ANE,EN,Federal Contract Tower,0,6,32,1,39,0,6,53,1,60,0,12,85,2,99,100,0,100,199
03/14/2004,EWB,MA,ANE,EN,Federal Contract Tower,0,8,48,0,56,0,5,129,0,134,0,13,177,0,190,172,0,172,362
03/15/2004,EWB,MA,ANE,EN,Federal Contract Tower,0,6,33,1,40,0,8,83,3,94,0,14,116,4,134,150,0,150,284
03/16/2004,EWB,MA,ANE,EN,Federal Contract Tower,0,5,29,0,34,0,4,20,0,24,0,9,49,0,58,60,0,60,118
03/17/2004,EWB,MA,ANE,EN,Federal Contract Tower,0,0,3,0,3,0,11,0,0,11,0,11,3,0,14,0,0,0,14
03/18/2004,EWB,MA,ANE,EN,Federal Contract Tower,0,3,19,0,22,0,19,15,0,34,0,22,34,0,56,80,0,80,136
03/19/2004,EWB,MA,ANE,EN,Federal Contract Tower,0,0,3,0,3,0,2,0,0,2,0,2,3,0,5,0,0,0,5
03/20/2004,EWB,MA,ANE,EN,Federal Contract Tower,0,4,21,0,25,0,13,112,0,125,0,17,133,0,150,140,4,144,294
03/21/2004,EWB,MA,ANE,EN,Federal Contract Tower,0,2,14,0,16,0,12,42,0,54,0,14,56,0,70,78,0,78,148
03/22/2004,EWB,MA,ANE,EN,Federal Contract Tower,0,6,36,0,42,0,23,91,0,114,0,29,127,0,156,160,0,160,316
03/23/2004,EWB,MA,ANE,EN,Federal Contract Tower,0,5,26,0,31,0,34,106,0,140,0,39,132,0,171,136,0,136,307
03/24/2004,EWB,MA,ANE,EN,Federal Contract Tower,0,7,41,0,48,0,26,191,0,217,0,33,232,0,265,206,4,210,475
03/25/2004,EWB,MA,ANE,EN,Federal Contract Tower,0,8,50,1,59,0,27,42,3,72,0,35,92,4,131,156,2,158,289
03/26/2004,EWB,MA,ANE,EN,Federal Contract Tower,0,8,52,1,61,0,20,74,1,95,0,28,126,2,156,164,0,164,320
03/27/2004,EWB,MA,ANE,EN,Federal Contract Tower,0,5,31,0,36,0,1,22,0,23,0,6,53,0,59,42,2,44,103
03/28/2004,EWB,MA,ANE,EN,Federal Contract Tower,0,4,13,0,17,0,11,0,0,11,0,15,13,0,28,4,0,4,32
03/29/2004,EWB,MA,ANE,EN,Federal Contract Tower,0,9,52,1,62,0,30,124,1,155,0,39,176,2,217,230,0,230,447
03/30/2004,EWB,MA,ANE,EN,Federal Contract Tower,0,6,34,0,40,0,17,33,0,50,0,23,67,0,90,134,4,138,228
03/31/2004,EWB,MA,ANE,EN,Federal Contract Tower,0,4,14,0,18,0,7,0,0,7,0,11,14,0,25,0,0,0,25
04/01/2004,EWB,MA,ANE,EN,Federal Contract Tower,0,4,8,0,12,0,5,0,0,5,0,9,8,0,17,0,0,0,17
04/02/2004,EWB,MA,ANE,EN,Federal Contract Tower,0,10,23,0,33,0,9,0,0,9,0,19,23,0,42,10,0,10,52
04/03/2004,EWB,MA,ANE,EN,Federal Contract Tower,0,7,27,0,34,0,4,0,0,4,0,11,27,0,38,8,0,8,46
04/04/2004,EWB,MA,ANE,EN,Federal Contract Tower,0,6,22,0,28,0,11,4,0,15,0,17,26,0,43,22,0,22,65
04/05/2004,EWB,MA,ANE,EN,Federal Contract Tower,0,6,25,0,31,0,15,93,0,108,0,21,118,0,139,172,0,172,311
04/06/2004,EWB,MA,ANE,EN,Federal Contract Tower,0,8,34,0,42,0,21,101,0,122,0,29,135,0,164,210,0,210,374
04/07/2004,EWB,MA,ANE,EN,Federal Contract Tower,0,10,46,1,57,0,7,154,1,162,0,17,200,2,219,258,0,258,477
04/08/2004,EWB,MA,ANE,EN,Federal Contract Tower,0,8,37,0,45,0,13,153,0,166,0,21,190,0,211,116,2,118,329
04/09/2004,EWB,MA,ANE,EN,Federal Contract Tower,0,11,51,0,62,0,26,109,0,135,0,37,160,0,197,184,4,188,385
04/10/2004,EWB,MA,ANE,EN,Federal Contract Tower,0,9,42,0,51,0,5,118,0,123,0,14,160,0,174,162,0,162,336
04/11/2004,EWB,MA,ANE,EN,Federal Contract Tower,0,5,21,0,26,0,16,42,0,58,0,21,63,0,84,62,0,62,146
04/12/2004,EWB,MA,ANE,EN,Federal Contract Tower,0,10,45,0,55,0,24,54,0,78,0,34,99,0,133,120,0,120,253
04/13/2004,EWB,MA,ANE,EN,Federal Contract Tower,0,7,16,0,23,0,5,0,1,6,0,12,16,1,29,10,0,10,39
04/14/2004,EWB,MA,ANE,EN,Federal Contract Tower,0,8,24,0,32,0,2,0,1,3,0,10,24,1,35,8,0,8,43
04/15/2004,EWB,MA,ANE,EN,Federal Contract Tower,0,7,31,0,38,0,13,43,0,56,0,20,74,0,94,60,0,60,154
04/16/2004,EWB,MA,ANE,EN,Federal Contract Tower,0,5,23,0,28,0,20,150,0,170,0,25,173,0,198,192,2,194,392
04/17/2004,EWB,MA,ANE,EN,Federal Contract Tower,0,4,19,0,23,0,6,150,6,162,0,10,169,6,185,96,6,102,287
04/18/2004,EWB,MA,ANE,EN,Federal Contract Tower,0,10,43,0,53,0,7,98,0,105,0,17,141,0,158,108,0,108,266
04/19/2004,EWB,MA,ANE,EN,Federal Contract Tower,0,3,16,0,19,0,14,106,0,120,0,17,122,0,139,193,0,193,332
04/20/2004,EWB,MA,ANE,EN,Federal Contract Tower,0,10,45,0,55,0,27,119,2,148,0,37,164,2,203,198,8,206,409
04/21/2004,EWB,MA,ANE,EN,Federal Contract Tower,0,8,36,0,44,0,35,90,0,125,0,43,126,0,169,147,0,147,316
04/22/2004,EWB,MA,ANE,EN,Federal Contract Tower,0,15,64,0,79,0,27,33,2,62,0,42,97,2,141,172,0,172,313
04/23/2004,EWB,MA,ANE,EN,Federal Contract Tower,0,13,56,0,69,0,24,10,0,34,0,37,66,0,103,8,2,10,113
04/24/2004,EWB,MA,ANE,EN,Federal Contract Tower,0,6,26,0,32,0,12,71,0,83,0,18,97,0,115,136,0,136,251
04/25/2004,EWB,MA,ANE,EN,Federal Contract Tower,0,11,50,0,61,0,33,103,0,136,0,44,153,0,197,194,0,194,391
04/26/2004,EWB,MA,ANE,EN,Federal Contract Tower,0,7,16,0,23,0,14,0,0,14,0,21,16,0,37,14,0,14,51
04/27/2004,EWB,MA,ANE,EN,Federal Contract Tower,0,12,55,0,67,0,25,38,0,63,0,37,93,0,130,96,0,96,226
04/28/2004,EWB,MA,ANE,EN,Federal Contract Tower,0,10,46,0,56,0,36,98,0,134,0,46,144,0,190,206,0,206,396
04/29/2004,EWB,MA,ANE,EN,Federal Contract Tower,0,4,18,0,22,0,34,67,4,105,0,38,85,4,127,70,0,70,197
04/30/2004,EWB,MA,ANE,EN,Federal Contract Tower,0,12,52,0,64,0,20,78,0,98,0,32,130,0,162,230,0,230,392
05/01/2004,EWB,MA,ANE,EN,Federal Contract Tower,0,7,25,1,33,0,19,126,1,146,0,26,151,2,179,146,4,150,329
05/02/2004,EWB,MA,ANE,EN,Federal Contract Tower,0,9,25,0,34,0,10,0,0,10,0,19,25,0,44,8,0,8,52
05/03/2004,EWB,MA,ANE,EN,Federal Contract Tower,0,10,39,0,49,0,0,0,0,0,0,10,39,0,49,4,0,4,53
05/04/2004,EWB,MA,ANE,EN,Federal Contract Tower,0,8,27,1,36,0,16,63,7,86,0,24,90,8,122,184,0,184,306
05/05/2004,EWB,MA,ANE,EN,Federal Contract Tower,0,9,33,0,42,0,20,73,0,93,0,29,106,0,135,134,0,134,269
05/06/2004,EWB,MA,ANE,EN,Federal Contract Tower,0,14,46,0,60,0,14,121,0,135,0,28,167,0,195,224,0,224,419
05/07/2004,EWB,MA,ANE,EN,Federal Contract Tower,0,9,26,0,35,0,14,91,0,105,0,23,117,0,140,142,0,142,282
05/08/2004,EWB,MA,ANE,EN,Federal Contract Tower,0,10,29,0,39,0,10,202,0,212,0,20,231,0,251,182,2,184,435
05/09/2004,EWB,MA,ANE,EN,Federal Contract Tower,0,11,35,0,46,0,9,25,0,34,0,20,60,0,80,52,0,52,132
05/10/2004,EWB,MA,ANE,EN,Federal Contract Tower,0,17,50,1,68,0,7,68,4,79,0,24,118,5,147,126,8,134,281
05/11/2004,EWB,MA,ANE,EN,Federal Contract Tower,0,15,44,1,60,0,8,73,5,86,0,23,117,6,146,152,2,154,300
05/12/2004,EWB,MA,ANE,EN,Federal Contract Tower,0,10,31,1,42,0,23,108,0,131,0,33,139,1,173,172,2,174,347
05/13/2004,EWB,MA,ANE,EN,Federal Contract Tower,0,16,47,1,64,0,25,44,1,70,0,41,91,2,134,88,0,88,222
05/14/2004,EWB,MA,ANE,EN,Federal Contract Tower,0,18,55,0,73,0,18,19,0,37,0,36,74,0,110,183,0,183,293
05/15/2004,EWB,MA,ANE,EN,Federal Contract Tower,0,7,22,1,30,0,25,69,1,95,0,32,91,2,125,62,0,62,187
05/16/2004,EWB,MA,ANE,EN,Federal Contract Tower,0,9,29,0,38,0,18,57,0,75,0,27,86,0,113,78,0,78,191
05/17/2004,EWB,MA,ANE,EN,Federal Contract Tower,0,23,73,0,96,0,16,11,0,27,0,39,84,0,123,102,0,102,225
05/18/2004,EWB,MA,ANE,EN,Federal Contract Tower,0,16,36,0,52,0,14,0,4,18,0,30,36,4,70,2,0,2,72
05/19/2004,EWB,MA,ANE,EN,Federal Contract Tower,0,21,65,0,86,0,6,22,0,28,0,27,87,0,114,188,0,188,302
05/20/2004,EWB,MA,ANE,EN,Federal Contract Tower,0,17,51,0,68,0,19,99,3,121,0,36,150,3,189,208,2,210,399
05/21/2004,EWB,MA,ANE,EN,Federal Contract Tower,0,21,63,0,84,0,26,16,0,42,0,47,79,0,126,92,0,92,218
05/22/2004,EWB,MA,ANE,EN,Federal Contract Tower,0,11,23,0,34,0,12,0,0,12,0,23,23,0,46,0,0,0,46
05/23/2004,EWB,MA,ANE,EN,Federal Contract Tower,0,11,33,0,44,0,28,21,0,49,0,39,54,0,93,54,0,54,147
05/24/2004,EWB,MA,ANE,EN,Federal Contract Tower,0,15,44,0,59,0,20,0,0,20,0,35,44,0,79,32,0,32,111
05/25/2004,EWB,MA,ANE,EN,Federal Contract Tower,0,28,63,1,92,0,24,0,1,25,0,52,63,2,117,78,0,78,195
05/26/2004,EWB,MA,ANE,EN,Federal Contract Tower,0,18,40,0,58,0,12,0,0,12,0,30,40,0,70,8,0,8,78
05/27/2004,EWB,MA,ANE,EN,Federal Contract Tower,0,18,54,0,72,0,41,69,0,110,0,59,123,0,182,112,0,112,294
05/28/2004,EWB,MA,ANE,EN,Federal Contract Tower,0,22,29,0,51,0,38,0,0,38,0,60,29,0,89,2,0,2,91
05/29/2004,EWB,MA,ANE,EN,Federal Contract Tower,0,10,32,0,42,0,29,119,6,154,0,39,151,6,196,132,0,132,328
05/30/2004,EWB,MA,ANE,EN,Federal Contract Tower,0,7,22,0,29,0,25,119,1,145,0,32,141,1,174,172,2,174,348
05/31/2004,EWB,MA,ANE,EN,Federal Contract Tower,0,5,15,0,20,0,61,162,0,223,0,66,177,0,243,198,0,198,441
06/01/2004,EWB,MA,ANE,EN,Federal Contract Tower,0,19,35,0,54,0,17,0,0,17,0,36,35,0,71,4,2,6,77
06/02/2004,EWB,MA,ANE,EN,Federal Contract Tower,0,11,32,1,44,0,16,45,3,64,0,27,77,4,108,98,0,98,206
06/03/2004,EWB,MA,ANE,EN,Federal Contract Tower,0,14,38,1,53,0,20,107,9,136,0,34,145,10,189,182,12,194,383
06/04/2004,EWB,MA,ANE,EN,Federal Contract Tower,0,17,44,1,62,0,38,118,0,156,0,55,162,1,218,144,20,164,382
06/05/2004,EWB,MA,ANE,EN,Federal Contract Tower,0,16,43,0,59,0,18,53,0,71,0,34,96,0,130,114,6,120,250
06/06/2004,EWB,MA,ANE,EN,Federal Contract Tower,0,20,36,0,56,0,19,0,0,19,0,39,36,0,75,0,0,0,75
06/07/2004,EWB,MA,ANE,EN,Federal Contract Tower,0,18,46,0,64,0,18,51,0,69,0,36,97,0,133,113,0,113,246
06/08/2004,EWB,MA,ANE,EN,Federal Contract Tower,0,16,41,0,57,0,20,61,0,81,0,36,102,0,138,182,0,182,320
06/09/2004,EWB,MA,ANE,EN,Federal Contract Tower,0,11,26,0,37,0,18,72,0,90,0,29,98,0,127,106,6,112,239
06/10/2004,EWB,MA,ANE,EN,Federal Contract Tower,0,8,21,0,29,0,51,88,0,139,0,59,109,0,168,172,8,180,348
06/11/2004,EWB,MA,ANE,EN,Federal Contract Tower,0,9,22,0,31,0,42,80,0,122,0,51,102,0,153,58,2,60,213
06/12/2004,EWB,MA,ANE,EN,Federal Contract Tower,0,8,20,0,28,0,43,96,0,139,0,51,116,0,167,82,0,82,249
06/13/2004,EWB,MA,ANE,EN,Federal Contract Tower,0,12,30,0,42,0,36,131,0,167,0,48,161,0,209,86,0,86,295
06/14/2004,EWB,MA,ANE,EN,Federal Contract Tower,0,13,34,0,47,0,25,12,0,37,0,38,46,0,84,20,0,20,104
06/15/2004,EWB,MA,ANE,EN,Federal Contract Tower,0,15,40,2,57,0,34,28,0,62,0,49,68,2,119,118,0,118,237
06/16/2004,EWB,MA,ANE,EN,Federal Contract Tower,0,12,30,0,42,0,27,113,0,140,0,39,143,0,182,126,0,126,308
06/17/2004,EWB,MA,ANE,EN,Federal Contract Tower,0,12,29,0,41,0,45,69,0,114,0,57,98,0,155,150,12,162,317
06/18/2004,EWB,MA,ANE,EN,Federal Contract Tower,0,25,38,0,63,0,30,0,0,30,0,55,38,0,93,0,0,0,93
06/19/2004,EWB,MA,ANE,EN,Federal Contract Tower,0,15,37,0,52,0,33,59,0,92,0,48,96,0,144,58,0,58,202
06/20/2004,EWB,MA,ANE,EN,Federal Contract Tower,0,6,18,0,24,0,57,115,0,172,0,63,133,0,196,76,0,76,272
06/21/2004,EWB,MA,ANE,EN,Federal Contract Tower,0,8,21,0,29,0,42,102,4,148,0,50,123,4,177,112,2,114,291
06/22/2004,EWB,MA,ANE,EN,Federal Contract Tower,0,15,40,0,55,0,22,26,0,48,0,37,66,0,103,56,2,58,161
06/23/2004,EWB,MA,ANE,EN,Federal Contract Tower,0,12,30,0,42,0,42,113,0,155,0,54,143,0,197,146,4,150,347
06/24/2004,EWB,MA,ANE,EN,Federal Contract Tower,0,9,25,0,34,0,59,140,2,201,0,68,165,2,235,124,0,124,359
06/25/2004,EWB,MA,ANE,EN,Federal Contract Tower,0,20,52,0,72,0,53,22,0,75,0,73,74,0,147,40,0,40,187
06/26/2004,EWB,MA,ANE,EN,Federal Contract Tower,0,9,25,0,34,0,19,27,0,46,0,28,52,0,80,10,0,10,90
06/27/2004,EWB,MA,ANE,EN,Federal Contract Tower,0,12,32,0,44,0,44,146,0,190,0,56,178,0,234,72,0,72,306
06/28/2004,EWB,MA,ANE,EN,Federal Contract Tower,0,10,27,0,37,0,51,145,0,196,0,61,172,0,233,138,0,138,371
06/29/2004,EWB,MA,ANE,EN,Federal Contract Tower,0,12,30,0,42,0,47,80,0,127,0,59,110,0,169,118,0,118,287
06/30/2004,EWB,MA,ANE,EN,Federal Contract Tower,0,12,32,0,44,0,37,128,0,165,0,49,160,0,209,156,0,156,365
07/01/2004,EWB,MA,ANE,EN,Federal Contract Tower,0,16,27,0,43,0,54,116,2,172,0,70,143,2,215,158,2,160,375
07/02/2004,EWB,MA,ANE,EN,Federal Contract Tower,0,33,47,0,80,0,22,0,0,22,0,55,47,0,102,2,0,2,104
07/03/2004,EWB,MA,ANE,EN,Federal Contract Tower,0,7,11,0,18,0,50,112,0,162,0,57,123,0,180,14,0,14,194
07/04/2004,EWB,MA,ANE,EN,Federal Contract Tower,0,7,13,0,20,0,27,115,0,142,0,34,128,0,162,88,0,88,250
07/05/2004,EWB,MA,ANE,EN,Federal Contract Tower,0,25,46,0,71,0,57,10,0,67,0,82,56,0,138,37,2,39,177
07/06/2004,EWB,MA,ANE,EN,Federal Contract Tower,0,19,33,0,52,0,51,95,0,146,0,70,128,0,198,146,0,146,344
07/07/2004,EWB,MA,ANE,EN,Federal Contract Tower,0,21,39,0,60,0,23,124,3,150,0,44,163,3,210,250,2,252,462
07/08/2004,EWB,MA,ANE,EN,Federal Contract Tower,0,42,54,0,96,0,7,0,0,7,0,49,54,0,103,18,0,18,121
07/09/2004,EWB,MA,ANE,EN,Federal Contract Tower,0,27,50,0,77,0,54,91,0,145,0,81,141,0,222,137,2,139,361
07/10/2004,EWB,MA,ANE,EN,Federal Contract Tower,0,7,12,0,19,0,39,162,0,201,0,46,174,0,220,88,0,88,308
07/11/2004,EWB,MA,ANE,EN,Federal Contract Tower,0,14,25,0,39,0,52,124,0,176,0,66,149,0,215,130,0,130,345
07/12/2004,EWB,MA,ANE,EN,Federal Contract Tower,0,14,25,0,39,0,51,139,0,190,0,65,164,0,229,162,0,162,391
07/13/2004,EWB,MA,ANE,EN,Federal Contract Tower,0,26,48,0,74,0,21,12,0,33,0,47,60,0,107,40,0,40,147
07/14/2004,EWB,MA,ANE,EN,Federal Contract Tower,0,25,21,0,46,0,24,0,0,24,0,49,21,0,70,0,0,0,70
07/15/2004,EWB,MA,ANE,EN,Federal Contract Tower,0,24,44,0,68,0,30,20,0,50,0,54,64,0,118,50,0,50,168
07/16/2004,EWB,MA,ANE,EN,Federal Contract Tower,0,22,40,0,62,0,56,95,3,154,0,78,135,3,216,136,2,138,354
07/17/2004,EWB,MA,ANE,EN,Federal Contract Tower,0,14,26,0,40,0,24,186,0,210,0,38,212,0,250,80,0,80,330
07/18/2004,EWB,MA,ANE,EN,Federal Contract Tower,0,26,48,0,74,0,37,24,0,61,0,63,72,0,135,48,0,48,183
07/19/2004,EWB,MA,ANE,EN,Federal Contract Tower,0,25,24,0,49,0,30,0,0,30,0,55,24,0,79,34,0,34,113
07/20/2004,EWB,MA,ANE,EN,Federal Contract Tower,0,18,34,0,52,0,22,89,0,111,0,40,123,0,163,152,0,152,315
07/21/2004,EWB,MA,ANE,EN,Federal Contract Tower,0,22,41,0,63,0,26,130,2,158,0,48,171,2,221,276,6,282,503
07/22/2004,EWB,MA,ANE,EN,Federal Contract Tower,0,26,50,0,76,0,23,50,0,73,0,49,100,0,149,106,0,106,255
07/23/2004,EWB,MA,ANE,EN,Federal Contract Tower,0,17,33,0,50,0,41,28,0,69,0,58,61,0,119,66,0,66,185
07/24/2004,EWB,MA,ANE,EN,Federal Contract Tower,0,25,38,0,63,0,16,0,0,16,0,41,38,0,79,24,0,24,103
07/25/2004,EWB,MA,ANE,EN,Federal Contract Tower,0,21,41,0,62,0,56,68,0,124,0,77,109,0,186,86,0,86,272
07/26/2004,EWB,MA,ANE,EN,Federal Contract Tower,0,15,30,0,45,0,33,157,0,190,0,48,187,0,235,154,0,154,389
07/27/2004,EWB,MA,ANE,EN,Federal Contract Tower,0,27,52,0,79,0,25,87,0,112,0,52,139,0,191,116,0,116,307
07/28/2004,EWB,MA,ANE,EN,Federal Contract Tower,0,20,17,0,37,0,21,0,0,21,0,41,17,0,58,6,0,6,64
07/29/2004,EWB,MA,ANE,EN,Federal Contract Tower,0,36,68,0,104,0,55,62,0,117,0,91,130,0,221,108,0,108,329
07/30/2004,EWB,MA,ANE,EN,Federal Contract Tower,0,28,54,0,82,0,57,44,0,101,0,85,98,0,183,96,0,96,279
07/31/2004,EWB,MA,ANE,EN,Federal Contract Tower,0,18,34,0,52,0,18,85,0,103,0,36,119,0,155,46,0,46,201
08/01/2004,EWB,MA,ANE,EN,Federal Contract Tower,0,29,43,0,72,0,32,0,0,32,0,61,43,0,104,2,2,4,108
08/02/2004,EWB,MA,ANE,EN,Federal Contract Tower,0,18,38,0,56,0,35,103,0,138,0,53,141,0,194,148,2,150,344
08/03/2004,EWB,MA,ANE,EN,Federal Contract Tower,0,25,49,0,74,0,22,38,0,60,0,47,87,0,134,60,0,60,194
08/04/2004,EWB,MA,ANE,EN,Federal Contract Tower,0,21,41,0,62,0,23,118,0,141,0,44,159,0,203,150,4,154,357
08/05/2004,EWB,MA,ANE,EN,Federal Contract Tower,0,28,55,0,83,0,23,15,0,38,0,51,70,0,121,19,0,19,140
08/06/2004,EWB,MA,ANE,EN,Federal Contract Tower,0,15,29,0,44,0,60,126,0,186,0,75,155,0,230,132,2,134,364
08/07/2004,EWB,MA,ANE,EN,Federal Contract Tower,0,16,31,0,47,0,32,120,0,152,0,48,151,0,199,100,0,100,299
08/08/2004,EWB,MA,ANE,EN,Federal Contract Tower,0,10,21,0,31,0,67,155,0,222,0,77,176,0,253,82,0,82,335
08/09/2004,EWB,MA,ANE,EN,Federal Contract Tower,0,19,39,1,59,0,47,156,1,204,0,66,195,2,263,176,0,176,439
08/10/2004,EWB,MA,ANE,EN,Federal Contract Tower,0,17,34,1,52,0,30,135,1,166,0,47,169,2,218,148,2,150,368
08/11/2004,EWB,MA,ANE,EN,Federal Contract Tower,0,11,21,0,32,0,28,58,0,86,0,39,79,0,118,108,0,108,226
08/12/2004,EWB,MA,ANE,EN,Federal Contract Tower,0,15,29,1,45,0,47,64,5,116,0,62,93,6,161,64,2,66,227
08/13/2004,EWB,MA,ANE,EN,Federal Contract Tower,0,26,21,0,47,0,41,0,0,41,0,67,21,0,88,0,0,0,88
08/14/2004,EWB,MA,ANE,EN,Federal Contract Tower,0,8,17,1,26,0,28,133,1,162,0,36,150,2,188,76,32,108,296
08/15/2004,EWB,MA,ANE,EN,Federal Contract Tower,0,22,27,0,49,0,31,0,0,31,0,53,27,0,80,4,0,4,84
08/16/2004,EWB,MA,ANE,EN,Federal Contract Tower,0,24,20,1,45,0,24,0,1,25,0,48,20,2,70,10,2,12,82
08/17/2004,EWB,MA,ANE,EN,Federal Contract Tower,0,27,55,0,82,0,17,50,0,67,0,44,105,0,149,130,4,134,283
08/18/2004,EWB,MA,ANE,EN,Federal Contract Tower,0,18,36,0,54,0,29,98,2,129,0,47,134,2,183,160,0,160,343
08/19/2004,EWB,MA,ANE,EN,Federal Contract Tower,0,33,57,0,90,0,24,0,0,24,0,57,57,0,114,4,0,4,118
08/20/2004,EWB,MA,ANE,EN,Federal Contract Tower,0,28,56,0,84,0,32,15,0,47,0,60,71,0,131,66,0,66,197
08/21/2004,EWB,MA,ANE,EN,Federal Contract Tower,0,28,43,0,71,0,7,0,0,7,0,35,43,0,78,6,0,6,84
08/22/2004,EWB,MA,ANE,EN,Federal Contract Tower,0,12,25,0,37,0,50,171,0,221,0,62,196,0,258,142,0,142,400
08/23/2004,EWB,MA,ANE,EN,Federal Contract Tower,0,10,20,0,30,0,44,163,0,207,0,54,183,0,237,194,0,194,431
08/24/2004,EWB,MA,ANE,EN,Federal Contract Tower,0,11,24,0,35,0,34,141,0,175,0,45,165,0,210,158,0,158,368
08/25/2004,EWB,MA,ANE,EN,Federal Contract Tower,0,15,31,0,46,0,22,178,2,202,0,37,209,2,248,350,0,350,598
08/26/2004,EWB,MA,ANE,EN,Federal Contract Tower,0,15,32,0,47,0,35,166,0,201,0,50,198,0,248,166,0,166,414
08/27/2004,EWB,MA,ANE,EN,Federal Contract Tower,0,20,40,0,60,0,40,61,0,101,0,60,101,0,161,166,2,168,329
08/28/2004,EWB,MA,ANE,EN,Federal Contract Tower,0,15,30,0,45,0,30,87,0,117,0,45,117,0,162,80,0,80,242
08/29/2004,EWB,MA,ANE,EN,Federal Contract Tower,0,16,32,0,48,0,34,59,0,93,0,50,91,0,141,40,0,40,181
08/30/2004,EWB,MA,ANE,EN,Federal Contract Tower,0,21,43,0,64,0,25,39,0,64,0,46,82,0,128,62,0,62,190
08/31/2004,EWB,MA,ANE,EN,Federal Contract Tower,0,12,25,0,37,0,26,5,6,37,0,38,30,6,74,44,4,48,122
09/01/2004,EWB,MA,ANE,EN,Federal Contract Tower,0,8,35,0,43,0,35,167,0,202,0,43,202,0,245,215,0,215,460
09/02/2004,EWB,MA,ANE,EN,Federal Contract Tower,0,7,32,1,40,0,40,151,3,194,0,47,183,4,234,208,0,208,442
09/03/2004,EWB,MA,ANE,EN,Federal Contract Tower,0,9,43,0,52,0,56,144,0,200,0,65,187,0,252,156,2,158,410
09/04/2004,EWB,MA,ANE,EN,Federal Contract Tower,0,5,18,0,23,0,21,66,0,87,0,26,84,0,110,108,0,108,218
09/05/2004,EWB,MA,ANE,EN,Federal Contract Tower,0,2,9,0,11,0,28,115,0,143,0,30,124,0,154,66,0,66,220
09/06/2004,EWB,MA,ANE,EN,Federal Contract Tower,0,5,19,1,25,0,64,119,0,183,0,69,138,1,208,140,0,140,348
09/07/2004,EWB,MA,ANE,EN,Federal Contract Tower,0,8,30,1,39,0,57,59,7,123,0,65,89,8,162,90,24,114,276
09/08/2004,EWB,MA,ANE,EN,Federal Contract Tower,0,3,13,0,16,0,34,55,0,89,0,37,68,0,105,68,0,68,173
09/09/2004,EWB,MA,ANE,EN,Federal Contract Tower,0,7,17,1,25,0,27,0,1,28,0,34,17,2,53,4,0,4,57
09/10/2004,EWB,MA,ANE,EN,Federal Contract Tower,0,10,36,0,46,0,48,64,0,112,0,58,100,0,158,110,0,110,268
09/11/2004,EWB,MA,ANE,EN,Federal Contract Tower,0,10,37,0,47,0,20,134,0,154,0,30,171,0,201,166,0,166,367
09/12/2004,EWB,MA,ANE,EN,Federal Contract Tower,0,6,23,0,29,0,40,134,0,174,0,46,157,0,203,150,0,150,353
09/13/2004,EWB,MA,ANE,EN,Federal Contract Tower,0,9,33,0,42,0,20,110,0,130,0,29,143,0,172,128,0,128,300
09/14/2004,EWB,MA,ANE,EN,Federal Contract Tower,0,5,17,0,22,0,21,134,0,155,0,26,151,0,177,190,0,190,367
09/15/2004,EWB,MA,ANE,EN,Federal Contract Tower,0,9,33,0,42,0,24,141,0,165,0,33,174,0,207,224,4,228,435
09/16/2004,EWB,MA,ANE,EN,Federal Contract Tower,0,14,39,0,53,0,20,0,0,20,0,34,39,0,73,0,0,0,73
09/17/2004,EWB,MA,ANE,EN,Federal Contract Tower,0,16,64,0,80,0,32,20,0,52,0,48,84,0,132,142,0,142,274
09/18/2004,EWB,MA,ANE,EN,Federal Contract Tower,0,1,3,0,4,0,5,0,0,5,0,6,3,0,9,0,0,0,9
09/19/2004,EWB,MA,ANE,EN,Federal Contract Tower,0,7,26,0,33,0,38,94,0,132,0,45,120,0,165,76,0,76,241
09/20/2004,EWB,MA,ANE,EN,Federal Contract Tower,0,6,25,0,31,0,22,180,1,203,0,28,205,1,234,246,0,246,480
09/21/2004,EWB,MA,ANE,EN,Federal Contract Tower,0,6,26,0,32,0,32,139,2,173,0,38,165,2,205,248,0,248,453
09/22/2004,EWB,MA,ANE,EN,Federal Contract Tower,0,7,28,0,35,0,32,167,0,199,0,39,195,0,234,258,12,270,504
09/23/2004,EWB,MA,ANE,EN,Federal Contract Tower,0,8,29,0,37,0,28,121,7,156,0,36,150,7,193,194,0,194,387
09/24/2004,EWB,MA,ANE,EN,Federal Contract Tower,0,8,31,0,39,0,41,169,0,210,0,49,200,0,249,247,0,247,496
09/25/2004,EWB,MA,ANE,EN,Federal Contract Tower,0,2,10,0,12,0,31,133,1,165,0,33,143,1,177,116,10,126,303
09/26/2004,EWB,MA,ANE,EN,Federal Contract Tower,0,4,18,0,22,0,40,154,4,198,0,44,172,4,220,150,2,152,372
09/27/2004,EWB,MA,ANE,EN,Federal Contract Tower,0,14,57,0,71,0,22,67,0,89,0,36,124,0,160,156,0,156,316
09/28/2004,EWB,MA,ANE,EN,Federal Contract Tower,0,7,13,0,20,0,11,0,0,11,0,18,13,0,31,2,0,2,33
09/29/2004,EWB,MA,ANE,EN,Federal Contract Tower,0,11,40,0,51,0,14,10,0,24,0,25,50,0,75,42,0,42,117
09/30/2004,EWB,MA,ANE,EN,Federal Contract Tower,0,9,35,0,44,0,20,127,0,147,0,29,162,0,191,208,2,210,401
10/01/2004,EWB,MA,ANE,EN,Federal Contract Tower,0,4,49,1,54,0,49,121,30,200,0,53,170,31,254,276,2,278,532
10/02/2004,EWB,MA,ANE,EN,Federal Contract Tower,0,11,52,0,63,0,15,56,0,71,0,26,108,0,134,134,0,134,268
10/03/2004,EWB,MA,ANE,EN,Federal Contract Tower,0,5,41,0,46,0,45,177,0,222,0,50,218,0,268,174,0,174,442
10/04/2004,EWB,MA,ANE,EN,Federal Contract Tower,0,0,23,0,23,0,26,105,0,131,0,26,128,0,154,278,0,278,432
10/05/2004,EWB,MA,ANE,EN,Federal Contract Tower,0,0,19,0,19,0,18,136,0,154,0,18,155,0,173,280,0,280,453
10/06/2004,EWB,MA,ANE,EN,Federal Contract Tower,0,4,39,0,43,0,27,145,2,174,0,31,184,2,217,276,0,276,493
10/07/2004,EWB,MA,ANE,EN,Federal Contract Tower,0,3,35,0,38,0,45,138,0,183,0,48,173,0,221,220,0,220,441
10/08/2004,EWB,MA,ANE,EN,Federal Contract Tower,0,5,32,0,37,0,68,105,0,173,0,73,137,0,210,230,0,230,440
10/09/2004,EWB,MA,ANE,EN,Federal Contract Tower,0,2,20,0,22,0,30,62,0,92,0,32,82,0,114,174,0,174,288
10/10/2004,EWB,MA,ANE,EN,Federal Contract Tower,0,12,11,0,23,0,11,76,0,87,0,23,87,0,110,122,0,122,232
10/11/2004,EWB,MA,ANE,EN,Federal Contract Tower,0,1,28,0,29,0,51,79,0,130,0,52,107,0,159,178,0,178,337
10/12/2004,EWB,MA,ANE,EN,Federal Contract Tower,0,2,22,0,24,0,24,116,0,140,0,26,138,0,164,242,6,248,412
10/13/2004,EWB,MA,ANE,EN,Federal Contract Tower,0,4,41,0,45,0,12,122,0,134,0,16,163,0,179,332,0,332,511
10/14/2004,EWB,MA,ANE,EN,Federal Contract Tower,0,12,49,0,61,0,9,27,0,36,0,21,76,0,97,76,0,76,173
10/15/2004,EWB,MA,ANE,EN,Federal Contract Tower,0,28,30,0,58,0,0,0,0,0,0,28,30,0,58,4,0,4,62
10/16/2004,EWB,MA,ANE,EN,Federal Contract Tower,0,2,29,0,31,0,10,64,0,74,0,12,93,0,105,142,0,142,247
10/17/2004,EWB,MA,ANE,EN,Federal Contract Tower,0,4,27,0,31,0,15,92,1,108,0,19,119,1,139,96,0,96,235
10/18/2004,EWB,MA,ANE,EN,Federal Contract Tower,0,2,30,0,32,0,17,152,2,171,0,19,182,2,203,256,0,256,459
10/19/2004,EWB,MA,ANE,EN,Federal Contract Tower,0,10,25,0,35,0,8,0,0,8,0,18,25,0,43,12,0,12,55
10/20/2004,EWB,MA,ANE,EN,Federal Contract Tower,0,0,35,0,35,0,16,88,0,104,0,16,123,0,139,344,6,350,489
10/21/2004,EWB,MA,ANE,EN,Federal Contract Tower,0,3,28,0,31,0,19,117,2,138,0,22,145,2,169,226,8,234,403
10/22/2004,EWB,MA,ANE,EN,Federal Contract Tower,0,7,24,0,31,0,25,23,0,48,0,32,47,0,79,156,8,164,243
10/23/2004,EWB,MA,ANE,EN,Federal Contract Tower,0,2,31,0,33,0,12,44,0,56,0,14,75,0,89,80,0,80,169
10/24/2004,EWB,MA,ANE,EN,Federal Contract Tower,0,23,15,0,38,0,3,14,0,17,0,26,29,0,55,22,0,22,77
10/25/2004,EWB,MA,ANE,EN,Federal Contract Tower,0,16,56,0,72,0,7,26,0,33,0,23,82,0,105,118,0,118,223
10/26/2004,EWB,MA,ANE,EN,Federal Contract Tower,0,4,30,0,34,0,27,193,0,220,0,31,223,0,254,218,0,218,472
10/27/2004,EWB,MA,ANE,EN,Federal Contract Tower,0,1,19,0,20,0,19,146,0,165,0,20,165,0,185,284,0,284,469
10/28/2004,EWB,MA,ANE,EN,Federal Contract Tower,0,0,36,0,36,0,34,121,1,156,0,34,157,1,192,302,0,302,494
10/29/2004,EWB,MA,ANE,EN,Federal Contract Tower,0,0,31,0,31,0,28,128,0,156,0,28,159,0,187,248,0,248,435
10/30/2004,EWB,MA,ANE,EN,Federal Contract Tower,0,9,15,0,24,0,0,0,0,0,0,9,15,0,24,34,0,34,58
10/31/2004,EWB,MA,ANE,EN,Federal Contract Tower,0,4,33,0,37,0,18,102,0,120,0,22,135,0,157,150,0,150,307
11/01/2004,EWB,MA,ANE,EN,Federal Contract Tower,0,0,31,0,31,0,17,111,2,130,0,17,142,2,161,264,0,264,425
11/02/2004,EWB,MA,ANE,EN,Federal Contract Tower,0,0,47,0,47,0,19,99,4,122,0,19,146,4,169,274,0,274,443
11/03/2004,EWB,MA,ANE,EN,Federal Contract Tower,0,3,7,2,12,0,21,52,11,84,0,24,59,13,96,110,8,118,214
11/04/2004,EWB,MA,ANE,EN,Federal Contract Tower,0,2,57,0,59,0,27,81,0,108,0,29,138,0,167,224,0,224,391
11/05/2004,EWB,MA,ANE,EN,Federal Contract Tower,0,1,2,0,3,0,18,5,0,23,0,19,7,0,26,0,0,0,26
11/06/2004,EWB,MA,ANE,EN,Federal Contract Tower,0,0,27,0,27,0,9,120,0,129,0,9,147,0,156,180,0,180,336
11/07/2004,EWB,MA,ANE,EN,Federal Contract Tower,0,0,44,0,44,0,18,151,0,169,0,18,195,0,213,118,0,118,331
11/08/2004,EWB,MA,ANE,EN,Federal Contract Tower,0,1,38,0,39,0,16,112,0,128,0,17,150,0,167,246,2,248,415
11/09/2004,EWB,MA,ANE,EN,Federal Contract Tower,0,2,27,0,29,0,13,161,4,178,0,15,188,4,207,160,2,162,369
11/10/2004,EWB,MA,ANE,EN,Federal Contract Tower,0,0,50,0,50,0,16,116,0,132,0,16,166,0,182,203,0,203,385
11/11/2004,EWB,MA,ANE,EN,Federal Contract Tower,0,3,26,0,29,0,17,125,0,142,0,20,151,0,171,182,0,182,353
11/12/2004,EWB,MA,ANE,EN,Federal Contract Tower,0,16,38,0,54,0,4,39,0,43,0,20,77,0,97,50,0,50,147
11/13/2004,EWB,MA,ANE,EN,Federal Contract Tower,0,9,1,0,10,0,0,7,0,7,0,9,8,0,17,6,0,6,23
11/14/2004,EWB,MA,ANE,EN,Federal Contract Tower,0,1,25,0,26,0,16,87,0,103,0,17,112,0,129,104,0,104,233
11/15/2004,EWB,MA,ANE,EN,Federal Contract Tower,0,0,13,0,13,0,13,124,0,137,0,13,137,0,150,236,0,236,386
11/16/2004,EWB,MA,ANE,EN,Federal Contract Tower,0,1,36,0,37,0,16,83,0,99,0,17,119,0,136,168,0,168,304
11/17/2004,EWB,MA,ANE,EN,Federal Contract Tower,0,1,43,0,44,0,13,144,0,157,0,14,187,0,201,236,2,238,439
11/18/2004,EWB,MA,ANE,EN,Federal Contract Tower,0,1,44,0,45,0,19,114,0,133,0,20,158,0,178,162,0,162,340
11/19/2004,EWB,MA,ANE,EN,Federal Contract Tower,0,0,31,0,31,0,20,146,0,166,0,20,177,0,197,216,0,216,413
11/20/2004,EWB,MA,ANE,EN,Federal Contract Tower,0,0,61,0,61,0,11,127,0,138,0,11,188,0,199,185,0,185,384
11/21/2004,EWB,MA,ANE,EN,Federal Contract Tower,0,6,13,0,19,0,11,14,0,25,0,17,27,0,44,20,0,20,64
11/22/2004,EWB,MA,ANE,EN,Federal Contract Tower,0,0,29,0,29,0,14,82,0,96,0,14,111,0,125,164,0,164,289
11/23/2004,EWB,MA,ANE,EN,Federal Contract Tower,0,9,55,0,64,0,24,107,0,131,0,33,162,0,195,196,0,196,391
11/24/2004,EWB,MA,ANE,EN,Federal Contract Tower,0,33,33,0,66,0,7,24,0,31,0,40,57,0,97,36,0,36,133
11/25/2004,EWB,MA,ANE,EN,Federal Contract Tower,0,13,10,0,23,0,0,0,0,0,0,13,10,0,23,2,0,2,25
11/26/2004,EWB,MA,ANE,EN,Federal Contract Tower,0,7,15,0,22,0,26,107,0,133,0,33,122,0,155,134,0,134,289
11/27/2004,EWB,MA,ANE,EN,Federal Contract Tower,0,0,27,0,27,0,14,163,0,177,0,14,190,0,204,70,0,70,274
11/28/2004,EWB,MA,ANE,EN,Federal Contract Tower,0,29,7,0,36,0,2,1,0,3,0,31,8,0,39,0,0,0,39
11/29/2004,EWB,MA,ANE,EN,Federal Contract Tower,0,3,19,2,24,0,26,140,0,166,0,29,159,2,190,184,0,184,374
11/30/2004,EWB,MA,ANE,EN,Federal Contract Tower,0,1,43,4,48,0,16,121,0,137,0,17,164,4,185,170,0,170,355
12/01/2004,EWB,MA,ANE,EN,Federal Contract Tower,0,7,6,0,13,0,4,1,0,5,0,11,7,0,18,0,2,2,20
12/02/2004,EWB,MA,ANE,EN,Federal Contract Tower,0,4,20,0,24,0,20,151,1,172,0,24,171,1,196,160,0,160,356
12/03/2004,EWB,MA,ANE,EN,Federal Contract Tower,0,2,24,0,26,0,33,110,0,143,0,35,134,0,169,112,20,132,301
12/04/2004,EWB,MA,ANE,EN,Federal Contract Tower,0,6,60,0,66,0,7,106,0,113,0,13,166,0,179,176,6,182,361
12/05/2004,EWB,MA,ANE,EN,Federal Contract Tower,0,0,22,0,22,0,31,160,0,191,0,31,182,0,213,106,0,106,319
12/06/2004,EWB,MA,ANE,EN,Federal Contract Tower,0,1,34,0,35,0,18,82,0,100,0,19,116,0,135,132,6,138,273
12/07/2004,EWB,MA,ANE,EN,Federal Contract Tower,0,18,2,0,20,0,0,0,0,0,0,18,2,0,20,0,0,0,20
12/08/2004,EWB,MA,ANE,EN,Federal Contract Tower,0,7,17,0,24,0,10,79,0,89,0,17,96,0,113,94,0,94,207
12/09/2004,EWB,MA,ANE,EN,Federal Contract Tower,0,2,48,4,54,0,15,128,0,143,0,17,176,4,197,224,0,224,421
12/10/2004,EWB,MA,ANE,EN,Federal Contract Tower,0,20,32,0,52,0,0,0,0,0,0,20,32,0,52,2,0,2,54
12/11/2004,EWB,MA,ANE,EN,Federal Contract Tower,0,7,22,0,29,0,4,9,0,13,0,11,31,0,42,36,0,36,78
12/12/2004,EWB,MA,ANE,EN,Federal Contract Tower,0,1,18,0,19,0,16,59,0,75,0,17,77,0,94,116,0,116,210
12/13/2004,EWB,MA,ANE,EN,Federal Contract Tower,0,3,26,0,29,0,15,85,0,100,0,18,111,0,129,98,0,98,227
12/14/2004,EWB,MA,ANE,EN,Federal Contract Tower,0,0,22,0,22,0,13,97,3,113,0,13,119,3,135,116,2,118,253
12/15/2004,EWB,MA,ANE,EN,Federal Contract Tower,0,2,32,0,34,0,12,130,0,142,0,14,162,0,176,182,2,184,360
12/16/2004,EWB,MA,ANE,EN,Federal Contract Tower,0,0,39,0,39,0,9,128,0,137,0,9,167,0,176,172,0,172,348
12/17/2004,EWB,MA,ANE,EN,Federal Contract Tower,0,3,29,0,32,0,21,61,10,92,0,24,90,10,124,78,0,78,202
12/18/2004,EWB,MA,ANE,EN,Federal Contract Tower,0,1,37,0,38,0,10,152,0,162,0,11,189,0,200,254,8,262,462
12/19/2004,EWB,MA,ANE,EN,Federal Contract Tower,0,3,20,0,23,0,17,63,0,80,0,20,83,0,103,106,0,106,209
12/20/2004,EWB,MA,ANE,EN,Federal Contract Tower,0,4,5,0,9,0,6,4,0,10,0,10,9,0,19,12,0,12,31
12/21/2004,EWB,MA,ANE,EN,Federal Contract Tower,0,0,33,0,33,0,11,80,0,91,0,11,113,0,124,120,0,120,244
12/22/2004,EWB,MA,ANE,EN,Federal Contract Tower,0,2,58,0,60,0,17,70,21,108,0,19,128,21,168,178,0,178,346
12/23/2004,EWB,MA,ANE,EN,Federal Contract Tower,0,2,2,0,4,0,12,13,0,25,0,14,15,0,29,6,0,6,35
12/24/2004,EWB,MA,ANE,EN,Federal Contract Tower,0,1,0,0,1,0,16,36,0,52,0,17,36,0,53,40,0,40,93
12/25/2004,EWB,MA,ANE,EN,Federal Contract Tower,0,2,0,0,2,0,3,5,0,8,0,5,5,0,10,6,0,6,16
12/26/2004,EWB,MA,ANE,EN,Federal Contract Tower,0,5,3,0,8,0,3,3,0,6,0,8,6,0,14,0,0,0,14
12/27/2004,EWB,MA,ANE,EN,Federal Contract Tower,0,0,2,0,2,0,0,0,0,0,0,0,2,0,2,0,0,0,2
12/28/2004,EWB,MA,ANE,EN,Federal Contract Tower,0,0,12,0,12,0,10,56,0,66,0,10,68,0,78,26,0,26,104
12/29/2004,EWB,MA,ANE,EN,Federal Contract Tower,0,0,28,0,28,0,12,113,0,125,0,12,141,0,153,146,0,146,299
12/30/2004,EWB,MA,ANE,EN,Federal Contract Tower,0,0,56,0,56,0,12,63,2,77,0,12,119,2,133,100,4,104,237
12/31/2004,EWB,MA,ANE,EN,Federal Contract Tower,0,0,18,0,18,0,26,30,0,56,0,26,48,0,74,52,0,52,126
01/01/2005,EWB,MA,ANE,EN,Federal Contract Tower,0,0,12,0,12,0,21,40,0,61,0,21,52,0,73,30,0,30,103
01/02/2005,EWB,MA,ANE,EN,Federal Contract Tower,0,18,17,0,35,0,14,78,0,92,0,32,95,0,127,74,0,74,201
01/03/2005,EWB,MA,ANE,EN,Federal Contract Tower,0,4,33,0,37,0,13,70,0,83,0,17,103,0,120,82,0,82,202
01/04/2005,EWB,MA,ANE,EN,Federal Contract Tower,0,23,56,0,79,0,6,3,0,9,0,29,59,0,88,16,0,16,104
01/05/2005,EWB,MA,ANE,EN,Federal Contract Tower,0,25,14,0,39,0,4,8,0,12,0,29,22,0,51,24,0,24,75
01/06/2005,EWB,MA,ANE,EN,Federal Contract Tower,0,7,0,0,7,0,0,0,0,0,0,7,0,0,7,0,0,0,7
01/07/2005,EWB,MA,ANE,EN,Federal Contract Tower,0,0,28,0,28,0,20,62,0,82,0,20,90,0,110,130,0,130,240
01/08/2005,EWB,MA,ANE,EN,Federal Contract Tower,0,5,1,0,6,0,5,0,0,5,0,10,1,0,11,0,0,0,11
01/09/2005,EWB,MA,ANE,EN,Federal Contract Tower,0,1,16,0,17,0,9,68,2,79,0,10,84,2,96,122,0,122,218
01/10/2005,EWB,MA,ANE,EN,Federal Contract Tower,0,1,16,0,17,0,10,66,0,76,0,11,82,0,93,110,0,110,203
01/11/2005,EWB,MA,ANE,EN,Federal Contract Tower,0,0,30,0,30,0,11,95,1,107,0,11,125,1,137,178,0,178,315
01/12/2005,EWB,MA,ANE,EN,Federal Contract Tower,0,19,4,0,23,0,0,0,0,0,0,19,4,0,23,0,0,0,23
01/13/2005,EWB,MA,ANE,EN,Federal Contract Tower,0,2,5,0,7,0,0,0,0,0,0,2,5,0,7,0,0,0,7
01/14/2005,EWB,MA,ANE,EN,Federal Contract Tower,0,16,3,0,19,0,2,2,0,4,0,18,5,0,23,0,0,0,23
01/15/2005,EWB,MA,ANE,EN,Federal Contract Tower,0,3,49,0,52,0,4,118,1,123,0,7,167,1,175,162,0,162,337
01/16/2005,EWB,MA,ANE,EN,Federal Contract Tower,0,1,6,0,7,0,10,72,0,82,0,11,78,0,89,104,0,104,193
01/17/2005,EWB,MA,ANE,EN,Federal Contract Tower,0,0,9,0,9,0,7,45,0,52,0,7,54,0,61,84,0,84,145
01/18/2005,EWB,MA,ANE,EN,Federal Contract Tower,0,0,25,0,25,0,10,64,0,74,0,10,89,0,99,132,0,132,231
01/19/2005,EWB,MA,ANE,EN,Federal Contract Tower,0,8,9,0,17,0,3,71,0,74,0,11,80,0,91,132,0,132,223
01/20/2005,EWB,MA,ANE,EN,Federal Contract Tower,0,0,23,0,23,0,8,77,0,85,0,8,100,0,108,134,0,134,242
01/21/2005,EWB,MA,ANE,EN,Federal Contract Tower,0,2,21,0,23,0,14,77,0,91,0,16,98,0,114,110,4,114,228
01/22/2005,EWB,MA,ANE,EN,Federal Contract Tower,0,3,1,0,4,0,3,57,3,63,0,6,58,3,67,114,0,114,181
01/23/2005,EWB,MA,ANE,EN,Federal Contract Tower,0,0,0,0,0,0,0,0,0,0,0,0,0,0,0,0,0,0,0
01/24/2005,EWB,MA,ANE,EN,Federal Contract Tower,0,0,0,0,0,0,0,0,0,0,0,0,0,0,0,2,0,2,2
01/25/2005,EWB,MA,ANE,EN,Federal Contract Tower,0,0,0,0,0,0,0,0,0,0,0,0,0,0,0,0,0,0,0
01/26/2005,EWB,MA,ANE,EN,Federal Contract Tower,0,0,0,0,0,0,0,1,0,1,0,0,1,0,1,0,0,0,1
01/27/2005,EWB,MA,ANE,EN,Federal Contract Tower,0,4,7,0,11,0,5,51,0,56,0,9,58,0,67,66,4,70,137
01/28/2005,EWB,MA,ANE,EN,Federal Contract Tower,0,3,13,1,17,0,19,89,0,108,0,22,102,1,125,180,4,184,309
01/29/2005,EWB,MA,ANE,EN,Federal Contract Tower,0,2,22,0,24,0,6,93,0,99,0,8,115,0,123,168,0,168,291
01/30/2005,EWB,MA,ANE,EN,Federal Contract Tower,0,3,33,0,36,0,7,76,0,83,0,10,109,0,119,134,0,134,253
01/31/2005,EWB,MA,ANE,EN,Federal Contract Tower,0,5,21,0,26,0,21,77,0,98,0,26,98,0,124,160,0,160,284
02/01/2005,EWB,MA,ANE,EN,Federal Contract Tower,0,1,59,2,62,0,8,119,4,131,0,9,178,6,193,182,0,182,375
02/02/2005,EWB,MA,ANE,EN,Federal Contract Tower,0,0,45,0,45,0,12,132,0,144,0,12,177,0,189,162,0,162,351
02/03/2005,EWB,MA,ANE,EN,Federal Contract Tower,0,13,15,0,28,0,0,3,0,3,0,13,18,0,31,30,0,30,61
02/04/2005,EWB,MA,ANE,EN,Federal Contract Tower,0,17,9,0,26,0,0,4,0,4,0,17,13,0,30,24,0,24,54
02/05/2005,EWB,MA,ANE,EN,Federal Contract Tower,0,2,42,0,44,0,10,132,0,142,0,12,174,0,186,122,0,122,308
02/06/2005,EWB,MA,ANE,EN,Federal Contract Tower,0,2,9,0,11,0,13,178,0,191,0,15,187,0,202,158,0,158,360
02/07/2005,EWB,MA,ANE,EN,Federal Contract Tower,0,3,63,0,66,0,30,129,0,159,0,33,192,0,225,172,0,172,397
02/08/2005,EWB,MA,ANE,EN,Federal Contract Tower,0,2,49,0,51,0,10,121,0,131,0,12,170,0,182,256,0,256,438
02/09/2005,EWB,MA,ANE,EN,Federal Contract Tower,0,0,32,1,33,0,17,75,1,93,0,17,107,2,126,214,2,216,342
02/10/2005,EWB,MA,ANE,EN,Federal Contract Tower,0,4,6,0,10,0,0,0,0,0,0,4,6,0,10,0,0,0,10
02/11/2005,EWB,MA,ANE,EN,Federal Contract Tower,0,0,4,0,4,0,17,14,0,31,0,17,18,0,35,14,0,14,49
02/12/2005,EWB,MA,ANE,EN,Federal Contract Tower,0,0,42,0,42,0,11,104,0,115,0,11,146,0,157,180,10,190,347
02/13/2005,EWB,MA,ANE,EN,Federal Contract Tower,0,2,49,0,51,0,8,92,0,100,0,10,141,0,151,112,0,112,263
02/14/2005,EWB,MA,ANE,EN,Federal Contract Tower,0,0,12,0,12,0,13,117,0,130,0,13,129,0,142,160,0,160,302
02/15/2005,EWB,MA,ANE,EN,Federal Contract Tower,0,11,43,0,54,0,6,83,0,89,0,17,126,0,143,164,0,164,307
02/16/2005,EWB,MA,ANE,EN,Federal Contract Tower,0,3,30,0,33,0,4,28,0,32,0,7,58,0,65,38,0,38,103
02/17/2005,EWB,MA,ANE,EN,Federal Contract Tower,0,5,42,0,47,0,8,122,4,134,0,13,164,4,181,232,2,234,415
02/18/2005,EWB,MA,ANE,EN,Federal Contract Tower,0,5,21,0,26,0,9,39,0,48,0,14,60,0,74,56,0,56,130
02/19/2005,EWB,MA,ANE,EN,Federal Contract Tower,0,0,26,0,26,0,10,77,0,87,0,10,103,0,113,166,0,166,279
02/20/2005,EWB,MA,ANE,EN,Federal Contract Tower,0,0,41,0,41,0,11,87,0,98,0,11,128,0,139,152,0,152,291
02/21/2005,EWB,MA,ANE,EN,Federal Contract Tower,0,4,0,0,4,0,0,0,0,0,0,4,0,0,4,0,0,0,4
02/22/2005,EWB,MA,ANE,EN,Federal Contract Tower,0,14,10,0,24,0,0,10,0,10,0,14,20,0,34,2,0,2,36
02/23/2005,EWB,MA,ANE,EN,Federal Contract Tower,0,3,27,0,30,0,4,105,0,109,0,7,132,0,139,190,0,190,329
02/24/2005,EWB,MA,ANE,EN,Federal Contract Tower,0,1,33,0,34,0,10,69,4,83,0,11,102,4,117,240,0,240,357
02/25/2005,EWB,MA,ANE,EN,Federal Contract Tower,0,1,13,0,14,0,6,47,0,53,0,7,60,0,67,78,0,78,145
02/26/2005,EWB,MA,ANE,EN,Federal Contract Tower,0,2,39,0,41,0,10,114,1,125,0,12,153,1,166,164,0,164,330
02/27/2005,EWB,MA,ANE,EN,Federal Contract Tower,0,0,19,0,19,0,8,85,0,93,0,8,104,0,112,154,4,158,270
02/28/2005,EWB,MA,ANE,EN,Federal Contract Tower,0,13,11,0,24,0,11,77,0,88,0,24,88,0,112,150,2,152,264
03/01/2005,EWB,MA,ANE,EN,Federal Contract Tower,0,3,1,0,4,0,5,7,0,12,0,8,8,0,16,6,0,6,22
03/02/2005,EWB,MA,ANE,EN,Federal Contract Tower,0,0,5,0,5,0,13,42,0,55,0,13,47,0,60,64,0,64,124
03/03/2005,EWB,MA,ANE,EN,Federal Contract Tower,0,3,19,0,22,0,8,96,3,107,0,11,115,3,129,176,0,176,305
03/04/2005,EWB,MA,ANE,EN,Federal Contract Tower,0,7,33,0,40,0,29,95,0,124,0,36,128,0,164,144,2,146,310
03/05/2005,EWB,MA,ANE,EN,Federal Contract Tower,0,0,18,0,18,0,8,102,0,110,0,8,120,0,128,128,2,130,258
03/06/2005,EWB,MA,ANE,EN,Federal Contract Tower,0,2,18,0,20,0,13,114,0,127,0,15,132,0,147,80,0,80,227
03/07/2005,EWB,MA,ANE,EN,Federal Contract Tower,0,3,22,0,25,0,22,78,0,100,0,25,100,0,125,164,0,164,289
03/08/2005,EWB,MA,ANE,EN,Federal Contract Tower,0,5,5,0,10,0,3,1,0,4,0,8,6,0,14,0,0,0,14
03/09/2005,EWB,MA,ANE,EN,Federal Contract Tower,0,0,3,0,3,0,10,15,0,25,0,10,18,0,28,24,0,24,52
03/10/2005,EWB,MA,ANE,EN,Federal Contract Tower,0,6,36,0,42,0,14,110,0,124,0,20,146,0,166,174,2,176,342
03/11/2005,EWB,MA,ANE,EN,Federal Contract Tower,0,3,11,0,14,0,7,16,0,23,0,10,27,0,37,40,0,40,77
03/12/2005,EWB,MA,ANE,EN,Federal Contract Tower,0,6,0,0,6,0,0,0,0,0,0,6,0,0,6,0,0,0,6
03/13/2005,EWB,MA,ANE,EN,Federal Contract Tower,0,1,9,4,14,0,9,57,0,66,0,10,66,4,80,130,0,130,210
03/14/2005,EWB,MA,ANE,EN,Federal Contract Tower,0,2,22,0,24,0,14,115,0,129,0,16,137,0,153,164,4,168,321
03/15/2005,EWB,MA,ANE,EN,Federal Contract Tower,0,0,22,0,22,0,12,98,0,110,0,12,120,0,132,214,0,214,346
03/16/2005,EWB,MA,ANE,EN,Federal Contract Tower,0,0,32,0,32,0,15,112,0,127,0,15,144,0,159,252,0,252,411
03/17/2005,EWB,MA,ANE,EN,Federal Contract Tower,0,0,18,1,19,0,17,112,3,132,0,17,130,4,151,162,0,162,313
03/18/2005,EWB,MA,ANE,EN,Federal Contract Tower,0,0,36,0,36,0,23,51,0,74,0,23,87,0,110,150,0,150,260
03/19/2005,EWB,MA,ANE,EN,Federal Contract Tower,0,0,57,0,57,0,14,96,0,110,0,14,153,0,167,188,0,188,355
03/20/2005,EWB,MA,ANE,EN,Federal Contract Tower,0,1,33,0,34,0,12,65,0,77,0,13,98,0,111,136,2,138,249
03/21/2005,EWB,MA,ANE,EN,Federal Contract Tower,0,10,19,0,29,0,5,34,0,39,0,15,53,0,68,116,0,116,184
03/22/2005,EWB,MA,ANE,EN,Federal Contract Tower,0,0,28,0,28,0,14,112,2,128,0,14,140,2,156,222,0,222,378
03/23/2005,EWB,MA,ANE,EN,Federal Contract Tower,0,1,23,0,24,0,9,124,0,133,0,10,147,0,157,266,0,266,423
03/24/2005,EWB,MA,ANE,EN,Federal Contract Tower,0,5,5,0,10,0,5,29,0,34,0,10,34,0,44,24,4,28,72
03/25/2005,EWB,MA,ANE,EN,Federal Contract Tower,0,0,33,0,33,0,19,139,0,158,0,19,172,0,191,236,2,238,429
03/26/2005,EWB,MA,ANE,EN,Federal Contract Tower,0,4,49,0,53,0,8,121,0,129,0,12,170,0,182,220,0,220,402
03/27/2005,EWB,MA,ANE,EN,Federal Contract Tower,0,1,12,0,13,0,9,95,0,104,0,10,107,0,117,118,6,124,241
03/28/2005,EWB,MA,ANE,EN,Federal Contract Tower,0,11,9,0,20,0,0,0,0,0,0,11,9,0,20,2,0,2,22
03/29/2005,EWB,MA,ANE,EN,Federal Contract Tower,0,12,39,0,51,0,0,0,0,0,0,12,39,0,51,10,0,10,61
03/30/2005,EWB,MA,ANE,EN,Federal Contract Tower,0,1,30,0,31,0,13,123,0,136,0,14,153,0,167,204,0,204,371
03/31/2005,EWB,MA,ANE,EN,Federal Contract Tower,0,6,51,0,57,0,7,139,2,148,0,13,190,2,205,292,0,292,497
04/01/2005,EWB,MA,ANE,EN,Federal Contract Tower,0,2,37,0,39,0,20,114,0,134,0,22,151,0,173,282,2,284,457
04/02/2005,EWB,MA,ANE,EN,Federal Contract Tower,0,3,8,0,11,0,1,0,0,1,0,4,8,0,12,0,0,0,12
04/03/2005,EWB,MA,ANE,EN,Federal Contract Tower,0,1,18,1,20,0,12,54,3,69,0,13,72,4,89,44,0,44,133
04/04/2005,EWB,MA,ANE,EN,Federal Contract Tower,0,6,32,0,38,0,10,71,0,81,0,16,103,0,119,232,0,232,351
04/05/2005,EWB,MA,ANE,EN,Federal Contract Tower,0,7,54,0,61,0,22,137,0,159,0,29,191,0,220,156,0,156,376
04/06/2005,EWB,MA,ANE,EN,Federal Contract Tower,0,9,54,1,64,0,12,151,2,165,0,21,205,3,229,204,4,208,437
04/07/2005,EWB,MA,ANE,EN,Federal Contract Tower,0,1,24,0,25,0,21,78,1,100,0,22,102,1,125,66,0,66,191
04/08/2005,EWB,MA,ANE,EN,Federal Contract Tower,0,11,51,0,62,0,18,78,0,96,0,29,129,0,158,170,0,170,328
04/09/2005,EWB,MA,ANE,EN,Federal Contract Tower,0,2,13,0,15,0,8,159,0,167,0,10,172,0,182,176,6,182,364
04/10/2005,EWB,MA,ANE,EN,Federal Contract Tower,0,0,62,0,62,0,15,126,0,141,0,15,188,0,203,176,0,176,379
04/11/2005,EWB,MA,ANE,EN,Federal Contract Tower,0,0,28,0,28,0,15,92,4,111,0,15,120,4,139,174,0,174,313
04/12/2005,EWB,MA,ANE,EN,Federal Contract Tower,0,3,23,0,26,0,18,77,0,95,0,21,100,0,121,124,0,124,245
04/13/2005,EWB,MA,ANE,EN,Federal Contract Tower,0,0,26,0,26,0,13,145,2,160,0,13,171,2,186,278,2,280,466
04/14/2005,EWB,MA,ANE,EN,Federal Contract Tower,0,4,37,0,41,0,23,83,0,106,0,27,120,0,147,190,0,190,337
04/15/2005,EWB,MA,ANE,EN,Federal Contract Tower,0,5,31,0,36,0,22,72,0,94,0,27,103,0,130,138,4,142,272
04/16/2005,EWB,MA,ANE,EN,Federal Contract Tower,0,3,33,0,36,0,8,103,0,111,0,11,136,0,147,150,2,152,299
04/17/2005,EWB,MA,ANE,EN,Federal Contract Tower,0,1,27,0,28,0,21,120,0,141,0,22,147,0,169,230,0,230,399
04/18/2005,EWB,MA,ANE,EN,Federal Contract Tower,0,2,16,0,18,0,17,135,2,154,0,19,151,2,172,400,6,406,578
04/19/2005,EWB,MA,ANE,EN,Federal Contract Tower,0,1,13,0,14,0,16,128,0,144,0,17,141,0,158,190,0,190,348
04/20/2005,EWB,MA,ANE,EN,Federal Contract Tower,0,0,31,0,31,0,17,101,0,118,0,17,132,0,149,204,2,206,355
04/21/2005,EWB,MA,ANE,EN,Federal Contract Tower,0,8,24,0,32,0,18,68,0,86,0,26,92,0,118,110,4,114,232
04/22/2005,EWB,MA,ANE,EN,Federal Contract Tower,0,0,27,0,27,0,35,158,0,193,0,35,185,0,220,184,0,184,404
04/23/2005,EWB,MA,ANE,EN,Federal Contract Tower,0,4,4,0,8,0,6,0,0,6,0,10,4,0,14,0,0,0,14
04/24/2005,EWB,MA,ANE,EN,Federal Contract Tower,0,8,13,0,21,0,19,19,0,38,0,27,32,0,59,26,0,26,85
04/25/2005,EWB,MA,ANE,EN,Federal Contract Tower,0,4,18,0,22,0,26,76,2,104,0,30,94,2,126,150,0,150,276
04/26/2005,EWB,MA,ANE,EN,Federal Contract Tower,0,3,48,0,51,0,19,98,8,125,0,22,146,8,176,236,6,242,418
04/27/2005,EWB,MA,ANE,EN,Federal Contract Tower,0,15,16,0,31,0,0,0,0,0,0,15,16,0,31,0,0,0,31
04/28/2005,EWB,MA,ANE,EN,Federal Contract Tower,0,7,51,0,58,0,12,48,0,60,0,19,99,0,118,138,0,138,256
04/29/2005,EWB,MA,ANE,EN,Federal Contract Tower,0,0,19,0,19,0,18,122,0,140,0,18,141,0,159,108,0,108,267
04/30/2005,EWB,MA,ANE,EN,Federal Contract Tower,0,10,16,0,26,0,0,0,0,0,0,10,16,0,26,6,0,6,32
05/01/2005,EWB,MA,ANE,EN,Federal Contract Tower,0,8,35,0,43,0,14,25,0,39,0,22,60,0,82,36,0,36,118
05/02/2005,EWB,MA,ANE,EN,Federal Contract Tower,0,2,26,0,28,0,17,74,0,91,0,19,100,0,119,104,2,106,225
05/03/2005,EWB,MA,ANE,EN,Federal Contract Tower,0,2,55,0,57,0,14,94,0,108,0,16,149,0,165,216,0,216,381
05/04/2005,EWB,MA,ANE,EN,Federal Contract Tower,0,0,29,0,29,0,23,135,0,158,0,23,164,0,187,186,0,186,373
05/05/2005,EWB,MA,ANE,EN,Federal Contract Tower,0,0,35,0,35,0,41,177,0,218,0,41,212,0,253,248,0,248,501
05/06/2005,EWB,MA,ANE,EN,Federal Contract Tower,0,3,72,0,75,0,30,60,3,93,0,33,132,3,168,226,0,226,394
05/07/2005,EWB,MA,ANE,EN,Federal Contract Tower,0,2,6,0,8,0,0,0,0,0,0,2,6,0,8,0,0,0,8
05/08/2005,EWB,MA,ANE,EN,Federal Contract Tower,0,1,4,0,5,0,0,7,0,7,0,1,11,0,12,2,0,2,14
05/09/2005,EWB,MA,ANE,EN,Federal Contract Tower,0,22,82,0,104,0,5,17,0,22,0,27,99,0,126,70,0,70,196
05/10/2005,EWB,MA,ANE,EN,Federal Contract Tower,0,8,54,0,62,0,31,118,0,149,0,39,172,0,211,208,0,208,419
05/11/2005,EWB,MA,ANE,EN,Federal Contract Tower,0,17,37,0,54,0,19,86,0,105,0,36,123,0,159,158,2,160,319
05/12/2005,EWB,MA,ANE,EN,Federal Contract Tower,0,5,28,6,39,0,40,97,4,141,0,45,125,10,180,132,0,132,312
05/13/2005,EWB,MA,ANE,EN,Federal Contract Tower,0,0,51,0,51,0,38,114,0,152,0,38,165,0,203,158,0,158,361
05/14/2005,EWB,MA,ANE,EN,Federal Contract Tower,0,2,39,0,41,0,20,102,0,122,0,22,141,0,163,66,0,66,229
05/15/2005,EWB,MA,ANE,EN,Federal Contract Tower,0,26,13,0,39,0,0,0,0,0,0,26,13,0,39,16,4,20,59
05/16/2005,EWB,MA,ANE,EN,Federal Contract Tower,0,19,49,0,68,0,14,59,0,73,0,33,108,0,141,98,4,102,243
05/17/2005,EWB,MA,ANE,EN,Federal Contract Tower,0,16,66,0,82,0,5,69,0,74,0,21,135,0,156,154,0,154,310
05/18/2005,EWB,MA,ANE,EN,Federal Contract Tower,0,21,49,0,70,0,2,35,0,37,0,23,84,0,107,88,0,88,195
05/19/2005,EWB,MA,ANE,EN,Federal Contract Tower,0,9,34,2,45,0,24,139,0,163,0,33,173,2,208,194,2,196,404
05/20/2005,EWB,MA,ANE,EN,Federal Contract Tower,0,2,25,0,27,0,36,96,0,132,0,38,121,0,159,98,6,104,263
05/21/2005,EWB,MA,ANE,EN,Federal Contract Tower,0,15,30,0,45,0,0,14,0,14,0,15,44,0,59,44,0,44,103
05/22/2005,EWB,MA,ANE,EN,Federal Contract Tower,0,5,29,0,34,0,40,31,2,73,0,45,60,2,107,80,0,80,187
05/23/2005,EWB,MA,ANE,EN,Federal Contract Tower,0,22,61,0,83,0,8,14,0,22,0,30,75,0,105,60,0,60,165
05/24/2005,EWB,MA,ANE,EN,Federal Contract Tower,0,22,31,0,53,0,1,0,0,1,0,23,31,0,54,4,0,4,58
05/25/2005,EWB,MA,ANE,EN,Federal Contract Tower,0,10,8,0,18,0,0,0,0,0,0,10,8,0,18,0,0,0,18
05/26/2005,EWB,MA,ANE,EN,Federal Contract Tower,0,57,43,0,100,0,1,2,0,3,0,58,45,0,103,6,0,6,109
05/27/2005,EWB,MA,ANE,EN,Federal Contract Tower,0,27,63,2,92,0,37,49,0,86,0,64,112,2,178,100,2,102,280
05/28/2005,EWB,MA,ANE,EN,Federal Contract Tower,0,2,20,0,22,0,25,74,0,99,0,27,94,0,121,46,0,46,167
05/29/2005,EWB,MA,ANE,EN,Federal Contract Tower,0,2,13,0,15,0,21,84,0,105,0,23,97,0,120,44,0,44,164
05/30/2005,EWB,MA,ANE,EN,Federal Contract Tower,0,6,27,0,33,0,49,154,0,203,0,55,181,0,236,178,0,178,414
05/31/2005,EWB,MA,ANE,EN,Federal Contract Tower,0,15,43,2,60,0,24,84,0,108,0,39,127,2,168,166,8,174,342
06/01/2005,EWB,MA,ANE,EN,Federal Contract Tower,0,19,46,0,65,0,25,127,0,152,0,44,173,0,217,186,0,186,403
06/02/2005,EWB,MA,ANE,EN,Federal Contract Tower,0,21,57,0,78,0,17,91,0,108,0,38,148,0,186,232,0,232,418
06/03/2005,EWB,MA,ANE,EN,Federal Contract Tower,0,12,25,0,37,0,31,96,0,127,0,43,121,0,164,122,0,122,286
06/04/2005,EWB,MA,ANE,EN,Federal Contract Tower,0,6,41,0,47,0,10,136,0,146,0,16,177,0,193,184,0,184,377
06/05/2005,EWB,MA,ANE,EN,Federal Contract Tower,0,5,47,0,52,0,31,159,0,190,0,36,206,0,242,138,0,138,380
06/06/2005,EWB,MA,ANE,EN,Federal Contract Tower,0,34,36,0,70,0,5,32,0,37,0,39,68,0,107,100,0,100,207
06/07/2005,EWB,MA,ANE,EN,Federal Contract Tower,0,19,55,0,74,0,13,45,0,58,0,32,100,0,132,190,0,190,322
06/08/2005,EWB,MA,ANE,EN,Federal Contract Tower,0,3,20,0,23,0,41,158,0,199,0,44,178,0,222,242,0,242,464
06/09/2005,EWB,MA,ANE,EN,Federal Contract Tower,0,13,36,1,50,0,20,69,1,90,0,33,105,2,140,194,0,194,334
06/10/2005,EWB,MA,ANE,EN,Federal Contract Tower,0,41,60,0,101,0,10,0,0,10,0,51,60,0,111,36,0,36,147
06/11/2005,EWB,MA,ANE,EN,Federal Contract Tower,0,2,22,0,24,0,25,69,0,94,0,27,91,0,118,72,0,72,190
06/12/2005,EWB,MA,ANE,EN,Federal Contract Tower,0,29,31,0,60,0,17,70,0,87,0,46,101,0,147,74,4,78,225
06/13/2005,EWB,MA,ANE,EN,Federal Contract Tower,0,11,28,0,39,0,28,69,0,97,0,39,97,0,136,140,2,142,278
06/14/2005,EWB,MA,ANE,EN,Federal Contract Tower,0,17,22,0,39,0,12,66,0,78,0,29,88,0,117,100,6,106,223
06/15/2005,EWB,MA,ANE,EN,Federal Contract Tower,0,24,52,0,76,0,18,18,0,36,0,42,70,0,112,60,0,60,172
06/16/2005,EWB,MA,ANE,EN,Federal Contract Tower,0,37,32,0,69,0,7,14,0,21,0,44,46,0,90,76,0,76,166
06/17/2005,EWB,MA,ANE,EN,Federal Contract Tower,0,24,31,0,55,0,20,73,0,93,0,44,104,0,148,76,4,80,228
06/18/2005,EWB,MA,ANE,EN,Federal Contract Tower,0,18,50,0,68,0,16,76,0,92,0,34,126,0,160,84,0,84,244
06/19/2005,EWB,MA,ANE,EN,Federal Contract Tower,0,7,32,0,39,0,48,64,0,112,0,55,96,0,151,122,2,124,275
06/20/2005,EWB,MA,ANE,EN,Federal Contract Tower,0,3,38,0,41,0,40,131,1,172,0,43,169,1,213,210,0,210,423
06/21/2005,EWB,MA,ANE,EN,Federal Contract Tower,0,4,26,0,30,0,31,105,3,139,0,35,131,3,169,252,0,252,421
06/22/2005,EWB,MA,ANE,EN,Federal Contract Tower,0,4,36,0,40,0,28,71,0,99,0,32,107,0,139,266,0,266,405
06/23/2005,EWB,MA,ANE,EN,Federal Contract Tower,0,0,51,0,51,0,45,131,1,177,0,45,182,1,228,226,2,228,456
06/24/2005,EWB,MA,ANE,EN,Federal Contract Tower,0,8,15,0,23,0,64,106,0,170,0,72,121,0,193,78,0,78,271
06/25/2005,EWB,MA,ANE,EN,Federal Contract Tower,0,2,25,0,27,0,28,117,0,145,0,30,142,0,172,106,0,106,278
06/26/2005,EWB,MA,ANE,EN,Federal Contract Tower,0,10,20,0,30,0,40,71,0,111,0,50,91,0,141,76,0,76,217
06/27/2005,EWB,MA,ANE,EN,Federal Contract Tower,0,32,31,0,63,0,14,46,22,82,0,46,77,22,145,74,4,78,223
06/28/2005,EWB,MA,ANE,EN,Federal Contract Tower,0,28,20,0,48,0,0,0,0,0,0,28,20,0,48,2,0,2,50
06/29/2005,EWB,MA,ANE,EN,Federal Contract Tower,0,24,26,0,50,0,25,32,0,57,0,49,58,0,107,102,0,102,209
06/30/2005,EWB,MA,ANE,EN,Federal Contract Tower,0,53,56,2,111,0,3,0,0,3,0,56,56,2,114,18,0,18,132
07/01/2005,EWB,MA,ANE,EN,Federal Contract Tower,0,58,43,0,101,0,3,1,0,4,0,61,44,0,105,6,0,6,111
07/02/2005,EWB,MA,ANE,EN,Federal Contract Tower,0,15,22,0,37,0,32,107,0,139,0,47,129,0,176,132,0,132,308
07/03/2005,EWB,MA,ANE,EN,Federal Contract Tower,0,0,23,0,23,0,30,141,0,171,0,30,164,0,194,64,0,64,258
07/04/2005,EWB,MA,ANE,EN,Federal Contract Tower,0,4,21,0,25,0,45,113,0,158,0,49,134,0,183,108,0,108,291
07/05/2005,EWB,MA,ANE,EN,Federal Contract Tower,0,53,49,4,106,0,13,38,0,51,0,66,87,4,157,38,4,42,199
07/06/2005,EWB,MA,ANE,EN,Federal Contract Tower,0,40,42,0,82,0,1,0,0,1,0,41,42,0,83,6,0,6,89
07/07/2005,EWB,MA,ANE,EN,Federal Contract Tower,0,49,46,4,99,0,8,5,0,13,0,57,51,4,112,18,0,18,130
07/08/2005,EWB,MA,ANE,EN,Federal Contract Tower,0,52,17,0,69,0,0,0,0,0,0,52,17,0,69,6,0,6,75
07/09/2005,EWB,MA,ANE,EN,Federal Contract Tower,0,17,35,0,52,0,21,28,0,49,0,38,63,0,101,54,0,54,155
07/10/2005,EWB,MA,ANE,EN,Federal Contract Tower,0,4,22,0,26,0,50,97,0,147,0,54,119,0,173,60,0,60,233
07/11/2005,EWB,MA,ANE,EN,Federal Contract Tower,0,0,36,0,36,0,41,93,0,134,0,41,129,0,170,72,2,74,244
07/12/2005,EWB,MA,ANE,EN,Federal Contract Tower,0,4,64,0,68,0,50,122,2,174,0,54,186,2,242,148,4,152,394
07/13/2005,EWB,MA,ANE,EN,Federal Contract Tower,0,26,39,2,67,0,21,56,0,77,0,47,95,2,144,130,0,130,274
07/14/2005,EWB,MA,ANE,EN,Federal Contract Tower,0,29,52,0,81,0,16,43,0,59,0,45,95,0,140,106,0,106,246
07/15/2005,EWB,MA,ANE,EN,Federal Contract Tower,0,27,47,0,74,0,44,73,2,119,0,71,120,2,193,98,0,98,291
07/16/2005,EWB,MA,ANE,EN,Federal Contract Tower,0,17,35,0,52,0,22,36,0,58,0,39,71,0,110,80,0,80,190
07/17/2005,EWB,MA,ANE,EN,Federal Contract Tower,0,58,58,0,116,0,2,5,0,7,0,60,63,0,123,54,0,54,177
07/18/2005,EWB,MA,ANE,EN,Federal Contract Tower,0,37,38,0,75,0,0,0,0,0,0,37,38,0,75,4,0,4,79
07/19/2005,EWB,MA,ANE,EN,Federal Contract Tower,0,35,32,2,69,0,11,23,0,34,0,46,55,2,103,46,0,46,149
07/20/2005,EWB,MA,ANE,EN,Federal Contract Tower,0,1,31,4,36,0,32,143,0,175,0,33,174,4,211,152,8,160,371
07/21/2005,EWB,MA,ANE,EN,Federal Contract Tower,0,1,31,0,32,0,37,123,0,160,0,38,154,0,192,134,0,134,326
07/22/2005,EWB,MA,ANE,EN,Federal Contract Tower,0,12,38,2,52,0,54,118,7,179,0,66,156,9,231,100,4,104,335
07/23/2005,EWB,MA,ANE,EN,Federal Contract Tower,0,6,52,0,58,0,33,91,0,124,0,39,143,0,182,116,0,116,298
07/24/2005,EWB,MA,ANE,EN,Federal Contract Tower,0,10,42,3,55,0,51,113,4,168,0,61,155,7,223,48,0,48,271
07/25/2005,EWB,MA,ANE,EN,Federal Contract Tower,0,14,23,0,37,0,33,19,0,52,0,47,42,0,89,42,0,42,131
07/26/2005,EWB,MA,ANE,EN,Federal Contract Tower,0,13,34,1,48,0,19,67,18,104,0,32,101,19,152,64,4,68,220
07/27/2005,EWB,MA,ANE,EN,Federal Contract Tower,0,35,40,0,75,0,0,0,0,0,0,35,40,0,75,2,0,2,77
07/28/2005,EWB,MA,ANE,EN,Federal Contract Tower,0,3,31,0,34,0,40,125,0,165,0,43,156,0,199,226,4,230,429
07/29/2005,EWB,MA,ANE,EN,Federal Contract Tower,0,4,34,0,38,0,58,147,0,205,0,62,181,0,243,146,0,146,389
07/30/2005,EWB,MA,ANE,EN,Federal Contract Tower,0,14,31,0,45,0,21,96,0,117,0,35,127,0,162,84,0,84,246
07/31/2005,EWB,MA,ANE,EN,Federal Contract Tower,0,40,44,0,84,0,5,15,0,20,0,45,59,0,104,20,0,20,124
08/01/2005,EWB,MA,ANE,EN,Federal Contract Tower,0,5,30,0,35,0,42,92,0,134,0,47,122,0,169,106,0,106,275
08/02/2005,EWB,MA,ANE,EN,Federal Contract Tower,0,4,26,1,31,0,33,130,10,173,0,37,156,11,204,180,4,184,388
08/03/2005,EWB,MA,ANE,EN,Federal Contract Tower,0,0,27,0,27,0,34,147,3,184,0,34,174,3,211,176,0,176,387
08/04/2005,EWB,MA,ANE,EN,Federal Contract Tower,0,7,21,0,28,0,40,113,2,155,0,47,134,2,183,134,4,138,321
08/05/2005,EWB,MA,ANE,EN,Federal Contract Tower,0,36,32,0,68,0,28,47,0,75,0,64,79,0,143,56,0,56,199
08/06/2005,EWB,MA,ANE,EN,Federal Contract Tower,0,7,23,0,30,0,37,113,0,150,0,44,136,0,180,110,0,110,290
08/07/2005,EWB,MA,ANE,EN,Federal Contract Tower,0,3,10,0,13,0,57,153,0,210,0,60,163,0,223,136,0,136,359
08/08/2005,EWB,MA,ANE,EN,Federal Contract Tower,0,27,20,0,47,0,27,82,0,109,0,54,102,0,156,98,0,98,254
08/09/2005,EWB,MA,ANE,EN,Federal Contract Tower,0,24,26,0,50,0,30,52,0,82,0,54,78,0,132,82,0,82,214
08/10/2005,EWB,MA,ANE,EN,Federal Contract Tower,0,13,45,0,58,0,34,73,6,113,0,47,118,6,171,124,8,132,303
08/11/2005,EWB,MA,ANE,EN,Federal Contract Tower,0,15,17,0,32,0,29,97,0,126,0,44,114,0,158,158,0,158,316
08/12/2005,EWB,MA,ANE,EN,Federal Contract Tower,0,18,52,0,70,0,41,81,0,122,0,59,133,0,192,84,2,86,278
08/13/2005,EWB,MA,ANE,EN,Federal Contract Tower,0,30,43,0,73,0,13,19,0,32,0,43,62,0,105,34,0,34,139
08/14/2005,EWB,MA,ANE,EN,Federal Contract Tower,0,54,43,0,97,0,3,16,0,19,0,57,59,0,116,14,0,14,130
08/15/2005,EWB,MA,ANE,EN,Federal Contract Tower,0,54,21,0,75,0,0,4,0,4,0,54,25,0,79,20,2,22,101
08/16/2005,EWB,MA,ANE,EN,Federal Contract Tower,0,14,19,0,33,0,29,89,0,118,0,43,108,0,151,134,2,136,287
08/17/2005,EWB,MA,ANE,EN,Federal Contract Tower,0,0,22,0,22,0,32,138,0,170,0,32,160,0,192,152,2,154,346
08/18/2005,EWB,MA,ANE,EN,Federal Contract Tower,0,3,27,0,30,0,46,133,0,179,0,49,160,0,209,156,0,156,365
08/19/2005,EWB,MA,ANE,EN,Federal Contract Tower,0,6,27,0,33,0,66,133,0,199,0,72,160,0,232,150,0,150,382
08/20/2005,EWB,MA,ANE,EN,Federal Contract Tower,0,21,21,0,42,0,17,15,0,32,0,38,36,0,74,24,0,24,98
08/21/2005,EWB,MA,ANE,EN,Federal Contract Tower,0,56,21,0,77,0,11,13,0,24,0,67,34,0,101,14,0,14,115
08/22/2005,EWB,MA,ANE,EN,Federal Contract Tower,0,2,41,0,43,0,52,103,0,155,0,54,144,0,198,98,0,98,296
08/23/2005,EWB,MA,ANE,EN,Federal Contract Tower,0,3,12,0,15,0,38,94,0,132,0,41,106,0,147,98,0,98,245
08/24/2005,EWB,MA,ANE,EN,Federal Contract Tower,0,4,42,0,46,0,48,107,4,159,0,52,149,4,205,168,0,168,373
08/25/2005,EWB,MA,ANE,EN,Federal Contract Tower,0,5,48,1,54,0,39,97,12,148,0,44,145,13,202,128,16,144,346
08/26/2005,EWB,MA,ANE,EN,Federal Contract Tower,0,2,20,0,22,0,60,109,0,169,0,62,129,0,191,164,0,164,355
08/27/2005,EWB,MA,ANE,EN,Federal Contract Tower,0,2,15,0,17,0,38,147,0,185,0,40,162,0,202,132,0,132,334
08/28/2005,EWB,MA,ANE,EN,Federal Contract Tower,0,2,20,0,22,0,48,136,0,184,0,50,156,0,206,128,0,128,334
08/29/2005,EWB,MA,ANE,EN,Federal Contract Tower,0,29,42,0,71,0,10,9,0,19,0,39,51,0,90,8,0,8,98
08/30/2005,EWB,MA,ANE,EN,Federal Contract Tower,0,31,10,0,41,0,3,1,0,4,0,34,11,0,45,2,3,5,50
08/31/2005,EWB,MA,ANE,EN,Federal Contract Tower,0,14,12,0,26,0,19,0,0,19,0,33,12,0,45,8,0,8,53
09/01/2005,EWB,MA,ANE,EN,Federal Contract Tower,0,2,30,0,32,0,40,91,0,131,0,42,121,0,163,86,0,86,249
09/02/2005,EWB,MA,ANE,EN,Federal Contract Tower,0,0,18,0,18,0,66,133,0,199,0,66,151,0,217,60,0,60,277
09/03/2005,EWB,MA,ANE,EN,Federal Contract Tower,0,2,20,0,22,0,33,126,0,159,0,35,146,0,181,44,0,44,225
09/04/2005,EWB,MA,ANE,EN,Federal Contract Tower,0,3,9,0,12,0,37,119,0,156,0,40,128,0,168,86,0,86,254
09/05/2005,EWB,MA,ANE,EN,Federal Contract Tower,0,3,8,0,11,0,58,124,0,182,0,61,132,0,193,124,0,124,317
09/06/2005,EWB,MA,ANE,EN,Federal Contract Tower,0,2,10,0,12,0,51,100,0,151,0,53,110,0,163,140,2,142,305
09/07/2005,EWB,MA,ANE,EN,Federal Contract Tower,0,3,34,0,37,0,27,134,0,161,0,30,168,0,198,152,0,152,350
09/08/2005,EWB,MA,ANE,EN,Federal Contract Tower,0,1,11,0,12,0,27,116,2,145,0,28,127,2,157,100,0,100,257
09/09/2005,EWB,MA,ANE,EN,Federal Contract Tower,0,4,22,0,26,0,51,134,0,185,0,55,156,0,211,224,0,224,435
09/10/2005,EWB,MA,ANE,EN,Federal Contract Tower,0,15,0,0,15,0,11,128,0,139,0,26,128,0,154,66,0,66,220
09/11/2005,EWB,MA,ANE,EN,Federal Contract Tower,0,0,29,0,29,0,49,95,0,144,0,49,124,0,173,112,0,112,285
09/12/2005,EWB,MA,ANE,EN,Federal Contract Tower,0,0,33,0,33,0,42,101,0,143,0,42,134,0,176,202,0,202,378
09/13/2005,EWB,MA,ANE,EN,Federal Contract Tower,0,5,20,4,29,0,23,147,0,170,0,28,167,4,199,194,0,194,393
09/14/2005,EWB,MA,ANE,EN,Federal Contract Tower,0,7,36,0,43,0,21,69,0,90,0,28,105,0,133,148,0,148,281
09/15/2005,EWB,MA,ANE,EN,Federal Contract Tower,0,26,14,0,40,0,4,4,0,8,0,30,18,0,48,2,0,2,50
09/16/2005,EWB,MA,ANE,EN,Federal Contract Tower,0,53,32,0,85,0,0,0,0,0,0,53,32,0,85,4,0,4,89
09/17/2005,EWB,MA,ANE,EN,Federal Contract Tower,0,21,5,0,26,0,0,3,0,3,0,21,8,0,29,0,0,0,29
09/18/2005,EWB,MA,ANE,EN,Federal Contract Tower,0,4,20,0,24,0,43,123,0,166,0,47,143,0,190,94,0,94,284
09/19/2005,EWB,MA,ANE,EN,Federal Contract Tower,0,4,33,0,37,0,27,166,4,197,0,31,199,4,234,280,0,280,514
09/20/2005,EWB,MA,ANE,EN,Federal Contract Tower,0,14,25,0,39,0,16,0,0,16,0,30,25,0,55,8,0,8,63
09/21/2005,EWB,MA,ANE,EN,Federal Contract Tower,0,3,21,0,24,0,38,192,1,231,0,41,213,1,255,284,0,284,539
09/22/2005,EWB,MA,ANE,EN,Federal Contract Tower,0,6,23,0,29,0,25,168,4,197,0,31,191,4,226,168,0,168,394
09/23/2005,EWB,MA,ANE,EN,Federal Contract Tower,0,4,41,0,45,0,44,94,0,138,0,48,135,0,183,172,0,172,355
09/24/2005,EWB,MA,ANE,EN,Federal Contract Tower,0,2,11,0,13,0,27,164,1,192,0,29,175,1,205,197,0,197,402
09/25/2005,EWB,MA,ANE,EN,Federal Contract Tower,0,4,9,0,13,0,53,129,0,182,0,57,138,0,195,162,2,164,359
09/26/2005,EWB,MA,ANE,EN,Federal Contract Tower,0,9,16,0,25,0,25,61,0,86,0,34,77,0,111,62,0,62,173
09/27/2005,EWB,MA,ANE,EN,Federal Contract Tower,0,0,29,0,29,0,22,114,0,136,0,22,143,0,165,216,0,216,381
09/28/2005,EWB,MA,ANE,EN,Federal Contract Tower,0,2,26,1,29,0,27,208,1,236,0,29,234,2,265,351,0,351,616
09/29/2005,EWB,MA,ANE,EN,Federal Contract Tower,0,6,11,2,19,0,11,34,0,45,0,17,45,2,64,32,0,32,96
09/30/2005,EWB,MA,ANE,EN,Federal Contract Tower,0,2,20,0,22,0,39,125,0,164,0,41,145,0,186,316,0,316,502
10/01/2005,EWB,MA,ANE,EN,Federal Contract Tower,0,2,10,0,12,0,19,160,0,179,0,21,170,0,191,72,2,74,265
10/02/2005,EWB,MA,ANE,EN,Federal Contract Tower,0,1,18,0,19,0,45,133,0,178,0,46,151,0,197,142,0,142,339
10/03/2005,EWB,MA,ANE,EN,Federal Contract Tower,0,20,20,1,41,0,12,87,1,100,0,32,107,2,141,240,0,240,381
10/04/2005,EWB,MA,ANE,EN,Federal Contract Tower,0,21,18,0,39,0,11,99,0,110,0,32,117,0,149,152,0,152,301
10/05/2005,EWB,MA,ANE,EN,Federal Contract Tower,0,14,44,0,58,0,7,26,0,33,0,21,70,0,91,116,0,116,207
10/06/2005,EWB,MA,ANE,EN,Federal Contract Tower,0,18,41,0,59,0,1,26,0,27,0,19,67,0,86,68,0,68,154
10/07/2005,EWB,MA,ANE,EN,Federal Contract Tower,0,12,24,0,36,0,48,84,0,132,0,60,108,0,168,198,0,198,366
10/08/2005,EWB,MA,ANE,EN,Federal Contract Tower,0,22,23,0,45,0,0,0,0,0,0,22,23,0,45,8,0,8,53
10/09/2005,EWB,MA,ANE,EN,Federal Contract Tower,0,26,11,0,37,0,0,0,0,0,0,26,11,0,37,0,0,0,37
10/10/2005,EWB,MA,ANE,EN,Federal Contract Tower,0,53,34,0,87,0,0,0,0,0,0,53,34,0,87,14,0,14,101
10/11/2005,EWB,MA,ANE,EN,Federal Contract Tower,0,36,14,0,50,0,0,0,0,0,0,36,14,0,50,4,0,4,54
10/12/2005,EWB,MA,ANE,EN,Federal Contract Tower,0,8,18,0,26,0,12,9,0,21,0,20,27,0,47,58,0,58,105
10/13/2005,EWB,MA,ANE,EN,Federal Contract Tower,0,10,28,0,38,0,13,44,0,57,0,23,72,0,95,106,0,106,201
10/14/2005,EWB,MA,ANE,EN,Federal Contract Tower,0,27,34,0,61,0,1,6,0,7,0,28,40,0,68,22,0,22,90
10/15/2005,EWB,MA,ANE,EN,Federal Contract Tower,0,13,14,0,27,0,0,5,0,5,0,13,19,0,32,4,0,4,36
10/16/2005,EWB,MA,ANE,EN,Federal Contract Tower,0,0,2,0,2,0,23,16,0,39,0,23,18,0,41,6,0,6,47
10/17/2005,EWB,MA,ANE,EN,Federal Contract Tower,0,2,12,0,14,0,24,129,0,153,0,26,141,0,167,250,0,250,417
10/18/2005,EWB,MA,ANE,EN,Federal Contract Tower,0,3,22,0,25,0,12,100,0,112,0,15,122,0,137,234,0,234,371
10/19/2005,EWB,MA,ANE,EN,Federal Contract Tower,0,5,30,0,35,0,17,179,0,196,0,22,209,0,231,252,4,256,487
10/20/2005,EWB,MA,ANE,EN,Federal Contract Tower,0,18,0,0,18,0,0,194,0,194,0,18,194,0,212,336,0,336,548
10/21/2005,EWB,MA,ANE,EN,Federal Contract Tower,0,0,15,0,15,0,41,129,3,173,0,41,144,3,188,162,10,172,360
10/22/2005,EWB,MA,ANE,EN,Federal Contract Tower,0,1,10,0,11,0,12,74,0,86,0,13,84,0,97,170,6,176,273
10/23/2005,EWB,MA,ANE,EN,Federal Contract Tower,0,11,21,0,32,0,11,15,0,26,0,22,36,0,58,56,0,56,114
10/24/2005,EWB,MA,ANE,EN,Federal Contract Tower,0,8,37,0,45,0,16,31,0,47,0,24,68,0,92,60,0,60,152
10/25/2005,EWB,MA,ANE,EN,Federal Contract Tower,0,1,4,0,5,0,2,0,0,2,0,3,4,0,7,0,0,0,7
10/26/2005,EWB,MA,ANE,EN,Federal Contract Tower,0,1,13,0,14,0,15,77,0,92,0,16,90,0,106,124,8,132,238
10/27/2005,EWB,MA,ANE,EN,Federal Contract Tower,0,1,28,0,29,0,21,162,0,183,0,22,190,0,212,304,2,306,518
10/28/2005,EWB,MA,ANE,EN,Federal Contract Tower,0,2,33,0,35,0,26,108,0,134,0,28,141,0,169,228,0,228,397
10/29/2005,EWB,MA,ANE,EN,Federal Contract Tower,0,5,14,0,19,0,10,44,0,54,0,15,58,0,73,96,0,96,169
10/30/2005,EWB,MA,ANE,EN,Federal Contract Tower,0,3,54,0,57,0,22,145,0,167,0,25,199,0,224,154,0,154,378
10/31/2005,EWB,MA,ANE,EN,Federal Contract Tower,0,1,49,0,50,0,18,113,0,131,0,19,162,0,181,180,0,180,361
11/01/2005,EWB,MA,ANE,EN,Federal Contract Tower,0,2,13,0,15,0,16,106,2,124,0,18,119,2,139,198,0,198,337
11/02/2005,EWB,MA,ANE,EN,Federal Contract Tower,0,4,18,0,22,0,17,128,0,145,0,21,146,0,167,278,0,278,445
11/03/2005,EWB,MA,ANE,EN,Federal Contract Tower,0,1,2,0,3,0,16,52,0,68,0,17,54,0,71,40,0,40,111
11/04/2005,EWB,MA,ANE,EN,Federal Contract Tower,0,7,16,0,23,0,27,172,0,199,0,34,188,0,222,304,0,304,526
11/05/2005,EWB,MA,ANE,EN,Federal Contract Tower,0,0,28,0,28,0,9,165,3,177,0,9,193,3,205,138,0,138,343
11/06/2005,EWB,MA,ANE,EN,Federal Contract Tower,0,18,20,0,38,0,8,8,0,16,0,26,28,0,54,64,0,64,118
11/07/2005,EWB,MA,ANE,EN,Federal Contract Tower,0,1,24,0,25,0,15,131,0,146,0,16,155,0,171,174,0,174,345
11/08/2005,EWB,MA,ANE,EN,Federal Contract Tower,0,0,23,0,23,0,16,104,1,121,0,16,127,1,144,298,0,298,442
11/09/2005,EWB,MA,ANE,EN,Federal Contract Tower,0,0,0,0,0,14,139,0,0,153,14,139,0,0,153,300,0,300,453
11/10/2005,EWB,MA,ANE,EN,Federal Contract Tower,0,3,17,0,20,0,7,70,13,90,0,10,87,13,110,162,0,162,272
11/11/2005,EWB,MA,ANE,EN,Federal Contract Tower,0,0,29,0,29,0,21,162,4,187,0,21,191,4,216,0,246,246,462
11/12/2005,EWB,MA,ANE,EN,Federal Contract Tower,0,1,49,0,50,0,11,139,0,150,0,12,188,0,200,238,0,238,438
11/13/2005,EWB,MA,ANE,EN,Federal Contract Tower,0,0,12,0,12,0,20,95,0,115,0,20,107,0,127,122,0,122,249
11/14/2005,EWB,MA,ANE,EN,Federal Contract Tower,0,0,12,0,12,0,18,106,0,124,0,18,118,0,136,144,2,146,282
11/15/2005,EWB,MA,ANE,EN,Federal Contract Tower,0,9,27,0,36,0,8,51,0,59,0,17,78,0,95,160,4,164,259
11/16/2005,EWB,MA,ANE,EN,Federal Contract Tower,0,4,22,0,26,0,15,9,0,24,0,19,31,0,50,6,0,6,56
11/17/2005,EWB,MA,ANE,EN,Federal Contract Tower,0,6,26,0,32,0,15,118,0,133,0,21,144,0,165,212,0,212,377
11/18/2005,EWB,MA,ANE,EN,Federal Contract Tower,0,4,31,0,35,0,24,140,2,166,0,28,171,2,201,206,0,206,407
11/19/2005,EWB,MA,ANE,EN,Federal Contract Tower,0,4,17,0,21,0,13,184,0,197,0,17,201,0,218,184,0,184,402
11/20/2005,EWB,MA,ANE,EN,Federal Contract Tower,0,0,16,0,16,0,17,148,0,165,0,17,164,0,181,260,0,260,441
11/21/2005,EWB,MA,ANE,EN,Federal Contract Tower,0,0,23,2,25,0,20,136,2,158,0,20,159,4,183,302,0,302,485
11/22/2005,EWB,MA,ANE,EN,Federal Contract Tower,0,23,20,0,43,0,0,0,0,0,0,23,20,0,43,0,0,0,43
11/23/2005,EWB,MA,ANE,EN,Federal Contract Tower,0,3,30,0,33,0,36,70,0,106,0,39,100,0,139,114,0,114,253
11/24/2005,EWB,MA,ANE,EN,Federal Contract Tower,0,2,1,0,3,0,6,2,0,8,0,8,3,0,11,0,0,0,11
11/25/2005,EWB,MA,ANE,EN,Federal Contract Tower,0,2,20,0,22,0,23,85,0,108,0,25,105,0,130,114,0,114,244
11/26/2005,EWB,MA,ANE,EN,Federal Contract Tower,0,0,31,0,31,0,19,115,0,134,0,19,146,0,165,124,0,124,289
11/27/2005,EWB,MA,ANE,EN,Federal Contract Tower,0,2,23,0,25,0,31,97,0,128,0,33,120,0,153,68,0,68,221
11/28/2005,EWB,MA,ANE,EN,Federal Contract Tower,0,11,29,0,40,0,19,87,0,106,0,30,116,0,146,100,0,100,246
11/29/2005,EWB,MA,ANE,EN,Federal Contract Tower,0,0,17,0,17,0,20,88,0,108,0,20,105,0,125,220,0,220,345
11/30/2005,EWB,MA,ANE,EN,Federal Contract Tower,0,12,12,0,24,0,1,2,0,3,0,13,14,0,27,0,0,0,27
12/01/2005,EWB,MA,ANE,EN,Federal Contract Tower,0,18,42,0,60,0,6,67,0,73,0,24,109,0,133,152,0,152,285
12/02/2005,EWB,MA,ANE,EN,Federal Contract Tower,0,5,11,0,16,0,42,89,0,131,0,47,100,0,147,86,0,86,233
12/03/2005,EWB,MA,ANE,EN,Federal Contract Tower,0,0,6,0,6,0,19,87,0,106,0,19,93,0,112,98,0,98,210
12/04/2005,EWB,MA,ANE,EN,Federal Contract Tower,0,39,3,0,42,0,0,0,0,0,0,39,3,0,42,0,0,0,42
12/05/2005,EWB,MA,ANE,EN,Federal Contract Tower,0,0,20,0,20,0,27,117,0,144,0,27,137,0,164,180,0,180,344
12/06/2005,EWB,MA,ANE,EN,Federal Contract Tower,0,3,10,0,13,0,22,70,0,92,0,25,80,0,105,108,0,108,213
12/07/2005,EWB,MA,ANE,EN,Federal Contract Tower,0,0,15,0,15,0,12,53,0,65,0,12,68,0,80,120,0,120,200
12/08/2005,EWB,MA,ANE,EN,Federal Contract Tower,0,5,16,0,21,0,20,141,0,161,0,25,157,0,182,160,6,166,348
12/09/2005,EWB,MA,ANE,EN,Federal Contract Tower,0,0,0,0,0,8,0,0,0,8,8,0,0,0,8,0,0,0,8
12/10/2005,EWB,MA,ANE,EN,Federal Contract Tower,0,0,29,0,29,0,11,57,2,70,0,11,86,2,99,140,0,140,239
12/11/2005,EWB,MA,ANE,EN,Federal Contract Tower,0,3,6,0,9,0,12,103,0,115,0,15,109,0,124,140,0,140,264
12/12/2005,EWB,MA,ANE,EN,Federal Contract Tower,0,6,8,2,16,0,16,119,0,135,0,22,127,2,151,144,4,148,299
12/13/2005,EWB,MA,ANE,EN,Federal Contract Tower,0,5,7,0,12,0,16,87,2,105,0,21,94,2,117,208,0,208,325
12/14/2005,EWB,MA,ANE,EN,Federal Contract Tower,0,6,24,0,30,0,11,81,0,92,0,17,105,0,122,198,2,200,322
12/15/2005,EWB,MA,ANE,EN,Federal Contract Tower,0,2,57,0,59,0,14,114,0,128,0,16,171,0,187,228,0,228,415
12/16/2005,EWB,MA,ANE,EN,Federal Contract Tower,0,16,6,0,22,0,1,1,0,2,0,17,7,0,24,2,0,2,26
12/17/2005,EWB,MA,ANE,EN,Federal Contract Tower,0,0,19,0,19,0,10,108,0,118,0,10,127,0,137,162,0,162,299
12/18/2005,EWB,MA,ANE,EN,Federal Contract Tower,0,1,27,0,28,0,20,102,0,122,0,21,129,0,150,166,0,166,316
12/19/2005,EWB,MA,ANE,EN,Federal Contract Tower,0,7,14,4,25,0,14,71,3,88,0,21,85,7,113,192,4,196,309
12/20/2005,EWB,MA,ANE,EN,Federal Contract Tower,0,0,22,2,24,0,11,96,14,121,0,11,118,16,145,184,0,184,329
12/21/2005,EWB,MA,ANE,EN,Federal Contract Tower,0,0,22,0,22,0,20,82,0,102,0,20,104,0,124,124,0,124,248
12/22/2005,EWB,MA,ANE,EN,Federal Contract Tower,0,0,19,0,19,0,17,100,0,117,0,17,119,0,136,136,0,136,272
12/23/2005,EWB,MA,ANE,EN,Federal Contract Tower,0,3,20,0,23,0,19,97,0,116,0,22,117,0,139,116,0,116,255
12/24/2005,EWB,MA,ANE,EN,Federal Contract Tower,0,0,8,0,8,0,9,59,0,68,0,9,67,0,76,58,0,58,134
12/25/2005,EWB,MA,ANE,EN,Federal Contract Tower,0,0,0,0,0,0,4,3,0,7,0,4,3,0,7,4,0,4,11
12/26/2005,EWB,MA,ANE,EN,Federal Contract Tower,0,12,4,0,16,0,0,0,0,0,0,12,4,0,16,0,0,0,16
12/27/2005,EWB,MA,ANE,EN,Federal Contract Tower,0,1,7,0,8,0,12,51,0,63,0,13,58,0,71,86,0,86,157
12/28/2005,EWB,MA,ANE,EN,Federal Contract Tower,0,1,19,0,20,0,11,115,0,126,0,12,134,0,146,98,0,98,244
12/29/2005,EWB,MA,ANE,EN,Federal Contract Tower,0,14,5,0,19,0,0,1,0,1,0,14,6,0,20,0,0,0,20
12/30/2005,EWB,MA,ANE,EN,Federal Contract Tower,0,4,14,0,18,0,12,41,0,53,0,16,55,0,71,84,0,84,155
12/31/2005,EWB,MA,ANE,EN,Federal Contract Tower,0,4,11,0,15,0,7,43,0,50,0,11,54,0,65,50,2,52,117
01/01/2006,EWB,MA,ANE,EN,Federal Contract Tower,0,6,4,0,10,0,0,0,0,0,0,6,4,0,10,0,0,0,10
01/02/2006,EWB,MA,ANE,EN,Federal Contract Tower,0,4,18,0,22,0,12,78,0,90,0,16,96,0,112,122,0,122,234
01/03/2006,EWB,MA,ANE,EN,Federal Contract Tower,0,10,2,0,12,0,0,0,0,0,0,10,2,0,12,0,0,0,12
01/04/2006,EWB,MA,ANE,EN,Federal Contract Tower,0,4,7,0,11,0,8,49,2,59,0,12,56,2,70,122,2,124,194
01/05/2006,EWB,MA,ANE,EN,Federal Contract Tower,0,12,3,0,15,0,0,0,0,0,0,12,3,0,15,0,0,0,15
01/06/2006,EWB,MA,ANE,EN,Federal Contract Tower,0,10,20,0,30,0,9,58,0,67,0,19,78,0,97,110,0,110,207
01/07/2006,EWB,MA,ANE,EN,Federal Contract Tower,0,0,54,0,54,0,8,129,0,137,0,8,183,0,191,202,0,202,393
01/08/2006,EWB,MA,ANE,EN,Federal Contract Tower,0,6,13,0,19,0,4,35,0,39,0,10,48,0,58,36,0,36,94
01/09/2006,EWB,MA,ANE,EN,Federal Contract Tower,0,4,15,0,19,0,11,98,0,109,0,15,113,0,128,174,0,174,302
01/10/2006,EWB,MA,ANE,EN,Federal Contract Tower,0,2,14,0,16,0,11,149,0,160,0,13,163,0,176,220,0,220,396
01/11/2006,EWB,MA,ANE,EN,Federal Contract Tower,0,6,22,0,28,0,5,8,0,13,0,11,30,0,41,22,0,22,63
01/12/2006,EWB,MA,ANE,EN,Federal Contract Tower,0,3,9,0,12,0,14,137,0,151,0,17,146,0,163,202,0,202,365
01/13/2006,EWB,MA,ANE,EN,Federal Contract Tower,0,20,26,0,46,0,1,0,0,1,0,21,26,0,47,10,0,10,57
01/14/2006,EWB,MA,ANE,EN,Federal Contract Tower,0,8,2,0,10,0,0,0,0,0,0,8,2,0,10,0,0,0,10
01/15/2006,EWB,MA,ANE,EN,Federal Contract Tower,0,2,2,0,4,0,4,0,0,4,0,6,2,0,8,0,0,0,8
01/16/2006,EWB,MA,ANE,EN,Federal Contract Tower,0,3,18,0,21,0,12,65,0,77,0,15,83,0,98,58,0,58,156
01/17/2006,EWB,MA,ANE,EN,Federal Contract Tower,0,3,27,0,30,0,9,106,0,115,0,12,133,0,145,144,0,144,289
01/18/2006,EWB,MA,ANE,EN,Federal Contract Tower,0,7,1,0,8,0,2,0,0,2,0,9,1,0,10,0,0,0,10
01/19/2006,EWB,MA,ANE,EN,Federal Contract Tower,0,0,22,0,22,0,17,120,0,137,0,17,142,0,159,198,0,198,357
01/20/2006,EWB,MA,ANE,EN,Federal Contract Tower,0,0,21,0,21,0,20,130,0,150,0,20,151,0,171,196,0,196,367
01/21/2006,EWB,MA,ANE,EN,Federal Contract Tower,0,0,8,0,8,0,7,37,0,44,0,7,45,0,52,26,0,26,78
01/22/2006,EWB,MA,ANE,EN,Federal Contract Tower,0,0,24,0,24,0,14,172,3,189,0,14,196,3,213,148,0,148,361
01/23/2006,EWB,MA,ANE,EN,Federal Contract Tower,0,10,3,0,13,0,0,0,0,0,0,10,3,0,13,0,0,0,13
01/24/2006,EWB,MA,ANE,EN,Federal Contract Tower,0,0,14,0,14,0,7,99,28,134,0,7,113,28,148,226,2,228,376
01/25/2006,EWB,MA,ANE,EN,Federal Contract Tower,0,9,20,0,29,0,6,57,0,63,0,15,77,0,92,156,14,170,262
01/26/2006,EWB,MA,ANE,EN,Federal Contract Tower,0,8,13,0,21,0,9,68,2,79,0,17,81,2,100,98,2,100,200
01/27/2006,EWB,MA,ANE,EN,Federal Contract Tower,0,3,24,0,27,0,16,116,0,132,0,19,140,0,159,194,0,194,353
01/28/2006,EWB,MA,ANE,EN,Federal Contract Tower,0,3,41,0,44,0,10,117,5,132,0,13,158,5,176,148,0,148,324
01/29/2006,EWB,MA,ANE,EN,Federal Contract Tower,0,5,17,0,22,0,8,94,0,102,0,13,111,0,124,160,2,162,286
01/30/2006,EWB,MA,ANE,EN,Federal Contract Tower,0,14,17,0,31,0,0,0,0,0,0,14,17,0,31,2,0,2,33
01/31/2006,EWB,MA,ANE,EN,Federal Contract Tower,0,8,16,0,24,0,0,0,0,0,0,8,16,0,24,0,4,4,28
02/01/2006,EWB,MA,ANE,EN,Federal Contract Tower,0,1,31,0,32,0,8,85,0,93,0,9,116,0,125,154,0,154,279
02/02/2006,EWB,MA,ANE,EN,Federal Contract Tower,0,0,23,0,23,0,12,132,0,144,0,12,155,0,167,184,0,184,351
02/03/2006,EWB,MA,ANE,EN,Federal Contract Tower,0,16,3,0,19,0,0,28,0,28,0,16,31,0,47,0,0,0,47
02/04/2006,EWB,MA,ANE,EN,Federal Contract Tower,0,3,21,0,24,0,8,93,0,101,0,11,114,0,125,66,0,66,191
02/05/2006,EWB,MA,ANE,EN,Federal Contract Tower,0,3,15,0,18,0,9,37,0,46,0,12,52,0,64,36,0,36,100
02/06/2006,EWB,MA,ANE,EN,Federal Contract Tower,0,0,6,0,6,0,15,77,0,92,0,15,83,0,98,118,0,118,216
02/07/2006,EWB,MA,ANE,EN,Federal Contract Tower,0,6,20,2,28,0,26,66,0,92,0,32,86,2,120,120,0,120,240
02/08/2006,EWB,MA,ANE,EN,Federal Contract Tower,0,2,31,0,33,0,13,121,0,134,0,15,152,0,167,150,6,156,323
02/09/2006,EWB,MA,ANE,EN,Federal Contract Tower,0,0,34,0,34,0,19,107,0,126,0,19,141,0,160,176,0,176,336
02/10/2006,EWB,MA,ANE,EN,Federal Contract Tower,0,0,18,0,18,0,20,94,0,114,0,20,112,0,132,124,0,124,256
02/11/2006,EWB,MA,ANE,EN,Federal Contract Tower,0,0,60,0,60,0,11,101,0,112,0,11,161,0,172,122,0,122,294
02/12/2006,EWB,MA,ANE,EN,Federal Contract Tower,0,0,0,0,0,0,0,0,0,0,0,0,0,0,0,0,0,0,0
02/13/2006,EWB,MA,ANE,EN,Federal Contract Tower,0,2,3,0,5,0,9,40,2,51,0,11,43,2,56,54,6,60,116
02/14/2006,EWB,MA,ANE,EN,Federal Contract Tower,0,1,13,0,14,0,11,68,0,79,0,12,81,0,93,124,0,124,217
02/15/2006,EWB,MA,ANE,EN,Federal Contract Tower,0,2,21,0,23,0,10,67,0,77,0,12,88,0,100,162,0,162,262
02/16/2006,EWB,MA,ANE,EN,Federal Contract Tower,0,8,31,0,39,0,7,107,0,114,0,15,138,0,153,138,0,138,291
02/17/2006,EWB,MA,ANE,EN,Federal Contract Tower,0,2,5,0,7,0,13,3,0,16,0,15,8,0,23,0,0,0,23
02/18/2006,EWB,MA,ANE,EN,Federal Contract Tower,0,0,11,0,11,0,10,52,0,62,0,10,63,0,73,24,0,24,97
02/19/2006,EWB,MA,ANE,EN,Federal Contract Tower,0,0,14,0,14,0,11,55,0,66,0,11,69,0,80,36,0,36,116
02/20/2006,EWB,MA,ANE,EN,Federal Contract Tower,0,0,24,0,24,0,15,97,0,112,0,15,121,0,136,144,0,144,280
02/21/2006,EWB,MA,ANE,EN,Federal Contract Tower,0,10,12,0,22,0,11,79,0,90,0,21,91,0,112,150,0,150,262
02/22/2006,EWB,MA,ANE,EN,Federal Contract Tower,0,1,24,0,25,0,11,100,0,111,0,12,124,0,136,228,4,232,368
02/23/2006,EWB,MA,ANE,EN,Federal Contract Tower,0,6,22,0,28,0,9,24,9,42,0,15,46,9,70,92,0,92,162
02/24/2006,EWB,MA,ANE,EN,Federal Contract Tower,0,0,9,0,9,0,16,27,0,43,0,16,36,0,52,14,4,18,70
02/25/2006,EWB,MA,ANE,EN,Federal Contract Tower,0,5,13,0,18,0,3,45,0,48,0,8,58,0,66,48,0,48,114
02/26/2006,EWB,MA,ANE,EN,Federal Contract Tower,0,7,10,0,17,0,10,29,0,39,0,17,39,0,56,38,0,38,94
02/27/2006,EWB,MA,ANE,EN,Federal Contract Tower,0,1,7,1,9,0,9,44,1,54,0,10,51,2,63,72,2,74,137
02/28/2006,EWB,MA,ANE,EN,Federal Contract Tower,0,2,24,0,26,0,10,84,0,94,0,12,108,0,120,90,0,90,210
03/01/2006,EWB,MA,ANE,EN,Federal Contract Tower,0,0,7,0,7,0,11,100,0,111,0,11,107,0,118,162,4,166,284
03/02/2006,EWB,MA,ANE,EN,Federal Contract Tower,0,7,11,0,18,0,7,26,0,33,0,14,37,0,51,36,0,36,87
03/03/2006,EWB,MA,ANE,EN,Federal Contract Tower,0,0,12,0,12,0,13,19,0,32,0,13,31,0,44,12,8,20,64
03/04/2006,EWB,MA,ANE,EN,Federal Contract Tower,0,0,14,0,14,0,9,50,3,62,0,9,64,3,76,106,0,106,182
03/05/2006,EWB,MA,ANE,EN,Federal Contract Tower,0,0,27,0,27,0,12,42,3,57,0,12,69,3,84,82,0,82,166
03/06/2006,EWB,MA,ANE,EN,Federal Contract Tower,0,5,23,0,28,0,20,118,0,138,0,25,141,0,166,192,0,192,358
03/07/2006,EWB,MA,ANE,EN,Federal Contract Tower,0,4,16,0,20,0,10,108,0,118,0,14,124,0,138,202,6,208,346
03/08/2006,EWB,MA,ANE,EN,Federal Contract Tower,0,2,31,8,41,0,16,132,2,150,0,18,163,10,191,246,0,246,437
03/09/2006,EWB,MA,ANE,EN,Federal Contract Tower,0,0,31,0,31,0,12,39,1,52,0,12,70,1,83,76,0,76,159
03/10/2006,EWB,MA,ANE,EN,Federal Contract Tower,0,19,19,0,38,0,5,1,0,6,0,24,20,0,44,6,0,6,50
03/11/2006,EWB,MA,ANE,EN,Federal Contract Tower,0,1,44,0,45,0,6,110,0,116,0,7,154,0,161,134,2,136,297
03/12/2006,EWB,MA,ANE,EN,Federal Contract Tower,0,6,21,0,27,0,5,38,0,43,0,11,59,0,70,30,0,30,100
03/13/2006,EWB,MA,ANE,EN,Federal Contract Tower,0,10,40,0,50,0,2,22,0,24,0,12,62,0,74,34,0,34,108
03/14/2006,EWB,MA,ANE,EN,Federal Contract Tower,0,8,20,0,28,0,4,22,0,26,0,12,42,0,54,54,4,58,112
03/15/2006,EWB,MA,ANE,EN,Federal Contract Tower,0,0,2,0,2,0,11,38,0,49,0,11,40,0,51,52,0,52,103
03/16/2006,EWB,MA,ANE,EN,Federal Contract Tower,0,0,30,0,30,0,14,74,0,88,0,14,104,0,118,166,0,166,284
03/17/2006,EWB,MA,ANE,EN,Federal Contract Tower,0,0,35,0,35,0,19,146,0,165,0,19,181,0,200,250,0,250,450
03/18/2006,EWB,MA,ANE,EN,Federal Contract Tower,0,2,39,0,41,0,9,72,0,81,0,11,111,0,122,112,0,112,234
03/19/2006,EWB,MA,ANE,EN,Federal Contract Tower,0,0,24,0,24,0,13,90,2,105,0,13,114,2,129,114,0,114,243
03/20/2006,EWB,MA,ANE,EN,Federal Contract Tower,0,0,10,0,10,0,15,73,0,88,0,15,83,0,98,130,0,130,228
03/21/2006,EWB,MA,ANE,EN,Federal Contract Tower,0,0,33,0,33,0,12,89,0,101,0,12,122,0,134,234,0,234,368
03/22/2006,EWB,MA,ANE,EN,Federal Contract Tower,0,0,25,2,27,0,9,110,0,119,0,9,135,2,146,148,0,148,294
03/23/2006,EWB,MA,ANE,EN,Federal Contract Tower,0,0,35,0,35,0,15,91,4,110,0,15,126,4,145,124,0,124,269
03/24/2006,EWB,MA,ANE,EN,Federal Contract Tower,0,0,25,0,25,0,20,110,4,134,0,20,135,4,159,160,2,162,321
03/25/2006,EWB,MA,ANE,EN,Federal Contract Tower,0,8,5,0,13,0,0,9,0,9,0,8,14,0,22,16,0,16,38
03/26/2006,EWB,MA,ANE,EN,Federal Contract Tower,0,2,11,0,13,0,10,34,0,44,0,12,45,0,57,28,0,28,85
03/27/2006,EWB,MA,ANE,EN,Federal Contract Tower,0,4,26,0,30,0,14,110,0,124,0,18,136,0,154,200,4,204,358
03/28/2006,EWB,MA,ANE,EN,Federal Contract Tower,0,1,41,0,42,0,10,107,0,117,0,11,148,0,159,270,2,272,431
03/29/2006,EWB,MA,ANE,EN,Federal Contract Tower,0,2,30,0,32,0,11,106,0,117,0,13,136,0,149,194,0,194,343
03/30/2006,EWB,MA,ANE,EN,Federal Contract Tower,0,1,34,0,35,0,12,144,0,156,0,13,178,0,191,278,0,278,469
03/31/2006,EWB,MA,ANE,EN,Federal Contract Tower,0,1,17,0,18,0,24,112,0,136,0,25,129,0,154,128,0,128,282
04/01/2006,EWB,MA,ANE,EN,Federal Contract Tower,0,7,9,0,16,0,5,41,0,46,0,12,50,0,62,68,0,68,130
04/02/2006,EWB,MA,ANE,EN,Federal Contract Tower,0,2,41,0,43,0,20,83,0,103,0,22,124,0,146,104,2,106,252
04/03/2006,EWB,MA,ANE,EN,Federal Contract Tower,0,5,19,0,24,0,12,93,0,105,0,17,112,0,129,158,0,158,287
04/04/2006,EWB,MA,ANE,EN,Federal Contract Tower,0,6,27,0,33,0,5,16,2,23,0,11,43,2,56,18,2,20,76
04/05/2006,EWB,MA,ANE,EN,Federal Contract Tower,0,6,7,2,15,0,6,14,0,20,0,12,21,2,35,38,2,40,75
04/06/2006,EWB,MA,ANE,EN,Federal Contract Tower,0,3,32,7,42,0,17,89,2,108,0,20,121,9,150,176,2,178,328
04/07/2006,EWB,MA,ANE,EN,Federal Contract Tower,0,6,23,0,29,0,15,41,0,56,0,21,64,0,85,60,2,62,147
04/08/2006,EWB,MA,ANE,EN,Federal Contract Tower,0,5,14,0,19,0,1,5,0,6,0,6,19,0,25,6,0,6,31
04/09/2006,EWB,MA,ANE,EN,Federal Contract Tower,0,1,28,0,29,0,13,103,0,116,0,14,131,0,145,92,0,92,237
04/10/2006,EWB,MA,ANE,EN,Federal Contract Tower,0,6,31,0,37,0,11,107,0,118,0,17,138,0,155,166,0,166,321
04/11/2006,EWB,MA,ANE,EN,Federal Contract Tower,0,5,29,0,34,0,13,106,0,119,0,18,135,0,153,158,0,158,311
04/12/2006,EWB,MA,ANE,EN,Federal Contract Tower,0,13,23,0,36,0,15,95,0,110,0,28,118,0,146,158,2,160,306
04/13/2006,EWB,MA,ANE,EN,Federal Contract Tower,0,0,15,0,15,0,15,63,20,98,0,15,78,20,113,54,10,64,177
04/14/2006,EWB,MA,ANE,EN,Federal Contract Tower,0,4,28,4,36,0,18,137,0,155,0,22,165,4,191,152,0,152,343
04/15/2006,EWB,MA,ANE,EN,Federal Contract Tower,0,8,36,0,44,0,8,52,2,62,0,16,88,2,106,64,0,64,170
04/16/2006,EWB,MA,ANE,EN,Federal Contract Tower,0,2,7,0,9,0,17,47,0,64,0,19,54,0,73,28,0,28,101
04/17/2006,EWB,MA,ANE,EN,Federal Contract Tower,0,4,26,0,30,0,35,114,0,149,0,39,140,0,179,160,4,164,343
04/18/2006,EWB,MA,ANE,EN,Federal Contract Tower,0,1,21,2,24,0,9,73,0,82,0,10,94,2,106,106,0,106,212
04/19/2006,EWB,MA,ANE,EN,Federal Contract Tower,0,9,16,0,25,0,15,91,0,106,0,24,107,0,131,136,4,140,271
04/20/2006,EWB,MA,ANE,EN,Federal Contract Tower,0,0,57,6,63,0,14,80,0,94,0,14,137,6,157,182,14,196,353
04/21/2006,EWB,MA,ANE,EN,Federal Contract Tower,0,0,22,0,22,0,22,126,0,148,0,22,148,0,170,206,2,208,378
04/22/2006,EWB,MA,ANE,EN,Federal Contract Tower,0,1,34,0,35,0,12,86,0,98,0,13,120,0,133,144,0,144,277
04/23/2006,EWB,MA,ANE,EN,Federal Contract Tower,0,3,10,0,13,0,15,11,0,26,0,18,21,0,39,10,0,10,49
04/24/2006,EWB,MA,ANE,EN,Federal Contract Tower,0,13,30,0,43,0,0,0,0,0,0,13,30,0,43,20,0,20,63
04/25/2006,EWB,MA,ANE,EN,Federal Contract Tower,0,6,28,2,36,0,12,93,0,105,0,18,121,2,141,170,8,178,319
04/26/2006,EWB,MA,ANE,EN,Federal Contract Tower,0,0,35,0,35,0,15,126,0,141,0,15,161,0,176,168,8,176,352
04/27/2006,EWB,MA,ANE,EN,Federal Contract Tower,0,1,54,0,55,0,22,156,0,178,0,23,210,0,233,168,4,172,405
04/28/2006,EWB,MA,ANE,EN,Federal Contract Tower,0,2,63,0,65,0,30,98,0,128,0,32,161,0,193,196,0,196,389
04/29/2006,EWB,MA,ANE,EN,Federal Contract Tower,0,0,19,0,19,0,9,115,2,126,0,9,134,2,145,62,0,62,207
04/30/2006,EWB,MA,ANE,EN,Federal Contract Tower,0,1,21,0,22,0,33,119,0,152,0,34,140,0,174,66,0,66,240
05/01/2006,EWB,MA,ANE,EN,Federal Contract Tower,0,2,4,0,6,0,14,42,0,56,0,16,46,0,62,50,0,50,112
05/02/2006,EWB,MA,ANE,EN,Federal Contract Tower,0,21,27,0,48,0,0,0,0,0,0,21,27,0,48,4,0,4,52
05/03/2006,EWB,MA,ANE,EN,Federal Contract Tower,0,17,33,0,50,0,0,0,0,0,0,17,33,0,50,9,0,9,59
05/04/2006,EWB,MA,ANE,EN,Federal Contract Tower,0,4,24,0,28,0,15,112,0,127,0,19,136,0,155,160,0,160,315
05/05/2006,EWB,MA,ANE,EN,Federal Contract Tower,0,3,18,0,21,0,23,134,0,157,0,26,152,0,178,104,66,170,348
05/06/2006,EWB,MA,ANE,EN,Federal Contract Tower,0,1,34,0,35,0,11,202,0,213,0,12,236,0,248,116,0,116,364
05/07/2006,EWB,MA,ANE,EN,Federal Contract Tower,0,1,44,0,45,0,22,139,2,163,0,23,183,2,208,148,0,148,356
05/08/2006,EWB,MA,ANE,EN,Federal Contract Tower,0,3,17,0,20,0,11,88,0,99,0,14,105,0,119,70,0,70,189
05/09/2006,EWB,MA,ANE,EN,Federal Contract Tower,0,8,15,0,23,0,5,4,0,9,0,13,19,0,32,14,2,16,48
05/10/2006,EWB,MA,ANE,EN,Federal Contract Tower,0,15,29,0,44,0,0,0,0,0,0,15,29,0,44,8,0,8,52
05/11/2006,EWB,MA,ANE,EN,Federal Contract Tower,0,17,45,1,63,0,8,9,0,17,0,25,54,1,80,8,2,10,90
05/12/2006,EWB,MA,ANE,EN,Federal Contract Tower,0,17,38,0,55,0,13,0,0,13,0,30,38,0,68,28,0,28,96
05/13/2006,EWB,MA,ANE,EN,Federal Contract Tower,0,10,13,0,23,0,0,0,0,0,0,10,13,0,23,0,0,0,23
05/14/2006,EWB,MA,ANE,EN,Federal Contract Tower,0,24,7,0,31,0,0,0,0,0,0,24,7,0,31,0,0,0,31
05/15/2006,EWB,MA,ANE,EN,Federal Contract Tower,0,19,14,0,33,0,0,0,0,0,0,19,14,0,33,0,0,0,33
05/16/2006,EWB,MA,ANE,EN,Federal Contract Tower,0,11,14,0,25,0,6,3,0,9,0,17,17,0,34,14,0,14,48
05/17/2006,EWB,MA,ANE,EN,Federal Contract Tower,0,3,26,4,33,0,24,129,0,153,0,27,155,4,186,191,4,195,381
05/18/2006,EWB,MA,ANE,EN,Federal Contract Tower,0,3,38,0,41,0,28,95,7,130,0,31,133,7,171,186,0,186,357
05/19/2006,EWB,MA,ANE,EN,Federal Contract Tower,0,13,22,0,35,0,25,32,0,57,0,38,54,0,92,62,0,62,154
05/20/2006,EWB,MA,ANE,EN,Federal Contract Tower,0,1,26,3,30,0,11,89,3,103,0,12,115,6,133,144,4,148,281
05/21/2006,EWB,MA,ANE,EN,Federal Contract Tower,0,3,13,0,16,0,30,86,0,116,0,33,99,0,132,66,0,66,198
05/22/2006,EWB,MA,ANE,EN,Federal Contract Tower,0,0,6,0,6,0,22,87,0,109,0,22,93,0,115,112,0,112,227
05/23/2006,EWB,MA,ANE,EN,Federal Contract Tower,0,4,38,2,44,0,19,104,5,128,0,23,142,7,172,252,8,260,432
05/24/2006,EWB,MA,ANE,EN,Federal Contract Tower,0,4,35,0,39,0,26,98,0,124,0,30,133,0,163,264,0,264,427
05/25/2006,EWB,MA,ANE,EN,Federal Contract Tower,0,0,51,0,51,0,37,99,0,136,0,37,150,0,187,156,0,156,343
05/26/2006,EWB,MA,ANE,EN,Federal Contract Tower,0,34,55,0,89,0,8,1,0,9,0,42,56,0,98,0,0,0,98
05/27/2006,EWB,MA,ANE,EN,Federal Contract Tower,0,11,33,0,44,0,19,31,0,50,0,30,64,0,94,32,0,32,126
05/28/2006,EWB,MA,ANE,EN,Federal Contract Tower,0,1,25,0,26,0,18,126,0,144,0,19,151,0,170,192,0,192,362
05/29/2006,EWB,MA,ANE,EN,Federal Contract Tower,0,2,30,0,32,0,53,135,1,189,0,55,165,1,221,132,2,134,355
05/30/2006,EWB,MA,ANE,EN,Federal Contract Tower,0,5,15,0,20,0,25,97,0,122,0,30,112,0,142,162,0,162,304
05/31/2006,EWB,MA,ANE,EN,Federal Contract Tower,0,13,31,0,44,0,15,57,0,72,0,28,88,0,116,116,6,122,238
06/01/2006,EWB,MA,ANE,EN,Federal Contract Tower,0,13,34,0,47,0,6,76,0,82,0,19,110,0,129,148,0,148,277
06/02/2006,EWB,MA,ANE,EN,Federal Contract Tower,0,34,16,0,50,0,8,6,0,14,0,42,22,0,64,16,0,16,80
06/03/2006,EWB,MA,ANE,EN,Federal Contract Tower,0,17,8,0,25,0,0,0,0,0,0,17,8,0,25,6,0,6,31
06/04/2006,EWB,MA,ANE,EN,Federal Contract Tower,0,21,51,0,72,0,0,0,0,0,0,21,51,0,72,20,0,20,92
06/05/2006,EWB,MA,ANE,EN,Federal Contract Tower,0,2,23,0,25,0,25,159,0,184,0,27,182,0,209,154,0,154,363
06/06/2006,EWB,MA,ANE,EN,Federal Contract Tower,0,6,47,0,53,0,12,61,0,73,0,18,108,0,126,170,0,170,296
06/07/2006,EWB,MA,ANE,EN,Federal Contract Tower,0,23,11,0,34,0,0,0,0,0,0,23,11,0,34,2,0,2,36
06/08/2006,EWB,MA,ANE,EN,Federal Contract Tower,0,26,30,4,60,0,6,22,0,28,0,32,52,4,88,14,0,14,102
06/09/2006,EWB,MA,ANE,EN,Federal Contract Tower,0,46,12,0,58,0,0,0,0,0,0,46,12,0,58,0,0,0,58
06/10/2006,EWB,MA,ANE,EN,Federal Contract Tower,0,18,30,0,48,0,9,10,0,19,0,27,40,0,67,26,0,26,93
06/11/2006,EWB,MA,ANE,EN,Federal Contract Tower,0,5,21,0,26,0,50,81,0,131,0,55,102,0,157,144,0,144,301
06/12/2006,EWB,MA,ANE,EN,Federal Contract Tower,0,0,20,0,20,0,30,121,0,151,0,30,141,0,171,146,8,154,325
06/13/2006,EWB,MA,ANE,EN,Federal Contract Tower,0,11,23,0,34,0,31,120,0,151,0,42,143,0,185,126,0,126,311
06/14/2006,EWB,MA,ANE,EN,Federal Contract Tower,0,4,19,0,23,0,26,88,0,114,0,30,107,0,137,102,4,106,243
06/15/2006,EWB,MA,ANE,EN,Federal Contract Tower,0,13,36,0,49,0,23,52,0,75,0,36,88,0,124,74,0,74,198
06/16/2006,EWB,MA,ANE,EN,Federal Contract Tower,0,0,18,0,18,0,49,134,0,183,0,49,152,0,201,226,0,226,427
06/17/2006,EWB,MA,ANE,EN,Federal Contract Tower,0,8,22,0,30,0,38,84,0,122,0,46,106,0,152,112,0,112,264
06/18/2006,EWB,MA,ANE,EN,Federal Contract Tower,0,2,13,0,15,0,38,93,0,131,0,40,106,0,146,70,4,74,220
06/19/2006,EWB,MA,ANE,EN,Federal Contract Tower,0,2,18,0,20,0,48,76,4,128,0,50,94,4,148,68,0,68,216
06/20/2006,EWB,MA,ANE,EN,Federal Contract Tower,0,20,26,0,46,0,9,60,0,69,0,29,86,0,115,146,0,146,261
06/21/2006,EWB,MA,ANE,EN,Federal Contract Tower,0,4,40,0,44,0,48,148,1,197,0,52,188,1,241,224,0,224,465
06/22/2006,EWB,MA,ANE,EN,Federal Contract Tower,0,23,0,0,23,47,90,0,0,137,47,113,0,0,160,160,0,160,320
06/23/2006,EWB,MA,ANE,EN,Federal Contract Tower,0,14,16,0,30,0,27,63,0,90,0,41,79,0,120,150,4,154,274
06/24/2006,EWB,MA,ANE,EN,Federal Contract Tower,0,25,19,0,44,0,0,0,0,0,0,25,19,0,44,0,0,0,44
06/25/2006,EWB,MA,ANE,EN,Federal Contract Tower,0,47,18,0,65,0,0,2,0,2,0,47,20,0,67,8,0,8,75
06/26/2006,EWB,MA,ANE,EN,Federal Contract Tower,0,22,28,0,50,0,14,64,0,78,0,36,92,0,128,68,0,68,196
06/27/2006,EWB,MA,ANE,EN,Federal Contract Tower,0,14,27,0,41,0,30,60,0,90,0,44,87,0,131,136,2,138,269
06/28/2006,EWB,MA,ANE,EN,Federal Contract Tower,0,10,12,0,22,0,20,9,2,31,0,30,21,2,53,12,26,38,91
06/29/2006,EWB,MA,ANE,EN,Federal Contract Tower,0,28,33,2,63,0,0,0,0,0,0,28,33,2,63,24,0,24,87
06/30/2006,EWB,MA,ANE,EN,Federal Contract Tower,0,23,33,0,56,0,57,86,0,143,0,80,119,0,199,184,0,184,383
07/01/2006,EWB,MA,ANE,EN,Federal Contract Tower,0,3,15,0,18,0,47,132,0,179,0,50,147,0,197,166,0,166,363
07/02/2006,EWB,MA,ANE,EN,Federal Contract Tower,0,6,15,0,21,0,37,57,0,94,0,43,72,0,115,50,0,50,165
07/03/2006,EWB,MA,ANE,EN,Federal Contract Tower,0,2,25,0,27,0,35,131,0,166,0,37,156,0,193,210,0,210,403
07/04/2006,EWB,MA,ANE,EN,Federal Contract Tower,0,30,11,0,41,0,8,28,0,36,0,38,39,0,77,48,0,48,125
07/05/2006,EWB,MA,ANE,EN,Federal Contract Tower,0,32,16,0,48,0,32,14,0,46,0,64,30,0,94,28,0,28,122
07/06/2006,EWB,MA,ANE,EN,Federal Contract Tower,0,11,25,0,36,0,48,62,0,110,0,59,87,0,146,96,0,96,242
07/07/2006,EWB,MA,ANE,EN,Federal Contract Tower,0,1,43,0,44,0,49,107,0,156,0,50,150,0,200,174,6,180,380
07/08/2006,EWB,MA,ANE,EN,Federal Contract Tower,0,13,25,0,38,0,35,132,0,167,0,48,157,0,205,94,0,94,299
07/09/2006,EWB,MA,ANE,EN,Federal Contract Tower,0,3,21,0,24,0,61,89,0,150,0,64,110,0,174,52,0,52,226
07/10/2006,EWB,MA,ANE,EN,Federal Contract Tower,0,15,25,0,40,0,44,112,0,156,0,59,137,0,196,110,0,110,306
07/11/2006,EWB,MA,ANE,EN,Federal Contract Tower,0,21,29,0,50,0,1,3,0,4,0,22,32,0,54,8,0,8,62
07/12/2006,EWB,MA,ANE,EN,Federal Contract Tower,0,35,26,0,61,0,2,20,0,22,0,37,46,0,83,4,0,4,87
07/13/2006,EWB,MA,ANE,EN,Federal Contract Tower,0,31,34,0,65,0,8,6,0,14,0,39,40,0,79,10,0,10,89
07/14/2006,EWB,MA,ANE,EN,Federal Contract Tower,0,10,32,0,42,0,62,158,0,220,0,72,190,0,262,142,0,142,404
07/15/2006,EWB,MA,ANE,EN,Federal Contract Tower,0,10,30,0,40,0,28,88,0,116,0,38,118,0,156,110,2,112,268
07/16/2006,EWB,MA,ANE,EN,Federal Contract Tower,0,4,20,0,24,0,52,85,0,137,0,56,105,0,161,138,0,138,299
07/17/2006,EWB,MA,ANE,EN,Federal Contract Tower,0,12,41,0,53,0,34,63,0,97,0,46,104,0,150,154,0,154,304
07/18/2006,EWB,MA,ANE,EN,Federal Contract Tower,0,15,22,0,37,0,19,71,0,90,0,34,93,0,127,142,0,142,269
07/19/2006,EWB,MA,ANE,EN,Federal Contract Tower,0,2,21,0,23,0,39,106,0,145,0,41,127,0,168,236,4,240,408
07/20/2006,EWB,MA,ANE,EN,Federal Contract Tower,0,32,26,3,61,0,12,12,5,29,0,44,38,8,90,12,12,24,114
07/21/2006,EWB,MA,ANE,EN,Federal Contract Tower,0,33,29,0,62,0,11,20,0,31,0,44,49,0,93,94,4,98,191
07/22/2006,EWB,MA,ANE,EN,Federal Contract Tower,0,28,15,0,43,0,1,0,0,1,0,29,15,0,44,2,0,2,46
07/23/2006,EWB,MA,ANE,EN,Federal Contract Tower,0,24,33,0,57,0,27,17,0,44,0,51,50,0,101,28,0,28,129
07/24/2006,EWB,MA,ANE,EN,Federal Contract Tower,0,5,37,0,42,0,38,95,0,133,0,43,132,0,175,196,0,196,371
07/25/2006,EWB,MA,ANE,EN,Federal Contract Tower,0,12,17,0,29,0,27,97,0,124,0,39,114,0,153,178,8,186,339
07/26/2006,EWB,MA,ANE,EN,Federal Contract Tower,0,11,15,0,26,0,32,142,0,174,0,43,157,0,200,112,2,114,314
07/27/2006,EWB,MA,ANE,EN,Federal Contract Tower,0,13,24,0,37,0,35,57,0,92,0,48,81,0,129,104,0,104,233
07/28/2006,EWB,MA,ANE,EN,Federal Contract Tower,0,30,29,0,59,0,17,47,0,64,0,47,76,0,123,124,8,132,255
07/29/2006,EWB,MA,ANE,EN,Federal Contract Tower,0,3,13,0,16,0,39,121,0,160,0,42,134,0,176,102,0,102,278
07/30/2006,EWB,MA,ANE,EN,Federal Contract Tower,0,4,24,0,28,0,49,80,0,129,0,53,104,0,157,82,0,82,239
07/31/2006,EWB,MA,ANE,EN,Federal Contract Tower,0,17,25,0,42,0,20,78,0,98,0,37,103,0,140,50,0,50,190
08/01/2006,EWB,MA,ANE,EN,Federal Contract Tower,0,5,23,0,28,0,30,52,2,84,0,35,75,2,112,132,10,142,254
08/02/2006,EWB,MA,ANE,EN,Federal Contract Tower,0,7,9,0,16,0,33,94,0,127,0,40,103,0,143,124,4,128,271
08/03/2006,EWB,MA,ANE,EN,Federal Contract Tower,0,6,10,0,16,0,35,79,0,114,0,41,89,0,130,62,0,62,192
08/04/2006,EWB,MA,ANE,EN,Federal Contract Tower,0,43,37,0,80,0,16,30,0,46,0,59,67,0,126,48,0,48,174
08/05/2006,EWB,MA,ANE,EN,Federal Contract Tower,0,1,15,0,16,0,40,114,0,154,0,41,129,0,170,136,4,140,310
08/06/2006,EWB,MA,ANE,EN,Federal Contract Tower,0,1,25,0,26,0,55,133,0,188,0,56,158,0,214,60,2,62,276
08/07/2006,EWB,MA,ANE,EN,Federal Contract Tower,0,10,12,0,22,0,40,44,0,84,0,50,56,0,106,64,0,64,170
08/08/2006,EWB,MA,ANE,EN,Federal Contract Tower,0,5,27,2,34,0,31,1162,6,1199,0,36,1189,8,1233,230,10,240,1473
08/09/2006,EWB,MA,ANE,EN,Federal Contract Tower,0,3,39,2,44,0,28,100,4,132,0,31,139,6,176,224,8,232,408
08/10/2006,EWB,MA,ANE,EN,Federal Contract Tower,0,2,6,0,8,0,46,100,0,146,0,48,106,0,154,138,4,142,296
08/11/2006,EWB,MA,ANE,EN,Federal Contract Tower,0,5,29,4,38,0,56,89,0,145,0,61,118,4,183,118,2,120,303
08/12/2006,EWB,MA,ANE,EN,Federal Contract Tower,0,2,19,0,21,0,32,86,0,118,0,34,105,0,139,90,0,90,229
08/13/2006,EWB,MA,ANE,EN,Federal Contract Tower,0,2,36,0,38,0,51,108,0,159,0,53,144,0,197,132,2,134,331
08/14/2006,EWB,MA,ANE,EN,Federal Contract Tower,0,8,6,0,14,0,41,90,0,131,0,49,96,0,145,46,0,46,191
08/15/2006,EWB,MA,ANE,EN,Federal Contract Tower,0,22,20,0,42,0,16,20,0,36,0,38,40,0,78,68,0,68,146
08/16/2006,EWB,MA,ANE,EN,Federal Contract Tower,0,8,29,0,37,0,36,109,0,145,0,44,138,0,182,102,0,102,284
08/17/2006,EWB,MA,ANE,EN,Federal Contract Tower,0,7,31,1,39,0,44,117,1,162,0,51,148,2,201,140,2,142,343
08/18/2006,EWB,MA,ANE,EN,Federal Contract Tower,0,5,38,0,43,0,69,91,0,160,0,74,129,0,203,166,0,166,369
08/19/2006,EWB,MA,ANE,EN,Federal Contract Tower,0,3,35,0,38,0,33,77,0,110,0,36,112,0,148,38,0,38,186
08/20/2006,EWB,MA,ANE,EN,Federal Contract Tower,0,30,28,0,58,0,28,10,0,38,0,58,38,0,96,12,0,12,108
08/21/2006,EWB,MA,ANE,EN,Federal Contract Tower,0,10,22,0,32,0,28,79,0,107,0,38,101,0,139,106,0,106,245
08/22/2006,EWB,MA,ANE,EN,Federal Contract Tower,0,9,30,0,39,0,43,89,2,134,0,52,119,2,173,122,0,122,295
08/23/2006,EWB,MA,ANE,EN,Federal Contract Tower,0,2,36,0,38,0,44,85,0,129,0,46,121,0,167,108,4,112,279
08/24/2006,EWB,MA,ANE,EN,Federal Contract Tower,0,2,45,0,47,0,40,62,0,102,0,42,107,0,149,122,4,126,275
08/25/2006,EWB,MA,ANE,EN,Federal Contract Tower,0,40,39,0,79,0,11,22,0,33,0,51,61,0,112,46,2,48,160
08/26/2006,EWB,MA,ANE,EN,Federal Contract Tower,0,1,37,1,39,0,34,67,1,102,0,35,104,2,141,78,2,80,221
08/27/2006,EWB,MA,ANE,EN,Federal Contract Tower,0,10,20,0,30,0,44,48,0,92,0,54,68,0,122,26,0,26,148
08/28/2006,EWB,MA,ANE,EN,Federal Contract Tower,0,37,28,0,65,0,0,0,0,0,0,37,28,0,65,14,0,14,79
08/29/2006,EWB,MA,ANE,EN,Federal Contract Tower,0,28,35,0,63,0,0,0,0,0,0,28,35,0,63,6,0,6,69
08/30/2006,EWB,MA,ANE,EN,Federal Contract Tower,0,12,28,2,42,0,36,68,0,104,0,48,96,2,146,113,0,113,259
08/31/2006,EWB,MA,ANE,EN,Federal Contract Tower,0,2,27,0,29,0,36,104,0,140,0,38,131,0,169,126,2,128,297
09/01/2006,EWB,MA,ANE,EN,Federal Contract Tower,0,1,33,1,35,0,63,93,1,157,0,64,126,2,192,132,0,132,324
09/02/2006,EWB,MA,ANE,EN,Federal Contract Tower,0,4,3,0,7,0,28,16,0,44,0,32,19,0,51,18,0,18,69
09/03/2006,EWB,MA,ANE,EN,Federal Contract Tower,0,28,10,0,38,0,1,1,0,2,0,29,11,0,40,0,0,0,40
09/04/2006,EWB,MA,ANE,EN,Federal Contract Tower,0,2,25,0,27,0,58,93,0,151,0,60,118,0,178,66,0,66,244
09/05/2006,EWB,MA,ANE,EN,Federal Contract Tower,0,1,19,0,20,0,50,73,0,123,0,51,92,0,143,68,4,72,215
09/06/2006,EWB,MA,ANE,EN,Federal Contract Tower,0,5,28,2,35,0,28,41,0,69,0,33,69,2,104,102,4,106,210
09/07/2006,EWB,MA,ANE,EN,Federal Contract Tower,0,4,18,0,22,0,27,102,0,129,0,31,120,0,151,156,6,162,313
09/08/2006,EWB,MA,ANE,EN,Federal Contract Tower,0,16,41,2,59,0,31,88,0,119,0,47,129,2,178,192,0,192,370
09/09/2006,EWB,MA,ANE,EN,Federal Contract Tower,0,2,29,2,33,0,21,99,0,120,0,23,128,2,153,90,2,92,245
09/10/2006,EWB,MA,ANE,EN,Federal Contract Tower,0,7,20,0,27,0,46,107,0,153,0,53,127,0,180,100,0,100,280
09/11/2006,EWB,MA,ANE,EN,Federal Contract Tower,0,0,12,0,12,0,31,84,2,117,0,31,96,2,129,84,0,84,213
09/12/2006,EWB,MA,ANE,EN,Federal Contract Tower,0,2,25,0,27,0,21,87,0,108,0,23,112,0,135,146,0,146,281
09/13/2006,EWB,MA,ANE,EN,Federal Contract Tower,0,4,27,0,31,0,15,99,0,114,0,19,126,0,145,224,0,224,369
09/14/2006,EWB,MA,ANE,EN,Federal Contract Tower,0,0,14,0,14,0,21,57,5,83,0,21,71,5,97,82,0,82,179
09/15/2006,EWB,MA,ANE,EN,Federal Contract Tower,0,43,32,0,75,0,0,0,0,0,0,43,32,0,75,12,0,12,87
09/16/2006,EWB,MA,ANE,EN,Federal Contract Tower,0,0,10,0,10,0,21,124,2,147,0,21,134,2,157,178,0,178,335
09/17/2006,EWB,MA,ANE,EN,Federal Contract Tower,0,3,26,0,29,0,40,132,0,172,0,43,158,0,201,234,0,234,435
09/18/2006,EWB,MA,ANE,EN,Federal Contract Tower,0,16,50,0,66,0,18,102,0,120,0,34,152,0,186,234,0,234,420
09/19/2006,EWB,MA,ANE,EN,Federal Contract Tower,0,12,38,2,52,0,12,70,0,82,0,24,108,2,134,154,2,156,290
09/20/2006,EWB,MA,ANE,EN,Federal Contract Tower,0,20,1,0,21,0,0,128,0,128,0,20,129,0,149,258,4,262,411
09/21/2006,EWB,MA,ANE,EN,Federal Contract Tower,0,3,14,0,17,0,30,124,0,154,0,33,138,0,171,232,2,234,405
09/22/2006,EWB,MA,ANE,EN,Federal Contract Tower,0,0,8,0,8,0,39,170,0,209,0,39,178,0,217,176,2,178,395
09/23/2006,EWB,MA,ANE,EN,Federal Contract Tower,0,13,34,0,47,0,7,0,0,7,0,20,34,0,54,26,2,28,82
09/24/2006,EWB,MA,ANE,EN,Federal Contract Tower,0,23,25,0,48,0,11,4,0,15,0,34,29,0,63,4,0,4,67
09/25/2006,EWB,MA,ANE,EN,Federal Contract Tower,0,1,14,0,15,0,27,100,0,127,0,28,114,0,142,234,2,236,378
09/26/2006,EWB,MA,ANE,EN,Federal Contract Tower,0,3,36,0,39,0,29,96,0,125,0,32,132,0,164,186,0,186,350
09/27/2006,EWB,MA,ANE,EN,Federal Contract Tower,0,10,21,0,31,0,28,109,0,137,0,38,130,0,168,188,0,188,356
09/28/2006,EWB,MA,ANE,EN,Federal Contract Tower,0,13,19,0,32,0,15,119,0,134,0,28,138,0,166,140,6,146,312
09/29/2006,EWB,MA,ANE,EN,Federal Contract Tower,0,15,9,0,24,0,24,40,2,66,0,39,49,2,90,34,10,44,134
09/30/2006,EWB,MA,ANE,EN,Federal Contract Tower,0,2,16,0,18,0,12,141,1,154,0,14,157,1,172,254,0,254,426
10/01/2006,EWB,MA,ANE,EN,Federal Contract Tower,0,20,17,0,37,0,9,8,0,17,0,29,25,0,54,12,0,12,66
10/02/2006,EWB,MA,ANE,EN,Federal Contract Tower,0,0,14,0,14,0,23,108,0,131,0,23,122,0,145,236,2,238,383
10/03/2006,EWB,MA,ANE,EN,Federal Contract Tower,0,0,19,0,19,0,18,138,0,156,0,18,157,0,175,182,0,182,357
10/04/2006,EWB,MA,ANE,EN,Federal Contract Tower,0,9,25,0,34,0,22,60,0,82,0,31,85,0,116,160,0,160,276
10/05/2006,EWB,MA,ANE,EN,Federal Contract Tower,0,1,16,0,17,0,23,96,0,119,0,24,112,0,136,174,0,174,310
10/06/2006,EWB,MA,ANE,EN,Federal Contract Tower,0,0,8,0,8,0,45,126,0,171,0,45,134,0,179,270,0,270,449
10/07/2006,EWB,MA,ANE,EN,Federal Contract Tower,0,4,17,0,21,0,19,120,0,139,0,23,137,0,160,170,0,170,330
10/08/2006,EWB,MA,ANE,EN,Federal Contract Tower,0,0,17,0,17,0,29,139,0,168,0,29,156,0,185,216,0,216,401
10/09/2006,EWB,MA,ANE,EN,Federal Contract Tower,0,0,18,0,18,0,47,156,0,203,0,47,174,0,221,256,0,256,477
10/10/2006,EWB,MA,ANE,EN,Federal Contract Tower,0,0,27,0,27,0,13,115,0,128,0,13,142,0,155,234,0,234,389
10/11/2006,EWB,MA,ANE,EN,Federal Contract Tower,0,9,44,0,53,0,7,41,0,48,0,16,85,0,101,112,0,112,213
10/12/2006,EWB,MA,ANE,EN,Federal Contract Tower,0,19,43,0,62,0,0,14,0,14,0,19,57,0,76,30,0,30,106
10/13/2006,EWB,MA,ANE,EN,Federal Contract Tower,0,1,25,0,26,0,16,109,0,125,0,17,134,0,151,298,0,298,449
10/14/2006,EWB,MA,ANE,EN,Federal Contract Tower,0,2,20,0,22,0,17,197,0,214,0,19,217,0,236,236,4,240,476
10/15/2006,EWB,MA,ANE,EN,Federal Contract Tower,0,0,21,0,21,0,19,125,0,144,0,19,146,0,165,240,0,240,405
10/16/2006,EWB,MA,ANE,EN,Federal Contract Tower,0,1,32,0,33,0,20,137,0,157,0,21,169,0,190,304,0,304,494
10/17/2006,EWB,MA,ANE,EN,Federal Contract Tower,0,2,30,0,32,0,14,86,0,100,0,16,116,0,132,268,0,268,400
10/18/2006,EWB,MA,ANE,EN,Federal Contract Tower,0,8,28,0,36,0,7,46,0,53,0,15,74,0,89,106,0,106,195
10/19/2006,EWB,MA,ANE,EN,Federal Contract Tower,0,4,28,0,32,0,12,109,0,121,0,16,137,0,153,218,8,226,379
10/20/2006,EWB,MA,ANE,EN,Federal Contract Tower,0,19,22,0,41,0,0,0,0,0,0,19,22,0,41,6,0,6,47
10/21/2006,EWB,MA,ANE,EN,Federal Contract Tower,0,1,4,0,5,0,9,73,0,82,0,10,77,0,87,178,0,178,265
10/22/2006,EWB,MA,ANE,EN,Federal Contract Tower,0,2,16,1,19,0,15,150,1,166,0,17,166,2,185,248,0,248,433
10/23/2006,EWB,MA,ANE,EN,Federal Contract Tower,0,2,11,0,13,0,13,77,0,90,0,15,88,0,103,218,0,218,321
10/24/2006,EWB,MA,ANE,EN,Federal Contract Tower,0,2,26,0,28,0,16,76,0,92,0,18,102,0,120,154,0,154,274
10/25/2006,EWB,MA,ANE,EN,Federal Contract Tower,0,1,9,0,10,0,21,94,0,115,0,22,103,0,125,162,0,162,287
10/26/2006,EWB,MA,ANE,EN,Federal Contract Tower,0,2,19,0,21,0,11,61,0,72,0,13,80,0,93,154,0,154,247
10/27/2006,EWB,MA,ANE,EN,Federal Contract Tower,0,0,23,4,27,0,17,143,0,160,0,17,166,4,187,222,6,228,415
10/28/2006,EWB,MA,ANE,EN,Federal Contract Tower,0,4,0,0,4,0,0,0,0,0,0,4,0,0,4,0,0,0,4
10/29/2006,EWB,MA,ANE,EN,Federal Contract Tower,0,4,3,0,7,0,11,3,0,14,0,15,6,0,21,0,0,0,21
10/30/2006,EWB,MA,ANE,EN,Federal Contract Tower,0,5,17,0,22,0,16,55,0,71,0,21,72,0,93,74,2,76,169
10/31/2006,EWB,MA,ANE,EN,Federal Contract Tower,0,0,37,0,37,0,12,71,0,83,0,12,108,0,120,166,2,168,288
11/01/2006,EWB,MA,ANE,EN,Federal Contract Tower,0,9,19,0,28,0,13,124,0,137,0,22,143,0,165,194,0,194,359
11/02/2006,EWB,MA,ANE,EN,Federal Contract Tower,0,11,27,0,38,0,3,25,0,28,0,14,52,0,66,62,0,62,128
11/03/2006,EWB,MA,ANE,EN,Federal Contract Tower,0,0,19,2,21,0,17,121,0,138,0,17,140,2,159,198,10,208,367
11/04/2006,EWB,MA,ANE,EN,Federal Contract Tower,0,0,34,0,34,0,12,126,2,140,0,12,160,2,174,256,4,260,434
11/05/2006,EWB,MA,ANE,EN,Federal Contract Tower,0,2,13,0,15,0,16,106,0,122,0,18,119,0,137,238,0,238,375
11/06/2006,EWB,MA,ANE,EN,Federal Contract Tower,0,2,40,0,42,0,20,101,0,121,0,22,141,0,163,208,0,208,371
11/07/2006,EWB,MA,ANE,EN,Federal Contract Tower,0,0,33,0,33,0,13,57,0,70,0,13,90,0,103,204,0,204,307
11/08/2006,EWB,MA,ANE,EN,Federal Contract Tower,0,12,29,0,41,0,0,0,0,0,0,12,29,0,41,8,0,8,49
11/09/2006,EWB,MA,ANE,EN,Federal Contract Tower,0,11,53,0,64,0,6,18,0,24,0,17,71,0,88,98,2,100,188
11/10/2006,EWB,MA,ANE,EN,Federal Contract Tower,0,0,47,0,47,0,13,153,0,166,0,13,200,0,213,242,10,252,465
11/11/2006,EWB,MA,ANE,EN,Federal Contract Tower,0,0,9,0,9,0,9,105,0,114,0,9,114,0,123,166,6,172,295
11/12/2006,EWB,MA,ANE,EN,Federal Contract Tower,0,5,13,0,18,0,8,9,0,17,0,13,22,0,35,18,0,18,53
11/13/2006,EWB,MA,ANE,EN,Federal Contract Tower,0,8,21,0,29,0,4,0,0,4,0,12,21,0,33,0,0,0,33
11/14/2006,EWB,MA,ANE,EN,Federal Contract Tower,0,12,36,0,48,0,0,0,0,0,0,12,36,0,48,0,4,4,52
11/15/2006,EWB,MA,ANE,EN,Federal Contract Tower,0,5,35,0,40,0,10,34,0,44,0,15,69,0,84,134,2,136,220
11/16/2006,EWB,MA,ANE,EN,Federal Contract Tower,0,8,16,0,24,0,6,27,0,33,0,14,43,0,57,54,0,54,111
11/17/2006,EWB,MA,ANE,EN,Federal Contract Tower,0,4,24,0,28,0,15,22,0,37,0,19,46,0,65,93,0,93,158
11/18/2006,EWB,MA,ANE,EN,Federal Contract Tower,0,3,27,0,30,0,9,300,0,309,0,12,327,0,339,176,6,182,521
11/19/2006,EWB,MA,ANE,EN,Federal Contract Tower,0,2,44,0,46,0,10,87,0,97,0,12,131,0,143,236,2,238,381
11/20/2006,EWB,MA,ANE,EN,Federal Contract Tower,0,0,39,0,39,0,9,97,0,106,0,9,136,0,145,220,4,224,369
11/21/2006,EWB,MA,ANE,EN,Federal Contract Tower,0,6,28,0,34,0,22,118,0,140,0,28,146,0,174,164,0,164,338
11/22/2006,EWB,MA,ANE,EN,Federal Contract Tower,0,4,24,0,28,0,30,71,0,101,0,34,95,0,129,134,2,136,265
11/23/2006,EWB,MA,ANE,EN,Federal Contract Tower,0,8,5,0,13,0,0,0,0,0,0,8,5,0,13,0,0,0,13
11/24/2006,EWB,MA,ANE,EN,Federal Contract Tower,0,7,16,0,23,0,20,39,0,59,0,27,55,0,82,52,4,56,138
11/25/2006,EWB,MA,ANE,EN,Federal Contract Tower,0,0,22,0,22,0,21,108,0,129,0,21,130,0,151,108,2,110,261
11/26/2006,EWB,MA,ANE,EN,Federal Contract Tower,0,0,21,0,21,0,32,146,2,180,0,32,167,2,201,170,2,172,373
11/27/2006,EWB,MA,ANE,EN,Federal Contract Tower,0,5,35,0,40,0,9,118,0,127,0,14,153,0,167,238,0,238,405
11/28/2006,EWB,MA,ANE,EN,Federal Contract Tower,0,11,35,0,46,0,0,0,0,0,0,11,35,0,46,26,0,26,72
11/29/2006,EWB,MA,ANE,EN,Federal Contract Tower,0,7,20,0,27,0,4,16,0,20,0,11,36,0,47,82,0,82,129
11/30/2006,EWB,MA,ANE,EN,Federal Contract Tower,0,6,29,0,35,0,16,26,0,42,0,22,55,0,77,66,1,67,144
12/01/2006,EWB,MA,ANE,EN,Federal Contract Tower,0,27,9,0,36,0,0,0,0,0,0,27,9,0,36,0,0,0,36
12/02/2006,EWB,MA,ANE,EN,Federal Contract Tower,0,0,20,0,20,0,15,86,0,101,0,15,106,0,121,162,0,162,283
12/03/2006,EWB,MA,ANE,EN,Federal Contract Tower,0,0,23,0,23,0,28,130,0,158,0,28,153,0,181,248,0,248,429
12/04/2006,EWB,MA,ANE,EN,Federal Contract Tower,0,7,11,0,18,0,10,59,0,69,0,17,70,0,87,144,0,144,231
12/05/2006,EWB,MA,ANE,EN,Federal Contract Tower,0,5,21,0,26,0,14,103,0,117,0,19,124,0,143,352,2,354,497
12/06/2006,EWB,MA,ANE,EN,Federal Contract Tower,0,7,24,0,31,0,26,51,0,77,0,33,75,0,108,100,0,100,208
12/07/2006,EWB,MA,ANE,EN,Federal Contract Tower,0,2,18,0,20,0,15,99,0,114,0,17,117,0,134,196,0,196,330
12/08/2006,EWB,MA,ANE,EN,Federal Contract Tower,0,2,10,0,12,0,16,17,0,33,0,18,27,0,45,36,2,38,83
12/09/2006,EWB,MA,ANE,EN,Federal Contract Tower,0,8,35,0,43,0,9,119,0,128,0,17,154,0,171,182,2,184,355
12/10/2006,EWB,MA,ANE,EN,Federal Contract Tower,0,2,20,0,22,0,11,116,0,127,0,13,136,0,149,196,4,200,349
12/11/2006,EWB,MA,ANE,EN,Federal Contract Tower,0,1,25,0,26,0,11,69,8,88,0,12,94,8,114,212,2,214,328
12/12/2006,EWB,MA,ANE,EN,Federal Contract Tower,0,0,29,0,29,0,10,106,0,116,0,10,135,0,145,148,12,160,305
12/13/2006,EWB,MA,ANE,EN,Federal Contract Tower,0,6,39,0,45,0,4,9,0,13,0,10,48,0,58,44,6,50,108
12/14/2006,EWB,MA,ANE,EN,Federal Contract Tower,0,11,14,0,25,0,6,54,0,60,0,17,68,0,85,160,2,162,247
12/15/2006,EWB,MA,ANE,EN,Federal Contract Tower,0,10,37,0,47,0,0,6,0,6,0,10,43,0,53,12,0,12,65
12/16/2006,EWB,MA,ANE,EN,Federal Contract Tower,0,0,28,0,28,0,6,99,0,105,0,6,127,0,133,156,2,158,291
12/17/2006,EWB,MA,ANE,EN,Federal Contract Tower,0,0,13,0,13,0,11,92,0,103,0,11,105,0,116,110,0,110,226
12/18/2006,EWB,MA,ANE,EN,Federal Contract Tower,0,1,18,0,19,0,9,95,0,104,0,10,113,0,123,248,0,248,371
12/19/2006,EWB,MA,ANE,EN,Federal Contract Tower,0,0,25,0,25,0,10,77,0,87,0,10,102,0,112,166,2,168,280
12/20/2006,EWB,MA,ANE,EN,Federal Contract Tower,0,2,13,0,15,0,11,104,0,115,0,13,117,0,130,184,2,186,316
12/21/2006,EWB,MA,ANE,EN,Federal Contract Tower,0,2,22,2,26,0,16,68,3,87,0,18,90,5,113,148,2,150,263
12/22/2006,EWB,MA,ANE,EN,Federal Contract Tower,0,2,48,0,50,0,15,51,0,66,0,17,99,0,116,110,0,110,226
12/23/2006,EWB,MA,ANE,EN,Federal Contract Tower,0,4,12,0,16,0,0,2,0,2,0,4,14,0,18,10,0,10,28
12/24/2006,EWB,MA,ANE,EN,Federal Contract Tower,0,1,10,0,11,0,8,29,0,37,0,9,39,0,48,10,0,10,58
12/25/2006,EWB,MA,ANE,EN,Federal Contract Tower,0,0,0,0,0,0,6,4,0,10,0,6,4,0,10,8,0,8,18
12/26/2006,EWB,MA,ANE,EN,Federal Contract Tower,0,8,10,0,18,0,1,0,0,1,0,9,10,0,19,6,0,6,25
12/27/2006,EWB,MA,ANE,EN,Federal Contract Tower,0,2,15,0,17,0,14,37,0,51,0,16,52,0,68,60,0,60,128
12/28/2006,EWB,MA,ANE,EN,Federal Contract Tower,0,0,37,2,39,0,15,61,0,76,0,15,98,2,115,106,2,108,223
12/29/2006,EWB,MA,ANE,EN,Federal Contract Tower,0,0,40,0,40,0,12,58,0,70,0,12,98,0,110,102,0,102,212
12/30/2006,EWB,MA,ANE,EN,Federal Contract Tower,0,7,16,1,24,0,9,50,1,60,0,16,66,2,84,58,0,58,142
12/31/2006,EWB,MA,ANE,EN,Federal Contract Tower,0,0,7,4,11,0,14,65,0,79,0,14,72,4,90,54,4,58,148
01/01/2007,EWB,MA,ANE,EN,Federal Contract Tower,0,8,3,0,11,0,0,1,0,1,0,8,4,0,12,2,0,2,14
01/02/2007,EWB,MA,ANE,EN,Federal Contract Tower,0,3,6,0,9,0,17,31,0,48,0,20,37,0,57,58,4,62,119
01/03/2007,EWB,MA,ANE,EN,Federal Contract Tower,0,5,28,0,33,0,15,82,0,97,0,20,110,0,130,82,0,82,212
01/04/2007,EWB,MA,ANE,EN,Federal Contract Tower,0,2,16,0,18,0,13,100,0,113,0,15,116,0,131,114,4,118,249
01/05/2007,EWB,MA,ANE,EN,Federal Contract Tower,0,9,7,0,16,0,7,7,0,14,0,16,14,0,30,16,2,18,48
01/06/2007,EWB,MA,ANE,EN,Federal Contract Tower,0,3,9,0,12,0,0,4,0,4,0,3,13,0,16,4,0,4,20
01/07/2007,EWB,MA,ANE,EN,Federal Contract Tower,0,0,25,0,25,0,10,89,0,99,0,10,114,0,124,98,0,98,222
01/08/2007,EWB,MA,ANE,EN,Federal Contract Tower,0,8,10,0,18,0,1,2,0,3,0,9,12,0,21,8,0,8,29
01/09/2007,EWB,MA,ANE,EN,Federal Contract Tower,0,2,10,0,12,0,13,68,6,87,0,15,78,6,99,150,12,162,261
01/10/2007,EWB,MA,ANE,EN,Federal Contract Tower,0,0,16,0,16,0,11,75,8,94,0,11,91,8,110,130,6,136,246
01/11/2007,EWB,MA,ANE,EN,Federal Contract Tower,0,8,16,3,27,0,18,104,2,124,0,26,120,5,151,198,8,206,357
01/12/2007,EWB,MA,ANE,EN,Federal Contract Tower,0,0,13,0,13,0,15,48,0,63,0,15,61,0,76,50,0,50,126
01/13/2007,EWB,MA,ANE,EN,Federal Contract Tower,0,4,26,0,30,0,2,8,0,10,0,6,34,0,40,14,0,14,54
01/14/2007,EWB,MA,ANE,EN,Federal Contract Tower,0,6,9,0,15,0,0,0,0,0,0,6,9,0,15,2,0,2,17
01/15/2007,EWB,MA,ANE,EN,Federal Contract Tower,0,9,18,0,27,0,0,0,0,0,0,9,18,0,27,0,0,0,27
01/16/2007,EWB,MA,ANE,EN,Federal Contract Tower,0,3,10,2,15,0,10,36,0,46,0,13,46,2,61,40,0,40,101
01/17/2007,EWB,MA,ANE,EN,Federal Contract Tower,0,0,5,0,5,0,12,35,0,47,0,12,40,0,52,76,6,82,134
01/18/2007,EWB,MA,ANE,EN,Federal Contract Tower,0,0,19,0,19,0,14,26,0,40,0,14,45,0,59,72,2,74,133
01/19/2007,EWB,MA,ANE,EN,Federal Contract Tower,0,5,23,0,28,0,13,13,0,26,0,18,36,0,54,48,4,52,106
01/20/2007,EWB,MA,ANE,EN,Federal Contract Tower,0,2,7,0,9,0,10,14,0,24,0,12,21,0,33,0,18,18,51
01/21/2007,EWB,MA,ANE,EN,Federal Contract Tower,0,2,17,0,19,0,8,72,0,80,0,10,89,0,99,106,2,108,207
01/22/2007,EWB,MA,ANE,EN,Federal Contract Tower,0,0,17,0,17,0,8,41,0,49,0,8,58,0,66,116,0,116,182
01/23/2007,EWB,MA,ANE,EN,Federal Contract Tower,0,0,40,0,40,0,11,29,0,40,0,11,69,0,80,154,4,158,238
01/24/2007,EWB,MA,ANE,EN,Federal Contract Tower,0,2,37,0,39,0,14,75,1,90,0,16,112,1,129,166,2,168,297
01/25/2007,EWB,MA,ANE,EN,Federal Contract Tower,0,0,20,0,20,0,19,74,0,93,0,19,94,0,113,60,12,72,185
01/26/2007,EWB,MA,ANE,EN,Federal Contract Tower,0,0,18,0,18,0,13,30,0,43,0,13,48,0,61,18,2,20,81
01/27/2007,EWB,MA,ANE,EN,Federal Contract Tower,0,0,17,0,17,0,4,74,0,78,0,4,91,0,95,216,2,218,313
01/28/2007,EWB,MA,ANE,EN,Federal Contract Tower,0,0,15,0,15,0,8,76,0,84,0,8,91,0,99,150,0,150,249
01/29/2007,EWB,MA,ANE,EN,Federal Contract Tower,0,3,18,0,21,0,5,57,15,77,0,8,75,15,98,176,0,176,274
01/30/2007,EWB,MA,ANE,EN,Federal Contract Tower,0,3,16,0,19,0,13,48,0,61,0,16,64,0,80,82,2,84,164
01/31/2007,EWB,MA,ANE,EN,Federal Contract Tower,0,0,34,4,38,0,16,51,0,67,0,16,85,4,105,160,10,170,275
02/01/2007,EWB,MA,ANE,EN,Federal Contract Tower,0,4,19,0,23,0,9,56,0,65,0,13,75,0,88,86,10,96,184
02/02/2007,EWB,MA,ANE,EN,Federal Contract Tower,0,12,7,0,19,0,0,0,0,0,0,12,7,0,19,0,0,0,19
02/03/2007,EWB,MA,ANE,EN,Federal Contract Tower,0,2,12,0,14,0,9,44,0,53,0,11,56,0,67,48,8,56,123
02/04/2007,EWB,MA,ANE,EN,Federal Contract Tower,0,1,11,0,12,0,7,32,0,39,0,8,43,0,51,48,0,48,99
02/05/2007,EWB,MA,ANE,EN,Federal Contract Tower,0,4,7,1,12,0,7,17,0,24,0,11,24,1,36,10,0,10,46
02/06/2007,EWB,MA,ANE,EN,Federal Contract Tower,0,0,7,1,8,0,18,37,0,55,0,18,44,1,63,106,6,112,175
02/07/2007,EWB,MA,ANE,EN,Federal Contract Tower,0,0,10,0,10,0,9,61,2,72,0,9,71,2,82,134,8,142,224
02/08/2007,EWB,MA,ANE,EN,Federal Contract Tower,0,7,5,2,14,0,16,39,0,55,0,23,44,2,69,66,4,70,139
02/09/2007,EWB,MA,ANE,EN,Federal Contract Tower,0,4,6,0,10,0,12,34,0,46,0,16,40,0,56,38,4,42,98
02/10/2007,EWB,MA,ANE,EN,Federal Contract Tower,0,0,16,0,16,0,6,103,0,109,0,6,119,0,125,174,2,176,301
02/11/2007,EWB,MA,ANE,EN,Federal Contract Tower,0,1,26,0,27,0,10,108,0,118,0,11,134,0,145,132,0,132,277
02/12/2007,EWB,MA,ANE,EN,Federal Contract Tower,0,9,28,0,37,0,15,74,0,89,0,24,102,0,126,196,0,196,322
02/13/2007,EWB,MA,ANE,EN,Federal Contract Tower,0,8,16,0,24,0,11,44,0,55,0,19,60,0,79,108,4,112,191
02/14/2007,EWB,MA,ANE,EN,Federal Contract Tower,0,0,1,0,1,0,0,0,0,0,0,0,1,0,1,0,0,0,1
02/15/2007,EWB,MA,ANE,EN,Federal Contract Tower,0,0,7,0,7,0,6,15,2,23,0,6,22,2,30,20,0,20,50
02/16/2007,EWB,MA,ANE,EN,Federal Contract Tower,0,0,18,0,18,0,12,26,0,38,0,12,44,0,56,48,4,52,108
02/17/2007,EWB,MA,ANE,EN,Federal Contract Tower,0,0,14,0,14,0,6,108,0,114,0,6,122,0,128,166,0,166,294
02/18/2007,EWB,MA,ANE,EN,Federal Contract Tower,0,5,20,0,25,0,5,41,0,46,0,10,61,0,71,106,0,106,177
02/19/2007,EWB,MA,ANE,EN,Federal Contract Tower,0,0,8,0,8,0,10,24,0,34,0,10,32,0,42,42,0,42,84
02/20/2007,EWB,MA,ANE,EN,Federal Contract Tower,0,7,13,0,20,0,8,56,0,64,0,15,69,0,84,166,4,170,254
02/21/2007,EWB,MA,ANE,EN,Federal Contract Tower,0,2,29,0,31,0,8,89,0,97,0,10,118,0,128,200,2,202,330
02/22/2007,EWB,MA,ANE,EN,Federal Contract Tower,0,2,12,0,14,0,10,39,0,49,0,12,51,0,63,94,8,102,165
02/23/2007,EWB,MA,ANE,EN,Federal Contract Tower,0,9,6,0,15,0,8,39,2,49,0,17,45,2,64,68,0,68,132
02/24/2007,EWB,MA,ANE,EN,Federal Contract Tower,0,0,29,2,31,0,5,44,0,49,0,5,73,2,80,66,0,66,146
02/25/2007,EWB,MA,ANE,EN,Federal Contract Tower,0,1,13,0,14,0,10,141,0,151,0,11,154,0,165,290,0,290,455
02/26/2007,EWB,MA,ANE,EN,Federal Contract Tower,0,3,1,0,4,0,2,4,0,6,0,5,5,0,10,40,0,40,50
02/27/2007,EWB,MA,ANE,EN,Federal Contract Tower,0,3,17,0,20,0,12,39,0,51,0,15,56,0,71,138,6,144,215
02/28/2007,EWB,MA,ANE,EN,Federal Contract Tower,0,9,25,0,34,0,9,113,0,122,0,18,138,0,156,214,8,222,378
03/01/2007,EWB,MA,ANE,EN,Federal Contract Tower,0,0,13,1,14,0,10,84,3,97,0,10,97,4,111,204,6,210,321
03/02/2007,EWB,MA,ANE,EN,Federal Contract Tower,0,7,2,0,9,0,1,0,0,1,0,8,2,0,10,0,0,0,10
03/03/2007,EWB,MA,ANE,EN,Federal Contract Tower,0,2,29,0,31,0,4,97,0,101,0,6,126,0,132,138,4,142,274
03/04/2007,EWB,MA,ANE,EN,Federal Contract Tower,0,0,28,0,28,0,12,97,0,109,0,12,125,0,137,148,2,150,287
03/05/2007,EWB,MA,ANE,EN,Federal Contract Tower,0,0,4,0,4,0,8,41,0,49,0,8,45,0,53,86,0,86,139
03/06/2007,EWB,MA,ANE,EN,Federal Contract Tower,0,0,5,0,5,0,10,15,0,25,0,10,20,0,30,10,0,10,40
03/07/2007,EWB,MA,ANE,EN,Federal Contract Tower,0,1,19,0,20,0,11,95,0,106,0,12,114,0,126,204,4,208,334
03/08/2007,EWB,MA,ANE,EN,Federal Contract Tower,0,3,19,0,22,0,14,38,0,52,0,17,57,0,74,76,4,80,154
03/09/2007,EWB,MA,ANE,EN,Federal Contract Tower,0,1,19,0,20,0,11,101,0,112,0,12,120,0,132,214,4,218,350
03/10/2007,EWB,MA,ANE,EN,Federal Contract Tower,0,1,13,0,14,0,4,52,0,56,0,5,65,0,70,140,14,154,224
03/11/2007,EWB,MA,ANE,EN,Federal Contract Tower,0,3,38,0,41,0,7,76,0,83,0,10,114,0,124,82,0,82,206
03/12/2007,EWB,MA,ANE,EN,Federal Contract Tower,0,2,27,0,29,0,13,94,0,107,0,15,121,0,136,146,2,148,284
03/13/2007,EWB,MA,ANE,EN,Federal Contract Tower,0,0,16,0,16,0,8,69,9,86,0,8,85,9,102,188,0,188,290
03/14/2007,EWB,MA,ANE,EN,Federal Contract Tower,0,5,10,0,15,0,10,59,0,69,0,15,69,0,84,114,4,118,202
03/15/2007,EWB,MA,ANE,EN,Federal Contract Tower,0,16,17,0,33,0,1,7,0,8,0,17,24,0,41,14,2,16,57
03/16/2007,EWB,MA,ANE,EN,Federal Contract Tower,0,4,2,0,6,0,0,0,0,0,0,4,2,0,6,0,0,0,6
03/17/2007,EWB,MA,ANE,EN,Federal Contract Tower,0,4,2,0,6,0,0,0,0,0,0,4,2,0,6,0,0,0,6
03/18/2007,EWB,MA,ANE,EN,Federal Contract Tower,0,0,7,0,7,0,9,17,0,26,0,9,24,0,33,32,0,32,65
03/19/2007,EWB,MA,ANE,EN,Federal Contract Tower,0,0,7,0,7,0,12,63,8,83,0,12,70,8,90,174,0,174,264
03/20/2007,EWB,MA,ANE,EN,Federal Contract Tower,0,0,4,0,4,0,9,44,0,53,0,9,48,0,57,116,4,120,177
03/21/2007,EWB,MA,ANE,EN,Federal Contract Tower,0,0,35,0,35,0,12,95,0,107,0,12,130,0,142,230,0,230,372
03/22/2007,EWB,MA,ANE,EN,Federal Contract Tower,0,14,14,0,28,0,0,0,0,0,0,14,14,0,28,6,0,6,34
03/23/2007,EWB,MA,ANE,EN,Federal Contract Tower,0,6,12,4,22,0,11,59,0,70,0,17,71,4,92,168,0,168,260
03/24/2007,EWB,MA,ANE,EN,Federal Contract Tower,0,0,43,0,43,0,4,72,0,76,0,4,115,0,119,168,0,168,287
03/25/2007,EWB,MA,ANE,EN,Federal Contract Tower,0,3,41,0,44,0,8,30,0,38,0,11,71,0,82,88,0,88,170
03/26/2007,EWB,MA,ANE,EN,Federal Contract Tower,0,5,17,0,22,0,14,58,0,72,0,19,75,0,94,94,0,94,188
03/27/2007,EWB,MA,ANE,EN,Federal Contract Tower,0,2,23,0,25,0,5,45,0,50,0,7,68,0,75,196,12,208,283
03/28/2007,EWB,MA,ANE,EN,Federal Contract Tower,0,0,26,0,26,0,28,60,0,88,0,28,86,0,114,144,0,144,258
03/29/2007,EWB,MA,ANE,EN,Federal Contract Tower,0,0,22,2,24,0,31,44,0,75,0,31,66,2,99,130,8,138,237
03/30/2007,EWB,MA,ANE,EN,Federal Contract Tower,0,5,46,0,51,0,18,92,0,110,0,23,138,0,161,216,4,220,381
03/31/2007,EWB,MA,ANE,EN,Federal Contract Tower,0,3,16,0,19,0,5,141,0,146,0,8,157,0,165,198,4,202,367
04/01/2007,EWB,MA,ANE,EN,Federal Contract Tower,0,0,35,0,35,0,8,67,2,77,0,8,102,2,112,194,0,194,306
04/02/2007,EWB,MA,ANE,EN,Federal Contract Tower,0,15,43,0,58,0,0,0,0,0,0,15,43,0,58,0,0,0,58
04/03/2007,EWB,MA,ANE,EN,Federal Contract Tower,0,9,53,0,62,0,4,3,0,7,0,13,56,0,69,34,0,34,103
04/04/2007,EWB,MA,ANE,EN,Federal Contract Tower,0,11,10,0,21,0,9,1,0,10,0,20,11,0,31,8,0,8,39
04/05/2007,EWB,MA,ANE,EN,Federal Contract Tower,0,9,19,0,28,0,5,49,0,54,0,14,68,0,82,90,12,102,184
04/06/2007,EWB,MA,ANE,EN,Federal Contract Tower,0,2,15,0,17,0,16,72,0,88,0,18,87,0,105,242,0,242,347
04/07/2007,EWB,MA,ANE,EN,Federal Contract Tower,0,3,33,0,36,0,3,81,0,84,0,6,114,0,120,148,0,148,268
04/08/2007,EWB,MA,ANE,EN,Federal Contract Tower,0,1,15,0,16,0,7,15,0,22,0,8,30,0,38,16,0,16,54
04/09/2007,EWB,MA,ANE,EN,Federal Contract Tower,0,2,25,0,27,0,11,86,0,97,0,13,111,0,124,164,0,164,288
04/10/2007,EWB,MA,ANE,EN,Federal Contract Tower,0,3,23,4,30,0,14,76,0,90,0,17,99,4,120,152,4,156,276
04/11/2007,EWB,MA,ANE,EN,Federal Contract Tower,0,2,20,0,22,0,14,81,0,95,0,16,101,0,117,252,4,256,373
04/12/2007,EWB,MA,ANE,EN,Federal Contract Tower,0,4,10,0,14,0,4,1,0,5,0,8,11,0,19,10,0,10,29
04/13/2007,EWB,MA,ANE,EN,Federal Contract Tower,0,0,30,4,34,0,15,41,0,56,0,15,71,4,90,122,4,126,216
04/14/2007,EWB,MA,ANE,EN,Federal Contract Tower,0,0,14,0,14,0,4,103,0,107,0,4,117,0,121,176,4,180,301
04/15/2007,EWB,MA,ANE,EN,Federal Contract Tower,0,7,3,0,10,0,1,0,0,1,0,8,3,0,11,0,0,0,11
04/16/2007,EWB,MA,ANE,EN,Federal Contract Tower,0,2,8,0,10,0,8,0,0,8,0,10,8,0,18,0,0,0,18
04/17/2007,EWB,MA,ANE,EN,Federal Contract Tower,0,11,10,0,21,0,0,0,0,0,0,11,10,0,21,6,6,12,33
04/18/2007,EWB,MA,ANE,EN,Federal Contract Tower,0,16,8,0,24,0,0,1,0,1,0,16,9,0,25,0,0,0,25
04/19/2007,EWB,MA,ANE,EN,Federal Contract Tower,0,4,21,0,25,0,8,26,0,34,0,12,47,0,59,54,0,54,113
04/20/2007,EWB,MA,ANE,EN,Federal Contract Tower,0,0,34,0,34,0,15,86,0,101,0,15,120,0,135,146,2,148,283
04/21/2007,EWB,MA,ANE,EN,Federal Contract Tower,0,0,13,0,13,0,4,113,2,119,0,4,126,2,132,166,4,170,302
04/22/2007,EWB,MA,ANE,EN,Federal Contract Tower,0,0,19,0,19,0,9,109,0,118,0,9,128,0,137,158,0,158,295
04/23/2007,EWB,MA,ANE,EN,Federal Contract Tower,0,0,31,0,31,0,8,87,0,95,0,8,118,0,126,184,2,186,312
04/24/2007,EWB,MA,ANE,EN,Federal Contract Tower,0,5,17,3,25,0,9,76,18,103,0,14,93,21,128,288,2,290,418
04/25/2007,EWB,MA,ANE,EN,Federal Contract Tower,0,3,54,0,57,0,16,83,0,99,0,19,137,0,156,216,0,216,372
04/26/2007,EWB,MA,ANE,EN,Federal Contract Tower,0,6,12,0,18,0,14,69,0,83,0,20,81,0,101,148,0,148,249
04/27/2007,EWB,MA,ANE,EN,Federal Contract Tower,0,19,8,0,27,0,0,0,0,0,0,19,8,0,27,0,0,0,27
04/28/2007,EWB,MA,ANE,EN,Federal Contract Tower,0,11,13,1,25,0,1,16,0,17,0,12,29,1,42,76,4,80,122
04/29/2007,EWB,MA,ANE,EN,Federal Contract Tower,0,12,31,0,43,0,12,35,0,47,0,24,66,0,90,92,0,92,182
04/30/2007,EWB,MA,ANE,EN,Federal Contract Tower,0,5,6,0,11,0,22,77,0,99,0,27,83,0,110,144,0,144,254
05/01/2007,EWB,MA,ANE,EN,Federal Contract Tower,0,2,28,0,30,0,18,73,0,91,0,20,101,0,121,222,0,222,343
05/02/2007,EWB,MA,ANE,EN,Federal Contract Tower,0,3,27,0,30,0,14,46,0,60,0,17,73,0,90,182,2,184,274
05/03/2007,EWB,MA,ANE,EN,Federal Contract Tower,0,0,30,6,36,0,23,66,0,89,0,23,96,6,125,88,0,88,213
05/04/2007,EWB,MA,ANE,EN,Federal Contract Tower,0,6,25,0,31,0,23,67,0,90,0,29,92,0,121,138,0,138,259
05/05/2007,EWB,MA,ANE,EN,Federal Contract Tower,0,0,27,0,27,0,10,146,0,156,0,10,173,0,183,112,6,118,301
05/06/2007,EWB,MA,ANE,EN,Federal Contract Tower,0,5,8,0,13,0,16,82,0,98,0,21,90,0,111,68,2,70,181
05/07/2007,EWB,MA,ANE,EN,Federal Contract Tower,0,1,16,2,19,0,17,91,2,110,0,18,107,4,129,214,2,216,345
05/08/2007,EWB,MA,ANE,EN,Federal Contract Tower,0,1,7,0,8,0,13,91,0,104,0,14,98,0,112,204,0,204,316
05/09/2007,EWB,MA,ANE,EN,Federal Contract Tower,0,3,20,0,23,0,19,70,0,89,0,22,90,0,112,114,12,126,238
05/10/2007,EWB,MA,ANE,EN,Federal Contract Tower,0,10,11,0,21,0,3,63,0,66,0,13,74,0,87,120,2,122,209
05/11/2007,EWB,MA,ANE,EN,Federal Contract Tower,0,16,18,0,34,0,9,33,0,42,0,25,51,0,76,90,0,90,166
05/12/2007,EWB,MA,ANE,EN,Federal Contract Tower,0,3,31,0,34,0,8,70,0,78,0,11,101,0,112,152,0,152,264
05/13/2007,EWB,MA,ANE,EN,Federal Contract Tower,0,1,22,0,23,0,15,81,0,96,0,16,103,0,119,120,0,120,239
05/14/2007,EWB,MA,ANE,EN,Federal Contract Tower,0,1,35,0,36,0,18,77,4,99,0,19,112,4,135,118,0,118,253
05/15/2007,EWB,MA,ANE,EN,Federal Contract Tower,0,0,10,0,10,0,17,24,2,43,0,17,34,2,53,0,32,32,85
05/16/2007,EWB,MA,ANE,EN,Federal Contract Tower,0,3,19,1,23,0,13,43,0,56,0,16,62,1,79,86,0,86,165
05/17/2007,EWB,MA,ANE,EN,Federal Contract Tower,0,15,45,0,60,0,4,16,0,20,0,19,61,0,80,86,0,86,166
05/18/2007,EWB,MA,ANE,EN,Federal Contract Tower,0,32,19,0,51,0,0,0,0,0,0,32,19,0,51,0,0,0,51
05/19/2007,EWB,MA,ANE,EN,Federal Contract Tower,0,22,17,0,39,0,0,0,0,0,0,22,17,0,39,6,0,6,45
05/20/2007,EWB,MA,ANE,EN,Federal Contract Tower,0,12,25,0,37,0,15,10,0,25,0,27,35,0,62,50,0,50,112
05/21/2007,EWB,MA,ANE,EN,Federal Contract Tower,0,2,13,0,15,0,33,95,0,128,0,35,108,0,143,228,0,228,371
05/22/2007,EWB,MA,ANE,EN,Federal Contract Tower,0,1,37,0,38,0,20,104,0,124,0,21,141,0,162,200,0,200,362
05/23/2007,EWB,MA,ANE,EN,Federal Contract Tower,0,0,33,0,33,0,29,84,2,115,0,29,117,2,148,190,0,190,338
05/24/2007,EWB,MA,ANE,EN,Federal Contract Tower,0,5,21,1,27,0,42,123,0,165,0,47,144,1,192,240,4,244,436
05/25/2007,EWB,MA,ANE,EN,Federal Contract Tower,0,2,40,0,42,0,61,80,0,141,0,63,120,0,183,114,2,116,299
05/26/2007,EWB,MA,ANE,EN,Federal Contract Tower,0,1,28,0,29,0,24,60,0,84,0,25,88,0,113,108,0,108,221
05/27/2007,EWB,MA,ANE,EN,Federal Contract Tower,0,2,17,0,19,0,21,63,0,84,0,23,80,0,103,88,0,88,191
05/28/2007,EWB,MA,ANE,EN,Federal Contract Tower,0,1,9,0,10,0,62,45,0,107,0,63,54,0,117,34,0,34,151
05/29/2007,EWB,MA,ANE,EN,Federal Contract Tower,0,3,16,0,19,0,36,85,2,123,0,39,101,2,142,102,2,104,246
05/30/2007,EWB,MA,ANE,EN,Federal Contract Tower,0,0,26,0,26,0,29,76,0,105,0,29,102,0,131,86,2,88,219
05/31/2007,EWB,MA,ANE,EN,Federal Contract Tower,0,3,11,1,15,0,26,61,3,90,0,29,72,4,105,68,0,68,173
06/01/2007,EWB,MA,ANE,EN,Federal Contract Tower,0,5,13,2,20,0,26,57,0,83,0,31,70,2,103,134,6,140,243
06/02/2007,EWB,MA,ANE,EN,Federal Contract Tower,0,9,20,0,29,0,23,41,2,66,0,32,61,2,95,66,6,72,167
06/03/2007,EWB,MA,ANE,EN,Federal Contract Tower,0,8,12,0,20,0,27,18,0,45,0,35,30,0,65,2,0,2,67
06/04/2007,EWB,MA,ANE,EN,Federal Contract Tower,0,26,8,0,34,0,0,0,0,0,0,26,8,0,34,0,0,0,34
06/05/2007,EWB,MA,ANE,EN,Federal Contract Tower,0,23,35,0,58,0,9,29,0,38,0,32,64,0,96,92,0,92,188
06/06/2007,EWB,MA,ANE,EN,Federal Contract Tower,0,7,11,0,18,0,25,77,2,104,0,32,88,2,122,136,4,140,262
06/07/2007,EWB,MA,ANE,EN,Federal Contract Tower,0,4,33,3,40,0,39,130,1,170,0,43,163,4,210,122,10,132,342
06/08/2007,EWB,MA,ANE,EN,Federal Contract Tower,0,31,34,0,65,0,30,47,2,79,0,61,81,2,144,98,0,98,242
06/09/2007,EWB,MA,ANE,EN,Federal Contract Tower,0,12,11,0,23,0,8,2,0,10,0,20,13,0,33,0,0,0,33
06/10/2007,EWB,MA,ANE,EN,Federal Contract Tower,0,7,17,0,24,0,38,78,0,116,0,45,95,0,140,82,0,82,222
06/11/2007,EWB,MA,ANE,EN,Federal Contract Tower,0,7,24,0,31,0,40,33,0,73,0,47,57,0,104,54,2,56,160
06/12/2007,EWB,MA,ANE,EN,Federal Contract Tower,0,25,16,2,43,0,11,16,0,27,0,36,32,2,70,36,0,36,106
06/13/2007,EWB,MA,ANE,EN,Federal Contract Tower,0,9,25,9,43,0,12,17,5,34,0,21,42,14,77,24,6,30,107
06/14/2007,EWB,MA,ANE,EN,Federal Contract Tower,0,13,45,0,58,0,15,44,0,59,0,28,89,0,117,106,12,118,235
06/15/2007,EWB,MA,ANE,EN,Federal Contract Tower,0,5,44,4,53,0,38,71,0,109,0,43,115,4,162,192,16,208,370
06/16/2007,EWB,MA,ANE,EN,Federal Contract Tower,0,1,18,0,19,0,23,86,0,109,0,24,104,0,128,110,0,110,238
06/17/2007,EWB,MA,ANE,EN,Federal Contract Tower,0,7,19,0,26,0,39,66,0,105,0,46,85,0,131,76,0,76,207
06/18/2007,EWB,MA,ANE,EN,Federal Contract Tower,0,4,30,0,34,0,37,85,0,122,0,41,115,0,156,160,2,162,318
06/19/2007,EWB,MA,ANE,EN,Federal Contract Tower,0,1,18,0,19,0,35,74,4,113,0,36,92,4,132,210,0,210,342
06/20/2007,EWB,MA,ANE,EN,Federal Contract Tower,0,20,23,0,43,0,9,14,0,23,0,29,37,0,66,30,0,30,96
06/21/2007,EWB,MA,ANE,EN,Federal Contract Tower,0,3,24,0,27,0,33,143,2,178,0,36,167,2,205,142,0,142,347
06/22/2007,EWB,MA,ANE,EN,Federal Contract Tower,0,7,1,0,8,0,51,54,0,105,0,58,55,0,113,56,26,82,195
06/23/2007,EWB,MA,ANE,EN,Federal Contract Tower,0,2,22,0,24,0,25,86,0,111,0,27,108,0,135,98,0,98,233
06/24/2007,EWB,MA,ANE,EN,Federal Contract Tower,0,3,11,0,14,0,34,110,0,144,0,37,121,0,158,28,0,28,186
06/25/2007,EWB,MA,ANE,EN,Federal Contract Tower,0,9,7,2,18,0,33,66,0,99,0,42,73,2,117,44,4,48,165
06/26/2007,EWB,MA,ANE,EN,Federal Contract Tower,0,1,28,0,29,0,25,48,0,73,0,26,76,0,102,126,8,134,236
06/27/2007,EWB,MA,ANE,EN,Federal Contract Tower,0,19,23,0,42,0,12,47,0,59,0,31,70,0,101,68,2,70,171
06/28/2007,EWB,MA,ANE,EN,Federal Contract Tower,0,26,22,4,52,0,20,5,0,25,0,46,27,4,77,12,4,16,93
06/29/2007,EWB,MA,ANE,EN,Federal Contract Tower,0,5,33,0,38,0,55,57,0,112,0,60,90,0,150,122,0,122,272
06/30/2007,EWB,MA,ANE,EN,Federal Contract Tower,0,7,34,0,41,0,36,74,0,110,0,43,108,0,151,44,0,44,195
07/01/2007,EWB,MA,ANE,EN,Federal Contract Tower,0,6,17,0,23,0,38,109,0,147,0,44,126,0,170,104,0,104,274
07/02/2007,EWB,MA,ANE,EN,Federal Contract Tower,0,16,37,0,53,0,49,97,0,146,0,65,134,0,199,132,0,132,331
07/03/2007,EWB,MA,ANE,EN,Federal Contract Tower,0,6,24,0,30,0,42,83,0,125,0,48,107,0,155,146,14,160,315
07/04/2007,EWB,MA,ANE,EN,Federal Contract Tower,0,3,11,0,14,0,34,40,0,74,0,37,51,0,88,36,0,36,124
07/05/2007,EWB,MA,ANE,EN,Federal Contract Tower,0,45,15,0,60,0,0,0,0,0,0,45,15,0,60,2,0,2,62
07/06/2007,EWB,MA,ANE,EN,Federal Contract Tower,0,17,16,0,33,0,28,56,0,84,0,45,72,0,117,94,0,94,211
07/07/2007,EWB,MA,ANE,EN,Federal Contract Tower,0,4,19,0,23,0,31,89,0,120,0,35,108,0,143,107,0,107,250
07/08/2007,EWB,MA,ANE,EN,Federal Contract Tower,0,3,16,0,19,0,60,102,0,162,0,63,118,0,181,94,2,96,277
07/09/2007,EWB,MA,ANE,EN,Federal Contract Tower,0,33,22,0,55,0,17,34,0,51,0,50,56,0,106,66,0,66,172
07/10/2007,EWB,MA,ANE,EN,Federal Contract Tower,0,29,20,0,49,0,10,35,0,45,0,39,55,0,94,34,0,34,128
07/11/2007,EWB,MA,ANE,EN,Federal Contract Tower,0,25,19,0,44,0,6,7,0,13,0,31,26,0,57,0,0,0,57
07/12/2007,EWB,MA,ANE,EN,Federal Contract Tower,0,6,21,5,32,0,30,91,3,124,0,36,112,8,156,120,8,128,284
07/13/2007,EWB,MA,ANE,EN,Federal Contract Tower,0,0,22,2,24,0,53,101,1,155,0,53,123,3,179,142,8,150,329
07/14/2007,EWB,MA,ANE,EN,Federal Contract Tower,0,4,27,0,31,0,26,84,0,110,0,30,111,0,141,96,0,96,237
07/15/2007,EWB,MA,ANE,EN,Federal Contract Tower,0,18,11,0,29,0,35,84,0,119,0,53,95,0,148,34,0,34,182
07/16/2007,EWB,MA,ANE,EN,Federal Contract Tower,0,19,34,0,53,0,25,57,0,82,0,44,91,0,135,176,0,176,311
07/17/2007,EWB,MA,ANE,EN,Federal Contract Tower,0,9,8,0,17,0,24,104,0,128,0,33,112,0,145,180,0,180,325
07/18/2007,EWB,MA,ANE,EN,Federal Contract Tower,0,33,8,0,41,0,4,0,0,4,0,37,8,0,45,6,0,6,51
07/19/2007,EWB,MA,ANE,EN,Federal Contract Tower,0,35,38,0,73,0,21,50,0,71,0,56,88,0,144,62,0,62,206
07/20/2007,EWB,MA,ANE,EN,Federal Contract Tower,0,19,34,0,53,0,44,54,0,98,0,63,88,0,151,94,4,98,249
07/21/2007,EWB,MA,ANE,EN,Federal Contract Tower,0,2,29,0,31,0,37,96,2,135,0,39,125,2,166,78,0,78,244
07/22/2007,EWB,MA,ANE,EN,Federal Contract Tower,0,9,37,0,46,0,56,106,0,162,0,65,143,0,208,86,0,86,294
07/23/2007,EWB,MA,ANE,EN,Federal Contract Tower,0,45,38,0,83,0,0,0,0,0,0,45,38,0,83,12,0,12,95
07/24/2007,EWB,MA,ANE,EN,Federal Contract Tower,0,0,23,0,23,0,36,85,0,121,0,36,108,0,144,156,10,166,310
07/25/2007,EWB,MA,ANE,EN,Federal Contract Tower,0,2,13,0,15,0,38,122,0,160,0,40,135,0,175,210,4,214,389
07/26/2007,EWB,MA,ANE,EN,Federal Contract Tower,0,3,21,0,24,0,43,102,2,147,0,46,123,2,171,102,0,102,273
07/27/2007,EWB,MA,ANE,EN,Federal Contract Tower,0,32,15,0,47,0,22,73,0,95,0,54,88,0,142,96,0,96,238
07/28/2007,EWB,MA,ANE,EN,Federal Contract Tower,0,15,27,0,42,0,9,12,0,21,0,24,39,0,63,34,0,34,97
07/29/2007,EWB,MA,ANE,EN,Federal Contract Tower,0,35,25,0,60,0,8,25,0,33,0,43,50,0,93,26,0,26,119
07/30/2007,EWB,MA,ANE,EN,Federal Contract Tower,0,25,20,0,45,0,22,33,0,55,0,47,53,0,100,42,0,42,142
07/31/2007,EWB,MA,ANE,EN,Federal Contract Tower,0,15,16,0,31,0,30,97,2,129,0,45,113,2,160,106,14,120,280
08/01/2007,EWB,MA,ANE,EN,Federal Contract Tower,0,15,22,0,37,0,22,110,0,132,0,37,132,0,169,176,2,178,347
08/02/2007,EWB,MA,ANE,EN,Federal Contract Tower,0,7,23,0,30,0,37,108,38,183,0,44,131,38,213,130,2,132,345
08/03/2007,EWB,MA,ANE,EN,Federal Contract Tower,0,15,30,1,46,0,47,82,1,130,0,62,112,2,176,84,0,84,260
08/04/2007,EWB,MA,ANE,EN,Federal Contract Tower,0,16,24,0,40,0,19,40,0,59,0,35,64,0,99,40,4,44,143
08/05/2007,EWB,MA,ANE,EN,Federal Contract Tower,0,14,12,0,26,0,37,113,0,150,0,51,125,0,176,94,0,94,270
08/06/2007,EWB,MA,ANE,EN,Federal Contract Tower,0,23,20,0,43,0,34,38,0,72,0,57,58,0,115,18,0,18,133
08/07/2007,EWB,MA,ANE,EN,Federal Contract Tower,0,33,52,4,89,0,9,21,4,34,0,42,73,8,123,112,0,112,235
08/08/2007,EWB,MA,ANE,EN,Federal Contract Tower,0,21,25,0,46,0,5,19,0,24,0,26,44,0,70,10,0,10,80
08/09/2007,EWB,MA,ANE,EN,Federal Contract Tower,0,4,30,4,38,0,35,118,10,163,0,39,148,14,201,120,16,136,337
08/10/2007,EWB,MA,ANE,EN,Federal Contract Tower,0,12,24,0,36,0,40,35,3,78,0,52,59,3,114,98,0,98,212
08/11/2007,EWB,MA,ANE,EN,Federal Contract Tower,0,4,13,0,17,0,27,127,2,156,0,31,140,2,173,92,2,94,267
08/12/2007,EWB,MA,ANE,EN,Federal Contract Tower,0,3,16,0,19,0,37,99,0,136,0,40,115,0,155,76,2,78,233
08/13/2007,EWB,MA,ANE,EN,Federal Contract Tower,0,12,11,0,23,0,38,52,0,90,0,50,63,0,113,36,2,38,151
08/14/2007,EWB,MA,ANE,EN,Federal Contract Tower,0,1,25,0,26,0,30,101,0,131,0,31,126,0,157,112,0,112,269
08/15/2007,EWB,MA,ANE,EN,Federal Contract Tower,0,7,24,0,31,0,30,88,0,118,0,37,112,0,149,138,0,138,287
08/16/2007,EWB,MA,ANE,EN,Federal Contract Tower,0,25,44,0,69,0,23,57,3,83,0,48,101,3,152,106,0,106,258
08/17/2007,EWB,MA,ANE,EN,Federal Contract Tower,0,12,19,3,34,0,40,68,1,109,0,52,87,4,143,80,6,86,229
08/18/2007,EWB,MA,ANE,EN,Federal Contract Tower,0,3,10,0,13,0,33,49,0,82,0,36,59,0,95,32,2,34,129
08/19/2007,EWB,MA,ANE,EN,Federal Contract Tower,0,7,45,0,52,0,50,105,0,155,0,57,150,0,207,108,0,108,315
08/20/2007,EWB,MA,ANE,EN,Federal Contract Tower,0,7,19,0,26,0,41,80,0,121,0,48,99,0,147,94,0,94,241
08/21/2007,EWB,MA,ANE,EN,Federal Contract Tower,0,11,35,0,46,0,28,59,0,87,0,39,94,0,133,190,6,196,329
08/22/2007,EWB,MA,ANE,EN,Federal Contract Tower,0,8,27,2,37,0,31,103,0,134,0,39,130,2,171,120,2,122,293
08/23/2007,EWB,MA,ANE,EN,Federal Contract Tower,0,27,23,2,52,0,24,26,0,50,0,51,49,2,102,50,2,52,154
08/24/2007,EWB,MA,ANE,EN,Federal Contract Tower,0,17,7,0,24,0,20,60,0,80,0,37,67,0,104,88,8,96,200
08/25/2007,EWB,MA,ANE,EN,Federal Contract Tower,0,23,37,0,60,0,7,14,0,21,0,30,51,0,81,10,0,10,91
08/26/2007,EWB,MA,ANE,EN,Federal Contract Tower,0,9,13,0,22,0,40,56,0,96,0,49,69,0,118,82,4,86,204
08/27/2007,EWB,MA,ANE,EN,Federal Contract Tower,0,17,5,0,22,0,30,98,3,131,0,47,103,3,153,118,0,118,271
08/28/2007,EWB,MA,ANE,EN,Federal Contract Tower,0,2,28,0,30,0,32,127,0,159,0,34,155,0,189,196,2,198,387
08/29/2007,EWB,MA,ANE,EN,Federal Contract Tower,0,8,38,2,48,0,32,99,0,131,0,40,137,2,179,216,4,220,399
08/30/2007,EWB,MA,ANE,EN,Federal Contract Tower,0,9,27,0,36,0,41,98,0,139,0,50,125,0,175,144,0,144,319
08/31/2007,EWB,MA,ANE,EN,Federal Contract Tower,0,35,21,0,56,0,25,78,0,103,0,60,99,0,159,82,0,82,241
09/01/2007,EWB,MA,ANE,EN,Federal Contract Tower,0,0,17,0,17,0,27,80,0,107,0,27,97,0,124,108,0,108,232
09/02/2007,EWB,MA,ANE,EN,Federal Contract Tower,0,0,4,0,4,0,27,97,0,124,0,27,101,0,128,104,0,104,232
09/03/2007,EWB,MA,ANE,EN,Federal Contract Tower,0,2,16,0,18,0,54,88,0,142,0,56,104,0,160,74,0,74,234
09/04/2007,EWB,MA,ANE,EN,Federal Contract Tower,0,1,17,0,18,0,53,75,0,128,0,54,92,0,146,138,0,138,284
09/05/2007,EWB,MA,ANE,EN,Federal Contract Tower,0,6,30,1,37,0,33,75,1,109,0,39,105,2,146,136,2,138,284
09/06/2007,EWB,MA,ANE,EN,Federal Contract Tower,0,13,17,0,30,0,36,65,0,101,0,49,82,0,131,128,2,130,261
09/07/2007,EWB,MA,ANE,EN,Federal Contract Tower,0,8,27,0,35,0,41,50,0,91,0,49,77,0,126,106,0,106,232
09/08/2007,EWB,MA,ANE,EN,Federal Contract Tower,0,2,21,0,23,0,18,82,4,104,0,20,103,4,127,146,14,160,287
09/09/2007,EWB,MA,ANE,EN,Federal Contract Tower,0,13,15,2,30,0,17,55,0,72,0,30,70,2,102,58,0,58,160
09/10/2007,EWB,MA,ANE,EN,Federal Contract Tower,0,36,24,0,60,0,0,0,0,0,0,36,24,0,60,8,0,8,68
09/11/2007,EWB,MA,ANE,EN,Federal Contract Tower,0,21,8,0,29,0,0,0,0,0,0,21,8,0,29,0,0,0,29
09/12/2007,EWB,MA,ANE,EN,Federal Contract Tower,0,6,11,0,17,0,34,104,0,138,0,40,115,0,155,134,2,136,291
09/13/2007,EWB,MA,ANE,EN,Federal Contract Tower,0,0,28,0,28,0,34,139,2,175,0,34,167,2,203,194,0,194,397
09/14/2007,EWB,MA,ANE,EN,Federal Contract Tower,0,4,25,1,30,0,45,138,0,183,0,49,163,1,213,202,2,204,417
09/15/2007,EWB,MA,ANE,EN,Federal Contract Tower,0,12,25,0,37,0,6,0,0,6,0,18,25,0,43,62,2,64,107
09/16/2007,EWB,MA,ANE,EN,Federal Contract Tower,0,7,24,0,31,0,47,143,0,190,0,54,167,0,221,136,0,136,357
09/17/2007,EWB,MA,ANE,EN,Federal Contract Tower,0,10,32,0,42,0,30,79,0,109,0,40,111,0,151,138,0,138,289
09/18/2007,EWB,MA,ANE,EN,Federal Contract Tower,0,0,13,2,15,0,26,86,2,114,0,26,99,4,129,176,0,176,305
09/19/2007,EWB,MA,ANE,EN,Federal Contract Tower,0,26,37,0,63,0,1,10,0,11,0,27,47,0,74,18,0,18,92
09/20/2007,EWB,MA,ANE,EN,Federal Contract Tower,0,16,15,0,31,0,36,114,0,150,0,52,129,0,181,146,2,148,329
09/21/2007,EWB,MA,ANE,EN,Federal Contract Tower,0,22,18,0,40,0,26,97,0,123,0,48,115,0,163,110,0,110,273
09/22/2007,EWB,MA,ANE,EN,Federal Contract Tower,0,19,39,0,58,0,5,11,2,18,0,24,50,2,76,66,2,68,144
09/23/2007,EWB,MA,ANE,EN,Federal Contract Tower,0,2,22,0,24,0,35,99,4,138,0,37,121,4,162,140,0,140,302
09/24/2007,EWB,MA,ANE,EN,Federal Contract Tower,0,9,6,0,15,0,23,83,0,106,0,32,89,0,121,94,0,94,215
09/25/2007,EWB,MA,ANE,EN,Federal Contract Tower,0,3,17,0,20,0,21,86,0,107,0,24,103,0,127,134,0,134,261
09/26/2007,EWB,MA,ANE,EN,Federal Contract Tower,0,5,11,0,16,0,25,82,0,107,0,30,93,0,123,156,0,156,279
09/27/2007,EWB,MA,ANE,EN,Federal Contract Tower,0,22,29,0,51,0,3,1,0,4,0,25,30,0,55,4,0,4,59
09/28/2007,EWB,MA,ANE,EN,Federal Contract Tower,0,16,28,0,44,0,21,37,0,58,0,37,65,0,102,88,0,88,190
09/29/2007,EWB,MA,ANE,EN,Federal Contract Tower,0,1,39,0,40,0,18,60,2,80,0,19,99,2,120,136,0,136,256
09/30/2007,EWB,MA,ANE,EN,Federal Contract Tower,0,0,37,0,37,0,38,99,0,137,0,38,136,0,174,154,2,156,330
10/01/2007,EWB,MA,ANE,EN,Federal Contract Tower,0,7,26,0,33,0,27,90,0,117,0,34,116,0,150,124,0,124,274
10/02/2007,EWB,MA,ANE,EN,Federal Contract Tower,0,12,38,0,50,0,32,52,0,84,0,44,90,0,134,202,4,206,340
10/03/2007,EWB,MA,ANE,EN,Federal Contract Tower,0,15,29,0,44,0,7,0,0,7,0,22,29,0,51,26,0,26,77
10/04/2007,EWB,MA,ANE,EN,Federal Contract Tower,0,20,48,0,68,0,9,43,0,52,0,29,91,0,120,126,2,128,248
10/05/2007,EWB,MA,ANE,EN,Federal Contract Tower,0,25,17,0,42,0,34,58,0,92,0,59,75,0,134,104,0,104,238
10/06/2007,EWB,MA,ANE,EN,Federal Contract Tower,0,14,51,0,65,0,7,28,0,35,0,21,79,0,100,116,0,116,216
10/07/2007,EWB,MA,ANE,EN,Federal Contract Tower,0,10,27,0,37,0,19,13,0,32,0,29,40,0,69,54,0,54,123
10/08/2007,EWB,MA,ANE,EN,Federal Contract Tower,0,43,53,0,96,0,12,4,0,16,0,55,57,0,112,32,0,32,144
10/09/2007,EWB,MA,ANE,EN,Federal Contract Tower,0,7,22,0,29,0,28,89,0,117,0,35,111,0,146,212,2,214,360
10/10/2007,EWB,MA,ANE,EN,Federal Contract Tower,0,8,16,4,28,0,0,0,0,0,0,8,16,4,28,10,4,14,42
10/11/2007,EWB,MA,ANE,EN,Federal Contract Tower,0,16,22,0,38,0,0,0,0,0,0,16,22,0,38,6,0,6,44
10/12/2007,EWB,MA,ANE,EN,Federal Contract Tower,0,3,13,0,16,0,21,37,0,58,0,24,50,0,74,106,0,106,180
10/13/2007,EWB,MA,ANE,EN,Federal Contract Tower,0,0,26,0,26,0,10,92,0,102,0,10,118,0,128,204,0,204,332
10/14/2007,EWB,MA,ANE,EN,Federal Contract Tower,0,0,32,0,32,0,20,100,2,122,0,20,132,2,154,102,2,104,258
10/15/2007,EWB,MA,ANE,EN,Federal Contract Tower,0,3,19,0,22,0,22,63,0,85,0,25,82,0,107,158,0,158,265
10/16/2007,EWB,MA,ANE,EN,Federal Contract Tower,0,4,20,0,24,0,21,85,0,106,0,25,105,0,130,182,0,182,312
10/17/2007,EWB,MA,ANE,EN,Federal Contract Tower,0,12,33,0,45,0,15,90,0,105,0,27,123,0,150,156,6,162,312
10/18/2007,EWB,MA,ANE,EN,Federal Contract Tower,0,8,19,3,30,0,5,34,5,44,0,13,53,8,74,74,6,80,154
10/19/2007,EWB,MA,ANE,EN,Federal Contract Tower,0,18,3,0,21,0,4,0,0,4,0,22,3,0,25,0,0,0,25
10/20/2007,EWB,MA,ANE,EN,Federal Contract Tower,0,5,19,0,24,0,16,47,0,63,0,21,66,0,87,100,0,100,187
10/21/2007,EWB,MA,ANE,EN,Federal Contract Tower,0,9,30,0,39,0,19,83,0,102,0,28,113,0,141,130,0,130,271
10/22/2007,EWB,MA,ANE,EN,Federal Contract Tower,0,8,22,0,30,0,18,71,0,89,0,26,93,0,119,140,0,140,259
10/23/2007,EWB,MA,ANE,EN,Federal Contract Tower,0,5,26,0,31,0,20,21,0,41,0,25,47,0,72,72,0,72,144
10/24/2007,EWB,MA,ANE,EN,Federal Contract Tower,0,8,36,0,44,0,5,0,0,5,0,13,36,0,49,24,2,26,75
10/25/2007,EWB,MA,ANE,EN,Federal Contract Tower,0,6,24,5,35,0,17,42,2,61,0,23,66,7,96,172,6,178,274
10/26/2007,EWB,MA,ANE,EN,Federal Contract Tower,0,1,31,0,32,0,18,77,0,95,0,19,108,0,127,174,10,184,311
10/27/2007,EWB,MA,ANE,EN,Federal Contract Tower,0,10,2,0,12,0,0,0,0,0,0,10,2,0,12,0,0,0,12
10/28/2007,EWB,MA,ANE,EN,Federal Contract Tower,0,2,23,0,25,0,17,77,0,94,0,19,100,0,119,112,0,112,231
10/29/2007,EWB,MA,ANE,EN,Federal Contract Tower,0,5,28,0,33,0,19,63,0,82,0,24,91,0,115,144,6,150,265
10/30/2007,EWB,MA,ANE,EN,Federal Contract Tower,0,4,18,0,22,0,14,92,0,106,0,18,110,0,128,176,2,178,306
10/31/2007,EWB,MA,ANE,EN,Federal Contract Tower,0,4,18,0,22,0,19,52,0,71,0,23,70,0,93,142,2,144,237
11/01/2007,EWB,MA,ANE,EN,Federal Contract Tower,0,4,8,0,12,0,26,61,0,87,0,30,69,0,99,124,8,132,231
11/02/2007,EWB,MA,ANE,EN,Federal Contract Tower,0,4,22,0,26,0,16,60,0,76,0,20,82,0,102,120,2,122,224
11/03/2007,EWB,MA,ANE,EN,Federal Contract Tower,0,0,0,0,0,0,0,0,0,0,0,0,0,0,0,0,0,0,0
11/04/2007,EWB,MA,ANE,EN,Federal Contract Tower,0,2,19,0,21,0,12,72,2,86,0,14,91,2,107,134,4,138,245
11/05/2007,EWB,MA,ANE,EN,Federal Contract Tower,0,2,21,0,23,0,23,78,0,101,0,25,99,0,124,132,0,132,256
11/06/2007,EWB,MA,ANE,EN,Federal Contract Tower,0,5,17,0,22,0,16,17,0,33,0,21,34,0,55,36,0,36,91
11/07/2007,EWB,MA,ANE,EN,Federal Contract Tower,0,2,24,0,26,0,13,56,2,71,0,15,80,2,97,166,0,166,263
11/08/2007,EWB,MA,ANE,EN,Federal Contract Tower,0,3,17,0,20,0,11,69,0,80,0,14,86,0,100,232,0,232,332
11/09/2007,EWB,MA,ANE,EN,Federal Contract Tower,0,1,25,0,26,0,16,61,0,77,0,17,86,0,103,146,8,154,257
11/10/2007,EWB,MA,ANE,EN,Federal Contract Tower,0,3,6,0,9,0,10,34,0,44,0,13,40,0,53,28,0,28,81
11/11/2007,EWB,MA,ANE,EN,Federal Contract Tower,0,2,38,0,40,0,11,88,0,99,0,13,126,0,139,132,0,132,271
11/12/2007,EWB,MA,ANE,EN,Federal Contract Tower,0,1,20,0,21,0,14,69,0,83,0,15,89,0,104,76,2,78,182
11/13/2007,EWB,MA,ANE,EN,Federal Contract Tower,0,7,29,0,36,0,8,30,0,38,0,15,59,0,74,68,0,68,142
11/14/2007,EWB,MA,ANE,EN,Federal Contract Tower,0,3,14,0,17,0,20,50,0,70,0,23,64,0,87,144,0,144,231
11/15/2007,EWB,MA,ANE,EN,Federal Contract Tower,0,11,0,0,11,0,6,10,0,16,0,17,10,0,27,16,0,16,43
11/16/2007,EWB,MA,ANE,EN,Federal Contract Tower,0,4,12,0,16,0,7,8,0,15,0,11,20,0,31,4,0,4,35
11/17/2007,EWB,MA,ANE,EN,Federal Contract Tower,0,7,23,0,30,0,3,250,0,253,0,10,273,0,283,54,4,58,341
11/18/2007,EWB,MA,ANE,EN,Federal Contract Tower,0,5,28,0,33,0,9,59,0,68,0,14,87,0,101,90,2,92,193
11/19/2007,EWB,MA,ANE,EN,Federal Contract Tower,0,3,7,4,14,0,12,30,0,42,0,15,37,4,56,24,0,24,80
11/20/2007,EWB,MA,ANE,EN,Federal Contract Tower,0,12,9,0,21,0,10,15,0,25,0,22,24,0,46,22,0,22,68
11/21/2007,EWB,MA,ANE,EN,Federal Contract Tower,0,23,20,2,45,0,4,0,0,4,0,27,20,2,49,2,0,2,51
11/22/2007,EWB,MA,ANE,EN,Federal Contract Tower,0,6,0,0,6,0,3,8,0,11,0,9,8,0,17,4,0,4,21
11/23/2007,EWB,MA,ANE,EN,Federal Contract Tower,0,3,13,0,16,0,13,71,0,84,0,16,84,0,100,112,0,112,212
11/24/2007,EWB,MA,ANE,EN,Federal Contract Tower,0,8,20,0,28,0,10,69,0,79,0,18,89,0,107,124,4,128,235
11/25/2007,EWB,MA,ANE,EN,Federal Contract Tower,0,0,8,0,8,0,27,73,0,100,0,27,81,0,108,78,0,78,186
11/26/2007,EWB,MA,ANE,EN,Federal Contract Tower,0,17,8,0,25,0,0,0,0,0,0,17,8,0,25,4,0,4,29
11/27/2007,EWB,MA,ANE,EN,Federal Contract Tower,0,4,10,0,14,0,12,43,0,55,0,16,53,0,69,118,0,118,187
11/28/2007,EWB,MA,ANE,EN,Federal Contract Tower,0,2,11,0,13,0,16,89,0,105,0,18,100,0,118,148,0,148,266
11/29/2007,EWB,MA,ANE,EN,Federal Contract Tower,0,2,10,0,12,0,12,22,0,34,0,14,32,0,46,36,6,42,88
11/30/2007,EWB,MA,ANE,EN,Federal Contract Tower,0,7,19,0,26,0,30,67,0,97,0,37,86,0,123,106,8,114,237
12/01/2007,EWB,MA,ANE,EN,Federal Contract Tower,0,4,16,0,20,0,22,31,0,53,0,26,47,0,73,92,2,94,167
12/02/2007,EWB,MA,ANE,EN,Federal Contract Tower,0,2,26,0,28,0,25,19,6,50,0,27,45,6,78,80,0,80,158
12/03/2007,EWB,MA,ANE,EN,Federal Contract Tower,0,10,4,0,14,0,3,0,0,3,0,13,4,0,17,14,0,14,31
12/04/2007,EWB,MA,ANE,EN,Federal Contract Tower,0,5,8,0,13,0,10,19,0,29,0,15,27,0,42,30,14,44,86
12/05/2007,EWB,MA,ANE,EN,Federal Contract Tower,0,3,9,0,12,0,7,51,0,58,0,10,60,0,70,74,6,80,150
12/06/2007,EWB,MA,ANE,EN,Federal Contract Tower,0,6,19,2,27,0,15,30,0,45,0,21,49,2,72,52,0,52,124
12/07/2007,EWB,MA,ANE,EN,Federal Contract Tower,0,5,18,0,23,0,9,21,0,30,0,14,39,0,53,74,2,76,129
12/08/2007,EWB,MA,ANE,EN,Federal Contract Tower,0,7,17,0,24,0,6,56,4,66,0,13,73,4,90,74,0,74,164
12/09/2007,EWB,MA,ANE,EN,Federal Contract Tower,0,2,19,0,21,0,10,52,0,62,0,12,71,0,83,112,0,112,195
12/10/2007,EWB,MA,ANE,EN,Federal Contract Tower,0,12,5,0,17,0,0,0,0,0,0,12,5,0,17,0,0,0,17
12/11/2007,EWB,MA,ANE,EN,Federal Contract Tower,0,5,19,3,27,0,15,40,11,66,0,20,59,14,93,88,12,100,193
12/12/2007,EWB,MA,ANE,EN,Federal Contract Tower,0,7,11,2,20,0,9,10,0,19,0,16,21,2,39,62,2,64,103
12/13/2007,EWB,MA,ANE,EN,Federal Contract Tower,0,2,0,0,2,0,5,11,0,16,0,7,11,0,18,40,0,40,58
12/14/2007,EWB,MA,ANE,EN,Federal Contract Tower,0,2,4,0,6,0,11,15,3,29,0,13,19,3,35,68,0,68,103
12/15/2007,EWB,MA,ANE,EN,Federal Contract Tower,0,2,9,0,11,0,8,43,0,51,0,10,52,0,62,104,0,104,166
12/16/2007,EWB,MA,ANE,EN,Federal Contract Tower,0,0,0,0,0,0,0,0,0,0,0,0,0,0,0,0,0,0,0
12/17/2007,EWB,MA,ANE,EN,Federal Contract Tower,0,0,4,0,4,0,16,8,0,24,0,16,12,0,28,4,0,4,32
12/18/2007,EWB,MA,ANE,EN,Federal Contract Tower,0,0,6,4,10,0,14,32,0,46,0,14,38,4,56,42,4,46,102
12/19/2007,EWB,MA,ANE,EN,Federal Contract Tower,0,3,6,13,22,0,13,21,16,50,0,16,27,29,72,58,6,64,136
12/20/2007,EWB,MA,ANE,EN,Federal Contract Tower,0,9,7,0,16,0,1,0,0,1,0,10,7,0,17,2,0,2,19
12/21/2007,EWB,MA,ANE,EN,Federal Contract Tower,0,7,8,0,15,0,6,2,0,8,0,13,10,0,23,2,4,6,29
12/22/2007,EWB,MA,ANE,EN,Federal Contract Tower,0,2,26,0,28,0,12,43,0,55,0,14,69,0,83,100,0,100,183
12/23/2007,EWB,MA,ANE,EN,Federal Contract Tower,0,1,5,0,6,0,6,3,0,9,0,7,8,0,15,14,0,14,29
12/24/2007,EWB,MA,ANE,EN,Federal Contract Tower,0,1,0,2,3,0,12,21,0,33,0,13,21,2,36,0,0,0,36
12/25/2007,EWB,MA,ANE,EN,Federal Contract Tower,0,0,4,0,4,0,4,10,0,14,0,4,14,0,18,0,0,0,18
12/26/2007,EWB,MA,ANE,EN,Federal Contract Tower,0,0,17,0,17,0,14,52,0,66,0,14,69,0,83,96,0,96,179
12/27/2007,EWB,MA,ANE,EN,Federal Contract Tower,0,8,2,0,10,0,0,0,0,0,0,8,2,0,10,0,6,6,16
12/28/2007,EWB,MA,ANE,EN,Federal Contract Tower,0,0,43,0,43,0,12,40,0,52,0,12,83,0,95,166,0,166,261
12/29/2007,EWB,MA,ANE,EN,Federal Contract Tower,0,7,18,0,25,0,5,7,0,12,0,12,25,0,37,36,0,36,73
12/30/2007,EWB,MA,ANE,EN,Federal Contract Tower,0,0,13,0,13,0,8,77,0,85,0,8,90,0,98,120,0,120,218
12/31/2007,EWB,MA,ANE,EN,Federal Contract Tower,0,3,1,0,4,0,9,5,0,14,0,12,6,0,18,4,0,4,22
01/01/2008,EWB,MA,ANE,EN,Federal Contract Tower,0,3,3,0,6,0,15,5,0,20,0,18,8,0,26,4,0,4,30
01/02/2008,EWB,MA,ANE,EN,Federal Contract Tower,0,1,7,6,14,0,9,12,0,21,0,10,19,6,35,16,2,18,53
01/03/2008,EWB,MA,ANE,EN,Federal Contract Tower,0,8,19,4,31,0,27,35,4,66,0,35,54,8,97,70,6,76,173
01/04/2008,EWB,MA,ANE,EN,Federal Contract Tower,0,6,15,7,28,0,13,21,11,45,0,19,36,18,73,92,13,105,178
01/05/2008,EWB,MA,ANE,EN,Federal Contract Tower,0,1,28,2,31,0,6,71,0,77,0,7,99,2,108,150,0,150,258
01/06/2008,EWB,MA,ANE,EN,Federal Contract Tower,0,0,12,0,12,0,12,58,0,70,0,12,70,0,82,100,4,104,186
01/07/2008,EWB,MA,ANE,EN,Federal Contract Tower,0,7,17,10,34,0,10,22,2,34,0,17,39,12,68,76,8,84,152
01/08/2008,EWB,MA,ANE,EN,Federal Contract Tower,0,4,14,0,18,0,12,29,0,41,0,16,43,0,59,42,8,50,109
01/09/2008,EWB,MA,ANE,EN,Federal Contract Tower,0,3,4,0,7,0,4,0,0,4,0,7,4,0,11,0,0,0,11
01/10/2008,EWB,MA,ANE,EN,Federal Contract Tower,0,5,17,0,22,0,10,65,2,77,0,15,82,2,99,60,2,62,161
01/11/2008,EWB,MA,ANE,EN,Federal Contract Tower,0,6,0,0,6,0,5,0,0,5,0,11,0,0,11,0,0,0,11
01/12/2008,EWB,MA,ANE,EN,Federal Contract Tower,0,0,39,0,39,0,4,68,0,72,0,4,107,0,111,72,0,72,183
01/13/2008,EWB,MA,ANE,EN,Federal Contract Tower,0,1,31,0,32,0,11,75,2,88,0,12,106,2,120,200,2,202,322
01/14/2008,EWB,MA,ANE,EN,Federal Contract Tower,0,6,1,0,7,0,0,0,0,0,0,6,1,0,7,0,0,0,7
01/15/2008,EWB,MA,ANE,EN,Federal Contract Tower,0,2,2,0,4,0,11,25,0,36,0,13,27,0,40,74,2,76,116
01/16/2008,EWB,MA,ANE,EN,Federal Contract Tower,0,6,15,2,23,0,21,30,2,53,0,27,45,4,76,54,16,70,146
01/17/2008,EWB,MA,ANE,EN,Federal Contract Tower,0,3,14,0,17,0,10,42,0,52,0,13,56,0,69,118,6,124,193
01/18/2008,EWB,MA,ANE,EN,Federal Contract Tower,0,6,6,0,12,0,9,27,0,36,0,15,33,0,48,36,2,38,86
01/19/2008,EWB,MA,ANE,EN,Federal Contract Tower,0,0,14,0,14,0,8,74,2,84,0,8,88,2,98,80,0,80,178
01/20/2008,EWB,MA,ANE,EN,Federal Contract Tower,0,1,19,0,20,0,10,0,0,10,0,11,19,0,30,62,0,62,92
01/21/2008,EWB,MA,ANE,EN,Federal Contract Tower,0,2,11,0,13,0,9,21,0,30,0,11,32,0,43,40,0,40,83
01/22/2008,EWB,MA,ANE,EN,Federal Contract Tower,0,13,6,0,19,0,10,22,0,32,0,23,28,0,51,32,0,32,83
01/23/2008,EWB,MA,ANE,EN,Federal Contract Tower,0,2,7,4,13,0,18,44,0,62,0,20,51,4,75,110,2,112,187
01/24/2008,EWB,MA,ANE,EN,Federal Contract Tower,0,0,1,4,5,0,11,21,0,32,0,11,22,4,37,28,0,28,65
01/25/2008,EWB,MA,ANE,EN,Federal Contract Tower,0,9,22,0,31,0,14,20,3,37,0,23,42,3,68,100,0,100,168
01/26/2008,EWB,MA,ANE,EN,Federal Contract Tower,0,1,20,0,21,0,8,41,0,49,0,9,61,0,70,84,0,84,154
01/27/2008,EWB,MA,ANE,EN,Federal Contract Tower,0,5,5,0,10,0,0,0,0,0,0,5,5,0,10,0,2,2,12
01/28/2008,EWB,MA,ANE,EN,Federal Contract Tower,0,1,14,0,15,0,4,2,0,6,0,5,16,0,21,8,0,8,29
01/29/2008,EWB,MA,ANE,EN,Federal Contract Tower,0,6,7,8,21,0,19,51,0,70,0,25,58,8,91,90,10,100,191
01/30/2008,EWB,MA,ANE,EN,Federal Contract Tower,0,1,6,0,7,0,9,8,0,17,0,10,14,0,24,2,0,2,26
01/31/2008,EWB,MA,ANE,EN,Federal Contract Tower,0,3,28,0,31,0,12,56,0,68,0,15,84,0,99,72,10,82,181
02/01/2008,EWB,MA,ANE,EN,Federal Contract Tower,0,6,2,0,8,0,4,5,0,9,0,10,7,0,17,4,4,8,25
02/02/2008,EWB,MA,ANE,EN,Federal Contract Tower,0,2,5,4,11,0,7,10,0,17,0,9,15,4,28,58,6,64,92
02/03/2008,EWB,MA,ANE,EN,Federal Contract Tower,0,3,43,0,46,0,8,47,6,61,0,11,90,6,107,124,0,124,231
02/04/2008,EWB,MA,ANE,EN,Federal Contract Tower,0,8,17,0,25,0,11,28,0,39,0,19,45,0,64,74,2,76,140
02/05/2008,EWB,MA,ANE,EN,Federal Contract Tower,0,9,5,0,14,0,3,0,0,3,0,12,5,0,17,0,0,0,17
02/06/2008,EWB,MA,ANE,EN,Federal Contract Tower,0,13,2,0,15,0,0,0,0,0,0,13,2,0,15,0,0,0,15
02/07/2008,EWB,MA,ANE,EN,Federal Contract Tower,0,7,5,0,12,0,4,0,0,4,0,11,5,0,16,0,0,0,16
02/08/2008,EWB,MA,ANE,EN,Federal Contract Tower,0,9,2,2,13,0,2,0,0,2,0,11,2,2,15,0,0,0,15
02/09/2008,EWB,MA,ANE,EN,Federal Contract Tower,0,3,13,0,16,0,3,41,4,48,0,6,54,4,64,84,4,88,152
02/10/2008,EWB,MA,ANE,EN,Federal Contract Tower,0,0,1,0,1,0,8,18,0,26,0,8,19,0,27,20,0,20,47
02/11/2008,EWB,MA,ANE,EN,Federal Contract Tower,0,1,0,0,1,0,12,8,0,20,0,13,8,0,21,8,0,8,29
02/12/2008,EWB,MA,ANE,EN,Federal Contract Tower,0,1,10,0,11,0,10,34,0,44,0,11,44,0,55,82,2,84,139
02/13/2008,EWB,MA,ANE,EN,Federal Contract Tower,0,4,0,0,4,0,2,0,0,2,0,6,0,0,6,0,0,0,6
02/14/2008,EWB,MA,ANE,EN,Federal Contract Tower,0,0,11,0,11,0,18,46,0,64,0,18,57,0,75,64,2,66,141
02/15/2008,EWB,MA,ANE,EN,Federal Contract Tower,0,1,27,0,28,0,17,19,0,36,0,18,46,0,64,74,0,74,138
02/16/2008,EWB,MA,ANE,EN,Federal Contract Tower,0,1,39,0,40,0,7,43,0,50,0,8,82,0,90,128,2,130,220
02/17/2008,EWB,MA,ANE,EN,Federal Contract Tower,0,1,13,0,14,0,12,44,0,56,0,13,57,0,70,66,0,66,136
02/18/2008,EWB,MA,ANE,EN,Federal Contract Tower,0,7,0,0,7,0,0,0,0,0,0,7,0,0,7,0,0,0,7
02/19/2008,EWB,MA,ANE,EN,Federal Contract Tower,0,1,7,0,8,0,17,63,0,80,0,18,70,0,88,60,0,60,148
02/20/2008,EWB,MA,ANE,EN,Federal Contract Tower,0,3,17,0,20,0,12,34,2,48,0,15,51,2,68,88,2,90,158
02/21/2008,EWB,MA,ANE,EN,Federal Contract Tower,0,3,19,6,28,0,19,62,0,81,0,22,81,6,109,142,4,146,255
02/22/2008,EWB,MA,ANE,EN,Federal Contract Tower,0,5,1,0,6,0,0,0,0,0,0,5,1,0,6,0,0,0,6
02/23/2008,EWB,MA,ANE,EN,Federal Contract Tower,0,6,2,0,8,0,4,1,0,5,0,10,3,0,13,10,4,14,27
02/24/2008,EWB,MA,ANE,EN,Federal Contract Tower,0,2,34,0,36,0,11,75,0,86,0,13,109,0,122,194,0,194,316
02/25/2008,EWB,MA,ANE,EN,Federal Contract Tower,0,6,5,0,11,0,14,83,0,97,0,20,88,0,108,142,2,144,252
02/26/2008,EWB,MA,ANE,EN,Federal Contract Tower,0,1,9,0,10,0,14,23,0,37,0,15,32,0,47,52,6,58,105
02/27/2008,EWB,MA,ANE,EN,Federal Contract Tower,0,8,9,0,17,0,3,5,6,14,0,11,14,6,31,26,2,28,59
02/28/2008,EWB,MA,ANE,EN,Federal Contract Tower,0,11,12,6,29,0,15,71,0,86,0,26,83,6,115,52,0,52,167
02/29/2008,EWB,MA,ANE,EN,Federal Contract Tower,0,0,35,0,35,0,17,17,0,34,0,17,52,0,69,142,0,142,211
03/01/2008,EWB,MA,ANE,EN,Federal Contract Tower,0,3,2,0,5,0,4,3,0,7,0,7,5,0,12,0,2,2,14
03/02/2008,EWB,MA,ANE,EN,Federal Contract Tower,0,6,3,0,9,0,16,71,0,87,0,22,74,0,96,96,24,120,216
03/03/2008,EWB,MA,ANE,EN,Federal Contract Tower,0,0,7,0,7,0,12,64,0,76,0,12,71,0,83,58,0,58,141
03/04/2008,EWB,MA,ANE,EN,Federal Contract Tower,0,5,7,0,12,0,5,13,0,18,0,10,20,0,30,4,0,4,34
03/05/2008,EWB,MA,ANE,EN,Federal Contract Tower,0,1,12,2,15,0,11,5,0,16,0,12,17,2,31,12,8,20,51
03/06/2008,EWB,MA,ANE,EN,Federal Contract Tower,0,3,15,0,18,0,14,74,0,88,0,17,89,0,106,92,16,108,214
03/07/2008,EWB,MA,ANE,EN,Federal Contract Tower,0,6,27,2,35,0,8,19,0,27,0,14,46,2,62,88,2,90,152
03/08/2008,EWB,MA,ANE,EN,Federal Contract Tower,0,3,2,0,5,0,0,0,0,0,0,3,2,0,5,0,0,0,5
03/09/2008,EWB,MA,ANE,EN,Federal Contract Tower,0,4,3,0,7,0,10,33,0,43,0,14,36,0,50,6,0,6,56
03/10/2008,EWB,MA,ANE,EN,Federal Contract Tower,0,0,6,0,6,0,14,47,0,61,0,14,53,0,67,96,0,96,163
03/11/2008,EWB,MA,ANE,EN,Federal Contract Tower,0,2,12,2,16,0,10,45,2,57,0,12,57,4,73,104,2,106,179
03/12/2008,EWB,MA,ANE,EN,Federal Contract Tower,0,3,6,6,15,0,8,27,2,37,0,11,33,8,52,8,0,8,60
03/13/2008,EWB,MA,ANE,EN,Federal Contract Tower,0,0,16,0,16,0,14,75,7,96,0,14,91,7,112,148,34,182,294
03/14/2008,EWB,MA,ANE,EN,Federal Contract Tower,0,1,22,6,29,0,14,28,2,44,0,15,50,8,73,72,0,72,145
03/15/2008,EWB,MA,ANE,EN,Federal Contract Tower,0,7,6,0,13,0,0,4,0,4,0,7,10,0,17,0,0,0,17
03/16/2008,EWB,MA,ANE,EN,Federal Contract Tower,0,5,7,0,12,0,7,17,0,24,0,12,24,0,36,12,0,12,48
03/17/2008,EWB,MA,ANE,EN,Federal Contract Tower,0,6,8,0,14,0,13,36,0,49,0,19,44,0,63,34,0,34,97
03/18/2008,EWB,MA,ANE,EN,Federal Contract Tower,0,0,22,4,26,0,18,72,18,108,0,18,94,22,134,154,6,160,294
03/19/2008,EWB,MA,ANE,EN,Federal Contract Tower,0,13,4,0,17,0,1,0,0,1,0,14,4,0,18,0,0,0,18
03/20/2008,EWB,MA,ANE,EN,Federal Contract Tower,0,6,5,2,13,0,7,29,0,36,0,13,34,2,49,38,0,38,87
03/21/2008,EWB,MA,ANE,EN,Federal Contract Tower,0,0,0,0,0,0,18,19,0,37,0,18,19,0,37,0,4,4,41
03/22/2008,EWB,MA,ANE,EN,Federal Contract Tower,0,0,26,0,26,0,14,62,0,76,0,14,88,0,102,142,0,142,244
03/23/2008,EWB,MA,ANE,EN,Federal Contract Tower,0,2,12,1,15,0,16,74,0,90,0,18,86,1,105,92,2,94,199
03/24/2008,EWB,MA,ANE,EN,Federal Contract Tower,0,5,27,0,32,0,14,28,0,42,0,19,55,0,74,116,0,116,190
03/25/2008,EWB,MA,ANE,EN,Federal Contract Tower,0,5,13,0,18,0,12,79,0,91,0,17,92,0,109,106,0,106,215
03/26/2008,EWB,MA,ANE,EN,Federal Contract Tower,0,2,19,6,27,0,14,35,0,49,0,16,54,6,76,32,4,36,112
03/27/2008,EWB,MA,ANE,EN,Federal Contract Tower,0,1,9,2,12,0,19,47,0,66,0,20,56,2,78,78,2,80,158
03/28/2008,EWB,MA,ANE,EN,Federal Contract Tower,0,13,4,2,19,0,0,0,0,0,0,13,4,2,19,0,0,0,19
03/29/2008,EWB,MA,ANE,EN,Federal Contract Tower,0,1,16,2,19,0,6,35,4,45,0,7,51,6,64,102,6,108,172
03/30/2008,EWB,MA,ANE,EN,Federal Contract Tower,0,1,42,0,43,0,12,67,0,79,0,13,109,0,122,186,0,186,308
03/31/2008,EWB,MA,ANE,EN,Federal Contract Tower,0,1,20,0,21,0,10,6,0,16,0,11,26,0,37,54,0,54,91
04/01/2008,EWB,MA,ANE,EN,Federal Contract Tower,0,8,8,0,16,0,1,0,2,3,0,9,8,2,19,0,0,0,19
04/02/2008,EWB,MA,ANE,EN,Federal Contract Tower,0,10,5,4,19,0,19,78,2,99,0,29,83,6,118,128,22,150,268
04/03/2008,EWB,MA,ANE,EN,Federal Contract Tower,0,3,28,3,34,0,12,86,19,117,0,15,114,22,151,138,32,170,321
04/04/2008,EWB,MA,ANE,EN,Federal Contract Tower,0,14,12,0,26,0,0,0,0,0,0,14,12,0,26,6,2,8,34
04/05/2008,EWB,MA,ANE,EN,Federal Contract Tower,0,2,27,4,33,0,4,0,0,4,0,6,27,4,37,30,0,30,67
04/06/2008,EWB,MA,ANE,EN,Federal Contract Tower,0,11,22,2,35,0,2,0,0,2,0,13,22,2,37,8,2,10,47
04/07/2008,EWB,MA,ANE,EN,Federal Contract Tower,0,13,14,0,27,0,3,4,0,7,0,16,18,0,34,34,0,34,68
04/08/2008,EWB,MA,ANE,EN,Federal Contract Tower,0,1,24,0,25,0,16,70,0,86,0,17,94,0,111,90,0,90,201
04/09/2008,EWB,MA,ANE,EN,Federal Contract Tower,0,7,28,0,35,0,14,79,0,93,0,21,107,0,128,140,0,140,268
04/10/2008,EWB,MA,ANE,EN,Federal Contract Tower,0,5,13,0,18,0,7,49,0,56,0,12,62,0,74,58,2,60,134
04/11/2008,EWB,MA,ANE,EN,Federal Contract Tower,0,2,10,0,12,0,18,82,0,100,0,20,92,0,112,184,14,198,310
04/12/2008,EWB,MA,ANE,EN,Federal Contract Tower,0,6,22,0,28,0,0,16,0,16,0,6,38,0,44,18,0,18,62
04/13/2008,EWB,MA,ANE,EN,Federal Contract Tower,0,0,28,0,28,0,13,47,0,60,0,13,75,0,88,152,0,152,240
04/14/2008,EWB,MA,ANE,EN,Federal Contract Tower,0,5,28,0,33,0,11,61,0,72,0,16,89,0,105,186,2,188,293
04/15/2008,EWB,MA,ANE,EN,Federal Contract Tower,0,1,24,0,25,0,11,71,0,82,0,12,95,0,107,94,0,94,201
04/16/2008,EWB,MA,ANE,EN,Federal Contract Tower,0,2,16,0,18,0,15,103,4,122,0,17,119,4,140,176,0,176,316
04/17/2008,EWB,MA,ANE,EN,Federal Contract Tower,0,0,18,0,18,0,14,45,5,64,0,14,63,5,82,110,12,122,204
04/18/2008,EWB,MA,ANE,EN,Federal Contract Tower,0,0,12,0,12,0,19,123,4,146,0,19,135,4,158,240,0,240,398
04/19/2008,EWB,MA,ANE,EN,Federal Contract Tower,0,0,5,0,5,0,13,97,4,114,0,13,102,4,119,130,8,138,257
04/20/2008,EWB,MA,ANE,EN,Federal Contract Tower,0,0,15,0,15,0,12,65,0,77,0,12,80,0,92,124,0,124,216
04/21/2008,EWB,MA,ANE,EN,Federal Contract Tower,0,3,19,0,22,0,6,33,0,39,0,9,52,0,61,40,0,40,101
04/22/2008,EWB,MA,ANE,EN,Federal Contract Tower,0,6,28,4,38,0,6,53,2,61,0,12,81,6,99,118,0,118,217
04/23/2008,EWB,MA,ANE,EN,Federal Contract Tower,0,3,7,0,10,0,6,78,0,84,0,9,85,0,94,122,4,126,220
04/24/2008,EWB,MA,ANE,EN,Federal Contract Tower,0,0,6,0,6,0,17,61,11,89,0,17,67,11,95,96,0,96,191
04/25/2008,EWB,MA,ANE,EN,Federal Contract Tower,0,1,17,0,18,0,30,84,16,130,0,31,101,16,148,112,8,120,268
04/26/2008,EWB,MA,ANE,EN,Federal Contract Tower,0,0,11,0,11,0,13,55,0,68,0,13,66,0,79,106,0,106,185
04/27/2008,EWB,MA,ANE,EN,Federal Contract Tower,0,28,31,0,59,0,0,0,0,0,0,28,31,0,59,32,0,32,91
04/28/2008,EWB,MA,ANE,EN,Federal Contract Tower,0,10,12,0,22,0,7,0,0,7,0,17,12,0,29,6,0,6,35
04/29/2008,EWB,MA,ANE,EN,Federal Contract Tower,0,10,13,0,23,0,6,0,0,6,0,16,13,0,29,2,0,2,31
04/30/2008,EWB,MA,ANE,EN,Federal Contract Tower,0,0,23,2,25,0,15,91,9,115,0,15,114,11,140,166,8,174,314
05/01/2008,EWB,MA,ANE,EN,Federal Contract Tower,0,0,15,0,15,0,16,67,0,83,0,16,82,0,98,52,2,54,152
05/02/2008,EWB,MA,ANE,EN,Federal Contract Tower,0,16,19,0,35,0,0,0,0,0,0,16,19,0,35,0,0,0,35
05/03/2008,EWB,MA,ANE,EN,Federal Contract Tower,0,6,23,0,29,0,9,24,0,33,0,15,47,0,62,80,0,80,142
05/04/2008,EWB,MA,ANE,EN,Federal Contract Tower,0,12,6,0,18,0,0,0,0,0,0,12,6,0,18,6,0,6,24
05/05/2008,EWB,MA,ANE,EN,Federal Contract Tower,0,5,6,0,11,0,9,94,0,103,0,14,100,0,114,154,0,154,268
05/06/2008,EWB,MA,ANE,EN,Federal Contract Tower,0,0,16,1,17,0,9,67,0,76,0,9,83,1,93,174,24,198,291
05/07/2008,EWB,MA,ANE,EN,Federal Contract Tower,0,0,16,1,17,0,9,68,0,77,0,9,84,1,94,176,24,200,294
05/08/2008,EWB,MA,ANE,EN,Federal Contract Tower,0,13,26,0,39,0,11,5,0,16,0,24,31,0,55,26,0,26,81
05/09/2008,EWB,MA,ANE,EN,Federal Contract Tower,0,15,17,0,32,0,10,2,0,12,0,25,19,0,44,24,2,26,70
05/10/2008,EWB,MA,ANE,EN,Federal Contract Tower,0,2,9,0,11,0,4,67,13,84,0,6,76,13,95,70,6,76,171
05/11/2008,EWB,MA,ANE,EN,Federal Contract Tower,0,6,15,0,21,0,15,78,0,93,0,21,93,0,114,88,0,88,202
05/12/2008,EWB,MA,ANE,EN,Federal Contract Tower,0,5,3,0,8,0,17,6,0,23,0,22,9,0,31,0,0,0,31
05/13/2008,EWB,MA,ANE,EN,Federal Contract Tower,0,0,4,0,4,0,15,17,0,32,0,15,21,0,36,10,0,10,46
05/14/2008,EWB,MA,ANE,EN,Federal Contract Tower,0,0,29,0,29,0,21,67,0,88,0,21,96,0,117,100,0,100,217
05/15/2008,EWB,MA,ANE,EN,Federal Contract Tower,0,2,15,2,19,0,35,43,6,84,0,37,58,8,103,94,18,112,215
05/16/2008,EWB,MA,ANE,EN,Federal Contract Tower,0,2,10,0,12,0,42,40,0,82,0,44,50,0,94,36,0,36,130
05/17/2008,EWB,MA,ANE,EN,Federal Contract Tower,0,0,10,0,10,0,24,28,0,52,0,24,38,0,62,20,0,20,82
05/18/2008,EWB,MA,ANE,EN,Federal Contract Tower,0,4,20,0,24,0,34,50,2,86,0,38,70,2,110,90,6,96,206
05/19/2008,EWB,MA,ANE,EN,Federal Contract Tower,0,2,12,0,14,0,22,59,0,81,0,24,71,0,95,24,2,26,121
05/20/2008,EWB,MA,ANE,EN,Federal Contract Tower,0,1,7,0,8,0,19,50,0,69,0,20,57,0,77,60,0,60,137
05/21/2008,EWB,MA,ANE,EN,Federal Contract Tower,0,2,18,0,20,0,28,51,0,79,0,30,69,0,99,108,0,108,207
05/22/2008,EWB,MA,ANE,EN,Federal Contract Tower,0,5,21,0,26,0,29,66,0,95,0,34,87,0,121,88,0,88,209
05/23/2008,EWB,MA,ANE,EN,Federal Contract Tower,0,0,12,0,12,0,57,59,0,116,0,57,71,0,128,92,0,92,220
05/24/2008,EWB,MA,ANE,EN,Federal Contract Tower,0,0,16,0,16,0,23,80,0,103,0,23,96,0,119,104,0,104,223
05/25/2008,EWB,MA,ANE,EN,Federal Contract Tower,0,4,27,0,31,0,32,107,2,141,0,36,134,2,172,178,6,184,356
05/26/2008,EWB,MA,ANE,EN,Federal Contract Tower,0,4,12,0,16,0,48,111,0,159,0,52,123,0,175,14,0,14,189
05/27/2008,EWB,MA,ANE,EN,Federal Contract Tower,0,24,13,0,37,0,14,9,0,23,0,38,22,0,60,14,0,14,74
05/28/2008,EWB,MA,ANE,EN,Federal Contract Tower,0,0,16,0,16,0,29,78,0,107,0,29,94,0,123,78,0,78,201
05/29/2008,EWB,MA,ANE,EN,Federal Contract Tower,0,5,29,2,36,0,20,71,0,91,0,25,100,2,127,88,6,94,221
05/30/2008,EWB,MA,ANE,EN,Federal Contract Tower,0,21,7,0,28,0,19,92,0,111,0,40,99,0,139,138,2,140,279
05/31/2008,EWB,MA,ANE,EN,Federal Contract Tower,0,17,7,0,24,0,4,0,0,4,0,21,7,0,28,0,0,0,28
06/01/2008,EWB,MA,ANE,EN,Federal Contract Tower,0,10,18,0,28,0,34,56,0,90,0,44,74,0,118,64,0,64,182
06/02/2008,EWB,MA,ANE,EN,Federal Contract Tower,0,7,30,0,37,0,26,75,4,105,0,33,105,4,142,74,0,74,216
06/03/2008,EWB,MA,ANE,EN,Federal Contract Tower,0,0,0,0,0,0,19,53,0,72,0,19,53,0,72,40,4,44,116
06/04/2008,EWB,MA,ANE,EN,Federal Contract Tower,0,4,7,0,11,0,6,1,0,7,0,10,8,0,18,2,0,2,20
06/05/2008,EWB,MA,ANE,EN,Federal Contract Tower,0,0,0,0,0,0,3,5,0,8,0,3,5,0,8,2,0,2,10
06/06/2008,EWB,MA,ANE,EN,Federal Contract Tower,0,38,10,0,48,0,1,16,0,17,0,39,26,0,65,24,0,24,89
06/07/2008,EWB,MA,ANE,EN,Federal Contract Tower,0,10,31,0,41,0,12,30,0,42,0,22,61,0,83,72,0,72,155
06/08/2008,EWB,MA,ANE,EN,Federal Contract Tower,0,3,13,0,16,0,36,74,0,110,0,39,87,0,126,92,0,92,218
06/09/2008,EWB,MA,ANE,EN,Federal Contract Tower,0,0,0,0,0,0,25,87,6,118,0,25,87,6,118,102,0,102,220
06/10/2008,EWB,MA,ANE,EN,Federal Contract Tower,0,0,0,0,0,0,25,87,6,118,0,25,87,6,118,102,0,102,220
06/11/2008,EWB,MA,ANE,EN,Federal Contract Tower,0,3,6,0,9,0,30,93,0,123,0,33,99,0,132,112,0,112,244
06/12/2008,EWB,MA,ANE,EN,Federal Contract Tower,0,5,10,0,15,0,44,83,0,127,0,49,93,0,142,74,4,78,220
06/13/2008,EWB,MA,ANE,EN,Federal Contract Tower,0,0,0,0,0,0,43,91,0,134,0,43,91,0,134,84,0,84,218
06/14/2008,EWB,MA,ANE,EN,Federal Contract Tower,0,1,16,2,19,0,19,104,0,123,0,20,120,2,142,172,0,172,314
06/15/2008,EWB,MA,ANE,EN,Federal Contract Tower,0,19,13,0,32,0,10,0,0,10,0,29,13,0,42,8,0,8,50
06/16/2008,EWB,MA,ANE,EN,Federal Contract Tower,0,0,0,0,0,0,29,14,0,43,0,29,14,0,43,8,0,8,51
06/17/2008,EWB,MA,ANE,EN,Federal Contract Tower,0,0,0,0,0,0,29,60,2,91,0,29,60,2,91,50,0,50,141
06/18/2008,EWB,MA,ANE,EN,Federal Contract Tower,0,3,17,0,20,0,30,81,0,111,0,33,98,0,131,96,0,96,227
06/19/2008,EWB,MA,ANE,EN,Federal Contract Tower,0,0,7,0,7,0,43,60,0,103,0,43,67,0,110,90,0,90,200
06/20/2008,EWB,MA,ANE,EN,Federal Contract Tower,0,6,18,0,24,0,44,56,0,100,0,50,74,0,124,76,0,76,200
06/21/2008,EWB,MA,ANE,EN,Federal Contract Tower,0,0,36,0,36,0,24,88,3,115,0,24,124,3,151,90,0,90,241
06/22/2008,EWB,MA,ANE,EN,Federal Contract Tower,0,2,17,0,19,0,33,19,0,52,0,35,36,0,71,10,0,10,81
06/23/2008,EWB,MA,ANE,EN,Federal Contract Tower,0,23,9,0,32,0,13,32,0,45,0,36,41,0,77,0,0,0,77
06/24/2008,EWB,MA,ANE,EN,Federal Contract Tower,0,13,8,2,23,0,13,19,0,32,0,26,27,2,55,10,2,12,67
06/25/2008,EWB,MA,ANE,EN,Federal Contract Tower,0,2,5,0,7,0,20,99,4,123,0,22,104,4,130,102,0,102,232
06/26/2008,EWB,MA,ANE,EN,Federal Contract Tower,0,9,6,0,15,0,38,86,0,124,0,47,92,0,139,102,6,108,247
06/27/2008,EWB,MA,ANE,EN,Federal Contract Tower,0,6,23,0,29,0,50,101,0,151,0,56,124,0,180,134,0,134,314
06/28/2008,EWB,MA,ANE,EN,Federal Contract Tower,0,11,16,0,27,0,32,61,0,93,0,43,77,0,120,76,0,76,196
06/29/2008,EWB,MA,ANE,EN,Federal Contract Tower,0,17,11,0,28,0,31,69,2,102,0,48,80,2,130,40,0,40,170
06/30/2008,EWB,MA,ANE,EN,Federal Contract Tower,0,18,20,0,38,0,23,70,0,93,0,41,90,0,131,10,0,10,141
07/01/2008,EWB,MA,ANE,EN,Federal Contract Tower,0,12,13,4,29,0,30,47,2,79,0,42,60,6,108,74,4,78,186
07/02/2008,EWB,MA,ANE,EN,Federal Contract Tower,0,8,14,0,22,0,44,87,0,131,0,52,101,0,153,74,6,80,233
07/03/2008,EWB,MA,ANE,EN,Federal Contract Tower,0,3,4,0,7,0,48,68,0,116,0,51,72,0,123,14,0,14,137
07/04/2008,EWB,MA,ANE,EN,Federal Contract Tower,0,8,18,0,26,0,38,58,0,96,0,46,76,0,122,34,0,34,156
07/05/2008,EWB,MA,ANE,EN,Federal Contract Tower,0,43,12,0,55,0,0,0,0,0,0,43,12,0,55,6,0,6,61
07/06/2008,EWB,MA,ANE,EN,Federal Contract Tower,0,32,20,0,52,0,36,47,0,83,0,68,67,0,135,90,0,90,225
07/07/2008,EWB,MA,ANE,EN,Federal Contract Tower,0,16,8,2,26,0,47,71,4,122,0,63,79,6,148,70,4,74,222
07/08/2008,EWB,MA,ANE,EN,Federal Contract Tower,0,14,10,2,26,0,46,123,0,169,0,60,133,2,195,124,9,133,328
07/09/2008,EWB,MA,ANE,EN,Federal Contract Tower,0,12,13,2,27,0,30,61,0,91,0,42,74,2,118,110,0,110,228
07/10/2008,EWB,MA,ANE,EN,Federal Contract Tower,0,6,11,0,17,0,33,94,0,127,0,39,105,0,144,86,0,86,230
07/11/2008,EWB,MA,ANE,EN,Federal Contract Tower,0,6,15,0,21,0,46,101,2,149,0,52,116,2,170,84,0,84,254
07/12/2008,EWB,MA,ANE,EN,Federal Contract Tower,0,5,18,0,23,0,34,87,6,127,0,39,105,6,150,104,0,104,254
07/13/2008,EWB,MA,ANE,EN,Federal Contract Tower,0,8,16,0,24,0,50,83,0,133,0,58,99,0,157,60,0,60,217
07/14/2008,EWB,MA,ANE,EN,Federal Contract Tower,0,11,9,4,24,0,29,23,0,52,0,40,32,4,76,26,0,26,102
07/15/2008,EWB,MA,ANE,EN,Federal Contract Tower,0,5,31,0,36,0,36,90,0,126,0,41,121,0,162,84,0,84,246
07/16/2008,EWB,MA,ANE,EN,Federal Contract Tower,0,12,27,0,39,0,54,142,2,198,0,66,169,2,237,206,0,206,443
07/17/2008,EWB,MA,ANE,EN,Federal Contract Tower,0,8,22,2,32,0,46,97,2,145,0,54,119,4,177,106,2,108,285
07/18/2008,EWB,MA,ANE,EN,Federal Contract Tower,0,2,19,1,22,0,56,105,4,165,0,58,124,5,187,52,4,56,243
07/19/2008,EWB,MA,ANE,EN,Federal Contract Tower,0,2,14,0,16,0,44,77,0,121,0,46,91,0,137,72,0,72,209
07/20/2008,EWB,MA,ANE,EN,Federal Contract Tower,0,25,21,0,46,0,37,36,0,73,0,62,57,0,119,46,0,46,165
07/21/2008,EWB,MA,ANE,EN,Federal Contract Tower,0,37,19,0,56,0,27,83,0,110,0,64,102,0,166,102,0,102,268
07/22/2008,EWB,MA,ANE,EN,Federal Contract Tower,0,11,31,0,42,0,34,98,10,142,0,45,129,10,184,70,18,88,272
07/23/2008,EWB,MA,ANE,EN,Federal Contract Tower,0,31,14,0,45,0,0,2,0,2,0,31,16,0,47,0,0,0,47
07/24/2008,EWB,MA,ANE,EN,Federal Contract Tower,0,29,12,0,41,0,18,49,0,67,0,47,61,0,108,0,0,0,108
07/25/2008,EWB,MA,ANE,EN,Federal Contract Tower,0,22,33,0,55,0,42,83,0,125,0,64,116,0,180,54,0,54,234
07/26/2008,EWB,MA,ANE,EN,Federal Contract Tower,0,3,24,0,27,0,47,101,2,150,0,50,125,2,177,74,0,74,251
07/27/2008,EWB,MA,ANE,EN,Federal Contract Tower,0,9,19,0,28,0,39,31,0,70,0,48,50,0,98,54,0,54,152
07/28/2008,EWB,MA,ANE,EN,Federal Contract Tower,0,19,34,0,53,0,25,94,0,119,0,44,128,0,172,54,0,54,226
07/29/2008,EWB,MA,ANE,EN,Federal Contract Tower,0,2,40,0,42,0,39,142,0,181,0,41,182,0,223,138,0,138,361
07/30/2008,EWB,MA,ANE,EN,Federal Contract Tower,0,3,25,0,28,0,32,73,2,107,0,35,98,2,135,98,2,100,235
07/31/2008,EWB,MA,ANE,EN,Federal Contract Tower,0,14,25,0,39,0,35,60,0,95,0,49,85,0,134,36,0,36,170
08/01/2008,EWB,MA,ANE,EN,Federal Contract Tower,0,17,15,0,32,0,70,161,0,231,0,87,176,0,263,188,2,190,453
08/02/2008,EWB,MA,ANE,EN,Federal Contract Tower,0,3,37,0,40,0,34,85,4,123,0,37,122,4,163,108,0,108,271
08/03/2008,EWB,MA,ANE,EN,Federal Contract Tower,0,16,28,0,44,0,34,47,0,81,0,50,75,0,125,68,0,68,193
08/04/2008,EWB,MA,ANE,EN,Federal Contract Tower,0,6,9,1,16,0,54,77,0,131,0,60,86,1,147,128,0,128,275
08/05/2008,EWB,MA,ANE,EN,Federal Contract Tower,0,3,49,0,52,0,35,81,0,116,0,38,130,0,168,82,0,82,250
08/06/2008,EWB,MA,ANE,EN,Federal Contract Tower,0,19,10,0,29,0,24,54,0,78,0,43,64,0,107,2,0,2,109
08/07/2008,EWB,MA,ANE,EN,Federal Contract Tower,0,13,39,0,52,0,39,66,0,105,0,52,105,0,157,70,0,70,227
08/08/2008,EWB,MA,ANE,EN,Federal Contract Tower,0,14,27,0,41,0,62,110,0,172,0,76,137,0,213,66,0,66,279
08/09/2008,EWB,MA,ANE,EN,Federal Contract Tower,0,16,45,0,61,0,37,82,0,119,0,53,127,0,180,44,0,44,224
08/10/2008,EWB,MA,ANE,EN,Federal Contract Tower,0,12,39,0,51,0,56,113,0,169,0,68,152,0,220,90,0,90,310
08/11/2008,EWB,MA,ANE,EN,Federal Contract Tower,0,21,15,0,36,0,33,8,0,41,0,54,23,0,77,10,0,10,87
08/12/2008,EWB,MA,ANE,EN,Federal Contract Tower,0,9,39,6,54,0,21,46,0,67,0,30,85,6,121,34,8,42,163
08/13/2008,EWB,MA,ANE,EN,Federal Contract Tower,0,2,20,2,24,0,40,116,6,162,0,42,136,8,186,74,8,82,268
08/14/2008,EWB,MA,ANE,EN,Federal Contract Tower,0,18,51,4,73,0,42,50,0,92,0,60,101,4,165,104,10,114,279
08/15/2008,EWB,MA,ANE,EN,Federal Contract Tower,0,8,20,4,32,0,71,65,2,138,0,79,85,6,170,78,2,80,250
08/16/2008,EWB,MA,ANE,EN,Federal Contract Tower,0,11,24,0,35,0,37,54,0,91,0,48,78,0,126,46,4,50,176
08/17/2008,EWB,MA,ANE,EN,Federal Contract Tower,0,2,22,4,28,0,49,125,0,174,0,51,147,4,202,80,2,82,284
08/18/2008,EWB,MA,ANE,EN,Federal Contract Tower,0,2,27,0,29,0,36,74,0,110,0,38,101,0,139,78,0,78,217
08/19/2008,EWB,MA,ANE,EN,Federal Contract Tower,0,4,21,4,29,0,32,78,0,110,0,36,99,4,139,96,4,100,239
08/20/2008,EWB,MA,ANE,EN,Federal Contract Tower,0,4,15,0,19,0,34,106,0,140,0,38,121,0,159,106,0,106,265
08/21/2008,EWB,MA,ANE,EN,Federal Contract Tower,0,2,25,0,27,0,40,101,0,141,0,42,126,0,168,106,0,106,274
08/22/2008,EWB,MA,ANE,EN,Federal Contract Tower,0,4,25,0,29,0,44,106,2,152,0,48,131,2,181,24,12,36,217
08/23/2008,EWB,MA,ANE,EN,Federal Contract Tower,0,0,38,0,38,0,31,118,0,149,0,31,156,0,187,86,0,86,273
08/24/2008,EWB,MA,ANE,EN,Federal Contract Tower,0,5,19,0,24,0,42,172,2,216,0,47,191,2,240,108,0,108,348
08/25/2008,EWB,MA,ANE,EN,Federal Contract Tower,0,7,9,0,16,0,37,35,0,72,0,44,44,0,88,34,0,34,122
08/26/2008,EWB,MA,ANE,EN,Federal Contract Tower,0,1,34,4,39,0,40,91,0,131,0,41,125,4,170,94,2,96,266
08/27/2008,EWB,MA,ANE,EN,Federal Contract Tower,0,2,22,0,24,0,34,104,0,138,0,36,126,0,162,124,0,124,286
08/28/2008,EWB,MA,ANE,EN,Federal Contract Tower,0,6,14,2,22,0,50,142,0,192,0,56,156,2,214,134,0,134,348
08/29/2008,EWB,MA,ANE,EN,Federal Contract Tower,0,5,31,2,38,0,46,98,2,146,0,51,129,4,184,64,2,66,250
08/30/2008,EWB,MA,ANE,EN,Federal Contract Tower,0,15,24,0,39,0,14,26,0,40,0,29,50,0,79,10,0,10,89
08/31/2008,EWB,MA,ANE,EN,Federal Contract Tower,0,0,20,0,20,0,31,146,2,179,0,31,166,2,199,188,2,190,389
09/01/2008,EWB,MA,ANE,EN,Federal Contract Tower,0,3,9,0,12,0,51,107,2,160,0,54,116,2,172,64,0,64,236
09/02/2008,EWB,MA,ANE,EN,Federal Contract Tower,0,4,10,0,14,0,41,65,0,106,0,45,75,0,120,28,0,28,148
09/03/2008,EWB,MA,ANE,EN,Federal Contract Tower,0,3,14,7,24,0,28,62,0,90,0,31,76,7,114,62,4,66,180
09/04/2008,EWB,MA,ANE,EN,Federal Contract Tower,0,13,17,0,30,0,34,49,2,85,0,47,66,2,115,46,0,46,161
09/05/2008,EWB,MA,ANE,EN,Federal Contract Tower,0,8,24,0,32,0,36,37,0,73,0,44,61,0,105,56,0,56,161
09/06/2008,EWB,MA,ANE,EN,Federal Contract Tower,0,9,6,0,15,0,0,0,0,0,0,9,6,0,15,0,0,0,15
09/07/2008,EWB,MA,ANE,EN,Federal Contract Tower,0,6,8,0,14,0,44,43,0,87,0,50,51,0,101,40,0,40,141
09/08/2008,EWB,MA,ANE,EN,Federal Contract Tower,0,0,16,0,16,0,33,87,0,120,0,33,103,0,136,82,0,82,218
09/09/2008,EWB,MA,ANE,EN,Federal Contract Tower,0,10,13,0,23,0,28,38,0,66,0,38,51,0,89,20,0,20,109
09/10/2008,EWB,MA,ANE,EN,Federal Contract Tower,0,8,16,0,24,0,38,67,0,105,0,46,83,0,129,86,6,92,221
09/11/2008,EWB,MA,ANE,EN,Federal Contract Tower,0,0,28,0,28,0,38,89,0,127,0,38,117,0,155,28,0,28,183
09/12/2008,EWB,MA,ANE,EN,Federal Contract Tower,0,4,14,0,18,0,37,45,0,82,0,41,59,0,100,46,0,46,146
09/13/2008,EWB,MA,ANE,EN,Federal Contract Tower,0,15,15,0,30,0,6,7,0,13,0,21,22,0,43,6,0,6,49
09/14/2008,EWB,MA,ANE,EN,Federal Contract Tower,0,39,16,0,55,0,0,0,0,0,0,39,16,0,55,0,0,0,55
09/15/2008,EWB,MA,ANE,EN,Federal Contract Tower,0,1,4,0,5,0,31,23,0,54,0,32,27,0,59,46,2,48,107
09/16/2008,EWB,MA,ANE,EN,Federal Contract Tower,0,4,15,0,19,0,23,105,0,128,0,27,120,0,147,138,2,140,287
09/17/2008,EWB,MA,ANE,EN,Federal Contract Tower,0,2,11,4,17,0,27,87,2,116,0,29,98,6,133,96,4,100,233
09/18/2008,EWB,MA,ANE,EN,Federal Contract Tower,0,4,28,0,32,0,34,62,2,98,0,38,90,2,130,58,2,60,190
09/19/2008,EWB,MA,ANE,EN,Federal Contract Tower,0,34,76,0,110,0,5,10,0,15,0,39,86,0,125,106,0,106,231
09/20/2008,EWB,MA,ANE,EN,Federal Contract Tower,0,0,26,0,26,0,28,104,0,132,0,28,130,0,158,110,0,110,268
09/21/2008,EWB,MA,ANE,EN,Federal Contract Tower,0,2,19,0,21,0,34,91,0,125,0,36,110,0,146,78,0,78,224
09/22/2008,EWB,MA,ANE,EN,Federal Contract Tower,0,15,33,0,48,0,20,60,0,80,0,35,93,0,128,56,0,56,184
09/23/2008,EWB,MA,ANE,EN,Federal Contract Tower,0,8,13,0,21,0,25,69,0,94,0,33,82,0,115,112,0,112,227
09/24/2008,EWB,MA,ANE,EN,Federal Contract Tower,0,1,6,5,12,0,28,95,0,123,0,29,101,5,135,36,4,40,175
09/25/2008,EWB,MA,ANE,EN,Federal Contract Tower,0,6,46,0,52,0,22,70,2,94,0,28,116,2,146,60,0,60,206
09/26/2008,EWB,MA,ANE,EN,Federal Contract Tower,0,23,2,0,25,0,0,0,0,0,0,23,2,0,25,0,0,0,25
09/27/2008,EWB,MA,ANE,EN,Federal Contract Tower,0,12,2,0,14,0,1,0,0,1,0,13,2,0,15,0,0,0,15
09/28/2008,EWB,MA,ANE,EN,Federal Contract Tower,0,15,8,0,23,0,8,28,0,36,0,23,36,0,59,0,0,0,59
09/29/2008,EWB,MA,ANE,EN,Federal Contract Tower,0,12,19,0,31,0,23,36,0,59,0,35,55,0,90,26,0,26,116
09/30/2008,EWB,MA,ANE,EN,Federal Contract Tower,0,11,25,0,36,0,16,14,2,32,0,27,39,2,68,26,0,26,94
10/01/2008,EWB,MA,ANE,EN,Federal Contract Tower,0,4,6,0,10,0,19,12,0,31,0,23,18,0,41,4,2,6,47
10/02/2008,EWB,MA,ANE,EN,Federal Contract Tower,0,0,22,0,22,0,24,66,0,90,0,24,88,0,112,82,0,82,194
10/03/2008,EWB,MA,ANE,EN,Federal Contract Tower,0,3,8,0,11,0,34,47,0,81,0,37,55,0,92,50,0,50,142
10/04/2008,EWB,MA,ANE,EN,Federal Contract Tower,0,0,19,0,19,0,21,55,0,76,0,21,74,0,95,100,2,102,197
10/05/2008,EWB,MA,ANE,EN,Federal Contract Tower,0,10,15,0,25,0,18,14,0,32,0,28,29,0,57,10,0,10,67
10/06/2008,EWB,MA,ANE,EN,Federal Contract Tower,0,3,16,1,20,0,27,48,0,75,0,30,64,1,95,86,2,88,183
10/07/2008,EWB,MA,ANE,EN,Federal Contract Tower,0,0,20,0,20,0,36,95,0,131,0,36,115,0,151,94,0,94,245
10/08/2008,EWB,MA,ANE,EN,Federal Contract Tower,0,6,12,2,20,0,21,55,0,76,0,27,67,2,96,114,0,114,210
10/09/2008,EWB,MA,ANE,EN,Federal Contract Tower,0,18,4,4,26,0,20,68,0,88,0,38,72,4,114,74,0,74,188
10/10/2008,EWB,MA,ANE,EN,Federal Contract Tower,0,26,0,0,26,0,49,88,0,137,0,75,88,0,163,174,2,176,339
10/11/2008,EWB,MA,ANE,EN,Federal Contract Tower,0,0,10,0,10,0,30,97,0,127,0,30,107,0,137,148,0,148,285
10/12/2008,EWB,MA,ANE,EN,Federal Contract Tower,0,2,37,0,39,0,29,81,0,110,0,31,118,0,149,136,0,136,285
10/13/2008,EWB,MA,ANE,EN,Federal Contract Tower,0,3,24,0,27,0,38,47,2,87,0,41,71,2,114,96,2,98,212
10/14/2008,EWB,MA,ANE,EN,Federal Contract Tower,0,3,8,0,11,0,32,76,0,108,0,35,84,0,119,90,0,90,209
10/15/2008,EWB,MA,ANE,EN,Federal Contract Tower,0,10,7,2,19,0,32,75,0,107,0,42,82,2,126,130,0,130,256
10/16/2008,EWB,MA,ANE,EN,Federal Contract Tower,0,11,19,4,34,0,13,33,0,46,0,24,52,4,80,40,8,48,128
10/17/2008,EWB,MA,ANE,EN,Federal Contract Tower,0,6,18,2,26,0,40,132,0,172,0,46,150,2,198,140,4,144,342
10/18/2008,EWB,MA,ANE,EN,Federal Contract Tower,0,11,9,1,21,0,26,110,0,136,0,37,119,1,157,134,0,134,291
10/19/2008,EWB,MA,ANE,EN,Federal Contract Tower,0,1,18,0,19,0,23,78,0,101,0,24,96,0,120,14,0,14,134
10/20/2008,EWB,MA,ANE,EN,Federal Contract Tower,0,8,14,0,22,0,30,77,0,107,0,38,91,0,129,98,0,98,227
10/21/2008,EWB,MA,ANE,EN,Federal Contract Tower,0,2,8,0,10,0,19,60,0,79,0,21,68,0,89,38,0,38,127
10/22/2008,EWB,MA,ANE,EN,Federal Contract Tower,0,4,4,0,8,0,6,5,0,11,0,10,9,0,19,2,0,2,21
10/23/2008,EWB,MA,ANE,EN,Federal Contract Tower,0,2,23,2,27,0,16,100,2,118,0,18,123,4,145,114,0,114,259
10/24/2008,EWB,MA,ANE,EN,Federal Contract Tower,0,4,18,0,22,0,23,114,0,137,0,27,132,0,159,104,0,104,263
10/25/2008,EWB,MA,ANE,EN,Federal Contract Tower,0,1,3,0,4,0,15,47,4,66,0,16,50,4,70,34,2,36,106
10/26/2008,EWB,MA,ANE,EN,Federal Contract Tower,0,0,0,0,0,0,34,92,0,126,0,34,92,0,126,148,0,148,274
10/27/2008,EWB,MA,ANE,EN,Federal Contract Tower,0,3,24,0,27,0,19,84,0,103,0,22,108,0,130,80,0,80,210
10/28/2008,EWB,MA,ANE,EN,Federal Contract Tower,0,1,3,0,4,0,12,26,0,38,0,13,29,0,42,0,0,0,42
10/29/2008,EWB,MA,ANE,EN,Federal Contract Tower,0,0,3,0,3,0,9,10,0,19,0,9,13,0,22,8,2,10,32
10/30/2008,EWB,MA,ANE,EN,Federal Contract Tower,0,1,17,1,19,0,24,96,2,122,0,25,113,3,141,128,2,130,271
10/31/2008,EWB,MA,ANE,EN,Federal Contract Tower,0,0,32,5,37,0,18,73,2,93,0,18,105,7,130,100,6,106,236
11/01/2008,EWB,MA,ANE,EN,Federal Contract Tower,0,0,39,0,39,0,9,61,4,74,0,9,100,4,113,168,0,168,281
11/02/2008,EWB,MA,ANE,EN,Federal Contract Tower,0,0,14,0,14,0,10,60,0,70,0,10,74,0,84,74,0,74,158
11/03/2008,EWB,MA,ANE,EN,Federal Contract Tower,0,6,2,0,8,0,16,47,0,63,0,22,49,0,71,42,0,42,113
11/04/2008,EWB,MA,ANE,EN,Federal Contract Tower,0,1,17,2,20,0,17,55,0,72,0,18,72,2,92,12,0,12,104
11/05/2008,EWB,MA,ANE,EN,Federal Contract Tower,0,0,9,0,9,0,10,54,0,64,0,10,63,0,73,80,0,80,153
11/06/2008,EWB,MA,ANE,EN,Federal Contract Tower,0,7,3,0,10,0,0,0,0,0,0,7,3,0,10,0,0,0,10
11/07/2008,EWB,MA,ANE,EN,Federal Contract Tower,0,16,9,0,25,0,0,0,0,0,0,16,9,0,25,0,0,0,25
11/08/2008,EWB,MA,ANE,EN,Federal Contract Tower,0,8,6,0,14,0,0,0,0,0,0,8,6,0,14,2,0,2,16
11/09/2008,EWB,MA,ANE,EN,Federal Contract Tower,0,4,4,0,8,0,18,72,0,90,0,22,76,0,98,88,0,88,186
11/10/2008,EWB,MA,ANE,EN,Federal Contract Tower,0,0,10,0,10,0,9,47,0,56,0,9,57,0,66,70,2,72,138
11/11/2008,EWB,MA,ANE,EN,Federal Contract Tower,0,0,4,0,4,0,13,68,4,85,0,13,72,4,89,70,2,72,161
11/12/2008,EWB,MA,ANE,EN,Federal Contract Tower,0,0,16,0,16,0,17,107,2,126,0,17,123,2,142,44,0,44,186
11/13/2008,EWB,MA,ANE,EN,Federal Contract Tower,0,4,15,0,19,0,17,64,0,81,0,21,79,0,100,60,0,60,160
11/14/2008,EWB,MA,ANE,EN,Federal Contract Tower,0,7,9,0,16,0,0,0,0,0,0,7,9,0,16,8,0,8,24
11/15/2008,EWB,MA,ANE,EN,Federal Contract Tower,0,5,6,0,11,0,1,0,0,1,0,6,6,0,12,0,0,0,12
11/16/2008,EWB,MA,ANE,EN,Federal Contract Tower,0,0,4,0,4,0,8,8,0,16,0,8,12,0,20,0,0,0,20
11/17/2008,EWB,MA,ANE,EN,Federal Contract Tower,0,2,7,2,11,0,18,96,0,114,0,20,103,2,125,116,0,116,241
11/18/2008,EWB,MA,ANE,EN,Federal Contract Tower,0,4,22,0,26,0,19,51,3,73,0,23,73,3,99,46,0,46,145
11/19/2008,EWB,MA,ANE,EN,Federal Contract Tower,0,1,6,0,7,0,11,103,0,114,0,12,109,0,121,174,0,174,295
11/20/2008,EWB,MA,ANE,EN,Federal Contract Tower,0,0,20,0,20,0,17,98,0,115,0,17,118,0,135,128,0,128,263
11/21/2008,EWB,MA,ANE,EN,Federal Contract Tower,0,3,16,2,21,0,15,80,0,95,0,18,96,2,116,166,0,166,282
11/22/2008,EWB,MA,ANE,EN,Federal Contract Tower,0,0,4,0,4,0,6,12,0,18,0,6,16,0,22,10,0,10,32
11/23/2008,EWB,MA,ANE,EN,Federal Contract Tower,0,1,4,0,5,0,14,159,0,173,0,15,163,0,178,90,0,90,268
11/24/2008,EWB,MA,ANE,EN,Federal Contract Tower,0,1,12,0,13,0,21,74,0,95,0,22,86,0,108,92,0,92,200
11/25/2008,EWB,MA,ANE,EN,Federal Contract Tower,0,11,0,0,11,0,4,4,4,12,0,15,4,4,23,0,0,0,23
11/26/2008,EWB,MA,ANE,EN,Federal Contract Tower,0,0,17,0,17,0,26,107,4,137,0,26,124,4,154,154,4,158,312
11/27/2008,EWB,MA,ANE,EN,Federal Contract Tower,0,0,4,0,4,0,11,46,4,61,0,11,50,4,65,36,0,36,101
11/28/2008,EWB,MA,ANE,EN,Federal Contract Tower,0,0,6,0,6,0,13,38,2,53,0,13,44,2,59,80,0,80,139
11/29/2008,EWB,MA,ANE,EN,Federal Contract Tower,0,0,13,0,13,0,10,77,0,87,0,10,90,0,100,106,0,106,206
11/30/2008,EWB,MA,ANE,EN,Federal Contract Tower,0,15,2,0,17,0,7,8,0,15,0,22,10,0,32,0,0,0,32
12/01/2008,EWB,MA,ANE,EN,Federal Contract Tower,0,7,8,0,15,0,15,59,4,78,0,22,67,4,93,58,0,58,151
12/02/2008,EWB,MA,ANE,EN,Federal Contract Tower,0,0,12,0,12,0,10,62,0,72,0,10,74,0,84,78,0,78,162
12/03/2008,EWB,MA,ANE,EN,Federal Contract Tower,0,1,14,0,15,0,13,52,4,69,0,14,66,4,84,72,10,82,166
12/04/2008,EWB,MA,ANE,EN,Federal Contract Tower,0,2,1,0,3,0,22,43,2,67,0,24,44,2,70,20,2,22,92
12/05/2008,EWB,MA,ANE,EN,Federal Contract Tower,0,0,17,2,19,0,25,107,0,132,0,25,124,2,151,154,0,154,305
12/06/2008,EWB,MA,ANE,EN,Federal Contract Tower,0,0,18,0,18,0,19,85,4,108,0,19,103,4,126,106,0,106,232
12/07/2008,EWB,MA,ANE,EN,Federal Contract Tower,0,14,6,0,20,0,8,1,0,9,0,22,7,0,29,0,0,0,29
12/08/2008,EWB,MA,ANE,EN,Federal Contract Tower,0,2,10,0,12,0,13,32,0,45,0,15,42,0,57,42,0,42,99
12/09/2008,EWB,MA,ANE,EN,Federal Contract Tower,0,3,1,1,5,0,10,29,0,39,0,13,30,1,44,38,8,46,90
12/10/2008,EWB,MA,ANE,EN,Federal Contract Tower,0,4,1,0,5,0,6,1,0,7,0,10,2,0,12,0,0,0,12
12/11/2008,EWB,MA,ANE,EN,Federal Contract Tower,0,7,0,0,7,0,0,0,0,0,0,7,0,0,7,0,0,0,7
12/12/2008,EWB,MA,ANE,EN,Federal Contract Tower,0,4,4,0,8,0,4,2,0,6,0,8,6,0,14,6,0,6,20
12/13/2008,EWB,MA,ANE,EN,Federal Contract Tower,0,0,12,0,12,0,11,68,0,79,0,11,80,0,91,94,0,94,185
12/14/2008,EWB,MA,ANE,EN,Federal Contract Tower,0,0,9,0,9,0,7,58,0,65,0,7,67,0,74,62,0,62,136
12/15/2008,EWB,MA,ANE,EN,Federal Contract Tower,0,2,0,0,2,0,13,23,2,38,0,15,23,2,40,14,0,14,54
12/16/2008,EWB,MA,ANE,EN,Federal Contract Tower,0,0,18,0,18,0,18,33,0,51,0,18,51,0,69,66,0,66,135
12/17/2008,EWB,MA,ANE,EN,Federal Contract Tower,0,7,2,0,9,0,0,0,0,0,0,7,2,0,9,2,0,2,11
12/18/2008,EWB,MA,ANE,EN,Federal Contract Tower,0,1,27,0,28,0,25,62,0,87,0,26,89,0,115,98,2,100,215
12/19/2008,EWB,MA,ANE,EN,Federal Contract Tower,0,1,0,6,7,0,10,53,0,63,0,11,53,6,70,66,0,66,136
12/20/2008,EWB,MA,ANE,EN,Federal Contract Tower,0,0,0,0,0,0,0,0,0,0,0,0,0,0,0,0,0,0,0
12/21/2008,EWB,MA,ANE,EN,Federal Contract Tower,0,0,0,0,0,0,0,0,0,0,0,0,0,0,0,0,0,0,0
12/22/2008,EWB,MA,ANE,EN,Federal Contract Tower,0,0,1,4,5,0,13,26,0,39,0,13,27,4,44,16,8,24,68
12/23/2008,EWB,MA,ANE,EN,Federal Contract Tower,0,2,7,0,9,0,15,42,0,57,0,17,49,0,66,58,0,58,124
12/24/2008,EWB,MA,ANE,EN,Federal Contract Tower,0,9,1,0,10,0,6,3,0,9,0,15,4,0,19,2,0,2,21
12/25/2008,EWB,MA,ANE,EN,Federal Contract Tower,0,0,4,0,4,0,6,4,0,10,0,6,8,0,14,4,0,4,18
12/26/2008,EWB,MA,ANE,EN,Federal Contract Tower,0,0,24,0,24,0,17,109,0,126,0,17,133,0,150,124,0,124,274
12/27/2008,EWB,MA,ANE,EN,Federal Contract Tower,0,7,12,0,19,0,5,60,0,65,0,12,72,0,84,86,0,86,170
12/28/2008,EWB,MA,ANE,EN,Federal Contract Tower,0,0,1,0,1,0,0,0,0,0,0,0,1,0,1,0,0,0,1
12/29/2008,EWB,MA,ANE,EN,Federal Contract Tower,0,0,2,0,2,0,19,57,0,76,0,19,59,0,78,32,0,32,110
12/30/2008,EWB,MA,ANE,EN,Federal Contract Tower,0,0,6,0,6,0,7,27,0,34,0,7,33,0,40,16,0,16,56
12/31/2008,EWB,MA,ANE,EN,Federal Contract Tower,0,4,0,0,4,0,2,2,0,4,0,6,2,0,8,0,0,0,8
01/01/2009,EWB,MA,ANE,EN,Federal Contract Tower,0,0,2,0,2,0,6,11,0,17,0,6,13,0,19,0,0,0,19
01/02/2009,EWB,MA,ANE,EN,Federal Contract Tower,0,1,9,0,10,0,17,57,0,74,0,18,66,0,84,144,2,146,230
01/03/2009,EWB,MA,ANE,EN,Federal Contract Tower,0,0,5,0,5,0,8,41,0,49,0,8,46,0,54,12,0,12,66
01/04/2009,EWB,MA,ANE,EN,Federal Contract Tower,0,4,15,0,19,0,14,80,0,94,0,18,95,0,113,162,0,162,275
01/05/2009,EWB,MA,ANE,EN,Federal Contract Tower,0,0,8,0,8,0,12,57,4,73,0,12,65,4,81,20,0,20,101
01/06/2009,EWB,MA,ANE,EN,Federal Contract Tower,0,0,9,0,9,0,10,44,0,54,0,10,53,0,63,88,0,88,151
01/07/2009,EWB,MA,ANE,EN,Federal Contract Tower,0,4,1,0,5,0,0,0,0,0,0,4,1,0,5,0,0,0,5
01/08/2009,EWB,MA,ANE,EN,Federal Contract Tower,0,1,5,0,6,0,12,46,0,58,0,13,51,0,64,0,0,0,64
01/09/2009,EWB,MA,ANE,EN,Federal Contract Tower,0,1,17,0,18,0,12,60,0,72,0,13,77,0,90,30,2,32,122
01/10/2009,EWB,MA,ANE,EN,Federal Contract Tower,0,0,19,0,19,0,7,61,2,70,0,7,80,2,89,118,0,118,207
01/11/2009,EWB,MA,ANE,EN,Federal Contract Tower,0,7,1,0,8,0,0,1,0,1,0,7,2,0,9,0,0,0,9
01/12/2009,EWB,MA,ANE,EN,Federal Contract Tower,0,3,4,0,7,0,9,39,0,48,0,12,43,0,55,6,0,6,61
01/13/2009,EWB,MA,ANE,EN,Federal Contract Tower,0,1,14,0,15,0,13,34,0,47,0,14,48,0,62,38,4,42,104
01/14/2009,EWB,MA,ANE,EN,Federal Contract Tower,0,0,10,7,17,0,17,45,0,62,0,17,55,7,79,44,18,62,141
01/15/2009,EWB,MA,ANE,EN,Federal Contract Tower,0,4,1,0,5,0,7,20,0,27,0,11,21,0,32,16,0,16,48
01/16/2009,EWB,MA,ANE,EN,Federal Contract Tower,0,0,8,0,8,0,11,62,0,73,0,11,70,0,81,98,0,98,179
01/17/2009,EWB,MA,ANE,EN,Federal Contract Tower,9,0,17,0,26,0,11,102,0,113,9,11,119,0,139,134,0,134,273
01/18/2009,EWB,MA,ANE,EN,Federal Contract Tower,0,7,0,0,7,0,0,0,0,0,0,7,0,0,7,0,0,0,7
01/19/2009,EWB,MA,ANE,EN,Federal Contract Tower,0,4,8,0,12,0,7,19,0,26,0,11,27,0,38,24,0,24,62
01/20/2009,EWB,MA,ANE,EN,Federal Contract Tower,0,1,0,0,1,0,9,26,0,35,0,10,26,0,36,26,2,28,64
01/21/2009,EWB,MA,ANE,EN,Federal Contract Tower,0,19,3,0,22,0,9,74,0,83,0,28,77,0,105,146,2,148,253
01/22/2009,EWB,MA,ANE,EN,Federal Contract Tower,0,0,4,0,4,0,6,78,0,84,0,6,82,0,88,76,12,88,176
01/23/2009,EWB,MA,ANE,EN,Federal Contract Tower,0,0,17,0,17,0,11,78,0,89,0,11,95,0,106,114,4,118,224
01/24/2009,EWB,MA,ANE,EN,Federal Contract Tower,0,0,5,0,5,0,9,44,0,53,0,9,49,0,58,86,0,86,144
01/25/2009,EWB,MA,ANE,EN,Federal Contract Tower,0,2,20,0,22,0,12,77,0,89,0,14,97,0,111,106,0,106,217
01/26/2009,EWB,MA,ANE,EN,Federal Contract Tower,0,1,11,0,12,0,9,52,0,61,0,10,63,0,73,84,0,84,157
01/27/2009,EWB,MA,ANE,EN,Federal Contract Tower,0,0,11,0,11,0,10,73,0,83,0,10,84,0,94,118,0,118,212
01/28/2009,EWB,MA,ANE,EN,Federal Contract Tower,0,2,0,0,2,0,0,0,0,0,0,2,0,0,2,0,0,0,2
01/29/2009,EWB,MA,ANE,EN,Federal Contract Tower,0,0,7,8,15,0,9,54,0,63,0,9,61,8,78,86,4,90,168
01/30/2009,EWB,MA,ANE,EN,Federal Contract Tower,0,0,11,4,15,0,13,66,0,79,0,13,77,4,94,120,4,124,218
01/31/2009,EWB,MA,ANE,EN,Federal Contract Tower,0,0,10,0,10,0,4,64,0,68,0,4,74,0,78,110,0,110,188
02/01/2009,EWB,MA,ANE,EN,Federal Contract Tower,0,0,17,0,17,0,6,55,0,61,0,6,72,0,78,76,0,76,154
02/02/2009,EWB,MA,ANE,EN,Federal Contract Tower,0,2,4,0,6,0,9,72,0,81,0,11,76,0,87,88,0,88,175
02/03/2009,EWB,MA,ANE,EN,Federal Contract Tower,0,1,3,0,4,0,0,0,0,0,0,1,3,0,4,0,0,0,4
02/04/2009,EWB,MA,ANE,EN,Federal Contract Tower,0,0,8,0,8,0,15,56,2,73,0,15,64,2,81,44,2,46,127
02/05/2009,EWB,MA,ANE,EN,Federal Contract Tower,0,0,8,0,8,0,14,115,4,133,0,14,123,4,141,174,0,174,315
02/06/2009,EWB,MA,ANE,EN,Federal Contract Tower,0,2,28,0,30,0,12,73,0,85,0,14,101,0,115,120,0,120,235
02/07/2009,EWB,MA,ANE,EN,Federal Contract Tower,0,0,14,0,14,0,4,50,0,54,0,4,64,0,68,108,4,112,180
02/08/2009,EWB,MA,ANE,EN,Federal Contract Tower,0,0,3,0,3,0,6,91,0,97,0,6,94,0,100,20,0,20,120
02/09/2009,EWB,MA,ANE,EN,Federal Contract Tower,0,2,15,0,17,0,13,73,0,86,0,15,88,0,103,142,0,142,245
02/10/2009,EWB,MA,ANE,EN,Federal Contract Tower,0,0,9,2,11,0,11,61,0,72,0,11,70,2,83,126,2,128,211
02/11/2009,EWB,MA,ANE,EN,Federal Contract Tower,0,4,12,6,22,0,6,89,0,95,0,10,101,6,117,132,0,132,249
02/12/2009,EWB,MA,ANE,EN,Federal Contract Tower,0,1,1,4,6,0,4,58,0,62,0,5,59,4,68,18,4,22,90
02/13/2009,EWB,MA,ANE,EN,Federal Contract Tower,0,2,14,0,16,0,16,44,0,60,0,18,58,0,76,80,0,80,156
02/14/2009,EWB,MA,ANE,EN,Federal Contract Tower,0,0,16,0,16,0,8,56,0,64,0,8,72,0,80,102,0,102,182
02/15/2009,EWB,MA,ANE,EN,Federal Contract Tower,0,0,31,0,31,0,6,71,0,77,0,6,102,0,108,108,0,108,216
02/16/2009,EWB,MA,ANE,EN,Federal Contract Tower,0,1,30,0,31,0,9,45,1,55,0,10,75,1,86,80,0,80,166
02/17/2009,EWB,MA,ANE,EN,Federal Contract Tower,0,0,22,0,22,0,7,63,0,70,0,7,85,0,92,140,0,140,232
02/18/2009,EWB,MA,ANE,EN,Federal Contract Tower,0,3,4,2,9,0,6,36,1,43,0,9,40,3,52,76,4,80,132
02/19/2009,EWB,MA,ANE,EN,Federal Contract Tower,0,4,10,0,14,0,5,24,0,29,0,9,34,0,43,60,0,60,103
02/20/2009,EWB,MA,ANE,EN,Federal Contract Tower,0,2,1,4,7,0,12,31,0,43,0,14,32,4,50,54,6,60,110
02/21/2009,EWB,MA,ANE,EN,Federal Contract Tower,0,0,7,0,7,0,5,75,0,80,0,5,82,0,87,118,4,122,209
02/22/2009,EWB,MA,ANE,EN,Federal Contract Tower,0,8,2,0,10,0,5,15,2,22,0,13,17,2,32,28,0,28,60
02/23/2009,EWB,MA,ANE,EN,Federal Contract Tower,0,4,2,0,6,0,9,17,0,26,0,13,19,0,32,30,0,30,62
02/24/2009,EWB,MA,ANE,EN,Federal Contract Tower,0,1,10,0,11,0,14,85,0,99,0,15,95,0,110,172,0,172,282
02/25/2009,EWB,MA,ANE,EN,Federal Contract Tower,0,1,10,4,15,0,13,114,2,129,0,14,124,6,144,186,2,188,332
02/26/2009,EWB,MA,ANE,EN,Federal Contract Tower,0,0,8,0,8,0,11,51,8,70,0,11,59,8,78,144,6,150,228
02/27/2009,EWB,MA,ANE,EN,Federal Contract Tower,0,1,7,0,8,0,12,43,0,55,0,13,50,0,63,70,0,70,133
02/28/2009,EWB,MA,ANE,EN,Federal Contract Tower,0,2,15,0,17,0,4,40,0,44,0,6,55,0,61,116,0,116,177
03/01/2009,EWB,MA,ANE,EN,Federal Contract Tower,0,1,1,0,2,0,0,0,0,0,0,1,1,0,2,0,0,0,2
03/02/2009,EWB,MA,ANE,EN,Federal Contract Tower,0,1,0,0,1,0,1,0,0,1,0,2,0,0,2,0,0,0,2
03/03/2009,EWB,MA,ANE,EN,Federal Contract Tower,0,4,1,4,9,0,9,63,0,72,0,13,64,4,81,118,4,122,203
03/04/2009,EWB,MA,ANE,EN,Federal Contract Tower,0,3,12,0,15,0,16,60,0,76,0,19,72,0,91,118,0,118,209
03/05/2009,EWB,MA,ANE,EN,Federal Contract Tower,0,3,24,0,27,0,14,81,0,95,0,17,105,0,122,162,4,166,288
03/06/2009,EWB,MA,ANE,EN,Federal Contract Tower,0,1,8,0,9,0,9,25,0,34,0,10,33,0,43,20,4,24,67
03/07/2009,EWB,MA,ANE,EN,Federal Contract Tower,0,0,37,0,37,0,3,92,0,95,0,3,129,0,132,194,0,194,326
03/08/2009,EWB,MA,ANE,EN,Federal Contract Tower,0,0,13,0,13,0,10,60,0,70,0,10,73,0,83,126,0,126,209
03/09/2009,EWB,MA,ANE,EN,Federal Contract Tower,0,10,7,0,17,0,0,0,0,0,0,10,7,0,17,0,0,0,17
03/10/2009,EWB,MA,ANE,EN,Federal Contract Tower,0,1,7,0,8,0,9,62,0,71,0,10,69,0,79,156,4,160,239
03/11/2009,EWB,MA,ANE,EN,Federal Contract Tower,0,3,3,0,6,0,4,12,0,16,0,7,15,0,22,18,0,18,40
03/12/2009,EWB,MA,ANE,EN,Federal Contract Tower,0,0,10,3,13,0,11,112,0,123,0,11,122,3,136,156,0,156,292
03/13/2009,EWB,MA,ANE,EN,Federal Contract Tower,0,5,20,0,25,0,8,93,2,103,0,13,113,2,128,164,0,164,292
03/14/2009,EWB,MA,ANE,EN,Federal Contract Tower,0,0,58,0,58,0,8,69,0,77,0,8,127,0,135,132,0,132,267
03/15/2009,EWB,MA,ANE,EN,Federal Contract Tower,0,0,32,0,32,0,11,68,0,79,0,11,100,0,111,136,0,136,247
03/16/2009,EWB,MA,ANE,EN,Federal Contract Tower,0,1,5,0,6,0,11,45,0,56,0,12,50,0,62,108,0,108,170
03/17/2009,EWB,MA,ANE,EN,Federal Contract Tower,0,2,14,0,16,0,10,83,0,93,0,12,97,0,109,110,2,112,221
03/18/2009,EWB,MA,ANE,EN,Federal Contract Tower,0,0,9,0,9,0,12,59,1,72,0,12,68,1,81,80,4,84,165
03/19/2009,EWB,MA,ANE,EN,Federal Contract Tower,0,3,11,0,14,0,8,27,0,35,0,11,38,0,49,48,0,48,97
03/20/2009,EWB,MA,ANE,EN,Federal Contract Tower,0,0,8,0,8,0,15,52,0,67,0,15,60,0,75,114,6,120,195
03/21/2009,EWB,MA,ANE,EN,Federal Contract Tower,0,0,26,0,26,0,14,107,0,121,0,14,133,0,147,182,6,188,335
03/22/2009,EWB,MA,ANE,EN,Federal Contract Tower,0,0,20,0,20,0,8,113,2,123,0,8,133,2,143,214,8,222,365
03/23/2009,EWB,MA,ANE,EN,Federal Contract Tower,0,0,8,0,8,0,10,43,0,53,0,10,51,0,61,80,0,80,141
03/24/2009,EWB,MA,ANE,EN,Federal Contract Tower,0,0,7,0,7,0,11,86,0,97,0,11,93,0,104,14,0,14,118
03/25/2009,EWB,MA,ANE,EN,Federal Contract Tower,0,0,25,0,25,0,8,123,0,131,0,8,148,0,156,178,0,178,334
03/26/2009,EWB,MA,ANE,EN,Federal Contract Tower,0,1,8,0,9,0,11,66,0,77,0,12,74,0,86,126,2,128,214
03/27/2009,EWB,MA,ANE,EN,Federal Contract Tower,0,5,13,2,20,0,15,91,0,106,0,20,104,2,126,192,2,194,320
03/28/2009,EWB,MA,ANE,EN,Federal Contract Tower,0,2,16,0,18,0,6,44,0,50,0,8,60,0,68,92,0,92,160
03/29/2009,EWB,MA,ANE,EN,Federal Contract Tower,0,2,1,0,3,0,0,0,0,0,0,2,1,0,3,0,0,0,3
03/30/2009,EWB,MA,ANE,EN,Federal Contract Tower,0,6,9,0,15,0,7,47,0,54,0,13,56,0,69,116,0,116,185
03/31/2009,EWB,MA,ANE,EN,Federal Contract Tower,0,0,14,0,14,0,14,108,0,122,0,14,122,0,136,162,4,166,302
04/01/2009,EWB,MA,ANE,EN,Federal Contract Tower,0,7,28,0,35,0,11,38,0,49,0,18,66,0,84,42,0,42,126
04/02/2009,EWB,MA,ANE,EN,Federal Contract Tower,0,7,25,0,32,0,0,0,0,0,0,7,25,0,32,0,0,0,32
04/03/2009,EWB,MA,ANE,EN,Federal Contract Tower,0,5,2,0,7,0,0,0,0,0,0,5,2,0,7,0,0,0,7
04/04/2009,EWB,MA,ANE,EN,Federal Contract Tower,0,0,0,0,0,0,4,21,0,25,0,4,21,0,25,22,0,22,47
04/05/2009,EWB,MA,ANE,EN,Federal Contract Tower,0,0,12,0,12,0,16,124,0,140,0,16,136,0,152,112,0,112,264
04/06/2009,EWB,MA,ANE,EN,Federal Contract Tower,0,2,3,0,5,0,4,5,0,9,0,6,8,0,14,6,0,6,20
04/07/2009,EWB,MA,ANE,EN,Federal Contract Tower,0,4,9,0,13,0,9,33,0,42,0,13,42,0,55,42,0,42,97
04/08/2009,EWB,MA,ANE,EN,Federal Contract Tower,0,5,6,0,11,0,6,43,0,49,0,11,49,0,60,30,0,30,90
04/09/2009,EWB,MA,ANE,EN,Federal Contract Tower,0,1,10,2,13,0,11,81,2,94,0,12,91,4,107,90,0,90,197
04/10/2009,EWB,MA,ANE,EN,Federal Contract Tower,0,0,10,0,10,0,12,90,0,102,0,12,100,0,112,184,0,184,296
04/11/2009,EWB,MA,ANE,EN,Federal Contract Tower,0,8,0,0,8,0,0,0,0,0,0,8,0,0,8,0,0,0,8
04/12/2009,EWB,MA,ANE,EN,Federal Contract Tower,0,0,3,0,3,0,11,44,0,55,0,11,47,0,58,76,0,76,134
04/13/2009,EWB,MA,ANE,EN,Federal Contract Tower,0,2,14,0,16,0,8,80,0,88,0,10,94,0,104,102,0,102,206
04/14/2009,EWB,MA,ANE,EN,Federal Contract Tower,0,1,19,0,20,0,13,113,0,126,0,14,132,0,146,164,0,164,310
04/15/2009,EWB,MA,ANE,EN,Federal Contract Tower,0,1,11,0,12,0,13,81,2,96,0,14,92,2,108,106,8,114,222
04/16/2009,EWB,MA,ANE,EN,Federal Contract Tower,0,1,17,0,18,0,12,63,0,75,0,13,80,0,93,162,0,162,255
04/17/2009,EWB,MA,ANE,EN,Federal Contract Tower,0,3,11,0,14,0,17,106,0,123,0,20,117,0,137,176,4,180,317
04/18/2009,EWB,MA,ANE,EN,Federal Contract Tower,0,1,23,0,24,0,4,57,0,61,0,5,80,0,85,138,2,140,225
04/19/2009,EWB,MA,ANE,EN,Federal Contract Tower,0,1,8,0,9,0,11,60,0,71,0,12,68,0,80,102,0,102,182
04/20/2009,EWB,MA,ANE,EN,Federal Contract Tower,0,4,8,0,12,0,6,25,0,31,0,10,33,0,43,16,0,16,59
04/21/2009,EWB,MA,ANE,EN,Federal Contract Tower,0,6,4,0,10,0,0,0,0,0,0,6,4,0,10,0,0,0,10
04/22/2009,EWB,MA,ANE,EN,Federal Contract Tower,0,2,20,0,22,0,9,86,0,95,0,11,106,0,117,160,0,160,277
04/23/2009,EWB,MA,ANE,EN,Federal Contract Tower,0,0,7,7,14,0,13,63,0,76,0,13,70,7,90,104,0,104,194
04/24/2009,EWB,MA,ANE,EN,Federal Contract Tower,0,0,26,0,26,0,27,119,0,146,0,27,145,0,172,210,0,210,382
04/25/2009,EWB,MA,ANE,EN,Federal Contract Tower,0,2,25,0,27,0,9,52,0,61,0,11,77,0,88,66,0,66,154
04/26/2009,EWB,MA,ANE,EN,Federal Contract Tower,0,0,4,0,4,0,25,155,0,180,0,25,159,0,184,180,0,180,364
04/27/2009,EWB,MA,ANE,EN,Federal Contract Tower,0,1,16,2,19,0,19,101,4,124,0,20,117,6,143,148,0,148,291
04/28/2009,EWB,MA,ANE,EN,Federal Contract Tower,0,0,0,0,0,0,10,54,0,64,0,10,54,0,64,74,2,76,140
04/29/2009,EWB,MA,ANE,EN,Federal Contract Tower,0,1,29,4,34,0,9,87,0,96,0,10,116,4,130,164,4,168,298
04/30/2009,EWB,MA,ANE,EN,Federal Contract Tower,0,2,13,0,15,0,16,131,0,147,0,18,144,0,162,180,0,180,342
05/01/2009,EWB,MA,ANE,EN,Federal Contract Tower,0,10,0,0,10,0,0,0,0,0,0,10,0,0,10,0,0,0,10
05/02/2009,EWB,MA,ANE,EN,Federal Contract Tower,0,2,10,0,12,0,9,79,0,88,0,11,89,0,100,118,0,118,218
05/03/2009,EWB,MA,ANE,EN,Federal Contract Tower,0,3,7,0,10,0,11,58,0,69,0,14,65,0,79,124,0,124,203
05/04/2009,EWB,MA,ANE,EN,Federal Contract Tower,0,9,6,4,19,0,17,50,0,67,0,26,56,4,86,62,4,66,152
05/05/2009,EWB,MA,ANE,EN,Federal Contract Tower,0,9,10,0,19,0,0,0,0,0,0,9,10,0,19,0,0,0,19
05/06/2009,EWB,MA,ANE,EN,Federal Contract Tower,0,7,19,4,30,0,8,87,0,95,0,15,106,4,125,138,0,138,263
05/07/2009,EWB,MA,ANE,EN,Federal Contract Tower,0,9,11,0,20,0,0,0,0,0,0,9,11,0,20,4,0,4,24
05/08/2009,EWB,MA,ANE,EN,Federal Contract Tower,0,2,2,2,6,0,13,72,0,85,0,15,74,2,91,94,4,98,189
05/09/2009,EWB,MA,ANE,EN,Federal Contract Tower,0,6,20,0,26,0,4,51,0,55,0,10,71,0,81,94,0,94,175
05/10/2009,EWB,MA,ANE,EN,Federal Contract Tower,0,3,3,0,6,0,8,60,2,70,0,11,63,2,76,2,0,2,78
05/11/2009,EWB,MA,ANE,EN,Federal Contract Tower,0,0,22,0,22,0,12,93,0,105,0,12,115,0,127,102,2,104,231
05/12/2009,EWB,MA,ANE,EN,Federal Contract Tower,0,0,15,0,15,0,15,67,0,82,0,15,82,0,97,18,0,18,115
05/13/2009,EWB,MA,ANE,EN,Federal Contract Tower,0,0,24,0,24,0,17,121,0,138,0,17,145,0,162,180,0,180,342
05/14/2009,EWB,MA,ANE,EN,Federal Contract Tower,0,2,12,0,14,0,13,40,4,57,0,15,52,4,71,38,0,38,109
05/15/2009,EWB,MA,ANE,EN,Federal Contract Tower,0,32,40,0,72,0,2,31,0,33,0,34,71,0,105,54,0,54,159
05/16/2009,EWB,MA,ANE,EN,Federal Contract Tower,0,4,23,2,29,0,17,281,8,306,0,21,304,10,335,128,8,136,471
05/17/2009,EWB,MA,ANE,EN,Federal Contract Tower,0,12,19,0,31,0,22,94,0,116,0,34,113,0,147,70,0,70,217
05/18/2009,EWB,MA,ANE,EN,Federal Contract Tower,0,2,13,1,16,0,22,32,0,54,0,24,45,1,70,2,0,2,72
05/19/2009,EWB,MA,ANE,EN,Federal Contract Tower,0,1,25,0,26,0,22,85,0,107,0,23,110,0,133,84,0,84,217
05/20/2009,EWB,MA,ANE,EN,Federal Contract Tower,0,0,6,0,6,0,24,61,0,85,0,24,67,0,91,100,0,100,191
05/21/2009,EWB,MA,ANE,EN,Federal Contract Tower,0,5,16,8,29,0,30,101,0,131,0,35,117,8,160,166,2,168,328
05/22/2009,EWB,MA,ANE,EN,Federal Contract Tower,0,4,21,0,25,0,48,99,4,151,0,52,120,4,176,94,0,94,270
05/23/2009,EWB,MA,ANE,EN,Federal Contract Tower,0,2,16,0,18,0,26,48,0,74,0,28,64,0,92,78,4,82,174
05/24/2009,EWB,MA,ANE,EN,Federal Contract Tower,0,19,9,0,28,0,8,16,0,24,0,27,25,0,52,64,0,64,116
05/25/2009,EWB,MA,ANE,EN,Federal Contract Tower,0,0,19,4,23,0,63,159,2,224,0,63,178,6,247,248,0,248,495
05/26/2009,EWB,MA,ANE,EN,Federal Contract Tower,0,6,25,0,31,0,34,116,0,150,0,40,141,0,181,154,4,158,339
05/27/2009,EWB,MA,ANE,EN,Federal Contract Tower,0,10,10,0,20,0,6,4,0,10,0,16,14,0,30,8,0,8,38
05/28/2009,EWB,MA,ANE,EN,Federal Contract Tower,0,15,24,0,39,0,2,3,0,5,0,17,27,0,44,4,0,4,48
05/29/2009,EWB,MA,ANE,EN,Federal Contract Tower,0,24,12,0,36,0,0,0,0,0,0,24,12,0,36,0,0,0,36
05/30/2009,EWB,MA,ANE,EN,Federal Contract Tower,0,4,29,0,33,0,22,77,0,99,0,26,106,0,132,138,0,138,270
05/31/2009,EWB,MA,ANE,EN,Federal Contract Tower,0,3,27,0,30,0,26,69,2,97,0,29,96,2,127,98,0,98,225
06/01/2009,EWB,MA,ANE,EN,Federal Contract Tower,0,2,29,1,32,0,21,88,0,109,0,23,117,1,141,176,2,178,319
06/02/2009,EWB,MA,ANE,EN,Federal Contract Tower,0,4,15,0,19,0,14,60,2,76,0,18,75,2,95,180,0,180,275
06/03/2009,EWB,MA,ANE,EN,Federal Contract Tower,0,4,12,0,16,0,26,112,10,148,0,30,124,10,164,186,10,196,360
06/04/2009,EWB,MA,ANE,EN,Federal Contract Tower,0,11,15,0,26,0,21,88,0,109,0,32,103,0,135,128,0,128,263
06/05/2009,EWB,MA,ANE,EN,Federal Contract Tower,0,27,11,0,38,0,11,30,0,41,0,38,41,0,79,6,0,6,85
06/06/2009,EWB,MA,ANE,EN,Federal Contract Tower,0,18,39,0,57,0,12,35,0,47,0,30,74,0,104,92,2,94,198
06/07/2009,EWB,MA,ANE,EN,Federal Contract Tower,0,2,8,0,10,0,27,110,0,137,0,29,118,0,147,148,0,148,295
06/08/2009,EWB,MA,ANE,EN,Federal Contract Tower,0,4,4,0,8,0,27,66,0,93,0,31,70,0,101,66,0,66,167
06/09/2009,EWB,MA,ANE,EN,Federal Contract Tower,0,12,9,0,21,0,15,10,0,25,0,27,19,0,46,22,0,22,68
06/10/2009,EWB,MA,ANE,EN,Federal Contract Tower,0,15,31,2,48,0,9,23,0,32,0,24,54,2,80,38,0,38,118
06/11/2009,EWB,MA,ANE,EN,Federal Contract Tower,0,27,26,1,54,0,14,65,0,79,0,41,91,1,133,20,2,22,155
06/12/2009,EWB,MA,ANE,EN,Federal Contract Tower,0,33,12,0,45,0,0,1,0,1,0,33,13,0,46,0,0,0,46
06/13/2009,EWB,MA,ANE,EN,Federal Contract Tower,0,3,32,0,35,0,31,95,0,126,0,34,127,0,161,138,10,148,309
06/14/2009,EWB,MA,ANE,EN,Federal Contract Tower,0,12,11,0,23,0,31,76,0,107,0,43,87,0,130,98,0,98,228
06/15/2009,EWB,MA,ANE,EN,Federal Contract Tower,0,12,17,6,35,0,18,45,0,63,0,30,62,6,98,120,0,120,218
06/16/2009,EWB,MA,ANE,EN,Federal Contract Tower,0,14,16,0,30,0,21,58,4,83,0,35,74,4,113,108,4,112,225
06/17/2009,EWB,MA,ANE,EN,Federal Contract Tower,0,0,25,0,25,0,32,105,0,137,0,32,130,0,162,154,2,156,318
06/18/2009,EWB,MA,ANE,EN,Federal Contract Tower,0,18,11,0,29,0,44,42,1,87,0,62,53,1,116,58,4,62,178
06/19/2009,EWB,MA,ANE,EN,Federal Contract Tower,0,34,8,0,42,0,5,6,0,11,0,39,14,0,53,10,0,10,63
06/20/2009,EWB,MA,ANE,EN,Federal Contract Tower,0,6,21,0,27,0,24,57,0,81,0,30,78,0,108,84,0,84,192
06/21/2009,EWB,MA,ANE,EN,Federal Contract Tower,0,0,0,0,0,0,0,0,0,0,0,0,0,0,0,0,0,0,0
06/22/2009,EWB,MA,ANE,EN,Federal Contract Tower,0,14,8,0,22,0,0,0,0,0,0,14,8,0,22,2,0,2,24
06/23/2009,EWB,MA,ANE,EN,Federal Contract Tower,0,25,20,0,45,0,0,0,0,0,0,25,20,0,45,4,0,4,49
06/24/2009,EWB,MA,ANE,EN,Federal Contract Tower,0,28,18,0,46,0,3,1,0,4,0,31,19,0,50,0,0,0,50
06/25/2009,EWB,MA,ANE,EN,Federal Contract Tower,0,16,11,0,27,0,17,35,0,52,0,33,46,0,79,44,2,46,125
06/26/2009,EWB,MA,ANE,EN,Federal Contract Tower,0,15,25,2,42,0,31,61,0,92,0,46,86,2,134,130,12,142,276
06/27/2009,EWB,MA,ANE,EN,Federal Contract Tower,0,2,17,0,19,0,29,64,0,93,0,31,81,0,112,118,0,118,230
06/28/2009,EWB,MA,ANE,EN,Federal Contract Tower,0,27,18,0,45,0,0,3,0,3,0,27,21,0,48,8,0,8,56
06/29/2009,EWB,MA,ANE,EN,Federal Contract Tower,0,9,12,0,21,0,20,32,0,52,0,29,44,0,73,56,0,56,129
06/30/2009,EWB,MA,ANE,EN,Federal Contract Tower,0,14,28,0,42,0,26,69,0,95,0,40,97,0,137,110,0,110,247
07/01/2009,EWB,MA,ANE,EN,Federal Contract Tower,0,13,6,0,19,0,19,23,0,42,0,32,29,0,61,24,0,24,85
07/02/2009,EWB,MA,ANE,EN,Federal Contract Tower,0,42,18,0,60,0,0,0,0,0,0,42,18,0,60,0,0,0,60
07/03/2009,EWB,MA,ANE,EN,Federal Contract Tower,0,13,12,0,25,0,36,44,0,80,0,49,56,0,105,66,0,66,171
07/04/2009,EWB,MA,ANE,EN,Federal Contract Tower,0,0,13,0,13,0,25,46,0,71,0,25,59,0,84,46,0,46,130
07/05/2009,EWB,MA,ANE,EN,Federal Contract Tower,0,6,12,0,18,0,47,133,0,180,0,53,145,0,198,192,0,192,390
07/06/2009,EWB,MA,ANE,EN,Federal Contract Tower,0,0,22,0,22,0,50,124,0,174,0,50,146,0,196,164,2,166,362
07/07/2009,EWB,MA,ANE,EN,Federal Contract Tower,0,12,15,0,27,0,17,28,0,45,0,29,43,0,72,90,0,90,162
07/08/2009,EWB,MA,ANE,EN,Federal Contract Tower,0,21,19,0,40,0,20,35,0,55,0,41,54,0,95,42,0,42,137
07/09/2009,EWB,MA,ANE,EN,Federal Contract Tower,0,2,13,2,17,0,35,63,0,98,0,37,76,2,115,118,2,120,235
07/10/2009,EWB,MA,ANE,EN,Federal Contract Tower,0,4,17,2,23,0,45,152,0,197,0,49,169,2,220,150,6,156,376
07/11/2009,EWB,MA,ANE,EN,Federal Contract Tower,0,1,12,0,13,0,27,88,0,115,0,28,100,0,128,94,0,94,222
07/12/2009,EWB,MA,ANE,EN,Federal Contract Tower,0,23,16,0,39,0,13,33,0,46,0,36,49,0,85,28,2,30,115
07/13/2009,EWB,MA,ANE,EN,Federal Contract Tower,0,4,10,0,14,0,25,129,3,157,0,29,139,3,171,144,6,150,321
07/14/2009,EWB,MA,ANE,EN,Federal Contract Tower,0,0,16,2,18,0,37,120,0,157,0,37,136,2,175,126,0,126,301
07/15/2009,EWB,MA,ANE,EN,Federal Contract Tower,0,22,0,0,22,0,35,108,0,143,0,57,108,0,165,140,0,140,305
07/16/2009,EWB,MA,ANE,EN,Federal Contract Tower,0,10,18,0,28,0,28,64,0,92,0,38,82,0,120,18,4,22,142
07/17/2009,EWB,MA,ANE,EN,Federal Contract Tower,0,13,17,0,30,0,52,144,0,196,0,65,161,0,226,98,0,98,324
07/18/2009,EWB,MA,ANE,EN,Federal Contract Tower,0,15,23,0,38,0,19,39,0,58,0,34,62,0,96,34,0,34,130
07/19/2009,EWB,MA,ANE,EN,Federal Contract Tower,0,9,18,0,27,0,37,118,0,155,0,46,136,0,182,68,0,68,250
07/20/2009,EWB,MA,ANE,EN,Federal Contract Tower,0,2,21,0,23,0,33,65,0,98,0,35,86,0,121,84,0,84,205
07/21/2009,EWB,MA,ANE,EN,Federal Contract Tower,0,27,6,0,33,0,0,0,0,0,0,27,6,0,33,0,0,0,33
07/22/2009,EWB,MA,ANE,EN,Federal Contract Tower,0,11,33,0,44,0,25,75,0,100,0,36,108,0,144,126,0,126,270
07/23/2009,EWB,MA,ANE,EN,Federal Contract Tower,0,20,33,0,53,0,20,61,0,81,0,40,94,0,134,70,0,70,204
07/24/2009,EWB,MA,ANE,EN,Federal Contract Tower,0,23,12,4,39,0,30,29,0,59,0,53,41,4,98,28,4,32,130
07/25/2009,EWB,MA,ANE,EN,Federal Contract Tower,0,5,24,2,31,0,33,141,3,177,0,38,165,5,208,174,14,188,396
07/26/2009,EWB,MA,ANE,EN,Federal Contract Tower,0,34,20,0,54,0,0,0,0,0,0,34,20,0,54,2,0,2,56
07/27/2009,EWB,MA,ANE,EN,Federal Contract Tower,0,6,15,0,21,0,25,69,0,94,0,31,84,0,115,154,0,154,269
07/28/2009,EWB,MA,ANE,EN,Federal Contract Tower,0,14,24,0,38,0,15,64,0,79,0,29,88,0,117,132,0,132,249
07/29/2009,EWB,MA,ANE,EN,Federal Contract Tower,0,29,16,5,50,0,0,0,0,0,0,29,16,5,50,0,0,0,50
07/30/2009,EWB,MA,ANE,EN,Federal Contract Tower,0,15,11,4,30,0,31,87,1,119,0,46,98,5,149,80,0,80,229
07/31/2009,EWB,MA,ANE,EN,Federal Contract Tower,0,25,21,0,46,0,11,22,0,33,0,36,43,0,79,22,0,22,101
08/01/2009,EWB,MA,ANE,EN,Federal Contract Tower,0,8,28,0,36,0,30,124,0,154,0,38,152,0,190,154,0,154,344
08/02/2009,EWB,MA,ANE,EN,Federal Contract Tower,0,29,26,0,55,0,4,9,0,13,0,33,35,0,68,14,0,14,82
08/03/2009,EWB,MA,ANE,EN,Federal Contract Tower,0,2,34,0,36,0,36,120,1,157,0,38,154,1,193,194,2,196,389
08/04/2009,EWB,MA,ANE,EN,Federal Contract Tower,0,14,23,0,37,0,8,65,0,73,0,22,88,0,110,96,0,96,206
08/05/2009,EWB,MA,ANE,EN,Federal Contract Tower,0,17,18,0,35,0,6,39,0,45,0,23,57,0,80,66,0,66,146
08/06/2009,EWB,MA,ANE,EN,Federal Contract Tower,0,0,31,2,33,0,33,133,4,170,0,33,164,6,203,128,0,128,331
08/07/2009,EWB,MA,ANE,EN,Federal Contract Tower,0,3,14,0,17,0,50,181,0,231,0,53,195,0,248,116,6,122,370
08/08/2009,EWB,MA,ANE,EN,Federal Contract Tower,0,3,37,0,40,0,37,125,0,162,0,40,162,0,202,132,0,132,334
08/09/2009,EWB,MA,ANE,EN,Federal Contract Tower,0,6,24,0,30,0,44,80,2,126,0,50,104,2,156,96,0,96,252
08/10/2009,EWB,MA,ANE,EN,Federal Contract Tower,0,14,8,0,22,0,23,34,0,57,0,37,42,0,79,34,0,34,113
08/11/2009,EWB,MA,ANE,EN,Federal Contract Tower,0,4,11,0,15,0,20,65,0,85,0,24,76,0,100,128,0,128,228
08/12/2009,EWB,MA,ANE,EN,Federal Contract Tower,0,26,27,1,54,0,1,6,0,7,0,27,33,1,61,84,2,86,147
08/13/2009,EWB,MA,ANE,EN,Federal Contract Tower,0,39,11,2,52,0,0,0,0,0,0,39,11,2,52,0,2,2,54
08/14/2009,EWB,MA,ANE,EN,Federal Contract Tower,0,15,14,0,29,0,39,89,4,132,0,54,103,4,161,114,0,114,275
08/15/2009,EWB,MA,ANE,EN,Federal Contract Tower,0,6,23,0,29,0,32,84,2,118,0,38,107,2,147,46,0,46,193
08/16/2009,EWB,MA,ANE,EN,Federal Contract Tower,0,6,15,1,22,0,43,73,0,116,0,49,88,1,138,92,4,96,234
08/17/2009,EWB,MA,ANE,EN,Federal Contract Tower,0,12,18,0,30,0,21,68,0,89,0,33,86,0,119,108,2,110,229
08/18/2009,EWB,MA,ANE,EN,Federal Contract Tower,0,2,9,0,11,0,38,129,3,170,0,40,138,3,181,180,0,180,361
08/19/2009,EWB,MA,ANE,EN,Federal Contract Tower,0,1,13,4,18,0,28,107,0,135,0,29,120,4,153,86,6,92,245
08/20/2009,EWB,MA,ANE,EN,Federal Contract Tower,0,21,17,3,41,0,29,105,0,134,0,50,122,3,175,118,4,122,297
08/21/2009,EWB,MA,ANE,EN,Federal Contract Tower,0,36,18,2,56,0,5,9,0,14,0,41,27,2,70,22,2,24,94
08/22/2009,EWB,MA,ANE,EN,Federal Contract Tower,0,8,19,0,27,0,17,21,2,40,0,25,40,2,67,10,2,12,79
08/23/2009,EWB,MA,ANE,EN,Federal Contract Tower,0,22,19,0,41,0,3,33,0,36,0,25,52,0,77,12,0,12,89
08/24/2009,EWB,MA,ANE,EN,Federal Contract Tower,0,31,24,0,55,0,16,22,0,38,0,47,46,0,93,0,0,0,93
08/25/2009,EWB,MA,ANE,EN,Federal Contract Tower,0,22,17,0,39,0,26,44,0,70,0,48,61,0,109,0,0,0,109
08/26/2009,EWB,MA,ANE,EN,Federal Contract Tower,0,26,18,0,44,0,11,41,0,52,0,37,59,0,96,0,0,0,96
08/27/2009,EWB,MA,ANE,EN,Federal Contract Tower,0,22,26,4,52,0,32,64,0,96,0,54,90,4,148,2,4,6,154
08/28/2009,EWB,MA,ANE,EN,Federal Contract Tower,0,17,16,0,33,0,30,26,0,56,0,47,42,0,89,4,0,4,93
08/29/2009,EWB,MA,ANE,EN,Federal Contract Tower,0,0,0,0,0,0,0,0,0,0,0,0,0,0,0,0,0,0,0
08/30/2009,EWB,MA,ANE,EN,Federal Contract Tower,0,33,13,0,46,0,6,2,0,8,0,39,15,0,54,0,0,0,54
08/31/2009,EWB,MA,ANE,EN,Federal Contract Tower,0,3,7,4,14,0,32,63,1,96,0,35,70,5,110,86,0,86,196
09/01/2009,EWB,MA,ANE,EN,Federal Contract Tower,0,1,12,1,14,0,25,87,0,112,0,26,99,1,126,110,8,118,244
09/02/2009,EWB,MA,ANE,EN,Federal Contract Tower,0,4,22,3,29,0,39,103,5,147,0,43,125,8,176,140,2,142,318
09/03/2009,EWB,MA,ANE,EN,Federal Contract Tower,0,5,23,1,29,0,40,102,0,142,0,45,125,1,171,134,4,138,309
09/04/2009,EWB,MA,ANE,EN,Federal Contract Tower,0,13,26,4,43,0,33,122,0,155,0,46,148,4,198,126,0,126,324
09/05/2009,EWB,MA,ANE,EN,Federal Contract Tower,0,1,27,0,28,0,29,94,0,123,0,30,121,0,151,102,0,102,253
09/06/2009,EWB,MA,ANE,EN,Federal Contract Tower,0,4,8,0,12,0,44,85,0,129,0,48,93,0,141,68,0,68,209
09/07/2009,EWB,MA,ANE,EN,Federal Contract Tower,0,8,31,0,39,0,43,90,0,133,0,51,121,0,172,78,0,78,250
09/08/2009,EWB,MA,ANE,EN,Federal Contract Tower,0,3,11,2,16,0,43,79,0,122,0,46,90,2,138,138,0,138,276
09/09/2009,EWB,MA,ANE,EN,Federal Contract Tower,0,10,6,4,20,0,18,61,0,79,0,28,67,4,99,86,2,88,187
09/10/2009,EWB,MA,ANE,EN,Federal Contract Tower,0,3,11,4,18,0,22,65,0,87,0,25,76,4,105,56,6,62,167
09/11/2009,EWB,MA,ANE,EN,Federal Contract Tower,0,17,12,3,32,0,13,37,0,50,0,30,49,3,82,0,2,2,84
09/12/2009,EWB,MA,ANE,EN,Federal Contract Tower,0,24,5,0,29,0,0,0,0,0,0,24,5,0,29,2,0,2,31
09/13/2009,EWB,MA,ANE,EN,Federal Contract Tower,0,12,23,0,35,0,31,102,0,133,0,43,125,0,168,152,0,152,320
09/14/2009,EWB,MA,ANE,EN,Federal Contract Tower,0,0,7,3,10,0,52,105,0,157,0,52,112,3,167,130,0,130,297
09/15/2009,EWB,MA,ANE,EN,Federal Contract Tower,0,0,15,0,15,0,21,112,2,135,0,21,127,2,150,206,0,206,356
09/16/2009,EWB,MA,ANE,EN,Federal Contract Tower,0,3,12,1,16,0,19,46,0,65,0,22,58,1,81,120,2,122,203
09/17/2009,EWB,MA,ANE,EN,Federal Contract Tower,0,3,25,0,28,0,28,134,0,162,0,31,159,0,190,122,0,122,312
09/18/2009,EWB,MA,ANE,EN,Federal Contract Tower,0,3,9,0,12,0,27,91,0,118,0,30,100,0,130,146,0,146,276
09/19/2009,EWB,MA,ANE,EN,Federal Contract Tower,0,0,9,0,9,0,19,53,2,74,0,19,62,2,83,100,0,100,183
09/20/2009,EWB,MA,ANE,EN,Federal Contract Tower,0,3,10,0,13,0,23,62,0,85,0,26,72,0,98,108,4,112,210
09/21/2009,EWB,MA,ANE,EN,Federal Contract Tower,0,4,13,0,17,0,31,182,0,213,0,35,195,0,230,188,2,190,420
09/22/2009,EWB,MA,ANE,EN,Federal Contract Tower,0,8,26,0,34,0,20,71,0,91,0,28,97,0,125,74,0,74,199
09/23/2009,EWB,MA,ANE,EN,Federal Contract Tower,0,5,20,0,25,0,28,56,0,84,0,33,76,0,109,80,0,80,189
09/24/2009,EWB,MA,ANE,EN,Federal Contract Tower,0,9,21,0,30,0,32,81,0,113,0,41,102,0,143,148,0,148,291
09/25/2009,EWB,MA,ANE,EN,Federal Contract Tower,0,2,9,2,13,0,29,71,0,100,0,31,80,2,113,76,4,80,193
09/26/2009,EWB,MA,ANE,EN,Federal Contract Tower,0,1,13,0,14,0,19,80,0,99,0,20,93,0,113,142,10,152,265
09/27/2009,EWB,MA,ANE,EN,Federal Contract Tower,0,22,4,0,26,0,2,0,0,2,0,24,4,0,28,0,0,0,28
09/28/2009,EWB,MA,ANE,EN,Federal Contract Tower,0,7,12,0,19,0,29,91,0,120,0,36,103,0,139,124,0,124,263
09/29/2009,EWB,MA,ANE,EN,Federal Contract Tower,0,5,12,0,17,0,14,63,11,88,0,19,75,11,105,92,8,100,205
09/30/2009,EWB,MA,ANE,EN,Federal Contract Tower,0,3,14,0,17,0,16,78,0,94,0,19,92,0,111,122,0,122,233
10/01/2009,EWB,MA,ANE,EN,Federal Contract Tower,0,3,34,0,37,0,30,110,0,140,0,33,144,0,177,186,0,186,363
10/02/2009,EWB,MA,ANE,EN,Federal Contract Tower,0,0,19,0,19,0,34,109,0,143,0,34,128,0,162,184,2,186,348
10/03/2009,EWB,MA,ANE,EN,Federal Contract Tower,0,9,4,0,13,0,8,0,0,8,0,17,4,0,21,4,0,4,25
10/04/2009,EWB,MA,ANE,EN,Federal Contract Tower,0,9,30,0,39,0,27,108,0,135,0,36,138,0,174,74,0,74,248
10/05/2009,EWB,MA,ANE,EN,Federal Contract Tower,0,3,20,0,23,0,23,94,0,117,0,26,114,0,140,120,0,120,260
10/06/2009,EWB,MA,ANE,EN,Federal Contract Tower,0,1,20,0,21,0,20,81,2,103,0,21,101,2,124,170,0,170,294
10/07/2009,EWB,MA,ANE,EN,Federal Contract Tower,0,4,6,0,10,0,12,8,0,20,0,16,14,0,30,0,0,0,30
10/08/2009,EWB,MA,ANE,EN,Federal Contract Tower,0,6,13,2,21,0,28,88,0,116,0,34,101,2,137,132,0,132,269
10/09/2009,EWB,MA,ANE,EN,Federal Contract Tower,0,1,22,8,31,0,46,76,0,122,0,47,98,8,153,128,0,128,281
10/10/2009,EWB,MA,ANE,EN,Federal Contract Tower,0,5,37,0,42,0,19,60,0,79,0,24,97,0,121,106,0,106,227
10/11/2009,EWB,MA,ANE,EN,Federal Contract Tower,0,0,17,0,17,0,27,70,0,97,0,27,87,0,114,86,0,86,200
10/12/2009,EWB,MA,ANE,EN,Federal Contract Tower,0,16,0,0,16,0,63,100,0,163,0,79,100,0,179,126,0,126,305
10/13/2009,EWB,MA,ANE,EN,Federal Contract Tower,0,0,9,0,9,0,14,22,0,36,0,14,31,0,45,70,0,70,115
10/14/2009,EWB,MA,ANE,EN,Federal Contract Tower,0,0,26,4,30,0,18,138,4,160,0,18,164,8,190,196,0,196,386
10/15/2009,EWB,MA,ANE,EN,Federal Contract Tower,0,7,8,0,15,0,20,71,0,91,0,27,79,0,106,124,0,124,230
10/16/2009,EWB,MA,ANE,EN,Federal Contract Tower,0,5,4,0,9,0,4,0,0,4,0,9,4,0,13,4,0,4,17
10/17/2009,EWB,MA,ANE,EN,Federal Contract Tower,0,0,8,0,8,0,9,47,0,56,0,9,55,0,64,116,0,116,180
10/18/2009,EWB,MA,ANE,EN,Federal Contract Tower,0,4,2,0,6,0,0,0,0,0,0,4,2,0,6,0,0,0,6
10/19/2009,EWB,MA,ANE,EN,Federal Contract Tower,0,11,6,0,17,0,13,82,0,95,0,24,88,0,112,180,0,180,292
10/20/2009,EWB,MA,ANE,EN,Federal Contract Tower,0,2,16,3,21,0,12,78,0,90,0,14,94,3,111,154,20,174,285
10/21/2009,EWB,MA,ANE,EN,Federal Contract Tower,0,2,16,0,18,0,8,101,0,109,0,10,117,0,127,148,4,152,279
10/22/2009,EWB,MA,ANE,EN,Federal Contract Tower,0,5,7,0,12,0,15,71,0,86,0,20,78,0,98,100,0,100,198
10/23/2009,EWB,MA,ANE,EN,Federal Contract Tower,0,3,9,0,12,0,20,65,2,87,0,23,74,2,99,106,0,106,205
10/24/2009,EWB,MA,ANE,EN,Federal Contract Tower,0,4,2,0,6,0,0,0,0,0,0,4,2,0,6,0,0,0,6
10/25/2009,EWB,MA,ANE,EN,Federal Contract Tower,0,0,16,0,16,0,8,81,0,89,0,8,97,0,105,94,2,96,201
10/26/2009,EWB,MA,ANE,EN,Federal Contract Tower,0,1,40,0,41,0,33,148,2,183,0,34,188,2,224,182,0,182,406
10/27/2009,EWB,MA,ANE,EN,Federal Contract Tower,0,6,15,0,21,0,6,39,0,45,0,12,54,0,66,62,0,62,128
10/28/2009,EWB,MA,ANE,EN,Federal Contract Tower,0,7,2,0,9,0,0,0,0,0,0,7,2,0,9,0,0,0,9
10/29/2009,EWB,MA,ANE,EN,Federal Contract Tower,0,3,32,10,45,0,24,46,0,70,0,27,78,10,115,108,2,110,225
10/30/2009,EWB,MA,ANE,EN,Federal Contract Tower,0,0,23,1,24,0,16,98,0,114,0,16,121,1,138,174,4,178,316
10/31/2009,EWB,MA,ANE,EN,Federal Contract Tower,0,0,6,0,6,0,4,14,0,18,0,4,20,0,24,6,0,6,30
11/01/2009,EWB,MA,ANE,EN,Federal Contract Tower,0,0,17,0,17,0,20,115,0,135,0,20,132,0,152,166,0,166,318
11/02/2009,EWB,MA,ANE,EN,Federal Contract Tower,0,2,7,0,9,0,12,59,0,71,0,14,66,0,80,126,2,128,208
11/03/2009,EWB,MA,ANE,EN,Federal Contract Tower,0,3,25,0,28,0,15,131,0,146,0,18,156,0,174,206,0,206,380
11/04/2009,EWB,MA,ANE,EN,Federal Contract Tower,0,1,34,0,35,0,9,90,5,104,0,10,124,5,139,198,0,198,337
11/05/2009,EWB,MA,ANE,EN,Federal Contract Tower,0,1,17,1,19,0,10,56,7,73,0,11,73,8,92,91,2,93,185
11/06/2009,EWB,MA,ANE,EN,Federal Contract Tower,0,9,1,0,10,0,15,53,0,68,0,24,54,0,78,140,0,140,218
11/07/2009,EWB,MA,ANE,EN,Federal Contract Tower,0,1,18,0,19,0,16,134,0,150,0,17,152,0,169,170,0,170,339
11/08/2009,EWB,MA,ANE,EN,Federal Contract Tower,0,2,22,0,24,0,25,97,0,122,0,27,119,0,146,146,0,146,292
11/09/2009,EWB,MA,ANE,EN,Federal Contract Tower,0,2,4,3,9,0,10,86,3,99,0,12,90,6,108,126,2,128,236
11/10/2009,EWB,MA,ANE,EN,Federal Contract Tower,0,1,15,0,16,0,10,66,2,78,0,11,81,2,94,158,2,160,254
11/11/2009,EWB,MA,ANE,EN,Federal Contract Tower,0,0,6,0,6,0,14,78,0,92,0,14,84,0,98,132,2,134,232
11/12/2009,EWB,MA,ANE,EN,Federal Contract Tower,0,0,13,0,13,0,8,50,0,58,0,8,63,0,71,128,4,132,203
11/13/2009,EWB,MA,ANE,EN,Federal Contract Tower,0,7,6,2,15,0,1,4,0,5,0,8,10,2,20,2,0,2,22
11/14/2009,EWB,MA,ANE,EN,Federal Contract Tower,0,5,9,0,14,0,0,0,0,0,0,5,9,0,14,0,0,0,14
11/15/2009,EWB,MA,ANE,EN,Federal Contract Tower,0,5,14,0,19,0,0,0,0,0,0,5,14,0,19,0,0,0,19
11/16/2009,EWB,MA,ANE,EN,Federal Contract Tower,0,0,28,0,28,0,11,105,0,116,0,11,133,0,144,144,2,146,290
11/17/2009,EWB,MA,ANE,EN,Federal Contract Tower,0,2,24,4,30,0,7,97,0,104,0,9,121,4,134,178,4,182,316
11/18/2009,EWB,MA,ANE,EN,Federal Contract Tower,0,4,24,2,30,0,11,97,0,108,0,15,121,2,138,140,4,144,282
11/19/2009,EWB,MA,ANE,EN,Federal Contract Tower,0,0,5,8,13,0,10,92,0,102,0,10,97,8,115,148,6,154,269
11/20/2009,EWB,MA,ANE,EN,Federal Contract Tower,0,8,10,4,22,0,11,86,0,97,0,19,96,4,119,110,0,110,229
11/21/2009,EWB,MA,ANE,EN,Federal Contract Tower,0,0,25,2,27,0,14,103,0,117,0,14,128,2,144,188,2,190,334
11/22/2009,EWB,MA,ANE,EN,Federal Contract Tower,0,0,9,0,9,0,12,87,0,99,0,12,96,0,108,134,0,134,242
11/23/2009,EWB,MA,ANE,EN,Federal Contract Tower,0,2,3,0,5,0,10,46,0,56,0,12,49,0,61,66,0,66,127
11/24/2009,EWB,MA,ANE,EN,Federal Contract Tower,0,15,9,0,24,0,0,0,0,0,0,15,9,0,24,0,0,0,24
11/25/2009,EWB,MA,ANE,EN,Federal Contract Tower,0,21,5,3,29,0,0,0,0,0,0,21,5,3,29,0,0,0,29
11/26/2009,EWB,MA,ANE,EN,Federal Contract Tower,0,8,4,0,12,0,0,0,0,0,0,8,4,0,12,0,0,0,12
11/27/2009,EWB,MA,ANE,EN,Federal Contract Tower,0,18,0,0,18,0,1,0,0,1,0,19,0,0,19,0,0,0,19
11/28/2009,EWB,MA,ANE,EN,Federal Contract Tower,0,2,2,0,4,0,8,20,0,28,0,10,22,0,32,24,0,24,56
11/29/2009,EWB,MA,ANE,EN,Federal Contract Tower,0,2,22,0,24,0,30,111,0,141,0,32,133,0,165,134,0,134,299
11/30/2009,EWB,MA,ANE,EN,Federal Contract Tower,0,2,4,4,10,0,14,81,0,95,0,16,85,4,105,124,0,124,229
12/01/2009,EWB,MA,ANE,EN,Federal Contract Tower,0,0,21,0,21,0,14,118,2,134,0,14,139,2,155,162,0,162,317
12/02/2009,EWB,MA,ANE,EN,Federal Contract Tower,0,0,9,2,11,0,14,121,0,135,0,14,130,2,146,202,2,204,350
12/03/2009,EWB,MA,ANE,EN,Federal Contract Tower,0,2,8,0,10,0,7,20,0,27,0,9,28,0,37,54,0,54,91
12/04/2009,EWB,MA,ANE,EN,Federal Contract Tower,0,1,31,1,33,0,31,144,2,177,0,32,175,3,210,236,6,242,452
12/05/2009,EWB,MA,ANE,EN,Federal Contract Tower,0,5,10,0,15,0,15,42,0,57,0,20,52,0,72,76,0,76,148
12/06/2009,EWB,MA,ANE,EN,Federal Contract Tower,0,2,17,0,19,0,45,94,0,139,0,47,111,0,158,112,0,112,270
12/07/2009,EWB,MA,ANE,EN,Federal Contract Tower,0,0,10,0,10,0,18,69,2,89,0,18,79,2,99,164,0,164,263
12/08/2009,EWB,MA,ANE,EN,Federal Contract Tower,0,0,22,1,23,0,18,116,0,134,0,18,138,1,157,124,0,124,281
12/09/2009,EWB,MA,ANE,EN,Federal Contract Tower,0,2,4,0,6,0,0,0,0,0,0,2,4,0,6,0,0,0,6
12/10/2009,EWB,MA,ANE,EN,Federal Contract Tower,0,2,11,1,14,0,16,57,0,73,0,18,68,1,87,116,0,116,203
12/11/2009,EWB,MA,ANE,EN,Federal Contract Tower,0,2,4,0,6,0,6,24,0,30,0,8,28,0,36,0,0,0,36
12/12/2009,EWB,MA,ANE,EN,Federal Contract Tower,0,1,5,0,6,0,10,92,0,102,0,11,97,0,108,194,0,194,302
12/13/2009,EWB,MA,ANE,EN,Federal Contract Tower,0,5,10,0,15,0,5,55,2,62,0,10,65,2,77,48,0,48,125
12/14/2009,EWB,MA,ANE,EN,Federal Contract Tower,0,5,10,0,15,0,9,85,0,94,0,14,95,0,109,188,6,194,303
12/15/2009,EWB,MA,ANE,EN,Federal Contract Tower,0,6,14,0,20,0,12,51,0,63,0,18,65,0,83,100,2,102,185
12/16/2009,EWB,MA,ANE,EN,Federal Contract Tower,0,0,9,2,11,0,8,51,8,67,0,8,60,10,78,68,14,82,160
12/17/2009,EWB,MA,ANE,EN,Federal Contract Tower,0,3,2,0,5,0,17,93,0,110,0,20,95,0,115,132,2,134,249
12/18/2009,EWB,MA,ANE,EN,Federal Contract Tower,0,2,16,4,22,0,9,66,0,75,0,11,82,4,97,88,2,90,187
12/19/2009,EWB,MA,ANE,EN,Federal Contract Tower,0,0,20,0,20,0,12,84,2,98,0,12,104,2,118,116,0,116,234
12/20/2009,EWB,MA,ANE,EN,Federal Contract Tower,0,0,0,0,0,0,0,0,0,0,0,0,0,0,0,0,0,0,0
12/21/2009,EWB,MA,ANE,EN,Federal Contract Tower,0,3,3,0,6,0,6,7,0,13,0,9,10,0,19,0,0,0,19
12/22/2009,EWB,MA,ANE,EN,Federal Contract Tower,0,0,15,2,17,0,11,74,2,87,0,11,89,4,104,140,4,144,248
12/23/2009,EWB,MA,ANE,EN,Federal Contract Tower,0,1,15,0,16,0,11,52,4,67,0,12,67,4,83,68,4,72,155
12/24/2009,EWB,MA,ANE,EN,Federal Contract Tower,0,6,1,0,7,0,10,23,0,33,0,16,24,0,40,10,0,10,50
12/25/2009,EWB,MA,ANE,EN,Federal Contract Tower,0,0,0,0,0,0,2,1,0,3,0,2,1,0,3,0,0,0,3
12/26/2009,EWB,MA,ANE,EN,Federal Contract Tower,0,4,2,0,6,0,9,6,0,15,0,13,8,0,21,6,0,6,27
12/27/2009,EWB,MA,ANE,EN,Federal Contract Tower,0,3,14,0,17,0,2,2,0,4,0,5,16,0,21,2,0,2,23
12/28/2009,EWB,MA,ANE,EN,Federal Contract Tower,0,4,6,0,10,0,12,18,0,30,0,16,24,0,40,48,0,48,88
12/29/2009,EWB,MA,ANE,EN,Federal Contract Tower,0,0,4,0,4,0,8,32,0,40,0,8,36,0,44,0,0,0,44
12/30/2009,EWB,MA,ANE,EN,Federal Contract Tower,0,2,32,0,34,0,14,90,0,104,0,16,122,0,138,78,0,78,216
12/31/2009,EWB,MA,ANE,EN,Federal Contract Tower,0,4,3,0,7,0,4,1,2,7,0,8,4,2,14,2,0,2,16
01/01/2010,EWB,MA,ANE,EN,Federal Contract Tower,0,8,0,0,8,0,4,18,0,22,0,12,18,0,30,0,0,0,30
01/02/2010,EWB,MA,ANE,EN,Federal Contract Tower,0,2,2,0,4,0,0,0,0,0,0,2,2,0,4,0,0,0,4
01/03/2010,EWB,MA,ANE,EN,Federal Contract Tower,0,1,1,0,2,0,1,0,0,1,0,2,1,0,3,0,0,0,3
01/04/2010,EWB,MA,ANE,EN,Federal Contract Tower,0,1,7,2,10,0,14,30,0,44,0,15,37,2,54,44,4,48,102
01/05/2010,EWB,MA,ANE,EN,Federal Contract Tower,0,1,7,2,10,0,15,112,0,127,0,16,119,2,137,200,2,202,339
01/06/2010,EWB,MA,ANE,EN,Federal Contract Tower,0,2,16,1,19,0,10,92,2,104,0,12,108,3,123,94,2,96,219
01/07/2010,EWB,MA,ANE,EN,Federal Contract Tower,0,2,6,0,8,0,11,72,0,83,0,13,78,0,91,100,0,100,191
01/08/2010,EWB,MA,ANE,EN,Federal Contract Tower,0,4,6,0,10,0,9,14,0,23,0,13,20,0,33,12,0,12,45
01/09/2010,EWB,MA,ANE,EN,Federal Contract Tower,0,1,18,0,19,0,5,71,4,80,0,6,89,4,99,126,0,126,225
01/10/2010,EWB,MA,ANE,EN,Federal Contract Tower,0,0,9,0,9,0,7,51,0,58,0,7,60,0,67,60,0,60,127
01/11/2010,EWB,MA,ANE,EN,Federal Contract Tower,0,0,8,4,12,0,8,73,0,81,0,8,81,4,93,112,0,112,205
01/12/2010,EWB,MA,ANE,EN,Federal Contract Tower,0,0,13,2,15,0,13,74,0,87,0,13,87,2,102,122,4,126,228
01/13/2010,EWB,MA,ANE,EN,Federal Contract Tower,0,3,5,0,8,0,11,62,2,75,0,14,67,2,83,110,2,112,195
01/14/2010,EWB,MA,ANE,EN,Federal Contract Tower,0,2,24,0,26,0,11,58,0,69,0,13,82,0,95,124,0,124,219
01/15/2010,EWB,MA,ANE,EN,Federal Contract Tower,0,0,14,0,14,0,9,127,4,140,0,9,141,4,154,166,0,166,320
01/16/2010,EWB,MA,ANE,EN,Federal Contract Tower,0,1,26,0,27,0,12,151,0,163,0,13,177,0,190,130,0,130,320
01/17/2010,EWB,MA,ANE,EN,Federal Contract Tower,0,2,5,0,7,0,6,42,0,48,0,8,47,0,55,46,0,46,101
01/18/2010,EWB,MA,ANE,EN,Federal Contract Tower,0,5,2,0,7,0,1,0,0,1,0,6,2,0,8,0,0,0,8
01/19/2010,EWB,MA,ANE,EN,Federal Contract Tower,0,4,2,0,6,0,5,8,0,13,0,9,10,0,19,0,0,0,19
01/20/2010,EWB,MA,ANE,EN,Federal Contract Tower,0,3,13,0,16,0,7,32,0,39,0,10,45,0,55,52,8,60,115
01/21/2010,EWB,MA,ANE,EN,Federal Contract Tower,0,0,17,2,19,0,11,120,4,135,0,11,137,6,154,164,20,184,338
01/22/2010,EWB,MA,ANE,EN,Federal Contract Tower,0,2,8,0,10,0,13,56,0,69,0,15,64,0,79,72,0,72,151
01/23/2010,EWB,MA,ANE,EN,Federal Contract Tower,0,0,21,0,21,0,8,111,0,119,0,8,132,0,140,136,0,136,276
01/24/2010,EWB,MA,ANE,EN,Federal Contract Tower,0,1,17,0,18,0,11,111,0,122,0,12,128,0,140,146,0,146,286
01/25/2010,EWB,MA,ANE,EN,Federal Contract Tower,0,5,0,0,5,0,7,28,0,35,0,12,28,0,40,4,0,4,44
01/26/2010,EWB,MA,ANE,EN,Federal Contract Tower,0,1,4,0,5,0,9,42,0,51,0,10,46,0,56,60,2,62,118
01/27/2010,EWB,MA,ANE,EN,Federal Contract Tower,0,2,9,0,11,0,9,92,4,105,0,11,101,4,116,152,4,156,272
01/28/2010,EWB,MA,ANE,EN,Federal Contract Tower,0,4,2,2,8,0,8,30,0,38,0,12,32,2,46,46,0,46,92
01/29/2010,EWB,MA,ANE,EN,Federal Contract Tower,0,0,3,6,9,0,11,11,0,22,0,11,14,6,31,0,4,4,35
01/30/2010,EWB,MA,ANE,EN,Federal Contract Tower,0,0,20,0,20,0,8,40,0,48,0,8,60,0,68,70,6,76,144
01/31/2010,EWB,MA,ANE,EN,Federal Contract Tower,0,0,11,0,11,0,8,137,0,145,0,8,148,0,156,118,2,120,276
02/01/2010,EWB,MA,ANE,EN,Federal Contract Tower,0,0,3,0,3,0,10,71,0,81,0,10,74,0,84,88,0,88,172
02/02/2010,EWB,MA,ANE,EN,Federal Contract Tower,0,5,39,0,44,0,10,75,0,85,0,15,114,0,129,130,0,130,259
02/03/2010,EWB,MA,ANE,EN,Federal Contract Tower,0,3,11,0,14,0,4,50,2,56,0,7,61,2,70,102,0,102,172
02/04/2010,EWB,MA,ANE,EN,Federal Contract Tower,0,2,12,0,14,0,16,99,0,115,0,18,111,0,129,134,0,134,263
02/05/2010,EWB,MA,ANE,EN,Federal Contract Tower,0,0,25,0,25,0,12,97,6,115,0,12,122,6,140,146,0,146,286
02/06/2010,EWB,MA,ANE,EN,Federal Contract Tower,0,3,15,0,18,0,2,10,0,12,0,5,25,0,30,19,4,23,53
02/07/2010,EWB,MA,ANE,EN,Federal Contract Tower,0,2,26,0,28,0,6,40,0,46,0,8,66,0,74,78,2,80,154
02/08/2010,EWB,MA,ANE,EN,Federal Contract Tower,0,0,6,0,6,0,15,98,1,114,0,15,104,1,120,86,2,88,208
02/09/2010,EWB,MA,ANE,EN,Federal Contract Tower,0,4,4,0,8,0,12,128,0,140,0,16,132,0,148,218,0,218,366
02/10/2010,EWB,MA,ANE,EN,Federal Contract Tower,0,2,0,0,2,0,1,0,0,1,0,3,0,0,3,0,0,0,3
02/11/2010,EWB,MA,ANE,EN,Federal Contract Tower,0,9,0,0,9,0,9,20,0,29,0,18,20,0,38,36,0,36,74
02/12/2010,EWB,MA,ANE,EN,Federal Contract Tower,0,0,19,2,21,0,9,83,0,92,0,9,102,2,113,120,4,124,237
02/13/2010,EWB,MA,ANE,EN,Federal Contract Tower,0,2,9,0,11,0,6,52,1,59,0,8,61,1,70,80,0,80,150
02/14/2010,EWB,MA,ANE,EN,Federal Contract Tower,0,0,11,0,11,0,11,31,0,42,0,11,42,0,53,48,0,48,101
02/15/2010,EWB,MA,ANE,EN,Federal Contract Tower,0,0,10,0,10,0,17,44,0,61,0,17,54,0,71,64,0,64,135
02/16/2010,EWB,MA,ANE,EN,Federal Contract Tower,0,4,0,0,4,0,0,0,0,0,0,4,0,0,4,0,0,0,4
02/17/2010,EWB,MA,ANE,EN,Federal Contract Tower,0,0,2,0,2,0,11,49,0,60,0,11,51,0,62,80,0,80,142
02/18/2010,EWB,MA,ANE,EN,Federal Contract Tower,0,1,12,2,15,0,9,65,0,74,0,10,77,2,89,54,0,54,143
02/19/2010,EWB,MA,ANE,EN,Federal Contract Tower,0,1,10,4,15,0,12,33,0,45,0,13,43,4,60,30,0,30,90
02/20/2010,EWB,MA,ANE,EN,Federal Contract Tower,0,3,8,0,11,0,5,59,0,64,0,8,67,0,75,128,4,132,207
02/21/2010,EWB,MA,ANE,EN,Federal Contract Tower,0,1,17,0,18,0,9,55,0,64,0,10,72,0,82,76,0,76,158
02/22/2010,EWB,MA,ANE,EN,Federal Contract Tower,0,0,20,0,20,0,12,78,0,90,0,12,98,0,110,142,0,142,252
02/23/2010,EWB,MA,ANE,EN,Federal Contract Tower,0,2,4,0,6,0,7,13,0,20,0,9,17,0,26,10,0,10,36
02/24/2010,EWB,MA,ANE,EN,Federal Contract Tower,0,4,3,0,7,0,2,2,0,4,0,6,5,0,11,0,0,0,11
02/25/2010,EWB,MA,ANE,EN,Federal Contract Tower,0,11,0,0,11,0,0,0,0,0,0,11,0,0,11,4,0,4,15
02/26/2010,EWB,MA,ANE,EN,Federal Contract Tower,0,5,4,0,9,0,6,0,0,6,0,11,4,0,15,0,0,0,15
02/27/2010,EWB,MA,ANE,EN,Federal Contract Tower,0,5,0,0,5,0,1,7,0,8,0,6,7,0,13,0,0,0,13
02/28/2010,EWB,MA,ANE,EN,Federal Contract Tower,0,0,10,0,10,0,9,44,0,53,0,9,54,0,63,78,0,78,141
03/01/2010,EWB,MA,ANE,EN,Federal Contract Tower,0,0,1,0,1,0,4,6,0,10,0,4,7,0,11,0,0,0,11
03/02/2010,EWB,MA,ANE,EN,Federal Contract Tower,0,0,15,4,19,0,9,101,0,110,0,9,116,4,129,148,4,152,281
03/03/2010,EWB,MA,ANE,EN,Federal Contract Tower,0,6,0,0,6,0,1,0,0,1,0,7,0,0,7,0,0,0,7
03/04/2010,EWB,MA,ANE,EN,Federal Contract Tower,0,14,6,0,20,0,3,1,0,4,0,17,7,0,24,4,0,4,28
03/05/2010,EWB,MA,ANE,EN,Federal Contract Tower,0,8,3,0,11,0,16,64,0,80,0,24,67,0,91,132,0,132,223
03/06/2010,EWB,MA,ANE,EN,Federal Contract Tower,0,1,19,0,20,0,7,106,0,113,0,8,125,0,133,122,0,122,255
03/07/2010,EWB,MA,ANE,EN,Federal Contract Tower,0,1,17,0,18,0,5,95,1,101,0,6,112,1,119,116,0,116,235
03/08/2010,EWB,MA,ANE,EN,Federal Contract Tower,0,1,15,0,16,0,13,89,0,102,0,14,104,0,118,114,0,114,232
03/09/2010,EWB,MA,ANE,EN,Federal Contract Tower,0,0,11,0,11,0,7,96,0,103,0,7,107,0,114,124,0,124,238
03/10/2010,EWB,MA,ANE,EN,Federal Contract Tower,0,5,12,0,17,0,11,114,6,131,0,16,126,6,148,162,0,162,310
03/11/2010,EWB,MA,ANE,EN,Federal Contract Tower,0,1,1,0,2,0,12,104,0,116,0,13,105,0,118,172,0,172,290
03/12/2010,EWB,MA,ANE,EN,Federal Contract Tower,0,1,18,0,19,0,13,39,0,52,0,14,57,0,71,62,0,62,133
03/13/2010,EWB,MA,ANE,EN,Federal Contract Tower,0,4,0,0,4,0,0,0,0,0,0,4,0,0,4,0,0,0,4
03/14/2010,EWB,MA,ANE,EN,Federal Contract Tower,0,0,1,0,1,0,0,0,0,0,0,0,1,0,1,0,0,0,1
03/15/2010,EWB,MA,ANE,EN,Federal Contract Tower,0,4,0,0,4,0,0,0,0,0,0,4,0,0,4,0,0,0,4
03/16/2010,EWB,MA,ANE,EN,Federal Contract Tower,0,2,33,0,35,0,15,64,2,81,0,17,97,2,116,54,0,54,170
03/17/2010,EWB,MA,ANE,EN,Federal Contract Tower,0,2,13,0,15,0,11,108,0,119,0,13,121,0,134,210,0,210,344
03/18/2010,EWB,MA,ANE,EN,Federal Contract Tower,0,3,14,0,17,0,13,88,0,101,0,16,102,0,118,128,0,128,246
03/19/2010,EWB,MA,ANE,EN,Federal Contract Tower,0,3,18,0,21,0,9,102,3,114,0,12,120,3,135,154,0,154,289
03/20/2010,EWB,MA,ANE,EN,Federal Contract Tower,0,1,16,0,17,0,23,88,4,115,0,24,104,4,132,94,0,94,226
03/21/2010,EWB,MA,ANE,EN,Federal Contract Tower,0,5,5,0,10,0,6,157,0,163,0,11,162,0,173,196,0,196,369
03/22/2010,EWB,MA,ANE,EN,Federal Contract Tower,0,13,5,0,18,0,0,0,0,0,0,13,5,0,18,4,0,4,22
03/23/2010,EWB,MA,ANE,EN,Federal Contract Tower,0,9,12,2,23,0,0,0,0,0,0,9,12,2,23,0,2,2,25
03/24/2010,EWB,MA,ANE,EN,Federal Contract Tower,0,5,1,2,8,0,12,22,0,34,0,17,23,2,42,26,8,34,76
03/25/2010,EWB,MA,ANE,EN,Federal Contract Tower,0,0,6,0,6,0,12,79,1,92,0,12,85,1,98,104,4,108,206
03/26/2010,EWB,MA,ANE,EN,Federal Contract Tower,0,4,2,0,6,0,6,8,0,14,0,10,10,0,20,0,0,0,20
03/27/2010,EWB,MA,ANE,EN,Federal Contract Tower,0,0,5,0,5,0,12,170,0,182,0,12,175,0,187,212,0,212,399
03/28/2010,EWB,MA,ANE,EN,Federal Contract Tower,0,0,17,0,17,0,13,74,0,87,0,13,91,0,104,128,2,130,234
03/29/2010,EWB,MA,ANE,EN,Federal Contract Tower,0,4,1,0,5,0,3,1,0,4,0,7,2,0,9,0,0,0,9
03/30/2010,EWB,MA,ANE,EN,Federal Contract Tower,0,7,9,0,16,0,0,0,0,0,0,7,9,0,16,4,0,4,20
03/31/2010,EWB,MA,ANE,EN,Federal Contract Tower,0,7,27,0,34,0,6,59,6,71,0,13,86,6,105,12,6,18,123
04/01/2010,EWB,MA,ANE,EN,Federal Contract Tower,0,7,21,0,28,0,15,118,0,133,0,22,139,0,161,222,0,222,383
04/02/2010,EWB,MA,ANE,EN,Federal Contract Tower,0,3,19,2,24,0,12,146,0,158,0,15,165,2,182,192,18,210,392
04/03/2010,EWB,MA,ANE,EN,Federal Contract Tower,0,5,24,0,29,0,11,113,0,124,0,16,137,0,153,186,0,186,339
04/04/2010,EWB,MA,ANE,EN,Federal Contract Tower,0,1,19,0,20,0,7,69,0,76,0,8,88,0,96,162,2,164,260
04/05/2010,EWB,MA,ANE,EN,Federal Contract Tower,0,0,10,0,10,0,15,109,0,124,0,15,119,0,134,152,0,152,286
04/06/2010,EWB,MA,ANE,EN,Federal Contract Tower,0,3,24,0,27,0,13,52,0,65,0,16,76,0,92,114,0,114,206
04/07/2010,EWB,MA,ANE,EN,Federal Contract Tower,0,0,13,4,17,0,11,113,0,124,0,11,126,4,141,180,2,182,323
04/08/2010,EWB,MA,ANE,EN,Federal Contract Tower,0,0,34,6,40,0,12,84,0,96,0,12,118,6,136,174,8,182,318
04/09/2010,EWB,MA,ANE,EN,Federal Contract Tower,0,11,10,0,21,0,0,0,0,0,0,11,10,0,21,0,0,0,21
04/10/2010,EWB,MA,ANE,EN,Federal Contract Tower,0,0,4,0,4,0,5,97,0,102,0,5,101,0,106,232,2,234,340
04/11/2010,EWB,MA,ANE,EN,Federal Contract Tower,0,2,6,0,8,0,8,72,0,80,0,10,78,0,88,100,0,100,188
04/12/2010,EWB,MA,ANE,EN,Federal Contract Tower,0,0,20,1,21,0,9,103,2,114,0,9,123,3,135,132,0,132,267
04/13/2010,EWB,MA,ANE,EN,Federal Contract Tower,0,2,21,2,25,0,9,72,0,81,0,11,93,2,106,162,2,164,270
04/14/2010,EWB,MA,ANE,EN,Federal Contract Tower,0,0,26,3,29,0,9,164,0,173,0,9,190,3,202,248,12,260,462
04/15/2010,EWB,MA,ANE,EN,Federal Contract Tower,0,0,19,6,25,0,6,79,2,87,0,6,98,8,112,146,4,150,262
04/16/2010,EWB,MA,ANE,EN,Federal Contract Tower,0,0,21,0,21,0,11,28,0,39,0,11,49,0,60,112,0,112,172
04/17/2010,EWB,MA,ANE,EN,Federal Contract Tower,0,7,30,0,37,0,0,0,0,0,0,7,30,0,37,12,0,12,49
04/18/2010,EWB,MA,ANE,EN,Federal Contract Tower,0,2,18,0,20,0,6,28,0,34,0,8,46,0,54,90,0,90,144
04/19/2010,EWB,MA,ANE,EN,Federal Contract Tower,0,3,12,0,15,0,10,57,2,69,0,13,69,2,84,68,2,70,154
04/20/2010,EWB,MA,ANE,EN,Federal Contract Tower,0,4,48,0,52,0,16,128,0,144,0,20,176,0,196,220,2,222,418
04/21/2010,EWB,MA,ANE,EN,Federal Contract Tower,0,0,37,0,37,0,13,121,4,138,0,13,158,4,175,210,0,210,385
04/22/2010,EWB,MA,ANE,EN,Federal Contract Tower,0,0,27,0,27,0,10,89,0,99,0,10,116,0,126,138,0,138,264
04/23/2010,EWB,MA,ANE,EN,Federal Contract Tower,0,8,30,0,38,0,41,118,2,161,0,49,148,2,199,198,0,198,397
04/24/2010,EWB,MA,ANE,EN,Federal Contract Tower,0,1,29,0,30,0,7,122,0,129,0,8,151,0,159,150,0,150,309
04/25/2010,EWB,MA,ANE,EN,Federal Contract Tower,0,8,14,0,22,0,20,24,0,44,0,28,38,0,66,10,0,10,76
04/26/2010,EWB,MA,ANE,EN,Federal Contract Tower,0,10,14,0,24,0,9,8,0,17,0,19,22,0,41,42,2,44,85
04/27/2010,EWB,MA,ANE,EN,Federal Contract Tower,0,6,20,2,28,0,3,6,0,9,0,9,26,2,37,12,2,14,51
04/28/2010,EWB,MA,ANE,EN,Federal Contract Tower,0,2,2,0,4,0,11,50,0,61,0,13,52,0,65,94,4,98,163
04/29/2010,EWB,MA,ANE,EN,Federal Contract Tower,0,0,18,4,22,0,8,39,0,47,0,8,57,4,69,64,2,66,135
04/30/2010,EWB,MA,ANE,EN,Federal Contract Tower,0,2,18,0,20,0,20,83,4,107,0,22,101,4,127,188,0,188,315
05/01/2010,EWB,MA,ANE,EN,Federal Contract Tower,0,2,23,2,27,0,7,71,2,80,0,9,94,4,107,110,0,110,217
05/02/2010,EWB,MA,ANE,EN,Federal Contract Tower,0,5,36,0,41,0,18,121,0,139,0,23,157,0,180,156,0,156,336
05/03/2010,EWB,MA,ANE,EN,Federal Contract Tower,0,4,6,0,10,0,4,15,0,19,0,8,21,0,29,32,0,32,61
05/04/2010,EWB,MA,ANE,EN,Federal Contract Tower,0,0,16,0,16,0,10,69,0,79,0,10,85,0,95,112,0,112,207
05/05/2010,EWB,MA,ANE,EN,Federal Contract Tower,0,2,21,0,23,0,12,98,0,110,0,14,119,0,133,152,0,152,285
05/06/2010,EWB,MA,ANE,EN,Federal Contract Tower,0,14,13,0,27,0,12,63,3,78,0,26,76,3,105,68,12,80,185
05/07/2010,EWB,MA,ANE,EN,Federal Contract Tower,0,0,5,0,5,0,17,124,2,143,0,17,129,2,148,174,0,174,322
05/08/2010,EWB,MA,ANE,EN,Federal Contract Tower,0,9,5,0,14,0,0,0,0,0,0,9,5,0,14,0,0,0,14
05/09/2010,EWB,MA,ANE,EN,Federal Contract Tower,0,1,24,0,25,0,14,28,0,42,0,15,52,0,67,44,0,44,111
05/10/2010,EWB,MA,ANE,EN,Federal Contract Tower,0,3,24,0,27,0,12,73,0,85,0,15,97,0,112,162,0,162,274
05/11/2010,EWB,MA,ANE,EN,Federal Contract Tower,0,0,31,0,31,0,12,122,0,134,0,12,153,0,165,202,0,202,367
05/12/2010,EWB,MA,ANE,EN,Federal Contract Tower,0,1,16,0,17,0,5,42,0,47,0,6,58,0,64,122,0,122,186
05/13/2010,EWB,MA,ANE,EN,Federal Contract Tower,0,5,35,0,40,0,23,127,0,150,0,28,162,0,190,134,4,138,328
05/14/2010,EWB,MA,ANE,EN,Federal Contract Tower,0,12,11,0,23,0,6,16,0,22,0,18,27,0,45,24,0,24,69
05/15/2010,EWB,MA,ANE,EN,Federal Contract Tower,0,0,9,0,9,0,19,98,0,117,0,19,107,0,126,118,0,118,244
05/16/2010,EWB,MA,ANE,EN,Federal Contract Tower,0,17,0,0,17,0,24,120,0,144,0,41,120,0,161,114,0,114,275
05/17/2010,EWB,MA,ANE,EN,Federal Contract Tower,0,5,28,0,33,0,39,137,0,176,0,44,165,0,209,210,0,210,419
05/18/2010,EWB,MA,ANE,EN,Federal Contract Tower,0,4,19,0,23,0,16,74,0,90,0,20,93,0,113,156,0,156,269
05/19/2010,EWB,MA,ANE,EN,Federal Contract Tower,0,19,14,0,33,0,0,0,0,0,0,19,14,0,33,4,0,4,37
05/20/2010,EWB,MA,ANE,EN,Federal Contract Tower,0,2,30,0,32,0,23,123,0,146,0,25,153,0,178,182,4,186,364
05/21/2010,EWB,MA,ANE,EN,Federal Contract Tower,0,0,30,0,30,0,35,101,9,145,0,35,131,9,175,124,6,130,305
05/22/2010,EWB,MA,ANE,EN,Federal Contract Tower,0,3,8,0,11,0,36,309,2,347,0,39,317,2,358,54,6,60,418
05/23/2010,EWB,MA,ANE,EN,Federal Contract Tower,0,12,16,0,28,0,15,13,0,28,0,27,29,0,56,24,0,24,80
05/24/2010,EWB,MA,ANE,EN,Federal Contract Tower,0,6,19,2,27,0,25,130,0,155,0,31,149,2,182,182,4,186,368
05/25/2010,EWB,MA,ANE,EN,Federal Contract Tower,0,1,22,0,23,0,23,119,1,143,0,24,141,1,166,146,6,152,318
05/26/2010,EWB,MA,ANE,EN,Federal Contract Tower,0,0,18,0,18,0,20,96,0,116,0,20,114,0,134,192,0,192,326
05/27/2010,EWB,MA,ANE,EN,Federal Contract Tower,0,16,10,2,28,0,32,69,0,101,0,48,79,2,129,72,0,72,201
05/28/2010,EWB,MA,ANE,EN,Federal Contract Tower,0,5,23,1,29,0,48,71,0,119,0,53,94,1,148,142,0,142,290
05/29/2010,EWB,MA,ANE,EN,Federal Contract Tower,0,12,0,0,12,0,35,66,0,101,0,47,66,0,113,128,0,128,241
05/30/2010,EWB,MA,ANE,EN,Federal Contract Tower,0,0,9,0,9,0,22,93,0,115,0,22,102,0,124,130,4,134,258
05/31/2010,EWB,MA,ANE,EN,Federal Contract Tower,0,25,16,3,44,0,44,66,0,110,0,69,82,3,154,40,0,40,194
06/01/2010,EWB,MA,ANE,EN,Federal Contract Tower,0,15,9,0,24,0,25,35,0,60,0,40,44,0,84,70,0,70,154
06/02/2010,EWB,MA,ANE,EN,Federal Contract Tower,0,16,32,0,48,0,7,74,0,81,0,23,106,0,129,138,0,138,267
06/03/2010,EWB,MA,ANE,EN,Federal Contract Tower,0,26,9,0,35,0,0,1,0,1,0,26,10,0,36,0,0,0,36
06/04/2010,EWB,MA,ANE,EN,Federal Contract Tower,0,11,25,1,37,0,23,72,1,96,0,34,97,2,133,94,4,98,231
06/05/2010,EWB,MA,ANE,EN,Federal Contract Tower,0,7,16,0,23,0,0,37,0,37,0,7,53,0,60,2,0,2,62
06/06/2010,EWB,MA,ANE,EN,Federal Contract Tower,0,15,10,2,27,0,20,57,2,79,0,35,67,4,106,50,0,50,156
06/07/2010,EWB,MA,ANE,EN,Federal Contract Tower,0,3,23,0,26,0,30,83,0,113,0,33,106,0,139,140,0,140,279
06/08/2010,EWB,MA,ANE,EN,Federal Contract Tower,0,1,16,2,19,0,22,130,2,154,0,23,146,4,173,148,4,152,325
06/09/2010,EWB,MA,ANE,EN,Federal Contract Tower,0,4,16,0,20,0,23,85,0,108,0,27,101,0,128,76,0,76,204
06/10/2010,EWB,MA,ANE,EN,Federal Contract Tower,0,27,22,0,49,0,7,17,0,24,0,34,39,0,73,2,0,2,75
06/11/2010,EWB,MA,ANE,EN,Federal Contract Tower,0,3,19,0,22,0,25,90,0,115,0,28,109,0,137,124,0,124,261
06/12/2010,EWB,MA,ANE,EN,Federal Contract Tower,0,4,29,0,33,0,10,30,0,40,0,14,59,0,73,54,0,54,127
06/13/2010,EWB,MA,ANE,EN,Federal Contract Tower,0,0,0,0,0,0,2,0,0,2,0,2,0,0,2,0,0,0,2
06/14/2010,EWB,MA,ANE,EN,Federal Contract Tower,0,15,17,0,32,0,14,12,0,26,0,29,29,0,58,10,0,10,68
06/15/2010,EWB,MA,ANE,EN,Federal Contract Tower,0,2,34,0,36,0,23,99,2,124,0,25,133,2,160,138,8,146,306
06/16/2010,EWB,MA,ANE,EN,Federal Contract Tower,0,4,11,0,15,0,25,45,0,70,0,29,56,0,85,98,0,98,183
06/17/2010,EWB,MA,ANE,EN,Federal Contract Tower,0,11,21,0,32,0,18,31,0,49,0,29,52,0,81,26,0,26,107
06/18/2010,EWB,MA,ANE,EN,Federal Contract Tower,0,2,6,0,8,0,38,108,5,151,0,40,114,5,159,88,0,88,247
06/19/2010,EWB,MA,ANE,EN,Federal Contract Tower,0,2,21,0,23,0,16,81,0,97,0,18,102,0,120,86,2,88,208
06/20/2010,EWB,MA,ANE,EN,Federal Contract Tower,0,34,5,0,39,0,6,32,0,38,0,40,37,0,77,22,0,22,99
06/21/2010,EWB,MA,ANE,EN,Federal Contract Tower,0,3,15,0,18,0,27,83,0,110,0,30,98,0,128,164,0,164,292
06/22/2010,EWB,MA,ANE,EN,Federal Contract Tower,0,2,24,0,26,0,22,72,0,94,0,24,96,0,120,170,0,170,290
06/23/2010,EWB,MA,ANE,EN,Federal Contract Tower,0,10,5,0,15,0,13,32,0,45,0,23,37,0,60,70,0,70,130
06/24/2010,EWB,MA,ANE,EN,Federal Contract Tower,0,8,20,0,28,0,30,66,0,96,0,38,86,0,124,114,0,114,238
06/25/2010,EWB,MA,ANE,EN,Federal Contract Tower,0,4,13,2,19,0,50,109,0,159,0,54,122,2,178,88,2,90,268
06/26/2010,EWB,MA,ANE,EN,Federal Contract Tower,0,4,15,0,19,0,17,35,0,52,0,21,50,0,71,36,4,40,111
06/27/2010,EWB,MA,ANE,EN,Federal Contract Tower,0,20,12,0,32,0,15,46,0,61,0,35,58,0,93,62,0,62,155
06/28/2010,EWB,MA,ANE,EN,Federal Contract Tower,0,6,22,0,28,0,25,69,0,94,0,31,91,0,122,86,0,86,208
06/29/2010,EWB,MA,ANE,EN,Federal Contract Tower,0,4,28,0,32,0,28,126,0,154,0,32,154,0,186,186,8,194,380
06/30/2010,EWB,MA,ANE,EN,Federal Contract Tower,0,4,20,0,24,0,30,97,0,127,0,34,117,0,151,168,0,168,319
07/01/2010,EWB,MA,ANE,EN,Federal Contract Tower,0,1,20,0,21,0,41,69,0,110,0,42,89,0,131,82,0,82,213
07/02/2010,EWB,MA,ANE,EN,Federal Contract Tower,0,3,8,0,11,0,34,131,0,165,0,37,139,0,176,162,0,162,338
07/03/2010,EWB,MA,ANE,EN,Federal Contract Tower,0,6,15,0,21,0,45,87,0,132,0,51,102,0,153,132,0,132,285
07/04/2010,EWB,MA,ANE,EN,Federal Contract Tower,0,0,6,0,6,0,19,43,0,62,0,19,49,0,68,30,0,30,98
07/05/2010,EWB,MA,ANE,EN,Federal Contract Tower,0,1,12,0,13,0,60,104,0,164,0,61,116,0,177,70,0,70,247
07/06/2010,EWB,MA,ANE,EN,Federal Contract Tower,0,3,11,0,14,0,36,92,0,128,0,39,103,0,142,62,0,62,204
07/07/2010,EWB,MA,ANE,EN,Federal Contract Tower,0,5,9,0,14,0,30,59,0,89,0,35,68,0,103,124,0,124,227
07/08/2010,EWB,MA,ANE,EN,Federal Contract Tower,0,8,24,2,34,0,22,102,0,124,0,30,126,2,158,70,4,74,232
07/09/2010,EWB,MA,ANE,EN,Federal Contract Tower,0,26,21,0,47,0,19,66,4,89,0,45,87,4,136,20,0,20,156
07/10/2010,EWB,MA,ANE,EN,Federal Contract Tower,0,5,1,0,6,0,21,39,0,60,0,26,40,0,66,38,0,38,104
07/11/2010,EWB,MA,ANE,EN,Federal Contract Tower,0,20,14,0,34,0,35,44,0,79,0,55,58,0,113,20,0,20,133
07/12/2010,EWB,MA,ANE,EN,Federal Contract Tower,0,6,7,0,13,0,30,94,0,124,0,36,101,0,137,112,0,112,249
07/13/2010,EWB,MA,ANE,EN,Federal Contract Tower,0,15,17,0,32,0,20,67,0,87,0,35,84,0,119,86,0,86,205
07/14/2010,EWB,MA,ANE,EN,Federal Contract Tower,0,32,5,0,37,0,0,0,0,0,0,32,5,0,37,0,0,0,37
07/15/2010,EWB,MA,ANE,EN,Federal Contract Tower,0,28,22,0,50,0,23,59,0,82,0,51,81,0,132,64,0,64,196
07/16/2010,EWB,MA,ANE,EN,Federal Contract Tower,0,33,27,0,60,0,20,27,0,47,0,53,54,0,107,34,2,36,143
07/17/2010,EWB,MA,ANE,EN,Federal Contract Tower,0,1,8,0,9,0,23,78,0,101,0,24,86,0,110,86,0,86,196
07/18/2010,EWB,MA,ANE,EN,Federal Contract Tower,0,18,18,0,36,0,42,64,0,106,0,60,82,0,142,60,0,60,202
07/19/2010,EWB,MA,ANE,EN,Federal Contract Tower,0,17,6,0,23,0,20,28,0,48,0,37,34,0,71,34,0,34,105
07/20/2010,EWB,MA,ANE,EN,Federal Contract Tower,0,6,19,1,26,0,38,83,1,122,0,44,102,2,148,138,4,142,290
07/21/2010,EWB,MA,ANE,EN,Federal Contract Tower,0,14,9,0,23,0,18,50,0,68,0,32,59,0,91,38,2,40,131
07/22/2010,EWB,MA,ANE,EN,Federal Contract Tower,0,8,13,0,21,0,40,82,0,122,0,48,95,0,143,120,0,120,263
07/23/2010,EWB,MA,ANE,EN,Federal Contract Tower,0,1,14,0,15,0,29,62,0,91,0,30,76,0,106,102,2,104,210
07/24/2010,EWB,MA,ANE,EN,Federal Contract Tower,0,8,7,0,15,0,18,8,0,26,0,26,15,0,41,12,0,12,53
07/25/2010,EWB,MA,ANE,EN,Federal Contract Tower,0,6,6,0,12,0,37,47,0,84,0,43,53,0,96,34,0,34,130
07/26/2010,EWB,MA,ANE,EN,Federal Contract Tower,0,2,15,0,17,0,39,68,0,107,0,41,83,0,124,70,4,74,198
07/27/2010,EWB,MA,ANE,EN,Federal Contract Tower,0,3,12,0,15,0,33,84,0,117,0,36,96,0,132,154,0,154,286
07/28/2010,EWB,MA,ANE,EN,Federal Contract Tower,0,0,10,0,10,0,24,89,0,113,0,24,99,0,123,122,10,132,255
07/29/2010,EWB,MA,ANE,EN,Federal Contract Tower,0,15,21,0,36,0,13,44,0,57,0,28,65,0,93,44,0,44,137
07/30/2010,EWB,MA,ANE,EN,Federal Contract Tower,0,9,44,0,53,0,47,97,0,144,0,56,141,0,197,134,0,134,331
07/31/2010,EWB,MA,ANE,EN,Federal Contract Tower,0,4,17,0,21,0,39,74,5,118,0,43,91,5,139,74,0,74,213
08/01/2010,EWB,MA,ANE,EN,Federal Contract Tower,0,4,9,0,13,0,28,102,0,130,0,32,111,0,143,134,0,134,277
08/02/2010,EWB,MA,ANE,EN,Federal Contract Tower,0,3,17,0,20,0,33,108,0,141,0,36,125,0,161,104,0,104,265
08/03/2010,EWB,MA,ANE,EN,Federal Contract Tower,0,12,23,0,35,0,37,75,0,112,0,49,98,0,147,72,0,72,219
08/04/2010,EWB,MA,ANE,EN,Federal Contract Tower,0,19,21,2,42,0,27,45,0,72,0,46,66,2,114,54,6,60,174
08/05/2010,EWB,MA,ANE,EN,Federal Contract Tower,0,21,10,0,31,0,11,29,0,40,0,32,39,0,71,0,0,0,71
08/06/2010,EWB,MA,ANE,EN,Federal Contract Tower,0,2,18,0,20,0,34,101,0,135,0,36,119,0,155,66,0,66,221
08/07/2010,EWB,MA,ANE,EN,Federal Contract Tower,0,6,13,2,21,0,36,113,0,149,0,42,126,2,170,88,2,90,260
08/08/2010,EWB,MA,ANE,EN,Federal Contract Tower,0,4,11,0,15,0,40,131,0,171,0,44,142,0,186,104,0,104,290
08/09/2010,EWB,MA,ANE,EN,Federal Contract Tower,0,16,16,0,32,0,47,86,0,133,0,63,102,0,165,106,2,108,273
08/10/2010,EWB,MA,ANE,EN,Federal Contract Tower,0,6,31,0,37,0,28,98,0,126,0,34,129,0,163,138,4,142,305
08/11/2010,EWB,MA,ANE,EN,Federal Contract Tower,0,7,9,0,16,0,29,66,0,95,0,36,75,0,111,74,0,74,185
08/12/2010,EWB,MA,ANE,EN,Federal Contract Tower,0,5,16,2,23,0,31,84,0,115,0,36,100,2,138,104,2,106,244
08/13/2010,EWB,MA,ANE,EN,Federal Contract Tower,0,4,12,0,16,0,39,74,3,116,0,43,86,3,132,136,4,140,272
08/14/2010,EWB,MA,ANE,EN,Federal Contract Tower,0,2,24,0,26,0,33,113,0,146,0,35,137,0,172,102,0,102,274
08/15/2010,EWB,MA,ANE,EN,Federal Contract Tower,0,0,22,0,22,0,29,111,0,140,0,29,133,0,162,164,0,164,326
08/16/2010,EWB,MA,ANE,EN,Federal Contract Tower,0,11,8,0,19,0,22,36,0,58,0,33,44,0,77,44,0,44,121
08/17/2010,EWB,MA,ANE,EN,Federal Contract Tower,0,34,30,2,66,0,22,39,4,65,0,56,69,6,131,40,4,44,175
08/18/2010,EWB,MA,ANE,EN,Federal Contract Tower,0,0,8,2,10,0,25,89,4,118,0,25,97,6,128,162,2,164,292
08/19/2010,EWB,MA,ANE,EN,Federal Contract Tower,0,24,16,0,40,0,21,51,0,72,0,45,67,0,112,48,0,48,160
08/20/2010,EWB,MA,ANE,EN,Federal Contract Tower,0,38,11,0,49,0,25,37,0,62,0,63,48,0,111,0,0,0,111
08/21/2010,EWB,MA,ANE,EN,Federal Contract Tower,0,34,12,0,46,0,15,34,0,49,0,49,46,0,95,0,0,0,95
08/22/2010,EWB,MA,ANE,EN,Federal Contract Tower,0,40,15,0,55,0,0,4,0,4,0,40,19,0,59,0,0,0,59
08/23/2010,EWB,MA,ANE,EN,Federal Contract Tower,0,16,6,0,22,0,0,0,0,0,0,16,6,0,22,0,0,0,22
08/24/2010,EWB,MA,ANE,EN,Federal Contract Tower,0,37,13,0,50,0,0,0,0,0,0,37,13,0,50,0,0,0,50
08/25/2010,EWB,MA,ANE,EN,Federal Contract Tower,0,23,27,0,50,0,0,0,0,0,0,23,27,0,50,0,0,0,50
08/26/2010,EWB,MA,ANE,EN,Federal Contract Tower,0,23,15,0,38,0,16,37,0,53,0,39,52,0,91,0,0,0,91
08/27/2010,EWB,MA,ANE,EN,Federal Contract Tower,0,14,13,0,27,0,25,40,0,65,0,39,53,0,92,2,0,2,94
08/28/2010,EWB,MA,ANE,EN,Federal Contract Tower,0,11,14,0,25,0,26,45,0,71,0,37,59,0,96,2,0,2,98
08/29/2010,EWB,MA,ANE,EN,Federal Contract Tower,0,5,10,0,15,0,37,36,0,73,0,42,46,0,88,14,0,14,102
08/30/2010,EWB,MA,ANE,EN,Federal Contract Tower,0,3,17,1,21,0,30,81,0,111,0,33,98,1,132,132,2,134,266
08/31/2010,EWB,MA,ANE,EN,Federal Contract Tower,0,3,19,0,22,0,34,92,0,126,0,37,111,0,148,126,2,128,276
09/01/2010,EWB,MA,ANE,EN,Federal Contract Tower,0,1,33,0,34,0,26,137,0,163,0,27,170,0,197,130,0,130,327
09/02/2010,EWB,MA,ANE,EN,Federal Contract Tower,0,5,15,0,20,0,35,110,0,145,0,40,125,0,165,104,0,104,269
09/03/2010,EWB,MA,ANE,EN,Federal Contract Tower,0,16,11,0,27,0,11,36,0,47,0,27,47,0,74,30,0,30,104
09/04/2010,EWB,MA,ANE,EN,Federal Contract Tower,0,3,2,0,5,0,30,30,0,60,0,33,32,0,65,2,2,4,69
09/05/2010,EWB,MA,ANE,EN,Federal Contract Tower,0,1,1,0,2,0,24,45,2,71,0,25,46,2,73,26,0,26,99
09/06/2010,EWB,MA,ANE,EN,Federal Contract Tower,0,1,14,1,16,0,44,106,0,150,0,45,120,1,166,38,2,40,206
09/07/2010,EWB,MA,ANE,EN,Federal Contract Tower,0,1,3,0,4,0,32,89,0,121,0,33,92,0,125,82,0,82,207
09/08/2010,EWB,MA,ANE,EN,Federal Contract Tower,0,0,13,0,13,0,16,38,0,54,0,16,51,0,67,24,2,26,93
09/09/2010,EWB,MA,ANE,EN,Federal Contract Tower,0,0,14,0,14,0,22,122,3,147,0,22,136,3,161,98,2,100,261
09/10/2010,EWB,MA,ANE,EN,Federal Contract Tower,0,4,6,0,10,0,28,60,0,88,0,32,66,0,98,92,0,92,190
09/11/2010,EWB,MA,ANE,EN,Federal Contract Tower,0,3,9,0,12,0,16,100,0,116,0,19,109,0,128,144,0,144,272
09/12/2010,EWB,MA,ANE,EN,Federal Contract Tower,0,2,17,0,19,0,28,51,0,79,0,30,68,0,98,62,0,62,160
09/13/2010,EWB,MA,ANE,EN,Federal Contract Tower,0,3,10,0,13,0,25,64,0,89,0,28,74,0,102,92,0,92,194
09/14/2010,EWB,MA,ANE,EN,Federal Contract Tower,0,1,3,0,4,0,12,76,4,92,0,13,79,4,96,94,0,94,190
09/15/2010,EWB,MA,ANE,EN,Federal Contract Tower,0,5,29,2,36,0,20,65,0,85,0,25,94,2,121,80,2,82,203
09/16/2010,EWB,MA,ANE,EN,Federal Contract Tower,0,0,14,0,14,0,23,76,0,99,0,23,90,0,113,62,0,62,175
09/17/2010,EWB,MA,ANE,EN,Federal Contract Tower,0,27,9,0,36,0,15,24,0,39,0,42,33,0,75,12,0,12,87
09/18/2010,EWB,MA,ANE,EN,Federal Contract Tower,0,1,9,0,10,0,16,68,0,84,0,17,77,0,94,98,0,98,192
09/19/2010,EWB,MA,ANE,EN,Federal Contract Tower,0,1,9,0,10,0,30,104,0,134,0,31,113,0,144,116,0,116,260
09/20/2010,EWB,MA,ANE,EN,Federal Contract Tower,0,7,16,2,25,0,22,56,0,78,0,29,72,2,103,74,0,74,177
09/21/2010,EWB,MA,ANE,EN,Federal Contract Tower,0,0,3,0,3,0,14,75,0,89,0,14,78,0,92,106,2,108,200
09/22/2010,EWB,MA,ANE,EN,Federal Contract Tower,0,4,10,0,14,0,20,58,0,78,0,24,68,0,92,54,0,54,146
09/23/2010,EWB,MA,ANE,EN,Federal Contract Tower,0,4,12,2,18,0,20,92,0,112,0,24,104,2,130,108,2,110,240
09/24/2010,EWB,MA,ANE,EN,Federal Contract Tower,0,20,11,0,31,0,0,3,0,3,0,20,14,0,34,4,0,4,38
09/25/2010,EWB,MA,ANE,EN,Federal Contract Tower,0,0,26,0,26,0,11,76,1,88,0,11,102,1,114,116,2,118,232
09/26/2010,EWB,MA,ANE,EN,Federal Contract Tower,0,11,15,0,26,0,15,76,0,91,0,26,91,0,117,78,0,78,195
09/27/2010,EWB,MA,ANE,EN,Federal Contract Tower,0,21,7,0,28,0,0,0,0,0,0,21,7,0,28,0,0,0,28
09/28/2010,EWB,MA,ANE,EN,Federal Contract Tower,0,3,10,0,13,0,9,15,0,24,0,12,25,0,37,8,0,8,45
09/29/2010,EWB,MA,ANE,EN,Federal Contract Tower,0,7,38,0,45,0,13,88,0,101,0,20,126,0,146,90,0,90,236
09/30/2010,EWB,MA,ANE,EN,Federal Contract Tower,0,8,1,0,9,0,6,7,0,13,0,14,8,0,22,10,0,10,32
10/01/2010,EWB,MA,ANE,EN,Federal Contract Tower,0,16,3,0,19,0,5,1,0,6,0,21,4,0,25,0,0,0,25
10/02/2010,EWB,MA,ANE,EN,Federal Contract Tower,0,6,4,0,10,0,17,257,0,274,0,23,261,0,284,136,0,136,420
10/03/2010,EWB,MA,ANE,EN,Federal Contract Tower,0,7,17,0,24,0,25,95,0,120,0,32,112,0,144,110,0,110,254
10/04/2010,EWB,MA,ANE,EN,Federal Contract Tower,0,13,18,0,31,0,7,7,0,14,0,20,25,0,45,2,0,2,47
10/05/2010,EWB,MA,ANE,EN,Federal Contract Tower,0,13,17,0,30,0,0,0,0,0,0,13,17,0,30,0,0,0,30
10/06/2010,EWB,MA,ANE,EN,Federal Contract Tower,0,14,13,0,27,0,0,0,0,0,0,14,13,0,27,0,0,0,27
10/07/2010,EWB,MA,ANE,EN,Federal Contract Tower,0,6,17,0,23,0,23,103,0,126,0,29,120,0,149,156,0,156,305
10/08/2010,EWB,MA,ANE,EN,Federal Contract Tower,0,4,17,0,21,0,54,132,0,186,0,58,149,0,207,176,0,176,383
10/09/2010,EWB,MA,ANE,EN,Federal Contract Tower,0,2,17,0,19,0,22,103,0,125,0,24,120,0,144,104,0,104,248
10/10/2010,EWB,MA,ANE,EN,Federal Contract Tower,0,2,21,0,23,0,24,118,0,142,0,26,139,0,165,148,0,148,313
10/11/2010,EWB,MA,ANE,EN,Federal Contract Tower,0,16,0,0,16,0,47,131,0,178,0,63,131,0,194,44,0,44,238
10/12/2010,EWB,MA,ANE,EN,Federal Contract Tower,0,12,21,0,33,0,21,78,0,99,0,33,99,0,132,80,0,80,212
10/13/2010,EWB,MA,ANE,EN,Federal Contract Tower,0,0,27,0,27,0,15,174,0,189,0,15,201,0,216,218,0,218,434
10/14/2010,EWB,MA,ANE,EN,Federal Contract Tower,0,0,9,0,9,0,15,65,0,80,0,15,74,0,89,168,0,168,257
10/15/2010,EWB,MA,ANE,EN,Federal Contract Tower,0,0,4,0,4,0,7,0,0,7,0,7,4,0,11,2,0,2,13
10/16/2010,EWB,MA,ANE,EN,Federal Contract Tower,0,2,5,0,7,0,4,5,2,11,0,6,10,2,18,12,0,12,30
10/17/2010,EWB,MA,ANE,EN,Federal Contract Tower,0,0,19,0,19,0,14,137,0,151,0,14,156,0,170,150,0,150,320
10/18/2010,EWB,MA,ANE,EN,Federal Contract Tower,0,0,17,0,17,0,8,97,4,109,0,8,114,4,126,146,0,146,272
10/19/2010,EWB,MA,ANE,EN,Federal Contract Tower,0,1,31,0,32,0,15,80,0,95,0,16,111,0,127,120,0,120,247
10/20/2010,EWB,MA,ANE,EN,Federal Contract Tower,0,0,28,0,28,0,13,79,0,92,0,13,107,0,120,146,0,146,266
10/21/2010,EWB,MA,ANE,EN,Federal Contract Tower,0,2,6,1,9,0,14,68,1,83,0,16,74,2,92,104,0,104,196
10/22/2010,EWB,MA,ANE,EN,Federal Contract Tower,0,1,18,0,19,0,15,52,0,67,0,16,70,0,86,46,0,46,132
10/23/2010,EWB,MA,ANE,EN,Federal Contract Tower,0,0,7,0,7,0,7,82,2,91,0,7,89,2,98,74,0,74,172
10/24/2010,EWB,MA,ANE,EN,Federal Contract Tower,0,0,19,2,21,0,19,66,0,85,0,19,85,2,106,146,0,146,252
10/25/2010,EWB,MA,ANE,EN,Federal Contract Tower,0,8,17,0,25,0,0,0,0,0,0,8,17,0,25,0,0,0,25
10/26/2010,EWB,MA,ANE,EN,Federal Contract Tower,0,4,11,0,15,0,3,20,0,23,0,7,31,0,38,12,0,12,50
10/27/2010,EWB,MA,ANE,EN,Federal Contract Tower,0,3,8,0,11,0,0,0,0,0,0,3,8,0,11,2,0,2,13
10/28/2010,EWB,MA,ANE,EN,Federal Contract Tower,0,6,22,0,28,0,5,58,0,63,0,11,80,0,91,90,0,90,181
10/29/2010,EWB,MA,ANE,EN,Federal Contract Tower,0,0,32,0,32,0,20,121,0,141,0,20,153,0,173,154,2,156,329
10/30/2010,EWB,MA,ANE,EN,Federal Contract Tower,0,0,12,0,12,0,16,73,0,89,0,16,85,0,101,64,0,64,165
10/31/2010,EWB,MA,ANE,EN,Federal Contract Tower,0,0,17,0,17,0,10,60,0,70,0,10,77,0,87,96,0,96,183
11/01/2010,EWB,MA,ANE,EN,Federal Contract Tower,0,0,21,0,21,0,14,106,0,120,0,14,127,0,141,100,0,100,241
11/02/2010,EWB,MA,ANE,EN,Federal Contract Tower,0,0,15,0,15,0,6,104,1,111,0,6,119,1,126,182,0,182,308
11/03/2010,EWB,MA,ANE,EN,Federal Contract Tower,0,3,13,0,16,0,8,87,0,95,0,11,100,0,111,170,0,170,281
11/04/2010,EWB,MA,ANE,EN,Federal Contract Tower,0,6,6,4,16,0,3,2,0,5,0,9,8,4,21,4,0,4,25
11/05/2010,EWB,MA,ANE,EN,Federal Contract Tower,0,5,7,0,12,0,2,4,0,6,0,7,11,0,18,4,0,4,22
11/06/2010,EWB,MA,ANE,EN,Federal Contract Tower,0,0,20,0,20,0,6,77,0,83,0,6,97,0,103,140,0,140,243
11/07/2010,EWB,MA,ANE,EN,Federal Contract Tower,0,3,14,0,17,0,15,108,0,123,0,18,122,0,140,146,2,148,288
11/08/2010,EWB,MA,ANE,EN,Federal Contract Tower,0,8,5,0,13,0,1,0,0,1,0,9,5,0,14,0,0,0,14
11/09/2010,EWB,MA,ANE,EN,Federal Contract Tower,0,6,12,0,18,0,0,0,0,0,0,6,12,0,18,0,0,0,18
11/10/2010,EWB,MA,ANE,EN,Federal Contract Tower,0,3,3,2,8,0,2,9,0,11,0,5,12,2,19,0,0,0,19
11/11/2010,EWB,MA,ANE,EN,Federal Contract Tower,0,0,12,0,12,0,6,26,0,32,0,6,38,0,44,22,4,26,70
11/12/2010,EWB,MA,ANE,EN,Federal Contract Tower,0,1,8,0,9,0,9,101,0,110,0,10,109,0,119,180,0,180,299
11/13/2010,EWB,MA,ANE,EN,Federal Contract Tower,0,0,20,0,20,0,6,85,0,91,0,6,105,0,111,194,0,194,305
11/14/2010,EWB,MA,ANE,EN,Federal Contract Tower,0,2,11,0,13,0,19,89,0,108,0,21,100,0,121,102,0,102,223
11/15/2010,EWB,MA,ANE,EN,Federal Contract Tower,0,9,17,0,26,0,1,5,0,6,0,10,22,0,32,24,0,24,56
11/16/2010,EWB,MA,ANE,EN,Federal Contract Tower,0,9,8,0,17,0,0,33,0,33,0,9,41,0,50,62,0,62,112
11/17/2010,EWB,MA,ANE,EN,Federal Contract Tower,0,5,6,0,11,0,6,4,0,10,0,11,10,0,21,0,0,0,21
11/18/2010,EWB,MA,ANE,EN,Federal Contract Tower,0,1,21,0,22,0,22,69,0,91,0,23,90,0,113,134,0,134,247
11/19/2010,EWB,MA,ANE,EN,Federal Contract Tower,0,1,6,0,7,0,16,151,0,167,0,17,157,0,174,160,0,160,334
11/20/2010,EWB,MA,ANE,EN,Federal Contract Tower,0,0,17,0,17,0,16,75,0,91,0,16,92,0,108,108,0,108,216
11/21/2010,EWB,MA,ANE,EN,Federal Contract Tower,0,0,21,0,21,0,7,108,0,115,0,7,129,0,136,104,0,104,240
11/22/2010,EWB,MA,ANE,EN,Federal Contract Tower,0,2,24,0,26,0,9,55,0,64,0,11,79,0,90,96,4,100,190
11/23/2010,EWB,MA,ANE,EN,Federal Contract Tower,0,3,9,0,12,0,17,62,0,79,0,20,71,0,91,76,0,76,167
11/24/2010,EWB,MA,ANE,EN,Federal Contract Tower,0,11,8,0,19,0,24,29,0,53,0,35,37,0,72,10,2,12,84
11/25/2010,EWB,MA,ANE,EN,Federal Contract Tower,0,0,1,0,1,0,9,16,0,25,0,9,17,0,26,4,0,4,30
11/26/2010,EWB,MA,ANE,EN,Federal Contract Tower,0,11,5,0,16,0,5,2,0,7,0,16,7,0,23,0,0,0,23
11/27/2010,EWB,MA,ANE,EN,Federal Contract Tower,0,3,8,1,12,0,13,62,0,75,0,16,70,1,87,34,0,34,121
11/28/2010,EWB,MA,ANE,EN,Federal Contract Tower,0,6,35,0,41,0,38,100,0,138,0,44,135,0,179,68,0,68,247
11/29/2010,EWB,MA,ANE,EN,Federal Contract Tower,0,4,6,0,10,0,11,82,0,93,0,15,88,0,103,108,0,108,211
11/30/2010,EWB,MA,ANE,EN,Federal Contract Tower,0,0,34,0,34,0,11,64,0,75,0,11,98,0,109,110,0,110,219
12/01/2010,EWB,MA,ANE,EN,Federal Contract Tower,0,3,4,0,7,0,9,6,0,15,0,12,10,0,22,22,2,24,46
12/02/2010,EWB,MA,ANE,EN,Federal Contract Tower,0,0,16,1,17,0,21,75,2,98,0,21,91,3,115,178,2,180,295
12/03/2010,EWB,MA,ANE,EN,Federal Contract Tower,0,0,13,0,13,0,25,112,0,137,0,25,125,0,150,152,0,152,302
12/04/2010,EWB,MA,ANE,EN,Federal Contract Tower,0,4,10,0,14,0,12,92,0,104,0,16,102,0,118,104,0,104,222
12/05/2010,EWB,MA,ANE,EN,Federal Contract Tower,0,2,19,0,21,0,31,108,0,139,0,33,127,0,160,134,4,138,298
12/06/2010,EWB,MA,ANE,EN,Federal Contract Tower,0,2,4,0,6,0,15,29,2,46,0,17,33,2,52,32,0,32,84
12/07/2010,EWB,MA,ANE,EN,Federal Contract Tower,0,0,14,0,14,0,11,21,0,32,0,11,35,0,46,10,2,12,58
12/08/2010,EWB,MA,ANE,EN,Federal Contract Tower,0,0,5,4,9,0,9,39,0,48,0,9,44,4,57,46,0,46,103
12/09/2010,EWB,MA,ANE,EN,Federal Contract Tower,0,1,2,4,7,0,14,51,0,65,0,15,53,4,72,134,2,136,208
12/10/2010,EWB,MA,ANE,EN,Federal Contract Tower,0,0,9,0,9,0,9,49,1,59,0,9,58,1,68,118,12,130,198
12/11/2010,EWB,MA,ANE,EN,Federal Contract Tower,0,1,23,0,24,0,11,124,6,141,0,12,147,6,165,178,0,178,343
12/12/2010,EWB,MA,ANE,EN,Federal Contract Tower,0,2,2,0,4,0,4,4,0,8,0,6,6,0,12,14,0,14,26
12/13/2010,EWB,MA,ANE,EN,Federal Contract Tower,0,2,7,0,9,0,17,40,0,57,0,19,47,0,66,44,0,44,110
12/14/2010,EWB,MA,ANE,EN,Federal Contract Tower,0,2,15,0,17,0,15,76,0,91,0,17,91,0,108,166,0,166,274
12/15/2010,EWB,MA,ANE,EN,Federal Contract Tower,0,0,12,0,12,0,12,48,0,60,0,12,60,0,72,90,10,100,172
12/16/2010,EWB,MA,ANE,EN,Federal Contract Tower,0,0,7,4,11,0,8,72,0,80,0,8,79,4,91,82,30,112,203
12/17/2010,EWB,MA,ANE,EN,Federal Contract Tower,0,0,11,0,11,0,8,64,0,72,0,8,75,0,83,124,0,124,207
12/18/2010,EWB,MA,ANE,EN,Federal Contract Tower,0,0,29,0,29,0,11,92,0,103,0,11,121,0,132,148,0,148,280
12/19/2010,EWB,MA,ANE,EN,Federal Contract Tower,0,5,15,0,20,0,7,26,0,33,0,12,41,0,53,28,0,28,81
12/20/2010,EWB,MA,ANE,EN,Federal Contract Tower,0,2,2,0,4,0,0,0,0,0,0,2,2,0,4,0,0,0,4
12/21/2010,EWB,MA,ANE,EN,Federal Contract Tower,0,3,4,0,7,0,6,19,2,27,0,9,23,2,34,8,0,8,42
12/22/2010,EWB,MA,ANE,EN,Federal Contract Tower,0,4,15,0,19,0,4,25,0,29,0,8,40,0,48,12,0,12,60
12/23/2010,EWB,MA,ANE,EN,Federal Contract Tower,0,4,1,0,5,0,14,0,0,14,0,18,1,0,19,0,0,0,19
12/24/2010,EWB,MA,ANE,EN,Federal Contract Tower,0,0,0,0,0,0,20,46,0,66,0,20,46,0,66,50,0,50,116
12/25/2010,EWB,MA,ANE,EN,Federal Contract Tower,0,0,2,0,2,0,4,3,0,7,0,4,5,0,9,12,0,12,21
12/26/2010,EWB,MA,ANE,EN,Federal Contract Tower,0,1,1,0,2,0,1,0,0,1,0,2,1,0,3,0,0,0,3
12/27/2010,EWB,MA,ANE,EN,Federal Contract Tower,0,0,0,0,0,0,0,0,0,0,0,0,0,0,0,0,0,0,0
12/28/2010,EWB,MA,ANE,EN,Federal Contract Tower,0,0,0,0,0,0,9,9,0,18,0,9,9,0,18,4,0,4,22
12/29/2010,EWB,MA,ANE,EN,Federal Contract Tower,0,0,10,0,10,0,11,51,0,62,0,11,61,0,72,106,2,108,180
12/30/2010,EWB,MA,ANE,EN,Federal Contract Tower,0,0,9,0,9,0,11,79,0,90,0,11,88,0,99,86,0,86,185
12/31/2010,EWB,MA,ANE,EN,Federal Contract Tower,0,1,19,0,20,0,13,72,0,85,0,14,91,0,105,98,0,98,203
01/01/2011,EWB,MA,ANE,EN,Federal Contract Tower,0,0,0,0,0,0,16,72,0,88,0,16,72,0,88,80,0,80,168
01/02/2011,EWB,MA,ANE,EN,Federal Contract Tower,0,3,11,0,14,0,3,10,0,13,0,6,21,0,27,6,0,6,33
01/03/2011,EWB,MA,ANE,EN,Federal Contract Tower,0,0,6,0,6,0,11,45,2,58,0,11,51,2,64,2,0,2,66
01/04/2011,EWB,MA,ANE,EN,Federal Contract Tower,0,2,23,0,25,0,11,79,2,92,0,13,102,2,117,92,2,94,211
01/05/2011,EWB,MA,ANE,EN,Federal Contract Tower,0,0,10,0,10,0,8,93,2,103,0,8,103,2,113,38,0,38,151
01/06/2011,EWB,MA,ANE,EN,Federal Contract Tower,0,0,11,0,11,0,15,63,0,78,0,15,74,0,89,60,0,60,149
01/07/2011,EWB,MA,ANE,EN,Federal Contract Tower,0,0,1,0,1,0,9,36,0,45,0,9,37,0,46,40,2,42,88
01/08/2011,EWB,MA,ANE,EN,Federal Contract Tower,0,3,5,0,8,0,5,21,0,26,0,8,26,0,34,6,0,6,40
01/09/2011,EWB,MA,ANE,EN,Federal Contract Tower,0,1,1,0,2,0,9,36,0,45,0,10,37,0,47,6,0,6,53
01/10/2011,EWB,MA,ANE,EN,Federal Contract Tower,0,1,4,0,5,0,14,48,6,68,0,15,52,6,73,32,0,32,105
01/11/2011,EWB,MA,ANE,EN,Federal Contract Tower,0,2,5,2,9,0,9,31,0,40,0,11,36,2,49,64,4,68,117
01/12/2011,EWB,MA,ANE,EN,Federal Contract Tower,0,0,0,0,0,0,0,0,0,0,0,0,0,0,0,0,0,0,0
01/13/2011,EWB,MA,ANE,EN,Federal Contract Tower,0,0,0,0,0,0,10,39,0,49,0,10,39,0,49,12,0,12,61
01/14/2011,EWB,MA,ANE,EN,Federal Contract Tower,0,6,14,0,20,0,13,56,0,69,0,19,70,0,89,38,0,38,127
01/15/2011,EWB,MA,ANE,EN,Federal Contract Tower,0,0,11,0,11,0,6,21,0,27,0,6,32,0,38,36,0,36,74
01/16/2011,EWB,MA,ANE,EN,Federal Contract Tower,0,0,10,0,10,0,10,70,0,80,0,10,80,0,90,42,0,42,132
01/17/2011,EWB,MA,ANE,EN,Federal Contract Tower,0,2,14,0,16,0,16,62,0,78,0,18,76,0,94,72,0,72,166
01/18/2011,EWB,MA,ANE,EN,Federal Contract Tower,0,5,0,4,9,0,2,0,0,2,0,7,0,4,11,0,0,0,11
01/19/2011,EWB,MA,ANE,EN,Federal Contract Tower,0,3,7,1,11,0,5,7,0,12,0,8,14,1,23,0,2,2,25
01/20/2011,EWB,MA,ANE,EN,Federal Contract Tower,0,6,13,0,19,0,14,55,0,69,0,20,68,0,88,94,0,94,182
01/21/2011,EWB,MA,ANE,EN,Federal Contract Tower,0,1,2,0,3,0,4,4,0,8,0,5,6,0,11,0,0,0,11
01/22/2011,EWB,MA,ANE,EN,Federal Contract Tower,0,1,12,0,13,0,7,62,0,69,0,8,74,0,82,70,0,70,152
01/23/2011,EWB,MA,ANE,EN,Federal Contract Tower,0,0,13,0,13,0,7,38,0,45,0,7,51,0,58,76,2,78,136
01/24/2011,EWB,MA,ANE,EN,Federal Contract Tower,0,0,11,0,11,0,9,47,0,56,0,9,58,0,67,132,0,132,199
01/25/2011,EWB,MA,ANE,EN,Federal Contract Tower,0,7,4,0,11,0,1,0,0,1,0,8,4,0,12,0,0,0,12
01/26/2011,EWB,MA,ANE,EN,Federal Contract Tower,0,2,4,0,6,0,11,2,0,13,0,13,6,0,19,2,0,2,21
01/27/2011,EWB,MA,ANE,EN,Federal Contract Tower,0,2,0,0,2,0,9,45,0,54,0,11,45,0,56,24,0,24,80
01/28/2011,EWB,MA,ANE,EN,Federal Contract Tower,0,0,25,0,25,0,11,69,0,80,0,11,94,0,105,104,0,104,209
01/29/2011,EWB,MA,ANE,EN,Federal Contract Tower,0,4,0,0,4,0,6,47,0,53,0,10,47,0,57,98,0,98,155
01/30/2011,EWB,MA,ANE,EN,Federal Contract Tower,0,0,10,0,10,0,13,50,0,63,0,13,60,0,73,106,0,106,179
01/31/2011,EWB,MA,ANE,EN,Federal Contract Tower,0,0,10,0,10,0,17,90,0,107,0,17,100,0,117,104,0,104,221
02/01/2011,EWB,MA,ANE,EN,Federal Contract Tower,0,4,0,0,4,0,0,0,0,0,0,4,0,0,4,0,0,0,4
02/02/2011,EWB,MA,ANE,EN,Federal Contract Tower,0,0,0,0,0,0,0,0,0,0,0,0,0,0,0,0,0,0,0
02/03/2011,EWB,MA,ANE,EN,Federal Contract Tower,0,3,7,0,10,0,22,32,0,54,0,25,39,0,64,12,0,12,76
02/04/2011,EWB,MA,ANE,EN,Federal Contract Tower,0,1,13,0,14,0,11,69,0,80,0,12,82,0,94,100,0,100,194
02/05/2011,EWB,MA,ANE,EN,Federal Contract Tower,0,2,7,0,9,0,6,18,0,24,0,8,25,0,33,44,0,44,77
02/06/2011,EWB,MA,ANE,EN,Federal Contract Tower,0,0,2,0,2,0,9,50,0,59,0,9,52,0,61,54,0,54,115
02/07/2011,EWB,MA,ANE,EN,Federal Contract Tower,0,0,11,1,12,0,18,86,2,106,0,18,97,3,118,78,0,78,196
02/08/2011,EWB,MA,ANE,EN,Federal Contract Tower,0,3,0,0,3,0,4,5,0,9,0,7,5,0,12,6,0,6,18
02/09/2011,EWB,MA,ANE,EN,Federal Contract Tower,0,2,4,0,6,0,11,44,3,58,0,13,48,3,64,78,0,78,142
02/10/2011,EWB,MA,ANE,EN,Federal Contract Tower,0,10,21,0,31,0,12,74,0,86,0,22,95,0,117,100,0,100,217
02/11/2011,EWB,MA,ANE,EN,Federal Contract Tower,0,0,15,0,15,0,8,55,0,63,0,8,70,0,78,104,2,106,184
02/12/2011,EWB,MA,ANE,EN,Federal Contract Tower,0,2,39,0,41,0,10,69,2,81,0,12,108,2,122,90,0,90,212
02/13/2011,EWB,MA,ANE,EN,Federal Contract Tower,0,1,6,0,7,0,8,52,0,60,0,9,58,0,67,94,0,94,161
02/14/2011,EWB,MA,ANE,EN,Federal Contract Tower,0,0,2,0,2,0,11,46,0,57,0,11,48,0,59,84,2,86,145
02/15/2011,EWB,MA,ANE,EN,Federal Contract Tower,0,0,4,1,5,0,8,19,1,28,0,8,23,2,33,16,4,20,53
02/16/2011,EWB,MA,ANE,EN,Federal Contract Tower,0,0,10,0,10,0,12,84,0,96,0,12,94,0,106,68,0,68,174
02/17/2011,EWB,MA,ANE,EN,Federal Contract Tower,0,3,24,2,29,0,9,71,0,80,0,12,95,2,109,84,2,86,195
02/18/2011,EWB,MA,ANE,EN,Federal Contract Tower,0,5,10,0,15,0,9,55,0,64,0,14,65,0,79,88,0,88,167
02/19/2011,EWB,MA,ANE,EN,Federal Contract Tower,0,2,3,0,5,0,5,4,0,9,0,7,7,0,14,0,0,0,14
02/20/2011,EWB,MA,ANE,EN,Federal Contract Tower,0,1,5,0,6,0,14,32,0,46,0,15,37,0,52,24,0,24,76
02/21/2011,EWB,MA,ANE,EN,Federal Contract Tower,0,4,2,0,6,0,7,5,0,12,0,11,7,0,18,0,0,0,18
02/22/2011,EWB,MA,ANE,EN,Federal Contract Tower,0,0,9,0,9,0,6,16,0,22,0,6,25,0,31,30,0,30,61
02/23/2011,EWB,MA,ANE,EN,Federal Contract Tower,0,1,25,0,26,0,15,93,0,108,0,16,118,0,134,184,0,184,318
02/24/2011,EWB,MA,ANE,EN,Federal Contract Tower,0,0,20,0,20,0,13,69,0,82,0,13,89,0,102,112,4,116,218
02/25/2011,EWB,MA,ANE,EN,Federal Contract Tower,0,8,2,0,10,0,0,0,0,0,0,8,2,0,10,0,0,0,10
02/26/2011,EWB,MA,ANE,EN,Federal Contract Tower,0,0,22,0,22,0,6,82,0,88,0,6,104,0,110,102,0,102,212
02/27/2011,EWB,MA,ANE,EN,Federal Contract Tower,0,5,2,0,7,0,2,0,0,2,0,7,2,0,9,0,0,0,9
02/28/2011,EWB,MA,ANE,EN,Federal Contract Tower,0,4,5,0,9,0,0,0,0,0,0,4,5,0,9,0,0,0,9
03/01/2011,EWB,MA,ANE,EN,Federal Contract Tower,0,0,2,1,3,0,12,53,2,67,0,12,55,3,70,78,2,80,150
03/02/2011,EWB,MA,ANE,EN,Federal Contract Tower,0,0,4,0,4,0,16,34,0,50,0,16,38,0,54,34,0,34,88
03/03/2011,EWB,MA,ANE,EN,Federal Contract Tower,0,2,12,0,14,0,14,44,0,58,0,16,56,0,72,45,0,45,117
03/04/2011,EWB,MA,ANE,EN,Federal Contract Tower,0,0,13,0,13,0,9,61,0,70,0,9,74,0,83,112,0,112,195
03/05/2011,EWB,MA,ANE,EN,Federal Contract Tower,0,1,16,0,17,0,5,39,0,44,0,6,55,0,61,38,2,40,101
03/06/2011,EWB,MA,ANE,EN,Federal Contract Tower,0,3,3,0,6,0,3,0,0,3,0,6,3,0,9,0,0,0,9
03/07/2011,EWB,MA,ANE,EN,Federal Contract Tower,0,5,0,0,5,0,13,27,0,40,0,18,27,0,45,10,0,10,55
03/08/2011,EWB,MA,ANE,EN,Federal Contract Tower,0,0,20,0,20,0,10,78,0,88,0,10,98,0,108,142,0,142,250
03/09/2011,EWB,MA,ANE,EN,Federal Contract Tower,0,0,6,0,6,0,10,26,0,36,0,10,32,0,42,44,2,46,88
03/10/2011,EWB,MA,ANE,EN,Federal Contract Tower,0,1,3,1,5,0,6,9,1,16,0,7,12,2,21,6,0,6,27
03/11/2011,EWB,MA,ANE,EN,Federal Contract Tower,0,5,4,0,9,0,0,0,0,0,0,5,4,0,9,0,0,0,9
03/12/2011,EWB,MA,ANE,EN,Federal Contract Tower,0,1,12,0,13,0,6,55,0,61,0,7,67,0,74,36,0,36,110
03/13/2011,EWB,MA,ANE,EN,Federal Contract Tower,0,3,8,0,11,0,10,54,0,64,0,13,62,0,75,66,2,68,143
03/14/2011,EWB,MA,ANE,EN,Federal Contract Tower,0,3,4,0,7,0,16,59,0,75,0,19,63,0,82,78,0,78,160
03/15/2011,EWB,MA,ANE,EN,Federal Contract Tower,0,0,24,2,26,0,15,110,0,125,0,15,134,2,151,120,0,120,271
03/16/2011,EWB,MA,ANE,EN,Federal Contract Tower,0,8,3,0,11,0,2,12,0,14,0,10,15,0,25,0,0,0,25
03/17/2011,EWB,MA,ANE,EN,Federal Contract Tower,0,2,20,0,22,0,9,77,2,88,0,11,97,2,110,96,2,98,208
03/18/2011,EWB,MA,ANE,EN,Federal Contract Tower,0,2,2,0,4,0,15,49,0,64,0,17,51,0,68,46,0,46,114
03/19/2011,EWB,MA,ANE,EN,Federal Contract Tower,0,0,7,0,7,0,13,51,0,64,0,13,58,0,71,62,0,62,133
03/20/2011,EWB,MA,ANE,EN,Federal Contract Tower,0,0,20,0,20,0,8,92,4,104,0,8,112,4,124,82,4,86,210
03/21/2011,EWB,MA,ANE,EN,Federal Contract Tower,0,4,5,0,9,0,5,9,0,14,0,9,14,0,23,12,0,12,35
03/22/2011,EWB,MA,ANE,EN,Federal Contract Tower,0,0,20,0,20,0,15,48,0,63,0,15,68,0,83,104,0,104,187
03/23/2011,EWB,MA,ANE,EN,Federal Contract Tower,0,1,10,0,11,0,13,53,0,66,0,14,63,0,77,90,0,90,167
03/24/2011,EWB,MA,ANE,EN,Federal Contract Tower,0,7,2,0,9,0,8,23,0,31,0,15,25,0,40,22,0,22,62
03/25/2011,EWB,MA,ANE,EN,Federal Contract Tower,0,0,22,0,22,0,14,78,0,92,0,14,100,0,114,68,0,68,182
03/26/2011,EWB,MA,ANE,EN,Federal Contract Tower,0,14,0,0,14,0,6,94,0,100,0,20,94,0,114,98,0,98,212
03/27/2011,EWB,MA,ANE,EN,Federal Contract Tower,0,2,19,0,21,0,6,59,0,65,0,8,78,0,86,70,0,70,156
03/28/2011,EWB,MA,ANE,EN,Federal Contract Tower,0,4,10,0,14,0,16,43,0,59,0,20,53,0,73,80,2,82,155
03/29/2011,EWB,MA,ANE,EN,Federal Contract Tower,0,0,13,0,13,0,13,54,4,71,0,13,67,4,84,96,4,100,184
03/30/2011,EWB,MA,ANE,EN,Federal Contract Tower,0,5,34,0,39,0,9,120,0,129,0,14,154,0,168,128,0,128,296
03/31/2011,EWB,MA,ANE,EN,Federal Contract Tower,0,3,13,0,16,0,4,31,0,35,0,7,44,0,51,16,0,16,67
04/01/2011,EWB,MA,ANE,EN,Federal Contract Tower,0,5,1,0,6,0,4,9,0,13,0,9,10,0,19,6,0,6,25
04/02/2011,EWB,MA,ANE,EN,Federal Contract Tower,0,0,4,0,4,0,8,37,0,45,0,8,41,0,49,78,6,84,133
04/03/2011,EWB,MA,ANE,EN,Federal Contract Tower,0,2,5,0,7,0,7,25,0,32,0,9,30,0,39,20,0,20,59
04/04/2011,EWB,MA,ANE,EN,Federal Contract Tower,0,4,7,0,11,0,8,15,0,23,0,12,22,0,34,30,0,30,64
04/05/2011,EWB,MA,ANE,EN,Federal Contract Tower,0,4,0,0,4,0,2,2,0,4,0,6,2,0,8,0,0,0,8
04/06/2011,EWB,MA,ANE,EN,Federal Contract Tower,0,0,20,2,22,0,16,58,0,74,0,16,78,2,96,102,0,102,198
04/07/2011,EWB,MA,ANE,EN,Federal Contract Tower,0,0,9,0,9,0,9,91,0,100,0,9,100,0,109,156,0,156,265
04/08/2011,EWB,MA,ANE,EN,Federal Contract Tower,0,0,18,0,18,0,12,75,0,87,0,12,93,0,105,130,0,130,235
04/09/2011,EWB,MA,ANE,EN,Federal Contract Tower,0,1,24,0,25,0,10,110,2,122,0,11,134,2,147,134,0,134,281
04/10/2011,EWB,MA,ANE,EN,Federal Contract Tower,0,0,9,0,9,0,6,46,0,52,0,6,55,0,61,78,4,82,143
04/11/2011,EWB,MA,ANE,EN,Federal Contract Tower,0,6,0,0,6,0,0,0,0,0,0,6,0,0,6,0,0,0,6
04/12/2011,EWB,MA,ANE,EN,Federal Contract Tower,0,2,17,0,19,0,17,54,0,71,0,19,71,0,90,106,0,106,196
04/13/2011,EWB,MA,ANE,EN,Federal Contract Tower,0,3,2,0,5,0,0,0,0,0,0,3,2,0,5,0,0,0,5
04/14/2011,EWB,MA,ANE,EN,Federal Contract Tower,0,5,20,0,25,0,10,112,0,122,0,15,132,0,147,116,0,116,263
04/15/2011,EWB,MA,ANE,EN,Federal Contract Tower,0,1,30,0,31,0,12,82,0,94,0,13,112,0,125,102,0,102,227
04/16/2011,EWB,MA,ANE,EN,Federal Contract Tower,0,0,2,0,2,0,6,55,0,61,0,6,57,0,63,34,0,34,97
04/17/2011,EWB,MA,ANE,EN,Federal Contract Tower,0,1,2,0,3,0,5,18,0,23,0,6,20,0,26,12,0,12,38
04/18/2011,EWB,MA,ANE,EN,Federal Contract Tower,0,2,3,0,5,0,10,19,0,29,0,12,22,0,34,0,0,0,34
04/19/2011,EWB,MA,ANE,EN,Federal Contract Tower,0,0,21,0,21,0,9,67,0,76,0,9,88,0,97,26,0,26,123
04/20/2011,EWB,MA,ANE,EN,Federal Contract Tower,0,14,18,0,32,0,5,10,0,15,0,19,28,0,47,22,0,22,69
04/21/2011,EWB,MA,ANE,EN,Federal Contract Tower,0,0,5,0,5,0,18,29,0,47,0,18,34,0,52,22,2,24,76
04/22/2011,EWB,MA,ANE,EN,Federal Contract Tower,0,1,24,0,25,0,13,143,0,156,0,14,167,0,181,180,0,180,361
04/23/2011,EWB,MA,ANE,EN,Federal Contract Tower,0,2,10,0,12,0,4,7,0,11,0,6,17,0,23,16,0,16,39
04/24/2011,EWB,MA,ANE,EN,Federal Contract Tower,0,4,12,0,16,0,8,26,0,34,0,12,38,0,50,28,0,28,78
04/25/2011,EWB,MA,ANE,EN,Federal Contract Tower,0,3,19,0,22,0,15,85,0,100,0,18,104,0,122,140,0,140,262
04/26/2011,EWB,MA,ANE,EN,Federal Contract Tower,0,6,8,0,14,0,0,18,0,18,0,6,26,0,32,10,0,10,42
04/27/2011,EWB,MA,ANE,EN,Federal Contract Tower,0,7,4,1,12,0,0,0,0,0,0,7,4,1,12,4,2,6,18
04/28/2011,EWB,MA,ANE,EN,Federal Contract Tower,0,4,0,0,4,0,0,0,0,0,0,4,0,0,4,0,0,0,4
04/29/2011,EWB,MA,ANE,EN,Federal Contract Tower,0,16,27,0,43,0,27,76,0,103,0,43,103,0,146,120,0,120,266
04/30/2011,EWB,MA,ANE,EN,Federal Contract Tower,0,0,20,0,20,0,14,112,0,126,0,14,132,0,146,176,0,176,322
05/01/2011,EWB,MA,ANE,EN,Federal Contract Tower,0,3,10,0,13,0,27,61,0,88,0,30,71,0,101,112,0,112,213
05/02/2011,EWB,MA,ANE,EN,Federal Contract Tower,0,4,13,0,17,0,19,77,0,96,0,23,90,0,113,96,0,96,209
05/03/2011,EWB,MA,ANE,EN,Federal Contract Tower,0,1,17,0,18,0,8,41,4,53,0,9,58,4,71,86,0,86,157
05/04/2011,EWB,MA,ANE,EN,Federal Contract Tower,0,7,22,0,29,0,2,0,0,2,0,9,22,0,31,2,0,2,33
05/05/2011,EWB,MA,ANE,EN,Federal Contract Tower,0,0,7,0,7,0,9,19,0,28,0,9,26,0,35,16,0,16,51
05/06/2011,EWB,MA,ANE,EN,Federal Contract Tower,0,1,5,4,10,0,10,67,0,77,0,11,72,4,87,64,2,66,153
05/07/2011,EWB,MA,ANE,EN,Federal Contract Tower,0,0,5,0,5,0,6,33,4,43,0,6,38,4,48,54,0,54,102
05/08/2011,EWB,MA,ANE,EN,Federal Contract Tower,0,3,9,0,12,0,10,46,0,56,0,13,55,0,68,44,0,44,112
05/09/2011,EWB,MA,ANE,EN,Federal Contract Tower,0,0,25,0,25,0,8,70,0,78,0,8,95,0,103,42,0,42,145
05/10/2011,EWB,MA,ANE,EN,Federal Contract Tower,0,7,5,0,12,0,5,8,0,13,0,12,13,0,25,0,0,0,25
05/11/2011,EWB,MA,ANE,EN,Federal Contract Tower,0,3,5,0,8,0,8,11,0,19,0,11,16,0,27,6,0,6,33
05/12/2011,EWB,MA,ANE,EN,Federal Contract Tower,0,3,17,0,20,0,18,71,0,89,0,21,88,0,109,60,0,60,169
05/13/2011,EWB,MA,ANE,EN,Federal Contract Tower,0,5,26,0,31,0,20,90,0,110,0,25,116,0,141,124,0,124,265
05/14/2011,EWB,MA,ANE,EN,Federal Contract Tower,0,12,31,0,43,0,6,57,0,63,0,18,88,0,106,108,0,108,214
05/15/2011,EWB,MA,ANE,EN,Federal Contract Tower,0,14,3,0,17,0,4,3,0,7,0,18,6,0,24,2,0,2,26
05/16/2011,EWB,MA,ANE,EN,Federal Contract Tower,0,0,0,0,0,0,0,0,0,0,0,0,0,0,0,6,0,6,6
05/17/2011,EWB,MA,ANE,EN,Federal Contract Tower,0,18,2,0,20,0,0,0,0,0,0,18,2,0,20,2,0,2,22
05/18/2011,EWB,MA,ANE,EN,Federal Contract Tower,0,23,2,0,25,0,0,0,0,0,0,23,2,0,25,0,0,0,25
05/19/2011,EWB,MA,ANE,EN,Federal Contract Tower,0,15,11,0,26,0,4,2,0,6,0,19,13,0,32,0,0,0,32
05/20/2011,EWB,MA,ANE,EN,Federal Contract Tower,0,13,14,0,27,0,9,30,0,39,0,22,44,0,66,32,0,32,98
05/21/2011,EWB,MA,ANE,EN,Federal Contract Tower,0,5,18,0,23,0,19,237,0,256,0,24,255,0,279,86,0,86,365
05/22/2011,EWB,MA,ANE,EN,Federal Contract Tower,0,21,30,2,53,0,5,75,0,80,0,26,105,2,133,36,0,36,169
05/23/2011,EWB,MA,ANE,EN,Federal Contract Tower,0,10,8,0,18,0,1,0,0,1,0,11,8,0,19,0,0,0,19
05/24/2011,EWB,MA,ANE,EN,Federal Contract Tower,0,10,13,0,23,0,9,36,0,45,0,19,49,0,68,56,0,56,124
05/25/2011,EWB,MA,ANE,EN,Federal Contract Tower,0,3,36,0,39,0,24,135,0,159,0,27,171,0,198,106,4,110,308
05/26/2011,EWB,MA,ANE,EN,Federal Contract Tower,0,25,44,0,69,0,0,4,0,4,0,25,48,0,73,12,0,12,85
05/27/2011,EWB,MA,ANE,EN,Federal Contract Tower,0,31,49,0,80,0,38,113,0,151,0,69,162,0,231,110,0,110,341
05/28/2011,EWB,MA,ANE,EN,Federal Contract Tower,0,11,22,0,33,0,9,26,0,35,0,20,48,0,68,28,0,28,96
05/29/2011,EWB,MA,ANE,EN,Federal Contract Tower,0,11,36,0,47,0,14,101,0,115,0,25,137,0,162,0,0,0,162
05/30/2011,EWB,MA,ANE,EN,Federal Contract Tower,0,17,7,0,24,0,49,63,4,116,0,66,70,4,140,22,0,22,162
05/31/2011,EWB,MA,ANE,EN,Federal Contract Tower,0,0,28,5,33,0,25,104,0,129,0,25,132,5,162,148,0,148,310
06/01/2011,EWB,MA,ANE,EN,Federal Contract Tower,0,20,8,2,30,0,14,5,2,21,0,34,13,4,51,2,2,4,55
06/02/2011,EWB,MA,ANE,EN,Federal Contract Tower,0,6,4,0,10,0,29,52,1,82,0,35,56,1,92,74,2,76,168
06/03/2011,EWB,MA,ANE,EN,Federal Contract Tower,0,0,15,0,15,0,31,78,0,109,0,31,93,0,124,92,0,92,216
06/04/2011,EWB,MA,ANE,EN,Federal Contract Tower,0,3,16,0,19,0,23,103,0,126,0,26,119,0,145,136,6,142,287
06/05/2011,EWB,MA,ANE,EN,Federal Contract Tower,0,5,17,0,22,0,30,91,0,121,0,35,108,0,143,80,0,80,223
06/06/2011,EWB,MA,ANE,EN,Federal Contract Tower,0,0,16,1,17,0,25,84,0,109,0,25,100,1,126,100,0,100,226
06/07/2011,EWB,MA,ANE,EN,Federal Contract Tower,0,1,13,0,14,0,22,84,5,111,0,23,97,5,125,152,0,152,277
06/08/2011,EWB,MA,ANE,EN,Federal Contract Tower,0,0,14,0,14,0,29,70,0,99,0,29,84,0,113,78,0,78,191
06/09/2011,EWB,MA,ANE,EN,Federal Contract Tower,0,0,2,0,2,0,25,36,0,61,0,25,38,0,63,62,0,62,125
06/10/2011,EWB,MA,ANE,EN,Federal Contract Tower,0,10,17,1,28,0,24,108,0,132,0,34,125,1,160,116,2,118,278
06/11/2011,EWB,MA,ANE,EN,Federal Contract Tower,0,3,18,0,21,0,5,14,0,19,0,8,32,0,40,38,0,38,78
06/12/2011,EWB,MA,ANE,EN,Federal Contract Tower,0,27,7,0,34,0,0,3,0,3,0,27,10,0,37,6,0,6,43
06/13/2011,EWB,MA,ANE,EN,Federal Contract Tower,0,6,25,0,31,0,20,81,0,101,0,26,106,0,132,102,0,102,234
06/14/2011,EWB,MA,ANE,EN,Federal Contract Tower,0,4,27,2,33,0,20,65,0,85,0,24,92,2,118,86,0,86,204
06/15/2011,EWB,MA,ANE,EN,Federal Contract Tower,0,0,11,1,12,0,18,94,2,114,0,18,105,3,126,80,6,86,212
06/16/2011,EWB,MA,ANE,EN,Federal Contract Tower,0,6,18,0,24,0,25,91,2,118,0,31,109,2,142,110,0,110,252
06/17/2011,EWB,MA,ANE,EN,Federal Contract Tower,0,5,10,0,15,0,34,23,0,57,0,39,33,0,72,24,0,24,96
06/18/2011,EWB,MA,ANE,EN,Federal Contract Tower,0,2,7,0,9,0,12,77,0,89,0,14,84,0,98,66,0,66,164
06/19/2011,EWB,MA,ANE,EN,Federal Contract Tower,0,1,10,0,11,0,22,115,0,137,0,23,125,0,148,78,0,78,226
06/20/2011,EWB,MA,ANE,EN,Federal Contract Tower,0,1,10,0,11,0,19,99,0,118,0,20,109,0,129,114,0,114,243
06/21/2011,EWB,MA,ANE,EN,Federal Contract Tower,0,4,9,0,13,0,19,85,0,104,0,23,94,0,117,170,0,170,287
06/22/2011,EWB,MA,ANE,EN,Federal Contract Tower,0,19,12,0,31,0,13,26,0,39,0,32,38,0,70,12,0,12,82
06/23/2011,EWB,MA,ANE,EN,Federal Contract Tower,0,26,4,0,30,0,0,0,0,0,0,26,4,0,30,0,0,0,30
06/24/2011,EWB,MA,ANE,EN,Federal Contract Tower,0,32,19,0,51,0,4,4,0,8,0,36,23,0,59,6,0,6,65
06/25/2011,EWB,MA,ANE,EN,Federal Contract Tower,0,2,19,0,21,0,14,100,0,114,0,16,119,0,135,92,0,92,227
06/26/2011,EWB,MA,ANE,EN,Federal Contract Tower,0,15,31,0,46,0,12,48,0,60,0,27,79,0,106,13,0,13,119
06/27/2011,EWB,MA,ANE,EN,Federal Contract Tower,0,2,26,1,29,0,24,107,0,131,0,26,133,1,160,136,2,138,298
06/28/2011,EWB,MA,ANE,EN,Federal Contract Tower,0,9,30,2,41,0,14,65,1,80,0,23,95,3,121,70,4,74,195
06/29/2011,EWB,MA,ANE,EN,Federal Contract Tower,0,9,16,0,25,0,16,49,0,65,0,25,65,0,90,74,2,76,166
06/30/2011,EWB,MA,ANE,EN,Federal Contract Tower,0,10,28,0,38,0,39,85,0,124,0,49,113,0,162,108,0,108,270
07/01/2011,EWB,MA,ANE,EN,Federal Contract Tower,0,2,13,0,15,0,35,0,117,152,0,37,13,117,167,90,0,90,257
07/02/2011,EWB,MA,ANE,EN,Federal Contract Tower,0,2,5,0,7,0,33,92,4,129,0,35,97,4,136,120,0,120,256
07/03/2011,EWB,MA,ANE,EN,Federal Contract Tower,0,11,4,0,15,0,19,45,0,64,0,30,49,0,79,42,0,42,121
07/04/2011,EWB,MA,ANE,EN,Federal Contract Tower,0,8,5,0,13,0,31,107,0,138,0,39,112,0,151,8,0,8,159
07/05/2011,EWB,MA,ANE,EN,Federal Contract Tower,0,2,4,0,6,0,37,118,0,155,0,39,122,0,161,94,0,94,255
07/06/2011,EWB,MA,ANE,EN,Federal Contract Tower,0,16,10,0,26,0,17,78,2,97,0,33,88,2,123,146,2,148,271
07/07/2011,EWB,MA,ANE,EN,Federal Contract Tower,0,4,17,0,21,0,28,62,2,92,0,32,79,2,113,92,0,92,205
07/08/2011,EWB,MA,ANE,EN,Federal Contract Tower,0,27,10,0,37,0,10,1,0,11,0,37,11,0,48,6,0,6,54
07/09/2011,EWB,MA,ANE,EN,Federal Contract Tower,0,4,22,0,26,0,31,139,1,171,0,35,161,1,197,90,0,90,287
07/10/2011,EWB,MA,ANE,EN,Federal Contract Tower,0,5,14,0,19,0,59,109,0,168,0,64,123,0,187,88,0,88,275
07/11/2011,EWB,MA,ANE,EN,Federal Contract Tower,0,14,9,0,23,0,27,81,2,110,0,41,90,2,133,80,0,80,213
07/12/2011,EWB,MA,ANE,EN,Federal Contract Tower,0,9,11,0,20,0,20,25,6,51,0,29,36,6,71,64,26,90,161
07/13/2011,EWB,MA,ANE,EN,Federal Contract Tower,0,3,5,0,8,0,31,59,3,93,0,34,64,3,101,78,0,78,179
07/14/2011,EWB,MA,ANE,EN,Federal Contract Tower,0,2,26,0,28,0,28,54,0,82,0,30,80,0,110,84,0,84,194
07/15/2011,EWB,MA,ANE,EN,Federal Contract Tower,0,5,18,0,23,0,45,97,0,142,0,50,115,0,165,82,0,82,247
07/16/2011,EWB,MA,ANE,EN,Federal Contract Tower,0,3,18,0,21,0,23,66,0,89,0,26,84,0,110,48,0,48,158
07/17/2011,EWB,MA,ANE,EN,Federal Contract Tower,0,5,10,0,15,0,42,56,0,98,0,47,66,0,113,36,0,36,149
07/18/2011,EWB,MA,ANE,EN,Federal Contract Tower,0,1,8,0,9,0,28,67,0,95,0,29,75,0,104,56,0,56,160
07/19/2011,EWB,MA,ANE,EN,Federal Contract Tower,0,3,28,6,37,0,24,61,0,85,0,27,89,6,122,68,4,72,194
07/20/2011,EWB,MA,ANE,EN,Federal Contract Tower,0,1,15,0,16,0,24,89,0,113,0,25,104,0,129,86,2,88,217
07/21/2011,EWB,MA,ANE,EN,Federal Contract Tower,0,24,14,0,38,0,29,40,0,69,0,53,54,0,107,46,0,46,153
07/22/2011,EWB,MA,ANE,EN,Federal Contract Tower,0,14,12,0,26,0,41,61,0,102,0,55,73,0,128,84,2,86,214
07/23/2011,EWB,MA,ANE,EN,Federal Contract Tower,0,2,9,0,11,0,27,66,0,93,0,29,75,0,104,54,2,56,160
07/24/2011,EWB,MA,ANE,EN,Federal Contract Tower,0,10,13,3,26,0,0,0,0,0,0,10,13,3,26,136,4,140,166
07/25/2011,EWB,MA,ANE,EN,Federal Contract Tower,0,0,16,0,16,0,27,76,0,103,0,27,92,0,119,108,0,108,227
07/26/2011,EWB,MA,ANE,EN,Federal Contract Tower,0,21,11,2,34,0,38,58,0,96,0,59,69,2,130,40,4,44,174
07/27/2011,EWB,MA,ANE,EN,Federal Contract Tower,0,5,19,1,25,0,24,96,0,120,0,29,115,1,145,108,2,110,255
07/28/2011,EWB,MA,ANE,EN,Federal Contract Tower,0,3,21,0,24,0,33,85,0,118,0,36,106,0,142,96,0,96,238
07/29/2011,EWB,MA,ANE,EN,Federal Contract Tower,0,19,14,2,35,0,20,27,0,47,0,39,41,2,82,20,8,28,110
07/30/2011,EWB,MA,ANE,EN,Federal Contract Tower,0,7,24,0,31,0,28,85,0,113,0,35,109,0,144,80,0,80,224
07/31/2011,EWB,MA,ANE,EN,Federal Contract Tower,0,2,9,0,11,0,45,99,0,144,0,47,108,0,155,66,6,72,227
08/01/2011,EWB,MA,ANE,EN,Federal Contract Tower,0,3,13,0,16,0,29,70,0,99,0,32,83,0,115,58,0,58,173
08/02/2011,EWB,MA,ANE,EN,Federal Contract Tower,0,0,4,0,4,0,26,62,0,88,0,26,66,0,92,74,16,90,182
08/03/2011,EWB,MA,ANE,EN,Federal Contract Tower,0,4,12,7,23,0,37,102,0,139,0,41,114,7,162,74,8,82,244
08/04/2011,EWB,MA,ANE,EN,Federal Contract Tower,0,6,10,0,16,0,42,124,0,166,0,48,134,0,182,118,0,118,300
08/05/2011,EWB,MA,ANE,EN,Federal Contract Tower,0,5,28,0,33,0,44,120,0,164,0,49,148,0,197,170,6,176,373
08/06/2011,EWB,MA,ANE,EN,Federal Contract Tower,0,2,15,0,17,0,41,61,0,102,0,43,76,0,119,28,4,32,151
08/07/2011,EWB,MA,ANE,EN,Federal Contract Tower,0,32,22,0,54,0,4,18,0,22,0,36,40,0,76,0,0,0,76
08/08/2011,EWB,MA,ANE,EN,Federal Contract Tower,0,10,12,0,22,0,32,89,0,121,0,42,101,0,143,32,0,32,175
08/09/2011,EWB,MA,ANE,EN,Federal Contract Tower,0,0,16,0,16,0,26,44,3,73,0,26,60,3,89,90,4,94,183
08/10/2011,EWB,MA,ANE,EN,Federal Contract Tower,0,6,23,0,29,0,31,87,0,118,0,37,110,0,147,58,0,58,205
08/11/2011,EWB,MA,ANE,EN,Federal Contract Tower,0,7,11,0,18,0,30,102,0,132,0,37,113,0,150,116,0,116,266
08/12/2011,EWB,MA,ANE,EN,Federal Contract Tower,0,2,20,4,26,0,45,101,0,146,0,47,121,4,172,80,0,80,252
08/13/2011,EWB,MA,ANE,EN,Federal Contract Tower,0,2,15,0,17,0,32,109,2,143,0,34,124,2,160,98,0,98,258
08/14/2011,EWB,MA,ANE,EN,Federal Contract Tower,0,7,25,0,32,0,49,42,0,91,0,56,67,0,123,40,0,40,163
08/15/2011,EWB,MA,ANE,EN,Federal Contract Tower,0,26,10,0,36,0,8,4,0,12,0,34,14,0,48,0,0,0,48
08/16/2011,EWB,MA,ANE,EN,Federal Contract Tower,0,8,11,0,19,0,28,47,0,75,0,36,58,0,94,12,0,12,106
08/17/2011,EWB,MA,ANE,EN,Federal Contract Tower,0,1,15,0,16,0,38,110,0,148,0,39,125,0,164,134,2,136,300
08/18/2011,EWB,MA,ANE,EN,Federal Contract Tower,0,21,22,0,43,0,32,71,0,103,0,53,93,0,146,54,0,54,200
08/19/2011,EWB,MA,ANE,EN,Federal Contract Tower,0,28,19,0,47,0,15,10,0,25,0,43,29,0,72,0,0,0,72
08/20/2011,EWB,MA,ANE,EN,Federal Contract Tower,0,21,10,0,31,0,9,8,0,17,0,30,18,0,48,0,0,0,48
08/21/2011,EWB,MA,ANE,EN,Federal Contract Tower,0,25,14,0,39,0,17,15,0,32,0,42,29,0,71,4,4,8,79
08/22/2011,EWB,MA,ANE,EN,Federal Contract Tower,0,15,24,0,39,0,34,24,0,58,0,49,48,0,97,0,2,2,99
08/23/2011,EWB,MA,ANE,EN,Federal Contract Tower,0,13,21,0,34,0,21,24,0,45,0,34,45,0,79,4,0,4,83
08/24/2011,EWB,MA,ANE,EN,Federal Contract Tower,0,11,24,0,35,0,20,28,0,48,0,31,52,0,83,0,0,0,83
08/25/2011,EWB,MA,ANE,EN,Federal Contract Tower,0,26,10,0,36,0,17,10,0,27,0,43,20,0,63,0,0,0,63
08/26/2011,EWB,MA,ANE,EN,Federal Contract Tower,0,12,19,0,31,0,32,51,0,83,0,44,70,0,114,6,0,6,120
08/27/2011,EWB,MA,ANE,EN,Federal Contract Tower,0,17,11,0,28,0,0,0,0,0,0,17,11,0,28,0,0,0,28
08/28/2011,EWB,MA,ANE,EN,Federal Contract Tower,0,0,0,0,0,0,0,0,0,0,0,0,0,0,0,0,0,0,0
08/29/2011,EWB,MA,ANE,EN,Federal Contract Tower,0,0,9,0,9,0,21,57,0,78,0,21,66,0,87,62,2,64,151
08/30/2011,EWB,MA,ANE,EN,Federal Contract Tower,0,6,27,0,33,0,30,92,4,126,0,36,119,4,159,56,0,56,215
08/31/2011,EWB,MA,ANE,EN,Federal Contract Tower,0,5,23,4,32,0,25,105,2,132,0,30,128,6,164,96,0,96,260
09/01/2011,EWB,MA,ANE,EN,Federal Contract Tower,0,2,15,1,18,0,36,59,0,95,0,38,74,1,113,56,4,60,173
09/02/2011,EWB,MA,ANE,EN,Federal Contract Tower,0,8,16,0,24,0,48,64,0,112,0,56,80,0,136,54,0,54,190
09/03/2011,EWB,MA,ANE,EN,Federal Contract Tower,0,0,24,0,24,0,29,60,0,89,0,29,84,0,113,46,2,48,161
09/04/2011,EWB,MA,ANE,EN,Federal Contract Tower,0,0,7,0,7,0,24,73,0,97,0,24,80,0,104,8,0,8,112
09/05/2011,EWB,MA,ANE,EN,Federal Contract Tower,0,26,16,0,42,0,21,40,0,61,0,47,56,0,103,12,0,12,115
09/06/2011,EWB,MA,ANE,EN,Federal Contract Tower,0,26,18,0,44,0,0,0,0,0,0,26,18,0,44,2,0,2,46
09/07/2011,EWB,MA,ANE,EN,Federal Contract Tower,0,31,14,0,45,0,0,0,0,0,0,31,14,0,45,4,0,4,49
09/08/2011,EWB,MA,ANE,EN,Federal Contract Tower,0,26,5,0,31,0,0,0,0,0,0,26,5,0,31,0,0,0,31
09/09/2011,EWB,MA,ANE,EN,Federal Contract Tower,0,10,26,0,36,0,23,84,0,107,0,33,110,0,143,84,0,84,227
09/10/2011,EWB,MA,ANE,EN,Federal Contract Tower,0,0,11,0,11,0,25,82,0,107,0,25,93,0,118,94,0,94,212
09/11/2011,EWB,MA,ANE,EN,Federal Contract Tower,0,3,23,0,26,0,27,110,2,139,0,30,133,2,165,100,0,100,265
09/12/2011,EWB,MA,ANE,EN,Federal Contract Tower,0,8,21,0,29,0,17,60,0,77,0,25,81,0,106,96,0,96,202
09/13/2011,EWB,MA,ANE,EN,Federal Contract Tower,0,4,6,1,11,0,11,66,1,78,0,15,72,2,89,68,2,70,159
09/14/2011,EWB,MA,ANE,EN,Federal Contract Tower,0,4,16,2,22,0,29,90,0,119,0,33,106,2,141,78,0,78,219
09/15/2011,EWB,MA,ANE,EN,Federal Contract Tower,0,10,12,0,22,0,10,17,0,27,0,20,29,0,49,28,0,28,77
09/16/2011,EWB,MA,ANE,EN,Federal Contract Tower,0,0,8,8,16,0,32,105,0,137,0,32,113,8,153,78,6,84,237
09/17/2011,EWB,MA,ANE,EN,Federal Contract Tower,0,4,18,0,22,0,21,91,0,112,0,25,109,0,134,112,2,114,248
09/18/2011,EWB,MA,ANE,EN,Federal Contract Tower,0,4,17,0,21,0,18,57,0,75,0,22,74,0,96,54,0,54,150
09/19/2011,EWB,MA,ANE,EN,Federal Contract Tower,0,0,23,0,23,0,29,136,0,165,0,29,159,0,188,128,0,128,316
09/20/2011,EWB,MA,ANE,EN,Federal Contract Tower,0,0,11,0,11,0,18,49,0,67,0,18,60,0,78,40,2,42,120
09/21/2011,EWB,MA,ANE,EN,Federal Contract Tower,0,2,13,0,15,0,17,91,0,108,0,19,104,0,123,118,0,118,241
09/22/2011,EWB,MA,ANE,EN,Federal Contract Tower,0,15,10,0,25,0,0,0,0,0,0,15,10,0,25,0,0,0,25
09/23/2011,EWB,MA,ANE,EN,Federal Contract Tower,0,22,10,0,32,0,0,0,0,0,0,22,10,0,32,0,4,4,36
09/24/2011,EWB,MA,ANE,EN,Federal Contract Tower,0,9,14,0,23,0,2,2,0,4,0,11,16,0,27,0,0,0,27
09/25/2011,EWB,MA,ANE,EN,Federal Contract Tower,0,2,16,0,18,0,19,43,4,66,0,21,59,4,84,88,0,88,172
09/26/2011,EWB,MA,ANE,EN,Federal Contract Tower,0,4,19,0,23,0,21,127,0,148,0,25,146,0,171,126,0,126,297
09/27/2011,EWB,MA,ANE,EN,Federal Contract Tower,0,3,14,0,17,0,11,52,0,63,0,14,66,0,80,74,0,74,154
09/28/2011,EWB,MA,ANE,EN,Federal Contract Tower,0,1,6,2,9,0,14,73,0,87,0,15,79,2,96,90,2,92,188
09/29/2011,EWB,MA,ANE,EN,Federal Contract Tower,0,22,8,0,30,0,2,0,0,2,0,24,8,0,32,0,0,0,32
09/30/2011,EWB,MA,ANE,EN,Federal Contract Tower,0,2,13,9,24,0,30,135,0,165,0,32,148,9,189,90,0,90,279
10/01/2011,EWB,MA,ANE,EN,Federal Contract Tower,0,7,9,0,16,0,5,9,0,14,0,12,18,0,30,6,0,6,36
10/02/2011,EWB,MA,ANE,EN,Federal Contract Tower,0,4,23,0,27,0,16,22,0,38,0,20,45,0,65,12,0,12,77
10/03/2011,EWB,MA,ANE,EN,Federal Contract Tower,0,2,13,0,15,0,18,97,0,115,0,20,110,0,130,138,0,138,268
10/04/2011,EWB,MA,ANE,EN,Federal Contract Tower,0,7,21,0,28,0,13,50,0,63,0,20,71,0,91,16,0,16,107
10/05/2011,EWB,MA,ANE,EN,Federal Contract Tower,0,3,13,0,16,0,13,85,0,98,0,16,98,0,114,82,0,82,196
10/06/2011,EWB,MA,ANE,EN,Federal Contract Tower,0,1,16,0,17,0,20,83,4,107,0,21,99,4,124,36,0,36,160
10/07/2011,EWB,MA,ANE,EN,Federal Contract Tower,0,3,11,3,17,0,44,97,0,141,0,47,108,3,158,170,8,178,336
10/08/2011,EWB,MA,ANE,EN,Federal Contract Tower,0,1,11,0,12,0,16,96,0,112,0,17,107,0,124,96,0,96,220
10/09/2011,EWB,MA,ANE,EN,Federal Contract Tower,0,0,6,0,6,0,37,90,0,127,0,37,96,0,133,98,0,98,231
10/10/2011,EWB,MA,ANE,EN,Federal Contract Tower,0,1,18,0,19,0,56,95,0,151,0,57,113,0,170,80,0,80,250
10/11/2011,EWB,MA,ANE,EN,Federal Contract Tower,0,0,27,2,29,0,16,73,0,89,0,16,100,2,118,130,10,140,258
10/12/2011,EWB,MA,ANE,EN,Federal Contract Tower,0,2,3,2,7,0,14,57,0,71,0,16,60,2,78,164,0,164,242
10/13/2011,EWB,MA,ANE,EN,Federal Contract Tower,0,14,6,0,20,0,0,0,0,0,0,14,6,0,20,0,0,0,20
10/14/2011,EWB,MA,ANE,EN,Federal Contract Tower,0,21,1,0,22,0,0,0,0,0,0,21,1,0,22,0,0,0,22
10/15/2011,EWB,MA,ANE,EN,Federal Contract Tower,0,4,3,0,7,0,14,32,0,46,0,18,35,0,53,24,0,24,77
10/16/2011,EWB,MA,ANE,EN,Federal Contract Tower,0,0,11,0,11,0,23,104,4,131,0,23,115,4,142,78,0,78,220
10/17/2011,EWB,MA,ANE,EN,Federal Contract Tower,0,3,37,0,40,0,13,57,0,70,0,16,94,0,110,106,0,106,216
10/18/2011,EWB,MA,ANE,EN,Federal Contract Tower,0,6,6,0,12,0,10,67,2,79,0,16,73,2,91,78,0,78,169
10/19/2011,EWB,MA,ANE,EN,Federal Contract Tower,0,8,13,0,21,0,0,0,0,0,0,8,13,0,21,2,0,2,23
10/20/2011,EWB,MA,ANE,EN,Federal Contract Tower,0,11,14,0,25,0,8,19,0,27,0,19,33,0,52,20,0,20,72
10/21/2011,EWB,MA,ANE,EN,Federal Contract Tower,0,3,17,0,20,0,24,83,0,107,0,27,100,0,127,134,0,134,261
10/22/2011,EWB,MA,ANE,EN,Federal Contract Tower,0,0,7,0,7,0,11,96,0,107,0,11,103,0,114,74,0,74,188
10/23/2011,EWB,MA,ANE,EN,Federal Contract Tower,0,0,9,0,9,0,20,104,0,124,0,20,113,0,133,120,0,120,253
10/24/2011,EWB,MA,ANE,EN,Federal Contract Tower,0,2,7,0,9,0,24,106,0,130,0,26,113,0,139,140,0,140,279
10/25/2011,EWB,MA,ANE,EN,Federal Contract Tower,0,2,24,4,30,0,13,43,10,66,0,15,67,14,96,60,6,66,162
10/26/2011,EWB,MA,ANE,EN,Federal Contract Tower,0,1,7,3,11,0,10,58,0,68,0,11,65,3,79,138,0,138,217
10/27/2011,EWB,MA,ANE,EN,Federal Contract Tower,0,14,7,0,21,0,0,0,0,0,0,14,7,0,21,0,0,0,21
10/28/2011,EWB,MA,ANE,EN,Federal Contract Tower,0,1,27,0,28,0,10,108,0,118,0,11,135,0,146,96,0,96,242
10/29/2011,EWB,MA,ANE,EN,Federal Contract Tower,0,4,19,0,23,0,2,18,0,20,0,6,37,0,43,24,0,24,67
10/30/2011,EWB,MA,ANE,EN,Federal Contract Tower,0,1,4,0,5,0,9,18,0,27,0,10,22,0,32,6,0,6,38
10/31/2011,EWB,MA,ANE,EN,Federal Contract Tower,0,4,12,0,16,0,11,114,0,125,0,15,126,0,141,180,0,180,321
11/01/2011,EWB,MA,ANE,EN,Federal Contract Tower,0,0,19,0,19,0,14,67,0,81,0,14,86,0,100,60,0,60,160
11/02/2011,EWB,MA,ANE,EN,Federal Contract Tower,0,0,34,0,34,0,16,83,0,99,0,16,117,0,133,208,0,208,341
11/03/2011,EWB,MA,ANE,EN,Federal Contract Tower,0,24,2,0,26,0,6,49,6,61,0,30,51,6,87,82,2,84,171
11/04/2011,EWB,MA,ANE,EN,Federal Contract Tower,0,2,15,3,20,0,19,78,0,97,0,21,93,3,117,100,6,106,223
11/05/2011,EWB,MA,ANE,EN,Federal Contract Tower,0,0,19,0,19,0,8,62,0,70,0,8,81,0,89,66,0,66,155
11/06/2011,EWB,MA,ANE,EN,Federal Contract Tower,0,0,10,0,10,0,7,58,0,65,0,7,68,0,75,96,0,96,171
11/07/2011,EWB,MA,ANE,EN,Federal Contract Tower,0,1,6,0,7,0,13,88,0,101,0,14,94,0,108,140,0,140,248
11/08/2011,EWB,MA,ANE,EN,Federal Contract Tower,0,7,16,0,23,0,28,100,0,128,0,35,116,0,151,112,14,126,277
11/09/2011,EWB,MA,ANE,EN,Federal Contract Tower,0,3,2,2,7,0,11,92,2,105,0,14,94,4,112,110,2,112,224
11/10/2011,EWB,MA,ANE,EN,Federal Contract Tower,0,11,1,2,14,0,2,4,0,6,0,13,5,2,20,0,0,0,20
11/11/2011,EWB,MA,ANE,EN,Federal Contract Tower,0,0,5,0,5,0,17,35,0,52,0,17,40,0,57,0,0,0,57
11/12/2011,EWB,MA,ANE,EN,Federal Contract Tower,0,0,15,0,15,0,11,82,0,93,0,11,97,0,108,40,0,40,148
11/13/2011,EWB,MA,ANE,EN,Federal Contract Tower,0,1,18,0,19,0,12,63,0,75,0,13,81,0,94,68,2,70,164
11/14/2011,EWB,MA,ANE,EN,Federal Contract Tower,0,2,20,0,22,0,9,40,0,49,0,11,60,0,71,42,2,44,115
11/15/2011,EWB,MA,ANE,EN,Federal Contract Tower,0,0,15,0,15,0,15,89,0,104,0,15,104,0,119,108,0,108,227
11/16/2011,EWB,MA,ANE,EN,Federal Contract Tower,0,4,28,0,32,0,5,18,0,23,0,9,46,0,55,38,0,38,93
11/17/2011,EWB,MA,ANE,EN,Federal Contract Tower,0,2,11,0,13,0,10,23,0,33,0,12,34,0,46,24,0,24,70
11/18/2011,EWB,MA,ANE,EN,Federal Contract Tower,0,2,12,6,20,0,13,85,0,98,0,15,97,6,118,170,0,170,288
11/19/2011,EWB,MA,ANE,EN,Federal Contract Tower,0,2,11,0,13,0,9,46,0,55,0,11,57,0,68,32,0,32,100
11/20/2011,EWB,MA,ANE,EN,Federal Contract Tower,0,0,11,0,11,0,8,23,0,31,0,8,34,0,42,23,0,23,65
11/21/2011,EWB,MA,ANE,EN,Federal Contract Tower,0,6,15,6,27,0,12,106,0,118,0,18,121,6,145,298,6,304,449
11/22/2011,EWB,MA,ANE,EN,Federal Contract Tower,0,5,16,0,21,0,13,91,0,104,0,18,107,0,125,174,0,174,299
11/23/2011,EWB,MA,ANE,EN,Federal Contract Tower,0,15,9,0,24,0,0,0,0,0,0,15,9,0,24,0,0,0,24
11/24/2011,EWB,MA,ANE,EN,Federal Contract Tower,0,2,0,0,2,0,7,25,0,32,0,9,25,0,34,2,0,2,36
11/25/2011,EWB,MA,ANE,EN,Federal Contract Tower,0,1,15,0,16,0,10,83,0,93,0,11,98,0,109,40,0,40,149
11/26/2011,EWB,MA,ANE,EN,Federal Contract Tower,0,3,21,0,24,0,14,76,0,90,0,17,97,0,114,40,0,40,154
11/27/2011,EWB,MA,ANE,EN,Federal Contract Tower,0,7,15,0,22,0,12,55,0,67,0,19,70,0,89,48,0,48,137
11/28/2011,EWB,MA,ANE,EN,Federal Contract Tower,0,0,7,0,7,0,15,83,0,98,0,15,90,0,105,122,0,122,227
11/29/2011,EWB,MA,ANE,EN,Federal Contract Tower,0,2,15,0,17,0,14,53,1,68,0,16,68,1,85,90,6,96,181
11/30/2011,EWB,MA,ANE,EN,Federal Contract Tower,0,1,14,0,15,0,13,47,0,60,0,14,61,0,75,118,0,118,193
12/01/2011,EWB,MA,ANE,EN,Federal Contract Tower,0,3,13,0,16,0,17,86,4,107,0,20,99,4,123,112,0,112,235
12/02/2011,EWB,MA,ANE,EN,Federal Contract Tower,0,3,25,0,28,0,27,99,0,126,0,30,124,0,154,126,0,126,280
12/03/2011,EWB,MA,ANE,EN,Federal Contract Tower,0,0,19,0,19,0,17,96,0,113,0,17,115,0,132,136,0,136,268
12/04/2011,EWB,MA,ANE,EN,Federal Contract Tower,0,3,10,0,13,0,28,50,6,84,0,31,60,6,97,50,24,74,171
12/05/2011,EWB,MA,ANE,EN,Federal Contract Tower,0,17,15,0,32,0,13,38,0,51,0,30,53,0,83,90,0,90,173
12/06/2011,EWB,MA,ANE,EN,Federal Contract Tower,0,6,15,0,21,0,8,5,0,13,0,14,20,0,34,4,0,4,38
12/07/2011,EWB,MA,ANE,EN,Federal Contract Tower,0,6,4,0,10,0,0,0,0,0,0,6,4,0,10,0,0,0,10
12/08/2011,EWB,MA,ANE,EN,Federal Contract Tower,0,2,9,2,13,0,11,19,4,34,0,13,28,6,47,16,0,16,63
12/09/2011,EWB,MA,ANE,EN,Federal Contract Tower,0,0,0,0,0,0,0,0,0,0,0,0,0,0,0,46,2,48,48
12/10/2011,EWB,MA,ANE,EN,Federal Contract Tower,0,1,30,0,31,0,5,58,0,63,0,6,88,0,94,122,0,122,216
12/11/2011,EWB,MA,ANE,EN,Federal Contract Tower,0,1,14,0,15,0,15,92,0,107,0,16,106,0,122,118,0,118,240
12/12/2011,EWB,MA,ANE,EN,Federal Contract Tower,0,0,9,0,9,0,11,89,0,100,0,11,98,0,109,132,2,134,243
12/13/2011,EWB,MA,ANE,EN,Federal Contract Tower,0,0,12,0,12,0,12,76,0,88,0,12,88,0,100,172,0,172,272
12/14/2011,EWB,MA,ANE,EN,Federal Contract Tower,0,0,10,0,10,0,8,79,0,87,0,8,89,0,97,164,0,164,261
12/15/2011,EWB,MA,ANE,EN,Federal Contract Tower,0,0,4,0,4,0,12,35,0,47,0,12,39,0,51,14,0,14,65
12/16/2011,EWB,MA,ANE,EN,Federal Contract Tower,0,0,3,0,3,0,14,30,2,46,0,14,33,2,49,36,2,38,87
12/17/2011,EWB,MA,ANE,EN,Federal Contract Tower,0,3,17,0,20,0,12,58,0,70,0,15,75,0,90,74,0,74,164
12/18/2011,EWB,MA,ANE,EN,Federal Contract Tower,0,1,12,0,13,0,6,43,0,49,0,7,55,0,62,64,0,64,126
12/19/2011,EWB,MA,ANE,EN,Federal Contract Tower,0,2,2,0,4,0,8,24,0,32,0,10,26,0,36,26,0,26,62
12/20/2011,EWB,MA,ANE,EN,Federal Contract Tower,0,1,7,0,8,0,6,93,0,99,0,7,100,0,107,128,6,134,241
12/21/2011,EWB,MA,ANE,EN,Federal Contract Tower,0,4,15,0,19,0,4,17,0,21,0,8,32,0,40,90,0,90,130
12/22/2011,EWB,MA,ANE,EN,Federal Contract Tower,0,2,19,0,21,0,10,70,2,82,0,12,89,2,103,104,8,112,215
12/23/2011,EWB,MA,ANE,EN,Federal Contract Tower,0,6,11,2,19,0,4,2,0,6,0,10,13,2,25,0,2,2,27
12/24/2011,EWB,MA,ANE,EN,Federal Contract Tower,0,0,11,0,11,0,10,37,0,47,0,10,48,0,58,8,0,8,66
12/25/2011,EWB,MA,ANE,EN,Federal Contract Tower,0,3,0,0,3,0,5,5,0,10,0,8,5,0,13,4,0,4,17
12/26/2011,EWB,MA,ANE,EN,Federal Contract Tower,0,3,2,0,5,0,11,28,0,39,0,14,30,0,44,18,0,18,62
12/27/2011,EWB,MA,ANE,EN,Federal Contract Tower,0,3,20,1,24,0,11,65,1,77,0,14,85,2,101,100,0,100,201
12/28/2011,EWB,MA,ANE,EN,Federal Contract Tower,0,1,5,0,6,0,11,30,0,41,0,12,35,0,47,34,0,34,81
12/29/2011,EWB,MA,ANE,EN,Federal Contract Tower,0,0,14,0,14,0,10,57,2,69,0,10,71,2,83,68,0,68,151
12/30/2011,EWB,MA,ANE,EN,Federal Contract Tower,0,10,4,0,14,0,13,25,0,38,0,23,29,0,52,24,4,28,80
12/31/2011,EWB,MA,ANE,EN,Federal Contract Tower,0,1,19,0,20,0,11,68,1,80,0,12,87,1,100,64,1,65,165
01/01/2012,EWB,MA,ANE,EN,Federal Contract Tower,0,0,10,0,10,0,8,36,0,44,0,8,46,0,54,54,0,54,108
01/02/2012,EWB,MA,ANE,EN,Federal Contract Tower,0,2,10,0,12,0,19,34,0,53,0,21,44,0,65,24,0,24,89
01/03/2012,EWB,MA,ANE,EN,Federal Contract Tower,0,0,19,0,19,0,11,69,2,82,0,11,88,2,101,162,0,162,263
01/04/2012,EWB,MA,ANE,EN,Federal Contract Tower,0,0,3,4,7,0,12,54,2,68,0,12,57,6,75,50,0,50,125
01/05/2012,EWB,MA,ANE,EN,Federal Contract Tower,0,0,3,2,5,0,8,61,0,69,0,8,64,2,74,92,2,94,168
01/06/2012,EWB,MA,ANE,EN,Federal Contract Tower,0,4,15,0,19,0,6,37,0,43,0,10,52,0,62,24,0,24,86
01/07/2012,EWB,MA,ANE,EN,Federal Contract Tower,0,2,26,2,30,0,7,91,4,102,0,9,117,6,132,56,6,62,194
01/08/2012,EWB,MA,ANE,EN,Federal Contract Tower,0,0,6,0,6,0,7,59,0,66,0,7,65,0,72,28,4,32,104
01/09/2012,EWB,MA,ANE,EN,Federal Contract Tower,0,0,21,0,21,0,9,79,0,88,0,9,100,0,109,112,0,112,221
01/10/2012,EWB,MA,ANE,EN,Federal Contract Tower,0,0,17,2,19,0,7,58,0,65,0,7,75,2,84,70,0,70,154
01/11/2012,EWB,MA,ANE,EN,Federal Contract Tower,0,1,15,4,20,0,23,70,4,97,0,24,85,8,117,136,0,136,253
01/12/2012,EWB,MA,ANE,EN,Federal Contract Tower,0,12,23,0,35,0,0,0,0,0,0,12,23,0,35,0,0,0,35
01/13/2012,EWB,MA,ANE,EN,Federal Contract Tower,0,6,2,4,12,0,5,6,2,13,0,11,8,6,25,2,0,2,27
01/14/2012,EWB,MA,ANE,EN,Federal Contract Tower,0,11,0,0,11,0,6,28,0,34,0,17,28,0,45,12,0,12,57
01/15/2012,EWB,MA,ANE,EN,Federal Contract Tower,0,2,9,0,11,0,23,32,0,55,0,25,41,0,66,12,0,12,78
01/16/2012,EWB,MA,ANE,EN,Federal Contract Tower,0,0,12,0,12,0,14,54,1,69,0,14,66,1,81,52,0,52,133
01/17/2012,EWB,MA,ANE,EN,Federal Contract Tower,0,3,13,2,18,0,5,5,0,10,0,8,18,2,28,16,0,16,44
01/18/2012,EWB,MA,ANE,EN,Federal Contract Tower,0,4,9,2,15,0,9,24,0,33,0,13,33,2,48,22,0,22,70
01/19/2012,EWB,MA,ANE,EN,Federal Contract Tower,0,0,13,0,13,0,8,73,0,81,0,8,86,0,94,146,2,148,242
01/20/2012,EWB,MA,ANE,EN,Federal Contract Tower,0,0,4,4,8,0,8,20,2,30,0,8,24,6,38,10,4,14,52
01/21/2012,EWB,MA,ANE,EN,Federal Contract Tower,0,1,0,0,1,0,0,0,0,0,0,1,0,0,1,0,0,0,1
01/22/2012,EWB,MA,ANE,EN,Federal Contract Tower,0,2,4,0,6,0,5,13,0,18,0,7,17,0,24,0,0,0,24
01/23/2012,EWB,MA,ANE,EN,Federal Contract Tower,0,4,4,0,8,0,1,2,0,3,0,5,6,0,11,14,0,14,25
01/24/2012,EWB,MA,ANE,EN,Federal Contract Tower,0,6,14,0,20,0,10,74,4,88,0,16,88,4,108,96,0,96,204
01/25/2012,EWB,MA,ANE,EN,Federal Contract Tower,0,0,16,2,18,0,9,64,0,73,0,9,80,2,91,104,8,112,203
01/26/2012,EWB,MA,ANE,EN,Federal Contract Tower,0,0,11,3,14,0,11,71,4,86,0,11,82,7,100,88,10,98,198
01/27/2012,EWB,MA,ANE,EN,Federal Contract Tower,0,8,2,0,10,0,0,0,0,0,0,8,2,0,10,0,0,0,10
01/28/2012,EWB,MA,ANE,EN,Federal Contract Tower,0,0,17,0,17,0,13,84,0,97,0,13,101,0,114,116,0,116,230
01/29/2012,EWB,MA,ANE,EN,Federal Contract Tower,0,0,15,2,17,0,4,49,0,53,0,4,64,2,70,30,0,30,100
01/30/2012,EWB,MA,ANE,EN,Federal Contract Tower,0,1,24,2,27,0,7,49,0,56,0,8,73,2,83,54,4,58,141
01/31/2012,EWB,MA,ANE,EN,Federal Contract Tower,0,16,2,0,18,0,11,83,2,96,0,27,85,2,114,116,6,122,236
02/01/2012,EWB,MA,ANE,EN,Federal Contract Tower,0,0,11,0,11,0,20,73,3,96,0,20,84,3,107,142,6,148,255
02/02/2012,EWB,MA,ANE,EN,Federal Contract Tower,0,11,6,1,18,0,6,41,4,51,0,17,47,5,69,86,2,88,157
02/03/2012,EWB,MA,ANE,EN,Federal Contract Tower,0,0,6,0,6,0,9,77,3,89,0,9,83,3,95,168,0,168,263
02/04/2012,EWB,MA,ANE,EN,Federal Contract Tower,0,0,13,0,13,0,6,67,0,73,0,6,80,0,86,94,0,94,180
02/05/2012,EWB,MA,ANE,EN,Federal Contract Tower,0,0,17,0,17,0,8,80,0,88,0,8,97,0,105,64,2,66,171
02/06/2012,EWB,MA,ANE,EN,Federal Contract Tower,0,4,8,2,14,0,13,53,2,68,0,17,61,4,82,96,6,102,184
02/07/2012,EWB,MA,ANE,EN,Federal Contract Tower,0,1,12,0,13,0,8,75,0,83,0,9,87,0,96,102,0,102,198
02/08/2012,EWB,MA,ANE,EN,Federal Contract Tower,0,1,14,0,15,0,10,86,0,96,0,11,100,0,111,184,2,186,297
02/09/2012,EWB,MA,ANE,EN,Federal Contract Tower,0,2,13,0,15,0,9,72,0,81,0,11,85,0,96,110,0,110,206
02/10/2012,EWB,MA,ANE,EN,Federal Contract Tower,0,0,8,4,12,0,10,60,0,70,0,10,68,4,82,102,2,104,186
02/11/2012,EWB,MA,ANE,EN,Federal Contract Tower,0,4,1,0,5,0,0,0,0,0,0,4,1,0,5,0,0,0,5
02/12/2012,EWB,MA,ANE,EN,Federal Contract Tower,0,0,3,0,3,0,6,28,0,34,0,6,31,0,37,6,0,6,43
02/13/2012,EWB,MA,ANE,EN,Federal Contract Tower,0,0,9,0,9,0,6,32,0,38,0,6,41,0,47,44,0,44,91
02/14/2012,EWB,MA,ANE,EN,Federal Contract Tower,0,0,9,4,13,0,15,48,1,64,0,15,57,5,77,80,0,80,157
02/15/2012,EWB,MA,ANE,EN,Federal Contract Tower,0,0,9,0,9,0,6,2,0,8,0,6,11,0,17,16,0,16,33
02/16/2012,EWB,MA,ANE,EN,Federal Contract Tower,0,3,8,4,15,0,8,45,0,53,0,11,53,4,68,134,0,134,202
02/17/2012,EWB,MA,ANE,EN,Federal Contract Tower,0,4,2,0,6,0,4,31,0,35,0,8,33,0,41,60,2,62,103
02/18/2012,EWB,MA,ANE,EN,Federal Contract Tower,0,0,6,0,6,0,5,62,0,67,0,5,68,0,73,66,2,68,141
02/19/2012,EWB,MA,ANE,EN,Federal Contract Tower,0,0,4,0,4,0,4,67,0,71,0,4,71,0,75,94,0,94,169
02/20/2012,EWB,MA,ANE,EN,Federal Contract Tower,0,1,5,0,6,0,7,30,0,37,0,8,35,0,43,24,0,24,67
02/21/2012,EWB,MA,ANE,EN,Federal Contract Tower,0,0,14,0,14,0,10,48,0,58,0,10,62,0,72,122,0,122,194
02/22/2012,EWB,MA,ANE,EN,Federal Contract Tower,0,1,11,4,16,0,7,70,0,77,0,8,81,4,93,148,4,152,245
02/23/2012,EWB,MA,ANE,EN,Federal Contract Tower,0,2,1,2,5,0,8,57,0,65,0,10,58,2,70,66,10,76,146
02/24/2012,EWB,MA,ANE,EN,Federal Contract Tower,0,7,2,0,9,0,0,0,0,0,0,7,2,0,9,0,0,0,9
02/25/2012,EWB,MA,ANE,EN,Federal Contract Tower,0,0,0,0,0,0,2,0,0,2,0,2,0,0,2,0,0,0,2
02/26/2012,EWB,MA,ANE,EN,Federal Contract Tower,0,1,10,0,11,0,5,41,1,47,0,6,51,1,58,44,0,44,102
02/27/2012,EWB,MA,ANE,EN,Federal Contract Tower,0,2,6,0,8,0,8,53,0,61,0,10,59,0,69,86,0,86,155
02/28/2012,EWB,MA,ANE,EN,Federal Contract Tower,0,0,10,0,10,0,9,44,0,53,0,9,54,0,63,80,0,80,143
02/29/2012,EWB,MA,ANE,EN,Federal Contract Tower,0,4,6,0,10,0,3,23,0,26,0,7,29,0,36,36,0,36,72
03/01/2012,EWB,MA,ANE,EN,Federal Contract Tower,0,8,5,0,13,0,0,0,0,0,0,8,5,0,13,0,0,0,13
03/02/2012,EWB,MA,ANE,EN,Federal Contract Tower,0,5,10,2,17,0,6,20,0,26,0,11,30,2,43,32,4,36,79
03/03/2012,EWB,MA,ANE,EN,Federal Contract Tower,0,1,3,0,4,0,2,1,4,7,0,3,4,4,11,0,6,6,17
03/04/2012,EWB,MA,ANE,EN,Federal Contract Tower,0,1,14,0,15,0,7,44,0,51,0,8,58,0,66,72,2,74,140
03/05/2012,EWB,MA,ANE,EN,Federal Contract Tower,0,1,20,0,21,0,9,32,0,41,0,10,52,0,62,58,2,60,122
03/06/2012,EWB,MA,ANE,EN,Federal Contract Tower,0,0,28,0,28,0,5,71,0,76,0,5,99,0,104,82,2,84,188
03/07/2012,EWB,MA,ANE,EN,Federal Contract Tower,0,0,5,0,5,0,9,25,0,34,0,9,30,0,39,6,0,6,45
03/08/2012,EWB,MA,ANE,EN,Federal Contract Tower,0,1,1,0,2,0,9,6,0,15,0,10,7,0,17,0,0,0,17
03/09/2012,EWB,MA,ANE,EN,Federal Contract Tower,0,0,7,0,7,0,12,43,2,57,0,12,50,2,64,62,6,68,132
03/10/2012,EWB,MA,ANE,EN,Federal Contract Tower,0,2,14,0,16,0,6,38,0,44,0,8,52,0,60,24,0,24,84
03/11/2012,EWB,MA,ANE,EN,Federal Contract Tower,0,1,9,0,10,0,3,22,0,25,0,4,31,0,35,16,0,16,51
03/12/2012,EWB,MA,ANE,EN,Federal Contract Tower,0,0,20,2,22,0,8,68,2,78,0,8,88,4,100,162,4,166,266
03/13/2012,EWB,MA,ANE,EN,Federal Contract Tower,0,8,26,1,35,0,7,30,2,39,0,15,56,3,74,58,0,58,132
03/14/2012,EWB,MA,ANE,EN,Federal Contract Tower,0,6,15,0,21,0,9,54,2,65,0,15,69,2,86,70,0,70,156
03/15/2012,EWB,MA,ANE,EN,Federal Contract Tower,0,1,23,1,25,0,7,19,3,29,0,8,42,4,54,94,0,94,148
03/16/2012,EWB,MA,ANE,EN,Federal Contract Tower,0,4,19,0,23,0,3,2,0,5,0,7,21,0,28,0,0,0,28
03/17/2012,EWB,MA,ANE,EN,Federal Contract Tower,0,0,11,0,11,0,6,61,0,67,0,6,72,0,78,126,2,128,206
03/18/2012,EWB,MA,ANE,EN,Federal Contract Tower,0,2,9,0,11,0,6,115,0,121,0,8,124,0,132,152,0,152,284
03/19/2012,EWB,MA,ANE,EN,Federal Contract Tower,0,1,7,0,8,0,9,82,2,93,0,10,89,2,101,144,4,148,249
03/20/2012,EWB,MA,ANE,EN,Federal Contract Tower,0,5,4,2,11,0,4,51,0,55,0,9,55,2,66,74,0,74,140
03/21/2012,EWB,MA,ANE,EN,Federal Contract Tower,0,2,3,0,5,0,4,49,2,55,0,6,52,2,60,56,14,70,130
03/22/2012,EWB,MA,ANE,EN,Federal Contract Tower,0,4,20,0,24,0,10,64,0,74,0,14,84,0,98,112,0,112,210
03/23/2012,EWB,MA,ANE,EN,Federal Contract Tower,0,17,6,0,23,0,5,70,2,77,0,22,76,2,100,78,0,78,178
03/24/2012,EWB,MA,ANE,EN,Federal Contract Tower,0,1,16,0,17,0,5,70,0,75,0,6,86,0,92,114,0,114,206
03/25/2012,EWB,MA,ANE,EN,Federal Contract Tower,0,8,1,0,9,0,1,8,0,9,0,9,9,0,18,60,0,60,78
03/26/2012,EWB,MA,ANE,EN,Federal Contract Tower,0,1,3,2,6,0,7,19,2,28,0,8,22,4,34,22,2,24,58
03/27/2012,EWB,MA,ANE,EN,Federal Contract Tower,0,0,8,0,8,0,5,29,0,34,0,5,37,0,42,18,2,20,62
03/28/2012,EWB,MA,ANE,EN,Federal Contract Tower,0,1,4,0,5,0,6,21,2,29,0,7,25,2,34,30,0,30,64
03/29/2012,EWB,MA,ANE,EN,Federal Contract Tower,0,6,1,0,7,0,8,64,0,72,0,14,65,0,79,174,0,174,253
03/30/2012,EWB,MA,ANE,EN,Federal Contract Tower,0,0,4,0,4,0,11,55,4,70,0,11,59,4,74,100,0,100,174
03/31/2012,EWB,MA,ANE,EN,Federal Contract Tower,0,2,1,0,3,0,1,0,0,1,0,3,1,0,4,0,0,0,4
04/01/2012,EWB,MA,ANE,EN,Federal Contract Tower,0,0,5,0,5,0,6,49,0,55,0,6,54,0,60,110,0,110,170
04/02/2012,EWB,MA,ANE,EN,Federal Contract Tower,0,9,5,0,14,0,5,29,0,34,0,14,34,0,48,64,0,64,112
04/03/2012,EWB,MA,ANE,EN,Federal Contract Tower,0,0,5,0,5,0,10,71,0,81,0,10,76,0,86,72,0,72,158
04/04/2012,EWB,MA,ANE,EN,Federal Contract Tower,0,0,6,4,10,0,5,54,0,59,0,5,60,4,69,42,2,44,113
04/05/2012,EWB,MA,ANE,EN,Federal Contract Tower,0,1,10,0,11,0,11,58,0,69,0,12,68,0,80,42,2,44,124
04/06/2012,EWB,MA,ANE,EN,Federal Contract Tower,0,4,18,0,22,0,10,81,0,91,0,14,99,0,113,128,2,130,243
04/07/2012,EWB,MA,ANE,EN,Federal Contract Tower,0,0,7,0,7,0,4,47,0,51,0,4,54,0,58,16,0,16,74
04/08/2012,EWB,MA,ANE,EN,Federal Contract Tower,0,0,11,0,11,0,5,33,0,38,0,5,44,0,49,10,0,10,59
04/09/2012,EWB,MA,ANE,EN,Federal Contract Tower,0,2,5,1,8,0,7,11,5,23,0,9,16,6,31,0,0,0,31
04/10/2012,EWB,MA,ANE,EN,Federal Contract Tower,0,2,4,2,8,0,11,28,7,46,0,13,32,9,54,32,0,32,86
04/11/2012,EWB,MA,ANE,EN,Federal Contract Tower,0,0,9,2,11,0,8,58,2,68,0,8,67,4,79,118,0,118,197
04/12/2012,EWB,MA,ANE,EN,Federal Contract Tower,0,0,17,2,19,0,15,46,0,61,0,15,63,2,80,100,4,104,184
04/13/2012,EWB,MA,ANE,EN,Federal Contract Tower,0,2,6,0,8,0,8,59,0,67,0,10,65,0,75,106,0,106,181
04/14/2012,EWB,MA,ANE,EN,Federal Contract Tower,0,0,7,0,7,0,8,83,0,91,0,8,90,0,98,108,0,108,206
04/15/2012,EWB,MA,ANE,EN,Federal Contract Tower,0,1,12,0,13,0,6,66,0,72,0,7,78,0,85,120,0,120,205
04/16/2012,EWB,MA,ANE,EN,Federal Contract Tower,0,5,7,0,12,0,7,41,0,48,0,12,48,0,60,36,0,36,96
04/17/2012,EWB,MA,ANE,EN,Federal Contract Tower,0,0,21,0,21,0,10,33,0,43,0,10,54,0,64,96,0,96,160
04/18/2012,EWB,MA,ANE,EN,Federal Contract Tower,0,1,15,4,20,0,11,71,0,82,0,12,86,4,102,142,6,148,250
04/19/2012,EWB,MA,ANE,EN,Federal Contract Tower,0,0,7,2,9,0,12,68,0,80,0,12,75,2,89,142,10,152,241
04/20/2012,EWB,MA,ANE,EN,Federal Contract Tower,0,0,14,0,14,0,8,89,4,101,0,8,103,4,115,124,0,124,239
04/21/2012,EWB,MA,ANE,EN,Federal Contract Tower,0,1,11,0,12,0,1,28,0,29,0,2,39,0,41,22,0,22,63
04/22/2012,EWB,MA,ANE,EN,Federal Contract Tower,0,2,8,0,10,0,9,55,0,64,0,11,63,0,74,88,1,89,163
04/23/2012,EWB,MA,ANE,EN,Federal Contract Tower,0,9,1,0,10,0,0,0,0,0,0,9,1,0,10,2,0,2,12
04/24/2012,EWB,MA,ANE,EN,Federal Contract Tower,0,2,7,0,9,0,13,20,0,33,0,15,27,0,42,20,0,20,62
04/25/2012,EWB,MA,ANE,EN,Federal Contract Tower,0,1,8,0,9,0,7,48,0,55,0,8,56,0,64,54,0,54,118
04/26/2012,EWB,MA,ANE,EN,Federal Contract Tower,0,2,13,0,15,0,12,61,6,79,0,14,74,6,94,86,0,86,180
04/27/2012,EWB,MA,ANE,EN,Federal Contract Tower,0,0,6,0,6,0,25,14,0,39,0,25,20,0,45,0,0,0,45
04/28/2012,EWB,MA,ANE,EN,Federal Contract Tower,0,0,13,0,13,0,7,65,0,72,0,7,78,0,85,32,0,32,117
04/29/2012,EWB,MA,ANE,EN,Federal Contract Tower,0,1,3,0,4,0,25,65,0,90,0,26,68,0,94,65,2,67,161
04/30/2012,EWB,MA,ANE,EN,Federal Contract Tower,0,0,13,2,15,0,12,70,4,86,0,12,83,6,101,174,0,174,275
05/01/2012,EWB,MA,ANE,EN,Federal Contract Tower,0,7,3,2,12,0,4,9,2,15,0,11,12,4,27,24,0,24,51
05/02/2012,EWB,MA,ANE,EN,Federal Contract Tower,0,6,27,0,33,0,3,12,0,15,0,9,39,0,48,0,0,0,48
05/03/2012,EWB,MA,ANE,EN,Federal Contract Tower,0,2,23,0,25,0,4,9,0,13,0,6,32,0,38,36,0,36,74
05/04/2012,EWB,MA,ANE,EN,Federal Contract Tower,0,7,21,0,28,0,0,0,0,0,0,7,21,0,28,0,0,0,28
05/05/2012,EWB,MA,ANE,EN,Federal Contract Tower,0,6,13,0,19,0,0,0,0,0,0,6,13,0,19,0,0,0,19
05/06/2012,EWB,MA,ANE,EN,Federal Contract Tower,0,1,22,0,23,0,4,58,0,62,0,5,80,0,85,152,2,154,239
05/07/2012,EWB,MA,ANE,EN,Federal Contract Tower,0,1,8,0,9,0,9,98,0,107,0,10,106,0,116,190,0,190,306
05/08/2012,EWB,MA,ANE,EN,Federal Contract Tower,0,1,8,0,9,0,9,16,0,25,0,10,24,0,34,20,0,20,54
05/09/2012,EWB,MA,ANE,EN,Federal Contract Tower,0,12,6,0,18,0,0,0,0,0,0,12,6,0,18,0,0,0,18
05/10/2012,EWB,MA,ANE,EN,Federal Contract Tower,0,5,29,0,34,0,6,15,4,25,0,11,44,4,59,72,4,76,135
05/11/2012,EWB,MA,ANE,EN,Federal Contract Tower,0,1,19,0,20,0,20,73,2,95,0,21,92,2,115,134,2,136,251
05/12/2012,EWB,MA,ANE,EN,Federal Contract Tower,0,1,11,0,12,0,9,43,0,52,0,10,54,0,64,34,0,34,98
05/13/2012,EWB,MA,ANE,EN,Federal Contract Tower,0,0,5,0,5,0,18,47,2,67,0,18,52,2,72,37,0,37,109
05/14/2012,EWB,MA,ANE,EN,Federal Contract Tower,0,1,6,0,7,0,15,42,0,57,0,16,48,0,64,152,0,152,216
05/15/2012,EWB,MA,ANE,EN,Federal Contract Tower,0,3,12,2,17,0,14,42,0,56,0,17,54,2,73,148,6,154,227
05/16/2012,EWB,MA,ANE,EN,Federal Contract Tower,0,14,20,0,34,0,0,0,0,0,0,14,20,0,34,0,0,0,34
05/17/2012,EWB,MA,ANE,EN,Federal Contract Tower,0,5,18,0,23,0,14,96,0,110,0,19,114,0,133,162,2,164,297
05/18/2012,EWB,MA,ANE,EN,Federal Contract Tower,0,1,15,0,16,0,23,104,0,127,0,24,119,0,143,122,0,122,265
05/19/2012,EWB,MA,ANE,EN,Federal Contract Tower,0,1,6,0,7,0,24,263,7,294,0,25,269,7,301,70,2,72,373
05/20/2012,EWB,MA,ANE,EN,Federal Contract Tower,0,1,7,0,8,0,22,87,0,109,0,23,94,0,117,68,0,68,185
05/21/2012,EWB,MA,ANE,EN,Federal Contract Tower,0,20,0,2,22,0,0,0,0,0,0,20,0,2,22,0,0,0,22
05/22/2012,EWB,MA,ANE,EN,Federal Contract Tower,0,14,2,0,16,0,0,0,0,0,0,14,2,0,16,0,0,0,16
05/23/2012,EWB,MA,ANE,EN,Federal Contract Tower,0,15,7,2,24,0,10,29,0,39,0,25,36,2,63,108,0,108,171
05/24/2012,EWB,MA,ANE,EN,Federal Contract Tower,0,13,22,0,35,0,24,34,0,58,0,37,56,0,93,78,0,78,171
05/25/2012,EWB,MA,ANE,EN,Federal Contract Tower,0,54,27,0,81,0,0,0,0,0,0,54,27,0,81,4,0,4,85
05/26/2012,EWB,MA,ANE,EN,Federal Contract Tower,0,17,11,0,28,0,11,34,0,45,0,28,45,0,73,44,0,44,117
05/27/2012,EWB,MA,ANE,EN,Federal Contract Tower,0,1,3,0,4,0,19,70,0,89,0,20,73,0,93,44,0,44,137
05/28/2012,EWB,MA,ANE,EN,Federal Contract Tower,0,20,16,0,36,0,18,33,0,51,0,38,49,0,87,2,0,2,89
05/29/2012,EWB,MA,ANE,EN,Federal Contract Tower,0,3,17,0,20,0,20,40,0,60,0,23,57,0,80,106,0,106,186
05/30/2012,EWB,MA,ANE,EN,Federal Contract Tower,0,10,11,0,21,0,27,71,0,98,0,37,82,0,119,118,0,118,237
05/31/2012,EWB,MA,ANE,EN,Federal Contract Tower,0,8,14,3,25,0,15,107,2,124,0,23,121,5,149,92,2,94,243
06/01/2012,EWB,MA,ANE,EN,Federal Contract Tower,0,8,12,0,20,0,25,65,0,90,0,33,77,0,110,92,0,92,202
06/02/2012,EWB,MA,ANE,EN,Federal Contract Tower,0,15,5,0,20,0,0,0,0,0,0,15,5,0,20,0,0,0,20
06/03/2012,EWB,MA,ANE,EN,Federal Contract Tower,0,9,15,0,24,0,20,27,4,51,0,29,42,4,75,18,0,18,93
06/04/2012,EWB,MA,ANE,EN,Federal Contract Tower,0,20,9,0,29,0,0,0,0,0,0,20,9,0,29,0,0,0,29
06/05/2012,EWB,MA,ANE,EN,Federal Contract Tower,0,33,20,0,53,0,10,11,0,21,0,43,31,0,74,54,0,54,128
06/06/2012,EWB,MA,ANE,EN,Federal Contract Tower,0,11,2,0,13,0,18,49,0,67,0,29,51,0,80,72,0,72,152
06/07/2012,EWB,MA,ANE,EN,Federal Contract Tower,0,8,13,2,23,0,25,52,0,77,0,33,65,2,100,54,2,56,156
06/08/2012,EWB,MA,ANE,EN,Federal Contract Tower,0,11,7,0,18,0,13,53,0,66,0,24,60,0,84,94,0,94,178
06/09/2012,EWB,MA,ANE,EN,Federal Contract Tower,0,0,13,0,13,0,9,87,0,96,0,9,100,0,109,70,0,70,179
06/10/2012,EWB,MA,ANE,EN,Federal Contract Tower,0,8,1,0,9,0,31,74,2,107,0,39,75,2,116,26,8,34,150
06/11/2012,EWB,MA,ANE,EN,Federal Contract Tower,0,0,20,0,20,0,22,84,0,106,0,22,104,0,126,142,0,142,268
06/12/2012,EWB,MA,ANE,EN,Federal Contract Tower,0,4,19,0,23,0,18,43,0,61,0,22,62,0,84,62,0,62,146
06/13/2012,EWB,MA,ANE,EN,Federal Contract Tower,0,21,16,0,37,0,2,0,2,4,0,23,16,2,41,0,0,0,41
06/14/2012,EWB,MA,ANE,EN,Federal Contract Tower,0,19,27,0,46,0,17,44,0,61,0,36,71,0,107,68,0,68,175
06/15/2012,EWB,MA,ANE,EN,Federal Contract Tower,0,0,11,5,16,0,24,97,2,123,0,24,108,7,139,92,2,94,233
06/16/2012,EWB,MA,ANE,EN,Federal Contract Tower,0,5,27,0,32,0,19,66,0,85,0,24,93,0,117,44,0,44,161
06/17/2012,EWB,MA,ANE,EN,Federal Contract Tower,0,3,24,0,27,0,22,46,0,68,0,25,70,0,95,12,0,12,107
06/18/2012,EWB,MA,ANE,EN,Federal Contract Tower,0,10,15,0,25,0,19,40,0,59,0,29,55,0,84,74,4,78,162
06/19/2012,EWB,MA,ANE,EN,Federal Contract Tower,0,7,30,0,37,0,12,80,0,92,0,19,110,0,129,124,0,124,253
06/20/2012,EWB,MA,ANE,EN,Federal Contract Tower,0,10,30,0,40,0,23,87,0,110,0,33,117,0,150,74,0,74,224
06/21/2012,EWB,MA,ANE,EN,Federal Contract Tower,0,5,24,2,31,0,29,80,0,109,0,34,104,2,140,106,2,108,248
06/22/2012,EWB,MA,ANE,EN,Federal Contract Tower,0,3,17,0,20,0,25,58,0,83,0,28,75,0,103,96,0,96,199
06/23/2012,EWB,MA,ANE,EN,Federal Contract Tower,0,1,22,0,23,0,14,29,0,43,0,15,51,0,66,30,0,30,96
06/24/2012,EWB,MA,ANE,EN,Federal Contract Tower,0,0,10,0,10,0,24,76,0,100,0,24,86,0,110,42,0,42,152
06/25/2012,EWB,MA,ANE,EN,Federal Contract Tower,0,4,4,0,8,0,13,6,0,19,0,17,10,0,27,4,0,4,31
06/26/2012,EWB,MA,ANE,EN,Federal Contract Tower,0,4,8,0,12,0,19,36,0,55,0,23,44,0,67,74,2,76,143
06/27/2012,EWB,MA,ANE,EN,Federal Contract Tower,0,0,18,2,20,0,21,79,0,100,0,21,97,2,120,68,6,74,194
06/28/2012,EWB,MA,ANE,EN,Federal Contract Tower,0,3,18,0,21,0,27,86,0,113,0,30,104,0,134,136,2,138,272
06/29/2012,EWB,MA,ANE,EN,Federal Contract Tower,0,7,28,0,35,0,43,72,0,115,0,50,100,0,150,88,2,90,240
06/30/2012,EWB,MA,ANE,EN,Federal Contract Tower,0,2,23,0,25,0,41,92,0,133,0,43,115,0,158,138,2,140,298
07/01/2012,EWB,MA,ANE,EN,Federal Contract Tower,0,3,12,0,15,0,33,50,0,83,0,36,62,0,98,18,0,18,116
07/02/2012,EWB,MA,ANE,EN,Federal Contract Tower,0,2,12,0,14,0,33,65,0,98,0,35,77,0,112,62,0,62,174
07/03/2012,EWB,MA,ANE,EN,Federal Contract Tower,0,0,10,0,10,0,32,81,0,113,0,32,91,0,123,74,0,74,197
07/04/2012,EWB,MA,ANE,EN,Federal Contract Tower,0,2,7,0,9,0,35,12,0,47,0,37,19,0,56,20,0,20,76
07/05/2012,EWB,MA,ANE,EN,Federal Contract Tower,0,1,31,0,32,0,32,78,2,112,0,33,109,2,144,82,0,82,226
07/06/2012,EWB,MA,ANE,EN,Federal Contract Tower,0,1,9,0,10,0,35,71,7,113,0,36,80,7,123,98,2,100,223
07/07/2012,EWB,MA,ANE,EN,Federal Contract Tower,0,2,14,0,16,0,34,51,0,85,0,36,65,0,101,46,0,46,147
07/08/2012,EWB,MA,ANE,EN,Federal Contract Tower,0,0,12,0,12,0,36,50,0,86,0,36,62,0,98,30,0,30,128
07/09/2012,EWB,MA,ANE,EN,Federal Contract Tower,0,2,10,0,12,0,38,87,0,125,0,40,97,0,137,96,0,96,233
07/10/2012,EWB,MA,ANE,EN,Federal Contract Tower,0,0,21,0,21,0,26,114,0,140,0,26,135,0,161,128,0,128,289
07/11/2012,EWB,MA,ANE,EN,Federal Contract Tower,0,2,10,0,12,0,26,95,0,121,0,28,105,0,133,132,0,132,265
07/12/2012,EWB,MA,ANE,EN,Federal Contract Tower,0,4,21,0,25,0,30,70,6,106,0,34,91,6,131,88,0,88,219
07/13/2012,EWB,MA,ANE,EN,Federal Contract Tower,0,3,15,4,22,0,37,76,2,115,0,40,91,6,137,64,0,64,201
07/14/2012,EWB,MA,ANE,EN,Federal Contract Tower,0,2,15,0,17,0,24,69,0,93,0,26,84,0,110,8,0,8,118
07/15/2012,EWB,MA,ANE,EN,Federal Contract Tower,0,7,13,0,20,0,25,39,0,64,0,32,52,0,84,6,0,6,90
07/16/2012,EWB,MA,ANE,EN,Federal Contract Tower,0,9,6,4,19,0,38,55,2,95,0,47,61,6,114,98,2,100,214
07/17/2012,EWB,MA,ANE,EN,Federal Contract Tower,0,4,15,0,19,0,30,73,0,103,0,34,88,0,122,100,0,100,222
07/18/2012,EWB,MA,ANE,EN,Federal Contract Tower,0,2,12,0,14,0,25,46,0,71,0,27,58,0,85,58,2,60,145
07/19/2012,EWB,MA,ANE,EN,Federal Contract Tower,0,6,21,0,27,0,28,83,0,111,0,34,104,0,138,86,0,86,224
07/20/2012,EWB,MA,ANE,EN,Federal Contract Tower,0,1,14,0,15,0,35,33,0,68,0,36,47,0,83,36,0,36,119
07/21/2012,EWB,MA,ANE,EN,Federal Contract Tower,0,0,28,0,28,0,26,63,0,89,0,26,91,0,117,106,10,116,233
07/22/2012,EWB,MA,ANE,EN,Federal Contract Tower,0,0,12,0,12,0,26,85,0,111,0,26,97,0,123,8,0,8,131
07/23/2012,EWB,MA,ANE,EN,Federal Contract Tower,0,5,16,0,21,0,27,33,2,62,0,32,49,2,83,42,0,42,125
07/24/2012,EWB,MA,ANE,EN,Federal Contract Tower,0,8,23,0,31,0,21,48,0,69,0,29,71,0,100,60,0,60,160
07/25/2012,EWB,MA,ANE,EN,Federal Contract Tower,0,3,17,6,26,0,33,89,4,126,0,36,106,10,152,46,2,48,200
07/26/2012,EWB,MA,ANE,EN,Federal Contract Tower,0,18,14,6,38,0,18,47,0,65,0,36,61,6,103,28,0,28,131
07/27/2012,EWB,MA,ANE,EN,Federal Contract Tower,0,13,8,0,21,0,28,65,0,93,0,41,73,0,114,28,0,28,142
07/28/2012,EWB,MA,ANE,EN,Federal Contract Tower,0,23,17,0,40,0,0,5,0,5,0,23,22,0,45,0,0,0,45
07/29/2012,EWB,MA,ANE,EN,Federal Contract Tower,0,25,10,0,35,0,4,2,0,6,0,29,12,0,41,0,0,0,41
07/30/2012,EWB,MA,ANE,EN,Federal Contract Tower,0,5,10,0,15,0,36,102,0,138,0,41,112,0,153,124,0,124,277
07/31/2012,EWB,MA,ANE,EN,Federal Contract Tower,0,18,19,2,39,0,15,37,0,52,0,33,56,2,91,8,2,10,101
08/01/2012,EWB,MA,ANE,EN,Federal Contract Tower,0,8,9,4,21,0,23,60,0,83,0,31,69,4,104,78,4,82,186
08/02/2012,EWB,MA,ANE,EN,Federal Contract Tower,0,7,9,0,16,0,28,79,0,107,0,35,88,0,123,62,0,62,185
08/03/2012,EWB,MA,ANE,EN,Federal Contract Tower,0,18,14,2,34,0,25,52,2,79,0,43,66,4,113,106,0,106,219
08/04/2012,EWB,MA,ANE,EN,Federal Contract Tower,0,19,12,0,31,0,21,39,0,60,0,40,51,0,91,30,0,30,121
08/05/2012,EWB,MA,ANE,EN,Federal Contract Tower,0,30,5,0,35,0,11,7,0,18,0,41,12,0,53,2,0,2,55
08/06/2012,EWB,MA,ANE,EN,Federal Contract Tower,0,15,24,0,39,0,36,80,0,116,0,51,104,0,155,106,0,106,261
08/07/2012,EWB,MA,ANE,EN,Federal Contract Tower,0,0,12,0,12,0,28,94,0,122,0,28,106,0,134,120,0,120,254
08/08/2012,EWB,MA,ANE,EN,Federal Contract Tower,0,1,8,0,9,0,26,88,0,114,0,27,96,0,123,142,0,142,265
08/09/2012,EWB,MA,ANE,EN,Federal Contract Tower,0,10,7,0,17,0,30,72,0,102,0,40,79,0,119,68,0,68,187
08/10/2012,EWB,MA,ANE,EN,Federal Contract Tower,0,27,18,0,45,0,2,7,0,9,0,29,25,0,54,0,0,0,54
08/11/2012,EWB,MA,ANE,EN,Federal Contract Tower,0,20,8,0,28,0,20,12,0,32,0,40,20,0,60,14,2,16,76
08/12/2012,EWB,MA,ANE,EN,Federal Contract Tower,0,19,11,0,30,0,10,19,0,29,0,29,30,0,59,0,0,0,59
08/13/2012,EWB,MA,ANE,EN,Federal Contract Tower,0,2,6,0,8,0,33,77,0,110,0,35,83,0,118,144,0,144,262
08/14/2012,EWB,MA,ANE,EN,Federal Contract Tower,0,6,5,0,11,0,29,88,0,117,0,35,93,0,128,86,2,88,216
08/15/2012,EWB,MA,ANE,EN,Federal Contract Tower,0,4,24,0,28,0,23,31,0,54,0,27,55,0,82,62,0,62,144
08/16/2012,EWB,MA,ANE,EN,Federal Contract Tower,0,4,15,0,19,0,36,116,6,158,0,40,131,6,177,178,8,186,363
08/17/2012,EWB,MA,ANE,EN,Federal Contract Tower,0,4,11,0,15,0,40,79,0,119,0,44,90,0,134,88,4,92,226
08/18/2012,EWB,MA,ANE,EN,Federal Contract Tower,0,14,13,0,27,0,11,10,0,21,0,25,23,0,48,0,0,0,48
08/19/2012,EWB,MA,ANE,EN,Federal Contract Tower,0,8,8,0,16,0,24,45,0,69,0,32,53,0,85,70,0,70,155
08/20/2012,EWB,MA,ANE,EN,Federal Contract Tower,0,1,8,2,11,0,28,50,0,78,0,29,58,2,89,60,0,60,149
08/21/2012,EWB,MA,ANE,EN,Federal Contract Tower,0,0,29,0,29,0,28,92,2,122,0,28,121,2,151,62,2,64,215
08/22/2012,EWB,MA,ANE,EN,Federal Contract Tower,0,2,17,2,21,0,25,111,0,136,0,27,128,2,157,72,4,76,233
08/23/2012,EWB,MA,ANE,EN,Federal Contract Tower,0,4,16,4,24,0,27,68,0,95,0,31,84,4,119,54,2,56,175
08/24/2012,EWB,MA,ANE,EN,Federal Contract Tower,0,4,12,2,18,0,25,65,0,90,0,29,77,2,108,46,0,46,154
08/25/2012,EWB,MA,ANE,EN,Federal Contract Tower,0,0,4,0,4,0,26,56,0,82,0,26,60,0,86,32,0,32,118
08/26/2012,EWB,MA,ANE,EN,Federal Contract Tower,0,1,24,2,27,0,32,55,0,87,0,33,79,2,114,36,0,36,150
08/27/2012,EWB,MA,ANE,EN,Federal Contract Tower,0,3,18,0,21,0,29,72,0,101,0,32,90,0,122,48,0,48,170
08/28/2012,EWB,MA,ANE,EN,Federal Contract Tower,0,11,8,1,20,0,19,37,0,56,0,30,45,1,76,62,0,62,138
08/29/2012,EWB,MA,ANE,EN,Federal Contract Tower,0,1,29,0,30,0,35,89,0,124,0,36,118,0,154,74,2,76,230
08/30/2012,EWB,MA,ANE,EN,Federal Contract Tower,0,1,26,0,27,0,32,92,0,124,0,33,118,0,151,88,0,88,239
08/31/2012,EWB,MA,ANE,EN,Federal Contract Tower,0,6,11,0,17,0,41,51,0,92,0,47,62,0,109,92,0,92,201
09/01/2012,EWB,MA,ANE,EN,Federal Contract Tower,0,3,6,0,9,0,29,49,0,78,0,32,55,0,87,56,0,56,143
09/02/2012,EWB,MA,ANE,EN,Federal Contract Tower,0,2,7,0,9,0,33,85,0,118,0,35,92,0,127,26,4,30,157
09/03/2012,EWB,MA,ANE,EN,Federal Contract Tower,0,2,41,0,43,0,33,56,0,89,0,35,97,0,132,60,0,60,192
09/04/2012,EWB,MA,ANE,EN,Federal Contract Tower,0,4,4,2,10,0,22,16,0,38,0,26,20,2,48,26,0,26,74
09/05/2012,EWB,MA,ANE,EN,Federal Contract Tower,0,16,6,0,22,0,3,9,0,12,0,19,15,0,34,0,0,0,34
09/06/2012,EWB,MA,ANE,EN,Federal Contract Tower,0,0,15,0,15,0,25,72,0,97,0,25,87,0,112,108,0,108,220
09/07/2012,EWB,MA,ANE,EN,Federal Contract Tower,0,14,29,0,43,0,20,53,4,77,0,34,82,4,120,94,12,106,226
09/08/2012,EWB,MA,ANE,EN,Federal Contract Tower,0,8,6,0,14,0,19,15,0,34,0,27,21,0,48,18,2,20,68
09/09/2012,EWB,MA,ANE,EN,Federal Contract Tower,0,3,7,0,10,0,31,44,0,75,0,34,51,0,85,56,0,56,141
09/10/2012,EWB,MA,ANE,EN,Federal Contract Tower,0,0,18,0,18,0,21,78,0,99,0,21,96,0,117,54,24,78,195
09/11/2012,EWB,MA,ANE,EN,Federal Contract Tower,0,2,9,0,11,0,19,69,0,88,0,21,78,0,99,96,0,96,195
09/12/2012,EWB,MA,ANE,EN,Federal Contract Tower,0,1,12,2,15,0,16,111,0,127,0,17,123,2,142,108,0,108,250
09/13/2012,EWB,MA,ANE,EN,Federal Contract Tower,0,4,17,0,21,0,16,54,2,72,0,20,71,2,93,54,0,54,147
09/14/2012,EWB,MA,ANE,EN,Federal Contract Tower,0,4,12,2,18,0,19,76,1,96,0,23,88,3,114,118,2,120,234
09/15/2012,EWB,MA,ANE,EN,Federal Contract Tower,0,3,17,0,20,0,19,57,0,76,0,22,74,0,96,80,0,80,176
09/16/2012,EWB,MA,ANE,EN,Federal Contract Tower,0,2,8,0,10,0,23,53,0,76,0,25,61,0,86,48,0,48,134
09/17/2012,EWB,MA,ANE,EN,Federal Contract Tower,0,5,21,2,28,0,27,97,2,126,0,32,118,4,154,124,0,124,278
09/18/2012,EWB,MA,ANE,EN,Federal Contract Tower,0,8,12,0,20,0,30,18,0,48,0,38,30,0,68,24,0,24,92
09/19/2012,EWB,MA,ANE,EN,Federal Contract Tower,0,4,10,0,14,0,12,64,0,76,0,16,74,0,90,132,0,132,222
09/20/2012,EWB,MA,ANE,EN,Federal Contract Tower,0,0,12,3,15,0,22,90,0,112,0,22,102,3,127,96,0,96,223
09/21/2012,EWB,MA,ANE,EN,Federal Contract Tower,0,8,11,0,19,0,29,86,0,115,0,37,97,0,134,82,0,82,216
09/22/2012,EWB,MA,ANE,EN,Federal Contract Tower,0,6,14,0,20,0,5,15,0,20,0,11,29,0,40,30,0,30,70
09/23/2012,EWB,MA,ANE,EN,Federal Contract Tower,0,3,10,0,13,0,18,78,0,96,0,21,88,0,109,46,0,46,155
09/24/2012,EWB,MA,ANE,EN,Federal Contract Tower,0,2,12,0,14,0,21,65,0,86,0,23,77,0,100,88,0,88,188
09/25/2012,EWB,MA,ANE,EN,Federal Contract Tower,0,2,22,4,28,0,12,52,0,64,0,14,74,4,92,20,0,20,112
09/26/2012,EWB,MA,ANE,EN,Federal Contract Tower,0,3,5,0,8,0,15,29,2,46,0,18,34,2,54,36,2,38,92
09/27/2012,EWB,MA,ANE,EN,Federal Contract Tower,0,1,13,0,14,0,23,86,5,114,0,24,99,5,128,112,6,118,246
09/28/2012,EWB,MA,ANE,EN,Federal Contract Tower,0,3,14,0,17,0,15,17,0,32,0,18,31,0,49,48,0,48,97
09/29/2012,EWB,MA,ANE,EN,Federal Contract Tower,0,16,2,0,18,0,0,0,0,0,0,16,2,0,18,0,0,0,18
09/30/2012,EWB,MA,ANE,EN,Federal Contract Tower,0,16,16,0,32,0,10,8,0,18,0,26,24,0,50,0,0,0,50
10/01/2012,EWB,MA,ANE,EN,Federal Contract Tower,0,0,8,0,8,0,21,43,0,64,0,21,51,0,72,22,0,22,94
10/02/2012,EWB,MA,ANE,EN,Federal Contract Tower,0,4,6,0,10,0,11,44,0,55,0,15,50,0,65,86,0,86,151
10/03/2012,EWB,MA,ANE,EN,Federal Contract Tower,0,5,6,0,11,0,0,0,0,0,0,5,6,0,11,0,0,0,11
10/04/2012,EWB,MA,ANE,EN,Federal Contract Tower,0,31,21,0,52,0,0,0,0,0,0,31,21,0,52,0,0,0,52
10/05/2012,EWB,MA,ANE,EN,Federal Contract Tower,0,8,17,0,25,0,40,104,0,144,0,48,121,0,169,132,6,138,307
10/06/2012,EWB,MA,ANE,EN,Federal Contract Tower,0,4,10,0,14,0,21,55,0,76,0,25,65,0,90,8,0,8,98
10/07/2012,EWB,MA,ANE,EN,Federal Contract Tower,0,1,3,0,4,0,18,48,0,66,0,19,51,0,70,42,0,42,112
10/08/2012,EWB,MA,ANE,EN,Federal Contract Tower,0,0,3,0,3,0,38,45,0,83,0,38,48,0,86,24,0,24,110
10/09/2012,EWB,MA,ANE,EN,Federal Contract Tower,0,22,16,0,38,0,3,0,0,3,0,25,16,0,41,0,0,0,41
10/10/2012,EWB,MA,ANE,EN,Federal Contract Tower,0,16,11,0,27,0,4,0,0,4,0,20,11,0,31,0,0,0,31
10/11/2012,EWB,MA,ANE,EN,Federal Contract Tower,0,3,21,0,24,0,23,96,0,119,0,26,117,0,143,136,0,136,279
10/12/2012,EWB,MA,ANE,EN,Federal Contract Tower,0,3,5,0,8,0,23,93,2,118,0,26,98,2,126,118,0,118,244
10/13/2012,EWB,MA,ANE,EN,Federal Contract Tower,0,3,4,0,7,0,12,126,0,138,0,15,130,0,145,116,0,116,261
10/14/2012,EWB,MA,ANE,EN,Federal Contract Tower,0,1,3,0,4,0,23,4,0,27,0,24,7,0,31,2,0,2,33
10/15/2012,EWB,MA,ANE,EN,Federal Contract Tower,0,1,8,0,9,0,16,8,0,24,0,17,16,0,33,10,0,10,43
10/16/2012,EWB,MA,ANE,EN,Federal Contract Tower,0,2,14,2,18,0,15,68,2,85,0,17,82,4,103,84,2,86,189
10/17/2012,EWB,MA,ANE,EN,Federal Contract Tower,0,0,9,0,9,0,14,81,2,97,0,14,90,2,106,190,0,190,296
10/18/2012,EWB,MA,ANE,EN,Federal Contract Tower,0,0,8,0,8,0,10,77,0,87,0,10,85,0,95,138,0,138,233
10/19/2012,EWB,MA,ANE,EN,Federal Contract Tower,0,4,7,0,11,0,14,34,0,48,0,18,41,0,59,80,0,80,139
10/20/2012,EWB,MA,ANE,EN,Federal Contract Tower,0,7,11,0,18,0,1,18,0,19,0,8,29,0,37,24,0,24,61
10/21/2012,EWB,MA,ANE,EN,Federal Contract Tower,0,2,5,0,7,0,14,80,0,94,0,16,85,0,101,94,0,94,195
10/22/2012,EWB,MA,ANE,EN,Federal Contract Tower,0,1,9,0,10,0,14,64,0,78,0,15,73,0,88,80,0,80,168
10/23/2012,EWB,MA,ANE,EN,Federal Contract Tower,0,0,7,0,7,0,8,89,0,97,0,8,96,0,104,100,0,100,204
10/24/2012,EWB,MA,ANE,EN,Federal Contract Tower,0,2,6,2,10,0,9,88,4,101,0,11,94,6,111,254,0,254,365
10/25/2012,EWB,MA,ANE,EN,Federal Contract Tower,0,0,6,0,6,0,10,64,0,74,0,10,70,0,80,110,0,110,190
10/26/2012,EWB,MA,ANE,EN,Federal Contract Tower,0,1,12,4,17,0,20,103,0,123,0,21,115,4,140,144,4,148,288
10/27/2012,EWB,MA,ANE,EN,Federal Contract Tower,0,3,19,0,22,0,10,53,0,63,0,13,72,0,85,90,0,90,175
10/28/2012,EWB,MA,ANE,EN,Federal Contract Tower,0,8,0,0,8,0,7,2,0,9,0,15,2,0,17,0,0,0,17
10/29/2012,EWB,MA,ANE,EN,Federal Contract Tower,0,0,0,0,0,0,0,0,0,0,0,0,0,0,0,0,0,0,0
10/30/2012,EWB,MA,ANE,EN,Federal Contract Tower,0,0,0,0,0,0,13,2,0,15,0,13,2,0,15,30,12,42,57
10/31/2012,EWB,MA,ANE,EN,Federal Contract Tower,0,1,2,0,3,0,10,28,0,38,0,11,30,0,41,8,0,8,49
11/01/2012,EWB,MA,ANE,EN,Federal Contract Tower,0,3,5,0,8,0,12,42,4,58,0,15,47,4,66,38,0,38,104
11/02/2012,EWB,MA,ANE,EN,Federal Contract Tower,0,3,10,0,13,0,23,90,4,117,0,26,100,4,130,148,6,154,284
11/03/2012,EWB,MA,ANE,EN,Federal Contract Tower,0,0,4,0,4,0,7,53,0,60,0,7,57,0,64,58,0,58,122
11/04/2012,EWB,MA,ANE,EN,Federal Contract Tower,0,0,13,2,15,0,9,99,0,108,0,9,112,2,123,146,4,150,273
11/05/2012,EWB,MA,ANE,EN,Federal Contract Tower,0,5,5,0,10,0,27,51,0,78,0,32,56,0,88,100,0,100,188
11/06/2012,EWB,MA,ANE,EN,Federal Contract Tower,0,0,2,0,2,0,10,76,1,87,0,10,78,1,89,77,2,79,168
11/07/2012,EWB,MA,ANE,EN,Federal Contract Tower,0,0,2,0,2,0,0,0,0,0,0,0,2,0,2,0,0,0,2
11/08/2012,EWB,MA,ANE,EN,Federal Contract Tower,0,0,1,0,1,0,0,0,0,0,0,0,1,0,1,0,0,0,1
11/09/2012,EWB,MA,ANE,EN,Federal Contract Tower,0,0,9,2,11,0,14,67,9,90,0,14,76,11,101,146,4,150,251
11/10/2012,EWB,MA,ANE,EN,Federal Contract Tower,0,0,9,2,11,0,5,65,0,70,0,5,74,2,81,88,2,90,171
11/11/2012,EWB,MA,ANE,EN,Federal Contract Tower,0,0,8,0,8,0,9,85,2,96,0,9,93,2,104,54,0,54,158
11/12/2012,EWB,MA,ANE,EN,Federal Contract Tower,0,5,7,0,12,0,12,19,0,31,0,17,26,0,43,8,0,8,51
11/13/2012,EWB,MA,ANE,EN,Federal Contract Tower,0,5,10,0,15,0,7,8,0,15,0,12,18,0,30,2,0,2,32
11/14/2012,EWB,MA,ANE,EN,Federal Contract Tower,0,1,1,0,2,0,12,37,2,51,0,13,38,2,53,68,0,68,121
11/15/2012,EWB,MA,ANE,EN,Federal Contract Tower,0,3,5,0,8,0,8,46,0,54,0,11,51,0,62,160,0,160,222
11/16/2012,EWB,MA,ANE,EN,Federal Contract Tower,0,2,1,0,3,0,11,96,0,107,0,13,97,0,110,172,4,176,286
11/17/2012,EWB,MA,ANE,EN,Federal Contract Tower,0,2,6,0,8,0,9,80,0,89,0,11,86,0,97,76,0,76,173
11/18/2012,EWB,MA,ANE,EN,Federal Contract Tower,0,0,4,0,4,0,6,71,0,77,0,6,75,0,81,58,0,58,139
11/19/2012,EWB,MA,ANE,EN,Federal Contract Tower,0,0,3,0,3,0,13,49,0,62,0,13,52,0,65,206,0,206,271
11/20/2012,EWB,MA,ANE,EN,Federal Contract Tower,0,2,13,0,15,0,20,80,0,100,0,22,93,0,115,102,0,102,217
11/21/2012,EWB,MA,ANE,EN,Federal Contract Tower,0,3,6,0,9,0,11,68,0,79,0,14,74,0,88,106,0,106,194
11/22/2012,EWB,MA,ANE,EN,Federal Contract Tower,0,0,1,0,1,0,6,8,0,14,0,6,9,0,15,0,0,0,15
11/23/2012,EWB,MA,ANE,EN,Federal Contract Tower,0,7,7,0,14,0,10,29,0,39,0,17,36,0,53,18,0,18,71
11/24/2012,EWB,MA,ANE,EN,Federal Contract Tower,0,2,1,0,3,0,4,31,0,35,0,6,32,0,38,2,0,2,40
11/25/2012,EWB,MA,ANE,EN,Federal Contract Tower,0,5,4,0,9,0,7,33,0,40,0,12,37,0,49,10,0,10,59
11/26/2012,EWB,MA,ANE,EN,Federal Contract Tower,0,2,5,0,7,0,9,51,0,60,0,11,56,0,67,54,0,54,121
11/27/2012,EWB,MA,ANE,EN,Federal Contract Tower,0,2,8,0,10,0,4,7,0,11,0,6,15,0,21,22,0,22,43
11/28/2012,EWB,MA,ANE,EN,Federal Contract Tower,0,2,5,0,7,0,7,48,6,61,0,9,53,6,68,122,0,122,190
11/29/2012,EWB,MA,ANE,EN,Federal Contract Tower,0,0,3,0,3,0,20,58,0,78,0,20,61,0,81,94,0,94,175
11/30/2012,EWB,MA,ANE,EN,Federal Contract Tower,0,8,6,0,14,0,34,87,0,121,0,42,93,0,135,208,2,210,345
12/01/2012,EWB,MA,ANE,EN,Federal Contract Tower,0,13,6,0,19,0,1,0,0,1,0,14,6,0,20,0,0,0,20
12/02/2012,EWB,MA,ANE,EN,Federal Contract Tower,0,7,4,0,11,0,45,42,0,87,0,52,46,0,98,72,6,78,176
12/03/2012,EWB,MA,ANE,EN,Federal Contract Tower,0,4,6,0,10,0,15,82,0,97,0,19,88,0,107,108,0,108,215
12/04/2012,EWB,MA,ANE,EN,Federal Contract Tower,0,3,13,0,16,0,5,21,0,26,0,8,34,0,42,76,0,76,118
12/05/2012,EWB,MA,ANE,EN,Federal Contract Tower,0,2,5,0,7,0,9,53,0,62,0,11,58,0,69,96,0,96,165
12/06/2012,EWB,MA,ANE,EN,Federal Contract Tower,0,0,11,0,11,0,9,75,0,84,0,9,86,0,95,140,8,148,243
12/07/2012,EWB,MA,ANE,EN,Federal Contract Tower,0,2,4,4,10,0,10,55,0,65,0,12,59,4,75,110,0,110,185
12/08/2012,EWB,MA,ANE,EN,Federal Contract Tower,0,3,1,0,4,0,0,0,0,0,0,3,1,0,4,0,0,0,4
12/09/2012,EWB,MA,ANE,EN,Federal Contract Tower,0,2,2,0,4,0,9,60,0,69,0,11,62,0,73,62,0,62,135
12/10/2012,EWB,MA,ANE,EN,Federal Contract Tower,0,8,1,0,9,0,0,0,0,0,0,8,1,0,9,0,0,0,9
12/11/2012,EWB,MA,ANE,EN,Federal Contract Tower,0,1,8,0,9,0,10,81,0,91,0,11,89,0,100,132,0,132,232
12/12/2012,EWB,MA,ANE,EN,Federal Contract Tower,0,4,11,0,15,0,8,73,2,83,0,12,84,2,98,106,0,106,204
12/13/2012,EWB,MA,ANE,EN,Federal Contract Tower,0,1,6,0,7,0,10,62,0,72,0,11,68,0,79,70,0,70,149
12/14/2012,EWB,MA,ANE,EN,Federal Contract Tower,0,2,5,0,7,0,9,64,2,75,0,11,69,2,82,104,0,104,186
12/15/2012,EWB,MA,ANE,EN,Federal Contract Tower,0,1,18,0,19,0,10,81,0,91,0,11,99,0,110,88,0,88,198
12/16/2012,EWB,MA,ANE,EN,Federal Contract Tower,0,4,2,0,6,0,2,18,0,20,0,6,20,0,26,30,0,30,56
12/17/2012,EWB,MA,ANE,EN,Federal Contract Tower,0,10,3,0,13,0,0,0,0,0,0,10,3,0,13,0,0,0,13
12/18/2012,EWB,MA,ANE,EN,Federal Contract Tower,0,8,2,0,10,0,0,12,0,12,0,8,14,0,22,4,0,4,26
12/19/2012,EWB,MA,ANE,EN,Federal Contract Tower,0,0,6,0,6,0,11,35,2,48,0,11,41,2,54,46,8,54,108
12/20/2012,EWB,MA,ANE,EN,Federal Contract Tower,0,2,11,0,13,0,11,58,0,69,0,13,69,0,82,182,0,182,264
12/21/2012,EWB,MA,ANE,EN,Federal Contract Tower,0,3,0,0,3,0,2,0,0,2,0,5,0,0,5,2,0,2,7
12/22/2012,EWB,MA,ANE,EN,Federal Contract Tower,0,3,0,0,3,0,5,14,3,22,0,8,14,3,25,2,2,4,29
12/23/2012,EWB,MA,ANE,EN,Federal Contract Tower,0,1,5,2,8,0,6,27,2,35,0,7,32,4,43,20,0,20,63
12/24/2012,EWB,MA,ANE,EN,Federal Contract Tower,0,1,0,0,1,0,8,35,0,43,0,9,35,0,44,12,2,14,58
12/25/2012,EWB,MA,ANE,EN,Federal Contract Tower,0,4,1,0,5,0,0,0,0,0,0,4,1,0,5,0,0,0,5
12/26/2012,EWB,MA,ANE,EN,Federal Contract Tower,0,5,4,0,9,0,10,28,0,38,0,15,32,0,47,12,0,12,59
12/27/2012,EWB,MA,ANE,EN,Federal Contract Tower,0,9,0,0,9,0,0,0,0,0,0,9,0,0,9,0,0,0,9
12/28/2012,EWB,MA,ANE,EN,Federal Contract Tower,0,1,1,0,2,0,7,39,0,46,0,8,40,0,48,30,0,30,78
12/29/2012,EWB,MA,ANE,EN,Federal Contract Tower,0,3,1,0,4,0,2,10,0,12,0,5,11,0,16,10,0,10,26
12/30/2012,EWB,MA,ANE,EN,Federal Contract Tower,0,0,0,0,0,0,11,1,0,12,0,11,1,0,12,0,0,0,12
12/31/2012,EWB,MA,ANE,EN,Federal Contract Tower,0,1,3,0,4,0,10,26,0,36,0,11,29,0,40,24,0,24,64
01/01/2013,EWB,MA,ANE,EN,Federal Contract Tower,0,4,0,0,4,0,10,7,0,17,0,14,7,0,21,4,0,4,25
01/02/2013,EWB,MA,ANE,EN,Federal Contract Tower,0,2,11,0,13,0,7,41,0,48,0,9,52,0,61,68,0,68,129
01/03/2013,EWB,MA,ANE,EN,Federal Contract Tower,0,0,11,0,11,0,10,40,0,50,0,10,51,0,61,74,0,74,135
01/04/2013,EWB,MA,ANE,EN,Federal Contract Tower,0,1,10,0,11,0,13,43,0,56,0,14,53,0,67,28,0,28,95
01/05/2013,EWB,MA,ANE,EN,Federal Contract Tower,0,0,1,0,1,0,4,60,0,64,0,4,61,0,65,24,0,24,89
01/06/2013,EWB,MA,ANE,EN,Federal Contract Tower,0,1,0,0,1,0,4,15,0,19,0,5,15,0,20,10,0,10,30
01/07/2013,EWB,MA,ANE,EN,Federal Contract Tower,0,1,15,0,16,0,9,54,0,63,0,10,69,0,79,152,0,152,231
01/08/2013,EWB,MA,ANE,EN,Federal Contract Tower,0,0,0,0,0,0,9,37,0,46,0,9,37,0,46,42,2,44,90
01/09/2013,EWB,MA,ANE,EN,Federal Contract Tower,0,1,12,0,13,0,7,54,0,61,0,8,66,0,74,98,2,100,174
01/10/2013,EWB,MA,ANE,EN,Federal Contract Tower,0,0,10,0,10,0,8,51,0,59,0,8,61,0,69,84,0,84,153
01/11/2013,EWB,MA,ANE,EN,Federal Contract Tower,0,0,14,0,14,0,12,66,0,78,0,12,80,0,92,53,0,53,145
01/12/2013,EWB,MA,ANE,EN,Federal Contract Tower,0,2,3,6,11,0,0,0,0,0,0,2,3,6,11,0,0,0,11
01/13/2013,EWB,MA,ANE,EN,Federal Contract Tower,0,3,4,0,7,0,0,0,0,0,0,3,4,0,7,0,0,0,7
01/14/2013,EWB,MA,ANE,EN,Federal Contract Tower,0,5,7,0,12,0,3,29,0,32,0,8,36,0,44,40,0,40,84
01/15/2013,EWB,MA,ANE,EN,Federal Contract Tower,0,3,17,0,20,0,9,69,2,80,0,12,86,2,100,116,6,122,222
01/16/2013,EWB,MA,ANE,EN,Federal Contract Tower,0,8,6,0,14,0,0,0,0,0,0,8,6,0,14,0,0,0,14
01/17/2013,EWB,MA,ANE,EN,Federal Contract Tower,0,2,9,0,11,0,10,55,4,69,0,12,64,4,80,42,2,44,124
01/18/2013,EWB,MA,ANE,EN,Federal Contract Tower,0,3,1,0,4,0,5,19,4,28,0,8,20,4,32,6,2,8,40
01/19/2013,EWB,MA,ANE,EN,Federal Contract Tower,0,0,2,0,2,0,7,13,0,20,0,7,15,0,22,6,0,6,28
01/20/2013,EWB,MA,ANE,EN,Federal Contract Tower,0,0,1,0,1,0,4,10,0,14,0,4,11,0,15,0,0,0,15
01/21/2013,EWB,MA,ANE,EN,Federal Contract Tower,0,6,4,0,10,0,9,37,0,46,0,15,41,0,56,40,0,40,96
01/22/2013,EWB,MA,ANE,EN,Federal Contract Tower,0,0,2,0,2,0,6,2,0,8,0,6,4,0,10,4,0,4,14
01/23/2013,EWB,MA,ANE,EN,Federal Contract Tower,0,1,4,0,5,0,8,9,2,19,0,9,13,2,24,4,10,14,38
01/24/2013,EWB,MA,ANE,EN,Federal Contract Tower,0,0,9,0,9,0,11,39,0,50,0,11,48,0,59,68,6,74,133
01/25/2013,EWB,MA,ANE,EN,Federal Contract Tower,0,0,12,0,12,0,9,50,0,59,0,9,62,0,71,46,0,46,117
01/26/2013,EWB,MA,ANE,EN,Federal Contract Tower,0,0,0,0,0,0,8,10,0,18,0,8,10,0,18,12,0,12,30
01/27/2013,EWB,MA,ANE,EN,Federal Contract Tower,0,0,7,0,7,0,5,31,0,36,0,5,38,0,43,54,0,54,97
01/28/2013,EWB,MA,ANE,EN,Federal Contract Tower,0,4,4,0,8,0,9,28,0,37,0,13,32,0,45,34,0,34,79
01/29/2013,EWB,MA,ANE,EN,Federal Contract Tower,0,5,0,0,5,0,0,0,0,0,0,5,0,0,5,0,0,0,5
01/30/2013,EWB,MA,ANE,EN,Federal Contract Tower,0,4,0,0,4,0,2,0,0,2,0,6,0,0,6,0,0,0,6
01/31/2013,EWB,MA,ANE,EN,Federal Contract Tower,0,2,0,0,2,0,6,1,0,7,0,8,1,0,9,0,0,0,9
02/01/2013,EWB,MA,ANE,EN,Federal Contract Tower,0,2,13,0,15,0,9,47,0,56,0,11,60,0,71,22,6,28,99
02/02/2013,EWB,MA,ANE,EN,Federal Contract Tower,0,2,7,0,9,0,4,83,0,87,0,6,90,0,96,48,0,48,144
02/03/2013,EWB,MA,ANE,EN,Federal Contract Tower,0,0,0,0,0,0,4,30,0,34,0,4,30,0,34,58,0,58,92
02/04/2013,EWB,MA,ANE,EN,Federal Contract Tower,0,1,4,0,5,0,12,50,0,62,0,13,54,0,67,58,0,58,125
02/05/2013,EWB,MA,ANE,EN,Federal Contract Tower,0,4,3,0,7,0,7,15,0,22,0,11,18,0,29,40,0,40,69
02/06/2013,EWB,MA,ANE,EN,Federal Contract Tower,0,1,2,0,3,0,9,60,4,73,0,10,62,4,76,92,4,96,172
02/07/2013,EWB,MA,ANE,EN,Federal Contract Tower,0,0,8,0,8,0,10,73,0,83,0,10,81,0,91,118,0,118,209
02/08/2013,EWB,MA,ANE,EN,Federal Contract Tower,0,0,0,0,0,0,0,0,0,0,0,0,0,0,0,0,0,0,0
02/09/2013,EWB,MA,ANE,EN,Federal Contract Tower,0,0,0,0,0,0,0,0,0,0,0,0,0,0,0,0,0,0,0
02/10/2013,EWB,MA,ANE,EN,Federal Contract Tower,0,0,0,0,0,0,0,4,0,4,0,0,4,0,4,0,0,0,4
02/11/2013,EWB,MA,ANE,EN,Federal Contract Tower,0,0,1,0,1,0,4,4,0,8,0,4,5,0,9,0,0,0,9
02/12/2013,EWB,MA,ANE,EN,Federal Contract Tower,0,1,4,4,9,0,15,16,0,31,0,16,20,4,40,28,4,32,72
02/13/2013,EWB,MA,ANE,EN,Federal Contract Tower,0,2,11,0,13,0,8,84,5,97,0,10,95,5,110,150,0,150,260
02/14/2013,EWB,MA,ANE,EN,Federal Contract Tower,0,1,5,0,6,0,7,50,0,57,0,8,55,0,63,124,2,126,189
02/15/2013,EWB,MA,ANE,EN,Federal Contract Tower,0,2,14,0,16,0,7,66,0,73,0,9,80,0,89,146,0,146,235
02/16/2013,EWB,MA,ANE,EN,Federal Contract Tower,0,1,2,0,3,0,1,4,0,5,0,2,6,0,8,4,0,4,12
02/17/2013,EWB,MA,ANE,EN,Federal Contract Tower,0,0,0,0,0,0,0,1,0,1,0,0,1,0,1,2,0,2,3
02/18/2013,EWB,MA,ANE,EN,Federal Contract Tower,0,0,4,0,4,0,6,18,0,24,0,6,22,0,28,2,0,2,30
02/19/2013,EWB,MA,ANE,EN,Federal Contract Tower,0,1,0,0,1,0,10,72,0,82,0,11,72,0,83,94,0,94,177
02/20/2013,EWB,MA,ANE,EN,Federal Contract Tower,0,2,4,0,6,0,8,14,0,22,0,10,18,0,28,6,0,6,34
02/21/2013,EWB,MA,ANE,EN,Federal Contract Tower,0,0,3,2,5,0,9,31,1,41,0,9,34,3,46,50,2,52,98
02/22/2013,EWB,MA,ANE,EN,Federal Contract Tower,0,0,4,2,6,0,13,64,0,77,0,13,68,2,83,96,2,98,181
02/23/2013,EWB,MA,ANE,EN,Federal Contract Tower,0,0,1,0,1,0,5,34,0,39,0,5,35,0,40,68,0,68,108
02/24/2013,EWB,MA,ANE,EN,Federal Contract Tower,0,5,1,0,6,0,0,0,0,0,0,5,1,0,6,0,0,0,6
02/25/2013,EWB,MA,ANE,EN,Federal Contract Tower,0,0,3,1,4,0,7,59,0,66,0,7,62,1,70,148,0,148,218
02/26/2013,EWB,MA,ANE,EN,Federal Contract Tower,0,2,18,0,20,0,19,105,0,124,0,21,123,0,144,92,2,94,238
02/27/2013,EWB,MA,ANE,EN,Federal Contract Tower,0,4,0,0,4,0,0,0,0,0,0,4,0,0,4,0,0,0,4
02/28/2013,EWB,MA,ANE,EN,Federal Contract Tower,0,6,6,0,12,0,4,25,0,29,0,10,31,0,41,94,0,94,135
03/01/2013,EWB,MA,ANE,EN,Federal Contract Tower,0,2,11,0,13,0,9,55,4,68,0,11,66,4,81,90,0,90,171
03/02/2013,EWB,MA,ANE,EN,Federal Contract Tower,0,0,9,0,9,0,3,96,0,99,0,3,105,0,108,142,2,144,252
03/03/2013,EWB,MA,ANE,EN,Federal Contract Tower,0,2,10,0,12,0,7,58,0,65,0,9,68,0,77,178,0,178,255
03/04/2013,EWB,MA,ANE,EN,Federal Contract Tower,0,1,0,0,1,0,9,24,0,33,0,10,24,0,34,32,0,32,66
03/05/2013,EWB,MA,ANE,EN,Federal Contract Tower,0,0,6,0,6,0,10,71,0,81,0,10,77,0,87,154,6,160,247
03/06/2013,EWB,MA,ANE,EN,Federal Contract Tower,0,6,0,0,6,0,4,0,0,4,0,10,0,0,10,0,0,0,10
03/07/2013,EWB,MA,ANE,EN,Federal Contract Tower,0,0,1,0,1,0,0,0,0,0,0,0,1,0,1,0,0,0,1
03/08/2013,EWB,MA,ANE,EN,Federal Contract Tower,0,1,2,0,3,0,0,0,0,0,0,1,2,0,3,0,0,0,3
03/09/2013,EWB,MA,ANE,EN,Federal Contract Tower,0,2,0,0,2,0,9,45,0,54,0,11,45,0,56,22,0,22,78
03/10/2013,EWB,MA,ANE,EN,Federal Contract Tower,0,2,3,0,5,0,7,217,0,224,0,9,220,0,229,280,0,280,509
03/11/2013,EWB,MA,ANE,EN,Federal Contract Tower,0,7,10,0,17,0,2,38,0,40,0,9,48,0,57,20,0,20,77
03/12/2013,EWB,MA,ANE,EN,Federal Contract Tower,0,1,16,0,17,0,5,2,0,7,0,6,18,0,24,0,0,0,24
03/13/2013,EWB,MA,ANE,EN,Federal Contract Tower,0,1,8,2,11,0,9,87,0,96,0,10,95,2,107,110,0,110,217
03/14/2013,EWB,MA,ANE,EN,Federal Contract Tower,0,3,4,1,8,0,9,40,1,50,0,12,44,2,58,56,0,56,114
03/15/2013,EWB,MA,ANE,EN,Federal Contract Tower,0,0,11,0,11,0,11,67,4,82,0,11,78,4,93,68,6,74,167
03/16/2013,EWB,MA,ANE,EN,Federal Contract Tower,0,0,2,0,2,0,6,70,0,76,0,6,72,0,78,110,0,110,188
03/17/2013,EWB,MA,ANE,EN,Federal Contract Tower,0,10,0,0,10,0,11,43,0,54,0,21,43,0,64,76,0,76,140
03/18/2013,EWB,MA,ANE,EN,Federal Contract Tower,0,4,7,0,11,0,13,73,2,88,0,17,80,2,99,138,0,138,237
03/19/2013,EWB,MA,ANE,EN,Federal Contract Tower,0,5,0,0,5,0,0,0,0,0,0,5,0,0,5,0,0,0,5
03/20/2013,EWB,MA,ANE,EN,Federal Contract Tower,0,0,5,0,5,0,8,28,2,38,0,8,33,2,43,48,0,48,91
03/21/2013,EWB,MA,ANE,EN,Federal Contract Tower,0,1,16,0,17,0,7,53,0,60,0,8,69,0,77,92,0,92,169
03/22/2013,EWB,MA,ANE,EN,Federal Contract Tower,0,3,5,0,8,0,18,68,0,86,0,21,73,0,94,98,2,100,194
03/23/2013,EWB,MA,ANE,EN,Federal Contract Tower,0,1,4,0,5,0,18,40,0,58,0,19,44,0,63,16,0,16,79
03/24/2013,EWB,MA,ANE,EN,Federal Contract Tower,0,0,5,1,6,0,3,90,1,94,0,3,95,2,100,96,0,96,196
03/25/2013,EWB,MA,ANE,EN,Federal Contract Tower,0,1,4,0,5,0,10,38,0,48,0,11,42,0,53,38,0,38,91
03/26/2013,EWB,MA,ANE,EN,Federal Contract Tower,0,1,11,0,12,0,13,60,0,73,0,14,71,0,85,114,0,114,199
03/27/2013,EWB,MA,ANE,EN,Federal Contract Tower,0,0,13,0,13,0,14,62,0,76,0,14,75,0,89,92,0,92,181
03/28/2013,EWB,MA,ANE,EN,Federal Contract Tower,0,5,2,0,7,0,8,31,2,41,0,13,33,2,48,74,0,74,122
03/29/2013,EWB,MA,ANE,EN,Federal Contract Tower,0,5,19,0,24,0,18,84,0,102,0,23,103,0,126,110,0,110,236
03/30/2013,EWB,MA,ANE,EN,Federal Contract Tower,0,2,5,0,7,0,10,104,0,114,0,12,109,0,121,50,0,50,171
03/31/2013,EWB,MA,ANE,EN,Federal Contract Tower,0,2,3,0,5,0,4,55,0,59,0,6,58,0,64,84,0,84,148
04/01/2013,EWB,MA,ANE,EN,Federal Contract Tower,0,5,5,0,10,0,8,40,0,48,0,13,45,0,58,84,0,84,142
04/02/2013,EWB,MA,ANE,EN,Federal Contract Tower,0,0,5,0,5,0,7,60,0,67,0,7,65,0,72,108,0,108,180
04/03/2013,EWB,MA,ANE,EN,Federal Contract Tower,0,2,9,0,11,0,14,43,2,59,0,16,52,2,70,40,2,42,112
04/04/2013,EWB,MA,ANE,EN,Federal Contract Tower,0,0,10,0,10,0,11,91,0,102,0,11,101,0,112,180,0,180,292
04/05/2013,EWB,MA,ANE,EN,Federal Contract Tower,0,0,26,0,26,0,10,86,0,96,0,10,112,0,122,140,0,140,262
04/06/2013,EWB,MA,ANE,EN,Federal Contract Tower,0,1,0,0,1,0,7,62,8,77,0,8,62,8,78,60,0,60,138
04/07/2013,EWB,MA,ANE,EN,Federal Contract Tower,0,1,2,0,3,0,5,25,0,30,0,6,27,0,33,36,2,38,71
04/08/2013,EWB,MA,ANE,EN,Federal Contract Tower,0,1,9,0,10,0,12,76,0,88,0,13,85,0,98,138,0,138,236
04/09/2013,EWB,MA,ANE,EN,Federal Contract Tower,0,4,15,0,19,0,12,54,2,68,0,16,69,2,87,94,20,114,201
04/10/2013,EWB,MA,ANE,EN,Federal Contract Tower,0,1,14,0,15,0,10,85,0,95,0,11,99,0,110,152,0,152,262
04/11/2013,EWB,MA,ANE,EN,Federal Contract Tower,0,8,7,1,16,0,4,10,1,15,0,12,17,2,31,26,0,26,57
04/12/2013,EWB,MA,ANE,EN,Federal Contract Tower,0,4,3,0,7,0,5,8,0,13,0,9,11,0,20,12,0,12,32
04/13/2013,EWB,MA,ANE,EN,Federal Contract Tower,0,9,11,0,20,0,10,61,0,71,0,19,72,0,91,128,0,128,219
04/14/2013,EWB,MA,ANE,EN,Federal Contract Tower,0,0,8,0,8,0,6,64,0,70,0,6,72,0,78,60,0,60,138
04/15/2013,EWB,MA,ANE,EN,Federal Contract Tower,0,0,11,0,11,0,10,39,0,49,0,10,50,0,60,44,0,44,104
04/16/2013,EWB,MA,ANE,EN,Federal Contract Tower,0,2,15,4,21,0,14,53,0,67,0,16,68,4,88,92,4,96,184
04/17/2013,EWB,MA,ANE,EN,Federal Contract Tower,0,3,20,0,23,0,10,120,0,130,0,13,140,0,153,150,2,152,305
04/18/2013,EWB,MA,ANE,EN,Federal Contract Tower,0,2,14,0,16,0,14,64,2,80,0,16,78,2,96,158,2,160,256
04/19/2013,EWB,MA,ANE,EN,Federal Contract Tower,0,15,10,18,43,0,0,0,0,0,0,15,10,18,43,2,4,6,49
04/20/2013,EWB,MA,ANE,EN,Federal Contract Tower,0,5,10,4,19,0,4,47,6,57,0,9,57,10,76,110,0,110,186
04/21/2013,EWB,MA,ANE,EN,Federal Contract Tower,0,0,11,0,11,0,7,81,0,88,0,7,92,0,99,108,0,108,207
04/22/2013,EWB,MA,ANE,EN,Federal Contract Tower,0,0,10,0,10,0,7,52,1,60,0,7,62,1,70,100,0,100,170
04/23/2013,EWB,MA,ANE,EN,Federal Contract Tower,0,8,9,0,17,0,0,0,0,0,0,8,9,0,17,0,0,0,17
04/24/2013,EWB,MA,ANE,EN,Federal Contract Tower,0,4,22,0,26,0,5,58,0,63,0,9,80,0,89,100,0,100,189
04/25/2013,EWB,MA,ANE,EN,Federal Contract Tower,0,3,12,0,15,0,20,87,0,107,0,23,99,0,122,158,2,160,282
04/26/2013,EWB,MA,ANE,EN,Federal Contract Tower,0,0,29,4,33,0,27,120,0,147,0,27,149,4,180,190,0,190,370
04/27/2013,EWB,MA,ANE,EN,Federal Contract Tower,0,4,11,0,15,0,18,97,0,115,0,22,108,0,130,172,0,172,302
04/28/2013,EWB,MA,ANE,EN,Federal Contract Tower,0,0,14,0,14,0,34,98,0,132,0,34,112,0,146,102,0,102,248
04/29/2013,EWB,MA,ANE,EN,Federal Contract Tower,0,1,14,0,15,0,13,81,0,94,0,14,95,0,109,136,0,136,245
04/30/2013,EWB,MA,ANE,EN,Federal Contract Tower,0,2,10,0,12,0,14,86,0,100,0,16,96,0,112,198,2,200,312
05/01/2013,EWB,MA,ANE,EN,Federal Contract Tower,0,3,11,0,14,0,15,109,2,126,0,18,120,2,140,148,0,148,288
05/02/2013,EWB,MA,ANE,EN,Federal Contract Tower,0,1,22,0,23,0,14,82,0,96,0,15,104,0,119,126,2,128,247
05/03/2013,EWB,MA,ANE,EN,Federal Contract Tower,0,4,17,0,21,0,16,73,2,91,0,20,90,2,112,144,2,146,258
05/04/2013,EWB,MA,ANE,EN,Federal Contract Tower,0,0,10,0,10,0,7,39,0,46,0,7,49,0,56,100,0,100,156
05/05/2013,EWB,MA,ANE,EN,Federal Contract Tower,0,0,4,0,4,0,5,52,0,57,0,5,56,0,61,68,4,72,133
05/06/2013,EWB,MA,ANE,EN,Federal Contract Tower,0,4,22,0,26,0,10,66,0,76,0,14,88,0,102,130,0,130,232
05/07/2013,EWB,MA,ANE,EN,Federal Contract Tower,0,2,12,1,15,0,11,78,2,91,0,13,90,3,106,114,2,116,222
05/08/2013,EWB,MA,ANE,EN,Federal Contract Tower,0,4,20,0,24,0,5,26,0,31,0,9,46,0,55,26,0,26,81
05/09/2013,EWB,MA,ANE,EN,Federal Contract Tower,0,8,34,0,42,0,0,0,0,0,0,8,34,0,42,0,0,0,42
05/10/2013,EWB,MA,ANE,EN,Federal Contract Tower,0,2,9,0,11,0,8,90,0,98,0,10,99,0,109,174,0,174,283
05/11/2013,EWB,MA,ANE,EN,Federal Contract Tower,0,8,4,0,12,0,1,8,0,9,0,9,12,0,21,10,0,10,31
05/12/2013,EWB,MA,ANE,EN,Federal Contract Tower,0,2,10,0,12,0,8,34,4,46,0,10,44,4,58,22,4,26,84
05/13/2013,EWB,MA,ANE,EN,Federal Contract Tower,0,1,5,1,7,0,24,69,3,96,0,25,74,4,103,72,0,72,175
05/14/2013,EWB,MA,ANE,EN,Federal Contract Tower,0,2,20,4,26,0,26,106,4,136,0,28,126,8,162,144,16,160,322
05/15/2013,EWB,MA,ANE,EN,Federal Contract Tower,0,8,2,0,10,0,18,64,0,82,0,26,66,0,92,78,2,80,172
05/16/2013,EWB,MA,ANE,EN,Federal Contract Tower,0,5,14,0,19,0,19,84,3,106,0,24,98,3,125,106,8,114,239
05/17/2013,EWB,MA,ANE,EN,Federal Contract Tower,0,1,16,0,17,0,20,73,0,93,0,21,89,0,110,114,0,114,224
05/18/2013,EWB,MA,ANE,EN,Federal Contract Tower,0,3,9,0,12,0,10,99,2,111,0,13,108,2,123,96,0,96,219
05/19/2013,EWB,MA,ANE,EN,Federal Contract Tower,0,2,14,0,16,0,23,76,0,99,0,25,90,0,115,138,4,142,257
05/20/2013,EWB,MA,ANE,EN,Federal Contract Tower,0,10,7,0,17,0,5,55,0,60,0,15,62,0,77,90,0,90,167
05/21/2013,EWB,MA,ANE,EN,Federal Contract Tower,0,15,14,0,29,0,9,48,0,57,0,24,62,0,86,52,12,64,150
05/22/2013,EWB,MA,ANE,EN,Federal Contract Tower,0,18,12,0,30,0,0,3,0,3,0,18,15,0,33,0,0,0,33
05/23/2013,EWB,MA,ANE,EN,Federal Contract Tower,0,20,11,0,31,0,0,0,0,0,0,20,11,0,31,0,0,0,31
05/24/2013,EWB,MA,ANE,EN,Federal Contract Tower,0,30,13,0,43,0,5,0,0,5,0,35,13,0,48,2,0,2,50
05/25/2013,EWB,MA,ANE,EN,Federal Contract Tower,0,18,7,0,25,0,0,3,0,3,0,18,10,0,28,0,0,0,28
05/26/2013,EWB,MA,ANE,EN,Federal Contract Tower,0,0,6,0,6,0,13,26,0,39,0,13,32,0,45,6,0,6,51
05/27/2013,EWB,MA,ANE,EN,Federal Contract Tower,0,3,5,0,8,0,49,48,0,97,0,52,53,0,105,18,0,18,123
05/28/2013,EWB,MA,ANE,EN,Federal Contract Tower,0,5,9,0,14,0,38,101,0,139,0,43,110,0,153,190,2,192,345
05/29/2013,EWB,MA,ANE,EN,Federal Contract Tower,0,14,14,0,28,0,5,25,0,30,0,19,39,0,58,42,0,42,100
05/30/2013,EWB,MA,ANE,EN,Federal Contract Tower,0,2,13,2,17,0,20,89,4,113,0,22,102,6,130,58,4,62,192
05/31/2013,EWB,MA,ANE,EN,Federal Contract Tower,0,3,8,0,11,0,40,92,1,133,0,43,100,1,144,98,0,98,242
06/01/2013,EWB,MA,ANE,EN,Federal Contract Tower,0,1,4,0,5,0,13,56,0,69,0,14,60,0,74,14,2,16,90
06/02/2013,EWB,MA,ANE,EN,Federal Contract Tower,0,14,20,0,34,0,16,56,0,72,0,30,76,0,106,18,0,18,124
06/03/2013,EWB,MA,ANE,EN,Federal Contract Tower,0,16,12,0,28,0,0,0,0,0,0,16,12,0,28,0,0,0,28
06/04/2013,EWB,MA,ANE,EN,Federal Contract Tower,0,1,24,2,27,0,19,121,11,151,0,20,145,13,178,198,0,198,376
06/05/2013,EWB,MA,ANE,EN,Federal Contract Tower,0,0,5,0,5,0,18,106,0,124,0,18,111,0,129,148,4,152,281
06/06/2013,EWB,MA,ANE,EN,Federal Contract Tower,0,7,19,0,26,0,24,90,0,114,0,31,109,0,140,164,0,164,304
06/07/2013,EWB,MA,ANE,EN,Federal Contract Tower,0,27,4,0,31,0,0,0,0,0,0,27,4,0,31,0,0,0,31
06/08/2013,EWB,MA,ANE,EN,Federal Contract Tower,0,4,12,0,16,0,3,30,0,33,0,7,42,0,49,12,0,12,61
06/09/2013,EWB,MA,ANE,EN,Federal Contract Tower,0,3,12,0,15,0,15,85,0,100,0,18,97,0,115,62,0,62,177
06/10/2013,EWB,MA,ANE,EN,Federal Contract Tower,0,2,7,0,9,0,24,89,0,113,0,26,96,0,122,128,0,128,250
06/11/2013,EWB,MA,ANE,EN,Federal Contract Tower,0,18,12,2,32,0,6,8,0,14,0,24,20,2,46,2,2,4,50
06/12/2013,EWB,MA,ANE,EN,Federal Contract Tower,0,4,25,0,29,0,22,65,1,88,0,26,90,1,117,102,2,104,221
06/13/2013,EWB,MA,ANE,EN,Federal Contract Tower,0,3,12,0,15,0,25,34,0,59,0,28,46,0,74,26,0,26,100
06/14/2013,EWB,MA,ANE,EN,Federal Contract Tower,0,15,5,0,20,0,27,33,3,63,0,42,38,3,83,26,22,48,131
06/15/2013,EWB,MA,ANE,EN,Federal Contract Tower,0,3,14,0,17,0,23,94,0,117,0,26,108,0,134,32,4,36,170
06/16/2013,EWB,MA,ANE,EN,Federal Contract Tower,0,4,2,0,6,0,37,54,0,91,0,41,56,0,97,68,0,68,165
06/17/2013,EWB,MA,ANE,EN,Federal Contract Tower,0,2,3,0,5,0,18,61,0,79,0,20,64,0,84,72,0,72,156
06/18/2013,EWB,MA,ANE,EN,Federal Contract Tower,0,9,4,0,13,0,11,67,0,78,0,20,71,0,91,68,0,68,159
06/19/2013,EWB,MA,ANE,EN,Federal Contract Tower,0,1,16,2,19,0,21,94,2,117,0,22,110,4,136,100,8,108,244
06/20/2013,EWB,MA,ANE,EN,Federal Contract Tower,0,7,8,0,15,0,22,103,0,125,0,29,111,0,140,96,0,96,236
06/21/2013,EWB,MA,ANE,EN,Federal Contract Tower,0,6,10,0,16,0,32,88,2,122,0,38,98,2,138,58,2,60,198
06/22/2013,EWB,MA,ANE,EN,Federal Contract Tower,0,8,11,0,19,0,6,52,4,62,0,14,63,4,81,26,0,26,107
06/23/2013,EWB,MA,ANE,EN,Federal Contract Tower,0,5,9,0,14,0,27,49,2,78,0,32,58,2,92,22,8,30,122
06/24/2013,EWB,MA,ANE,EN,Federal Contract Tower,0,10,2,0,12,0,11,86,0,97,0,21,88,0,109,40,0,40,149
06/25/2013,EWB,MA,ANE,EN,Federal Contract Tower,0,0,6,0,6,0,23,103,0,126,0,23,109,0,132,62,0,62,194
06/26/2013,EWB,MA,ANE,EN,Federal Contract Tower,0,3,4,0,7,0,23,77,0,100,0,26,81,0,107,138,6,144,251
06/27/2013,EWB,MA,ANE,EN,Federal Contract Tower,0,18,7,0,25,0,0,0,0,0,0,18,7,0,25,6,0,6,31
06/28/2013,EWB,MA,ANE,EN,Federal Contract Tower,0,13,2,0,15,0,0,0,0,0,0,13,2,0,15,0,0,0,15
06/29/2013,EWB,MA,ANE,EN,Federal Contract Tower,0,6,8,0,14,0,11,51,1,63,0,17,59,1,77,29,1,30,107
06/30/2013,EWB,MA,ANE,EN,Federal Contract Tower,0,25,5,0,30,0,0,0,0,0,0,25,5,0,30,0,0,0,30
07/01/2013,EWB,MA,ANE,EN,Federal Contract Tower,0,20,2,0,22,0,0,0,0,0,0,20,2,0,22,0,0,0,22
07/02/2013,EWB,MA,ANE,EN,Federal Contract Tower,0,31,24,0,55,0,0,0,0,0,0,31,24,0,55,0,0,0,55
07/03/2013,EWB,MA,ANE,EN,Federal Contract Tower,0,16,20,0,36,0,23,83,0,106,0,39,103,0,142,100,2,102,244
07/04/2013,EWB,MA,ANE,EN,Federal Contract Tower,0,13,2,0,15,0,21,24,2,47,0,34,26,2,62,20,0,20,82
07/05/2013,EWB,MA,ANE,EN,Federal Contract Tower,0,3,7,0,10,0,25,77,0,102,0,28,84,0,112,90,0,90,202
07/06/2013,EWB,MA,ANE,EN,Federal Contract Tower,0,2,5,0,7,0,33,69,0,102,0,35,74,0,109,40,0,40,149
07/07/2013,EWB,MA,ANE,EN,Federal Contract Tower,0,0,8,0,8,0,28,74,0,102,0,28,82,0,110,36,0,36,146
07/08/2013,EWB,MA,ANE,EN,Federal Contract Tower,0,4,8,0,12,0,39,82,0,121,0,43,90,0,133,86,0,86,219
07/09/2013,EWB,MA,ANE,EN,Federal Contract Tower,0,25,7,0,32,0,10,7,0,17,0,35,14,0,49,14,0,14,63
07/10/2013,EWB,MA,ANE,EN,Federal Contract Tower,0,27,18,0,45,0,1,4,0,5,0,28,22,0,50,0,0,0,50
07/11/2013,EWB,MA,ANE,EN,Federal Contract Tower,0,32,18,0,50,0,5,5,0,10,0,37,23,0,60,8,0,8,68
07/12/2013,EWB,MA,ANE,EN,Federal Contract Tower,0,35,27,0,62,0,22,56,0,78,0,57,83,0,140,84,0,84,224
07/13/2013,EWB,MA,ANE,EN,Federal Contract Tower,0,27,9,0,36,0,0,0,0,0,0,27,9,0,36,2,0,2,38
07/14/2013,EWB,MA,ANE,EN,Federal Contract Tower,0,12,12,0,24,0,34,66,0,100,0,46,78,0,124,120,0,120,244
07/15/2013,EWB,MA,ANE,EN,Federal Contract Tower,0,3,16,0,19,0,36,103,0,139,0,39,119,0,158,114,8,122,280
07/16/2013,EWB,MA,ANE,EN,Federal Contract Tower,0,2,6,0,8,0,31,91,0,122,0,33,97,0,130,112,2,114,244
07/17/2013,EWB,MA,ANE,EN,Federal Contract Tower,0,6,0,0,6,0,25,110,0,135,0,31,110,0,141,112,6,118,259
07/18/2013,EWB,MA,ANE,EN,Federal Contract Tower,0,2,9,2,13,0,40,96,0,136,0,42,105,2,149,76,2,78,227
07/19/2013,EWB,MA,ANE,EN,Federal Contract Tower,0,7,9,0,16,0,44,65,0,109,0,51,74,0,125,110,0,110,235
07/20/2013,EWB,MA,ANE,EN,Federal Contract Tower,0,14,2,0,16,0,37,53,0,90,0,51,55,0,106,34,0,34,140
07/21/2013,EWB,MA,ANE,EN,Federal Contract Tower,0,10,1,0,11,0,26,65,0,91,0,36,66,0,102,34,0,34,136
07/22/2013,EWB,MA,ANE,EN,Federal Contract Tower,0,15,4,0,19,0,34,57,6,97,0,49,61,6,116,90,10,100,216
07/23/2013,EWB,MA,ANE,EN,Federal Contract Tower,0,19,10,0,29,0,10,22,0,32,0,29,32,0,61,2,0,2,63
07/24/2013,EWB,MA,ANE,EN,Federal Contract Tower,0,6,12,0,18,0,24,78,2,104,0,30,90,2,122,120,0,120,242
07/25/2013,EWB,MA,ANE,EN,Federal Contract Tower,0,20,8,0,28,0,9,23,0,32,0,29,31,0,60,20,0,20,80
07/26/2013,EWB,MA,ANE,EN,Federal Contract Tower,0,35,17,0,52,0,2,3,0,5,0,37,20,0,57,0,0,0,57
07/27/2013,EWB,MA,ANE,EN,Federal Contract Tower,0,5,12,0,17,0,33,101,0,134,0,38,113,0,151,88,0,88,239
07/28/2013,EWB,MA,ANE,EN,Federal Contract Tower,0,16,20,0,36,0,22,34,0,56,0,38,54,0,92,18,0,18,110
07/29/2013,EWB,MA,ANE,EN,Federal Contract Tower,0,16,16,0,32,0,18,37,0,55,0,34,53,0,87,16,0,16,103
07/30/2013,EWB,MA,ANE,EN,Federal Contract Tower,0,1,3,0,4,0,32,127,0,159,0,33,130,0,163,162,0,162,325
07/31/2013,EWB,MA,ANE,EN,Federal Contract Tower,0,1,12,0,13,0,27,78,0,105,0,28,90,0,118,62,0,62,180
08/01/2013,EWB,MA,ANE,EN,Federal Contract Tower,0,6,9,0,15,0,32,82,4,118,0,38,91,4,133,72,0,72,205
08/02/2013,EWB,MA,ANE,EN,Federal Contract Tower,0,13,9,0,22,0,27,54,0,81,0,40,63,0,103,56,0,56,159
08/03/2013,EWB,MA,ANE,EN,Federal Contract Tower,0,2,2,0,4,0,32,75,1,108,0,34,77,1,112,34,2,36,148
08/04/2013,EWB,MA,ANE,EN,Federal Contract Tower,0,5,3,0,8,0,38,74,0,112,0,43,77,0,120,52,0,52,172
08/05/2013,EWB,MA,ANE,EN,Federal Contract Tower,0,5,8,0,13,0,31,88,0,119,0,36,96,0,132,78,0,78,210
08/06/2013,EWB,MA,ANE,EN,Federal Contract Tower,0,2,10,4,16,0,31,120,0,151,0,33,130,4,167,126,4,130,297
08/07/2013,EWB,MA,ANE,EN,Federal Contract Tower,0,7,7,0,14,0,37,109,0,146,0,44,116,0,160,50,0,50,210
08/08/2013,EWB,MA,ANE,EN,Federal Contract Tower,0,4,13,0,17,0,32,35,0,67,0,36,48,0,84,40,0,40,124
08/09/2013,EWB,MA,ANE,EN,Federal Contract Tower,0,23,17,0,40,0,3,3,0,6,0,26,20,0,46,8,2,10,56
08/10/2013,EWB,MA,ANE,EN,Federal Contract Tower,0,19,8,0,27,0,24,43,0,67,0,43,51,0,94,24,0,24,118
08/11/2013,EWB,MA,ANE,EN,Federal Contract Tower,0,20,14,0,34,0,24,39,0,63,0,44,53,0,97,2,2,4,101
08/12/2013,EWB,MA,ANE,EN,Federal Contract Tower,0,25,11,0,36,0,10,46,0,56,0,35,57,0,92,0,0,0,92
08/13/2013,EWB,MA,ANE,EN,Federal Contract Tower,0,24,12,0,36,0,3,4,0,7,0,27,16,0,43,0,0,0,43
08/14/2013,EWB,MA,ANE,EN,Federal Contract Tower,0,19,15,0,34,0,14,55,0,69,0,33,70,0,103,0,2,2,105
08/15/2013,EWB,MA,ANE,EN,Federal Contract Tower,0,15,23,0,38,0,23,67,0,90,0,38,90,0,128,0,0,0,128
08/16/2013,EWB,MA,ANE,EN,Federal Contract Tower,0,21,10,0,31,0,33,47,0,80,0,54,57,0,111,2,0,2,113
08/17/2013,EWB,MA,ANE,EN,Federal Contract Tower,0,18,6,0,24,0,13,38,0,51,0,31,44,0,75,6,0,6,81
08/18/2013,EWB,MA,ANE,EN,Federal Contract Tower,0,22,7,0,29,0,14,28,0,42,0,36,35,0,71,0,0,0,71
08/19/2013,EWB,MA,ANE,EN,Federal Contract Tower,0,4,12,0,16,0,29,70,0,99,0,33,82,0,115,102,2,104,219
08/20/2013,EWB,MA,ANE,EN,Federal Contract Tower,0,4,8,0,12,0,25,101,0,126,0,29,109,0,138,166,2,168,306
08/21/2013,EWB,MA,ANE,EN,Federal Contract Tower,0,11,12,0,23,0,29,113,4,146,0,40,125,4,169,120,2,122,291
08/22/2013,EWB,MA,ANE,EN,Federal Contract Tower,0,13,6,0,19,0,13,40,0,53,0,26,46,0,72,52,0,52,124
08/23/2013,EWB,MA,ANE,EN,Federal Contract Tower,0,5,18,0,23,0,38,91,2,131,0,43,109,2,154,132,0,132,286
08/24/2013,EWB,MA,ANE,EN,Federal Contract Tower,0,4,0,0,4,0,39,73,0,112,0,43,73,0,116,40,0,40,156
08/25/2013,EWB,MA,ANE,EN,Federal Contract Tower,0,0,4,0,4,0,32,65,0,97,0,32,69,0,101,30,10,40,141
08/26/2013,EWB,MA,ANE,EN,Federal Contract Tower,0,1,17,0,18,0,34,73,0,107,0,35,90,0,125,112,0,112,237
08/27/2013,EWB,MA,ANE,EN,Federal Contract Tower,0,27,33,0,60,0,22,28,0,50,0,49,61,0,110,30,0,30,140
08/28/2013,EWB,MA,ANE,EN,Federal Contract Tower,0,16,8,0,24,0,13,35,0,48,0,29,43,0,72,74,2,76,148
08/29/2013,EWB,MA,ANE,EN,Federal Contract Tower,0,44,13,0,57,0,3,4,0,7,0,47,17,0,64,22,0,22,86
08/30/2013,EWB,MA,ANE,EN,Federal Contract Tower,0,24,16,0,40,0,20,39,7,66,0,44,55,7,106,20,12,32,138
08/31/2013,EWB,MA,ANE,EN,Federal Contract Tower,0,22,5,0,27,0,3,3,0,6,0,25,8,0,33,0,0,0,33
09/01/2013,EWB,MA,ANE,EN,Federal Contract Tower,0,22,0,0,22,0,0,0,0,0,0,22,0,0,22,0,0,0,22
09/02/2013,EWB,MA,ANE,EN,Federal Contract Tower,0,37,8,0,45,0,0,0,0,0,0,37,8,0,45,0,0,0,45
09/03/2013,EWB,MA,ANE,EN,Federal Contract Tower,0,21,16,0,37,0,17,12,0,29,0,38,28,0,66,4,0,4,70
09/04/2013,EWB,MA,ANE,EN,Federal Contract Tower,0,3,11,0,14,0,35,105,0,140,0,38,116,0,154,56,0,56,210
09/05/2013,EWB,MA,ANE,EN,Federal Contract Tower,0,13,9,0,22,0,21,45,2,68,0,34,54,2,90,42,0,42,132
09/06/2013,EWB,MA,ANE,EN,Federal Contract Tower,0,6,13,0,19,0,37,133,0,170,0,43,146,0,189,108,2,110,299
09/07/2013,EWB,MA,ANE,EN,Federal Contract Tower,0,2,9,0,11,0,18,114,0,132,0,20,123,0,143,42,0,42,185
09/08/2013,EWB,MA,ANE,EN,Federal Contract Tower,0,5,8,0,13,0,24,34,0,58,0,29,42,0,71,6,0,6,77
09/09/2013,EWB,MA,ANE,EN,Federal Contract Tower,0,0,7,0,7,0,19,85,0,104,0,19,92,0,111,52,0,52,163
09/10/2013,EWB,MA,ANE,EN,Federal Contract Tower,0,6,9,0,15,0,15,38,0,53,0,21,47,0,68,96,0,96,164
09/11/2013,EWB,MA,ANE,EN,Federal Contract Tower,0,5,15,0,20,0,12,55,2,69,0,17,70,2,89,48,0,48,137
09/12/2013,EWB,MA,ANE,EN,Federal Contract Tower,0,27,14,0,41,0,1,10,0,11,0,28,24,0,52,4,0,4,56
09/13/2013,EWB,MA,ANE,EN,Federal Contract Tower,0,11,16,0,27,0,16,44,0,60,0,27,60,0,87,24,0,24,111
09/14/2013,EWB,MA,ANE,EN,Federal Contract Tower,0,3,10,0,13,0,19,72,4,95,0,22,82,4,108,24,0,24,132
09/15/2013,EWB,MA,ANE,EN,Federal Contract Tower,0,2,14,0,16,0,14,65,0,79,0,16,79,0,95,26,0,26,121
09/16/2013,EWB,MA,ANE,EN,Federal Contract Tower,0,0,0,0,0,0,18,87,0,105,0,18,87,0,105,94,0,94,199
09/17/2013,EWB,MA,ANE,EN,Federal Contract Tower,0,2,4,0,6,0,14,85,0,99,0,16,89,0,105,84,0,84,189
09/18/2013,EWB,MA,ANE,EN,Federal Contract Tower,0,5,3,0,8,0,14,130,0,144,0,19,133,0,152,76,0,76,228
09/19/2013,EWB,MA,ANE,EN,Federal Contract Tower,0,2,2,4,8,0,20,105,2,127,0,22,107,6,135,46,2,48,183
09/20/2013,EWB,MA,ANE,EN,Federal Contract Tower,0,7,10,0,17,0,26,124,0,150,0,33,134,0,167,146,0,146,313
09/21/2013,EWB,MA,ANE,EN,Federal Contract Tower,0,3,8,0,11,0,12,44,0,56,0,15,52,0,67,48,0,48,115
09/22/2013,EWB,MA,ANE,EN,Federal Contract Tower,0,13,9,0,22,0,10,22,0,32,0,23,31,0,54,8,0,8,62
09/23/2013,EWB,MA,ANE,EN,Federal Contract Tower,0,5,6,0,11,0,21,74,2,97,0,26,80,2,108,86,0,86,194
09/24/2013,EWB,MA,ANE,EN,Federal Contract Tower,0,2,3,0,5,0,19,102,4,125,0,21,105,4,130,102,0,102,232
09/25/2013,EWB,MA,ANE,EN,Federal Contract Tower,0,0,10,0,10,0,18,105,0,123,0,18,115,0,133,104,0,104,237
09/26/2013,EWB,MA,ANE,EN,Federal Contract Tower,0,7,11,0,18,0,32,107,0,139,0,39,118,0,157,36,0,36,193
09/27/2013,EWB,MA,ANE,EN,Federal Contract Tower,0,7,8,0,15,0,21,96,0,117,0,28,104,0,132,88,0,88,220
09/28/2013,EWB,MA,ANE,EN,Federal Contract Tower,0,4,3,0,7,0,15,88,0,103,0,19,91,0,110,48,0,48,158
09/29/2013,EWB,MA,ANE,EN,Federal Contract Tower,0,7,2,0,9,0,24,65,0,89,0,31,67,0,98,34,0,34,132
09/30/2013,EWB,MA,ANE,EN,Federal Contract Tower,0,7,9,0,16,0,24,92,0,116,0,31,101,0,132,92,0,92,224
10/01/2013,EWB,MA,ANE,EN,Federal Contract Tower,0,1,7,0,8,0,26,108,0,134,0,27,115,0,142,112,0,112,254
10/02/2013,EWB,MA,ANE,EN,Federal Contract Tower,0,0,10,0,10,0,17,80,0,97,0,17,90,0,107,96,0,96,203
10/03/2013,EWB,MA,ANE,EN,Federal Contract Tower,0,0,4,0,4,0,20,81,0,101,0,20,85,0,105,50,0,50,155
10/04/2013,EWB,MA,ANE,EN,Federal Contract Tower,0,10,18,0,28,0,22,50,0,72,0,32,68,0,100,70,0,70,170
10/05/2013,EWB,MA,ANE,EN,Federal Contract Tower,0,11,9,0,20,0,7,22,0,29,0,18,31,0,49,30,0,30,79
10/06/2013,EWB,MA,ANE,EN,Federal Contract Tower,0,14,14,0,28,0,11,23,0,34,0,25,37,0,62,26,0,26,88
10/07/2013,EWB,MA,ANE,EN,Federal Contract Tower,0,8,7,0,15,0,3,2,0,5,0,11,9,0,20,14,0,14,34
10/08/2013,EWB,MA,ANE,EN,Federal Contract Tower,0,0,6,0,6,0,15,86,0,101,0,15,92,0,107,82,0,82,189
10/09/2013,EWB,MA,ANE,EN,Federal Contract Tower,0,0,10,0,10,0,23,76,0,99,0,23,86,0,109,94,0,94,203
10/10/2013,EWB,MA,ANE,EN,Federal Contract Tower,0,6,14,0,20,0,22,46,3,71,0,28,60,3,91,80,2,82,173
10/11/2013,EWB,MA,ANE,EN,Federal Contract Tower,0,9,15,0,24,0,27,45,0,72,0,36,60,0,96,62,0,62,158
10/12/2013,EWB,MA,ANE,EN,Federal Contract Tower,0,10,4,0,14,0,12,26,0,38,0,22,30,0,52,24,0,24,76
10/13/2013,EWB,MA,ANE,EN,Federal Contract Tower,0,2,11,0,13,0,15,30,0,45,0,17,41,0,58,12,2,14,72
10/14/2013,EWB,MA,ANE,EN,Federal Contract Tower,0,5,8,0,13,0,30,53,0,83,0,35,61,0,96,40,4,44,140
10/15/2013,EWB,MA,ANE,EN,Federal Contract Tower,0,2,31,0,33,0,20,103,4,127,0,22,134,4,160,100,0,100,260
10/16/2013,EWB,MA,ANE,EN,Federal Contract Tower,0,14,14,0,28,0,5,17,0,22,0,19,31,0,50,28,0,28,78
10/17/2013,EWB,MA,ANE,EN,Federal Contract Tower,0,14,9,0,23,0,1,37,0,38,0,15,46,0,61,136,0,136,197
10/18/2013,EWB,MA,ANE,EN,Federal Contract Tower,0,5,15,0,20,0,24,75,0,99,0,29,90,0,119,86,0,86,205
10/19/2013,EWB,MA,ANE,EN,Federal Contract Tower,0,1,30,0,31,0,12,93,0,105,0,13,123,0,136,74,0,74,210
10/20/2013,EWB,MA,ANE,EN,Federal Contract Tower,0,1,18,0,19,0,11,40,0,51,0,12,58,0,70,14,0,14,84
10/21/2013,EWB,MA,ANE,EN,Federal Contract Tower,0,2,7,4,13,0,12,82,0,94,0,14,89,4,107,64,0,64,171
10/22/2013,EWB,MA,ANE,EN,Federal Contract Tower,0,3,12,0,15,0,19,104,0,123,0,22,116,0,138,100,2,102,240
10/23/2013,EWB,MA,ANE,EN,Federal Contract Tower,0,5,9,2,16,0,14,74,0,88,0,19,83,2,104,136,10,146,250
10/24/2013,EWB,MA,ANE,EN,Federal Contract Tower,0,7,2,0,9,0,19,81,4,104,0,26,83,4,113,76,6,82,195
10/25/2013,EWB,MA,ANE,EN,Federal Contract Tower,0,10,12,0,22,0,16,91,0,107,0,26,103,0,129,74,0,74,203
10/26/2013,EWB,MA,ANE,EN,Federal Contract Tower,0,4,7,0,11,0,7,26,0,33,0,11,33,0,44,12,2,14,58
10/27/2013,EWB,MA,ANE,EN,Federal Contract Tower,0,5,19,0,24,0,9,25,0,34,0,14,44,0,58,20,0,20,78
10/28/2013,EWB,MA,ANE,EN,Federal Contract Tower,0,3,14,2,19,0,15,71,0,86,0,18,85,2,105,90,0,90,195
10/29/2013,EWB,MA,ANE,EN,Federal Contract Tower,0,1,9,4,14,0,9,92,0,101,0,10,101,4,115,168,0,168,283
10/30/2013,EWB,MA,ANE,EN,Federal Contract Tower,0,4,9,0,13,0,14,59,0,73,0,18,68,0,86,110,2,112,198
10/31/2013,EWB,MA,ANE,EN,Federal Contract Tower,0,5,14,2,21,0,8,30,2,40,0,13,44,4,61,26,6,32,93
11/01/2013,EWB,MA,ANE,EN,Federal Contract Tower,0,5,0,0,5,0,3,4,0,7,0,8,4,0,12,10,0,10,22
11/02/2013,EWB,MA,ANE,EN,Federal Contract Tower,0,4,18,0,22,0,11,74,0,85,0,15,92,0,107,54,2,56,163
11/03/2013,EWB,MA,ANE,EN,Federal Contract Tower,0,2,4,0,6,0,4,10,0,14,0,6,14,0,20,0,0,0,20
11/04/2013,EWB,MA,ANE,EN,Federal Contract Tower,0,3,5,0,8,0,15,71,0,86,0,18,76,0,94,110,0,110,204
11/05/2013,EWB,MA,ANE,EN,Federal Contract Tower,0,1,17,0,18,0,9,107,2,118,0,10,124,2,136,200,0,200,336
11/06/2013,EWB,MA,ANE,EN,Federal Contract Tower,0,1,22,0,23,0,9,81,0,90,0,10,103,0,113,88,0,88,201
11/07/2013,EWB,MA,ANE,EN,Federal Contract Tower,0,10,23,0,33,0,1,0,0,1,0,11,23,0,34,4,0,4,38
11/08/2013,EWB,MA,ANE,EN,Federal Contract Tower,0,4,5,0,9,0,16,64,0,80,0,20,69,0,89,48,0,48,137
11/09/2013,EWB,MA,ANE,EN,Federal Contract Tower,0,0,16,0,16,0,6,110,0,116,0,6,126,0,132,60,0,60,192
11/10/2013,EWB,MA,ANE,EN,Federal Contract Tower,0,0,12,0,12,0,6,40,0,46,0,6,52,0,58,16,0,16,74
11/11/2013,EWB,MA,ANE,EN,Federal Contract Tower,0,1,1,0,2,0,10,35,0,45,0,11,36,0,47,32,0,32,79
11/12/2013,EWB,MA,ANE,EN,Federal Contract Tower,0,7,1,0,8,0,10,30,0,40,0,17,31,0,48,72,0,72,120
11/13/2013,EWB,MA,ANE,EN,Federal Contract Tower,0,3,16,0,19,0,12,113,0,125,0,15,129,0,144,132,4,136,280
11/14/2013,EWB,MA,ANE,EN,Federal Contract Tower,0,1,17,2,20,0,5,104,0,109,0,6,121,2,129,128,2,130,259
11/15/2013,EWB,MA,ANE,EN,Federal Contract Tower,0,1,10,0,11,0,12,74,0,86,0,13,84,0,97,154,0,154,251
11/16/2013,EWB,MA,ANE,EN,Federal Contract Tower,0,2,20,0,22,0,10,78,0,88,0,12,98,0,110,140,0,140,250
11/17/2013,EWB,MA,ANE,EN,Federal Contract Tower,0,4,11,0,15,0,2,19,0,21,0,6,30,0,36,8,0,8,44
11/18/2013,EWB,MA,ANE,EN,Federal Contract Tower,0,3,9,0,12,0,10,50,0,60,0,13,59,0,72,88,0,88,160
11/19/2013,EWB,MA,ANE,EN,Federal Contract Tower,0,0,5,0,5,0,11,79,0,90,0,11,84,0,95,152,0,152,247
11/20/2013,EWB,MA,ANE,EN,Federal Contract Tower,0,3,30,2,35,0,9,98,0,107,0,12,128,2,142,140,0,140,282
11/21/2013,EWB,MA,ANE,EN,Federal Contract Tower,0,10,14,0,24,0,11,108,0,119,0,21,122,0,143,168,0,168,311
11/22/2013,EWB,MA,ANE,EN,Federal Contract Tower,0,9,12,0,21,0,9,8,0,17,0,18,20,0,38,28,0,28,66
11/23/2013,EWB,MA,ANE,EN,Federal Contract Tower,0,1,11,0,12,0,6,32,0,38,0,7,43,0,50,22,0,22,72
11/24/2013,EWB,MA,ANE,EN,Federal Contract Tower,0,4,2,0,6,0,7,3,0,10,0,11,5,0,16,0,0,0,16
11/25/2013,EWB,MA,ANE,EN,Federal Contract Tower,0,3,3,0,6,0,10,56,0,66,0,13,59,0,72,80,0,80,152
11/26/2013,EWB,MA,ANE,EN,Federal Contract Tower,0,4,15,0,19,0,14,85,0,99,0,18,100,0,118,100,0,100,218
11/27/2013,EWB,MA,ANE,EN,Federal Contract Tower,0,5,0,0,5,0,0,0,0,0,0,5,0,0,5,0,0,0,5
11/28/2013,EWB,MA,ANE,EN,Federal Contract Tower,0,4,1,0,5,0,4,10,0,14,0,8,11,0,19,0,0,0,19
11/29/2013,EWB,MA,ANE,EN,Federal Contract Tower,0,4,4,0,8,0,7,48,0,55,0,11,52,0,63,18,0,18,81
11/30/2013,EWB,MA,ANE,EN,Federal Contract Tower,0,4,11,0,15,0,15,66,0,81,0,19,77,0,96,136,0,136,232
12/01/2013,EWB,MA,ANE,EN,Federal Contract Tower,0,10,5,0,15,0,5,18,0,23,0,15,23,0,38,26,0,26,64
12/02/2013,EWB,MA,ANE,EN,Federal Contract Tower,0,9,6,0,15,0,5,2,0,7,0,14,8,0,22,0,0,0,22
12/03/2013,EWB,MA,ANE,EN,Federal Contract Tower,0,3,30,0,33,0,3,39,0,42,0,6,69,0,75,60,0,60,135
12/04/2013,EWB,MA,ANE,EN,Federal Contract Tower,0,2,14,0,16,0,11,78,0,89,0,13,92,0,105,120,2,122,227
12/05/2013,EWB,MA,ANE,EN,Federal Contract Tower,0,6,15,0,21,0,6,15,0,21,0,12,30,0,42,18,0,18,60
12/06/2013,EWB,MA,ANE,EN,Federal Contract Tower,0,22,23,0,45,0,8,1,0,9,0,30,24,0,54,0,0,0,54
12/07/2013,EWB,MA,ANE,EN,Federal Contract Tower,0,4,18,0,22,0,4,57,0,61,0,8,75,0,83,42,0,42,125
12/08/2013,EWB,MA,ANE,EN,Federal Contract Tower,0,6,18,0,24,0,13,54,0,67,0,19,72,0,91,36,0,36,127
12/09/2013,EWB,MA,ANE,EN,Federal Contract Tower,0,10,0,0,10,0,0,0,0,0,0,10,0,0,10,0,0,0,10
12/10/2013,EWB,MA,ANE,EN,Federal Contract Tower,0,10,1,0,11,0,4,0,0,4,0,14,1,0,15,0,0,0,15
12/11/2013,EWB,MA,ANE,EN,Federal Contract Tower,0,0,14,0,14,0,16,88,0,104,0,16,102,0,118,102,2,104,222
12/12/2013,EWB,MA,ANE,EN,Federal Contract Tower,0,4,2,0,6,0,13,71,0,84,0,17,73,0,90,140,2,142,232
12/13/2013,EWB,MA,ANE,EN,Federal Contract Tower,0,5,3,0,8,0,11,65,0,76,0,16,68,0,84,88,0,88,172
12/14/2013,EWB,MA,ANE,EN,Federal Contract Tower,0,6,3,0,9,0,6,5,0,11,0,12,8,0,20,6,0,6,26
12/15/2013,EWB,MA,ANE,EN,Federal Contract Tower,0,4,0,0,4,0,2,3,0,5,0,6,3,0,9,0,0,0,9
12/16/2013,EWB,MA,ANE,EN,Federal Contract Tower,0,0,3,0,3,0,9,32,0,41,0,9,35,0,44,54,0,54,98
12/17/2013,EWB,MA,ANE,EN,Federal Contract Tower,0,2,2,0,4,0,4,3,0,7,0,6,5,0,11,8,0,8,19
12/18/2013,EWB,MA,ANE,EN,Federal Contract Tower,0,2,8,0,10,0,5,55,0,60,0,7,63,0,70,76,0,76,146
12/19/2013,EWB,MA,ANE,EN,Federal Contract Tower,0,3,17,0,20,0,14,51,0,65,0,17,68,0,85,44,0,44,129
12/20/2013,EWB,MA,ANE,EN,Federal Contract Tower,0,10,7,0,17,0,11,60,0,71,0,21,67,0,88,116,0,116,204
12/21/2013,EWB,MA,ANE,EN,Federal Contract Tower,0,0,8,0,8,0,8,44,0,52,0,8,52,0,60,60,0,60,120
12/22/2013,EWB,MA,ANE,EN,Federal Contract Tower,0,4,1,0,5,0,0,0,0,0,0,4,1,0,5,0,0,0,5
12/23/2013,EWB,MA,ANE,EN,Federal Contract Tower,0,8,3,0,11,0,0,0,0,0,0,8,3,0,11,0,0,0,11
12/24/2013,EWB,MA,ANE,EN,Federal Contract Tower,0,1,11,0,12,0,10,23,0,33,0,11,34,0,45,22,0,22,67
12/25/2013,EWB,MA,ANE,EN,Federal Contract Tower,0,0,1,0,1,0,4,2,0,6,0,4,3,0,7,2,0,2,9
12/26/2013,EWB,MA,ANE,EN,Federal Contract Tower,0,0,5,0,5,0,5,8,0,13,0,5,13,0,18,0,0,0,18
12/27/2013,EWB,MA,ANE,EN,Federal Contract Tower,0,2,10,0,12,0,10,73,0,83,0,12,83,0,95,104,10,114,209
12/28/2013,EWB,MA,ANE,EN,Federal Contract Tower,0,4,4,0,8,0,11,43,0,54,0,15,47,0,62,54,0,54,116
12/29/2013,EWB,MA,ANE,EN,Federal Contract Tower,0,3,0,0,3,0,3,16,0,19,0,6,16,0,22,4,0,4,26
12/30/2013,EWB,MA,ANE,EN,Federal Contract Tower,0,2,10,0,12,0,13,47,0,60,0,15,57,0,72,130,0,130,202
12/31/2013,EWB,MA,ANE,EN,Federal Contract Tower,0,0,16,0,16,0,11,72,0,83,0,11,88,0,99,134,0,134,233
01/01/2014,EWB,MA,ANE,EN,Federal Contract Tower,0,0,12,0,12,0,8,29,0,37,0,8,41,0,49,16,0,16,65
01/02/2014,EWB,MA,ANE,EN,Federal Contract Tower,0,2,0,0,2,0,1,0,0,1,0,3,0,0,3,0,0,0,3
01/03/2014,EWB,MA,ANE,EN,Federal Contract Tower,0,0,0,0,0,0,0,0,0,0,0,0,0,0,0,0,0,0,0
01/04/2014,EWB,MA,ANE,EN,Federal Contract Tower,0,0,7,0,7,0,10,32,0,42,0,10,39,0,49,20,0,20,69
01/05/2014,EWB,MA,ANE,EN,Federal Contract Tower,0,2,0,0,2,0,8,25,0,33,0,10,25,0,35,20,0,20,55
01/06/2014,EWB,MA,ANE,EN,Federal Contract Tower,0,6,0,0,6,0,4,0,0,4,0,10,0,0,10,0,0,0,10
01/07/2014,EWB,MA,ANE,EN,Federal Contract Tower,0,3,2,0,5,0,11,22,0,33,0,14,24,0,38,20,2,22,60
01/08/2014,EWB,MA,ANE,EN,Federal Contract Tower,0,2,7,0,9,0,13,74,0,87,0,15,81,0,96,104,0,104,200
01/09/2014,EWB,MA,ANE,EN,Federal Contract Tower,0,2,12,0,14,0,13,70,0,83,0,15,82,0,97,122,0,122,219
01/10/2014,EWB,MA,ANE,EN,Federal Contract Tower,0,10,6,0,16,0,0,2,0,2,0,10,8,0,18,0,0,0,18
01/11/2014,EWB,MA,ANE,EN,Federal Contract Tower,0,4,2,0,6,0,0,0,0,0,0,4,2,0,6,0,0,0,6
01/12/2014,EWB,MA,ANE,EN,Federal Contract Tower,0,1,7,0,8,0,6,34,0,40,0,7,41,0,48,16,0,16,64
01/13/2014,EWB,MA,ANE,EN,Federal Contract Tower,0,0,19,0,19,0,16,104,0,120,0,16,123,0,139,148,0,148,287
01/14/2014,EWB,MA,ANE,EN,Federal Contract Tower,0,5,6,0,11,0,3,10,0,13,0,8,16,0,24,28,0,28,52
01/15/2014,EWB,MA,ANE,EN,Federal Contract Tower,0,3,20,0,23,0,7,105,0,112,0,10,125,0,135,136,2,138,273
01/16/2014,EWB,MA,ANE,EN,Federal Contract Tower,0,8,5,0,13,0,0,0,0,0,0,8,5,0,13,0,0,0,13
01/17/2014,EWB,MA,ANE,EN,Federal Contract Tower,0,5,22,0,27,0,7,76,0,83,0,12,98,0,110,68,2,70,180
01/18/2014,EWB,MA,ANE,EN,Federal Contract Tower,0,8,0,0,8,0,0,0,0,0,0,8,0,0,8,0,0,0,8
01/19/2014,EWB,MA,ANE,EN,Federal Contract Tower,0,0,2,0,2,0,4,7,0,11,0,4,9,0,13,10,0,10,23
01/20/2014,EWB,MA,ANE,EN,Federal Contract Tower,0,1,8,0,9,0,14,48,0,62,0,15,56,0,71,58,0,58,129
01/21/2014,EWB,MA,ANE,EN,Federal Contract Tower,0,1,1,0,2,0,6,24,0,30,0,7,25,0,32,54,0,54,86
01/22/2014,EWB,MA,ANE,EN,Federal Contract Tower,0,0,0,0,0,0,0,0,0,0,0,0,0,0,0,0,0,0,0
01/23/2014,EWB,MA,ANE,EN,Federal Contract Tower,0,0,15,0,15,0,10,39,2,51,0,10,54,2,66,64,0,64,130
01/24/2014,EWB,MA,ANE,EN,Federal Contract Tower,0,2,6,0,8,0,12,55,2,69,0,14,61,2,77,84,0,84,161
01/25/2014,EWB,MA,ANE,EN,Federal Contract Tower,0,0,1,0,1,0,5,9,0,14,0,5,10,0,15,4,0,4,19
01/26/2014,EWB,MA,ANE,EN,Federal Contract Tower,0,0,11,0,11,0,7,40,2,49,0,7,51,2,60,56,2,58,118
01/27/2014,EWB,MA,ANE,EN,Federal Contract Tower,0,0,6,0,6,0,10,16,2,28,0,10,22,2,34,18,2,20,54
01/28/2014,EWB,MA,ANE,EN,Federal Contract Tower,0,0,7,0,7,0,11,83,0,94,0,11,90,0,101,136,0,136,237
01/29/2014,EWB,MA,ANE,EN,Federal Contract Tower,0,4,0,0,4,0,5,28,0,33,0,9,28,0,37,42,0,42,79
01/30/2014,EWB,MA,ANE,EN,Federal Contract Tower,0,5,14,4,23,0,9,87,0,96,0,14,101,4,119,104,0,104,223
01/31/2014,EWB,MA,ANE,EN,Federal Contract Tower,0,2,9,4,15,0,10,79,0,89,0,12,88,4,104,80,4,84,188
02/01/2014,EWB,MA,ANE,EN,Federal Contract Tower,0,0,14,0,14,0,8,97,0,105,0,8,111,0,119,98,0,98,217
02/02/2014,EWB,MA,ANE,EN,Federal Contract Tower,0,1,6,0,7,0,2,33,0,35,0,3,39,0,42,54,0,54,96
02/03/2014,EWB,MA,ANE,EN,Federal Contract Tower,0,5,0,0,5,0,0,0,0,0,0,5,0,0,5,0,0,0,5
02/04/2014,EWB,MA,ANE,EN,Federal Contract Tower,0,0,13,0,13,0,10,76,0,86,0,10,89,0,99,160,4,164,263
02/05/2014,EWB,MA,ANE,EN,Federal Contract Tower,0,0,0,0,0,0,0,0,0,0,0,0,0,0,0,0,0,0,0
02/06/2014,EWB,MA,ANE,EN,Federal Contract Tower,0,10,2,0,12,0,5,31,0,36,0,15,33,0,48,112,0,112,160
02/07/2014,EWB,MA,ANE,EN,Federal Contract Tower,0,0,16,0,16,0,9,83,0,92,0,9,99,0,108,108,0,108,216
02/08/2014,EWB,MA,ANE,EN,Federal Contract Tower,0,0,3,0,3,0,7,91,0,98,0,7,94,0,101,118,0,118,219
02/09/2014,EWB,MA,ANE,EN,Federal Contract Tower,0,2,3,0,5,0,2,29,0,31,0,4,32,0,36,62,0,62,98
02/10/2014,EWB,MA,ANE,EN,Federal Contract Tower,0,0,5,0,5,0,9,68,0,77,0,9,73,0,82,94,0,94,176
02/11/2014,EWB,MA,ANE,EN,Federal Contract Tower,0,0,17,0,17,0,8,64,0,72,0,8,81,0,89,58,0,58,147
02/12/2014,EWB,MA,ANE,EN,Federal Contract Tower,0,0,12,2,14,0,16,76,0,92,0,16,88,2,106,104,4,108,214
02/13/2014,EWB,MA,ANE,EN,Federal Contract Tower,0,2,0,0,2,0,2,0,0,2,0,4,0,0,4,0,0,0,4
02/14/2014,EWB,MA,ANE,EN,Federal Contract Tower,0,2,1,0,3,0,6,12,0,18,0,8,13,0,21,32,0,32,53
02/15/2014,EWB,MA,ANE,EN,Federal Contract Tower,0,1,2,0,3,0,3,25,0,28,0,4,27,0,31,20,0,20,51
02/16/2014,EWB,MA,ANE,EN,Federal Contract Tower,0,0,2,0,2,0,6,8,0,14,0,6,10,0,16,8,0,8,24
02/17/2014,EWB,MA,ANE,EN,Federal Contract Tower,0,0,0,4,4,0,8,22,0,30,0,8,22,4,34,12,6,18,52
02/18/2014,EWB,MA,ANE,EN,Federal Contract Tower,0,2,1,0,3,0,4,2,0,6,0,6,3,0,9,0,0,0,9
02/19/2014,EWB,MA,ANE,EN,Federal Contract Tower,0,3,5,0,8,0,6,32,0,38,0,9,37,0,46,74,2,76,122
02/20/2014,EWB,MA,ANE,EN,Federal Contract Tower,0,0,15,0,15,0,9,119,0,128,0,9,134,0,143,124,0,124,267
02/21/2014,EWB,MA,ANE,EN,Federal Contract Tower,0,0,0,0,0,0,0,0,0,0,0,0,0,0,0,0,0,0,0
02/22/2014,EWB,MA,ANE,EN,Federal Contract Tower,0,2,9,0,11,0,9,101,0,110,0,11,110,0,121,116,2,118,239
02/23/2014,EWB,MA,ANE,EN,Federal Contract Tower,0,0,14,0,14,0,6,89,0,95,0,6,103,0,109,96,0,96,205
02/24/2014,EWB,MA,ANE,EN,Federal Contract Tower,0,5,12,2,19,0,15,53,0,68,0,20,65,2,87,52,0,52,139
02/25/2014,EWB,MA,ANE,EN,Federal Contract Tower,0,0,16,0,16,0,8,61,0,69,0,8,77,0,85,50,2,52,137
02/26/2014,EWB,MA,ANE,EN,Federal Contract Tower,0,1,7,0,8,0,5,45,0,50,0,6,52,0,58,72,0,72,130
02/27/2014,EWB,MA,ANE,EN,Federal Contract Tower,0,2,8,1,11,0,12,38,1,51,0,14,46,2,62,42,0,42,104
02/28/2014,EWB,MA,ANE,EN,Federal Contract Tower,0,0,8,0,8,0,7,75,0,82,0,7,83,0,90,108,4,112,202
03/01/2014,EWB,MA,ANE,EN,Federal Contract Tower,0,4,16,0,20,0,6,93,0,99,0,10,109,0,119,140,0,140,259
03/02/2014,EWB,MA,ANE,EN,Federal Contract Tower,0,3,6,0,9,0,4,28,0,32,0,7,34,0,41,26,0,26,67
03/03/2014,EWB,MA,ANE,EN,Federal Contract Tower,0,2,5,0,7,0,3,53,0,56,0,5,58,0,63,82,0,82,145
03/04/2014,EWB,MA,ANE,EN,Federal Contract Tower,0,2,20,0,22,0,10,89,4,103,0,12,109,4,125,126,4,130,255
03/05/2014,EWB,MA,ANE,EN,Federal Contract Tower,0,1,12,0,13,0,6,43,0,49,0,7,55,0,62,84,10,94,156
03/06/2014,EWB,MA,ANE,EN,Federal Contract Tower,0,8,20,2,30,0,9,66,0,75,0,17,86,2,105,80,0,80,185
03/07/2014,EWB,MA,ANE,EN,Federal Contract Tower,0,1,8,2,11,0,9,93,0,102,0,10,101,2,113,90,0,90,203
03/08/2014,EWB,MA,ANE,EN,Federal Contract Tower,0,1,24,0,25,0,23,86,0,109,0,24,110,0,134,116,0,116,250
03/09/2014,EWB,MA,ANE,EN,Federal Contract Tower,0,0,16,0,16,0,3,59,0,62,0,3,75,0,78,58,2,60,138
03/10/2014,EWB,MA,ANE,EN,Federal Contract Tower,0,3,8,0,11,0,4,31,0,35,0,7,39,0,46,94,0,94,140
03/11/2014,EWB,MA,ANE,EN,Federal Contract Tower,0,3,11,0,14,0,8,79,0,87,0,11,90,0,101,16,0,16,117
03/12/2014,EWB,MA,ANE,EN,Federal Contract Tower,0,2,3,0,5,0,6,26,0,32,0,8,29,0,37,42,4,46,83
03/13/2014,EWB,MA,ANE,EN,Federal Contract Tower,0,1,1,0,2,0,3,1,2,6,0,4,2,2,8,0,0,0,8
03/14/2014,EWB,MA,ANE,EN,Federal Contract Tower,0,0,11,0,11,0,8,89,0,97,0,8,100,0,108,100,2,102,210
03/15/2014,EWB,MA,ANE,EN,Federal Contract Tower,0,2,6,0,8,0,8,55,0,63,0,10,61,0,71,48,0,48,119
03/16/2014,EWB,MA,ANE,EN,Federal Contract Tower,0,3,9,0,12,0,6,54,2,62,0,9,63,2,74,24,0,24,98
03/17/2014,EWB,MA,ANE,EN,Federal Contract Tower,0,0,1,0,1,0,8,55,0,63,0,8,56,0,64,98,0,98,162
03/18/2014,EWB,MA,ANE,EN,Federal Contract Tower,0,2,14,0,16,0,9,84,0,93,0,11,98,0,109,126,2,128,237
03/19/2014,EWB,MA,ANE,EN,Federal Contract Tower,0,2,13,0,15,0,7,67,0,74,0,9,80,0,89,120,0,120,209
03/20/2014,EWB,MA,ANE,EN,Federal Contract Tower,0,6,13,0,19,0,4,37,0,41,0,10,50,0,60,96,0,96,156
03/21/2014,EWB,MA,ANE,EN,Federal Contract Tower,0,0,12,0,12,0,18,49,0,67,0,18,61,0,79,26,6,32,111
03/22/2014,EWB,MA,ANE,EN,Federal Contract Tower,0,4,20,0,24,0,9,46,0,55,0,13,66,0,79,42,0,42,121
03/23/2014,EWB,MA,ANE,EN,Federal Contract Tower,0,1,24,0,25,0,13,62,0,75,0,14,86,0,100,70,0,70,170
03/24/2014,EWB,MA,ANE,EN,Federal Contract Tower,0,0,23,0,23,0,9,64,0,73,0,9,87,0,96,70,0,70,166
03/25/2014,EWB,MA,ANE,EN,Federal Contract Tower,0,0,19,0,19,0,10,59,0,69,0,10,78,0,88,128,0,128,216
03/26/2014,EWB,MA,ANE,EN,Federal Contract Tower,0,0,0,0,0,0,0,0,0,0,0,0,0,0,0,0,0,0,0
03/27/2014,EWB,MA,ANE,EN,Federal Contract Tower,0,0,10,0,10,0,11,54,0,65,0,11,64,0,75,70,4,74,149
03/28/2014,EWB,MA,ANE,EN,Federal Contract Tower,0,0,4,0,4,0,9,32,2,43,0,9,36,2,47,30,0,30,77
03/29/2014,EWB,MA,ANE,EN,Federal Contract Tower,0,3,26,0,29,0,3,33,0,36,0,6,59,0,65,40,0,40,105
03/30/2014,EWB,MA,ANE,EN,Federal Contract Tower,0,7,8,0,15,0,0,0,0,0,0,7,8,0,15,0,0,0,15
03/31/2014,EWB,MA,ANE,EN,Federal Contract Tower,0,10,2,0,12,0,0,2,0,2,0,10,4,0,14,2,0,2,16
04/01/2014,EWB,MA,ANE,EN,Federal Contract Tower,0,3,15,0,18,0,9,77,0,86,0,12,92,0,104,134,0,134,238
04/02/2014,EWB,MA,ANE,EN,Federal Contract Tower,0,1,22,2,25,0,13,98,4,115,0,14,120,6,140,102,0,102,242
04/03/2014,EWB,MA,ANE,EN,Federal Contract Tower,0,10,37,0,47,0,13,89,2,104,0,23,126,2,151,136,0,136,287
04/04/2014,EWB,MA,ANE,EN,Federal Contract Tower,1,2,7,0,10,0,8,73,2,83,1,10,80,2,93,66,0,66,159
04/05/2014,EWB,MA,ANE,EN,Federal Contract Tower,0,7,20,0,27,0,4,15,0,19,0,11,35,0,46,10,0,10,56
04/06/2014,EWB,MA,ANE,EN,Federal Contract Tower,0,2,6,0,8,0,4,54,0,58,0,6,60,0,66,40,0,40,106
04/07/2014,EWB,MA,ANE,EN,Federal Contract Tower,0,1,6,0,7,0,7,56,0,63,0,8,62,0,70,74,0,74,144
04/08/2014,EWB,MA,ANE,EN,Federal Contract Tower,0,4,8,0,12,0,0,0,0,0,0,4,8,0,12,6,0,6,18
04/09/2014,EWB,MA,ANE,EN,Federal Contract Tower,0,5,20,0,25,0,8,60,0,68,0,13,80,0,93,52,0,52,145
04/10/2014,EWB,MA,ANE,EN,Federal Contract Tower,0,2,7,0,9,0,10,51,2,63,0,12,58,2,72,86,4,90,162
04/11/2014,EWB,MA,ANE,EN,Federal Contract Tower,0,2,6,0,8,0,11,58,6,75,0,13,64,6,83,80,0,80,163
04/12/2014,EWB,MA,ANE,EN,Federal Contract Tower,0,5,28,0,33,0,7,92,0,99,0,12,120,0,132,38,0,38,170
04/13/2014,EWB,MA,ANE,EN,Federal Contract Tower,0,1,4,0,5,0,8,80,0,88,0,9,84,0,93,54,4,58,151
04/14/2014,EWB,MA,ANE,EN,Federal Contract Tower,0,4,5,0,9,0,4,13,0,17,0,8,18,0,26,0,0,0,26
04/15/2014,EWB,MA,ANE,EN,Federal Contract Tower,0,5,0,0,5,0,4,0,0,4,0,9,0,0,9,0,0,0,9
04/16/2014,EWB,MA,ANE,EN,Federal Contract Tower,0,2,11,4,17,0,8,59,0,67,0,10,70,4,84,56,0,56,140
04/17/2014,EWB,MA,ANE,EN,Federal Contract Tower,0,1,26,0,27,0,8,66,0,74,0,9,92,0,101,64,0,64,165
04/18/2014,EWB,MA,ANE,EN,Federal Contract Tower,0,6,28,0,34,0,14,54,6,74,0,20,82,6,108,64,0,64,172
04/19/2014,EWB,MA,ANE,EN,Federal Contract Tower,0,2,19,0,21,0,13,85,0,98,0,15,104,0,119,164,0,164,283
04/20/2014,EWB,MA,ANE,EN,Federal Contract Tower,0,0,1,0,1,0,9,36,0,45,0,9,37,0,46,34,0,34,80
04/21/2014,EWB,MA,ANE,EN,Federal Contract Tower,0,4,13,0,17,0,11,54,0,65,0,15,67,0,82,10,0,10,92
04/22/2014,EWB,MA,ANE,EN,Federal Contract Tower,0,0,25,2,27,0,10,66,0,76,0,10,91,2,103,98,2,100,203
04/23/2014,EWB,MA,ANE,EN,Federal Contract Tower,0,6,15,0,21,0,6,8,0,14,0,12,23,0,35,20,0,20,55
04/24/2014,EWB,MA,ANE,EN,Federal Contract Tower,0,2,0,0,2,0,14,9,0,23,0,16,9,0,25,0,0,0,25
04/25/2014,EWB,MA,ANE,EN,Federal Contract Tower,0,2,18,0,20,0,23,100,0,123,0,25,118,0,143,84,0,84,227
04/26/2014,EWB,MA,ANE,EN,Federal Contract Tower,0,0,29,0,29,0,7,2,0,9,0,7,31,0,38,0,0,0,38
04/27/2014,EWB,MA,ANE,EN,Federal Contract Tower,0,14,5,0,19,0,1,14,0,15,0,15,19,0,34,0,0,0,34
04/28/2014,EWB,MA,ANE,EN,Federal Contract Tower,0,0,14,0,14,0,7,61,0,68,0,7,75,0,82,60,0,60,142
04/29/2014,EWB,MA,ANE,EN,Federal Contract Tower,0,2,10,0,12,11,21,1,0,33,11,23,11,0,45,14,6,20,65
04/30/2014,EWB,MA,ANE,EN,Federal Contract Tower,0,4,2,2,8,0,9,6,0,15,0,13,8,2,23,0,2,2,25
05/01/2014,EWB,MA,ANE,EN,Federal Contract Tower,0,12,1,0,13,0,0,0,0,0,0,12,1,0,13,0,0,0,13
05/02/2014,EWB,MA,ANE,EN,Federal Contract Tower,0,4,6,0,10,0,15,87,6,108,0,19,93,6,118,84,2,86,204
05/03/2014,EWB,MA,ANE,EN,Federal Contract Tower,0,1,15,0,16,0,4,74,0,78,0,5,89,0,94,56,0,56,150
05/04/2014,EWB,MA,ANE,EN,Federal Contract Tower,0,0,5,0,5,0,6,19,0,25,0,6,24,0,30,2,0,2,32
05/05/2014,EWB,MA,ANE,EN,Federal Contract Tower,0,0,10,0,10,0,8,49,0,57,0,8,59,0,67,28,0,28,95
05/06/2014,EWB,MA,ANE,EN,Federal Contract Tower,0,0,19,0,19,0,10,84,0,94,0,10,103,0,113,94,2,96,209
05/07/2014,EWB,MA,ANE,EN,Federal Contract Tower,0,0,7,0,7,0,7,56,2,65,0,7,63,2,72,114,0,114,186
05/08/2014,EWB,MA,ANE,EN,Federal Contract Tower,0,3,20,0,23,0,7,62,2,71,0,10,82,2,94,130,0,130,224
05/09/2014,EWB,MA,ANE,EN,Federal Contract Tower,0,9,10,0,19,0,11,42,4,57,0,20,52,4,76,98,0,98,174
05/10/2014,EWB,MA,ANE,EN,Federal Contract Tower,0,3,8,0,11,0,3,27,0,30,0,6,35,0,41,18,0,18,59
05/11/2014,EWB,MA,ANE,EN,Federal Contract Tower,0,2,6,0,8,0,5,49,0,54,0,7,55,0,62,70,0,70,132
05/12/2014,EWB,MA,ANE,EN,Federal Contract Tower,0,0,4,0,4,0,18,49,0,67,0,18,53,0,71,50,0,50,121
05/13/2014,EWB,MA,ANE,EN,Federal Contract Tower,0,2,5,1,8,0,24,62,2,88,0,26,67,3,96,64,2,66,162
05/14/2014,EWB,MA,ANE,EN,Federal Contract Tower,0,1,10,4,15,0,16,98,2,116,0,17,108,6,131,138,0,138,269
05/15/2014,EWB,MA,ANE,EN,Federal Contract Tower,0,10,18,0,28,0,24,39,3,66,0,34,57,3,94,72,0,72,166
05/16/2014,EWB,MA,ANE,EN,Federal Contract Tower,0,13,12,0,25,0,19,21,0,40,0,32,33,0,65,10,0,10,75
05/17/2014,EWB,MA,ANE,EN,Federal Contract Tower,0,4,1,0,5,0,7,18,0,25,0,11,19,0,30,0,2,2,32
05/18/2014,EWB,MA,ANE,EN,Federal Contract Tower,0,0,2,0,2,0,9,50,0,59,0,9,52,0,61,22,0,22,83
05/19/2014,EWB,MA,ANE,EN,Federal Contract Tower,0,0,10,0,10,0,13,45,0,58,0,13,55,0,68,76,4,80,148
05/20/2014,EWB,MA,ANE,EN,Federal Contract Tower,0,8,2,0,10,0,21,76,0,97,0,29,78,0,107,82,20,102,209
05/21/2014,EWB,MA,ANE,EN,Federal Contract Tower,0,2,13,2,17,0,17,98,1,116,0,19,111,3,133,158,12,170,303
05/22/2014,EWB,MA,ANE,EN,Federal Contract Tower,0,11,9,0,20,0,19,32,0,51,0,30,41,0,71,24,10,34,105
05/23/2014,EWB,MA,ANE,EN,Federal Contract Tower,0,4,9,2,15,0,26,33,2,61,0,30,42,4,76,50,2,52,128
05/24/2014,EWB,MA,ANE,EN,Federal Contract Tower,0,0,1,0,1,0,12,43,0,55,0,12,44,0,56,12,2,14,70
05/25/2014,EWB,MA,ANE,EN,Federal Contract Tower,0,3,3,0,6,0,7,32,0,39,0,10,35,0,45,20,0,20,65
05/26/2014,EWB,MA,ANE,EN,Federal Contract Tower,0,1,1,0,2,0,40,52,0,92,0,41,53,0,94,22,0,22,116
05/27/2014,EWB,MA,ANE,EN,Federal Contract Tower,0,4,7,0,11,0,18,72,0,90,0,22,79,0,101,78,0,78,179
05/28/2014,EWB,MA,ANE,EN,Federal Contract Tower,0,12,12,0,24,0,1,13,0,14,0,13,25,0,38,2,0,2,40
05/29/2014,EWB,MA,ANE,EN,Federal Contract Tower,0,6,16,0,22,0,15,72,0,87,0,21,88,0,109,24,0,24,133
05/30/2014,EWB,MA,ANE,EN,Federal Contract Tower,0,3,6,0,9,0,23,68,10,101,0,26,74,10,110,50,0,50,160
05/31/2014,EWB,MA,ANE,EN,Federal Contract Tower,0,2,5,0,7,0,10,42,0,52,0,12,47,0,59,12,2,14,73
06/01/2014,EWB,MA,ANE,EN,Federal Contract Tower,0,1,5,0,6,0,16,57,0,73,0,17,62,0,79,34,4,38,117
06/02/2014,EWB,MA,ANE,EN,Federal Contract Tower,0,1,2,0,3,0,14,76,0,90,0,15,78,0,93,36,36,72,165
06/03/2014,EWB,MA,ANE,EN,Federal Contract Tower,0,2,5,0,7,0,12,84,2,98,0,14,89,2,105,92,0,92,197
06/04/2014,EWB,MA,ANE,EN,Federal Contract Tower,0,15,11,0,26,0,6,29,0,35,0,21,40,0,61,16,0,16,77
06/05/2014,EWB,MA,ANE,EN,Federal Contract Tower,0,14,5,0,19,0,0,0,0,0,0,14,5,0,19,0,0,0,19
06/06/2014,EWB,MA,ANE,EN,Federal Contract Tower,0,2,7,0,9,0,26,91,9,126,0,28,98,9,135,102,10,112,247
06/07/2014,EWB,MA,ANE,EN,Federal Contract Tower,0,2,8,0,10,0,18,68,2,88,0,20,76,2,98,38,0,38,136
06/08/2014,EWB,MA,ANE,EN,Federal Contract Tower,0,3,4,0,7,0,10,72,2,84,0,13,76,2,91,34,0,34,125
06/09/2014,EWB,MA,ANE,EN,Federal Contract Tower,0,4,8,0,12,0,22,58,0,80,0,26,66,0,92,74,26,100,192
06/10/2014,EWB,MA,ANE,EN,Federal Contract Tower,0,12,1,0,13,0,11,2,0,13,0,23,3,0,26,0,0,0,26
06/11/2014,EWB,MA,ANE,EN,Federal Contract Tower,0,2,10,0,12,0,17,59,2,78,0,19,69,2,90,118,0,118,208
06/12/2014,EWB,MA,ANE,EN,Federal Contract Tower,0,3,11,0,14,0,14,21,0,35,0,17,32,0,49,38,0,38,87
06/13/2014,EWB,MA,ANE,EN,Federal Contract Tower,0,17,2,0,19,0,0,0,0,0,0,17,2,0,19,0,0,0,19
06/14/2014,EWB,MA,ANE,EN,Federal Contract Tower,0,5,5,0,10,0,0,8,0,8,0,5,13,0,18,4,0,4,22
06/15/2014,EWB,MA,ANE,EN,Federal Contract Tower,0,0,4,0,4,0,13,69,0,82,0,13,73,0,86,26,0,26,112
06/16/2014,EWB,MA,ANE,EN,Federal Contract Tower,0,0,6,0,6,0,21,81,0,102,0,21,87,0,108,24,0,24,132
06/17/2014,EWB,MA,ANE,EN,Federal Contract Tower,0,7,19,0,26,0,10,48,0,58,0,17,67,0,84,70,0,70,154
06/18/2014,EWB,MA,ANE,EN,Federal Contract Tower,0,3,9,0,12,0,16,63,0,79,0,19,72,0,91,8,0,8,99
06/19/2014,EWB,MA,ANE,EN,Federal Contract Tower,0,1,16,0,17,0,16,55,0,71,0,17,71,0,88,8,0,8,96
06/20/2014,EWB,MA,ANE,EN,Federal Contract Tower,0,7,7,0,14,0,21,104,0,125,0,28,111,0,139,60,0,60,199
06/21/2014,EWB,MA,ANE,EN,Federal Contract Tower,0,4,2,0,6,0,10,68,0,78,0,14,70,0,84,20,0,20,104
06/22/2014,EWB,MA,ANE,EN,Federal Contract Tower,0,3,8,0,11,0,7,50,0,57,0,10,58,0,68,38,0,38,106
06/23/2014,EWB,MA,ANE,EN,Federal Contract Tower,0,1,8,0,9,0,12,42,0,54,0,13,50,0,63,14,0,14,77
06/24/2014,EWB,MA,ANE,EN,Federal Contract Tower,0,2,15,0,17,0,16,69,0,85,0,18,84,0,102,26,6,32,134
06/25/2014,EWB,MA,ANE,EN,Federal Contract Tower,0,6,13,0,19,0,8,30,0,38,0,14,43,0,57,20,0,20,77
06/26/2014,EWB,MA,ANE,EN,Federal Contract Tower,0,16,13,0,29,0,1,9,0,10,0,17,22,0,39,4,0,4,43
06/27/2014,EWB,MA,ANE,EN,Federal Contract Tower,0,6,10,0,16,0,32,81,0,113,0,38,91,0,129,48,0,48,177
06/28/2014,EWB,MA,ANE,EN,Federal Contract Tower,0,3,4,0,7,0,19,69,0,88,0,22,73,0,95,28,0,28,123
06/29/2014,EWB,MA,ANE,EN,Federal Contract Tower,0,8,6,0,14,0,37,78,0,115,0,45,84,0,129,14,0,14,143
06/30/2014,EWB,MA,ANE,EN,Federal Contract Tower,0,2,6,0,8,0,19,66,0,85,0,21,72,0,93,20,0,20,113
07/01/2014,EWB,MA,ANE,EN,Federal Contract Tower,0,10,9,0,19,0,16,60,0,76,0,26,69,0,95,54,4,58,153
07/02/2014,EWB,MA,ANE,EN,Federal Contract Tower,0,11,12,0,23,0,9,32,0,41,0,20,44,0,64,56,6,62,126
07/03/2014,EWB,MA,ANE,EN,Federal Contract Tower,0,14,15,0,29,0,6,25,4,35,0,20,40,4,64,6,0,6,70
07/04/2014,EWB,MA,ANE,EN,Federal Contract Tower,0,12,0,0,12,0,1,0,0,1,0,13,0,0,13,0,0,0,13
07/05/2014,EWB,MA,ANE,EN,Federal Contract Tower,0,3,2,0,5,0,21,23,0,44,0,24,25,0,49,2,0,2,51
07/06/2014,EWB,MA,ANE,EN,Federal Contract Tower,0,1,7,0,8,0,28,54,0,82,0,29,61,0,90,74,0,74,164
07/07/2014,EWB,MA,ANE,EN,Federal Contract Tower,0,3,4,0,7,0,14,31,1,46,0,17,35,1,53,20,0,20,73
07/08/2014,EWB,MA,ANE,EN,Federal Contract Tower,0,4,2,0,6,0,14,61,4,79,0,18,63,4,85,34,2,36,121
07/09/2014,EWB,MA,ANE,EN,Federal Contract Tower,0,1,3,0,4,0,20,62,6,88,0,21,65,6,92,48,12,60,152
07/10/2014,EWB,MA,ANE,EN,Federal Contract Tower,0,1,6,0,7,0,17,102,2,121,0,18,108,2,128,72,0,72,200
07/11/2014,EWB,MA,ANE,EN,Federal Contract Tower,0,6,8,0,14,0,31,85,2,118,0,37,93,2,132,58,4,62,194
07/12/2014,EWB,MA,ANE,EN,Federal Contract Tower,0,6,1,0,7,0,17,72,0,89,0,23,73,0,96,100,0,100,196
07/13/2014,EWB,MA,ANE,EN,Federal Contract Tower,0,9,5,0,14,0,18,45,1,64,0,27,50,1,78,22,4,26,104
07/14/2014,EWB,MA,ANE,EN,Federal Contract Tower,0,20,12,0,32,0,8,43,0,51,0,28,55,0,83,26,0,26,109
07/15/2014,EWB,MA,ANE,EN,Federal Contract Tower,0,0,0,0,0,0,0,0,0,0,0,0,0,0,0,0,0,0,0
07/16/2014,EWB,MA,ANE,EN,Federal Contract Tower,0,0,2,0,2,0,0,0,0,0,0,0,2,0,2,0,0,0,2
07/17/2014,EWB,MA,ANE,EN,Federal Contract Tower,0,0,0,0,0,0,0,8,4,12,0,0,8,4,12,18,4,22,34
07/18/2014,EWB,MA,ANE,EN,Federal Contract Tower,0,7,13,0,20,0,31,110,0,141,0,38,123,0,161,112,0,112,273
07/19/2014,EWB,MA,ANE,EN,Federal Contract Tower,0,9,4,0,13,0,20,94,0,114,0,29,98,0,127,56,0,56,183
07/20/2014,EWB,MA,ANE,EN,Federal Contract Tower,0,10,12,0,22,0,13,42,0,55,0,23,54,0,77,8,0,8,85
07/21/2014,EWB,MA,ANE,EN,Federal Contract Tower,0,10,21,0,31,0,13,43,0,56,0,23,64,0,87,44,2,46,133
07/22/2014,EWB,MA,ANE,EN,Federal Contract Tower,0,8,8,0,16,0,21,97,2,120,0,29,105,2,136,84,2,86,222
07/23/2014,EWB,MA,ANE,EN,Federal Contract Tower,0,7,14,0,21,0,18,44,2,64,0,25,58,2,85,38,0,38,123
07/24/2014,EWB,MA,ANE,EN,Federal Contract Tower,0,12,14,0,26,0,19,34,0,53,0,31,48,0,79,22,0,22,101
07/25/2014,EWB,MA,ANE,EN,Federal Contract Tower,0,5,16,0,21,0,31,99,0,130,0,36,115,0,151,94,0,94,245
07/26/2014,EWB,MA,ANE,EN,Federal Contract Tower,0,1,7,0,8,0,25,40,0,65,0,26,47,0,73,40,2,42,115
07/27/2014,EWB,MA,ANE,EN,Federal Contract Tower,0,13,8,0,21,0,13,9,0,22,0,26,17,0,43,18,0,18,61
07/28/2014,EWB,MA,ANE,EN,Federal Contract Tower,0,17,10,0,27,0,11,20,0,31,0,28,30,0,58,32,0,32,90
07/29/2014,EWB,MA,ANE,EN,Federal Contract Tower,0,4,1,0,5,0,23,85,0,108,0,27,86,0,113,74,0,74,187
07/30/2014,EWB,MA,ANE,EN,Federal Contract Tower,0,1,3,0,4,0,20,100,0,120,0,21,103,0,124,88,0,88,212
07/31/2014,EWB,MA,ANE,EN,Federal Contract Tower,0,9,0,2,11,0,30,74,2,106,0,39,74,4,117,42,0,42,159
08/01/2014,EWB,MA,ANE,EN,Federal Contract Tower,0,8,10,0,18,0,35,55,0,90,0,43,65,0,108,56,0,56,164
08/02/2014,EWB,MA,ANE,EN,Federal Contract Tower,0,21,9,0,30,0,10,4,0,14,0,31,13,0,44,4,0,4,48
08/03/2014,EWB,MA,ANE,EN,Federal Contract Tower,0,23,7,0,30,0,2,5,0,7,0,25,12,0,37,2,0,2,39
08/04/2014,EWB,MA,ANE,EN,Federal Contract Tower,0,8,10,0,18,0,16,40,0,56,0,24,50,0,74,58,0,58,132
08/05/2014,EWB,MA,ANE,EN,Federal Contract Tower,0,14,0,0,14,0,30,94,0,124,0,44,94,0,138,98,0,98,236
08/06/2014,EWB,MA,ANE,EN,Federal Contract Tower,0,10,9,0,19,0,15,73,0,88,0,25,82,0,107,120,16,136,243
08/07/2014,EWB,MA,ANE,EN,Federal Contract Tower,0,5,4,0,9,0,25,62,0,87,0,30,66,0,96,58,0,58,154
08/08/2014,EWB,MA,ANE,EN,Federal Contract Tower,0,5,10,0,15,0,30,133,0,163,0,35,143,0,178,60,4,64,242
08/09/2014,EWB,MA,ANE,EN,Federal Contract Tower,0,24,9,0,33,0,13,39,0,52,0,37,48,0,85,48,0,48,133
08/10/2014,EWB,MA,ANE,EN,Federal Contract Tower,0,18,9,0,27,0,17,24,0,41,0,35,33,0,68,0,0,0,68
08/11/2014,EWB,MA,ANE,EN,Federal Contract Tower,0,16,19,0,35,0,8,31,0,39,0,24,50,0,74,0,0,0,74
08/12/2014,EWB,MA,ANE,EN,Federal Contract Tower,0,9,5,0,14,0,11,36,0,47,0,20,41,0,61,2,0,2,63
08/13/2014,EWB,MA,ANE,EN,Federal Contract Tower,0,12,5,0,17,0,2,2,0,4,0,14,7,0,21,0,0,0,21
08/14/2014,EWB,MA,ANE,EN,Federal Contract Tower,0,5,15,0,20,0,18,26,0,44,0,23,41,0,64,4,0,4,68
08/15/2014,EWB,MA,ANE,EN,Federal Contract Tower,0,16,9,0,25,0,22,46,0,68,0,38,55,0,93,6,0,6,99
08/16/2014,EWB,MA,ANE,EN,Federal Contract Tower,0,10,7,0,17,0,22,14,0,36,0,32,21,0,53,8,2,10,63
08/17/2014,EWB,MA,ANE,EN,Federal Contract Tower,0,11,15,0,26,0,14,34,0,48,0,25,49,0,74,0,0,0,74
08/18/2014,EWB,MA,ANE,EN,Federal Contract Tower,0,4,4,0,8,0,29,52,0,81,0,33,56,0,89,74,0,74,163
08/19/2014,EWB,MA,ANE,EN,Federal Contract Tower,0,10,4,0,14,0,17,68,0,85,0,27,72,0,99,38,0,38,137
08/20/2014,EWB,MA,ANE,EN,Federal Contract Tower,0,7,4,0,11,0,16,75,2,93,0,23,79,2,104,2,0,2,106
08/21/2014,EWB,MA,ANE,EN,Federal Contract Tower,0,15,15,0,30,0,15,62,2,79,0,30,77,2,109,0,0,0,109
08/22/2014,EWB,MA,ANE,EN,Federal Contract Tower,0,22,14,0,36,0,15,61,0,76,0,37,75,0,112,4,0,4,116
08/23/2014,EWB,MA,ANE,EN,Federal Contract Tower,0,16,2,0,18,0,12,29,0,41,0,28,31,0,59,6,0,6,65
08/24/2014,EWB,MA,ANE,EN,Federal Contract Tower,0,8,7,0,15,0,15,26,0,41,0,23,33,0,56,4,0,4,60
08/25/2014,EWB,MA,ANE,EN,Federal Contract Tower,0,7,8,0,15,0,27,116,0,143,0,34,124,0,158,36,0,36,194
08/26/2014,EWB,MA,ANE,EN,Federal Contract Tower,0,8,1,0,9,0,29,123,2,154,0,37,124,2,163,82,2,84,247
08/27/2014,EWB,MA,ANE,EN,Federal Contract Tower,0,5,7,0,12,0,16,89,1,106,0,21,96,1,118,74,4,78,196
08/28/2014,EWB,MA,ANE,EN,Federal Contract Tower,0,6,1,2,9,0,20,126,0,146,0,26,127,2,155,96,0,96,251
08/29/2014,EWB,MA,ANE,EN,Federal Contract Tower,0,10,10,0,20,0,29,108,2,139,0,39,118,2,159,76,4,80,239
08/30/2014,EWB,MA,ANE,EN,Federal Contract Tower,0,4,2,0,6,0,20,149,1,170,0,24,151,1,176,146,0,146,322
08/31/2014,EWB,MA,ANE,EN,Federal Contract Tower,0,11,8,0,19,0,12,18,0,30,0,23,26,0,49,4,0,4,53
09/01/2014,EWB,MA,ANE,EN,Federal Contract Tower,0,12,5,0,17,0,19,32,0,51,0,31,37,0,68,30,0,30,98
09/02/2014,EWB,MA,ANE,EN,Federal Contract Tower,0,8,3,0,11,0,12,38,0,50,0,20,41,0,61,82,0,82,143
09/03/2014,EWB,MA,ANE,EN,Federal Contract Tower,0,0,5,2,7,0,12,76,0,88,0,12,81,2,95,74,0,74,169
09/04/2014,EWB,MA,ANE,EN,Federal Contract Tower,0,1,10,0,11,0,25,72,0,97,0,26,82,0,108,72,0,72,180
09/05/2014,EWB,MA,ANE,EN,Federal Contract Tower,0,9,7,0,16,0,24,60,0,84,0,33,67,0,100,35,4,39,139
09/06/2014,EWB,MA,ANE,EN,Federal Contract Tower,0,15,5,0,20,0,10,8,0,18,0,25,13,0,38,0,0,0,38
09/07/2014,EWB,MA,ANE,EN,Federal Contract Tower,0,1,1,0,2,0,19,83,0,102,0,20,84,0,104,24,0,24,128
09/08/2014,EWB,MA,ANE,EN,Federal Contract Tower,0,0,8,0,8,0,17,52,0,69,0,17,60,0,77,50,2,52,129
09/09/2014,EWB,MA,ANE,EN,Federal Contract Tower,0,0,13,0,13,0,13,50,2,65,0,13,63,2,78,44,0,44,122
09/10/2014,EWB,MA,ANE,EN,Federal Contract Tower,0,6,15,0,21,0,8,47,0,55,0,14,62,0,76,90,2,92,168
09/11/2014,EWB,MA,ANE,EN,Federal Contract Tower,0,1,7,0,8,0,17,34,0,51,0,18,41,0,59,42,0,42,101
09/12/2014,EWB,MA,ANE,EN,Federal Contract Tower,0,0,10,0,10,0,17,109,0,126,0,17,119,0,136,262,0,262,398
09/13/2014,EWB,MA,ANE,EN,Federal Contract Tower,0,2,4,0,6,0,7,63,0,70,0,9,67,0,76,120,0,120,196
09/14/2014,EWB,MA,ANE,EN,Federal Contract Tower,0,0,1,0,1,0,15,73,0,88,0,15,74,0,89,122,0,122,211
09/15/2014,EWB,MA,ANE,EN,Federal Contract Tower,0,0,4,0,4,0,19,72,0,91,0,19,76,0,95,114,0,114,209
09/16/2014,EWB,MA,ANE,EN,Federal Contract Tower,0,2,9,0,11,0,11,73,0,84,0,13,82,0,95,92,0,92,187
09/17/2014,EWB,MA,ANE,EN,Federal Contract Tower,0,2,10,0,12,0,15,102,2,119,0,17,112,2,131,140,0,140,271
09/18/2014,EWB,MA,ANE,EN,Federal Contract Tower,0,3,7,0,10,0,18,82,2,102,0,21,89,2,112,94,0,94,206
09/19/2014,EWB,MA,ANE,EN,Federal Contract Tower,0,0,4,0,4,0,16,80,0,96,0,16,84,0,100,88,0,88,188
09/20/2014,EWB,MA,ANE,EN,Federal Contract Tower,0,6,2,0,8,0,9,87,0,96,0,15,89,0,104,70,0,70,174
09/21/2014,EWB,MA,ANE,EN,Federal Contract Tower,0,19,6,0,25,0,22,20,0,42,0,41,26,0,67,16,0,16,83
09/22/2014,EWB,MA,ANE,EN,Federal Contract Tower,0,2,13,0,15,0,18,64,0,82,0,20,77,0,97,48,0,48,145
09/23/2014,EWB,MA,ANE,EN,Federal Contract Tower,0,4,7,0,11,0,19,84,0,103,0,23,91,0,114,98,2,100,214
09/24/2014,EWB,MA,ANE,EN,Federal Contract Tower,0,3,6,0,9,0,10,48,0,58,0,13,54,0,67,58,0,58,125
09/25/2014,EWB,MA,ANE,EN,Federal Contract Tower,0,10,8,0,18,0,9,19,0,28,0,19,27,0,46,8,0,8,54
09/26/2014,EWB,MA,ANE,EN,Federal Contract Tower,0,10,7,0,17,0,13,83,0,96,0,23,90,0,113,58,0,58,171
09/27/2014,EWB,MA,ANE,EN,Federal Contract Tower,0,0,0,0,0,0,6,174,0,180,0,6,174,0,180,96,0,96,276
09/28/2014,EWB,MA,ANE,EN,Federal Contract Tower,0,5,5,0,10,0,16,97,0,113,0,21,102,0,123,32,0,32,155
09/29/2014,EWB,MA,ANE,EN,Federal Contract Tower,0,3,8,0,11,0,13,62,0,75,0,16,70,0,86,78,0,78,164
09/30/2014,EWB,MA,ANE,EN,Federal Contract Tower,0,12,4,0,16,0,0,0,0,0,0,12,4,0,16,0,0,0,16
10/01/2014,EWB,MA,ANE,EN,Federal Contract Tower,0,10,8,0,18,0,0,0,0,0,0,10,8,0,18,0,0,0,18
10/02/2014,EWB,MA,ANE,EN,Federal Contract Tower,0,16,10,0,26,0,1,2,0,3,0,17,12,0,29,0,0,0,29
10/03/2014,EWB,MA,ANE,EN,Federal Contract Tower,0,10,20,0,30,0,6,14,2,22,0,16,34,2,52,36,0,36,88
10/04/2014,EWB,MA,ANE,EN,Federal Contract Tower,0,8,7,0,15,0,0,0,0,0,0,8,7,0,15,0,0,0,15
10/05/2014,EWB,MA,ANE,EN,Federal Contract Tower,0,1,4,0,5,0,12,49,0,61,0,13,53,0,66,26,0,26,92
10/06/2014,EWB,MA,ANE,EN,Federal Contract Tower,0,1,4,0,5,0,18,104,0,122,0,19,108,0,127,208,0,208,335
10/07/2014,EWB,MA,ANE,EN,Federal Contract Tower,0,4,4,0,8,0,15,66,0,81,0,19,70,0,89,36,0,36,125
10/08/2014,EWB,MA,ANE,EN,Federal Contract Tower,0,1,1,0,2,0,6,46,0,52,0,7,47,0,54,78,0,78,132
10/09/2014,EWB,MA,ANE,EN,Federal Contract Tower,0,6,7,2,15,0,15,73,0,88,0,21,80,2,103,126,2,128,231
10/10/2014,EWB,MA,ANE,EN,Federal Contract Tower,0,2,12,0,14,0,17,118,0,135,0,19,130,0,149,184,0,184,333
10/11/2014,EWB,MA,ANE,EN,Federal Contract Tower,0,5,4,0,9,0,4,9,0,13,0,9,13,0,22,14,2,16,38
10/12/2014,EWB,MA,ANE,EN,Federal Contract Tower,0,0,7,0,7,0,15,66,4,85,0,15,73,4,92,64,0,64,156
10/13/2014,EWB,MA,ANE,EN,Federal Contract Tower,0,2,6,0,8,0,14,33,0,47,0,16,39,0,55,12,0,12,67
10/14/2014,EWB,MA,ANE,EN,Federal Contract Tower,0,3,4,0,7,0,12,41,0,53,0,15,45,0,60,28,2,30,90
10/15/2014,EWB,MA,ANE,EN,Federal Contract Tower,0,3,9,0,12,0,14,53,0,67,0,17,62,0,79,50,0,50,129
10/16/2014,EWB,MA,ANE,EN,Federal Contract Tower,0,16,4,0,20,0,7,2,0,9,0,23,6,0,29,0,0,0,29
10/17/2014,EWB,MA,ANE,EN,Federal Contract Tower,0,4,12,0,16,0,27,63,0,90,0,31,75,0,106,60,0,60,166
10/18/2014,EWB,MA,ANE,EN,Federal Contract Tower,0,4,6,0,10,0,11,83,0,94,0,15,89,0,104,126,2,128,232
10/19/2014,EWB,MA,ANE,EN,Federal Contract Tower,0,3,2,0,5,0,7,50,0,57,0,10,52,0,62,18,0,18,80
10/20/2014,EWB,MA,ANE,EN,Federal Contract Tower,0,1,11,0,12,0,6,80,0,86,0,7,91,0,98,104,0,104,202
10/21/2014,EWB,MA,ANE,EN,Federal Contract Tower,0,6,20,0,26,0,13,52,0,65,0,19,72,0,91,34,0,34,125
10/22/2014,EWB,MA,ANE,EN,Federal Contract Tower,0,6,7,0,13,0,0,0,0,0,0,6,7,0,13,0,0,0,13
10/23/2014,EWB,MA,ANE,EN,Federal Contract Tower,0,8,8,0,16,0,0,0,0,0,0,8,8,0,16,2,0,2,18
10/24/2014,EWB,MA,ANE,EN,Federal Contract Tower,0,8,11,0,19,0,5,14,0,19,0,13,25,0,38,24,0,24,62
10/25/2014,EWB,MA,ANE,EN,Federal Contract Tower,0,7,25,0,32,0,7,106,0,113,0,14,131,0,145,58,0,58,203
10/26/2014,EWB,MA,ANE,EN,Federal Contract Tower,0,1,16,0,17,0,3,40,0,43,0,4,56,0,60,4,0,4,64
10/27/2014,EWB,MA,ANE,EN,Federal Contract Tower,0,1,10,0,11,0,7,68,0,75,0,8,78,0,86,106,0,106,192
10/28/2014,EWB,MA,ANE,EN,Federal Contract Tower,0,3,33,0,36,0,11,91,0,102,0,14,124,0,138,172,2,174,312
10/29/2014,EWB,MA,ANE,EN,Federal Contract Tower,0,6,24,0,30,0,6,57,0,63,0,12,81,0,93,94,4,98,191
10/30/2014,EWB,MA,ANE,EN,Federal Contract Tower,0,3,7,2,12,0,11,83,0,94,0,14,90,2,106,94,4,98,204
10/31/2014,EWB,MA,ANE,EN,Federal Contract Tower,0,5,7,0,12,0,3,50,2,55,0,8,57,2,67,92,6,98,165
11/01/2014,EWB,MA,ANE,EN,Federal Contract Tower,0,4,2,4,10,0,2,2,0,4,0,6,4,4,14,0,0,0,14
11/02/2014,EWB,MA,ANE,EN,Federal Contract Tower,0,3,4,0,7,0,0,4,0,4,0,3,8,0,11,0,0,0,11
11/03/2014,EWB,MA,ANE,EN,Federal Contract Tower,0,0,0,0,0,0,6,40,0,46,0,6,40,0,46,20,0,20,66
11/04/2014,EWB,MA,ANE,EN,Federal Contract Tower,0,2,10,0,12,0,10,92,2,104,0,12,102,2,116,158,2,160,276
11/05/2014,EWB,MA,ANE,EN,Federal Contract Tower,0,4,10,0,14,0,7,69,0,76,0,11,79,0,90,90,0,90,180
11/06/2014,EWB,MA,ANE,EN,Federal Contract Tower,0,3,2,0,5,0,3,11,0,14,0,6,13,0,19,6,0,6,25
11/07/2014,EWB,MA,ANE,EN,Federal Contract Tower,0,4,4,0,8,0,6,10,0,16,0,10,14,0,24,8,0,8,32
11/08/2014,EWB,MA,ANE,EN,Federal Contract Tower,0,0,13,0,13,0,10,103,0,113,0,10,116,0,126,92,0,92,218
11/09/2014,EWB,MA,ANE,EN,Federal Contract Tower,0,0,6,0,6,0,5,46,0,51,0,5,52,0,57,32,0,32,89
11/10/2014,EWB,MA,ANE,EN,Federal Contract Tower,0,0,6,0,6,0,6,63,0,69,0,6,69,0,75,118,0,118,193
11/11/2014,EWB,MA,ANE,EN,Federal Contract Tower,0,4,8,0,12,0,9,29,0,38,0,13,37,0,50,26,8,34,84
11/12/2014,EWB,MA,ANE,EN,Federal Contract Tower,0,6,2,0,8,0,4,8,0,12,0,10,10,0,20,20,0,20,40
11/13/2014,EWB,MA,ANE,EN,Federal Contract Tower,0,3,17,0,20,0,10,81,0,91,0,13,98,0,111,100,2,102,213
11/14/2014,EWB,MA,ANE,EN,Federal Contract Tower,0,4,11,0,15,0,9,58,0,67,0,13,69,0,82,110,0,110,192
11/15/2014,EWB,MA,ANE,EN,Federal Contract Tower,0,0,6,0,6,0,6,108,0,114,0,6,114,0,120,168,10,178,298
11/16/2014,EWB,MA,ANE,EN,Federal Contract Tower,0,1,0,0,1,0,4,23,0,27,0,5,23,0,28,6,0,6,34
11/17/2014,EWB,MA,ANE,EN,Federal Contract Tower,0,6,0,0,6,0,0,0,0,0,0,6,0,0,6,0,0,0,6
11/18/2014,EWB,MA,ANE,EN,Federal Contract Tower,0,2,8,0,10,0,8,44,0,52,0,10,52,0,62,82,0,82,144
11/19/2014,EWB,MA,ANE,EN,Federal Contract Tower,0,5,15,0,20,0,11,57,0,68,0,16,72,0,88,86,2,88,176
11/20/2014,EWB,MA,ANE,EN,Federal Contract Tower,0,1,13,0,14,0,8,45,0,53,0,9,58,0,67,66,0,66,133
11/21/2014,EWB,MA,ANE,EN,Federal Contract Tower,0,0,17,0,17,0,8,51,0,59,0,8,68,0,76,72,0,72,148
11/22/2014,EWB,MA,ANE,EN,Federal Contract Tower,0,0,9,0,9,0,8,81,0,89,0,8,90,0,98,50,0,50,148
11/23/2014,EWB,MA,ANE,EN,Federal Contract Tower,0,0,13,0,13,0,4,57,0,61,0,4,70,0,74,26,0,26,100
11/24/2014,EWB,MA,ANE,EN,Federal Contract Tower,0,4,1,0,5,0,0,0,0,0,0,4,1,0,5,0,0,0,5
11/25/2014,EWB,MA,ANE,EN,Federal Contract Tower,0,6,14,0,20,0,10,57,0,67,0,16,71,0,87,52,0,52,139
11/26/2014,EWB,MA,ANE,EN,Federal Contract Tower,0,2,1,0,3,0,2,2,0,4,0,4,3,0,7,4,0,4,11
11/27/2014,EWB,MA,ANE,EN,Federal Contract Tower,0,2,1,0,3,0,5,4,0,9,0,7,5,0,12,4,0,4,16
11/28/2014,EWB,MA,ANE,EN,Federal Contract Tower,0,3,5,0,8,0,5,23,0,28,0,8,28,0,36,12,0,12,48
11/29/2014,EWB,MA,ANE,EN,Federal Contract Tower,0,1,7,0,8,0,6,66,0,72,0,7,73,0,80,78,0,78,158
11/30/2014,EWB,MA,ANE,EN,Federal Contract Tower,0,2,8,0,10,0,2,24,0,26,0,4,32,0,36,8,0,8,44
12/01/2014,EWB,MA,ANE,EN,Federal Contract Tower,0,3,7,0,10,0,7,72,0,79,0,10,79,0,89,100,0,100,189
12/02/2014,EWB,MA,ANE,EN,Federal Contract Tower,0,0,8,0,8,0,5,45,0,50,0,5,53,0,58,90,0,90,148
12/03/2014,EWB,MA,ANE,EN,Federal Contract Tower,0,5,6,0,11,0,0,0,0,0,0,5,6,0,11,0,0,0,11
12/04/2014,EWB,MA,ANE,EN,Federal Contract Tower,0,0,22,0,22,0,7,92,0,99,0,7,114,0,121,134,0,134,255
12/05/2014,EWB,MA,ANE,EN,Federal Contract Tower,0,1,17,2,20,0,10,73,0,83,0,11,90,2,103,62,2,64,167
12/06/2014,EWB,MA,ANE,EN,Federal Contract Tower,0,8,4,0,12,0,4,4,0,8,0,12,8,0,20,0,0,0,20
12/07/2014,EWB,MA,ANE,EN,Federal Contract Tower,0,2,3,0,5,0,6,32,0,38,0,8,35,0,43,4,0,4,47
12/08/2014,EWB,MA,ANE,EN,Federal Contract Tower,0,1,9,0,10,0,5,36,0,41,0,6,45,0,51,104,0,104,155
12/09/2014,EWB,MA,ANE,EN,Federal Contract Tower,0,8,0,0,8,0,0,0,0,0,0,8,0,0,8,0,0,0,8
12/10/2014,EWB,MA,ANE,EN,Federal Contract Tower,0,9,3,0,12,0,1,0,0,1,0,10,3,0,13,0,0,0,13
12/11/2014,EWB,MA,ANE,EN,Federal Contract Tower,0,3,2,0,5,0,5,7,2,14,0,8,9,2,19,18,0,18,37
12/12/2014,EWB,MA,ANE,EN,Federal Contract Tower,0,6,11,0,17,0,10,66,2,78,0,16,77,2,95,70,0,70,165
12/13/2014,EWB,MA,ANE,EN,Federal Contract Tower,0,0,31,0,31,0,7,75,0,82,0,7,106,0,113,82,0,82,195
12/14/2014,EWB,MA,ANE,EN,Federal Contract Tower,0,0,14,0,14,0,6,45,0,51,0,6,59,0,65,52,4,56,121
12/15/2014,EWB,MA,ANE,EN,Federal Contract Tower,0,1,9,0,10,0,9,56,0,65,0,10,65,0,75,78,0,78,153
12/17/2014,EWB,MA,ANE,EN,Federal Contract Tower,0,4,14,0,18,0,6,25,0,31,0,10,39,0,49,18,0,18,67
12/18/2014,EWB,MA,ANE,EN,Federal Contract Tower,0,3,4,3,10,0,9,47,0,56,0,12,51,3,66,52,0,52,118
12/19/2014,EWB,MA,ANE,EN,Federal Contract Tower,0,2,29,0,31,0,10,60,4,74,0,12,89,4,105,120,2,122,227
12/20/2014,EWB,MA,ANE,EN,Federal Contract Tower,0,4,2,0,6,0,2,34,0,36,0,6,36,0,42,26,0,26,68
12/21/2014,EWB,MA,ANE,EN,Federal Contract Tower,0,4,7,0,11,0,2,0,0,2,0,6,7,0,13,0,0,0,13
12/22/2014,EWB,MA,ANE,EN,Federal Contract Tower,0,2,6,2,10,0,8,30,0,38,0,10,36,2,48,38,0,38,86
12/23/2014,EWB,MA,ANE,EN,Federal Contract Tower,0,6,8,0,14,0,0,0,0,0,0,6,8,0,14,0,0,0,14
12/24/2014,EWB,MA,ANE,EN,Federal Contract Tower,0,4,0,0,4,0,0,0,0,0,0,4,0,0,4,0,0,0,4
12/25/2014,EWB,MA,ANE,EN,Federal Contract Tower,0,2,0,0,2,0,2,4,0,6,0,4,4,0,8,0,0,0,8
12/26/2014,EWB,MA,ANE,EN,Federal Contract Tower,0,1,10,0,11,0,8,77,0,85,0,9,87,0,96,48,0,48,144
12/27/2014,EWB,MA,ANE,EN,Federal Contract Tower,0,1,24,0,25,0,5,82,0,87,0,6,106,0,112,78,0,78,190
12/28/2014,EWB,MA,ANE,EN,Federal Contract Tower,0,0,9,0,9,0,4,18,0,22,0,4,27,0,31,18,0,18,49
12/29/2014,EWB,MA,ANE,EN,Federal Contract Tower,0,3,8,0,11,0,8,32,0,40,0,11,40,0,51,42,0,42,93
12/30/2014,EWB,MA,ANE,EN,Federal Contract Tower,0,2,12,0,14,0,9,75,0,84,0,11,87,0,98,66,0,66,164
12/31/2014,EWB,MA,ANE,EN,Federal Contract Tower,0,0,4,0,4,0,8,57,0,65,0,8,61,0,69,64,0,64,133
01/01/2015,EWB,MA,ANE,EN,Federal Contract Tower,0,1,3,0,4,0,8,4,0,12,0,9,7,0,16,0,0,0,16
01/02/2015,EWB,MA,ANE,EN,Federal Contract Tower,0,0,11,0,11,0,8,16,0,24,0,8,27,0,35,32,0,32,67
01/03/2015,EWB,MA,ANE,EN,Federal Contract Tower,0,2,8,0,10,0,5,30,0,35,0,7,38,0,45,40,0,40,85
01/04/2015,EWB,MA,ANE,EN,Federal Contract Tower,0,4,0,0,4,0,0,0,0,0,0,4,0,0,4,0,0,0,4
01/05/2015,EWB,MA,ANE,EN,Federal Contract Tower,0,0,0,0,0,0,6,11,0,17,0,6,11,0,17,0,0,0,17
01/06/2015,EWB,MA,ANE,EN,Federal Contract Tower,0,2,2,0,4,0,5,22,0,27,0,7,24,0,31,20,0,20,51
01/07/2015,EWB,MA,ANE,EN,Federal Contract Tower,0,1,9,2,12,0,7,33,0,40,0,8,42,2,52,56,4,60,112
01/08/2015,EWB,MA,ANE,EN,Federal Contract Tower,0,2,2,0,4,0,5,13,0,18,0,7,15,0,22,26,0,26,48
01/09/2015,EWB,MA,ANE,EN,Federal Contract Tower,0,0,0,0,0,0,6,2,0,8,0,6,2,0,8,0,0,0,8
01/10/2015,EWB,MA,ANE,EN,Federal Contract Tower,0,0,9,0,9,0,6,53,0,59,0,6,62,0,68,42,0,42,110
01/11/2015,EWB,MA,ANE,EN,Federal Contract Tower,0,0,5,0,5,0,4,30,0,34,0,4,35,0,39,44,6,50,89
01/12/2015,EWB,MA,ANE,EN,Federal Contract Tower,0,6,0,0,6,0,2,6,0,8,0,8,6,0,14,22,0,22,36
01/13/2015,EWB,MA,ANE,EN,Federal Contract Tower,0,1,8,0,9,0,8,53,0,61,0,9,61,0,70,64,0,64,134
01/14/2015,EWB,MA,ANE,EN,Federal Contract Tower,0,1,1,1,3,0,4,41,0,45,0,5,42,1,48,130,4,134,182
01/15/2015,EWB,MA,ANE,EN,Federal Contract Tower,0,0,0,0,0,0,0,0,0,0,0,0,0,0,0,0,0,0,0
01/16/2015,EWB,MA,ANE,EN,Federal Contract Tower,0,0,7,0,7,0,8,29,2,39,0,8,36,2,46,24,2,26,72
01/17/2015,EWB,MA,ANE,EN,Federal Contract Tower,0,2,14,0,16,0,7,89,0,96,0,9,103,0,112,94,2,96,208
01/18/2015,EWB,MA,ANE,EN,Federal Contract Tower,0,1,2,0,3,0,6,6,0,12,0,7,8,0,15,6,0,6,21
01/21/2015,EWB,MA,ANE,EN,Federal Contract Tower,0,0,5,3,8,0,6,55,2,63,0,6,60,5,71,80,2,82,153
01/22/2015,EWB,MA,ANE,EN,Federal Contract Tower,0,3,5,0,8,0,5,37,0,42,0,8,42,0,50,98,2,100,150
01/23/2015,EWB,MA,ANE,EN,Federal Contract Tower,0,0,13,2,15,0,8,85,2,95,0,8,98,4,110,94,2,96,206
01/24/2015,EWB,MA,ANE,EN,Federal Contract Tower,0,2,0,0,2,0,0,0,0,0,0,2,0,0,2,0,0,0,2
01/25/2015,EWB,MA,ANE,EN,Federal Contract Tower,0,0,3,0,3,0,4,23,0,27,0,4,26,0,30,0,0,0,30
01/26/2015,EWB,MA,ANE,EN,Federal Contract Tower,0,2,4,0,6,0,6,13,0,19,0,8,17,0,25,42,0,42,67
01/27/2015,EWB,MA,ANE,EN,Federal Contract Tower,0,0,0,0,0,0,0,0,0,0,0,0,0,0,0,0,0,0,0
01/28/2015,EWB,MA,ANE,EN,Federal Contract Tower,0,0,0,0,0,0,0,0,0,0,0,0,0,0,0,4,0,4,4
01/29/2015,EWB,MA,ANE,EN,Federal Contract Tower,0,1,5,0,6,0,1,21,0,22,0,2,26,0,28,12,2,14,42
01/30/2015,EWB,MA,ANE,EN,Federal Contract Tower,0,10,0,0,10,0,1,1,2,4,0,11,1,2,14,0,0,0,14
01/31/2015,EWB,MA,ANE,EN,Federal Contract Tower,0,2,1,0,3,0,7,1,0,8,0,9,2,0,11,0,0,0,11
02/01/2015,EWB,MA,ANE,EN,Federal Contract Tower,0,0,9,0,9,0,6,47,0,53,0,6,56,0,62,36,0,36,98
02/02/2015,EWB,MA,ANE,EN,Federal Contract Tower,0,0,0,0,0,0,0,0,0,0,0,0,0,0,0,0,0,0,0
02/03/2015,EWB,MA,ANE,EN,Federal Contract Tower,0,0,0,0,0,0,10,33,0,43,0,10,33,0,43,68,0,68,111
02/04/2015,EWB,MA,ANE,EN,Federal Contract Tower,0,0,20,0,20,0,7,60,0,67,0,7,80,0,87,92,12,104,191
02/05/2015,EWB,MA,ANE,EN,Federal Contract Tower,0,0,1,6,7,0,7,9,0,16,0,7,10,6,23,10,0,10,33
02/06/2015,EWB,MA,ANE,EN,Federal Contract Tower,0,3,9,0,12,0,11,72,2,85,0,14,81,2,97,118,4,122,219
02/07/2015,EWB,MA,ANE,EN,Federal Contract Tower,0,3,6,0,9,0,7,12,0,19,0,10,18,0,28,32,0,32,60
02/08/2015,EWB,MA,ANE,EN,Federal Contract Tower,0,6,2,0,8,0,0,0,0,0,0,6,2,0,8,0,0,0,8
02/09/2015,EWB,MA,ANE,EN,Federal Contract Tower,0,0,0,0,0,0,0,0,0,0,0,0,0,0,0,0,0,0,0
02/10/2015,EWB,MA,ANE,EN,Federal Contract Tower,0,0,0,0,0,0,0,0,0,0,0,0,0,0,0,0,0,0,0
02/11/2015,EWB,MA,ANE,EN,Federal Contract Tower,0,1,0,0,1,0,1,2,2,5,0,2,2,2,6,0,0,0,6
02/12/2015,EWB,MA,ANE,EN,Federal Contract Tower,0,2,1,0,3,0,2,11,0,13,0,4,12,0,16,28,2,30,46
02/13/2015,EWB,MA,ANE,EN,Federal Contract Tower,0,0,6,2,8,0,7,23,0,30,0,7,29,2,38,22,0,22,60
02/14/2015,EWB,MA,ANE,EN,Federal Contract Tower,0,1,10,0,11,0,3,24,0,27,0,4,34,0,38,46,0,46,84
02/15/2015,EWB,MA,ANE,EN,Federal Contract Tower,0,0,0,0,0,0,0,0,0,0,0,0,0,0,0,0,0,0,0
02/16/2015,EWB,MA,ANE,EN,Federal Contract Tower,0,0,1,0,1,0,0,4,0,4,0,0,5,0,5,0,0,0,5
02/17/2015,EWB,MA,ANE,EN,Federal Contract Tower,0,0,0,0,0,0,0,0,0,0,0,0,0,0,0,0,0,0,0
02/18/2015,EWB,MA,ANE,EN,Federal Contract Tower,0,0,3,0,3,0,5,27,0,32,0,5,30,0,35,60,0,60,95
02/19/2015,EWB,MA,ANE,EN,Federal Contract Tower,0,4,1,0,5,0,6,10,0,16,0,10,11,0,21,14,4,18,39
02/20/2015,EWB,MA,ANE,EN,Federal Contract Tower,0,4,0,0,4,0,10,28,0,38,0,14,28,0,42,14,6,20,62
02/21/2015,EWB,MA,ANE,EN,Federal Contract Tower,0,5,13,1,19,0,2,28,3,33,0,7,41,4,52,30,2,32,84
02/22/2015,EWB,MA,ANE,EN,Federal Contract Tower,0,6,0,0,6,0,2,2,0,4,0,8,2,0,10,2,0,2,12
02/23/2015,EWB,MA,ANE,EN,Federal Contract Tower,0,2,1,0,3,0,6,24,0,30,0,8,25,0,33,52,0,52,85
02/24/2015,EWB,MA,ANE,EN,Federal Contract Tower,0,2,1,2,5,0,6,47,0,53,0,8,48,2,58,30,0,30,88
02/25/2015,EWB,MA,ANE,EN,Federal Contract Tower,0,5,18,2,25,0,11,52,0,63,0,16,70,2,88,90,2,92,180
02/26/2015,EWB,MA,ANE,EN,Federal Contract Tower,0,0,2,0,2,0,4,19,0,23,0,4,21,0,25,32,0,32,57
02/27/2015,EWB,MA,ANE,EN,Federal Contract Tower,0,1,6,2,9,0,8,66,0,74,0,9,72,2,83,98,0,98,181
02/28/2015,EWB,MA,ANE,EN,Federal Contract Tower,0,0,20,0,20,0,6,94,0,100,0,6,114,0,120,104,6,110,230
03/01/2015,EWB,MA,ANE,EN,Federal Contract Tower,0,4,1,0,5,0,2,24,0,26,0,6,25,0,31,36,0,36,67
03/02/2015,EWB,MA,ANE,EN,Federal Contract Tower,0,3,0,0,3,0,6,40,0,46,0,9,40,0,49,24,0,24,73
03/03/2015,EWB,MA,ANE,EN,Federal Contract Tower,0,1,7,0,8,0,5,68,4,77,0,6,75,4,85,82,0,82,167
03/04/2015,EWB,MA,ANE,EN,Federal Contract Tower,0,6,5,0,11,0,9,27,0,36,0,15,32,0,47,6,2,8,55
03/05/2015,EWB,MA,ANE,EN,Federal Contract Tower,0,1,1,0,2,0,0,0,0,0,0,1,1,0,2,0,0,0,2
03/06/2015,EWB,MA,ANE,EN,Federal Contract Tower,0,4,15,2,21,0,10,80,4,94,0,14,95,6,115,120,6,126,241
03/07/2015,EWB,MA,ANE,EN,Federal Contract Tower,0,1,14,0,15,0,9,52,0,61,0,10,66,0,76,56,0,56,132
03/08/2015,EWB,MA,ANE,EN,Federal Contract Tower,0,2,5,0,7,0,8,47,0,55,0,10,52,0,62,34,0,34,96
03/09/2015,EWB,MA,ANE,EN,Federal Contract Tower,0,0,7,0,7,0,6,49,0,55,0,6,56,0,62,54,0,54,116
03/10/2015,EWB,MA,ANE,EN,Federal Contract Tower,0,0,12,6,18,0,5,52,0,57,0,5,64,6,75,114,2,116,191
03/11/2015,EWB,MA,ANE,EN,Federal Contract Tower,0,8,10,0,18,0,13,68,0,81,0,21,78,0,99,60,2,62,161
03/12/2015,EWB,MA,ANE,EN,Federal Contract Tower,0,0,18,2,20,0,8,35,0,43,0,8,53,2,63,10,2,12,75
03/13/2015,EWB,MA,ANE,EN,Federal Contract Tower,0,0,13,0,13,0,9,92,0,101,0,9,105,0,114,127,2,129,243
03/14/2015,EWB,MA,ANE,EN,Federal Contract Tower,0,5,3,0,8,0,2,3,0,5,0,7,6,0,13,14,0,14,27
03/15/2015,EWB,MA,ANE,EN,Federal Contract Tower,0,2,1,0,3,0,16,8,2,26,0,18,9,2,29,10,0,10,39
03/16/2015,EWB,MA,ANE,EN,Federal Contract Tower,0,0,3,0,3,0,7,49,0,56,0,7,52,0,59,104,0,104,163
03/17/2015,EWB,MA,ANE,EN,Federal Contract Tower,0,3,0,0,3,0,6,11,0,17,0,9,11,0,20,20,0,20,40
03/18/2015,EWB,MA,ANE,EN,Federal Contract Tower,0,0,0,0,0,0,6,4,0,10,0,6,4,0,10,0,0,0,10
03/19/2015,EWB,MA,ANE,EN,Federal Contract Tower,0,0,4,0,4,0,6,39,0,45,0,6,43,0,49,32,4,36,85
03/20/2015,EWB,MA,ANE,EN,Federal Contract Tower,0,5,2,0,7,0,9,33,0,42,0,14,35,0,49,78,0,78,127
03/21/2015,EWB,MA,ANE,EN,Federal Contract Tower,0,8,3,0,11,0,2,1,0,3,0,10,4,0,14,0,2,2,16
03/22/2015,EWB,MA,ANE,EN,Federal Contract Tower,0,0,2,0,2,0,4,41,2,47,0,4,43,2,49,12,0,12,61
03/23/2015,EWB,MA,ANE,EN,Federal Contract Tower,0,0,10,0,10,0,6,44,0,50,0,6,54,0,60,74,0,74,134
03/24/2015,EWB,MA,ANE,EN,Federal Contract Tower,0,8,3,0,11,0,9,77,0,86,0,17,80,0,97,122,0,122,219
03/25/2015,EWB,MA,ANE,EN,Federal Contract Tower,0,1,10,0,11,0,8,65,0,73,0,9,75,0,84,90,6,96,180
03/26/2015,EWB,MA,ANE,EN,Federal Contract Tower,0,12,8,0,20,0,0,0,0,0,0,12,8,0,20,0,0,0,20
03/27/2015,EWB,MA,ANE,EN,Federal Contract Tower,0,7,7,0,14,0,3,5,2,10,0,10,12,2,24,4,0,4,28
03/28/2015,EWB,MA,ANE,EN,Federal Contract Tower,0,4,1,0,5,0,0,0,0,0,0,4,1,0,5,0,0,0,5
03/29/2015,EWB,MA,ANE,EN,Federal Contract Tower,0,0,7,0,7,0,6,82,2,90,0,6,89,2,97,104,0,104,201
03/30/2015,EWB,MA,ANE,EN,Federal Contract Tower,0,1,14,0,15,0,8,29,0,37,0,9,43,0,52,66,0,66,118
03/31/2015,EWB,MA,ANE,EN,Federal Contract Tower,0,7,24,0,31,0,12,59,0,71,0,19,83,0,102,94,6,100,202
04/01/2015,EWB,MA,ANE,EN,Federal Contract Tower,0,0,31,0,31,0,6,59,0,65,0,6,90,0,96,112,6,118,214
04/02/2015,EWB,MA,ANE,EN,Federal Contract Tower,0,0,19,0,19,0,8,45,0,53,0,8,64,0,72,68,6,74,146
04/03/2015,EWB,MA,ANE,EN,Federal Contract Tower,0,7,9,0,16,0,2,34,4,40,0,9,43,4,56,54,0,54,110
04/04/2015,EWB,MA,ANE,EN,Federal Contract Tower,0,3,3,0,6,0,6,17,0,23,0,9,20,0,29,2,0,2,31
04/05/2015,EWB,MA,ANE,EN,Federal Contract Tower,0,1,0,0,1,0,5,7,0,12,0,6,7,0,13,0,0,0,13
04/06/2015,EWB,MA,ANE,EN,Federal Contract Tower,0,4,23,0,27,0,3,89,0,92,0,7,112,0,119,168,0,168,287
04/07/2015,EWB,MA,ANE,EN,Federal Contract Tower,0,12,2,0,14,0,12,2,0,14,0,24,4,0,28,0,0,0,28
04/08/2015,EWB,MA,ANE,EN,Federal Contract Tower,0,5,10,0,15,0,12,20,0,32,0,17,30,0,47,48,0,48,95
04/09/2015,EWB,MA,ANE,EN,Federal Contract Tower,0,6,6,0,12,0,2,0,0,2,0,8,6,0,14,0,0,0,14
04/10/2015,EWB,MA,ANE,EN,Federal Contract Tower,0,5,11,0,16,0,2,0,0,2,0,7,11,0,18,0,0,0,18
04/11/2015,EWB,MA,ANE,EN,Federal Contract Tower,0,2,10,0,12,0,6,44,0,50,0,8,54,0,62,16,2,18,80
04/12/2015,EWB,MA,ANE,EN,Federal Contract Tower,0,0,18,0,18,0,6,92,0,98,0,6,110,0,116,116,0,116,232
04/13/2015,EWB,MA,ANE,EN,Federal Contract Tower,0,0,6,0,6,0,7,67,0,74,0,7,73,0,80,100,0,100,180
04/14/2015,EWB,MA,ANE,EN,Federal Contract Tower,0,3,7,0,10,0,7,47,0,54,0,10,54,0,64,78,2,80,144
04/15/2015,EWB,MA,ANE,EN,Federal Contract Tower,0,0,9,0,9,0,8,92,0,100,0,8,101,0,109,82,2,84,193
04/16/2015,EWB,MA,ANE,EN,Federal Contract Tower,0,0,13,0,13,0,6,102,0,108,0,6,115,0,121,86,0,86,207
04/17/2015,EWB,MA,ANE,EN,Federal Contract Tower,0,4,20,0,24,0,4,14,2,20,0,8,34,2,44,24,0,24,68
04/18/2015,EWB,MA,ANE,EN,Federal Contract Tower,0,1,11,0,12,0,8,79,0,87,0,9,90,0,99,100,0,100,199
04/19/2015,EWB,MA,ANE,EN,Federal Contract Tower,0,1,10,0,11,0,18,55,0,73,0,19,65,0,84,97,0,97,181
04/20/2015,EWB,MA,ANE,EN,Federal Contract Tower,0,6,1,0,7,0,0,0,0,0,0,6,1,0,7,0,0,0,7
04/21/2015,EWB,MA,ANE,EN,Federal Contract Tower,0,2,4,0,6,0,4,41,0,45,0,6,45,0,51,32,0,32,83
04/22/2015,EWB,MA,ANE,EN,Federal Contract Tower,0,0,6,0,6,0,6,55,2,63,0,6,61,2,69,74,4,78,147
04/23/2015,EWB,MA,ANE,EN,Federal Contract Tower,0,0,3,0,3,0,6,48,0,54,0,6,51,0,57,70,4,74,131
04/24/2015,EWB,MA,ANE,EN,Federal Contract Tower,0,2,1,0,3,0,18,67,2,87,0,20,68,2,90,92,0,92,182
04/25/2015,EWB,MA,ANE,EN,Federal Contract Tower,0,0,11,0,11,0,6,77,0,83,0,6,88,0,94,18,6,24,118
04/26/2015,EWB,MA,ANE,EN,Federal Contract Tower,0,0,5,0,5,0,7,60,0,67,0,7,65,0,72,80,0,80,152
04/27/2015,EWB,MA,ANE,EN,Federal Contract Tower,0,1,14,0,15,0,8,59,0,67,0,9,73,0,82,52,0,52,134
04/28/2015,EWB,MA,ANE,EN,Federal Contract Tower,0,5,5,0,10,0,12,48,0,60,0,17,53,0,70,76,0,76,146
04/29/2015,EWB,MA,ANE,EN,Federal Contract Tower,0,3,7,8,18,0,4,61,2,67,0,7,68,10,85,82,0,82,167
04/30/2015,EWB,MA,ANE,EN,Federal Contract Tower,0,1,15,0,16,0,7,67,0,74,0,8,82,0,90,124,0,124,214
05/01/2015,EWB,MA,ANE,EN,Federal Contract Tower,0,0,29,0,29,0,7,53,0,60,0,7,82,0,89,90,2,92,181
05/02/2015,EWB,MA,ANE,EN,Federal Contract Tower,0,4,22,0,26,0,5,68,0,73,0,9,90,0,99,96,0,96,195
05/03/2015,EWB,MA,ANE,EN,Federal Contract Tower,0,1,18,0,19,0,12,89,0,101,0,13,107,0,120,78,0,78,198
05/04/2015,EWB,MA,ANE,EN,Federal Contract Tower,0,8,9,0,17,0,13,72,0,85,0,21,81,0,102,68,0,68,170
05/06/2015,EWB,MA,ANE,EN,Federal Contract Tower,0,1,18,0,19,0,15,87,0,102,0,16,105,0,121,124,10,134,255
05/07/2015,EWB,MA,ANE,EN,Federal Contract Tower,0,2,14,0,16,0,9,72,4,85,0,11,86,4,101,74,0,74,175
05/08/2015,EWB,MA,ANE,EN,Federal Contract Tower,0,1,17,0,18,0,7,81,0,88,0,8,98,0,106,112,0,112,218
05/09/2015,EWB,MA,ANE,EN,Federal Contract Tower,0,5,12,0,17,0,1,16,0,17,0,6,28,0,34,14,0,14,48
05/10/2015,EWB,MA,ANE,EN,Federal Contract Tower,0,3,5,0,8,0,4,22,0,26,0,7,27,0,34,18,0,18,52
05/11/2015,EWB,MA,ANE,EN,Federal Contract Tower,0,8,11,0,19,0,3,22,0,25,0,11,33,0,44,36,4,40,84
05/12/2015,EWB,MA,ANE,EN,Federal Contract Tower,0,9,3,2,14,0,9,43,0,52,0,18,46,2,66,50,2,52,118
05/13/2015,EWB,MA,ANE,EN,Federal Contract Tower,0,3,3,2,8,0,9,60,2,71,0,12,63,4,79,40,22,62,141
05/14/2015,EWB,MA,ANE,EN,Federal Contract Tower,0,2,18,0,20,0,10,77,0,87,0,12,95,0,107,120,4,124,231
05/15/2015,EWB,MA,ANE,EN,Federal Contract Tower,0,2,7,0,9,0,20,55,0,75,0,22,62,0,84,122,0,122,206
05/16/2015,EWB,MA,ANE,EN,Federal Contract Tower,0,6,11,0,17,0,9,158,0,167,0,15,169,0,184,46,0,46,230
05/17/2015,EWB,MA,ANE,EN,Federal Contract Tower,0,3,15,0,18,0,7,58,0,65,0,10,73,0,83,16,0,16,99
05/18/2015,EWB,MA,ANE,EN,Federal Contract Tower,0,2,12,0,14,0,4,22,0,26,0,6,34,0,40,48,0,48,88
05/19/2015,EWB,MA,ANE,EN,Federal Contract Tower,0,6,4,0,10,0,0,0,0,0,0,6,4,0,10,0,0,0,10
05/21/2015,EWB,MA,ANE,EN,Federal Contract Tower,0,1,21,4,26,0,6,80,3,89,0,7,101,7,115,88,0,88,203
05/22/2015,EWB,MA,ANE,EN,Federal Contract Tower,0,8,14,2,24,0,14,77,0,91,0,22,91,2,115,52,2,54,169
05/23/2015,EWB,MA,ANE,EN,Federal Contract Tower,0,2,5,0,7,0,7,64,0,71,0,9,69,0,78,22,0,22,100
05/24/2015,EWB,MA,ANE,EN,Federal Contract Tower,0,5,10,0,15,0,6,55,1,62,0,11,65,1,77,16,0,16,93
05/25/2015,EWB,MA,ANE,EN,Federal Contract Tower,0,0,6,0,6,0,17,55,0,72,0,17,61,0,78,26,0,26,104
05/26/2015,EWB,MA,ANE,EN,Federal Contract Tower,0,0,10,0,10,0,10,61,0,71,0,10,71,0,81,116,0,116,197
05/27/2015,EWB,MA,ANE,EN,Federal Contract Tower,0,7,11,0,18,0,12,36,0,48,0,19,47,0,66,24,0,24,90
05/28/2015,EWB,MA,ANE,EN,Federal Contract Tower,0,8,31,0,39,0,0,36,0,36,0,8,67,0,75,0,0,0,75
05/29/2015,EWB,MA,ANE,EN,Federal Contract Tower,0,1,20,2,23,0,11,100,0,111,0,12,120,2,134,118,40,158,292
05/30/2015,EWB,MA,ANE,EN,Federal Contract Tower,0,1,12,0,13,0,8,46,0,54,0,9,58,0,67,22,0,22,89
05/31/2015,EWB,MA,ANE,EN,Federal Contract Tower,0,6,1,0,7,0,5,4,0,9,0,11,5,0,16,10,0,10,26
06/01/2015,EWB,MA,ANE,EN,Federal Contract Tower,0,9,9,0,18,0,0,0,0,0,0,9,9,0,18,0,0,0,18
06/02/2015,EWB,MA,ANE,EN,Federal Contract Tower,0,13,22,0,35,0,0,0,0,0,0,13,22,0,35,8,0,8,43
06/03/2015,EWB,MA,ANE,EN,Federal Contract Tower,0,5,9,0,14,0,9,67,0,76,0,14,76,0,90,92,0,92,182
06/04/2015,EWB,MA,ANE,EN,Federal Contract Tower,0,6,21,0,27,0,19,103,8,130,0,25,124,8,157,114,0,114,271
06/05/2015,EWB,MA,ANE,EN,Federal Contract Tower,0,1,9,0,10,0,9,80,0,89,0,10,89,0,99,112,0,112,211
06/06/2015,EWB,MA,ANE,EN,Federal Contract Tower,0,4,8,0,12,0,7,38,0,45,0,11,46,0,57,54,0,54,111
06/07/2015,EWB,MA,ANE,EN,Federal Contract Tower,0,1,9,0,10,0,10,65,0,75,0,11,74,0,85,82,0,82,167
06/08/2015,EWB,MA,ANE,EN,Federal Contract Tower,0,1,6,0,7,0,6,36,0,42,0,7,42,0,49,26,0,26,75
06/09/2015,EWB,MA,ANE,EN,Federal Contract Tower,0,6,1,0,7,0,2,3,0,5,0,8,4,0,12,0,0,0,12
06/10/2015,EWB,MA,ANE,EN,Federal Contract Tower,0,1,14,0,15,0,10,106,4,120,0,11,120,4,135,136,8,144,279
06/11/2015,EWB,MA,ANE,EN,Federal Contract Tower,0,2,3,0,5,0,13,72,0,85,0,15,75,0,90,106,4,110,200
06/12/2015,EWB,MA,ANE,EN,Federal Contract Tower,0,4,9,0,13,0,9,74,0,83,0,13,83,0,96,58,16,74,170
06/13/2015,EWB,MA,ANE,EN,Federal Contract Tower,0,7,9,0,16,0,9,43,0,52,0,16,52,0,68,34,0,34,102
06/14/2015,EWB,MA,ANE,EN,Federal Contract Tower,0,3,25,0,28,0,11,90,0,101,0,14,115,0,129,100,2,102,231
06/15/2015,EWB,MA,ANE,EN,Federal Contract Tower,0,4,4,0,8,0,2,3,0,5,0,6,7,0,13,0,0,0,13
06/16/2015,EWB,MA,ANE,EN,Federal Contract Tower,0,9,8,0,17,0,2,8,0,10,0,11,16,0,27,16,0,16,43
06/17/2015,EWB,MA,ANE,EN,Federal Contract Tower,0,10,14,0,24,0,6,78,2,86,0,16,92,2,110,80,4,84,194
06/18/2015,EWB,MA,ANE,EN,Federal Contract Tower,0,7,10,0,17,0,9,79,2,90,0,16,89,2,107,120,20,140,247
06/19/2015,EWB,MA,ANE,EN,Federal Contract Tower,0,16,10,0,26,0,8,75,2,85,0,24,85,2,111,74,0,74,185
06/20/2015,EWB,MA,ANE,EN,Federal Contract Tower,0,4,14,0,18,0,11,77,0,88,0,15,91,0,106,40,0,40,146
06/21/2015,EWB,MA,ANE,EN,Federal Contract Tower,0,18,3,0,21,0,2,3,0,5,0,20,6,0,26,0,0,0,26
06/22/2015,EWB,MA,ANE,EN,Federal Contract Tower,0,1,9,4,14,0,7,77,2,86,0,8,86,6,100,124,0,124,224
06/23/2015,EWB,MA,ANE,EN,Federal Contract Tower,0,1,5,0,6,0,7,16,0,23,0,8,21,0,29,34,0,34,63
06/24/2015,EWB,MA,ANE,EN,Federal Contract Tower,0,5,10,2,17,0,7,98,0,105,0,12,108,2,122,132,2,134,256
06/25/2015,EWB,MA,ANE,EN,Federal Contract Tower,0,1,12,0,13,0,8,61,2,71,0,9,73,2,84,112,2,114,198
06/26/2015,EWB,MA,ANE,EN,Federal Contract Tower,0,15,6,0,21,0,36,79,2,117,0,51,85,2,138,104,2,106,244
06/27/2015,EWB,MA,ANE,EN,Federal Contract Tower,0,9,34,0,43,0,28,80,0,108,0,37,114,0,151,84,0,84,235
06/29/2015,EWB,MA,ANE,EN,Federal Contract Tower,0,13,14,0,27,0,8,40,0,48,0,21,54,0,75,116,4,120,195
07/01/2015,EWB,MA,ANE,EN,Federal Contract Tower,0,4,5,0,9,0,7,24,0,31,0,11,29,0,40,30,0,30,70
07/02/2015,EWB,MA,ANE,EN,Federal Contract Tower,0,0,16,0,16,0,25,93,0,118,0,25,109,0,134,88,2,90,224
07/03/2015,EWB,MA,ANE,EN,Federal Contract Tower,0,1,5,1,7,0,25,71,2,98,0,26,76,3,105,18,0,18,123
07/04/2015,EWB,MA,ANE,EN,Federal Contract Tower,0,0,5,0,5,0,15,26,0,41,0,15,31,0,46,24,0,24,70
07/05/2015,EWB,MA,ANE,EN,Federal Contract Tower,0,8,7,0,15,0,24,70,0,94,0,32,77,0,109,46,0,46,155
07/06/2015,EWB,MA,ANE,EN,Federal Contract Tower,0,6,17,0,23,0,19,69,0,88,0,25,86,0,111,80,0,80,191
07/07/2015,EWB,MA,ANE,EN,Federal Contract Tower,0,8,22,0,30,0,9,18,0,27,0,17,40,0,57,78,0,78,135
07/08/2015,EWB,MA,ANE,EN,Federal Contract Tower,0,5,11,0,16,0,17,32,0,49,0,22,43,0,65,8,0,8,73
07/09/2015,EWB,MA,ANE,EN,Federal Contract Tower,0,6,12,0,18,0,23,56,0,79,0,29,68,0,97,102,10,112,209
07/10/2015,EWB,MA,ANE,EN,Federal Contract Tower,0,25,32,0,57,0,18,47,0,65,0,43,79,0,122,64,4,68,190
07/11/2015,EWB,MA,ANE,EN,Federal Contract Tower,0,2,24,0,26,0,25,111,0,136,0,27,135,0,162,114,2,116,278
07/12/2015,EWB,MA,ANE,EN,Federal Contract Tower,0,7,10,0,17,0,29,73,0,102,0,36,83,0,119,36,0,36,155
07/13/2015,EWB,MA,ANE,EN,Federal Contract Tower,0,2,15,0,17,0,16,61,0,77,0,18,76,0,94,92,0,92,186
07/14/2015,EWB,MA,ANE,EN,Federal Contract Tower,0,8,13,0,21,0,19,48,0,67,0,27,61,0,88,56,0,56,144
07/15/2015,EWB,MA,ANE,EN,Federal Contract Tower,0,8,6,0,14,0,9,38,0,47,0,17,44,0,61,60,0,60,121
07/16/2015,EWB,MA,ANE,EN,Federal Contract Tower,0,6,19,4,29,0,33,114,0,147,0,39,133,4,176,82,8,90,266
07/17/2015,EWB,MA,ANE,EN,Federal Contract Tower,0,3,11,4,18,0,38,100,0,138,0,41,111,4,156,68,2,70,226
07/18/2015,EWB,MA,ANE,EN,Federal Contract Tower,0,6,10,0,16,0,23,38,0,61,0,29,48,0,77,40,2,42,119
07/19/2015,EWB,MA,ANE,EN,Federal Contract Tower,0,27,5,0,32,0,13,45,0,58,0,40,50,0,90,26,0,26,116
07/20/2015,EWB,MA,ANE,EN,Federal Contract Tower,0,5,11,0,16,0,19,42,0,61,0,24,53,0,77,30,0,30,107
07/21/2015,EWB,MA,ANE,EN,Federal Contract Tower,0,5,1,0,6,0,21,62,2,85,0,26,63,2,91,88,0,88,179
07/22/2015,EWB,MA,ANE,EN,Federal Contract Tower,0,2,21,0,23,0,15,102,8,125,0,17,123,8,148,110,8,118,266
07/23/2015,EWB,MA,ANE,EN,Federal Contract Tower,0,4,8,4,16,0,31,95,0,126,0,35,103,4,142,132,6,138,280
07/24/2015,EWB,MA,ANE,EN,Federal Contract Tower,0,5,6,0,11,0,43,93,0,136,0,48,99,0,147,116,0,116,263
07/25/2015,EWB,MA,ANE,EN,Federal Contract Tower,0,2,7,0,9,0,20,55,0,75,0,22,62,0,84,44,0,44,128
07/26/2015,EWB,MA,ANE,EN,Federal Contract Tower,0,6,5,0,11,0,22,18,0,40,0,28,23,0,51,24,0,24,75
07/27/2015,EWB,MA,ANE,EN,Federal Contract Tower,0,4,8,0,12,0,14,24,4,42,0,18,32,4,54,58,2,60,114
07/28/2015,EWB,MA,ANE,EN,Federal Contract Tower,0,8,9,2,19,0,16,38,0,54,0,24,47,2,73,76,2,78,151
07/29/2015,EWB,MA,ANE,EN,Federal Contract Tower,0,3,20,2,25,0,24,90,0,114,0,27,110,2,139,130,4,134,273
07/30/2015,EWB,MA,ANE,EN,Federal Contract Tower,0,11,15,0,26,0,19,61,0,80,0,30,76,0,106,50,2,52,158
07/31/2015,EWB,MA,ANE,EN,Federal Contract Tower,0,1,7,0,8,0,35,79,4,118,0,36,86,4,126,126,4,130,256
08/01/2015,EWB,MA,ANE,EN,Federal Contract Tower,0,0,14,0,14,0,29,48,0,77,0,29,62,0,91,30,0,30,121
08/02/2015,EWB,MA,ANE,EN,Federal Contract Tower,0,5,13,0,18,0,34,61,0,95,0,39,74,0,113,62,0,62,175
08/03/2015,EWB,MA,ANE,EN,Federal Contract Tower,0,3,11,0,14,0,17,50,0,67,0,20,61,0,81,66,0,66,147
08/04/2015,EWB,MA,ANE,EN,Federal Contract Tower,0,18,6,0,24,0,13,70,0,83,0,31,76,0,107,96,4,100,207
08/05/2015,EWB,MA,ANE,EN,Federal Contract Tower,0,1,29,4,34,0,15,99,0,114,0,16,128,4,148,90,4,94,242
08/06/2015,EWB,MA,ANE,EN,Federal Contract Tower,0,3,16,0,19,0,25,72,0,97,0,28,88,0,116,82,30,112,228
08/07/2015,EWB,MA,ANE,EN,Federal Contract Tower,0,14,3,0,17,0,30,69,0,99,0,44,72,0,116,46,2,48,164
08/08/2015,EWB,MA,ANE,EN,Federal Contract Tower,0,7,9,0,16,0,22,12,0,34,0,29,21,0,50,0,0,0,50
08/09/2015,EWB,MA,ANE,EN,Federal Contract Tower,0,19,10,0,29,0,1,4,0,5,0,20,14,0,34,6,0,6,40
08/10/2015,EWB,MA,ANE,EN,Federal Contract Tower,0,12,13,0,25,0,19,33,0,52,0,31,46,0,77,0,0,0,77
08/11/2015,EWB,MA,ANE,EN,Federal Contract Tower,0,23,1,0,24,0,4,0,0,4,0,27,1,0,28,0,0,0,28
08/12/2015,EWB,MA,ANE,EN,Federal Contract Tower,0,10,13,0,23,0,18,56,0,74,0,28,69,0,97,2,4,6,103
08/13/2015,EWB,MA,ANE,EN,Federal Contract Tower,0,5,15,0,20,0,17,37,0,54,0,22,52,0,74,0,0,0,74
08/14/2015,EWB,MA,ANE,EN,Federal Contract Tower,0,9,7,0,16,0,25,57,4,86,0,34,64,4,102,0,2,2,104
08/15/2015,EWB,MA,ANE,EN,Federal Contract Tower,0,6,8,0,14,0,27,21,0,48,0,33,29,0,62,0,0,0,62
08/16/2015,EWB,MA,ANE,EN,Federal Contract Tower,0,6,10,1,17,0,22,23,0,45,0,28,33,1,62,0,0,0,62
08/17/2015,EWB,MA,ANE,EN,Federal Contract Tower,0,5,16,0,21,0,18,25,0,43,0,23,41,0,64,0,0,0,64
08/18/2015,EWB,MA,ANE,EN,Federal Contract Tower,0,7,7,0,14,0,14,37,0,51,0,21,44,0,65,8,0,8,73
08/19/2015,EWB,MA,ANE,EN,Federal Contract Tower,0,8,3,0,11,0,8,46,0,54,0,16,49,0,65,4,2,6,71
08/20/2015,EWB,MA,ANE,EN,Federal Contract Tower,0,14,13,0,27,0,11,47,0,58,0,25,60,0,85,0,0,0,85
08/21/2015,EWB,MA,ANE,EN,Federal Contract Tower,0,18,12,0,30,0,17,15,0,32,0,35,27,0,62,0,0,0,62
08/22/2015,EWB,MA,ANE,EN,Federal Contract Tower,0,25,10,0,35,0,2,0,0,2,0,27,10,0,37,0,0,0,37
08/23/2015,EWB,MA,ANE,EN,Federal Contract Tower,0,27,7,0,34,0,4,8,0,12,0,31,15,0,46,2,0,2,48
08/24/2015,EWB,MA,ANE,EN,Federal Contract Tower,0,21,23,0,44,0,4,35,0,39,0,25,58,0,83,30,0,30,113
08/25/2015,EWB,MA,ANE,EN,Federal Contract Tower,0,12,16,0,28,0,12,61,0,73,0,24,77,0,101,94,0,94,195
08/26/2015,EWB,MA,ANE,EN,Federal Contract Tower,0,9,16,0,25,0,12,89,0,101,0,21,105,0,126,92,8,100,226
08/27/2015,EWB,MA,ANE,EN,Federal Contract Tower,0,7,18,0,25,0,32,113,0,145,0,39,131,0,170,102,4,106,276
08/28/2015,EWB,MA,ANE,EN,Federal Contract Tower,0,4,15,0,19,0,35,125,0,160,0,39,140,0,179,140,4,144,323
08/29/2015,EWB,MA,ANE,EN,Federal Contract Tower,0,1,10,0,11,0,23,95,0,118,0,24,105,0,129,64,2,66,195
08/30/2015,EWB,MA,ANE,EN,Federal Contract Tower,0,5,15,0,20,0,25,47,0,72,0,30,62,0,92,58,0,58,150
08/31/2015,EWB,MA,ANE,EN,Federal Contract Tower,0,6,6,0,12,0,18,37,0,55,0,24,43,0,67,34,0,34,101
09/01/2015,EWB,MA,ANE,EN,Federal Contract Tower,0,3,19,0,22,0,27,90,0,117,0,30,109,0,139,56,4,60,199
09/02/2015,EWB,MA,ANE,EN,Federal Contract Tower,0,9,33,0,42,0,17,55,0,72,0,26,88,0,114,82,2,84,198
09/03/2015,EWB,MA,ANE,EN,Federal Contract Tower,0,3,6,0,9,0,22,74,2,98,0,25,80,2,107,76,0,76,183
09/04/2015,EWB,MA,ANE,EN,Federal Contract Tower,0,21,20,0,41,0,27,65,0,92,0,48,85,0,133,88,0,88,221
09/05/2015,EWB,MA,ANE,EN,Federal Contract Tower,0,0,5,0,5,0,20,102,0,122,0,20,107,0,127,60,0,60,187
09/06/2015,EWB,MA,ANE,EN,Federal Contract Tower,0,0,2,0,2,0,21,50,0,71,0,21,52,0,73,34,0,34,107
09/07/2015,EWB,MA,ANE,EN,Federal Contract Tower,0,7,5,0,12,0,15,53,0,68,0,22,58,0,80,0,0,0,80
09/08/2015,EWB,MA,ANE,EN,Federal Contract Tower,0,1,3,0,4,0,16,77,0,93,0,17,80,0,97,92,0,92,189
09/09/2015,EWB,MA,ANE,EN,Federal Contract Tower,0,8,7,0,15,0,14,46,0,60,0,22,53,0,75,72,0,72,147
09/10/2015,EWB,MA,ANE,EN,Federal Contract Tower,0,16,5,0,21,0,4,0,0,4,0,20,5,0,25,2,0,2,27
09/11/2015,EWB,MA,ANE,EN,Federal Contract Tower,0,27,22,0,49,0,12,21,0,33,0,39,43,0,82,45,0,45,127
09/12/2015,EWB,MA,ANE,EN,Federal Contract Tower,0,4,30,0,34,0,15,75,0,90,0,19,105,0,124,50,4,54,178
09/13/2015,EWB,MA,ANE,EN,Federal Contract Tower,0,13,12,0,25,0,0,1,0,1,0,13,13,0,26,0,0,0,26
09/14/2015,EWB,MA,ANE,EN,Federal Contract Tower,0,4,15,0,19,0,23,69,0,92,0,27,84,0,111,74,0,74,185
09/15/2015,EWB,MA,ANE,EN,Federal Contract Tower,0,2,8,0,10,0,13,105,2,120,0,15,113,2,130,180,8,188,318
09/16/2015,EWB,MA,ANE,EN,Federal Contract Tower,0,2,17,0,19,0,11,113,0,124,0,13,130,0,143,178,2,180,323
09/17/2015,EWB,MA,ANE,EN,Federal Contract Tower,0,7,8,0,15,0,21,88,2,111,0,28,96,2,126,140,6,146,272
09/18/2015,EWB,MA,ANE,EN,Federal Contract Tower,0,9,9,0,18,0,21,105,0,126,0,30,114,0,144,162,2,164,308
09/19/2015,EWB,MA,ANE,EN,Federal Contract Tower,0,6,24,0,30,0,9,82,0,91,0,15,106,0,121,142,0,142,263
09/20/2015,EWB,MA,ANE,EN,Federal Contract Tower,0,8,11,0,19,0,20,47,0,67,0,28,58,0,86,24,0,24,110
09/21/2015,EWB,MA,ANE,EN,Federal Contract Tower,0,3,8,0,11,0,16,45,0,61,0,19,53,0,72,50,4,54,126
09/22/2015,EWB,MA,ANE,EN,Federal Contract Tower,0,7,21,0,28,0,17,62,0,79,0,24,83,0,107,112,0,112,219
09/23/2015,EWB,MA,ANE,EN,Federal Contract Tower,0,2,25,0,27,0,9,69,0,78,0,11,94,0,105,142,0,142,247
09/24/2015,EWB,MA,ANE,EN,Federal Contract Tower,0,6,32,6,44,0,27,71,3,101,0,33,103,9,145,110,10,120,265
09/26/2015,EWB,MA,ANE,EN,Federal Contract Tower,0,1,20,0,21,0,13,67,0,80,0,14,87,0,101,70,0,70,171
09/27/2015,EWB,MA,ANE,EN,Federal Contract Tower,0,2,2,0,4,0,25,59,0,84,0,27,61,0,88,44,0,44,132
09/28/2015,EWB,MA,ANE,EN,Federal Contract Tower,0,2,5,0,7,0,19,65,0,84,0,21,70,0,91,132,0,132,223
09/29/2015,EWB,MA,ANE,EN,Federal Contract Tower,0,6,22,0,28,0,9,27,0,36,0,15,49,0,64,62,0,62,126
09/30/2015,EWB,MA,ANE,EN,Federal Contract Tower,0,4,2,0,6,0,0,0,0,0,0,4,2,0,6,0,0,0,6
10/01/2015,EWB,MA,ANE,EN,Federal Contract Tower,0,12,4,0,16,0,7,2,0,9,0,19,6,0,25,0,0,0,25
10/02/2015,EWB,MA,ANE,EN,Federal Contract Tower,0,16,10,0,26,0,0,0,0,0,0,16,10,0,26,0,0,0,26
10/03/2015,EWB,MA,ANE,EN,Federal Contract Tower,0,9,4,0,13,0,3,0,0,3,0,12,4,0,16,0,0,0,16
10/04/2015,EWB,MA,ANE,EN,Federal Contract Tower,0,4,4,0,8,0,16,20,0,36,0,20,24,0,44,4,0,4,48
10/05/2015,EWB,MA,ANE,EN,Federal Contract Tower,0,13,17,0,30,0,9,60,0,69,0,22,77,0,99,128,0,128,227
10/06/2015,EWB,MA,ANE,EN,Federal Contract Tower,0,0,9,1,10,0,15,88,0,103,0,15,97,1,113,118,0,118,231
10/07/2015,EWB,MA,ANE,EN,Federal Contract Tower,0,0,34,2,36,0,13,93,1,107,0,13,127,3,143,182,30,212,355
10/08/2015,EWB,MA,ANE,EN,Federal Contract Tower,0,0,22,0,22,0,21,67,0,88,0,21,89,0,110,158,4,162,272
10/09/2015,EWB,MA,ANE,EN,Federal Contract Tower,0,2,3,0,5,0,29,45,0,74,0,31,48,0,79,58,0,58,137
10/10/2015,EWB,MA,ANE,EN,Federal Contract Tower,0,4,6,0,10,0,14,90,0,104,0,18,96,0,114,130,0,130,244
10/11/2015,EWB,MA,ANE,EN,Federal Contract Tower,0,6,11,0,17,0,15,42,0,57,0,21,53,0,74,42,0,42,116
10/12/2015,EWB,MA,ANE,EN,Federal Contract Tower,0,1,21,0,22,0,13,47,0,60,0,14,68,0,82,32,0,32,114
10/13/2015,EWB,MA,ANE,EN,Federal Contract Tower,0,9,1,0,10,0,7,29,0,36,0,16,30,0,46,68,0,68,114
10/14/2015,EWB,MA,ANE,EN,Federal Contract Tower,0,7,0,0,7,0,9,65,0,74,0,16,65,0,81,63,4,67,148
10/15/2015,EWB,MA,ANE,EN,Federal Contract Tower,0,3,25,0,28,0,12,113,0,125,0,15,138,0,153,168,0,168,321
10/16/2015,EWB,MA,ANE,EN,Federal Contract Tower,0,4,14,0,18,0,20,45,2,67,0,24,59,2,85,62,0,62,147
10/17/2015,EWB,MA,ANE,EN,Federal Contract Tower,0,3,2,0,5,0,13,54,0,67,0,16,56,0,72,70,6,76,148
10/18/2015,EWB,MA,ANE,EN,Federal Contract Tower,0,4,2,0,6,0,11,29,0,40,0,15,31,0,46,26,0,26,72
10/19/2015,EWB,MA,ANE,EN,Federal Contract Tower,0,4,12,0,16,0,25,55,0,80,0,29,67,0,96,112,0,112,208
10/20/2015,EWB,MA,ANE,EN,Federal Contract Tower,0,1,7,0,8,0,6,39,0,45,0,7,46,0,53,74,0,74,127
10/21/2015,EWB,MA,ANE,EN,Federal Contract Tower,0,1,17,1,19,0,14,70,0,84,0,15,87,1,103,270,6,276,379
10/22/2015,EWB,MA,ANE,EN,Federal Contract Tower,0,1,5,0,6,0,6,68,0,74,0,7,73,0,80,124,2,126,206
10/23/2015,EWB,MA,ANE,EN,Federal Contract Tower,0,7,13,0,20,0,12,93,0,105,0,19,106,0,125,272,0,272,397
10/24/2015,EWB,MA,ANE,EN,Federal Contract Tower,0,2,7,0,9,0,8,179,0,187,0,10,186,0,196,434,0,434,630
10/25/2015,EWB,MA,ANE,EN,Federal Contract Tower,0,0,19,0,19,0,6,65,0,71,0,6,84,0,90,50,0,50,140
10/26/2015,EWB,MA,ANE,EN,Federal Contract Tower,0,0,7,0,7,0,7,117,0,124,0,7,124,0,131,72,0,72,203
10/27/2015,EWB,MA,ANE,EN,Federal Contract Tower,0,3,7,0,10,0,9,111,0,120,0,12,118,0,130,136,0,136,266
10/28/2015,EWB,MA,ANE,EN,Federal Contract Tower,0,8,3,0,11,0,6,25,0,31,0,14,28,0,42,26,2,28,70
10/29/2015,EWB,MA,ANE,EN,Federal Contract Tower,0,4,4,0,8,0,6,29,0,35,0,10,33,0,43,48,0,48,91
10/30/2015,EWB,MA,ANE,EN,Federal Contract Tower,0,3,16,0,19,0,8,76,0,84,0,11,92,0,103,134,0,134,237
10/31/2015,EWB,MA,ANE,EN,Federal Contract Tower,0,1,10,0,11,0,12,106,0,118,0,13,116,0,129,100,0,100,229
11/01/2015,EWB,MA,ANE,EN,Federal Contract Tower,0,5,19,2,26,0,5,20,0,25,0,10,39,2,51,24,0,24,75
11/02/2015,EWB,MA,ANE,EN,Federal Contract Tower,0,2,6,0,8,0,9,68,0,77,0,11,74,0,85,90,2,92,177
11/03/2015,EWB,MA,ANE,EN,Federal Contract Tower,0,1,12,0,13,0,9,68,0,77,0,10,80,0,90,144,2,146,236
11/04/2015,EWB,MA,ANE,EN,Federal Contract Tower,0,0,12,0,12,0,10,71,0,81,0,10,83,0,93,160,0,160,253
11/05/2015,EWB,MA,ANE,EN,Federal Contract Tower,0,8,19,1,28,0,5,34,1,40,0,13,53,2,68,32,0,32,100
11/06/2015,EWB,MA,ANE,EN,Federal Contract Tower,0,14,11,0,25,0,0,0,0,0,0,14,11,0,25,0,0,0,25
11/07/2015,EWB,MA,ANE,EN,Federal Contract Tower,0,2,18,2,22,0,7,58,0,65,0,9,76,2,87,50,4,54,141
11/08/2015,EWB,MA,ANE,EN,Federal Contract Tower,0,1,5,0,6,0,8,41,0,49,0,9,46,0,55,32,0,32,87
11/09/2015,EWB,MA,ANE,EN,Federal Contract Tower,0,4,9,0,13,0,12,34,0,46,0,16,43,0,59,58,0,58,117
11/10/2015,EWB,MA,ANE,EN,Federal Contract Tower,0,9,12,0,21,0,4,52,0,56,0,13,64,0,77,66,0,66,143
11/11/2015,EWB,MA,ANE,EN,Federal Contract Tower,0,21,5,0,26,0,0,0,0,0,0,21,5,0,26,0,0,0,26
11/12/2015,EWB,MA,ANE,EN,Federal Contract Tower,0,18,17,0,35,0,0,0,0,0,0,18,17,0,35,0,0,0,35
11/13/2015,EWB,MA,ANE,EN,Federal Contract Tower,0,3,22,0,25,0,6,68,0,74,0,9,90,0,99,96,18,114,213
11/14/2015,EWB,MA,ANE,EN,Federal Contract Tower,0,4,6,0,10,0,4,26,0,30,0,8,32,0,40,16,0,16,56
11/15/2015,EWB,MA,ANE,EN,Federal Contract Tower,0,1,7,0,8,0,7,43,0,50,0,8,50,0,58,72,0,72,130
11/16/2015,EWB,MA,ANE,EN,Federal Contract Tower,0,2,8,0,10,0,6,64,0,70,0,8,72,0,80,118,0,118,198
11/17/2015,EWB,MA,ANE,EN,Federal Contract Tower,0,3,2,0,5,0,12,82,0,94,0,15,84,0,99,108,0,108,207
11/18/2015,EWB,MA,ANE,EN,Federal Contract Tower,0,2,4,0,6,0,9,87,0,96,0,11,91,0,102,46,6,52,154
11/19/2015,EWB,MA,ANE,EN,Federal Contract Tower,0,4,10,0,14,0,8,50,0,58,0,12,60,0,72,140,0,140,212
11/20/2015,EWB,MA,ANE,EN,Federal Contract Tower,0,8,17,7,32,0,9,66,4,79,0,17,83,11,111,102,0,102,213
11/21/2015,EWB,MA,ANE,EN,Federal Contract Tower,0,0,13,0,13,0,7,94,0,101,0,7,107,0,114,52,8,60,174
11/22/2015,EWB,MA,ANE,EN,Federal Contract Tower,0,5,8,0,13,0,1,2,0,3,0,6,10,0,16,0,0,0,16
11/23/2015,EWB,MA,ANE,EN,Federal Contract Tower,0,1,22,0,23,0,23,59,0,82,0,24,81,0,105,72,0,72,177
11/24/2015,EWB,MA,ANE,EN,Federal Contract Tower,0,6,19,0,25,0,31,53,0,84,0,37,72,0,109,78,0,78,187
11/25/2015,EWB,MA,ANE,EN,Federal Contract Tower,0,3,21,0,24,0,22,98,0,120,0,25,119,0,144,130,0,130,274
11/26/2015,EWB,MA,ANE,EN,Federal Contract Tower,0,1,4,0,5,0,7,13,0,20,0,8,17,0,25,8,0,8,33
11/27/2015,EWB,MA,ANE,EN,Federal Contract Tower,0,6,8,0,14,0,8,28,0,36,0,14,36,0,50,6,0,6,56
11/28/2015,EWB,MA,ANE,EN,Federal Contract Tower,0,6,6,0,12,0,4,11,0,15,0,10,17,0,27,14,0,14,41
11/29/2015,EWB,MA,ANE,EN,Federal Contract Tower,0,2,17,0,19,0,3,63,0,66,0,5,80,0,85,84,0,84,169
11/30/2015,EWB,MA,ANE,EN,Federal Contract Tower,0,9,14,0,23,0,5,36,0,41,0,14,50,0,64,70,0,70,134
12/01/2015,EWB,MA,ANE,EN,Federal Contract Tower,0,9,3,0,12,0,10,39,0,49,0,19,42,0,61,78,0,78,139
12/02/2015,EWB,MA,ANE,EN,Federal Contract Tower,0,10,9,0,19,0,0,0,0,0,0,10,9,0,19,0,0,0,19
12/03/2015,EWB,MA,ANE,EN,Federal Contract Tower,0,0,4,0,4,0,5,39,0,44,0,5,43,0,48,62,0,62,110
12/04/2015,EWB,MA,ANE,EN,Federal Contract Tower,0,2,18,0,20,0,7,88,0,95,0,9,106,0,115,134,0,134,249
12/05/2015,EWB,MA,ANE,EN,Federal Contract Tower,0,0,26,0,26,0,6,67,0,73,0,6,93,0,99,98,0,98,197
12/06/2015,EWB,MA,ANE,EN,Federal Contract Tower,0,0,0,0,0,0,6,55,0,61,0,6,55,0,61,56,0,56,117
12/07/2015,EWB,MA,ANE,EN,Federal Contract Tower,0,2,5,0,7,0,9,63,0,72,0,11,68,0,79,56,0,56,135
12/08/2015,EWB,MA,ANE,EN,Federal Contract Tower,0,11,11,0,22,0,15,31,0,46,0,26,42,0,68,86,0,86,154
12/09/2015,EWB,MA,ANE,EN,Federal Contract Tower,0,5,17,0,22,0,6,51,1,58,0,11,68,1,80,84,10,94,174
12/10/2015,EWB,MA,ANE,EN,Federal Contract Tower,0,4,16,2,22,0,3,51,0,54,0,7,67,2,76,58,2,60,136
12/11/2015,EWB,MA,ANE,EN,Federal Contract Tower,0,6,25,0,31,0,8,55,0,63,0,14,80,0,94,26,0,26,120
12/12/2015,EWB,MA,ANE,EN,Federal Contract Tower,0,3,11,0,14,0,10,120,0,130,0,13,131,0,144,92,0,92,236
12/13/2015,EWB,MA,ANE,EN,Federal Contract Tower,0,3,14,0,17,0,8,40,0,48,0,11,54,0,65,66,2,68,133
12/14/2015,EWB,MA,ANE,EN,Federal Contract Tower,0,2,1,0,3,0,0,0,0,0,0,2,1,0,3,0,0,0,3
12/15/2015,EWB,MA,ANE,EN,Federal Contract Tower,0,2,3,0,5,0,7,14,0,21,0,9,17,0,26,24,4,28,54
12/16/2015,EWB,MA,ANE,EN,Federal Contract Tower,0,5,21,0,26,0,10,92,2,104,0,15,113,2,130,122,2,124,254
12/17/2015,EWB,MA,ANE,EN,Federal Contract Tower,0,9,18,0,27,0,2,2,0,4,0,11,20,0,31,0,0,0,31
12/18/2015,EWB,MA,ANE,EN,Federal Contract Tower,0,6,8,0,14,0,1,9,0,10,0,7,17,0,24,14,0,14,38
12/19/2015,EWB,MA,ANE,EN,Federal Contract Tower,0,0,6,0,6,0,4,23,0,27,0,4,29,0,33,4,0,4,37
12/20/2015,EWB,MA,ANE,EN,Federal Contract Tower,0,3,8,0,11,0,4,55,0,59,0,7,63,0,70,42,0,42,112
12/21/2015,EWB,MA,ANE,EN,Federal Contract Tower,0,2,9,0,11,0,6,26,4,36,0,8,35,4,47,32,0,32,79
12/22/2015,EWB,MA,ANE,EN,Federal Contract Tower,0,4,11,0,15,0,9,0,0,9,0,13,11,0,24,6,0,6,30
12/23/2015,EWB,MA,ANE,EN,Federal Contract Tower,0,2,13,2,17,0,0,32,0,32,0,2,45,2,49,40,2,42,91
12/24/2015,EWB,MA,ANE,EN,Federal Contract Tower,0,5,1,0,6,0,0,0,0,0,0,5,1,0,6,0,0,0,6
12/25/2015,EWB,MA,ANE,EN,Federal Contract Tower,0,3,0,0,3,0,2,7,0,9,0,5,7,0,12,12,0,12,24
12/26/2015,EWB,MA,ANE,EN,Federal Contract Tower,0,1,3,0,4,0,6,48,0,54,0,7,51,0,58,58,0,58,116
12/27/2015,EWB,MA,ANE,EN,Federal Contract Tower,0,7,3,0,10,0,1,3,0,4,0,8,6,0,14,0,0,0,14
12/28/2015,EWB,MA,ANE,EN,Federal Contract Tower,0,10,9,0,19,0,6,46,0,52,0,16,55,0,71,62,0,62,133
12/29/2015,EWB,MA,ANE,EN,Federal Contract Tower,0,6,0,0,6,0,0,0,0,0,0,6,0,0,6,0,0,0,6
12/30/2015,EWB,MA,ANE,EN,Federal Contract Tower,0,11,5,0,16,0,0,0,0,0,0,11,5,0,16,0,0,0,16
12/31/2015,EWB,MA,ANE,EN,Federal Contract Tower,0,3,7,0,10,0,8,43,0,51,0,11,50,0,61,28,0,28,89
01/01/2016,EWB,MA,ANE,EN,Federal Contract Tower,0,1,17,0,18,0,4,28,0,32,0,5,45,0,50,16,0,16,66
01/02/2016,EWB,MA,ANE,EN,Federal Contract Tower,0,1,9,0,10,0,8,40,0,48,0,9,49,0,58,42,2,44,102
01/03/2016,EWB,MA,ANE,EN,Federal Contract Tower,0,3,5,0,8,0,6,15,0,21,0,9,20,0,29,2,0,2,31
01/04/2016,EWB,MA,ANE,EN,Federal Contract Tower,0,5,7,0,12,0,5,15,0,20,0,10,22,0,32,50,0,50,82
01/05/2016,EWB,MA,ANE,EN,Federal Contract Tower,0,11,15,0,26,0,8,38,0,46,0,19,53,0,72,46,10,56,128
01/06/2016,EWB,MA,ANE,EN,Federal Contract Tower,0,2,14,0,16,8,67,1,0,76,8,69,15,0,92,114,4,118,210
01/07/2016,EWB,MA,ANE,EN,Federal Contract Tower,0,2,14,0,16,0,9,79,4,92,0,11,93,4,108,104,0,104,212
01/08/2016,EWB,MA,ANE,EN,Federal Contract Tower,0,7,13,0,20,0,6,28,0,34,0,13,41,0,54,84,0,84,138
01/09/2016,EWB,MA,ANE,EN,Federal Contract Tower,0,3,6,0,9,0,2,9,0,11,0,5,15,0,20,20,0,20,40
01/10/2016,EWB,MA,ANE,EN,Federal Contract Tower,0,6,0,0,6,0,0,0,0,0,0,6,0,0,6,0,0,0,6
01/11/2016,EWB,MA,ANE,EN,Federal Contract Tower,0,12,7,2,21,0,11,35,0,46,0,23,42,2,67,30,2,32,99
01/12/2016,EWB,MA,ANE,EN,Federal Contract Tower,0,3,9,0,12,0,7,51,0,58,0,10,60,0,70,98,4,102,172
01/13/2016,EWB,MA,ANE,EN,Federal Contract Tower,0,5,2,0,7,0,11,13,0,24,0,16,15,0,31,14,6,20,51
01/14/2016,EWB,MA,ANE,EN,Federal Contract Tower,0,0,13,0,13,0,8,55,4,67,0,8,68,4,80,46,0,46,126
01/15/2016,EWB,MA,ANE,EN,Federal Contract Tower,0,1,13,0,14,0,5,47,0,52,0,6,60,0,66,56,0,56,122
01/16/2016,EWB,MA,ANE,EN,Federal Contract Tower,0,4,2,0,6,0,4,0,0,4,0,8,2,0,10,0,0,0,10
01/17/2016,EWB,MA,ANE,EN,Federal Contract Tower,0,2,7,0,9,0,4,32,0,36,0,6,39,0,45,8,0,8,53
01/18/2016,EWB,MA,ANE,EN,Federal Contract Tower,0,7,3,0,10,0,8,11,0,19,0,15,14,0,29,0,2,2,31
01/19/2016,EWB,MA,ANE,EN,Federal Contract Tower,0,0,1,0,1,0,5,2,0,7,0,5,3,0,8,0,0,0,8
01/20/2016,EWB,MA,ANE,EN,Federal Contract Tower,0,0,8,4,12,0,8,45,2,55,0,8,53,6,67,42,12,54,121
01/22/2016,EWB,MA,ANE,EN,Federal Contract Tower,0,6,34,0,40,0,7,58,0,65,0,13,92,0,105,78,0,78,183
01/23/2016,EWB,MA,ANE,EN,Federal Contract Tower,0,1,0,0,1,0,1,1,1,3,0,2,1,1,4,0,2,2,6
01/24/2016,EWB,MA,ANE,EN,Federal Contract Tower,0,1,6,0,7,0,4,3,0,7,0,5,9,0,14,4,0,4,18
01/25/2016,EWB,MA,ANE,EN,Federal Contract Tower,0,0,15,0,15,0,5,60,0,65,0,5,75,0,80,70,0,70,150
01/26/2016,EWB,MA,ANE,EN,Federal Contract Tower,0,5,8,0,13,0,13,38,0,51,0,18,46,0,64,40,0,40,104
01/27/2016,EWB,MA,ANE,EN,Federal Contract Tower,0,3,17,0,20,0,14,67,0,81,0,17,84,0,101,94,0,94,195
01/28/2016,EWB,MA,ANE,EN,Federal Contract Tower,0,0,13,0,13,0,6,66,0,72,0,6,79,0,85,94,2,96,181
01/29/2016,EWB,MA,ANE,EN,Federal Contract Tower,0,2,1,0,3,0,4,29,0,33,0,6,30,0,36,46,0,46,82
01/30/2016,EWB,MA,ANE,EN,Federal Contract Tower,0,1,24,0,25,0,4,56,0,60,0,5,80,0,85,88,4,92,177
01/31/2016,EWB,MA,ANE,EN,Federal Contract Tower,0,0,8,0,8,0,6,58,0,64,0,6,66,0,72,68,0,68,140
02/01/2016,EWB,MA,ANE,EN,Federal Contract Tower,0,0,21,0,21,0,11,48,0,59,0,11,69,0,80,68,0,68,148
02/02/2016,EWB,MA,ANE,EN,Federal Contract Tower,0,8,4,0,12,0,19,74,0,93,0,27,78,0,105,96,10,106,211
02/03/2016,EWB,MA,ANE,EN,Federal Contract Tower,0,2,1,0,3,0,7,9,2,18,0,9,10,2,21,2,0,2,23
02/04/2016,EWB,MA,ANE,EN,Federal Contract Tower,0,4,6,0,10,0,3,26,0,29,0,7,32,0,39,26,0,26,65
02/05/2016,EWB,MA,ANE,EN,Federal Contract Tower,0,3,0,0,3,0,0,0,0,0,0,3,0,0,3,0,0,0,3
02/06/2016,EWB,MA,ANE,EN,Federal Contract Tower,0,0,5,0,5,0,9,36,0,45,0,9,41,0,50,96,2,98,148
02/07/2016,EWB,MA,ANE,EN,Federal Contract Tower,0,2,21,0,23,0,2,45,0,47,0,4,66,0,70,30,2,32,102
02/08/2016,EWB,MA,ANE,EN,Federal Contract Tower,0,0,0,0,0,0,0,0,0,0,0,0,0,0,0,0,0,0,0
02/09/2016,EWB,MA,ANE,EN,Federal Contract Tower,0,5,6,8,19,0,7,16,0,23,0,12,22,8,42,42,24,66,108
02/10/2016,EWB,MA,ANE,EN,Federal Contract Tower,0,0,0,2,2,0,4,0,0,4,0,4,0,2,6,0,0,0,6
02/11/2016,EWB,MA,ANE,EN,Federal Contract Tower,0,2,12,0,14,0,6,24,0,30,0,8,36,0,44,32,0,32,76
02/12/2016,EWB,MA,ANE,EN,Federal Contract Tower,0,2,10,0,12,0,6,67,0,73,0,8,77,0,85,102,0,102,187
02/13/2016,EWB,MA,ANE,EN,Federal Contract Tower,0,0,5,0,5,0,6,7,0,13,0,6,12,0,18,10,0,10,28
02/14/2016,EWB,MA,ANE,EN,Federal Contract Tower,0,0,2,0,2,0,4,13,0,17,0,4,15,0,19,30,0,30,49
02/15/2016,EWB,MA,ANE,EN,Federal Contract Tower,0,6,6,0,12,0,4,7,0,11,0,10,13,0,23,0,0,0,23
02/16/2016,EWB,MA,ANE,EN,Federal Contract Tower,0,10,1,0,11,0,6,0,0,6,0,16,1,0,17,0,0,0,17
02/17/2016,EWB,MA,ANE,EN,Federal Contract Tower,0,13,14,0,27,0,16,77,0,93,0,29,91,0,120,106,2,108,228
02/18/2016,EWB,MA,ANE,EN,Federal Contract Tower,0,3,12,0,15,0,9,67,0,76,0,12,79,0,91,96,4,100,191
02/19/2016,EWB,MA,ANE,EN,Federal Contract Tower,0,8,12,0,20,0,20,86,0,106,0,28,98,0,126,146,0,146,272
02/20/2016,EWB,MA,ANE,EN,Federal Contract Tower,0,1,22,0,23,0,16,31,0,47,0,17,53,0,70,36,0,36,106
02/21/2016,EWB,MA,ANE,EN,Federal Contract Tower,0,0,8,0,8,0,7,51,0,58,0,7,59,0,66,40,0,40,106
02/22/2016,EWB,MA,ANE,EN,Federal Contract Tower,0,12,16,0,28,0,9,58,0,67,0,21,74,0,95,118,0,118,213
02/23/2016,EWB,MA,ANE,EN,Federal Contract Tower,0,2,9,2,13,0,6,50,2,58,0,8,59,4,71,88,4,92,163
02/24/2016,EWB,MA,ANE,EN,Federal Contract Tower,0,6,0,0,6,0,0,0,0,0,0,6,0,0,6,0,0,0,6
02/25/2016,EWB,MA,ANE,EN,Federal Contract Tower,0,4,2,0,6,0,6,0,0,6,0,10,2,0,12,0,0,0,12
02/26/2016,EWB,MA,ANE,EN,Federal Contract Tower,0,5,0,0,5,0,9,40,0,49,0,14,40,0,54,44,0,44,98
02/27/2016,EWB,MA,ANE,EN,Federal Contract Tower,0,4,6,0,10,0,6,97,0,103,0,10,103,0,113,46,0,46,159
02/28/2016,EWB,MA,ANE,EN,Federal Contract Tower,0,0,5,0,5,0,6,61,0,67,0,6,66,0,72,60,0,60,132
02/29/2016,EWB,MA,ANE,EN,Federal Contract Tower,0,2,16,0,18,0,12,31,0,43,0,14,47,0,61,78,0,78,139
03/01/2016,EWB,MA,ANE,EN,Federal Contract Tower,0,6,10,0,16,0,14,62,0,76,0,20,72,0,92,98,2,100,192
03/02/2016,EWB,MA,ANE,EN,Federal Contract Tower,0,10,2,0,12,0,16,27,2,45,0,26,29,2,57,52,24,76,133
03/03/2016,EWB,MA,ANE,EN,Federal Contract Tower,0,5,15,0,20,0,8,52,0,60,0,13,67,0,80,68,0,68,148
03/04/2016,EWB,MA,ANE,EN,Federal Contract Tower,0,4,0,0,4,0,3,2,0,5,0,7,2,0,9,8,0,8,17
03/05/2016,EWB,MA,ANE,EN,Federal Contract Tower,0,1,7,0,8,0,6,42,0,48,0,7,49,0,56,38,0,38,94
03/06/2016,EWB,MA,ANE,EN,Federal Contract Tower,0,0,4,0,4,0,7,68,0,75,0,7,72,0,79,78,0,78,157
03/07/2016,EWB,MA,ANE,EN,Federal Contract Tower,0,11,7,0,18,0,28,38,0,66,0,39,45,0,84,56,0,56,140
03/08/2016,EWB,MA,ANE,EN,Federal Contract Tower,0,6,7,1,14,0,9,63,1,73,0,15,70,2,87,100,6,106,193
03/09/2016,EWB,MA,ANE,EN,Federal Contract Tower,0,4,0,0,4,0,9,81,0,90,0,13,81,0,94,92,4,96,190
03/10/2016,EWB,MA,ANE,EN,Federal Contract Tower,0,0,8,4,12,0,8,36,4,48,0,8,44,8,60,80,4,84,144
03/11/2016,EWB,MA,ANE,EN,Federal Contract Tower,0,2,12,0,14,0,11,39,0,50,0,13,51,0,64,86,0,86,150
03/12/2016,EWB,MA,ANE,EN,Federal Contract Tower,0,1,12,0,13,0,6,49,0,55,0,7,61,0,68,120,0,120,188
03/13/2016,EWB,MA,ANE,EN,Federal Contract Tower,0,0,25,0,25,0,5,45,2,52,0,5,70,2,77,58,0,58,135
03/14/2016,EWB,MA,ANE,EN,Federal Contract Tower,0,6,0,0,6,0,2,11,0,13,0,8,11,0,19,10,0,10,29
03/15/2016,EWB,MA,ANE,EN,Federal Contract Tower,0,4,5,0,9,0,0,0,0,0,0,4,5,0,9,0,0,0,9
03/16/2016,EWB,MA,ANE,EN,Federal Contract Tower,0,8,24,0,32,0,8,44,0,52,0,16,68,0,84,68,0,68,152
03/17/2016,EWB,MA,ANE,EN,Federal Contract Tower,0,6,30,2,38,0,4,56,2,62,0,10,86,4,100,68,0,68,168
03/18/2016,EWB,MA,ANE,EN,Federal Contract Tower,0,1,2,0,3,0,8,54,0,62,0,9,56,0,65,74,0,74,139
03/19/2016,EWB,MA,ANE,EN,Federal Contract Tower,0,2,25,0,27,0,5,99,0,104,0,7,124,0,131,132,0,132,263
03/20/2016,EWB,MA,ANE,EN,Federal Contract Tower,0,4,0,0,4,0,7,14,0,21,0,11,14,0,25,2,0,2,27
03/21/2016,EWB,MA,ANE,EN,Federal Contract Tower,0,2,2,0,4,0,4,2,0,6,0,6,4,0,10,0,0,0,10
03/22/2016,EWB,MA,ANE,EN,Federal Contract Tower,0,1,16,0,17,0,8,76,0,84,0,9,92,0,101,132,0,132,233
03/23/2016,EWB,MA,ANE,EN,Federal Contract Tower,0,8,18,0,26,0,18,83,2,103,0,26,101,2,129,130,2,132,261
03/24/2016,EWB,MA,ANE,EN,Federal Contract Tower,0,5,10,2,17,0,2,29,0,31,0,7,39,2,48,62,0,62,110
03/25/2016,EWB,MA,ANE,EN,Federal Contract Tower,0,10,3,0,13,0,0,0,0,0,0,10,3,0,13,0,0,0,13
03/26/2016,EWB,MA,ANE,EN,Federal Contract Tower,0,4,9,0,13,0,6,53,0,59,0,10,62,0,72,124,4,128,200
03/27/2016,EWB,MA,ANE,EN,Federal Contract Tower,0,13,3,0,16,0,5,32,0,37,0,18,35,0,53,48,0,48,101
03/28/2016,EWB,MA,ANE,EN,Federal Contract Tower,0,5,6,0,11,0,1,0,0,1,0,6,6,0,12,0,0,0,12
03/29/2016,EWB,MA,ANE,EN,Federal Contract Tower,0,10,3,2,15,0,17,16,0,33,0,27,19,2,48,10,2,12,60
03/30/2016,EWB,MA,ANE,EN,Federal Contract Tower,0,6,23,0,29,0,17,99,2,118,0,23,122,2,147,158,2,160,307
03/31/2016,EWB,MA,ANE,EN,Federal Contract Tower,0,0,2,0,2,0,6,15,0,21,0,6,17,0,23,16,0,16,39
04/01/2016,EWB,MA,ANE,EN,Federal Contract Tower,0,7,6,0,13,0,0,0,0,0,0,7,6,0,13,0,0,0,13
04/02/2016,EWB,MA,ANE,EN,Federal Contract Tower,0,1,23,0,24,0,3,12,0,15,0,4,35,0,39,48,0,48,87
04/03/2016,EWB,MA,ANE,EN,Federal Contract Tower,0,5,1,0,6,0,0,3,0,3,0,5,4,0,9,0,0,0,9
04/04/2016,EWB,MA,ANE,EN,Federal Contract Tower,0,0,0,0,0,0,2,0,0,2,0,2,0,0,2,0,0,0,2
04/05/2016,EWB,MA,ANE,EN,Federal Contract Tower,0,13,8,0,21,0,15,51,0,66,0,28,59,0,87,72,2,74,161
04/06/2016,EWB,MA,ANE,EN,Federal Contract Tower,0,4,27,0,31,0,8,76,0,84,0,12,103,0,115,168,2,170,285
04/07/2016,EWB,MA,ANE,EN,Federal Contract Tower,0,7,0,0,7,0,4,0,0,4,0,11,0,0,11,0,0,0,11
04/08/2016,EWB,MA,ANE,EN,Federal Contract Tower,0,1,18,0,19,0,5,39,0,44,0,6,57,0,63,64,0,64,127
04/09/2016,EWB,MA,ANE,EN,Federal Contract Tower,0,2,3,0,5,0,6,77,2,85,0,8,80,2,90,134,0,134,224
04/10/2016,EWB,MA,ANE,EN,Federal Contract Tower,0,0,2,0,2,0,11,56,0,67,0,11,58,0,69,112,0,112,181
04/11/2016,EWB,MA,ANE,EN,Federal Contract Tower,0,0,4,0,4,0,6,13,0,19,0,6,17,0,23,10,0,10,33
04/12/2016,EWB,MA,ANE,EN,Federal Contract Tower,0,4,6,0,10,0,6,3,0,9,0,10,9,0,19,6,0,6,25
04/13/2016,EWB,MA,ANE,EN,Federal Contract Tower,0,4,27,0,31,0,10,62,0,72,0,14,89,0,103,138,0,138,241
04/14/2016,EWB,MA,ANE,EN,Federal Contract Tower,0,2,19,2,23,0,9,76,0,85,0,11,95,2,108,148,0,148,256
04/15/2016,EWB,MA,ANE,EN,Federal Contract Tower,0,3,18,0,21,0,7,65,0,72,0,10,83,0,93,108,2,110,203
04/16/2016,EWB,MA,ANE,EN,Federal Contract Tower,0,1,18,0,19,0,9,22,0,31,0,10,40,0,50,36,0,36,86
04/17/2016,EWB,MA,ANE,EN,Federal Contract Tower,0,3,17,0,20,0,10,62,0,72,0,13,79,0,92,94,0,94,186
04/18/2016,EWB,MA,ANE,EN,Federal Contract Tower,0,6,10,0,16,0,6,45,0,51,0,12,55,0,67,36,0,36,103
04/19/2016,EWB,MA,ANE,EN,Federal Contract Tower,0,2,9,0,11,0,7,45,0,52,0,9,54,0,63,90,0,90,153
04/20/2016,EWB,MA,ANE,EN,Federal Contract Tower,0,0,20,0,20,0,9,74,0,83,0,9,94,0,103,116,6,122,225
04/21/2016,EWB,MA,ANE,EN,Federal Contract Tower,0,1,7,0,8,0,8,85,0,93,0,9,92,0,101,158,12,170,271
04/22/2016,EWB,MA,ANE,EN,Federal Contract Tower,0,5,15,0,20,0,12,46,0,58,0,17,61,0,78,138,2,140,218
04/23/2016,EWB,MA,ANE,EN,Federal Contract Tower,0,4,9,0,13,0,4,18,0,22,0,8,27,0,35,32,0,32,67
04/24/2016,EWB,MA,ANE,EN,Federal Contract Tower,0,6,22,0,28,0,6,52,0,58,0,12,74,0,86,102,0,102,188
04/25/2016,EWB,MA,ANE,EN,Federal Contract Tower,0,6,6,0,12,0,7,42,0,49,0,13,48,0,61,64,0,64,125
04/26/2016,EWB,MA,ANE,EN,Federal Contract Tower,0,3,1,0,4,0,6,2,0,8,0,9,3,0,12,0,0,0,12
04/27/2016,EWB,MA,ANE,EN,Federal Contract Tower,0,15,15,2,32,0,23,68,0,91,0,38,83,2,123,124,2,126,249
04/28/2016,EWB,MA,ANE,EN,Federal Contract Tower,0,4,16,0,20,0,6,78,0,84,0,10,94,0,104,98,0,98,202
04/29/2016,EWB,MA,ANE,EN,Federal Contract Tower,0,0,22,0,22,0,7,67,0,74,0,7,89,0,96,166,0,166,262
04/30/2016,EWB,MA,ANE,EN,Federal Contract Tower,0,2,27,0,29,0,7,82,0,89,0,9,109,0,118,102,0,102,220
05/01/2016,EWB,MA,ANE,EN,Federal Contract Tower,0,0,8,0,8,0,6,23,0,29,0,6,31,0,37,92,0,92,129
05/02/2016,EWB,MA,ANE,EN,Federal Contract Tower,0,11,6,0,17,0,1,0,0,1,0,12,6,0,18,0,0,0,18
05/03/2016,EWB,MA,ANE,EN,Federal Contract Tower,0,17,16,0,33,0,2,0,0,2,0,19,16,0,35,2,0,2,37
05/04/2016,EWB,MA,ANE,EN,Federal Contract Tower,0,12,18,0,30,0,13,8,0,21,0,25,26,0,51,36,0,36,87
05/05/2016,EWB,MA,ANE,EN,Federal Contract Tower,0,12,10,2,24,0,0,0,0,0,0,12,10,2,24,0,0,0,24
05/06/2016,EWB,MA,ANE,EN,Federal Contract Tower,0,5,11,0,16,0,1,11,2,14,0,6,22,2,30,14,0,14,44
05/07/2016,EWB,MA,ANE,EN,Federal Contract Tower,0,5,12,0,17,0,1,10,0,11,0,6,22,0,28,6,0,6,34
05/08/2016,EWB,MA,ANE,EN,Federal Contract Tower,0,14,12,0,26,0,1,6,0,7,0,15,18,0,33,10,0,10,43
05/10/2016,EWB,MA,ANE,EN,Federal Contract Tower,0,1,10,0,11,0,14,75,0,89,0,15,85,0,100,184,0,184,284
05/11/2016,EWB,MA,ANE,EN,Federal Contract Tower,0,0,10,0,10,0,8,88,2,98,0,8,98,2,108,220,0,220,328
05/12/2016,EWB,MA,ANE,EN,Federal Contract Tower,0,5,5,2,12,0,12,39,0,51,0,17,44,2,63,52,0,52,115
05/13/2016,EWB,MA,ANE,EN,Federal Contract Tower,0,10,17,0,27,0,2,2,0,4,0,12,19,0,31,0,0,0,31
05/14/2016,EWB,MA,ANE,EN,Federal Contract Tower,0,3,14,0,17,0,6,70,0,76,0,9,84,0,93,90,2,92,185
05/15/2016,EWB,MA,ANE,EN,Federal Contract Tower,0,0,2,0,2,0,11,15,0,26,0,11,17,0,28,2,0,2,30
05/16/2016,EWB,MA,ANE,EN,Federal Contract Tower,0,7,4,0,11,0,18,19,0,37,0,25,23,0,48,14,0,14,62
05/18/2016,EWB,MA,ANE,EN,Federal Contract Tower,0,3,19,0,22,0,12,106,2,120,0,15,125,2,142,162,4,166,308
05/19/2016,EWB,MA,ANE,EN,Federal Contract Tower,0,2,21,0,23,0,10,88,0,98,0,12,109,0,121,168,2,170,291
05/20/2016,EWB,MA,ANE,EN,Federal Contract Tower,0,2,22,0,24,0,11,64,0,75,0,13,86,0,99,122,0,122,221
05/21/2016,EWB,MA,ANE,EN,Federal Contract Tower,0,0,12,0,12,0,4,47,0,51,0,4,59,0,63,62,0,62,125
05/22/2016,EWB,MA,ANE,EN,Federal Contract Tower,0,8,8,0,16,0,5,10,2,17,0,13,18,2,33,0,0,0,33
05/23/2016,EWB,MA,ANE,EN,Federal Contract Tower,0,2,15,0,17,0,6,78,0,84,0,8,93,0,101,158,0,158,259
05/24/2016,EWB,MA,ANE,EN,Federal Contract Tower,0,12,18,0,30,0,0,0,0,0,0,12,18,0,30,0,0,0,30
05/25/2016,EWB,MA,ANE,EN,Federal Contract Tower,0,4,7,0,11,0,10,100,0,110,0,14,107,0,121,178,4,182,303
05/26/2016,EWB,MA,ANE,EN,Federal Contract Tower,0,1,25,0,26,0,8,78,0,86,0,9,103,0,112,178,0,178,290
05/27/2016,EWB,MA,ANE,EN,Federal Contract Tower,0,4,8,0,12,0,13,64,0,77,0,17,72,0,89,124,0,124,213
05/28/2016,EWB,MA,ANE,EN,Federal Contract Tower,0,3,7,0,10,0,10,37,0,47,0,13,44,0,57,32,0,32,89
05/29/2016,EWB,MA,ANE,EN,Federal Contract Tower,0,2,14,0,16,0,6,38,0,44,0,8,52,0,60,32,2,34,94
05/30/2016,EWB,MA,ANE,EN,Federal Contract Tower,0,8,14,0,22,0,0,0,0,0,0,8,14,0,22,0,0,0,22
05/31/2016,EWB,MA,ANE,EN,Federal Contract Tower,0,4,19,0,23,0,5,39,0,44,0,9,58,0,67,28,2,30,97
06/01/2016,EWB,MA,ANE,EN,Federal Contract Tower,0,7,14,0,21,0,19,75,0,94,0,26,89,0,115,140,0,140,255
06/02/2016,EWB,MA,ANE,EN,Federal Contract Tower,0,9,25,2,36,0,2,29,0,31,0,11,54,2,67,82,2,84,151
06/03/2016,EWB,MA,ANE,EN,Federal Contract Tower,0,12,33,0,45,0,13,11,0,24,0,25,44,0,69,14,0,14,83
06/04/2016,EWB,MA,ANE,EN,Federal Contract Tower,0,9,24,0,33,0,3,52,0,55,0,12,76,0,88,68,0,68,156
06/05/2016,EWB,MA,ANE,EN,Federal Contract Tower,0,6,4,0,10,0,0,0,0,0,0,6,4,0,10,0,0,0,10
06/06/2016,EWB,MA,ANE,EN,Federal Contract Tower,0,4,18,0,22,0,5,50,0,55,0,9,68,0,77,120,0,120,197
06/07/2016,EWB,MA,ANE,EN,Federal Contract Tower,0,8,16,0,24,0,9,48,0,57,0,17,64,0,81,106,0,106,187
06/08/2016,EWB,MA,ANE,EN,Federal Contract Tower,0,1,23,0,24,0,12,38,0,50,0,13,61,0,74,80,2,82,156
06/09/2016,EWB,MA,ANE,EN,Federal Contract Tower,0,6,9,0,15,0,8,33,0,41,0,14,42,0,56,34,2,36,92
06/10/2016,EWB,MA,ANE,EN,Federal Contract Tower,0,6,23,2,31,0,11,52,0,63,0,17,75,2,94,90,2,92,186
06/11/2016,EWB,MA,ANE,EN,Federal Contract Tower,0,3,21,0,24,0,3,29,0,32,0,6,50,0,56,46,0,46,102
06/12/2016,EWB,MA,ANE,EN,Federal Contract Tower,0,0,4,0,4,0,10,15,0,25,0,10,19,0,29,8,2,10,39
06/13/2016,EWB,MA,ANE,EN,Federal Contract Tower,0,4,13,0,17,0,11,64,2,77,0,15,77,2,94,86,6,92,186
06/14/2016,EWB,MA,ANE,EN,Federal Contract Tower,0,0,10,2,12,0,7,54,0,61,0,7,64,2,73,88,2,90,163
06/15/2016,EWB,MA,ANE,EN,Federal Contract Tower,0,1,15,2,18,0,13,85,0,98,0,14,100,2,116,122,2,124,240
06/16/2016,EWB,MA,ANE,EN,Federal Contract Tower,0,2,14,2,18,0,10,75,0,85,0,12,89,2,103,134,0,134,237
06/17/2016,EWB,MA,ANE,EN,Federal Contract Tower,0,1,11,0,12,0,10,75,0,85,0,11,86,0,97,158,0,158,255
06/18/2016,EWB,MA,ANE,EN,Federal Contract Tower,0,0,17,0,17,0,6,75,0,81,0,6,92,0,98,62,0,62,160
06/19/2016,EWB,MA,ANE,EN,Federal Contract Tower,0,2,2,0,4,0,11,60,0,71,0,13,62,0,75,98,0,98,173
06/20/2016,EWB,MA,ANE,EN,Federal Contract Tower,0,3,16,0,19,0,8,70,0,78,0,11,86,0,97,192,0,192,289
06/21/2016,EWB,MA,ANE,EN,Federal Contract Tower,0,6,16,2,24,0,7,55,0,62,0,13,71,2,86,120,6,126,212
06/22/2016,EWB,MA,ANE,EN,Federal Contract Tower,0,6,14,0,20,0,9,71,2,82,0,15,85,2,102,186,12,198,300
06/23/2016,EWB,MA,ANE,EN,Federal Contract Tower,0,4,12,0,16,0,13,92,0,105,0,17,104,0,121,92,0,92,213
06/24/2016,EWB,MA,ANE,EN,Federal Contract Tower,0,1,20,0,21,0,27,98,0,125,0,28,118,0,146,88,0,88,234
06/25/2016,EWB,MA,ANE,EN,Federal Contract Tower,0,10,39,0,49,0,50,60,0,110,0,60,99,0,159,108,0,108,267
06/26/2016,EWB,MA,ANE,EN,Federal Contract Tower,0,6,24,0,30,0,18,48,0,66,0,24,72,0,96,96,2,98,194
06/27/2016,EWB,MA,ANE,EN,Federal Contract Tower,0,2,17,0,19,0,19,71,0,90,0,21,88,0,109,88,0,88,197
06/28/2016,EWB,MA,ANE,EN,Federal Contract Tower,0,9,19,0,28,0,13,51,4,68,0,22,70,4,96,106,20,126,222
06/29/2016,EWB,MA,ANE,EN,Federal Contract Tower,0,18,24,0,42,0,14,14,0,28,0,32,38,0,70,40,4,44,114
06/30/2016,EWB,MA,ANE,EN,Federal Contract Tower,0,6,11,0,17,0,29,91,0,120,0,35,102,0,137,156,0,156,293
07/01/2016,EWB,MA,ANE,EN,Federal Contract Tower,0,14,16,0,30,0,23,63,0,86,0,37,79,0,116,124,0,124,240
07/02/2016,EWB,MA,ANE,EN,Federal Contract Tower,0,3,12,0,15,0,24,79,0,103,0,27,91,0,118,70,0,70,188
07/03/2016,EWB,MA,ANE,EN,Federal Contract Tower,0,0,13,0,13,0,21,50,0,71,0,21,63,0,84,44,0,44,128
07/04/2016,EWB,MA,ANE,EN,Federal Contract Tower,0,5,0,0,5,0,16,50,0,66,0,21,50,0,71,22,0,22,93
07/05/2016,EWB,MA,ANE,EN,Federal Contract Tower,0,24,14,0,38,0,13,24,0,37,0,37,38,0,75,38,0,38,113
07/06/2016,EWB,MA,ANE,EN,Federal Contract Tower,0,5,8,0,13,0,21,85,12,118,0,26,93,12,131,70,20,90,221
07/07/2016,EWB,MA,ANE,EN,Federal Contract Tower,0,18,26,0,44,0,14,31,0,45,0,32,57,0,89,28,0,28,117
07/08/2016,EWB,MA,ANE,EN,Federal Contract Tower,0,27,30,0,57,0,6,11,0,17,0,33,41,0,74,34,0,34,108
07/09/2016,EWB,MA,ANE,EN,Federal Contract Tower,0,23,8,2,33,0,0,3,0,3,0,23,11,2,36,18,0,18,54
07/10/2016,EWB,MA,ANE,EN,Federal Contract Tower,0,31,15,0,46,0,0,4,0,4,0,31,19,0,50,4,0,4,54
07/11/2016,EWB,MA,ANE,EN,Federal Contract Tower,0,8,20,0,28,0,12,37,0,49,0,20,57,0,77,72,0,72,149
07/12/2016,EWB,MA,ANE,EN,Federal Contract Tower,0,2,17,0,19,0,26,95,0,121,0,28,112,0,140,140,2,142,282
07/13/2016,EWB,MA,ANE,EN,Federal Contract Tower,0,5,19,0,24,0,14,90,2,106,0,19,109,2,130,86,12,98,228
07/14/2016,EWB,MA,ANE,EN,Federal Contract Tower,0,8,30,0,38,0,14,19,0,33,0,22,49,0,71,10,0,10,81
07/15/2016,EWB,MA,ANE,EN,Federal Contract Tower,0,4,14,1,19,0,36,66,0,102,0,40,80,1,121,64,4,68,189
07/16/2016,EWB,MA,ANE,EN,Federal Contract Tower,0,2,15,0,17,0,21,77,0,98,0,23,92,0,115,118,2,120,235
07/17/2016,EWB,MA,ANE,EN,Federal Contract Tower,0,34,10,0,44,0,13,23,0,36,0,47,33,0,80,4,0,4,84
07/18/2016,EWB,MA,ANE,EN,Federal Contract Tower,0,12,9,0,21,0,10,56,0,66,0,22,65,0,87,48,0,48,135
07/19/2016,EWB,MA,ANE,EN,Federal Contract Tower,0,9,7,0,16,0,32,79,0,111,0,41,86,0,127,78,14,92,219
07/20/2016,EWB,MA,ANE,EN,Federal Contract Tower,0,5,16,1,22,0,20,91,0,111,0,25,107,1,133,120,22,142,275
07/21/2016,EWB,MA,ANE,EN,Federal Contract Tower,0,6,26,2,34,0,24,77,2,103,0,30,103,4,137,120,6,126,263
07/22/2016,EWB,MA,ANE,EN,Federal Contract Tower,0,9,15,0,24,0,28,34,0,62,0,37,49,0,86,42,2,44,130
07/23/2016,EWB,MA,ANE,EN,Federal Contract Tower,0,9,9,0,18,0,24,59,0,83,0,33,68,0,101,54,0,54,155
07/24/2016,EWB,MA,ANE,EN,Federal Contract Tower,0,3,13,0,16,0,22,44,0,66,0,25,57,0,82,52,0,52,134
07/25/2016,EWB,MA,ANE,EN,Federal Contract Tower,0,2,17,0,19,0,18,39,0,57,0,20,56,0,76,74,0,74,150
07/26/2016,EWB,MA,ANE,EN,Federal Contract Tower,0,5,24,0,29,0,25,50,0,75,0,30,74,0,104,86,2,88,192
07/27/2016,EWB,MA,ANE,EN,Federal Contract Tower,0,5,3,0,8,0,21,77,0,98,0,26,80,0,106,106,0,106,212
07/28/2016,EWB,MA,ANE,EN,Federal Contract Tower,0,10,8,0,18,0,23,63,0,86,0,33,71,0,104,72,0,72,176
07/29/2016,EWB,MA,ANE,EN,Federal Contract Tower,0,20,6,0,26,0,3,9,0,12,0,23,15,0,38,6,0,6,44
07/30/2016,EWB,MA,ANE,EN,Federal Contract Tower,0,13,14,0,27,0,16,73,0,89,0,29,87,0,116,80,2,82,198
07/31/2016,EWB,MA,ANE,EN,Federal Contract Tower,0,14,9,0,23,0,16,17,0,33,0,30,26,0,56,6,0,6,62
08/01/2016,EWB,MA,ANE,EN,Federal Contract Tower,0,1,9,0,10,0,15,64,0,79,0,16,73,0,89,94,10,104,193
08/02/2016,EWB,MA,ANE,EN,Federal Contract Tower,0,1,9,0,10,0,17,56,0,73,0,18,65,0,83,80,4,84,167
08/03/2016,EWB,MA,ANE,EN,Federal Contract Tower,0,3,12,0,15,0,18,103,0,121,0,21,115,0,136,66,6,72,208
08/04/2016,EWB,MA,ANE,EN,Federal Contract Tower,0,1,23,0,24,0,19,93,0,112,0,20,116,0,136,66,4,70,206
08/06/2016,EWB,MA,ANE,EN,Federal Contract Tower,0,21,17,0,38,0,21,10,0,31,0,42,27,0,69,22,24,46,115
08/07/2016,EWB,MA,ANE,EN,Federal Contract Tower,0,10,10,0,20,0,18,21,0,39,0,28,31,0,59,0,0,0,59
08/08/2016,EWB,MA,ANE,EN,Federal Contract Tower,0,9,11,0,20,0,17,38,0,55,0,26,49,0,75,0,0,0,75
08/09/2016,EWB,MA,ANE,EN,Federal Contract Tower,0,11,9,0,20,0,24,38,0,62,0,35,47,0,82,0,0,0,82
08/10/2016,EWB,MA,ANE,EN,Federal Contract Tower,0,14,10,0,24,0,8,14,0,22,0,22,24,0,46,0,0,0,46
08/11/2016,EWB,MA,ANE,EN,Federal Contract Tower,0,30,15,0,45,0,9,35,0,44,0,39,50,0,89,6,0,6,95
08/12/2016,EWB,MA,ANE,EN,Federal Contract Tower,0,24,14,0,38,0,8,35,0,43,0,32,49,0,81,6,0,6,87
08/13/2016,EWB,MA,ANE,EN,Federal Contract Tower,0,34,10,0,44,0,11,2,0,13,0,45,12,0,57,0,0,0,57
08/14/2016,EWB,MA,ANE,EN,Federal Contract Tower,0,16,7,0,23,0,16,22,0,38,0,32,29,0,61,0,0,0,61
08/15/2016,EWB,MA,ANE,EN,Federal Contract Tower,0,14,5,0,19,0,15,48,0,63,0,29,53,0,82,0,0,0,82
08/16/2016,EWB,MA,ANE,EN,Federal Contract Tower,0,10,5,0,15,0,22,32,0,54,0,32,37,0,69,0,0,0,69
08/17/2016,EWB,MA,ANE,EN,Federal Contract Tower,0,9,10,0,19,0,15,65,0,80,0,24,75,0,99,0,0,0,99
08/18/2016,EWB,MA,ANE,EN,Federal Contract Tower,0,5,12,0,17,0,22,64,0,86,0,27,76,0,103,4,0,4,107
08/19/2016,EWB,MA,ANE,EN,Federal Contract Tower,0,6,3,0,9,0,19,59,0,78,0,25,62,0,87,0,0,0,87
08/20/2016,EWB,MA,ANE,EN,Federal Contract Tower,0,8,9,0,17,0,20,30,0,50,0,28,39,0,67,0,0,0,67
08/21/2016,EWB,MA,ANE,EN,Federal Contract Tower,0,17,9,0,26,0,8,20,0,28,0,25,29,0,54,0,0,0,54
08/22/2016,EWB,MA,ANE,EN,Federal Contract Tower,0,2,6,0,8,0,17,34,0,51,0,19,40,0,59,20,0,20,79
08/23/2016,EWB,MA,ANE,EN,Federal Contract Tower,0,1,7,1,9,0,30,92,0,122,0,31,99,1,131,62,4,66,197
08/24/2016,EWB,MA,ANE,EN,Federal Contract Tower,0,9,9,0,18,0,20,77,0,97,0,29,86,0,115,100,7,107,222
08/25/2016,EWB,MA,ANE,EN,Federal Contract Tower,0,9,10,0,19,0,28,74,0,102,0,37,84,0,121,130,6,136,257
08/26/2016,EWB,MA,ANE,EN,Federal Contract Tower,0,28,8,2,38,0,24,61,0,85,0,52,69,2,123,62,2,64,187
08/27/2016,EWB,MA,ANE,EN,Federal Contract Tower,0,5,14,0,19,0,15,82,0,97,0,20,96,0,116,82,0,82,198
08/28/2016,EWB,MA,ANE,EN,Federal Contract Tower,0,2,28,2,32,0,21,85,0,106,0,23,113,2,138,108,0,108,246
08/29/2016,EWB,MA,ANE,EN,Federal Contract Tower,0,6,12,0,18,0,18,84,0,102,0,24,96,0,120,96,0,96,216
08/30/2016,EWB,MA,ANE,EN,Federal Contract Tower,0,5,4,0,9,0,18,92,0,110,0,23,96,0,119,154,0,154,273
08/31/2016,EWB,MA,ANE,EN,Federal Contract Tower,0,7,9,0,16,0,17,44,0,61,0,24,53,0,77,56,0,56,133
09/01/2016,EWB,MA,ANE,EN,Federal Contract Tower,0,21,8,0,29,0,16,27,0,43,0,37,35,0,72,124,0,124,196
09/02/2016,EWB,MA,ANE,EN,Federal Contract Tower,0,1,11,2,14,0,31,89,0,120,0,32,100,2,134,162,4,166,300
09/03/2016,EWB,MA,ANE,EN,Federal Contract Tower,0,1,10,2,13,0,21,54,0,75,0,22,64,2,88,100,4,104,192
09/04/2016,EWB,MA,ANE,EN,Federal Contract Tower,0,2,6,0,8,0,11,15,0,26,0,13,21,0,34,0,0,0,34
09/05/2016,EWB,MA,ANE,EN,Federal Contract Tower,0,1,6,0,7,0,17,2,0,19,0,18,8,0,26,0,0,0,26
09/06/2016,EWB,MA,ANE,EN,Federal Contract Tower,0,13,12,0,25,0,14,0,0,14,0,27,12,0,39,0,0,0,39
09/07/2016,EWB,MA,ANE,EN,Federal Contract Tower,0,8,24,0,32,0,10,20,0,30,0,18,44,0,62,56,0,56,118
09/08/2016,EWB,MA,ANE,EN,Federal Contract Tower,0,22,7,4,33,0,13,16,0,29,0,35,23,4,62,48,2,50,112
09/09/2016,EWB,MA,ANE,EN,Federal Contract Tower,0,8,21,0,29,0,27,60,0,87,0,35,81,0,116,98,0,98,214
09/10/2016,EWB,MA,ANE,EN,Federal Contract Tower,0,7,12,0,19,0,14,52,0,66,0,21,64,0,85,84,0,84,169
09/11/2016,EWB,MA,ANE,EN,Federal Contract Tower,0,7,10,0,17,0,17,24,0,41,0,24,34,0,58,46,0,46,104
09/12/2016,EWB,MA,ANE,EN,Federal Contract Tower,0,0,15,0,15,0,20,85,0,105,0,20,100,0,120,108,0,108,228
09/13/2016,EWB,MA,ANE,EN,Federal Contract Tower,0,4,5,0,9,0,24,79,0,103,0,28,84,0,112,78,0,78,190
09/14/2016,EWB,MA,ANE,EN,Federal Contract Tower,0,6,7,0,13,0,18,72,2,92,0,24,79,2,105,176,0,176,281
09/15/2016,EWB,MA,ANE,EN,Federal Contract Tower,0,0,19,0,19,0,20,89,0,109,0,20,108,0,128,172,6,178,306
09/16/2016,EWB,MA,ANE,EN,Federal Contract Tower,0,9,14,0,23,0,30,109,0,139,0,39,123,0,162,206,0,206,368
09/17/2016,EWB,MA,ANE,EN,Federal Contract Tower,0,4,23,0,27,0,21,68,0,89,0,25,91,0,116,72,0,72,188
09/18/2016,EWB,MA,ANE,EN,Federal Contract Tower,0,16,19,4,39,0,13,3,0,16,0,29,22,4,55,4,0,4,59
09/19/2016,EWB,MA,ANE,EN,Federal Contract Tower,0,22,14,0,36,0,1,0,0,1,0,23,14,0,37,0,0,0,37
09/20/2016,EWB,MA,ANE,EN,Federal Contract Tower,0,10,9,0,19,0,9,19,0,28,0,19,28,0,47,50,0,50,97
09/21/2016,EWB,MA,ANE,EN,Federal Contract Tower,0,7,8,2,17,0,19,102,0,121,0,26,110,2,138,150,4,154,292
09/22/2016,EWB,MA,ANE,EN,Federal Contract Tower,0,0,14,0,14,0,0,0,0,0,0,0,14,0,14,202,0,202,216
09/23/2016,EWB,MA,ANE,EN,Federal Contract Tower,0,5,3,0,8,0,18,89,0,107,0,23,92,0,115,204,0,204,319
09/24/2016,EWB,MA,ANE,EN,Federal Contract Tower,0,0,7,0,7,0,26,52,0,78,0,26,59,0,85,146,0,146,231
09/25/2016,EWB,MA,ANE,EN,Federal Contract Tower,0,0,2,2,4,0,26,66,0,92,0,26,68,2,96,36,0,36,132
09/26/2016,EWB,MA,ANE,EN,Federal Contract Tower,0,0,6,0,6,0,20,71,0,91,0,20,77,0,97,124,0,124,221
09/27/2016,EWB,MA,ANE,EN,Federal Contract Tower,0,19,17,0,36,0,15,24,0,39,0,34,41,0,75,59,0,59,134
09/28/2016,EWB,MA,ANE,EN,Federal Contract Tower,0,17,27,0,44,0,14,8,0,22,0,31,35,0,66,28,0,28,94
09/29/2016,EWB,MA,ANE,EN,Federal Contract Tower,0,18,11,0,29,0,13,13,0,26,0,31,24,0,55,46,4,50,105
09/30/2016,EWB,MA,ANE,EN,Federal Contract Tower,0,16,7,1,24,0,8,13,1,22,0,24,20,2,46,40,0,40,86
10/01/2016,EWB,MA,ANE,EN,Federal Contract Tower,0,10,8,0,18,0,0,0,0,0,0,10,8,0,18,0,0,0,18
10/02/2016,EWB,MA,ANE,EN,Federal Contract Tower,0,19,17,0,36,0,0,0,0,0,0,19,17,0,36,0,0,0,36
10/03/2016,EWB,MA,ANE,EN,Federal Contract Tower,0,13,4,0,17,0,17,61,0,78,0,30,65,0,95,120,0,120,215
10/04/2016,EWB,MA,ANE,EN,Federal Contract Tower,0,3,8,0,11,0,19,71,0,90,0,22,79,0,101,194,0,194,295
10/05/2016,EWB,MA,ANE,EN,Federal Contract Tower,0,8,18,0,26,0,10,83,4,97,0,18,101,4,123,168,8,176,299
10/06/2016,EWB,MA,ANE,EN,Federal Contract Tower,0,6,8,0,14,0,19,98,0,117,0,25,106,0,131,184,0,184,315
10/07/2016,EWB,MA,ANE,EN,Federal Contract Tower,0,5,6,0,11,0,18,100,0,118,0,23,106,0,129,132,0,132,261
10/08/2016,EWB,MA,ANE,EN,Federal Contract Tower,0,7,7,0,14,0,9,38,0,47,0,16,45,0,61,52,0,52,113
10/09/2016,EWB,MA,ANE,EN,Federal Contract Tower,0,14,5,0,19,0,0,0,0,0,0,14,5,0,19,0,0,0,19
10/10/2016,EWB,MA,ANE,EN,Federal Contract Tower,0,2,5,0,7,0,14,20,0,34,0,16,25,0,41,26,0,26,67
10/11/2016,EWB,MA,ANE,EN,Federal Contract Tower,0,3,15,2,20,0,16,97,0,113,0,19,112,2,133,171,2,173,306
10/12/2016,EWB,MA,ANE,EN,Federal Contract Tower,0,3,14,8,25,0,20,96,0,116,0,23,110,8,141,202,8,210,351
10/13/2016,EWB,MA,ANE,EN,Federal Contract Tower,0,1,12,0,13,0,17,44,8,69,0,18,56,8,82,88,16,104,186
10/14/2016,EWB,MA,ANE,EN,Federal Contract Tower,0,5,12,0,17,0,19,76,0,95,0,24,88,0,112,46,0,46,158
10/15/2016,EWB,MA,ANE,EN,Federal Contract Tower,0,6,26,0,32,0,22,60,0,82,0,28,86,0,114,94,0,94,208
10/16/2016,EWB,MA,ANE,EN,Federal Contract Tower,0,0,8,0,8,0,13,58,0,71,0,13,66,0,79,62,0,62,141
10/17/2016,EWB,MA,ANE,EN,Federal Contract Tower,0,1,19,0,20,0,11,78,0,89,0,12,97,0,109,150,0,150,259
10/18/2016,EWB,MA,ANE,EN,Federal Contract Tower,0,6,5,0,11,0,16,48,0,64,0,22,53,0,75,118,0,118,193
10/19/2016,EWB,MA,ANE,EN,Federal Contract Tower,0,4,6,0,10,0,9,72,0,81,0,13,78,0,91,156,0,156,247
10/20/2016,EWB,MA,ANE,EN,Federal Contract Tower,0,1,20,1,22,0,14,70,3,87,0,15,90,4,109,174,10,184,293
10/21/2016,EWB,MA,ANE,EN,Federal Contract Tower,0,6,8,0,14,0,4,10,0,14,0,10,18,0,28,10,6,16,44
10/22/2016,EWB,MA,ANE,EN,Federal Contract Tower,0,15,9,0,24,0,8,3,0,11,0,23,12,0,35,4,0,4,39
10/23/2016,EWB,MA,ANE,EN,Federal Contract Tower,0,1,0,0,1,0,4,6,0,10,0,5,6,0,11,0,0,0,11
10/24/2016,EWB,MA,ANE,EN,Federal Contract Tower,0,0,11,0,11,0,16,49,0,65,0,16,60,0,76,50,0,50,126
10/25/2016,EWB,MA,ANE,EN,Federal Contract Tower,0,2,1,0,3,0,13,70,0,83,0,15,71,0,86,70,10,80,166
10/26/2016,EWB,MA,ANE,EN,Federal Contract Tower,0,1,9,0,10,0,11,95,0,106,0,12,104,0,116,162,8,170,286
10/27/2016,EWB,MA,ANE,EN,Federal Contract Tower,0,1,3,2,6,0,13,41,2,56,0,14,44,4,62,74,6,80,142
10/28/2016,EWB,MA,ANE,EN,Federal Contract Tower,0,7,8,0,15,0,5,10,0,15,0,12,18,0,30,20,0,20,50
10/29/2016,EWB,MA,ANE,EN,Federal Contract Tower,0,5,12,0,17,0,11,65,2,78,0,16,77,2,95,48,0,48,143
10/30/2016,EWB,MA,ANE,EN,Federal Contract Tower,0,1,10,0,11,0,6,53,0,59,0,7,63,0,70,124,0,124,194
10/31/2016,EWB,MA,ANE,EN,Federal Contract Tower,0,2,6,0,8,0,12,62,0,74,0,14,68,0,82,148,0,148,230
11/01/2016,EWB,MA,ANE,EN,Federal Contract Tower,0,1,11,2,14,0,9,102,0,111,0,10,113,2,125,138,2,140,265
11/02/2016,EWB,MA,ANE,EN,Federal Contract Tower,0,2,5,2,9,0,5,87,0,92,0,7,92,2,101,150,12,162,263
11/03/2016,EWB,MA,ANE,EN,Federal Contract Tower,0,7,9,0,16,0,5,12,0,17,0,12,21,0,33,36,0,36,69
11/04/2016,EWB,MA,ANE,EN,Federal Contract Tower,0,0,10,0,10,0,6,73,0,79,0,6,83,0,89,143,2,145,234
11/05/2016,EWB,MA,ANE,EN,Federal Contract Tower,0,2,5,0,7,0,11,77,0,88,0,13,82,0,95,136,2,138,233
11/06/2016,EWB,MA,ANE,EN,Federal Contract Tower,0,3,7,0,10,0,5,9,0,14,0,8,16,0,24,22,2,24,48
11/07/2016,EWB,MA,ANE,EN,Federal Contract Tower,0,0,5,0,5,0,10,59,0,69,0,10,64,0,74,118,0,118,192
11/08/2016,EWB,MA,ANE,EN,Federal Contract Tower,0,5,9,0,14,0,18,79,0,97,0,23,88,0,111,0,0,0,111
11/09/2016,EWB,MA,ANE,EN,Federal Contract Tower,0,13,2,0,15,0,13,61,0,74,0,26,63,0,89,194,8,202,291
11/10/2016,EWB,MA,ANE,EN,Federal Contract Tower,0,16,0,0,16,0,10,88,0,98,0,26,88,0,114,150,4,154,268
11/11/2016,EWB,MA,ANE,EN,Federal Contract Tower,0,0,8,0,8,0,4,34,0,38,0,4,42,0,46,20,0,20,66
11/12/2016,EWB,MA,ANE,EN,Federal Contract Tower,0,2,7,0,9,0,15,85,0,100,0,17,92,0,109,102,0,102,211
11/13/2016,EWB,MA,ANE,EN,Federal Contract Tower,0,3,14,0,17,0,7,73,0,80,0,10,87,0,97,0,122,122,219
11/14/2016,EWB,MA,ANE,EN,Federal Contract Tower,0,0,6,0,6,0,13,55,0,68,0,13,61,0,74,120,2,122,196
11/15/2016,EWB,MA,ANE,EN,Federal Contract Tower,0,7,9,0,16,0,9,20,0,29,0,16,29,0,45,32,0,32,77
11/16/2016,EWB,MA,ANE,EN,Federal Contract Tower,0,2,8,0,10,0,8,43,0,51,0,10,51,0,61,110,0,110,171
11/17/2016,EWB,MA,ANE,EN,Federal Contract Tower,0,2,5,0,7,0,19,61,0,80,0,21,66,0,87,102,14,116,203
11/18/2016,EWB,MA,ANE,EN,Federal Contract Tower,0,6,15,0,21,0,15,117,0,132,0,21,132,0,153,78,0,78,231
11/19/2016,EWB,MA,ANE,EN,Federal Contract Tower,0,7,29,0,36,0,4,2,0,6,0,11,31,0,42,0,0,0,42
11/20/2016,EWB,MA,ANE,EN,Federal Contract Tower,0,7,4,0,11,0,3,0,0,3,0,10,4,0,14,0,0,0,14
11/21/2016,EWB,MA,ANE,EN,Federal Contract Tower,0,0,3,2,5,0,8,2,0,10,0,8,5,2,15,0,0,0,15
11/22/2016,EWB,MA,ANE,EN,Federal Contract Tower,0,7,14,0,21,0,17,39,0,56,0,24,53,0,77,22,0,22,99
11/23/2016,EWB,MA,ANE,EN,Federal Contract Tower,0,4,17,0,21,0,22,79,0,101,0,26,96,0,122,142,0,142,264
11/24/2016,EWB,MA,ANE,EN,Federal Contract Tower,0,4,2,0,6,0,6,2,0,8,0,10,4,0,14,0,0,0,14
11/25/2016,EWB,MA,ANE,EN,Federal Contract Tower,0,4,12,0,16,0,7,4,0,11,0,11,16,0,27,20,0,20,47
11/26/2016,EWB,MA,ANE,EN,Federal Contract Tower,0,4,17,0,21,0,3,7,0,10,0,7,24,0,31,10,0,10,41
11/27/2016,EWB,MA,ANE,EN,Federal Contract Tower,0,2,14,0,16,0,6,77,0,83,0,8,91,0,99,62,0,62,161
11/28/2016,EWB,MA,ANE,EN,Federal Contract Tower,0,2,20,0,22,0,11,77,0,88,0,13,97,0,110,132,0,132,242
11/29/2016,EWB,MA,ANE,EN,Federal Contract Tower,0,6,16,0,22,0,17,13,0,30,0,23,29,0,52,2,0,2,54
11/30/2016,EWB,MA,ANE,EN,Federal Contract Tower,0,24,22,1,47,0,12,14,0,26,0,36,36,1,73,16,0,16,89
12/01/2016,EWB,MA,ANE,EN,Federal Contract Tower,0,9,17,0,26,0,12,48,0,60,0,21,65,0,86,64,0,64,150
12/02/2016,EWB,MA,ANE,EN,Federal Contract Tower,0,1,12,0,13,0,8,88,0,96,0,9,100,0,109,112,2,114,223
12/03/2016,EWB,MA,ANE,EN,Federal Contract Tower,0,0,11,0,11,0,6,41,0,47,0,6,52,0,58,52,0,52,110
12/04/2016,EWB,MA,ANE,EN,Federal Contract Tower,0,0,11,0,11,0,8,88,0,96,0,8,99,0,107,132,0,132,239
12/05/2016,EWB,MA,ANE,EN,Federal Contract Tower,0,3,3,0,6,0,9,5,0,14,0,12,8,0,20,26,0,26,46
12/06/2016,EWB,MA,ANE,EN,Federal Contract Tower,0,2,13,2,17,0,7,99,1,107,0,9,112,3,124,134,2,136,260
12/07/2016,EWB,MA,ANE,EN,Federal Contract Tower,0,1,7,0,8,0,6,2,0,8,0,7,9,0,16,2,0,2,18
12/08/2016,EWB,MA,ANE,EN,Federal Contract Tower,0,3,8,4,15,0,12,38,2,52,0,15,46,6,67,62,2,64,131
12/09/2016,EWB,MA,ANE,EN,Federal Contract Tower,0,0,9,0,9,0,15,51,0,66,0,15,60,0,75,58,0,58,133
12/10/2016,EWB,MA,ANE,EN,Federal Contract Tower,0,0,9,0,9,0,6,56,0,62,0,6,65,0,71,92,0,92,163
12/11/2016,EWB,MA,ANE,EN,Federal Contract Tower,0,1,19,0,20,0,8,98,0,106,0,9,117,0,126,180,0,180,306
12/12/2016,EWB,MA,ANE,EN,Federal Contract Tower,0,6,2,0,8,0,5,0,0,5,0,11,2,0,13,0,0,0,13
12/13/2016,EWB,MA,ANE,EN,Federal Contract Tower,0,0,11,0,11,0,7,76,0,83,0,7,87,0,94,134,4,138,232
12/14/2016,EWB,MA,ANE,EN,Federal Contract Tower,0,2,10,0,12,0,6,103,0,109,0,8,113,0,121,184,4,188,309
12/15/2016,EWB,MA,ANE,EN,Federal Contract Tower,0,2,12,0,14,0,8,14,0,22,0,10,26,0,36,20,0,20,56
12/16/2016,EWB,MA,ANE,EN,Federal Contract Tower,0,3,8,0,11,0,5,49,0,54,0,8,57,0,65,90,0,90,155
12/17/2016,EWB,MA,ANE,EN,Federal Contract Tower,0,0,1,0,1,0,0,0,0,0,0,0,1,0,1,0,0,0,1
12/18/2016,EWB,MA,ANE,EN,Federal Contract Tower,0,0,6,0,6,0,0,0,0,0,0,0,6,0,6,0,0,0,6
12/19/2016,EWB,MA,ANE,EN,Federal Contract Tower,0,3,17,0,20,0,15,43,0,58,0,18,60,0,78,114,0,114,192
12/20/2016,EWB,MA,ANE,EN,Federal Contract Tower,0,2,27,4,33,0,8,68,0,76,0,10,95,4,109,116,4,120,229
12/21/2016,EWB,MA,ANE,EN,Federal Contract Tower,0,1,27,0,28,0,24,76,0,100,0,25,103,0,128,146,0,146,274
12/22/2016,EWB,MA,ANE,EN,Federal Contract Tower,0,0,30,0,30,0,8,40,0,48,0,8,70,0,78,90,0,90,168
12/23/2016,EWB,MA,ANE,EN,Federal Contract Tower,0,1,24,0,25,0,16,65,0,81,0,17,89,0,106,32,4,36,142
12/24/2016,EWB,MA,ANE,EN,Federal Contract Tower,0,2,4,0,6,0,6,1,0,7,0,8,5,0,13,2,0,2,15
12/25/2016,EWB,MA,ANE,EN,Federal Contract Tower,0,2,1,0,3,0,2,4,0,6,0,4,5,0,9,0,0,0,9
12/26/2016,EWB,MA,ANE,EN,Federal Contract Tower,0,3,4,0,7,0,6,21,0,27,0,9,25,0,34,10,0,10,44
12/27/2016,EWB,MA,ANE,EN,Federal Contract Tower,0,8,7,0,15,0,5,4,0,9,0,13,11,0,24,0,0,0,24
12/28/2016,EWB,MA,ANE,EN,Federal Contract Tower,0,0,11,0,11,0,9,73,0,82,0,9,84,0,93,86,0,86,179
12/29/2016,EWB,MA,ANE,EN,Federal Contract Tower,0,6,8,0,14,0,3,3,0,6,0,9,11,0,20,0,0,0,20
12/30/2016,EWB,MA,ANE,EN,Federal Contract Tower,0,1,3,0,4,0,10,16,0,26,0,11,19,0,30,18,0,18,48
12/31/2016,EWB,MA,ANE,EN,Federal Contract Tower,0,2,11,0,13,0,4,35,0,39,0,6,46,0,52,60,0,60,112
01/01/2017,EWB,MA,ANE,EN,Federal Contract Tower,0,1,1,0,2,0,6,14,0,20,0,7,15,0,22,0,0,0,22
01/02/2017,EWB,MA,ANE,EN,Federal Contract Tower,0,2,6,0,8,0,6,22,0,28,0,8,28,0,36,16,0,16,52
01/03/2017,EWB,MA,ANE,EN,Federal Contract Tower,0,9,7,0,16,0,0,0,0,0,0,9,7,0,16,0,0,0,16
01/04/2017,EWB,MA,ANE,EN,Federal Contract Tower,0,11,16,0,27,0,8,15,0,23,0,19,31,0,50,22,4,26,76
01/05/2017,EWB,MA,ANE,EN,Federal Contract Tower,0,0,10,0,10,0,7,57,0,64,0,7,67,0,74,96,12,108,182
01/06/2017,EWB,MA,ANE,EN,Federal Contract Tower,0,2,4,0,6,0,5,3,0,8,0,7,7,0,14,12,0,12,26
01/07/2017,EWB,MA,ANE,EN,Federal Contract Tower,0,1,0,0,1,0,3,0,0,3,0,4,0,0,4,0,0,0,4
01/08/2017,EWB,MA,ANE,EN,Federal Contract Tower,0,0,1,0,1,0,3,5,0,8,0,3,6,0,9,2,0,2,11
01/09/2017,EWB,MA,ANE,EN,Federal Contract Tower,0,2,7,0,9,0,6,27,0,33,0,8,34,0,42,32,0,32,74
01/10/2017,EWB,MA,ANE,EN,Federal Contract Tower,0,3,4,0,7,0,15,33,0,48,0,18,37,0,55,34,0,34,89
01/11/2017,EWB,MA,ANE,EN,Federal Contract Tower,0,3,4,0,7,0,10,49,0,59,0,13,53,0,66,68,0,68,134
01/12/2017,EWB,MA,ANE,EN,Federal Contract Tower,0,3,9,0,12,0,8,1,0,9,0,11,10,0,21,6,0,6,27
01/13/2017,EWB,MA,ANE,EN,Federal Contract Tower,0,3,6,0,9,0,15,71,0,86,0,18,77,0,95,92,2,94,189
01/14/2017,EWB,MA,ANE,EN,Federal Contract Tower,0,2,11,2,15,0,5,51,0,56,0,7,62,2,71,104,2,106,177
01/15/2017,EWB,MA,ANE,EN,Federal Contract Tower,0,2,8,0,10,0,6,59,0,65,0,8,67,0,75,74,0,74,149
01/16/2017,EWB,MA,ANE,EN,Federal Contract Tower,0,0,20,0,20,0,14,42,0,56,0,14,62,0,76,16,0,16,92
01/17/2017,EWB,MA,ANE,EN,Federal Contract Tower,0,7,6,0,13,0,18,36,0,54,0,25,42,0,67,82,0,82,149
01/18/2017,EWB,MA,ANE,EN,Federal Contract Tower,0,12,1,0,13,0,0,0,0,0,0,12,1,0,13,0,0,0,13
01/19/2017,EWB,MA,ANE,EN,Federal Contract Tower,0,5,15,2,22,0,7,37,7,51,0,12,52,9,73,74,0,74,147
01/20/2017,EWB,MA,ANE,EN,Federal Contract Tower,0,2,10,0,12,0,10,74,0,84,0,12,84,0,96,164,2,166,262
01/21/2017,EWB,MA,ANE,EN,Federal Contract Tower,0,4,18,0,22,0,2,29,0,31,0,6,47,0,53,72,0,72,125
01/22/2017,EWB,MA,ANE,EN,Federal Contract Tower,0,7,11,0,18,0,1,25,0,26,0,8,36,0,44,52,0,52,96
01/23/2017,EWB,MA,ANE,EN,Federal Contract Tower,0,3,2,0,5,0,1,0,0,1,0,4,2,0,6,0,0,0,6
01/24/2017,EWB,MA,ANE,EN,Federal Contract Tower,0,4,0,0,4,0,0,0,0,0,0,4,0,0,4,0,0,0,4
01/25/2017,EWB,MA,ANE,EN,Federal Contract Tower,0,3,15,0,18,0,7,56,0,63,0,10,71,0,81,64,0,64,145
01/26/2017,EWB,MA,ANE,EN,Federal Contract Tower,0,0,17,0,17,0,11,37,0,48,0,11,54,0,65,62,4,66,131
01/27/2017,EWB,MA,ANE,EN,Federal Contract Tower,0,0,23,0,23,0,15,33,0,48,0,15,56,0,71,24,0,24,95
01/28/2017,EWB,MA,ANE,EN,Federal Contract Tower,0,0,8,0,8,0,9,40,0,49,0,9,48,0,57,46,0,46,103
01/29/2017,EWB,MA,ANE,EN,Federal Contract Tower,0,0,6,0,6,0,6,68,0,74,0,6,74,0,80,88,0,88,168
01/30/2017,EWB,MA,ANE,EN,Federal Contract Tower,0,0,15,0,15,0,10,59,0,69,0,10,74,0,84,96,0,96,180
01/31/2017,EWB,MA,ANE,EN,Federal Contract Tower,0,4,4,0,8,0,3,16,0,19,0,7,20,0,27,30,0,30,57
02/01/2017,EWB,MA,ANE,EN,Federal Contract Tower,0,4,13,2,19,0,10,48,2,60,0,14,61,4,79,106,12,118,197
02/02/2017,EWB,MA,ANE,EN,Federal Contract Tower,0,2,11,0,13,0,10,42,2,54,0,12,53,2,67,48,4,52,119
02/03/2017,EWB,MA,ANE,EN,Federal Contract Tower,0,0,11,0,11,0,20,48,0,68,0,20,59,0,79,60,0,60,139
02/04/2017,EWB,MA,ANE,EN,Federal Contract Tower,0,1,8,0,9,0,12,66,0,78,0,13,74,0,87,38,0,38,125
02/05/2017,EWB,MA,ANE,EN,Federal Contract Tower,0,0,5,0,5,0,7,47,0,54,0,7,52,0,59,50,0,50,109
02/06/2017,EWB,MA,ANE,EN,Federal Contract Tower,0,0,7,0,7,0,4,52,0,56,0,4,59,0,63,52,0,52,115
02/07/2017,EWB,MA,ANE,EN,Federal Contract Tower,0,6,2,0,8,0,1,2,0,3,0,7,4,0,11,0,0,0,11
02/08/2017,EWB,MA,ANE,EN,Federal Contract Tower,0,6,23,0,29,0,6,75,0,81,0,12,98,0,110,60,0,60,170
02/09/2017,EWB,MA,ANE,EN,Federal Contract Tower,0,0,0,0,0,0,0,0,0,0,0,0,0,0,0,0,0,0,0
02/10/2017,EWB,MA,ANE,EN,Federal Contract Tower,0,0,2,0,2,0,0,3,0,3,0,0,5,0,5,0,0,0,5
02/11/2017,EWB,MA,ANE,EN,Federal Contract Tower,0,5,3,0,8,0,0,10,0,10,0,5,13,0,18,6,0,6,24
02/12/2017,EWB,MA,ANE,EN,Federal Contract Tower,0,4,0,0,4,0,0,0,0,0,0,4,0,0,4,0,0,0,4
02/13/2017,EWB,MA,ANE,EN,Federal Contract Tower,0,0,1,0,1,0,0,0,0,0,0,0,1,0,1,0,0,0,1
02/14/2017,EWB,MA,ANE,EN,Federal Contract Tower,0,2,8,0,10,0,6,62,2,70,0,8,70,2,80,94,0,94,174
02/15/2017,EWB,MA,ANE,EN,Federal Contract Tower,0,6,17,2,25,0,5,15,0,20,0,11,32,2,45,30,0,30,75
02/16/2017,EWB,MA,ANE,EN,Federal Contract Tower,0,1,18,0,19,0,9,49,0,58,0,10,67,0,77,60,2,62,139
02/17/2017,EWB,MA,ANE,EN,Federal Contract Tower,0,0,15,0,15,0,11,73,0,84,0,11,88,0,99,124,0,124,223
02/18/2017,EWB,MA,ANE,EN,Federal Contract Tower,0,1,7,0,8,0,14,65,0,79,0,15,72,0,87,78,0,78,165
02/19/2017,EWB,MA,ANE,EN,Federal Contract Tower,0,2,15,0,17,0,6,50,0,56,0,8,65,0,73,88,0,88,161
02/20/2017,EWB,MA,ANE,EN,Federal Contract Tower,0,0,5,0,5,0,8,43,0,51,0,8,48,0,56,20,0,20,76
02/21/2017,EWB,MA,ANE,EN,Federal Contract Tower,0,1,11,0,12,0,6,87,0,93,0,7,98,0,105,122,0,122,227
02/22/2017,EWB,MA,ANE,EN,Federal Contract Tower,0,0,8,0,8,0,10,55,0,65,0,10,63,0,73,136,4,140,213
02/23/2017,EWB,MA,ANE,EN,Federal Contract Tower,0,8,5,0,13,0,11,46,0,57,0,19,51,0,70,18,0,18,88
02/24/2017,EWB,MA,ANE,EN,Federal Contract Tower,0,0,8,0,8,0,5,51,0,56,0,5,59,0,64,60,0,60,124
02/25/2017,EWB,MA,ANE,EN,Federal Contract Tower,0,8,10,0,18,0,0,28,0,28,0,8,38,0,46,52,0,52,98
02/26/2017,EWB,MA,ANE,EN,Federal Contract Tower,0,0,4,0,4,0,4,31,0,35,0,4,35,0,39,18,0,18,57
02/27/2017,EWB,MA,ANE,EN,Federal Contract Tower,0,0,15,0,15,0,9,73,0,82,0,9,88,0,97,112,0,112,209
02/28/2017,EWB,MA,ANE,EN,Federal Contract Tower,0,2,32,0,34,0,7,55,0,62,0,9,87,0,96,78,0,78,174
03/01/2017,EWB,MA,ANE,EN,Federal Contract Tower,0,5,13,0,18,0,0,0,0,0,0,5,13,0,18,0,0,0,18
03/02/2017,EWB,MA,ANE,EN,Federal Contract Tower,0,4,6,0,10,0,6,5,0,11,0,10,11,0,21,0,4,4,25
03/03/2017,EWB,MA,ANE,EN,Federal Contract Tower,0,2,7,0,9,0,12,43,0,55,0,14,50,0,64,74,4,78,142
03/04/2017,EWB,MA,ANE,EN,Federal Contract Tower,0,4,0,0,4,0,5,9,0,14,0,9,9,0,18,0,0,0,18
03/05/2017,EWB,MA,ANE,EN,Federal Contract Tower,0,0,2,0,2,0,4,24,2,30,0,4,26,2,32,8,0,8,40
03/06/2017,EWB,MA,ANE,EN,Federal Contract Tower,0,0,21,0,21,0,11,64,0,75,0,11,85,0,96,74,0,74,170
03/07/2017,EWB,MA,ANE,EN,Federal Contract Tower,0,7,8,0,15,0,8,21,0,29,0,15,29,0,44,28,0,28,72
03/08/2017,EWB,MA,ANE,EN,Federal Contract Tower,0,4,13,4,21,0,4,40,0,44,0,8,53,4,65,28,18,46,111
03/09/2017,EWB,MA,ANE,EN,Federal Contract Tower,0,2,2,0,4,0,3,6,0,9,0,5,8,0,13,4,0,4,17
03/10/2017,EWB,MA,ANE,EN,Federal Contract Tower,0,0,1,0,1,0,0,0,0,0,0,0,1,0,1,0,0,0,1
03/11/2017,EWB,MA,ANE,EN,Federal Contract Tower,0,0,4,0,4,0,4,10,0,14,0,4,14,0,18,6,0,6,24
03/12/2017,EWB,MA,ANE,EN,Federal Contract Tower,0,0,7,2,9,0,4,57,0,61,0,4,64,2,70,72,0,72,142
03/13/2017,EWB,MA,ANE,EN,Federal Contract Tower,0,4,5,0,9,0,9,58,2,69,0,13,63,2,78,108,0,108,186
03/14/2017,EWB,MA,ANE,EN,Federal Contract Tower,0,0,0,0,0,0,0,0,0,0,0,0,0,0,0,0,0,0,0
03/15/2017,EWB,MA,ANE,EN,Federal Contract Tower,0,0,11,0,11,0,8,48,0,56,0,8,59,0,67,142,0,142,209
03/16/2017,EWB,MA,ANE,EN,Federal Contract Tower,0,0,8,0,8,0,5,54,0,59,0,5,62,0,67,70,0,70,137
03/17/2017,EWB,MA,ANE,EN,Federal Contract Tower,0,2,17,0,19,0,8,80,0,88,0,10,97,0,107,160,0,160,267
03/18/2017,EWB,MA,ANE,EN,Federal Contract Tower,0,0,6,0,6,0,4,49,0,53,0,4,55,0,59,64,0,64,123
03/19/2017,EWB,MA,ANE,EN,Federal Contract Tower,0,4,1,0,5,0,3,2,0,5,0,7,3,0,10,0,0,0,10
03/20/2017,EWB,MA,ANE,EN,Federal Contract Tower,0,0,18,0,18,0,10,41,0,51,0,10,59,0,69,66,0,66,135
03/21/2017,EWB,MA,ANE,EN,Federal Contract Tower,0,2,19,0,21,0,8,87,0,95,0,10,106,0,116,112,2,114,230
03/22/2017,EWB,MA,ANE,EN,Federal Contract Tower,0,3,1,4,8,0,2,16,0,18,0,5,17,4,26,14,4,18,44
03/23/2017,EWB,MA,ANE,EN,Federal Contract Tower,0,6,30,0,36,0,7,71,0,78,0,13,101,0,114,98,4,102,216
03/24/2017,EWB,MA,ANE,EN,Federal Contract Tower,0,2,7,4,13,0,8,29,0,37,0,10,36,4,50,58,4,62,112
03/25/2017,EWB,MA,ANE,EN,Federal Contract Tower,0,3,18,0,21,0,1,15,0,16,0,4,33,0,37,78,0,78,115
03/26/2017,EWB,MA,ANE,EN,Federal Contract Tower,0,0,9,4,13,0,4,66,0,70,0,4,75,4,83,142,0,142,225
03/27/2017,EWB,MA,ANE,EN,Federal Contract Tower,0,5,6,0,11,0,0,0,0,0,0,5,6,0,11,0,0,0,11
03/28/2017,EWB,MA,ANE,EN,Federal Contract Tower,0,9,17,0,26,0,0,0,0,0,0,9,17,0,26,8,0,8,34
03/29/2017,EWB,MA,ANE,EN,Federal Contract Tower,0,5,13,0,18,0,3,25,2,30,0,8,38,2,48,50,0,50,98
03/30/2017,EWB,MA,ANE,EN,Federal Contract Tower,0,0,6,0,6,0,6,96,0,102,0,6,102,0,108,92,2,94,202
03/31/2017,EWB,MA,ANE,EN,Federal Contract Tower,0,1,6,0,7,0,3,1,0,4,0,4,7,0,11,2,0,2,13
04/01/2017,EWB,MA,ANE,EN,Federal Contract Tower,0,4,0,0,4,0,0,0,0,0,0,4,0,0,4,0,0,0,4
04/02/2017,EWB,MA,ANE,EN,Federal Contract Tower,0,4,8,0,12,0,3,46,0,49,0,7,54,0,61,42,2,44,105
04/03/2017,EWB,MA,ANE,EN,Federal Contract Tower,0,2,28,0,30,0,6,90,0,96,0,8,118,0,126,188,0,188,314
04/04/2017,EWB,MA,ANE,EN,Federal Contract Tower,0,5,4,0,9,0,1,0,0,1,0,6,4,0,10,0,0,0,10
04/05/2017,EWB,MA,ANE,EN,Federal Contract Tower,0,6,33,12,51,0,10,19,0,29,0,16,52,12,80,56,22,78,158
04/06/2017,EWB,MA,ANE,EN,Federal Contract Tower,0,13,5,0,18,0,0,0,0,0,0,13,5,0,18,0,0,0,18
04/07/2017,EWB,MA,ANE,EN,Federal Contract Tower,0,8,9,0,17,0,10,34,0,44,0,18,43,0,61,74,0,74,135
04/08/2017,EWB,MA,ANE,EN,Federal Contract Tower,0,0,3,0,3,0,5,30,0,35,0,5,33,0,38,0,36,36,74
04/09/2017,EWB,MA,ANE,EN,Federal Contract Tower,0,0,7,0,7,0,6,59,0,65,0,6,66,0,72,130,0,130,202
04/10/2017,EWB,MA,ANE,EN,Federal Contract Tower,0,0,25,0,25,0,5,74,0,79,0,5,99,0,104,70,0,70,174
04/11/2017,EWB,MA,ANE,EN,Federal Contract Tower,0,5,25,2,32,0,8,56,0,64,0,13,81,2,96,54,10,64,160
04/12/2017,EWB,MA,ANE,EN,Federal Contract Tower,0,5,13,2,20,0,8,59,0,67,0,13,72,2,87,122,20,142,229
04/13/2017,EWB,MA,ANE,EN,Federal Contract Tower,0,4,25,1,30,0,7,67,4,78,0,11,92,5,108,186,10,196,304
04/14/2017,EWB,MA,ANE,EN,Federal Contract Tower,0,2,6,0,8,0,13,101,0,114,0,15,107,0,122,98,0,98,220
04/15/2017,EWB,MA,ANE,EN,Federal Contract Tower,0,0,8,0,8,0,11,25,0,36,0,11,33,0,44,24,0,24,68
04/16/2017,EWB,MA,ANE,EN,Federal Contract Tower,0,2,1,0,3,0,10,12,0,22,0,12,13,0,25,12,0,12,37
04/17/2017,EWB,MA,ANE,EN,Federal Contract Tower,0,0,8,0,8,0,6,25,0,31,0,6,33,0,39,30,0,30,69
04/18/2017,EWB,MA,ANE,EN,Federal Contract Tower,0,3,15,4,22,0,10,56,0,66,0,13,71,4,88,84,26,110,198
04/19/2017,EWB,MA,ANE,EN,Federal Contract Tower,0,0,17,2,19,0,6,57,2,65,0,6,74,4,84,134,2,136,220
04/20/2017,EWB,MA,ANE,EN,Federal Contract Tower,0,11,31,2,44,0,0,4,0,4,0,11,35,2,48,4,0,4,52
04/21/2017,EWB,MA,ANE,EN,Federal Contract Tower,0,8,12,0,20,0,0,0,0,0,0,8,12,0,20,0,0,0,20
04/22/2017,EWB,MA,ANE,EN,Federal Contract Tower,0,7,5,0,12,0,0,0,0,0,0,7,5,0,12,0,0,0,12
04/23/2017,EWB,MA,ANE,EN,Federal Contract Tower,0,0,13,0,13,0,12,72,0,84,0,12,85,0,97,144,0,144,241
04/24/2017,EWB,MA,ANE,EN,Federal Contract Tower,0,0,9,0,9,0,6,69,0,75,0,6,78,0,84,98,0,98,182
04/25/2017,EWB,MA,ANE,EN,Federal Contract Tower,0,9,28,0,37,0,0,0,0,0,0,9,28,0,37,0,0,0,37
04/26/2017,EWB,MA,ANE,EN,Federal Contract Tower,0,2,5,0,7,0,0,0,0,0,0,2,5,0,7,0,0,0,7
04/27/2017,EWB,MA,ANE,EN,Federal Contract Tower,0,4,21,4,29,0,2,4,0,6,0,6,25,4,35,12,0,12,47
04/28/2017,EWB,MA,ANE,EN,Federal Contract Tower,0,2,10,0,12,0,5,72,0,77,0,7,82,0,89,164,0,164,253
04/29/2017,EWB,MA,ANE,EN,Federal Contract Tower,0,3,10,0,13,0,6,34,0,40,0,9,44,0,53,88,2,90,143
04/30/2017,EWB,MA,ANE,EN,Federal Contract Tower,0,3,31,0,34,0,8,52,0,60,0,11,83,0,94,62,2,64,158
05/01/2017,EWB,MA,ANE,EN,Federal Contract Tower,0,4,21,0,25,0,0,6,0,6,0,4,27,0,31,18,0,18,49
05/02/2017,EWB,MA,ANE,EN,Federal Contract Tower,0,8,3,0,11,0,2,12,0,14,0,10,15,0,25,46,0,46,71
05/03/2017,EWB,MA,ANE,EN,Federal Contract Tower,0,13,30,0,43,0,14,83,0,97,0,27,113,0,140,186,8,194,334
05/04/2017,EWB,MA,ANE,EN,Federal Contract Tower,0,8,31,0,39,0,8,102,0,110,0,16,133,0,149,284,10,294,443
05/05/2017,EWB,MA,ANE,EN,Federal Contract Tower,0,7,13,0,20,0,6,16,0,22,0,13,29,0,42,32,0,32,74
05/06/2017,EWB,MA,ANE,EN,Federal Contract Tower,0,20,15,2,37,0,1,2,0,3,0,21,17,2,40,6,0,6,46
05/07/2017,EWB,MA,ANE,EN,Federal Contract Tower,0,3,14,0,17,0,5,25,0,30,0,8,39,0,47,12,0,12,59
05/08/2017,EWB,MA,ANE,EN,Federal Contract Tower,0,3,8,0,11,0,9,65,16,90,0,12,73,16,101,158,0,158,259
05/09/2017,EWB,MA,ANE,EN,Federal Contract Tower,0,1,13,2,16,0,16,42,0,58,0,17,55,2,74,54,10,64,138
05/10/2017,EWB,MA,ANE,EN,Federal Contract Tower,0,0,2,6,8,0,10,76,0,86,0,10,78,6,94,121,6,127,221
05/11/2017,EWB,MA,ANE,EN,Federal Contract Tower,0,0,11,4,15,0,21,37,0,58,0,21,48,4,73,44,10,54,127
05/12/2017,EWB,MA,ANE,EN,Federal Contract Tower,0,11,23,2,36,0,12,10,0,22,0,23,33,2,58,18,2,20,78
05/13/2017,EWB,MA,ANE,EN,Federal Contract Tower,0,4,9,0,13,0,3,4,0,7,0,7,13,0,20,30,0,30,50
05/14/2017,EWB,MA,ANE,EN,Federal Contract Tower,0,12,10,0,22,0,1,0,0,1,0,13,10,0,23,0,0,0,23
05/15/2017,EWB,MA,ANE,EN,Federal Contract Tower,0,1,10,0,11,0,10,22,0,32,0,11,32,0,43,20,0,20,63
05/16/2017,EWB,MA,ANE,EN,Federal Contract Tower,0,0,13,0,13,0,9,60,0,69,0,9,73,0,82,86,0,86,168
05/17/2017,EWB,MA,ANE,EN,Federal Contract Tower,0,0,14,2,16,0,8,66,0,74,0,8,80,2,90,102,0,102,192
05/18/2017,EWB,MA,ANE,EN,Federal Contract Tower,0,5,13,0,18,0,21,35,0,56,0,26,48,0,74,120,0,120,194
05/19/2017,EWB,MA,ANE,EN,Federal Contract Tower,0,4,9,0,13,0,28,27,0,55,0,32,36,0,68,50,0,50,118
05/20/2017,EWB,MA,ANE,EN,Federal Contract Tower,0,0,12,0,12,0,8,41,0,49,0,8,53,0,61,68,0,68,129
05/21/2017,EWB,MA,ANE,EN,Federal Contract Tower,0,2,16,0,18,0,10,59,0,69,0,12,75,0,87,16,0,16,103
05/22/2017,EWB,MA,ANE,EN,Federal Contract Tower,0,9,15,0,24,0,7,16,0,23,0,16,31,0,47,20,0,20,67
05/23/2017,EWB,MA,ANE,EN,Federal Contract Tower,0,13,19,2,34,0,6,39,2,47,0,19,58,4,81,40,14,54,135
05/24/2017,EWB,MA,ANE,EN,Federal Contract Tower,0,3,15,0,18,0,11,63,0,74,0,14,78,0,92,132,2,134,226
05/25/2017,EWB,MA,ANE,EN,Federal Contract Tower,0,28,12,0,40,0,0,0,0,0,0,28,12,0,40,0,0,0,40
05/26/2017,EWB,MA,ANE,EN,Federal Contract Tower,0,20,27,0,47,0,3,6,0,9,0,23,33,0,56,10,2,12,68
05/27/2017,EWB,MA,ANE,EN,Federal Contract Tower,0,7,13,0,20,0,19,59,0,78,0,26,72,0,98,116,2,118,216
05/28/2017,EWB,MA,ANE,EN,Federal Contract Tower,0,2,6,0,8,0,11,54,0,65,0,13,60,0,73,72,0,72,145
05/29/2017,EWB,MA,ANE,EN,Federal Contract Tower,0,31,11,0,42,0,0,0,0,0,0,31,11,0,42,0,0,0,42
05/30/2017,EWB,MA,ANE,EN,Federal Contract Tower,0,20,32,4,56,0,13,42,0,55,0,33,74,4,111,44,0,44,155
05/31/2017,EWB,MA,ANE,EN,Federal Contract Tower,0,11,27,0,38,0,0,0,0,0,0,11,27,0,38,0,0,0,38
06/01/2017,EWB,MA,ANE,EN,Federal Contract Tower,0,4,18,4,26,0,13,79,0,92,0,17,97,4,118,132,0,132,250
06/02/2017,EWB,MA,ANE,EN,Federal Contract Tower,0,7,16,0,23,0,15,86,0,101,0,22,102,0,124,110,0,110,234
06/03/2017,EWB,MA,ANE,EN,Federal Contract Tower,0,4,11,0,15,0,3,60,0,63,0,7,71,0,78,84,0,84,162
06/04/2017,EWB,MA,ANE,EN,Federal Contract Tower,0,1,8,0,9,0,8,81,4,93,0,9,89,4,102,50,0,50,152
06/06/2017,EWB,MA,ANE,EN,Federal Contract Tower,0,12,22,6,40,0,0,0,0,0,0,12,22,6,40,0,0,0,40
06/07/2017,EWB,MA,ANE,EN,Federal Contract Tower,0,12,18,4,34,0,8,71,0,79,0,20,89,4,113,168,6,174,287
06/08/2017,EWB,MA,ANE,EN,Federal Contract Tower,0,5,27,2,34,0,16,102,0,118,0,21,129,2,152,192,20,212,364
06/09/2017,EWB,MA,ANE,EN,Federal Contract Tower,0,9,7,0,16,0,20,50,0,70,0,29,57,0,86,90,0,90,176
06/10/2017,EWB,MA,ANE,EN,Federal Contract Tower,0,3,12,0,15,0,3,63,0,66,0,6,75,0,81,90,4,94,175
06/11/2017,EWB,MA,ANE,EN,Federal Contract Tower,0,1,5,0,6,0,11,59,0,70,0,12,64,0,76,44,2,46,122
06/12/2017,EWB,MA,ANE,EN,Federal Contract Tower,0,2,24,0,26,0,25,87,4,116,0,27,111,4,142,130,0,130,272
06/13/2017,EWB,MA,ANE,EN,Federal Contract Tower,0,3,4,0,7,0,12,54,0,66,0,15,58,0,73,74,4,78,151
06/14/2017,EWB,MA,ANE,EN,Federal Contract Tower,0,4,19,0,23,0,14,106,14,134,0,18,125,14,157,148,0,148,305
06/15/2017,EWB,MA,ANE,EN,Federal Contract Tower,0,2,8,6,16,0,16,86,2,104,0,18,94,8,120,148,14,162,282
06/16/2017,EWB,MA,ANE,EN,Federal Contract Tower,0,9,7,0,16,0,14,26,0,40,0,23,33,0,56,58,0,58,114
06/17/2017,EWB,MA,ANE,EN,Federal Contract Tower,0,22,18,0,40,0,0,1,0,1,0,22,19,0,41,0,0,0,41
06/18/2017,EWB,MA,ANE,EN,Federal Contract Tower,0,23,4,0,27,0,0,0,0,0,0,23,4,0,27,0,0,0,27
06/19/2017,EWB,MA,ANE,EN,Federal Contract Tower,0,10,19,0,29,0,0,0,0,0,0,10,19,0,29,0,0,0,29
06/20/2017,EWB,MA,ANE,EN,Federal Contract Tower,0,8,13,0,21,0,11,26,0,37,0,19,39,0,58,40,22,62,120
06/21/2017,EWB,MA,ANE,EN,Federal Contract Tower,0,8,15,0,23,0,6,92,2,100,0,14,107,2,123,76,2,78,201
06/22/2017,EWB,MA,ANE,EN,Federal Contract Tower,0,9,14,6,29,0,22,130,2,154,0,31,144,8,183,142,18,160,343
06/23/2017,EWB,MA,ANE,EN,Federal Contract Tower,0,15,13,0,28,0,9,42,0,51,0,24,55,0,79,24,0,24,103
06/24/2017,EWB,MA,ANE,EN,Federal Contract Tower,0,5,9,0,14,0,11,14,0,25,0,16,23,0,39,6,0,6,45
06/25/2017,EWB,MA,ANE,EN,Federal Contract Tower,0,2,12,0,14,0,16,88,0,104,0,18,100,0,118,76,0,76,194
06/26/2017,EWB,MA,ANE,EN,Federal Contract Tower,0,2,18,0,20,0,14,73,6,93,0,16,91,6,113,148,8,156,269
06/27/2017,EWB,MA,ANE,EN,Federal Contract Tower,0,5,1,0,6,0,15,48,8,71,0,20,49,8,77,152,22,174,251
06/28/2017,EWB,MA,ANE,EN,Federal Contract Tower,0,5,19,0,24,0,16,80,24,120,0,21,99,24,144,128,4,132,276
06/29/2017,EWB,MA,ANE,EN,Federal Contract Tower,0,1,16,0,17,0,23,65,7,95,0,24,81,7,112,86,4,90,202
06/30/2017,EWB,MA,ANE,EN,Federal Contract Tower,0,11,4,0,15,0,14,48,0,62,0,25,52,0,77,32,14,46,123
07/01/2017,EWB,MA,ANE,EN,Federal Contract Tower,0,20,17,0,37,0,0,0,0,0,0,20,17,0,37,0,0,0,37
07/02/2017,EWB,MA,ANE,EN,Federal Contract Tower,0,11,6,0,17,0,8,55,0,63,0,19,61,0,80,76,0,76,156
07/03/2017,EWB,MA,ANE,EN,Federal Contract Tower,0,11,10,0,21,0,16,80,0,96,0,27,90,0,117,48,0,48,165
07/04/2017,EWB,MA,ANE,EN,Federal Contract Tower,0,4,3,0,7,0,13,31,0,44,0,17,34,0,51,18,0,18,69
07/05/2017,EWB,MA,ANE,EN,Federal Contract Tower,0,4,17,0,21,0,17,88,0,105,0,21,105,0,126,128,0,128,254
07/06/2017,EWB,MA,ANE,EN,Federal Contract Tower,0,2,7,0,9,0,22,68,0,90,0,24,75,0,99,112,0,112,211
07/07/2017,EWB,MA,ANE,EN,Federal Contract Tower,0,32,9,0,41,0,0,0,0,0,0,32,9,0,41,0,0,0,41
07/08/2017,EWB,MA,ANE,EN,Federal Contract Tower,0,7,7,0,14,0,7,33,0,40,0,14,40,0,54,58,0,58,112
07/09/2017,EWB,MA,ANE,EN,Federal Contract Tower,0,7,15,0,22,0,16,63,0,79,0,23,78,0,101,140,4,144,245
07/10/2017,EWB,MA,ANE,EN,Federal Contract Tower,0,12,28,0,40,0,15,101,0,116,0,27,129,0,156,90,0,90,246
07/11/2017,EWB,MA,ANE,EN,Federal Contract Tower,0,14,25,0,39,0,9,50,2,61,0,23,75,2,100,56,2,58,158
07/12/2017,EWB,MA,ANE,EN,Federal Contract Tower,0,4,10,0,14,0,3,68,0,71,0,7,78,0,85,82,0,82,167
07/13/2017,EWB,MA,ANE,EN,Federal Contract Tower,0,22,34,0,56,0,11,7,0,18,0,33,41,0,74,12,0,12,86
07/14/2017,EWB,MA,ANE,EN,Federal Contract Tower,0,10,33,0,43,0,5,11,0,16,0,15,44,0,59,8,2,10,69
07/15/2017,EWB,MA,ANE,EN,Federal Contract Tower,0,11,28,0,39,0,4,28,0,32,0,15,56,0,71,28,0,28,99
07/16/2017,EWB,MA,ANE,EN,Federal Contract Tower,0,5,20,0,25,0,11,97,0,108,0,16,117,0,133,76,0,76,209
07/17/2017,EWB,MA,ANE,EN,Federal Contract Tower,0,14,32,0,46,0,5,48,0,53,0,19,80,0,99,80,0,80,179
07/18/2017,EWB,MA,ANE,EN,Federal Contract Tower,0,13,27,0,40,0,16,48,0,64,0,29,75,0,104,90,2,92,196
07/19/2017,EWB,MA,ANE,EN,Federal Contract Tower,0,6,20,4,30,0,9,60,0,69,0,15,80,4,99,86,10,96,195
07/20/2017,EWB,MA,ANE,EN,Federal Contract Tower,0,2,23,0,25,0,17,70,2,89,0,19,93,2,114,110,8,118,232
07/21/2017,EWB,MA,ANE,EN,Federal Contract Tower,0,3,22,2,27,0,18,84,1,103,0,21,106,3,130,86,0,86,216
07/22/2017,EWB,MA,ANE,EN,Federal Contract Tower,0,3,0,11,14,0,16,74,0,90,0,19,74,11,104,80,0,80,184
07/23/2017,EWB,MA,ANE,EN,Federal Contract Tower,0,14,14,0,28,0,8,35,0,43,0,22,49,0,71,44,0,44,115
07/24/2017,EWB,MA,ANE,EN,Federal Contract Tower,0,11,7,0,18,0,6,0,0,6,0,17,7,0,24,0,0,0,24
07/25/2017,EWB,MA,ANE,EN,Federal Contract Tower,0,13,24,2,39,0,18,45,0,63,0,31,69,2,102,26,10,36,138
07/26/2017,EWB,MA,ANE,EN,Federal Contract Tower,0,14,26,0,40,0,26,126,0,152,0,40,152,0,192,136,2,138,330
07/27/2017,EWB,MA,ANE,EN,Federal Contract Tower,0,17,21,0,38,0,24,73,0,97,0,41,94,0,135,140,2,142,277
07/28/2017,EWB,MA,ANE,EN,Federal Contract Tower,0,9,14,0,23,0,23,59,0,82,0,32,73,0,105,62,0,62,167
07/29/2017,EWB,MA,ANE,EN,Federal Contract Tower,0,18,10,0,28,0,0,9,0,9,0,18,19,0,37,0,0,0,37
07/30/2017,EWB,MA,ANE,EN,Federal Contract Tower,0,9,12,0,21,0,16,87,0,103,0,25,99,0,124,76,0,76,200
07/31/2017,EWB,MA,ANE,EN,Federal Contract Tower,0,0,14,0,14,0,16,108,0,124,0,16,122,0,138,210,0,210,348
08/01/2017,EWB,MA,ANE,EN,Federal Contract Tower,0,4,7,0,11,0,14,94,0,108,0,18,101,0,119,116,6,122,241
08/02/2017,EWB,MA,ANE,EN,Federal Contract Tower,0,6,13,0,19,0,12,46,0,58,0,18,59,0,77,46,0,46,123
08/03/2017,EWB,MA,ANE,EN,Federal Contract Tower,0,7,37,0,44,0,18,64,0,82,0,25,101,0,126,174,0,174,300
08/04/2017,EWB,MA,ANE,EN,Federal Contract Tower,0,21,24,0,45,0,13,47,0,60,0,34,71,0,105,66,0,66,171
08/05/2017,EWB,MA,ANE,EN,Federal Contract Tower,0,17,4,0,21,0,7,2,0,9,0,24,6,0,30,0,0,0,30
08/06/2017,EWB,MA,ANE,EN,Federal Contract Tower,0,11,18,0,29,0,13,83,0,96,0,24,101,0,125,94,4,98,223
08/07/2017,EWB,MA,ANE,EN,Federal Contract Tower,0,3,12,0,15,0,14,66,0,80,0,17,78,0,95,86,0,86,181
08/08/2017,EWB,MA,ANE,EN,Federal Contract Tower,0,17,14,0,31,0,11,30,0,41,0,28,44,0,72,84,0,84,156
08/09/2017,EWB,MA,ANE,EN,Federal Contract Tower,0,4,23,0,27,0,16,95,0,111,0,20,118,0,138,164,6,170,308
08/10/2017,EWB,MA,ANE,EN,Federal Contract Tower,0,5,21,0,26,0,20,80,0,100,0,25,101,0,126,100,0,100,226
08/11/2017,EWB,MA,ANE,EN,Federal Contract Tower,0,19,8,0,27,0,40,92,0,132,0,59,100,0,159,206,0,206,365
08/12/2017,EWB,MA,ANE,EN,Federal Contract Tower,0,19,17,0,36,0,0,2,0,2,0,19,19,0,38,0,0,0,38
08/13/2017,EWB,MA,ANE,EN,Federal Contract Tower,0,12,11,0,23,0,5,43,0,48,0,17,54,0,71,18,0,18,89
08/14/2017,EWB,MA,ANE,EN,Federal Contract Tower,0,6,14,0,20,0,21,81,0,102,0,27,95,0,122,130,0,130,252
08/15/2017,EWB,MA,ANE,EN,Federal Contract Tower,0,5,17,0,22,0,16,71,0,87,0,21,88,0,109,102,0,102,211
08/16/2017,EWB,MA,ANE,EN,Federal Contract Tower,0,1,18,0,19,0,18,97,0,115,0,19,115,0,134,150,2,152,286
08/17/2017,EWB,MA,ANE,EN,Federal Contract Tower,0,3,16,0,19,0,24,135,0,159,0,27,151,0,178,194,0,194,372
08/18/2017,EWB,MA,ANE,EN,Federal Contract Tower,0,21,11,0,32,0,0,0,0,0,0,21,11,0,32,0,0,0,32
08/19/2017,EWB,MA,ANE,EN,Federal Contract Tower,0,16,10,0,26,0,23,28,0,51,0,39,38,0,77,54,0,54,131
08/20/2017,EWB,MA,ANE,EN,Federal Contract Tower,0,8,12,0,20,0,17,77,0,94,0,25,89,0,114,82,0,82,196
08/21/2017,EWB,MA,ANE,EN,Federal Contract Tower,0,3,3,0,6,0,22,81,0,103,0,25,84,0,109,116,0,116,225
08/22/2017,EWB,MA,ANE,EN,Federal Contract Tower,0,21,28,0,49,0,1,15,0,16,0,22,43,0,65,0,0,0,65
08/23/2017,EWB,MA,ANE,EN,Federal Contract Tower,0,4,1,0,5,0,14,75,0,89,0,18,76,0,94,106,2,108,202
08/24/2017,EWB,MA,ANE,EN,Federal Contract Tower,0,5,24,0,29,0,22,151,0,173,0,27,175,0,202,180,0,180,382
08/25/2017,EWB,MA,ANE,EN,Federal Contract Tower,0,6,9,0,15,0,20,110,0,130,0,26,119,0,145,192,0,192,337
08/26/2017,EWB,MA,ANE,EN,Federal Contract Tower,0,2,28,0,30,0,32,83,0,115,0,34,111,0,145,150,4,154,299
08/27/2017,EWB,MA,ANE,EN,Federal Contract Tower,0,8,20,0,28,0,17,67,0,84,0,25,87,0,112,26,2,28,140
08/28/2017,EWB,MA,ANE,EN,Federal Contract Tower,0,7,15,0,22,0,12,78,0,90,0,19,93,0,112,56,2,58,170
08/29/2017,EWB,MA,ANE,EN,Federal Contract Tower,0,8,21,0,29,0,15,91,4,110,0,23,112,4,139,164,6,170,309
08/30/2017,EWB,MA,ANE,EN,Federal Contract Tower,0,6,6,0,12,0,14,70,0,84,0,20,76,0,96,102,0,102,198
08/31/2017,EWB,MA,ANE,EN,Federal Contract Tower,0,3,5,0,8,0,23,90,2,115,0,26,95,2,123,152,0,152,275
09/01/2017,EWB,MA,ANE,EN,Federal Contract Tower,0,3,24,0,27,0,23,76,0,99,0,26,100,0,126,134,0,134,260
09/02/2017,EWB,MA,ANE,EN,Federal Contract Tower,0,4,14,0,18,0,14,84,0,98,0,18,98,0,116,56,0,56,172
09/03/2017,EWB,MA,ANE,EN,Federal Contract Tower,0,9,6,0,15,0,1,0,0,1,0,10,6,0,16,0,0,0,16
09/04/2017,EWB,MA,ANE,EN,Federal Contract Tower,0,2,6,0,8,0,17,58,0,75,0,19,64,0,83,56,0,56,139
09/05/2017,EWB,MA,ANE,EN,Federal Contract Tower,0,3,7,0,10,0,12,32,0,44,0,15,39,0,54,34,10,44,98
09/06/2017,EWB,MA,ANE,EN,Federal Contract Tower,0,8,2,0,10,0,2,1,0,3,0,10,3,0,13,0,0,0,13
09/07/2017,EWB,MA,ANE,EN,Federal Contract Tower,0,9,16,2,27,0,22,59,0,81,0,31,75,2,108,152,2,154,262
09/08/2017,EWB,MA,ANE,EN,Federal Contract Tower,0,9,8,0,17,0,25,90,0,115,0,34,98,0,132,144,0,144,276
09/09/2017,EWB,MA,ANE,EN,Federal Contract Tower,0,6,12,0,18,0,15,72,0,87,0,21,84,0,105,96,0,96,201
09/10/2017,EWB,MA,ANE,EN,Federal Contract Tower,0,4,33,0,37,0,12,73,0,85,0,16,106,0,122,124,0,124,246
09/11/2017,EWB,MA,ANE,EN,Federal Contract Tower,0,1,37,0,38,0,18,93,0,111,0,19,130,0,149,184,0,184,333
09/12/2017,EWB,MA,ANE,EN,Federal Contract Tower,0,5,15,0,20,0,24,84,0,108,0,29,99,0,128,170,0,170,298
09/13/2017,EWB,MA,ANE,EN,Federal Contract Tower,0,7,17,0,24,0,19,110,0,129,0,26,127,0,153,136,6,142,295
09/14/2017,EWB,MA,ANE,EN,Federal Contract Tower,0,26,4,0,30,0,18,65,2,85,0,44,69,2,115,140,0,140,255
09/15/2017,EWB,MA,ANE,EN,Federal Contract Tower,0,16,27,0,43,0,6,47,5,58,0,22,74,5,101,44,2,46,147
09/16/2017,EWB,MA,ANE,EN,Federal Contract Tower,0,8,9,0,17,0,5,31,0,36,0,13,40,0,53,84,2,86,139
09/17/2017,EWB,MA,ANE,EN,Federal Contract Tower,0,20,14,0,34,0,2,30,0,32,0,22,44,0,66,56,0,56,122
09/18/2017,EWB,MA,ANE,EN,Federal Contract Tower,0,15,31,2,48,0,0,1,0,1,0,15,32,2,49,0,0,0,49
09/19/2017,EWB,MA,ANE,EN,Federal Contract Tower,0,12,2,0,14,0,0,0,0,0,0,12,2,0,14,0,0,0,14
09/20/2017,EWB,MA,ANE,EN,Federal Contract Tower,0,2,0,0,2,0,0,0,0,0,0,2,0,0,2,0,0,0,2
09/21/2017,EWB,MA,ANE,EN,Federal Contract Tower,0,0,0,1,1,0,0,5,1,6,0,0,5,2,7,0,0,0,7
09/22/2017,EWB,MA,ANE,EN,Federal Contract Tower,0,5,6,0,11,0,0,0,0,0,0,5,6,0,11,0,0,0,11
09/23/2017,EWB,MA,ANE,EN,Federal Contract Tower,0,18,22,0,40,0,1,19,0,20,0,19,41,0,60,4,0,4,64
09/24/2017,EWB,MA,ANE,EN,Federal Contract Tower,0,5,11,0,16,0,16,144,0,160,0,21,155,0,176,168,0,168,344
09/25/2017,EWB,MA,ANE,EN,Federal Contract Tower,0,10,18,0,28,0,15,93,0,108,0,25,111,0,136,152,0,152,288
09/26/2017,EWB,MA,ANE,EN,Federal Contract Tower,0,6,17,2,25,0,8,43,0,51,0,14,60,2,76,136,4,140,216
09/27/2017,EWB,MA,ANE,EN,Federal Contract Tower,0,10,21,0,31,0,4,12,0,16,0,14,33,0,47,24,0,24,71
09/29/2017,EWB,MA,ANE,EN,Federal Contract Tower,0,4,22,2,28,0,16,163,0,179,0,20,185,2,207,190,2,192,399
09/30/2017,EWB,MA,ANE,EN,Federal Contract Tower,0,2,6,0,8,0,10,18,0,28,0,12,24,0,36,64,0,64,100
10/01/2017,EWB,MA,ANE,EN,Federal Contract Tower,0,2,31,0,33,0,13,123,0,136,0,15,154,0,169,180,0,180,349
10/02/2017,EWB,MA,ANE,EN,Federal Contract Tower,0,2,11,0,13,0,16,80,0,96,0,18,91,0,109,150,0,150,259
10/03/2017,EWB,MA,ANE,EN,Federal Contract Tower,0,2,17,0,19,0,11,115,0,126,0,13,132,0,145,186,6,192,337
10/04/2017,EWB,MA,ANE,EN,Federal Contract Tower,0,1,20,0,21,0,15,88,2,105,0,16,108,2,126,182,0,182,308
10/05/2017,EWB,MA,ANE,EN,Federal Contract Tower,0,1,16,0,17,0,18,121,0,139,0,19,137,0,156,310,0,310,466
10/06/2017,EWB,MA,ANE,EN,Federal Contract Tower,0,9,7,0,16,0,15,116,0,131,0,24,123,0,147,200,0,200,347
10/07/2017,EWB,MA,ANE,EN,Federal Contract Tower,0,2,11,0,13,0,5,77,0,82,0,7,88,0,95,64,0,64,159
10/08/2017,EWB,MA,ANE,EN,Federal Contract Tower,0,6,8,0,14,0,6,8,0,14,0,12,16,0,28,8,0,8,36
10/09/2017,EWB,MA,ANE,EN,Federal Contract Tower,0,14,7,0,21,0,0,0,0,0,0,14,7,0,21,0,0,0,21
10/10/2017,EWB,MA,ANE,EN,Federal Contract Tower,0,4,4,0,8,0,11,123,0,134,0,15,127,0,142,236,0,236,378
10/11/2017,EWB,MA,ANE,EN,Federal Contract Tower,0,3,19,0,22,0,40,118,7,165,0,43,137,7,187,210,2,212,399
10/12/2017,EWB,MA,ANE,EN,Federal Contract Tower,0,4,13,0,17,0,20,100,2,122,0,24,113,2,139,180,0,180,319
10/13/2017,EWB,MA,ANE,EN,Federal Contract Tower,0,6,11,0,17,0,22,90,0,112,0,28,101,0,129,156,0,156,285
10/14/2017,EWB,MA,ANE,EN,Federal Contract Tower,0,7,19,0,26,0,4,4,0,8,0,11,23,0,34,0,0,0,34
10/15/2017,EWB,MA,ANE,EN,Federal Contract Tower,0,12,15,0,27,0,0,0,0,0,0,12,15,0,27,0,0,0,27
10/16/2017,EWB,MA,ANE,EN,Federal Contract Tower,0,4,14,0,18,0,6,86,0,92,0,10,100,0,110,146,0,146,256
10/17/2017,EWB,MA,ANE,EN,Federal Contract Tower,0,6,10,0,16,0,16,79,0,95,0,22,89,0,111,134,4,138,249
10/18/2017,EWB,MA,ANE,EN,Federal Contract Tower,0,4,13,0,17,0,22,107,0,129,0,26,120,0,146,180,12,192,338
10/19/2017,EWB,MA,ANE,EN,Federal Contract Tower,0,3,15,0,18,0,18,66,2,86,0,21,81,2,104,122,0,122,226
10/20/2017,EWB,MA,ANE,EN,Federal Contract Tower,0,2,21,0,23,0,10,89,2,101,0,12,110,2,124,186,2,188,312
10/21/2017,EWB,MA,ANE,EN,Federal Contract Tower,0,1,10,0,11,0,5,88,0,93,0,6,98,0,104,120,0,120,224
10/22/2017,EWB,MA,ANE,EN,Federal Contract Tower,0,6,10,0,16,0,13,84,0,97,0,19,94,0,113,186,0,186,299
10/23/2017,EWB,MA,ANE,EN,Federal Contract Tower,0,4,17,0,21,0,7,43,0,50,0,11,60,0,71,104,0,104,175
10/24/2017,EWB,MA,ANE,EN,Federal Contract Tower,0,0,1,0,1,0,22,4,0,26,0,22,5,0,27,0,0,0,27
10/25/2017,EWB,MA,ANE,EN,Federal Contract Tower,0,9,5,0,14,0,0,0,0,0,0,9,5,0,14,0,0,0,14
10/26/2017,EWB,MA,ANE,EN,Federal Contract Tower,0,15,12,0,27,0,1,6,0,7,0,16,18,0,34,6,0,6,40
10/27/2017,EWB,MA,ANE,EN,Federal Contract Tower,0,5,14,0,19,0,25,94,2,121,0,30,108,2,140,94,6,100,240
10/28/2017,EWB,MA,ANE,EN,Federal Contract Tower,0,2,4,0,6,0,8,60,0,68,0,10,64,0,74,106,0,106,180
10/29/2017,EWB,MA,ANE,EN,Federal Contract Tower,0,5,0,0,5,0,6,19,0,25,0,11,19,0,30,28,0,28,58
10/30/2017,EWB,MA,ANE,EN,Federal Contract Tower,0,0,5,0,5,0,0,11,0,11,0,0,16,0,16,0,0,0,16
10/31/2017,EWB,MA,ANE,EN,Federal Contract Tower,0,1,6,0,7,0,16,57,3,76,0,17,63,3,83,116,0,116,199
11/01/2017,EWB,MA,ANE,EN,Federal Contract Tower,0,1,11,0,12,0,15,95,0,110,0,16,106,0,122,134,4,138,260
11/02/2017,EWB,MA,ANE,EN,Federal Contract Tower,0,0,7,0,7,0,12,40,0,52,0,12,47,0,59,122,2,124,183
11/03/2017,EWB,MA,ANE,EN,Federal Contract Tower,0,8,20,0,28,0,7,50,0,57,0,15,70,0,85,98,0,98,183
11/04/2017,EWB,MA,ANE,EN,Federal Contract Tower,0,0,10,1,11,0,5,101,0,106,0,5,111,1,117,108,2,110,227
11/05/2017,EWB,MA,ANE,EN,Federal Contract Tower,0,1,12,2,15,0,5,27,2,34,0,6,39,4,49,46,0,46,95
11/06/2017,EWB,MA,ANE,EN,Federal Contract Tower,0,8,20,0,28,0,2,9,0,11,0,10,29,0,39,40,0,40,79
11/07/2017,EWB,MA,ANE,EN,Federal Contract Tower,0,3,14,0,17,0,18,87,0,105,0,21,101,0,122,114,0,114,236
11/08/2017,EWB,MA,ANE,EN,Federal Contract Tower,0,11,7,0,18,0,10,52,0,62,0,21,59,0,80,150,0,150,230
11/09/2017,EWB,MA,ANE,EN,Federal Contract Tower,0,1,14,0,15,0,11,117,0,128,0,12,131,0,143,226,0,226,369
11/10/2017,EWB,MA,ANE,EN,Federal Contract Tower,0,5,4,0,9,0,11,10,0,21,0,16,14,0,30,0,0,0,30
11/11/2017,EWB,MA,ANE,EN,Federal Contract Tower,0,1,5,0,6,0,2,69,0,71,0,3,74,0,77,116,2,118,195
11/12/2017,EWB,MA,ANE,EN,Federal Contract Tower,0,0,14,0,14,0,6,70,0,76,0,6,84,0,90,160,0,160,250
11/13/2017,EWB,MA,ANE,EN,Federal Contract Tower,0,9,7,0,16,0,3,10,0,13,0,12,17,0,29,320,0,320,349
11/14/2017,EWB,MA,ANE,EN,Federal Contract Tower,0,0,19,0,19,0,18,63,0,81,0,18,82,0,100,166,0,166,266
11/15/2017,EWB,MA,ANE,EN,Federal Contract Tower,0,0,3,0,3,0,12,80,0,92,0,12,83,0,95,192,2,194,289
11/16/2017,EWB,MA,ANE,EN,Federal Contract Tower,0,6,5,0,11,0,14,5,0,19,0,20,10,0,30,16,0,16,46
11/17/2017,EWB,MA,ANE,EN,Federal Contract Tower,0,1,15,0,16,0,15,50,0,65,0,16,65,0,81,100,2,102,183
11/18/2017,EWB,MA,ANE,EN,Federal Contract Tower,0,4,23,0,27,0,5,73,10,88,0,9,96,10,115,110,4,114,229
11/19/2017,EWB,MA,ANE,EN,Federal Contract Tower,0,4,1,0,5,0,6,6,0,12,0,10,7,0,17,0,0,0,17
11/20/2017,EWB,MA,ANE,EN,Federal Contract Tower,0,1,2,0,3,0,12,45,0,57,0,13,47,0,60,58,0,58,118
11/21/2017,EWB,MA,ANE,EN,Federal Contract Tower,0,4,1,0,5,0,14,37,0,51,0,18,38,0,56,12,0,12,68
11/22/2017,EWB,MA,ANE,EN,Federal Contract Tower,0,5,7,0,12,0,2,0,0,2,0,7,7,0,14,0,0,0,14
11/23/2017,EWB,MA,ANE,EN,Federal Contract Tower,0,1,0,0,1,0,5,11,0,16,0,6,11,0,17,10,0,10,27
11/24/2017,EWB,MA,ANE,EN,Federal Contract Tower,0,8,6,0,14,0,13,68,0,81,0,21,74,0,95,80,0,80,175
11/25/2017,EWB,MA,ANE,EN,Federal Contract Tower,0,6,4,0,10,0,11,68,0,79,0,17,72,0,89,80,0,80,169
11/26/2017,EWB,MA,ANE,EN,Federal Contract Tower,0,0,9,1,10,0,10,32,0,42,0,10,41,1,52,36,0,36,88
11/27/2017,EWB,MA,ANE,EN,Federal Contract Tower,0,2,14,0,16,0,14,73,0,87,0,16,87,0,103,108,0,108,211
11/28/2017,EWB,MA,ANE,EN,Federal Contract Tower,0,2,13,0,15,0,11,102,0,113,0,13,115,0,128,204,0,204,332
11/29/2017,EWB,MA,ANE,EN,Federal Contract Tower,0,4,7,0,11,0,22,96,0,118,0,26,103,0,129,136,0,136,265
11/30/2017,EWB,MA,ANE,EN,Federal Contract Tower,0,0,9,0,9,0,14,63,1,78,0,14,72,1,87,184,0,184,271
12/01/2017,EWB,MA,ANE,EN,Federal Contract Tower,0,4,10,0,14,0,11,90,0,101,0,15,100,0,115,216,2,218,333
12/02/2017,EWB,MA,ANE,EN,Federal Contract Tower,0,2,7,0,9,0,7,81,0,88,0,9,88,0,97,158,0,158,255
12/03/2017,EWB,MA,ANE,EN,Federal Contract Tower,0,0,10,0,10,0,8,50,0,58,0,8,60,0,68,102,0,102,170
12/04/2017,EWB,MA,ANE,EN,Federal Contract Tower,0,4,12,0,16,0,16,64,0,80,0,20,76,0,96,150,0,150,246
12/05/2017,EWB,MA,ANE,EN,Federal Contract Tower,0,9,8,0,17,0,10,20,0,30,0,19,28,0,47,42,0,42,89
12/06/2017,EWB,MA,ANE,EN,Federal Contract Tower,0,6,16,0,22,0,17,53,0,70,0,23,69,0,92,82,0,82,174
12/07/2017,EWB,MA,ANE,EN,Federal Contract Tower,0,4,26,0,30,0,17,79,4,100,0,21,105,4,130,132,0,132,262
12/08/2017,EWB,MA,ANE,EN,Federal Contract Tower,0,1,11,0,12,0,8,83,0,91,0,9,94,0,103,132,0,132,235
12/09/2017,EWB,MA,ANE,EN,Federal Contract Tower,0,5,4,0,9,0,2,0,0,2,0,7,4,0,11,0,0,0,11
12/10/2017,EWB,MA,ANE,EN,Federal Contract Tower,0,2,3,0,5,0,4,32,0,36,0,6,35,0,41,98,0,98,139
12/11/2017,EWB,MA,ANE,EN,Federal Contract Tower,0,5,17,0,22,0,13,70,0,83,0,18,87,0,105,144,0,144,249
12/12/2017,EWB,MA,ANE,EN,Federal Contract Tower,0,3,5,0,8,0,6,17,0,23,0,9,22,0,31,66,0,66,97
12/13/2017,EWB,MA,ANE,EN,Federal Contract Tower,0,2,2,0,4,0,16,0,0,16,0,18,2,0,20,4,2,6,26
12/14/2017,EWB,MA,ANE,EN,Federal Contract Tower,0,7,9,0,16,0,5,34,0,39,0,12,43,0,55,40,0,40,95
12/15/2017,EWB,MA,ANE,EN,Federal Contract Tower,0,1,9,0,10,0,8,66,0,74,0,9,75,0,84,80,0,80,164
12/16/2017,EWB,MA,ANE,EN,Federal Contract Tower,2,4,6,0,12,0,8,47,0,55,2,12,53,0,67,88,0,88,155
12/17/2017,EWB,MA,ANE,EN,Federal Contract Tower,0,1,18,0,19,0,2,71,0,73,0,3,89,0,92,60,0,60,152
12/18/2017,EWB,MA,ANE,EN,Federal Contract Tower,0,3,8,0,11,0,9,12,0,21,0,12,20,0,32,10,0,10,42
12/19/2017,EWB,MA,ANE,EN,Federal Contract Tower,0,2,18,0,20,0,15,93,0,108,0,17,111,0,128,162,2,164,292
12/20/2017,EWB,MA,ANE,EN,Federal Contract Tower,0,2,15,0,17,0,14,69,0,83,0,16,84,0,100,74,0,74,174
12/21/2017,EWB,MA,ANE,EN,Federal Contract Tower,0,1,7,0,8,0,17,80,0,97,0,18,87,0,105,116,0,116,221
12/22/2017,EWB,MA,ANE,EN,Federal Contract Tower,0,3,4,0,7,0,9,32,0,41,0,12,36,0,48,30,0,30,78
12/23/2017,EWB,MA,ANE,EN,Federal Contract Tower,2,4,2,0,8,0,0,0,0,0,2,4,2,0,8,0,0,0,8
12/24/2017,EWB,MA,ANE,EN,Federal Contract Tower,0,1,2,0,3,0,5,28,0,33,0,6,30,0,36,10,0,10,46
12/25/2017,EWB,MA,ANE,EN,Federal Contract Tower,0,2,0,0,2,0,0,1,0,1,0,2,1,0,3,0,0,0,3
12/26/2017,EWB,MA,ANE,EN,Federal Contract Tower,0,6,7,0,13,0,14,30,0,44,0,20,37,0,57,30,0,30,87
12/27/2017,EWB,MA,ANE,EN,Federal Contract Tower,0,6,4,0,10,0,14,46,0,60,0,20,50,0,70,40,0,40,110
12/28/2017,EWB,MA,ANE,EN,Federal Contract Tower,0,0,1,0,1,0,10,30,0,40,0,10,31,0,41,16,0,16,57
12/29/2017,EWB,MA,ANE,EN,Federal Contract Tower,0,0,5,0,5,0,10,55,0,65,0,10,60,0,70,134,0,134,204
12/30/2017,EWB,MA,ANE,EN,Federal Contract Tower,0,0,0,0,0,0,0,0,0,0,0,0,0,0,0,0,0,0,0
12/31/2017,EWB,MA,ANE,EN,Federal Contract Tower,2,1,3,0,6,0,1,3,0,4,2,2,6,0,10,8,0,8,18
01/01/2018,EWB,MA,ANE,EN,Federal Contract Tower,2,2,0,0,4,0,6,6,0,12,2,8,6,0,16,0,0,0,16
01/02/2018,EWB,MA,ANE,EN,Federal Contract Tower,0,5,3,0,8,0,14,25,0,39,0,19,28,0,47,32,0,32,79
01/03/2018,EWB,MA,ANE,EN,Federal Contract Tower,0,7,10,0,17,0,18,33,0,51,0,25,43,0,68,42,14,56,124
01/04/2018,EWB,MA,ANE,EN,Federal Contract Tower,0,0,0,0,0,0,0,0,0,0,0,0,0,0,0,0,0,0,0
01/05/2018,EWB,MA,ANE,EN,Federal Contract Tower,0,0,0,0,0,0,0,0,0,0,0,0,0,0,0,0,0,0,0
01/06/2018,EWB,MA,ANE,EN,Federal Contract Tower,0,0,0,0,0,0,7,0,0,7,0,7,0,0,7,0,0,0,7
01/07/2018,EWB,MA,ANE,EN,Federal Contract Tower,0,0,2,0,2,0,7,6,0,13,0,7,8,0,15,12,0,12,27
01/08/2018,EWB,MA,ANE,EN,Federal Contract Tower,0,1,10,0,11,0,12,20,0,32,0,13,30,0,43,10,0,10,53
01/10/2018,EWB,MA,ANE,EN,Federal Contract Tower,0,3,18,0,21,0,9,79,0,88,0,12,97,0,109,112,0,112,221
01/11/2018,EWB,MA,ANE,EN,Federal Contract Tower,0,7,21,0,28,0,4,25,0,29,0,11,46,0,57,56,0,56,113
01/12/2018,EWB,MA,ANE,EN,Federal Contract Tower,0,11,0,0,11,0,0,0,0,0,0,11,0,0,11,0,0,0,11
01/13/2018,EWB,MA,ANE,EN,Federal Contract Tower,0,2,2,0,4,0,5,6,0,11,0,7,8,0,15,4,2,6,21
01/14/2018,EWB,MA,ANE,EN,Federal Contract Tower,0,4,8,0,12,0,4,47,0,51,0,8,55,0,63,48,0,48,111
01/15/2018,EWB,MA,ANE,EN,Federal Contract Tower,0,4,4,0,8,0,4,1,0,5,0,8,5,0,13,2,0,2,15
01/16/2018,EWB,MA,ANE,EN,Federal Contract Tower,0,4,1,4,9,0,10,25,6,41,0,14,26,10,50,46,0,46,96
01/17/2018,EWB,MA,ANE,EN,Federal Contract Tower,0,7,1,0,8,0,0,0,0,0,0,7,1,0,8,0,0,0,8
01/18/2018,EWB,MA,ANE,EN,Federal Contract Tower,0,5,17,0,22,0,10,71,0,81,0,15,88,0,103,106,0,106,209
01/19/2018,EWB,MA,ANE,EN,Federal Contract Tower,0,5,11,0,16,0,11,65,0,76,0,16,76,0,92,52,0,52,144
01/20/2018,EWB,MA,ANE,EN,Federal Contract Tower,0,0,2,0,2,0,2,30,6,38,0,2,32,6,40,34,0,34,74
01/21/2018,EWB,MA,ANE,EN,Federal Contract Tower,0,2,14,4,20,0,5,96,0,101,0,7,110,4,121,84,0,84,205
01/22/2018,EWB,MA,ANE,EN,Federal Contract Tower,0,10,5,0,15,0,0,1,0,1,0,10,6,0,16,0,0,0,16
01/23/2018,EWB,MA,ANE,EN,Federal Contract Tower,0,7,2,0,9,0,0,0,0,0,0,7,2,0,9,0,0,0,9
01/24/2018,EWB,MA,ANE,EN,Federal Contract Tower,0,2,21,0,23,0,9,82,0,91,0,11,103,0,114,98,0,98,212
01/25/2018,EWB,MA,ANE,EN,Federal Contract Tower,0,3,15,0,18,0,8,69,2,79,0,11,84,2,97,70,8,78,175
01/26/2018,EWB,MA,ANE,EN,Federal Contract Tower,0,1,13,0,14,0,19,94,0,113,0,20,107,0,127,142,0,142,269
01/27/2018,EWB,MA,ANE,EN,Federal Contract Tower,0,2,2,0,4,0,3,23,0,26,0,5,25,0,30,26,0,26,56
01/28/2018,EWB,MA,ANE,EN,Federal Contract Tower,0,4,6,0,10,0,1,0,0,1,0,5,6,0,11,0,0,0,11
01/29/2018,EWB,MA,ANE,EN,Federal Contract Tower,0,4,2,0,6,0,6,21,0,27,0,10,23,0,33,44,0,44,77
01/30/2018,EWB,MA,ANE,EN,Federal Contract Tower,0,2,0,0,2,0,0,0,0,0,0,2,0,0,2,0,0,0,2
01/31/2018,EWB,MA,ANE,EN,Federal Contract Tower,0,0,18,0,18,0,18,60,0,78,0,18,78,0,96,76,0,76,172
02/01/2018,EWB,MA,ANE,EN,Federal Contract Tower,0,3,19,0,22,0,12,59,0,71,0,15,78,0,93,102,2,104,197
02/02/2018,EWB,MA,ANE,EN,Federal Contract Tower,0,6,2,0,8,0,15,7,0,22,0,21,9,0,30,0,0,0,30
02/03/2018,EWB,MA,ANE,EN,Federal Contract Tower,0,2,13,0,15,0,10,54,0,64,0,12,67,0,79,58,0,58,137
02/04/2018,EWB,MA,ANE,EN,Federal Contract Tower,0,5,0,0,5,0,1,4,0,5,0,6,4,0,10,8,0,8,18
02/05/2018,EWB,MA,ANE,EN,Federal Contract Tower,0,3,14,0,17,0,4,43,0,47,0,7,57,0,64,76,0,76,140
02/06/2018,EWB,MA,ANE,EN,Federal Contract Tower,0,2,6,0,8,0,14,63,3,80,0,16,69,3,88,110,2,112,200
02/07/2018,EWB,MA,ANE,EN,Federal Contract Tower,0,1,4,0,5,0,2,10,4,16,0,3,14,4,21,22,0,22,43
02/08/2018,EWB,MA,ANE,EN,Federal Contract Tower,0,0,17,0,17,0,8,81,0,89,0,8,98,0,106,130,2,132,238
02/09/2018,EWB,MA,ANE,EN,Federal Contract Tower,0,2,10,0,12,0,17,63,0,80,0,19,73,0,92,152,4,156,248
02/10/2018,EWB,MA,ANE,EN,Federal Contract Tower,0,3,7,0,10,0,6,25,0,31,0,9,32,0,41,100,0,100,141
02/11/2018,EWB,MA,ANE,EN,Federal Contract Tower,0,9,0,0,9,0,0,0,0,0,0,9,0,0,9,0,0,0,9
02/12/2018,EWB,MA,ANE,EN,Federal Contract Tower,0,5,14,0,19,0,6,66,0,72,0,11,80,0,91,144,0,144,235
02/13/2018,EWB,MA,ANE,EN,Federal Contract Tower,0,0,6,0,6,0,13,89,8,110,0,13,95,8,116,100,2,102,218
02/14/2018,EWB,MA,ANE,EN,Federal Contract Tower,0,4,2,0,6,0,8,39,0,47,0,12,41,0,53,46,0,46,99
02/15/2018,EWB,MA,ANE,EN,Federal Contract Tower,0,5,14,0,19,0,0,0,0,0,0,5,14,0,19,0,0,0,19
02/16/2018,EWB,MA,ANE,EN,Federal Contract Tower,0,5,11,0,16,0,8,29,0,37,0,13,40,0,53,50,0,50,103
02/17/2018,EWB,MA,ANE,EN,Federal Contract Tower,0,1,11,0,12,0,4,97,0,101,0,5,108,0,113,166,0,166,279
02/18/2018,EWB,MA,ANE,EN,Federal Contract Tower,0,0,6,0,6,0,6,26,0,32,0,6,32,0,38,32,0,32,70
02/19/2018,EWB,MA,ANE,EN,Federal Contract Tower,0,0,11,0,11,0,6,39,0,45,0,6,50,0,56,20,2,22,78
02/20/2018,EWB,MA,ANE,EN,Federal Contract Tower,0,14,17,0,31,0,0,0,0,0,0,14,17,0,31,0,0,0,31
02/21/2018,EWB,MA,ANE,EN,Federal Contract Tower,0,8,17,0,25,0,0,0,0,0,0,8,17,0,25,0,0,0,25
02/22/2018,EWB,MA,ANE,EN,Federal Contract Tower,0,0,4,0,4,0,7,24,0,31,0,7,28,0,35,64,2,66,101
02/23/2018,EWB,MA,ANE,EN,Federal Contract Tower,0,3,1,0,4,0,11,33,0,44,0,14,34,0,48,52,0,52,100
02/24/2018,EWB,MA,ANE,EN,Federal Contract Tower,0,2,18,0,20,0,6,93,0,99,0,8,111,0,119,140,0,140,259
02/25/2018,EWB,MA,ANE,EN,Federal Contract Tower,0,1,0,0,1,0,0,0,0,0,0,1,0,0,1,0,0,0,1
02/26/2018,EWB,MA,ANE,EN,Federal Contract Tower,0,3,10,0,13,0,9,61,0,70,0,12,71,0,83,102,0,102,185
02/27/2018,EWB,MA,ANE,EN,Federal Contract Tower,0,1,3,0,4,0,19,136,0,155,0,20,139,0,159,148,2,150,309
02/28/2018,EWB,MA,ANE,EN,Federal Contract Tower,0,3,0,0,3,0,14,80,0,94,0,17,80,0,97,108,6,114,211
03/01/2018,EWB,MA,ANE,EN,Federal Contract Tower,0,0,17,0,17,0,7,91,0,98,0,7,108,0,115,156,0,156,271
03/02/2018,EWB,MA,ANE,EN,Federal Contract Tower,0,0,0,0,0,0,0,0,0,0,0,0,0,0,0,0,0,0,0
03/03/2018,EWB,MA,ANE,EN,Federal Contract Tower,0,4,0,0,4,0,0,0,0,0,0,4,0,0,4,2,0,2,6
03/05/2018,EWB,MA,ANE,EN,Federal Contract Tower,0,6,4,0,10,0,5,6,0,11,0,11,10,0,21,0,0,0,21
03/06/2018,EWB,MA,ANE,EN,Federal Contract Tower,0,4,14,0,18,0,17,61,0,78,0,21,75,0,96,170,0,170,266
03/07/2018,EWB,MA,ANE,EN,Federal Contract Tower,0,4,0,0,4,0,5,0,0,5,0,9,0,0,9,0,0,0,9
03/08/2018,EWB,MA,ANE,EN,Federal Contract Tower,0,4,4,0,8,0,6,7,2,15,0,10,11,2,23,30,0,30,53
03/09/2018,EWB,MA,ANE,EN,Federal Contract Tower,0,1,3,0,4,0,7,58,2,67,0,8,61,2,71,98,0,98,169
03/10/2018,EWB,MA,ANE,EN,Federal Contract Tower,0,0,3,0,3,0,3,47,0,50,0,3,50,0,53,30,0,30,83
03/11/2018,EWB,MA,ANE,EN,Federal Contract Tower,0,0,21,0,21,0,6,103,0,109,0,6,124,0,130,130,0,130,260
03/12/2018,EWB,MA,ANE,EN,Federal Contract Tower,0,3,12,0,15,0,10,45,0,55,0,13,57,0,70,58,0,58,128
03/14/2018,EWB,MA,ANE,EN,Federal Contract Tower,0,2,2,0,4,0,9,5,0,14,0,11,7,0,18,14,2,16,34
03/15/2018,EWB,MA,ANE,EN,Federal Contract Tower,0,2,6,0,8,0,6,63,2,71,0,8,69,2,79,106,0,106,185
03/16/2018,EWB,MA,ANE,EN,Federal Contract Tower,0,1,10,0,11,0,11,41,0,52,0,12,51,0,63,68,0,68,131
03/17/2018,EWB,MA,ANE,EN,Federal Contract Tower,0,11,1,0,12,0,6,22,0,28,0,17,23,0,40,18,0,18,58
03/18/2018,EWB,MA,ANE,EN,Federal Contract Tower,0,0,13,0,13,0,8,73,0,81,0,8,86,0,94,88,4,92,186
03/19/2018,EWB,MA,ANE,EN,Federal Contract Tower,0,2,10,0,12,0,16,68,0,84,0,18,78,0,96,158,0,158,254
03/20/2018,EWB,MA,ANE,EN,Federal Contract Tower,0,0,6,0,6,0,20,67,0,87,0,20,73,0,93,104,0,104,197
03/21/2018,EWB,MA,ANE,EN,Federal Contract Tower,0,1,1,0,2,0,6,0,0,6,0,7,1,0,8,0,0,0,8
03/22/2018,EWB,MA,ANE,EN,Federal Contract Tower,0,2,1,0,3,0,0,2,0,2,0,2,3,0,5,2,0,2,7
03/23/2018,EWB,MA,ANE,EN,Federal Contract Tower,0,2,7,0,9,0,14,98,0,112,0,16,105,0,121,148,0,148,269
03/24/2018,EWB,MA,ANE,EN,Federal Contract Tower,0,2,10,0,12,0,17,93,0,110,0,19,103,0,122,122,0,122,244
03/25/2018,EWB,MA,ANE,EN,Federal Contract Tower,0,3,2,0,5,0,3,2,0,5,0,6,4,0,10,0,0,0,10
03/26/2018,EWB,MA,ANE,EN,Federal Contract Tower,0,2,8,0,10,0,11,50,0,61,0,13,58,0,71,86,0,86,157
03/27/2018,EWB,MA,ANE,EN,Federal Contract Tower,0,4,7,0,11,0,20,60,0,80,0,24,67,0,91,144,6,150,241
03/28/2018,EWB,MA,ANE,EN,Federal Contract Tower,0,0,12,0,12,0,15,80,0,95,0,15,92,0,107,218,0,218,325
03/29/2018,EWB,MA,ANE,EN,Federal Contract Tower,0,6,38,0,44,0,7,55,0,62,0,13,93,0,106,112,0,112,218
03/30/2018,EWB,MA,ANE,EN,Federal Contract Tower,0,14,15,0,29,0,0,0,0,0,0,14,15,0,29,0,0,0,29
03/31/2018,EWB,MA,ANE,EN,Federal Contract Tower,0,1,31,0,32,0,10,79,0,89,0,11,110,0,121,116,0,116,237
04/01/2018,EWB,MA,ANE,EN,Federal Contract Tower,0,1,5,0,6,0,6,8,0,14,0,7,13,0,20,20,2,22,42
04/02/2018,EWB,MA,ANE,EN,Federal Contract Tower,0,9,2,0,11,0,6,10,0,16,0,15,12,0,27,28,0,28,55
04/03/2018,EWB,MA,ANE,EN,Federal Contract Tower,0,10,8,0,18,0,9,9,0,18,0,19,17,0,36,16,0,16,52
04/04/2018,EWB,MA,ANE,EN,Federal Contract Tower,0,8,1,0,9,0,0,0,0,0,0,8,1,0,9,0,0,0,9
04/05/2018,EWB,MA,ANE,EN,Federal Contract Tower,0,1,2,0,3,0,10,20,0,30,0,11,22,0,33,10,2,12,45
04/06/2018,EWB,MA,ANE,EN,Federal Contract Tower,0,4,1,0,5,0,4,19,4,27,0,8,20,4,32,46,0,46,78
04/07/2018,EWB,MA,ANE,EN,Federal Contract Tower,0,2,10,0,12,0,7,50,0,57,0,9,60,0,69,84,0,84,153
04/08/2018,EWB,MA,ANE,EN,Federal Contract Tower,0,0,19,0,19,0,5,61,0,66,0,5,80,0,85,172,0,172,257
04/09/2018,EWB,MA,ANE,EN,Federal Contract Tower,0,2,27,0,29,0,10,79,0,89,0,12,106,0,118,66,0,66,184
04/10/2018,EWB,MA,ANE,EN,Federal Contract Tower,0,10,0,2,12,0,14,27,2,43,0,24,27,4,55,126,2,128,183
04/11/2018,EWB,MA,ANE,EN,Federal Contract Tower,0,2,13,0,15,0,12,81,1,94,0,14,94,1,109,202,2,204,313
04/12/2018,EWB,MA,ANE,EN,Federal Contract Tower,0,4,9,0,13,0,10,82,0,92,0,14,91,0,105,122,0,122,227
04/13/2018,EWB,MA,ANE,EN,Federal Contract Tower,0,7,5,0,12,0,14,78,0,92,0,21,83,0,104,102,0,102,206
04/14/2018,EWB,MA,ANE,EN,Federal Contract Tower,0,2,9,0,11,0,7,34,0,41,0,9,43,0,52,72,0,72,124
04/15/2018,EWB,MA,ANE,EN,Federal Contract Tower,0,3,2,0,5,0,3,0,0,3,0,6,2,0,8,0,0,0,8
04/16/2018,EWB,MA,ANE,EN,Federal Contract Tower,0,4,2,0,6,0,0,0,0,0,0,4,2,0,6,0,0,0,6
04/17/2018,EWB,MA,ANE,EN,Federal Contract Tower,0,1,0,0,1,0,15,76,2,93,0,16,76,2,94,124,0,124,218
04/18/2018,EWB,MA,ANE,EN,Federal Contract Tower,0,0,15,0,15,0,11,45,0,56,0,11,60,0,71,70,0,70,141
04/19/2018,EWB,MA,ANE,EN,Federal Contract Tower,0,4,9,0,13,0,2,1,0,3,0,6,10,0,16,0,0,0,16
04/20/2018,EWB,MA,ANE,EN,Federal Contract Tower,0,2,4,10,16,0,15,67,0,82,0,17,71,10,98,164,0,164,262
04/21/2018,EWB,MA,ANE,EN,Federal Contract Tower,0,2,11,0,13,0,3,84,0,87,0,5,95,0,100,194,0,194,294
04/22/2018,EWB,MA,ANE,EN,Federal Contract Tower,0,0,4,0,4,0,5,84,0,89,0,5,88,0,93,180,0,180,273
04/23/2018,EWB,MA,ANE,EN,Federal Contract Tower,0,0,21,0,21,0,15,78,0,93,0,15,99,0,114,64,0,64,178
04/24/2018,EWB,MA,ANE,EN,Federal Contract Tower,0,0,10,0,10,0,18,83,5,106,0,18,93,5,116,150,4,154,270
04/25/2018,EWB,MA,ANE,EN,Federal Contract Tower,0,8,4,0,12,0,7,0,0,7,0,15,4,0,19,0,0,0,19
04/26/2018,EWB,MA,ANE,EN,Federal Contract Tower,0,6,10,0,16,0,12,24,0,36,0,18,34,0,52,100,0,100,152
04/27/2018,EWB,MA,ANE,EN,Federal Contract Tower,0,8,7,0,15,0,5,38,4,47,0,13,45,4,62,120,0,120,182
04/28/2018,EWB,MA,ANE,EN,Federal Contract Tower,0,3,16,4,23,0,5,55,3,63,0,8,71,7,86,134,0,134,220
04/29/2018,EWB,MA,ANE,EN,Federal Contract Tower,0,0,11,0,11,0,7,29,0,36,0,7,40,0,47,70,0,70,117
04/30/2018,EWB,MA,ANE,EN,Federal Contract Tower,0,2,6,0,8,0,10,23,0,33,0,12,29,0,41,82,0,82,123
05/01/2018,EWB,MA,ANE,EN,Federal Contract Tower,0,11,18,0,29,0,23,78,0,101,0,34,96,0,130,136,0,136,266
05/02/2018,EWB,MA,ANE,EN,Federal Contract Tower,0,0,14,0,14,0,17,64,0,81,0,17,78,0,95,64,0,64,159
05/03/2018,EWB,MA,ANE,EN,Federal Contract Tower,0,2,13,0,15,0,20,46,0,66,0,22,59,0,81,58,6,64,145
05/04/2018,EWB,MA,ANE,EN,Federal Contract Tower,0,6,11,0,17,0,17,63,0,80,0,23,74,0,97,164,12,176,273
05/05/2018,EWB,MA,ANE,EN,Federal Contract Tower,0,3,10,0,13,0,3,75,0,78,0,6,85,0,91,146,0,146,237
05/06/2018,EWB,MA,ANE,EN,Federal Contract Tower,0,4,4,0,8,0,3,32,0,35,0,7,36,0,43,104,0,104,147
05/07/2018,EWB,MA,ANE,EN,Federal Contract Tower,0,8,25,0,33,0,16,47,0,63,0,24,72,0,96,60,0,60,156
05/08/2018,EWB,MA,ANE,EN,Federal Contract Tower,0,6,8,0,14,0,11,59,0,70,0,17,67,0,84,108,10,118,202
05/09/2018,EWB,MA,ANE,EN,Federal Contract Tower,0,10,13,0,23,0,17,59,0,76,0,27,72,0,99,72,0,72,171
05/10/2018,EWB,MA,ANE,EN,Federal Contract Tower,0,19,33,2,54,0,7,34,0,41,0,26,67,2,95,58,0,58,153
05/11/2018,EWB,MA,ANE,EN,Federal Contract Tower,0,0,16,0,16,0,18,69,0,87,0,18,85,0,103,84,0,84,187
05/12/2018,EWB,MA,ANE,EN,Federal Contract Tower,0,3,11,0,14,0,4,4,0,8,0,7,15,0,22,14,2,16,38
05/13/2018,EWB,MA,ANE,EN,Federal Contract Tower,0,11,23,0,34,0,0,12,0,12,0,11,35,0,46,26,0,26,72
05/14/2018,EWB,MA,ANE,EN,Federal Contract Tower,0,4,35,0,39,0,11,49,0,60,0,15,84,0,99,74,0,74,173
05/15/2018,EWB,MA,ANE,EN,Federal Contract Tower,0,10,17,0,27,0,28,14,0,42,0,38,31,0,69,12,20,32,101
05/16/2018,EWB,MA,ANE,EN,Federal Contract Tower,0,0,6,0,6,0,18,45,0,63,0,18,51,0,69,102,0,102,171
05/17/2018,EWB,MA,ANE,EN,Federal Contract Tower,0,17,17,0,34,0,3,1,0,4,0,20,18,0,38,2,0,2,40
05/18/2018,EWB,MA,ANE,EN,Federal Contract Tower,0,5,9,0,14,0,15,24,0,39,0,20,33,0,53,30,8,38,91
05/19/2018,EWB,MA,ANE,EN,Federal Contract Tower,0,9,15,0,24,0,0,5,0,5,0,9,20,0,29,12,0,12,41
05/20/2018,EWB,MA,ANE,EN,Federal Contract Tower,0,4,6,0,10,0,0,0,0,0,0,4,6,0,10,4,0,4,14
05/21/2018,EWB,MA,ANE,EN,Federal Contract Tower,0,1,13,0,14,0,19,100,16,135,0,20,113,16,149,146,0,146,295
05/22/2018,EWB,MA,ANE,EN,Federal Contract Tower,0,8,7,0,15,0,15,42,4,61,0,23,49,4,76,120,0,120,196
05/23/2018,EWB,MA,ANE,EN,Federal Contract Tower,0,7,17,0,24,0,8,50,0,58,0,15,67,0,82,126,0,126,208
05/24/2018,EWB,MA,ANE,EN,Federal Contract Tower,0,12,20,0,32,0,24,68,0,92,0,36,88,0,124,70,0,70,194
05/25/2018,EWB,MA,ANE,EN,Federal Contract Tower,0,4,12,0,16,0,26,60,0,86,0,30,72,0,102,106,6,112,214
05/26/2018,EWB,MA,ANE,EN,Federal Contract Tower,0,6,10,0,16,0,9,89,0,98,0,15,99,0,114,106,0,106,220
05/27/2018,EWB,MA,ANE,EN,Federal Contract Tower,0,7,5,0,12,0,0,0,0,0,0,7,5,0,12,0,0,0,12
05/28/2018,EWB,MA,ANE,EN,Federal Contract Tower,0,21,12,0,33,0,1,9,0,10,0,22,21,0,43,6,0,6,49
05/29/2018,EWB,MA,ANE,EN,Federal Contract Tower,0,8,13,0,21,0,19,63,0,82,0,27,76,0,103,108,0,108,211
05/30/2018,EWB,MA,ANE,EN,Federal Contract Tower,0,6,15,0,21,0,21,88,0,109,0,27,103,0,130,122,6,128,258
05/31/2018,EWB,MA,ANE,EN,Federal Contract Tower,0,9,25,0,34,0,15,54,0,69,0,24,79,0,103,78,2,80,183
06/01/2018,EWB,MA,ANE,EN,Federal Contract Tower,0,17,13,0,30,0,0,0,0,0,0,17,13,0,30,0,0,0,30
06/02/2018,EWB,MA,ANE,EN,Federal Contract Tower,0,7,9,0,16,0,8,25,0,33,0,15,34,0,49,34,0,34,83
06/03/2018,EWB,MA,ANE,EN,Federal Contract Tower,0,3,13,0,16,0,8,40,0,48,0,11,53,0,64,42,10,52,116
06/04/2018,EWB,MA,ANE,EN,Federal Contract Tower,0,20,13,0,33,0,0,0,0,0,0,20,13,0,33,0,0,0,33
06/05/2018,EWB,MA,ANE,EN,Federal Contract Tower,0,18,7,0,25,0,20,33,0,53,0,38,40,0,78,24,2,26,104
06/06/2018,EWB,MA,ANE,EN,Federal Contract Tower,0,4,12,0,16,0,18,48,0,66,0,22,60,0,82,74,2,76,158
06/07/2018,EWB,MA,ANE,EN,Federal Contract Tower,0,7,19,1,27,0,17,89,2,108,0,24,108,3,135,150,7,157,292
06/08/2018,EWB,MA,ANE,EN,Federal Contract Tower,0,4,13,0,17,0,15,105,0,120,0,19,118,0,137,158,0,158,295
06/09/2018,EWB,MA,ANE,EN,Federal Contract Tower,0,0,11,0,11,0,10,67,0,77,0,10,78,0,88,66,14,80,168
06/10/2018,EWB,MA,ANE,EN,Federal Contract Tower,0,0,9,0,9,0,11,35,0,46,0,11,44,0,55,56,0,56,111
06/11/2018,EWB,MA,ANE,EN,Federal Contract Tower,0,0,28,0,28,0,19,93,0,112,0,19,121,0,140,192,4,196,336
06/12/2018,EWB,MA,ANE,EN,Federal Contract Tower,0,3,7,0,10,0,21,79,0,100,0,24,86,0,110,125,0,125,235
06/13/2018,EWB,MA,ANE,EN,Federal Contract Tower,0,7,16,0,23,0,5,17,0,22,0,12,33,0,45,28,0,28,73
06/14/2018,EWB,MA,ANE,EN,Federal Contract Tower,0,6,7,4,17,0,17,59,0,76,0,23,66,4,93,74,0,74,167
06/15/2018,EWB,MA,ANE,EN,Federal Contract Tower,0,17,14,0,31,0,14,25,0,39,0,31,39,0,70,18,0,18,88
06/16/2018,EWB,MA,ANE,EN,Federal Contract Tower,0,2,3,0,5,0,13,95,0,108,0,15,98,0,113,94,0,94,207
06/17/2018,EWB,MA,ANE,EN,Federal Contract Tower,0,13,11,0,24,0,9,62,0,71,0,22,73,0,95,44,0,44,139
06/18/2018,EWB,MA,ANE,EN,Federal Contract Tower,0,9,15,0,24,0,13,32,0,45,0,22,47,0,69,16,0,16,85
06/19/2018,EWB,MA,ANE,EN,Federal Contract Tower,0,2,18,0,20,0,17,59,0,76,0,19,77,0,96,66,0,66,162
06/20/2018,EWB,MA,ANE,EN,Federal Contract Tower,0,2,10,0,12,0,23,67,0,90,0,25,77,0,102,154,0,154,256
06/21/2018,EWB,MA,ANE,EN,Federal Contract Tower,0,4,26,4,34,0,18,66,0,84,0,22,92,4,118,90,0,90,208
06/22/2018,EWB,MA,ANE,EN,Federal Contract Tower,0,17,22,0,39,0,12,61,0,73,0,29,83,0,112,94,0,94,206
06/23/2018,EWB,MA,ANE,EN,Federal Contract Tower,0,11,13,0,24,0,0,1,0,1,0,11,14,0,25,0,0,0,25
06/24/2018,EWB,MA,ANE,EN,Federal Contract Tower,0,16,13,0,29,0,0,7,0,7,0,16,20,0,36,10,0,10,46
06/25/2018,EWB,MA,ANE,EN,Federal Contract Tower,0,12,23,0,35,0,13,37,0,50,0,25,60,0,85,64,2,66,151
06/26/2018,EWB,MA,ANE,EN,Federal Contract Tower,0,3,28,0,31,0,16,105,2,123,0,19,133,2,154,184,0,184,338
06/27/2018,EWB,MA,ANE,EN,Federal Contract Tower,0,2,23,0,25,0,23,60,0,83,0,25,83,0,108,86,0,86,194
06/28/2018,EWB,MA,ANE,EN,Federal Contract Tower,0,18,2,0,20,0,0,0,0,0,0,18,2,0,20,0,0,0,20
06/29/2018,EWB,MA,ANE,EN,Federal Contract Tower,0,15,17,0,32,0,22,83,1,106,0,37,100,1,138,150,0,150,288
06/30/2018,EWB,MA,ANE,EN,Federal Contract Tower,0,4,10,0,14,0,15,82,0,97,0,19,92,0,111,56,0,56,167
07/01/2018,EWB,MA,ANE,EN,Federal Contract Tower,0,7,22,0,29,0,11,56,0,67,0,18,78,0,96,54,0,54,150
07/02/2018,EWB,MA,ANE,EN,Federal Contract Tower,0,2,9,0,11,0,23,75,0,98,0,25,84,0,109,98,0,98,207
07/03/2018,EWB,MA,ANE,EN,Federal Contract Tower,0,13,6,0,19,0,24,55,0,79,0,37,61,0,98,82,0,82,180
07/04/2018,EWB,MA,ANE,EN,Federal Contract Tower,0,4,4,0,8,0,12,14,0,26,0,16,18,0,34,8,0,8,42
07/05/2018,EWB,MA,ANE,EN,Federal Contract Tower,0,10,25,0,35,0,20,55,0,75,0,30,80,0,110,78,0,78,188
07/06/2018,EWB,MA,ANE,EN,Federal Contract Tower,0,22,11,0,33,0,4,0,0,4,0,26,11,0,37,0,0,0,37
07/07/2018,EWB,MA,ANE,EN,Federal Contract Tower,0,5,11,0,16,0,37,54,3,94,0,42,65,3,110,48,4,52,162
07/08/2018,EWB,MA,ANE,EN,Federal Contract Tower,0,9,16,0,25,0,11,57,0,68,0,20,73,0,93,30,0,30,123
07/09/2018,EWB,MA,ANE,EN,Federal Contract Tower,0,2,18,6,26,0,19,66,0,85,0,21,84,6,111,138,0,138,249
07/10/2018,EWB,MA,ANE,EN,Federal Contract Tower,0,1,0,0,1,0,23,56,0,79,0,24,56,0,80,106,0,106,186
07/11/2018,EWB,MA,ANE,EN,Federal Contract Tower,0,6,12,0,18,0,22,40,0,62,0,28,52,0,80,48,2,50,130
07/12/2018,EWB,MA,ANE,EN,Federal Contract Tower,0,4,2,0,6,0,23,84,0,107,0,27,86,0,113,136,0,136,249
07/13/2018,EWB,MA,ANE,EN,Federal Contract Tower,0,2,5,0,7,0,30,76,0,106,0,32,81,0,113,146,2,148,261
07/14/2018,EWB,MA,ANE,EN,Federal Contract Tower,0,0,12,0,12,0,10,43,0,53,0,10,55,0,65,40,0,40,105
07/15/2018,EWB,MA,ANE,EN,Federal Contract Tower,0,5,15,0,20,0,12,50,0,62,0,17,65,0,82,24,2,26,108
07/16/2018,EWB,MA,ANE,EN,Federal Contract Tower,0,9,13,0,22,0,10,60,0,70,0,19,73,0,92,138,0,138,230
07/17/2018,EWB,MA,ANE,EN,Federal Contract Tower,0,20,10,0,30,0,9,1,0,10,0,29,11,0,40,4,0,4,44
07/18/2018,EWB,MA,ANE,EN,Federal Contract Tower,0,8,7,0,15,0,20,48,0,68,0,28,55,0,83,62,0,62,145
07/19/2018,EWB,MA,ANE,EN,Federal Contract Tower,0,6,16,0,22,0,18,77,0,95,0,24,93,0,117,152,0,152,269
07/20/2018,EWB,MA,ANE,EN,Federal Contract Tower,0,1,17,0,18,0,19,87,0,106,0,20,104,0,124,142,2,144,268
07/21/2018,EWB,MA,ANE,EN,Federal Contract Tower,0,25,14,0,39,0,13,59,0,72,0,38,73,0,111,54,0,54,165
07/22/2018,EWB,MA,ANE,EN,Federal Contract Tower,0,21,5,0,26,0,0,0,0,0,0,21,5,0,26,0,0,0,26
07/23/2018,EWB,MA,ANE,EN,Federal Contract Tower,0,8,10,0,18,0,13,21,0,34,0,21,31,0,52,0,0,0,52
07/24/2018,EWB,MA,ANE,EN,Federal Contract Tower,0,9,30,0,39,0,12,20,2,34,0,21,50,2,73,14,0,14,87
07/25/2018,EWB,MA,ANE,EN,Federal Contract Tower,0,13,6,0,19,0,10,11,0,21,0,23,17,0,40,20,0,20,60
07/26/2018,EWB,MA,ANE,EN,Federal Contract Tower,0,26,18,0,44,0,10,8,0,18,0,36,26,0,62,10,0,10,72
07/27/2018,EWB,MA,ANE,EN,Federal Contract Tower,0,13,20,0,33,0,13,73,0,86,0,26,93,0,119,122,0,122,241
07/28/2018,EWB,MA,ANE,EN,Federal Contract Tower,0,7,10,0,17,0,7,28,0,35,0,14,38,0,52,50,0,50,102
07/29/2018,EWB,MA,ANE,EN,Federal Contract Tower,0,2,20,0,22,0,13,75,0,88,0,15,95,0,110,88,2,90,200
07/30/2018,EWB,MA,ANE,EN,Federal Contract Tower,0,2,13,0,15,0,18,67,0,85,0,20,80,0,100,158,0,158,258
07/31/2018,EWB,MA,ANE,EN,Federal Contract Tower,0,9,14,0,23,0,13,61,0,74,0,22,75,0,97,144,0,144,241
08/01/2018,EWB,MA,ANE,EN,Federal Contract Tower,0,16,18,0,34,0,6,0,0,6,0,22,18,0,40,0,0,0,40
08/02/2018,EWB,MA,ANE,EN,Federal Contract Tower,0,18,23,0,41,0,9,59,0,68,0,27,82,0,109,74,0,74,183
08/03/2018,EWB,MA,ANE,EN,Federal Contract Tower,0,19,25,0,44,0,13,24,0,37,0,32,49,0,81,83,0,83,164
08/04/2018,EWB,MA,ANE,EN,Federal Contract Tower,0,20,3,0,23,0,11,4,0,15,0,31,7,0,38,0,0,0,38
08/05/2018,EWB,MA,ANE,EN,Federal Contract Tower,0,10,19,0,29,0,11,78,0,89,0,21,97,0,118,76,0,76,194
08/06/2018,EWB,MA,ANE,EN,Federal Contract Tower,0,3,14,0,17,0,22,55,0,77,0,25,69,0,94,28,0,28,122
08/07/2018,EWB,MA,ANE,EN,Federal Contract Tower,0,4,4,0,8,0,20,28,0,48,0,24,32,0,56,82,4,86,142
08/08/2018,EWB,MA,ANE,EN,Federal Contract Tower,0,16,13,0,29,0,19,68,0,87,0,35,81,0,116,60,0,60,176
08/09/2018,EWB,MA,ANE,EN,Federal Contract Tower,0,18,11,0,29,0,5,28,0,33,0,23,39,0,62,34,0,34,96
08/10/2018,EWB,MA,ANE,EN,Federal Contract Tower,0,6,9,0,15,0,37,129,0,166,0,43,138,0,181,150,14,164,345
08/11/2018,EWB,MA,ANE,EN,Federal Contract Tower,0,8,2,0,10,0,10,10,0,20,0,18,12,0,30,6,0,6,36
08/12/2018,EWB,MA,ANE,EN,Federal Contract Tower,0,13,11,0,24,0,5,10,0,15,0,18,21,0,39,12,0,12,51
08/13/2018,EWB,MA,ANE,EN,Federal Contract Tower,0,32,16,0,48,0,0,0,0,0,0,32,16,0,48,0,0,0,48
08/14/2018,EWB,MA,ANE,EN,Federal Contract Tower,0,13,11,0,24,0,9,23,0,32,0,22,34,0,56,42,0,42,98
08/15/2018,EWB,MA,ANE,EN,Federal Contract Tower,0,5,7,0,12,0,24,89,0,113,0,29,96,0,125,140,0,140,265
08/16/2018,EWB,MA,ANE,EN,Federal Contract Tower,0,8,14,2,24,0,24,95,0,119,0,32,109,2,143,158,2,160,303
08/17/2018,EWB,MA,ANE,EN,Federal Contract Tower,0,4,7,0,11,0,18,111,0,129,0,22,118,0,140,232,0,232,372
08/18/2018,EWB,MA,ANE,EN,Federal Contract Tower,0,11,7,0,18,0,10,15,0,25,0,21,22,0,43,8,0,8,51
08/19/2018,EWB,MA,ANE,EN,Federal Contract Tower,0,10,15,0,25,0,8,11,0,19,0,18,26,0,44,18,0,18,62
08/20/2018,EWB,MA,ANE,EN,Federal Contract Tower,0,21,17,0,38,0,11,37,0,48,0,32,54,0,86,98,2,100,186
08/21/2018,EWB,MA,ANE,EN,Federal Contract Tower,0,21,27,0,48,0,11,37,0,48,0,32,64,0,96,96,0,96,192
08/22/2018,EWB,MA,ANE,EN,Federal Contract Tower,0,14,5,0,19,0,14,17,0,31,0,28,22,0,50,10,0,10,60
08/23/2018,EWB,MA,ANE,EN,Federal Contract Tower,0,5,10,0,15,0,23,124,0,147,0,28,134,0,162,172,0,172,334
08/24/2018,EWB,MA,ANE,EN,Federal Contract Tower,0,8,15,0,23,0,34,150,0,184,0,42,165,0,207,220,0,220,427
08/25/2018,EWB,MA,ANE,EN,Federal Contract Tower,0,7,11,0,18,0,17,85,0,102,0,24,96,0,120,108,4,112,232
08/26/2018,EWB,MA,ANE,EN,Federal Contract Tower,0,7,4,0,11,0,10,75,0,85,0,17,79,0,96,76,0,76,172
08/27/2018,EWB,MA,ANE,EN,Federal Contract Tower,0,6,20,0,26,0,18,91,0,109,0,24,111,0,135,150,0,150,285
08/28/2018,EWB,MA,ANE,EN,Federal Contract Tower,0,10,21,0,31,0,15,83,0,98,0,25,104,0,129,192,2,194,323
08/29/2018,EWB,MA,ANE,EN,Federal Contract Tower,0,8,9,4,21,0,23,81,2,106,0,31,90,6,127,196,0,196,323
08/30/2018,EWB,MA,ANE,EN,Federal Contract Tower,0,9,10,0,19,0,22,79,2,103,0,31,89,2,122,92,0,92,214
08/31/2018,EWB,MA,ANE,EN,Federal Contract Tower,0,2,10,0,12,0,18,75,0,93,0,20,85,0,105,126,0,126,231
09/01/2018,EWB,MA,ANE,EN,Federal Contract Tower,0,2,5,0,7,0,12,59,0,71,0,14,64,0,78,164,0,164,242
09/02/2018,EWB,MA,ANE,EN,Federal Contract Tower,0,1,0,0,1,0,5,70,0,75,0,6,70,0,76,34,0,34,110
09/03/2018,EWB,MA,ANE,EN,Federal Contract Tower,0,11,15,0,26,0,3,34,0,37,0,14,49,0,63,8,0,8,71
09/04/2018,EWB,MA,ANE,EN,Federal Contract Tower,0,12,14,0,26,0,15,24,0,39,0,27,38,0,65,80,0,80,145
09/05/2018,EWB,MA,ANE,EN,Federal Contract Tower,0,16,7,0,23,0,25,77,0,102,0,41,84,0,125,162,0,162,287
09/06/2018,EWB,MA,ANE,EN,Federal Contract Tower,0,18,4,0,22,0,14,23,0,37,0,32,27,0,59,58,0,58,117
09/07/2018,EWB,MA,ANE,EN,Federal Contract Tower,0,4,7,0,11,0,26,56,0,82,0,30,63,0,93,102,0,102,195
09/08/2018,EWB,MA,ANE,EN,Federal Contract Tower,0,2,12,0,14,0,14,63,0,77,0,16,75,0,91,108,0,108,199
09/09/2018,EWB,MA,ANE,EN,Federal Contract Tower,0,9,15,0,24,0,10,39,0,49,0,19,54,0,73,58,0,58,131
09/10/2018,EWB,MA,ANE,EN,Federal Contract Tower,0,7,10,0,17,0,12,17,0,29,0,19,27,0,46,6,2,8,54
09/11/2018,EWB,MA,ANE,EN,Federal Contract Tower,0,20,10,0,30,0,0,2,0,2,0,20,12,0,32,0,0,0,32
09/12/2018,EWB,MA,ANE,EN,Federal Contract Tower,0,18,5,0,23,0,0,0,0,0,0,18,5,0,23,0,0,0,23
09/13/2018,EWB,MA,ANE,EN,Federal Contract Tower,0,26,4,0,30,0,0,2,0,2,0,26,6,0,32,0,0,0,32
09/14/2018,EWB,MA,ANE,EN,Federal Contract Tower,0,10,10,20,40,0,20,81,2,103,0,30,91,22,143,142,12,154,297
09/15/2018,EWB,MA,ANE,EN,Federal Contract Tower,0,5,14,0,19,0,3,42,0,45,0,8,56,0,64,100,0,100,164
09/16/2018,EWB,MA,ANE,EN,Federal Contract Tower,0,7,6,0,13,0,8,44,0,52,0,15,50,0,65,46,0,46,111
09/17/2018,EWB,MA,ANE,EN,Federal Contract Tower,0,5,10,0,15,0,12,47,4,63,0,17,57,4,78,102,2,104,182
09/18/2018,EWB,MA,ANE,EN,Federal Contract Tower,0,4,2,0,6,0,6,0,0,6,0,10,2,0,12,0,0,0,12
09/19/2018,EWB,MA,ANE,EN,Federal Contract Tower,0,15,10,0,25,0,0,0,0,0,0,15,10,0,25,0,0,0,25
09/20/2018,EWB,MA,ANE,EN,Federal Contract Tower,0,18,12,0,30,0,12,15,0,27,0,30,27,0,57,18,0,18,75
09/21/2018,EWB,MA,ANE,EN,Federal Contract Tower,0,5,10,0,15,0,24,88,0,112,0,29,98,0,127,172,2,174,301
09/22/2018,EWB,MA,ANE,EN,Federal Contract Tower,0,1,6,0,7,0,9,43,0,52,0,10,49,0,59,62,2,64,123
09/23/2018,EWB,MA,ANE,EN,Federal Contract Tower,0,5,14,0,19,0,9,119,0,128,0,14,133,0,147,182,0,182,329
09/24/2018,EWB,MA,ANE,EN,Federal Contract Tower,0,6,20,0,26,0,14,16,0,30,0,20,36,0,56,18,6,24,80
09/25/2018,EWB,MA,ANE,EN,Federal Contract Tower,0,11,3,0,14,0,0,0,0,0,0,11,3,0,14,0,0,0,14
09/26/2018,EWB,MA,ANE,EN,Federal Contract Tower,0,21,9,0,30,0,0,0,0,0,0,21,9,0,30,0,0,0,30
09/27/2018,EWB,MA,ANE,EN,Federal Contract Tower,0,17,15,0,32,0,42,90,0,132,0,59,105,0,164,218,2,220,384
09/28/2018,EWB,MA,ANE,EN,Federal Contract Tower,0,17,9,0,26,0,0,0,0,0,0,17,9,0,26,0,0,0,26
09/29/2018,EWB,MA,ANE,EN,Federal Contract Tower,0,6,7,0,13,0,15,52,0,67,0,21,59,0,80,136,0,136,216
09/30/2018,EWB,MA,ANE,EN,Federal Contract Tower,0,0,7,0,7,0,8,74,0,82,0,8,81,0,89,82,6,88,177
10/01/2018,EWB,MA,ANE,EN,Federal Contract Tower,0,7,14,0,21,0,17,12,0,29,0,24,26,0,50,4,0,4,54
10/02/2018,EWB,MA,ANE,EN,Federal Contract Tower,0,11,4,0,15,0,8,0,0,8,0,19,4,0,23,2,0,2,25
10/03/2018,EWB,MA,ANE,EN,Federal Contract Tower,0,24,10,0,34,0,0,4,0,4,0,24,14,0,38,20,0,20,58
10/04/2018,EWB,MA,ANE,EN,Federal Contract Tower,0,15,15,0,30,0,4,8,0,12,0,19,23,0,42,10,0,10,52
10/05/2018,EWB,MA,ANE,EN,Federal Contract Tower,0,3,6,0,9,0,21,99,0,120,0,24,105,0,129,160,0,160,289
10/06/2018,EWB,MA,ANE,EN,Federal Contract Tower,0,6,17,0,23,0,9,100,0,109,0,15,117,0,132,172,0,172,304
10/07/2018,EWB,MA,ANE,EN,Federal Contract Tower,0,11,5,0,16,0,0,16,0,16,0,11,21,0,32,0,0,0,32
10/08/2018,EWB,MA,ANE,EN,Federal Contract Tower,0,12,13,0,25,0,16,4,0,20,0,28,17,0,45,18,0,18,63
10/09/2018,EWB,MA,ANE,EN,Federal Contract Tower,0,14,15,2,31,0,10,43,0,53,0,24,58,2,84,88,2,90,174
10/10/2018,EWB,MA,ANE,EN,Federal Contract Tower,0,14,14,0,28,0,9,84,0,93,0,23,98,0,121,184,4,188,309
10/11/2018,EWB,MA,ANE,EN,Federal Contract Tower,0,18,11,0,29,0,0,0,0,0,0,18,11,0,29,0,0,0,29
10/12/2018,EWB,MA,ANE,EN,Federal Contract Tower,0,1,4,0,5,0,5,24,0,29,0,6,28,0,34,8,2,10,44
10/13/2018,EWB,MA,ANE,EN,Federal Contract Tower,0,7,8,0,15,0,10,45,0,55,0,17,53,0,70,98,0,98,168
10/14/2018,EWB,MA,ANE,EN,Federal Contract Tower,0,2,12,0,14,0,10,44,0,54,0,12,56,0,68,72,0,72,140
10/15/2018,EWB,MA,ANE,EN,Federal Contract Tower,0,6,6,0,12,0,5,17,0,22,0,11,23,0,34,68,0,68,102
10/16/2018,EWB,MA,ANE,EN,Federal Contract Tower,0,2,8,3,13,0,14,54,4,72,0,16,62,7,85,90,0,90,175
10/17/2018,EWB,MA,ANE,EN,Federal Contract Tower,0,9,6,0,15,0,8,55,0,63,0,17,61,0,78,60,8,68,146
10/18/2018,EWB,MA,ANE,EN,Federal Contract Tower,0,5,5,0,10,0,9,31,2,42,0,14,36,2,52,42,0,42,94
10/19/2018,EWB,MA,ANE,EN,Federal Contract Tower,0,5,14,0,19,0,10,65,0,75,0,15,79,0,94,100,0,100,194
10/20/2018,EWB,MA,ANE,EN,Federal Contract Tower,0,0,10,0,10,0,3,25,0,28,0,3,35,0,38,80,0,80,118
10/21/2018,EWB,MA,ANE,EN,Federal Contract Tower,0,3,1,0,4,0,2,5,0,7,0,5,6,0,11,2,0,2,13
10/22/2018,EWB,MA,ANE,EN,Federal Contract Tower,0,5,10,0,15,0,6,63,0,69,0,11,73,0,84,166,0,166,250
10/23/2018,EWB,MA,ANE,EN,Federal Contract Tower,0,1,3,2,6,0,9,19,0,28,0,10,22,2,34,42,2,44,78
10/24/2018,EWB,MA,ANE,EN,Federal Contract Tower,0,5,3,0,8,0,6,41,0,47,0,11,44,0,55,106,0,106,161
10/25/2018,EWB,MA,ANE,EN,Federal Contract Tower,0,4,3,0,7,0,11,71,0,82,0,15,74,0,89,140,0,140,229
10/26/2018,EWB,MA,ANE,EN,Federal Contract Tower,0,4,15,0,19,0,8,85,0,93,0,12,100,0,112,120,0,120,232
10/27/2018,EWB,MA,ANE,EN,Federal Contract Tower,0,1,2,0,3,0,1,0,0,1,0,2,2,0,4,0,0,0,4
10/28/2018,EWB,MA,ANE,EN,Federal Contract Tower,0,1,5,0,6,0,1,20,0,21,0,2,25,0,27,58,0,58,85
10/29/2018,EWB,MA,ANE,EN,Federal Contract Tower,0,2,6,0,8,0,3,18,0,21,0,5,24,0,29,36,0,36,65
10/30/2018,EWB,MA,ANE,EN,Federal Contract Tower,0,4,11,0,15,0,8,74,0,82,0,12,85,0,97,142,6,148,245
11/01/2018,EWB,MA,ANE,EN,Federal Contract Tower,0,1,26,2,29,0,5,60,0,65,0,6,86,2,94,116,0,116,210
11/02/2018,EWB,MA,ANE,EN,Federal Contract Tower,0,4,1,0,5,0,1,0,0,1,0,5,1,0,6,0,0,0,6
11/03/2018,EWB,MA,ANE,EN,Federal Contract Tower,0,5,1,0,6,0,1,0,0,1,0,6,1,0,7,4,0,4,11
11/04/2018,EWB,MA,ANE,EN,Federal Contract Tower,0,1,18,0,19,0,2,91,0,93,0,3,109,0,112,96,0,96,208
11/05/2018,EWB,MA,ANE,EN,Federal Contract Tower,0,8,3,0,11,0,2,23,0,25,0,10,26,0,36,32,4,36,72
11/06/2018,EWB,MA,ANE,EN,Federal Contract Tower,0,8,0,0,8,0,0,0,0,0,0,8,0,0,8,0,0,0,8
11/07/2018,EWB,MA,ANE,EN,Federal Contract Tower,0,3,8,0,11,0,11,46,0,57,0,14,54,0,68,82,16,98,166
11/08/2018,EWB,MA,ANE,EN,Federal Contract Tower,0,2,18,0,20,0,8,79,0,87,0,10,97,0,107,188,4,192,299
11/09/2018,EWB,MA,ANE,EN,Federal Contract Tower,0,3,16,0,19,0,4,58,0,62,0,7,74,0,81,158,0,158,239
11/10/2018,EWB,MA,ANE,EN,Federal Contract Tower,0,7,6,0,13,0,5,10,0,15,0,12,16,0,28,2,0,2,30
11/11/2018,EWB,MA,ANE,EN,Federal Contract Tower,0,2,3,0,5,0,8,54,0,62,0,10,57,0,67,66,8,74,141
11/12/2018,EWB,MA,ANE,EN,Federal Contract Tower,0,0,15,0,15,0,4,36,0,40,0,4,51,0,55,34,0,34,89
11/13/2018,EWB,MA,ANE,EN,Federal Contract Tower,0,14,4,0,18,0,0,0,0,0,0,14,4,0,18,0,0,0,18
11/14/2018,EWB,MA,ANE,EN,Federal Contract Tower,0,0,2,0,2,0,3,29,0,32,0,3,31,0,34,84,4,88,122
11/15/2018,EWB,MA,ANE,EN,Federal Contract Tower,0,2,10,4,16,0,9,33,0,42,0,11,43,4,58,126,4,130,188
11/16/2018,EWB,MA,ANE,EN,Federal Contract Tower,0,6,2,0,8,0,2,5,0,7,0,8,7,0,15,2,0,2,17
11/17/2018,EWB,MA,ANE,EN,Federal Contract Tower,0,1,26,0,27,0,2,96,0,98,0,3,122,0,125,148,4,152,277
11/18/2018,EWB,MA,ANE,EN,Federal Contract Tower,0,7,14,0,21,0,6,89,0,95,0,13,103,0,116,136,0,136,252
11/19/2018,EWB,MA,ANE,EN,Federal Contract Tower,0,5,4,0,9,0,3,31,0,34,0,8,35,0,43,98,0,98,141
11/20/2018,EWB,MA,ANE,EN,Federal Contract Tower,0,8,7,0,15,0,0,0,0,0,0,8,7,0,15,0,0,0,15
11/21/2018,EWB,MA,ANE,EN,Federal Contract Tower,0,1,13,0,14,0,2,49,5,56,0,3,62,5,70,96,0,96,166
11/22/2018,EWB,MA,ANE,EN,Federal Contract Tower,0,3,1,0,4,0,5,1,0,6,0,8,2,0,10,0,0,0,10
11/23/2018,EWB,MA,ANE,EN,Federal Contract Tower,0,6,5,2,13,0,5,23,0,28,0,11,28,2,41,18,0,18,59
11/24/2018,EWB,MA,ANE,EN,Federal Contract Tower,0,0,16,0,16,0,5,40,0,45,0,5,56,0,61,90,4,94,155
11/25/2018,EWB,MA,ANE,EN,Federal Contract Tower,0,3,9,0,12,0,0,0,0,0,0,3,9,0,12,0,0,0,12
11/26/2018,EWB,MA,ANE,EN,Federal Contract Tower,0,5,6,0,11,0,1,0,0,1,0,6,6,0,12,16,0,16,28
11/27/2018,EWB,MA,ANE,EN,Federal Contract Tower,0,2,0,0,2,0,5,9,0,14,0,7,9,0,16,8,6,14,30
11/28/2018,EWB,MA,ANE,EN,Federal Contract Tower,0,2,2,0,4,0,4,44,0,48,0,6,46,0,52,104,6,110,162
11/29/2018,EWB,MA,ANE,EN,Federal Contract Tower,0,0,12,0,12,0,6,32,0,38,0,6,44,0,50,46,8,54,104
11/30/2018,EWB,MA,ANE,EN,Federal Contract Tower,0,3,5,0,8,0,8,75,4,87,0,11,80,4,95,128,0,128,223
12/01/2018,EWB,MA,ANE,EN,Federal Contract Tower,0,1,6,0,7,0,6,93,0,99,0,7,99,0,106,142,0,142,248
12/02/2018,EWB,MA,ANE,EN,Federal Contract Tower,0,6,2,0,8,0,0,0,0,0,0,6,2,0,8,0,0,0,8
12/03/2018,EWB,MA,ANE,EN,Federal Contract Tower,0,2,10,0,12,0,3,46,0,49,0,5,56,0,61,56,0,56,117
12/04/2018,EWB,MA,ANE,EN,Federal Contract Tower,0,3,7,0,10,0,7,65,2,74,0,10,72,2,84,136,20,156,240
12/05/2018,EWB,MA,ANE,EN,Federal Contract Tower,0,0,6,0,6,0,3,71,0,74,0,3,77,0,80,204,0,204,284
12/06/2018,EWB,MA,ANE,EN,Federal Contract Tower,0,3,9,2,14,0,13,55,1,69,0,16,64,3,83,76,2,78,161
12/07/2018,EWB,MA,ANE,EN,Federal Contract Tower,0,0,6,0,6,0,10,41,2,53,0,10,47,2,59,84,20,104,163
12/08/2018,EWB,MA,ANE,EN,Federal Contract Tower,0,1,11,0,12,0,19,92,0,111,0,20,103,0,123,140,0,140,263
12/09/2018,EWB,MA,ANE,EN,Federal Contract Tower,0,0,8,0,8,0,2,78,0,80,0,2,86,0,88,164,0,164,252
12/10/2018,EWB,MA,ANE,EN,Federal Contract Tower,0,1,24,0,25,0,6,71,0,77,0,7,95,0,102,132,0,132,234
12/11/2018,EWB,MA,ANE,EN,Federal Contract Tower,0,1,8,0,9,0,4,32,0,36,0,5,40,0,45,62,4,66,111
12/12/2018,EWB,MA,ANE,EN,Federal Contract Tower,0,0,17,0,17,0,5,64,0,69,0,5,81,0,86,130,0,130,216
12/13/2018,EWB,MA,ANE,EN,Federal Contract Tower,0,2,20,0,22,0,6,52,0,58,0,8,72,0,80,126,4,130,210
12/14/2018,EWB,MA,ANE,EN,Federal Contract Tower,0,2,6,0,8,0,3,61,6,70,0,5,67,6,78,156,0,156,234
12/15/2018,EWB,MA,ANE,EN,Federal Contract Tower,0,8,14,2,24,0,1,8,0,9,0,9,22,2,33,4,0,4,37
12/16/2018,EWB,MA,ANE,EN,Federal Contract Tower,0,3,0,0,3,0,5,4,0,9,0,8,4,0,12,6,0,6,18
12/17/2018,EWB,MA,ANE,EN,Federal Contract Tower,0,2,3,0,5,0,3,4,0,7,0,5,7,0,12,6,0,6,18
12/18/2018,EWB,MA,ANE,EN,Federal Contract Tower,0,0,3,0,3,0,10,10,0,20,0,10,13,0,23,8,12,20,43
12/19/2018,EWB,MA,ANE,EN,Federal Contract Tower,0,1,6,0,7,0,11,77,4,92,0,12,83,4,99,134,4,138,237
12/20/2018,EWB,MA,ANE,EN,Federal Contract Tower,0,6,16,0,22,0,8,68,4,80,0,14,84,4,102,92,8,100,202
12/21/2018,EWB,MA,ANE,EN,Federal Contract Tower,0,7,0,0,7,0,0,0,0,0,0,7,0,0,7,0,0,0,7
12/22/2018,EWB,MA,ANE,EN,Federal Contract Tower,0,1,4,0,5,0,5,2,0,7,0,6,6,0,12,0,0,0,12
12/23/2018,EWB,MA,ANE,EN,Federal Contract Tower,0,3,1,0,4,0,4,44,0,48,0,7,45,0,52,42,0,42,94
12/24/2018,EWB,MA,ANE,EN,Federal Contract Tower,0,5,2,0,7,0,1,8,0,9,0,6,10,0,16,16,0,16,32
12/25/2018,EWB,MA,ANE,EN,Federal Contract Tower,0,0,0,0,0,0,2,1,0,3,0,2,1,0,3,0,0,0,3
12/26/2018,EWB,MA,ANE,EN,Federal Contract Tower,0,1,6,0,7,0,6,39,0,45,0,7,45,0,52,32,0,32,84
12/27/2018,EWB,MA,ANE,EN,Federal Contract Tower,0,6,16,0,22,0,15,70,0,85,0,21,86,0,107,102,2,104,211
12/28/2018,EWB,MA,ANE,EN,Federal Contract Tower,0,12,0,0,12,0,0,0,0,0,0,12,0,0,12,0,0,0,12
12/29/2018,EWB,MA,ANE,EN,Federal Contract Tower,0,6,2,0,8,0,7,25,0,32,0,13,27,0,40,42,0,42,82
12/30/2018,EWB,MA,ANE,EN,Federal Contract Tower,0,0,6,0,6,0,3,74,0,77,0,3,80,0,83,111,0,111,194
12/31/2018,EWB,MA,ANE,EN,Federal Contract Tower,0,0,3,0,3,0,3,25,0,28,0,3,28,0,31,48,0,48,79
01/01/2019,EWB,MA,ANE,EN,Federal Contract Tower,0,2,2,0,4,0,4,0,0,4,0,6,2,0,8,0,0,0,8
01/02/2019,EWB,MA,ANE,EN,Federal Contract Tower,0,2,8,0,10,0,6,52,0,58,0,8,60,0,68,150,0,150,218
01/03/2019,EWB,MA,ANE,EN,Federal Contract Tower,0,10,10,0,20,0,6,27,0,33,0,16,37,0,53,40,0,40,93
01/04/2019,EWB,MA,ANE,EN,Federal Contract Tower,0,3,9,0,12,0,6,42,0,48,0,9,51,0,60,92,6,98,158
01/05/2019,EWB,MA,ANE,EN,Federal Contract Tower,0,11,1,0,12,0,0,0,0,0,0,11,1,0,12,0,0,0,12
01/06/2019,EWB,MA,ANE,EN,Federal Contract Tower,0,0,10,0,10,0,17,38,0,55,0,17,48,0,65,50,0,50,115
01/07/2019,EWB,MA,ANE,EN,Federal Contract Tower,0,0,12,0,12,0,8,47,0,55,0,8,59,0,67,42,0,42,109
01/08/2019,EWB,MA,ANE,EN,Federal Contract Tower,0,6,1,0,7,0,2,0,0,2,0,8,1,0,9,0,0,0,9
01/09/2019,EWB,MA,ANE,EN,Federal Contract Tower,0,5,0,0,5,0,3,1,0,4,0,8,1,0,9,0,0,0,9
01/10/2019,EWB,MA,ANE,EN,Federal Contract Tower,0,6,7,0,13,0,5,10,2,17,0,11,17,2,30,16,0,16,46
01/11/2019,EWB,MA,ANE,EN,Federal Contract Tower,0,3,15,0,18,0,8,53,0,61,0,11,68,0,79,74,0,74,153
01/12/2019,EWB,MA,ANE,EN,Federal Contract Tower,0,2,4,12,18,0,8,52,0,60,0,10,56,12,78,86,2,88,166
01/13/2019,EWB,MA,ANE,EN,Federal Contract Tower,0,0,5,0,5,0,4,49,0,53,0,4,54,0,58,112,0,112,170
01/14/2019,EWB,MA,ANE,EN,Federal Contract Tower,0,3,12,0,15,0,5,16,0,21,0,8,28,0,36,48,0,48,84
01/15/2019,EWB,MA,ANE,EN,Federal Contract Tower,0,1,3,0,4,0,7,65,2,74,0,8,68,2,78,76,4,80,158
01/16/2019,EWB,MA,ANE,EN,Federal Contract Tower,0,3,10,0,13,0,7,36,0,43,0,10,46,0,56,48,0,48,104
01/17/2019,EWB,MA,ANE,EN,Federal Contract Tower,0,2,12,0,14,0,10,66,0,76,0,12,78,0,90,122,0,122,212
01/18/2019,EWB,MA,ANE,EN,Federal Contract Tower,0,3,4,0,7,0,4,7,0,11,0,7,11,0,18,18,0,18,36
01/19/2019,EWB,MA,ANE,EN,Federal Contract Tower,0,1,4,0,5,0,5,19,0,24,0,6,23,0,29,74,0,74,103
01/20/2019,EWB,MA,ANE,EN,Federal Contract Tower,0,0,0,0,0,0,0,0,0,0,0,0,0,0,0,0,0,0,0
01/21/2019,EWB,MA,ANE,EN,Federal Contract Tower,0,1,1,0,2,0,2,2,0,4,0,3,3,0,6,0,0,0,6
01/22/2019,EWB,MA,ANE,EN,Federal Contract Tower,0,4,3,0,7,0,9,6,0,15,0,13,9,0,22,14,22,36,58
01/23/2019,EWB,MA,ANE,EN,Federal Contract Tower,0,5,13,0,18,0,7,24,0,31,0,12,37,0,49,75,4,79,128
01/24/2019,EWB,MA,ANE,EN,Federal Contract Tower,0,1,0,0,1,0,1,0,0,1,0,2,0,0,2,0,0,0,2
01/25/2019,EWB,MA,ANE,EN,Federal Contract Tower,0,0,10,0,10,0,8,67,0,75,0,8,77,0,85,144,4,148,233
01/26/2019,EWB,MA,ANE,EN,Federal Contract Tower,0,0,20,0,20,0,16,91,0,107,0,16,111,0,127,150,0,150,277
01/27/2019,EWB,MA,ANE,EN,Federal Contract Tower,0,0,7,0,7,0,2,28,0,30,0,2,35,0,37,60,0,60,97
01/28/2019,EWB,MA,ANE,EN,Federal Contract Tower,0,2,12,0,14,0,5,52,0,57,0,7,64,0,71,134,0,134,205
01/29/2019,EWB,MA,ANE,EN,Federal Contract Tower,0,3,1,0,4,0,5,6,0,11,0,8,7,0,15,2,0,2,17
01/30/2019,EWB,MA,ANE,EN,Federal Contract Tower,0,7,4,0,11,0,4,24,0,28,0,11,28,0,39,42,0,42,81
01/31/2019,EWB,MA,ANE,EN,Federal Contract Tower,0,3,10,0,13,0,6,32,0,38,0,9,42,0,51,75,4,79,130
02/02/2019,EWB,MA,ANE,EN,Federal Contract Tower,0,0,11,0,11,0,6,63,4,73,0,6,74,4,84,80,0,80,164
02/03/2019,EWB,MA,ANE,EN,Federal Contract Tower,0,0,16,0,16,0,2,60,0,62,0,2,76,0,78,138,2,140,218
02/04/2019,EWB,MA,ANE,EN,Federal Contract Tower,0,0,23,0,23,0,6,65,0,71,0,6,88,0,94,94,0,94,188
02/05/2019,EWB,MA,ANE,EN,Federal Contract Tower,0,3,7,2,12,0,8,48,2,58,0,11,55,4,70,182,8,190,260
02/06/2019,EWB,MA,ANE,EN,Federal Contract Tower,0,2,6,4,12,0,8,62,2,72,0,10,68,6,84,154,2,156,240
02/07/2019,EWB,MA,ANE,EN,Federal Contract Tower,0,6,2,0,8,0,0,0,0,0,0,6,2,0,8,0,0,0,8
02/08/2019,EWB,MA,ANE,EN,Federal Contract Tower,0,6,15,0,21,0,5,13,0,18,0,11,28,0,39,20,0,20,59
02/09/2019,EWB,MA,ANE,EN,Federal Contract Tower,0,3,0,0,3,0,6,7,0,13,0,9,7,0,16,4,0,4,20
02/10/2019,EWB,MA,ANE,EN,Federal Contract Tower,0,0,17,0,17,0,2,84,2,88,0,2,101,2,105,122,0,122,227
02/11/2019,EWB,MA,ANE,EN,Federal Contract Tower,0,2,25,0,27,0,7,71,0,78,0,9,96,0,105,190,0,190,295
02/12/2019,EWB,MA,ANE,EN,Federal Contract Tower,0,3,5,0,8,0,2,12,0,14,0,5,17,0,22,28,0,28,50
02/13/2019,EWB,MA,ANE,EN,Federal Contract Tower,0,4,9,2,15,0,3,21,0,24,0,7,30,2,39,54,8,62,101
02/14/2019,EWB,MA,ANE,EN,Federal Contract Tower,0,6,17,0,23,0,14,41,2,57,0,20,58,2,80,70,2,72,152
02/15/2019,EWB,MA,ANE,EN,Federal Contract Tower,0,2,7,0,9,0,5,14,0,19,0,7,21,0,28,46,0,46,74
02/16/2019,EWB,MA,ANE,EN,Federal Contract Tower,0,0,17,0,17,0,3,105,0,108,0,3,122,0,125,114,0,114,239
02/17/2019,EWB,MA,ANE,EN,Federal Contract Tower,0,2,10,0,12,0,2,78,0,80,0,4,88,0,92,162,0,162,254
02/18/2019,EWB,MA,ANE,EN,Federal Contract Tower,0,2,1,0,3,0,0,0,0,0,0,2,1,0,3,0,0,0,3
02/19/2019,EWB,MA,ANE,EN,Federal Contract Tower,0,2,8,2,12,0,13,64,0,77,0,15,72,2,89,116,4,120,209
02/20/2019,EWB,MA,ANE,EN,Federal Contract Tower,0,8,2,0,10,0,4,64,0,68,0,12,66,0,78,168,0,168,246
02/21/2019,EWB,MA,ANE,EN,Federal Contract Tower,0,5,7,0,12,0,9,28,2,39,0,14,35,2,51,102,0,102,153
02/22/2019,EWB,MA,ANE,EN,Federal Contract Tower,0,2,24,0,26,0,14,92,0,106,0,16,116,0,132,198,0,198,330
02/23/2019,EWB,MA,ANE,EN,Federal Contract Tower,0,2,21,0,23,0,5,127,4,136,0,7,148,4,159,130,0,130,289
02/24/2019,EWB,MA,ANE,EN,Federal Contract Tower,0,0,3,0,3,0,0,0,0,0,0,0,3,0,3,0,0,0,3
02/25/2019,EWB,MA,ANE,EN,Federal Contract Tower,0,0,1,0,1,0,0,1,0,1,0,0,2,0,2,2,0,2,4
02/26/2019,EWB,MA,ANE,EN,Federal Contract Tower,0,2,0,0,2,0,7,10,0,17,0,9,10,0,19,12,0,12,31
02/27/2019,EWB,MA,ANE,EN,Federal Contract Tower,0,2,16,0,18,0,11,65,0,76,0,13,81,0,94,184,2,186,280
02/28/2019,EWB,MA,ANE,EN,Federal Contract Tower,0,2,12,0,14,0,2,21,0,23,0,4,33,0,37,72,0,72,109
03/01/2019,EWB,MA,ANE,EN,Federal Contract Tower,0,2,21,0,23,0,6,67,0,73,0,8,88,0,96,166,0,166,262
03/02/2019,EWB,MA,ANE,EN,Federal Contract Tower,0,2,0,0,2,0,1,0,0,1,0,3,0,0,3,0,0,0,3
03/03/2019,EWB,MA,ANE,EN,Federal Contract Tower,0,2,12,0,14,0,3,69,0,72,0,5,81,0,86,132,0,132,218
03/04/2019,EWB,MA,ANE,EN,Federal Contract Tower,0,1,1,0,2,0,2,0,0,2,0,3,1,0,4,4,0,4,8
03/05/2019,EWB,MA,ANE,EN,Federal Contract Tower,0,0,16,0,16,0,18,65,0,83,0,18,81,0,99,206,0,206,305
03/06/2019,EWB,MA,ANE,EN,Federal Contract Tower,0,2,7,0,9,0,7,23,0,30,0,9,30,0,39,42,2,44,83
03/07/2019,EWB,MA,ANE,EN,Federal Contract Tower,0,0,4,0,4,0,6,37,0,43,0,6,41,0,47,118,0,118,165
03/08/2019,EWB,MA,ANE,EN,Federal Contract Tower,0,2,7,0,9,0,7,57,0,64,0,9,64,0,73,160,0,160,233
03/09/2019,EWB,MA,ANE,EN,Federal Contract Tower,0,3,3,0,6,0,5,82,2,89,0,8,85,2,95,136,0,136,231
03/10/2019,EWB,MA,ANE,EN,Federal Contract Tower,0,1,2,0,3,0,1,0,0,1,0,2,2,0,4,0,0,0,4
03/11/2019,EWB,MA,ANE,EN,Federal Contract Tower,0,0,15,0,15,0,6,45,0,51,0,6,60,0,66,72,0,72,138
03/12/2019,EWB,MA,ANE,EN,Federal Contract Tower,0,2,3,0,5,0,10,35,0,45,0,12,38,0,50,86,0,86,136
03/13/2019,EWB,MA,ANE,EN,Federal Contract Tower,0,1,5,0,6,0,16,38,0,54,0,17,43,0,60,124,16,140,200
03/14/2019,EWB,MA,ANE,EN,Federal Contract Tower,0,0,11,2,13,0,4,40,0,44,0,4,51,2,57,138,0,138,195
03/15/2019,EWB,MA,ANE,EN,Federal Contract Tower,0,5,3,0,8,0,2,0,0,2,0,7,3,0,10,0,0,0,10
03/16/2019,EWB,MA,ANE,EN,Federal Contract Tower,0,0,2,0,2,0,3,34,0,37,0,3,36,0,39,8,0,8,47
03/17/2019,EWB,MA,ANE,EN,Federal Contract Tower,0,0,35,0,35,0,3,57,0,60,0,3,92,0,95,82,0,82,177
03/18/2019,EWB,MA,ANE,EN,Federal Contract Tower,0,0,33,0,33,0,6,61,0,67,0,6,94,0,100,142,0,142,242
03/19/2019,EWB,MA,ANE,EN,Federal Contract Tower,0,8,25,0,33,0,10,72,0,82,0,18,97,0,115,208,0,208,323
03/20/2019,EWB,MA,ANE,EN,Federal Contract Tower,0,2,12,0,14,0,7,74,0,81,0,9,86,0,95,170,2,172,267
03/21/2019,EWB,MA,ANE,EN,Federal Contract Tower,0,0,1,0,1,0,14,31,2,47,0,14,32,2,48,96,4,100,148
03/22/2019,EWB,MA,ANE,EN,Federal Contract Tower,0,7,2,0,9,0,1,0,0,1,0,8,2,0,10,0,0,0,10
03/23/2019,EWB,MA,ANE,EN,Federal Contract Tower,0,3,2,0,5,0,5,2,0,7,0,8,4,0,12,6,0,6,18
03/24/2019,EWB,MA,ANE,EN,Federal Contract Tower,0,0,17,2,19,0,4,86,0,90,0,4,103,2,109,156,0,156,265
03/25/2019,EWB,MA,ANE,EN,Federal Contract Tower,0,2,15,3,20,0,6,63,0,69,0,8,78,3,89,186,0,186,275
03/26/2019,EWB,MA,ANE,EN,Federal Contract Tower,0,3,12,0,15,0,7,75,0,82,0,10,87,0,97,128,0,128,225
03/27/2019,EWB,MA,ANE,EN,Federal Contract Tower,0,1,28,2,31,0,11,64,0,75,0,12,92,2,106,188,6,194,300
03/28/2019,EWB,MA,ANE,EN,Federal Contract Tower,0,5,4,0,9,0,8,39,0,47,0,13,43,0,56,128,16,144,200
03/29/2019,EWB,MA,ANE,EN,Federal Contract Tower,0,1,37,2,40,0,4,57,12,73,0,5,94,14,113,118,10,128,241
03/30/2019,EWB,MA,ANE,EN,Federal Contract Tower,0,3,15,0,18,0,3,72,0,75,0,6,87,0,93,102,2,104,197
03/31/2019,EWB,MA,ANE,EN,Federal Contract Tower,0,1,1,0,2,0,2,4,0,6,0,3,5,0,8,0,0,0,8
04/01/2019,EWB,MA,ANE,EN,Federal Contract Tower,0,0,6,0,6,0,4,34,0,38,0,4,40,0,44,52,0,52,96
04/02/2019,EWB,MA,ANE,EN,Federal Contract Tower,0,7,0,0,7,0,11,72,0,83,0,18,72,0,90,238,2,240,330
04/03/2019,EWB,MA,ANE,EN,Federal Contract Tower,0,5,1,0,6,0,3,9,0,12,0,8,10,0,18,2,0,2,20
04/04/2019,EWB,MA,ANE,EN,Federal Contract Tower,0,2,5,0,7,0,6,15,2,23,0,8,20,2,30,6,0,6,36
04/05/2019,EWB,MA,ANE,EN,Federal Contract Tower,0,5,7,0,12,0,6,81,0,87,0,11,88,0,99,262,4,266,365
04/06/2019,EWB,MA,ANE,EN,Federal Contract Tower,0,7,25,0,32,0,7,55,4,66,0,14,80,4,98,118,0,118,216
04/07/2019,EWB,MA,ANE,EN,Federal Contract Tower,0,1,25,0,26,0,7,77,0,84,0,8,102,0,110,200,0,200,310
04/08/2019,EWB,MA,ANE,EN,Federal Contract Tower,0,8,5,0,13,0,0,0,0,0,0,8,5,0,13,0,0,0,13
04/09/2019,EWB,MA,ANE,EN,Federal Contract Tower,0,6,2,0,8,0,1,2,0,3,0,7,4,0,11,14,0,14,25
04/10/2019,EWB,MA,ANE,EN,Federal Contract Tower,0,2,19,0,21,0,3,45,0,48,0,5,64,0,69,98,0,98,167
04/11/2019,EWB,MA,ANE,EN,Federal Contract Tower,0,0,19,0,19,0,4,75,0,79,0,4,94,0,98,222,2,224,322
04/12/2019,EWB,MA,ANE,EN,Federal Contract Tower,0,3,5,0,8,0,5,26,0,31,0,8,31,0,39,202,0,202,241
04/13/2019,EWB,MA,ANE,EN,Federal Contract Tower,0,10,4,0,14,0,1,0,0,1,0,11,4,0,15,0,0,0,15
04/14/2019,EWB,MA,ANE,EN,Federal Contract Tower,0,2,7,0,9,0,2,61,0,63,0,4,68,0,72,122,0,122,194
04/15/2019,EWB,MA,ANE,EN,Federal Contract Tower,0,2,0,0,2,0,0,1,0,1,0,2,1,0,3,6,0,6,9
04/16/2019,EWB,MA,ANE,EN,Federal Contract Tower,0,2,3,0,5,0,9,34,0,43,0,11,37,0,48,38,0,38,86
04/17/2019,EWB,MA,ANE,EN,Federal Contract Tower,0,2,24,0,26,0,5,100,0,105,0,7,124,0,131,190,6,196,327
04/18/2019,EWB,MA,ANE,EN,Federal Contract Tower,0,6,8,0,14,0,2,33,0,35,0,8,41,0,49,40,0,40,89
04/19/2019,EWB,MA,ANE,EN,Federal Contract Tower,0,2,4,0,6,0,2,0,0,2,0,4,4,0,8,4,0,4,12
04/20/2019,EWB,MA,ANE,EN,Federal Contract Tower,0,6,2,0,8,0,0,0,0,0,0,6,2,0,8,0,0,0,8
04/21/2019,EWB,MA,ANE,EN,Federal Contract Tower,0,3,4,0,7,0,0,5,0,5,0,3,9,0,12,0,0,0,12
04/22/2019,EWB,MA,ANE,EN,Federal Contract Tower,0,23,8,0,31,0,0,9,0,9,0,23,17,0,40,34,0,34,74
04/23/2019,EWB,MA,ANE,EN,Federal Contract Tower,0,21,17,0,38,0,9,25,0,34,0,30,42,0,72,46,0,46,118
04/24/2019,EWB,MA,ANE,EN,Federal Contract Tower,0,6,6,0,12,0,8,73,0,81,0,14,79,0,93,186,0,186,279
04/25/2019,EWB,MA,ANE,EN,Federal Contract Tower,0,6,24,1,31,0,14,113,1,128,0,20,137,2,159,216,8,224,383
04/26/2019,EWB,MA,ANE,EN,Federal Contract Tower,0,6,21,0,27,0,0,0,0,0,0,6,21,0,27,0,0,0,27
04/27/2019,EWB,MA,ANE,EN,Federal Contract Tower,0,7,12,0,19,0,1,39,2,42,0,8,51,2,61,130,8,138,199
04/28/2019,EWB,MA,ANE,EN,Federal Contract Tower,0,0,7,0,7,0,4,51,0,55,0,4,58,0,62,82,0,82,144
04/29/2019,EWB,MA,ANE,EN,Federal Contract Tower,0,2,23,0,25,0,5,121,0,126,0,7,144,0,151,182,4,186,337
04/30/2019,EWB,MA,ANE,EN,Federal Contract Tower,0,9,11,0,20,0,13,1,0,14,0,22,12,0,34,6,0,6,40
05/01/2019,EWB,MA,ANE,EN,Federal Contract Tower,0,1,14,2,17,0,5,69,0,74,0,6,83,2,91,160,8,168,259
05/02/2019,EWB,MA,ANE,EN,Federal Contract Tower,0,6,30,0,36,0,2,12,0,14,0,8,42,0,50,10,0,10,60
05/03/2019,EWB,MA,ANE,EN,Federal Contract Tower,0,8,31,0,39,0,0,0,0,0,0,8,31,0,39,0,0,0,39
05/04/2019,EWB,MA,ANE,EN,Federal Contract Tower,8,33,2,0,43,0,0,2,0,2,8,33,4,0,45,0,0,0,45
05/05/2019,EWB,MA,ANE,EN,Federal Contract Tower,0,7,7,0,14,0,0,0,0,0,0,7,7,0,14,0,0,0,14
05/06/2019,EWB,MA,ANE,EN,Federal Contract Tower,0,5,13,0,18,0,14,40,0,54,0,19,53,0,72,94,6,100,172
05/07/2019,EWB,MA,ANE,EN,Federal Contract Tower,0,2,6,0,8,0,5,66,0,71,0,7,72,0,79,182,12,194,273
05/08/2019,EWB,MA,ANE,EN,Federal Contract Tower,0,6,17,2,25,0,17,72,2,91,0,23,89,4,116,176,16,192,308
05/09/2019,EWB,MA,ANE,EN,Federal Contract Tower,0,1,9,0,10,0,3,65,0,68,0,4,74,0,78,224,0,224,302
05/10/2019,EWB,MA,ANE,EN,Federal Contract Tower,0,3,8,0,11,0,1,6,0,7,0,4,14,0,18,22,2,24,42
05/12/2019,EWB,MA,ANE,EN,Federal Contract Tower,0,6,2,0,8,0,1,7,0,8,0,7,9,0,16,46,0,46,62
05/13/2019,EWB,MA,ANE,EN,Federal Contract Tower,0,2,8,0,10,0,2,24,0,26,0,4,32,0,36,54,6,60,96
05/14/2019,EWB,MA,ANE,EN,Federal Contract Tower,0,4,1,0,5,0,4,2,0,6,0,8,3,0,11,4,0,4,15
05/15/2019,EWB,MA,ANE,EN,Federal Contract Tower,0,7,11,0,18,0,7,62,0,69,0,14,73,0,87,120,2,122,209
05/16/2019,EWB,MA,ANE,EN,Federal Contract Tower,0,3,7,2,12,0,6,53,0,59,0,9,60,2,71,74,0,74,145
05/17/2019,EWB,MA,ANE,EN,Federal Contract Tower,0,5,14,3,22,0,5,33,2,40,0,10,47,5,62,68,12,80,142
05/18/2019,EWB,MA,ANE,EN,Federal Contract Tower,0,4,14,0,18,0,5,103,0,108,0,9,117,0,126,56,0,56,182
05/19/2019,EWB,MA,ANE,EN,Federal Contract Tower,0,3,5,0,8,0,3,43,0,46,0,6,48,0,54,98,0,98,152
05/20/2019,EWB,MA,ANE,EN,Federal Contract Tower,0,5,11,0,16,0,2,16,0,18,0,7,27,0,34,44,0,44,78
05/21/2019,EWB,MA,ANE,EN,Federal Contract Tower,0,0,4,0,4,0,18,47,0,65,0,18,51,0,69,64,0,64,133
05/22/2019,EWB,MA,ANE,EN,Federal Contract Tower,0,3,31,0,34,0,7,84,0,91,0,10,115,0,125,200,0,200,325
05/23/2019,EWB,MA,ANE,EN,Federal Contract Tower,0,4,15,0,19,0,5,45,23,73,0,9,60,23,92,158,0,158,250
05/24/2019,EWB,MA,ANE,EN,Federal Contract Tower,0,2,5,0,7,0,4,14,0,18,0,6,19,0,25,12,0,12,37
05/25/2019,EWB,MA,ANE,EN,Federal Contract Tower,0,3,10,0,13,0,6,96,0,102,0,9,106,0,115,156,0,156,271
05/26/2019,EWB,MA,ANE,EN,Federal Contract Tower,0,3,5,0,8,0,2,30,0,32,0,5,35,0,40,50,0,50,90
05/27/2019,EWB,MA,ANE,EN,Federal Contract Tower,0,5,8,0,13,0,12,46,0,58,0,17,54,0,71,54,6,60,131
05/28/2019,EWB,MA,ANE,EN,Federal Contract Tower,0,10,12,0,22,0,4,28,0,32,0,14,40,0,54,50,0,50,104
05/29/2019,EWB,MA,ANE,EN,Federal Contract Tower,0,11,19,2,32,0,5,8,0,13,0,16,27,2,45,4,0,4,49
05/30/2019,EWB,MA,ANE,EN,Federal Contract Tower,0,7,25,4,36,0,0,1,0,1,0,7,26,4,37,0,0,0,37
05/31/2019,EWB,MA,ANE,EN,Federal Contract Tower,0,4,25,0,29,0,8,106,0,114,0,12,131,0,143,240,2,242,385
06/01/2019,EWB,MA,ANE,EN,Federal Contract Tower,0,3,17,0,20,0,1,49,0,50,0,4,66,0,70,124,14,138,208
06/02/2019,EWB,MA,ANE,EN,Federal Contract Tower,0,5,9,0,14,0,1,31,0,32,0,6,40,0,46,54,2,56,102
06/03/2019,EWB,MA,ANE,EN,Federal Contract Tower,0,1,14,2,17,0,6,42,0,48,0,7,56,2,65,84,4,88,153
06/04/2019,EWB,MA,ANE,EN,Federal Contract Tower,0,5,8,0,13,0,11,65,2,78,0,16,73,2,91,116,2,118,209
06/05/2019,EWB,MA,ANE,EN,Federal Contract Tower,0,3,10,0,13,0,5,31,0,36,0,8,41,0,49,92,0,92,141
06/06/2019,EWB,MA,ANE,EN,Federal Contract Tower,0,5,19,0,24,0,4,25,0,29,0,9,44,0,53,44,0,44,97
06/07/2019,EWB,MA,ANE,EN,Federal Contract Tower,0,4,14,2,20,0,2,103,0,105,0,6,117,2,125,194,2,196,321
06/08/2019,EWB,MA,ANE,EN,Federal Contract Tower,0,1,6,0,7,0,2,76,0,78,0,3,82,0,85,124,0,124,209
06/09/2019,EWB,MA,ANE,EN,Federal Contract Tower,0,9,8,0,17,0,3,65,0,68,0,12,73,0,85,82,0,82,167
06/10/2019,EWB,MA,ANE,EN,Federal Contract Tower,0,0,17,0,17,0,4,57,6,67,0,4,74,6,84,152,0,152,236
06/11/2019,EWB,MA,ANE,EN,Federal Contract Tower,0,8,5,0,13,0,12,16,0,28,0,20,21,0,41,42,0,42,83
06/12/2019,EWB,MA,ANE,EN,Federal Contract Tower,0,3,9,4,16,0,18,85,0,103,0,21,94,4,119,190,14,204,323
06/13/2019,EWB,MA,ANE,EN,Federal Contract Tower,0,9,9,0,18,0,2,0,0,2,0,11,9,0,20,0,0,0,20
06/14/2019,EWB,MA,ANE,EN,Federal Contract Tower,0,4,26,2,32,0,3,39,0,42,0,7,65,2,74,100,0,100,174
06/15/2019,EWB,MA,ANE,EN,Federal Contract Tower,0,5,11,0,16,0,6,82,0,88,0,11,93,0,104,186,0,186,290
06/16/2019,EWB,MA,ANE,EN,Federal Contract Tower,0,6,7,0,13,0,1,1,0,2,0,7,8,0,15,0,0,0,15
06/17/2019,EWB,MA,ANE,EN,Federal Contract Tower,0,8,22,0,30,0,1,77,0,78,0,9,99,0,108,116,0,116,224
06/18/2019,EWB,MA,ANE,EN,Federal Contract Tower,0,13,7,0,20,0,0,0,0,0,0,13,7,0,20,0,0,0,20
06/19/2019,EWB,MA,ANE,EN,Federal Contract Tower,0,19,4,0,23,0,0,2,0,2,0,19,6,0,25,2,0,2,27
06/20/2019,EWB,MA,ANE,EN,Federal Contract Tower,0,4,9,0,13,0,0,0,0,0,0,4,9,0,13,0,0,0,13
06/21/2019,EWB,MA,ANE,EN,Federal Contract Tower,0,19,19,0,38,0,13,21,0,34,0,32,40,0,72,6,0,6,78
06/22/2019,EWB,MA,ANE,EN,Federal Contract Tower,0,4,5,0,9,0,8,75,0,83,0,12,80,0,92,138,0,138,230
06/23/2019,EWB,MA,ANE,EN,Federal Contract Tower,0,0,23,0,23,0,7,77,0,84,0,7,100,0,107,124,4,128,235
06/24/2019,EWB,MA,ANE,EN,Federal Contract Tower,0,1,36,0,37,0,12,60,2,74,0,13,96,2,111,170,14,184,295
06/25/2019,EWB,MA,ANE,EN,Federal Contract Tower,0,14,24,0,38,0,0,2,0,2,0,14,26,0,40,0,0,0,40
06/26/2019,EWB,MA,ANE,EN,Federal Contract Tower,0,8,23,0,31,0,6,37,0,43,0,14,60,0,74,72,0,72,146
06/27/2019,EWB,MA,ANE,EN,Federal Contract Tower,0,13,20,0,33,0,7,65,0,72,0,20,85,0,105,118,4,122,227
06/28/2019,EWB,MA,ANE,EN,Federal Contract Tower,0,5,17,2,24,0,14,83,0,97,0,19,100,2,121,186,6,192,313
06/29/2019,EWB,MA,ANE,EN,Federal Contract Tower,0,6,9,0,15,0,9,40,0,49,0,15,49,0,64,64,0,64,128
06/30/2019,EWB,MA,ANE,EN,Federal Contract Tower,0,3,5,0,8,0,5,38,0,43,0,8,43,0,51,38,0,38,89
07/01/2019,EWB,MA,ANE,EN,Federal Contract Tower,0,3,18,0,21,0,10,82,0,92,0,13,100,0,113,152,0,152,265
07/02/2019,EWB,MA,ANE,EN,Federal Contract Tower,0,4,10,2,16,0,17,61,2,80,0,21,71,4,96,108,0,108,204
07/03/2019,EWB,MA,ANE,EN,Federal Contract Tower,0,4,10,0,14,0,14,83,0,97,0,18,93,0,111,180,12,192,303
07/04/2019,EWB,MA,ANE,EN,Federal Contract Tower,0,5,1,0,6,0,14,41,0,55,0,19,42,0,61,40,0,40,101
07/05/2019,EWB,MA,ANE,EN,Federal Contract Tower,0,11,11,0,22,0,11,81,0,92,0,22,92,0,114,140,0,140,254
07/06/2019,EWB,MA,ANE,EN,Federal Contract Tower,0,14,7,2,23,0,2,15,0,17,0,16,22,2,40,20,2,22,62
07/07/2019,EWB,MA,ANE,EN,Federal Contract Tower,0,8,27,0,35,0,13,51,0,64,0,21,78,0,99,72,0,72,171
07/08/2019,EWB,MA,ANE,EN,Federal Contract Tower,0,9,34,0,43,0,6,72,0,78,0,15,106,0,121,130,0,130,251
07/09/2019,EWB,MA,ANE,EN,Federal Contract Tower,0,6,14,0,20,0,31,97,0,128,0,37,111,0,148,118,4,122,270
07/10/2019,EWB,MA,ANE,EN,Federal Contract Tower,0,2,13,0,15,0,15,59,8,82,0,17,72,8,97,204,12,216,313
07/11/2019,EWB,MA,ANE,EN,Federal Contract Tower,0,12,23,0,35,0,3,23,0,26,0,15,46,0,61,34,0,34,95
07/12/2019,EWB,MA,ANE,EN,Federal Contract Tower,0,10,14,0,24,0,4,15,0,19,0,14,29,0,43,36,12,48,91
07/13/2019,EWB,MA,ANE,EN,Federal Contract Tower,0,6,6,0,12,0,12,99,0,111,0,18,105,0,123,196,0,196,319
07/14/2019,EWB,MA,ANE,EN,Federal Contract Tower,0,10,9,0,19,0,13,65,6,84,0,23,74,6,103,50,4,54,157
07/15/2019,EWB,MA,ANE,EN,Federal Contract Tower,0,2,23,0,25,0,11,57,0,68,0,13,80,0,93,90,0,90,183
07/16/2019,EWB,MA,ANE,EN,Federal Contract Tower,0,5,17,0,22,0,16,71,0,87,0,21,88,0,109,110,4,114,223
07/17/2019,EWB,MA,ANE,EN,Federal Contract Tower,0,16,13,0,29,0,20,58,0,78,0,36,71,0,107,92,2,94,201
07/18/2019,EWB,MA,ANE,EN,Federal Contract Tower,0,22,8,0,30,0,0,0,0,0,0,22,8,0,30,0,0,0,30
07/19/2019,EWB,MA,ANE,EN,Federal Contract Tower,0,17,39,3,59,0,23,87,0,110,0,40,126,3,169,98,2,100,269
07/20/2019,EWB,MA,ANE,EN,Federal Contract Tower,0,0,10,0,10,0,17,36,0,53,0,17,46,0,63,56,0,56,119
07/21/2019,EWB,MA,ANE,EN,Federal Contract Tower,0,6,8,0,14,0,10,48,0,58,0,16,56,0,72,22,0,22,94
07/22/2019,EWB,MA,ANE,EN,Federal Contract Tower,0,2,9,0,11,0,13,43,0,56,0,15,52,0,67,56,0,56,123
07/23/2019,EWB,MA,ANE,EN,Federal Contract Tower,0,9,14,0,23,0,2,1,0,3,0,11,15,0,26,0,0,0,26
07/24/2019,EWB,MA,ANE,EN,Federal Contract Tower,0,9,18,2,29,0,16,66,8,90,0,25,84,10,119,188,8,196,315
07/25/2019,EWB,MA,ANE,EN,Federal Contract Tower,0,3,5,0,8,0,17,82,4,103,0,20,87,4,111,116,0,116,227
07/26/2019,EWB,MA,ANE,EN,Federal Contract Tower,0,3,19,0,22,0,15,146,0,161,0,18,165,0,183,166,0,166,349
07/27/2019,EWB,MA,ANE,EN,Federal Contract Tower,0,4,11,0,15,0,10,58,0,68,0,14,69,0,83,62,0,62,145
07/28/2019,EWB,MA,ANE,EN,Federal Contract Tower,0,7,12,0,19,0,12,66,0,78,0,19,78,0,97,54,4,58,155
07/29/2019,EWB,MA,ANE,EN,Federal Contract Tower,0,2,24,0,26,0,13,61,0,74,0,15,85,0,100,68,0,68,168
07/30/2019,EWB,MA,ANE,EN,Federal Contract Tower,0,6,17,0,23,0,12,66,0,78,0,18,83,0,101,114,2,116,217
07/31/2019,EWB,MA,ANE,EN,Federal Contract Tower,0,2,8,0,10,0,13,73,0,86,0,15,81,0,96,128,0,128,224
08/01/2019,EWB,MA,ANE,EN,Federal Contract Tower,0,4,12,2,18,0,11,70,0,81,0,15,82,2,99,142,0,142,241
08/02/2019,EWB,MA,ANE,EN,Federal Contract Tower,0,4,12,0,16,0,23,62,0,85,0,27,74,0,101,38,6,44,145
08/03/2019,EWB,MA,ANE,EN,Federal Contract Tower,0,4,8,0,12,0,17,68,0,85,0,21,76,0,97,76,0,76,173
08/04/2019,EWB,MA,ANE,EN,Federal Contract Tower,0,7,8,0,15,0,15,48,0,63,0,22,56,0,78,58,0,58,136
08/05/2019,EWB,MA,ANE,EN,Federal Contract Tower,0,5,19,0,24,0,22,88,0,110,0,27,107,0,134,82,12,94,228
08/06/2019,EWB,MA,ANE,EN,Federal Contract Tower,0,22,13,0,35,0,16,12,0,28,0,38,25,0,63,14,0,14,77
08/08/2019,EWB,MA,ANE,EN,Federal Contract Tower,0,10,10,0,20,0,17,68,0,85,0,27,78,0,105,54,0,54,159
08/09/2019,EWB,MA,ANE,EN,Federal Contract Tower,0,14,19,0,33,0,28,104,0,132,0,42,123,0,165,90,6,96,261
08/10/2019,EWB,MA,ANE,EN,Federal Contract Tower,0,13,11,0,24,0,25,56,0,81,0,38,67,0,105,78,0,78,183
08/11/2019,EWB,MA,ANE,EN,Federal Contract Tower,0,18,13,0,31,0,17,76,0,93,0,35,89,0,124,44,0,44,168
08/12/2019,EWB,MA,ANE,EN,Federal Contract Tower,0,6,11,0,17,0,20,78,11,109,0,26,89,11,126,86,2,88,214
08/13/2019,EWB,MA,ANE,EN,Federal Contract Tower,0,11,7,0,18,0,13,14,0,27,0,24,21,0,45,22,0,22,67
08/14/2019,EWB,MA,ANE,EN,Federal Contract Tower,0,26,18,0,44,0,15,40,0,55,0,41,58,0,99,22,14,36,135
08/15/2019,EWB,MA,ANE,EN,Federal Contract Tower,0,6,13,0,19,0,16,86,0,102,0,22,99,0,121,114,0,114,235
08/16/2019,EWB,MA,ANE,EN,Federal Contract Tower,0,18,11,0,29,0,35,67,2,104,0,53,78,2,133,120,0,120,253
08/17/2019,EWB,MA,ANE,EN,Federal Contract Tower,0,18,12,0,30,0,5,4,0,9,0,23,16,0,39,4,0,4,43
08/18/2019,EWB,MA,ANE,EN,Federal Contract Tower,0,24,12,0,36,0,10,40,0,50,0,34,52,0,86,60,0,60,146
08/19/2019,EWB,MA,ANE,EN,Federal Contract Tower,0,6,12,0,18,0,15,92,0,107,0,21,104,0,125,134,0,134,259
08/20/2019,EWB,MA,ANE,EN,Federal Contract Tower,0,1,10,0,11,0,13,79,0,92,0,14,89,0,103,178,0,178,281
08/21/2019,EWB,MA,ANE,EN,Federal Contract Tower,0,14,9,0,23,0,13,7,0,20,0,27,16,0,43,10,4,14,57
08/22/2019,EWB,MA,ANE,EN,Federal Contract Tower,0,9,7,0,16,0,15,51,0,66,0,24,58,0,82,76,8,84,166
08/23/2019,EWB,MA,ANE,EN,Federal Contract Tower,0,3,17,0,20,0,22,99,0,121,0,25,116,0,141,212,0,212,353
08/24/2019,EWB,MA,ANE,EN,Federal Contract Tower,0,2,24,0,26,0,13,85,0,98,0,15,109,0,124,136,2,138,262
08/25/2019,EWB,MA,ANE,EN,Federal Contract Tower,0,11,12,0,23,0,16,25,0,41,0,27,37,0,64,26,0,26,90
08/26/2019,EWB,MA,ANE,EN,Federal Contract Tower,0,0,13,0,13,0,10,80,0,90,0,10,93,0,103,162,0,162,265
08/27/2019,EWB,MA,ANE,EN,Federal Contract Tower,0,3,10,2,15,0,12,104,2,118,0,15,114,4,133,248,2,250,383
08/28/2019,EWB,MA,ANE,EN,Federal Contract Tower,0,10,7,0,17,0,5,34,0,39,0,15,41,0,56,144,0,144,200
08/29/2019,EWB,MA,ANE,EN,Federal Contract Tower,0,12,16,0,28,0,18,77,0,95,0,30,93,0,123,164,2,166,289
08/30/2019,EWB,MA,ANE,EN,Federal Contract Tower,0,1,11,0,12,0,16,78,0,94,0,17,89,0,106,162,0,162,268
08/31/2019,EWB,MA,ANE,EN,Federal Contract Tower,0,8,10,0,18,0,10,107,0,117,0,18,117,0,135,66,0,66,201
09/01/2019,EWB,MA,ANE,EN,Federal Contract Tower,0,1,0,0,1,0,11,64,0,75,0,12,64,0,76,86,0,86,162
09/02/2019,EWB,MA,ANE,EN,Federal Contract Tower,0,2,16,0,18,0,8,26,0,34,0,10,42,0,52,46,0,46,98
09/03/2019,EWB,MA,ANE,EN,Federal Contract Tower,0,8,24,0,32,0,6,61,0,67,0,14,85,0,99,84,2,86,185
09/04/2019,EWB,MA,ANE,EN,Federal Contract Tower,0,3,17,0,20,0,8,20,0,28,0,11,37,0,48,26,0,26,74
09/05/2019,EWB,MA,ANE,EN,Federal Contract Tower,0,3,17,2,22,0,8,117,0,125,0,11,134,2,147,160,16,176,323
09/06/2019,EWB,MA,ANE,EN,Federal Contract Tower,0,15,4,0,19,0,13,45,0,58,0,28,49,0,77,146,0,146,223
09/07/2019,EWB,MA,ANE,EN,Federal Contract Tower,0,1,3,0,4,0,9,30,0,39,0,10,33,0,43,24,0,24,67
09/08/2019,EWB,MA,ANE,EN,Federal Contract Tower,0,1,13,0,14,0,22,98,0,120,0,23,111,0,134,180,2,182,316
09/09/2019,EWB,MA,ANE,EN,Federal Contract Tower,0,2,23,0,25,0,13,74,3,90,0,15,97,3,115,134,0,134,249
09/10/2019,EWB,MA,ANE,EN,Federal Contract Tower,0,12,10,0,22,0,13,54,0,67,0,25,64,0,89,98,0,98,187
09/11/2019,EWB,MA,ANE,EN,Federal Contract Tower,0,3,9,0,12,0,7,44,5,56,0,10,53,5,68,66,4,70,138
09/12/2019,EWB,MA,ANE,EN,Federal Contract Tower,0,18,11,0,29,0,0,0,0,0,0,18,11,0,29,2,0,2,31
09/13/2019,EWB,MA,ANE,EN,Federal Contract Tower,0,15,13,0,28,0,39,108,0,147,0,54,121,0,175,146,0,146,321
09/14/2019,EWB,MA,ANE,EN,Federal Contract Tower,0,0,9,0,9,0,9,52,0,61,0,9,61,0,70,164,0,164,234
09/15/2019,EWB,MA,ANE,EN,Federal Contract Tower,0,4,7,0,11,0,5,57,0,62,0,9,64,0,73,149,0,149,222
09/16/2019,EWB,MA,ANE,EN,Federal Contract Tower,0,5,36,0,41,0,5,63,0,68,0,10,99,0,109,218,0,218,327
09/17/2019,EWB,MA,ANE,EN,Federal Contract Tower,0,7,13,0,20,0,19,84,0,103,0,26,97,0,123,120,2,122,245
09/18/2019,EWB,MA,ANE,EN,Federal Contract Tower,0,1,10,0,11,0,10,35,0,45,0,11,45,0,56,48,0,48,104
09/19/2019,EWB,MA,ANE,EN,Federal Contract Tower,0,2,17,0,19,0,17,103,0,120,0,19,120,0,139,168,0,168,307
09/20/2019,EWB,MA,ANE,EN,Federal Contract Tower,0,4,3,0,7,0,13,102,0,115,0,17,105,0,122,248,2,250,372
09/21/2019,EWB,MA,ANE,EN,Federal Contract Tower,0,4,6,0,10,0,7,82,0,89,0,11,88,0,99,132,0,132,231
09/22/2019,EWB,MA,ANE,EN,Federal Contract Tower,0,3,4,0,7,0,7,83,0,90,0,10,87,0,97,104,0,104,201
09/23/2019,EWB,MA,ANE,EN,Federal Contract Tower,0,1,10,0,11,0,5,55,0,60,0,6,65,0,71,86,0,86,157
09/24/2019,EWB,MA,ANE,EN,Federal Contract Tower,0,0,6,0,6,0,7,90,0,97,0,7,96,0,103,178,0,178,281
09/25/2019,EWB,MA,ANE,EN,Federal Contract Tower,0,2,6,0,8,0,7,115,0,122,0,9,121,0,130,206,0,206,336
09/26/2019,EWB,MA,ANE,EN,Federal Contract Tower,0,10,10,0,20,0,9,48,0,57,0,19,58,0,77,68,0,68,145
09/27/2019,EWB,MA,ANE,EN,Federal Contract Tower,0,1,2,0,3,0,11,97,0,108,0,12,99,0,111,224,0,224,335
09/28/2019,EWB,MA,ANE,EN,Federal Contract Tower,0,2,7,0,9,0,9,67,2,78,0,11,74,2,87,116,0,116,203
09/29/2019,EWB,MA,ANE,EN,Federal Contract Tower,0,3,4,0,7,0,4,82,1,87,0,7,86,1,94,138,0,138,232
09/30/2019,EWB,MA,ANE,EN,Federal Contract Tower,0,14,5,0,19,0,12,85,0,97,0,26,90,0,116,194,0,194,310
10/01/2019,EWB,MA,ANE,EN,Federal Contract Tower,0,4,13,2,19,0,11,36,1,48,0,15,49,3,67,106,0,106,173
10/02/2019,EWB,MA,ANE,EN,Federal Contract Tower,0,4,4,0,8,0,8,43,0,51,0,12,47,0,59,76,0,76,135
10/03/2019,EWB,MA,ANE,EN,Federal Contract Tower,0,5,8,0,13,0,11,64,0,75,0,16,72,0,88,200,2,202,290
10/04/2019,EWB,MA,ANE,EN,Federal Contract Tower,0,4,8,0,12,0,11,50,0,61,0,15,58,0,73,128,0,128,201
10/05/2019,EWB,MA,ANE,EN,Federal Contract Tower,0,2,10,0,12,0,10,82,0,92,0,12,92,0,104,152,0,152,256
10/06/2019,EWB,MA,ANE,EN,Federal Contract Tower,0,0,12,0,12,0,8,73,0,81,0,8,85,0,93,190,0,190,283
10/07/2019,EWB,MA,ANE,EN,Federal Contract Tower,0,2,5,0,7,0,5,20,0,25,0,7,25,0,32,10,0,10,42
10/08/2019,EWB,MA,ANE,EN,Federal Contract Tower,0,13,7,0,20,0,5,96,0,101,0,18,103,0,121,124,4,128,249
10/09/2019,EWB,MA,ANE,EN,Federal Contract Tower,0,5,2,0,7,0,0,2,0,2,0,5,4,0,9,0,0,0,9
10/10/2019,EWB,MA,ANE,EN,Federal Contract Tower,0,2,2,0,4,0,0,0,0,0,0,2,2,0,4,0,0,0,4
10/11/2019,EWB,MA,ANE,EN,Federal Contract Tower,0,2,6,0,8,0,0,0,0,0,0,2,6,0,8,0,0,0,8
10/12/2019,EWB,MA,ANE,EN,Federal Contract Tower,0,18,22,0,40,0,2,1,0,3,0,20,23,0,43,4,0,4,47
10/13/2019,EWB,MA,ANE,EN,Federal Contract Tower,0,5,4,0,9,0,6,87,0,93,0,11,91,0,102,208,0,208,310
10/14/2019,EWB,MA,ANE,EN,Federal Contract Tower,0,6,8,0,14,0,0,8,0,8,0,6,16,0,22,0,0,0,22
10/15/2019,EWB,MA,ANE,EN,Federal Contract Tower,0,5,13,0,18,0,14,121,0,135,0,19,134,0,153,218,0,218,371
10/16/2019,EWB,MA,ANE,EN,Federal Contract Tower,0,6,2,0,8,0,17,65,0,82,0,23,67,0,90,160,0,160,250
10/17/2019,EWB,MA,ANE,EN,Federal Contract Tower,0,6,4,0,10,0,0,3,0,3,0,6,7,0,13,0,0,0,13
10/18/2019,EWB,MA,ANE,EN,Federal Contract Tower,0,4,10,0,14,0,10,89,0,99,0,14,99,0,113,154,0,154,267
10/19/2019,EWB,MA,ANE,EN,Federal Contract Tower,0,1,14,0,15,0,1,120,0,121,0,2,134,0,136,180,2,182,318
10/20/2019,EWB,MA,ANE,EN,Federal Contract Tower,0,3,11,0,14,0,6,98,0,104,0,9,109,0,118,160,0,160,278
10/21/2019,EWB,MA,ANE,EN,Federal Contract Tower,0,7,15,0,22,0,2,47,0,49,0,9,62,0,71,46,0,46,117
10/22/2019,EWB,MA,ANE,EN,Federal Contract Tower,0,6,13,0,19,0,4,10,0,14,0,10,23,0,33,26,0,26,59
10/23/2019,EWB,MA,ANE,EN,Federal Contract Tower,0,5,7,0,12,0,5,53,10,68,0,10,60,10,80,82,14,96,176
10/24/2019,EWB,MA,ANE,EN,Federal Contract Tower,0,2,3,0,5,0,6,110,0,116,0,8,113,0,121,186,2,188,309
10/25/2019,EWB,MA,ANE,EN,Federal Contract Tower,0,0,8,0,8,0,6,123,0,129,0,6,131,0,137,156,6,162,299
10/26/2019,EWB,MA,ANE,EN,Federal Contract Tower,0,4,7,0,11,0,2,132,0,134,0,6,139,0,145,294,0,294,439
10/27/2019,EWB,MA,ANE,EN,Federal Contract Tower,0,1,7,0,8,0,1,1,0,2,0,2,8,0,10,0,0,0,10
10/28/2019,EWB,MA,ANE,EN,Federal Contract Tower,0,7,1,0,8,0,3,8,0,11,0,10,9,0,19,2,0,2,21
10/29/2019,EWB,MA,ANE,EN,Federal Contract Tower,0,7,32,0,39,0,7,11,0,18,0,14,43,0,57,70,0,70,127
10/30/2019,EWB,MA,ANE,EN,Federal Contract Tower,0,16,2,0,18,0,2,24,0,26,0,18,26,0,44,54,0,54,98
10/31/2019,EWB,MA,ANE,EN,Federal Contract Tower,0,11,2,0,13,0,2,0,0,2,0,13,2,0,15,0,0,0,15
11/01/2019,EWB,MA,ANE,EN,Federal Contract Tower,0,1,3,0,4,0,6,16,0,22,0,7,19,0,26,2,0,2,28
11/02/2019,EWB,MA,ANE,EN,Federal Contract Tower,0,2,14,2,18,0,8,109,0,117,0,10,123,2,135,192,0,192,327
11/03/2019,EWB,MA,ANE,EN,Federal Contract Tower,0,3,9,0,12,0,4,109,0,113,0,7,118,0,125,124,0,124,249
11/05/2019,EWB,MA,ANE,EN,Federal Contract Tower,0,6,8,0,14,0,3,36,0,39,0,9,44,0,53,72,0,72,125
11/06/2019,EWB,MA,ANE,EN,Federal Contract Tower,0,7,11,0,18,0,7,101,0,108,0,14,112,0,126,132,0,132,258
11/07/2019,EWB,MA,ANE,EN,Federal Contract Tower,0,5,4,0,9,0,9,54,0,63,0,14,58,0,72,78,0,78,150
11/08/2019,EWB,MA,ANE,EN,Federal Contract Tower,0,2,6,0,8,0,5,43,0,48,0,7,49,0,56,38,0,38,94
11/09/2019,EWB,MA,ANE,EN,Federal Contract Tower,0,2,11,0,13,0,5,74,0,79,0,7,85,0,92,128,0,128,220
11/10/2019,EWB,MA,ANE,EN,Federal Contract Tower,0,2,6,1,9,0,2,60,0,62,0,4,66,1,71,64,0,64,135
11/11/2019,EWB,MA,ANE,EN,Federal Contract Tower,0,3,4,0,7,0,12,49,0,61,0,15,53,0,68,28,0,28,96
11/12/2019,EWB,MA,ANE,EN,Federal Contract Tower,0,3,4,0,7,0,2,20,0,22,0,5,24,0,29,34,0,34,63
11/13/2019,EWB,MA,ANE,EN,Federal Contract Tower,0,1,10,0,11,0,6,79,0,85,0,7,89,0,96,54,0,54,150
11/14/2019,EWB,MA,ANE,EN,Federal Contract Tower,0,4,11,0,15,0,6,92,0,98,0,10,103,0,113,170,0,170,283
11/15/2019,EWB,MA,ANE,EN,Federal Contract Tower,0,3,14,0,17,0,6,111,0,117,0,9,125,0,134,160,2,162,296
11/16/2019,EWB,MA,ANE,EN,Federal Contract Tower,0,3,7,0,10,0,2,61,0,63,0,5,68,0,73,80,0,80,153
11/17/2019,EWB,MA,ANE,EN,Federal Contract Tower,0,5,3,1,9,0,2,49,0,51,0,7,52,1,60,128,0,128,188
11/18/2019,EWB,MA,ANE,EN,Federal Contract Tower,0,9,1,0,10,0,0,0,0,0,0,9,1,0,10,0,0,0,10
11/19/2019,EWB,MA,ANE,EN,Federal Contract Tower,0,10,2,0,12,0,3,11,0,14,0,13,13,0,26,48,0,48,74
11/20/2019,EWB,MA,ANE,EN,Federal Contract Tower,0,6,2,2,10,0,0,0,0,0,0,6,2,2,10,0,0,0,10
11/21/2019,EWB,MA,ANE,EN,Federal Contract Tower,0,4,8,2,14,0,14,114,0,128,0,18,122,2,142,180,0,180,322
11/22/2019,EWB,MA,ANE,EN,Federal Contract Tower,0,4,5,0,9,0,3,26,0,29,0,7,31,0,38,16,0,16,54
11/23/2019,EWB,MA,ANE,EN,Federal Contract Tower,0,9,8,0,17,0,4,113,0,117,0,13,121,0,134,182,0,182,316
11/24/2019,EWB,MA,ANE,EN,Federal Contract Tower,0,2,1,0,3,0,0,0,0,0,0,2,1,0,3,0,0,0,3
11/25/2019,EWB,MA,ANE,EN,Federal Contract Tower,0,5,8,0,13,0,10,97,2,109,0,15,105,2,122,164,4,168,290
11/26/2019,EWB,MA,ANE,EN,Federal Contract Tower,0,4,13,0,17,0,13,94,0,107,0,17,107,0,124,154,0,154,278
11/27/2019,EWB,MA,ANE,EN,Federal Contract Tower,0,12,3,0,15,0,0,0,0,0,0,12,3,0,15,0,0,0,15
11/28/2019,EWB,MA,ANE,EN,Federal Contract Tower,0,5,1,0,6,0,9,1,0,10,0,14,2,0,16,2,0,2,18
11/29/2019,EWB,MA,ANE,EN,Federal Contract Tower,0,4,2,0,6,0,25,55,0,80,0,29,57,0,86,68,0,68,154
11/30/2019,EWB,MA,ANE,EN,Federal Contract Tower,0,2,6,0,8,0,7,77,0,84,0,9,83,0,92,70,0,70,162
12/01/2019,EWB,MA,ANE,EN,Federal Contract Tower,0,0,9,0,9,0,5,53,0,58,0,5,62,0,67,94,0,94,161
12/02/2019,EWB,MA,ANE,EN,Federal Contract Tower,0,4,2,0,6,0,0,0,0,0,0,4,2,0,6,0,0,0,6
12/03/2019,EWB,MA,ANE,EN,Federal Contract Tower,0,4,0,4,8,0,2,0,0,2,0,6,0,4,10,0,4,4,14
12/04/2019,EWB,MA,ANE,EN,Federal Contract Tower,0,6,1,0,7,0,20,57,0,77,0,26,58,0,84,86,2,88,172
12/05/2019,EWB,MA,ANE,EN,Federal Contract Tower,0,2,6,0,8,0,12,57,3,72,0,14,63,3,80,52,2,54,134
12/06/2019,EWB,MA,ANE,EN,Federal Contract Tower,0,3,0,0,3,0,7,45,2,54,0,10,45,2,57,146,18,164,221
12/07/2019,EWB,MA,ANE,EN,Federal Contract Tower,0,0,4,0,4,0,2,86,0,88,0,2,90,0,92,122,0,122,214
12/08/2019,EWB,MA,ANE,EN,Federal Contract Tower,0,0,10,0,10,0,3,89,3,95,0,3,99,3,105,88,0,88,193
12/09/2019,EWB,MA,ANE,EN,Federal Contract Tower,0,8,4,0,12,0,0,0,0,0,0,8,4,0,12,0,0,0,12
12/10/2019,EWB,MA,ANE,EN,Federal Contract Tower,0,12,12,0,24,0,0,0,0,0,0,12,12,0,24,0,0,0,24
12/11/2019,EWB,MA,ANE,EN,Federal Contract Tower,0,2,1,0,3,0,6,13,0,19,0,8,14,0,22,4,8,12,34
12/12/2019,EWB,MA,ANE,EN,Federal Contract Tower,0,4,13,0,17,0,12,76,0,88,0,16,89,0,105,154,0,154,259
12/13/2019,EWB,MA,ANE,EN,Federal Contract Tower,0,1,6,2,9,0,5,72,0,77,0,6,78,2,86,234,0,234,320
12/14/2019,EWB,MA,ANE,EN,Federal Contract Tower,0,6,0,0,6,0,0,0,0,0,0,6,0,0,6,0,0,0,6
12/15/2019,EWB,MA,ANE,EN,Federal Contract Tower,0,0,1,0,1,0,2,14,0,16,0,2,15,0,17,0,0,0,17
12/16/2019,EWB,MA,ANE,EN,Federal Contract Tower,0,2,15,0,17,0,10,78,0,88,0,12,93,0,105,128,4,132,237
12/17/2019,EWB,MA,ANE,EN,Federal Contract Tower,0,0,2,0,2,0,0,0,0,0,0,0,2,0,2,0,0,0,2
12/18/2019,EWB,MA,ANE,EN,Federal Contract Tower,0,1,14,0,15,0,8,39,0,47,0,9,53,0,62,66,4,70,132
12/19/2019,EWB,MA,ANE,EN,Federal Contract Tower,0,7,15,0,22,0,10,47,0,57,0,17,62,0,79,78,2,80,159
12/20/2019,EWB,MA,ANE,EN,Federal Contract Tower,0,2,19,0,21,0,7,77,0,84,0,9,96,0,105,110,0,110,215
12/21/2019,EWB,MA,ANE,EN,Federal Contract Tower,0,5,12,0,17,0,9,62,0,71,0,14,74,0,88,96,0,96,184
12/22/2019,EWB,MA,ANE,EN,Federal Contract Tower,0,0,5,0,5,0,2,61,0,63,0,2,66,0,68,110,2,112,180
12/23/2019,EWB,MA,ANE,EN,Federal Contract Tower,0,1,2,0,3,0,11,68,0,79,0,12,70,0,82,132,0,132,214
12/24/2019,EWB,MA,ANE,EN,Federal Contract Tower,0,0,6,0,6,0,8,35,0,43,0,8,41,0,49,60,0,60,109
12/25/2019,EWB,MA,ANE,EN,Federal Contract Tower,0,1,0,0,1,0,3,8,0,11,0,4,8,0,12,2,0,2,14
12/26/2019,EWB,MA,ANE,EN,Federal Contract Tower,0,6,13,0,19,0,8,47,0,55,0,14,60,0,74,134,0,134,208
12/27/2019,EWB,MA,ANE,EN,Federal Contract Tower,0,7,1,2,10,0,13,22,0,35,0,20,23,2,45,26,2,28,73
12/28/2019,EWB,MA,ANE,EN,Federal Contract Tower,0,1,14,0,15,0,3,68,0,71,0,4,82,0,86,96,0,96,182
12/29/2019,EWB,MA,ANE,EN,Federal Contract Tower,0,0,8,0,8,0,8,52,0,60,0,8,60,0,68,48,0,48,116
12/30/2019,EWB,MA,ANE,EN,Federal Contract Tower,0,0,0,0,0,0,0,0,0,0,0,0,0,0,0,0,0,0,0
01/01/2020,EWB,MA,ANE,EN,Federal Contract Tower,0,0,0,0,0,0,9,17,0,26,0,9,17,0,26,26,0,26,52
01/02/2020,EWB,MA,ANE,EN,Federal Contract Tower,0,5,8,0,13,0,6,72,0,78,0,11,80,0,91,116,2,118,209
01/03/2020,EWB,MA,ANE,EN,Federal Contract Tower,0,5,11,2,18,0,10,37,0,47,0,15,48,2,65,88,0,88,153
01/04/2020,EWB,MA,ANE,EN,Federal Contract Tower,0,2,1,0,3,0,0,0,0,0,0,2,1,0,3,0,0,0,3
01/05/2020,EWB,MA,ANE,EN,Federal Contract Tower,0,0,6,0,6,0,3,6,0,9,0,3,12,0,15,14,0,14,29
01/06/2020,EWB,MA,ANE,EN,Federal Contract Tower,0,0,5,0,5,0,2,41,0,43,0,2,46,0,48,54,0,54,102
01/07/2020,EWB,MA,ANE,EN,Federal Contract Tower,0,0,0,0,0,0,0,0,0,0,0,0,0,0,0,120,2,122,122
01/08/2020,EWB,MA,ANE,EN,Federal Contract Tower,0,4,4,0,8,0,2,50,2,54,0,6,54,2,62,76,0,76,138
01/09/2020,EWB,MA,ANE,EN,Federal Contract Tower,0,3,7,0,10,0,8,65,0,73,0,11,72,0,83,80,0,80,163
01/10/2020,EWB,MA,ANE,EN,Federal Contract Tower,0,6,2,0,8,0,5,21,0,26,0,11,23,0,34,56,0,56,90
01/11/2020,EWB,MA,ANE,EN,Federal Contract Tower,0,3,9,0,12,0,1,8,0,9,0,4,17,0,21,4,0,4,25
01/12/2020,EWB,MA,ANE,EN,Federal Contract Tower,0,3,1,0,4,0,2,13,0,15,0,5,14,0,19,0,0,0,19
01/13/2020,EWB,MA,ANE,EN,Federal Contract Tower,0,2,5,0,7,0,1,10,0,11,0,3,15,0,18,0,0,0,18
01/14/2020,EWB,MA,ANE,EN,Federal Contract Tower,0,1,15,0,16,0,2,7,0,9,0,3,22,0,25,2,0,2,27
01/15/2020,EWB,MA,ANE,EN,Federal Contract Tower,0,3,14,0,17,0,6,125,0,131,0,9,139,0,148,138,2,140,288
01/16/2020,EWB,MA,ANE,EN,Federal Contract Tower,0,1,5,0,6,0,3,1,0,4,0,4,6,0,10,0,4,4,14
01/17/2020,EWB,MA,ANE,EN,Federal Contract Tower,0,3,4,0,7,0,5,22,0,27,0,8,26,0,34,2,0,2,36
01/18/2020,EWB,MA,ANE,EN,Federal Contract Tower,0,2,16,0,18,0,2,38,0,40,0,4,54,0,58,116,0,116,174
01/19/2020,EWB,MA,ANE,EN,Federal Contract Tower,0,1,0,0,1,0,1,29,0,30,0,2,29,0,31,28,0,28,59
01/20/2020,EWB,MA,ANE,EN,Federal Contract Tower,0,9,12,0,21,0,6,42,0,48,0,15,54,0,69,66,0,66,135
01/21/2020,EWB,MA,ANE,EN,Federal Contract Tower,0,4,10,0,14,0,10,109,5,124,0,14,119,5,138,106,10,116,254
01/22/2020,EWB,MA,ANE,EN,Federal Contract Tower,0,0,10,0,10,0,3,96,0,99,0,3,106,0,109,164,2,166,275
01/23/2020,EWB,MA,ANE,EN,Federal Contract Tower,0,4,13,0,17,0,3,84,0,87,0,7,97,0,104,174,2,176,280
01/24/2020,EWB,MA,ANE,EN,Federal Contract Tower,0,1,4,0,5,0,2,108,0,110,0,3,112,0,115,176,0,176,291
01/25/2020,EWB,MA,ANE,EN,Federal Contract Tower,0,2,4,0,6,0,1,2,0,3,0,3,6,0,9,0,0,0,9
01/26/2020,EWB,MA,ANE,EN,Federal Contract Tower,0,3,5,0,8,0,2,48,0,50,0,5,53,0,58,104,0,104,162
01/27/2020,EWB,MA,ANE,EN,Federal Contract Tower,0,0,13,0,13,0,2,65,0,67,0,2,78,0,80,102,0,102,182
01/28/2020,EWB,MA,ANE,EN,Federal Contract Tower,0,3,5,0,8,0,7,67,0,74,0,10,72,0,82,148,4,152,234
01/29/2020,EWB,MA,ANE,EN,Federal Contract Tower,0,0,7,0,7,0,3,76,0,79,0,3,83,0,86,110,12,122,208
01/30/2020,EWB,MA,ANE,EN,Federal Contract Tower,0,0,13,0,13,0,3,74,0,77,0,3,87,0,90,92,6,98,188
01/31/2020,EWB,MA,ANE,EN,Federal Contract Tower,0,1,17,0,18,0,3,81,0,84,0,4,98,0,102,118,0,118,220
02/01/2020,EWB,MA,ANE,EN,Federal Contract Tower,0,3,1,0,4,0,0,1,0,1,0,3,2,0,5,0,0,0,5
02/02/2020,EWB,MA,ANE,EN,Federal Contract Tower,0,1,12,0,13,0,2,43,0,45,0,3,55,0,58,88,0,88,146
02/03/2020,EWB,MA,ANE,EN,Federal Contract Tower,0,1,13,0,14,0,3,56,0,59,0,4,69,0,73,86,0,86,159
02/04/2020,EWB,MA,ANE,EN,Federal Contract Tower,0,1,12,0,13,0,3,41,0,44,0,4,53,0,57,52,2,54,111
02/05/2020,EWB,MA,ANE,EN,Federal Contract Tower,0,9,15,0,24,0,8,56,0,64,0,17,71,0,88,72,12,84,172
02/06/2020,EWB,MA,ANE,EN,Federal Contract Tower,0,5,0,0,5,0,0,0,0,0,0,5,0,0,5,0,0,0,5
02/07/2020,EWB,MA,ANE,EN,Federal Contract Tower,0,2,0,0,2,0,0,0,0,0,0,2,0,0,2,0,0,0,2
02/08/2020,EWB,MA,ANE,EN,Federal Contract Tower,0,0,1,0,1,0,3,53,0,56,0,3,54,0,57,42,6,48,105
02/09/2020,EWB,MA,ANE,EN,Federal Contract Tower,0,2,26,0,28,0,4,74,0,78,0,6,100,0,106,142,0,142,248
02/10/2020,EWB,MA,ANE,EN,Federal Contract Tower,0,4,4,0,8,0,1,11,0,12,0,5,15,0,20,8,0,8,28
02/11/2020,EWB,MA,ANE,EN,Federal Contract Tower,0,4,1,0,5,0,0,0,0,0,0,4,1,0,5,0,0,0,5
02/12/2020,EWB,MA,ANE,EN,Federal Contract Tower,0,6,11,0,17,0,11,129,0,140,0,17,140,0,157,244,0,244,401
02/13/2020,EWB,MA,ANE,EN,Federal Contract Tower,0,20,2,0,22,0,0,0,0,0,0,20,2,0,22,6,0,6,28
02/14/2020,EWB,MA,ANE,EN,Federal Contract Tower,0,4,4,1,9,0,4,74,0,78,0,8,78,1,87,80,0,80,167
02/15/2020,EWB,MA,ANE,EN,Federal Contract Tower,0,1,13,1,15,0,2,83,0,85,0,3,96,1,100,144,0,144,244
02/16/2020,EWB,MA,ANE,EN,Federal Contract Tower,0,1,28,0,29,0,8,40,0,48,0,9,68,0,77,32,0,32,109
02/17/2020,EWB,MA,ANE,EN,Federal Contract Tower,0,2,5,0,7,0,2,56,0,58,0,4,61,0,65,32,0,32,97
02/18/2020,EWB,MA,ANE,EN,Federal Contract Tower,0,1,4,0,5,0,1,12,0,13,0,2,16,0,18,34,0,34,52
02/19/2020,EWB,MA,ANE,EN,Federal Contract Tower,0,3,5,2,10,0,8,52,0,60,0,11,57,2,70,72,2,74,144
02/20/2020,EWB,MA,ANE,EN,Federal Contract Tower,0,2,19,0,21,0,3,88,0,91,0,5,107,0,112,172,0,172,284
02/21/2020,EWB,MA,ANE,EN,Federal Contract Tower,0,1,10,2,13,0,4,105,3,112,0,5,115,5,125,166,12,178,303
02/22/2020,EWB,MA,ANE,EN,Federal Contract Tower,0,0,16,0,16,0,3,75,0,78,0,3,91,0,94,138,0,138,232
02/23/2020,EWB,MA,ANE,EN,Federal Contract Tower,0,0,7,0,7,0,3,86,0,89,0,3,93,0,96,156,2,158,254
02/24/2020,EWB,MA,ANE,EN,Federal Contract Tower,0,2,8,0,10,0,4,59,0,63,0,6,67,0,73,58,0,58,131
02/25/2020,EWB,MA,ANE,EN,Federal Contract Tower,0,5,8,0,13,0,21,12,0,33,0,26,20,0,46,40,0,40,86
02/26/2020,EWB,MA,ANE,EN,Federal Contract Tower,0,14,7,2,23,0,14,10,0,24,0,28,17,2,47,12,12,24,71
02/27/2020,EWB,MA,ANE,EN,Federal Contract Tower,0,2,1,0,3,0,10,1,0,11,0,12,2,0,14,0,0,0,14
02/28/2020,EWB,MA,ANE,EN,Federal Contract Tower,0,0,5,0,5,0,5,17,0,22,0,5,22,0,27,36,0,36,63
02/29/2020,EWB,MA,ANE,EN,Federal Contract Tower,0,0,8,0,8,0,6,93,0,99,0,6,101,0,107,142,0,142,249
03/01/2020,EWB,MA,ANE,EN,Federal Contract Tower,0,0,17,0,17,0,1,79,0,80,0,1,96,0,97,144,0,144,241
03/02/2020,EWB,MA,ANE,EN,Federal Contract Tower,0,0,4,0,4,0,7,37,0,44,0,7,41,0,48,22,0,22,70
03/03/2020,EWB,MA,ANE,EN,Federal Contract Tower,0,5,7,0,12,0,5,77,1,83,0,10,84,1,95,116,0,116,211
03/04/2020,EWB,MA,ANE,EN,Federal Contract Tower,0,2,6,2,10,0,7,5,2,14,0,9,11,4,24,0,0,0,24
03/05/2020,EWB,MA,ANE,EN,Federal Contract Tower,0,2,17,0,19,0,4,90,0,94,0,6,107,0,113,174,2,176,289
03/06/2020,EWB,MA,ANE,EN,Federal Contract Tower,0,1,8,0,9,0,12,40,0,52,0,13,48,0,61,86,4,90,151
03/07/2020,EWB,MA,ANE,EN,Federal Contract Tower,0,0,0,0,0,0,0,0,0,0,0,0,0,0,0,2,12,14,14
03/08/2020,EWB,MA,ANE,EN,Federal Contract Tower,0,0,9,0,9,0,6,68,0,74,0,6,77,0,83,64,0,64,147
03/09/2020,EWB,MA,ANE,EN,Federal Contract Tower,0,1,17,0,18,0,5,62,0,67,0,6,79,0,85,98,0,98,183
03/10/2020,EWB,MA,ANE,EN,Federal Contract Tower,0,1,3,0,4,0,3,39,0,42,0,4,42,0,46,50,0,50,96
03/11/2020,EWB,MA,ANE,EN,Federal Contract Tower,0,5,8,0,13,0,5,113,0,118,0,10,121,0,131,148,2,150,281
03/12/2020,EWB,MA,ANE,EN,Federal Contract Tower,0,4,18,6,28,0,8,57,0,65,0,12,75,6,93,158,4,162,255
03/13/2020,EWB,MA,ANE,EN,Federal Contract Tower,0,6,0,0,6,0,0,0,0,0,0,6,0,0,6,0,0,0,6
03/14/2020,EWB,MA,ANE,EN,Federal Contract Tower,0,6,7,0,13,0,16,22,0,38,0,22,29,0,51,42,0,42,93
03/15/2020,EWB,MA,ANE,EN,Federal Contract Tower,0,1,6,0,7,0,1,54,0,55,0,2,60,0,62,66,0,66,128
03/16/2020,EWB,MA,ANE,EN,Federal Contract Tower,0,5,7,0,12,0,4,35,0,39,0,9,42,0,51,30,0,30,81
03/17/2020,EWB,MA,ANE,EN,Federal Contract Tower,0,17,3,0,20,0,16,0,0,16,0,33,3,0,36,2,0,2,38
03/18/2020,EWB,MA,ANE,EN,Federal Contract Tower,0,2,1,0,3,0,6,73,0,79,0,8,74,0,82,0,0,0,82
03/19/2020,EWB,MA,ANE,EN,Federal Contract Tower,0,7,4,0,11,0,0,0,0,0,0,7,4,0,11,0,0,0,11
03/20/2020,EWB,MA,ANE,EN,Federal Contract Tower,0,4,2,0,6,0,0,0,0,0,0,4,2,0,6,0,0,0,6
03/21/2020,EWB,MA,ANE,EN,Federal Contract Tower,0,5,4,0,9,0,6,43,0,49,0,11,47,0,58,38,0,38,96
03/22/2020,EWB,MA,ANE,EN,Federal Contract Tower,0,1,11,0,12,0,3,51,2,56,0,4,62,2,68,96,6,102,170
03/23/2020,EWB,MA,ANE,EN,Federal Contract Tower,0,11,8,0,19,0,2,10,0,12,0,13,18,0,31,10,0,10,41
03/24/2020,EWB,MA,ANE,EN,Federal Contract Tower,0,6,1,0,7,0,6,10,0,16,0,12,11,0,23,20,2,22,45
03/25/2020,EWB,MA,ANE,EN,Federal Contract Tower,0,5,10,0,15,0,10,5,0,15,0,15,15,0,30,28,0,28,58
03/26/2020,EWB,MA,ANE,EN,Federal Contract Tower,0,1,8,0,9,0,3,21,0,24,0,4,29,0,33,16,2,18,51
03/27/2020,EWB,MA,ANE,EN,Federal Contract Tower,0,1,1,4,6,0,4,32,0,36,0,5,33,4,42,14,0,14,56
03/28/2020,EWB,MA,ANE,EN,Federal Contract Tower,0,1,8,0,9,0,0,34,0,34,0,1,42,0,43,58,2,60,103
03/29/2020,EWB,MA,ANE,EN,Federal Contract Tower,0,1,3,0,4,0,0,0,0,0,0,1,3,0,4,0,0,0,4
03/30/2020,EWB,MA,ANE,EN,Federal Contract Tower,0,4,2,0,6,0,0,0,0,0,0,4,2,0,6,4,0,4,10
03/31/2020,EWB,MA,ANE,EN,Federal Contract Tower,0,2,5,0,7,0,6,6,0,12,0,8,11,0,19,28,0,28,47
04/02/2020,EWB,MA,ANE,EN,Federal Contract Tower,0,2,2,0,4,0,1,2,2,5,0,3,4,2,9,0,0,0,9
04/03/2020,EWB,MA,ANE,EN,Federal Contract Tower,0,1,2,0,3,0,1,0,0,1,0,2,2,0,4,2,0,2,6
04/04/2020,EWB,MA,ANE,EN,Federal Contract Tower,0,0,0,0,0,0,0,0,0,0,0,0,0,0,0,0,2,2,2
04/05/2020,EWB,MA,ANE,EN,Federal Contract Tower,0,2,12,0,14,0,0,25,2,27,0,2,37,2,41,40,4,44,85
04/06/2020,EWB,MA,ANE,EN,Federal Contract Tower,0,0,4,0,4,0,2,23,0,25,0,2,27,0,29,42,0,42,71
04/07/2020,EWB,MA,ANE,EN,Federal Contract Tower,0,2,9,0,11,0,7,30,4,41,0,9,39,4,52,24,0,24,76
04/08/2020,EWB,MA,ANE,EN,Federal Contract Tower,0,1,2,0,3,0,1,5,0,6,0,2,7,0,9,20,0,20,29
04/09/2020,EWB,MA,ANE,EN,Federal Contract Tower,0,2,4,0,6,0,2,0,0,2,0,4,4,0,8,0,0,0,8
04/10/2020,EWB,MA,ANE,EN,Federal Contract Tower,0,1,0,0,1,0,3,0,0,3,0,4,0,0,4,0,0,0,4
04/11/2020,EWB,MA,ANE,EN,Federal Contract Tower,0,0,1,0,1,0,0,5,0,5,0,0,6,0,6,10,0,10,16
04/12/2020,EWB,MA,ANE,EN,Federal Contract Tower,0,1,6,0,7,0,2,22,0,24,0,3,28,0,31,22,0,22,53
04/13/2020,EWB,MA,ANE,EN,Federal Contract Tower,0,0,0,0,0,0,0,0,0,0,0,0,0,0,0,0,0,0,0
04/14/2020,EWB,MA,ANE,EN,Federal Contract Tower,0,2,4,0,6,0,28,13,0,41,0,30,17,0,47,10,0,10,57
04/15/2020,EWB,MA,ANE,EN,Federal Contract Tower,0,1,0,0,1,0,3,10,0,13,0,4,10,0,14,0,0,0,14
04/16/2020,EWB,MA,ANE,EN,Federal Contract Tower,0,0,2,0,2,0,4,19,0,23,0,4,21,0,25,14,0,14,39
04/17/2020,EWB,MA,ANE,EN,Federal Contract Tower,0,0,1,0,1,0,3,10,0,13,0,3,11,0,14,0,0,0,14
04/18/2020,EWB,MA,ANE,EN,Federal Contract Tower,0,0,0,0,0,0,0,0,0,0,0,0,0,0,0,0,0,0,0
04/19/2020,EWB,MA,ANE,EN,Federal Contract Tower,0,0,6,0,6,0,0,40,0,40,0,0,46,0,46,11,0,11,57
04/20/2020,EWB,MA,ANE,EN,Federal Contract Tower,0,11,2,0,13,0,16,11,0,27,0,27,13,0,40,16,0,16,56
04/21/2020,EWB,MA,ANE,EN,Federal Contract Tower,0,4,0,0,4,0,8,4,0,12,0,12,4,0,16,6,0,6,22
04/22/2020,EWB,MA,ANE,EN,Federal Contract Tower,0,1,2,0,3,0,6,8,0,14,0,7,10,0,17,0,0,0,17
04/23/2020,EWB,MA,ANE,EN,Federal Contract Tower,0,2,5,0,7,0,14,23,0,37,0,16,28,0,44,22,0,22,66
04/24/2020,EWB,MA,ANE,EN,Federal Contract Tower,0,0,0,0,0,0,5,0,0,5,0,5,0,0,5,0,0,0,5
04/25/2020,EWB,MA,ANE,EN,Federal Contract Tower,0,0,14,0,14,0,2,75,0,77,0,2,89,0,91,74,0,74,165
04/26/2020,EWB,MA,ANE,EN,Federal Contract Tower,0,2,2,0,4,0,1,2,0,3,0,3,4,0,7,0,0,0,7
04/27/2020,EWB,MA,ANE,EN,Federal Contract Tower,0,2,0,0,2,0,0,0,0,0,0,2,0,0,2,0,0,0,2
04/28/2020,EWB,MA,ANE,EN,Federal Contract Tower,0,1,4,0,5,0,2,15,0,17,0,3,19,0,22,38,0,38,60
04/29/2020,EWB,MA,ANE,EN,Federal Contract Tower,0,1,4,0,5,0,2,40,0,42,0,3,44,0,47,52,0,52,99
04/30/2020,EWB,MA,ANE,EN,Federal Contract Tower,0,5,1,0,6,0,1,0,0,1,0,6,1,0,7,0,0,0,7
05/01/2020,EWB,MA,ANE,EN,Federal Contract Tower,0,3,3,0,6,0,4,9,0,13,0,7,12,0,19,14,0,14,33
05/02/2020,EWB,MA,ANE,EN,Federal Contract Tower,0,9,4,0,13,0,6,37,0,43,0,15,41,0,56,36,0,36,92
05/03/2020,EWB,MA,ANE,EN,Federal Contract Tower,0,0,4,0,4,0,2,23,0,25,0,2,27,0,29,8,2,10,39
05/04/2020,EWB,MA,ANE,EN,Federal Contract Tower,0,0,2,0,2,0,3,9,0,12,0,3,11,0,14,8,0,8,22
05/05/2020,EWB,MA,ANE,EN,Federal Contract Tower,0,0,1,0,1,0,2,15,0,17,0,2,16,0,18,12,0,12,30
05/06/2020,EWB,MA,ANE,EN,Federal Contract Tower,0,4,3,0,7,0,2,16,0,18,0,6,19,0,25,16,0,16,41
05/07/2020,EWB,MA,ANE,EN,Federal Contract Tower,0,2,7,0,9,0,5,30,2,37,0,7,37,2,46,44,12,56,102
05/08/2020,EWB,MA,ANE,EN,Federal Contract Tower,0,2,4,0,6,0,2,6,0,8,0,4,10,0,14,2,0,2,16
05/10/2020,EWB,MA,ANE,EN,Federal Contract Tower,0,1,0,0,1,0,0,10,0,10,0,1,10,0,11,0,0,0,11
05/11/2020,EWB,MA,ANE,EN,Federal Contract Tower,0,1,3,0,4,0,4,3,0,7,0,5,6,0,11,10,0,10,21
05/12/2020,EWB,MA,ANE,EN,Federal Contract Tower,0,1,4,0,5,0,11,18,0,29,0,12,22,0,34,12,4,16,50
05/13/2020,EWB,MA,ANE,EN,Federal Contract Tower,0,0,6,0,6,0,3,32,0,35,0,3,38,0,41,6,0,6,47
05/14/2020,EWB,MA,ANE,EN,Federal Contract Tower,0,4,8,0,12,0,4,57,0,61,0,8,65,0,73,50,0,50,123
05/15/2020,EWB,MA,ANE,EN,Federal Contract Tower,0,1,4,0,5,0,7,8,0,15,0,8,12,0,20,2,0,2,22
05/16/2020,EWB,MA,ANE,EN,Federal Contract Tower,0,6,1,0,7,0,3,42,0,45,0,9,43,0,52,82,0,82,134
05/17/2020,EWB,MA,ANE,EN,Federal Contract Tower,0,0,2,0,2,0,0,41,0,41,0,0,43,0,43,58,0,58,101
05/18/2020,EWB,MA,ANE,EN,Federal Contract Tower,0,5,3,0,8,0,9,25,0,34,0,14,28,0,42,46,0,46,88
05/19/2020,EWB,MA,ANE,EN,Federal Contract Tower,0,4,0,0,4,0,3,6,0,9,0,7,6,0,13,10,0,10,23
05/20/2020,EWB,MA,ANE,EN,Federal Contract Tower,0,5,6,0,11,0,22,39,0,61,0,27,45,0,72,68,4,72,144
05/21/2020,EWB,MA,ANE,EN,Federal Contract Tower,0,10,7,0,17,0,36,27,0,63,0,46,34,0,80,20,0,20,100
05/22/2020,EWB,MA,ANE,EN,Federal Contract Tower,0,5,1,0,6,0,4,42,0,46,0,9,43,0,52,22,0,22,74
05/23/2020,EWB,MA,ANE,EN,Federal Contract Tower,0,2,4,0,6,0,0,0,0,0,0,2,4,0,6,0,0,0,6
05/24/2020,EWB,MA,ANE,EN,Federal Contract Tower,0,0,14,0,14,0,0,35,0,35,0,0,49,0,49,38,0,38,87
05/25/2020,EWB,MA,ANE,EN,Federal Contract Tower,0,3,10,0,13,0,5,19,0,24,0,8,29,0,37,0,0,0,37
05/26/2020,EWB,MA,ANE,EN,Federal Contract Tower,0,8,4,0,12,0,4,19,0,23,0,12,23,0,35,16,0,16,51
05/27/2020,EWB,MA,ANE,EN,Federal Contract Tower,0,7,5,2,14,0,2,17,2,21,0,9,22,4,35,24,0,24,59
05/28/2020,EWB,MA,ANE,EN,Federal Contract Tower,0,4,3,0,7,0,2,2,0,4,0,6,5,0,11,16,0,16,27
05/29/2020,EWB,MA,ANE,EN,Federal Contract Tower,0,11,5,0,16,0,0,0,0,0,0,11,5,0,16,4,0,4,20
05/30/2020,EWB,MA,ANE,EN,Federal Contract Tower,0,2,2,0,4,0,2,36,0,38,0,4,38,0,42,54,0,54,96
05/31/2020,EWB,MA,ANE,EN,Federal Contract Tower,0,4,15,0,19,0,2,53,0,55,0,6,68,0,74,82,0,82,156
06/01/2020,EWB,MA,ANE,EN,Federal Contract Tower,0,1,8,2,11,0,2,29,0,31,0,3,37,2,42,16,0,16,58
06/02/2020,EWB,MA,ANE,EN,Federal Contract Tower,0,5,0,0,5,0,5,33,0,38,0,10,33,0,43,70,0,70,113
06/03/2020,EWB,MA,ANE,EN,Federal Contract Tower,0,6,1,0,7,0,7,23,3,33,0,13,24,3,40,28,0,28,68
06/04/2020,EWB,MA,ANE,EN,Federal Contract Tower,0,2,10,0,12,0,6,44,2,52,0,8,54,2,64,92,8,100,164
06/05/2020,EWB,MA,ANE,EN,Federal Contract Tower,0,3,6,0,9,0,0,7,2,9,0,3,13,2,18,6,0,6,24
06/06/2020,EWB,MA,ANE,EN,Federal Contract Tower,0,2,9,0,11,0,0,2,0,2,0,2,11,0,13,14,6,20,33
06/07/2020,EWB,MA,ANE,EN,Federal Contract Tower,0,2,12,0,14,0,8,51,0,59,0,10,63,0,73,0,0,0,73
06/08/2020,EWB,MA,ANE,EN,Federal Contract Tower,0,0,10,0,10,0,7,48,1,56,0,7,58,1,66,94,0,94,160
06/09/2020,EWB,MA,ANE,EN,Federal Contract Tower,0,7,6,2,15,0,9,43,2,54,0,16,49,4,69,64,2,66,135
06/10/2020,EWB,MA,ANE,EN,Federal Contract Tower,0,10,13,0,23,0,3,54,0,57,0,13,67,0,80,66,0,66,146
06/11/2020,EWB,MA,ANE,EN,Federal Contract Tower,0,4,7,0,11,0,2,0,0,2,0,6,7,0,13,0,0,0,13
06/12/2020,EWB,MA,ANE,EN,Federal Contract Tower,0,5,16,0,21,0,4,39,0,43,0,9,55,0,64,44,0,44,108
06/13/2020,EWB,MA,ANE,EN,Federal Contract Tower,0,2,7,0,9,0,1,66,0,67,0,3,73,0,76,164,0,164,240
06/14/2020,EWB,MA,ANE,EN,Federal Contract Tower,0,7,15,0,22,0,2,77,0,79,0,9,92,0,101,90,0,90,191
06/15/2020,EWB,MA,ANE,EN,Federal Contract Tower,0,4,11,0,15,0,2,15,0,17,0,6,26,0,32,16,0,16,48
06/16/2020,EWB,MA,ANE,EN,Federal Contract Tower,0,12,7,0,19,0,13,51,0,64,0,25,58,0,83,62,8,70,153
06/17/2020,EWB,MA,ANE,EN,Federal Contract Tower,0,1,7,0,8,0,10,55,0,65,0,11,62,0,73,80,12,92,165
06/18/2020,EWB,MA,ANE,EN,Federal Contract Tower,0,6,20,0,26,0,6,22,0,28,0,12,42,0,54,56,4,60,114
06/19/2020,EWB,MA,ANE,EN,Federal Contract Tower,0,5,8,0,13,0,2,41,0,43,0,7,49,0,56,51,0,51,107
06/20/2020,EWB,MA,ANE,EN,Federal Contract Tower,0,2,15,0,17,0,4,60,0,64,0,6,75,0,81,44,0,44,125
06/21/2020,EWB,MA,ANE,EN,Federal Contract Tower,0,2,16,0,18,0,2,38,0,40,0,4,54,0,58,86,0,86,144
06/22/2020,EWB,MA,ANE,EN,Federal Contract Tower,0,5,10,2,17,0,5,33,3,41,0,10,43,5,58,30,24,54,112
06/23/2020,EWB,MA,ANE,EN,Federal Contract Tower,0,4,17,0,21,0,1,21,0,22,0,5,38,0,43,24,0,24,67
06/24/2020,EWB,MA,ANE,EN,Federal Contract Tower,0,6,10,2,18,0,0,34,0,34,0,6,44,2,52,28,2,30,82
06/25/2020,EWB,MA,ANE,EN,Federal Contract Tower,0,2,15,0,17,0,4,38,0,42,0,6,53,0,59,28,4,32,91
06/26/2020,EWB,MA,ANE,EN,Federal Contract Tower,0,12,7,0,19,0,13,42,0,55,0,25,49,0,74,78,0,78,152
06/27/2020,EWB,MA,ANE,EN,Federal Contract Tower,0,7,14,0,21,0,5,48,2,55,0,12,62,2,76,70,4,74,150
06/28/2020,EWB,MA,ANE,EN,Federal Contract Tower,0,4,15,0,19,0,2,62,0,64,0,6,77,0,83,116,2,118,201
06/29/2020,EWB,MA,ANE,EN,Federal Contract Tower,0,4,14,2,20,0,0,1,0,1,0,4,15,2,21,0,0,0,21
06/30/2020,EWB,MA,ANE,EN,Federal Contract Tower,0,33,14,6,53,0,0,3,0,3,0,33,17,6,56,0,0,0,56
07/01/2020,EWB,MA,ANE,EN,Federal Contract Tower,0,11,13,0,24,0,8,18,0,26,0,19,31,0,50,30,0,30,80
07/02/2020,EWB,MA,ANE,EN,Federal Contract Tower,0,4,4,0,8,0,7,72,0,79,0,11,76,0,87,146,0,146,233
07/03/2020,EWB,MA,ANE,EN,Federal Contract Tower,0,12,9,0,21,0,3,6,0,9,0,15,15,0,30,14,0,14,44
07/04/2020,EWB,MA,ANE,EN,Federal Contract Tower,0,5,5,0,10,0,1,21,0,22,0,6,26,0,32,32,0,32,64
07/05/2020,EWB,MA,ANE,EN,Federal Contract Tower,0,9,13,0,22,0,0,27,0,27,0,9,40,0,49,54,0,54,103
07/06/2020,EWB,MA,ANE,EN,Federal Contract Tower,0,12,19,0,31,0,4,32,0,36,0,16,51,0,67,54,0,54,121
07/07/2020,EWB,MA,ANE,EN,Federal Contract Tower,0,4,13,0,17,0,3,60,0,63,0,7,73,0,80,144,0,144,224
07/08/2020,EWB,MA,ANE,EN,Federal Contract Tower,0,3,30,1,34,0,0,32,0,32,0,3,62,1,66,101,0,101,167
07/09/2020,EWB,MA,ANE,EN,Federal Contract Tower,0,21,29,0,50,0,0,43,4,47,0,21,72,4,97,58,0,58,155
07/10/2020,EWB,MA,ANE,EN,Federal Contract Tower,0,12,3,0,15,0,6,15,0,21,0,18,18,0,36,12,2,14,50
07/11/2020,EWB,MA,ANE,EN,Federal Contract Tower,0,11,8,0,19,0,5,20,0,25,0,16,28,0,44,46,0,46,90
07/12/2020,EWB,MA,ANE,EN,Federal Contract Tower,0,3,27,0,30,0,6,66,0,72,0,9,93,0,102,100,0,100,202
07/13/2020,EWB,MA,ANE,EN,Federal Contract Tower,0,10,3,0,13,0,3,20,0,23,0,13,23,0,36,64,0,64,100
07/14/2020,EWB,MA,ANE,EN,Federal Contract Tower,0,17,7,1,25,0,12,15,0,27,0,29,22,1,52,40,10,50,102
07/15/2020,EWB,MA,ANE,EN,Federal Contract Tower,0,8,30,0,38,0,7,86,0,93,0,15,116,0,131,166,12,178,309
07/16/2020,EWB,MA,ANE,EN,Federal Contract Tower,0,6,29,1,36,0,11,70,1,82,0,17,99,2,118,128,20,148,266
07/17/2020,EWB,MA,ANE,EN,Federal Contract Tower,0,9,8,0,17,0,2,0,0,2,0,11,8,0,19,0,0,0,19
07/18/2020,EWB,MA,ANE,EN,Federal Contract Tower,0,4,14,0,18,0,6,84,0,90,0,10,98,0,108,58,0,58,166
07/19/2020,EWB,MA,ANE,EN,Federal Contract Tower,0,7,14,0,21,0,0,51,0,51,0,7,65,0,72,32,0,32,104
07/20/2020,EWB,MA,ANE,EN,Federal Contract Tower,0,7,12,0,19,0,1,41,0,42,0,8,53,0,61,46,0,46,107
07/21/2020,EWB,MA,ANE,EN,Federal Contract Tower,0,4,21,0,25,0,7,97,0,104,0,11,118,0,129,138,0,138,267
07/22/2020,EWB,MA,ANE,EN,Federal Contract Tower,0,9,11,0,20,0,9,54,0,63,0,18,65,0,83,138,0,138,221
07/23/2020,EWB,MA,ANE,EN,Federal Contract Tower,0,3,9,0,12,0,2,57,0,59,0,5,66,0,71,80,0,80,151
07/24/2020,EWB,MA,ANE,EN,Federal Contract Tower,0,2,17,0,19,0,9,89,0,98,0,11,106,0,117,180,0,180,297
07/25/2020,EWB,MA,ANE,EN,Federal Contract Tower,0,7,9,0,16,0,5,66,0,71,0,12,75,0,87,68,0,68,155
07/26/2020,EWB,MA,ANE,EN,Federal Contract Tower,0,3,10,0,13,0,6,61,0,67,0,9,71,0,80,34,0,34,114
07/27/2020,EWB,MA,ANE,EN,Federal Contract Tower,0,3,9,0,12,0,5,34,0,39,0,8,43,0,51,36,0,36,87
07/28/2020,EWB,MA,ANE,EN,Federal Contract Tower,0,6,5,0,11,0,9,55,0,64,0,15,60,0,75,56,0,56,131
07/29/2020,EWB,MA,ANE,EN,Federal Contract Tower,0,1,31,0,32,0,11,84,0,95,0,12,115,0,127,120,2,122,249
07/30/2020,EWB,MA,ANE,EN,Federal Contract Tower,0,7,25,0,32,0,8,58,0,66,0,15,83,0,98,58,0,58,156
07/31/2020,EWB,MA,ANE,EN,Federal Contract Tower,0,7,17,0,24,0,6,62,0,68,0,13,79,0,92,130,0,130,222
08/01/2020,EWB,MA,ANE,EN,Federal Contract Tower,0,10,12,0,22,0,6,68,0,74,0,16,80,0,96,92,0,92,188
08/02/2020,EWB,MA,ANE,EN,Federal Contract Tower,0,1,19,0,20,0,2,53,0,55,0,3,72,0,75,94,0,94,169
08/03/2020,EWB,MA,ANE,EN,Federal Contract Tower,0,1,10,2,13,0,3,36,2,41,0,4,46,4,54,34,18,52,106
08/04/2020,EWB,MA,ANE,EN,Federal Contract Tower,0,9,9,0,18,0,0,4,0,4,0,9,13,0,22,12,0,12,34
08/05/2020,EWB,MA,ANE,EN,Federal Contract Tower,0,9,3,0,12,0,4,64,1,69,0,13,67,1,81,82,4,86,167
08/06/2020,EWB,MA,ANE,EN,Federal Contract Tower,0,6,5,2,13,0,4,91,2,97,0,10,96,4,110,70,16,86,196
08/07/2020,EWB,MA,ANE,EN,Federal Contract Tower,0,8,13,0,21,0,12,63,0,75,0,20,76,0,96,68,16,84,180
08/08/2020,EWB,MA,ANE,EN,Federal Contract Tower,0,15,17,2,34,0,0,36,0,36,0,15,53,2,70,8,0,8,78
08/09/2020,EWB,MA,ANE,EN,Federal Contract Tower,0,4,11,0,15,0,8,56,0,64,0,12,67,0,79,108,4,112,191
08/10/2020,EWB,MA,ANE,EN,Federal Contract Tower,0,9,12,0,21,0,0,54,0,54,0,9,66,0,75,70,12,82,157
08/11/2020,EWB,MA,ANE,EN,Federal Contract Tower,0,4,11,0,15,0,0,67,0,67,0,4,78,0,82,54,0,54,136
08/12/2020,EWB,MA,ANE,EN,Federal Contract Tower,0,2,13,0,15,0,4,55,0,59,0,6,68,0,74,102,0,102,176
08/13/2020,EWB,MA,ANE,EN,Federal Contract Tower,0,6,14,4,24,0,5,57,3,65,0,11,71,7,89,72,0,72,161
08/14/2020,EWB,MA,ANE,EN,Federal Contract Tower,0,3,15,0,18,0,8,106,0,114,0,11,121,0,132,182,0,182,314
08/16/2020,EWB,MA,ANE,EN,Federal Contract Tower,0,9,21,0,30,0,0,8,0,8,0,9,29,0,38,50,0,50,88
08/17/2020,EWB,MA,ANE,EN,Federal Contract Tower,0,10,16,0,26,0,2,47,2,51,0,12,63,2,77,26,18,44,121
08/18/2020,EWB,MA,ANE,EN,Federal Contract Tower,0,8,14,0,22,0,5,74,0,79,0,13,88,0,101,86,2,88,189
08/19/2020,EWB,MA,ANE,EN,Federal Contract Tower,0,1,3,0,4,0,8,82,0,90,0,9,85,0,94,224,2,226,320
08/20/2020,EWB,MA,ANE,EN,Federal Contract Tower,0,9,10,0,19,0,6,114,2,122,0,15,124,2,141,198,0,198,339
08/21/2020,EWB,MA,ANE,EN,Federal Contract Tower,0,1,14,0,15,0,16,106,0,122,0,17,120,0,137,154,0,154,291
08/22/2020,EWB,MA,ANE,EN,Federal Contract Tower,0,9,30,0,39,0,8,71,0,79,0,17,101,0,118,50,0,50,168
08/23/2020,EWB,MA,ANE,EN,Federal Contract Tower,0,5,10,0,15,0,6,45,0,51,0,11,55,0,66,86,0,86,152
08/24/2020,EWB,MA,ANE,EN,Federal Contract Tower,0,10,9,0,19,0,2,28,0,30,0,12,37,0,49,42,0,42,91
08/25/2020,EWB,MA,ANE,EN,Federal Contract Tower,0,3,3,0,6,0,2,55,0,57,0,5,58,0,63,82,0,82,145
08/26/2020,EWB,MA,ANE,EN,Federal Contract Tower,0,3,10,0,13,0,14,140,0,154,0,17,150,0,167,140,6,146,313
08/27/2020,EWB,MA,ANE,EN,Federal Contract Tower,0,7,9,0,16,0,6,52,0,58,0,13,61,0,74,120,0,120,194
08/28/2020,EWB,MA,ANE,EN,Federal Contract Tower,0,26,16,0,42,0,8,77,0,85,0,34,93,0,127,152,0,152,279
08/29/2020,EWB,MA,ANE,EN,Federal Contract Tower,0,16,7,0,23,0,0,0,0,0,0,16,7,0,23,0,0,0,23
08/30/2020,EWB,MA,ANE,EN,Federal Contract Tower,0,8,15,0,23,0,4,49,0,53,0,12,64,0,76,42,0,42,118
08/31/2020,EWB,MA,ANE,EN,Federal Contract Tower,0,8,21,0,29,0,7,104,0,111,0,15,125,0,140,78,0,78,218
09/01/2020,EWB,MA,ANE,EN,Federal Contract Tower,0,10,11,0,21,0,15,65,0,80,0,25,76,0,101,86,14,100,201
09/02/2020,EWB,MA,ANE,EN,Federal Contract Tower,0,28,16,0,44,0,0,0,0,0,0,28,16,0,44,8,0,8,52
09/03/2020,EWB,MA,ANE,EN,Federal Contract Tower,0,15,20,0,35,0,0,0,0,0,0,15,20,0,35,8,0,8,43
09/04/2020,EWB,MA,ANE,EN,Federal Contract Tower,0,10,12,0,22,0,9,98,0,107,0,19,110,0,129,162,0,162,291
09/05/2020,EWB,MA,ANE,EN,Federal Contract Tower,0,7,7,0,14,0,7,90,0,97,0,14,97,0,111,136,0,136,247
09/06/2020,EWB,MA,ANE,EN,Federal Contract Tower,0,4,14,0,18,0,13,65,0,78,0,17,79,0,96,74,0,74,170
09/07/2020,EWB,MA,ANE,EN,Federal Contract Tower,0,6,2,0,8,0,9,61,0,70,0,15,63,0,78,80,0,80,158
09/08/2020,EWB,MA,ANE,EN,Federal Contract Tower,0,13,10,0,23,0,8,65,0,73,0,21,75,0,96,126,0,126,222
09/09/2020,EWB,MA,ANE,EN,Federal Contract Tower,0,12,24,0,36,0,18,87,0,105,0,30,111,0,141,102,4,106,247
09/10/2020,EWB,MA,ANE,EN,Federal Contract Tower,0,15,20,2,37,0,0,0,0,0,0,15,20,2,37,2,2,4,41
09/11/2020,EWB,MA,ANE,EN,Federal Contract Tower,0,10,12,0,22,0,8,16,0,24,0,18,28,0,46,8,0,8,54
09/12/2020,EWB,MA,ANE,EN,Federal Contract Tower,0,14,14,0,28,0,8,78,0,86,0,22,92,0,114,100,0,100,214
09/13/2020,EWB,MA,ANE,EN,Federal Contract Tower,0,5,9,0,14,0,10,48,0,58,0,15,57,0,72,77,0,77,149
09/14/2020,EWB,MA,ANE,EN,Federal Contract Tower,0,8,12,3,23,0,3,66,0,69,0,11,78,3,92,76,0,76,168
09/15/2020,EWB,MA,ANE,EN,Federal Contract Tower,0,7,9,0,16,0,15,77,0,92,0,22,86,0,108,124,10,134,242
09/16/2020,EWB,MA,ANE,EN,Federal Contract Tower,0,6,14,0,20,0,14,76,2,92,0,20,90,2,112,164,8,172,284
09/17/2020,EWB,MA,ANE,EN,Federal Contract Tower,0,10,15,0,25,0,6,92,0,98,0,16,107,0,123,130,0,130,253
09/18/2020,EWB,MA,ANE,EN,Federal Contract Tower,0,14,10,0,24,0,10,29,2,41,0,24,39,2,65,72,0,72,137
09/19/2020,EWB,MA,ANE,EN,Federal Contract Tower,0,10,8,0,18,0,6,33,0,39,0,16,41,0,57,66,0,66,123
09/20/2020,EWB,MA,ANE,EN,Federal Contract Tower,0,16,20,0,36,0,9,53,0,62,0,25,73,0,98,90,0,90,188
09/21/2020,EWB,MA,ANE,EN,Federal Contract Tower,0,4,12,0,16,0,3,70,0,73,0,7,82,0,89,80,0,80,169
09/22/2020,EWB,MA,ANE,EN,Federal Contract Tower,0,5,0,0,5,0,9,30,0,39,0,14,30,0,44,34,0,34,78
09/23/2020,EWB,MA,ANE,EN,Federal Contract Tower,0,5,13,0,18,0,14,99,0,113,0,19,112,0,131,154,0,154,285
09/24/2020,EWB,MA,ANE,EN,Federal Contract Tower,0,9,23,0,32,0,10,73,2,85,0,19,96,2,117,154,0,154,271
09/25/2020,EWB,MA,ANE,EN,Federal Contract Tower,0,10,5,0,15,0,17,69,0,86,0,27,74,0,101,148,0,148,249
09/26/2020,EWB,MA,ANE,EN,Federal Contract Tower,0,5,15,0,20,0,1,48,2,51,0,6,63,2,71,40,0,40,111
09/27/2020,EWB,MA,ANE,EN,Federal Contract Tower,0,13,11,0,24,0,4,12,0,16,0,17,23,0,40,0,0,0,40
09/28/2020,EWB,MA,ANE,EN,Federal Contract Tower,0,15,17,0,32,0,0,0,0,0,0,15,17,0,32,18,0,18,50
09/29/2020,EWB,MA,ANE,EN,Federal Contract Tower,0,5,17,0,22,0,12,54,0,66,0,17,71,0,88,116,0,116,204
09/30/2020,EWB,MA,ANE,EN,Federal Contract Tower,0,11,6,0,17,0,7,11,0,18,0,18,17,0,35,6,2,8,43
10/01/2020,EWB,MA,ANE,EN,Federal Contract Tower,0,6,20,0,26,0,10,71,0,81,0,16,91,0,107,128,0,128,235
10/02/2020,EWB,MA,ANE,EN,Federal Contract Tower,0,7,16,0,23,0,15,67,0,82,0,22,83,0,105,166,0,166,271
10/03/2020,EWB,MA,ANE,EN,Federal Contract Tower,0,2,15,0,17,0,6,89,0,95,0,8,104,0,112,102,0,102,214
10/04/2020,EWB,MA,ANE,EN,Federal Contract Tower,0,4,9,0,13,0,4,111,0,115,0,8,120,0,128,114,0,114,242
10/05/2020,EWB,MA,ANE,EN,Federal Contract Tower,0,14,13,0,27,0,4,20,0,24,0,18,33,0,51,34,6,40,91
10/06/2020,EWB,MA,ANE,EN,Federal Contract Tower,0,8,17,0,25,0,9,111,0,120,0,17,128,0,145,160,0,160,305
10/07/2020,EWB,MA,ANE,EN,Federal Contract Tower,0,8,4,0,12,0,10,21,0,31,0,18,25,0,43,14,0,14,57
10/08/2020,EWB,MA,ANE,EN,Federal Contract Tower,0,9,19,0,28,0,16,40,0,56,0,25,59,0,84,50,0,50,134
10/09/2020,EWB,MA,ANE,EN,Federal Contract Tower,0,11,17,0,28,0,17,99,0,116,0,28,116,0,144,142,0,142,286
10/10/2020,EWB,MA,ANE,EN,Federal Contract Tower,0,2,6,0,8,0,6,9,0,15,0,8,15,0,23,8,0,8,31
10/11/2020,EWB,MA,ANE,EN,Federal Contract Tower,0,2,14,1,17,0,1,96,0,97,0,3,110,1,114,186,0,186,300
10/12/2020,EWB,MA,ANE,EN,Federal Contract Tower,0,13,7,0,20,0,3,1,0,4,0,16,8,0,24,2,0,2,26
10/13/2020,EWB,MA,ANE,EN,Federal Contract Tower,0,12,10,2,24,0,0,0,0,0,0,12,10,2,24,0,0,0,24
10/14/2020,EWB,MA,ANE,EN,Federal Contract Tower,0,5,17,0,22,0,6,132,2,140,0,11,149,2,162,182,10,192,354
10/15/2020,EWB,MA,ANE,EN,Federal Contract Tower,0,6,16,0,22,0,5,81,0,86,0,11,97,0,108,84,0,84,192
10/16/2020,EWB,MA,ANE,EN,Federal Contract Tower,0,5,17,0,22,0,5,15,0,20,0,10,32,0,42,8,0,8,50
10/17/2020,EWB,MA,ANE,EN,Federal Contract Tower,0,3,11,0,14,0,7,22,0,29,0,10,33,0,43,50,8,58,101
10/18/2020,EWB,MA,ANE,EN,Federal Contract Tower,0,3,9,0,12,0,3,113,0,116,0,6,122,0,128,166,0,166,294
10/19/2020,EWB,MA,ANE,EN,Federal Contract Tower,0,8,14,0,22,0,7,87,0,94,0,15,101,0,116,178,0,178,294
10/20/2020,EWB,MA,ANE,EN,Federal Contract Tower,0,11,13,0,24,0,1,2,4,7,0,12,15,4,31,4,4,8,39
10/21/2020,EWB,MA,ANE,EN,Federal Contract Tower,0,9,17,0,26,0,0,0,0,0,0,9,17,0,26,2,0,2,28
10/22/2020,EWB,MA,ANE,EN,Federal Contract Tower,0,8,16,0,24,0,5,63,0,68,0,13,79,0,92,114,0,114,206
10/24/2020,EWB,MA,ANE,EN,Federal Contract Tower,0,7,10,0,17,0,0,25,0,25,0,7,35,0,42,50,0,50,92
10/25/2020,EWB,MA,ANE,EN,Federal Contract Tower,0,3,8,0,11,0,1,84,0,85,0,4,92,0,96,110,0,110,206
10/26/2020,EWB,MA,ANE,EN,Federal Contract Tower,0,4,19,0,23,0,1,5,0,6,0,5,24,0,29,4,0,4,33
10/27/2020,EWB,MA,ANE,EN,Federal Contract Tower,0,14,12,0,26,0,8,63,0,71,0,22,75,0,97,128,6,134,231
10/28/2020,EWB,MA,ANE,EN,Federal Contract Tower,0,7,8,0,15,0,2,4,0,6,0,9,12,0,21,2,0,2,23
10/29/2020,EWB,MA,ANE,EN,Federal Contract Tower,0,8,11,0,19,0,0,14,0,14,0,8,25,0,33,42,0,42,75
10/30/2020,EWB,MA,ANE,EN,Federal Contract Tower,0,7,2,0,9,0,0,0,0,0,0,7,2,0,9,0,0,0,9
10/31/2020,EWB,MA,ANE,EN,Federal Contract Tower,0,8,20,0,28,0,2,82,0,84,0,10,102,0,112,116,0,116,228
11/01/2020,EWB,MA,ANE,EN,Federal Contract Tower,0,13,13,0,26,0,6,46,0,52,0,19,59,0,78,108,0,108,186
11/02/2020,EWB,MA,ANE,EN,Federal Contract Tower,0,7,4,0,11,0,3,6,0,9,0,10,10,0,20,10,0,10,30
11/03/2020,EWB,MA,ANE,EN,Federal Contract Tower,0,1,0,0,1,0,5,20,2,27,0,6,20,2,28,20,0,20,48
11/04/2020,EWB,MA,ANE,EN,Federal Contract Tower,0,3,13,0,16,0,8,111,0,119,0,11,124,0,135,90,0,90,225
11/05/2020,EWB,MA,ANE,EN,Federal Contract Tower,0,13,30,0,43,0,10,33,8,51,0,23,63,8,94,46,0,46,140
11/06/2020,EWB,MA,ANE,EN,Federal Contract Tower,0,10,14,1,25,0,14,108,0,122,0,24,122,1,147,174,20,194,341
11/07/2020,EWB,MA,ANE,EN,Federal Contract Tower,0,3,7,0,10,0,3,92,6,101,0,6,99,6,111,188,22,210,321
11/08/2020,EWB,MA,ANE,EN,Federal Contract Tower,0,5,5,0,10,0,1,111,0,112,0,6,116,0,122,162,0,162,284
11/09/2020,EWB,MA,ANE,EN,Federal Contract Tower,0,3,12,0,15,0,6,96,0,102,0,9,108,0,117,116,0,116,233
11/10/2020,EWB,MA,ANE,EN,Federal Contract Tower,0,7,11,0,18,0,4,54,0,58,0,11,65,0,76,116,0,116,192
11/11/2020,EWB,MA,ANE,EN,Federal Contract Tower,0,3,2,0,5,0,1,1,0,2,0,4,3,0,7,0,0,0,7
11/12/2020,EWB,MA,ANE,EN,Federal Contract Tower,0,2,13,0,15,0,0,5,0,5,0,2,18,0,20,8,0,8,28
11/13/2020,EWB,MA,ANE,EN,Federal Contract Tower,0,4,9,0,13,0,0,0,0,0,0,4,9,0,13,0,0,0,13
11/14/2020,EWB,MA,ANE,EN,Federal Contract Tower,0,2,17,0,19,0,7,127,1,135,0,9,144,1,154,172,0,172,326
11/15/2020,EWB,MA,ANE,EN,Federal Contract Tower,0,1,9,0,10,0,2,77,0,79,0,3,86,0,89,106,4,110,199
11/16/2020,EWB,MA,ANE,EN,Federal Contract Tower,0,6,7,0,13,0,13,40,0,53,0,19,47,0,66,26,8,34,100
11/17/2020,EWB,MA,ANE,EN,Federal Contract Tower,0,2,7,0,9,0,4,78,2,84,0,6,85,2,93,90,2,92,185
11/18/2020,EWB,MA,ANE,EN,Federal Contract Tower,0,4,9,2,15,0,4,51,0,55,0,8,60,2,70,34,4,38,108
11/19/2020,EWB,MA,ANE,EN,Federal Contract Tower,0,4,8,0,12,0,8,59,0,67,0,12,67,0,79,92,14,106,185
11/20/2020,EWB,MA,ANE,EN,Federal Contract Tower,0,5,6,0,11,0,2,35,1,38,0,7,41,1,49,16,8,24,73
11/21/2020,EWB,MA,ANE,EN,Federal Contract Tower,0,8,9,0,17,0,8,141,0,149,0,16,150,0,166,224,0,224,390
11/22/2020,EWB,MA,ANE,EN,Federal Contract Tower,0,8,6,0,14,0,0,69,0,69,0,8,75,0,83,96,2,98,181
11/23/2020,EWB,MA,ANE,EN,Federal Contract Tower,0,6,2,0,8,0,7,3,0,10,0,13,5,0,18,0,0,0,18
11/24/2020,EWB,MA,ANE,EN,Federal Contract Tower,0,6,6,0,12,0,16,89,2,107,0,22,95,2,119,116,0,116,235
11/25/2020,EWB,MA,ANE,EN,Federal Contract Tower,0,3,6,0,9,0,8,60,0,68,0,11,66,0,77,118,0,118,195
11/26/2020,EWB,MA,ANE,EN,Federal Contract Tower,0,1,0,0,1,0,2,0,0,2,0,3,0,0,3,0,0,0,3
11/27/2020,EWB,MA,ANE,EN,Federal Contract Tower,0,3,6,0,9,0,14,82,4,100,0,17,88,4,109,150,0,150,259
11/28/2020,EWB,MA,ANE,EN,Federal Contract Tower,0,8,13,0,21,0,6,80,0,86,0,14,93,0,107,122,6,128,235
11/29/2020,EWB,MA,ANE,EN,Federal Contract Tower,0,7,7,0,14,0,2,105,0,107,0,9,112,0,121,84,0,84,205
12/02/2020,EWB,MA,ANE,EN,Federal Contract Tower,0,1,9,0,10,0,3,73,0,76,0,4,82,0,86,60,14,74,160
12/03/2020,EWB,MA,ANE,EN,Federal Contract Tower,0,2,9,0,11,0,2,94,0,96,0,4,103,0,107,100,0,100,207
12/04/2020,EWB,MA,ANE,EN,Federal Contract Tower,0,6,10,0,16,0,3,51,0,54,0,9,61,0,70,64,0,64,134
12/05/2020,EWB,MA,ANE,EN,Federal Contract Tower,0,3,3,0,6,0,0,0,0,0,0,3,3,0,6,0,0,0,6
12/06/2020,EWB,MA,ANE,EN,Federal Contract Tower,0,3,8,0,11,0,3,18,0,21,0,6,26,0,32,24,0,24,56
12/07/2020,EWB,MA,ANE,EN,Federal Contract Tower,0,2,24,2,28,0,2,64,0,66,0,4,88,2,94,104,0,104,198
12/08/2020,EWB,MA,ANE,EN,Federal Contract Tower,0,2,3,0,5,0,3,26,0,29,0,5,29,0,34,50,0,50,84
12/09/2020,EWB,MA,ANE,EN,Federal Contract Tower,0,4,12,4,20,0,7,65,0,72,0,11,77,4,92,180,6,186,278
12/10/2020,EWB,MA,ANE,EN,Federal Contract Tower,0,2,5,2,9,0,1,52,0,53,0,3,57,2,62,108,2,110,172
12/11/2020,EWB,MA,ANE,EN,Federal Contract Tower,0,3,16,1,20,0,7,89,0,96,0,10,105,1,116,118,0,118,234
12/12/2020,EWB,MA,ANE,EN,Federal Contract Tower,0,2,3,0,5,0,0,0,0,0,0,2,3,0,5,0,0,0,5
12/13/2020,EWB,MA,ANE,EN,Federal Contract Tower,0,4,16,0,20,0,4,106,0,110,0,8,122,0,130,70,0,70,200
12/14/2020,EWB,MA,ANE,EN,Federal Contract Tower,0,1,9,0,10,0,1,15,0,16,0,2,24,0,26,38,0,38,64
12/15/2020,EWB,MA,ANE,EN,Federal Contract Tower,0,6,8,0,14,0,8,66,0,74,0,14,74,0,88,106,8,114,202
12/16/2020,EWB,MA,ANE,EN,Federal Contract Tower,0,8,10,1,19,0,4,71,2,77,0,12,81,3,96,140,8,148,244
12/17/2020,EWB,MA,ANE,EN,Federal Contract Tower,0,1,1,0,2,0,0,0,0,0,0,1,1,0,2,0,0,0,2
12/18/2020,EWB,MA,ANE,EN,Federal Contract Tower,0,2,2,0,4,0,2,5,0,7,0,4,7,0,11,0,0,0,11
12/19/2020,EWB,MA,ANE,EN,Federal Contract Tower,0,4,4,0,8,0,2,29,0,31,0,6,33,0,39,64,0,64,103
12/20/2020,EWB,MA,ANE,EN,Federal Contract Tower,0,2,2,0,4,0,0,7,0,7,0,2,9,0,11,10,0,10,21
12/21/2020,EWB,MA,ANE,EN,Federal Contract Tower,0,3,0,0,3,0,0,1,0,1,0,3,1,0,4,0,0,0,4
12/22/2020,EWB,MA,ANE,EN,Federal Contract Tower,0,4,11,0,15,0,4,82,0,86,0,8,93,0,101,206,2,208,309
12/23/2020,EWB,MA,ANE,EN,Federal Contract Tower,0,4,20,0,24,0,8,108,0,116,0,12,128,0,140,230,0,230,370
12/24/2020,EWB,MA,ANE,EN,Federal Contract Tower,0,0,0,0,0,0,2,12,0,14,0,2,12,0,14,2,0,2,16
12/25/2020,EWB,MA,ANE,EN,Federal Contract Tower,0,1,0,0,1,0,0,0,0,0,0,1,0,0,1,0,0,0,1
12/26/2020,EWB,MA,ANE,EN,Federal Contract Tower,0,0,5,0,5,0,2,65,0,67,0,2,70,0,72,70,0,70,142
12/27/2020,EWB,MA,ANE,EN,Federal Contract Tower,0,4,16,0,20,0,9,91,0,100,0,13,107,0,120,114,0,114,234
12/28/2020,EWB,MA,ANE,EN,Federal Contract Tower,0,5,14,0,19,0,4,63,0,67,0,9,77,0,86,130,2,132,218
12/29/2020,EWB,MA,ANE,EN,Federal Contract Tower,0,5,6,0,11,0,4,22,0,26,0,9,28,0,37,36,0,36,73
12/30/2020,EWB,MA,ANE,EN,Federal Contract Tower,0,4,12,2,18,0,5,107,2,114,0,9,119,4,132,148,2,150,282
12/31/2020,EWB,MA,ANE,EN,Federal Contract Tower,0,2,6,0,8,0,1,22,0,23,0,3,28,0,31,42,0,42,73
01/01/2021,EWB,MA,ANE,EN,Federal Contract Tower,0,3,5,0,8,0,4,29,0,33,0,7,34,0,41,38,0,38,79
01/02/2021,EWB,MA,ANE,EN,Federal Contract Tower,0,0,4,0,4,0,0,9,0,9,0,0,13,0,13,6,0,6,19
01/03/2021,EWB,MA,ANE,EN,Federal Contract Tower,0,0,8,0,8,0,0,5,0,5,0,0,13,0,13,16,0,16,29
01/04/2021,EWB,MA,ANE,EN,Federal Contract Tower,0,7,10,0,17,0,0,0,0,0,0,7,10,0,17,0,0,0,17
01/05/2021,EWB,MA,ANE,EN,Federal Contract Tower,0,3,3,0,6,0,0,0,0,0,0,3,3,0,6,2,0,2,8
01/06/2021,EWB,MA,ANE,EN,Federal Contract Tower,0,11,18,0,29,0,3,102,0,105,0,14,120,0,134,136,0,136,270
01/07/2021,EWB,MA,ANE,EN,Federal Contract Tower,0,3,19,0,22,0,4,87,0,91,0,7,106,0,113,124,0,124,237
01/08/2021,EWB,MA,ANE,EN,Federal Contract Tower,0,2,13,0,15,0,4,106,2,112,0,6,119,2,127,208,0,208,335
01/09/2021,EWB,MA,ANE,EN,Federal Contract Tower,0,0,6,0,6,0,0,52,0,52,0,0,58,0,58,58,0,58,116
01/10/2021,EWB,MA,ANE,EN,Federal Contract Tower,0,0,11,0,11,0,0,91,0,91,0,0,102,0,102,96,0,96,198
01/11/2021,EWB,MA,ANE,EN,Federal Contract Tower,0,3,17,0,20,0,2,58,0,60,0,5,75,0,80,112,0,112,192
01/12/2021,EWB,MA,ANE,EN,Federal Contract Tower,0,2,5,0,7,0,2,92,1,95,0,4,97,1,102,130,6,136,238
01/13/2021,EWB,MA,ANE,EN,Federal Contract Tower,0,0,12,0,12,0,2,82,2,86,0,2,94,2,98,130,0,130,228
01/14/2021,EWB,MA,ANE,EN,Federal Contract Tower,0,0,9,0,9,0,3,62,0,65,0,3,71,0,74,110,6,116,190
01/15/2021,EWB,MA,ANE,EN,Federal Contract Tower,0,3,5,0,8,0,3,33,0,36,0,6,38,0,44,26,0,26,70
01/16/2021,EWB,MA,ANE,EN,Federal Contract Tower,0,0,4,0,4,0,0,2,2,4,0,0,6,2,8,0,0,0,8
01/17/2021,EWB,MA,ANE,EN,Federal Contract Tower,0,2,6,0,8,0,2,4,0,6,0,4,10,0,14,0,0,0,14
01/18/2021,EWB,MA,ANE,EN,Federal Contract Tower,0,10,0,0,10,0,0,0,0,0,0,10,0,0,10,14,0,14,24
01/19/2021,EWB,MA,ANE,EN,Federal Contract Tower,0,13,11,0,24,0,6,66,2,74,0,19,77,2,98,88,6,94,192
01/20/2021,EWB,MA,ANE,EN,Federal Contract Tower,0,2,8,0,10,0,2,11,2,15,0,4,19,2,25,16,2,18,43
01/21/2021,EWB,MA,ANE,EN,Federal Contract Tower,0,0,2,0,2,0,2,26,0,28,0,2,28,0,30,46,0,46,76
01/22/2021,EWB,MA,ANE,EN,Federal Contract Tower,0,10,4,0,14,0,10,88,0,98,0,20,92,0,112,120,14,134,246
01/23/2021,EWB,MA,ANE,EN,Federal Contract Tower,0,2,9,0,11,0,0,24,0,24,0,2,33,0,35,78,0,78,113
01/24/2021,EWB,MA,ANE,EN,Federal Contract Tower,0,0,2,0,2,0,0,12,0,12,0,0,14,0,14,4,0,4,18
01/25/2021,EWB,MA,ANE,EN,Federal Contract Tower,0,3,13,1,17,0,4,69,0,73,0,7,82,1,90,146,2,148,238
01/26/2021,EWB,MA,ANE,EN,Federal Contract Tower,0,1,10,3,14,0,2,27,0,29,0,3,37,3,43,54,4,58,101
01/27/2021,EWB,MA,ANE,EN,Federal Contract Tower,0,4,0,0,4,0,0,0,0,0,0,4,0,0,4,0,0,0,4
01/28/2021,EWB,MA,ANE,EN,Federal Contract Tower,0,3,0,0,3,0,0,0,0,0,0,3,0,0,3,0,0,0,3
01/29/2021,EWB,MA,ANE,EN,Federal Contract Tower,0,2,1,0,3,0,13,5,0,18,0,15,6,0,21,24,0,24,45
01/30/2021,EWB,MA,ANE,EN,Federal Contract Tower,0,0,9,0,9,0,0,79,0,79,0,0,88,0,88,180,0,180,268
01/31/2021,EWB,MA,ANE,EN,Federal Contract Tower,0,2,11,0,13,0,0,118,0,118,0,2,129,0,131,158,0,158,289
02/01/2021,EWB,MA,ANE,EN,Federal Contract Tower,0,1,1,0,2,0,1,0,0,1,0,2,1,0,3,0,0,0,3
02/02/2021,EWB,MA,ANE,EN,Federal Contract Tower,0,6,0,0,6,0,0,0,0,0,0,6,0,0,6,0,0,0,6
02/03/2021,EWB,MA,ANE,EN,Federal Contract Tower,0,1,4,0,5,0,0,0,0,0,0,1,4,0,5,46,0,46,51
02/04/2021,EWB,MA,ANE,EN,Federal Contract Tower,0,6,18,0,24,0,1,119,0,120,0,7,137,0,144,194,0,194,338
02/05/2021,EWB,MA,ANE,EN,Federal Contract Tower,0,6,4,0,10,0,3,25,0,28,0,9,29,0,38,34,0,34,72
02/06/2021,EWB,MA,ANE,EN,Federal Contract Tower,0,0,9,0,9,0,0,54,0,54,0,0,63,0,63,34,10,44,107
02/07/2021,EWB,MA,ANE,EN,Federal Contract Tower,0,1,0,0,1,0,0,1,0,1,0,1,1,0,2,0,0,0,2
02/08/2021,EWB,MA,ANE,EN,Federal Contract Tower,0,2,14,0,16,0,3,29,0,32,0,5,43,0,48,28,0,28,76
02/09/2021,EWB,MA,ANE,EN,Federal Contract Tower,0,2,1,0,3,0,1,2,0,3,0,3,3,0,6,0,0,0,6
02/10/2021,EWB,MA,ANE,EN,Federal Contract Tower,0,3,21,0,24,0,3,81,0,84,0,6,102,0,108,84,2,86,194
02/11/2021,EWB,MA,ANE,EN,Federal Contract Tower,0,2,16,0,18,0,5,70,1,76,0,7,86,1,94,132,2,134,228
02/12/2021,EWB,MA,ANE,EN,Federal Contract Tower,0,0,8,0,8,0,3,103,0,106,0,3,111,0,114,136,0,136,250
02/13/2021,EWB,MA,ANE,EN,Federal Contract Tower,0,0,19,0,19,0,0,87,8,95,0,0,106,8,114,154,0,154,268
02/14/2021,EWB,MA,ANE,EN,Federal Contract Tower,0,0,1,0,1,0,4,6,0,10,0,4,7,0,11,0,0,0,11
02/15/2021,EWB,MA,ANE,EN,Federal Contract Tower,0,1,0,0,1,0,1,0,0,1,0,2,0,0,2,0,0,0,2
02/16/2021,EWB,MA,ANE,EN,Federal Contract Tower,0,2,1,0,3,0,2,0,0,2,0,4,1,0,5,0,0,0,5
02/17/2021,EWB,MA,ANE,EN,Federal Contract Tower,0,0,24,0,24,0,1,105,0,106,0,1,129,0,130,156,0,156,286
02/18/2021,EWB,MA,ANE,EN,Federal Contract Tower,0,0,6,0,6,0,1,20,0,21,0,1,26,0,27,42,0,42,69
02/19/2021,EWB,MA,ANE,EN,Federal Contract Tower,0,0,0,0,0,0,0,0,0,0,0,0,0,0,0,0,0,0,0
02/20/2021,EWB,MA,ANE,EN,Federal Contract Tower,0,2,6,0,8,0,0,21,0,21,0,2,27,0,29,72,0,72,101
02/21/2021,EWB,MA,ANE,EN,Federal Contract Tower,0,1,30,0,31,0,0,132,0,132,0,1,162,0,163,132,0,132,295
02/22/2021,EWB,MA,ANE,EN,Federal Contract Tower,0,1,0,0,1,0,3,13,0,16,0,4,13,0,17,38,0,38,55
02/23/2021,EWB,MA,ANE,EN,Federal Contract Tower,0,0,8,0,8,0,2,54,0,56,0,2,62,0,64,126,0,126,190
02/24/2021,EWB,MA,ANE,EN,Federal Contract Tower,0,3,14,0,17,0,11,69,0,80,0,14,83,0,97,58,6,64,161
02/25/2021,EWB,MA,ANE,EN,Federal Contract Tower,0,1,6,2,9,0,3,14,2,19,0,4,20,4,28,14,18,32,60
02/26/2021,EWB,MA,ANE,EN,Federal Contract Tower,0,2,27,2,31,0,8,116,2,126,0,10,143,4,157,216,8,224,381
02/27/2021,EWB,MA,ANE,EN,Federal Contract Tower,0,4,6,0,10,0,0,0,0,0,0,4,6,0,10,0,0,0,10
02/28/2021,EWB,MA,ANE,EN,Federal Contract Tower,0,0,16,0,16,0,1,68,0,69,0,1,84,0,85,156,0,156,241
03/01/2021,EWB,MA,ANE,EN,Federal Contract Tower,0,7,2,0,9,0,1,2,0,3,0,8,4,0,12,12,0,12,24
03/02/2021,EWB,MA,ANE,EN,Federal Contract Tower,0,1,1,0,2,0,2,0,0,2,0,3,1,0,4,0,0,0,4
03/03/2021,EWB,MA,ANE,EN,Federal Contract Tower,0,1,23,0,24,0,19,117,0,136,0,20,140,0,160,168,0,168,328
03/04/2021,EWB,MA,ANE,EN,Federal Contract Tower,0,9,6,0,15,0,6,51,0,57,0,15,57,0,72,114,2,116,188
03/05/2021,EWB,MA,ANE,EN,Federal Contract Tower,0,1,15,0,16,0,2,55,0,57,0,3,70,0,73,132,0,132,205
03/06/2021,EWB,MA,ANE,EN,Federal Contract Tower,0,1,13,0,14,0,2,61,0,63,0,3,74,0,77,92,0,92,169
03/07/2021,EWB,MA,ANE,EN,Federal Contract Tower,0,7,14,0,21,0,0,67,0,67,0,7,81,0,88,115,4,119,207
03/08/2021,EWB,MA,ANE,EN,Federal Contract Tower,0,4,12,0,16,0,4,65,0,69,0,8,77,0,85,90,0,90,175
03/09/2021,EWB,MA,ANE,EN,Federal Contract Tower,0,1,11,0,12,0,2,71,5,78,0,3,82,5,90,114,0,114,204
03/10/2021,EWB,MA,ANE,EN,Federal Contract Tower,0,0,21,2,23,0,2,58,4,64,0,2,79,6,87,98,22,120,207
03/11/2021,EWB,MA,ANE,EN,Federal Contract Tower,0,1,0,0,1,0,2,30,0,32,0,3,30,0,33,42,0,42,75
03/12/2021,EWB,MA,ANE,EN,Federal Contract Tower,0,6,8,0,14,0,18,22,0,40,0,24,30,0,54,10,0,10,64
03/13/2021,EWB,MA,ANE,EN,Federal Contract Tower,0,0,13,0,13,0,2,32,0,34,0,2,45,0,47,40,0,40,87
03/14/2021,EWB,MA,ANE,EN,Federal Contract Tower,0,0,6,0,6,0,18,0,0,18,0,18,6,0,24,36,0,36,60
03/15/2021,EWB,MA,ANE,EN,Federal Contract Tower,0,0,10,0,10,0,2,2,0,4,0,2,12,0,14,0,0,0,14
03/16/2021,EWB,MA,ANE,EN,Federal Contract Tower,0,10,11,0,21,0,5,95,0,100,0,15,106,0,121,180,6,186,307
03/17/2021,EWB,MA,ANE,EN,Federal Contract Tower,0,0,14,0,14,0,2,67,0,69,0,2,81,0,83,202,0,202,285
03/18/2021,EWB,MA,ANE,EN,Federal Contract Tower,0,5,16,0,21,0,0,0,0,0,0,5,16,0,21,2,0,2,23
03/19/2021,EWB,MA,ANE,EN,Federal Contract Tower,0,10,7,0,17,0,5,6,0,11,0,15,13,0,28,26,0,26,54
03/20/2021,EWB,MA,ANE,EN,Federal Contract Tower,0,5,24,0,29,0,3,111,2,116,0,8,135,2,145,152,0,152,297
03/21/2021,EWB,MA,ANE,EN,Federal Contract Tower,0,0,30,0,30,0,0,109,0,109,0,0,139,0,139,168,20,188,327
03/22/2021,EWB,MA,ANE,EN,Federal Contract Tower,0,5,12,0,17,0,2,95,0,97,0,7,107,0,114,162,0,162,276
03/23/2021,EWB,MA,ANE,EN,Federal Contract Tower,0,5,18,0,23,0,4,86,0,90,0,9,104,0,113,140,0,140,253
03/24/2021,EWB,MA,ANE,EN,Federal Contract Tower,0,3,10,0,13,0,3,87,0,90,0,6,97,0,103,168,22,190,293
03/25/2021,EWB,MA,ANE,EN,Federal Contract Tower,0,3,9,0,12,0,0,2,0,2,0,3,11,0,14,8,0,8,22
03/26/2021,EWB,MA,ANE,EN,Federal Contract Tower,0,2,2,0,4,0,0,0,0,0,0,2,2,0,4,0,0,0,4
03/27/2021,EWB,MA,ANE,EN,Federal Contract Tower,0,2,11,0,13,0,1,110,0,111,0,3,121,0,124,156,0,156,280
03/28/2021,EWB,MA,ANE,EN,Federal Contract Tower,0,3,1,0,4,0,0,1,0,1,0,3,2,0,5,0,0,0,5
03/29/2021,EWB,MA,ANE,EN,Federal Contract Tower,0,0,4,0,4,0,1,5,0,6,0,1,9,0,10,6,2,8,18
03/30/2021,EWB,MA,ANE,EN,Federal Contract Tower,0,2,27,1,30,0,3,102,2,107,0,5,129,3,137,218,6,224,361
03/31/2021,EWB,MA,ANE,EN,Federal Contract Tower,0,1,4,0,5,0,6,55,1,62,0,7,59,1,67,70,2,72,139
04/01/2021,EWB,MA,ANE,EN,Federal Contract Tower,0,7,3,2,12,0,1,3,0,4,0,8,6,2,16,32,0,32,48
04/02/2021,EWB,MA,ANE,EN,Federal Contract Tower,0,0,18,2,20,0,4,91,0,95,0,4,109,2,115,172,4,176,291
04/03/2021,EWB,MA,ANE,EN,Federal Contract Tower,0,2,9,0,11,0,1,66,0,67,0,3,75,0,78,88,0,88,166
04/04/2021,EWB,MA,ANE,EN,Federal Contract Tower,0,3,3,0,6,0,0,19,0,19,0,3,22,0,25,38,0,38,63
04/05/2021,EWB,MA,ANE,EN,Federal Contract Tower,0,2,8,0,10,0,6,30,0,36,0,8,38,0,46,26,0,26,72
04/06/2021,EWB,MA,ANE,EN,Federal Contract Tower,0,15,20,2,37,0,10,108,0,118,0,25,128,2,155,180,2,182,337
04/07/2021,EWB,MA,ANE,EN,Federal Contract Tower,0,2,26,2,30,0,3,66,0,69,0,5,92,2,99,158,2,160,259
04/08/2021,EWB,MA,ANE,EN,Federal Contract Tower,0,1,29,0,30,0,2,59,2,63,0,3,88,2,93,92,0,92,185
04/09/2021,EWB,MA,ANE,EN,Federal Contract Tower,0,3,30,0,33,0,9,95,0,104,0,12,125,0,137,136,12,148,285
04/10/2021,EWB,MA,ANE,EN,Federal Contract Tower,0,4,29,0,33,0,14,73,0,87,0,18,102,0,120,126,8,134,254
04/11/2021,EWB,MA,ANE,EN,Federal Contract Tower,0,9,7,0,16,0,0,0,0,0,0,9,7,0,16,0,0,0,16
04/12/2021,EWB,MA,ANE,EN,Federal Contract Tower,0,1,11,0,12,0,0,6,0,6,0,1,17,0,18,26,0,26,44
04/13/2021,EWB,MA,ANE,EN,Federal Contract Tower,0,2,15,4,21,0,2,56,0,58,0,4,71,4,79,36,4,40,119
04/14/2021,EWB,MA,ANE,EN,Federal Contract Tower,0,2,15,0,17,0,7,113,1,121,0,9,128,1,138,202,4,206,344
04/15/2021,EWB,MA,ANE,EN,Federal Contract Tower,0,0,14,0,14,0,3,35,0,38,0,3,49,0,52,64,0,64,116
04/16/2021,EWB,MA,ANE,EN,Federal Contract Tower,0,6,1,0,7,0,0,0,0,0,0,6,1,0,7,0,0,0,7
04/17/2021,EWB,MA,ANE,EN,Federal Contract Tower,0,2,5,0,7,0,0,6,0,6,0,2,11,0,13,16,0,16,29
04/18/2021,EWB,MA,ANE,EN,Federal Contract Tower,0,0,22,0,22,0,0,68,0,68,0,0,90,0,90,156,0,156,246
04/19/2021,EWB,MA,ANE,EN,Federal Contract Tower,0,0,12,0,12,0,2,42,0,44,0,2,54,0,56,52,0,52,108
04/20/2021,EWB,MA,ANE,EN,Federal Contract Tower,0,3,15,0,18,0,3,71,2,76,0,6,86,2,94,104,0,104,198
04/21/2021,EWB,MA,ANE,EN,Federal Contract Tower,0,7,2,0,9,0,6,22,0,28,0,13,24,0,37,46,30,76,113
04/22/2021,EWB,MA,ANE,EN,Federal Contract Tower,0,0,0,0,0,0,3,4,2,9,0,3,4,2,9,2,10,12,21
04/23/2021,EWB,MA,ANE,EN,Federal Contract Tower,0,0,7,0,7,0,0,23,0,23,0,0,30,0,30,8,0,8,38
04/24/2021,EWB,MA,ANE,EN,Federal Contract Tower,0,0,19,0,19,0,4,105,0,109,0,4,124,0,128,112,0,112,240
04/26/2021,EWB,MA,ANE,EN,Federal Contract Tower,0,4,4,0,8,0,3,23,2,28,0,7,27,2,36,40,0,40,76
04/27/2021,EWB,MA,ANE,EN,Federal Contract Tower,0,4,13,0,17,0,8,107,3,118,0,12,120,3,135,158,12,170,305
04/28/2021,EWB,MA,ANE,EN,Federal Contract Tower,0,0,14,0,14,0,2,92,0,94,0,2,106,0,108,160,16,176,284
04/29/2021,EWB,MA,ANE,EN,Federal Contract Tower,0,19,27,0,46,0,0,0,0,0,0,19,27,0,46,0,0,0,46
04/30/2021,EWB,MA,ANE,EN,Federal Contract Tower,0,1,5,0,6,0,7,9,4,20,0,8,14,4,26,2,12,14,40
05/01/2021,EWB,MA,ANE,EN,Federal Contract Tower,0,6,10,0,16,0,2,46,0,48,0,8,56,0,64,32,4,36,100
05/02/2021,EWB,MA,ANE,EN,Federal Contract Tower,0,6,7,0,13,0,6,77,0,83,0,12,84,0,96,126,0,126,222
05/03/2021,EWB,MA,ANE,EN,Federal Contract Tower,0,5,20,0,25,0,3,84,0,87,0,8,104,0,112,138,0,138,250
05/04/2021,EWB,MA,ANE,EN,Federal Contract Tower,0,8,20,0,28,0,0,0,0,0,0,8,20,0,28,14,0,14,42
05/05/2021,EWB,MA,ANE,EN,Federal Contract Tower,0,7,6,2,15,0,0,0,0,0,0,7,6,2,15,6,2,8,23
05/06/2021,EWB,MA,ANE,EN,Federal Contract Tower,0,2,14,0,16,0,3,82,8,93,0,5,96,8,109,154,20,174,283
05/07/2021,EWB,MA,ANE,EN,Federal Contract Tower,0,2,15,0,17,0,5,98,0,103,0,7,113,0,120,168,0,168,288
05/08/2021,EWB,MA,ANE,EN,Federal Contract Tower,0,6,25,0,31,0,2,76,0,78,0,8,101,0,109,122,0,122,231
05/09/2021,EWB,MA,ANE,EN,Federal Contract Tower,0,0,10,0,10,0,5,51,0,56,0,5,61,0,66,78,0,78,144
05/10/2021,EWB,MA,ANE,EN,Federal Contract Tower,0,8,11,0,19,0,1,14,0,15,0,9,25,0,34,10,0,10,44
05/11/2021,EWB,MA,ANE,EN,Federal Contract Tower,0,1,6,0,7,0,8,43,2,53,0,9,49,2,60,74,2,76,136
05/12/2021,EWB,MA,ANE,EN,Federal Contract Tower,0,0,24,0,24,0,5,112,0,117,0,5,136,0,141,164,0,164,305
05/13/2021,EWB,MA,ANE,EN,Federal Contract Tower,0,4,21,0,25,0,7,132,0,139,0,11,153,0,164,210,0,210,374
05/14/2021,EWB,MA,ANE,EN,Federal Contract Tower,0,3,30,0,33,0,4,88,0,92,0,7,118,0,125,162,2,164,289
05/15/2021,EWB,MA,ANE,EN,Federal Contract Tower,0,5,13,0,18,0,3,56,4,63,0,8,69,4,81,66,0,66,147
05/16/2021,EWB,MA,ANE,EN,Federal Contract Tower,0,2,7,0,9,0,0,52,2,54,0,2,59,2,63,58,14,72,135
05/17/2021,EWB,MA,ANE,EN,Federal Contract Tower,0,6,13,0,19,0,6,38,4,48,0,12,51,4,67,46,12,58,125
05/18/2021,EWB,MA,ANE,EN,Federal Contract Tower,0,4,24,0,28,0,4,48,0,52,0,8,72,0,80,126,4,130,210
05/19/2021,EWB,MA,ANE,EN,Federal Contract Tower,0,0,15,0,15,0,4,56,0,60,0,4,71,0,75,50,6,56,131
05/20/2021,EWB,MA,ANE,EN,Federal Contract Tower,0,8,29,0,37,0,4,111,2,117,0,12,140,2,154,224,4,228,382
05/21/2021,EWB,MA,ANE,EN,Federal Contract Tower,0,17,18,0,35,0,6,100,2,108,0,23,118,2,143,166,10,176,319
05/22/2021,EWB,MA,ANE,EN,Federal Contract Tower,0,5,10,0,15,0,6,60,0,66,0,11,70,0,81,132,14,146,227
05/23/2021,EWB,MA,ANE,EN,Federal Contract Tower,0,1,10,0,11,0,6,76,7,89,0,7,86,7,100,76,8,84,184
05/24/2021,EWB,MA,ANE,EN,Federal Contract Tower,0,5,28,0,33,0,14,67,4,85,0,19,95,4,118,156,12,168,286
05/25/2021,EWB,MA,ANE,EN,Federal Contract Tower,0,6,11,0,17,0,9,53,0,62,0,15,64,0,79,78,0,78,157
05/26/2021,EWB,MA,ANE,EN,Federal Contract Tower,0,19,25,0,44,0,0,64,0,64,0,19,89,0,108,72,0,72,180
05/27/2021,EWB,MA,ANE,EN,Federal Contract Tower,0,8,21,0,29,0,15,78,0,93,0,23,99,0,122,164,6,170,292
05/28/2021,EWB,MA,ANE,EN,Federal Contract Tower,0,12,18,0,30,0,9,59,0,68,0,21,77,0,98,96,0,96,194
05/29/2021,EWB,MA,ANE,EN,Federal Contract Tower,0,5,1,0,6,0,0,0,0,0,0,5,1,0,6,0,0,0,6
05/30/2021,EWB,MA,ANE,EN,Federal Contract Tower,0,5,9,0,14,0,0,0,0,0,0,5,9,0,14,0,0,0,14
05/31/2021,EWB,MA,ANE,EN,Federal Contract Tower,0,13,13,0,26,0,2,5,0,7,0,15,18,0,33,6,0,6,39
06/01/2021,EWB,MA,ANE,EN,Federal Contract Tower,0,6,4,0,10,0,19,78,0,97,0,25,82,0,107,92,0,92,199
06/02/2021,EWB,MA,ANE,EN,Federal Contract Tower,0,4,25,0,29,0,5,101,0,106,0,9,126,0,135,176,2,178,313
06/03/2021,EWB,MA,ANE,EN,Federal Contract Tower,0,14,18,0,32,0,0,0,0,0,0,14,18,0,32,0,0,0,32
06/04/2021,EWB,MA,ANE,EN,Federal Contract Tower,0,22,12,0,34,0,0,0,0,0,0,22,12,0,34,6,0,6,40
06/05/2021,EWB,MA,ANE,EN,Federal Contract Tower,0,4,17,0,21,0,4,61,0,65,0,8,78,0,86,36,0,36,122
06/06/2021,EWB,MA,ANE,EN,Federal Contract Tower,0,6,7,0,13,0,16,75,0,91,0,22,82,0,104,64,0,64,168
06/07/2021,EWB,MA,ANE,EN,Federal Contract Tower,0,2,8,0,10,0,8,50,0,58,0,10,58,0,68,72,0,72,140
06/08/2021,EWB,MA,ANE,EN,Federal Contract Tower,0,9,12,0,21,0,7,64,0,71,0,16,76,0,92,146,0,146,238
06/09/2021,EWB,MA,ANE,EN,Federal Contract Tower,0,9,25,0,34,0,0,62,2,64,0,9,87,2,98,104,2,106,204
06/10/2021,EWB,MA,ANE,EN,Federal Contract Tower,0,2,37,1,40,0,10,117,5,132,0,12,154,6,172,124,0,124,296
06/11/2021,EWB,MA,ANE,EN,Federal Contract Tower,0,8,17,0,25,0,26,104,0,130,0,34,121,0,155,152,0,152,307
06/12/2021,EWB,MA,ANE,EN,Federal Contract Tower,0,11,12,0,23,0,1,33,0,34,0,12,45,0,57,24,0,24,81
06/13/2021,EWB,MA,ANE,EN,Federal Contract Tower,0,8,23,0,31,0,8,66,0,74,0,16,89,0,105,102,2,104,209
06/14/2021,EWB,MA,ANE,EN,Federal Contract Tower,0,10,4,0,14,0,6,2,0,8,0,16,6,0,22,6,0,6,28
06/15/2021,EWB,MA,ANE,EN,Federal Contract Tower,0,6,6,0,12,0,2,12,0,14,0,8,18,0,26,0,2,2,28
06/16/2021,EWB,MA,ANE,EN,Federal Contract Tower,0,15,8,0,23,0,7,98,0,105,0,22,106,0,128,188,6,194,322
06/17/2021,EWB,MA,ANE,EN,Federal Contract Tower,0,6,27,0,33,0,9,100,0,109,0,15,127,0,142,156,0,156,298
06/18/2021,EWB,MA,ANE,EN,Federal Contract Tower,0,5,10,0,15,0,13,46,0,59,0,18,56,0,74,38,0,38,112
06/19/2021,EWB,MA,ANE,EN,Federal Contract Tower,0,9,10,0,19,0,7,32,2,41,0,16,42,2,60,56,4,60,120
06/20/2021,EWB,MA,ANE,EN,Federal Contract Tower,0,8,9,0,17,0,15,84,5,104,0,23,93,5,121,118,0,118,239
06/21/2021,EWB,MA,ANE,EN,Federal Contract Tower,0,15,7,0,22,0,0,0,0,0,0,15,7,0,22,0,0,0,22
06/22/2021,EWB,MA,ANE,EN,Federal Contract Tower,0,10,14,0,24,0,5,10,0,15,0,15,24,0,39,12,0,12,51
06/23/2021,EWB,MA,ANE,EN,Federal Contract Tower,0,16,19,0,35,0,19,113,3,135,0,35,132,3,170,126,4,130,300
06/24/2021,EWB,MA,ANE,EN,Federal Contract Tower,0,9,26,0,35,0,8,94,0,102,0,17,120,0,137,168,4,172,309
06/25/2021,EWB,MA,ANE,EN,Federal Contract Tower,0,24,20,0,44,0,12,4,0,16,0,36,24,0,60,4,0,4,64
06/26/2021,EWB,MA,ANE,EN,Federal Contract Tower,0,13,16,0,29,0,0,1,0,1,0,13,17,0,30,0,0,0,30
06/27/2021,EWB,MA,ANE,EN,Federal Contract Tower,0,10,26,0,36,0,2,9,0,11,0,12,35,0,47,8,0,8,55
06/28/2021,EWB,MA,ANE,EN,Federal Contract Tower,0,9,23,0,32,0,8,63,1,72,0,17,86,1,104,64,0,64,168
06/29/2021,EWB,MA,ANE,EN,Federal Contract Tower,0,11,15,0,26,0,12,97,0,109,0,23,112,0,135,98,2,100,235
06/30/2021,EWB,MA,ANE,EN,Federal Contract Tower,0,8,26,2,36,0,15,114,10,139,0,23,140,12,175,124,2,126,301
07/01/2021,EWB,MA,ANE,EN,Federal Contract Tower,0,12,13,0,25,0,10,27,0,37,0,22,40,0,62,52,0,52,114
07/02/2021,EWB,MA,ANE,EN,Federal Contract Tower,0,25,17,0,42,0,0,0,0,0,0,25,17,0,42,6,0,6,48
07/03/2021,EWB,MA,ANE,EN,Federal Contract Tower,0,21,11,0,32,0,0,0,0,0,0,21,11,0,32,0,0,0,32
07/04/2021,EWB,MA,ANE,EN,Federal Contract Tower,0,9,14,0,23,0,5,4,0,9,0,14,18,0,32,2,0,2,34
07/05/2021,EWB,MA,ANE,EN,Federal Contract Tower,0,9,17,0,26,0,6,42,0,48,0,15,59,0,74,44,0,44,118
07/06/2021,EWB,MA,ANE,EN,Federal Contract Tower,0,12,15,0,27,0,8,33,0,41,0,20,48,0,68,22,0,22,90
07/07/2021,EWB,MA,ANE,EN,Federal Contract Tower,0,9,28,1,38,0,4,75,0,79,0,13,103,1,117,160,0,160,277
07/08/2021,EWB,MA,ANE,EN,Federal Contract Tower,0,17,22,0,39,0,1,11,0,12,0,18,33,0,51,20,0,20,71
07/09/2021,EWB,MA,ANE,EN,Federal Contract Tower,0,5,6,0,11,0,2,2,0,4,0,7,8,0,15,0,0,0,15
07/10/2021,EWB,MA,ANE,EN,Federal Contract Tower,0,14,23,0,37,0,0,9,0,9,0,14,32,0,46,20,0,20,66
07/11/2021,EWB,MA,ANE,EN,Federal Contract Tower,0,14,20,0,34,0,11,67,0,78,0,25,87,0,112,68,0,68,180
07/12/2021,EWB,MA,ANE,EN,Federal Contract Tower,0,28,10,0,38,0,2,5,0,7,0,30,15,0,45,2,0,2,47
07/13/2021,EWB,MA,ANE,EN,Federal Contract Tower,0,21,18,0,39,0,0,0,0,0,0,21,18,0,39,2,0,2,41
07/14/2021,EWB,MA,ANE,EN,Federal Contract Tower,0,14,8,0,22,0,1,7,0,8,0,15,15,0,30,20,0,20,50
07/15/2021,EWB,MA,ANE,EN,Federal Contract Tower,0,19,28,0,47,0,21,98,0,119,0,40,126,0,166,176,0,176,342
07/16/2021,EWB,MA,ANE,EN,Federal Contract Tower,0,19,41,0,60,0,12,86,2,100,0,31,127,2,160,200,0,200,360
07/17/2021,EWB,MA,ANE,EN,Federal Contract Tower,0,15,31,0,46,0,8,16,0,24,0,23,47,0,70,18,0,18,88
07/18/2021,EWB,MA,ANE,EN,Federal Contract Tower,0,12,12,0,24,0,3,7,0,10,0,15,19,0,34,22,0,22,56
07/19/2021,EWB,MA,ANE,EN,Federal Contract Tower,0,9,16,0,25,0,8,0,0,8,0,17,16,0,33,8,0,8,41
07/20/2021,EWB,MA,ANE,EN,Federal Contract Tower,0,13,24,0,37,0,7,117,0,124,0,20,141,0,161,158,2,160,321
07/21/2021,EWB,MA,ANE,EN,Federal Contract Tower,0,19,12,0,31,0,13,53,0,66,0,32,65,0,97,94,0,94,191
07/22/2021,EWB,MA,ANE,EN,Federal Contract Tower,0,10,36,1,47,0,18,121,0,139,0,28,157,1,186,148,0,148,334
07/23/2021,EWB,MA,ANE,EN,Federal Contract Tower,0,11,14,0,25,0,22,80,0,102,0,33,94,0,127,128,0,128,255
07/24/2021,EWB,MA,ANE,EN,Federal Contract Tower,0,5,19,0,24,0,13,77,0,90,0,18,96,0,114,72,0,72,186
07/25/2021,EWB,MA,ANE,EN,Federal Contract Tower,0,16,13,0,29,0,9,10,0,19,0,25,23,0,48,10,0,10,58
07/26/2021,EWB,MA,ANE,EN,Federal Contract Tower,0,17,15,0,32,0,9,69,0,78,0,26,84,0,110,152,0,152,262
07/27/2021,EWB,MA,ANE,EN,Federal Contract Tower,0,11,23,0,34,0,7,95,0,102,0,18,118,0,136,148,0,148,284
07/28/2021,EWB,MA,ANE,EN,Federal Contract Tower,0,20,29,0,49,0,2,33,0,35,0,22,62,0,84,40,2,42,126
07/29/2021,EWB,MA,ANE,EN,Federal Contract Tower,0,11,21,0,32,0,6,69,0,75,0,17,90,0,107,118,4,122,229
07/30/2021,EWB,MA,ANE,EN,Federal Contract Tower,0,9,8,0,17,0,12,43,1,56,0,21,51,1,73,48,0,48,121
08/01/2021,EWB,MA,ANE,EN,Federal Contract Tower,0,11,25,0,36,0,11,83,0,94,0,22,108,0,130,64,0,64,194
08/02/2021,EWB,MA,ANE,EN,Federal Contract Tower,0,10,12,0,22,0,9,34,0,43,0,19,46,0,65,46,0,46,111
08/03/2021,EWB,MA,ANE,EN,Federal Contract Tower,0,11,10,0,21,0,16,105,2,123,0,27,115,2,144,122,8,130,274
08/04/2021,EWB,MA,ANE,EN,Federal Contract Tower,0,12,12,1,25,0,5,25,0,30,0,17,37,1,55,16,2,18,73
08/05/2021,EWB,MA,ANE,EN,Federal Contract Tower,0,17,8,0,25,0,0,0,0,0,0,17,8,0,25,0,0,0,25
08/06/2021,EWB,MA,ANE,EN,Federal Contract Tower,0,7,26,0,33,0,16,74,0,90,0,23,100,0,123,104,0,104,227
08/07/2021,EWB,MA,ANE,EN,Federal Contract Tower,0,10,14,0,24,0,7,62,0,69,0,17,76,0,93,44,0,44,137
08/08/2021,EWB,MA,ANE,EN,Federal Contract Tower,0,7,16,0,23,0,13,75,0,88,0,20,91,0,111,78,0,78,189
08/09/2021,EWB,MA,ANE,EN,Federal Contract Tower,0,9,22,0,31,0,2,1,0,3,0,11,23,0,34,0,2,2,36
08/10/2021,EWB,MA,ANE,EN,Federal Contract Tower,0,15,20,0,35,0,8,34,0,42,0,23,54,0,77,84,0,84,161
08/11/2021,EWB,MA,ANE,EN,Federal Contract Tower,0,20,25,0,45,0,6,86,0,92,0,26,111,0,137,162,2,164,301
08/12/2021,EWB,MA,ANE,EN,Federal Contract Tower,0,18,9,0,27,0,16,78,2,96,0,34,87,2,123,112,0,112,235
08/13/2021,EWB,MA,ANE,EN,Federal Contract Tower,0,11,8,0,19,0,22,64,0,86,0,33,72,0,105,180,0,180,285
08/14/2021,EWB,MA,ANE,EN,Federal Contract Tower,0,11,9,0,20,0,8,17,0,25,0,19,26,0,45,16,0,16,61
08/15/2021,EWB,MA,ANE,EN,Federal Contract Tower,0,16,21,0,37,0,8,120,0,128,0,24,141,0,165,194,0,194,359
08/16/2021,EWB,MA,ANE,EN,Federal Contract Tower,0,3,19,0,22,0,10,76,1,87,0,13,95,1,109,124,0,124,233
08/17/2021,EWB,MA,ANE,EN,Federal Contract Tower,0,10,11,0,21,0,9,116,0,125,0,19,127,0,146,174,0,174,320
08/18/2021,EWB,MA,ANE,EN,Federal Contract Tower,0,8,20,0,28,0,13,118,0,131,0,21,138,0,159,252,0,252,411
08/19/2021,EWB,MA,ANE,EN,Federal Contract Tower,0,15,16,0,31,0,0,0,0,0,0,15,16,0,31,0,0,0,31
08/20/2021,EWB,MA,ANE,EN,Federal Contract Tower,0,6,23,0,29,0,0,0,0,0,0,6,23,0,29,30,0,30,59
08/21/2021,EWB,MA,ANE,EN,Federal Contract Tower,0,4,21,0,25,0,12,41,2,55,0,16,62,2,80,46,0,46,126
08/23/2021,EWB,MA,ANE,EN,Federal Contract Tower,0,9,15,0,24,0,3,11,0,14,0,12,26,0,38,42,0,42,80
08/24/2021,EWB,MA,ANE,EN,Federal Contract Tower,0,7,27,1,35,0,6,75,0,81,0,13,102,1,116,104,0,104,220
08/25/2021,EWB,MA,ANE,EN,Federal Contract Tower,0,9,20,1,30,0,7,106,5,118,0,16,126,6,148,226,4,230,378
08/26/2021,EWB,MA,ANE,EN,Federal Contract Tower,0,12,12,0,24,0,8,100,0,108,0,20,112,0,132,164,0,164,296
08/27/2021,EWB,MA,ANE,EN,Federal Contract Tower,0,12,18,0,30,0,14,87,0,101,0,26,105,0,131,122,0,122,253
08/28/2021,EWB,MA,ANE,EN,Federal Contract Tower,0,7,17,0,24,0,9,104,0,113,0,16,121,0,137,114,0,114,251
08/29/2021,EWB,MA,ANE,EN,Federal Contract Tower,0,14,22,0,36,0,9,55,0,64,0,23,77,0,100,60,0,60,160
08/30/2021,EWB,MA,ANE,EN,Federal Contract Tower,0,7,15,0,22,0,8,11,0,19,0,15,26,0,41,18,0,18,59
08/31/2021,EWB,MA,ANE,EN,Federal Contract Tower,0,10,13,6,29,0,7,65,0,72,0,17,78,6,101,86,10,96,197
09/01/2021,EWB,MA,ANE,EN,Federal Contract Tower,0,8,7,0,15,0,5,22,0,27,0,13,29,0,42,16,4,20,62
09/02/2021,EWB,MA,ANE,EN,Federal Contract Tower,0,13,14,0,27,0,3,31,0,34,0,16,45,0,61,30,0,30,91
09/04/2021,EWB,MA,ANE,EN,Federal Contract Tower,0,3,6,0,9,0,7,114,0,121,0,10,120,0,130,84,0,84,214
09/05/2021,EWB,MA,ANE,EN,Federal Contract Tower,0,8,16,0,24,0,10,89,0,99,0,18,105,0,123,116,0,116,239
09/06/2021,EWB,MA,ANE,EN,Federal Contract Tower,0,11,14,0,25,0,6,30,0,36,0,17,44,0,61,20,0,20,81
09/07/2021,EWB,MA,ANE,EN,Federal Contract Tower,0,14,9,0,23,0,11,103,0,114,0,25,112,0,137,218,0,218,355
09/08/2021,EWB,MA,ANE,EN,Federal Contract Tower,0,5,17,2,24,0,9,82,0,91,0,14,99,2,115,90,2,92,207
09/09/2021,EWB,MA,ANE,EN,Federal Contract Tower,0,16,6,0,22,0,0,0,0,0,0,16,6,0,22,0,0,0,22
09/10/2021,EWB,MA,ANE,EN,Federal Contract Tower,0,6,18,0,24,0,32,119,0,151,0,38,137,0,175,184,2,186,361
09/11/2021,EWB,MA,ANE,EN,Federal Contract Tower,0,5,8,0,13,0,16,102,4,122,0,21,110,4,135,176,0,176,311
09/12/2021,EWB,MA,ANE,EN,Federal Contract Tower,0,7,10,0,17,0,11,48,0,59,0,18,58,0,76,58,0,58,134
09/13/2021,EWB,MA,ANE,EN,Federal Contract Tower,0,4,25,0,29,0,5,96,0,101,0,9,121,0,130,180,0,180,310
09/14/2021,EWB,MA,ANE,EN,Federal Contract Tower,0,6,14,0,20,0,18,86,0,104,0,24,100,0,124,120,2,122,246
09/15/2021,EWB,MA,ANE,EN,Federal Contract Tower,0,11,22,0,33,0,8,22,2,32,0,19,44,2,65,26,2,28,93
09/16/2021,EWB,MA,ANE,EN,Federal Contract Tower,0,8,21,0,29,0,6,13,0,19,0,14,34,0,48,4,0,4,52
09/17/2021,EWB,MA,ANE,EN,Federal Contract Tower,0,20,21,0,41,0,0,0,0,0,0,20,21,0,41,0,0,0,41
09/18/2021,EWB,MA,ANE,EN,Federal Contract Tower,0,8,12,0,20,0,3,28,0,31,0,11,40,0,51,12,0,12,63
09/19/2021,EWB,MA,ANE,EN,Federal Contract Tower,0,5,12,0,17,0,13,121,2,136,0,18,133,2,153,174,0,174,327
09/20/2021,EWB,MA,ANE,EN,Federal Contract Tower,0,2,39,0,41,0,8,108,0,116,0,10,147,0,157,98,0,98,255
09/21/2021,EWB,MA,ANE,EN,Federal Contract Tower,0,7,13,0,20,0,9,72,0,81,0,16,85,0,101,162,0,162,263
09/22/2021,EWB,MA,ANE,EN,Federal Contract Tower,0,15,25,2,42,0,13,42,0,55,0,28,67,2,97,90,8,98,195
09/23/2021,EWB,MA,ANE,EN,Federal Contract Tower,0,6,25,0,31,0,9,42,2,53,0,15,67,2,84,58,0,58,142
09/24/2021,EWB,MA,ANE,EN,Federal Contract Tower,0,8,14,0,22,0,10,16,0,26,0,18,30,0,48,10,0,10,58
09/25/2021,EWB,MA,ANE,EN,Federal Contract Tower,0,10,8,0,18,0,7,44,0,51,0,17,52,0,69,50,0,50,119
09/26/2021,EWB,MA,ANE,EN,Federal Contract Tower,0,6,9,0,15,0,8,73,0,81,0,14,82,0,96,64,0,64,160
09/27/2021,EWB,MA,ANE,EN,Federal Contract Tower,0,4,20,0,24,0,7,96,0,103,0,11,116,0,127,104,0,104,231
09/28/2021,EWB,MA,ANE,EN,Federal Contract Tower,0,6,5,0,11,0,3,17,0,20,0,9,22,0,31,16,0,16,47
09/29/2021,EWB,MA,ANE,EN,Federal Contract Tower,0,5,30,0,35,0,8,100,3,111,0,13,130,3,146,184,0,184,330
09/30/2021,EWB,MA,ANE,EN,Federal Contract Tower,0,8,12,0,20,0,24,79,0,103,0,32,91,0,123,208,0,208,331
10/01/2021,EWB,MA,ANE,EN,Federal Contract Tower,0,16,12,0,28,0,11,89,0,100,0,27,101,0,128,192,0,192,320
10/02/2021,EWB,MA,ANE,EN,Federal Contract Tower,0,5,4,0,9,0,15,97,0,112,0,20,101,0,121,120,0,120,241
10/03/2021,EWB,MA,ANE,EN,Federal Contract Tower,0,8,13,0,21,0,4,115,0,119,0,12,128,0,140,200,0,200,340
10/04/2021,EWB,MA,ANE,EN,Federal Contract Tower,0,20,11,0,31,0,0,0,0,0,0,20,11,0,31,0,0,0,31
10/05/2021,EWB,MA,ANE,EN,Federal Contract Tower,0,16,8,0,24,0,1,0,0,1,0,17,8,0,25,2,0,2,27
10/06/2021,EWB,MA,ANE,EN,Federal Contract Tower,0,9,41,0,50,0,3,97,0,100,0,12,138,0,150,120,6,126,276
10/07/2021,EWB,MA,ANE,EN,Federal Contract Tower,0,8,26,0,34,0,15,110,2,127,0,23,136,2,161,214,0,214,375
10/08/2021,EWB,MA,ANE,EN,Federal Contract Tower,0,10,15,0,25,0,19,82,1,102,0,29,97,1,127,86,0,86,213
10/09/2021,EWB,MA,ANE,EN,Federal Contract Tower,0,10,9,0,19,0,10,40,0,50,0,20,49,0,69,166,0,166,235
10/10/2021,EWB,MA,ANE,EN,Federal Contract Tower,0,4,15,0,19,0,7,50,0,57,0,11,65,0,76,146,0,146,222
10/11/2021,EWB,MA,ANE,EN,Federal Contract Tower,0,10,15,0,25,0,8,18,0,26,0,18,33,0,51,32,0,32,83
10/12/2021,EWB,MA,ANE,EN,Federal Contract Tower,0,7,13,0,20,0,10,85,0,95,0,17,98,0,115,160,0,160,275
10/13/2021,EWB,MA,ANE,EN,Federal Contract Tower,0,8,10,0,18,0,3,75,0,78,0,11,85,0,96,84,0,84,180
10/14/2021,EWB,MA,ANE,EN,Federal Contract Tower,0,10,27,0,37,0,6,118,0,124,0,16,145,0,161,172,0,172,333
10/15/2021,EWB,MA,ANE,EN,Federal Contract Tower,0,18,34,0,52,0,9,28,0,37,0,27,62,0,89,16,0,16,105
10/16/2021,EWB,MA,ANE,EN,Federal Contract Tower,0,4,7,0,11,0,1,10,0,11,0,5,17,0,22,10,0,10,32
10/17/2021,EWB,MA,ANE,EN,Federal Contract Tower,0,4,11,0,15,0,3,77,0,80,0,7,88,0,95,120,2,122,217
10/18/2021,EWB,MA,ANE,EN,Federal Contract Tower,0,7,18,0,25,0,3,57,1,61,0,10,75,1,86,142,2,144,230
10/19/2021,EWB,MA,ANE,EN,Federal Contract Tower,0,6,5,0,11,0,11,72,0,83,0,17,77,0,94,64,0,64,158
10/20/2021,EWB,MA,ANE,EN,Federal Contract Tower,0,3,15,0,18,0,6,91,4,101,0,9,106,4,119,140,4,144,263
10/21/2021,EWB,MA,ANE,EN,Federal Contract Tower,0,4,30,2,36,0,10,73,0,83,0,14,103,2,119,144,0,144,263
10/22/2021,EWB,MA,ANE,EN,Federal Contract Tower,0,11,18,0,29,0,8,86,0,94,0,19,104,0,123,150,0,150,273
10/23/2021,EWB,MA,ANE,EN,Federal Contract Tower,0,9,10,0,19,0,3,59,0,62,0,12,69,0,81,104,0,104,185
10/24/2021,EWB,MA,ANE,EN,Federal Contract Tower,0,6,15,0,21,0,2,93,0,95,0,8,108,0,116,160,0,160,276
10/25/2021,EWB,MA,ANE,EN,Federal Contract Tower,0,14,19,0,33,0,0,1,0,1,0,14,20,0,34,0,0,0,34
10/26/2021,EWB,MA,ANE,EN,Federal Contract Tower,0,2,4,0,6,0,1,6,0,7,0,3,10,0,13,6,0,6,19
10/27/2021,EWB,MA,ANE,EN,Federal Contract Tower,0,0,3,0,3,0,0,0,0,0,0,0,3,0,3,0,0,0,3
10/28/2021,EWB,MA,ANE,EN,Federal Contract Tower,0,15,5,0,20,0,5,13,1,19,0,20,18,1,39,2,0,2,41
10/29/2021,EWB,MA,ANE,EN,Federal Contract Tower,0,2,16,0,18,0,7,47,0,54,0,9,63,0,72,172,2,174,246
10/30/2021,EWB,MA,ANE,EN,Federal Contract Tower,0,6,2,0,8,0,0,0,0,0,0,6,2,0,8,0,0,0,8
10/31/2021,EWB,MA,ANE,EN,Federal Contract Tower,0,5,27,0,32,0,1,32,0,33,0,6,59,0,65,62,0,62,127
11/01/2021,EWB,MA,ANE,EN,Federal Contract Tower,0,2,19,0,21,0,3,78,0,81,0,5,97,0,102,126,0,126,228
11/02/2021,EWB,MA,ANE,EN,Federal Contract Tower,0,7,17,0,24,0,7,68,0,75,0,14,85,0,99,116,0,116,215
11/03/2021,EWB,MA,ANE,EN,Federal Contract Tower,0,12,26,0,38,0,11,78,0,89,0,23,104,0,127,68,2,70,197
11/04/2021,EWB,MA,ANE,EN,Federal Contract Tower,0,4,25,0,29,0,6,67,0,73,0,10,92,0,102,144,2,146,248
11/05/2021,EWB,MA,ANE,EN,Federal Contract Tower,0,9,18,0,27,0,9,74,0,83,0,18,92,0,110,114,0,114,224
11/06/2021,EWB,MA,ANE,EN,Federal Contract Tower,0,2,14,0,16,0,0,94,0,94,0,2,108,0,110,102,0,102,212
11/07/2021,EWB,MA,ANE,EN,Federal Contract Tower,0,5,15,0,20,0,7,87,0,94,0,12,102,0,114,148,6,154,268
11/08/2021,EWB,MA,ANE,EN,Federal Contract Tower,0,3,31,1,35,0,2,64,1,67,0,5,95,2,102,92,10,102,204
11/09/2021,EWB,MA,ANE,EN,Federal Contract Tower,0,4,16,0,20,0,5,95,0,100,0,9,111,0,120,118,0,118,238
11/10/2021,EWB,MA,ANE,EN,Federal Contract Tower,0,3,14,0,17,0,10,78,0,88,0,13,92,0,105,132,0,132,237
11/11/2021,EWB,MA,ANE,EN,Federal Contract Tower,0,2,15,2,19,0,7,56,1,64,0,9,71,3,83,34,0,34,117
11/12/2021,EWB,MA,ANE,EN,Federal Contract Tower,0,6,1,0,7,0,0,0,1,1,0,6,1,1,8,0,0,0,8
11/13/2021,EWB,MA,ANE,EN,Federal Contract Tower,0,8,9,0,17,0,8,66,6,80,0,16,75,6,97,42,2,44,141
11/14/2021,EWB,MA,ANE,EN,Federal Contract Tower,0,5,11,0,16,0,3,80,0,83,0,8,91,0,99,74,0,74,173
11/15/2021,EWB,MA,ANE,EN,Federal Contract Tower,0,5,14,0,19,0,3,56,0,59,0,8,70,0,78,24,0,24,102
11/16/2021,EWB,MA,ANE,EN,Federal Contract Tower,0,7,19,0,26,0,6,74,0,80,0,13,93,0,106,96,0,96,202
11/17/2021,EWB,MA,ANE,EN,Federal Contract Tower,0,4,10,0,14,0,7,97,0,104,0,11,107,0,118,140,0,140,258
11/18/2021,EWB,MA,ANE,EN,Federal Contract Tower,0,5,12,0,17,0,16,37,0,53,0,21,49,0,70,54,6,60,130
11/19/2021,EWB,MA,ANE,EN,Federal Contract Tower,0,7,17,0,24,0,5,39,0,44,0,12,56,0,68,90,0,90,158
11/20/2021,EWB,MA,ANE,EN,Federal Contract Tower,0,9,23,0,32,0,3,96,0,99,0,12,119,0,131,106,0,106,237
11/21/2021,EWB,MA,ANE,EN,Federal Contract Tower,0,5,11,0,16,0,0,49,0,49,0,5,60,0,65,80,0,80,145
11/22/2021,EWB,MA,ANE,EN,Federal Contract Tower,0,6,10,0,16,0,1,11,0,12,0,7,21,0,28,6,0,6,34
11/23/2021,EWB,MA,ANE,EN,Federal Contract Tower,0,10,20,0,30,0,12,60,0,72,0,22,80,0,102,108,0,108,210
11/24/2021,EWB,MA,ANE,EN,Federal Contract Tower,0,7,24,1,32,0,7,80,0,87,0,14,104,1,119,138,8,146,265
11/25/2021,EWB,MA,ANE,EN,Federal Contract Tower,0,6,0,0,6,0,2,19,0,21,0,8,19,0,27,0,0,0,27
11/26/2021,EWB,MA,ANE,EN,Federal Contract Tower,0,5,11,0,16,0,0,0,0,0,0,5,11,0,16,0,0,0,16
11/27/2021,EWB,MA,ANE,EN,Federal Contract Tower,0,17,3,0,20,0,2,28,0,30,0,19,31,0,50,10,0,10,60
11/28/2021,EWB,MA,ANE,EN,Federal Contract Tower,0,6,19,0,25,0,0,28,0,28,0,6,47,0,53,48,0,48,101
11/29/2021,EWB,MA,ANE,EN,Federal Contract Tower,0,4,20,0,24,0,4,40,0,44,0,8,60,0,68,116,16,132,200
11/30/2021,EWB,MA,ANE,EN,Federal Contract Tower,0,3,22,0,25,0,8,68,0,76,0,11,90,0,101,104,14,118,219
12/01/2021,EWB,MA,ANE,EN,Federal Contract Tower,0,6,18,0,24,0,11,48,0,59,0,17,66,0,83,150,0,150,233
12/02/2021,EWB,MA,ANE,EN,Federal Contract Tower,0,4,27,0,31,0,6,51,0,57,0,10,78,0,88,64,0,64,152
12/03/2021,EWB,MA,ANE,EN,Federal Contract Tower,0,3,4,0,7,0,4,20,2,26,0,7,24,2,33,28,6,34,67
12/04/2021,EWB,MA,ANE,EN,Federal Contract Tower,0,3,21,0,24,0,2,106,0,108,0,5,127,0,132,114,0,114,246
12/05/2021,EWB,MA,ANE,EN,Federal Contract Tower,0,3,11,2,16,0,1,111,0,112,0,4,122,2,128,134,0,134,262
12/06/2021,EWB,MA,ANE,EN,Federal Contract Tower,0,4,3,0,7,0,0,0,2,2,0,4,3,2,9,0,0,0,9
12/07/2021,EWB,MA,ANE,EN,Federal Contract Tower,0,2,26,0,28,0,6,95,2,103,0,8,121,2,131,148,0,148,279
12/08/2021,EWB,MA,ANE,EN,Federal Contract Tower,0,3,3,4,10,0,3,8,0,11,0,6,11,4,21,30,0,30,51
12/09/2021,EWB,MA,ANE,EN,Federal Contract Tower,0,3,25,0,28,0,13,72,0,85,0,16,97,0,113,132,0,132,245
12/10/2021,EWB,MA,ANE,EN,Federal Contract Tower,0,1,23,0,24,0,4,90,0,94,0,5,113,0,118,124,0,124,242
12/11/2021,EWB,MA,ANE,EN,Federal Contract Tower,0,5,7,0,12,0,0,0,0,0,0,5,7,0,12,0,0,0,12
12/12/2021,EWB,MA,ANE,EN,Federal Contract Tower,0,4,13,0,17,0,4,72,4,80,0,8,85,4,97,70,0,70,167
12/13/2021,EWB,MA,ANE,EN,Federal Contract Tower,0,5,14,0,19,0,2,67,0,69,0,7,81,0,88,172,10,182,270
12/14/2021,EWB,MA,ANE,EN,Federal Contract Tower,0,6,17,0,23,0,10,99,0,109,0,16,116,0,132,204,4,208,340
12/15/2021,EWB,MA,ANE,EN,Federal Contract Tower,0,5,19,0,24,0,8,74,0,82,0,13,93,0,106,140,0,140,246
12/16/2021,EWB,MA,ANE,EN,Federal Contract Tower,0,6,12,0,18,0,8,24,2,34,0,14,36,2,52,40,8,48,100
12/17/2021,EWB,MA,ANE,EN,Federal Contract Tower,0,3,14,0,17,0,13,41,0,54,0,16,55,0,71,22,0,22,93
12/18/2021,EWB,MA,ANE,EN,Federal Contract Tower,0,5,0,0,5,0,1,4,0,5,0,6,4,0,10,0,0,0,10
12/19/2021,EWB,MA,ANE,EN,Federal Contract Tower,0,7,6,0,13,0,0,9,0,9,0,7,15,0,22,6,0,6,28
12/20/2021,EWB,MA,ANE,EN,Federal Contract Tower,0,9,18,0,27,0,17,95,0,112,0,26,113,0,139,178,0,178,317
12/21/2021,EWB,MA,ANE,EN,Federal Contract Tower,0,7,11,0,18,0,7,61,4,72,0,14,72,4,90,92,2,94,184
12/22/2021,EWB,MA,ANE,EN,Federal Contract Tower,0,15,1,0,16,0,6,4,0,10,0,21,5,0,26,0,0,0,26
12/23/2021,EWB,MA,ANE,EN,Federal Contract Tower,0,7,8,0,15,0,6,37,0,43,0,13,45,0,58,38,0,38,96
12/24/2021,EWB,MA,ANE,EN,Federal Contract Tower,0,5,0,0,5,0,3,1,0,4,0,8,1,0,9,2,0,2,11
12/25/2021,EWB,MA,ANE,EN,Federal Contract Tower,0,4,1,0,5,0,0,0,0,0,0,4,1,0,5,0,0,0,5
12/26/2021,EWB,MA,ANE,EN,Federal Contract Tower,0,9,6,0,15,0,2,7,0,9,0,11,13,0,24,0,0,0,24
12/27/2021,EWB,MA,ANE,EN,Federal Contract Tower,0,5,17,1,23,0,15,57,2,74,0,20,74,3,97,58,12,70,167
12/28/2021,EWB,MA,ANE,EN,Federal Contract Tower,0,10,9,0,19,0,8,15,0,23,0,18,24,0,42,26,0,26,68
12/29/2021,EWB,MA,ANE,EN,Federal Contract Tower,0,7,5,0,12,0,5,19,0,24,0,12,24,0,36,70,0,70,106
12/30/2021,EWB,MA,ANE,EN,Federal Contract Tower,0,4,1,0,5,0,3,3,0,6,0,7,4,0,11,0,0,0,11
12/31/2021,EWB,MA,ANE,EN,Federal Contract Tower,0,4,10,0,14,0,0,0,0,0,0,4,10,0,14,2,0,2,16
01/01/2022,EWB,MA,ANE,EN,Federal Contract Tower,0,10,4,0,14,0,0,0,0,0,0,10,4,0,14,0,0,0,14
01/02/2022,EWB,MA,ANE,EN,Federal Contract Tower,0,4,7,0,11,0,0,0,0,0,0,4,7,0,11,0,0,0,11
01/03/2022,EWB,MA,ANE,EN,Federal Contract Tower,0,9,1,0,10,0,4,5,0,9,0,13,6,0,19,26,0,26,45
01/04/2022,EWB,MA,ANE,EN,Federal Contract Tower,0,2,18,0,20,0,9,66,0,75,0,11,84,0,95,82,0,82,177
01/05/2022,EWB,MA,ANE,EN,Federal Contract Tower,0,5,2,0,7,0,2,0,0,2,0,7,2,0,9,0,0,0,9
01/06/2022,EWB,MA,ANE,EN,Federal Contract Tower,0,6,19,0,25,0,13,73,0,86,0,19,92,0,111,112,0,112,223
01/07/2022,EWB,MA,ANE,EN,Federal Contract Tower,0,4,5,0,9,0,0,1,0,1,0,4,6,0,10,2,0,2,12
01/08/2022,EWB,MA,ANE,EN,Federal Contract Tower,0,2,5,4,11,0,4,58,4,66,0,6,63,8,77,82,0,82,159
01/09/2022,EWB,MA,ANE,EN,Federal Contract Tower,0,3,0,0,3,0,2,8,0,10,0,5,8,0,13,0,0,0,13
01/10/2022,EWB,MA,ANE,EN,Federal Contract Tower,0,1,13,0,14,0,3,60,0,63,0,4,73,0,77,242,0,242,319
01/11/2022,EWB,MA,ANE,EN,Federal Contract Tower,0,3,9,2,14,0,6,34,0,40,0,9,43,2,54,48,12,60,114
01/12/2022,EWB,MA,ANE,EN,Federal Contract Tower,0,11,0,0,11,0,9,19,0,28,0,20,19,0,39,16,0,16,55
01/13/2022,EWB,MA,ANE,EN,Federal Contract Tower,0,3,17,0,20,0,6,84,0,90,0,9,101,0,110,128,0,128,238
01/14/2022,EWB,MA,ANE,EN,Federal Contract Tower,0,2,4,0,6,0,0,0,0,0,0,2,4,0,6,0,0,0,6
01/15/2022,EWB,MA,ANE,EN,Federal Contract Tower,0,4,5,0,9,0,5,10,0,15,0,9,15,0,24,2,0,2,26
01/16/2022,EWB,MA,ANE,EN,Federal Contract Tower,0,4,14,0,18,0,6,94,0,100,0,10,108,0,118,130,0,130,248
01/17/2022,EWB,MA,ANE,EN,Federal Contract Tower,0,4,2,0,6,0,2,3,0,5,0,6,5,0,11,14,0,14,25
01/18/2022,EWB,MA,ANE,EN,Federal Contract Tower,0,4,5,0,9,0,6,10,0,16,0,10,15,0,25,4,0,4,29
01/19/2022,EWB,MA,ANE,EN,Federal Contract Tower,0,4,4,2,10,0,7,25,1,33,0,11,29,3,43,6,14,20,63
01/20/2022,EWB,MA,ANE,EN,Federal Contract Tower,0,5,4,0,9,0,3,0,0,3,0,8,4,0,12,0,0,0,12
01/21/2022,EWB,MA,ANE,EN,Federal Contract Tower,0,7,4,2,13,0,24,59,0,83,0,31,63,2,96,133,6,139,235
01/22/2022,EWB,MA,ANE,EN,Federal Contract Tower,0,4,6,0,10,0,0,25,2,27,0,4,31,2,37,12,0,12,49
01/23/2022,EWB,MA,ANE,EN,Federal Contract Tower,0,3,16,0,19,0,8,86,0,94,0,11,102,0,113,80,0,80,193
01/24/2022,EWB,MA,ANE,EN,Federal Contract Tower,0,4,20,0,24,0,2,65,0,67,0,6,85,0,91,136,0,136,227
01/25/2022,EWB,MA,ANE,EN,Federal Contract Tower,0,1,14,0,15,0,7,46,0,53,0,8,60,0,68,90,2,92,160
01/26/2022,EWB,MA,ANE,EN,Federal Contract Tower,0,2,8,0,10,0,8,101,0,109,0,10,109,0,119,148,4,152,271
01/27/2022,EWB,MA,ANE,EN,Federal Contract Tower,0,5,23,2,30,0,9,56,0,65,0,14,79,2,95,72,26,98,193
01/28/2022,EWB,MA,ANE,EN,Federal Contract Tower,0,2,2,0,4,0,1,16,0,17,0,3,18,0,21,40,4,44,65
01/29/2022,EWB,MA,ANE,EN,Federal Contract Tower,0,0,0,0,0,0,0,0,0,0,0,0,0,0,0,0,0,0,0
01/30/2022,EWB,MA,ANE,EN,Federal Contract Tower,0,0,0,0,0,0,0,0,2,2,0,0,0,2,2,8,0,8,10
01/31/2022,EWB,MA,ANE,EN,Federal Contract Tower,0,0,0,0,0,0,0,0,0,0,0,0,0,0,0,0,0,0,0
02/01/2022,EWB,MA,ANE,EN,Federal Contract Tower,0,2,2,0,4,0,21,8,0,29,0,23,10,0,33,30,2,32,65
02/02/2022,EWB,MA,ANE,EN,Federal Contract Tower,0,5,5,0,10,0,0,0,0,0,0,5,5,0,10,0,0,0,10
02/03/2022,EWB,MA,ANE,EN,Federal Contract Tower,0,3,8,0,11,0,2,5,0,7,0,5,13,0,18,2,0,2,20
02/04/2022,EWB,MA,ANE,EN,Federal Contract Tower,0,3,0,0,3,0,0,0,0,0,0,3,0,0,3,0,0,0,3
02/05/2022,EWB,MA,ANE,EN,Federal Contract Tower,0,2,3,0,5,0,1,4,0,5,0,3,7,0,10,0,0,0,10
02/06/2022,EWB,MA,ANE,EN,Federal Contract Tower,0,2,2,0,4,0,3,55,0,58,0,5,57,0,62,56,0,56,118
02/07/2022,EWB,MA,ANE,EN,Federal Contract Tower,0,11,4,2,17,0,2,4,0,6,0,13,8,2,23,0,0,0,23
02/08/2022,EWB,MA,ANE,EN,Federal Contract Tower,0,10,4,0,14,0,8,14,2,24,0,18,18,2,38,0,22,22,60
02/09/2022,EWB,MA,ANE,EN,Federal Contract Tower,0,2,31,2,35,0,5,119,0,124,0,7,150,2,159,250,0,250,409
02/10/2022,EWB,MA,ANE,EN,Federal Contract Tower,0,3,19,0,22,0,5,76,2,83,0,8,95,2,105,136,2,138,243
02/11/2022,EWB,MA,ANE,EN,Federal Contract Tower,1,1,24,0,26,0,1,97,0,98,1,2,121,0,124,98,0,98,222
02/12/2022,EWB,MA,ANE,EN,Federal Contract Tower,0,4,11,0,15,0,5,85,0,90,0,9,96,0,105,102,0,102,207
02/13/2022,EWB,MA,ANE,EN,Federal Contract Tower,0,4,1,0,5,0,0,0,0,0,0,4,1,0,5,0,0,0,5
02/14/2022,EWB,MA,ANE,EN,Federal Contract Tower,0,2,8,0,10,0,3,8,0,11,0,5,16,0,21,0,0,0,21
02/15/2022,EWB,MA,ANE,EN,Federal Contract Tower,0,4,18,1,23,0,6,82,0,88,0,10,100,1,111,106,2,108,219
02/16/2022,EWB,MA,ANE,EN,Federal Contract Tower,0,5,19,0,24,0,12,47,0,59,0,17,66,0,83,80,0,80,163
02/17/2022,EWB,MA,ANE,EN,Federal Contract Tower,0,5,9,0,14,0,5,16,0,21,0,10,25,0,35,20,0,20,55
02/18/2022,EWB,MA,ANE,EN,Federal Contract Tower,0,5,2,0,7,0,2,28,0,30,0,7,30,0,37,16,0,16,53
02/19/2022,EWB,MA,ANE,EN,Federal Contract Tower,0,4,3,0,7,0,1,22,0,23,0,5,25,0,30,30,0,30,60
02/20/2022,EWB,MA,ANE,EN,Federal Contract Tower,0,4,11,0,15,0,2,99,0,101,0,6,110,0,116,190,0,190,306
02/21/2022,EWB,MA,ANE,EN,Federal Contract Tower,0,3,17,0,20,0,5,65,0,70,0,8,82,0,90,80,0,80,170
02/22/2022,EWB,MA,ANE,EN,Federal Contract Tower,0,9,8,0,17,0,1,5,0,6,0,10,13,0,23,34,0,34,57
02/23/2022,EWB,MA,ANE,EN,Federal Contract Tower,0,3,16,0,19,0,3,31,0,34,0,6,47,0,53,70,0,70,123
02/24/2022,EWB,MA,ANE,EN,Federal Contract Tower,0,3,9,0,12,0,4,73,0,77,0,7,82,0,89,144,0,144,233
02/25/2022,EWB,MA,ANE,EN,Federal Contract Tower,0,4,4,0,8,0,0,0,0,0,0,4,4,0,8,0,0,0,8
02/26/2022,EWB,MA,ANE,EN,Federal Contract Tower,0,6,8,0,14,0,8,32,1,41,0,14,40,1,55,36,14,50,105
02/27/2022,EWB,MA,ANE,EN,Federal Contract Tower,0,2,8,0,10,0,6,53,2,61,0,8,61,2,71,74,0,74,145
02/28/2022,EWB,MA,ANE,EN,Federal Contract Tower,0,5,18,0,23,0,4,62,2,68,0,9,80,2,91,144,18,162,253
03/01/2022,EWB,MA,ANE,EN,Federal Contract Tower,0,3,12,3,18,0,8,46,2,56,0,11,58,5,74,76,0,76,150
03/02/2022,EWB,MA,ANE,EN,Federal Contract Tower,0,4,11,2,17,0,2,95,0,97,0,6,106,2,114,166,2,168,282
03/03/2022,EWB,MA,ANE,EN,Federal Contract Tower,0,4,6,4,14,0,1,50,0,51,0,5,56,4,65,98,0,98,163
03/04/2022,EWB,MA,ANE,EN,Federal Contract Tower,0,3,16,0,19,0,6,95,0,101,0,9,111,0,120,164,0,164,284
03/05/2022,EWB,MA,ANE,EN,Federal Contract Tower,0,4,5,0,9,0,11,93,0,104,0,15,98,0,113,62,0,62,175
03/06/2022,EWB,MA,ANE,EN,Federal Contract Tower,0,7,3,0,10,0,0,0,0,0,0,7,3,0,10,0,0,0,10
03/07/2022,EWB,MA,ANE,EN,Federal Contract Tower,0,5,10,0,15,0,1,13,0,14,0,6,23,0,29,64,0,64,93
03/08/2022,EWB,MA,ANE,EN,Federal Contract Tower,0,2,4,0,6,0,11,39,0,50,0,13,43,0,56,46,6,52,108
03/09/2022,EWB,MA,ANE,EN,Federal Contract Tower,0,5,3,0,8,0,15,12,0,27,0,20,15,0,35,36,0,36,71
03/10/2022,EWB,MA,ANE,EN,Federal Contract Tower,0,4,32,0,36,0,5,92,2,99,0,9,124,2,135,146,0,146,281
03/11/2022,EWB,MA,ANE,EN,Federal Contract Tower,0,12,9,0,21,0,9,58,2,69,0,21,67,2,90,130,0,130,220
03/12/2022,EWB,MA,ANE,EN,Federal Contract Tower,0,2,4,0,6,0,0,0,0,0,0,2,4,0,6,0,0,0,6
03/13/2022,EWB,MA,ANE,EN,Federal Contract Tower,0,4,1,0,5,0,2,13,0,15,0,6,14,0,20,20,0,20,40
03/14/2022,EWB,MA,ANE,EN,Federal Contract Tower,0,4,4,0,8,0,5,62,0,67,0,9,66,0,75,192,2,194,269
03/15/2022,EWB,MA,ANE,EN,Federal Contract Tower,0,6,17,2,25,0,8,91,0,99,0,14,108,2,124,116,4,120,244
03/16/2022,EWB,MA,ANE,EN,Federal Contract Tower,0,7,9,0,16,0,7,99,2,108,0,14,108,2,124,176,2,178,302
03/17/2022,EWB,MA,ANE,EN,Federal Contract Tower,0,5,6,0,11,0,0,5,0,5,0,5,11,0,16,4,0,4,20
03/18/2022,EWB,MA,ANE,EN,Federal Contract Tower,0,13,4,0,17,0,9,81,0,90,0,22,85,0,107,168,0,168,275
03/19/2022,EWB,MA,ANE,EN,Federal Contract Tower,0,2,3,0,5,0,0,0,0,0,0,2,3,0,5,0,0,0,5
03/20/2022,EWB,MA,ANE,EN,Federal Contract Tower,0,3,8,0,11,0,0,64,0,64,0,3,72,0,75,90,0,90,165
03/21/2022,EWB,MA,ANE,EN,Federal Contract Tower,0,4,13,0,17,0,9,55,0,64,0,13,68,0,81,116,0,116,197
03/22/2022,EWB,MA,ANE,EN,Federal Contract Tower,0,3,7,0,10,0,9,83,0,92,0,12,90,0,102,112,0,112,214
03/23/2022,EWB,MA,ANE,EN,Federal Contract Tower,0,2,8,4,14,0,6,96,0,102,0,8,104,4,116,176,0,176,292
03/24/2022,EWB,MA,ANE,EN,Federal Contract Tower,0,7,1,0,8,0,0,0,0,0,0,7,1,0,8,0,0,0,8
03/25/2022,EWB,MA,ANE,EN,Federal Contract Tower,0,6,12,0,18,0,9,59,0,68,0,15,71,0,86,124,0,124,210
03/26/2022,EWB,MA,ANE,EN,Federal Contract Tower,0,9,5,2,16,0,24,51,9,84,0,33,56,11,100,106,0,106,206
03/27/2022,EWB,MA,ANE,EN,Federal Contract Tower,0,3,7,0,10,0,2,82,0,84,0,5,89,0,94,82,0,82,176
03/28/2022,EWB,MA,ANE,EN,Federal Contract Tower,0,4,10,0,14,0,1,26,0,27,0,5,36,0,41,44,0,44,85
03/29/2022,EWB,MA,ANE,EN,Federal Contract Tower,0,5,4,0,9,0,20,69,3,92,0,25,73,3,101,96,0,96,197
03/30/2022,EWB,MA,ANE,EN,Federal Contract Tower,0,3,10,0,13,0,8,84,0,92,0,11,94,0,105,150,0,150,255
03/31/2022,EWB,MA,ANE,EN,Federal Contract Tower,0,9,7,0,16,0,0,0,0,0,0,9,7,0,16,2,0,2,18
04/01/2022,EWB,MA,ANE,EN,Federal Contract Tower,0,7,16,0,23,0,11,30,0,41,0,18,46,0,64,38,0,38,102
04/02/2022,EWB,MA,ANE,EN,Federal Contract Tower,0,2,12,0,14,0,3,61,0,64,0,5,73,0,78,94,0,94,172
04/03/2022,EWB,MA,ANE,EN,Federal Contract Tower,0,2,15,0,17,0,1,50,0,51,0,3,65,0,68,100,0,100,168
04/04/2022,EWB,MA,ANE,EN,Federal Contract Tower,0,7,10,0,17,0,3,67,0,70,0,10,77,0,87,104,0,104,191
04/05/2022,EWB,MA,ANE,EN,Federal Contract Tower,0,1,31,0,32,0,9,82,0,91,0,10,113,0,123,196,0,196,319
04/06/2022,EWB,MA,ANE,EN,Federal Contract Tower,0,10,9,0,19,0,0,0,0,0,0,10,9,0,19,0,0,0,19
04/07/2022,EWB,MA,ANE,EN,Federal Contract Tower,0,12,6,0,18,0,4,29,0,33,0,16,35,0,51,70,0,70,121
04/08/2022,EWB,MA,ANE,EN,Federal Contract Tower,0,6,12,0,18,0,7,35,0,42,0,13,47,0,60,66,0,66,126
04/09/2022,EWB,MA,ANE,EN,Federal Contract Tower,0,6,7,0,13,0,6,27,0,33,0,12,34,0,46,36,0,36,82
04/10/2022,EWB,MA,ANE,EN,Federal Contract Tower,0,5,6,1,12,0,1,63,0,64,0,6,69,1,76,96,0,96,172
04/11/2022,EWB,MA,ANE,EN,Federal Contract Tower,0,3,12,0,15,0,1,76,0,77,0,4,88,0,92,152,0,152,244
04/12/2022,EWB,MA,ANE,EN,Federal Contract Tower,0,4,4,0,8,0,7,73,0,80,0,11,77,0,88,60,0,60,148
04/13/2022,EWB,MA,ANE,EN,Federal Contract Tower,0,2,11,0,13,0,11,79,0,90,0,13,90,0,103,163,0,163,266
04/14/2022,EWB,MA,ANE,EN,Federal Contract Tower,0,22,7,4,33,0,17,39,2,58,0,39,46,6,91,102,28,130,221
04/15/2022,EWB,MA,ANE,EN,Federal Contract Tower,0,2,8,0,10,0,5,85,0,90,0,7,93,0,100,106,4,110,210
04/16/2022,EWB,MA,ANE,EN,Federal Contract Tower,0,5,5,1,11,0,3,18,4,25,0,8,23,5,36,0,24,24,60
04/17/2022,EWB,MA,ANE,EN,Federal Contract Tower,0,3,10,0,13,0,2,35,0,37,0,5,45,0,50,76,0,76,126
04/18/2022,EWB,MA,ANE,EN,Federal Contract Tower,0,3,15,0,18,0,2,35,0,37,0,5,50,0,55,64,0,64,119
04/19/2022,EWB,MA,ANE,EN,Federal Contract Tower,0,6,3,0,9,0,2,1,0,3,0,8,4,0,12,0,0,0,12
04/20/2022,EWB,MA,ANE,EN,Federal Contract Tower,0,9,19,0,28,0,14,63,0,77,0,23,82,0,105,152,22,174,279
04/21/2022,EWB,MA,ANE,EN,Federal Contract Tower,0,7,14,1,22,0,7,70,2,79,0,14,84,3,101,124,4,128,229
04/22/2022,EWB,MA,ANE,EN,Federal Contract Tower,0,9,9,0,18,0,16,60,0,76,0,25,69,0,94,96,0,96,190
04/23/2022,EWB,MA,ANE,EN,Federal Contract Tower,0,2,16,0,18,0,5,123,0,128,0,7,139,0,146,162,0,162,308
04/24/2022,EWB,MA,ANE,EN,Federal Contract Tower,0,6,16,0,22,0,14,66,0,80,0,20,82,0,102,154,0,154,256
04/25/2022,EWB,MA,ANE,EN,Federal Contract Tower,0,8,4,0,12,0,4,84,0,88,0,12,88,0,100,166,4,170,270
04/26/2022,EWB,MA,ANE,EN,Federal Contract Tower,0,7,6,1,14,0,2,11,1,14,0,9,17,2,28,44,0,44,72
04/27/2022,EWB,MA,ANE,EN,Federal Contract Tower,0,8,21,0,29,0,21,61,0,82,0,29,82,0,111,168,4,172,283
04/28/2022,EWB,MA,ANE,EN,Federal Contract Tower,0,4,26,0,30,0,4,49,0,53,0,8,75,0,83,72,2,74,157
04/29/2022,EWB,MA,ANE,EN,Federal Contract Tower,0,4,15,0,19,0,11,56,0,67,0,15,71,0,86,112,2,114,200
04/30/2022,EWB,MA,ANE,EN,Federal Contract Tower,0,6,14,0,20,0,14,78,4,96,0,20,92,4,116,94,0,94,210
05/01/2022,EWB,MA,ANE,EN,Federal Contract Tower,0,8,17,0,25,0,2,92,2,96,0,10,109,2,121,86,26,112,233
05/02/2022,EWB,MA,ANE,EN,Federal Contract Tower,0,5,6,0,11,0,3,37,0,40,0,8,43,0,51,156,6,162,213
05/03/2022,EWB,MA,ANE,EN,Federal Contract Tower,0,4,8,0,12,0,6,12,0,18,0,10,20,0,30,28,0,28,58
05/04/2022,EWB,MA,ANE,EN,Federal Contract Tower,0,11,7,0,18,0,1,0,0,1,0,12,7,0,19,2,0,2,21
05/05/2022,EWB,MA,ANE,EN,Federal Contract Tower,0,4,29,0,33,0,11,113,0,124,0,15,142,0,157,204,6,210,367
05/06/2022,EWB,MA,ANE,EN,Federal Contract Tower,0,6,10,0,16,0,11,57,0,68,0,17,67,0,84,174,0,174,258
05/07/2022,EWB,MA,ANE,EN,Federal Contract Tower,0,5,5,0,10,0,1,0,0,1,0,6,5,0,11,6,0,6,17
05/08/2022,EWB,MA,ANE,EN,Federal Contract Tower,0,2,6,0,8,0,4,4,0,8,0,6,10,0,16,2,0,2,18
05/09/2022,EWB,MA,ANE,EN,Federal Contract Tower,0,2,16,0,18,0,4,4,0,8,0,6,20,0,26,0,0,0,26
05/10/2022,EWB,MA,ANE,EN,Federal Contract Tower,0,8,4,0,12,0,12,25,0,37,0,20,29,0,49,32,0,32,81
05/11/2022,EWB,MA,ANE,EN,Federal Contract Tower,0,8,29,0,37,0,5,10,0,15,0,13,39,0,52,24,0,24,76
05/12/2022,EWB,MA,ANE,EN,Federal Contract Tower,0,9,29,0,38,0,3,27,0,30,0,12,56,0,68,64,0,64,132
05/13/2022,EWB,MA,ANE,EN,Federal Contract Tower,0,11,15,0,26,0,1,15,0,16,0,12,30,0,42,12,0,12,54
05/14/2022,EWB,MA,ANE,EN,Federal Contract Tower,0,11,19,0,30,0,12,48,0,60,0,23,67,0,90,78,0,78,168
05/15/2022,EWB,MA,ANE,EN,Federal Contract Tower,0,7,13,0,20,0,0,26,0,26,0,7,39,0,46,48,0,48,94
05/16/2022,EWB,MA,ANE,EN,Federal Contract Tower,0,9,10,0,19,0,1,13,0,14,0,10,23,0,33,26,0,26,59
05/17/2022,EWB,MA,ANE,EN,Federal Contract Tower,0,6,20,0,26,0,11,80,0,91,0,17,100,0,117,98,6,104,221
05/18/2022,EWB,MA,ANE,EN,Federal Contract Tower,0,6,14,0,20,0,5,72,2,79,0,11,86,2,99,114,20,134,233
05/19/2022,EWB,MA,ANE,EN,Federal Contract Tower,0,18,6,0,24,0,1,0,0,1,0,19,6,0,25,2,0,2,27
05/20/2022,EWB,MA,ANE,EN,Federal Contract Tower,0,6,30,0,36,0,7,57,0,64,0,13,87,0,100,136,0,136,236
05/21/2022,EWB,MA,ANE,EN,Federal Contract Tower,0,23,7,0,30,0,4,37,2,43,0,27,44,2,73,52,8,60,133
05/22/2022,EWB,MA,ANE,EN,Federal Contract Tower,0,3,7,0,10,0,4,91,0,95,0,7,98,0,105,102,0,102,207
05/23/2022,EWB,MA,ANE,EN,Federal Contract Tower,0,9,13,0,22,0,3,63,1,67,0,12,76,1,89,124,12,136,225
05/24/2022,EWB,MA,ANE,EN,Federal Contract Tower,0,9,11,0,20,0,10,82,0,92,0,19,93,0,112,108,0,108,220
05/25/2022,EWB,MA,ANE,EN,Federal Contract Tower,0,5,19,0,24,0,22,110,0,132,0,27,129,0,156,178,0,178,334
05/26/2022,EWB,MA,ANE,EN,Federal Contract Tower,0,8,26,2,36,0,9,56,0,65,0,17,82,2,101,100,0,100,201
05/27/2022,EWB,MA,ANE,EN,Federal Contract Tower,0,8,13,0,21,0,0,6,0,6,0,8,19,0,27,0,0,0,27
05/28/2022,EWB,MA,ANE,EN,Federal Contract Tower,0,5,5,0,10,0,0,0,0,0,0,5,5,0,10,0,0,0,10
05/29/2022,EWB,MA,ANE,EN,Federal Contract Tower,0,4,14,0,18,0,2,79,0,81,0,6,93,0,99,60,0,60,159
05/30/2022,EWB,MA,ANE,EN,Federal Contract Tower,0,6,3,0,9,0,5,42,0,47,0,11,45,0,56,30,0,30,86
05/31/2022,EWB,MA,ANE,EN,Federal Contract Tower,0,4,12,0,16,0,9,74,0,83,0,13,86,0,99,106,0,106,205
06/01/2022,EWB,MA,ANE,EN,Federal Contract Tower,0,6,5,0,11,0,12,52,0,64,0,18,57,0,75,98,0,98,173
06/02/2022,EWB,MA,ANE,EN,Federal Contract Tower,0,14,24,0,38,0,2,17,0,19,0,16,41,0,57,26,0,26,83
06/03/2022,EWB,MA,ANE,EN,Federal Contract Tower,0,6,17,0,23,0,4,27,0,31,0,10,44,0,54,20,0,20,74
06/04/2022,EWB,MA,ANE,EN,Federal Contract Tower,0,8,13,0,21,0,1,37,0,38,0,9,50,0,59,94,0,94,153
06/05/2022,EWB,MA,ANE,EN,Federal Contract Tower,0,7,13,0,20,0,1,92,0,93,0,8,105,0,113,84,0,84,197
06/06/2022,EWB,MA,ANE,EN,Federal Contract Tower,0,8,8,0,16,0,9,80,1,90,0,17,88,1,106,162,10,172,278
06/07/2022,EWB,MA,ANE,EN,Federal Contract Tower,0,6,6,0,12,0,11,61,0,72,0,17,67,0,84,144,8,152,236
06/08/2022,EWB,MA,ANE,EN,Federal Contract Tower,0,5,10,0,15,0,2,22,0,24,0,7,32,0,39,22,0,22,61
06/09/2022,EWB,MA,ANE,EN,Federal Contract Tower,0,9,6,0,15,0,0,4,0,4,0,9,10,0,19,18,0,18,37
06/10/2022,EWB,MA,ANE,EN,Federal Contract Tower,0,2,19,0,21,0,6,70,0,76,0,8,89,0,97,164,0,164,261
06/11/2022,EWB,MA,ANE,EN,Federal Contract Tower,0,6,7,0,13,0,8,52,0,60,0,14,59,0,73,56,0,56,129
06/12/2022,EWB,MA,ANE,EN,Federal Contract Tower,0,3,16,0,19,0,2,35,0,37,0,5,51,0,56,28,2,30,86
06/13/2022,EWB,MA,ANE,EN,Federal Contract Tower,0,8,16,0,24,0,3,35,0,38,0,11,51,0,62,32,0,32,94
06/14/2022,EWB,MA,ANE,EN,Federal Contract Tower,0,4,37,3,44,0,8,110,10,128,0,12,147,13,172,140,4,144,316
06/15/2022,EWB,MA,ANE,EN,Federal Contract Tower,0,4,4,0,8,0,9,95,0,104,0,13,99,0,112,76,0,76,188
06/16/2022,EWB,MA,ANE,EN,Federal Contract Tower,0,6,7,0,13,0,11,92,0,103,0,17,99,0,116,144,10,154,270
06/17/2022,EWB,MA,ANE,EN,Federal Contract Tower,0,5,11,0,16,0,7,6,0,13,0,12,17,0,29,0,0,0,29
06/18/2022,EWB,MA,ANE,EN,Federal Contract Tower,0,1,4,0,5,0,2,50,0,52,0,3,54,0,57,46,0,46,103
06/19/2022,EWB,MA,ANE,EN,Federal Contract Tower,0,2,9,0,11,0,1,43,0,44,0,3,52,0,55,46,0,46,101
06/20/2022,EWB,MA,ANE,EN,Federal Contract Tower,0,3,8,0,11,0,5,59,0,64,0,8,67,0,75,56,0,56,131
06/21/2022,EWB,MA,ANE,EN,Federal Contract Tower,0,3,14,0,17,0,13,95,4,112,0,16,109,4,129,140,0,140,269
06/22/2022,EWB,MA,ANE,EN,Federal Contract Tower,0,8,22,0,30,0,7,28,0,35,0,15,50,0,65,50,4,54,119
06/23/2022,EWB,MA,ANE,EN,Federal Contract Tower,0,11,32,0,43,0,14,54,2,70,0,25,86,2,113,170,0,170,283
06/24/2022,EWB,MA,ANE,EN,Federal Contract Tower,0,13,9,0,22,0,7,63,0,70,0,20,72,0,92,138,0,138,230
06/25/2022,EWB,MA,ANE,EN,Federal Contract Tower,0,6,6,0,12,0,10,80,0,90,0,16,86,0,102,100,0,100,202
06/26/2022,EWB,MA,ANE,EN,Federal Contract Tower,0,16,6,0,22,0,3,75,0,78,0,19,81,0,100,114,0,114,214
06/27/2022,EWB,MA,ANE,EN,Federal Contract Tower,0,12,10,0,22,0,1,9,0,10,0,13,19,0,32,2,0,2,34
06/28/2022,EWB,MA,ANE,EN,Federal Contract Tower,0,2,17,0,19,0,11,96,7,114,0,13,113,7,133,144,6,150,283
06/29/2022,EWB,MA,ANE,EN,Federal Contract Tower,0,6,9,0,15,0,7,87,0,94,0,13,96,0,109,116,4,120,229
06/30/2022,EWB,MA,ANE,EN,Federal Contract Tower,0,4,7,2,13,0,7,89,0,96,0,11,96,2,109,154,2,156,265
07/01/2022,EWB,MA,ANE,EN,Federal Contract Tower,0,9,18,0,27,0,10,70,1,81,0,19,88,1,108,134,6,140,248
07/02/2022,EWB,MA,ANE,EN,Federal Contract Tower,0,10,6,1,17,0,1,1,0,2,0,11,7,1,19,0,0,0,19
07/03/2022,EWB,MA,ANE,EN,Federal Contract Tower,0,3,11,0,14,0,2,59,0,61,0,5,70,0,75,64,0,64,139
07/04/2022,EWB,MA,ANE,EN,Federal Contract Tower,0,3,3,0,6,0,5,51,0,56,0,8,54,0,62,16,2,18,80
07/05/2022,EWB,MA,ANE,EN,Federal Contract Tower,0,9,8,0,17,0,5,60,0,65,0,14,68,0,82,56,0,56,138
07/06/2022,EWB,MA,ANE,EN,Federal Contract Tower,0,11,14,0,25,0,7,59,0,66,0,18,73,0,91,70,0,70,161
07/07/2022,EWB,MA,ANE,EN,Federal Contract Tower,0,4,21,2,27,0,5,89,2,96,0,9,110,4,123,176,0,176,299
07/08/2022,EWB,MA,ANE,EN,Federal Contract Tower,0,3,9,0,12,0,4,78,0,82,0,7,87,0,94,120,0,120,214
07/09/2022,EWB,MA,ANE,EN,Federal Contract Tower,0,8,24,0,32,0,1,79,0,80,0,9,103,0,112,104,2,106,218
07/10/2022,EWB,MA,ANE,EN,Federal Contract Tower,0,4,7,0,11,0,4,62,0,66,0,8,69,0,77,68,0,68,145
07/11/2022,EWB,MA,ANE,EN,Federal Contract Tower,0,2,11,0,13,0,7,80,0,87,0,9,91,0,100,86,0,86,186
07/12/2022,EWB,MA,ANE,EN,Federal Contract Tower,0,12,2,0,14,0,12,35,2,49,0,24,37,2,63,44,0,44,107
07/13/2022,EWB,MA,ANE,EN,Federal Contract Tower,0,5,18,4,27,0,15,97,1,113,0,20,115,5,140,166,6,172,312
07/14/2022,EWB,MA,ANE,EN,Federal Contract Tower,0,17,13,0,30,0,13,67,0,80,0,30,80,0,110,140,0,140,250
07/15/2022,EWB,MA,ANE,EN,Federal Contract Tower,0,9,24,0,33,0,27,69,0,96,0,36,93,0,129,94,14,108,237
07/16/2022,EWB,MA,ANE,EN,Federal Contract Tower,0,3,4,0,7,0,7,42,0,49,0,10,46,0,56,58,0,58,114
07/17/2022,EWB,MA,ANE,EN,Federal Contract Tower,0,12,12,0,24,0,3,25,0,28,0,15,37,0,52,4,0,4,56
07/18/2022,EWB,MA,ANE,EN,Federal Contract Tower,0,16,9,2,27,0,0,0,0,0,0,16,9,2,27,0,0,0,27
07/19/2022,EWB,MA,ANE,EN,Federal Contract Tower,0,10,15,0,25,0,13,76,0,89,0,23,91,0,114,70,0,70,184
07/20/2022,EWB,MA,ANE,EN,Federal Contract Tower,0,12,2,0,14,0,14,32,10,56,0,26,34,10,70,28,2,30,100
07/21/2022,EWB,MA,ANE,EN,Federal Contract Tower,0,19,21,0,40,0,2,11,0,13,0,21,32,0,53,6,0,6,59
07/22/2022,EWB,MA,ANE,EN,Federal Contract Tower,0,13,19,0,32,0,15,85,0,100,0,28,104,0,132,90,0,90,222
07/23/2022,EWB,MA,ANE,EN,Federal Contract Tower,0,7,10,0,17,0,5,51,0,56,0,12,61,0,73,68,0,68,141
07/24/2022,EWB,MA,ANE,EN,Federal Contract Tower,0,10,17,0,27,0,2,28,0,30,0,12,45,0,57,12,0,12,69
07/25/2022,EWB,MA,ANE,EN,Federal Contract Tower,0,10,15,0,25,0,0,0,0,0,0,10,15,0,25,0,2,2,27
07/26/2022,EWB,MA,ANE,EN,Federal Contract Tower,0,7,17,0,24,0,20,99,1,120,0,27,116,1,144,100,24,124,268
07/27/2022,EWB,MA,ANE,EN,Federal Contract Tower,0,12,13,0,25,0,16,85,0,101,0,28,98,0,126,130,0,130,256
07/28/2022,EWB,MA,ANE,EN,Federal Contract Tower,0,11,12,0,23,0,9,18,0,27,0,20,30,0,50,22,0,22,72
07/29/2022,EWB,MA,ANE,EN,Federal Contract Tower,0,4,28,0,32,0,11,67,0,78,0,15,95,0,110,64,0,64,174
07/30/2022,EWB,MA,ANE,EN,Federal Contract Tower,0,11,5,0,16,0,7,41,0,48,0,18,46,0,64,24,0,24,88
07/31/2022,EWB,MA,ANE,EN,Federal Contract Tower,0,4,10,0,14,0,5,63,0,68,0,9,73,0,82,66,0,66,148
08/01/2022,EWB,MA,ANE,EN,Federal Contract Tower,0,9,15,2,26,0,2,12,0,14,0,11,27,2,40,10,0,10,50
08/02/2022,EWB,MA,ANE,EN,Federal Contract Tower,0,5,15,0,20,0,15,60,0,75,0,20,75,0,95,40,0,40,135
08/03/2022,EWB,MA,ANE,EN,Federal Contract Tower,0,7,9,0,16,0,11,63,0,74,0,18,72,0,90,64,0,64,154
08/04/2022,EWB,MA,ANE,EN,Federal Contract Tower,0,10,17,0,27,0,10,44,0,54,0,20,61,0,81,58,0,58,139
08/05/2022,EWB,MA,ANE,EN,Federal Contract Tower,0,9,13,0,22,0,18,57,0,75,0,27,70,0,97,42,2,44,141
08/06/2022,EWB,MA,ANE,EN,Federal Contract Tower,0,6,18,0,24,0,13,64,0,77,0,19,82,0,101,34,0,34,135
08/07/2022,EWB,MA,ANE,EN,Federal Contract Tower,0,6,15,0,21,0,6,32,0,38,0,12,47,0,59,46,0,46,105
08/08/2022,EWB,MA,ANE,EN,Federal Contract Tower,0,1,8,0,9,0,7,34,1,42,0,8,42,1,51,22,2,24,75
08/09/2022,EWB,MA,ANE,EN,Federal Contract Tower,0,7,7,0,14,0,17,63,0,80,0,24,70,0,94,62,4,66,160
08/10/2022,EWB,MA,ANE,EN,Federal Contract Tower,0,12,22,3,37,0,10,14,0,24,0,22,36,3,61,40,2,42,103
08/11/2022,EWB,MA,ANE,EN,Federal Contract Tower,0,18,25,0,43,0,0,0,0,0,0,18,25,0,43,2,0,2,45
08/12/2022,EWB,MA,ANE,EN,Federal Contract Tower,0,7,19,0,26,0,14,118,0,132,0,21,137,0,158,80,0,80,238
08/13/2022,EWB,MA,ANE,EN,Federal Contract Tower,0,8,12,0,20,0,7,75,0,82,0,15,87,0,102,110,0,110,212
08/14/2022,EWB,MA,ANE,EN,Federal Contract Tower,0,5,21,0,26,0,7,105,0,112,0,12,126,0,138,144,0,144,282
08/15/2022,EWB,MA,ANE,EN,Federal Contract Tower,0,12,7,0,19,0,1,82,0,83,0,13,89,0,102,142,12,154,256
08/16/2022,EWB,MA,ANE,EN,Federal Contract Tower,0,5,23,0,28,0,13,60,2,75,0,18,83,2,103,112,2,114,217
08/17/2022,EWB,MA,ANE,EN,Federal Contract Tower,0,5,8,0,13,0,10,41,2,53,0,15,49,2,66,62,4,66,132
08/18/2022,EWB,MA,ANE,EN,Federal Contract Tower,0,4,21,0,25,0,19,71,0,90,0,23,92,0,115,140,0,140,255
08/19/2022,EWB,MA,ANE,EN,Federal Contract Tower,0,6,12,0,18,0,16,97,0,113,0,22,109,0,131,154,0,154,285
08/20/2022,EWB,MA,ANE,EN,Federal Contract Tower,0,3,8,0,11,0,2,89,0,91,0,5,97,0,102,102,0,102,204
08/21/2022,EWB,MA,ANE,EN,Federal Contract Tower,0,11,22,0,33,0,1,76,0,77,0,12,98,0,110,68,0,68,178
08/22/2022,EWB,MA,ANE,EN,Federal Contract Tower,0,9,6,0,15,0,0,0,0,0,0,9,6,0,15,0,0,0,15
08/23/2022,EWB,MA,ANE,EN,Federal Contract Tower,0,20,6,0,26,0,4,9,0,13,0,24,15,0,39,24,0,24,63
08/24/2022,EWB,MA,ANE,EN,Federal Contract Tower,0,20,16,0,36,0,8,98,0,106,0,28,114,0,142,230,22,252,394
08/25/2022,EWB,MA,ANE,EN,Federal Contract Tower,0,25,21,0,46,0,29,114,4,147,0,54,135,4,193,220,0,220,413
08/26/2022,EWB,MA,ANE,EN,Federal Contract Tower,0,3,10,0,13,0,9,58,0,67,0,12,68,0,80,90,0,90,170
08/27/2022,EWB,MA,ANE,EN,Federal Contract Tower,0,19,8,0,27,0,13,62,0,75,0,32,70,0,102,36,0,36,138
08/28/2022,EWB,MA,ANE,EN,Federal Contract Tower,0,12,13,0,25,0,3,63,0,66,0,15,76,0,91,91,0,91,182
08/29/2022,EWB,MA,ANE,EN,Federal Contract Tower,0,5,16,0,21,0,3,69,2,74,0,8,85,2,95,126,0,126,221
08/30/2022,EWB,MA,ANE,EN,Federal Contract Tower,0,12,21,0,33,0,6,44,0,50,0,18,65,0,83,62,2,64,147
08/31/2022,EWB,MA,ANE,EN,Federal Contract Tower,0,8,12,0,20,0,13,72,0,85,0,21,84,0,105,152,0,152,257
09/01/2022,EWB,MA,ANE,EN,Federal Contract Tower,0,4,5,0,9,0,22,98,0,120,0,26,103,0,129,220,0,220,349
09/02/2022,EWB,MA,ANE,EN,Federal Contract Tower,0,7,10,0,17,0,14,92,0,106,0,21,102,0,123,256,0,256,379
09/03/2022,EWB,MA,ANE,EN,Federal Contract Tower,0,5,5,0,10,0,9,83,0,92,0,14,88,0,102,152,0,152,254
09/04/2022,EWB,MA,ANE,EN,Federal Contract Tower,0,2,5,0,7,0,7,62,0,69,0,9,67,0,76,60,10,70,146
09/05/2022,EWB,MA,ANE,EN,Federal Contract Tower,0,8,3,0,11,0,2,21,0,23,0,10,24,0,34,4,0,4,38
09/06/2022,EWB,MA,ANE,EN,Federal Contract Tower,0,8,6,0,14,0,2,0,0,2,0,10,6,0,16,0,0,0,16
09/07/2022,EWB,MA,ANE,EN,Federal Contract Tower,0,5,30,4,39,0,4,13,0,17,0,9,43,4,56,12,0,12,68
09/08/2022,EWB,MA,ANE,EN,Federal Contract Tower,0,2,20,2,24,0,9,63,4,76,0,11,83,6,100,86,6,92,192
09/09/2022,EWB,MA,ANE,EN,Federal Contract Tower,0,4,14,0,18,0,5,64,0,69,0,9,78,0,87,142,0,142,229
09/10/2022,EWB,MA,ANE,EN,Federal Contract Tower,0,2,6,0,8,0,16,76,2,94,0,18,82,2,102,150,0,150,252
09/11/2022,EWB,MA,ANE,EN,Federal Contract Tower,0,2,20,0,22,0,3,65,0,68,0,5,85,0,90,160,0,160,250
09/12/2022,EWB,MA,ANE,EN,Federal Contract Tower,0,12,16,0,28,0,0,0,0,0,0,12,16,0,28,0,0,0,28
09/13/2022,EWB,MA,ANE,EN,Federal Contract Tower,0,11,10,0,21,0,0,0,0,0,0,11,10,0,21,0,0,0,21
09/14/2022,EWB,MA,ANE,EN,Federal Contract Tower,0,6,11,2,19,0,13,90,0,103,0,19,101,2,122,102,2,104,226
09/15/2022,EWB,MA,ANE,EN,Federal Contract Tower,0,4,22,0,26,0,9,103,2,114,0,13,125,2,140,182,0,182,322
09/16/2022,EWB,MA,ANE,EN,Federal Contract Tower,0,2,22,0,24,0,11,106,0,117,0,13,128,0,141,110,0,110,251
09/17/2022,EWB,MA,ANE,EN,Federal Contract Tower,0,5,9,0,14,0,6,79,0,85,0,11,88,0,99,138,0,138,237
09/18/2022,EWB,MA,ANE,EN,Federal Contract Tower,0,7,6,0,13,0,4,53,0,57,0,11,59,0,70,66,0,66,136
09/19/2022,EWB,MA,ANE,EN,Federal Contract Tower,0,5,13,0,18,0,0,0,0,0,0,5,13,0,18,0,0,0,18
09/20/2022,EWB,MA,ANE,EN,Federal Contract Tower,0,7,22,0,29,0,0,0,0,0,0,7,22,0,29,0,0,0,29
09/21/2022,EWB,MA,ANE,EN,Federal Contract Tower,0,9,48,0,57,0,7,75,0,82,0,16,123,0,139,98,0,98,237
09/22/2022,EWB,MA,ANE,EN,Federal Contract Tower,0,9,4,0,13,0,0,1,0,1,0,9,5,0,14,4,0,4,18
09/23/2022,EWB,MA,ANE,EN,Federal Contract Tower,0,4,11,0,15,0,7,57,2,66,0,11,68,2,81,84,8,92,173
09/24/2022,EWB,MA,ANE,EN,Federal Contract Tower,0,5,15,0,20,0,10,81,0,91,0,15,96,0,111,114,0,114,225
09/25/2022,EWB,MA,ANE,EN,Federal Contract Tower,0,6,5,0,11,0,3,91,0,94,0,9,96,0,105,138,0,138,243
09/26/2022,EWB,MA,ANE,EN,Federal Contract Tower,0,6,14,0,20,0,4,49,0,53,0,10,63,0,73,96,18,114,187
09/27/2022,EWB,MA,ANE,EN,Federal Contract Tower,0,4,8,0,12,0,7,80,0,87,0,11,88,0,99,118,10,128,227
09/28/2022,EWB,MA,ANE,EN,Federal Contract Tower,0,3,20,0,23,0,16,146,0,162,0,19,166,0,185,184,0,184,369
09/29/2022,EWB,MA,ANE,EN,Federal Contract Tower,0,1,26,0,27,0,5,112,0,117,0,6,138,0,144,148,0,148,292
09/30/2022,EWB,MA,ANE,EN,Federal Contract Tower,0,2,8,0,10,0,26,64,0,90,0,28,72,0,100,168,2,170,270
10/02/2022,EWB,MA,ANE,EN,Federal Contract Tower,0,3,3,0,6,0,4,1,0,5,0,7,4,0,11,0,0,0,11
10/03/2022,EWB,MA,ANE,EN,Federal Contract Tower,0,7,7,0,14,0,7,24,0,31,0,14,31,0,45,22,0,22,67
10/04/2022,EWB,MA,ANE,EN,Federal Contract Tower,0,11,8,0,19,0,1,3,0,4,0,12,11,0,23,0,0,0,23
10/05/2022,EWB,MA,ANE,EN,Federal Contract Tower,0,11,19,0,30,0,0,0,0,0,0,11,19,0,30,0,0,0,30
10/06/2022,EWB,MA,ANE,EN,Federal Contract Tower,0,11,21,0,32,0,8,68,4,80,0,19,89,4,112,104,2,106,218
10/07/2022,EWB,MA,ANE,EN,Federal Contract Tower,0,8,22,0,30,0,8,112,0,120,0,16,134,0,150,110,0,110,260
10/08/2022,EWB,MA,ANE,EN,Federal Contract Tower,0,6,20,0,26,0,3,76,0,79,0,9,96,0,105,168,0,168,273
10/10/2022,EWB,MA,ANE,EN,Federal Contract Tower,0,8,4,0,12,0,4,48,0,52,0,12,52,0,64,72,0,72,136
10/11/2022,EWB,MA,ANE,EN,Federal Contract Tower,0,4,17,0,21,0,15,68,0,83,0,19,85,0,104,98,0,98,202
10/12/2022,EWB,MA,ANE,EN,Federal Contract Tower,0,2,4,0,6,0,9,98,0,107,0,11,102,0,113,154,0,154,267
10/13/2022,EWB,MA,ANE,EN,Federal Contract Tower,0,12,14,0,26,0,9,25,0,34,0,21,39,0,60,46,0,46,106
10/14/2022,EWB,MA,ANE,EN,Federal Contract Tower,0,7,12,0,19,0,0,29,0,29,0,7,41,0,48,26,0,26,74
10/15/2022,EWB,MA,ANE,EN,Federal Contract Tower,0,7,11,0,18,0,2,93,2,97,0,9,104,2,115,118,0,118,233
10/16/2022,EWB,MA,ANE,EN,Federal Contract Tower,0,4,10,0,14,0,3,75,0,78,0,7,85,0,92,78,0,78,170
10/17/2022,EWB,MA,ANE,EN,Federal Contract Tower,0,4,5,0,9,0,6,39,2,47,0,10,44,2,56,58,2,60,116
10/18/2022,EWB,MA,ANE,EN,Federal Contract Tower,0,9,17,0,26,0,8,45,0,53,0,17,62,0,79,66,12,78,157
10/19/2022,EWB,MA,ANE,EN,Federal Contract Tower,0,1,24,0,25,0,10,89,0,99,0,11,113,0,124,114,8,122,246
10/20/2022,EWB,MA,ANE,EN,Federal Contract Tower,0,1,4,2,7,0,9,77,2,88,0,10,81,4,95,120,8,128,223
10/21/2022,EWB,MA,ANE,EN,Federal Contract Tower,0,3,16,0,19,0,6,109,2,117,0,9,125,2,136,116,0,116,252
10/22/2022,EWB,MA,ANE,EN,Federal Contract Tower,0,2,7,0,9,0,11,84,10,105,0,13,91,10,114,130,0,130,244
10/23/2022,EWB,MA,ANE,EN,Federal Contract Tower,0,3,11,0,14,0,1,15,0,16,0,4,26,0,30,32,0,32,62
10/24/2022,EWB,MA,ANE,EN,Federal Contract Tower,0,13,1,0,14,0,0,0,0,0,0,13,1,0,14,0,0,0,14
10/25/2022,EWB,MA,ANE,EN,Federal Contract Tower,0,14,8,0,22,0,0,0,0,0,0,14,8,0,22,0,0,0,22
10/26/2022,EWB,MA,ANE,EN,Federal Contract Tower,0,11,10,0,21,0,0,0,0,0,0,11,10,0,21,0,0,0,21
10/27/2022,EWB,MA,ANE,EN,Federal Contract Tower,0,12,8,0,20,0,20,91,0,111,0,32,99,0,131,156,4,160,291
10/28/2022,EWB,MA,ANE,EN,Federal Contract Tower,0,8,10,0,18,0,5,51,0,56,0,13,61,0,74,104,0,104,178
10/29/2022,EWB,MA,ANE,EN,Federal Contract Tower,0,13,7,0,20,0,13,96,10,119,0,26,103,10,139,106,4,110,249
10/30/2022,EWB,MA,ANE,EN,Federal Contract Tower,0,6,3,0,9,0,4,49,0,53,0,10,52,0,62,96,0,96,158
10/31/2022,EWB,MA,ANE,EN,Federal Contract Tower,0,5,15,1,21,0,0,5,0,5,0,5,20,1,26,20,0,20,46
11/01/2022,EWB,MA,ANE,EN,Federal Contract Tower,0,8,7,0,15,0,0,0,0,0,0,8,7,0,15,0,0,0,15
11/02/2022,EWB,MA,ANE,EN,Federal Contract Tower,0,0,16,0,16,0,8,112,4,124,0,8,128,4,140,150,6,156,296
11/03/2022,EWB,MA,ANE,EN,Federal Contract Tower,0,0,11,0,11,0,8,97,0,105,0,8,108,0,116,254,0,254,370
11/04/2022,EWB,MA,ANE,EN,Federal Contract Tower,0,2,9,0,11,0,4,49,0,53,0,6,58,0,64,78,0,78,142
11/05/2022,EWB,MA,ANE,EN,Federal Contract Tower,0,5,7,1,13,0,6,55,0,61,0,11,62,1,74,136,0,136,210
11/06/2022,EWB,MA,ANE,EN,Federal Contract Tower,0,8,15,0,23,0,2,40,0,42,0,10,55,0,65,56,0,56,121
11/07/2022,EWB,MA,ANE,EN,Federal Contract Tower,0,5,6,0,11,0,7,59,0,66,0,12,65,0,77,88,0,88,165
11/08/2022,EWB,MA,ANE,EN,Federal Contract Tower,0,0,4,0,4,0,9,60,0,69,0,9,64,0,73,96,0,96,169
11/09/2022,EWB,MA,ANE,EN,Federal Contract Tower,0,1,9,0,10,0,8,80,0,88,0,9,89,0,98,108,4,112,210
11/10/2022,EWB,MA,ANE,EN,Federal Contract Tower,0,0,7,0,7,0,7,87,0,94,0,7,94,0,101,96,0,96,197
11/11/2022,EWB,MA,ANE,EN,Federal Contract Tower,0,5,7,0,12,0,8,100,0,108,0,13,107,0,120,174,0,174,294
11/12/2022,EWB,MA,ANE,EN,Federal Contract Tower,0,1,4,0,5,0,1,5,0,6,0,2,9,0,11,0,0,0,11
11/13/2022,EWB,MA,ANE,EN,Federal Contract Tower,0,7,14,0,21,0,0,4,0,4,0,7,18,0,25,0,0,0,25
11/14/2022,EWB,MA,ANE,EN,Federal Contract Tower,0,0,15,0,15,0,7,88,6,101,0,7,103,6,116,134,10,144,260
11/15/2022,EWB,MA,ANE,EN,Federal Contract Tower,0,2,5,0,7,0,10,82,0,92,0,12,87,0,99,124,16,140,239
11/16/2022,EWB,MA,ANE,EN,Federal Contract Tower,0,5,4,0,9,0,8,9,0,17,0,13,13,0,26,6,14,20,46
11/17/2022,EWB,MA,ANE,EN,Federal Contract Tower,0,2,9,0,11,0,5,68,3,76,0,7,77,3,87,58,12,70,157
11/18/2022,EWB,MA,ANE,EN,Federal Contract Tower,0,3,12,0,15,0,3,57,0,60,0,6,69,0,75,80,12,92,167
11/19/2022,EWB,MA,ANE,EN,Federal Contract Tower,0,5,5,0,10,0,10,67,19,96,0,15,72,19,106,88,0,88,194
11/20/2022,EWB,MA,ANE,EN,Federal Contract Tower,0,2,0,0,2,0,2,15,0,17,0,4,15,0,19,6,0,6,25
11/21/2022,EWB,MA,ANE,EN,Federal Contract Tower,0,5,3,0,8,0,5,54,0,59,0,10,57,0,67,40,0,40,107
11/22/2022,EWB,MA,ANE,EN,Federal Contract Tower,0,5,13,3,21,0,7,91,5,103,0,12,104,8,124,112,2,114,238
11/23/2022,EWB,MA,ANE,EN,Federal Contract Tower,0,12,11,4,27,0,12,100,0,112,0,24,111,4,139,86,16,102,241
11/24/2022,EWB,MA,ANE,EN,Federal Contract Tower,0,1,0,0,1,0,4,0,4,8,0,5,0,4,9,0,0,0,9
11/25/2022,EWB,MA,ANE,EN,Federal Contract Tower,0,3,2,0,5,0,1,4,0,5,0,4,6,0,10,10,0,10,20
11/26/2022,EWB,MA,ANE,EN,Federal Contract Tower,0,4,5,0,9,0,4,61,2,67,0,8,66,2,76,96,16,112,188
11/27/2022,EWB,MA,ANE,EN,Federal Contract Tower,0,1,4,0,5,0,2,26,0,28,0,3,30,0,33,52,0,52,85
11/28/2022,EWB,MA,ANE,EN,Federal Contract Tower,0,2,12,0,14,0,6,59,1,66,0,8,71,1,80,84,4,88,168
11/29/2022,EWB,MA,ANE,EN,Federal Contract Tower,0,0,11,2,13,0,10,90,2,102,0,10,101,4,115,74,20,94,209
11/30/2022,EWB,MA,ANE,EN,Federal Contract Tower,0,2,7,0,9,0,4,9,0,13,0,6,16,0,22,16,0,16,38
12/01/2022,EWB,MA,ANE,EN,Federal Contract Tower,0,2,2,0,4,0,10,45,1,56,0,12,47,1,60,24,8,32,92
12/02/2022,EWB,MA,ANE,EN,Federal Contract Tower,0,1,13,2,16,0,14,88,3,105,0,15,101,5,121,98,4,102,223
12/03/2022,EWB,MA,ANE,EN,Federal Contract Tower,0,0,1,0,1,0,0,1,0,1,0,0,2,0,2,0,0,0,2
12/04/2022,EWB,MA,ANE,EN,Federal Contract Tower,0,0,17,0,17,0,2,88,2,92,0,2,105,2,109,138,0,138,247
12/05/2022,EWB,MA,ANE,EN,Federal Contract Tower,0,10,19,0,29,0,6,75,0,81,0,16,94,0,110,134,18,152,262
12/06/2022,EWB,MA,ANE,EN,Federal Contract Tower,0,2,13,0,15,0,10,72,0,82,0,12,85,0,97,92,0,92,189
12/07/2022,EWB,MA,ANE,EN,Federal Contract Tower,0,7,5,0,12,0,0,0,0,0,0,7,5,0,12,2,0,2,14
12/08/2022,EWB,MA,ANE,EN,Federal Contract Tower,0,3,23,0,26,0,7,100,0,107,0,10,123,0,133,158,0,158,291
12/09/2022,EWB,MA,ANE,EN,Federal Contract Tower,0,4,17,1,22,0,5,77,0,82,0,9,94,1,104,164,4,168,272
12/10/2022,EWB,MA,ANE,EN,Federal Contract Tower,0,3,6,0,9,0,0,0,0,0,0,3,6,0,9,0,0,0,9
12/11/2022,EWB,MA,ANE,EN,Federal Contract Tower,0,1,1,0,2,0,1,3,0,4,0,2,4,0,6,2,0,2,8
12/12/2022,EWB,MA,ANE,EN,Federal Contract Tower,0,2,3,0,5,0,10,0,0,10,0,12,3,0,15,4,0,4,19
12/13/2022,EWB,MA,ANE,EN,Federal Contract Tower,0,2,14,1,17,0,9,78,2,89,0,11,92,3,106,104,8,112,218
12/14/2022,EWB,MA,ANE,EN,Federal Contract Tower,0,0,6,0,6,0,17,58,0,75,0,17,64,0,81,38,0,38,119
12/15/2022,EWB,MA,ANE,EN,Federal Contract Tower,0,5,2,2,9,0,4,13,1,18,0,9,15,3,27,16,0,16,43
12/16/2022,EWB,MA,ANE,EN,Federal Contract Tower,0,5,5,0,10,0,0,0,0,0,0,5,5,0,10,0,0,0,10
12/18/2022,EWB,MA,ANE,EN,Federal Contract Tower,0,2,17,0,19,0,3,66,0,69,0,5,83,0,88,126,0,126,214
12/19/2022,EWB,MA,ANE,EN,Federal Contract Tower,0,2,8,0,10,0,5,37,0,42,0,7,45,0,52,68,0,68,120
12/20/2022,EWB,MA,ANE,EN,Federal Contract Tower,0,2,4,0,6,0,9,58,2,69,0,11,62,2,75,130,10,140,215
12/21/2022,EWB,MA,ANE,EN,Federal Contract Tower,0,4,17,0,21,0,15,109,0,124,0,19,126,0,145,116,0,116,261
12/22/2022,EWB,MA,ANE,EN,Federal Contract Tower,0,0,7,0,7,0,21,41,0,62,0,21,48,0,69,80,0,80,149
12/23/2022,EWB,MA,ANE,EN,Federal Contract Tower,0,0,1,0,1,0,0,0,0,0,0,0,1,0,1,0,0,0,1
12/24/2022,EWB,MA,ANE,EN,Federal Contract Tower,0,7,0,0,7,0,6,0,0,6,0,13,0,0,13,0,0,0,13
12/25/2022,EWB,MA,ANE,EN,Federal Contract Tower,0,0,1,0,1,0,1,0,0,1,0,1,1,0,2,0,0,0,2
12/26/2022,EWB,MA,ANE,EN,Federal Contract Tower,0,7,3,0,10,0,11,24,0,35,0,18,27,0,45,30,0,30,75
12/27/2022,EWB,MA,ANE,EN,Federal Contract Tower,0,5,18,0,23,0,14,83,0,97,0,19,101,0,120,126,0,126,246
12/28/2022,EWB,MA,ANE,EN,Federal Contract Tower,0,2,5,0,7,0,11,47,2,60,0,13,52,2,67,46,0,46,113
12/29/2022,EWB,MA,ANE,EN,Federal Contract Tower,0,3,8,0,11,0,17,108,0,125,0,20,116,0,136,128,0,128,264
12/30/2022,EWB,MA,ANE,EN,Federal Contract Tower,0,2,15,0,17,0,10,80,0,90,0,12,95,0,107,119,0,119,226
12/31/2022,EWB,MA,ANE,EN,Federal Contract Tower,0,2,1,0,3,0,0,0,0,0,0,2,1,0,3,0,0,0,3
01/01/2023,EWB,MA,ANE,EN,Federal Contract Tower,0,0,1,0,1,0,0,12,0,12,0,0,13,0,13,6,0,6,19
01/02/2023,EWB,MA,ANE,EN,Federal Contract Tower,0,1,8,0,9,0,3,39,0,42,0,4,47,0,51,40,0,40,91
01/03/2023,EWB,MA,ANE,EN,Federal Contract Tower,0,10,3,0,13,0,2,3,0,5,0,12,6,0,18,0,0,0,18
01/04/2023,EWB,MA,ANE,EN,Federal Contract Tower,0,4,3,0,7,0,0,0,0,0,0,4,3,0,7,0,0,0,7
01/05/2023,EWB,MA,ANE,EN,Federal Contract Tower,0,5,10,0,15,0,0,0,0,0,0,5,10,0,15,2,0,2,17
01/06/2023,EWB,MA,ANE,EN,Federal Contract Tower,0,4,0,0,4,0,0,0,0,0,0,4,0,0,4,0,0,0,4
01/07/2023,EWB,MA,ANE,EN,Federal Contract Tower,0,4,22,0,26,0,11,73,1,85,0,15,95,1,111,70,50,120,231
01/08/2023,EWB,MA,ANE,EN,Federal Contract Tower,0,0,10,0,10,0,1,74,2,77,0,1,84,2,87,140,2,142,229
01/09/2023,EWB,MA,ANE,EN,Federal Contract Tower,0,6,10,0,16,0,9,56,0,65,0,15,66,0,81,80,0,80,161
01/10/2023,EWB,MA,ANE,EN,Federal Contract Tower,0,0,22,0,22,0,7,87,0,94,0,7,109,0,116,182,0,182,298
01/12/2023,EWB,MA,ANE,EN,Federal Contract Tower,0,2,3,0,5,0,1,6,0,7,0,3,9,0,12,12,0,12,24
01/13/2023,EWB,MA,ANE,EN,Federal Contract Tower,0,8,3,0,11,0,0,0,0,0,0,8,3,0,11,0,0,0,11
01/14/2023,EWB,MA,ANE,EN,Federal Contract Tower,0,15,1,0,16,0,0,0,0,0,0,15,1,0,16,0,0,0,16
01/15/2023,EWB,MA,ANE,EN,Federal Contract Tower,0,3,2,0,5,0,0,0,0,0,0,3,2,0,5,0,0,0,5
01/16/2023,EWB,MA,ANE,EN,Federal Contract Tower,0,4,0,0,4,0,0,0,0,0,0,4,0,0,4,0,0,0,4
01/17/2023,EWB,MA,ANE,EN,Federal Contract Tower,0,2,6,0,8,0,6,62,0,68,0,8,68,0,76,98,12,110,186
01/18/2023,EWB,MA,ANE,EN,Federal Contract Tower,0,1,12,0,13,0,8,77,2,87,0,9,89,2,100,174,0,174,274
01/19/2023,EWB,MA,ANE,EN,Federal Contract Tower,0,11,13,0,24,0,23,47,0,70,0,34,60,0,94,64,0,64,158
01/20/2023,EWB,MA,ANE,EN,Federal Contract Tower,0,17,18,0,35,0,0,0,0,0,0,17,18,0,35,20,0,20,55
01/21/2023,EWB,MA,ANE,EN,Federal Contract Tower,0,1,10,0,11,0,2,32,0,34,0,3,42,0,45,116,0,116,161
01/22/2023,EWB,MA,ANE,EN,Federal Contract Tower,0,3,0,0,3,0,2,25,0,27,0,5,25,0,30,52,0,52,82
01/23/2023,EWB,MA,ANE,EN,Federal Contract Tower,0,6,0,0,6,0,1,0,0,1,0,7,0,0,7,0,0,0,7
01/24/2023,EWB,MA,ANE,EN,Federal Contract Tower,0,4,7,0,11,0,14,69,2,85,0,18,76,2,96,82,0,82,178
01/25/2023,EWB,MA,ANE,EN,Federal Contract Tower,0,2,4,2,8,0,8,56,0,64,0,10,60,2,72,78,0,78,150
01/26/2023,EWB,MA,ANE,EN,Federal Contract Tower,0,7,0,0,7,0,4,3,4,11,0,11,3,4,18,2,0,2,20
01/27/2023,EWB,MA,ANE,EN,Federal Contract Tower,0,2,15,0,17,0,15,104,0,119,0,17,119,0,136,146,0,146,282
01/28/2023,EWB,MA,ANE,EN,Federal Contract Tower,0,2,11,0,13,0,11,49,2,62,0,13,60,2,75,128,6,134,209
01/29/2023,EWB,MA,ANE,EN,Federal Contract Tower,0,1,6,0,7,0,0,51,0,51,0,1,57,0,58,54,0,54,112
01/30/2023,EWB,MA,ANE,EN,Federal Contract Tower,0,2,11,0,13,0,7,58,0,65,0,9,69,0,78,78,0,78,156
01/31/2023,EWB,MA,ANE,EN,Federal Contract Tower,0,2,6,0,8,0,8,26,0,34,0,10,32,0,42,18,8,26,68
02/01/2023,EWB,MA,ANE,EN,Federal Contract Tower,0,2,18,0,20,0,10,75,0,85,0,12,93,0,105,126,0,126,231
02/02/2023,EWB,MA,ANE,EN,Federal Contract Tower,0,2,22,0,24,0,7,80,2,89,0,9,102,2,113,106,8,114,227
02/03/2023,EWB,MA,ANE,EN,Federal Contract Tower,0,1,0,0,1,0,4,3,0,7,0,5,3,0,8,0,0,0,8
02/04/2023,EWB,MA,ANE,EN,Federal Contract Tower,0,0,4,0,4,0,0,15,0,15,0,0,19,0,19,30,0,30,49
02/05/2023,EWB,MA,ANE,EN,Federal Contract Tower,0,0,0,0,0,0,6,6,0,12,0,6,6,0,12,10,0,10,22
02/06/2023,EWB,MA,ANE,EN,Federal Contract Tower,0,2,9,0,11,0,2,22,0,24,0,4,31,0,35,20,0,20,55
02/07/2023,EWB,MA,ANE,EN,Federal Contract Tower,0,4,25,0,29,0,10,63,1,74,0,14,88,1,103,164,20,184,287
02/08/2023,EWB,MA,ANE,EN,Federal Contract Tower,0,5,18,0,23,0,22,84,0,106,0,27,102,0,129,172,0,172,301
02/09/2023,EWB,MA,ANE,EN,Federal Contract Tower,0,2,21,0,23,0,8,80,0,88,0,10,101,0,111,156,0,156,267
02/10/2023,EWB,MA,ANE,EN,Federal Contract Tower,0,3,8,0,11,0,2,20,0,22,0,5,28,0,33,42,0,42,75
02/11/2023,EWB,MA,ANE,EN,Federal Contract Tower,0,2,13,0,15,0,1,82,2,85,0,3,95,2,100,112,0,112,212
02/12/2023,EWB,MA,ANE,EN,Federal Contract Tower,0,0,20,0,20,0,3,86,0,89,0,3,106,0,109,148,0,148,257
02/13/2023,EWB,MA,ANE,EN,Federal Contract Tower,0,6,7,0,13,0,2,15,0,17,0,8,22,0,30,26,0,26,56
02/14/2023,EWB,MA,ANE,EN,Federal Contract Tower,0,1,14,0,15,0,6,73,3,82,0,7,87,3,97,118,0,118,215
02/15/2023,EWB,MA,ANE,EN,Federal Contract Tower,0,2,2,0,4,0,8,38,2,48,0,10,40,2,52,40,0,40,92
02/16/2023,EWB,MA,ANE,EN,Federal Contract Tower,0,3,13,0,16,0,11,88,0,99,0,14,101,0,115,146,0,146,261
02/17/2023,EWB,MA,ANE,EN,Federal Contract Tower,0,7,3,0,10,0,0,0,0,0,0,7,3,0,10,0,0,0,10
02/18/2023,EWB,MA,ANE,EN,Federal Contract Tower,0,2,16,0,18,0,0,70,1,71,0,2,86,1,89,100,0,100,189
02/19/2023,EWB,MA,ANE,EN,Federal Contract Tower,0,4,8,0,12,0,1,73,0,74,0,5,81,0,86,130,0,130,216
02/20/2023,EWB,MA,ANE,EN,Federal Contract Tower,0,4,10,0,14,0,1,14,0,15,0,5,24,0,29,22,0,22,51
02/21/2023,EWB,MA,ANE,EN,Federal Contract Tower,0,4,2,0,6,0,1,0,0,1,0,5,2,0,7,0,0,0,7
02/22/2023,EWB,MA,ANE,EN,Federal Contract Tower,0,7,14,0,21,0,15,64,0,79,0,22,78,0,100,142,0,142,242
02/23/2023,EWB,MA,ANE,EN,Federal Contract Tower,0,3,0,0,3,0,0,0,0,0,0,3,0,0,3,0,0,0,3
02/24/2023,EWB,MA,ANE,EN,Federal Contract Tower,0,3,4,0,7,0,2,8,0,10,0,5,12,0,17,0,0,0,17
02/25/2023,EWB,MA,ANE,EN,Federal Contract Tower,0,0,16,0,16,0,9,59,1,69,0,9,75,1,85,106,0,106,191
02/26/2023,EWB,MA,ANE,EN,Federal Contract Tower,0,1,5,0,6,0,2,37,0,39,0,3,42,0,45,154,0,154,199
02/27/2023,EWB,MA,ANE,EN,Federal Contract Tower,0,6,12,0,18,0,6,84,0,90,0,12,96,0,108,158,0,158,266
02/28/2023,EWB,MA,ANE,EN,Federal Contract Tower,0,1,0,0,1,0,0,0,0,0,0,1,0,0,1,0,0,0,1
03/01/2023,EWB,MA,ANE,EN,Federal Contract Tower,0,0,14,0,14,0,4,75,0,79,0,4,89,0,93,210,0,210,303
03/02/2023,EWB,MA,ANE,EN,Federal Contract Tower,0,4,0,0,4,0,1,2,0,3,0,5,2,0,7,0,0,0,7
03/03/2023,EWB,MA,ANE,EN,Federal Contract Tower,0,3,30,0,33,0,6,103,0,109,0,9,133,0,142,166,6,172,314
03/04/2023,EWB,MA,ANE,EN,Federal Contract Tower,0,3,1,0,4,0,0,0,0,0,0,3,1,0,4,0,0,0,4
03/05/2023,EWB,MA,ANE,EN,Federal Contract Tower,0,3,3,0,6,0,0,94,2,96,0,3,97,2,102,186,4,190,292
03/06/2023,EWB,MA,ANE,EN,Federal Contract Tower,0,8,10,0,18,0,4,46,0,50,0,12,56,0,68,50,12,62,130
03/07/2023,EWB,MA,ANE,EN,Federal Contract Tower,0,0,12,0,12,0,22,83,0,105,0,22,95,0,117,102,0,102,219
03/08/2023,EWB,MA,ANE,EN,Federal Contract Tower,0,0,6,2,8,0,9,23,6,38,0,9,29,8,46,12,14,26,72
03/09/2023,EWB,MA,ANE,EN,Federal Contract Tower,0,6,11,0,17,0,7,83,0,90,0,13,94,0,107,176,14,190,297
03/10/2023,EWB,MA,ANE,EN,Federal Contract Tower,0,5,16,0,21,0,4,101,2,107,0,9,117,2,128,156,6,162,290
03/11/2023,EWB,MA,ANE,EN,Federal Contract Tower,0,6,1,0,7,0,0,0,0,0,0,6,1,0,7,0,0,0,7
03/12/2023,EWB,MA,ANE,EN,Federal Contract Tower,0,1,10,0,11,0,4,60,0,64,0,5,70,0,75,134,0,134,209
03/13/2023,EWB,MA,ANE,EN,Federal Contract Tower,0,2,2,0,4,0,4,17,0,21,0,6,19,0,25,60,0,60,85
03/15/2023,EWB,MA,ANE,EN,Federal Contract Tower,0,0,6,0,6,0,3,7,0,10,0,3,13,0,16,10,0,10,26
03/16/2023,EWB,MA,ANE,EN,Federal Contract Tower,0,5,35,0,40,0,3,100,0,103,0,8,135,0,143,128,0,128,271
03/17/2023,EWB,MA,ANE,EN,Federal Contract Tower,0,1,20,0,21,0,10,86,0,96,0,11,106,0,117,190,0,190,307
03/18/2023,EWB,MA,ANE,EN,Federal Contract Tower,0,4,28,0,32,0,1,61,0,62,0,5,89,0,94,144,0,144,238
03/19/2023,EWB,MA,ANE,EN,Federal Contract Tower,0,0,14,0,14,0,0,25,0,25,0,0,39,0,39,8,0,8,47
03/20/2023,EWB,MA,ANE,EN,Federal Contract Tower,0,5,20,0,25,0,10,61,0,71,0,15,81,0,96,144,0,144,240
03/21/2023,EWB,MA,ANE,EN,Federal Contract Tower,0,1,21,0,22,0,11,99,0,110,0,12,120,0,132,140,0,140,272
03/22/2023,EWB,MA,ANE,EN,Federal Contract Tower,0,0,20,1,21,0,9,76,2,87,0,9,96,3,108,148,0,148,256
03/23/2023,EWB,MA,ANE,EN,Federal Contract Tower,0,3,4,0,7,0,2,12,0,14,0,5,16,0,21,2,2,4,25
03/24/2023,EWB,MA,ANE,EN,Federal Contract Tower,0,12,17,2,31,0,27,82,0,109,0,39,99,2,140,146,8,154,294
03/25/2023,EWB,MA,ANE,EN,Federal Contract Tower,0,4,11,0,15,0,4,19,0,23,0,8,30,0,38,64,0,64,102
03/26/2023,EWB,MA,ANE,EN,Federal Contract Tower,0,1,12,0,13,0,1,53,0,54,0,2,65,0,67,32,0,32,99
03/27/2023,EWB,MA,ANE,EN,Federal Contract Tower,0,3,23,0,26,0,6,81,0,87,0,9,104,0,113,124,0,124,237
03/28/2023,EWB,MA,ANE,EN,Federal Contract Tower,0,8,2,0,10,0,8,9,0,17,0,16,11,0,27,20,2,22,49
03/29/2023,EWB,MA,ANE,EN,Federal Contract Tower,0,4,18,0,22,0,13,103,0,116,0,17,121,0,138,166,2,168,306
03/30/2023,EWB,MA,ANE,EN,Federal Contract Tower,0,3,7,0,10,0,10,58,7,75,0,13,65,7,85,80,2,82,167
03/31/2023,EWB,MA,ANE,EN,Federal Contract Tower,0,1,15,0,16,0,5,71,0,76,0,6,86,0,92,170,2,172,264
04/01/2023,EWB,MA,ANE,EN,Federal Contract Tower,0,4,3,0,7,0,0,0,0,0,0,4,3,0,7,0,0,0,7
04/02/2023,EWB,MA,ANE,EN,Federal Contract Tower,0,0,2,0,2,0,8,42,0,50,0,8,44,0,52,64,0,64,116
04/03/2023,EWB,MA,ANE,EN,Federal Contract Tower,0,1,4,0,5,0,6,52,2,60,0,7,56,2,65,72,2,74,139
04/04/2023,EWB,MA,ANE,EN,Federal Contract Tower,0,1,12,0,13,0,5,81,0,86,0,6,93,0,99,102,0,102,201
04/05/2023,EWB,MA,ANE,EN,Federal Contract Tower,0,3,13,2,18,0,2,0,0,2,0,5,13,2,20,0,0,0,20
04/06/2023,EWB,MA,ANE,EN,Federal Contract Tower,0,3,5,0,8,0,2,8,0,10,0,5,13,0,18,38,0,38,56
04/07/2023,EWB,MA,ANE,EN,Federal Contract Tower,0,3,5,0,8,0,6,56,0,62,0,9,61,0,70,90,0,90,160
04/08/2023,EWB,MA,ANE,EN,Federal Contract Tower,0,1,2,0,3,0,2,85,0,87,0,3,87,0,90,238,0,238,328
04/09/2023,EWB,MA,ANE,EN,Federal Contract Tower,0,0,9,0,9,0,0,59,0,59,0,0,68,0,68,120,0,120,188
04/10/2023,EWB,MA,ANE,EN,Federal Contract Tower,0,3,26,1,30,0,1,76,0,77,0,4,102,1,107,136,2,138,245
04/11/2023,EWB,MA,ANE,EN,Federal Contract Tower,0,5,17,2,24,0,3,62,2,67,0,8,79,4,91,80,4,84,175
04/12/2023,EWB,MA,ANE,EN,Federal Contract Tower,0,5,7,0,12,0,3,32,0,35,0,8,39,0,47,44,0,44,91
04/13/2023,EWB,MA,ANE,EN,Federal Contract Tower,0,7,20,0,27,0,5,106,0,111,0,12,126,0,138,204,0,204,342
04/14/2023,EWB,MA,ANE,EN,Federal Contract Tower,0,2,16,0,18,0,8,80,0,88,0,10,96,0,106,236,0,236,342
04/15/2023,EWB,MA,ANE,EN,Federal Contract Tower,0,0,12,0,12,0,0,9,0,9,0,0,21,0,21,0,0,0,21
04/16/2023,EWB,MA,ANE,EN,Federal Contract Tower,0,1,10,0,11,0,0,1,0,1,0,1,11,0,12,0,0,0,12
04/17/2023,EWB,MA,ANE,EN,Federal Contract Tower,0,8,3,0,11,0,0,0,0,0,0,8,3,0,11,0,0,0,11
04/18/2023,EWB,MA,ANE,EN,Federal Contract Tower,0,3,2,0,5,0,4,43,0,47,0,7,45,0,52,26,0,26,78
04/19/2023,EWB,MA,ANE,EN,Federal Contract Tower,0,5,2,0,7,0,3,67,0,70,0,8,69,0,77,80,0,80,157
04/20/2023,EWB,MA,ANE,EN,Federal Contract Tower,0,3,8,0,11,0,7,77,0,84,0,10,85,0,95,164,0,164,259
04/21/2023,EWB,MA,ANE,EN,Federal Contract Tower,0,1,15,0,16,0,1,103,0,104,0,2,118,0,120,234,0,234,354
04/22/2023,EWB,MA,ANE,EN,Federal Contract Tower,0,4,13,0,17,0,0,5,0,5,0,4,18,0,22,42,0,42,64
04/23/2023,EWB,MA,ANE,EN,Federal Contract Tower,0,12,3,0,15,0,0,0,0,0,0,12,3,0,15,0,0,0,15
04/24/2023,EWB,MA,ANE,EN,Federal Contract Tower,0,12,21,0,33,0,0,42,0,42,0,12,63,0,75,90,0,90,165
04/25/2023,EWB,MA,ANE,EN,Federal Contract Tower,0,9,28,0,37,0,0,81,6,87,0,9,109,6,124,148,22,170,294
04/26/2023,EWB,MA,ANE,EN,Federal Contract Tower,0,0,5,0,5,0,10,44,0,54,0,10,49,0,59,176,0,176,235
04/27/2023,EWB,MA,ANE,EN,Federal Contract Tower,0,9,19,0,28,0,4,40,0,44,0,13,59,0,72,102,6,108,180
04/28/2023,EWB,MA,ANE,EN,Federal Contract Tower,0,7,16,0,23,0,1,71,0,72,0,8,87,0,95,174,0,174,269
04/29/2023,EWB,MA,ANE,EN,Federal Contract Tower,0,7,6,0,13,0,0,47,0,47,0,7,53,0,60,152,0,152,212
05/01/2023,EWB,MA,ANE,EN,Federal Contract Tower,0,6,8,0,14,0,2,19,0,21,0,8,27,0,35,48,0,48,83
05/02/2023,EWB,MA,ANE,EN,Federal Contract Tower,0,1,16,0,17,0,4,51,0,55,0,5,67,0,72,82,0,82,154
05/03/2023,EWB,MA,ANE,EN,Federal Contract Tower,0,7,14,0,21,0,5,87,0,92,0,12,101,0,113,160,0,160,273
05/04/2023,EWB,MA,ANE,EN,Federal Contract Tower,0,9,1,0,10,0,2,1,0,3,0,11,2,0,13,6,0,6,19
05/05/2023,EWB,MA,ANE,EN,Federal Contract Tower,0,9,34,0,43,0,10,41,0,51,0,19,75,0,94,106,0,106,200
05/06/2023,EWB,MA,ANE,EN,Federal Contract Tower,0,11,6,0,17,0,2,101,0,103,0,13,107,0,120,118,0,118,238
05/07/2023,EWB,MA,ANE,EN,Federal Contract Tower,0,1,8,0,9,0,0,84,0,84,0,1,92,0,93,162,0,162,255
05/08/2023,EWB,MA,ANE,EN,Federal Contract Tower,0,4,16,0,20,0,2,61,0,63,0,6,77,0,83,70,0,70,153
05/09/2023,EWB,MA,ANE,EN,Federal Contract Tower,0,4,13,2,19,0,5,55,0,60,0,9,68,2,79,110,2,112,191
05/10/2023,EWB,MA,ANE,EN,Federal Contract Tower,0,5,13,0,18,0,11,95,2,108,0,16,108,2,126,156,0,156,282
05/11/2023,EWB,MA,ANE,EN,Federal Contract Tower,0,1,25,0,26,0,6,86,2,94,0,7,111,2,120,97,0,97,217
05/12/2023,EWB,MA,ANE,EN,Federal Contract Tower,0,1,14,0,15,0,2,51,0,53,0,3,65,0,68,158,0,158,226
05/13/2023,EWB,MA,ANE,EN,Federal Contract Tower,0,1,10,0,11,0,3,56,0,59,0,4,66,0,70,74,0,74,144
05/14/2023,EWB,MA,ANE,EN,Federal Contract Tower,0,0,7,0,7,0,1,77,0,78,0,1,84,0,85,126,0,126,211
05/15/2023,EWB,MA,ANE,EN,Federal Contract Tower,0,2,11,0,13,0,5,56,0,61,0,7,67,0,74,188,2,190,264
05/16/2023,EWB,MA,ANE,EN,Federal Contract Tower,0,0,12,0,12,0,5,43,0,48,0,5,55,0,60,76,0,76,136
05/17/2023,EWB,MA,ANE,EN,Federal Contract Tower,0,0,13,0,13,0,1,65,0,66,0,1,78,0,79,82,0,82,161
05/18/2023,EWB,MA,ANE,EN,Federal Contract Tower,0,5,17,0,22,0,5,80,0,85,0,10,97,0,107,138,0,138,245
05/19/2023,EWB,MA,ANE,EN,Federal Contract Tower,0,3,22,0,25,0,2,61,0,63,0,5,83,0,88,178,0,178,266
05/20/2023,EWB,MA,ANE,EN,Federal Contract Tower,0,5,8,0,13,0,0,0,0,0,0,5,8,0,13,2,0,2,15
05/21/2023,EWB,MA,ANE,EN,Federal Contract Tower,0,1,39,0,40,0,2,80,0,82,0,3,119,0,122,136,0,136,258
05/22/2023,EWB,MA,ANE,EN,Federal Contract Tower,0,8,25,2,35,0,9,56,2,67,0,17,81,4,102,162,0,162,264
05/23/2023,EWB,MA,ANE,EN,Federal Contract Tower,0,5,20,0,25,0,5,86,0,91,0,10,106,0,116,148,0,148,264
05/25/2023,EWB,MA,ANE,EN,Federal Contract Tower,0,7,12,0,19,0,4,93,0,97,0,11,105,0,116,272,2,274,390
05/26/2023,EWB,MA,ANE,EN,Federal Contract Tower,0,2,23,0,25,0,2,66,0,68,0,4,89,0,93,188,0,188,281
05/27/2023,EWB,MA,ANE,EN,Federal Contract Tower,0,2,20,0,22,0,1,75,0,76,0,3,95,0,98,128,0,128,226
05/28/2023,EWB,MA,ANE,EN,Federal Contract Tower,0,1,6,0,7,0,2,43,0,45,0,3,49,0,52,116,0,116,168
05/29/2023,EWB,MA,ANE,EN,Federal Contract Tower,0,7,24,0,31,0,9,10,0,19,0,16,34,0,50,0,0,0,50
05/30/2023,EWB,MA,ANE,EN,Federal Contract Tower,0,5,21,1,27,0,6,84,0,90,0,11,105,1,117,182,2,184,301
06/01/2023,EWB,MA,ANE,EN,Federal Contract Tower,0,6,16,0,22,0,3,85,4,92,0,9,101,4,114,236,24,260,374
06/02/2023,EWB,MA,ANE,EN,Federal Contract Tower,0,7,19,0,26,0,2,61,0,63,0,9,80,0,89,180,0,180,269
06/03/2023,EWB,MA,ANE,EN,Federal Contract Tower,0,8,9,0,17,0,0,0,0,0,0,8,9,0,17,0,0,0,17
06/04/2023,EWB,MA,ANE,EN,Federal Contract Tower,0,8,3,0,11,0,0,2,0,2,0,8,5,0,13,6,0,6,19
06/05/2023,EWB,MA,ANE,EN,Federal Contract Tower,0,7,19,0,26,0,2,6,0,8,0,9,25,0,34,16,0,16,50
06/06/2023,EWB,MA,ANE,EN,Federal Contract Tower,0,4,14,0,18,0,6,45,2,53,0,10,59,2,71,84,0,84,155
06/07/2023,EWB,MA,ANE,EN,Federal Contract Tower,0,6,17,0,23,0,4,75,2,81,0,10,92,2,104,96,22,118,222
06/08/2023,EWB,MA,ANE,EN,Federal Contract Tower,0,15,19,0,34,0,19,61,4,84,0,34,80,4,118,72,6,78,196
06/09/2023,EWB,MA,ANE,EN,Federal Contract Tower,0,14,12,0,26,0,8,25,2,35,0,22,37,2,61,68,2,70,131
06/10/2023,EWB,MA,ANE,EN,Federal Contract Tower,0,4,12,0,16,0,1,20,0,21,0,5,32,0,37,76,2,78,115
06/11/2023,EWB,MA,ANE,EN,Federal Contract Tower,0,4,15,0,19,0,0,83,2,85,0,4,98,2,104,144,0,144,248
06/12/2023,EWB,MA,ANE,EN,Federal Contract Tower,0,3,26,0,29,0,3,32,0,35,0,6,58,0,64,50,0,50,114
06/13/2023,EWB,MA,ANE,EN,Federal Contract Tower,0,16,8,0,24,0,3,24,4,31,0,19,32,4,55,56,16,72,127
06/14/2023,EWB,MA,ANE,EN,Federal Contract Tower,0,5,18,0,23,0,10,46,0,56,0,15,64,0,79,102,0,102,181
06/15/2023,EWB,MA,ANE,EN,Federal Contract Tower,0,7,28,0,35,0,5,92,0,97,0,12,120,0,132,204,0,204,336
06/16/2023,EWB,MA,ANE,EN,Federal Contract Tower,0,6,13,0,19,0,2,58,0,60,0,8,71,0,79,74,0,74,153
06/17/2023,EWB,MA,ANE,EN,Federal Contract Tower,0,5,5,0,10,0,0,2,0,2,0,5,7,0,12,0,0,0,12
06/18/2023,EWB,MA,ANE,EN,Federal Contract Tower,0,4,13,0,17,0,2,22,0,24,0,6,35,0,41,88,0,88,129
06/19/2023,EWB,MA,ANE,EN,Federal Contract Tower,0,3,17,0,20,0,3,29,0,32,0,6,46,0,52,26,0,26,78
06/20/2023,EWB,MA,ANE,EN,Federal Contract Tower,0,0,14,0,14,0,3,71,0,74,0,3,85,0,88,84,0,84,172
06/21/2023,EWB,MA,ANE,EN,Federal Contract Tower,0,6,26,0,32,0,9,105,0,114,0,15,131,0,146,192,0,192,338
06/22/2023,EWB,MA,ANE,EN,Federal Contract Tower,0,4,29,1,34,0,4,56,1,61,0,8,85,2,95,112,0,112,207
06/23/2023,EWB,MA,ANE,EN,Federal Contract Tower,0,11,22,0,33,0,1,32,0,33,0,12,54,0,66,54,2,56,122
06/24/2023,EWB,MA,ANE,EN,Federal Contract Tower,0,10,12,0,22,0,0,5,0,5,0,10,17,0,27,28,0,28,55
06/25/2023,EWB,MA,ANE,EN,Federal Contract Tower,0,7,19,0,26,0,0,32,0,32,0,7,51,0,58,84,0,84,142
06/26/2023,EWB,MA,ANE,EN,Federal Contract Tower,0,12,11,0,23,0,0,9,0,9,0,12,20,0,32,44,0,44,76
06/27/2023,EWB,MA,ANE,EN,Federal Contract Tower,0,24,14,0,38,0,4,6,0,10,0,28,20,0,48,0,0,0,48
06/28/2023,EWB,MA,ANE,EN,Federal Contract Tower,0,6,14,0,20,0,1,7,0,8,0,7,21,0,28,0,0,0,28
06/29/2023,EWB,MA,ANE,EN,Federal Contract Tower,0,6,15,0,21,0,8,42,2,52,0,14,57,2,73,116,0,116,189
06/30/2023,EWB,MA,ANE,EN,Federal Contract Tower,0,9,25,0,34,0,3,71,0,74,0,12,96,0,108,188,0,188,296
07/01/2023,EWB,MA,ANE,EN,Federal Contract Tower,0,12,17,0,29,0,1,33,0,34,0,13,50,0,63,74,0,74,137
07/02/2023,EWB,MA,ANE,EN,Federal Contract Tower,0,8,18,0,26,0,0,1,0,1,0,8,19,0,27,0,0,0,27
07/03/2023,EWB,MA,ANE,EN,Federal Contract Tower,0,8,6,0,14,0,2,16,0,18,0,10,22,0,32,10,0,10,42
07/04/2023,EWB,MA,ANE,EN,Federal Contract Tower,0,6,5,0,11,0,0,2,0,2,0,6,7,0,13,0,0,0,13
07/05/2023,EWB,MA,ANE,EN,Federal Contract Tower,0,5,26,0,31,0,3,68,0,71,0,8,94,0,102,98,0,98,200
07/06/2023,EWB,MA,ANE,EN,Federal Contract Tower,0,7,13,0,20,0,2,70,2,74,0,9,83,2,94,163,0,163,257
07/07/2023,EWB,MA,ANE,EN,Federal Contract Tower,0,6,35,0,41,0,5,38,0,43,0,11,73,0,84,68,0,68,152
07/08/2023,EWB,MA,ANE,EN,Federal Contract Tower,0,9,25,0,34,0,8,40,0,48,0,17,65,0,82,80,0,80,162
07/09/2023,EWB,MA,ANE,EN,Federal Contract Tower,0,14,16,0,30,0,0,9,0,9,0,14,25,0,39,54,0,54,93
07/10/2023,EWB,MA,ANE,EN,Federal Contract Tower,0,7,17,0,24,0,0,0,0,0,0,7,17,0,24,0,0,0,24
07/11/2023,EWB,MA,ANE,EN,Federal Contract Tower,0,5,20,0,25,0,4,83,2,89,0,9,103,2,114,92,2,94,208
07/12/2023,EWB,MA,ANE,EN,Federal Contract Tower,0,4,12,0,16,0,3,92,0,95,0,7,104,0,111,108,0,108,219
07/13/2023,EWB,MA,ANE,EN,Federal Contract Tower,0,5,8,0,13,0,1,56,2,59,0,6,64,2,72,110,14,124,196
07/14/2023,EWB,MA,ANE,EN,Federal Contract Tower,0,8,5,0,13,0,2,3,0,5,0,10,8,0,18,14,0,14,32
07/15/2023,EWB,MA,ANE,EN,Federal Contract Tower,0,5,7,0,12,0,4,10,0,14,0,9,17,0,26,34,0,34,60
07/17/2023,EWB,MA,ANE,EN,Federal Contract Tower,0,5,19,0,24,0,2,51,0,53,0,7,70,0,77,108,0,108,185
07/18/2023,EWB,MA,ANE,EN,Federal Contract Tower,0,9,23,0,32,0,0,6,0,6,0,9,29,0,38,30,0,30,68
07/19/2023,EWB,MA,ANE,EN,Federal Contract Tower,0,5,19,0,24,0,2,73,0,75,0,7,92,0,99,180,16,196,295
07/20/2023,EWB,MA,ANE,EN,Federal Contract Tower,0,6,17,0,23,0,8,95,0,103,0,14,112,0,126,204,0,204,330
07/21/2023,EWB,MA,ANE,EN,Federal Contract Tower,0,12,15,0,27,0,4,20,0,24,0,16,35,0,51,78,0,78,129
07/22/2023,EWB,MA,ANE,EN,Federal Contract Tower,0,17,7,0,24,0,3,40,0,43,0,20,47,0,67,60,0,60,127
07/23/2023,EWB,MA,ANE,EN,Federal Contract Tower,0,8,11,0,19,0,4,61,0,65,0,12,72,0,84,126,0,126,210
07/24/2023,EWB,MA,ANE,EN,Federal Contract Tower,0,2,22,0,24,0,5,71,0,76,0,7,93,0,100,126,0,126,226
07/25/2023,EWB,MA,ANE,EN,Federal Contract Tower,0,8,15,0,23,0,6,35,0,41,0,14,50,0,64,96,2,98,162
07/26/2023,EWB,MA,ANE,EN,Federal Contract Tower,0,6,21,1,28,0,2,78,0,80,0,8,99,1,108,106,10,116,224
07/27/2023,EWB,MA,ANE,EN,Federal Contract Tower,0,10,18,2,30,0,5,6,2,13,0,15,24,4,43,8,0,8,51
07/28/2023,EWB,MA,ANE,EN,Federal Contract Tower,0,11,9,0,20,0,6,83,9,98,0,17,92,9,118,104,2,106,224
07/29/2023,EWB,MA,ANE,EN,Federal Contract Tower,0,2,9,0,11,0,4,24,0,28,0,6,33,0,39,72,0,72,111
07/30/2023,EWB,MA,ANE,EN,Federal Contract Tower,0,5,7,0,12,0,2,69,0,71,0,7,76,0,83,136,0,136,219
07/31/2023,EWB,MA,ANE,EN,Federal Contract Tower,0,3,32,0,35,0,4,101,0,105,0,7,133,0,140,182,0,182,322
08/01/2023,EWB,MA,ANE,EN,Federal Contract Tower,0,6,13,0,19,0,2,86,0,88,0,8,99,0,107,102,0,102,209
08/02/2023,EWB,MA,ANE,EN,Federal Contract Tower,0,7,4,0,11,0,4,127,1,132,0,11,131,1,143,266,0,266,409
08/03/2023,EWB,MA,ANE,EN,Federal Contract Tower,0,6,2,0,8,0,4,67,0,71,0,10,69,0,79,140,0,140,219
08/04/2023,EWB,MA,ANE,EN,Federal Contract Tower,0,4,28,0,32,0,2,19,0,21,0,6,47,0,53,34,0,34,87
08/05/2023,EWB,MA,ANE,EN,Federal Contract Tower,0,6,4,0,10,0,3,32,0,35,0,9,36,0,45,46,0,46,91
08/06/2023,EWB,MA,ANE,EN,Federal Contract Tower,0,12,13,0,25,0,4,48,11,63,0,16,61,11,88,56,16,72,160
08/07/2023,EWB,MA,ANE,EN,Federal Contract Tower,0,12,4,0,16,0,7,22,0,29,0,19,26,0,45,8,0,8,53
08/08/2023,EWB,MA,ANE,EN,Federal Contract Tower,0,11,16,0,27,0,3,13,0,16,0,14,29,0,43,24,0,24,67
08/09/2023,EWB,MA,ANE,EN,Federal Contract Tower,0,8,14,0,22,0,9,74,2,85,0,17,88,2,107,74,6,80,187
08/10/2023,EWB,MA,ANE,EN,Federal Contract Tower,0,10,22,0,32,0,6,71,0,77,0,16,93,0,109,102,0,102,211
08/11/2023,EWB,MA,ANE,EN,Federal Contract Tower,0,12,8,0,20,0,7,89,0,96,0,19,97,0,116,32,0,32,148
08/12/2023,EWB,MA,ANE,EN,Federal Contract Tower,0,10,17,0,27,0,4,44,0,48,0,14,61,0,75,48,2,50,125
08/13/2023,EWB,MA,ANE,EN,Federal Contract Tower,0,5,14,0,19,0,2,18,0,20,0,7,32,0,39,24,0,24,63
08/14/2023,EWB,MA,ANE,EN,Federal Contract Tower,0,7,18,0,25,0,5,104,0,109,0,12,122,0,134,146,0,146,280
08/15/2023,EWB,MA,ANE,EN,Federal Contract Tower,0,13,8,0,21,0,0,4,0,4,0,13,12,0,25,0,0,0,25
08/16/2023,EWB,MA,ANE,EN,Federal Contract Tower,0,6,20,2,28,1,0,10,0,11,1,6,30,2,39,0,0,0,39
08/18/2023,EWB,MA,ANE,EN,Federal Contract Tower,0,12,18,0,30,0,5,6,0,11,0,17,24,0,41,4,0,4,45
08/19/2023,EWB,MA,ANE,EN,Federal Contract Tower,0,9,11,0,20,0,11,43,0,54,0,20,54,0,74,98,0,98,172
08/20/2023,EWB,MA,ANE,EN,Federal Contract Tower,0,5,15,0,20,0,4,65,0,69,0,9,80,0,89,122,0,122,211
08/21/2023,EWB,MA,ANE,EN,Federal Contract Tower,0,4,15,0,19,0,5,86,0,91,0,9,101,0,110,222,0,222,332
08/22/2023,EWB,MA,ANE,EN,Federal Contract Tower,0,5,12,0,17,0,4,73,0,77,0,9,85,0,94,138,0,138,232
08/23/2023,EWB,MA,ANE,EN,Federal Contract Tower,0,12,10,4,26,0,4,85,0,89,0,16,95,4,115,232,0,232,347
08/24/2023,EWB,MA,ANE,EN,Federal Contract Tower,0,7,17,0,24,0,3,95,0,98,0,10,112,0,122,290,0,290,412
08/25/2023,EWB,MA,ANE,EN,Federal Contract Tower,0,15,9,0,24,0,1,0,0,1,0,16,9,0,25,0,0,0,25
08/26/2023,EWB,MA,ANE,EN,Federal Contract Tower,0,8,15,0,23,0,0,13,0,13,0,8,28,0,36,2,0,2,38
08/27/2023,EWB,MA,ANE,EN,Federal Contract Tower,0,10,16,0,26,0,5,2,0,7,0,15,18,0,33,14,0,14,47
08/28/2023,EWB,MA,ANE,EN,Federal Contract Tower,0,3,13,0,16,0,4,29,2,35,0,7,42,2,51,64,0,64,115
08/29/2023,EWB,MA,ANE,EN,Federal Contract Tower,0,5,7,0,12,0,0,0,0,0,0,5,7,0,12,0,0,0,12
08/30/2023,EWB,MA,ANE,EN,Federal Contract Tower,0,6,5,0,11,0,0,16,0,16,0,6,21,0,27,68,42,110,137
08/31/2023,EWB,MA,ANE,EN,Federal Contract Tower,0,1,13,0,14,0,3,88,0,91,0,4,101,0,105,160,0,160,265
