11/01/2000,EWN,NC,ASO,EN,Federal Contract Tower,0,29,17,1,47,0,2,18,0,20,0,31,35,1,67,8,0,8,75
11/02/2000,EWN,NC,ASO,EN,Federal Contract Tower,0,21,13,0,34,0,6,2,0,8,0,27,15,0,42,62,0,62,104
11/03/2000,EWN,NC,ASO,EN,Federal Contract Tower,0,31,22,0,53,0,0,10,0,10,0,31,32,0,63,70,4,74,137
11/04/2000,EWN,NC,ASO,EN,Federal Contract Tower,0,22,21,0,43,0,0,20,0,20,0,22,41,0,63,144,1,145,208
11/05/2000,EWN,NC,ASO,EN,Federal Contract Tower,0,19,10,0,29,0,2,0,0,2,0,21,10,0,31,70,3,73,104
11/06/2000,EWN,NC,ASO,EN,Federal Contract Tower,0,26,3,2,31,0,3,0,0,3,0,29,3,2,34,103,3,106,140
11/07/2000,EWN,NC,ASO,EN,Federal Contract Tower,0,23,7,2,32,0,8,0,1,9,0,31,7,3,41,84,0,84,125
11/08/2000,EWN,NC,ASO,EN,Federal Contract Tower,0,32,18,2,52,0,0,0,0,0,0,32,18,2,52,12,0,12,64
11/09/2000,EWN,NC,ASO,EN,Federal Contract Tower,0,31,19,2,52,0,0,0,10,10,0,31,19,12,62,77,0,77,139
11/10/2000,EWN,NC,ASO,EN,Federal Contract Tower,0,26,15,0,41,0,9,25,0,34,0,35,40,0,75,27,0,27,102
11/11/2000,EWN,NC,ASO,EN,Federal Contract Tower,0,20,9,1,30,0,0,0,0,0,0,20,9,1,30,40,0,40,70
11/12/2000,EWN,NC,ASO,EN,Federal Contract Tower,0,13,7,0,20,0,5,41,0,46,0,18,48,0,66,101,0,101,167
11/13/2000,EWN,NC,ASO,EN,Federal Contract Tower,0,30,17,2,49,0,2,18,0,20,0,32,35,2,69,72,0,72,141
11/14/2000,EWN,NC,ASO,EN,Federal Contract Tower,0,33,19,0,52,0,3,1,0,4,0,36,20,0,56,10,0,10,66
11/15/2000,EWN,NC,ASO,EN,Federal Contract Tower,0,33,27,3,63,0,0,15,2,17,0,33,42,5,80,53,2,55,135
11/16/2000,EWN,NC,ASO,EN,Federal Contract Tower,0,37,22,2,61,0,7,10,1,18,0,44,32,3,79,75,2,77,156
11/17/2000,EWN,NC,ASO,EN,Federal Contract Tower,0,31,21,2,54,0,0,4,4,8,0,31,25,6,62,14,0,14,76
11/18/2000,EWN,NC,ASO,EN,Federal Contract Tower,0,19,12,1,32,0,2,46,6,54,0,21,58,7,86,97,0,97,183
11/19/2000,EWN,NC,ASO,EN,Federal Contract Tower,0,22,6,0,28,0,0,0,0,0,0,22,6,0,28,30,0,30,58
11/20/2000,EWN,NC,ASO,EN,Federal Contract Tower,0,29,16,1,46,0,1,3,3,7,0,30,19,4,53,126,2,128,181
11/21/2000,EWN,NC,ASO,EN,Federal Contract Tower,0,41,24,0,65,0,6,5,0,11,0,47,29,0,76,40,2,42,118
11/22/2000,EWN,NC,ASO,EN,Federal Contract Tower,0,35,20,0,55,0,4,30,0,34,0,39,50,0,89,67,0,67,156
11/23/2000,EWN,NC,ASO,EN,Federal Contract Tower,0,17,9,0,26,0,0,13,0,13,0,17,22,0,39,22,0,22,61
11/24/2000,EWN,NC,ASO,EN,Federal Contract Tower,0,29,16,0,45,0,11,2,0,13,0,40,18,0,58,79,0,79,137
11/25/2000,EWN,NC,ASO,EN,Federal Contract Tower,0,18,5,0,23,0,3,0,2,5,0,21,5,2,28,1,0,1,29
11/26/2000,EWN,NC,ASO,EN,Federal Contract Tower,0,20,13,0,33,0,0,0,0,0,0,20,13,0,33,42,0,42,75
11/27/2000,EWN,NC,ASO,EN,Federal Contract Tower,0,25,13,1,39,0,4,39,1,44,0,29,52,2,83,107,0,107,190
11/28/2000,EWN,NC,ASO,EN,Federal Contract Tower,0,32,19,0,51,0,0,22,0,22,0,32,41,0,73,148,0,148,221
11/29/2000,EWN,NC,ASO,EN,Federal Contract Tower,0,29,16,1,46,0,0,11,0,11,0,29,27,1,57,62,0,62,119
11/30/2000,EWN,NC,ASO,EN,Federal Contract Tower,0,27,14,1,42,0,7,1,1,9,0,34,15,2,51,71,0,71,122
12/01/2000,EWN,NC,ASO,EN,Federal Contract Tower,0,27,9,0,36,0,6,16,0,22,0,33,25,0,58,66,2,68,126
12/02/2000,EWN,NC,ASO,EN,Federal Contract Tower,0,15,5,0,20,0,5,21,0,26,0,20,26,0,46,22,0,22,68
12/03/2000,EWN,NC,ASO,EN,Federal Contract Tower,0,15,4,0,19,0,3,0,0,3,0,18,4,0,22,0,0,0,22
12/04/2000,EWN,NC,ASO,EN,Federal Contract Tower,0,23,7,2,32,0,2,5,0,7,0,25,12,2,39,9,0,9,48
12/05/2000,EWN,NC,ASO,EN,Federal Contract Tower,0,37,12,5,54,0,1,3,5,9,0,38,15,10,63,43,2,45,108
12/06/2000,EWN,NC,ASO,EN,Federal Contract Tower,0,40,13,2,55,0,0,19,0,19,0,40,32,2,74,48,0,48,122
12/07/2000,EWN,NC,ASO,EN,Federal Contract Tower,0,29,9,4,42,0,2,11,3,16,0,31,20,7,58,54,0,54,112
12/08/2000,EWN,NC,ASO,EN,Federal Contract Tower,0,36,11,5,52,0,0,14,1,15,0,36,25,6,67,123,14,137,204
12/09/2000,EWN,NC,ASO,EN,Federal Contract Tower,0,19,6,1,26,0,2,19,0,21,0,21,25,1,47,64,0,64,111
12/10/2000,EWN,NC,ASO,EN,Federal Contract Tower,0,21,9,0,30,0,0,2,0,2,0,21,11,0,32,10,0,10,42
12/11/2000,EWN,NC,ASO,EN,Federal Contract Tower,0,30,10,4,44,0,0,4,0,4,0,30,14,4,48,0,2,2,50
12/12/2000,EWN,NC,ASO,EN,Federal Contract Tower,0,36,12,4,52,0,0,16,0,16,0,36,28,4,68,38,6,44,112
12/13/2000,EWN,NC,ASO,EN,Federal Contract Tower,0,28,9,2,39,0,5,5,0,10,0,33,14,2,49,56,10,66,115
12/14/2000,EWN,NC,ASO,EN,Federal Contract Tower,0,41,9,6,56,0,0,0,4,4,0,41,9,10,60,8,0,8,68
12/15/2000,EWN,NC,ASO,EN,Federal Contract Tower,0,34,12,1,47,0,0,14,0,14,0,34,26,1,61,98,0,98,159
12/16/2000,EWN,NC,ASO,EN,Federal Contract Tower,0,9,0,1,10,0,3,0,0,3,0,12,0,1,13,3,0,3,16
12/17/2000,EWN,NC,ASO,EN,Federal Contract Tower,0,14,4,0,18,0,5,1,0,6,0,19,5,0,24,16,0,16,40
12/18/2000,EWN,NC,ASO,EN,Federal Contract Tower,0,32,12,5,49,0,0,7,9,16,0,32,19,14,65,89,2,91,156
12/19/2000,EWN,NC,ASO,EN,Federal Contract Tower,0,30,9,3,42,0,4,7,1,12,0,34,16,4,54,75,0,75,129
12/20/2000,EWN,NC,ASO,EN,Federal Contract Tower,0,35,14,5,54,0,0,4,15,19,0,35,18,20,73,8,0,8,81
12/21/2000,EWN,NC,ASO,EN,Federal Contract Tower,0,34,11,4,49,0,0,14,8,22,0,34,25,12,71,22,0,22,93
12/22/2000,EWN,NC,ASO,EN,Federal Contract Tower,0,29,9,3,41,0,6,12,1,19,0,35,21,4,60,17,0,17,77
12/23/2000,EWN,NC,ASO,EN,Federal Contract Tower,0,18,5,0,23,0,0,13,0,13,0,18,18,0,36,65,0,65,101
12/24/2000,EWN,NC,ASO,EN,Federal Contract Tower,0,13,4,0,17,0,5,12,0,17,0,18,16,0,34,31,0,31,65
12/25/2000,EWN,NC,ASO,EN,Federal Contract Tower,0,16,4,0,20,0,4,0,0,4,0,20,4,0,24,8,0,8,32
12/26/2000,EWN,NC,ASO,EN,Federal Contract Tower,0,25,9,0,34,0,0,40,0,40,0,25,49,0,74,42,0,42,116
12/27/2000,EWN,NC,ASO,EN,Federal Contract Tower,0,29,9,3,41,0,7,12,2,21,0,36,21,5,62,31,8,39,101
12/28/2000,EWN,NC,ASO,EN,Federal Contract Tower,0,33,11,0,44,0,0,10,0,10,0,33,21,0,54,55,0,55,109
12/29/2000,EWN,NC,ASO,EN,Federal Contract Tower,0,27,8,3,38,0,1,7,6,14,0,28,15,9,52,38,0,38,90
12/30/2000,EWN,NC,ASO,EN,Federal Contract Tower,0,22,7,0,29,0,0,4,0,4,0,22,11,0,33,59,0,59,92
12/31/2000,EWN,NC,ASO,EN,Federal Contract Tower,0,17,5,0,22,0,2,11,0,13,0,19,16,0,35,66,0,66,101
01/01/2001,EWN,NC,ASO,EN,Federal Contract Tower,0,21,9,0,30,0,0,12,0,12,0,21,21,0,42,19,0,19,61
01/02/2001,EWN,NC,ASO,EN,Federal Contract Tower,0,19,7,2,28,0,9,16,0,25,0,28,23,2,53,70,0,70,123
01/03/2001,EWN,NC,ASO,EN,Federal Contract Tower,0,25,9,0,34,0,6,25,0,31,0,31,34,0,65,27,2,29,94
01/04/2001,EWN,NC,ASO,EN,Federal Contract Tower,0,31,11,4,46,0,1,29,0,30,0,32,40,4,76,36,22,58,134
01/05/2001,EWN,NC,ASO,EN,Federal Contract Tower,0,30,10,0,40,0,2,32,0,34,0,32,42,0,74,75,0,75,149
01/06/2001,EWN,NC,ASO,EN,Federal Contract Tower,0,41,15,1,57,0,13,23,0,36,0,54,38,1,93,69,0,69,162
01/07/2001,EWN,NC,ASO,EN,Federal Contract Tower,0,19,10,2,31,0,0,30,0,30,0,19,40,2,61,92,0,92,153
01/08/2001,EWN,NC,ASO,EN,Federal Contract Tower,0,26,10,3,39,0,3,7,3,13,0,29,17,6,52,31,0,31,83
01/09/2001,EWN,NC,ASO,EN,Federal Contract Tower,0,31,5,4,40,0,0,0,6,6,0,31,5,10,46,76,0,76,122
01/10/2001,EWN,NC,ASO,EN,Federal Contract Tower,0,31,14,5,50,0,0,37,13,50,0,31,51,18,100,37,6,43,143
01/11/2001,EWN,NC,ASO,EN,Federal Contract Tower,0,29,10,4,43,0,0,42,4,46,0,29,52,8,89,53,20,73,162
01/12/2001,EWN,NC,ASO,EN,Federal Contract Tower,0,16,6,2,24,0,14,24,2,40,0,30,30,4,64,146,0,146,210
01/13/2001,EWN,NC,ASO,EN,Federal Contract Tower,0,25,9,0,34,0,6,26,0,32,0,31,35,0,66,90,0,90,156
01/14/2001,EWN,NC,ASO,EN,Federal Contract Tower,0,16,6,0,22,0,1,5,0,6,0,17,11,0,28,4,0,4,32
01/15/2001,EWN,NC,ASO,EN,Federal Contract Tower,0,27,10,0,37,0,0,44,0,44,0,27,54,0,81,104,0,104,185
01/16/2001,EWN,NC,ASO,EN,Federal Contract Tower,0,27,10,2,39,0,5,15,2,22,0,32,25,4,61,87,0,87,148
01/17/2001,EWN,NC,ASO,EN,Federal Contract Tower,0,28,11,1,40,0,3,13,0,16,0,31,24,1,56,93,2,95,151
01/18/2001,EWN,NC,ASO,EN,Federal Contract Tower,0,31,12,3,46,0,0,9,1,10,0,31,21,4,56,65,2,67,123
01/19/2001,EWN,NC,ASO,EN,Federal Contract Tower,0,25,14,3,42,0,0,12,9,21,0,25,26,12,63,17,6,23,86
01/20/2001,EWN,NC,ASO,EN,Federal Contract Tower,0,20,9,2,31,0,0,6,0,6,0,20,15,2,37,6,0,6,43
01/21/2001,EWN,NC,ASO,EN,Federal Contract Tower,0,21,7,0,28,0,1,18,0,19,0,22,25,0,47,67,0,67,114
01/22/2001,EWN,NC,ASO,EN,Federal Contract Tower,0,22,8,0,30,0,6,1,0,7,0,28,9,0,37,55,0,55,92
01/23/2001,EWN,NC,ASO,EN,Federal Contract Tower,0,31,14,3,48,0,0,6,17,23,0,31,20,20,71,33,0,33,104
01/24/2001,EWN,NC,ASO,EN,Federal Contract Tower,0,36,14,4,54,0,0,34,6,40,0,36,48,10,94,80,0,80,174
01/25/2001,EWN,NC,ASO,EN,Federal Contract Tower,0,31,11,3,45,0,0,11,3,14,0,31,22,6,59,2,4,6,65
01/26/2001,EWN,NC,ASO,EN,Federal Contract Tower,0,31,12,2,45,0,0,40,0,40,0,31,52,2,85,76,0,76,161
01/27/2001,EWN,NC,ASO,EN,Federal Contract Tower,0,16,6,0,22,0,4,25,0,29,0,20,31,0,51,79,0,79,130
01/28/2001,EWN,NC,ASO,EN,Federal Contract Tower,0,18,7,0,25,0,1,40,0,41,0,19,47,0,66,62,0,62,128
01/29/2001,EWN,NC,ASO,EN,Federal Contract Tower,0,23,8,2,33,0,4,10,9,23,0,27,18,11,56,62,28,90,146
01/30/2001,EWN,NC,ASO,EN,Federal Contract Tower,0,30,10,0,40,0,3,0,0,3,0,33,10,0,43,11,0,11,54
01/31/2001,EWN,NC,ASO,EN,Federal Contract Tower,0,33,11,3,47,0,2,11,3,16,0,35,22,6,63,17,0,17,80
02/01/2001,EWN,NC,ASO,EN,Federal Contract Tower,0,24,17,0,41,0,11,15,0,26,0,35,32,0,67,68,0,68,135
02/02/2001,EWN,NC,ASO,EN,Federal Contract Tower,0,27,19,0,46,0,1,35,0,36,0,28,54,0,82,71,0,71,153
02/03/2001,EWN,NC,ASO,EN,Federal Contract Tower,0,16,13,0,29,0,2,67,0,69,0,18,80,0,98,76,0,76,174
02/04/2001,EWN,NC,ASO,EN,Federal Contract Tower,0,17,11,0,28,0,3,0,0,3,0,20,11,0,31,24,0,24,55
02/05/2001,EWN,NC,ASO,EN,Federal Contract Tower,0,24,17,2,43,0,5,3,2,10,0,29,20,4,53,47,0,47,100
02/06/2001,EWN,NC,ASO,EN,Federal Contract Tower,0,27,20,2,49,0,0,21,6,27,0,27,41,8,76,115,0,115,191
02/07/2001,EWN,NC,ASO,EN,Federal Contract Tower,0,33,22,2,57,0,2,35,8,45,0,35,57,10,102,58,2,60,162
02/08/2001,EWN,NC,ASO,EN,Federal Contract Tower,0,23,15,2,40,0,8,27,8,43,0,31,42,10,83,77,0,77,160
02/09/2001,EWN,NC,ASO,EN,Federal Contract Tower,0,27,24,3,54,0,0,37,7,44,0,27,61,10,98,34,0,34,132
02/10/2001,EWN,NC,ASO,EN,Federal Contract Tower,0,19,13,0,32,0,0,26,0,26,0,19,39,0,58,44,2,46,104
02/11/2001,EWN,NC,ASO,EN,Federal Contract Tower,0,19,12,2,33,0,1,39,0,40,0,20,51,2,73,26,0,26,99
02/12/2001,EWN,NC,ASO,EN,Federal Contract Tower,0,23,15,2,40,0,4,0,0,4,0,27,15,2,44,0,0,0,44
02/13/2001,EWN,NC,ASO,EN,Federal Contract Tower,0,23,17,0,40,0,0,3,0,3,0,23,20,0,43,3,0,3,46
02/14/2001,EWN,NC,ASO,EN,Federal Contract Tower,0,26,20,2,48,0,0,11,0,11,0,26,31,2,59,22,0,22,81
02/15/2001,EWN,NC,ASO,EN,Federal Contract Tower,0,29,19,2,50,0,2,26,0,28,0,31,45,2,78,83,16,99,177
02/16/2001,EWN,NC,ASO,EN,Federal Contract Tower,0,30,20,2,52,0,0,20,2,22,0,30,40,4,74,117,0,117,191
02/17/2001,EWN,NC,ASO,EN,Federal Contract Tower,0,20,12,0,32,0,1,21,0,22,0,21,33,0,54,40,0,40,94
02/18/2001,EWN,NC,ASO,EN,Federal Contract Tower,0,21,14,0,35,0,0,39,0,39,0,21,53,0,74,56,0,56,130
02/19/2001,EWN,NC,ASO,EN,Federal Contract Tower,0,25,16,0,41,0,1,59,0,60,0,26,75,0,101,105,0,105,206
02/20/2001,EWN,NC,ASO,EN,Federal Contract Tower,0,29,23,2,54,0,0,25,2,27,0,29,48,4,81,122,0,122,203
02/21/2001,EWN,NC,ASO,EN,Federal Contract Tower,0,27,21,1,49,0,0,26,1,27,0,27,47,2,76,94,0,94,170
02/22/2001,EWN,NC,ASO,EN,Federal Contract Tower,0,22,5,0,27,0,0,0,0,0,0,22,5,0,27,18,0,18,45
02/23/2001,EWN,NC,ASO,EN,Federal Contract Tower,0,31,23,2,56,0,0,28,2,30,0,31,51,4,86,114,0,114,200
02/24/2001,EWN,NC,ASO,EN,Federal Contract Tower,0,20,12,0,32,0,0,70,0,70,0,20,82,0,102,48,0,48,150
02/25/2001,EWN,NC,ASO,EN,Federal Contract Tower,0,14,5,0,19,0,5,0,2,7,0,19,5,2,26,10,0,10,36
02/26/2001,EWN,NC,ASO,EN,Federal Contract Tower,0,25,16,1,42,0,4,53,3,60,0,29,69,4,102,108,14,122,224
02/27/2001,EWN,NC,ASO,EN,Federal Contract Tower,0,24,16,1,41,0,6,20,2,28,0,30,36,3,69,108,0,108,177
02/28/2001,EWN,NC,ASO,EN,Federal Contract Tower,0,31,24,2,57,0,0,7,2,9,0,31,31,4,66,6,14,20,86
03/01/2001,EWN,NC,ASO,EN,Federal Contract Tower,0,22,16,1,39,0,5,37,0,42,0,27,53,1,81,52,2,54,135
03/02/2001,EWN,NC,ASO,EN,Federal Contract Tower,0,26,20,3,49,0,3,18,3,24,0,29,38,6,73,58,2,60,133
03/03/2001,EWN,NC,ASO,EN,Federal Contract Tower,0,18,14,0,32,0,0,22,0,22,0,18,36,0,54,74,0,74,128
03/04/2001,EWN,NC,ASO,EN,Federal Contract Tower,0,13,3,0,16,0,9,0,0,9,0,22,3,0,25,2,0,2,27
03/05/2001,EWN,NC,ASO,EN,Federal Contract Tower,0,23,17,0,40,0,0,8,0,8,0,23,25,0,48,14,0,14,62
03/06/2001,EWN,NC,ASO,EN,Federal Contract Tower,0,18,13,3,34,0,5,6,3,14,0,23,19,6,48,0,0,0,48
03/07/2001,EWN,NC,ASO,EN,Federal Contract Tower,0,25,18,3,46,0,3,35,1,39,0,28,53,4,85,30,0,30,115
03/08/2001,EWN,NC,ASO,EN,Federal Contract Tower,0,27,24,4,55,0,0,64,0,64,0,27,88,4,119,50,18,68,187
03/09/2001,EWN,NC,ASO,EN,Federal Contract Tower,0,24,18,2,44,0,10,21,0,31,0,34,39,2,75,34,4,38,113
03/10/2001,EWN,NC,ASO,EN,Federal Contract Tower,0,19,13,0,32,0,3,79,0,82,0,22,92,0,114,54,0,54,168
03/11/2001,EWN,NC,ASO,EN,Federal Contract Tower,0,14,10,0,24,0,5,57,0,62,0,19,67,0,86,32,0,32,118
03/12/2001,EWN,NC,ASO,EN,Federal Contract Tower,0,23,17,3,43,0,4,10,1,15,0,27,27,4,58,51,8,59,117
03/13/2001,EWN,NC,ASO,EN,Federal Contract Tower,0,25,19,2,46,0,0,16,0,16,0,25,35,2,62,2,0,2,64
03/14/2001,EWN,NC,ASO,EN,Federal Contract Tower,0,31,23,0,54,0,0,27,0,27,0,31,50,0,81,39,14,53,134
03/15/2001,EWN,NC,ASO,EN,Federal Contract Tower,0,25,25,0,50,0,0,0,0,0,0,25,25,0,50,31,4,35,85
03/16/2001,EWN,NC,ASO,EN,Federal Contract Tower,0,27,25,0,52,0,0,27,0,27,0,27,52,0,79,113,0,113,192
03/17/2001,EWN,NC,ASO,EN,Federal Contract Tower,0,16,11,0,27,0,2,49,0,51,0,18,60,0,78,67,0,67,145
03/18/2001,EWN,NC,ASO,EN,Federal Contract Tower,0,17,11,0,28,0,2,45,0,47,0,19,56,0,75,73,0,73,148
03/19/2001,EWN,NC,ASO,EN,Federal Contract Tower,0,30,25,2,57,0,0,18,0,18,0,30,43,2,75,91,20,111,186
03/20/2001,EWN,NC,ASO,EN,Federal Contract Tower,0,27,16,0,43,0,7,0,0,7,0,34,16,0,50,10,0,10,60
03/21/2001,EWN,NC,ASO,EN,Federal Contract Tower,0,29,24,0,53,0,0,10,0,10,0,29,34,0,63,52,6,58,121
03/22/2001,EWN,NC,ASO,EN,Federal Contract Tower,0,26,19,2,47,0,0,19,0,19,0,26,38,2,66,50,8,58,124
03/23/2001,EWN,NC,ASO,EN,Federal Contract Tower,0,27,21,0,48,0,0,52,0,52,0,27,73,0,100,30,0,30,130
03/24/2001,EWN,NC,ASO,EN,Federal Contract Tower,0,15,10,0,25,0,5,59,0,64,0,20,69,0,89,88,0,88,177
03/25/2001,EWN,NC,ASO,EN,Federal Contract Tower,0,17,12,0,29,0,1,10,0,11,0,18,22,0,40,118,0,118,158
03/26/2001,EWN,NC,ASO,EN,Federal Contract Tower,0,27,20,0,47,0,0,38,0,38,0,27,58,0,85,136,8,144,229
03/27/2001,EWN,NC,ASO,EN,Federal Contract Tower,0,28,21,2,51,0,0,35,0,35,0,28,56,2,86,48,0,48,134
03/28/2001,EWN,NC,ASO,EN,Federal Contract Tower,0,27,24,0,51,0,0,28,0,28,0,27,52,0,79,119,4,123,202
03/29/2001,EWN,NC,ASO,EN,Federal Contract Tower,0,20,17,0,37,0,0,5,0,5,0,20,22,0,42,27,0,27,69
03/30/2001,EWN,NC,ASO,EN,Federal Contract Tower,0,23,17,2,42,0,9,25,0,34,0,32,42,2,76,46,0,46,122
03/31/2001,EWN,NC,ASO,EN,Federal Contract Tower,0,19,18,0,37,0,0,27,0,27,0,19,45,0,64,142,8,150,214
04/01/2001,EWN,NC,ASO,EN,Federal Contract Tower,0,17,4,0,21,0,1,0,0,1,0,18,4,0,22,0,0,0,22
04/02/2001,EWN,NC,ASO,EN,Federal Contract Tower,0,27,12,6,45,0,1,32,2,35,0,28,44,8,80,60,0,60,140
04/03/2001,EWN,NC,ASO,EN,Federal Contract Tower,0,28,15,0,43,0,1,5,0,6,0,29,20,0,49,20,2,22,71
04/04/2001,EWN,NC,ASO,EN,Federal Contract Tower,0,32,25,4,61,0,0,11,0,11,0,32,36,4,72,87,10,97,169
04/05/2001,EWN,NC,ASO,EN,Federal Contract Tower,0,25,16,0,41,0,1,49,0,50,0,26,65,0,91,143,2,145,236
04/06/2001,EWN,NC,ASO,EN,Federal Contract Tower,0,26,37,2,65,0,1,62,0,63,0,27,99,2,128,38,0,38,166
04/07/2001,EWN,NC,ASO,EN,Federal Contract Tower,0,15,13,1,29,0,6,17,2,25,0,21,30,3,54,101,10,111,165
04/08/2001,EWN,NC,ASO,EN,Federal Contract Tower,0,17,12,0,29,0,1,26,0,27,0,18,38,0,56,53,0,53,109
04/09/2001,EWN,NC,ASO,EN,Federal Contract Tower,0,23,22,2,47,0,1,10,0,11,0,24,32,2,58,72,0,72,130
04/10/2001,EWN,NC,ASO,EN,Federal Contract Tower,0,32,23,0,55,0,1,21,0,22,0,33,44,0,77,34,4,38,115
04/11/2001,EWN,NC,ASO,EN,Federal Contract Tower,0,29,25,2,56,0,0,20,0,20,0,29,45,2,76,60,8,68,144
04/12/2001,EWN,NC,ASO,EN,Federal Contract Tower,0,28,27,2,57,0,0,54,0,54,0,28,81,2,111,90,4,94,205
04/13/2001,EWN,NC,ASO,EN,Federal Contract Tower,0,29,31,0,60,0,1,33,0,34,0,30,64,0,94,76,2,78,172
04/14/2001,EWN,NC,ASO,EN,Federal Contract Tower,0,19,23,0,42,0,1,46,0,47,0,20,69,0,89,72,0,72,161
04/15/2001,EWN,NC,ASO,EN,Federal Contract Tower,0,19,6,0,25,0,1,16,0,17,0,20,22,0,42,6,0,6,48
04/16/2001,EWN,NC,ASO,EN,Federal Contract Tower,0,24,20,0,44,0,1,35,0,36,0,25,55,0,80,50,0,50,130
04/17/2001,EWN,NC,ASO,EN,Federal Contract Tower,0,33,12,4,49,0,0,10,2,12,0,33,22,6,61,17,30,47,108
04/18/2001,EWN,NC,ASO,EN,Federal Contract Tower,0,27,13,10,50,0,0,25,0,25,0,27,38,10,75,44,12,56,131
04/19/2001,EWN,NC,ASO,EN,Federal Contract Tower,0,29,8,2,39,0,0,92,0,92,0,29,100,2,131,127,4,131,262
04/20/2001,EWN,NC,ASO,EN,Federal Contract Tower,0,29,10,4,43,0,0,74,0,74,0,29,84,4,117,108,10,118,235
04/21/2001,EWN,NC,ASO,EN,Federal Contract Tower,0,16,12,0,28,0,3,60,0,63,0,19,72,0,91,75,0,75,166
04/22/2001,EWN,NC,ASO,EN,Federal Contract Tower,0,17,12,0,29,0,3,61,0,64,0,20,73,0,93,76,0,76,169
04/23/2001,EWN,NC,ASO,EN,Federal Contract Tower,0,27,38,0,65,0,0,12,0,12,0,27,50,0,77,99,2,101,178
04/24/2001,EWN,NC,ASO,EN,Federal Contract Tower,0,24,33,2,59,0,0,46,0,46,0,24,79,2,105,48,4,52,157
04/25/2001,EWN,NC,ASO,EN,Federal Contract Tower,0,30,14,0,44,0,1,0,0,1,0,31,14,0,45,6,0,6,51
04/26/2001,EWN,NC,ASO,EN,Federal Contract Tower,0,26,19,3,48,0,0,37,1,38,0,26,56,4,86,10,16,26,112
04/27/2001,EWN,NC,ASO,EN,Federal Contract Tower,0,28,18,4,50,0,0,57,0,57,0,28,75,4,107,126,0,126,233
04/28/2001,EWN,NC,ASO,EN,Federal Contract Tower,0,20,12,2,34,0,0,72,0,72,0,20,84,2,106,138,6,144,250
04/29/2001,EWN,NC,ASO,EN,Federal Contract Tower,0,20,20,0,40,0,0,50,0,50,0,20,70,0,90,132,0,132,222
04/30/2001,EWN,NC,ASO,EN,Federal Contract Tower,0,26,14,0,40,0,1,48,0,49,0,27,62,0,89,131,0,131,220
05/01/2001,EWN,NC,ASO,EN,Federal Contract Tower,0,32,24,0,56,0,1,46,0,47,0,33,70,0,103,78,0,78,181
05/02/2001,EWN,NC,ASO,EN,Federal Contract Tower,0,32,24,0,56,0,0,39,0,39,0,32,63,0,95,56,8,64,159
05/03/2001,EWN,NC,ASO,EN,Federal Contract Tower,0,31,24,2,57,0,0,64,0,64,0,31,88,2,121,174,8,182,303
05/04/2001,EWN,NC,ASO,EN,Federal Contract Tower,0,26,13,0,39,0,0,59,1,60,0,26,72,1,99,76,0,76,175
05/05/2001,EWN,NC,ASO,EN,Federal Contract Tower,0,16,13,0,29,0,0,68,0,68,0,16,81,0,97,50,0,50,147
05/06/2001,EWN,NC,ASO,EN,Federal Contract Tower,0,21,16,1,38,0,0,5,7,12,0,21,21,8,50,28,0,28,78
05/07/2001,EWN,NC,ASO,EN,Federal Contract Tower,0,28,19,4,51,0,0,22,2,24,0,28,41,6,75,103,20,123,198
05/08/2001,EWN,NC,ASO,EN,Federal Contract Tower,0,33,6,0,39,0,0,43,0,43,0,33,49,0,82,18,2,20,102
05/09/2001,EWN,NC,ASO,EN,Federal Contract Tower,0,29,6,7,42,0,0,25,0,25,0,29,31,7,67,110,2,112,179
05/10/2001,EWN,NC,ASO,EN,Federal Contract Tower,0,31,36,0,67,0,0,43,0,43,0,31,79,0,110,76,2,78,188
05/11/2001,EWN,NC,ASO,EN,Federal Contract Tower,0,27,31,0,58,0,0,50,0,50,0,27,81,0,108,50,0,50,158
05/12/2001,EWN,NC,ASO,EN,Federal Contract Tower,0,19,7,0,26,0,0,41,2,43,0,19,48,2,69,76,0,76,145
05/13/2001,EWN,NC,ASO,EN,Federal Contract Tower,0,19,9,0,28,0,0,36,0,36,0,19,45,0,64,44,0,44,108
05/14/2001,EWN,NC,ASO,EN,Federal Contract Tower,0,26,13,0,39,0,0,42,0,42,0,26,55,0,81,132,0,132,213
05/15/2001,EWN,NC,ASO,EN,Federal Contract Tower,0,26,12,0,38,0,0,35,0,35,0,26,47,0,73,35,16,51,124
05/16/2001,EWN,NC,ASO,EN,Federal Contract Tower,0,33,25,0,58,0,0,25,0,25,0,33,50,0,83,98,0,98,181
05/17/2001,EWN,NC,ASO,EN,Federal Contract Tower,0,27,18,0,45,0,4,6,0,10,0,31,24,0,55,8,6,14,69
05/18/2001,EWN,NC,ASO,EN,Federal Contract Tower,0,27,16,4,47,0,0,33,0,33,0,27,49,4,80,102,6,108,188
05/19/2001,EWN,NC,ASO,EN,Federal Contract Tower,0,22,18,0,40,0,0,23,0,23,0,22,41,0,63,84,0,84,147
05/20/2001,EWN,NC,ASO,EN,Federal Contract Tower,0,15,10,1,26,0,4,24,1,29,0,19,34,2,55,50,2,52,107
05/21/2001,EWN,NC,ASO,EN,Federal Contract Tower,0,26,22,6,54,0,0,5,0,5,0,26,27,6,59,117,0,117,176
05/22/2001,EWN,NC,ASO,EN,Federal Contract Tower,0,27,15,4,46,0,0,27,0,27,0,27,42,4,73,44,2,46,119
05/23/2001,EWN,NC,ASO,EN,Federal Contract Tower,0,31,36,2,69,0,0,1,0,1,0,31,37,2,70,173,4,177,247
05/24/2001,EWN,NC,ASO,EN,Federal Contract Tower,0,29,14,4,47,0,0,67,0,67,0,29,81,4,114,139,2,141,255
05/25/2001,EWN,NC,ASO,EN,Federal Contract Tower,0,27,29,4,60,0,0,30,1,31,0,27,59,5,91,94,0,94,185
05/26/2001,EWN,NC,ASO,EN,Federal Contract Tower,0,17,16,0,33,0,0,14,4,18,0,17,30,4,51,16,0,16,67
05/27/2001,EWN,NC,ASO,EN,Federal Contract Tower,0,13,6,0,19,0,0,33,0,33,0,13,39,0,52,38,0,38,90
05/28/2001,EWN,NC,ASO,EN,Federal Contract Tower,0,17,11,0,28,0,0,8,0,8,0,17,19,0,36,57,0,57,93
05/29/2001,EWN,NC,ASO,EN,Federal Contract Tower,0,28,28,0,56,0,0,6,0,6,0,28,34,0,62,20,0,20,82
05/30/2001,EWN,NC,ASO,EN,Federal Contract Tower,0,27,31,0,58,0,0,37,0,37,0,27,68,0,95,142,8,150,245
05/31/2001,EWN,NC,ASO,EN,Federal Contract Tower,0,30,20,2,52,0,0,50,0,50,0,30,70,2,102,122,4,126,228
06/01/2001,EWN,NC,ASO,EN,Federal Contract Tower,0,18,8,2,28,0,0,21,0,21,0,18,29,2,49,38,0,38,87
06/02/2001,EWN,NC,ASO,EN,Federal Contract Tower,0,22,10,0,32,0,1,40,0,41,0,23,50,0,73,72,0,72,145
06/03/2001,EWN,NC,ASO,EN,Federal Contract Tower,0,20,4,0,24,0,0,39,1,40,0,20,43,1,64,44,0,44,108
06/04/2001,EWN,NC,ASO,EN,Federal Contract Tower,0,28,7,4,39,0,0,42,0,42,0,28,49,4,81,213,6,219,300
06/05/2001,EWN,NC,ASO,EN,Federal Contract Tower,0,31,13,6,50,0,0,18,0,18,0,31,31,6,68,52,6,58,126
06/06/2001,EWN,NC,ASO,EN,Federal Contract Tower,0,30,12,4,46,0,0,23,0,23,0,30,35,4,69,37,0,37,106
06/07/2001,EWN,NC,ASO,EN,Federal Contract Tower,0,27,11,2,40,0,0,23,2,25,0,27,34,4,65,18,0,18,83
06/08/2001,EWN,NC,ASO,EN,Federal Contract Tower,0,30,19,0,49,0,2,23,0,25,0,32,42,0,74,80,0,80,154
06/09/2001,EWN,NC,ASO,EN,Federal Contract Tower,0,22,9,0,31,0,1,42,0,43,0,23,51,0,74,106,0,106,180
06/10/2001,EWN,NC,ASO,EN,Federal Contract Tower,0,18,14,0,32,0,0,33,0,33,0,18,47,0,65,60,0,60,125
06/11/2001,EWN,NC,ASO,EN,Federal Contract Tower,0,27,17,6,50,0,0,32,2,34,0,27,49,8,84,82,22,104,188
06/12/2001,EWN,NC,ASO,EN,Federal Contract Tower,0,28,8,2,38,0,0,42,4,46,0,28,50,6,84,114,10,124,208
06/13/2001,EWN,NC,ASO,EN,Federal Contract Tower,0,28,15,2,45,0,1,19,2,22,0,29,34,4,67,20,8,28,95
06/14/2001,EWN,NC,ASO,EN,Federal Contract Tower,0,26,21,0,47,0,0,2,0,2,0,26,23,0,49,22,4,26,75
06/15/2001,EWN,NC,ASO,EN,Federal Contract Tower,0,31,31,0,62,0,0,0,0,0,0,31,31,0,62,0,2,2,64
06/16/2001,EWN,NC,ASO,EN,Federal Contract Tower,0,23,17,0,40,0,6,30,0,36,0,29,47,0,76,114,0,114,190
06/17/2001,EWN,NC,ASO,EN,Federal Contract Tower,0,24,34,0,58,0,0,46,0,46,0,24,80,0,104,64,0,64,168
06/18/2001,EWN,NC,ASO,EN,Federal Contract Tower,0,28,11,0,39,0,0,51,0,51,0,28,62,0,90,40,20,60,150
06/19/2001,EWN,NC,ASO,EN,Federal Contract Tower,0,27,6,2,35,0,0,32,3,35,0,27,38,5,70,109,2,111,181
06/20/2001,EWN,NC,ASO,EN,Federal Contract Tower,0,30,20,30,80,0,0,25,2,27,0,30,45,32,107,67,0,67,174
06/21/2001,EWN,NC,ASO,EN,Federal Contract Tower,0,25,13,2,40,0,4,34,0,38,0,29,47,2,78,35,2,37,115
06/22/2001,EWN,NC,ASO,EN,Federal Contract Tower,0,31,12,0,43,0,0,40,4,44,0,31,52,4,87,82,0,82,169
06/23/2001,EWN,NC,ASO,EN,Federal Contract Tower,0,18,6,0,24,0,0,25,4,29,0,18,31,4,53,120,0,120,173
06/24/2001,EWN,NC,ASO,EN,Federal Contract Tower,0,21,1,0,22,0,1,13,2,16,0,22,14,2,38,26,0,26,64
06/25/2001,EWN,NC,ASO,EN,Federal Contract Tower,0,27,26,0,53,0,0,38,2,40,0,27,64,2,93,139,0,139,232
06/26/2001,EWN,NC,ASO,EN,Federal Contract Tower,0,29,11,16,56,0,1,50,0,51,0,30,61,16,107,194,10,204,311
06/27/2001,EWN,NC,ASO,EN,Federal Contract Tower,0,26,31,0,57,0,0,62,0,62,0,26,93,0,119,118,0,118,237
06/28/2001,EWN,NC,ASO,EN,Federal Contract Tower,0,26,13,0,39,0,1,63,0,64,0,27,76,0,103,196,8,204,307
06/29/2001,EWN,NC,ASO,EN,Federal Contract Tower,0,30,7,0,37,0,0,55,2,57,0,30,62,2,94,158,0,158,252
06/30/2001,EWN,NC,ASO,EN,Federal Contract Tower,0,20,11,0,31,0,0,46,2,48,0,20,57,2,79,154,0,154,233
07/01/2001,EWN,NC,ASO,EN,Federal Contract Tower,0,18,8,1,27,0,1,45,1,47,0,19,53,2,74,58,2,60,134
07/02/2001,EWN,NC,ASO,EN,Federal Contract Tower,0,24,13,4,41,0,2,26,0,28,0,26,39,4,69,46,4,50,119
07/03/2001,EWN,NC,ASO,EN,Federal Contract Tower,0,25,20,0,45,0,1,39,0,40,0,26,59,0,85,47,0,47,132
07/04/2001,EWN,NC,ASO,EN,Federal Contract Tower,0,19,12,0,31,0,1,37,0,38,0,20,49,0,69,96,0,96,165
07/05/2001,EWN,NC,ASO,EN,Federal Contract Tower,0,23,10,0,33,0,1,29,2,32,0,24,39,2,65,68,0,68,133
07/06/2001,EWN,NC,ASO,EN,Federal Contract Tower,0,28,10,0,38,0,1,38,0,39,0,29,48,0,77,80,0,80,157
07/07/2001,EWN,NC,ASO,EN,Federal Contract Tower,0,20,18,0,38,0,1,79,0,80,0,21,97,0,118,126,0,126,244
07/08/2001,EWN,NC,ASO,EN,Federal Contract Tower,0,23,8,0,31,0,1,6,0,7,0,24,14,0,38,36,0,36,74
07/09/2001,EWN,NC,ASO,EN,Federal Contract Tower,0,28,12,3,43,0,1,37,5,43,0,29,49,8,86,60,0,60,146
07/10/2001,EWN,NC,ASO,EN,Federal Contract Tower,0,29,11,6,46,0,1,19,2,22,0,30,30,8,68,208,0,208,276
07/11/2001,EWN,NC,ASO,EN,Federal Contract Tower,0,27,13,8,48,0,1,18,0,19,0,28,31,8,67,70,10,80,147
07/12/2001,EWN,NC,ASO,EN,Federal Contract Tower,0,29,22,7,58,0,2,43,1,46,0,31,65,8,104,189,26,215,319
07/13/2001,EWN,NC,ASO,EN,Federal Contract Tower,0,34,25,4,63,0,0,52,0,52,0,34,77,4,115,70,6,76,191
07/14/2001,EWN,NC,ASO,EN,Federal Contract Tower,0,20,23,0,43,0,0,64,0,64,0,20,87,0,107,112,0,112,219
07/15/2001,EWN,NC,ASO,EN,Federal Contract Tower,0,21,35,0,56,0,0,44,0,44,0,21,79,0,100,210,4,214,314
07/16/2001,EWN,NC,ASO,EN,Federal Contract Tower,0,27,7,0,34,0,1,36,4,41,0,28,43,4,75,156,0,156,231
07/17/2001,EWN,NC,ASO,EN,Federal Contract Tower,0,29,8,16,53,0,0,25,0,25,0,29,33,16,78,120,22,142,220
07/18/2001,EWN,NC,ASO,EN,Federal Contract Tower,0,25,11,0,36,0,2,31,0,33,0,27,42,0,69,106,0,106,175
07/19/2001,EWN,NC,ASO,EN,Federal Contract Tower,0,28,8,6,42,0,0,21,6,27,0,28,29,12,69,90,2,92,161
07/20/2001,EWN,NC,ASO,EN,Federal Contract Tower,0,31,16,0,47,0,0,46,2,48,0,31,62,2,95,80,0,80,175
07/21/2001,EWN,NC,ASO,EN,Federal Contract Tower,0,17,3,0,20,0,1,44,0,45,0,18,47,0,65,68,0,68,133
07/22/2001,EWN,NC,ASO,EN,Federal Contract Tower,0,20,12,0,32,0,0,18,0,18,0,20,30,0,50,52,0,52,102
07/23/2001,EWN,NC,ASO,EN,Federal Contract Tower,0,29,7,3,39,0,0,12,3,15,0,29,19,6,54,18,0,18,72
07/24/2001,EWN,NC,ASO,EN,Federal Contract Tower,0,32,9,0,41,0,0,22,4,26,0,32,31,4,67,70,0,70,137
07/25/2001,EWN,NC,ASO,EN,Federal Contract Tower,0,28,16,4,48,0,0,27,8,35,0,28,43,12,83,46,12,58,141
07/26/2001,EWN,NC,ASO,EN,Federal Contract Tower,0,28,17,10,55,0,1,28,0,29,0,29,45,10,84,109,0,109,193
07/27/2001,EWN,NC,ASO,EN,Federal Contract Tower,0,30,21,0,51,0,0,3,0,3,0,30,24,0,54,6,0,6,60
07/28/2001,EWN,NC,ASO,EN,Federal Contract Tower,0,23,9,0,32,0,0,65,0,65,0,23,74,0,97,336,0,336,433
07/29/2001,EWN,NC,ASO,EN,Federal Contract Tower,0,20,15,0,35,0,0,22,0,22,0,20,37,0,57,144,0,144,201
07/30/2001,EWN,NC,ASO,EN,Federal Contract Tower,0,27,11,8,46,0,0,1,0,1,0,27,12,8,47,73,0,73,120
07/31/2001,EWN,NC,ASO,EN,Federal Contract Tower,0,31,10,0,41,0,0,39,0,39,0,31,49,0,80,212,0,212,292
08/01/2001,EWN,NC,ASO,EN,Federal Contract Tower,0,33,9,4,46,0,0,61,0,61,0,33,70,4,107,88,0,88,195
08/02/2001,EWN,NC,ASO,EN,Federal Contract Tower,0,25,25,3,53,0,0,32,4,36,0,25,57,7,89,174,0,174,263
08/03/2001,EWN,NC,ASO,EN,Federal Contract Tower,0,28,12,1,41,0,0,44,1,45,0,28,56,2,86,100,0,100,186
08/04/2001,EWN,NC,ASO,EN,Federal Contract Tower,0,21,4,0,25,0,0,49,0,49,0,21,53,0,74,160,0,160,234
08/05/2001,EWN,NC,ASO,EN,Federal Contract Tower,0,19,4,1,24,0,1,68,5,74,0,20,72,6,98,213,0,213,311
08/06/2001,EWN,NC,ASO,EN,Federal Contract Tower,0,29,10,3,42,0,0,45,1,46,0,29,55,4,88,176,0,176,264
08/07/2001,EWN,NC,ASO,EN,Federal Contract Tower,0,33,7,0,40,0,0,50,0,50,0,33,57,0,90,198,0,198,288
08/08/2001,EWN,NC,ASO,EN,Federal Contract Tower,0,28,17,1,46,0,1,47,1,49,0,29,64,2,95,168,2,170,265
08/09/2001,EWN,NC,ASO,EN,Federal Contract Tower,0,29,15,0,44,0,0,30,0,30,0,29,45,0,74,174,0,174,248
08/10/2001,EWN,NC,ASO,EN,Federal Contract Tower,0,29,54,1,84,0,1,17,0,18,0,30,71,1,102,47,0,47,149
08/11/2001,EWN,NC,ASO,EN,Federal Contract Tower,0,20,6,0,26,0,0,21,2,23,0,20,27,2,49,52,0,52,101
08/12/2001,EWN,NC,ASO,EN,Federal Contract Tower,0,20,8,0,28,0,0,34,0,34,0,20,42,0,62,4,0,4,66
08/13/2001,EWN,NC,ASO,EN,Federal Contract Tower,0,26,11,2,39,0,0,20,0,20,0,26,31,2,59,14,12,26,85
08/14/2001,EWN,NC,ASO,EN,Federal Contract Tower,0,30,11,4,45,0,0,7,4,11,0,30,18,8,56,0,0,0,56
08/15/2001,EWN,NC,ASO,EN,Federal Contract Tower,0,29,17,5,51,0,0,35,0,35,0,29,52,5,86,69,0,69,155
08/16/2001,EWN,NC,ASO,EN,Federal Contract Tower,0,27,16,0,43,0,8,50,0,58,0,35,66,0,101,100,0,100,201
08/17/2001,EWN,NC,ASO,EN,Federal Contract Tower,0,27,16,6,49,0,0,61,2,63,0,27,77,8,112,98,4,102,214
08/18/2001,EWN,NC,ASO,EN,Federal Contract Tower,0,16,4,0,20,0,0,31,3,34,0,16,35,3,54,138,0,138,192
08/19/2001,EWN,NC,ASO,EN,Federal Contract Tower,0,20,13,2,35,0,0,19,0,19,0,20,32,2,54,74,0,74,128
08/20/2001,EWN,NC,ASO,EN,Federal Contract Tower,0,25,4,4,33,0,0,21,4,25,0,25,25,8,58,38,0,38,96
08/21/2001,EWN,NC,ASO,EN,Federal Contract Tower,0,30,10,10,50,0,0,40,4,44,0,30,50,14,94,140,0,140,234
08/22/2001,EWN,NC,ASO,EN,Federal Contract Tower,0,30,19,4,53,0,0,54,2,56,0,30,73,6,109,140,0,140,249
08/23/2001,EWN,NC,ASO,EN,Federal Contract Tower,0,26,15,2,43,0,7,32,6,45,0,33,47,8,88,106,8,114,202
08/24/2001,EWN,NC,ASO,EN,Federal Contract Tower,0,25,14,2,41,0,7,29,8,44,0,32,43,10,85,132,0,132,217
08/25/2001,EWN,NC,ASO,EN,Federal Contract Tower,0,17,24,0,41,0,0,38,0,38,0,17,62,0,79,96,0,96,175
08/26/2001,EWN,NC,ASO,EN,Federal Contract Tower,0,20,28,0,48,0,0,60,6,66,0,20,88,6,114,64,0,64,178
08/27/2001,EWN,NC,ASO,EN,Federal Contract Tower,0,26,4,0,30,0,0,45,0,45,0,26,49,0,75,150,0,150,225
08/28/2001,EWN,NC,ASO,EN,Federal Contract Tower,0,28,14,2,44,0,0,21,0,21,0,28,35,2,65,130,6,136,201
08/29/2001,EWN,NC,ASO,EN,Federal Contract Tower,0,31,24,0,55,0,0,0,0,0,0,31,24,0,55,20,0,20,75
08/30/2001,EWN,NC,ASO,EN,Federal Contract Tower,0,29,19,0,48,0,0,28,0,28,0,29,47,0,76,165,6,171,247
08/31/2001,EWN,NC,ASO,EN,Federal Contract Tower,0,26,25,0,51,0,0,33,0,33,0,26,58,0,84,66,0,66,150
09/01/2001,EWN,NC,ASO,EN,Federal Contract Tower,0,19,2,0,21,0,1,36,0,37,0,20,38,0,58,90,0,90,148
09/02/2001,EWN,NC,ASO,EN,Federal Contract Tower,0,15,11,0,26,0,3,41,0,44,0,18,52,0,70,152,0,152,222
09/03/2001,EWN,NC,ASO,EN,Federal Contract Tower,0,20,20,0,40,0,0,38,0,38,0,20,58,0,78,96,0,96,174
09/04/2001,EWN,NC,ASO,EN,Federal Contract Tower,0,27,13,0,40,0,0,23,0,23,0,27,36,0,63,111,0,111,174
09/05/2001,EWN,NC,ASO,EN,Federal Contract Tower,0,29,15,3,47,0,0,31,1,32,0,29,46,4,79,119,0,119,198
09/06/2001,EWN,NC,ASO,EN,Federal Contract Tower,0,31,10,0,41,0,0,75,12,87,0,31,85,12,128,114,0,114,242
09/07/2001,EWN,NC,ASO,EN,Federal Contract Tower,0,28,13,3,44,0,0,65,5,70,0,28,78,8,114,120,0,120,234
09/08/2001,EWN,NC,ASO,EN,Federal Contract Tower,0,19,4,2,25,0,0,66,0,66,0,19,70,2,91,190,0,190,281
09/09/2001,EWN,NC,ASO,EN,Federal Contract Tower,0,18,3,12,33,0,0,29,2,31,0,18,32,14,64,16,0,16,80
09/10/2001,EWN,NC,ASO,EN,Federal Contract Tower,0,30,11,0,41,0,0,32,4,36,0,30,43,4,77,113,0,113,190
09/11/2001,EWN,NC,ASO,EN,Federal Contract Tower,0,8,3,0,11,0,0,4,0,4,0,8,7,0,15,0,0,0,15
09/12/2001,EWN,NC,ASO,EN,Federal Contract Tower,0,0,0,0,0,0,0,2,2,4,0,0,2,2,4,0,0,0,4
09/13/2001,EWN,NC,ASO,EN,Federal Contract Tower,0,9,2,0,11,0,0,2,0,2,0,9,4,0,13,0,0,0,13
09/14/2001,EWN,NC,ASO,EN,Federal Contract Tower,0,19,6,28,53,0,0,7,0,7,0,19,13,28,60,0,4,4,64
09/15/2001,EWN,NC,ASO,EN,Federal Contract Tower,0,17,8,1,26,0,0,1,1,2,0,17,9,2,28,0,0,0,28
09/16/2001,EWN,NC,ASO,EN,Federal Contract Tower,0,9,8,0,17,0,0,0,0,0,0,9,8,0,17,0,0,0,17
09/17/2001,EWN,NC,ASO,EN,Federal Contract Tower,0,19,10,6,35,0,0,0,0,0,0,19,10,6,35,0,0,0,35
09/18/2001,EWN,NC,ASO,EN,Federal Contract Tower,0,22,20,2,44,0,0,2,0,2,0,22,22,2,46,0,0,0,46
09/19/2001,EWN,NC,ASO,EN,Federal Contract Tower,0,20,18,0,38,0,0,2,0,2,0,20,20,0,40,0,0,0,40
09/20/2001,EWN,NC,ASO,EN,Federal Contract Tower,0,21,15,6,42,0,0,12,4,16,0,21,27,10,58,44,10,54,112
09/21/2001,EWN,NC,ASO,EN,Federal Contract Tower,0,18,24,2,44,0,0,37,0,37,0,18,61,2,81,28,2,30,111
09/22/2001,EWN,NC,ASO,EN,Federal Contract Tower,0,16,32,0,48,0,0,37,0,37,0,16,69,0,85,116,0,116,201
09/23/2001,EWN,NC,ASO,EN,Federal Contract Tower,0,16,12,6,34,0,0,20,0,20,0,16,32,6,54,82,0,82,136
09/24/2001,EWN,NC,ASO,EN,Federal Contract Tower,0,16,13,14,43,0,0,10,0,10,0,16,23,14,53,5,0,5,58
09/25/2001,EWN,NC,ASO,EN,Federal Contract Tower,0,17,43,6,66,0,0,20,0,20,0,17,63,6,86,80,0,80,166
09/26/2001,EWN,NC,ASO,EN,Federal Contract Tower,0,18,14,0,32,0,1,44,0,45,0,19,58,0,77,135,0,135,212
09/27/2001,EWN,NC,ASO,EN,Federal Contract Tower,0,15,15,2,32,0,0,58,2,60,0,15,73,4,92,88,8,96,188
09/28/2001,EWN,NC,ASO,EN,Federal Contract Tower,0,19,12,0,31,0,2,28,0,30,0,21,40,0,61,112,2,114,175
09/29/2001,EWN,NC,ASO,EN,Federal Contract Tower,0,14,6,0,20,0,1,27,0,28,0,15,33,0,48,10,0,10,58
09/30/2001,EWN,NC,ASO,EN,Federal Contract Tower,0,13,6,0,19,0,0,25,0,25,0,13,31,0,44,40,0,40,84
10/01/2001,EWN,NC,ASO,EN,Federal Contract Tower,0,15,18,0,33,0,1,39,1,41,0,16,57,1,74,30,0,30,104
10/02/2001,EWN,NC,ASO,EN,Federal Contract Tower,0,19,15,1,35,0,2,35,1,38,0,21,50,2,73,120,18,138,211
10/03/2001,EWN,NC,ASO,EN,Federal Contract Tower,0,14,25,0,39,0,0,46,0,46,0,14,71,0,85,56,2,58,143
10/04/2001,EWN,NC,ASO,EN,Federal Contract Tower,0,15,22,2,39,0,2,46,0,48,0,17,68,2,87,98,2,100,187
10/05/2001,EWN,NC,ASO,EN,Federal Contract Tower,0,19,6,10,35,0,2,61,0,63,0,21,67,10,98,196,12,208,306
10/06/2001,EWN,NC,ASO,EN,Federal Contract Tower,0,14,10,0,24,0,0,22,2,24,0,14,32,2,48,70,0,70,118
10/07/2001,EWN,NC,ASO,EN,Federal Contract Tower,0,10,8,0,18,0,0,55,0,55,0,10,63,0,73,68,0,68,141
10/08/2001,EWN,NC,ASO,EN,Federal Contract Tower,0,13,9,0,22,0,0,69,0,69,0,13,78,0,91,190,4,194,285
10/09/2001,EWN,NC,ASO,EN,Federal Contract Tower,0,13,40,0,53,0,0,31,2,33,0,13,71,2,86,72,0,72,158
10/10/2001,EWN,NC,ASO,EN,Federal Contract Tower,0,14,41,0,55,0,0,49,0,49,0,14,90,0,104,155,6,161,265
10/11/2001,EWN,NC,ASO,EN,Federal Contract Tower,0,13,24,12,49,0,0,58,0,58,0,13,82,12,107,126,0,126,233
10/12/2001,EWN,NC,ASO,EN,Federal Contract Tower,0,20,13,0,33,0,0,62,0,62,0,20,75,0,95,106,0,106,201
10/13/2001,EWN,NC,ASO,EN,Federal Contract Tower,0,12,18,0,30,0,1,54,2,57,0,13,72,2,87,120,0,120,207
10/14/2001,EWN,NC,ASO,EN,Federal Contract Tower,0,14,18,0,32,0,0,24,0,24,0,14,42,0,56,36,0,36,92
10/15/2001,EWN,NC,ASO,EN,Federal Contract Tower,0,14,13,0,27,0,1,32,0,33,0,15,45,0,60,30,0,30,90
10/16/2001,EWN,NC,ASO,EN,Federal Contract Tower,0,21,13,2,36,0,1,53,0,54,0,22,66,2,90,104,20,124,214
10/17/2001,EWN,NC,ASO,EN,Federal Contract Tower,0,12,15,2,29,0,5,39,0,44,0,17,54,2,73,68,0,68,141
10/18/2001,EWN,NC,ASO,EN,Federal Contract Tower,0,12,30,4,46,0,0,49,6,55,0,12,79,10,101,54,0,54,155
10/19/2001,EWN,NC,ASO,EN,Federal Contract Tower,0,16,10,6,32,0,0,60,0,60,0,16,70,6,92,168,0,168,260
10/20/2001,EWN,NC,ASO,EN,Federal Contract Tower,0,14,18,0,32,0,0,41,0,41,0,14,59,0,73,70,0,70,143
10/21/2001,EWN,NC,ASO,EN,Federal Contract Tower,0,11,19,0,30,0,0,26,0,26,0,11,45,0,56,96,0,96,152
10/22/2001,EWN,NC,ASO,EN,Federal Contract Tower,0,13,5,2,20,0,1,47,0,48,0,14,52,2,68,104,0,104,172
10/23/2001,EWN,NC,ASO,EN,Federal Contract Tower,0,14,26,4,44,0,1,31,4,36,0,15,57,8,80,92,0,92,172
10/24/2001,EWN,NC,ASO,EN,Federal Contract Tower,0,17,13,0,30,0,0,26,0,26,0,17,39,0,56,24,4,28,84
10/25/2001,EWN,NC,ASO,EN,Federal Contract Tower,0,12,28,14,54,0,0,21,2,23,0,12,49,16,77,14,0,14,91
10/26/2001,EWN,NC,ASO,EN,Federal Contract Tower,0,13,13,2,28,0,0,40,0,40,0,13,53,2,68,32,0,32,100
10/27/2001,EWN,NC,ASO,EN,Federal Contract Tower,0,15,8,0,23,0,0,177,4,181,0,15,185,4,204,102,4,106,310
10/28/2001,EWN,NC,ASO,EN,Federal Contract Tower,0,10,13,0,23,0,0,47,0,47,0,10,60,0,70,86,0,86,156
10/29/2001,EWN,NC,ASO,EN,Federal Contract Tower,0,15,10,2,27,0,1,52,0,53,0,16,62,2,80,92,0,92,172
10/30/2001,EWN,NC,ASO,EN,Federal Contract Tower,0,21,28,0,49,0,0,49,2,51,0,21,77,2,100,78,0,78,178
10/31/2001,EWN,NC,ASO,EN,Federal Contract Tower,0,13,17,4,34,0,0,45,4,49,0,13,62,8,83,46,6,52,135
11/01/2001,EWN,NC,ASO,EN,Federal Contract Tower,0,11,21,5,37,0,0,35,4,39,0,11,56,9,76,72,14,86,162
11/02/2001,EWN,NC,ASO,EN,Federal Contract Tower,0,15,12,1,28,0,0,34,7,41,0,15,46,8,69,58,20,78,147
11/03/2001,EWN,NC,ASO,EN,Federal Contract Tower,0,11,10,0,21,0,0,43,2,45,0,11,53,2,66,146,0,146,212
11/04/2001,EWN,NC,ASO,EN,Federal Contract Tower,0,12,9,0,21,0,0,59,0,59,0,12,68,0,80,74,0,74,154
11/05/2001,EWN,NC,ASO,EN,Federal Contract Tower,0,15,9,0,24,0,0,34,4,38,0,15,43,4,62,12,0,12,74
11/06/2001,EWN,NC,ASO,EN,Federal Contract Tower,0,15,21,0,36,0,0,32,0,32,0,15,53,0,68,8,0,8,76
11/07/2001,EWN,NC,ASO,EN,Federal Contract Tower,0,23,16,2,41,0,0,41,0,41,0,23,57,2,82,50,4,54,136
11/08/2001,EWN,NC,ASO,EN,Federal Contract Tower,0,12,30,5,47,0,0,58,3,61,0,12,88,8,108,78,16,94,202
11/09/2001,EWN,NC,ASO,EN,Federal Contract Tower,0,17,27,0,44,0,0,58,2,60,0,17,85,2,104,114,14,128,232
11/10/2001,EWN,NC,ASO,EN,Federal Contract Tower,0,14,9,0,23,0,0,59,2,61,0,14,68,2,84,80,0,80,164
11/11/2001,EWN,NC,ASO,EN,Federal Contract Tower,0,12,8,0,20,0,0,43,0,43,0,12,51,0,63,10,0,10,73
11/12/2001,EWN,NC,ASO,EN,Federal Contract Tower,0,16,10,0,26,0,0,57,0,57,0,16,67,0,83,62,0,62,145
11/13/2001,EWN,NC,ASO,EN,Federal Contract Tower,0,23,9,0,32,0,0,30,0,30,0,23,39,0,62,88,0,88,150
11/14/2001,EWN,NC,ASO,EN,Federal Contract Tower,0,16,15,1,32,0,0,30,5,35,0,16,45,6,67,80,0,80,147
11/15/2001,EWN,NC,ASO,EN,Federal Contract Tower,0,13,36,3,52,0,0,47,1,48,0,13,83,4,100,126,0,126,226
11/16/2001,EWN,NC,ASO,EN,Federal Contract Tower,0,16,29,9,54,0,1,66,3,70,0,17,95,12,124,74,6,80,204
11/17/2001,EWN,NC,ASO,EN,Federal Contract Tower,0,11,28,0,39,0,0,72,0,72,0,11,100,0,111,196,0,196,307
11/18/2001,EWN,NC,ASO,EN,Federal Contract Tower,0,12,13,0,25,0,0,72,0,72,0,12,85,0,97,132,0,132,229
11/19/2001,EWN,NC,ASO,EN,Federal Contract Tower,0,14,19,3,36,0,0,36,3,39,0,14,55,6,75,70,2,72,147
11/20/2001,EWN,NC,ASO,EN,Federal Contract Tower,0,24,28,1,53,0,0,21,7,28,0,24,49,8,81,112,18,130,211
11/21/2001,EWN,NC,ASO,EN,Federal Contract Tower,0,17,13,2,32,0,0,44,6,50,0,17,57,8,82,50,16,66,148
11/22/2001,EWN,NC,ASO,EN,Federal Contract Tower,0,11,14,0,25,0,0,20,0,20,0,11,34,0,45,0,0,0,45
11/23/2001,EWN,NC,ASO,EN,Federal Contract Tower,0,13,26,0,39,0,0,34,0,34,0,13,60,0,73,66,0,66,139
11/24/2001,EWN,NC,ASO,EN,Federal Contract Tower,0,11,20,0,31,0,0,3,0,3,0,11,23,0,34,64,0,64,98
11/25/2001,EWN,NC,ASO,EN,Federal Contract Tower,0,13,12,2,27,0,0,24,0,24,0,13,36,2,51,24,0,24,75
11/26/2001,EWN,NC,ASO,EN,Federal Contract Tower,0,18,11,3,32,0,0,24,1,25,0,18,35,4,57,34,2,36,93
11/27/2001,EWN,NC,ASO,EN,Federal Contract Tower,0,20,14,0,34,0,0,10,0,10,0,20,24,0,44,4,0,4,48
11/28/2001,EWN,NC,ASO,EN,Federal Contract Tower,0,21,32,6,59,0,0,39,0,39,0,21,71,6,98,34,0,34,132
11/29/2001,EWN,NC,ASO,EN,Federal Contract Tower,0,20,15,4,39,0,0,15,0,15,0,20,30,4,54,130,0,130,184
11/30/2001,EWN,NC,ASO,EN,Federal Contract Tower,0,14,31,4,49,0,0,30,0,30,0,14,61,4,79,30,0,30,109
12/01/2001,EWN,NC,ASO,EN,Federal Contract Tower,0,10,17,0,27,0,1,50,2,53,0,11,67,2,80,208,10,218,298
12/02/2001,EWN,NC,ASO,EN,Federal Contract Tower,0,10,14,0,24,0,2,50,0,52,0,12,64,0,76,172,0,172,248
12/03/2001,EWN,NC,ASO,EN,Federal Contract Tower,0,14,22,4,40,0,3,21,2,26,0,17,43,6,66,4,2,6,72
12/04/2001,EWN,NC,ASO,EN,Federal Contract Tower,0,22,35,2,59,0,0,21,2,23,0,22,56,4,82,68,0,68,150
12/05/2001,EWN,NC,ASO,EN,Federal Contract Tower,0,19,24,0,43,0,4,39,0,43,0,23,63,0,86,78,0,78,164
12/06/2001,EWN,NC,ASO,EN,Federal Contract Tower,0,26,30,0,56,0,1,48,0,49,0,27,78,0,105,122,0,122,227
12/07/2001,EWN,NC,ASO,EN,Federal Contract Tower,0,13,19,0,32,0,1,30,0,31,0,14,49,0,63,28,0,28,91
12/08/2001,EWN,NC,ASO,EN,Federal Contract Tower,0,12,15,0,27,0,1,30,0,31,0,13,45,0,58,42,0,42,100
12/09/2001,EWN,NC,ASO,EN,Federal Contract Tower,0,14,11,0,25,0,1,50,0,51,0,15,61,0,76,198,0,198,274
12/10/2001,EWN,NC,ASO,EN,Federal Contract Tower,0,19,7,0,26,0,1,30,0,31,0,20,37,0,57,78,0,78,135
12/11/2001,EWN,NC,ASO,EN,Federal Contract Tower,0,19,27,0,46,0,1,0,0,1,0,20,27,0,47,4,0,4,51
12/12/2001,EWN,NC,ASO,EN,Federal Contract Tower,0,22,18,0,40,0,0,3,0,3,0,22,21,0,43,0,0,0,43
12/13/2001,EWN,NC,ASO,EN,Federal Contract Tower,0,19,24,4,47,0,0,14,6,20,0,19,38,10,67,12,20,32,99
12/14/2001,EWN,NC,ASO,EN,Federal Contract Tower,0,18,19,4,41,0,0,19,0,19,0,18,38,4,60,20,0,20,80
12/15/2001,EWN,NC,ASO,EN,Federal Contract Tower,0,13,17,0,30,0,0,53,0,53,0,13,70,0,83,68,0,68,151
12/16/2001,EWN,NC,ASO,EN,Federal Contract Tower,0,13,12,0,25,0,0,47,0,47,0,13,59,0,72,38,0,38,110
12/17/2001,EWN,NC,ASO,EN,Federal Contract Tower,0,18,5,2,25,0,0,26,4,30,0,18,31,6,55,32,30,62,117
12/18/2001,EWN,NC,ASO,EN,Federal Contract Tower,0,17,11,2,30,0,0,22,0,22,0,17,33,2,52,46,2,48,100
12/19/2001,EWN,NC,ASO,EN,Federal Contract Tower,0,19,19,4,42,0,0,55,6,61,0,19,74,10,103,104,34,138,241
12/20/2001,EWN,NC,ASO,EN,Federal Contract Tower,0,19,20,0,39,0,1,39,2,42,0,20,59,2,81,66,0,66,147
12/21/2001,EWN,NC,ASO,EN,Federal Contract Tower,0,16,22,6,44,0,0,44,0,44,0,16,66,6,88,66,2,68,156
12/22/2001,EWN,NC,ASO,EN,Federal Contract Tower,0,16,20,0,36,0,0,39,0,39,0,16,59,0,75,62,0,62,137
12/23/2001,EWN,NC,ASO,EN,Federal Contract Tower,0,13,9,0,22,0,0,37,0,37,0,13,46,0,59,56,0,56,115
12/24/2001,EWN,NC,ASO,EN,Federal Contract Tower,0,12,7,0,19,0,0,23,0,23,0,12,30,0,42,94,0,94,136
12/25/2001,EWN,NC,ASO,EN,Federal Contract Tower,0,10,5,0,15,0,0,17,0,17,0,10,22,0,32,6,0,6,38
12/26/2001,EWN,NC,ASO,EN,Federal Contract Tower,0,20,13,0,33,0,1,29,2,32,0,21,42,2,65,42,30,72,137
12/27/2001,EWN,NC,ASO,EN,Federal Contract Tower,0,19,11,4,34,0,3,34,0,37,0,22,45,4,71,66,0,66,137
12/28/2001,EWN,NC,ASO,EN,Federal Contract Tower,0,21,10,0,31,0,0,46,0,46,0,21,56,0,77,36,0,36,113
12/29/2001,EWN,NC,ASO,EN,Federal Contract Tower,0,16,4,0,20,0,0,45,0,45,0,16,49,0,65,46,0,46,111
12/30/2001,EWN,NC,ASO,EN,Federal Contract Tower,0,12,4,0,16,0,0,34,0,34,0,12,38,0,50,62,0,62,112
12/31/2001,EWN,NC,ASO,EN,Federal Contract Tower,0,15,3,0,18,0,0,21,0,21,0,15,24,0,39,44,0,44,83
01/01/2002,EWN,NC,ASO,EN,Federal Contract Tower,0,9,9,0,18,0,1,18,0,19,0,10,27,0,37,30,0,30,67
01/02/2002,EWN,NC,ASO,EN,Federal Contract Tower,0,15,12,0,27,0,0,20,0,20,0,15,32,0,47,12,4,16,63
01/03/2002,EWN,NC,ASO,EN,Federal Contract Tower,0,9,2,0,11,0,1,0,0,1,0,10,2,0,12,0,0,0,12
01/04/2002,EWN,NC,ASO,EN,Federal Contract Tower,0,10,8,0,18,0,1,9,2,12,0,11,17,2,30,10,4,14,44
01/05/2002,EWN,NC,ASO,EN,Federal Contract Tower,0,11,25,0,36,0,1,26,5,32,0,12,51,5,68,62,0,62,130
01/06/2002,EWN,NC,ASO,EN,Federal Contract Tower,0,13,3,0,16,0,0,9,2,11,0,13,12,2,27,24,0,24,51
01/07/2002,EWN,NC,ASO,EN,Federal Contract Tower,0,11,13,0,24,0,0,12,4,16,0,11,25,4,40,0,0,0,40
01/08/2002,EWN,NC,ASO,EN,Federal Contract Tower,0,13,25,0,38,0,0,29,0,29,0,13,54,0,67,82,0,82,149
01/09/2002,EWN,NC,ASO,EN,Federal Contract Tower,0,20,22,7,49,0,0,23,9,32,0,20,45,16,81,22,40,62,143
01/10/2002,EWN,NC,ASO,EN,Federal Contract Tower,0,15,23,3,41,0,0,58,3,61,0,15,81,6,102,80,0,80,182
01/11/2002,EWN,NC,ASO,EN,Federal Contract Tower,0,18,23,1,42,0,0,28,0,28,0,18,51,1,70,28,0,28,98
01/12/2002,EWN,NC,ASO,EN,Federal Contract Tower,0,15,37,0,52,0,0,77,0,77,0,15,114,0,129,218,0,218,347
01/13/2002,EWN,NC,ASO,EN,Federal Contract Tower,0,12,7,3,22,0,0,36,5,41,0,12,43,8,63,82,0,82,145
01/14/2002,EWN,NC,ASO,EN,Federal Contract Tower,0,19,14,7,40,0,0,30,0,30,0,19,44,7,70,32,6,38,108
01/15/2002,EWN,NC,ASO,EN,Federal Contract Tower,0,12,25,8,45,0,0,33,4,37,0,12,58,12,82,8,2,10,92
01/16/2002,EWN,NC,ASO,EN,Federal Contract Tower,0,17,14,11,42,0,0,34,0,34,0,17,48,11,76,32,10,42,118
01/17/2002,EWN,NC,ASO,EN,Federal Contract Tower,0,13,20,6,39,0,0,31,0,31,0,13,51,6,70,82,0,82,152
01/18/2002,EWN,NC,ASO,EN,Federal Contract Tower,0,22,24,0,46,0,1,40,2,43,0,23,64,2,89,88,0,88,177
01/19/2002,EWN,NC,ASO,EN,Federal Contract Tower,0,11,12,0,23,0,0,15,0,15,0,11,27,0,38,20,0,20,58
01/20/2002,EWN,NC,ASO,EN,Federal Contract Tower,0,12,17,0,29,0,0,36,0,36,0,12,53,0,65,76,0,76,141
01/21/2002,EWN,NC,ASO,EN,Federal Contract Tower,0,12,16,0,28,0,0,8,0,8,0,12,24,0,36,8,0,8,44
01/22/2002,EWN,NC,ASO,EN,Federal Contract Tower,0,16,20,2,38,0,1,53,6,60,0,17,73,8,98,70,6,76,174
01/23/2002,EWN,NC,ASO,EN,Federal Contract Tower,0,17,18,0,35,0,0,2,2,4,0,17,20,2,39,6,0,6,45
01/24/2002,EWN,NC,ASO,EN,Federal Contract Tower,0,15,36,2,53,0,0,11,0,11,0,15,47,2,64,14,0,14,78
01/25/2002,EWN,NC,ASO,EN,Federal Contract Tower,0,16,16,4,36,0,1,23,4,28,0,17,39,8,64,24,2,26,90
01/26/2002,EWN,NC,ASO,EN,Federal Contract Tower,0,15,7,0,22,0,0,100,0,100,0,15,107,0,122,188,0,188,310
01/27/2002,EWN,NC,ASO,EN,Federal Contract Tower,0,11,9,0,20,0,0,69,0,69,0,11,78,0,89,72,0,72,161
01/28/2002,EWN,NC,ASO,EN,Federal Contract Tower,0,13,15,2,30,0,0,21,0,21,0,13,36,2,51,26,0,26,77
01/29/2002,EWN,NC,ASO,EN,Federal Contract Tower,0,15,22,0,37,0,0,65,4,69,0,15,87,4,106,112,0,112,218
01/30/2002,EWN,NC,ASO,EN,Federal Contract Tower,0,17,14,6,37,0,0,48,2,50,0,17,62,8,87,14,0,14,101
01/31/2002,EWN,NC,ASO,EN,Federal Contract Tower,0,19,20,8,47,0,0,37,8,45,0,19,57,16,92,76,2,78,170
02/01/2002,EWN,NC,ASO,EN,Federal Contract Tower,0,20,11,0,31,0,0,33,2,35,0,20,44,2,66,78,0,78,144
02/02/2002,EWN,NC,ASO,EN,Federal Contract Tower,0,12,15,0,27,0,2,58,0,60,0,14,73,0,87,208,0,208,295
02/03/2002,EWN,NC,ASO,EN,Federal Contract Tower,0,11,16,0,27,0,0,34,0,34,0,11,50,0,61,44,0,44,105
02/04/2002,EWN,NC,ASO,EN,Federal Contract Tower,0,12,14,0,26,0,0,13,0,13,0,12,27,0,39,0,6,6,45
02/05/2002,EWN,NC,ASO,EN,Federal Contract Tower,0,19,17,6,42,0,1,31,0,32,0,20,48,6,74,40,0,40,114
02/06/2002,EWN,NC,ASO,EN,Federal Contract Tower,0,17,15,4,36,0,0,23,0,23,0,17,38,4,59,6,0,6,65
02/07/2002,EWN,NC,ASO,EN,Federal Contract Tower,0,16,21,4,41,0,0,0,0,0,0,16,21,4,41,0,0,0,41
02/08/2002,EWN,NC,ASO,EN,Federal Contract Tower,0,18,17,0,35,0,1,56,0,57,0,19,73,0,92,162,0,162,254
02/09/2002,EWN,NC,ASO,EN,Federal Contract Tower,0,15,12,0,27,0,0,92,2,94,0,15,104,2,121,260,0,260,381
02/10/2002,EWN,NC,ASO,EN,Federal Contract Tower,0,12,6,0,18,0,0,21,0,21,0,12,27,0,39,40,0,40,79
02/11/2002,EWN,NC,ASO,EN,Federal Contract Tower,0,17,5,2,24,0,3,11,0,14,0,20,16,2,38,0,0,0,38
02/12/2002,EWN,NC,ASO,EN,Federal Contract Tower,0,25,6,0,31,0,1,56,0,57,0,26,62,0,88,240,0,240,328
02/13/2002,EWN,NC,ASO,EN,Federal Contract Tower,0,22,23,6,51,0,0,39,4,43,0,22,62,10,94,30,12,42,136
02/14/2002,EWN,NC,ASO,EN,Federal Contract Tower,0,18,23,0,41,0,0,39,4,43,0,18,62,4,84,68,0,68,152
02/15/2002,EWN,NC,ASO,EN,Federal Contract Tower,0,16,15,0,31,0,0,48,4,52,0,16,63,4,83,108,16,124,207
02/16/2002,EWN,NC,ASO,EN,Federal Contract Tower,0,20,5,0,25,0,0,52,0,52,0,20,57,0,77,64,0,64,141
02/17/2002,EWN,NC,ASO,EN,Federal Contract Tower,0,11,10,4,25,0,0,14,0,14,0,11,24,4,39,12,0,12,51
02/18/2002,EWN,NC,ASO,EN,Federal Contract Tower,0,16,34,0,50,0,0,62,0,62,0,16,96,0,112,136,0,136,248
02/19/2002,EWN,NC,ASO,EN,Federal Contract Tower,0,19,14,6,39,0,1,53,0,54,0,20,67,6,93,192,2,194,287
02/20/2002,EWN,NC,ASO,EN,Federal Contract Tower,0,18,23,12,53,0,0,13,8,21,0,18,36,20,74,0,20,20,94
02/21/2002,EWN,NC,ASO,EN,Federal Contract Tower,0,23,15,10,48,0,1,35,6,42,0,24,50,16,90,38,22,60,150
02/22/2002,EWN,NC,ASO,EN,Federal Contract Tower,0,21,9,4,34,0,0,60,0,60,0,21,69,4,94,96,0,96,190
02/23/2002,EWN,NC,ASO,EN,Federal Contract Tower,0,14,17,0,31,0,0,31,0,31,0,14,48,0,62,132,0,132,194
02/24/2002,EWN,NC,ASO,EN,Federal Contract Tower,0,9,12,0,21,0,0,40,0,40,0,9,52,0,61,36,0,36,97
02/25/2002,EWN,NC,ASO,EN,Federal Contract Tower,0,18,11,8,37,0,0,56,0,56,0,18,67,8,93,190,0,190,283
02/26/2002,EWN,NC,ASO,EN,Federal Contract Tower,0,21,6,1,28,0,1,32,6,39,0,22,38,7,67,18,20,38,105
02/27/2002,EWN,NC,ASO,EN,Federal Contract Tower,0,17,20,9,46,0,0,12,3,15,0,17,32,12,61,12,2,14,75
02/28/2002,EWN,NC,ASO,EN,Federal Contract Tower,0,18,18,0,36,0,0,43,0,43,0,18,61,0,79,36,0,36,115
03/01/2002,EWN,NC,ASO,EN,Federal Contract Tower,0,15,36,1,52,0,4,60,1,65,0,19,96,2,117,134,0,134,251
03/02/2002,EWN,NC,ASO,EN,Federal Contract Tower,0,15,6,2,23,0,1,30,0,31,0,16,36,2,54,62,0,62,116
03/03/2002,EWN,NC,ASO,EN,Federal Contract Tower,0,13,17,0,30,0,1,9,0,10,0,14,26,0,40,56,0,56,96
03/04/2002,EWN,NC,ASO,EN,Federal Contract Tower,0,15,5,3,23,0,1,33,1,35,0,16,38,4,58,90,0,90,148
03/05/2002,EWN,NC,ASO,EN,Federal Contract Tower,0,20,20,3,43,0,1,51,1,53,0,21,71,4,96,96,0,96,192
03/06/2002,EWN,NC,ASO,EN,Federal Contract Tower,0,17,8,0,25,0,1,37,0,38,0,18,45,0,63,96,0,96,159
03/07/2002,EWN,NC,ASO,EN,Federal Contract Tower,0,20,17,4,41,0,0,46,0,46,0,20,63,4,87,108,2,110,197
03/08/2002,EWN,NC,ASO,EN,Federal Contract Tower,0,24,10,9,43,0,0,67,1,68,0,24,77,10,111,236,0,236,347
03/09/2002,EWN,NC,ASO,EN,Federal Contract Tower,0,14,16,3,33,0,0,66,7,73,0,14,82,10,106,76,0,76,182
03/10/2002,EWN,NC,ASO,EN,Federal Contract Tower,0,17,11,0,28,0,0,47,0,47,0,17,58,0,75,80,0,80,155
03/11/2002,EWN,NC,ASO,EN,Federal Contract Tower,0,20,8,2,30,0,0,51,0,51,0,20,59,2,81,70,0,70,151
03/12/2002,EWN,NC,ASO,EN,Federal Contract Tower,0,27,10,5,42,0,0,16,3,19,0,27,26,8,61,28,0,28,89
03/13/2002,EWN,NC,ASO,EN,Federal Contract Tower,0,24,34,8,66,0,0,3,0,3,0,24,37,8,69,0,0,0,69
03/14/2002,EWN,NC,ASO,EN,Federal Contract Tower,0,23,17,8,48,0,1,63,0,64,0,24,80,8,112,204,0,204,316
03/15/2002,EWN,NC,ASO,EN,Federal Contract Tower,0,19,31,2,52,0,0,55,2,57,0,19,86,4,109,120,2,122,231
03/16/2002,EWN,NC,ASO,EN,Federal Contract Tower,0,15,6,0,21,0,0,77,0,77,0,15,83,0,98,226,0,226,324
03/17/2002,EWN,NC,ASO,EN,Federal Contract Tower,0,12,26,0,38,0,0,10,0,10,0,12,36,0,48,96,0,96,144
03/18/2002,EWN,NC,ASO,EN,Federal Contract Tower,0,17,7,0,24,0,0,23,0,23,0,17,30,0,47,68,0,68,115
03/19/2002,EWN,NC,ASO,EN,Federal Contract Tower,0,21,18,6,45,0,0,27,10,37,0,21,45,16,82,22,0,22,104
03/20/2002,EWN,NC,ASO,EN,Federal Contract Tower,0,24,17,0,41,0,0,22,4,26,0,24,39,4,67,16,16,32,99
03/21/2002,EWN,NC,ASO,EN,Federal Contract Tower,0,22,19,4,45,0,0,9,0,9,0,22,28,4,54,16,0,16,70
03/22/2002,EWN,NC,ASO,EN,Federal Contract Tower,0,16,18,0,34,0,0,34,4,38,0,16,52,4,72,56,0,56,128
03/23/2002,EWN,NC,ASO,EN,Federal Contract Tower,0,14,20,0,34,0,0,88,0,88,0,14,108,0,122,154,0,154,276
03/24/2002,EWN,NC,ASO,EN,Federal Contract Tower,0,12,12,0,24,0,0,55,0,55,0,12,67,0,79,50,0,50,129
03/25/2002,EWN,NC,ASO,EN,Federal Contract Tower,0,19,9,0,28,0,0,101,8,109,0,19,110,8,137,140,0,140,277
03/26/2002,EWN,NC,ASO,EN,Federal Contract Tower,0,24,6,2,32,0,0,26,6,32,0,24,32,8,64,100,0,100,164
03/27/2002,EWN,NC,ASO,EN,Federal Contract Tower,0,25,12,4,41,0,1,28,2,31,0,26,40,6,72,88,36,124,196
03/28/2002,EWN,NC,ASO,EN,Federal Contract Tower,0,27,42,0,69,0,0,103,2,105,0,27,145,2,174,228,0,228,402
03/29/2002,EWN,NC,ASO,EN,Federal Contract Tower,0,21,30,2,53,0,0,90,0,90,0,21,120,2,143,232,0,232,375
03/30/2002,EWN,NC,ASO,EN,Federal Contract Tower,0,16,15,0,31,0,1,23,0,24,0,17,38,0,55,10,0,10,65
03/31/2002,EWN,NC,ASO,EN,Federal Contract Tower,0,11,7,0,18,0,0,6,0,6,0,11,13,0,24,16,0,16,40
04/01/2002,EWN,NC,ASO,EN,Federal Contract Tower,0,20,30,2,52,0,1,76,0,77,0,21,106,2,129,172,0,172,301
04/02/2002,EWN,NC,ASO,EN,Federal Contract Tower,0,18,28,2,48,0,1,56,6,63,0,19,84,8,111,58,0,58,169
04/03/2002,EWN,NC,ASO,EN,Federal Contract Tower,0,20,26,3,49,0,2,17,13,32,0,22,43,16,81,26,84,110,191
04/04/2002,EWN,NC,ASO,EN,Federal Contract Tower,0,18,22,8,48,0,0,60,4,64,0,18,82,12,112,80,0,80,192
04/05/2002,EWN,NC,ASO,EN,Federal Contract Tower,0,16,17,0,33,0,1,78,14,93,0,17,95,14,126,76,0,76,202
04/06/2002,EWN,NC,ASO,EN,Federal Contract Tower,0,12,14,0,26,0,1,77,0,78,0,13,91,0,104,120,0,120,224
04/07/2002,EWN,NC,ASO,EN,Federal Contract Tower,0,16,15,0,31,0,1,79,0,80,0,17,94,0,111,92,0,92,203
04/08/2002,EWN,NC,ASO,EN,Federal Contract Tower,0,16,8,2,26,0,1,50,0,51,0,17,58,2,77,24,0,24,101
04/09/2002,EWN,NC,ASO,EN,Federal Contract Tower,0,23,13,1,37,0,1,36,3,40,0,24,49,4,77,6,0,6,83
04/10/2002,EWN,NC,ASO,EN,Federal Contract Tower,0,22,19,2,43,0,0,7,0,7,0,22,26,2,50,14,0,14,64
04/11/2002,EWN,NC,ASO,EN,Federal Contract Tower,0,24,25,4,53,0,0,53,4,57,0,24,78,8,110,104,0,104,214
04/12/2002,EWN,NC,ASO,EN,Federal Contract Tower,0,24,12,0,36,0,7,35,2,44,0,31,47,2,80,64,0,64,144
04/13/2002,EWN,NC,ASO,EN,Federal Contract Tower,0,16,11,0,27,0,0,48,2,50,0,16,59,2,77,164,0,164,241
04/14/2002,EWN,NC,ASO,EN,Federal Contract Tower,0,14,9,0,23,0,0,25,0,25,0,14,34,0,48,48,0,48,96
04/15/2002,EWN,NC,ASO,EN,Federal Contract Tower,0,20,21,3,44,0,0,5,3,8,0,20,26,6,52,32,0,32,84
04/16/2002,EWN,NC,ASO,EN,Federal Contract Tower,0,23,11,2,36,0,0,76,2,78,0,23,87,4,114,72,4,76,190
04/17/2002,EWN,NC,ASO,EN,Federal Contract Tower,0,21,12,4,37,0,0,66,0,66,0,21,78,4,103,164,0,164,267
04/18/2002,EWN,NC,ASO,EN,Federal Contract Tower,0,22,20,8,50,0,0,56,0,56,0,22,76,8,106,142,2,144,250
04/19/2002,EWN,NC,ASO,EN,Federal Contract Tower,0,22,24,0,46,0,0,47,0,47,0,22,71,0,93,114,0,114,207
04/20/2002,EWN,NC,ASO,EN,Federal Contract Tower,0,15,14,0,29,0,0,48,2,50,0,15,62,2,79,134,0,134,213
04/21/2002,EWN,NC,ASO,EN,Federal Contract Tower,0,12,15,0,27,0,0,44,2,46,0,12,59,2,73,128,0,128,201
04/22/2002,EWN,NC,ASO,EN,Federal Contract Tower,0,18,10,4,32,0,0,55,2,57,0,18,65,6,89,106,0,106,195
04/23/2002,EWN,NC,ASO,EN,Federal Contract Tower,0,22,14,4,40,0,0,81,2,83,0,22,95,6,123,114,4,118,241
04/24/2002,EWN,NC,ASO,EN,Federal Contract Tower,0,22,8,12,42,0,0,135,0,135,0,22,143,12,177,50,14,64,241
04/25/2002,EWN,NC,ASO,EN,Federal Contract Tower,0,23,12,0,35,0,0,21,2,23,0,23,33,2,58,14,0,14,72
04/26/2002,EWN,NC,ASO,EN,Federal Contract Tower,0,22,18,8,48,0,0,85,0,85,0,22,103,8,133,70,0,70,203
04/27/2002,EWN,NC,ASO,EN,Federal Contract Tower,0,15,14,4,33,0,0,31,2,33,0,15,45,6,66,18,0,18,84
04/28/2002,EWN,NC,ASO,EN,Federal Contract Tower,0,13,13,0,26,0,0,35,0,35,0,13,48,0,61,58,0,58,119
04/29/2002,EWN,NC,ASO,EN,Federal Contract Tower,0,20,7,4,31,0,0,68,8,76,0,20,75,12,107,68,32,100,207
04/30/2002,EWN,NC,ASO,EN,Federal Contract Tower,0,24,13,0,37,0,0,79,2,81,0,24,92,2,118,122,0,122,240
05/01/2002,EWN,NC,ASO,EN,Federal Contract Tower,0,23,10,6,39,0,1,33,8,42,0,24,43,14,81,68,22,90,171
05/02/2002,EWN,NC,ASO,EN,Federal Contract Tower,0,21,12,2,35,0,1,27,2,30,0,22,39,4,65,18,0,18,83
05/03/2002,EWN,NC,ASO,EN,Federal Contract Tower,0,22,9,3,34,0,0,49,3,52,0,22,58,6,86,92,0,92,178
05/04/2002,EWN,NC,ASO,EN,Federal Contract Tower,0,13,19,0,32,0,0,2,0,2,0,13,21,0,34,0,0,0,34
05/05/2002,EWN,NC,ASO,EN,Federal Contract Tower,0,18,19,0,37,0,0,17,0,17,0,18,36,0,54,94,0,94,148
05/06/2002,EWN,NC,ASO,EN,Federal Contract Tower,0,20,12,0,32,0,0,65,0,65,0,20,77,0,97,88,0,88,185
05/07/2002,EWN,NC,ASO,EN,Federal Contract Tower,0,30,13,1,44,0,0,43,1,44,0,30,56,2,88,26,0,26,114
05/08/2002,EWN,NC,ASO,EN,Federal Contract Tower,0,25,23,4,52,0,0,48,8,56,0,25,71,12,108,72,20,92,200
05/09/2002,EWN,NC,ASO,EN,Federal Contract Tower,0,30,28,4,62,0,0,35,2,37,0,30,63,6,99,42,6,48,147
05/10/2002,EWN,NC,ASO,EN,Federal Contract Tower,0,25,18,0,43,0,0,63,6,69,0,25,81,6,112,110,0,110,222
05/11/2002,EWN,NC,ASO,EN,Federal Contract Tower,0,15,20,0,35,0,0,36,4,40,0,15,56,4,75,82,0,82,157
05/12/2002,EWN,NC,ASO,EN,Federal Contract Tower,0,18,11,0,29,0,0,54,0,54,0,18,65,0,83,46,0,46,129
05/13/2002,EWN,NC,ASO,EN,Federal Contract Tower,0,20,13,8,41,0,1,16,0,17,0,21,29,8,58,18,0,18,76
05/14/2002,EWN,NC,ASO,EN,Federal Contract Tower,0,24,9,5,38,0,0,31,1,32,0,24,40,6,70,42,2,44,114
05/15/2002,EWN,NC,ASO,EN,Federal Contract Tower,0,30,18,0,48,0,0,63,0,63,0,30,81,0,111,110,0,110,221
05/16/2002,EWN,NC,ASO,EN,Federal Contract Tower,0,30,24,6,60,0,1,75,0,76,0,31,99,6,136,100,0,100,236
05/17/2002,EWN,NC,ASO,EN,Federal Contract Tower,0,23,12,0,35,0,0,47,0,47,0,23,59,0,82,14,0,14,96
05/18/2002,EWN,NC,ASO,EN,Federal Contract Tower,0,15,6,0,21,0,0,11,2,13,0,15,17,2,34,28,0,28,62
05/19/2002,EWN,NC,ASO,EN,Federal Contract Tower,0,17,19,2,38,0,0,24,0,24,0,17,43,2,62,8,0,8,70
05/20/2002,EWN,NC,ASO,EN,Federal Contract Tower,0,21,16,2,39,0,0,41,4,45,0,21,57,6,84,38,0,38,122
05/21/2002,EWN,NC,ASO,EN,Federal Contract Tower,0,26,10,2,38,0,0,25,0,25,0,26,35,2,63,34,0,34,97
05/22/2002,EWN,NC,ASO,EN,Federal Contract Tower,0,24,7,2,33,0,0,33,0,33,0,24,40,2,66,4,0,4,70
05/23/2002,EWN,NC,ASO,EN,Federal Contract Tower,0,26,13,14,53,0,0,73,0,73,0,26,86,14,126,124,6,130,256
05/24/2002,EWN,NC,ASO,EN,Federal Contract Tower,0,23,22,0,45,0,3,91,2,96,0,26,113,2,141,74,0,74,215
05/25/2002,EWN,NC,ASO,EN,Federal Contract Tower,0,17,18,0,35,0,0,93,0,93,0,17,111,0,128,98,0,98,226
05/26/2002,EWN,NC,ASO,EN,Federal Contract Tower,0,14,18,4,36,0,0,67,0,67,0,14,85,4,103,100,0,100,203
05/27/2002,EWN,NC,ASO,EN,Federal Contract Tower,0,17,19,0,36,0,0,44,4,48,0,17,63,4,84,118,0,118,202
05/28/2002,EWN,NC,ASO,EN,Federal Contract Tower,0,24,16,8,48,0,0,44,2,46,0,24,60,10,94,68,0,68,162
05/29/2002,EWN,NC,ASO,EN,Federal Contract Tower,0,33,30,6,69,0,0,20,8,28,0,33,50,14,97,40,0,40,137
05/30/2002,EWN,NC,ASO,EN,Federal Contract Tower,0,23,18,0,41,0,0,30,2,32,0,23,48,2,73,48,0,48,121
05/31/2002,EWN,NC,ASO,EN,Federal Contract Tower,0,26,18,2,46,0,0,48,2,50,0,26,66,4,96,64,0,64,160
06/01/2002,EWN,NC,ASO,EN,Federal Contract Tower,0,14,7,0,21,0,0,66,0,66,0,14,73,0,87,62,0,62,149
06/02/2002,EWN,NC,ASO,EN,Federal Contract Tower,0,15,7,0,22,0,0,37,0,37,0,15,44,0,59,70,0,70,129
06/03/2002,EWN,NC,ASO,EN,Federal Contract Tower,0,25,5,0,30,0,0,41,0,41,0,25,46,0,71,84,0,84,155
06/04/2002,EWN,NC,ASO,EN,Federal Contract Tower,0,36,24,0,60,0,0,50,30,80,0,36,74,30,140,92,0,92,232
06/05/2002,EWN,NC,ASO,EN,Federal Contract Tower,0,25,6,0,31,0,0,31,2,33,0,25,37,2,64,10,0,10,74
06/06/2002,EWN,NC,ASO,EN,Federal Contract Tower,0,21,11,9,41,0,0,23,1,24,0,21,34,10,65,14,0,14,79
06/07/2002,EWN,NC,ASO,EN,Federal Contract Tower,0,26,25,0,51,0,0,13,6,19,0,26,38,6,70,6,0,6,76
06/08/2002,EWN,NC,ASO,EN,Federal Contract Tower,0,15,15,0,30,0,0,35,4,39,0,15,50,4,69,50,0,50,119
06/09/2002,EWN,NC,ASO,EN,Federal Contract Tower,0,22,31,0,53,0,0,59,2,61,0,22,90,2,114,58,0,58,172
06/10/2002,EWN,NC,ASO,EN,Federal Contract Tower,0,17,13,0,30,0,5,55,0,60,0,22,68,0,90,64,0,64,154
06/11/2002,EWN,NC,ASO,EN,Federal Contract Tower,0,25,12,6,43,0,0,38,4,42,0,25,50,10,85,18,0,18,103
06/12/2002,EWN,NC,ASO,EN,Federal Contract Tower,0,27,24,4,55,0,0,36,0,36,0,27,60,4,91,24,0,24,115
06/13/2002,EWN,NC,ASO,EN,Federal Contract Tower,0,31,11,8,50,0,0,31,0,31,0,31,42,8,81,32,28,60,141
06/14/2002,EWN,NC,ASO,EN,Federal Contract Tower,0,25,27,0,52,0,0,27,2,29,0,25,54,2,81,8,0,8,89
06/15/2002,EWN,NC,ASO,EN,Federal Contract Tower,0,16,16,0,32,0,0,64,0,64,0,16,80,0,96,78,0,78,174
06/16/2002,EWN,NC,ASO,EN,Federal Contract Tower,0,22,33,1,56,0,0,69,5,74,0,22,102,6,130,80,0,80,210
06/17/2002,EWN,NC,ASO,EN,Federal Contract Tower,0,22,25,0,47,0,0,60,6,66,0,22,85,6,113,56,0,56,169
06/18/2002,EWN,NC,ASO,EN,Federal Contract Tower,0,23,29,0,52,0,0,18,4,22,0,23,47,4,74,14,0,14,88
06/19/2002,EWN,NC,ASO,EN,Federal Contract Tower,0,23,20,0,43,0,0,23,2,25,0,23,43,2,68,48,0,48,116
06/20/2002,EWN,NC,ASO,EN,Federal Contract Tower,0,24,23,10,57,0,0,26,2,28,0,24,49,12,85,24,0,24,109
06/21/2002,EWN,NC,ASO,EN,Federal Contract Tower,0,24,21,0,45,0,1,37,0,38,0,25,58,0,83,28,0,28,111
06/22/2002,EWN,NC,ASO,EN,Federal Contract Tower,0,16,7,0,23,0,0,31,0,31,0,16,38,0,54,62,0,62,116
06/23/2002,EWN,NC,ASO,EN,Federal Contract Tower,0,15,24,0,39,0,0,34,2,36,0,15,58,2,75,32,0,32,107
06/24/2002,EWN,NC,ASO,EN,Federal Contract Tower,0,20,5,6,31,0,10,38,0,48,0,30,43,6,79,74,8,82,161
06/25/2002,EWN,NC,ASO,EN,Federal Contract Tower,0,26,26,4,56,0,0,60,0,60,0,26,86,4,116,94,10,104,220
06/26/2002,EWN,NC,ASO,EN,Federal Contract Tower,0,24,17,1,42,0,0,52,5,57,0,24,69,6,99,98,6,104,203
06/27/2002,EWN,NC,ASO,EN,Federal Contract Tower,0,25,31,0,56,0,0,31,4,35,0,25,62,4,91,36,0,36,127
06/28/2002,EWN,NC,ASO,EN,Federal Contract Tower,0,23,14,0,37,0,0,52,12,64,0,23,66,12,101,96,0,96,197
06/29/2002,EWN,NC,ASO,EN,Federal Contract Tower,0,15,24,8,47,0,0,67,2,69,0,15,91,10,116,78,0,78,194
06/30/2002,EWN,NC,ASO,EN,Federal Contract Tower,0,15,27,0,42,0,0,72,0,72,0,15,99,0,114,116,0,116,230
07/01/2002,EWN,NC,ASO,EN,Federal Contract Tower,0,20,26,2,48,0,0,60,6,66,0,20,86,8,114,102,0,102,216
07/02/2002,EWN,NC,ASO,EN,Federal Contract Tower,0,23,22,2,47,0,0,44,8,52,0,23,66,10,99,76,0,76,175
07/03/2002,EWN,NC,ASO,EN,Federal Contract Tower,0,23,22,0,45,0,0,49,2,51,0,23,71,2,96,96,0,96,192
07/04/2002,EWN,NC,ASO,EN,Federal Contract Tower,0,14,8,0,22,0,0,23,2,25,0,14,31,2,47,54,0,54,101
07/05/2002,EWN,NC,ASO,EN,Federal Contract Tower,0,22,16,0,38,0,0,25,0,25,0,22,41,0,63,28,0,28,91
07/06/2002,EWN,NC,ASO,EN,Federal Contract Tower,0,20,27,0,47,0,0,53,0,53,0,20,80,0,100,72,0,72,172
07/07/2002,EWN,NC,ASO,EN,Federal Contract Tower,0,17,27,4,48,0,0,40,0,40,0,17,67,4,88,2,0,2,90
07/08/2002,EWN,NC,ASO,EN,Federal Contract Tower,0,21,18,10,49,0,0,35,4,39,0,21,53,14,88,52,0,52,140
07/09/2002,EWN,NC,ASO,EN,Federal Contract Tower,0,24,9,2,35,0,0,29,2,31,0,24,38,4,66,36,0,36,102
07/10/2002,EWN,NC,ASO,EN,Federal Contract Tower,0,28,6,0,34,0,0,35,0,35,0,28,41,0,69,18,0,18,87
07/11/2002,EWN,NC,ASO,EN,Federal Contract Tower,0,25,22,6,53,0,0,24,0,24,0,25,46,6,77,76,0,76,153
07/12/2002,EWN,NC,ASO,EN,Federal Contract Tower,0,25,32,0,57,0,0,47,4,51,0,25,79,4,108,72,0,72,180
07/13/2002,EWN,NC,ASO,EN,Federal Contract Tower,0,15,23,1,39,0,0,46,3,49,0,15,69,4,88,196,0,196,284
07/14/2002,EWN,NC,ASO,EN,Federal Contract Tower,0,14,42,0,56,0,0,11,0,11,0,14,53,0,67,22,0,22,89
07/15/2002,EWN,NC,ASO,EN,Federal Contract Tower,0,18,20,0,38,0,0,26,2,28,0,18,46,2,66,56,0,56,122
07/16/2002,EWN,NC,ASO,EN,Federal Contract Tower,0,24,13,4,41,0,0,42,8,50,0,24,55,12,91,40,0,40,131
07/17/2002,EWN,NC,ASO,EN,Federal Contract Tower,0,24,18,8,50,0,0,21,6,27,0,24,39,14,77,66,0,66,143
07/18/2002,EWN,NC,ASO,EN,Federal Contract Tower,0,20,17,1,38,2,4,26,5,37,2,24,43,6,75,86,0,86,161
07/19/2002,EWN,NC,ASO,EN,Federal Contract Tower,0,23,19,0,42,0,6,36,0,42,0,29,55,0,84,60,0,60,144
07/20/2002,EWN,NC,ASO,EN,Federal Contract Tower,0,17,9,0,26,0,0,35,12,47,0,17,44,12,73,16,0,16,89
07/21/2002,EWN,NC,ASO,EN,Federal Contract Tower,2,17,25,2,46,0,0,30,2,32,2,17,55,4,78,94,0,94,172
07/22/2002,EWN,NC,ASO,EN,Federal Contract Tower,0,19,17,0,36,0,0,29,0,29,0,19,46,0,65,50,0,50,115
07/23/2002,EWN,NC,ASO,EN,Federal Contract Tower,0,24,6,0,30,0,0,40,0,40,0,24,46,0,70,80,0,80,150
07/24/2002,EWN,NC,ASO,EN,Federal Contract Tower,0,23,15,2,40,0,0,38,6,44,0,23,53,8,84,72,0,72,156
07/25/2002,EWN,NC,ASO,EN,Federal Contract Tower,0,24,11,0,35,0,0,7,0,7,0,24,18,0,42,60,0,60,102
07/26/2002,EWN,NC,ASO,EN,Federal Contract Tower,0,23,12,6,41,0,0,27,2,29,0,23,39,8,70,92,0,92,162
07/27/2002,EWN,NC,ASO,EN,Federal Contract Tower,0,15,19,0,34,0,0,54,2,56,0,15,73,2,90,74,0,74,164
07/28/2002,EWN,NC,ASO,EN,Federal Contract Tower,0,15,16,0,31,0,1,38,0,39,0,16,54,0,70,54,0,54,124
07/29/2002,EWN,NC,ASO,EN,Federal Contract Tower,0,20,10,2,32,0,0,35,0,35,0,20,45,2,67,32,0,32,99
07/30/2002,EWN,NC,ASO,EN,Federal Contract Tower,0,24,9,4,37,0,0,55,0,55,0,24,64,4,92,60,0,60,152
07/31/2002,EWN,NC,ASO,EN,Federal Contract Tower,0,24,12,0,36,0,0,38,0,38,0,24,50,0,74,36,0,36,110
08/01/2002,EWN,NC,ASO,EN,Federal Contract Tower,0,23,11,0,34,0,1,46,6,53,0,24,57,6,87,46,0,46,133
08/02/2002,EWN,NC,ASO,EN,Federal Contract Tower,0,23,30,0,53,0,1,43,20,64,0,24,73,20,117,124,0,124,241
08/03/2002,EWN,NC,ASO,EN,Federal Contract Tower,0,15,21,7,43,0,13,47,7,67,0,28,68,14,110,44,0,44,154
08/04/2002,EWN,NC,ASO,EN,Federal Contract Tower,0,16,16,0,32,0,1,39,2,42,0,17,55,2,74,18,0,18,92
08/05/2002,EWN,NC,ASO,EN,Federal Contract Tower,0,19,26,0,45,0,1,59,0,60,0,20,85,0,105,78,0,78,183
08/06/2002,EWN,NC,ASO,EN,Federal Contract Tower,0,24,26,14,64,0,0,44,0,44,0,24,70,14,108,30,30,60,168
08/07/2002,EWN,NC,ASO,EN,Federal Contract Tower,0,24,14,3,41,0,0,49,3,52,0,24,63,6,93,46,0,46,139
08/08/2002,EWN,NC,ASO,EN,Federal Contract Tower,0,31,12,0,43,0,0,76,0,76,0,31,88,0,119,64,0,64,183
08/09/2002,EWN,NC,ASO,EN,Federal Contract Tower,0,24,20,3,47,0,0,74,1,75,0,24,94,4,122,44,0,44,166
08/10/2002,EWN,NC,ASO,EN,Federal Contract Tower,0,15,14,0,29,0,6,57,0,63,0,21,71,0,92,58,0,58,150
08/11/2002,EWN,NC,ASO,EN,Federal Contract Tower,0,16,23,0,39,0,0,70,4,74,0,16,93,4,113,74,0,74,187
08/12/2002,EWN,NC,ASO,EN,Federal Contract Tower,0,22,23,0,45,0,7,42,2,51,0,29,65,2,96,100,0,100,196
08/13/2002,EWN,NC,ASO,EN,Federal Contract Tower,0,26,12,0,38,0,0,65,4,69,0,26,77,4,107,134,0,134,241
08/14/2002,EWN,NC,ASO,EN,Federal Contract Tower,0,25,16,4,45,0,0,45,2,47,0,25,61,6,92,28,0,28,120
08/15/2002,EWN,NC,ASO,EN,Federal Contract Tower,0,26,16,3,45,0,0,15,3,18,0,26,31,6,63,0,0,0,63
08/16/2002,EWN,NC,ASO,EN,Federal Contract Tower,2,26,15,0,43,0,0,35,2,37,2,26,50,2,80,4,0,4,84
08/17/2002,EWN,NC,ASO,EN,Federal Contract Tower,0,16,6,0,22,0,0,21,0,21,0,16,27,0,43,42,0,42,85
08/18/2002,EWN,NC,ASO,EN,Federal Contract Tower,2,16,26,8,52,0,0,42,0,42,2,16,68,8,94,58,0,58,152
08/19/2002,EWN,NC,ASO,EN,Federal Contract Tower,0,20,6,0,26,0,0,37,0,37,0,20,43,0,63,42,0,42,105
08/20/2002,EWN,NC,ASO,EN,Federal Contract Tower,0,25,17,0,42,0,0,37,0,37,0,25,54,0,79,40,0,40,119
08/21/2002,EWN,NC,ASO,EN,Federal Contract Tower,0,25,15,0,40,0,1,40,6,47,0,26,55,6,87,134,34,168,255
08/22/2002,EWN,NC,ASO,EN,Federal Contract Tower,0,24,15,8,47,0,0,47,6,53,0,24,62,14,100,34,0,34,134
08/23/2002,EWN,NC,ASO,EN,Federal Contract Tower,0,24,25,12,61,0,0,50,0,50,0,24,75,12,111,60,0,60,171
08/24/2002,EWN,NC,ASO,EN,Federal Contract Tower,0,17,15,2,34,0,0,53,2,55,0,17,68,4,89,42,0,42,131
08/25/2002,EWN,NC,ASO,EN,Federal Contract Tower,0,15,10,0,25,0,18,36,2,56,0,33,46,2,81,94,0,94,175
08/26/2002,EWN,NC,ASO,EN,Federal Contract Tower,0,20,8,0,28,0,0,17,2,19,0,20,25,2,47,48,0,48,95
08/27/2002,EWN,NC,ASO,EN,Federal Contract Tower,0,26,5,4,35,0,0,16,4,20,0,26,21,8,55,42,28,70,125
08/28/2002,EWN,NC,ASO,EN,Federal Contract Tower,0,23,7,0,30,0,0,1,0,1,0,23,8,0,31,0,0,0,31
08/29/2002,EWN,NC,ASO,EN,Federal Contract Tower,0,23,7,0,30,0,0,9,4,13,0,23,16,4,43,28,0,28,71
08/30/2002,EWN,NC,ASO,EN,Federal Contract Tower,0,25,12,2,39,0,0,8,0,8,0,25,20,2,47,6,0,6,53
08/31/2002,EWN,NC,ASO,EN,Federal Contract Tower,0,16,17,0,33,0,0,8,0,8,0,16,25,0,41,8,0,8,49
09/01/2002,EWN,NC,ASO,EN,Federal Contract Tower,0,12,7,0,19,0,0,8,0,8,0,12,15,0,27,54,0,54,81
09/02/2002,EWN,NC,ASO,EN,Federal Contract Tower,0,15,10,0,25,0,0,21,0,21,0,15,31,0,46,92,0,92,138
09/03/2002,EWN,NC,ASO,EN,Federal Contract Tower,0,21,38,8,67,0,0,50,0,50,0,21,88,8,117,82,2,84,201
09/04/2002,EWN,NC,ASO,EN,Federal Contract Tower,0,26,16,0,42,0,0,60,0,60,0,26,76,0,102,68,0,68,170
09/05/2002,EWN,NC,ASO,EN,Federal Contract Tower,0,25,12,1,38,0,0,51,3,54,0,25,63,4,92,38,14,52,144
09/06/2002,EWN,NC,ASO,EN,Federal Contract Tower,0,19,11,1,31,2,8,44,3,57,2,27,55,4,88,60,0,60,148
09/07/2002,EWN,NC,ASO,EN,Federal Contract Tower,0,16,19,0,35,0,0,59,4,63,0,16,78,4,98,60,0,60,158
09/08/2002,EWN,NC,ASO,EN,Federal Contract Tower,2,15,18,0,35,0,0,36,0,36,2,15,54,0,71,90,0,90,161
09/09/2002,EWN,NC,ASO,EN,Federal Contract Tower,0,20,20,0,40,0,0,22,0,22,0,20,42,0,62,34,0,34,96
09/10/2002,EWN,NC,ASO,EN,Federal Contract Tower,0,26,7,6,39,0,0,3,0,3,0,26,10,6,42,0,0,0,42
09/11/2002,EWN,NC,ASO,EN,Federal Contract Tower,0,24,16,0,40,0,0,43,2,45,0,24,59,2,85,36,0,36,121
09/12/2002,EWN,NC,ASO,EN,Federal Contract Tower,0,23,4,0,27,0,0,54,0,54,0,23,58,0,81,102,0,102,183
09/13/2002,EWN,NC,ASO,EN,Federal Contract Tower,0,25,20,4,49,0,0,51,0,51,0,25,71,4,100,24,0,24,124
09/14/2002,EWN,NC,ASO,EN,Federal Contract Tower,0,17,13,0,30,0,0,24,12,36,0,17,37,12,66,22,0,22,88
09/15/2002,EWN,NC,ASO,EN,Federal Contract Tower,0,14,10,0,24,0,0,26,2,28,0,14,36,2,52,68,0,68,120
09/16/2002,EWN,NC,ASO,EN,Federal Contract Tower,0,20,16,0,36,0,0,9,6,15,0,20,25,6,51,12,0,12,63
09/17/2002,EWN,NC,ASO,EN,Federal Contract Tower,0,24,24,8,56,0,0,45,8,53,0,24,69,16,109,54,0,54,163
09/18/2002,EWN,NC,ASO,EN,Federal Contract Tower,0,26,13,4,43,0,0,32,2,34,0,26,45,6,77,44,0,44,121
09/19/2002,EWN,NC,ASO,EN,Federal Contract Tower,2,24,19,6,51,0,0,36,4,40,2,24,55,10,91,86,0,86,177
09/20/2002,EWN,NC,ASO,EN,Federal Contract Tower,0,24,15,2,41,0,0,49,0,49,0,24,64,2,90,112,0,112,202
09/21/2002,EWN,NC,ASO,EN,Federal Contract Tower,0,16,10,6,32,0,1,64,2,67,0,17,74,8,99,108,0,108,207
09/22/2002,EWN,NC,ASO,EN,Federal Contract Tower,0,16,5,0,21,0,0,50,2,52,0,16,55,2,73,118,0,118,191
09/23/2002,EWN,NC,ASO,EN,Federal Contract Tower,0,20,17,4,41,0,0,7,2,9,0,20,24,6,50,68,0,68,118
09/24/2002,EWN,NC,ASO,EN,Federal Contract Tower,0,24,25,14,63,0,0,21,4,25,0,24,46,18,88,36,0,36,124
09/25/2002,EWN,NC,ASO,EN,Federal Contract Tower,0,29,17,4,50,0,0,13,4,17,0,29,30,8,67,24,0,24,91
09/26/2002,EWN,NC,ASO,EN,Federal Contract Tower,0,21,23,4,48,0,0,10,8,18,0,21,33,12,66,30,0,30,96
09/27/2002,EWN,NC,ASO,EN,Federal Contract Tower,0,25,11,2,38,0,0,13,2,15,0,25,24,4,53,64,30,94,147
09/28/2002,EWN,NC,ASO,EN,Federal Contract Tower,0,16,17,0,33,0,0,62,2,64,0,16,79,2,97,116,0,116,213
09/29/2002,EWN,NC,ASO,EN,Federal Contract Tower,0,16,9,0,25,0,0,48,4,52,0,16,57,4,77,138,0,138,215
09/30/2002,EWN,NC,ASO,EN,Federal Contract Tower,0,19,14,2,35,0,0,50,4,54,0,19,64,6,89,50,0,50,139
10/01/2002,EWN,NC,ASO,EN,Federal Contract Tower,0,25,14,4,43,0,0,58,4,62,0,25,72,8,105,74,0,74,179
10/02/2002,EWN,NC,ASO,EN,Federal Contract Tower,0,23,9,0,32,0,0,50,8,58,0,23,59,8,90,50,0,50,140
10/03/2002,EWN,NC,ASO,EN,Federal Contract Tower,0,25,15,2,42,0,0,44,6,50,0,25,59,8,92,48,25,73,165
10/04/2002,EWN,NC,ASO,EN,Federal Contract Tower,0,25,28,10,63,0,0,38,12,50,0,25,66,22,113,88,48,136,249
10/05/2002,EWN,NC,ASO,EN,Federal Contract Tower,0,19,8,0,27,0,0,59,2,61,0,19,67,2,88,180,0,180,268
10/06/2002,EWN,NC,ASO,EN,Federal Contract Tower,0,15,6,0,21,0,0,33,4,37,0,15,39,4,58,68,0,68,126
10/07/2002,EWN,NC,ASO,EN,Federal Contract Tower,0,18,38,0,56,0,0,27,3,30,0,18,65,3,86,54,34,88,174
10/08/2002,EWN,NC,ASO,EN,Federal Contract Tower,0,23,16,4,43,0,0,34,1,35,0,23,50,5,78,40,0,40,118
10/09/2002,EWN,NC,ASO,EN,Federal Contract Tower,0,28,8,2,38,0,0,40,0,40,0,28,48,2,78,34,0,34,112
10/10/2002,EWN,NC,ASO,EN,Federal Contract Tower,0,35,12,0,47,0,0,20,18,38,0,35,32,18,85,56,0,56,141
10/11/2002,EWN,NC,ASO,EN,Federal Contract Tower,0,24,6,0,30,0,0,8,10,18,0,24,14,10,48,14,0,14,62
10/12/2002,EWN,NC,ASO,EN,Federal Contract Tower,0,17,15,6,38,0,0,145,15,160,0,17,160,21,198,266,14,280,478
10/13/2002,EWN,NC,ASO,EN,Federal Contract Tower,0,14,31,0,45,0,1,40,0,41,0,15,71,0,86,60,0,60,146
10/14/2002,EWN,NC,ASO,EN,Federal Contract Tower,0,16,19,0,35,0,0,21,0,21,0,16,40,0,56,72,0,72,128
10/15/2002,EWN,NC,ASO,EN,Federal Contract Tower,0,25,11,6,42,0,0,5,4,9,0,25,16,10,51,14,0,14,65
10/16/2002,EWN,NC,ASO,EN,Federal Contract Tower,0,24,28,4,56,0,0,14,4,18,0,24,42,8,74,12,0,12,86
10/17/2002,EWN,NC,ASO,EN,Federal Contract Tower,0,26,15,4,45,0,0,56,1,57,0,26,71,5,102,132,0,132,234
10/18/2002,EWN,NC,ASO,EN,Federal Contract Tower,0,22,16,0,38,0,0,61,7,68,0,22,77,7,106,126,0,126,232
10/19/2002,EWN,NC,ASO,EN,Federal Contract Tower,0,16,7,2,25,0,0,75,0,75,0,16,82,2,100,194,0,194,294
10/20/2002,EWN,NC,ASO,EN,Federal Contract Tower,0,13,15,0,28,0,0,31,4,35,0,13,46,4,63,22,0,22,85
10/21/2002,EWN,NC,ASO,EN,Federal Contract Tower,0,17,25,2,44,0,0,0,0,0,0,17,25,2,44,4,2,6,50
10/22/2002,EWN,NC,ASO,EN,Federal Contract Tower,0,20,15,2,37,0,0,16,6,22,0,20,31,8,59,2,0,2,61
10/23/2002,EWN,NC,ASO,EN,Federal Contract Tower,0,23,23,6,52,0,0,54,2,56,0,23,77,8,108,110,0,110,218
10/24/2002,EWN,NC,ASO,EN,Federal Contract Tower,0,27,19,6,52,0,0,10,4,14,0,27,29,10,66,38,0,38,104
10/25/2002,EWN,NC,ASO,EN,Federal Contract Tower,0,23,31,4,58,0,0,19,0,19,0,23,50,4,77,66,0,66,143
10/26/2002,EWN,NC,ASO,EN,Federal Contract Tower,0,18,27,0,45,0,0,29,0,29,0,18,56,0,74,52,0,52,126
10/27/2002,EWN,NC,ASO,EN,Federal Contract Tower,0,16,16,0,32,0,0,67,0,67,0,16,83,0,99,108,0,108,207
10/28/2002,EWN,NC,ASO,EN,Federal Contract Tower,0,23,35,0,58,0,0,12,3,15,0,23,47,3,73,4,0,4,77
10/29/2002,EWN,NC,ASO,EN,Federal Contract Tower,0,25,18,0,43,0,0,0,2,2,0,25,18,2,45,0,0,0,45
10/30/2002,EWN,NC,ASO,EN,Federal Contract Tower,0,22,18,0,40,0,0,4,2,6,0,22,22,2,46,0,0,0,46
10/31/2002,EWN,NC,ASO,EN,Federal Contract Tower,0,24,13,4,41,0,0,28,0,28,0,24,41,4,69,22,0,22,91
11/01/2002,EWN,NC,ASO,EN,Federal Contract Tower,2,22,19,0,43,0,0,37,4,41,2,22,56,4,84,16,0,16,100
11/02/2002,EWN,NC,ASO,EN,Federal Contract Tower,0,18,6,0,24,0,0,39,6,45,0,18,45,6,69,24,0,24,93
11/03/2002,EWN,NC,ASO,EN,Federal Contract Tower,2,13,20,0,35,0,0,47,0,47,2,13,67,0,82,106,0,106,188
11/04/2002,EWN,NC,ASO,EN,Federal Contract Tower,0,18,5,9,32,0,0,19,5,24,0,18,24,14,56,88,40,128,184
11/05/2002,EWN,NC,ASO,EN,Federal Contract Tower,0,36,7,0,43,0,2,20,0,22,0,38,27,0,65,28,0,28,93
11/06/2002,EWN,NC,ASO,EN,Federal Contract Tower,0,22,5,0,27,0,0,5,2,7,0,22,10,2,34,0,0,0,34
11/07/2002,EWN,NC,ASO,EN,Federal Contract Tower,0,24,10,12,46,0,0,59,2,61,0,24,69,14,107,12,6,18,125
11/08/2002,EWN,NC,ASO,EN,Federal Contract Tower,0,23,9,0,32,0,1,57,0,58,0,24,66,0,90,54,0,54,144
11/09/2002,EWN,NC,ASO,EN,Federal Contract Tower,0,13,29,0,42,0,0,84,0,84,0,13,113,0,126,106,0,106,232
11/10/2002,EWN,NC,ASO,EN,Federal Contract Tower,0,13,18,0,31,0,0,31,4,35,0,13,49,4,66,78,0,78,144
11/11/2002,EWN,NC,ASO,EN,Federal Contract Tower,0,18,4,0,22,0,0,19,0,19,0,18,23,0,41,14,0,14,55
11/12/2002,EWN,NC,ASO,EN,Federal Contract Tower,0,21,7,6,34,0,0,11,16,27,0,21,18,22,61,60,0,60,121
11/13/2002,EWN,NC,ASO,EN,Federal Contract Tower,0,22,14,12,48,0,0,9,0,9,0,22,23,12,57,48,0,48,105
11/14/2002,EWN,NC,ASO,EN,Federal Contract Tower,0,22,10,4,36,0,1,44,2,47,0,23,54,6,83,98,28,126,209
11/15/2002,EWN,NC,ASO,EN,Federal Contract Tower,0,22,13,4,39,0,0,58,0,58,0,22,71,4,97,94,0,94,191
11/16/2002,EWN,NC,ASO,EN,Federal Contract Tower,0,14,15,0,29,0,0,7,0,7,0,14,22,0,36,0,0,0,36
11/17/2002,EWN,NC,ASO,EN,Federal Contract Tower,0,13,20,0,33,0,0,1,2,3,0,13,21,2,36,0,0,0,36
11/18/2002,EWN,NC,ASO,EN,Federal Contract Tower,0,21,12,0,33,0,1,46,2,49,0,22,58,2,82,156,0,156,238
11/19/2002,EWN,NC,ASO,EN,Federal Contract Tower,0,23,16,4,43,0,0,45,0,45,0,23,61,4,88,58,0,58,146
11/20/2002,EWN,NC,ASO,EN,Federal Contract Tower,0,21,24,0,45,0,0,71,2,73,0,21,95,2,118,138,0,138,256
11/21/2002,EWN,NC,ASO,EN,Federal Contract Tower,0,23,22,32,77,0,0,30,2,32,0,23,52,34,109,94,0,94,203
11/22/2002,EWN,NC,ASO,EN,Federal Contract Tower,0,22,12,14,48,0,0,34,4,38,0,22,46,18,86,16,0,16,102
11/23/2002,EWN,NC,ASO,EN,Federal Contract Tower,0,14,33,0,47,0,0,55,0,55,0,14,88,0,102,150,0,150,252
11/24/2002,EWN,NC,ASO,EN,Federal Contract Tower,0,13,7,0,20,0,0,62,0,62,0,13,69,0,82,52,0,52,134
11/25/2002,EWN,NC,ASO,EN,Federal Contract Tower,0,19,15,8,42,0,0,57,0,57,0,19,72,8,99,114,0,114,213
11/26/2002,EWN,NC,ASO,EN,Federal Contract Tower,0,22,18,0,40,0,0,27,0,27,0,22,45,0,67,6,0,6,73
11/27/2002,EWN,NC,ASO,EN,Federal Contract Tower,0,23,11,0,34,0,0,29,4,33,0,23,40,4,67,18,0,18,85
11/28/2002,EWN,NC,ASO,EN,Federal Contract Tower,0,12,11,0,23,0,5,18,0,23,0,17,29,0,46,2,0,2,48
11/29/2002,EWN,NC,ASO,EN,Federal Contract Tower,0,20,13,0,33,0,0,26,0,26,0,20,39,0,59,28,0,28,87
11/30/2002,EWN,NC,ASO,EN,Federal Contract Tower,0,15,4,0,19,0,0,9,2,11,0,15,13,2,30,8,0,8,38
12/01/2002,EWN,NC,ASO,EN,Federal Contract Tower,0,14,19,2,35,0,0,26,0,26,0,14,45,2,61,14,0,14,75
12/02/2002,EWN,NC,ASO,EN,Federal Contract Tower,0,20,7,1,28,0,0,28,0,28,0,20,35,1,56,48,0,48,104
12/03/2002,EWN,NC,ASO,EN,Federal Contract Tower,0,22,22,12,56,0,0,39,0,39,0,22,61,12,95,70,0,70,165
12/04/2002,EWN,NC,ASO,EN,Federal Contract Tower,0,17,6,0,23,0,0,11,2,13,0,17,17,2,36,62,0,62,98
12/05/2002,EWN,NC,ASO,EN,Federal Contract Tower,0,15,11,0,26,0,0,0,0,0,0,15,11,0,26,0,0,0,26
12/06/2002,EWN,NC,ASO,EN,Federal Contract Tower,0,26,9,6,41,0,2,46,2,50,0,28,55,8,91,98,0,98,189
12/07/2002,EWN,NC,ASO,EN,Federal Contract Tower,0,18,14,2,34,0,0,51,4,55,0,18,65,6,89,122,0,122,211
12/08/2002,EWN,NC,ASO,EN,Federal Contract Tower,0,14,22,6,42,0,0,49,0,49,0,14,71,6,91,88,0,88,179
12/09/2002,EWN,NC,ASO,EN,Federal Contract Tower,0,18,15,14,47,0,0,30,0,30,0,18,45,14,77,26,0,26,103
12/10/2002,EWN,NC,ASO,EN,Federal Contract Tower,0,28,13,0,41,0,0,0,0,0,0,28,13,0,41,0,0,0,41
12/11/2002,EWN,NC,ASO,EN,Federal Contract Tower,0,21,19,8,48,0,0,4,0,4,0,21,23,8,52,0,0,0,52
12/12/2002,EWN,NC,ASO,EN,Federal Contract Tower,0,25,31,2,58,0,0,30,0,30,0,25,61,2,88,66,0,66,154
12/13/2002,EWN,NC,ASO,EN,Federal Contract Tower,0,20,9,0,29,0,0,0,2,2,0,20,9,2,31,0,0,0,31
12/14/2002,EWN,NC,ASO,EN,Federal Contract Tower,0,15,5,0,20,0,0,21,2,23,0,15,26,2,43,54,0,54,97
12/15/2002,EWN,NC,ASO,EN,Federal Contract Tower,0,13,15,0,28,0,0,71,0,71,0,13,86,0,99,82,0,82,181
12/16/2002,EWN,NC,ASO,EN,Federal Contract Tower,0,16,10,2,28,0,1,24,2,27,0,17,34,4,55,34,0,34,89
12/17/2002,EWN,NC,ASO,EN,Federal Contract Tower,0,28,9,6,43,0,0,60,2,62,0,28,69,8,105,106,0,106,211
12/18/2002,EWN,NC,ASO,EN,Federal Contract Tower,0,23,11,10,44,0,0,48,0,48,0,23,59,10,92,74,0,74,166
12/19/2002,EWN,NC,ASO,EN,Federal Contract Tower,0,28,12,0,40,0,0,26,6,32,0,28,38,6,72,46,0,46,118
12/20/2002,EWN,NC,ASO,EN,Federal Contract Tower,0,30,5,0,35,0,0,8,2,10,0,30,13,2,45,4,0,4,49
12/21/2002,EWN,NC,ASO,EN,Federal Contract Tower,0,16,16,0,32,0,0,59,2,61,0,16,75,2,93,36,0,36,129
12/22/2002,EWN,NC,ASO,EN,Federal Contract Tower,0,13,17,2,32,0,0,22,0,22,0,13,39,2,54,4,0,4,58
12/23/2002,EWN,NC,ASO,EN,Federal Contract Tower,0,19,16,0,35,0,0,33,0,33,0,19,49,0,68,26,0,26,94
12/24/2002,EWN,NC,ASO,EN,Federal Contract Tower,0,24,7,0,31,0,2,13,0,15,0,26,20,0,46,56,0,56,102
12/25/2002,EWN,NC,ASO,EN,Federal Contract Tower,0,12,1,0,13,0,0,0,0,0,0,12,1,0,13,0,0,0,13
12/26/2002,EWN,NC,ASO,EN,Federal Contract Tower,0,23,18,0,41,0,1,34,0,35,0,24,52,0,76,32,0,32,108
12/27/2002,EWN,NC,ASO,EN,Federal Contract Tower,0,24,28,4,56,0,0,47,2,49,0,24,75,6,105,40,0,40,145
12/28/2002,EWN,NC,ASO,EN,Federal Contract Tower,0,15,12,0,27,0,0,54,0,54,0,15,66,0,81,156,0,156,237
12/29/2002,EWN,NC,ASO,EN,Federal Contract Tower,0,13,12,0,25,0,0,51,0,51,0,13,63,0,76,96,0,96,172
12/30/2002,EWN,NC,ASO,EN,Federal Contract Tower,0,19,15,10,44,0,0,63,2,65,0,19,78,12,109,110,0,110,219
12/31/2002,EWN,NC,ASO,EN,Federal Contract Tower,0,23,13,0,36,0,0,28,0,28,0,23,41,0,64,104,0,104,168
01/01/2003,EWN,NC,ASO,EN,Federal Contract Tower,0,13,5,0,18,0,0,7,0,7,0,13,12,0,25,0,0,0,25
01/02/2003,EWN,NC,ASO,EN,Federal Contract Tower,0,23,16,0,39,0,0,6,0,6,0,23,22,0,45,22,0,22,67
01/03/2003,EWN,NC,ASO,EN,Federal Contract Tower,0,22,14,15,51,0,0,12,1,13,0,22,26,16,64,30,0,30,94
01/04/2003,EWN,NC,ASO,EN,Federal Contract Tower,0,14,10,0,24,0,0,53,2,55,0,14,63,2,79,158,0,158,237
01/05/2003,EWN,NC,ASO,EN,Federal Contract Tower,0,14,6,0,20,0,0,45,0,45,0,14,51,0,65,102,0,102,167
01/06/2003,EWN,NC,ASO,EN,Federal Contract Tower,0,23,10,0,33,0,0,29,0,29,0,23,39,0,62,58,0,58,120
01/07/2003,EWN,NC,ASO,EN,Federal Contract Tower,0,25,19,16,60,0,0,14,0,14,0,25,33,16,74,16,0,16,90
01/08/2003,EWN,NC,ASO,EN,Federal Contract Tower,0,22,9,16,47,0,0,25,6,31,0,22,34,22,78,22,0,22,100
01/09/2003,EWN,NC,ASO,EN,Federal Contract Tower,0,26,12,12,50,0,0,35,4,39,0,26,47,16,89,46,0,46,135
01/10/2003,EWN,NC,ASO,EN,Federal Contract Tower,0,19,11,4,34,0,5,24,2,31,0,24,35,6,65,40,0,40,105
01/11/2003,EWN,NC,ASO,EN,Federal Contract Tower,0,17,20,2,39,0,9,70,0,79,0,26,90,2,118,94,0,94,212
01/12/2003,EWN,NC,ASO,EN,Federal Contract Tower,0,15,9,0,24,0,0,70,0,70,0,15,79,0,94,176,0,176,270
01/13/2003,EWN,NC,ASO,EN,Federal Contract Tower,0,19,3,0,22,0,0,37,2,39,0,19,40,2,61,68,0,68,129
01/14/2003,EWN,NC,ASO,EN,Federal Contract Tower,0,23,18,2,43,0,0,33,6,39,0,23,51,8,82,80,0,80,162
01/15/2003,EWN,NC,ASO,EN,Federal Contract Tower,0,24,14,6,44,0,0,0,0,0,0,24,14,6,44,80,0,80,124
01/16/2003,EWN,NC,ASO,EN,Federal Contract Tower,0,24,33,22,79,0,0,23,0,23,0,24,56,22,102,48,0,48,150
01/17/2003,EWN,NC,ASO,EN,Federal Contract Tower,0,25,6,0,31,0,0,13,0,13,0,25,19,0,44,68,0,68,112
01/18/2003,EWN,NC,ASO,EN,Federal Contract Tower,0,16,6,4,26,0,0,64,0,64,0,16,70,4,90,110,0,110,200
01/19/2003,EWN,NC,ASO,EN,Federal Contract Tower,0,16,26,0,42,0,0,33,2,35,0,16,59,2,77,80,0,80,157
01/20/2003,EWN,NC,ASO,EN,Federal Contract Tower,0,18,6,0,24,0,0,32,0,32,0,18,38,0,56,36,0,36,92
01/21/2003,EWN,NC,ASO,EN,Federal Contract Tower,0,25,21,0,46,0,0,26,0,26,0,25,47,0,72,86,0,86,158
01/22/2003,EWN,NC,ASO,EN,Federal Contract Tower,0,24,13,2,39,0,3,20,0,23,0,27,33,2,62,78,0,78,140
01/23/2003,EWN,NC,ASO,EN,Federal Contract Tower,0,13,0,0,13,0,0,5,0,5,0,13,5,0,18,0,0,0,18
01/24/2003,EWN,NC,ASO,EN,Federal Contract Tower,0,26,2,2,30,0,1,13,0,14,0,27,15,2,44,0,0,0,44
01/25/2003,EWN,NC,ASO,EN,Federal Contract Tower,0,15,6,8,29,0,1,37,5,43,0,16,43,13,72,88,0,88,160
01/26/2003,EWN,NC,ASO,EN,Federal Contract Tower,0,17,9,0,26,0,0,32,2,34,0,17,41,2,60,46,0,46,106
01/27/2003,EWN,NC,ASO,EN,Federal Contract Tower,0,20,2,14,36,0,0,11,2,13,0,20,13,16,49,0,0,0,49
01/28/2003,EWN,NC,ASO,EN,Federal Contract Tower,0,21,21,12,54,0,0,38,0,38,0,21,59,12,92,46,0,46,138
01/29/2003,EWN,NC,ASO,EN,Federal Contract Tower,0,23,18,8,49,0,0,17,4,21,0,23,35,12,70,22,0,22,92
01/30/2003,EWN,NC,ASO,EN,Federal Contract Tower,0,27,12,0,39,0,0,0,0,0,0,27,12,0,39,0,0,0,39
01/31/2003,EWN,NC,ASO,EN,Federal Contract Tower,0,28,9,0,37,0,0,0,0,0,0,28,9,0,37,0,0,0,37
02/01/2003,EWN,NC,ASO,EN,Federal Contract Tower,0,15,9,0,24,0,0,1,0,1,0,15,10,0,25,92,0,92,117
02/02/2003,EWN,NC,ASO,EN,Federal Contract Tower,0,17,11,0,28,0,0,83,2,85,0,17,94,2,113,182,0,182,295
02/03/2003,EWN,NC,ASO,EN,Federal Contract Tower,0,19,13,2,34,0,0,34,1,35,0,19,47,3,69,44,0,44,113
02/04/2003,EWN,NC,ASO,EN,Federal Contract Tower,0,22,5,8,35,0,0,15,0,15,0,22,20,8,50,4,0,4,54
02/05/2003,EWN,NC,ASO,EN,Federal Contract Tower,0,25,10,8,43,0,0,50,0,50,0,25,60,8,93,74,0,74,167
02/06/2003,EWN,NC,ASO,EN,Federal Contract Tower,0,23,14,2,39,0,0,14,0,14,0,23,28,2,53,56,0,56,109
02/07/2003,EWN,NC,ASO,EN,Federal Contract Tower,0,27,12,2,41,0,0,3,0,3,0,27,15,2,44,34,0,34,78
02/08/2003,EWN,NC,ASO,EN,Federal Contract Tower,0,17,27,0,44,0,0,63,0,63,0,17,90,0,107,138,0,138,245
02/09/2003,EWN,NC,ASO,EN,Federal Contract Tower,0,13,6,2,21,0,0,58,0,58,0,13,64,2,79,78,0,78,157
02/10/2003,EWN,NC,ASO,EN,Federal Contract Tower,0,18,5,0,23,0,0,9,0,9,0,18,14,0,32,0,0,0,32
02/11/2003,EWN,NC,ASO,EN,Federal Contract Tower,0,23,21,0,44,0,0,50,4,54,0,23,71,4,98,38,0,38,136
02/12/2003,EWN,NC,ASO,EN,Federal Contract Tower,0,21,5,6,32,0,0,22,2,24,0,21,27,8,56,0,0,0,56
02/13/2003,EWN,NC,ASO,EN,Federal Contract Tower,0,26,20,6,52,0,1,34,4,39,0,27,54,10,91,46,0,46,137
02/14/2003,EWN,NC,ASO,EN,Federal Contract Tower,0,22,12,0,34,0,0,27,2,29,0,22,39,2,63,48,0,48,111
02/15/2003,EWN,NC,ASO,EN,Federal Contract Tower,0,16,34,4,54,0,0,12,0,12,0,16,46,4,66,18,0,18,84
02/16/2003,EWN,NC,ASO,EN,Federal Contract Tower,0,9,10,0,19,0,0,0,0,0,0,9,10,0,19,0,0,0,19
02/17/2003,EWN,NC,ASO,EN,Federal Contract Tower,0,14,7,0,21,0,0,4,0,4,0,14,11,0,25,26,0,26,51
02/18/2003,EWN,NC,ASO,EN,Federal Contract Tower,0,22,18,2,42,0,0,9,0,9,0,22,27,2,51,42,0,42,93
02/19/2003,EWN,NC,ASO,EN,Federal Contract Tower,0,23,19,2,44,0,0,53,4,57,0,23,72,6,101,104,0,104,205
02/20/2003,EWN,NC,ASO,EN,Federal Contract Tower,0,25,18,0,43,0,0,26,0,26,0,25,44,0,69,10,0,10,79
02/21/2003,EWN,NC,ASO,EN,Federal Contract Tower,0,22,24,0,46,0,0,7,2,9,0,22,31,2,55,0,0,0,55
02/22/2003,EWN,NC,ASO,EN,Federal Contract Tower,0,10,1,0,11,0,0,0,0,0,0,10,1,0,11,0,0,0,11
02/23/2003,EWN,NC,ASO,EN,Federal Contract Tower,0,13,3,0,16,0,0,3,0,3,0,13,6,0,19,0,0,0,19
02/24/2003,EWN,NC,ASO,EN,Federal Contract Tower,0,14,9,1,24,0,3,13,9,25,0,17,22,10,49,0,0,0,49
02/25/2003,EWN,NC,ASO,EN,Federal Contract Tower,0,21,4,6,31,0,2,38,0,40,0,23,42,6,71,46,0,46,117
02/26/2003,EWN,NC,ASO,EN,Federal Contract Tower,0,22,16,0,38,0,0,2,0,2,0,22,18,0,40,6,0,6,46
02/27/2003,EWN,NC,ASO,EN,Federal Contract Tower,0,22,6,0,28,0,0,0,0,0,0,22,6,0,28,0,0,0,28
02/28/2003,EWN,NC,ASO,EN,Federal Contract Tower,0,0,0,0,0,0,0,0,0,0,0,0,0,0,0,0,0,0,0
03/01/2003,EWN,NC,ASO,EN,Federal Contract Tower,0,14,25,0,39,0,1,29,0,30,0,15,54,0,69,82,0,82,151
03/02/2003,EWN,NC,ASO,EN,Federal Contract Tower,0,13,16,0,29,0,0,19,0,19,0,13,35,0,48,24,0,24,72
03/03/2003,EWN,NC,ASO,EN,Federal Contract Tower,0,17,22,0,39,0,1,42,0,43,0,18,64,0,82,100,0,100,182
03/04/2003,EWN,NC,ASO,EN,Federal Contract Tower,0,21,10,3,34,0,0,32,3,35,0,21,42,6,69,46,0,46,115
03/05/2003,EWN,NC,ASO,EN,Federal Contract Tower,0,21,12,0,33,0,4,11,0,15,0,25,23,0,48,40,0,40,88
03/06/2003,EWN,NC,ASO,EN,Federal Contract Tower,0,21,21,0,42,0,1,3,0,4,0,22,24,0,46,0,0,0,46
03/07/2003,EWN,NC,ASO,EN,Federal Contract Tower,0,21,10,0,31,0,1,0,0,1,0,22,10,0,32,0,0,0,32
03/08/2003,EWN,NC,ASO,EN,Federal Contract Tower,0,13,25,0,38,0,1,62,10,73,0,14,87,10,111,106,0,106,217
03/09/2003,EWN,NC,ASO,EN,Federal Contract Tower,0,16,10,1,27,0,1,49,0,50,0,17,59,1,77,80,0,80,157
03/10/2003,EWN,NC,ASO,EN,Federal Contract Tower,0,18,11,0,29,0,0,34,0,34,0,18,45,0,63,40,0,40,103
03/11/2003,EWN,NC,ASO,EN,Federal Contract Tower,0,21,15,0,36,0,0,1,0,1,0,21,16,0,37,16,0,16,53
03/12/2003,EWN,NC,ASO,EN,Federal Contract Tower,0,28,15,8,51,0,0,44,0,44,0,28,59,8,95,32,0,32,127
03/13/2003,EWN,NC,ASO,EN,Federal Contract Tower,0,22,28,0,50,0,3,28,2,33,0,25,56,2,83,58,0,58,141
03/14/2003,EWN,NC,ASO,EN,Federal Contract Tower,0,23,20,21,64,0,0,21,2,23,0,23,41,23,87,12,16,28,115
03/15/2003,EWN,NC,ASO,EN,Federal Contract Tower,0,15,8,0,23,0,1,12,6,19,0,16,20,6,42,76,0,76,118
03/16/2003,EWN,NC,ASO,EN,Federal Contract Tower,0,14,5,2,21,0,0,18,2,20,0,14,23,4,41,86,0,86,127
03/17/2003,EWN,NC,ASO,EN,Federal Contract Tower,0,20,10,8,38,0,0,8,0,8,0,20,18,8,46,18,0,18,64
03/18/2003,EWN,NC,ASO,EN,Federal Contract Tower,0,21,4,0,25,0,0,9,4,13,0,21,13,4,38,36,0,36,74
03/19/2003,EWN,NC,ASO,EN,Federal Contract Tower,0,22,7,0,29,0,0,0,0,0,0,22,7,0,29,0,0,0,29
03/20/2003,EWN,NC,ASO,EN,Federal Contract Tower,0,25,1,0,26,0,0,0,0,0,0,25,1,0,26,0,0,0,26
03/21/2003,EWN,NC,ASO,EN,Federal Contract Tower,0,25,11,0,36,0,0,22,2,24,0,25,33,2,60,52,0,52,112
03/22/2003,EWN,NC,ASO,EN,Federal Contract Tower,0,15,12,0,27,0,0,78,8,86,0,15,90,8,113,108,0,108,221
03/23/2003,EWN,NC,ASO,EN,Federal Contract Tower,0,13,22,0,35,0,0,50,2,52,0,13,72,2,87,48,0,48,135
03/24/2003,EWN,NC,ASO,EN,Federal Contract Tower,0,18,15,0,33,0,0,35,5,40,0,18,50,5,73,36,0,36,109
03/25/2003,EWN,NC,ASO,EN,Federal Contract Tower,0,24,19,0,43,0,0,49,2,51,0,24,68,2,94,52,0,52,146
03/26/2003,EWN,NC,ASO,EN,Federal Contract Tower,0,22,9,0,31,0,0,34,2,36,0,22,43,2,67,52,0,52,119
03/27/2003,EWN,NC,ASO,EN,Federal Contract Tower,0,22,9,0,31,0,0,35,0,35,0,22,44,0,66,52,0,52,118
03/28/2003,EWN,NC,ASO,EN,Federal Contract Tower,0,21,26,2,49,0,0,39,20,59,0,21,65,22,108,2,0,2,110
03/29/2003,EWN,NC,ASO,EN,Federal Contract Tower,0,15,34,0,49,0,0,12,0,12,0,15,46,0,61,38,0,38,99
03/30/2003,EWN,NC,ASO,EN,Federal Contract Tower,0,13,4,0,17,0,0,0,0,0,0,13,4,0,17,0,0,0,17
03/31/2003,EWN,NC,ASO,EN,Federal Contract Tower,0,16,8,4,28,0,2,26,0,28,0,18,34,4,56,36,0,36,92
04/01/2003,EWN,NC,ASO,EN,Federal Contract Tower,0,22,10,0,32,0,0,36,0,36,0,22,46,0,68,28,0,28,96
04/02/2003,EWN,NC,ASO,EN,Federal Contract Tower,0,25,14,2,41,0,0,51,3,54,0,25,65,5,95,56,8,64,159
04/03/2003,EWN,NC,ASO,EN,Federal Contract Tower,0,23,19,4,46,0,0,50,0,50,0,23,69,4,96,68,0,68,164
04/04/2003,EWN,NC,ASO,EN,Federal Contract Tower,0,22,17,0,39,0,0,38,3,41,0,22,55,3,80,94,0,94,174
04/05/2003,EWN,NC,ASO,EN,Federal Contract Tower,0,15,18,0,33,0,0,34,4,38,0,15,52,4,71,32,0,32,103
04/06/2003,EWN,NC,ASO,EN,Federal Contract Tower,0,13,11,0,24,0,0,33,2,35,0,13,44,2,59,20,0,20,79
04/07/2003,EWN,NC,ASO,EN,Federal Contract Tower,0,19,7,0,26,0,0,0,0,0,0,19,7,0,26,0,0,0,26
04/08/2003,EWN,NC,ASO,EN,Federal Contract Tower,0,21,7,0,28,0,0,0,0,0,0,21,7,0,28,0,0,0,28
04/09/2003,EWN,NC,ASO,EN,Federal Contract Tower,0,22,11,2,35,0,0,0,0,0,0,22,11,2,35,6,0,6,41
04/10/2003,EWN,NC,ASO,EN,Federal Contract Tower,0,23,9,0,32,0,0,1,4,5,0,23,10,4,37,0,0,0,37
04/11/2003,EWN,NC,ASO,EN,Federal Contract Tower,0,25,5,2,32,0,0,1,0,1,0,25,6,2,33,0,0,0,33
04/12/2003,EWN,NC,ASO,EN,Federal Contract Tower,0,17,11,0,28,0,0,71,0,71,0,17,82,0,99,44,0,44,143
04/13/2003,EWN,NC,ASO,EN,Federal Contract Tower,0,15,19,0,34,0,0,56,4,60,0,15,75,4,94,68,0,68,162
04/14/2003,EWN,NC,ASO,EN,Federal Contract Tower,0,20,11,2,33,0,0,46,2,48,0,20,57,4,81,40,0,40,121
04/15/2003,EWN,NC,ASO,EN,Federal Contract Tower,0,19,15,4,38,0,0,41,0,41,0,19,56,4,79,44,0,44,123
04/16/2003,EWN,NC,ASO,EN,Federal Contract Tower,0,24,39,0,63,0,0,39,2,41,0,24,78,2,104,24,0,24,128
04/17/2003,EWN,NC,ASO,EN,Federal Contract Tower,0,18,10,0,28,0,0,52,6,58,0,18,62,6,86,48,0,48,134
04/18/2003,EWN,NC,ASO,EN,Federal Contract Tower,0,23,7,0,30,0,0,10,2,12,0,23,17,2,42,20,0,20,62
04/19/2003,EWN,NC,ASO,EN,Federal Contract Tower,0,15,15,0,30,0,0,31,0,31,0,15,46,0,61,42,0,42,103
04/20/2003,EWN,NC,ASO,EN,Federal Contract Tower,0,13,15,0,28,0,0,51,0,51,0,13,66,0,79,60,0,60,139
04/21/2003,EWN,NC,ASO,EN,Federal Contract Tower,0,25,3,0,28,0,0,24,0,24,0,25,27,0,52,18,0,18,70
04/22/2003,EWN,NC,ASO,EN,Federal Contract Tower,0,30,11,6,47,0,0,38,0,38,0,30,49,6,85,76,0,76,161
04/23/2003,EWN,NC,ASO,EN,Federal Contract Tower,0,33,24,0,57,0,4,37,0,41,0,37,61,0,98,98,46,144,242
04/24/2003,EWN,NC,ASO,EN,Federal Contract Tower,0,24,21,8,53,0,0,55,2,57,0,24,76,10,110,96,0,96,206
04/25/2003,EWN,NC,ASO,EN,Federal Contract Tower,0,22,13,4,39,0,0,16,0,16,0,22,29,4,55,12,0,12,67
04/26/2003,EWN,NC,ASO,EN,Federal Contract Tower,0,16,17,0,33,0,0,6,6,12,0,16,23,6,45,8,0,8,53
04/27/2003,EWN,NC,ASO,EN,Federal Contract Tower,0,15,10,2,27,0,0,17,0,17,0,15,27,2,44,32,2,34,78
04/28/2003,EWN,NC,ASO,EN,Federal Contract Tower,0,18,20,2,40,0,0,35,0,35,0,18,55,2,75,88,0,88,163
04/29/2003,EWN,NC,ASO,EN,Federal Contract Tower,0,20,10,8,38,0,0,30,0,30,0,20,40,8,68,64,2,66,134
04/30/2003,EWN,NC,ASO,EN,Federal Contract Tower,0,32,9,2,43,0,0,43,0,43,0,32,52,2,86,78,0,78,164
05/01/2003,EWN,NC,ASO,EN,Federal Contract Tower,0,25,36,0,61,0,1,38,4,43,0,26,74,4,104,40,0,40,144
05/02/2003,EWN,NC,ASO,EN,Federal Contract Tower,0,20,18,0,38,0,5,26,6,37,0,25,44,6,75,20,0,20,95
05/03/2003,EWN,NC,ASO,EN,Federal Contract Tower,0,13,23,0,36,0,2,13,2,17,0,15,36,2,53,2,0,2,55
05/04/2003,EWN,NC,ASO,EN,Federal Contract Tower,0,25,20,1,46,0,0,24,5,29,0,25,44,6,75,20,0,20,95
05/05/2003,EWN,NC,ASO,EN,Federal Contract Tower,0,18,16,0,34,0,2,23,4,29,0,20,39,4,63,84,0,84,147
05/06/2003,EWN,NC,ASO,EN,Federal Contract Tower,0,23,7,0,30,0,1,13,0,14,0,24,20,0,44,36,0,36,80
05/07/2003,EWN,NC,ASO,EN,Federal Contract Tower,0,27,11,6,44,0,3,25,0,28,0,30,36,6,72,108,0,108,180
05/08/2003,EWN,NC,ASO,EN,Federal Contract Tower,0,24,11,0,35,0,1,58,0,59,0,25,69,0,94,96,0,96,190
05/09/2003,EWN,NC,ASO,EN,Federal Contract Tower,0,29,22,2,53,0,1,40,2,43,0,30,62,4,96,40,0,40,136
05/10/2003,EWN,NC,ASO,EN,Federal Contract Tower,0,17,12,0,29,0,1,42,0,43,0,18,54,0,72,66,0,66,138
05/11/2003,EWN,NC,ASO,EN,Federal Contract Tower,0,14,12,0,26,0,1,30,0,31,0,15,42,0,57,6,0,6,63
05/12/2003,EWN,NC,ASO,EN,Federal Contract Tower,0,23,11,0,34,0,1,41,0,42,0,24,52,0,76,46,0,46,122
05/13/2003,EWN,NC,ASO,EN,Federal Contract Tower,0,23,10,2,35,0,1,40,0,41,0,24,50,2,76,66,0,66,142
05/14/2003,EWN,NC,ASO,EN,Federal Contract Tower,0,22,22,4,48,0,2,81,0,83,0,24,103,4,131,74,0,74,205
05/15/2003,EWN,NC,ASO,EN,Federal Contract Tower,0,23,20,4,47,0,1,39,2,42,0,24,59,6,89,64,0,64,153
05/16/2003,EWN,NC,ASO,EN,Federal Contract Tower,0,25,19,1,45,0,1,60,1,62,0,26,79,2,107,76,0,76,183
05/17/2003,EWN,NC,ASO,EN,Federal Contract Tower,0,21,24,0,45,0,1,13,0,14,0,22,37,0,59,50,0,50,109
05/18/2003,EWN,NC,ASO,EN,Federal Contract Tower,0,16,27,0,43,0,0,16,0,16,0,16,43,0,59,36,0,36,95
05/19/2003,EWN,NC,ASO,EN,Federal Contract Tower,0,19,11,0,30,0,1,7,6,14,0,20,18,6,44,0,0,0,44
05/20/2003,EWN,NC,ASO,EN,Federal Contract Tower,0,25,31,0,56,0,4,49,6,59,0,29,80,6,115,62,0,62,177
05/21/2003,EWN,NC,ASO,EN,Federal Contract Tower,0,23,14,0,37,0,1,46,2,49,0,24,60,2,86,60,0,60,146
05/22/2003,EWN,NC,ASO,EN,Federal Contract Tower,0,24,19,2,45,0,1,26,22,49,0,25,45,24,94,22,0,22,116
05/23/2003,EWN,NC,ASO,EN,Federal Contract Tower,0,26,17,0,43,0,1,1,0,2,0,27,18,0,45,0,0,0,45
05/24/2003,EWN,NC,ASO,EN,Federal Contract Tower,0,19,8,0,27,0,1,41,0,42,0,20,49,0,69,42,0,42,111
05/25/2003,EWN,NC,ASO,EN,Federal Contract Tower,0,13,6,2,21,0,4,56,4,64,0,17,62,6,85,148,0,148,233
05/26/2003,EWN,NC,ASO,EN,Federal Contract Tower,0,17,14,3,34,0,1,32,0,33,0,18,46,3,67,94,0,94,161
05/27/2003,EWN,NC,ASO,EN,Federal Contract Tower,0,24,9,1,34,0,0,0,0,0,0,24,9,1,34,0,0,0,34
05/28/2003,EWN,NC,ASO,EN,Federal Contract Tower,0,23,12,0,35,0,0,43,8,51,0,23,55,8,86,46,0,46,132
05/29/2003,EWN,NC,ASO,EN,Federal Contract Tower,0,27,12,0,39,0,0,39,4,43,0,27,51,4,82,16,0,16,98
05/30/2003,EWN,NC,ASO,EN,Federal Contract Tower,0,27,7,0,34,0,0,68,0,68,0,27,75,0,102,130,0,130,232
05/31/2003,EWN,NC,ASO,EN,Federal Contract Tower,0,18,3,0,21,0,0,14,0,14,0,18,17,0,35,66,0,66,101
06/01/2003,EWN,NC,ASO,EN,Federal Contract Tower,0,15,9,0,24,0,0,38,0,38,0,15,47,0,62,78,0,78,140
06/02/2003,EWN,NC,ASO,EN,Federal Contract Tower,0,23,7,6,36,0,0,49,7,56,0,23,56,13,92,32,0,32,124
06/03/2003,EWN,NC,ASO,EN,Federal Contract Tower,0,28,12,0,40,0,0,32,2,34,0,28,44,2,74,84,0,84,158
06/04/2003,EWN,NC,ASO,EN,Federal Contract Tower,0,22,13,4,39,0,0,23,2,25,0,22,36,6,64,92,0,92,156
06/05/2003,EWN,NC,ASO,EN,Federal Contract Tower,0,24,23,0,47,0,0,51,4,55,0,24,74,4,102,90,0,90,192
06/06/2003,EWN,NC,ASO,EN,Federal Contract Tower,0,24,9,0,33,0,8,54,8,70,0,32,63,8,103,228,0,228,331
06/07/2003,EWN,NC,ASO,EN,Federal Contract Tower,0,17,31,2,50,0,0,8,0,8,0,17,39,2,58,0,0,0,58
06/08/2003,EWN,NC,ASO,EN,Federal Contract Tower,0,15,60,0,75,0,0,9,2,11,0,15,69,2,86,42,0,42,128
06/09/2003,EWN,NC,ASO,EN,Federal Contract Tower,0,18,27,0,45,0,0,49,0,49,0,18,76,0,94,44,0,44,138
06/10/2003,EWN,NC,ASO,EN,Federal Contract Tower,0,22,29,4,55,0,0,42,11,53,0,22,71,15,108,72,0,72,180
06/11/2003,EWN,NC,ASO,EN,Federal Contract Tower,0,23,24,12,59,0,0,28,6,34,0,23,52,18,93,56,0,56,149
06/12/2003,EWN,NC,ASO,EN,Federal Contract Tower,0,22,22,0,44,0,0,42,4,46,0,22,64,4,90,84,0,84,174
06/13/2003,EWN,NC,ASO,EN,Federal Contract Tower,0,23,29,0,52,0,0,26,3,29,0,23,55,3,81,60,0,60,141
06/14/2003,EWN,NC,ASO,EN,Federal Contract Tower,0,16,16,0,32,0,0,61,8,69,0,16,77,8,101,106,0,106,207
06/15/2003,EWN,NC,ASO,EN,Federal Contract Tower,0,18,42,0,60,0,0,32,0,32,0,18,74,0,92,54,0,54,146
06/16/2003,EWN,NC,ASO,EN,Federal Contract Tower,0,19,19,6,44,0,0,15,0,15,0,19,34,6,59,28,0,28,87
06/17/2003,EWN,NC,ASO,EN,Federal Contract Tower,0,24,19,0,43,0,0,9,8,17,0,24,28,8,60,32,0,32,92
06/18/2003,EWN,NC,ASO,EN,Federal Contract Tower,0,22,16,0,38,0,0,32,0,32,0,22,48,0,70,20,0,20,90
06/19/2003,EWN,NC,ASO,EN,Federal Contract Tower,0,26,13,0,39,0,0,17,0,17,0,26,30,0,56,6,0,6,62
06/20/2003,EWN,NC,ASO,EN,Federal Contract Tower,0,22,13,0,35,0,0,44,2,46,0,22,57,2,81,86,0,86,167
06/21/2003,EWN,NC,ASO,EN,Federal Contract Tower,0,17,13,0,30,0,0,61,2,63,0,17,74,2,93,98,0,98,191
06/22/2003,EWN,NC,ASO,EN,Federal Contract Tower,0,15,17,0,32,0,0,61,0,61,0,15,78,0,93,114,0,114,207
06/23/2003,EWN,NC,ASO,EN,Federal Contract Tower,0,19,12,0,31,0,0,49,0,49,0,19,61,0,80,78,0,78,158
06/24/2003,EWN,NC,ASO,EN,Federal Contract Tower,0,30,16,4,50,0,0,59,2,61,0,30,75,6,111,80,0,80,191
06/25/2003,EWN,NC,ASO,EN,Federal Contract Tower,0,26,13,0,39,0,0,73,0,73,0,26,86,0,112,108,0,108,220
06/26/2003,EWN,NC,ASO,EN,Federal Contract Tower,0,25,11,0,36,0,0,42,0,42,0,25,53,0,78,78,0,78,156
06/27/2003,EWN,NC,ASO,EN,Federal Contract Tower,0,27,15,0,42,0,0,38,4,42,0,27,53,4,84,28,0,28,112
06/28/2003,EWN,NC,ASO,EN,Federal Contract Tower,0,16,21,0,37,0,0,48,0,48,0,16,69,0,85,146,0,146,231
06/29/2003,EWN,NC,ASO,EN,Federal Contract Tower,0,26,18,0,44,0,0,30,0,30,0,26,48,0,74,68,0,68,142
06/30/2003,EWN,NC,ASO,EN,Federal Contract Tower,0,20,14,0,34,0,0,51,2,53,0,20,65,2,87,116,0,116,203
07/01/2003,EWN,NC,ASO,EN,Federal Contract Tower,0,22,18,0,40,0,0,62,10,72,0,22,80,10,112,210,12,222,334
07/02/2003,EWN,NC,ASO,EN,Federal Contract Tower,0,22,4,0,26,0,0,9,2,11,0,22,13,2,37,42,0,42,79
07/03/2003,EWN,NC,ASO,EN,Federal Contract Tower,0,21,15,7,43,0,0,40,3,43,0,21,55,10,86,138,14,152,238
07/04/2003,EWN,NC,ASO,EN,Federal Contract Tower,0,13,6,0,19,0,0,41,0,41,0,13,47,0,60,88,0,88,148
07/05/2003,EWN,NC,ASO,EN,Federal Contract Tower,0,12,1,0,13,0,1,45,0,46,0,13,46,0,59,84,0,84,143
07/06/2003,EWN,NC,ASO,EN,Federal Contract Tower,0,15,16,0,31,0,0,50,2,52,0,15,66,2,83,72,0,72,155
07/07/2003,EWN,NC,ASO,EN,Federal Contract Tower,0,21,11,0,32,0,0,0,0,0,0,21,11,0,32,108,0,108,140
07/08/2003,EWN,NC,ASO,EN,Federal Contract Tower,0,24,10,0,34,0,0,38,0,38,0,24,48,0,72,80,0,80,152
07/09/2003,EWN,NC,ASO,EN,Federal Contract Tower,0,23,5,0,28,0,0,53,2,55,0,23,58,2,83,190,0,190,273
07/10/2003,EWN,NC,ASO,EN,Federal Contract Tower,0,28,27,4,59,0,0,38,0,38,0,28,65,4,97,74,0,74,171
07/11/2003,EWN,NC,ASO,EN,Federal Contract Tower,0,27,34,0,61,0,0,32,0,32,0,27,66,0,93,34,0,34,127
07/12/2003,EWN,NC,ASO,EN,Federal Contract Tower,0,16,11,0,27,0,0,55,4,59,0,16,66,4,86,234,0,234,320
07/13/2003,EWN,NC,ASO,EN,Federal Contract Tower,0,15,59,0,74,0,0,20,0,20,0,15,79,0,94,62,0,62,156
07/14/2003,EWN,NC,ASO,EN,Federal Contract Tower,0,20,11,2,33,0,0,18,0,18,0,20,29,2,51,96,0,96,147
07/15/2003,EWN,NC,ASO,EN,Federal Contract Tower,0,21,15,1,37,0,4,48,6,58,0,25,63,7,95,144,0,144,239
07/16/2003,EWN,NC,ASO,EN,Federal Contract Tower,0,26,17,4,47,0,0,49,0,49,0,26,66,4,96,106,0,106,202
07/17/2003,EWN,NC,ASO,EN,Federal Contract Tower,0,24,16,2,42,0,0,28,4,32,0,24,44,6,74,120,0,120,194
07/18/2003,EWN,NC,ASO,EN,Federal Contract Tower,0,24,9,0,33,0,0,55,0,55,0,24,64,0,88,170,0,170,258
07/19/2003,EWN,NC,ASO,EN,Federal Contract Tower,0,18,5,0,23,0,0,19,2,21,0,18,24,2,44,40,0,40,84
07/20/2003,EWN,NC,ASO,EN,Federal Contract Tower,0,17,12,0,29,0,0,60,0,60,0,17,72,0,89,122,0,122,211
07/21/2003,EWN,NC,ASO,EN,Federal Contract Tower,0,20,8,0,28,0,0,38,2,40,0,20,46,2,68,94,2,96,164
07/22/2003,EWN,NC,ASO,EN,Federal Contract Tower,0,26,10,2,38,0,0,39,0,39,0,26,49,2,77,76,0,76,153
07/23/2003,EWN,NC,ASO,EN,Federal Contract Tower,0,20,20,0,40,0,0,18,2,20,0,20,38,2,60,44,0,44,104
07/24/2003,EWN,NC,ASO,EN,Federal Contract Tower,0,24,15,8,47,0,0,13,3,16,0,24,28,11,63,18,10,28,91
07/25/2003,EWN,NC,ASO,EN,Federal Contract Tower,0,22,20,0,42,0,2,26,0,28,0,24,46,0,70,24,0,24,94
07/26/2003,EWN,NC,ASO,EN,Federal Contract Tower,0,16,16,0,32,0,0,51,0,51,0,16,67,0,83,152,0,152,235
07/27/2003,EWN,NC,ASO,EN,Federal Contract Tower,0,15,18,0,33,0,0,69,0,69,0,15,87,0,102,152,0,152,254
07/28/2003,EWN,NC,ASO,EN,Federal Contract Tower,0,20,12,0,32,0,0,40,0,40,0,20,52,0,72,92,0,92,164
07/29/2003,EWN,NC,ASO,EN,Federal Contract Tower,0,21,21,4,46,0,0,31,2,33,0,21,52,6,79,50,0,50,129
07/30/2003,EWN,NC,ASO,EN,Federal Contract Tower,0,27,18,4,49,0,0,22,0,22,0,27,40,4,71,114,0,114,185
07/31/2003,EWN,NC,ASO,EN,Federal Contract Tower,0,29,32,6,67,0,0,20,6,26,0,29,52,12,93,90,0,90,183
08/01/2003,EWN,NC,ASO,EN,Federal Contract Tower,0,25,13,14,52,0,0,39,0,39,0,25,52,14,91,10,0,10,101
08/02/2003,EWN,NC,ASO,EN,Federal Contract Tower,0,16,7,0,23,0,0,30,0,30,0,16,37,0,53,80,0,80,133
08/03/2003,EWN,NC,ASO,EN,Federal Contract Tower,0,15,11,0,26,0,0,22,6,28,0,15,33,6,54,56,0,56,110
08/04/2003,EWN,NC,ASO,EN,Federal Contract Tower,0,19,22,8,49,0,0,23,0,23,0,19,45,8,72,42,0,42,114
08/05/2003,EWN,NC,ASO,EN,Federal Contract Tower,0,24,25,4,53,0,1,22,4,27,0,25,47,8,80,62,0,62,142
08/06/2003,EWN,NC,ASO,EN,Federal Contract Tower,0,26,19,0,45,0,0,20,2,22,0,26,39,2,67,100,0,100,167
08/07/2003,EWN,NC,ASO,EN,Federal Contract Tower,0,24,11,0,35,0,2,14,0,16,0,26,25,0,51,80,0,80,131
08/08/2003,EWN,NC,ASO,EN,Federal Contract Tower,0,28,41,0,69,0,0,23,0,23,0,28,64,0,92,110,0,110,202
08/09/2003,EWN,NC,ASO,EN,Federal Contract Tower,0,16,18,1,35,0,0,6,0,6,0,16,24,1,41,40,0,40,81
08/10/2003,EWN,NC,ASO,EN,Federal Contract Tower,0,16,11,0,27,0,0,6,0,6,0,16,17,0,33,0,0,0,33
08/11/2003,EWN,NC,ASO,EN,Federal Contract Tower,0,20,30,0,50,0,0,32,0,32,0,20,62,0,82,102,0,102,184
08/12/2003,EWN,NC,ASO,EN,Federal Contract Tower,0,27,17,6,50,0,0,20,7,27,0,27,37,13,77,24,0,24,101
08/13/2003,EWN,NC,ASO,EN,Federal Contract Tower,0,28,14,10,52,0,0,26,8,34,0,28,40,18,86,18,0,18,104
08/14/2003,EWN,NC,ASO,EN,Federal Contract Tower,0,34,12,0,46,0,1,27,2,30,0,35,39,2,76,26,0,26,102
08/15/2003,EWN,NC,ASO,EN,Federal Contract Tower,0,27,36,0,63,0,0,65,2,67,0,27,101,2,130,84,0,84,214
08/16/2003,EWN,NC,ASO,EN,Federal Contract Tower,0,16,3,0,19,0,0,52,0,52,0,16,55,0,71,90,0,90,161
08/17/2003,EWN,NC,ASO,EN,Federal Contract Tower,0,15,14,0,29,0,1,34,0,35,0,16,48,0,64,76,0,76,140
08/18/2003,EWN,NC,ASO,EN,Federal Contract Tower,0,19,7,4,30,0,0,32,0,32,0,19,39,4,62,56,0,56,118
08/19/2003,EWN,NC,ASO,EN,Federal Contract Tower,0,26,12,0,38,0,0,29,6,35,0,26,41,6,73,46,0,46,119
08/20/2003,EWN,NC,ASO,EN,Federal Contract Tower,0,24,19,0,43,0,0,47,0,47,0,24,66,0,90,96,0,96,186
08/21/2003,EWN,NC,ASO,EN,Federal Contract Tower,0,23,24,12,59,0,1,36,6,43,0,24,60,18,102,50,0,50,152
08/22/2003,EWN,NC,ASO,EN,Federal Contract Tower,0,25,8,0,33,0,0,35,0,35,0,25,43,0,68,62,0,62,130
08/23/2003,EWN,NC,ASO,EN,Federal Contract Tower,0,16,5,0,21,0,0,51,0,51,0,16,56,0,72,72,0,72,144
08/24/2003,EWN,NC,ASO,EN,Federal Contract Tower,0,17,13,0,30,0,0,81,0,81,0,17,94,0,111,114,0,114,225
08/25/2003,EWN,NC,ASO,EN,Federal Contract Tower,0,20,7,12,39,0,0,46,0,46,0,20,53,12,85,52,0,52,137
08/26/2003,EWN,NC,ASO,EN,Federal Contract Tower,0,24,14,18,56,0,0,50,0,50,0,24,64,18,106,38,0,38,144
08/27/2003,EWN,NC,ASO,EN,Federal Contract Tower,0,24,15,2,41,0,0,36,12,48,0,24,51,14,89,24,6,30,119
08/28/2003,EWN,NC,ASO,EN,Federal Contract Tower,0,24,13,0,37,0,0,47,0,47,0,24,60,0,84,66,0,66,150
08/29/2003,EWN,NC,ASO,EN,Federal Contract Tower,0,24,13,0,37,0,0,66,0,66,0,24,79,0,103,6,0,6,109
08/30/2003,EWN,NC,ASO,EN,Federal Contract Tower,0,15,2,0,17,0,0,49,0,49,0,15,51,0,66,68,0,68,134
08/31/2003,EWN,NC,ASO,EN,Federal Contract Tower,0,12,16,0,28,0,0,44,2,46,0,12,60,2,74,42,0,42,116
09/01/2003,EWN,NC,ASO,EN,Federal Contract Tower,0,15,3,0,18,0,0,47,0,47,0,15,50,0,65,32,0,32,97
09/02/2003,EWN,NC,ASO,EN,Federal Contract Tower,0,19,11,0,30,0,0,31,0,31,0,19,42,0,61,18,0,18,79
09/03/2003,EWN,NC,ASO,EN,Federal Contract Tower,0,23,13,2,38,0,0,26,0,26,0,23,39,2,64,40,0,40,104
09/04/2003,EWN,NC,ASO,EN,Federal Contract Tower,0,21,11,0,32,0,0,21,3,24,0,21,32,3,56,88,2,90,146
09/05/2003,EWN,NC,ASO,EN,Federal Contract Tower,0,24,22,0,46,0,0,10,1,11,0,24,32,1,57,4,0,4,61
09/06/2003,EWN,NC,ASO,EN,Federal Contract Tower,0,17,14,0,31,0,0,44,0,44,0,17,58,0,75,92,0,92,167
09/07/2003,EWN,NC,ASO,EN,Federal Contract Tower,0,16,21,0,37,0,0,23,0,23,0,16,44,0,60,52,0,52,112
09/08/2003,EWN,NC,ASO,EN,Federal Contract Tower,0,17,24,0,41,0,0,31,2,33,0,17,55,2,74,40,0,40,114
09/09/2003,EWN,NC,ASO,EN,Federal Contract Tower,0,25,18,2,45,0,0,20,2,22,0,25,38,4,67,6,0,6,73
09/10/2003,EWN,NC,ASO,EN,Federal Contract Tower,0,25,21,4,50,0,0,23,0,23,0,25,44,4,73,6,2,8,81
09/11/2003,EWN,NC,ASO,EN,Federal Contract Tower,0,23,18,4,45,0,0,55,2,57,0,23,73,6,102,58,0,58,160
09/12/2003,EWN,NC,ASO,EN,Federal Contract Tower,0,19,20,2,41,0,0,6,0,6,0,19,26,2,47,0,0,0,47
09/13/2003,EWN,NC,ASO,EN,Federal Contract Tower,0,18,26,2,46,0,0,17,2,19,0,18,43,4,65,44,0,44,109
09/14/2003,EWN,NC,ASO,EN,Federal Contract Tower,0,14,21,0,35,0,0,47,0,47,0,14,68,0,82,78,0,78,160
09/15/2003,EWN,NC,ASO,EN,Federal Contract Tower,0,18,21,0,39,0,1,50,13,64,0,19,71,13,103,12,2,14,117
09/16/2003,EWN,NC,ASO,EN,Federal Contract Tower,0,24,16,0,40,0,0,23,0,23,0,24,39,0,63,16,0,16,79
09/17/2003,EWN,NC,ASO,EN,Federal Contract Tower,0,22,8,0,30,0,0,21,2,23,0,22,29,2,53,6,0,6,59
09/18/2003,EWN,NC,ASO,EN,Federal Contract Tower,0,0,0,0,0,0,0,0,0,0,0,0,0,0,0,0,0,0,0
09/19/2003,EWN,NC,ASO,EN,Federal Contract Tower,0,23,10,0,33,0,0,66,4,70,0,23,76,4,103,6,0,6,109
09/20/2003,EWN,NC,ASO,EN,Federal Contract Tower,0,11,19,0,30,0,0,66,2,68,0,11,85,2,98,74,0,74,172
09/21/2003,EWN,NC,ASO,EN,Federal Contract Tower,0,18,9,0,27,0,0,29,1,30,0,18,38,1,57,76,0,76,133
09/22/2003,EWN,NC,ASO,EN,Federal Contract Tower,0,17,20,8,45,0,0,26,1,27,0,17,46,9,72,20,0,20,92
09/23/2003,EWN,NC,ASO,EN,Federal Contract Tower,0,28,5,10,43,0,0,19,4,23,0,28,24,14,66,14,0,14,80
09/24/2003,EWN,NC,ASO,EN,Federal Contract Tower,0,20,12,0,32,0,2,75,9,86,0,22,87,9,118,64,0,64,182
09/25/2003,EWN,NC,ASO,EN,Federal Contract Tower,0,24,23,4,51,0,0,72,4,76,0,24,95,8,127,66,0,66,193
09/26/2003,EWN,NC,ASO,EN,Federal Contract Tower,0,24,12,0,36,0,0,49,0,49,0,24,61,0,85,38,0,38,123
09/27/2003,EWN,NC,ASO,EN,Federal Contract Tower,0,17,10,0,27,0,1,29,6,36,0,18,39,6,63,30,0,30,93
09/28/2003,EWN,NC,ASO,EN,Federal Contract Tower,0,14,14,1,29,0,0,24,2,26,0,14,38,3,55,52,0,52,107
09/29/2003,EWN,NC,ASO,EN,Federal Contract Tower,0,19,11,3,33,0,0,49,0,49,0,19,60,3,82,36,0,36,118
09/30/2003,EWN,NC,ASO,EN,Federal Contract Tower,0,23,18,2,43,0,0,32,2,34,0,23,50,4,77,38,0,38,115
10/01/2003,EWN,NC,ASO,EN,Federal Contract Tower,0,21,17,2,40,0,2,34,4,40,0,23,51,6,80,50,6,56,136
10/02/2003,EWN,NC,ASO,EN,Federal Contract Tower,0,18,15,2,35,0,4,49,0,53,0,22,64,2,88,50,0,50,138
10/03/2003,EWN,NC,ASO,EN,Federal Contract Tower,0,21,16,2,39,0,0,69,0,69,0,21,85,2,108,120,4,124,232
10/04/2003,EWN,NC,ASO,EN,Federal Contract Tower,0,18,13,3,34,0,1,47,1,49,0,19,60,4,83,68,0,68,151
10/05/2003,EWN,NC,ASO,EN,Federal Contract Tower,0,14,14,0,28,0,0,51,0,51,0,14,65,0,79,28,0,28,107
10/06/2003,EWN,NC,ASO,EN,Federal Contract Tower,0,18,13,0,31,0,0,45,0,45,0,18,58,0,76,56,0,56,132
10/07/2003,EWN,NC,ASO,EN,Federal Contract Tower,0,22,16,0,38,0,0,36,0,36,0,22,52,0,74,72,0,72,146
10/08/2003,EWN,NC,ASO,EN,Federal Contract Tower,0,18,14,3,35,0,2,12,3,17,0,20,26,6,52,46,0,46,98
10/09/2003,EWN,NC,ASO,EN,Federal Contract Tower,0,19,15,0,34,0,4,26,0,30,0,23,41,0,64,58,4,62,126
10/10/2003,EWN,NC,ASO,EN,Federal Contract Tower,0,21,16,2,39,0,0,3,0,3,0,21,19,2,42,0,0,0,42
10/11/2003,EWN,NC,ASO,EN,Federal Contract Tower,0,17,13,3,33,0,0,11,3,14,0,17,24,6,47,0,2,2,49
10/12/2003,EWN,NC,ASO,EN,Federal Contract Tower,0,15,13,2,30,0,0,52,2,54,0,15,65,4,84,42,0,42,126
10/13/2003,EWN,NC,ASO,EN,Federal Contract Tower,0,15,12,2,29,0,1,63,2,66,0,16,75,4,95,82,0,82,177
10/14/2003,EWN,NC,ASO,EN,Federal Contract Tower,0,18,14,3,35,0,4,4,3,11,0,22,18,6,46,4,0,4,50
10/15/2003,EWN,NC,ASO,EN,Federal Contract Tower,0,21,15,0,36,0,4,44,0,48,0,25,59,0,84,30,0,30,114
10/16/2003,EWN,NC,ASO,EN,Federal Contract Tower,0,22,20,4,46,0,0,70,1,71,0,22,90,5,117,70,0,70,187
10/17/2003,EWN,NC,ASO,EN,Federal Contract Tower,0,23,18,0,41,0,1,62,0,63,0,24,80,0,104,108,0,108,212
10/18/2003,EWN,NC,ASO,EN,Federal Contract Tower,0,19,15,0,34,0,0,26,0,26,0,19,41,0,60,36,0,36,96
10/19/2003,EWN,NC,ASO,EN,Federal Contract Tower,0,13,11,0,24,0,0,75,0,75,0,13,86,0,99,136,0,136,235
10/20/2003,EWN,NC,ASO,EN,Federal Contract Tower,0,19,16,2,37,0,0,38,12,50,0,19,54,14,87,30,0,30,117
10/21/2003,EWN,NC,ASO,EN,Federal Contract Tower,0,20,15,2,37,0,3,34,10,47,0,23,49,12,84,8,0,8,92
10/22/2003,EWN,NC,ASO,EN,Federal Contract Tower,0,24,18,2,44,0,0,36,8,44,0,24,54,10,88,20,0,20,108
10/23/2003,EWN,NC,ASO,EN,Federal Contract Tower,0,22,16,2,40,0,2,42,8,52,0,24,58,10,92,20,6,26,118
10/24/2003,EWN,NC,ASO,EN,Federal Contract Tower,0,23,20,3,46,0,0,40,15,55,0,23,60,18,101,82,10,92,193
10/25/2003,EWN,NC,ASO,EN,Federal Contract Tower,0,17,17,2,36,0,0,32,2,34,0,17,49,4,70,20,0,20,90
10/26/2003,EWN,NC,ASO,EN,Federal Contract Tower,0,13,14,2,29,0,0,37,2,39,0,13,51,4,68,24,0,24,92
10/27/2003,EWN,NC,ASO,EN,Federal Contract Tower,0,19,13,0,32,0,4,9,0,13,0,23,22,0,45,0,0,0,45
10/28/2003,EWN,NC,ASO,EN,Federal Contract Tower,0,23,19,0,42,0,0,5,0,5,0,23,24,0,47,0,0,0,47
10/29/2003,EWN,NC,ASO,EN,Federal Contract Tower,0,18,13,0,31,0,6,30,0,36,0,24,43,0,67,76,0,76,143
10/30/2003,EWN,NC,ASO,EN,Federal Contract Tower,0,20,15,2,37,0,2,59,0,61,0,22,74,2,98,68,0,68,166
10/31/2003,EWN,NC,ASO,EN,Federal Contract Tower,0,24,17,0,41,0,8,35,0,43,0,32,52,0,84,42,0,42,126
11/01/2003,EWN,NC,ASO,EN,Federal Contract Tower,0,11,14,2,27,0,5,67,8,80,0,16,81,10,107,192,88,280,387
11/02/2003,EWN,NC,ASO,EN,Federal Contract Tower,0,12,15,0,27,0,1,84,0,85,0,13,99,0,112,104,0,104,216
11/03/2003,EWN,NC,ASO,EN,Federal Contract Tower,0,16,19,0,35,0,0,41,0,41,0,16,60,0,76,44,0,44,120
11/04/2003,EWN,NC,ASO,EN,Federal Contract Tower,0,19,22,3,44,0,6,20,11,37,0,25,42,14,81,52,0,52,133
11/05/2003,EWN,NC,ASO,EN,Federal Contract Tower,0,20,22,3,45,0,5,14,19,38,0,25,36,22,83,78,0,78,161
11/06/2003,EWN,NC,ASO,EN,Federal Contract Tower,0,18,18,3,39,0,4,0,1,5,0,22,18,4,44,8,0,8,52
11/07/2003,EWN,NC,ASO,EN,Federal Contract Tower,0,20,24,0,44,0,0,20,0,20,0,20,44,0,64,76,0,76,140
11/08/2003,EWN,NC,ASO,EN,Federal Contract Tower,0,14,16,0,30,0,0,44,0,44,0,14,60,0,74,82,0,82,156
11/09/2003,EWN,NC,ASO,EN,Federal Contract Tower,0,13,15,0,28,0,0,22,0,22,0,13,37,0,50,8,0,8,58
11/10/2003,EWN,NC,ASO,EN,Federal Contract Tower,0,15,16,2,33,0,1,51,0,52,0,16,67,2,85,190,0,190,275
11/11/2003,EWN,NC,ASO,EN,Federal Contract Tower,0,18,18,0,36,0,0,49,0,49,0,18,67,0,85,60,0,60,145
11/12/2003,EWN,NC,ASO,EN,Federal Contract Tower,0,23,26,3,52,0,0,23,3,26,0,23,49,6,78,20,0,20,98
11/13/2003,EWN,NC,ASO,EN,Federal Contract Tower,0,20,26,0,46,0,0,0,0,0,0,20,26,0,46,26,0,26,72
11/14/2003,EWN,NC,ASO,EN,Federal Contract Tower,0,19,20,2,41,0,2,44,0,46,0,21,64,2,87,42,0,42,129
11/15/2003,EWN,NC,ASO,EN,Federal Contract Tower,0,14,15,1,30,0,2,42,9,53,0,16,57,10,83,204,32,236,319
11/16/2003,EWN,NC,ASO,EN,Federal Contract Tower,0,12,14,0,26,0,0,64,0,64,0,12,78,0,90,76,0,76,166
11/17/2003,EWN,NC,ASO,EN,Federal Contract Tower,0,16,21,2,39,0,0,44,10,54,0,16,65,12,93,54,0,54,147
11/18/2003,EWN,NC,ASO,EN,Federal Contract Tower,0,20,23,2,45,0,0,29,12,41,0,20,52,14,86,60,0,60,146
11/19/2003,EWN,NC,ASO,EN,Federal Contract Tower,0,13,10,1,24,0,5,0,12,17,0,18,10,13,41,0,0,0,41
11/20/2003,EWN,NC,ASO,EN,Federal Contract Tower,0,19,22,2,43,0,1,45,0,46,0,20,67,2,89,122,0,122,211
11/21/2003,EWN,NC,ASO,EN,Federal Contract Tower,0,18,20,0,38,0,7,38,0,45,0,25,58,0,83,50,0,50,133
11/22/2003,EWN,NC,ASO,EN,Federal Contract Tower,0,11,12,1,24,0,3,55,1,59,0,14,67,2,83,108,0,108,191
11/23/2003,EWN,NC,ASO,EN,Federal Contract Tower,0,15,17,1,33,0,0,51,1,52,0,15,68,2,85,92,0,92,177
11/24/2003,EWN,NC,ASO,EN,Federal Contract Tower,0,12,13,1,26,0,4,32,1,37,0,16,45,2,63,82,0,82,145
11/25/2003,EWN,NC,ASO,EN,Federal Contract Tower,0,27,35,3,65,0,0,41,8,49,0,27,76,11,114,8,0,8,122
11/26/2003,EWN,NC,ASO,EN,Federal Contract Tower,0,25,29,2,56,0,0,39,0,39,0,25,68,2,95,102,0,102,197
11/27/2003,EWN,NC,ASO,EN,Federal Contract Tower,0,12,13,0,25,0,3,3,0,6,0,15,16,0,31,0,0,0,31
11/28/2003,EWN,NC,ASO,EN,Federal Contract Tower,0,10,15,0,25,0,0,18,0,18,0,10,33,0,43,24,0,24,67
11/29/2003,EWN,NC,ASO,EN,Federal Contract Tower,0,7,8,0,15,0,6,53,0,59,0,13,61,0,74,46,0,46,120
11/30/2003,EWN,NC,ASO,EN,Federal Contract Tower,0,13,17,0,30,0,0,44,0,44,0,13,61,0,74,46,0,46,120
12/01/2003,EWN,NC,ASO,EN,Federal Contract Tower,0,15,10,2,27,0,1,36,0,37,0,16,46,2,64,14,0,14,78
12/02/2003,EWN,NC,ASO,EN,Federal Contract Tower,0,21,17,2,40,0,0,38,4,42,0,21,55,6,82,64,0,64,146
12/03/2003,EWN,NC,ASO,EN,Federal Contract Tower,0,20,14,2,36,0,0,38,0,38,0,20,52,2,74,44,0,44,118
12/04/2003,EWN,NC,ASO,EN,Federal Contract Tower,0,18,13,2,33,0,3,5,4,12,0,21,18,6,45,24,0,24,69
12/05/2003,EWN,NC,ASO,EN,Federal Contract Tower,0,21,17,2,40,0,0,4,2,6,0,21,21,4,46,0,0,0,46
12/06/2003,EWN,NC,ASO,EN,Federal Contract Tower,0,10,8,0,18,0,6,13,0,19,0,16,21,0,37,16,0,16,53
12/07/2003,EWN,NC,ASO,EN,Federal Contract Tower,0,14,9,2,25,0,4,25,2,31,0,18,34,4,56,30,0,30,86
12/08/2003,EWN,NC,ASO,EN,Federal Contract Tower,0,20,18,0,38,0,0,48,0,48,0,20,66,0,86,58,0,58,144
12/09/2003,EWN,NC,ASO,EN,Federal Contract Tower,0,20,17,2,39,0,0,48,0,48,0,20,65,2,87,62,0,62,149
12/10/2003,EWN,NC,ASO,EN,Federal Contract Tower,0,21,19,3,43,0,0,10,11,21,0,21,29,14,64,10,0,10,74
12/11/2003,EWN,NC,ASO,EN,Federal Contract Tower,0,22,16,2,40,0,1,33,4,38,0,23,49,6,78,4,0,4,82
12/12/2003,EWN,NC,ASO,EN,Federal Contract Tower,0,19,16,0,35,0,0,71,0,71,0,19,87,0,106,52,0,52,158
12/13/2003,EWN,NC,ASO,EN,Federal Contract Tower,0,10,8,0,18,0,4,117,0,121,0,14,125,0,139,98,0,98,237
12/14/2003,EWN,NC,ASO,EN,Federal Contract Tower,0,15,16,2,33,0,0,4,4,8,0,15,20,6,41,0,0,0,41
12/15/2003,EWN,NC,ASO,EN,Federal Contract Tower,0,20,15,2,37,0,0,109,0,109,0,20,124,2,146,44,0,44,190
12/16/2003,EWN,NC,ASO,EN,Federal Contract Tower,0,21,17,3,41,0,0,110,37,147,0,21,127,40,188,74,0,74,262
12/17/2003,EWN,NC,ASO,EN,Federal Contract Tower,0,19,13,0,32,0,4,6,0,10,0,23,19,0,42,0,0,0,42
12/18/2003,EWN,NC,ASO,EN,Federal Contract Tower,0,19,13,1,33,0,4,106,1,111,0,23,119,2,144,92,8,100,244
12/19/2003,EWN,NC,ASO,EN,Federal Contract Tower,0,23,15,1,39,0,3,50,7,60,0,26,65,8,99,34,0,34,133
12/20/2003,EWN,NC,ASO,EN,Federal Contract Tower,0,15,12,0,27,0,0,44,0,44,0,15,56,0,71,50,0,50,121
12/21/2003,EWN,NC,ASO,EN,Federal Contract Tower,0,12,10,0,22,0,0,58,0,58,0,12,68,0,80,94,0,94,174
12/22/2003,EWN,NC,ASO,EN,Federal Contract Tower,0,18,16,1,35,0,0,55,1,56,0,18,71,2,91,60,0,60,151
12/23/2003,EWN,NC,ASO,EN,Federal Contract Tower,0,28,19,2,49,0,7,8,2,17,0,35,27,4,66,12,0,12,78
12/24/2003,EWN,NC,ASO,EN,Federal Contract Tower,0,19,13,0,32,0,7,3,0,10,0,26,16,0,42,0,0,0,42
12/25/2003,EWN,NC,ASO,EN,Federal Contract Tower,0,12,8,0,20,0,1,15,0,16,0,13,23,0,36,0,0,0,36
12/26/2003,EWN,NC,ASO,EN,Federal Contract Tower,0,17,11,0,28,0,2,45,0,47,0,19,56,0,75,32,0,32,107
12/27/2003,EWN,NC,ASO,EN,Federal Contract Tower,0,14,9,0,23,0,2,68,0,70,0,16,77,0,93,84,0,84,177
12/28/2003,EWN,NC,ASO,EN,Federal Contract Tower,0,13,10,0,23,0,0,53,0,53,0,13,63,0,76,80,0,80,156
12/29/2003,EWN,NC,ASO,EN,Federal Contract Tower,0,20,14,1,35,0,0,33,5,38,0,20,47,6,73,38,0,38,111
12/30/2003,EWN,NC,ASO,EN,Federal Contract Tower,0,23,15,1,39,0,1,17,9,27,0,24,32,10,66,10,8,18,84
12/31/2003,EWN,NC,ASO,EN,Federal Contract Tower,0,17,12,0,29,0,6,47,0,53,0,23,59,0,82,72,0,72,154
01/01/2004,EWN,NC,ASO,EN,Federal Contract Tower,0,12,7,0,19,0,2,51,0,53,0,14,58,0,72,110,0,110,182
01/02/2004,EWN,NC,ASO,EN,Federal Contract Tower,0,18,12,3,33,0,5,45,1,51,0,23,57,4,84,50,0,50,134
01/03/2004,EWN,NC,ASO,EN,Federal Contract Tower,0,14,17,4,35,0,0,81,4,85,0,14,98,8,120,68,2,70,190
01/04/2004,EWN,NC,ASO,EN,Federal Contract Tower,0,13,7,0,20,0,0,18,0,18,0,13,25,0,38,8,0,8,46
01/05/2004,EWN,NC,ASO,EN,Federal Contract Tower,0,13,8,0,21,0,5,9,0,14,0,18,17,0,35,0,0,0,35
01/06/2004,EWN,NC,ASO,EN,Federal Contract Tower,0,20,11,4,35,0,1,27,0,28,0,21,38,4,63,48,0,48,111
01/07/2004,EWN,NC,ASO,EN,Federal Contract Tower,0,21,13,2,36,0,4,36,0,40,0,25,49,2,76,4,0,4,80
01/08/2004,EWN,NC,ASO,EN,Federal Contract Tower,0,26,16,4,46,0,0,54,0,54,0,26,70,4,100,102,0,102,202
01/09/2004,EWN,NC,ASO,EN,Federal Contract Tower,0,14,3,0,17,0,8,0,0,8,0,22,3,0,25,0,0,0,25
01/10/2004,EWN,NC,ASO,EN,Federal Contract Tower,0,16,9,2,27,0,3,7,0,10,0,19,16,2,37,6,0,6,43
01/11/2004,EWN,NC,ASO,EN,Federal Contract Tower,0,14,9,3,26,0,2,42,1,45,0,16,51,4,71,22,0,22,93
01/12/2004,EWN,NC,ASO,EN,Federal Contract Tower,0,14,9,3,26,0,5,31,1,37,0,19,40,4,63,38,0,38,101
01/13/2004,EWN,NC,ASO,EN,Federal Contract Tower,0,22,17,5,44,0,0,35,13,48,0,22,52,18,92,34,0,34,126
01/14/2004,EWN,NC,ASO,EN,Federal Contract Tower,0,25,16,5,46,0,0,18,13,31,0,25,34,18,77,8,0,8,85
01/15/2004,EWN,NC,ASO,EN,Federal Contract Tower,0,21,10,4,35,0,1,18,0,19,0,22,28,4,54,18,0,18,72
01/16/2004,EWN,NC,ASO,EN,Federal Contract Tower,0,22,13,4,39,0,0,37,4,41,0,22,50,8,80,26,0,26,106
01/17/2004,EWN,NC,ASO,EN,Federal Contract Tower,0,16,12,4,32,0,0,61,0,61,0,16,73,4,93,82,0,82,175
01/18/2004,EWN,NC,ASO,EN,Federal Contract Tower,0,11,5,0,16,0,3,3,0,6,0,14,8,0,22,2,0,2,24
01/19/2004,EWN,NC,ASO,EN,Federal Contract Tower,0,15,8,0,23,0,4,28,0,32,0,19,36,0,55,88,0,88,143
01/20/2004,EWN,NC,ASO,EN,Federal Contract Tower,0,26,15,3,44,0,1,41,0,42,0,27,56,3,86,4,0,4,90
01/21/2004,EWN,NC,ASO,EN,Federal Contract Tower,0,22,14,4,40,0,0,44,2,46,0,22,58,6,86,40,0,40,126
01/22/2004,EWN,NC,ASO,EN,Federal Contract Tower,0,25,14,3,42,0,0,45,0,45,0,25,59,3,87,92,0,92,179
01/23/2004,EWN,NC,ASO,EN,Federal Contract Tower,0,18,10,2,30,0,6,18,2,26,0,24,28,4,56,22,8,30,86
01/24/2004,EWN,NC,ASO,EN,Federal Contract Tower,0,22,15,4,41,0,0,75,4,79,0,22,90,8,120,154,0,154,274
01/25/2004,EWN,NC,ASO,EN,Federal Contract Tower,0,13,7,2,22,3,0,1,0,4,3,13,8,2,26,0,0,0,26
01/26/2004,EWN,NC,ASO,EN,Federal Contract Tower,0,5,0,0,5,1,2,0,0,3,1,7,0,0,8,0,0,0,8
01/27/2004,EWN,NC,ASO,EN,Federal Contract Tower,0,13,2,0,15,0,6,0,0,6,0,19,2,0,21,0,0,0,21
01/28/2004,EWN,NC,ASO,EN,Federal Contract Tower,0,26,14,0,40,0,1,14,0,15,0,27,28,0,55,0,0,0,55
01/29/2004,EWN,NC,ASO,EN,Federal Contract Tower,0,25,20,5,50,0,0,39,9,48,0,25,59,14,98,48,0,48,146
01/30/2004,EWN,NC,ASO,EN,Federal Contract Tower,0,23,14,4,41,0,0,18,4,22,0,23,32,8,63,22,0,22,85
01/31/2004,EWN,NC,ASO,EN,Federal Contract Tower,0,17,12,0,29,0,0,54,0,54,0,17,66,0,83,52,0,52,135
02/01/2004,EWN,NC,ASO,EN,Federal Contract Tower,0,13,12,2,27,0,0,40,0,40,0,13,52,2,67,64,0,64,131
02/02/2004,EWN,NC,ASO,EN,Federal Contract Tower,0,19,13,2,34,0,1,13,4,18,0,20,26,6,52,28,0,28,80
02/03/2004,EWN,NC,ASO,EN,Federal Contract Tower,0,23,15,2,40,0,0,14,0,14,0,23,29,2,54,8,0,8,62
02/04/2004,EWN,NC,ASO,EN,Federal Contract Tower,0,22,15,0,37,0,0,61,0,61,0,22,76,0,98,118,0,118,216
02/05/2004,EWN,NC,ASO,EN,Federal Contract Tower,0,23,18,3,44,0,0,29,5,34,0,23,47,8,78,36,32,68,146
02/06/2004,EWN,NC,ASO,EN,Federal Contract Tower,0,23,14,3,40,0,0,8,5,13,0,23,22,8,53,14,0,14,67
02/07/2004,EWN,NC,ASO,EN,Federal Contract Tower,0,16,10,0,26,0,4,22,0,26,0,20,32,0,52,26,0,26,78
02/08/2004,EWN,NC,ASO,EN,Federal Contract Tower,0,15,10,0,25,0,0,53,0,53,0,15,63,0,78,32,0,32,110
02/09/2004,EWN,NC,ASO,EN,Federal Contract Tower,0,18,12,2,32,0,0,30,0,30,0,18,42,2,62,6,0,6,68
02/10/2004,EWN,NC,ASO,EN,Federal Contract Tower,0,19,13,2,34,0,3,7,4,14,0,22,20,6,48,40,0,40,88
02/11/2004,EWN,NC,ASO,EN,Federal Contract Tower,0,16,11,0,27,0,5,44,0,49,0,21,55,0,76,72,0,72,148
02/12/2004,EWN,NC,ASO,EN,Federal Contract Tower,0,16,7,0,23,0,7,0,0,7,0,23,7,0,30,0,0,0,30
02/13/2004,EWN,NC,ASO,EN,Federal Contract Tower,0,23,13,0,36,0,0,35,0,35,0,23,48,0,71,20,0,20,91
02/14/2004,EWN,NC,ASO,EN,Federal Contract Tower,0,13,7,0,20,0,1,7,0,8,0,14,14,0,28,18,0,18,46
02/15/2004,EWN,NC,ASO,EN,Federal Contract Tower,0,10,5,0,15,0,4,0,0,4,0,14,5,0,19,0,0,0,19
02/16/2004,EWN,NC,ASO,EN,Federal Contract Tower,0,12,8,0,20,0,0,17,0,17,0,12,25,0,37,0,0,0,37
02/17/2004,EWN,NC,ASO,EN,Federal Contract Tower,0,18,4,1,23,0,4,0,3,7,0,22,4,4,30,0,0,0,30
02/18/2004,EWN,NC,ASO,EN,Federal Contract Tower,0,23,13,0,36,0,2,17,0,19,0,25,30,0,55,18,0,18,73
02/19/2004,EWN,NC,ASO,EN,Federal Contract Tower,0,20,17,2,39,0,0,57,2,59,0,20,74,4,98,26,0,26,124
02/20/2004,EWN,NC,ASO,EN,Federal Contract Tower,0,25,16,2,43,0,0,33,13,46,0,25,49,15,89,24,26,50,139
02/21/2004,EWN,NC,ASO,EN,Federal Contract Tower,0,15,9,1,25,0,1,40,1,42,0,16,49,2,67,6,0,6,73
02/22/2004,EWN,NC,ASO,EN,Federal Contract Tower,0,15,11,0,26,0,0,95,0,95,0,15,106,0,121,68,0,68,189
02/23/2004,EWN,NC,ASO,EN,Federal Contract Tower,0,18,13,1,32,0,0,57,1,58,0,18,70,2,90,40,22,62,152
02/24/2004,EWN,NC,ASO,EN,Federal Contract Tower,0,25,15,0,40,0,2,1,0,3,0,27,16,0,43,0,0,0,43
02/25/2004,EWN,NC,ASO,EN,Federal Contract Tower,0,21,13,1,35,0,3,24,5,32,0,24,37,6,67,0,0,0,67
02/26/2004,EWN,NC,ASO,EN,Federal Contract Tower,0,23,8,2,33,0,3,0,6,9,0,26,8,8,42,0,0,0,42
02/27/2004,EWN,NC,ASO,EN,Federal Contract Tower,0,17,7,0,24,0,8,0,0,8,0,25,7,0,32,0,0,0,32
02/28/2004,EWN,NC,ASO,EN,Federal Contract Tower,0,16,10,0,26,0,0,52,0,52,0,16,62,0,78,88,0,88,166
02/29/2004,EWN,NC,ASO,EN,Federal Contract Tower,0,13,13,1,27,0,0,82,0,82,0,13,95,1,109,100,0,100,209
03/01/2004,EWN,NC,ASO,EN,Federal Contract Tower,0,18,27,0,45,0,0,13,0,13,0,18,40,0,58,30,0,30,88
03/02/2004,EWN,NC,ASO,EN,Federal Contract Tower,0,16,15,2,33,0,6,20,6,32,0,22,35,8,65,2,0,2,67
03/03/2004,EWN,NC,ASO,EN,Federal Contract Tower,0,22,28,4,54,0,0,89,1,90,0,22,117,5,144,48,0,48,192
03/04/2004,EWN,NC,ASO,EN,Federal Contract Tower,0,22,21,0,43,0,3,54,0,57,0,25,75,0,100,42,0,42,142
03/05/2004,EWN,NC,ASO,EN,Federal Contract Tower,0,21,20,3,44,0,6,32,3,41,0,27,52,6,85,66,0,66,151
03/06/2004,EWN,NC,ASO,EN,Federal Contract Tower,0,9,5,0,14,0,7,0,0,7,0,16,5,0,21,0,0,0,21
03/07/2004,EWN,NC,ASO,EN,Federal Contract Tower,0,15,15,0,30,0,3,44,0,47,0,18,59,0,77,76,0,76,153
03/08/2004,EWN,NC,ASO,EN,Federal Contract Tower,0,15,14,0,29,0,3,24,0,27,0,18,38,0,56,0,0,0,56
03/09/2004,EWN,NC,ASO,EN,Federal Contract Tower,0,22,20,3,45,0,0,41,3,44,0,22,61,6,89,26,0,26,115
03/10/2004,EWN,NC,ASO,EN,Federal Contract Tower,0,18,16,2,36,0,6,4,4,14,0,24,20,6,50,10,0,10,60
03/11/2004,EWN,NC,ASO,EN,Federal Contract Tower,0,22,19,0,41,0,0,42,0,42,0,22,61,0,83,56,0,56,139
03/12/2004,EWN,NC,ASO,EN,Federal Contract Tower,0,20,17,2,39,0,2,44,0,46,0,22,61,2,85,50,0,50,135
03/13/2004,EWN,NC,ASO,EN,Federal Contract Tower,0,16,21,0,37,0,0,87,0,87,0,16,108,0,124,94,0,94,218
03/14/2004,EWN,NC,ASO,EN,Federal Contract Tower,0,13,11,0,24,0,0,54,0,54,0,13,65,0,78,70,0,70,148
03/15/2004,EWN,NC,ASO,EN,Federal Contract Tower,0,18,18,1,37,0,0,8,1,9,0,18,26,2,46,0,0,0,46
03/16/2004,EWN,NC,ASO,EN,Federal Contract Tower,0,19,17,0,36,0,4,0,0,4,0,23,17,0,40,0,0,0,40
03/17/2004,EWN,NC,ASO,EN,Federal Contract Tower,0,22,27,2,51,0,0,9,4,13,0,22,36,6,64,4,0,4,68
03/18/2004,EWN,NC,ASO,EN,Federal Contract Tower,0,22,19,2,43,0,1,35,2,38,0,23,54,4,81,12,0,12,93
03/19/2004,EWN,NC,ASO,EN,Federal Contract Tower,0,21,18,2,41,0,1,46,2,49,0,22,64,4,90,44,0,44,134
03/20/2004,EWN,NC,ASO,EN,Federal Contract Tower,0,11,9,0,20,0,4,49,0,53,0,15,58,0,73,60,0,60,133
03/21/2004,EWN,NC,ASO,EN,Federal Contract Tower,0,13,11,1,25,0,0,16,1,17,0,13,27,2,42,8,0,8,50
03/22/2004,EWN,NC,ASO,EN,Federal Contract Tower,0,19,20,2,41,0,0,49,2,51,0,19,69,4,92,54,0,54,146
03/23/2004,EWN,NC,ASO,EN,Federal Contract Tower,0,24,22,0,46,0,1,44,0,45,0,25,66,0,91,18,0,18,109
03/24/2004,EWN,NC,ASO,EN,Federal Contract Tower,0,24,23,2,49,0,0,41,6,47,0,24,64,8,96,62,14,76,172
03/25/2004,EWN,NC,ASO,EN,Federal Contract Tower,0,21,18,2,41,0,9,27,0,36,0,30,45,2,77,60,0,60,137
03/26/2004,EWN,NC,ASO,EN,Federal Contract Tower,0,22,21,2,45,0,0,46,4,50,0,22,67,6,95,106,0,106,201
03/27/2004,EWN,NC,ASO,EN,Federal Contract Tower,0,14,13,1,28,0,2,56,4,62,0,16,69,5,90,88,8,96,186
03/28/2004,EWN,NC,ASO,EN,Federal Contract Tower,0,13,21,0,34,0,0,51,0,51,0,13,72,0,85,10,0,10,95
03/29/2004,EWN,NC,ASO,EN,Federal Contract Tower,0,20,18,1,39,0,2,18,3,23,0,22,36,4,62,0,0,0,62
03/30/2004,EWN,NC,ASO,EN,Federal Contract Tower,0,26,24,2,52,0,0,22,12,34,0,26,46,14,86,24,4,28,114
03/31/2004,EWN,NC,ASO,EN,Federal Contract Tower,0,23,20,2,45,0,1,10,2,13,0,24,30,4,58,0,0,0,58
04/01/2004,EWN,NC,ASO,EN,Federal Contract Tower,0,17,14,1,32,0,10,11,5,26,0,27,25,6,58,26,2,28,86
04/02/2004,EWN,NC,ASO,EN,Federal Contract Tower,0,24,20,1,45,0,1,36,3,40,0,25,56,4,85,58,0,58,143
04/03/2004,EWN,NC,ASO,EN,Federal Contract Tower,0,16,15,0,31,2,0,35,0,37,2,16,50,0,68,42,0,42,110
04/04/2004,EWN,NC,ASO,EN,Federal Contract Tower,0,13,11,0,24,0,2,25,0,27,0,15,36,0,51,4,0,4,55
04/05/2004,EWN,NC,ASO,EN,Federal Contract Tower,0,19,17,0,36,0,0,35,0,35,0,19,52,0,71,6,0,6,77
04/06/2004,EWN,NC,ASO,EN,Federal Contract Tower,0,21,21,2,44,0,0,55,8,63,0,21,76,10,107,32,0,32,139
04/07/2004,EWN,NC,ASO,EN,Federal Contract Tower,0,21,24,2,47,0,0,67,2,69,0,21,91,4,116,40,0,40,156
04/08/2004,EWN,NC,ASO,EN,Federal Contract Tower,0,20,19,2,41,0,0,42,0,42,0,20,61,2,83,12,0,12,95
04/09/2004,EWN,NC,ASO,EN,Federal Contract Tower,0,22,27,2,51,0,0,59,0,59,0,22,86,2,110,24,0,24,134
04/10/2004,EWN,NC,ASO,EN,Federal Contract Tower,0,18,23,0,41,0,0,75,0,75,0,18,98,0,116,118,0,118,234
04/11/2004,EWN,NC,ASO,EN,Federal Contract Tower,0,9,7,0,16,0,4,5,0,9,0,13,12,0,25,8,0,8,33
04/12/2004,EWN,NC,ASO,EN,Federal Contract Tower,0,18,14,2,34,0,1,4,2,7,0,19,18,4,41,0,0,0,41
04/13/2004,EWN,NC,ASO,EN,Federal Contract Tower,0,19,15,0,34,0,8,2,0,10,0,27,17,0,44,0,0,0,44
04/14/2004,EWN,NC,ASO,EN,Federal Contract Tower,0,27,27,2,56,0,0,23,10,33,0,27,50,12,89,58,0,58,147
04/15/2004,EWN,NC,ASO,EN,Federal Contract Tower,0,17,14,0,31,0,7,41,0,48,0,24,55,0,79,74,0,74,153
04/16/2004,EWN,NC,ASO,EN,Federal Contract Tower,0,25,22,0,47,0,1,58,0,59,0,26,80,0,106,70,0,70,176
04/17/2004,EWN,NC,ASO,EN,Federal Contract Tower,0,18,17,2,37,0,0,67,2,69,0,18,84,4,106,148,0,148,254
04/18/2004,EWN,NC,ASO,EN,Federal Contract Tower,0,12,11,1,24,0,3,50,1,54,0,15,61,2,78,36,0,36,114
04/19/2004,EWN,NC,ASO,EN,Federal Contract Tower,0,20,18,1,39,0,0,45,3,48,0,20,63,4,87,50,0,50,137
04/20/2004,EWN,NC,ASO,EN,Federal Contract Tower,0,16,13,0,29,0,6,21,6,33,0,22,34,6,62,26,0,26,88
04/21/2004,EWN,NC,ASO,EN,Federal Contract Tower,0,23,18,0,41,0,2,54,0,56,0,25,72,0,97,86,0,86,183
04/22/2004,EWN,NC,ASO,EN,Federal Contract Tower,0,20,15,1,36,0,4,32,3,39,0,24,47,4,75,12,0,12,87
04/23/2004,EWN,NC,ASO,EN,Federal Contract Tower,0,20,15,1,36,0,1,63,7,71,0,21,78,8,107,42,0,42,149
04/24/2004,EWN,NC,ASO,EN,Federal Contract Tower,0,17,14,0,31,0,0,74,0,74,0,17,88,0,105,100,0,100,205
04/25/2004,EWN,NC,ASO,EN,Federal Contract Tower,0,13,14,0,27,0,0,38,10,48,0,13,52,10,75,6,0,6,81
04/26/2004,EWN,NC,ASO,EN,Federal Contract Tower,0,14,11,0,25,0,3,26,2,31,0,17,37,2,56,4,0,4,60
04/27/2004,EWN,NC,ASO,EN,Federal Contract Tower,0,21,16,1,38,0,2,28,1,31,0,23,44,2,69,56,0,56,125
04/28/2004,EWN,NC,ASO,EN,Federal Contract Tower,0,22,19,1,42,0,0,77,11,88,0,22,96,12,130,108,0,108,238
04/29/2004,EWN,NC,ASO,EN,Federal Contract Tower,0,22,21,1,44,0,0,34,25,59,0,22,55,26,103,16,0,16,119
04/30/2004,EWN,NC,ASO,EN,Federal Contract Tower,0,18,14,1,33,0,5,57,7,69,0,23,71,8,102,32,0,32,134
05/01/2004,EWN,NC,ASO,EN,Federal Contract Tower,0,17,14,2,33,0,0,9,8,17,0,17,23,10,50,12,0,12,62
05/02/2004,EWN,NC,ASO,EN,Federal Contract Tower,0,10,8,0,18,0,2,2,0,4,0,12,10,0,22,6,0,6,28
05/03/2004,EWN,NC,ASO,EN,Federal Contract Tower,0,18,16,0,34,0,0,2,0,2,0,18,18,0,36,4,0,4,40
05/04/2004,EWN,NC,ASO,EN,Federal Contract Tower,0,20,18,3,41,0,0,45,7,52,0,20,63,10,93,74,0,74,167
05/05/2004,EWN,NC,ASO,EN,Federal Contract Tower,0,23,18,3,44,0,1,43,5,49,0,24,61,8,93,96,0,96,189
05/06/2004,EWN,NC,ASO,EN,Federal Contract Tower,0,22,20,3,45,0,0,45,16,61,0,22,65,19,106,80,22,102,208
05/07/2004,EWN,NC,ASO,EN,Federal Contract Tower,0,25,21,0,46,0,0,61,0,61,0,25,82,0,107,42,0,42,149
05/08/2004,EWN,NC,ASO,EN,Federal Contract Tower,0,15,11,2,28,0,1,50,0,51,0,16,61,2,79,112,0,112,191
05/09/2004,EWN,NC,ASO,EN,Federal Contract Tower,0,12,9,2,23,0,1,42,0,43,0,13,51,2,66,26,0,26,92
05/10/2004,EWN,NC,ASO,EN,Federal Contract Tower,0,16,17,3,36,0,0,49,15,64,0,16,66,18,100,0,0,0,100
05/11/2004,EWN,NC,ASO,EN,Federal Contract Tower,0,25,19,3,47,0,1,26,1,28,0,26,45,4,75,42,0,42,117
05/12/2004,EWN,NC,ASO,EN,Federal Contract Tower,0,18,14,2,34,0,5,40,2,47,0,23,54,4,81,114,0,114,195
05/13/2004,EWN,NC,ASO,EN,Federal Contract Tower,0,20,16,2,38,0,1,33,9,43,0,21,49,11,81,44,16,60,141
05/14/2004,EWN,NC,ASO,EN,Federal Contract Tower,0,19,16,2,37,0,3,67,0,70,0,22,83,2,107,80,2,82,189
05/15/2004,EWN,NC,ASO,EN,Federal Contract Tower,0,12,10,0,22,0,7,37,0,44,0,19,47,0,66,50,0,50,116
05/16/2004,EWN,NC,ASO,EN,Federal Contract Tower,0,14,9,0,23,0,1,65,0,66,0,15,74,0,89,82,0,82,171
05/17/2004,EWN,NC,ASO,EN,Federal Contract Tower,0,18,16,2,36,0,0,67,0,67,0,18,83,2,103,136,0,136,239
05/18/2004,EWN,NC,ASO,EN,Federal Contract Tower,0,22,17,2,41,0,0,52,3,55,0,22,69,5,96,52,0,52,148
05/19/2004,EWN,NC,ASO,EN,Federal Contract Tower,0,22,20,2,44,0,0,43,2,45,0,22,63,4,89,20,0,20,109
05/20/2004,EWN,NC,ASO,EN,Federal Contract Tower,0,19,14,1,34,0,4,49,5,58,0,23,63,6,92,70,0,70,162
05/21/2004,EWN,NC,ASO,EN,Federal Contract Tower,0,20,21,0,41,0,0,47,0,47,0,20,68,0,88,32,0,32,120
05/22/2004,EWN,NC,ASO,EN,Federal Contract Tower,0,13,9,1,23,0,1,63,3,67,0,14,72,4,90,62,0,62,152
05/23/2004,EWN,NC,ASO,EN,Federal Contract Tower,0,12,8,0,20,0,1,45,0,46,0,13,53,0,66,40,0,40,106
05/24/2004,EWN,NC,ASO,EN,Federal Contract Tower,0,21,19,2,42,0,0,61,2,63,0,21,80,4,105,142,2,144,249
05/25/2004,EWN,NC,ASO,EN,Federal Contract Tower,0,24,17,2,43,0,7,48,5,60,0,31,65,7,103,88,0,88,191
05/26/2004,EWN,NC,ASO,EN,Federal Contract Tower,0,25,18,0,43,0,0,66,0,66,0,25,84,0,109,62,0,62,171
05/27/2004,EWN,NC,ASO,EN,Federal Contract Tower,0,30,23,2,55,0,5,38,0,43,0,35,61,2,98,68,16,84,182
05/28/2004,EWN,NC,ASO,EN,Federal Contract Tower,0,23,18,0,41,0,0,44,0,44,0,23,62,0,85,8,0,8,93
05/29/2004,EWN,NC,ASO,EN,Federal Contract Tower,0,19,16,0,35,0,0,38,0,38,0,19,54,0,73,12,0,12,85
05/30/2004,EWN,NC,ASO,EN,Federal Contract Tower,0,12,10,0,22,0,0,17,0,17,0,12,27,0,39,22,0,22,61
05/31/2004,EWN,NC,ASO,EN,Federal Contract Tower,0,12,11,0,23,0,0,37,0,37,0,12,48,0,60,60,0,60,120
06/01/2004,EWN,NC,ASO,EN,Federal Contract Tower,0,16,16,1,33,0,4,55,1,60,0,20,71,2,93,96,0,96,189
06/02/2004,EWN,NC,ASO,EN,Federal Contract Tower,0,19,19,0,38,0,6,45,0,51,0,25,64,0,89,104,0,104,193
06/03/2004,EWN,NC,ASO,EN,Federal Contract Tower,0,20,19,2,41,0,4,52,10,66,0,24,71,12,107,80,2,82,189
06/04/2004,EWN,NC,ASO,EN,Federal Contract Tower,0,24,24,2,50,0,2,28,0,30,0,26,52,2,80,40,0,40,120
06/05/2004,EWN,NC,ASO,EN,Federal Contract Tower,0,16,24,2,42,0,0,42,6,48,0,16,66,8,90,66,0,66,156
06/06/2004,EWN,NC,ASO,EN,Federal Contract Tower,0,16,19,0,35,0,0,38,0,38,0,16,57,0,73,60,0,60,133
06/07/2004,EWN,NC,ASO,EN,Federal Contract Tower,0,25,25,3,53,0,0,30,3,33,0,25,55,6,86,32,0,32,118
06/08/2004,EWN,NC,ASO,EN,Federal Contract Tower,0,19,18,2,39,0,6,21,4,31,0,25,39,6,70,34,0,34,104
06/09/2004,EWN,NC,ASO,EN,Federal Contract Tower,0,18,23,2,43,0,0,46,6,52,0,18,69,8,95,40,0,40,135
06/10/2004,EWN,NC,ASO,EN,Federal Contract Tower,0,20,19,2,41,0,1,41,4,46,0,21,60,6,87,84,0,84,171
06/11/2004,EWN,NC,ASO,EN,Federal Contract Tower,0,28,37,3,68,0,0,65,7,72,0,28,102,10,140,54,0,54,194
06/12/2004,EWN,NC,ASO,EN,Federal Contract Tower,0,16,15,2,33,0,4,21,8,33,0,20,36,10,66,26,0,26,92
06/13/2004,EWN,NC,ASO,EN,Federal Contract Tower,0,17,25,0,42,0,0,73,0,73,0,17,98,0,115,18,0,18,133
06/14/2004,EWN,NC,ASO,EN,Federal Contract Tower,0,17,18,2,37,0,0,44,10,54,0,17,62,12,91,46,0,46,137
06/15/2004,EWN,NC,ASO,EN,Federal Contract Tower,0,22,22,2,46,0,0,47,10,57,0,22,69,12,103,104,0,104,207
06/16/2004,EWN,NC,ASO,EN,Federal Contract Tower,0,19,19,2,40,0,7,73,6,86,0,26,92,8,126,54,0,54,180
06/17/2004,EWN,NC,ASO,EN,Federal Contract Tower,0,23,22,2,47,0,0,109,5,114,0,23,131,7,161,94,0,94,255
06/18/2004,EWN,NC,ASO,EN,Federal Contract Tower,0,24,23,1,48,0,0,43,9,52,0,24,66,10,100,56,0,56,156
06/19/2004,EWN,NC,ASO,EN,Federal Contract Tower,0,15,13,1,29,0,3,47,0,50,0,18,60,1,79,60,0,60,139
06/20/2004,EWN,NC,ASO,EN,Federal Contract Tower,0,19,18,1,38,0,0,45,1,46,0,19,63,2,84,82,0,82,166
06/21/2004,EWN,NC,ASO,EN,Federal Contract Tower,0,17,16,1,34,0,1,45,3,49,0,18,61,4,83,112,0,112,195
06/22/2004,EWN,NC,ASO,EN,Federal Contract Tower,0,22,21,0,43,0,1,29,0,30,0,23,50,0,73,26,0,26,99
06/23/2004,EWN,NC,ASO,EN,Federal Contract Tower,0,24,24,2,50,0,0,23,4,27,0,24,47,6,77,54,0,54,131
06/24/2004,EWN,NC,ASO,EN,Federal Contract Tower,0,21,19,0,40,0,2,30,0,32,0,23,49,0,72,70,0,70,142
06/25/2004,EWN,NC,ASO,EN,Federal Contract Tower,0,20,18,1,39,0,3,30,1,34,0,23,48,2,73,30,0,30,103
06/26/2004,EWN,NC,ASO,EN,Federal Contract Tower,0,17,20,0,37,0,0,34,0,34,0,17,54,0,71,40,0,40,111
06/27/2004,EWN,NC,ASO,EN,Federal Contract Tower,0,15,21,0,36,0,0,59,0,59,0,15,80,0,95,78,0,78,173
06/28/2004,EWN,NC,ASO,EN,Federal Contract Tower,0,18,16,1,35,0,1,16,1,18,0,19,32,2,53,8,0,8,61
06/29/2004,EWN,NC,ASO,EN,Federal Contract Tower,0,15,14,1,30,0,7,22,3,32,0,22,36,4,62,118,0,118,180
06/30/2004,EWN,NC,ASO,EN,Federal Contract Tower,0,24,23,1,48,0,1,37,5,43,0,25,60,6,91,124,0,124,215
07/01/2004,EWN,NC,ASO,EN,Federal Contract Tower,0,22,20,2,44,0,0,32,0,32,0,22,52,2,76,58,0,58,134
07/02/2004,EWN,NC,ASO,EN,Federal Contract Tower,0,19,17,0,36,0,3,53,0,56,0,22,70,0,92,24,0,24,116
07/03/2004,EWN,NC,ASO,EN,Federal Contract Tower,0,16,15,2,33,0,0,43,6,49,0,16,58,8,82,24,0,24,106
07/04/2004,EWN,NC,ASO,EN,Federal Contract Tower,0,10,9,0,19,0,1,38,0,39,0,11,47,0,58,6,0,6,64
07/05/2004,EWN,NC,ASO,EN,Federal Contract Tower,0,14,13,0,27,0,1,45,0,46,0,15,58,0,73,32,0,32,105
07/06/2004,EWN,NC,ASO,EN,Federal Contract Tower,0,17,15,0,32,0,4,66,0,70,0,21,81,0,102,74,0,74,176
07/07/2004,EWN,NC,ASO,EN,Federal Contract Tower,0,25,21,2,48,0,6,30,0,36,0,31,51,2,84,46,4,50,134
07/08/2004,EWN,NC,ASO,EN,Federal Contract Tower,0,21,18,2,41,0,2,41,0,43,0,23,59,2,84,50,0,50,134
07/09/2004,EWN,NC,ASO,EN,Federal Contract Tower,0,28,30,0,58,0,0,54,0,54,0,28,84,0,112,20,0,20,132
07/10/2004,EWN,NC,ASO,EN,Federal Contract Tower,0,20,17,2,39,0,1,43,0,44,0,21,60,2,83,40,0,40,123
07/11/2004,EWN,NC,ASO,EN,Federal Contract Tower,0,18,23,1,42,0,0,47,0,47,0,18,70,1,89,12,0,12,101
07/12/2004,EWN,NC,ASO,EN,Federal Contract Tower,0,19,17,3,39,0,0,12,16,28,0,19,29,19,67,36,10,46,113
07/13/2004,EWN,NC,ASO,EN,Federal Contract Tower,0,13,12,2,27,0,9,25,2,36,0,22,37,4,63,2,0,2,65
07/14/2004,EWN,NC,ASO,EN,Federal Contract Tower,0,19,16,3,38,0,3,23,6,32,0,22,39,9,70,4,0,4,74
07/15/2004,EWN,NC,ASO,EN,Federal Contract Tower,0,24,20,3,47,0,8,35,6,49,0,32,55,9,96,82,0,82,178
07/16/2004,EWN,NC,ASO,EN,Federal Contract Tower,0,22,22,2,46,0,0,47,12,59,0,22,69,14,105,20,0,20,125
07/17/2004,EWN,NC,ASO,EN,Federal Contract Tower,0,16,14,0,30,0,0,52,0,52,0,16,66,0,82,28,0,28,110
07/18/2004,EWN,NC,ASO,EN,Federal Contract Tower,0,18,15,2,35,0,1,18,0,19,0,19,33,2,54,26,0,26,80
07/19/2004,EWN,NC,ASO,EN,Federal Contract Tower,0,15,13,0,28,0,4,16,0,20,0,19,29,0,48,8,0,8,56
07/20/2004,EWN,NC,ASO,EN,Federal Contract Tower,0,18,15,0,33,0,4,26,0,30,0,22,41,0,63,12,0,12,75
07/21/2004,EWN,NC,ASO,EN,Federal Contract Tower,0,17,14,1,32,0,5,44,7,56,0,22,58,8,88,54,0,54,142
07/22/2004,EWN,NC,ASO,EN,Federal Contract Tower,0,30,24,3,57,0,1,31,7,39,0,31,55,10,96,32,0,32,128
07/23/2004,EWN,NC,ASO,EN,Federal Contract Tower,0,19,15,0,34,0,7,18,0,25,0,26,33,0,59,8,0,8,67
07/24/2004,EWN,NC,ASO,EN,Federal Contract Tower,0,17,17,0,34,0,0,32,0,32,0,17,49,0,66,84,0,84,150
07/25/2004,EWN,NC,ASO,EN,Federal Contract Tower,0,17,17,0,34,0,0,24,0,24,0,17,41,0,58,38,0,38,96
07/26/2004,EWN,NC,ASO,EN,Federal Contract Tower,0,19,18,2,39,0,0,36,8,44,0,19,54,10,83,172,0,172,255
07/27/2004,EWN,NC,ASO,EN,Federal Contract Tower,0,18,15,2,35,0,2,33,4,39,0,20,48,6,74,56,0,56,130
07/28/2004,EWN,NC,ASO,EN,Federal Contract Tower,0,25,24,3,52,0,0,9,6,15,0,25,33,9,67,4,0,4,71
07/29/2004,EWN,NC,ASO,EN,Federal Contract Tower,0,23,19,2,44,0,1,18,0,19,0,24,37,2,63,28,0,28,91
07/30/2004,EWN,NC,ASO,EN,Federal Contract Tower,0,26,21,2,49,0,2,37,6,45,0,28,58,8,94,70,0,70,164
07/31/2004,EWN,NC,ASO,EN,Federal Contract Tower,0,19,33,2,54,0,0,23,0,23,0,19,56,2,77,86,0,86,163
08/01/2004,EWN,NC,ASO,EN,Federal Contract Tower,0,13,21,0,34,0,0,8,0,8,0,13,29,0,42,44,0,44,86
08/02/2004,EWN,NC,ASO,EN,Federal Contract Tower,0,17,15,1,33,0,3,0,5,8,0,20,15,6,41,8,0,8,49
08/03/2004,EWN,NC,ASO,EN,Federal Contract Tower,0,14,13,0,27,0,8,1,0,9,0,22,14,0,36,20,0,20,56
08/04/2004,EWN,NC,ASO,EN,Federal Contract Tower,0,24,25,2,51,0,0,31,0,31,0,24,56,2,82,62,0,62,144
08/05/2004,EWN,NC,ASO,EN,Federal Contract Tower,0,24,22,0,46,0,2,33,0,35,0,26,55,0,81,56,0,56,137
08/06/2004,EWN,NC,ASO,EN,Federal Contract Tower,0,25,39,2,66,0,0,41,2,43,0,25,80,4,109,28,44,72,181
08/07/2004,EWN,NC,ASO,EN,Federal Contract Tower,0,19,20,0,39,0,0,64,0,64,0,19,84,0,103,80,0,80,183
08/08/2004,EWN,NC,ASO,EN,Federal Contract Tower,0,15,17,0,32,0,0,56,0,56,0,15,73,0,88,60,0,60,148
08/09/2004,EWN,NC,ASO,EN,Federal Contract Tower,0,20,20,2,42,0,0,56,0,56,0,20,76,2,98,90,0,90,188
08/10/2004,EWN,NC,ASO,EN,Federal Contract Tower,0,25,25,2,52,0,0,49,4,53,0,25,74,6,105,124,0,124,229
08/11/2004,EWN,NC,ASO,EN,Federal Contract Tower,0,21,20,1,42,0,6,33,3,42,0,27,53,4,84,130,0,130,214
08/12/2004,EWN,NC,ASO,EN,Federal Contract Tower,0,24,23,2,49,0,0,22,0,22,0,24,45,2,71,30,0,30,101
08/13/2004,EWN,NC,ASO,EN,Federal Contract Tower,0,23,21,0,44,0,1,19,0,20,0,24,40,0,64,10,0,10,74
08/14/2004,EWN,NC,ASO,EN,Federal Contract Tower,0,7,2,1,10,0,5,0,1,6,0,12,2,2,16,0,0,0,16
08/15/2004,EWN,NC,ASO,EN,Federal Contract Tower,0,13,12,0,25,0,2,1,0,3,0,15,13,0,28,0,0,0,28
08/16/2004,EWN,NC,ASO,EN,Federal Contract Tower,0,20,21,0,41,0,0,36,0,36,0,20,57,0,77,116,0,116,193
08/17/2004,EWN,NC,ASO,EN,Federal Contract Tower,0,19,19,1,39,0,6,48,1,55,0,25,67,2,94,130,0,130,224
08/18/2004,EWN,NC,ASO,EN,Federal Contract Tower,0,26,25,0,51,0,0,40,0,40,0,26,65,0,91,36,0,36,127
08/19/2004,EWN,NC,ASO,EN,Federal Contract Tower,0,23,20,1,44,0,0,49,3,52,0,23,69,4,96,36,0,36,132
08/20/2004,EWN,NC,ASO,EN,Federal Contract Tower,0,24,22,1,47,0,1,22,1,24,0,25,44,2,71,54,0,54,125
08/21/2004,EWN,NC,ASO,EN,Federal Contract Tower,0,18,20,0,38,0,0,29,0,29,0,18,49,0,67,2,0,2,69
08/22/2004,EWN,NC,ASO,EN,Federal Contract Tower,0,15,24,0,39,0,0,27,0,27,0,15,51,0,66,32,0,32,98
08/23/2004,EWN,NC,ASO,EN,Federal Contract Tower,0,19,20,0,39,0,0,45,10,55,0,19,65,10,94,6,12,18,112
08/24/2004,EWN,NC,ASO,EN,Federal Contract Tower,0,19,17,0,36,0,7,45,4,56,0,26,62,4,92,44,0,44,136
08/25/2004,EWN,NC,ASO,EN,Federal Contract Tower,0,25,23,0,48,0,0,51,0,51,0,25,74,0,99,40,0,40,139
08/26/2004,EWN,NC,ASO,EN,Federal Contract Tower,0,23,20,1,44,0,5,30,1,36,0,28,50,2,80,56,0,56,136
08/27/2004,EWN,NC,ASO,EN,Federal Contract Tower,0,21,19,0,40,0,4,24,0,28,0,25,43,0,68,36,0,36,104
08/28/2004,EWN,NC,ASO,EN,Federal Contract Tower,0,20,19,0,39,0,0,15,0,15,0,20,34,0,54,40,0,40,94
08/29/2004,EWN,NC,ASO,EN,Federal Contract Tower,0,15,14,0,29,0,0,16,4,20,0,15,30,4,49,30,0,30,79
08/30/2004,EWN,NC,ASO,EN,Federal Contract Tower,0,16,15,0,31,0,3,14,6,23,0,19,29,6,54,2,4,6,60
08/31/2004,EWN,NC,ASO,EN,Federal Contract Tower,0,20,19,0,39,0,5,16,0,21,0,25,35,0,60,46,0,46,106
09/01/2004,EWN,NC,ASO,EN,Federal Contract Tower,0,26,15,2,43,0,4,0,0,4,0,30,15,2,47,0,0,0,47
09/02/2004,EWN,NC,ASO,EN,Federal Contract Tower,0,23,13,3,39,0,1,75,3,79,0,24,88,6,118,78,0,78,196
09/03/2004,EWN,NC,ASO,EN,Federal Contract Tower,0,37,22,0,59,0,12,27,0,39,0,49,49,0,98,20,0,20,118
09/04/2004,EWN,NC,ASO,EN,Federal Contract Tower,0,33,19,0,52,0,12,37,0,49,0,45,56,0,101,62,0,62,163
09/05/2004,EWN,NC,ASO,EN,Federal Contract Tower,0,7,5,0,12,0,5,11,0,16,0,12,16,0,28,26,0,26,54
09/06/2004,EWN,NC,ASO,EN,Federal Contract Tower,0,28,17,0,45,0,11,4,0,15,0,39,21,0,60,6,0,6,66
09/07/2004,EWN,NC,ASO,EN,Federal Contract Tower,0,32,18,0,50,0,40,19,0,59,0,72,37,0,109,12,0,12,121
09/08/2004,EWN,NC,ASO,EN,Federal Contract Tower,0,37,22,2,61,0,16,11,0,27,0,53,33,2,88,0,0,0,88
09/09/2004,EWN,NC,ASO,EN,Federal Contract Tower,0,36,21,0,57,0,1,36,0,37,0,37,57,0,94,42,0,42,136
09/10/2004,EWN,NC,ASO,EN,Federal Contract Tower,0,23,18,3,44,0,0,54,5,59,0,23,72,8,103,82,0,82,185
09/11/2004,EWN,NC,ASO,EN,Federal Contract Tower,0,16,13,0,29,0,0,27,0,27,0,16,40,0,56,22,0,22,78
09/12/2004,EWN,NC,ASO,EN,Federal Contract Tower,0,13,10,0,23,0,0,53,0,53,0,13,63,0,76,64,0,64,140
09/13/2004,EWN,NC,ASO,EN,Federal Contract Tower,0,19,15,3,37,0,0,36,9,45,0,19,51,12,82,42,8,50,132
09/14/2004,EWN,NC,ASO,EN,Federal Contract Tower,0,20,14,0,34,0,0,26,0,26,0,20,40,0,60,34,0,34,94
09/15/2004,EWN,NC,ASO,EN,Federal Contract Tower,0,23,16,0,39,0,0,18,0,18,0,23,34,0,57,0,0,0,57
09/16/2004,EWN,NC,ASO,EN,Federal Contract Tower,0,29,16,2,47,0,2,9,1,12,0,31,25,3,59,52,0,52,111
09/17/2004,EWN,NC,ASO,EN,Federal Contract Tower,0,18,13,2,33,0,0,11,12,23,0,18,24,14,56,8,0,8,64
09/18/2004,EWN,NC,ASO,EN,Federal Contract Tower,0,15,7,0,22,0,4,0,0,4,0,19,7,0,26,0,0,0,26
09/19/2004,EWN,NC,ASO,EN,Federal Contract Tower,0,15,8,0,23,0,0,16,0,16,0,15,24,0,39,16,0,16,55
09/20/2004,EWN,NC,ASO,EN,Federal Contract Tower,0,18,16,2,36,0,0,43,3,46,0,18,59,5,82,22,0,22,104
09/21/2004,EWN,NC,ASO,EN,Federal Contract Tower,0,24,15,2,41,0,0,34,10,44,0,24,49,12,85,34,0,34,119
09/22/2004,EWN,NC,ASO,EN,Federal Contract Tower,0,22,19,3,44,0,0,5,7,12,0,22,24,10,56,8,0,8,64
09/23/2004,EWN,NC,ASO,EN,Federal Contract Tower,0,21,12,1,34,0,1,44,1,46,0,22,56,2,80,46,12,58,138
09/24/2004,EWN,NC,ASO,EN,Federal Contract Tower,0,28,20,3,51,0,0,53,5,58,0,28,73,8,109,26,18,44,153
09/25/2004,EWN,NC,ASO,EN,Federal Contract Tower,0,17,11,0,28,0,0,74,0,74,0,17,85,0,102,54,0,54,156
09/26/2004,EWN,NC,ASO,EN,Federal Contract Tower,0,15,9,0,24,0,0,25,0,25,0,15,34,0,49,22,0,22,71
09/27/2004,EWN,NC,ASO,EN,Federal Contract Tower,0,14,8,1,23,0,4,4,9,17,0,18,12,10,40,0,0,0,40
09/28/2004,EWN,NC,ASO,EN,Federal Contract Tower,0,20,12,1,33,0,0,4,7,11,0,20,16,8,44,0,24,24,68
09/29/2004,EWN,NC,ASO,EN,Federal Contract Tower,0,29,16,2,47,0,1,37,0,38,0,30,53,2,85,78,0,78,163
09/30/2004,EWN,NC,ASO,EN,Federal Contract Tower,0,23,14,2,39,0,0,114,4,118,0,23,128,6,157,66,0,66,223
10/01/2004,EWN,NC,ASO,EN,Federal Contract Tower,0,23,20,0,43,0,0,128,2,130,0,23,148,2,173,22,14,36,209
10/02/2004,EWN,NC,ASO,EN,Federal Contract Tower,0,18,9,5,32,0,0,117,0,117,0,18,126,5,149,36,0,36,185
10/03/2004,EWN,NC,ASO,EN,Federal Contract Tower,0,15,12,0,27,0,0,111,0,111,0,15,123,0,138,58,0,58,196
10/04/2004,EWN,NC,ASO,EN,Federal Contract Tower,0,21,19,2,42,0,0,56,7,63,0,21,75,9,105,32,6,38,143
10/05/2004,EWN,NC,ASO,EN,Federal Contract Tower,0,24,18,8,50,0,1,50,0,51,0,25,68,8,101,60,0,60,161
10/06/2004,EWN,NC,ASO,EN,Federal Contract Tower,0,25,19,8,52,0,1,65,0,66,0,26,84,8,118,42,0,42,160
10/07/2004,EWN,NC,ASO,EN,Federal Contract Tower,0,23,19,6,48,0,0,60,0,60,0,23,79,6,108,28,0,28,136
10/08/2004,EWN,NC,ASO,EN,Federal Contract Tower,0,23,29,0,52,0,0,69,0,69,0,23,98,0,121,16,0,16,137
10/09/2004,EWN,NC,ASO,EN,Federal Contract Tower,0,19,7,4,30,0,0,64,2,66,0,19,71,6,96,56,0,56,152
10/10/2004,EWN,NC,ASO,EN,Federal Contract Tower,0,14,6,0,20,0,0,56,0,56,0,14,62,0,76,136,0,136,212
10/11/2004,EWN,NC,ASO,EN,Federal Contract Tower,0,14,23,0,37,0,0,43,0,43,0,14,66,0,80,82,0,82,162
10/12/2004,EWN,NC,ASO,EN,Federal Contract Tower,0,22,15,0,37,0,0,38,4,42,0,22,53,4,79,60,14,74,153
10/13/2004,EWN,NC,ASO,EN,Federal Contract Tower,0,24,12,4,40,0,0,18,2,20,0,24,30,6,60,30,0,30,90
10/14/2004,EWN,NC,ASO,EN,Federal Contract Tower,0,26,17,2,45,0,0,16,0,16,0,26,33,2,61,26,0,26,87
10/15/2004,EWN,NC,ASO,EN,Federal Contract Tower,0,22,16,0,38,0,0,19,2,21,0,22,35,2,59,12,14,26,85
10/16/2004,EWN,NC,ASO,EN,Federal Contract Tower,0,18,8,0,26,0,2,44,0,46,0,20,52,0,72,54,0,54,126
10/17/2004,EWN,NC,ASO,EN,Federal Contract Tower,0,17,19,2,38,0,0,46,0,46,0,17,65,2,84,58,0,58,142
10/18/2004,EWN,NC,ASO,EN,Federal Contract Tower,0,18,18,2,38,0,0,34,0,34,0,18,52,2,72,28,0,28,100
10/19/2004,EWN,NC,ASO,EN,Federal Contract Tower,0,22,12,0,34,0,1,24,2,27,0,23,36,2,61,24,0,24,85
10/20/2004,EWN,NC,ASO,EN,Federal Contract Tower,0,23,20,8,51,0,0,8,2,10,0,23,28,10,61,2,0,2,63
10/21/2004,EWN,NC,ASO,EN,Federal Contract Tower,0,24,10,0,34,0,0,5,0,5,0,24,15,0,39,4,0,4,43
10/22/2004,EWN,NC,ASO,EN,Federal Contract Tower,0,27,21,2,50,0,0,26,0,26,0,27,47,2,76,8,0,8,84
10/23/2004,EWN,NC,ASO,EN,Federal Contract Tower,0,19,9,12,40,0,0,67,0,67,0,19,76,12,107,92,0,92,199
10/24/2004,EWN,NC,ASO,EN,Federal Contract Tower,0,15,19,0,34,0,0,16,0,16,0,15,35,0,50,38,0,38,88
10/25/2004,EWN,NC,ASO,EN,Federal Contract Tower,0,18,16,0,34,0,0,14,4,18,0,18,30,4,52,2,14,16,68
10/26/2004,EWN,NC,ASO,EN,Federal Contract Tower,0,23,23,6,52,0,0,48,0,48,0,23,71,6,100,32,2,34,134
10/27/2004,EWN,NC,ASO,EN,Federal Contract Tower,0,26,11,4,41,0,0,41,6,47,0,26,52,10,88,24,4,28,116
10/28/2004,EWN,NC,ASO,EN,Federal Contract Tower,0,22,12,12,46,0,0,27,6,33,0,22,39,18,79,54,8,62,141
10/29/2004,EWN,NC,ASO,EN,Federal Contract Tower,0,22,23,0,45,0,0,40,2,42,0,22,63,2,87,44,2,46,133
10/30/2004,EWN,NC,ASO,EN,Federal Contract Tower,0,18,20,0,38,0,0,33,0,33,0,18,53,0,71,50,0,50,121
10/31/2004,EWN,NC,ASO,EN,Federal Contract Tower,0,16,16,0,32,0,0,52,0,52,0,16,68,0,84,30,0,30,114
11/01/2004,EWN,NC,ASO,EN,Federal Contract Tower,0,18,6,6,30,0,0,34,0,34,0,18,40,6,64,40,0,40,104
11/02/2004,EWN,NC,ASO,EN,Federal Contract Tower,0,20,9,4,33,0,0,20,0,20,0,20,29,4,53,28,0,28,81
11/03/2004,EWN,NC,ASO,EN,Federal Contract Tower,0,22,29,2,53,0,0,22,4,26,0,22,51,6,79,40,4,44,123
11/04/2004,EWN,NC,ASO,EN,Federal Contract Tower,0,22,24,6,52,0,0,17,8,25,0,22,41,14,77,56,2,58,135
11/05/2004,EWN,NC,ASO,EN,Federal Contract Tower,0,22,8,4,34,0,0,58,0,58,0,22,66,4,92,56,0,56,148
11/06/2004,EWN,NC,ASO,EN,Federal Contract Tower,0,20,20,0,40,0,0,61,1,62,0,20,81,1,102,46,0,46,148
11/07/2004,EWN,NC,ASO,EN,Federal Contract Tower,0,13,17,0,30,0,0,43,2,45,0,13,60,2,75,44,0,44,119
11/08/2004,EWN,NC,ASO,EN,Federal Contract Tower,0,18,13,2,33,0,0,37,2,39,0,18,50,4,72,52,8,60,132
11/09/2004,EWN,NC,ASO,EN,Federal Contract Tower,0,22,21,4,47,0,0,39,8,47,0,22,60,12,94,36,2,38,132
11/10/2004,EWN,NC,ASO,EN,Federal Contract Tower,0,22,13,0,35,0,1,52,0,53,0,23,65,0,88,38,0,38,126
11/11/2004,EWN,NC,ASO,EN,Federal Contract Tower,0,21,12,0,33,0,0,50,0,50,0,21,62,0,83,42,0,42,125
11/12/2004,EWN,NC,ASO,EN,Federal Contract Tower,0,24,11,0,35,0,0,13,2,15,0,24,24,2,50,24,0,24,74
11/13/2004,EWN,NC,ASO,EN,Federal Contract Tower,0,21,12,0,33,0,0,6,0,6,0,21,18,0,39,0,0,0,39
11/14/2004,EWN,NC,ASO,EN,Federal Contract Tower,0,15,16,0,31,0,0,47,2,49,0,15,63,2,80,14,0,14,94
11/15/2004,EWN,NC,ASO,EN,Federal Contract Tower,0,19,23,4,46,0,0,30,2,32,0,19,53,6,78,46,2,48,126
11/16/2004,EWN,NC,ASO,EN,Federal Contract Tower,0,21,20,4,45,0,0,32,0,32,0,21,52,4,77,26,0,26,103
11/17/2004,EWN,NC,ASO,EN,Federal Contract Tower,0,22,14,6,42,0,0,47,0,47,0,22,61,6,89,104,28,132,221
11/18/2004,EWN,NC,ASO,EN,Federal Contract Tower,0,24,27,8,59,0,0,37,6,43,0,24,64,14,102,52,0,52,154
11/19/2004,EWN,NC,ASO,EN,Federal Contract Tower,0,26,12,0,38,0,0,37,2,39,0,26,49,2,77,32,16,48,125
11/20/2004,EWN,NC,ASO,EN,Federal Contract Tower,0,18,7,0,25,0,0,51,0,51,0,18,58,0,76,34,0,34,110
11/21/2004,EWN,NC,ASO,EN,Federal Contract Tower,0,14,11,0,25,0,0,18,0,18,0,14,29,0,43,28,0,28,71
11/22/2004,EWN,NC,ASO,EN,Federal Contract Tower,0,19,21,8,48,0,0,27,0,27,0,19,48,8,75,66,0,66,141
11/23/2004,EWN,NC,ASO,EN,Federal Contract Tower,0,24,25,0,49,0,0,7,0,7,0,24,32,0,56,36,0,36,92
11/24/2004,EWN,NC,ASO,EN,Federal Contract Tower,0,29,23,0,52,0,0,24,14,38,0,29,47,14,90,6,0,6,96
11/25/2004,EWN,NC,ASO,EN,Federal Contract Tower,0,16,7,0,23,0,0,8,0,8,0,16,15,0,31,0,0,0,31
11/26/2004,EWN,NC,ASO,EN,Federal Contract Tower,0,23,16,0,39,0,0,47,0,47,0,23,63,0,86,26,0,26,112
11/27/2004,EWN,NC,ASO,EN,Federal Contract Tower,0,13,10,2,25,0,0,9,0,9,0,13,19,2,34,14,0,14,48
11/28/2004,EWN,NC,ASO,EN,Federal Contract Tower,0,17,25,0,42,0,0,24,0,24,0,17,49,0,66,38,0,38,104
11/29/2004,EWN,NC,ASO,EN,Federal Contract Tower,0,20,15,0,35,0,0,37,0,37,0,20,52,0,72,64,0,64,136
11/30/2004,EWN,NC,ASO,EN,Federal Contract Tower,0,22,24,2,48,0,0,53,0,53,0,22,77,2,101,62,0,62,163
12/01/2004,EWN,NC,ASO,EN,Federal Contract Tower,0,22,8,6,36,0,0,10,6,16,0,22,18,12,52,20,0,20,72
12/02/2004,EWN,NC,ASO,EN,Federal Contract Tower,0,28,21,4,53,0,1,39,2,42,0,29,60,6,95,70,12,82,177
12/03/2004,EWN,NC,ASO,EN,Federal Contract Tower,0,21,12,0,33,0,1,42,0,43,0,22,54,0,76,74,0,74,150
12/04/2004,EWN,NC,ASO,EN,Federal Contract Tower,0,17,7,0,24,0,0,67,3,70,0,17,74,3,94,60,0,60,154
12/05/2004,EWN,NC,ASO,EN,Federal Contract Tower,0,15,8,0,23,0,0,60,0,60,0,15,68,0,83,48,0,48,131
12/06/2004,EWN,NC,ASO,EN,Federal Contract Tower,0,15,14,0,29,0,0,24,0,24,0,15,38,0,53,50,0,50,103
12/07/2004,EWN,NC,ASO,EN,Federal Contract Tower,0,25,20,0,45,0,0,19,2,21,0,25,39,2,66,36,0,36,102
12/08/2004,EWN,NC,ASO,EN,Federal Contract Tower,0,26,24,0,50,0,0,41,2,43,0,26,65,2,93,40,0,40,133
12/09/2004,EWN,NC,ASO,EN,Federal Contract Tower,0,20,12,2,34,0,0,8,1,9,0,20,20,3,43,22,0,22,65
12/10/2004,EWN,NC,ASO,EN,Federal Contract Tower,0,22,14,0,36,0,0,9,0,9,0,22,23,0,45,14,0,14,59
12/11/2004,EWN,NC,ASO,EN,Federal Contract Tower,0,17,15,0,32,0,0,40,1,41,0,17,55,1,73,70,0,70,143
12/12/2004,EWN,NC,ASO,EN,Federal Contract Tower,0,13,15,0,28,0,0,46,0,46,0,13,61,0,74,44,0,44,118
12/13/2004,EWN,NC,ASO,EN,Federal Contract Tower,0,21,17,0,38,0,0,45,2,47,0,21,62,2,85,104,0,104,189
12/14/2004,EWN,NC,ASO,EN,Federal Contract Tower,0,28,13,11,52,0,0,42,0,42,0,28,55,11,94,18,10,28,122
12/15/2004,EWN,NC,ASO,EN,Federal Contract Tower,0,24,10,0,34,0,0,30,2,32,0,24,40,2,66,26,0,26,92
12/16/2004,EWN,NC,ASO,EN,Federal Contract Tower,0,36,25,4,65,0,0,42,5,47,0,36,67,9,112,32,10,42,154
12/17/2004,EWN,NC,ASO,EN,Federal Contract Tower,0,34,11,0,45,0,0,44,2,46,0,34,55,2,91,8,0,8,99
12/18/2004,EWN,NC,ASO,EN,Federal Contract Tower,0,20,3,4,27,0,1,57,0,58,0,21,60,4,85,82,0,82,167
12/19/2004,EWN,NC,ASO,EN,Federal Contract Tower,0,14,2,0,16,0,0,19,0,19,0,14,21,0,35,18,0,18,53
12/20/2004,EWN,NC,ASO,EN,Federal Contract Tower,0,19,2,0,21,0,2,14,0,16,0,21,16,0,37,6,0,6,43
12/21/2004,EWN,NC,ASO,EN,Federal Contract Tower,0,25,11,1,37,0,0,36,1,37,0,25,47,2,74,20,20,40,114
12/22/2004,EWN,NC,ASO,EN,Federal Contract Tower,0,25,14,0,39,0,1,39,0,40,0,26,53,0,79,66,0,66,145
12/23/2004,EWN,NC,ASO,EN,Federal Contract Tower,0,22,11,0,33,0,0,6,0,6,0,22,17,0,39,0,0,0,39
12/24/2004,EWN,NC,ASO,EN,Federal Contract Tower,0,29,4,0,33,0,0,7,0,7,0,29,11,0,40,14,0,14,54
12/25/2004,EWN,NC,ASO,EN,Federal Contract Tower,0,14,3,0,17,0,0,20,0,20,0,14,23,0,37,2,0,2,39
12/26/2004,EWN,NC,ASO,EN,Federal Contract Tower,0,12,4,0,16,0,0,0,0,0,0,12,4,0,16,0,0,0,16
12/27/2004,EWN,NC,ASO,EN,Federal Contract Tower,0,27,13,0,40,0,1,20,0,21,0,28,33,0,61,22,0,22,83
12/28/2004,EWN,NC,ASO,EN,Federal Contract Tower,0,21,14,2,37,0,0,41,4,45,0,21,55,6,82,28,2,30,112
12/29/2004,EWN,NC,ASO,EN,Federal Contract Tower,0,22,7,2,31,0,0,38,0,38,0,22,45,2,69,56,0,56,125
12/30/2004,EWN,NC,ASO,EN,Federal Contract Tower,0,22,26,2,50,0,1,56,2,59,0,23,82,4,109,88,4,92,201
12/31/2004,EWN,NC,ASO,EN,Federal Contract Tower,0,26,6,0,32,0,0,51,0,51,0,26,57,0,83,46,0,46,129
01/01/2005,EWN,NC,ASO,EN,Federal Contract Tower,0,14,3,0,17,0,0,39,0,39,0,14,42,0,56,68,0,68,124
01/02/2005,EWN,NC,ASO,EN,Federal Contract Tower,0,16,9,0,25,0,0,43,0,43,0,16,52,0,68,52,0,52,120
01/03/2005,EWN,NC,ASO,EN,Federal Contract Tower,0,16,14,0,30,0,0,38,0,38,0,16,52,0,68,74,0,74,142
01/04/2005,EWN,NC,ASO,EN,Federal Contract Tower,0,22,16,2,40,0,1,43,0,44,0,23,59,2,84,78,0,78,162
01/05/2005,EWN,NC,ASO,EN,Federal Contract Tower,0,25,12,2,39,0,0,43,0,43,0,25,55,2,82,104,0,104,186
01/06/2005,EWN,NC,ASO,EN,Federal Contract Tower,0,24,13,6,43,0,0,42,0,42,0,24,55,6,85,78,0,78,163
01/07/2005,EWN,NC,ASO,EN,Federal Contract Tower,0,22,39,0,61,0,0,41,0,41,0,22,80,0,102,88,0,88,190
01/08/2005,EWN,NC,ASO,EN,Federal Contract Tower,0,22,16,0,38,0,0,13,0,13,0,22,29,0,51,6,0,6,57
01/09/2005,EWN,NC,ASO,EN,Federal Contract Tower,0,13,9,0,22,0,0,53,0,53,0,13,62,0,75,76,0,76,151
01/10/2005,EWN,NC,ASO,EN,Federal Contract Tower,0,18,15,2,35,0,0,32,0,32,0,18,47,2,67,96,0,96,163
01/11/2005,EWN,NC,ASO,EN,Federal Contract Tower,0,22,14,0,36,0,2,39,0,41,0,24,53,0,77,90,0,90,167
01/12/2005,EWN,NC,ASO,EN,Federal Contract Tower,0,26,16,2,44,0,0,35,0,35,0,26,51,2,79,62,0,62,141
01/13/2005,EWN,NC,ASO,EN,Federal Contract Tower,0,26,9,6,41,0,0,14,0,14,0,26,23,6,55,0,0,0,55
01/14/2005,EWN,NC,ASO,EN,Federal Contract Tower,0,25,19,0,44,0,0,4,0,4,0,25,23,0,48,0,0,0,48
01/15/2005,EWN,NC,ASO,EN,Federal Contract Tower,0,15,2,0,17,0,0,17,0,17,0,15,19,0,34,2,0,2,36
01/16/2005,EWN,NC,ASO,EN,Federal Contract Tower,0,15,9,2,26,0,0,1,0,1,0,15,10,2,27,0,0,0,27
01/17/2005,EWN,NC,ASO,EN,Federal Contract Tower,0,15,22,0,37,0,0,39,0,39,0,15,61,0,76,48,0,48,124
01/18/2005,EWN,NC,ASO,EN,Federal Contract Tower,0,21,13,2,36,0,0,22,0,22,0,21,35,2,58,12,0,12,70
01/19/2005,EWN,NC,ASO,EN,Federal Contract Tower,0,25,12,0,37,0,0,35,0,35,0,25,47,0,72,16,0,16,88
01/20/2005,EWN,NC,ASO,EN,Federal Contract Tower,0,25,17,0,42,0,0,65,4,69,0,25,82,4,111,28,0,28,139
01/21/2005,EWN,NC,ASO,EN,Federal Contract Tower,0,25,5,4,34,0,0,19,2,21,0,25,24,6,55,6,0,6,61
01/22/2005,EWN,NC,ASO,EN,Federal Contract Tower,0,15,6,0,21,0,0,20,0,20,0,15,26,0,41,40,0,40,81
01/23/2005,EWN,NC,ASO,EN,Federal Contract Tower,0,13,5,0,18,0,0,6,0,6,0,13,11,0,24,0,0,0,24
01/24/2005,EWN,NC,ASO,EN,Federal Contract Tower,0,18,17,0,35,0,0,29,4,33,0,18,46,4,68,40,0,40,108
01/25/2005,EWN,NC,ASO,EN,Federal Contract Tower,0,24,29,6,59,0,0,58,4,62,0,24,87,10,121,32,0,32,153
01/26/2005,EWN,NC,ASO,EN,Federal Contract Tower,0,29,21,6,56,0,0,32,2,34,0,29,53,8,90,24,0,24,114
01/27/2005,EWN,NC,ASO,EN,Federal Contract Tower,0,28,15,2,45,0,0,27,2,29,0,28,42,4,74,28,0,28,102
01/28/2005,EWN,NC,ASO,EN,Federal Contract Tower,0,28,12,0,40,0,0,30,2,32,0,28,42,2,72,12,0,12,84
01/29/2005,EWN,NC,ASO,EN,Federal Contract Tower,0,13,12,0,25,0,0,57,0,57,0,13,69,0,82,64,0,64,146
01/30/2005,EWN,NC,ASO,EN,Federal Contract Tower,0,19,4,0,23,0,0,4,0,4,0,19,8,0,27,12,0,12,39
01/31/2005,EWN,NC,ASO,EN,Federal Contract Tower,0,19,10,0,29,0,0,18,0,18,0,19,28,0,47,22,0,22,69
02/01/2005,EWN,NC,ASO,EN,Federal Contract Tower,0,25,7,0,32,0,0,21,4,25,0,25,28,4,57,44,0,44,101
02/02/2005,EWN,NC,ASO,EN,Federal Contract Tower,0,26,15,0,41,0,0,40,0,40,0,26,55,0,81,50,0,50,131
02/03/2005,EWN,NC,ASO,EN,Federal Contract Tower,0,24,18,2,44,0,0,6,3,9,0,24,24,5,53,18,0,18,71
02/04/2005,EWN,NC,ASO,EN,Federal Contract Tower,0,23,25,0,48,0,0,15,0,15,0,23,40,0,63,4,0,4,67
02/05/2005,EWN,NC,ASO,EN,Federal Contract Tower,0,17,7,0,24,0,1,46,0,47,0,18,53,0,71,44,0,44,115
02/06/2005,EWN,NC,ASO,EN,Federal Contract Tower,0,12,7,0,19,0,0,95,0,95,0,12,102,0,114,146,0,146,260
02/07/2005,EWN,NC,ASO,EN,Federal Contract Tower,0,19,23,2,44,0,0,33,0,33,0,19,56,2,77,0,0,0,77
02/08/2005,EWN,NC,ASO,EN,Federal Contract Tower,0,25,24,0,49,0,0,51,4,55,0,25,75,4,104,84,0,84,188
02/09/2005,EWN,NC,ASO,EN,Federal Contract Tower,0,24,19,0,43,0,0,26,0,26,0,24,45,0,69,42,0,42,111
02/10/2005,EWN,NC,ASO,EN,Federal Contract Tower,0,24,16,1,41,0,0,20,4,24,0,24,36,5,65,12,0,12,77
02/11/2005,EWN,NC,ASO,EN,Federal Contract Tower,0,26,33,0,59,0,0,44,0,44,0,26,77,0,103,14,0,14,117
02/12/2005,EWN,NC,ASO,EN,Federal Contract Tower,0,14,17,0,31,0,0,60,2,62,0,14,77,2,93,32,0,32,125
02/13/2005,EWN,NC,ASO,EN,Federal Contract Tower,0,16,13,0,29,0,0,64,0,64,0,16,77,0,93,142,0,142,235
02/14/2005,EWN,NC,ASO,EN,Federal Contract Tower,0,17,19,4,40,0,4,13,0,17,0,21,32,4,57,10,0,10,67
02/15/2005,EWN,NC,ASO,EN,Federal Contract Tower,0,23,19,4,46,0,1,31,6,38,0,24,50,10,84,10,0,10,94
02/16/2005,EWN,NC,ASO,EN,Federal Contract Tower,0,26,27,0,53,0,0,12,3,15,0,26,39,3,68,30,18,48,116
02/17/2005,EWN,NC,ASO,EN,Federal Contract Tower,0,22,17,10,49,0,0,46,4,50,0,22,63,14,99,24,0,24,123
02/18/2005,EWN,NC,ASO,EN,Federal Contract Tower,0,30,16,0,46,0,0,47,0,47,0,30,63,0,93,6,0,6,99
02/19/2005,EWN,NC,ASO,EN,Federal Contract Tower,0,16,17,0,33,0,0,70,0,70,0,16,87,0,103,62,0,62,165
02/20/2005,EWN,NC,ASO,EN,Federal Contract Tower,0,15,15,0,30,0,0,33,0,33,0,15,48,0,63,60,0,60,123
02/21/2005,EWN,NC,ASO,EN,Federal Contract Tower,0,16,27,0,43,0,0,10,0,10,0,16,37,0,53,8,0,8,61
02/22/2005,EWN,NC,ASO,EN,Federal Contract Tower,0,29,27,8,64,0,0,19,0,19,0,29,46,8,83,40,0,40,123
02/23/2005,EWN,NC,ASO,EN,Federal Contract Tower,0,27,25,4,56,0,0,43,0,43,0,27,68,4,99,32,0,32,131
02/24/2005,EWN,NC,ASO,EN,Federal Contract Tower,0,21,14,0,35,0,0,0,0,0,0,21,14,0,35,0,0,0,35
02/25/2005,EWN,NC,ASO,EN,Federal Contract Tower,0,28,22,2,52,0,1,33,0,34,0,29,55,2,86,86,0,86,172
02/26/2005,EWN,NC,ASO,EN,Federal Contract Tower,0,18,9,0,27,0,0,78,0,78,0,18,87,0,105,102,0,102,207
02/27/2005,EWN,NC,ASO,EN,Federal Contract Tower,0,12,14,0,26,0,0,39,0,39,0,12,53,0,65,108,0,108,173
02/28/2005,EWN,NC,ASO,EN,Federal Contract Tower,0,20,10,8,38,0,0,0,4,4,0,20,10,12,42,0,0,0,42
03/01/2005,EWN,NC,ASO,EN,Federal Contract Tower,0,22,17,0,39,0,0,13,4,17,0,22,30,4,56,0,18,18,74
03/02/2005,EWN,NC,ASO,EN,Federal Contract Tower,0,22,15,0,37,0,0,34,0,34,0,22,49,0,71,36,0,36,107
03/03/2005,EWN,NC,ASO,EN,Federal Contract Tower,0,30,21,4,55,0,0,44,2,46,0,30,65,6,101,28,0,28,129
03/04/2005,EWN,NC,ASO,EN,Federal Contract Tower,0,21,30,4,55,0,0,89,0,89,0,21,119,4,144,64,0,64,208
03/05/2005,EWN,NC,ASO,EN,Federal Contract Tower,0,18,17,0,35,0,0,32,6,38,0,18,49,6,73,80,2,82,155
03/06/2005,EWN,NC,ASO,EN,Federal Contract Tower,0,15,15,0,30,0,0,69,0,69,0,15,84,0,99,122,0,122,221
03/07/2005,EWN,NC,ASO,EN,Federal Contract Tower,0,20,16,0,36,0,0,45,2,47,0,20,61,2,83,46,4,50,133
03/08/2005,EWN,NC,ASO,EN,Federal Contract Tower,0,24,10,0,34,0,0,0,0,0,0,24,10,0,34,0,0,0,34
03/09/2005,EWN,NC,ASO,EN,Federal Contract Tower,0,23,36,2,61,0,0,42,10,52,0,23,78,12,113,48,4,52,165
03/10/2005,EWN,NC,ASO,EN,Federal Contract Tower,0,21,16,2,39,0,3,38,0,41,0,24,54,2,80,46,0,46,126
03/11/2005,EWN,NC,ASO,EN,Federal Contract Tower,0,26,14,4,44,0,0,25,0,25,0,26,39,4,69,26,6,32,101
03/12/2005,EWN,NC,ASO,EN,Federal Contract Tower,0,15,13,0,28,0,2,15,0,17,0,17,28,0,45,26,0,26,71
03/13/2005,EWN,NC,ASO,EN,Federal Contract Tower,0,17,38,0,55,0,0,91,0,91,0,17,129,0,146,232,0,232,378
03/14/2005,EWN,NC,ASO,EN,Federal Contract Tower,0,18,20,0,38,0,0,11,0,11,0,18,31,0,49,18,0,18,67
03/15/2005,EWN,NC,ASO,EN,Federal Contract Tower,0,25,21,10,56,0,0,42,2,44,0,25,63,12,100,12,0,12,112
03/16/2005,EWN,NC,ASO,EN,Federal Contract Tower,0,25,9,4,38,0,0,10,0,10,0,25,19,4,48,0,0,0,48
03/17/2005,EWN,NC,ASO,EN,Federal Contract Tower,0,23,5,0,28,0,0,0,0,0,0,23,5,0,28,0,0,0,28
03/18/2005,EWN,NC,ASO,EN,Federal Contract Tower,0,29,24,4,57,0,2,35,0,37,0,31,59,4,94,32,0,32,126
03/19/2005,EWN,NC,ASO,EN,Federal Contract Tower,0,16,23,0,39,0,0,24,0,24,0,16,47,0,63,12,0,12,75
03/20/2005,EWN,NC,ASO,EN,Federal Contract Tower,0,20,23,1,44,0,0,44,1,45,0,20,67,2,89,74,0,74,163
03/21/2005,EWN,NC,ASO,EN,Federal Contract Tower,0,22,24,0,46,0,0,34,0,34,0,22,58,0,80,20,0,20,100
03/22/2005,EWN,NC,ASO,EN,Federal Contract Tower,0,22,11,2,35,0,0,46,4,50,0,22,57,6,85,12,0,12,97
03/23/2005,EWN,NC,ASO,EN,Federal Contract Tower,0,22,12,0,34,0,0,9,0,9,0,22,21,0,43,4,0,4,47
03/24/2005,EWN,NC,ASO,EN,Federal Contract Tower,0,27,24,2,53,0,0,49,0,49,0,27,73,2,102,80,0,80,182
03/25/2005,EWN,NC,ASO,EN,Federal Contract Tower,0,26,14,0,40,0,0,44,8,52,0,26,58,8,92,66,0,66,158
03/26/2005,EWN,NC,ASO,EN,Federal Contract Tower,0,15,15,4,34,0,0,35,0,35,0,15,50,4,69,100,0,100,169
03/27/2005,EWN,NC,ASO,EN,Federal Contract Tower,0,14,5,0,19,0,0,5,6,11,0,14,10,6,30,8,0,8,38
03/28/2005,EWN,NC,ASO,EN,Federal Contract Tower,0,27,10,0,37,0,0,5,0,5,0,27,15,0,42,0,0,0,42
03/29/2005,EWN,NC,ASO,EN,Federal Contract Tower,0,23,15,2,40,0,1,37,2,40,0,24,52,4,80,4,0,4,84
03/30/2005,EWN,NC,ASO,EN,Federal Contract Tower,0,25,10,6,41,0,0,54,0,54,0,25,64,6,95,62,0,62,157
03/31/2005,EWN,NC,ASO,EN,Federal Contract Tower,0,28,21,0,49,0,0,25,16,41,0,28,46,16,90,54,0,54,144
04/01/2005,EWN,NC,ASO,EN,Federal Contract Tower,0,20,14,6,40,0,0,17,0,17,0,20,31,6,57,20,0,20,77
04/02/2005,EWN,NC,ASO,EN,Federal Contract Tower,0,18,5,1,24,0,0,5,0,5,0,18,10,1,29,0,0,0,29
04/03/2005,EWN,NC,ASO,EN,Federal Contract Tower,0,13,12,4,29,0,0,10,3,13,0,13,22,7,42,0,0,0,42
04/04/2005,EWN,NC,ASO,EN,Federal Contract Tower,0,19,10,8,37,0,0,38,4,42,0,19,48,12,79,50,0,50,129
04/05/2005,EWN,NC,ASO,EN,Federal Contract Tower,0,22,23,2,47,0,0,75,0,75,0,22,98,2,122,180,0,180,302
04/06/2005,EWN,NC,ASO,EN,Federal Contract Tower,0,22,19,0,41,0,2,75,4,81,0,24,94,4,122,90,0,90,212
04/07/2005,EWN,NC,ASO,EN,Federal Contract Tower,0,30,16,6,52,0,0,29,11,40,0,30,45,17,92,14,14,28,120
04/08/2005,EWN,NC,ASO,EN,Federal Contract Tower,0,25,22,4,51,0,0,32,0,32,0,25,54,4,83,28,4,32,115
04/09/2005,EWN,NC,ASO,EN,Federal Contract Tower,0,17,15,0,32,0,1,16,0,17,0,18,31,0,49,8,0,8,57
04/10/2005,EWN,NC,ASO,EN,Federal Contract Tower,0,13,7,0,20,0,0,66,0,66,0,13,73,0,86,72,0,72,158
04/11/2005,EWN,NC,ASO,EN,Federal Contract Tower,0,21,12,4,37,0,0,63,6,69,0,21,75,10,106,64,6,70,176
04/12/2005,EWN,NC,ASO,EN,Federal Contract Tower,0,21,9,0,30,0,0,18,0,18,0,21,27,0,48,62,0,62,110
04/13/2005,EWN,NC,ASO,EN,Federal Contract Tower,0,28,7,12,47,0,0,0,0,0,0,28,7,12,47,0,0,0,47
04/14/2005,EWN,NC,ASO,EN,Federal Contract Tower,0,26,17,0,43,0,0,12,14,26,0,26,29,14,69,14,12,26,95
04/15/2005,EWN,NC,ASO,EN,Federal Contract Tower,0,22,12,0,34,0,0,26,0,26,0,22,38,0,60,6,0,6,66
04/16/2005,EWN,NC,ASO,EN,Federal Contract Tower,0,17,10,0,27,0,0,44,2,46,0,17,54,2,73,66,0,66,139
04/17/2005,EWN,NC,ASO,EN,Federal Contract Tower,0,14,8,0,22,0,0,78,0,78,0,14,86,0,100,92,0,92,192
04/18/2005,EWN,NC,ASO,EN,Federal Contract Tower,0,19,13,2,34,0,0,66,2,68,0,19,79,4,102,70,0,70,172
04/19/2005,EWN,NC,ASO,EN,Federal Contract Tower,0,26,28,0,54,0,0,61,0,61,0,26,89,0,115,62,0,62,177
04/20/2005,EWN,NC,ASO,EN,Federal Contract Tower,0,29,27,0,56,0,0,74,2,76,0,29,101,2,132,108,0,108,240
04/21/2005,EWN,NC,ASO,EN,Federal Contract Tower,0,23,35,0,58,0,0,43,0,43,0,23,78,0,101,38,0,38,139
04/22/2005,EWN,NC,ASO,EN,Federal Contract Tower,0,25,27,0,52,0,0,39,0,39,0,25,66,0,91,14,0,14,105
04/23/2005,EWN,NC,ASO,EN,Federal Contract Tower,0,15,3,0,18,0,0,14,0,14,0,15,17,0,32,0,0,0,32
04/24/2005,EWN,NC,ASO,EN,Federal Contract Tower,0,14,9,0,23,0,0,41,0,41,0,14,50,0,64,100,0,100,164
04/25/2005,EWN,NC,ASO,EN,Federal Contract Tower,1,19,13,0,33,0,0,32,6,38,1,19,45,6,71,22,4,26,97
04/26/2005,EWN,NC,ASO,EN,Federal Contract Tower,1,24,16,2,43,0,0,25,2,27,1,24,41,4,70,34,0,34,104
04/27/2005,EWN,NC,ASO,EN,Federal Contract Tower,0,23,22,6,51,0,4,52,0,56,0,27,74,6,107,28,0,28,135
04/28/2005,EWN,NC,ASO,EN,Federal Contract Tower,0,25,20,6,51,0,0,68,4,72,0,25,88,10,123,72,0,72,195
04/29/2005,EWN,NC,ASO,EN,Federal Contract Tower,0,22,12,8,42,0,1,47,0,48,0,23,59,8,90,72,0,72,162
04/30/2005,EWN,NC,ASO,EN,Federal Contract Tower,0,14,2,0,16,0,0,17,0,17,0,14,19,0,33,4,0,4,37
05/01/2005,EWN,NC,ASO,EN,Federal Contract Tower,0,12,13,0,25,0,2,25,0,27,0,14,38,0,52,74,0,74,126
05/02/2005,EWN,NC,ASO,EN,Federal Contract Tower,0,18,10,7,35,0,0,40,3,43,0,18,50,10,78,38,6,44,122
05/03/2005,EWN,NC,ASO,EN,Federal Contract Tower,0,24,15,0,39,0,0,46,0,46,0,24,61,0,85,38,0,38,123
05/04/2005,EWN,NC,ASO,EN,Federal Contract Tower,0,23,25,0,48,0,0,72,6,78,0,23,97,6,126,128,0,128,254
05/05/2005,EWN,NC,ASO,EN,Federal Contract Tower,0,28,15,1,44,0,0,18,0,18,0,28,33,1,62,2,0,2,64
05/06/2005,EWN,NC,ASO,EN,Federal Contract Tower,0,28,13,1,42,0,0,0,0,0,0,28,13,1,42,0,0,0,42
05/07/2005,EWN,NC,ASO,EN,Federal Contract Tower,0,16,7,2,25,0,0,46,2,48,0,16,53,4,73,16,0,16,89
05/08/2005,EWN,NC,ASO,EN,Federal Contract Tower,0,16,14,0,30,0,0,57,0,57,0,16,71,0,87,46,0,46,133
05/09/2005,EWN,NC,ASO,EN,Federal Contract Tower,0,19,16,1,36,0,0,67,2,69,0,19,83,3,105,80,0,80,185
05/10/2005,EWN,NC,ASO,EN,Federal Contract Tower,0,29,14,10,53,0,0,49,0,49,0,29,63,10,102,122,0,122,224
05/11/2005,EWN,NC,ASO,EN,Federal Contract Tower,0,30,23,2,55,0,0,52,2,54,0,30,75,4,109,48,4,52,161
05/12/2005,EWN,NC,ASO,EN,Federal Contract Tower,0,22,15,0,37,0,0,40,2,42,0,22,55,2,79,64,32,96,175
05/13/2005,EWN,NC,ASO,EN,Federal Contract Tower,0,23,21,0,44,0,0,26,2,28,0,23,47,2,72,16,10,26,98
05/14/2005,EWN,NC,ASO,EN,Federal Contract Tower,0,23,8,4,35,0,1,42,4,47,0,24,50,8,82,42,0,42,124
05/15/2005,EWN,NC,ASO,EN,Federal Contract Tower,0,13,10,0,23,0,0,28,0,28,0,13,38,0,51,66,0,66,117
05/16/2005,EWN,NC,ASO,EN,Federal Contract Tower,0,22,21,0,43,0,0,14,0,14,0,22,35,0,57,46,12,58,115
05/17/2005,EWN,NC,ASO,EN,Federal Contract Tower,0,23,31,15,69,0,2,30,2,34,0,25,61,17,103,66,0,66,169
05/18/2005,EWN,NC,ASO,EN,Federal Contract Tower,0,24,23,4,51,0,0,43,2,45,0,24,66,6,96,40,0,40,136
05/19/2005,EWN,NC,ASO,EN,Federal Contract Tower,0,22,33,0,55,0,0,45,0,45,0,22,78,0,100,108,0,108,208
05/20/2005,EWN,NC,ASO,EN,Federal Contract Tower,0,24,25,0,49,0,0,15,0,15,0,24,40,0,64,0,0,0,64
05/21/2005,EWN,NC,ASO,EN,Federal Contract Tower,0,20,8,2,30,0,0,26,2,28,0,20,34,4,58,30,0,30,88
05/22/2005,EWN,NC,ASO,EN,Federal Contract Tower,0,14,20,0,34,0,0,47,0,47,0,14,67,0,81,70,0,70,151
05/23/2005,EWN,NC,ASO,EN,Federal Contract Tower,0,18,18,0,36,0,0,32,0,32,0,18,50,0,68,40,0,40,108
05/24/2005,EWN,NC,ASO,EN,Federal Contract Tower,0,22,7,1,30,0,0,31,2,33,0,22,38,3,63,42,16,58,121
05/25/2005,EWN,NC,ASO,EN,Federal Contract Tower,0,23,13,4,40,0,0,29,0,29,0,23,42,4,69,54,0,54,123
05/26/2005,EWN,NC,ASO,EN,Federal Contract Tower,0,28,23,0,51,0,0,32,0,32,0,28,55,0,83,58,0,58,141
05/27/2005,EWN,NC,ASO,EN,Federal Contract Tower,0,36,17,0,53,0,0,55,0,55,0,36,72,0,108,34,0,34,142
05/28/2005,EWN,NC,ASO,EN,Federal Contract Tower,0,20,11,0,31,0,0,20,2,22,0,20,31,2,53,26,0,26,79
05/29/2005,EWN,NC,ASO,EN,Federal Contract Tower,0,14,10,0,24,0,1,67,0,68,0,15,77,0,92,122,0,122,214
05/30/2005,EWN,NC,ASO,EN,Federal Contract Tower,0,14,16,0,30,0,0,31,0,31,0,14,47,0,61,66,10,76,137
05/31/2005,EWN,NC,ASO,EN,Federal Contract Tower,0,22,17,0,39,0,0,39,0,39,0,22,56,0,78,44,0,44,122
06/01/2005,EWN,NC,ASO,EN,Federal Contract Tower,0,23,16,2,41,0,4,14,2,20,0,27,30,4,61,26,12,38,99
06/02/2005,EWN,NC,ASO,EN,Federal Contract Tower,0,24,16,12,52,0,0,3,0,3,0,24,19,12,55,0,0,0,55
06/03/2005,EWN,NC,ASO,EN,Federal Contract Tower,0,24,27,2,53,0,0,7,0,7,0,24,34,2,60,24,0,24,84
06/04/2005,EWN,NC,ASO,EN,Federal Contract Tower,0,18,13,0,31,0,0,18,0,18,0,18,31,0,49,48,0,48,97
06/05/2005,EWN,NC,ASO,EN,Federal Contract Tower,2,16,11,0,29,0,0,28,0,28,2,16,39,0,57,38,0,38,95
06/06/2005,EWN,NC,ASO,EN,Federal Contract Tower,0,18,9,2,29,0,0,19,0,19,0,18,28,2,48,40,0,40,88
06/07/2005,EWN,NC,ASO,EN,Federal Contract Tower,0,23,31,0,54,0,0,30,2,32,0,23,61,2,86,78,0,78,164
06/08/2005,EWN,NC,ASO,EN,Federal Contract Tower,0,25,13,2,40,0,0,26,2,28,0,25,39,4,68,22,0,22,90
06/09/2005,EWN,NC,ASO,EN,Federal Contract Tower,0,26,14,20,60,0,0,27,0,27,0,26,41,20,87,86,0,86,173
06/10/2005,EWN,NC,ASO,EN,Federal Contract Tower,0,27,13,14,54,0,2,40,4,46,0,29,53,18,100,54,30,84,184
06/11/2005,EWN,NC,ASO,EN,Federal Contract Tower,2,20,16,2,40,0,0,44,2,46,2,20,60,4,86,44,0,44,130
06/12/2005,EWN,NC,ASO,EN,Federal Contract Tower,2,18,33,0,53,0,0,48,0,48,2,18,81,0,101,64,0,64,165
06/13/2005,EWN,NC,ASO,EN,Federal Contract Tower,0,18,8,4,30,0,0,32,0,32,0,18,40,4,62,102,4,106,168
06/14/2005,EWN,NC,ASO,EN,Federal Contract Tower,0,26,32,0,58,0,0,19,8,27,0,26,51,8,85,6,0,6,91
06/15/2005,EWN,NC,ASO,EN,Federal Contract Tower,0,23,21,0,44,0,0,38,0,38,0,23,59,0,82,6,0,6,88
06/16/2005,EWN,NC,ASO,EN,Federal Contract Tower,0,37,14,10,61,0,0,38,6,44,0,37,52,16,105,22,0,22,127
06/17/2005,EWN,NC,ASO,EN,Federal Contract Tower,0,28,41,0,69,0,1,57,4,62,0,29,98,4,131,86,28,114,245
06/18/2005,EWN,NC,ASO,EN,Federal Contract Tower,2,20,25,0,47,0,0,64,0,64,2,20,89,0,111,50,0,50,161
06/19/2005,EWN,NC,ASO,EN,Federal Contract Tower,2,29,44,0,75,0,0,46,0,46,2,29,90,0,121,10,0,10,131
06/20/2005,EWN,NC,ASO,EN,Federal Contract Tower,0,21,23,0,44,0,0,26,4,30,0,21,49,4,74,10,0,10,84
06/21/2005,EWN,NC,ASO,EN,Federal Contract Tower,0,24,29,0,53,0,0,49,9,58,0,24,78,9,111,32,0,32,143
06/22/2005,EWN,NC,ASO,EN,Federal Contract Tower,0,30,13,2,45,0,0,44,2,46,0,30,57,4,91,66,14,80,171
06/23/2005,EWN,NC,ASO,EN,Federal Contract Tower,0,23,45,2,70,0,0,52,0,52,0,23,97,2,122,74,0,74,196
06/24/2005,EWN,NC,ASO,EN,Federal Contract Tower,0,22,20,0,42,0,0,34,2,36,0,22,54,2,78,46,10,56,134
06/25/2005,EWN,NC,ASO,EN,Federal Contract Tower,2,19,17,0,38,0,0,26,0,26,2,19,43,0,64,30,0,30,94
06/26/2005,EWN,NC,ASO,EN,Federal Contract Tower,2,17,19,0,38,0,2,9,0,11,2,19,28,0,49,12,0,12,61
06/27/2005,EWN,NC,ASO,EN,Federal Contract Tower,2,22,19,2,45,0,0,24,2,26,2,22,43,4,71,40,0,40,111
06/28/2005,EWN,NC,ASO,EN,Federal Contract Tower,0,22,22,0,44,0,0,0,0,0,0,22,22,0,44,57,0,57,101
06/29/2005,EWN,NC,ASO,EN,Federal Contract Tower,0,23,15,4,42,0,0,5,0,5,0,23,20,4,47,16,0,16,63
06/30/2005,EWN,NC,ASO,EN,Federal Contract Tower,0,26,20,0,46,0,0,18,0,18,0,26,38,0,64,20,0,20,84
07/01/2005,EWN,NC,ASO,EN,Federal Contract Tower,0,22,21,0,43,0,0,29,0,29,0,22,50,0,72,112,0,112,184
07/02/2005,EWN,NC,ASO,EN,Federal Contract Tower,2,22,18,0,42,0,1,39,0,40,2,23,57,0,82,66,0,66,148
07/03/2005,EWN,NC,ASO,EN,Federal Contract Tower,2,17,7,0,26,0,0,24,0,24,2,17,31,0,50,36,0,36,86
07/04/2005,EWN,NC,ASO,EN,Federal Contract Tower,4,11,16,0,31,0,0,23,0,23,4,11,39,0,54,20,0,20,74
07/05/2005,EWN,NC,ASO,EN,Federal Contract Tower,4,20,13,8,45,0,0,28,0,28,4,20,41,8,73,34,0,34,107
07/06/2005,EWN,NC,ASO,EN,Federal Contract Tower,4,20,14,0,38,0,0,53,2,55,4,20,67,2,93,52,14,66,159
07/07/2005,EWN,NC,ASO,EN,Federal Contract Tower,2,28,19,4,53,0,2,35,2,39,2,30,54,6,92,34,0,34,126
07/08/2005,EWN,NC,ASO,EN,Federal Contract Tower,4,22,29,0,55,0,0,27,0,27,4,22,56,0,82,14,0,14,96
07/09/2005,EWN,NC,ASO,EN,Federal Contract Tower,2,20,16,0,38,0,0,43,0,43,2,20,59,0,81,68,0,68,149
07/10/2005,EWN,NC,ASO,EN,Federal Contract Tower,2,18,15,0,35,0,1,23,0,24,2,19,38,0,59,20,0,20,79
07/11/2005,EWN,NC,ASO,EN,Federal Contract Tower,4,15,25,0,44,0,1,23,0,24,4,16,48,0,68,58,0,58,126
07/12/2005,EWN,NC,ASO,EN,Federal Contract Tower,6,17,14,0,37,0,1,18,4,23,6,18,32,4,60,20,0,20,80
07/13/2005,EWN,NC,ASO,EN,Federal Contract Tower,4,30,11,0,45,0,0,17,2,19,4,30,28,2,64,36,6,42,106
07/14/2005,EWN,NC,ASO,EN,Federal Contract Tower,4,20,25,0,49,0,0,15,2,17,4,20,40,2,66,24,0,24,90
07/15/2005,EWN,NC,ASO,EN,Federal Contract Tower,2,30,51,8,91,0,0,37,2,39,2,30,88,10,130,40,4,44,174
07/16/2005,EWN,NC,ASO,EN,Federal Contract Tower,2,20,9,0,31,0,0,47,0,47,2,20,56,0,78,82,0,82,160
07/17/2005,EWN,NC,ASO,EN,Federal Contract Tower,4,19,31,0,54,0,1,30,0,31,4,20,61,0,85,18,0,18,103
07/18/2005,EWN,NC,ASO,EN,Federal Contract Tower,4,16,16,0,36,0,0,18,2,20,4,16,34,2,56,26,0,26,82
07/19/2005,EWN,NC,ASO,EN,Federal Contract Tower,4,19,17,4,44,0,0,35,4,39,4,19,52,8,83,14,0,14,97
07/20/2005,EWN,NC,ASO,EN,Federal Contract Tower,4,20,22,0,46,0,0,34,0,34,4,20,56,0,80,12,0,12,92
07/21/2005,EWN,NC,ASO,EN,Federal Contract Tower,4,19,17,0,40,0,4,26,4,34,4,23,43,4,74,32,0,32,106
07/22/2005,EWN,NC,ASO,EN,Federal Contract Tower,4,23,12,5,44,0,0,25,0,25,4,23,37,5,69,10,14,24,93
07/23/2005,EWN,NC,ASO,EN,Federal Contract Tower,2,19,20,0,41,0,0,40,0,40,2,19,60,0,81,54,0,54,135
07/24/2005,EWN,NC,ASO,EN,Federal Contract Tower,2,14,14,0,30,0,0,45,0,45,2,14,59,0,75,24,0,24,99
07/25/2005,EWN,NC,ASO,EN,Federal Contract Tower,4,16,23,0,43,0,0,24,2,26,4,16,47,2,69,22,0,22,91
07/26/2005,EWN,NC,ASO,EN,Federal Contract Tower,2,21,23,12,58,0,0,29,0,29,2,21,52,12,87,58,0,58,145
07/27/2005,EWN,NC,ASO,EN,Federal Contract Tower,4,20,15,0,39,0,0,35,0,35,4,20,50,0,74,70,0,70,144
07/28/2005,EWN,NC,ASO,EN,Federal Contract Tower,2,20,21,0,43,0,0,23,2,25,2,20,44,2,68,8,0,8,76
07/29/2005,EWN,NC,ASO,EN,Federal Contract Tower,4,21,11,0,36,0,0,22,6,28,4,21,33,6,64,26,0,26,90
07/30/2005,EWN,NC,ASO,EN,Federal Contract Tower,2,19,11,2,34,0,1,20,2,23,2,20,31,4,57,32,0,32,89
07/31/2005,EWN,NC,ASO,EN,Federal Contract Tower,4,14,25,0,43,0,0,1,0,1,4,14,26,0,44,4,0,4,48
08/01/2005,EWN,NC,ASO,EN,Federal Contract Tower,4,14,18,4,40,0,0,22,2,24,4,14,40,6,64,6,0,6,70
08/02/2005,EWN,NC,ASO,EN,Federal Contract Tower,4,18,16,2,40,0,0,39,4,43,4,18,55,6,83,10,2,12,95
08/03/2005,EWN,NC,ASO,EN,Federal Contract Tower,4,18,8,0,30,0,0,38,2,40,4,18,46,2,70,46,0,46,116
08/04/2005,EWN,NC,ASO,EN,Federal Contract Tower,4,20,10,0,34,0,0,33,12,45,4,20,43,12,79,48,0,48,127
08/05/2005,EWN,NC,ASO,EN,Federal Contract Tower,4,21,23,0,48,0,1,47,0,48,4,22,70,0,96,102,0,102,198
08/06/2005,EWN,NC,ASO,EN,Federal Contract Tower,2,22,14,0,38,0,1,38,2,41,2,23,52,2,79,30,0,30,109
08/07/2005,EWN,NC,ASO,EN,Federal Contract Tower,4,19,14,0,37,0,4,34,6,44,4,23,48,6,81,48,0,48,129
08/08/2005,EWN,NC,ASO,EN,Federal Contract Tower,4,16,9,6,35,0,1,14,4,19,4,17,23,10,54,8,0,8,62
08/09/2005,EWN,NC,ASO,EN,Federal Contract Tower,4,31,22,4,61,0,1,20,0,21,4,32,42,4,82,70,10,80,162
08/10/2005,EWN,NC,ASO,EN,Federal Contract Tower,4,24,25,0,53,0,0,23,3,26,4,24,48,3,79,50,12,62,141
08/11/2005,EWN,NC,ASO,EN,Federal Contract Tower,4,31,25,2,62,0,0,27,6,33,4,31,52,8,95,76,0,76,171
08/12/2005,EWN,NC,ASO,EN,Federal Contract Tower,4,33,55,2,94,0,1,30,6,37,4,34,85,8,131,64,0,64,195
08/13/2005,EWN,NC,ASO,EN,Federal Contract Tower,2,22,23,0,47,0,0,40,0,40,2,22,63,0,87,116,0,116,203
08/14/2005,EWN,NC,ASO,EN,Federal Contract Tower,4,20,17,0,41,0,0,38,0,38,4,20,55,0,79,18,0,18,97
08/15/2005,EWN,NC,ASO,EN,Federal Contract Tower,4,18,5,2,29,0,0,16,6,22,4,18,21,8,51,16,0,16,67
08/16/2005,EWN,NC,ASO,EN,Federal Contract Tower,4,21,11,0,36,0,0,27,2,29,4,21,38,2,65,32,0,32,97
08/17/2005,EWN,NC,ASO,EN,Federal Contract Tower,4,31,21,2,58,0,4,89,0,93,4,35,110,2,151,10,12,22,173
08/18/2005,EWN,NC,ASO,EN,Federal Contract Tower,4,21,35,6,66,0,0,44,6,50,4,21,79,12,116,132,0,132,248
08/19/2005,EWN,NC,ASO,EN,Federal Contract Tower,4,25,35,0,64,0,4,143,4,151,4,29,178,4,215,72,12,84,299
08/20/2005,EWN,NC,ASO,EN,Federal Contract Tower,1,24,15,0,40,0,0,96,0,96,1,24,111,0,136,18,0,18,154
08/21/2005,EWN,NC,ASO,EN,Federal Contract Tower,4,13,15,0,32,0,0,31,0,31,4,13,46,0,63,14,0,14,77
08/22/2005,EWN,NC,ASO,EN,Federal Contract Tower,4,17,6,4,31,0,0,78,2,80,4,17,84,6,111,42,2,44,155
08/23/2005,EWN,NC,ASO,EN,Federal Contract Tower,4,23,14,0,41,0,0,109,2,111,4,23,123,2,152,68,0,68,220
08/24/2005,EWN,NC,ASO,EN,Federal Contract Tower,4,23,18,0,45,0,0,0,0,0,4,23,18,0,45,36,0,36,81
08/25/2005,EWN,NC,ASO,EN,Federal Contract Tower,2,23,26,10,61,0,0,64,0,64,2,23,90,10,125,86,0,86,211
08/26/2005,EWN,NC,ASO,EN,Federal Contract Tower,2,22,24,5,53,0,0,52,7,59,2,22,76,12,112,14,0,14,126
08/27/2005,EWN,NC,ASO,EN,Federal Contract Tower,2,18,23,0,43,0,0,33,6,39,2,18,56,6,82,88,0,88,170
08/28/2005,EWN,NC,ASO,EN,Federal Contract Tower,0,15,21,2,38,0,0,30,0,30,0,15,51,2,68,54,0,54,122
08/29/2005,EWN,NC,ASO,EN,Federal Contract Tower,2,17,15,0,34,0,3,14,4,21,2,20,29,4,55,26,16,42,97
08/30/2005,EWN,NC,ASO,EN,Federal Contract Tower,4,27,20,2,53,0,0,18,6,24,4,27,38,8,77,58,20,78,155
08/31/2005,EWN,NC,ASO,EN,Federal Contract Tower,2,32,9,2,45,0,0,24,4,28,2,32,33,6,73,53,0,53,126
09/01/2005,EWN,NC,ASO,EN,Federal Contract Tower,4,23,15,0,42,0,0,34,4,38,4,23,49,4,80,42,0,42,122
09/02/2005,EWN,NC,ASO,EN,Federal Contract Tower,4,37,19,0,60,0,0,34,2,36,4,37,53,2,96,26,0,26,122
09/03/2005,EWN,NC,ASO,EN,Federal Contract Tower,2,21,11,0,34,0,2,21,0,23,2,23,32,0,57,14,0,14,71
09/04/2005,EWN,NC,ASO,EN,Federal Contract Tower,4,13,6,0,23,0,0,51,2,53,4,13,57,2,76,42,0,42,118
09/05/2005,EWN,NC,ASO,EN,Federal Contract Tower,4,10,24,0,38,0,0,45,0,45,4,10,69,0,83,56,0,56,139
09/06/2005,EWN,NC,ASO,EN,Federal Contract Tower,4,18,24,0,46,2,2,46,2,52,6,20,70,2,98,74,0,74,172
09/07/2005,EWN,NC,ASO,EN,Federal Contract Tower,4,20,8,4,36,0,2,33,0,35,4,22,41,4,71,72,10,82,153
09/08/2005,EWN,NC,ASO,EN,Federal Contract Tower,4,21,13,0,38,0,11,25,4,40,4,32,38,4,78,66,6,72,150
09/09/2005,EWN,NC,ASO,EN,Federal Contract Tower,4,21,14,4,43,0,0,21,0,21,4,21,35,4,64,54,0,54,118
09/10/2005,EWN,NC,ASO,EN,Federal Contract Tower,2,18,10,0,30,0,0,22,0,22,2,18,32,0,52,64,0,64,116
09/11/2005,EWN,NC,ASO,EN,Federal Contract Tower,4,12,6,0,22,0,1,18,0,19,4,13,24,0,41,48,0,48,89
09/12/2005,EWN,NC,ASO,EN,Federal Contract Tower,4,18,12,2,36,0,2,13,2,17,4,20,25,4,53,0,0,0,53
09/13/2005,EWN,NC,ASO,EN,Federal Contract Tower,4,17,9,0,30,0,0,6,2,8,4,17,15,2,38,0,0,0,38
09/14/2005,EWN,NC,ASO,EN,Federal Contract Tower,13,0,0,0,13,0,0,0,0,0,13,0,0,0,13,0,0,0,13
09/15/2005,EWN,NC,ASO,EN,Federal Contract Tower,2,16,3,0,21,0,0,2,2,4,2,16,5,2,25,0,0,0,25
09/16/2005,EWN,NC,ASO,EN,Federal Contract Tower,4,36,26,2,68,0,0,35,6,41,4,36,61,8,109,6,0,6,115
09/17/2005,EWN,NC,ASO,EN,Federal Contract Tower,2,18,10,2,32,0,5,38,0,43,2,23,48,2,75,58,0,58,133
09/18/2005,EWN,NC,ASO,EN,Federal Contract Tower,4,15,26,0,45,0,0,23,0,23,4,15,49,0,68,36,0,36,104
09/19/2005,EWN,NC,ASO,EN,Federal Contract Tower,4,18,20,4,46,0,0,25,1,26,4,18,45,5,72,42,30,72,144
09/20/2005,EWN,NC,ASO,EN,Federal Contract Tower,4,20,20,14,58,0,0,18,3,21,4,20,38,17,79,18,14,32,111
09/21/2005,EWN,NC,ASO,EN,Federal Contract Tower,4,20,30,6,60,0,2,11,0,13,4,22,41,6,73,8,0,8,81
09/22/2005,EWN,NC,ASO,EN,Federal Contract Tower,4,22,16,5,47,0,2,40,8,50,4,24,56,13,97,74,6,80,177
09/23/2005,EWN,NC,ASO,EN,Federal Contract Tower,4,23,22,0,49,0,4,29,0,33,4,27,51,0,82,14,0,14,96
09/24/2005,EWN,NC,ASO,EN,Federal Contract Tower,2,21,12,0,35,0,0,41,4,45,2,21,53,4,80,36,0,36,116
09/25/2005,EWN,NC,ASO,EN,Federal Contract Tower,2,11,12,0,25,0,0,49,0,49,2,11,61,0,74,47,0,47,121
09/26/2005,EWN,NC,ASO,EN,Federal Contract Tower,2,16,24,5,47,2,2,34,3,41,4,18,58,8,88,24,0,24,112
09/27/2005,EWN,NC,ASO,EN,Federal Contract Tower,4,21,19,1,45,0,0,27,6,33,4,21,46,7,78,64,0,64,142
09/28/2005,EWN,NC,ASO,EN,Federal Contract Tower,4,24,19,3,50,0,0,44,6,50,4,24,63,9,100,30,0,30,130
09/29/2005,EWN,NC,ASO,EN,Federal Contract Tower,4,20,8,4,36,0,0,28,5,33,4,20,36,9,69,26,0,26,95
09/30/2005,EWN,NC,ASO,EN,Federal Contract Tower,4,21,24,0,49,0,0,65,0,65,4,21,89,0,114,44,4,48,162
10/01/2005,EWN,NC,ASO,EN,Federal Contract Tower,2,19,9,4,34,0,0,26,10,36,2,19,35,14,70,52,0,52,122
10/02/2005,EWN,NC,ASO,EN,Federal Contract Tower,4,14,20,0,38,0,0,44,0,44,4,14,64,0,82,24,0,24,106
10/03/2005,EWN,NC,ASO,EN,Federal Contract Tower,3,19,13,6,41,0,0,26,2,28,3,19,39,8,69,18,0,18,87
10/04/2005,EWN,NC,ASO,EN,Federal Contract Tower,4,22,30,8,64,0,0,14,0,14,4,22,44,8,78,2,0,2,80
10/05/2005,EWN,NC,ASO,EN,Federal Contract Tower,5,21,26,0,52,0,0,14,0,14,5,21,40,0,66,36,0,36,102
10/06/2005,EWN,NC,ASO,EN,Federal Contract Tower,4,19,31,55,109,0,0,16,4,20,4,19,47,59,129,26,0,26,155
10/07/2005,EWN,NC,ASO,EN,Federal Contract Tower,6,23,11,8,48,0,0,9,0,9,6,23,20,8,57,10,0,10,67
10/08/2005,EWN,NC,ASO,EN,Federal Contract Tower,2,24,9,0,35,0,0,4,0,4,2,24,13,0,39,0,0,0,39
10/09/2005,EWN,NC,ASO,EN,Federal Contract Tower,4,11,12,2,29,0,0,3,6,9,4,11,15,8,38,0,0,0,38
10/10/2005,EWN,NC,ASO,EN,Federal Contract Tower,4,15,11,0,30,0,0,0,0,0,4,15,11,0,30,0,0,0,30
10/11/2005,EWN,NC,ASO,EN,Federal Contract Tower,4,23,5,0,32,0,0,7,0,7,4,23,12,0,39,22,0,22,61
10/12/2005,EWN,NC,ASO,EN,Federal Contract Tower,4,20,21,0,45,0,0,9,0,9,4,20,30,0,54,42,0,42,96
10/13/2005,EWN,NC,ASO,EN,Federal Contract Tower,6,23,25,0,54,0,0,13,4,17,6,23,38,4,71,2,10,12,83
10/14/2005,EWN,NC,ASO,EN,Federal Contract Tower,6,22,15,2,45,0,2,33,2,37,6,24,48,4,82,52,6,58,140
10/15/2005,EWN,NC,ASO,EN,Federal Contract Tower,4,16,15,0,35,0,0,58,0,58,4,16,73,0,93,76,0,76,169
10/16/2005,EWN,NC,ASO,EN,Federal Contract Tower,6,10,23,0,39,0,0,57,0,57,6,10,80,0,96,70,0,70,166
10/17/2005,EWN,NC,ASO,EN,Federal Contract Tower,6,15,21,0,42,0,4,58,4,66,6,19,79,4,108,62,0,62,170
10/18/2005,EWN,NC,ASO,EN,Federal Contract Tower,6,21,11,2,40,0,1,43,4,48,6,22,54,6,88,62,0,62,150
10/19/2005,EWN,NC,ASO,EN,Federal Contract Tower,6,20,15,6,47,0,0,43,4,47,6,20,58,10,94,60,2,62,156
10/20/2005,EWN,NC,ASO,EN,Federal Contract Tower,6,17,25,0,48,0,0,52,0,52,6,17,77,0,100,98,0,98,198
10/21/2005,EWN,NC,ASO,EN,Federal Contract Tower,6,19,25,2,52,0,0,27,0,27,6,19,52,2,79,26,0,26,105
10/22/2005,EWN,NC,ASO,EN,Federal Contract Tower,4,17,6,4,31,0,19,34,1,54,4,36,40,5,85,82,4,86,171
10/23/2005,EWN,NC,ASO,EN,Federal Contract Tower,6,9,17,0,32,0,0,46,0,46,6,9,63,0,78,54,0,54,132
10/24/2005,EWN,NC,ASO,EN,Federal Contract Tower,8,13,8,0,29,0,0,0,0,0,8,13,8,0,29,0,0,0,29
10/25/2005,EWN,NC,ASO,EN,Federal Contract Tower,6,19,20,2,47,0,0,25,4,29,6,19,45,6,76,30,0,30,106
10/26/2005,EWN,NC,ASO,EN,Federal Contract Tower,6,17,25,0,48,0,0,50,0,50,6,17,75,0,98,104,0,104,202
10/27/2005,EWN,NC,ASO,EN,Federal Contract Tower,6,19,18,3,46,0,1,63,2,66,6,20,81,5,112,66,4,70,182
10/28/2005,EWN,NC,ASO,EN,Federal Contract Tower,6,22,20,0,48,0,0,37,0,37,6,22,57,0,85,4,0,4,89
10/29/2005,EWN,NC,ASO,EN,Federal Contract Tower,4,16,18,0,38,0,0,46,0,46,4,16,64,0,84,90,0,90,174
10/30/2005,EWN,NC,ASO,EN,Federal Contract Tower,6,8,11,0,25,0,0,39,2,41,6,8,50,2,66,80,0,80,146
10/31/2005,EWN,NC,ASO,EN,Federal Contract Tower,6,13,20,2,41,0,0,43,2,45,6,13,63,4,86,56,0,56,142
11/01/2005,EWN,NC,ASO,EN,Federal Contract Tower,6,17,23,0,46,0,0,30,0,30,6,17,53,0,76,86,0,86,162
11/02/2005,EWN,NC,ASO,EN,Federal Contract Tower,4,19,29,0,52,0,0,29,2,31,4,19,58,2,83,24,0,24,107
11/03/2005,EWN,NC,ASO,EN,Federal Contract Tower,6,42,13,6,67,0,0,46,8,54,6,42,59,14,121,72,0,72,193
11/04/2005,EWN,NC,ASO,EN,Federal Contract Tower,8,19,31,0,58,0,0,46,2,48,8,19,77,2,106,46,0,46,152
11/05/2005,EWN,NC,ASO,EN,Federal Contract Tower,4,16,12,0,32,0,0,30,2,32,4,16,42,2,64,12,20,32,96
11/06/2005,EWN,NC,ASO,EN,Federal Contract Tower,6,11,20,0,37,0,0,56,0,56,6,11,76,0,93,74,0,74,167
11/07/2005,EWN,NC,ASO,EN,Federal Contract Tower,6,14,20,4,44,0,0,42,2,44,6,14,62,6,88,34,0,34,122
11/08/2005,EWN,NC,ASO,EN,Federal Contract Tower,6,19,24,6,55,0,0,21,4,25,6,19,45,10,80,32,6,38,118
11/09/2005,EWN,NC,ASO,EN,Federal Contract Tower,4,18,27,6,55,0,0,36,4,40,4,18,63,10,95,40,10,50,145
11/10/2005,EWN,NC,ASO,EN,Federal Contract Tower,4,19,14,0,37,0,1,20,0,21,4,20,34,0,58,20,0,20,78
11/11/2005,EWN,NC,ASO,EN,Federal Contract Tower,4,16,26,0,46,0,0,73,1,74,4,16,99,1,120,56,0,56,176
11/12/2005,EWN,NC,ASO,EN,Federal Contract Tower,6,10,10,2,28,0,0,47,0,47,6,10,57,2,75,34,0,34,109
11/13/2005,EWN,NC,ASO,EN,Federal Contract Tower,8,5,12,0,25,0,0,55,0,55,8,5,67,0,80,82,0,82,162
11/14/2005,EWN,NC,ASO,EN,Federal Contract Tower,4,12,17,13,46,0,0,24,3,27,4,12,41,16,73,8,0,8,81
11/15/2005,EWN,NC,ASO,EN,Federal Contract Tower,4,19,13,0,36,0,0,18,4,22,4,19,31,4,58,12,6,18,76
11/16/2005,EWN,NC,ASO,EN,Federal Contract Tower,4,19,15,2,40,0,0,43,2,45,4,19,58,4,85,10,0,10,95
11/17/2005,EWN,NC,ASO,EN,Federal Contract Tower,4,18,23,1,46,0,0,28,2,30,4,18,51,3,76,8,0,8,84
11/18/2005,EWN,NC,ASO,EN,Federal Contract Tower,4,26,21,1,52,0,5,35,3,43,4,31,56,4,95,20,0,20,115
11/19/2005,EWN,NC,ASO,EN,Federal Contract Tower,6,10,12,0,28,0,3,54,2,59,6,13,66,2,87,50,0,50,137
11/20/2005,EWN,NC,ASO,EN,Federal Contract Tower,8,4,11,0,23,0,0,29,0,29,8,4,40,0,52,20,0,20,72
11/21/2005,EWN,NC,ASO,EN,Federal Contract Tower,4,16,6,0,26,0,0,1,0,1,4,16,7,0,27,0,0,0,27
11/22/2005,EWN,NC,ASO,EN,Federal Contract Tower,4,22,6,2,34,0,1,32,4,37,4,23,38,6,71,0,6,6,77
11/23/2005,EWN,NC,ASO,EN,Federal Contract Tower,4,26,24,4,58,0,0,44,0,44,4,26,68,4,102,24,0,24,126
11/24/2005,EWN,NC,ASO,EN,Federal Contract Tower,4,8,4,0,16,0,7,17,0,24,4,15,21,0,40,10,0,10,50
11/25/2005,EWN,NC,ASO,EN,Federal Contract Tower,4,19,14,0,37,0,0,39,0,39,4,19,53,0,76,12,0,12,88
11/26/2005,EWN,NC,ASO,EN,Federal Contract Tower,6,12,6,0,24,0,0,38,0,38,6,12,44,0,62,52,0,52,114
11/27/2005,EWN,NC,ASO,EN,Federal Contract Tower,8,5,8,0,21,0,0,8,0,8,8,5,16,0,29,54,0,54,83
11/28/2005,EWN,NC,ASO,EN,Federal Contract Tower,4,14,23,12,53,0,0,21,1,22,4,14,44,13,75,30,8,38,113
11/29/2005,EWN,NC,ASO,EN,Federal Contract Tower,4,18,11,24,57,0,0,4,0,4,4,18,15,24,61,0,0,0,61
11/30/2005,EWN,NC,ASO,EN,Federal Contract Tower,4,26,27,2,59,0,0,30,4,34,4,26,57,6,93,44,0,44,137
12/01/2005,EWN,NC,ASO,EN,Federal Contract Tower,5,27,21,2,55,0,7,28,0,35,5,34,49,2,90,18,0,18,108
12/02/2005,EWN,NC,ASO,EN,Federal Contract Tower,5,22,20,2,49,0,0,31,0,31,5,22,51,2,80,22,0,22,102
12/03/2005,EWN,NC,ASO,EN,Federal Contract Tower,8,11,24,0,43,0,3,52,0,55,8,14,76,0,98,40,0,40,138
12/04/2005,EWN,NC,ASO,EN,Federal Contract Tower,6,6,6,0,18,0,0,11,0,11,6,6,17,0,29,20,0,20,49
12/05/2005,EWN,NC,ASO,EN,Federal Contract Tower,4,14,8,6,32,0,0,0,6,6,4,14,8,12,38,0,0,0,38
12/06/2005,EWN,NC,ASO,EN,Federal Contract Tower,4,18,24,2,48,0,0,6,0,6,4,18,30,2,54,8,0,8,62
12/07/2005,EWN,NC,ASO,EN,Federal Contract Tower,4,26,36,0,66,0,0,24,0,24,4,26,60,0,90,44,0,44,134
12/08/2005,EWN,NC,ASO,EN,Federal Contract Tower,4,18,21,10,53,0,4,17,2,23,4,22,38,12,76,32,0,32,108
12/09/2005,EWN,NC,ASO,EN,Federal Contract Tower,4,19,13,0,36,0,4,15,16,35,4,23,28,16,71,12,20,32,103
12/10/2005,EWN,NC,ASO,EN,Federal Contract Tower,6,11,18,0,35,0,0,42,0,42,6,11,60,0,77,28,0,28,105
12/11/2005,EWN,NC,ASO,EN,Federal Contract Tower,8,6,16,0,30,0,5,33,0,38,8,11,49,0,68,46,0,46,114
12/12/2005,EWN,NC,ASO,EN,Federal Contract Tower,4,16,21,6,47,0,0,23,0,23,4,16,44,6,70,38,0,38,108
12/13/2005,EWN,NC,ASO,EN,Federal Contract Tower,4,19,28,0,51,0,2,30,10,42,4,21,58,10,93,16,0,16,109
12/14/2005,EWN,NC,ASO,EN,Federal Contract Tower,6,18,17,16,57,0,2,19,3,24,6,20,36,19,81,10,2,12,93
12/15/2005,EWN,NC,ASO,EN,Federal Contract Tower,7,14,7,28,56,64,2,4,0,70,71,16,11,28,126,0,0,0,126
12/16/2005,EWN,NC,ASO,EN,Federal Contract Tower,7,18,21,0,46,0,2,28,4,34,7,20,49,4,80,8,16,24,104
12/17/2005,EWN,NC,ASO,EN,Federal Contract Tower,7,12,11,1,31,0,0,41,0,41,7,12,52,1,72,48,0,48,120
12/18/2005,EWN,NC,ASO,EN,Federal Contract Tower,8,7,14,0,29,0,0,0,0,0,8,7,14,0,29,0,0,0,29
12/19/2005,EWN,NC,ASO,EN,Federal Contract Tower,6,11,8,4,29,0,2,29,0,31,6,13,37,4,60,20,0,20,80
12/20/2005,EWN,NC,ASO,EN,Federal Contract Tower,7,20,14,6,47,0,2,28,2,32,7,22,42,8,79,32,0,32,111
12/21/2005,EWN,NC,ASO,EN,Federal Contract Tower,9,19,19,0,47,0,0,25,4,29,9,19,44,4,76,48,18,66,142
12/22/2005,EWN,NC,ASO,EN,Federal Contract Tower,9,22,8,0,39,0,0,30,2,32,9,22,38,2,71,6,0,6,77
12/23/2005,EWN,NC,ASO,EN,Federal Contract Tower,9,19,11,0,39,0,1,53,0,54,9,20,64,0,93,22,0,22,115
12/24/2005,EWN,NC,ASO,EN,Federal Contract Tower,4,12,6,0,22,2,1,15,0,18,6,13,21,0,40,0,0,0,40
12/25/2005,EWN,NC,ASO,EN,Federal Contract Tower,8,5,1,0,14,0,0,4,0,4,8,5,5,0,18,0,0,0,18
12/26/2005,EWN,NC,ASO,EN,Federal Contract Tower,8,6,10,0,24,0,0,20,0,20,8,6,30,0,44,0,0,0,44
12/27/2005,EWN,NC,ASO,EN,Federal Contract Tower,8,11,5,0,24,0,2,27,6,35,8,13,32,6,59,44,16,60,119
12/28/2005,EWN,NC,ASO,EN,Federal Contract Tower,8,17,13,0,38,0,0,37,2,39,8,17,50,2,77,36,0,36,113
12/29/2005,EWN,NC,ASO,EN,Federal Contract Tower,8,15,14,0,37,0,0,11,0,11,8,15,25,0,48,34,0,34,82
12/30/2005,EWN,NC,ASO,EN,Federal Contract Tower,8,18,12,1,39,0,0,47,0,47,8,18,59,1,86,38,0,38,124
12/31/2005,EWN,NC,ASO,EN,Federal Contract Tower,6,11,2,2,21,0,0,30,0,30,6,11,32,2,51,18,0,18,69
01/01/2006,EWN,NC,ASO,EN,Federal Contract Tower,8,5,16,0,29,0,6,30,0,36,8,11,46,0,65,26,0,26,91
01/02/2006,EWN,NC,ASO,EN,Federal Contract Tower,6,6,3,2,17,0,0,6,0,6,6,6,9,2,23,20,0,20,43
01/03/2006,EWN,NC,ASO,EN,Federal Contract Tower,8,11,13,0,32,0,0,14,0,14,8,11,27,0,46,52,0,52,98
01/04/2006,EWN,NC,ASO,EN,Federal Contract Tower,2,20,15,0,37,0,0,18,0,18,2,20,33,0,55,48,0,48,103
01/05/2006,EWN,NC,ASO,EN,Federal Contract Tower,4,17,7,0,28,0,0,24,2,26,4,17,31,2,54,28,0,28,82
01/06/2006,EWN,NC,ASO,EN,Federal Contract Tower,4,20,14,10,48,0,0,18,0,18,4,20,32,10,66,18,34,52,118
01/07/2006,EWN,NC,ASO,EN,Federal Contract Tower,6,10,21,2,39,0,4,58,3,65,6,14,79,5,104,98,0,98,202
01/08/2006,EWN,NC,ASO,EN,Federal Contract Tower,8,5,21,0,34,0,0,45,1,46,8,5,66,1,80,60,0,60,140
01/09/2006,EWN,NC,ASO,EN,Federal Contract Tower,4,13,0,10,27,0,0,24,4,28,4,13,24,14,55,30,24,54,109
01/10/2006,EWN,NC,ASO,EN,Federal Contract Tower,4,17,10,10,41,0,0,42,4,46,4,17,52,14,87,44,38,82,169
01/11/2006,EWN,NC,ASO,EN,Federal Contract Tower,4,18,13,4,39,0,0,8,8,16,4,18,21,12,55,10,8,18,73
01/12/2006,EWN,NC,ASO,EN,Federal Contract Tower,4,21,39,2,66,0,0,34,2,36,4,21,73,4,102,112,0,112,214
01/13/2006,EWN,NC,ASO,EN,Federal Contract Tower,2,23,11,2,38,0,4,30,4,38,2,27,41,6,76,36,0,36,112
01/14/2006,EWN,NC,ASO,EN,Federal Contract Tower,2,14,5,0,21,0,5,16,2,23,2,19,21,2,44,0,0,0,44
01/15/2006,EWN,NC,ASO,EN,Federal Contract Tower,6,6,9,0,21,0,0,15,0,15,6,6,24,0,36,20,0,20,56
01/16/2006,EWN,NC,ASO,EN,Federal Contract Tower,4,11,19,0,34,0,1,54,0,55,4,12,73,0,89,36,0,36,125
01/17/2006,EWN,NC,ASO,EN,Federal Contract Tower,4,18,20,8,50,0,0,17,0,17,4,18,37,8,67,12,0,12,79
01/18/2006,EWN,NC,ASO,EN,Federal Contract Tower,2,22,9,0,33,0,0,2,0,2,2,22,11,0,35,0,6,6,41
01/19/2006,EWN,NC,ASO,EN,Federal Contract Tower,4,20,16,0,40,0,3,39,6,48,4,23,55,6,88,120,4,124,212
01/20/2006,EWN,NC,ASO,EN,Federal Contract Tower,4,19,19,4,46,0,4,51,0,55,4,23,70,4,101,106,0,106,207
01/21/2006,EWN,NC,ASO,EN,Federal Contract Tower,2,12,13,1,28,0,0,41,0,41,2,12,54,1,69,116,0,116,185
01/22/2006,EWN,NC,ASO,EN,Federal Contract Tower,6,7,16,0,29,0,2,4,0,6,6,9,20,0,35,20,0,20,55
01/23/2006,EWN,NC,ASO,EN,Federal Contract Tower,6,15,26,0,47,0,0,6,0,6,6,15,32,0,53,12,0,12,65
01/24/2006,EWN,NC,ASO,EN,Federal Contract Tower,4,17,13,2,36,0,0,28,0,28,4,17,41,2,64,82,0,82,146
01/25/2006,EWN,NC,ASO,EN,Federal Contract Tower,4,17,15,2,38,0,0,38,4,42,4,17,53,6,80,8,0,8,88
01/26/2006,EWN,NC,ASO,EN,Federal Contract Tower,4,17,33,2,56,0,0,27,4,31,4,17,60,6,87,44,0,44,131
01/27/2006,EWN,NC,ASO,EN,Federal Contract Tower,4,17,18,0,39,0,0,47,2,49,4,17,65,2,88,102,0,102,190
01/28/2006,EWN,NC,ASO,EN,Federal Contract Tower,2,16,29,0,47,0,0,66,0,66,2,16,95,0,113,68,0,68,181
01/29/2006,EWN,NC,ASO,EN,Federal Contract Tower,6,7,5,0,18,0,0,10,0,10,6,7,15,0,28,20,0,20,48
01/30/2006,EWN,NC,ASO,EN,Federal Contract Tower,4,13,13,2,32,0,1,13,0,14,4,14,26,2,46,18,10,28,74
01/31/2006,EWN,NC,ASO,EN,Federal Contract Tower,4,19,10,0,33,0,0,1,0,1,4,19,11,0,34,0,14,14,48
02/01/2006,EWN,NC,ASO,EN,Federal Contract Tower,4,17,12,0,33,0,0,42,0,42,4,17,54,0,75,32,0,32,107
02/02/2006,EWN,NC,ASO,EN,Federal Contract Tower,4,16,19,38,77,0,2,33,0,35,4,18,52,38,112,18,0,18,130
02/03/2006,EWN,NC,ASO,EN,Federal Contract Tower,4,17,18,4,43,0,6,23,1,30,4,23,41,5,73,90,0,90,163
02/04/2006,EWN,NC,ASO,EN,Federal Contract Tower,2,13,5,0,20,0,1,6,0,7,2,14,11,0,27,0,0,0,27
02/05/2006,EWN,NC,ASO,EN,Federal Contract Tower,6,4,9,0,19,0,0,11,0,11,6,4,20,0,30,8,0,8,38
02/06/2006,EWN,NC,ASO,EN,Federal Contract Tower,4,15,11,6,36,0,2,24,0,26,4,17,35,6,62,18,0,18,80
02/07/2006,EWN,NC,ASO,EN,Federal Contract Tower,4,17,19,0,40,0,0,10,4,14,4,17,29,4,54,8,0,8,62
02/08/2006,EWN,NC,ASO,EN,Federal Contract Tower,4,18,22,2,46,0,1,48,0,49,4,19,70,2,95,134,0,134,229
02/09/2006,EWN,NC,ASO,EN,Federal Contract Tower,4,17,15,0,36,0,0,37,12,49,4,17,52,12,85,84,0,84,169
02/10/2006,EWN,NC,ASO,EN,Federal Contract Tower,4,18,25,1,48,0,0,47,0,47,4,18,72,1,95,72,0,72,167
02/11/2006,EWN,NC,ASO,EN,Federal Contract Tower,2,13,1,5,21,0,0,2,1,3,2,13,3,6,24,24,0,24,48
02/12/2006,EWN,NC,ASO,EN,Federal Contract Tower,6,6,7,3,22,0,0,20,0,20,6,6,27,3,42,18,0,18,60
02/13/2006,EWN,NC,ASO,EN,Federal Contract Tower,4,15,16,2,37,0,0,30,2,32,4,15,46,4,69,48,0,48,117
02/14/2006,EWN,NC,ASO,EN,Federal Contract Tower,4,19,9,6,38,0,4,37,16,57,4,23,46,22,95,28,32,60,155
02/15/2006,EWN,NC,ASO,EN,Federal Contract Tower,4,16,16,2,38,0,2,48,0,50,4,18,64,2,88,66,0,66,154
02/16/2006,EWN,NC,ASO,EN,Federal Contract Tower,4,17,10,2,33,0,2,35,1,38,4,19,45,3,71,28,12,40,111
02/17/2006,EWN,NC,ASO,EN,Federal Contract Tower,4,18,18,0,40,0,0,20,0,20,4,18,38,0,60,16,0,16,76
02/18/2006,EWN,NC,ASO,EN,Federal Contract Tower,2,10,12,0,24,0,0,9,0,9,2,10,21,0,33,20,0,20,53
02/19/2006,EWN,NC,ASO,EN,Federal Contract Tower,6,8,6,0,20,0,0,18,0,18,6,8,24,0,38,20,0,20,58
02/20/2006,EWN,NC,ASO,EN,Federal Contract Tower,4,11,14,0,29,0,0,16,0,16,4,11,30,0,45,56,0,56,101
02/21/2006,EWN,NC,ASO,EN,Federal Contract Tower,4,19,32,0,55,0,1,27,0,28,4,20,59,0,83,36,0,36,119
02/22/2006,EWN,NC,ASO,EN,Federal Contract Tower,4,31,25,0,60,0,0,5,0,5,4,31,30,0,65,18,0,18,83
02/23/2006,EWN,NC,ASO,EN,Federal Contract Tower,4,21,28,2,55,0,0,10,0,10,4,21,38,2,65,66,0,66,131
02/24/2006,EWN,NC,ASO,EN,Federal Contract Tower,6,19,14,2,41,0,0,34,14,48,6,19,48,16,89,30,0,30,119
02/25/2006,EWN,NC,ASO,EN,Federal Contract Tower,4,13,9,0,26,0,0,40,2,42,4,13,49,2,68,4,0,4,72
02/26/2006,EWN,NC,ASO,EN,Federal Contract Tower,6,5,8,0,19,0,2,12,0,14,6,7,20,0,33,30,0,30,63
02/27/2006,EWN,NC,ASO,EN,Federal Contract Tower,4,13,19,0,36,0,0,28,0,28,4,13,47,0,64,38,6,44,108
02/28/2006,EWN,NC,ASO,EN,Federal Contract Tower,4,16,16,8,44,0,0,32,4,36,4,16,48,12,80,48,0,48,128
03/01/2006,EWN,NC,ASO,EN,Federal Contract Tower,4,17,27,0,48,0,5,36,0,41,4,22,63,0,89,60,0,60,149
03/02/2006,EWN,NC,ASO,EN,Federal Contract Tower,4,17,30,2,53,0,0,20,0,20,4,17,50,2,73,36,8,44,117
03/03/2006,EWN,NC,ASO,EN,Federal Contract Tower,4,19,17,2,42,0,0,40,0,40,4,19,57,2,82,90,0,90,172
03/04/2006,EWN,NC,ASO,EN,Federal Contract Tower,4,11,25,1,41,0,4,44,6,54,4,15,69,7,95,118,0,118,213
03/05/2006,EWN,NC,ASO,EN,Federal Contract Tower,6,9,10,0,25,0,0,50,0,50,6,9,60,0,75,2,0,2,77
03/06/2006,EWN,NC,ASO,EN,Federal Contract Tower,4,16,17,2,39,0,2,11,4,17,4,18,28,6,56,80,12,92,148
03/07/2006,EWN,NC,ASO,EN,Federal Contract Tower,4,20,13,0,37,0,0,18,2,20,4,20,31,2,57,14,0,14,71
03/08/2006,EWN,NC,ASO,EN,Federal Contract Tower,4,18,19,6,47,0,0,56,7,63,4,18,75,13,110,106,0,106,216
03/09/2006,EWN,NC,ASO,EN,Federal Contract Tower,4,17,15,0,36,0,4,18,2,24,4,21,33,2,60,32,0,32,92
03/10/2006,EWN,NC,ASO,EN,Federal Contract Tower,4,17,14,0,35,0,4,34,0,38,4,21,48,0,73,180,0,180,253
03/11/2006,EWN,NC,ASO,EN,Federal Contract Tower,4,13,13,0,30,0,0,69,2,71,4,13,82,2,101,112,0,112,213
03/12/2006,EWN,NC,ASO,EN,Federal Contract Tower,6,10,14,0,30,0,0,28,0,28,6,10,42,0,58,78,0,78,136
03/13/2006,EWN,NC,ASO,EN,Federal Contract Tower,4,13,14,5,36,0,0,15,22,37,4,13,29,27,73,12,0,12,85
03/14/2006,EWN,NC,ASO,EN,Federal Contract Tower,4,18,10,0,32,0,0,17,0,17,4,18,27,0,49,44,0,44,93
03/15/2006,EWN,NC,ASO,EN,Federal Contract Tower,4,18,28,4,54,0,0,22,4,26,4,18,50,8,80,36,0,36,116
03/16/2006,EWN,NC,ASO,EN,Federal Contract Tower,4,20,26,0,50,0,4,44,2,50,4,24,70,2,100,70,0,70,170
03/17/2006,EWN,NC,ASO,EN,Federal Contract Tower,4,20,21,2,47,0,0,39,0,39,4,20,60,2,86,78,0,78,164
03/18/2006,EWN,NC,ASO,EN,Federal Contract Tower,4,12,18,0,34,0,0,57,1,58,4,12,75,1,92,42,0,42,134
03/19/2006,EWN,NC,ASO,EN,Federal Contract Tower,6,16,5,1,28,0,0,98,2,100,6,16,103,3,128,136,0,136,264
03/20/2006,EWN,NC,ASO,EN,Federal Contract Tower,4,18,25,0,47,0,0,30,2,32,4,18,55,2,79,56,2,58,137
03/21/2006,EWN,NC,ASO,EN,Federal Contract Tower,4,19,5,6,34,0,0,0,2,2,4,19,5,8,36,0,0,0,36
03/22/2006,EWN,NC,ASO,EN,Federal Contract Tower,5,15,22,4,46,0,0,26,2,28,5,15,48,6,74,78,10,88,162
03/23/2006,EWN,NC,ASO,EN,Federal Contract Tower,4,18,24,4,50,0,0,37,3,40,4,18,61,7,90,64,4,68,158
03/24/2006,EWN,NC,ASO,EN,Federal Contract Tower,4,16,33,0,53,0,0,6,0,6,4,16,39,0,59,0,0,0,59
03/25/2006,EWN,NC,ASO,EN,Federal Contract Tower,4,11,11,0,26,0,0,33,0,33,4,11,44,0,59,78,0,78,137
03/26/2006,EWN,NC,ASO,EN,Federal Contract Tower,6,7,6,0,19,0,0,33,0,33,6,7,39,0,52,40,0,40,92
03/27/2006,EWN,NC,ASO,EN,Federal Contract Tower,4,15,22,0,41,0,0,64,0,64,4,15,86,0,105,120,0,120,225
03/28/2006,EWN,NC,ASO,EN,Federal Contract Tower,4,14,11,0,29,0,0,27,1,28,4,14,38,1,57,84,0,84,141
03/29/2006,EWN,NC,ASO,EN,Federal Contract Tower,4,19,15,0,38,0,0,43,2,45,4,19,58,2,83,86,16,102,185
03/30/2006,EWN,NC,ASO,EN,Federal Contract Tower,4,16,12,0,32,0,0,43,1,44,4,16,55,1,76,38,0,38,114
03/31/2006,EWN,NC,ASO,EN,Federal Contract Tower,4,22,14,0,40,0,0,35,2,37,4,22,49,2,77,44,0,44,121
04/01/2006,EWN,NC,ASO,EN,Federal Contract Tower,2,16,9,0,27,0,0,17,4,21,2,16,26,4,48,28,0,28,76
04/02/2006,EWN,NC,ASO,EN,Federal Contract Tower,6,6,14,0,26,0,0,58,0,58,6,6,72,0,84,48,0,48,132
04/03/2006,EWN,NC,ASO,EN,Federal Contract Tower,4,17,11,0,32,0,0,9,0,9,4,17,20,0,41,42,0,42,83
04/04/2006,EWN,NC,ASO,EN,Federal Contract Tower,4,17,21,0,42,0,0,48,0,48,4,17,69,0,90,50,0,50,140
04/05/2006,EWN,NC,ASO,EN,Federal Contract Tower,4,22,24,5,55,0,4,41,0,45,4,26,65,5,100,8,0,8,108
04/06/2006,EWN,NC,ASO,EN,Federal Contract Tower,6,25,38,4,73,0,1,52,1,54,6,26,90,5,127,46,0,46,173
04/07/2006,EWN,NC,ASO,EN,Federal Contract Tower,4,20,29,0,53,0,0,45,0,45,4,20,74,0,98,54,0,54,152
04/08/2006,EWN,NC,ASO,EN,Federal Contract Tower,4,13,13,0,30,0,0,14,1,15,4,13,27,1,45,22,0,22,67
04/09/2006,EWN,NC,ASO,EN,Federal Contract Tower,6,6,10,0,22,0,0,28,2,30,6,6,38,2,52,16,0,16,68
04/10/2006,EWN,NC,ASO,EN,Federal Contract Tower,4,16,19,0,39,0,0,38,11,49,4,16,57,11,88,34,0,34,122
04/11/2006,EWN,NC,ASO,EN,Federal Contract Tower,4,18,31,4,57,0,0,43,0,43,4,18,74,4,100,62,0,62,162
04/12/2006,EWN,NC,ASO,EN,Federal Contract Tower,4,19,20,0,43,0,0,49,9,58,4,19,69,9,101,84,6,90,191
04/13/2006,EWN,NC,ASO,EN,Federal Contract Tower,4,21,20,0,45,0,2,58,2,62,4,23,78,2,107,86,8,94,201
04/14/2006,EWN,NC,ASO,EN,Federal Contract Tower,4,21,16,0,41,0,0,71,1,72,4,21,87,1,113,58,0,58,171
04/15/2006,EWN,NC,ASO,EN,Federal Contract Tower,3,14,7,0,24,0,0,43,1,44,3,14,50,1,68,28,0,28,96
04/16/2006,EWN,NC,ASO,EN,Federal Contract Tower,6,7,4,0,17,0,4,17,0,21,6,11,21,0,38,0,0,0,38
04/17/2006,EWN,NC,ASO,EN,Federal Contract Tower,4,15,19,0,38,0,0,27,0,27,4,15,46,0,65,22,0,22,87
04/18/2006,EWN,NC,ASO,EN,Federal Contract Tower,4,18,15,0,37,0,0,44,2,46,4,18,59,2,83,82,0,82,165
04/19/2006,EWN,NC,ASO,EN,Federal Contract Tower,4,26,23,3,56,0,2,45,8,55,4,28,68,11,111,92,14,106,217
04/20/2006,EWN,NC,ASO,EN,Federal Contract Tower,4,23,11,2,40,0,1,29,7,37,4,24,40,9,77,74,6,80,157
04/21/2006,EWN,NC,ASO,EN,Federal Contract Tower,4,24,17,0,45,0,0,44,2,46,4,24,61,2,91,32,10,42,133
04/22/2006,EWN,NC,ASO,EN,Federal Contract Tower,2,17,3,0,22,0,0,5,0,5,2,17,8,0,27,0,0,0,27
04/23/2006,EWN,NC,ASO,EN,Federal Contract Tower,4,12,14,1,31,0,0,30,0,30,4,12,44,1,61,40,0,40,101
04/24/2006,EWN,NC,ASO,EN,Federal Contract Tower,4,14,12,0,30,0,4,21,1,26,4,18,33,1,56,50,0,50,106
04/25/2006,EWN,NC,ASO,EN,Federal Contract Tower,4,17,30,2,53,0,0,31,2,33,4,17,61,4,86,78,0,78,164
04/26/2006,EWN,NC,ASO,EN,Federal Contract Tower,4,22,18,4,48,0,0,10,4,14,4,22,28,8,62,54,0,54,116
04/27/2006,EWN,NC,ASO,EN,Federal Contract Tower,4,18,20,0,42,0,0,4,5,9,4,18,24,5,51,8,0,8,59
04/28/2006,EWN,NC,ASO,EN,Federal Contract Tower,4,19,22,8,53,0,0,41,4,45,4,19,63,12,98,69,0,69,167
04/29/2006,EWN,NC,ASO,EN,Federal Contract Tower,4,14,13,0,31,0,0,35,0,35,4,14,48,0,66,34,0,34,100
04/30/2006,EWN,NC,ASO,EN,Federal Contract Tower,4,5,14,0,23,0,0,19,2,21,4,5,33,2,44,32,0,32,76
05/01/2006,EWN,NC,ASO,EN,Federal Contract Tower,4,18,14,2,38,0,4,20,2,26,4,22,34,4,64,32,0,32,96
05/02/2006,EWN,NC,ASO,EN,Federal Contract Tower,4,18,15,2,39,0,0,40,1,41,4,18,55,3,80,56,10,66,146
05/03/2006,EWN,NC,ASO,EN,Federal Contract Tower,4,18,25,0,47,0,0,44,11,55,4,18,69,11,102,32,0,32,134
05/04/2006,EWN,NC,ASO,EN,Federal Contract Tower,4,22,10,2,38,0,0,35,0,35,4,22,45,2,73,54,0,54,127
05/05/2006,EWN,NC,ASO,EN,Federal Contract Tower,4,18,14,0,36,0,0,14,4,18,4,18,28,4,54,22,0,22,76
05/06/2006,EWN,NC,ASO,EN,Federal Contract Tower,4,12,9,0,25,0,0,12,4,16,4,12,21,4,41,12,0,12,53
05/07/2006,EWN,NC,ASO,EN,Federal Contract Tower,6,11,5,0,22,0,0,12,0,12,6,11,17,0,34,34,0,34,68
05/08/2006,EWN,NC,ASO,EN,Federal Contract Tower,4,14,17,0,35,0,0,3,0,3,4,14,20,0,38,0,0,0,38
05/09/2006,EWN,NC,ASO,EN,Federal Contract Tower,4,16,40,0,60,0,0,38,2,40,4,16,78,2,100,90,0,90,190
05/10/2006,EWN,NC,ASO,EN,Federal Contract Tower,4,13,15,4,36,0,0,38,11,49,4,13,53,15,85,130,16,146,231
05/11/2006,EWN,NC,ASO,EN,Federal Contract Tower,4,28,14,2,48,0,0,15,1,16,4,28,29,3,64,52,0,52,116
05/12/2006,EWN,NC,ASO,EN,Federal Contract Tower,4,24,27,1,56,0,2,36,11,49,4,26,63,12,105,68,12,80,185
05/13/2006,EWN,NC,ASO,EN,Federal Contract Tower,4,13,10,3,30,0,0,38,0,38,4,13,48,3,68,60,0,60,128
05/14/2006,EWN,NC,ASO,EN,Federal Contract Tower,6,7,10,0,23,0,0,8,0,8,6,7,18,0,31,22,0,22,53
05/15/2006,EWN,NC,ASO,EN,Federal Contract Tower,4,17,20,4,45,0,0,10,0,10,4,17,30,4,55,0,10,10,65
05/16/2006,EWN,NC,ASO,EN,Federal Contract Tower,4,18,16,0,38,0,0,27,0,27,4,18,43,0,65,106,0,106,171
05/17/2006,EWN,NC,ASO,EN,Federal Contract Tower,4,22,25,2,53,0,0,38,2,40,4,22,63,4,93,72,18,90,183
05/18/2006,EWN,NC,ASO,EN,Federal Contract Tower,4,20,30,0,54,0,0,34,0,34,4,20,64,0,88,86,0,86,174
05/19/2006,EWN,NC,ASO,EN,Federal Contract Tower,4,17,16,0,37,0,0,32,2,34,4,17,48,2,71,70,0,70,141
05/20/2006,EWN,NC,ASO,EN,Federal Contract Tower,4,13,5,0,22,0,0,27,0,27,4,13,32,0,49,56,0,56,105
05/21/2006,EWN,NC,ASO,EN,Federal Contract Tower,6,6,10,0,22,0,0,55,2,57,6,6,65,2,79,102,0,102,181
05/22/2006,EWN,NC,ASO,EN,Federal Contract Tower,4,16,20,0,40,0,0,20,2,22,4,16,40,2,62,16,0,16,78
05/23/2006,EWN,NC,ASO,EN,Federal Contract Tower,4,15,9,0,28,0,0,43,0,43,4,15,52,0,71,108,0,108,179
05/24/2006,EWN,NC,ASO,EN,Federal Contract Tower,4,20,17,0,41,0,2,44,2,48,4,22,61,2,89,26,0,26,115
05/25/2006,EWN,NC,ASO,EN,Federal Contract Tower,4,20,10,0,34,0,0,37,0,37,4,20,47,0,71,26,0,26,97
05/26/2006,EWN,NC,ASO,EN,Federal Contract Tower,4,23,18,0,45,0,0,26,0,26,4,23,44,0,71,36,0,36,107
05/27/2006,EWN,NC,ASO,EN,Federal Contract Tower,4,11,17,0,32,0,0,46,0,46,4,11,63,0,78,28,0,28,106
05/28/2006,EWN,NC,ASO,EN,Federal Contract Tower,6,5,14,0,25,0,0,30,0,30,6,5,44,0,55,4,0,4,59
05/29/2006,EWN,NC,ASO,EN,Federal Contract Tower,4,9,7,0,20,0,1,43,0,44,4,10,50,0,64,44,2,46,110
05/30/2006,EWN,NC,ASO,EN,Federal Contract Tower,4,13,36,0,53,0,0,28,0,28,4,13,64,0,81,34,0,34,115
05/31/2006,EWN,NC,ASO,EN,Federal Contract Tower,4,18,22,4,48,0,0,31,2,33,4,18,53,6,81,64,0,64,145
06/01/2006,EWN,NC,ASO,EN,Federal Contract Tower,4,20,18,3,45,0,0,45,1,46,4,20,63,4,91,0,0,0,91
06/02/2006,EWN,NC,ASO,EN,Federal Contract Tower,4,17,20,0,41,0,0,31,1,32,4,17,51,1,73,50,6,56,129
06/03/2006,EWN,NC,ASO,EN,Federal Contract Tower,2,15,12,0,29,0,0,19,0,19,2,15,31,0,48,24,0,24,72
06/04/2006,EWN,NC,ASO,EN,Federal Contract Tower,6,6,14,0,26,0,0,54,0,54,6,6,68,0,80,104,0,104,184
06/05/2006,EWN,NC,ASO,EN,Federal Contract Tower,2,16,23,2,43,0,0,3,2,5,2,16,26,4,48,34,0,34,82
06/06/2006,EWN,NC,ASO,EN,Federal Contract Tower,4,19,13,2,38,0,0,14,0,14,4,19,27,2,52,54,0,54,106
06/07/2006,EWN,NC,ASO,EN,Federal Contract Tower,4,24,18,0,46,0,0,36,2,38,4,24,54,2,84,34,0,34,118
06/08/2006,EWN,NC,ASO,EN,Federal Contract Tower,4,22,20,0,46,0,0,22,4,26,4,22,42,4,72,16,12,28,100
06/09/2006,EWN,NC,ASO,EN,Federal Contract Tower,4,19,24,4,51,0,0,37,0,37,4,19,61,4,88,22,2,24,112
06/10/2006,EWN,NC,ASO,EN,Federal Contract Tower,4,13,13,0,30,0,1,40,1,42,4,14,53,1,72,98,0,98,170
06/11/2006,EWN,NC,ASO,EN,Federal Contract Tower,6,14,24,0,44,0,0,32,0,32,6,14,56,0,76,50,0,50,126
06/12/2006,EWN,NC,ASO,EN,Federal Contract Tower,4,17,14,0,35,0,0,26,0,26,4,17,40,0,61,54,0,54,115
06/13/2006,EWN,NC,ASO,EN,Federal Contract Tower,4,18,25,0,47,0,0,26,0,26,4,18,51,0,73,122,0,122,195
06/14/2006,EWN,NC,ASO,EN,Federal Contract Tower,4,17,4,2,27,0,0,1,0,1,4,17,5,2,28,0,0,0,28
06/15/2006,EWN,NC,ASO,EN,Federal Contract Tower,4,17,20,0,41,0,0,68,6,74,4,17,88,6,115,40,18,58,173
06/16/2006,EWN,NC,ASO,EN,Federal Contract Tower,4,22,31,2,59,0,0,88,2,90,4,22,119,4,149,62,22,84,233
06/17/2006,EWN,NC,ASO,EN,Federal Contract Tower,4,15,18,0,37,0,0,80,1,81,4,15,98,1,118,70,0,70,188
06/18/2006,EWN,NC,ASO,EN,Federal Contract Tower,6,20,43,0,69,0,0,88,0,88,6,20,131,0,157,78,0,78,235
06/19/2006,EWN,NC,ASO,EN,Federal Contract Tower,4,13,17,0,34,0,0,95,2,97,4,13,112,2,131,30,0,30,161
06/20/2006,EWN,NC,ASO,EN,Federal Contract Tower,4,18,23,0,45,0,6,53,2,61,4,24,76,2,106,48,16,64,170
06/21/2006,EWN,NC,ASO,EN,Federal Contract Tower,4,19,17,1,41,0,0,71,0,71,4,19,88,1,112,90,0,90,202
06/22/2006,EWN,NC,ASO,EN,Federal Contract Tower,4,18,34,6,62,0,1,56,3,60,4,19,90,9,122,72,0,72,194
06/23/2006,EWN,NC,ASO,EN,Federal Contract Tower,5,15,25,30,75,0,0,49,4,53,5,15,74,34,128,36,0,36,164
06/24/2006,EWN,NC,ASO,EN,Federal Contract Tower,4,12,9,36,61,0,1,30,0,31,4,13,39,36,92,30,0,30,122
06/25/2006,EWN,NC,ASO,EN,Federal Contract Tower,6,7,22,6,41,0,0,63,0,63,6,7,85,6,104,52,0,52,156
06/26/2006,EWN,NC,ASO,EN,Federal Contract Tower,4,20,19,6,49,0,0,34,6,40,4,20,53,12,89,18,0,18,107
06/27/2006,EWN,NC,ASO,EN,Federal Contract Tower,4,18,20,2,44,0,0,6,0,6,4,18,26,2,50,0,0,0,50
06/28/2006,EWN,NC,ASO,EN,Federal Contract Tower,4,19,31,0,54,0,0,49,5,54,4,19,80,5,108,42,0,42,150
06/29/2006,EWN,NC,ASO,EN,Federal Contract Tower,4,19,30,8,61,0,0,110,2,112,4,19,140,10,173,10,0,10,183
06/30/2006,EWN,NC,ASO,EN,Federal Contract Tower,4,18,29,2,53,0,0,124,0,124,4,18,153,2,177,74,0,74,251
07/01/2006,EWN,NC,ASO,EN,Federal Contract Tower,4,17,29,0,50,0,0,117,0,117,4,17,146,0,167,56,0,56,223
07/02/2006,EWN,NC,ASO,EN,Federal Contract Tower,6,8,17,0,31,0,0,82,0,82,6,8,99,0,113,20,0,20,133
07/03/2006,EWN,NC,ASO,EN,Federal Contract Tower,4,12,11,1,28,0,10,99,1,110,4,22,110,2,138,60,0,60,198
07/04/2006,EWN,NC,ASO,EN,Federal Contract Tower,4,9,4,0,17,0,7,51,0,58,4,16,55,0,75,14,0,14,89
07/05/2006,EWN,NC,ASO,EN,Federal Contract Tower,4,18,9,0,31,0,0,35,0,35,4,18,44,0,66,36,0,36,102
07/06/2006,EWN,NC,ASO,EN,Federal Contract Tower,4,20,7,6,37,0,0,8,0,8,4,20,15,6,45,0,0,0,45
07/07/2006,EWN,NC,ASO,EN,Federal Contract Tower,4,18,21,0,43,0,0,42,0,42,4,18,63,0,85,96,0,96,181
07/08/2006,EWN,NC,ASO,EN,Federal Contract Tower,4,16,23,0,43,0,0,51,0,51,4,16,74,0,94,46,0,46,140
07/09/2006,EWN,NC,ASO,EN,Federal Contract Tower,6,9,17,0,32,0,0,29,0,29,6,9,46,0,61,26,0,26,87
07/10/2006,EWN,NC,ASO,EN,Federal Contract Tower,2,15,21,0,38,0,0,28,2,30,2,15,49,2,68,66,0,66,134
07/11/2006,EWN,NC,ASO,EN,Federal Contract Tower,4,20,22,0,46,0,0,49,0,49,4,20,71,0,95,59,0,59,154
07/12/2006,EWN,NC,ASO,EN,Federal Contract Tower,4,25,12,1,42,0,0,55,8,63,4,25,67,9,105,74,14,88,193
07/13/2006,EWN,NC,ASO,EN,Federal Contract Tower,4,25,22,2,53,0,0,48,2,50,4,25,70,4,103,90,0,90,193
07/14/2006,EWN,NC,ASO,EN,Federal Contract Tower,4,28,29,0,61,0,0,19,4,23,4,28,48,4,84,78,0,78,162
07/15/2006,EWN,NC,ASO,EN,Federal Contract Tower,4,16,21,0,41,0,0,30,0,30,4,16,51,0,71,60,0,60,131
07/16/2006,EWN,NC,ASO,EN,Federal Contract Tower,6,10,36,0,52,0,0,41,0,41,6,10,77,0,93,44,0,44,137
07/17/2006,EWN,NC,ASO,EN,Federal Contract Tower,4,14,7,4,29,0,2,20,0,22,4,16,27,4,51,24,0,24,75
07/18/2006,EWN,NC,ASO,EN,Federal Contract Tower,4,18,12,0,34,0,0,25,14,39,4,18,37,14,73,40,0,40,113
07/19/2006,EWN,NC,ASO,EN,Federal Contract Tower,4,17,15,8,44,0,0,43,1,44,4,17,58,9,88,92,0,92,180
07/20/2006,EWN,NC,ASO,EN,Federal Contract Tower,4,18,25,4,51,0,0,36,0,36,4,18,61,4,87,68,0,68,155
07/21/2006,EWN,NC,ASO,EN,Federal Contract Tower,4,18,20,0,42,0,4,34,8,46,4,22,54,8,88,46,8,54,142
07/22/2006,EWN,NC,ASO,EN,Federal Contract Tower,4,13,9,0,26,0,0,32,0,32,4,13,41,0,58,46,0,46,104
07/23/2006,EWN,NC,ASO,EN,Federal Contract Tower,6,9,22,0,37,0,0,23,0,23,6,9,45,0,60,48,0,48,108
07/24/2006,EWN,NC,ASO,EN,Federal Contract Tower,4,16,14,0,34,0,0,16,2,18,4,16,30,2,52,50,0,50,102
07/25/2006,EWN,NC,ASO,EN,Federal Contract Tower,4,19,16,8,47,0,0,10,0,10,4,19,26,8,57,0,0,0,57
07/26/2006,EWN,NC,ASO,EN,Federal Contract Tower,4,20,19,4,47,0,0,15,6,21,4,20,34,10,68,62,0,62,130
07/27/2006,EWN,NC,ASO,EN,Federal Contract Tower,4,19,41,4,68,0,0,24,6,30,4,19,65,10,98,28,20,48,146
07/28/2006,EWN,NC,ASO,EN,Federal Contract Tower,4,19,14,0,37,0,0,28,0,28,4,19,42,0,65,42,0,42,107
07/29/2006,EWN,NC,ASO,EN,Federal Contract Tower,4,14,15,0,33,0,0,28,0,28,4,14,43,0,61,12,0,12,73
07/30/2006,EWN,NC,ASO,EN,Federal Contract Tower,6,6,24,0,36,0,0,25,0,25,6,6,49,0,61,6,0,6,67
07/31/2006,EWN,NC,ASO,EN,Federal Contract Tower,4,15,14,0,33,0,0,20,0,20,4,15,34,0,53,32,0,32,85
08/01/2006,EWN,NC,ASO,EN,Federal Contract Tower,4,17,9,2,32,0,0,19,4,23,4,17,28,6,55,26,0,26,81
08/02/2006,EWN,NC,ASO,EN,Federal Contract Tower,4,15,12,0,31,0,0,25,0,25,4,15,37,0,56,8,0,8,64
08/03/2006,EWN,NC,ASO,EN,Federal Contract Tower,4,18,13,8,43,1,1,25,8,35,5,19,38,16,78,66,34,100,178
08/04/2006,EWN,NC,ASO,EN,Federal Contract Tower,4,17,10,1,32,0,0,17,0,17,4,17,27,1,49,26,0,26,75
08/05/2006,EWN,NC,ASO,EN,Federal Contract Tower,3,16,12,0,31,0,0,13,0,13,3,16,25,0,44,20,0,20,64
08/06/2006,EWN,NC,ASO,EN,Federal Contract Tower,6,6,15,1,28,0,0,0,0,0,6,6,15,1,28,30,0,30,58
08/07/2006,EWN,NC,ASO,EN,Federal Contract Tower,4,15,13,0,32,0,0,10,0,10,4,15,23,0,42,0,0,0,42
08/08/2006,EWN,NC,ASO,EN,Federal Contract Tower,4,22,6,10,42,0,0,28,1,29,4,22,34,11,71,72,0,72,143
08/09/2006,EWN,NC,ASO,EN,Federal Contract Tower,4,19,21,4,48,0,0,24,2,26,4,19,45,6,74,58,0,58,132
08/10/2006,EWN,NC,ASO,EN,Federal Contract Tower,4,20,13,2,39,0,0,13,12,25,4,20,26,14,64,24,0,24,88
08/11/2006,EWN,NC,ASO,EN,Federal Contract Tower,4,23,48,4,79,0,0,14,0,14,4,23,62,4,93,60,0,60,153
08/12/2006,EWN,NC,ASO,EN,Federal Contract Tower,4,18,32,2,56,0,0,35,2,37,4,18,67,4,93,71,0,71,164
08/13/2006,EWN,NC,ASO,EN,Federal Contract Tower,6,8,15,0,29,0,0,83,0,83,6,8,98,0,112,64,0,64,176
08/14/2006,EWN,NC,ASO,EN,Federal Contract Tower,4,14,11,4,33,0,0,27,0,27,4,14,38,4,60,106,0,106,166
08/15/2006,EWN,NC,ASO,EN,Federal Contract Tower,4,19,11,4,38,0,0,47,0,47,4,19,58,4,85,50,0,50,135
08/16/2006,EWN,NC,ASO,EN,Federal Contract Tower,4,18,20,0,42,0,0,26,2,28,4,18,46,2,70,41,0,41,111
08/17/2006,EWN,NC,ASO,EN,Federal Contract Tower,4,17,17,2,40,0,0,5,0,5,4,17,22,2,45,0,0,0,45
08/18/2006,EWN,NC,ASO,EN,Federal Contract Tower,4,16,14,7,41,0,0,19,0,19,4,16,33,7,60,38,0,38,98
08/19/2006,EWN,NC,ASO,EN,Federal Contract Tower,4,16,14,0,34,0,0,27,2,29,4,16,41,2,63,50,0,50,113
08/20/2006,EWN,NC,ASO,EN,Federal Contract Tower,6,6,17,0,29,0,0,18,0,18,6,6,35,0,47,38,0,38,85
08/21/2006,EWN,NC,ASO,EN,Federal Contract Tower,2,17,18,10,47,0,0,19,6,25,2,17,37,16,72,66,0,66,138
08/22/2006,EWN,NC,ASO,EN,Federal Contract Tower,2,18,9,4,33,0,0,8,0,8,2,18,17,4,41,22,0,22,63
08/23/2006,EWN,NC,ASO,EN,Federal Contract Tower,4,23,14,1,42,0,0,25,4,29,4,23,39,5,71,42,26,68,139
08/24/2006,EWN,NC,ASO,EN,Federal Contract Tower,4,18,13,2,37,0,0,17,0,17,4,18,30,2,54,54,0,54,108
08/25/2006,EWN,NC,ASO,EN,Federal Contract Tower,6,20,12,0,38,0,0,43,0,43,6,20,55,0,81,10,0,10,91
08/26/2006,EWN,NC,ASO,EN,Federal Contract Tower,6,17,17,0,40,0,0,53,2,55,6,17,70,2,95,32,0,32,127
08/27/2006,EWN,NC,ASO,EN,Federal Contract Tower,4,10,10,0,24,0,0,34,0,34,4,10,44,0,58,32,0,32,90
08/28/2006,EWN,NC,ASO,EN,Federal Contract Tower,4,14,12,0,30,0,0,26,4,30,4,14,38,4,60,48,0,48,108
08/29/2006,EWN,NC,ASO,EN,Federal Contract Tower,4,20,30,8,62,0,0,17,2,19,4,20,47,10,81,0,0,0,81
08/30/2006,EWN,NC,ASO,EN,Federal Contract Tower,2,19,20,0,41,0,0,9,1,10,2,19,29,1,51,26,0,26,77
08/31/2006,EWN,NC,ASO,EN,Federal Contract Tower,4,20,5,0,29,0,0,0,0,0,4,20,5,0,29,0,0,0,29
09/01/2006,EWN,NC,ASO,EN,Federal Contract Tower,4,14,10,2,30,0,0,4,0,4,4,14,14,2,34,0,0,0,34
09/02/2006,EWN,NC,ASO,EN,Federal Contract Tower,6,15,15,1,37,0,0,29,1,30,6,15,44,2,67,76,0,76,143
09/03/2006,EWN,NC,ASO,EN,Federal Contract Tower,6,10,7,0,23,0,0,32,2,34,6,10,39,2,57,90,0,90,147
09/04/2006,EWN,NC,ASO,EN,Federal Contract Tower,4,10,22,0,36,0,0,14,0,14,4,10,36,0,50,18,0,18,68
09/05/2006,EWN,NC,ASO,EN,Federal Contract Tower,4,20,6,0,30,0,0,12,0,12,4,20,18,0,42,56,0,56,98
09/06/2006,EWN,NC,ASO,EN,Federal Contract Tower,8,19,19,0,46,0,0,12,0,12,8,19,31,0,58,4,0,4,62
09/07/2006,EWN,NC,ASO,EN,Federal Contract Tower,6,20,13,2,41,0,1,35,0,36,6,21,48,2,77,46,0,46,123
09/08/2006,EWN,NC,ASO,EN,Federal Contract Tower,6,19,34,0,59,0,0,23,0,23,6,19,57,0,82,44,0,44,126
09/09/2006,EWN,NC,ASO,EN,Federal Contract Tower,6,13,10,0,29,0,0,40,0,40,6,13,50,0,69,68,0,68,137
09/10/2006,EWN,NC,ASO,EN,Federal Contract Tower,8,13,19,0,40,0,0,46,0,46,8,13,65,0,86,52,0,52,138
09/11/2006,EWN,NC,ASO,EN,Federal Contract Tower,6,13,8,0,27,0,0,15,4,19,6,13,23,4,46,110,8,118,164
09/12/2006,EWN,NC,ASO,EN,Federal Contract Tower,3,18,13,0,34,0,0,57,2,59,3,18,70,2,93,146,0,146,239
09/13/2006,EWN,NC,ASO,EN,Federal Contract Tower,6,19,16,18,59,0,0,15,2,17,6,19,31,20,76,20,0,20,96
09/14/2006,EWN,NC,ASO,EN,Federal Contract Tower,6,22,17,0,45,0,0,4,0,4,6,22,21,0,49,0,0,0,49
09/15/2006,EWN,NC,ASO,EN,Federal Contract Tower,6,19,23,0,48,0,0,18,0,18,6,19,41,0,66,44,0,44,110
09/16/2006,EWN,NC,ASO,EN,Federal Contract Tower,4,13,14,0,31,0,0,25,0,25,4,13,39,0,56,66,0,66,122
09/17/2006,EWN,NC,ASO,EN,Federal Contract Tower,8,6,26,0,40,0,0,31,0,31,8,6,57,0,71,42,0,42,113
09/18/2006,EWN,NC,ASO,EN,Federal Contract Tower,6,14,22,2,44,0,0,26,2,28,6,14,48,4,72,72,0,72,144
09/19/2006,EWN,NC,ASO,EN,Federal Contract Tower,6,21,19,4,50,0,0,10,0,10,6,21,29,4,60,80,0,80,140
09/20/2006,EWN,NC,ASO,EN,Federal Contract Tower,6,20,13,4,43,0,0,31,1,32,6,20,44,5,75,32,0,32,107
09/21/2006,EWN,NC,ASO,EN,Federal Contract Tower,6,18,17,2,43,0,0,47,2,49,6,18,64,4,92,66,4,70,162
09/22/2006,EWN,NC,ASO,EN,Federal Contract Tower,6,18,20,8,52,0,0,80,0,80,6,18,100,8,132,86,0,86,218
09/23/2006,EWN,NC,ASO,EN,Federal Contract Tower,6,13,15,0,34,0,0,20,0,20,6,13,35,0,54,10,0,10,64
09/24/2006,EWN,NC,ASO,EN,Federal Contract Tower,8,6,6,0,20,0,0,17,6,23,8,6,23,6,43,18,0,18,61
09/25/2006,EWN,NC,ASO,EN,Federal Contract Tower,6,17,30,4,57,0,0,25,0,25,6,17,55,4,82,16,0,16,98
09/26/2006,EWN,NC,ASO,EN,Federal Contract Tower,7,22,18,0,47,0,0,39,0,39,7,22,57,0,86,36,0,36,122
09/27/2006,EWN,NC,ASO,EN,Federal Contract Tower,6,16,22,0,44,0,0,40,2,42,6,16,62,2,86,28,0,28,114
09/28/2006,EWN,NC,ASO,EN,Federal Contract Tower,6,18,20,2,46,0,0,24,0,24,6,18,44,2,70,48,0,48,118
09/29/2006,EWN,NC,ASO,EN,Federal Contract Tower,6,14,18,6,44,0,0,50,2,52,6,14,68,8,96,34,0,34,130
09/30/2006,EWN,NC,ASO,EN,Federal Contract Tower,6,13,22,0,41,0,0,49,2,51,6,13,71,2,92,78,0,78,170
10/01/2006,EWN,NC,ASO,EN,Federal Contract Tower,9,6,18,1,34,0,0,30,0,30,9,6,48,1,64,10,0,10,74
10/02/2006,EWN,NC,ASO,EN,Federal Contract Tower,6,14,23,4,47,0,0,52,0,52,6,14,75,4,99,68,0,68,167
10/03/2006,EWN,NC,ASO,EN,Federal Contract Tower,7,18,20,2,47,0,0,43,0,43,7,18,63,2,90,46,0,46,136
10/04/2006,EWN,NC,ASO,EN,Federal Contract Tower,7,18,19,0,44,0,0,31,2,33,7,18,50,2,77,60,4,64,141
10/05/2006,EWN,NC,ASO,EN,Federal Contract Tower,6,21,18,1,46,0,0,32,2,34,6,21,50,3,80,40,0,40,120
10/06/2006,EWN,NC,ASO,EN,Federal Contract Tower,7,17,12,2,38,0,0,17,0,17,7,17,29,2,55,42,0,42,97
10/07/2006,EWN,NC,ASO,EN,Federal Contract Tower,6,13,10,0,29,0,0,11,0,11,6,13,21,0,40,4,0,4,44
10/08/2006,EWN,NC,ASO,EN,Federal Contract Tower,6,8,8,0,22,0,0,1,0,1,6,8,9,0,23,0,0,0,23
10/09/2006,EWN,NC,ASO,EN,Federal Contract Tower,6,14,16,0,36,0,0,7,0,7,6,14,23,0,43,2,0,2,45
10/10/2006,EWN,NC,ASO,EN,Federal Contract Tower,6,19,18,0,43,0,0,23,0,23,6,19,41,0,66,64,0,64,130
10/11/2006,EWN,NC,ASO,EN,Federal Contract Tower,6,17,21,0,44,0,0,25,0,25,6,17,46,0,69,76,0,76,145
10/12/2006,EWN,NC,ASO,EN,Federal Contract Tower,4,20,27,0,51,0,0,29,0,29,4,20,56,0,80,100,0,100,180
10/13/2006,EWN,NC,ASO,EN,Federal Contract Tower,4,19,12,0,35,0,0,39,0,39,4,19,51,0,74,90,0,90,164
10/14/2006,EWN,NC,ASO,EN,Federal Contract Tower,5,14,11,0,30,0,0,38,0,38,5,14,49,0,68,8,0,8,76
10/15/2006,EWN,NC,ASO,EN,Federal Contract Tower,6,8,19,0,33,0,0,43,0,43,6,8,62,0,76,48,0,48,124
10/16/2006,EWN,NC,ASO,EN,Federal Contract Tower,4,19,23,0,46,0,0,30,6,36,4,19,53,6,82,22,0,22,104
10/17/2006,EWN,NC,ASO,EN,Federal Contract Tower,4,21,21,0,46,0,0,8,24,32,4,21,29,24,78,36,14,50,128
10/18/2006,EWN,NC,ASO,EN,Federal Contract Tower,6,17,23,2,48,0,0,19,6,25,6,17,42,8,73,0,0,0,73
10/19/2006,EWN,NC,ASO,EN,Federal Contract Tower,9,20,23,2,54,0,0,11,0,11,9,20,34,2,65,10,0,10,75
10/20/2006,EWN,NC,ASO,EN,Federal Contract Tower,4,20,8,0,32,0,0,29,0,29,4,20,37,0,61,44,0,44,105
10/21/2006,EWN,NC,ASO,EN,Federal Contract Tower,4,13,21,1,39,0,0,57,1,58,4,13,78,2,97,108,0,108,205
10/22/2006,EWN,NC,ASO,EN,Federal Contract Tower,4,8,17,0,29,0,0,11,0,11,4,8,28,0,40,34,0,34,74
10/23/2006,EWN,NC,ASO,EN,Federal Contract Tower,4,16,23,0,43,0,0,22,0,22,4,16,45,0,65,34,0,34,99
10/24/2006,EWN,NC,ASO,EN,Federal Contract Tower,6,20,18,0,44,0,0,37,2,39,6,20,55,2,83,0,0,0,83
10/25/2006,EWN,NC,ASO,EN,Federal Contract Tower,6,19,30,2,57,0,0,45,0,45,6,19,75,2,102,30,0,30,132
10/26/2006,EWN,NC,ASO,EN,Federal Contract Tower,6,17,11,1,35,0,0,0,0,0,6,17,11,1,35,60,14,74,109
10/27/2006,EWN,NC,ASO,EN,Federal Contract Tower,6,21,19,0,46,0,0,25,4,29,6,21,44,4,75,8,0,8,83
10/28/2006,EWN,NC,ASO,EN,Federal Contract Tower,6,11,11,0,28,0,0,13,0,13,6,11,24,0,41,0,0,0,41
10/29/2006,EWN,NC,ASO,EN,Federal Contract Tower,4,12,15,1,32,0,2,41,3,46,4,14,56,4,78,36,18,54,132
10/30/2006,EWN,NC,ASO,EN,Federal Contract Tower,4,17,11,2,34,0,0,27,2,29,4,17,38,4,63,36,10,46,109
10/31/2006,EWN,NC,ASO,EN,Federal Contract Tower,6,20,18,2,46,0,0,31,8,39,6,20,49,10,85,78,0,78,163
11/01/2006,EWN,NC,ASO,EN,Federal Contract Tower,6,19,21,0,46,0,0,39,0,39,6,19,60,0,85,38,0,38,123
11/02/2006,EWN,NC,ASO,EN,Federal Contract Tower,6,21,10,0,37,0,0,20,6,26,6,21,30,6,63,0,0,0,63
11/03/2006,EWN,NC,ASO,EN,Federal Contract Tower,5,20,16,0,41,0,0,40,2,42,5,20,56,2,83,12,0,12,95
11/04/2006,EWN,NC,ASO,EN,Federal Contract Tower,4,14,18,0,36,0,0,58,7,65,4,14,76,7,101,58,0,58,159
11/05/2006,EWN,NC,ASO,EN,Federal Contract Tower,6,8,11,0,25,0,0,32,0,32,6,8,43,0,57,0,0,0,57
11/06/2006,EWN,NC,ASO,EN,Federal Contract Tower,6,14,17,0,37,0,0,28,2,30,6,14,45,2,67,34,0,34,101
11/07/2006,EWN,NC,ASO,EN,Federal Contract Tower,6,20,19,0,45,0,0,4,4,8,6,20,23,4,53,0,0,0,53
11/08/2006,EWN,NC,ASO,EN,Federal Contract Tower,6,22,32,0,60,0,0,18,2,20,6,22,50,2,80,8,0,8,88
11/09/2006,EWN,NC,ASO,EN,Federal Contract Tower,6,18,24,0,48,0,0,40,0,40,6,18,64,0,88,30,0,30,118
11/10/2006,EWN,NC,ASO,EN,Federal Contract Tower,6,18,12,0,36,0,0,50,0,50,6,18,62,0,86,52,0,52,138
11/11/2006,EWN,NC,ASO,EN,Federal Contract Tower,4,13,8,1,26,0,0,33,0,33,4,13,41,1,59,18,0,18,77
11/12/2006,EWN,NC,ASO,EN,Federal Contract Tower,6,7,17,0,30,0,0,4,0,4,6,7,21,0,34,2,0,2,36
11/13/2006,EWN,NC,ASO,EN,Federal Contract Tower,6,16,18,0,40,0,0,25,0,25,6,16,43,0,65,60,0,60,125
11/14/2006,EWN,NC,ASO,EN,Federal Contract Tower,6,19,30,2,57,0,0,47,4,51,6,19,77,6,108,60,0,60,168
11/15/2006,EWN,NC,ASO,EN,Federal Contract Tower,6,19,34,4,63,0,0,19,8,27,6,19,53,12,90,36,16,52,142
11/16/2006,EWN,NC,ASO,EN,Federal Contract Tower,8,23,7,0,38,0,0,1,0,1,8,23,8,0,39,0,0,0,39
11/17/2006,EWN,NC,ASO,EN,Federal Contract Tower,6,18,12,4,40,0,0,43,0,43,6,18,55,4,83,46,0,46,129
11/18/2006,EWN,NC,ASO,EN,Federal Contract Tower,4,14,26,1,45,0,1,60,4,65,4,15,86,5,110,118,0,118,228
11/19/2006,EWN,NC,ASO,EN,Federal Contract Tower,6,8,16,0,30,0,0,39,0,39,6,8,55,0,69,48,0,48,117
11/20/2006,EWN,NC,ASO,EN,Federal Contract Tower,6,16,17,1,40,0,0,20,1,21,6,16,37,2,61,36,0,36,97
11/21/2006,EWN,NC,ASO,EN,Federal Contract Tower,5,22,8,0,35,0,0,0,0,0,5,22,8,0,35,0,0,0,35
11/22/2006,EWN,NC,ASO,EN,Federal Contract Tower,6,23,8,0,37,0,0,5,4,9,6,23,13,4,46,22,0,22,68
11/23/2006,EWN,NC,ASO,EN,Federal Contract Tower,6,8,11,0,25,0,0,1,6,7,6,8,12,6,32,0,0,0,32
11/24/2006,EWN,NC,ASO,EN,Federal Contract Tower,6,16,12,0,34,0,0,47,0,47,6,16,59,0,81,42,0,42,123
11/25/2006,EWN,NC,ASO,EN,Federal Contract Tower,4,15,21,0,40,0,0,43,0,43,4,15,64,0,83,96,0,96,179
11/26/2006,EWN,NC,ASO,EN,Federal Contract Tower,6,8,31,0,45,0,0,46,0,46,6,8,77,0,91,68,0,68,159
11/27/2006,EWN,NC,ASO,EN,Federal Contract Tower,7,16,16,0,39,0,0,22,0,22,7,16,38,0,61,54,0,54,115
11/28/2006,EWN,NC,ASO,EN,Federal Contract Tower,6,16,18,2,42,0,0,41,3,44,6,16,59,5,86,82,26,108,194
11/29/2006,EWN,NC,ASO,EN,Federal Contract Tower,6,17,11,0,34,0,0,30,0,30,6,17,41,0,64,12,0,12,76
11/30/2006,EWN,NC,ASO,EN,Federal Contract Tower,6,16,20,0,42,0,0,30,14,44,6,16,50,14,86,32,0,32,118
12/01/2006,EWN,NC,ASO,EN,Federal Contract Tower,6,15,12,0,33,0,0,5,0,5,6,15,17,0,38,0,0,0,38
12/02/2006,EWN,NC,ASO,EN,Federal Contract Tower,3,12,15,0,30,0,0,31,1,32,3,12,46,1,62,42,0,42,104
12/03/2006,EWN,NC,ASO,EN,Federal Contract Tower,6,8,15,0,29,0,0,11,0,11,6,8,26,0,40,14,0,14,54
12/04/2006,EWN,NC,ASO,EN,Federal Contract Tower,6,12,11,0,29,0,0,25,0,25,6,12,36,0,54,20,0,20,74
12/05/2006,EWN,NC,ASO,EN,Federal Contract Tower,6,16,14,0,36,0,0,39,4,43,6,16,53,4,79,22,0,22,101
12/06/2006,EWN,NC,ASO,EN,Federal Contract Tower,6,16,8,0,30,0,0,44,2,46,6,16,52,2,76,6,4,10,86
12/07/2006,EWN,NC,ASO,EN,Federal Contract Tower,6,17,13,2,38,0,0,26,4,30,6,17,39,6,68,22,2,24,92
12/08/2006,EWN,NC,ASO,EN,Federal Contract Tower,6,18,14,2,40,0,1,19,2,22,6,19,33,4,62,2,2,4,66
12/09/2006,EWN,NC,ASO,EN,Federal Contract Tower,4,13,15,0,32,0,0,32,0,32,4,13,47,0,64,60,0,60,124
12/10/2006,EWN,NC,ASO,EN,Federal Contract Tower,8,7,17,0,32,0,0,51,0,51,8,7,68,0,83,58,22,80,163
12/11/2006,EWN,NC,ASO,EN,Federal Contract Tower,6,14,11,4,35,0,0,30,0,30,6,14,41,4,65,38,0,38,103
12/12/2006,EWN,NC,ASO,EN,Federal Contract Tower,6,19,18,10,53,0,0,42,4,46,6,19,60,14,99,50,0,50,149
12/13/2006,EWN,NC,ASO,EN,Federal Contract Tower,6,20,14,6,46,0,1,16,10,27,6,21,30,16,73,54,0,54,127
12/14/2006,EWN,NC,ASO,EN,Federal Contract Tower,2,27,23,0,52,0,0,3,0,3,2,27,26,0,55,0,0,0,55
12/15/2006,EWN,NC,ASO,EN,Federal Contract Tower,6,19,14,1,40,0,0,36,0,36,6,19,50,1,76,72,0,72,148
12/16/2006,EWN,NC,ASO,EN,Federal Contract Tower,4,14,19,0,37,0,0,57,5,62,4,14,76,5,99,62,8,70,169
12/17/2006,EWN,NC,ASO,EN,Federal Contract Tower,6,13,12,0,31,0,0,43,0,43,6,13,55,0,74,70,0,70,144
12/18/2006,EWN,NC,ASO,EN,Federal Contract Tower,6,15,10,0,31,0,0,32,0,32,6,15,42,0,63,12,0,12,75
12/19/2006,EWN,NC,ASO,EN,Federal Contract Tower,6,26,12,0,44,0,1,28,7,36,6,27,40,7,80,80,0,80,160
12/20/2006,EWN,NC,ASO,EN,Federal Contract Tower,6,23,18,9,56,0,0,39,1,40,6,23,57,10,96,16,2,18,114
12/21/2006,EWN,NC,ASO,EN,Federal Contract Tower,8,26,19,0,53,0,0,19,0,19,8,26,38,0,72,26,0,26,98
12/22/2006,EWN,NC,ASO,EN,Federal Contract Tower,8,29,8,2,47,0,0,16,3,19,8,29,24,5,66,14,0,14,80
12/23/2006,EWN,NC,ASO,EN,Federal Contract Tower,4,18,12,0,34,0,0,3,0,3,4,18,15,0,37,0,0,0,37
12/24/2006,EWN,NC,ASO,EN,Federal Contract Tower,5,6,5,0,16,0,0,22,0,22,5,6,27,0,38,16,0,16,54
12/25/2006,EWN,NC,ASO,EN,Federal Contract Tower,6,5,0,0,11,0,0,0,0,0,6,5,0,0,11,0,0,0,11
12/26/2006,EWN,NC,ASO,EN,Federal Contract Tower,8,20,7,1,36,0,0,13,0,13,8,20,20,1,49,12,0,12,61
12/27/2006,EWN,NC,ASO,EN,Federal Contract Tower,8,18,12,0,38,0,0,46,5,51,8,18,58,5,89,34,20,54,143
12/28/2006,EWN,NC,ASO,EN,Federal Contract Tower,8,21,31,0,60,0,0,55,0,55,8,21,86,0,115,109,0,109,224
12/29/2006,EWN,NC,ASO,EN,Federal Contract Tower,8,17,10,2,37,0,0,52,1,53,8,17,62,3,90,136,8,144,234
12/30/2006,EWN,NC,ASO,EN,Federal Contract Tower,2,13,13,0,28,0,0,41,0,41,2,13,54,0,69,78,0,78,147
12/31/2006,EWN,NC,ASO,EN,Federal Contract Tower,6,7,4,0,17,0,0,20,0,20,6,7,24,0,37,44,0,44,81
01/01/2007,EWN,NC,ASO,EN,Federal Contract Tower,6,8,4,0,18,0,0,0,4,4,6,8,4,4,22,0,0,0,22
01/02/2007,EWN,NC,ASO,EN,Federal Contract Tower,6,20,9,0,35,0,0,28,0,28,6,20,37,0,63,6,0,6,69
01/03/2007,EWN,NC,ASO,EN,Federal Contract Tower,8,20,8,0,36,0,0,42,2,44,8,20,50,2,80,20,0,20,100
01/04/2007,EWN,NC,ASO,EN,Federal Contract Tower,8,18,7,2,35,0,0,35,5,40,8,18,42,7,75,40,8,48,123
01/05/2007,EWN,NC,ASO,EN,Federal Contract Tower,6,16,9,0,31,0,0,7,0,7,6,16,16,0,38,0,0,0,38
01/06/2007,EWN,NC,ASO,EN,Federal Contract Tower,4,13,8,0,25,0,0,38,2,40,4,13,46,2,65,68,4,72,137
01/07/2007,EWN,NC,ASO,EN,Federal Contract Tower,6,6,12,0,24,0,0,32,7,39,6,6,44,7,63,23,0,23,86
01/08/2007,EWN,NC,ASO,EN,Federal Contract Tower,4,15,14,2,35,0,0,7,9,16,4,15,21,11,51,4,6,10,61
01/09/2007,EWN,NC,ASO,EN,Federal Contract Tower,4,18,18,4,44,0,0,29,3,32,4,18,47,7,76,66,10,76,152
01/10/2007,EWN,NC,ASO,EN,Federal Contract Tower,4,18,21,6,49,0,0,32,6,38,4,18,53,12,87,38,52,90,177
01/11/2007,EWN,NC,ASO,EN,Federal Contract Tower,4,20,11,0,35,0,0,41,2,43,4,20,52,2,78,70,0,70,148
01/12/2007,EWN,NC,ASO,EN,Federal Contract Tower,4,17,11,0,32,0,0,52,0,52,4,17,63,0,84,50,0,50,134
01/13/2007,EWN,NC,ASO,EN,Federal Contract Tower,6,10,14,0,30,0,0,51,0,51,6,10,65,0,81,72,0,72,153
01/14/2007,EWN,NC,ASO,EN,Federal Contract Tower,6,6,23,0,35,0,0,31,0,31,6,6,54,0,66,20,0,20,86
01/15/2007,EWN,NC,ASO,EN,Federal Contract Tower,4,12,16,0,32,0,0,40,0,40,4,12,56,0,72,50,0,50,122
01/16/2007,EWN,NC,ASO,EN,Federal Contract Tower,2,24,11,2,39,0,0,5,2,7,2,24,16,4,46,0,0,0,46
01/17/2007,EWN,NC,ASO,EN,Federal Contract Tower,4,18,12,6,40,0,0,32,0,32,4,18,44,6,72,16,0,16,88
01/18/2007,EWN,NC,ASO,EN,Federal Contract Tower,2,15,7,0,24,0,0,0,0,0,2,15,7,0,24,0,0,0,24
01/19/2007,EWN,NC,ASO,EN,Federal Contract Tower,4,17,10,4,35,0,1,32,0,33,4,18,42,4,68,14,0,14,82
01/20/2007,EWN,NC,ASO,EN,Federal Contract Tower,5,11,11,0,27,0,0,51,2,53,5,11,62,2,80,18,0,18,98
01/21/2007,EWN,NC,ASO,EN,Federal Contract Tower,6,6,5,4,21,0,0,16,0,16,6,6,21,4,37,0,24,24,61
01/22/2007,EWN,NC,ASO,EN,Federal Contract Tower,4,14,13,4,35,0,0,0,0,0,4,14,13,4,35,0,0,0,35
01/23/2007,EWN,NC,ASO,EN,Federal Contract Tower,4,17,23,0,44,0,0,27,7,34,4,17,50,7,78,2,0,2,80
01/24/2007,EWN,NC,ASO,EN,Federal Contract Tower,4,20,17,0,41,0,0,50,2,52,4,20,67,2,93,76,36,112,205
01/25/2007,EWN,NC,ASO,EN,Federal Contract Tower,4,19,8,0,31,1,0,34,6,41,5,19,42,6,72,42,20,62,134
01/26/2007,EWN,NC,ASO,EN,Federal Contract Tower,6,20,15,2,43,0,0,25,2,27,6,20,40,4,70,6,0,6,76
01/27/2007,EWN,NC,ASO,EN,Federal Contract Tower,6,13,10,0,29,0,0,35,2,37,6,13,45,2,66,68,0,68,134
01/28/2007,EWN,NC,ASO,EN,Federal Contract Tower,6,9,3,0,18,0,0,31,0,31,6,9,34,0,49,68,0,68,117
01/29/2007,EWN,NC,ASO,EN,Federal Contract Tower,4,15,4,0,23,0,0,6,0,6,4,15,10,0,29,0,0,0,29
01/30/2007,EWN,NC,ASO,EN,Federal Contract Tower,4,20,15,6,45,0,0,21,0,21,4,20,36,6,66,3,0,3,69
01/31/2007,EWN,NC,ASO,EN,Federal Contract Tower,4,19,6,0,29,0,0,33,2,35,4,19,39,2,64,98,0,98,162
02/01/2007,EWN,NC,ASO,EN,Federal Contract Tower,4,19,2,0,25,0,0,0,0,0,4,19,2,0,25,0,0,0,25
02/02/2007,EWN,NC,ASO,EN,Federal Contract Tower,4,19,19,0,42,0,0,0,0,0,4,19,19,0,42,0,0,0,42
02/03/2007,EWN,NC,ASO,EN,Federal Contract Tower,4,11,8,0,23,0,0,34,0,34,4,11,42,0,57,44,0,44,101
02/04/2007,EWN,NC,ASO,EN,Federal Contract Tower,6,6,5,0,17,0,0,18,1,19,6,6,23,1,36,38,0,38,74
02/05/2007,EWN,NC,ASO,EN,Federal Contract Tower,4,16,7,0,27,0,0,26,6,32,4,16,33,6,59,30,6,36,95
02/06/2007,EWN,NC,ASO,EN,Federal Contract Tower,4,18,14,0,36,0,0,14,0,14,4,18,28,0,50,22,0,22,72
02/07/2007,EWN,NC,ASO,EN,Federal Contract Tower,4,19,8,2,33,0,2,37,4,43,4,21,45,6,76,8,0,8,84
02/08/2007,EWN,NC,ASO,EN,Federal Contract Tower,3,18,10,2,33,0,0,26,0,26,3,18,36,2,59,32,0,32,91
02/09/2007,EWN,NC,ASO,EN,Federal Contract Tower,4,17,15,12,48,0,0,38,0,38,4,17,53,12,86,64,0,64,150
02/10/2007,EWN,NC,ASO,EN,Federal Contract Tower,6,10,26,0,42,0,0,51,0,51,6,10,77,0,93,96,0,96,189
02/11/2007,EWN,NC,ASO,EN,Federal Contract Tower,6,6,13,1,26,0,0,44,0,44,6,6,57,1,70,44,0,44,114
02/12/2007,EWN,NC,ASO,EN,Federal Contract Tower,6,12,9,0,27,0,0,44,0,44,6,12,53,0,71,66,0,66,137
02/13/2007,EWN,NC,ASO,EN,Federal Contract Tower,6,17,17,6,46,0,0,8,0,8,6,17,25,6,54,6,0,6,60
02/14/2007,EWN,NC,ASO,EN,Federal Contract Tower,5,17,12,0,34,0,0,1,0,1,5,17,13,0,35,0,0,0,35
02/15/2007,EWN,NC,ASO,EN,Federal Contract Tower,6,20,11,10,47,0,0,32,6,38,6,20,43,16,85,42,6,48,133
02/16/2007,EWN,NC,ASO,EN,Federal Contract Tower,7,15,14,0,36,0,0,52,0,52,7,15,66,0,88,34,0,34,122
02/17/2007,EWN,NC,ASO,EN,Federal Contract Tower,4,12,10,0,26,0,0,32,0,32,4,12,42,0,58,30,0,30,88
02/18/2007,EWN,NC,ASO,EN,Federal Contract Tower,5,9,11,1,26,0,0,18,0,18,5,9,29,1,44,0,0,0,44
02/19/2007,EWN,NC,ASO,EN,Federal Contract Tower,6,10,7,0,23,0,0,43,0,43,6,10,50,0,66,40,0,40,106
02/20/2007,EWN,NC,ASO,EN,Federal Contract Tower,6,17,20,0,43,0,0,26,2,28,6,17,46,2,71,16,0,16,87
02/21/2007,EWN,NC,ASO,EN,Federal Contract Tower,6,16,27,0,49,0,0,25,0,25,6,16,52,0,74,98,0,98,172
02/22/2007,EWN,NC,ASO,EN,Federal Contract Tower,5,22,8,2,37,0,0,26,6,32,5,22,34,8,69,74,0,74,143
02/23/2007,EWN,NC,ASO,EN,Federal Contract Tower,6,17,13,4,40,0,0,27,6,33,6,17,40,10,73,26,0,26,99
02/24/2007,EWN,NC,ASO,EN,Federal Contract Tower,4,11,8,0,23,0,0,76,0,76,4,11,84,0,99,112,0,112,211
02/25/2007,EWN,NC,ASO,EN,Federal Contract Tower,6,6,6,0,18,0,0,8,0,8,6,6,14,0,26,14,0,14,40
02/26/2007,EWN,NC,ASO,EN,Federal Contract Tower,6,12,16,0,34,0,0,21,2,23,6,12,37,2,57,2,6,8,65
02/27/2007,EWN,NC,ASO,EN,Federal Contract Tower,6,15,19,8,48,0,1,28,0,29,6,16,47,8,77,10,0,10,87
02/28/2007,EWN,NC,ASO,EN,Federal Contract Tower,6,16,24,6,52,0,0,37,1,38,6,16,61,7,90,58,0,58,148
03/01/2007,EWN,NC,ASO,EN,Federal Contract Tower,6,20,15,2,43,0,0,20,6,26,6,20,35,8,69,18,0,18,87
03/02/2007,EWN,NC,ASO,EN,Federal Contract Tower,6,18,3,0,27,0,0,13,0,13,6,18,16,0,40,0,0,0,40
03/03/2007,EWN,NC,ASO,EN,Federal Contract Tower,4,15,3,2,24,0,0,26,0,26,4,15,29,2,50,6,0,6,56
03/04/2007,EWN,NC,ASO,EN,Federal Contract Tower,6,6,7,0,19,0,0,25,0,25,6,6,32,0,44,10,0,10,54
03/05/2007,EWN,NC,ASO,EN,Federal Contract Tower,5,12,14,0,31,0,0,29,0,29,5,12,43,0,60,4,0,4,64
03/06/2007,EWN,NC,ASO,EN,Federal Contract Tower,6,16,17,6,45,0,0,43,1,44,6,16,60,7,89,34,10,44,133
03/07/2007,EWN,NC,ASO,EN,Federal Contract Tower,6,16,8,6,36,0,0,13,0,13,6,16,21,6,49,0,0,0,49
03/08/2007,EWN,NC,ASO,EN,Federal Contract Tower,6,20,18,4,48,0,0,41,2,43,6,20,59,6,91,74,12,86,177
03/09/2007,EWN,NC,ASO,EN,Federal Contract Tower,6,13,7,6,32,0,0,55,0,55,6,13,62,6,87,46,0,46,133
03/10/2007,EWN,NC,ASO,EN,Federal Contract Tower,4,11,17,0,32,0,0,71,0,71,4,11,88,0,103,148,0,148,251
03/11/2007,EWN,NC,ASO,EN,Federal Contract Tower,6,9,13,2,30,0,0,25,0,25,6,9,38,2,55,18,0,18,73
03/12/2007,EWN,NC,ASO,EN,Federal Contract Tower,6,15,1,5,27,0,0,28,6,34,6,15,29,11,61,20,52,72,133
03/13/2007,EWN,NC,ASO,EN,Federal Contract Tower,6,16,8,0,30,0,0,49,2,51,6,16,57,2,81,40,0,40,121
03/14/2007,EWN,NC,ASO,EN,Federal Contract Tower,6,16,15,4,41,0,0,31,2,33,6,16,46,6,74,32,0,32,106
03/15/2007,EWN,NC,ASO,EN,Federal Contract Tower,6,16,10,2,34,0,0,41,0,41,6,16,51,2,75,34,0,34,109
03/16/2007,EWN,NC,ASO,EN,Federal Contract Tower,6,19,11,4,40,0,0,0,0,0,6,19,11,4,40,0,0,0,40
03/17/2007,EWN,NC,ASO,EN,Federal Contract Tower,4,12,14,0,30,0,0,22,0,22,4,12,36,0,52,8,0,8,60
03/18/2007,EWN,NC,ASO,EN,Federal Contract Tower,6,6,19,0,31,0,0,26,0,26,6,6,45,0,57,26,0,26,83
03/19/2007,EWN,NC,ASO,EN,Federal Contract Tower,6,15,12,0,33,0,0,35,0,35,6,15,47,0,68,52,0,52,120
03/20/2007,EWN,NC,ASO,EN,Federal Contract Tower,6,15,20,0,41,0,0,36,0,36,6,15,56,0,77,24,0,24,101
03/21/2007,EWN,NC,ASO,EN,Federal Contract Tower,6,17,15,2,40,0,4,17,0,21,6,21,32,2,61,20,0,20,81
03/22/2007,EWN,NC,ASO,EN,Federal Contract Tower,6,16,25,16,63,0,0,46,0,46,6,16,71,16,109,58,0,58,167
03/23/2007,EWN,NC,ASO,EN,Federal Contract Tower,8,16,16,2,42,0,0,47,0,47,8,16,63,2,89,156,0,156,245
03/24/2007,EWN,NC,ASO,EN,Federal Contract Tower,4,11,17,0,32,0,0,70,2,72,4,11,87,2,104,122,0,122,226
03/25/2007,EWN,NC,ASO,EN,Federal Contract Tower,6,9,8,2,25,0,0,57,0,57,6,9,65,2,82,118,0,118,200
03/26/2007,EWN,NC,ASO,EN,Federal Contract Tower,6,13,5,6,30,0,0,36,4,40,6,13,41,10,70,124,0,124,194
03/27/2007,EWN,NC,ASO,EN,Federal Contract Tower,6,19,9,0,34,0,0,29,2,31,6,19,38,2,65,72,0,72,137
03/28/2007,EWN,NC,ASO,EN,Federal Contract Tower,5,20,12,0,37,0,0,19,0,19,5,20,31,0,56,14,0,14,70
03/29/2007,EWN,NC,ASO,EN,Federal Contract Tower,6,18,17,1,42,0,1,17,2,20,6,19,34,3,62,16,0,16,78
03/30/2007,EWN,NC,ASO,EN,Federal Contract Tower,6,18,20,2,46,0,0,53,2,55,6,18,73,4,101,50,0,50,151
03/31/2007,EWN,NC,ASO,EN,Federal Contract Tower,4,12,24,0,40,0,0,49,2,51,4,12,73,2,91,46,0,46,137
04/01/2007,EWN,NC,ASO,EN,Federal Contract Tower,6,6,8,0,20,0,0,25,0,25,6,6,33,0,45,30,0,30,75
04/02/2007,EWN,NC,ASO,EN,Federal Contract Tower,6,11,2,7,26,0,0,22,3,25,6,11,24,10,51,7,6,13,64
04/03/2007,EWN,NC,ASO,EN,Federal Contract Tower,6,20,24,0,50,0,0,48,10,58,6,20,72,10,108,52,4,56,164
04/04/2007,EWN,NC,ASO,EN,Federal Contract Tower,6,18,5,0,29,0,0,28,0,28,6,18,33,0,57,16,0,16,73
04/05/2007,EWN,NC,ASO,EN,Federal Contract Tower,6,17,17,4,44,0,0,43,2,45,6,17,60,6,89,14,0,14,103
04/06/2007,EWN,NC,ASO,EN,Federal Contract Tower,6,17,9,0,32,0,0,59,0,59,6,17,68,0,91,62,9,71,162
04/07/2007,EWN,NC,ASO,EN,Federal Contract Tower,4,13,7,0,24,0,0,29,0,29,4,13,36,0,53,22,0,22,75
04/08/2007,EWN,NC,ASO,EN,Federal Contract Tower,6,8,3,0,17,0,0,28,0,28,6,8,31,0,45,14,0,14,59
04/09/2007,EWN,NC,ASO,EN,Federal Contract Tower,6,14,7,0,27,0,0,37,0,37,6,14,44,0,64,17,0,17,81
04/10/2007,EWN,NC,ASO,EN,Federal Contract Tower,6,16,16,0,38,0,0,47,10,57,6,16,63,10,95,2,0,2,97
04/11/2007,EWN,NC,ASO,EN,Federal Contract Tower,6,17,11,0,34,0,0,8,16,24,6,17,19,16,58,12,0,12,70
04/12/2007,EWN,NC,ASO,EN,Federal Contract Tower,6,17,5,5,33,0,0,13,0,13,6,17,18,5,46,6,0,6,52
04/13/2007,EWN,NC,ASO,EN,Federal Contract Tower,6,18,22,0,46,0,0,40,1,41,6,18,62,1,87,24,8,32,119
04/14/2007,EWN,NC,ASO,EN,Federal Contract Tower,4,13,15,0,32,1,0,68,0,69,5,13,83,0,101,66,0,66,167
04/15/2007,EWN,NC,ASO,EN,Federal Contract Tower,8,7,0,0,15,0,0,0,0,0,8,7,0,0,15,0,0,0,15
04/16/2007,EWN,NC,ASO,EN,Federal Contract Tower,4,11,2,0,17,0,0,0,2,2,4,11,2,2,19,0,0,0,19
04/17/2007,EWN,NC,ASO,EN,Federal Contract Tower,6,18,5,0,29,0,0,24,4,28,6,18,29,4,57,16,6,22,79
04/18/2007,EWN,NC,ASO,EN,Federal Contract Tower,3,24,8,2,37,0,0,31,0,31,3,24,39,2,68,24,0,24,92
04/19/2007,EWN,NC,ASO,EN,Federal Contract Tower,6,17,21,0,44,0,0,35,2,37,6,17,56,2,81,44,0,44,125
04/20/2007,EWN,NC,ASO,EN,Federal Contract Tower,6,16,11,0,33,0,0,33,0,33,6,16,44,0,66,46,0,46,112
04/21/2007,EWN,NC,ASO,EN,Federal Contract Tower,2,12,16,1,31,0,0,81,0,81,2,12,97,1,112,48,0,48,160
04/22/2007,EWN,NC,ASO,EN,Federal Contract Tower,8,4,15,0,27,0,0,42,0,42,8,4,57,0,69,14,0,14,83
04/23/2007,EWN,NC,ASO,EN,Federal Contract Tower,6,12,9,0,27,0,0,50,0,50,6,12,59,0,77,10,0,10,87
04/24/2007,EWN,NC,ASO,EN,Federal Contract Tower,5,18,13,0,36,0,0,34,2,36,5,18,47,2,72,40,12,52,124
04/25/2007,EWN,NC,ASO,EN,Federal Contract Tower,6,18,22,1,47,0,0,33,3,36,6,18,55,4,83,32,4,36,119
04/26/2007,EWN,NC,ASO,EN,Federal Contract Tower,6,16,18,0,40,0,0,44,0,44,6,16,62,0,84,21,0,21,105
04/27/2007,EWN,NC,ASO,EN,Federal Contract Tower,6,16,8,0,30,0,0,28,4,32,6,16,36,4,62,30,0,30,92
04/28/2007,EWN,NC,ASO,EN,Federal Contract Tower,4,13,14,0,31,0,0,64,0,64,4,13,78,0,95,48,0,48,143
04/29/2007,EWN,NC,ASO,EN,Federal Contract Tower,8,6,12,0,26,0,0,58,0,58,8,6,70,0,84,40,0,40,124
04/30/2007,EWN,NC,ASO,EN,Federal Contract Tower,7,15,6,0,28,0,0,38,7,45,7,15,44,7,73,14,0,14,87
05/01/2007,EWN,NC,ASO,EN,Federal Contract Tower,6,18,9,0,33,0,0,50,2,52,6,18,59,2,85,50,0,50,135
05/02/2007,EWN,NC,ASO,EN,Federal Contract Tower,4,17,15,0,36,0,0,43,2,45,4,17,58,2,81,12,0,12,93
05/03/2007,EWN,NC,ASO,EN,Federal Contract Tower,5,17,5,2,29,0,1,17,3,21,5,18,22,5,50,26,0,26,76
05/04/2007,EWN,NC,ASO,EN,Federal Contract Tower,6,17,25,0,48,0,0,17,0,17,6,17,42,0,65,18,0,18,83
05/05/2007,EWN,NC,ASO,EN,Federal Contract Tower,3,12,20,0,35,0,1,26,0,27,3,13,46,0,62,14,0,14,76
05/06/2007,EWN,NC,ASO,EN,Federal Contract Tower,9,8,6,0,23,0,0,8,1,9,9,8,14,1,32,0,0,0,32
05/07/2007,EWN,NC,ASO,EN,Federal Contract Tower,9,14,13,2,38,0,0,20,2,22,9,14,33,4,60,0,0,0,60
05/08/2007,EWN,NC,ASO,EN,Federal Contract Tower,7,21,11,8,47,0,0,0,0,0,7,21,11,8,47,0,0,0,47
05/09/2007,EWN,NC,ASO,EN,Federal Contract Tower,9,19,12,4,44,0,0,9,1,10,9,19,21,5,54,34,0,34,88
05/10/2007,EWN,NC,ASO,EN,Federal Contract Tower,9,19,20,0,48,0,0,38,11,49,9,19,58,11,97,50,10,60,157
05/11/2007,EWN,NC,ASO,EN,Federal Contract Tower,9,20,20,5,54,0,0,49,0,49,9,20,69,5,103,99,0,99,202
05/12/2007,EWN,NC,ASO,EN,Federal Contract Tower,7,14,11,0,32,0,0,23,0,23,7,14,34,0,55,12,0,12,67
05/13/2007,EWN,NC,ASO,EN,Federal Contract Tower,12,4,16,0,32,0,0,8,0,8,12,4,24,0,40,22,9,31,71
05/14/2007,EWN,NC,ASO,EN,Federal Contract Tower,9,13,19,0,41,0,0,50,0,50,9,13,69,0,91,94,0,94,185
05/15/2007,EWN,NC,ASO,EN,Federal Contract Tower,9,19,16,4,48,0,0,41,2,43,9,19,57,6,91,43,0,43,134
05/16/2007,EWN,NC,ASO,EN,Federal Contract Tower,9,19,6,0,34,0,0,28,2,30,9,19,34,2,64,30,18,48,112
05/17/2007,EWN,NC,ASO,EN,Federal Contract Tower,10,17,30,1,58,0,0,2,0,2,10,17,32,1,60,0,0,0,60
05/18/2007,EWN,NC,ASO,EN,Federal Contract Tower,9,18,15,2,44,0,0,11,0,11,9,18,26,2,55,26,0,26,81
05/19/2007,EWN,NC,ASO,EN,Federal Contract Tower,8,15,12,3,38,0,0,49,0,49,8,15,61,3,87,36,0,36,123
05/20/2007,EWN,NC,ASO,EN,Federal Contract Tower,10,4,19,0,33,0,0,52,0,52,10,4,71,0,85,84,0,84,169
05/21/2007,EWN,NC,ASO,EN,Federal Contract Tower,10,13,15,2,40,0,0,25,0,25,10,13,40,2,65,16,0,16,81
05/22/2007,EWN,NC,ASO,EN,Federal Contract Tower,8,20,17,0,45,0,0,28,2,30,8,20,45,2,75,44,0,44,119
05/23/2007,EWN,NC,ASO,EN,Federal Contract Tower,10,18,4,0,32,0,0,28,4,32,10,18,32,4,64,42,0,42,106
05/24/2007,EWN,NC,ASO,EN,Federal Contract Tower,10,23,18,2,53,0,0,50,4,54,10,23,68,6,107,4,0,4,111
05/25/2007,EWN,NC,ASO,EN,Federal Contract Tower,10,20,12,0,42,0,2,79,0,81,10,22,91,0,123,88,0,88,211
05/26/2007,EWN,NC,ASO,EN,Federal Contract Tower,8,12,15,0,35,0,0,65,0,65,8,12,80,0,100,48,0,48,148
05/27/2007,EWN,NC,ASO,EN,Federal Contract Tower,12,5,2,0,19,0,0,45,0,45,12,5,47,0,64,32,10,42,106
05/28/2007,EWN,NC,ASO,EN,Federal Contract Tower,11,6,12,0,29,0,0,51,0,51,11,6,63,0,80,32,0,32,112
05/29/2007,EWN,NC,ASO,EN,Federal Contract Tower,9,17,10,0,36,0,0,36,6,42,9,17,46,6,78,36,0,36,114
05/30/2007,EWN,NC,ASO,EN,Federal Contract Tower,10,18,8,6,42,0,0,37,8,45,10,18,45,14,87,53,2,55,142
05/31/2007,EWN,NC,ASO,EN,Federal Contract Tower,9,16,6,2,33,0,0,39,4,43,9,16,45,6,76,20,0,20,96
06/01/2007,EWN,NC,ASO,EN,Federal Contract Tower,11,19,12,4,46,0,0,49,8,57,11,19,61,12,103,61,0,61,164
06/02/2007,EWN,NC,ASO,EN,Federal Contract Tower,8,12,10,4,34,0,0,33,0,33,8,12,43,4,67,28,0,28,95
06/03/2007,EWN,NC,ASO,EN,Federal Contract Tower,12,4,7,0,23,0,0,0,0,0,12,4,7,0,23,0,0,0,23
06/04/2007,EWN,NC,ASO,EN,Federal Contract Tower,8,12,10,0,30,0,0,17,3,20,8,12,27,3,50,26,0,26,76
06/05/2007,EWN,NC,ASO,EN,Federal Contract Tower,7,18,20,0,45,0,0,20,2,22,7,18,40,2,67,2,0,2,69
06/06/2007,EWN,NC,ASO,EN,Federal Contract Tower,10,17,19,0,46,0,0,42,5,47,10,17,61,5,93,70,10,80,173
06/07/2007,EWN,NC,ASO,EN,Federal Contract Tower,11,16,14,0,41,0,0,29,2,31,11,16,43,2,72,24,8,32,104
06/08/2007,EWN,NC,ASO,EN,Federal Contract Tower,11,14,24,6,55,0,0,42,2,44,11,14,66,8,99,56,0,56,155
06/09/2007,EWN,NC,ASO,EN,Federal Contract Tower,7,13,23,0,43,0,0,40,0,40,7,13,63,0,83,93,0,93,176
06/10/2007,EWN,NC,ASO,EN,Federal Contract Tower,13,8,24,0,45,0,1,27,0,28,13,9,51,0,73,16,0,16,89
06/11/2007,EWN,NC,ASO,EN,Federal Contract Tower,11,13,28,3,55,0,0,26,2,28,11,13,54,5,83,38,0,38,121
06/12/2007,EWN,NC,ASO,EN,Federal Contract Tower,11,16,22,4,53,0,0,24,2,26,11,16,46,6,79,44,0,44,123
06/13/2007,EWN,NC,ASO,EN,Federal Contract Tower,9,16,16,6,47,0,1,32,1,34,9,17,48,7,81,38,0,38,119
06/14/2007,EWN,NC,ASO,EN,Federal Contract Tower,11,18,7,0,36,0,0,26,0,26,11,18,33,0,62,46,12,58,120
06/15/2007,EWN,NC,ASO,EN,Federal Contract Tower,11,15,45,0,71,0,0,54,0,54,11,15,99,0,125,58,0,58,183
06/16/2007,EWN,NC,ASO,EN,Federal Contract Tower,7,20,19,0,46,0,0,38,0,38,7,20,57,0,84,22,0,22,106
06/17/2007,EWN,NC,ASO,EN,Federal Contract Tower,13,14,39,0,66,0,0,52,2,54,13,14,91,2,120,16,0,16,136
06/18/2007,EWN,NC,ASO,EN,Federal Contract Tower,12,11,22,0,45,0,0,25,0,25,12,11,47,0,70,12,0,12,82
06/19/2007,EWN,NC,ASO,EN,Federal Contract Tower,11,17,20,1,49,0,0,24,0,24,11,17,44,1,73,42,0,42,115
06/20/2007,EWN,NC,ASO,EN,Federal Contract Tower,11,16,18,0,45,0,0,25,0,25,11,16,43,0,70,20,0,20,90
06/21/2007,EWN,NC,ASO,EN,Federal Contract Tower,9,16,11,2,38,0,0,37,3,40,9,16,48,5,78,8,0,8,86
06/22/2007,EWN,NC,ASO,EN,Federal Contract Tower,12,16,20,2,50,0,0,27,4,31,12,16,47,6,81,26,2,28,109
06/23/2007,EWN,NC,ASO,EN,Federal Contract Tower,8,19,6,0,33,0,0,53,1,54,8,19,59,1,87,20,0,20,107
06/24/2007,EWN,NC,ASO,EN,Federal Contract Tower,11,3,9,0,23,0,1,40,0,41,11,4,49,0,64,6,0,6,70
06/25/2007,EWN,NC,ASO,EN,Federal Contract Tower,11,8,12,2,33,0,0,9,0,9,11,8,21,2,42,24,0,24,66
06/26/2007,EWN,NC,ASO,EN,Federal Contract Tower,11,18,10,0,39,0,0,19,4,23,11,18,29,4,62,56,0,56,118
06/27/2007,EWN,NC,ASO,EN,Federal Contract Tower,11,19,16,3,49,0,0,74,3,77,11,19,90,6,126,86,14,100,226
06/28/2007,EWN,NC,ASO,EN,Federal Contract Tower,8,20,24,4,56,0,0,41,4,45,8,20,65,8,101,44,20,64,165
06/29/2007,EWN,NC,ASO,EN,Federal Contract Tower,10,17,12,0,39,0,0,32,0,32,10,17,44,0,71,18,0,18,89
06/30/2007,EWN,NC,ASO,EN,Federal Contract Tower,4,14,15,1,34,0,0,34,7,41,4,14,49,8,75,28,0,28,103
07/01/2007,EWN,NC,ASO,EN,Federal Contract Tower,11,4,8,0,23,0,0,26,0,26,11,4,34,0,49,24,0,24,73
07/02/2007,EWN,NC,ASO,EN,Federal Contract Tower,9,16,14,0,39,0,0,31,0,31,9,16,45,0,70,16,0,16,86
07/03/2007,EWN,NC,ASO,EN,Federal Contract Tower,11,17,11,0,39,0,0,53,0,53,11,17,64,0,92,42,0,42,134
07/04/2007,EWN,NC,ASO,EN,Federal Contract Tower,8,6,0,0,14,0,0,45,4,49,8,6,45,4,63,14,0,14,77
07/05/2007,EWN,NC,ASO,EN,Federal Contract Tower,10,18,1,0,29,0,0,39,0,39,10,18,40,0,68,50,0,50,118
07/06/2007,EWN,NC,ASO,EN,Federal Contract Tower,10,16,6,0,32,0,0,20,0,20,10,16,26,0,52,18,0,18,70
07/07/2007,EWN,NC,ASO,EN,Federal Contract Tower,8,15,7,0,30,0,0,27,2,29,8,15,34,2,59,20,0,20,79
07/08/2007,EWN,NC,ASO,EN,Federal Contract Tower,14,8,18,0,40,0,0,20,0,20,14,8,38,0,60,56,0,56,116
07/09/2007,EWN,NC,ASO,EN,Federal Contract Tower,9,12,18,0,39,0,0,15,6,21,9,12,33,6,60,38,0,38,98
07/10/2007,EWN,NC,ASO,EN,Federal Contract Tower,6,18,12,2,38,0,0,6,0,6,6,18,18,2,44,24,0,24,68
07/11/2007,EWN,NC,ASO,EN,Federal Contract Tower,9,17,2,2,30,0,0,23,4,27,9,17,25,6,57,8,30,38,95
07/12/2007,EWN,NC,ASO,EN,Federal Contract Tower,12,21,32,0,65,0,0,28,2,30,12,21,60,2,95,26,0,26,121
07/13/2007,EWN,NC,ASO,EN,Federal Contract Tower,12,17,60,2,91,0,2,44,2,48,12,19,104,4,139,72,0,72,211
07/14/2007,EWN,NC,ASO,EN,Federal Contract Tower,7,15,13,0,35,0,2,40,0,42,7,17,53,0,77,20,0,20,97
07/15/2007,EWN,NC,ASO,EN,Federal Contract Tower,13,23,36,0,72,0,0,27,2,29,13,23,63,2,101,32,0,32,133
07/16/2007,EWN,NC,ASO,EN,Federal Contract Tower,11,14,17,4,46,0,0,26,2,28,11,14,43,6,74,44,0,44,118
07/17/2007,EWN,NC,ASO,EN,Federal Contract Tower,11,20,12,2,45,0,0,21,4,25,11,20,33,6,70,24,0,24,94
07/18/2007,EWN,NC,ASO,EN,Federal Contract Tower,13,19,16,11,59,0,0,25,6,31,13,19,41,17,90,62,0,62,152
07/19/2007,EWN,NC,ASO,EN,Federal Contract Tower,11,16,23,0,50,0,3,57,0,60,11,19,80,0,110,52,0,52,162
07/20/2007,EWN,NC,ASO,EN,Federal Contract Tower,11,15,8,0,34,0,0,7,2,9,11,15,15,2,43,8,6,14,57
07/21/2007,EWN,NC,ASO,EN,Federal Contract Tower,6,20,16,2,44,0,0,41,0,41,6,20,57,2,85,26,0,26,111
07/22/2007,EWN,NC,ASO,EN,Federal Contract Tower,13,5,14,0,32,0,0,35,6,41,13,5,49,6,73,20,0,20,93
07/23/2007,EWN,NC,ASO,EN,Federal Contract Tower,10,13,15,4,42,0,0,50,11,61,10,13,65,15,103,54,0,54,157
07/24/2007,EWN,NC,ASO,EN,Federal Contract Tower,10,19,25,3,57,0,0,37,1,38,10,19,62,4,95,70,0,70,165
07/25/2007,EWN,NC,ASO,EN,Federal Contract Tower,12,17,14,4,47,0,0,23,5,28,12,17,37,9,75,88,12,100,175
07/26/2007,EWN,NC,ASO,EN,Federal Contract Tower,12,15,27,0,54,0,0,100,4,104,12,15,127,4,158,68,8,76,234
07/27/2007,EWN,NC,ASO,EN,Federal Contract Tower,11,17,29,0,57,0,0,94,1,95,11,17,123,1,152,28,0,28,180
07/28/2007,EWN,NC,ASO,EN,Federal Contract Tower,7,15,15,0,37,1,0,44,0,45,8,15,59,0,82,18,0,18,100
07/29/2007,EWN,NC,ASO,EN,Federal Contract Tower,13,2,8,0,23,0,1,16,0,17,13,3,24,0,40,54,0,54,94
07/30/2007,EWN,NC,ASO,EN,Federal Contract Tower,12,13,8,10,43,0,0,27,0,27,12,13,35,10,70,0,0,0,70
07/31/2007,EWN,NC,ASO,EN,Federal Contract Tower,12,16,14,4,46,0,25,43,4,72,12,41,57,8,118,36,0,36,154
08/01/2007,EWN,NC,ASO,EN,Federal Contract Tower,12,18,11,2,43,0,0,110,0,110,12,18,121,2,153,62,0,62,215
08/02/2007,EWN,NC,ASO,EN,Federal Contract Tower,12,19,16,0,47,0,0,117,6,123,12,19,133,6,170,86,28,114,284
08/03/2007,EWN,NC,ASO,EN,Federal Contract Tower,12,14,16,0,42,0,0,144,2,146,12,14,160,2,188,46,0,46,234
08/04/2007,EWN,NC,ASO,EN,Federal Contract Tower,8,15,2,0,25,0,0,45,0,45,8,15,47,0,70,12,0,12,82
08/05/2007,EWN,NC,ASO,EN,Federal Contract Tower,13,9,7,0,29,0,0,29,0,29,13,9,36,0,58,6,0,6,64
08/06/2007,EWN,NC,ASO,EN,Federal Contract Tower,11,12,9,0,32,0,0,17,8,25,11,12,26,8,57,16,0,16,73
08/07/2007,EWN,NC,ASO,EN,Federal Contract Tower,12,17,9,2,40,0,0,12,2,14,12,17,21,4,54,26,0,26,80
08/08/2007,EWN,NC,ASO,EN,Federal Contract Tower,11,18,6,0,35,0,0,18,4,22,11,18,24,4,57,10,0,10,67
08/09/2007,EWN,NC,ASO,EN,Federal Contract Tower,11,16,4,0,31,0,0,17,6,23,11,16,21,6,54,26,6,32,86
08/10/2007,EWN,NC,ASO,EN,Federal Contract Tower,11,23,39,0,73,0,0,14,2,16,11,23,53,2,89,4,2,6,95
08/11/2007,EWN,NC,ASO,EN,Federal Contract Tower,8,16,10,1,35,0,0,16,2,18,8,16,26,3,53,14,0,14,67
08/12/2007,EWN,NC,ASO,EN,Federal Contract Tower,14,4,14,4,36,0,0,54,2,56,14,4,68,6,92,26,0,26,118
08/13/2007,EWN,NC,ASO,EN,Federal Contract Tower,12,12,11,0,35,0,0,24,0,24,12,12,35,0,59,24,0,24,83
08/14/2007,EWN,NC,ASO,EN,Federal Contract Tower,9,16,18,4,47,0,0,24,4,28,9,16,42,8,75,60,8,68,143
08/15/2007,EWN,NC,ASO,EN,Federal Contract Tower,12,17,13,0,42,0,0,50,2,52,12,17,63,2,94,46,0,46,140
08/16/2007,EWN,NC,ASO,EN,Federal Contract Tower,10,14,24,0,48,0,0,35,4,39,10,14,59,4,87,62,0,62,149
08/17/2007,EWN,NC,ASO,EN,Federal Contract Tower,11,17,17,0,45,0,0,25,8,33,11,17,42,8,78,6,0,6,84
08/18/2007,EWN,NC,ASO,EN,Federal Contract Tower,8,15,13,0,36,0,0,65,0,65,8,15,78,0,101,18,0,18,119
08/19/2007,EWN,NC,ASO,EN,Federal Contract Tower,13,4,12,0,29,0,0,24,0,24,13,4,36,0,53,8,0,8,61
08/20/2007,EWN,NC,ASO,EN,Federal Contract Tower,12,16,11,0,39,0,0,23,2,25,12,16,34,2,64,48,0,48,112
08/21/2007,EWN,NC,ASO,EN,Federal Contract Tower,9,21,15,0,45,0,4,17,4,25,9,25,32,4,70,26,0,26,96
08/22/2007,EWN,NC,ASO,EN,Federal Contract Tower,11,21,9,0,41,0,0,34,4,38,11,21,43,4,79,56,0,56,135
08/23/2007,EWN,NC,ASO,EN,Federal Contract Tower,11,19,9,0,39,0,0,44,0,44,11,19,53,0,83,30,0,30,113
08/24/2007,EWN,NC,ASO,EN,Federal Contract Tower,11,18,16,0,45,0,0,37,0,37,11,18,53,0,82,28,0,28,110
08/25/2007,EWN,NC,ASO,EN,Federal Contract Tower,8,18,7,0,33,0,0,26,3,29,8,18,33,3,62,44,0,44,106
08/26/2007,EWN,NC,ASO,EN,Federal Contract Tower,11,5,7,0,23,0,0,16,3,19,11,5,23,3,42,20,4,24,66
08/27/2007,EWN,NC,ASO,EN,Federal Contract Tower,11,13,11,0,35,0,0,2,0,2,11,13,13,0,37,0,0,0,37
08/28/2007,EWN,NC,ASO,EN,Federal Contract Tower,9,17,10,0,36,0,0,32,0,32,9,17,42,0,68,28,0,28,96
08/29/2007,EWN,NC,ASO,EN,Federal Contract Tower,11,17,13,1,42,0,0,53,1,54,11,17,66,2,96,42,0,42,138
08/30/2007,EWN,NC,ASO,EN,Federal Contract Tower,11,15,17,0,43,0,0,73,5,78,11,15,90,5,121,60,0,60,181
08/31/2007,EWN,NC,ASO,EN,Federal Contract Tower,11,15,16,1,43,0,0,30,2,32,11,15,46,3,75,56,0,56,131
09/01/2007,EWN,NC,ASO,EN,Federal Contract Tower,7,16,18,0,41,0,0,33,0,33,7,16,51,0,74,38,0,38,112
09/02/2007,EWN,NC,ASO,EN,Federal Contract Tower,12,2,5,0,19,0,0,41,0,41,12,2,46,0,60,24,0,24,84
09/03/2007,EWN,NC,ASO,EN,Federal Contract Tower,9,5,19,0,33,0,0,54,0,54,9,5,73,0,87,42,0,42,129
09/04/2007,EWN,NC,ASO,EN,Federal Contract Tower,9,13,11,0,33,0,0,32,1,33,9,13,43,1,66,40,0,40,106
09/05/2007,EWN,NC,ASO,EN,Federal Contract Tower,11,16,7,0,34,0,0,30,2,32,11,16,37,2,66,56,0,56,122
09/06/2007,EWN,NC,ASO,EN,Federal Contract Tower,11,17,17,2,47,0,1,26,2,29,11,18,43,4,76,34,0,34,110
09/07/2007,EWN,NC,ASO,EN,Federal Contract Tower,11,17,19,6,53,0,0,22,2,24,11,17,41,8,77,30,0,30,107
09/08/2007,EWN,NC,ASO,EN,Federal Contract Tower,10,12,14,0,36,0,0,40,0,40,10,12,54,0,76,64,0,64,140
09/09/2007,EWN,NC,ASO,EN,Federal Contract Tower,13,5,3,0,21,0,0,0,0,0,13,5,3,0,21,0,0,0,21
09/10/2007,EWN,NC,ASO,EN,Federal Contract Tower,13,13,11,4,41,0,0,21,3,24,13,13,32,7,65,44,6,50,115
09/11/2007,EWN,NC,ASO,EN,Federal Contract Tower,8,17,9,0,34,0,0,35,0,35,8,17,44,0,69,28,0,28,97
09/12/2007,EWN,NC,ASO,EN,Federal Contract Tower,11,17,14,6,48,0,0,9,6,15,11,17,23,12,63,6,26,32,95
09/13/2007,EWN,NC,ASO,EN,Federal Contract Tower,11,16,13,0,40,0,0,16,0,16,11,16,29,0,56,31,0,31,87
09/14/2007,EWN,NC,ASO,EN,Federal Contract Tower,9,18,6,4,37,0,1,13,4,18,9,19,19,8,55,16,2,18,73
09/15/2007,EWN,NC,ASO,EN,Federal Contract Tower,9,11,1,0,21,0,0,22,0,22,9,11,23,0,43,62,0,62,105
09/16/2007,EWN,NC,ASO,EN,Federal Contract Tower,12,7,10,0,29,0,0,46,0,46,12,7,56,0,75,38,0,38,113
09/17/2007,EWN,NC,ASO,EN,Federal Contract Tower,10,16,17,0,43,0,0,41,4,45,10,16,58,4,88,36,0,36,124
09/18/2007,EWN,NC,ASO,EN,Federal Contract Tower,10,17,15,2,44,0,0,29,2,31,10,17,44,4,75,20,2,22,97
09/19/2007,EWN,NC,ASO,EN,Federal Contract Tower,12,19,20,1,52,0,0,4,0,4,12,19,24,1,56,4,10,14,70
09/20/2007,EWN,NC,ASO,EN,Federal Contract Tower,12,16,24,4,56,0,0,8,0,8,12,16,32,4,64,4,0,4,68
09/21/2007,EWN,NC,ASO,EN,Federal Contract Tower,11,15,21,0,47,0,0,13,0,13,11,15,34,0,60,18,0,18,78
09/22/2007,EWN,NC,ASO,EN,Federal Contract Tower,10,13,4,0,27,0,0,18,0,18,10,13,22,0,45,22,0,22,67
09/23/2007,EWN,NC,ASO,EN,Federal Contract Tower,11,4,14,0,29,0,0,35,0,35,11,4,49,0,64,28,0,28,92
09/24/2007,EWN,NC,ASO,EN,Federal Contract Tower,11,15,25,0,51,0,0,26,4,30,11,15,51,4,81,42,6,48,129
09/25/2007,EWN,NC,ASO,EN,Federal Contract Tower,11,25,19,3,58,0,0,32,4,36,11,25,51,7,94,20,0,20,114
09/26/2007,EWN,NC,ASO,EN,Federal Contract Tower,12,21,20,0,53,0,0,33,1,34,12,21,53,1,87,14,4,18,105
09/27/2007,EWN,NC,ASO,EN,Federal Contract Tower,11,16,14,0,41,0,0,21,2,23,11,16,35,2,64,14,10,24,88
09/28/2007,EWN,NC,ASO,EN,Federal Contract Tower,11,20,16,0,47,0,0,34,9,43,11,20,50,9,90,4,26,30,120
09/29/2007,EWN,NC,ASO,EN,Federal Contract Tower,9,14,12,0,35,0,0,45,3,48,9,14,57,3,83,62,0,62,145
09/30/2007,EWN,NC,ASO,EN,Federal Contract Tower,14,4,16,2,36,0,0,34,0,34,14,4,50,2,70,40,0,40,110
10/01/2007,EWN,NC,ASO,EN,Federal Contract Tower,10,14,16,0,40,0,0,21,4,25,10,14,37,4,65,46,2,48,113
10/02/2007,EWN,NC,ASO,EN,Federal Contract Tower,9,16,18,0,43,0,0,23,13,36,9,16,41,13,79,40,34,74,153
10/03/2007,EWN,NC,ASO,EN,Federal Contract Tower,13,18,19,2,52,0,0,23,6,29,13,18,42,8,81,32,2,34,115
10/04/2007,EWN,NC,ASO,EN,Federal Contract Tower,13,19,20,1,53,0,0,58,5,63,13,19,78,6,116,34,4,38,154
10/05/2007,EWN,NC,ASO,EN,Federal Contract Tower,11,16,11,2,40,0,0,20,0,20,11,16,31,2,60,28,0,28,88
10/06/2007,EWN,NC,ASO,EN,Federal Contract Tower,10,11,4,1,26,0,0,27,2,29,10,11,31,3,55,22,0,22,77
10/07/2007,EWN,NC,ASO,EN,Federal Contract Tower,12,4,23,1,40,0,0,20,0,20,12,4,43,1,60,20,0,20,80
10/08/2007,EWN,NC,ASO,EN,Federal Contract Tower,11,12,12,0,35,0,0,46,0,46,11,12,58,0,81,84,0,84,165
10/09/2007,EWN,NC,ASO,EN,Federal Contract Tower,9,17,28,0,54,0,0,44,0,44,9,17,72,0,98,86,0,86,184
10/10/2007,EWN,NC,ASO,EN,Federal Contract Tower,11,16,9,0,36,0,0,24,4,28,11,16,33,4,64,64,2,66,130
10/11/2007,EWN,NC,ASO,EN,Federal Contract Tower,10,17,13,0,40,0,1,32,3,36,10,18,45,3,76,60,0,60,136
10/12/2007,EWN,NC,ASO,EN,Federal Contract Tower,11,16,14,2,43,0,0,52,2,54,11,16,66,4,97,56,0,56,153
10/13/2007,EWN,NC,ASO,EN,Federal Contract Tower,12,10,17,0,39,0,0,65,5,70,12,10,82,5,109,48,0,48,157
10/14/2007,EWN,NC,ASO,EN,Federal Contract Tower,14,5,23,0,42,0,0,50,0,50,14,5,73,0,92,48,0,48,140
10/15/2007,EWN,NC,ASO,EN,Federal Contract Tower,11,12,13,0,36,0,0,18,0,18,11,12,31,0,54,10,0,10,64
10/16/2007,EWN,NC,ASO,EN,Federal Contract Tower,9,16,16,0,41,0,3,34,0,37,9,19,50,0,78,66,2,68,146
10/17/2007,EWN,NC,ASO,EN,Federal Contract Tower,11,17,18,2,48,0,0,44,0,44,11,17,62,2,92,48,0,48,140
10/18/2007,EWN,NC,ASO,EN,Federal Contract Tower,11,15,21,4,51,0,1,25,4,30,11,16,46,8,81,20,0,20,101
10/19/2007,EWN,NC,ASO,EN,Federal Contract Tower,10,21,13,0,44,0,0,21,0,21,10,21,34,0,65,40,0,40,105
10/20/2007,EWN,NC,ASO,EN,Federal Contract Tower,11,7,10,0,28,0,0,27,2,29,11,7,37,2,57,54,0,54,111
10/21/2007,EWN,NC,ASO,EN,Federal Contract Tower,12,6,6,0,24,0,0,44,1,45,12,6,50,1,69,66,0,66,135
10/22/2007,EWN,NC,ASO,EN,Federal Contract Tower,11,12,12,0,35,0,0,31,0,31,11,12,43,0,66,94,0,94,160
10/23/2007,EWN,NC,ASO,EN,Federal Contract Tower,8,20,8,0,36,0,0,22,4,26,8,20,30,4,62,38,0,38,100
10/24/2007,EWN,NC,ASO,EN,Federal Contract Tower,9,16,13,4,42,0,0,11,0,11,9,16,24,4,53,10,0,10,63
10/25/2007,EWN,NC,ASO,EN,Federal Contract Tower,11,15,10,2,38,0,0,0,0,0,11,15,10,2,38,0,0,0,38
10/26/2007,EWN,NC,ASO,EN,Federal Contract Tower,11,15,9,0,35,0,0,7,0,7,11,15,16,0,42,2,0,2,44
10/27/2007,EWN,NC,ASO,EN,Federal Contract Tower,11,5,8,0,24,0,0,6,0,6,11,5,14,0,30,16,0,16,46
10/28/2007,EWN,NC,ASO,EN,Federal Contract Tower,10,6,18,0,34,0,0,20,0,20,10,6,38,0,54,18,0,18,72
10/29/2007,EWN,NC,ASO,EN,Federal Contract Tower,10,12,5,0,27,0,0,21,4,25,10,12,26,4,52,16,0,16,68
10/30/2007,EWN,NC,ASO,EN,Federal Contract Tower,9,18,20,0,47,0,1,43,2,46,9,19,63,2,93,58,0,58,151
10/31/2007,EWN,NC,ASO,EN,Federal Contract Tower,11,16,8,2,37,0,2,27,5,34,11,18,35,7,71,60,0,60,131
11/01/2007,EWN,NC,ASO,EN,Federal Contract Tower,11,17,8,5,41,0,2,50,9,61,11,19,58,14,102,56,0,56,158
11/02/2007,EWN,NC,ASO,EN,Federal Contract Tower,12,17,9,7,45,0,0,6,0,6,12,17,15,7,51,0,0,0,51
11/03/2007,EWN,NC,ASO,EN,Federal Contract Tower,11,10,5,1,27,1,0,27,0,28,12,10,32,1,55,40,0,40,95
11/04/2007,EWN,NC,ASO,EN,Federal Contract Tower,14,6,18,1,39,0,0,32,0,32,14,6,50,1,71,24,0,24,95
11/05/2007,EWN,NC,ASO,EN,Federal Contract Tower,12,12,16,0,40,0,0,31,0,31,12,12,47,0,71,38,0,38,109
11/06/2007,EWN,NC,ASO,EN,Federal Contract Tower,11,16,22,0,49,0,1,21,0,22,11,17,43,0,71,18,0,18,89
11/07/2007,EWN,NC,ASO,EN,Federal Contract Tower,12,24,12,5,53,0,2,44,0,46,12,26,56,5,99,70,0,70,169
11/08/2007,EWN,NC,ASO,EN,Federal Contract Tower,12,18,11,1,42,0,0,29,0,29,12,18,40,1,71,28,0,28,99
11/09/2007,EWN,NC,ASO,EN,Federal Contract Tower,11,14,7,3,35,0,1,35,1,37,11,15,42,4,72,62,0,62,134
11/10/2007,EWN,NC,ASO,EN,Federal Contract Tower,10,13,11,0,34,0,0,25,4,29,10,13,36,4,63,48,0,48,111
11/11/2007,EWN,NC,ASO,EN,Federal Contract Tower,14,4,10,0,28,0,0,32,1,33,14,4,42,1,61,40,0,40,101
11/12/2007,EWN,NC,ASO,EN,Federal Contract Tower,11,11,24,0,46,0,0,33,2,35,11,11,57,2,81,48,0,48,129
11/13/2007,EWN,NC,ASO,EN,Federal Contract Tower,10,15,18,0,43,0,2,26,0,28,10,17,44,0,71,32,0,32,103
11/14/2007,EWN,NC,ASO,EN,Federal Contract Tower,12,15,19,2,48,0,1,51,2,54,12,16,70,4,102,80,0,80,182
11/15/2007,EWN,NC,ASO,EN,Federal Contract Tower,12,26,11,0,49,0,0,2,0,2,12,26,13,0,51,8,0,8,59
11/16/2007,EWN,NC,ASO,EN,Federal Contract Tower,10,16,14,2,42,1,0,41,6,48,11,16,55,8,90,24,0,24,114
11/17/2007,EWN,NC,ASO,EN,Federal Contract Tower,10,11,6,2,29,0,0,49,0,49,10,11,55,2,78,54,0,54,132
11/18/2007,EWN,NC,ASO,EN,Federal Contract Tower,14,4,19,0,37,0,0,45,1,46,14,4,64,1,83,46,0,46,129
11/19/2007,EWN,NC,ASO,EN,Federal Contract Tower,11,14,11,0,36,0,0,18,13,31,11,14,29,13,67,28,8,36,103
11/20/2007,EWN,NC,ASO,EN,Federal Contract Tower,11,19,13,1,44,0,0,19,8,27,11,19,32,9,71,4,4,8,79
11/21/2007,EWN,NC,ASO,EN,Federal Contract Tower,12,18,10,1,41,0,3,33,0,36,12,21,43,1,77,28,0,28,105
11/22/2007,EWN,NC,ASO,EN,Federal Contract Tower,10,3,3,0,16,0,0,8,0,8,10,3,11,0,24,10,0,10,34
11/23/2007,EWN,NC,ASO,EN,Federal Contract Tower,10,14,4,1,29,0,0,34,1,35,10,14,38,2,64,10,0,10,74
11/24/2007,EWN,NC,ASO,EN,Federal Contract Tower,11,10,13,0,34,0,0,36,0,36,11,10,49,0,70,44,0,44,114
11/25/2007,EWN,NC,ASO,EN,Federal Contract Tower,13,4,12,2,31,0,0,15,0,15,13,4,27,2,46,28,0,28,74
11/26/2007,EWN,NC,ASO,EN,Federal Contract Tower,10,11,6,0,27,0,0,5,0,5,10,11,11,0,32,0,0,0,32
11/27/2007,EWN,NC,ASO,EN,Federal Contract Tower,9,22,14,2,47,0,0,41,3,44,9,22,55,5,91,30,62,92,183
11/28/2007,EWN,NC,ASO,EN,Federal Contract Tower,11,15,11,0,37,1,1,20,2,24,12,16,31,2,61,32,0,32,93
11/29/2007,EWN,NC,ASO,EN,Federal Contract Tower,12,16,11,0,39,0,0,42,0,42,12,16,53,0,81,32,0,32,113
11/30/2007,EWN,NC,ASO,EN,Federal Contract Tower,11,12,14,3,40,0,0,36,0,36,11,12,50,3,76,64,0,64,140
12/01/2007,EWN,NC,ASO,EN,Federal Contract Tower,9,15,11,2,37,0,0,70,1,71,9,15,81,3,108,80,0,80,188
12/02/2007,EWN,NC,ASO,EN,Federal Contract Tower,12,5,6,1,24,0,0,23,0,23,12,5,29,1,47,44,0,44,91
12/03/2007,EWN,NC,ASO,EN,Federal Contract Tower,10,13,6,8,37,0,0,2,2,4,10,13,8,10,41,0,0,0,41
12/04/2007,EWN,NC,ASO,EN,Federal Contract Tower,10,18,8,2,38,0,0,16,0,16,10,18,24,2,54,26,0,26,80
12/05/2007,EWN,NC,ASO,EN,Federal Contract Tower,10,15,16,8,49,0,2,24,0,26,10,17,40,8,75,18,0,18,93
12/06/2007,EWN,NC,ASO,EN,Federal Contract Tower,10,15,20,2,47,0,1,26,6,33,10,16,46,8,80,18,0,18,98
12/07/2007,EWN,NC,ASO,EN,Federal Contract Tower,11,17,13,0,41,0,0,29,6,35,11,17,42,6,76,12,30,42,118
12/08/2007,EWN,NC,ASO,EN,Federal Contract Tower,8,10,13,0,31,0,0,33,0,33,8,10,46,0,64,28,0,28,92
12/09/2007,EWN,NC,ASO,EN,Federal Contract Tower,10,5,12,0,27,0,0,43,0,43,10,5,55,0,70,58,0,58,128
12/10/2007,EWN,NC,ASO,EN,Federal Contract Tower,10,13,8,0,31,0,0,28,0,28,10,13,36,0,59,58,0,58,117
12/11/2007,EWN,NC,ASO,EN,Federal Contract Tower,10,17,14,0,41,0,1,33,8,42,10,18,47,8,83,32,0,32,115
12/12/2007,EWN,NC,ASO,EN,Federal Contract Tower,10,17,23,0,50,0,0,32,2,34,10,17,55,2,84,16,0,16,100
12/13/2007,EWN,NC,ASO,EN,Federal Contract Tower,10,19,9,0,38,0,0,25,0,25,10,19,34,0,63,12,0,12,75
12/14/2007,EWN,NC,ASO,EN,Federal Contract Tower,10,17,20,4,51,0,0,34,3,37,10,17,54,7,88,22,10,32,120
12/15/2007,EWN,NC,ASO,EN,Federal Contract Tower,8,11,7,2,28,0,0,9,1,10,8,11,16,3,38,0,0,0,38
12/16/2007,EWN,NC,ASO,EN,Federal Contract Tower,9,4,2,1,16,0,0,6,1,7,9,4,8,2,23,6,0,6,29
12/17/2007,EWN,NC,ASO,EN,Federal Contract Tower,10,16,13,0,39,0,0,21,2,23,10,16,34,2,62,36,0,36,98
12/18/2007,EWN,NC,ASO,EN,Federal Contract Tower,10,20,31,5,66,0,2,52,2,56,10,22,83,7,122,22,0,22,144
12/19/2007,EWN,NC,ASO,EN,Federal Contract Tower,10,15,20,1,46,0,2,16,3,21,10,17,36,4,67,34,0,34,101
12/20/2007,EWN,NC,ASO,EN,Federal Contract Tower,11,21,6,2,40,0,0,71,2,73,11,21,77,4,113,74,0,74,187
12/21/2007,EWN,NC,ASO,EN,Federal Contract Tower,10,21,12,1,44,0,2,0,0,2,10,23,12,1,46,0,0,0,46
12/22/2007,EWN,NC,ASO,EN,Federal Contract Tower,8,15,7,0,30,0,2,18,0,20,8,17,25,0,50,20,0,20,70
12/23/2007,EWN,NC,ASO,EN,Federal Contract Tower,12,4,6,1,23,0,0,9,0,9,12,4,15,1,32,16,0,16,48
12/24/2007,EWN,NC,ASO,EN,Federal Contract Tower,10,9,4,0,23,0,0,43,0,43,10,9,47,0,66,28,0,28,94
12/25/2007,EWN,NC,ASO,EN,Federal Contract Tower,8,6,1,0,15,0,0,11,0,11,8,6,12,0,26,14,0,14,40
12/26/2007,EWN,NC,ASO,EN,Federal Contract Tower,11,19,8,0,38,0,0,0,0,0,11,19,8,0,38,0,0,0,38
12/27/2007,EWN,NC,ASO,EN,Federal Contract Tower,12,15,7,0,34,0,1,55,0,56,12,16,62,0,90,58,0,58,148
12/28/2007,EWN,NC,ASO,EN,Federal Contract Tower,12,15,12,0,39,0,0,49,0,49,12,15,61,0,88,70,0,70,158
12/29/2007,EWN,NC,ASO,EN,Federal Contract Tower,8,12,5,0,25,0,0,26,0,26,8,12,31,0,51,52,0,52,103
12/30/2007,EWN,NC,ASO,EN,Federal Contract Tower,15,5,0,0,20,0,0,0,0,0,15,5,0,0,20,0,0,0,20
12/31/2007,EWN,NC,ASO,EN,Federal Contract Tower,10,11,14,0,35,0,0,54,0,54,10,11,68,0,89,16,0,16,105
01/01/2008,EWN,NC,ASO,EN,Federal Contract Tower,10,6,5,0,21,0,0,11,0,11,10,6,16,0,32,0,0,0,32
01/02/2008,EWN,NC,ASO,EN,Federal Contract Tower,10,15,2,0,27,0,0,16,0,16,10,15,18,0,43,0,0,0,43
01/03/2008,EWN,NC,ASO,EN,Federal Contract Tower,11,20,3,2,36,0,0,14,0,14,11,20,17,2,50,4,0,4,54
01/04/2008,EWN,NC,ASO,EN,Federal Contract Tower,11,14,8,1,34,0,0,18,2,20,11,14,26,3,54,10,0,10,64
01/05/2008,EWN,NC,ASO,EN,Federal Contract Tower,8,10,13,1,32,0,2,50,0,52,8,12,63,1,84,22,0,22,106
01/06/2008,EWN,NC,ASO,EN,Federal Contract Tower,12,5,6,1,24,0,0,45,2,47,12,5,51,3,71,60,4,64,135
01/07/2008,EWN,NC,ASO,EN,Federal Contract Tower,6,13,10,0,29,0,0,25,1,26,6,13,35,1,55,0,20,20,75
01/08/2008,EWN,NC,ASO,EN,Federal Contract Tower,7,14,14,0,35,0,0,29,4,33,7,14,43,4,68,6,0,6,74
01/09/2008,EWN,NC,ASO,EN,Federal Contract Tower,9,16,10,4,39,0,0,41,0,41,9,16,51,4,80,6,0,6,86
01/10/2008,EWN,NC,ASO,EN,Federal Contract Tower,9,16,15,2,42,0,0,16,2,18,9,16,31,4,60,36,2,38,98
01/11/2008,EWN,NC,ASO,EN,Federal Contract Tower,9,16,9,4,38,0,0,11,0,11,9,16,20,4,49,4,0,4,53
01/12/2008,EWN,NC,ASO,EN,Federal Contract Tower,10,8,18,1,37,0,0,7,0,7,10,8,25,1,44,20,0,20,64
01/13/2008,EWN,NC,ASO,EN,Federal Contract Tower,11,4,5,0,20,0,0,4,0,4,11,4,9,0,24,6,0,6,30
01/14/2008,EWN,NC,ASO,EN,Federal Contract Tower,9,12,17,6,44,0,0,35,0,35,9,12,52,6,79,56,4,60,139
01/15/2008,EWN,NC,ASO,EN,Federal Contract Tower,9,16,8,0,33,0,0,25,12,37,9,16,33,12,70,26,22,48,118
01/16/2008,EWN,NC,ASO,EN,Federal Contract Tower,9,16,6,15,46,0,0,31,0,31,9,16,37,15,77,64,28,92,169
01/17/2008,EWN,NC,ASO,EN,Federal Contract Tower,8,10,5,3,26,0,0,0,1,1,8,10,5,4,27,0,0,0,27
01/18/2008,EWN,NC,ASO,EN,Federal Contract Tower,9,14,6,0,29,0,0,17,0,17,9,14,23,0,46,66,0,66,112
01/19/2008,EWN,NC,ASO,EN,Federal Contract Tower,9,5,5,0,19,0,0,0,0,0,9,5,5,0,19,0,0,0,19
01/20/2008,EWN,NC,ASO,EN,Federal Contract Tower,9,4,8,0,21,0,0,28,1,29,9,4,36,1,50,24,0,24,74
01/21/2008,EWN,NC,ASO,EN,Federal Contract Tower,8,9,17,0,34,0,0,44,0,44,8,9,61,0,78,60,0,60,138
01/22/2008,EWN,NC,ASO,EN,Federal Contract Tower,9,16,7,0,32,0,0,14,0,14,9,16,21,0,46,22,0,22,68
01/23/2008,EWN,NC,ASO,EN,Federal Contract Tower,5,17,10,0,32,0,4,33,2,39,5,21,43,2,71,22,0,22,93
01/24/2008,EWN,NC,ASO,EN,Federal Contract Tower,9,17,4,2,32,0,0,11,4,15,9,17,15,6,47,2,32,34,81
01/25/2008,EWN,NC,ASO,EN,Federal Contract Tower,9,17,9,0,35,0,0,41,4,45,9,17,50,4,80,52,0,52,132
01/26/2008,EWN,NC,ASO,EN,Federal Contract Tower,9,8,21,0,38,0,0,13,0,13,9,8,34,0,51,26,0,26,77
01/27/2008,EWN,NC,ASO,EN,Federal Contract Tower,11,7,5,0,23,0,0,40,2,42,11,7,45,2,65,12,0,12,77
01/28/2008,EWN,NC,ASO,EN,Federal Contract Tower,9,12,7,0,28,0,0,25,4,29,9,12,32,4,57,66,0,66,123
01/29/2008,EWN,NC,ASO,EN,Federal Contract Tower,10,15,16,4,45,0,0,38,4,42,10,15,54,8,87,58,0,58,145
01/30/2008,EWN,NC,ASO,EN,Federal Contract Tower,9,18,6,0,33,0,4,12,6,22,9,22,18,6,55,36,38,74,129
01/31/2008,EWN,NC,ASO,EN,Federal Contract Tower,9,16,8,2,35,0,0,20,0,20,9,16,28,2,55,34,0,34,89
02/01/2008,EWN,NC,ASO,EN,Federal Contract Tower,5,17,19,4,45,0,0,4,0,4,5,17,23,4,49,0,0,0,49
02/02/2008,EWN,NC,ASO,EN,Federal Contract Tower,5,9,9,0,23,0,0,72,2,74,5,9,81,2,97,102,0,102,199
02/03/2008,EWN,NC,ASO,EN,Federal Contract Tower,10,6,4,0,20,0,0,48,0,48,10,6,52,0,68,68,0,68,136
02/04/2008,EWN,NC,ASO,EN,Federal Contract Tower,5,18,20,2,45,0,0,27,0,27,5,18,47,2,72,52,0,52,124
02/05/2008,EWN,NC,ASO,EN,Federal Contract Tower,4,21,19,0,44,0,0,10,2,12,4,21,29,2,56,16,0,16,72
02/06/2008,EWN,NC,ASO,EN,Federal Contract Tower,5,21,5,0,31,0,0,7,10,17,5,21,12,10,48,4,0,4,52
02/07/2008,EWN,NC,ASO,EN,Federal Contract Tower,5,20,11,0,36,0,10,33,6,49,5,30,44,6,85,30,0,30,115
02/08/2008,EWN,NC,ASO,EN,Federal Contract Tower,5,19,8,0,32,0,0,36,2,38,5,19,44,2,70,54,0,54,124
02/09/2008,EWN,NC,ASO,EN,Federal Contract Tower,7,9,5,0,21,0,0,56,0,56,7,9,61,0,77,24,0,24,101
02/10/2008,EWN,NC,ASO,EN,Federal Contract Tower,11,4,5,0,20,0,0,13,0,13,11,4,18,0,33,8,0,8,41
02/11/2008,EWN,NC,ASO,EN,Federal Contract Tower,6,15,10,0,31,0,0,27,0,27,6,15,37,0,58,30,0,30,88
02/12/2008,EWN,NC,ASO,EN,Federal Contract Tower,5,20,8,0,33,0,0,7,24,31,5,20,15,24,64,4,0,4,68
02/13/2008,EWN,NC,ASO,EN,Federal Contract Tower,5,22,4,0,31,0,0,4,4,8,5,22,8,4,39,10,0,10,49
02/14/2008,EWN,NC,ASO,EN,Federal Contract Tower,9,21,9,0,39,0,3,39,0,42,9,24,48,0,81,34,0,34,115
02/15/2008,EWN,NC,ASO,EN,Federal Contract Tower,9,19,9,4,41,0,13,53,3,69,9,32,62,7,110,92,4,96,206
02/16/2008,EWN,NC,ASO,EN,Federal Contract Tower,9,7,5,2,23,0,2,62,1,65,9,9,67,3,88,72,0,72,160
02/17/2008,EWN,NC,ASO,EN,Federal Contract Tower,11,6,8,2,27,0,0,26,0,26,11,6,34,2,53,30,0,30,83
02/18/2008,EWN,NC,ASO,EN,Federal Contract Tower,9,13,8,0,30,0,4,6,0,10,9,17,14,0,40,4,0,4,44
02/19/2008,EWN,NC,ASO,EN,Federal Contract Tower,9,18,5,2,34,0,0,38,1,39,9,18,43,3,73,58,18,76,149
02/20/2008,EWN,NC,ASO,EN,Federal Contract Tower,10,16,2,1,29,0,0,32,3,35,10,16,34,4,64,0,4,4,68
02/21/2008,EWN,NC,ASO,EN,Federal Contract Tower,11,21,16,0,48,0,0,56,0,56,11,21,72,0,104,196,0,196,300
02/22/2008,EWN,NC,ASO,EN,Federal Contract Tower,12,16,1,2,31,0,0,0,0,0,12,16,1,2,31,0,0,0,31
02/23/2008,EWN,NC,ASO,EN,Federal Contract Tower,7,8,3,1,19,0,0,7,0,7,7,8,10,1,26,4,0,4,30
02/24/2008,EWN,NC,ASO,EN,Federal Contract Tower,13,6,9,0,28,0,0,50,0,50,13,6,59,0,78,46,0,46,124
02/25/2008,EWN,NC,ASO,EN,Federal Contract Tower,11,12,10,1,34,0,4,29,0,33,11,16,39,1,67,14,0,14,81
02/26/2008,EWN,NC,ASO,EN,Federal Contract Tower,11,17,12,4,44,0,0,8,1,9,11,17,20,5,53,0,10,10,63
02/27/2008,EWN,NC,ASO,EN,Federal Contract Tower,11,17,7,0,35,0,0,50,4,54,11,17,57,4,89,68,14,82,171
02/28/2008,EWN,NC,ASO,EN,Federal Contract Tower,11,18,14,0,43,0,1,48,2,51,11,19,62,2,94,24,0,24,118
02/29/2008,EWN,NC,ASO,EN,Federal Contract Tower,10,10,12,0,32,0,0,56,0,56,10,10,68,0,88,36,0,36,124
03/01/2008,EWN,NC,ASO,EN,Federal Contract Tower,13,6,8,0,27,0,0,52,0,52,13,6,60,0,79,16,0,16,95
03/02/2008,EWN,NC,ASO,EN,Federal Contract Tower,13,4,7,2,26,0,0,74,4,78,13,4,81,6,104,50,0,50,154
03/03/2008,EWN,NC,ASO,EN,Federal Contract Tower,13,12,13,3,41,0,1,44,0,45,13,13,57,3,86,24,0,24,110
03/04/2008,EWN,NC,ASO,EN,Federal Contract Tower,10,14,8,2,34,0,0,15,0,15,10,14,23,2,49,0,0,0,49
03/05/2008,EWN,NC,ASO,EN,Federal Contract Tower,11,18,10,0,39,0,0,33,6,39,11,18,43,6,78,14,2,16,94
03/06/2008,EWN,NC,ASO,EN,Federal Contract Tower,11,20,13,1,45,0,0,56,5,61,11,20,69,6,106,66,10,76,182
03/07/2008,EWN,NC,ASO,EN,Federal Contract Tower,12,14,8,3,37,1,0,0,2,3,13,14,8,5,40,0,0,0,40
03/08/2008,EWN,NC,ASO,EN,Federal Contract Tower,13,9,0,2,24,0,1,0,4,5,13,10,0,6,29,0,2,2,31
03/09/2008,EWN,NC,ASO,EN,Federal Contract Tower,10,8,5,1,24,0,0,43,0,43,10,8,48,1,67,48,0,48,115
03/10/2008,EWN,NC,ASO,EN,Federal Contract Tower,12,15,12,0,39,0,1,31,6,38,12,16,43,6,77,26,6,32,109
03/11/2008,EWN,NC,ASO,EN,Federal Contract Tower,12,14,4,4,34,0,3,49,0,52,12,17,53,4,86,72,0,72,158
03/12/2008,EWN,NC,ASO,EN,Federal Contract Tower,11,15,6,0,32,1,2,42,4,49,12,17,48,4,81,44,0,44,125
03/13/2008,EWN,NC,ASO,EN,Federal Contract Tower,12,17,12,1,42,0,1,60,0,61,12,18,72,1,103,56,0,56,159
03/14/2008,EWN,NC,ASO,EN,Federal Contract Tower,11,16,7,0,34,0,3,30,2,35,11,19,37,2,69,48,0,48,117
03/15/2008,EWN,NC,ASO,EN,Federal Contract Tower,11,4,7,0,22,0,0,46,2,48,11,4,53,2,70,62,0,62,132
03/16/2008,EWN,NC,ASO,EN,Federal Contract Tower,14,4,16,0,34,0,0,12,0,12,14,4,28,0,46,0,0,0,46
03/17/2008,EWN,NC,ASO,EN,Federal Contract Tower,11,12,9,6,38,0,1,34,3,38,11,13,43,9,76,54,10,64,140
03/18/2008,EWN,NC,ASO,EN,Federal Contract Tower,13,18,14,0,45,0,0,53,10,63,13,18,67,10,108,52,0,52,160
03/19/2008,EWN,NC,ASO,EN,Federal Contract Tower,11,17,12,0,40,0,0,19,2,21,11,17,31,2,61,28,0,28,89
03/20/2008,EWN,NC,ASO,EN,Federal Contract Tower,12,18,11,2,43,0,0,18,0,18,12,18,29,2,61,0,0,0,61
03/21/2008,EWN,NC,ASO,EN,Federal Contract Tower,11,18,29,1,59,0,2,45,1,48,11,20,74,2,107,34,0,34,141
03/22/2008,EWN,NC,ASO,EN,Federal Contract Tower,13,7,11,0,31,0,0,29,0,29,13,7,40,0,60,28,0,28,88
03/23/2008,EWN,NC,ASO,EN,Federal Contract Tower,13,4,13,0,30,0,0,43,0,43,13,4,56,0,73,8,0,8,81
03/24/2008,EWN,NC,ASO,EN,Federal Contract Tower,11,12,12,0,35,0,0,24,0,24,11,12,36,0,59,16,0,16,75
03/25/2008,EWN,NC,ASO,EN,Federal Contract Tower,12,16,7,0,35,0,13,50,0,63,12,29,57,0,98,116,2,118,216
03/26/2008,EWN,NC,ASO,EN,Federal Contract Tower,11,16,11,0,38,0,8,36,6,50,11,24,47,6,88,16,20,36,124
03/27/2008,EWN,NC,ASO,EN,Federal Contract Tower,12,20,24,0,56,0,4,52,4,60,12,24,76,4,116,52,2,54,170
03/28/2008,EWN,NC,ASO,EN,Federal Contract Tower,12,16,3,0,31,0,0,27,0,27,12,16,30,0,58,18,0,18,76
03/29/2008,EWN,NC,ASO,EN,Federal Contract Tower,14,9,6,0,29,0,4,19,0,23,14,13,25,0,52,0,0,0,52
03/30/2008,EWN,NC,ASO,EN,Federal Contract Tower,13,4,10,0,27,0,0,2,0,2,13,4,12,0,29,0,0,0,29
03/31/2008,EWN,NC,ASO,EN,Federal Contract Tower,11,10,10,0,31,0,0,3,4,7,11,10,13,4,38,0,0,0,38
04/01/2008,EWN,NC,ASO,EN,Federal Contract Tower,12,19,11,0,42,0,6,6,2,14,12,25,17,2,56,0,0,0,56
04/02/2008,EWN,NC,ASO,EN,Federal Contract Tower,11,16,15,3,45,0,0,18,5,23,11,16,33,8,68,24,0,24,92
04/03/2008,EWN,NC,ASO,EN,Federal Contract Tower,12,18,27,0,57,0,0,9,4,13,12,18,36,4,70,30,0,30,100
04/04/2008,EWN,NC,ASO,EN,Federal Contract Tower,12,17,13,0,42,0,0,0,2,2,12,17,13,2,44,0,0,0,44
04/05/2008,EWN,NC,ASO,EN,Federal Contract Tower,13,7,3,0,23,0,0,0,0,0,13,7,3,0,23,0,0,0,23
04/06/2008,EWN,NC,ASO,EN,Federal Contract Tower,14,5,14,0,33,0,0,4,0,4,14,5,18,0,37,14,0,14,51
04/07/2008,EWN,NC,ASO,EN,Federal Contract Tower,12,19,15,6,52,0,0,2,0,2,12,19,17,6,54,0,0,0,54
04/08/2008,EWN,NC,ASO,EN,Federal Contract Tower,10,18,15,6,49,0,0,14,0,14,10,18,29,6,63,70,0,70,133
04/09/2008,EWN,NC,ASO,EN,Federal Contract Tower,12,16,14,0,42,0,0,7,0,7,12,16,21,0,49,32,0,32,81
04/10/2008,EWN,NC,ASO,EN,Federal Contract Tower,12,16,17,0,45,0,0,51,2,53,12,16,68,2,98,58,0,58,156
04/11/2008,EWN,NC,ASO,EN,Federal Contract Tower,10,13,8,0,31,0,1,36,0,37,10,14,44,0,68,66,0,66,134
04/12/2008,EWN,NC,ASO,EN,Federal Contract Tower,9,12,0,0,21,0,6,14,0,20,9,18,14,0,41,4,0,4,45
04/13/2008,EWN,NC,ASO,EN,Federal Contract Tower,13,7,9,2,31,0,0,47,0,47,13,7,56,2,78,14,0,14,92
04/14/2008,EWN,NC,ASO,EN,Federal Contract Tower,13,16,11,0,40,0,7,30,0,37,13,23,41,0,77,12,0,12,89
04/15/2008,EWN,NC,ASO,EN,Federal Contract Tower,10,15,11,0,36,0,0,27,0,27,10,15,38,0,63,10,80,90,153
04/16/2008,EWN,NC,ASO,EN,Federal Contract Tower,11,16,21,0,48,0,2,35,0,37,11,18,56,0,85,20,0,20,105
04/17/2008,EWN,NC,ASO,EN,Federal Contract Tower,12,20,6,0,38,0,0,53,10,63,12,20,59,10,101,58,0,58,159
04/18/2008,EWN,NC,ASO,EN,Federal Contract Tower,12,15,6,4,37,0,0,49,0,49,12,15,55,4,86,24,0,24,110
04/19/2008,EWN,NC,ASO,EN,Federal Contract Tower,12,7,14,0,33,0,0,97,3,100,12,7,111,3,133,86,0,86,219
04/20/2008,EWN,NC,ASO,EN,Federal Contract Tower,14,5,9,0,28,0,0,5,4,9,14,5,14,4,37,0,0,0,37
04/21/2008,EWN,NC,ASO,EN,Federal Contract Tower,12,14,9,0,35,0,0,5,3,8,12,14,14,3,43,14,0,14,57
04/22/2008,EWN,NC,ASO,EN,Federal Contract Tower,10,17,6,0,33,0,0,7,8,15,10,17,13,8,48,2,0,2,50
04/23/2008,EWN,NC,ASO,EN,Federal Contract Tower,11,16,18,0,45,0,0,15,2,17,11,16,33,2,62,26,0,26,88
04/24/2008,EWN,NC,ASO,EN,Federal Contract Tower,12,16,26,0,54,0,0,56,0,56,12,16,82,0,110,60,0,60,170
04/25/2008,EWN,NC,ASO,EN,Federal Contract Tower,12,17,6,2,37,0,0,57,2,59,12,17,63,4,96,46,12,58,154
04/26/2008,EWN,NC,ASO,EN,Federal Contract Tower,12,6,12,0,30,0,0,37,1,38,12,6,49,1,68,16,0,16,84
04/27/2008,EWN,NC,ASO,EN,Federal Contract Tower,13,2,16,1,32,0,0,20,0,20,13,2,36,1,52,34,0,34,86
04/28/2008,EWN,NC,ASO,EN,Federal Contract Tower,14,14,2,0,30,0,0,0,8,8,14,14,2,8,38,0,0,0,38
04/29/2008,EWN,NC,ASO,EN,Federal Contract Tower,13,21,21,0,55,0,5,38,0,43,13,26,59,0,98,22,0,22,120
04/30/2008,EWN,NC,ASO,EN,Federal Contract Tower,16,13,23,0,52,0,4,35,2,41,16,17,58,2,93,67,8,75,168
05/01/2008,EWN,NC,ASO,EN,Federal Contract Tower,10,20,7,0,37,0,0,38,10,48,10,20,45,10,85,122,0,122,207
05/02/2008,EWN,NC,ASO,EN,Federal Contract Tower,10,15,1,0,26,0,0,29,2,31,10,15,30,2,57,20,0,20,77
05/03/2008,EWN,NC,ASO,EN,Federal Contract Tower,12,7,10,0,29,0,1,40,2,43,12,8,50,2,72,36,0,36,108
05/04/2008,EWN,NC,ASO,EN,Federal Contract Tower,12,7,8,0,27,0,0,17,1,18,12,7,25,1,45,20,0,20,65
05/05/2008,EWN,NC,ASO,EN,Federal Contract Tower,11,11,18,0,40,0,1,4,4,9,11,12,22,4,49,2,10,12,61
05/06/2008,EWN,NC,ASO,EN,Federal Contract Tower,10,17,11,4,42,0,1,18,2,21,10,18,29,6,63,32,2,34,97
05/07/2008,EWN,NC,ASO,EN,Federal Contract Tower,17,18,15,0,50,0,1,23,2,26,17,19,38,2,76,40,8,48,124
05/08/2008,EWN,NC,ASO,EN,Federal Contract Tower,9,17,7,4,37,0,4,19,4,27,9,21,26,8,64,10,6,16,80
05/09/2008,EWN,NC,ASO,EN,Federal Contract Tower,10,18,15,0,43,0,3,8,2,13,10,21,23,2,56,0,0,0,56
05/10/2008,EWN,NC,ASO,EN,Federal Contract Tower,15,9,3,0,27,0,4,30,0,34,15,13,33,0,61,72,0,72,133
05/11/2008,EWN,NC,ASO,EN,Federal Contract Tower,11,4,5,0,20,0,0,1,0,1,11,4,6,0,21,0,0,0,21
05/12/2008,EWN,NC,ASO,EN,Federal Contract Tower,16,11,14,0,41,0,0,6,2,8,16,11,20,2,49,0,26,26,75
05/13/2008,EWN,NC,ASO,EN,Federal Contract Tower,12,18,9,0,39,0,2,19,0,21,12,20,28,0,60,14,0,14,74
05/14/2008,EWN,NC,ASO,EN,Federal Contract Tower,13,16,5,0,34,0,4,41,2,47,13,20,46,2,81,10,2,12,93
05/15/2008,EWN,NC,ASO,EN,Federal Contract Tower,11,15,16,0,42,0,0,18,2,20,11,15,34,2,62,20,2,22,84
05/16/2008,EWN,NC,ASO,EN,Federal Contract Tower,11,16,5,0,32,0,6,4,2,12,11,22,9,2,44,6,4,10,54
05/17/2008,EWN,NC,ASO,EN,Federal Contract Tower,14,7,3,1,25,0,0,55,1,56,14,7,58,2,81,60,0,60,141
05/18/2008,EWN,NC,ASO,EN,Federal Contract Tower,12,5,8,0,25,0,0,21,1,22,12,5,29,1,47,4,0,4,51
05/19/2008,EWN,NC,ASO,EN,Federal Contract Tower,9,11,8,0,28,1,4,44,2,51,10,15,52,2,79,28,0,28,107
05/20/2008,EWN,NC,ASO,EN,Federal Contract Tower,9,13,12,0,34,0,0,13,2,15,9,13,25,2,49,6,0,6,55
05/21/2008,EWN,NC,ASO,EN,Federal Contract Tower,11,15,13,2,41,0,0,37,0,37,11,15,50,2,78,38,0,38,116
05/22/2008,EWN,NC,ASO,EN,Federal Contract Tower,11,22,12,0,45,0,0,23,6,29,11,22,35,6,74,26,6,32,106
05/23/2008,EWN,NC,ASO,EN,Federal Contract Tower,10,14,11,2,37,0,1,47,6,54,10,15,58,8,91,16,0,16,107
05/24/2008,EWN,NC,ASO,EN,Federal Contract Tower,18,4,15,2,39,0,0,19,0,19,18,4,34,2,58,2,10,12,70
05/25/2008,EWN,NC,ASO,EN,Federal Contract Tower,9,5,17,1,32,1,4,47,0,52,10,9,64,1,84,26,0,26,110
05/26/2008,EWN,NC,ASO,EN,Federal Contract Tower,7,4,9,0,20,5,0,21,0,26,12,4,30,0,46,6,0,6,52
05/27/2008,EWN,NC,ASO,EN,Federal Contract Tower,11,12,7,0,30,0,0,20,0,20,11,12,27,0,50,28,0,28,78
05/28/2008,EWN,NC,ASO,EN,Federal Contract Tower,11,16,11,4,42,0,3,11,2,16,11,19,22,6,58,0,0,0,58
05/29/2008,EWN,NC,ASO,EN,Federal Contract Tower,10,18,14,4,46,0,0,31,2,33,10,18,45,6,79,4,0,4,83
05/30/2008,EWN,NC,ASO,EN,Federal Contract Tower,13,12,17,0,42,0,0,29,2,31,13,12,46,2,73,46,0,46,119
05/31/2008,EWN,NC,ASO,EN,Federal Contract Tower,12,7,20,0,39,0,0,22,0,22,12,7,42,0,61,16,0,16,77
06/01/2008,EWN,NC,ASO,EN,Federal Contract Tower,12,4,20,0,36,0,0,16,0,16,12,4,36,0,52,0,0,0,52
06/02/2008,EWN,NC,ASO,EN,Federal Contract Tower,9,13,5,0,27,0,2,16,0,18,9,15,21,0,45,10,8,18,63
06/03/2008,EWN,NC,ASO,EN,Federal Contract Tower,8,17,11,5,41,2,0,30,61,93,10,17,41,66,134,66,12,78,212
06/04/2008,EWN,NC,ASO,EN,Federal Contract Tower,21,15,7,0,43,0,0,54,6,60,21,15,61,6,103,64,20,84,187
06/05/2008,EWN,NC,ASO,EN,Federal Contract Tower,17,18,7,0,42,0,0,65,2,67,17,18,72,2,109,30,0,30,139
06/06/2008,EWN,NC,ASO,EN,Federal Contract Tower,12,16,17,0,45,0,2,49,0,51,12,18,66,0,96,40,2,42,138
06/07/2008,EWN,NC,ASO,EN,Federal Contract Tower,12,10,4,0,26,0,2,28,0,30,12,12,32,0,56,42,0,42,98
06/08/2008,EWN,NC,ASO,EN,Federal Contract Tower,13,8,25,0,46,0,2,50,2,54,13,10,75,2,100,6,0,6,106
06/09/2008,EWN,NC,ASO,EN,Federal Contract Tower,10,11,14,4,39,3,2,28,4,37,13,13,42,8,76,22,10,32,108
06/10/2008,EWN,NC,ASO,EN,Federal Contract Tower,13,17,8,0,38,0,0,43,0,43,13,17,51,0,81,4,0,4,85
06/11/2008,EWN,NC,ASO,EN,Federal Contract Tower,15,16,11,4,46,0,0,12,0,12,15,16,23,4,58,6,0,6,64
06/12/2008,EWN,NC,ASO,EN,Federal Contract Tower,10,17,13,0,40,0,0,22,2,24,10,17,35,2,64,14,6,20,84
06/13/2008,EWN,NC,ASO,EN,Federal Contract Tower,17,17,24,0,58,0,1,40,4,45,17,18,64,4,103,52,0,52,155
06/14/2008,EWN,NC,ASO,EN,Federal Contract Tower,13,13,16,0,42,0,0,74,1,75,13,13,90,1,117,40,0,40,157
06/15/2008,EWN,NC,ASO,EN,Federal Contract Tower,14,16,28,0,58,0,0,27,0,27,14,16,55,0,85,26,0,26,111
06/16/2008,EWN,NC,ASO,EN,Federal Contract Tower,14,12,15,0,41,0,0,33,10,43,14,12,48,10,84,2,4,6,90
06/17/2008,EWN,NC,ASO,EN,Federal Contract Tower,12,16,10,0,38,0,0,31,0,31,12,16,41,0,69,68,0,68,137
06/18/2008,EWN,NC,ASO,EN,Federal Contract Tower,14,12,11,0,37,0,1,29,2,32,14,13,40,2,69,46,0,46,115
06/19/2008,EWN,NC,ASO,EN,Federal Contract Tower,12,16,9,2,39,0,1,41,4,46,12,17,50,6,85,38,2,40,125
06/20/2008,EWN,NC,ASO,EN,Federal Contract Tower,13,12,6,2,33,1,0,53,10,64,14,12,59,12,97,69,0,69,166
06/21/2008,EWN,NC,ASO,EN,Federal Contract Tower,15,8,4,0,27,0,0,15,0,15,15,8,19,0,42,22,0,22,64
06/22/2008,EWN,NC,ASO,EN,Federal Contract Tower,11,7,10,0,28,0,0,25,0,25,11,7,35,0,53,5,0,5,58
06/23/2008,EWN,NC,ASO,EN,Federal Contract Tower,13,17,14,2,46,0,0,22,2,24,13,17,36,4,70,0,0,0,70
06/24/2008,EWN,NC,ASO,EN,Federal Contract Tower,15,17,13,0,45,0,0,44,0,44,15,17,57,0,89,0,0,0,89
06/25/2008,EWN,NC,ASO,EN,Federal Contract Tower,12,16,23,0,51,0,3,30,4,37,12,19,53,4,88,24,0,24,112
06/26/2008,EWN,NC,ASO,EN,Federal Contract Tower,12,15,11,0,38,0,0,41,2,43,12,15,52,2,81,28,2,30,111
06/27/2008,EWN,NC,ASO,EN,Federal Contract Tower,15,14,2,0,31,0,0,60,0,60,15,14,62,0,91,58,0,58,149
06/28/2008,EWN,NC,ASO,EN,Federal Contract Tower,14,16,5,0,35,0,2,134,6,142,14,18,139,6,177,82,0,82,259
06/29/2008,EWN,NC,ASO,EN,Federal Contract Tower,13,7,5,0,25,0,0,26,2,28,13,7,31,2,53,0,10,10,63
06/30/2008,EWN,NC,ASO,EN,Federal Contract Tower,12,12,9,0,33,0,0,19,6,25,12,12,28,6,58,10,6,16,74
07/01/2008,EWN,NC,ASO,EN,Federal Contract Tower,14,18,5,0,37,0,0,29,2,31,14,18,34,2,68,30,8,38,106
07/02/2008,EWN,NC,ASO,EN,Federal Contract Tower,11,16,8,0,35,0,2,49,0,51,11,18,57,0,86,16,6,22,108
07/03/2008,EWN,NC,ASO,EN,Federal Contract Tower,12,19,55,0,86,12,18,8,0,38,24,37,63,0,124,40,0,40,164
07/04/2008,EWN,NC,ASO,EN,Federal Contract Tower,11,2,18,0,31,0,0,31,0,31,11,2,49,0,62,34,0,34,96
07/05/2008,EWN,NC,ASO,EN,Federal Contract Tower,12,9,31,0,52,12,9,2,0,23,24,18,33,0,75,16,0,16,91
07/06/2008,EWN,NC,ASO,EN,Federal Contract Tower,12,8,9,0,29,1,1,15,0,17,13,9,24,0,46,12,0,12,58
07/07/2008,EWN,NC,ASO,EN,Federal Contract Tower,16,10,21,2,49,0,0,6,2,8,16,10,27,4,57,14,0,14,71
07/08/2008,EWN,NC,ASO,EN,Federal Contract Tower,12,15,7,0,34,0,0,10,0,10,12,15,17,0,44,12,0,12,56
07/09/2008,EWN,NC,ASO,EN,Federal Contract Tower,11,15,6,0,32,0,0,39,0,39,11,15,45,0,71,30,0,30,101
07/10/2008,EWN,NC,ASO,EN,Federal Contract Tower,12,10,9,2,33,0,0,30,6,36,12,10,39,8,69,60,10,70,139
07/11/2008,EWN,NC,ASO,EN,Federal Contract Tower,18,22,29,0,69,0,0,30,0,30,18,22,59,0,99,60,0,60,159
07/12/2008,EWN,NC,ASO,EN,Federal Contract Tower,17,12,6,0,35,0,0,71,2,73,17,12,77,2,108,64,2,66,174
07/13/2008,EWN,NC,ASO,EN,Federal Contract Tower,13,15,22,0,50,0,0,65,1,66,13,15,87,1,116,28,0,28,144
07/14/2008,EWN,NC,ASO,EN,Federal Contract Tower,13,10,10,0,33,0,0,22,3,25,13,10,32,3,58,3,1,4,62
07/15/2008,EWN,NC,ASO,EN,Federal Contract Tower,13,16,6,2,37,0,1,15,0,16,13,17,21,2,53,48,0,48,101
07/16/2008,EWN,NC,ASO,EN,Federal Contract Tower,12,16,8,5,41,0,2,32,6,40,12,18,40,11,81,40,0,40,121
07/17/2008,EWN,NC,ASO,EN,Federal Contract Tower,14,10,6,2,32,0,53,0,0,53,14,63,6,2,85,28,10,38,123
07/18/2008,EWN,NC,ASO,EN,Federal Contract Tower,17,9,6,2,34,0,0,33,1,34,17,9,39,3,68,30,2,32,100
07/19/2008,EWN,NC,ASO,EN,Federal Contract Tower,12,8,3,0,23,0,0,19,0,19,12,8,22,0,42,26,0,26,68
07/20/2008,EWN,NC,ASO,EN,Federal Contract Tower,13,12,3,0,28,0,0,3,0,3,13,12,6,0,31,0,0,0,31
07/21/2008,EWN,NC,ASO,EN,Federal Contract Tower,12,16,13,0,41,0,0,21,2,23,12,16,34,2,64,30,14,44,108
07/22/2008,EWN,NC,ASO,EN,Federal Contract Tower,14,10,6,0,30,0,0,50,5,55,14,10,56,5,85,48,6,54,139
07/23/2008,EWN,NC,ASO,EN,Federal Contract Tower,8,17,11,1,37,0,0,29,1,30,8,17,40,2,67,78,16,94,161
07/24/2008,EWN,NC,ASO,EN,Federal Contract Tower,12,11,7,4,34,0,0,14,0,14,12,11,21,4,48,16,2,18,66
07/25/2008,EWN,NC,ASO,EN,Federal Contract Tower,14,13,6,0,33,0,0,28,0,28,14,13,34,0,61,24,6,30,91
07/26/2008,EWN,NC,ASO,EN,Federal Contract Tower,13,7,15,0,35,0,1,49,0,50,13,8,64,0,85,8,0,8,93
07/27/2008,EWN,NC,ASO,EN,Federal Contract Tower,12,6,11,1,30,0,2,21,0,23,12,8,32,1,53,10,0,10,63
07/28/2008,EWN,NC,ASO,EN,Federal Contract Tower,14,10,7,2,33,0,0,20,0,20,14,10,27,2,53,58,0,58,111
07/29/2008,EWN,NC,ASO,EN,Federal Contract Tower,13,11,17,0,41,0,0,24,0,24,13,11,41,0,65,24,0,24,89
07/30/2008,EWN,NC,ASO,EN,Federal Contract Tower,12,12,12,0,36,0,0,33,0,33,12,12,45,0,69,22,0,22,91
07/31/2008,EWN,NC,ASO,EN,Federal Contract Tower,12,13,11,2,38,0,1,11,0,12,12,14,22,2,50,16,0,16,66
08/01/2008,EWN,NC,ASO,EN,Federal Contract Tower,13,8,2,2,25,0,0,21,0,21,13,8,23,2,46,44,0,44,90
08/02/2008,EWN,NC,ASO,EN,Federal Contract Tower,13,8,9,0,30,0,0,12,0,12,13,8,21,0,42,10,0,10,52
08/03/2008,EWN,NC,ASO,EN,Federal Contract Tower,13,7,3,0,23,0,0,28,0,28,13,7,31,0,51,36,0,36,87
08/04/2008,EWN,NC,ASO,EN,Federal Contract Tower,15,10,11,0,36,0,0,26,0,26,15,10,37,0,62,44,0,44,106
08/05/2008,EWN,NC,ASO,EN,Federal Contract Tower,16,14,12,1,43,0,0,45,0,45,16,14,57,1,88,72,0,72,160
08/06/2008,EWN,NC,ASO,EN,Federal Contract Tower,16,10,6,7,39,0,0,25,0,25,16,10,31,7,64,72,0,72,136
08/07/2008,EWN,NC,ASO,EN,Federal Contract Tower,12,13,15,0,40,0,0,29,0,29,12,13,44,0,69,32,2,34,103
08/08/2008,EWN,NC,ASO,EN,Federal Contract Tower,19,16,24,0,59,0,0,43,0,43,19,16,67,0,102,40,22,62,164
08/09/2008,EWN,NC,ASO,EN,Federal Contract Tower,12,11,3,0,26,0,0,57,0,57,12,11,60,0,83,78,34,112,195
08/10/2008,EWN,NC,ASO,EN,Federal Contract Tower,13,7,18,0,38,0,0,27,0,27,13,7,45,0,65,52,0,52,117
08/11/2008,EWN,NC,ASO,EN,Federal Contract Tower,12,12,6,0,30,0,0,33,0,33,12,12,39,0,63,14,4,18,81
08/12/2008,EWN,NC,ASO,EN,Federal Contract Tower,12,12,11,0,35,0,0,51,0,51,12,12,62,0,86,12,4,16,102
08/13/2008,EWN,NC,ASO,EN,Federal Contract Tower,12,14,4,0,30,0,0,12,0,12,12,14,16,0,42,16,0,16,58
08/14/2008,EWN,NC,ASO,EN,Federal Contract Tower,14,15,11,0,40,0,0,44,0,44,14,15,55,0,84,20,0,20,104
08/15/2008,EWN,NC,ASO,EN,Federal Contract Tower,14,11,12,0,37,0,0,57,0,57,14,11,69,0,94,128,0,128,222
08/16/2008,EWN,NC,ASO,EN,Federal Contract Tower,12,10,13,0,35,0,0,47,0,47,12,10,60,0,82,62,0,62,144
08/17/2008,EWN,NC,ASO,EN,Federal Contract Tower,11,12,3,2,28,0,0,32,4,36,11,12,35,6,64,90,2,92,156
08/18/2008,EWN,NC,ASO,EN,Federal Contract Tower,10,9,6,0,25,0,0,33,0,33,10,9,39,0,58,12,0,12,70
08/19/2008,EWN,NC,ASO,EN,Federal Contract Tower,10,11,9,0,30,0,0,48,6,54,10,11,57,6,84,6,4,10,94
08/20/2008,EWN,NC,ASO,EN,Federal Contract Tower,10,12,8,4,34,0,0,44,2,46,10,12,52,6,80,18,6,24,104
08/21/2008,EWN,NC,ASO,EN,Federal Contract Tower,12,13,4,4,33,0,1,27,0,28,12,14,31,4,61,12,0,12,73
08/22/2008,EWN,NC,ASO,EN,Federal Contract Tower,13,13,14,0,40,0,0,52,0,52,13,13,66,0,92,42,2,44,136
08/23/2008,EWN,NC,ASO,EN,Federal Contract Tower,13,8,11,0,32,0,0,26,0,26,13,8,37,0,58,24,4,28,86
08/24/2008,EWN,NC,ASO,EN,Federal Contract Tower,10,5,8,0,23,0,0,47,0,47,10,5,55,0,70,68,0,68,138
08/25/2008,EWN,NC,ASO,EN,Federal Contract Tower,16,9,4,0,29,0,0,50,0,50,16,9,54,0,79,42,0,42,121
08/26/2008,EWN,NC,ASO,EN,Federal Contract Tower,9,11,3,0,23,0,0,32,0,32,9,11,35,0,55,42,0,42,97
08/27/2008,EWN,NC,ASO,EN,Federal Contract Tower,11,14,6,0,31,0,0,21,0,21,11,14,27,0,52,10,0,10,62
08/28/2008,EWN,NC,ASO,EN,Federal Contract Tower,11,13,12,0,36,0,0,45,0,45,11,13,57,0,81,4,0,4,85
08/29/2008,EWN,NC,ASO,EN,Federal Contract Tower,12,12,6,0,30,0,0,24,0,24,12,12,30,0,54,28,0,28,82
08/30/2008,EWN,NC,ASO,EN,Federal Contract Tower,11,10,5,0,26,0,0,35,0,35,11,10,40,0,61,54,2,56,117
08/31/2008,EWN,NC,ASO,EN,Federal Contract Tower,8,10,4,1,23,0,0,20,0,20,8,10,24,1,43,20,0,20,63
09/01/2008,EWN,NC,ASO,EN,Federal Contract Tower,11,5,7,0,23,0,0,23,0,23,11,5,30,0,46,10,12,22,68
09/02/2008,EWN,NC,ASO,EN,Federal Contract Tower,12,10,7,0,29,0,0,30,0,30,12,10,37,0,59,30,0,30,89
09/03/2008,EWN,NC,ASO,EN,Federal Contract Tower,10,13,8,2,33,0,0,23,0,23,10,13,31,2,56,6,0,6,62
09/04/2008,EWN,NC,ASO,EN,Federal Contract Tower,12,13,13,0,38,0,0,29,0,29,12,13,42,0,67,14,0,14,81
09/05/2008,EWN,NC,ASO,EN,Federal Contract Tower,10,10,11,4,35,0,0,0,12,12,10,10,11,16,47,14,0,14,61
09/06/2008,EWN,NC,ASO,EN,Federal Contract Tower,3,6,1,0,10,0,0,0,0,0,3,6,1,0,10,0,0,0,10
09/07/2008,EWN,NC,ASO,EN,Federal Contract Tower,13,8,7,0,28,0,0,23,0,23,13,8,30,0,51,28,0,28,79
09/08/2008,EWN,NC,ASO,EN,Federal Contract Tower,11,9,18,4,42,0,0,12,0,12,11,9,30,4,54,2,0,2,56
09/09/2008,EWN,NC,ASO,EN,Federal Contract Tower,9,12,13,4,38,0,0,17,0,17,9,12,30,4,55,36,6,42,97
09/10/2008,EWN,NC,ASO,EN,Federal Contract Tower,9,14,12,0,35,0,0,20,2,22,9,14,32,2,57,16,10,26,83
09/11/2008,EWN,NC,ASO,EN,Federal Contract Tower,12,12,10,4,38,0,0,7,0,7,12,12,17,4,45,24,2,26,71
09/12/2008,EWN,NC,ASO,EN,Federal Contract Tower,12,12,7,0,31,0,0,27,0,27,12,12,34,0,58,14,6,20,78
09/13/2008,EWN,NC,ASO,EN,Federal Contract Tower,11,9,7,0,27,0,0,55,0,55,11,9,62,0,82,26,0,26,108
09/14/2008,EWN,NC,ASO,EN,Federal Contract Tower,12,7,3,0,22,0,0,24,1,25,12,7,27,1,47,14,0,14,61
09/15/2008,EWN,NC,ASO,EN,Federal Contract Tower,12,9,12,0,33,0,0,24,0,24,12,9,36,0,57,6,4,10,67
09/16/2008,EWN,NC,ASO,EN,Federal Contract Tower,10,12,9,0,31,0,0,8,4,12,10,12,17,4,43,30,6,36,79
09/17/2008,EWN,NC,ASO,EN,Federal Contract Tower,10,12,10,0,32,0,0,22,0,22,10,12,32,0,54,22,6,28,82
09/18/2008,EWN,NC,ASO,EN,Federal Contract Tower,12,14,5,1,32,0,0,26,3,29,12,14,31,4,61,32,0,32,93
09/19/2008,EWN,NC,ASO,EN,Federal Contract Tower,12,10,13,0,35,0,0,23,0,23,12,10,36,0,58,22,4,26,84
09/20/2008,EWN,NC,ASO,EN,Federal Contract Tower,12,7,5,2,26,0,0,7,0,7,12,7,12,2,33,0,0,0,33
09/21/2008,EWN,NC,ASO,EN,Federal Contract Tower,11,8,5,2,26,0,0,20,0,20,11,8,25,2,46,42,0,42,88
09/22/2008,EWN,NC,ASO,EN,Federal Contract Tower,12,14,12,1,39,0,0,17,0,17,12,14,29,1,56,4,0,4,60
09/23/2008,EWN,NC,ASO,EN,Federal Contract Tower,10,11,7,2,30,0,0,4,0,4,10,11,11,2,34,0,6,6,40
09/24/2008,EWN,NC,ASO,EN,Federal Contract Tower,10,14,8,2,34,0,0,3,0,3,10,14,11,2,37,0,0,0,37
09/25/2008,EWN,NC,ASO,EN,Federal Contract Tower,12,13,1,0,26,0,0,0,0,0,12,13,1,0,26,0,0,0,26
09/26/2008,EWN,NC,ASO,EN,Federal Contract Tower,9,15,4,2,30,0,0,10,2,12,9,15,14,4,42,14,0,14,56
09/27/2008,EWN,NC,ASO,EN,Federal Contract Tower,11,11,2,0,24,0,0,38,0,38,11,11,40,0,62,60,0,60,122
09/28/2008,EWN,NC,ASO,EN,Federal Contract Tower,11,9,3,0,23,0,0,35,0,35,11,9,38,0,58,48,0,48,106
09/29/2008,EWN,NC,ASO,EN,Federal Contract Tower,12,10,5,4,31,0,0,34,0,34,12,10,39,4,65,18,6,24,89
09/30/2008,EWN,NC,ASO,EN,Federal Contract Tower,10,12,13,2,37,0,0,7,0,7,10,12,20,2,44,32,8,40,84
10/01/2008,EWN,NC,ASO,EN,Federal Contract Tower,10,13,6,2,31,0,0,13,0,13,10,13,19,2,44,6,0,6,50
10/02/2008,EWN,NC,ASO,EN,Federal Contract Tower,11,12,10,3,36,0,0,57,2,59,11,12,67,5,95,52,0,52,147
10/03/2008,EWN,NC,ASO,EN,Federal Contract Tower,10,11,8,0,29,0,0,34,1,35,10,11,42,1,64,40,18,58,122
10/04/2008,EWN,NC,ASO,EN,Federal Contract Tower,8,8,7,1,24,0,0,39,2,41,8,8,46,3,65,44,0,44,109
10/05/2008,EWN,NC,ASO,EN,Federal Contract Tower,12,8,6,0,26,0,0,25,0,25,12,8,31,0,51,46,0,46,97
10/06/2008,EWN,NC,ASO,EN,Federal Contract Tower,10,9,11,4,34,0,0,15,0,15,10,9,26,4,49,12,10,22,71
10/07/2008,EWN,NC,ASO,EN,Federal Contract Tower,10,13,6,0,29,0,0,16,0,16,10,13,22,0,45,10,0,10,55
10/08/2008,EWN,NC,ASO,EN,Federal Contract Tower,9,12,9,0,30,0,0,24,0,24,9,12,33,0,54,44,0,44,98
10/09/2008,EWN,NC,ASO,EN,Federal Contract Tower,10,12,12,0,34,0,0,18,2,20,10,12,30,2,54,12,8,20,74
10/10/2008,EWN,NC,ASO,EN,Federal Contract Tower,12,11,9,2,34,0,0,1,0,1,12,11,10,2,35,0,6,6,41
10/11/2008,EWN,NC,ASO,EN,Federal Contract Tower,10,10,6,0,26,0,0,8,0,8,10,10,14,0,34,0,0,0,34
10/12/2008,EWN,NC,ASO,EN,Federal Contract Tower,9,8,6,0,23,0,0,12,0,12,9,8,18,0,35,42,0,42,77
10/13/2008,EWN,NC,ASO,EN,Federal Contract Tower,10,11,15,0,36,0,0,24,1,25,10,11,39,1,61,14,0,14,75
10/14/2008,EWN,NC,ASO,EN,Federal Contract Tower,10,12,13,1,36,0,0,23,0,23,10,12,36,1,59,24,0,24,83
10/15/2008,EWN,NC,ASO,EN,Federal Contract Tower,9,12,3,2,26,0,0,32,1,33,9,12,35,3,59,26,0,26,85
10/16/2008,EWN,NC,ASO,EN,Federal Contract Tower,12,10,5,0,27,0,0,38,1,39,12,10,43,1,66,22,0,22,88
10/17/2008,EWN,NC,ASO,EN,Federal Contract Tower,11,13,9,0,33,0,0,16,1,17,11,13,25,1,50,38,0,38,88
10/18/2008,EWN,NC,ASO,EN,Federal Contract Tower,8,10,7,1,26,0,0,0,0,0,8,10,7,1,26,0,0,0,26
10/19/2008,EWN,NC,ASO,EN,Federal Contract Tower,10,9,2,0,21,0,0,15,0,15,10,9,17,0,36,10,0,10,46
10/20/2008,EWN,NC,ASO,EN,Federal Contract Tower,10,9,2,0,21,0,0,15,0,15,10,9,17,0,36,10,0,10,46
10/21/2008,EWN,NC,ASO,EN,Federal Contract Tower,10,14,9,0,33,0,0,29,1,30,10,14,38,1,63,2,18,20,83
10/22/2008,EWN,NC,ASO,EN,Federal Contract Tower,10,13,13,4,40,0,0,18,3,21,10,13,31,7,61,40,6,46,107
10/23/2008,EWN,NC,ASO,EN,Federal Contract Tower,9,16,13,0,38,0,0,27,0,27,9,16,40,0,65,24,2,26,91
10/24/2008,EWN,NC,ASO,EN,Federal Contract Tower,9,10,6,1,26,0,0,9,0,9,9,10,15,1,35,0,0,0,35
10/25/2008,EWN,NC,ASO,EN,Federal Contract Tower,7,12,6,1,26,0,0,5,0,5,7,12,11,1,31,0,0,0,31
10/26/2008,EWN,NC,ASO,EN,Federal Contract Tower,10,6,12,1,29,0,0,40,2,42,10,6,52,3,71,54,2,56,127
10/27/2008,EWN,NC,ASO,EN,Federal Contract Tower,10,9,6,0,25,0,2,16,0,18,10,11,22,0,43,16,0,16,59
10/28/2008,EWN,NC,ASO,EN,Federal Contract Tower,9,10,10,0,29,0,0,27,0,27,9,10,37,0,56,6,2,8,64
10/29/2008,EWN,NC,ASO,EN,Federal Contract Tower,9,12,10,0,31,0,0,13,2,15,9,12,23,2,46,38,8,46,92
10/30/2008,EWN,NC,ASO,EN,Federal Contract Tower,10,12,10,0,32,0,0,35,2,37,10,12,45,2,69,28,4,32,101
10/31/2008,EWN,NC,ASO,EN,Federal Contract Tower,10,11,16,0,37,0,0,30,0,30,10,11,46,0,67,32,0,32,99
11/01/2008,EWN,NC,ASO,EN,Federal Contract Tower,11,8,5,0,24,0,0,63,0,63,11,8,68,0,87,44,0,44,131
11/02/2008,EWN,NC,ASO,EN,Federal Contract Tower,10,7,6,0,23,0,0,26,0,26,10,7,32,0,49,18,0,18,67
11/03/2008,EWN,NC,ASO,EN,Federal Contract Tower,12,10,13,2,37,0,0,11,0,11,12,10,24,2,48,0,18,18,66
11/04/2008,EWN,NC,ASO,EN,Federal Contract Tower,10,16,10,0,36,0,0,4,2,6,10,16,14,2,42,6,0,6,48
11/05/2008,EWN,NC,ASO,EN,Federal Contract Tower,10,15,17,1,43,0,0,11,2,13,10,15,28,3,56,0,20,20,76
11/06/2008,EWN,NC,ASO,EN,Federal Contract Tower,11,12,8,4,35,0,0,28,2,30,11,12,36,6,65,24,2,26,91
11/07/2008,EWN,NC,ASO,EN,Federal Contract Tower,10,15,9,2,36,2,0,56,0,58,12,15,65,2,94,46,0,46,140
11/08/2008,EWN,NC,ASO,EN,Federal Contract Tower,8,9,1,0,18,0,0,35,0,35,8,9,36,0,53,32,0,32,85
11/09/2008,EWN,NC,ASO,EN,Federal Contract Tower,11,8,2,0,21,0,0,16,2,18,11,8,18,2,39,0,0,0,39
11/10/2008,EWN,NC,ASO,EN,Federal Contract Tower,10,11,5,0,26,0,0,15,0,15,10,11,20,0,41,10,0,10,51
11/11/2008,EWN,NC,ASO,EN,Federal Contract Tower,10,15,7,0,32,0,0,37,1,38,10,15,44,1,70,64,0,64,134
11/12/2008,EWN,NC,ASO,EN,Federal Contract Tower,10,13,16,1,40,0,0,22,1,23,10,13,38,2,63,10,0,10,73
11/13/2008,EWN,NC,ASO,EN,Federal Contract Tower,10,11,3,0,24,0,0,2,6,8,10,11,5,6,32,0,0,0,32
11/14/2008,EWN,NC,ASO,EN,Federal Contract Tower,9,13,9,0,31,0,0,0,0,0,9,13,9,0,31,0,0,0,31
11/15/2008,EWN,NC,ASO,EN,Federal Contract Tower,8,9,1,0,18,0,0,1,0,1,8,9,2,0,19,8,0,8,27
11/16/2008,EWN,NC,ASO,EN,Federal Contract Tower,10,7,8,0,25,0,0,18,0,18,10,7,26,0,43,4,0,4,47
11/17/2008,EWN,NC,ASO,EN,Federal Contract Tower,10,11,9,0,30,0,0,16,0,16,10,11,25,0,46,22,0,22,68
11/18/2008,EWN,NC,ASO,EN,Federal Contract Tower,9,15,7,0,31,0,0,13,0,13,9,15,20,0,44,10,6,16,60
11/19/2008,EWN,NC,ASO,EN,Federal Contract Tower,8,12,11,0,31,0,0,28,2,30,8,12,39,2,61,18,0,18,79
11/20/2008,EWN,NC,ASO,EN,Federal Contract Tower,9,13,11,2,35,0,0,37,6,43,9,13,48,8,78,46,30,76,154
11/21/2008,EWN,NC,ASO,EN,Federal Contract Tower,10,11,5,1,27,0,0,1,5,6,10,11,6,6,33,0,28,28,61
11/22/2008,EWN,NC,ASO,EN,Federal Contract Tower,8,7,13,0,28,0,0,29,0,29,8,7,42,0,57,20,0,20,77
11/23/2008,EWN,NC,ASO,EN,Federal Contract Tower,9,7,9,0,25,0,0,39,1,40,9,7,48,1,65,56,0,56,121
11/24/2008,EWN,NC,ASO,EN,Federal Contract Tower,10,11,17,3,41,0,0,17,3,20,10,11,34,6,61,50,8,58,119
11/25/2008,EWN,NC,ASO,EN,Federal Contract Tower,10,16,5,2,33,0,0,9,0,9,10,16,14,2,42,4,0,4,46
11/26/2008,EWN,NC,ASO,EN,Federal Contract Tower,10,19,13,0,42,0,0,26,0,26,10,19,39,0,68,38,0,38,106
11/27/2008,EWN,NC,ASO,EN,Federal Contract Tower,6,3,3,0,12,0,0,26,0,26,6,3,29,0,38,14,0,14,52
11/28/2008,EWN,NC,ASO,EN,Federal Contract Tower,9,13,10,0,32,0,0,23,0,23,9,13,33,0,55,14,0,14,69
11/29/2008,EWN,NC,ASO,EN,Federal Contract Tower,10,8,8,0,26,0,0,5,0,5,10,8,13,0,31,4,0,4,35
11/30/2008,EWN,NC,ASO,EN,Federal Contract Tower,9,10,6,0,25,0,0,4,0,4,9,10,10,0,29,0,0,0,29
12/01/2008,EWN,NC,ASO,EN,Federal Contract Tower,9,11,8,0,28,0,0,6,6,12,9,11,14,6,40,0,0,0,40
12/02/2008,EWN,NC,ASO,EN,Federal Contract Tower,9,13,7,0,29,0,0,13,2,15,9,13,20,2,44,14,0,14,58
12/03/2008,EWN,NC,ASO,EN,Federal Contract Tower,10,12,8,0,30,0,0,50,0,50,10,12,58,0,80,36,10,46,126
12/04/2008,EWN,NC,ASO,EN,Federal Contract Tower,10,12,2,0,24,0,0,45,2,47,10,12,47,2,71,24,0,24,95
12/05/2008,EWN,NC,ASO,EN,Federal Contract Tower,10,11,10,0,31,0,2,5,2,9,10,13,15,2,40,0,0,0,40
12/06/2008,EWN,NC,ASO,EN,Federal Contract Tower,8,6,5,0,19,0,0,41,0,41,8,6,46,0,60,8,0,8,68
12/07/2008,EWN,NC,ASO,EN,Federal Contract Tower,10,9,2,0,21,0,0,16,2,18,10,9,18,2,39,8,0,8,47
12/08/2008,EWN,NC,ASO,EN,Federal Contract Tower,11,11,16,0,38,0,0,27,4,31,11,11,43,4,69,25,22,47,116
12/09/2008,EWN,NC,ASO,EN,Federal Contract Tower,10,12,12,0,34,0,0,19,0,19,10,12,31,0,53,8,0,8,61
12/10/2008,EWN,NC,ASO,EN,Federal Contract Tower,10,12,6,0,28,0,0,0,4,4,10,12,6,4,32,24,14,38,70
12/11/2008,EWN,NC,ASO,EN,Federal Contract Tower,10,11,0,0,21,0,0,0,0,0,10,11,0,0,21,0,0,0,21
12/12/2008,EWN,NC,ASO,EN,Federal Contract Tower,10,11,8,0,29,0,0,15,2,17,10,11,23,2,46,32,4,36,82
12/13/2008,EWN,NC,ASO,EN,Federal Contract Tower,8,7,9,0,24,0,0,50,2,52,8,7,59,2,76,68,0,68,144
12/14/2008,EWN,NC,ASO,EN,Federal Contract Tower,10,8,9,0,27,0,0,68,0,68,10,8,77,0,95,42,0,42,137
12/15/2008,EWN,NC,ASO,EN,Federal Contract Tower,12,11,5,0,28,0,0,30,0,30,12,11,35,0,58,38,0,38,96
12/16/2008,EWN,NC,ASO,EN,Federal Contract Tower,8,14,9,4,35,0,0,11,2,13,8,14,20,6,48,34,6,40,88
12/17/2008,EWN,NC,ASO,EN,Federal Contract Tower,9,16,5,2,32,0,0,19,0,19,9,16,24,2,51,44,0,44,95
12/18/2008,EWN,NC,ASO,EN,Federal Contract Tower,11,16,21,4,52,0,0,0,0,0,11,16,21,4,52,0,0,0,52
12/19/2008,EWN,NC,ASO,EN,Federal Contract Tower,8,15,14,0,37,0,0,10,0,10,8,15,24,0,47,22,0,22,69
12/20/2008,EWN,NC,ASO,EN,Federal Contract Tower,9,8,5,0,22,0,0,61,1,62,9,8,66,1,84,124,0,124,208
12/21/2008,EWN,NC,ASO,EN,Federal Contract Tower,10,9,2,0,21,0,0,12,0,12,10,9,14,0,33,18,0,18,51
12/22/2008,EWN,NC,ASO,EN,Federal Contract Tower,9,10,1,4,24,0,0,25,0,25,9,10,26,4,49,12,0,12,61
12/23/2008,EWN,NC,ASO,EN,Federal Contract Tower,10,15,0,2,27,0,0,34,0,34,10,15,34,2,61,16,0,16,77
12/24/2008,EWN,NC,ASO,EN,Federal Contract Tower,10,14,7,0,31,0,0,18,0,18,10,14,25,0,49,88,0,88,137
12/25/2008,EWN,NC,ASO,EN,Federal Contract Tower,6,8,1,0,15,0,0,2,0,2,6,8,3,0,17,24,0,24,41
12/26/2008,EWN,NC,ASO,EN,Federal Contract Tower,9,13,10,0,32,0,0,20,0,20,9,13,30,0,52,40,0,40,92
12/27/2008,EWN,NC,ASO,EN,Federal Contract Tower,7,7,10,0,24,0,0,43,0,43,7,7,53,0,67,108,24,132,199
12/28/2008,EWN,NC,ASO,EN,Federal Contract Tower,10,7,1,0,18,0,0,28,0,28,10,7,29,0,46,112,0,112,158
12/29/2008,EWN,NC,ASO,EN,Federal Contract Tower,8,11,7,0,26,0,0,13,0,13,8,11,20,0,39,30,0,30,69
12/30/2008,EWN,NC,ASO,EN,Federal Contract Tower,10,12,11,3,36,0,0,34,2,36,10,12,45,5,72,90,0,90,162
12/31/2008,EWN,NC,ASO,EN,Federal Contract Tower,9,12,2,0,23,0,0,14,0,14,9,12,16,0,37,6,0,6,43
01/01/2009,EWN,NC,ASO,EN,Federal Contract Tower,5,7,2,0,14,0,0,36,0,36,5,7,38,0,50,30,0,30,80
01/02/2009,EWN,NC,ASO,EN,Federal Contract Tower,9,10,4,0,23,0,0,12,0,12,9,10,16,0,35,0,0,0,35
01/03/2009,EWN,NC,ASO,EN,Federal Contract Tower,10,9,18,0,37,0,0,66,0,66,10,9,84,0,103,92,0,92,195
01/04/2009,EWN,NC,ASO,EN,Federal Contract Tower,10,7,4,0,21,0,0,13,0,13,10,7,17,0,34,78,0,78,112
01/05/2009,EWN,NC,ASO,EN,Federal Contract Tower,10,9,6,0,25,0,0,21,0,21,10,9,27,0,46,88,0,88,134
01/06/2009,EWN,NC,ASO,EN,Federal Contract Tower,9,12,4,0,25,0,0,12,0,12,9,12,16,0,37,82,8,90,127
01/07/2009,EWN,NC,ASO,EN,Federal Contract Tower,10,8,0,0,18,0,0,0,0,0,10,8,0,0,18,0,0,0,18
01/08/2009,EWN,NC,ASO,EN,Federal Contract Tower,10,13,3,0,26,0,0,29,0,29,10,13,32,0,55,32,14,46,101
01/09/2009,EWN,NC,ASO,EN,Federal Contract Tower,12,10,8,2,32,0,0,42,0,42,12,10,50,2,74,40,4,44,118
01/10/2009,EWN,NC,ASO,EN,Federal Contract Tower,4,11,4,0,19,0,0,27,0,27,4,11,31,0,46,8,0,8,54
01/11/2009,EWN,NC,ASO,EN,Federal Contract Tower,9,7,5,0,21,0,0,10,0,10,9,7,15,0,31,14,0,14,45
01/12/2009,EWN,NC,ASO,EN,Federal Contract Tower,10,12,13,0,35,0,0,35,2,37,10,12,48,2,72,72,0,72,144
01/13/2009,EWN,NC,ASO,EN,Federal Contract Tower,10,14,0,0,24,0,0,2,0,2,10,14,2,0,26,0,0,0,26
01/14/2009,EWN,NC,ASO,EN,Federal Contract Tower,9,18,13,0,40,0,0,53,0,53,9,18,66,0,93,16,0,16,109
01/15/2009,EWN,NC,ASO,EN,Federal Contract Tower,8,19,10,4,41,0,0,23,0,23,8,19,33,4,64,22,0,22,86
01/16/2009,EWN,NC,ASO,EN,Federal Contract Tower,10,12,4,0,26,0,2,17,0,19,10,14,21,0,45,10,0,10,55
01/17/2009,EWN,NC,ASO,EN,Federal Contract Tower,4,10,4,0,18,0,0,30,0,30,4,10,34,0,48,56,0,56,104
01/18/2009,EWN,NC,ASO,EN,Federal Contract Tower,10,7,5,0,22,0,0,6,0,6,10,7,11,0,28,8,0,8,36
01/19/2009,EWN,NC,ASO,EN,Federal Contract Tower,7,9,12,0,28,0,0,10,0,10,7,9,22,0,38,16,0,16,54
01/20/2009,EWN,NC,ASO,EN,Federal Contract Tower,0,9,3,0,12,0,0,0,0,0,0,9,3,0,12,0,0,0,12
01/21/2009,EWN,NC,ASO,EN,Federal Contract Tower,9,13,0,1,23,0,1,17,1,19,9,14,17,2,42,34,0,34,76
01/22/2009,EWN,NC,ASO,EN,Federal Contract Tower,10,13,8,0,31,0,0,39,0,39,10,13,47,0,70,28,0,28,98
01/23/2009,EWN,NC,ASO,EN,Federal Contract Tower,10,11,6,0,27,0,0,57,0,57,10,11,63,0,84,48,0,48,132
01/24/2009,EWN,NC,ASO,EN,Federal Contract Tower,4,10,5,0,19,0,0,11,0,11,4,10,16,0,30,4,0,4,34
01/25/2009,EWN,NC,ASO,EN,Federal Contract Tower,10,7,8,0,25,0,0,12,0,12,10,7,20,0,37,4,0,4,41
01/26/2009,EWN,NC,ASO,EN,Federal Contract Tower,10,11,7,0,28,0,0,13,7,20,10,11,20,7,48,50,0,50,98
01/27/2009,EWN,NC,ASO,EN,Federal Contract Tower,7,16,6,0,29,0,0,3,0,3,7,16,9,0,32,24,0,24,56
01/28/2009,EWN,NC,ASO,EN,Federal Contract Tower,5,13,1,0,19,0,0,4,4,8,5,13,5,4,27,0,4,4,31
01/29/2009,EWN,NC,ASO,EN,Federal Contract Tower,10,12,6,0,28,0,0,20,0,20,10,12,26,0,48,18,0,18,66
01/30/2009,EWN,NC,ASO,EN,Federal Contract Tower,10,14,10,4,38,0,0,18,0,18,10,14,28,4,56,8,6,14,70
01/31/2009,EWN,NC,ASO,EN,Federal Contract Tower,4,12,7,0,23,0,0,25,4,29,4,12,32,4,52,28,34,62,114
02/01/2009,EWN,NC,ASO,EN,Federal Contract Tower,9,7,2,0,18,0,0,63,1,64,9,7,65,1,82,28,0,28,110
02/02/2009,EWN,NC,ASO,EN,Federal Contract Tower,9,10,5,0,24,0,0,16,0,16,9,10,21,0,40,58,0,58,98
02/03/2009,EWN,NC,ASO,EN,Federal Contract Tower,10,17,3,0,30,0,0,3,2,5,10,17,6,2,35,0,24,24,59
02/04/2009,EWN,NC,ASO,EN,Federal Contract Tower,8,13,4,0,25,0,0,4,0,4,8,13,8,0,29,6,0,6,35
02/05/2009,EWN,NC,ASO,EN,Federal Contract Tower,10,15,4,2,31,0,0,21,0,21,10,15,25,2,52,20,0,20,72
02/06/2009,EWN,NC,ASO,EN,Federal Contract Tower,10,12,3,0,25,0,0,35,0,35,10,12,38,0,60,36,0,36,96
02/07/2009,EWN,NC,ASO,EN,Federal Contract Tower,5,11,7,0,23,0,0,85,0,85,5,11,92,0,108,26,0,26,134
02/08/2009,EWN,NC,ASO,EN,Federal Contract Tower,9,6,6,0,21,0,0,35,0,35,9,6,41,0,56,34,0,34,90
02/09/2009,EWN,NC,ASO,EN,Federal Contract Tower,10,10,4,0,24,0,0,19,0,19,10,10,23,0,43,32,0,32,75
02/10/2009,EWN,NC,ASO,EN,Federal Contract Tower,10,13,8,0,31,0,0,4,0,4,10,13,12,0,35,6,4,10,45
02/11/2009,EWN,NC,ASO,EN,Federal Contract Tower,10,12,1,0,23,0,0,7,0,7,10,12,8,0,30,4,10,14,44
02/12/2009,EWN,NC,ASO,EN,Federal Contract Tower,10,13,17,0,40,0,0,15,0,15,10,13,32,0,55,2,10,12,67
02/13/2009,EWN,NC,ASO,EN,Federal Contract Tower,10,12,11,0,33,0,4,49,0,53,10,16,60,0,86,32,0,32,118
02/14/2009,EWN,NC,ASO,EN,Federal Contract Tower,6,8,3,0,17,0,0,27,0,27,6,8,30,0,44,26,0,26,70
02/15/2009,EWN,NC,ASO,EN,Federal Contract Tower,10,8,5,0,23,0,1,20,0,21,10,9,25,0,44,12,0,12,56
02/16/2009,EWN,NC,ASO,EN,Federal Contract Tower,10,9,9,0,28,0,0,8,0,8,10,9,17,0,36,0,0,0,36
02/17/2009,EWN,NC,ASO,EN,Federal Contract Tower,10,11,10,0,31,0,0,20,0,20,10,11,30,0,51,36,0,36,87
02/18/2009,EWN,NC,ASO,EN,Federal Contract Tower,9,13,0,2,24,0,0,0,0,0,9,13,0,2,24,0,0,0,24
02/19/2009,EWN,NC,ASO,EN,Federal Contract Tower,10,15,8,2,35,2,0,14,0,16,12,15,22,2,51,0,24,24,75
02/20/2009,EWN,NC,ASO,EN,Federal Contract Tower,11,11,13,2,37,0,0,51,0,51,11,11,64,2,88,92,0,92,180
02/21/2009,EWN,NC,ASO,EN,Federal Contract Tower,6,11,4,2,23,0,0,82,0,82,6,11,86,2,105,148,0,148,253
02/22/2009,EWN,NC,ASO,EN,Federal Contract Tower,9,6,3,0,18,0,0,9,0,9,9,6,12,0,27,0,0,0,27
02/23/2009,EWN,NC,ASO,EN,Federal Contract Tower,10,9,9,0,28,0,0,10,0,10,10,9,19,0,38,20,0,20,58
02/24/2009,EWN,NC,ASO,EN,Federal Contract Tower,10,12,5,2,29,0,0,41,0,41,10,12,46,2,70,54,4,58,128
02/25/2009,EWN,NC,ASO,EN,Federal Contract Tower,9,13,11,2,35,0,0,13,9,22,9,13,24,11,57,58,8,66,123
02/26/2009,EWN,NC,ASO,EN,Federal Contract Tower,10,11,6,1,28,0,0,57,0,57,10,11,63,1,85,122,0,122,207
02/27/2009,EWN,NC,ASO,EN,Federal Contract Tower,9,12,5,4,30,0,0,1,0,1,9,12,6,4,31,0,0,0,31
02/28/2009,EWN,NC,ASO,EN,Federal Contract Tower,6,11,17,0,34,0,0,0,0,0,6,11,17,0,34,0,0,0,34
03/01/2009,EWN,NC,ASO,EN,Federal Contract Tower,7,5,0,0,12,0,0,0,0,0,7,5,0,0,12,0,0,0,12
03/02/2009,EWN,NC,ASO,EN,Federal Contract Tower,5,6,0,0,11,0,0,0,0,0,5,6,0,0,11,0,0,0,11
03/03/2009,EWN,NC,ASO,EN,Federal Contract Tower,11,12,5,3,31,0,0,10,1,11,11,12,15,4,42,8,0,8,50
03/04/2009,EWN,NC,ASO,EN,Federal Contract Tower,9,12,9,0,30,0,0,27,1,28,9,12,36,1,58,18,0,18,76
03/05/2009,EWN,NC,ASO,EN,Federal Contract Tower,11,12,12,3,38,0,0,34,4,38,11,12,46,7,76,66,0,66,142
03/06/2009,EWN,NC,ASO,EN,Federal Contract Tower,9,11,16,4,40,0,0,35,1,36,9,11,51,5,76,14,0,14,90
03/07/2009,EWN,NC,ASO,EN,Federal Contract Tower,7,6,2,0,15,0,0,68,1,69,7,6,70,1,84,74,0,74,158
03/08/2009,EWN,NC,ASO,EN,Federal Contract Tower,9,7,10,0,26,0,0,51,0,51,9,7,61,0,77,50,0,50,127
03/09/2009,EWN,NC,ASO,EN,Federal Contract Tower,10,9,12,1,32,0,0,22,2,24,10,9,34,3,56,6,0,6,62
03/10/2009,EWN,NC,ASO,EN,Federal Contract Tower,10,12,5,0,27,0,0,36,0,36,10,12,41,0,63,36,0,36,99
03/11/2009,EWN,NC,ASO,EN,Federal Contract Tower,10,14,15,0,39,0,0,32,0,32,10,14,47,0,71,28,0,28,99
03/12/2009,EWN,NC,ASO,EN,Federal Contract Tower,8,15,5,6,34,0,0,34,0,34,8,15,39,6,68,30,0,30,98
03/13/2009,EWN,NC,ASO,EN,Federal Contract Tower,10,16,10,0,36,0,0,4,0,4,10,16,14,0,40,0,0,0,40
03/14/2009,EWN,NC,ASO,EN,Federal Contract Tower,7,8,5,0,20,0,0,0,0,0,7,8,5,0,20,0,0,0,20
03/15/2009,EWN,NC,ASO,EN,Federal Contract Tower,10,10,5,0,25,0,0,0,0,0,10,10,5,0,25,0,0,0,25
03/16/2009,EWN,NC,ASO,EN,Federal Contract Tower,9,10,5,2,26,0,0,0,0,0,9,10,5,2,26,0,0,0,26
03/17/2009,EWN,NC,ASO,EN,Federal Contract Tower,9,12,10,4,35,0,0,2,0,2,9,12,12,4,37,6,0,6,43
03/18/2009,EWN,NC,ASO,EN,Federal Contract Tower,8,12,10,10,40,0,0,35,1,36,8,12,45,11,76,44,0,44,120
03/19/2009,EWN,NC,ASO,EN,Federal Contract Tower,10,16,11,0,37,0,0,32,0,32,10,16,43,0,69,20,0,20,89
03/20/2009,EWN,NC,ASO,EN,Federal Contract Tower,10,13,5,0,28,0,0,21,0,21,10,13,26,0,49,8,0,8,57
03/21/2009,EWN,NC,ASO,EN,Federal Contract Tower,6,8,7,0,21,0,0,56,0,56,6,8,63,0,77,50,0,50,127
03/22/2009,EWN,NC,ASO,EN,Federal Contract Tower,10,6,14,2,32,0,0,62,0,62,10,6,76,2,94,82,0,82,176
03/23/2009,EWN,NC,ASO,EN,Federal Contract Tower,10,9,11,0,30,0,0,35,0,35,10,9,46,0,65,26,0,26,91
03/24/2009,EWN,NC,ASO,EN,Federal Contract Tower,11,12,4,2,29,0,0,45,0,45,11,12,49,2,74,66,0,66,140
03/25/2009,EWN,NC,ASO,EN,Federal Contract Tower,9,12,5,1,27,0,0,31,4,35,9,12,36,5,62,48,0,48,110
03/26/2009,EWN,NC,ASO,EN,Federal Contract Tower,9,13,20,0,42,0,0,4,0,4,9,13,24,0,46,10,0,10,56
03/27/2009,EWN,NC,ASO,EN,Federal Contract Tower,9,16,14,0,39,0,0,24,0,24,9,16,38,0,63,28,2,30,93
03/28/2009,EWN,NC,ASO,EN,Federal Contract Tower,6,9,3,0,18,0,0,24,0,24,6,9,27,0,42,60,0,60,102
03/29/2009,EWN,NC,ASO,EN,Federal Contract Tower,8,8,7,0,23,0,0,19,0,19,8,8,26,0,42,24,0,24,66
03/30/2009,EWN,NC,ASO,EN,Federal Contract Tower,10,9,8,0,27,0,0,31,3,34,10,9,39,3,61,22,12,34,95
03/31/2009,EWN,NC,ASO,EN,Federal Contract Tower,10,12,20,4,46,0,0,29,2,31,10,12,49,6,77,64,0,64,141
04/01/2009,EWN,NC,ASO,EN,Federal Contract Tower,10,12,1,0,23,0,0,11,0,11,10,12,12,0,34,44,0,44,78
04/02/2009,EWN,NC,ASO,EN,Federal Contract Tower,11,12,16,1,40,0,0,0,7,7,11,12,16,8,47,0,0,0,47
04/03/2009,EWN,NC,ASO,EN,Federal Contract Tower,11,13,3,2,29,0,0,12,2,14,11,13,15,4,43,18,0,18,61
04/04/2009,EWN,NC,ASO,EN,Federal Contract Tower,10,8,7,0,25,0,0,86,0,86,10,8,93,0,111,62,0,62,173
04/05/2009,EWN,NC,ASO,EN,Federal Contract Tower,11,7,3,2,23,0,0,46,1,47,11,7,49,3,70,50,0,50,120
04/06/2009,EWN,NC,ASO,EN,Federal Contract Tower,9,9,3,2,23,0,0,3,1,4,9,9,6,3,27,4,0,4,31
04/07/2009,EWN,NC,ASO,EN,Federal Contract Tower,12,12,9,0,33,0,0,33,4,37,12,12,42,4,70,18,16,34,104
04/08/2009,EWN,NC,ASO,EN,Federal Contract Tower,12,15,4,0,31,0,0,63,0,63,12,15,67,0,94,52,0,52,146
04/09/2009,EWN,NC,ASO,EN,Federal Contract Tower,12,14,9,2,37,0,0,67,2,69,12,14,76,4,106,44,2,46,152
04/10/2009,EWN,NC,ASO,EN,Federal Contract Tower,10,12,9,2,33,0,0,45,0,45,10,12,54,2,78,82,0,82,160
04/11/2009,EWN,NC,ASO,EN,Federal Contract Tower,10,10,6,0,26,0,0,36,0,36,10,10,42,0,62,42,0,42,104
04/12/2009,EWN,NC,ASO,EN,Federal Contract Tower,12,8,2,0,22,0,0,58,0,58,12,8,60,0,80,66,0,66,146
04/13/2009,EWN,NC,ASO,EN,Federal Contract Tower,11,10,14,0,35,0,0,9,0,9,11,10,23,0,44,6,0,6,50
04/14/2009,EWN,NC,ASO,EN,Federal Contract Tower,10,14,6,2,32,0,0,4,0,4,10,14,10,2,36,8,0,8,44
04/15/2009,EWN,NC,ASO,EN,Federal Contract Tower,12,13,4,0,29,0,0,10,4,14,12,13,14,4,43,38,6,44,87
04/16/2009,EWN,NC,ASO,EN,Federal Contract Tower,12,12,13,6,43,0,0,23,8,31,12,12,36,14,74,32,12,44,118
04/17/2009,EWN,NC,ASO,EN,Federal Contract Tower,12,11,11,0,34,0,0,70,4,74,12,11,81,4,108,115,0,115,223
04/18/2009,EWN,NC,ASO,EN,Federal Contract Tower,10,8,6,0,24,0,0,70,1,71,10,8,76,1,95,72,0,72,167
04/19/2009,EWN,NC,ASO,EN,Federal Contract Tower,11,6,3,0,20,0,2,42,0,44,11,8,45,0,64,28,0,28,92
04/20/2009,EWN,NC,ASO,EN,Federal Contract Tower,11,9,8,0,28,0,0,6,0,6,11,9,14,0,34,0,0,0,34
04/21/2009,EWN,NC,ASO,EN,Federal Contract Tower,12,12,7,2,33,0,0,35,0,35,12,12,42,2,68,38,0,38,106
04/22/2009,EWN,NC,ASO,EN,Federal Contract Tower,11,12,6,0,29,0,0,14,4,18,11,12,20,4,47,2,14,16,63
04/23/2009,EWN,NC,ASO,EN,Federal Contract Tower,12,14,10,0,36,0,0,27,0,27,12,14,37,0,63,60,0,60,123
04/24/2009,EWN,NC,ASO,EN,Federal Contract Tower,12,11,6,0,29,0,0,36,0,36,12,11,42,0,65,26,0,26,91
04/25/2009,EWN,NC,ASO,EN,Federal Contract Tower,9,8,1,0,18,0,0,80,0,80,9,8,81,0,98,50,0,50,148
04/26/2009,EWN,NC,ASO,EN,Federal Contract Tower,11,7,7,0,25,0,0,36,0,36,11,7,43,0,61,44,0,44,105
04/27/2009,EWN,NC,ASO,EN,Federal Contract Tower,12,11,8,0,31,0,1,32,2,35,12,12,40,2,66,26,8,34,100
04/28/2009,EWN,NC,ASO,EN,Federal Contract Tower,12,12,7,2,33,0,0,38,2,40,12,12,45,4,73,36,10,46,119
04/29/2009,EWN,NC,ASO,EN,Federal Contract Tower,12,12,11,0,35,0,0,46,0,46,12,12,57,0,81,22,0,22,103
04/30/2009,EWN,NC,ASO,EN,Federal Contract Tower,12,12,7,4,35,0,0,33,0,33,12,12,40,4,68,72,0,72,140
05/01/2009,EWN,NC,ASO,EN,Federal Contract Tower,12,11,9,2,34,0,0,19,2,21,12,11,28,4,55,0,0,0,55
05/02/2009,EWN,NC,ASO,EN,Federal Contract Tower,10,9,2,0,21,0,0,30,0,30,10,9,32,0,51,14,0,14,65
05/03/2009,EWN,NC,ASO,EN,Federal Contract Tower,11,7,4,0,22,0,0,30,0,30,11,7,34,0,52,42,0,42,94
05/04/2009,EWN,NC,ASO,EN,Federal Contract Tower,12,9,9,0,30,0,0,15,0,15,12,9,24,0,45,0,0,0,45
05/05/2009,EWN,NC,ASO,EN,Federal Contract Tower,9,9,6,0,24,0,0,0,0,0,9,9,6,0,24,0,0,0,24
05/06/2009,EWN,NC,ASO,EN,Federal Contract Tower,11,11,11,2,35,0,1,10,0,11,11,12,21,2,46,0,0,0,46
05/07/2009,EWN,NC,ASO,EN,Federal Contract Tower,12,15,6,4,37,0,0,18,0,18,12,15,24,4,55,24,0,24,79
05/08/2009,EWN,NC,ASO,EN,Federal Contract Tower,10,17,9,0,36,0,0,45,0,45,10,17,54,0,81,50,0,50,131
05/09/2009,EWN,NC,ASO,EN,Federal Contract Tower,10,8,8,0,26,0,0,53,2,55,10,8,61,2,81,82,0,82,163
05/10/2009,EWN,NC,ASO,EN,Federal Contract Tower,12,7,6,0,25,0,0,29,0,29,12,7,35,0,54,22,0,22,76
05/11/2009,EWN,NC,ASO,EN,Federal Contract Tower,10,10,11,0,31,0,0,1,0,1,10,10,12,0,32,18,0,18,50
05/12/2009,EWN,NC,ASO,EN,Federal Contract Tower,12,12,10,0,34,0,0,52,0,52,12,12,62,0,86,64,0,64,150
05/13/2009,EWN,NC,ASO,EN,Federal Contract Tower,12,15,9,4,40,0,0,38,0,38,12,15,47,4,78,72,0,72,150
05/14/2009,EWN,NC,ASO,EN,Federal Contract Tower,12,13,8,0,33,0,0,20,0,20,12,13,28,0,53,16,0,16,69
05/15/2009,EWN,NC,ASO,EN,Federal Contract Tower,12,12,9,2,35,0,0,6,2,8,12,12,15,4,43,0,0,0,43
05/16/2009,EWN,NC,ASO,EN,Federal Contract Tower,10,8,6,1,25,0,0,15,1,16,10,8,21,2,41,10,0,10,51
05/17/2009,EWN,NC,ASO,EN,Federal Contract Tower,12,6,3,0,21,0,0,6,0,6,12,6,9,0,27,0,0,0,27
05/18/2009,EWN,NC,ASO,EN,Federal Contract Tower,12,11,14,0,37,0,0,6,0,6,12,11,20,0,43,0,0,0,43
05/19/2009,EWN,NC,ASO,EN,Federal Contract Tower,12,16,12,0,40,0,0,33,0,33,12,16,45,0,73,32,0,32,105
05/20/2009,EWN,NC,ASO,EN,Federal Contract Tower,12,12,11,5,40,0,0,25,3,28,12,12,36,8,68,88,0,88,156
05/21/2009,EWN,NC,ASO,EN,Federal Contract Tower,12,12,21,2,47,0,0,46,0,46,12,12,67,2,93,118,0,118,211
05/22/2009,EWN,NC,ASO,EN,Federal Contract Tower,13,15,16,2,46,0,0,72,0,72,13,15,88,2,118,89,0,89,207
05/23/2009,EWN,NC,ASO,EN,Federal Contract Tower,10,9,5,1,25,0,0,46,0,46,10,9,51,1,71,48,0,48,119
05/24/2009,EWN,NC,ASO,EN,Federal Contract Tower,10,6,8,1,25,0,0,14,2,16,10,6,22,3,41,0,0,0,41
05/25/2009,EWN,NC,ASO,EN,Federal Contract Tower,12,6,12,1,31,0,0,24,0,24,12,6,36,1,55,32,0,32,87
05/26/2009,EWN,NC,ASO,EN,Federal Contract Tower,12,9,5,0,26,0,0,11,0,11,12,9,16,0,37,22,0,22,59
05/27/2009,EWN,NC,ASO,EN,Federal Contract Tower,10,12,11,1,34,0,0,9,4,13,10,12,20,5,47,24,8,32,79
05/28/2009,EWN,NC,ASO,EN,Federal Contract Tower,12,14,15,0,41,0,0,8,0,8,12,14,23,0,49,30,0,30,79
05/29/2009,EWN,NC,ASO,EN,Federal Contract Tower,12,10,3,0,25,0,0,11,0,11,12,10,14,0,36,22,14,36,72
05/30/2009,EWN,NC,ASO,EN,Federal Contract Tower,11,9,7,1,28,0,0,55,0,55,11,9,62,1,83,134,0,134,217
05/31/2009,EWN,NC,ASO,EN,Federal Contract Tower,12,8,3,0,23,0,1,31,0,32,12,9,34,0,55,30,0,30,85
06/01/2009,EWN,NC,ASO,EN,Federal Contract Tower,12,9,9,0,30,0,2,33,2,37,12,11,42,2,67,26,0,26,93
06/02/2009,EWN,NC,ASO,EN,Federal Contract Tower,12,12,12,0,36,0,0,39,0,39,12,12,51,0,75,52,0,52,127
06/03/2009,EWN,NC,ASO,EN,Federal Contract Tower,12,13,5,0,30,0,0,42,4,46,12,13,47,4,76,88,0,88,164
06/04/2009,EWN,NC,ASO,EN,Federal Contract Tower,14,13,10,0,37,0,0,27,0,27,14,13,37,0,64,64,12,76,140
06/05/2009,EWN,NC,ASO,EN,Federal Contract Tower,14,12,7,0,33,0,0,16,0,16,14,12,23,0,49,45,4,49,98
06/06/2009,EWN,NC,ASO,EN,Federal Contract Tower,12,12,13,0,37,0,1,4,0,5,12,13,17,0,42,0,0,0,42
06/07/2009,EWN,NC,ASO,EN,Federal Contract Tower,14,6,9,0,29,0,0,23,2,25,14,6,32,2,54,22,0,22,76
06/08/2009,EWN,NC,ASO,EN,Federal Contract Tower,13,9,8,0,30,0,0,24,2,26,13,9,32,2,56,62,0,62,118
06/09/2009,EWN,NC,ASO,EN,Federal Contract Tower,10,12,12,1,35,0,0,28,0,28,10,12,40,1,63,22,0,22,85
06/10/2009,EWN,NC,ASO,EN,Federal Contract Tower,14,12,10,1,37,0,0,32,0,32,14,12,42,1,69,60,0,60,129
06/11/2009,EWN,NC,ASO,EN,Federal Contract Tower,9,6,2,3,20,0,0,12,2,14,9,6,14,5,34,28,0,28,62
06/12/2009,EWN,NC,ASO,EN,Federal Contract Tower,12,12,14,0,38,0,0,28,0,28,12,12,42,0,66,48,0,48,114
06/13/2009,EWN,NC,ASO,EN,Federal Contract Tower,10,12,7,0,29,0,0,35,0,35,10,12,42,0,64,20,0,20,84
06/14/2009,EWN,NC,ASO,EN,Federal Contract Tower,14,12,33,0,59,0,0,35,0,35,14,12,68,0,94,80,0,80,174
06/15/2009,EWN,NC,ASO,EN,Federal Contract Tower,14,9,9,0,32,0,0,22,0,22,14,9,31,0,54,0,0,0,54
06/16/2009,EWN,NC,ASO,EN,Federal Contract Tower,12,17,6,10,45,0,0,3,0,3,12,17,9,10,48,16,0,16,64
06/17/2009,EWN,NC,ASO,EN,Federal Contract Tower,13,13,6,0,32,0,0,19,0,19,13,13,25,0,51,22,6,28,79
06/18/2009,EWN,NC,ASO,EN,Federal Contract Tower,14,12,14,0,40,0,0,13,0,13,14,12,27,0,53,6,0,6,59
06/19/2009,EWN,NC,ASO,EN,Federal Contract Tower,13,15,21,0,49,0,2,81,0,83,13,17,102,0,132,116,0,116,248
06/20/2009,EWN,NC,ASO,EN,Federal Contract Tower,10,11,13,0,34,0,0,41,2,43,10,11,54,2,77,22,0,22,99
06/21/2009,EWN,NC,ASO,EN,Federal Contract Tower,13,10,36,0,59,0,0,29,0,29,13,10,65,0,88,40,0,40,128
06/22/2009,EWN,NC,ASO,EN,Federal Contract Tower,13,10,12,0,35,0,0,18,0,18,13,10,30,0,53,38,0,38,91
06/23/2009,EWN,NC,ASO,EN,Federal Contract Tower,12,13,9,0,34,0,0,28,2,30,12,13,37,2,64,74,10,84,148
06/24/2009,EWN,NC,ASO,EN,Federal Contract Tower,13,11,12,0,36,0,0,50,0,50,13,11,62,0,86,122,0,122,208
06/25/2009,EWN,NC,ASO,EN,Federal Contract Tower,14,12,8,0,34,0,0,56,8,64,14,12,64,8,98,103,10,113,211
06/26/2009,EWN,NC,ASO,EN,Federal Contract Tower,14,13,18,3,48,0,0,21,6,27,14,13,39,9,75,38,4,42,117
06/27/2009,EWN,NC,ASO,EN,Federal Contract Tower,10,10,6,0,26,0,0,30,0,30,10,10,36,0,56,4,0,4,60
06/28/2009,EWN,NC,ASO,EN,Federal Contract Tower,14,10,6,0,30,0,0,38,0,38,14,10,44,0,68,54,0,54,122
06/29/2009,EWN,NC,ASO,EN,Federal Contract Tower,14,9,14,0,37,0,0,32,4,36,14,9,46,4,73,36,12,48,121
06/30/2009,EWN,NC,ASO,EN,Federal Contract Tower,10,14,8,2,34,0,0,26,0,26,10,14,34,2,60,28,0,28,88
07/01/2009,EWN,NC,ASO,EN,Federal Contract Tower,13,14,11,2,40,0,0,48,0,48,13,14,59,2,88,56,0,56,144
07/02/2009,EWN,NC,ASO,EN,Federal Contract Tower,13,12,18,0,43,0,0,46,0,46,13,12,64,0,89,24,0,24,113
07/03/2009,EWN,NC,ASO,EN,Federal Contract Tower,14,9,11,7,41,0,2,55,0,57,14,11,66,7,98,78,6,84,182
07/04/2009,EWN,NC,ASO,EN,Federal Contract Tower,10,6,2,0,18,0,0,29,0,29,10,6,31,0,47,4,0,4,51
07/05/2009,EWN,NC,ASO,EN,Federal Contract Tower,14,6,12,0,32,0,0,16,0,16,14,6,28,0,48,10,0,10,58
07/06/2009,EWN,NC,ASO,EN,Federal Contract Tower,13,9,20,0,42,0,0,6,0,6,13,9,26,0,48,0,0,0,48
07/07/2009,EWN,NC,ASO,EN,Federal Contract Tower,11,15,5,0,31,0,0,32,0,32,11,15,37,0,63,70,0,70,133
07/08/2009,EWN,NC,ASO,EN,Federal Contract Tower,13,12,4,0,29,0,0,33,0,33,13,12,37,0,62,74,0,74,136
07/09/2009,EWN,NC,ASO,EN,Federal Contract Tower,13,12,13,4,42,0,0,20,4,24,13,12,33,8,66,0,26,26,92
07/10/2009,EWN,NC,ASO,EN,Federal Contract Tower,14,11,12,2,39,0,0,66,0,66,14,11,78,2,105,36,0,36,141
07/11/2009,EWN,NC,ASO,EN,Federal Contract Tower,11,9,12,1,33,0,0,69,0,69,11,9,81,1,102,28,0,28,130
07/12/2009,EWN,NC,ASO,EN,Federal Contract Tower,12,6,20,0,38,0,0,30,0,30,12,6,50,0,68,28,0,28,96
07/13/2009,EWN,NC,ASO,EN,Federal Contract Tower,13,12,6,0,31,0,0,6,2,8,13,12,12,2,39,22,0,22,61
07/14/2009,EWN,NC,ASO,EN,Federal Contract Tower,12,12,8,2,34,0,0,14,8,22,12,12,22,10,56,24,4,28,84
07/15/2009,EWN,NC,ASO,EN,Federal Contract Tower,14,15,4,0,33,0,0,37,2,39,14,15,41,2,72,24,2,26,98
07/16/2009,EWN,NC,ASO,EN,Federal Contract Tower,14,14,20,0,48,0,0,31,0,31,14,14,51,0,79,32,0,32,111
07/17/2009,EWN,NC,ASO,EN,Federal Contract Tower,13,16,19,0,48,0,0,29,0,29,13,16,48,0,77,34,0,34,111
07/18/2009,EWN,NC,ASO,EN,Federal Contract Tower,12,12,14,0,38,0,0,38,0,38,12,12,52,0,76,64,0,64,140
07/19/2009,EWN,NC,ASO,EN,Federal Contract Tower,14,6,27,0,47,0,0,30,1,31,14,6,57,1,78,30,0,30,108
07/20/2009,EWN,NC,ASO,EN,Federal Contract Tower,14,9,1,0,24,0,0,31,2,33,14,9,32,2,57,28,4,32,89
07/21/2009,EWN,NC,ASO,EN,Federal Contract Tower,11,15,12,0,38,0,1,30,0,31,11,16,42,0,69,14,0,14,83
07/22/2009,EWN,NC,ASO,EN,Federal Contract Tower,14,13,4,2,33,0,0,49,1,50,14,13,53,3,83,20,10,30,113
07/23/2009,EWN,NC,ASO,EN,Federal Contract Tower,15,14,18,2,49,0,0,50,0,50,15,14,68,2,99,80,0,80,179
07/24/2009,EWN,NC,ASO,EN,Federal Contract Tower,14,15,10,0,39,0,0,53,0,53,14,15,63,0,92,42,0,42,134
07/25/2009,EWN,NC,ASO,EN,Federal Contract Tower,12,10,8,0,30,0,0,40,0,40,12,10,48,0,70,32,0,32,102
07/26/2009,EWN,NC,ASO,EN,Federal Contract Tower,14,6,4,0,24,0,0,29,2,31,14,6,33,2,55,38,0,38,93
07/27/2009,EWN,NC,ASO,EN,Federal Contract Tower,13,9,10,0,32,0,0,18,0,18,13,9,28,0,50,10,0,10,60
07/28/2009,EWN,NC,ASO,EN,Federal Contract Tower,11,12,5,2,30,0,0,24,0,24,11,12,29,2,54,44,0,44,98
07/29/2009,EWN,NC,ASO,EN,Federal Contract Tower,12,14,8,0,34,0,0,35,0,35,12,14,43,0,69,38,0,38,107
07/30/2009,EWN,NC,ASO,EN,Federal Contract Tower,11,12,6,0,29,0,0,47,0,47,11,12,53,0,76,90,0,90,166
07/31/2009,EWN,NC,ASO,EN,Federal Contract Tower,11,10,6,0,27,0,0,23,0,23,11,10,29,0,50,30,0,30,80
08/01/2009,EWN,NC,ASO,EN,Federal Contract Tower,12,8,10,0,30,0,0,42,0,42,12,8,52,0,72,28,0,28,100
08/02/2009,EWN,NC,ASO,EN,Federal Contract Tower,13,6,7,1,27,0,0,21,0,21,13,6,28,1,48,42,0,42,90
08/03/2009,EWN,NC,ASO,EN,Federal Contract Tower,13,9,11,2,35,0,0,20,0,20,13,9,31,2,55,28,2,30,85
08/04/2009,EWN,NC,ASO,EN,Federal Contract Tower,12,13,5,0,30,0,0,27,0,27,12,13,32,0,57,32,0,32,89
08/05/2009,EWN,NC,ASO,EN,Federal Contract Tower,14,11,3,4,32,0,0,26,2,28,14,11,29,6,60,38,0,38,98
08/06/2009,EWN,NC,ASO,EN,Federal Contract Tower,15,13,8,0,36,0,0,18,0,18,15,13,26,0,54,38,0,38,92
08/07/2009,EWN,NC,ASO,EN,Federal Contract Tower,14,13,16,0,43,0,0,60,0,60,14,13,76,0,103,110,6,116,219
08/08/2009,EWN,NC,ASO,EN,Federal Contract Tower,12,9,9,1,31,0,0,75,0,75,12,9,84,1,106,52,0,52,158
08/09/2009,EWN,NC,ASO,EN,Federal Contract Tower,13,6,8,0,27,0,0,53,2,55,13,6,61,2,82,16,0,16,98
08/10/2009,EWN,NC,ASO,EN,Federal Contract Tower,13,13,5,0,31,0,0,30,0,30,13,13,35,0,61,16,0,16,77
08/11/2009,EWN,NC,ASO,EN,Federal Contract Tower,10,13,10,0,33,0,0,41,0,41,10,13,51,0,74,62,0,62,136
08/12/2009,EWN,NC,ASO,EN,Federal Contract Tower,12,10,12,2,36,0,0,2,2,4,12,10,14,4,40,0,0,0,40
08/13/2009,EWN,NC,ASO,EN,Federal Contract Tower,16,13,16,0,45,0,0,4,0,4,16,13,20,0,49,40,0,40,89
08/14/2009,EWN,NC,ASO,EN,Federal Contract Tower,14,16,17,0,47,0,0,16,0,16,14,16,33,0,63,10,0,10,73
08/15/2009,EWN,NC,ASO,EN,Federal Contract Tower,12,11,8,0,31,0,0,34,0,34,12,11,42,0,65,14,0,14,79
08/16/2009,EWN,NC,ASO,EN,Federal Contract Tower,12,6,10,0,28,0,0,28,0,28,12,6,38,0,56,50,0,50,106
08/17/2009,EWN,NC,ASO,EN,Federal Contract Tower,14,9,4,5,32,0,0,29,0,29,14,9,33,5,61,46,0,46,107
08/18/2009,EWN,NC,ASO,EN,Federal Contract Tower,11,13,12,2,38,0,0,29,2,31,11,13,41,4,69,18,0,18,87
08/19/2009,EWN,NC,ASO,EN,Federal Contract Tower,12,13,12,0,37,0,0,28,2,30,12,13,40,2,67,56,0,56,123
08/20/2009,EWN,NC,ASO,EN,Federal Contract Tower,11,10,11,0,32,0,0,24,2,26,11,10,35,2,58,48,0,48,106
08/21/2009,EWN,NC,ASO,EN,Federal Contract Tower,12,11,11,0,34,0,0,26,0,26,12,11,37,0,60,32,0,32,92
08/22/2009,EWN,NC,ASO,EN,Federal Contract Tower,4,12,3,1,20,0,0,17,2,19,4,12,20,3,39,6,0,6,45
08/23/2009,EWN,NC,ASO,EN,Federal Contract Tower,12,6,2,0,20,0,0,18,0,18,12,6,20,0,38,52,0,52,90
08/24/2009,EWN,NC,ASO,EN,Federal Contract Tower,14,10,13,0,37,0,0,23,0,23,14,10,36,0,60,14,0,14,74
08/25/2009,EWN,NC,ASO,EN,Federal Contract Tower,12,12,5,4,33,0,0,48,0,48,12,12,53,4,81,36,0,36,117
08/26/2009,EWN,NC,ASO,EN,Federal Contract Tower,12,12,9,0,33,0,0,39,1,40,12,12,48,1,73,12,0,12,85
08/27/2009,EWN,NC,ASO,EN,Federal Contract Tower,12,12,6,0,30,0,0,21,2,23,12,12,27,2,53,16,0,16,69
08/28/2009,EWN,NC,ASO,EN,Federal Contract Tower,11,10,6,0,27,0,0,9,0,9,11,10,15,0,36,34,0,34,70
08/29/2009,EWN,NC,ASO,EN,Federal Contract Tower,6,12,2,0,20,0,0,46,0,46,6,12,48,0,66,56,0,56,122
08/30/2009,EWN,NC,ASO,EN,Federal Contract Tower,11,6,10,0,27,0,0,28,0,28,11,6,38,0,55,16,0,16,71
08/31/2009,EWN,NC,ASO,EN,Federal Contract Tower,12,9,11,0,32,0,0,0,0,0,12,9,11,0,32,0,0,0,32
09/01/2009,EWN,NC,ASO,EN,Federal Contract Tower,13,12,13,0,38,0,0,27,0,27,13,12,40,0,65,40,0,40,105
09/02/2009,EWN,NC,ASO,EN,Federal Contract Tower,12,12,13,1,38,0,0,37,0,37,12,12,50,1,75,42,6,48,123
09/03/2009,EWN,NC,ASO,EN,Federal Contract Tower,12,14,11,0,37,0,0,12,0,12,12,14,23,0,49,42,0,42,91
09/04/2009,EWN,NC,ASO,EN,Federal Contract Tower,12,12,10,0,34,0,0,56,2,58,12,12,66,2,92,46,0,46,138
09/05/2009,EWN,NC,ASO,EN,Federal Contract Tower,7,12,7,0,26,0,0,37,1,38,7,12,44,1,64,30,0,30,94
09/06/2009,EWN,NC,ASO,EN,Federal Contract Tower,10,7,5,0,22,0,0,31,0,31,10,7,36,0,53,30,0,30,83
09/07/2009,EWN,NC,ASO,EN,Federal Contract Tower,12,7,9,0,28,0,0,0,0,0,12,7,9,0,28,0,0,0,28
09/08/2009,EWN,NC,ASO,EN,Federal Contract Tower,12,10,16,0,38,0,0,18,0,18,12,10,34,0,56,26,0,26,82
09/09/2009,EWN,NC,ASO,EN,Federal Contract Tower,11,12,4,0,27,0,0,32,0,32,11,12,36,0,59,70,0,70,129
09/10/2009,EWN,NC,ASO,EN,Federal Contract Tower,11,16,10,0,37,0,0,8,0,8,11,16,18,0,45,30,0,30,75
09/11/2009,EWN,NC,ASO,EN,Federal Contract Tower,12,11,5,0,28,0,0,38,0,38,12,11,43,0,66,72,0,72,138
09/12/2009,EWN,NC,ASO,EN,Federal Contract Tower,6,12,8,2,28,0,0,75,0,75,6,12,83,2,103,48,0,48,151
09/13/2009,EWN,NC,ASO,EN,Federal Contract Tower,12,6,6,0,24,0,0,40,0,40,12,6,46,0,64,80,0,80,144
09/14/2009,EWN,NC,ASO,EN,Federal Contract Tower,14,8,9,0,31,0,0,15,0,15,14,8,24,0,46,30,2,32,78
09/15/2009,EWN,NC,ASO,EN,Federal Contract Tower,11,11,9,2,33,0,0,41,4,45,11,11,50,6,78,80,0,80,158
09/16/2009,EWN,NC,ASO,EN,Federal Contract Tower,12,14,15,0,41,0,0,52,0,52,12,14,67,0,93,74,0,74,167
09/17/2009,EWN,NC,ASO,EN,Federal Contract Tower,12,12,26,0,50,0,0,21,0,21,12,12,47,0,71,52,10,62,133
09/18/2009,EWN,NC,ASO,EN,Federal Contract Tower,11,10,15,4,40,0,0,44,2,46,11,10,59,6,86,64,4,68,154
09/19/2009,EWN,NC,ASO,EN,Federal Contract Tower,6,13,4,0,23,0,0,45,0,45,6,13,49,0,68,46,0,46,114
09/20/2009,EWN,NC,ASO,EN,Federal Contract Tower,11,7,6,1,25,0,0,48,0,48,11,7,54,1,73,42,0,42,115
09/21/2009,EWN,NC,ASO,EN,Federal Contract Tower,9,9,9,0,27,0,0,19,0,19,9,9,28,0,46,50,0,50,96
09/22/2009,EWN,NC,ASO,EN,Federal Contract Tower,12,15,9,0,36,0,0,4,0,4,12,15,13,0,40,6,0,6,46
09/23/2009,EWN,NC,ASO,EN,Federal Contract Tower,12,16,5,2,35,0,0,14,0,14,12,16,19,2,49,18,0,18,67
09/24/2009,EWN,NC,ASO,EN,Federal Contract Tower,12,13,11,4,40,0,0,53,2,55,12,13,64,6,95,86,10,96,191
09/25/2009,EWN,NC,ASO,EN,Federal Contract Tower,13,14,21,2,50,0,0,24,2,26,13,14,45,4,76,6,0,6,82
09/26/2009,EWN,NC,ASO,EN,Federal Contract Tower,5,14,8,0,27,0,0,14,0,14,5,14,22,0,41,16,0,16,57
09/27/2009,EWN,NC,ASO,EN,Federal Contract Tower,12,7,3,0,22,0,0,17,0,17,12,7,20,0,39,20,0,20,59
09/28/2009,EWN,NC,ASO,EN,Federal Contract Tower,12,9,7,0,28,0,0,25,0,25,12,9,32,0,53,20,0,20,73
09/29/2009,EWN,NC,ASO,EN,Federal Contract Tower,11,13,9,2,35,0,0,36,2,38,11,13,45,4,73,48,0,48,121
09/30/2009,EWN,NC,ASO,EN,Federal Contract Tower,11,13,15,2,41,0,0,66,3,69,11,13,81,5,110,78,2,80,190
10/01/2009,EWN,NC,ASO,EN,Federal Contract Tower,10,19,17,0,46,0,0,35,0,35,10,19,52,0,81,60,2,62,143
10/02/2009,EWN,NC,ASO,EN,Federal Contract Tower,11,12,7,0,30,0,0,29,0,29,11,12,36,0,59,42,0,42,101
10/03/2009,EWN,NC,ASO,EN,Federal Contract Tower,7,12,13,0,32,0,0,48,0,48,7,12,61,0,80,46,0,46,126
10/04/2009,EWN,NC,ASO,EN,Federal Contract Tower,14,5,8,0,27,0,0,48,1,49,14,5,56,1,76,82,0,82,158
10/05/2009,EWN,NC,ASO,EN,Federal Contract Tower,12,8,10,0,30,0,0,6,2,8,12,8,16,2,38,6,0,6,44
10/06/2009,EWN,NC,ASO,EN,Federal Contract Tower,12,12,15,0,39,0,0,12,0,12,12,12,27,0,51,14,0,14,65
10/07/2009,EWN,NC,ASO,EN,Federal Contract Tower,12,12,8,0,32,0,0,12,0,12,12,12,20,0,44,32,0,32,76
10/08/2009,EWN,NC,ASO,EN,Federal Contract Tower,10,13,18,4,45,0,0,0,54,54,10,13,18,58,99,88,0,88,187
10/09/2009,EWN,NC,ASO,EN,Federal Contract Tower,5,17,11,0,33,0,0,63,0,63,5,17,74,0,96,128,0,128,224
10/10/2009,EWN,NC,ASO,EN,Federal Contract Tower,8,11,12,0,31,0,0,41,0,41,8,11,53,0,72,66,0,66,138
10/11/2009,EWN,NC,ASO,EN,Federal Contract Tower,12,4,14,0,30,0,0,36,0,36,12,4,50,0,66,36,0,36,102
10/12/2009,EWN,NC,ASO,EN,Federal Contract Tower,12,9,9,0,30,0,0,11,0,11,12,9,20,0,41,32,0,32,73
10/13/2009,EWN,NC,ASO,EN,Federal Contract Tower,13,9,7,0,29,0,0,42,0,42,13,9,49,0,71,60,0,60,131
10/14/2009,EWN,NC,ASO,EN,Federal Contract Tower,7,16,15,0,38,0,0,4,2,6,7,16,19,2,44,0,0,0,44
10/15/2009,EWN,NC,ASO,EN,Federal Contract Tower,13,16,8,0,37,0,0,0,0,0,13,16,8,0,37,0,0,0,37
10/16/2009,EWN,NC,ASO,EN,Federal Contract Tower,15,10,12,0,37,0,0,10,0,10,15,10,22,0,47,14,0,14,61
10/17/2009,EWN,NC,ASO,EN,Federal Contract Tower,11,9,15,1,36,0,0,12,0,12,11,9,27,1,48,18,0,18,66
10/18/2009,EWN,NC,ASO,EN,Federal Contract Tower,12,9,5,0,26,0,0,2,0,2,12,9,7,0,28,8,0,8,36
10/19/2009,EWN,NC,ASO,EN,Federal Contract Tower,14,10,6,0,30,0,0,25,2,27,14,10,31,2,57,8,0,8,65
10/20/2009,EWN,NC,ASO,EN,Federal Contract Tower,14,13,1,2,30,0,0,24,0,24,14,13,25,2,54,28,0,28,82
10/21/2009,EWN,NC,ASO,EN,Federal Contract Tower,12,14,13,0,39,0,0,28,0,28,12,14,41,0,67,37,1,38,105
10/22/2009,EWN,NC,ASO,EN,Federal Contract Tower,12,15,16,4,47,0,0,37,0,37,12,15,53,4,84,0,32,32,116
10/23/2009,EWN,NC,ASO,EN,Federal Contract Tower,13,12,3,3,31,0,0,30,1,31,13,12,33,4,62,38,6,44,106
10/24/2009,EWN,NC,ASO,EN,Federal Contract Tower,10,11,4,2,27,0,0,8,0,8,10,11,12,2,35,0,0,0,35
10/25/2009,EWN,NC,ASO,EN,Federal Contract Tower,12,6,20,1,39,0,0,27,0,27,12,6,47,1,66,26,0,26,92
10/26/2009,EWN,NC,ASO,EN,Federal Contract Tower,11,7,7,0,25,0,0,1,0,1,11,7,8,0,26,0,0,0,26
10/27/2009,EWN,NC,ASO,EN,Federal Contract Tower,12,16,7,0,35,0,0,2,0,2,12,16,9,0,37,6,0,6,43
10/28/2009,EWN,NC,ASO,EN,Federal Contract Tower,16,11,4,0,31,0,0,29,0,29,16,11,33,0,60,50,0,50,110
10/29/2009,EWN,NC,ASO,EN,Federal Contract Tower,12,11,21,2,46,0,0,26,0,26,12,11,47,2,72,42,0,42,114
10/30/2009,EWN,NC,ASO,EN,Federal Contract Tower,12,11,22,0,45,0,0,37,2,39,12,11,59,2,84,32,10,42,126
10/31/2009,EWN,NC,ASO,EN,Federal Contract Tower,9,0,10,1,20,0,0,41,0,41,9,0,51,1,61,34,0,34,95
11/01/2009,EWN,NC,ASO,EN,Federal Contract Tower,14,2,5,0,21,0,0,3,0,3,14,2,8,0,24,12,0,12,36
11/02/2009,EWN,NC,ASO,EN,Federal Contract Tower,12,7,5,0,24,0,0,0,0,0,12,7,5,0,24,2,0,2,26
11/03/2009,EWN,NC,ASO,EN,Federal Contract Tower,14,7,13,0,34,0,0,34,0,34,14,7,47,0,68,44,0,44,112
11/04/2009,EWN,NC,ASO,EN,Federal Contract Tower,15,14,16,0,45,0,0,40,2,42,15,14,56,2,87,28,8,36,123
11/05/2009,EWN,NC,ASO,EN,Federal Contract Tower,12,10,8,1,31,0,0,30,0,30,12,10,38,1,61,42,0,42,103
11/06/2009,EWN,NC,ASO,EN,Federal Contract Tower,14,14,16,0,44,0,0,69,0,69,14,14,85,0,113,30,0,30,143
11/07/2009,EWN,NC,ASO,EN,Federal Contract Tower,10,11,10,3,34,0,0,49,0,49,10,11,59,3,83,26,0,26,109
11/08/2009,EWN,NC,ASO,EN,Federal Contract Tower,13,3,4,2,22,0,0,45,0,45,13,3,49,2,67,38,0,38,105
11/09/2009,EWN,NC,ASO,EN,Federal Contract Tower,12,7,6,0,25,0,0,20,0,20,12,7,26,0,45,42,0,42,87
11/10/2009,EWN,NC,ASO,EN,Federal Contract Tower,11,13,15,0,39,0,0,19,2,21,11,13,34,2,60,32,0,32,92
11/11/2009,EWN,NC,ASO,EN,Federal Contract Tower,15,13,3,0,31,0,0,0,0,0,15,13,3,0,31,0,0,0,31
11/12/2009,EWN,NC,ASO,EN,Federal Contract Tower,12,8,3,0,23,0,0,0,0,0,12,8,3,0,23,0,0,0,23
11/13/2009,EWN,NC,ASO,EN,Federal Contract Tower,13,11,5,0,29,0,0,10,0,10,13,11,15,0,39,12,0,12,51
11/14/2009,EWN,NC,ASO,EN,Federal Contract Tower,9,9,6,0,24,0,0,9,0,9,9,9,15,0,33,12,0,12,45
11/15/2009,EWN,NC,ASO,EN,Federal Contract Tower,13,2,4,4,23,0,0,48,0,48,13,2,52,4,71,86,0,86,157
11/16/2009,EWN,NC,ASO,EN,Federal Contract Tower,11,8,10,1,30,0,0,45,2,47,11,8,55,3,77,82,6,88,165
11/17/2009,EWN,NC,ASO,EN,Federal Contract Tower,11,12,10,4,37,0,0,22,0,22,11,12,32,4,59,14,0,14,73
11/18/2009,EWN,NC,ASO,EN,Federal Contract Tower,12,10,13,17,52,0,0,3,1,4,12,10,16,18,56,34,0,34,90
11/19/2009,EWN,NC,ASO,EN,Federal Contract Tower,12,11,5,1,29,0,0,7,2,9,12,11,12,3,38,6,32,38,76
11/20/2009,EWN,NC,ASO,EN,Federal Contract Tower,14,10,25,3,52,0,0,20,0,20,14,10,45,3,72,32,0,32,104
11/21/2009,EWN,NC,ASO,EN,Federal Contract Tower,9,9,13,1,32,0,0,59,1,60,9,9,72,2,92,60,0,60,152
11/22/2009,EWN,NC,ASO,EN,Federal Contract Tower,12,2,7,0,21,0,0,38,0,38,12,2,45,0,59,68,0,68,127
11/23/2009,EWN,NC,ASO,EN,Federal Contract Tower,11,9,17,3,40,0,0,8,0,8,11,9,25,3,48,12,2,14,62
11/24/2009,EWN,NC,ASO,EN,Federal Contract Tower,13,14,8,0,35,0,0,1,0,1,13,14,9,0,36,0,0,0,36
11/25/2009,EWN,NC,ASO,EN,Federal Contract Tower,12,11,9,0,32,0,0,15,0,15,12,11,24,0,47,74,0,74,121
11/26/2009,EWN,NC,ASO,EN,Federal Contract Tower,7,2,7,0,16,0,0,30,0,30,7,2,37,0,46,12,0,12,58
11/27/2009,EWN,NC,ASO,EN,Federal Contract Tower,12,9,10,0,31,0,0,24,0,24,12,9,34,0,55,38,0,38,93
11/28/2009,EWN,NC,ASO,EN,Federal Contract Tower,12,7,14,0,33,0,0,48,0,48,12,7,62,0,81,120,0,120,201
11/29/2009,EWN,NC,ASO,EN,Federal Contract Tower,12,3,12,0,27,0,2,45,0,47,12,5,57,0,74,108,0,108,182
11/30/2009,EWN,NC,ASO,EN,Federal Contract Tower,13,7,3,0,23,0,0,14,0,14,13,7,17,0,37,20,0,20,57
12/01/2009,EWN,NC,ASO,EN,Federal Contract Tower,12,11,3,0,26,0,0,44,0,44,12,11,47,0,70,76,2,78,148
12/02/2009,EWN,NC,ASO,EN,Federal Contract Tower,12,11,6,1,30,0,0,3,0,3,12,11,9,1,33,0,0,0,33
12/03/2009,EWN,NC,ASO,EN,Federal Contract Tower,11,13,10,4,38,0,0,15,0,15,11,13,25,4,53,34,0,34,87
12/04/2009,EWN,NC,ASO,EN,Federal Contract Tower,12,10,10,0,32,0,0,62,0,62,12,10,72,0,94,38,0,38,132
12/05/2009,EWN,NC,ASO,EN,Federal Contract Tower,9,11,1,0,21,0,0,0,0,0,9,11,1,0,21,0,0,0,21
12/06/2009,EWN,NC,ASO,EN,Federal Contract Tower,11,5,7,0,23,0,0,36,0,36,11,5,43,0,59,36,0,36,95
12/07/2009,EWN,NC,ASO,EN,Federal Contract Tower,11,7,2,2,22,0,0,24,0,24,11,7,26,2,46,58,4,62,108
12/08/2009,EWN,NC,ASO,EN,Federal Contract Tower,12,11,8,0,31,0,0,11,0,11,12,11,19,0,42,16,0,16,58
12/09/2009,EWN,NC,ASO,EN,Federal Contract Tower,12,16,12,0,40,0,0,7,0,7,12,16,19,0,47,6,0,6,53
12/10/2009,EWN,NC,ASO,EN,Federal Contract Tower,11,11,3,0,25,0,0,24,0,24,11,11,27,0,49,68,0,68,117
12/11/2009,EWN,NC,ASO,EN,Federal Contract Tower,13,11,5,0,29,0,0,42,0,42,13,11,47,0,71,34,0,34,105
12/12/2009,EWN,NC,ASO,EN,Federal Contract Tower,9,14,9,0,32,0,0,43,0,43,9,14,52,0,75,38,0,38,113
12/13/2009,EWN,NC,ASO,EN,Federal Contract Tower,11,6,6,0,23,0,0,0,0,0,11,6,6,0,23,0,0,0,23
12/14/2009,EWN,NC,ASO,EN,Federal Contract Tower,8,12,15,0,35,0,0,33,4,37,8,12,48,4,72,54,0,54,126
12/15/2009,EWN,NC,ASO,EN,Federal Contract Tower,12,12,9,0,33,0,0,3,0,3,12,12,12,0,36,2,0,2,38
12/16/2009,EWN,NC,ASO,EN,Federal Contract Tower,12,14,10,0,36,0,0,44,1,45,12,14,54,1,81,30,0,30,111
12/17/2009,EWN,NC,ASO,EN,Federal Contract Tower,16,13,21,2,52,0,0,79,0,79,16,13,100,2,131,72,0,72,203
12/18/2009,EWN,NC,ASO,EN,Federal Contract Tower,15,11,3,0,29,0,0,11,2,13,15,11,14,2,42,22,0,22,64
12/19/2009,EWN,NC,ASO,EN,Federal Contract Tower,11,9,4,0,24,0,0,7,0,7,11,9,11,0,31,0,0,0,31
12/20/2009,EWN,NC,ASO,EN,Federal Contract Tower,15,3,7,0,25,0,0,28,0,28,15,3,35,0,53,30,0,30,83
12/21/2009,EWN,NC,ASO,EN,Federal Contract Tower,14,9,5,2,30,0,0,31,0,31,14,9,36,2,61,20,0,20,81
12/22/2009,EWN,NC,ASO,EN,Federal Contract Tower,14,15,10,0,39,0,1,41,6,48,14,16,51,6,87,52,14,66,153
12/23/2009,EWN,NC,ASO,EN,Federal Contract Tower,15,16,5,0,36,1,0,59,0,60,16,16,64,0,96,80,0,80,176
12/24/2009,EWN,NC,ASO,EN,Federal Contract Tower,12,13,8,0,33,0,0,56,0,56,12,13,64,0,89,80,0,80,169
12/25/2009,EWN,NC,ASO,EN,Federal Contract Tower,10,5,3,0,18,0,0,0,0,0,10,5,3,0,18,0,0,0,18
12/26/2009,EWN,NC,ASO,EN,Federal Contract Tower,10,9,6,0,25,0,0,14,0,14,10,9,20,0,39,28,0,28,67
12/27/2009,EWN,NC,ASO,EN,Federal Contract Tower,15,5,2,0,22,0,0,43,0,43,15,5,45,0,65,72,0,72,137
12/28/2009,EWN,NC,ASO,EN,Federal Contract Tower,14,7,7,0,28,0,0,36,0,36,14,7,43,0,64,24,0,24,88
12/29/2009,EWN,NC,ASO,EN,Federal Contract Tower,13,9,1,0,23,0,0,45,2,47,13,9,46,2,70,48,0,48,118
12/30/2009,EWN,NC,ASO,EN,Federal Contract Tower,14,10,7,0,31,0,0,47,0,47,14,10,54,0,78,28,0,28,106
12/31/2009,EWN,NC,ASO,EN,Federal Contract Tower,11,13,11,0,35,0,0,18,0,18,11,13,29,0,53,12,0,12,65
01/01/2010,EWN,NC,ASO,EN,Federal Contract Tower,12,5,1,0,18,0,0,3,0,3,12,5,4,0,21,6,0,6,27
01/02/2010,EWN,NC,ASO,EN,Federal Contract Tower,11,9,8,0,28,0,0,46,0,46,11,9,54,0,74,20,0,20,94
01/03/2010,EWN,NC,ASO,EN,Federal Contract Tower,15,3,5,0,23,0,0,8,0,8,15,3,13,0,31,0,0,0,31
01/04/2010,EWN,NC,ASO,EN,Federal Contract Tower,13,21,3,0,37,0,0,32,0,32,13,21,35,0,69,50,0,50,119
01/05/2010,EWN,NC,ASO,EN,Federal Contract Tower,10,13,6,0,29,0,0,29,0,29,10,13,35,0,58,0,8,8,66
01/06/2010,EWN,NC,ASO,EN,Federal Contract Tower,10,14,2,2,28,0,0,31,0,31,10,14,33,2,59,62,6,68,127
01/07/2010,EWN,NC,ASO,EN,Federal Contract Tower,8,13,6,3,30,0,0,37,0,37,8,13,43,3,67,72,14,86,153
01/08/2010,EWN,NC,ASO,EN,Federal Contract Tower,9,13,3,0,25,0,0,16,0,16,9,13,19,0,41,14,0,14,55
01/09/2010,EWN,NC,ASO,EN,Federal Contract Tower,9,9,1,0,19,0,0,47,0,47,9,9,48,0,66,98,0,98,164
01/10/2010,EWN,NC,ASO,EN,Federal Contract Tower,10,5,5,2,22,0,0,38,0,38,10,5,43,2,60,72,0,72,132
01/11/2010,EWN,NC,ASO,EN,Federal Contract Tower,9,11,11,0,31,0,0,21,0,21,9,11,32,0,52,52,0,52,104
01/12/2010,EWN,NC,ASO,EN,Federal Contract Tower,9,14,9,0,32,0,0,27,2,29,9,14,36,2,61,42,0,42,103
01/13/2010,EWN,NC,ASO,EN,Federal Contract Tower,9,15,4,0,28,0,0,26,2,28,9,15,30,2,56,40,16,56,112
01/14/2010,EWN,NC,ASO,EN,Federal Contract Tower,9,16,3,6,34,0,0,36,6,42,9,16,39,12,76,40,0,40,116
01/15/2010,EWN,NC,ASO,EN,Federal Contract Tower,10,13,1,0,24,0,0,30,0,30,10,13,31,0,54,62,0,62,116
01/16/2010,EWN,NC,ASO,EN,Federal Contract Tower,9,10,1,1,21,0,0,53,1,54,9,10,54,2,75,68,0,68,143
01/17/2010,EWN,NC,ASO,EN,Federal Contract Tower,10,8,3,0,21,0,0,4,0,4,10,8,7,0,25,10,0,10,35
01/18/2010,EWN,NC,ASO,EN,Federal Contract Tower,10,9,3,1,23,0,0,48,0,48,10,9,51,1,71,108,0,108,179
01/19/2010,EWN,NC,ASO,EN,Federal Contract Tower,10,14,13,0,37,0,0,50,1,51,10,14,63,1,88,122,0,122,210
01/20/2010,EWN,NC,ASO,EN,Federal Contract Tower,10,14,6,2,32,0,0,43,0,43,10,14,49,2,75,96,0,96,171
01/21/2010,EWN,NC,ASO,EN,Federal Contract Tower,9,14,6,0,29,0,0,11,0,11,9,14,17,0,40,60,0,60,100
01/22/2010,EWN,NC,ASO,EN,Federal Contract Tower,10,15,24,0,49,0,0,0,0,0,10,15,24,0,49,0,0,0,49
01/23/2010,EWN,NC,ASO,EN,Federal Contract Tower,9,10,21,0,40,0,0,112,0,112,9,10,133,0,152,204,0,204,356
01/24/2010,EWN,NC,ASO,EN,Federal Contract Tower,10,5,6,0,21,0,0,36,0,36,10,5,42,0,57,36,0,36,93
01/25/2010,EWN,NC,ASO,EN,Federal Contract Tower,9,8,7,0,24,0,0,5,0,5,9,8,12,0,29,52,0,52,81
01/26/2010,EWN,NC,ASO,EN,Federal Contract Tower,9,13,9,0,31,0,0,27,0,27,9,13,36,0,58,70,0,70,128
01/27/2010,EWN,NC,ASO,EN,Federal Contract Tower,9,14,8,0,31,0,0,49,2,51,9,14,57,2,82,140,0,140,222
01/28/2010,EWN,NC,ASO,EN,Federal Contract Tower,10,14,9,1,34,0,0,40,1,41,10,14,49,2,75,66,0,66,141
01/29/2010,EWN,NC,ASO,EN,Federal Contract Tower,8,14,8,10,40,0,0,19,4,23,8,14,27,14,63,36,22,58,121
01/30/2010,EWN,NC,ASO,EN,Federal Contract Tower,0,3,0,0,3,0,0,0,0,0,0,3,0,0,3,0,0,0,3
01/31/2010,EWN,NC,ASO,EN,Federal Contract Tower,8,5,5,0,18,0,0,40,0,40,8,5,45,0,58,80,0,80,138
02/01/2010,EWN,NC,ASO,EN,Federal Contract Tower,10,9,8,0,27,0,0,19,4,23,10,9,27,4,50,22,2,24,74
02/02/2010,EWN,NC,ASO,EN,Federal Contract Tower,10,13,6,2,31,0,0,1,0,1,10,13,7,2,32,0,0,0,32
02/03/2010,EWN,NC,ASO,EN,Federal Contract Tower,8,15,4,0,27,0,0,21,4,25,8,15,25,4,52,8,0,8,60
02/04/2010,EWN,NC,ASO,EN,Federal Contract Tower,10,13,5,2,30,0,0,16,0,16,10,13,21,2,46,24,0,24,70
02/05/2010,EWN,NC,ASO,EN,Federal Contract Tower,9,11,8,0,28,0,0,0,0,0,9,11,8,0,28,0,0,0,28
02/06/2010,EWN,NC,ASO,EN,Federal Contract Tower,9,6,0,0,15,0,0,4,0,4,9,6,4,0,19,16,0,16,35
02/07/2010,EWN,NC,ASO,EN,Federal Contract Tower,11,7,1,0,19,0,0,47,0,47,11,7,48,0,66,30,0,30,96
02/08/2010,EWN,NC,ASO,EN,Federal Contract Tower,11,11,6,0,28,0,0,42,2,44,11,11,48,2,72,22,4,26,98
02/09/2010,EWN,NC,ASO,EN,Federal Contract Tower,10,17,2,0,29,0,0,11,0,11,10,17,13,0,40,14,0,14,54
02/10/2010,EWN,NC,ASO,EN,Federal Contract Tower,9,16,6,0,31,0,0,1,0,1,9,16,7,0,32,6,0,6,38
02/11/2010,EWN,NC,ASO,EN,Federal Contract Tower,12,14,7,0,33,0,0,13,2,15,12,14,20,2,48,6,4,10,58
02/12/2010,EWN,NC,ASO,EN,Federal Contract Tower,13,9,3,0,25,0,0,20,3,23,13,9,23,3,48,10,0,10,58
02/13/2010,EWN,NC,ASO,EN,Federal Contract Tower,8,10,1,0,19,0,0,4,0,4,8,10,5,0,23,2,0,2,25
02/14/2010,EWN,NC,ASO,EN,Federal Contract Tower,9,6,14,0,29,0,0,16,0,16,9,6,30,0,45,40,0,40,85
02/15/2010,EWN,NC,ASO,EN,Federal Contract Tower,10,8,8,0,26,0,0,15,0,15,10,8,23,0,41,12,0,12,53
02/16/2010,EWN,NC,ASO,EN,Federal Contract Tower,11,12,10,0,33,0,0,15,0,15,11,12,25,0,48,0,0,0,48
02/17/2010,EWN,NC,ASO,EN,Federal Contract Tower,11,13,3,2,29,0,0,30,0,30,11,13,33,2,59,2,6,8,67
02/18/2010,EWN,NC,ASO,EN,Federal Contract Tower,11,14,7,0,32,0,0,25,2,27,11,14,32,2,59,32,27,59,118
02/19/2010,EWN,NC,ASO,EN,Federal Contract Tower,13,12,13,4,42,0,0,76,1,77,13,12,89,5,119,42,0,42,161
02/20/2010,EWN,NC,ASO,EN,Federal Contract Tower,7,9,2,0,18,0,0,66,0,66,7,9,68,0,84,62,0,62,146
02/21/2010,EWN,NC,ASO,EN,Federal Contract Tower,10,6,13,0,29,0,0,43,0,43,10,6,56,0,72,56,0,56,128
02/22/2010,EWN,NC,ASO,EN,Federal Contract Tower,11,7,9,2,29,0,0,2,0,2,11,7,11,2,31,0,0,0,31
02/23/2010,EWN,NC,ASO,EN,Federal Contract Tower,11,15,9,0,35,0,0,7,0,7,11,15,16,0,42,2,0,2,44
02/24/2010,EWN,NC,ASO,EN,Federal Contract Tower,11,13,1,0,25,0,0,0,0,0,11,13,1,0,25,0,0,0,25
02/25/2010,EWN,NC,ASO,EN,Federal Contract Tower,12,12,8,1,33,0,0,4,0,4,12,12,12,1,37,0,2,2,39
02/26/2010,EWN,NC,ASO,EN,Federal Contract Tower,13,9,9,2,33,0,0,8,4,12,13,9,17,6,45,0,14,14,59
02/27/2010,EWN,NC,ASO,EN,Federal Contract Tower,7,10,3,0,20,0,0,58,2,60,7,10,61,2,80,14,0,14,94
02/28/2010,EWN,NC,ASO,EN,Federal Contract Tower,11,9,11,0,31,0,0,47,0,47,11,9,58,0,78,66,0,66,144
03/01/2010,EWN,NC,ASO,EN,Federal Contract Tower,2,17,5,4,28,0,0,31,0,31,2,17,36,4,59,32,0,32,91
03/02/2010,EWN,NC,ASO,EN,Federal Contract Tower,0,17,6,0,23,0,0,6,0,6,0,17,12,0,29,6,0,6,35
03/03/2010,EWN,NC,ASO,EN,Federal Contract Tower,11,14,11,0,36,0,0,0,0,0,11,14,11,0,36,0,0,0,36
03/04/2010,EWN,NC,ASO,EN,Federal Contract Tower,12,13,13,0,38,0,0,17,0,17,12,13,30,0,55,18,0,18,73
03/05/2010,EWN,NC,ASO,EN,Federal Contract Tower,14,11,3,0,28,0,0,45,0,45,14,11,48,0,73,36,0,36,109
03/06/2010,EWN,NC,ASO,EN,Federal Contract Tower,8,7,6,2,23,0,0,65,0,65,8,7,71,2,88,6,0,6,94
03/07/2010,EWN,NC,ASO,EN,Federal Contract Tower,9,7,4,0,20,0,0,56,1,57,9,7,60,1,77,52,0,52,129
03/08/2010,EWN,NC,ASO,EN,Federal Contract Tower,9,9,9,0,27,0,0,36,0,36,9,9,45,0,63,14,0,14,77
03/09/2010,EWN,NC,ASO,EN,Federal Contract Tower,10,15,2,0,27,0,0,44,6,50,10,15,46,6,77,58,0,58,135
03/10/2010,EWN,NC,ASO,EN,Federal Contract Tower,11,12,5,0,28,0,0,11,3,14,11,12,16,3,42,20,20,40,82
03/11/2010,EWN,NC,ASO,EN,Federal Contract Tower,11,15,12,3,41,0,0,1,0,1,11,15,13,3,42,24,6,30,72
03/12/2010,EWN,NC,ASO,EN,Federal Contract Tower,13,8,10,1,32,0,0,1,0,1,13,8,11,1,33,0,2,2,35
03/13/2010,EWN,NC,ASO,EN,Federal Contract Tower,8,11,1,0,20,0,0,27,0,27,8,11,28,0,47,42,0,42,89
03/14/2010,EWN,NC,ASO,EN,Federal Contract Tower,9,7,11,0,27,0,0,47,0,47,9,7,58,0,74,66,0,66,140
03/15/2010,EWN,NC,ASO,EN,Federal Contract Tower,9,9,17,0,35,0,0,47,5,52,9,9,64,5,87,50,4,54,141
03/16/2010,EWN,NC,ASO,EN,Federal Contract Tower,11,12,8,8,39,0,0,42,0,42,11,12,50,8,81,82,0,82,163
03/17/2010,EWN,NC,ASO,EN,Federal Contract Tower,11,12,7,0,30,0,0,29,0,29,11,12,36,0,59,52,12,64,123
03/18/2010,EWN,NC,ASO,EN,Federal Contract Tower,12,12,13,5,42,0,0,15,0,15,12,12,28,5,57,28,4,32,89
03/19/2010,EWN,NC,ASO,EN,Federal Contract Tower,14,8,6,0,28,0,0,60,0,60,14,8,66,0,88,84,2,86,174
03/20/2010,EWN,NC,ASO,EN,Federal Contract Tower,9,7,8,0,24,0,0,76,0,76,9,7,84,0,100,28,0,28,128
03/21/2010,EWN,NC,ASO,EN,Federal Contract Tower,10,6,7,0,23,0,0,59,0,59,10,6,66,0,82,74,0,74,156
03/22/2010,EWN,NC,ASO,EN,Federal Contract Tower,16,11,8,0,35,0,0,10,0,10,16,11,18,0,45,8,0,8,53
03/23/2010,EWN,NC,ASO,EN,Federal Contract Tower,10,13,2,5,30,0,0,14,0,14,10,13,16,5,44,4,0,4,48
03/24/2010,EWN,NC,ASO,EN,Federal Contract Tower,12,13,7,0,32,0,0,36,0,36,12,13,43,0,68,28,14,42,110
03/25/2010,EWN,NC,ASO,EN,Federal Contract Tower,12,12,6,0,30,0,0,14,0,14,12,12,20,0,44,28,2,30,74
03/26/2010,EWN,NC,ASO,EN,Federal Contract Tower,14,9,9,0,32,0,0,10,0,10,14,9,19,0,42,2,0,2,44
03/27/2010,EWN,NC,ASO,EN,Federal Contract Tower,8,8,9,0,25,0,0,44,0,44,8,8,53,0,69,30,0,30,99
03/28/2010,EWN,NC,ASO,EN,Federal Contract Tower,11,6,7,0,24,0,0,24,0,24,11,6,31,0,48,6,0,6,54
03/29/2010,EWN,NC,ASO,EN,Federal Contract Tower,10,10,11,10,41,0,0,0,2,2,10,10,11,12,43,0,0,0,43
03/30/2010,EWN,NC,ASO,EN,Federal Contract Tower,2,19,11,0,32,0,0,28,0,28,2,19,39,0,60,10,0,10,70
03/31/2010,EWN,NC,ASO,EN,Federal Contract Tower,0,26,10,0,36,0,0,49,0,49,0,26,59,0,85,70,0,70,155
04/01/2010,EWN,NC,ASO,EN,Federal Contract Tower,0,24,11,0,35,0,0,23,0,23,0,24,34,0,58,24,8,32,90
04/02/2010,EWN,NC,ASO,EN,Federal Contract Tower,0,23,15,0,38,0,0,102,0,102,0,23,117,0,140,98,0,98,238
04/03/2010,EWN,NC,ASO,EN,Federal Contract Tower,4,11,6,0,21,0,0,52,0,52,4,11,58,0,73,16,0,16,89
04/04/2010,EWN,NC,ASO,EN,Federal Contract Tower,2,15,6,0,23,0,0,34,0,34,2,15,40,0,57,36,0,36,93
04/05/2010,EWN,NC,ASO,EN,Federal Contract Tower,2,17,9,0,28,0,0,33,0,33,2,17,42,0,61,32,0,32,93
04/06/2010,EWN,NC,ASO,EN,Federal Contract Tower,2,23,7,0,32,0,0,28,2,30,2,23,35,2,62,12,0,12,74
04/07/2010,EWN,NC,ASO,EN,Federal Contract Tower,0,28,19,0,47,0,0,21,0,21,0,28,40,0,68,30,2,32,100
04/08/2010,EWN,NC,ASO,EN,Federal Contract Tower,0,26,5,0,31,0,0,11,0,11,0,26,16,0,42,0,0,0,42
04/09/2010,EWN,NC,ASO,EN,Federal Contract Tower,0,24,9,1,34,0,0,45,0,45,0,24,54,1,79,34,2,36,115
04/10/2010,EWN,NC,ASO,EN,Federal Contract Tower,4,14,2,0,20,0,0,66,0,66,4,14,68,0,86,24,0,24,110
04/11/2010,EWN,NC,ASO,EN,Federal Contract Tower,2,17,8,0,27,0,0,65,0,65,2,17,73,0,92,24,0,24,116
04/12/2010,EWN,NC,ASO,EN,Federal Contract Tower,0,20,5,0,25,0,0,32,0,32,0,20,37,0,57,18,0,18,75
04/13/2010,EWN,NC,ASO,EN,Federal Contract Tower,2,25,9,1,37,0,0,42,3,45,2,25,51,4,82,30,18,48,130
04/14/2010,EWN,NC,ASO,EN,Federal Contract Tower,3,24,15,2,44,0,0,15,0,15,3,24,30,2,59,12,16,28,87
04/15/2010,EWN,NC,ASO,EN,Federal Contract Tower,2,24,15,1,42,0,0,37,1,38,2,24,52,2,80,6,0,6,86
04/16/2010,EWN,NC,ASO,EN,Federal Contract Tower,2,25,5,2,34,0,0,53,0,53,2,25,58,2,87,24,0,24,111
04/17/2010,EWN,NC,ASO,EN,Federal Contract Tower,6,13,7,0,26,0,0,62,0,62,6,13,69,0,88,42,0,42,130
04/18/2010,EWN,NC,ASO,EN,Federal Contract Tower,2,17,4,0,23,0,0,71,1,72,2,17,75,1,95,50,0,50,145
04/19/2010,EWN,NC,ASO,EN,Federal Contract Tower,4,17,11,0,32,0,0,51,1,52,4,17,62,1,84,10,0,10,94
04/20/2010,EWN,NC,ASO,EN,Federal Contract Tower,2,24,9,3,38,0,0,46,0,46,2,24,55,3,84,28,0,28,112
04/21/2010,EWN,NC,ASO,EN,Federal Contract Tower,2,25,9,0,36,0,0,14,0,14,2,25,23,0,50,12,0,12,62
04/22/2010,EWN,NC,ASO,EN,Federal Contract Tower,2,22,18,6,48,0,0,35,1,36,2,22,53,7,84,42,0,42,126
04/23/2010,EWN,NC,ASO,EN,Federal Contract Tower,2,23,3,1,29,0,0,49,0,49,2,23,52,1,78,32,2,34,112
04/24/2010,EWN,NC,ASO,EN,Federal Contract Tower,2,15,11,0,28,0,0,32,0,32,2,15,43,0,60,22,0,22,82
04/25/2010,EWN,NC,ASO,EN,Federal Contract Tower,2,17,2,2,23,0,0,13,0,13,2,17,15,2,36,6,4,10,46
04/26/2010,EWN,NC,ASO,EN,Federal Contract Tower,0,21,7,2,30,0,0,21,0,21,0,21,28,2,51,10,0,10,61
04/27/2010,EWN,NC,ASO,EN,Federal Contract Tower,2,23,15,0,40,0,0,25,2,27,2,23,40,2,67,0,2,2,69
04/28/2010,EWN,NC,ASO,EN,Federal Contract Tower,2,23,9,4,38,0,0,43,0,43,2,23,52,4,81,44,0,44,125
04/29/2010,EWN,NC,ASO,EN,Federal Contract Tower,2,27,10,0,39,0,0,43,0,43,2,27,53,0,82,8,6,14,96
04/30/2010,EWN,NC,ASO,EN,Federal Contract Tower,2,24,5,1,32,0,0,33,0,33,2,24,38,1,65,14,4,18,83
05/01/2010,EWN,NC,ASO,EN,Federal Contract Tower,4,14,10,3,31,0,0,46,0,46,4,14,56,3,77,22,0,22,99
05/02/2010,EWN,NC,ASO,EN,Federal Contract Tower,0,19,5,0,24,0,0,31,0,31,0,19,36,0,55,30,0,30,85
05/03/2010,EWN,NC,ASO,EN,Federal Contract Tower,0,21,17,4,42,0,0,12,2,14,0,21,29,6,56,12,0,12,68
05/04/2010,EWN,NC,ASO,EN,Federal Contract Tower,2,19,11,0,32,0,0,7,2,9,2,19,18,2,41,12,4,16,57
05/05/2010,EWN,NC,ASO,EN,Federal Contract Tower,2,24,3,2,31,0,0,35,0,35,2,24,38,2,66,60,0,60,126
05/06/2010,EWN,NC,ASO,EN,Federal Contract Tower,4,24,16,2,46,0,0,31,3,34,4,24,47,5,80,20,8,28,108
05/07/2010,EWN,NC,ASO,EN,Federal Contract Tower,7,29,13,0,49,0,0,77,0,77,7,29,90,0,126,98,4,102,228
05/08/2010,EWN,NC,ASO,EN,Federal Contract Tower,2,15,7,0,24,0,0,32,0,32,2,15,39,0,56,16,0,16,72
05/09/2010,EWN,NC,ASO,EN,Federal Contract Tower,2,18,1,0,21,0,0,32,0,32,2,18,33,0,53,12,0,12,65
05/10/2010,EWN,NC,ASO,EN,Federal Contract Tower,0,23,12,2,37,0,0,31,1,32,0,23,43,3,69,48,4,52,121
05/11/2010,EWN,NC,ASO,EN,Federal Contract Tower,0,28,20,0,48,0,1,34,2,37,0,29,54,2,85,42,0,42,127
05/12/2010,EWN,NC,ASO,EN,Federal Contract Tower,0,26,14,2,42,0,0,19,2,21,0,26,33,4,63,50,10,60,123
05/13/2010,EWN,NC,ASO,EN,Federal Contract Tower,0,26,18,0,44,0,0,17,2,19,0,26,35,2,63,16,8,24,87
05/14/2010,EWN,NC,ASO,EN,Federal Contract Tower,0,29,17,0,46,0,0,51,0,51,0,29,68,0,97,72,0,72,169
05/15/2010,EWN,NC,ASO,EN,Federal Contract Tower,4,14,8,0,26,0,0,62,2,64,4,14,70,2,90,74,0,74,164
05/16/2010,EWN,NC,ASO,EN,Federal Contract Tower,2,20,11,0,33,0,0,34,0,34,2,20,45,0,67,24,0,24,91
05/17/2010,EWN,NC,ASO,EN,Federal Contract Tower,0,23,14,0,37,0,0,4,0,4,0,23,18,0,41,0,0,0,41
05/18/2010,EWN,NC,ASO,EN,Federal Contract Tower,0,26,15,0,41,0,0,0,0,0,0,26,15,0,41,4,0,4,45
05/19/2010,EWN,NC,ASO,EN,Federal Contract Tower,0,25,13,0,38,0,0,14,0,14,0,25,27,0,52,28,0,28,80
05/20/2010,EWN,NC,ASO,EN,Federal Contract Tower,0,27,8,0,35,0,0,35,0,35,0,27,43,0,70,78,2,80,150
05/21/2010,EWN,NC,ASO,EN,Federal Contract Tower,0,27,26,2,55,0,0,71,2,73,0,27,97,4,128,66,0,66,194
05/22/2010,EWN,NC,ASO,EN,Federal Contract Tower,4,14,6,0,24,0,0,48,0,48,4,14,54,0,72,6,0,6,78
05/23/2010,EWN,NC,ASO,EN,Federal Contract Tower,2,17,9,2,30,0,0,26,0,26,2,17,35,2,56,64,0,64,120
05/24/2010,EWN,NC,ASO,EN,Federal Contract Tower,0,26,15,0,41,0,0,30,2,32,0,26,45,2,73,50,0,50,123
05/25/2010,EWN,NC,ASO,EN,Federal Contract Tower,0,28,12,2,42,0,0,8,0,8,0,28,20,2,50,2,0,2,52
05/26/2010,EWN,NC,ASO,EN,Federal Contract Tower,0,26,13,4,43,0,0,19,0,19,0,26,32,4,62,12,0,12,74
05/27/2010,EWN,NC,ASO,EN,Federal Contract Tower,0,27,5,0,32,0,0,36,0,36,0,27,41,0,68,22,0,22,90
05/28/2010,EWN,NC,ASO,EN,Federal Contract Tower,2,20,7,0,29,0,0,57,0,57,2,20,64,0,86,92,0,92,178
05/29/2010,EWN,NC,ASO,EN,Federal Contract Tower,4,13,2,1,20,0,0,39,0,39,4,13,41,1,59,44,0,44,103
05/30/2010,EWN,NC,ASO,EN,Federal Contract Tower,2,13,9,0,24,0,0,38,1,39,2,13,47,1,63,26,0,26,89
05/31/2010,EWN,NC,ASO,EN,Federal Contract Tower,4,15,11,0,30,0,0,46,0,46,4,15,57,0,76,86,0,86,162
06/01/2010,EWN,NC,ASO,EN,Federal Contract Tower,2,21,6,0,29,0,0,16,4,20,2,21,22,4,49,34,0,34,83
06/02/2010,EWN,NC,ASO,EN,Federal Contract Tower,0,22,7,0,29,0,0,9,0,9,0,22,16,0,38,18,0,18,56
06/03/2010,EWN,NC,ASO,EN,Federal Contract Tower,2,25,13,0,40,0,0,19,0,19,2,25,32,0,59,50,0,50,109
06/04/2010,EWN,NC,ASO,EN,Federal Contract Tower,2,24,7,1,34,0,0,38,0,38,2,24,45,1,72,66,0,66,138
06/05/2010,EWN,NC,ASO,EN,Federal Contract Tower,2,15,6,0,23,0,0,44,0,44,2,15,50,0,67,40,0,40,107
06/06/2010,EWN,NC,ASO,EN,Federal Contract Tower,0,20,15,1,36,0,0,23,2,25,0,20,38,3,61,32,0,32,93
06/07/2010,EWN,NC,ASO,EN,Federal Contract Tower,0,22,5,0,27,0,0,34,0,34,0,22,39,0,61,50,0,50,111
06/08/2010,EWN,NC,ASO,EN,Federal Contract Tower,2,26,12,4,44,0,0,43,0,43,2,26,55,4,87,50,0,50,137
06/09/2010,EWN,NC,ASO,EN,Federal Contract Tower,2,24,10,2,38,0,0,23,0,23,2,24,33,2,61,32,0,32,93
06/10/2010,EWN,NC,ASO,EN,Federal Contract Tower,2,32,10,0,44,0,0,25,0,25,2,32,35,0,69,6,0,6,75
06/11/2010,EWN,NC,ASO,EN,Federal Contract Tower,2,25,27,0,54,0,0,78,2,80,2,25,105,2,134,60,20,80,214
06/12/2010,EWN,NC,ASO,EN,Federal Contract Tower,0,21,15,0,36,0,0,51,0,51,0,21,66,0,87,80,0,80,167
06/13/2010,EWN,NC,ASO,EN,Federal Contract Tower,2,26,37,0,65,0,0,43,0,43,2,26,80,0,108,34,0,34,142
06/14/2010,EWN,NC,ASO,EN,Federal Contract Tower,0,23,19,0,42,0,0,60,0,60,0,23,79,0,102,56,0,56,158
06/15/2010,EWN,NC,ASO,EN,Federal Contract Tower,0,28,10,0,38,0,0,56,0,56,0,28,66,0,94,54,0,54,148
06/16/2010,EWN,NC,ASO,EN,Federal Contract Tower,4,23,20,0,47,0,0,24,0,24,4,23,44,0,71,30,0,30,101
06/17/2010,EWN,NC,ASO,EN,Federal Contract Tower,2,27,16,0,45,0,0,39,0,39,2,27,55,0,84,38,0,38,122
06/18/2010,EWN,NC,ASO,EN,Federal Contract Tower,2,25,12,0,39,0,0,63,0,63,2,25,75,0,102,56,0,56,158
06/19/2010,EWN,NC,ASO,EN,Federal Contract Tower,2,18,11,0,31,0,0,38,2,40,2,18,49,2,71,26,0,26,97
06/20/2010,EWN,NC,ASO,EN,Federal Contract Tower,2,16,8,0,26,0,0,26,1,27,2,16,34,1,53,18,0,18,71
06/21/2010,EWN,NC,ASO,EN,Federal Contract Tower,0,26,12,0,38,0,0,40,0,40,0,26,52,0,78,74,0,74,152
06/22/2010,EWN,NC,ASO,EN,Federal Contract Tower,0,30,9,6,45,0,0,57,0,57,0,30,66,6,102,44,0,44,146
06/23/2010,EWN,NC,ASO,EN,Federal Contract Tower,2,24,9,1,36,0,0,21,2,23,2,24,30,3,59,44,0,44,103
06/24/2010,EWN,NC,ASO,EN,Federal Contract Tower,2,28,9,0,39,0,0,29,2,31,2,28,38,2,70,46,8,54,124
06/25/2010,EWN,NC,ASO,EN,Federal Contract Tower,2,24,5,2,33,0,0,29,0,29,2,24,34,2,62,28,0,28,90
06/26/2010,EWN,NC,ASO,EN,Federal Contract Tower,2,19,2,0,23,0,0,38,0,38,2,19,40,0,61,14,0,14,75
06/27/2010,EWN,NC,ASO,EN,Federal Contract Tower,2,18,10,0,30,0,0,40,1,41,2,18,50,1,71,22,0,22,93
06/28/2010,EWN,NC,ASO,EN,Federal Contract Tower,0,24,9,2,35,0,0,32,0,32,0,24,41,2,67,0,0,0,67
06/29/2010,EWN,NC,ASO,EN,Federal Contract Tower,0,27,12,0,39,0,0,27,0,27,0,27,39,0,66,36,0,36,102
06/30/2010,EWN,NC,ASO,EN,Federal Contract Tower,2,26,14,0,42,0,0,5,0,5,2,26,19,0,47,18,0,18,65
07/01/2010,EWN,NC,ASO,EN,Federal Contract Tower,2,25,13,0,40,0,0,38,0,38,2,25,51,0,78,88,0,88,166
07/02/2010,EWN,NC,ASO,EN,Federal Contract Tower,4,24,12,0,40,0,0,75,0,75,4,24,87,0,115,78,0,78,193
07/03/2010,EWN,NC,ASO,EN,Federal Contract Tower,2,21,8,0,31,0,0,81,0,81,2,21,89,0,112,40,0,40,152
07/04/2010,EWN,NC,ASO,EN,Federal Contract Tower,2,14,8,0,24,0,0,39,0,39,2,14,47,0,63,34,0,34,97
07/05/2010,EWN,NC,ASO,EN,Federal Contract Tower,2,21,10,0,33,0,0,64,0,64,2,21,74,0,97,42,0,42,139
07/06/2010,EWN,NC,ASO,EN,Federal Contract Tower,2,27,11,4,44,0,0,54,0,54,2,27,65,4,98,42,0,42,140
07/07/2010,EWN,NC,ASO,EN,Federal Contract Tower,2,29,3,2,36,0,0,40,2,42,2,29,43,4,78,54,0,54,132
07/08/2010,EWN,NC,ASO,EN,Federal Contract Tower,2,26,22,3,53,0,0,28,0,28,2,26,50,3,81,58,0,58,139
07/09/2010,EWN,NC,ASO,EN,Federal Contract Tower,0,37,27,0,64,0,0,34,1,35,0,37,61,1,99,36,6,42,141
07/10/2010,EWN,NC,ASO,EN,Federal Contract Tower,0,23,9,0,32,0,0,38,6,44,0,23,47,6,76,32,0,32,108
07/11/2010,EWN,NC,ASO,EN,Federal Contract Tower,2,19,31,0,52,0,0,57,0,57,2,19,88,0,109,58,0,58,167
07/12/2010,EWN,NC,ASO,EN,Federal Contract Tower,0,21,8,0,29,0,0,35,0,35,0,21,43,0,64,32,0,32,96
07/13/2010,EWN,NC,ASO,EN,Federal Contract Tower,0,26,10,2,38,0,0,31,0,31,0,26,41,2,69,12,0,12,81
07/14/2010,EWN,NC,ASO,EN,Federal Contract Tower,2,26,11,0,39,0,0,7,0,7,2,26,18,0,46,24,0,24,70
07/15/2010,EWN,NC,ASO,EN,Federal Contract Tower,2,27,5,3,37,0,0,25,0,25,2,27,30,3,62,78,2,80,142
07/16/2010,EWN,NC,ASO,EN,Federal Contract Tower,2,23,7,0,32,0,0,47,0,47,2,23,54,0,79,32,0,32,111
07/17/2010,EWN,NC,ASO,EN,Federal Contract Tower,0,23,10,1,34,0,0,43,1,44,0,23,53,2,78,0,0,0,78
07/18/2010,EWN,NC,ASO,EN,Federal Contract Tower,2,16,7,0,25,0,0,38,0,38,2,16,45,0,63,54,0,54,117
07/19/2010,EWN,NC,ASO,EN,Federal Contract Tower,0,25,8,0,33,0,0,32,2,34,0,25,40,2,67,30,6,36,103
07/20/2010,EWN,NC,ASO,EN,Federal Contract Tower,0,27,9,3,39,0,0,37,4,41,0,27,46,7,80,56,0,56,136
07/21/2010,EWN,NC,ASO,EN,Federal Contract Tower,2,25,6,2,35,0,0,32,0,32,2,25,38,2,67,60,2,62,129
07/22/2010,EWN,NC,ASO,EN,Federal Contract Tower,2,28,9,0,39,0,0,27,0,27,2,28,36,0,66,12,28,40,106
07/23/2010,EWN,NC,ASO,EN,Federal Contract Tower,2,24,11,0,37,0,0,32,2,34,2,24,43,2,71,20,2,22,93
07/24/2010,EWN,NC,ASO,EN,Federal Contract Tower,0,21,1,0,22,0,0,65,0,65,0,21,66,0,87,52,0,52,139
07/25/2010,EWN,NC,ASO,EN,Federal Contract Tower,2,20,10,0,32,0,0,31,0,31,2,20,41,0,63,26,0,26,89
07/26/2010,EWN,NC,ASO,EN,Federal Contract Tower,1,23,9,4,37,0,0,27,0,27,1,23,36,4,64,34,0,34,98
07/27/2010,EWN,NC,ASO,EN,Federal Contract Tower,0,28,13,0,41,0,0,37,13,50,0,28,50,13,91,32,10,42,133
07/28/2010,EWN,NC,ASO,EN,Federal Contract Tower,2,30,4,0,36,0,0,30,2,32,2,30,34,2,68,54,0,54,122
07/29/2010,EWN,NC,ASO,EN,Federal Contract Tower,2,26,14,1,43,0,0,9,0,9,2,26,23,1,52,20,0,20,72
07/30/2010,EWN,NC,ASO,EN,Federal Contract Tower,2,28,9,1,40,0,0,54,0,54,2,28,63,1,94,26,0,26,120
07/31/2010,EWN,NC,ASO,EN,Federal Contract Tower,0,21,10,0,31,0,0,44,0,44,0,21,54,0,75,8,0,8,83
08/01/2010,EWN,NC,ASO,EN,Federal Contract Tower,2,15,10,0,27,0,0,41,0,41,2,15,51,0,68,46,0,46,114
08/02/2010,EWN,NC,ASO,EN,Federal Contract Tower,2,19,4,0,25,0,0,41,3,44,2,19,45,3,69,10,0,10,79
08/03/2010,EWN,NC,ASO,EN,Federal Contract Tower,2,23,12,1,38,0,0,57,0,57,2,23,69,1,95,26,0,26,121
08/04/2010,EWN,NC,ASO,EN,Federal Contract Tower,2,26,3,2,33,0,0,54,0,54,2,26,57,2,87,78,0,78,165
08/05/2010,EWN,NC,ASO,EN,Federal Contract Tower,2,21,18,0,41,0,0,23,0,23,2,21,41,0,64,6,0,6,70
08/06/2010,EWN,NC,ASO,EN,Federal Contract Tower,2,24,19,0,45,0,0,60,0,60,2,24,79,0,105,114,0,114,219
08/07/2010,EWN,NC,ASO,EN,Federal Contract Tower,0,19,10,0,29,0,0,50,1,51,0,19,60,1,80,46,0,46,126
08/08/2010,EWN,NC,ASO,EN,Federal Contract Tower,2,16,8,0,26,0,0,33,0,33,2,16,41,0,59,44,0,44,103
08/09/2010,EWN,NC,ASO,EN,Federal Contract Tower,2,16,11,1,30,0,0,40,2,42,2,16,51,3,72,42,0,42,114
08/10/2010,EWN,NC,ASO,EN,Federal Contract Tower,2,25,23,4,54,0,0,44,0,44,2,25,67,4,98,20,0,20,118
08/11/2010,EWN,NC,ASO,EN,Federal Contract Tower,1,29,4,1,35,0,0,13,1,14,1,29,17,2,49,6,40,46,95
08/12/2010,EWN,NC,ASO,EN,Federal Contract Tower,2,24,21,0,47,0,0,17,2,19,2,24,38,2,66,32,0,32,98
08/13/2010,EWN,NC,ASO,EN,Federal Contract Tower,0,23,14,0,37,0,0,21,0,21,0,23,35,0,58,16,0,16,74
08/14/2010,EWN,NC,ASO,EN,Federal Contract Tower,0,20,4,0,24,0,0,40,0,40,0,20,44,0,64,34,0,34,98
08/15/2010,EWN,NC,ASO,EN,Federal Contract Tower,2,18,5,0,25,0,0,35,0,35,2,18,40,0,60,16,0,16,76
08/16/2010,EWN,NC,ASO,EN,Federal Contract Tower,0,24,5,0,29,0,0,43,0,43,0,24,48,0,72,18,0,18,90
08/17/2010,EWN,NC,ASO,EN,Federal Contract Tower,0,26,14,2,42,0,0,22,0,22,0,26,36,2,64,0,0,0,64
08/18/2010,EWN,NC,ASO,EN,Federal Contract Tower,2,24,11,0,37,0,0,20,0,20,2,24,31,0,57,60,0,60,117
08/19/2010,EWN,NC,ASO,EN,Federal Contract Tower,2,21,8,2,33,0,0,12,0,12,2,21,20,2,45,16,4,20,65
08/20/2010,EWN,NC,ASO,EN,Federal Contract Tower,0,25,13,5,43,0,0,30,0,30,0,25,43,5,73,40,0,40,113
08/21/2010,EWN,NC,ASO,EN,Federal Contract Tower,0,21,4,3,28,0,0,43,0,43,0,21,47,3,71,4,0,4,75
08/22/2010,EWN,NC,ASO,EN,Federal Contract Tower,0,20,13,0,33,0,0,18,0,18,0,20,31,0,51,26,0,26,77
08/23/2010,EWN,NC,ASO,EN,Federal Contract Tower,0,22,8,0,30,0,0,21,2,23,0,22,29,2,53,20,0,20,73
08/24/2010,EWN,NC,ASO,EN,Federal Contract Tower,0,30,12,2,44,0,0,4,2,6,0,30,16,4,50,8,20,28,78
08/25/2010,EWN,NC,ASO,EN,Federal Contract Tower,0,28,17,0,45,0,0,33,2,35,0,28,50,2,80,32,0,32,112
08/26/2010,EWN,NC,ASO,EN,Federal Contract Tower,2,27,8,0,37,0,0,32,6,38,2,27,40,6,75,74,4,78,153
08/27/2010,EWN,NC,ASO,EN,Federal Contract Tower,2,27,10,0,39,0,0,55,0,55,2,27,65,0,94,88,12,100,194
08/28/2010,EWN,NC,ASO,EN,Federal Contract Tower,0,19,2,0,21,0,0,49,0,49,0,19,51,0,70,14,0,14,84
08/29/2010,EWN,NC,ASO,EN,Federal Contract Tower,2,19,12,0,33,0,0,63,0,63,2,19,75,0,96,84,0,84,180
08/30/2010,EWN,NC,ASO,EN,Federal Contract Tower,0,26,8,3,37,0,0,39,0,39,0,26,47,3,76,118,0,118,194
08/31/2010,EWN,NC,ASO,EN,Federal Contract Tower,2,23,8,0,33,0,0,28,0,28,2,23,36,0,61,50,0,50,111
09/01/2010,EWN,NC,ASO,EN,Federal Contract Tower,2,24,8,3,37,0,0,44,2,46,2,24,52,5,83,90,6,96,179
09/02/2010,EWN,NC,ASO,EN,Federal Contract Tower,2,19,9,0,30,0,0,5,0,5,2,19,14,0,35,16,0,16,51
09/03/2010,EWN,NC,ASO,EN,Federal Contract Tower,4,22,6,3,35,0,0,26,7,33,4,22,32,10,68,4,8,12,80
09/04/2010,EWN,NC,ASO,EN,Federal Contract Tower,0,16,8,0,24,0,0,31,0,31,0,16,39,0,55,54,0,54,109
09/05/2010,EWN,NC,ASO,EN,Federal Contract Tower,0,15,4,0,19,0,0,29,0,29,0,15,33,0,48,4,0,4,52
09/06/2010,EWN,NC,ASO,EN,Federal Contract Tower,2,16,7,0,25,0,0,33,0,33,2,16,40,0,58,16,0,16,74
09/07/2010,EWN,NC,ASO,EN,Federal Contract Tower,2,21,11,2,36,0,0,44,2,46,2,21,55,4,82,48,14,62,144
09/08/2010,EWN,NC,ASO,EN,Federal Contract Tower,2,24,12,0,38,0,0,16,0,16,2,24,28,0,54,6,0,6,60
09/09/2010,EWN,NC,ASO,EN,Federal Contract Tower,2,23,15,0,40,0,0,38,1,39,2,23,53,1,79,60,0,60,139
09/10/2010,EWN,NC,ASO,EN,Federal Contract Tower,2,24,7,8,41,0,0,43,0,43,2,24,50,8,84,12,8,20,104
09/11/2010,EWN,NC,ASO,EN,Federal Contract Tower,0,21,11,3,35,0,0,59,0,59,0,21,70,3,94,52,0,52,146
09/12/2010,EWN,NC,ASO,EN,Federal Contract Tower,0,23,17,0,40,0,0,22,0,22,0,23,39,0,62,6,0,6,68
09/13/2010,EWN,NC,ASO,EN,Federal Contract Tower,0,24,10,0,34,0,0,32,2,34,0,24,42,2,68,22,12,34,102
09/14/2010,EWN,NC,ASO,EN,Federal Contract Tower,0,26,13,0,39,0,1,40,0,41,0,27,53,0,80,38,0,38,118
09/15/2010,EWN,NC,ASO,EN,Federal Contract Tower,2,23,10,0,35,0,1,36,0,37,2,24,46,0,72,90,4,94,166
09/16/2010,EWN,NC,ASO,EN,Federal Contract Tower,4,26,10,0,40,0,0,16,0,16,4,26,26,0,56,32,0,32,88
09/17/2010,EWN,NC,ASO,EN,Federal Contract Tower,2,26,1,0,29,0,1,53,0,54,2,27,54,0,83,80,0,80,163
09/18/2010,EWN,NC,ASO,EN,Federal Contract Tower,0,19,7,0,26,0,0,32,0,32,0,19,39,0,58,50,0,50,108
09/19/2010,EWN,NC,ASO,EN,Federal Contract Tower,0,21,2,0,23,0,0,48,0,48,0,21,50,0,71,54,0,54,125
09/20/2010,EWN,NC,ASO,EN,Federal Contract Tower,0,22,9,0,31,0,0,26,0,26,0,22,35,0,57,50,0,50,107
09/21/2010,EWN,NC,ASO,EN,Federal Contract Tower,0,26,10,0,36,0,0,25,2,27,0,26,35,2,63,10,16,26,89
09/22/2010,EWN,NC,ASO,EN,Federal Contract Tower,5,26,17,0,48,0,0,26,0,26,5,26,43,0,74,28,18,46,120
09/23/2010,EWN,NC,ASO,EN,Federal Contract Tower,2,27,9,3,41,0,0,18,3,21,2,27,27,6,62,68,2,70,132
09/24/2010,EWN,NC,ASO,EN,Federal Contract Tower,2,26,8,1,37,0,0,37,0,37,2,26,45,1,74,54,4,58,132
09/25/2010,EWN,NC,ASO,EN,Federal Contract Tower,0,18,6,0,24,0,0,35,0,35,0,18,41,0,59,22,0,22,81
09/26/2010,EWN,NC,ASO,EN,Federal Contract Tower,0,20,15,0,35,0,0,9,0,9,0,20,24,0,44,10,0,10,54
09/27/2010,EWN,NC,ASO,EN,Federal Contract Tower,0,23,7,0,30,0,0,0,0,0,0,23,7,0,30,0,6,6,36
09/28/2010,EWN,NC,ASO,EN,Federal Contract Tower,0,26,9,4,39,0,0,5,0,5,0,26,14,4,44,0,0,0,44
09/29/2010,EWN,NC,ASO,EN,Federal Contract Tower,2,23,4,0,29,0,0,0,2,2,2,23,4,2,31,0,0,0,31
09/30/2010,EWN,NC,ASO,EN,Federal Contract Tower,0,34,2,0,36,0,0,0,0,0,0,34,2,0,36,0,0,0,36
10/01/2010,EWN,NC,ASO,EN,Federal Contract Tower,2,30,12,0,44,0,0,9,0,9,2,30,21,0,53,6,0,6,59
10/02/2010,EWN,NC,ASO,EN,Federal Contract Tower,0,19,1,1,21,0,0,48,0,48,0,19,49,1,69,30,0,30,99
10/03/2010,EWN,NC,ASO,EN,Federal Contract Tower,2,18,17,0,37,0,0,0,0,0,2,18,17,0,37,0,0,0,37
10/04/2010,EWN,NC,ASO,EN,Federal Contract Tower,0,24,6,0,30,0,0,13,2,15,0,24,19,2,45,6,0,6,51
10/05/2010,EWN,NC,ASO,EN,Federal Contract Tower,0,25,10,0,35,0,0,40,8,48,0,25,50,8,83,48,0,48,131
10/06/2010,EWN,NC,ASO,EN,Federal Contract Tower,0,24,2,6,32,0,0,36,4,40,0,24,38,10,72,46,16,62,134
10/07/2010,EWN,NC,ASO,EN,Federal Contract Tower,0,26,5,4,35,0,2,20,2,24,0,28,25,6,59,34,12,46,105
10/08/2010,EWN,NC,ASO,EN,Federal Contract Tower,2,20,14,0,36,0,0,54,0,54,2,20,68,0,90,4,0,4,94
10/09/2010,EWN,NC,ASO,EN,Federal Contract Tower,0,21,8,2,31,0,0,62,0,62,0,21,70,2,93,30,0,30,123
10/10/2010,EWN,NC,ASO,EN,Federal Contract Tower,2,14,3,0,19,0,0,47,0,47,2,14,50,0,66,38,0,38,104
10/11/2010,EWN,NC,ASO,EN,Federal Contract Tower,0,22,18,0,40,0,0,41,0,41,0,22,59,0,81,24,0,24,105
10/12/2010,EWN,NC,ASO,EN,Federal Contract Tower,0,25,19,0,44,0,0,23,0,23,0,25,42,0,67,38,0,38,105
10/13/2010,EWN,NC,ASO,EN,Federal Contract Tower,0,23,7,0,30,0,0,34,0,34,0,23,41,0,64,56,0,56,120
10/14/2010,EWN,NC,ASO,EN,Federal Contract Tower,0,25,9,0,34,0,0,3,0,3,0,25,12,0,37,50,0,50,87
10/15/2010,EWN,NC,ASO,EN,Federal Contract Tower,2,29,12,0,43,0,0,39,2,41,2,29,51,2,84,14,0,14,98
10/16/2010,EWN,NC,ASO,EN,Federal Contract Tower,0,19,4,0,23,0,1,47,0,48,0,20,51,0,71,26,0,26,97
10/17/2010,EWN,NC,ASO,EN,Federal Contract Tower,0,20,6,0,26,0,0,50,0,50,0,20,56,0,76,12,0,12,88
10/18/2010,EWN,NC,ASO,EN,Federal Contract Tower,2,20,14,0,36,0,0,32,0,32,2,20,46,0,68,28,0,28,96
10/19/2010,EWN,NC,ASO,EN,Federal Contract Tower,0,27,8,2,37,0,0,48,1,49,0,27,56,3,86,44,16,60,146
10/20/2010,EWN,NC,ASO,EN,Federal Contract Tower,0,22,11,3,36,0,0,14,0,14,0,22,25,3,50,36,0,36,86
10/21/2010,EWN,NC,ASO,EN,Federal Contract Tower,26,15,6,0,47,0,0,36,2,38,26,15,42,2,85,50,2,52,137
10/22/2010,EWN,NC,ASO,EN,Federal Contract Tower,2,23,12,2,39,0,1,51,0,52,2,24,63,2,91,104,0,104,195
10/23/2010,EWN,NC,ASO,EN,Federal Contract Tower,0,19,6,0,25,0,0,47,0,47,0,19,53,0,72,58,0,58,130
10/24/2010,EWN,NC,ASO,EN,Federal Contract Tower,2,20,14,0,36,0,0,43,0,43,2,20,57,0,79,38,0,38,117
10/25/2010,EWN,NC,ASO,EN,Federal Contract Tower,0,23,12,0,35,0,0,6,0,6,0,23,18,0,41,0,1,1,42
10/26/2010,EWN,NC,ASO,EN,Federal Contract Tower,0,29,9,0,38,0,0,24,0,24,0,29,33,0,62,20,0,20,82
10/27/2010,EWN,NC,ASO,EN,Federal Contract Tower,2,22,11,0,35,0,0,11,0,11,2,22,22,0,46,10,0,10,56
10/28/2010,EWN,NC,ASO,EN,Federal Contract Tower,2,25,10,0,37,0,0,8,0,8,2,25,18,0,45,8,0,8,53
10/29/2010,EWN,NC,ASO,EN,Federal Contract Tower,2,20,9,2,33,0,1,41,0,42,2,21,50,2,75,50,0,50,125
10/30/2010,EWN,NC,ASO,EN,Federal Contract Tower,0,21,6,0,27,0,0,46,0,46,0,21,52,0,73,72,0,72,145
10/31/2010,EWN,NC,ASO,EN,Federal Contract Tower,0,17,8,0,25,0,0,63,0,63,0,17,71,0,88,6,0,6,94
11/01/2010,EWN,NC,ASO,EN,Federal Contract Tower,0,22,10,0,32,0,0,36,0,36,0,22,46,0,68,86,0,86,154
11/02/2010,EWN,NC,ASO,EN,Federal Contract Tower,0,26,23,0,49,0,0,30,4,34,0,26,53,4,83,42,0,42,125
11/03/2010,EWN,NC,ASO,EN,Federal Contract Tower,2,23,13,0,38,0,0,12,0,12,2,23,25,0,50,28,0,28,78
11/04/2010,EWN,NC,ASO,EN,Federal Contract Tower,2,19,13,0,34,0,0,0,0,0,2,19,13,0,34,0,0,0,34
11/05/2010,EWN,NC,ASO,EN,Federal Contract Tower,0,25,19,0,44,0,0,30,4,34,0,25,49,4,78,34,2,36,114
11/06/2010,EWN,NC,ASO,EN,Federal Contract Tower,0,19,2,2,23,0,0,47,0,47,0,19,49,2,70,38,0,38,108
11/07/2010,EWN,NC,ASO,EN,Federal Contract Tower,0,19,8,0,27,0,0,38,1,39,0,19,46,1,66,52,0,52,118
11/08/2010,EWN,NC,ASO,EN,Federal Contract Tower,0,26,17,0,43,0,0,41,0,41,0,26,58,0,84,42,2,44,128
11/09/2010,EWN,NC,ASO,EN,Federal Contract Tower,0,28,19,0,47,0,0,43,2,45,0,28,62,2,92,64,8,72,164
11/10/2010,EWN,NC,ASO,EN,Federal Contract Tower,2,26,6,1,35,0,0,24,0,24,2,26,30,1,59,68,2,70,129
11/11/2010,EWN,NC,ASO,EN,Federal Contract Tower,2,25,5,0,32,0,0,40,0,40,2,25,45,0,72,32,0,32,104
11/12/2010,EWN,NC,ASO,EN,Federal Contract Tower,2,24,7,0,33,0,0,42,0,42,2,24,49,0,75,30,2,32,107
11/13/2010,EWN,NC,ASO,EN,Federal Contract Tower,0,20,10,0,30,0,0,53,0,53,0,20,63,0,83,66,0,66,149
11/14/2010,EWN,NC,ASO,EN,Federal Contract Tower,0,21,11,0,32,0,0,51,0,51,0,21,62,0,83,50,0,50,133
11/15/2010,EWN,NC,ASO,EN,Federal Contract Tower,0,22,23,0,45,0,0,25,1,26,0,22,48,1,71,50,0,50,121
11/16/2010,EWN,NC,ASO,EN,Federal Contract Tower,0,23,5,1,29,0,0,19,3,22,0,23,24,4,51,10,46,56,107
11/17/2010,EWN,NC,ASO,EN,Federal Contract Tower,2,24,6,0,32,0,0,19,0,19,2,24,25,0,51,22,12,34,85
11/18/2010,EWN,NC,ASO,EN,Federal Contract Tower,2,24,12,7,45,0,0,20,1,21,2,24,32,8,66,62,6,68,134
11/19/2010,EWN,NC,ASO,EN,Federal Contract Tower,2,24,14,2,42,0,0,42,0,42,2,24,56,2,84,44,0,44,128
11/20/2010,EWN,NC,ASO,EN,Federal Contract Tower,0,19,13,0,32,0,0,73,2,75,0,19,86,2,107,64,0,64,171
11/21/2010,EWN,NC,ASO,EN,Federal Contract Tower,0,19,3,0,22,0,0,33,0,33,0,19,36,0,55,12,0,12,67
11/22/2010,EWN,NC,ASO,EN,Federal Contract Tower,0,25,12,0,37,0,0,32,4,36,0,25,44,4,73,46,0,46,119
11/23/2010,EWN,NC,ASO,EN,Federal Contract Tower,0,26,15,4,45,0,0,41,0,41,0,26,56,4,86,16,0,16,102
11/24/2010,EWN,NC,ASO,EN,Federal Contract Tower,4,24,38,2,68,0,0,15,0,15,4,24,53,2,83,18,0,18,101
11/25/2010,EWN,NC,ASO,EN,Federal Contract Tower,0,9,3,0,12,0,0,14,0,14,0,9,17,0,26,0,0,0,26
11/26/2010,EWN,NC,ASO,EN,Federal Contract Tower,2,21,4,1,28,0,0,29,0,29,2,21,33,1,57,44,0,44,101
11/27/2010,EWN,NC,ASO,EN,Federal Contract Tower,0,21,13,1,35,0,0,40,0,40,0,21,53,1,75,32,0,32,107
11/28/2010,EWN,NC,ASO,EN,Federal Contract Tower,0,19,7,0,26,0,0,37,0,37,0,19,44,0,63,74,0,74,137
11/29/2010,EWN,NC,ASO,EN,Federal Contract Tower,0,25,7,2,34,0,0,19,0,19,0,25,26,2,53,4,0,4,57
11/30/2010,EWN,NC,ASO,EN,Federal Contract Tower,0,25,4,2,31,0,0,9,2,11,0,25,13,4,42,8,8,16,58
12/01/2010,EWN,NC,ASO,EN,Federal Contract Tower,2,23,2,0,27,0,0,7,0,7,2,23,9,0,34,16,6,22,56
12/02/2010,EWN,NC,ASO,EN,Federal Contract Tower,0,23,9,2,34,0,0,22,2,24,0,23,31,4,58,10,0,10,68
12/03/2010,EWN,NC,ASO,EN,Federal Contract Tower,2,24,4,0,30,0,0,41,0,41,2,24,45,0,71,46,0,46,117
12/04/2010,EWN,NC,ASO,EN,Federal Contract Tower,0,18,2,0,20,0,0,29,0,29,0,18,31,0,49,54,0,54,103
12/05/2010,EWN,NC,ASO,EN,Federal Contract Tower,0,16,8,0,24,0,0,14,0,14,0,16,22,0,38,0,0,0,38
12/06/2010,EWN,NC,ASO,EN,Federal Contract Tower,0,19,5,2,26,0,0,13,0,13,0,19,18,2,39,14,0,14,53
12/07/2010,EWN,NC,ASO,EN,Federal Contract Tower,0,22,10,0,32,0,0,34,2,36,0,22,44,2,68,92,6,98,166
12/08/2010,EWN,NC,ASO,EN,Federal Contract Tower,0,27,3,6,36,0,0,20,3,23,0,27,23,9,59,6,34,40,99
12/09/2010,EWN,NC,ASO,EN,Federal Contract Tower,0,26,6,2,34,0,0,23,5,28,0,26,29,7,62,14,14,28,90
12/10/2010,EWN,NC,ASO,EN,Federal Contract Tower,2,20,12,0,34,0,0,49,0,49,2,20,61,0,83,84,14,98,181
12/11/2010,EWN,NC,ASO,EN,Federal Contract Tower,0,19,4,0,23,0,0,0,0,0,0,19,4,0,23,0,0,0,23
12/12/2010,EWN,NC,ASO,EN,Federal Contract Tower,0,16,3,0,19,0,0,13,0,13,0,16,16,0,32,32,0,32,64
12/13/2010,EWN,NC,ASO,EN,Federal Contract Tower,0,19,16,0,35,0,0,16,5,21,0,19,32,5,56,0,8,8,64
12/14/2010,EWN,NC,ASO,EN,Federal Contract Tower,0,25,7,4,36,0,0,15,7,22,0,25,22,11,58,12,10,22,80
12/15/2010,EWN,NC,ASO,EN,Federal Contract Tower,0,25,11,0,36,0,0,22,0,22,0,25,33,0,58,58,14,72,130
12/16/2010,EWN,NC,ASO,EN,Federal Contract Tower,0,18,4,0,22,0,0,2,0,2,0,18,6,0,24,16,8,24,48
12/17/2010,EWN,NC,ASO,EN,Federal Contract Tower,2,25,8,2,37,0,0,34,0,34,2,25,42,2,71,74,2,76,147
12/18/2010,EWN,NC,ASO,EN,Federal Contract Tower,0,23,1,2,26,0,0,4,2,6,0,23,5,4,32,4,0,4,36
12/19/2010,EWN,NC,ASO,EN,Federal Contract Tower,0,18,13,0,31,0,0,12,0,12,0,18,25,0,43,42,0,42,85
12/20/2010,EWN,NC,ASO,EN,Federal Contract Tower,0,24,14,0,38,0,0,44,2,46,0,24,58,2,84,58,10,68,152
12/21/2010,EWN,NC,ASO,EN,Federal Contract Tower,0,26,11,6,43,1,0,26,0,27,1,26,37,6,70,38,0,38,108
12/22/2010,EWN,NC,ASO,EN,Federal Contract Tower,0,26,15,0,41,0,0,31,0,31,0,26,46,0,72,18,0,18,90
12/23/2010,EWN,NC,ASO,EN,Federal Contract Tower,0,26,8,2,36,0,3,12,0,15,0,29,20,2,51,16,0,16,67
12/24/2010,EWN,NC,ASO,EN,Federal Contract Tower,2,22,3,0,27,0,2,26,0,28,2,24,29,0,55,58,0,58,113
12/25/2010,EWN,NC,ASO,EN,Federal Contract Tower,0,13,0,0,13,0,0,15,0,15,0,13,15,0,28,18,0,18,46
12/26/2010,EWN,NC,ASO,EN,Federal Contract Tower,0,3,0,0,3,0,0,0,0,0,0,3,0,0,3,0,0,0,3
12/27/2010,EWN,NC,ASO,EN,Federal Contract Tower,4,11,6,0,21,0,0,9,0,9,4,11,15,0,30,0,0,0,30
12/28/2010,EWN,NC,ASO,EN,Federal Contract Tower,4,24,10,2,40,0,0,36,0,36,4,24,46,2,76,66,0,66,142
12/29/2010,EWN,NC,ASO,EN,Federal Contract Tower,0,27,6,4,37,0,0,35,0,35,0,27,41,4,72,48,8,56,128
12/30/2010,EWN,NC,ASO,EN,Federal Contract Tower,0,25,4,2,31,0,0,31,0,31,0,25,35,2,62,42,0,42,104
12/31/2010,EWN,NC,ASO,EN,Federal Contract Tower,2,21,10,0,33,0,0,55,0,55,2,21,65,0,88,58,0,58,146
01/01/2011,EWN,NC,ASO,EN,Federal Contract Tower,0,14,2,0,16,0,0,49,2,51,0,14,51,2,67,44,0,44,111
01/02/2011,EWN,NC,ASO,EN,Federal Contract Tower,0,18,4,0,22,0,0,6,0,6,0,18,10,0,28,4,0,4,32
01/03/2011,EWN,NC,ASO,EN,Federal Contract Tower,0,22,4,0,26,0,0,17,0,17,0,22,21,0,43,6,0,6,49
01/04/2011,EWN,NC,ASO,EN,Federal Contract Tower,0,24,10,0,34,0,1,23,0,24,0,25,33,0,58,20,0,20,78
01/05/2011,EWN,NC,ASO,EN,Federal Contract Tower,0,23,9,1,33,0,0,27,5,32,0,23,36,6,65,88,24,112,177
01/06/2011,EWN,NC,ASO,EN,Federal Contract Tower,0,22,3,0,25,0,0,5,0,5,0,22,8,0,30,0,0,0,30
01/07/2011,EWN,NC,ASO,EN,Federal Contract Tower,2,19,5,1,27,0,0,10,0,10,2,19,15,1,37,10,18,28,65
01/08/2011,EWN,NC,ASO,EN,Federal Contract Tower,0,19,2,0,21,0,0,32,0,32,0,19,34,0,53,48,0,48,101
01/09/2011,EWN,NC,ASO,EN,Federal Contract Tower,0,15,10,0,25,0,0,34,2,36,0,15,44,2,61,30,0,30,91
01/10/2011,EWN,NC,ASO,EN,Federal Contract Tower,0,4,1,0,5,0,0,0,0,0,0,4,1,0,5,0,0,0,5
01/11/2011,EWN,NC,ASO,EN,Federal Contract Tower,0,6,0,0,6,0,0,0,0,0,0,6,0,0,6,0,0,0,6
01/12/2011,EWN,NC,ASO,EN,Federal Contract Tower,0,20,16,0,36,0,0,19,0,19,0,20,35,0,55,46,0,46,101
01/13/2011,EWN,NC,ASO,EN,Federal Contract Tower,0,22,6,0,28,0,0,14,0,14,0,22,20,0,42,50,0,50,92
01/14/2011,EWN,NC,ASO,EN,Federal Contract Tower,2,23,13,0,38,0,0,29,2,31,2,23,42,2,69,26,0,26,95
01/15/2011,EWN,NC,ASO,EN,Federal Contract Tower,0,20,6,0,26,0,0,35,1,36,0,20,41,1,62,58,0,58,120
01/16/2011,EWN,NC,ASO,EN,Federal Contract Tower,0,16,11,0,27,0,0,49,0,49,0,16,60,0,76,26,0,26,102
01/17/2011,EWN,NC,ASO,EN,Federal Contract Tower,0,20,11,0,31,0,0,15,0,15,0,20,26,0,46,18,0,18,64
01/18/2011,EWN,NC,ASO,EN,Federal Contract Tower,0,24,6,0,30,0,0,0,0,0,0,24,6,0,30,0,0,0,30
01/19/2011,EWN,NC,ASO,EN,Federal Contract Tower,0,24,4,2,30,0,0,9,2,11,0,24,13,4,41,10,4,14,55
01/20/2011,EWN,NC,ASO,EN,Federal Contract Tower,0,25,14,2,41,0,0,28,0,28,0,25,42,2,69,14,10,24,93
01/21/2011,EWN,NC,ASO,EN,Federal Contract Tower,2,20,3,0,25,0,1,13,0,14,2,21,16,0,39,0,2,2,41
01/22/2011,EWN,NC,ASO,EN,Federal Contract Tower,2,13,2,0,17,0,0,14,0,14,2,13,16,0,31,48,0,48,79
01/23/2011,EWN,NC,ASO,EN,Federal Contract Tower,0,16,10,0,26,0,0,42,0,42,0,16,52,0,68,54,0,54,122
01/24/2011,EWN,NC,ASO,EN,Federal Contract Tower,0,20,10,0,30,0,0,26,0,26,0,20,36,0,56,18,0,18,74
01/25/2011,EWN,NC,ASO,EN,Federal Contract Tower,0,27,9,0,36,0,0,0,0,0,0,27,9,0,36,0,0,0,36
01/26/2011,EWN,NC,ASO,EN,Federal Contract Tower,2,20,2,2,26,0,0,2,0,2,2,20,4,2,28,14,0,14,42
01/27/2011,EWN,NC,ASO,EN,Federal Contract Tower,2,21,12,1,36,0,0,29,5,34,2,21,41,6,70,52,26,78,148
01/28/2011,EWN,NC,ASO,EN,Federal Contract Tower,2,21,7,0,30,0,0,37,0,37,2,21,44,0,67,16,2,18,85
01/29/2011,EWN,NC,ASO,EN,Federal Contract Tower,2,17,5,0,24,0,0,48,0,48,2,17,53,0,72,32,0,32,104
01/30/2011,EWN,NC,ASO,EN,Federal Contract Tower,0,16,14,0,30,0,0,70,0,70,0,16,84,0,100,38,0,38,138
01/31/2011,EWN,NC,ASO,EN,Federal Contract Tower,0,20,19,0,39,0,0,3,4,7,0,20,22,4,46,0,18,18,64
02/01/2011,EWN,NC,ASO,EN,Federal Contract Tower,0,24,7,0,31,0,0,71,2,73,0,24,78,2,104,20,76,96,200
02/02/2011,EWN,NC,ASO,EN,Federal Contract Tower,2,21,5,0,28,0,0,15,2,17,2,21,20,2,45,22,8,30,75
02/03/2011,EWN,NC,ASO,EN,Federal Contract Tower,2,20,3,4,29,0,0,107,0,107,2,20,110,4,136,34,2,36,172
02/04/2011,EWN,NC,ASO,EN,Federal Contract Tower,2,17,0,0,19,0,0,0,0,0,2,17,0,0,19,0,0,0,19
02/05/2011,EWN,NC,ASO,EN,Federal Contract Tower,2,18,2,0,22,0,0,0,0,0,2,18,2,0,22,0,0,0,22
02/06/2011,EWN,NC,ASO,EN,Federal Contract Tower,0,16,8,2,26,0,0,92,0,92,0,16,100,2,118,62,0,62,180
02/07/2011,EWN,NC,ASO,EN,Federal Contract Tower,0,21,9,0,30,0,0,11,0,11,0,21,20,0,41,0,0,0,41
02/08/2011,EWN,NC,ASO,EN,Federal Contract Tower,0,24,7,2,33,0,0,13,2,15,0,24,20,4,48,76,12,88,136
02/09/2011,EWN,NC,ASO,EN,Federal Contract Tower,0,22,10,0,32,0,0,18,2,20,0,22,28,2,52,48,0,48,100
02/10/2011,EWN,NC,ASO,EN,Federal Contract Tower,0,23,6,0,29,0,0,1,0,1,0,23,7,0,30,0,0,0,30
02/11/2011,EWN,NC,ASO,EN,Federal Contract Tower,2,22,7,0,31,0,0,11,0,11,2,22,18,0,42,0,0,0,42
02/12/2011,EWN,NC,ASO,EN,Federal Contract Tower,2,17,12,0,31,0,0,49,1,50,2,17,61,1,81,38,16,54,135
02/13/2011,EWN,NC,ASO,EN,Federal Contract Tower,0,17,12,0,29,0,70,3,0,73,0,87,15,0,102,50,4,54,156
02/14/2011,EWN,NC,ASO,EN,Federal Contract Tower,0,22,8,0,30,0,0,32,0,32,0,22,40,0,62,2,0,2,64
02/15/2011,EWN,NC,ASO,EN,Federal Contract Tower,2,20,12,1,35,0,0,46,13,59,2,20,58,14,94,14,90,104,198
02/16/2011,EWN,NC,ASO,EN,Federal Contract Tower,2,22,6,2,32,0,0,26,2,28,2,22,32,4,60,40,4,44,104
02/17/2011,EWN,NC,ASO,EN,Federal Contract Tower,4,15,5,0,24,0,0,24,2,26,4,15,29,2,50,0,0,0,50
02/18/2011,EWN,NC,ASO,EN,Federal Contract Tower,2,22,10,0,34,0,0,47,0,47,2,22,57,0,81,30,0,30,111
02/19/2011,EWN,NC,ASO,EN,Federal Contract Tower,4,14,1,0,19,0,0,40,2,42,4,14,41,2,61,34,0,34,95
02/20/2011,EWN,NC,ASO,EN,Federal Contract Tower,2,14,10,0,26,0,0,66,0,66,2,14,76,0,92,20,0,20,112
02/21/2011,EWN,NC,ASO,EN,Federal Contract Tower,2,16,15,0,33,0,1,17,2,20,2,17,32,2,53,2,4,6,59
02/22/2011,EWN,NC,ASO,EN,Federal Contract Tower,2,21,9,0,32,0,0,6,0,6,2,21,15,0,38,0,0,0,38
02/23/2011,EWN,NC,ASO,EN,Federal Contract Tower,2,25,7,1,35,0,0,32,1,33,2,25,39,2,68,30,0,30,98
02/24/2011,EWN,NC,ASO,EN,Federal Contract Tower,4,22,12,0,38,0,0,31,0,31,4,22,43,0,69,14,0,14,83
02/25/2011,EWN,NC,ASO,EN,Federal Contract Tower,4,20,5,4,33,0,0,0,1,1,4,20,5,5,34,0,4,4,38
02/26/2011,EWN,NC,ASO,EN,Federal Contract Tower,4,16,4,0,24,0,0,45,0,45,4,16,49,0,69,32,0,32,101
02/27/2011,EWN,NC,ASO,EN,Federal Contract Tower,0,18,5,2,25,0,0,50,1,51,0,18,55,3,76,56,0,56,132
02/28/2011,EWN,NC,ASO,EN,Federal Contract Tower,2,12,6,0,20,0,0,8,0,8,2,12,14,0,28,0,0,0,28
03/01/2011,EWN,NC,ASO,EN,Federal Contract Tower,0,24,8,0,32,0,0,17,0,17,0,24,25,0,49,0,0,0,49
03/02/2011,EWN,NC,ASO,EN,Federal Contract Tower,4,20,4,6,34,0,0,37,2,39,4,20,41,8,73,34,2,36,109
03/03/2011,EWN,NC,ASO,EN,Federal Contract Tower,2,22,1,1,26,0,0,26,2,28,2,22,27,3,54,18,0,18,72
03/04/2011,EWN,NC,ASO,EN,Federal Contract Tower,2,21,11,0,34,0,0,66,0,66,2,21,77,0,100,104,0,104,204
03/05/2011,EWN,NC,ASO,EN,Federal Contract Tower,2,17,9,2,30,0,0,46,0,46,2,17,55,2,76,72,0,72,148
03/06/2011,EWN,NC,ASO,EN,Federal Contract Tower,2,15,3,2,22,0,0,3,0,3,2,15,6,2,25,0,0,0,25
03/07/2011,EWN,NC,ASO,EN,Federal Contract Tower,0,20,16,0,36,0,0,33,2,35,0,20,49,2,71,40,0,40,111
03/08/2011,EWN,NC,ASO,EN,Federal Contract Tower,0,26,4,3,33,0,1,34,1,36,0,27,38,4,69,102,0,102,171
03/09/2011,EWN,NC,ASO,EN,Federal Contract Tower,2,23,9,6,40,0,0,30,0,30,2,23,39,6,70,74,6,80,150
03/10/2011,EWN,NC,ASO,EN,Federal Contract Tower,2,23,3,0,28,0,0,2,0,2,2,23,5,0,30,4,0,4,34
03/11/2011,EWN,NC,ASO,EN,Federal Contract Tower,2,21,7,0,30,0,0,24,0,24,2,21,31,0,54,22,0,22,76
03/12/2011,EWN,NC,ASO,EN,Federal Contract Tower,2,16,9,2,29,0,0,62,0,62,2,16,71,2,91,84,0,84,175
03/13/2011,EWN,NC,ASO,EN,Federal Contract Tower,0,18,3,0,21,0,0,47,2,49,0,18,50,2,70,98,0,98,168
03/14/2011,EWN,NC,ASO,EN,Federal Contract Tower,0,16,12,4,32,0,1,36,0,37,0,17,48,4,69,48,2,50,119
03/15/2011,EWN,NC,ASO,EN,Federal Contract Tower,0,26,11,4,41,0,0,23,4,27,0,26,34,8,68,48,0,48,116
03/16/2011,EWN,NC,ASO,EN,Federal Contract Tower,2,24,6,0,32,0,0,10,4,14,2,24,16,4,46,10,0,10,56
03/17/2011,EWN,NC,ASO,EN,Federal Contract Tower,2,24,6,0,32,0,0,40,0,40,2,24,46,0,72,24,0,24,96
03/18/2011,EWN,NC,ASO,EN,Federal Contract Tower,2,23,3,0,28,0,0,54,0,54,2,23,57,0,82,74,0,74,156
03/19/2011,EWN,NC,ASO,EN,Federal Contract Tower,2,18,6,0,26,0,0,37,2,39,2,18,43,2,65,44,0,44,109
03/20/2011,EWN,NC,ASO,EN,Federal Contract Tower,0,18,9,0,27,0,0,45,0,45,0,18,54,0,72,40,0,40,112
03/21/2011,EWN,NC,ASO,EN,Federal Contract Tower,0,20,5,0,25,0,0,20,2,22,0,20,25,2,47,16,8,24,71
03/22/2011,EWN,NC,ASO,EN,Federal Contract Tower,0,23,13,4,40,0,0,40,2,42,0,23,53,6,82,22,4,26,108
03/23/2011,EWN,NC,ASO,EN,Federal Contract Tower,2,21,1,4,28,0,0,21,0,21,2,21,22,4,49,44,4,48,97
03/24/2011,EWN,NC,ASO,EN,Federal Contract Tower,2,24,6,6,38,0,0,45,6,51,2,24,51,12,89,64,42,106,195
03/25/2011,EWN,NC,ASO,EN,Federal Contract Tower,2,28,10,0,40,0,1,54,0,55,2,29,64,0,95,42,0,42,137
03/26/2011,EWN,NC,ASO,EN,Federal Contract Tower,2,15,19,0,36,0,0,31,0,31,2,15,50,0,67,56,0,56,123
03/27/2011,EWN,NC,ASO,EN,Federal Contract Tower,2,16,17,0,35,0,0,0,0,0,2,16,17,0,35,0,0,0,35
03/28/2011,EWN,NC,ASO,EN,Federal Contract Tower,0,23,0,7,30,0,0,7,0,7,0,23,7,7,37,2,0,2,39
03/29/2011,EWN,NC,ASO,EN,Federal Contract Tower,0,25,11,4,40,0,0,70,0,70,0,25,81,4,110,124,4,128,238
03/30/2011,EWN,NC,ASO,EN,Federal Contract Tower,2,22,9,1,34,0,0,2,1,3,2,22,11,2,37,4,0,4,41
03/31/2011,EWN,NC,ASO,EN,Federal Contract Tower,2,17,7,0,26,0,0,1,0,1,2,17,8,0,27,0,0,0,27
04/01/2011,EWN,NC,ASO,EN,Federal Contract Tower,2,22,7,4,35,0,0,45,1,46,2,22,52,5,81,60,8,68,149
04/02/2011,EWN,NC,ASO,EN,Federal Contract Tower,0,14,11,1,26,0,0,15,2,17,0,14,26,3,43,0,4,4,47
04/03/2011,EWN,NC,ASO,EN,Federal Contract Tower,2,14,10,1,27,0,0,54,0,54,2,14,64,1,81,14,0,14,95
04/04/2011,EWN,NC,ASO,EN,Federal Contract Tower,0,20,5,0,25,0,0,20,0,20,0,20,25,0,45,12,0,12,57
04/05/2011,EWN,NC,ASO,EN,Federal Contract Tower,0,27,3,0,30,0,0,7,2,9,0,27,10,2,39,20,6,26,65
04/06/2011,EWN,NC,ASO,EN,Federal Contract Tower,2,26,9,0,37,0,0,51,4,55,2,26,60,4,92,58,20,78,170
04/07/2011,EWN,NC,ASO,EN,Federal Contract Tower,2,22,21,4,49,0,0,35,4,39,2,22,56,8,88,70,4,74,162
04/08/2011,EWN,NC,ASO,EN,Federal Contract Tower,2,23,11,2,38,0,0,46,2,48,2,23,57,4,86,58,16,74,160
04/09/2011,EWN,NC,ASO,EN,Federal Contract Tower,2,14,5,0,21,0,0,20,0,20,2,14,25,0,41,78,0,78,119
04/10/2011,EWN,NC,ASO,EN,Federal Contract Tower,2,14,11,0,27,0,0,22,0,22,2,14,33,0,49,28,0,28,77
04/11/2011,EWN,NC,ASO,EN,Federal Contract Tower,0,20,7,4,31,0,0,17,3,20,0,20,24,7,51,44,8,52,103
04/12/2011,EWN,NC,ASO,EN,Federal Contract Tower,0,22,5,0,27,0,0,25,0,25,0,22,30,0,52,22,0,22,74
04/13/2011,EWN,NC,ASO,EN,Federal Contract Tower,2,22,11,5,40,0,0,37,1,38,2,22,48,6,78,44,2,46,124
04/14/2011,EWN,NC,ASO,EN,Federal Contract Tower,2,22,9,10,43,0,0,47,0,47,2,22,56,10,90,20,4,24,114
04/15/2011,EWN,NC,ASO,EN,Federal Contract Tower,2,21,4,0,27,0,0,46,0,46,2,21,50,0,73,46,0,46,119
04/16/2011,EWN,NC,ASO,EN,Federal Contract Tower,2,13,2,0,17,0,0,9,0,9,2,13,11,0,26,6,0,6,32
04/17/2011,EWN,NC,ASO,EN,Federal Contract Tower,0,18,4,0,22,0,0,35,0,35,0,18,39,0,57,52,0,52,109
04/18/2011,EWN,NC,ASO,EN,Federal Contract Tower,0,24,14,0,38,0,0,56,1,57,0,24,70,1,95,34,0,34,129
04/19/2011,EWN,NC,ASO,EN,Federal Contract Tower,0,30,4,0,34,0,0,30,0,30,0,30,34,0,64,58,14,72,136
04/20/2011,EWN,NC,ASO,EN,Federal Contract Tower,2,29,9,0,40,0,2,23,0,25,2,31,32,0,65,0,0,0,65
04/21/2011,EWN,NC,ASO,EN,Federal Contract Tower,2,21,9,6,38,0,0,21,2,23,2,21,30,8,61,26,10,36,97
04/22/2011,EWN,NC,ASO,EN,Federal Contract Tower,2,21,7,0,30,0,0,14,1,15,2,21,21,1,45,0,4,4,49
04/23/2011,EWN,NC,ASO,EN,Federal Contract Tower,2,16,5,3,26,0,0,28,0,28,2,16,33,3,54,52,0,52,106
04/24/2011,EWN,NC,ASO,EN,Federal Contract Tower,2,20,14,0,36,0,0,32,0,32,2,20,46,0,68,16,0,16,84
04/25/2011,EWN,NC,ASO,EN,Federal Contract Tower,0,21,12,0,33,0,0,24,0,24,0,21,36,0,57,26,0,26,83
04/26/2011,EWN,NC,ASO,EN,Federal Contract Tower,0,24,9,0,33,0,0,7,0,7,0,24,16,0,40,12,0,12,52
04/27/2011,EWN,NC,ASO,EN,Federal Contract Tower,2,23,11,0,36,0,0,12,2,14,2,23,23,2,50,32,10,42,92
04/28/2011,EWN,NC,ASO,EN,Federal Contract Tower,2,22,3,0,27,0,0,2,0,2,2,22,5,0,29,0,0,0,29
04/29/2011,EWN,NC,ASO,EN,Federal Contract Tower,2,21,12,0,35,0,0,55,3,58,2,21,67,3,93,50,2,52,145
04/30/2011,EWN,NC,ASO,EN,Federal Contract Tower,2,17,15,0,34,0,0,59,2,61,2,17,74,2,95,56,0,56,151
05/01/2011,EWN,NC,ASO,EN,Federal Contract Tower,2,15,7,2,26,0,0,43,0,43,2,15,50,2,69,20,0,20,89
05/02/2011,EWN,NC,ASO,EN,Federal Contract Tower,0,21,18,0,39,0,0,31,2,33,0,21,49,2,72,18,6,24,96
05/03/2011,EWN,NC,ASO,EN,Federal Contract Tower,0,26,12,0,38,0,0,46,0,46,0,26,58,0,84,44,0,44,128
05/04/2011,EWN,NC,ASO,EN,Federal Contract Tower,4,23,13,2,42,0,0,5,4,9,4,23,18,6,51,0,2,2,53
05/05/2011,EWN,NC,ASO,EN,Federal Contract Tower,2,23,7,0,32,0,0,40,2,42,2,23,47,2,74,48,0,48,122
05/06/2011,EWN,NC,ASO,EN,Federal Contract Tower,2,21,10,6,39,0,0,21,0,21,2,21,31,6,60,16,6,22,82
05/07/2011,EWN,NC,ASO,EN,Federal Contract Tower,2,20,3,2,27,0,0,54,0,54,2,20,57,2,81,32,0,32,113
05/08/2011,EWN,NC,ASO,EN,Federal Contract Tower,2,17,4,0,23,0,0,20,0,20,2,17,24,0,43,10,0,10,53
05/09/2011,EWN,NC,ASO,EN,Federal Contract Tower,0,22,6,1,29,0,0,51,1,52,0,22,57,2,81,68,0,68,149
05/10/2011,EWN,NC,ASO,EN,Federal Contract Tower,2,23,12,0,37,0,0,37,0,37,2,23,49,0,74,56,0,56,130
05/11/2011,EWN,NC,ASO,EN,Federal Contract Tower,0,24,4,0,28,0,0,32,2,34,0,24,36,2,62,30,0,30,92
05/12/2011,EWN,NC,ASO,EN,Federal Contract Tower,0,24,22,0,46,0,0,60,1,61,0,24,82,1,107,32,4,36,143
05/13/2011,EWN,NC,ASO,EN,Federal Contract Tower,2,20,12,3,37,0,0,36,1,37,2,20,48,4,74,58,0,58,132
05/14/2011,EWN,NC,ASO,EN,Federal Contract Tower,2,17,6,0,25,0,0,230,0,230,2,17,236,0,255,34,4,38,293
05/15/2011,EWN,NC,ASO,EN,Federal Contract Tower,2,14,3,0,19,0,0,15,0,15,2,14,18,0,34,0,0,0,34
05/16/2011,EWN,NC,ASO,EN,Federal Contract Tower,0,20,5,0,25,0,0,27,0,27,0,20,32,0,52,6,0,6,58
05/17/2011,EWN,NC,ASO,EN,Federal Contract Tower,2,21,11,2,36,0,0,34,4,38,2,21,45,6,74,30,0,30,104
05/18/2011,EWN,NC,ASO,EN,Federal Contract Tower,2,21,4,0,27,0,0,36,0,36,2,21,40,0,63,32,0,32,95
05/19/2011,EWN,NC,ASO,EN,Federal Contract Tower,2,22,9,0,33,0,0,40,0,40,2,22,49,0,73,12,12,24,97
05/20/2011,EWN,NC,ASO,EN,Federal Contract Tower,2,22,4,0,28,0,0,40,0,40,2,22,44,0,68,32,2,34,102
05/21/2011,EWN,NC,ASO,EN,Federal Contract Tower,2,16,16,0,34,0,0,51,0,51,2,16,67,0,85,6,0,6,91
05/22/2011,EWN,NC,ASO,EN,Federal Contract Tower,2,16,4,0,22,0,0,32,1,33,2,16,36,1,55,28,0,28,83
05/23/2011,EWN,NC,ASO,EN,Federal Contract Tower,2,18,10,4,34,0,0,17,0,17,2,18,27,4,51,0,0,0,51
05/24/2011,EWN,NC,ASO,EN,Federal Contract Tower,0,24,9,0,33,0,0,50,0,50,0,24,59,0,83,50,0,50,133
05/25/2011,EWN,NC,ASO,EN,Federal Contract Tower,2,24,13,1,40,0,0,41,0,41,2,24,54,1,81,62,0,62,143
05/26/2011,EWN,NC,ASO,EN,Federal Contract Tower,2,20,6,0,28,0,0,44,0,44,2,20,50,0,72,8,0,8,80
05/27/2011,EWN,NC,ASO,EN,Federal Contract Tower,0,18,12,0,30,0,0,44,0,44,0,18,56,0,74,10,0,10,84
05/28/2011,EWN,NC,ASO,EN,Federal Contract Tower,0,20,12,0,32,0,0,18,0,18,0,20,30,0,50,20,0,20,70
05/29/2011,EWN,NC,ASO,EN,Federal Contract Tower,2,12,6,0,20,0,0,28,0,28,2,12,34,0,48,12,0,12,60
05/30/2011,EWN,NC,ASO,EN,Federal Contract Tower,2,15,9,0,26,0,0,36,0,36,2,15,45,0,62,10,0,10,72
05/31/2011,EWN,NC,ASO,EN,Federal Contract Tower,2,18,4,4,28,0,0,36,0,36,2,18,40,4,64,10,0,10,74
06/01/2011,EWN,NC,ASO,EN,Federal Contract Tower,2,24,5,0,31,0,0,31,4,35,2,24,36,4,66,66,12,78,144
06/02/2011,EWN,NC,ASO,EN,Federal Contract Tower,2,19,5,0,26,0,0,23,2,25,2,19,28,2,51,30,12,42,93
06/03/2011,EWN,NC,ASO,EN,Federal Contract Tower,4,21,12,0,37,0,0,52,1,53,4,21,64,1,90,64,0,64,154
06/04/2011,EWN,NC,ASO,EN,Federal Contract Tower,2,18,4,4,28,0,0,59,0,59,2,18,63,4,87,4,0,4,91
06/05/2011,EWN,NC,ASO,EN,Federal Contract Tower,2,12,10,0,24,0,0,40,0,40,2,12,50,0,64,36,0,36,100
06/06/2011,EWN,NC,ASO,EN,Federal Contract Tower,0,21,11,0,32,0,0,43,0,43,0,21,54,0,75,34,0,34,109
06/07/2011,EWN,NC,ASO,EN,Federal Contract Tower,0,25,15,0,40,0,3,40,0,43,0,28,55,0,83,48,8,56,139
06/08/2011,EWN,NC,ASO,EN,Federal Contract Tower,4,26,9,0,39,0,0,19,0,19,4,26,28,0,58,14,6,20,78
06/09/2011,EWN,NC,ASO,EN,Federal Contract Tower,2,22,1,0,25,0,0,33,3,36,2,22,34,3,61,46,2,48,109
06/10/2011,EWN,NC,ASO,EN,Federal Contract Tower,4,17,12,2,35,0,0,32,0,32,4,17,44,2,67,4,0,4,71
06/11/2011,EWN,NC,ASO,EN,Federal Contract Tower,2,15,10,0,27,0,0,40,2,42,2,15,50,2,69,13,0,13,82
06/12/2011,EWN,NC,ASO,EN,Federal Contract Tower,2,17,11,0,30,0,0,55,0,55,2,17,66,0,85,22,0,22,107
06/13/2011,EWN,NC,ASO,EN,Federal Contract Tower,0,21,12,0,33,0,0,57,0,57,0,21,69,0,90,60,0,60,150
06/14/2011,EWN,NC,ASO,EN,Federal Contract Tower,0,25,21,7,53,0,0,47,1,48,0,25,68,8,101,62,0,62,163
06/15/2011,EWN,NC,ASO,EN,Federal Contract Tower,2,21,5,2,30,0,0,39,2,41,2,21,44,4,71,68,0,68,139
06/16/2011,EWN,NC,ASO,EN,Federal Contract Tower,0,26,11,6,43,0,0,45,3,48,0,26,56,9,91,2,0,2,93
06/17/2011,EWN,NC,ASO,EN,Federal Contract Tower,2,27,14,0,43,0,0,46,0,46,2,27,60,0,89,64,0,64,153
06/18/2011,EWN,NC,ASO,EN,Federal Contract Tower,0,20,9,0,29,0,1,37,0,38,0,21,46,0,67,56,0,56,123
06/19/2011,EWN,NC,ASO,EN,Federal Contract Tower,2,23,24,0,49,0,0,36,0,36,2,23,60,0,85,4,0,4,89
06/20/2011,EWN,NC,ASO,EN,Federal Contract Tower,2,19,9,4,34,0,0,11,0,11,2,19,20,4,45,30,0,30,75
06/21/2011,EWN,NC,ASO,EN,Federal Contract Tower,2,26,7,0,35,0,0,22,2,24,2,26,29,2,59,42,0,42,101
06/22/2011,EWN,NC,ASO,EN,Federal Contract Tower,4,22,3,0,29,0,0,25,0,25,4,22,28,0,54,12,8,20,74
06/23/2011,EWN,NC,ASO,EN,Federal Contract Tower,4,22,2,0,28,0,0,16,0,16,4,22,18,0,44,18,0,18,62
06/24/2011,EWN,NC,ASO,EN,Federal Contract Tower,2,18,10,0,30,0,0,27,0,27,2,18,37,0,57,0,0,0,57
06/25/2011,EWN,NC,ASO,EN,Federal Contract Tower,3,14,2,0,19,0,0,47,2,49,3,14,49,2,68,6,0,6,74
06/26/2011,EWN,NC,ASO,EN,Federal Contract Tower,2,15,4,0,21,0,0,48,0,48,2,15,52,0,69,76,0,76,145
06/27/2011,EWN,NC,ASO,EN,Federal Contract Tower,0,17,3,2,22,0,1,15,0,16,0,18,18,2,38,44,0,44,82
06/28/2011,EWN,NC,ASO,EN,Federal Contract Tower,0,24,7,0,31,0,0,40,2,42,0,24,47,2,73,32,0,32,105
06/29/2011,EWN,NC,ASO,EN,Federal Contract Tower,2,24,8,1,35,0,0,8,0,8,2,24,16,1,43,4,0,4,47
06/30/2011,EWN,NC,ASO,EN,Federal Contract Tower,2,21,9,0,32,0,0,42,0,42,2,21,51,0,74,60,14,74,148
07/01/2011,EWN,NC,ASO,EN,Federal Contract Tower,2,21,31,0,54,0,0,34,0,34,2,21,65,0,88,58,0,58,146
07/02/2011,EWN,NC,ASO,EN,Federal Contract Tower,2,15,5,0,22,0,0,22,0,22,2,15,27,0,44,10,0,10,54
07/03/2011,EWN,NC,ASO,EN,Federal Contract Tower,0,14,12,0,26,0,0,34,0,34,0,14,46,0,60,24,0,24,84
07/04/2011,EWN,NC,ASO,EN,Federal Contract Tower,4,12,4,0,20,0,0,23,0,23,4,12,27,0,43,4,0,4,47
07/05/2011,EWN,NC,ASO,EN,Federal Contract Tower,2,16,22,0,40,0,0,18,0,18,2,16,40,0,58,10,0,10,68
07/06/2011,EWN,NC,ASO,EN,Federal Contract Tower,2,24,8,0,34,0,0,6,0,6,2,24,14,0,40,0,0,0,40
07/07/2011,EWN,NC,ASO,EN,Federal Contract Tower,2,23,0,0,25,0,0,1,7,8,2,23,1,7,33,0,0,0,33
07/08/2011,EWN,NC,ASO,EN,Federal Contract Tower,2,21,5,0,28,0,0,12,0,12,2,21,17,0,40,10,0,10,50
07/09/2011,EWN,NC,ASO,EN,Federal Contract Tower,1,19,2,0,22,0,0,28,0,28,1,19,30,0,50,58,0,58,108
07/10/2011,EWN,NC,ASO,EN,Federal Contract Tower,2,17,10,0,29,0,0,52,0,52,2,17,62,0,81,44,0,44,125
07/11/2011,EWN,NC,ASO,EN,Federal Contract Tower,2,16,6,0,24,0,0,48,4,52,2,16,54,4,76,40,36,76,152
07/12/2011,EWN,NC,ASO,EN,Federal Contract Tower,2,23,11,2,38,0,0,16,1,17,2,23,27,3,55,0,0,0,55
07/13/2011,EWN,NC,ASO,EN,Federal Contract Tower,0,21,11,0,32,0,0,10,0,10,0,21,21,0,42,0,0,0,42
07/14/2011,EWN,NC,ASO,EN,Federal Contract Tower,2,21,17,0,40,0,0,27,0,27,2,21,44,0,67,8,0,8,75
07/15/2011,EWN,NC,ASO,EN,Federal Contract Tower,2,22,30,8,62,0,0,30,0,30,2,22,60,8,92,18,14,32,124
07/16/2011,EWN,NC,ASO,EN,Federal Contract Tower,2,15,3,0,20,0,0,57,2,59,2,15,60,2,79,20,0,20,99
07/17/2011,EWN,NC,ASO,EN,Federal Contract Tower,2,15,25,0,42,0,0,49,1,50,2,15,74,1,92,14,0,14,106
07/18/2011,EWN,NC,ASO,EN,Federal Contract Tower,2,17,11,0,30,0,0,21,2,23,2,17,32,2,53,6,0,6,59
07/19/2011,EWN,NC,ASO,EN,Federal Contract Tower,2,27,11,2,42,0,0,27,2,29,2,27,38,4,71,18,10,28,99
07/20/2011,EWN,NC,ASO,EN,Federal Contract Tower,2,20,10,2,34,0,0,20,2,22,2,20,30,4,56,0,2,2,58
07/21/2011,EWN,NC,ASO,EN,Federal Contract Tower,2,25,11,0,38,0,0,14,0,14,2,25,25,0,52,52,0,52,104
07/22/2011,EWN,NC,ASO,EN,Federal Contract Tower,2,22,7,0,31,0,0,18,0,18,2,22,25,0,49,24,0,24,73
07/23/2011,EWN,NC,ASO,EN,Federal Contract Tower,2,14,2,2,20,0,0,32,0,32,2,14,34,2,52,4,0,4,56
07/24/2011,EWN,NC,ASO,EN,Federal Contract Tower,2,15,5,1,23,0,0,30,0,30,2,15,35,1,53,2,0,2,55
07/25/2011,EWN,NC,ASO,EN,Federal Contract Tower,2,16,6,2,26,0,0,8,2,10,2,16,14,4,36,12,18,30,66
07/26/2011,EWN,NC,ASO,EN,Federal Contract Tower,0,23,14,0,37,0,0,11,0,11,0,23,25,0,48,0,0,0,48
07/27/2011,EWN,NC,ASO,EN,Federal Contract Tower,2,21,12,2,37,0,0,19,0,19,2,21,31,2,56,58,2,60,116
07/28/2011,EWN,NC,ASO,EN,Federal Contract Tower,2,23,12,2,39,0,0,26,0,26,2,23,38,2,65,36,2,38,103
07/29/2011,EWN,NC,ASO,EN,Federal Contract Tower,2,19,21,0,42,0,3,23,0,26,2,22,44,0,68,16,0,16,84
07/30/2011,EWN,NC,ASO,EN,Federal Contract Tower,0,17,5,0,22,0,0,29,0,29,0,17,34,0,51,0,0,0,51
07/31/2011,EWN,NC,ASO,EN,Federal Contract Tower,2,16,18,0,36,0,0,14,0,14,2,16,32,0,50,42,0,42,92
08/01/2011,EWN,NC,ASO,EN,Federal Contract Tower,2,18,8,2,30,0,0,16,0,16,2,18,24,2,46,16,0,16,62
08/02/2011,EWN,NC,ASO,EN,Federal Contract Tower,2,18,15,0,35,0,0,25,0,25,2,18,40,0,60,26,0,26,86
08/03/2011,EWN,NC,ASO,EN,Federal Contract Tower,2,16,13,0,31,0,0,15,0,15,2,16,28,0,46,34,0,34,80
08/04/2011,EWN,NC,ASO,EN,Federal Contract Tower,0,22,10,4,36,0,0,43,4,47,0,22,53,8,83,20,0,20,103
08/05/2011,EWN,NC,ASO,EN,Federal Contract Tower,2,21,9,0,32,0,0,14,0,14,2,21,23,0,46,0,0,0,46
08/06/2011,EWN,NC,ASO,EN,Federal Contract Tower,0,16,6,0,22,0,0,10,0,10,0,16,16,0,32,10,0,10,42
08/07/2011,EWN,NC,ASO,EN,Federal Contract Tower,1,16,9,0,26,0,0,25,1,26,1,16,34,1,52,6,0,6,58
08/08/2011,EWN,NC,ASO,EN,Federal Contract Tower,1,18,2,0,21,0,0,36,0,36,1,18,38,0,57,26,0,26,83
08/09/2011,EWN,NC,ASO,EN,Federal Contract Tower,0,20,11,0,31,0,0,35,0,35,0,20,46,0,66,16,0,16,82
08/10/2011,EWN,NC,ASO,EN,Federal Contract Tower,2,19,13,0,34,0,0,10,0,10,2,19,23,0,44,0,0,0,44
08/11/2011,EWN,NC,ASO,EN,Federal Contract Tower,2,23,14,1,40,0,0,15,1,16,2,23,29,2,56,10,0,10,66
08/12/2011,EWN,NC,ASO,EN,Federal Contract Tower,2,25,26,0,53,0,0,27,0,27,2,25,53,0,80,0,0,0,80
08/13/2011,EWN,NC,ASO,EN,Federal Contract Tower,2,14,8,0,24,0,0,29,0,29,2,14,37,0,53,34,0,34,87
08/14/2011,EWN,NC,ASO,EN,Federal Contract Tower,2,13,8,0,23,0,0,36,0,36,2,13,44,0,59,34,0,34,93
08/15/2011,EWN,NC,ASO,EN,Federal Contract Tower,2,19,4,2,27,0,0,17,0,17,2,19,21,2,44,2,0,2,46
08/16/2011,EWN,NC,ASO,EN,Federal Contract Tower,2,21,14,2,39,0,0,34,4,38,2,21,48,6,77,4,6,10,87
08/17/2011,EWN,NC,ASO,EN,Federal Contract Tower,2,17,9,0,28,0,0,28,2,30,2,17,37,2,58,6,18,24,82
08/18/2011,EWN,NC,ASO,EN,Federal Contract Tower,2,18,8,0,28,0,0,26,0,26,2,18,34,0,54,8,0,8,62
08/19/2011,EWN,NC,ASO,EN,Federal Contract Tower,2,19,10,0,31,0,0,37,0,37,2,19,47,0,68,10,0,10,78
08/20/2011,EWN,NC,ASO,EN,Federal Contract Tower,0,17,10,0,27,0,0,30,0,30,0,17,40,0,57,12,0,12,69
08/21/2011,EWN,NC,ASO,EN,Federal Contract Tower,0,15,6,0,21,0,0,18,0,18,0,15,24,0,39,12,0,12,51
08/22/2011,EWN,NC,ASO,EN,Federal Contract Tower,2,15,4,0,21,0,0,10,0,10,2,15,14,0,31,0,0,0,31
08/23/2011,EWN,NC,ASO,EN,Federal Contract Tower,2,20,8,2,32,0,0,36,2,38,2,20,44,4,70,6,0,6,76
08/24/2011,EWN,NC,ASO,EN,Federal Contract Tower,2,17,5,0,24,0,0,24,0,24,2,17,29,0,48,4,0,4,52
08/25/2011,EWN,NC,ASO,EN,Federal Contract Tower,2,19,12,0,33,0,0,28,0,28,2,19,40,0,61,4,0,4,65
08/26/2011,EWN,NC,ASO,EN,Federal Contract Tower,0,17,11,0,28,0,0,8,0,8,0,17,19,0,36,0,0,0,36
08/27/2011,EWN,NC,ASO,EN,Federal Contract Tower,0,0,0,0,0,0,0,0,0,0,0,0,0,0,0,0,0,0,0
08/28/2011,EWN,NC,ASO,EN,Federal Contract Tower,0,16,4,0,20,0,0,0,2,2,0,16,4,2,22,0,0,0,22
08/29/2011,EWN,NC,ASO,EN,Federal Contract Tower,0,18,13,0,31,0,0,40,0,40,0,18,53,0,71,0,0,0,71
08/30/2011,EWN,NC,ASO,EN,Federal Contract Tower,1,21,11,2,35,0,0,15,0,15,1,21,26,2,50,0,0,0,50
08/31/2011,EWN,NC,ASO,EN,Federal Contract Tower,2,19,11,2,34,0,0,41,2,43,2,19,52,4,77,32,12,44,121
09/01/2011,EWN,NC,ASO,EN,Federal Contract Tower,0,20,20,0,40,0,0,27,1,28,0,20,47,1,68,20,0,20,88
09/02/2011,EWN,NC,ASO,EN,Federal Contract Tower,2,19,6,0,27,0,0,23,0,23,2,19,29,0,50,0,0,0,50
09/03/2011,EWN,NC,ASO,EN,Federal Contract Tower,0,16,8,0,24,0,0,37,0,37,0,16,45,0,61,10,0,10,71
09/04/2011,EWN,NC,ASO,EN,Federal Contract Tower,0,16,7,0,23,0,0,28,0,28,0,16,35,0,51,34,0,34,85
09/05/2011,EWN,NC,ASO,EN,Federal Contract Tower,2,15,6,0,23,0,0,17,0,17,2,15,23,0,40,18,0,18,58
09/06/2011,EWN,NC,ASO,EN,Federal Contract Tower,0,16,8,0,24,0,0,5,0,5,0,16,13,0,29,0,0,0,29
09/07/2011,EWN,NC,ASO,EN,Federal Contract Tower,0,22,12,0,34,0,0,5,0,5,0,22,17,0,39,6,0,6,45
09/08/2011,EWN,NC,ASO,EN,Federal Contract Tower,0,26,16,0,42,0,0,23,0,23,0,26,39,0,65,66,0,66,131
09/09/2011,EWN,NC,ASO,EN,Federal Contract Tower,2,25,15,0,42,0,0,34,2,36,2,25,49,2,78,6,0,6,84
09/10/2011,EWN,NC,ASO,EN,Federal Contract Tower,0,17,16,0,33,0,0,41,0,41,0,17,57,0,74,10,0,10,84
09/11/2011,EWN,NC,ASO,EN,Federal Contract Tower,0,21,12,0,33,0,0,45,0,45,0,21,57,0,78,56,0,56,134
09/12/2011,EWN,NC,ASO,EN,Federal Contract Tower,0,22,8,0,30,0,0,11,0,11,0,22,19,0,41,2,0,2,43
09/13/2011,EWN,NC,ASO,EN,Federal Contract Tower,0,23,15,1,39,0,0,34,0,34,0,23,49,1,73,50,0,50,123
09/14/2011,EWN,NC,ASO,EN,Federal Contract Tower,0,23,0,0,23,0,0,22,0,22,0,23,22,0,45,16,0,16,61
09/15/2011,EWN,NC,ASO,EN,Federal Contract Tower,0,25,12,4,41,0,0,26,2,28,0,25,38,6,69,22,22,44,113
09/16/2011,EWN,NC,ASO,EN,Federal Contract Tower,0,24,11,0,35,0,0,15,2,17,0,24,26,2,52,0,0,0,52
09/17/2011,EWN,NC,ASO,EN,Federal Contract Tower,0,19,3,0,22,0,0,5,0,5,0,19,8,0,27,12,0,12,39
09/18/2011,EWN,NC,ASO,EN,Federal Contract Tower,0,24,7,0,31,0,0,2,0,2,0,24,9,0,33,0,0,0,33
09/19/2011,EWN,NC,ASO,EN,Federal Contract Tower,0,22,10,2,34,0,0,21,0,21,0,22,31,2,55,2,0,2,57
09/20/2011,EWN,NC,ASO,EN,Federal Contract Tower,0,23,11,0,34,0,0,15,0,15,0,23,26,0,49,0,0,0,49
09/21/2011,EWN,NC,ASO,EN,Federal Contract Tower,0,26,7,4,37,0,0,21,0,21,0,26,28,4,58,8,0,8,66
09/22/2011,EWN,NC,ASO,EN,Federal Contract Tower,0,25,9,0,34,0,0,7,0,7,0,25,16,0,41,14,0,14,55
09/23/2011,EWN,NC,ASO,EN,Federal Contract Tower,0,27,3,0,30,0,0,7,0,7,0,27,10,0,37,8,0,8,45
09/24/2011,EWN,NC,ASO,EN,Federal Contract Tower,0,19,4,0,23,0,0,2,0,2,0,19,6,0,25,0,0,0,25
09/25/2011,EWN,NC,ASO,EN,Federal Contract Tower,0,20,11,0,31,0,0,9,0,9,0,20,20,0,40,14,0,14,54
09/26/2011,EWN,NC,ASO,EN,Federal Contract Tower,0,21,6,0,27,0,0,2,0,2,0,21,8,0,29,8,0,8,37
09/27/2011,EWN,NC,ASO,EN,Federal Contract Tower,0,27,8,1,36,0,0,10,0,10,0,27,18,1,46,8,0,8,54
09/28/2011,EWN,NC,ASO,EN,Federal Contract Tower,0,21,8,0,29,0,0,27,2,29,0,21,35,2,58,30,0,30,88
09/29/2011,EWN,NC,ASO,EN,Federal Contract Tower,0,26,4,0,30,0,0,30,2,32,0,26,34,2,62,54,0,54,116
09/30/2011,EWN,NC,ASO,EN,Federal Contract Tower,0,19,9,0,28,0,0,47,0,47,0,19,56,0,75,10,14,24,99
10/01/2011,EWN,NC,ASO,EN,Federal Contract Tower,0,19,4,0,23,0,0,50,0,50,0,19,54,0,73,42,0,42,115
10/02/2011,EWN,NC,ASO,EN,Federal Contract Tower,0,20,5,0,25,0,0,49,0,49,0,20,54,0,74,14,0,14,88
10/03/2011,EWN,NC,ASO,EN,Federal Contract Tower,2,18,10,0,30,0,0,44,2,46,2,18,54,2,76,48,2,50,126
10/04/2011,EWN,NC,ASO,EN,Federal Contract Tower,2,21,10,0,33,0,1,33,2,36,2,22,43,2,69,16,0,16,85
10/05/2011,EWN,NC,ASO,EN,Federal Contract Tower,0,25,4,0,29,0,0,39,4,43,0,25,43,4,72,34,0,34,106
10/06/2011,EWN,NC,ASO,EN,Federal Contract Tower,0,26,8,4,38,0,1,55,2,58,0,27,63,6,96,30,0,30,126
10/07/2011,EWN,NC,ASO,EN,Federal Contract Tower,0,24,11,0,35,0,0,70,0,70,0,24,81,0,105,26,0,26,131
10/08/2011,EWN,NC,ASO,EN,Federal Contract Tower,0,19,4,0,23,0,0,58,2,60,0,19,62,2,83,30,0,30,113
10/09/2011,EWN,NC,ASO,EN,Federal Contract Tower,0,19,8,0,27,0,0,44,0,44,0,19,52,0,71,0,0,0,71
10/10/2011,EWN,NC,ASO,EN,Federal Contract Tower,2,19,17,0,38,0,0,34,0,34,2,19,51,0,72,6,0,6,78
10/11/2011,EWN,NC,ASO,EN,Federal Contract Tower,2,26,10,0,38,0,0,4,0,4,2,26,14,0,42,4,0,4,46
10/12/2011,EWN,NC,ASO,EN,Federal Contract Tower,0,26,13,1,40,0,0,9,0,9,0,26,22,1,49,8,0,8,57
10/13/2011,EWN,NC,ASO,EN,Federal Contract Tower,0,28,18,4,50,0,0,12,0,12,0,28,30,4,62,22,0,22,84
10/14/2011,EWN,NC,ASO,EN,Federal Contract Tower,0,29,18,0,47,0,0,37,0,37,0,29,55,0,84,12,0,12,96
10/15/2011,EWN,NC,ASO,EN,Federal Contract Tower,0,19,8,0,27,0,0,53,0,53,0,19,61,0,80,2,0,2,82
10/16/2011,EWN,NC,ASO,EN,Federal Contract Tower,0,17,11,0,28,0,0,60,0,60,0,17,71,0,88,24,0,24,112
10/17/2011,EWN,NC,ASO,EN,Federal Contract Tower,2,15,12,0,29,0,0,29,0,29,2,15,41,0,58,0,6,6,64
10/18/2011,EWN,NC,ASO,EN,Federal Contract Tower,2,21,11,2,36,0,0,28,0,28,2,21,39,2,64,8,6,14,78
10/19/2011,EWN,NC,ASO,EN,Federal Contract Tower,0,23,8,0,31,0,0,2,0,2,0,23,10,0,33,0,0,0,33
10/20/2011,EWN,NC,ASO,EN,Federal Contract Tower,0,28,2,0,30,0,0,18,0,18,0,28,20,0,48,30,0,30,78
10/21/2011,EWN,NC,ASO,EN,Federal Contract Tower,0,19,10,0,29,0,1,46,0,47,0,20,56,0,76,6,2,8,84
10/22/2011,EWN,NC,ASO,EN,Federal Contract Tower,0,20,2,0,22,0,0,37,0,37,0,20,39,0,59,30,0,30,89
10/23/2011,EWN,NC,ASO,EN,Federal Contract Tower,0,17,8,0,25,0,0,32,0,32,0,17,40,0,57,24,0,24,81
10/24/2011,EWN,NC,ASO,EN,Federal Contract Tower,0,19,9,0,28,0,0,35,0,35,0,19,44,0,63,4,0,4,67
10/25/2011,EWN,NC,ASO,EN,Federal Contract Tower,0,22,20,0,42,0,0,40,0,40,0,22,60,0,82,26,0,26,108
10/26/2011,EWN,NC,ASO,EN,Federal Contract Tower,0,24,7,0,31,0,0,29,2,31,0,24,36,2,62,14,4,18,80
10/27/2011,EWN,NC,ASO,EN,Federal Contract Tower,0,25,7,0,32,0,1,23,2,26,0,26,30,2,58,16,16,32,90
10/28/2011,EWN,NC,ASO,EN,Federal Contract Tower,0,24,13,0,37,0,0,30,0,30,0,24,43,0,67,28,0,28,95
10/29/2011,EWN,NC,ASO,EN,Federal Contract Tower,0,24,15,0,39,0,0,6,0,6,0,24,21,0,45,12,0,12,57
10/30/2011,EWN,NC,ASO,EN,Federal Contract Tower,0,19,5,0,24,0,0,36,0,36,0,19,41,0,60,52,0,52,112
10/31/2011,EWN,NC,ASO,EN,Federal Contract Tower,0,17,9,0,26,0,0,30,0,30,0,17,39,0,56,10,0,10,66
11/01/2011,EWN,NC,ASO,EN,Federal Contract Tower,0,25,8,0,33,0,0,21,2,23,0,25,29,2,56,18,30,48,104
11/02/2011,EWN,NC,ASO,EN,Federal Contract Tower,0,23,5,0,28,0,0,30,0,30,0,23,35,0,58,18,0,18,76
11/03/2011,EWN,NC,ASO,EN,Federal Contract Tower,0,26,10,0,36,0,0,35,2,37,0,26,45,2,73,0,10,10,83
11/04/2011,EWN,NC,ASO,EN,Federal Contract Tower,0,21,3,0,24,0,0,0,0,0,0,21,3,0,24,0,0,0,24
11/05/2011,EWN,NC,ASO,EN,Federal Contract Tower,0,21,1,0,22,0,0,12,2,14,0,21,13,2,36,32,0,32,68
11/06/2011,EWN,NC,ASO,EN,Federal Contract Tower,0,19,4,0,23,0,0,32,0,32,0,19,36,0,55,34,0,34,89
11/07/2011,EWN,NC,ASO,EN,Federal Contract Tower,0,19,7,0,26,0,0,29,0,29,0,19,36,0,55,10,0,10,65
11/08/2011,EWN,NC,ASO,EN,Federal Contract Tower,0,23,6,1,30,0,0,42,0,42,0,23,48,1,72,36,0,36,108
11/09/2011,EWN,NC,ASO,EN,Federal Contract Tower,0,26,5,0,31,0,0,31,1,32,0,26,36,1,63,8,0,8,71
11/10/2011,EWN,NC,ASO,EN,Federal Contract Tower,0,24,7,0,31,0,0,28,0,28,0,24,35,0,59,4,0,4,63
11/11/2011,EWN,NC,ASO,EN,Federal Contract Tower,0,22,7,0,29,0,0,38,0,38,0,22,45,0,67,10,0,10,77
11/12/2011,EWN,NC,ASO,EN,Federal Contract Tower,0,21,4,0,25,0,0,49,0,49,0,21,53,0,74,76,0,76,150
11/13/2011,EWN,NC,ASO,EN,Federal Contract Tower,0,22,9,0,31,0,0,36,0,36,0,22,45,0,67,70,0,70,137
11/14/2011,EWN,NC,ASO,EN,Federal Contract Tower,0,21,13,0,34,0,0,18,0,18,0,21,31,0,52,8,0,8,60
11/15/2011,EWN,NC,ASO,EN,Federal Contract Tower,0,22,22,0,44,0,0,19,0,19,0,22,41,0,63,26,0,26,89
11/16/2011,EWN,NC,ASO,EN,Federal Contract Tower,0,28,5,0,33,0,0,1,0,1,0,28,6,0,34,0,0,0,34
11/17/2011,EWN,NC,ASO,EN,Federal Contract Tower,0,25,4,0,29,0,0,0,0,0,0,25,4,0,29,0,0,0,29
11/18/2011,EWN,NC,ASO,EN,Federal Contract Tower,0,23,6,1,30,0,0,59,1,60,0,23,65,2,90,2,0,2,92
11/19/2011,EWN,NC,ASO,EN,Federal Contract Tower,0,20,12,1,33,0,0,56,0,56,0,20,68,1,89,30,0,30,119
11/20/2011,EWN,NC,ASO,EN,Federal Contract Tower,0,20,3,0,23,0,0,41,2,43,0,20,44,2,66,30,0,30,96
11/21/2011,EWN,NC,ASO,EN,Federal Contract Tower,0,20,17,0,37,0,0,17,0,17,0,20,34,0,54,16,0,16,70
11/22/2011,EWN,NC,ASO,EN,Federal Contract Tower,0,22,14,0,36,0,0,35,0,35,0,22,49,0,71,46,0,46,117
11/23/2011,EWN,NC,ASO,EN,Federal Contract Tower,0,33,7,0,40,0,0,8,0,8,0,33,15,0,48,2,0,2,50
11/24/2011,EWN,NC,ASO,EN,Federal Contract Tower,0,9,5,0,14,0,0,14,0,14,0,9,19,0,28,8,0,8,36
11/25/2011,EWN,NC,ASO,EN,Federal Contract Tower,0,20,12,0,32,0,0,37,0,37,0,20,49,0,69,4,0,4,73
11/26/2011,EWN,NC,ASO,EN,Federal Contract Tower,0,21,8,0,29,0,0,63,0,63,0,21,71,0,92,36,0,36,128
11/27/2011,EWN,NC,ASO,EN,Federal Contract Tower,0,20,9,0,29,0,0,33,1,34,0,20,42,1,63,26,0,26,89
11/28/2011,EWN,NC,ASO,EN,Federal Contract Tower,0,20,6,0,26,0,0,29,0,29,0,20,35,0,55,46,0,46,101
11/29/2011,EWN,NC,ASO,EN,Federal Contract Tower,2,21,6,2,31,0,0,0,0,0,2,21,6,2,31,0,0,0,31
11/30/2011,EWN,NC,ASO,EN,Federal Contract Tower,0,25,3,0,28,0,0,14,0,14,0,25,17,0,42,0,0,0,42
12/01/2011,EWN,NC,ASO,EN,Federal Contract Tower,0,22,4,4,30,0,0,24,0,24,0,22,28,4,54,0,0,0,54
12/02/2011,EWN,NC,ASO,EN,Federal Contract Tower,0,23,5,0,28,0,0,43,0,43,0,23,48,0,71,0,0,0,71
12/03/2011,EWN,NC,ASO,EN,Federal Contract Tower,0,18,3,0,21,0,0,34,0,34,0,18,37,0,55,28,0,28,83
12/04/2011,EWN,NC,ASO,EN,Federal Contract Tower,0,17,4,5,26,0,0,39,1,40,0,17,43,6,66,26,0,26,92
12/05/2011,EWN,NC,ASO,EN,Federal Contract Tower,0,17,5,0,22,0,0,22,0,22,0,17,27,0,44,16,0,16,60
12/06/2011,EWN,NC,ASO,EN,Federal Contract Tower,0,22,11,0,33,0,0,26,0,26,0,22,37,0,59,0,4,4,63
12/07/2011,EWN,NC,ASO,EN,Federal Contract Tower,0,23,8,0,31,0,1,11,0,12,0,24,19,0,43,0,10,10,53
12/08/2011,EWN,NC,ASO,EN,Federal Contract Tower,0,26,13,0,39,0,0,27,0,27,0,26,40,0,66,12,0,12,78
12/09/2011,EWN,NC,ASO,EN,Federal Contract Tower,0,23,4,0,27,0,0,20,6,26,0,23,24,6,53,2,0,2,55
12/10/2011,EWN,NC,ASO,EN,Federal Contract Tower,0,17,2,3,22,0,0,20,0,20,0,17,22,3,42,0,0,0,42
12/11/2011,EWN,NC,ASO,EN,Federal Contract Tower,0,16,12,0,28,0,0,39,0,39,0,16,51,0,67,38,0,38,105
12/12/2011,EWN,NC,ASO,EN,Federal Contract Tower,0,20,9,0,29,0,0,14,1,15,0,20,23,1,44,0,0,0,44
12/13/2011,EWN,NC,ASO,EN,Federal Contract Tower,0,23,15,4,42,0,0,15,0,15,0,23,30,4,57,22,0,22,79
12/14/2011,EWN,NC,ASO,EN,Federal Contract Tower,0,23,22,3,48,0,0,40,0,40,0,23,62,3,88,4,0,4,92
12/15/2011,EWN,NC,ASO,EN,Federal Contract Tower,0,26,5,1,32,0,0,17,1,18,0,26,22,2,50,14,2,16,66
12/16/2011,EWN,NC,ASO,EN,Federal Contract Tower,2,17,14,0,33,0,0,27,0,27,2,17,41,0,60,0,0,0,60
12/17/2011,EWN,NC,ASO,EN,Federal Contract Tower,0,26,7,0,33,0,0,21,0,21,0,26,28,0,54,20,0,20,74
12/18/2011,EWN,NC,ASO,EN,Federal Contract Tower,0,18,8,0,26,0,0,31,0,31,0,18,39,0,57,20,0,20,77
12/19/2011,EWN,NC,ASO,EN,Federal Contract Tower,2,21,10,0,33,0,0,37,0,37,2,21,47,0,70,32,0,32,102
12/20/2011,EWN,NC,ASO,EN,Federal Contract Tower,2,24,8,0,34,0,0,31,0,31,2,24,39,0,65,2,0,2,67
12/21/2011,EWN,NC,ASO,EN,Federal Contract Tower,2,29,5,2,38,0,0,7,0,7,2,29,12,2,45,4,0,4,49
12/22/2011,EWN,NC,ASO,EN,Federal Contract Tower,0,27,8,0,35,0,0,37,0,37,0,27,45,0,72,20,0,20,92
12/23/2011,EWN,NC,ASO,EN,Federal Contract Tower,0,29,13,0,42,0,0,21,0,21,0,29,34,0,63,2,0,2,65
12/24/2011,EWN,NC,ASO,EN,Federal Contract Tower,0,23,2,0,25,0,0,35,0,35,0,23,37,0,60,6,0,6,66
12/25/2011,EWN,NC,ASO,EN,Federal Contract Tower,0,14,0,0,14,0,0,12,0,12,0,14,12,0,26,0,0,0,26
12/26/2011,EWN,NC,ASO,EN,Federal Contract Tower,0,22,7,0,29,0,1,35,0,36,0,23,42,0,65,12,0,12,77
12/27/2011,EWN,NC,ASO,EN,Federal Contract Tower,0,23,14,0,37,0,0,5,0,5,0,23,19,0,42,0,2,2,44
12/28/2011,EWN,NC,ASO,EN,Federal Contract Tower,0,26,7,0,33,0,0,28,0,28,0,26,35,0,61,22,0,22,83
12/29/2011,EWN,NC,ASO,EN,Federal Contract Tower,0,30,9,0,39,0,0,40,2,42,0,30,49,2,81,36,10,46,127
12/30/2011,EWN,NC,ASO,EN,Federal Contract Tower,0,26,6,0,32,0,1,28,0,29,0,27,34,0,61,44,12,56,117
12/31/2011,EWN,NC,ASO,EN,Federal Contract Tower,0,21,5,0,26,0,0,20,0,20,0,21,25,0,46,26,0,26,72
01/01/2012,EWN,NC,ASO,EN,Federal Contract Tower,0,19,5,0,24,0,0,23,0,23,0,19,28,0,47,0,0,0,47
01/02/2012,EWN,NC,ASO,EN,Federal Contract Tower,0,20,9,0,29,0,0,23,0,23,0,20,32,0,52,10,0,10,62
01/03/2012,EWN,NC,ASO,EN,Federal Contract Tower,0,21,6,0,27,0,0,16,0,16,0,21,22,0,43,0,0,0,43
01/04/2012,EWN,NC,ASO,EN,Federal Contract Tower,2,24,4,0,30,0,0,26,0,26,2,24,30,0,56,10,0,10,66
01/05/2012,EWN,NC,ASO,EN,Federal Contract Tower,2,22,4,0,28,0,0,31,0,31,2,22,35,0,59,22,0,22,81
01/06/2012,EWN,NC,ASO,EN,Federal Contract Tower,0,19,7,8,34,0,0,48,5,53,0,19,55,13,87,18,30,48,135
01/07/2012,EWN,NC,ASO,EN,Federal Contract Tower,3,13,3,0,19,0,0,48,0,48,3,13,51,0,67,50,0,50,117
01/08/2012,EWN,NC,ASO,EN,Federal Contract Tower,1,14,6,0,21,0,0,27,1,28,1,14,33,1,49,30,0,30,79
01/09/2012,EWN,NC,ASO,EN,Federal Contract Tower,3,17,4,0,24,0,0,0,0,0,3,17,4,0,24,0,0,0,24
01/10/2012,EWN,NC,ASO,EN,Federal Contract Tower,2,22,9,1,34,0,0,17,0,17,2,22,26,1,51,0,0,0,51
01/11/2012,EWN,NC,ASO,EN,Federal Contract Tower,1,25,11,3,40,0,0,2,0,2,1,25,13,3,42,14,0,14,56
01/12/2012,EWN,NC,ASO,EN,Federal Contract Tower,1,25,1,0,27,0,0,27,5,32,1,25,28,5,59,32,0,32,91
01/13/2012,EWN,NC,ASO,EN,Federal Contract Tower,2,20,8,0,30,0,0,28,0,28,2,20,36,0,58,14,0,14,72
01/14/2012,EWN,NC,ASO,EN,Federal Contract Tower,2,17,1,0,20,0,0,37,0,37,2,17,38,0,57,74,0,74,131
01/15/2012,EWN,NC,ASO,EN,Federal Contract Tower,1,14,1,0,16,0,0,11,0,11,1,14,12,0,27,6,0,6,33
01/16/2012,EWN,NC,ASO,EN,Federal Contract Tower,2,18,9,0,29,0,0,31,0,31,2,18,40,0,60,6,0,6,66
01/17/2012,EWN,NC,ASO,EN,Federal Contract Tower,2,16,6,3,27,0,0,13,0,13,2,16,19,3,40,0,0,0,40
01/18/2012,EWN,NC,ASO,EN,Federal Contract Tower,1,23,1,3,28,0,0,4,1,5,1,23,5,4,33,2,0,2,35
01/19/2012,EWN,NC,ASO,EN,Federal Contract Tower,2,21,12,0,35,0,0,34,3,37,2,21,46,3,72,56,12,68,140
01/20/2012,EWN,NC,ASO,EN,Federal Contract Tower,2,21,7,2,32,0,0,37,4,41,2,21,44,6,73,28,30,58,131
01/21/2012,EWN,NC,ASO,EN,Federal Contract Tower,3,11,4,0,18,0,0,2,0,2,3,11,6,0,20,0,0,0,20
01/22/2012,EWN,NC,ASO,EN,Federal Contract Tower,0,15,1,0,16,0,0,0,0,0,0,15,1,0,16,0,0,0,16
01/23/2012,EWN,NC,ASO,EN,Federal Contract Tower,1,16,5,0,22,0,0,2,0,2,1,16,7,0,24,0,0,0,24
01/24/2012,EWN,NC,ASO,EN,Federal Contract Tower,2,20,8,0,30,0,0,12,1,13,2,20,20,1,43,0,0,0,43
01/25/2012,EWN,NC,ASO,EN,Federal Contract Tower,2,23,9,0,34,0,0,22,1,23,2,23,31,1,57,46,0,46,103
01/26/2012,EWN,NC,ASO,EN,Federal Contract Tower,2,21,5,0,28,0,0,24,1,25,2,21,29,1,53,30,0,30,83
01/27/2012,EWN,NC,ASO,EN,Federal Contract Tower,2,21,6,0,29,0,0,12,0,12,2,21,18,0,41,0,0,0,41
01/28/2012,EWN,NC,ASO,EN,Federal Contract Tower,3,12,4,0,19,0,0,43,0,43,3,12,47,0,62,130,0,130,192
01/29/2012,EWN,NC,ASO,EN,Federal Contract Tower,1,18,6,0,25,0,0,50,2,52,1,18,56,2,77,0,0,0,77
01/30/2012,EWN,NC,ASO,EN,Federal Contract Tower,2,21,6,0,29,0,0,21,0,21,2,21,27,0,50,4,0,4,54
01/31/2012,EWN,NC,ASO,EN,Federal Contract Tower,2,21,10,8,41,0,1,28,5,34,2,22,38,13,75,6,18,24,99
02/01/2012,EWN,NC,ASO,EN,Federal Contract Tower,1,25,11,2,39,0,0,22,4,26,1,25,33,6,65,0,8,8,73
02/02/2012,EWN,NC,ASO,EN,Federal Contract Tower,2,22,4,0,28,0,0,2,1,3,2,22,6,1,31,0,0,0,31
02/03/2012,EWN,NC,ASO,EN,Federal Contract Tower,2,23,4,0,29,0,0,43,0,43,2,23,47,0,72,28,2,30,102
02/04/2012,EWN,NC,ASO,EN,Federal Contract Tower,3,11,4,4,22,0,0,34,1,35,3,11,38,5,57,16,0,16,73
02/05/2012,EWN,NC,ASO,EN,Federal Contract Tower,1,16,9,0,26,0,0,0,0,0,1,16,9,0,26,0,0,0,26
02/06/2012,EWN,NC,ASO,EN,Federal Contract Tower,2,17,8,1,28,0,0,11,0,11,2,17,19,1,39,8,0,8,47
02/07/2012,EWN,NC,ASO,EN,Federal Contract Tower,2,24,9,0,35,0,0,25,4,29,2,24,34,4,64,0,6,6,70
02/08/2012,EWN,NC,ASO,EN,Federal Contract Tower,2,22,7,2,33,0,0,22,0,22,2,22,29,2,55,26,0,26,81
02/09/2012,EWN,NC,ASO,EN,Federal Contract Tower,1,24,15,0,40,0,0,41,0,41,1,24,56,0,81,46,0,46,127
02/10/2012,EWN,NC,ASO,EN,Federal Contract Tower,0,20,4,0,24,0,0,22,6,28,0,20,26,6,52,18,30,48,100
02/11/2012,EWN,NC,ASO,EN,Federal Contract Tower,2,13,2,0,17,0,0,7,0,7,2,13,9,0,24,0,0,0,24
02/12/2012,EWN,NC,ASO,EN,Federal Contract Tower,0,16,3,0,19,0,0,11,0,11,0,16,14,0,30,0,0,0,30
02/13/2012,EWN,NC,ASO,EN,Federal Contract Tower,0,16,4,0,20,0,0,16,0,16,0,16,20,0,36,4,0,4,40
02/14/2012,EWN,NC,ASO,EN,Federal Contract Tower,0,16,15,0,31,0,0,12,2,14,0,16,27,2,45,14,14,28,73
02/15/2012,EWN,NC,ASO,EN,Federal Contract Tower,0,25,7,0,32,0,0,28,0,28,0,25,35,0,60,6,0,6,66
02/16/2012,EWN,NC,ASO,EN,Federal Contract Tower,0,24,5,2,31,0,0,9,2,11,0,24,14,4,42,38,20,58,100
02/17/2012,EWN,NC,ASO,EN,Federal Contract Tower,0,23,11,0,34,0,0,31,0,31,0,23,42,0,65,38,0,38,103
02/18/2012,EWN,NC,ASO,EN,Federal Contract Tower,0,16,4,1,21,0,0,52,0,52,0,16,56,1,73,68,0,68,141
02/19/2012,EWN,NC,ASO,EN,Federal Contract Tower,0,15,1,0,16,0,0,0,0,0,0,15,1,0,16,0,0,0,16
02/20/2012,EWN,NC,ASO,EN,Federal Contract Tower,0,20,4,1,25,0,0,36,0,36,0,20,40,1,61,4,0,4,65
02/21/2012,EWN,NC,ASO,EN,Federal Contract Tower,0,25,7,0,32,0,0,28,0,28,0,25,35,0,60,22,0,22,82
02/22/2012,EWN,NC,ASO,EN,Federal Contract Tower,0,26,10,0,36,0,0,26,0,26,0,26,36,0,62,6,0,6,68
02/23/2012,EWN,NC,ASO,EN,Federal Contract Tower,0,24,6,0,30,0,0,21,0,21,0,24,27,0,51,22,4,26,77
02/24/2012,EWN,NC,ASO,EN,Federal Contract Tower,0,22,3,0,25,0,0,6,0,6,0,22,9,0,31,0,0,0,31
02/25/2012,EWN,NC,ASO,EN,Federal Contract Tower,0,15,6,0,21,0,0,12,0,12,0,15,18,0,33,6,0,6,39
02/26/2012,EWN,NC,ASO,EN,Federal Contract Tower,0,15,6,0,21,0,0,66,0,66,0,15,72,0,87,74,0,74,161
02/27/2012,EWN,NC,ASO,EN,Federal Contract Tower,0,19,11,0,30,0,0,8,0,8,0,19,19,0,38,8,0,8,46
02/28/2012,EWN,NC,ASO,EN,Federal Contract Tower,0,25,6,2,33,0,0,35,0,35,0,25,41,2,68,4,0,4,72
02/29/2012,EWN,NC,ASO,EN,Federal Contract Tower,0,26,3,0,29,0,0,9,0,9,0,26,12,0,38,2,24,26,64
03/01/2012,EWN,NC,ASO,EN,Federal Contract Tower,0,24,4,0,28,0,0,16,6,22,0,24,20,6,50,0,8,8,58
03/02/2012,EWN,NC,ASO,EN,Federal Contract Tower,0,21,8,0,29,0,0,27,0,27,0,21,35,0,56,18,0,18,74
03/03/2012,EWN,NC,ASO,EN,Federal Contract Tower,0,17,1,0,18,0,0,4,0,4,0,17,5,0,22,24,0,24,46
03/04/2012,EWN,NC,ASO,EN,Federal Contract Tower,0,18,6,0,24,0,0,18,0,18,0,18,24,0,42,52,0,52,94
03/05/2012,EWN,NC,ASO,EN,Federal Contract Tower,0,22,6,0,28,0,0,8,0,8,0,22,14,0,36,2,0,2,38
03/06/2012,EWN,NC,ASO,EN,Federal Contract Tower,0,18,6,2,26,0,0,35,2,37,0,18,41,4,63,16,4,20,83
03/07/2012,EWN,NC,ASO,EN,Federal Contract Tower,0,23,16,2,41,0,0,45,2,47,0,23,61,4,88,48,28,76,164
03/08/2012,EWN,NC,ASO,EN,Federal Contract Tower,0,26,6,2,34,0,0,24,4,28,0,26,30,6,62,20,0,20,82
03/09/2012,EWN,NC,ASO,EN,Federal Contract Tower,0,22,6,0,28,0,0,7,0,7,0,22,13,0,35,0,0,0,35
03/10/2012,EWN,NC,ASO,EN,Federal Contract Tower,0,18,4,0,22,0,0,39,0,39,0,18,43,0,61,48,0,48,109
03/11/2012,EWN,NC,ASO,EN,Federal Contract Tower,0,17,7,0,24,0,0,57,0,57,0,17,64,0,81,38,0,38,119
03/12/2012,EWN,NC,ASO,EN,Federal Contract Tower,0,20,9,6,35,0,0,42,0,42,0,20,51,6,77,26,10,36,113
03/13/2012,EWN,NC,ASO,EN,Federal Contract Tower,0,25,13,0,38,0,0,12,2,14,0,25,25,2,52,0,16,16,68
03/14/2012,EWN,NC,ASO,EN,Federal Contract Tower,0,28,12,2,42,0,0,30,0,30,0,28,42,2,72,28,0,28,100
03/15/2012,EWN,NC,ASO,EN,Federal Contract Tower,0,25,5,1,31,0,0,50,2,52,0,25,55,3,83,8,2,10,93
03/16/2012,EWN,NC,ASO,EN,Federal Contract Tower,0,22,12,0,34,0,0,34,0,34,0,22,46,0,68,64,0,64,132
03/17/2012,EWN,NC,ASO,EN,Federal Contract Tower,0,19,2,0,21,0,0,49,0,49,0,19,51,0,70,26,0,26,96
03/18/2012,EWN,NC,ASO,EN,Federal Contract Tower,0,18,4,0,22,0,0,9,0,9,0,18,13,0,31,4,0,4,35
03/19/2012,EWN,NC,ASO,EN,Federal Contract Tower,0,16,13,0,29,0,0,25,0,25,0,16,38,0,54,48,0,48,102
03/20/2012,EWN,NC,ASO,EN,Federal Contract Tower,0,25,10,0,35,0,0,32,3,35,0,25,42,3,70,58,2,60,130
03/21/2012,EWN,NC,ASO,EN,Federal Contract Tower,0,29,7,0,36,0,0,3,0,3,0,29,10,0,39,2,0,2,41
03/22/2012,EWN,NC,ASO,EN,Federal Contract Tower,0,29,8,0,37,0,0,14,0,14,0,29,22,0,51,22,18,40,91
03/23/2012,EWN,NC,ASO,EN,Federal Contract Tower,0,30,4,0,34,0,0,29,0,29,0,30,33,0,63,0,10,10,73
03/24/2012,EWN,NC,ASO,EN,Federal Contract Tower,0,20,2,0,22,0,0,6,0,6,0,20,8,0,28,14,0,14,42
03/25/2012,EWN,NC,ASO,EN,Federal Contract Tower,0,17,7,0,24,0,0,15,0,15,0,17,22,0,39,50,0,50,89
03/26/2012,EWN,NC,ASO,EN,Federal Contract Tower,0,21,12,2,35,0,0,23,2,25,0,21,35,4,60,40,20,60,120
03/27/2012,EWN,NC,ASO,EN,Federal Contract Tower,0,24,8,2,34,0,0,46,0,46,0,24,54,2,80,36,0,36,116
03/28/2012,EWN,NC,ASO,EN,Federal Contract Tower,0,25,10,1,36,0,0,57,8,65,0,25,67,9,101,22,52,74,175
03/29/2012,EWN,NC,ASO,EN,Federal Contract Tower,0,25,7,0,32,0,0,38,0,38,0,25,45,0,70,16,0,16,86
03/30/2012,EWN,NC,ASO,EN,Federal Contract Tower,0,22,9,1,32,0,0,74,0,74,0,22,83,1,106,112,0,112,218
03/31/2012,EWN,NC,ASO,EN,Federal Contract Tower,0,18,7,0,25,0,0,17,0,17,0,18,24,0,42,10,0,10,52
04/01/2012,EWN,NC,ASO,EN,Federal Contract Tower,0,18,12,0,30,0,0,49,0,49,0,18,61,0,79,50,0,50,129
04/02/2012,EWN,NC,ASO,EN,Federal Contract Tower,0,21,1,0,22,0,0,14,3,17,0,21,15,3,39,0,6,6,45
04/03/2012,EWN,NC,ASO,EN,Federal Contract Tower,0,26,6,2,34,0,0,49,0,49,0,26,55,2,83,12,0,12,95
04/04/2012,EWN,NC,ASO,EN,Federal Contract Tower,0,25,12,6,43,0,0,25,2,27,0,25,37,8,70,0,22,22,92
04/05/2012,EWN,NC,ASO,EN,Federal Contract Tower,0,26,9,0,35,0,0,16,2,18,0,26,25,2,53,10,8,18,71
04/06/2012,EWN,NC,ASO,EN,Federal Contract Tower,0,24,10,0,34,0,0,8,0,8,0,24,18,0,42,30,0,30,72
04/07/2012,EWN,NC,ASO,EN,Federal Contract Tower,0,18,8,0,26,0,0,53,0,53,0,18,61,0,79,28,0,28,107
04/08/2012,EWN,NC,ASO,EN,Federal Contract Tower,0,18,11,0,29,0,0,33,0,33,0,18,44,0,62,42,0,42,104
04/09/2012,EWN,NC,ASO,EN,Federal Contract Tower,0,24,9,0,33,0,0,36,0,36,0,24,45,0,69,8,0,8,77
04/10/2012,EWN,NC,ASO,EN,Federal Contract Tower,0,25,9,0,34,0,0,40,2,42,0,25,49,2,76,14,10,24,100
04/11/2012,EWN,NC,ASO,EN,Federal Contract Tower,0,26,5,2,33,0,0,22,0,22,0,26,27,2,55,6,0,6,61
04/12/2012,EWN,NC,ASO,EN,Federal Contract Tower,0,26,4,4,34,0,0,27,6,33,0,26,31,10,67,8,0,8,75
04/13/2012,EWN,NC,ASO,EN,Federal Contract Tower,0,23,13,0,36,0,0,39,6,45,0,23,52,6,81,16,0,16,97
04/14/2012,EWN,NC,ASO,EN,Federal Contract Tower,0,19,8,0,27,0,0,123,0,123,0,19,131,0,150,55,3,58,208
04/15/2012,EWN,NC,ASO,EN,Federal Contract Tower,0,19,8,1,28,0,0,25,0,25,0,19,33,1,53,24,0,24,77
04/16/2012,EWN,NC,ASO,EN,Federal Contract Tower,0,22,4,1,27,0,0,30,0,30,0,22,34,1,57,6,0,6,63
04/17/2012,EWN,NC,ASO,EN,Federal Contract Tower,0,26,17,3,46,0,0,40,0,40,0,26,57,3,86,0,2,2,88
04/18/2012,EWN,NC,ASO,EN,Federal Contract Tower,0,29,10,2,41,0,0,16,2,18,0,29,26,4,59,28,26,54,113
04/19/2012,EWN,NC,ASO,EN,Federal Contract Tower,0,27,5,4,36,0,0,11,0,11,0,27,16,4,47,0,0,0,47
04/20/2012,EWN,NC,ASO,EN,Federal Contract Tower,2,23,17,0,42,0,0,29,0,29,2,23,46,0,71,22,0,22,93
04/21/2012,EWN,NC,ASO,EN,Federal Contract Tower,0,19,3,1,23,0,0,62,2,64,0,19,65,3,87,62,0,62,149
04/22/2012,EWN,NC,ASO,EN,Federal Contract Tower,0,19,14,0,33,0,0,0,0,0,0,19,14,0,33,0,0,0,33
04/23/2012,EWN,NC,ASO,EN,Federal Contract Tower,2,19,13,0,34,0,0,15,2,17,2,19,28,2,51,26,16,42,93
04/24/2012,EWN,NC,ASO,EN,Federal Contract Tower,0,20,14,0,34,0,0,22,0,22,0,20,36,0,56,0,0,0,56
04/25/2012,EWN,NC,ASO,EN,Federal Contract Tower,0,21,15,1,37,0,0,42,0,42,0,21,57,1,79,26,0,26,105
04/26/2012,EWN,NC,ASO,EN,Federal Contract Tower,0,26,15,0,41,0,0,25,6,31,0,26,40,6,72,0,0,0,72
04/27/2012,EWN,NC,ASO,EN,Federal Contract Tower,0,20,16,0,36,0,0,53,0,53,0,20,69,0,89,96,0,96,185
04/28/2012,EWN,NC,ASO,EN,Federal Contract Tower,0,18,6,0,24,0,0,26,0,26,0,18,32,0,50,38,0,38,88
04/29/2012,EWN,NC,ASO,EN,Federal Contract Tower,0,19,16,0,35,0,0,14,0,14,0,19,30,0,49,24,0,24,73
04/30/2012,EWN,NC,ASO,EN,Federal Contract Tower,0,22,3,0,25,0,0,7,0,7,0,22,10,0,32,36,0,36,68
05/01/2012,EWN,NC,ASO,EN,Federal Contract Tower,0,27,23,0,50,0,0,31,0,31,0,27,54,0,81,18,0,18,99
05/02/2012,EWN,NC,ASO,EN,Federal Contract Tower,0,25,11,0,36,0,0,39,0,39,0,25,50,0,75,18,0,18,93
05/03/2012,EWN,NC,ASO,EN,Federal Contract Tower,0,29,25,2,56,0,0,36,0,36,0,29,61,2,92,6,0,6,98
05/04/2012,EWN,NC,ASO,EN,Federal Contract Tower,0,22,17,2,41,0,0,34,1,35,0,22,51,3,76,28,0,28,104
05/05/2012,EWN,NC,ASO,EN,Federal Contract Tower,0,20,12,2,34,0,0,35,0,35,0,20,47,2,69,26,0,26,95
05/06/2012,EWN,NC,ASO,EN,Federal Contract Tower,0,18,10,0,28,0,0,15,1,16,0,18,25,1,44,7,0,7,51
05/07/2012,EWN,NC,ASO,EN,Federal Contract Tower,0,21,12,5,38,0,0,29,2,31,0,21,41,7,69,6,0,6,75
05/08/2012,EWN,NC,ASO,EN,Federal Contract Tower,0,26,19,3,48,0,0,33,0,33,0,26,52,3,81,30,0,30,111
05/09/2012,EWN,NC,ASO,EN,Federal Contract Tower,0,27,8,0,35,0,0,9,0,9,0,27,17,0,44,12,0,12,56
05/10/2012,EWN,NC,ASO,EN,Federal Contract Tower,0,32,5,2,39,0,0,28,3,31,0,32,33,5,70,0,10,10,80
05/11/2012,EWN,NC,ASO,EN,Federal Contract Tower,0,23,9,0,32,0,0,27,0,27,0,23,36,0,59,76,0,76,135
05/12/2012,EWN,NC,ASO,EN,Federal Contract Tower,0,18,2,0,20,0,0,48,0,48,0,18,50,0,68,54,0,54,122
05/13/2012,EWN,NC,ASO,EN,Federal Contract Tower,0,17,2,0,19,0,0,21,0,21,0,17,23,0,40,18,0,18,58
05/14/2012,EWN,NC,ASO,EN,Federal Contract Tower,0,18,9,0,27,0,0,1,2,3,0,18,10,2,30,6,4,10,40
05/15/2012,EWN,NC,ASO,EN,Federal Contract Tower,0,27,8,0,35,0,0,9,2,11,0,27,17,2,46,18,0,18,64
05/16/2012,EWN,NC,ASO,EN,Federal Contract Tower,0,27,6,3,36,0,0,2,1,3,0,27,8,4,39,6,14,20,59
05/17/2012,EWN,NC,ASO,EN,Federal Contract Tower,0,32,7,8,47,0,0,11,4,15,0,32,18,12,62,4,0,4,66
05/18/2012,EWN,NC,ASO,EN,Federal Contract Tower,0,23,6,0,29,0,0,33,0,33,0,23,39,0,62,34,0,34,96
05/19/2012,EWN,NC,ASO,EN,Federal Contract Tower,0,19,3,0,22,0,0,44,0,44,0,19,47,0,66,60,0,60,126
05/20/2012,EWN,NC,ASO,EN,Federal Contract Tower,0,17,5,0,22,0,0,35,0,35,0,17,40,0,57,32,0,32,89
05/21/2012,EWN,NC,ASO,EN,Federal Contract Tower,0,20,4,2,26,0,0,20,0,20,0,20,24,2,46,36,0,36,82
05/22/2012,EWN,NC,ASO,EN,Federal Contract Tower,0,22,8,0,30,0,0,30,0,30,0,22,38,0,60,28,4,32,92
05/23/2012,EWN,NC,ASO,EN,Federal Contract Tower,0,26,9,0,35,0,0,15,2,17,0,26,24,2,52,6,10,16,68
05/24/2012,EWN,NC,ASO,EN,Federal Contract Tower,0,29,14,0,43,0,1,14,2,17,0,30,28,2,60,22,4,26,86
05/25/2012,EWN,NC,ASO,EN,Federal Contract Tower,0,21,16,4,41,0,0,30,2,32,0,21,46,6,73,0,0,0,73
05/26/2012,EWN,NC,ASO,EN,Federal Contract Tower,0,18,8,0,26,0,0,26,0,26,0,18,34,0,52,10,0,10,62
05/27/2012,EWN,NC,ASO,EN,Federal Contract Tower,0,17,6,0,23,0,0,12,0,12,0,17,18,0,35,10,0,10,45
05/28/2012,EWN,NC,ASO,EN,Federal Contract Tower,0,19,5,0,24,0,0,23,0,23,0,19,28,0,47,36,0,36,83
05/29/2012,EWN,NC,ASO,EN,Federal Contract Tower,0,22,6,0,28,0,0,17,0,17,0,22,23,0,45,12,0,12,57
05/30/2012,EWN,NC,ASO,EN,Federal Contract Tower,0,30,1,0,31,0,0,0,0,0,0,30,1,0,31,0,0,0,31
05/31/2012,EWN,NC,ASO,EN,Federal Contract Tower,0,26,11,2,39,0,0,25,2,27,0,26,36,4,66,30,0,30,96
06/01/2012,EWN,NC,ASO,EN,Federal Contract Tower,0,27,8,5,40,0,0,17,1,18,0,27,25,6,58,0,10,10,68
06/02/2012,EWN,NC,ASO,EN,Federal Contract Tower,0,17,4,0,21,0,0,38,0,38,0,17,42,0,59,40,0,40,99
06/03/2012,EWN,NC,ASO,EN,Federal Contract Tower,0,20,3,0,23,0,0,54,0,54,0,20,57,0,77,36,0,36,113
06/04/2012,EWN,NC,ASO,EN,Federal Contract Tower,0,18,5,0,23,0,0,26,0,26,0,18,31,0,49,26,0,26,75
06/05/2012,EWN,NC,ASO,EN,Federal Contract Tower,0,24,9,1,34,0,0,24,1,25,0,24,33,2,59,34,0,34,93
06/06/2012,EWN,NC,ASO,EN,Federal Contract Tower,0,27,8,0,35,0,0,43,4,47,0,27,51,4,82,64,0,64,146
06/07/2012,EWN,NC,ASO,EN,Federal Contract Tower,0,26,7,1,34,0,0,44,0,44,0,26,51,1,78,48,0,48,126
06/08/2012,EWN,NC,ASO,EN,Federal Contract Tower,0,22,16,0,38,0,0,36,0,36,0,22,52,0,74,38,0,38,112
06/09/2012,EWN,NC,ASO,EN,Federal Contract Tower,0,20,9,2,31,0,0,42,0,42,0,20,51,2,73,72,0,72,145
06/10/2012,EWN,NC,ASO,EN,Federal Contract Tower,0,20,20,0,40,0,0,38,0,38,0,20,58,0,78,70,0,70,148
06/11/2012,EWN,NC,ASO,EN,Federal Contract Tower,0,24,5,2,31,0,0,28,0,28,0,24,33,2,59,30,0,30,89
06/12/2012,EWN,NC,ASO,EN,Federal Contract Tower,0,19,14,0,33,0,0,13,2,15,0,19,27,2,48,2,0,2,50
06/13/2012,EWN,NC,ASO,EN,Federal Contract Tower,0,26,10,2,38,0,0,51,4,55,0,26,61,6,93,38,14,52,145
06/14/2012,EWN,NC,ASO,EN,Federal Contract Tower,0,26,8,2,36,0,0,30,1,31,0,26,38,3,67,60,0,60,127
06/15/2012,EWN,NC,ASO,EN,Federal Contract Tower,0,22,18,0,40,0,0,42,0,42,0,22,60,0,82,0,0,0,82
06/16/2012,EWN,NC,ASO,EN,Federal Contract Tower,0,22,9,0,31,0,0,34,0,34,0,22,43,0,65,10,0,10,75
06/17/2012,EWN,NC,ASO,EN,Federal Contract Tower,0,21,30,0,51,0,0,99,0,99,0,21,129,0,150,82,0,82,232
06/18/2012,EWN,NC,ASO,EN,Federal Contract Tower,0,22,9,0,31,0,0,44,4,48,0,22,53,4,79,18,28,46,125
06/19/2012,EWN,NC,ASO,EN,Federal Contract Tower,0,29,22,0,51,0,0,44,0,44,0,29,66,0,95,44,0,44,139
06/20/2012,EWN,NC,ASO,EN,Federal Contract Tower,0,25,6,0,31,0,0,48,0,48,0,25,54,0,79,66,0,66,145
06/21/2012,EWN,NC,ASO,EN,Federal Contract Tower,0,30,2,0,32,0,0,25,2,27,0,30,27,2,59,6,2,8,67
06/22/2012,EWN,NC,ASO,EN,Federal Contract Tower,0,27,20,0,47,0,0,92,2,94,0,27,112,2,141,16,0,16,157
06/23/2012,EWN,NC,ASO,EN,Federal Contract Tower,0,21,7,0,28,0,0,53,0,53,0,21,60,0,81,28,0,28,109
06/24/2012,EWN,NC,ASO,EN,Federal Contract Tower,0,16,5,1,22,0,0,39,0,39,0,16,44,1,61,40,0,40,101
06/25/2012,EWN,NC,ASO,EN,Federal Contract Tower,0,20,5,0,25,0,0,22,0,22,0,20,27,0,47,18,0,18,65
06/26/2012,EWN,NC,ASO,EN,Federal Contract Tower,0,25,10,2,37,0,0,39,6,45,0,25,49,8,82,0,0,0,82
06/27/2012,EWN,NC,ASO,EN,Federal Contract Tower,0,23,4,0,27,0,0,39,8,47,0,23,43,8,74,0,22,22,96
06/28/2012,EWN,NC,ASO,EN,Federal Contract Tower,0,25,15,8,48,0,0,33,0,33,0,25,48,8,81,42,0,42,123
06/29/2012,EWN,NC,ASO,EN,Federal Contract Tower,0,22,15,0,37,0,0,50,0,50,0,22,65,0,87,38,0,38,125
06/30/2012,EWN,NC,ASO,EN,Federal Contract Tower,0,20,12,0,32,0,0,34,0,34,0,20,46,0,66,10,0,10,76
07/01/2012,EWN,NC,ASO,EN,Federal Contract Tower,0,16,16,0,32,0,0,15,0,15,0,16,31,0,47,0,0,0,47
07/02/2012,EWN,NC,ASO,EN,Federal Contract Tower,0,23,9,0,32,0,0,28,0,28,0,23,37,0,60,0,2,2,62
07/03/2012,EWN,NC,ASO,EN,Federal Contract Tower,0,23,7,2,32,0,1,22,0,23,0,24,29,2,55,0,0,0,55
07/04/2012,EWN,NC,ASO,EN,Federal Contract Tower,0,15,2,0,17,0,0,9,0,9,0,15,11,0,26,26,0,26,52
07/05/2012,EWN,NC,ASO,EN,Federal Contract Tower,0,25,5,0,30,0,0,24,0,24,0,25,29,0,54,30,0,30,84
07/06/2012,EWN,NC,ASO,EN,Federal Contract Tower,0,27,9,0,36,0,0,28,6,34,0,27,37,6,70,0,18,18,88
07/07/2012,EWN,NC,ASO,EN,Federal Contract Tower,0,21,10,0,31,0,0,39,0,39,0,21,49,0,70,24,0,24,94
07/08/2012,EWN,NC,ASO,EN,Federal Contract Tower,0,20,15,0,35,0,0,22,0,22,0,20,37,0,57,16,0,16,73
07/09/2012,EWN,NC,ASO,EN,Federal Contract Tower,0,23,5,0,28,0,0,21,3,24,0,23,26,3,52,20,1,21,73
07/10/2012,EWN,NC,ASO,EN,Federal Contract Tower,0,24,10,0,34,0,0,9,0,9,0,24,19,0,43,26,0,26,69
07/11/2012,EWN,NC,ASO,EN,Federal Contract Tower,0,30,17,0,47,0,0,18,6,24,0,30,35,6,71,48,54,102,173
07/12/2012,EWN,NC,ASO,EN,Federal Contract Tower,0,27,7,0,34,0,0,13,6,19,0,27,20,6,53,34,40,74,127
07/13/2012,EWN,NC,ASO,EN,Federal Contract Tower,0,30,30,0,60,0,0,32,0,32,0,30,62,0,92,38,0,38,130
07/14/2012,EWN,NC,ASO,EN,Federal Contract Tower,0,25,10,0,35,0,0,36,0,36,0,25,46,0,71,0,28,28,99
07/15/2012,EWN,NC,ASO,EN,Federal Contract Tower,0,22,18,0,40,0,0,31,0,31,0,22,49,0,71,40,0,40,111
07/16/2012,EWN,NC,ASO,EN,Federal Contract Tower,0,18,7,0,25,0,0,18,0,18,0,18,25,0,43,18,0,18,61
07/17/2012,EWN,NC,ASO,EN,Federal Contract Tower,0,29,2,2,33,0,0,26,4,30,0,29,28,6,63,42,6,48,111
07/18/2012,EWN,NC,ASO,EN,Federal Contract Tower,0,28,11,4,43,0,0,19,2,21,0,28,30,6,64,34,6,40,104
07/19/2012,EWN,NC,ASO,EN,Federal Contract Tower,0,25,8,2,35,0,0,34,3,37,0,25,42,5,72,30,0,30,102
07/20/2012,EWN,NC,ASO,EN,Federal Contract Tower,0,21,9,0,30,0,0,24,0,24,0,21,33,0,54,50,0,50,104
07/21/2012,EWN,NC,ASO,EN,Federal Contract Tower,0,22,15,0,37,0,0,18,0,18,0,22,33,0,55,14,0,14,69
07/22/2012,EWN,NC,ASO,EN,Federal Contract Tower,0,21,1,0,22,0,0,25,0,25,0,21,26,0,47,4,0,4,51
07/23/2012,EWN,NC,ASO,EN,Federal Contract Tower,0,21,3,0,24,0,0,11,0,11,0,21,14,0,35,0,0,0,35
07/24/2012,EWN,NC,ASO,EN,Federal Contract Tower,0,27,10,0,37,0,0,30,4,34,0,27,40,4,71,14,14,28,99
07/25/2012,EWN,NC,ASO,EN,Federal Contract Tower,0,31,6,2,39,0,0,17,3,20,0,31,23,5,59,36,0,36,95
07/26/2012,EWN,NC,ASO,EN,Federal Contract Tower,0,31,1,0,32,0,0,12,2,14,0,31,13,2,46,16,0,16,62
07/27/2012,EWN,NC,ASO,EN,Federal Contract Tower,0,26,10,0,36,0,0,23,1,24,0,26,33,1,60,8,0,8,68
07/28/2012,EWN,NC,ASO,EN,Federal Contract Tower,0,21,5,0,26,0,0,31,0,31,0,21,36,0,57,36,0,36,93
07/29/2012,EWN,NC,ASO,EN,Federal Contract Tower,0,23,13,0,36,0,0,42,0,42,0,23,55,0,78,40,0,40,118
07/30/2012,EWN,NC,ASO,EN,Federal Contract Tower,0,25,5,0,30,0,0,5,0,5,0,25,10,0,35,32,0,32,67
07/31/2012,EWN,NC,ASO,EN,Federal Contract Tower,0,26,13,0,39,0,0,33,2,35,0,26,46,2,74,24,36,60,134
08/01/2012,EWN,NC,ASO,EN,Federal Contract Tower,0,27,6,0,33,0,0,18,2,20,0,27,24,2,53,16,4,20,73
08/02/2012,EWN,NC,ASO,EN,Federal Contract Tower,0,27,13,4,44,0,0,32,0,32,0,27,45,4,76,20,0,20,96
08/03/2012,EWN,NC,ASO,EN,Federal Contract Tower,0,23,12,1,36,0,0,21,0,21,0,23,33,1,57,34,0,34,91
08/04/2012,EWN,NC,ASO,EN,Federal Contract Tower,0,22,7,2,31,0,0,38,1,39,0,22,45,3,70,48,0,48,118
08/05/2012,EWN,NC,ASO,EN,Federal Contract Tower,0,22,6,0,28,0,0,23,0,23,0,22,29,0,51,36,0,36,87
08/06/2012,EWN,NC,ASO,EN,Federal Contract Tower,0,26,5,0,31,0,0,19,2,21,0,26,24,2,52,48,2,50,102
08/07/2012,EWN,NC,ASO,EN,Federal Contract Tower,0,30,10,0,40,0,0,7,0,7,0,30,17,0,47,44,0,44,91
08/08/2012,EWN,NC,ASO,EN,Federal Contract Tower,0,28,11,0,39,0,0,8,2,10,0,28,19,2,49,8,10,18,67
08/09/2012,EWN,NC,ASO,EN,Federal Contract Tower,0,31,14,0,45,0,0,27,0,27,0,31,41,0,72,0,0,0,72
08/10/2012,EWN,NC,ASO,EN,Federal Contract Tower,0,34,20,0,54,0,0,15,0,15,0,34,35,0,69,62,0,62,131
08/11/2012,EWN,NC,ASO,EN,Federal Contract Tower,0,22,4,0,26,0,0,7,0,7,0,22,11,0,33,2,0,2,35
08/12/2012,EWN,NC,ASO,EN,Federal Contract Tower,0,19,3,0,22,0,0,11,0,11,0,19,14,0,33,16,0,16,49
08/13/2012,EWN,NC,ASO,EN,Federal Contract Tower,0,23,4,2,29,0,0,23,0,23,0,23,27,2,52,2,0,2,54
08/14/2012,EWN,NC,ASO,EN,Federal Contract Tower,0,25,9,0,34,0,0,32,0,32,0,25,41,0,66,22,0,22,88
08/15/2012,EWN,NC,ASO,EN,Federal Contract Tower,0,27,6,0,33,0,0,28,0,28,0,27,34,0,61,8,0,8,69
08/16/2012,EWN,NC,ASO,EN,Federal Contract Tower,0,23,8,5,36,0,0,43,3,46,0,23,51,8,82,20,2,22,104
08/17/2012,EWN,NC,ASO,EN,Federal Contract Tower,0,25,2,0,27,0,0,21,0,21,0,25,23,0,48,22,0,22,70
08/18/2012,EWN,NC,ASO,EN,Federal Contract Tower,0,22,0,0,22,0,0,26,1,27,0,22,26,1,49,24,0,24,73
08/19/2012,EWN,NC,ASO,EN,Federal Contract Tower,0,20,10,0,30,0,0,12,0,12,0,20,22,0,42,10,0,10,52
08/20/2012,EWN,NC,ASO,EN,Federal Contract Tower,0,23,11,1,35,0,0,9,0,9,0,23,20,1,44,2,0,2,46
08/21/2012,EWN,NC,ASO,EN,Federal Contract Tower,0,27,5,2,34,0,0,18,0,18,0,27,23,2,52,0,40,40,92
08/22/2012,EWN,NC,ASO,EN,Federal Contract Tower,0,25,5,1,31,0,0,25,0,25,0,25,30,1,56,12,0,12,68
08/23/2012,EWN,NC,ASO,EN,Federal Contract Tower,0,28,5,2,35,0,0,6,6,12,0,28,11,8,47,10,36,46,93
08/24/2012,EWN,NC,ASO,EN,Federal Contract Tower,0,24,10,1,35,0,0,2,0,2,0,24,12,1,37,12,4,16,53
08/25/2012,EWN,NC,ASO,EN,Federal Contract Tower,0,21,15,0,36,0,0,12,0,12,0,21,27,0,48,8,0,8,56
08/26/2012,EWN,NC,ASO,EN,Federal Contract Tower,0,19,9,0,28,0,0,33,0,33,0,19,42,0,61,14,0,14,75
08/27/2012,EWN,NC,ASO,EN,Federal Contract Tower,0,23,3,0,26,0,0,18,0,18,0,23,21,0,44,48,0,48,92
08/28/2012,EWN,NC,ASO,EN,Federal Contract Tower,0,27,8,1,36,0,0,26,1,27,0,27,34,2,63,21,12,33,96
08/29/2012,EWN,NC,ASO,EN,Federal Contract Tower,0,21,8,2,31,0,0,16,2,18,0,21,24,4,49,12,10,22,71
08/30/2012,EWN,NC,ASO,EN,Federal Contract Tower,0,28,17,2,47,0,0,23,4,27,0,28,40,6,74,38,16,54,128
08/31/2012,EWN,NC,ASO,EN,Federal Contract Tower,0,25,9,2,36,0,0,40,0,40,0,25,49,2,76,30,0,30,106
09/01/2012,EWN,NC,ASO,EN,Federal Contract Tower,0,22,4,0,26,0,0,46,0,46,0,22,50,0,72,42,0,42,114
09/02/2012,EWN,NC,ASO,EN,Federal Contract Tower,0,15,7,0,22,0,0,22,0,22,0,15,29,0,44,8,0,8,52
09/03/2012,EWN,NC,ASO,EN,Federal Contract Tower,0,20,3,0,23,0,0,14,0,14,0,20,17,0,37,34,0,34,71
09/04/2012,EWN,NC,ASO,EN,Federal Contract Tower,0,23,6,0,29,0,0,13,0,13,0,23,19,0,42,0,0,0,42
09/05/2012,EWN,NC,ASO,EN,Federal Contract Tower,0,21,4,0,25,0,0,7,4,11,0,21,11,4,36,38,0,38,74
09/06/2012,EWN,NC,ASO,EN,Federal Contract Tower,0,23,9,0,32,0,0,7,4,11,0,23,16,4,43,32,2,34,77
09/07/2012,EWN,NC,ASO,EN,Federal Contract Tower,0,22,5,0,27,0,0,12,0,12,0,22,17,0,39,42,0,42,81
09/08/2012,EWN,NC,ASO,EN,Federal Contract Tower,0,18,5,0,23,0,0,25,0,25,0,18,30,0,48,36,0,36,84
09/09/2012,EWN,NC,ASO,EN,Federal Contract Tower,0,20,19,0,39,0,0,21,0,21,0,20,40,0,60,34,0,34,94
09/10/2012,EWN,NC,ASO,EN,Federal Contract Tower,0,22,4,0,26,0,0,43,2,45,0,22,47,2,71,0,4,4,75
09/11/2012,EWN,NC,ASO,EN,Federal Contract Tower,0,25,6,0,31,0,0,49,0,49,0,25,55,0,80,20,0,20,100
09/12/2012,EWN,NC,ASO,EN,Federal Contract Tower,0,23,2,0,25,0,0,32,0,32,0,23,34,0,57,12,0,12,69
09/13/2012,EWN,NC,ASO,EN,Federal Contract Tower,0,25,2,2,29,0,0,26,3,29,0,25,28,5,58,8,6,14,72
09/14/2012,EWN,NC,ASO,EN,Federal Contract Tower,0,21,6,0,27,0,1,21,2,24,0,22,27,2,51,22,0,22,73
09/15/2012,EWN,NC,ASO,EN,Federal Contract Tower,0,17,4,0,21,0,0,34,0,34,0,17,38,0,55,68,0,68,123
09/16/2012,EWN,NC,ASO,EN,Federal Contract Tower,0,9,17,0,26,0,0,38,1,39,0,9,55,1,65,40,0,40,105
09/17/2012,EWN,NC,ASO,EN,Federal Contract Tower,0,20,6,0,26,0,0,11,1,12,0,20,17,1,38,10,6,16,54
09/18/2012,EWN,NC,ASO,EN,Federal Contract Tower,0,24,5,0,29,0,0,1,0,1,0,24,6,0,30,0,0,0,30
09/19/2012,EWN,NC,ASO,EN,Federal Contract Tower,0,28,6,0,34,0,0,14,2,16,0,28,20,2,50,16,6,22,72
09/20/2012,EWN,NC,ASO,EN,Federal Contract Tower,0,25,8,0,33,0,0,11,2,13,0,25,19,2,46,18,4,22,68
09/21/2012,EWN,NC,ASO,EN,Federal Contract Tower,1,21,5,8,35,0,0,41,0,41,1,21,46,8,76,4,0,4,80
09/22/2012,EWN,NC,ASO,EN,Federal Contract Tower,0,18,0,0,18,0,0,33,0,33,0,18,33,0,51,56,0,56,107
09/23/2012,EWN,NC,ASO,EN,Federal Contract Tower,0,19,2,0,21,0,0,44,0,44,0,19,46,0,65,28,0,28,93
09/24/2012,EWN,NC,ASO,EN,Federal Contract Tower,0,20,5,0,25,0,0,24,0,24,0,20,29,0,49,32,0,32,81
09/25/2012,EWN,NC,ASO,EN,Federal Contract Tower,0,24,21,2,47,0,0,58,1,59,0,24,79,3,106,68,0,68,174
09/26/2012,EWN,NC,ASO,EN,Federal Contract Tower,0,24,3,0,27,0,1,33,0,34,0,25,36,0,61,22,0,22,83
09/27/2012,EWN,NC,ASO,EN,Federal Contract Tower,0,26,4,4,34,0,0,40,1,41,0,26,44,5,75,64,2,66,141
09/28/2012,EWN,NC,ASO,EN,Federal Contract Tower,0,23,15,0,38,0,0,42,0,42,0,23,57,0,80,46,0,46,126
09/29/2012,EWN,NC,ASO,EN,Federal Contract Tower,0,18,4,0,22,0,0,24,0,24,0,18,28,0,46,60,0,60,106
09/30/2012,EWN,NC,ASO,EN,Federal Contract Tower,0,18,13,0,31,0,0,18,0,18,0,18,31,0,49,50,0,50,99
10/01/2012,EWN,NC,ASO,EN,Federal Contract Tower,0,21,9,0,30,0,0,3,0,3,0,21,12,0,33,2,2,4,37
10/02/2012,EWN,NC,ASO,EN,Federal Contract Tower,0,25,12,0,37,0,0,0,0,0,0,25,12,0,37,0,0,0,37
10/03/2012,EWN,NC,ASO,EN,Federal Contract Tower,0,24,8,4,36,0,0,20,2,22,0,24,28,6,58,18,4,22,80
10/04/2012,EWN,NC,ASO,EN,Federal Contract Tower,0,27,13,2,42,0,0,38,5,43,0,27,51,7,85,24,8,32,117
10/05/2012,EWN,NC,ASO,EN,Federal Contract Tower,0,23,8,0,31,0,0,29,4,33,0,23,37,4,64,20,16,36,100
10/06/2012,EWN,NC,ASO,EN,Federal Contract Tower,0,16,2,0,18,0,0,52,0,52,0,16,54,0,70,28,0,28,98
10/07/2012,EWN,NC,ASO,EN,Federal Contract Tower,0,20,7,0,27,0,0,23,0,23,0,20,30,0,50,50,0,50,100
10/08/2012,EWN,NC,ASO,EN,Federal Contract Tower,0,19,11,0,30,0,0,1,0,1,0,19,12,0,31,0,0,0,31
10/09/2012,EWN,NC,ASO,EN,Federal Contract Tower,0,31,15,0,46,0,0,0,0,0,0,31,15,0,46,0,0,0,46
10/10/2012,EWN,NC,ASO,EN,Federal Contract Tower,0,27,6,0,33,0,0,35,0,35,0,27,41,0,68,22,0,22,90
10/11/2012,EWN,NC,ASO,EN,Federal Contract Tower,0,29,4,0,33,0,0,46,0,46,0,29,50,0,79,48,0,48,127
10/12/2012,EWN,NC,ASO,EN,Federal Contract Tower,0,22,8,0,30,0,2,44,2,48,0,24,52,2,78,38,0,38,116
10/13/2012,EWN,NC,ASO,EN,Federal Contract Tower,0,17,6,0,23,0,0,53,0,53,0,17,59,0,76,62,0,62,138
10/14/2012,EWN,NC,ASO,EN,Federal Contract Tower,0,21,11,0,32,0,0,37,0,37,0,21,48,0,69,54,0,54,123
10/15/2012,EWN,NC,ASO,EN,Federal Contract Tower,0,21,12,0,33,0,0,18,0,18,0,21,30,0,51,24,0,24,75
10/16/2012,EWN,NC,ASO,EN,Federal Contract Tower,0,27,8,0,35,0,0,34,0,34,0,27,42,0,69,22,4,26,95
10/17/2012,EWN,NC,ASO,EN,Federal Contract Tower,0,25,6,4,35,0,0,29,0,29,0,25,35,4,64,34,0,34,98
10/18/2012,EWN,NC,ASO,EN,Federal Contract Tower,0,26,10,0,36,0,0,22,0,22,0,26,32,0,58,46,0,46,104
10/19/2012,EWN,NC,ASO,EN,Federal Contract Tower,0,24,8,2,34,0,0,20,0,20,0,24,28,2,54,14,0,14,68
10/20/2012,EWN,NC,ASO,EN,Federal Contract Tower,0,17,40,2,59,0,0,63,0,63,0,17,103,2,122,60,0,60,182
10/21/2012,EWN,NC,ASO,EN,Federal Contract Tower,0,18,5,0,23,0,0,48,0,48,0,18,53,0,71,88,0,88,159
10/22/2012,EWN,NC,ASO,EN,Federal Contract Tower,0,23,1,0,24,0,0,43,0,43,0,23,44,0,67,82,0,82,149
10/23/2012,EWN,NC,ASO,EN,Federal Contract Tower,0,26,6,0,32,0,0,42,0,42,0,26,48,0,74,50,0,50,124
10/24/2012,EWN,NC,ASO,EN,Federal Contract Tower,0,27,13,0,40,0,0,37,2,39,0,27,50,2,79,16,0,16,95
10/25/2012,EWN,NC,ASO,EN,Federal Contract Tower,0,23,5,4,32,0,1,37,0,38,0,24,42,4,70,26,0,26,96
10/26/2012,EWN,NC,ASO,EN,Federal Contract Tower,0,20,9,0,29,0,0,14,2,16,0,20,23,2,45,16,6,22,67
10/27/2012,EWN,NC,ASO,EN,Federal Contract Tower,0,16,2,0,18,0,0,0,0,0,0,16,2,0,18,0,0,0,18
10/28/2012,EWN,NC,ASO,EN,Federal Contract Tower,0,14,0,0,14,0,0,0,0,0,0,14,0,0,14,0,0,0,14
10/29/2012,EWN,NC,ASO,EN,Federal Contract Tower,0,21,6,0,27,0,0,1,0,1,0,21,7,0,28,0,0,0,28
10/30/2012,EWN,NC,ASO,EN,Federal Contract Tower,0,27,0,0,27,0,0,9,0,9,0,27,9,0,36,26,30,56,92
10/31/2012,EWN,NC,ASO,EN,Federal Contract Tower,0,22,0,0,22,0,0,41,1,42,0,22,41,1,64,62,40,102,166
11/01/2012,EWN,NC,ASO,EN,Federal Contract Tower,0,27,13,2,42,0,0,30,2,32,0,27,43,4,74,20,2,22,96
11/02/2012,EWN,NC,ASO,EN,Federal Contract Tower,0,24,18,3,45,0,0,53,0,53,0,24,71,3,98,18,0,18,116
11/03/2012,EWN,NC,ASO,EN,Federal Contract Tower,0,16,1,2,19,0,0,55,0,55,0,16,56,2,74,20,0,20,94
11/04/2012,EWN,NC,ASO,EN,Federal Contract Tower,0,18,11,0,29,0,0,31,0,31,0,18,42,0,60,50,0,50,110
11/05/2012,EWN,NC,ASO,EN,Federal Contract Tower,0,16,8,0,24,0,35,0,0,35,0,51,8,0,59,26,52,78,137
11/06/2012,EWN,NC,ASO,EN,Federal Contract Tower,0,25,9,0,34,0,0,15,0,15,0,25,24,0,49,54,0,54,103
11/07/2012,EWN,NC,ASO,EN,Federal Contract Tower,0,26,10,1,37,0,0,14,2,16,0,26,24,3,53,26,6,32,85
11/08/2012,EWN,NC,ASO,EN,Federal Contract Tower,0,26,3,1,30,0,0,17,0,17,0,26,20,1,47,0,0,0,47
11/09/2012,EWN,NC,ASO,EN,Federal Contract Tower,0,18,17,0,35,0,0,51,0,51,0,18,68,0,86,52,0,52,138
11/10/2012,EWN,NC,ASO,EN,Federal Contract Tower,0,15,0,0,15,0,0,46,0,46,0,15,46,0,61,32,0,32,93
11/11/2012,EWN,NC,ASO,EN,Federal Contract Tower,0,17,11,0,28,0,0,49,0,49,0,17,60,0,77,38,0,38,115
11/12/2012,EWN,NC,ASO,EN,Federal Contract Tower,0,21,13,0,34,0,0,36,0,36,0,21,49,0,70,36,0,36,106
11/13/2012,EWN,NC,ASO,EN,Federal Contract Tower,0,21,18,0,39,0,0,0,0,0,0,21,18,0,39,0,0,0,39
11/14/2012,EWN,NC,ASO,EN,Federal Contract Tower,0,25,15,4,44,0,0,5,0,5,0,25,20,4,49,0,0,0,49
11/15/2012,EWN,NC,ASO,EN,Federal Contract Tower,0,26,11,0,37,0,0,13,0,13,0,26,24,0,50,80,0,80,130
11/16/2012,EWN,NC,ASO,EN,Federal Contract Tower,0,21,25,0,46,0,0,36,2,38,0,21,61,2,84,58,28,86,170
11/17/2012,EWN,NC,ASO,EN,Federal Contract Tower,0,17,8,0,25,0,0,23,0,23,0,17,31,0,48,0,0,0,48
11/18/2012,EWN,NC,ASO,EN,Federal Contract Tower,0,18,18,0,36,0,0,0,0,0,0,18,18,0,36,0,0,0,36
11/19/2012,EWN,NC,ASO,EN,Federal Contract Tower,2,19,9,0,30,0,0,6,0,6,2,19,15,0,36,14,0,14,50
11/20/2012,EWN,NC,ASO,EN,Federal Contract Tower,0,29,19,8,56,0,0,15,0,15,0,29,34,8,71,32,0,32,103
11/21/2012,EWN,NC,ASO,EN,Federal Contract Tower,1,33,22,0,56,0,0,30,6,36,1,33,52,6,92,38,0,38,130
11/22/2012,EWN,NC,ASO,EN,Federal Contract Tower,0,11,3,0,14,0,0,24,0,24,0,11,27,0,38,52,0,52,90
11/23/2012,EWN,NC,ASO,EN,Federal Contract Tower,0,21,16,0,37,0,0,51,0,51,0,21,67,0,88,68,0,68,156
11/24/2012,EWN,NC,ASO,EN,Federal Contract Tower,0,19,2,0,21,0,0,43,0,43,0,19,45,0,64,18,0,18,82
11/25/2012,EWN,NC,ASO,EN,Federal Contract Tower,0,20,11,0,31,0,0,39,0,39,0,20,50,0,70,102,0,102,172
11/26/2012,EWN,NC,ASO,EN,Federal Contract Tower,0,23,9,2,34,0,0,36,0,36,0,23,45,2,70,26,0,26,96
11/27/2012,EWN,NC,ASO,EN,Federal Contract Tower,0,25,7,5,37,0,0,18,1,19,0,25,25,6,56,36,44,80,136
11/28/2012,EWN,NC,ASO,EN,Federal Contract Tower,0,18,17,2,37,0,0,39,2,41,0,18,56,4,78,18,10,28,106
11/29/2012,EWN,NC,ASO,EN,Federal Contract Tower,0,27,7,1,35,0,0,42,2,44,0,27,49,3,79,2,0,2,81
11/30/2012,EWN,NC,ASO,EN,Federal Contract Tower,0,25,9,0,34,0,0,39,4,43,0,25,48,4,77,36,16,52,129
12/01/2012,EWN,NC,ASO,EN,Federal Contract Tower,0,18,8,4,30,0,0,38,0,38,0,18,46,4,68,22,0,22,90
12/02/2012,EWN,NC,ASO,EN,Federal Contract Tower,0,17,8,0,25,0,0,35,0,35,0,17,43,0,60,38,0,38,98
12/03/2012,EWN,NC,ASO,EN,Federal Contract Tower,0,18,5,0,23,0,0,18,1,19,0,18,23,1,42,50,0,50,92
12/04/2012,EWN,NC,ASO,EN,Federal Contract Tower,0,19,12,2,33,0,0,34,2,36,0,19,46,4,69,64,12,76,145
12/05/2012,EWN,NC,ASO,EN,Federal Contract Tower,0,24,9,2,35,0,0,19,0,19,0,24,28,2,54,30,0,30,84
12/06/2012,EWN,NC,ASO,EN,Federal Contract Tower,0,26,4,0,30,0,0,24,0,24,0,26,28,0,54,40,0,40,94
12/07/2012,EWN,NC,ASO,EN,Federal Contract Tower,0,20,21,7,48,0,0,14,1,15,0,20,35,8,63,72,0,72,135
12/08/2012,EWN,NC,ASO,EN,Federal Contract Tower,0,16,7,0,23,0,0,36,0,36,0,16,43,0,59,30,0,30,89
12/09/2012,EWN,NC,ASO,EN,Federal Contract Tower,0,18,11,0,29,0,0,45,0,45,0,18,56,0,74,38,0,38,112
12/10/2012,EWN,NC,ASO,EN,Federal Contract Tower,0,19,6,0,25,0,0,2,0,2,0,19,8,0,27,0,0,0,27
12/11/2012,EWN,NC,ASO,EN,Federal Contract Tower,0,22,8,4,34,0,0,23,5,28,0,22,31,9,62,32,32,64,126
12/12/2012,EWN,NC,ASO,EN,Federal Contract Tower,0,20,3,0,23,0,0,0,0,0,0,20,3,0,23,2,0,2,25
12/13/2012,EWN,NC,ASO,EN,Federal Contract Tower,0,24,10,0,34,0,0,9,2,11,0,24,19,2,45,4,12,16,61
12/14/2012,EWN,NC,ASO,EN,Federal Contract Tower,0,23,9,1,33,0,0,52,6,58,0,23,61,7,91,14,44,58,149
12/15/2012,EWN,NC,ASO,EN,Federal Contract Tower,0,18,7,1,26,0,0,49,0,49,0,18,56,1,75,0,14,14,89
12/16/2012,EWN,NC,ASO,EN,Federal Contract Tower,0,20,8,0,28,0,0,0,0,0,0,20,8,0,28,0,0,0,28
12/17/2012,EWN,NC,ASO,EN,Federal Contract Tower,0,20,13,0,33,0,0,3,0,3,0,20,16,0,36,0,0,0,36
12/18/2012,EWN,NC,ASO,EN,Federal Contract Tower,0,21,30,0,51,0,0,17,0,17,0,21,47,0,68,14,54,68,136
12/19/2012,EWN,NC,ASO,EN,Federal Contract Tower,0,25,11,0,36,0,0,33,0,33,0,25,44,0,69,22,12,34,103
12/20/2012,EWN,NC,ASO,EN,Federal Contract Tower,0,26,8,4,38,0,0,22,5,27,0,26,30,9,65,6,38,44,109
12/21/2012,EWN,NC,ASO,EN,Federal Contract Tower,0,22,10,0,32,0,0,15,0,15,0,22,25,0,47,16,0,16,63
12/22/2012,EWN,NC,ASO,EN,Federal Contract Tower,2,17,3,0,22,0,0,8,2,10,2,17,11,2,32,0,0,0,32
12/23/2012,EWN,NC,ASO,EN,Federal Contract Tower,2,15,10,0,27,0,0,34,0,34,2,15,44,0,61,50,0,50,111
12/24/2012,EWN,NC,ASO,EN,Federal Contract Tower,0,17,3,0,20,0,0,24,0,24,0,17,27,0,44,32,0,32,76
12/25/2012,EWN,NC,ASO,EN,Federal Contract Tower,0,14,1,0,15,0,0,10,0,10,0,14,11,0,25,2,0,2,27
12/26/2012,EWN,NC,ASO,EN,Federal Contract Tower,0,26,0,0,26,0,0,1,0,1,0,26,1,0,27,0,0,0,27
12/27/2012,EWN,NC,ASO,EN,Federal Contract Tower,2,26,14,0,42,0,0,25,0,25,2,26,39,0,67,30,0,30,97
12/28/2012,EWN,NC,ASO,EN,Federal Contract Tower,2,23,8,0,33,0,0,30,0,30,2,23,38,0,63,47,0,47,110
12/29/2012,EWN,NC,ASO,EN,Federal Contract Tower,0,19,5,0,24,0,0,1,0,1,0,19,6,0,25,0,0,0,25
12/30/2012,EWN,NC,ASO,EN,Federal Contract Tower,2,15,3,0,20,0,0,18,0,18,2,15,21,0,38,40,0,40,78
12/31/2012,EWN,NC,ASO,EN,Federal Contract Tower,0,18,0,0,18,0,0,41,0,41,0,18,41,0,59,58,0,58,117
01/01/2013,EWN,NC,ASO,EN,Federal Contract Tower,0,14,4,0,18,0,0,17,0,17,0,14,21,0,35,24,0,24,59
01/02/2013,EWN,NC,ASO,EN,Federal Contract Tower,0,25,6,0,31,0,0,2,0,2,0,25,8,0,33,0,0,0,33
01/03/2013,EWN,NC,ASO,EN,Federal Contract Tower,0,23,2,0,25,0,0,6,0,6,0,23,8,0,31,8,0,8,39
01/04/2013,EWN,NC,ASO,EN,Federal Contract Tower,0,20,8,0,28,0,0,30,6,36,0,20,38,6,64,14,30,44,108
01/05/2013,EWN,NC,ASO,EN,Federal Contract Tower,0,17,2,0,19,0,0,32,0,32,0,17,34,0,51,44,0,44,95
01/06/2013,EWN,NC,ASO,EN,Federal Contract Tower,0,15,18,0,33,0,0,8,0,8,0,15,26,0,41,0,0,0,41
01/07/2013,EWN,NC,ASO,EN,Federal Contract Tower,0,18,4,0,22,0,0,24,0,24,0,18,28,0,46,20,0,20,66
01/08/2013,EWN,NC,ASO,EN,Federal Contract Tower,0,21,8,0,29,0,0,23,0,23,0,21,31,0,52,26,88,114,166
01/09/2013,EWN,NC,ASO,EN,Federal Contract Tower,0,24,5,2,31,0,0,15,14,29,0,24,20,16,60,26,48,74,134
01/10/2013,EWN,NC,ASO,EN,Federal Contract Tower,0,25,6,2,33,0,0,19,4,23,0,25,25,6,56,14,44,58,114
01/11/2013,EWN,NC,ASO,EN,Federal Contract Tower,0,23,9,2,34,0,0,11,2,13,0,23,20,4,47,46,10,56,103
01/12/2013,EWN,NC,ASO,EN,Federal Contract Tower,0,15,3,0,18,0,0,47,0,47,0,15,50,0,65,20,0,20,85
01/13/2013,EWN,NC,ASO,EN,Federal Contract Tower,0,16,10,0,26,0,0,47,0,47,0,16,57,0,73,68,0,68,141
01/14/2013,EWN,NC,ASO,EN,Federal Contract Tower,0,17,7,0,24,0,0,37,0,37,0,17,44,0,61,0,0,0,61
01/15/2013,EWN,NC,ASO,EN,Federal Contract Tower,0,21,16,0,37,0,0,1,0,1,0,21,17,0,38,0,0,0,38
01/16/2013,EWN,NC,ASO,EN,Federal Contract Tower,0,26,9,0,35,0,0,15,4,19,0,26,24,4,54,44,28,72,126
01/17/2013,EWN,NC,ASO,EN,Federal Contract Tower,0,23,4,0,27,0,0,0,0,0,0,23,4,0,27,0,0,0,27
01/18/2013,EWN,NC,ASO,EN,Federal Contract Tower,0,20,16,2,38,0,0,48,0,48,0,20,64,2,86,24,0,24,110
01/19/2013,EWN,NC,ASO,EN,Federal Contract Tower,0,14,6,0,20,0,0,44,0,44,0,14,50,0,64,30,2,32,96
01/20/2013,EWN,NC,ASO,EN,Federal Contract Tower,0,15,6,0,21,0,0,37,0,37,0,15,43,0,58,40,0,40,98
01/21/2013,EWN,NC,ASO,EN,Federal Contract Tower,0,16,8,0,24,0,0,32,0,32,0,16,40,0,56,32,0,32,88
01/22/2013,EWN,NC,ASO,EN,Federal Contract Tower,0,23,3,0,26,0,0,27,0,27,0,23,30,0,53,28,0,28,81
01/23/2013,EWN,NC,ASO,EN,Federal Contract Tower,0,23,9,0,32,0,0,15,2,17,0,23,24,2,49,6,20,26,75
01/24/2013,EWN,NC,ASO,EN,Federal Contract Tower,0,24,8,0,32,0,0,10,6,16,0,24,18,6,48,12,20,32,80
01/25/2013,EWN,NC,ASO,EN,Federal Contract Tower,0,14,4,0,18,0,0,15,0,15,0,14,19,0,33,4,0,4,37
01/26/2013,EWN,NC,ASO,EN,Federal Contract Tower,0,12,1,0,13,0,0,0,0,0,0,12,1,0,13,0,0,0,13
01/27/2013,EWN,NC,ASO,EN,Federal Contract Tower,0,19,1,0,20,0,0,36,0,36,0,19,37,0,56,60,0,60,116
01/28/2013,EWN,NC,ASO,EN,Federal Contract Tower,0,14,10,0,24,0,0,17,0,17,0,14,27,0,41,10,0,10,51
01/29/2013,EWN,NC,ASO,EN,Federal Contract Tower,0,22,9,2,33,0,0,29,2,31,0,22,38,4,64,4,32,36,100
01/30/2013,EWN,NC,ASO,EN,Federal Contract Tower,0,18,4,0,22,0,0,15,0,15,0,18,19,0,37,14,22,36,73
01/31/2013,EWN,NC,ASO,EN,Federal Contract Tower,0,23,5,0,28,0,0,7,10,17,0,23,12,10,45,4,0,4,49
02/01/2013,EWN,NC,ASO,EN,Federal Contract Tower,0,19,6,2,27,0,0,25,0,25,0,19,31,2,52,6,0,6,58
02/02/2013,EWN,NC,ASO,EN,Federal Contract Tower,0,13,3,0,16,0,0,36,0,36,0,13,39,0,52,58,0,58,110
02/03/2013,EWN,NC,ASO,EN,Federal Contract Tower,0,16,11,0,27,0,0,27,0,27,0,16,38,0,54,30,0,30,84
02/04/2013,EWN,NC,ASO,EN,Federal Contract Tower,0,14,9,8,31,0,0,35,0,35,0,14,44,8,66,62,0,62,128
02/05/2013,EWN,NC,ASO,EN,Federal Contract Tower,0,22,9,2,33,0,0,27,4,31,0,22,36,6,64,14,22,36,100
02/06/2013,EWN,NC,ASO,EN,Federal Contract Tower,0,23,8,0,31,0,0,28,4,32,0,23,36,4,63,20,0,20,83
02/07/2013,EWN,NC,ASO,EN,Federal Contract Tower,0,22,12,2,36,0,0,14,0,14,0,22,26,2,50,2,0,2,52
02/08/2013,EWN,NC,ASO,EN,Federal Contract Tower,0,20,10,0,30,0,0,17,0,17,0,20,27,0,47,16,0,16,63
02/09/2013,EWN,NC,ASO,EN,Federal Contract Tower,0,14,4,0,18,0,0,34,1,35,0,14,38,1,53,62,0,62,115
02/10/2013,EWN,NC,ASO,EN,Federal Contract Tower,0,16,12,0,28,0,0,45,0,45,0,16,57,0,73,80,0,80,153
02/11/2013,EWN,NC,ASO,EN,Federal Contract Tower,0,13,16,1,30,0,0,0,0,0,0,13,16,1,30,0,2,2,32
02/12/2013,EWN,NC,ASO,EN,Federal Contract Tower,0,25,8,1,34,0,0,19,5,24,0,25,27,6,58,22,0,22,80
02/13/2013,EWN,NC,ASO,EN,Federal Contract Tower,0,22,12,4,38,0,0,0,0,0,0,22,12,4,38,0,0,0,38
02/14/2013,EWN,NC,ASO,EN,Federal Contract Tower,0,23,7,6,36,0,0,19,1,20,0,23,26,7,56,10,0,10,66
02/15/2013,EWN,NC,ASO,EN,Federal Contract Tower,0,17,4,9,30,0,0,54,2,56,0,17,58,11,86,74,18,92,178
02/16/2013,EWN,NC,ASO,EN,Federal Contract Tower,0,13,3,3,19,0,0,23,0,23,0,13,26,3,42,36,0,36,78
02/17/2013,EWN,NC,ASO,EN,Federal Contract Tower,0,13,3,0,16,0,0,14,1,15,0,13,17,1,31,8,0,8,39
02/18/2013,EWN,NC,ASO,EN,Federal Contract Tower,0,17,8,0,25,0,0,42,0,42,0,17,50,0,67,124,0,124,191
02/19/2013,EWN,NC,ASO,EN,Federal Contract Tower,0,22,7,1,30,0,0,15,1,16,0,22,22,2,46,20,0,20,66
02/20/2013,EWN,NC,ASO,EN,Federal Contract Tower,0,25,2,0,27,0,0,19,0,19,0,25,21,0,46,16,16,32,78
02/21/2013,EWN,NC,ASO,EN,Federal Contract Tower,0,23,6,0,29,0,0,42,0,42,0,23,48,0,71,48,14,62,133
02/22/2013,EWN,NC,ASO,EN,Federal Contract Tower,0,19,6,1,26,0,0,22,4,26,0,19,28,5,52,58,0,58,110
02/23/2013,EWN,NC,ASO,EN,Federal Contract Tower,0,14,5,0,19,0,0,0,0,0,0,14,5,0,19,0,0,0,19
02/24/2013,EWN,NC,ASO,EN,Federal Contract Tower,0,16,13,0,29,0,0,33,0,33,0,16,46,0,62,32,0,32,94
02/25/2013,EWN,NC,ASO,EN,Federal Contract Tower,0,16,7,0,23,0,0,28,0,28,0,16,35,0,51,38,0,38,89
02/26/2013,EWN,NC,ASO,EN,Federal Contract Tower,0,20,6,0,26,0,0,0,0,0,0,20,6,0,26,0,0,0,26
02/27/2013,EWN,NC,ASO,EN,Federal Contract Tower,0,23,3,4,30,0,0,24,0,24,0,23,27,4,54,80,0,80,134
02/28/2013,EWN,NC,ASO,EN,Federal Contract Tower,0,27,5,0,32,0,0,55,1,56,0,27,60,1,88,91,0,91,179
03/01/2013,EWN,NC,ASO,EN,Federal Contract Tower,0,19,11,0,30,0,0,33,4,37,0,19,44,4,67,28,0,28,95
03/02/2013,EWN,NC,ASO,EN,Federal Contract Tower,0,16,0,0,16,0,0,55,0,55,0,16,55,0,71,74,0,74,145
03/03/2013,EWN,NC,ASO,EN,Federal Contract Tower,0,17,7,0,24,0,0,50,0,50,0,17,57,0,74,26,0,26,100
03/04/2013,EWN,NC,ASO,EN,Federal Contract Tower,0,23,5,0,28,0,1,31,2,34,0,24,36,2,62,49,0,49,111
03/05/2013,EWN,NC,ASO,EN,Federal Contract Tower,0,21,8,0,29,0,0,42,0,42,0,21,50,0,71,4,0,4,75
03/06/2013,EWN,NC,ASO,EN,Federal Contract Tower,0,21,8,0,29,0,0,0,0,0,0,21,8,0,29,0,0,0,29
03/07/2013,EWN,NC,ASO,EN,Federal Contract Tower,0,25,4,0,29,0,3,14,2,19,0,28,18,2,48,12,16,28,76
03/08/2013,EWN,NC,ASO,EN,Federal Contract Tower,0,25,10,1,36,0,0,13,6,19,0,25,23,7,55,22,20,42,97
03/09/2013,EWN,NC,ASO,EN,Federal Contract Tower,0,15,8,0,23,0,0,39,1,40,0,15,47,1,63,40,0,40,103
03/10/2013,EWN,NC,ASO,EN,Federal Contract Tower,0,17,3,0,20,0,0,45,0,45,0,17,48,0,65,72,0,72,137
03/11/2013,EWN,NC,ASO,EN,Federal Contract Tower,0,20,10,0,30,0,3,20,0,23,0,23,30,0,53,6,0,6,59
03/12/2013,EWN,NC,ASO,EN,Federal Contract Tower,0,35,5,0,40,0,0,4,0,4,0,35,9,0,44,0,0,0,44
03/13/2013,EWN,NC,ASO,EN,Federal Contract Tower,0,25,1,0,26,0,0,30,0,30,0,25,31,0,56,22,0,22,78
03/14/2013,EWN,NC,ASO,EN,Federal Contract Tower,0,26,4,0,30,0,4,24,4,32,0,30,28,4,62,40,0,40,102
03/15/2013,EWN,NC,ASO,EN,Federal Contract Tower,0,22,11,0,33,0,7,47,0,54,0,29,58,0,87,32,0,32,119
03/16/2013,EWN,NC,ASO,EN,Federal Contract Tower,0,17,7,0,24,0,2,44,0,46,0,19,51,0,70,38,0,38,108
03/17/2013,EWN,NC,ASO,EN,Federal Contract Tower,0,17,9,0,26,0,2,19,0,21,0,19,28,0,47,0,0,0,47
03/18/2013,EWN,NC,ASO,EN,Federal Contract Tower,0,16,11,4,31,0,0,6,0,6,0,16,17,4,37,8,2,10,47
03/19/2013,EWN,NC,ASO,EN,Federal Contract Tower,0,28,11,2,41,0,0,15,2,17,0,28,26,4,58,2,32,34,92
03/20/2013,EWN,NC,ASO,EN,Federal Contract Tower,0,23,2,4,29,0,0,23,2,25,0,23,25,6,54,52,0,52,106
03/21/2013,EWN,NC,ASO,EN,Federal Contract Tower,0,27,4,0,31,0,0,27,6,33,0,27,31,6,64,46,22,68,132
03/22/2013,EWN,NC,ASO,EN,Federal Contract Tower,0,24,10,0,34,0,1,48,4,53,0,25,58,4,87,20,6,26,113
03/23/2013,EWN,NC,ASO,EN,Federal Contract Tower,0,15,7,0,22,0,0,33,0,33,0,15,40,0,55,10,0,10,65
03/24/2013,EWN,NC,ASO,EN,Federal Contract Tower,0,17,7,0,24,0,0,0,0,0,0,17,7,0,24,0,0,0,24
03/25/2013,EWN,NC,ASO,EN,Federal Contract Tower,0,19,6,2,27,0,0,3,0,3,0,19,9,2,30,0,0,0,30
03/26/2013,EWN,NC,ASO,EN,Federal Contract Tower,0,25,11,0,36,0,0,19,0,19,0,25,30,0,55,42,0,42,97
03/27/2013,EWN,NC,ASO,EN,Federal Contract Tower,0,28,7,0,35,0,2,26,0,28,0,30,33,0,63,10,0,10,73
03/28/2013,EWN,NC,ASO,EN,Federal Contract Tower,0,25,4,0,29,0,1,45,0,46,0,26,49,0,75,20,0,20,95
03/29/2013,EWN,NC,ASO,EN,Federal Contract Tower,0,25,11,0,36,0,0,72,0,72,0,25,83,0,108,20,0,20,128
03/30/2013,EWN,NC,ASO,EN,Federal Contract Tower,0,15,7,0,22,0,0,34,0,34,0,15,41,0,56,36,0,36,92
03/31/2013,EWN,NC,ASO,EN,Federal Contract Tower,0,16,1,0,17,0,0,6,0,6,0,16,7,0,23,4,0,4,27
04/01/2013,EWN,NC,ASO,EN,Federal Contract Tower,0,16,9,8,33,0,2,12,2,16,0,18,21,10,49,34,10,44,93
04/02/2013,EWN,NC,ASO,EN,Federal Contract Tower,0,25,8,4,37,0,6,27,0,33,0,31,35,4,70,22,0,22,92
04/03/2013,EWN,NC,ASO,EN,Federal Contract Tower,0,29,7,8,44,0,1,27,3,31,0,30,34,11,75,4,8,12,87
04/04/2013,EWN,NC,ASO,EN,Federal Contract Tower,0,25,3,3,31,0,0,10,3,13,0,25,13,6,44,14,6,20,64
04/05/2013,EWN,NC,ASO,EN,Federal Contract Tower,0,28,14,0,42,0,2,12,4,18,0,30,26,4,60,34,6,40,100
04/06/2013,EWN,NC,ASO,EN,Federal Contract Tower,0,15,3,0,18,0,0,31,2,33,0,15,34,2,51,46,0,46,97
04/07/2013,EWN,NC,ASO,EN,Federal Contract Tower,0,17,6,0,23,0,1,45,0,46,0,18,51,0,69,64,0,64,133
04/08/2013,EWN,NC,ASO,EN,Federal Contract Tower,0,17,11,0,28,0,0,15,0,15,0,17,26,0,43,28,0,28,71
04/09/2013,EWN,NC,ASO,EN,Federal Contract Tower,0,24,3,2,29,0,6,32,2,40,0,30,35,4,69,14,30,44,113
04/10/2013,EWN,NC,ASO,EN,Federal Contract Tower,0,26,4,0,30,0,0,37,0,37,0,26,41,0,67,32,0,32,99
04/11/2013,EWN,NC,ASO,EN,Federal Contract Tower,0,26,7,6,39,0,0,25,0,25,0,26,32,6,64,20,0,20,84
04/12/2013,EWN,NC,ASO,EN,Federal Contract Tower,0,23,3,0,26,0,0,10,2,12,0,23,13,2,38,6,14,20,58
04/13/2013,EWN,NC,ASO,EN,Federal Contract Tower,0,17,6,0,23,0,0,111,0,111,0,17,117,0,134,80,0,80,214
04/14/2013,EWN,NC,ASO,EN,Federal Contract Tower,0,18,4,0,22,0,1,42,1,44,0,19,46,1,66,36,0,36,102
04/15/2013,EWN,NC,ASO,EN,Federal Contract Tower,0,24,9,7,40,0,1,14,3,18,0,25,23,10,58,16,0,16,74
04/16/2013,EWN,NC,ASO,EN,Federal Contract Tower,0,22,9,1,32,0,2,21,5,28,0,24,30,6,60,26,2,28,88
04/17/2013,EWN,NC,ASO,EN,Federal Contract Tower,0,24,10,0,34,0,0,26,0,26,0,24,36,0,60,18,0,18,78
04/18/2013,EWN,NC,ASO,EN,Federal Contract Tower,0,26,9,0,35,0,0,19,0,19,0,26,28,0,54,6,0,6,60
04/19/2013,EWN,NC,ASO,EN,Federal Contract Tower,0,19,10,4,33,0,0,10,0,10,0,19,20,4,43,0,0,0,43
04/20/2013,EWN,NC,ASO,EN,Federal Contract Tower,0,16,7,0,23,0,5,27,0,32,0,21,34,0,55,2,0,2,57
04/21/2013,EWN,NC,ASO,EN,Federal Contract Tower,0,19,10,0,29,0,1,15,0,16,0,20,25,0,45,6,0,6,51
04/22/2013,EWN,NC,ASO,EN,Federal Contract Tower,0,20,5,0,25,0,4,16,0,20,0,24,21,0,45,0,0,0,45
04/23/2013,EWN,NC,ASO,EN,Federal Contract Tower,0,19,19,4,42,0,0,10,2,12,0,19,29,6,54,22,6,28,82
04/24/2013,EWN,NC,ASO,EN,Federal Contract Tower,0,27,14,0,41,0,1,43,0,44,0,28,57,0,85,56,0,56,141
04/25/2013,EWN,NC,ASO,EN,Federal Contract Tower,0,27,6,0,33,0,0,25,0,25,0,27,31,0,58,16,0,16,74
04/26/2013,EWN,NC,ASO,EN,Federal Contract Tower,0,26,12,0,38,0,0,49,3,52,0,26,61,3,90,62,0,62,152
04/27/2013,EWN,NC,ASO,EN,Federal Contract Tower,0,16,4,0,20,0,2,45,0,47,0,18,49,0,67,42,0,42,109
04/28/2013,EWN,NC,ASO,EN,Federal Contract Tower,0,19,10,0,29,0,0,38,0,38,0,19,48,0,67,82,0,82,149
04/29/2013,EWN,NC,ASO,EN,Federal Contract Tower,0,22,12,2,36,0,0,8,0,8,0,22,20,2,44,0,0,0,44
04/30/2013,EWN,NC,ASO,EN,Federal Contract Tower,0,27,27,0,54,0,1,8,0,9,0,28,35,0,63,30,0,30,93
05/01/2013,EWN,NC,ASO,EN,Federal Contract Tower,0,29,26,0,55,0,0,20,0,20,0,29,46,0,75,14,0,14,89
05/02/2013,EWN,NC,ASO,EN,Federal Contract Tower,0,25,16,0,41,0,0,14,0,14,0,25,30,0,55,2,0,2,57
05/03/2013,EWN,NC,ASO,EN,Federal Contract Tower,0,27,10,0,37,0,5,29,0,34,0,32,39,0,71,12,0,12,83
05/04/2013,EWN,NC,ASO,EN,Federal Contract Tower,0,19,3,0,22,0,1,22,0,23,0,20,25,0,45,0,0,0,45
05/05/2013,EWN,NC,ASO,EN,Federal Contract Tower,0,17,13,0,30,0,0,3,0,3,0,17,16,0,33,30,0,30,63
05/06/2013,EWN,NC,ASO,EN,Federal Contract Tower,0,23,6,0,29,0,0,0,0,0,0,23,6,0,29,0,0,0,29
05/07/2013,EWN,NC,ASO,EN,Federal Contract Tower,0,22,5,6,33,0,1,3,4,8,0,23,8,10,41,4,0,4,45
05/08/2013,EWN,NC,ASO,EN,Federal Contract Tower,0,25,10,2,37,0,0,22,0,22,0,25,32,2,59,50,0,50,109
05/09/2013,EWN,NC,ASO,EN,Federal Contract Tower,0,24,10,0,34,0,0,30,2,32,0,24,40,2,66,8,0,8,74
05/10/2013,EWN,NC,ASO,EN,Federal Contract Tower,0,26,0,0,26,0,2,43,0,45,0,28,43,0,71,46,0,46,117
05/11/2013,EWN,NC,ASO,EN,Federal Contract Tower,0,16,5,0,21,0,3,20,0,23,0,19,25,0,44,46,0,46,90
05/12/2013,EWN,NC,ASO,EN,Federal Contract Tower,0,17,3,0,20,0,4,29,0,33,0,21,32,0,53,24,0,24,77
05/13/2013,EWN,NC,ASO,EN,Federal Contract Tower,0,20,5,0,25,0,5,20,0,25,0,25,25,0,50,10,16,26,76
05/14/2013,EWN,NC,ASO,EN,Federal Contract Tower,0,24,10,0,34,0,3,51,0,54,0,27,61,0,88,6,0,6,94
05/15/2013,EWN,NC,ASO,EN,Federal Contract Tower,0,27,6,4,37,0,0,40,0,40,0,27,46,4,77,22,0,22,99
05/16/2013,EWN,NC,ASO,EN,Federal Contract Tower,0,25,17,0,42,0,4,39,0,43,0,29,56,0,85,30,0,30,115
05/17/2013,EWN,NC,ASO,EN,Federal Contract Tower,0,24,6,0,30,0,4,29,12,45,0,28,35,12,75,36,0,36,111
05/18/2013,EWN,NC,ASO,EN,Federal Contract Tower,0,15,5,0,20,0,0,26,0,26,0,15,31,0,46,14,0,14,60
05/19/2013,EWN,NC,ASO,EN,Federal Contract Tower,0,17,4,2,23,0,2,47,0,49,0,19,51,2,72,84,0,84,156
05/20/2013,EWN,NC,ASO,EN,Federal Contract Tower,0,22,8,2,32,0,0,9,0,9,0,22,17,2,41,4,0,4,45
05/21/2013,EWN,NC,ASO,EN,Federal Contract Tower,0,27,14,0,41,0,4,31,0,35,0,31,45,0,76,52,0,52,128
05/22/2013,EWN,NC,ASO,EN,Federal Contract Tower,0,27,9,2,38,0,4,34,2,40,0,31,43,4,78,18,12,30,108
05/23/2013,EWN,NC,ASO,EN,Federal Contract Tower,0,26,6,0,32,0,0,9,0,9,0,26,15,0,41,6,0,6,47
05/24/2013,EWN,NC,ASO,EN,Federal Contract Tower,0,20,5,0,25,0,3,36,0,39,0,23,41,0,64,56,0,56,120
05/25/2013,EWN,NC,ASO,EN,Federal Contract Tower,0,16,8,0,24,0,6,37,0,43,0,22,45,0,67,20,0,20,87
05/26/2013,EWN,NC,ASO,EN,Federal Contract Tower,0,19,4,0,23,0,1,51,0,52,0,20,55,0,75,68,0,68,143
05/27/2013,EWN,NC,ASO,EN,Federal Contract Tower,2,13,6,0,21,0,5,58,0,63,2,18,64,0,84,46,0,46,130
05/28/2013,EWN,NC,ASO,EN,Federal Contract Tower,2,19,11,0,32,0,2,18,0,20,2,21,29,0,52,16,0,16,68
05/29/2013,EWN,NC,ASO,EN,Federal Contract Tower,0,27,2,0,29,0,0,37,2,39,0,27,39,2,68,58,50,108,176
05/30/2013,EWN,NC,ASO,EN,Federal Contract Tower,0,26,11,2,39,0,0,37,6,43,0,26,48,8,82,28,0,28,110
05/31/2013,EWN,NC,ASO,EN,Federal Contract Tower,24,6,0,0,30,0,0,46,0,46,24,6,46,0,76,22,0,22,98
06/01/2013,EWN,NC,ASO,EN,Federal Contract Tower,0,17,9,0,26,0,2,43,0,45,0,19,52,0,71,58,0,58,129
06/02/2013,EWN,NC,ASO,EN,Federal Contract Tower,0,19,18,0,37,0,10,36,0,46,0,29,54,0,83,36,0,36,119
06/03/2013,EWN,NC,ASO,EN,Federal Contract Tower,0,18,8,0,26,0,0,2,0,2,0,18,10,0,28,2,0,2,30
06/04/2013,EWN,NC,ASO,EN,Federal Contract Tower,0,27,12,0,39,0,0,13,4,17,0,27,25,4,56,30,0,30,86
06/05/2013,EWN,NC,ASO,EN,Federal Contract Tower,0,23,12,0,35,0,0,35,2,37,0,23,47,2,72,16,4,20,92
06/06/2013,EWN,NC,ASO,EN,Federal Contract Tower,0,25,15,0,40,0,0,8,2,10,0,25,23,2,50,20,0,20,70
06/07/2013,EWN,NC,ASO,EN,Federal Contract Tower,0,26,3,0,29,0,0,0,0,0,0,26,3,0,29,0,0,0,29
06/08/2013,EWN,NC,ASO,EN,Federal Contract Tower,0,17,12,0,29,0,0,42,0,42,0,17,54,0,71,54,0,54,125
06/09/2013,EWN,NC,ASO,EN,Federal Contract Tower,0,20,10,2,32,0,1,18,0,19,0,21,28,2,51,26,0,26,77
06/10/2013,EWN,NC,ASO,EN,Federal Contract Tower,0,22,7,0,29,0,0,18,0,18,0,22,25,0,47,62,30,92,139
06/11/2013,EWN,NC,ASO,EN,Federal Contract Tower,0,25,14,0,39,0,3,25,0,28,0,28,39,0,67,22,0,22,89
06/12/2013,EWN,NC,ASO,EN,Federal Contract Tower,0,27,2,4,33,0,4,53,4,61,0,31,55,8,94,56,12,68,162
06/13/2013,EWN,NC,ASO,EN,Federal Contract Tower,0,23,1,0,24,0,1,36,2,39,0,24,37,2,63,16,0,16,79
06/14/2013,EWN,NC,ASO,EN,Federal Contract Tower,0,33,16,0,49,0,2,58,0,60,0,35,74,0,109,84,0,84,193
06/15/2013,EWN,NC,ASO,EN,Federal Contract Tower,0,23,20,0,43,0,4,84,0,88,0,27,104,0,131,56,0,56,187
06/16/2013,EWN,NC,ASO,EN,Federal Contract Tower,0,22,39,0,61,0,0,34,0,34,0,22,73,0,95,28,0,28,123
06/17/2013,EWN,NC,ASO,EN,Federal Contract Tower,0,18,2,0,20,0,1,19,0,20,0,19,21,0,40,22,0,22,62
06/18/2013,EWN,NC,ASO,EN,Federal Contract Tower,0,25,10,2,37,0,3,3,0,6,0,28,13,2,43,0,22,22,65
06/19/2013,EWN,NC,ASO,EN,Federal Contract Tower,0,25,11,0,36,0,0,11,2,13,0,25,22,2,49,6,0,6,55
06/20/2013,EWN,NC,ASO,EN,Federal Contract Tower,0,24,11,0,35,0,0,19,0,19,0,24,30,0,54,40,10,50,104
06/21/2013,EWN,NC,ASO,EN,Federal Contract Tower,0,24,7,0,31,0,0,21,0,21,0,24,28,0,52,18,0,18,70
06/22/2013,EWN,NC,ASO,EN,Federal Contract Tower,1,20,21,0,42,0,0,1,0,1,1,20,22,0,43,0,0,0,43
06/23/2013,EWN,NC,ASO,EN,Federal Contract Tower,0,18,3,0,21,0,0,11,0,11,0,18,14,0,32,32,0,32,64
06/24/2013,EWN,NC,ASO,EN,Federal Contract Tower,0,22,6,2,30,0,2,21,0,23,0,24,27,2,53,18,10,28,81
06/25/2013,EWN,NC,ASO,EN,Federal Contract Tower,0,27,12,4,43,0,1,17,4,22,0,28,29,8,65,22,0,22,87
06/26/2013,EWN,NC,ASO,EN,Federal Contract Tower,0,24,10,2,36,0,0,24,2,26,0,24,34,4,62,10,0,10,72
06/27/2013,EWN,NC,ASO,EN,Federal Contract Tower,0,26,2,0,28,0,0,15,0,15,0,26,17,0,43,12,0,12,55
06/28/2013,EWN,NC,ASO,EN,Federal Contract Tower,0,19,16,2,37,0,0,26,2,28,0,19,42,4,65,14,0,14,79
06/29/2013,EWN,NC,ASO,EN,Federal Contract Tower,0,20,4,0,24,0,1,15,0,16,0,21,19,0,40,8,0,8,48
06/30/2013,EWN,NC,ASO,EN,Federal Contract Tower,0,16,6,0,22,0,0,9,0,9,0,16,15,0,31,0,0,0,31
07/01/2013,EWN,NC,ASO,EN,Federal Contract Tower,0,21,5,0,26,0,0,0,0,0,0,21,5,0,26,0,0,0,26
07/02/2013,EWN,NC,ASO,EN,Federal Contract Tower,0,31,5,4,40,0,0,5,2,7,0,31,10,6,47,10,0,10,57
07/03/2013,EWN,NC,ASO,EN,Federal Contract Tower,0,29,8,0,37,0,0,17,0,17,0,29,25,0,54,0,0,0,54
07/04/2013,EWN,NC,ASO,EN,Federal Contract Tower,0,14,3,0,17,0,0,24,0,24,0,14,27,0,41,6,0,6,47
07/05/2013,EWN,NC,ASO,EN,Federal Contract Tower,0,26,4,0,30,0,0,28,0,28,0,26,32,0,58,16,0,16,74
07/06/2013,EWN,NC,ASO,EN,Federal Contract Tower,0,23,13,0,36,0,0,38,0,38,0,23,51,0,74,32,0,32,106
07/07/2013,EWN,NC,ASO,EN,Federal Contract Tower,2,19,10,0,31,0,0,40,0,40,2,19,50,0,71,36,0,36,107
07/08/2013,EWN,NC,ASO,EN,Federal Contract Tower,0,22,18,4,44,0,0,11,2,13,0,22,29,6,57,10,0,10,67
07/09/2013,EWN,NC,ASO,EN,Federal Contract Tower,0,27,16,0,43,0,0,6,0,6,0,27,22,0,49,34,2,36,85
07/10/2013,EWN,NC,ASO,EN,Federal Contract Tower,0,30,13,0,43,0,1,20,0,21,0,31,33,0,64,14,0,14,78
07/11/2013,EWN,NC,ASO,EN,Federal Contract Tower,0,25,9,0,34,0,0,20,0,20,0,25,29,0,54,14,0,14,68
07/12/2013,EWN,NC,ASO,EN,Federal Contract Tower,0,32,37,10,79,0,0,5,0,5,0,32,42,10,84,0,3,3,87
07/13/2013,EWN,NC,ASO,EN,Federal Contract Tower,0,26,17,0,43,0,0,19,0,19,0,26,36,0,62,10,0,10,72
07/14/2013,EWN,NC,ASO,EN,Federal Contract Tower,0,27,23,2,52,0,9,30,3,42,0,36,53,5,94,20,0,20,114
07/15/2013,EWN,NC,ASO,EN,Federal Contract Tower,0,24,12,0,36,0,0,17,0,17,0,24,29,0,53,0,0,0,53
07/16/2013,EWN,NC,ASO,EN,Federal Contract Tower,0,30,15,0,45,0,2,18,0,20,0,32,33,0,65,18,50,68,133
07/17/2013,EWN,NC,ASO,EN,Federal Contract Tower,0,27,12,0,39,0,0,14,0,14,0,27,26,0,53,50,0,50,103
07/18/2013,EWN,NC,ASO,EN,Federal Contract Tower,0,27,7,0,34,0,1,21,4,26,0,28,28,4,60,38,20,58,118
07/19/2013,EWN,NC,ASO,EN,Federal Contract Tower,0,22,9,0,31,0,2,49,0,51,0,24,58,0,82,34,0,34,116
07/20/2013,EWN,NC,ASO,EN,Federal Contract Tower,0,23,5,2,30,0,0,33,0,33,0,23,38,2,63,28,0,28,91
07/21/2013,EWN,NC,ASO,EN,Federal Contract Tower,2,15,4,0,21,0,2,24,0,26,2,17,28,0,47,50,0,50,97
07/22/2013,EWN,NC,ASO,EN,Federal Contract Tower,0,20,12,0,32,0,2,9,0,11,0,22,21,0,43,18,2,20,63
07/23/2013,EWN,NC,ASO,EN,Federal Contract Tower,0,28,4,0,32,0,2,24,2,28,0,30,28,2,60,0,0,0,60
07/24/2013,EWN,NC,ASO,EN,Federal Contract Tower,0,27,10,0,37,0,0,44,0,44,0,27,54,0,81,46,0,46,127
07/25/2013,EWN,NC,ASO,EN,Federal Contract Tower,0,27,10,2,39,0,0,25,4,29,0,27,35,6,68,24,0,24,92
07/26/2013,EWN,NC,ASO,EN,Federal Contract Tower,0,26,10,4,40,0,0,44,0,44,0,26,54,4,84,54,0,54,138
07/27/2013,EWN,NC,ASO,EN,Federal Contract Tower,0,20,6,0,26,0,4,43,0,47,0,24,49,0,73,42,0,42,115
07/28/2013,EWN,NC,ASO,EN,Federal Contract Tower,2,17,9,0,28,0,0,13,0,13,2,17,22,0,41,18,0,18,59
07/29/2013,EWN,NC,ASO,EN,Federal Contract Tower,0,21,6,2,29,0,1,5,2,8,0,22,11,4,37,0,0,0,37
07/30/2013,EWN,NC,ASO,EN,Federal Contract Tower,0,28,12,0,40,0,0,17,0,17,0,28,29,0,57,16,24,40,97
07/31/2013,EWN,NC,ASO,EN,Federal Contract Tower,0,26,1,0,27,0,0,20,4,24,0,26,21,4,51,14,30,44,95
08/01/2013,EWN,NC,ASO,EN,Federal Contract Tower,0,29,4,6,39,0,0,12,0,12,0,29,16,6,51,14,18,32,83
08/02/2013,EWN,NC,ASO,EN,Federal Contract Tower,0,26,5,0,31,0,2,19,0,21,0,28,24,0,52,32,0,32,84
08/03/2013,EWN,NC,ASO,EN,Federal Contract Tower,0,22,5,2,29,0,2,27,0,29,0,24,32,2,58,58,0,58,116
08/04/2013,EWN,NC,ASO,EN,Federal Contract Tower,2,16,7,0,25,0,1,39,0,40,2,17,46,0,65,40,0,40,105
08/05/2013,EWN,NC,ASO,EN,Federal Contract Tower,0,23,8,0,31,0,4,32,2,38,0,27,40,2,69,56,16,72,141
08/06/2013,EWN,NC,ASO,EN,Federal Contract Tower,0,29,11,3,43,0,4,17,3,24,0,33,28,6,67,70,2,72,139
08/07/2013,EWN,NC,ASO,EN,Federal Contract Tower,0,27,3,4,34,0,0,22,2,24,0,27,25,6,58,44,10,54,112
08/08/2013,EWN,NC,ASO,EN,Federal Contract Tower,0,31,10,0,41,0,0,22,2,24,0,31,32,2,65,42,0,42,107
08/09/2013,EWN,NC,ASO,EN,Federal Contract Tower,0,31,17,0,48,0,8,29,0,37,0,39,46,0,85,38,0,38,123
08/10/2013,EWN,NC,ASO,EN,Federal Contract Tower,0,23,8,0,31,0,2,34,0,36,0,25,42,0,67,28,0,28,95
08/11/2013,EWN,NC,ASO,EN,Federal Contract Tower,2,17,4,0,23,0,4,30,0,34,2,21,34,0,57,46,0,46,103
08/12/2013,EWN,NC,ASO,EN,Federal Contract Tower,0,20,4,2,26,0,1,14,2,17,0,21,18,4,43,28,0,28,71
08/13/2013,EWN,NC,ASO,EN,Federal Contract Tower,0,27,9,0,36,0,6,12,0,18,0,33,21,0,54,14,26,40,94
08/14/2013,EWN,NC,ASO,EN,Federal Contract Tower,0,38,10,0,48,0,1,27,0,28,0,39,37,0,76,6,12,18,94
08/15/2013,EWN,NC,ASO,EN,Federal Contract Tower,0,29,7,0,36,0,0,0,6,6,0,29,7,6,42,16,62,78,120
08/16/2013,EWN,NC,ASO,EN,Federal Contract Tower,0,26,11,0,37,0,0,9,0,9,0,26,20,0,46,12,0,12,58
08/17/2013,EWN,NC,ASO,EN,Federal Contract Tower,0,22,9,0,31,0,0,0,0,0,0,22,9,0,31,0,0,0,31
08/18/2013,EWN,NC,ASO,EN,Federal Contract Tower,0,18,5,0,23,0,0,19,0,19,0,18,24,0,42,14,0,14,56
08/19/2013,EWN,NC,ASO,EN,Federal Contract Tower,0,22,5,1,28,0,0,5,0,5,0,22,10,1,33,0,0,0,33
08/20/2013,EWN,NC,ASO,EN,Federal Contract Tower,0,27,9,0,36,0,0,9,2,11,0,27,18,2,47,10,10,20,67
08/21/2013,EWN,NC,ASO,EN,Federal Contract Tower,0,23,7,0,30,0,0,17,10,27,0,23,24,10,57,34,78,112,169
08/22/2013,EWN,NC,ASO,EN,Federal Contract Tower,0,26,7,0,33,0,0,20,4,24,0,26,27,4,57,30,32,62,119
08/23/2013,EWN,NC,ASO,EN,Federal Contract Tower,0,25,14,0,39,0,0,23,0,23,0,25,37,0,62,0,0,0,62
08/24/2013,EWN,NC,ASO,EN,Federal Contract Tower,0,17,7,1,25,0,0,39,1,40,0,17,46,2,65,66,0,66,131
08/25/2013,EWN,NC,ASO,EN,Federal Contract Tower,0,16,5,0,21,0,0,42,2,44,0,16,47,2,65,92,0,92,157
08/26/2013,EWN,NC,ASO,EN,Federal Contract Tower,0,25,7,0,32,0,0,22,0,22,0,25,29,0,54,28,0,28,82
08/27/2013,EWN,NC,ASO,EN,Federal Contract Tower,0,25,6,0,31,0,0,33,2,35,0,25,39,2,66,36,0,36,102
08/28/2013,EWN,NC,ASO,EN,Federal Contract Tower,0,25,15,2,42,0,5,19,0,24,0,30,34,2,66,18,0,18,84
08/29/2013,EWN,NC,ASO,EN,Federal Contract Tower,0,26,13,3,42,0,6,11,1,18,0,32,24,4,60,18,0,18,78
08/30/2013,EWN,NC,ASO,EN,Federal Contract Tower,0,24,7,0,31,0,4,21,0,25,0,28,28,0,56,18,0,18,74
08/31/2013,EWN,NC,ASO,EN,Federal Contract Tower,0,16,1,0,17,0,5,31,0,36,0,21,32,0,53,16,0,16,69
09/01/2013,EWN,NC,ASO,EN,Federal Contract Tower,0,13,0,0,13,0,0,11,0,11,0,13,11,0,24,32,0,32,56
09/02/2013,EWN,NC,ASO,EN,Federal Contract Tower,0,19,6,0,25,0,2,7,0,9,0,21,13,0,34,34,0,34,68
09/03/2013,EWN,NC,ASO,EN,Federal Contract Tower,0,20,5,0,25,0,1,14,0,15,0,21,19,0,40,30,0,30,70
09/04/2013,EWN,NC,ASO,EN,Federal Contract Tower,0,22,13,0,35,0,0,16,2,18,0,22,29,2,53,36,0,36,89
09/05/2013,EWN,NC,ASO,EN,Federal Contract Tower,0,22,4,6,32,0,0,24,0,24,0,22,28,6,56,26,0,26,82
09/06/2013,EWN,NC,ASO,EN,Federal Contract Tower,0,24,10,0,34,0,2,28,1,31,0,26,38,1,65,8,0,8,73
09/07/2013,EWN,NC,ASO,EN,Federal Contract Tower,0,16,14,0,30,0,3,42,2,47,0,19,56,2,77,20,0,20,97
09/08/2013,EWN,NC,ASO,EN,Federal Contract Tower,0,18,6,0,24,0,6,29,4,39,0,24,35,4,63,24,0,24,87
09/09/2013,EWN,NC,ASO,EN,Federal Contract Tower,0,21,7,2,30,0,7,22,0,29,0,28,29,2,59,74,0,74,133
09/10/2013,EWN,NC,ASO,EN,Federal Contract Tower,0,22,5,1,28,0,1,21,3,25,0,23,26,4,53,34,0,34,87
09/11/2013,EWN,NC,ASO,EN,Federal Contract Tower,0,21,6,0,27,0,0,20,2,22,0,21,26,2,49,22,8,30,79
09/12/2013,EWN,NC,ASO,EN,Federal Contract Tower,0,23,2,1,26,0,0,23,3,26,0,23,25,4,52,32,12,44,96
09/13/2013,EWN,NC,ASO,EN,Federal Contract Tower,0,25,7,1,33,0,5,30,1,36,0,30,37,2,69,0,0,0,69
09/14/2013,EWN,NC,ASO,EN,Federal Contract Tower,0,19,2,0,21,0,2,42,0,44,0,21,44,0,65,12,0,12,77
09/15/2013,EWN,NC,ASO,EN,Federal Contract Tower,0,19,8,0,27,0,3,37,0,40,0,22,45,0,67,26,0,26,93
09/16/2013,EWN,NC,ASO,EN,Federal Contract Tower,0,19,1,0,20,0,1,13,4,18,0,20,14,4,38,44,12,56,94
09/17/2013,EWN,NC,ASO,EN,Federal Contract Tower,0,27,5,0,32,0,3,9,0,12,0,30,14,0,44,30,0,30,74
09/18/2013,EWN,NC,ASO,EN,Federal Contract Tower,0,23,8,0,31,0,0,26,2,28,0,23,34,2,59,40,20,60,119
09/19/2013,EWN,NC,ASO,EN,Federal Contract Tower,0,25,8,0,33,0,0,30,0,30,0,25,38,0,63,10,0,10,73
09/20/2013,EWN,NC,ASO,EN,Federal Contract Tower,0,25,10,2,37,0,4,35,0,39,0,29,45,2,76,0,0,0,76
09/21/2013,EWN,NC,ASO,EN,Federal Contract Tower,0,17,3,0,20,0,1,20,0,21,0,18,23,0,41,14,0,14,55
09/22/2013,EWN,NC,ASO,EN,Federal Contract Tower,0,18,16,0,34,0,0,3,0,3,0,18,19,0,37,2,0,2,39
09/23/2013,EWN,NC,ASO,EN,Federal Contract Tower,0,19,8,0,27,0,0,15,0,15,0,19,23,0,42,0,0,0,42
09/24/2013,EWN,NC,ASO,EN,Federal Contract Tower,0,23,9,2,34,0,0,22,4,26,0,23,31,6,60,0,46,46,106
09/25/2013,EWN,NC,ASO,EN,Federal Contract Tower,0,27,14,0,41,0,1,17,2,20,0,28,31,2,61,30,18,48,109
09/26/2013,EWN,NC,ASO,EN,Federal Contract Tower,0,24,7,4,35,0,0,26,2,28,0,24,33,6,63,22,14,36,99
09/27/2013,EWN,NC,ASO,EN,Federal Contract Tower,0,22,6,2,30,0,0,24,0,24,0,22,30,2,54,10,0,10,64
09/28/2013,EWN,NC,ASO,EN,Federal Contract Tower,0,18,3,0,21,0,5,48,0,53,0,23,51,0,74,18,0,18,92
09/29/2013,EWN,NC,ASO,EN,Federal Contract Tower,0,16,12,0,28,0,1,20,5,26,0,17,32,5,54,2,0,2,56
09/30/2013,EWN,NC,ASO,EN,Federal Contract Tower,0,19,0,0,19,0,1,30,0,31,0,20,30,0,50,40,0,40,90
10/01/2013,EWN,NC,ASO,EN,Federal Contract Tower,0,22,9,4,35,0,3,23,0,26,0,25,32,4,61,2,20,22,83
10/02/2013,EWN,NC,ASO,EN,Federal Contract Tower,0,25,7,2,34,0,0,36,0,36,0,25,43,2,70,24,0,24,94
10/03/2013,EWN,NC,ASO,EN,Federal Contract Tower,0,30,5,0,35,0,0,15,0,15,0,30,20,0,50,44,0,44,94
10/04/2013,EWN,NC,ASO,EN,Federal Contract Tower,0,22,3,0,25,0,6,19,0,25,0,28,22,0,50,22,0,22,72
10/05/2013,EWN,NC,ASO,EN,Federal Contract Tower,0,18,3,0,21,0,3,40,0,43,0,21,43,0,64,24,0,24,88
10/06/2013,EWN,NC,ASO,EN,Federal Contract Tower,0,18,7,0,25,0,7,16,0,23,0,25,23,0,48,10,0,10,58
10/07/2013,EWN,NC,ASO,EN,Federal Contract Tower,0,22,1,0,23,0,0,0,0,0,0,22,1,0,23,6,0,6,29
10/08/2013,EWN,NC,ASO,EN,Federal Contract Tower,0,23,9,4,36,0,0,0,0,0,0,23,9,4,36,0,0,0,36
10/09/2013,EWN,NC,ASO,EN,Federal Contract Tower,0,23,7,0,30,0,0,1,0,1,0,23,8,0,31,0,0,0,31
10/10/2013,EWN,NC,ASO,EN,Federal Contract Tower,0,23,6,0,29,0,0,0,0,0,0,23,6,0,29,0,0,0,29
10/11/2013,EWN,NC,ASO,EN,Federal Contract Tower,0,27,14,0,41,0,0,2,0,2,0,27,16,0,43,20,0,20,63
10/12/2013,EWN,NC,ASO,EN,Federal Contract Tower,0,16,10,0,26,0,0,14,0,14,0,16,24,0,40,46,0,46,86
10/13/2013,EWN,NC,ASO,EN,Federal Contract Tower,0,16,11,0,27,0,0,18,0,18,0,16,29,0,45,48,0,48,93
10/14/2013,EWN,NC,ASO,EN,Federal Contract Tower,0,22,22,0,44,0,0,12,0,12,0,22,34,0,56,40,0,40,96
10/15/2013,EWN,NC,ASO,EN,Federal Contract Tower,0,23,13,0,36,0,0,0,0,0,0,23,13,0,36,0,0,0,36
10/16/2013,EWN,NC,ASO,EN,Federal Contract Tower,0,33,14,6,53,0,0,10,20,30,0,33,24,26,83,30,0,30,113
10/17/2013,EWN,NC,ASO,EN,Federal Contract Tower,0,28,8,0,36,0,0,25,2,27,0,28,33,2,63,14,0,14,77
10/18/2013,EWN,NC,ASO,EN,Federal Contract Tower,0,22,8,0,30,0,0,20,0,20,0,22,28,0,50,6,0,6,56
10/19/2013,EWN,NC,ASO,EN,Federal Contract Tower,0,23,5,0,28,0,0,0,0,0,0,23,5,0,28,0,0,0,28
10/20/2013,EWN,NC,ASO,EN,Federal Contract Tower,0,17,14,0,31,0,1,41,0,42,0,18,55,0,73,80,0,80,153
10/21/2013,EWN,NC,ASO,EN,Federal Contract Tower,0,20,6,0,26,0,0,21,2,23,0,20,27,2,49,40,0,40,89
10/22/2013,EWN,NC,ASO,EN,Federal Contract Tower,0,23,9,0,32,0,0,11,0,11,0,23,20,0,43,28,0,28,71
10/23/2013,EWN,NC,ASO,EN,Federal Contract Tower,0,31,7,0,38,0,0,8,0,8,0,31,15,0,46,0,0,0,46
10/24/2013,EWN,NC,ASO,EN,Federal Contract Tower,0,25,3,0,28,0,2,32,4,38,0,27,35,4,66,26,22,48,114
10/25/2013,EWN,NC,ASO,EN,Federal Contract Tower,0,25,5,11,41,0,1,20,2,23,0,26,25,13,64,36,14,50,114
10/26/2013,EWN,NC,ASO,EN,Federal Contract Tower,0,17,2,0,19,0,0,39,0,39,0,17,41,0,58,22,0,22,80
10/27/2013,EWN,NC,ASO,EN,Federal Contract Tower,0,16,6,0,22,0,1,35,0,36,0,17,41,0,58,44,0,44,102
10/28/2013,EWN,NC,ASO,EN,Federal Contract Tower,0,20,5,0,25,0,0,18,2,20,0,20,23,2,45,34,18,52,97
10/29/2013,EWN,NC,ASO,EN,Federal Contract Tower,0,24,11,2,37,0,2,17,0,19,0,26,28,2,56,30,0,30,86
10/30/2013,EWN,NC,ASO,EN,Federal Contract Tower,0,25,6,5,36,0,0,25,5,30,0,25,31,10,66,18,24,42,108
10/31/2013,EWN,NC,ASO,EN,Federal Contract Tower,0,24,4,0,28,0,3,24,4,31,0,27,28,4,59,4,18,22,81
11/01/2013,EWN,NC,ASO,EN,Federal Contract Tower,0,22,9,0,31,0,0,32,4,36,0,22,41,4,67,50,0,50,117
11/02/2013,EWN,NC,ASO,EN,Federal Contract Tower,0,18,6,0,24,0,0,28,0,28,0,18,34,0,52,52,0,52,104
11/03/2013,EWN,NC,ASO,EN,Federal Contract Tower,0,15,21,0,36,0,1,35,0,36,0,16,56,0,72,22,0,22,94
11/04/2013,EWN,NC,ASO,EN,Federal Contract Tower,0,17,3,1,21,0,0,17,0,17,0,17,20,1,38,44,14,58,96
11/05/2013,EWN,NC,ASO,EN,Federal Contract Tower,0,25,6,2,33,0,0,30,0,30,0,25,36,2,63,44,0,44,107
11/06/2013,EWN,NC,ASO,EN,Federal Contract Tower,0,27,5,0,32,0,2,4,0,6,0,29,9,0,38,4,0,4,42
11/07/2013,EWN,NC,ASO,EN,Federal Contract Tower,0,27,11,0,38,0,0,13,0,13,0,27,24,0,51,6,0,6,57
11/08/2013,EWN,NC,ASO,EN,Federal Contract Tower,0,27,13,0,40,0,0,37,0,37,0,27,50,0,77,52,0,52,129
11/09/2013,EWN,NC,ASO,EN,Federal Contract Tower,0,19,10,0,29,0,0,39,0,39,0,19,49,0,68,40,0,40,108
11/10/2013,EWN,NC,ASO,EN,Federal Contract Tower,0,17,19,0,36,0,0,45,0,45,0,17,64,0,81,46,0,46,127
11/11/2013,EWN,NC,ASO,EN,Federal Contract Tower,0,23,4,0,27,0,2,37,0,39,0,25,41,0,66,48,0,48,114
11/12/2013,EWN,NC,ASO,EN,Federal Contract Tower,0,25,12,0,37,0,0,10,0,10,0,25,22,0,47,22,0,22,69
11/13/2013,EWN,NC,ASO,EN,Federal Contract Tower,3,23,7,2,35,0,1,17,7,25,3,24,24,9,60,0,4,4,64
11/14/2013,EWN,NC,ASO,EN,Federal Contract Tower,0,26,6,4,36,0,2,14,5,21,0,28,20,9,57,14,0,14,71
11/15/2013,EWN,NC,ASO,EN,Federal Contract Tower,0,26,15,0,41,0,0,29,0,29,0,26,44,0,70,46,0,46,116
11/16/2013,EWN,NC,ASO,EN,Federal Contract Tower,0,17,8,0,25,0,0,23,0,23,0,17,31,0,48,48,0,48,96
11/17/2013,EWN,NC,ASO,EN,Federal Contract Tower,0,17,5,0,22,0,0,16,0,16,0,17,21,0,38,36,0,36,74
11/18/2013,EWN,NC,ASO,EN,Federal Contract Tower,0,21,12,0,33,0,0,12,0,12,0,21,24,0,45,32,0,32,77
11/19/2013,EWN,NC,ASO,EN,Federal Contract Tower,0,25,7,10,42,0,1,13,0,14,0,26,20,10,56,32,0,32,88
11/20/2013,EWN,NC,ASO,EN,Federal Contract Tower,0,28,8,1,37,0,0,14,6,20,0,28,22,7,57,36,72,108,165
11/21/2013,EWN,NC,ASO,EN,Federal Contract Tower,0,28,12,4,44,0,1,21,6,28,0,29,33,10,72,20,70,90,162
11/22/2013,EWN,NC,ASO,EN,Federal Contract Tower,0,24,11,0,35,0,0,28,0,28,0,24,39,0,63,28,0,28,91
11/23/2013,EWN,NC,ASO,EN,Federal Contract Tower,0,19,17,0,36,0,0,2,0,2,0,19,19,0,38,0,0,0,38
11/24/2013,EWN,NC,ASO,EN,Federal Contract Tower,0,16,4,0,20,0,1,16,0,17,0,17,20,0,37,6,0,6,43
11/25/2013,EWN,NC,ASO,EN,Federal Contract Tower,0,19,9,0,28,0,0,16,0,16,0,19,25,0,44,44,30,74,118
11/26/2013,EWN,NC,ASO,EN,Federal Contract Tower,0,24,8,0,32,0,0,11,0,11,0,24,19,0,43,20,38,58,101
11/27/2013,EWN,NC,ASO,EN,Federal Contract Tower,0,26,0,0,26,0,0,2,2,4,0,26,2,2,30,0,4,4,34
11/28/2013,EWN,NC,ASO,EN,Federal Contract Tower,0,9,9,0,18,0,0,9,0,9,0,9,18,0,27,2,0,2,29
11/29/2013,EWN,NC,ASO,EN,Federal Contract Tower,0,20,3,0,23,0,2,34,0,36,0,22,37,0,59,26,0,26,85
11/30/2013,EWN,NC,ASO,EN,Federal Contract Tower,0,19,6,0,25,0,0,43,0,43,0,19,49,0,68,34,0,34,102
12/01/2013,EWN,NC,ASO,EN,Federal Contract Tower,0,15,8,0,23,0,2,26,0,28,0,17,34,0,51,68,0,68,119
12/02/2013,EWN,NC,ASO,EN,Federal Contract Tower,2,17,7,0,26,0,0,16,0,16,2,17,23,0,42,38,12,50,92
12/03/2013,EWN,NC,ASO,EN,Federal Contract Tower,0,28,14,0,42,0,2,24,0,26,0,30,38,0,68,92,0,92,160
12/04/2013,EWN,NC,ASO,EN,Federal Contract Tower,0,19,15,0,34,0,0,0,0,0,0,19,15,0,34,0,0,0,34
12/05/2013,EWN,NC,ASO,EN,Federal Contract Tower,0,23,13,2,38,0,0,22,4,26,0,23,35,6,64,26,48,74,138
12/06/2013,EWN,NC,ASO,EN,Federal Contract Tower,0,23,4,0,27,0,2,18,0,20,0,25,22,0,47,36,8,44,91
12/07/2013,EWN,NC,ASO,EN,Federal Contract Tower,0,14,5,0,19,0,0,1,0,1,0,14,6,0,20,0,0,0,20
12/08/2013,EWN,NC,ASO,EN,Federal Contract Tower,0,16,1,0,17,0,0,0,0,0,0,16,1,0,17,0,0,0,17
12/09/2013,EWN,NC,ASO,EN,Federal Contract Tower,0,18,13,8,39,0,0,9,0,9,0,18,22,8,48,30,0,30,78
12/10/2013,EWN,NC,ASO,EN,Federal Contract Tower,0,24,8,0,32,0,0,2,0,2,0,24,10,0,34,0,0,0,34
12/11/2013,EWN,NC,ASO,EN,Federal Contract Tower,0,21,10,0,31,0,1,26,2,29,0,22,36,2,60,46,0,46,106
12/12/2013,EWN,NC,ASO,EN,Federal Contract Tower,0,23,7,0,30,0,1,20,4,25,0,24,27,4,55,66,0,66,121
12/13/2013,EWN,NC,ASO,EN,Federal Contract Tower,0,21,10,2,33,0,2,38,8,48,0,23,48,10,81,56,44,100,181
12/14/2013,EWN,NC,ASO,EN,Federal Contract Tower,0,14,2,0,16,0,0,12,0,12,0,14,14,0,28,0,0,0,28
12/15/2013,EWN,NC,ASO,EN,Federal Contract Tower,0,16,13,0,29,0,0,8,0,8,0,16,21,0,37,20,0,20,57
12/16/2013,EWN,NC,ASO,EN,Federal Contract Tower,0,19,10,0,29,0,2,21,5,28,0,21,31,5,57,8,22,30,87
12/17/2013,EWN,NC,ASO,EN,Federal Contract Tower,0,24,10,0,34,0,2,21,2,25,0,26,31,2,59,60,10,70,129
12/18/2013,EWN,NC,ASO,EN,Federal Contract Tower,0,24,10,0,34,0,0,25,0,25,0,24,35,0,59,34,0,34,93
12/19/2013,EWN,NC,ASO,EN,Federal Contract Tower,0,28,5,0,33,0,0,26,0,26,0,28,31,0,59,18,0,18,77
12/20/2013,EWN,NC,ASO,EN,Federal Contract Tower,2,24,9,0,35,0,6,28,0,34,2,30,37,0,69,34,6,40,109
12/21/2013,EWN,NC,ASO,EN,Federal Contract Tower,0,22,6,0,28,0,1,29,0,30,0,23,35,0,58,50,0,50,108
12/22/2013,EWN,NC,ASO,EN,Federal Contract Tower,0,18,15,0,33,0,0,16,0,16,0,18,31,0,49,50,0,50,99
12/23/2013,EWN,NC,ASO,EN,Federal Contract Tower,0,22,4,0,26,0,0,0,0,0,0,22,4,0,26,0,0,0,26
12/24/2013,EWN,NC,ASO,EN,Federal Contract Tower,0,23,11,0,34,0,2,3,0,5,0,25,14,0,39,0,0,0,39
12/25/2013,EWN,NC,ASO,EN,Federal Contract Tower,1,14,1,0,16,0,1,9,0,10,1,15,10,0,26,8,0,8,34
12/26/2013,EWN,NC,ASO,EN,Federal Contract Tower,0,23,9,0,32,0,0,4,0,4,0,23,13,0,36,0,0,0,36
12/27/2013,EWN,NC,ASO,EN,Federal Contract Tower,0,23,10,0,33,0,10,27,1,38,0,33,37,1,71,48,0,48,119
12/28/2013,EWN,NC,ASO,EN,Federal Contract Tower,0,21,11,0,32,0,3,44,0,47,0,24,55,0,79,78,0,78,157
12/29/2013,EWN,NC,ASO,EN,Federal Contract Tower,0,18,1,0,19,0,0,0,0,0,0,18,1,0,19,6,0,6,25
12/30/2013,EWN,NC,ASO,EN,Federal Contract Tower,0,21,10,2,33,0,4,11,2,17,0,25,21,4,50,26,12,38,88
12/31/2013,EWN,NC,ASO,EN,Federal Contract Tower,0,23,6,0,29,0,1,14,0,15,0,24,20,0,44,4,0,4,48
01/01/2014,EWN,NC,ASO,EN,Federal Contract Tower,0,15,5,0,20,0,0,7,0,7,0,15,12,0,27,0,0,0,27
01/02/2014,EWN,NC,ASO,EN,Federal Contract Tower,0,25,22,0,47,0,0,0,0,0,0,25,22,0,47,0,0,0,47
01/03/2014,EWN,NC,ASO,EN,Federal Contract Tower,0,24,2,0,26,0,2,11,0,13,0,26,13,0,39,0,0,0,39
01/04/2014,EWN,NC,ASO,EN,Federal Contract Tower,0,22,6,0,28,0,0,36,0,36,0,22,42,0,64,34,0,34,98
01/05/2014,EWN,NC,ASO,EN,Federal Contract Tower,0,17,12,0,29,0,0,10,0,10,0,17,22,0,39,10,0,10,49
01/06/2014,EWN,NC,ASO,EN,Federal Contract Tower,0,18,2,0,20,0,0,0,0,0,0,18,2,0,20,4,0,4,24
01/07/2014,EWN,NC,ASO,EN,Federal Contract Tower,0,25,3,0,28,0,1,5,6,12,0,26,8,6,40,14,62,76,116
01/08/2014,EWN,NC,ASO,EN,Federal Contract Tower,0,21,8,0,29,0,0,23,4,27,0,21,31,4,56,16,8,24,80
01/09/2014,EWN,NC,ASO,EN,Federal Contract Tower,0,26,5,12,43,0,0,23,2,25,0,26,28,14,68,36,8,44,112
01/10/2014,EWN,NC,ASO,EN,Federal Contract Tower,0,20,9,2,31,0,5,27,0,32,0,25,36,2,63,10,0,10,73
01/11/2014,EWN,NC,ASO,EN,Federal Contract Tower,0,14,0,0,14,0,0,0,0,0,0,14,0,0,14,0,0,0,14
01/12/2014,EWN,NC,ASO,EN,Federal Contract Tower,0,16,9,1,26,0,0,29,0,29,0,16,38,1,55,50,0,50,105
01/13/2014,EWN,NC,ASO,EN,Federal Contract Tower,0,19,13,2,34,0,2,18,0,20,0,21,31,2,54,16,0,16,70
01/14/2014,EWN,NC,ASO,EN,Federal Contract Tower,0,22,15,0,37,0,0,1,2,3,0,22,16,2,40,0,8,8,48
01/15/2014,EWN,NC,ASO,EN,Federal Contract Tower,0,20,3,0,23,0,0,17,2,19,0,20,20,2,42,28,0,28,70
01/16/2014,EWN,NC,ASO,EN,Federal Contract Tower,0,24,7,0,31,0,0,5,0,5,0,24,12,0,36,6,0,6,42
01/17/2014,EWN,NC,ASO,EN,Federal Contract Tower,0,21,5,2,28,0,3,21,0,24,0,24,26,2,52,12,0,12,64
01/18/2014,EWN,NC,ASO,EN,Federal Contract Tower,0,21,5,0,26,0,2,29,0,31,0,23,34,0,57,26,0,26,83
01/19/2014,EWN,NC,ASO,EN,Federal Contract Tower,0,17,7,0,24,0,0,20,0,20,0,17,27,0,44,26,0,26,70
01/20/2014,EWN,NC,ASO,EN,Federal Contract Tower,0,18,4,0,22,0,2,35,2,39,0,20,39,2,61,116,2,118,179
01/21/2014,EWN,NC,ASO,EN,Federal Contract Tower,0,25,6,0,31,0,0,20,3,23,0,25,26,3,54,32,26,58,112
01/22/2014,EWN,NC,ASO,EN,Federal Contract Tower,0,22,3,2,27,0,0,8,6,14,0,22,11,8,41,46,64,110,151
01/23/2014,EWN,NC,ASO,EN,Federal Contract Tower,0,23,10,2,35,0,0,23,0,23,0,23,33,2,58,12,0,12,70
01/24/2014,EWN,NC,ASO,EN,Federal Contract Tower,0,21,13,2,36,0,2,19,0,21,0,23,32,2,57,28,20,48,105
01/25/2014,EWN,NC,ASO,EN,Federal Contract Tower,0,17,2,0,19,0,1,29,0,30,0,18,31,0,49,10,0,10,59
01/26/2014,EWN,NC,ASO,EN,Federal Contract Tower,0,15,4,0,19,0,2,28,0,30,0,17,32,0,49,30,0,30,79
01/27/2014,EWN,NC,ASO,EN,Federal Contract Tower,0,15,10,0,25,0,3,15,0,18,0,18,25,0,43,34,20,54,97
01/28/2014,EWN,NC,ASO,EN,Federal Contract Tower,0,15,2,0,17,0,0,2,0,2,0,15,4,0,19,22,0,22,41
01/29/2014,EWN,NC,ASO,EN,Federal Contract Tower,0,0,0,0,0,0,0,1,0,1,0,0,1,0,1,6,0,6,7
01/30/2014,EWN,NC,ASO,EN,Federal Contract Tower,0,1,0,0,1,0,0,1,0,1,0,1,1,0,2,0,0,0,2
01/31/2014,EWN,NC,ASO,EN,Federal Contract Tower,0,22,12,2,36,0,1,31,0,32,0,23,43,2,68,42,0,42,110
02/01/2014,EWN,NC,ASO,EN,Federal Contract Tower,0,14,19,0,33,0,0,19,0,19,0,14,38,0,52,32,4,36,88
02/02/2014,EWN,NC,ASO,EN,Federal Contract Tower,0,15,9,0,24,0,0,25,0,25,0,15,34,0,49,40,0,40,89
02/03/2014,EWN,NC,ASO,EN,Federal Contract Tower,0,17,4,0,21,0,0,2,7,9,0,17,6,7,30,16,12,28,58
02/04/2014,EWN,NC,ASO,EN,Federal Contract Tower,0,23,10,0,33,0,0,1,0,1,0,23,11,0,34,0,0,0,34
02/05/2014,EWN,NC,ASO,EN,Federal Contract Tower,0,21,0,0,21,0,0,0,0,0,0,21,0,0,21,0,0,0,21
02/06/2014,EWN,NC,ASO,EN,Federal Contract Tower,0,25,12,0,37,0,0,27,2,29,0,25,39,2,66,54,0,54,120
02/07/2014,EWN,NC,ASO,EN,Federal Contract Tower,0,22,4,12,38,0,3,25,0,28,0,25,29,12,66,38,0,38,104
02/08/2014,EWN,NC,ASO,EN,Federal Contract Tower,0,18,5,0,23,0,0,5,0,5,0,18,10,0,28,0,0,0,28
02/09/2014,EWN,NC,ASO,EN,Federal Contract Tower,0,16,3,0,19,0,2,44,0,46,0,18,47,0,65,62,0,62,127
02/10/2014,EWN,NC,ASO,EN,Federal Contract Tower,0,20,5,0,25,0,0,20,0,20,0,20,25,0,45,48,10,58,103
02/11/2014,EWN,NC,ASO,EN,Federal Contract Tower,0,9,2,0,11,0,0,0,0,0,0,9,2,0,11,0,0,0,11
02/12/2014,EWN,NC,ASO,EN,Federal Contract Tower,0,1,0,0,1,0,0,0,0,0,0,1,0,0,1,0,0,0,1
02/13/2014,EWN,NC,ASO,EN,Federal Contract Tower,0,3,6,0,9,0,0,0,0,0,0,3,6,0,9,0,0,0,9
02/14/2014,EWN,NC,ASO,EN,Federal Contract Tower,0,24,8,0,32,0,0,17,2,19,0,24,25,2,51,0,10,10,61
02/15/2014,EWN,NC,ASO,EN,Federal Contract Tower,0,18,2,0,20,0,2,3,0,5,0,20,5,0,25,0,0,0,25
02/16/2014,EWN,NC,ASO,EN,Federal Contract Tower,0,15,4,0,19,0,1,30,0,31,0,16,34,0,50,56,0,56,106
02/17/2014,EWN,NC,ASO,EN,Federal Contract Tower,0,20,10,0,30,0,0,31,0,31,0,20,41,0,61,50,0,50,111
02/18/2014,EWN,NC,ASO,EN,Federal Contract Tower,0,25,8,2,35,0,3,19,6,28,0,28,27,8,63,32,16,48,111
02/19/2014,EWN,NC,ASO,EN,Federal Contract Tower,0,22,7,0,29,0,0,10,0,10,0,22,17,0,39,2,0,2,41
02/20/2014,EWN,NC,ASO,EN,Federal Contract Tower,0,24,7,6,37,0,2,27,0,29,0,26,34,6,66,26,0,26,92
02/21/2014,EWN,NC,ASO,EN,Federal Contract Tower,0,20,7,0,27,0,0,4,0,4,0,20,11,0,31,10,0,10,41
02/22/2014,EWN,NC,ASO,EN,Federal Contract Tower,0,15,13,0,28,0,0,45,0,45,0,15,58,0,73,34,0,34,107
02/23/2014,EWN,NC,ASO,EN,Federal Contract Tower,0,16,6,0,22,0,2,37,0,39,0,18,43,0,61,52,0,52,113
02/24/2014,EWN,NC,ASO,EN,Federal Contract Tower,0,17,8,0,25,0,1,12,0,13,0,18,20,0,38,36,0,36,74
02/25/2014,EWN,NC,ASO,EN,Federal Contract Tower,0,23,17,0,40,0,0,24,0,24,0,23,41,0,64,34,0,34,98
02/26/2014,EWN,NC,ASO,EN,Federal Contract Tower,0,22,10,0,32,0,0,6,0,6,0,22,16,0,38,22,0,22,60
02/27/2014,EWN,NC,ASO,EN,Federal Contract Tower,0,25,23,0,48,0,0,22,2,24,0,25,45,2,72,38,0,38,110
02/28/2014,EWN,NC,ASO,EN,Federal Contract Tower,0,28,2,0,30,0,1,33,2,36,0,29,35,2,66,22,10,32,98
03/01/2014,EWN,NC,ASO,EN,Federal Contract Tower,0,18,9,0,27,0,4,10,0,14,0,22,19,0,41,12,0,12,53
03/02/2014,EWN,NC,ASO,EN,Federal Contract Tower,0,17,8,0,25,0,2,33,0,35,0,19,41,0,60,74,0,74,134
03/03/2014,EWN,NC,ASO,EN,Federal Contract Tower,0,16,6,0,22,0,0,1,0,1,0,16,7,0,23,32,0,32,55
03/04/2014,EWN,NC,ASO,EN,Federal Contract Tower,0,24,10,0,34,0,0,2,0,2,0,24,12,0,36,0,0,0,36
03/05/2014,EWN,NC,ASO,EN,Federal Contract Tower,0,20,17,0,37,0,0,4,0,4,0,20,21,0,41,8,0,8,49
03/06/2014,EWN,NC,ASO,EN,Federal Contract Tower,0,19,7,0,26,0,0,1,0,1,0,19,8,0,27,18,0,18,45
03/07/2014,EWN,NC,ASO,EN,Federal Contract Tower,0,14,9,0,23,0,0,2,0,2,0,14,11,0,25,8,0,8,33
03/08/2014,EWN,NC,ASO,EN,Federal Contract Tower,0,15,6,0,21,0,0,44,2,46,0,15,50,2,67,94,10,104,171
03/09/2014,EWN,NC,ASO,EN,Federal Contract Tower,0,14,5,0,19,0,4,36,0,40,0,18,41,0,59,96,0,96,155
03/10/2014,EWN,NC,ASO,EN,Federal Contract Tower,0,16,7,0,23,0,2,22,3,27,0,18,29,3,50,78,0,78,128
03/11/2014,EWN,NC,ASO,EN,Federal Contract Tower,0,22,11,0,33,0,1,8,2,11,0,23,19,2,44,56,0,56,100
03/12/2014,EWN,NC,ASO,EN,Federal Contract Tower,0,21,9,4,34,0,1,23,2,26,0,22,32,6,60,56,36,92,152
03/13/2014,EWN,NC,ASO,EN,Federal Contract Tower,0,21,7,0,28,0,1,14,0,15,0,22,21,0,43,30,0,30,73
03/14/2014,EWN,NC,ASO,EN,Federal Contract Tower,0,20,6,1,27,0,2,44,0,46,0,22,50,1,73,66,0,66,139
03/15/2014,EWN,NC,ASO,EN,Federal Contract Tower,0,14,6,0,20,0,0,41,0,41,0,14,47,0,61,58,0,58,119
03/16/2014,EWN,NC,ASO,EN,Federal Contract Tower,0,12,5,2,19,0,0,17,0,17,0,12,22,2,36,56,0,56,92
03/17/2014,EWN,NC,ASO,EN,Federal Contract Tower,0,13,7,0,20,0,0,2,0,2,0,13,9,0,22,6,0,6,28
03/18/2014,EWN,NC,ASO,EN,Federal Contract Tower,0,19,7,0,26,0,0,0,0,0,0,19,7,0,26,0,0,0,26
03/19/2014,EWN,NC,ASO,EN,Federal Contract Tower,0,23,15,4,42,0,0,0,0,0,0,23,15,4,42,0,0,0,42
03/20/2014,EWN,NC,ASO,EN,Federal Contract Tower,0,23,9,2,34,0,0,15,28,43,0,23,24,30,77,24,0,24,101
03/21/2014,EWN,NC,ASO,EN,Federal Contract Tower,0,23,8,2,33,0,3,34,2,39,0,26,42,4,72,52,18,70,142
03/22/2014,EWN,NC,ASO,EN,Federal Contract Tower,0,14,1,0,15,0,4,35,0,39,0,18,36,0,54,34,0,34,88
03/23/2014,EWN,NC,ASO,EN,Federal Contract Tower,0,12,10,0,22,0,2,7,0,9,0,14,17,0,31,50,0,50,81
03/24/2014,EWN,NC,ASO,EN,Federal Contract Tower,0,16,5,0,21,0,2,19,2,23,0,18,24,2,44,94,14,108,152
03/25/2014,EWN,NC,ASO,EN,Federal Contract Tower,0,22,22,0,44,0,0,4,0,4,0,22,26,0,48,18,0,18,66
03/26/2014,EWN,NC,ASO,EN,Federal Contract Tower,0,25,9,4,38,0,0,23,0,23,0,25,32,4,61,28,0,28,89
03/27/2014,EWN,NC,ASO,EN,Federal Contract Tower,0,22,18,2,42,0,0,24,2,26,0,22,42,4,68,64,38,102,170
03/28/2014,EWN,NC,ASO,EN,Federal Contract Tower,0,15,6,0,21,0,4,13,2,19,0,19,19,2,40,20,24,44,84
03/29/2014,EWN,NC,ASO,EN,Federal Contract Tower,0,14,0,0,14,0,0,0,0,0,0,14,0,0,14,0,0,0,14
03/30/2014,EWN,NC,ASO,EN,Federal Contract Tower,0,15,3,0,18,0,3,9,0,12,0,18,12,0,30,42,0,42,72
03/31/2014,EWN,NC,ASO,EN,Federal Contract Tower,0,18,4,0,22,0,4,14,2,20,0,22,18,2,42,16,12,28,70
04/01/2014,EWN,NC,ASO,EN,Federal Contract Tower,0,24,16,0,40,0,1,27,0,28,0,25,43,0,68,76,0,76,144
04/02/2014,EWN,NC,ASO,EN,Federal Contract Tower,0,23,3,2,28,0,0,40,0,40,0,23,43,2,68,68,16,84,152
04/03/2014,EWN,NC,ASO,EN,Federal Contract Tower,0,21,9,0,30,0,5,28,0,33,0,26,37,0,63,38,0,38,101
04/04/2014,EWN,NC,ASO,EN,Federal Contract Tower,2,22,5,0,29,0,0,24,0,24,2,22,29,0,53,36,0,36,89
04/05/2014,EWN,NC,ASO,EN,Federal Contract Tower,0,16,4,0,20,0,3,54,0,57,0,19,58,0,77,0,0,0,77
04/06/2014,EWN,NC,ASO,EN,Federal Contract Tower,0,15,12,0,27,0,1,32,0,33,0,16,44,0,60,16,0,16,76
04/07/2014,EWN,NC,ASO,EN,Federal Contract Tower,0,14,8,0,22,0,0,2,4,6,0,14,10,4,28,18,20,38,66
04/08/2014,EWN,NC,ASO,EN,Federal Contract Tower,0,24,14,0,38,0,0,4,0,4,0,24,18,0,42,14,0,14,56
04/09/2014,EWN,NC,ASO,EN,Federal Contract Tower,0,20,13,0,33,0,0,40,0,40,0,20,53,0,73,42,0,42,115
04/10/2014,EWN,NC,ASO,EN,Federal Contract Tower,0,21,13,1,35,0,0,38,4,42,0,21,51,5,77,104,42,146,223
04/11/2014,EWN,NC,ASO,EN,Federal Contract Tower,2,18,19,2,41,0,5,29,0,34,2,23,48,2,75,64,0,64,139
04/12/2014,EWN,NC,ASO,EN,Federal Contract Tower,0,16,6,0,22,0,9,63,0,72,0,25,69,0,94,20,0,20,114
04/13/2014,EWN,NC,ASO,EN,Federal Contract Tower,0,15,8,0,23,0,1,38,0,39,0,16,46,0,62,42,0,42,104
04/14/2014,EWN,NC,ASO,EN,Federal Contract Tower,0,16,4,0,20,0,2,15,4,21,0,18,19,4,41,56,2,58,99
04/15/2014,EWN,NC,ASO,EN,Federal Contract Tower,0,20,6,0,26,0,0,3,0,3,0,20,9,0,29,0,0,0,29
04/16/2014,EWN,NC,ASO,EN,Federal Contract Tower,0,23,8,2,33,0,0,24,0,24,0,23,32,2,57,0,0,0,57
04/17/2014,EWN,NC,ASO,EN,Federal Contract Tower,0,23,7,0,30,0,0,31,0,31,0,23,38,0,61,46,0,46,107
04/18/2014,EWN,NC,ASO,EN,Federal Contract Tower,2,21,10,0,33,0,0,25,0,25,2,21,35,0,58,44,0,44,102
04/19/2014,EWN,NC,ASO,EN,Federal Contract Tower,0,13,9,0,22,0,0,0,0,0,0,13,9,0,22,0,0,0,22
04/20/2014,EWN,NC,ASO,EN,Federal Contract Tower,0,16,7,0,23,0,0,0,0,0,0,16,7,0,23,0,0,0,23
04/21/2014,EWN,NC,ASO,EN,Federal Contract Tower,0,20,12,0,32,0,0,24,2,26,0,20,36,2,58,52,6,58,116
04/22/2014,EWN,NC,ASO,EN,Federal Contract Tower,0,22,9,4,35,0,0,19,2,21,0,22,28,6,56,56,6,62,118
04/23/2014,EWN,NC,ASO,EN,Federal Contract Tower,0,30,20,2,52,0,0,53,0,53,0,30,73,2,105,62,0,62,167
04/24/2014,EWN,NC,ASO,EN,Federal Contract Tower,0,24,13,0,37,0,0,27,6,33,0,24,40,6,70,62,12,74,144
04/25/2014,EWN,NC,ASO,EN,Federal Contract Tower,0,21,4,0,25,0,0,16,0,16,0,21,20,0,41,46,0,46,87
04/26/2014,EWN,NC,ASO,EN,Federal Contract Tower,0,18,17,0,35,0,0,44,0,44,0,18,61,0,79,58,0,58,137
04/27/2014,EWN,NC,ASO,EN,Federal Contract Tower,0,16,13,0,29,0,0,27,0,27,0,16,40,0,56,16,0,16,72
04/28/2014,EWN,NC,ASO,EN,Federal Contract Tower,0,18,17,2,37,0,0,9,2,11,0,18,26,4,48,30,0,30,78
04/29/2014,EWN,NC,ASO,EN,Federal Contract Tower,0,21,11,0,32,0,0,0,0,0,0,21,11,0,32,0,0,0,32
04/30/2014,EWN,NC,ASO,EN,Federal Contract Tower,0,23,0,4,27,0,0,0,0,0,0,23,0,4,27,0,0,0,27
05/01/2014,EWN,NC,ASO,EN,Federal Contract Tower,0,21,0,0,21,0,0,13,2,15,0,21,13,2,36,10,0,10,46
05/02/2014,EWN,NC,ASO,EN,Federal Contract Tower,4,19,3,4,30,0,0,29,2,31,4,19,32,6,61,44,6,50,111
05/03/2014,EWN,NC,ASO,EN,Federal Contract Tower,0,14,8,0,22,0,0,44,0,44,0,14,52,0,66,42,0,42,108
05/04/2014,EWN,NC,ASO,EN,Federal Contract Tower,0,16,4,0,20,0,0,23,0,23,0,16,27,0,43,34,0,34,77
05/05/2014,EWN,NC,ASO,EN,Federal Contract Tower,0,19,20,0,39,0,3,28,0,31,0,22,48,0,70,30,0,30,100
05/06/2014,EWN,NC,ASO,EN,Federal Contract Tower,0,31,32,0,63,0,0,33,0,33,0,31,65,0,96,4,0,4,100
05/07/2014,EWN,NC,ASO,EN,Federal Contract Tower,0,26,26,0,52,0,0,29,0,29,0,26,55,0,81,20,0,20,101
05/08/2014,EWN,NC,ASO,EN,Federal Contract Tower,0,22,18,3,43,0,1,35,1,37,0,23,53,4,80,22,0,22,102
05/09/2014,EWN,NC,ASO,EN,Federal Contract Tower,3,21,4,2,30,0,0,31,2,33,3,21,35,4,63,48,0,48,111
05/10/2014,EWN,NC,ASO,EN,Federal Contract Tower,0,10,6,0,16,0,3,36,0,39,0,13,42,0,55,40,0,40,95
05/11/2014,EWN,NC,ASO,EN,Federal Contract Tower,0,15,6,0,21,0,1,25,0,26,0,16,31,0,47,12,0,12,59
05/12/2014,EWN,NC,ASO,EN,Federal Contract Tower,0,15,11,0,26,0,2,13,0,15,0,17,24,0,41,0,0,0,41
05/13/2014,EWN,NC,ASO,EN,Federal Contract Tower,0,23,7,0,30,0,0,12,0,12,0,23,19,0,42,12,0,12,54
05/14/2014,EWN,NC,ASO,EN,Federal Contract Tower,0,22,12,0,34,0,0,34,0,34,0,22,46,0,68,52,0,52,120
05/15/2014,EWN,NC,ASO,EN,Federal Contract Tower,0,21,3,0,24,0,0,18,0,18,0,21,21,0,42,2,0,2,44
05/16/2014,EWN,NC,ASO,EN,Federal Contract Tower,2,26,10,0,38,0,0,4,0,4,2,26,14,0,42,0,0,0,42
05/17/2014,EWN,NC,ASO,EN,Federal Contract Tower,2,20,10,0,32,0,0,42,0,42,2,20,52,0,74,14,0,14,88
05/18/2014,EWN,NC,ASO,EN,Federal Contract Tower,0,17,5,3,25,0,2,23,1,26,0,19,28,4,51,64,0,64,115
05/19/2014,EWN,NC,ASO,EN,Federal Contract Tower,0,21,6,0,27,0,0,31,2,33,0,21,37,2,60,8,0,8,68
05/20/2014,EWN,NC,ASO,EN,Federal Contract Tower,0,29,14,0,43,0,0,31,6,37,0,29,45,6,80,26,28,54,134
05/21/2014,EWN,NC,ASO,EN,Federal Contract Tower,0,25,6,1,32,0,0,21,1,22,0,25,27,2,54,24,0,24,78
05/22/2014,EWN,NC,ASO,EN,Federal Contract Tower,0,27,9,0,36,0,0,22,0,22,0,27,31,0,58,8,0,8,66
05/23/2014,EWN,NC,ASO,EN,Federal Contract Tower,0,26,22,2,50,0,1,41,0,42,0,27,63,2,92,34,0,34,126
05/24/2014,EWN,NC,ASO,EN,Federal Contract Tower,0,17,6,0,23,0,0,52,0,52,0,17,58,0,75,24,0,24,99
05/25/2014,EWN,NC,ASO,EN,Federal Contract Tower,0,12,5,0,17,0,2,30,0,32,0,14,35,0,49,42,0,42,91
05/26/2014,EWN,NC,ASO,EN,Federal Contract Tower,0,13,7,0,20,0,1,31,0,32,0,14,38,0,52,36,0,36,88
05/27/2014,EWN,NC,ASO,EN,Federal Contract Tower,0,25,8,0,33,0,1,19,0,20,0,26,27,0,53,2,0,2,55
05/28/2014,EWN,NC,ASO,EN,Federal Contract Tower,0,22,5,0,27,0,0,26,0,26,0,22,31,0,53,22,0,22,75
05/29/2014,EWN,NC,ASO,EN,Federal Contract Tower,0,19,6,8,33,0,1,21,0,22,0,20,27,8,55,48,0,48,103
05/30/2014,EWN,NC,ASO,EN,Federal Contract Tower,0,18,12,1,31,0,0,19,0,19,0,18,31,1,50,22,0,22,72
05/31/2014,EWN,NC,ASO,EN,Federal Contract Tower,13,1,0,0,14,0,0,178,0,178,13,1,178,0,192,34,0,34,226
06/01/2014,EWN,NC,ASO,EN,Federal Contract Tower,0,15,8,0,23,0,0,38,0,38,0,15,46,0,61,46,0,46,107
06/02/2014,EWN,NC,ASO,EN,Federal Contract Tower,0,17,9,0,26,0,0,25,0,25,0,17,34,0,51,0,2,2,53
06/03/2014,EWN,NC,ASO,EN,Federal Contract Tower,0,22,4,0,26,0,0,26,0,26,0,22,30,0,52,8,11,19,71
06/04/2014,EWN,NC,ASO,EN,Federal Contract Tower,0,26,6,0,32,0,0,26,0,26,0,26,32,0,58,26,0,26,84
06/05/2014,EWN,NC,ASO,EN,Federal Contract Tower,0,20,4,0,24,0,0,10,0,10,0,20,14,0,34,0,0,0,34
06/06/2014,EWN,NC,ASO,EN,Federal Contract Tower,0,20,4,6,30,0,0,15,0,15,0,20,19,6,45,16,2,18,63
06/07/2014,EWN,NC,ASO,EN,Federal Contract Tower,0,16,4,0,20,0,0,22,0,22,0,16,26,0,42,28,0,28,70
06/08/2014,EWN,NC,ASO,EN,Federal Contract Tower,0,18,21,0,39,0,0,30,0,30,0,18,51,0,69,22,0,22,91
06/09/2014,EWN,NC,ASO,EN,Federal Contract Tower,0,15,5,0,20,0,0,13,0,13,0,15,18,0,33,2,4,6,39
06/10/2014,EWN,NC,ASO,EN,Federal Contract Tower,0,22,6,0,28,0,1,8,2,11,0,23,14,2,39,10,0,10,49
06/11/2014,EWN,NC,ASO,EN,Federal Contract Tower,0,20,6,0,26,0,0,17,2,19,0,20,23,2,45,2,0,2,47
06/12/2014,EWN,NC,ASO,EN,Federal Contract Tower,0,23,5,0,28,0,0,5,0,5,0,23,10,0,33,2,24,26,59
06/13/2014,EWN,NC,ASO,EN,Federal Contract Tower,0,35,21,2,58,0,0,27,0,27,0,35,48,2,85,24,0,24,109
06/14/2014,EWN,NC,ASO,EN,Federal Contract Tower,0,21,17,0,38,0,0,26,0,26,0,21,43,0,64,52,0,52,116
06/15/2014,EWN,NC,ASO,EN,Federal Contract Tower,0,16,20,0,36,0,1,25,0,26,0,17,45,0,62,16,0,16,78
06/16/2014,EWN,NC,ASO,EN,Federal Contract Tower,0,18,5,0,23,0,0,32,0,32,0,18,37,0,55,74,2,76,131
06/17/2014,EWN,NC,ASO,EN,Federal Contract Tower,0,21,16,0,37,0,0,22,2,24,0,21,38,2,61,4,0,4,65
06/18/2014,EWN,NC,ASO,EN,Federal Contract Tower,0,22,13,0,35,0,1,32,0,33,0,23,45,0,68,14,0,14,82
06/19/2014,EWN,NC,ASO,EN,Federal Contract Tower,0,24,7,4,35,0,0,13,0,13,0,24,20,4,48,16,0,16,64
06/20/2014,EWN,NC,ASO,EN,Federal Contract Tower,0,23,4,0,27,0,0,21,0,21,0,23,25,0,48,52,0,52,100
06/21/2014,EWN,NC,ASO,EN,Federal Contract Tower,0,16,3,0,19,0,0,19,0,19,0,16,22,0,38,10,0,10,48
06/22/2014,EWN,NC,ASO,EN,Federal Contract Tower,0,16,16,0,32,0,1,19,0,20,0,17,35,0,52,36,0,36,88
06/23/2014,EWN,NC,ASO,EN,Federal Contract Tower,0,18,7,0,25,0,2,22,0,24,0,20,29,0,49,18,0,18,67
06/24/2014,EWN,NC,ASO,EN,Federal Contract Tower,0,24,10,2,36,0,1,13,0,14,0,25,23,2,50,26,10,36,86
06/25/2014,EWN,NC,ASO,EN,Federal Contract Tower,0,23,7,0,30,0,0,21,2,23,0,23,28,2,53,36,12,48,101
06/26/2014,EWN,NC,ASO,EN,Federal Contract Tower,0,24,7,2,33,0,1,19,0,20,0,25,26,2,53,52,0,52,105
06/27/2014,EWN,NC,ASO,EN,Federal Contract Tower,0,22,15,4,41,0,0,20,1,21,0,22,35,5,62,0,0,0,62
06/28/2014,EWN,NC,ASO,EN,Federal Contract Tower,0,16,13,0,29,0,0,16,0,16,0,16,29,0,45,6,0,6,51
06/29/2014,EWN,NC,ASO,EN,Federal Contract Tower,0,16,4,0,20,0,0,32,0,32,0,16,36,0,52,36,0,36,88
06/30/2014,EWN,NC,ASO,EN,Federal Contract Tower,0,19,3,0,22,0,0,21,0,21,0,19,24,0,43,14,0,14,57
07/01/2014,EWN,NC,ASO,EN,Federal Contract Tower,0,25,13,0,38,0,0,18,2,20,0,25,31,2,58,28,0,28,86
07/02/2014,EWN,NC,ASO,EN,Federal Contract Tower,0,25,10,0,35,0,0,24,0,24,0,25,34,0,59,10,0,10,69
07/03/2014,EWN,NC,ASO,EN,Federal Contract Tower,0,19,9,0,28,0,0,7,0,7,0,19,16,0,35,0,0,0,35
07/04/2014,EWN,NC,ASO,EN,Federal Contract Tower,0,12,6,0,18,0,0,15,0,15,0,12,21,0,33,0,0,0,33
07/05/2014,EWN,NC,ASO,EN,Federal Contract Tower,0,19,5,0,24,0,0,28,0,28,0,19,33,0,52,14,0,14,66
07/06/2014,EWN,NC,ASO,EN,Federal Contract Tower,0,18,15,0,33,0,0,49,0,49,0,18,64,0,82,54,0,54,136
07/07/2014,EWN,NC,ASO,EN,Federal Contract Tower,0,19,8,0,27,0,0,18,0,18,0,19,26,0,45,10,0,10,55
07/08/2014,EWN,NC,ASO,EN,Federal Contract Tower,0,25,6,3,34,0,0,18,3,21,0,25,24,6,55,16,0,16,71
07/09/2014,EWN,NC,ASO,EN,Federal Contract Tower,0,23,3,0,26,0,0,25,0,25,0,23,28,0,51,24,0,24,75
07/10/2014,EWN,NC,ASO,EN,Federal Contract Tower,0,26,8,0,34,0,0,11,0,11,0,26,19,0,45,22,0,22,67
07/11/2014,EWN,NC,ASO,EN,Federal Contract Tower,0,32,31,0,63,0,0,12,0,12,0,32,43,0,75,0,0,0,75
07/12/2014,EWN,NC,ASO,EN,Federal Contract Tower,0,18,10,0,28,0,0,32,0,32,0,18,42,0,60,50,0,50,110
07/13/2014,EWN,NC,ASO,EN,Federal Contract Tower,0,22,20,0,42,0,0,24,0,24,0,22,44,0,66,54,0,54,120
07/14/2014,EWN,NC,ASO,EN,Federal Contract Tower,0,19,7,0,26,0,0,12,0,12,0,19,19,0,38,36,6,42,80
07/15/2014,EWN,NC,ASO,EN,Federal Contract Tower,0,23,12,0,35,0,0,6,0,6,0,23,18,0,41,8,0,8,49
07/16/2014,EWN,NC,ASO,EN,Federal Contract Tower,0,29,6,0,35,0,0,1,0,1,0,29,7,0,36,26,0,26,62
07/17/2014,EWN,NC,ASO,EN,Federal Contract Tower,0,24,8,0,32,0,0,32,0,32,0,24,40,0,64,70,0,70,134
07/18/2014,EWN,NC,ASO,EN,Federal Contract Tower,0,24,8,0,32,0,0,36,0,36,0,24,44,0,68,40,0,40,108
07/19/2014,EWN,NC,ASO,EN,Federal Contract Tower,0,16,20,0,36,0,0,29,0,29,0,16,49,0,65,16,0,16,81
07/20/2014,EWN,NC,ASO,EN,Federal Contract Tower,0,18,7,0,25,0,0,16,0,16,0,18,23,0,41,0,0,0,41
07/21/2014,EWN,NC,ASO,EN,Federal Contract Tower,0,18,12,0,30,0,0,7,0,7,0,18,19,0,37,32,0,32,69
07/22/2014,EWN,NC,ASO,EN,Federal Contract Tower,0,25,10,0,35,0,0,16,0,16,0,25,26,0,51,108,0,108,159
07/23/2014,EWN,NC,ASO,EN,Federal Contract Tower,0,29,26,0,55,0,0,15,2,17,0,29,41,2,72,60,18,78,150
07/24/2014,EWN,NC,ASO,EN,Federal Contract Tower,0,25,14,0,39,0,0,9,0,9,0,25,23,0,48,56,0,56,104
07/25/2014,EWN,NC,ASO,EN,Federal Contract Tower,0,24,15,0,39,0,0,26,0,26,0,24,41,0,65,88,0,88,153
07/26/2014,EWN,NC,ASO,EN,Federal Contract Tower,0,17,1,0,18,0,0,32,0,32,0,17,33,0,50,32,0,32,82
07/27/2014,EWN,NC,ASO,EN,Federal Contract Tower,0,22,27,0,49,0,0,27,0,27,0,22,54,0,76,20,0,20,96
07/28/2014,EWN,NC,ASO,EN,Federal Contract Tower,0,20,3,4,27,0,0,21,0,21,0,20,24,4,48,64,34,98,146
07/29/2014,EWN,NC,ASO,EN,Federal Contract Tower,0,21,20,4,45,0,0,37,0,37,0,21,57,4,82,60,0,60,142
07/30/2014,EWN,NC,ASO,EN,Federal Contract Tower,0,25,13,0,38,0,0,41,0,41,0,25,54,0,79,124,0,124,203
07/31/2014,EWN,NC,ASO,EN,Federal Contract Tower,0,25,14,0,39,0,0,48,0,48,0,25,62,0,87,84,0,84,171
08/01/2014,EWN,NC,ASO,EN,Federal Contract Tower,0,36,5,2,43,0,0,2,0,2,0,36,7,2,45,14,0,14,59
08/02/2014,EWN,NC,ASO,EN,Federal Contract Tower,0,18,34,2,54,0,0,3,0,3,0,18,37,2,57,14,0,14,71
08/03/2014,EWN,NC,ASO,EN,Federal Contract Tower,0,17,8,0,25,0,0,1,0,1,0,17,9,0,26,0,0,0,26
08/04/2014,EWN,NC,ASO,EN,Federal Contract Tower,0,15,9,0,24,0,0,1,0,1,0,15,10,0,25,0,0,0,25
08/05/2014,EWN,NC,ASO,EN,Federal Contract Tower,0,27,13,8,48,0,0,12,0,12,0,27,25,8,60,68,0,68,128
08/06/2014,EWN,NC,ASO,EN,Federal Contract Tower,0,25,12,0,37,0,5,20,1,26,0,30,32,1,63,30,0,30,93
08/07/2014,EWN,NC,ASO,EN,Federal Contract Tower,0,27,8,0,35,0,2,24,1,27,0,29,32,1,62,34,0,34,96
08/08/2014,EWN,NC,ASO,EN,Federal Contract Tower,0,25,24,0,49,0,0,61,0,61,0,25,85,0,110,56,0,56,166
08/09/2014,EWN,NC,ASO,EN,Federal Contract Tower,0,18,4,0,22,0,0,23,0,23,0,18,27,0,45,114,0,114,159
08/10/2014,EWN,NC,ASO,EN,Federal Contract Tower,0,19,5,0,24,0,0,24,0,24,0,19,29,0,48,60,0,60,108
08/11/2014,EWN,NC,ASO,EN,Federal Contract Tower,0,23,5,0,28,0,0,22,0,22,0,23,27,0,50,22,20,42,92
08/12/2014,EWN,NC,ASO,EN,Federal Contract Tower,0,32,12,0,44,0,0,22,0,22,0,32,34,0,66,92,0,92,158
08/13/2014,EWN,NC,ASO,EN,Federal Contract Tower,0,28,1,0,29,0,0,30,0,30,0,28,31,0,59,46,0,46,105
08/14/2014,EWN,NC,ASO,EN,Federal Contract Tower,0,25,9,2,36,0,0,44,0,44,0,25,53,2,80,30,6,36,116
08/15/2014,EWN,NC,ASO,EN,Federal Contract Tower,0,26,12,0,38,0,0,28,0,28,0,26,40,0,66,38,0,38,104
08/16/2014,EWN,NC,ASO,EN,Federal Contract Tower,0,15,18,0,33,0,0,39,0,39,0,15,57,0,72,28,0,28,100
08/17/2014,EWN,NC,ASO,EN,Federal Contract Tower,0,17,10,0,27,0,0,33,0,33,0,17,43,0,60,0,0,0,60
08/18/2014,EWN,NC,ASO,EN,Federal Contract Tower,0,17,4,0,21,0,0,2,4,6,0,17,6,4,27,0,2,2,29
08/19/2014,EWN,NC,ASO,EN,Federal Contract Tower,0,23,10,0,33,0,0,14,0,14,0,23,24,0,47,8,14,22,69
08/20/2014,EWN,NC,ASO,EN,Federal Contract Tower,0,31,16,2,49,0,0,20,2,22,0,31,36,4,71,36,8,44,115
08/21/2014,EWN,NC,ASO,EN,Federal Contract Tower,0,24,10,6,40,0,0,17,4,21,0,24,27,10,61,58,0,58,119
08/22/2014,EWN,NC,ASO,EN,Federal Contract Tower,0,21,15,0,36,0,0,30,0,30,0,21,45,0,66,30,0,30,96
08/23/2014,EWN,NC,ASO,EN,Federal Contract Tower,0,20,2,0,22,0,0,15,0,15,0,20,17,0,37,12,0,12,49
08/24/2014,EWN,NC,ASO,EN,Federal Contract Tower,0,18,5,0,23,0,1,20,0,21,0,19,25,0,44,26,0,26,70
08/25/2014,EWN,NC,ASO,EN,Federal Contract Tower,0,21,7,4,32,0,0,4,2,6,0,21,11,6,38,18,8,26,64
08/26/2014,EWN,NC,ASO,EN,Federal Contract Tower,0,21,11,6,38,0,0,19,0,19,0,21,30,6,57,48,0,48,105
08/27/2014,EWN,NC,ASO,EN,Federal Contract Tower,0,23,16,0,39,0,0,37,0,37,0,23,53,0,76,64,0,64,140
08/28/2014,EWN,NC,ASO,EN,Federal Contract Tower,0,25,7,0,32,0,0,28,0,28,0,25,35,0,60,24,0,24,84
08/29/2014,EWN,NC,ASO,EN,Federal Contract Tower,0,23,18,0,41,0,0,25,0,25,0,23,43,0,66,28,0,28,94
08/30/2014,EWN,NC,ASO,EN,Federal Contract Tower,0,18,1,0,19,25,0,17,0,42,25,18,18,0,61,12,0,12,73
08/31/2014,EWN,NC,ASO,EN,Federal Contract Tower,0,14,0,0,14,1,0,14,0,15,1,14,14,0,29,20,0,20,49
09/01/2014,EWN,NC,ASO,EN,Federal Contract Tower,0,20,10,0,30,21,0,6,0,27,21,20,16,0,57,10,0,10,67
09/02/2014,EWN,NC,ASO,EN,Federal Contract Tower,0,19,13,0,32,0,9,4,0,13,0,28,17,0,45,12,0,12,57
09/03/2014,EWN,NC,ASO,EN,Federal Contract Tower,0,23,3,0,26,0,1,35,0,36,0,24,38,0,62,8,0,8,70
09/04/2014,EWN,NC,ASO,EN,Federal Contract Tower,0,27,6,2,35,0,3,21,0,24,0,30,27,2,59,28,0,28,87
09/05/2014,EWN,NC,ASO,EN,Federal Contract Tower,0,25,20,0,45,0,0,31,0,31,0,25,51,0,76,12,0,12,88
09/06/2014,EWN,NC,ASO,EN,Federal Contract Tower,0,13,9,0,22,17,0,13,0,30,17,13,22,0,52,70,0,70,122
09/07/2014,EWN,NC,ASO,EN,Federal Contract Tower,0,17,0,0,17,2,0,10,0,12,2,17,10,0,29,0,0,0,29
09/08/2014,EWN,NC,ASO,EN,Federal Contract Tower,0,17,9,0,26,0,0,2,0,2,0,17,11,0,28,0,0,0,28
09/09/2014,EWN,NC,ASO,EN,Federal Contract Tower,0,23,14,0,37,0,0,4,0,4,0,23,18,0,41,6,0,6,47
09/10/2014,EWN,NC,ASO,EN,Federal Contract Tower,0,26,13,0,39,0,0,10,0,10,0,26,23,0,49,22,0,22,71
09/11/2014,EWN,NC,ASO,EN,Federal Contract Tower,0,25,6,4,35,0,0,20,2,22,0,25,26,6,57,44,0,44,101
09/12/2014,EWN,NC,ASO,EN,Federal Contract Tower,0,21,17,0,38,0,0,10,10,20,0,21,27,10,58,0,0,0,58
09/13/2014,EWN,NC,ASO,EN,Federal Contract Tower,0,15,4,0,19,0,0,7,0,7,0,15,11,0,26,0,0,0,26
09/14/2014,EWN,NC,ASO,EN,Federal Contract Tower,0,16,5,0,21,0,0,9,0,9,0,16,14,0,30,8,0,8,38
09/15/2014,EWN,NC,ASO,EN,Federal Contract Tower,0,17,10,0,27,0,0,11,0,11,0,17,21,0,38,20,0,20,58
09/16/2014,EWN,NC,ASO,EN,Federal Contract Tower,0,21,4,4,29,0,0,27,0,27,0,21,31,4,56,44,0,44,100
09/17/2014,EWN,NC,ASO,EN,Federal Contract Tower,0,23,9,2,34,0,0,16,2,18,0,23,25,4,52,0,0,0,52
09/18/2014,EWN,NC,ASO,EN,Federal Contract Tower,0,23,1,3,27,0,0,23,1,24,0,23,24,4,51,30,0,30,81
09/19/2014,EWN,NC,ASO,EN,Federal Contract Tower,0,25,8,0,33,0,0,27,0,27,0,25,35,0,60,24,0,24,84
09/20/2014,EWN,NC,ASO,EN,Federal Contract Tower,0,19,4,0,23,0,0,27,0,27,0,19,31,0,50,42,0,42,92
09/21/2014,EWN,NC,ASO,EN,Federal Contract Tower,0,17,7,0,24,0,1,26,0,27,0,18,33,0,51,4,0,4,55
09/22/2014,EWN,NC,ASO,EN,Federal Contract Tower,0,19,9,2,30,0,1,13,0,14,0,20,22,2,44,0,0,0,44
09/23/2014,EWN,NC,ASO,EN,Federal Contract Tower,0,24,7,0,31,0,0,17,10,27,0,24,24,10,58,16,0,16,74
09/24/2014,EWN,NC,ASO,EN,Federal Contract Tower,0,24,7,0,31,0,0,2,0,2,0,24,9,0,33,0,0,0,33
09/25/2014,EWN,NC,ASO,EN,Federal Contract Tower,0,29,10,2,41,0,0,0,0,0,0,29,10,2,41,0,0,0,41
09/26/2014,EWN,NC,ASO,EN,Federal Contract Tower,0,21,9,0,30,0,0,15,0,15,0,21,24,0,45,0,0,0,45
09/27/2014,EWN,NC,ASO,EN,Federal Contract Tower,0,15,7,0,22,0,0,28,0,28,0,15,35,0,50,10,0,10,60
09/28/2014,EWN,NC,ASO,EN,Federal Contract Tower,0,18,8,1,27,0,0,43,1,44,0,18,51,2,71,60,0,60,131
09/29/2014,EWN,NC,ASO,EN,Federal Contract Tower,0,18,5,0,23,0,0,6,0,6,0,18,11,0,29,18,0,18,47
09/30/2014,EWN,NC,ASO,EN,Federal Contract Tower,0,21,9,0,30,0,0,23,0,23,0,21,32,0,53,62,0,62,115
10/01/2014,EWN,NC,ASO,EN,Federal Contract Tower,0,30,5,0,35,0,1,20,0,21,0,31,25,0,56,12,0,12,68
10/02/2014,EWN,NC,ASO,EN,Federal Contract Tower,0,26,6,0,32,0,1,24,0,25,0,27,30,0,57,2,0,2,59
10/03/2014,EWN,NC,ASO,EN,Federal Contract Tower,0,21,7,0,28,0,0,16,0,16,0,21,23,0,44,54,0,54,98
10/04/2014,EWN,NC,ASO,EN,Federal Contract Tower,0,14,0,0,14,0,0,17,0,17,0,14,17,0,31,12,0,12,43
10/05/2014,EWN,NC,ASO,EN,Federal Contract Tower,0,16,6,0,22,0,0,32,0,32,0,16,38,0,54,0,0,0,54
10/06/2014,EWN,NC,ASO,EN,Federal Contract Tower,0,29,11,4,44,0,0,19,3,22,0,29,30,7,66,54,0,54,120
10/07/2014,EWN,NC,ASO,EN,Federal Contract Tower,0,21,6,0,27,0,2,21,0,23,0,23,27,0,50,44,0,44,94
10/08/2014,EWN,NC,ASO,EN,Federal Contract Tower,0,22,11,0,33,0,0,36,0,36,0,22,47,0,69,64,0,64,133
10/09/2014,EWN,NC,ASO,EN,Federal Contract Tower,0,23,6,0,29,0,0,27,0,27,0,23,33,0,56,20,0,20,76
10/10/2014,EWN,NC,ASO,EN,Federal Contract Tower,0,22,2,0,24,0,0,17,0,17,0,22,19,0,41,12,0,12,53
10/11/2014,EWN,NC,ASO,EN,Federal Contract Tower,0,15,8,0,23,0,0,26,0,26,0,15,34,0,49,38,0,38,87
10/12/2014,EWN,NC,ASO,EN,Federal Contract Tower,0,16,5,0,21,0,0,17,0,17,0,16,22,0,38,16,0,16,54
10/13/2014,EWN,NC,ASO,EN,Federal Contract Tower,0,21,8,0,29,0,0,0,0,0,0,21,8,0,29,4,0,4,33
10/14/2014,EWN,NC,ASO,EN,Federal Contract Tower,0,17,13,0,30,0,0,3,2,5,0,17,16,2,35,0,0,0,35
10/15/2014,EWN,NC,ASO,EN,Federal Contract Tower,0,23,3,2,28,0,0,3,0,3,0,23,6,2,31,0,0,0,31
10/16/2014,EWN,NC,ASO,EN,Federal Contract Tower,0,23,9,2,34,0,0,17,0,17,0,23,26,2,51,12,0,12,63
10/17/2014,EWN,NC,ASO,EN,Federal Contract Tower,0,22,5,2,29,0,0,29,1,30,0,22,34,3,59,34,0,34,93
10/18/2014,EWN,NC,ASO,EN,Federal Contract Tower,0,11,7,2,20,0,0,37,0,37,0,11,44,2,57,38,0,38,95
10/19/2014,EWN,NC,ASO,EN,Federal Contract Tower,0,16,12,0,28,0,3,31,0,34,0,19,43,0,62,22,0,22,84
10/20/2014,EWN,NC,ASO,EN,Federal Contract Tower,0,16,5,0,21,0,0,13,2,15,0,16,18,2,36,0,0,0,36
10/21/2014,EWN,NC,ASO,EN,Federal Contract Tower,0,22,14,0,36,0,0,6,2,8,0,22,20,2,44,24,0,24,68
10/22/2014,EWN,NC,ASO,EN,Federal Contract Tower,0,27,16,0,43,0,0,25,0,25,0,27,41,0,68,16,0,16,84
10/23/2014,EWN,NC,ASO,EN,Federal Contract Tower,0,26,6,0,32,0,0,21,0,21,0,26,27,0,53,30,0,30,83
10/24/2014,EWN,NC,ASO,EN,Federal Contract Tower,0,23,7,2,32,0,0,20,0,20,0,23,27,2,52,0,0,0,52
10/25/2014,EWN,NC,ASO,EN,Federal Contract Tower,0,16,3,0,19,0,0,33,0,33,0,16,36,0,52,18,0,18,70
10/26/2014,EWN,NC,ASO,EN,Federal Contract Tower,0,16,5,0,21,0,0,17,0,17,0,16,22,0,38,2,0,2,40
10/27/2014,EWN,NC,ASO,EN,Federal Contract Tower,0,20,9,0,29,0,0,14,0,14,0,20,23,0,43,6,2,8,51
10/28/2014,EWN,NC,ASO,EN,Federal Contract Tower,0,21,7,0,28,0,1,16,2,19,0,22,23,2,47,4,0,4,51
10/29/2014,EWN,NC,ASO,EN,Federal Contract Tower,0,24,5,0,29,0,0,16,0,16,0,24,21,0,45,6,0,6,51
10/30/2014,EWN,NC,ASO,EN,Federal Contract Tower,0,23,5,1,29,0,0,15,1,16,0,23,20,2,45,4,0,4,49
10/31/2014,EWN,NC,ASO,EN,Federal Contract Tower,0,23,9,0,32,0,0,21,0,21,0,23,30,0,53,2,0,2,55
11/01/2014,EWN,NC,ASO,EN,Federal Contract Tower,0,15,0,0,15,0,0,5,0,5,0,15,5,0,20,10,0,10,30
11/02/2014,EWN,NC,ASO,EN,Federal Contract Tower,0,16,5,0,21,0,1,8,0,9,0,17,13,0,30,0,0,0,30
11/03/2014,EWN,NC,ASO,EN,Federal Contract Tower,0,19,6,0,25,0,0,12,0,12,0,19,18,0,37,8,12,20,57
11/04/2014,EWN,NC,ASO,EN,Federal Contract Tower,0,22,7,1,30,0,0,15,1,16,0,22,22,2,46,12,0,12,58
11/05/2014,EWN,NC,ASO,EN,Federal Contract Tower,0,22,1,0,23,0,1,13,0,14,0,23,14,0,37,26,0,26,63
11/06/2014,EWN,NC,ASO,EN,Federal Contract Tower,0,23,4,0,27,0,0,26,0,26,0,23,30,0,53,24,0,24,77
11/07/2014,EWN,NC,ASO,EN,Federal Contract Tower,0,23,11,0,34,0,0,29,0,29,0,23,40,0,63,26,0,26,89
11/08/2014,EWN,NC,ASO,EN,Federal Contract Tower,0,16,2,0,18,0,0,26,0,26,0,16,28,0,44,30,0,30,74
11/09/2014,EWN,NC,ASO,EN,Federal Contract Tower,0,18,6,0,24,0,1,35,0,36,0,19,41,0,60,24,0,24,84
11/10/2014,EWN,NC,ASO,EN,Federal Contract Tower,0,17,17,0,34,0,2,24,0,26,0,19,41,0,60,0,0,0,60
11/11/2014,EWN,NC,ASO,EN,Federal Contract Tower,0,22,16,0,38,0,0,0,0,0,0,22,16,0,38,0,0,0,38
11/12/2014,EWN,NC,ASO,EN,Federal Contract Tower,0,25,6,0,31,0,0,31,0,31,0,25,37,0,62,56,0,56,118
11/13/2014,EWN,NC,ASO,EN,Federal Contract Tower,0,26,5,2,33,0,0,15,0,15,0,26,20,2,48,64,0,64,112
11/14/2014,EWN,NC,ASO,EN,Federal Contract Tower,0,22,7,0,29,0,0,19,0,19,0,22,26,0,48,18,0,18,66
11/15/2014,EWN,NC,ASO,EN,Federal Contract Tower,0,18,8,0,26,0,0,25,0,25,0,18,33,0,51,26,0,26,77
11/16/2014,EWN,NC,ASO,EN,Federal Contract Tower,0,17,10,0,27,0,0,21,0,21,0,17,31,0,48,32,0,32,80
11/17/2014,EWN,NC,ASO,EN,Federal Contract Tower,0,16,3,0,19,0,0,2,0,2,0,16,5,0,21,0,0,0,21
11/18/2014,EWN,NC,ASO,EN,Federal Contract Tower,0,23,4,2,29,0,0,10,2,12,0,23,14,4,41,4,2,6,47
11/19/2014,EWN,NC,ASO,EN,Federal Contract Tower,0,22,6,0,28,0,0,23,0,23,0,22,29,0,51,50,0,50,101
11/20/2014,EWN,NC,ASO,EN,Federal Contract Tower,0,22,5,0,27,0,0,36,0,36,0,22,41,0,63,28,0,28,91
11/21/2014,EWN,NC,ASO,EN,Federal Contract Tower,0,23,7,4,34,0,0,20,0,20,0,23,27,4,54,0,0,0,54
11/22/2014,EWN,NC,ASO,EN,Federal Contract Tower,0,16,5,0,21,0,0,27,0,27,0,16,32,0,48,24,0,24,72
11/23/2014,EWN,NC,ASO,EN,Federal Contract Tower,0,17,2,0,19,0,0,14,0,14,0,17,16,0,33,4,0,4,37
11/24/2014,EWN,NC,ASO,EN,Federal Contract Tower,0,19,11,6,36,0,0,0,0,0,0,19,11,6,36,2,0,2,38
11/25/2014,EWN,NC,ASO,EN,Federal Contract Tower,0,23,14,0,37,0,0,4,0,4,0,23,18,0,41,4,0,4,45
11/26/2014,EWN,NC,ASO,EN,Federal Contract Tower,0,19,9,0,28,0,0,12,0,12,0,19,21,0,40,16,0,16,56
11/27/2014,EWN,NC,ASO,EN,Federal Contract Tower,0,9,5,0,14,0,0,16,0,16,0,9,21,0,30,0,0,0,30
11/28/2014,EWN,NC,ASO,EN,Federal Contract Tower,0,19,3,0,22,0,0,29,0,29,0,19,32,0,51,20,0,20,71
11/29/2014,EWN,NC,ASO,EN,Federal Contract Tower,0,16,7,0,23,0,0,27,0,27,0,16,34,0,50,0,0,0,50
11/30/2014,EWN,NC,ASO,EN,Federal Contract Tower,0,16,13,0,29,0,0,39,0,39,0,16,52,0,68,26,0,26,94
12/01/2014,EWN,NC,ASO,EN,Federal Contract Tower,0,19,6,0,25,0,0,17,4,21,0,19,23,4,46,20,0,20,66
12/02/2014,EWN,NC,ASO,EN,Federal Contract Tower,0,21,8,0,29,0,0,0,0,0,0,21,8,0,29,0,0,0,29
12/03/2014,EWN,NC,ASO,EN,Federal Contract Tower,0,20,2,0,22,0,0,18,0,18,0,20,20,0,40,24,6,30,70
12/04/2014,EWN,NC,ASO,EN,Federal Contract Tower,0,22,10,6,38,0,0,21,0,21,0,22,31,6,59,8,0,8,67
12/05/2014,EWN,NC,ASO,EN,Federal Contract Tower,0,22,7,0,29,0,0,22,2,24,0,22,29,2,53,0,14,14,67
12/06/2014,EWN,NC,ASO,EN,Federal Contract Tower,0,13,4,0,17,0,0,14,0,14,0,13,18,0,31,20,2,22,53
12/07/2014,EWN,NC,ASO,EN,Federal Contract Tower,0,14,4,0,18,0,0,0,0,0,0,14,4,0,18,8,0,8,26
12/08/2014,EWN,NC,ASO,EN,Federal Contract Tower,0,18,10,0,28,0,0,6,0,6,0,18,16,0,34,0,0,0,34
12/09/2014,EWN,NC,ASO,EN,Federal Contract Tower,0,22,18,0,40,0,0,0,0,0,0,22,18,0,40,0,0,0,40
12/10/2014,EWN,NC,ASO,EN,Federal Contract Tower,0,23,10,4,37,0,0,37,0,37,0,23,47,4,74,34,8,42,116
12/11/2014,EWN,NC,ASO,EN,Federal Contract Tower,0,22,12,10,44,0,0,22,0,22,0,22,34,10,66,0,24,24,90
12/12/2014,EWN,NC,ASO,EN,Federal Contract Tower,0,21,4,0,25,0,0,17,0,17,0,21,21,0,42,22,0,22,64
12/13/2014,EWN,NC,ASO,EN,Federal Contract Tower,0,13,11,0,24,0,0,31,0,31,0,13,42,0,55,38,0,38,93
12/14/2014,EWN,NC,ASO,EN,Federal Contract Tower,0,17,6,0,23,0,0,33,0,33,0,17,39,0,56,30,0,30,86
12/15/2014,EWN,NC,ASO,EN,Federal Contract Tower,0,20,7,2,29,0,0,7,0,7,0,20,14,2,36,8,2,10,46
12/16/2014,EWN,NC,ASO,EN,Federal Contract Tower,0,28,22,0,50,0,0,24,0,24,0,28,46,0,74,0,20,20,94
12/17/2014,EWN,NC,ASO,EN,Federal Contract Tower,0,23,13,0,36,0,0,41,0,41,0,23,54,0,77,26,0,26,103
12/18/2014,EWN,NC,ASO,EN,Federal Contract Tower,0,22,13,2,37,0,0,18,2,20,0,22,31,4,57,8,16,24,81
12/19/2014,EWN,NC,ASO,EN,Federal Contract Tower,0,25,11,0,36,0,0,30,0,30,0,25,41,0,66,12,0,12,78
12/20/2014,EWN,NC,ASO,EN,Federal Contract Tower,0,14,4,0,18,0,0,15,0,15,0,14,19,0,33,0,0,0,33
12/21/2014,EWN,NC,ASO,EN,Federal Contract Tower,0,15,8,0,23,0,0,15,0,15,0,15,23,0,38,30,0,30,68
12/22/2014,EWN,NC,ASO,EN,Federal Contract Tower,0,14,0,0,14,0,0,0,0,0,0,14,0,0,14,0,0,0,14
12/23/2014,EWN,NC,ASO,EN,Federal Contract Tower,0,19,1,0,20,0,0,0,0,0,0,19,1,0,20,0,0,0,20
12/24/2014,EWN,NC,ASO,EN,Federal Contract Tower,0,24,4,0,28,0,0,0,0,0,0,24,4,0,28,0,0,0,28
12/25/2014,EWN,NC,ASO,EN,Federal Contract Tower,0,11,4,0,15,0,0,7,0,7,0,11,11,0,22,4,0,4,26
12/26/2014,EWN,NC,ASO,EN,Federal Contract Tower,0,20,4,0,24,0,0,25,0,25,0,20,29,0,49,34,0,34,83
12/27/2014,EWN,NC,ASO,EN,Federal Contract Tower,0,17,10,0,27,0,0,31,0,31,0,17,41,0,58,14,0,14,72
12/28/2014,EWN,NC,ASO,EN,Federal Contract Tower,0,14,7,0,21,0,0,14,0,14,0,14,21,0,35,14,0,14,49
12/29/2014,EWN,NC,ASO,EN,Federal Contract Tower,0,19,3,0,22,0,0,0,0,0,0,19,3,0,22,0,0,0,22
12/30/2014,EWN,NC,ASO,EN,Federal Contract Tower,0,24,14,0,38,0,0,4,0,4,0,24,18,0,42,4,0,4,46
12/31/2014,EWN,NC,ASO,EN,Federal Contract Tower,0,20,20,0,40,0,0,47,0,47,0,20,67,0,87,32,0,32,119
01/01/2015,EWN,NC,ASO,EN,Federal Contract Tower,0,11,4,0,15,0,0,29,0,29,0,11,33,0,44,0,0,0,44
01/02/2015,EWN,NC,ASO,EN,Federal Contract Tower,0,19,13,0,32,0,0,29,0,29,0,19,42,0,61,32,4,36,97
01/03/2015,EWN,NC,ASO,EN,Federal Contract Tower,0,14,13,0,27,0,0,0,0,0,0,14,13,0,27,0,0,0,27
01/04/2015,EWN,NC,ASO,EN,Federal Contract Tower,0,14,4,0,18,0,0,0,0,0,0,14,4,0,18,0,0,0,18
01/05/2015,EWN,NC,ASO,EN,Federal Contract Tower,0,16,8,0,24,0,0,35,0,35,0,16,43,0,59,28,12,40,99
01/06/2015,EWN,NC,ASO,EN,Federal Contract Tower,0,22,15,2,39,0,0,32,0,32,0,22,47,2,71,24,0,24,95
01/07/2015,EWN,NC,ASO,EN,Federal Contract Tower,0,19,4,0,23,0,0,24,0,24,0,19,28,0,47,4,24,28,75
01/08/2015,EWN,NC,ASO,EN,Federal Contract Tower,0,18,5,0,23,0,0,12,0,12,0,18,17,0,35,6,0,6,41
01/09/2015,EWN,NC,ASO,EN,Federal Contract Tower,0,17,6,0,23,0,0,14,0,14,0,17,20,0,37,20,0,20,57
01/10/2015,EWN,NC,ASO,EN,Federal Contract Tower,0,11,12,0,23,0,0,24,0,24,0,11,36,0,47,22,0,22,69
01/11/2015,EWN,NC,ASO,EN,Federal Contract Tower,0,16,6,0,22,0,0,31,0,31,0,16,37,0,53,48,0,48,101
01/12/2015,EWN,NC,ASO,EN,Federal Contract Tower,0,14,4,0,18,0,0,0,0,0,0,14,4,0,18,0,0,0,18
01/13/2015,EWN,NC,ASO,EN,Federal Contract Tower,0,21,8,0,29,0,0,0,0,0,0,21,8,0,29,0,0,0,29
01/14/2015,EWN,NC,ASO,EN,Federal Contract Tower,0,17,1,4,22,0,0,0,0,0,0,17,1,4,22,0,0,0,22
01/15/2015,EWN,NC,ASO,EN,Federal Contract Tower,0,18,5,7,30,0,0,2,0,2,0,18,7,7,32,4,10,14,46
01/16/2015,EWN,NC,ASO,EN,Federal Contract Tower,0,16,10,0,26,0,0,39,0,39,0,16,49,0,65,26,0,26,91
01/17/2015,EWN,NC,ASO,EN,Federal Contract Tower,0,12,14,0,26,0,0,49,0,49,0,12,63,0,75,32,0,32,107
01/18/2015,EWN,NC,ASO,EN,Federal Contract Tower,0,11,5,0,16,0,0,3,0,3,0,11,8,0,19,0,0,0,19
01/19/2015,EWN,NC,ASO,EN,Federal Contract Tower,0,17,8,0,25,0,0,37,0,37,0,17,45,0,62,0,0,0,62
01/20/2015,EWN,NC,ASO,EN,Federal Contract Tower,0,22,5,0,27,0,0,32,0,32,0,22,37,0,59,22,0,22,81
01/21/2015,EWN,NC,ASO,EN,Federal Contract Tower,0,18,3,0,21,0,0,28,0,28,0,18,31,0,49,4,0,4,53
01/22/2015,EWN,NC,ASO,EN,Federal Contract Tower,0,20,8,1,29,0,0,36,0,36,0,20,44,1,65,16,0,16,81
01/23/2015,EWN,NC,ASO,EN,Federal Contract Tower,0,18,8,0,26,0,0,11,0,11,0,18,19,0,37,30,0,30,67
01/24/2015,EWN,NC,ASO,EN,Federal Contract Tower,0,11,2,0,13,0,0,4,0,4,0,11,6,0,17,0,0,0,17
01/25/2015,EWN,NC,ASO,EN,Federal Contract Tower,0,14,7,0,21,0,0,69,0,69,0,14,76,0,90,34,0,34,124
01/26/2015,EWN,NC,ASO,EN,Federal Contract Tower,0,18,12,0,30,0,0,21,0,21,0,18,33,0,51,0,0,0,51
01/27/2015,EWN,NC,ASO,EN,Federal Contract Tower,0,24,1,0,25,0,0,9,0,9,0,24,10,0,34,8,0,8,42
01/28/2015,EWN,NC,ASO,EN,Federal Contract Tower,0,18,12,2,32,0,1,36,2,39,0,19,48,4,71,6,10,16,87
01/29/2015,EWN,NC,ASO,EN,Federal Contract Tower,0,20,5,0,25,0,0,32,0,32,0,20,37,0,57,20,12,32,89
01/30/2015,EWN,NC,ASO,EN,Federal Contract Tower,0,21,8,2,31,0,0,25,1,26,0,21,33,3,57,12,0,12,69
01/31/2015,EWN,NC,ASO,EN,Federal Contract Tower,0,12,14,0,26,0,0,44,0,44,0,12,58,0,70,16,0,16,86
02/01/2015,EWN,NC,ASO,EN,Federal Contract Tower,0,11,6,0,17,0,0,26,0,26,0,11,32,0,43,18,0,18,61
02/02/2015,EWN,NC,ASO,EN,Federal Contract Tower,0,15,3,0,18,0,0,0,0,0,0,15,3,0,18,0,0,0,18
02/03/2015,EWN,NC,ASO,EN,Federal Contract Tower,0,22,11,0,33,0,0,24,3,27,0,22,35,3,60,24,0,24,84
02/04/2015,EWN,NC,ASO,EN,Federal Contract Tower,0,19,6,2,27,0,0,35,0,35,0,19,41,2,62,26,24,50,112
02/05/2015,EWN,NC,ASO,EN,Federal Contract Tower,0,19,5,8,32,0,0,6,0,6,0,19,11,8,38,2,0,2,40
02/06/2015,EWN,NC,ASO,EN,Federal Contract Tower,0,18,5,0,23,0,0,18,0,18,0,18,23,0,41,0,0,0,41
02/07/2015,EWN,NC,ASO,EN,Federal Contract Tower,0,12,1,0,13,0,0,36,0,36,0,12,37,0,49,24,0,24,73
02/08/2015,EWN,NC,ASO,EN,Federal Contract Tower,0,14,3,0,17,0,0,34,0,34,0,14,37,0,51,2,0,2,53
02/09/2015,EWN,NC,ASO,EN,Federal Contract Tower,0,15,0,0,15,0,0,28,0,28,0,15,28,0,43,14,0,14,57
02/10/2015,EWN,NC,ASO,EN,Federal Contract Tower,0,20,19,0,39,0,0,0,0,0,0,20,19,0,39,0,0,0,39
02/11/2015,EWN,NC,ASO,EN,Federal Contract Tower,0,19,5,4,28,0,0,18,2,20,0,19,23,6,48,20,0,20,68
02/12/2015,EWN,NC,ASO,EN,Federal Contract Tower,0,20,6,0,26,0,0,32,10,42,0,20,38,10,68,26,0,26,94
02/13/2015,EWN,NC,ASO,EN,Federal Contract Tower,0,21,10,0,31,0,0,35,0,35,0,21,45,0,66,84,0,84,150
02/14/2015,EWN,NC,ASO,EN,Federal Contract Tower,0,14,6,0,20,0,0,35,0,35,0,14,41,0,55,4,0,4,59
02/15/2015,EWN,NC,ASO,EN,Federal Contract Tower,0,13,2,0,15,0,0,4,0,4,0,13,6,0,19,0,0,0,19
02/16/2015,EWN,NC,ASO,EN,Federal Contract Tower,0,12,9,0,21,0,0,21,0,21,0,12,30,0,42,8,0,8,50
02/17/2015,EWN,NC,ASO,EN,Federal Contract Tower,0,14,0,0,14,0,0,0,0,0,0,14,0,0,14,0,0,0,14
02/18/2015,EWN,NC,ASO,EN,Federal Contract Tower,0,15,9,0,24,0,1,22,0,23,0,16,31,0,47,10,0,10,57
02/19/2015,EWN,NC,ASO,EN,Federal Contract Tower,0,19,2,2,23,0,0,9,2,11,0,19,11,4,34,0,0,0,34
02/20/2015,EWN,NC,ASO,EN,Federal Contract Tower,0,17,10,0,27,0,0,26,0,26,0,17,36,0,53,14,0,14,67
02/21/2015,EWN,NC,ASO,EN,Federal Contract Tower,0,14,22,0,36,0,0,33,0,33,0,14,55,0,69,24,0,24,93
02/22/2015,EWN,NC,ASO,EN,Federal Contract Tower,0,11,14,0,25,0,0,14,0,14,0,11,28,0,39,12,0,12,51
02/23/2015,EWN,NC,ASO,EN,Federal Contract Tower,0,14,4,0,18,0,0,0,0,0,0,14,4,0,18,0,0,0,18
02/24/2015,EWN,NC,ASO,EN,Federal Contract Tower,0,7,0,0,7,0,0,0,0,0,0,7,0,0,7,0,0,0,7
02/25/2015,EWN,NC,ASO,EN,Federal Contract Tower,0,18,5,12,35,0,0,10,0,10,0,18,15,12,45,10,0,10,55
02/26/2015,EWN,NC,ASO,EN,Federal Contract Tower,0,15,4,0,19,0,0,2,2,4,0,15,6,2,23,0,0,0,23
02/27/2015,EWN,NC,ASO,EN,Federal Contract Tower,0,18,8,0,26,0,0,21,0,21,0,18,29,0,47,26,0,26,73
02/28/2015,EWN,NC,ASO,EN,Federal Contract Tower,0,13,3,0,16,0,0,34,0,34,0,13,37,0,50,48,0,48,98
03/01/2015,EWN,NC,ASO,EN,Federal Contract Tower,0,17,7,0,24,0,0,13,0,13,0,17,20,0,37,8,0,8,45
03/02/2015,EWN,NC,ASO,EN,Federal Contract Tower,0,13,3,4,20,0,0,27,0,27,0,13,30,4,47,52,0,52,99
03/03/2015,EWN,NC,ASO,EN,Federal Contract Tower,0,18,11,0,29,0,0,21,0,21,0,18,32,0,50,10,0,10,60
03/04/2015,EWN,NC,ASO,EN,Federal Contract Tower,0,14,8,0,22,0,0,9,0,9,0,14,17,0,31,2,0,2,33
03/05/2015,EWN,NC,ASO,EN,Federal Contract Tower,0,16,4,0,20,0,0,0,0,0,0,16,4,0,20,0,0,0,20
03/06/2015,EWN,NC,ASO,EN,Federal Contract Tower,0,16,3,0,19,0,0,26,0,26,0,16,29,0,45,24,0,24,69
03/07/2015,EWN,NC,ASO,EN,Federal Contract Tower,0,11,6,0,17,0,0,26,0,26,0,11,32,0,43,18,0,18,61
03/08/2015,EWN,NC,ASO,EN,Federal Contract Tower,0,14,13,2,29,0,0,49,0,49,0,14,62,2,78,62,0,62,140
03/09/2015,EWN,NC,ASO,EN,Federal Contract Tower,0,14,1,0,15,0,0,24,0,24,0,14,25,0,39,26,0,26,65
03/10/2015,EWN,NC,ASO,EN,Federal Contract Tower,0,18,18,0,36,0,1,17,0,18,0,19,35,0,54,0,0,0,54
03/11/2015,EWN,NC,ASO,EN,Federal Contract Tower,0,17,17,0,34,0,0,9,6,15,0,17,26,6,49,0,0,0,49
03/12/2015,EWN,NC,ASO,EN,Federal Contract Tower,0,19,5,5,29,0,0,37,2,39,0,19,42,7,68,4,18,22,90
03/13/2015,EWN,NC,ASO,EN,Federal Contract Tower,0,18,3,2,23,0,0,14,2,16,0,18,17,4,39,0,0,0,39
03/14/2015,EWN,NC,ASO,EN,Federal Contract Tower,0,11,7,0,18,0,0,0,0,0,0,11,7,0,18,0,0,0,18
03/15/2015,EWN,NC,ASO,EN,Federal Contract Tower,0,14,30,0,44,0,0,38,0,38,0,14,68,0,82,40,0,40,122
03/16/2015,EWN,NC,ASO,EN,Federal Contract Tower,0,15,9,0,24,0,0,36,0,36,0,15,45,0,60,24,0,24,84
03/17/2015,EWN,NC,ASO,EN,Federal Contract Tower,0,19,6,0,25,0,0,24,0,24,0,19,30,0,49,6,0,6,55
03/18/2015,EWN,NC,ASO,EN,Federal Contract Tower,0,19,7,2,28,0,0,31,2,33,0,19,38,4,61,58,0,58,119
03/19/2015,EWN,NC,ASO,EN,Federal Contract Tower,0,20,8,2,30,0,1,14,4,19,0,21,22,6,49,14,0,14,63
03/20/2015,EWN,NC,ASO,EN,Federal Contract Tower,0,17,3,0,20,0,0,11,0,11,0,17,14,0,31,40,0,40,71
03/21/2015,EWN,NC,ASO,EN,Federal Contract Tower,0,13,12,0,25,0,0,56,0,56,0,13,68,0,81,16,0,16,97
03/22/2015,EWN,NC,ASO,EN,Federal Contract Tower,0,13,13,2,28,0,0,38,0,38,0,13,51,2,66,32,0,32,98
03/23/2015,EWN,NC,ASO,EN,Federal Contract Tower,0,14,4,6,24,0,0,22,0,22,0,14,26,6,46,12,0,12,58
03/24/2015,EWN,NC,ASO,EN,Federal Contract Tower,0,17,7,0,24,0,0,26,0,26,0,17,33,0,50,26,0,26,76
03/25/2015,EWN,NC,ASO,EN,Federal Contract Tower,0,20,10,0,30,0,0,36,4,40,0,20,46,4,70,52,4,56,126
03/26/2015,EWN,NC,ASO,EN,Federal Contract Tower,0,20,9,0,29,0,0,4,0,4,0,20,13,0,33,0,0,0,33
03/27/2015,EWN,NC,ASO,EN,Federal Contract Tower,0,19,5,0,24,0,0,0,0,0,0,19,5,0,24,0,0,0,24
03/28/2015,EWN,NC,ASO,EN,Federal Contract Tower,0,14,10,0,24,0,0,35,0,35,0,14,45,0,59,32,0,32,91
03/29/2015,EWN,NC,ASO,EN,Federal Contract Tower,0,15,9,0,24,0,0,36,0,36,0,15,45,0,60,24,0,24,84
03/30/2015,EWN,NC,ASO,EN,Federal Contract Tower,0,14,3,0,17,0,0,7,0,7,0,14,10,0,24,4,0,4,28
03/31/2015,EWN,NC,ASO,EN,Federal Contract Tower,0,19,5,0,24,0,0,25,0,25,0,19,30,0,49,28,0,28,77
04/01/2015,EWN,NC,ASO,EN,Federal Contract Tower,0,19,4,0,23,0,0,32,0,32,0,19,36,0,55,45,0,45,100
04/02/2015,EWN,NC,ASO,EN,Federal Contract Tower,0,19,8,0,27,0,0,28,0,28,0,19,36,0,55,16,0,16,71
04/03/2015,EWN,NC,ASO,EN,Federal Contract Tower,0,16,7,0,23,0,6,12,0,18,0,22,19,0,41,0,0,0,41
04/04/2015,EWN,NC,ASO,EN,Federal Contract Tower,0,13,1,0,14,0,0,17,0,17,0,13,18,0,31,0,0,0,31
04/05/2015,EWN,NC,ASO,EN,Federal Contract Tower,0,16,5,0,21,0,0,38,0,38,0,16,43,0,59,30,0,30,89
04/06/2015,EWN,NC,ASO,EN,Federal Contract Tower,0,14,8,0,22,0,2,26,2,30,0,16,34,2,52,16,0,16,68
04/07/2015,EWN,NC,ASO,EN,Federal Contract Tower,0,19,6,2,27,0,0,17,6,23,0,19,23,8,50,10,14,24,74
04/08/2015,EWN,NC,ASO,EN,Federal Contract Tower,0,15,8,0,23,0,0,27,2,29,0,15,35,2,52,38,0,38,90
04/09/2015,EWN,NC,ASO,EN,Federal Contract Tower,0,16,9,0,25,0,0,12,0,12,0,16,21,0,37,24,0,24,61
04/10/2015,EWN,NC,ASO,EN,Federal Contract Tower,0,19,11,0,30,0,0,24,2,26,0,19,35,2,56,18,0,18,74
04/11/2015,EWN,NC,ASO,EN,Federal Contract Tower,0,13,1,0,14,0,0,27,0,27,0,13,28,0,41,24,0,24,65
04/12/2015,EWN,NC,ASO,EN,Federal Contract Tower,0,14,11,0,25,0,4,31,8,43,0,18,42,8,68,12,0,12,80
04/13/2015,EWN,NC,ASO,EN,Federal Contract Tower,0,14,5,0,19,0,0,28,0,28,0,14,33,0,47,12,0,12,59
04/14/2015,EWN,NC,ASO,EN,Federal Contract Tower,0,16,15,4,35,0,0,16,4,20,0,16,31,8,55,14,0,14,69
04/15/2015,EWN,NC,ASO,EN,Federal Contract Tower,0,18,24,0,42,0,0,9,0,9,0,18,33,0,51,10,0,10,61
04/16/2015,EWN,NC,ASO,EN,Federal Contract Tower,0,20,5,0,25,0,2,4,0,6,0,22,9,0,31,0,0,0,31
04/17/2015,EWN,NC,ASO,EN,Federal Contract Tower,0,18,9,2,29,0,0,10,0,10,0,18,19,2,39,20,0,20,59
04/18/2015,EWN,NC,ASO,EN,Federal Contract Tower,0,15,0,0,15,0,0,18,0,18,0,15,18,0,33,14,0,14,47
04/19/2015,EWN,NC,ASO,EN,Federal Contract Tower,0,13,4,0,17,0,0,16,0,16,0,13,20,0,33,22,0,22,55
04/20/2015,EWN,NC,ASO,EN,Federal Contract Tower,0,14,5,0,19,0,1,20,0,21,0,15,25,0,40,6,0,6,46
04/21/2015,EWN,NC,ASO,EN,Federal Contract Tower,0,18,4,0,22,0,0,42,0,42,0,18,46,0,64,44,0,44,108
04/22/2015,EWN,NC,ASO,EN,Federal Contract Tower,0,19,7,0,26,0,0,23,4,27,0,19,30,4,53,6,14,20,73
04/23/2015,EWN,NC,ASO,EN,Federal Contract Tower,0,19,5,2,26,0,0,30,2,32,0,19,35,4,58,24,12,36,94
04/24/2015,EWN,NC,ASO,EN,Federal Contract Tower,0,18,6,2,26,0,0,50,0,50,0,18,56,2,76,38,0,38,114
04/25/2015,EWN,NC,ASO,EN,Federal Contract Tower,0,13,8,0,21,0,0,21,0,21,0,13,29,0,42,4,0,4,46
04/26/2015,EWN,NC,ASO,EN,Federal Contract Tower,0,15,11,0,26,0,0,16,0,16,0,15,27,0,42,10,0,10,52
04/27/2015,EWN,NC,ASO,EN,Federal Contract Tower,0,14,7,0,21,0,0,33,0,33,0,14,40,0,54,26,0,26,80
04/28/2015,EWN,NC,ASO,EN,Federal Contract Tower,0,17,5,0,22,0,0,50,0,50,0,17,55,0,72,24,0,24,96
04/29/2015,EWN,NC,ASO,EN,Federal Contract Tower,0,22,16,0,38,0,0,36,0,36,0,22,52,0,74,18,0,18,92
04/30/2015,EWN,NC,ASO,EN,Federal Contract Tower,0,20,8,0,28,0,0,5,0,5,0,20,13,0,33,0,0,0,33
05/01/2015,EWN,NC,ASO,EN,Federal Contract Tower,0,22,5,0,27,0,0,3,0,3,0,22,8,0,30,0,0,0,30
05/02/2015,EWN,NC,ASO,EN,Federal Contract Tower,0,12,6,0,18,0,0,50,0,50,0,12,56,0,68,34,0,34,102
05/03/2015,EWN,NC,ASO,EN,Federal Contract Tower,0,13,11,0,24,0,0,55,0,55,0,13,66,0,79,18,0,18,97
05/04/2015,EWN,NC,ASO,EN,Federal Contract Tower,0,17,10,12,39,0,0,25,4,29,0,17,35,16,68,14,12,26,94
05/05/2015,EWN,NC,ASO,EN,Federal Contract Tower,0,19,12,6,37,0,1,28,0,29,0,20,40,6,66,12,0,12,78
05/06/2015,EWN,NC,ASO,EN,Federal Contract Tower,0,18,14,2,34,0,0,39,0,39,0,18,53,2,73,36,0,36,109
05/07/2015,EWN,NC,ASO,EN,Federal Contract Tower,0,21,2,6,29,0,0,5,0,5,0,21,7,6,34,0,0,0,34
05/08/2015,EWN,NC,ASO,EN,Federal Contract Tower,0,22,11,0,33,0,2,4,0,6,0,24,15,0,39,0,0,0,39
05/09/2015,EWN,NC,ASO,EN,Federal Contract Tower,0,8,2,0,10,0,0,1,0,1,0,8,3,0,11,0,0,0,11
05/10/2015,EWN,NC,ASO,EN,Federal Contract Tower,0,13,6,0,19,0,0,0,0,0,0,13,6,0,19,0,0,0,19
05/11/2015,EWN,NC,ASO,EN,Federal Contract Tower,0,14,4,0,18,0,0,0,5,5,0,14,4,5,23,0,0,0,23
05/12/2015,EWN,NC,ASO,EN,Federal Contract Tower,0,26,3,0,29,0,0,27,4,31,0,26,30,4,60,56,0,56,116
05/13/2015,EWN,NC,ASO,EN,Federal Contract Tower,0,19,11,2,32,0,0,24,2,26,0,19,35,4,58,38,0,38,96
05/14/2015,EWN,NC,ASO,EN,Federal Contract Tower,0,22,8,8,38,0,0,27,2,29,0,22,35,10,67,28,8,36,103
05/15/2015,EWN,NC,ASO,EN,Federal Contract Tower,0,20,4,8,32,0,7,33,0,40,0,27,37,8,72,88,0,88,160
05/16/2015,EWN,NC,ASO,EN,Federal Contract Tower,0,14,5,0,19,0,0,73,0,73,0,14,78,0,92,62,0,62,154
05/17/2015,EWN,NC,ASO,EN,Federal Contract Tower,0,16,10,0,26,0,0,39,0,39,0,16,49,0,65,62,0,62,127
05/18/2015,EWN,NC,ASO,EN,Federal Contract Tower,0,20,3,4,27,0,4,30,18,52,0,24,33,22,79,48,0,48,127
05/19/2015,EWN,NC,ASO,EN,Federal Contract Tower,0,21,17,0,38,0,6,27,0,33,0,27,44,0,71,20,0,20,91
05/20/2015,EWN,NC,ASO,EN,Federal Contract Tower,0,21,6,0,27,0,1,27,4,32,0,22,33,4,59,30,2,32,91
05/21/2015,EWN,NC,ASO,EN,Federal Contract Tower,0,23,14,3,40,0,2,22,2,26,0,25,36,5,66,18,2,20,86
05/22/2015,EWN,NC,ASO,EN,Federal Contract Tower,0,20,11,0,31,0,1,42,0,43,0,21,53,0,74,30,0,30,104
05/23/2015,EWN,NC,ASO,EN,Federal Contract Tower,0,13,6,0,19,0,0,36,0,36,0,13,42,0,55,28,0,28,83
05/24/2015,EWN,NC,ASO,EN,Federal Contract Tower,0,9,6,0,15,0,0,42,0,42,0,9,48,0,57,56,0,56,113
05/25/2015,EWN,NC,ASO,EN,Federal Contract Tower,0,14,9,0,23,0,20,38,0,58,0,34,47,0,81,98,0,98,179
05/26/2015,EWN,NC,ASO,EN,Federal Contract Tower,0,18,4,1,23,0,4,33,0,37,0,22,37,1,60,48,0,48,108
05/27/2015,EWN,NC,ASO,EN,Federal Contract Tower,0,22,10,0,32,0,6,28,4,38,0,28,38,4,70,64,0,64,134
05/28/2015,EWN,NC,ASO,EN,Federal Contract Tower,0,22,3,0,25,0,0,26,0,26,0,22,29,0,51,22,0,22,73
05/29/2015,EWN,NC,ASO,EN,Federal Contract Tower,0,21,5,2,28,0,0,25,0,25,0,21,30,2,53,26,0,26,79
05/30/2015,EWN,NC,ASO,EN,Federal Contract Tower,0,13,16,0,29,0,2,44,0,46,0,15,60,0,75,44,0,44,119
05/31/2015,EWN,NC,ASO,EN,Federal Contract Tower,0,14,7,0,21,0,0,44,0,44,0,14,51,0,65,48,0,48,113
06/01/2015,EWN,NC,ASO,EN,Federal Contract Tower,0,17,4,4,25,0,0,34,0,34,0,17,38,4,59,18,0,18,77
06/02/2015,EWN,NC,ASO,EN,Federal Contract Tower,0,18,22,0,40,0,0,21,0,21,0,18,43,0,61,44,0,44,105
06/03/2015,EWN,NC,ASO,EN,Federal Contract Tower,0,22,1,0,23,0,0,0,0,0,0,22,1,0,23,0,0,0,23
06/04/2015,EWN,NC,ASO,EN,Federal Contract Tower,0,21,10,6,37,0,0,7,0,7,0,21,17,6,44,24,0,24,68
06/05/2015,EWN,NC,ASO,EN,Federal Contract Tower,0,24,4,5,33,0,0,17,0,17,0,24,21,5,50,36,8,44,94
06/06/2015,EWN,NC,ASO,EN,Federal Contract Tower,0,12,8,0,20,0,0,29,0,29,0,12,37,0,49,24,0,24,73
06/07/2015,EWN,NC,ASO,EN,Federal Contract Tower,0,17,12,0,29,0,0,42,0,42,0,17,54,0,71,58,0,58,129
06/08/2015,EWN,NC,ASO,EN,Federal Contract Tower,0,16,8,0,24,0,0,31,0,31,0,16,39,0,55,78,0,78,133
06/09/2015,EWN,NC,ASO,EN,Federal Contract Tower,0,22,9,0,31,0,0,17,0,17,0,22,26,0,48,0,0,0,48
06/10/2015,EWN,NC,ASO,EN,Federal Contract Tower,0,20,14,0,34,0,0,12,0,12,0,20,26,0,46,14,0,14,60
06/11/2015,EWN,NC,ASO,EN,Federal Contract Tower,0,20,5,2,27,0,0,24,2,26,0,20,29,4,53,4,0,4,57
06/12/2015,EWN,NC,ASO,EN,Federal Contract Tower,0,18,8,0,26,0,0,40,0,40,0,18,48,0,66,34,0,34,100
06/13/2015,EWN,NC,ASO,EN,Federal Contract Tower,0,15,9,0,24,0,0,36,0,36,0,15,45,0,60,46,0,46,106
06/14/2015,EWN,NC,ASO,EN,Federal Contract Tower,0,16,11,0,27,0,0,31,0,31,0,16,42,0,58,6,0,6,64
06/15/2015,EWN,NC,ASO,EN,Federal Contract Tower,0,21,3,2,26,0,0,30,0,30,0,21,33,2,56,16,6,22,78
06/16/2015,EWN,NC,ASO,EN,Federal Contract Tower,0,22,2,0,24,0,0,34,0,34,0,22,36,0,58,16,0,16,74
06/17/2015,EWN,NC,ASO,EN,Federal Contract Tower,0,17,11,7,35,0,0,33,6,39,0,17,44,13,74,14,0,14,88
06/18/2015,EWN,NC,ASO,EN,Federal Contract Tower,0,23,9,0,32,0,0,31,0,31,0,23,40,0,63,28,0,28,91
06/19/2015,EWN,NC,ASO,EN,Federal Contract Tower,0,22,19,0,41,0,0,49,0,49,0,22,68,0,90,65,0,65,155
06/20/2015,EWN,NC,ASO,EN,Federal Contract Tower,0,16,11,0,27,0,0,33,0,33,0,16,44,0,60,39,0,39,99
06/21/2015,EWN,NC,ASO,EN,Federal Contract Tower,0,16,35,0,51,0,0,60,0,60,0,16,95,0,111,52,0,52,163
06/22/2015,EWN,NC,ASO,EN,Federal Contract Tower,0,17,15,0,32,0,0,41,0,41,0,17,56,0,73,46,0,46,119
06/23/2015,EWN,NC,ASO,EN,Federal Contract Tower,0,18,8,0,26,0,0,41,0,41,0,18,49,0,67,74,0,74,141
06/24/2015,EWN,NC,ASO,EN,Federal Contract Tower,0,23,4,0,27,0,0,31,1,32,0,23,35,1,59,42,0,42,101
06/25/2015,EWN,NC,ASO,EN,Federal Contract Tower,0,21,8,0,29,0,0,43,2,45,0,21,51,2,74,18,8,26,100
06/26/2015,EWN,NC,ASO,EN,Federal Contract Tower,0,24,4,2,30,0,0,32,0,32,0,24,36,2,62,30,0,30,92
06/27/2015,EWN,NC,ASO,EN,Federal Contract Tower,0,13,4,0,17,0,0,24,0,24,0,13,28,0,41,20,0,20,61
06/28/2015,EWN,NC,ASO,EN,Federal Contract Tower,0,14,11,0,25,0,2,39,0,41,0,16,50,0,66,52,0,52,118
06/29/2015,EWN,NC,ASO,EN,Federal Contract Tower,0,17,5,2,24,0,0,33,0,33,0,17,38,2,57,36,0,36,93
06/30/2015,EWN,NC,ASO,EN,Federal Contract Tower,0,16,4,0,20,0,0,37,0,37,0,16,41,0,57,40,0,40,97
07/01/2015,EWN,NC,ASO,EN,Federal Contract Tower,0,25,2,0,27,0,0,36,0,36,0,25,38,0,63,78,0,78,141
07/02/2015,EWN,NC,ASO,EN,Federal Contract Tower,0,23,13,0,36,0,2,40,0,42,0,25,53,0,78,22,0,22,100
07/03/2015,EWN,NC,ASO,EN,Federal Contract Tower,0,26,23,0,49,0,0,29,0,29,0,26,52,0,78,14,0,14,92
07/04/2015,EWN,NC,ASO,EN,Federal Contract Tower,0,17,3,0,20,0,0,22,2,24,0,17,25,2,44,62,0,62,106
07/05/2015,EWN,NC,ASO,EN,Federal Contract Tower,1,14,5,0,20,0,0,29,0,29,1,14,34,0,49,70,0,70,119
07/06/2015,EWN,NC,ASO,EN,Federal Contract Tower,0,17,6,0,23,0,0,46,0,46,0,17,52,0,69,76,0,76,145
07/07/2015,EWN,NC,ASO,EN,Federal Contract Tower,0,16,12,2,30,0,0,42,0,42,0,16,54,2,72,26,0,26,98
07/08/2015,EWN,NC,ASO,EN,Federal Contract Tower,0,21,9,0,30,0,0,28,2,30,0,21,37,2,60,38,8,46,106
07/09/2015,EWN,NC,ASO,EN,Federal Contract Tower,0,25,1,4,30,0,0,29,0,29,0,25,30,4,59,20,0,20,79
07/10/2015,EWN,NC,ASO,EN,Federal Contract Tower,1,21,7,0,29,0,0,41,0,41,1,21,48,0,70,18,0,18,88
07/11/2015,EWN,NC,ASO,EN,Federal Contract Tower,0,16,5,0,21,0,0,29,0,29,0,16,34,0,50,46,0,46,96
07/12/2015,EWN,NC,ASO,EN,Federal Contract Tower,0,13,14,0,27,0,0,29,0,29,0,13,43,0,56,60,0,60,116
07/13/2015,EWN,NC,ASO,EN,Federal Contract Tower,0,18,3,0,21,0,0,20,0,20,0,18,23,0,41,66,0,66,107
07/14/2015,EWN,NC,ASO,EN,Federal Contract Tower,0,21,11,6,38,0,0,26,0,26,0,21,37,6,64,28,0,28,92
07/15/2015,EWN,NC,ASO,EN,Federal Contract Tower,0,24,22,0,46,0,0,34,0,34,0,24,56,0,80,30,0,30,110
07/16/2015,EWN,NC,ASO,EN,Federal Contract Tower,0,26,10,0,36,0,0,33,0,33,0,26,43,0,69,0,0,0,69
07/17/2015,EWN,NC,ASO,EN,Federal Contract Tower,0,25,50,6,81,0,0,53,0,53,0,25,103,6,134,56,0,56,190
07/18/2015,EWN,NC,ASO,EN,Federal Contract Tower,0,17,6,0,23,0,0,26,0,26,0,17,32,0,49,34,0,34,83
07/19/2015,EWN,NC,ASO,EN,Federal Contract Tower,0,18,31,0,49,0,0,28,0,28,0,18,59,0,77,24,0,24,101
07/20/2015,EWN,NC,ASO,EN,Federal Contract Tower,0,17,1,0,18,0,0,27,0,27,0,17,28,0,45,36,0,36,81
07/21/2015,EWN,NC,ASO,EN,Federal Contract Tower,0,23,11,4,38,0,0,36,0,36,0,23,47,4,74,6,0,6,80
07/22/2015,EWN,NC,ASO,EN,Federal Contract Tower,0,23,20,0,43,0,0,37,0,37,0,23,57,0,80,16,0,16,96
07/23/2015,EWN,NC,ASO,EN,Federal Contract Tower,0,21,7,0,28,0,0,0,4,4,0,21,7,4,32,0,0,0,32
07/24/2015,EWN,NC,ASO,EN,Federal Contract Tower,0,26,15,0,41,0,0,32,0,32,0,26,47,0,73,40,0,40,113
07/25/2015,EWN,NC,ASO,EN,Federal Contract Tower,0,15,10,0,25,0,0,56,0,56,0,15,66,0,81,68,0,68,149
07/26/2015,EWN,NC,ASO,EN,Federal Contract Tower,0,15,6,1,22,0,0,57,4,61,0,15,63,5,83,84,10,94,177
07/27/2015,EWN,NC,ASO,EN,Federal Contract Tower,0,19,10,0,29,0,0,45,0,45,0,19,55,0,74,94,0,94,168
07/28/2015,EWN,NC,ASO,EN,Federal Contract Tower,0,22,5,0,27,0,0,38,2,40,0,22,43,2,67,66,0,66,133
07/29/2015,EWN,NC,ASO,EN,Federal Contract Tower,0,24,7,2,33,0,0,40,2,42,0,24,47,4,75,58,6,64,139
07/30/2015,EWN,NC,ASO,EN,Federal Contract Tower,0,23,7,0,30,0,0,19,0,19,0,23,26,0,49,6,0,6,55
07/31/2015,EWN,NC,ASO,EN,Federal Contract Tower,0,29,10,4,43,0,0,21,0,21,0,29,31,4,64,44,0,44,108
08/01/2015,EWN,NC,ASO,EN,Federal Contract Tower,0,15,5,0,20,0,0,44,0,44,0,15,49,0,64,34,0,34,98
08/02/2015,EWN,NC,ASO,EN,Federal Contract Tower,0,12,6,0,18,0,2,26,0,28,0,14,32,0,46,16,0,16,62
08/03/2015,EWN,NC,ASO,EN,Federal Contract Tower,0,17,6,4,27,0,0,14,0,14,0,17,20,4,41,22,0,22,63
08/04/2015,EWN,NC,ASO,EN,Federal Contract Tower,0,22,7,4,33,0,0,8,0,8,0,22,15,4,41,0,0,0,41
08/05/2015,EWN,NC,ASO,EN,Federal Contract Tower,0,22,20,4,46,0,0,35,0,35,0,22,55,4,81,56,0,56,137
08/06/2015,EWN,NC,ASO,EN,Federal Contract Tower,0,26,9,9,44,0,0,35,0,35,0,26,44,9,79,18,12,30,109
08/07/2015,EWN,NC,ASO,EN,Federal Contract Tower,0,18,14,0,32,0,0,4,0,4,0,18,18,0,36,0,0,0,36
08/08/2015,EWN,NC,ASO,EN,Federal Contract Tower,0,17,6,0,23,0,0,12,0,12,0,17,18,0,35,12,0,12,47
08/09/2015,EWN,NC,ASO,EN,Federal Contract Tower,0,16,5,0,21,0,0,86,0,86,0,16,91,0,107,60,0,60,167
08/10/2015,EWN,NC,ASO,EN,Federal Contract Tower,2,15,10,11,38,0,0,40,3,43,2,15,50,14,81,30,0,30,111
08/11/2015,EWN,NC,ASO,EN,Federal Contract Tower,0,20,10,4,34,0,0,10,2,12,0,20,20,6,46,0,0,0,46
08/12/2015,EWN,NC,ASO,EN,Federal Contract Tower,0,28,8,2,38,0,2,47,0,49,0,30,55,2,87,56,0,56,143
08/13/2015,EWN,NC,ASO,EN,Federal Contract Tower,0,24,10,4,38,0,0,27,0,27,0,24,37,4,65,14,0,14,79
08/14/2015,EWN,NC,ASO,EN,Federal Contract Tower,1,19,27,0,47,0,0,68,6,74,1,19,95,6,121,60,0,60,181
08/15/2015,EWN,NC,ASO,EN,Federal Contract Tower,0,17,3,0,20,0,0,42,0,42,0,17,45,0,62,30,0,30,92
08/16/2015,EWN,NC,ASO,EN,Federal Contract Tower,0,16,14,0,30,0,0,52,0,52,0,16,66,0,82,14,0,14,96
08/17/2015,EWN,NC,ASO,EN,Federal Contract Tower,0,16,4,0,20,0,0,28,0,28,0,16,32,0,48,36,0,36,84
08/18/2015,EWN,NC,ASO,EN,Federal Contract Tower,0,22,6,0,28,0,0,31,0,31,0,22,37,0,59,78,0,78,137
08/19/2015,EWN,NC,ASO,EN,Federal Contract Tower,0,21,7,0,28,0,0,29,2,31,0,21,36,2,59,32,0,32,91
08/20/2015,EWN,NC,ASO,EN,Federal Contract Tower,0,24,3,0,27,0,0,37,0,37,0,24,40,0,64,60,0,60,124
08/21/2015,EWN,NC,ASO,EN,Federal Contract Tower,0,20,9,2,31,0,0,19,0,19,0,20,28,2,50,12,0,12,62
08/22/2015,EWN,NC,ASO,EN,Federal Contract Tower,0,15,8,0,23,0,0,37,0,37,0,15,45,0,60,38,0,38,98
08/23/2015,EWN,NC,ASO,EN,Federal Contract Tower,0,16,13,0,29,0,0,50,0,50,0,16,63,0,79,74,0,74,153
08/24/2015,EWN,NC,ASO,EN,Federal Contract Tower,0,18,9,0,27,0,0,30,0,30,0,18,39,0,57,24,0,24,81
08/25/2015,EWN,NC,ASO,EN,Federal Contract Tower,0,22,4,0,26,0,0,28,0,28,0,22,32,0,54,0,0,0,54
08/26/2015,EWN,NC,ASO,EN,Federal Contract Tower,0,23,3,0,26,0,0,21,0,21,0,23,24,0,47,6,0,6,53
08/27/2015,EWN,NC,ASO,EN,Federal Contract Tower,0,22,8,1,31,0,0,16,1,17,0,22,24,2,48,16,0,16,64
08/28/2015,EWN,NC,ASO,EN,Federal Contract Tower,0,20,11,0,31,0,0,36,0,36,0,20,47,0,67,54,0,54,121
08/29/2015,EWN,NC,ASO,EN,Federal Contract Tower,0,15,22,0,37,0,0,56,0,56,0,15,78,0,93,68,0,68,161
08/30/2015,EWN,NC,ASO,EN,Federal Contract Tower,0,12,14,0,26,0,0,53,0,53,0,12,67,0,79,28,0,28,107
08/31/2015,EWN,NC,ASO,EN,Federal Contract Tower,0,17,7,1,25,0,0,20,0,20,0,17,27,1,45,28,12,40,85
09/01/2015,EWN,NC,ASO,EN,Federal Contract Tower,0,21,8,2,31,0,0,32,0,32,0,21,40,2,63,66,0,66,129
09/02/2015,EWN,NC,ASO,EN,Federal Contract Tower,0,21,10,8,39,0,0,58,0,58,0,21,68,8,97,44,0,44,141
09/03/2015,EWN,NC,ASO,EN,Federal Contract Tower,0,16,18,0,34,0,0,57,0,57,0,16,75,0,91,50,0,50,141
09/04/2015,EWN,NC,ASO,EN,Federal Contract Tower,0,17,23,4,44,0,0,35,0,35,0,17,58,4,79,48,0,48,127
09/05/2015,EWN,NC,ASO,EN,Federal Contract Tower,0,16,7,0,23,0,0,17,0,17,0,16,24,0,40,22,0,22,62
09/06/2015,EWN,NC,ASO,EN,Federal Contract Tower,0,9,1,0,10,0,0,4,0,4,0,9,5,0,14,0,0,0,14
09/07/2015,EWN,NC,ASO,EN,Federal Contract Tower,0,14,20,0,34,0,0,28,0,28,0,14,48,0,62,16,0,16,78
09/08/2015,EWN,NC,ASO,EN,Federal Contract Tower,0,14,13,1,28,0,0,26,2,28,0,14,39,3,56,32,0,32,88
09/09/2015,EWN,NC,ASO,EN,Federal Contract Tower,0,27,6,0,33,0,0,14,0,14,0,27,20,0,47,14,0,14,61
09/10/2015,EWN,NC,ASO,EN,Federal Contract Tower,0,19,18,0,37,0,0,46,6,52,0,19,64,6,89,22,0,22,111
09/11/2015,EWN,NC,ASO,EN,Federal Contract Tower,0,20,14,2,36,0,0,30,0,30,0,20,44,2,66,36,0,36,102
09/12/2015,EWN,NC,ASO,EN,Federal Contract Tower,0,16,9,0,25,0,0,25,0,25,0,16,34,0,50,36,0,36,86
09/13/2015,EWN,NC,ASO,EN,Federal Contract Tower,0,16,21,2,39,0,0,48,0,48,0,16,69,2,87,66,0,66,153
09/14/2015,EWN,NC,ASO,EN,Federal Contract Tower,2,15,15,8,40,0,0,36,0,36,2,15,51,8,76,28,0,28,104
09/15/2015,EWN,NC,ASO,EN,Federal Contract Tower,2,22,14,4,42,0,0,87,0,87,2,22,101,4,129,70,0,70,199
09/16/2015,EWN,NC,ASO,EN,Federal Contract Tower,0,21,5,6,32,0,0,49,4,53,0,21,54,10,85,70,20,90,175
09/17/2015,EWN,NC,ASO,EN,Federal Contract Tower,0,22,13,6,41,0,0,29,2,31,0,22,42,8,72,8,0,8,80
09/18/2015,EWN,NC,ASO,EN,Federal Contract Tower,0,18,11,0,29,0,0,28,3,31,0,18,39,3,60,8,20,28,88
09/19/2015,EWN,NC,ASO,EN,Federal Contract Tower,0,15,5,0,20,0,0,47,0,47,0,15,52,0,67,63,0,63,130
09/20/2015,EWN,NC,ASO,EN,Federal Contract Tower,0,20,18,0,38,0,0,76,0,76,0,20,94,0,114,124,0,124,238
09/21/2015,EWN,NC,ASO,EN,Federal Contract Tower,0,18,13,0,31,0,0,31,4,35,0,18,44,4,66,58,0,58,124
09/22/2015,EWN,NC,ASO,EN,Federal Contract Tower,0,25,9,2,36,0,0,9,0,9,0,25,18,2,45,10,0,10,55
09/23/2015,EWN,NC,ASO,EN,Federal Contract Tower,0,24,10,2,36,0,0,19,0,19,0,24,29,2,55,18,0,18,73
09/24/2015,EWN,NC,ASO,EN,Federal Contract Tower,0,23,12,10,45,0,0,1,2,3,0,23,13,12,48,4,24,28,76
09/25/2015,EWN,NC,ASO,EN,Federal Contract Tower,0,29,0,0,29,0,0,0,0,0,0,29,0,0,29,0,0,0,29
09/26/2015,EWN,NC,ASO,EN,Federal Contract Tower,0,15,7,0,22,0,0,0,0,0,0,15,7,0,22,0,0,0,22
09/27/2015,EWN,NC,ASO,EN,Federal Contract Tower,0,22,4,0,26,0,0,2,0,2,0,22,6,0,28,0,0,0,28
09/28/2015,EWN,NC,ASO,EN,Federal Contract Tower,0,17,8,0,25,0,0,0,0,0,0,17,8,0,25,0,0,0,25
09/29/2015,EWN,NC,ASO,EN,Federal Contract Tower,0,23,20,2,45,0,0,11,0,11,0,23,31,2,56,12,0,12,68
09/30/2015,EWN,NC,ASO,EN,Federal Contract Tower,0,24,5,0,29,0,0,25,1,26,0,24,30,1,55,22,0,22,77
10/01/2015,EWN,NC,ASO,EN,Federal Contract Tower,0,21,13,3,37,0,0,0,0,0,0,21,13,3,37,0,0,0,37
10/02/2015,EWN,NC,ASO,EN,Federal Contract Tower,0,15,4,0,19,0,0,0,0,0,0,15,4,0,19,0,0,0,19
10/03/2015,EWN,NC,ASO,EN,Federal Contract Tower,0,15,3,0,18,0,0,23,0,23,0,15,26,0,41,0,0,0,41
10/04/2015,EWN,NC,ASO,EN,Federal Contract Tower,0,16,5,0,21,0,0,0,0,0,0,16,5,0,21,0,0,0,21
10/05/2015,EWN,NC,ASO,EN,Federal Contract Tower,0,17,7,0,24,0,0,0,0,0,0,17,7,0,24,0,0,0,24
10/06/2015,EWN,NC,ASO,EN,Federal Contract Tower,0,21,9,1,31,0,2,15,0,17,0,23,24,1,48,38,0,38,86
10/07/2015,EWN,NC,ASO,EN,Federal Contract Tower,0,27,5,0,32,0,0,51,0,51,0,27,56,0,83,62,0,62,145
10/08/2015,EWN,NC,ASO,EN,Federal Contract Tower,0,28,23,0,51,0,0,58,2,60,0,28,81,2,111,56,20,76,187
10/09/2015,EWN,NC,ASO,EN,Federal Contract Tower,0,20,8,0,28,0,0,50,1,51,0,20,58,1,79,92,20,112,191
10/10/2015,EWN,NC,ASO,EN,Federal Contract Tower,0,13,5,0,18,0,0,12,0,12,0,13,17,0,30,0,0,0,30
10/11/2015,EWN,NC,ASO,EN,Federal Contract Tower,0,14,5,0,19,0,0,55,0,55,0,14,60,0,74,66,0,66,140
10/12/2015,EWN,NC,ASO,EN,Federal Contract Tower,0,16,5,0,21,0,0,8,0,8,0,16,13,0,29,8,0,8,37
10/13/2015,EWN,NC,ASO,EN,Federal Contract Tower,0,21,8,0,29,0,0,43,0,43,0,21,51,0,72,26,0,26,98
10/14/2015,EWN,NC,ASO,EN,Federal Contract Tower,0,24,4,2,30,0,0,43,0,43,0,24,47,2,73,42,0,42,115
10/15/2015,EWN,NC,ASO,EN,Federal Contract Tower,0,22,3,3,28,0,0,42,0,42,0,22,45,3,70,26,0,26,96
10/16/2015,EWN,NC,ASO,EN,Federal Contract Tower,0,18,11,2,31,0,0,49,0,49,0,18,60,2,80,12,0,12,92
10/17/2015,EWN,NC,ASO,EN,Federal Contract Tower,0,13,4,0,17,0,0,53,0,53,0,13,57,0,70,16,0,16,86
10/18/2015,EWN,NC,ASO,EN,Federal Contract Tower,0,13,5,0,18,0,0,25,0,25,0,13,30,0,43,14,0,14,57
10/19/2015,EWN,NC,ASO,EN,Federal Contract Tower,0,17,2,0,19,0,0,52,0,52,0,17,54,0,71,32,0,32,103
10/20/2015,EWN,NC,ASO,EN,Federal Contract Tower,0,22,11,0,33,0,0,53,2,55,0,22,64,2,88,48,0,48,136
10/21/2015,EWN,NC,ASO,EN,Federal Contract Tower,0,21,5,0,26,0,0,36,0,36,0,21,41,0,62,26,0,26,88
10/22/2015,EWN,NC,ASO,EN,Federal Contract Tower,0,19,12,2,33,0,2,32,0,34,0,21,44,2,67,20,0,20,87
10/23/2015,EWN,NC,ASO,EN,Federal Contract Tower,0,15,14,2,31,0,0,51,0,51,0,15,65,2,82,46,0,46,128
10/24/2015,EWN,NC,ASO,EN,Federal Contract Tower,0,15,0,0,15,0,0,58,0,58,0,15,58,0,73,60,0,60,133
10/25/2015,EWN,NC,ASO,EN,Federal Contract Tower,0,12,12,0,24,0,0,46,0,46,0,12,58,0,70,74,0,74,144
10/26/2015,EWN,NC,ASO,EN,Federal Contract Tower,0,16,8,0,24,0,0,32,0,32,0,16,40,0,56,60,0,60,116
10/27/2015,EWN,NC,ASO,EN,Federal Contract Tower,0,13,7,0,20,0,0,3,0,3,0,13,10,0,23,0,0,0,23
10/28/2015,EWN,NC,ASO,EN,Federal Contract Tower,0,21,14,4,39,0,0,5,2,7,0,21,19,6,46,0,14,14,60
10/29/2015,EWN,NC,ASO,EN,Federal Contract Tower,0,21,11,0,32,0,0,27,0,27,0,21,38,0,59,22,0,22,81
10/30/2015,EWN,NC,ASO,EN,Federal Contract Tower,0,17,14,0,31,0,0,44,0,44,0,17,58,0,75,38,0,38,113
10/31/2015,EWN,NC,ASO,EN,Federal Contract Tower,0,13,1,0,14,0,0,28,0,28,0,13,29,0,42,12,0,12,54
11/01/2015,EWN,NC,ASO,EN,Federal Contract Tower,0,13,6,0,19,0,0,25,0,25,0,13,31,0,44,26,0,26,70
11/02/2015,EWN,NC,ASO,EN,Federal Contract Tower,0,16,4,3,23,0,0,0,0,0,0,16,4,3,23,0,0,0,23
11/03/2015,EWN,NC,ASO,EN,Federal Contract Tower,0,18,5,2,25,0,0,0,0,0,0,18,5,2,25,0,0,0,25
11/04/2015,EWN,NC,ASO,EN,Federal Contract Tower,0,23,5,4,32,0,0,2,0,2,0,23,7,4,34,0,0,0,34
11/05/2015,EWN,NC,ASO,EN,Federal Contract Tower,0,23,15,4,42,0,0,12,0,12,0,23,27,4,54,18,34,52,106
11/06/2015,EWN,NC,ASO,EN,Federal Contract Tower,0,20,13,0,33,0,0,36,0,36,0,20,49,0,69,46,0,46,115
11/07/2015,EWN,NC,ASO,EN,Federal Contract Tower,0,14,1,0,15,0,0,22,0,22,0,14,23,0,37,18,0,18,55
11/08/2015,EWN,NC,ASO,EN,Federal Contract Tower,0,14,13,0,27,0,0,24,0,24,0,14,37,0,51,8,0,8,59
11/09/2015,EWN,NC,ASO,EN,Federal Contract Tower,0,19,6,0,25,0,0,0,0,0,0,19,6,0,25,0,0,0,25
11/10/2015,EWN,NC,ASO,EN,Federal Contract Tower,0,20,10,4,34,0,0,5,0,5,0,20,15,4,39,6,0,6,45
11/11/2015,EWN,NC,ASO,EN,Federal Contract Tower,0,23,9,0,32,0,0,55,0,55,0,23,64,0,87,54,0,54,141
11/12/2015,EWN,NC,ASO,EN,Federal Contract Tower,0,21,8,0,29,0,0,43,0,43,0,21,51,0,72,48,0,48,120
11/13/2015,EWN,NC,ASO,EN,Federal Contract Tower,0,17,10,0,27,0,0,40,3,43,0,17,50,3,70,42,14,56,126
11/14/2015,EWN,NC,ASO,EN,Federal Contract Tower,0,13,2,0,15,0,0,39,0,39,0,13,41,0,54,52,0,52,106
11/15/2015,EWN,NC,ASO,EN,Federal Contract Tower,0,13,6,0,19,0,0,59,0,59,0,13,65,0,78,52,0,52,130
11/16/2015,EWN,NC,ASO,EN,Federal Contract Tower,0,16,3,0,19,0,0,20,0,20,0,16,23,0,39,0,0,0,39
11/17/2015,EWN,NC,ASO,EN,Federal Contract Tower,0,16,12,0,28,0,0,34,4,38,0,16,46,4,66,24,0,24,90
11/18/2015,EWN,NC,ASO,EN,Federal Contract Tower,0,21,7,4,32,0,0,41,2,43,0,21,48,6,75,16,4,20,95
11/19/2015,EWN,NC,ASO,EN,Federal Contract Tower,0,28,9,8,45,0,0,2,0,2,0,28,11,8,47,0,0,0,47
11/20/2015,EWN,NC,ASO,EN,Federal Contract Tower,0,18,13,4,35,0,0,62,0,62,0,18,75,4,97,90,0,90,187
11/21/2015,EWN,NC,ASO,EN,Federal Contract Tower,0,16,9,0,25,0,0,60,0,60,0,16,69,0,85,36,0,36,121
11/22/2015,EWN,NC,ASO,EN,Federal Contract Tower,0,15,3,0,18,0,0,0,0,0,0,15,3,0,18,0,0,0,18
11/23/2015,EWN,NC,ASO,EN,Federal Contract Tower,0,17,15,0,32,0,0,29,10,39,0,17,44,10,71,8,0,8,79
11/24/2015,EWN,NC,ASO,EN,Federal Contract Tower,0,19,13,6,38,0,0,39,0,39,0,19,52,6,77,66,0,66,143
11/25/2015,EWN,NC,ASO,EN,Federal Contract Tower,0,24,5,0,29,0,0,43,0,43,0,24,48,0,72,28,14,42,114
11/26/2015,EWN,NC,ASO,EN,Federal Contract Tower,0,9,3,0,12,0,2,33,0,35,0,11,36,0,47,16,0,16,63
11/27/2015,EWN,NC,ASO,EN,Federal Contract Tower,0,15,14,0,29,0,0,40,0,40,0,15,54,0,69,14,0,14,83
11/28/2015,EWN,NC,ASO,EN,Federal Contract Tower,0,19,5,0,24,0,0,36,0,36,0,19,41,0,60,40,0,40,100
11/29/2015,EWN,NC,ASO,EN,Federal Contract Tower,0,17,8,0,25,0,0,50,0,50,0,17,58,0,75,22,0,22,97
11/30/2015,EWN,NC,ASO,EN,Federal Contract Tower,0,19,17,2,38,0,0,0,0,0,0,19,17,2,38,0,0,0,38
12/01/2015,EWN,NC,ASO,EN,Federal Contract Tower,0,18,2,6,26,0,0,3,0,3,0,18,5,6,29,0,0,0,29
12/02/2015,EWN,NC,ASO,EN,Federal Contract Tower,0,28,12,0,40,0,0,4,0,4,0,28,16,0,44,0,0,0,44
12/03/2015,EWN,NC,ASO,EN,Federal Contract Tower,0,20,11,4,35,0,0,44,0,44,0,20,55,4,79,48,4,52,131
12/04/2015,EWN,NC,ASO,EN,Federal Contract Tower,0,24,10,6,40,0,0,26,4,30,0,24,36,10,70,34,34,68,138
12/05/2015,EWN,NC,ASO,EN,Federal Contract Tower,0,15,3,0,18,0,0,65,2,67,0,15,68,2,85,50,0,50,135
12/06/2015,EWN,NC,ASO,EN,Federal Contract Tower,0,16,7,0,23,0,0,30,0,30,0,16,37,0,53,12,0,12,65
12/07/2015,EWN,NC,ASO,EN,Federal Contract Tower,0,20,7,4,31,0,0,0,0,0,0,20,7,4,31,0,0,0,31
12/08/2015,EWN,NC,ASO,EN,Federal Contract Tower,0,18,21,0,39,0,2,41,0,43,0,20,62,0,82,32,0,32,114
12/09/2015,EWN,NC,ASO,EN,Federal Contract Tower,0,29,4,6,39,0,0,34,0,34,0,29,38,6,73,52,0,52,125
12/10/2015,EWN,NC,ASO,EN,Federal Contract Tower,0,20,10,2,32,0,0,32,2,34,0,20,42,4,66,18,0,18,84
12/11/2015,EWN,NC,ASO,EN,Federal Contract Tower,0,19,10,0,29,0,0,31,0,31,0,19,41,0,60,22,0,22,82
12/12/2015,EWN,NC,ASO,EN,Federal Contract Tower,0,11,11,0,22,0,0,34,0,34,0,11,45,0,56,38,0,38,94
12/13/2015,EWN,NC,ASO,EN,Federal Contract Tower,0,12,8,0,20,0,0,48,0,48,0,12,56,0,68,14,0,14,82
12/14/2015,EWN,NC,ASO,EN,Federal Contract Tower,0,18,10,0,28,0,0,9,0,9,0,18,19,0,37,16,0,16,53
12/15/2015,EWN,NC,ASO,EN,Federal Contract Tower,0,25,10,0,35,0,0,46,0,46,0,25,56,0,81,46,0,46,127
12/16/2015,EWN,NC,ASO,EN,Federal Contract Tower,0,25,20,2,47,0,0,67,0,67,0,25,87,2,114,48,0,48,162
12/17/2015,EWN,NC,ASO,EN,Federal Contract Tower,0,22,15,0,37,0,0,11,2,13,0,22,26,2,50,0,10,10,60
12/18/2015,EWN,NC,ASO,EN,Federal Contract Tower,0,23,14,0,37,0,0,28,0,28,0,23,42,0,65,0,0,0,65
12/19/2015,EWN,NC,ASO,EN,Federal Contract Tower,0,17,13,0,30,0,0,41,0,41,0,17,54,0,71,48,0,48,119
12/20/2015,EWN,NC,ASO,EN,Federal Contract Tower,0,13,7,0,20,0,0,64,0,64,0,13,71,0,84,14,0,14,98
12/21/2015,EWN,NC,ASO,EN,Federal Contract Tower,0,14,1,0,15,0,0,32,0,32,0,14,33,0,47,6,0,6,53
12/22/2015,EWN,NC,ASO,EN,Federal Contract Tower,0,15,12,0,27,0,0,6,0,6,0,15,18,0,33,2,0,2,35
12/23/2015,EWN,NC,ASO,EN,Federal Contract Tower,0,21,6,0,27,0,0,0,0,0,0,21,6,0,27,0,0,0,27
12/24/2015,EWN,NC,ASO,EN,Federal Contract Tower,0,21,3,0,24,0,0,2,0,2,0,21,5,0,26,0,0,0,26
12/25/2015,EWN,NC,ASO,EN,Federal Contract Tower,0,12,1,0,13,0,0,2,0,2,0,12,3,0,15,12,0,12,27
12/26/2015,EWN,NC,ASO,EN,Federal Contract Tower,0,17,5,0,22,0,0,19,0,19,0,17,24,0,41,22,0,22,63
12/27/2015,EWN,NC,ASO,EN,Federal Contract Tower,0,13,6,0,19,0,0,35,0,35,0,13,41,0,54,52,0,52,106
12/28/2015,EWN,NC,ASO,EN,Federal Contract Tower,0,17,4,0,21,0,0,0,0,0,0,17,4,0,21,0,0,0,21
12/29/2015,EWN,NC,ASO,EN,Federal Contract Tower,0,24,5,0,29,0,0,13,2,15,0,24,18,2,44,38,4,42,86
12/30/2015,EWN,NC,ASO,EN,Federal Contract Tower,0,16,10,0,26,0,0,6,0,6,0,16,16,0,32,0,0,0,32
12/31/2015,EWN,NC,ASO,EN,Federal Contract Tower,0,18,6,0,24,0,0,4,0,4,0,18,10,0,28,2,0,2,30
01/01/2016,EWN,NC,ASO,EN,Federal Contract Tower,0,13,4,0,17,0,0,8,0,8,0,13,12,0,25,0,0,0,25
01/02/2016,EWN,NC,ASO,EN,Federal Contract Tower,0,15,16,0,31,0,0,44,0,44,0,15,60,0,75,58,0,58,133
01/03/2016,EWN,NC,ASO,EN,Federal Contract Tower,0,16,6,0,22,0,0,40,0,40,0,16,46,0,62,22,0,22,84
01/04/2016,EWN,NC,ASO,EN,Federal Contract Tower,0,15,8,0,23,0,0,21,0,21,0,15,29,0,44,14,0,14,58
01/05/2016,EWN,NC,ASO,EN,Federal Contract Tower,0,17,5,12,34,0,0,23,0,23,0,17,28,12,57,4,0,4,61
01/06/2016,EWN,NC,ASO,EN,Federal Contract Tower,0,21,3,0,24,0,0,45,4,49,0,21,48,4,73,84,0,84,157
01/07/2016,EWN,NC,ASO,EN,Federal Contract Tower,0,17,9,4,30,0,0,1,0,1,0,17,10,4,31,0,0,0,31
01/08/2016,EWN,NC,ASO,EN,Federal Contract Tower,0,15,3,2,20,0,0,3,0,3,0,15,6,2,23,0,0,0,23
01/09/2016,EWN,NC,ASO,EN,Federal Contract Tower,0,0,12,15,27,0,0,0,0,0,0,0,12,15,27,0,0,0,27
01/10/2016,EWN,NC,ASO,EN,Federal Contract Tower,0,9,11,0,20,0,0,6,0,6,0,9,17,0,26,0,0,0,26
01/11/2016,EWN,NC,ASO,EN,Federal Contract Tower,0,17,7,2,26,0,0,32,0,32,0,17,39,2,58,30,0,30,88
01/12/2016,EWN,NC,ASO,EN,Federal Contract Tower,0,19,3,0,22,0,0,26,0,26,0,19,29,0,48,20,0,20,68
01/13/2016,EWN,NC,ASO,EN,Federal Contract Tower,0,21,3,8,32,0,0,53,6,59,0,21,56,14,91,38,36,74,165
01/14/2016,EWN,NC,ASO,EN,Federal Contract Tower,0,21,8,0,29,0,0,37,0,37,0,21,45,0,66,34,0,34,100
01/15/2016,EWN,NC,ASO,EN,Federal Contract Tower,0,16,2,0,18,0,0,14,0,14,0,16,16,0,32,12,0,12,44
01/16/2016,EWN,NC,ASO,EN,Federal Contract Tower,0,11,6,0,17,0,0,69,0,69,0,11,75,0,86,92,0,92,178
01/17/2016,EWN,NC,ASO,EN,Federal Contract Tower,0,11,3,0,14,0,0,0,0,0,0,11,3,0,14,0,0,0,14
01/18/2016,EWN,NC,ASO,EN,Federal Contract Tower,0,15,8,0,23,0,0,46,0,46,0,15,54,0,69,24,0,24,93
01/19/2016,EWN,NC,ASO,EN,Federal Contract Tower,0,18,9,0,27,0,0,16,2,18,0,18,25,2,45,6,0,6,51
01/20/2016,EWN,NC,ASO,EN,Federal Contract Tower,0,15,10,6,31,0,0,43,2,45,0,15,53,8,76,30,4,34,110
01/21/2016,EWN,NC,ASO,EN,Federal Contract Tower,0,19,9,0,28,0,0,31,0,31,0,19,40,0,59,30,0,30,89
01/22/2016,EWN,NC,ASO,EN,Federal Contract Tower,0,3,0,0,3,0,0,0,0,0,0,3,0,0,3,0,0,0,3
01/23/2016,EWN,NC,ASO,EN,Federal Contract Tower,0,4,0,0,4,0,0,0,0,0,0,4,0,0,4,0,0,0,4
01/24/2016,EWN,NC,ASO,EN,Federal Contract Tower,0,12,1,0,13,0,0,36,0,36,0,12,37,0,49,26,0,26,75
01/25/2016,EWN,NC,ASO,EN,Federal Contract Tower,0,11,8,4,23,0,0,38,3,41,0,11,46,7,64,60,0,60,124
01/26/2016,EWN,NC,ASO,EN,Federal Contract Tower,0,19,14,6,39,0,0,28,2,30,0,19,42,8,69,12,10,22,91
01/27/2016,EWN,NC,ASO,EN,Federal Contract Tower,0,21,4,2,27,0,0,7,2,9,0,21,11,4,36,0,26,26,62
01/28/2016,EWN,NC,ASO,EN,Federal Contract Tower,0,20,1,0,21,0,0,0,5,5,0,20,1,5,26,0,44,44,70
01/29/2016,EWN,NC,ASO,EN,Federal Contract Tower,0,16,10,0,26,0,0,33,0,33,0,16,43,0,59,30,18,48,107
01/30/2016,EWN,NC,ASO,EN,Federal Contract Tower,0,11,6,0,17,0,0,51,0,51,0,11,57,0,68,86,0,86,154
01/31/2016,EWN,NC,ASO,EN,Federal Contract Tower,0,14,3,0,17,0,0,54,0,54,0,14,57,0,71,30,0,30,101
02/01/2016,EWN,NC,ASO,EN,Federal Contract Tower,0,15,4,2,21,0,0,36,2,38,0,15,40,4,59,44,10,54,113
02/02/2016,EWN,NC,ASO,EN,Federal Contract Tower,0,23,12,10,45,0,0,19,3,22,0,23,31,13,67,16,16,32,99
02/03/2016,EWN,NC,ASO,EN,Federal Contract Tower,0,16,5,0,21,0,0,16,2,18,0,16,21,2,39,4,16,20,59
02/04/2016,EWN,NC,ASO,EN,Federal Contract Tower,0,20,2,4,26,0,0,0,0,0,0,20,2,4,26,0,0,0,26
02/05/2016,EWN,NC,ASO,EN,Federal Contract Tower,0,15,10,0,25,0,0,29,0,29,0,15,39,0,54,18,0,18,72
02/06/2016,EWN,NC,ASO,EN,Federal Contract Tower,0,12,9,0,21,0,0,50,3,53,0,12,59,3,74,78,6,84,158
02/07/2016,EWN,NC,ASO,EN,Federal Contract Tower,0,10,2,0,12,0,0,2,0,2,0,10,4,0,14,12,0,12,26
02/08/2016,EWN,NC,ASO,EN,Federal Contract Tower,0,14,8,0,22,0,0,31,0,31,0,14,39,0,53,8,0,8,61
02/09/2016,EWN,NC,ASO,EN,Federal Contract Tower,0,16,7,0,23,0,0,9,0,9,0,16,16,0,32,20,0,20,52
02/10/2016,EWN,NC,ASO,EN,Federal Contract Tower,0,11,9,0,20,0,0,78,0,78,0,11,87,0,98,8,0,8,106
02/11/2016,EWN,NC,ASO,EN,Federal Contract Tower,0,17,6,4,27,0,0,35,4,39,0,17,41,8,66,0,26,26,92
02/12/2016,EWN,NC,ASO,EN,Federal Contract Tower,0,20,8,0,28,0,0,2,0,2,0,20,10,0,30,0,0,0,30
02/13/2016,EWN,NC,ASO,EN,Federal Contract Tower,0,11,6,0,17,0,0,34,0,34,0,11,40,0,51,34,0,34,85
02/14/2016,EWN,NC,ASO,EN,Federal Contract Tower,0,13,15,0,28,0,0,43,17,60,0,13,58,17,88,30,12,42,130
02/15/2016,EWN,NC,ASO,EN,Federal Contract Tower,0,9,1,0,10,0,0,2,2,4,0,9,3,2,14,8,6,14,28
02/16/2016,EWN,NC,ASO,EN,Federal Contract Tower,0,15,11,0,26,0,0,8,0,8,0,15,19,0,34,12,0,12,46
02/17/2016,EWN,NC,ASO,EN,Federal Contract Tower,0,17,16,0,33,0,0,39,0,39,0,17,55,0,72,50,0,50,122
02/18/2016,EWN,NC,ASO,EN,Federal Contract Tower,0,22,17,0,39,0,0,51,0,51,0,22,68,0,90,42,0,42,132
02/19/2016,EWN,NC,ASO,EN,Federal Contract Tower,0,21,24,0,45,0,0,44,2,46,0,21,68,2,91,84,14,98,189
02/20/2016,EWN,NC,ASO,EN,Federal Contract Tower,0,15,10,0,25,0,0,52,2,54,0,15,62,2,79,68,0,68,147
02/21/2016,EWN,NC,ASO,EN,Federal Contract Tower,0,14,8,0,22,0,0,47,0,47,0,14,55,0,69,22,0,22,91
02/22/2016,EWN,NC,ASO,EN,Federal Contract Tower,0,14,11,2,27,0,0,4,3,7,0,14,15,5,34,0,38,38,72
02/23/2016,EWN,NC,ASO,EN,Federal Contract Tower,0,18,3,2,23,0,0,3,0,3,0,18,6,2,26,18,0,18,44
02/24/2016,EWN,NC,ASO,EN,Federal Contract Tower,0,2,18,1,21,0,0,0,0,0,0,2,18,1,21,0,0,0,21
02/25/2016,EWN,NC,ASO,EN,Federal Contract Tower,0,19,6,0,25,0,0,9,0,9,0,19,15,0,34,0,0,0,34
02/26/2016,EWN,NC,ASO,EN,Federal Contract Tower,0,15,14,2,31,0,0,43,0,43,0,15,57,2,74,36,0,36,110
02/27/2016,EWN,NC,ASO,EN,Federal Contract Tower,0,17,2,0,19,0,0,47,0,47,0,17,49,0,66,52,0,52,118
02/28/2016,EWN,NC,ASO,EN,Federal Contract Tower,0,11,2,0,13,0,0,54,0,54,0,11,56,0,67,80,0,80,147
02/29/2016,EWN,NC,ASO,EN,Federal Contract Tower,0,13,14,0,27,0,0,39,0,39,0,13,53,0,66,10,0,10,76
03/01/2016,EWN,NC,ASO,EN,Federal Contract Tower,0,17,8,0,25,0,0,46,0,46,0,17,54,0,71,16,0,16,87
03/02/2016,EWN,NC,ASO,EN,Federal Contract Tower,0,22,12,0,34,0,0,23,0,23,0,22,35,0,57,0,0,0,57
03/03/2016,EWN,NC,ASO,EN,Federal Contract Tower,0,25,11,0,36,0,0,44,0,44,0,25,55,0,80,30,0,30,110
03/04/2016,EWN,NC,ASO,EN,Federal Contract Tower,0,16,13,2,31,0,0,8,0,8,0,16,21,2,39,2,0,2,41
03/05/2016,EWN,NC,ASO,EN,Federal Contract Tower,0,10,3,0,13,0,0,48,2,50,0,10,51,2,63,46,0,46,109
03/06/2016,EWN,NC,ASO,EN,Federal Contract Tower,0,11,12,0,23,0,0,43,0,43,0,11,55,0,66,52,0,52,118
03/07/2016,EWN,NC,ASO,EN,Federal Contract Tower,0,13,1,0,14,0,1,36,2,39,0,14,37,2,53,28,6,34,87
03/08/2016,EWN,NC,ASO,EN,Federal Contract Tower,0,18,9,2,29,0,0,32,2,34,0,18,41,4,63,28,20,48,111
03/09/2016,EWN,NC,ASO,EN,Federal Contract Tower,0,19,7,0,26,0,0,34,2,36,0,19,41,2,62,28,28,56,118
03/10/2016,EWN,NC,ASO,EN,Federal Contract Tower,0,23,5,6,34,0,4,51,2,57,0,27,56,8,91,52,0,52,143
03/11/2016,EWN,NC,ASO,EN,Federal Contract Tower,0,15,25,0,40,0,1,42,0,43,0,16,67,0,83,18,0,18,101
03/12/2016,EWN,NC,ASO,EN,Federal Contract Tower,0,11,7,0,18,0,0,32,1,33,0,11,39,1,51,34,0,34,85
03/13/2016,EWN,NC,ASO,EN,Federal Contract Tower,0,15,6,0,21,0,0,19,0,19,0,15,25,0,40,8,0,8,48
03/14/2016,EWN,NC,ASO,EN,Federal Contract Tower,0,16,7,0,23,0,0,11,1,12,0,16,18,1,35,4,0,4,39
03/15/2016,EWN,NC,ASO,EN,Federal Contract Tower,0,11,10,10,31,0,0,39,2,41,0,11,49,12,72,28,14,42,114
03/16/2016,EWN,NC,ASO,EN,Federal Contract Tower,0,24,10,0,34,0,1,42,2,45,0,25,52,2,79,50,0,50,129
03/17/2016,EWN,NC,ASO,EN,Federal Contract Tower,0,22,3,0,25,0,0,34,2,36,0,22,37,2,61,34,0,34,95
03/18/2016,EWN,NC,ASO,EN,Federal Contract Tower,0,15,9,0,24,0,0,108,0,108,0,15,117,0,132,6,0,6,138
03/19/2016,EWN,NC,ASO,EN,Federal Contract Tower,0,15,0,0,15,0,0,39,0,39,0,15,39,0,54,50,0,50,104
03/20/2016,EWN,NC,ASO,EN,Federal Contract Tower,0,16,1,0,17,0,0,4,0,4,0,16,5,0,21,0,0,0,21
03/21/2016,EWN,NC,ASO,EN,Federal Contract Tower,0,14,6,4,24,0,0,43,0,43,0,14,49,4,67,22,0,22,89
03/22/2016,EWN,NC,ASO,EN,Federal Contract Tower,0,14,20,0,34,0,0,45,0,45,0,14,65,0,79,6,0,6,85
03/23/2016,EWN,NC,ASO,EN,Federal Contract Tower,0,20,6,0,26,0,1,48,0,49,0,21,54,0,75,24,0,24,99
03/24/2016,EWN,NC,ASO,EN,Federal Contract Tower,0,21,10,0,31,0,1,47,2,50,0,22,57,2,81,34,28,62,143
03/25/2016,EWN,NC,ASO,EN,Federal Contract Tower,0,21,6,0,27,0,0,44,0,44,0,21,50,0,71,34,0,34,105
03/26/2016,EWN,NC,ASO,EN,Federal Contract Tower,0,21,6,0,27,0,0,44,0,44,0,21,50,0,71,34,0,34,105
03/27/2016,EWN,NC,ASO,EN,Federal Contract Tower,0,14,4,0,18,0,0,0,0,0,0,14,4,0,18,0,0,0,18
03/28/2016,EWN,NC,ASO,EN,Federal Contract Tower,0,17,12,0,29,0,0,24,0,24,0,17,36,0,53,4,0,4,57
03/29/2016,EWN,NC,ASO,EN,Federal Contract Tower,0,11,18,0,29,0,0,29,0,29,0,11,47,0,58,22,0,22,80
03/30/2016,EWN,NC,ASO,EN,Federal Contract Tower,0,19,11,0,30,0,0,52,0,52,0,19,63,0,82,44,0,44,126
03/31/2016,EWN,NC,ASO,EN,Federal Contract Tower,0,29,1,4,34,0,0,30,0,30,0,29,31,4,64,24,0,24,88
04/01/2016,EWN,NC,ASO,EN,Federal Contract Tower,0,18,7,0,25,0,0,5,0,5,0,18,12,0,30,18,0,18,48
04/02/2016,EWN,NC,ASO,EN,Federal Contract Tower,0,13,5,0,18,0,0,5,0,5,0,13,10,0,23,0,0,0,23
04/03/2016,EWN,NC,ASO,EN,Federal Contract Tower,0,14,2,3,19,0,0,33,2,35,0,14,35,5,54,46,6,52,106
04/04/2016,EWN,NC,ASO,EN,Federal Contract Tower,0,15,11,5,31,0,0,27,2,29,0,15,38,7,60,10,6,16,76
04/05/2016,EWN,NC,ASO,EN,Federal Contract Tower,0,14,12,6,32,0,2,22,0,24,0,16,34,6,56,30,0,30,86
04/06/2016,EWN,NC,ASO,EN,Federal Contract Tower,0,19,24,4,47,0,0,65,0,65,0,19,89,4,112,66,0,66,178
04/07/2016,EWN,NC,ASO,EN,Federal Contract Tower,0,16,8,0,24,0,0,17,0,17,0,16,25,0,41,14,0,14,55
04/08/2016,EWN,NC,ASO,EN,Federal Contract Tower,0,18,21,0,39,0,0,48,0,48,0,18,69,0,87,58,0,58,145
04/09/2016,EWN,NC,ASO,EN,Federal Contract Tower,0,14,5,0,19,0,0,9,0,9,0,14,14,0,28,0,0,0,28
04/10/2016,EWN,NC,ASO,EN,Federal Contract Tower,0,12,10,0,22,0,0,57,0,57,0,12,67,0,79,92,0,92,171
04/11/2016,EWN,NC,ASO,EN,Federal Contract Tower,0,13,20,0,33,0,0,44,0,44,0,13,64,0,77,34,0,34,111
04/12/2016,EWN,NC,ASO,EN,Federal Contract Tower,0,19,10,2,31,0,0,5,0,5,0,19,15,2,36,6,0,6,42
04/13/2016,EWN,NC,ASO,EN,Federal Contract Tower,0,23,18,0,41,0,0,31,4,35,0,23,49,4,76,38,0,38,114
04/14/2016,EWN,NC,ASO,EN,Federal Contract Tower,0,22,14,0,36,0,0,33,0,33,0,22,47,0,69,28,0,28,97
04/15/2016,EWN,NC,ASO,EN,Federal Contract Tower,0,15,7,0,22,0,0,34,0,34,0,15,41,0,56,42,0,42,98
04/16/2016,EWN,NC,ASO,EN,Federal Contract Tower,0,17,2,0,19,0,0,120,3,123,0,17,122,3,142,76,6,82,224
04/17/2016,EWN,NC,ASO,EN,Federal Contract Tower,0,11,5,0,16,0,0,31,0,31,0,11,36,0,47,0,0,0,47
04/18/2016,EWN,NC,ASO,EN,Federal Contract Tower,0,12,5,0,17,0,0,38,0,38,0,12,43,0,55,0,0,0,55
04/19/2016,EWN,NC,ASO,EN,Federal Contract Tower,0,18,10,0,28,0,5,29,0,34,0,23,39,0,62,10,0,10,72
04/20/2016,EWN,NC,ASO,EN,Federal Contract Tower,0,19,3,0,22,0,2,48,0,50,0,21,51,0,72,64,0,64,136
04/21/2016,EWN,NC,ASO,EN,Federal Contract Tower,0,19,7,0,26,0,2,56,0,58,0,21,63,0,84,48,0,48,132
04/22/2016,EWN,NC,ASO,EN,Federal Contract Tower,0,19,14,0,33,0,2,15,0,17,0,21,29,0,50,0,0,0,50
04/23/2016,EWN,NC,ASO,EN,Federal Contract Tower,0,14,9,1,24,0,0,38,0,38,0,14,47,1,62,0,0,0,62
04/24/2016,EWN,NC,ASO,EN,Federal Contract Tower,0,12,6,0,18,0,0,53,0,53,0,12,59,0,71,46,0,46,117
04/25/2016,EWN,NC,ASO,EN,Federal Contract Tower,0,14,8,0,22,0,0,47,0,47,0,14,55,0,69,42,0,42,111
04/26/2016,EWN,NC,ASO,EN,Federal Contract Tower,0,14,12,0,26,0,0,40,2,42,0,14,52,2,68,34,12,46,114
04/27/2016,EWN,NC,ASO,EN,Federal Contract Tower,0,18,5,0,23,0,0,48,4,52,0,18,53,4,75,56,8,64,139
04/28/2016,EWN,NC,ASO,EN,Federal Contract Tower,0,18,7,3,28,0,0,34,5,39,0,18,41,8,67,34,12,46,113
04/29/2016,EWN,NC,ASO,EN,Federal Contract Tower,0,15,22,0,37,0,0,16,0,16,0,15,38,0,53,52,0,52,105
04/30/2016,EWN,NC,ASO,EN,Federal Contract Tower,0,12,14,0,26,0,0,21,0,21,0,12,35,0,47,22,0,22,69
05/01/2016,EWN,NC,ASO,EN,Federal Contract Tower,0,12,10,0,22,0,2,19,0,21,0,14,29,0,43,24,0,24,67
05/02/2016,EWN,NC,ASO,EN,Federal Contract Tower,0,13,12,1,26,0,0,32,3,35,0,13,44,4,61,40,14,54,115
05/03/2016,EWN,NC,ASO,EN,Federal Contract Tower,0,12,19,3,34,0,2,4,1,7,0,14,23,4,41,6,0,6,47
05/04/2016,EWN,NC,ASO,EN,Federal Contract Tower,0,21,19,0,40,0,0,23,0,23,0,21,42,0,63,56,0,56,119
05/05/2016,EWN,NC,ASO,EN,Federal Contract Tower,0,22,8,0,30,0,0,4,0,4,0,22,12,0,34,14,0,14,48
05/06/2016,EWN,NC,ASO,EN,Federal Contract Tower,0,21,20,0,41,0,0,9,3,12,0,21,29,3,53,12,4,16,69
05/07/2016,EWN,NC,ASO,EN,Federal Contract Tower,0,13,6,0,19,0,0,49,0,49,0,13,55,0,68,66,0,66,134
05/08/2016,EWN,NC,ASO,EN,Federal Contract Tower,0,15,3,0,18,0,0,45,0,45,0,15,48,0,63,22,0,22,85
05/09/2016,EWN,NC,ASO,EN,Federal Contract Tower,0,15,12,0,27,0,2,34,2,38,0,17,46,2,65,106,0,106,171
05/10/2016,EWN,NC,ASO,EN,Federal Contract Tower,0,28,13,0,41,0,3,49,0,52,0,31,62,0,93,158,0,158,251
05/11/2016,EWN,NC,ASO,EN,Federal Contract Tower,0,22,11,0,33,0,0,25,0,25,0,22,36,0,58,22,0,22,80
05/12/2016,EWN,NC,ASO,EN,Federal Contract Tower,0,24,7,2,33,0,0,27,2,29,0,24,34,4,62,18,10,28,90
05/13/2016,EWN,NC,ASO,EN,Federal Contract Tower,0,21,15,0,36,0,0,29,4,33,0,21,44,4,69,18,0,18,87
05/14/2016,EWN,NC,ASO,EN,Federal Contract Tower,0,17,7,0,24,0,0,38,0,38,0,17,45,0,62,26,0,26,88
05/15/2016,EWN,NC,ASO,EN,Federal Contract Tower,0,18,12,0,30,0,0,55,0,55,0,18,67,0,85,46,0,46,131
05/16/2016,EWN,NC,ASO,EN,Federal Contract Tower,0,13,11,7,31,0,0,39,0,39,0,13,50,7,70,42,0,42,112
05/17/2016,EWN,NC,ASO,EN,Federal Contract Tower,22,5,0,0,27,0,0,14,0,14,22,5,14,0,41,18,0,18,59
05/18/2016,EWN,NC,ASO,EN,Federal Contract Tower,27,20,0,8,55,0,0,31,0,31,27,20,31,8,86,22,0,22,108
05/19/2016,EWN,NC,ASO,EN,Federal Contract Tower,0,23,13,2,38,0,0,38,0,38,0,23,51,2,76,48,0,48,124
05/20/2016,EWN,NC,ASO,EN,Federal Contract Tower,0,24,15,3,42,0,0,34,6,40,0,24,49,9,82,18,34,52,134
05/21/2016,EWN,NC,ASO,EN,Federal Contract Tower,0,17,6,2,25,0,0,19,0,19,0,17,25,2,44,0,0,0,44
05/22/2016,EWN,NC,ASO,EN,Federal Contract Tower,0,16,12,0,28,0,0,18,0,18,0,16,30,0,46,32,0,32,78
05/23/2016,EWN,NC,ASO,EN,Federal Contract Tower,0,16,21,0,37,0,0,17,0,17,0,16,38,0,54,30,0,30,84
05/24/2016,EWN,NC,ASO,EN,Federal Contract Tower,0,15,24,0,39,0,0,51,0,51,0,15,75,0,90,84,0,84,174
05/25/2016,EWN,NC,ASO,EN,Federal Contract Tower,0,25,8,0,33,0,0,62,4,66,0,25,70,4,99,68,0,68,167
05/26/2016,EWN,NC,ASO,EN,Federal Contract Tower,0,24,16,6,46,0,0,50,0,50,0,24,66,6,96,60,0,60,156
05/27/2016,EWN,NC,ASO,EN,Federal Contract Tower,0,19,9,0,28,0,0,35,0,35,0,19,44,0,63,46,0,46,109
05/28/2016,EWN,NC,ASO,EN,Federal Contract Tower,0,17,10,0,27,0,0,35,0,35,0,17,45,0,62,43,0,43,105
05/29/2016,EWN,NC,ASO,EN,Federal Contract Tower,0,14,1,0,15,0,0,0,0,0,0,14,1,0,15,0,0,0,15
05/30/2016,EWN,NC,ASO,EN,Federal Contract Tower,0,15,11,0,26,0,0,15,0,15,0,15,26,0,41,16,0,16,57
05/31/2016,EWN,NC,ASO,EN,Federal Contract Tower,0,18,14,0,32,0,0,5,0,5,0,18,19,0,37,6,0,6,43
06/01/2016,EWN,NC,ASO,EN,Federal Contract Tower,0,21,9,0,30,0,0,9,0,9,0,21,18,0,39,6,0,6,45
06/02/2016,EWN,NC,ASO,EN,Federal Contract Tower,0,26,14,0,40,0,0,32,0,32,0,26,46,0,72,30,0,30,102
06/03/2016,EWN,NC,ASO,EN,Federal Contract Tower,0,19,12,0,31,0,0,36,2,38,0,19,48,2,69,54,14,68,137
06/04/2016,EWN,NC,ASO,EN,Federal Contract Tower,0,18,1,0,19,0,0,32,0,32,0,18,33,0,51,26,0,26,77
06/05/2016,EWN,NC,ASO,EN,Federal Contract Tower,0,15,18,0,33,0,0,34,0,34,0,15,52,0,67,54,0,54,121
06/06/2016,EWN,NC,ASO,EN,Federal Contract Tower,0,14,20,0,34,0,1,18,0,19,0,15,38,0,53,0,0,0,53
06/07/2016,EWN,NC,ASO,EN,Federal Contract Tower,0,24,8,0,32,0,0,21,0,21,0,24,29,0,53,8,0,8,61
06/08/2016,EWN,NC,ASO,EN,Federal Contract Tower,0,23,24,0,47,0,0,53,0,53,0,23,77,0,100,36,0,36,136
06/09/2016,EWN,NC,ASO,EN,Federal Contract Tower,0,21,15,0,36,0,0,40,0,40,0,21,55,0,76,26,0,26,102
06/10/2016,EWN,NC,ASO,EN,Federal Contract Tower,0,21,30,0,51,0,0,53,0,53,0,21,83,0,104,54,0,54,158
06/11/2016,EWN,NC,ASO,EN,Federal Contract Tower,0,20,10,0,30,0,0,37,0,37,0,20,47,0,67,62,0,62,129
06/12/2016,EWN,NC,ASO,EN,Federal Contract Tower,0,14,11,0,25,0,0,35,0,35,0,14,46,0,60,38,0,38,98
06/13/2016,EWN,NC,ASO,EN,Federal Contract Tower,0,19,17,8,44,0,4,36,0,40,0,23,53,8,84,28,12,40,124
06/14/2016,EWN,NC,ASO,EN,Federal Contract Tower,0,16,17,10,43,0,2,31,0,33,0,18,48,10,76,6,20,26,102
06/15/2016,EWN,NC,ASO,EN,Federal Contract Tower,0,14,19,0,33,0,0,38,0,38,0,14,57,0,71,40,0,40,111
06/16/2016,EWN,NC,ASO,EN,Federal Contract Tower,0,22,17,0,39,0,0,25,0,25,0,22,42,0,64,56,28,84,148
06/17/2016,EWN,NC,ASO,EN,Federal Contract Tower,0,24,17,9,50,0,0,55,0,55,0,24,72,9,105,70,14,84,189
06/18/2016,EWN,NC,ASO,EN,Federal Contract Tower,0,19,11,0,30,0,0,39,0,39,0,19,50,0,69,62,0,62,131
06/19/2016,EWN,NC,ASO,EN,Federal Contract Tower,0,17,33,2,52,0,0,51,0,51,0,17,84,2,103,44,0,44,147
06/20/2016,EWN,NC,ASO,EN,Federal Contract Tower,0,16,11,0,27,0,0,40,0,40,0,16,51,0,67,54,0,54,121
06/21/2016,EWN,NC,ASO,EN,Federal Contract Tower,0,18,7,0,25,0,2,28,0,30,0,20,35,0,55,28,0,28,83
06/22/2016,EWN,NC,ASO,EN,Federal Contract Tower,0,22,8,0,30,0,0,27,0,27,0,22,35,0,57,30,0,30,87
06/23/2016,EWN,NC,ASO,EN,Federal Contract Tower,0,29,9,0,38,0,0,26,0,26,0,29,35,0,64,24,0,24,88
06/24/2016,EWN,NC,ASO,EN,Federal Contract Tower,0,20,14,0,34,0,0,37,0,37,0,20,51,0,71,66,0,66,137
06/25/2016,EWN,NC,ASO,EN,Federal Contract Tower,0,14,4,0,18,0,0,29,0,29,0,14,33,0,47,0,0,0,47
06/26/2016,EWN,NC,ASO,EN,Federal Contract Tower,0,15,13,0,28,0,0,49,0,49,0,15,62,0,77,26,0,26,103
06/27/2016,EWN,NC,ASO,EN,Federal Contract Tower,0,19,9,0,28,0,1,37,0,38,0,20,46,0,66,34,0,34,100
06/28/2016,EWN,NC,ASO,EN,Federal Contract Tower,0,17,16,0,33,0,0,14,0,14,0,17,30,0,47,8,0,8,55
06/29/2016,EWN,NC,ASO,EN,Federal Contract Tower,0,21,10,0,31,0,0,17,0,17,0,21,27,0,48,4,0,4,52
06/30/2016,EWN,NC,ASO,EN,Federal Contract Tower,0,23,11,4,38,0,2,43,0,45,0,25,54,4,83,44,10,54,137
07/01/2016,EWN,NC,ASO,EN,Federal Contract Tower,0,16,20,0,36,0,2,21,2,25,0,18,41,2,61,12,6,18,79
07/02/2016,EWN,NC,ASO,EN,Federal Contract Tower,2,15,4,0,21,0,0,39,0,39,2,15,43,0,60,70,0,70,130
07/03/2016,EWN,NC,ASO,EN,Federal Contract Tower,0,10,13,0,23,0,0,23,0,23,0,10,36,0,46,38,0,38,84
07/04/2016,EWN,NC,ASO,EN,Federal Contract Tower,0,8,8,0,16,0,0,4,0,4,0,8,12,0,20,6,0,6,26
07/05/2016,EWN,NC,ASO,EN,Federal Contract Tower,0,14,16,0,30,0,2,35,0,37,0,16,51,0,67,44,0,44,111
07/06/2016,EWN,NC,ASO,EN,Federal Contract Tower,0,21,14,0,35,0,2,41,0,43,0,23,55,0,78,70,0,70,148
07/07/2016,EWN,NC,ASO,EN,Federal Contract Tower,0,23,24,0,47,0,0,36,0,36,0,23,60,0,83,56,0,56,139
07/08/2016,EWN,NC,ASO,EN,Federal Contract Tower,2,15,21,0,38,0,0,42,0,42,2,15,63,0,80,36,0,36,116
07/09/2016,EWN,NC,ASO,EN,Federal Contract Tower,0,22,12,1,35,0,0,49,0,49,0,22,61,1,84,72,0,72,156
07/10/2016,EWN,NC,ASO,EN,Federal Contract Tower,0,17,15,0,32,0,0,41,0,41,0,17,56,0,73,48,0,48,121
07/11/2016,EWN,NC,ASO,EN,Federal Contract Tower,0,15,1,0,16,0,0,30,0,30,0,15,31,0,46,58,0,58,104
07/12/2016,EWN,NC,ASO,EN,Federal Contract Tower,0,15,17,2,34,0,1,43,0,44,0,16,60,2,78,22,0,22,100
07/13/2016,EWN,NC,ASO,EN,Federal Contract Tower,2,19,16,0,37,0,2,42,0,44,2,21,58,0,81,74,0,74,155
07/14/2016,EWN,NC,ASO,EN,Federal Contract Tower,2,18,26,4,50,0,0,35,0,35,2,18,61,4,85,26,0,26,111
07/15/2016,EWN,NC,ASO,EN,Federal Contract Tower,2,19,36,4,61,0,0,38,6,44,2,19,74,10,105,4,0,4,109
07/16/2016,EWN,NC,ASO,EN,Federal Contract Tower,0,16,8,0,24,0,0,17,0,17,0,16,25,0,41,16,0,16,57
07/17/2016,EWN,NC,ASO,EN,Federal Contract Tower,0,21,33,0,54,0,2,49,0,51,0,23,82,0,105,42,0,42,147
07/18/2016,EWN,NC,ASO,EN,Federal Contract Tower,0,19,23,0,42,0,0,47,0,47,0,19,70,0,89,28,0,28,117
07/19/2016,EWN,NC,ASO,EN,Federal Contract Tower,0,15,11,0,26,0,0,26,0,26,0,15,37,0,52,30,0,30,82
07/20/2016,EWN,NC,ASO,EN,Federal Contract Tower,2,21,14,0,37,0,0,46,0,46,2,21,60,0,83,40,0,40,123
07/21/2016,EWN,NC,ASO,EN,Federal Contract Tower,0,18,25,0,43,0,0,63,0,63,0,18,88,0,106,102,10,112,218
07/22/2016,EWN,NC,ASO,EN,Federal Contract Tower,2,15,9,0,26,0,0,54,0,54,2,15,63,0,80,56,0,56,136
07/23/2016,EWN,NC,ASO,EN,Federal Contract Tower,0,13,8,0,21,0,0,40,0,40,0,13,48,0,61,28,0,28,89
07/24/2016,EWN,NC,ASO,EN,Federal Contract Tower,0,14,22,0,36,0,2,50,0,52,0,16,72,0,88,36,0,36,124
07/25/2016,EWN,NC,ASO,EN,Federal Contract Tower,0,17,27,0,44,0,6,39,0,45,0,23,66,0,89,62,0,62,151
07/26/2016,EWN,NC,ASO,EN,Federal Contract Tower,0,15,16,0,31,0,0,34,0,34,0,15,50,0,65,82,0,82,147
07/27/2016,EWN,NC,ASO,EN,Federal Contract Tower,0,21,12,0,33,0,0,49,1,50,0,21,61,1,83,52,24,76,159
07/28/2016,EWN,NC,ASO,EN,Federal Contract Tower,0,16,15,0,31,0,0,43,2,45,0,16,58,2,76,26,10,36,112
07/29/2016,EWN,NC,ASO,EN,Federal Contract Tower,2,19,32,2,55,0,0,38,0,38,2,19,70,2,93,54,0,54,147
07/30/2016,EWN,NC,ASO,EN,Federal Contract Tower,0,17,12,0,29,0,0,38,0,38,0,17,50,0,67,50,0,50,117
07/31/2016,EWN,NC,ASO,EN,Federal Contract Tower,0,13,11,0,24,0,0,19,0,19,0,13,30,0,43,22,0,22,65
08/01/2016,EWN,NC,ASO,EN,Federal Contract Tower,0,18,10,0,28,0,0,19,0,19,0,18,29,0,47,20,0,20,67
08/02/2016,EWN,NC,ASO,EN,Federal Contract Tower,0,16,7,0,23,0,0,29,0,29,0,16,36,0,52,30,0,30,82
08/03/2016,EWN,NC,ASO,EN,Federal Contract Tower,0,21,7,0,28,0,0,17,0,17,0,21,24,0,45,18,12,30,75
08/05/2016,EWN,NC,ASO,EN,Federal Contract Tower,2,17,5,0,24,0,0,37,0,37,2,17,42,0,61,56,0,56,117
08/06/2016,EWN,NC,ASO,EN,Federal Contract Tower,0,18,12,0,30,0,0,40,0,40,0,18,52,0,70,32,0,32,102
08/07/2016,EWN,NC,ASO,EN,Federal Contract Tower,0,14,3,0,17,0,0,26,0,26,0,14,29,0,43,36,0,36,79
08/08/2016,EWN,NC,ASO,EN,Federal Contract Tower,0,16,6,0,22,0,0,18,0,18,0,16,24,0,40,22,0,22,62
08/09/2016,EWN,NC,ASO,EN,Federal Contract Tower,0,15,9,0,24,0,0,16,0,16,0,15,25,0,40,4,0,4,44
08/10/2016,EWN,NC,ASO,EN,Federal Contract Tower,0,25,5,0,30,0,0,37,0,37,0,25,42,0,67,40,0,40,107
08/11/2016,EWN,NC,ASO,EN,Federal Contract Tower,2,17,15,4,38,0,0,32,0,32,2,17,47,4,70,20,0,20,90
08/12/2016,EWN,NC,ASO,EN,Federal Contract Tower,2,24,18,0,44,0,0,58,2,60,2,24,76,2,104,64,0,64,168
08/13/2016,EWN,NC,ASO,EN,Federal Contract Tower,0,18,11,0,29,0,0,51,0,51,0,18,62,0,80,34,0,34,114
08/14/2016,EWN,NC,ASO,EN,Federal Contract Tower,0,12,5,0,17,0,0,42,0,42,0,12,47,0,59,44,0,44,103
08/15/2016,EWN,NC,ASO,EN,Federal Contract Tower,0,21,8,0,29,0,0,46,0,46,0,21,54,0,75,32,0,32,107
08/16/2016,EWN,NC,ASO,EN,Federal Contract Tower,0,17,7,0,24,0,2,38,0,40,0,19,45,0,64,26,0,26,90
08/17/2016,EWN,NC,ASO,EN,Federal Contract Tower,0,19,2,0,21,0,0,32,0,32,0,19,34,0,53,26,0,26,79
08/18/2016,EWN,NC,ASO,EN,Federal Contract Tower,2,17,7,0,26,0,0,12,0,12,2,17,19,0,38,8,0,8,46
08/19/2016,EWN,NC,ASO,EN,Federal Contract Tower,2,15,7,0,24,0,0,25,0,25,2,15,32,0,49,16,0,16,65
08/20/2016,EWN,NC,ASO,EN,Federal Contract Tower,0,17,16,0,33,0,0,44,0,44,0,17,60,0,77,14,0,14,91
08/21/2016,EWN,NC,ASO,EN,Federal Contract Tower,0,16,7,0,23,0,0,57,0,57,0,16,64,0,80,68,0,68,148
08/22/2016,EWN,NC,ASO,EN,Federal Contract Tower,0,16,5,0,21,0,0,40,0,40,0,16,45,0,61,48,0,48,109
08/23/2016,EWN,NC,ASO,EN,Federal Contract Tower,0,17,11,0,28,0,0,52,2,54,0,17,63,2,82,48,12,60,142
08/24/2016,EWN,NC,ASO,EN,Federal Contract Tower,2,21,8,0,31,0,0,32,0,32,2,21,40,0,63,8,0,8,71
08/25/2016,EWN,NC,ASO,EN,Federal Contract Tower,0,19,9,0,28,0,0,39,0,39,0,19,48,0,67,26,0,26,93
08/26/2016,EWN,NC,ASO,EN,Federal Contract Tower,4,12,8,2,26,0,0,50,2,52,4,12,58,4,78,62,0,62,140
08/27/2016,EWN,NC,ASO,EN,Federal Contract Tower,1,15,9,4,29,0,0,42,0,42,1,15,51,4,71,20,0,20,91
08/28/2016,EWN,NC,ASO,EN,Federal Contract Tower,2,13,11,0,26,0,0,10,0,10,2,13,21,0,36,10,0,10,46
08/29/2016,EWN,NC,ASO,EN,Federal Contract Tower,2,13,16,0,31,0,0,8,0,8,2,13,24,0,39,12,0,12,51
08/30/2016,EWN,NC,ASO,EN,Federal Contract Tower,3,13,9,0,25,0,0,16,0,16,3,13,25,0,41,2,0,2,43
08/31/2016,EWN,NC,ASO,EN,Federal Contract Tower,3,17,4,2,26,0,0,16,4,20,3,17,20,6,46,42,20,62,108
09/01/2016,EWN,NC,ASO,EN,Federal Contract Tower,3,16,2,0,21,0,2,38,0,40,3,18,40,0,61,24,0,24,85
09/02/2016,EWN,NC,ASO,EN,Federal Contract Tower,1,14,2,0,17,0,0,0,0,0,1,14,2,0,17,0,0,0,17
09/03/2016,EWN,NC,ASO,EN,Federal Contract Tower,1,10,3,0,14,0,0,1,0,1,1,10,4,0,15,12,0,12,27
09/04/2016,EWN,NC,ASO,EN,Federal Contract Tower,3,8,5,0,16,0,0,61,0,61,3,8,66,0,77,40,0,40,117
09/05/2016,EWN,NC,ASO,EN,Federal Contract Tower,4,6,15,0,25,0,0,45,0,45,4,6,60,0,70,16,0,16,86
09/06/2016,EWN,NC,ASO,EN,Federal Contract Tower,3,16,7,0,26,0,2,49,0,51,3,18,56,0,77,48,0,48,125
09/07/2016,EWN,NC,ASO,EN,Federal Contract Tower,4,20,9,6,39,0,0,50,0,50,4,20,59,6,89,62,0,62,151
09/08/2016,EWN,NC,ASO,EN,Federal Contract Tower,3,17,6,0,26,0,0,45,1,46,3,17,51,1,72,54,16,70,142
09/09/2016,EWN,NC,ASO,EN,Federal Contract Tower,4,13,11,0,28,0,0,48,0,48,4,13,59,0,76,36,0,36,112
09/10/2016,EWN,NC,ASO,EN,Federal Contract Tower,2,14,6,0,22,0,0,31,0,31,2,14,37,0,53,8,0,8,61
09/11/2016,EWN,NC,ASO,EN,Federal Contract Tower,3,11,7,0,21,0,0,51,0,51,3,11,58,0,72,40,0,40,112
09/12/2016,EWN,NC,ASO,EN,Federal Contract Tower,4,14,4,0,22,0,0,16,0,16,4,14,20,0,38,24,0,24,62
09/13/2016,EWN,NC,ASO,EN,Federal Contract Tower,3,17,23,0,43,0,0,36,8,44,3,17,59,8,87,34,6,40,127
09/14/2016,EWN,NC,ASO,EN,Federal Contract Tower,5,17,6,0,28,0,0,29,0,29,5,17,35,0,57,12,0,12,69
09/15/2016,EWN,NC,ASO,EN,Federal Contract Tower,4,22,26,0,52,0,0,49,6,55,4,22,75,6,107,42,6,48,155
09/16/2016,EWN,NC,ASO,EN,Federal Contract Tower,5,17,16,0,38,0,0,18,2,20,5,17,34,2,58,8,6,14,72
09/17/2016,EWN,NC,ASO,EN,Federal Contract Tower,2,13,10,0,25,0,0,29,0,29,2,13,39,0,54,8,0,8,62
09/18/2016,EWN,NC,ASO,EN,Federal Contract Tower,4,10,7,2,23,0,0,14,0,14,4,10,21,2,37,24,0,24,61
09/19/2016,EWN,NC,ASO,EN,Federal Contract Tower,4,10,1,0,15,0,0,18,0,18,4,10,19,0,33,32,0,32,65
09/20/2016,EWN,NC,ASO,EN,Federal Contract Tower,6,14,25,0,45,0,0,1,0,1,6,14,26,0,46,0,0,0,46
09/21/2016,EWN,NC,ASO,EN,Federal Contract Tower,4,15,8,1,28,0,20,3,4,27,4,35,11,5,55,4,18,22,77
09/22/2016,EWN,NC,ASO,EN,Federal Contract Tower,4,18,9,2,33,0,0,19,0,19,4,18,28,2,52,16,0,16,68
09/23/2016,EWN,NC,ASO,EN,Federal Contract Tower,4,22,13,2,41,0,0,13,0,13,4,22,26,2,54,0,0,0,54
09/24/2016,EWN,NC,ASO,EN,Federal Contract Tower,2,12,9,0,23,0,0,50,0,50,2,12,59,0,73,34,0,34,107
09/25/2016,EWN,NC,ASO,EN,Federal Contract Tower,2,14,14,0,30,0,0,22,0,22,2,14,36,0,52,42,0,42,94
09/26/2016,EWN,NC,ASO,EN,Federal Contract Tower,2,15,15,2,34,0,0,66,0,66,2,15,81,2,100,58,0,58,158
09/27/2016,EWN,NC,ASO,EN,Federal Contract Tower,3,15,8,0,26,0,0,27,0,27,3,15,35,0,53,28,0,28,81
09/28/2016,EWN,NC,ASO,EN,Federal Contract Tower,3,18,1,2,24,0,0,33,2,35,3,18,34,4,59,10,8,18,77
09/29/2016,EWN,NC,ASO,EN,Federal Contract Tower,4,18,12,2,36,0,0,40,0,40,4,18,52,2,76,60,0,60,136
09/30/2016,EWN,NC,ASO,EN,Federal Contract Tower,4,18,4,0,26,0,0,14,0,14,4,18,18,0,40,6,0,6,46
10/01/2016,EWN,NC,ASO,EN,Federal Contract Tower,2,14,7,0,23,0,0,22,0,22,2,14,29,0,45,26,0,26,71
10/02/2016,EWN,NC,ASO,EN,Federal Contract Tower,4,9,9,0,22,0,0,34,0,34,4,9,43,0,56,54,0,54,110
10/03/2016,EWN,NC,ASO,EN,Federal Contract Tower,4,16,23,2,45,0,0,34,0,34,4,16,57,2,79,24,0,24,103
10/04/2016,EWN,NC,ASO,EN,Federal Contract Tower,0,5,14,10,29,0,1,28,0,29,0,6,42,10,58,20,0,20,78
10/05/2016,EWN,NC,ASO,EN,Federal Contract Tower,3,19,12,0,34,0,4,19,0,23,3,23,31,0,57,12,0,12,69
10/06/2016,EWN,NC,ASO,EN,Federal Contract Tower,2,19,17,0,38,0,0,3,0,3,2,19,20,0,41,14,0,14,55
10/07/2016,EWN,NC,ASO,EN,Federal Contract Tower,3,17,2,0,22,0,2,0,0,2,3,19,2,0,24,6,0,6,30
10/08/2016,EWN,NC,ASO,EN,Federal Contract Tower,1,5,0,0,6,0,0,0,0,0,1,5,0,0,6,0,0,0,6
10/09/2016,EWN,NC,ASO,EN,Federal Contract Tower,2,8,3,0,13,0,2,9,0,11,2,10,12,0,24,2,0,2,26
10/10/2016,EWN,NC,ASO,EN,Federal Contract Tower,4,15,9,0,28,0,5,50,0,55,4,20,59,0,83,26,0,26,109
10/11/2016,EWN,NC,ASO,EN,Federal Contract Tower,4,13,19,0,36,0,0,57,0,57,4,13,76,0,93,20,0,20,113
10/12/2016,EWN,NC,ASO,EN,Federal Contract Tower,4,19,6,0,29,0,0,54,0,54,4,19,60,0,83,20,0,20,103
10/13/2016,EWN,NC,ASO,EN,Federal Contract Tower,3,23,5,2,33,0,0,61,0,61,3,23,66,2,94,56,14,70,164
10/14/2016,EWN,NC,ASO,EN,Federal Contract Tower,4,17,16,0,37,0,4,46,0,50,4,21,62,0,87,36,0,36,123
10/15/2016,EWN,NC,ASO,EN,Federal Contract Tower,2,17,6,0,25,0,0,59,0,59,2,17,65,0,84,24,0,24,108
10/16/2016,EWN,NC,ASO,EN,Federal Contract Tower,4,13,13,0,30,0,1,56,0,57,4,14,69,0,87,34,0,34,121
10/17/2016,EWN,NC,ASO,EN,Federal Contract Tower,4,17,16,0,37,0,0,50,0,50,4,17,66,0,87,2,0,2,89
10/18/2016,EWN,NC,ASO,EN,Federal Contract Tower,4,16,11,0,31,0,0,39,4,43,4,16,50,4,74,42,0,42,116
10/19/2016,EWN,NC,ASO,EN,Federal Contract Tower,3,21,10,1,35,0,0,40,2,42,3,21,50,3,77,24,14,38,115
10/20/2016,EWN,NC,ASO,EN,Federal Contract Tower,4,16,9,0,29,0,0,24,0,24,4,16,33,0,53,0,0,0,53
10/21/2016,EWN,NC,ASO,EN,Federal Contract Tower,4,16,12,2,34,0,0,24,0,24,4,16,36,2,58,4,0,4,62
10/22/2016,EWN,NC,ASO,EN,Federal Contract Tower,1,14,4,0,19,0,0,47,0,47,1,14,51,0,66,60,0,60,126
10/23/2016,EWN,NC,ASO,EN,Federal Contract Tower,2,12,10,2,26,0,0,39,0,39,2,12,49,2,65,38,8,46,111
10/24/2016,EWN,NC,ASO,EN,Federal Contract Tower,4,15,13,0,32,0,2,32,0,34,4,17,45,0,66,20,0,20,86
10/25/2016,EWN,NC,ASO,EN,Federal Contract Tower,4,16,12,1,33,0,0,44,0,44,4,16,56,1,77,26,0,26,103
10/26/2016,EWN,NC,ASO,EN,Federal Contract Tower,4,17,4,2,27,0,0,47,3,50,4,17,51,5,77,54,0,54,131
10/27/2016,EWN,NC,ASO,EN,Federal Contract Tower,4,11,15,2,32,0,0,40,0,40,4,11,55,2,72,64,0,64,136
10/28/2016,EWN,NC,ASO,EN,Federal Contract Tower,4,13,8,2,27,0,0,50,1,51,4,13,58,3,78,52,1,53,131
10/29/2016,EWN,NC,ASO,EN,Federal Contract Tower,2,11,3,0,16,1,2,47,1,51,3,13,50,1,67,42,0,42,109
10/30/2016,EWN,NC,ASO,EN,Federal Contract Tower,3,13,6,0,22,0,0,62,0,62,3,13,68,0,84,58,0,58,142
10/31/2016,EWN,NC,ASO,EN,Federal Contract Tower,3,14,7,0,24,0,0,31,0,31,3,14,38,0,55,8,0,8,63
11/01/2016,EWN,NC,ASO,EN,Federal Contract Tower,4,23,9,12,48,0,0,40,0,40,4,23,49,12,88,44,0,44,132
11/02/2016,EWN,NC,ASO,EN,Federal Contract Tower,4,19,3,1,27,0,4,36,3,43,4,23,39,4,70,24,2,26,96
11/03/2016,EWN,NC,ASO,EN,Federal Contract Tower,4,18,17,0,39,0,0,34,0,34,4,18,51,0,73,24,0,24,97
11/04/2016,EWN,NC,ASO,EN,Federal Contract Tower,4,14,18,0,36,0,0,27,0,27,4,14,45,0,63,22,0,22,85
11/05/2016,EWN,NC,ASO,EN,Federal Contract Tower,2,13,5,0,20,0,0,50,0,50,2,13,55,0,70,42,0,42,112
11/06/2016,EWN,NC,ASO,EN,Federal Contract Tower,4,7,10,0,21,0,0,56,0,56,4,7,66,0,77,88,0,88,165
11/07/2016,EWN,NC,ASO,EN,Federal Contract Tower,4,12,11,0,27,0,0,37,0,37,4,12,48,0,64,58,0,58,122
11/08/2016,EWN,NC,ASO,EN,Federal Contract Tower,4,13,8,0,25,0,0,35,0,35,4,13,43,0,60,34,0,34,94
11/09/2016,EWN,NC,ASO,EN,Federal Contract Tower,4,19,4,0,27,0,0,39,0,39,4,19,43,0,66,42,0,42,108
11/10/2016,EWN,NC,ASO,EN,Federal Contract Tower,4,19,6,0,29,0,0,51,0,51,4,19,57,0,80,68,0,68,148
11/11/2016,EWN,NC,ASO,EN,Federal Contract Tower,4,18,19,0,41,0,0,45,0,45,4,18,64,0,86,32,0,32,118
11/12/2016,EWN,NC,ASO,EN,Federal Contract Tower,3,11,11,0,25,0,0,52,0,52,3,11,63,0,77,60,0,60,137
11/13/2016,EWN,NC,ASO,EN,Federal Contract Tower,4,10,20,0,34,0,0,52,0,52,4,10,72,0,86,62,0,62,148
11/14/2016,EWN,NC,ASO,EN,Federal Contract Tower,3,17,8,2,30,0,0,6,0,6,3,17,14,2,36,10,0,10,46
11/15/2016,EWN,NC,ASO,EN,Federal Contract Tower,4,13,20,0,37,0,0,20,0,20,4,13,40,0,57,14,0,14,71
11/16/2016,EWN,NC,ASO,EN,Federal Contract Tower,4,19,7,0,30,0,0,45,0,45,4,19,52,0,75,48,0,48,123
11/17/2016,EWN,NC,ASO,EN,Federal Contract Tower,4,19,6,0,29,0,1,41,0,42,4,20,47,0,71,56,0,56,127
11/18/2016,EWN,NC,ASO,EN,Federal Contract Tower,4,17,22,0,43,0,0,41,0,41,4,17,63,0,84,12,0,12,96
11/19/2016,EWN,NC,ASO,EN,Federal Contract Tower,2,11,9,0,22,0,0,45,0,45,2,11,54,0,67,40,0,40,107
11/20/2016,EWN,NC,ASO,EN,Federal Contract Tower,4,11,12,0,27,0,2,35,0,37,4,13,47,0,64,16,0,16,80
11/21/2016,EWN,NC,ASO,EN,Federal Contract Tower,4,15,3,4,26,0,0,34,0,34,4,15,37,4,60,20,0,20,80
11/22/2016,EWN,NC,ASO,EN,Federal Contract Tower,4,18,10,0,32,0,0,33,2,35,4,18,43,2,67,30,18,48,115
11/23/2016,EWN,NC,ASO,EN,Federal Contract Tower,4,22,11,0,37,0,0,32,0,32,4,22,43,0,69,14,0,14,83
11/24/2016,EWN,NC,ASO,EN,Federal Contract Tower,2,6,3,0,11,0,0,8,0,8,2,6,11,0,19,0,0,0,19
11/25/2016,EWN,NC,ASO,EN,Federal Contract Tower,4,14,10,0,28,0,0,40,0,40,4,14,50,0,68,48,0,48,116
11/26/2016,EWN,NC,ASO,EN,Federal Contract Tower,3,14,16,0,33,0,0,19,0,19,3,14,35,0,52,0,0,0,52
11/27/2016,EWN,NC,ASO,EN,Federal Contract Tower,5,9,13,0,27,0,0,44,0,44,5,9,57,0,71,20,0,20,91
11/28/2016,EWN,NC,ASO,EN,Federal Contract Tower,4,17,8,0,29,0,0,23,0,23,4,17,31,0,52,14,0,14,66
11/29/2016,EWN,NC,ASO,EN,Federal Contract Tower,4,16,6,0,26,0,0,9,4,13,4,16,15,4,39,8,20,28,67
11/30/2016,EWN,NC,ASO,EN,Federal Contract Tower,3,19,11,0,33,0,0,4,0,4,3,19,15,0,37,0,0,0,37
12/01/2016,EWN,NC,ASO,EN,Federal Contract Tower,4,19,6,0,29,0,0,18,0,18,4,19,24,0,47,22,0,22,69
12/02/2016,EWN,NC,ASO,EN,Federal Contract Tower,4,16,12,0,32,0,0,44,0,44,4,16,56,0,76,62,0,62,138
12/03/2016,EWN,NC,ASO,EN,Federal Contract Tower,2,11,12,0,25,0,0,48,0,48,2,11,60,0,73,78,0,78,151
12/04/2016,EWN,NC,ASO,EN,Federal Contract Tower,4,7,12,0,23,0,0,22,0,22,4,7,34,0,45,34,0,34,79
12/05/2016,EWN,NC,ASO,EN,Federal Contract Tower,5,13,13,0,31,0,0,6,0,6,5,13,19,0,37,0,0,0,37
12/06/2016,EWN,NC,ASO,EN,Federal Contract Tower,4,12,16,0,32,0,0,0,0,0,4,12,16,0,32,0,0,0,32
12/07/2016,EWN,NC,ASO,EN,Federal Contract Tower,4,25,11,0,40,0,0,38,4,42,4,25,49,4,82,40,0,40,122
12/08/2016,EWN,NC,ASO,EN,Federal Contract Tower,6,20,7,5,38,0,0,40,0,40,6,20,47,5,78,30,0,30,108
12/09/2016,EWN,NC,ASO,EN,Federal Contract Tower,4,19,9,0,32,0,0,33,0,33,4,19,42,0,65,6,0,6,71
12/10/2016,EWN,NC,ASO,EN,Federal Contract Tower,3,13,1,0,17,0,0,39,0,39,3,13,40,0,56,54,0,54,110
12/11/2016,EWN,NC,ASO,EN,Federal Contract Tower,4,9,12,0,25,0,0,45,0,45,4,9,57,0,70,24,0,24,94
12/12/2016,EWN,NC,ASO,EN,Federal Contract Tower,4,17,5,0,26,0,0,4,0,4,4,17,9,0,30,0,0,0,30
12/13/2016,EWN,NC,ASO,EN,Federal Contract Tower,4,25,32,0,61,0,0,2,0,2,4,25,34,0,63,0,0,0,63
12/14/2016,EWN,NC,ASO,EN,Federal Contract Tower,3,20,15,0,38,0,0,7,0,7,3,20,22,0,45,0,0,0,45
12/15/2016,EWN,NC,ASO,EN,Federal Contract Tower,0,22,11,6,39,0,0,18,2,20,0,22,29,8,59,6,16,22,81
12/16/2016,EWN,NC,ASO,EN,Federal Contract Tower,0,19,6,0,25,0,0,39,0,39,0,19,45,0,64,58,0,58,122
12/17/2016,EWN,NC,ASO,EN,Federal Contract Tower,0,14,5,0,19,0,0,30,0,30,0,14,35,0,49,54,0,54,103
12/18/2016,EWN,NC,ASO,EN,Federal Contract Tower,0,13,5,0,18,0,0,24,0,24,0,13,29,0,42,16,0,16,58
12/19/2016,EWN,NC,ASO,EN,Federal Contract Tower,0,17,11,0,28,0,0,0,0,0,0,17,11,0,28,0,0,0,28
12/20/2016,EWN,NC,ASO,EN,Federal Contract Tower,0,17,9,0,26,0,0,2,0,2,0,17,11,0,28,0,0,0,28
12/21/2016,EWN,NC,ASO,EN,Federal Contract Tower,0,21,10,0,31,0,0,43,2,45,0,21,53,2,76,44,0,44,120
12/22/2016,EWN,NC,ASO,EN,Federal Contract Tower,0,28,8,0,36,0,0,26,0,26,0,28,34,0,62,0,0,0,62
12/23/2016,EWN,NC,ASO,EN,Federal Contract Tower,21,5,4,0,30,0,0,39,0,39,21,5,43,0,69,64,0,64,133
12/24/2016,EWN,NC,ASO,EN,Federal Contract Tower,0,17,2,0,19,0,0,13,0,13,0,17,15,0,32,6,0,6,38
12/25/2016,EWN,NC,ASO,EN,Federal Contract Tower,0,16,3,0,19,0,0,9,0,9,0,16,12,0,28,0,0,0,28
12/26/2016,EWN,NC,ASO,EN,Federal Contract Tower,2,17,9,0,28,0,2,48,0,50,2,19,57,0,78,48,0,48,126
12/27/2016,EWN,NC,ASO,EN,Federal Contract Tower,2,15,14,0,31,0,2,22,0,24,2,17,36,0,55,22,0,22,77
12/28/2016,EWN,NC,ASO,EN,Federal Contract Tower,2,21,25,0,48,0,0,58,0,58,2,21,83,0,106,84,0,84,190
12/29/2016,EWN,NC,ASO,EN,Federal Contract Tower,2,20,2,0,24,0,0,3,0,3,2,20,5,0,27,0,0,0,27
12/30/2016,EWN,NC,ASO,EN,Federal Contract Tower,2,16,11,4,33,0,0,37,0,37,2,16,48,4,70,40,0,40,110
12/31/2016,EWN,NC,ASO,EN,Federal Contract Tower,1,10,4,0,15,0,0,39,0,39,1,10,43,0,54,88,0,88,142
01/01/2017,EWN,NC,ASO,EN,Federal Contract Tower,1,10,8,0,19,0,0,29,0,29,1,10,37,0,48,62,0,62,110
01/02/2017,EWN,NC,ASO,EN,Federal Contract Tower,0,10,12,0,22,0,0,1,0,1,0,10,13,0,23,0,0,0,23
01/03/2017,EWN,NC,ASO,EN,Federal Contract Tower,0,12,5,0,17,0,0,4,0,4,0,12,9,0,21,4,0,4,25
01/04/2017,EWN,NC,ASO,EN,Federal Contract Tower,0,17,11,0,28,0,0,16,0,16,0,17,27,0,44,14,0,14,58
01/05/2017,EWN,NC,ASO,EN,Federal Contract Tower,1,19,2,0,22,0,4,36,0,40,1,23,38,0,62,26,0,26,88
01/06/2017,EWN,NC,ASO,EN,Federal Contract Tower,0,16,7,0,23,0,0,34,1,35,0,16,41,1,58,46,8,54,112
01/07/2017,EWN,NC,ASO,EN,Federal Contract Tower,0,2,1,0,3,0,0,0,0,0,0,2,1,0,3,0,0,0,3
01/08/2017,EWN,NC,ASO,EN,Federal Contract Tower,0,13,3,0,16,0,2,20,2,24,0,15,23,2,40,30,0,30,70
01/09/2017,EWN,NC,ASO,EN,Federal Contract Tower,0,20,6,0,26,0,2,53,0,55,0,22,59,0,81,14,0,14,95
01/10/2017,EWN,NC,ASO,EN,Federal Contract Tower,0,24,3,0,27,0,3,31,0,34,0,27,34,0,61,44,0,44,105
01/11/2017,EWN,NC,ASO,EN,Federal Contract Tower,0,26,2,0,28,0,0,39,2,41,0,26,41,2,69,16,0,16,85
01/12/2017,EWN,NC,ASO,EN,Federal Contract Tower,0,22,7,0,29,0,0,32,0,32,0,22,39,0,61,18,0,18,79
01/13/2017,EWN,NC,ASO,EN,Federal Contract Tower,0,18,18,0,36,0,0,46,0,46,0,18,64,0,82,26,0,26,108
01/14/2017,EWN,NC,ASO,EN,Federal Contract Tower,0,14,4,0,18,0,0,35,0,35,0,14,39,0,53,48,0,48,101
01/15/2017,EWN,NC,ASO,EN,Federal Contract Tower,0,10,10,0,20,0,0,43,2,45,0,10,53,2,65,42,10,52,117
01/16/2017,EWN,NC,ASO,EN,Federal Contract Tower,0,13,17,0,30,0,4,25,2,31,0,17,42,2,61,38,0,38,99
01/17/2017,EWN,NC,ASO,EN,Federal Contract Tower,0,22,9,0,31,0,0,20,0,20,0,22,29,0,51,12,0,12,63
01/18/2017,EWN,NC,ASO,EN,Federal Contract Tower,0,23,3,0,26,0,0,36,2,38,0,23,39,2,64,34,18,52,116
01/19/2017,EWN,NC,ASO,EN,Federal Contract Tower,0,28,6,0,34,0,0,38,2,40,0,28,44,2,74,48,6,54,128
01/20/2017,EWN,NC,ASO,EN,Federal Contract Tower,0,20,7,6,33,0,0,37,1,38,0,20,44,7,71,56,7,63,134
01/21/2017,EWN,NC,ASO,EN,Federal Contract Tower,0,16,6,0,22,0,0,4,0,4,0,16,10,0,26,6,0,6,32
01/22/2017,EWN,NC,ASO,EN,Federal Contract Tower,0,12,6,0,18,0,0,5,0,5,0,12,11,0,23,0,0,0,23
01/23/2017,EWN,NC,ASO,EN,Federal Contract Tower,0,21,2,0,23,0,0,35,0,35,0,21,37,0,58,36,0,36,94
01/24/2017,EWN,NC,ASO,EN,Federal Contract Tower,0,17,19,0,36,0,0,30,5,35,0,17,49,5,71,14,50,64,135
01/25/2017,EWN,NC,ASO,EN,Federal Contract Tower,0,26,17,0,43,0,0,68,0,68,0,26,85,0,111,92,0,92,203
01/26/2017,EWN,NC,ASO,EN,Federal Contract Tower,0,23,10,0,33,0,2,16,1,19,0,25,26,1,52,0,0,0,52
01/27/2017,EWN,NC,ASO,EN,Federal Contract Tower,0,19,11,0,30,0,0,36,5,41,0,19,47,5,71,2,18,20,91
01/28/2017,EWN,NC,ASO,EN,Federal Contract Tower,0,16,6,0,22,0,0,46,0,46,0,16,52,0,68,32,0,32,100
01/29/2017,EWN,NC,ASO,EN,Federal Contract Tower,0,11,6,2,19,0,0,42,0,42,0,11,48,2,61,46,0,46,107
01/30/2017,EWN,NC,ASO,EN,Federal Contract Tower,0,19,5,0,24,0,0,25,0,25,0,19,30,0,49,10,0,10,59
01/31/2017,EWN,NC,ASO,EN,Federal Contract Tower,0,17,11,0,28,0,0,27,0,27,0,17,38,0,55,14,0,14,69
02/01/2017,EWN,NC,ASO,EN,Federal Contract Tower,0,23,13,0,36,0,1,39,0,40,0,24,52,0,76,18,0,18,94
02/02/2017,EWN,NC,ASO,EN,Federal Contract Tower,0,22,11,0,33,0,2,43,0,45,0,24,54,0,78,14,0,14,92
02/03/2017,EWN,NC,ASO,EN,Federal Contract Tower,1,20,7,1,29,0,0,35,0,35,1,20,42,1,64,30,0,30,94
02/04/2017,EWN,NC,ASO,EN,Federal Contract Tower,0,14,8,1,23,0,0,53,1,54,0,14,61,2,77,82,0,82,159
02/05/2017,EWN,NC,ASO,EN,Federal Contract Tower,0,11,2,0,13,0,0,42,0,42,0,11,44,0,55,24,0,24,79
02/06/2017,EWN,NC,ASO,EN,Federal Contract Tower,0,19,4,0,23,0,0,40,0,40,0,19,44,0,63,48,0,48,111
02/07/2017,EWN,NC,ASO,EN,Federal Contract Tower,0,19,16,0,35,0,0,36,0,36,0,19,52,0,71,48,4,52,123
02/08/2017,EWN,NC,ASO,EN,Federal Contract Tower,0,23,11,0,34,0,0,31,0,31,0,23,42,0,65,54,0,54,119
02/09/2017,EWN,NC,ASO,EN,Federal Contract Tower,0,20,7,0,27,0,0,0,0,0,0,20,7,0,27,0,0,0,27
02/10/2017,EWN,NC,ASO,EN,Federal Contract Tower,0,20,16,0,36,0,0,51,0,51,0,20,67,0,87,80,0,80,167
02/11/2017,EWN,NC,ASO,EN,Federal Contract Tower,0,15,1,0,16,0,0,44,4,48,0,15,45,4,64,38,16,54,118
02/12/2017,EWN,NC,ASO,EN,Federal Contract Tower,0,14,2,0,16,0,0,43,1,44,0,14,45,1,60,40,0,40,100
02/13/2017,EWN,NC,ASO,EN,Federal Contract Tower,0,17,6,0,23,0,0,45,2,47,0,17,51,2,70,66,0,66,136
02/14/2017,EWN,NC,ASO,EN,Federal Contract Tower,0,17,23,0,40,0,0,50,0,50,0,17,73,0,90,76,2,78,168
02/15/2017,EWN,NC,ASO,EN,Federal Contract Tower,0,23,6,0,29,0,0,17,1,18,0,23,23,1,47,28,0,28,75
02/16/2017,EWN,NC,ASO,EN,Federal Contract Tower,0,25,10,2,37,0,0,45,1,46,0,25,55,3,83,30,0,30,113
02/17/2017,EWN,NC,ASO,EN,Federal Contract Tower,0,21,6,4,31,0,0,65,0,65,0,21,71,4,96,24,0,24,120
02/18/2017,EWN,NC,ASO,EN,Federal Contract Tower,0,14,2,0,16,0,0,50,0,50,0,14,52,0,66,50,0,50,116
02/19/2017,EWN,NC,ASO,EN,Federal Contract Tower,1,11,2,0,14,0,2,41,0,43,1,13,43,0,57,52,0,52,109
02/20/2017,EWN,NC,ASO,EN,Federal Contract Tower,2,16,11,0,29,0,0,66,0,66,2,16,77,0,95,58,0,58,153
02/21/2017,EWN,NC,ASO,EN,Federal Contract Tower,3,18,12,0,33,0,0,56,0,56,3,18,68,0,89,110,0,110,199
02/22/2017,EWN,NC,ASO,EN,Federal Contract Tower,0,22,13,0,35,0,0,49,0,49,0,22,62,0,84,64,0,64,148
02/23/2017,EWN,NC,ASO,EN,Federal Contract Tower,0,22,12,2,36,0,1,39,1,41,0,23,51,3,77,46,0,46,123
02/24/2017,EWN,NC,ASO,EN,Federal Contract Tower,1,22,13,3,39,0,0,50,1,51,1,22,63,4,90,76,0,76,166
02/25/2017,EWN,NC,ASO,EN,Federal Contract Tower,0,17,6,1,24,0,0,35,0,35,0,17,41,1,59,18,20,38,97
02/26/2017,EWN,NC,ASO,EN,Federal Contract Tower,2,10,12,0,24,0,0,55,0,55,2,10,67,0,79,22,0,22,101
02/27/2017,EWN,NC,ASO,EN,Federal Contract Tower,1,18,3,2,24,0,0,44,6,50,1,18,47,8,74,40,0,40,114
02/28/2017,EWN,NC,ASO,EN,Federal Contract Tower,2,12,27,9,50,0,0,61,2,63,2,12,88,11,113,84,0,84,197
03/01/2017,EWN,NC,ASO,EN,Federal Contract Tower,3,20,9,0,32,0,0,23,0,23,3,20,32,0,55,20,0,20,75
03/02/2017,EWN,NC,ASO,EN,Federal Contract Tower,2,23,6,0,31,0,0,36,0,36,2,23,42,0,67,32,14,46,113
03/03/2017,EWN,NC,ASO,EN,Federal Contract Tower,0,23,7,2,32,0,0,51,2,53,0,23,58,4,85,42,14,56,141
03/04/2017,EWN,NC,ASO,EN,Federal Contract Tower,0,15,8,0,23,0,0,50,1,51,0,15,58,1,74,60,8,68,142
03/05/2017,EWN,NC,ASO,EN,Federal Contract Tower,2,12,3,0,17,0,0,42,0,42,2,12,45,0,59,10,0,10,69
03/06/2017,EWN,NC,ASO,EN,Federal Contract Tower,2,15,9,2,28,0,4,65,0,69,2,19,74,2,97,46,0,46,143
03/07/2017,EWN,NC,ASO,EN,Federal Contract Tower,2,14,11,1,28,0,0,32,1,33,2,14,43,2,61,16,14,30,91
03/08/2017,EWN,NC,ASO,EN,Federal Contract Tower,2,16,16,0,34,0,0,36,0,36,2,16,52,0,70,46,0,46,116
03/09/2017,EWN,NC,ASO,EN,Federal Contract Tower,6,21,9,0,36,0,0,54,1,55,6,21,63,1,91,102,0,102,193
03/10/2017,EWN,NC,ASO,EN,Federal Contract Tower,2,17,4,2,25,0,0,35,0,35,2,17,39,2,60,14,0,14,74
03/11/2017,EWN,NC,ASO,EN,Federal Contract Tower,2,10,2,0,14,0,0,40,0,40,2,10,42,0,54,36,0,36,90
03/12/2017,EWN,NC,ASO,EN,Federal Contract Tower,2,10,2,0,14,0,0,3,0,3,2,10,5,0,17,0,0,0,17
03/13/2017,EWN,NC,ASO,EN,Federal Contract Tower,4,14,15,0,33,0,0,14,0,14,4,14,29,0,47,0,0,0,47
03/14/2017,EWN,NC,ASO,EN,Federal Contract Tower,4,12,5,0,21,0,0,8,0,8,4,12,13,0,29,38,0,38,67
03/15/2017,EWN,NC,ASO,EN,Federal Contract Tower,2,18,2,0,22,0,6,10,2,18,2,24,12,2,40,0,0,0,40
03/16/2017,EWN,NC,ASO,EN,Federal Contract Tower,2,20,7,1,30,0,0,42,2,44,2,20,49,3,74,42,16,58,132
03/17/2017,EWN,NC,ASO,EN,Federal Contract Tower,2,17,11,0,30,0,0,61,0,61,2,17,72,0,91,86,0,86,177
03/18/2017,EWN,NC,ASO,EN,Federal Contract Tower,2,12,13,0,27,0,0,9,0,9,2,12,22,0,36,0,0,0,36
03/19/2017,EWN,NC,ASO,EN,Federal Contract Tower,2,12,3,4,21,0,0,12,0,12,2,12,15,4,33,8,0,8,41
03/20/2017,EWN,NC,ASO,EN,Federal Contract Tower,2,17,11,2,32,0,0,43,2,45,2,17,54,4,77,66,6,72,149
03/21/2017,EWN,NC,ASO,EN,Federal Contract Tower,4,12,8,0,24,0,0,37,0,37,4,12,45,0,61,18,0,18,79
03/22/2017,EWN,NC,ASO,EN,Federal Contract Tower,2,20,5,0,27,0,0,20,0,20,2,20,25,0,47,22,0,22,69
03/23/2017,EWN,NC,ASO,EN,Federal Contract Tower,2,20,21,2,45,0,0,45,0,45,2,20,66,2,90,68,0,68,158
03/24/2017,EWN,NC,ASO,EN,Federal Contract Tower,2,19,18,1,40,0,0,47,4,51,2,19,65,5,91,38,18,56,147
03/25/2017,EWN,NC,ASO,EN,Federal Contract Tower,3,10,1,2,16,0,0,55,0,55,3,10,56,2,71,28,0,28,99
03/26/2017,EWN,NC,ASO,EN,Federal Contract Tower,4,8,9,0,21,0,0,44,0,44,4,8,53,0,65,50,0,50,115
03/27/2017,EWN,NC,ASO,EN,Federal Contract Tower,4,18,10,0,32,0,2,44,0,46,4,20,54,0,78,40,0,40,118
03/28/2017,EWN,NC,ASO,EN,Federal Contract Tower,4,14,16,2,36,0,0,28,0,28,4,14,44,2,64,30,12,42,106
03/29/2017,EWN,NC,ASO,EN,Federal Contract Tower,3,25,20,0,48,0,0,41,0,41,3,25,61,0,89,62,0,62,151
03/30/2017,EWN,NC,ASO,EN,Federal Contract Tower,2,21,13,0,36,0,2,55,2,59,2,23,68,2,95,54,4,58,153
03/31/2017,EWN,NC,ASO,EN,Federal Contract Tower,2,16,11,0,29,0,0,2,0,2,2,16,13,0,31,0,0,0,31
04/01/2017,EWN,NC,ASO,EN,Federal Contract Tower,2,12,6,0,20,0,0,45,0,45,2,12,51,0,65,40,0,40,105
04/02/2017,EWN,NC,ASO,EN,Federal Contract Tower,4,10,15,0,29,0,0,59,0,59,4,10,74,0,88,82,0,82,170
04/03/2017,EWN,NC,ASO,EN,Federal Contract Tower,2,10,8,0,20,0,0,32,0,32,2,10,40,0,52,16,0,16,68
04/04/2017,EWN,NC,ASO,EN,Federal Contract Tower,0,17,18,0,35,0,0,38,0,38,0,17,56,0,73,18,0,18,91
04/05/2017,EWN,NC,ASO,EN,Federal Contract Tower,0,16,20,2,38,0,0,47,0,47,0,16,67,2,85,32,0,32,117
04/06/2017,EWN,NC,ASO,EN,Federal Contract Tower,0,27,7,0,34,0,0,4,2,6,0,27,11,2,40,0,0,0,40
04/07/2017,EWN,NC,ASO,EN,Federal Contract Tower,0,21,9,2,32,0,0,26,0,26,0,21,35,2,58,12,0,12,70
04/08/2017,EWN,NC,ASO,EN,Federal Contract Tower,0,15,22,0,37,0,0,61,0,61,0,15,83,0,98,2,0,2,100
04/09/2017,EWN,NC,ASO,EN,Federal Contract Tower,0,15,4,0,19,0,0,50,0,50,0,15,54,0,69,46,0,46,115
04/10/2017,EWN,NC,ASO,EN,Federal Contract Tower,0,16,15,1,32,0,0,67,1,68,0,16,82,2,100,16,6,22,122
04/11/2017,EWN,NC,ASO,EN,Federal Contract Tower,0,24,15,0,39,0,2,71,0,73,0,26,86,0,112,56,0,56,168
04/12/2017,EWN,NC,ASO,EN,Federal Contract Tower,0,24,9,2,35,0,2,45,0,47,0,26,54,2,82,20,0,20,102
04/13/2017,EWN,NC,ASO,EN,Federal Contract Tower,0,26,8,0,34,0,1,34,0,35,0,27,42,0,69,22,0,22,91
04/14/2017,EWN,NC,ASO,EN,Federal Contract Tower,0,27,8,0,35,0,3,32,0,35,0,30,40,0,70,28,0,28,98
04/15/2017,EWN,NC,ASO,EN,Federal Contract Tower,0,17,10,0,27,0,0,59,0,59,0,17,69,0,86,58,0,58,144
04/16/2017,EWN,NC,ASO,EN,Federal Contract Tower,0,15,7,0,22,0,0,38,0,38,0,15,45,0,60,32,0,32,92
04/17/2017,EWN,NC,ASO,EN,Federal Contract Tower,0,19,5,0,24,0,0,50,0,50,0,19,55,0,74,36,0,36,110
04/18/2017,EWN,NC,ASO,EN,Federal Contract Tower,0,17,10,0,27,0,0,28,8,36,0,17,38,8,63,34,22,56,119
04/19/2017,EWN,NC,ASO,EN,Federal Contract Tower,0,24,11,0,35,0,0,37,0,37,0,24,48,0,72,36,0,36,108
04/20/2017,EWN,NC,ASO,EN,Federal Contract Tower,0,24,6,10,40,0,2,52,2,56,0,26,58,12,96,46,0,46,142
04/21/2017,EWN,NC,ASO,EN,Federal Contract Tower,0,24,17,0,41,0,0,58,0,58,0,24,75,0,99,66,0,66,165
04/22/2017,EWN,NC,ASO,EN,Federal Contract Tower,0,16,8,0,24,0,0,57,0,57,0,16,65,0,81,32,0,32,113
04/23/2017,EWN,NC,ASO,EN,Federal Contract Tower,0,19,15,0,34,0,0,0,0,0,0,19,15,0,34,0,0,0,34
04/24/2017,EWN,NC,ASO,EN,Federal Contract Tower,0,20,1,0,21,0,0,0,0,0,0,20,1,0,21,0,0,0,21
04/25/2017,EWN,NC,ASO,EN,Federal Contract Tower,0,19,14,0,33,0,0,26,2,28,0,19,40,2,61,24,14,38,99
04/26/2017,EWN,NC,ASO,EN,Federal Contract Tower,0,28,9,0,37,0,0,36,0,36,0,28,45,0,73,24,0,24,97
04/27/2017,EWN,NC,ASO,EN,Federal Contract Tower,0,23,12,2,37,0,0,28,4,32,0,23,40,6,69,20,8,28,97
04/28/2017,EWN,NC,ASO,EN,Federal Contract Tower,0,22,10,0,32,0,0,34,0,34,0,22,44,0,66,32,0,32,98
04/29/2017,EWN,NC,ASO,EN,Federal Contract Tower,0,15,4,0,19,0,0,38,0,38,0,15,42,0,57,22,0,22,79
04/30/2017,EWN,NC,ASO,EN,Federal Contract Tower,0,15,12,2,29,0,0,35,2,37,0,15,47,4,66,36,4,40,106
05/01/2017,EWN,NC,ASO,EN,Federal Contract Tower,0,20,7,2,29,0,0,28,0,28,0,20,35,2,57,4,0,4,61
05/02/2017,EWN,NC,ASO,EN,Federal Contract Tower,0,26,14,4,44,0,0,39,0,39,0,26,53,4,83,22,0,22,105
05/03/2017,EWN,NC,ASO,EN,Federal Contract Tower,0,26,18,12,56,0,0,48,0,48,0,26,66,12,104,30,0,30,134
05/04/2017,EWN,NC,ASO,EN,Federal Contract Tower,0,24,5,0,29,0,0,46,2,48,0,24,51,2,77,36,28,64,141
05/05/2017,EWN,NC,ASO,EN,Federal Contract Tower,0,20,8,0,28,0,0,9,0,9,0,20,17,0,37,0,0,0,37
05/06/2017,EWN,NC,ASO,EN,Federal Contract Tower,0,12,9,4,25,0,0,38,0,38,0,12,47,4,63,34,0,34,97
05/07/2017,EWN,NC,ASO,EN,Federal Contract Tower,0,14,9,0,23,0,0,62,0,62,0,14,71,0,85,76,0,76,161
05/08/2017,EWN,NC,ASO,EN,Federal Contract Tower,0,17,18,0,35,0,0,50,7,57,0,17,68,7,92,60,16,76,168
05/09/2017,EWN,NC,ASO,EN,Federal Contract Tower,0,20,19,6,45,0,1,43,0,44,0,21,62,6,89,72,0,72,161
05/10/2017,EWN,NC,ASO,EN,Federal Contract Tower,0,25,12,1,38,0,0,35,0,35,0,25,47,1,73,40,0,40,113
05/11/2017,EWN,NC,ASO,EN,Federal Contract Tower,0,24,8,0,32,0,1,45,0,46,0,25,53,0,78,74,0,74,152
05/12/2017,EWN,NC,ASO,EN,Federal Contract Tower,0,22,11,3,36,0,0,0,0,0,0,22,11,3,36,0,0,0,36
05/13/2017,EWN,NC,ASO,EN,Federal Contract Tower,0,13,3,0,16,0,0,6,0,6,0,13,9,0,22,8,0,8,30
05/14/2017,EWN,NC,ASO,EN,Federal Contract Tower,0,14,4,0,18,0,2,38,0,40,0,16,42,0,58,46,0,46,104
05/15/2017,EWN,NC,ASO,EN,Federal Contract Tower,0,18,7,4,29,0,0,66,2,68,0,18,73,6,97,112,0,112,209
05/16/2017,EWN,NC,ASO,EN,Federal Contract Tower,0,26,13,0,39,0,2,46,3,51,0,28,59,3,90,44,0,44,134
05/17/2017,EWN,NC,ASO,EN,Federal Contract Tower,0,23,7,1,31,0,0,37,3,40,0,23,44,4,71,22,8,30,101
05/18/2017,EWN,NC,ASO,EN,Federal Contract Tower,0,26,5,2,33,0,0,31,0,31,0,26,36,2,64,38,0,38,102
05/19/2017,EWN,NC,ASO,EN,Federal Contract Tower,0,21,14,2,37,0,0,49,2,51,0,21,63,4,88,60,0,60,148
05/20/2017,EWN,NC,ASO,EN,Federal Contract Tower,0,15,6,0,21,0,0,36,0,36,0,15,42,0,57,0,0,0,57
05/21/2017,EWN,NC,ASO,EN,Federal Contract Tower,0,17,4,0,21,0,0,30,0,30,0,17,34,0,51,22,0,22,73
05/22/2017,EWN,NC,ASO,EN,Federal Contract Tower,0,18,5,0,23,0,0,28,0,28,0,18,33,0,51,42,0,42,93
05/23/2017,EWN,NC,ASO,EN,Federal Contract Tower,0,17,11,1,29,0,0,6,2,8,0,17,17,3,37,6,8,14,51
05/24/2017,EWN,NC,ASO,EN,Federal Contract Tower,0,23,11,2,36,0,0,26,0,26,0,23,37,2,62,34,0,34,96
05/25/2017,EWN,NC,ASO,EN,Federal Contract Tower,0,25,17,0,42,0,0,32,0,32,0,25,49,0,74,40,0,40,114
05/26/2017,EWN,NC,ASO,EN,Federal Contract Tower,0,22,6,0,28,0,0,64,0,64,0,22,70,0,92,88,0,88,180
05/27/2017,EWN,NC,ASO,EN,Federal Contract Tower,0,18,10,0,28,0,0,75,0,75,0,18,85,0,103,66,0,66,169
05/28/2017,EWN,NC,ASO,EN,Federal Contract Tower,0,13,1,0,14,0,0,28,0,28,0,13,29,0,42,14,0,14,56
05/29/2017,EWN,NC,ASO,EN,Federal Contract Tower,0,19,15,0,34,0,0,51,0,51,0,19,66,0,85,60,0,60,145
05/30/2017,EWN,NC,ASO,EN,Federal Contract Tower,0,17,7,0,24,0,0,25,0,25,0,17,32,0,49,28,0,28,77
05/31/2017,EWN,NC,ASO,EN,Federal Contract Tower,0,25,7,0,32,0,0,28,0,28,0,25,35,0,60,30,0,30,90
06/01/2017,EWN,NC,ASO,EN,Federal Contract Tower,0,23,14,0,37,0,0,44,0,44,0,23,58,0,81,66,0,66,147
06/02/2017,EWN,NC,ASO,EN,Federal Contract Tower,0,19,8,2,29,0,0,61,0,61,0,19,69,2,90,56,0,56,146
06/03/2017,EWN,NC,ASO,EN,Federal Contract Tower,0,13,5,0,18,0,0,40,4,44,0,13,45,4,62,48,0,48,110
06/04/2017,EWN,NC,ASO,EN,Federal Contract Tower,0,12,19,0,31,0,0,44,0,44,0,12,63,0,75,56,0,56,131
06/05/2017,EWN,NC,ASO,EN,Federal Contract Tower,0,18,2,0,20,0,0,9,2,11,0,18,11,2,31,10,2,12,43
06/06/2017,EWN,NC,ASO,EN,Federal Contract Tower,0,20,8,4,32,0,0,32,0,32,0,20,40,4,64,70,0,70,134
06/07/2017,EWN,NC,ASO,EN,Federal Contract Tower,0,24,8,2,34,0,0,5,4,9,0,24,13,6,43,0,0,0,43
06/08/2017,EWN,NC,ASO,EN,Federal Contract Tower,0,22,11,2,35,0,0,7,2,9,0,22,18,4,44,12,6,18,62
06/09/2017,EWN,NC,ASO,EN,Federal Contract Tower,0,23,13,0,36,0,0,77,0,77,0,23,90,0,113,118,0,118,231
06/10/2017,EWN,NC,ASO,EN,Federal Contract Tower,0,13,5,0,18,0,0,59,4,63,0,13,64,4,81,58,16,74,155
06/11/2017,EWN,NC,ASO,EN,Federal Contract Tower,0,19,16,0,35,0,0,47,0,47,0,19,63,0,82,56,0,56,138
06/12/2017,EWN,NC,ASO,EN,Federal Contract Tower,0,17,12,0,29,0,1,43,0,44,0,18,55,0,73,28,0,28,101
06/13/2017,EWN,NC,ASO,EN,Federal Contract Tower,0,19,13,0,32,0,0,59,0,59,0,19,72,0,91,32,0,32,123
06/14/2017,EWN,NC,ASO,EN,Federal Contract Tower,0,23,0,0,23,0,2,45,0,47,0,25,45,0,70,22,0,22,92
06/15/2017,EWN,NC,ASO,EN,Federal Contract Tower,0,33,3,0,36,0,0,27,0,27,0,33,30,0,63,22,0,22,85
06/16/2017,EWN,NC,ASO,EN,Federal Contract Tower,0,28,20,0,48,0,0,55,0,55,0,28,75,0,103,76,0,76,179
06/17/2017,EWN,NC,ASO,EN,Federal Contract Tower,0,19,14,0,33,0,0,28,0,28,0,19,42,0,61,16,0,16,77
06/18/2017,EWN,NC,ASO,EN,Federal Contract Tower,0,22,33,0,55,0,0,48,0,48,0,22,81,0,103,94,0,94,197
06/19/2017,EWN,NC,ASO,EN,Federal Contract Tower,0,18,7,1,26,0,0,26,0,26,0,18,33,1,52,22,2,24,76
06/20/2017,EWN,NC,ASO,EN,Federal Contract Tower,0,18,11,0,29,0,0,13,0,13,0,18,24,0,42,16,0,16,58
06/21/2017,EWN,NC,ASO,EN,Federal Contract Tower,0,22,13,5,40,0,2,39,0,41,0,24,52,5,81,64,0,64,145
06/22/2017,EWN,NC,ASO,EN,Federal Contract Tower,0,23,12,1,36,0,0,39,2,41,0,23,51,3,77,58,0,58,135
06/23/2017,EWN,NC,ASO,EN,Federal Contract Tower,0,21,17,0,38,0,0,25,3,28,0,21,42,3,66,46,0,46,112
06/24/2017,EWN,NC,ASO,EN,Federal Contract Tower,0,15,6,0,21,0,0,36,0,36,0,15,42,0,57,34,0,34,91
06/25/2017,EWN,NC,ASO,EN,Federal Contract Tower,0,15,6,0,21,0,0,32,0,32,0,15,38,0,53,50,0,50,103
06/26/2017,EWN,NC,ASO,EN,Federal Contract Tower,0,18,6,0,24,0,0,67,0,67,0,18,73,0,91,88,0,88,179
06/27/2017,EWN,NC,ASO,EN,Federal Contract Tower,0,23,11,2,36,0,4,42,0,46,0,27,53,2,82,110,0,110,192
06/28/2017,EWN,NC,ASO,EN,Federal Contract Tower,1,24,8,0,33,0,2,59,2,63,1,26,67,2,96,62,6,68,164
06/29/2017,EWN,NC,ASO,EN,Federal Contract Tower,0,29,17,0,46,0,0,57,0,57,0,29,74,0,103,88,0,88,191
06/30/2017,EWN,NC,ASO,EN,Federal Contract Tower,0,24,22,0,46,0,0,56,0,56,0,24,78,0,102,48,0,48,150
07/01/2017,EWN,NC,ASO,EN,Federal Contract Tower,0,16,3,0,19,0,0,37,0,37,0,16,40,0,56,18,0,18,74
07/02/2017,EWN,NC,ASO,EN,Federal Contract Tower,0,15,10,0,25,0,0,43,0,43,0,15,53,0,68,16,0,16,84
07/03/2017,EWN,NC,ASO,EN,Federal Contract Tower,0,17,5,0,22,0,0,16,0,16,0,17,21,0,38,12,0,12,50
07/04/2017,EWN,NC,ASO,EN,Federal Contract Tower,0,13,0,0,13,0,0,14,0,14,0,13,14,0,27,0,4,4,31
07/05/2017,EWN,NC,ASO,EN,Federal Contract Tower,0,23,8,1,32,0,0,27,1,28,0,23,35,2,60,34,0,34,94
07/06/2017,EWN,NC,ASO,EN,Federal Contract Tower,0,24,19,8,51,0,0,49,1,50,0,24,68,9,101,24,0,24,125
07/07/2017,EWN,NC,ASO,EN,Federal Contract Tower,0,17,7,0,24,0,0,31,1,32,0,17,38,1,56,12,2,14,70
07/08/2017,EWN,NC,ASO,EN,Federal Contract Tower,0,16,1,0,17,0,0,39,0,39,0,16,40,0,56,44,0,44,100
07/09/2017,EWN,NC,ASO,EN,Federal Contract Tower,0,14,10,0,24,0,0,47,0,47,0,14,57,0,71,56,0,56,127
07/10/2017,EWN,NC,ASO,EN,Federal Contract Tower,0,17,5,0,22,0,2,26,0,28,0,19,31,0,50,12,0,12,62
07/11/2017,EWN,NC,ASO,EN,Federal Contract Tower,0,22,5,0,27,0,2,36,2,40,0,24,41,2,67,36,0,36,103
07/12/2017,EWN,NC,ASO,EN,Federal Contract Tower,0,30,4,0,34,0,2,35,2,39,0,32,39,2,73,32,0,32,105
07/13/2017,EWN,NC,ASO,EN,Federal Contract Tower,0,23,3,4,30,0,2,45,0,47,0,25,48,4,77,36,8,44,121
07/14/2017,EWN,NC,ASO,EN,Federal Contract Tower,4,24,17,0,45,0,0,35,5,40,4,24,52,5,85,34,2,36,121
07/15/2017,EWN,NC,ASO,EN,Federal Contract Tower,0,14,4,0,18,0,0,78,0,78,0,14,82,0,96,34,0,34,130
07/16/2017,EWN,NC,ASO,EN,Federal Contract Tower,0,16,16,1,33,0,2,68,0,70,0,18,84,1,103,32,0,32,135
07/17/2017,EWN,NC,ASO,EN,Federal Contract Tower,0,19,5,0,24,0,0,13,0,13,0,19,18,0,37,28,0,28,65
07/18/2017,EWN,NC,ASO,EN,Federal Contract Tower,0,16,15,0,31,0,0,32,0,32,0,16,47,0,63,72,0,72,135
07/19/2017,EWN,NC,ASO,EN,Federal Contract Tower,0,25,8,0,33,0,0,43,0,43,0,25,51,0,76,42,0,42,118
07/20/2017,EWN,NC,ASO,EN,Federal Contract Tower,1,24,7,1,33,0,0,45,2,47,1,24,52,3,80,38,0,38,118
07/21/2017,EWN,NC,ASO,EN,Federal Contract Tower,0,21,13,0,34,0,0,37,0,37,0,21,50,0,71,18,0,18,89
07/22/2017,EWN,NC,ASO,EN,Federal Contract Tower,0,13,0,0,13,0,0,46,0,46,0,13,46,0,59,70,0,70,129
07/23/2017,EWN,NC,ASO,EN,Federal Contract Tower,0,12,9,0,21,0,2,27,0,29,0,14,36,0,50,6,0,6,56
07/24/2017,EWN,NC,ASO,EN,Federal Contract Tower,0,19,7,6,32,0,0,25,2,27,0,19,32,8,59,2,18,20,79
07/25/2017,EWN,NC,ASO,EN,Federal Contract Tower,0,25,5,0,30,0,0,21,0,21,0,25,26,0,51,6,0,6,57
07/26/2017,EWN,NC,ASO,EN,Federal Contract Tower,0,23,4,4,31,0,0,35,2,37,0,23,39,6,68,18,8,26,94
07/27/2017,EWN,NC,ASO,EN,Federal Contract Tower,0,22,10,0,32,0,0,35,0,35,0,22,45,0,67,40,0,40,107
07/28/2017,EWN,NC,ASO,EN,Federal Contract Tower,0,23,9,0,32,0,0,39,0,39,0,23,48,0,71,34,0,34,105
07/29/2017,EWN,NC,ASO,EN,Federal Contract Tower,0,15,4,0,19,0,0,1,0,1,0,15,5,0,20,0,0,0,20
07/30/2017,EWN,NC,ASO,EN,Federal Contract Tower,0,16,7,0,23,0,0,37,0,37,0,16,44,0,60,34,0,34,94
07/31/2017,EWN,NC,ASO,EN,Federal Contract Tower,0,18,11,0,29,0,0,42,0,42,0,18,53,0,71,24,0,24,95
08/01/2017,EWN,NC,ASO,EN,Federal Contract Tower,0,17,9,2,28,0,0,44,0,44,0,17,53,2,72,44,0,44,116
08/02/2017,EWN,NC,ASO,EN,Federal Contract Tower,0,22,3,0,25,0,0,44,0,44,0,22,47,0,69,18,0,18,87
08/03/2017,EWN,NC,ASO,EN,Federal Contract Tower,0,26,6,0,32,0,2,44,0,46,0,28,50,0,78,44,0,44,122
08/04/2017,EWN,NC,ASO,EN,Federal Contract Tower,0,19,17,6,42,0,0,23,2,25,0,19,40,8,67,40,4,44,111
08/05/2017,EWN,NC,ASO,EN,Federal Contract Tower,0,14,6,0,20,0,0,35,2,37,0,14,41,2,57,62,0,62,119
08/06/2017,EWN,NC,ASO,EN,Federal Contract Tower,0,18,6,0,24,0,0,35,0,35,0,18,41,0,59,60,0,60,119
08/07/2017,EWN,NC,ASO,EN,Federal Contract Tower,0,19,6,1,26,0,0,15,0,15,0,19,21,1,41,4,0,4,45
08/08/2017,EWN,NC,ASO,EN,Federal Contract Tower,2,24,9,0,35,0,0,6,0,6,2,24,15,0,41,10,0,10,51
08/09/2017,EWN,NC,ASO,EN,Federal Contract Tower,0,24,6,6,36,0,0,11,2,13,0,24,17,8,49,18,0,18,67
08/10/2017,EWN,NC,ASO,EN,Federal Contract Tower,0,33,11,1,45,0,0,49,0,49,0,33,60,1,94,68,0,68,162
08/11/2017,EWN,NC,ASO,EN,Federal Contract Tower,1,26,23,4,54,0,0,34,0,34,1,26,57,4,88,12,0,12,100
08/12/2017,EWN,NC,ASO,EN,Federal Contract Tower,0,16,11,0,27,0,0,21,0,21,0,16,32,0,48,32,0,32,80
08/13/2017,EWN,NC,ASO,EN,Federal Contract Tower,0,15,5,0,20,0,0,9,0,9,0,15,14,0,29,24,0,24,53
08/14/2017,EWN,NC,ASO,EN,Federal Contract Tower,0,19,4,2,25,0,2,34,0,36,0,21,38,2,61,50,0,50,111
08/15/2017,EWN,NC,ASO,EN,Federal Contract Tower,0,12,12,0,24,0,0,27,0,27,0,12,39,0,51,36,0,36,87
08/16/2017,EWN,NC,ASO,EN,Federal Contract Tower,0,26,20,6,52,0,0,27,2,29,0,26,47,8,81,26,0,26,107
08/17/2017,EWN,NC,ASO,EN,Federal Contract Tower,0,24,17,0,41,0,0,53,0,53,0,24,70,0,94,48,8,56,150
08/18/2017,EWN,NC,ASO,EN,Federal Contract Tower,0,21,7,0,28,0,0,45,0,45,0,21,52,0,73,38,0,38,111
08/19/2017,EWN,NC,ASO,EN,Federal Contract Tower,0,19,9,0,28,0,0,29,0,29,0,19,38,0,57,22,0,22,79
08/20/2017,EWN,NC,ASO,EN,Federal Contract Tower,0,12,3,0,15,0,2,24,0,26,0,14,27,0,41,18,0,18,59
08/21/2017,EWN,NC,ASO,EN,Federal Contract Tower,0,19,9,0,28,0,0,49,0,49,0,19,58,0,77,38,0,38,115
08/22/2017,EWN,NC,ASO,EN,Federal Contract Tower,0,24,5,0,29,0,0,39,2,41,0,24,44,2,70,42,18,60,130
08/23/2017,EWN,NC,ASO,EN,Federal Contract Tower,1,19,13,4,37,0,2,36,0,38,1,21,49,4,75,60,0,60,135
08/24/2017,EWN,NC,ASO,EN,Federal Contract Tower,1,21,19,2,43,0,0,47,0,47,1,21,66,2,90,90,10,100,190
08/25/2017,EWN,NC,ASO,EN,Federal Contract Tower,3,19,19,0,41,0,0,45,0,45,3,19,64,0,86,42,0,42,128
08/26/2017,EWN,NC,ASO,EN,Federal Contract Tower,1,20,7,0,28,0,0,38,0,38,1,20,45,0,66,70,0,70,136
08/27/2017,EWN,NC,ASO,EN,Federal Contract Tower,1,14,7,0,22,0,2,49,0,51,1,16,56,0,73,22,0,22,95
08/28/2017,EWN,NC,ASO,EN,Federal Contract Tower,2,20,13,0,35,0,0,21,0,21,2,20,34,0,56,6,0,6,62
08/29/2017,EWN,NC,ASO,EN,Federal Contract Tower,0,24,9,0,33,0,0,4,0,4,0,24,13,0,37,0,0,0,37
08/30/2017,EWN,NC,ASO,EN,Federal Contract Tower,2,22,19,1,44,0,0,39,1,40,2,22,58,2,84,92,0,92,176
08/31/2017,EWN,NC,ASO,EN,Federal Contract Tower,2,20,1,3,26,0,2,34,1,37,2,22,35,4,63,32,4,36,99
09/01/2017,EWN,NC,ASO,EN,Federal Contract Tower,3,20,3,0,26,0,0,20,0,20,3,20,23,0,46,48,0,48,94
09/02/2017,EWN,NC,ASO,EN,Federal Contract Tower,1,16,6,0,23,0,0,13,0,13,1,16,19,0,36,22,0,22,58
09/03/2017,EWN,NC,ASO,EN,Federal Contract Tower,1,10,3,0,14,0,0,61,0,61,1,10,64,0,75,132,0,132,207
09/04/2017,EWN,NC,ASO,EN,Federal Contract Tower,3,17,1,0,21,0,0,60,0,60,3,17,61,0,81,114,0,114,195
09/05/2017,EWN,NC,ASO,EN,Federal Contract Tower,2,18,10,0,30,0,0,35,0,35,2,18,45,0,65,90,0,90,155
09/06/2017,EWN,NC,ASO,EN,Federal Contract Tower,0,2,21,6,29,0,0,11,0,11,0,2,32,6,40,10,0,10,50
09/07/2017,EWN,NC,ASO,EN,Federal Contract Tower,3,21,13,0,37,0,0,38,0,38,3,21,51,0,75,42,0,42,117
09/08/2017,EWN,NC,ASO,EN,Federal Contract Tower,2,26,16,2,46,0,0,34,0,34,2,26,50,2,80,66,0,66,146
09/09/2017,EWN,NC,ASO,EN,Federal Contract Tower,3,15,14,0,32,0,0,36,0,36,3,15,50,0,68,42,0,42,110
09/10/2017,EWN,NC,ASO,EN,Federal Contract Tower,5,8,1,0,14,0,0,38,0,38,5,8,39,0,52,22,0,22,74
09/11/2017,EWN,NC,ASO,EN,Federal Contract Tower,0,11,0,0,11,0,0,8,0,8,0,11,8,0,19,18,0,18,37
09/12/2017,EWN,NC,ASO,EN,Federal Contract Tower,3,18,4,0,25,0,0,2,19,21,3,18,6,19,46,0,0,0,46
09/13/2017,EWN,NC,ASO,EN,Federal Contract Tower,4,18,8,0,30,0,0,132,0,132,4,18,140,0,162,44,0,44,206
09/14/2017,EWN,NC,ASO,EN,Federal Contract Tower,4,24,3,0,31,0,0,65,0,65,4,24,68,0,96,90,0,90,186
09/15/2017,EWN,NC,ASO,EN,Federal Contract Tower,3,21,9,0,33,0,0,91,0,91,3,21,100,0,124,90,2,92,216
09/16/2017,EWN,NC,ASO,EN,Federal Contract Tower,3,17,11,0,31,0,0,121,4,125,3,17,132,4,156,84,0,84,240
09/17/2017,EWN,NC,ASO,EN,Federal Contract Tower,3,12,7,0,22,0,0,7,0,7,3,12,14,0,29,6,0,6,35
09/18/2017,EWN,NC,ASO,EN,Federal Contract Tower,6,10,7,8,31,0,0,69,0,69,6,10,76,8,100,68,0,68,168
09/19/2017,EWN,NC,ASO,EN,Federal Contract Tower,4,27,5,2,38,0,2,66,0,68,4,29,71,2,106,70,0,70,176
09/20/2017,EWN,NC,ASO,EN,Federal Contract Tower,4,18,14,0,36,0,0,156,2,158,4,18,170,2,194,82,0,82,276
09/21/2017,EWN,NC,ASO,EN,Federal Contract Tower,4,22,17,0,43,0,1,52,0,53,4,23,69,0,96,60,0,60,156
09/22/2017,EWN,NC,ASO,EN,Federal Contract Tower,4,18,6,0,28,0,0,140,2,142,4,18,146,2,170,51,0,51,221
09/23/2017,EWN,NC,ASO,EN,Federal Contract Tower,3,15,11,0,29,0,0,65,0,65,3,15,76,0,94,106,0,106,200
09/24/2017,EWN,NC,ASO,EN,Federal Contract Tower,8,14,5,0,27,0,1,47,0,48,8,15,52,0,75,68,0,68,143
09/25/2017,EWN,NC,ASO,EN,Federal Contract Tower,6,14,9,4,33,0,0,29,0,29,6,14,38,4,62,18,0,18,80
09/26/2017,EWN,NC,ASO,EN,Federal Contract Tower,4,20,1,0,25,0,2,7,0,9,4,22,8,0,34,8,0,8,42
09/27/2017,EWN,NC,ASO,EN,Federal Contract Tower,4,20,4,0,28,0,0,16,0,16,4,20,20,0,44,68,0,68,112
09/28/2017,EWN,NC,ASO,EN,Federal Contract Tower,4,24,9,0,37,0,0,41,0,41,4,24,50,0,78,112,0,112,190
09/29/2017,EWN,NC,ASO,EN,Federal Contract Tower,6,17,4,0,27,0,0,61,0,61,6,17,65,0,88,122,0,122,210
09/30/2017,EWN,NC,ASO,EN,Federal Contract Tower,4,13,6,0,23,0,0,44,0,44,4,13,50,0,67,34,0,34,101
10/01/2017,EWN,NC,ASO,EN,Federal Contract Tower,5,11,7,0,23,0,0,37,0,37,5,11,44,0,60,50,0,50,110
10/02/2017,EWN,NC,ASO,EN,Federal Contract Tower,4,15,5,0,24,0,0,49,0,49,4,15,54,0,73,32,0,32,105
10/03/2017,EWN,NC,ASO,EN,Federal Contract Tower,4,20,5,0,29,0,0,51,0,51,4,20,56,0,80,22,0,22,102
10/04/2017,EWN,NC,ASO,EN,Federal Contract Tower,4,18,7,0,29,0,0,21,0,21,4,18,28,0,50,18,0,18,68
10/05/2017,EWN,NC,ASO,EN,Federal Contract Tower,4,19,6,0,29,0,2,43,0,45,4,21,49,0,74,22,18,40,114
10/06/2017,EWN,NC,ASO,EN,Federal Contract Tower,2,20,8,0,30,0,2,51,1,54,2,22,59,1,84,66,0,66,150
10/07/2017,EWN,NC,ASO,EN,Federal Contract Tower,3,17,10,0,30,0,0,33,0,33,3,17,43,0,63,20,0,20,83
10/08/2017,EWN,NC,ASO,EN,Federal Contract Tower,1,8,4,0,13,0,0,46,0,46,1,8,50,0,59,38,0,38,97
10/09/2017,EWN,NC,ASO,EN,Federal Contract Tower,4,14,4,0,22,0,0,27,0,27,4,14,31,0,49,36,0,36,85
10/10/2017,EWN,NC,ASO,EN,Federal Contract Tower,4,18,8,0,30,0,2,8,0,10,4,20,16,0,40,2,0,2,42
10/11/2017,EWN,NC,ASO,EN,Federal Contract Tower,3,18,3,0,24,0,0,19,0,19,3,18,22,0,43,36,0,36,79
10/12/2017,EWN,NC,ASO,EN,Federal Contract Tower,3,18,6,0,27,0,0,6,0,6,3,18,12,0,33,14,0,14,47
10/13/2017,EWN,NC,ASO,EN,Federal Contract Tower,3,20,33,0,56,0,0,34,0,34,3,20,67,0,90,24,0,24,114
10/14/2017,EWN,NC,ASO,EN,Federal Contract Tower,3,15,15,0,33,0,0,0,0,0,3,15,15,0,33,0,0,0,33
10/15/2017,EWN,NC,ASO,EN,Federal Contract Tower,1,10,18,0,29,0,0,66,0,66,1,10,84,0,95,82,0,82,177
10/16/2017,EWN,NC,ASO,EN,Federal Contract Tower,4,14,2,0,20,0,0,11,0,11,4,14,13,0,31,8,0,8,39
10/17/2017,EWN,NC,ASO,EN,Federal Contract Tower,4,20,8,0,32,0,0,40,0,40,4,20,48,0,72,44,0,44,116
10/18/2017,EWN,NC,ASO,EN,Federal Contract Tower,4,20,17,0,41,0,0,47,0,47,4,20,64,0,88,36,0,36,124
10/19/2017,EWN,NC,ASO,EN,Federal Contract Tower,5,20,6,2,33,0,0,48,0,48,5,20,54,2,81,96,18,114,195
10/20/2017,EWN,NC,ASO,EN,Federal Contract Tower,4,16,11,1,32,0,0,29,3,32,4,16,40,4,64,93,18,111,175
10/21/2017,EWN,NC,ASO,EN,Federal Contract Tower,4,12,8,0,24,0,2,89,0,91,4,14,97,0,115,63,0,63,178
10/22/2017,EWN,NC,ASO,EN,Federal Contract Tower,1,8,13,0,22,0,2,37,0,39,1,10,50,0,61,76,0,76,137
10/23/2017,EWN,NC,ASO,EN,Federal Contract Tower,5,13,6,1,25,0,0,14,1,15,5,13,20,2,40,0,0,0,40
10/24/2017,EWN,NC,ASO,EN,Federal Contract Tower,3,16,7,2,28,0,0,23,0,23,3,16,30,2,51,22,0,22,73
10/25/2017,EWN,NC,ASO,EN,Federal Contract Tower,4,18,1,0,23,0,0,28,2,30,4,18,29,2,53,46,4,50,103
10/26/2017,EWN,NC,ASO,EN,Federal Contract Tower,4,18,13,0,35,0,0,34,0,34,4,18,47,0,69,38,0,38,107
10/27/2017,EWN,NC,ASO,EN,Federal Contract Tower,4,17,8,0,29,0,0,42,0,42,4,17,50,0,71,54,0,54,125
10/28/2017,EWN,NC,ASO,EN,Federal Contract Tower,3,14,2,0,19,0,0,27,0,27,3,14,29,0,46,43,0,43,89
10/29/2017,EWN,NC,ASO,EN,Federal Contract Tower,0,10,0,0,10,0,0,0,0,0,0,10,0,0,10,0,0,0,10
10/30/2017,EWN,NC,ASO,EN,Federal Contract Tower,2,18,11,0,31,0,0,44,0,44,2,18,55,0,75,44,0,44,119
10/31/2017,EWN,NC,ASO,EN,Federal Contract Tower,4,18,12,0,34,0,0,47,0,47,4,18,59,0,81,66,0,66,147
11/01/2017,EWN,NC,ASO,EN,Federal Contract Tower,5,17,22,1,45,0,0,47,0,47,5,17,69,1,92,94,0,94,186
11/02/2017,EWN,NC,ASO,EN,Federal Contract Tower,4,18,4,0,26,0,2,36,0,38,4,20,40,0,64,69,0,69,133
11/03/2017,EWN,NC,ASO,EN,Federal Contract Tower,4,20,11,0,35,0,0,37,0,37,4,20,48,0,72,62,0,62,134
11/04/2017,EWN,NC,ASO,EN,Federal Contract Tower,3,13,17,0,33,0,0,31,0,31,3,13,48,0,64,57,0,57,121
11/05/2017,EWN,NC,ASO,EN,Federal Contract Tower,3,9,4,0,16,0,0,31,0,31,3,9,35,0,47,40,0,40,87
11/06/2017,EWN,NC,ASO,EN,Federal Contract Tower,6,13,6,0,25,0,0,28,2,30,6,13,34,2,55,38,0,38,93
11/07/2017,EWN,NC,ASO,EN,Federal Contract Tower,6,16,8,1,31,0,0,5,0,5,6,16,13,1,36,14,0,14,50
11/08/2017,EWN,NC,ASO,EN,Federal Contract Tower,6,20,5,5,36,0,0,0,0,0,6,20,5,5,36,0,0,0,36
11/09/2017,EWN,NC,ASO,EN,Federal Contract Tower,6,19,5,1,31,0,0,0,0,0,6,19,5,1,31,0,0,0,31
11/10/2017,EWN,NC,ASO,EN,Federal Contract Tower,6,15,8,0,29,0,0,21,0,21,6,15,29,0,50,23,0,23,73
11/11/2017,EWN,NC,ASO,EN,Federal Contract Tower,4,11,5,0,20,0,1,30,0,31,4,12,35,0,51,15,0,15,66
11/12/2017,EWN,NC,ASO,EN,Federal Contract Tower,4,9,7,0,20,0,0,30,0,30,4,9,37,0,50,70,0,70,120
11/13/2017,EWN,NC,ASO,EN,Federal Contract Tower,6,16,9,0,31,0,0,5,0,5,6,16,14,0,36,10,0,10,46
11/14/2017,EWN,NC,ASO,EN,Federal Contract Tower,5,23,9,1,38,0,0,21,1,22,5,23,30,2,60,20,4,24,84
11/15/2017,EWN,NC,ASO,EN,Federal Contract Tower,6,19,8,0,33,0,0,42,0,42,6,19,50,0,75,40,0,40,115
11/16/2017,EWN,NC,ASO,EN,Federal Contract Tower,5,15,12,5,37,0,0,35,0,35,5,15,47,5,72,95,0,95,167
11/17/2017,EWN,NC,ASO,EN,Federal Contract Tower,6,17,8,0,31,0,0,23,6,29,6,17,31,6,60,46,0,46,106
11/18/2017,EWN,NC,ASO,EN,Federal Contract Tower,4,13,9,0,26,0,0,42,0,42,4,13,51,0,68,78,0,78,146
11/19/2017,EWN,NC,ASO,EN,Federal Contract Tower,4,10,16,0,30,0,0,22,0,22,4,10,38,0,52,16,0,16,68
11/20/2017,EWN,NC,ASO,EN,Federal Contract Tower,6,19,12,4,41,0,0,47,0,47,6,19,59,4,88,78,0,78,166
11/21/2017,EWN,NC,ASO,EN,Federal Contract Tower,6,16,12,4,38,0,0,45,0,45,6,16,57,4,83,60,0,60,143
11/22/2017,EWN,NC,ASO,EN,Federal Contract Tower,7,22,19,4,52,0,0,23,0,23,7,22,42,4,75,38,0,38,113
11/23/2017,EWN,NC,ASO,EN,Federal Contract Tower,3,7,5,0,15,0,0,10,0,10,3,7,15,0,25,0,0,0,25
11/24/2017,EWN,NC,ASO,EN,Federal Contract Tower,3,20,11,0,34,0,4,33,0,37,3,24,44,0,71,6,0,6,77
11/25/2017,EWN,NC,ASO,EN,Federal Contract Tower,2,15,9,0,26,0,0,35,0,35,2,15,44,0,61,30,0,30,91
11/26/2017,EWN,NC,ASO,EN,Federal Contract Tower,4,10,20,0,34,0,0,45,0,45,4,10,65,0,79,34,0,34,113
11/27/2017,EWN,NC,ASO,EN,Federal Contract Tower,5,16,11,2,34,0,0,35,0,35,5,16,46,2,69,58,0,58,127
11/28/2017,EWN,NC,ASO,EN,Federal Contract Tower,6,18,17,0,41,0,0,56,2,58,6,18,73,2,99,24,10,34,133
11/29/2017,EWN,NC,ASO,EN,Federal Contract Tower,6,23,5,0,34,0,0,28,0,28,6,23,33,0,62,12,0,12,74
11/30/2017,EWN,NC,ASO,EN,Federal Contract Tower,4,20,5,0,29,0,0,42,3,45,4,20,47,3,74,58,9,67,141
12/01/2017,EWN,NC,ASO,EN,Federal Contract Tower,5,17,8,0,30,0,0,34,0,34,5,17,42,0,64,12,0,12,76
12/02/2017,EWN,NC,ASO,EN,Federal Contract Tower,4,9,5,0,18,0,0,34,0,34,4,9,39,0,52,26,0,26,78
12/03/2017,EWN,NC,ASO,EN,Federal Contract Tower,4,9,2,0,15,0,0,35,0,35,4,9,37,0,50,48,0,48,98
12/04/2017,EWN,NC,ASO,EN,Federal Contract Tower,6,13,10,2,31,0,0,38,2,40,6,13,48,4,71,20,14,34,105
12/05/2017,EWN,NC,ASO,EN,Federal Contract Tower,6,23,16,0,45,0,0,13,0,13,6,23,29,0,58,36,0,36,94
12/06/2017,EWN,NC,ASO,EN,Federal Contract Tower,6,21,15,0,42,0,0,0,0,0,6,21,15,0,42,0,0,0,42
12/07/2017,EWN,NC,ASO,EN,Federal Contract Tower,5,19,9,6,39,0,0,5,0,5,5,19,14,6,44,0,0,0,44
12/08/2017,EWN,NC,ASO,EN,Federal Contract Tower,5,11,2,0,18,0,0,1,0,1,5,11,3,0,19,0,0,0,19
12/09/2017,EWN,NC,ASO,EN,Federal Contract Tower,4,6,5,0,15,0,0,0,0,0,4,6,5,0,15,0,0,0,15
12/10/2017,EWN,NC,ASO,EN,Federal Contract Tower,5,6,8,0,19,0,2,37,0,39,5,8,45,0,58,80,0,80,138
12/11/2017,EWN,NC,ASO,EN,Federal Contract Tower,6,20,7,0,33,0,0,29,0,29,6,20,36,0,62,30,0,30,92
12/12/2017,EWN,NC,ASO,EN,Federal Contract Tower,4,30,14,1,49,0,0,35,2,37,4,30,49,3,86,50,4,54,140
12/13/2017,EWN,NC,ASO,EN,Federal Contract Tower,6,26,8,0,40,0,0,18,0,18,6,26,26,0,58,12,0,12,70
12/14/2017,EWN,NC,ASO,EN,Federal Contract Tower,5,24,13,0,42,0,0,36,0,36,5,24,49,0,78,46,0,46,124
12/15/2017,EWN,NC,ASO,EN,Federal Contract Tower,5,20,3,0,28,0,0,37,0,37,5,20,40,0,65,52,0,52,117
12/17/2017,EWN,NC,ASO,EN,Federal Contract Tower,3,10,10,0,23,0,0,37,0,37,3,10,47,0,60,44,0,44,104
12/18/2017,EWN,NC,ASO,EN,Federal Contract Tower,2,16,13,0,31,0,0,35,0,35,2,16,48,0,66,38,0,38,104
12/19/2017,EWN,NC,ASO,EN,Federal Contract Tower,5,22,6,6,39,0,2,42,0,44,5,24,48,6,83,36,0,36,119
12/20/2017,EWN,NC,ASO,EN,Federal Contract Tower,2,27,3,0,32,0,0,3,0,3,2,27,6,0,35,0,0,0,35
12/21/2017,EWN,NC,ASO,EN,Federal Contract Tower,5,24,18,1,48,0,4,47,1,52,5,28,65,2,100,54,0,54,154
12/22/2017,EWN,NC,ASO,EN,Federal Contract Tower,3,16,8,0,27,0,0,8,0,8,3,16,16,0,35,14,0,14,49
12/23/2017,EWN,NC,ASO,EN,Federal Contract Tower,1,16,0,0,17,0,0,19,0,19,1,16,19,0,36,10,0,10,46
12/24/2017,EWN,NC,ASO,EN,Federal Contract Tower,3,8,1,0,12,0,0,0,0,0,3,8,1,0,12,0,0,0,12
12/25/2017,EWN,NC,ASO,EN,Federal Contract Tower,4,7,1,0,12,0,2,3,0,5,4,9,4,0,17,0,0,0,17
12/26/2017,EWN,NC,ASO,EN,Federal Contract Tower,6,14,14,0,34,0,0,36,0,36,6,14,50,0,70,28,0,28,98
12/27/2017,EWN,NC,ASO,EN,Federal Contract Tower,4,19,5,0,28,0,0,2,0,2,4,19,7,0,30,0,0,0,30
12/28/2017,EWN,NC,ASO,EN,Federal Contract Tower,4,23,10,0,37,0,0,26,2,28,4,23,36,2,65,30,6,36,101
12/29/2017,EWN,NC,ASO,EN,Federal Contract Tower,5,20,1,0,26,0,0,30,0,30,5,20,31,0,56,48,0,48,104
12/30/2017,EWN,NC,ASO,EN,Federal Contract Tower,2,14,6,0,22,0,0,39,0,39,2,14,45,0,61,22,0,22,83
12/31/2017,EWN,NC,ASO,EN,Federal Contract Tower,5,7,2,1,15,0,0,11,0,11,5,7,13,1,26,0,0,0,26
01/01/2018,EWN,NC,ASO,EN,Federal Contract Tower,4,8,2,0,14,0,2,9,0,11,4,10,11,0,25,0,0,0,25
01/02/2018,EWN,NC,ASO,EN,Federal Contract Tower,5,19,3,0,27,0,0,32,0,32,5,19,35,0,59,28,0,28,87
01/03/2018,EWN,NC,ASO,EN,Federal Contract Tower,0,16,2,0,18,0,2,6,0,8,0,18,8,0,26,10,0,10,36
01/04/2018,EWN,NC,ASO,EN,Federal Contract Tower,3,2,0,0,5,0,2,0,0,2,3,4,0,0,7,0,0,0,7
01/05/2018,EWN,NC,ASO,EN,Federal Contract Tower,4,15,5,0,24,0,0,8,0,8,4,15,13,0,32,6,0,6,38
01/06/2018,EWN,NC,ASO,EN,Federal Contract Tower,4,8,1,0,13,0,0,25,0,25,4,8,26,0,38,20,0,20,58
01/07/2018,EWN,NC,ASO,EN,Federal Contract Tower,4,10,3,0,17,0,0,18,0,18,4,10,21,0,35,18,0,18,53
01/08/2018,EWN,NC,ASO,EN,Federal Contract Tower,4,13,9,0,26,0,1,26,0,27,4,14,35,0,53,20,0,20,73
01/09/2018,EWN,NC,ASO,EN,Federal Contract Tower,6,20,6,0,32,0,2,41,0,43,6,22,47,0,75,52,0,52,127
01/10/2018,EWN,NC,ASO,EN,Federal Contract Tower,5,18,9,1,33,0,0,32,1,33,5,18,41,2,66,44,0,44,110
01/11/2018,EWN,NC,ASO,EN,Federal Contract Tower,7,17,8,1,33,0,0,8,0,8,7,17,16,1,41,18,0,18,59
01/12/2018,EWN,NC,ASO,EN,Federal Contract Tower,5,17,3,3,28,0,0,1,0,1,5,17,4,3,29,6,22,28,57
01/13/2018,EWN,NC,ASO,EN,Federal Contract Tower,6,9,1,0,16,0,0,42,0,42,6,9,43,0,58,66,0,66,124
01/14/2018,EWN,NC,ASO,EN,Federal Contract Tower,4,6,5,0,15,0,0,26,0,26,4,6,31,0,41,38,0,38,79
01/15/2018,EWN,NC,ASO,EN,Federal Contract Tower,7,12,6,0,25,0,0,35,0,35,7,12,41,0,60,42,0,42,102
01/16/2018,EWN,NC,ASO,EN,Federal Contract Tower,6,15,14,0,35,0,0,41,0,41,6,15,55,0,76,12,0,12,88
01/17/2018,EWN,NC,ASO,EN,Federal Contract Tower,3,14,3,0,20,0,0,11,2,13,3,14,14,2,33,22,22,44,77
01/18/2018,EWN,NC,ASO,EN,Federal Contract Tower,1,12,11,0,24,0,0,16,2,18,1,12,27,2,42,18,0,18,60
01/19/2018,EWN,NC,ASO,EN,Federal Contract Tower,6,13,6,0,25,0,17,20,0,37,6,30,26,0,62,34,0,34,96
01/20/2018,EWN,NC,ASO,EN,Federal Contract Tower,6,7,3,0,16,0,0,60,0,60,6,7,63,0,76,108,0,108,184
01/21/2018,EWN,NC,ASO,EN,Federal Contract Tower,4,8,8,0,20,0,0,46,0,46,4,8,54,0,66,40,0,40,106
01/22/2018,EWN,NC,ASO,EN,Federal Contract Tower,5,13,7,0,25,0,0,36,0,36,5,13,43,0,61,28,0,28,89
01/23/2018,EWN,NC,ASO,EN,Federal Contract Tower,5,17,2,0,24,0,0,7,2,9,5,17,9,2,33,0,6,6,39
01/24/2018,EWN,NC,ASO,EN,Federal Contract Tower,5,29,5,0,39,0,0,27,1,28,5,29,32,1,67,12,16,28,95
01/25/2018,EWN,NC,ASO,EN,Federal Contract Tower,6,22,8,0,36,0,3,37,0,40,6,25,45,0,76,30,0,30,106
01/26/2018,EWN,NC,ASO,EN,Federal Contract Tower,7,16,15,0,38,0,0,64,0,64,7,16,79,0,102,66,0,66,168
01/27/2018,EWN,NC,ASO,EN,Federal Contract Tower,6,7,15,0,28,0,0,64,0,64,6,7,79,0,92,98,0,98,190
01/28/2018,EWN,NC,ASO,EN,Federal Contract Tower,1,8,5,4,18,0,0,0,0,0,1,8,5,4,18,0,0,0,18
01/29/2018,EWN,NC,ASO,EN,Federal Contract Tower,7,17,2,0,26,0,0,0,0,0,7,17,2,0,26,0,0,0,26
01/30/2018,EWN,NC,ASO,EN,Federal Contract Tower,6,17,2,2,27,0,0,25,0,25,6,17,27,2,52,32,0,32,84
01/31/2018,EWN,NC,ASO,EN,Federal Contract Tower,7,16,7,0,30,0,4,47,0,51,7,20,54,0,81,94,0,94,175
02/01/2018,EWN,NC,ASO,EN,Federal Contract Tower,6,15,13,0,34,0,0,40,0,40,6,15,53,0,74,38,0,38,112
02/02/2018,EWN,NC,ASO,EN,Federal Contract Tower,6,15,4,4,29,0,0,33,0,33,6,15,37,4,62,44,0,44,106
02/03/2018,EWN,NC,ASO,EN,Federal Contract Tower,6,8,10,0,24,0,0,49,0,49,6,8,59,0,73,90,0,90,163
02/04/2018,EWN,NC,ASO,EN,Federal Contract Tower,3,3,6,0,12,0,0,8,0,8,3,3,14,0,20,12,0,12,32
02/05/2018,EWN,NC,ASO,EN,Federal Contract Tower,5,11,2,0,18,0,0,48,0,48,5,11,50,0,66,92,0,92,158
02/06/2018,EWN,NC,ASO,EN,Federal Contract Tower,6,15,10,0,31,0,0,56,0,56,6,15,66,0,87,86,26,112,199
02/07/2018,EWN,NC,ASO,EN,Federal Contract Tower,5,17,15,4,41,0,0,15,0,15,5,17,30,4,56,14,4,18,74
02/08/2018,EWN,NC,ASO,EN,Federal Contract Tower,6,17,15,0,38,0,2,45,0,47,6,19,60,0,85,122,16,138,223
02/09/2018,EWN,NC,ASO,EN,Federal Contract Tower,6,14,10,0,30,0,0,39,0,39,6,14,49,0,69,26,0,26,95
02/10/2018,EWN,NC,ASO,EN,Federal Contract Tower,6,6,11,0,23,0,0,11,0,11,6,6,22,0,34,22,0,22,56
02/11/2018,EWN,NC,ASO,EN,Federal Contract Tower,3,5,6,3,17,0,0,12,0,12,3,5,18,3,29,26,0,26,55
02/12/2018,EWN,NC,ASO,EN,Federal Contract Tower,6,10,7,1,24,0,0,11,0,11,6,10,18,1,35,0,0,0,35
02/13/2018,EWN,NC,ASO,EN,Federal Contract Tower,6,17,11,0,34,0,0,15,0,15,6,17,26,0,49,0,0,0,49
02/14/2018,EWN,NC,ASO,EN,Federal Contract Tower,6,17,11,0,34,0,0,8,0,8,6,17,19,0,42,10,0,10,52
02/15/2018,EWN,NC,ASO,EN,Federal Contract Tower,6,14,12,6,38,0,0,26,1,27,6,14,38,7,65,56,2,58,123
02/16/2018,EWN,NC,ASO,EN,Federal Contract Tower,6,16,8,2,32,0,0,25,0,25,6,16,33,2,57,6,0,6,63
02/17/2018,EWN,NC,ASO,EN,Federal Contract Tower,7,8,5,0,20,0,2,16,0,18,7,10,21,0,38,14,0,14,52
02/18/2018,EWN,NC,ASO,EN,Federal Contract Tower,5,12,10,0,27,0,0,48,0,48,5,12,58,0,75,80,0,80,155
02/19/2018,EWN,NC,ASO,EN,Federal Contract Tower,6,16,18,0,40,0,0,22,0,22,6,16,40,0,62,10,0,10,72
02/20/2018,EWN,NC,ASO,EN,Federal Contract Tower,6,17,14,0,37,0,0,25,0,25,6,17,39,0,62,34,0,34,96
02/21/2018,EWN,NC,ASO,EN,Federal Contract Tower,6,17,16,0,39,0,0,38,0,38,6,17,54,0,77,82,0,82,159
02/22/2018,EWN,NC,ASO,EN,Federal Contract Tower,6,13,5,2,26,0,0,25,0,25,6,13,30,2,51,28,0,28,79
02/23/2018,EWN,NC,ASO,EN,Federal Contract Tower,5,18,10,3,36,0,0,31,0,31,5,18,41,3,67,10,60,70,137
02/24/2018,EWN,NC,ASO,EN,Federal Contract Tower,3,8,14,0,25,0,0,25,0,25,3,8,39,0,50,54,2,56,106
02/25/2018,EWN,NC,ASO,EN,Federal Contract Tower,6,8,7,0,21,0,0,37,2,39,6,8,44,2,60,34,4,38,98
02/26/2018,EWN,NC,ASO,EN,Federal Contract Tower,6,11,10,4,31,0,0,3,0,3,6,11,13,4,34,0,0,0,34
02/27/2018,EWN,NC,ASO,EN,Federal Contract Tower,5,20,18,2,45,0,0,43,2,45,5,20,61,4,90,72,2,74,164
02/28/2018,EWN,NC,ASO,EN,Federal Contract Tower,6,19,6,0,31,0,0,26,0,26,6,19,32,0,57,50,0,50,107
03/01/2018,EWN,NC,ASO,EN,Federal Contract Tower,5,16,4,2,27,0,0,7,0,7,5,16,11,2,34,8,0,8,42
03/02/2018,EWN,NC,ASO,EN,Federal Contract Tower,0,11,5,1,17,0,0,2,0,2,0,11,7,1,19,0,0,0,19
03/03/2018,EWN,NC,ASO,EN,Federal Contract Tower,5,9,3,0,17,0,2,5,0,7,5,11,8,0,24,0,0,0,24
03/04/2018,EWN,NC,ASO,EN,Federal Contract Tower,6,8,4,0,18,0,2,27,0,29,6,10,31,0,47,0,0,0,47
03/05/2018,EWN,NC,ASO,EN,Federal Contract Tower,6,11,21,0,38,0,0,44,4,48,6,11,65,4,86,38,0,38,124
03/06/2018,EWN,NC,ASO,EN,Federal Contract Tower,6,30,4,5,45,0,8,17,1,26,6,38,21,6,71,0,0,0,71
03/07/2018,EWN,NC,ASO,EN,Federal Contract Tower,5,20,10,4,39,0,0,6,2,8,5,20,16,6,47,0,0,0,47
03/08/2018,EWN,NC,ASO,EN,Federal Contract Tower,6,18,5,2,31,0,0,47,0,47,6,18,52,2,78,88,0,88,166
03/09/2018,EWN,NC,ASO,EN,Federal Contract Tower,5,20,22,11,58,0,0,46,1,47,5,20,68,12,105,44,2,46,151
03/10/2018,EWN,NC,ASO,EN,Federal Contract Tower,7,13,8,0,28,0,0,34,0,34,7,13,42,0,62,28,0,28,90
03/11/2018,EWN,NC,ASO,EN,Federal Contract Tower,6,7,7,0,20,0,1,32,0,33,6,8,39,0,53,58,0,58,111
03/12/2018,EWN,NC,ASO,EN,Federal Contract Tower,6,11,3,0,20,0,0,0,0,0,6,11,3,0,20,0,0,0,20
03/13/2018,EWN,NC,ASO,EN,Federal Contract Tower,6,20,13,0,39,0,0,31,0,31,6,20,44,0,70,24,0,24,94
03/14/2018,EWN,NC,ASO,EN,Federal Contract Tower,7,20,13,1,41,0,2,24,0,26,7,22,37,1,67,6,0,6,73
03/15/2018,EWN,NC,ASO,EN,Federal Contract Tower,5,19,6,0,30,0,0,32,0,32,5,19,38,0,62,8,0,8,70
03/16/2018,EWN,NC,ASO,EN,Federal Contract Tower,5,17,11,0,33,0,1,49,0,50,5,18,60,0,83,52,0,52,135
03/17/2018,EWN,NC,ASO,EN,Federal Contract Tower,4,14,7,0,25,0,2,44,0,46,4,16,51,0,71,42,0,42,113
03/18/2018,EWN,NC,ASO,EN,Federal Contract Tower,6,8,10,2,26,0,2,40,0,42,6,10,50,2,68,50,0,50,118
03/19/2018,EWN,NC,ASO,EN,Federal Contract Tower,6,12,5,0,23,0,2,30,0,32,6,14,35,0,55,14,0,14,69
03/20/2018,EWN,NC,ASO,EN,Federal Contract Tower,5,14,0,0,19,0,1,14,0,15,5,15,14,0,34,22,0,22,56
03/21/2018,EWN,NC,ASO,EN,Federal Contract Tower,6,19,2,0,27,0,0,2,0,2,6,19,4,0,29,0,0,0,29
03/22/2018,EWN,NC,ASO,EN,Federal Contract Tower,6,19,18,4,47,0,0,40,0,40,6,19,58,4,87,48,0,48,135
03/23/2018,EWN,NC,ASO,EN,Federal Contract Tower,6,19,19,2,46,0,0,46,0,46,6,19,65,2,92,74,0,74,166
03/24/2018,EWN,NC,ASO,EN,Federal Contract Tower,6,11,8,2,27,0,0,48,0,48,6,11,56,2,75,32,0,32,107
03/25/2018,EWN,NC,ASO,EN,Federal Contract Tower,6,8,1,0,15,0,0,0,0,0,6,8,1,0,15,0,0,0,15
03/26/2018,EWN,NC,ASO,EN,Federal Contract Tower,6,14,8,0,28,0,0,25,0,25,6,14,33,0,53,26,0,26,79
03/27/2018,EWN,NC,ASO,EN,Federal Contract Tower,7,15,24,0,46,0,3,16,0,19,7,18,40,0,65,0,0,0,65
03/28/2018,EWN,NC,ASO,EN,Federal Contract Tower,6,23,9,0,38,0,1,42,0,43,6,24,51,0,81,32,0,32,113
03/29/2018,EWN,NC,ASO,EN,Federal Contract Tower,6,18,11,2,37,0,0,35,0,35,6,18,46,2,72,32,0,32,104
03/30/2018,EWN,NC,ASO,EN,Federal Contract Tower,6,23,11,2,42,0,0,17,0,17,6,23,28,2,59,14,0,14,73
03/31/2018,EWN,NC,ASO,EN,Federal Contract Tower,6,12,3,0,21,0,0,72,0,72,6,12,75,0,93,58,0,58,151
04/01/2018,EWN,NC,ASO,EN,Federal Contract Tower,6,7,2,0,15,0,2,44,0,46,6,9,46,0,61,92,0,92,153
04/02/2018,EWN,NC,ASO,EN,Federal Contract Tower,5,12,3,3,23,0,25,64,0,89,5,37,67,3,112,38,0,38,150
04/03/2018,EWN,NC,ASO,EN,Federal Contract Tower,5,17,16,1,39,0,2,28,0,30,5,19,44,1,69,0,0,0,69
04/04/2018,EWN,NC,ASO,EN,Federal Contract Tower,4,18,5,0,27,0,3,9,0,12,4,21,14,0,39,0,0,0,39
04/05/2018,EWN,NC,ASO,EN,Federal Contract Tower,4,22,18,0,44,0,0,54,0,54,4,22,72,0,98,48,0,48,146
04/06/2018,EWN,NC,ASO,EN,Federal Contract Tower,4,18,15,6,43,0,0,30,1,31,4,18,45,7,74,20,0,20,94
04/07/2018,EWN,NC,ASO,EN,Federal Contract Tower,4,14,2,0,20,0,1,2,0,3,4,15,4,0,23,0,0,0,23
04/08/2018,EWN,NC,ASO,EN,Federal Contract Tower,4,10,9,0,23,0,0,31,0,31,4,10,40,0,54,42,0,42,96
04/09/2018,EWN,NC,ASO,EN,Federal Contract Tower,4,13,4,0,21,0,0,6,0,6,4,13,10,0,27,0,0,0,27
04/10/2018,EWN,NC,ASO,EN,Federal Contract Tower,2,21,19,12,54,0,2,31,0,33,2,23,50,12,87,38,6,44,131
04/11/2018,EWN,NC,ASO,EN,Federal Contract Tower,4,26,31,14,75,0,0,59,2,61,4,26,90,16,136,56,0,56,192
04/12/2018,EWN,NC,ASO,EN,Federal Contract Tower,4,19,9,0,32,0,0,53,0,53,4,19,62,0,85,44,0,44,129
04/13/2018,EWN,NC,ASO,EN,Federal Contract Tower,4,19,15,4,42,0,2,43,0,45,4,21,58,4,87,36,0,36,123
04/14/2018,EWN,NC,ASO,EN,Federal Contract Tower,4,16,18,0,38,0,0,60,3,63,4,16,78,3,101,88,0,88,189
04/15/2018,EWN,NC,ASO,EN,Federal Contract Tower,2,7,3,0,12,0,0,0,0,0,2,7,3,0,12,0,0,0,12
04/16/2018,EWN,NC,ASO,EN,Federal Contract Tower,4,12,8,2,26,0,0,18,0,18,4,12,26,2,44,10,0,10,54
04/17/2018,EWN,NC,ASO,EN,Federal Contract Tower,4,19,8,0,31,0,2,42,0,44,4,21,50,0,75,80,0,80,155
04/18/2018,EWN,NC,ASO,EN,Federal Contract Tower,5,21,9,2,37,0,0,42,0,42,5,21,51,2,79,68,0,68,147
04/19/2018,EWN,NC,ASO,EN,Federal Contract Tower,4,15,11,2,32,0,0,26,2,28,4,15,37,4,60,16,2,18,78
04/20/2018,EWN,NC,ASO,EN,Federal Contract Tower,5,15,18,1,39,0,2,39,0,41,5,17,57,1,80,68,0,68,148
04/21/2018,EWN,NC,ASO,EN,Federal Contract Tower,4,12,21,0,37,0,0,53,0,53,4,12,74,0,90,22,0,22,112
04/22/2018,EWN,NC,ASO,EN,Federal Contract Tower,4,10,7,0,21,0,2,47,0,49,4,12,54,0,70,70,0,70,140
04/23/2018,EWN,NC,ASO,EN,Federal Contract Tower,5,13,11,0,29,0,0,41,3,44,5,13,52,3,73,2,0,2,75
04/24/2018,EWN,NC,ASO,EN,Federal Contract Tower,2,23,3,0,28,0,0,2,0,2,2,23,5,0,30,0,0,0,30
04/25/2018,EWN,NC,ASO,EN,Federal Contract Tower,2,21,29,0,52,0,2,41,0,43,2,23,70,0,95,32,0,32,127
04/26/2018,EWN,NC,ASO,EN,Federal Contract Tower,4,19,13,4,40,0,3,40,0,43,4,22,53,4,83,74,0,74,157
04/27/2018,EWN,NC,ASO,EN,Federal Contract Tower,2,17,14,0,33,0,0,40,0,40,2,17,54,0,73,94,0,94,167
04/28/2018,EWN,NC,ASO,EN,Federal Contract Tower,4,15,6,0,25,0,0,69,3,72,4,15,75,3,97,62,12,74,171
04/29/2018,EWN,NC,ASO,EN,Federal Contract Tower,4,13,8,6,31,0,2,67,3,72,4,15,75,9,103,70,0,70,173
04/30/2018,EWN,NC,ASO,EN,Federal Contract Tower,5,12,17,1,35,0,2,57,0,59,5,14,74,1,94,70,0,70,164
05/01/2018,EWN,NC,ASO,EN,Federal Contract Tower,5,20,18,0,43,0,0,62,0,62,5,20,80,0,105,58,0,58,163
05/02/2018,EWN,NC,ASO,EN,Federal Contract Tower,4,20,25,3,52,0,2,64,1,67,4,22,89,4,119,70,0,70,189
05/03/2018,EWN,NC,ASO,EN,Federal Contract Tower,4,20,16,2,42,0,0,48,5,53,4,20,64,7,95,26,6,32,127
05/04/2018,EWN,NC,ASO,EN,Federal Contract Tower,10,12,2,2,26,0,14,42,0,56,10,26,44,2,82,30,0,30,112
05/05/2018,EWN,NC,ASO,EN,Federal Contract Tower,10,6,6,1,23,0,7,43,1,51,10,13,49,2,74,67,0,67,141
05/06/2018,EWN,NC,ASO,EN,Federal Contract Tower,2,12,8,3,25,0,0,32,0,32,2,12,40,3,57,64,0,64,121
05/07/2018,EWN,NC,ASO,EN,Federal Contract Tower,6,10,15,8,39,0,5,2,0,7,6,15,17,8,46,1,1,2,48
05/08/2018,EWN,NC,ASO,EN,Federal Contract Tower,2,23,16,0,41,0,0,1,0,1,2,23,17,0,42,0,0,0,42
05/09/2018,EWN,NC,ASO,EN,Federal Contract Tower,2,24,8,10,44,0,64,39,0,103,2,88,47,10,147,70,0,70,217
05/10/2018,EWN,NC,ASO,EN,Federal Contract Tower,2,23,18,2,45,0,76,61,0,137,2,99,79,2,182,66,0,66,248
05/11/2018,EWN,NC,ASO,EN,Federal Contract Tower,2,20,16,0,38,0,91,70,0,161,2,111,86,0,199,54,0,54,253
05/12/2018,EWN,NC,ASO,EN,Federal Contract Tower,0,19,3,0,22,0,13,145,0,158,0,32,148,0,180,38,0,38,218
05/13/2018,EWN,NC,ASO,EN,Federal Contract Tower,2,12,2,0,16,0,2,56,0,58,2,14,58,0,74,92,0,92,166
05/14/2018,EWN,NC,ASO,EN,Federal Contract Tower,2,14,13,1,30,0,78,31,1,110,2,92,44,2,140,32,0,32,172
05/15/2018,EWN,NC,ASO,EN,Federal Contract Tower,2,20,8,3,33,0,93,22,0,115,2,113,30,3,148,12,0,12,160
05/16/2018,EWN,NC,ASO,EN,Federal Contract Tower,2,21,2,6,31,0,83,11,0,94,2,104,13,6,125,63,0,63,188
05/17/2018,EWN,NC,ASO,EN,Federal Contract Tower,2,22,2,0,26,0,0,18,2,20,2,22,20,2,46,22,26,48,94
05/18/2018,EWN,NC,ASO,EN,Federal Contract Tower,0,27,14,0,41,0,0,6,0,6,0,27,20,0,47,12,0,12,59
05/19/2018,EWN,NC,ASO,EN,Federal Contract Tower,0,14,6,0,20,0,0,13,0,13,0,14,19,0,33,28,0,28,61
05/20/2018,EWN,NC,ASO,EN,Federal Contract Tower,0,11,3,0,14,0,2,5,0,7,0,13,8,0,21,4,1,5,26
05/21/2018,EWN,NC,ASO,EN,Federal Contract Tower,0,17,23,0,40,1,2,7,0,10,1,19,30,0,50,4,0,4,54
05/22/2018,EWN,NC,ASO,EN,Federal Contract Tower,2,20,15,2,39,0,0,36,0,36,2,20,51,2,75,62,0,62,137
05/23/2018,EWN,NC,ASO,EN,Federal Contract Tower,2,27,12,0,41,0,0,9,0,9,2,27,21,0,50,8,0,8,58
05/24/2018,EWN,NC,ASO,EN,Federal Contract Tower,2,16,13,1,32,0,2,33,0,35,2,18,46,1,67,48,0,48,115
05/25/2018,EWN,NC,ASO,EN,Federal Contract Tower,0,22,8,2,32,0,4,58,0,62,0,26,66,2,94,116,0,116,210
05/26/2018,EWN,NC,ASO,EN,Federal Contract Tower,0,15,13,0,28,0,6,21,0,27,0,21,34,0,55,22,0,22,77
05/27/2018,EWN,NC,ASO,EN,Federal Contract Tower,0,14,5,2,21,0,10,34,2,46,0,24,39,4,67,44,0,44,111
05/28/2018,EWN,NC,ASO,EN,Federal Contract Tower,0,15,3,0,18,0,0,0,0,0,0,15,3,0,18,0,0,0,18
05/29/2018,EWN,NC,ASO,EN,Federal Contract Tower,2,21,18,0,41,0,0,10,0,10,2,21,28,0,51,8,0,8,59
05/30/2018,EWN,NC,ASO,EN,Federal Contract Tower,2,21,5,1,29,0,0,15,0,15,2,21,20,1,44,54,0,54,98
05/31/2018,EWN,NC,ASO,EN,Federal Contract Tower,4,19,21,0,44,0,2,18,0,20,4,21,39,0,64,64,0,64,128
06/01/2018,EWN,NC,ASO,EN,Federal Contract Tower,0,20,17,2,39,0,6,30,0,36,0,26,47,2,75,56,0,56,131
06/02/2018,EWN,NC,ASO,EN,Federal Contract Tower,0,16,3,1,20,0,13,41,1,55,0,29,44,2,75,42,0,42,117
06/03/2018,EWN,NC,ASO,EN,Federal Contract Tower,0,16,14,0,30,0,2,26,0,28,0,18,40,0,58,50,0,50,108
06/04/2018,EWN,NC,ASO,EN,Federal Contract Tower,0,18,8,0,26,0,6,35,0,41,0,24,43,0,67,62,0,62,129
06/05/2018,EWN,NC,ASO,EN,Federal Contract Tower,2,19,14,0,35,0,0,51,0,51,2,19,65,0,86,90,0,90,176
06/06/2018,EWN,NC,ASO,EN,Federal Contract Tower,2,22,8,2,34,0,0,57,0,57,2,22,65,2,91,82,2,84,175
06/07/2018,EWN,NC,ASO,EN,Federal Contract Tower,8,18,5,0,31,0,0,39,0,39,8,18,44,0,70,22,12,34,104
06/08/2018,EWN,NC,ASO,EN,Federal Contract Tower,3,22,13,1,39,0,6,32,1,39,3,28,45,2,78,90,12,102,180
06/09/2018,EWN,NC,ASO,EN,Federal Contract Tower,0,13,12,0,25,0,0,39,0,39,0,13,51,0,64,58,0,58,122
06/10/2018,EWN,NC,ASO,EN,Federal Contract Tower,0,18,18,0,36,0,2,42,0,44,0,20,60,0,80,74,0,74,154
06/11/2018,EWN,NC,ASO,EN,Federal Contract Tower,10,8,4,0,22,0,2,24,3,29,10,10,28,3,51,16,20,36,87
06/12/2018,EWN,NC,ASO,EN,Federal Contract Tower,12,11,17,7,47,0,0,5,2,7,12,11,22,9,54,4,10,14,68
06/13/2018,EWN,NC,ASO,EN,Federal Contract Tower,5,27,9,4,45,0,2,31,0,33,5,29,40,4,78,18,0,18,96
06/14/2018,EWN,NC,ASO,EN,Federal Contract Tower,6,17,8,5,36,0,0,43,0,43,6,17,51,5,79,76,0,76,155
06/15/2018,EWN,NC,ASO,EN,Federal Contract Tower,3,12,26,0,41,0,2,73,2,77,3,14,99,2,118,100,10,110,228
06/16/2018,EWN,NC,ASO,EN,Federal Contract Tower,6,10,14,0,30,0,2,44,0,46,6,12,58,0,76,84,0,84,160
06/17/2018,EWN,NC,ASO,EN,Federal Contract Tower,5,19,31,0,55,0,2,46,0,48,5,21,77,0,103,70,0,70,173
06/18/2018,EWN,NC,ASO,EN,Federal Contract Tower,0,15,19,0,34,0,4,26,0,30,0,19,45,0,64,16,2,18,82
06/19/2018,EWN,NC,ASO,EN,Federal Contract Tower,3,21,11,2,37,0,0,55,0,55,3,21,66,2,92,48,0,48,140
06/20/2018,EWN,NC,ASO,EN,Federal Contract Tower,5,12,18,2,37,0,2,34,4,40,5,14,52,6,77,25,17,42,119
06/21/2018,EWN,NC,ASO,EN,Federal Contract Tower,10,17,10,2,39,0,6,48,0,54,10,23,58,2,93,45,0,45,138
06/22/2018,EWN,NC,ASO,EN,Federal Contract Tower,11,15,19,0,45,0,2,45,0,47,11,17,64,0,92,26,0,26,118
06/23/2018,EWN,NC,ASO,EN,Federal Contract Tower,6,6,19,0,31,0,6,99,7,112,6,12,118,7,143,62,8,70,213
06/24/2018,EWN,NC,ASO,EN,Federal Contract Tower,6,7,8,0,21,0,0,34,0,34,6,7,42,0,55,0,0,0,55
06/25/2018,EWN,NC,ASO,EN,Federal Contract Tower,10,9,6,5,30,0,0,39,0,39,10,9,45,5,69,58,6,64,133
06/26/2018,EWN,NC,ASO,EN,Federal Contract Tower,11,14,6,2,33,0,0,24,0,24,11,14,30,2,57,68,0,68,125
06/27/2018,EWN,NC,ASO,EN,Federal Contract Tower,9,16,20,2,47,0,2,44,6,52,9,18,64,8,99,28,0,28,127
06/28/2018,EWN,NC,ASO,EN,Federal Contract Tower,9,12,16,0,37,0,8,57,0,65,9,20,73,0,102,76,0,76,178
06/29/2018,EWN,NC,ASO,EN,Federal Contract Tower,11,17,11,4,43,0,2,45,2,49,11,19,56,6,92,50,8,58,150
06/30/2018,EWN,NC,ASO,EN,Federal Contract Tower,7,5,6,0,18,0,6,38,0,44,7,11,44,0,62,74,0,74,136
07/01/2018,EWN,NC,ASO,EN,Federal Contract Tower,8,8,4,0,20,0,2,43,0,45,8,10,47,0,65,60,0,60,125
07/02/2018,EWN,NC,ASO,EN,Federal Contract Tower,10,8,10,0,28,0,2,54,0,56,10,10,64,0,84,44,0,44,128
07/03/2018,EWN,NC,ASO,EN,Federal Contract Tower,8,14,8,0,30,0,2,41,0,43,8,16,49,0,73,50,0,50,123
07/04/2018,EWN,NC,ASO,EN,Federal Contract Tower,9,4,3,0,16,0,3,11,0,14,9,7,14,0,30,16,0,16,46
07/05/2018,EWN,NC,ASO,EN,Federal Contract Tower,9,14,6,0,29,0,0,29,0,29,9,14,35,0,58,17,0,17,75
07/06/2018,EWN,NC,ASO,EN,Federal Contract Tower,10,17,8,0,35,0,0,27,0,27,10,17,35,0,62,12,0,12,74
07/07/2018,EWN,NC,ASO,EN,Federal Contract Tower,6,6,6,0,18,0,4,19,0,23,6,10,25,0,41,26,0,26,67
07/08/2018,EWN,NC,ASO,EN,Federal Contract Tower,7,3,10,2,22,0,3,8,0,11,7,6,18,2,33,20,0,20,53
07/09/2018,EWN,NC,ASO,EN,Federal Contract Tower,9,9,4,0,22,0,0,33,1,34,9,9,37,1,56,40,0,40,96
07/10/2018,EWN,NC,ASO,EN,Federal Contract Tower,8,15,9,2,34,0,0,38,0,38,8,15,47,2,72,26,0,26,98
07/11/2018,EWN,NC,ASO,EN,Federal Contract Tower,9,14,9,0,32,0,0,36,0,36,9,14,45,0,68,22,0,22,90
07/12/2018,EWN,NC,ASO,EN,Federal Contract Tower,10,20,9,0,39,0,0,23,0,23,10,20,32,0,62,50,0,50,112
07/13/2018,EWN,NC,ASO,EN,Federal Contract Tower,9,15,32,0,56,0,2,22,0,24,9,17,54,0,80,52,0,52,132
07/14/2018,EWN,NC,ASO,EN,Federal Contract Tower,4,4,10,0,18,0,0,64,0,64,4,4,74,0,82,62,0,62,144
07/15/2018,EWN,NC,ASO,EN,Federal Contract Tower,9,6,13,0,28,0,0,37,0,37,9,6,50,0,65,32,0,32,97
07/16/2018,EWN,NC,ASO,EN,Federal Contract Tower,8,9,8,0,25,0,0,32,0,32,8,9,40,0,57,42,0,42,99
07/17/2018,EWN,NC,ASO,EN,Federal Contract Tower,8,15,2,6,31,0,0,25,1,26,8,15,27,7,57,44,2,46,103
07/18/2018,EWN,NC,ASO,EN,Federal Contract Tower,9,14,4,0,27,0,2,37,0,39,9,16,41,0,66,122,0,122,188
07/19/2018,EWN,NC,ASO,EN,Federal Contract Tower,9,12,8,2,31,0,0,50,2,52,9,12,58,4,83,70,12,82,165
07/20/2018,EWN,NC,ASO,EN,Federal Contract Tower,10,10,16,0,36,0,3,15,0,18,10,13,31,0,54,32,0,32,86
07/21/2018,EWN,NC,ASO,EN,Federal Contract Tower,6,8,16,0,30,0,0,6,0,6,6,8,22,0,36,56,0,56,92
07/22/2018,EWN,NC,ASO,EN,Federal Contract Tower,8,8,9,0,25,0,0,37,0,37,8,8,46,0,62,36,0,36,98
07/23/2018,EWN,NC,ASO,EN,Federal Contract Tower,6,8,5,0,19,0,0,12,0,12,6,8,17,0,31,32,0,32,63
07/24/2018,EWN,NC,ASO,EN,Federal Contract Tower,8,14,3,0,25,0,0,0,0,0,8,14,3,0,25,0,0,0,25
07/25/2018,EWN,NC,ASO,EN,Federal Contract Tower,8,16,4,7,35,0,0,6,2,8,8,16,10,9,43,14,16,30,73
07/26/2018,EWN,NC,ASO,EN,Federal Contract Tower,8,18,7,1,34,0,0,31,0,31,8,18,38,1,65,42,0,42,107
07/27/2018,EWN,NC,ASO,EN,Federal Contract Tower,7,15,12,0,34,0,0,20,0,20,7,15,32,0,54,8,6,14,68
07/28/2018,EWN,NC,ASO,EN,Federal Contract Tower,4,9,8,0,21,0,0,13,0,13,4,9,21,0,34,20,0,20,54
07/29/2018,EWN,NC,ASO,EN,Federal Contract Tower,9,5,11,0,25,0,0,10,0,10,9,5,21,0,35,0,0,0,35
07/30/2018,EWN,NC,ASO,EN,Federal Contract Tower,9,10,0,2,21,0,2,2,0,4,9,12,2,2,25,0,0,0,25
07/31/2018,EWN,NC,ASO,EN,Federal Contract Tower,7,16,5,9,37,0,0,32,2,34,7,16,37,11,71,58,12,70,141
08/01/2018,EWN,NC,ASO,EN,Federal Contract Tower,9,18,5,3,35,0,0,24,0,24,9,18,29,3,59,40,0,40,99
08/02/2018,EWN,NC,ASO,EN,Federal Contract Tower,7,14,7,0,28,0,0,19,0,19,7,14,26,0,47,44,0,44,91
08/03/2018,EWN,NC,ASO,EN,Federal Contract Tower,9,14,4,0,27,0,1,14,0,15,9,15,18,0,42,12,0,12,54
08/04/2018,EWN,NC,ASO,EN,Federal Contract Tower,4,9,7,0,20,0,0,22,0,22,4,9,29,0,42,58,0,58,100
08/05/2018,EWN,NC,ASO,EN,Federal Contract Tower,6,6,13,0,25,0,2,24,0,26,6,8,37,0,51,40,0,40,91
08/06/2018,EWN,NC,ASO,EN,Federal Contract Tower,8,8,7,2,25,0,2,44,0,46,8,10,51,2,71,26,0,26,97
08/07/2018,EWN,NC,ASO,EN,Federal Contract Tower,8,20,16,6,50,0,0,29,0,29,8,20,45,6,79,50,0,50,129
08/08/2018,EWN,NC,ASO,EN,Federal Contract Tower,7,14,9,0,30,0,2,39,0,41,7,16,48,0,71,64,0,64,135
08/09/2018,EWN,NC,ASO,EN,Federal Contract Tower,10,17,14,2,43,0,0,28,0,28,10,17,42,2,71,22,0,22,93
08/10/2018,EWN,NC,ASO,EN,Federal Contract Tower,7,15,18,4,44,0,0,65,0,65,7,15,83,4,109,62,0,62,171
08/11/2018,EWN,NC,ASO,EN,Federal Contract Tower,4,6,4,0,14,0,0,16,0,16,4,6,20,0,30,30,0,30,60
08/12/2018,EWN,NC,ASO,EN,Federal Contract Tower,9,6,7,0,22,0,6,0,0,6,9,12,7,0,28,0,0,0,28
08/13/2018,EWN,NC,ASO,EN,Federal Contract Tower,6,11,9,0,26,0,0,25,0,25,6,11,34,0,51,28,0,28,79
08/14/2018,EWN,NC,ASO,EN,Federal Contract Tower,9,16,22,3,50,0,0,26,0,26,9,16,48,3,76,30,0,30,106
08/15/2018,EWN,NC,ASO,EN,Federal Contract Tower,7,18,16,1,42,0,0,45,0,45,7,18,61,1,87,44,0,44,131
08/16/2018,EWN,NC,ASO,EN,Federal Contract Tower,8,14,6,0,28,0,0,57,0,57,8,14,63,0,85,72,14,86,171
08/17/2018,EWN,NC,ASO,EN,Federal Contract Tower,7,15,13,4,39,0,0,26,0,26,7,15,39,4,65,30,0,30,95
08/18/2018,EWN,NC,ASO,EN,Federal Contract Tower,4,11,13,2,30,0,3,25,0,28,4,14,38,2,58,56,0,56,114
08/19/2018,EWN,NC,ASO,EN,Federal Contract Tower,8,6,7,0,21,0,0,23,0,23,8,6,30,0,44,28,0,28,72
08/20/2018,EWN,NC,ASO,EN,Federal Contract Tower,8,12,16,6,42,0,0,33,0,33,8,12,49,6,75,54,0,54,129
08/21/2018,EWN,NC,ASO,EN,Federal Contract Tower,8,17,17,0,42,0,4,36,1,41,8,21,53,1,83,20,0,20,103
08/22/2018,EWN,NC,ASO,EN,Federal Contract Tower,8,16,6,0,30,0,2,28,2,32,8,18,34,2,62,0,0,0,62
08/23/2018,EWN,NC,ASO,EN,Federal Contract Tower,9,24,13,2,48,0,2,44,0,46,9,26,57,2,94,16,2,18,112
08/24/2018,EWN,NC,ASO,EN,Federal Contract Tower,8,25,15,0,48,0,2,35,0,37,8,27,50,0,85,40,0,40,125
08/25/2018,EWN,NC,ASO,EN,Federal Contract Tower,5,9,8,0,22,0,2,33,0,35,5,11,41,0,57,32,0,32,89
08/26/2018,EWN,NC,ASO,EN,Federal Contract Tower,9,5,4,0,18,0,0,19,0,19,9,5,23,0,37,22,0,22,59
08/27/2018,EWN,NC,ASO,EN,Federal Contract Tower,6,11,7,0,24,0,0,33,2,35,6,11,40,2,59,10,0,10,69
08/28/2018,EWN,NC,ASO,EN,Federal Contract Tower,9,12,15,0,36,0,0,21,0,21,9,12,36,0,57,28,0,28,85
08/29/2018,EWN,NC,ASO,EN,Federal Contract Tower,9,19,13,3,44,0,6,39,2,47,9,25,52,5,91,30,2,32,123
08/30/2018,EWN,NC,ASO,EN,Federal Contract Tower,9,17,13,0,39,0,0,45,0,45,9,17,58,0,84,75,0,75,159
08/31/2018,EWN,NC,ASO,EN,Federal Contract Tower,8,12,5,0,25,0,2,32,0,34,8,14,37,0,59,46,0,46,105
09/01/2018,EWN,NC,ASO,EN,Federal Contract Tower,5,9,2,0,16,0,0,40,0,40,5,9,42,0,56,72,0,72,128
09/02/2018,EWN,NC,ASO,EN,Federal Contract Tower,7,6,10,0,23,0,0,37,0,37,7,6,47,0,60,18,0,18,78
09/03/2018,EWN,NC,ASO,EN,Federal Contract Tower,8,6,2,0,16,0,0,49,0,49,8,6,51,0,65,58,0,58,123
09/04/2018,EWN,NC,ASO,EN,Federal Contract Tower,8,9,5,0,22,0,2,39,2,43,8,11,44,2,65,50,0,50,115
09/05/2018,EWN,NC,ASO,EN,Federal Contract Tower,8,13,8,2,31,0,4,40,0,44,8,17,48,2,75,38,8,46,121
09/06/2018,EWN,NC,ASO,EN,Federal Contract Tower,10,10,9,0,29,0,0,41,2,43,10,10,50,2,72,36,6,42,114
09/07/2018,EWN,NC,ASO,EN,Federal Contract Tower,8,13,17,4,42,0,0,27,0,27,8,13,44,4,69,52,0,52,121
09/08/2018,EWN,NC,ASO,EN,Federal Contract Tower,7,13,6,0,26,0,0,40,0,40,7,13,46,0,66,56,0,56,122
09/09/2018,EWN,NC,ASO,EN,Federal Contract Tower,8,7,9,0,24,0,0,19,0,19,8,7,28,0,43,20,0,20,63
09/10/2018,EWN,NC,ASO,EN,Federal Contract Tower,8,12,10,0,30,0,3,13,0,16,8,15,23,0,46,12,0,12,58
09/11/2018,EWN,NC,ASO,EN,Federal Contract Tower,8,17,9,0,34,0,2,25,0,27,8,19,34,0,61,4,0,4,65
09/12/2018,EWN,NC,ASO,EN,Federal Contract Tower,1,6,8,0,15,0,0,30,0,30,1,6,38,0,45,8,0,8,53
09/13/2018,EWN,NC,ASO,EN,Federal Contract Tower,0,0,0,0,0,0,0,0,0,0,0,0,0,0,0,0,0,0,0
09/14/2018,EWN,NC,ASO,EN,Federal Contract Tower,0,0,0,0,0,0,0,0,0,0,0,0,0,0,0,0,0,0,0
09/16/2018,EWN,NC,ASO,EN,Federal Contract Tower,0,0,0,0,0,0,20,0,8,28,0,20,0,8,28,0,0,0,28
09/17/2018,EWN,NC,ASO,EN,Federal Contract Tower,2,3,8,71,84,0,4,36,0,40,2,7,44,71,124,0,0,0,124
09/18/2018,EWN,NC,ASO,EN,Federal Contract Tower,6,13,10,5,34,0,24,57,0,81,6,37,67,5,115,0,0,0,115
09/19/2018,EWN,NC,ASO,EN,Federal Contract Tower,9,21,3,4,37,0,0,37,14,51,9,21,40,18,88,0,0,0,88
09/20/2018,EWN,NC,ASO,EN,Federal Contract Tower,9,18,4,0,31,0,2,72,0,74,9,20,76,0,105,6,0,6,111
09/21/2018,EWN,NC,ASO,EN,Federal Contract Tower,9,30,10,0,49,0,25,101,0,126,9,55,111,0,175,34,0,34,209
09/22/2018,EWN,NC,ASO,EN,Federal Contract Tower,7,23,14,0,44,0,12,57,1,70,7,35,71,1,114,74,0,74,188
09/23/2018,EWN,NC,ASO,EN,Federal Contract Tower,4,15,5,0,24,0,0,29,0,29,4,15,34,0,53,24,0,24,77
09/24/2018,EWN,NC,ASO,EN,Federal Contract Tower,9,9,7,0,25,0,2,20,0,22,9,11,27,0,47,36,0,36,83
09/25/2018,EWN,NC,ASO,EN,Federal Contract Tower,9,13,8,0,30,0,4,28,2,34,9,17,36,2,64,44,0,44,108
09/26/2018,EWN,NC,ASO,EN,Federal Contract Tower,12,11,14,0,37,0,0,40,0,40,12,11,54,0,77,40,0,40,117
09/27/2018,EWN,NC,ASO,EN,Federal Contract Tower,6,15,4,2,27,0,0,39,0,39,6,15,43,2,66,62,0,62,128
09/28/2018,EWN,NC,ASO,EN,Federal Contract Tower,9,15,5,0,29,0,2,35,1,38,9,17,40,1,67,32,0,32,99
09/29/2018,EWN,NC,ASO,EN,Federal Contract Tower,8,7,10,2,27,0,0,25,0,25,8,7,35,2,52,80,0,80,132
09/30/2018,EWN,NC,ASO,EN,Federal Contract Tower,8,6,8,0,22,0,1,30,0,31,8,7,38,0,53,54,0,54,107
10/01/2018,EWN,NC,ASO,EN,Federal Contract Tower,8,10,8,0,26,0,0,24,0,24,8,10,32,0,50,18,0,18,68
10/02/2018,EWN,NC,ASO,EN,Federal Contract Tower,9,12,3,2,26,0,0,18,0,18,9,12,21,2,44,2,0,2,46
10/03/2018,EWN,NC,ASO,EN,Federal Contract Tower,8,11,2,0,21,0,2,41,0,43,8,13,43,0,64,100,0,100,164
10/04/2018,EWN,NC,ASO,EN,Federal Contract Tower,7,19,6,0,32,0,2,31,0,33,7,21,37,0,65,30,0,30,95
10/05/2018,EWN,NC,ASO,EN,Federal Contract Tower,6,14,11,0,31,0,0,28,2,30,6,14,39,2,61,6,0,6,67
10/06/2018,EWN,NC,ASO,EN,Federal Contract Tower,3,9,7,0,19,0,2,11,0,13,3,11,18,0,32,48,0,48,80
10/07/2018,EWN,NC,ASO,EN,Federal Contract Tower,8,11,9,0,28,0,2,15,0,17,8,13,24,0,45,4,0,4,49
10/09/2018,EWN,NC,ASO,EN,Federal Contract Tower,5,11,8,2,26,0,0,23,2,25,5,11,31,4,51,8,0,8,59
10/10/2018,EWN,NC,ASO,EN,Federal Contract Tower,7,13,2,0,22,0,0,28,0,28,7,13,30,0,50,14,8,22,72
10/11/2018,EWN,NC,ASO,EN,Federal Contract Tower,6,7,3,0,16,0,0,2,0,2,6,7,5,0,18,0,0,0,18
10/12/2018,EWN,NC,ASO,EN,Federal Contract Tower,7,14,11,0,32,0,0,43,0,43,7,14,54,0,75,38,0,38,113
10/13/2018,EWN,NC,ASO,EN,Federal Contract Tower,4,10,2,0,16,0,0,19,0,19,4,10,21,0,35,75,0,75,110
10/14/2018,EWN,NC,ASO,EN,Federal Contract Tower,4,11,1,0,16,0,2,25,0,27,4,13,26,0,43,42,0,42,85
10/15/2018,EWN,NC,ASO,EN,Federal Contract Tower,6,10,5,0,21,0,4,20,0,24,6,14,25,0,45,14,0,14,59
10/16/2018,EWN,NC,ASO,EN,Federal Contract Tower,7,17,6,5,35,0,0,24,0,24,7,17,30,5,59,58,4,62,121
10/17/2018,EWN,NC,ASO,EN,Federal Contract Tower,7,20,7,4,38,0,2,25,0,27,7,22,32,4,65,78,0,78,143
10/18/2018,EWN,NC,ASO,EN,Federal Contract Tower,8,33,13,2,56,0,3,38,2,43,8,36,51,4,99,54,0,54,153
10/19/2018,EWN,NC,ASO,EN,Federal Contract Tower,7,20,9,2,38,0,2,35,0,37,7,22,44,2,75,28,0,28,103
10/20/2018,EWN,NC,ASO,EN,Federal Contract Tower,6,9,3,0,18,0,0,23,0,23,6,9,26,0,41,38,0,38,79
10/21/2018,EWN,NC,ASO,EN,Federal Contract Tower,6,8,6,4,24,0,2,11,0,13,6,10,17,4,37,0,0,0,37
10/22/2018,EWN,NC,ASO,EN,Federal Contract Tower,6,10,16,0,32,0,4,37,2,43,6,14,53,2,75,42,0,42,117
10/23/2018,EWN,NC,ASO,EN,Federal Contract Tower,7,15,4,0,26,0,2,37,0,39,7,17,41,0,65,62,0,62,127
10/24/2018,EWN,NC,ASO,EN,Federal Contract Tower,9,13,10,0,32,0,0,31,0,31,9,13,41,0,63,54,0,54,117
10/25/2018,EWN,NC,ASO,EN,Federal Contract Tower,9,16,15,0,40,0,0,53,0,53,9,16,68,0,93,108,0,108,201
10/26/2018,EWN,NC,ASO,EN,Federal Contract Tower,6,17,2,0,25,0,0,2,2,4,6,17,4,2,29,0,0,0,29
10/27/2018,EWN,NC,ASO,EN,Federal Contract Tower,4,13,11,0,28,0,0,8,0,8,4,13,19,0,36,38,0,38,74
10/28/2018,EWN,NC,ASO,EN,Federal Contract Tower,6,8,1,0,15,0,6,29,4,39,6,14,30,4,54,38,0,38,92
10/29/2018,EWN,NC,ASO,EN,Federal Contract Tower,6,10,5,0,21,0,4,34,0,38,6,14,39,0,59,52,0,52,111
10/30/2018,EWN,NC,ASO,EN,Federal Contract Tower,6,16,7,0,29,0,0,30,0,30,6,16,37,0,59,52,0,52,111
10/31/2018,EWN,NC,ASO,EN,Federal Contract Tower,6,16,5,4,31,0,2,45,0,47,6,18,50,4,78,64,0,64,142
11/01/2018,EWN,NC,ASO,EN,Federal Contract Tower,5,14,9,0,28,0,0,34,2,36,5,14,43,2,64,86,0,86,150
11/03/2018,EWN,NC,ASO,EN,Federal Contract Tower,7,8,3,0,18,0,3,44,0,47,7,11,47,0,65,70,0,70,135
11/04/2018,EWN,NC,ASO,EN,Federal Contract Tower,4,9,12,0,25,0,2,44,0,46,4,11,56,0,71,12,0,12,83
11/05/2018,EWN,NC,ASO,EN,Federal Contract Tower,4,10,14,2,30,0,0,7,0,7,4,10,21,2,37,6,0,6,43
11/06/2018,EWN,NC,ASO,EN,Federal Contract Tower,6,14,4,0,24,0,2,29,0,31,6,16,33,0,55,30,0,30,85
11/07/2018,EWN,NC,ASO,EN,Federal Contract Tower,7,14,2,0,23,0,0,44,0,44,7,14,46,0,67,62,0,62,129
11/08/2018,EWN,NC,ASO,EN,Federal Contract Tower,4,18,3,0,25,0,0,2,0,2,4,18,5,0,27,0,0,0,27
11/09/2018,EWN,NC,ASO,EN,Federal Contract Tower,5,21,14,0,40,0,0,16,0,16,5,21,30,0,56,78,0,78,134
11/10/2018,EWN,NC,ASO,EN,Federal Contract Tower,6,11,4,0,21,0,0,34,0,34,6,11,38,0,55,44,0,44,99
11/11/2018,EWN,NC,ASO,EN,Federal Contract Tower,4,10,5,0,19,0,2,32,0,34,4,12,37,0,53,70,0,70,123
11/12/2018,EWN,NC,ASO,EN,Federal Contract Tower,3,13,6,0,22,0,1,14,0,15,3,14,20,0,37,30,0,30,67
11/13/2018,EWN,NC,ASO,EN,Federal Contract Tower,6,17,10,0,33,0,2,3,0,5,6,19,13,0,38,0,0,0,38
11/14/2018,EWN,NC,ASO,EN,Federal Contract Tower,5,17,7,0,29,0,0,24,0,24,5,17,31,0,53,58,0,58,111
11/15/2018,EWN,NC,ASO,EN,Federal Contract Tower,5,11,1,2,19,0,0,0,0,0,5,11,1,2,19,0,0,0,19
11/16/2018,EWN,NC,ASO,EN,Federal Contract Tower,5,20,15,2,42,0,0,26,0,26,5,20,41,2,68,46,8,54,122
11/17/2018,EWN,NC,ASO,EN,Federal Contract Tower,4,11,9,0,24,0,0,55,0,55,4,11,64,0,79,84,0,84,163
11/18/2018,EWN,NC,ASO,EN,Federal Contract Tower,4,13,15,1,33,0,0,43,0,43,4,13,58,1,76,62,0,62,138
11/19/2018,EWN,NC,ASO,EN,Federal Contract Tower,6,8,6,2,22,0,0,2,0,2,6,8,8,2,24,0,0,0,24
11/20/2018,EWN,NC,ASO,EN,Federal Contract Tower,6,19,6,2,33,0,0,10,0,10,6,19,16,2,43,20,0,20,63
11/21/2018,EWN,NC,ASO,EN,Federal Contract Tower,5,24,11,0,40,0,0,36,0,36,5,24,47,0,76,40,0,40,116
11/23/2018,EWN,NC,ASO,EN,Federal Contract Tower,3,18,13,0,34,0,0,22,0,22,3,18,35,0,56,26,0,26,82
11/24/2018,EWN,NC,ASO,EN,Federal Contract Tower,4,11,5,0,20,0,0,2,0,2,4,11,7,0,22,8,0,8,30
11/25/2018,EWN,NC,ASO,EN,Federal Contract Tower,4,14,24,0,42,0,0,35,0,35,4,14,59,0,77,74,0,74,151
11/26/2018,EWN,NC,ASO,EN,Federal Contract Tower,5,12,11,3,31,0,2,12,0,14,5,14,23,3,45,6,0,6,51
11/27/2018,EWN,NC,ASO,EN,Federal Contract Tower,4,17,11,10,42,0,0,30,0,30,4,17,41,10,72,34,0,34,106
11/28/2018,EWN,NC,ASO,EN,Federal Contract Tower,4,17,1,0,22,0,2,16,0,18,4,19,17,0,40,42,0,42,82
11/29/2018,EWN,NC,ASO,EN,Federal Contract Tower,5,16,9,2,32,0,4,40,2,46,5,20,49,4,78,44,16,60,138
11/30/2018,EWN,NC,ASO,EN,Federal Contract Tower,4,19,11,0,34,0,3,22,0,25,4,22,33,0,59,56,6,62,121
12/01/2018,EWN,NC,ASO,EN,Federal Contract Tower,3,9,11,0,23,0,0,13,0,13,3,9,24,0,36,32,0,32,68
12/02/2018,EWN,NC,ASO,EN,Federal Contract Tower,4,10,3,0,17,0,0,8,0,8,4,10,11,0,25,28,0,28,53
12/03/2018,EWN,NC,ASO,EN,Federal Contract Tower,6,10,3,0,19,0,4,24,0,28,6,14,27,0,47,46,0,46,93
12/04/2018,EWN,NC,ASO,EN,Federal Contract Tower,5,14,7,0,26,0,2,30,2,34,5,16,37,2,60,72,0,72,132
12/05/2018,EWN,NC,ASO,EN,Federal Contract Tower,10,14,6,0,30,0,0,36,0,36,10,14,42,0,66,42,0,42,108
12/06/2018,EWN,NC,ASO,EN,Federal Contract Tower,6,18,7,1,32,0,1,21,0,22,6,19,28,1,54,44,0,44,98
12/07/2018,EWN,NC,ASO,EN,Federal Contract Tower,4,20,6,1,31,0,0,23,2,25,4,20,29,3,56,30,0,30,86
12/08/2018,EWN,NC,ASO,EN,Federal Contract Tower,3,8,1,0,12,0,0,17,0,17,3,8,18,0,29,32,0,32,61
12/09/2018,EWN,NC,ASO,EN,Federal Contract Tower,0,6,1,0,7,0,0,0,0,0,0,6,1,0,7,0,0,0,7
12/10/2018,EWN,NC,ASO,EN,Federal Contract Tower,1,16,0,0,17,0,0,0,0,0,1,16,0,0,17,0,0,0,17
12/11/2018,EWN,NC,ASO,EN,Federal Contract Tower,6,16,8,2,32,0,0,34,0,34,6,16,42,2,66,30,0,30,96
12/12/2018,EWN,NC,ASO,EN,Federal Contract Tower,5,22,10,2,39,0,0,28,0,28,5,22,38,2,67,18,0,18,85
12/13/2018,EWN,NC,ASO,EN,Federal Contract Tower,7,17,4,0,28,0,0,32,0,32,7,17,36,0,60,62,0,62,122
12/14/2018,EWN,NC,ASO,EN,Federal Contract Tower,7,17,9,0,33,0,4,10,0,14,7,21,19,0,47,18,0,18,65
12/15/2018,EWN,NC,ASO,EN,Federal Contract Tower,2,7,5,0,14,0,0,0,0,0,2,7,5,0,14,0,0,0,14
12/16/2018,EWN,NC,ASO,EN,Federal Contract Tower,3,11,5,0,19,0,0,8,0,8,3,11,13,0,27,0,0,0,27
12/17/2018,EWN,NC,ASO,EN,Federal Contract Tower,5,14,7,0,26,0,1,18,0,19,5,15,25,0,45,12,0,12,57
12/18/2018,EWN,NC,ASO,EN,Federal Contract Tower,6,16,7,0,29,0,0,24,0,24,6,16,31,0,53,36,0,36,89
12/19/2018,EWN,NC,ASO,EN,Federal Contract Tower,4,13,5,4,26,0,0,39,0,39,4,13,44,4,65,60,0,60,125
12/20/2018,EWN,NC,ASO,EN,Federal Contract Tower,7,17,4,2,30,0,0,2,0,2,7,17,6,2,32,6,0,6,38
12/21/2018,EWN,NC,ASO,EN,Federal Contract Tower,4,14,6,0,24,0,0,15,0,15,4,14,21,0,39,16,0,16,55
12/22/2018,EWN,NC,ASO,EN,Federal Contract Tower,5,15,19,0,39,0,0,11,0,11,5,15,30,0,50,20,0,20,70
12/23/2018,EWN,NC,ASO,EN,Federal Contract Tower,2,17,6,0,25,0,1,20,0,21,2,18,26,0,46,26,0,26,72
12/24/2018,EWN,NC,ASO,EN,Federal Contract Tower,0,11,2,0,13,0,2,18,0,20,0,13,20,0,33,18,0,18,51
12/25/2018,EWN,NC,ASO,EN,Federal Contract Tower,1,6,2,0,9,0,0,10,0,10,1,6,12,0,19,0,0,0,19
12/26/2018,EWN,NC,ASO,EN,Federal Contract Tower,5,14,3,0,22,0,0,40,0,40,5,14,43,0,62,18,0,18,80
12/27/2018,EWN,NC,ASO,EN,Federal Contract Tower,2,16,12,6,36,0,3,32,0,35,2,19,44,6,71,8,0,8,79
12/28/2018,EWN,NC,ASO,EN,Federal Contract Tower,1,20,8,0,29,0,0,5,0,5,1,20,13,0,34,0,0,0,34
12/29/2018,EWN,NC,ASO,EN,Federal Contract Tower,2,13,11,0,26,0,0,29,0,29,2,13,40,0,55,50,0,50,105
12/30/2018,EWN,NC,ASO,EN,Federal Contract Tower,2,10,8,0,20,0,0,5,0,5,2,10,13,0,25,14,0,14,39
12/31/2018,EWN,NC,ASO,EN,Federal Contract Tower,0,11,11,0,22,0,0,29,0,29,0,11,40,0,51,42,0,42,93
01/01/2019,EWN,NC,ASO,EN,Federal Contract Tower,4,9,2,0,15,0,2,18,0,20,4,11,20,0,35,70,0,70,105
01/02/2019,EWN,NC,ASO,EN,Federal Contract Tower,2,18,1,0,21,0,0,22,0,22,2,18,23,0,43,56,0,56,99
01/03/2019,EWN,NC,ASO,EN,Federal Contract Tower,6,18,5,0,29,0,0,14,0,14,6,18,19,0,43,12,0,12,55
01/04/2019,EWN,NC,ASO,EN,Federal Contract Tower,2,20,5,0,27,0,0,8,0,8,2,20,13,0,35,42,0,42,77
01/05/2019,EWN,NC,ASO,EN,Federal Contract Tower,2,12,2,1,17,0,0,20,0,20,2,12,22,1,37,28,0,28,65
01/06/2019,EWN,NC,ASO,EN,Federal Contract Tower,6,7,2,0,15,0,2,37,0,39,6,9,39,0,54,18,0,18,72
01/07/2019,EWN,NC,ASO,EN,Federal Contract Tower,8,10,10,4,32,0,4,31,0,35,8,14,41,4,67,32,14,46,113
01/08/2019,EWN,NC,ASO,EN,Federal Contract Tower,7,15,7,2,31,0,0,28,0,28,7,15,35,2,59,48,0,48,107
01/09/2019,EWN,NC,ASO,EN,Federal Contract Tower,9,14,11,6,40,0,0,28,0,28,9,14,39,6,68,10,0,10,78
01/10/2019,EWN,NC,ASO,EN,Federal Contract Tower,10,14,6,2,32,0,2,32,0,34,10,16,38,2,66,38,0,38,104
01/11/2019,EWN,NC,ASO,EN,Federal Contract Tower,8,13,7,0,28,0,0,53,0,53,8,13,60,0,81,40,0,40,121
01/12/2019,EWN,NC,ASO,EN,Federal Contract Tower,6,8,8,0,22,0,0,30,0,30,6,8,38,0,52,54,0,54,106
01/13/2019,EWN,NC,ASO,EN,Federal Contract Tower,6,6,0,0,12,0,0,0,0,0,6,6,0,0,12,0,0,0,12
01/14/2019,EWN,NC,ASO,EN,Federal Contract Tower,8,8,0,0,16,0,0,1,0,1,8,8,1,0,17,0,0,0,17
01/15/2019,EWN,NC,ASO,EN,Federal Contract Tower,8,11,8,1,28,0,0,30,0,30,8,11,38,1,58,48,0,48,106
01/16/2019,EWN,NC,ASO,EN,Federal Contract Tower,9,13,2,0,24,0,2,28,0,30,9,15,30,0,54,60,0,60,114
01/17/2019,EWN,NC,ASO,EN,Federal Contract Tower,10,14,4,2,30,0,2,44,0,46,10,16,48,2,76,64,0,64,140
01/18/2019,EWN,NC,ASO,EN,Federal Contract Tower,8,12,10,0,30,0,0,26,0,26,8,12,36,0,56,58,0,58,114
01/19/2019,EWN,NC,ASO,EN,Federal Contract Tower,5,12,12,0,29,0,0,20,0,20,5,12,32,0,49,54,0,54,103
01/20/2019,EWN,NC,ASO,EN,Federal Contract Tower,6,5,2,0,13,0,0,0,0,0,6,5,2,0,13,0,0,0,13
01/21/2019,EWN,NC,ASO,EN,Federal Contract Tower,8,10,3,0,21,0,2,23,0,25,8,12,26,0,46,24,0,24,70
01/22/2019,EWN,NC,ASO,EN,Federal Contract Tower,8,15,7,0,30,0,0,33,0,33,8,15,40,0,63,52,0,52,115
01/23/2019,EWN,NC,ASO,EN,Federal Contract Tower,7,10,4,0,21,0,0,24,2,26,7,10,28,2,47,22,6,28,75
01/24/2019,EWN,NC,ASO,EN,Federal Contract Tower,8,11,2,4,25,0,2,7,0,9,8,13,9,4,34,0,0,0,34
01/25/2019,EWN,NC,ASO,EN,Federal Contract Tower,9,12,8,0,29,0,0,22,4,26,9,12,30,4,55,32,0,32,87
01/26/2019,EWN,NC,ASO,EN,Federal Contract Tower,6,7,2,0,15,0,0,33,0,33,6,7,35,0,48,68,0,68,116
01/27/2019,EWN,NC,ASO,EN,Federal Contract Tower,6,8,9,0,23,0,0,27,0,27,6,8,36,0,50,54,0,54,104
01/28/2019,EWN,NC,ASO,EN,Federal Contract Tower,10,12,5,0,27,0,0,24,0,24,10,12,29,0,51,28,0,28,79
01/29/2019,EWN,NC,ASO,EN,Federal Contract Tower,8,11,4,2,25,0,0,28,0,28,8,11,32,2,53,48,0,48,101
01/30/2019,EWN,NC,ASO,EN,Federal Contract Tower,8,15,2,0,25,0,2,20,0,22,8,17,22,0,47,48,0,48,95
01/31/2019,EWN,NC,ASO,EN,Federal Contract Tower,9,12,9,2,32,0,0,29,6,35,9,12,38,8,67,34,0,34,101
02/01/2019,EWN,NC,ASO,EN,Federal Contract Tower,11,10,7,0,28,0,0,43,0,43,11,10,50,0,71,44,0,44,115
02/02/2019,EWN,NC,ASO,EN,Federal Contract Tower,6,11,11,0,28,0,2,52,0,54,6,13,63,0,82,62,0,62,144
02/03/2019,EWN,NC,ASO,EN,Federal Contract Tower,6,7,8,0,21,0,0,0,0,0,6,7,8,0,21,0,0,0,21
02/04/2019,EWN,NC,ASO,EN,Federal Contract Tower,11,10,8,0,29,0,0,28,0,28,11,10,36,0,57,52,0,52,109
02/05/2019,EWN,NC,ASO,EN,Federal Contract Tower,8,13,11,4,36,0,0,47,0,47,8,13,58,4,83,104,0,104,187
02/06/2019,EWN,NC,ASO,EN,Federal Contract Tower,8,13,3,2,26,0,0,37,0,37,8,13,40,2,63,48,0,48,111
02/07/2019,EWN,NC,ASO,EN,Federal Contract Tower,6,10,4,0,20,0,0,35,4,39,6,10,39,4,59,56,4,60,119
02/08/2019,EWN,NC,ASO,EN,Federal Contract Tower,9,12,14,0,35,0,0,31,0,31,9,12,45,0,66,48,0,48,114
02/09/2019,EWN,NC,ASO,EN,Federal Contract Tower,5,12,3,0,20,0,4,29,0,33,5,16,32,0,53,54,0,54,107
02/10/2019,EWN,NC,ASO,EN,Federal Contract Tower,6,7,5,0,18,0,2,29,0,31,6,9,34,0,49,52,0,52,101
02/11/2019,EWN,NC,ASO,EN,Federal Contract Tower,9,10,4,0,23,0,0,1,0,1,9,10,5,0,24,0,0,0,24
02/12/2019,EWN,NC,ASO,EN,Federal Contract Tower,11,10,5,2,28,0,0,19,0,19,11,10,24,2,47,44,0,44,91
02/13/2019,EWN,NC,ASO,EN,Federal Contract Tower,5,12,3,1,21,0,0,22,0,22,5,12,25,1,43,6,0,6,49
02/14/2019,EWN,NC,ASO,EN,Federal Contract Tower,4,21,4,0,29,0,2,58,0,60,4,23,62,0,89,92,0,92,181
02/15/2019,EWN,NC,ASO,EN,Federal Contract Tower,4,21,6,0,31,0,2,26,0,28,4,23,32,0,59,12,0,12,71
02/16/2019,EWN,NC,ASO,EN,Federal Contract Tower,1,14,3,0,18,0,0,0,0,0,1,14,3,0,18,0,0,0,18
02/17/2019,EWN,NC,ASO,EN,Federal Contract Tower,0,12,6,0,18,0,0,31,0,31,0,12,37,0,49,34,0,34,83
02/18/2019,EWN,NC,ASO,EN,Federal Contract Tower,5,16,7,0,28,0,0,45,0,45,5,16,52,0,73,76,0,76,149
02/19/2019,EWN,NC,ASO,EN,Federal Contract Tower,3,22,6,0,31,0,0,26,0,26,3,22,32,0,57,26,0,26,83
02/20/2019,EWN,NC,ASO,EN,Federal Contract Tower,1,18,4,0,23,0,0,0,0,0,1,18,4,0,23,0,0,0,23
02/21/2019,EWN,NC,ASO,EN,Federal Contract Tower,4,22,5,2,33,0,6,3,0,9,4,28,8,2,42,0,0,0,42
02/22/2019,EWN,NC,ASO,EN,Federal Contract Tower,2,22,7,0,31,0,0,5,0,5,2,22,12,0,36,8,0,8,44
02/23/2019,EWN,NC,ASO,EN,Federal Contract Tower,3,17,4,0,24,0,0,0,0,0,3,17,4,0,24,0,0,0,24
02/24/2019,EWN,NC,ASO,EN,Federal Contract Tower,2,10,5,0,17,0,2,2,0,4,2,12,7,0,21,2,0,2,23
02/25/2019,EWN,NC,ASO,EN,Federal Contract Tower,2,19,14,0,35,0,0,32,0,32,2,19,46,0,67,14,0,14,81
02/26/2019,EWN,NC,ASO,EN,Federal Contract Tower,4,19,15,1,39,0,0,56,1,57,4,19,71,2,96,102,0,102,198
02/27/2019,EWN,NC,ASO,EN,Federal Contract Tower,3,24,15,0,42,0,3,30,0,33,3,27,45,0,75,72,0,72,147
02/28/2019,EWN,NC,ASO,EN,Federal Contract Tower,2,20,13,0,35,0,0,46,0,46,2,20,59,0,81,94,0,94,175
03/01/2019,EWN,NC,ASO,EN,Federal Contract Tower,3,19,6,6,34,0,0,25,0,25,3,19,31,6,59,82,0,82,141
03/02/2019,EWN,NC,ASO,EN,Federal Contract Tower,4,14,2,0,20,0,0,47,0,47,4,14,49,0,67,100,0,100,167
03/03/2019,EWN,NC,ASO,EN,Federal Contract Tower,8,7,0,0,15,0,0,2,0,2,8,7,2,0,17,6,0,6,23
03/04/2019,EWN,NC,ASO,EN,Federal Contract Tower,6,13,7,2,28,0,0,33,0,33,6,13,40,2,61,80,0,80,141
03/05/2019,EWN,NC,ASO,EN,Federal Contract Tower,8,13,3,0,24,0,0,20,2,22,8,13,23,2,46,14,20,34,80
03/06/2019,EWN,NC,ASO,EN,Federal Contract Tower,9,16,8,0,33,0,0,27,0,27,9,16,35,0,60,66,2,68,128
03/07/2019,EWN,NC,ASO,EN,Federal Contract Tower,10,15,3,0,28,0,0,45,0,45,10,15,48,0,73,98,0,98,171
03/08/2019,EWN,NC,ASO,EN,Federal Contract Tower,9,15,8,2,34,0,0,14,0,14,9,15,22,2,48,104,0,104,152
03/09/2019,EWN,NC,ASO,EN,Federal Contract Tower,9,9,11,2,31,0,0,27,0,27,9,9,38,2,58,98,0,98,156
03/10/2019,EWN,NC,ASO,EN,Federal Contract Tower,8,6,5,3,22,0,0,10,0,10,8,6,15,3,32,6,0,6,38
03/11/2019,EWN,NC,ASO,EN,Federal Contract Tower,9,11,8,2,30,0,0,37,0,37,9,11,45,2,67,70,0,70,137
03/12/2019,EWN,NC,ASO,EN,Federal Contract Tower,9,13,22,2,46,0,2,54,1,57,9,15,76,3,103,90,0,90,193
03/13/2019,EWN,NC,ASO,EN,Federal Contract Tower,8,15,19,0,42,0,2,42,0,44,8,17,61,0,86,116,0,116,202
03/14/2019,EWN,NC,ASO,EN,Federal Contract Tower,8,17,13,0,38,0,1,22,0,23,8,18,35,0,61,40,0,40,101
03/15/2019,EWN,NC,ASO,EN,Federal Contract Tower,8,13,5,2,28,0,0,20,0,20,8,13,25,2,48,46,0,46,94
03/16/2019,EWN,NC,ASO,EN,Federal Contract Tower,10,8,0,0,18,0,0,39,0,39,10,8,39,0,57,74,0,74,131
03/17/2019,EWN,NC,ASO,EN,Federal Contract Tower,5,11,3,0,19,0,0,41,0,41,5,11,44,0,60,34,0,34,94
03/18/2019,EWN,NC,ASO,EN,Federal Contract Tower,8,10,10,2,30,0,0,46,2,48,8,10,56,4,78,70,0,70,148
03/19/2019,EWN,NC,ASO,EN,Federal Contract Tower,8,14,6,3,31,0,0,38,8,46,8,14,44,11,77,34,0,34,111
03/20/2019,EWN,NC,ASO,EN,Federal Contract Tower,8,17,3,0,28,0,0,8,0,8,8,17,11,0,36,14,0,14,50
03/21/2019,EWN,NC,ASO,EN,Federal Contract Tower,8,15,17,0,40,0,0,9,0,9,8,15,26,0,49,6,0,6,55
03/22/2019,EWN,NC,ASO,EN,Federal Contract Tower,8,22,6,0,36,0,0,41,2,43,8,22,47,2,79,56,2,58,137
03/23/2019,EWN,NC,ASO,EN,Federal Contract Tower,9,12,4,0,25,0,1,33,1,35,9,13,37,1,60,0,0,0,60
03/24/2019,EWN,NC,ASO,EN,Federal Contract Tower,5,7,11,0,23,0,4,54,0,58,5,11,65,0,81,66,0,66,147
03/25/2019,EWN,NC,ASO,EN,Federal Contract Tower,9,8,3,4,24,0,2,34,3,39,9,10,37,7,63,40,14,54,117
03/26/2019,EWN,NC,ASO,EN,Federal Contract Tower,8,13,10,1,32,0,0,33,9,42,8,13,43,10,74,70,12,82,156
03/27/2019,EWN,NC,ASO,EN,Federal Contract Tower,7,16,14,0,37,0,2,56,0,58,7,18,70,0,95,40,0,40,135
03/28/2019,EWN,NC,ASO,EN,Federal Contract Tower,8,12,9,2,31,0,0,53,0,53,8,12,62,2,84,100,0,100,184
03/29/2019,EWN,NC,ASO,EN,Federal Contract Tower,8,14,4,0,26,0,0,51,1,52,8,14,55,1,78,46,0,46,124
03/30/2019,EWN,NC,ASO,EN,Federal Contract Tower,8,9,5,0,22,0,0,51,0,51,8,9,56,0,73,90,0,90,163
03/31/2019,EWN,NC,ASO,EN,Federal Contract Tower,10,4,3,0,17,0,0,3,0,3,10,4,6,0,20,0,0,0,20
04/01/2019,EWN,NC,ASO,EN,Federal Contract Tower,8,11,1,4,24,0,0,30,0,30,8,11,31,4,54,40,0,40,94
04/02/2019,EWN,NC,ASO,EN,Federal Contract Tower,6,13,3,0,22,0,0,0,0,0,6,13,3,0,22,0,0,0,22
04/03/2019,EWN,NC,ASO,EN,Federal Contract Tower,4,14,10,4,32,0,0,41,4,45,4,14,51,8,77,80,0,80,157
04/04/2019,EWN,NC,ASO,EN,Federal Contract Tower,6,16,22,0,44,0,0,28,0,28,6,16,50,0,72,38,0,38,110
04/05/2019,EWN,NC,ASO,EN,Federal Contract Tower,5,11,6,0,22,0,0,14,0,14,5,11,20,0,36,14,0,14,50
04/06/2019,EWN,NC,ASO,EN,Federal Contract Tower,5,10,15,0,30,0,2,4,0,6,5,12,19,0,36,0,0,0,36
04/07/2019,EWN,NC,ASO,EN,Federal Contract Tower,4,10,12,0,26,0,0,42,0,42,4,10,54,0,68,94,0,94,162
04/08/2019,EWN,NC,ASO,EN,Federal Contract Tower,5,12,12,0,29,0,2,20,0,22,5,14,32,0,51,22,0,22,73
04/09/2019,EWN,NC,ASO,EN,Federal Contract Tower,5,13,17,0,35,0,0,21,0,21,5,13,38,0,56,54,0,54,110
04/10/2019,EWN,NC,ASO,EN,Federal Contract Tower,6,12,22,2,42,0,2,46,0,48,6,14,68,2,90,70,0,70,160
04/11/2019,EWN,NC,ASO,EN,Federal Contract Tower,6,12,1,0,19,0,0,47,0,47,6,12,48,0,66,82,0,82,148
04/12/2019,EWN,NC,ASO,EN,Federal Contract Tower,6,13,4,0,23,0,0,31,0,31,6,13,35,0,54,12,0,12,66
04/13/2019,EWN,NC,ASO,EN,Federal Contract Tower,6,12,8,0,26,0,0,3,0,3,6,12,11,0,29,4,0,4,33
04/14/2019,EWN,NC,ASO,EN,Federal Contract Tower,6,4,7,0,17,0,0,5,0,5,6,4,12,0,22,18,0,18,40
04/15/2019,EWN,NC,ASO,EN,Federal Contract Tower,6,11,2,0,19,0,0,9,0,9,6,11,11,0,28,2,0,2,30
04/16/2019,EWN,NC,ASO,EN,Federal Contract Tower,4,15,19,2,40,0,0,58,0,58,4,15,77,2,98,166,0,166,264
04/17/2019,EWN,NC,ASO,EN,Federal Contract Tower,6,15,14,0,35,0,0,52,2,54,6,15,66,2,89,116,0,116,205
04/18/2019,EWN,NC,ASO,EN,Federal Contract Tower,6,12,10,0,28,0,0,33,0,33,6,12,43,0,61,26,0,26,87
04/19/2019,EWN,NC,ASO,EN,Federal Contract Tower,5,15,1,0,21,0,0,3,0,3,5,15,4,0,24,0,0,0,24
04/20/2019,EWN,NC,ASO,EN,Federal Contract Tower,5,8,4,0,17,0,0,21,0,21,5,8,25,0,38,34,0,34,72
04/21/2019,EWN,NC,ASO,EN,Federal Contract Tower,6,5,0,0,11,0,2,25,0,27,6,7,25,0,38,32,0,32,70
04/22/2019,EWN,NC,ASO,EN,Federal Contract Tower,8,12,12,0,32,0,16,37,2,55,8,28,49,2,87,126,0,126,213
04/23/2019,EWN,NC,ASO,EN,Federal Contract Tower,6,14,16,2,38,0,0,114,0,114,6,14,130,2,152,104,0,104,256
04/24/2019,EWN,NC,ASO,EN,Federal Contract Tower,6,16,14,0,36,0,0,104,0,104,6,16,118,0,140,50,0,50,190
04/25/2019,EWN,NC,ASO,EN,Federal Contract Tower,6,25,3,2,36,0,0,93,0,93,6,25,96,2,129,120,0,120,249
04/26/2019,EWN,NC,ASO,EN,Federal Contract Tower,5,15,7,0,27,0,2,28,0,30,5,17,35,0,57,6,0,6,63
04/27/2019,EWN,NC,ASO,EN,Federal Contract Tower,5,10,6,0,21,0,0,37,4,41,5,10,43,4,62,18,0,18,80
04/28/2019,EWN,NC,ASO,EN,Federal Contract Tower,6,8,7,0,21,0,0,45,0,45,6,8,52,0,66,72,0,72,138
04/29/2019,EWN,NC,ASO,EN,Federal Contract Tower,5,11,15,0,31,0,0,30,0,30,5,11,45,0,61,88,0,88,149
04/30/2019,EWN,NC,ASO,EN,Federal Contract Tower,6,24,23,0,53,0,0,49,0,49,6,24,72,0,102,54,0,54,156
05/01/2019,EWN,NC,ASO,EN,Federal Contract Tower,6,19,11,2,38,0,0,67,0,67,6,19,78,2,105,76,0,76,181
05/02/2019,EWN,NC,ASO,EN,Federal Contract Tower,6,13,3,8,30,0,0,47,0,47,6,13,50,8,77,62,0,62,139
05/03/2019,EWN,NC,ASO,EN,Federal Contract Tower,6,15,4,2,27,0,0,37,0,37,6,15,41,2,64,94,0,94,158
05/04/2019,EWN,NC,ASO,EN,Federal Contract Tower,1,13,10,0,24,0,0,30,0,30,1,13,40,0,54,10,0,10,64
05/05/2019,EWN,NC,ASO,EN,Federal Contract Tower,3,11,0,3,17,0,2,9,0,11,3,13,9,3,28,46,0,46,74
05/06/2019,EWN,NC,ASO,EN,Federal Contract Tower,6,10,11,12,39,0,4,138,0,142,6,14,149,12,181,146,0,146,327
05/07/2019,EWN,NC,ASO,EN,Federal Contract Tower,9,17,18,0,44,0,0,122,11,133,9,17,140,11,177,146,0,146,323
05/08/2019,EWN,NC,ASO,EN,Federal Contract Tower,4,14,12,4,34,0,0,98,4,102,4,14,110,8,136,90,0,90,226
05/09/2019,EWN,NC,ASO,EN,Federal Contract Tower,4,13,9,0,26,0,0,131,0,131,4,13,140,0,157,84,0,84,241
05/10/2019,EWN,NC,ASO,EN,Federal Contract Tower,4,17,7,4,32,0,0,126,2,128,4,17,133,6,160,82,0,82,242
05/11/2019,EWN,NC,ASO,EN,Federal Contract Tower,1,16,3,0,20,0,0,101,2,103,1,16,104,2,123,8,0,8,131
05/12/2019,EWN,NC,ASO,EN,Federal Contract Tower,2,10,1,0,13,0,0,1,0,1,2,10,2,0,14,0,0,0,14
05/13/2019,EWN,NC,ASO,EN,Federal Contract Tower,4,14,3,2,23,0,1,69,0,70,4,15,72,2,93,44,0,44,137
05/14/2019,EWN,NC,ASO,EN,Federal Contract Tower,4,19,10,2,35,0,0,105,5,110,4,19,115,7,145,120,0,120,265
05/15/2019,EWN,NC,ASO,EN,Federal Contract Tower,4,17,9,0,30,0,0,129,0,129,4,17,138,0,159,110,0,110,269
05/16/2019,EWN,NC,ASO,EN,Federal Contract Tower,4,16,7,0,27,0,2,95,0,97,4,18,102,0,124,44,0,44,168
05/17/2019,EWN,NC,ASO,EN,Federal Contract Tower,3,18,11,6,38,0,0,89,3,92,3,18,100,9,130,88,16,104,234
05/18/2019,EWN,NC,ASO,EN,Federal Contract Tower,2,16,11,0,29,0,0,111,2,113,2,16,122,2,142,6,0,6,148
05/19/2019,EWN,NC,ASO,EN,Federal Contract Tower,2,10,2,0,14,0,0,50,0,50,2,10,52,0,64,24,0,24,88
05/20/2019,EWN,NC,ASO,EN,Federal Contract Tower,3,12,6,0,21,0,0,67,0,67,3,12,73,0,88,110,0,110,198
05/21/2019,EWN,NC,ASO,EN,Federal Contract Tower,4,18,15,1,38,0,0,68,2,70,4,18,83,3,108,64,0,64,172
05/22/2019,EWN,NC,ASO,EN,Federal Contract Tower,5,15,10,4,34,0,0,69,0,69,5,15,79,4,103,74,0,74,177
05/23/2019,EWN,NC,ASO,EN,Federal Contract Tower,4,17,5,0,26,0,0,51,0,51,4,17,56,0,77,100,0,100,177
05/24/2019,EWN,NC,ASO,EN,Federal Contract Tower,3,20,10,2,35,0,0,64,0,64,3,20,74,2,99,62,0,62,161
05/25/2019,EWN,NC,ASO,EN,Federal Contract Tower,2,11,9,1,23,0,0,42,2,44,2,11,51,3,67,52,0,52,119
05/26/2019,EWN,NC,ASO,EN,Federal Contract Tower,2,7,3,0,12,0,0,22,0,22,2,7,25,0,34,0,0,0,34
05/27/2019,EWN,NC,ASO,EN,Federal Contract Tower,4,11,1,0,16,0,1,53,0,54,4,12,54,0,70,80,0,80,150
05/28/2019,EWN,NC,ASO,EN,Federal Contract Tower,5,14,11,2,32,0,0,66,3,69,5,14,77,5,101,114,0,114,215
05/29/2019,EWN,NC,ASO,EN,Federal Contract Tower,3,17,8,0,28,0,3,54,4,61,3,20,62,4,89,78,0,78,167
05/30/2019,EWN,NC,ASO,EN,Federal Contract Tower,3,20,13,0,36,0,0,58,0,58,3,20,71,0,94,46,0,46,140
05/31/2019,EWN,NC,ASO,EN,Federal Contract Tower,4,19,13,2,38,0,0,47,3,50,4,19,60,5,88,82,0,82,170
06/01/2019,EWN,NC,ASO,EN,Federal Contract Tower,2,14,12,1,29,0,0,29,2,31,2,14,41,3,60,34,0,34,94
06/02/2019,EWN,NC,ASO,EN,Federal Contract Tower,2,9,4,0,15,0,0,50,0,50,2,9,54,0,65,106,0,106,171
06/03/2019,EWN,NC,ASO,EN,Federal Contract Tower,4,11,16,0,31,0,0,64,0,64,4,11,80,0,95,110,0,110,205
06/04/2019,EWN,NC,ASO,EN,Federal Contract Tower,2,21,20,2,45,0,2,62,1,65,2,23,82,3,110,146,0,146,256
06/05/2019,EWN,NC,ASO,EN,Federal Contract Tower,2,17,14,6,39,0,0,28,2,30,2,17,42,8,69,48,0,48,117
06/06/2019,EWN,NC,ASO,EN,Federal Contract Tower,4,19,13,0,36,0,2,67,0,69,4,21,80,0,105,76,0,76,181
06/07/2019,EWN,NC,ASO,EN,Federal Contract Tower,8,14,13,4,39,0,0,31,5,36,8,14,44,9,75,96,0,96,171
06/08/2019,EWN,NC,ASO,EN,Federal Contract Tower,0,13,9,0,22,0,0,0,0,0,0,13,9,0,22,0,0,0,22
06/09/2019,EWN,NC,ASO,EN,Federal Contract Tower,1,12,7,0,20,0,3,11,0,14,1,15,18,0,34,52,0,52,86
06/10/2019,EWN,NC,ASO,EN,Federal Contract Tower,4,9,7,0,20,0,0,20,0,20,4,9,27,0,40,60,0,60,100
06/11/2019,EWN,NC,ASO,EN,Federal Contract Tower,4,17,17,0,38,0,0,52,0,52,4,17,69,0,90,118,10,128,218
06/12/2019,EWN,NC,ASO,EN,Federal Contract Tower,6,16,5,0,27,0,0,6,0,6,6,16,11,0,33,24,0,24,57
06/13/2019,EWN,NC,ASO,EN,Federal Contract Tower,4,18,10,0,32,0,2,27,0,29,4,20,37,0,61,106,0,106,167
06/14/2019,EWN,NC,ASO,EN,Federal Contract Tower,5,23,16,5,49,0,1,66,0,67,5,24,82,5,116,141,0,141,257
06/15/2019,EWN,NC,ASO,EN,Federal Contract Tower,0,12,19,0,31,0,0,68,2,70,0,12,87,2,101,64,0,64,165
06/16/2019,EWN,NC,ASO,EN,Federal Contract Tower,1,12,20,0,33,0,0,48,0,48,1,12,68,0,81,38,0,38,119
06/17/2019,EWN,NC,ASO,EN,Federal Contract Tower,4,16,9,4,33,0,2,38,0,40,4,18,47,4,73,90,8,98,171
06/18/2019,EWN,NC,ASO,EN,Federal Contract Tower,3,17,17,0,37,0,0,48,0,48,3,17,65,0,85,36,0,36,121
06/19/2019,EWN,NC,ASO,EN,Federal Contract Tower,4,19,13,4,40,0,0,46,0,46,4,19,59,4,86,74,0,74,160
06/20/2019,EWN,NC,ASO,EN,Federal Contract Tower,4,15,8,0,27,0,0,36,0,36,4,15,44,0,63,8,0,8,71
06/21/2019,EWN,NC,ASO,EN,Federal Contract Tower,4,16,10,4,34,0,0,87,0,87,4,16,97,4,121,86,0,86,207
06/22/2019,EWN,NC,ASO,EN,Federal Contract Tower,0,11,7,1,19,0,0,113,0,113,0,11,120,1,132,132,0,132,264
06/23/2019,EWN,NC,ASO,EN,Federal Contract Tower,2,12,2,0,16,0,0,49,0,49,2,12,51,0,65,46,0,46,111
06/24/2019,EWN,NC,ASO,EN,Federal Contract Tower,6,9,7,2,24,0,0,54,0,54,6,9,61,2,78,82,0,82,160
06/25/2019,EWN,NC,ASO,EN,Federal Contract Tower,4,20,8,4,36,0,0,58,0,58,4,20,66,4,94,88,0,88,182
06/26/2019,EWN,NC,ASO,EN,Federal Contract Tower,3,19,14,0,36,0,3,65,2,70,3,22,79,2,106,124,0,124,230
06/27/2019,EWN,NC,ASO,EN,Federal Contract Tower,4,15,8,2,29,0,0,58,0,58,4,15,66,2,87,119,0,119,206
06/28/2019,EWN,NC,ASO,EN,Federal Contract Tower,4,25,12,0,41,0,0,52,4,56,4,25,64,4,97,136,2,138,235
06/29/2019,EWN,NC,ASO,EN,Federal Contract Tower,0,22,6,0,28,0,2,51,1,54,0,24,57,1,82,134,0,134,216
06/30/2019,EWN,NC,ASO,EN,Federal Contract Tower,2,14,10,0,26,0,0,43,0,43,2,14,53,0,69,68,0,68,137
07/01/2019,EWN,NC,ASO,EN,Federal Contract Tower,6,10,10,0,26,0,0,50,0,50,6,10,60,0,76,58,0,58,134
07/02/2019,EWN,NC,ASO,EN,Federal Contract Tower,4,17,13,4,38,0,0,51,0,51,4,17,64,4,89,96,0,96,185
07/03/2019,EWN,NC,ASO,EN,Federal Contract Tower,2,18,10,0,30,0,0,37,14,51,2,18,47,14,81,82,6,88,169
07/04/2019,EWN,NC,ASO,EN,Federal Contract Tower,4,6,1,0,11,0,0,13,0,13,4,6,14,0,24,0,0,0,24
07/05/2019,EWN,NC,ASO,EN,Federal Contract Tower,2,14,8,1,25,0,0,11,0,11,2,14,19,1,36,40,0,40,76
07/06/2019,EWN,NC,ASO,EN,Federal Contract Tower,0,19,2,0,21,0,2,27,3,32,0,21,29,3,53,46,0,46,99
07/07/2019,EWN,NC,ASO,EN,Federal Contract Tower,4,12,17,0,33,0,0,41,0,41,4,12,58,0,74,18,0,18,92
07/08/2019,EWN,NC,ASO,EN,Federal Contract Tower,6,10,2,0,18,0,0,3,0,3,6,10,5,0,21,52,0,52,73
07/09/2019,EWN,NC,ASO,EN,Federal Contract Tower,5,23,10,0,38,0,0,43,0,43,5,23,53,0,81,86,0,86,167
07/10/2019,EWN,NC,ASO,EN,Federal Contract Tower,3,14,9,4,30,0,0,45,0,45,3,14,54,4,75,56,0,56,131
07/11/2019,EWN,NC,ASO,EN,Federal Contract Tower,4,16,10,0,30,0,0,29,0,29,4,16,39,0,59,48,0,48,107
07/12/2019,EWN,NC,ASO,EN,Federal Contract Tower,5,25,27,2,59,0,0,27,0,27,5,25,54,2,86,72,0,72,158
07/13/2019,EWN,NC,ASO,EN,Federal Contract Tower,0,16,14,0,30,0,2,20,6,28,0,18,34,6,58,54,0,54,112
07/14/2019,EWN,NC,ASO,EN,Federal Contract Tower,2,14,17,0,33,0,0,37,0,37,2,14,54,0,70,130,0,130,200
07/15/2019,EWN,NC,ASO,EN,Federal Contract Tower,4,13,7,0,24,0,0,47,0,47,4,13,54,0,71,166,0,166,237
07/16/2019,EWN,NC,ASO,EN,Federal Contract Tower,4,16,11,0,31,0,0,56,0,56,4,16,67,0,87,196,0,196,283
07/17/2019,EWN,NC,ASO,EN,Federal Contract Tower,2,18,6,0,26,0,0,31,2,33,2,18,37,2,59,106,0,106,165
07/18/2019,EWN,NC,ASO,EN,Federal Contract Tower,4,18,7,0,29,0,0,43,0,43,4,18,50,0,72,34,14,48,120
07/19/2019,EWN,NC,ASO,EN,Federal Contract Tower,3,16,7,0,26,0,0,30,8,38,3,16,37,8,64,28,4,32,96
07/20/2019,EWN,NC,ASO,EN,Federal Contract Tower,0,15,4,0,19,0,2,45,0,47,0,17,49,0,66,54,0,54,120
07/21/2019,EWN,NC,ASO,EN,Federal Contract Tower,4,12,1,0,17,0,2,22,0,24,4,14,23,0,41,52,0,52,93
07/22/2019,EWN,NC,ASO,EN,Federal Contract Tower,1,14,7,2,24,0,0,50,0,50,1,14,57,2,74,118,0,118,192
07/23/2019,EWN,NC,ASO,EN,Federal Contract Tower,2,15,3,6,26,0,0,34,1,35,2,15,37,7,61,48,0,48,109
07/24/2019,EWN,NC,ASO,EN,Federal Contract Tower,2,18,22,0,42,0,5,34,0,39,2,23,56,0,81,58,0,58,139
07/25/2019,EWN,NC,ASO,EN,Federal Contract Tower,2,17,5,0,24,0,1,48,0,49,2,18,53,0,73,72,0,72,145
07/26/2019,EWN,NC,ASO,EN,Federal Contract Tower,2,22,17,2,43,0,0,36,0,36,2,22,53,2,79,42,0,42,121
07/27/2019,EWN,NC,ASO,EN,Federal Contract Tower,0,13,11,0,24,0,0,33,0,33,0,13,44,0,57,108,0,108,165
07/28/2019,EWN,NC,ASO,EN,Federal Contract Tower,2,16,13,0,31,0,0,46,0,46,2,16,59,0,77,66,0,66,143
07/29/2019,EWN,NC,ASO,EN,Federal Contract Tower,4,15,9,0,28,0,2,42,0,44,4,17,51,0,72,86,0,86,158
07/30/2019,EWN,NC,ASO,EN,Federal Contract Tower,2,17,16,3,38,0,0,53,1,54,2,17,69,4,92,48,6,54,146
07/31/2019,EWN,NC,ASO,EN,Federal Contract Tower,4,17,9,2,32,0,0,48,4,52,4,17,57,6,84,92,0,92,176
08/01/2019,EWN,NC,ASO,EN,Federal Contract Tower,1,17,3,0,21,0,2,38,0,40,1,19,41,0,61,70,0,70,131
08/02/2019,EWN,NC,ASO,EN,Federal Contract Tower,2,19,2,0,23,0,2,14,0,16,2,21,16,0,39,68,0,68,107
08/03/2019,EWN,NC,ASO,EN,Federal Contract Tower,0,13,6,0,19,0,0,11,0,11,0,13,17,0,30,32,0,32,62
08/04/2019,EWN,NC,ASO,EN,Federal Contract Tower,2,12,8,0,22,0,0,42,0,42,2,12,50,0,64,56,0,56,120
08/05/2019,EWN,NC,ASO,EN,Federal Contract Tower,2,14,10,0,26,0,0,28,0,28,2,14,38,0,54,58,0,58,112
08/06/2019,EWN,NC,ASO,EN,Federal Contract Tower,5,20,22,4,51,0,0,34,0,34,5,20,56,4,85,98,0,98,183
08/07/2019,EWN,NC,ASO,EN,Federal Contract Tower,4,17,11,0,32,0,0,22,0,22,4,17,33,0,54,0,0,0,54
08/08/2019,EWN,NC,ASO,EN,Federal Contract Tower,5,14,15,0,34,0,0,37,2,39,5,14,52,2,73,48,8,56,129
08/09/2019,EWN,NC,ASO,EN,Federal Contract Tower,4,24,33,2,63,0,1,48,0,49,4,25,81,2,112,30,0,30,142
08/10/2019,EWN,NC,ASO,EN,Federal Contract Tower,0,14,3,0,17,0,1,12,0,13,0,15,15,0,30,42,0,42,72
08/11/2019,EWN,NC,ASO,EN,Federal Contract Tower,2,11,3,0,16,0,0,31,0,31,2,11,34,0,47,22,0,22,69
08/12/2019,EWN,NC,ASO,EN,Federal Contract Tower,4,12,12,2,30,0,6,40,0,46,4,18,52,2,76,58,0,58,134
08/13/2019,EWN,NC,ASO,EN,Federal Contract Tower,4,18,10,7,39,0,6,45,0,51,4,24,55,7,90,138,0,138,228
08/14/2019,EWN,NC,ASO,EN,Federal Contract Tower,3,16,11,0,30,0,2,38,0,40,3,18,49,0,70,38,0,38,108
08/15/2019,EWN,NC,ASO,EN,Federal Contract Tower,6,13,8,0,27,0,0,23,0,23,6,13,31,0,50,84,0,84,134
08/16/2019,EWN,NC,ASO,EN,Federal Contract Tower,5,19,3,0,27,0,0,3,0,3,5,19,6,0,30,8,0,8,38
08/17/2019,EWN,NC,ASO,EN,Federal Contract Tower,0,14,6,0,20,0,0,3,0,3,0,14,9,0,23,18,0,18,41
08/18/2019,EWN,NC,ASO,EN,Federal Contract Tower,2,9,6,0,17,0,0,6,0,6,2,9,12,0,23,16,0,16,39
08/19/2019,EWN,NC,ASO,EN,Federal Contract Tower,2,10,11,0,23,0,2,23,0,25,2,12,34,0,48,32,0,32,80
08/20/2019,EWN,NC,ASO,EN,Federal Contract Tower,4,19,14,0,37,0,0,50,18,68,4,19,64,18,105,102,0,102,207
08/21/2019,EWN,NC,ASO,EN,Federal Contract Tower,4,18,14,0,36,0,0,57,2,59,4,18,71,2,95,64,10,74,169
08/22/2019,EWN,NC,ASO,EN,Federal Contract Tower,2,17,9,0,28,0,0,31,2,33,2,17,40,2,61,34,0,34,95
08/23/2019,EWN,NC,ASO,EN,Federal Contract Tower,4,13,17,0,34,0,0,26,0,26,4,13,43,0,60,18,0,18,78
08/24/2019,EWN,NC,ASO,EN,Federal Contract Tower,0,16,2,0,18,0,0,0,0,0,0,16,2,0,18,0,0,0,18
08/25/2019,EWN,NC,ASO,EN,Federal Contract Tower,2,11,2,0,15,0,0,8,0,8,2,11,10,0,23,4,0,4,27
08/26/2019,EWN,NC,ASO,EN,Federal Contract Tower,4,15,8,2,29,0,0,40,0,40,4,15,48,2,69,66,0,66,135
08/27/2019,EWN,NC,ASO,EN,Federal Contract Tower,7,14,9,0,30,0,0,36,0,36,7,14,45,0,66,68,0,68,134
08/28/2019,EWN,NC,ASO,EN,Federal Contract Tower,6,17,6,2,31,0,2,56,0,58,6,19,62,2,89,36,0,36,125
08/29/2019,EWN,NC,ASO,EN,Federal Contract Tower,8,14,4,2,28,0,2,57,0,59,8,16,61,2,87,48,0,48,135
08/30/2019,EWN,NC,ASO,EN,Federal Contract Tower,8,13,13,0,34,0,2,71,0,73,8,15,84,0,107,68,2,70,177
08/31/2019,EWN,NC,ASO,EN,Federal Contract Tower,0,12,5,0,17,3,46,1,0,50,3,58,6,0,67,32,0,32,99
09/01/2019,EWN,NC,ASO,EN,Federal Contract Tower,2,7,1,0,10,0,2,17,0,19,2,9,18,0,29,0,0,0,29
09/02/2019,EWN,NC,ASO,EN,Federal Contract Tower,4,10,6,0,20,0,0,28,0,28,4,10,34,0,48,10,0,10,58
09/03/2019,EWN,NC,ASO,EN,Federal Contract Tower,3,16,16,0,35,0,0,50,0,50,3,16,66,0,85,68,0,68,153
09/04/2019,EWN,NC,ASO,EN,Federal Contract Tower,5,15,10,0,30,0,0,15,0,15,5,15,25,0,45,0,0,0,45
09/05/2019,EWN,NC,ASO,EN,Federal Contract Tower,4,2,0,0,6,0,0,0,0,0,4,2,0,0,6,0,0,0,6
09/06/2019,EWN,NC,ASO,EN,Federal Contract Tower,0,1,2,0,3,0,0,2,6,8,0,1,4,6,11,0,0,0,11
09/07/2019,EWN,NC,ASO,EN,Federal Contract Tower,4,9,14,1,28,0,3,63,6,72,4,12,77,7,100,42,0,42,142
09/08/2019,EWN,NC,ASO,EN,Federal Contract Tower,6,8,6,0,20,0,0,25,2,27,6,8,31,2,47,52,0,52,99
09/09/2019,EWN,NC,ASO,EN,Federal Contract Tower,6,11,11,0,28,0,2,16,0,18,6,13,27,0,46,34,0,34,80
09/10/2019,EWN,NC,ASO,EN,Federal Contract Tower,8,11,7,1,27,0,2,43,0,45,8,13,50,1,72,116,0,116,188
09/11/2019,EWN,NC,ASO,EN,Federal Contract Tower,11,10,19,1,41,0,2,38,0,40,11,12,57,1,81,84,0,84,165
09/12/2019,EWN,NC,ASO,EN,Federal Contract Tower,8,10,3,0,21,0,4,57,0,61,8,14,60,0,82,102,0,102,184
09/13/2019,EWN,NC,ASO,EN,Federal Contract Tower,8,10,8,0,26,0,7,30,0,37,8,17,38,0,63,124,0,124,187
09/14/2019,EWN,NC,ASO,EN,Federal Contract Tower,11,6,18,0,35,0,6,38,0,44,11,12,56,0,79,106,0,106,185
09/15/2019,EWN,NC,ASO,EN,Federal Contract Tower,7,3,1,0,11,0,11,27,0,38,7,14,28,0,49,68,0,68,117
09/16/2019,EWN,NC,ASO,EN,Federal Contract Tower,11,7,11,1,30,0,4,38,1,43,11,11,49,2,73,64,0,64,137
09/17/2019,EWN,NC,ASO,EN,Federal Contract Tower,7,13,14,3,37,0,2,47,1,50,7,15,61,4,87,114,0,114,201
09/18/2019,EWN,NC,ASO,EN,Federal Contract Tower,7,14,8,13,42,0,0,48,4,52,7,14,56,17,94,108,14,122,216
09/19/2019,EWN,NC,ASO,EN,Federal Contract Tower,8,12,12,0,32,0,2,67,3,72,8,14,79,3,104,138,0,138,242
09/20/2019,EWN,NC,ASO,EN,Federal Contract Tower,12,9,2,0,23,0,3,75,0,78,12,12,77,0,101,130,0,130,231
09/21/2019,EWN,NC,ASO,EN,Federal Contract Tower,13,3,5,0,21,0,3,47,2,52,13,6,52,2,73,80,0,80,153
09/22/2019,EWN,NC,ASO,EN,Federal Contract Tower,10,4,4,0,18,0,6,57,0,63,10,10,61,0,81,104,0,104,185
09/23/2019,EWN,NC,ASO,EN,Federal Contract Tower,11,3,4,0,18,0,0,43,0,43,11,3,47,0,61,76,0,76,137
09/24/2019,EWN,NC,ASO,EN,Federal Contract Tower,7,11,8,2,28,0,0,63,0,63,7,11,71,2,91,138,0,138,229
09/25/2019,EWN,NC,ASO,EN,Federal Contract Tower,6,11,10,0,27,0,0,67,0,67,6,11,77,0,94,116,0,116,210
09/26/2019,EWN,NC,ASO,EN,Federal Contract Tower,8,9,13,2,32,0,1,55,0,56,8,10,68,2,88,114,0,114,202
09/27/2019,EWN,NC,ASO,EN,Federal Contract Tower,11,13,12,0,36,0,0,26,0,26,11,13,38,0,62,104,2,106,168
09/28/2019,EWN,NC,ASO,EN,Federal Contract Tower,11,13,12,0,36,0,13,49,1,63,11,26,61,1,99,108,0,108,207
09/29/2019,EWN,NC,ASO,EN,Federal Contract Tower,7,8,3,0,18,0,2,49,0,51,7,10,52,0,69,92,0,92,161
09/30/2019,EWN,NC,ASO,EN,Federal Contract Tower,11,3,7,0,21,0,0,30,2,32,11,3,37,2,53,132,6,138,191
10/01/2019,EWN,NC,ASO,EN,Federal Contract Tower,7,13,9,2,31,0,2,55,0,57,7,15,64,2,88,132,0,132,220
10/02/2019,EWN,NC,ASO,EN,Federal Contract Tower,7,16,10,0,33,0,0,34,0,34,7,16,44,0,67,104,4,108,175
10/03/2019,EWN,NC,ASO,EN,Federal Contract Tower,11,8,7,0,26,0,0,39,0,39,11,8,46,0,65,80,0,80,145
10/04/2019,EWN,NC,ASO,EN,Federal Contract Tower,12,6,13,0,31,0,3,36,0,39,12,9,49,0,70,164,8,172,242
10/05/2019,EWN,NC,ASO,EN,Federal Contract Tower,12,7,1,0,20,0,3,45,0,48,12,10,46,0,68,66,0,66,134
10/06/2019,EWN,NC,ASO,EN,Federal Contract Tower,11,1,9,0,21,0,4,25,0,29,11,5,34,0,50,88,0,88,138
10/07/2019,EWN,NC,ASO,EN,Federal Contract Tower,7,8,2,0,17,0,2,40,0,42,7,10,42,0,59,114,0,114,173
10/08/2019,EWN,NC,ASO,EN,Federal Contract Tower,7,14,19,0,40,0,0,2,0,2,7,14,21,0,42,2,0,2,44
10/09/2019,EWN,NC,ASO,EN,Federal Contract Tower,9,11,25,0,45,0,0,25,0,25,9,11,50,0,70,112,0,112,182
10/10/2019,EWN,NC,ASO,EN,Federal Contract Tower,10,10,13,0,33,0,2,69,0,71,10,12,82,0,104,170,0,170,274
10/11/2019,EWN,NC,ASO,EN,Federal Contract Tower,9,10,9,0,28,0,2,58,0,60,9,12,67,0,88,148,0,148,236
10/12/2019,EWN,NC,ASO,EN,Federal Contract Tower,7,7,10,0,24,0,2,74,0,76,7,9,84,0,100,144,0,144,244
10/13/2019,EWN,NC,ASO,EN,Federal Contract Tower,8,5,5,0,18,0,2,53,0,55,8,7,58,0,73,110,0,110,183
10/14/2019,EWN,NC,ASO,EN,Federal Contract Tower,7,11,21,5,44,0,0,63,0,63,7,11,84,5,107,140,0,140,247
10/15/2019,EWN,NC,ASO,EN,Federal Contract Tower,7,15,4,0,26,0,2,87,0,89,7,17,91,0,115,96,0,96,211
10/16/2019,EWN,NC,ASO,EN,Federal Contract Tower,8,12,8,0,28,0,0,4,0,4,8,12,12,0,32,12,0,12,44
10/17/2019,EWN,NC,ASO,EN,Federal Contract Tower,12,8,7,4,31,0,2,47,0,49,12,10,54,4,80,8,0,8,88
10/18/2019,EWN,NC,ASO,EN,Federal Contract Tower,11,8,11,4,34,0,0,77,0,77,11,8,88,4,111,86,4,90,201
10/19/2019,EWN,NC,ASO,EN,Federal Contract Tower,13,2,2,0,17,0,1,42,0,43,13,3,44,0,60,101,0,101,161
10/20/2019,EWN,NC,ASO,EN,Federal Contract Tower,9,3,4,0,16,0,2,1,0,3,9,5,5,0,19,0,0,0,19
10/21/2019,EWN,NC,ASO,EN,Federal Contract Tower,9,7,10,2,28,0,0,13,0,13,9,7,23,2,41,50,0,50,91
10/22/2019,EWN,NC,ASO,EN,Federal Contract Tower,5,14,7,2,28,0,0,21,2,23,5,14,28,4,51,58,0,58,109
10/23/2019,EWN,NC,ASO,EN,Federal Contract Tower,8,10,3,6,27,0,8,66,0,74,8,18,69,6,101,112,0,112,213
10/24/2019,EWN,NC,ASO,EN,Federal Contract Tower,10,9,8,0,27,0,0,54,0,54,10,9,62,0,81,124,0,124,205
10/25/2019,EWN,NC,ASO,EN,Federal Contract Tower,13,7,4,0,24,0,1,83,0,84,13,8,87,0,108,92,0,92,200
10/26/2019,EWN,NC,ASO,EN,Federal Contract Tower,11,6,6,0,23,0,0,53,0,53,11,6,59,0,76,74,0,74,150
10/27/2019,EWN,NC,ASO,EN,Federal Contract Tower,8,4,12,0,24,0,2,13,0,15,8,6,25,0,39,12,0,12,51
10/28/2019,EWN,NC,ASO,EN,Federal Contract Tower,7,6,4,1,18,0,2,90,1,93,7,8,94,2,111,86,0,86,197
10/29/2019,EWN,NC,ASO,EN,Federal Contract Tower,7,12,13,4,36,0,0,46,2,48,7,12,59,6,84,106,12,118,202
10/30/2019,EWN,NC,ASO,EN,Federal Contract Tower,9,9,6,4,28,0,0,35,2,37,9,9,41,6,65,94,24,118,183
10/31/2019,EWN,NC,ASO,EN,Federal Contract Tower,6,11,1,2,20,0,4,31,0,35,6,15,32,2,55,68,0,68,123
11/01/2019,EWN,NC,ASO,EN,Federal Contract Tower,14,6,5,0,25,0,6,57,0,63,14,12,62,0,88,96,2,98,186
11/02/2019,EWN,NC,ASO,EN,Federal Contract Tower,11,7,7,0,25,0,1,70,0,71,11,8,77,0,96,86,0,86,182
11/03/2019,EWN,NC,ASO,EN,Federal Contract Tower,10,2,14,0,26,0,0,48,0,48,10,2,62,0,74,82,0,82,156
11/04/2019,EWN,NC,ASO,EN,Federal Contract Tower,10,5,10,2,27,0,3,31,0,34,10,8,41,2,61,68,0,68,129
11/05/2019,EWN,NC,ASO,EN,Federal Contract Tower,6,9,12,0,27,0,2,14,0,16,6,11,26,0,43,52,0,52,95
11/06/2019,EWN,NC,ASO,EN,Federal Contract Tower,9,10,3,2,24,0,1,40,0,41,9,11,43,2,65,48,0,48,113
11/07/2019,EWN,NC,ASO,EN,Federal Contract Tower,9,9,7,0,25,0,3,56,1,60,9,12,63,1,85,112,0,112,197
11/08/2019,EWN,NC,ASO,EN,Federal Contract Tower,10,8,3,1,22,0,2,18,0,20,10,10,21,1,42,32,0,32,74
11/09/2019,EWN,NC,ASO,EN,Federal Contract Tower,12,2,7,0,21,0,3,44,0,47,12,5,51,0,68,98,0,98,166
11/10/2019,EWN,NC,ASO,EN,Federal Contract Tower,12,2,2,0,16,0,0,31,0,31,12,2,33,0,47,122,0,122,169
11/11/2019,EWN,NC,ASO,EN,Federal Contract Tower,9,7,5,0,21,0,0,41,0,41,9,7,46,0,62,62,0,62,124
11/12/2019,EWN,NC,ASO,EN,Federal Contract Tower,6,10,5,0,21,0,0,10,0,10,6,10,15,0,31,0,0,0,31
11/13/2019,EWN,NC,ASO,EN,Federal Contract Tower,11,11,9,2,33,0,0,45,0,45,11,11,54,2,78,60,0,60,138
11/14/2019,EWN,NC,ASO,EN,Federal Contract Tower,11,9,13,0,33,0,1,55,2,58,11,10,68,2,91,140,0,140,231
11/15/2019,EWN,NC,ASO,EN,Federal Contract Tower,13,9,7,0,29,0,0,0,0,0,13,9,7,0,29,0,0,0,29
11/16/2019,EWN,NC,ASO,EN,Federal Contract Tower,14,4,0,0,18,0,1,0,0,1,14,5,0,0,19,0,0,0,19
11/17/2019,EWN,NC,ASO,EN,Federal Contract Tower,11,2,1,0,14,0,0,0,0,0,11,2,1,0,14,0,0,0,14
11/18/2019,EWN,NC,ASO,EN,Federal Contract Tower,11,14,6,0,31,0,0,0,0,0,11,14,6,0,31,0,0,0,31
11/19/2019,EWN,NC,ASO,EN,Federal Contract Tower,12,15,5,0,32,0,0,1,0,1,12,15,6,0,33,0,0,0,33
11/20/2019,EWN,NC,ASO,EN,Federal Contract Tower,10,8,19,1,38,0,1,40,0,41,10,9,59,1,79,74,4,78,157
11/21/2019,EWN,NC,ASO,EN,Federal Contract Tower,11,9,16,6,42,0,0,69,0,69,11,9,85,6,111,166,0,166,277
11/22/2019,EWN,NC,ASO,EN,Federal Contract Tower,14,9,4,2,29,0,13,40,0,53,14,22,44,2,82,46,0,46,128
11/23/2019,EWN,NC,ASO,EN,Federal Contract Tower,13,2,11,0,26,0,3,40,5,48,13,5,51,5,74,116,6,122,196
11/24/2019,EWN,NC,ASO,EN,Federal Contract Tower,12,3,2,0,17,0,0,24,0,24,12,3,26,0,41,36,0,36,77
11/25/2019,EWN,NC,ASO,EN,Federal Contract Tower,11,9,5,1,26,0,2,49,0,51,11,11,54,1,77,112,0,112,189
11/26/2019,EWN,NC,ASO,EN,Federal Contract Tower,10,18,7,0,35,0,2,52,0,54,10,20,59,0,89,66,0,66,155
11/27/2019,EWN,NC,ASO,EN,Federal Contract Tower,11,15,14,0,40,0,2,32,0,34,11,17,46,0,74,24,0,24,98
11/28/2019,EWN,NC,ASO,EN,Federal Contract Tower,7,4,0,0,11,0,0,13,0,13,7,4,13,0,24,0,0,0,24
11/29/2019,EWN,NC,ASO,EN,Federal Contract Tower,10,7,0,0,17,0,1,52,0,53,10,8,52,0,70,94,0,94,164
11/30/2019,EWN,NC,ASO,EN,Federal Contract Tower,15,2,15,0,32,0,0,38,0,38,15,2,53,0,70,80,0,80,150
12/01/2019,EWN,NC,ASO,EN,Federal Contract Tower,11,6,2,0,19,0,0,6,0,6,11,6,8,0,25,34,0,34,59
12/02/2019,EWN,NC,ASO,EN,Federal Contract Tower,12,7,8,0,27,0,2,40,0,42,12,9,48,0,69,132,0,132,201
12/03/2019,EWN,NC,ASO,EN,Federal Contract Tower,11,9,6,1,27,0,4,59,0,63,11,13,65,1,90,56,8,64,154
12/04/2019,EWN,NC,ASO,EN,Federal Contract Tower,11,11,8,0,30,0,4,40,0,44,11,15,48,0,74,44,0,44,118
12/05/2019,EWN,NC,ASO,EN,Federal Contract Tower,11,9,5,0,25,0,2,45,4,51,11,11,50,4,76,50,16,66,142
12/06/2019,EWN,NC,ASO,EN,Federal Contract Tower,9,6,7,0,22,0,5,62,0,67,9,11,69,0,89,88,6,94,183
12/07/2019,EWN,NC,ASO,EN,Federal Contract Tower,6,3,7,0,16,0,13,23,0,36,6,16,30,0,52,22,0,22,74
12/08/2019,EWN,NC,ASO,EN,Federal Contract Tower,8,2,2,0,12,0,1,36,0,37,8,3,38,0,49,74,0,74,123
12/09/2019,EWN,NC,ASO,EN,Federal Contract Tower,7,6,12,2,27,0,0,25,0,25,7,6,37,2,52,60,0,60,112
12/10/2019,EWN,NC,ASO,EN,Federal Contract Tower,8,12,9,4,33,0,0,38,0,38,8,12,47,4,71,64,20,84,155
12/11/2019,EWN,NC,ASO,EN,Federal Contract Tower,9,12,18,0,39,0,0,4,0,4,9,12,22,0,43,0,0,0,43
12/12/2019,EWN,NC,ASO,EN,Federal Contract Tower,8,12,11,4,35,0,0,40,0,40,8,12,51,4,75,100,0,100,175
12/13/2019,EWN,NC,ASO,EN,Federal Contract Tower,11,9,3,0,23,0,0,5,0,5,11,9,8,0,28,6,0,6,34
12/14/2019,EWN,NC,ASO,EN,Federal Contract Tower,8,4,10,0,22,0,3,11,0,14,8,7,21,0,36,8,0,8,44
12/15/2019,EWN,NC,ASO,EN,Federal Contract Tower,7,4,9,0,20,0,0,45,0,45,7,4,54,0,65,114,0,114,179
12/16/2019,EWN,NC,ASO,EN,Federal Contract Tower,9,4,6,2,21,0,0,42,0,42,9,4,48,2,63,70,2,72,135
12/17/2019,EWN,NC,ASO,EN,Federal Contract Tower,7,11,10,2,30,0,0,10,0,10,7,11,20,2,40,18,4,22,62
12/18/2019,EWN,NC,ASO,EN,Federal Contract Tower,9,10,6,0,25,0,0,62,0,62,9,10,68,0,87,84,0,84,171
12/19/2019,EWN,NC,ASO,EN,Federal Contract Tower,9,14,4,0,27,0,1,71,2,74,9,15,75,2,101,154,0,154,255
12/20/2019,EWN,NC,ASO,EN,Federal Contract Tower,9,11,8,2,30,0,7,64,0,71,9,18,72,2,101,118,0,118,219
12/21/2019,EWN,NC,ASO,EN,Federal Contract Tower,9,5,6,0,20,0,1,39,0,40,9,6,45,0,60,52,10,62,122
12/22/2019,EWN,NC,ASO,EN,Federal Contract Tower,8,4,0,0,12,0,1,12,0,13,8,5,12,0,25,22,0,22,47
12/23/2019,EWN,NC,ASO,EN,Federal Contract Tower,9,8,3,0,20,0,0,10,0,10,9,8,13,0,30,16,0,16,46
12/24/2019,EWN,NC,ASO,EN,Federal Contract Tower,5,5,4,0,14,0,4,14,0,18,5,9,18,0,32,0,0,0,32
12/25/2019,EWN,NC,ASO,EN,Federal Contract Tower,6,3,0,0,9,0,1,12,0,13,6,4,12,0,22,0,0,0,22
12/26/2019,EWN,NC,ASO,EN,Federal Contract Tower,6,12,8,0,26,0,0,28,0,28,6,12,36,0,54,40,0,40,94
12/27/2019,EWN,NC,ASO,EN,Federal Contract Tower,10,9,5,0,24,0,9,42,0,51,10,18,47,0,75,52,0,52,127
12/28/2019,EWN,NC,ASO,EN,Federal Contract Tower,10,5,14,0,29,0,4,49,0,53,10,9,63,0,82,92,0,92,174
12/29/2019,EWN,NC,ASO,EN,Federal Contract Tower,9,4,2,0,15,0,3,6,0,9,9,7,8,0,24,18,0,18,42
12/30/2019,EWN,NC,ASO,EN,Federal Contract Tower,7,8,9,0,24,0,0,5,0,5,7,8,14,0,29,16,0,16,45
12/31/2019,EWN,NC,ASO,EN,Federal Contract Tower,8,13,4,0,25,0,0,48,0,48,8,13,52,0,73,46,0,46,119
01/01/2020,EWN,NC,ASO,EN,Federal Contract Tower,7,2,1,0,10,0,2,23,0,25,7,4,24,0,35,32,0,32,67
01/02/2020,EWN,NC,ASO,EN,Federal Contract Tower,8,9,6,0,23,0,1,37,0,38,8,10,43,0,61,52,0,52,113
01/03/2020,EWN,NC,ASO,EN,Federal Contract Tower,10,10,7,2,29,0,0,25,0,25,10,10,32,2,54,50,0,50,104
01/04/2020,EWN,NC,ASO,EN,Federal Contract Tower,9,3,9,0,21,0,0,10,0,10,9,3,19,0,31,34,0,34,65
01/06/2020,EWN,NC,ASO,EN,Federal Contract Tower,10,5,9,0,24,0,0,57,0,57,10,5,66,0,81,130,0,130,211
01/07/2020,EWN,NC,ASO,EN,Federal Contract Tower,6,9,11,2,28,0,8,39,0,47,6,17,50,2,75,34,0,34,109
01/08/2020,EWN,NC,ASO,EN,Federal Contract Tower,9,10,11,1,31,0,2,15,0,17,9,12,26,1,48,10,0,10,58
01/09/2020,EWN,NC,ASO,EN,Federal Contract Tower,9,11,12,0,32,0,2,50,0,52,9,13,62,0,84,34,0,34,118
01/10/2020,EWN,NC,ASO,EN,Federal Contract Tower,10,12,9,4,35,0,0,44,0,44,10,12,53,4,79,32,0,32,111
01/11/2020,EWN,NC,ASO,EN,Federal Contract Tower,7,2,3,0,12,0,8,15,2,25,7,10,18,2,37,22,2,24,61
01/12/2020,EWN,NC,ASO,EN,Federal Contract Tower,8,6,5,0,19,0,0,16,0,16,8,6,21,0,35,10,0,10,45
01/13/2020,EWN,NC,ASO,EN,Federal Contract Tower,9,7,16,0,32,0,0,0,0,0,9,7,16,0,32,0,0,0,32
01/14/2020,EWN,NC,ASO,EN,Federal Contract Tower,10,7,8,2,27,0,0,8,0,8,10,7,16,2,35,2,0,2,37
01/15/2020,EWN,NC,ASO,EN,Federal Contract Tower,11,12,19,6,48,0,1,44,0,45,11,13,63,6,93,90,0,90,183
01/16/2020,EWN,NC,ASO,EN,Federal Contract Tower,9,10,12,2,33,0,1,44,2,47,9,11,56,4,80,40,0,40,120
01/17/2020,EWN,NC,ASO,EN,Federal Contract Tower,9,16,7,12,44,0,3,30,0,33,9,19,37,12,77,10,0,10,87
01/18/2020,EWN,NC,ASO,EN,Federal Contract Tower,7,3,2,0,12,0,6,37,0,43,7,9,39,0,55,50,0,50,105
01/19/2020,EWN,NC,ASO,EN,Federal Contract Tower,6,2,6,0,14,0,0,29,0,29,6,2,35,0,43,42,0,42,85
01/20/2020,EWN,NC,ASO,EN,Federal Contract Tower,11,6,6,0,23,0,2,54,2,58,11,8,60,2,81,58,0,58,139
01/21/2020,EWN,NC,ASO,EN,Federal Contract Tower,7,11,10,2,30,0,6,23,0,29,7,17,33,2,59,2,0,2,61
01/22/2020,EWN,NC,ASO,EN,Federal Contract Tower,9,10,19,0,38,0,0,35,2,37,9,10,54,2,75,28,0,28,103
01/23/2020,EWN,NC,ASO,EN,Federal Contract Tower,8,10,5,4,27,0,2,66,0,68,8,12,71,4,95,128,0,128,223
01/24/2020,EWN,NC,ASO,EN,Federal Contract Tower,9,10,5,0,24,0,7,38,2,47,9,17,43,2,71,60,0,60,131
01/25/2020,EWN,NC,ASO,EN,Federal Contract Tower,7,2,4,0,13,0,3,48,0,51,7,5,52,0,64,144,0,144,208
01/26/2020,EWN,NC,ASO,EN,Federal Contract Tower,9,3,9,0,21,0,4,55,1,60,9,7,64,1,81,14,0,14,95
01/27/2020,EWN,NC,ASO,EN,Federal Contract Tower,11,4,11,4,30,0,3,37,2,42,11,7,48,6,72,56,10,66,138
01/28/2020,EWN,NC,ASO,EN,Federal Contract Tower,6,10,3,0,19,0,2,46,2,50,6,12,49,2,69,90,0,90,159
01/29/2020,EWN,NC,ASO,EN,Federal Contract Tower,9,12,11,6,38,0,5,42,2,49,9,17,53,8,87,60,0,60,147
01/30/2020,EWN,NC,ASO,EN,Federal Contract Tower,9,16,6,0,31,0,5,48,0,53,9,21,54,0,84,76,0,76,160
01/31/2020,EWN,NC,ASO,EN,Federal Contract Tower,9,7,6,0,22,0,1,32,0,33,9,8,38,0,55,50,0,50,105
02/01/2020,EWN,NC,ASO,EN,Federal Contract Tower,9,2,2,0,13,0,0,0,0,0,9,2,2,0,13,0,0,0,13
02/02/2020,EWN,NC,ASO,EN,Federal Contract Tower,8,2,2,0,12,0,4,24,0,28,8,6,26,0,40,6,0,6,46
02/03/2020,EWN,NC,ASO,EN,Federal Contract Tower,9,6,2,2,19,0,3,34,0,37,9,9,36,2,56,58,0,58,114
02/04/2020,EWN,NC,ASO,EN,Federal Contract Tower,6,9,16,0,31,0,8,38,0,46,6,17,54,0,77,34,0,34,111
02/05/2020,EWN,NC,ASO,EN,Federal Contract Tower,8,10,4,2,24,0,0,31,0,31,8,10,35,2,55,60,0,60,115
02/06/2020,EWN,NC,ASO,EN,Federal Contract Tower,4,8,4,0,16,0,0,0,0,0,4,8,4,0,16,0,0,0,16
02/07/2020,EWN,NC,ASO,EN,Federal Contract Tower,13,9,3,0,25,0,0,3,1,4,13,9,6,1,29,0,2,2,31
02/08/2020,EWN,NC,ASO,EN,Federal Contract Tower,7,2,5,2,16,0,6,57,0,63,7,8,62,2,79,102,0,102,181
02/09/2020,EWN,NC,ASO,EN,Federal Contract Tower,11,3,3,7,24,0,0,75,0,75,11,3,78,7,99,94,0,94,193
02/10/2020,EWN,NC,ASO,EN,Federal Contract Tower,11,4,4,0,19,0,0,32,0,32,11,4,36,0,51,0,0,0,51
02/11/2020,EWN,NC,ASO,EN,Federal Contract Tower,7,9,8,0,24,0,3,6,0,9,7,12,14,0,33,6,0,6,39
02/12/2020,EWN,NC,ASO,EN,Federal Contract Tower,11,8,15,0,34,0,3,5,0,8,11,11,20,0,42,0,0,0,42
02/13/2020,EWN,NC,ASO,EN,Federal Contract Tower,8,10,6,8,32,0,0,4,2,6,8,10,10,10,38,0,0,0,38
02/14/2020,EWN,NC,ASO,EN,Federal Contract Tower,8,10,3,0,21,0,4,36,2,42,8,14,39,2,63,22,0,22,85
02/15/2020,EWN,NC,ASO,EN,Federal Contract Tower,8,2,5,0,15,0,4,59,0,63,8,6,64,0,78,28,0,28,106
02/16/2020,EWN,NC,ASO,EN,Federal Contract Tower,8,2,6,0,16,0,7,28,0,35,8,9,34,0,51,12,0,12,63
02/17/2020,EWN,NC,ASO,EN,Federal Contract Tower,9,7,11,0,27,0,0,43,0,43,9,7,54,0,70,54,0,54,124
02/18/2020,EWN,NC,ASO,EN,Federal Contract Tower,8,8,24,0,40,0,2,32,0,34,8,10,56,0,74,68,0,68,142
02/19/2020,EWN,NC,ASO,EN,Federal Contract Tower,6,12,8,2,28,0,3,6,0,9,6,15,14,2,37,52,0,52,89
02/20/2020,EWN,NC,ASO,EN,Federal Contract Tower,5,11,2,0,18,0,0,1,2,3,5,11,3,2,21,0,0,0,21
02/21/2020,EWN,NC,ASO,EN,Federal Contract Tower,7,11,13,2,33,0,3,6,0,9,7,14,19,2,42,6,6,12,54
02/22/2020,EWN,NC,ASO,EN,Federal Contract Tower,8,3,16,2,29,0,7,77,10,94,8,10,93,12,123,42,20,62,185
02/23/2020,EWN,NC,ASO,EN,Federal Contract Tower,6,6,5,0,17,0,0,62,0,62,6,6,67,0,79,64,0,64,143
02/24/2020,EWN,NC,ASO,EN,Federal Contract Tower,9,7,18,1,35,0,0,20,0,20,9,7,38,1,55,42,0,42,97
02/25/2020,EWN,NC,ASO,EN,Federal Contract Tower,7,13,17,18,55,0,0,10,0,10,7,13,27,18,65,0,0,0,65
02/26/2020,EWN,NC,ASO,EN,Federal Contract Tower,8,11,21,2,42,0,2,1,0,3,8,13,22,2,45,0,0,0,45
02/27/2020,EWN,NC,ASO,EN,Federal Contract Tower,9,10,10,2,31,0,0,46,0,46,9,10,56,2,77,0,0,0,77
02/28/2020,EWN,NC,ASO,EN,Federal Contract Tower,10,10,13,6,39,0,7,53,0,60,10,17,66,6,99,56,0,56,155
02/29/2020,EWN,NC,ASO,EN,Federal Contract Tower,11,4,7,0,22,0,7,66,0,73,11,11,73,0,95,14,2,16,111
03/01/2020,EWN,NC,ASO,EN,Federal Contract Tower,9,3,5,0,17,0,2,70,0,72,9,5,75,0,89,94,0,94,183
03/02/2020,EWN,NC,ASO,EN,Federal Contract Tower,9,6,10,2,27,0,0,63,1,64,9,6,73,3,91,20,2,22,113
03/03/2020,EWN,NC,ASO,EN,Federal Contract Tower,8,11,8,3,30,0,10,20,1,31,8,21,28,4,61,94,2,96,157
03/04/2020,EWN,NC,ASO,EN,Federal Contract Tower,8,9,20,2,39,0,3,64,0,67,8,12,84,2,106,44,0,44,150
03/05/2020,EWN,NC,ASO,EN,Federal Contract Tower,9,12,5,3,29,0,0,16,0,16,9,12,21,3,45,10,0,10,55
03/06/2020,EWN,NC,ASO,EN,Federal Contract Tower,10,12,13,0,35,0,1,13,3,17,10,13,26,3,52,6,12,18,70
03/07/2020,EWN,NC,ASO,EN,Federal Contract Tower,9,2,18,2,31,0,2,25,0,27,9,4,43,2,58,12,0,12,70
03/08/2020,EWN,NC,ASO,EN,Federal Contract Tower,8,4,7,0,19,0,1,63,0,64,8,5,70,0,83,64,0,64,147
03/09/2020,EWN,NC,ASO,EN,Federal Contract Tower,9,5,8,1,23,0,2,59,1,62,9,7,67,2,85,44,0,44,129
03/10/2020,EWN,NC,ASO,EN,Federal Contract Tower,8,10,8,0,26,0,4,53,0,57,8,14,61,0,83,56,0,56,139
03/11/2020,EWN,NC,ASO,EN,Federal Contract Tower,8,9,8,2,27,0,4,56,0,60,8,13,64,2,87,22,2,24,111
03/12/2020,EWN,NC,ASO,EN,Federal Contract Tower,8,11,9,2,30,0,6,68,0,74,8,17,77,2,104,28,0,28,132
03/13/2020,EWN,NC,ASO,EN,Federal Contract Tower,9,9,3,0,21,0,4,51,4,59,9,13,54,4,80,4,0,4,84
03/14/2020,EWN,NC,ASO,EN,Federal Contract Tower,9,4,1,0,14,0,2,61,0,63,9,6,62,0,77,60,0,60,137
03/15/2020,EWN,NC,ASO,EN,Federal Contract Tower,11,1,2,0,14,0,1,0,0,1,11,2,2,0,15,0,0,0,15
03/16/2020,EWN,NC,ASO,EN,Federal Contract Tower,9,6,3,0,18,0,3,48,0,51,9,9,51,0,69,20,0,20,89
03/17/2020,EWN,NC,ASO,EN,Federal Contract Tower,10,14,6,6,36,0,0,3,0,3,10,14,9,6,39,6,0,6,45
03/18/2020,EWN,NC,ASO,EN,Federal Contract Tower,7,11,10,0,28,0,3,36,0,39,7,14,46,0,67,48,10,58,125
03/19/2020,EWN,NC,ASO,EN,Federal Contract Tower,9,10,7,0,26,0,1,36,0,37,9,11,43,0,63,32,2,34,97
03/20/2020,EWN,NC,ASO,EN,Federal Contract Tower,11,8,8,2,29,0,0,72,0,72,11,8,80,2,101,72,0,72,173
03/21/2020,EWN,NC,ASO,EN,Federal Contract Tower,6,5,5,0,16,0,0,26,0,26,6,5,31,0,42,46,0,46,88
03/22/2020,EWN,NC,ASO,EN,Federal Contract Tower,8,1,9,0,18,0,0,15,0,15,8,1,24,0,33,38,0,38,71
03/23/2020,EWN,NC,ASO,EN,Federal Contract Tower,5,3,2,5,15,0,0,2,0,2,5,3,4,5,17,16,0,16,33
03/24/2020,EWN,NC,ASO,EN,Federal Contract Tower,4,11,31,2,48,0,0,29,0,29,4,11,60,2,77,30,0,30,107
03/25/2020,EWN,NC,ASO,EN,Federal Contract Tower,3,10,8,3,24,0,0,2,0,2,3,10,10,3,26,0,0,0,26
03/27/2020,EWN,NC,ASO,EN,Federal Contract Tower,5,7,7,4,23,0,2,52,16,70,5,9,59,20,93,34,4,38,131
03/28/2020,EWN,NC,ASO,EN,Federal Contract Tower,3,4,3,2,12,0,2,38,10,50,3,6,41,12,62,50,4,54,116
03/29/2020,EWN,NC,ASO,EN,Federal Contract Tower,4,2,8,0,14,0,0,35,4,39,4,2,43,4,53,38,0,38,91
03/30/2020,EWN,NC,ASO,EN,Federal Contract Tower,3,6,1,0,10,0,6,35,0,41,3,12,36,0,51,34,2,36,87
03/31/2020,EWN,NC,ASO,EN,Federal Contract Tower,3,7,16,0,26,0,1,24,0,25,3,8,40,0,51,10,0,10,61
04/01/2020,EWN,NC,ASO,EN,Federal Contract Tower,4,9,6,0,19,0,2,7,0,9,4,11,13,0,28,0,0,0,28
04/02/2020,EWN,NC,ASO,EN,Federal Contract Tower,4,8,2,0,14,0,51,43,0,94,4,59,45,0,108,40,28,68,176
04/03/2020,EWN,NC,ASO,EN,Federal Contract Tower,7,10,5,0,22,0,17,37,13,67,7,27,42,13,89,38,0,38,127
04/04/2020,EWN,NC,ASO,EN,Federal Contract Tower,3,3,1,6,13,0,36,67,34,137,3,39,68,40,150,60,0,60,210
04/05/2020,EWN,NC,ASO,EN,Federal Contract Tower,3,1,2,1,7,0,17,68,24,109,3,18,70,25,116,62,2,64,180
04/06/2020,EWN,NC,ASO,EN,Federal Contract Tower,3,5,3,0,11,0,0,72,0,72,3,5,75,0,83,50,0,50,133
04/07/2020,EWN,NC,ASO,EN,Federal Contract Tower,3,12,6,4,25,0,29,48,0,77,3,41,54,4,102,72,2,74,176
04/08/2020,EWN,NC,ASO,EN,Federal Contract Tower,6,6,9,0,21,0,53,67,0,120,6,59,76,0,141,72,0,72,213
04/09/2020,EWN,NC,ASO,EN,Federal Contract Tower,4,8,13,0,25,0,32,19,10,61,4,40,32,10,86,22,0,22,108
04/10/2020,EWN,NC,ASO,EN,Federal Contract Tower,5,7,3,0,15,0,1,18,8,27,5,8,21,8,42,8,2,10,52
04/11/2020,EWN,NC,ASO,EN,Federal Contract Tower,4,3,1,0,8,0,2,45,6,53,4,5,46,6,61,68,0,68,129
04/12/2020,EWN,NC,ASO,EN,Federal Contract Tower,2,2,8,0,12,0,3,12,0,15,2,5,20,0,27,20,0,20,47
04/13/2020,EWN,NC,ASO,EN,Federal Contract Tower,6,1,7,0,14,0,0,2,0,2,6,1,9,0,16,0,0,0,16
04/14/2020,EWN,NC,ASO,EN,Federal Contract Tower,3,6,7,0,16,0,1,58,0,59,3,7,65,0,75,162,0,162,237
04/15/2020,EWN,NC,ASO,EN,Federal Contract Tower,2,8,8,0,18,0,0,7,2,9,2,8,15,2,27,26,0,26,53
04/16/2020,EWN,NC,ASO,EN,Federal Contract Tower,2,10,3,0,15,0,1,56,10,67,2,11,59,10,82,80,0,80,162
04/17/2020,EWN,NC,ASO,EN,Federal Contract Tower,3,7,5,2,17,0,1,55,12,68,3,8,60,14,85,76,0,76,161
04/18/2020,EWN,NC,ASO,EN,Federal Contract Tower,4,3,15,4,26,0,0,15,14,29,4,3,30,18,55,44,2,46,101
04/19/2020,EWN,NC,ASO,EN,Federal Contract Tower,4,3,8,0,15,0,1,21,15,37,4,4,29,15,52,60,0,60,112
04/20/2020,EWN,NC,ASO,EN,Federal Contract Tower,3,5,7,0,15,0,0,2,2,4,3,5,9,2,19,14,0,14,33
04/21/2020,EWN,NC,ASO,EN,Federal Contract Tower,4,7,15,0,26,0,2,31,4,37,4,9,46,4,63,86,0,86,149
04/22/2020,EWN,NC,ASO,EN,Federal Contract Tower,2,8,8,0,18,0,0,85,4,89,2,8,93,4,107,190,0,190,297
04/23/2020,EWN,NC,ASO,EN,Federal Contract Tower,4,9,2,6,21,0,2,29,4,35,4,11,31,10,56,26,2,28,84
04/24/2020,EWN,NC,ASO,EN,Federal Contract Tower,4,9,15,4,32,0,9,18,14,41,4,18,33,18,73,26,14,40,113
04/25/2020,EWN,NC,ASO,EN,Federal Contract Tower,4,3,21,29,57,0,1,9,0,10,4,4,30,29,67,38,0,38,105
04/26/2020,EWN,NC,ASO,EN,Federal Contract Tower,3,1,1,2,7,0,4,18,1,23,3,5,19,3,30,6,0,6,36
04/27/2020,EWN,NC,ASO,EN,Federal Contract Tower,2,4,19,2,27,0,3,39,0,42,2,7,58,2,69,46,0,46,115
04/28/2020,EWN,NC,ASO,EN,Federal Contract Tower,3,9,26,3,41,0,1,76,7,84,3,10,102,10,125,128,0,128,253
04/29/2020,EWN,NC,ASO,EN,Federal Contract Tower,2,9,11,0,22,0,0,41,6,47,2,9,52,6,69,50,0,50,119
04/30/2020,EWN,NC,ASO,EN,Federal Contract Tower,2,11,0,0,13,0,1,2,2,5,2,12,2,2,18,0,0,0,18
05/01/2020,EWN,NC,ASO,EN,Federal Contract Tower,3,3,36,2,44,0,0,17,21,38,3,3,53,23,82,42,0,42,124
05/02/2020,EWN,NC,ASO,EN,Federal Contract Tower,3,3,9,1,16,0,8,38,22,68,3,11,47,23,84,60,0,60,144
05/03/2020,EWN,NC,ASO,EN,Federal Contract Tower,4,3,17,0,24,0,2,32,1,35,4,5,49,1,59,32,0,32,91
05/04/2020,EWN,NC,ASO,EN,Federal Contract Tower,2,6,5,2,15,0,2,38,1,41,2,8,43,3,56,46,0,46,102
05/05/2020,EWN,NC,ASO,EN,Federal Contract Tower,6,6,5,0,17,0,0,36,0,36,6,6,41,0,53,46,2,48,101
05/06/2020,EWN,NC,ASO,EN,Federal Contract Tower,4,17,14,0,35,0,9,32,4,45,4,26,46,4,80,72,0,72,152
05/07/2020,EWN,NC,ASO,EN,Federal Contract Tower,3,8,7,0,18,0,1,52,9,62,3,9,59,9,80,72,0,72,152
05/08/2020,EWN,NC,ASO,EN,Federal Contract Tower,5,5,4,0,14,0,12,32,12,56,5,17,36,12,70,29,2,31,101
05/09/2020,EWN,NC,ASO,EN,Federal Contract Tower,5,3,9,2,19,0,5,32,6,43,5,8,41,8,62,82,0,82,144
05/10/2020,EWN,NC,ASO,EN,Federal Contract Tower,4,2,2,3,11,0,0,26,0,26,4,2,28,3,37,34,0,34,71
05/11/2020,EWN,NC,ASO,EN,Federal Contract Tower,5,5,7,3,20,0,4,17,0,21,5,9,24,3,41,20,0,20,61
05/12/2020,EWN,NC,ASO,EN,Federal Contract Tower,3,4,29,4,40,0,2,66,4,72,3,6,95,8,112,76,0,76,188
05/13/2020,EWN,NC,ASO,EN,Federal Contract Tower,6,7,5,2,20,0,1,58,4,63,6,8,63,6,83,142,0,142,225
05/14/2020,EWN,NC,ASO,EN,Federal Contract Tower,4,9,14,4,31,0,4,56,4,64,4,13,70,8,95,120,0,120,215
05/15/2020,EWN,NC,ASO,EN,Federal Contract Tower,3,8,7,0,18,0,2,53,16,71,3,10,60,16,89,110,0,110,199
05/16/2020,EWN,NC,ASO,EN,Federal Contract Tower,4,4,11,3,22,0,2,41,23,66,4,6,52,26,88,22,0,22,110
05/17/2020,EWN,NC,ASO,EN,Federal Contract Tower,2,1,12,3,18,0,0,28,3,31,2,1,40,6,49,58,0,58,107
05/18/2020,EWN,NC,ASO,EN,Federal Contract Tower,4,3,3,6,16,0,0,6,0,6,4,3,9,6,22,18,0,18,40
05/19/2020,EWN,NC,ASO,EN,Federal Contract Tower,5,10,15,0,30,0,0,0,0,0,5,10,15,0,30,0,0,0,30
05/20/2020,EWN,NC,ASO,EN,Federal Contract Tower,3,8,11,0,22,0,0,0,0,0,3,8,11,0,22,0,0,0,22
05/21/2020,EWN,NC,ASO,EN,Federal Contract Tower,4,8,1,0,13,0,0,0,0,0,4,8,1,0,13,0,0,0,13
05/22/2020,EWN,NC,ASO,EN,Federal Contract Tower,5,7,6,0,18,0,0,32,8,40,5,7,38,8,58,38,2,40,98
05/23/2020,EWN,NC,ASO,EN,Federal Contract Tower,4,4,5,0,13,0,2,28,0,30,4,6,33,0,43,120,0,120,163
05/25/2020,EWN,NC,ASO,EN,Federal Contract Tower,3,3,24,0,30,0,0,41,0,41,3,3,65,0,71,54,0,54,125
05/26/2020,EWN,NC,ASO,EN,Federal Contract Tower,4,5,31,2,42,0,0,19,0,19,4,5,50,2,61,58,0,58,119
05/27/2020,EWN,NC,ASO,EN,Federal Contract Tower,4,9,16,0,29,0,2,27,0,29,4,11,43,0,58,54,2,56,114
05/28/2020,EWN,NC,ASO,EN,Federal Contract Tower,3,9,8,1,21,0,0,11,6,17,3,9,19,7,38,24,2,26,64
05/29/2020,EWN,NC,ASO,EN,Federal Contract Tower,5,7,5,6,23,0,0,0,4,4,5,7,5,10,27,0,0,0,27
05/30/2020,EWN,NC,ASO,EN,Federal Contract Tower,4,4,7,4,19,0,5,14,5,24,4,9,21,9,43,30,0,30,73
05/31/2020,EWN,NC,ASO,EN,Federal Contract Tower,4,3,22,2,31,0,1,46,1,48,4,4,68,3,79,78,0,78,157
06/01/2020,EWN,NC,ASO,EN,Federal Contract Tower,6,5,24,0,35,0,0,54,0,54,6,5,78,0,89,66,0,66,155
06/02/2020,EWN,NC,ASO,EN,Federal Contract Tower,4,9,28,0,41,0,0,54,4,58,4,9,82,4,99,78,0,78,177
06/03/2020,EWN,NC,ASO,EN,Federal Contract Tower,3,8,30,2,43,0,3,33,10,46,3,11,63,12,89,14,0,14,103
06/04/2020,EWN,NC,ASO,EN,Federal Contract Tower,4,8,44,4,60,0,4,46,0,50,4,12,90,4,110,56,0,56,166
06/05/2020,EWN,NC,ASO,EN,Federal Contract Tower,3,8,27,2,40,0,1,32,21,54,3,9,59,23,94,52,16,68,162
06/06/2020,EWN,NC,ASO,EN,Federal Contract Tower,4,4,14,9,31,0,3,8,10,21,4,7,22,19,52,34,2,36,88
06/07/2020,EWN,NC,ASO,EN,Federal Contract Tower,4,2,14,3,23,0,4,40,12,56,4,6,54,15,79,12,6,18,97
06/08/2020,EWN,NC,ASO,EN,Federal Contract Tower,3,5,27,0,35,0,0,48,0,48,3,5,75,0,83,42,0,42,125
06/09/2020,EWN,NC,ASO,EN,Federal Contract Tower,5,5,23,2,35,0,2,45,4,51,5,7,68,6,86,66,0,66,152
06/10/2020,EWN,NC,ASO,EN,Federal Contract Tower,4,7,15,7,33,0,4,34,4,42,4,11,49,11,75,48,0,48,123
06/11/2020,EWN,NC,ASO,EN,Federal Contract Tower,4,11,25,5,45,0,0,14,4,18,4,11,39,9,63,0,0,0,63
06/12/2020,EWN,NC,ASO,EN,Federal Contract Tower,4,9,5,12,30,0,0,0,2,2,4,9,5,14,32,0,0,0,32
06/13/2020,EWN,NC,ASO,EN,Federal Contract Tower,5,4,32,14,55,0,1,14,20,35,5,5,46,34,90,18,0,18,108
06/14/2020,EWN,NC,ASO,EN,Federal Contract Tower,4,3,8,0,15,0,3,15,1,19,4,6,23,1,34,34,0,34,68
06/15/2020,EWN,NC,ASO,EN,Federal Contract Tower,4,5,14,0,23,0,0,0,0,0,4,5,14,0,23,0,0,0,23
06/16/2020,EWN,NC,ASO,EN,Federal Contract Tower,3,9,16,0,28,0,0,0,0,0,3,9,16,0,28,0,0,0,28
06/17/2020,EWN,NC,ASO,EN,Federal Contract Tower,3,10,52,0,65,0,0,12,0,12,3,10,64,0,77,2,0,2,79
06/18/2020,EWN,NC,ASO,EN,Federal Contract Tower,4,10,23,4,41,0,5,43,10,58,4,15,66,14,99,38,0,38,137
06/19/2020,EWN,NC,ASO,EN,Federal Contract Tower,4,8,4,10,26,0,1,9,30,40,4,9,13,40,66,0,0,0,66
06/20/2020,EWN,NC,ASO,EN,Federal Contract Tower,3,5,23,2,33,0,3,15,56,74,3,8,38,58,107,50,0,50,157
06/21/2020,EWN,NC,ASO,EN,Federal Contract Tower,4,4,22,0,30,0,3,37,21,61,4,7,59,21,91,64,0,64,155
06/22/2020,EWN,NC,ASO,EN,Federal Contract Tower,3,6,11,2,22,0,0,33,4,37,3,6,44,6,59,8,0,8,67
06/23/2020,EWN,NC,ASO,EN,Federal Contract Tower,8,8,8,0,24,0,2,31,0,33,8,10,39,0,57,26,2,28,85
06/24/2020,EWN,NC,ASO,EN,Federal Contract Tower,3,8,26,0,37,0,4,53,4,61,3,12,79,4,98,72,0,72,170
06/25/2020,EWN,NC,ASO,EN,Federal Contract Tower,4,11,12,4,31,0,2,17,0,19,4,13,29,4,50,4,14,18,68
06/26/2020,EWN,NC,ASO,EN,Federal Contract Tower,3,10,31,0,44,0,2,61,14,77,3,12,92,14,121,38,0,38,159
06/27/2020,EWN,NC,ASO,EN,Federal Contract Tower,4,4,7,0,15,0,5,44,47,96,4,9,51,47,111,48,0,48,159
06/28/2020,EWN,NC,ASO,EN,Federal Contract Tower,3,5,13,2,23,0,5,34,17,56,3,10,47,19,79,34,0,34,113
06/29/2020,EWN,NC,ASO,EN,Federal Contract Tower,3,5,7,0,15,0,1,39,0,40,3,6,46,0,55,60,0,60,115
06/30/2020,EWN,NC,ASO,EN,Federal Contract Tower,4,8,5,2,19,0,1,34,16,51,4,9,39,18,70,32,0,32,102
07/01/2020,EWN,NC,ASO,EN,Federal Contract Tower,2,12,33,2,49,0,3,36,16,55,2,15,69,18,104,56,0,56,160
07/02/2020,EWN,NC,ASO,EN,Federal Contract Tower,4,11,39,8,62,0,0,36,8,44,4,11,75,16,106,34,0,34,140
07/03/2020,EWN,NC,ASO,EN,Federal Contract Tower,4,7,23,0,34,0,2,68,4,74,4,9,91,4,108,76,0,76,184
07/04/2020,EWN,NC,ASO,EN,Federal Contract Tower,4,2,12,0,18,0,6,14,0,20,4,8,26,0,38,40,0,40,78
07/05/2020,EWN,NC,ASO,EN,Federal Contract Tower,4,10,8,0,22,0,2,24,0,26,4,12,32,0,48,14,0,14,62
07/06/2020,EWN,NC,ASO,EN,Federal Contract Tower,4,4,17,0,25,0,0,54,0,54,4,4,71,0,79,52,0,52,131
07/07/2020,EWN,NC,ASO,EN,Federal Contract Tower,1,9,9,4,23,0,2,27,10,39,1,11,36,14,62,38,0,38,100
07/08/2020,EWN,NC,ASO,EN,Federal Contract Tower,2,9,34,2,47,0,0,18,0,18,2,9,52,2,65,34,0,34,99
07/09/2020,EWN,NC,ASO,EN,Federal Contract Tower,6,8,26,2,42,0,0,19,0,19,6,8,45,2,61,30,0,30,91
07/10/2020,EWN,NC,ASO,EN,Federal Contract Tower,8,6,29,0,43,0,3,51,16,70,8,9,80,16,113,54,0,54,167
07/11/2020,EWN,NC,ASO,EN,Federal Contract Tower,6,2,13,2,23,0,8,38,22,68,6,10,51,24,91,60,4,64,155
07/12/2020,EWN,NC,ASO,EN,Federal Contract Tower,6,2,20,0,28,0,2,41,4,47,6,4,61,4,75,54,0,54,129
07/13/2020,EWN,NC,ASO,EN,Federal Contract Tower,6,3,10,2,21,0,0,24,0,24,6,3,34,2,45,44,0,44,89
07/14/2020,EWN,NC,ASO,EN,Federal Contract Tower,2,6,30,0,38,0,2,42,4,48,2,8,72,4,86,70,6,76,162
07/15/2020,EWN,NC,ASO,EN,Federal Contract Tower,2,7,32,0,41,0,1,62,6,69,2,8,94,6,110,124,0,124,234
07/16/2020,EWN,NC,ASO,EN,Federal Contract Tower,6,8,23,4,41,0,2,54,1,57,6,10,77,5,98,58,0,58,156
07/17/2020,EWN,NC,ASO,EN,Federal Contract Tower,6,5,29,0,40,0,1,55,17,73,6,6,84,17,113,52,0,52,165
07/20/2020,EWN,NC,ASO,EN,Federal Contract Tower,5,3,25,0,33,0,0,51,0,51,5,3,76,0,84,120,2,122,206
07/21/2020,EWN,NC,ASO,EN,Federal Contract Tower,1,7,32,0,40,0,2,77,4,83,1,9,109,4,123,70,0,70,193
07/22/2020,EWN,NC,ASO,EN,Federal Contract Tower,2,6,9,6,23,0,6,58,0,64,2,12,67,6,87,90,2,92,179
07/23/2020,EWN,NC,ASO,EN,Federal Contract Tower,5,6,11,2,24,0,0,63,0,63,5,6,74,2,87,44,0,44,131
07/24/2020,EWN,NC,ASO,EN,Federal Contract Tower,7,6,11,0,24,0,3,36,4,43,7,9,47,4,67,92,0,92,159
07/25/2020,EWN,NC,ASO,EN,Federal Contract Tower,6,2,10,1,19,0,2,46,9,57,6,4,56,10,76,100,0,100,176
07/26/2020,EWN,NC,ASO,EN,Federal Contract Tower,6,1,16,0,23,0,1,47,2,50,6,2,63,2,73,68,0,68,141
07/27/2020,EWN,NC,ASO,EN,Federal Contract Tower,6,2,32,2,42,0,1,51,0,52,6,3,83,2,94,46,0,46,140
07/28/2020,EWN,NC,ASO,EN,Federal Contract Tower,2,12,11,0,25,0,2,18,0,20,2,14,29,0,45,44,0,44,89
07/29/2020,EWN,NC,ASO,EN,Federal Contract Tower,2,13,15,0,30,0,2,25,0,27,2,15,40,0,57,28,0,28,85
07/30/2020,EWN,NC,ASO,EN,Federal Contract Tower,6,4,17,0,27,0,3,43,4,50,6,7,60,4,77,84,0,84,161
07/31/2020,EWN,NC,ASO,EN,Federal Contract Tower,6,6,26,0,38,0,4,24,8,36,6,10,50,8,74,30,0,30,104
08/01/2020,EWN,NC,ASO,EN,Federal Contract Tower,6,2,13,0,21,0,1,28,0,29,6,3,41,0,50,82,0,82,132
08/02/2020,EWN,NC,ASO,EN,Federal Contract Tower,6,0,1,0,7,0,0,42,0,42,6,0,43,0,49,124,0,124,173
08/03/2020,EWN,NC,ASO,EN,Federal Contract Tower,3,2,4,0,9,0,1,3,0,4,3,3,7,0,13,0,0,0,13
08/04/2020,EWN,NC,ASO,EN,Federal Contract Tower,1,4,21,0,26,0,0,45,0,45,1,4,66,0,71,48,0,48,119
08/05/2020,EWN,NC,ASO,EN,Federal Contract Tower,2,6,16,0,24,0,4,45,0,49,2,10,61,0,73,106,0,106,179
08/06/2020,EWN,NC,ASO,EN,Federal Contract Tower,6,6,30,0,42,0,5,35,6,46,6,11,65,6,88,62,0,62,150
08/07/2020,EWN,NC,ASO,EN,Federal Contract Tower,5,8,29,0,42,0,2,42,6,50,5,10,71,6,92,50,10,60,152
08/08/2020,EWN,NC,ASO,EN,Federal Contract Tower,6,2,14,0,22,0,2,49,6,57,6,4,63,6,79,62,0,62,141
08/09/2020,EWN,NC,ASO,EN,Federal Contract Tower,6,1,23,1,31,0,1,50,1,52,6,2,73,2,83,66,0,66,149
08/10/2020,EWN,NC,ASO,EN,Federal Contract Tower,4,5,23,0,32,0,0,47,0,47,4,5,70,0,79,92,0,92,171
08/11/2020,EWN,NC,ASO,EN,Federal Contract Tower,2,6,16,0,24,0,2,38,0,40,2,8,54,0,64,60,0,60,124
08/12/2020,EWN,NC,ASO,EN,Federal Contract Tower,2,6,27,2,37,0,1,52,0,53,2,7,79,2,90,38,0,38,128
08/13/2020,EWN,NC,ASO,EN,Federal Contract Tower,6,7,13,0,26,0,0,13,6,19,6,7,26,6,45,8,0,8,53
08/14/2020,EWN,NC,ASO,EN,Federal Contract Tower,7,6,13,0,26,0,2,26,8,36,7,8,39,8,62,40,0,40,102
08/15/2020,EWN,NC,ASO,EN,Federal Contract Tower,6,4,3,3,16,0,0,10,1,11,6,4,13,4,27,12,0,12,39
08/16/2020,EWN,NC,ASO,EN,Federal Contract Tower,6,2,8,0,16,0,0,10,0,10,6,2,18,0,26,36,0,36,62
08/17/2020,EWN,NC,ASO,EN,Federal Contract Tower,6,2,48,0,56,0,5,28,0,33,6,7,76,0,89,62,0,62,151
08/18/2020,EWN,NC,ASO,EN,Federal Contract Tower,4,8,29,0,41,0,2,71,0,73,4,10,100,0,114,124,0,124,238
08/19/2020,EWN,NC,ASO,EN,Federal Contract Tower,4,10,10,0,24,0,3,32,0,35,4,13,42,0,59,48,0,48,107
08/20/2020,EWN,NC,ASO,EN,Federal Contract Tower,8,7,25,2,42,0,2,21,0,23,8,9,46,2,65,14,0,14,79
08/21/2020,EWN,NC,ASO,EN,Federal Contract Tower,8,8,32,0,48,0,2,34,4,40,8,10,66,4,88,66,0,66,154
08/22/2020,EWN,NC,ASO,EN,Federal Contract Tower,8,3,18,0,29,0,11,39,12,62,8,14,57,12,91,42,0,42,133
08/23/2020,EWN,NC,ASO,EN,Federal Contract Tower,8,0,9,0,17,0,2,40,3,45,8,2,49,3,62,98,0,98,160
08/24/2020,EWN,NC,ASO,EN,Federal Contract Tower,8,2,15,2,27,0,2,39,1,42,8,4,54,3,69,70,0,70,139
08/25/2020,EWN,NC,ASO,EN,Federal Contract Tower,4,8,19,2,33,0,0,46,0,46,4,8,65,2,79,92,0,92,171
08/26/2020,EWN,NC,ASO,EN,Federal Contract Tower,4,7,29,0,40,0,5,66,0,71,4,12,95,0,111,92,0,92,203
08/27/2020,EWN,NC,ASO,EN,Federal Contract Tower,8,8,13,1,30,0,3,57,1,61,8,11,70,2,91,106,0,106,197
08/28/2020,EWN,NC,ASO,EN,Federal Contract Tower,8,6,8,0,22,0,9,57,4,70,8,15,65,4,92,66,8,74,166
08/29/2020,EWN,NC,ASO,EN,Federal Contract Tower,8,2,3,0,13,0,0,16,2,18,8,2,19,2,31,18,0,18,49
08/30/2020,EWN,NC,ASO,EN,Federal Contract Tower,8,2,20,0,30,0,4,53,3,60,8,6,73,3,90,56,0,56,146
08/31/2020,EWN,NC,ASO,EN,Federal Contract Tower,7,4,5,0,16,0,0,28,0,28,7,4,33,0,44,38,0,38,82
09/01/2020,EWN,NC,ASO,EN,Federal Contract Tower,4,6,5,2,17,0,0,52,0,52,4,6,57,2,69,40,0,40,109
09/02/2020,EWN,NC,ASO,EN,Federal Contract Tower,4,6,12,2,24,0,2,69,2,73,4,8,81,4,97,150,4,154,251
09/03/2020,EWN,NC,ASO,EN,Federal Contract Tower,8,12,18,4,42,0,5,77,0,82,8,17,95,4,124,160,0,160,284
09/04/2020,EWN,NC,ASO,EN,Federal Contract Tower,8,7,9,0,24,0,8,58,2,68,8,15,67,2,92,104,0,104,196
09/05/2020,EWN,NC,ASO,EN,Federal Contract Tower,6,2,9,0,17,0,4,49,0,53,6,6,58,0,70,48,0,48,118
09/06/2020,EWN,NC,ASO,EN,Federal Contract Tower,6,0,25,0,31,0,10,49,0,59,6,10,74,0,90,58,0,58,148
09/07/2020,EWN,NC,ASO,EN,Federal Contract Tower,4,1,17,0,22,0,3,36,0,39,4,4,53,0,61,167,0,167,228
09/08/2020,EWN,NC,ASO,EN,Federal Contract Tower,4,3,9,0,16,0,0,2,0,2,4,3,11,0,18,6,0,6,24
09/09/2020,EWN,NC,ASO,EN,Federal Contract Tower,8,6,5,4,23,0,0,4,5,9,8,6,9,9,32,18,0,18,50
09/10/2020,EWN,NC,ASO,EN,Federal Contract Tower,8,7,3,3,21,0,2,1,3,6,8,9,4,6,27,0,0,0,27
09/11/2020,EWN,NC,ASO,EN,Federal Contract Tower,7,4,1,1,13,0,0,9,6,15,7,4,10,7,28,18,0,18,46
09/12/2020,EWN,NC,ASO,EN,Federal Contract Tower,8,2,4,4,18,0,5,5,0,10,8,7,9,4,28,18,0,18,46
09/13/2020,EWN,NC,ASO,EN,Federal Contract Tower,8,0,15,1,24,0,0,31,0,31,8,0,46,1,55,48,0,48,103
09/14/2020,EWN,NC,ASO,EN,Federal Contract Tower,8,2,16,0,26,0,2,33,0,35,8,4,49,0,61,52,0,52,113
09/15/2020,EWN,NC,ASO,EN,Federal Contract Tower,8,6,16,4,34,0,1,68,4,73,8,7,84,8,107,74,0,74,181
09/16/2020,EWN,NC,ASO,EN,Federal Contract Tower,7,8,11,0,26,0,5,77,16,98,7,13,88,16,124,94,0,94,218
09/17/2020,EWN,NC,ASO,EN,Federal Contract Tower,8,6,2,1,17,0,0,3,0,3,8,6,5,1,20,0,0,0,20
09/18/2020,EWN,NC,ASO,EN,Federal Contract Tower,7,9,9,12,37,0,2,0,0,2,7,11,9,12,39,0,0,0,39
09/19/2020,EWN,NC,ASO,EN,Federal Contract Tower,8,4,22,4,38,0,1,29,20,50,8,5,51,24,88,54,0,54,142
09/20/2020,EWN,NC,ASO,EN,Federal Contract Tower,8,2,5,0,15,0,3,53,8,64,8,5,58,8,79,98,0,98,177
09/21/2020,EWN,NC,ASO,EN,Federal Contract Tower,8,2,5,1,16,0,4,48,1,53,8,6,53,2,69,68,4,72,141
09/22/2020,EWN,NC,ASO,EN,Federal Contract Tower,8,17,17,3,45,0,3,83,0,86,8,20,100,3,131,130,0,130,261
09/23/2020,EWN,NC,ASO,EN,Federal Contract Tower,8,6,6,0,20,0,4,68,0,72,8,10,74,0,92,106,2,108,200
09/24/2020,EWN,NC,ASO,EN,Federal Contract Tower,9,5,19,0,33,0,2,67,1,70,9,7,86,1,103,118,0,118,221
09/25/2020,EWN,NC,ASO,EN,Federal Contract Tower,8,7,7,9,31,0,5,35,1,41,8,12,42,10,72,104,0,104,176
09/26/2020,EWN,NC,ASO,EN,Federal Contract Tower,8,2,9,0,19,0,4,23,2,29,8,6,32,2,48,96,0,96,144
09/27/2020,EWN,NC,ASO,EN,Federal Contract Tower,8,0,36,2,46,0,1,32,0,33,8,1,68,2,79,44,0,44,123
09/28/2020,EWN,NC,ASO,EN,Federal Contract Tower,8,3,30,2,43,0,0,65,3,68,8,3,95,5,111,126,0,126,237
09/29/2020,EWN,NC,ASO,EN,Federal Contract Tower,8,5,1,2,16,0,0,4,1,5,8,5,5,3,21,24,0,24,45
09/30/2020,EWN,NC,ASO,EN,Federal Contract Tower,8,6,7,0,21,0,3,75,1,79,8,9,82,1,100,134,0,134,234
10/01/2020,EWN,NC,ASO,EN,Federal Contract Tower,8,7,9,0,24,0,7,85,0,92,8,14,94,0,116,158,0,158,274
10/02/2020,EWN,NC,ASO,EN,Federal Contract Tower,8,4,7,1,20,0,3,49,25,77,8,7,56,26,97,88,0,88,185
10/03/2020,EWN,NC,ASO,EN,Federal Contract Tower,8,2,3,2,15,0,5,49,12,66,8,7,52,14,81,112,0,112,193
10/04/2020,EWN,NC,ASO,EN,Federal Contract Tower,8,1,11,1,21,0,2,4,1,7,8,3,15,2,28,0,0,0,28
10/05/2020,EWN,NC,ASO,EN,Federal Contract Tower,8,3,22,1,34,0,5,62,1,68,8,8,84,2,102,102,0,102,204
10/06/2020,EWN,NC,ASO,EN,Federal Contract Tower,8,8,19,1,36,0,1,80,4,85,8,9,99,5,121,148,0,148,269
10/07/2020,EWN,NC,ASO,EN,Federal Contract Tower,7,7,22,0,36,0,1,58,0,59,7,8,80,0,95,84,0,84,179
10/08/2020,EWN,NC,ASO,EN,Federal Contract Tower,8,6,8,0,22,0,5,79,8,92,8,11,87,8,114,142,0,142,256
10/09/2020,EWN,NC,ASO,EN,Federal Contract Tower,8,6,4,0,18,0,5,52,1,58,8,11,56,1,76,76,0,76,152
10/10/2020,EWN,NC,ASO,EN,Federal Contract Tower,6,3,3,0,12,0,4,33,4,41,6,7,36,4,53,66,0,66,119
10/11/2020,EWN,NC,ASO,EN,Federal Contract Tower,8,1,2,0,11,0,0,4,0,4,8,1,6,0,15,2,0,2,17
10/12/2020,EWN,NC,ASO,EN,Federal Contract Tower,8,2,5,0,15,0,0,32,0,32,8,2,37,0,47,90,0,90,137
10/13/2020,EWN,NC,ASO,EN,Federal Contract Tower,8,6,12,0,26,0,0,44,0,44,8,6,56,0,70,106,0,106,176
10/14/2020,EWN,NC,ASO,EN,Federal Contract Tower,8,6,18,4,36,0,0,62,0,62,8,6,80,4,98,130,0,130,228
10/15/2020,EWN,NC,ASO,EN,Federal Contract Tower,7,6,26,0,39,0,2,44,0,46,7,8,70,0,85,152,0,152,237
10/16/2020,EWN,NC,ASO,EN,Federal Contract Tower,8,5,17,4,34,0,0,15,0,15,8,5,32,4,49,28,0,28,77
10/17/2020,EWN,NC,ASO,EN,Federal Contract Tower,6,2,25,4,37,0,4,57,2,63,6,6,82,6,100,54,0,54,154
10/18/2020,EWN,NC,ASO,EN,Federal Contract Tower,8,0,14,3,25,0,0,46,8,54,8,0,60,11,79,66,0,66,145
10/19/2020,EWN,NC,ASO,EN,Federal Contract Tower,8,5,34,8,55,0,0,64,0,64,8,5,98,8,119,90,0,90,209
10/20/2020,EWN,NC,ASO,EN,Federal Contract Tower,8,6,30,2,46,0,2,34,0,36,8,8,64,2,82,42,0,42,124
10/21/2020,EWN,NC,ASO,EN,Federal Contract Tower,8,4,9,0,21,0,3,53,6,62,8,7,62,6,83,94,0,94,177
10/22/2020,EWN,NC,ASO,EN,Federal Contract Tower,9,6,9,9,33,0,2,58,0,60,9,8,67,9,93,96,0,96,189
10/23/2020,EWN,NC,ASO,EN,Federal Contract Tower,8,8,19,4,39,0,14,58,14,86,8,22,77,18,125,84,36,120,245
10/24/2020,EWN,NC,ASO,EN,Federal Contract Tower,6,2,11,0,19,0,2,57,20,79,6,4,68,20,98,24,0,24,122
10/25/2020,EWN,NC,ASO,EN,Federal Contract Tower,8,0,10,2,20,0,0,0,0,0,8,0,10,2,20,0,0,0,20
10/26/2020,EWN,NC,ASO,EN,Federal Contract Tower,8,2,15,1,26,0,0,19,0,19,8,2,34,1,45,76,0,76,121
10/27/2020,EWN,NC,ASO,EN,Federal Contract Tower,8,6,15,0,29,0,0,31,0,31,8,6,46,0,60,66,0,66,126
10/28/2020,EWN,NC,ASO,EN,Federal Contract Tower,8,6,8,0,22,0,2,57,0,59,8,8,65,0,81,124,0,124,205
10/29/2020,EWN,NC,ASO,EN,Federal Contract Tower,8,7,4,15,34,0,0,4,6,10,8,7,8,21,44,0,0,0,44
10/30/2020,EWN,NC,ASO,EN,Federal Contract Tower,8,6,6,3,23,0,10,24,21,55,8,16,30,24,78,76,6,82,160
10/31/2020,EWN,NC,ASO,EN,Federal Contract Tower,3,2,16,4,25,0,6,53,10,69,3,8,69,14,94,30,0,30,124
11/01/2020,EWN,NC,ASO,EN,Federal Contract Tower,6,0,4,1,11,0,4,7,7,18,6,4,11,8,29,0,6,6,35
11/02/2020,EWN,NC,ASO,EN,Federal Contract Tower,8,3,3,4,18,0,2,22,1,25,8,5,25,5,43,0,0,0,43
11/03/2020,EWN,NC,ASO,EN,Federal Contract Tower,8,5,24,0,37,0,4,26,0,30,8,9,50,0,67,0,0,0,67
11/04/2020,EWN,NC,ASO,EN,Federal Contract Tower,6,7,16,7,36,0,3,18,2,23,6,10,34,9,59,32,2,34,93
11/05/2020,EWN,NC,ASO,EN,Federal Contract Tower,8,6,10,3,27,0,10,37,4,51,8,16,47,7,78,38,10,48,126
11/06/2020,EWN,NC,ASO,EN,Federal Contract Tower,8,4,18,6,36,0,6,12,5,23,8,10,30,11,59,30,22,52,111
11/07/2020,EWN,NC,ASO,EN,Federal Contract Tower,8,4,9,0,21,0,3,34,6,43,8,7,43,6,64,46,0,46,110
11/08/2020,EWN,NC,ASO,EN,Federal Contract Tower,8,2,17,2,29,0,1,36,1,38,8,3,53,3,67,6,0,6,73
11/09/2020,EWN,NC,ASO,EN,Federal Contract Tower,8,2,17,0,27,0,0,35,0,35,8,2,52,0,62,102,0,102,164
11/10/2020,EWN,NC,ASO,EN,Federal Contract Tower,7,8,19,14,48,0,1,33,8,42,7,9,52,22,90,70,18,88,178
11/11/2020,EWN,NC,ASO,EN,Federal Contract Tower,6,6,16,14,42,0,0,20,25,45,6,6,36,39,87,20,0,20,107
11/12/2020,EWN,NC,ASO,EN,Federal Contract Tower,10,7,5,2,24,0,0,0,0,0,10,7,5,2,24,0,0,0,24
11/13/2020,EWN,NC,ASO,EN,Federal Contract Tower,8,6,9,12,35,0,0,0,4,4,8,6,9,16,39,0,0,0,39
11/14/2020,EWN,NC,ASO,EN,Federal Contract Tower,8,2,16,2,28,0,6,48,41,95,8,8,64,43,123,112,0,112,235
11/15/2020,EWN,NC,ASO,EN,Federal Contract Tower,8,2,6,1,17,0,0,19,19,38,8,2,25,20,55,46,0,46,101
11/16/2020,EWN,NC,ASO,EN,Federal Contract Tower,8,2,11,0,21,0,6,52,2,60,8,8,63,2,81,156,18,174,255
11/17/2020,EWN,NC,ASO,EN,Federal Contract Tower,5,7,7,0,19,0,3,38,0,41,5,10,45,0,60,126,0,126,186
11/18/2020,EWN,NC,ASO,EN,Federal Contract Tower,7,7,12,2,28,0,3,34,2,39,7,10,46,4,67,98,0,98,165
11/19/2020,EWN,NC,ASO,EN,Federal Contract Tower,9,4,6,0,19,0,3,55,2,60,9,7,61,2,79,84,0,84,163
11/20/2020,EWN,NC,ASO,EN,Federal Contract Tower,8,4,13,0,25,0,2,62,14,78,8,6,75,14,103,118,0,118,221
11/21/2020,EWN,NC,ASO,EN,Federal Contract Tower,8,2,3,0,13,0,4,55,15,74,8,6,58,15,87,144,0,144,231
11/22/2020,EWN,NC,ASO,EN,Federal Contract Tower,8,0,9,5,22,0,0,38,3,41,8,0,47,8,63,80,6,86,149
11/23/2020,EWN,NC,ASO,EN,Federal Contract Tower,6,2,30,5,43,0,1,32,1,34,6,3,62,6,77,40,0,40,117
11/24/2020,EWN,NC,ASO,EN,Federal Contract Tower,7,8,26,1,42,0,4,49,2,55,7,12,75,3,97,48,0,48,145
11/25/2020,EWN,NC,ASO,EN,Federal Contract Tower,8,4,11,0,23,0,4,43,0,47,8,8,54,0,70,82,0,82,152
11/26/2020,EWN,NC,ASO,EN,Federal Contract Tower,0,0,6,0,6,0,2,9,0,11,0,2,15,0,17,18,0,18,35
11/27/2020,EWN,NC,ASO,EN,Federal Contract Tower,6,8,4,0,18,0,5,14,0,19,6,13,18,0,37,40,0,40,77
11/28/2020,EWN,NC,ASO,EN,Federal Contract Tower,8,3,27,0,38,0,2,40,0,42,8,5,67,0,80,116,0,116,196
11/29/2020,EWN,NC,ASO,EN,Federal Contract Tower,8,3,11,0,22,0,2,34,0,36,8,5,45,0,58,36,0,36,94
11/30/2020,EWN,NC,ASO,EN,Federal Contract Tower,7,5,4,2,18,0,6,12,0,18,7,11,16,2,36,12,0,12,48
12/01/2020,EWN,NC,ASO,EN,Federal Contract Tower,9,7,15,0,31,0,1,27,0,28,9,8,42,0,59,78,0,78,137
12/02/2020,EWN,NC,ASO,EN,Federal Contract Tower,6,6,13,0,25,0,2,53,6,61,6,8,66,6,86,70,0,70,156
12/03/2020,EWN,NC,ASO,EN,Federal Contract Tower,8,6,10,2,26,0,2,53,0,55,8,8,63,2,81,66,0,66,147
12/04/2020,EWN,NC,ASO,EN,Federal Contract Tower,8,8,5,4,25,0,5,37,12,54,8,13,42,16,79,58,0,58,137
12/05/2020,EWN,NC,ASO,EN,Federal Contract Tower,8,2,2,0,12,0,2,61,20,83,8,4,63,20,95,46,0,46,141
12/06/2020,EWN,NC,ASO,EN,Federal Contract Tower,8,4,26,0,38,0,0,49,4,53,8,4,75,4,91,84,0,84,175
12/07/2020,EWN,NC,ASO,EN,Federal Contract Tower,8,3,11,0,22,0,0,5,0,5,8,3,16,0,27,40,0,40,67
12/08/2020,EWN,NC,ASO,EN,Federal Contract Tower,5,7,3,0,15,0,0,30,0,30,5,7,33,0,45,56,0,56,101
12/09/2020,EWN,NC,ASO,EN,Federal Contract Tower,6,6,13,2,27,0,0,37,2,39,6,6,50,4,66,84,0,84,150
12/10/2020,EWN,NC,ASO,EN,Federal Contract Tower,8,3,20,0,31,0,0,45,0,45,8,3,65,0,76,72,0,72,148
12/11/2020,EWN,NC,ASO,EN,Federal Contract Tower,8,8,4,2,22,0,11,38,11,60,8,19,42,13,82,78,0,78,160
12/12/2020,EWN,NC,ASO,EN,Federal Contract Tower,6,2,19,0,27,0,3,27,4,34,6,5,46,4,61,100,0,100,161
12/13/2020,EWN,NC,ASO,EN,Federal Contract Tower,7,0,14,0,21,0,0,20,8,28,7,0,34,8,49,32,0,32,81
12/14/2020,EWN,NC,ASO,EN,Federal Contract Tower,7,2,4,0,13,0,1,2,0,3,7,3,6,0,16,0,0,0,16
12/15/2020,EWN,NC,ASO,EN,Federal Contract Tower,5,16,18,0,39,0,0,43,4,47,5,16,61,4,86,48,0,48,134
12/16/2020,EWN,NC,ASO,EN,Federal Contract Tower,10,8,10,1,29,0,0,2,0,2,10,8,12,1,31,0,0,0,31
12/17/2020,EWN,NC,ASO,EN,Federal Contract Tower,6,7,11,12,36,0,1,12,1,14,6,8,23,13,50,30,0,30,80
12/18/2020,EWN,NC,ASO,EN,Federal Contract Tower,6,7,9,6,28,0,8,42,32,82,6,15,51,38,110,56,4,60,170
12/19/2020,EWN,NC,ASO,EN,Federal Contract Tower,6,1,4,2,13,0,4,55,29,88,6,5,59,31,101,88,0,88,189
12/20/2020,EWN,NC,ASO,EN,Federal Contract Tower,6,2,0,1,9,0,0,2,1,3,6,2,2,2,12,4,0,4,16
12/21/2020,EWN,NC,ASO,EN,Federal Contract Tower,8,2,7,2,19,0,0,11,0,11,8,2,18,2,30,44,0,44,74
12/22/2020,EWN,NC,ASO,EN,Federal Contract Tower,6,4,18,2,30,0,2,41,14,57,6,6,59,16,87,60,0,60,147
12/23/2020,EWN,NC,ASO,EN,Federal Contract Tower,5,17,8,2,32,0,6,55,2,63,5,23,63,4,95,108,0,108,203
12/24/2020,EWN,NC,ASO,EN,Federal Contract Tower,4,7,4,0,15,0,0,2,0,2,4,7,6,0,17,0,0,0,17
12/25/2020,EWN,NC,ASO,EN,Federal Contract Tower,4,0,2,0,6,0,2,1,0,3,4,2,3,0,9,0,0,0,9
12/26/2020,EWN,NC,ASO,EN,Federal Contract Tower,6,2,3,0,11,0,8,24,0,32,6,10,27,0,43,18,0,18,61
12/27/2020,EWN,NC,ASO,EN,Federal Contract Tower,6,1,7,0,14,0,0,44,0,44,6,1,51,0,58,94,0,94,152
12/28/2020,EWN,NC,ASO,EN,Federal Contract Tower,6,3,6,0,15,0,0,40,0,40,6,3,46,0,55,80,0,80,135
12/29/2020,EWN,NC,ASO,EN,Federal Contract Tower,6,8,9,5,28,0,1,38,2,41,6,9,47,7,69,86,0,86,155
12/30/2020,EWN,NC,ASO,EN,Federal Contract Tower,6,7,16,0,29,0,1,50,0,51,6,8,66,0,80,116,0,116,196
12/31/2020,EWN,NC,ASO,EN,Federal Contract Tower,4,5,0,0,9,0,0,4,0,4,4,5,4,0,13,6,0,6,19
01/01/2021,EWN,NC,ASO,EN,Federal Contract Tower,4,3,4,0,11,0,0,2,0,2,4,3,6,0,13,8,0,8,21
01/02/2021,EWN,NC,ASO,EN,Federal Contract Tower,5,2,11,0,18,0,0,0,0,0,5,2,11,0,18,0,0,0,18
01/03/2021,EWN,NC,ASO,EN,Federal Contract Tower,6,0,8,0,14,0,0,26,0,26,6,0,34,0,40,92,0,92,132
01/04/2021,EWN,NC,ASO,EN,Federal Contract Tower,6,2,12,4,24,0,2,37,0,39,6,4,49,4,63,80,0,80,143
01/05/2021,EWN,NC,ASO,EN,Federal Contract Tower,4,7,11,0,22,0,2,38,0,40,4,9,49,0,62,90,0,90,152
01/06/2021,EWN,NC,ASO,EN,Federal Contract Tower,4,6,22,2,34,0,2,37,0,39,4,8,59,2,73,44,0,44,117
01/07/2021,EWN,NC,ASO,EN,Federal Contract Tower,7,8,20,2,37,0,2,47,0,49,7,10,67,2,86,70,0,70,156
01/08/2021,EWN,NC,ASO,EN,Federal Contract Tower,6,5,7,7,25,0,0,1,1,2,6,5,8,8,27,0,0,0,27
01/09/2021,EWN,NC,ASO,EN,Federal Contract Tower,4,3,0,0,7,0,9,33,24,66,4,12,33,24,73,100,0,100,173
01/10/2021,EWN,NC,ASO,EN,Federal Contract Tower,6,0,2,0,8,0,6,51,8,65,6,6,53,8,73,98,0,98,171
01/11/2021,EWN,NC,ASO,EN,Federal Contract Tower,8,5,18,0,31,0,0,32,0,32,8,5,50,0,63,32,0,32,95
01/12/2021,EWN,NC,ASO,EN,Federal Contract Tower,3,4,11,2,20,0,0,2,0,2,3,4,13,2,22,12,0,12,34
01/13/2021,EWN,NC,ASO,EN,Federal Contract Tower,5,5,5,0,15,0,9,44,0,53,5,14,49,0,68,98,4,102,170
01/14/2021,EWN,NC,ASO,EN,Federal Contract Tower,5,8,6,0,19,0,0,24,0,24,5,8,30,0,43,72,0,72,115
01/15/2021,EWN,NC,ASO,EN,Federal Contract Tower,6,6,9,4,25,0,4,43,8,55,6,10,52,12,80,92,0,92,172
01/16/2021,EWN,NC,ASO,EN,Federal Contract Tower,4,3,1,0,8,0,3,23,5,31,4,6,24,5,39,36,0,36,75
01/17/2021,EWN,NC,ASO,EN,Federal Contract Tower,5,0,0,0,5,0,4,55,1,60,5,4,55,1,65,80,0,80,145
01/18/2021,EWN,NC,ASO,EN,Federal Contract Tower,6,3,8,1,18,0,0,40,1,41,6,3,48,2,59,68,0,68,127
01/19/2021,EWN,NC,ASO,EN,Federal Contract Tower,4,15,9,4,32,0,4,59,0,63,4,19,68,4,95,122,0,122,217
01/20/2021,EWN,NC,ASO,EN,Federal Contract Tower,4,7,6,0,17,0,0,49,0,49,4,7,55,0,66,40,0,40,106
01/21/2021,EWN,NC,ASO,EN,Federal Contract Tower,5,6,11,2,24,0,0,51,0,51,5,6,62,2,75,54,0,54,129
01/22/2021,EWN,NC,ASO,EN,Federal Contract Tower,6,5,10,2,23,0,6,57,13,76,6,11,67,15,99,62,0,62,161
01/23/2021,EWN,NC,ASO,EN,Federal Contract Tower,4,2,5,0,11,0,7,63,18,88,4,9,68,18,99,56,0,56,155
01/24/2021,EWN,NC,ASO,EN,Federal Contract Tower,6,0,12,0,18,0,4,52,5,61,6,4,64,5,79,42,0,42,121
01/25/2021,EWN,NC,ASO,EN,Federal Contract Tower,6,2,6,0,14,0,0,0,0,0,6,2,6,0,14,0,0,0,14
01/26/2021,EWN,NC,ASO,EN,Federal Contract Tower,4,7,4,0,15,0,0,0,0,0,4,7,4,0,15,0,0,0,15
01/27/2021,EWN,NC,ASO,EN,Federal Contract Tower,4,5,14,0,23,0,1,2,0,3,4,6,16,0,26,0,0,0,26
01/28/2021,EWN,NC,ASO,EN,Federal Contract Tower,3,6,8,0,17,0,4,4,0,8,3,10,12,0,25,0,28,28,53
01/29/2021,EWN,NC,ASO,EN,Federal Contract Tower,6,6,11,6,29,0,6,48,8,62,6,12,59,14,91,76,0,76,167
01/30/2021,EWN,NC,ASO,EN,Federal Contract Tower,4,2,3,2,11,0,3,62,10,75,4,5,65,12,86,118,10,128,214
01/31/2021,EWN,NC,ASO,EN,Federal Contract Tower,4,0,2,3,9,0,0,0,2,2,4,0,2,5,11,0,0,0,11
02/01/2021,EWN,NC,ASO,EN,Federal Contract Tower,6,2,0,4,12,0,0,0,0,0,6,2,0,4,12,0,0,0,12
02/02/2021,EWN,NC,ASO,EN,Federal Contract Tower,3,6,15,1,25,0,0,31,0,31,3,6,46,1,56,44,8,52,108
02/03/2021,EWN,NC,ASO,EN,Federal Contract Tower,4,6,10,0,20,0,4,45,0,49,4,10,55,0,69,90,0,90,159
02/04/2021,EWN,NC,ASO,EN,Federal Contract Tower,6,6,13,5,30,0,1,58,2,61,6,7,71,7,91,150,0,150,241
02/05/2021,EWN,NC,ASO,EN,Federal Contract Tower,6,6,6,7,25,0,0,4,0,4,6,6,10,7,29,4,0,4,33
02/06/2021,EWN,NC,ASO,EN,Federal Contract Tower,4,2,10,2,18,0,1,40,13,54,4,3,50,15,72,86,0,86,158
02/07/2021,EWN,NC,ASO,EN,Federal Contract Tower,6,0,3,4,13,0,0,5,0,5,6,0,8,4,18,0,0,0,18
02/08/2021,EWN,NC,ASO,EN,Federal Contract Tower,6,4,9,2,21,0,2,44,0,46,6,6,53,2,67,114,0,114,181
02/09/2021,EWN,NC,ASO,EN,Federal Contract Tower,4,6,17,4,31,0,0,40,0,40,4,6,57,4,71,140,0,140,211
02/10/2021,EWN,NC,ASO,EN,Federal Contract Tower,3,8,23,6,40,0,1,54,2,57,3,9,77,8,97,86,2,88,185
02/11/2021,EWN,NC,ASO,EN,Federal Contract Tower,6,6,10,2,24,0,0,0,0,0,6,6,10,2,24,0,0,0,24
02/12/2021,EWN,NC,ASO,EN,Federal Contract Tower,5,5,5,0,15,0,0,0,0,0,5,5,5,0,15,0,0,0,15
02/13/2021,EWN,NC,ASO,EN,Federal Contract Tower,4,2,2,0,8,0,0,0,0,0,4,2,2,0,8,0,0,0,8
02/14/2021,EWN,NC,ASO,EN,Federal Contract Tower,6,0,3,0,9,0,0,0,0,0,6,0,3,0,9,0,0,0,9
02/15/2021,EWN,NC,ASO,EN,Federal Contract Tower,5,1,2,0,8,0,0,0,0,0,5,1,2,0,8,0,0,0,8
02/16/2021,EWN,NC,ASO,EN,Federal Contract Tower,6,7,15,4,32,0,1,27,0,28,6,8,42,4,60,20,0,20,80
02/17/2021,EWN,NC,ASO,EN,Federal Contract Tower,4,7,26,0,37,0,3,66,2,71,4,10,92,2,108,120,0,120,228
02/18/2021,EWN,NC,ASO,EN,Federal Contract Tower,6,5,0,0,11,0,0,0,0,0,6,5,0,0,11,0,0,0,11
02/19/2021,EWN,NC,ASO,EN,Federal Contract Tower,6,6,4,6,22,0,0,0,0,0,6,6,4,6,22,0,0,0,22
02/20/2021,EWN,NC,ASO,EN,Federal Contract Tower,3,2,15,0,20,0,13,35,32,80,3,15,50,32,100,94,0,94,194
02/21/2021,EWN,NC,ASO,EN,Federal Contract Tower,3,6,16,2,27,0,2,42,14,58,3,8,58,16,85,102,0,102,187
02/22/2021,EWN,NC,ASO,EN,Federal Contract Tower,6,2,3,6,17,0,0,9,0,9,6,2,12,6,26,0,0,0,26
02/23/2021,EWN,NC,ASO,EN,Federal Contract Tower,4,5,18,4,31,0,0,56,0,56,4,5,74,4,87,70,0,70,157
02/24/2021,EWN,NC,ASO,EN,Federal Contract Tower,5,4,25,4,38,0,0,71,0,71,5,4,96,4,109,140,0,140,249
02/25/2021,EWN,NC,ASO,EN,Federal Contract Tower,6,8,12,4,30,0,5,64,6,75,6,13,76,10,105,142,0,142,247
02/26/2021,EWN,NC,ASO,EN,Federal Contract Tower,5,6,16,12,39,0,10,23,12,45,5,16,39,24,84,34,0,34,118
02/27/2021,EWN,NC,ASO,EN,Federal Contract Tower,4,2,5,0,11,0,2,25,20,47,4,4,30,20,58,56,0,56,114
02/28/2021,EWN,NC,ASO,EN,Federal Contract Tower,6,0,13,0,19,0,1,11,2,14,6,1,24,2,33,10,0,10,43
03/01/2021,EWN,NC,ASO,EN,Federal Contract Tower,6,2,6,0,14,0,0,17,0,17,6,2,23,0,31,50,0,50,81
03/02/2021,EWN,NC,ASO,EN,Federal Contract Tower,4,7,22,4,37,0,3,45,0,48,4,10,67,4,85,100,2,102,187
03/03/2021,EWN,NC,ASO,EN,Federal Contract Tower,4,6,17,4,31,0,1,33,0,34,4,7,50,4,65,62,0,62,127
03/04/2021,EWN,NC,ASO,EN,Federal Contract Tower,4,7,10,0,21,0,2,72,11,85,4,9,82,11,106,160,0,160,266
03/05/2021,EWN,NC,ASO,EN,Federal Contract Tower,4,8,13,0,25,0,1,36,21,58,4,9,49,21,83,36,0,36,119
03/06/2021,EWN,NC,ASO,EN,Federal Contract Tower,4,3,7,0,14,0,5,56,16,77,4,8,63,16,91,70,0,70,161
03/07/2021,EWN,NC,ASO,EN,Federal Contract Tower,3,1,20,0,24,0,1,51,3,55,3,2,71,3,79,58,0,58,137
03/08/2021,EWN,NC,ASO,EN,Federal Contract Tower,4,15,6,2,27,0,4,64,0,68,4,19,70,2,95,132,4,136,231
03/09/2021,EWN,NC,ASO,EN,Federal Contract Tower,3,4,18,0,25,0,5,50,4,59,3,9,68,4,84,80,0,80,164
03/10/2021,EWN,NC,ASO,EN,Federal Contract Tower,3,10,14,4,31,0,5,56,0,61,3,15,70,4,92,144,4,148,240
03/11/2021,EWN,NC,ASO,EN,Federal Contract Tower,3,14,12,4,33,0,6,54,6,66,3,20,66,10,99,78,0,78,177
03/12/2021,EWN,NC,ASO,EN,Federal Contract Tower,4,6,18,0,28,0,5,52,20,77,4,11,70,20,105,106,0,106,211
03/13/2021,EWN,NC,ASO,EN,Federal Contract Tower,4,4,7,0,15,0,5,15,14,34,4,9,22,14,49,46,0,46,95
03/14/2021,EWN,NC,ASO,EN,Federal Contract Tower,3,0,13,0,16,0,1,44,4,49,3,1,57,4,65,52,0,52,117
03/15/2021,EWN,NC,ASO,EN,Federal Contract Tower,4,2,15,2,23,0,2,35,2,39,4,4,50,4,62,132,0,132,194
03/16/2021,EWN,NC,ASO,EN,Federal Contract Tower,3,6,3,0,12,0,0,0,0,0,3,6,3,0,12,0,0,0,12
03/17/2021,EWN,NC,ASO,EN,Federal Contract Tower,3,6,30,3,42,0,0,1,0,1,3,6,31,3,43,0,0,0,43
03/18/2021,EWN,NC,ASO,EN,Federal Contract Tower,4,5,1,0,10,0,0,1,0,1,4,5,2,0,11,0,0,0,11
03/19/2021,EWN,NC,ASO,EN,Federal Contract Tower,3,6,5,7,21,0,1,1,0,2,3,7,6,7,23,0,2,2,25
03/20/2021,EWN,NC,ASO,EN,Federal Contract Tower,4,2,11,2,19,0,6,21,16,43,4,8,32,18,62,56,0,56,118
03/21/2021,EWN,NC,ASO,EN,Federal Contract Tower,3,0,6,0,9,0,10,12,6,28,3,10,18,6,37,2,0,2,39
03/22/2021,EWN,NC,ASO,EN,Federal Contract Tower,4,2,13,0,19,0,3,6,1,10,4,5,19,1,29,2,0,2,31
03/23/2021,EWN,NC,ASO,EN,Federal Contract Tower,3,4,19,2,28,0,0,1,2,3,3,4,20,4,31,2,0,2,33
03/24/2021,EWN,NC,ASO,EN,Federal Contract Tower,3,7,25,0,35,0,0,18,2,20,3,7,43,2,55,60,0,60,115
03/25/2021,EWN,NC,ASO,EN,Federal Contract Tower,4,5,16,0,25,0,0,49,0,49,4,5,65,0,74,126,0,126,200
03/26/2021,EWN,NC,ASO,EN,Federal Contract Tower,4,6,26,2,38,0,3,27,21,51,4,9,53,23,89,74,0,74,163
03/27/2021,EWN,NC,ASO,EN,Federal Contract Tower,6,2,15,0,23,0,0,38,22,60,6,2,53,22,83,114,0,114,197
03/28/2021,EWN,NC,ASO,EN,Federal Contract Tower,3,0,5,0,8,0,0,11,9,20,3,0,16,9,28,10,0,10,38
03/29/2021,EWN,NC,ASO,EN,Federal Contract Tower,4,4,30,0,38,0,0,72,4,76,4,4,102,4,114,174,0,174,288
03/30/2021,EWN,NC,ASO,EN,Federal Contract Tower,3,7,13,28,51,0,1,64,2,67,3,8,77,30,118,132,8,140,258
03/31/2021,EWN,NC,ASO,EN,Federal Contract Tower,3,6,7,0,16,0,0,22,0,22,3,6,29,0,38,66,0,66,104
04/01/2021,EWN,NC,ASO,EN,Federal Contract Tower,4,6,2,0,12,0,0,5,0,5,4,6,7,0,17,12,0,12,29
04/02/2021,EWN,NC,ASO,EN,Federal Contract Tower,8,6,17,0,31,0,2,25,0,27,8,8,42,0,58,28,0,28,86
04/03/2021,EWN,NC,ASO,EN,Federal Contract Tower,8,3,14,0,25,0,3,45,4,52,8,6,59,4,77,66,14,80,157
04/04/2021,EWN,NC,ASO,EN,Federal Contract Tower,9,1,6,0,16,0,4,34,0,38,9,5,40,0,54,48,0,48,102
04/05/2021,EWN,NC,ASO,EN,Federal Contract Tower,9,2,15,0,26,0,1,52,0,53,9,3,67,0,79,134,0,134,213
04/06/2021,EWN,NC,ASO,EN,Federal Contract Tower,9,6,19,0,34,0,2,58,0,60,9,8,77,0,94,102,0,102,196
04/07/2021,EWN,NC,ASO,EN,Federal Contract Tower,9,6,20,0,35,0,3,64,0,67,9,9,84,0,102,126,0,126,228
04/08/2021,EWN,NC,ASO,EN,Federal Contract Tower,9,5,6,0,20,0,6,69,2,77,9,11,75,2,97,58,0,58,155
04/09/2021,EWN,NC,ASO,EN,Federal Contract Tower,9,6,11,2,28,0,9,66,0,75,9,15,77,2,103,88,4,92,195
04/10/2021,EWN,NC,ASO,EN,Federal Contract Tower,8,3,11,0,22,0,4,38,1,43,8,7,49,1,65,122,0,122,187
04/11/2021,EWN,NC,ASO,EN,Federal Contract Tower,9,1,4,0,14,0,0,35,0,35,9,1,39,0,49,44,0,44,93
04/12/2021,EWN,NC,ASO,EN,Federal Contract Tower,9,2,12,0,23,0,14,89,0,103,9,16,101,0,126,104,0,104,230
04/13/2021,EWN,NC,ASO,EN,Federal Contract Tower,8,6,17,2,33,0,10,59,4,73,8,16,76,6,106,110,0,110,216
04/14/2021,EWN,NC,ASO,EN,Federal Contract Tower,7,22,7,2,38,0,51,64,4,119,7,73,71,6,157,104,0,104,261
04/15/2021,EWN,NC,ASO,EN,Federal Contract Tower,9,5,16,4,34,0,31,44,10,85,9,36,60,14,119,84,0,84,203
04/16/2021,EWN,NC,ASO,EN,Federal Contract Tower,9,18,17,0,44,0,23,47,9,79,9,41,64,9,123,86,0,86,209
04/17/2021,EWN,NC,ASO,EN,Federal Contract Tower,9,11,11,0,31,0,11,49,5,65,9,22,60,5,96,156,0,156,252
04/18/2021,EWN,NC,ASO,EN,Federal Contract Tower,9,0,8,0,17,0,4,42,2,48,9,4,50,2,65,28,0,28,93
04/19/2021,EWN,NC,ASO,EN,Federal Contract Tower,9,2,8,2,21,0,1,22,1,24,9,3,30,3,45,72,0,72,117
04/20/2021,EWN,NC,ASO,EN,Federal Contract Tower,8,4,12,4,28,0,1,44,5,50,8,5,56,9,78,52,0,52,130
04/21/2021,EWN,NC,ASO,EN,Federal Contract Tower,8,7,10,4,29,0,2,37,5,44,8,9,47,9,73,54,2,56,129
04/22/2021,EWN,NC,ASO,EN,Federal Contract Tower,9,6,17,0,32,0,5,61,4,70,9,11,78,4,102,100,0,100,202
04/23/2021,EWN,NC,ASO,EN,Federal Contract Tower,9,6,17,2,34,0,6,74,8,88,9,12,91,10,122,94,0,94,216
04/24/2021,EWN,NC,ASO,EN,Federal Contract Tower,9,4,2,2,17,0,0,24,8,32,9,4,26,10,49,4,0,4,53
04/25/2021,EWN,NC,ASO,EN,Federal Contract Tower,9,0,4,0,13,0,5,9,0,14,9,5,13,0,27,0,0,0,27
04/26/2021,EWN,NC,ASO,EN,Federal Contract Tower,8,2,18,2,30,0,2,58,4,64,8,4,76,6,94,110,0,110,204
04/27/2021,EWN,NC,ASO,EN,Federal Contract Tower,9,6,5,0,20,0,2,42,5,49,9,8,47,5,69,92,0,92,161
04/28/2021,EWN,NC,ASO,EN,Federal Contract Tower,9,6,14,2,31,0,3,47,1,51,9,9,61,3,82,94,0,94,176
04/29/2021,EWN,NC,ASO,EN,Federal Contract Tower,9,6,12,0,27,0,3,38,2,43,9,9,50,2,70,46,0,46,116
04/30/2021,EWN,NC,ASO,EN,Federal Contract Tower,9,9,3,2,23,0,4,29,4,37,9,13,32,6,60,24,0,24,84
05/01/2021,EWN,NC,ASO,EN,Federal Contract Tower,9,2,11,0,22,0,3,44,0,47,9,5,55,0,69,88,0,88,157
05/02/2021,EWN,NC,ASO,EN,Federal Contract Tower,9,4,24,0,37,0,0,48,0,48,9,4,72,0,85,68,0,68,153
05/03/2021,EWN,NC,ASO,EN,Federal Contract Tower,9,2,6,1,18,0,1,23,5,29,9,3,29,6,47,94,0,94,141
05/04/2021,EWN,NC,ASO,EN,Federal Contract Tower,8,8,15,0,31,0,3,50,16,69,8,11,65,16,100,28,0,28,128
05/05/2021,EWN,NC,ASO,EN,Federal Contract Tower,8,7,11,2,28,0,2,43,6,51,8,9,54,8,79,146,0,146,225
05/06/2021,EWN,NC,ASO,EN,Federal Contract Tower,9,5,12,1,27,0,1,49,10,60,9,6,61,11,87,166,10,176,263
05/07/2021,EWN,NC,ASO,EN,Federal Contract Tower,12,7,4,0,23,0,3,31,6,40,12,10,35,6,63,88,0,88,151
05/08/2021,EWN,NC,ASO,EN,Federal Contract Tower,9,2,11,0,22,0,7,39,6,52,9,9,50,6,74,52,0,52,126
05/09/2021,EWN,NC,ASO,EN,Federal Contract Tower,9,0,5,0,14,0,5,28,3,36,9,5,33,3,50,10,0,10,60
05/10/2021,EWN,NC,ASO,EN,Federal Contract Tower,9,3,1,6,19,0,2,28,0,30,9,5,29,6,49,82,0,82,131
05/11/2021,EWN,NC,ASO,EN,Federal Contract Tower,8,6,11,18,43,0,3,68,10,81,8,9,79,28,124,138,0,138,262
05/12/2021,EWN,NC,ASO,EN,Federal Contract Tower,9,11,10,11,41,0,0,10,0,10,9,11,20,11,51,20,0,20,71
05/13/2021,EWN,NC,ASO,EN,Federal Contract Tower,9,7,20,0,36,0,1,41,6,48,9,8,61,6,84,64,0,64,148
05/14/2021,EWN,NC,ASO,EN,Federal Contract Tower,8,4,13,2,27,0,3,68,11,82,8,7,81,13,109,90,0,90,199
05/15/2021,EWN,NC,ASO,EN,Federal Contract Tower,9,1,7,0,17,0,3,44,10,57,9,4,51,10,74,110,0,110,184
05/16/2021,EWN,NC,ASO,EN,Federal Contract Tower,9,3,10,0,22,0,0,35,2,37,9,3,45,2,59,50,0,50,109
05/17/2021,EWN,NC,ASO,EN,Federal Contract Tower,9,2,17,2,30,0,2,54,0,56,9,4,71,2,86,108,0,108,194
05/18/2021,EWN,NC,ASO,EN,Federal Contract Tower,9,6,17,4,36,0,6,69,2,77,9,12,86,6,113,62,0,62,175
05/19/2021,EWN,NC,ASO,EN,Federal Contract Tower,9,6,12,2,29,0,8,133,2,143,9,14,145,4,172,92,0,92,264
05/20/2021,EWN,NC,ASO,EN,Federal Contract Tower,8,9,23,2,42,0,3,149,0,152,8,12,172,2,194,132,0,132,326
05/21/2021,EWN,NC,ASO,EN,Federal Contract Tower,9,7,13,0,29,0,6,45,23,74,9,13,58,23,103,148,0,148,251
05/22/2021,EWN,NC,ASO,EN,Federal Contract Tower,11,4,4,0,19,0,6,40,30,76,11,10,44,30,95,246,0,246,341
05/23/2021,EWN,NC,ASO,EN,Federal Contract Tower,9,1,9,0,19,0,2,46,14,62,9,3,55,14,81,188,0,188,269
05/24/2021,EWN,NC,ASO,EN,Federal Contract Tower,9,5,2,4,20,0,3,24,0,27,9,8,26,4,47,40,0,40,87
05/25/2021,EWN,NC,ASO,EN,Federal Contract Tower,9,6,12,2,29,0,1,39,11,51,9,7,51,13,80,50,10,60,140
05/26/2021,EWN,NC,ASO,EN,Federal Contract Tower,9,8,19,2,38,0,5,65,4,74,9,13,84,6,112,68,0,68,180
05/27/2021,EWN,NC,ASO,EN,Federal Contract Tower,7,6,6,2,21,0,0,54,13,67,7,6,60,15,88,104,0,104,192
05/28/2021,EWN,NC,ASO,EN,Federal Contract Tower,9,6,13,0,28,0,2,41,32,75,9,8,54,32,103,66,0,66,169
05/29/2021,EWN,NC,ASO,EN,Federal Contract Tower,9,4,4,0,17,0,3,27,31,61,9,7,31,31,78,36,0,36,114
05/30/2021,EWN,NC,ASO,EN,Federal Contract Tower,8,2,5,6,21,0,3,2,0,5,8,5,7,6,26,0,0,0,26
05/31/2021,EWN,NC,ASO,EN,Federal Contract Tower,9,2,14,0,25,0,2,76,0,78,9,4,90,0,103,88,0,88,191
06/01/2021,EWN,NC,ASO,EN,Federal Contract Tower,9,3,16,1,29,0,4,60,0,64,9,7,76,1,93,132,0,132,225
06/02/2021,EWN,NC,ASO,EN,Federal Contract Tower,8,6,15,0,29,0,4,16,0,20,8,10,31,0,49,28,0,28,77
06/03/2021,EWN,NC,ASO,EN,Federal Contract Tower,11,7,7,0,25,0,0,8,0,8,11,7,15,0,33,10,0,10,43
06/04/2021,EWN,NC,ASO,EN,Federal Contract Tower,9,7,16,0,32,0,2,10,12,24,9,9,26,12,56,26,0,26,82
06/05/2021,EWN,NC,ASO,EN,Federal Contract Tower,8,4,19,2,33,0,19,43,6,68,8,23,62,8,101,120,0,120,221
06/06/2021,EWN,NC,ASO,EN,Federal Contract Tower,9,10,14,3,36,0,4,55,0,59,9,14,69,3,95,96,0,96,191
06/07/2021,EWN,NC,ASO,EN,Federal Contract Tower,9,2,7,2,20,0,0,6,0,6,9,2,13,2,26,12,0,12,38
06/08/2021,EWN,NC,ASO,EN,Federal Contract Tower,9,6,15,3,33,0,1,29,0,30,9,7,44,3,63,44,0,44,107
06/09/2021,EWN,NC,ASO,EN,Federal Contract Tower,9,9,19,0,37,0,2,40,11,53,9,11,59,11,90,114,0,114,204
06/10/2021,EWN,NC,ASO,EN,Federal Contract Tower,9,8,23,0,40,0,0,13,5,18,9,8,36,5,58,36,0,36,94
06/11/2021,EWN,NC,ASO,EN,Federal Contract Tower,8,8,16,0,32,0,3,37,23,63,8,11,53,23,95,106,0,106,201
06/12/2021,EWN,NC,ASO,EN,Federal Contract Tower,7,2,13,0,22,0,1,12,18,31,7,3,25,18,53,54,0,54,107
06/13/2021,EWN,NC,ASO,EN,Federal Contract Tower,7,6,35,22,70,0,0,14,0,14,7,6,49,22,84,20,0,20,104
06/14/2021,EWN,NC,ASO,EN,Federal Contract Tower,14,4,7,2,27,0,3,23,2,28,14,7,30,4,55,52,0,52,107
06/15/2021,EWN,NC,ASO,EN,Federal Contract Tower,9,6,10,4,29,0,4,57,6,67,9,10,67,10,96,106,0,106,202
06/16/2021,EWN,NC,ASO,EN,Federal Contract Tower,9,6,10,11,36,0,1,91,12,104,9,7,101,23,140,150,0,150,290
06/17/2021,EWN,NC,ASO,EN,Federal Contract Tower,9,6,13,4,32,0,2,85,11,98,9,8,98,15,130,130,0,130,260
06/18/2021,EWN,NC,ASO,EN,Federal Contract Tower,9,7,2,0,18,0,7,42,15,64,9,14,44,15,82,58,0,58,140
06/19/2021,EWN,NC,ASO,EN,Federal Contract Tower,8,3,4,0,15,0,5,62,4,71,8,8,66,4,86,84,0,84,170
06/20/2021,EWN,NC,ASO,EN,Federal Contract Tower,7,2,2,0,11,0,2,41,0,43,7,4,43,0,54,246,0,246,300
06/21/2021,EWN,NC,ASO,EN,Federal Contract Tower,9,2,17,2,30,0,3,52,6,61,9,5,69,8,91,154,0,154,245
06/22/2021,EWN,NC,ASO,EN,Federal Contract Tower,10,6,11,4,31,0,0,40,0,40,10,6,51,4,71,206,0,206,277
06/23/2021,EWN,NC,ASO,EN,Federal Contract Tower,9,6,8,4,27,0,2,87,2,91,9,8,95,6,118,318,0,318,436
06/24/2021,EWN,NC,ASO,EN,Federal Contract Tower,9,7,15,6,37,0,7,89,28,124,9,14,104,34,161,268,0,268,429
06/25/2021,EWN,NC,ASO,EN,Federal Contract Tower,11,5,17,12,45,0,0,44,15,59,11,5,61,27,104,162,0,162,266
06/26/2021,EWN,NC,ASO,EN,Federal Contract Tower,8,3,16,2,29,0,11,75,15,101,8,14,91,17,130,310,2,312,442
06/27/2021,EWN,NC,ASO,EN,Federal Contract Tower,7,2,6,1,16,0,4,83,4,91,7,6,89,5,107,328,0,328,435
06/28/2021,EWN,NC,ASO,EN,Federal Contract Tower,9,4,9,0,22,0,6,69,6,81,9,10,78,6,103,294,0,294,397
06/29/2021,EWN,NC,ASO,EN,Federal Contract Tower,9,4,9,0,22,0,0,87,2,89,9,4,96,2,111,350,6,356,467
06/30/2021,EWN,NC,ASO,EN,Federal Contract Tower,9,12,15,1,37,0,4,87,6,97,9,16,102,7,134,348,0,348,482
07/01/2021,EWN,NC,ASO,EN,Federal Contract Tower,9,9,7,8,33,0,2,55,2,59,9,11,62,10,92,338,0,338,430
07/02/2021,EWN,NC,ASO,EN,Federal Contract Tower,8,7,6,0,21,0,0,21,9,30,8,7,27,9,51,158,0,158,209
07/03/2021,EWN,NC,ASO,EN,Federal Contract Tower,8,3,10,0,21,0,0,82,0,82,8,3,92,0,103,278,0,278,381
07/04/2021,EWN,NC,ASO,EN,Federal Contract Tower,6,2,4,0,12,0,0,66,0,66,6,2,70,0,78,254,0,254,332
07/05/2021,EWN,NC,ASO,EN,Federal Contract Tower,9,0,10,2,21,0,5,88,0,93,9,5,98,2,114,302,0,302,416
07/06/2021,EWN,NC,ASO,EN,Federal Contract Tower,9,7,11,0,27,0,2,71,2,75,9,9,82,2,102,274,0,274,376
07/07/2021,EWN,NC,ASO,EN,Federal Contract Tower,9,6,14,0,29,0,4,55,5,64,9,10,69,5,93,254,1,255,348
07/08/2021,EWN,NC,ASO,EN,Federal Contract Tower,8,6,4,0,18,0,0,0,0,0,8,6,4,0,18,0,0,0,18
07/09/2021,EWN,NC,ASO,EN,Federal Contract Tower,11,7,17,2,37,0,5,47,10,62,11,12,64,12,99,176,8,184,283
07/10/2021,EWN,NC,ASO,EN,Federal Contract Tower,8,4,4,0,16,0,12,37,30,79,8,16,41,30,95,174,0,174,269
07/11/2021,EWN,NC,ASO,EN,Federal Contract Tower,8,7,13,0,28,0,0,50,10,60,8,7,63,10,88,206,0,206,294
07/12/2021,EWN,NC,ASO,EN,Federal Contract Tower,9,4,8,0,21,0,6,74,2,82,9,10,82,2,103,288,0,288,391
07/13/2021,EWN,NC,ASO,EN,Federal Contract Tower,9,11,13,0,33,0,2,67,6,75,9,13,80,6,108,250,30,280,388
07/14/2021,EWN,NC,ASO,EN,Federal Contract Tower,9,6,21,0,36,0,9,78,5,92,9,15,99,5,128,254,0,254,382
07/15/2021,EWN,NC,ASO,EN,Federal Contract Tower,11,6,5,0,22,0,4,59,9,72,11,10,64,9,94,122,0,122,216
07/16/2021,EWN,NC,ASO,EN,Federal Contract Tower,9,4,9,2,24,0,12,46,25,83,9,16,55,27,107,106,0,106,213
07/17/2021,EWN,NC,ASO,EN,Federal Contract Tower,8,5,9,6,28,0,1,127,10,138,8,6,136,16,166,164,0,164,330
07/18/2021,EWN,NC,ASO,EN,Federal Contract Tower,7,1,11,0,19,0,1,56,3,60,7,2,67,3,79,204,0,204,283
07/19/2021,EWN,NC,ASO,EN,Federal Contract Tower,9,3,4,1,17,0,0,8,0,8,9,3,12,1,25,4,0,4,29
07/20/2021,EWN,NC,ASO,EN,Federal Contract Tower,8,6,13,0,27,0,2,11,0,13,8,8,24,0,40,0,0,0,40
07/21/2021,EWN,NC,ASO,EN,Federal Contract Tower,9,7,16,0,32,0,5,86,0,91,9,12,102,0,123,230,0,230,353
07/22/2021,EWN,NC,ASO,EN,Federal Contract Tower,8,10,11,2,31,0,9,59,0,68,8,19,70,2,99,328,2,330,429
07/23/2021,EWN,NC,ASO,EN,Federal Contract Tower,9,6,15,0,30,0,8,42,23,73,9,14,57,23,103,18,0,18,121
07/24/2021,EWN,NC,ASO,EN,Federal Contract Tower,8,4,7,0,19,0,3,68,31,102,8,7,75,31,121,204,0,204,325
07/25/2021,EWN,NC,ASO,EN,Federal Contract Tower,7,2,8,0,17,0,3,74,14,91,7,5,82,14,108,190,0,190,298
07/26/2021,EWN,NC,ASO,EN,Federal Contract Tower,6,3,12,0,21,0,7,62,2,71,6,10,74,2,92,230,0,230,322
07/27/2021,EWN,NC,ASO,EN,Federal Contract Tower,9,10,8,2,29,0,3,37,7,47,9,13,45,9,76,154,0,154,230
07/28/2021,EWN,NC,ASO,EN,Federal Contract Tower,9,7,14,0,30,0,2,21,0,23,9,9,35,0,53,88,0,88,141
07/29/2021,EWN,NC,ASO,EN,Federal Contract Tower,9,4,7,2,22,0,3,68,5,76,9,7,75,7,98,196,0,196,294
07/30/2021,EWN,NC,ASO,EN,Federal Contract Tower,9,12,8,2,31,0,5,52,4,61,9,17,60,6,92,110,0,110,202
07/31/2021,EWN,NC,ASO,EN,Federal Contract Tower,8,4,18,3,33,0,12,15,8,35,8,16,33,11,68,88,0,88,156
08/01/2021,EWN,NC,ASO,EN,Federal Contract Tower,7,0,8,0,15,0,0,42,0,42,7,0,50,0,57,200,0,200,257
08/02/2021,EWN,NC,ASO,EN,Federal Contract Tower,11,2,14,6,33,0,0,11,2,13,11,2,25,8,46,56,0,56,102
08/03/2021,EWN,NC,ASO,EN,Federal Contract Tower,8,4,0,0,12,0,1,20,0,21,8,5,20,0,33,150,0,150,183
08/04/2021,EWN,NC,ASO,EN,Federal Contract Tower,9,10,1,0,20,0,0,0,0,0,9,10,1,0,20,0,0,0,20
08/05/2021,EWN,NC,ASO,EN,Federal Contract Tower,9,9,17,0,35,0,4,34,0,38,9,13,51,0,73,118,0,118,191
08/06/2021,EWN,NC,ASO,EN,Federal Contract Tower,9,9,28,2,48,0,2,34,2,38,9,11,62,4,86,68,0,68,154
08/07/2021,EWN,NC,ASO,EN,Federal Contract Tower,7,4,0,30,41,0,4,8,17,29,7,8,8,47,70,22,0,22,92
08/08/2021,EWN,NC,ASO,EN,Federal Contract Tower,8,0,21,0,29,0,4,69,1,74,8,4,90,1,103,94,0,94,197
08/09/2021,EWN,NC,ASO,EN,Federal Contract Tower,9,3,9,0,21,0,1,62,4,67,9,4,71,4,88,132,0,132,220
08/10/2021,EWN,NC,ASO,EN,Federal Contract Tower,9,6,8,6,29,0,4,57,18,79,9,10,65,24,108,96,0,96,204
08/11/2021,EWN,NC,ASO,EN,Federal Contract Tower,9,7,8,0,24,0,3,48,4,55,9,10,56,4,79,66,0,66,145
08/12/2021,EWN,NC,ASO,EN,Federal Contract Tower,9,6,6,6,27,0,0,42,8,50,9,6,48,14,77,86,0,86,163
08/13/2021,EWN,NC,ASO,EN,Federal Contract Tower,9,6,13,0,28,0,14,45,6,65,9,20,58,6,93,102,6,108,201
08/14/2021,EWN,NC,ASO,EN,Federal Contract Tower,8,2,7,0,17,0,5,27,9,41,8,7,34,9,58,118,0,118,176
08/15/2021,EWN,NC,ASO,EN,Federal Contract Tower,7,0,6,0,13,0,2,31,3,36,7,2,37,3,49,20,0,20,69
08/16/2021,EWN,NC,ASO,EN,Federal Contract Tower,9,2,7,1,19,0,0,40,0,40,9,2,47,1,59,44,0,44,103
08/17/2021,EWN,NC,ASO,EN,Federal Contract Tower,7,2,15,4,28,0,1,40,6,47,7,3,55,10,75,30,0,30,105
08/18/2021,EWN,NC,ASO,EN,Federal Contract Tower,7,8,12,2,29,0,1,25,3,29,7,9,37,5,58,16,0,16,74
08/19/2021,EWN,NC,ASO,EN,Federal Contract Tower,8,4,23,2,37,0,2,34,27,63,8,6,57,29,100,36,0,36,136
08/20/2021,EWN,NC,ASO,EN,Federal Contract Tower,8,4,4,7,23,0,0,15,24,39,8,4,19,31,62,36,8,44,106
08/21/2021,EWN,NC,ASO,EN,Federal Contract Tower,8,2,18,4,32,0,9,14,7,30,8,11,32,11,62,12,0,12,74
08/22/2021,EWN,NC,ASO,EN,Federal Contract Tower,8,1,9,0,18,0,2,21,2,25,8,3,30,2,43,22,0,22,65
08/23/2021,EWN,NC,ASO,EN,Federal Contract Tower,11,4,31,0,46,0,0,53,4,57,11,4,84,4,103,66,0,66,169
08/24/2021,EWN,NC,ASO,EN,Federal Contract Tower,7,10,15,1,33,0,3,47,1,51,7,13,62,2,84,110,0,110,194
08/25/2021,EWN,NC,ASO,EN,Federal Contract Tower,7,12,6,0,25,0,8,51,0,59,7,20,57,0,84,98,0,98,182
08/26/2021,EWN,NC,ASO,EN,Federal Contract Tower,8,6,16,2,32,0,5,60,1,66,8,11,76,3,98,72,2,74,172
08/27/2021,EWN,NC,ASO,EN,Federal Contract Tower,8,4,15,1,28,0,5,55,28,88,8,9,70,29,116,46,0,46,162
08/28/2021,EWN,NC,ASO,EN,Federal Contract Tower,7,4,11,0,22,0,5,44,31,80,7,9,55,31,102,64,6,70,172
08/29/2021,EWN,NC,ASO,EN,Federal Contract Tower,8,0,15,0,23,0,3,49,10,62,8,3,64,10,85,48,16,64,149
08/30/2021,EWN,NC,ASO,EN,Federal Contract Tower,7,2,15,1,25,0,2,49,3,54,7,4,64,4,79,108,0,108,187
08/31/2021,EWN,NC,ASO,EN,Federal Contract Tower,8,7,11,2,28,0,1,55,0,56,8,8,66,2,84,98,0,98,182
09/01/2021,EWN,NC,ASO,EN,Federal Contract Tower,6,4,12,0,22,0,5,22,2,29,6,9,34,2,51,20,2,22,73
09/02/2021,EWN,NC,ASO,EN,Federal Contract Tower,8,6,18,4,36,0,1,26,12,39,8,7,44,16,75,78,0,78,153
09/03/2021,EWN,NC,ASO,EN,Federal Contract Tower,8,5,11,2,26,0,5,50,8,63,8,10,61,10,89,102,0,102,191
09/04/2021,EWN,NC,ASO,EN,Federal Contract Tower,7,3,13,0,23,0,3,57,0,60,7,6,70,0,83,168,0,168,251
09/05/2021,EWN,NC,ASO,EN,Federal Contract Tower,6,0,10,0,16,0,1,48,2,51,6,1,58,2,67,102,0,102,169
09/06/2021,EWN,NC,ASO,EN,Federal Contract Tower,6,0,12,0,18,0,2,55,0,57,6,2,67,0,75,96,0,96,171
09/07/2021,EWN,NC,ASO,EN,Federal Contract Tower,7,4,22,0,33,0,6,48,6,60,7,10,70,6,93,104,0,104,197
09/08/2021,EWN,NC,ASO,EN,Federal Contract Tower,6,4,9,0,19,0,7,40,3,50,6,11,49,3,69,82,0,82,151
09/09/2021,EWN,NC,ASO,EN,Federal Contract Tower,8,4,6,2,20,0,0,11,0,11,8,4,17,2,31,40,0,40,71
09/10/2021,EWN,NC,ASO,EN,Federal Contract Tower,8,8,17,0,33,0,18,56,14,88,8,26,73,14,121,138,0,138,259
09/11/2021,EWN,NC,ASO,EN,Federal Contract Tower,6,5,4,0,15,0,7,38,15,60,6,12,42,15,75,114,0,114,189
09/12/2021,EWN,NC,ASO,EN,Federal Contract Tower,8,0,9,0,17,0,3,25,2,30,8,3,34,2,47,64,0,64,111
09/13/2021,EWN,NC,ASO,EN,Federal Contract Tower,7,4,16,0,27,0,0,53,4,57,7,4,69,4,84,82,0,82,166
09/14/2021,EWN,NC,ASO,EN,Federal Contract Tower,6,6,12,2,26,0,5,53,2,60,6,11,65,4,86,92,0,92,178
09/15/2021,EWN,NC,ASO,EN,Federal Contract Tower,6,4,16,2,28,0,3,63,6,72,6,7,79,8,100,90,6,96,196
09/16/2021,EWN,NC,ASO,EN,Federal Contract Tower,8,7,7,0,22,0,2,56,6,64,8,9,63,6,86,60,0,60,146
09/17/2021,EWN,NC,ASO,EN,Federal Contract Tower,8,6,7,5,26,0,1,6,6,13,8,7,13,11,39,18,2,20,59
09/18/2021,EWN,NC,ASO,EN,Federal Contract Tower,7,2,5,1,15,0,5,119,11,135,7,7,124,12,150,64,4,68,218
09/19/2021,EWN,NC,ASO,EN,Federal Contract Tower,8,2,9,0,19,0,6,52,0,58,8,8,61,0,77,236,0,236,313
09/20/2021,EWN,NC,ASO,EN,Federal Contract Tower,7,2,1,0,10,0,2,60,2,64,7,4,61,2,74,118,0,118,192
09/21/2021,EWN,NC,ASO,EN,Federal Contract Tower,6,4,12,4,26,0,2,28,4,34,6,6,40,8,60,32,0,32,92
09/22/2021,EWN,NC,ASO,EN,Federal Contract Tower,6,4,9,4,23,0,0,15,0,15,6,4,24,4,38,40,0,40,78
09/23/2021,EWN,NC,ASO,EN,Federal Contract Tower,8,6,12,0,26,0,5,21,0,26,8,11,33,0,52,36,0,36,88
09/24/2021,EWN,NC,ASO,EN,Federal Contract Tower,7,4,8,9,28,0,5,51,5,61,7,9,59,14,89,126,7,133,222
09/25/2021,EWN,NC,ASO,EN,Federal Contract Tower,8,2,7,0,17,0,7,38,4,49,8,9,45,4,66,56,0,56,122
09/26/2021,EWN,NC,ASO,EN,Federal Contract Tower,8,7,11,5,31,0,3,55,7,65,8,10,66,12,96,62,0,62,158
09/27/2021,EWN,NC,ASO,EN,Federal Contract Tower,8,2,16,1,27,0,2,51,5,58,8,4,67,6,85,94,0,94,179
09/28/2021,EWN,NC,ASO,EN,Federal Contract Tower,5,10,12,2,29,0,4,61,3,68,5,14,73,5,97,100,0,100,197
09/29/2021,EWN,NC,ASO,EN,Federal Contract Tower,7,2,14,3,26,0,6,53,3,62,7,8,67,6,88,56,6,62,150
09/30/2021,EWN,NC,ASO,EN,Federal Contract Tower,9,4,15,1,29,0,4,61,5,70,9,8,76,6,99,154,0,154,253
10/01/2021,EWN,NC,ASO,EN,Federal Contract Tower,8,6,6,2,22,0,3,39,20,62,8,9,45,22,84,132,0,132,216
10/02/2021,EWN,NC,ASO,EN,Federal Contract Tower,7,2,9,0,18,0,7,44,8,59,7,9,53,8,77,78,0,78,155
10/03/2021,EWN,NC,ASO,EN,Federal Contract Tower,7,6,6,2,21,0,3,34,1,38,7,9,40,3,59,42,0,42,101
10/04/2021,EWN,NC,ASO,EN,Federal Contract Tower,7,4,8,2,21,0,3,39,2,44,7,7,47,4,65,108,28,136,201
10/05/2021,EWN,NC,ASO,EN,Federal Contract Tower,6,10,5,2,23,0,1,58,0,59,6,11,63,2,82,178,0,178,260
10/06/2021,EWN,NC,ASO,EN,Federal Contract Tower,6,7,10,6,29,0,2,48,6,56,6,9,58,12,85,104,0,104,189
10/07/2021,EWN,NC,ASO,EN,Federal Contract Tower,7,9,26,22,64,0,0,7,0,7,7,9,33,22,71,18,0,18,89
10/08/2021,EWN,NC,ASO,EN,Federal Contract Tower,7,4,12,11,34,0,4,21,11,36,7,8,33,22,70,78,0,78,148
10/09/2021,EWN,NC,ASO,EN,Federal Contract Tower,10,2,11,4,27,0,0,1,0,1,10,2,12,4,28,0,0,0,28
10/10/2021,EWN,NC,ASO,EN,Federal Contract Tower,8,2,16,0,26,0,0,0,0,0,8,2,16,0,26,0,0,0,26
10/11/2021,EWN,NC,ASO,EN,Federal Contract Tower,8,7,36,0,51,0,6,20,0,26,8,13,56,0,77,24,0,24,101
10/12/2021,EWN,NC,ASO,EN,Federal Contract Tower,7,5,34,0,46,0,0,3,0,3,7,5,37,0,49,16,0,16,65
10/13/2021,EWN,NC,ASO,EN,Federal Contract Tower,8,4,21,0,33,0,2,29,11,42,8,6,50,11,75,138,0,138,213
10/14/2021,EWN,NC,ASO,EN,Federal Contract Tower,8,3,12,0,23,0,3,61,1,65,8,6,73,1,88,86,0,86,174
10/15/2021,EWN,NC,ASO,EN,Federal Contract Tower,8,4,28,6,46,0,5,64,21,90,8,9,92,27,136,182,0,182,318
10/16/2021,EWN,NC,ASO,EN,Federal Contract Tower,7,3,7,0,17,0,5,29,12,46,7,8,36,12,63,100,0,100,163
10/17/2021,EWN,NC,ASO,EN,Federal Contract Tower,8,1,12,0,21,0,0,32,4,36,8,1,44,4,57,28,0,28,85
10/18/2021,EWN,NC,ASO,EN,Federal Contract Tower,8,4,14,0,26,0,4,47,0,51,8,8,61,0,77,100,0,100,177
10/19/2021,EWN,NC,ASO,EN,Federal Contract Tower,7,5,20,0,32,0,7,56,12,75,7,12,76,12,107,126,0,126,233
10/20/2021,EWN,NC,ASO,EN,Federal Contract Tower,8,5,32,2,47,0,0,54,26,80,8,5,86,28,127,78,2,80,207
10/21/2021,EWN,NC,ASO,EN,Federal Contract Tower,8,5,7,4,24,0,7,80,23,110,8,12,87,27,134,202,0,202,336
10/22/2021,EWN,NC,ASO,EN,Federal Contract Tower,8,5,28,3,44,0,8,30,8,46,8,13,58,11,90,72,0,72,162
10/23/2021,EWN,NC,ASO,EN,Federal Contract Tower,7,2,25,2,36,0,3,33,17,53,7,5,58,19,89,56,0,56,145
10/24/2021,EWN,NC,ASO,EN,Federal Contract Tower,8,2,16,4,30,0,1,41,19,61,8,3,57,23,91,32,0,32,123
10/25/2021,EWN,NC,ASO,EN,Federal Contract Tower,8,2,15,1,26,0,7,45,20,72,8,9,60,21,98,150,0,150,248
10/26/2021,EWN,NC,ASO,EN,Federal Contract Tower,7,6,10,8,31,0,0,59,6,65,7,6,69,14,96,128,0,128,224
10/27/2021,EWN,NC,ASO,EN,Federal Contract Tower,8,6,13,0,27,0,4,48,0,52,8,10,61,0,79,124,0,124,203
10/28/2021,EWN,NC,ASO,EN,Federal Contract Tower,7,4,13,4,28,0,2,50,13,65,7,6,63,17,93,170,0,170,263
10/29/2021,EWN,NC,ASO,EN,Federal Contract Tower,9,6,9,0,24,0,5,13,31,49,9,11,22,31,73,38,0,38,111
10/30/2021,EWN,NC,ASO,EN,Federal Contract Tower,7,2,17,4,30,0,7,51,24,82,7,9,68,28,112,42,0,42,154
10/31/2021,EWN,NC,ASO,EN,Federal Contract Tower,8,0,13,0,21,0,0,14,0,14,8,0,27,0,35,16,0,16,51
11/01/2021,EWN,NC,ASO,EN,Federal Contract Tower,6,4,17,0,27,0,1,73,0,74,6,5,90,0,101,148,0,148,249
11/02/2021,EWN,NC,ASO,EN,Federal Contract Tower,8,6,6,0,20,0,2,62,10,74,8,8,68,10,94,140,0,140,234
11/03/2021,EWN,NC,ASO,EN,Federal Contract Tower,8,4,10,2,24,0,5,52,11,68,8,9,62,13,92,146,8,154,246
11/04/2021,EWN,NC,ASO,EN,Federal Contract Tower,8,5,7,7,27,0,0,36,7,43,8,5,43,14,70,116,8,124,194
11/05/2021,EWN,NC,ASO,EN,Federal Contract Tower,8,6,2,6,22,0,4,41,30,75,8,10,43,36,97,96,0,96,193
11/06/2021,EWN,NC,ASO,EN,Federal Contract Tower,8,2,3,9,22,0,0,12,12,24,8,2,15,21,46,58,0,58,104
11/07/2021,EWN,NC,ASO,EN,Federal Contract Tower,8,1,4,0,13,0,3,3,14,20,8,4,7,14,33,0,0,0,33
11/08/2021,EWN,NC,ASO,EN,Federal Contract Tower,8,2,9,0,19,0,1,60,1,62,8,3,69,1,81,118,0,118,199
11/09/2021,EWN,NC,ASO,EN,Federal Contract Tower,6,6,28,0,40,0,0,54,9,63,6,6,82,9,103,192,0,192,295
11/10/2021,EWN,NC,ASO,EN,Federal Contract Tower,7,4,10,0,21,0,3,53,24,80,7,7,63,24,101,98,0,98,199
11/11/2021,EWN,NC,ASO,EN,Federal Contract Tower,8,4,16,0,28,0,9,55,17,81,8,13,71,17,109,146,0,146,255
11/12/2021,EWN,NC,ASO,EN,Federal Contract Tower,8,5,9,4,26,0,3,23,0,26,8,8,32,4,52,82,0,82,134
11/13/2021,EWN,NC,ASO,EN,Federal Contract Tower,8,2,8,0,18,0,1,37,0,38,8,3,45,0,56,46,0,46,102
11/14/2021,EWN,NC,ASO,EN,Federal Contract Tower,10,1,17,0,28,0,0,45,0,45,10,1,62,0,73,32,0,32,105
11/15/2021,EWN,NC,ASO,EN,Federal Contract Tower,8,2,13,1,24,0,3,51,1,55,8,5,64,2,79,110,2,112,191
11/16/2021,EWN,NC,ASO,EN,Federal Contract Tower,6,7,20,4,37,0,1,60,2,63,6,8,80,6,100,130,0,130,230
11/17/2021,EWN,NC,ASO,EN,Federal Contract Tower,8,4,10,0,22,0,2,56,8,66,8,6,66,8,88,180,0,180,268
11/18/2021,EWN,NC,ASO,EN,Federal Contract Tower,8,4,20,0,32,0,1,50,2,53,8,5,70,2,85,130,0,130,215
11/19/2021,EWN,NC,ASO,EN,Federal Contract Tower,8,7,13,6,34,0,10,48,19,77,8,17,61,25,111,58,4,62,173
11/20/2021,EWN,NC,ASO,EN,Federal Contract Tower,8,3,6,6,23,0,11,49,15,75,8,14,55,21,98,96,0,96,194
11/21/2021,EWN,NC,ASO,EN,Federal Contract Tower,7,0,21,0,28,0,4,44,14,62,7,4,65,14,90,70,0,70,160
11/22/2021,EWN,NC,ASO,EN,Federal Contract Tower,9,2,8,4,23,0,0,7,1,8,9,2,15,5,31,40,0,40,71
11/23/2021,EWN,NC,ASO,EN,Federal Contract Tower,8,6,23,5,42,0,3,48,21,72,8,9,71,26,114,22,0,22,136
11/24/2021,EWN,NC,ASO,EN,Federal Contract Tower,8,6,17,0,31,0,1,72,8,81,8,7,89,8,112,136,0,136,248
11/25/2021,EWN,NC,ASO,EN,Federal Contract Tower,3,0,0,0,3,0,2,13,0,15,3,2,13,0,18,10,0,10,28
11/26/2021,EWN,NC,ASO,EN,Federal Contract Tower,9,6,8,0,23,0,6,28,0,34,9,12,36,0,57,36,0,36,93
11/27/2021,EWN,NC,ASO,EN,Federal Contract Tower,8,2,6,0,16,0,9,78,0,87,8,11,84,0,103,98,0,98,201
11/28/2021,EWN,NC,ASO,EN,Federal Contract Tower,7,1,21,0,29,0,0,46,0,46,7,1,67,0,75,28,0,28,103
11/29/2021,EWN,NC,ASO,EN,Federal Contract Tower,9,3,5,0,17,0,12,32,0,44,9,15,37,0,61,126,0,126,187
11/30/2021,EWN,NC,ASO,EN,Federal Contract Tower,9,6,18,0,33,0,3,55,6,64,9,9,73,6,97,122,0,122,219
12/01/2021,EWN,NC,ASO,EN,Federal Contract Tower,8,4,15,0,27,0,5,68,8,81,8,9,83,8,108,184,0,184,292
12/02/2021,EWN,NC,ASO,EN,Federal Contract Tower,8,7,17,0,32,0,12,52,0,64,8,19,69,0,96,144,0,144,240
12/03/2021,EWN,NC,ASO,EN,Federal Contract Tower,8,4,20,4,36,0,5,61,30,96,8,9,81,34,132,224,28,252,384
12/04/2021,EWN,NC,ASO,EN,Federal Contract Tower,13,2,13,2,30,0,6,48,24,78,13,8,61,26,108,112,4,116,224
12/05/2021,EWN,NC,ASO,EN,Federal Contract Tower,8,1,12,0,21,0,7,47,22,76,8,8,59,22,97,84,8,92,189
12/06/2021,EWN,NC,ASO,EN,Federal Contract Tower,9,5,20,5,39,0,2,39,12,53,9,7,59,17,92,148,6,154,246
12/07/2021,EWN,NC,ASO,EN,Federal Contract Tower,8,6,11,4,29,0,5,37,5,47,8,11,48,9,76,124,0,124,200
12/08/2021,EWN,NC,ASO,EN,Federal Contract Tower,7,5,7,0,19,0,0,0,0,0,7,5,7,0,19,0,0,0,19
12/09/2021,EWN,NC,ASO,EN,Federal Contract Tower,9,8,10,0,27,0,1,60,7,68,9,9,70,7,95,122,0,122,217
12/10/2021,EWN,NC,ASO,EN,Federal Contract Tower,10,6,13,1,30,0,2,28,5,35,10,8,41,6,65,74,0,74,139
12/11/2021,EWN,NC,ASO,EN,Federal Contract Tower,8,3,10,0,21,0,5,44,14,63,8,8,54,14,84,120,0,120,204
12/12/2021,EWN,NC,ASO,EN,Federal Contract Tower,8,0,19,0,27,0,6,42,3,51,8,6,61,3,78,116,0,116,194
12/14/2021,EWN,NC,ASO,EN,Federal Contract Tower,8,5,9,0,22,0,8,61,0,69,8,13,70,0,91,154,0,154,245
12/15/2021,EWN,NC,ASO,EN,Federal Contract Tower,8,4,7,3,22,0,6,28,6,40,8,10,35,9,62,104,0,104,166
12/16/2021,EWN,NC,ASO,EN,Federal Contract Tower,7,6,11,0,24,0,0,44,8,52,7,6,55,8,76,138,0,138,214
12/17/2021,EWN,NC,ASO,EN,Federal Contract Tower,6,6,14,0,26,0,3,33,16,52,6,9,47,16,78,90,0,90,168
12/18/2021,EWN,NC,ASO,EN,Federal Contract Tower,8,2,10,2,22,0,3,27,8,38,8,5,37,10,60,90,0,90,150
12/19/2021,EWN,NC,ASO,EN,Federal Contract Tower,9,0,1,1,11,0,1,0,0,1,9,1,1,1,12,0,0,0,12
12/20/2021,EWN,NC,ASO,EN,Federal Contract Tower,5,5,14,2,26,0,2,68,2,72,5,7,82,4,98,128,0,128,226
12/21/2021,EWN,NC,ASO,EN,Federal Contract Tower,8,6,8,0,22,0,3,25,9,37,8,9,33,9,59,110,0,110,169
12/22/2021,EWN,NC,ASO,EN,Federal Contract Tower,8,8,18,0,34,0,5,36,10,51,8,13,54,10,85,98,0,98,183
12/23/2021,EWN,NC,ASO,EN,Federal Contract Tower,6,6,11,2,25,0,0,57,8,65,6,6,68,10,90,48,0,48,138
12/24/2021,EWN,NC,ASO,EN,Federal Contract Tower,4,4,2,0,10,0,4,22,0,26,4,8,24,0,36,0,0,0,36
12/25/2021,EWN,NC,ASO,EN,Federal Contract Tower,8,0,1,0,9,0,2,0,0,2,8,2,1,0,11,0,0,0,11
12/26/2021,EWN,NC,ASO,EN,Federal Contract Tower,7,0,10,0,17,0,2,31,0,33,7,2,41,0,50,50,0,50,100
12/27/2021,EWN,NC,ASO,EN,Federal Contract Tower,8,3,13,0,24,0,1,50,0,51,8,4,63,0,75,104,0,104,179
12/28/2021,EWN,NC,ASO,EN,Federal Contract Tower,7,6,14,0,27,0,1,36,0,37,7,7,50,0,64,98,0,98,162
12/29/2021,EWN,NC,ASO,EN,Federal Contract Tower,7,4,10,0,21,0,6,31,12,49,7,10,41,12,70,52,0,52,122
12/30/2021,EWN,NC,ASO,EN,Federal Contract Tower,7,4,7,0,18,0,0,8,6,14,7,4,15,6,32,0,0,0,32
12/31/2021,EWN,NC,ASO,EN,Federal Contract Tower,4,4,18,0,26,0,0,39,0,39,4,4,57,0,65,90,0,90,155
01/01/2022,EWN,NC,ASO,EN,Federal Contract Tower,7,2,2,0,11,0,4,2,1,7,7,6,4,1,18,0,0,0,18
01/02/2022,EWN,NC,ASO,EN,Federal Contract Tower,6,0,1,0,7,0,0,22,0,22,6,0,23,0,29,30,0,30,59
01/03/2022,EWN,NC,ASO,EN,Federal Contract Tower,6,2,5,0,13,0,0,0,0,0,6,2,5,0,13,0,0,0,13
01/04/2022,EWN,NC,ASO,EN,Federal Contract Tower,7,7,10,0,24,0,3,41,0,44,7,10,51,0,68,44,0,44,112
01/05/2022,EWN,NC,ASO,EN,Federal Contract Tower,7,7,13,2,29,0,0,7,0,7,7,7,20,2,36,0,0,0,36
01/06/2022,EWN,NC,ASO,EN,Federal Contract Tower,7,12,13,0,32,0,2,33,2,37,7,14,46,2,69,74,0,74,143
01/07/2022,EWN,NC,ASO,EN,Federal Contract Tower,5,6,3,0,14,0,5,42,2,49,5,11,45,2,63,78,0,78,141
01/08/2022,EWN,NC,ASO,EN,Federal Contract Tower,6,2,14,0,22,0,1,37,0,38,6,3,51,0,60,94,0,94,154
01/09/2022,EWN,NC,ASO,EN,Federal Contract Tower,6,0,10,0,16,0,2,23,0,25,6,2,33,0,41,82,0,82,123
01/10/2022,EWN,NC,ASO,EN,Federal Contract Tower,7,2,7,0,16,0,2,41,0,43,7,4,48,0,59,64,0,64,123
01/11/2022,EWN,NC,ASO,EN,Federal Contract Tower,6,5,7,13,31,0,4,27,1,32,6,9,34,14,63,104,0,104,167
01/12/2022,EWN,NC,ASO,EN,Federal Contract Tower,7,9,19,8,43,0,4,39,2,45,7,13,58,10,88,46,0,46,134
01/13/2022,EWN,NC,ASO,EN,Federal Contract Tower,8,7,9,3,27,0,7,42,5,54,8,14,51,8,81,66,0,66,147
01/14/2022,EWN,NC,ASO,EN,Federal Contract Tower,8,4,1,0,13,0,3,46,6,55,8,7,47,6,68,66,0,66,134
01/15/2022,EWN,NC,ASO,EN,Federal Contract Tower,8,3,7,0,18,0,1,58,0,59,8,4,65,0,77,114,0,114,191
01/16/2022,EWN,NC,ASO,EN,Federal Contract Tower,0,0,0,0,0,0,0,0,0,0,0,0,0,0,0,0,0,0,0
01/17/2022,EWN,NC,ASO,EN,Federal Contract Tower,2,4,3,0,9,0,6,6,0,12,2,10,9,0,21,0,0,0,21
01/18/2022,EWN,NC,ASO,EN,Federal Contract Tower,191,126,242,43,602,0,84,982,64,1130,191,210,1224,107,1732,2068,6,2074,3806
01/19/2022,EWN,NC,ASO,EN,Federal Contract Tower,7,6,12,4,29,0,2,62,2,66,7,8,74,6,95,170,0,170,265
01/20/2022,EWN,NC,ASO,EN,Federal Contract Tower,7,7,9,0,23,0,1,24,16,41,7,8,33,16,64,78,0,78,142
01/21/2022,EWN,NC,ASO,EN,Federal Contract Tower,0,0,0,0,0,0,0,0,0,0,0,0,0,0,0,0,0,0,0
01/22/2022,EWN,NC,ASO,EN,Federal Contract Tower,2,1,4,0,7,0,1,6,0,7,2,2,10,0,14,8,0,8,22
01/23/2022,EWN,NC,ASO,EN,Federal Contract Tower,7,1,7,0,15,0,0,48,0,48,7,1,55,0,63,108,0,108,171
01/24/2022,EWN,NC,ASO,EN,Federal Contract Tower,8,3,8,1,20,0,5,45,0,50,8,8,53,1,70,94,4,98,168
01/25/2022,EWN,NC,ASO,EN,Federal Contract Tower,8,12,6,2,28,0,0,51,0,51,8,12,57,2,79,134,0,134,213
01/26/2022,EWN,NC,ASO,EN,Federal Contract Tower,6,4,9,2,21,0,2,52,1,55,6,6,61,3,76,100,0,100,176
01/27/2022,EWN,NC,ASO,EN,Federal Contract Tower,7,6,6,2,21,0,3,67,7,77,7,9,73,9,98,112,0,112,210
01/28/2022,EWN,NC,ASO,EN,Federal Contract Tower,8,5,13,6,32,0,5,41,9,55,8,10,54,15,87,126,2,128,215
01/29/2022,EWN,NC,ASO,EN,Federal Contract Tower,8,1,5,0,14,0,8,5,0,13,8,9,10,0,27,6,0,6,33
01/30/2022,EWN,NC,ASO,EN,Federal Contract Tower,6,0,21,0,27,0,0,26,10,36,6,0,47,10,63,84,0,84,147
01/31/2022,EWN,NC,ASO,EN,Federal Contract Tower,7,2,8,0,17,0,6,46,0,52,7,8,54,0,69,82,0,82,151
02/01/2022,EWN,NC,ASO,EN,Federal Contract Tower,8,8,20,2,38,0,0,42,3,45,8,8,62,5,83,74,6,80,163
02/02/2022,EWN,NC,ASO,EN,Federal Contract Tower,7,6,14,0,27,0,6,30,5,41,7,12,44,5,68,32,0,32,100
02/03/2022,EWN,NC,ASO,EN,Federal Contract Tower,8,6,14,3,31,0,1,41,0,42,8,7,55,3,73,48,0,48,121
02/04/2022,EWN,NC,ASO,EN,Federal Contract Tower,8,4,13,0,25,0,2,12,12,26,8,6,25,12,51,16,0,16,67
02/05/2022,EWN,NC,ASO,EN,Federal Contract Tower,6,2,3,2,13,0,4,31,11,46,6,6,34,13,59,52,0,52,111
02/06/2022,EWN,NC,ASO,EN,Federal Contract Tower,5,3,14,0,22,0,2,44,4,50,5,5,58,4,72,64,0,64,136
02/07/2022,EWN,NC,ASO,EN,Federal Contract Tower,7,2,8,0,17,0,0,0,0,0,7,2,8,0,17,0,0,0,17
02/08/2022,EWN,NC,ASO,EN,Federal Contract Tower,7,9,16,1,33,1,0,30,2,33,8,9,46,3,66,76,0,76,142
02/09/2022,EWN,NC,ASO,EN,Federal Contract Tower,5,3,15,8,31,0,1,57,0,58,5,4,72,8,89,114,0,114,203
02/10/2022,EWN,NC,ASO,EN,Federal Contract Tower,8,5,11,0,24,0,4,53,10,67,8,9,64,10,91,152,0,152,243
02/11/2022,EWN,NC,ASO,EN,Federal Contract Tower,8,6,7,0,21,0,8,64,10,82,8,14,71,10,103,142,26,168,271
02/12/2022,EWN,NC,ASO,EN,Federal Contract Tower,6,2,19,4,31,0,8,61,23,92,6,10,80,27,123,122,0,122,245
02/13/2022,EWN,NC,ASO,EN,Federal Contract Tower,6,4,9,0,19,0,3,9,7,19,6,7,18,7,38,12,0,12,50
02/14/2022,EWN,NC,ASO,EN,Federal Contract Tower,7,2,11,0,20,0,0,39,2,41,7,2,50,2,61,84,0,84,145
02/15/2022,EWN,NC,ASO,EN,Federal Contract Tower,4,6,17,2,29,0,2,45,4,51,4,8,62,6,80,78,0,78,158
02/16/2022,EWN,NC,ASO,EN,Federal Contract Tower,6,6,16,0,28,0,4,45,1,50,6,10,61,1,78,96,0,96,174
02/17/2022,EWN,NC,ASO,EN,Federal Contract Tower,7,9,14,4,34,0,3,53,11,67,7,12,67,15,101,122,0,122,223
02/18/2022,EWN,NC,ASO,EN,Federal Contract Tower,6,4,13,6,29,0,2,14,2,18,6,6,27,8,47,24,0,24,71
02/19/2022,EWN,NC,ASO,EN,Federal Contract Tower,6,3,7,0,16,0,6,31,0,37,6,9,38,0,53,32,0,32,85
02/20/2022,EWN,NC,ASO,EN,Federal Contract Tower,6,0,14,0,20,0,0,62,0,62,6,0,76,0,82,146,0,146,228
02/21/2022,EWN,NC,ASO,EN,Federal Contract Tower,7,2,8,0,17,0,5,47,0,52,7,7,55,0,69,134,0,134,203
02/22/2022,EWN,NC,ASO,EN,Federal Contract Tower,7,6,8,3,24,0,5,39,1,45,7,11,47,4,69,58,0,58,127
02/23/2022,EWN,NC,ASO,EN,Federal Contract Tower,6,6,3,0,15,0,8,48,2,58,6,14,51,2,73,120,0,120,193
02/24/2022,EWN,NC,ASO,EN,Federal Contract Tower,7,6,14,11,38,0,2,15,22,39,7,8,29,33,77,86,0,86,163
02/25/2022,EWN,NC,ASO,EN,Federal Contract Tower,8,6,6,0,20,0,1,20,15,36,8,7,26,15,56,32,0,32,88
02/26/2022,EWN,NC,ASO,EN,Federal Contract Tower,6,2,15,0,23,0,16,35,6,57,6,18,50,6,80,144,0,144,224
02/27/2022,EWN,NC,ASO,EN,Federal Contract Tower,5,0,6,0,11,0,0,0,0,0,5,0,6,0,11,0,0,0,11
02/28/2022,EWN,NC,ASO,EN,Federal Contract Tower,7,2,15,4,28,0,3,65,10,78,7,5,80,14,106,120,0,120,226
03/01/2022,EWN,NC,ASO,EN,Federal Contract Tower,6,8,9,4,27,0,4,52,0,56,6,12,61,4,83,142,0,142,225
03/02/2022,EWN,NC,ASO,EN,Federal Contract Tower,4,6,15,2,27,0,1,67,0,68,4,7,82,2,95,122,8,130,225
03/03/2022,EWN,NC,ASO,EN,Federal Contract Tower,4,5,12,0,21,0,4,68,6,78,4,9,80,6,99,116,0,116,215
03/04/2022,EWN,NC,ASO,EN,Federal Contract Tower,0,5,15,0,20,0,7,64,18,89,0,12,79,18,109,168,0,168,277
03/05/2022,EWN,NC,ASO,EN,Federal Contract Tower,2,2,8,3,15,0,7,47,18,72,2,9,55,21,87,108,0,108,195
03/06/2022,EWN,NC,ASO,EN,Federal Contract Tower,4,0,9,1,14,0,5,30,10,45,4,5,39,11,59,26,16,42,101
03/07/2022,EWN,NC,ASO,EN,Federal Contract Tower,4,2,14,0,20,0,3,37,6,46,4,5,51,6,66,10,0,10,76
03/08/2022,EWN,NC,ASO,EN,Federal Contract Tower,2,6,5,0,13,0,2,53,2,57,2,8,58,2,70,90,0,90,160
03/09/2022,EWN,NC,ASO,EN,Federal Contract Tower,2,6,2,0,10,0,0,2,4,6,2,6,4,4,16,0,0,0,16
03/10/2022,EWN,NC,ASO,EN,Federal Contract Tower,2,4,7,4,17,0,0,2,0,2,2,4,9,4,19,0,0,0,19
03/11/2022,EWN,NC,ASO,EN,Federal Contract Tower,2,5,12,3,22,0,1,0,0,1,2,6,12,3,23,0,0,0,23
03/12/2022,EWN,NC,ASO,EN,Federal Contract Tower,0,2,3,0,5,0,1,0,0,1,0,3,3,0,6,0,0,0,6
03/13/2022,EWN,NC,ASO,EN,Federal Contract Tower,4,0,19,0,23,0,0,45,3,48,4,0,64,3,71,158,0,158,229
03/14/2022,EWN,NC,ASO,EN,Federal Contract Tower,4,2,20,0,26,0,0,44,0,44,4,2,64,0,70,42,0,42,112
03/15/2022,EWN,NC,ASO,EN,Federal Contract Tower,2,6,6,0,14,0,4,56,0,60,2,10,62,0,74,94,0,94,168
03/16/2022,EWN,NC,ASO,EN,Federal Contract Tower,4,4,4,2,14,0,7,54,0,61,4,11,58,2,75,140,0,140,215
03/17/2022,EWN,NC,ASO,EN,Federal Contract Tower,0,7,7,0,14,0,4,26,4,34,0,11,33,4,48,46,0,46,94
03/18/2022,EWN,NC,ASO,EN,Federal Contract Tower,2,4,11,0,17,0,3,38,12,53,2,7,49,12,70,110,0,110,180
03/19/2022,EWN,NC,ASO,EN,Federal Contract Tower,0,7,6,0,13,0,11,32,7,50,0,18,38,7,63,52,0,52,115
03/20/2022,EWN,NC,ASO,EN,Federal Contract Tower,0,2,5,0,7,0,1,50,0,51,0,3,55,0,58,108,0,108,166
03/21/2022,EWN,NC,ASO,EN,Federal Contract Tower,2,2,6,0,10,0,0,55,1,56,2,2,61,1,66,118,0,118,184
03/22/2022,EWN,NC,ASO,EN,Federal Contract Tower,3,1,16,4,24,0,1,47,13,61,3,2,63,17,85,116,0,116,201
03/23/2022,EWN,NC,ASO,EN,Federal Contract Tower,4,4,13,7,28,0,4,20,8,32,4,8,33,15,60,50,0,50,110
03/24/2022,EWN,NC,ASO,EN,Federal Contract Tower,4,4,2,2,12,0,0,0,4,4,4,4,2,6,16,0,0,0,16
03/25/2022,EWN,NC,ASO,EN,Federal Contract Tower,0,7,6,0,13,0,5,36,4,45,0,12,42,4,58,56,0,56,114
03/26/2022,EWN,NC,ASO,EN,Federal Contract Tower,0,5,16,0,21,0,2,30,4,36,0,7,46,4,57,56,0,56,113
03/27/2022,EWN,NC,ASO,EN,Federal Contract Tower,1,0,11,0,12,0,8,40,2,50,1,8,51,2,62,40,0,40,102
03/28/2022,EWN,NC,ASO,EN,Federal Contract Tower,2,4,14,2,22,0,4,65,0,69,2,8,79,2,91,106,0,106,197
03/29/2022,EWN,NC,ASO,EN,Federal Contract Tower,2,6,9,2,19,0,3,68,3,74,2,9,77,5,93,112,0,112,205
03/30/2022,EWN,NC,ASO,EN,Federal Contract Tower,4,7,26,2,39,0,2,50,6,58,4,9,76,8,97,90,0,90,187
03/31/2022,EWN,NC,ASO,EN,Federal Contract Tower,0,6,3,0,9,0,2,2,3,7,0,8,5,3,16,0,0,0,16
04/01/2022,EWN,NC,ASO,EN,Federal Contract Tower,2,8,11,0,21,0,6,47,10,63,2,14,58,10,84,58,0,58,142
04/02/2022,EWN,NC,ASO,EN,Federal Contract Tower,2,2,22,0,26,0,7,58,9,74,2,9,80,9,100,86,0,86,186
04/03/2022,EWN,NC,ASO,EN,Federal Contract Tower,2,0,6,0,8,0,0,42,1,43,2,0,48,1,51,136,0,136,187
04/04/2022,EWN,NC,ASO,EN,Federal Contract Tower,2,4,15,2,23,0,2,49,0,51,2,6,64,2,74,82,0,82,156
04/05/2022,EWN,NC,ASO,EN,Federal Contract Tower,6,6,17,5,34,0,9,36,6,51,6,15,53,11,85,72,0,72,157
04/06/2022,EWN,NC,ASO,EN,Federal Contract Tower,8,6,13,0,27,0,10,47,2,59,8,16,60,2,86,76,0,76,162
04/07/2022,EWN,NC,ASO,EN,Federal Contract Tower,8,6,5,0,19,0,0,9,4,13,8,6,14,4,32,40,0,40,72
04/08/2022,EWN,NC,ASO,EN,Federal Contract Tower,7,8,24,0,39,0,4,64,9,77,7,12,88,9,116,146,0,146,262
04/09/2022,EWN,NC,ASO,EN,Federal Contract Tower,8,2,8,0,18,0,2,46,8,56,8,4,54,8,74,98,0,98,172
04/10/2022,EWN,NC,ASO,EN,Federal Contract Tower,7,1,8,0,16,0,2,41,4,47,7,3,49,4,63,52,0,52,115
04/11/2022,EWN,NC,ASO,EN,Federal Contract Tower,8,3,23,2,36,0,3,55,3,61,8,6,78,5,97,110,10,120,217
04/12/2022,EWN,NC,ASO,EN,Federal Contract Tower,7,6,18,0,31,0,4,57,1,62,7,10,75,1,93,106,0,106,199
04/13/2022,EWN,NC,ASO,EN,Federal Contract Tower,8,8,11,13,40,0,1,54,0,55,8,9,65,13,95,56,4,60,155
04/14/2022,EWN,NC,ASO,EN,Federal Contract Tower,9,6,14,0,29,0,3,42,6,51,9,9,56,6,80,42,0,42,122
04/15/2022,EWN,NC,ASO,EN,Federal Contract Tower,9,5,16,0,30,0,3,37,0,40,9,8,53,0,70,68,0,68,138
04/16/2022,EWN,NC,ASO,EN,Federal Contract Tower,8,2,7,0,17,0,3,35,0,38,8,5,42,0,55,98,0,98,153
04/17/2022,EWN,NC,ASO,EN,Federal Contract Tower,8,1,6,0,15,0,3,15,0,18,8,4,21,0,33,6,0,6,39
04/18/2022,EWN,NC,ASO,EN,Federal Contract Tower,7,3,15,0,25,0,0,1,0,1,7,3,16,0,26,0,0,0,26
04/19/2022,EWN,NC,ASO,EN,Federal Contract Tower,8,8,14,5,35,0,7,52,0,59,8,15,66,5,94,74,0,74,168
04/20/2022,EWN,NC,ASO,EN,Federal Contract Tower,8,7,19,3,37,0,0,40,3,43,8,7,59,6,80,110,0,110,190
04/21/2022,EWN,NC,ASO,EN,Federal Contract Tower,7,6,14,0,27,0,7,48,9,64,7,13,62,9,91,96,0,96,187
04/22/2022,EWN,NC,ASO,EN,Federal Contract Tower,8,9,13,2,32,0,11,54,4,69,8,20,67,6,101,154,0,154,255
04/23/2022,EWN,NC,ASO,EN,Federal Contract Tower,8,4,5,0,17,0,2,44,2,48,8,6,49,2,65,166,0,166,231
04/24/2022,EWN,NC,ASO,EN,Federal Contract Tower,8,0,7,0,15,0,1,35,0,36,8,1,42,0,51,50,0,50,101
04/25/2022,EWN,NC,ASO,EN,Federal Contract Tower,8,2,10,0,20,0,2,60,1,63,8,4,70,1,83,110,0,110,193
04/26/2022,EWN,NC,ASO,EN,Federal Contract Tower,10,6,9,0,25,0,8,48,5,61,10,14,57,5,86,132,6,138,224
04/27/2022,EWN,NC,ASO,EN,Federal Contract Tower,8,6,14,0,28,0,6,58,8,72,8,12,72,8,100,128,0,128,228
04/28/2022,EWN,NC,ASO,EN,Federal Contract Tower,8,8,17,0,33,0,2,52,8,62,8,10,69,8,95,106,0,106,201
04/29/2022,EWN,NC,ASO,EN,Federal Contract Tower,8,6,13,0,27,0,2,52,17,71,8,8,65,17,98,128,0,128,226
04/30/2022,EWN,NC,ASO,EN,Federal Contract Tower,8,2,10,0,20,0,3,41,12,56,8,5,51,12,76,154,0,154,230
05/01/2022,EWN,NC,ASO,EN,Federal Contract Tower,7,0,8,0,15,0,0,59,1,60,7,0,67,1,75,164,0,164,239
05/02/2022,EWN,NC,ASO,EN,Federal Contract Tower,7,2,11,2,22,0,0,40,2,42,7,2,51,4,64,84,0,84,148
05/03/2022,EWN,NC,ASO,EN,Federal Contract Tower,8,6,11,0,25,0,8,44,0,52,8,14,55,0,77,102,0,102,179
05/04/2022,EWN,NC,ASO,EN,Federal Contract Tower,7,6,5,0,18,0,10,40,2,52,7,16,45,2,70,102,0,102,172
05/05/2022,EWN,NC,ASO,EN,Federal Contract Tower,4,6,22,0,32,0,0,4,0,4,4,6,26,0,36,0,0,0,36
05/06/2022,EWN,NC,ASO,EN,Federal Contract Tower,7,8,7,0,22,0,3,28,4,35,7,11,35,4,57,58,0,58,115
05/07/2022,EWN,NC,ASO,EN,Federal Contract Tower,4,2,7,0,13,0,5,156,12,173,4,7,163,12,186,32,0,32,218
05/08/2022,EWN,NC,ASO,EN,Federal Contract Tower,4,0,4,2,10,0,0,4,0,4,4,0,8,2,14,0,0,0,14
05/09/2022,EWN,NC,ASO,EN,Federal Contract Tower,6,7,11,1,25,0,2,46,1,49,6,9,57,2,74,68,0,68,142
05/10/2022,EWN,NC,ASO,EN,Federal Contract Tower,3,10,19,0,32,0,3,26,3,32,3,13,45,3,64,12,0,12,76
05/11/2022,EWN,NC,ASO,EN,Federal Contract Tower,4,7,26,0,37,0,5,41,5,51,4,12,67,5,88,84,0,84,172
05/12/2022,EWN,NC,ASO,EN,Federal Contract Tower,6,7,12,0,25,0,0,9,0,9,6,7,21,0,34,40,0,40,74
05/13/2022,EWN,NC,ASO,EN,Federal Contract Tower,6,6,10,0,22,0,0,12,4,16,6,6,22,4,38,6,0,6,44
05/14/2022,EWN,NC,ASO,EN,Federal Contract Tower,3,4,19,2,28,0,6,101,2,109,3,10,120,4,137,70,0,70,207
05/15/2022,EWN,NC,ASO,EN,Federal Contract Tower,4,0,13,0,17,0,5,49,2,56,4,5,62,2,73,72,0,72,145
05/16/2022,EWN,NC,ASO,EN,Federal Contract Tower,6,3,13,0,22,0,3,40,0,43,6,6,53,0,65,32,0,32,97
05/17/2022,EWN,NC,ASO,EN,Federal Contract Tower,4,6,14,0,24,0,6,67,14,87,4,12,81,14,111,106,0,106,217
05/18/2022,EWN,NC,ASO,EN,Federal Contract Tower,4,5,15,0,24,0,7,72,14,93,4,12,87,14,117,166,0,166,283
05/19/2022,EWN,NC,ASO,EN,Federal Contract Tower,4,7,8,1,20,0,6,57,2,65,4,13,65,3,85,152,0,152,237
05/20/2022,EWN,NC,ASO,EN,Federal Contract Tower,4,7,16,4,31,0,1,50,3,54,4,8,66,7,85,74,0,74,159
05/21/2022,EWN,NC,ASO,EN,Federal Contract Tower,5,2,4,0,11,0,3,44,9,56,5,5,48,9,67,37,0,37,104
05/22/2022,EWN,NC,ASO,EN,Federal Contract Tower,6,2,12,1,21,0,3,34,11,48,6,5,46,12,69,58,0,58,127
05/23/2022,EWN,NC,ASO,EN,Federal Contract Tower,4,2,9,0,15,0,2,31,0,33,4,4,40,0,48,56,0,56,104
05/24/2022,EWN,NC,ASO,EN,Federal Contract Tower,3,7,4,0,14,0,0,5,0,5,3,7,9,0,19,2,0,2,21
05/25/2022,EWN,NC,ASO,EN,Federal Contract Tower,3,6,37,1,47,0,0,3,0,3,3,6,40,1,50,2,0,2,52
05/26/2022,EWN,NC,ASO,EN,Federal Contract Tower,5,6,19,1,31,0,2,24,0,26,5,8,43,1,57,46,0,46,103
05/27/2022,EWN,NC,ASO,EN,Federal Contract Tower,8,7,10,0,25,0,2,16,0,18,8,9,26,0,43,16,0,16,59
05/28/2022,EWN,NC,ASO,EN,Federal Contract Tower,4,5,5,0,14,0,3,43,0,46,4,8,48,0,60,28,0,28,88
05/29/2022,EWN,NC,ASO,EN,Federal Contract Tower,5,8,17,0,30,0,4,59,0,63,5,12,76,0,93,64,0,64,157
05/30/2022,EWN,NC,ASO,EN,Federal Contract Tower,6,1,8,0,15,0,3,54,0,57,6,4,62,0,72,98,0,98,170
05/31/2022,EWN,NC,ASO,EN,Federal Contract Tower,3,7,5,0,15,0,2,61,0,63,3,9,66,0,78,110,0,110,188
06/01/2022,EWN,NC,ASO,EN,Federal Contract Tower,4,3,23,0,30,0,8,77,0,85,4,11,100,0,115,82,0,82,197
06/02/2022,EWN,NC,ASO,EN,Federal Contract Tower,6,6,14,0,26,0,4,54,1,59,6,10,68,1,85,72,2,74,159
06/03/2022,EWN,NC,ASO,EN,Federal Contract Tower,7,9,5,2,23,0,0,34,16,50,7,9,39,18,73,18,0,18,91
06/04/2022,EWN,NC,ASO,EN,Federal Contract Tower,9,2,9,1,21,0,4,50,13,67,9,6,59,14,88,68,0,68,156
06/05/2022,EWN,NC,ASO,EN,Federal Contract Tower,5,1,10,0,16,0,5,35,14,54,5,6,45,14,70,20,0,20,90
06/06/2022,EWN,NC,ASO,EN,Federal Contract Tower,7,3,12,0,22,0,6,53,6,65,7,9,65,6,87,76,0,76,163
06/07/2022,EWN,NC,ASO,EN,Federal Contract Tower,7,6,10,0,23,0,1,66,6,73,7,7,76,6,96,174,0,174,270
06/08/2022,EWN,NC,ASO,EN,Federal Contract Tower,7,6,14,0,27,0,2,50,0,52,7,8,64,0,79,68,0,68,147
06/09/2022,EWN,NC,ASO,EN,Federal Contract Tower,7,6,13,0,26,0,4,46,6,56,7,10,59,6,82,8,0,8,90
06/10/2022,EWN,NC,ASO,EN,Federal Contract Tower,7,5,17,1,30,0,6,47,24,77,7,11,64,25,107,34,12,46,153
06/11/2022,EWN,NC,ASO,EN,Federal Contract Tower,12,4,12,2,30,0,2,49,20,71,12,6,61,22,101,96,0,96,197
06/12/2022,EWN,NC,ASO,EN,Federal Contract Tower,6,5,21,1,33,0,2,39,5,46,6,7,60,6,79,32,0,32,111
06/13/2022,EWN,NC,ASO,EN,Federal Contract Tower,7,2,15,9,33,0,8,48,1,57,7,10,63,10,90,52,20,72,162
06/14/2022,EWN,NC,ASO,EN,Federal Contract Tower,6,7,15,0,28,0,0,62,0,62,6,7,77,0,90,136,0,136,226
06/15/2022,EWN,NC,ASO,EN,Federal Contract Tower,7,11,21,2,41,0,6,77,0,83,7,17,98,2,124,108,0,108,232
06/16/2022,EWN,NC,ASO,EN,Federal Contract Tower,6,7,12,0,25,0,1,58,10,69,6,8,70,10,94,192,0,192,286
06/17/2022,EWN,NC,ASO,EN,Federal Contract Tower,3,8,20,0,31,0,2,80,0,82,3,10,100,0,113,128,0,128,241
06/18/2022,EWN,NC,ASO,EN,Federal Contract Tower,7,4,12,0,23,0,0,66,0,66,7,4,78,0,89,156,0,156,245
06/19/2022,EWN,NC,ASO,EN,Federal Contract Tower,8,4,30,0,42,0,3,36,1,40,8,7,66,1,82,82,0,82,164
06/20/2022,EWN,NC,ASO,EN,Federal Contract Tower,5,2,6,0,13,0,3,76,0,79,5,5,82,0,92,208,0,208,300
06/21/2022,EWN,NC,ASO,EN,Federal Contract Tower,6,4,11,1,22,0,5,86,3,94,6,9,97,4,116,206,0,206,322
06/22/2022,EWN,NC,ASO,EN,Federal Contract Tower,8,6,8,0,22,0,1,78,6,85,8,7,86,6,107,302,0,302,409
06/23/2022,EWN,NC,ASO,EN,Federal Contract Tower,5,5,17,6,33,0,2,71,2,75,5,7,88,8,108,266,0,266,374
06/24/2022,EWN,NC,ASO,EN,Federal Contract Tower,6,6,17,0,29,0,0,77,16,93,6,6,94,16,122,274,0,274,396
06/25/2022,EWN,NC,ASO,EN,Federal Contract Tower,7,2,3,0,12,0,11,96,13,120,7,13,99,13,132,208,0,208,340
06/26/2022,EWN,NC,ASO,EN,Federal Contract Tower,5,2,10,0,17,0,5,81,4,90,5,7,91,4,107,232,6,238,345
06/27/2022,EWN,NC,ASO,EN,Federal Contract Tower,4,3,1,0,8,0,4,67,2,73,4,7,68,2,81,226,0,226,307
06/28/2022,EWN,NC,ASO,EN,Federal Contract Tower,7,6,3,0,16,0,4,69,14,87,7,10,72,14,103,250,0,250,353
06/29/2022,EWN,NC,ASO,EN,Federal Contract Tower,5,6,10,7,28,0,2,79,10,91,5,8,89,17,119,322,0,322,441
06/30/2022,EWN,NC,ASO,EN,Federal Contract Tower,7,7,17,0,31,0,6,81,2,89,7,13,98,2,120,288,0,288,408
07/01/2022,EWN,NC,ASO,EN,Federal Contract Tower,7,6,7,0,20,0,7,43,0,50,7,13,50,0,70,228,0,228,298
07/02/2022,EWN,NC,ASO,EN,Federal Contract Tower,9,3,19,0,31,0,4,36,9,49,9,7,55,9,80,210,0,210,290
07/03/2022,EWN,NC,ASO,EN,Federal Contract Tower,5,2,3,0,10,0,3,42,3,48,5,5,45,3,58,144,0,144,202
07/04/2022,EWN,NC,ASO,EN,Federal Contract Tower,8,0,2,0,10,0,2,18,0,20,8,2,20,0,30,8,0,8,38
07/05/2022,EWN,NC,ASO,EN,Federal Contract Tower,4,3,22,0,29,0,0,71,0,71,4,3,93,0,100,236,0,236,336
07/06/2022,EWN,NC,ASO,EN,Federal Contract Tower,3,3,6,0,12,0,4,73,2,79,3,7,79,2,91,236,0,236,327
07/07/2022,EWN,NC,ASO,EN,Federal Contract Tower,6,6,13,4,29,0,6,56,0,62,6,12,69,4,91,194,0,194,285
07/08/2022,EWN,NC,ASO,EN,Federal Contract Tower,4,5,10,3,22,0,0,58,12,70,4,5,68,15,92,242,4,246,338
07/09/2022,EWN,NC,ASO,EN,Federal Contract Tower,7,3,7,0,17,0,3,18,10,31,7,6,25,10,48,56,0,56,104
07/10/2022,EWN,NC,ASO,EN,Federal Contract Tower,8,2,12,3,25,0,0,2,0,2,8,2,14,3,27,6,0,6,33
07/11/2022,EWN,NC,ASO,EN,Federal Contract Tower,7,2,35,0,44,0,2,39,0,41,7,4,74,0,85,96,0,96,181
07/12/2022,EWN,NC,ASO,EN,Federal Contract Tower,2,4,20,0,26,0,9,82,0,91,2,13,102,0,117,156,0,156,273
07/13/2022,EWN,NC,ASO,EN,Federal Contract Tower,2,8,17,0,27,0,0,74,0,74,2,8,91,0,101,116,0,116,217
07/14/2022,EWN,NC,ASO,EN,Federal Contract Tower,6,6,26,2,40,0,7,30,4,41,6,13,56,6,81,162,0,162,243
07/15/2022,EWN,NC,ASO,EN,Federal Contract Tower,7,6,21,4,38,0,3,27,11,41,7,9,48,15,79,42,0,42,121
07/16/2022,EWN,NC,ASO,EN,Federal Contract Tower,6,3,5,0,14,0,5,42,18,65,6,8,47,18,79,98,0,98,177
07/17/2022,EWN,NC,ASO,EN,Federal Contract Tower,6,7,21,0,34,0,4,51,0,55,6,11,72,0,89,44,0,44,133
07/18/2022,EWN,NC,ASO,EN,Federal Contract Tower,5,3,9,0,17,0,4,62,2,68,5,7,71,2,85,104,0,104,189
07/19/2022,EWN,NC,ASO,EN,Federal Contract Tower,6,12,14,3,35,0,0,74,9,83,6,12,88,12,118,136,0,136,254
07/20/2022,EWN,NC,ASO,EN,Federal Contract Tower,4,6,11,0,21,0,2,79,0,81,4,8,90,0,102,138,0,138,240
07/21/2022,EWN,NC,ASO,EN,Federal Contract Tower,6,6,13,5,30,0,3,66,0,69,6,9,79,5,99,128,0,128,227
07/22/2022,EWN,NC,ASO,EN,Federal Contract Tower,7,7,17,4,35,0,21,60,0,81,7,28,77,4,116,146,0,146,262
07/23/2022,EWN,NC,ASO,EN,Federal Contract Tower,7,4,13,0,24,0,4,73,1,78,7,8,86,1,102,146,0,146,248
07/24/2022,EWN,NC,ASO,EN,Federal Contract Tower,4,2,8,0,14,0,2,33,0,35,4,4,41,0,49,108,0,108,157
07/25/2022,EWN,NC,ASO,EN,Federal Contract Tower,4,2,11,4,21,0,3,72,2,77,4,5,83,6,98,142,0,142,240
07/26/2022,EWN,NC,ASO,EN,Federal Contract Tower,3,4,12,0,19,0,0,71,6,77,3,4,83,6,96,172,0,172,268
07/27/2022,EWN,NC,ASO,EN,Federal Contract Tower,5,4,18,2,29,0,6,74,4,84,5,10,92,6,113,154,4,158,271
07/28/2022,EWN,NC,ASO,EN,Federal Contract Tower,7,4,14,0,25,0,5,71,4,80,7,9,85,4,105,182,0,182,287
07/29/2022,EWN,NC,ASO,EN,Federal Contract Tower,9,7,10,0,26,0,5,72,16,93,9,12,82,16,119,114,24,138,257
07/30/2022,EWN,NC,ASO,EN,Federal Contract Tower,8,2,9,1,20,0,2,65,11,78,8,4,74,12,98,144,4,148,246
07/31/2022,EWN,NC,ASO,EN,Federal Contract Tower,4,2,11,0,17,0,0,5,0,5,4,2,16,0,22,18,0,18,40
08/01/2022,EWN,NC,ASO,EN,Federal Contract Tower,7,2,2,0,11,0,1,37,0,38,7,3,39,0,49,100,0,100,149
08/02/2022,EWN,NC,ASO,EN,Federal Contract Tower,5,4,21,0,30,0,3,80,2,85,5,7,101,2,115,264,0,264,379
08/03/2022,EWN,NC,ASO,EN,Federal Contract Tower,5,6,10,0,21,0,5,56,0,61,5,11,66,0,82,138,0,138,220
08/04/2022,EWN,NC,ASO,EN,Federal Contract Tower,9,8,14,0,31,0,6,49,3,58,9,14,63,3,89,92,0,92,181
08/05/2022,EWN,NC,ASO,EN,Federal Contract Tower,5,4,4,2,15,0,3,68,8,79,5,7,72,10,94,222,0,222,316
08/06/2022,EWN,NC,ASO,EN,Federal Contract Tower,8,2,8,0,18,0,4,54,5,63,8,6,62,5,81,122,0,122,203
08/07/2022,EWN,NC,ASO,EN,Federal Contract Tower,7,0,5,7,19,0,1,54,3,58,7,1,59,10,77,72,0,72,149
08/08/2022,EWN,NC,ASO,EN,Federal Contract Tower,4,2,5,3,14,0,2,69,0,71,4,4,74,3,85,146,0,146,231
08/09/2022,EWN,NC,ASO,EN,Federal Contract Tower,5,4,11,0,20,0,4,74,10,88,5,8,85,10,108,116,0,116,224
08/10/2022,EWN,NC,ASO,EN,Federal Contract Tower,6,6,8,0,20,0,0,56,20,76,6,6,64,20,96,152,2,154,250
08/11/2022,EWN,NC,ASO,EN,Federal Contract Tower,6,6,6,0,18,0,2,43,8,53,6,8,49,8,71,108,0,108,179
08/12/2022,EWN,NC,ASO,EN,Federal Contract Tower,4,6,19,5,34,0,0,10,2,12,4,6,29,7,46,8,0,8,54
08/13/2022,EWN,NC,ASO,EN,Federal Contract Tower,9,2,3,0,14,0,3,87,13,103,9,5,90,13,117,118,6,124,241
08/14/2022,EWN,NC,ASO,EN,Federal Contract Tower,7,3,5,0,15,0,2,41,2,45,7,5,46,2,60,8,0,8,68
08/15/2022,EWN,NC,ASO,EN,Federal Contract Tower,6,2,8,0,16,0,0,33,0,33,6,2,41,0,49,58,0,58,107
08/16/2022,EWN,NC,ASO,EN,Federal Contract Tower,3,6,14,0,23,0,0,44,0,44,3,6,58,0,67,56,0,56,123
08/17/2022,EWN,NC,ASO,EN,Federal Contract Tower,6,8,13,0,27,0,2,68,0,70,6,10,81,0,97,96,0,96,193
08/18/2022,EWN,NC,ASO,EN,Federal Contract Tower,6,9,12,0,27,0,3,60,8,71,6,12,72,8,98,78,0,78,176
08/19/2022,EWN,NC,ASO,EN,Federal Contract Tower,6,6,11,0,23,0,2,24,20,46,6,8,35,20,69,98,0,98,167
08/20/2022,EWN,NC,ASO,EN,Federal Contract Tower,6,2,12,0,20,0,8,41,16,65,6,10,53,16,85,84,0,84,169
08/21/2022,EWN,NC,ASO,EN,Federal Contract Tower,6,4,5,0,15,0,8,16,4,28,6,12,21,4,43,44,0,44,87
08/22/2022,EWN,NC,ASO,EN,Federal Contract Tower,5,2,17,0,24,0,1,14,1,16,5,3,31,1,40,44,0,44,84
08/23/2022,EWN,NC,ASO,EN,Federal Contract Tower,6,8,14,1,29,0,1,34,2,37,6,9,48,3,66,64,8,72,138
08/24/2022,EWN,NC,ASO,EN,Federal Contract Tower,6,7,13,0,26,0,3,46,0,49,6,10,59,0,75,92,0,92,167
08/25/2022,EWN,NC,ASO,EN,Federal Contract Tower,6,6,10,0,22,0,6,44,6,56,6,12,54,6,78,94,0,94,172
08/26/2022,EWN,NC,ASO,EN,Federal Contract Tower,6,7,20,2,35,0,2,50,21,73,6,9,70,23,108,102,0,102,210
08/27/2022,EWN,NC,ASO,EN,Federal Contract Tower,6,2,5,0,13,0,3,55,15,73,6,5,60,15,86,88,0,88,174
08/28/2022,EWN,NC,ASO,EN,Federal Contract Tower,6,0,7,4,17,0,1,23,11,35,6,1,30,15,52,28,0,28,80
08/29/2022,EWN,NC,ASO,EN,Federal Contract Tower,5,7,8,2,22,0,1,30,0,31,5,8,38,2,53,74,0,74,127
08/30/2022,EWN,NC,ASO,EN,Federal Contract Tower,6,5,16,0,27,0,2,55,9,66,6,7,71,9,93,132,0,132,225
08/31/2022,EWN,NC,ASO,EN,Federal Contract Tower,6,6,10,0,22,0,9,60,10,79,6,15,70,10,101,86,0,86,187
09/01/2022,EWN,NC,ASO,EN,Federal Contract Tower,4,7,15,0,26,0,2,52,12,66,4,9,67,12,92,94,0,94,186
09/02/2022,EWN,NC,ASO,EN,Federal Contract Tower,6,7,7,0,20,0,7,66,0,73,6,14,73,0,93,152,0,152,245
09/03/2022,EWN,NC,ASO,EN,Federal Contract Tower,5,2,5,0,12,0,6,33,0,39,5,8,38,0,51,56,0,56,107
09/04/2022,EWN,NC,ASO,EN,Federal Contract Tower,5,0,6,0,11,0,9,43,0,52,5,9,49,0,63,98,0,98,161
09/05/2022,EWN,NC,ASO,EN,Federal Contract Tower,6,0,8,0,14,0,9,35,0,44,6,9,43,0,58,84,0,84,142
09/06/2022,EWN,NC,ASO,EN,Federal Contract Tower,6,7,11,3,27,0,4,44,0,48,6,11,55,3,75,94,26,120,195
09/07/2022,EWN,NC,ASO,EN,Federal Contract Tower,5,9,19,3,36,0,4,23,0,27,5,13,42,3,63,34,0,34,97
09/08/2022,EWN,NC,ASO,EN,Federal Contract Tower,5,9,21,2,37,0,4,40,2,46,5,13,61,4,83,148,0,148,231
09/09/2022,EWN,NC,ASO,EN,Federal Contract Tower,5,6,37,2,50,0,2,43,14,59,5,8,80,16,109,54,0,54,163
09/10/2022,EWN,NC,ASO,EN,Federal Contract Tower,6,2,13,7,28,0,0,7,6,13,6,2,20,13,41,0,0,0,41
09/11/2022,EWN,NC,ASO,EN,Federal Contract Tower,6,0,9,0,15,0,0,11,6,17,6,0,20,6,32,18,0,18,50
09/12/2022,EWN,NC,ASO,EN,Federal Contract Tower,6,6,5,0,17,0,0,35,0,35,6,6,40,0,52,54,0,54,106
09/13/2022,EWN,NC,ASO,EN,Federal Contract Tower,6,8,16,2,32,0,6,54,0,60,6,14,70,2,92,100,0,100,192
09/14/2022,EWN,NC,ASO,EN,Federal Contract Tower,6,7,15,2,30,0,0,60,0,60,6,7,75,2,90,64,0,64,154
09/15/2022,EWN,NC,ASO,EN,Federal Contract Tower,7,14,19,2,42,0,5,55,0,60,7,19,74,2,102,120,0,120,222
09/16/2022,EWN,NC,ASO,EN,Federal Contract Tower,6,6,13,2,27,0,1,62,14,77,6,7,75,16,104,120,0,120,224
09/17/2022,EWN,NC,ASO,EN,Federal Contract Tower,5,2,12,0,19,0,4,45,2,51,5,6,57,2,70,122,0,122,192
09/18/2022,EWN,NC,ASO,EN,Federal Contract Tower,6,0,10,0,16,0,0,48,2,50,6,0,58,2,66,136,28,164,230
09/19/2022,EWN,NC,ASO,EN,Federal Contract Tower,6,2,9,2,19,0,6,51,5,62,6,8,60,7,81,122,0,122,203
09/20/2022,EWN,NC,ASO,EN,Federal Contract Tower,6,6,5,0,17,0,0,70,0,70,6,6,75,0,87,172,0,172,259
09/21/2022,EWN,NC,ASO,EN,Federal Contract Tower,6,6,12,1,25,0,1,57,3,61,6,7,69,4,86,118,8,126,212
09/22/2022,EWN,NC,ASO,EN,Federal Contract Tower,6,5,10,6,27,0,3,37,3,43,6,8,47,9,70,82,10,92,162
09/23/2022,EWN,NC,ASO,EN,Federal Contract Tower,6,6,0,0,12,0,5,36,17,58,6,11,36,17,70,46,0,46,116
09/24/2022,EWN,NC,ASO,EN,Federal Contract Tower,6,0,7,2,15,0,4,43,13,60,6,4,50,15,75,104,0,104,179
09/25/2022,EWN,NC,ASO,EN,Federal Contract Tower,6,0,3,0,9,0,3,45,2,50,6,3,48,2,59,66,0,66,125
09/26/2022,EWN,NC,ASO,EN,Federal Contract Tower,6,3,14,0,23,0,0,53,0,53,6,3,67,0,76,76,0,76,152
09/27/2022,EWN,NC,ASO,EN,Federal Contract Tower,6,11,10,1,28,0,1,56,7,64,6,12,66,8,92,78,10,88,180
09/28/2022,EWN,NC,ASO,EN,Federal Contract Tower,6,6,14,2,28,0,3,59,9,71,6,9,73,11,99,118,0,118,217
09/29/2022,EWN,NC,ASO,EN,Federal Contract Tower,6,11,11,0,28,0,3,6,2,11,6,14,17,2,39,0,0,0,39
09/30/2022,EWN,NC,ASO,EN,Federal Contract Tower,0,0,0,0,0,0,0,0,0,0,0,0,0,0,0,0,0,0,0
10/01/2022,EWN,NC,ASO,EN,Federal Contract Tower,3,1,7,0,11,0,1,10,0,11,3,2,17,0,22,20,0,20,42
10/02/2022,EWN,NC,ASO,EN,Federal Contract Tower,6,1,10,0,17,0,6,36,0,42,6,7,46,0,59,64,0,64,123
10/03/2022,EWN,NC,ASO,EN,Federal Contract Tower,6,3,12,0,21,0,0,4,0,4,6,3,16,0,25,0,0,0,25
10/04/2022,EWN,NC,ASO,EN,Federal Contract Tower,6,7,11,1,25,0,1,27,2,30,6,8,38,3,55,32,0,32,87
10/05/2022,EWN,NC,ASO,EN,Federal Contract Tower,6,7,7,0,20,0,1,51,0,52,6,8,58,0,72,62,0,62,134
10/06/2022,EWN,NC,ASO,EN,Federal Contract Tower,6,6,7,0,19,0,2,50,0,52,6,8,57,0,71,106,0,106,177
10/07/2022,EWN,NC,ASO,EN,Federal Contract Tower,6,4,10,0,20,0,4,52,0,56,6,8,62,0,76,82,0,82,158
10/08/2022,EWN,NC,ASO,EN,Federal Contract Tower,7,2,8,0,17,0,8,52,0,60,7,10,60,0,77,92,0,92,169
10/09/2022,EWN,NC,ASO,EN,Federal Contract Tower,6,2,15,0,23,0,2,65,0,67,6,4,80,0,90,20,0,20,110
10/10/2022,EWN,NC,ASO,EN,Federal Contract Tower,6,4,8,0,18,0,6,40,0,46,6,10,48,0,64,50,0,50,114
10/11/2022,EWN,NC,ASO,EN,Federal Contract Tower,8,6,16,0,30,0,8,67,4,79,8,14,83,4,109,102,0,102,211
10/12/2022,EWN,NC,ASO,EN,Federal Contract Tower,8,6,14,2,30,0,3,56,6,65,8,9,70,8,95,80,0,80,175
10/13/2022,EWN,NC,ASO,EN,Federal Contract Tower,6,6,16,0,28,0,5,21,0,26,6,11,37,0,54,24,0,24,78
10/14/2022,EWN,NC,ASO,EN,Federal Contract Tower,6,7,26,10,49,0,8,25,4,37,6,15,51,14,86,56,0,56,142
10/15/2022,EWN,NC,ASO,EN,Federal Contract Tower,9,3,6,0,18,0,8,48,22,78,9,11,54,22,96,28,0,28,124
10/16/2022,EWN,NC,ASO,EN,Federal Contract Tower,5,1,5,0,11,0,6,45,8,59,5,7,50,8,70,66,0,66,136
10/17/2022,EWN,NC,ASO,EN,Federal Contract Tower,6,2,9,1,18,0,3,27,1,31,6,5,36,2,49,36,0,36,85
10/18/2022,EWN,NC,ASO,EN,Federal Contract Tower,8,6,12,0,26,0,6,33,0,39,8,12,45,0,65,38,0,38,103
10/19/2022,EWN,NC,ASO,EN,Federal Contract Tower,8,6,10,0,24,0,0,30,2,32,8,6,40,2,56,52,8,60,116
10/20/2022,EWN,NC,ASO,EN,Federal Contract Tower,6,8,17,0,31,0,7,59,0,66,6,15,76,0,97,72,0,72,169
10/21/2022,EWN,NC,ASO,EN,Federal Contract Tower,6,6,16,0,28,0,5,60,20,85,6,11,76,20,113,84,0,84,197
10/22/2022,EWN,NC,ASO,EN,Federal Contract Tower,7,2,6,0,15,0,0,70,9,79,7,2,76,9,94,128,0,128,222
10/23/2022,EWN,NC,ASO,EN,Federal Contract Tower,6,0,11,2,19,0,0,13,0,13,6,0,24,2,32,8,0,8,40
10/24/2022,EWN,NC,ASO,EN,Federal Contract Tower,6,2,34,7,49,0,0,26,0,26,6,2,60,7,75,66,0,66,141
10/25/2022,EWN,NC,ASO,EN,Federal Contract Tower,7,7,12,4,30,0,0,2,0,2,7,7,14,4,32,0,0,0,32
10/26/2022,EWN,NC,ASO,EN,Federal Contract Tower,10,8,20,2,40,0,2,54,10,66,10,10,74,12,106,110,0,110,216
10/27/2022,EWN,NC,ASO,EN,Federal Contract Tower,5,6,29,0,40,0,3,41,0,44,5,9,70,0,84,118,0,118,202
10/28/2022,EWN,NC,ASO,EN,Federal Contract Tower,6,9,21,9,45,0,0,24,2,26,6,9,45,11,71,42,0,42,113
10/29/2022,EWN,NC,ASO,EN,Federal Contract Tower,5,2,7,7,21,0,4,9,0,13,5,6,16,7,34,6,0,6,40
10/30/2022,EWN,NC,ASO,EN,Federal Contract Tower,5,6,17,0,28,0,2,21,0,23,5,8,38,0,51,14,0,14,65
10/31/2022,EWN,NC,ASO,EN,Federal Contract Tower,3,2,14,0,19,0,0,48,0,48,3,2,62,0,67,122,0,122,189
11/01/2022,EWN,NC,ASO,EN,Federal Contract Tower,8,6,6,0,20,0,0,36,0,36,8,6,42,0,56,96,0,96,152
11/02/2022,EWN,NC,ASO,EN,Federal Contract Tower,9,7,17,6,39,0,12,54,0,66,9,19,71,6,105,92,0,92,197
11/03/2022,EWN,NC,ASO,EN,Federal Contract Tower,5,7,21,13,46,0,3,20,10,33,5,10,41,23,79,66,0,66,145
11/04/2022,EWN,NC,ASO,EN,Federal Contract Tower,5,7,25,4,41,0,0,45,9,54,5,7,70,13,95,94,4,98,193
11/05/2022,EWN,NC,ASO,EN,Federal Contract Tower,5,2,15,1,23,0,1,38,10,49,5,3,53,11,72,50,0,50,122
11/06/2022,EWN,NC,ASO,EN,Federal Contract Tower,5,0,7,0,12,0,4,49,4,57,5,4,56,4,69,126,0,126,195
11/07/2022,EWN,NC,ASO,EN,Federal Contract Tower,5,0,13,0,18,0,2,78,0,80,5,2,91,0,98,102,0,102,200
11/08/2022,EWN,NC,ASO,EN,Federal Contract Tower,5,7,13,4,29,0,3,10,10,23,5,10,23,14,52,0,0,0,52
11/09/2022,EWN,NC,ASO,EN,Federal Contract Tower,5,7,14,2,28,0,7,17,22,46,5,14,31,24,74,4,0,4,78
11/10/2022,EWN,NC,ASO,EN,Federal Contract Tower,5,5,11,5,26,0,3,13,15,31,5,8,24,20,57,32,4,36,93
11/11/2022,EWN,NC,ASO,EN,Federal Contract Tower,5,3,5,0,13,0,2,1,0,3,5,5,6,0,16,0,0,0,16
11/12/2022,EWN,NC,ASO,EN,Federal Contract Tower,5,5,7,0,17,0,3,22,0,25,5,8,29,0,42,50,0,50,92
11/13/2022,EWN,NC,ASO,EN,Federal Contract Tower,5,0,8,0,13,0,3,35,0,38,5,3,43,0,51,68,0,68,119
11/14/2022,EWN,NC,ASO,EN,Federal Contract Tower,5,0,11,0,16,0,5,61,0,66,5,5,72,0,82,114,0,114,196
11/15/2022,EWN,NC,ASO,EN,Federal Contract Tower,3,6,15,12,36,0,6,27,0,33,3,12,42,12,69,88,0,88,157
11/16/2022,EWN,NC,ASO,EN,Federal Contract Tower,7,7,15,6,35,0,2,40,4,46,7,9,55,10,81,120,0,120,201
11/17/2022,EWN,NC,ASO,EN,Federal Contract Tower,5,6,13,0,24,0,3,45,8,56,5,9,58,8,80,48,0,48,128
11/18/2022,EWN,NC,ASO,EN,Federal Contract Tower,5,8,16,0,29,0,4,63,22,89,5,12,79,22,118,128,12,140,258
11/19/2022,EWN,NC,ASO,EN,Federal Contract Tower,5,3,11,0,19,0,4,45,33,82,5,7,56,33,101,94,0,94,195
11/20/2022,EWN,NC,ASO,EN,Federal Contract Tower,5,0,8,0,13,0,2,38,5,45,5,2,46,5,58,102,0,102,160
11/21/2022,EWN,NC,ASO,EN,Federal Contract Tower,5,5,11,0,21,0,3,38,0,41,5,8,49,0,62,70,0,70,132
11/22/2022,EWN,NC,ASO,EN,Federal Contract Tower,5,10,15,3,33,0,3,48,30,81,5,13,63,33,114,78,0,78,192
11/23/2022,EWN,NC,ASO,EN,Federal Contract Tower,5,4,22,0,31,0,7,51,9,67,5,11,73,9,98,90,0,90,188
11/24/2022,EWN,NC,ASO,EN,Federal Contract Tower,2,0,1,0,3,0,5,8,0,13,2,5,9,0,16,8,0,8,24
11/25/2022,EWN,NC,ASO,EN,Federal Contract Tower,5,6,9,0,20,0,2,5,0,7,5,8,14,0,27,0,0,0,27
11/26/2022,EWN,NC,ASO,EN,Federal Contract Tower,5,4,9,0,18,0,6,91,0,97,5,10,100,0,115,90,0,90,205
11/27/2022,EWN,NC,ASO,EN,Federal Contract Tower,5,4,17,0,26,0,4,10,0,14,5,8,27,0,40,14,0,14,54
11/28/2022,EWN,NC,ASO,EN,Federal Contract Tower,5,3,9,0,17,0,10,49,4,63,5,13,58,4,80,50,0,50,130
11/29/2022,EWN,NC,ASO,EN,Federal Contract Tower,5,7,3,2,17,0,9,55,2,66,5,16,58,4,83,124,0,124,207
11/30/2022,EWN,NC,ASO,EN,Federal Contract Tower,5,6,4,0,15,0,0,13,0,13,5,6,17,0,28,24,0,24,52
12/01/2022,EWN,NC,ASO,EN,Federal Contract Tower,5,8,21,1,35,0,6,60,13,79,5,14,81,14,114,134,0,134,248
12/02/2022,EWN,NC,ASO,EN,Federal Contract Tower,5,6,27,1,39,0,9,33,4,46,5,15,60,5,85,94,0,94,179
12/03/2022,EWN,NC,ASO,EN,Federal Contract Tower,5,2,4,0,11,0,1,32,8,41,5,3,36,8,52,54,0,54,106
12/04/2022,EWN,NC,ASO,EN,Federal Contract Tower,5,0,7,0,12,0,7,31,8,46,5,7,38,8,58,68,0,68,126
12/05/2022,EWN,NC,ASO,EN,Federal Contract Tower,5,8,12,0,25,0,8,49,2,59,5,16,61,2,84,156,0,156,240
12/07/2022,EWN,NC,ASO,EN,Federal Contract Tower,5,9,21,0,35,0,4,57,0,61,5,13,78,0,96,180,14,194,290
12/08/2022,EWN,NC,ASO,EN,Federal Contract Tower,5,8,32,1,46,0,9,22,1,32,5,17,54,2,78,92,0,92,170
12/09/2022,EWN,NC,ASO,EN,Federal Contract Tower,5,8,10,1,24,0,4,39,5,48,5,12,49,6,72,116,32,148,220
12/10/2022,EWN,NC,ASO,EN,Federal Contract Tower,5,4,16,0,25,0,3,48,4,55,5,7,64,4,80,116,0,116,196
12/11/2022,EWN,NC,ASO,EN,Federal Contract Tower,5,2,5,1,13,0,6,31,2,39,5,8,36,3,52,148,0,148,200
12/12/2022,EWN,NC,ASO,EN,Federal Contract Tower,6,0,16,0,22,0,4,57,0,61,6,4,73,0,83,130,0,130,213
12/13/2022,EWN,NC,ASO,EN,Federal Contract Tower,4,6,10,0,20,0,3,59,1,63,4,9,69,1,83,116,0,116,199
12/14/2022,EWN,NC,ASO,EN,Federal Contract Tower,5,6,9,2,22,0,5,32,1,38,5,11,41,3,60,64,0,64,124
12/15/2022,EWN,NC,ASO,EN,Federal Contract Tower,9,8,6,2,25,0,0,2,0,2,9,8,8,2,27,20,0,20,47
12/16/2022,EWN,NC,ASO,EN,Federal Contract Tower,7,8,9,3,27,0,6,52,13,71,7,14,61,16,98,104,0,104,202
12/17/2022,EWN,NC,ASO,EN,Federal Contract Tower,7,2,8,0,17,0,9,46,15,70,7,11,54,15,87,74,0,74,161
12/18/2022,EWN,NC,ASO,EN,Federal Contract Tower,7,3,6,3,19,0,2,33,4,39,7,5,39,7,58,64,0,64,122
12/19/2022,EWN,NC,ASO,EN,Federal Contract Tower,8,9,2,0,19,0,5,61,0,66,8,14,63,0,85,212,0,212,297
12/20/2022,EWN,NC,ASO,EN,Federal Contract Tower,7,6,14,0,27,0,3,57,2,62,7,9,71,2,89,94,0,94,183
12/21/2022,EWN,NC,ASO,EN,Federal Contract Tower,7,6,5,0,18,0,9,56,0,65,7,15,61,0,83,216,0,216,299
12/22/2022,EWN,NC,ASO,EN,Federal Contract Tower,6,7,3,2,18,0,0,6,0,6,6,7,9,2,24,4,0,4,28
12/23/2022,EWN,NC,ASO,EN,Federal Contract Tower,7,6,2,0,15,0,1,0,0,1,7,7,2,0,16,0,0,0,16
12/24/2022,EWN,NC,ASO,EN,Federal Contract Tower,5,2,1,0,8,0,2,2,0,4,5,4,3,0,12,0,0,0,12
12/25/2022,EWN,NC,ASO,EN,Federal Contract Tower,6,0,0,0,6,0,2,1,0,3,6,2,1,0,9,0,0,0,9
12/26/2022,EWN,NC,ASO,EN,Federal Contract Tower,7,1,10,0,18,0,4,43,0,47,7,5,53,0,65,84,0,84,149
12/27/2022,EWN,NC,ASO,EN,Federal Contract Tower,7,6,4,0,17,0,3,59,4,66,7,9,63,4,83,110,0,110,193
12/28/2022,EWN,NC,ASO,EN,Federal Contract Tower,7,8,3,0,18,0,5,51,7,63,7,13,54,7,81,116,0,116,197
12/29/2022,EWN,NC,ASO,EN,Federal Contract Tower,7,6,4,0,17,0,6,42,22,70,7,12,46,22,87,66,0,66,153
12/30/2022,EWN,NC,ASO,EN,Federal Contract Tower,7,7,7,0,21,0,5,45,10,60,7,12,52,10,81,108,0,108,189
12/31/2022,EWN,NC,ASO,EN,Federal Contract Tower,6,7,2,0,15,0,0,2,0,2,6,7,4,0,17,12,0,12,29
01/01/2023,EWN,NC,ASO,EN,Federal Contract Tower,6,1,5,0,12,0,5,15,0,20,6,6,20,0,32,10,0,10,42
01/02/2023,EWN,NC,ASO,EN,Federal Contract Tower,7,5,9,0,21,0,4,37,0,41,7,9,46,0,62,116,0,116,178
01/03/2023,EWN,NC,ASO,EN,Federal Contract Tower,7,6,9,0,22,0,6,37,0,43,7,12,46,0,65,70,0,70,135
01/04/2023,EWN,NC,ASO,EN,Federal Contract Tower,7,6,8,0,21,0,3,0,0,3,7,9,8,0,24,0,0,0,24
01/05/2023,EWN,NC,ASO,EN,Federal Contract Tower,6,4,16,1,27,0,1,43,1,45,6,5,59,2,72,106,0,106,178
01/06/2023,EWN,NC,ASO,EN,Federal Contract Tower,6,7,6,0,19,0,1,68,8,77,6,8,74,8,96,148,8,156,252
01/07/2023,EWN,NC,ASO,EN,Federal Contract Tower,7,2,17,0,26,0,10,66,11,87,7,12,83,11,113,160,0,160,273
01/08/2023,EWN,NC,ASO,EN,Federal Contract Tower,7,0,10,0,17,0,5,43,10,58,7,5,53,10,75,94,0,94,169
01/09/2023,EWN,NC,ASO,EN,Federal Contract Tower,7,2,8,3,20,0,4,40,1,45,7,6,48,4,65,82,4,86,151
01/10/2023,EWN,NC,ASO,EN,Federal Contract Tower,6,6,9,0,21,0,7,55,2,64,6,13,64,2,85,182,0,182,267
01/11/2023,EWN,NC,ASO,EN,Federal Contract Tower,6,5,16,8,35,0,10,54,2,66,6,15,70,10,101,124,28,152,253
01/12/2023,EWN,NC,ASO,EN,Federal Contract Tower,5,6,14,0,25,0,4,26,5,35,5,10,40,5,60,56,0,56,116
01/13/2023,EWN,NC,ASO,EN,Federal Contract Tower,7,6,16,0,29,0,6,35,0,41,7,12,51,0,70,138,0,138,208
01/14/2023,EWN,NC,ASO,EN,Federal Contract Tower,4,2,2,0,8,0,7,8,0,15,4,9,10,0,23,4,0,4,27
01/15/2023,EWN,NC,ASO,EN,Federal Contract Tower,5,0,7,0,12,0,6,39,0,45,5,6,46,0,57,94,0,94,151
01/16/2023,EWN,NC,ASO,EN,Federal Contract Tower,6,3,21,0,30,0,3,78,0,81,6,6,99,0,111,126,0,126,237
01/17/2023,EWN,NC,ASO,EN,Federal Contract Tower,6,6,4,1,17,0,3,23,0,26,6,9,27,1,43,106,0,106,149
01/18/2023,EWN,NC,ASO,EN,Federal Contract Tower,6,6,8,0,20,0,7,43,1,51,6,13,51,1,71,110,0,110,181
01/19/2023,EWN,NC,ASO,EN,Federal Contract Tower,7,6,15,0,28,0,9,18,2,29,7,15,33,2,57,50,0,50,107
01/20/2023,EWN,NC,ASO,EN,Federal Contract Tower,7,6,14,0,27,0,5,37,22,64,7,11,51,22,91,61,16,77,168
01/21/2023,EWN,NC,ASO,EN,Federal Contract Tower,6,1,15,0,22,0,5,66,17,88,6,6,81,17,110,116,0,116,226
01/22/2023,EWN,NC,ASO,EN,Federal Contract Tower,9,0,6,3,18,0,0,2,0,2,9,0,8,3,20,0,0,0,20
01/23/2023,EWN,NC,ASO,EN,Federal Contract Tower,6,2,15,0,23,0,9,18,2,29,6,11,33,2,52,10,0,10,62
01/24/2023,EWN,NC,ASO,EN,Federal Contract Tower,6,6,21,2,35,0,8,51,0,59,6,14,72,2,94,48,0,48,142
01/25/2023,EWN,NC,ASO,EN,Federal Contract Tower,6,5,1,0,12,0,0,3,0,3,6,5,4,0,15,14,0,14,29
01/26/2023,EWN,NC,ASO,EN,Federal Contract Tower,7,6,6,3,22,0,8,37,1,46,7,14,43,4,68,108,0,108,176
01/27/2023,EWN,NC,ASO,EN,Federal Contract Tower,7,5,25,0,37,0,10,59,10,79,7,15,84,10,116,98,0,98,214
01/28/2023,EWN,NC,ASO,EN,Federal Contract Tower,6,4,5,0,15,0,5,63,5,73,6,9,68,5,88,126,0,126,214
01/29/2023,EWN,NC,ASO,EN,Federal Contract Tower,7,0,8,0,15,0,10,47,0,57,7,10,55,0,72,66,0,66,138
01/30/2023,EWN,NC,ASO,EN,Federal Contract Tower,6,6,10,0,22,0,0,0,0,0,6,6,10,0,22,0,0,0,22
01/31/2023,EWN,NC,ASO,EN,Federal Contract Tower,3,6,24,4,37,0,0,0,0,0,3,6,24,4,37,0,0,0,37
02/01/2023,EWN,NC,ASO,EN,Federal Contract Tower,7,4,11,4,26,0,0,1,0,1,7,4,12,4,27,0,0,0,27
02/02/2023,EWN,NC,ASO,EN,Federal Contract Tower,7,6,1,4,18,0,0,0,0,0,7,6,1,4,18,0,0,0,18
02/03/2023,EWN,NC,ASO,EN,Federal Contract Tower,9,6,5,1,21,0,4,29,12,45,9,10,34,13,66,56,0,56,122
02/04/2023,EWN,NC,ASO,EN,Federal Contract Tower,7,1,7,0,15,0,0,36,7,43,7,1,43,7,58,50,0,50,108
02/05/2023,EWN,NC,ASO,EN,Federal Contract Tower,7,0,4,2,13,0,1,22,3,26,7,1,26,5,39,112,0,112,151
02/06/2023,EWN,NC,ASO,EN,Federal Contract Tower,7,4,12,5,28,0,2,46,1,49,7,6,58,6,77,92,8,100,177
02/07/2023,EWN,NC,ASO,EN,Federal Contract Tower,8,7,2,4,21,0,5,48,5,58,8,12,50,9,79,180,3,183,262
02/08/2023,EWN,NC,ASO,EN,Federal Contract Tower,8,6,10,1,25,0,6,44,7,57,8,12,54,8,82,138,8,146,228
02/09/2023,EWN,NC,ASO,EN,Federal Contract Tower,7,6,20,0,33,0,7,37,2,46,7,13,57,2,79,98,0,98,177
02/10/2023,EWN,NC,ASO,EN,Federal Contract Tower,7,6,8,0,21,0,8,43,5,56,7,14,51,5,77,172,0,172,249
02/11/2023,EWN,NC,ASO,EN,Federal Contract Tower,7,2,8,0,17,0,7,51,1,59,7,9,59,1,76,112,0,112,188
02/12/2023,EWN,NC,ASO,EN,Federal Contract Tower,9,0,1,0,10,0,0,2,0,2,9,0,3,0,12,0,0,0,12
02/13/2023,EWN,NC,ASO,EN,Federal Contract Tower,7,3,9,0,19,0,6,37,2,45,7,9,46,2,64,96,0,96,160
02/14/2023,EWN,NC,ASO,EN,Federal Contract Tower,8,6,15,0,29,0,3,52,1,56,8,9,67,1,85,104,0,104,189
02/15/2023,EWN,NC,ASO,EN,Federal Contract Tower,8,11,12,0,31,0,14,55,6,75,8,25,67,6,106,92,0,92,198
02/16/2023,EWN,NC,ASO,EN,Federal Contract Tower,7,6,10,0,23,0,0,40,7,47,7,6,50,7,70,118,0,118,188
02/17/2023,EWN,NC,ASO,EN,Federal Contract Tower,7,5,3,0,15,0,8,3,2,13,7,13,6,2,28,0,0,0,28
02/18/2023,EWN,NC,ASO,EN,Federal Contract Tower,8,2,2,0,12,0,11,58,0,69,8,13,60,0,81,176,0,176,257
02/19/2023,EWN,NC,ASO,EN,Federal Contract Tower,7,0,10,0,17,0,2,68,0,70,7,2,78,0,87,230,0,230,317
02/20/2023,EWN,NC,ASO,EN,Federal Contract Tower,7,10,9,0,26,0,6,66,1,73,7,16,75,1,99,118,0,118,217
02/21/2023,EWN,NC,ASO,EN,Federal Contract Tower,7,10,9,0,26,0,3,54,6,63,7,13,63,6,89,70,0,70,159
02/22/2023,EWN,NC,ASO,EN,Federal Contract Tower,7,7,6,0,20,0,5,49,16,70,7,12,55,16,90,48,0,48,138
02/23/2023,EWN,NC,ASO,EN,Federal Contract Tower,10,10,7,0,27,0,4,15,3,22,10,14,22,3,49,16,0,16,65
02/24/2023,EWN,NC,ASO,EN,Federal Contract Tower,7,6,11,3,27,0,7,60,13,80,7,13,71,16,107,113,2,115,222
02/25/2023,EWN,NC,ASO,EN,Federal Contract Tower,9,4,17,8,38,0,1,0,0,1,9,5,17,8,39,0,0,0,39
02/26/2023,EWN,NC,ASO,EN,Federal Contract Tower,7,1,21,2,31,0,9,44,5,58,7,10,65,7,89,188,0,188,277
02/27/2023,EWN,NC,ASO,EN,Federal Contract Tower,7,3,12,3,25,0,5,46,4,55,7,8,58,7,80,84,0,84,164
02/28/2023,EWN,NC,ASO,EN,Federal Contract Tower,7,6,12,0,25,0,6,44,0,50,7,12,56,0,75,92,0,92,167
03/01/2023,EWN,NC,ASO,EN,Federal Contract Tower,5,8,20,0,33,0,8,31,0,39,5,16,51,0,72,70,0,70,142
03/02/2023,EWN,NC,ASO,EN,Federal Contract Tower,5,8,15,0,28,0,3,19,11,33,5,11,34,11,61,52,0,52,113
03/03/2023,EWN,NC,ASO,EN,Federal Contract Tower,5,4,6,2,17,0,4,31,20,55,5,8,37,22,72,86,10,96,168
03/04/2023,EWN,NC,ASO,EN,Federal Contract Tower,5,4,1,0,10,0,6,29,15,50,5,10,30,15,60,34,0,34,94
03/05/2023,EWN,NC,ASO,EN,Federal Contract Tower,5,0,11,0,16,0,6,68,2,76,5,6,79,2,92,116,0,116,208
03/06/2023,EWN,NC,ASO,EN,Federal Contract Tower,5,2,8,0,15,0,5,58,0,63,5,7,66,0,78,114,0,114,192
03/07/2023,EWN,NC,ASO,EN,Federal Contract Tower,7,6,8,0,21,0,5,37,1,43,7,11,45,1,64,36,0,36,100
03/08/2023,EWN,NC,ASO,EN,Federal Contract Tower,7,6,11,1,25,0,2,43,0,45,7,8,54,1,70,46,0,46,116
03/09/2023,EWN,NC,ASO,EN,Federal Contract Tower,6,5,15,2,28,0,0,71,2,73,6,5,86,4,101,196,0,196,297
03/10/2023,EWN,NC,ASO,EN,Federal Contract Tower,6,6,10,4,26,0,0,12,8,20,6,6,22,12,46,58,0,58,104
03/11/2023,EWN,NC,ASO,EN,Federal Contract Tower,7,4,2,0,13,0,11,40,11,62,7,15,42,11,75,92,0,92,167
03/12/2023,EWN,NC,ASO,EN,Federal Contract Tower,5,1,7,3,16,0,2,10,4,16,5,3,17,7,32,22,0,22,54
03/13/2023,EWN,NC,ASO,EN,Federal Contract Tower,6,3,16,1,26,0,2,6,2,10,6,5,22,3,36,14,0,14,50
03/14/2023,EWN,NC,ASO,EN,Federal Contract Tower,6,6,13,0,25,0,2,36,13,51,6,8,49,13,76,84,0,84,160
03/15/2023,EWN,NC,ASO,EN,Federal Contract Tower,5,8,7,0,20,0,4,34,2,40,5,12,41,2,60,58,0,58,118
03/16/2023,EWN,NC,ASO,EN,Federal Contract Tower,5,6,17,2,30,0,8,77,5,90,5,14,94,7,120,186,0,186,306
03/17/2023,EWN,NC,ASO,EN,Federal Contract Tower,4,8,7,0,19,0,0,46,2,48,4,8,53,2,67,74,0,74,141
03/18/2023,EWN,NC,ASO,EN,Federal Contract Tower,5,2,11,1,19,0,0,4,0,4,5,2,15,1,23,50,0,50,73
03/19/2023,EWN,NC,ASO,EN,Federal Contract Tower,5,0,8,0,13,0,7,87,0,94,5,7,95,0,107,164,0,164,271
03/20/2023,EWN,NC,ASO,EN,Federal Contract Tower,5,2,10,0,17,0,10,71,4,85,5,12,81,4,102,182,0,182,284
03/21/2023,EWN,NC,ASO,EN,Federal Contract Tower,7,5,14,6,32,0,14,65,11,90,7,19,79,17,122,144,0,144,266
03/22/2023,EWN,NC,ASO,EN,Federal Contract Tower,7,5,11,0,23,0,5,69,3,77,7,10,80,3,100,190,6,196,296
03/23/2023,EWN,NC,ASO,EN,Federal Contract Tower,5,7,9,0,21,0,12,19,4,35,5,19,28,4,56,42,0,42,98
03/24/2023,EWN,NC,ASO,EN,Federal Contract Tower,5,6,8,0,19,0,3,63,14,80,5,9,71,14,99,136,0,136,235
03/25/2023,EWN,NC,ASO,EN,Federal Contract Tower,5,2,0,2,9,0,4,45,9,58,5,6,45,11,67,86,0,86,153
03/26/2023,EWN,NC,ASO,EN,Federal Contract Tower,5,2,15,7,29,0,2,26,1,29,5,4,41,8,58,64,0,64,122
03/27/2023,EWN,NC,ASO,EN,Federal Contract Tower,5,4,7,0,16,0,2,54,0,56,5,6,61,0,72,172,0,172,244
03/28/2023,EWN,NC,ASO,EN,Federal Contract Tower,6,6,20,0,32,0,4,68,0,72,6,10,88,0,104,166,0,166,270
03/29/2023,EWN,NC,ASO,EN,Federal Contract Tower,5,6,20,6,37,0,1,64,0,65,5,7,84,6,102,178,2,180,282
03/30/2023,EWN,NC,ASO,EN,Federal Contract Tower,5,8,14,2,29,0,5,56,0,61,5,13,70,2,90,162,0,162,252
03/31/2023,EWN,NC,ASO,EN,Federal Contract Tower,5,6,12,2,25,0,5,43,5,53,5,11,55,7,78,52,0,52,130
04/01/2023,EWN,NC,ASO,EN,Federal Contract Tower,5,3,2,0,10,0,6,2,12,20,5,9,4,12,30,0,0,0,30
04/02/2023,EWN,NC,ASO,EN,Federal Contract Tower,5,0,19,0,24,0,11,58,5,74,5,11,77,5,98,134,0,134,232
04/03/2023,EWN,NC,ASO,EN,Federal Contract Tower,5,3,12,0,20,0,4,82,0,86,5,7,94,0,106,306,0,306,412
04/04/2023,EWN,NC,ASO,EN,Federal Contract Tower,7,7,11,4,29,0,5,68,2,75,7,12,79,6,104,194,0,194,298
04/05/2023,EWN,NC,ASO,EN,Federal Contract Tower,7,6,9,2,24,0,11,49,0,60,7,17,58,2,84,160,0,160,244
04/06/2023,EWN,NC,ASO,EN,Federal Contract Tower,4,9,19,0,32,0,7,48,5,60,4,16,67,5,92,102,6,108,200
04/07/2023,EWN,NC,ASO,EN,Federal Contract Tower,8,7,28,4,47,0,0,0,0,0,8,7,28,4,47,0,0,0,47
04/08/2023,EWN,NC,ASO,EN,Federal Contract Tower,7,4,5,4,20,0,0,0,0,0,7,4,5,4,20,0,0,0,20
04/09/2023,EWN,NC,ASO,EN,Federal Contract Tower,8,0,7,0,15,0,2,6,2,10,8,2,13,2,25,0,0,0,25
04/10/2023,EWN,NC,ASO,EN,Federal Contract Tower,8,2,16,0,26,0,15,74,0,89,8,17,90,0,115,162,0,162,277
04/11/2023,EWN,NC,ASO,EN,Federal Contract Tower,8,8,18,1,35,0,8,76,15,99,8,16,94,16,134,114,0,114,248
04/12/2023,EWN,NC,ASO,EN,Federal Contract Tower,8,5,17,0,30,0,12,81,9,102,8,17,98,9,132,148,0,148,280
04/13/2023,EWN,NC,ASO,EN,Federal Contract Tower,8,6,16,0,30,0,8,68,11,87,8,14,84,11,117,232,0,232,349
04/14/2023,EWN,NC,ASO,EN,Federal Contract Tower,8,7,23,0,38,0,2,18,5,25,8,9,41,5,63,84,0,84,147
04/15/2023,EWN,NC,ASO,EN,Federal Contract Tower,8,2,16,0,26,0,4,48,0,52,8,6,64,0,78,102,0,102,180
04/16/2023,EWN,NC,ASO,EN,Federal Contract Tower,8,0,13,0,21,0,4,41,0,45,8,4,54,0,66,120,0,120,186
04/17/2023,EWN,NC,ASO,EN,Federal Contract Tower,8,2,8,0,18,0,4,55,2,61,8,6,63,2,79,192,0,192,271
04/18/2023,EWN,NC,ASO,EN,Federal Contract Tower,8,6,21,2,37,0,11,65,6,82,8,17,86,8,119,86,2,88,207
04/19/2023,EWN,NC,ASO,EN,Federal Contract Tower,7,6,17,0,30,0,4,64,11,79,7,10,81,11,109,160,0,160,269
04/20/2023,EWN,NC,ASO,EN,Federal Contract Tower,8,6,25,1,40,0,26,57,15,98,8,32,82,16,138,118,10,128,266
04/21/2023,EWN,NC,ASO,EN,Federal Contract Tower,8,6,9,1,24,0,35,44,10,89,8,41,53,11,113,100,0,100,213
04/22/2023,EWN,NC,ASO,EN,Federal Contract Tower,7,5,2,1,15,0,27,4,2,33,7,32,6,3,48,4,0,4,52
04/23/2023,EWN,NC,ASO,EN,Federal Contract Tower,7,0,16,1,24,0,16,67,2,85,7,16,83,3,109,122,0,122,231
04/24/2023,EWN,NC,ASO,EN,Federal Contract Tower,8,2,9,0,19,0,8,61,1,70,8,10,70,1,89,214,0,214,303
04/25/2023,EWN,NC,ASO,EN,Federal Contract Tower,8,6,8,0,22,0,7,77,16,100,8,13,85,16,122,152,0,152,274
04/26/2023,EWN,NC,ASO,EN,Federal Contract Tower,9,6,9,0,24,0,6,39,6,51,9,12,48,6,75,114,0,114,189
04/27/2023,EWN,NC,ASO,EN,Federal Contract Tower,7,6,6,1,20,0,3,21,0,24,7,9,27,1,44,54,0,54,98
04/28/2023,EWN,NC,ASO,EN,Federal Contract Tower,7,6,3,4,20,0,6,19,4,29,7,12,22,8,49,8,0,8,57
04/29/2023,EWN,NC,ASO,EN,Federal Contract Tower,8,2,10,9,29,0,12,51,2,65,8,14,61,11,94,138,0,138,232
04/30/2023,EWN,NC,ASO,EN,Federal Contract Tower,8,2,4,1,15,0,0,2,4,6,8,2,6,5,21,0,0,0,21
05/01/2023,EWN,NC,ASO,EN,Federal Contract Tower,8,2,9,0,19,0,8,34,0,42,8,10,43,0,61,8,0,8,69
05/02/2023,EWN,NC,ASO,EN,Federal Contract Tower,8,5,8,0,21,0,6,33,6,45,8,11,41,6,66,108,0,108,174
05/03/2023,EWN,NC,ASO,EN,Federal Contract Tower,7,6,4,0,17,0,8,37,0,45,7,14,41,0,62,78,0,78,140
05/04/2023,EWN,NC,ASO,EN,Federal Contract Tower,7,4,12,0,23,0,9,57,4,70,7,13,69,4,93,100,0,100,193
05/05/2023,EWN,NC,ASO,EN,Federal Contract Tower,9,8,9,0,26,0,3,86,2,91,9,11,95,2,117,208,4,212,329
05/06/2023,EWN,NC,ASO,EN,Federal Contract Tower,8,2,6,0,16,0,6,47,0,53,8,8,53,0,69,42,0,42,111
05/07/2023,EWN,NC,ASO,EN,Federal Contract Tower,9,3,7,0,19,0,6,45,0,51,9,9,52,0,70,72,0,72,142
05/08/2023,EWN,NC,ASO,EN,Federal Contract Tower,9,2,12,2,25,0,1,46,0,47,9,3,58,2,72,178,4,182,254
05/09/2023,EWN,NC,ASO,EN,Federal Contract Tower,7,5,8,0,20,0,7,39,0,46,7,12,47,0,66,60,0,60,126
05/10/2023,EWN,NC,ASO,EN,Federal Contract Tower,9,7,13,0,29,0,6,63,0,69,9,13,76,0,98,158,0,158,256
05/11/2023,EWN,NC,ASO,EN,Federal Contract Tower,10,4,34,2,50,0,6,63,2,71,10,10,97,4,121,114,0,114,235
05/12/2023,EWN,NC,ASO,EN,Federal Contract Tower,9,5,16,0,30,0,9,56,4,69,9,14,72,4,99,96,2,98,197
05/13/2023,EWN,NC,ASO,EN,Federal Contract Tower,9,1,3,0,13,0,8,66,0,74,9,9,69,0,87,118,0,118,205
05/14/2023,EWN,NC,ASO,EN,Federal Contract Tower,9,0,8,0,17,0,3,20,0,23,9,3,28,0,40,102,0,102,142
05/15/2023,EWN,NC,ASO,EN,Federal Contract Tower,9,2,18,0,29,0,10,63,0,73,9,12,81,0,102,146,0,146,248
05/16/2023,EWN,NC,ASO,EN,Federal Contract Tower,7,5,13,1,26,0,8,29,1,38,7,13,42,2,64,54,2,56,120
05/17/2023,EWN,NC,ASO,EN,Federal Contract Tower,9,8,14,2,33,0,10,42,0,52,9,18,56,2,85,98,0,98,183
05/18/2023,EWN,NC,ASO,EN,Federal Contract Tower,10,3,13,0,26,0,9,42,0,51,10,12,55,0,77,8,0,8,85
05/19/2023,EWN,NC,ASO,EN,Federal Contract Tower,9,5,11,0,25,0,0,1,0,1,9,5,12,0,26,0,0,0,26
05/20/2023,EWN,NC,ASO,EN,Federal Contract Tower,9,2,18,13,42,0,4,16,0,20,9,6,34,13,62,58,0,58,120
05/21/2023,EWN,NC,ASO,EN,Federal Contract Tower,9,6,7,7,29,0,3,12,0,15,9,9,19,7,44,20,4,24,68
05/22/2023,EWN,NC,ASO,EN,Federal Contract Tower,9,5,8,0,22,0,3,57,4,64,9,8,65,4,86,218,0,218,304
05/23/2023,EWN,NC,ASO,EN,Federal Contract Tower,8,6,13,4,31,0,12,54,0,66,8,18,67,4,97,120,14,134,231
05/24/2023,EWN,NC,ASO,EN,Federal Contract Tower,9,5,14,0,28,0,5,39,0,44,9,10,53,0,72,110,0,110,182
05/25/2023,EWN,NC,ASO,EN,Federal Contract Tower,10,8,13,0,31,0,4,37,0,41,10,12,50,0,72,100,0,100,172
05/26/2023,EWN,NC,ASO,EN,Federal Contract Tower,9,6,10,0,25,0,13,20,0,33,9,19,30,0,58,85,0,85,143
05/27/2023,EWN,NC,ASO,EN,Federal Contract Tower,8,4,4,0,16,0,0,1,0,1,8,4,5,0,17,0,0,0,17
05/28/2023,EWN,NC,ASO,EN,Federal Contract Tower,9,0,6,2,17,0,1,5,0,6,9,1,11,2,23,28,0,28,51
05/29/2023,EWN,NC,ASO,EN,Federal Contract Tower,9,1,10,3,23,0,9,37,1,47,9,10,47,4,70,130,0,130,200
05/30/2023,EWN,NC,ASO,EN,Federal Contract Tower,8,3,17,0,28,0,6,26,0,32,8,9,43,0,60,120,0,120,180
05/31/2023,EWN,NC,ASO,EN,Federal Contract Tower,9,6,19,3,37,0,2,6,0,8,9,8,25,3,45,24,0,24,69
06/01/2023,EWN,NC,ASO,EN,Federal Contract Tower,7,8,20,2,37,0,2,26,0,28,7,10,46,2,65,142,0,142,207
06/02/2023,EWN,NC,ASO,EN,Federal Contract Tower,8,7,22,2,39,0,8,27,0,35,8,15,49,2,74,38,4,42,116
06/03/2023,EWN,NC,ASO,EN,Federal Contract Tower,10,3,24,0,37,0,9,31,0,40,10,12,55,0,77,28,0,28,105
06/04/2023,EWN,NC,ASO,EN,Federal Contract Tower,8,3,15,2,28,0,4,27,0,31,8,7,42,2,59,56,0,56,115
06/05/2023,EWN,NC,ASO,EN,Federal Contract Tower,8,3,9,0,20,0,3,96,4,103,8,6,105,4,123,186,12,198,321
06/06/2023,EWN,NC,ASO,EN,Federal Contract Tower,9,8,11,1,29,0,5,58,6,69,9,13,69,7,98,122,2,124,222
06/07/2023,EWN,NC,ASO,EN,Federal Contract Tower,9,13,35,5,62,0,4,23,4,31,9,17,58,9,93,60,0,60,153
06/08/2023,EWN,NC,ASO,EN,Federal Contract Tower,7,9,25,10,51,0,8,34,0,42,7,17,59,10,93,54,0,54,147
06/09/2023,EWN,NC,ASO,EN,Federal Contract Tower,8,7,18,0,33,0,5,47,10,62,8,12,65,10,95,80,0,80,175
06/10/2023,EWN,NC,ASO,EN,Federal Contract Tower,10,4,11,0,25,0,2,72,0,74,10,6,83,0,99,76,0,76,175
06/11/2023,EWN,NC,ASO,EN,Federal Contract Tower,8,0,9,0,17,0,4,59,6,69,8,4,68,6,86,102,0,102,188
06/12/2023,EWN,NC,ASO,EN,Federal Contract Tower,10,2,0,0,12,0,1,28,0,29,10,3,28,0,41,32,0,32,73
06/13/2023,EWN,NC,ASO,EN,Federal Contract Tower,9,7,18,0,34,0,10,76,8,94,9,17,94,8,128,136,0,136,264
06/14/2023,EWN,NC,ASO,EN,Federal Contract Tower,9,6,8,0,23,0,6,31,4,41,9,12,39,4,64,40,0,40,104
06/15/2023,EWN,NC,ASO,EN,Federal Contract Tower,8,9,11,2,30,0,6,78,4,88,8,15,89,6,118,140,0,140,258
06/16/2023,EWN,NC,ASO,EN,Federal Contract Tower,7,10,13,0,30,0,8,73,0,81,7,18,86,0,111,140,0,140,251
06/17/2023,EWN,NC,ASO,EN,Federal Contract Tower,10,2,8,0,20,0,5,57,4,66,10,7,65,4,86,106,0,106,192
06/18/2023,EWN,NC,ASO,EN,Federal Contract Tower,8,6,23,0,37,0,4,44,0,48,8,10,67,0,85,132,0,132,217
06/19/2023,EWN,NC,ASO,EN,Federal Contract Tower,11,2,12,1,26,0,6,53,4,63,11,8,65,5,89,232,0,232,321
06/20/2023,EWN,NC,ASO,EN,Federal Contract Tower,9,6,24,0,39,0,2,26,0,28,9,8,50,0,67,114,0,114,181
06/21/2023,EWN,NC,ASO,EN,Federal Contract Tower,8,8,22,0,38,0,0,9,0,9,8,8,31,0,47,32,0,32,79
06/22/2023,EWN,NC,ASO,EN,Federal Contract Tower,8,7,10,0,25,0,1,28,0,29,8,8,38,0,54,106,0,106,160
06/23/2023,EWN,NC,ASO,EN,Federal Contract Tower,8,6,11,3,28,0,0,34,6,40,8,6,45,9,68,86,12,98,166
06/24/2023,EWN,NC,ASO,EN,Federal Contract Tower,10,5,11,0,26,0,4,42,12,58,10,9,53,12,84,142,0,142,226
06/25/2023,EWN,NC,ASO,EN,Federal Contract Tower,10,3,5,0,18,0,4,54,4,62,10,7,59,4,80,82,0,82,162
06/26/2023,EWN,NC,ASO,EN,Federal Contract Tower,6,9,10,0,25,0,3,28,2,33,6,12,38,2,58,82,26,108,166
06/27/2023,EWN,NC,ASO,EN,Federal Contract Tower,9,7,7,0,23,0,6,56,0,62,9,13,63,0,85,182,0,182,267
06/28/2023,EWN,NC,ASO,EN,Federal Contract Tower,8,7,12,1,28,0,9,59,2,70,8,16,71,3,98,212,0,212,310
06/29/2023,EWN,NC,ASO,EN,Federal Contract Tower,8,9,8,1,26,0,4,58,2,64,8,13,66,3,90,106,0,106,196
06/30/2023,EWN,NC,ASO,EN,Federal Contract Tower,8,9,19,2,38,0,1,61,10,72,8,10,80,12,110,196,0,196,306
07/01/2023,EWN,NC,ASO,EN,Federal Contract Tower,10,2,11,0,23,0,7,40,10,57,10,9,51,10,80,130,0,130,210
07/02/2023,EWN,NC,ASO,EN,Federal Contract Tower,8,4,7,0,19,0,3,51,0,54,8,7,58,0,73,104,0,104,177
07/03/2023,EWN,NC,ASO,EN,Federal Contract Tower,9,2,4,0,15,0,2,50,0,52,9,4,54,0,67,90,0,90,157
07/04/2023,EWN,NC,ASO,EN,Federal Contract Tower,8,1,1,0,10,0,3,8,2,13,8,4,9,2,23,0,0,0,23
07/05/2023,EWN,NC,ASO,EN,Federal Contract Tower,9,5,6,0,20,0,1,24,0,25,9,6,30,0,45,24,0,24,69
07/06/2023,EWN,NC,ASO,EN,Federal Contract Tower,9,6,1,0,16,0,1,17,0,18,9,7,18,0,34,30,0,30,64
07/07/2023,EWN,NC,ASO,EN,Federal Contract Tower,8,6,7,0,21,0,7,64,3,74,8,13,71,3,95,98,0,98,193
07/08/2023,EWN,NC,ASO,EN,Federal Contract Tower,10,4,2,0,16,0,4,65,2,71,10,8,67,2,87,194,0,194,281
07/09/2023,EWN,NC,ASO,EN,Federal Contract Tower,12,2,0,0,14,0,2,33,2,37,12,4,33,2,51,92,0,92,143
07/10/2023,EWN,NC,ASO,EN,Federal Contract Tower,10,4,6,2,22,0,7,53,2,62,10,11,59,4,84,94,0,94,178
07/11/2023,EWN,NC,ASO,EN,Federal Contract Tower,10,7,11,0,28,0,6,64,0,70,10,13,75,0,98,96,0,96,194
07/12/2023,EWN,NC,ASO,EN,Federal Contract Tower,11,7,11,3,32,0,4,58,7,69,11,11,69,10,101,112,16,128,229
07/13/2023,EWN,NC,ASO,EN,Federal Contract Tower,10,8,19,0,37,0,7,50,4,61,10,15,69,4,98,48,0,48,146
07/14/2023,EWN,NC,ASO,EN,Federal Contract Tower,10,14,19,1,44,0,7,18,13,38,10,21,37,14,82,20,0,20,102
07/15/2023,EWN,NC,ASO,EN,Federal Contract Tower,11,2,11,0,24,0,4,31,9,44,11,6,42,9,68,48,6,54,122
07/16/2023,EWN,NC,ASO,EN,Federal Contract Tower,12,3,15,0,30,0,1,34,4,39,12,4,49,4,69,90,0,90,159
07/17/2023,EWN,NC,ASO,EN,Federal Contract Tower,7,3,3,0,13,0,10,66,0,76,7,13,69,0,89,114,0,114,203
07/18/2023,EWN,NC,ASO,EN,Federal Contract Tower,9,6,6,3,24,0,6,25,1,32,9,12,31,4,56,30,10,40,96
07/19/2023,EWN,NC,ASO,EN,Federal Contract Tower,10,6,11,1,28,0,6,34,4,44,10,12,45,5,72,28,0,28,100
07/20/2023,EWN,NC,ASO,EN,Federal Contract Tower,10,8,9,0,27,0,7,50,5,62,10,15,59,5,89,96,0,96,185
07/21/2023,EWN,NC,ASO,EN,Federal Contract Tower,10,8,16,1,35,0,6,61,0,67,10,14,77,1,102,76,0,76,178
07/22/2023,EWN,NC,ASO,EN,Federal Contract Tower,12,2,7,0,21,0,2,27,0,29,12,4,34,0,50,54,0,54,104
07/23/2023,EWN,NC,ASO,EN,Federal Contract Tower,9,0,5,0,14,0,6,25,0,31,9,6,30,0,45,102,0,102,147
07/24/2023,EWN,NC,ASO,EN,Federal Contract Tower,10,2,5,0,17,0,1,44,0,45,10,3,49,0,62,214,0,214,276
07/25/2023,EWN,NC,ASO,EN,Federal Contract Tower,8,6,4,0,18,0,9,61,6,76,8,15,65,6,94,154,0,154,248
07/26/2023,EWN,NC,ASO,EN,Federal Contract Tower,10,6,14,1,31,0,6,43,1,50,10,12,57,2,81,100,0,100,181
07/27/2023,EWN,NC,ASO,EN,Federal Contract Tower,10,8,8,0,26,0,4,57,0,61,10,12,65,0,87,56,0,56,143
07/28/2023,EWN,NC,ASO,EN,Federal Contract Tower,10,6,13,0,29,0,8,32,8,48,10,14,45,8,77,60,0,60,137
07/29/2023,EWN,NC,ASO,EN,Federal Contract Tower,11,2,2,2,17,0,3,13,2,18,11,5,15,4,35,28,0,28,63
07/30/2023,EWN,NC,ASO,EN,Federal Contract Tower,10,2,22,0,34,0,14,27,0,41,10,16,49,0,75,46,0,46,121
07/31/2023,EWN,NC,ASO,EN,Federal Contract Tower,10,2,7,0,19,0,4,38,0,42,10,6,45,0,61,60,0,60,121
08/01/2023,EWN,NC,ASO,EN,Federal Contract Tower,11,4,11,0,26,0,6,51,0,57,11,10,62,0,83,54,0,54,137
08/02/2023,EWN,NC,ASO,EN,Federal Contract Tower,10,6,17,0,33,0,5,54,0,59,10,11,71,0,92,62,0,62,154
08/03/2023,EWN,NC,ASO,EN,Federal Contract Tower,10,4,12,0,26,0,7,47,6,60,10,11,59,6,86,66,0,66,152
08/04/2023,EWN,NC,ASO,EN,Federal Contract Tower,7,4,0,12,23,0,2,16,6,24,7,6,16,18,47,62,0,62,109
08/05/2023,EWN,NC,ASO,EN,Federal Contract Tower,9,3,8,2,22,0,2,20,2,24,9,5,28,4,46,58,0,58,104
08/06/2023,EWN,NC,ASO,EN,Federal Contract Tower,9,2,19,0,30,0,5,49,0,54,9,7,68,0,84,132,0,132,216
08/07/2023,EWN,NC,ASO,EN,Federal Contract Tower,7,7,11,0,25,0,7,36,6,49,7,14,47,6,74,46,0,46,120
08/08/2023,EWN,NC,ASO,EN,Federal Contract Tower,9,9,12,0,30,0,6,41,1,48,9,15,53,1,78,52,0,52,130
08/09/2023,EWN,NC,ASO,EN,Federal Contract Tower,7,6,6,0,19,0,2,45,6,53,7,8,51,6,72,106,0,106,178
08/10/2023,EWN,NC,ASO,EN,Federal Contract Tower,8,6,4,0,18,0,7,21,6,34,8,13,25,6,52,28,0,28,80
08/11/2023,EWN,NC,ASO,EN,Federal Contract Tower,7,7,26,4,44,0,8,50,10,68,7,15,76,14,112,72,2,74,186
08/12/2023,EWN,NC,ASO,EN,Federal Contract Tower,9,3,6,0,18,0,7,45,17,69,9,10,51,17,87,78,0,78,165
08/13/2023,EWN,NC,ASO,EN,Federal Contract Tower,8,0,1,0,9,0,8,40,3,51,8,8,41,3,60,72,0,72,132
08/14/2023,EWN,NC,ASO,EN,Federal Contract Tower,7,3,11,0,21,0,3,43,3,49,7,6,54,3,70,58,0,58,128
08/15/2023,EWN,NC,ASO,EN,Federal Contract Tower,10,5,5,0,20,0,1,49,0,50,10,6,54,0,70,74,4,78,148
08/16/2023,EWN,NC,ASO,EN,Federal Contract Tower,9,6,7,0,22,0,4,33,0,37,9,10,40,0,59,26,0,26,85
08/17/2023,EWN,NC,ASO,EN,Federal Contract Tower,10,6,5,0,21,0,7,41,0,48,10,13,46,0,69,64,0,64,133
08/18/2023,EWN,NC,ASO,EN,Federal Contract Tower,11,9,9,0,29,0,28,65,0,93,11,37,74,0,122,68,0,68,190
08/19/2023,EWN,NC,ASO,EN,Federal Contract Tower,12,3,5,0,20,0,9,36,0,45,12,12,41,0,65,82,0,82,147
08/20/2023,EWN,NC,ASO,EN,Federal Contract Tower,9,0,5,0,14,0,10,40,0,50,9,10,45,0,64,100,0,100,164
08/21/2023,EWN,NC,ASO,EN,Federal Contract Tower,9,4,7,1,21,0,4,57,0,61,9,8,64,1,82,76,4,80,162
08/22/2023,EWN,NC,ASO,EN,Federal Contract Tower,11,7,12,2,32,0,4,57,0,61,11,11,69,2,93,48,0,48,141
08/23/2023,EWN,NC,ASO,EN,Federal Contract Tower,10,6,15,10,41,0,3,42,1,46,10,9,57,11,87,94,2,96,183
08/24/2023,EWN,NC,ASO,EN,Federal Contract Tower,10,6,15,2,33,0,4,71,1,76,10,10,86,3,109,118,14,132,241
08/25/2023,EWN,NC,ASO,EN,Federal Contract Tower,10,9,8,3,30,0,10,63,8,81,10,19,71,11,111,74,0,74,185
08/26/2023,EWN,NC,ASO,EN,Federal Contract Tower,12,2,6,1,21,0,0,44,5,49,12,2,50,6,70,104,0,104,174
08/27/2023,EWN,NC,ASO,EN,Federal Contract Tower,10,1,1,0,12,0,0,16,2,18,10,1,17,2,30,34,0,34,64
08/28/2023,EWN,NC,ASO,EN,Federal Contract Tower,10,2,11,0,23,0,0,37,0,37,10,2,48,0,60,46,0,46,106
08/29/2023,EWN,NC,ASO,EN,Federal Contract Tower,9,6,5,2,22,0,4,37,0,41,9,10,42,2,63,94,12,106,169
08/30/2023,EWN,NC,ASO,EN,Federal Contract Tower,10,6,11,0,27,0,3,32,0,35,10,9,43,0,62,56,0,56,118
08/31/2023,EWN,NC,ASO,EN,Federal Contract Tower,10,2,1,0,13,0,3,0,0,3,10,5,1,0,16,0,0,0,16
