01/01/2000,EWR,NJ,AEA,EN,Combined TRACON& Tower with Radar,625,84,3,0,712,2,7,3,0,12,627,91,6,0,724,0,0,0,724
01/02/2000,EWR,NJ,AEA,EN,Combined TRACON& Tower with Radar,896,135,11,0,1042,0,7,4,0,11,896,142,15,0,1053,0,0,0,1053
01/03/2000,EWR,NJ,AEA,EN,Combined TRACON& Tower with Radar,1007,205,27,0,1239,1,7,4,0,12,1008,212,31,0,1251,0,0,0,1251
01/04/2000,EWR,NJ,AEA,EN,Combined TRACON& Tower with Radar,1013,193,40,0,1246,1,7,3,0,11,1014,200,43,0,1257,0,0,0,1257
01/05/2000,EWR,NJ,AEA,EN,Combined TRACON& Tower with Radar,1076,241,42,1,1360,1,5,4,0,10,1077,246,46,1,1370,0,0,0,1370
01/06/2000,EWR,NJ,AEA,EN,Combined TRACON& Tower with Radar,1037,259,45,1,1342,1,5,3,1,10,1038,264,48,2,1352,0,0,0,1352
01/07/2000,EWR,NJ,AEA,EN,Combined TRACON& Tower with Radar,1076,232,23,0,1331,2,5,3,0,10,1078,237,26,0,1341,0,0,0,1341
01/08/2000,EWR,NJ,AEA,EN,Combined TRACON& Tower with Radar,809,134,4,0,947,2,6,3,0,11,811,140,7,0,958,0,0,0,958
01/09/2000,EWR,NJ,AEA,EN,Combined TRACON& Tower with Radar,849,184,8,0,1041,2,6,3,0,11,851,190,11,0,1052,0,0,0,1052
01/10/2000,EWR,NJ,AEA,EN,Combined TRACON& Tower with Radar,921,185,51,0,1157,2,6,3,0,11,923,191,54,0,1168,0,0,0,1168
01/11/2000,EWR,NJ,AEA,EN,Combined TRACON& Tower with Radar,1007,270,31,0,1308,2,6,3,0,11,1009,276,34,0,1319,0,0,0,1319
01/12/2000,EWR,NJ,AEA,EN,Combined TRACON& Tower with Radar,1035,254,58,0,1347,2,6,3,0,11,1037,260,61,0,1358,0,0,0,1358
01/13/2000,EWR,NJ,AEA,EN,Combined TRACON& Tower with Radar,974,205,35,0,1214,2,6,3,0,11,976,211,38,0,1225,0,0,0,1225
01/14/2000,EWR,NJ,AEA,EN,Combined TRACON& Tower with Radar,1036,235,68,0,1339,2,6,3,0,11,1038,241,71,0,1350,0,0,0,1350
01/15/2000,EWR,NJ,AEA,EN,Combined TRACON& Tower with Radar,807,143,16,0,966,2,6,3,0,11,809,149,19,0,977,0,0,0,977
01/16/2000,EWR,NJ,AEA,EN,Combined TRACON& Tower with Radar,886,146,16,0,1048,2,6,3,0,11,888,152,19,0,1059,0,0,0,1059
01/17/2000,EWR,NJ,AEA,EN,Combined TRACON& Tower with Radar,954,190,30,0,1174,0,15,5,0,20,954,205,35,0,1194,0,0,0,1194
01/18/2000,EWR,NJ,AEA,EN,Combined TRACON& Tower with Radar,1009,222,43,0,1274,2,6,3,0,11,1011,228,46,0,1285,0,0,0,1285
01/19/2000,EWR,NJ,AEA,EN,Combined TRACON& Tower with Radar,1010,246,47,0,1303,1,5,2,0,8,1011,251,49,0,1311,0,0,0,1311
01/20/2000,EWR,NJ,AEA,EN,Combined TRACON& Tower with Radar,801,114,42,0,957,2,5,3,0,10,803,119,45,0,967,0,0,0,967
01/21/2000,EWR,NJ,AEA,EN,Combined TRACON& Tower with Radar,978,171,39,0,1188,2,6,3,0,11,980,177,42,0,1199,0,0,0,1199
01/22/2000,EWR,NJ,AEA,EN,Combined TRACON& Tower with Radar,813,141,5,0,959,2,6,3,0,11,815,147,8,0,970,0,0,0,970
01/23/2000,EWR,NJ,AEA,EN,Combined TRACON& Tower with Radar,841,131,30,0,1002,2,6,3,0,11,843,137,33,0,1013,0,0,0,1013
01/24/2000,EWR,NJ,AEA,EN,Combined TRACON& Tower with Radar,971,201,32,0,1204,0,48,14,0,62,971,249,46,0,1266,0,0,0,1266
01/25/2000,EWR,NJ,AEA,EN,Combined TRACON& Tower with Radar,248,13,41,0,302,2,6,3,0,11,250,19,44,0,313,0,0,0,313
01/26/2000,EWR,NJ,AEA,EN,Combined TRACON& Tower with Radar,903,190,30,0,1123,0,13,65,0,78,903,203,95,0,1201,0,0,0,1201
01/27/2000,EWR,NJ,AEA,EN,Combined TRACON& Tower with Radar,983,273,49,0,1305,2,6,3,0,11,985,279,52,0,1316,0,0,0,1316
01/28/2000,EWR,NJ,AEA,EN,Combined TRACON& Tower with Radar,988,225,62,0,1275,2,6,3,0,11,990,231,65,0,1286,0,0,0,1286
01/29/2000,EWR,NJ,AEA,EN,Combined TRACON& Tower with Radar,777,139,17,0,933,2,6,3,0,11,779,145,20,0,944,0,0,0,944
01/30/2000,EWR,NJ,AEA,EN,Combined TRACON& Tower with Radar,734,117,15,0,866,52,0,0,0,52,786,117,15,0,918,0,0,0,918
01/31/2000,EWR,NJ,AEA,EN,Combined TRACON& Tower with Radar,974,216,43,0,1233,2,6,3,0,11,976,222,46,0,1244,0,0,0,1244
02/01/2000,EWR,NJ,AEA,EN,Combined TRACON& Tower with Radar,1011,238,40,0,1289,0,40,31,0,71,1011,278,71,0,1360,0,0,0,1360
02/02/2000,EWR,NJ,AEA,EN,Combined TRACON& Tower with Radar,1048,253,45,0,1346,0,6,7,0,13,1048,259,52,0,1359,0,0,0,1359
02/03/2000,EWR,NJ,AEA,EN,Combined TRACON& Tower with Radar,961,218,41,0,1220,0,6,6,0,12,961,224,47,0,1232,0,0,0,1232
02/04/2000,EWR,NJ,AEA,EN,Combined TRACON& Tower with Radar,1073,218,37,0,1328,0,6,6,0,12,1073,224,43,0,1340,0,0,0,1340
02/05/2000,EWR,NJ,AEA,EN,Combined TRACON& Tower with Radar,815,149,12,0,976,0,6,6,0,12,815,155,18,0,988,0,0,0,988
02/06/2000,EWR,NJ,AEA,EN,Combined TRACON& Tower with Radar,849,197,18,0,1064,1,6,5,0,12,850,203,23,0,1076,0,0,0,1076
02/07/2000,EWR,NJ,AEA,EN,Combined TRACON& Tower with Radar,987,225,44,0,1256,1,6,5,0,12,988,231,49,0,1268,0,0,0,1268
02/08/2000,EWR,NJ,AEA,EN,Combined TRACON& Tower with Radar,1008,239,41,0,1288,0,47,21,0,68,1008,286,62,0,1356,0,0,0,1356
02/09/2000,EWR,NJ,AEA,EN,Combined TRACON& Tower with Radar,1026,270,40,0,1336,1,6,5,0,12,1027,276,45,0,1348,0,0,0,1348
02/10/2000,EWR,NJ,AEA,EN,Combined TRACON& Tower with Radar,968,218,37,0,1223,64,50,16,0,130,1032,268,53,0,1353,0,0,0,1353
02/11/2000,EWR,NJ,AEA,EN,Combined TRACON& Tower with Radar,1033,249,42,0,1324,1,6,4,0,11,1034,255,46,0,1335,0,0,0,1335
02/12/2000,EWR,NJ,AEA,EN,Combined TRACON& Tower with Radar,789,187,11,0,987,1,6,4,0,11,790,193,15,0,998,0,0,0,998
02/13/2000,EWR,NJ,AEA,EN,Combined TRACON& Tower with Radar,872,172,16,0,1060,1,6,4,0,11,873,178,20,0,1071,0,0,0,1071
02/14/2000,EWR,NJ,AEA,EN,Combined TRACON& Tower with Radar,950,177,56,0,1183,1,6,4,0,11,951,183,60,0,1194,0,0,0,1194
02/15/2000,EWR,NJ,AEA,EN,Combined TRACON& Tower with Radar,1022,284,73,0,1379,1,6,4,0,11,1023,290,77,0,1390,0,0,0,1390
02/16/2000,EWR,NJ,AEA,EN,Combined TRACON& Tower with Radar,984,222,37,0,1243,34,72,24,0,130,1018,294,61,0,1373,0,0,0,1373
02/17/2000,EWR,NJ,AEA,EN,Combined TRACON& Tower with Radar,1041,277,58,0,1376,1,6,4,0,11,1042,283,62,0,1387,0,0,0,1387
02/18/2000,EWR,NJ,AEA,EN,Combined TRACON& Tower with Radar,804,120,48,0,972,1,6,4,0,11,805,126,52,0,983,0,0,0,983
02/19/2000,EWR,NJ,AEA,EN,Combined TRACON& Tower with Radar,841,197,65,0,1103,1,6,4,0,11,842,203,69,0,1114,0,0,0,1114
02/20/2000,EWR,NJ,AEA,EN,Combined TRACON& Tower with Radar,895,183,27,0,1105,1,6,4,0,11,896,189,31,0,1116,0,0,0,1116
02/21/2000,EWR,NJ,AEA,EN,Combined TRACON& Tower with Radar,1009,237,39,0,1285,1,6,4,0,11,1010,243,43,0,1296,0,0,0,1296
02/22/2000,EWR,NJ,AEA,EN,Combined TRACON& Tower with Radar,1049,256,69,0,1374,1,6,4,0,11,1050,262,73,0,1385,0,0,0,1385
02/23/2000,EWR,NJ,AEA,EN,Combined TRACON& Tower with Radar,1058,278,87,0,1423,1,6,4,0,11,1059,284,91,0,1434,0,0,0,1434
02/24/2000,EWR,NJ,AEA,EN,Combined TRACON& Tower with Radar,1046,285,56,0,1387,1,6,4,0,11,1047,291,60,0,1398,0,0,0,1398
02/25/2000,EWR,NJ,AEA,EN,Combined TRACON& Tower with Radar,994,229,38,0,1261,0,17,19,0,36,994,246,57,0,1297,0,0,0,1297
02/26/2000,EWR,NJ,AEA,EN,Combined TRACON& Tower with Radar,885,169,23,0,1077,1,5,5,0,11,886,174,28,0,1088,0,0,0,1088
02/27/2000,EWR,NJ,AEA,EN,Combined TRACON& Tower with Radar,846,161,27,0,1034,1,5,5,0,11,847,166,32,0,1045,0,0,0,1045
02/28/2000,EWR,NJ,AEA,EN,Combined TRACON& Tower with Radar,1029,275,54,0,1358,1,5,5,0,11,1030,280,59,0,1369,0,0,0,1369
02/29/2000,EWR,NJ,AEA,EN,Combined TRACON& Tower with Radar,1034,273,41,0,1348,0,4,5,2,11,1034,277,46,2,1359,0,0,0,1359
03/01/2000,EWR,NJ,AEA,EN,Combined TRACON& Tower with Radar,1058,260,39,0,1357,0,22,26,3,51,1058,282,65,3,1408,0,0,0,1408
03/02/2000,EWR,NJ,AEA,EN,Combined TRACON& Tower with Radar,1045,253,38,0,1336,0,25,20,0,45,1045,278,58,0,1381,0,0,0,1381
03/03/2000,EWR,NJ,AEA,EN,Combined TRACON& Tower with Radar,1057,256,62,0,1375,3,6,2,0,11,1060,262,64,0,1386,0,0,0,1386
03/04/2000,EWR,NJ,AEA,EN,Combined TRACON& Tower with Radar,876,181,21,0,1078,3,6,2,0,11,879,187,23,0,1089,0,0,0,1089
03/05/2000,EWR,NJ,AEA,EN,Combined TRACON& Tower with Radar,858,221,32,0,1111,3,5,2,1,11,861,226,34,1,1122,0,0,0,1122
03/06/2000,EWR,NJ,AEA,EN,Combined TRACON& Tower with Radar,1006,246,37,0,1289,0,38,9,0,47,1006,284,46,0,1336,0,0,0,1336
03/07/2000,EWR,NJ,AEA,EN,Combined TRACON& Tower with Radar,1057,256,38,0,1351,0,34,21,0,55,1057,290,59,0,1406,0,0,0,1406
03/08/2000,EWR,NJ,AEA,EN,Combined TRACON& Tower with Radar,1071,266,40,0,1377,0,21,48,0,69,1071,287,88,0,1446,0,0,0,1446
03/09/2000,EWR,NJ,AEA,EN,Combined TRACON& Tower with Radar,1028,245,53,0,1326,4,6,2,0,12,1032,251,55,0,1338,0,0,0,1338
03/10/2000,EWR,NJ,AEA,EN,Combined TRACON& Tower with Radar,1055,292,69,0,1416,4,6,2,0,12,1059,298,71,0,1428,0,0,0,1428
03/11/2000,EWR,NJ,AEA,EN,Combined TRACON& Tower with Radar,799,174,18,0,991,4,6,2,0,12,803,180,20,0,1003,0,0,0,1003
03/12/2000,EWR,NJ,AEA,EN,Combined TRACON& Tower with Radar,934,187,16,0,1137,4,5,2,0,11,938,192,18,0,1148,0,0,0,1148
03/13/2000,EWR,NJ,AEA,EN,Combined TRACON& Tower with Radar,1004,243,36,0,1283,0,37,11,0,48,1004,280,47,0,1331,0,0,0,1331
03/14/2000,EWR,NJ,AEA,EN,Combined TRACON& Tower with Radar,1040,261,40,0,1341,0,52,9,0,61,1040,313,49,0,1402,0,0,0,1402
03/15/2000,EWR,NJ,AEA,EN,Combined TRACON& Tower with Radar,1058,273,45,1,1377,3,5,1,1,10,1061,278,46,2,1387,0,0,0,1387
03/16/2000,EWR,NJ,AEA,EN,Combined TRACON& Tower with Radar,1069,258,59,1,1387,3,5,1,1,10,1072,263,60,2,1397,0,0,0,1397
03/17/2000,EWR,NJ,AEA,EN,Combined TRACON& Tower with Radar,1021,252,38,0,1311,4,5,2,0,11,1025,257,40,0,1322,0,0,0,1322
03/18/2000,EWR,NJ,AEA,EN,Combined TRACON& Tower with Radar,882,181,19,0,1082,4,5,2,0,11,886,186,21,0,1093,0,0,0,1093
03/19/2000,EWR,NJ,AEA,EN,Combined TRACON& Tower with Radar,878,208,29,0,1115,27,0,0,1,28,905,208,29,1,1143,0,0,0,1143
03/20/2000,EWR,NJ,AEA,EN,Combined TRACON& Tower with Radar,939,226,34,0,1199,76,31,8,0,115,1015,257,42,0,1314,0,0,0,1314
03/21/2000,EWR,NJ,AEA,EN,Combined TRACON& Tower with Radar,999,250,50,0,1299,3,5,0,2,10,1002,255,50,2,1309,0,0,0,1309
03/22/2000,EWR,NJ,AEA,EN,Combined TRACON& Tower with Radar,1088,265,40,0,1393,0,18,3,2,23,1088,283,43,2,1416,0,0,0,1416
03/23/2000,EWR,NJ,AEA,EN,Combined TRACON& Tower with Radar,1065,285,57,0,1407,4,4,2,0,10,1069,289,59,0,1417,0,0,0,1417
03/24/2000,EWR,NJ,AEA,EN,Combined TRACON& Tower with Radar,1054,294,47,0,1395,4,4,2,0,10,1058,298,49,0,1405,0,0,0,1405
03/25/2000,EWR,NJ,AEA,EN,Combined TRACON& Tower with Radar,847,185,17,0,1049,4,4,2,0,10,851,189,19,0,1059,0,0,0,1059
03/26/2000,EWR,NJ,AEA,EN,Combined TRACON& Tower with Radar,907,201,30,0,1138,4,4,2,0,10,911,205,32,0,1148,0,0,0,1148
03/27/2000,EWR,NJ,AEA,EN,Combined TRACON& Tower with Radar,1009,278,45,0,1332,4,4,2,0,10,1013,282,47,0,1342,0,0,0,1342
03/28/2000,EWR,NJ,AEA,EN,Combined TRACON& Tower with Radar,1042,286,41,0,1369,4,4,2,0,10,1046,290,43,0,1379,0,0,0,1379
03/29/2000,EWR,NJ,AEA,EN,Combined TRACON& Tower with Radar,1030,272,46,0,1348,4,4,2,0,10,1034,276,48,0,1358,0,0,0,1358
03/30/2000,EWR,NJ,AEA,EN,Combined TRACON& Tower with Radar,1064,269,40,0,1373,0,33,23,0,56,1064,302,63,0,1429,0,0,0,1429
03/31/2000,EWR,NJ,AEA,EN,Combined TRACON& Tower with Radar,1042,278,50,0,1370,4,4,2,0,10,1046,282,52,0,1380,0,0,0,1380
04/01/2000,EWR,NJ,AEA,EN,Combined TRACON& Tower with Radar,825,191,23,0,1039,3,8,3,0,14,828,199,26,0,1053,0,0,0,1053
04/02/2000,EWR,NJ,AEA,EN,Combined TRACON& Tower with Radar,913,167,11,0,1091,0,8,9,0,17,913,175,20,0,1108,0,0,0,1108
04/03/2000,EWR,NJ,AEA,EN,Combined TRACON& Tower with Radar,916,202,27,0,1145,51,45,26,0,122,967,247,53,0,1267,0,0,0,1267
04/04/2000,EWR,NJ,AEA,EN,Combined TRACON& Tower with Radar,1026,224,52,0,1302,0,8,9,0,17,1026,232,61,0,1319,0,0,0,1319
04/05/2000,EWR,NJ,AEA,EN,Combined TRACON& Tower with Radar,1056,275,72,0,1403,0,8,9,0,17,1056,283,81,0,1420,0,0,0,1420
04/06/2000,EWR,NJ,AEA,EN,Combined TRACON& Tower with Radar,1063,270,46,0,1379,0,8,9,0,17,1063,278,55,0,1396,0,0,0,1396
04/07/2000,EWR,NJ,AEA,EN,Combined TRACON& Tower with Radar,1038,251,57,0,1346,0,8,9,0,17,1038,259,66,0,1363,0,0,0,1363
04/08/2000,EWR,NJ,AEA,EN,Combined TRACON& Tower with Radar,829,173,16,0,1018,0,8,9,0,17,829,181,25,0,1035,0,0,0,1035
04/09/2000,EWR,NJ,AEA,EN,Combined TRACON& Tower with Radar,858,111,28,0,997,0,8,9,0,17,858,119,37,0,1014,0,0,0,1014
04/10/2000,EWR,NJ,AEA,EN,Combined TRACON& Tower with Radar,1005,259,59,0,1323,0,7,9,0,16,1005,266,68,0,1339,0,0,0,1339
04/11/2000,EWR,NJ,AEA,EN,Combined TRACON& Tower with Radar,1032,233,40,0,1305,0,7,9,0,16,1032,240,49,0,1321,0,0,0,1321
04/12/2000,EWR,NJ,AEA,EN,Combined TRACON& Tower with Radar,1068,262,72,0,1402,0,7,8,0,15,1068,269,80,0,1417,0,0,0,1417
04/13/2000,EWR,NJ,AEA,EN,Combined TRACON& Tower with Radar,1050,237,35,0,1322,0,49,55,0,104,1050,286,90,0,1426,0,0,0,1426
04/14/2000,EWR,NJ,AEA,EN,Combined TRACON& Tower with Radar,1041,286,49,1,1377,0,6,7,2,15,1041,292,56,3,1392,0,0,0,1392
04/15/2000,EWR,NJ,AEA,EN,Combined TRACON& Tower with Radar,842,176,19,0,1037,0,7,8,0,15,842,183,27,0,1052,0,0,0,1052
04/16/2000,EWR,NJ,AEA,EN,Combined TRACON& Tower with Radar,846,198,24,0,1068,0,7,8,0,15,846,205,32,0,1083,0,0,0,1083
04/17/2000,EWR,NJ,AEA,EN,Combined TRACON& Tower with Radar,1006,195,40,0,1241,0,7,7,0,14,1006,202,47,0,1255,0,0,0,1255
04/18/2000,EWR,NJ,AEA,EN,Combined TRACON& Tower with Radar,1039,249,50,0,1338,0,7,7,0,14,1039,256,57,0,1352,0,0,0,1352
04/19/2000,EWR,NJ,AEA,EN,Combined TRACON& Tower with Radar,1050,264,78,0,1392,0,7,7,1,15,1050,271,85,1,1407,0,0,0,1407
04/20/2000,EWR,NJ,AEA,EN,Combined TRACON& Tower with Radar,988,258,65,0,1311,0,7,6,2,15,988,265,71,2,1326,0,0,0,1326
04/21/2000,EWR,NJ,AEA,EN,Combined TRACON& Tower with Radar,801,136,30,0,967,0,7,7,0,14,801,143,37,0,981,0,0,0,981
04/22/2000,EWR,NJ,AEA,EN,Combined TRACON& Tower with Radar,848,169,18,0,1035,44,0,0,0,44,892,169,18,0,1079,0,0,0,1079
04/23/2000,EWR,NJ,AEA,EN,Combined TRACON& Tower with Radar,912,188,24,0,1124,0,6,8,0,14,912,194,32,0,1138,0,0,0,1138
04/24/2000,EWR,NJ,AEA,EN,Combined TRACON& Tower with Radar,1001,264,45,0,1310,0,6,8,0,14,1001,270,53,0,1324,0,0,0,1324
04/25/2000,EWR,NJ,AEA,EN,Combined TRACON& Tower with Radar,1064,252,46,0,1362,0,6,8,0,14,1064,258,54,0,1376,0,0,0,1376
04/26/2000,EWR,NJ,AEA,EN,Combined TRACON& Tower with Radar,1087,289,51,0,1427,0,6,8,0,14,1087,295,59,0,1441,0,0,0,1441
04/27/2000,EWR,NJ,AEA,EN,Combined TRACON& Tower with Radar,1083,267,61,0,1411,0,6,8,0,14,1083,273,69,0,1425,0,0,0,1425
04/28/2000,EWR,NJ,AEA,EN,Combined TRACON& Tower with Radar,1051,242,35,0,1328,0,40,18,0,58,1051,282,53,0,1386,0,0,0,1386
04/29/2000,EWR,NJ,AEA,EN,Combined TRACON& Tower with Radar,842,187,17,0,1046,0,6,8,0,14,842,193,25,0,1060,0,0,0,1060
04/30/2000,EWR,NJ,AEA,EN,Combined TRACON& Tower with Radar,916,185,23,0,1124,0,6,8,0,14,916,191,31,0,1138,0,0,0,1138
05/01/2000,EWR,NJ,AEA,EN,Combined TRACON& Tower with Radar,1001,261,60,1,1323,2,7,4,1,14,1003,268,64,2,1337,0,0,0,1337
05/02/2000,EWR,NJ,AEA,EN,Combined TRACON& Tower with Radar,1058,273,46,0,1377,1,8,6,0,15,1059,281,52,0,1392,0,0,0,1392
05/03/2000,EWR,NJ,AEA,EN,Combined TRACON& Tower with Radar,1046,223,42,0,1311,0,46,25,0,71,1046,269,67,0,1382,0,0,0,1382
05/04/2000,EWR,NJ,AEA,EN,Combined TRACON& Tower with Radar,1069,258,63,0,1390,1,7,5,1,14,1070,265,68,1,1404,0,0,0,1404
05/05/2000,EWR,NJ,AEA,EN,Combined TRACON& Tower with Radar,1022,267,49,0,1338,1,8,5,0,14,1023,275,54,0,1352,0,0,0,1352
05/06/2000,EWR,NJ,AEA,EN,Combined TRACON& Tower with Radar,855,146,16,0,1017,1,8,5,0,14,856,154,21,0,1031,0,0,0,1031
05/07/2000,EWR,NJ,AEA,EN,Combined TRACON& Tower with Radar,889,191,32,0,1112,1,8,5,0,14,890,199,37,0,1126,0,0,0,1126
05/08/2000,EWR,NJ,AEA,EN,Combined TRACON& Tower with Radar,1035,220,56,0,1311,1,8,5,0,14,1036,228,61,0,1325,0,0,0,1325
05/09/2000,EWR,NJ,AEA,EN,Combined TRACON& Tower with Radar,1042,244,57,0,1343,1,8,5,0,14,1043,252,62,0,1357,0,0,0,1357
05/10/2000,EWR,NJ,AEA,EN,Combined TRACON& Tower with Radar,596,96,58,0,750,1,8,5,0,14,597,104,63,0,764,0,0,0,764
05/11/2000,EWR,NJ,AEA,EN,Combined TRACON& Tower with Radar,1102,249,72,0,1423,1,8,5,0,14,1103,257,77,0,1437,0,0,0,1437
05/12/2000,EWR,NJ,AEA,EN,Combined TRACON& Tower with Radar,1019,233,54,0,1306,1,8,5,0,14,1020,241,59,0,1320,0,0,0,1320
05/13/2000,EWR,NJ,AEA,EN,Combined TRACON& Tower with Radar,773,159,7,0,939,1,8,5,0,14,774,167,12,0,953,0,0,0,953
05/14/2000,EWR,NJ,AEA,EN,Combined TRACON& Tower with Radar,894,184,30,0,1108,1,8,5,0,14,895,192,35,0,1122,0,0,0,1122
05/15/2000,EWR,NJ,AEA,EN,Combined TRACON& Tower with Radar,1023,236,72,0,1331,1,8,5,0,14,1024,244,77,0,1345,0,0,0,1345
05/16/2000,EWR,NJ,AEA,EN,Combined TRACON& Tower with Radar,1035,279,64,0,1378,1,8,5,0,14,1036,287,69,0,1392,0,0,0,1392
05/17/2000,EWR,NJ,AEA,EN,Combined TRACON& Tower with Radar,988,206,39,0,1233,42,71,48,0,161,1030,277,87,0,1394,0,0,0,1394
05/18/2000,EWR,NJ,AEA,EN,Combined TRACON& Tower with Radar,843,184,35,0,1062,0,22,44,0,66,843,206,79,0,1128,0,0,0,1128
05/19/2000,EWR,NJ,AEA,EN,Combined TRACON& Tower with Radar,973,195,41,0,1209,0,0,19,0,19,973,195,60,0,1228,0,0,0,1228
05/20/2000,EWR,NJ,AEA,EN,Combined TRACON& Tower with Radar,851,178,36,0,1065,1,7,5,0,13,852,185,41,0,1078,0,0,0,1078
05/21/2000,EWR,NJ,AEA,EN,Combined TRACON& Tower with Radar,916,150,39,0,1105,1,7,5,0,13,917,157,44,0,1118,0,0,0,1118
05/22/2000,EWR,NJ,AEA,EN,Combined TRACON& Tower with Radar,1004,200,36,0,1240,1,7,5,0,13,1005,207,41,0,1253,0,0,0,1253
05/23/2000,EWR,NJ,AEA,EN,Combined TRACON& Tower with Radar,1085,233,45,0,1363,0,11,25,0,36,1085,244,70,0,1399,0,0,0,1399
05/24/2000,EWR,NJ,AEA,EN,Combined TRACON& Tower with Radar,887,134,53,0,1074,1,7,5,0,13,888,141,58,0,1087,0,0,0,1087
05/25/2000,EWR,NJ,AEA,EN,Combined TRACON& Tower with Radar,1159,212,69,0,1440,2,7,4,0,13,1161,219,73,0,1453,0,0,0,1453
05/26/2000,EWR,NJ,AEA,EN,Combined TRACON& Tower with Radar,1069,228,60,0,1357,2,6,5,0,13,1071,234,65,0,1370,0,0,0,1370
05/27/2000,EWR,NJ,AEA,EN,Combined TRACON& Tower with Radar,814,141,14,0,969,2,6,5,0,13,816,147,19,0,982,0,0,0,982
05/28/2000,EWR,NJ,AEA,EN,Combined TRACON& Tower with Radar,765,147,7,0,919,2,6,5,0,13,767,153,12,0,932,0,0,0,932
05/29/2000,EWR,NJ,AEA,EN,Combined TRACON& Tower with Radar,865,156,20,0,1041,63,0,0,0,63,928,156,20,0,1104,0,0,0,1104
05/30/2000,EWR,NJ,AEA,EN,Combined TRACON& Tower with Radar,983,215,42,0,1240,0,60,18,0,78,983,275,60,0,1318,0,0,0,1318
05/31/2000,EWR,NJ,AEA,EN,Combined TRACON& Tower with Radar,1029,288,76,0,1393,2,6,5,0,13,1031,294,81,0,1406,0,0,0,1406
06/01/2000,EWR,NJ,AEA,EN,Combined TRACON& Tower with Radar,1070,231,49,0,1350,0,41,37,0,78,1070,272,86,0,1428,0,0,0,1428
06/02/2000,EWR,NJ,AEA,EN,Combined TRACON& Tower with Radar,881,180,48,0,1109,0,7,6,0,13,881,187,54,0,1122,0,0,0,1122
06/03/2000,EWR,NJ,AEA,EN,Combined TRACON& Tower with Radar,863,147,20,0,1030,0,7,5,1,13,863,154,25,1,1043,0,0,0,1043
06/04/2000,EWR,NJ,AEA,EN,Combined TRACON& Tower with Radar,916,161,35,0,1112,0,7,6,0,13,916,168,41,0,1125,0,0,0,1125
06/05/2000,EWR,NJ,AEA,EN,Combined TRACON& Tower with Radar,1031,215,47,0,1293,0,7,6,0,13,1031,222,53,0,1306,0,0,0,1306
06/06/2000,EWR,NJ,AEA,EN,Combined TRACON& Tower with Radar,921,179,61,0,1161,0,7,5,0,12,921,186,66,0,1173,0,0,0,1173
06/07/2000,EWR,NJ,AEA,EN,Combined TRACON& Tower with Radar,1110,236,48,0,1394,0,44,19,2,65,1110,280,67,2,1459,0,0,0,1459
06/08/2000,EWR,NJ,AEA,EN,Combined TRACON& Tower with Radar,1150,256,80,0,1486,0,7,5,0,12,1150,263,85,0,1498,0,0,0,1498
06/09/2000,EWR,NJ,AEA,EN,Combined TRACON& Tower with Radar,1011,282,52,0,1345,0,7,5,0,12,1011,289,57,0,1357,0,0,0,1357
06/10/2000,EWR,NJ,AEA,EN,Combined TRACON& Tower with Radar,849,170,29,0,1048,0,7,5,0,12,849,177,34,0,1060,0,0,0,1060
06/11/2000,EWR,NJ,AEA,EN,Combined TRACON& Tower with Radar,736,136,21,0,893,37,0,0,0,37,773,136,21,0,930,0,0,0,930
06/12/2000,EWR,NJ,AEA,EN,Combined TRACON& Tower with Radar,977,187,41,0,1205,16,0,14,0,30,993,187,55,0,1235,0,0,0,1235
06/13/2000,EWR,NJ,AEA,EN,Combined TRACON& Tower with Radar,944,183,61,0,1188,1,7,5,0,13,945,190,66,0,1201,0,0,0,1201
06/14/2000,EWR,NJ,AEA,EN,Combined TRACON& Tower with Radar,917,187,38,1,1143,0,0,25,0,25,917,187,63,1,1168,0,0,0,1168
06/15/2000,EWR,NJ,AEA,EN,Combined TRACON& Tower with Radar,884,162,48,0,1094,1,7,5,0,13,885,169,53,0,1107,0,0,0,1107
06/16/2000,EWR,NJ,AEA,EN,Combined TRACON& Tower with Radar,1000,245,53,1,1299,1,6,4,1,12,1001,251,57,2,1311,0,0,0,1311
06/17/2000,EWR,NJ,AEA,EN,Combined TRACON& Tower with Radar,861,177,20,0,1058,1,7,5,0,13,862,184,25,0,1071,0,0,0,1071
06/18/2000,EWR,NJ,AEA,EN,Combined TRACON& Tower with Radar,918,152,26,0,1096,1,7,5,0,13,919,159,31,0,1109,0,0,0,1109
06/19/2000,EWR,NJ,AEA,EN,Combined TRACON& Tower with Radar,952,245,36,0,1233,1,7,5,0,13,953,252,41,0,1246,0,0,0,1246
06/20/2000,EWR,NJ,AEA,EN,Combined TRACON& Tower with Radar,1053,265,79,0,1397,1,7,4,0,12,1054,272,83,0,1409,0,0,0,1409
06/21/2000,EWR,NJ,AEA,EN,Combined TRACON& Tower with Radar,919,194,40,0,1153,0,17,31,0,48,919,211,71,0,1201,0,0,0,1201
06/22/2000,EWR,NJ,AEA,EN,Combined TRACON& Tower with Radar,1182,270,79,0,1531,1,6,3,1,11,1183,276,82,1,1542,0,0,0,1542
06/23/2000,EWR,NJ,AEA,EN,Combined TRACON& Tower with Radar,1067,275,63,0,1405,1,7,3,0,11,1068,282,66,0,1416,0,0,0,1416
06/24/2000,EWR,NJ,AEA,EN,Combined TRACON& Tower with Radar,877,168,24,0,1069,1,7,3,0,11,878,175,27,0,1080,0,0,0,1080
06/25/2000,EWR,NJ,AEA,EN,Combined TRACON& Tower with Radar,764,113,26,0,903,1,7,3,0,11,765,120,29,0,914,0,0,0,914
06/26/2000,EWR,NJ,AEA,EN,Combined TRACON& Tower with Radar,966,219,55,0,1240,1,6,3,1,11,967,225,58,1,1251,0,0,0,1251
06/27/2000,EWR,NJ,AEA,EN,Combined TRACON& Tower with Radar,982,189,55,0,1226,1,7,3,0,11,983,196,58,0,1237,0,0,0,1237
06/28/2000,EWR,NJ,AEA,EN,Combined TRACON& Tower with Radar,1049,240,67,0,1356,1,6,3,1,11,1050,246,70,1,1367,0,0,0,1367
06/29/2000,EWR,NJ,AEA,EN,Combined TRACON& Tower with Radar,1008,208,42,0,1258,24,1,0,0,25,1032,209,42,0,1283,0,0,0,1283
06/30/2000,EWR,NJ,AEA,EN,Combined TRACON& Tower with Radar,1145,280,74,0,1499,1,6,3,1,11,1146,286,77,1,1510,0,0,0,1510
07/01/2000,EWR,NJ,AEA,EN,Combined TRACON& Tower with Radar,903,170,33,0,1106,7,8,4,0,19,910,178,37,0,1125,0,0,0,1125
07/02/2000,EWR,NJ,AEA,EN,Combined TRACON& Tower with Radar,806,155,18,0,979,65,0,0,0,65,871,155,18,0,1044,0,0,0,1044
07/03/2000,EWR,NJ,AEA,EN,Combined TRACON& Tower with Radar,859,160,20,0,1039,4,8,7,0,19,863,168,27,0,1058,0,0,0,1058
07/04/2000,EWR,NJ,AEA,EN,Combined TRACON& Tower with Radar,895,181,16,2,1094,3,7,5,3,18,898,188,21,5,1112,0,0,0,1112
07/05/2000,EWR,NJ,AEA,EN,Combined TRACON& Tower with Radar,1019,274,29,1,1323,4,7,7,0,18,1023,281,36,1,1341,0,0,0,1341
07/06/2000,EWR,NJ,AEA,EN,Combined TRACON& Tower with Radar,1074,276,40,0,1390,4,7,8,0,19,1078,283,48,0,1409,0,0,0,1409
07/07/2000,EWR,NJ,AEA,EN,Combined TRACON& Tower with Radar,1050,293,40,1,1384,3,6,6,3,18,1053,299,46,4,1402,0,0,0,1402
07/08/2000,EWR,NJ,AEA,EN,Combined TRACON& Tower with Radar,862,186,24,1,1073,3,6,7,2,18,865,192,31,3,1091,0,0,0,1091
07/09/2000,EWR,NJ,AEA,EN,Combined TRACON& Tower with Radar,918,210,27,0,1155,4,7,8,0,19,922,217,35,0,1174,0,0,0,1174
07/10/2000,EWR,NJ,AEA,EN,Combined TRACON& Tower with Radar,991,217,28,1,1237,10,15,2,1,28,1001,232,30,2,1265,0,0,0,1265
07/11/2000,EWR,NJ,AEA,EN,Combined TRACON& Tower with Radar,1068,279,51,0,1398,4,7,7,0,18,1072,286,58,0,1416,0,0,0,1416
07/12/2000,EWR,NJ,AEA,EN,Combined TRACON& Tower with Radar,1054,288,65,0,1407,4,7,6,1,18,1058,295,71,1,1425,0,0,0,1425
07/13/2000,EWR,NJ,AEA,EN,Combined TRACON& Tower with Radar,1071,274,56,0,1401,4,7,7,0,18,1075,281,63,0,1419,0,0,0,1419
07/14/2000,EWR,NJ,AEA,EN,Combined TRACON& Tower with Radar,811,167,31,0,1009,0,0,17,0,17,811,167,48,0,1026,0,0,0,1026
07/15/2000,EWR,NJ,AEA,EN,Combined TRACON& Tower with Radar,899,161,11,0,1071,4,7,7,0,18,903,168,18,0,1089,0,0,0,1089
07/16/2000,EWR,NJ,AEA,EN,Combined TRACON& Tower with Radar,744,109,31,0,884,5,7,6,0,18,749,116,37,0,902,0,0,0,902
07/17/2000,EWR,NJ,AEA,EN,Combined TRACON& Tower with Radar,1006,230,32,0,1268,0,44,23,0,67,1006,274,55,0,1335,0,0,0,1335
07/18/2000,EWR,NJ,AEA,EN,Combined TRACON& Tower with Radar,1072,252,77,0,1401,5,7,5,0,17,1077,259,82,0,1418,0,0,0,1418
07/19/2000,EWR,NJ,AEA,EN,Combined TRACON& Tower with Radar,1065,241,34,0,1340,0,39,26,0,65,1065,280,60,0,1405,0,0,0,1405
07/20/2000,EWR,NJ,AEA,EN,Combined TRACON& Tower with Radar,1077,270,72,0,1419,5,7,5,0,17,1082,277,77,0,1436,0,0,0,1436
07/21/2000,EWR,NJ,AEA,EN,Combined TRACON& Tower with Radar,1060,294,64,0,1418,5,6,5,1,17,1065,300,69,1,1435,0,0,0,1435
07/22/2000,EWR,NJ,AEA,EN,Combined TRACON& Tower with Radar,859,194,18,0,1071,3,7,5,2,17,862,201,23,2,1088,0,0,0,1088
07/23/2000,EWR,NJ,AEA,EN,Combined TRACON& Tower with Radar,946,167,24,0,1137,4,7,5,1,17,950,174,29,1,1154,0,0,0,1154
07/24/2000,EWR,NJ,AEA,EN,Combined TRACON& Tower with Radar,1019,254,60,0,1333,3,7,5,2,17,1022,261,65,2,1350,0,0,0,1350
07/25/2000,EWR,NJ,AEA,EN,Combined TRACON& Tower with Radar,1095,261,55,0,1411,4,8,5,0,17,1099,269,60,0,1428,0,0,0,1428
07/26/2000,EWR,NJ,AEA,EN,Combined TRACON& Tower with Radar,991,227,33,0,1251,0,33,32,0,65,991,260,65,0,1316,0,0,0,1316
07/27/2000,EWR,NJ,AEA,EN,Combined TRACON& Tower with Radar,1029,249,48,0,1326,4,8,5,0,17,1033,257,53,0,1343,0,0,0,1343
07/28/2000,EWR,NJ,AEA,EN,Combined TRACON& Tower with Radar,947,190,46,0,1183,4,8,5,0,17,951,198,51,0,1200,0,0,0,1200
07/29/2000,EWR,NJ,AEA,EN,Combined TRACON& Tower with Radar,902,148,13,0,1063,4,8,5,0,17,906,156,18,0,1080,0,0,0,1080
07/30/2000,EWR,NJ,AEA,EN,Combined TRACON& Tower with Radar,852,136,17,0,1005,4,8,5,0,17,856,144,22,0,1022,0,0,0,1022
07/31/2000,EWR,NJ,AEA,EN,Combined TRACON& Tower with Radar,932,176,39,0,1147,4,8,5,0,17,936,184,44,0,1164,0,0,0,1164
08/01/2000,EWR,NJ,AEA,EN,Combined TRACON& Tower with Radar,978,197,51,0,1226,0,10,2,1,13,978,207,53,1,1239,0,0,0,1239
08/02/2000,EWR,NJ,AEA,EN,Combined TRACON& Tower with Radar,1068,216,40,0,1324,0,14,15,0,29,1068,230,55,0,1353,0,0,0,1353
08/03/2000,EWR,NJ,AEA,EN,Combined TRACON& Tower with Radar,886,174,33,0,1093,0,17,3,0,20,886,191,36,0,1113,0,0,0,1113
08/04/2000,EWR,NJ,AEA,EN,Combined TRACON& Tower with Radar,1146,256,41,0,1443,0,11,2,0,13,1146,267,43,0,1456,0,0,0,1456
08/05/2000,EWR,NJ,AEA,EN,Combined TRACON& Tower with Radar,846,216,30,0,1092,0,11,2,1,14,846,227,32,1,1106,0,0,0,1106
08/06/2000,EWR,NJ,AEA,EN,Combined TRACON& Tower with Radar,870,170,25,0,1065,6,17,0,0,23,876,187,25,0,1088,0,0,0,1088
08/07/2000,EWR,NJ,AEA,EN,Combined TRACON& Tower with Radar,1027,218,42,0,1287,0,11,2,0,13,1027,229,44,0,1300,0,0,0,1300
08/08/2000,EWR,NJ,AEA,EN,Combined TRACON& Tower with Radar,1078,249,45,0,1372,0,10,3,0,13,1078,259,48,0,1385,0,0,0,1385
08/09/2000,EWR,NJ,AEA,EN,Combined TRACON& Tower with Radar,964,243,66,0,1273,0,10,3,0,13,964,253,69,0,1286,0,0,0,1286
08/10/2000,EWR,NJ,AEA,EN,Combined TRACON& Tower with Radar,1099,220,40,0,1359,78,48,6,0,132,1177,268,46,0,1491,0,0,0,1491
08/11/2000,EWR,NJ,AEA,EN,Combined TRACON& Tower with Radar,863,169,31,0,1063,10,5,0,0,15,873,174,31,0,1078,0,0,0,1078
08/12/2000,EWR,NJ,AEA,EN,Combined TRACON& Tower with Radar,874,116,12,0,1002,0,10,3,0,13,874,126,15,0,1015,0,0,0,1015
08/13/2000,EWR,NJ,AEA,EN,Combined TRACON& Tower with Radar,922,180,26,0,1128,0,10,3,0,13,922,190,29,0,1141,0,0,0,1141
08/14/2000,EWR,NJ,AEA,EN,Combined TRACON& Tower with Radar,967,170,41,0,1178,0,10,3,0,13,967,180,44,0,1191,0,0,0,1191
08/15/2000,EWR,NJ,AEA,EN,Combined TRACON& Tower with Radar,1107,240,61,0,1408,0,10,3,0,13,1107,250,64,0,1421,0,0,0,1421
08/16/2000,EWR,NJ,AEA,EN,Combined TRACON& Tower with Radar,1093,226,41,0,1360,0,43,24,0,67,1093,269,65,0,1427,0,0,0,1427
08/17/2000,EWR,NJ,AEA,EN,Combined TRACON& Tower with Radar,1078,275,58,0,1411,0,10,3,0,13,1078,285,61,0,1424,0,0,0,1424
08/18/2000,EWR,NJ,AEA,EN,Combined TRACON& Tower with Radar,1015,203,36,0,1254,54,44,22,0,120,1069,247,58,0,1374,0,0,0,1374
08/19/2000,EWR,NJ,AEA,EN,Combined TRACON& Tower with Radar,898,176,22,0,1096,0,9,4,0,13,898,185,26,0,1109,0,0,0,1109
08/20/2000,EWR,NJ,AEA,EN,Combined TRACON& Tower with Radar,923,182,19,0,1124,0,9,3,0,12,923,191,22,0,1136,0,0,0,1136
08/21/2000,EWR,NJ,AEA,EN,Combined TRACON& Tower with Radar,1061,236,36,0,1333,0,9,3,0,12,1061,245,39,0,1345,0,0,0,1345
08/22/2000,EWR,NJ,AEA,EN,Combined TRACON& Tower with Radar,1026,206,38,0,1270,58,55,36,0,149,1084,261,74,0,1419,0,0,0,1419
08/23/2000,EWR,NJ,AEA,EN,Combined TRACON& Tower with Radar,1035,226,53,0,1314,0,9,3,0,12,1035,235,56,0,1326,0,0,0,1326
08/24/2000,EWR,NJ,AEA,EN,Combined TRACON& Tower with Radar,1102,250,51,0,1403,0,9,3,0,12,1102,259,54,0,1415,0,0,0,1415
08/25/2000,EWR,NJ,AEA,EN,Combined TRACON& Tower with Radar,1107,225,40,0,1372,0,15,38,0,53,1107,240,78,0,1425,0,0,0,1425
08/26/2000,EWR,NJ,AEA,EN,Combined TRACON& Tower with Radar,866,195,26,0,1087,0,9,3,0,12,866,204,29,0,1099,0,0,0,1099
08/27/2000,EWR,NJ,AEA,EN,Combined TRACON& Tower with Radar,891,165,40,0,1096,0,9,3,0,12,891,174,43,0,1108,0,0,0,1108
08/28/2000,EWR,NJ,AEA,EN,Combined TRACON& Tower with Radar,1079,213,54,0,1346,0,9,3,0,12,1079,222,57,0,1358,0,0,0,1358
08/29/2000,EWR,NJ,AEA,EN,Combined TRACON& Tower with Radar,1087,269,71,0,1427,0,9,3,0,12,1087,278,74,0,1439,0,0,0,1439
08/30/2000,EWR,NJ,AEA,EN,Combined TRACON& Tower with Radar,1087,235,43,0,1365,0,50,32,0,82,1087,285,75,0,1447,0,0,0,1447
08/31/2000,EWR,NJ,AEA,EN,Combined TRACON& Tower with Radar,1091,241,68,0,1400,0,9,3,0,12,1091,250,71,0,1412,0,0,0,1412
09/01/2000,EWR,NJ,AEA,EN,Combined TRACON& Tower with Radar,1004,206,45,0,1255,0,42,0,0,42,1004,248,45,0,1297,0,0,0,1297
09/02/2000,EWR,NJ,AEA,EN,Combined TRACON& Tower with Radar,895,155,18,0,1068,0,12,3,0,15,895,167,21,0,1083,0,0,0,1083
09/03/2000,EWR,NJ,AEA,EN,Combined TRACON& Tower with Radar,824,107,17,0,948,0,12,3,0,15,824,119,20,0,963,0,0,0,963
09/04/2000,EWR,NJ,AEA,EN,Combined TRACON& Tower with Radar,891,155,39,0,1085,0,11,3,1,15,891,166,42,1,1100,0,0,0,1100
09/05/2000,EWR,NJ,AEA,EN,Combined TRACON& Tower with Radar,1036,247,68,2,1353,0,11,2,2,15,1036,258,70,4,1368,0,0,0,1368
09/06/2000,EWR,NJ,AEA,EN,Combined TRACON& Tower with Radar,1085,226,51,1,1363,0,38,51,0,89,1085,264,102,1,1452,0,0,0,1452
09/07/2000,EWR,NJ,AEA,EN,Combined TRACON& Tower with Radar,1081,272,75,0,1428,0,11,3,0,14,1081,283,78,0,1442,0,0,0,1442
09/08/2000,EWR,NJ,AEA,EN,Combined TRACON& Tower with Radar,1006,205,46,1,1258,62,59,16,1,138,1068,264,62,2,1396,0,0,0,1396
09/09/2000,EWR,NJ,AEA,EN,Combined TRACON& Tower with Radar,868,180,20,0,1068,0,11,3,0,14,868,191,23,0,1082,0,0,0,1082
09/10/2000,EWR,NJ,AEA,EN,Combined TRACON& Tower with Radar,914,173,32,1,1120,0,11,3,0,14,914,184,35,1,1134,0,0,0,1134
09/11/2000,EWR,NJ,AEA,EN,Combined TRACON& Tower with Radar,991,205,45,0,1241,0,25,18,0,43,991,230,63,0,1284,0,0,0,1284
09/12/2000,EWR,NJ,AEA,EN,Combined TRACON& Tower with Radar,926,170,41,0,1137,10,0,32,0,42,936,170,73,0,1179,0,0,0,1179
09/13/2000,EWR,NJ,AEA,EN,Combined TRACON& Tower with Radar,1144,239,55,0,1438,0,26,25,0,51,1144,265,80,0,1489,0,0,0,1489
09/14/2000,EWR,NJ,AEA,EN,Combined TRACON& Tower with Radar,1076,219,63,0,1358,0,10,3,0,13,1076,229,66,0,1371,0,0,0,1371
09/15/2000,EWR,NJ,AEA,EN,Combined TRACON& Tower with Radar,1070,265,65,0,1400,0,10,3,0,13,1070,275,68,0,1413,0,0,0,1413
09/16/2000,EWR,NJ,AEA,EN,Combined TRACON& Tower with Radar,874,168,16,0,1058,0,10,3,0,13,874,178,19,0,1071,0,0,0,1071
09/17/2000,EWR,NJ,AEA,EN,Combined TRACON& Tower with Radar,898,176,42,0,1116,0,10,3,1,14,898,186,45,1,1130,0,0,0,1130
09/18/2000,EWR,NJ,AEA,EN,Combined TRACON& Tower with Radar,1012,245,54,0,1311,0,10,3,0,13,1012,255,57,0,1324,0,0,0,1324
09/19/2000,EWR,NJ,AEA,EN,Combined TRACON& Tower with Radar,960,182,58,0,1200,0,10,3,0,13,960,192,61,0,1213,0,0,0,1213
09/20/2000,EWR,NJ,AEA,EN,Combined TRACON& Tower with Radar,1090,259,89,0,1438,0,10,3,0,13,1090,269,92,0,1451,0,0,0,1451
09/21/2000,EWR,NJ,AEA,EN,Combined TRACON& Tower with Radar,1081,276,83,0,1440,0,10,3,0,13,1081,286,86,0,1453,0,0,0,1453
09/22/2000,EWR,NJ,AEA,EN,Combined TRACON& Tower with Radar,1034,277,59,0,1370,0,10,3,0,13,1034,287,62,0,1383,0,0,0,1383
09/23/2000,EWR,NJ,AEA,EN,Combined TRACON& Tower with Radar,865,163,30,0,1058,0,10,3,0,13,865,173,33,0,1071,0,0,0,1071
09/24/2000,EWR,NJ,AEA,EN,Combined TRACON& Tower with Radar,912,173,45,0,1130,0,10,3,0,13,912,183,48,0,1143,0,0,0,1143
09/25/2000,EWR,NJ,AEA,EN,Combined TRACON& Tower with Radar,1046,221,54,0,1321,0,10,3,0,13,1046,231,57,0,1334,0,0,0,1334
09/26/2000,EWR,NJ,AEA,EN,Combined TRACON& Tower with Radar,983,209,67,0,1259,0,10,3,0,13,983,219,70,0,1272,0,0,0,1272
09/27/2000,EWR,NJ,AEA,EN,Combined TRACON& Tower with Radar,1060,269,80,0,1409,0,9,2,0,11,1060,278,82,0,1420,0,0,0,1420
09/28/2000,EWR,NJ,AEA,EN,Combined TRACON& Tower with Radar,1106,253,87,0,1446,0,9,1,0,10,1106,262,88,0,1456,0,0,0,1456
09/29/2000,EWR,NJ,AEA,EN,Combined TRACON& Tower with Radar,1067,254,61,0,1382,1,10,2,0,13,1068,264,63,0,1395,0,0,0,1395
09/30/2000,EWR,NJ,AEA,EN,Combined TRACON& Tower with Radar,849,166,33,0,1048,1,10,2,0,13,850,176,35,0,1061,0,0,0,1061
10/01/2000,EWR,NJ,AEA,EN,Combined TRACON& Tower with Radar,902,166,39,0,1107,4,7,3,0,14,906,173,42,0,1121,0,0,0,1121
10/02/2000,EWR,NJ,AEA,EN,Combined TRACON& Tower with Radar,938,204,46,0,1188,49,49,26,0,124,987,253,72,0,1312,0,0,0,1312
10/03/2000,EWR,NJ,AEA,EN,Combined TRACON& Tower with Radar,1053,235,55,0,1343,0,38,5,4,47,1053,273,60,4,1390,0,0,0,1390
10/04/2000,EWR,NJ,AEA,EN,Combined TRACON& Tower with Radar,996,247,62,0,1305,0,6,10,2,18,996,253,72,2,1323,0,0,0,1323
10/05/2000,EWR,NJ,AEA,EN,Combined TRACON& Tower with Radar,1077,236,56,0,1369,0,9,27,0,36,1077,245,83,0,1405,0,0,0,1405
10/06/2000,EWR,NJ,AEA,EN,Combined TRACON& Tower with Radar,1062,252,66,0,1380,0,7,10,0,17,1062,259,76,0,1397,0,0,0,1397
10/07/2000,EWR,NJ,AEA,EN,Combined TRACON& Tower with Radar,867,171,47,0,1085,0,7,10,0,17,867,178,57,0,1102,0,0,0,1102
10/08/2000,EWR,NJ,AEA,EN,Combined TRACON& Tower with Radar,881,172,19,0,1072,0,7,10,0,17,881,179,29,0,1089,0,0,0,1089
10/09/2000,EWR,NJ,AEA,EN,Combined TRACON& Tower with Radar,1030,198,25,0,1253,0,7,10,0,17,1030,205,35,0,1270,0,0,0,1270
10/10/2000,EWR,NJ,AEA,EN,Combined TRACON& Tower with Radar,1122,194,48,0,1364,0,6,7,0,13,1122,200,55,0,1377,0,0,0,1377
10/11/2000,EWR,NJ,AEA,EN,Combined TRACON& Tower with Radar,1070,255,44,0,1369,0,7,10,0,17,1070,262,54,0,1386,0,0,0,1386
10/12/2000,EWR,NJ,AEA,EN,Combined TRACON& Tower with Radar,1083,237,54,0,1374,0,7,10,0,17,1083,244,64,0,1391,0,0,0,1391
10/13/2000,EWR,NJ,AEA,EN,Combined TRACON& Tower with Radar,1058,279,66,0,1403,0,6,10,0,16,1058,285,76,0,1419,0,0,0,1419
10/14/2000,EWR,NJ,AEA,EN,Combined TRACON& Tower with Radar,871,166,95,0,1132,0,6,10,0,16,871,172,105,0,1148,0,0,0,1148
10/15/2000,EWR,NJ,AEA,EN,Combined TRACON& Tower with Radar,873,240,84,0,1197,0,6,10,0,16,873,246,94,0,1213,0,0,0,1213
10/16/2000,EWR,NJ,AEA,EN,Combined TRACON& Tower with Radar,1003,268,148,0,1419,0,6,10,0,16,1003,274,158,0,1435,0,0,0,1435
10/17/2000,EWR,NJ,AEA,EN,Combined TRACON& Tower with Radar,1032,312,133,0,1477,0,6,10,0,16,1032,318,143,0,1493,0,0,0,1493
10/18/2000,EWR,NJ,AEA,EN,Combined TRACON& Tower with Radar,1031,263,162,0,1456,0,6,10,0,16,1031,269,172,0,1472,0,0,0,1472
10/19/2000,EWR,NJ,AEA,EN,Combined TRACON& Tower with Radar,1081,264,108,0,1453,0,6,9,2,17,1081,270,117,2,1470,0,0,0,1470
10/20/2000,EWR,NJ,AEA,EN,Combined TRACON& Tower with Radar,1049,289,87,0,1425,0,6,10,0,16,1049,295,97,0,1441,0,0,0,1441
10/21/2000,EWR,NJ,AEA,EN,Combined TRACON& Tower with Radar,873,170,15,1,1059,0,6,9,1,16,873,176,24,2,1075,0,0,0,1075
10/22/2000,EWR,NJ,AEA,EN,Combined TRACON& Tower with Radar,924,174,47,0,1145,13,0,5,0,18,937,174,52,0,1163,0,0,0,1163
10/23/2000,EWR,NJ,AEA,EN,Combined TRACON& Tower with Radar,1018,227,57,0,1302,0,6,10,0,16,1018,233,67,0,1318,0,0,0,1318
10/24/2000,EWR,NJ,AEA,EN,Combined TRACON& Tower with Radar,1074,243,52,0,1369,0,6,10,0,16,1074,249,62,0,1385,0,0,0,1385
10/25/2000,EWR,NJ,AEA,EN,Combined TRACON& Tower with Radar,1079,243,71,0,1393,0,6,10,0,16,1079,249,81,0,1409,0,0,0,1409
10/26/2000,EWR,NJ,AEA,EN,Combined TRACON& Tower with Radar,1056,229,99,0,1384,0,6,10,0,16,1056,235,109,0,1400,0,0,0,1400
10/27/2000,EWR,NJ,AEA,EN,Combined TRACON& Tower with Radar,1065,241,44,1,1351,0,6,9,1,16,1065,247,53,2,1367,0,0,0,1367
10/28/2000,EWR,NJ,AEA,EN,Combined TRACON& Tower with Radar,878,140,17,0,1035,0,6,10,0,16,878,146,27,0,1051,0,0,0,1051
10/29/2000,EWR,NJ,AEA,EN,Combined TRACON& Tower with Radar,928,173,18,0,1119,0,6,10,0,16,928,179,28,0,1135,0,0,0,1135
10/30/2000,EWR,NJ,AEA,EN,Combined TRACON& Tower with Radar,1008,210,46,0,1264,0,6,9,0,15,1008,216,55,0,1279,0,0,0,1279
10/31/2000,EWR,NJ,AEA,EN,Combined TRACON& Tower with Radar,1054,246,59,0,1359,0,6,8,0,14,1054,252,67,0,1373,0,0,0,1373
11/01/2000,EWR,NJ,AEA,EN,Combined TRACON& Tower with Radar,1084,228,70,0,1382,4,1,2,0,7,1088,229,72,0,1389,0,0,0,1389
11/02/2000,EWR,NJ,AEA,EN,Combined TRACON& Tower with Radar,1069,231,41,0,1341,0,26,26,0,52,1069,257,67,0,1393,0,0,0,1393
11/03/2000,EWR,NJ,AEA,EN,Combined TRACON& Tower with Radar,1050,264,47,0,1361,2,1,4,0,7,1052,265,51,0,1368,0,0,0,1368
11/04/2000,EWR,NJ,AEA,EN,Combined TRACON& Tower with Radar,841,181,32,0,1054,15,6,7,0,28,856,187,39,0,1082,0,0,0,1082
11/05/2000,EWR,NJ,AEA,EN,Combined TRACON& Tower with Radar,871,187,23,0,1081,22,7,0,0,29,893,194,23,0,1110,0,0,0,1110
11/06/2000,EWR,NJ,AEA,EN,Combined TRACON& Tower with Radar,1004,217,39,0,1260,0,10,7,3,20,1004,227,46,3,1280,0,0,0,1280
11/07/2000,EWR,NJ,AEA,EN,Combined TRACON& Tower with Radar,1076,231,43,0,1350,5,2,20,2,29,1081,233,63,2,1379,0,0,0,1379
11/08/2000,EWR,NJ,AEA,EN,Combined TRACON& Tower with Radar,1116,196,62,1,1375,2,1,3,1,7,1118,197,65,2,1382,0,0,0,1382
11/09/2000,EWR,NJ,AEA,EN,Combined TRACON& Tower with Radar,1083,200,51,1,1335,2,1,3,1,7,1085,201,54,2,1342,0,0,0,1342
11/10/2000,EWR,NJ,AEA,EN,Combined TRACON& Tower with Radar,1075,236,43,0,1354,0,35,30,1,66,1075,271,73,1,1420,0,0,0,1420
11/11/2000,EWR,NJ,AEA,EN,Combined TRACON& Tower with Radar,834,179,31,0,1044,13,3,0,0,16,847,182,31,0,1060,0,0,0,1060
11/12/2000,EWR,NJ,AEA,EN,Combined TRACON& Tower with Radar,873,190,34,0,1097,0,26,10,0,36,873,216,44,0,1133,0,0,0,1133
11/13/2000,EWR,NJ,AEA,EN,Combined TRACON& Tower with Radar,1025,229,46,0,1300,1,2,4,0,7,1026,231,50,0,1307,0,0,0,1307
11/14/2000,EWR,NJ,AEA,EN,Combined TRACON& Tower with Radar,1079,233,43,1,1356,0,7,22,2,31,1079,240,65,3,1387,0,0,0,1387
11/15/2000,EWR,NJ,AEA,EN,Combined TRACON& Tower with Radar,1077,230,42,0,1349,11,13,36,0,60,1088,243,78,0,1409,0,0,0,1409
11/16/2000,EWR,NJ,AEA,EN,Combined TRACON& Tower with Radar,1086,236,49,1,1372,1,2,3,0,6,1087,238,52,1,1378,0,0,0,1378
11/17/2000,EWR,NJ,AEA,EN,Combined TRACON& Tower with Radar,1028,273,69,0,1370,1,2,4,0,7,1029,275,73,0,1377,0,0,0,1377
11/18/2000,EWR,NJ,AEA,EN,Combined TRACON& Tower with Radar,857,182,32,0,1071,0,9,16,0,25,857,191,48,0,1096,0,0,0,1096
11/19/2000,EWR,NJ,AEA,EN,Combined TRACON& Tower with Radar,884,194,35,0,1113,0,25,32,0,57,884,219,67,0,1170,0,0,0,1170
11/20/2000,EWR,NJ,AEA,EN,Combined TRACON& Tower with Radar,998,238,62,2,1300,1,2,2,1,6,999,240,64,3,1306,0,0,0,1306
11/21/2000,EWR,NJ,AEA,EN,Combined TRACON& Tower with Radar,1131,202,68,1,1402,1,2,2,1,6,1132,204,70,2,1408,0,0,0,1408
11/22/2000,EWR,NJ,AEA,EN,Combined TRACON& Tower with Radar,1090,233,44,0,1367,1,14,3,0,18,1091,247,47,0,1385,0,0,0,1385
11/23/2000,EWR,NJ,AEA,EN,Combined TRACON& Tower with Radar,727,147,2,0,876,1,2,3,0,6,728,149,5,0,882,0,0,0,882
11/24/2000,EWR,NJ,AEA,EN,Combined TRACON& Tower with Radar,674,144,9,0,827,28,6,0,0,34,702,150,9,0,861,0,0,0,861
11/25/2000,EWR,NJ,AEA,EN,Combined TRACON& Tower with Radar,801,149,11,0,961,1,2,3,0,6,802,151,14,0,967,0,0,0,967
11/26/2000,EWR,NJ,AEA,EN,Combined TRACON& Tower with Radar,925,154,33,0,1112,1,2,3,0,6,926,156,36,0,1118,0,0,0,1118
11/27/2000,EWR,NJ,AEA,EN,Combined TRACON& Tower with Radar,1049,244,51,0,1344,1,2,3,0,6,1050,246,54,0,1350,0,0,0,1350
11/28/2000,EWR,NJ,AEA,EN,Combined TRACON& Tower with Radar,1061,254,67,0,1382,1,2,3,0,6,1062,256,70,0,1388,0,0,0,1388
11/29/2000,EWR,NJ,AEA,EN,Combined TRACON& Tower with Radar,1063,231,43,0,1337,0,30,5,0,35,1063,261,48,0,1372,0,0,0,1372
11/30/2000,EWR,NJ,AEA,EN,Combined TRACON& Tower with Radar,1062,273,38,1,1374,1,2,2,1,6,1063,275,40,2,1380,0,0,0,1380
12/01/2000,EWR,NJ,AEA,EN,Combined TRACON& Tower with Radar,1057,242,50,0,1349,0,8,2,0,10,1057,250,52,0,1359,0,0,0,1359
12/02/2000,EWR,NJ,AEA,EN,Combined TRACON& Tower with Radar,841,184,16,0,1041,0,8,3,0,11,841,192,19,0,1052,0,0,0,1052
12/03/2000,EWR,NJ,AEA,EN,Combined TRACON& Tower with Radar,901,166,30,0,1097,0,8,3,0,11,901,174,33,0,1108,0,0,0,1108
12/04/2000,EWR,NJ,AEA,EN,Combined TRACON& Tower with Radar,1032,192,35,0,1259,22,0,30,0,52,1054,192,65,0,1311,0,0,0,1311
12/05/2000,EWR,NJ,AEA,EN,Combined TRACON& Tower with Radar,1037,271,88,0,1396,0,8,3,0,11,1037,279,91,0,1407,0,0,0,1407
12/06/2000,EWR,NJ,AEA,EN,Combined TRACON& Tower with Radar,1083,272,100,0,1455,0,7,3,1,11,1083,279,103,1,1466,0,0,0,1466
12/07/2000,EWR,NJ,AEA,EN,Combined TRACON& Tower with Radar,1074,257,61,0,1392,0,8,3,0,11,1074,265,64,0,1403,0,0,0,1403
12/08/2000,EWR,NJ,AEA,EN,Combined TRACON& Tower with Radar,1066,261,46,0,1373,0,8,4,0,12,1066,269,50,0,1385,0,0,0,1385
12/09/2000,EWR,NJ,AEA,EN,Combined TRACON& Tower with Radar,886,146,22,0,1054,0,8,4,0,12,886,154,26,0,1066,0,0,0,1066
12/10/2000,EWR,NJ,AEA,EN,Combined TRACON& Tower with Radar,909,194,27,0,1130,0,8,4,0,12,909,202,31,0,1142,0,0,0,1142
12/11/2000,EWR,NJ,AEA,EN,Combined TRACON& Tower with Radar,902,173,42,0,1117,0,8,4,0,12,902,181,46,0,1129,0,0,0,1129
12/12/2000,EWR,NJ,AEA,EN,Combined TRACON& Tower with Radar,980,199,33,0,1212,0,0,21,0,21,980,199,54,0,1233,0,0,0,1233
12/13/2000,EWR,NJ,AEA,EN,Combined TRACON& Tower with Radar,1034,254,63,0,1351,0,8,3,0,11,1034,262,66,0,1362,0,0,0,1362
12/14/2000,EWR,NJ,AEA,EN,Combined TRACON& Tower with Radar,1092,224,62,0,1378,0,8,3,0,11,1092,232,65,0,1389,0,0,0,1389
12/15/2000,EWR,NJ,AEA,EN,Combined TRACON& Tower with Radar,1049,278,68,0,1395,0,8,3,0,11,1049,286,71,0,1406,0,0,0,1406
12/16/2000,EWR,NJ,AEA,EN,Combined TRACON& Tower with Radar,853,181,11,0,1045,0,8,3,0,11,853,189,14,0,1056,0,0,0,1056
12/17/2000,EWR,NJ,AEA,EN,Combined TRACON& Tower with Radar,726,45,15,0,786,0,8,2,0,10,726,53,17,0,796,0,0,0,796
12/18/2000,EWR,NJ,AEA,EN,Combined TRACON& Tower with Radar,1014,224,35,0,1273,0,8,2,0,10,1014,232,37,0,1283,0,0,0,1283
12/19/2000,EWR,NJ,AEA,EN,Combined TRACON& Tower with Radar,1096,212,49,0,1357,0,7,3,0,10,1096,219,52,0,1367,0,0,0,1367
12/20/2000,EWR,NJ,AEA,EN,Combined TRACON& Tower with Radar,1051,221,36,0,1308,42,41,31,0,114,1093,262,67,0,1422,0,0,0,1422
12/21/2000,EWR,NJ,AEA,EN,Combined TRACON& Tower with Radar,1090,259,96,0,1445,0,7,3,0,10,1090,266,99,0,1455,0,0,0,1455
12/22/2000,EWR,NJ,AEA,EN,Combined TRACON& Tower with Radar,1122,275,30,0,1427,0,6,3,0,9,1122,281,33,0,1436,0,0,0,1436
12/23/2000,EWR,NJ,AEA,EN,Combined TRACON& Tower with Radar,909,201,31,0,1141,0,6,3,0,9,909,207,34,0,1150,0,0,0,1150
12/24/2000,EWR,NJ,AEA,EN,Combined TRACON& Tower with Radar,727,115,7,0,849,0,6,3,0,9,727,121,10,0,858,0,0,0,858
12/25/2000,EWR,NJ,AEA,EN,Combined TRACON& Tower with Radar,738,105,0,0,843,0,6,2,0,8,738,111,2,0,851,0,0,0,851
12/26/2000,EWR,NJ,AEA,EN,Combined TRACON& Tower with Radar,916,228,12,0,1156,0,6,2,0,8,916,234,14,0,1164,0,0,0,1164
12/27/2000,EWR,NJ,AEA,EN,Combined TRACON& Tower with Radar,1038,238,26,0,1302,0,6,2,0,8,1038,244,28,0,1310,0,0,0,1310
12/28/2000,EWR,NJ,AEA,EN,Combined TRACON& Tower with Radar,1004,259,16,0,1279,0,6,2,0,8,1004,265,18,0,1287,0,0,0,1287
12/29/2000,EWR,NJ,AEA,EN,Combined TRACON& Tower with Radar,1009,241,30,0,1280,0,6,2,0,8,1009,247,32,0,1288,0,0,0,1288
12/30/2000,EWR,NJ,AEA,EN,Combined TRACON& Tower with Radar,119,2,0,0,121,0,7,1,0,8,119,9,1,0,129,0,0,0,129
12/31/2000,EWR,NJ,AEA,EN,Combined TRACON& Tower with Radar,643,128,1,0,772,0,6,2,0,8,643,134,3,0,780,0,0,0,780
01/01/2001,EWR,NJ,AEA,EN,Combined TRACON& Tower with Radar,790,172,15,0,977,4,3,0,0,7,794,175,15,0,984,0,0,0,984
01/02/2001,EWR,NJ,AEA,EN,Combined TRACON& Tower with Radar,951,266,42,0,1259,0,2,5,0,7,951,268,47,0,1266,0,0,0,1266
01/03/2001,EWR,NJ,AEA,EN,Combined TRACON& Tower with Radar,1041,278,33,0,1352,0,3,4,0,7,1041,281,37,0,1359,0,0,0,1359
01/04/2001,EWR,NJ,AEA,EN,Combined TRACON& Tower with Radar,1045,270,38,0,1353,0,3,4,0,7,1045,273,42,0,1360,0,0,0,1360
01/05/2001,EWR,NJ,AEA,EN,Combined TRACON& Tower with Radar,896,194,27,0,1117,0,3,4,0,7,896,197,31,0,1124,0,0,0,1124
01/06/2001,EWR,NJ,AEA,EN,Combined TRACON& Tower with Radar,810,211,20,0,1041,13,0,0,0,13,823,211,20,0,1054,0,0,0,1054
01/07/2001,EWR,NJ,AEA,EN,Combined TRACON& Tower with Radar,836,250,24,0,1110,0,3,4,0,7,836,253,28,0,1117,0,0,0,1117
01/08/2001,EWR,NJ,AEA,EN,Combined TRACON& Tower with Radar,958,287,31,0,1276,0,3,4,0,7,958,290,35,0,1283,0,0,0,1283
01/09/2001,EWR,NJ,AEA,EN,Combined TRACON& Tower with Radar,1042,300,48,0,1390,0,3,4,0,7,1042,303,52,0,1397,0,0,0,1397
01/10/2001,EWR,NJ,AEA,EN,Combined TRACON& Tower with Radar,1076,249,38,0,1363,0,3,4,0,7,1076,252,42,0,1370,0,0,0,1370
01/11/2001,EWR,NJ,AEA,EN,Combined TRACON& Tower with Radar,975,258,31,0,1264,41,65,21,1,128,1016,323,52,1,1392,0,0,0,1392
01/12/2001,EWR,NJ,AEA,EN,Combined TRACON& Tower with Radar,1038,294,44,1,1377,0,4,3,1,8,1038,298,47,2,1385,0,0,0,1385
01/13/2001,EWR,NJ,AEA,EN,Combined TRACON& Tower with Radar,808,201,23,0,1032,0,4,4,0,8,808,205,27,0,1040,0,0,0,1040
01/14/2001,EWR,NJ,AEA,EN,Combined TRACON& Tower with Radar,859,222,20,0,1101,0,4,4,0,8,859,226,24,0,1109,0,0,0,1109
01/15/2001,EWR,NJ,AEA,EN,Combined TRACON& Tower with Radar,930,239,36,0,1205,0,3,5,0,8,930,242,41,0,1213,0,0,0,1213
01/16/2001,EWR,NJ,AEA,EN,Combined TRACON& Tower with Radar,1045,298,55,0,1398,0,3,5,0,8,1045,301,60,0,1406,0,0,0,1406
01/17/2001,EWR,NJ,AEA,EN,Combined TRACON& Tower with Radar,1014,314,44,0,1372,0,3,5,0,8,1014,317,49,0,1380,0,0,0,1380
01/18/2001,EWR,NJ,AEA,EN,Combined TRACON& Tower with Radar,1023,255,38,0,1316,0,3,5,0,8,1023,258,43,0,1324,0,0,0,1324
01/19/2001,EWR,NJ,AEA,EN,Combined TRACON& Tower with Radar,985,246,32,0,1263,0,0,14,0,14,985,246,46,0,1277,0,0,0,1277
01/20/2001,EWR,NJ,AEA,EN,Combined TRACON& Tower with Radar,747,127,11,0,885,0,3,5,0,8,747,130,16,0,893,0,0,0,893
01/21/2001,EWR,NJ,AEA,EN,Combined TRACON& Tower with Radar,689,160,17,0,866,0,3,4,0,7,689,163,21,0,873,0,0,0,873
01/22/2001,EWR,NJ,AEA,EN,Combined TRACON& Tower with Radar,1000,305,41,0,1346,0,3,3,0,6,1000,308,44,0,1352,0,0,0,1352
01/23/2001,EWR,NJ,AEA,EN,Combined TRACON& Tower with Radar,1064,278,45,0,1387,0,3,3,0,6,1064,281,48,0,1393,0,0,0,1393
01/24/2001,EWR,NJ,AEA,EN,Combined TRACON& Tower with Radar,1031,315,65,0,1411,0,3,3,0,6,1031,318,68,0,1417,0,0,0,1417
01/25/2001,EWR,NJ,AEA,EN,Combined TRACON& Tower with Radar,1070,309,57,0,1436,0,3,3,0,6,1070,312,60,0,1442,0,0,0,1442
01/26/2001,EWR,NJ,AEA,EN,Combined TRACON& Tower with Radar,1014,273,32,0,1319,0,18,15,0,33,1014,291,47,0,1352,0,0,0,1352
01/27/2001,EWR,NJ,AEA,EN,Combined TRACON& Tower with Radar,794,211,10,0,1015,0,3,4,0,7,794,214,14,0,1022,0,0,0,1022
01/28/2001,EWR,NJ,AEA,EN,Combined TRACON& Tower with Radar,852,233,21,0,1106,0,3,3,0,6,852,236,24,0,1112,0,0,0,1112
01/29/2001,EWR,NJ,AEA,EN,Combined TRACON& Tower with Radar,985,285,61,0,1331,0,3,3,0,6,985,288,64,0,1337,0,0,0,1337
01/30/2001,EWR,NJ,AEA,EN,Combined TRACON& Tower with Radar,949,271,38,0,1258,0,3,3,0,6,949,274,41,0,1264,0,0,0,1264
01/31/2001,EWR,NJ,AEA,EN,Combined TRACON& Tower with Radar,1032,316,42,0,1390,0,3,3,0,6,1032,319,45,0,1396,0,0,0,1396
02/01/2001,EWR,NJ,AEA,EN,Combined TRACON& Tower with Radar,1056,311,35,0,1402,7,2,2,0,11,1063,313,37,0,1413,0,0,0,1413
02/02/2001,EWR,NJ,AEA,EN,Combined TRACON& Tower with Radar,1030,316,47,0,1393,0,2,9,0,11,1030,318,56,0,1404,0,0,0,1404
02/03/2001,EWR,NJ,AEA,EN,Combined TRACON& Tower with Radar,818,190,10,0,1018,0,2,9,0,11,818,192,19,0,1029,0,0,0,1029
02/04/2001,EWR,NJ,AEA,EN,Combined TRACON& Tower with Radar,827,247,13,0,1087,0,2,9,0,11,827,249,22,0,1098,0,0,0,1098
02/05/2001,EWR,NJ,AEA,EN,Combined TRACON& Tower with Radar,697,126,46,0,869,0,2,9,0,11,697,128,55,0,880,0,0,0,880
02/06/2001,EWR,NJ,AEA,EN,Combined TRACON& Tower with Radar,1043,304,67,0,1414,0,3,10,0,13,1043,307,77,0,1427,0,0,0,1427
02/07/2001,EWR,NJ,AEA,EN,Combined TRACON& Tower with Radar,1016,310,47,0,1373,0,3,10,0,13,1016,313,57,0,1386,0,0,0,1386
02/08/2001,EWR,NJ,AEA,EN,Combined TRACON& Tower with Radar,1044,275,62,0,1381,0,3,9,0,12,1044,278,71,0,1393,0,0,0,1393
02/09/2001,EWR,NJ,AEA,EN,Combined TRACON& Tower with Radar,1047,257,38,0,1342,0,3,9,0,12,1047,260,47,0,1354,0,0,0,1354
02/10/2001,EWR,NJ,AEA,EN,Combined TRACON& Tower with Radar,804,204,7,0,1015,0,3,9,0,12,804,207,16,0,1027,0,0,0,1027
02/11/2001,EWR,NJ,AEA,EN,Combined TRACON& Tower with Radar,852,236,8,0,1096,0,3,8,0,11,852,239,16,0,1107,0,0,0,1107
02/12/2001,EWR,NJ,AEA,EN,Combined TRACON& Tower with Radar,979,302,59,0,1340,0,3,8,0,11,979,305,67,0,1351,0,0,0,1351
02/13/2001,EWR,NJ,AEA,EN,Combined TRACON& Tower with Radar,1038,308,39,0,1385,0,3,8,0,11,1038,311,47,0,1396,0,0,0,1396
02/14/2001,EWR,NJ,AEA,EN,Combined TRACON& Tower with Radar,1028,292,59,0,1379,0,3,8,0,11,1028,295,67,0,1390,0,0,0,1390
02/15/2001,EWR,NJ,AEA,EN,Combined TRACON& Tower with Radar,1057,314,48,0,1419,0,3,8,0,11,1057,317,56,0,1430,0,0,0,1430
02/16/2001,EWR,NJ,AEA,EN,Combined TRACON& Tower with Radar,1007,298,41,0,1346,0,3,8,0,11,1007,301,49,0,1357,0,0,0,1357
02/17/2001,EWR,NJ,AEA,EN,Combined TRACON& Tower with Radar,891,205,5,0,1101,0,3,8,0,11,891,208,13,0,1112,0,0,0,1112
02/18/2001,EWR,NJ,AEA,EN,Combined TRACON& Tower with Radar,863,235,23,0,1121,30,0,1,0,31,893,235,24,0,1152,0,0,0,1152
02/19/2001,EWR,NJ,AEA,EN,Combined TRACON& Tower with Radar,965,313,15,0,1293,0,3,8,0,11,965,316,23,0,1304,0,0,0,1304
02/20/2001,EWR,NJ,AEA,EN,Combined TRACON& Tower with Radar,1051,294,52,0,1397,0,3,8,0,11,1051,297,60,0,1408,0,0,0,1408
02/21/2001,EWR,NJ,AEA,EN,Combined TRACON& Tower with Radar,1039,313,35,0,1387,0,3,8,0,11,1039,316,43,0,1398,0,0,0,1398
02/22/2001,EWR,NJ,AEA,EN,Combined TRACON& Tower with Radar,845,201,42,0,1088,0,3,8,0,11,845,204,50,0,1099,0,0,0,1099
02/23/2001,EWR,NJ,AEA,EN,Combined TRACON& Tower with Radar,1117,288,54,0,1459,0,3,8,0,11,1117,291,62,0,1470,0,0,0,1470
02/24/2001,EWR,NJ,AEA,EN,Combined TRACON& Tower with Radar,841,209,13,0,1063,0,3,8,0,11,841,212,21,0,1074,0,0,0,1074
02/25/2001,EWR,NJ,AEA,EN,Combined TRACON& Tower with Radar,823,205,30,0,1058,0,3,8,0,11,823,208,38,0,1069,0,0,0,1069
02/26/2001,EWR,NJ,AEA,EN,Combined TRACON& Tower with Radar,1010,273,50,0,1333,0,2,8,0,10,1010,275,58,0,1343,0,0,0,1343
02/27/2001,EWR,NJ,AEA,EN,Combined TRACON& Tower with Radar,1040,295,31,0,1366,0,31,24,2,57,1040,326,55,2,1423,0,0,0,1423
02/28/2001,EWR,NJ,AEA,EN,Combined TRACON& Tower with Radar,1020,335,53,0,1408,0,2,8,0,10,1020,337,61,0,1418,0,0,0,1418
03/01/2001,EWR,NJ,AEA,EN,Combined TRACON& Tower with Radar,1069,303,60,0,1432,4,2,3,0,9,1073,305,63,0,1441,0,0,0,1441
03/02/2001,EWR,NJ,AEA,EN,Combined TRACON& Tower with Radar,1042,286,33,0,1361,0,8,21,2,31,1042,294,54,2,1392,0,0,0,1392
03/03/2001,EWR,NJ,AEA,EN,Combined TRACON& Tower with Radar,844,193,19,0,1056,1,2,6,0,9,845,195,25,0,1065,0,0,0,1065
03/04/2001,EWR,NJ,AEA,EN,Combined TRACON& Tower with Radar,798,135,9,0,942,1,2,6,0,9,799,137,15,0,951,0,0,0,951
03/05/2001,EWR,NJ,AEA,EN,Combined TRACON& Tower with Radar,467,8,19,0,494,1,2,6,0,9,468,10,25,0,503,0,0,0,503
03/06/2001,EWR,NJ,AEA,EN,Combined TRACON& Tower with Radar,698,69,41,0,808,1,2,6,0,9,699,71,47,0,817,0,0,0,817
03/07/2001,EWR,NJ,AEA,EN,Combined TRACON& Tower with Radar,1032,267,41,0,1340,1,2,6,0,9,1033,269,47,0,1349,0,0,0,1349
03/08/2001,EWR,NJ,AEA,EN,Combined TRACON& Tower with Radar,1044,330,53,0,1427,1,2,6,0,9,1045,332,59,0,1436,0,0,0,1436
03/09/2001,EWR,NJ,AEA,EN,Combined TRACON& Tower with Radar,1043,300,33,0,1376,1,2,5,0,8,1044,302,38,0,1384,0,0,0,1384
03/10/2001,EWR,NJ,AEA,EN,Combined TRACON& Tower with Radar,830,225,16,0,1071,1,2,5,0,8,831,227,21,0,1079,0,0,0,1079
03/11/2001,EWR,NJ,AEA,EN,Combined TRACON& Tower with Radar,863,263,18,0,1144,1,2,5,0,8,864,265,23,0,1152,0,0,0,1152
03/12/2001,EWR,NJ,AEA,EN,Combined TRACON& Tower with Radar,982,296,44,0,1322,1,2,5,0,8,983,298,49,0,1330,0,0,0,1330
03/13/2001,EWR,NJ,AEA,EN,Combined TRACON& Tower with Radar,995,267,44,8,1314,0,1,5,2,8,995,268,49,10,1322,0,0,0,1322
03/14/2001,EWR,NJ,AEA,EN,Combined TRACON& Tower with Radar,1014,256,49,7,1326,0,1,5,2,8,1014,257,54,9,1334,0,0,0,1334
03/15/2001,EWR,NJ,AEA,EN,Combined TRACON& Tower with Radar,1064,317,70,0,1451,1,2,5,0,8,1065,319,75,0,1459,0,0,0,1459
03/16/2001,EWR,NJ,AEA,EN,Combined TRACON& Tower with Radar,1036,323,35,0,1394,1,2,5,0,8,1037,325,40,0,1402,0,0,0,1402
03/17/2001,EWR,NJ,AEA,EN,Combined TRACON& Tower with Radar,847,194,15,0,1056,2,2,4,0,8,849,196,19,0,1064,0,0,0,1064
03/18/2001,EWR,NJ,AEA,EN,Combined TRACON& Tower with Radar,856,233,17,0,1106,0,34,0,0,34,856,267,17,0,1140,0,0,0,1140
03/19/2001,EWR,NJ,AEA,EN,Combined TRACON& Tower with Radar,994,293,40,0,1327,1,2,5,0,8,995,295,45,0,1335,0,0,0,1335
03/20/2001,EWR,NJ,AEA,EN,Combined TRACON& Tower with Radar,1034,342,44,0,1420,1,2,5,0,8,1035,344,49,0,1428,0,0,0,1428
03/21/2001,EWR,NJ,AEA,EN,Combined TRACON& Tower with Radar,906,234,32,0,1172,1,3,5,0,9,907,237,37,0,1181,0,0,0,1181
03/22/2001,EWR,NJ,AEA,EN,Combined TRACON& Tower with Radar,1056,266,23,0,1345,1,3,5,0,9,1057,269,28,0,1354,0,0,0,1354
03/23/2001,EWR,NJ,AEA,EN,Combined TRACON& Tower with Radar,1037,290,48,0,1375,1,3,5,0,9,1038,293,53,0,1384,0,0,0,1384
03/24/2001,EWR,NJ,AEA,EN,Combined TRACON& Tower with Radar,842,214,10,0,1066,1,3,5,0,9,843,217,15,0,1075,0,0,0,1075
03/25/2001,EWR,NJ,AEA,EN,Combined TRACON& Tower with Radar,887,257,24,0,1168,1,3,5,0,9,888,260,29,0,1177,0,0,0,1177
03/26/2001,EWR,NJ,AEA,EN,Combined TRACON& Tower with Radar,970,288,35,0,1293,1,3,5,0,9,971,291,40,0,1302,0,0,0,1302
03/27/2001,EWR,NJ,AEA,EN,Combined TRACON& Tower with Radar,1065,332,45,0,1442,1,3,4,0,8,1066,335,49,0,1450,0,0,0,1450
03/28/2001,EWR,NJ,AEA,EN,Combined TRACON& Tower with Radar,1062,327,60,0,1449,1,3,4,0,8,1063,330,64,0,1457,0,0,0,1457
03/29/2001,EWR,NJ,AEA,EN,Combined TRACON& Tower with Radar,1029,305,47,0,1381,1,3,4,0,8,1030,308,51,0,1389,0,0,0,1389
03/30/2001,EWR,NJ,AEA,EN,Combined TRACON& Tower with Radar,1014,265,31,0,1310,1,3,4,0,8,1015,268,35,0,1318,0,0,0,1318
03/31/2001,EWR,NJ,AEA,EN,Combined TRACON& Tower with Radar,833,228,14,0,1075,1,3,4,0,8,834,231,18,0,1083,0,0,0,1083
04/01/2001,EWR,NJ,AEA,EN,Combined TRACON& Tower with Radar,880,241,17,0,1138,6,5,3,0,14,886,246,20,0,1152,0,0,0,1152
04/02/2001,EWR,NJ,AEA,EN,Combined TRACON& Tower with Radar,983,318,57,0,1358,1,5,8,0,14,984,323,65,0,1372,0,0,0,1372
04/03/2001,EWR,NJ,AEA,EN,Combined TRACON& Tower with Radar,1066,294,74,0,1434,1,5,8,0,14,1067,299,82,0,1448,0,0,0,1448
04/04/2001,EWR,NJ,AEA,EN,Combined TRACON& Tower with Radar,1055,319,60,0,1434,1,5,8,0,14,1056,324,68,0,1448,0,0,0,1448
04/05/2001,EWR,NJ,AEA,EN,Combined TRACON& Tower with Radar,1039,328,56,1,1424,1,4,8,0,13,1040,332,64,1,1437,0,0,0,1437
04/06/2001,EWR,NJ,AEA,EN,Combined TRACON& Tower with Radar,1038,294,52,0,1384,1,5,8,0,14,1039,299,60,0,1398,0,0,0,1398
04/07/2001,EWR,NJ,AEA,EN,Combined TRACON& Tower with Radar,856,223,19,0,1098,0,4,8,2,14,856,227,27,2,1112,0,0,0,1112
04/08/2001,EWR,NJ,AEA,EN,Combined TRACON& Tower with Radar,889,245,10,0,1144,0,6,8,0,14,889,251,18,0,1158,0,0,0,1158
04/09/2001,EWR,NJ,AEA,EN,Combined TRACON& Tower with Radar,858,244,29,0,1131,0,6,8,0,14,858,250,37,0,1145,0,0,0,1145
04/10/2001,EWR,NJ,AEA,EN,Combined TRACON& Tower with Radar,1122,317,30,0,1469,0,6,8,0,14,1122,323,38,0,1483,0,0,0,1483
04/11/2001,EWR,NJ,AEA,EN,Combined TRACON& Tower with Radar,1012,308,42,0,1362,0,5,8,0,13,1012,313,50,0,1375,0,0,0,1375
04/12/2001,EWR,NJ,AEA,EN,Combined TRACON& Tower with Radar,982,272,54,0,1308,0,6,8,0,14,982,278,62,0,1322,0,0,0,1322
04/13/2001,EWR,NJ,AEA,EN,Combined TRACON& Tower with Radar,1108,325,30,0,1463,0,5,8,0,13,1108,330,38,0,1476,0,0,0,1476
04/14/2001,EWR,NJ,AEA,EN,Combined TRACON& Tower with Radar,838,222,2,0,1062,0,5,9,0,14,838,227,11,0,1076,0,0,0,1076
04/15/2001,EWR,NJ,AEA,EN,Combined TRACON& Tower with Radar,916,226,7,0,1149,0,4,9,1,14,916,230,16,1,1163,0,0,0,1163
04/16/2001,EWR,NJ,AEA,EN,Combined TRACON& Tower with Radar,979,315,46,0,1340,0,5,9,0,14,979,320,55,0,1354,0,0,0,1354
04/17/2001,EWR,NJ,AEA,EN,Combined TRACON& Tower with Radar,1067,350,36,0,1453,0,5,9,0,14,1067,355,45,0,1467,0,0,0,1467
04/18/2001,EWR,NJ,AEA,EN,Combined TRACON& Tower with Radar,1062,345,50,0,1457,0,5,9,0,14,1062,350,59,0,1471,0,0,0,1471
04/19/2001,EWR,NJ,AEA,EN,Combined TRACON& Tower with Radar,1061,344,72,0,1477,0,4,9,0,13,1061,348,81,0,1490,0,0,0,1490
04/20/2001,EWR,NJ,AEA,EN,Combined TRACON& Tower with Radar,1043,328,59,0,1430,0,4,9,0,13,1043,332,68,0,1443,0,0,0,1443
04/21/2001,EWR,NJ,AEA,EN,Combined TRACON& Tower with Radar,830,236,18,0,1084,0,4,9,0,13,830,240,27,0,1097,0,0,0,1097
04/22/2001,EWR,NJ,AEA,EN,Combined TRACON& Tower with Radar,889,257,19,0,1165,0,4,9,0,13,889,261,28,0,1178,0,0,0,1178
04/23/2001,EWR,NJ,AEA,EN,Combined TRACON& Tower with Radar,970,331,56,0,1357,0,4,9,0,13,970,335,65,0,1370,0,0,0,1370
04/24/2001,EWR,NJ,AEA,EN,Combined TRACON& Tower with Radar,1093,307,60,0,1460,0,4,9,1,14,1093,311,69,1,1474,0,0,0,1474
04/25/2001,EWR,NJ,AEA,EN,Combined TRACON& Tower with Radar,1056,338,44,0,1438,0,4,9,0,13,1056,342,53,0,1451,0,0,0,1451
04/26/2001,EWR,NJ,AEA,EN,Combined TRACON& Tower with Radar,1030,349,55,0,1434,0,4,9,0,13,1030,353,64,0,1447,0,0,0,1447
04/27/2001,EWR,NJ,AEA,EN,Combined TRACON& Tower with Radar,1066,311,43,0,1420,0,4,9,0,13,1066,315,52,0,1433,0,0,0,1433
04/28/2001,EWR,NJ,AEA,EN,Combined TRACON& Tower with Radar,826,229,22,0,1077,0,4,9,0,13,826,233,31,0,1090,0,0,0,1090
04/29/2001,EWR,NJ,AEA,EN,Combined TRACON& Tower with Radar,886,264,13,0,1163,0,4,9,0,13,886,268,22,0,1176,0,0,0,1176
04/30/2001,EWR,NJ,AEA,EN,Combined TRACON& Tower with Radar,1003,311,43,0,1357,0,4,7,2,13,1003,315,50,2,1370,0,0,0,1370
05/01/2001,EWR,NJ,AEA,EN,Combined TRACON& Tower with Radar,1023,338,53,0,1414,6,3,4,0,13,1029,341,57,0,1427,0,0,0,1427
05/02/2001,EWR,NJ,AEA,EN,Combined TRACON& Tower with Radar,1017,345,47,0,1409,0,3,11,0,14,1017,348,58,0,1423,0,0,0,1423
05/03/2001,EWR,NJ,AEA,EN,Combined TRACON& Tower with Radar,1046,335,52,1,1434,0,2,10,1,13,1046,337,62,2,1447,0,0,0,1447
05/04/2001,EWR,NJ,AEA,EN,Combined TRACON& Tower with Radar,1023,334,34,0,1391,0,3,11,0,14,1023,337,45,0,1405,0,0,0,1405
05/05/2001,EWR,NJ,AEA,EN,Combined TRACON& Tower with Radar,786,220,25,0,1031,28,0,12,0,40,814,220,37,0,1071,45,0,45,1116
05/06/2001,EWR,NJ,AEA,EN,Combined TRACON& Tower with Radar,863,254,27,0,1144,0,2,11,0,13,863,256,38,0,1157,0,0,0,1157
05/07/2001,EWR,NJ,AEA,EN,Combined TRACON& Tower with Radar,987,309,33,0,1329,0,3,10,0,13,987,312,43,0,1342,0,0,0,1342
05/08/2001,EWR,NJ,AEA,EN,Combined TRACON& Tower with Radar,1035,328,42,0,1405,0,2,5,2,9,1035,330,47,2,1414,0,0,0,1414
05/09/2001,EWR,NJ,AEA,EN,Combined TRACON& Tower with Radar,1028,327,76,0,1431,0,2,6,0,8,1028,329,82,0,1439,0,0,0,1439
05/10/2001,EWR,NJ,AEA,EN,Combined TRACON& Tower with Radar,1031,333,55,0,1419,0,2,9,0,11,1031,335,64,0,1430,0,0,0,1430
05/11/2001,EWR,NJ,AEA,EN,Combined TRACON& Tower with Radar,1054,306,68,0,1428,0,2,9,0,11,1054,308,77,0,1439,0,0,0,1439
05/12/2001,EWR,NJ,AEA,EN,Combined TRACON& Tower with Radar,823,236,51,0,1110,0,3,9,0,12,823,239,60,0,1122,0,0,0,1122
05/13/2001,EWR,NJ,AEA,EN,Combined TRACON& Tower with Radar,879,260,62,0,1201,0,3,9,0,12,879,263,71,0,1213,0,0,0,1213
05/14/2001,EWR,NJ,AEA,EN,Combined TRACON& Tower with Radar,983,324,136,0,1443,0,3,9,0,12,983,327,145,0,1455,0,0,0,1455
05/15/2001,EWR,NJ,AEA,EN,Combined TRACON& Tower with Radar,1020,334,100,0,1454,0,3,9,0,12,1020,337,109,0,1466,0,0,0,1466
05/16/2001,EWR,NJ,AEA,EN,Combined TRACON& Tower with Radar,1057,321,99,0,1477,0,3,9,0,12,1057,324,108,0,1489,0,0,0,1489
05/17/2001,EWR,NJ,AEA,EN,Combined TRACON& Tower with Radar,1023,338,69,0,1430,0,3,9,0,12,1023,341,78,0,1442,0,0,0,1442
05/18/2001,EWR,NJ,AEA,EN,Combined TRACON& Tower with Radar,1049,317,38,0,1404,0,29,0,0,29,1049,346,38,0,1433,0,0,0,1433
05/19/2001,EWR,NJ,AEA,EN,Combined TRACON& Tower with Radar,815,228,9,0,1052,0,3,10,0,13,815,231,19,0,1065,0,0,0,1065
05/20/2001,EWR,NJ,AEA,EN,Combined TRACON& Tower with Radar,871,257,14,0,1142,0,2,9,1,12,871,259,23,1,1154,0,0,0,1154
05/21/2001,EWR,NJ,AEA,EN,Combined TRACON& Tower with Radar,974,286,33,0,1293,0,3,9,0,12,974,289,42,0,1305,0,0,0,1305
05/22/2001,EWR,NJ,AEA,EN,Combined TRACON& Tower with Radar,988,254,40,0,1282,0,2,9,0,11,988,256,49,0,1293,0,0,0,1293
05/23/2001,EWR,NJ,AEA,EN,Combined TRACON& Tower with Radar,1033,275,45,0,1353,0,2,5,0,7,1033,277,50,0,1360,0,0,0,1360
05/24/2001,EWR,NJ,AEA,EN,Combined TRACON& Tower with Radar,1059,326,58,0,1443,0,3,8,0,11,1059,329,66,0,1454,0,0,0,1454
05/25/2001,EWR,NJ,AEA,EN,Combined TRACON& Tower with Radar,1045,324,34,0,1403,0,2,8,1,11,1045,326,42,1,1414,0,0,0,1414
05/26/2001,EWR,NJ,AEA,EN,Combined TRACON& Tower with Radar,807,224,9,0,1040,0,3,8,0,11,807,227,17,0,1051,0,0,0,1051
05/27/2001,EWR,NJ,AEA,EN,Combined TRACON& Tower with Radar,721,162,0,0,883,1,3,7,0,11,722,165,7,0,894,0,0,0,894
05/28/2001,EWR,NJ,AEA,EN,Combined TRACON& Tower with Radar,880,247,20,0,1147,0,3,9,0,12,880,250,29,0,1159,0,0,0,1159
05/29/2001,EWR,NJ,AEA,EN,Combined TRACON& Tower with Radar,973,270,34,0,1277,0,3,9,0,12,973,273,43,0,1289,0,0,0,1289
05/30/2001,EWR,NJ,AEA,EN,Combined TRACON& Tower with Radar,1061,326,39,0,1426,0,3,9,0,12,1061,329,48,0,1438,0,0,0,1438
05/31/2001,EWR,NJ,AEA,EN,Combined TRACON& Tower with Radar,1030,318,45,0,1393,0,4,9,0,13,1030,322,54,0,1406,0,0,0,1406
06/01/2001,EWR,NJ,AEA,EN,Combined TRACON& Tower with Radar,1052,307,39,0,1398,3,6,3,0,12,1055,313,42,0,1410,0,0,0,1410
06/02/2001,EWR,NJ,AEA,EN,Combined TRACON& Tower with Radar,821,226,11,0,1058,0,6,8,0,14,821,232,19,0,1072,0,0,0,1072
06/03/2001,EWR,NJ,AEA,EN,Combined TRACON& Tower with Radar,881,246,19,0,1146,0,6,8,0,14,881,252,27,0,1160,0,0,0,1160
06/04/2001,EWR,NJ,AEA,EN,Combined TRACON& Tower with Radar,985,320,60,0,1365,0,6,8,0,14,985,326,68,0,1379,0,0,0,1379
06/05/2001,EWR,NJ,AEA,EN,Combined TRACON& Tower with Radar,1016,332,71,0,1419,0,6,8,0,14,1016,338,79,0,1433,0,0,0,1433
06/06/2001,EWR,NJ,AEA,EN,Combined TRACON& Tower with Radar,1020,307,32,0,1359,0,36,15,0,51,1020,343,47,0,1410,0,0,0,1410
06/07/2001,EWR,NJ,AEA,EN,Combined TRACON& Tower with Radar,1048,308,33,0,1389,0,7,43,0,50,1048,315,76,0,1439,0,0,0,1439
06/08/2001,EWR,NJ,AEA,EN,Combined TRACON& Tower with Radar,1048,325,41,0,1414,0,6,8,0,14,1048,331,49,0,1428,0,0,0,1428
06/09/2001,EWR,NJ,AEA,EN,Combined TRACON& Tower with Radar,815,203,16,0,1034,0,6,8,0,14,815,209,24,0,1048,0,0,0,1048
06/10/2001,EWR,NJ,AEA,EN,Combined TRACON& Tower with Radar,874,247,25,0,1146,0,6,8,0,14,874,253,33,0,1160,0,0,0,1160
06/11/2001,EWR,NJ,AEA,EN,Combined TRACON& Tower with Radar,939,293,49,0,1281,0,6,8,0,14,939,299,57,0,1295,0,0,0,1295
06/12/2001,EWR,NJ,AEA,EN,Combined TRACON& Tower with Radar,1044,323,41,0,1408,0,5,8,0,13,1044,328,49,0,1421,0,0,0,1421
06/13/2001,EWR,NJ,AEA,EN,Combined TRACON& Tower with Radar,1010,315,38,0,1363,0,5,8,0,13,1010,320,46,0,1376,0,0,0,1376
06/14/2001,EWR,NJ,AEA,EN,Combined TRACON& Tower with Radar,1019,285,48,0,1352,0,6,7,0,13,1019,291,55,0,1365,0,0,0,1365
06/15/2001,EWR,NJ,AEA,EN,Combined TRACON& Tower with Radar,962,252,69,0,1283,0,6,6,0,12,962,258,75,0,1295,0,0,0,1295
06/16/2001,EWR,NJ,AEA,EN,Combined TRACON& Tower with Radar,841,206,32,0,1079,0,6,6,0,12,841,212,38,0,1091,0,0,0,1091
06/17/2001,EWR,NJ,AEA,EN,Combined TRACON& Tower with Radar,867,269,26,0,1162,0,6,6,0,12,867,275,32,0,1174,0,0,0,1174
06/18/2001,EWR,NJ,AEA,EN,Combined TRACON& Tower with Radar,1015,318,48,0,1381,0,6,6,0,12,1015,324,54,0,1393,0,0,0,1393
06/19/2001,EWR,NJ,AEA,EN,Combined TRACON& Tower with Radar,1042,334,54,0,1430,0,6,6,0,12,1042,340,60,0,1442,0,0,0,1442
06/20/2001,EWR,NJ,AEA,EN,Combined TRACON& Tower with Radar,935,257,39,0,1231,0,6,6,0,12,935,263,45,0,1243,0,0,0,1243
06/21/2001,EWR,NJ,AEA,EN,Combined TRACON& Tower with Radar,1079,293,53,0,1425,0,5,6,0,11,1079,298,59,0,1436,0,0,0,1436
06/22/2001,EWR,NJ,AEA,EN,Combined TRACON& Tower with Radar,908,224,27,0,1159,39,0,28,0,67,947,224,55,0,1226,0,0,0,1226
06/23/2001,EWR,NJ,AEA,EN,Combined TRACON& Tower with Radar,847,180,4,0,1031,0,4,6,1,11,847,184,10,1,1042,0,0,0,1042
06/24/2001,EWR,NJ,AEA,EN,Combined TRACON& Tower with Radar,896,259,22,0,1177,21,0,0,0,21,917,259,22,0,1198,0,0,0,1198
06/25/2001,EWR,NJ,AEA,EN,Combined TRACON& Tower with Radar,1001,344,40,0,1385,0,5,6,0,11,1001,349,46,0,1396,0,0,0,1396
06/26/2001,EWR,NJ,AEA,EN,Combined TRACON& Tower with Radar,1067,346,55,0,1468,0,5,6,0,11,1067,351,61,0,1479,0,0,0,1479
06/27/2001,EWR,NJ,AEA,EN,Combined TRACON& Tower with Radar,1051,361,58,0,1470,0,5,6,0,11,1051,366,64,0,1481,0,0,0,1481
06/28/2001,EWR,NJ,AEA,EN,Combined TRACON& Tower with Radar,1087,336,46,0,1469,0,5,6,0,11,1087,341,52,0,1480,0,0,0,1480
06/29/2001,EWR,NJ,AEA,EN,Combined TRACON& Tower with Radar,1044,339,40,0,1423,0,4,6,2,12,1044,343,46,2,1435,0,0,0,1435
06/30/2001,EWR,NJ,AEA,EN,Combined TRACON& Tower with Radar,857,250,24,0,1131,0,5,6,0,11,857,255,30,0,1142,0,0,0,1142
07/01/2001,EWR,NJ,AEA,EN,Combined TRACON& Tower with Radar,722,152,13,0,887,8,5,2,0,15,730,157,15,0,902,0,0,0,902
07/02/2001,EWR,NJ,AEA,EN,Combined TRACON& Tower with Radar,913,319,22,0,1254,1,4,9,0,14,914,323,31,0,1268,0,0,0,1268
07/03/2001,EWR,NJ,AEA,EN,Combined TRACON& Tower with Radar,924,332,26,0,1282,1,4,9,0,14,925,336,35,0,1296,0,0,0,1296
07/04/2001,EWR,NJ,AEA,EN,Combined TRACON& Tower with Radar,837,264,5,0,1106,1,4,9,0,14,838,268,14,0,1120,0,0,0,1120
07/05/2001,EWR,NJ,AEA,EN,Combined TRACON& Tower with Radar,969,319,24,0,1312,1,4,10,0,15,970,323,34,0,1327,0,0,0,1327
07/06/2001,EWR,NJ,AEA,EN,Combined TRACON& Tower with Radar,1015,329,27,0,1371,1,4,10,0,15,1016,333,37,0,1386,0,0,0,1386
07/07/2001,EWR,NJ,AEA,EN,Combined TRACON& Tower with Radar,860,264,15,0,1139,0,5,9,0,14,860,269,24,0,1153,0,0,0,1153
07/08/2001,EWR,NJ,AEA,EN,Combined TRACON& Tower with Radar,891,289,14,0,1194,0,5,9,0,14,891,294,23,0,1208,0,0,0,1208
07/09/2001,EWR,NJ,AEA,EN,Combined TRACON& Tower with Radar,1012,362,29,0,1403,0,4,9,0,13,1012,366,38,0,1416,0,0,0,1416
07/10/2001,EWR,NJ,AEA,EN,Combined TRACON& Tower with Radar,929,292,35,0,1256,0,5,8,0,13,929,297,43,0,1269,0,0,0,1269
07/11/2001,EWR,NJ,AEA,EN,Combined TRACON& Tower with Radar,1099,356,32,0,1487,0,5,8,0,13,1099,361,40,0,1500,0,0,0,1500
07/12/2001,EWR,NJ,AEA,EN,Combined TRACON& Tower with Radar,1051,374,36,0,1461,0,5,8,0,13,1051,379,44,0,1474,0,0,0,1474
07/13/2001,EWR,NJ,AEA,EN,Combined TRACON& Tower with Radar,1048,374,28,0,1450,0,5,8,0,13,1048,379,36,0,1463,0,0,0,1463
07/14/2001,EWR,NJ,AEA,EN,Combined TRACON& Tower with Radar,876,276,31,0,1183,0,5,7,2,14,876,281,38,2,1197,0,0,0,1197
07/15/2001,EWR,NJ,AEA,EN,Combined TRACON& Tower with Radar,903,285,22,0,1210,0,5,8,0,13,903,290,30,0,1223,0,0,0,1223
07/16/2001,EWR,NJ,AEA,EN,Combined TRACON& Tower with Radar,1006,368,61,0,1435,0,5,8,0,13,1006,373,69,0,1448,0,0,0,1448
07/17/2001,EWR,NJ,AEA,EN,Combined TRACON& Tower with Radar,1010,365,44,0,1419,0,5,8,0,13,1010,370,52,0,1432,0,0,0,1432
07/18/2001,EWR,NJ,AEA,EN,Combined TRACON& Tower with Radar,1097,338,45,0,1480,0,5,8,0,13,1097,343,53,0,1493,0,0,0,1493
07/19/2001,EWR,NJ,AEA,EN,Combined TRACON& Tower with Radar,1051,363,40,0,1454,0,4,6,3,13,1051,367,46,3,1467,0,0,0,1467
07/20/2001,EWR,NJ,AEA,EN,Combined TRACON& Tower with Radar,1045,345,21,0,1411,2,23,25,0,50,1047,368,46,0,1461,0,0,0,1461
07/21/2001,EWR,NJ,AEA,EN,Combined TRACON& Tower with Radar,861,264,20,0,1145,1,5,7,0,13,862,269,27,0,1158,0,0,0,1158
07/22/2001,EWR,NJ,AEA,EN,Combined TRACON& Tower with Radar,890,304,27,0,1221,1,5,7,0,13,891,309,34,0,1234,0,0,0,1234
07/23/2001,EWR,NJ,AEA,EN,Combined TRACON& Tower with Radar,977,359,41,0,1377,1,5,7,0,13,978,364,48,0,1390,0,0,0,1390
07/24/2001,EWR,NJ,AEA,EN,Combined TRACON& Tower with Radar,1056,357,22,0,1435,0,15,44,0,59,1056,372,66,0,1494,0,0,0,1494
07/25/2001,EWR,NJ,AEA,EN,Combined TRACON& Tower with Radar,1031,355,33,0,1419,1,5,7,0,13,1032,360,40,0,1432,0,0,0,1432
07/26/2001,EWR,NJ,AEA,EN,Combined TRACON& Tower with Radar,1015,335,14,2,1366,0,4,6,3,13,1015,339,20,5,1379,0,0,0,1379
07/27/2001,EWR,NJ,AEA,EN,Combined TRACON& Tower with Radar,1063,362,33,0,1458,1,4,8,0,13,1064,366,41,0,1471,0,0,0,1471
07/28/2001,EWR,NJ,AEA,EN,Combined TRACON& Tower with Radar,848,284,16,0,1148,1,4,8,0,13,849,288,24,0,1161,0,0,0,1161
07/29/2001,EWR,NJ,AEA,EN,Combined TRACON& Tower with Radar,866,298,22,0,1186,1,4,8,0,13,867,302,30,0,1199,0,0,0,1199
07/30/2001,EWR,NJ,AEA,EN,Combined TRACON& Tower with Radar,1002,365,32,0,1399,1,4,8,0,13,1003,369,40,0,1412,0,0,0,1412
07/31/2001,EWR,NJ,AEA,EN,Combined TRACON& Tower with Radar,1069,369,37,0,1475,1,4,8,0,13,1070,373,45,0,1488,0,0,0,1488
08/01/2001,EWR,NJ,AEA,EN,Combined TRACON& Tower with Radar,1076,362,57,0,1495,5,5,1,0,11,1081,367,58,0,1506,0,0,0,1506
08/02/2001,EWR,NJ,AEA,EN,Combined TRACON& Tower with Radar,1060,362,46,0,1468,0,5,9,0,14,1060,367,55,0,1482,0,0,0,1482
08/03/2001,EWR,NJ,AEA,EN,Combined TRACON& Tower with Radar,1070,338,23,0,1431,0,8,31,0,39,1070,346,54,0,1470,0,0,0,1470
08/04/2001,EWR,NJ,AEA,EN,Combined TRACON& Tower with Radar,830,269,7,0,1106,0,5,8,0,13,830,274,15,0,1119,0,0,0,1119
08/05/2001,EWR,NJ,AEA,EN,Combined TRACON& Tower with Radar,917,281,18,0,1216,0,5,8,0,13,917,286,26,0,1229,0,0,0,1229
08/06/2001,EWR,NJ,AEA,EN,Combined TRACON& Tower with Radar,987,361,38,0,1386,0,5,8,0,13,987,366,46,0,1399,0,0,0,1399
08/07/2001,EWR,NJ,AEA,EN,Combined TRACON& Tower with Radar,1045,363,42,0,1450,0,5,8,0,13,1045,368,50,0,1463,0,0,0,1463
08/08/2001,EWR,NJ,AEA,EN,Combined TRACON& Tower with Radar,1082,359,57,0,1498,0,5,8,0,13,1082,364,65,0,1511,0,0,0,1511
08/09/2001,EWR,NJ,AEA,EN,Combined TRACON& Tower with Radar,1045,361,54,0,1460,0,5,8,0,13,1045,366,62,0,1473,0,0,0,1473
08/10/2001,EWR,NJ,AEA,EN,Combined TRACON& Tower with Radar,914,233,31,0,1178,0,5,8,0,13,914,238,39,0,1191,0,0,0,1191
08/11/2001,EWR,NJ,AEA,EN,Combined TRACON& Tower with Radar,878,236,12,0,1126,0,5,8,0,13,878,241,20,0,1139,0,0,0,1139
08/12/2001,EWR,NJ,AEA,EN,Combined TRACON& Tower with Radar,837,231,12,0,1080,44,0,0,0,44,881,231,12,0,1124,0,0,0,1124
08/13/2001,EWR,NJ,AEA,EN,Combined TRACON& Tower with Radar,941,241,19,0,1201,0,4,8,0,12,941,245,27,0,1213,0,0,0,1213
08/14/2001,EWR,NJ,AEA,EN,Combined TRACON& Tower with Radar,1125,371,38,0,1534,0,4,8,0,12,1125,375,46,0,1546,0,0,0,1546
08/15/2001,EWR,NJ,AEA,EN,Combined TRACON& Tower with Radar,1093,370,24,0,1487,0,4,8,0,12,1093,374,32,0,1499,0,0,0,1499
08/16/2001,EWR,NJ,AEA,EN,Combined TRACON& Tower with Radar,1107,374,58,0,1539,0,4,8,0,12,1107,378,66,0,1551,0,0,0,1551
08/17/2001,EWR,NJ,AEA,EN,Combined TRACON& Tower with Radar,1081,348,36,0,1465,0,4,8,0,12,1081,352,44,0,1477,0,0,0,1477
08/18/2001,EWR,NJ,AEA,EN,Combined TRACON& Tower with Radar,893,280,16,0,1189,0,4,8,0,12,893,284,24,0,1201,0,0,0,1201
08/19/2001,EWR,NJ,AEA,EN,Combined TRACON& Tower with Radar,919,252,13,0,1184,0,4,8,0,12,919,256,21,0,1196,0,0,0,1196
08/20/2001,EWR,NJ,AEA,EN,Combined TRACON& Tower with Radar,1069,327,27,0,1423,0,4,8,0,12,1069,331,35,0,1435,0,0,0,1435
08/21/2001,EWR,NJ,AEA,EN,Combined TRACON& Tower with Radar,1098,322,22,0,1442,0,4,8,0,12,1098,326,30,0,1454,0,0,0,1454
08/22/2001,EWR,NJ,AEA,EN,Combined TRACON& Tower with Radar,1083,364,25,0,1472,0,4,8,0,12,1083,368,33,0,1484,0,0,0,1484
08/23/2001,EWR,NJ,AEA,EN,Combined TRACON& Tower with Radar,1076,354,31,0,1461,0,5,8,0,13,1076,359,39,0,1474,0,0,0,1474
08/24/2001,EWR,NJ,AEA,EN,Combined TRACON& Tower with Radar,1096,380,52,0,1528,0,5,8,1,14,1096,385,60,1,1542,0,0,0,1542
08/25/2001,EWR,NJ,AEA,EN,Combined TRACON& Tower with Radar,867,285,26,0,1178,0,5,8,0,13,867,290,34,0,1191,0,0,0,1191
08/26/2001,EWR,NJ,AEA,EN,Combined TRACON& Tower with Radar,938,276,24,0,1238,0,5,8,0,13,938,281,32,0,1251,0,0,0,1251
08/27/2001,EWR,NJ,AEA,EN,Combined TRACON& Tower with Radar,955,277,39,0,1271,0,5,8,0,13,955,282,47,0,1284,0,0,0,1284
08/28/2001,EWR,NJ,AEA,EN,Combined TRACON& Tower with Radar,1039,323,35,0,1397,0,4,9,0,13,1039,327,44,0,1410,0,0,0,1410
08/29/2001,EWR,NJ,AEA,EN,Combined TRACON& Tower with Radar,1084,370,22,0,1476,0,4,9,0,13,1084,374,31,0,1489,0,0,0,1489
08/30/2001,EWR,NJ,AEA,EN,Combined TRACON& Tower with Radar,1057,354,47,0,1458,0,4,9,0,13,1057,358,56,0,1471,0,0,0,1471
08/31/2001,EWR,NJ,AEA,EN,Combined TRACON& Tower with Radar,933,280,18,0,1231,24,0,20,0,44,957,280,38,0,1275,0,0,0,1275
09/01/2001,EWR,NJ,AEA,EN,Combined TRACON& Tower with Radar,944,270,15,0,1229,6,2,3,0,11,950,272,18,0,1240,0,0,0,1240
09/02/2001,EWR,NJ,AEA,EN,Combined TRACON& Tower with Radar,760,240,13,0,1013,0,2,9,0,11,760,242,22,0,1024,0,0,0,1024
09/03/2001,EWR,NJ,AEA,EN,Combined TRACON& Tower with Radar,903,268,28,0,1199,0,2,9,0,11,903,270,37,0,1210,0,0,0,1210
09/04/2001,EWR,NJ,AEA,EN,Combined TRACON& Tower with Radar,951,322,32,0,1305,0,3,8,0,11,951,325,40,0,1316,0,0,0,1316
09/05/2001,EWR,NJ,AEA,EN,Combined TRACON& Tower with Radar,1095,404,46,0,1545,0,3,8,0,11,1095,407,54,0,1556,0,0,0,1556
09/06/2001,EWR,NJ,AEA,EN,Combined TRACON& Tower with Radar,1047,376,48,0,1471,0,3,8,0,11,1047,379,56,0,1482,0,0,0,1482
09/07/2001,EWR,NJ,AEA,EN,Combined TRACON& Tower with Radar,1022,366,37,1,1426,0,3,7,1,11,1022,369,44,2,1437,0,0,0,1437
09/08/2001,EWR,NJ,AEA,EN,Combined TRACON& Tower with Radar,828,289,9,0,1126,0,3,8,0,11,828,292,17,0,1137,0,0,0,1137
09/09/2001,EWR,NJ,AEA,EN,Combined TRACON& Tower with Radar,863,306,9,1,1179,0,15,25,0,40,863,321,34,1,1219,0,0,0,1219
09/10/2001,EWR,NJ,AEA,EN,Combined TRACON& Tower with Radar,888,285,32,0,1205,1,3,7,0,11,889,288,39,0,1216,0,0,0,1216
09/11/2001,EWR,NJ,AEA,EN,Combined TRACON& Tower with Radar,226,71,1,1,299,10,0,12,1,23,236,71,13,2,322,0,0,0,322
09/12/2001,EWR,NJ,AEA,EN,Combined TRACON& Tower with Radar,0,0,0,2,2,4,0,4,2,10,4,0,4,4,12,0,0,0,12
09/13/2001,EWR,NJ,AEA,EN,Combined TRACON& Tower with Radar,33,17,3,2,55,0,3,6,1,10,33,20,9,3,65,0,0,0,65
09/14/2001,EWR,NJ,AEA,EN,Combined TRACON& Tower with Radar,184,80,13,3,280,0,3,6,1,10,184,83,19,4,290,0,0,0,290
09/15/2001,EWR,NJ,AEA,EN,Combined TRACON& Tower with Radar,500,176,3,1,680,0,3,20,3,26,500,179,23,4,706,0,0,0,706
09/16/2001,EWR,NJ,AEA,EN,Combined TRACON& Tower with Radar,585,226,11,3,825,0,3,6,1,10,585,229,17,4,835,0,0,0,835
09/17/2001,EWR,NJ,AEA,EN,Combined TRACON& Tower with Radar,794,284,5,4,1087,0,3,6,1,10,794,287,11,5,1097,0,0,0,1097
09/18/2001,EWR,NJ,AEA,EN,Combined TRACON& Tower with Radar,830,316,5,1,1152,0,3,6,1,10,830,319,11,2,1162,0,0,0,1162
09/19/2001,EWR,NJ,AEA,EN,Combined TRACON& Tower with Radar,850,301,23,5,1179,0,3,6,1,10,850,304,29,6,1189,0,0,0,1189
09/20/2001,EWR,NJ,AEA,EN,Combined TRACON& Tower with Radar,793,295,15,4,1107,0,2,7,1,10,793,297,22,5,1117,0,0,0,1117
09/21/2001,EWR,NJ,AEA,EN,Combined TRACON& Tower with Radar,796,298,4,0,1098,0,3,8,0,11,796,301,12,0,1109,0,0,0,1109
09/22/2001,EWR,NJ,AEA,EN,Combined TRACON& Tower with Radar,653,254,1,3,911,0,2,7,1,10,653,256,8,4,921,0,0,0,921
09/23/2001,EWR,NJ,AEA,EN,Combined TRACON& Tower with Radar,665,240,8,1,914,0,3,7,0,10,665,243,15,1,924,0,0,0,924
09/24/2001,EWR,NJ,AEA,EN,Combined TRACON& Tower with Radar,731,285,3,1,1020,0,2,7,1,10,731,287,10,2,1030,0,0,0,1030
09/25/2001,EWR,NJ,AEA,EN,Combined TRACON& Tower with Radar,772,319,8,1,1100,0,3,7,0,10,772,322,15,1,1110,0,0,0,1110
09/26/2001,EWR,NJ,AEA,EN,Combined TRACON& Tower with Radar,787,306,15,0,1108,0,2,7,0,9,787,308,22,0,1117,0,0,0,1117
09/27/2001,EWR,NJ,AEA,EN,Combined TRACON& Tower with Radar,796,293,6,0,1095,0,2,7,1,10,796,295,13,1,1105,0,0,0,1105
09/28/2001,EWR,NJ,AEA,EN,Combined TRACON& Tower with Radar,789,288,3,0,1080,0,2,8,0,10,789,290,11,0,1090,0,0,0,1090
09/29/2001,EWR,NJ,AEA,EN,Combined TRACON& Tower with Radar,626,249,0,0,875,0,2,7,0,9,626,251,7,0,884,0,0,0,884
09/30/2001,EWR,NJ,AEA,EN,Combined TRACON& Tower with Radar,685,244,9,0,938,0,2,8,0,10,685,246,17,0,948,0,0,0,948
10/01/2001,EWR,NJ,AEA,EN,Combined TRACON& Tower with Radar,715,320,12,0,1047,9,0,0,0,9,724,320,12,0,1056,0,0,0,1056
10/02/2001,EWR,NJ,AEA,EN,Combined TRACON& Tower with Radar,728,355,12,0,1095,1,0,3,0,4,729,355,15,0,1099,0,0,0,1099
10/03/2001,EWR,NJ,AEA,EN,Combined TRACON& Tower with Radar,747,339,14,0,1100,1,11,0,0,12,748,350,14,0,1112,0,0,0,1112
10/04/2001,EWR,NJ,AEA,EN,Combined TRACON& Tower with Radar,782,363,17,0,1162,1,0,2,0,3,783,363,19,0,1165,0,0,0,1165
10/05/2001,EWR,NJ,AEA,EN,Combined TRACON& Tower with Radar,776,358,10,0,1144,1,0,2,0,3,777,358,12,0,1147,0,0,0,1147
10/06/2001,EWR,NJ,AEA,EN,Combined TRACON& Tower with Radar,636,254,5,0,895,4,0,0,0,4,640,254,5,0,899,0,0,0,899
10/07/2001,EWR,NJ,AEA,EN,Combined TRACON& Tower with Radar,660,268,14,0,942,1,0,2,0,3,661,268,16,0,945,0,0,0,945
10/08/2001,EWR,NJ,AEA,EN,Combined TRACON& Tower with Radar,728,334,7,0,1069,2,0,0,0,2,730,334,7,0,1071,0,0,0,1071
10/09/2001,EWR,NJ,AEA,EN,Combined TRACON& Tower with Radar,756,349,9,0,1114,1,0,0,0,1,757,349,9,0,1115,0,0,0,1115
10/10/2001,EWR,NJ,AEA,EN,Combined TRACON& Tower with Radar,756,354,9,0,1119,0,0,0,0,0,756,354,9,0,1119,0,0,0,1119
10/11/2001,EWR,NJ,AEA,EN,Combined TRACON& Tower with Radar,778,342,14,0,1134,0,0,3,0,3,778,342,17,0,1137,0,0,0,1137
10/12/2001,EWR,NJ,AEA,EN,Combined TRACON& Tower with Radar,787,344,8,0,1139,0,0,3,0,3,787,344,11,0,1142,0,0,0,1142
10/13/2001,EWR,NJ,AEA,EN,Combined TRACON& Tower with Radar,635,270,5,0,910,0,0,3,0,3,635,270,8,0,913,0,0,0,913
10/14/2001,EWR,NJ,AEA,EN,Combined TRACON& Tower with Radar,655,279,9,0,943,0,0,3,0,3,655,279,12,0,946,0,0,0,946
10/15/2001,EWR,NJ,AEA,EN,Combined TRACON& Tower with Radar,717,322,10,0,1049,0,0,3,0,3,717,322,13,0,1052,0,0,0,1052
10/16/2001,EWR,NJ,AEA,EN,Combined TRACON& Tower with Radar,754,347,12,2,1115,0,0,3,0,3,754,347,15,2,1118,0,0,0,1118
10/17/2001,EWR,NJ,AEA,EN,Combined TRACON& Tower with Radar,761,344,8,0,1113,0,0,4,0,4,761,344,12,0,1117,0,0,0,1117
10/18/2001,EWR,NJ,AEA,EN,Combined TRACON& Tower with Radar,769,351,14,0,1134,0,0,4,0,4,769,351,18,0,1138,0,0,0,1138
10/19/2001,EWR,NJ,AEA,EN,Combined TRACON& Tower with Radar,782,355,11,2,1150,0,0,4,0,4,782,355,15,2,1154,0,0,0,1154
10/20/2001,EWR,NJ,AEA,EN,Combined TRACON& Tower with Radar,639,259,5,0,903,0,0,3,0,3,639,259,8,0,906,0,0,0,906
10/21/2001,EWR,NJ,AEA,EN,Combined TRACON& Tower with Radar,649,275,5,0,929,0,0,4,0,4,649,275,9,0,933,0,0,0,933
10/22/2001,EWR,NJ,AEA,EN,Combined TRACON& Tower with Radar,727,322,13,0,1062,0,0,10,0,10,727,322,23,0,1072,0,0,0,1072
10/23/2001,EWR,NJ,AEA,EN,Combined TRACON& Tower with Radar,756,361,19,0,1136,0,0,0,0,0,756,361,19,0,1136,0,0,0,1136
10/24/2001,EWR,NJ,AEA,EN,Combined TRACON& Tower with Radar,762,342,30,0,1134,0,0,0,0,0,762,342,30,0,1134,0,0,0,1134
10/25/2001,EWR,NJ,AEA,EN,Combined TRACON& Tower with Radar,798,353,35,0,1186,0,0,0,0,0,798,353,35,0,1186,0,0,0,1186
10/26/2001,EWR,NJ,AEA,EN,Combined TRACON& Tower with Radar,773,344,37,0,1154,0,0,2,0,2,773,344,39,0,1156,0,0,0,1156
10/27/2001,EWR,NJ,AEA,EN,Combined TRACON& Tower with Radar,630,264,19,0,913,0,0,2,0,2,630,264,21,0,915,0,0,0,915
10/28/2001,EWR,NJ,AEA,EN,Combined TRACON& Tower with Radar,642,269,20,0,931,0,0,2,0,2,642,269,22,0,933,0,0,0,933
10/29/2001,EWR,NJ,AEA,EN,Combined TRACON& Tower with Radar,724,334,25,0,1083,0,0,2,0,2,724,334,27,0,1085,0,0,0,1085
10/30/2001,EWR,NJ,AEA,EN,Combined TRACON& Tower with Radar,749,342,31,0,1122,0,0,2,0,2,749,342,33,0,1124,0,0,0,1124
10/31/2001,EWR,NJ,AEA,EN,Combined TRACON& Tower with Radar,749,337,40,0,1126,0,0,2,0,2,749,337,42,0,1128,0,0,0,1128
11/01/2001,EWR,NJ,AEA,EN,Combined TRACON& Tower with Radar,798,331,50,1,1180,6,0,0,0,6,804,331,50,1,1186,0,0,0,1186
11/02/2001,EWR,NJ,AEA,EN,Combined TRACON& Tower with Radar,813,337,40,0,1190,0,0,2,0,2,813,337,42,0,1192,0,0,0,1192
11/03/2001,EWR,NJ,AEA,EN,Combined TRACON& Tower with Radar,668,257,17,0,942,0,0,2,0,2,668,257,19,0,944,0,0,0,944
11/04/2001,EWR,NJ,AEA,EN,Combined TRACON& Tower with Radar,670,258,25,0,953,15,0,0,4,19,685,258,25,4,972,0,0,0,972
11/05/2001,EWR,NJ,AEA,EN,Combined TRACON& Tower with Radar,747,308,20,2,1077,0,0,1,0,1,747,308,21,2,1078,0,0,0,1078
11/06/2001,EWR,NJ,AEA,EN,Combined TRACON& Tower with Radar,806,317,29,0,1152,0,0,1,0,1,806,317,30,0,1153,0,0,0,1153
11/07/2001,EWR,NJ,AEA,EN,Combined TRACON& Tower with Radar,795,321,45,0,1161,0,0,1,0,1,795,321,46,0,1162,0,0,0,1162
11/08/2001,EWR,NJ,AEA,EN,Combined TRACON& Tower with Radar,818,322,37,1,1178,0,0,1,0,1,818,322,38,1,1179,0,0,0,1179
11/09/2001,EWR,NJ,AEA,EN,Combined TRACON& Tower with Radar,800,336,27,2,1165,0,0,1,0,1,800,336,28,2,1166,0,0,0,1166
11/10/2001,EWR,NJ,AEA,EN,Combined TRACON& Tower with Radar,681,248,22,1,952,0,0,2,0,2,681,248,24,1,954,0,0,0,954
11/11/2001,EWR,NJ,AEA,EN,Combined TRACON& Tower with Radar,707,260,22,2,991,0,0,2,0,2,707,260,24,2,993,0,0,0,993
11/12/2001,EWR,NJ,AEA,EN,Combined TRACON& Tower with Radar,555,200,20,0,775,0,0,2,0,2,555,200,22,0,777,0,0,0,777
11/13/2001,EWR,NJ,AEA,EN,Combined TRACON& Tower with Radar,787,325,48,0,1160,0,0,2,0,2,787,325,50,0,1162,0,0,0,1162
11/14/2001,EWR,NJ,AEA,EN,Combined TRACON& Tower with Radar,802,327,35,0,1164,0,0,2,0,2,802,327,37,0,1166,0,0,0,1166
11/15/2001,EWR,NJ,AEA,EN,Combined TRACON& Tower with Radar,805,328,43,0,1176,0,0,2,0,2,805,328,45,0,1178,0,0,0,1178
11/16/2001,EWR,NJ,AEA,EN,Combined TRACON& Tower with Radar,777,315,28,2,1122,0,0,2,0,2,777,315,30,2,1124,0,0,0,1124
11/17/2001,EWR,NJ,AEA,EN,Combined TRACON& Tower with Radar,661,246,20,1,928,0,0,2,0,2,661,246,22,1,930,0,0,0,930
11/18/2001,EWR,NJ,AEA,EN,Combined TRACON& Tower with Radar,676,254,36,1,967,0,0,2,0,2,676,254,38,1,969,0,0,0,969
11/19/2001,EWR,NJ,AEA,EN,Combined TRACON& Tower with Radar,728,307,36,0,1071,0,0,2,0,2,728,307,38,0,1073,0,0,0,1073
11/20/2001,EWR,NJ,AEA,EN,Combined TRACON& Tower with Radar,811,333,59,0,1203,0,0,2,0,2,811,333,61,0,1205,0,0,0,1205
11/21/2001,EWR,NJ,AEA,EN,Combined TRACON& Tower with Radar,806,327,24,0,1157,0,0,2,0,2,806,327,26,0,1159,0,0,0,1159
11/22/2001,EWR,NJ,AEA,EN,Combined TRACON& Tower with Radar,535,171,4,0,710,0,0,1,0,1,535,171,5,0,711,0,0,0,711
11/23/2001,EWR,NJ,AEA,EN,Combined TRACON& Tower with Radar,581,189,15,0,785,0,0,2,0,2,581,189,17,0,787,0,0,0,787
11/24/2001,EWR,NJ,AEA,EN,Combined TRACON& Tower with Radar,652,224,15,0,891,0,0,3,0,3,652,224,18,0,894,0,0,0,894
11/25/2001,EWR,NJ,AEA,EN,Combined TRACON& Tower with Radar,711,241,28,0,980,0,0,3,0,3,711,241,31,0,983,0,0,0,983
11/26/2001,EWR,NJ,AEA,EN,Combined TRACON& Tower with Radar,756,299,27,0,1082,0,0,3,0,3,756,299,30,0,1085,0,0,0,1085
11/27/2001,EWR,NJ,AEA,EN,Combined TRACON& Tower with Radar,792,313,39,0,1144,0,0,3,0,3,792,313,42,0,1147,0,0,0,1147
11/28/2001,EWR,NJ,AEA,EN,Combined TRACON& Tower with Radar,781,308,45,0,1134,0,0,2,0,2,781,308,47,0,1136,0,0,0,1136
11/29/2001,EWR,NJ,AEA,EN,Combined TRACON& Tower with Radar,821,338,55,1,1215,0,0,2,0,2,821,338,57,1,1217,0,0,0,1217
11/30/2001,EWR,NJ,AEA,EN,Combined TRACON& Tower with Radar,812,331,30,0,1173,0,0,2,0,2,812,331,32,0,1175,0,0,0,1175
12/01/2001,EWR,NJ,AEA,EN,Combined TRACON& Tower with Radar,665,245,23,0,933,7,1,0,0,8,672,246,23,0,941,0,0,0,941
12/02/2001,EWR,NJ,AEA,EN,Combined TRACON& Tower with Radar,686,258,18,1,963,0,1,4,0,5,686,259,22,1,968,0,0,0,968
12/03/2001,EWR,NJ,AEA,EN,Combined TRACON& Tower with Radar,748,295,41,0,1084,0,1,4,0,5,748,296,45,0,1089,0,0,0,1089
12/04/2001,EWR,NJ,AEA,EN,Combined TRACON& Tower with Radar,797,325,35,0,1157,0,1,4,0,5,797,326,39,0,1162,0,0,0,1162
12/05/2001,EWR,NJ,AEA,EN,Combined TRACON& Tower with Radar,782,310,61,0,1153,0,0,4,0,4,782,310,65,0,1157,0,0,0,1157
12/06/2001,EWR,NJ,AEA,EN,Combined TRACON& Tower with Radar,832,309,26,0,1167,0,0,32,0,32,832,309,58,0,1199,0,0,0,1199
12/07/2001,EWR,NJ,AEA,EN,Combined TRACON& Tower with Radar,812,325,46,0,1183,1,0,3,0,4,813,325,49,0,1187,0,0,0,1187
12/08/2001,EWR,NJ,AEA,EN,Combined TRACON& Tower with Radar,660,245,18,0,923,13,0,0,0,13,673,245,18,0,936,0,0,0,936
12/09/2001,EWR,NJ,AEA,EN,Combined TRACON& Tower with Radar,695,260,30,0,985,1,1,2,0,4,696,261,32,0,989,0,0,0,989
12/10/2001,EWR,NJ,AEA,EN,Combined TRACON& Tower with Radar,754,315,51,0,1120,1,1,2,0,4,755,316,53,0,1124,0,0,0,1124
12/11/2001,EWR,NJ,AEA,EN,Combined TRACON& Tower with Radar,816,328,55,0,1199,0,1,2,1,4,816,329,57,1,1203,0,0,0,1203
12/12/2001,EWR,NJ,AEA,EN,Combined TRACON& Tower with Radar,813,312,27,0,1152,0,2,18,0,20,813,314,45,0,1172,0,0,0,1172
12/13/2001,EWR,NJ,AEA,EN,Combined TRACON& Tower with Radar,825,313,56,0,1194,1,1,2,0,4,826,314,58,0,1198,0,0,0,1198
12/14/2001,EWR,NJ,AEA,EN,Combined TRACON& Tower with Radar,828,325,26,0,1179,1,1,2,0,4,829,326,28,0,1183,0,0,0,1183
12/15/2001,EWR,NJ,AEA,EN,Combined TRACON& Tower with Radar,690,250,13,0,953,0,2,2,0,4,690,252,15,0,957,0,0,0,957
12/16/2001,EWR,NJ,AEA,EN,Combined TRACON& Tower with Radar,714,247,20,0,981,0,2,2,0,4,714,249,22,0,985,0,0,0,985
12/17/2001,EWR,NJ,AEA,EN,Combined TRACON& Tower with Radar,758,306,37,0,1101,0,2,2,0,4,758,308,39,0,1105,0,0,0,1105
12/18/2001,EWR,NJ,AEA,EN,Combined TRACON& Tower with Radar,828,335,27,0,1190,0,2,2,0,4,828,337,29,0,1194,0,0,0,1194
12/19/2001,EWR,NJ,AEA,EN,Combined TRACON& Tower with Radar,855,344,37,0,1236,0,2,2,1,5,855,346,39,1,1241,0,0,0,1241
12/20/2001,EWR,NJ,AEA,EN,Combined TRACON& Tower with Radar,860,349,49,0,1258,0,2,2,1,5,860,351,51,1,1263,0,0,0,1263
12/21/2001,EWR,NJ,AEA,EN,Combined TRACON& Tower with Radar,875,347,46,0,1268,0,2,2,0,4,875,349,48,0,1272,0,0,0,1272
12/22/2001,EWR,NJ,AEA,EN,Combined TRACON& Tower with Radar,736,255,37,0,1028,0,2,2,0,4,736,257,39,0,1032,0,0,0,1032
12/23/2001,EWR,NJ,AEA,EN,Combined TRACON& Tower with Radar,719,245,17,0,981,0,2,2,0,4,719,247,19,0,985,0,0,0,985
12/24/2001,EWR,NJ,AEA,EN,Combined TRACON& Tower with Radar,576,177,4,0,757,2,2,0,0,4,578,179,4,0,761,0,0,0,761
12/25/2001,EWR,NJ,AEA,EN,Combined TRACON& Tower with Radar,598,175,0,0,773,6,2,0,0,8,604,177,0,0,781,0,0,0,781
12/26/2001,EWR,NJ,AEA,EN,Combined TRACON& Tower with Radar,760,297,15,0,1072,0,1,3,0,4,760,298,18,0,1076,0,0,0,1076
12/27/2001,EWR,NJ,AEA,EN,Combined TRACON& Tower with Radar,832,306,16,0,1154,0,1,3,0,4,832,307,19,0,1158,0,0,0,1158
12/28/2001,EWR,NJ,AEA,EN,Combined TRACON& Tower with Radar,814,303,12,0,1129,0,1,3,0,4,814,304,15,0,1133,0,0,0,1133
12/29/2001,EWR,NJ,AEA,EN,Combined TRACON& Tower with Radar,702,252,19,0,973,0,1,3,0,4,702,253,22,0,977,0,0,0,977
12/30/2001,EWR,NJ,AEA,EN,Combined TRACON& Tower with Radar,691,246,5,0,942,0,1,3,0,4,691,247,8,0,946,0,0,0,946
12/31/2001,EWR,NJ,AEA,EN,Combined TRACON& Tower with Radar,614,212,4,0,830,0,1,3,0,4,614,213,7,0,834,0,0,0,834
01/01/2002,EWR,NJ,AEA,EN,Combined TRACON& Tower with Radar,630,225,11,0,866,7,2,1,0,10,637,227,12,0,876,0,0,0,876
01/02/2002,EWR,NJ,AEA,EN,Combined TRACON& Tower with Radar,764,314,15,1,1094,1,2,6,0,9,765,316,21,1,1103,0,0,0,1103
01/03/2002,EWR,NJ,AEA,EN,Combined TRACON& Tower with Radar,781,320,16,0,1117,1,2,6,0,9,782,322,22,0,1126,0,0,0,1126
01/04/2002,EWR,NJ,AEA,EN,Combined TRACON& Tower with Radar,794,328,32,0,1154,1,2,6,0,9,795,330,38,0,1163,0,0,0,1163
01/05/2002,EWR,NJ,AEA,EN,Combined TRACON& Tower with Radar,653,248,11,0,912,1,2,6,0,9,654,250,17,0,921,0,0,0,921
01/06/2002,EWR,NJ,AEA,EN,Combined TRACON& Tower with Radar,679,255,12,0,946,1,2,6,0,9,680,257,18,0,955,0,0,0,955
01/07/2002,EWR,NJ,AEA,EN,Combined TRACON& Tower with Radar,733,324,18,0,1075,1,2,6,0,9,734,326,24,0,1084,0,0,0,1084
01/08/2002,EWR,NJ,AEA,EN,Combined TRACON& Tower with Radar,779,342,41,0,1162,1,2,6,0,9,780,344,47,0,1171,0,0,0,1171
01/09/2002,EWR,NJ,AEA,EN,Combined TRACON& Tower with Radar,790,336,26,0,1152,1,2,6,0,9,791,338,32,0,1161,0,0,0,1161
01/10/2002,EWR,NJ,AEA,EN,Combined TRACON& Tower with Radar,803,338,30,0,1171,0,1,6,2,9,803,339,36,2,1180,0,0,0,1180
01/11/2002,EWR,NJ,AEA,EN,Combined TRACON& Tower with Radar,795,336,17,0,1148,0,16,29,0,45,795,352,46,0,1193,0,0,0,1193
01/12/2002,EWR,NJ,AEA,EN,Combined TRACON& Tower with Radar,657,235,16,0,908,0,2,7,0,9,657,237,23,0,917,4,0,4,921
01/13/2002,EWR,NJ,AEA,EN,Combined TRACON& Tower with Radar,668,239,7,0,914,0,2,7,0,9,668,241,14,0,923,0,0,0,923
01/14/2002,EWR,NJ,AEA,EN,Combined TRACON& Tower with Radar,750,323,15,0,1088,0,2,7,0,9,750,325,22,0,1097,0,0,0,1097
01/15/2002,EWR,NJ,AEA,EN,Combined TRACON& Tower with Radar,779,354,52,0,1185,0,2,6,0,8,779,356,58,0,1193,0,0,0,1193
01/16/2002,EWR,NJ,AEA,EN,Combined TRACON& Tower with Radar,775,344,40,0,1159,0,2,6,0,8,775,346,46,0,1167,0,0,0,1167
01/17/2002,EWR,NJ,AEA,EN,Combined TRACON& Tower with Radar,808,334,25,0,1167,0,2,6,0,8,808,336,31,0,1175,0,0,0,1175
01/18/2002,EWR,NJ,AEA,EN,Combined TRACON& Tower with Radar,784,346,27,0,1157,0,2,6,0,8,784,348,33,0,1165,0,0,0,1165
01/19/2002,EWR,NJ,AEA,EN,Combined TRACON& Tower with Radar,610,206,6,0,822,0,2,6,0,8,610,208,12,0,830,0,0,0,830
01/20/2002,EWR,NJ,AEA,EN,Combined TRACON& Tower with Radar,659,257,11,0,927,0,2,6,0,8,659,259,17,0,935,0,0,0,935
01/21/2002,EWR,NJ,AEA,EN,Combined TRACON& Tower with Radar,752,315,42,0,1109,0,2,6,0,8,752,317,48,0,1117,0,0,0,1117
01/22/2002,EWR,NJ,AEA,EN,Combined TRACON& Tower with Radar,789,329,31,0,1149,0,2,6,0,8,789,331,37,0,1157,0,0,0,1157
01/23/2002,EWR,NJ,AEA,EN,Combined TRACON& Tower with Radar,791,340,28,0,1159,0,2,6,0,8,791,342,34,0,1167,0,0,0,1167
01/24/2002,EWR,NJ,AEA,EN,Combined TRACON& Tower with Radar,813,357,37,0,1207,0,2,6,0,8,813,359,43,0,1215,0,0,0,1215
01/25/2002,EWR,NJ,AEA,EN,Combined TRACON& Tower with Radar,794,338,37,0,1169,0,2,6,0,8,794,340,43,0,1177,0,0,0,1177
01/26/2002,EWR,NJ,AEA,EN,Combined TRACON& Tower with Radar,641,251,10,0,902,1,2,5,0,8,642,253,15,0,910,0,0,0,910
01/27/2002,EWR,NJ,AEA,EN,Combined TRACON& Tower with Radar,647,267,17,0,931,1,2,5,0,8,648,269,22,0,939,0,0,0,939
01/28/2002,EWR,NJ,AEA,EN,Combined TRACON& Tower with Radar,754,319,30,0,1103,1,2,5,0,8,755,321,35,0,1111,0,0,0,1111
01/29/2002,EWR,NJ,AEA,EN,Combined TRACON& Tower with Radar,782,341,27,0,1150,1,2,5,0,8,783,343,32,0,1158,0,0,0,1158
01/30/2002,EWR,NJ,AEA,EN,Combined TRACON& Tower with Radar,777,340,38,0,1155,1,2,5,0,8,778,342,43,0,1163,0,0,0,1163
01/31/2002,EWR,NJ,AEA,EN,Combined TRACON& Tower with Radar,753,316,27,0,1096,1,3,5,0,9,754,319,32,0,1105,0,0,0,1105
02/01/2002,EWR,NJ,AEA,EN,Combined TRACON& Tower with Radar,786,295,42,0,1123,10,2,4,0,16,796,297,46,0,1139,0,0,0,1139
02/02/2002,EWR,NJ,AEA,EN,Combined TRACON& Tower with Radar,647,244,20,0,911,6,2,8,0,16,653,246,28,0,927,0,0,0,927
02/03/2002,EWR,NJ,AEA,EN,Combined TRACON& Tower with Radar,656,256,26,2,940,5,1,7,2,15,661,257,33,4,955,0,0,0,955
02/04/2002,EWR,NJ,AEA,EN,Combined TRACON& Tower with Radar,751,317,31,1,1100,6,2,7,0,15,757,319,38,1,1115,0,0,0,1115
02/05/2002,EWR,NJ,AEA,EN,Combined TRACON& Tower with Radar,776,320,23,0,1119,0,15,20,0,35,776,335,43,0,1154,0,0,0,1154
02/06/2002,EWR,NJ,AEA,EN,Combined TRACON& Tower with Radar,781,325,28,0,1134,6,2,7,0,15,787,327,35,0,1149,0,0,0,1149
02/07/2002,EWR,NJ,AEA,EN,Combined TRACON& Tower with Radar,799,347,34,0,1180,6,2,7,0,15,805,349,41,0,1195,0,0,0,1195
02/08/2002,EWR,NJ,AEA,EN,Combined TRACON& Tower with Radar,793,340,40,0,1173,6,2,7,0,15,799,342,47,0,1188,0,0,0,1188
02/09/2002,EWR,NJ,AEA,EN,Combined TRACON& Tower with Radar,640,237,0,0,877,6,2,0,0,8,646,239,0,0,885,0,0,0,885
02/10/2002,EWR,NJ,AEA,EN,Combined TRACON& Tower with Radar,651,252,18,0,921,6,2,7,0,15,657,254,25,0,936,0,0,0,936
02/11/2002,EWR,NJ,AEA,EN,Combined TRACON& Tower with Radar,714,299,30,0,1043,6,2,7,0,15,720,301,37,0,1058,0,0,0,1058
02/12/2002,EWR,NJ,AEA,EN,Combined TRACON& Tower with Radar,794,325,23,0,1142,0,8,22,0,30,794,333,45,0,1172,0,0,0,1172
02/13/2002,EWR,NJ,AEA,EN,Combined TRACON& Tower with Radar,793,344,32,0,1169,5,2,8,0,15,798,346,40,0,1184,0,0,0,1184
02/14/2002,EWR,NJ,AEA,EN,Combined TRACON& Tower with Radar,830,343,53,0,1226,5,1,7,2,15,835,344,60,2,1241,0,0,0,1241
02/15/2002,EWR,NJ,AEA,EN,Combined TRACON& Tower with Radar,823,329,26,0,1178,5,2,7,0,14,828,331,33,0,1192,0,0,0,1192
02/16/2002,EWR,NJ,AEA,EN,Combined TRACON& Tower with Radar,654,255,14,0,923,36,0,0,0,36,690,255,14,0,959,0,0,0,959
02/17/2002,EWR,NJ,AEA,EN,Combined TRACON& Tower with Radar,685,268,9,0,962,6,2,6,0,14,691,270,15,0,976,0,0,0,976
02/18/2002,EWR,NJ,AEA,EN,Combined TRACON& Tower with Radar,770,316,23,0,1109,0,13,14,0,27,770,329,37,0,1136,3,0,3,1139
02/19/2002,EWR,NJ,AEA,EN,Combined TRACON& Tower with Radar,808,337,43,0,1188,5,1,6,2,14,813,338,49,2,1202,0,0,0,1202
02/20/2002,EWR,NJ,AEA,EN,Combined TRACON& Tower with Radar,815,339,20,0,1174,6,2,6,0,14,821,341,26,0,1188,0,0,0,1188
02/21/2002,EWR,NJ,AEA,EN,Combined TRACON& Tower with Radar,842,349,48,0,1239,0,0,5,0,5,842,349,53,0,1244,0,0,0,1244
02/22/2002,EWR,NJ,AEA,EN,Combined TRACON& Tower with Radar,816,347,25,1,1189,5,2,6,0,13,821,349,31,1,1202,0,0,0,1202
02/23/2002,EWR,NJ,AEA,EN,Combined TRACON& Tower with Radar,679,252,15,0,946,6,3,6,0,15,685,255,21,0,961,0,0,0,961
02/24/2002,EWR,NJ,AEA,EN,Combined TRACON& Tower with Radar,688,275,18,0,981,19,0,15,0,34,707,275,33,0,1015,0,0,0,1015
02/25/2002,EWR,NJ,AEA,EN,Combined TRACON& Tower with Radar,777,327,51,1,1156,5,2,6,1,14,782,329,57,2,1170,0,0,0,1170
02/26/2002,EWR,NJ,AEA,EN,Combined TRACON& Tower with Radar,809,334,60,0,1203,6,3,6,0,15,815,337,66,0,1218,0,0,0,1218
02/27/2002,EWR,NJ,AEA,EN,Combined TRACON& Tower with Radar,810,329,52,0,1191,6,3,6,0,15,816,332,58,0,1206,0,0,0,1206
02/28/2002,EWR,NJ,AEA,EN,Combined TRACON& Tower with Radar,834,344,35,0,1213,6,3,6,0,15,840,347,41,0,1228,0,0,0,1228
03/01/2002,EWR,NJ,AEA,EN,Combined TRACON& Tower with Radar,813,340,30,0,1183,6,1,3,0,10,819,341,33,0,1193,0,0,0,1193
03/02/2002,EWR,NJ,AEA,EN,Combined TRACON& Tower with Radar,660,250,22,0,932,0,1,9,0,10,660,251,31,0,942,0,0,0,942
03/03/2002,EWR,NJ,AEA,EN,Combined TRACON& Tower with Radar,694,271,15,0,980,0,1,9,0,10,694,272,24,0,990,0,0,0,990
03/04/2002,EWR,NJ,AEA,EN,Combined TRACON& Tower with Radar,781,305,18,0,1104,0,1,9,0,10,781,306,27,0,1114,0,0,0,1114
03/05/2002,EWR,NJ,AEA,EN,Combined TRACON& Tower with Radar,831,341,37,0,1209,0,1,9,0,10,831,342,46,0,1219,0,0,0,1219
03/06/2002,EWR,NJ,AEA,EN,Combined TRACON& Tower with Radar,825,332,28,0,1185,0,1,9,0,10,825,333,37,0,1195,0,0,0,1195
03/07/2002,EWR,NJ,AEA,EN,Combined TRACON& Tower with Radar,817,333,31,0,1181,0,1,9,0,10,817,334,40,0,1191,0,0,0,1191
03/08/2002,EWR,NJ,AEA,EN,Combined TRACON& Tower with Radar,860,338,18,0,1216,0,1,9,0,10,860,339,27,0,1226,0,0,0,1226
03/09/2002,EWR,NJ,AEA,EN,Combined TRACON& Tower with Radar,697,250,31,0,978,0,1,9,0,10,697,251,40,0,988,0,0,0,988
03/10/2002,EWR,NJ,AEA,EN,Combined TRACON& Tower with Radar,704,263,25,0,992,0,2,9,0,11,704,265,34,0,1003,0,0,0,1003
03/11/2002,EWR,NJ,AEA,EN,Combined TRACON& Tower with Radar,787,309,14,0,1110,0,14,20,0,34,787,323,34,0,1144,0,0,0,1144
03/12/2002,EWR,NJ,AEA,EN,Combined TRACON& Tower with Radar,834,333,33,0,1200,0,2,9,0,11,834,335,42,0,1211,0,0,0,1211
03/13/2002,EWR,NJ,AEA,EN,Combined TRACON& Tower with Radar,834,333,26,0,1193,0,2,9,0,11,834,335,35,0,1204,0,0,0,1204
03/14/2002,EWR,NJ,AEA,EN,Combined TRACON& Tower with Radar,846,335,31,0,1212,0,2,9,0,11,846,337,40,0,1223,0,0,0,1223
03/15/2002,EWR,NJ,AEA,EN,Combined TRACON& Tower with Radar,833,324,36,0,1193,0,2,9,0,11,833,326,45,0,1204,0,0,0,1204
03/16/2002,EWR,NJ,AEA,EN,Combined TRACON& Tower with Radar,691,254,14,0,959,0,2,9,0,11,691,256,23,0,970,0,0,0,970
03/17/2002,EWR,NJ,AEA,EN,Combined TRACON& Tower with Radar,693,259,8,0,960,0,2,9,0,11,693,261,17,0,971,0,0,0,971
03/18/2002,EWR,NJ,AEA,EN,Combined TRACON& Tower with Radar,775,312,7,0,1094,0,2,9,0,11,775,314,16,0,1105,0,0,0,1105
03/19/2002,EWR,NJ,AEA,EN,Combined TRACON& Tower with Radar,836,321,21,0,1178,1,2,8,0,11,837,323,29,0,1189,0,0,0,1189
03/20/2002,EWR,NJ,AEA,EN,Combined TRACON& Tower with Radar,838,317,23,0,1178,1,2,7,0,10,839,319,30,0,1188,0,0,0,1188
03/21/2002,EWR,NJ,AEA,EN,Combined TRACON& Tower with Radar,852,324,21,0,1197,1,2,7,0,10,853,326,28,0,1207,0,0,0,1207
03/22/2002,EWR,NJ,AEA,EN,Combined TRACON& Tower with Radar,833,326,36,0,1195,1,2,7,0,10,834,328,43,0,1205,0,0,0,1205
03/23/2002,EWR,NJ,AEA,EN,Combined TRACON& Tower with Radar,690,252,22,0,964,1,2,7,0,10,691,254,29,0,974,0,0,0,974
03/24/2002,EWR,NJ,AEA,EN,Combined TRACON& Tower with Radar,699,265,19,0,983,1,2,7,0,10,700,267,26,0,993,0,0,0,993
03/25/2002,EWR,NJ,AEA,EN,Combined TRACON& Tower with Radar,784,320,24,0,1128,1,2,7,0,10,785,322,31,0,1138,0,0,0,1138
03/26/2002,EWR,NJ,AEA,EN,Combined TRACON& Tower with Radar,790,320,19,0,1129,1,2,7,0,10,791,322,26,0,1139,0,0,0,1139
03/27/2002,EWR,NJ,AEA,EN,Combined TRACON& Tower with Radar,885,338,29,0,1252,1,2,7,0,10,886,340,36,0,1262,0,0,0,1262
03/28/2002,EWR,NJ,AEA,EN,Combined TRACON& Tower with Radar,846,330,17,0,1193,0,6,11,0,17,846,336,28,0,1210,0,0,0,1210
03/29/2002,EWR,NJ,AEA,EN,Combined TRACON& Tower with Radar,841,317,14,0,1172,1,2,7,0,10,842,319,21,0,1182,0,0,0,1182
03/30/2002,EWR,NJ,AEA,EN,Combined TRACON& Tower with Radar,686,250,7,0,943,1,2,7,0,10,687,252,14,0,953,0,0,0,953
03/31/2002,EWR,NJ,AEA,EN,Combined TRACON& Tower with Radar,697,275,2,0,974,1,2,7,0,10,698,277,9,0,984,0,0,0,984
04/01/2002,EWR,NJ,AEA,EN,Combined TRACON& Tower with Radar,790,322,34,0,1146,8,2,5,0,15,798,324,39,0,1161,0,0,0,1161
04/02/2002,EWR,NJ,AEA,EN,Combined TRACON& Tower with Radar,825,326,27,0,1178,0,2,13,0,15,825,328,40,0,1193,0,0,0,1193
04/03/2002,EWR,NJ,AEA,EN,Combined TRACON& Tower with Radar,837,333,14,0,1184,0,2,13,0,15,837,335,27,0,1199,0,0,0,1199
04/04/2002,EWR,NJ,AEA,EN,Combined TRACON& Tower with Radar,854,324,14,0,1192,2,9,17,0,28,856,333,31,0,1220,0,0,0,1220
04/05/2002,EWR,NJ,AEA,EN,Combined TRACON& Tower with Radar,836,337,32,0,1205,0,2,13,0,15,836,339,45,0,1220,0,0,0,1220
04/06/2002,EWR,NJ,AEA,EN,Combined TRACON& Tower with Radar,689,257,10,0,956,0,1,12,2,15,689,258,22,2,971,0,0,0,971
04/07/2002,EWR,NJ,AEA,EN,Combined TRACON& Tower with Radar,722,255,16,0,993,0,2,13,0,15,722,257,29,0,1008,0,0,0,1008
04/08/2002,EWR,NJ,AEA,EN,Combined TRACON& Tower with Radar,802,335,18,0,1155,0,2,13,0,15,802,337,31,0,1170,0,0,0,1170
04/09/2002,EWR,NJ,AEA,EN,Combined TRACON& Tower with Radar,856,335,16,0,1207,0,2,13,0,15,856,337,29,0,1222,0,0,0,1222
04/10/2002,EWR,NJ,AEA,EN,Combined TRACON& Tower with Radar,842,338,23,0,1203,0,3,13,0,16,842,341,36,0,1219,0,0,0,1219
04/11/2002,EWR,NJ,AEA,EN,Combined TRACON& Tower with Radar,862,341,48,0,1251,0,3,13,0,16,862,344,61,0,1267,0,0,0,1267
04/12/2002,EWR,NJ,AEA,EN,Combined TRACON& Tower with Radar,857,321,49,1,1228,0,3,12,0,15,857,324,61,1,1243,0,0,0,1243
04/13/2002,EWR,NJ,AEA,EN,Combined TRACON& Tower with Radar,701,229,10,0,940,0,3,13,0,16,701,232,23,0,956,0,0,0,956
04/14/2002,EWR,NJ,AEA,EN,Combined TRACON& Tower with Radar,772,281,7,0,1060,0,3,13,0,16,772,284,20,0,1076,0,0,0,1076
04/15/2002,EWR,NJ,AEA,EN,Combined TRACON& Tower with Radar,790,325,36,0,1151,0,3,13,0,16,790,328,49,0,1167,0,0,0,1167
04/16/2002,EWR,NJ,AEA,EN,Combined TRACON& Tower with Radar,835,329,27,0,1191,0,3,13,0,16,835,332,40,0,1207,0,0,0,1207
04/17/2002,EWR,NJ,AEA,EN,Combined TRACON& Tower with Radar,842,343,41,1,1227,1,2,11,0,14,843,345,52,1,1241,0,0,0,1241
04/18/2002,EWR,NJ,AEA,EN,Combined TRACON& Tower with Radar,836,309,43,0,1188,1,3,11,0,15,837,312,54,0,1203,0,0,0,1203
04/19/2002,EWR,NJ,AEA,EN,Combined TRACON& Tower with Radar,812,263,24,0,1099,0,2,11,2,15,812,265,35,2,1114,0,0,0,1114
04/20/2002,EWR,NJ,AEA,EN,Combined TRACON& Tower with Radar,717,249,1,0,967,1,3,11,0,15,718,252,12,0,982,0,0,0,982
04/21/2002,EWR,NJ,AEA,EN,Combined TRACON& Tower with Radar,730,259,16,0,1005,1,3,11,0,15,731,262,27,0,1020,0,0,0,1020
04/22/2002,EWR,NJ,AEA,EN,Combined TRACON& Tower with Radar,790,320,27,0,1137,1,3,11,0,15,791,323,38,0,1152,0,0,0,1152
04/23/2002,EWR,NJ,AEA,EN,Combined TRACON& Tower with Radar,830,324,23,0,1177,0,2,11,0,13,830,326,34,0,1190,0,0,0,1190
04/24/2002,EWR,NJ,AEA,EN,Combined TRACON& Tower with Radar,842,331,27,0,1200,0,2,11,0,13,842,333,38,0,1213,0,0,0,1213
04/25/2002,EWR,NJ,AEA,EN,Combined TRACON& Tower with Radar,864,346,35,0,1245,0,2,11,0,13,864,348,46,0,1258,0,0,0,1258
04/26/2002,EWR,NJ,AEA,EN,Combined TRACON& Tower with Radar,846,336,19,0,1201,0,2,12,0,14,846,338,31,0,1215,0,0,0,1215
04/27/2002,EWR,NJ,AEA,EN,Combined TRACON& Tower with Radar,692,247,18,0,957,0,3,12,0,15,692,250,30,0,972,0,0,0,972
04/28/2002,EWR,NJ,AEA,EN,Combined TRACON& Tower with Radar,695,173,5,0,873,0,3,12,0,15,695,176,17,0,888,0,0,0,888
04/29/2002,EWR,NJ,AEA,EN,Combined TRACON& Tower with Radar,808,328,45,0,1181,0,2,12,2,16,808,330,57,2,1197,0,0,0,1197
04/30/2002,EWR,NJ,AEA,EN,Combined TRACON& Tower with Radar,839,347,26,0,1212,0,3,12,0,15,839,350,38,0,1227,0,0,0,1227
05/01/2002,EWR,NJ,AEA,EN,Combined TRACON& Tower with Radar,834,333,62,0,1229,10,0,5,0,15,844,333,67,0,1244,0,0,0,1244
05/02/2002,EWR,NJ,AEA,EN,Combined TRACON& Tower with Radar,814,287,16,0,1117,1,0,14,0,15,815,287,30,0,1132,0,0,0,1132
05/03/2002,EWR,NJ,AEA,EN,Combined TRACON& Tower with Radar,858,346,26,0,1230,1,1,14,0,16,859,347,40,0,1246,0,0,0,1246
05/04/2002,EWR,NJ,AEA,EN,Combined TRACON& Tower with Radar,669,249,6,0,924,1,1,14,0,16,670,250,20,0,940,0,0,0,940
05/05/2002,EWR,NJ,AEA,EN,Combined TRACON& Tower with Radar,716,263,13,0,992,21,0,23,0,44,737,263,36,0,1036,0,0,0,1036
05/06/2002,EWR,NJ,AEA,EN,Combined TRACON& Tower with Radar,802,339,43,0,1184,1,1,14,0,16,803,340,57,0,1200,0,0,0,1200
05/07/2002,EWR,NJ,AEA,EN,Combined TRACON& Tower with Radar,815,350,33,0,1198,1,1,14,0,16,816,351,47,0,1214,0,0,0,1214
05/08/2002,EWR,NJ,AEA,EN,Combined TRACON& Tower with Radar,821,349,55,0,1225,1,0,14,1,16,822,349,69,1,1241,0,0,0,1241
05/09/2002,EWR,NJ,AEA,EN,Combined TRACON& Tower with Radar,853,335,39,0,1227,0,0,13,1,14,853,335,52,1,1241,0,0,0,1241
05/10/2002,EWR,NJ,AEA,EN,Combined TRACON& Tower with Radar,866,344,51,0,1261,0,0,14,0,14,866,344,65,0,1275,0,0,0,1275
05/11/2002,EWR,NJ,AEA,EN,Combined TRACON& Tower with Radar,686,259,32,0,977,2,1,13,0,16,688,260,45,0,993,0,0,0,993
05/12/2002,EWR,NJ,AEA,EN,Combined TRACON& Tower with Radar,733,250,26,0,1009,2,1,13,0,16,735,251,39,0,1025,0,0,0,1025
05/13/2002,EWR,NJ,AEA,EN,Combined TRACON& Tower with Radar,760,285,2,0,1047,1,1,14,0,16,761,286,16,0,1063,0,0,0,1063
05/14/2002,EWR,NJ,AEA,EN,Combined TRACON& Tower with Radar,844,347,33,0,1224,1,1,14,0,16,845,348,47,0,1240,0,0,0,1240
05/15/2002,EWR,NJ,AEA,EN,Combined TRACON& Tower with Radar,819,337,19,0,1175,0,20,49,1,70,819,357,68,1,1245,0,0,0,1245
05/16/2002,EWR,NJ,AEA,EN,Combined TRACON& Tower with Radar,856,340,64,0,1260,1,1,13,0,15,857,341,77,0,1275,0,0,0,1275
05/17/2002,EWR,NJ,AEA,EN,Combined TRACON& Tower with Radar,836,335,43,0,1214,1,1,13,0,15,837,336,56,0,1229,0,0,0,1229
05/18/2002,EWR,NJ,AEA,EN,Combined TRACON& Tower with Radar,694,241,9,0,944,1,1,13,0,15,695,242,22,0,959,0,0,0,959
05/19/2002,EWR,NJ,AEA,EN,Combined TRACON& Tower with Radar,729,271,23,1,1024,0,0,13,2,15,729,271,36,3,1039,0,0,0,1039
05/20/2002,EWR,NJ,AEA,EN,Combined TRACON& Tower with Radar,796,335,30,0,1161,1,1,13,0,15,797,336,43,0,1176,0,0,0,1176
05/21/2002,EWR,NJ,AEA,EN,Combined TRACON& Tower with Radar,818,356,47,0,1221,0,0,13,0,13,818,356,60,0,1234,0,0,0,1234
05/22/2002,EWR,NJ,AEA,EN,Combined TRACON& Tower with Radar,823,350,33,0,1206,0,0,13,0,13,823,350,46,0,1219,0,0,0,1219
05/23/2002,EWR,NJ,AEA,EN,Combined TRACON& Tower with Radar,855,344,30,0,1229,0,0,13,0,13,855,344,43,0,1242,0,0,0,1242
05/24/2002,EWR,NJ,AEA,EN,Combined TRACON& Tower with Radar,845,347,31,0,1223,0,0,13,0,13,845,347,44,0,1236,0,0,0,1236
05/25/2002,EWR,NJ,AEA,EN,Combined TRACON& Tower with Radar,669,230,9,0,908,1,1,13,0,15,670,231,22,0,923,0,0,0,923
05/26/2002,EWR,NJ,AEA,EN,Combined TRACON& Tower with Radar,618,201,1,0,820,1,1,13,0,15,619,202,14,0,835,0,0,0,835
05/27/2002,EWR,NJ,AEA,EN,Combined TRACON& Tower with Radar,710,283,18,0,1011,1,1,13,0,15,711,284,31,0,1026,0,0,0,1026
05/28/2002,EWR,NJ,AEA,EN,Combined TRACON& Tower with Radar,738,328,35,0,1101,1,1,13,0,15,739,329,48,0,1116,0,0,0,1116
05/29/2002,EWR,NJ,AEA,EN,Combined TRACON& Tower with Radar,825,341,21,0,1187,1,1,13,0,15,826,342,34,0,1202,0,0,0,1202
05/30/2002,EWR,NJ,AEA,EN,Combined TRACON& Tower with Radar,861,349,36,0,1246,1,1,13,0,15,862,350,49,0,1261,0,0,0,1261
05/31/2002,EWR,NJ,AEA,EN,Combined TRACON& Tower with Radar,795,303,40,0,1138,1,1,13,0,15,796,304,53,0,1153,0,0,0,1153
06/01/2002,EWR,NJ,AEA,EN,Combined TRACON& Tower with Radar,706,238,28,0,972,12,0,1,0,13,718,238,29,0,985,0,0,0,985
06/02/2002,EWR,NJ,AEA,EN,Combined TRACON& Tower with Radar,736,266,20,0,1022,1,0,12,0,13,737,266,32,0,1035,0,0,0,1035
06/03/2002,EWR,NJ,AEA,EN,Combined TRACON& Tower with Radar,796,331,45,0,1172,1,0,11,1,13,797,331,56,1,1185,0,0,0,1185
06/04/2002,EWR,NJ,AEA,EN,Combined TRACON& Tower with Radar,781,339,34,0,1154,0,0,8,0,8,781,339,42,0,1162,0,0,0,1162
06/05/2002,EWR,NJ,AEA,EN,Combined TRACON& Tower with Radar,739,288,16,0,1043,0,7,43,0,50,739,295,59,0,1093,0,0,0,1093
06/06/2002,EWR,NJ,AEA,EN,Combined TRACON& Tower with Radar,886,334,50,1,1271,0,0,4,0,4,886,334,54,1,1275,0,0,0,1275
06/07/2002,EWR,NJ,AEA,EN,Combined TRACON& Tower with Radar,869,334,62,0,1265,0,0,9,0,9,869,334,71,0,1274,0,0,0,1274
06/08/2002,EWR,NJ,AEA,EN,Combined TRACON& Tower with Radar,707,241,12,0,960,1,0,11,0,12,708,241,23,0,972,0,0,0,972
06/09/2002,EWR,NJ,AEA,EN,Combined TRACON& Tower with Radar,713,273,22,0,1008,1,0,11,0,12,714,273,33,0,1020,0,0,0,1020
06/10/2002,EWR,NJ,AEA,EN,Combined TRACON& Tower with Radar,804,315,32,0,1151,0,0,12,0,12,804,315,44,0,1163,0,0,0,1163
06/11/2002,EWR,NJ,AEA,EN,Combined TRACON& Tower with Radar,818,344,33,0,1195,1,0,11,0,12,819,344,44,0,1207,0,0,0,1207
06/12/2002,EWR,NJ,AEA,EN,Combined TRACON& Tower with Radar,818,328,40,0,1186,1,0,11,0,12,819,328,51,0,1198,0,0,0,1198
06/13/2002,EWR,NJ,AEA,EN,Combined TRACON& Tower with Radar,870,350,37,0,1257,1,0,11,0,12,871,350,48,0,1269,0,0,0,1269
06/14/2002,EWR,NJ,AEA,EN,Combined TRACON& Tower with Radar,861,331,25,0,1217,1,0,11,0,12,862,331,36,0,1229,0,0,0,1229
06/15/2002,EWR,NJ,AEA,EN,Combined TRACON& Tower with Radar,714,240,6,0,960,1,0,11,0,12,715,240,17,0,972,0,0,0,972
06/16/2002,EWR,NJ,AEA,EN,Combined TRACON& Tower with Radar,753,250,19,0,1022,1,0,11,0,12,754,250,30,0,1034,0,0,0,1034
06/17/2002,EWR,NJ,AEA,EN,Combined TRACON& Tower with Radar,825,329,45,0,1199,1,0,11,0,12,826,329,56,0,1211,0,0,0,1211
06/18/2002,EWR,NJ,AEA,EN,Combined TRACON& Tower with Radar,844,348,51,0,1243,1,0,11,0,12,845,348,62,0,1255,0,0,0,1255
06/19/2002,EWR,NJ,AEA,EN,Combined TRACON& Tower with Radar,856,309,49,0,1214,0,0,7,0,7,856,309,56,0,1221,0,0,0,1221
06/20/2002,EWR,NJ,AEA,EN,Combined TRACON& Tower with Radar,884,345,42,0,1271,0,0,9,2,11,884,345,51,2,1282,0,0,0,1282
06/21/2002,EWR,NJ,AEA,EN,Combined TRACON& Tower with Radar,887,337,40,0,1264,1,0,10,0,11,888,337,50,0,1275,0,0,0,1275
06/22/2002,EWR,NJ,AEA,EN,Combined TRACON& Tower with Radar,752,239,5,0,996,1,0,10,0,11,753,239,15,0,1007,0,0,0,1007
06/23/2002,EWR,NJ,AEA,EN,Combined TRACON& Tower with Radar,745,268,32,0,1045,1,0,10,1,12,746,268,42,1,1057,0,0,0,1057
06/24/2002,EWR,NJ,AEA,EN,Combined TRACON& Tower with Radar,821,316,21,0,1158,0,16,25,6,47,821,332,46,6,1205,0,0,0,1205
06/25/2002,EWR,NJ,AEA,EN,Combined TRACON& Tower with Radar,833,354,60,0,1247,1,0,10,1,12,834,354,70,1,1259,0,0,0,1259
06/26/2002,EWR,NJ,AEA,EN,Combined TRACON& Tower with Radar,823,300,44,0,1167,0,0,10,2,12,823,300,54,2,1179,0,0,0,1179
06/27/2002,EWR,NJ,AEA,EN,Combined TRACON& Tower with Radar,735,257,30,0,1022,1,0,10,0,11,736,257,40,0,1033,0,0,0,1033
06/28/2002,EWR,NJ,AEA,EN,Combined TRACON& Tower with Radar,940,347,38,0,1325,1,0,10,0,11,941,347,48,0,1336,0,0,0,1336
06/29/2002,EWR,NJ,AEA,EN,Combined TRACON& Tower with Radar,730,231,28,0,989,1,0,10,0,11,731,231,38,0,1000,0,0,0,1000
06/30/2002,EWR,NJ,AEA,EN,Combined TRACON& Tower with Radar,752,263,3,0,1018,5,0,6,0,11,757,263,9,0,1029,0,0,0,1029
07/01/2002,EWR,NJ,AEA,EN,Combined TRACON& Tower with Radar,803,322,35,0,1160,10,0,1,0,11,813,322,36,0,1171,0,0,0,1171
07/02/2002,EWR,NJ,AEA,EN,Combined TRACON& Tower with Radar,842,337,18,0,1197,0,0,11,0,11,842,337,29,0,1208,0,0,0,1208
07/03/2002,EWR,NJ,AEA,EN,Combined TRACON& Tower with Radar,864,334,15,0,1213,0,7,11,0,18,864,341,26,0,1231,0,0,0,1231
07/04/2002,EWR,NJ,AEA,EN,Combined TRACON& Tower with Radar,665,211,8,0,884,0,0,11,0,11,665,211,19,0,895,0,0,0,895
07/05/2002,EWR,NJ,AEA,EN,Combined TRACON& Tower with Radar,709,243,15,0,967,0,0,11,0,11,709,243,26,0,978,0,0,0,978
07/06/2002,EWR,NJ,AEA,EN,Combined TRACON& Tower with Radar,713,238,8,0,959,0,0,11,0,11,713,238,19,0,970,0,0,0,970
07/07/2002,EWR,NJ,AEA,EN,Combined TRACON& Tower with Radar,761,282,45,0,1088,0,0,0,0,0,761,282,45,0,1088,0,0,0,1088
07/08/2002,EWR,NJ,AEA,EN,Combined TRACON& Tower with Radar,838,346,28,0,1212,0,0,13,0,13,838,346,41,0,1225,0,0,0,1225
07/09/2002,EWR,NJ,AEA,EN,Combined TRACON& Tower with Radar,829,305,19,0,1153,0,0,13,0,13,829,305,32,0,1166,0,0,0,1166
07/10/2002,EWR,NJ,AEA,EN,Combined TRACON& Tower with Radar,869,355,25,0,1249,0,0,12,0,12,869,355,37,0,1261,0,0,0,1261
07/11/2002,EWR,NJ,AEA,EN,Combined TRACON& Tower with Radar,882,349,46,0,1277,0,1,12,0,13,882,350,58,0,1290,0,0,0,1290
07/12/2002,EWR,NJ,AEA,EN,Combined TRACON& Tower with Radar,885,341,31,0,1257,0,1,12,0,13,885,342,43,0,1270,0,0,0,1270
07/13/2002,EWR,NJ,AEA,EN,Combined TRACON& Tower with Radar,726,241,9,0,976,0,0,12,0,12,726,241,21,0,988,0,0,0,988
07/14/2002,EWR,NJ,AEA,EN,Combined TRACON& Tower with Radar,751,275,15,0,1041,0,0,12,0,12,751,275,27,0,1053,0,0,0,1053
07/15/2002,EWR,NJ,AEA,EN,Combined TRACON& Tower with Radar,835,335,19,1,1190,0,0,12,2,14,835,335,31,3,1204,0,0,0,1204
07/16/2002,EWR,NJ,AEA,EN,Combined TRACON& Tower with Radar,858,351,42,0,1251,0,1,11,0,12,858,352,53,0,1263,0,0,0,1263
07/17/2002,EWR,NJ,AEA,EN,Combined TRACON& Tower with Radar,852,353,41,0,1246,0,1,11,0,12,852,354,52,0,1258,0,0,0,1258
07/18/2002,EWR,NJ,AEA,EN,Combined TRACON& Tower with Radar,873,321,42,0,1236,0,1,10,0,11,873,322,52,0,1247,0,0,0,1247
07/19/2002,EWR,NJ,AEA,EN,Combined TRACON& Tower with Radar,789,276,48,0,1113,0,1,10,0,11,789,277,58,0,1124,0,0,0,1124
07/20/2002,EWR,NJ,AEA,EN,Combined TRACON& Tower with Radar,750,255,7,0,1012,0,0,10,0,10,750,255,17,0,1022,0,0,0,1022
07/21/2002,EWR,NJ,AEA,EN,Combined TRACON& Tower with Radar,735,276,12,0,1023,14,0,21,0,35,749,276,33,0,1058,0,0,0,1058
07/22/2002,EWR,NJ,AEA,EN,Combined TRACON& Tower with Radar,830,369,25,0,1224,0,0,10,0,10,830,369,35,0,1234,0,0,0,1234
07/23/2002,EWR,NJ,AEA,EN,Combined TRACON& Tower with Radar,736,258,28,0,1022,0,0,10,0,10,736,258,38,0,1032,0,0,0,1032
07/24/2002,EWR,NJ,AEA,EN,Combined TRACON& Tower with Radar,862,355,41,0,1258,0,0,10,0,10,862,355,51,0,1268,0,0,0,1268
07/25/2002,EWR,NJ,AEA,EN,Combined TRACON& Tower with Radar,874,363,41,0,1278,0,0,6,0,6,874,363,47,0,1284,0,0,0,1284
07/26/2002,EWR,NJ,AEA,EN,Combined TRACON& Tower with Radar,880,343,18,0,1241,0,1,34,0,35,880,344,52,0,1276,0,0,0,1276
07/27/2002,EWR,NJ,AEA,EN,Combined TRACON& Tower with Radar,702,251,33,0,986,0,0,10,0,10,702,251,43,0,996,0,0,0,996
07/28/2002,EWR,NJ,AEA,EN,Combined TRACON& Tower with Radar,743,283,13,0,1039,6,0,8,0,14,749,283,21,0,1053,0,0,0,1053
07/29/2002,EWR,NJ,AEA,EN,Combined TRACON& Tower with Radar,807,342,39,0,1188,0,0,10,0,10,807,342,49,0,1198,0,0,0,1198
07/30/2002,EWR,NJ,AEA,EN,Combined TRACON& Tower with Radar,871,347,27,0,1245,0,0,10,0,10,871,347,37,0,1255,0,0,0,1255
07/31/2002,EWR,NJ,AEA,EN,Combined TRACON& Tower with Radar,861,363,25,0,1249,0,0,10,0,10,861,363,35,0,1259,0,0,0,1259
08/01/2002,EWR,NJ,AEA,EN,Combined TRACON& Tower with Radar,875,356,44,0,1275,10,0,2,0,12,885,356,46,0,1287,0,0,0,1287
08/02/2002,EWR,NJ,AEA,EN,Combined TRACON& Tower with Radar,778,285,33,0,1096,0,0,13,0,13,778,285,46,0,1109,0,0,0,1109
08/03/2002,EWR,NJ,AEA,EN,Combined TRACON& Tower with Radar,798,243,7,0,1048,0,0,12,0,12,798,243,19,0,1060,0,0,0,1060
08/04/2002,EWR,NJ,AEA,EN,Combined TRACON& Tower with Radar,768,278,11,0,1057,0,0,12,0,12,768,278,23,0,1069,0,0,0,1069
08/05/2002,EWR,NJ,AEA,EN,Combined TRACON& Tower with Radar,823,308,17,0,1148,0,1,12,0,13,823,309,29,0,1161,0,0,0,1161
08/06/2002,EWR,NJ,AEA,EN,Combined TRACON& Tower with Radar,854,343,12,0,1209,0,19,39,0,58,854,362,51,0,1267,0,0,0,1267
08/07/2002,EWR,NJ,AEA,EN,Combined TRACON& Tower with Radar,871,350,35,0,1256,0,1,12,0,13,871,351,47,0,1269,0,0,0,1269
08/08/2002,EWR,NJ,AEA,EN,Combined TRACON& Tower with Radar,891,348,29,2,1270,0,0,11,1,12,891,348,40,3,1282,0,0,0,1282
08/09/2002,EWR,NJ,AEA,EN,Combined TRACON& Tower with Radar,875,340,28,0,1243,0,1,11,0,12,875,341,39,0,1255,0,0,0,1255
08/10/2002,EWR,NJ,AEA,EN,Combined TRACON& Tower with Radar,727,236,14,0,977,0,1,11,0,12,727,237,25,0,989,0,0,0,989
08/11/2002,EWR,NJ,AEA,EN,Combined TRACON& Tower with Radar,763,273,10,0,1046,0,1,10,0,11,763,274,20,0,1057,0,0,0,1057
08/12/2002,EWR,NJ,AEA,EN,Combined TRACON& Tower with Radar,830,334,30,0,1194,0,1,10,0,11,830,335,40,0,1205,0,0,0,1205
08/13/2002,EWR,NJ,AEA,EN,Combined TRACON& Tower with Radar,837,357,19,0,1213,0,1,10,0,11,837,358,29,0,1224,0,0,0,1224
08/14/2002,EWR,NJ,AEA,EN,Combined TRACON& Tower with Radar,873,348,46,0,1267,0,1,10,0,11,873,349,56,0,1278,0,0,0,1278
08/15/2002,EWR,NJ,AEA,EN,Combined TRACON& Tower with Radar,881,360,40,0,1281,0,1,10,0,11,881,361,50,0,1292,0,0,0,1292
08/16/2002,EWR,NJ,AEA,EN,Combined TRACON& Tower with Radar,891,337,37,0,1265,0,1,10,0,11,891,338,47,0,1276,0,0,0,1276
08/17/2002,EWR,NJ,AEA,EN,Combined TRACON& Tower with Radar,688,237,8,0,933,40,0,3,0,43,728,237,11,0,976,0,0,0,976
08/18/2002,EWR,NJ,AEA,EN,Combined TRACON& Tower with Radar,741,275,3,0,1019,3,1,7,0,11,744,276,10,0,1030,0,0,0,1030
08/19/2002,EWR,NJ,AEA,EN,Combined TRACON& Tower with Radar,844,335,26,0,1205,0,1,11,0,12,844,336,37,0,1217,0,0,0,1217
08/20/2002,EWR,NJ,AEA,EN,Combined TRACON& Tower with Radar,861,348,49,0,1258,0,0,11,1,12,861,348,60,1,1270,0,0,0,1270
08/21/2002,EWR,NJ,AEA,EN,Combined TRACON& Tower with Radar,863,354,29,0,1246,0,1,11,0,12,863,355,40,0,1258,0,0,0,1258
08/22/2002,EWR,NJ,AEA,EN,Combined TRACON& Tower with Radar,896,372,45,0,1313,0,1,11,0,12,896,373,56,0,1325,0,0,0,1325
08/23/2002,EWR,NJ,AEA,EN,Combined TRACON& Tower with Radar,873,354,28,0,1255,0,1,11,0,12,873,355,39,0,1267,0,0,0,1267
08/24/2002,EWR,NJ,AEA,EN,Combined TRACON& Tower with Radar,722,242,2,0,966,0,1,10,0,11,722,243,12,0,977,0,0,0,977
08/25/2002,EWR,NJ,AEA,EN,Combined TRACON& Tower with Radar,753,276,21,0,1050,0,0,11,0,11,753,276,32,0,1061,0,0,0,1061
08/26/2002,EWR,NJ,AEA,EN,Combined TRACON& Tower with Radar,827,348,36,0,1211,0,0,11,0,11,827,348,47,0,1222,0,0,0,1222
08/27/2002,EWR,NJ,AEA,EN,Combined TRACON& Tower with Radar,855,352,15,0,1222,0,0,11,0,11,855,352,26,0,1233,0,0,0,1233
08/28/2002,EWR,NJ,AEA,EN,Combined TRACON& Tower with Radar,862,355,31,0,1248,0,0,10,2,12,862,355,41,2,1260,0,0,0,1260
08/29/2002,EWR,NJ,AEA,EN,Combined TRACON& Tower with Radar,893,356,22,0,1271,0,0,11,0,11,893,356,33,0,1282,0,0,0,1282
08/30/2002,EWR,NJ,AEA,EN,Combined TRACON& Tower with Radar,875,354,37,1,1267,0,0,12,0,12,875,354,49,1,1279,0,0,0,1279
08/31/2002,EWR,NJ,AEA,EN,Combined TRACON& Tower with Radar,708,235,10,0,953,0,0,12,0,12,708,235,22,0,965,0,0,0,965
09/01/2002,EWR,NJ,AEA,EN,Combined TRACON& Tower with Radar,644,198,19,0,861,7,0,0,1,8,651,198,19,1,869,0,0,0,869
09/02/2002,EWR,NJ,AEA,EN,Combined TRACON& Tower with Radar,727,265,16,0,1008,0,0,8,0,8,727,265,24,0,1016,0,0,0,1016
09/03/2002,EWR,NJ,AEA,EN,Combined TRACON& Tower with Radar,799,329,43,0,1171,0,0,8,0,8,799,329,51,0,1179,0,0,0,1179
09/04/2002,EWR,NJ,AEA,EN,Combined TRACON& Tower with Radar,837,359,46,0,1242,0,0,7,0,7,837,359,53,0,1249,0,0,0,1249
09/05/2002,EWR,NJ,AEA,EN,Combined TRACON& Tower with Radar,851,344,27,0,1222,0,9,12,0,21,851,353,39,0,1243,0,0,0,1243
09/06/2002,EWR,NJ,AEA,EN,Combined TRACON& Tower with Radar,838,341,32,2,1213,0,0,6,0,6,838,341,38,2,1219,0,0,0,1219
09/07/2002,EWR,NJ,AEA,EN,Combined TRACON& Tower with Radar,641,243,13,1,898,0,0,7,0,7,641,243,20,1,905,0,0,0,905
09/08/2002,EWR,NJ,AEA,EN,Combined TRACON& Tower with Radar,689,264,20,0,973,22,0,6,0,28,711,264,26,0,1001,0,0,0,1001
09/09/2002,EWR,NJ,AEA,EN,Combined TRACON& Tower with Radar,774,317,26,0,1117,0,18,21,0,39,774,335,47,0,1156,0,0,0,1156
09/10/2002,EWR,NJ,AEA,EN,Combined TRACON& Tower with Radar,744,319,42,1,1106,0,0,5,1,6,744,319,47,2,1112,0,0,0,1112
09/11/2002,EWR,NJ,AEA,EN,Combined TRACON& Tower with Radar,648,253,7,0,908,0,0,4,0,4,648,253,11,0,912,0,0,0,912
09/12/2002,EWR,NJ,AEA,EN,Combined TRACON& Tower with Radar,802,341,35,0,1178,0,0,0,0,0,802,341,35,0,1178,0,0,0,1178
09/13/2002,EWR,NJ,AEA,EN,Combined TRACON& Tower with Radar,821,334,32,0,1187,0,0,0,0,0,821,334,32,0,1187,0,0,0,1187
09/14/2002,EWR,NJ,AEA,EN,Combined TRACON& Tower with Radar,635,243,19,0,897,0,0,6,0,6,635,243,25,0,903,0,0,0,903
09/15/2002,EWR,NJ,AEA,EN,Combined TRACON& Tower with Radar,711,271,24,0,1006,0,0,6,0,6,711,271,30,0,1012,0,0,0,1012
09/16/2002,EWR,NJ,AEA,EN,Combined TRACON& Tower with Radar,792,330,27,0,1149,0,0,6,0,6,792,330,33,0,1155,0,0,0,1155
09/17/2002,EWR,NJ,AEA,EN,Combined TRACON& Tower with Radar,827,359,52,0,1238,0,0,6,0,6,827,359,58,0,1244,0,0,0,1244
09/18/2002,EWR,NJ,AEA,EN,Combined TRACON& Tower with Radar,823,347,53,0,1223,0,0,6,0,6,823,347,59,0,1229,0,0,0,1229
09/19/2002,EWR,NJ,AEA,EN,Combined TRACON& Tower with Radar,888,282,36,0,1206,0,0,6,0,6,888,282,42,0,1212,0,0,0,1212
09/20/2002,EWR,NJ,AEA,EN,Combined TRACON& Tower with Radar,845,338,53,0,1236,0,0,5,1,6,845,338,58,1,1242,0,0,0,1242
09/21/2002,EWR,NJ,AEA,EN,Combined TRACON& Tower with Radar,645,241,8,0,894,0,0,7,0,7,645,241,15,0,901,0,0,0,901
09/22/2002,EWR,NJ,AEA,EN,Combined TRACON& Tower with Radar,719,280,23,0,1022,0,0,6,0,6,719,280,29,0,1028,0,0,0,1028
09/23/2002,EWR,NJ,AEA,EN,Combined TRACON& Tower with Radar,791,330,32,0,1153,0,0,6,0,6,791,330,38,0,1159,0,0,0,1159
09/24/2002,EWR,NJ,AEA,EN,Combined TRACON& Tower with Radar,814,361,47,0,1222,0,0,6,0,6,814,361,53,0,1228,0,0,0,1228
09/25/2002,EWR,NJ,AEA,EN,Combined TRACON& Tower with Radar,831,355,39,0,1225,0,0,6,0,6,831,355,45,0,1231,0,0,0,1231
09/26/2002,EWR,NJ,AEA,EN,Combined TRACON& Tower with Radar,832,360,41,0,1233,0,0,0,0,0,832,360,41,0,1233,0,0,0,1233
09/27/2002,EWR,NJ,AEA,EN,Combined TRACON& Tower with Radar,806,338,28,0,1172,0,0,0,0,0,806,338,28,0,1172,0,0,0,1172
09/28/2002,EWR,NJ,AEA,EN,Combined TRACON& Tower with Radar,648,242,12,0,902,0,0,6,0,6,648,242,18,0,908,0,0,0,908
09/29/2002,EWR,NJ,AEA,EN,Combined TRACON& Tower with Radar,712,273,19,0,1004,0,0,6,0,6,712,273,25,0,1010,0,0,0,1010
09/30/2002,EWR,NJ,AEA,EN,Combined TRACON& Tower with Radar,776,350,34,0,1160,0,0,6,0,6,776,350,40,0,1166,0,0,0,1166
10/01/2002,EWR,NJ,AEA,EN,Combined TRACON& Tower with Radar,818,351,52,0,1221,8,0,2,0,10,826,351,54,0,1231,0,0,0,1231
10/02/2002,EWR,NJ,AEA,EN,Combined TRACON& Tower with Radar,815,346,35,0,1196,1,0,9,0,10,816,346,44,0,1206,0,0,0,1206
10/03/2002,EWR,NJ,AEA,EN,Combined TRACON& Tower with Radar,832,345,31,0,1208,1,0,9,0,10,833,345,40,0,1218,0,0,0,1218
10/04/2002,EWR,NJ,AEA,EN,Combined TRACON& Tower with Radar,825,339,27,0,1191,1,0,9,0,10,826,339,36,0,1201,0,0,0,1201
10/05/2002,EWR,NJ,AEA,EN,Combined TRACON& Tower with Radar,639,247,15,0,901,1,0,9,0,10,640,247,24,0,911,0,0,0,911
10/06/2002,EWR,NJ,AEA,EN,Combined TRACON& Tower with Radar,685,259,19,0,963,0,0,9,0,9,685,259,28,0,972,0,0,0,972
10/07/2002,EWR,NJ,AEA,EN,Combined TRACON& Tower with Radar,793,323,15,0,1131,0,0,9,0,9,793,323,24,0,1140,0,0,0,1140
10/08/2002,EWR,NJ,AEA,EN,Combined TRACON& Tower with Radar,823,344,40,0,1207,0,0,10,0,10,823,344,50,0,1217,0,0,0,1217
10/09/2002,EWR,NJ,AEA,EN,Combined TRACON& Tower with Radar,812,354,38,0,1204,0,0,9,0,9,812,354,47,0,1213,0,0,0,1213
10/10/2002,EWR,NJ,AEA,EN,Combined TRACON& Tower with Radar,834,336,28,0,1198,0,0,8,0,8,834,336,36,0,1206,0,0,0,1206
10/11/2002,EWR,NJ,AEA,EN,Combined TRACON& Tower with Radar,798,314,22,0,1134,0,0,2,0,2,798,314,24,0,1136,0,0,0,1136
10/12/2002,EWR,NJ,AEA,EN,Combined TRACON& Tower with Radar,650,243,0,0,893,3,0,6,0,9,653,243,6,0,902,0,0,0,902
10/13/2002,EWR,NJ,AEA,EN,Combined TRACON& Tower with Radar,701,264,9,0,974,0,0,9,0,9,701,264,18,0,983,0,0,0,983
10/14/2002,EWR,NJ,AEA,EN,Combined TRACON& Tower with Radar,778,336,25,0,1139,0,0,9,0,9,778,336,34,0,1148,0,0,0,1148
10/15/2002,EWR,NJ,AEA,EN,Combined TRACON& Tower with Radar,808,346,29,0,1183,0,0,9,0,9,808,346,38,0,1192,0,0,0,1192
10/16/2002,EWR,NJ,AEA,EN,Combined TRACON& Tower with Radar,810,301,31,0,1142,0,1,9,0,10,810,302,40,0,1152,0,0,0,1152
10/17/2002,EWR,NJ,AEA,EN,Combined TRACON& Tower with Radar,837,325,38,0,1200,0,1,9,0,10,837,326,47,0,1210,0,0,0,1210
10/18/2002,EWR,NJ,AEA,EN,Combined TRACON& Tower with Radar,826,339,38,1,1204,0,1,8,0,9,826,340,46,1,1213,0,0,0,1213
10/19/2002,EWR,NJ,AEA,EN,Combined TRACON& Tower with Radar,635,247,15,0,897,0,1,9,0,10,635,248,24,0,907,0,0,0,907
10/20/2002,EWR,NJ,AEA,EN,Combined TRACON& Tower with Radar,708,263,42,1,1014,0,1,8,0,9,708,264,50,1,1023,0,0,0,1023
10/21/2002,EWR,NJ,AEA,EN,Combined TRACON& Tower with Radar,786,321,48,2,1157,0,0,8,1,9,786,321,56,3,1166,0,0,0,1166
10/22/2002,EWR,NJ,AEA,EN,Combined TRACON& Tower with Radar,794,347,44,0,1185,0,1,8,0,9,794,348,52,0,1194,0,0,0,1194
10/23/2002,EWR,NJ,AEA,EN,Combined TRACON& Tower with Radar,809,334,19,1,1163,0,9,24,1,34,809,343,43,2,1197,0,0,0,1197
10/24/2002,EWR,NJ,AEA,EN,Combined TRACON& Tower with Radar,841,355,51,0,1247,0,0,4,0,4,841,355,55,0,1251,0,0,0,1251
10/25/2002,EWR,NJ,AEA,EN,Combined TRACON& Tower with Radar,824,338,38,0,1200,0,0,5,0,5,824,338,43,0,1205,0,0,0,1205
10/26/2002,EWR,NJ,AEA,EN,Combined TRACON& Tower with Radar,634,245,6,0,885,0,1,8,0,9,634,246,14,0,894,0,0,0,894
10/27/2002,EWR,NJ,AEA,EN,Combined TRACON& Tower with Radar,699,253,19,0,971,0,1,8,0,9,699,254,27,0,980,0,0,0,980
10/28/2002,EWR,NJ,AEA,EN,Combined TRACON& Tower with Radar,784,321,34,0,1139,0,1,8,0,9,784,322,42,0,1148,0,0,0,1148
10/29/2002,EWR,NJ,AEA,EN,Combined TRACON& Tower with Radar,802,342,28,0,1172,0,0,7,2,9,802,342,35,2,1181,0,0,0,1181
10/30/2002,EWR,NJ,AEA,EN,Combined TRACON& Tower with Radar,832,330,27,0,1189,0,1,8,0,9,832,331,35,0,1198,0,0,0,1198
10/31/2002,EWR,NJ,AEA,EN,Combined TRACON& Tower with Radar,822,339,25,0,1186,0,1,8,0,9,822,340,33,0,1195,0,0,0,1195
11/01/2002,EWR,NJ,AEA,EN,Combined TRACON& Tower with Radar,810,355,46,0,1211,9,1,1,0,11,819,356,47,0,1222,0,0,0,1222
11/02/2002,EWR,NJ,AEA,EN,Combined TRACON& Tower with Radar,633,268,8,0,909,0,1,11,0,12,633,269,19,0,921,0,0,0,921
11/03/2002,EWR,NJ,AEA,EN,Combined TRACON& Tower with Radar,715,264,6,0,985,0,1,11,0,12,715,265,17,0,997,0,0,0,997
11/04/2002,EWR,NJ,AEA,EN,Combined TRACON& Tower with Radar,779,356,35,0,1170,0,1,11,0,12,779,357,46,0,1182,0,0,0,1182
11/05/2002,EWR,NJ,AEA,EN,Combined TRACON& Tower with Radar,781,358,27,0,1166,0,1,12,0,13,781,359,39,0,1179,0,0,0,1179
11/06/2002,EWR,NJ,AEA,EN,Combined TRACON& Tower with Radar,779,355,39,0,1173,0,1,11,0,12,779,356,50,0,1185,0,0,0,1185
11/07/2002,EWR,NJ,AEA,EN,Combined TRACON& Tower with Radar,819,357,30,1,1207,0,0,11,2,13,819,357,41,3,1220,0,0,0,1220
11/08/2002,EWR,NJ,AEA,EN,Combined TRACON& Tower with Radar,805,338,49,0,1192,0,0,11,1,12,805,338,60,1,1204,0,0,0,1204
11/09/2002,EWR,NJ,AEA,EN,Combined TRACON& Tower with Radar,659,254,16,0,929,0,1,11,0,12,659,255,27,0,941,0,0,0,941
11/10/2002,EWR,NJ,AEA,EN,Combined TRACON& Tower with Radar,666,265,10,0,941,20,0,14,1,35,686,265,24,1,976,0,0,0,976
11/11/2002,EWR,NJ,AEA,EN,Combined TRACON& Tower with Radar,782,347,40,0,1169,0,1,11,0,12,782,348,51,0,1181,0,0,0,1181
11/12/2002,EWR,NJ,AEA,EN,Combined TRACON& Tower with Radar,787,353,27,0,1167,0,1,11,0,12,787,354,38,0,1179,0,0,0,1179
11/13/2002,EWR,NJ,AEA,EN,Combined TRACON& Tower with Radar,797,370,55,0,1222,0,1,11,0,12,797,371,66,0,1234,0,0,0,1234
11/14/2002,EWR,NJ,AEA,EN,Combined TRACON& Tower with Radar,815,357,57,0,1229,0,1,11,0,12,815,358,68,0,1241,0,0,0,1241
11/15/2002,EWR,NJ,AEA,EN,Combined TRACON& Tower with Radar,805,354,45,0,1204,0,1,11,0,12,805,355,56,0,1216,0,0,0,1216
11/16/2002,EWR,NJ,AEA,EN,Combined TRACON& Tower with Radar,631,253,2,0,886,0,1,11,0,12,631,254,13,0,898,0,0,0,898
11/17/2002,EWR,NJ,AEA,EN,Combined TRACON& Tower with Radar,690,275,1,0,966,1,1,9,0,11,691,276,10,0,977,0,0,0,977
11/18/2002,EWR,NJ,AEA,EN,Combined TRACON& Tower with Radar,766,351,18,0,1135,0,1,11,0,12,766,352,29,0,1147,0,0,0,1147
11/19/2002,EWR,NJ,AEA,EN,Combined TRACON& Tower with Radar,771,397,20,0,1188,0,1,12,0,13,771,398,32,0,1201,0,0,0,1201
11/20/2002,EWR,NJ,AEA,EN,Combined TRACON& Tower with Radar,791,355,21,0,1167,0,1,12,0,13,791,356,33,0,1180,0,0,0,1180
11/21/2002,EWR,NJ,AEA,EN,Combined TRACON& Tower with Radar,814,363,45,0,1222,0,1,12,0,13,814,364,57,0,1235,0,0,0,1235
11/22/2002,EWR,NJ,AEA,EN,Combined TRACON& Tower with Radar,827,350,15,0,1192,0,1,11,0,12,827,351,26,0,1204,0,0,0,1204
11/23/2002,EWR,NJ,AEA,EN,Combined TRACON& Tower with Radar,620,250,13,0,883,0,0,11,0,11,620,250,24,0,894,0,0,0,894
11/24/2002,EWR,NJ,AEA,EN,Combined TRACON& Tower with Radar,688,286,19,0,993,0,0,11,0,11,688,286,30,0,1004,0,0,0,1004
11/25/2002,EWR,NJ,AEA,EN,Combined TRACON& Tower with Radar,755,365,41,0,1161,0,0,11,0,11,755,365,52,0,1172,0,0,0,1172
11/26/2002,EWR,NJ,AEA,EN,Combined TRACON& Tower with Radar,811,369,43,0,1223,0,1,11,0,12,811,370,54,0,1235,0,0,0,1235
11/27/2002,EWR,NJ,AEA,EN,Combined TRACON& Tower with Radar,826,363,31,1,1221,0,1,11,0,12,826,364,42,1,1233,0,0,0,1233
11/28/2002,EWR,NJ,AEA,EN,Combined TRACON& Tower with Radar,462,200,4,0,666,62,15,7,0,84,524,215,11,0,750,0,0,0,750
11/29/2002,EWR,NJ,AEA,EN,Combined TRACON& Tower with Radar,520,201,17,0,738,0,1,10,0,11,520,202,27,0,749,0,0,0,749
11/30/2002,EWR,NJ,AEA,EN,Combined TRACON& Tower with Radar,631,257,13,0,901,0,1,10,0,11,631,258,23,0,912,0,0,0,912
12/01/2002,EWR,NJ,AEA,EN,Combined TRACON& Tower with Radar,731,322,27,0,1080,8,0,2,0,10,739,322,29,0,1090,0,0,0,1090
12/02/2002,EWR,NJ,AEA,EN,Combined TRACON& Tower with Radar,767,363,29,0,1159,0,0,10,0,10,767,363,39,0,1169,0,0,0,1169
12/03/2002,EWR,NJ,AEA,EN,Combined TRACON& Tower with Radar,806,368,51,0,1225,0,0,10,0,10,806,368,61,0,1235,0,0,0,1235
12/04/2002,EWR,NJ,AEA,EN,Combined TRACON& Tower with Radar,809,353,55,0,1217,0,0,10,0,10,809,353,65,0,1227,0,0,0,1227
12/05/2002,EWR,NJ,AEA,EN,Combined TRACON& Tower with Radar,566,132,41,0,739,0,0,10,1,11,566,132,51,1,750,0,0,0,750
12/06/2002,EWR,NJ,AEA,EN,Combined TRACON& Tower with Radar,860,361,50,0,1271,0,0,10,0,10,860,361,60,0,1281,0,0,0,1281
12/07/2002,EWR,NJ,AEA,EN,Combined TRACON& Tower with Radar,641,263,29,0,933,0,0,10,2,12,641,263,39,2,945,0,0,0,945
12/08/2002,EWR,NJ,AEA,EN,Combined TRACON& Tower with Radar,693,284,38,0,1015,0,0,11,1,12,693,284,49,1,1027,0,0,0,1027
12/09/2002,EWR,NJ,AEA,EN,Combined TRACON& Tower with Radar,765,345,53,0,1163,0,0,11,0,11,765,345,64,0,1174,0,0,0,1174
12/10/2002,EWR,NJ,AEA,EN,Combined TRACON& Tower with Radar,792,374,43,0,1209,0,0,11,0,11,792,374,54,0,1220,0,0,0,1220
12/11/2002,EWR,NJ,AEA,EN,Combined TRACON& Tower with Radar,754,326,31,0,1111,0,0,11,0,11,754,326,42,0,1122,0,0,0,1122
12/12/2002,EWR,NJ,AEA,EN,Combined TRACON& Tower with Radar,876,359,33,0,1268,0,0,11,0,11,876,359,44,0,1279,0,0,0,1279
12/13/2002,EWR,NJ,AEA,EN,Combined TRACON& Tower with Radar,819,361,28,0,1208,0,0,11,0,11,819,361,39,0,1219,0,0,0,1219
12/14/2002,EWR,NJ,AEA,EN,Combined TRACON& Tower with Radar,662,256,6,0,924,0,0,11,0,11,662,256,17,0,935,0,0,0,935
12/15/2002,EWR,NJ,AEA,EN,Combined TRACON& Tower with Radar,693,284,31,0,1008,0,0,10,0,10,693,284,41,0,1018,0,0,0,1018
12/16/2002,EWR,NJ,AEA,EN,Combined TRACON& Tower with Radar,752,362,49,0,1163,0,0,10,0,10,752,362,59,0,1173,0,0,0,1173
12/17/2002,EWR,NJ,AEA,EN,Combined TRACON& Tower with Radar,831,378,25,0,1234,0,0,10,1,11,831,378,35,1,1245,0,0,0,1245
12/18/2002,EWR,NJ,AEA,EN,Combined TRACON& Tower with Radar,829,376,31,0,1236,0,0,10,0,10,829,376,41,0,1246,0,0,0,1246
12/19/2002,EWR,NJ,AEA,EN,Combined TRACON& Tower with Radar,832,365,22,0,1219,0,0,10,0,10,832,365,32,0,1229,0,0,0,1229
12/20/2002,EWR,NJ,AEA,EN,Combined TRACON& Tower with Radar,850,360,19,0,1229,0,0,10,0,10,850,360,29,0,1239,0,0,0,1239
12/21/2002,EWR,NJ,AEA,EN,Combined TRACON& Tower with Radar,723,279,19,0,1021,0,0,10,0,10,723,279,29,0,1031,0,0,0,1031
12/22/2002,EWR,NJ,AEA,EN,Combined TRACON& Tower with Radar,706,283,15,0,1004,0,0,10,0,10,706,283,25,0,1014,0,0,0,1014
12/23/2002,EWR,NJ,AEA,EN,Combined TRACON& Tower with Radar,751,350,20,0,1121,0,0,10,0,10,751,350,30,0,1131,0,0,0,1131
12/24/2002,EWR,NJ,AEA,EN,Combined TRACON& Tower with Radar,625,276,0,0,901,5,0,5,0,10,630,276,5,0,911,0,0,0,911
12/25/2002,EWR,NJ,AEA,EN,Combined TRACON& Tower with Radar,501,185,4,0,690,0,0,10,0,10,501,185,14,0,700,0,0,0,700
12/26/2002,EWR,NJ,AEA,EN,Combined TRACON& Tower with Radar,774,346,16,0,1136,0,0,10,0,10,774,346,26,0,1146,0,0,0,1146
12/27/2002,EWR,NJ,AEA,EN,Combined TRACON& Tower with Radar,812,352,8,0,1172,0,0,10,0,10,812,352,18,0,1182,0,0,0,1182
12/28/2002,EWR,NJ,AEA,EN,Combined TRACON& Tower with Radar,654,255,0,0,909,0,0,10,0,10,654,255,10,0,919,0,0,0,919
12/29/2002,EWR,NJ,AEA,EN,Combined TRACON& Tower with Radar,693,282,8,0,983,0,1,10,0,11,693,283,18,0,994,0,0,0,994
12/30/2002,EWR,NJ,AEA,EN,Combined TRACON& Tower with Radar,710,364,10,0,1084,0,1,10,0,11,710,365,20,0,1095,0,0,0,1095
12/31/2002,EWR,NJ,AEA,EN,Combined TRACON& Tower with Radar,646,255,9,1,911,0,1,10,0,11,646,256,19,1,922,0,0,0,922
01/01/2003,EWR,NJ,AEA,EN,Combined TRACON& Tower with Radar,603,251,11,0,865,7,1,0,0,8,610,252,11,0,873,0,0,0,873
01/02/2003,EWR,NJ,AEA,EN,Combined TRACON& Tower with Radar,756,339,12,0,1107,0,1,8,0,9,756,340,20,0,1116,0,0,0,1116
01/03/2003,EWR,NJ,AEA,EN,Combined TRACON& Tower with Radar,784,266,1,0,1051,0,1,7,0,8,784,267,8,0,1059,0,0,0,1059
01/04/2003,EWR,NJ,AEA,EN,Combined TRACON& Tower with Radar,679,245,6,0,930,0,1,9,0,10,679,246,15,0,940,0,0,0,940
01/05/2003,EWR,NJ,AEA,EN,Combined TRACON& Tower with Radar,672,281,13,0,966,0,2,8,0,10,672,283,21,0,976,0,0,0,976
01/06/2003,EWR,NJ,AEA,EN,Combined TRACON& Tower with Radar,739,358,14,0,1111,0,1,8,0,9,739,359,22,0,1120,0,0,0,1120
01/07/2003,EWR,NJ,AEA,EN,Combined TRACON& Tower with Radar,737,352,37,0,1126,0,2,7,0,9,737,354,44,0,1135,0,0,0,1135
01/08/2003,EWR,NJ,AEA,EN,Combined TRACON& Tower with Radar,756,343,29,0,1128,0,2,7,0,9,756,345,36,0,1137,0,0,0,1137
01/09/2003,EWR,NJ,AEA,EN,Combined TRACON& Tower with Radar,765,353,17,0,1135,0,12,25,2,39,765,365,42,2,1174,115,4,119,1293
01/10/2003,EWR,NJ,AEA,EN,Combined TRACON& Tower with Radar,766,370,24,0,1160,0,2,7,0,9,766,372,31,0,1169,0,0,0,1169
01/11/2003,EWR,NJ,AEA,EN,Combined TRACON& Tower with Radar,589,240,12,0,841,0,2,7,0,9,589,242,19,0,850,0,0,0,850
01/12/2003,EWR,NJ,AEA,EN,Combined TRACON& Tower with Radar,650,281,13,0,944,0,2,7,0,9,650,283,20,0,953,0,0,0,953
01/13/2003,EWR,NJ,AEA,EN,Combined TRACON& Tower with Radar,708,359,25,0,1092,0,2,7,0,9,708,361,32,0,1101,0,0,0,1101
01/14/2003,EWR,NJ,AEA,EN,Combined TRACON& Tower with Radar,744,338,41,0,1123,0,2,7,0,9,744,340,48,0,1132,0,0,0,1132
01/15/2003,EWR,NJ,AEA,EN,Combined TRACON& Tower with Radar,771,350,54,0,1175,0,2,7,0,9,771,352,61,0,1184,0,0,0,1184
01/16/2003,EWR,NJ,AEA,EN,Combined TRACON& Tower with Radar,773,358,47,0,1178,0,2,7,0,9,773,360,54,0,1187,0,0,0,1187
01/17/2003,EWR,NJ,AEA,EN,Combined TRACON& Tower with Radar,775,367,33,0,1175,0,2,7,0,9,775,369,40,0,1184,0,0,0,1184
01/18/2003,EWR,NJ,AEA,EN,Combined TRACON& Tower with Radar,595,250,4,0,849,0,2,7,0,9,595,252,11,0,858,0,0,0,858
01/19/2003,EWR,NJ,AEA,EN,Combined TRACON& Tower with Radar,635,279,13,0,927,7,0,9,1,17,642,279,22,1,944,27,1,28,972
01/20/2003,EWR,NJ,AEA,EN,Combined TRACON& Tower with Radar,726,344,33,0,1103,0,2,7,0,9,726,346,40,0,1112,0,0,0,1112
01/21/2003,EWR,NJ,AEA,EN,Combined TRACON& Tower with Radar,736,354,53,0,1143,0,1,7,0,8,736,355,60,0,1151,0,0,0,1151
01/22/2003,EWR,NJ,AEA,EN,Combined TRACON& Tower with Radar,756,343,44,0,1143,0,1,7,0,8,756,344,51,0,1151,0,0,0,1151
01/23/2003,EWR,NJ,AEA,EN,Combined TRACON& Tower with Radar,768,357,18,0,1143,0,1,55,0,56,768,358,73,0,1199,0,0,0,1199
01/24/2003,EWR,NJ,AEA,EN,Combined TRACON& Tower with Radar,767,363,28,0,1158,0,1,7,0,8,767,364,35,0,1166,0,0,0,1166
01/25/2003,EWR,NJ,AEA,EN,Combined TRACON& Tower with Radar,565,225,8,0,798,37,0,0,0,37,602,225,8,0,835,0,0,0,835
01/26/2003,EWR,NJ,AEA,EN,Combined TRACON& Tower with Radar,640,288,18,0,946,0,1,7,1,9,640,289,25,1,955,0,0,0,955
01/27/2003,EWR,NJ,AEA,EN,Combined TRACON& Tower with Radar,724,352,47,0,1123,0,1,7,0,8,724,353,54,0,1131,0,0,0,1131
01/28/2003,EWR,NJ,AEA,EN,Combined TRACON& Tower with Radar,740,357,32,0,1129,0,1,7,0,8,740,358,39,0,1137,0,0,0,1137
01/29/2003,EWR,NJ,AEA,EN,Combined TRACON& Tower with Radar,736,353,26,0,1115,0,1,7,0,8,736,354,33,0,1123,0,0,0,1123
01/30/2003,EWR,NJ,AEA,EN,Combined TRACON& Tower with Radar,762,358,38,0,1158,0,1,7,0,8,762,359,45,0,1166,0,0,0,1166
01/31/2003,EWR,NJ,AEA,EN,Combined TRACON& Tower with Radar,568,255,11,0,834,186,97,26,0,309,754,352,37,0,1143,0,0,0,1143
02/01/2003,EWR,NJ,AEA,EN,Combined TRACON& Tower with Radar,582,241,7,0,830,8,0,1,0,9,590,241,8,0,839,2,0,2,841
02/02/2003,EWR,NJ,AEA,EN,Combined TRACON& Tower with Radar,624,280,10,0,914,1,0,8,1,10,625,280,18,1,924,0,0,0,924
02/03/2003,EWR,NJ,AEA,EN,Combined TRACON& Tower with Radar,692,342,43,0,1077,1,0,8,0,9,693,342,51,0,1086,0,0,0,1086
02/04/2003,EWR,NJ,AEA,EN,Combined TRACON& Tower with Radar,710,345,8,0,1063,1,0,8,0,9,711,345,16,0,1072,0,0,0,1072
02/05/2003,EWR,NJ,AEA,EN,Combined TRACON& Tower with Radar,740,346,32,0,1118,0,0,9,0,9,740,346,41,0,1127,0,0,0,1127
02/06/2003,EWR,NJ,AEA,EN,Combined TRACON& Tower with Radar,764,357,39,0,1160,0,0,9,0,9,764,357,48,0,1169,0,0,0,1169
02/07/2003,EWR,NJ,AEA,EN,Combined TRACON& Tower with Radar,624,205,18,0,847,0,0,9,0,9,624,205,27,0,856,0,0,0,856
02/08/2003,EWR,NJ,AEA,EN,Combined TRACON& Tower with Radar,598,251,18,0,867,0,0,9,0,9,598,251,27,0,876,0,0,0,876
02/09/2003,EWR,NJ,AEA,EN,Combined TRACON& Tower with Radar,633,281,16,0,930,2,12,8,0,22,635,293,24,0,952,0,0,0,952
02/10/2003,EWR,NJ,AEA,EN,Combined TRACON& Tower with Radar,643,243,17,0,903,31,0,17,2,50,674,243,34,2,953,0,0,0,953
02/11/2003,EWR,NJ,AEA,EN,Combined TRACON& Tower with Radar,732,365,47,0,1144,0,0,8,0,8,732,365,55,0,1152,0,0,0,1152
02/12/2003,EWR,NJ,AEA,EN,Combined TRACON& Tower with Radar,745,332,51,0,1128,0,0,8,0,8,745,332,59,0,1136,0,0,0,1136
02/13/2003,EWR,NJ,AEA,EN,Combined TRACON& Tower with Radar,824,393,25,0,1242,0,0,8,0,8,824,393,33,0,1250,0,0,0,1250
02/14/2003,EWR,NJ,AEA,EN,Combined TRACON& Tower with Radar,830,372,25,0,1227,0,11,15,1,27,830,383,40,1,1254,0,0,0,1254
02/15/2003,EWR,NJ,AEA,EN,Combined TRACON& Tower with Radar,662,254,7,0,923,1,0,7,0,8,663,254,14,0,931,0,0,0,931
02/16/2003,EWR,NJ,AEA,EN,Combined TRACON& Tower with Radar,632,228,10,0,870,1,0,7,0,8,633,228,17,0,878,0,0,0,878
02/17/2003,EWR,NJ,AEA,EN,Combined TRACON& Tower with Radar,65,14,1,0,80,2,0,6,0,8,67,14,7,0,88,0,0,0,88
02/18/2003,EWR,NJ,AEA,EN,Combined TRACON& Tower with Radar,588,170,42,0,800,1,0,7,0,8,589,170,49,0,808,0,0,0,808
02/19/2003,EWR,NJ,AEA,EN,Combined TRACON& Tower with Radar,801,390,57,0,1248,1,0,7,0,8,802,390,64,0,1256,0,0,0,1256
02/20/2003,EWR,NJ,AEA,EN,Combined TRACON& Tower with Radar,813,367,25,0,1205,0,13,33,0,46,813,380,58,0,1251,0,0,0,1251
02/21/2003,EWR,NJ,AEA,EN,Combined TRACON& Tower with Radar,804,378,30,0,1212,1,0,7,0,8,805,378,37,0,1220,0,0,0,1220
02/22/2003,EWR,NJ,AEA,EN,Combined TRACON& Tower with Radar,652,257,28,0,937,0,0,7,2,9,652,257,35,2,946,0,0,0,946
02/23/2003,EWR,NJ,AEA,EN,Combined TRACON& Tower with Radar,697,257,25,0,979,1,0,7,0,8,698,257,32,0,987,0,0,0,987
02/24/2003,EWR,NJ,AEA,EN,Combined TRACON& Tower with Radar,764,356,24,0,1144,0,15,28,0,43,764,371,52,0,1187,0,0,0,1187
02/25/2003,EWR,NJ,AEA,EN,Combined TRACON& Tower with Radar,754,376,45,1,1176,0,0,7,1,8,754,376,52,2,1184,0,0,0,1184
02/26/2003,EWR,NJ,AEA,EN,Combined TRACON& Tower with Radar,792,386,63,0,1241,1,0,7,0,8,793,386,70,0,1249,0,0,0,1249
02/27/2003,EWR,NJ,AEA,EN,Combined TRACON& Tower with Radar,797,387,38,0,1222,1,0,7,0,8,798,387,45,0,1230,0,0,0,1230
02/28/2003,EWR,NJ,AEA,EN,Combined TRACON& Tower with Radar,827,391,42,0,1260,1,0,7,0,8,828,391,49,0,1268,0,0,0,1268
03/01/2003,EWR,NJ,AEA,EN,Combined TRACON& Tower with Radar,634,252,12,0,898,7,0,0,0,7,641,252,12,0,905,0,0,0,905
03/02/2003,EWR,NJ,AEA,EN,Combined TRACON& Tower with Radar,681,321,6,0,1008,0,0,6,0,6,681,321,12,0,1014,0,0,0,1014
03/03/2003,EWR,NJ,AEA,EN,Combined TRACON& Tower with Radar,764,380,40,0,1184,0,0,7,0,7,764,380,47,0,1191,0,0,0,1191
03/04/2003,EWR,NJ,AEA,EN,Combined TRACON& Tower with Radar,757,395,39,0,1191,0,0,7,0,7,757,395,46,0,1198,0,0,0,1198
03/05/2003,EWR,NJ,AEA,EN,Combined TRACON& Tower with Radar,805,402,42,0,1249,0,0,7,0,7,805,402,49,0,1256,0,0,0,1256
03/06/2003,EWR,NJ,AEA,EN,Combined TRACON& Tower with Radar,731,219,55,0,1005,0,0,7,0,7,731,219,62,0,1012,0,0,0,1012
03/07/2003,EWR,NJ,AEA,EN,Combined TRACON& Tower with Radar,842,399,45,0,1286,0,1,7,0,8,842,400,52,0,1294,0,0,0,1294
03/08/2003,EWR,NJ,AEA,EN,Combined TRACON& Tower with Radar,623,271,16,0,910,26,0,8,0,34,649,271,24,0,944,0,0,0,944
03/09/2003,EWR,NJ,AEA,EN,Combined TRACON& Tower with Radar,708,323,22,0,1053,0,1,6,0,7,708,324,28,0,1060,0,0,0,1060
03/10/2003,EWR,NJ,AEA,EN,Combined TRACON& Tower with Radar,789,391,58,0,1238,0,1,6,0,7,789,392,64,0,1245,0,0,0,1245
03/11/2003,EWR,NJ,AEA,EN,Combined TRACON& Tower with Radar,798,399,47,0,1244,0,1,6,0,7,798,400,53,0,1251,0,0,0,1251
03/12/2003,EWR,NJ,AEA,EN,Combined TRACON& Tower with Radar,822,384,32,0,1238,0,1,6,0,7,822,385,38,0,1245,0,0,0,1245
03/13/2003,EWR,NJ,AEA,EN,Combined TRACON& Tower with Radar,798,324,32,0,1154,0,1,5,0,6,798,325,37,0,1160,0,0,0,1160
03/14/2003,EWR,NJ,AEA,EN,Combined TRACON& Tower with Radar,826,390,46,0,1262,0,1,5,0,6,826,391,51,0,1268,0,0,0,1268
03/15/2003,EWR,NJ,AEA,EN,Combined TRACON& Tower with Radar,640,265,8,0,913,0,1,5,0,6,640,266,13,0,919,0,0,0,919
03/16/2003,EWR,NJ,AEA,EN,Combined TRACON& Tower with Radar,697,322,29,0,1048,0,1,5,0,6,697,323,34,0,1054,0,0,0,1054
03/17/2003,EWR,NJ,AEA,EN,Combined TRACON& Tower with Radar,763,389,27,0,1179,0,1,5,0,6,763,390,32,0,1185,0,0,0,1185
03/18/2003,EWR,NJ,AEA,EN,Combined TRACON& Tower with Radar,780,390,36,0,1206,0,1,5,0,6,780,391,41,0,1212,0,0,0,1212
03/19/2003,EWR,NJ,AEA,EN,Combined TRACON& Tower with Radar,787,402,29,0,1218,0,1,6,0,7,787,403,35,0,1225,0,0,0,1225
03/20/2003,EWR,NJ,AEA,EN,Combined TRACON& Tower with Radar,787,362,20,0,1169,0,0,6,1,7,787,362,26,1,1176,0,0,0,1176
03/21/2003,EWR,NJ,AEA,EN,Combined TRACON& Tower with Radar,884,395,30,0,1309,0,1,6,0,7,884,396,36,0,1316,0,0,0,1316
03/22/2003,EWR,NJ,AEA,EN,Combined TRACON& Tower with Radar,667,260,6,0,933,0,0,6,1,7,667,260,12,1,940,0,0,0,940
03/23/2003,EWR,NJ,AEA,EN,Combined TRACON& Tower with Radar,693,328,5,0,1026,0,1,5,0,6,693,329,10,0,1032,0,0,0,1032
03/24/2003,EWR,NJ,AEA,EN,Combined TRACON& Tower with Radar,779,392,16,0,1187,0,1,5,0,6,779,393,21,0,1193,0,0,0,1193
03/25/2003,EWR,NJ,AEA,EN,Combined TRACON& Tower with Radar,788,388,23,0,1199,0,0,5,1,6,788,388,28,1,1205,0,0,0,1205
03/26/2003,EWR,NJ,AEA,EN,Combined TRACON& Tower with Radar,805,402,45,0,1252,0,1,5,0,6,805,403,50,0,1258,0,0,0,1258
03/27/2003,EWR,NJ,AEA,EN,Combined TRACON& Tower with Radar,826,390,35,0,1251,0,1,5,0,6,826,391,40,0,1257,0,0,0,1257
03/28/2003,EWR,NJ,AEA,EN,Combined TRACON& Tower with Radar,837,372,27,0,1236,0,1,6,0,7,837,373,33,0,1243,0,0,0,1243
03/29/2003,EWR,NJ,AEA,EN,Combined TRACON& Tower with Radar,657,265,17,0,939,0,1,5,0,6,657,266,22,0,945,0,0,0,945
03/30/2003,EWR,NJ,AEA,EN,Combined TRACON& Tower with Radar,700,319,4,0,1023,0,1,5,0,6,700,320,9,0,1029,0,0,0,1029
03/31/2003,EWR,NJ,AEA,EN,Combined TRACON& Tower with Radar,766,385,29,0,1180,0,1,5,0,6,766,386,34,0,1186,0,0,0,1186
04/01/2003,EWR,NJ,AEA,EN,Combined TRACON& Tower with Radar,799,373,59,1,1232,0,0,6,0,6,799,373,65,1,1238,0,0,0,1238
04/02/2003,EWR,NJ,AEA,EN,Combined TRACON& Tower with Radar,810,398,18,0,1226,0,0,12,0,12,810,398,30,0,1238,0,0,0,1238
04/03/2003,EWR,NJ,AEA,EN,Combined TRACON& Tower with Radar,819,384,29,0,1232,0,0,12,0,12,819,384,41,0,1244,0,0,0,1244
04/04/2003,EWR,NJ,AEA,EN,Combined TRACON& Tower with Radar,788,370,33,0,1191,0,0,0,0,0,788,370,33,0,1191,0,0,0,1191
04/05/2003,EWR,NJ,AEA,EN,Combined TRACON& Tower with Radar,622,262,5,0,889,0,0,0,0,0,622,262,5,0,889,0,0,0,889
04/06/2003,EWR,NJ,AEA,EN,Combined TRACON& Tower with Radar,671,317,7,0,995,0,0,2,0,2,671,317,9,0,997,0,0,0,997
04/07/2003,EWR,NJ,AEA,EN,Combined TRACON& Tower with Radar,629,95,21,0,745,0,0,1,0,1,629,95,22,0,746,0,0,0,746
04/08/2003,EWR,NJ,AEA,EN,Combined TRACON& Tower with Radar,744,379,24,0,1147,0,0,4,0,4,744,379,28,0,1151,0,0,0,1151
04/09/2003,EWR,NJ,AEA,EN,Combined TRACON& Tower with Radar,753,395,27,1,1176,0,0,0,0,0,753,395,27,1,1176,0,0,0,1176
04/10/2003,EWR,NJ,AEA,EN,Combined TRACON& Tower with Radar,788,385,24,2,1199,0,1,5,0,6,788,386,29,2,1205,0,0,0,1205
04/11/2003,EWR,NJ,AEA,EN,Combined TRACON& Tower with Radar,770,381,26,1,1178,0,0,0,0,0,770,381,26,1,1178,0,0,0,1178
04/12/2003,EWR,NJ,AEA,EN,Combined TRACON& Tower with Radar,654,285,12,0,951,0,0,0,0,0,654,285,12,0,951,0,0,0,951
04/13/2003,EWR,NJ,AEA,EN,Combined TRACON& Tower with Radar,684,317,16,0,1017,0,1,7,0,8,684,318,23,0,1025,0,0,0,1025
04/14/2003,EWR,NJ,AEA,EN,Combined TRACON& Tower with Radar,743,402,35,0,1180,0,0,17,0,17,743,402,52,0,1197,0,0,0,1197
04/15/2003,EWR,NJ,AEA,EN,Combined TRACON& Tower with Radar,752,385,24,0,1161,0,1,14,0,15,752,386,38,0,1176,0,0,0,1176
04/16/2003,EWR,NJ,AEA,EN,Combined TRACON& Tower with Radar,777,378,37,0,1192,0,0,9,0,9,777,378,46,0,1201,0,0,0,1201
04/17/2003,EWR,NJ,AEA,EN,Combined TRACON& Tower with Radar,809,376,27,0,1212,0,0,10,0,10,809,376,37,0,1222,0,0,0,1222
04/18/2003,EWR,NJ,AEA,EN,Combined TRACON& Tower with Radar,797,377,11,0,1185,0,0,8,0,8,797,377,19,0,1193,0,0,0,1193
04/19/2003,EWR,NJ,AEA,EN,Combined TRACON& Tower with Radar,626,261,12,0,899,0,0,1,0,1,626,261,13,0,900,0,0,0,900
04/20/2003,EWR,NJ,AEA,EN,Combined TRACON& Tower with Radar,686,300,13,2,1001,0,0,10,0,10,686,300,23,2,1011,0,0,0,1011
04/21/2003,EWR,NJ,AEA,EN,Combined TRACON& Tower with Radar,746,387,38,0,1171,0,0,9,0,9,746,387,47,0,1180,0,0,0,1180
04/22/2003,EWR,NJ,AEA,EN,Combined TRACON& Tower with Radar,757,381,28,0,1166,0,0,5,0,5,757,381,33,0,1171,0,0,0,1171
04/23/2003,EWR,NJ,AEA,EN,Combined TRACON& Tower with Radar,746,380,33,0,1159,0,0,2,0,2,746,380,35,0,1161,0,0,0,1161
04/24/2003,EWR,NJ,AEA,EN,Combined TRACON& Tower with Radar,802,395,29,0,1226,0,0,8,0,8,802,395,37,0,1234,0,0,0,1234
04/25/2003,EWR,NJ,AEA,EN,Combined TRACON& Tower with Radar,797,388,23,1,1209,0,1,16,0,17,797,389,39,1,1226,0,0,0,1226
04/26/2003,EWR,NJ,AEA,EN,Combined TRACON& Tower with Radar,656,273,6,0,935,0,0,0,0,0,656,273,6,0,935,0,0,0,935
04/27/2003,EWR,NJ,AEA,EN,Combined TRACON& Tower with Radar,710,312,19,0,1041,0,0,4,0,4,710,312,23,0,1045,0,0,0,1045
04/28/2003,EWR,NJ,AEA,EN,Combined TRACON& Tower with Radar,757,379,37,0,1173,0,0,7,0,7,757,379,44,0,1180,0,0,0,1180
04/29/2003,EWR,NJ,AEA,EN,Combined TRACON& Tower with Radar,737,377,31,0,1145,0,0,10,0,10,737,377,41,0,1155,0,0,0,1155
04/30/2003,EWR,NJ,AEA,EN,Combined TRACON& Tower with Radar,737,393,38,0,1168,0,0,26,1,27,737,393,64,1,1195,0,0,0,1195
05/01/2003,EWR,NJ,AEA,EN,Combined TRACON& Tower with Radar,785,384,40,0,1209,0,0,11,0,11,785,384,51,0,1220,0,0,0,1220
05/02/2003,EWR,NJ,AEA,EN,Combined TRACON& Tower with Radar,786,408,27,0,1221,0,0,7,0,7,786,408,34,0,1228,0,0,0,1228
05/03/2003,EWR,NJ,AEA,EN,Combined TRACON& Tower with Radar,601,276,12,0,889,0,0,10,0,10,601,276,22,0,899,0,0,0,899
05/04/2003,EWR,NJ,AEA,EN,Combined TRACON& Tower with Radar,646,301,5,0,952,0,1,4,0,5,646,302,9,0,957,0,0,0,957
05/05/2003,EWR,NJ,AEA,EN,Combined TRACON& Tower with Radar,751,382,13,0,1146,0,0,10,0,10,751,382,23,0,1156,0,0,0,1156
05/06/2003,EWR,NJ,AEA,EN,Combined TRACON& Tower with Radar,731,383,38,0,1152,0,7,3,0,10,731,390,41,0,1162,0,0,0,1162
05/07/2003,EWR,NJ,AEA,EN,Combined TRACON& Tower with Radar,739,373,36,0,1148,0,0,8,0,8,739,373,44,0,1156,0,0,0,1156
05/08/2003,EWR,NJ,AEA,EN,Combined TRACON& Tower with Radar,812,396,56,0,1264,0,2,0,0,2,812,398,56,0,1266,0,0,0,1266
05/09/2003,EWR,NJ,AEA,EN,Combined TRACON& Tower with Radar,798,396,36,0,1230,0,0,2,0,2,798,396,38,0,1232,0,0,0,1232
05/10/2003,EWR,NJ,AEA,EN,Combined TRACON& Tower with Radar,615,263,26,0,904,0,0,10,0,10,615,263,36,0,914,0,0,0,914
05/11/2003,EWR,NJ,AEA,EN,Combined TRACON& Tower with Radar,669,311,12,0,992,0,0,0,0,0,669,311,12,0,992,0,0,0,992
05/12/2003,EWR,NJ,AEA,EN,Combined TRACON& Tower with Radar,775,380,52,0,1207,0,0,0,0,0,775,380,52,0,1207,0,0,0,1207
05/13/2003,EWR,NJ,AEA,EN,Combined TRACON& Tower with Radar,738,395,31,0,1164,0,0,7,0,7,738,395,38,0,1171,0,0,0,1171
05/14/2003,EWR,NJ,AEA,EN,Combined TRACON& Tower with Radar,754,401,42,2,1199,0,0,30,0,30,754,401,72,2,1229,0,0,0,1229
05/15/2003,EWR,NJ,AEA,EN,Combined TRACON& Tower with Radar,784,389,36,2,1211,0,0,20,0,20,784,389,56,2,1231,0,0,0,1231
05/16/2003,EWR,NJ,AEA,EN,Combined TRACON& Tower with Radar,786,382,25,0,1193,0,2,24,0,26,786,384,49,0,1219,0,0,0,1219
05/17/2003,EWR,NJ,AEA,EN,Combined TRACON& Tower with Radar,592,266,18,0,876,0,3,4,0,7,592,269,22,0,883,0,0,0,883
05/18/2003,EWR,NJ,AEA,EN,Combined TRACON& Tower with Radar,677,301,15,0,993,0,1,11,0,12,677,302,26,0,1005,0,0,0,1005
05/19/2003,EWR,NJ,AEA,EN,Combined TRACON& Tower with Radar,753,389,25,0,1167,0,3,12,0,15,753,392,37,0,1182,0,0,0,1182
05/20/2003,EWR,NJ,AEA,EN,Combined TRACON& Tower with Radar,751,400,34,0,1185,0,0,14,0,14,751,400,48,0,1199,0,0,0,1199
05/21/2003,EWR,NJ,AEA,EN,Combined TRACON& Tower with Radar,762,392,41,0,1195,0,2,0,0,2,762,394,41,0,1197,0,0,0,1197
05/22/2003,EWR,NJ,AEA,EN,Combined TRACON& Tower with Radar,799,397,49,0,1245,0,0,10,0,10,799,397,59,0,1255,0,0,0,1255
05/23/2003,EWR,NJ,AEA,EN,Combined TRACON& Tower with Radar,774,400,21,0,1195,0,1,0,0,1,774,401,21,0,1196,0,0,0,1196
05/24/2003,EWR,NJ,AEA,EN,Combined TRACON& Tower with Radar,588,274,5,0,867,0,0,0,0,0,588,274,5,0,867,0,0,0,867
05/25/2003,EWR,NJ,AEA,EN,Combined TRACON& Tower with Radar,594,245,22,0,861,0,0,1,0,1,594,245,23,0,862,0,0,0,862
05/26/2003,EWR,NJ,AEA,EN,Combined TRACON& Tower with Radar,673,313,11,0,997,0,0,0,0,0,673,313,11,0,997,0,0,0,997
05/27/2003,EWR,NJ,AEA,EN,Combined TRACON& Tower with Radar,703,377,48,0,1128,0,1,20,0,21,703,378,68,0,1149,0,0,0,1149
05/28/2003,EWR,NJ,AEA,EN,Combined TRACON& Tower with Radar,769,395,40,0,1204,0,5,12,0,17,769,400,52,0,1221,0,0,0,1221
05/29/2003,EWR,NJ,AEA,EN,Combined TRACON& Tower with Radar,811,403,31,0,1245,0,0,19,0,19,811,403,50,0,1264,0,0,0,1264
05/30/2003,EWR,NJ,AEA,EN,Combined TRACON& Tower with Radar,789,385,22,0,1196,0,0,6,0,6,789,385,28,0,1202,0,0,0,1202
05/31/2003,EWR,NJ,AEA,EN,Combined TRACON& Tower with Radar,610,276,12,0,898,0,0,0,0,0,610,276,12,0,898,0,0,0,898
06/01/2003,EWR,NJ,AEA,EN,Combined TRACON& Tower with Radar,689,323,29,0,1041,0,0,8,0,8,689,323,37,0,1049,0,0,0,1049
06/02/2003,EWR,NJ,AEA,EN,Combined TRACON& Tower with Radar,752,383,19,0,1154,0,0,11,0,11,752,383,30,0,1165,0,0,0,1165
06/03/2003,EWR,NJ,AEA,EN,Combined TRACON& Tower with Radar,764,402,43,0,1209,0,0,5,0,5,764,402,48,0,1214,0,0,0,1214
06/04/2003,EWR,NJ,AEA,EN,Combined TRACON& Tower with Radar,781,405,41,0,1227,0,0,3,1,4,781,405,44,1,1231,0,0,0,1231
06/05/2003,EWR,NJ,AEA,EN,Combined TRACON& Tower with Radar,810,385,44,1,1240,0,0,5,0,5,810,385,49,1,1245,0,0,0,1245
06/06/2003,EWR,NJ,AEA,EN,Combined TRACON& Tower with Radar,793,397,25,0,1215,0,0,11,0,11,793,397,36,0,1226,0,0,0,1226
06/07/2003,EWR,NJ,AEA,EN,Combined TRACON& Tower with Radar,619,274,24,0,917,0,0,0,0,0,619,274,24,0,917,0,0,0,917
06/08/2003,EWR,NJ,AEA,EN,Combined TRACON& Tower with Radar,675,318,15,0,1008,0,0,5,0,5,675,318,20,0,1013,0,0,0,1013
06/09/2003,EWR,NJ,AEA,EN,Combined TRACON& Tower with Radar,777,401,28,1,1207,0,0,6,0,6,777,401,34,1,1213,0,0,0,1213
06/10/2003,EWR,NJ,AEA,EN,Combined TRACON& Tower with Radar,616,418,35,0,1069,0,0,10,0,10,616,418,45,0,1079,0,0,0,1079
06/11/2003,EWR,NJ,AEA,EN,Combined TRACON& Tower with Radar,768,387,42,1,1198,0,0,11,0,11,768,387,53,1,1209,0,0,0,1209
06/12/2003,EWR,NJ,AEA,EN,Combined TRACON& Tower with Radar,759,392,35,1,1187,0,0,13,0,13,759,392,48,1,1200,0,0,0,1200
06/13/2003,EWR,NJ,AEA,EN,Combined TRACON& Tower with Radar,838,399,40,1,1278,0,1,0,0,1,838,400,40,1,1279,0,0,0,1279
06/14/2003,EWR,NJ,AEA,EN,Combined TRACON& Tower with Radar,653,274,24,0,951,0,0,5,0,5,653,274,29,0,956,0,0,0,956
06/15/2003,EWR,NJ,AEA,EN,Combined TRACON& Tower with Radar,700,331,28,1,1060,0,0,10,0,10,700,331,38,1,1070,0,0,0,1070
06/16/2003,EWR,NJ,AEA,EN,Combined TRACON& Tower with Radar,762,392,24,2,1180,0,0,21,0,21,762,392,45,2,1201,0,0,0,1201
06/17/2003,EWR,NJ,AEA,EN,Combined TRACON& Tower with Radar,782,399,42,2,1225,0,0,13,0,13,782,399,55,2,1238,0,0,0,1238
06/18/2003,EWR,NJ,AEA,EN,Combined TRACON& Tower with Radar,796,404,42,0,1242,0,0,10,0,10,796,404,52,0,1252,0,0,0,1252
06/19/2003,EWR,NJ,AEA,EN,Combined TRACON& Tower with Radar,815,410,46,1,1272,0,0,2,0,2,815,410,48,1,1274,0,0,0,1274
06/20/2003,EWR,NJ,AEA,EN,Combined TRACON& Tower with Radar,790,417,32,0,1239,0,0,4,0,4,790,417,36,0,1243,0,0,0,1243
06/21/2003,EWR,NJ,AEA,EN,Combined TRACON& Tower with Radar,654,282,26,0,962,0,0,4,0,4,654,282,30,0,966,0,0,0,966
06/22/2003,EWR,NJ,AEA,EN,Combined TRACON& Tower with Radar,704,342,24,0,1070,0,0,1,0,1,704,342,25,0,1071,0,0,0,1071
06/23/2003,EWR,NJ,AEA,EN,Combined TRACON& Tower with Radar,733,418,30,0,1181,0,0,1,0,1,733,418,31,0,1182,0,0,0,1182
06/24/2003,EWR,NJ,AEA,EN,Combined TRACON& Tower with Radar,762,409,30,0,1201,0,0,11,0,11,762,409,41,0,1212,0,0,0,1212
06/25/2003,EWR,NJ,AEA,EN,Combined TRACON& Tower with Radar,773,417,0,0,1190,0,1,0,0,1,773,418,0,0,1191,0,0,0,1191
06/26/2003,EWR,NJ,AEA,EN,Combined TRACON& Tower with Radar,824,426,30,3,1283,0,0,24,0,24,824,426,54,3,1307,0,0,0,1307
06/27/2003,EWR,NJ,AEA,EN,Combined TRACON& Tower with Radar,809,417,37,0,1263,0,0,0,0,0,809,417,37,0,1263,0,0,0,1263
06/28/2003,EWR,NJ,AEA,EN,Combined TRACON& Tower with Radar,658,290,16,0,964,0,0,22,0,22,658,290,38,0,986,0,0,0,986
06/29/2003,EWR,NJ,AEA,EN,Combined TRACON& Tower with Radar,706,342,16,0,1064,0,0,10,0,10,706,342,26,0,1074,0,0,0,1074
06/30/2003,EWR,NJ,AEA,EN,Combined TRACON& Tower with Radar,768,405,21,0,1194,0,0,24,0,24,768,405,45,0,1218,0,0,0,1218
07/01/2003,EWR,NJ,AEA,EN,Combined TRACON& Tower with Radar,774,401,29,0,1204,0,0,6,0,6,774,401,35,0,1210,0,0,0,1210
07/02/2003,EWR,NJ,AEA,EN,Combined TRACON& Tower with Radar,788,414,37,1,1240,0,0,22,0,22,788,414,59,1,1262,0,0,0,1262
07/03/2003,EWR,NJ,AEA,EN,Combined TRACON& Tower with Radar,802,413,33,0,1248,0,0,0,0,0,802,413,33,0,1248,0,0,0,1248
07/04/2003,EWR,NJ,AEA,EN,Combined TRACON& Tower with Radar,590,300,6,2,898,0,0,9,0,9,590,300,15,2,907,0,0,0,907
07/05/2003,EWR,NJ,AEA,EN,Combined TRACON& Tower with Radar,610,283,6,0,899,0,0,1,0,1,610,283,7,0,900,0,0,0,900
07/06/2003,EWR,NJ,AEA,EN,Combined TRACON& Tower with Radar,703,357,13,0,1073,0,0,10,0,10,703,357,23,0,1083,0,0,0,1083
07/07/2003,EWR,NJ,AEA,EN,Combined TRACON& Tower with Radar,781,373,19,1,1174,0,0,12,0,12,781,373,31,1,1186,0,0,0,1186
07/08/2003,EWR,NJ,AEA,EN,Combined TRACON& Tower with Radar,764,410,16,0,1190,0,2,14,0,16,764,412,30,0,1206,0,0,0,1206
07/09/2003,EWR,NJ,AEA,EN,Combined TRACON& Tower with Radar,769,407,27,0,1203,0,3,9,0,12,769,410,36,0,1215,0,0,0,1215
07/10/2003,EWR,NJ,AEA,EN,Combined TRACON& Tower with Radar,826,415,33,0,1274,0,0,12,0,12,826,415,45,0,1286,0,0,0,1286
07/11/2003,EWR,NJ,AEA,EN,Combined TRACON& Tower with Radar,803,409,22,0,1234,0,0,16,0,16,803,409,38,0,1250,0,0,0,1250
07/12/2003,EWR,NJ,AEA,EN,Combined TRACON& Tower with Radar,654,285,23,0,962,0,3,3,0,6,654,288,26,0,968,0,0,0,968
07/13/2003,EWR,NJ,AEA,EN,Combined TRACON& Tower with Radar,707,338,7,0,1052,0,1,8,0,9,707,339,15,0,1061,0,0,0,1061
07/14/2003,EWR,NJ,AEA,EN,Combined TRACON& Tower with Radar,771,405,25,0,1201,0,0,16,1,17,771,405,41,1,1218,0,0,0,1218
07/15/2003,EWR,NJ,AEA,EN,Combined TRACON& Tower with Radar,766,411,31,0,1208,0,6,20,0,26,766,417,51,0,1234,0,0,0,1234
07/16/2003,EWR,NJ,AEA,EN,Combined TRACON& Tower with Radar,791,406,30,0,1227,0,0,4,0,4,791,406,34,0,1231,0,0,0,1231
07/17/2003,EWR,NJ,AEA,EN,Combined TRACON& Tower with Radar,797,426,31,0,1254,0,0,7,0,7,797,426,38,0,1261,0,0,0,1261
07/18/2003,EWR,NJ,AEA,EN,Combined TRACON& Tower with Radar,805,386,20,0,1211,0,0,9,0,9,805,386,29,0,1220,0,0,0,1220
07/19/2003,EWR,NJ,AEA,EN,Combined TRACON& Tower with Radar,668,292,10,0,970,0,0,8,0,8,668,292,18,0,978,0,0,0,978
07/20/2003,EWR,NJ,AEA,EN,Combined TRACON& Tower with Radar,704,354,8,0,1066,0,0,7,0,7,704,354,15,0,1073,0,0,0,1073
07/21/2003,EWR,NJ,AEA,EN,Combined TRACON& Tower with Radar,665,315,22,2,1004,0,0,6,0,6,665,315,28,2,1010,0,0,0,1010
07/22/2003,EWR,NJ,AEA,EN,Combined TRACON& Tower with Radar,724,318,31,0,1073,0,0,2,0,2,724,318,33,0,1075,0,0,0,1075
07/23/2003,EWR,NJ,AEA,EN,Combined TRACON& Tower with Radar,832,375,39,0,1246,0,0,4,0,4,832,375,43,0,1250,0,0,0,1250
07/24/2003,EWR,NJ,AEA,EN,Combined TRACON& Tower with Radar,831,411,29,0,1271,0,0,7,1,8,831,411,36,1,1279,0,0,0,1279
07/25/2003,EWR,NJ,AEA,EN,Combined TRACON& Tower with Radar,816,405,17,0,1238,0,0,9,0,9,816,405,26,0,1247,0,0,0,1247
07/26/2003,EWR,NJ,AEA,EN,Combined TRACON& Tower with Radar,660,284,7,0,951,0,0,7,0,7,660,284,14,0,958,0,0,0,958
07/27/2003,EWR,NJ,AEA,EN,Combined TRACON& Tower with Radar,707,335,26,0,1068,0,0,3,0,3,707,335,29,0,1071,0,0,0,1071
07/28/2003,EWR,NJ,AEA,EN,Combined TRACON& Tower with Radar,784,408,28,0,1220,0,0,21,0,21,784,408,49,0,1241,0,0,0,1241
07/29/2003,EWR,NJ,AEA,EN,Combined TRACON& Tower with Radar,787,401,34,0,1222,0,0,12,0,12,787,401,46,0,1234,0,0,0,1234
07/30/2003,EWR,NJ,AEA,EN,Combined TRACON& Tower with Radar,792,414,38,0,1244,0,0,7,0,7,792,414,45,0,1251,0,0,0,1251
07/31/2003,EWR,NJ,AEA,EN,Combined TRACON& Tower with Radar,813,408,27,0,1248,0,0,31,0,31,813,408,58,0,1279,0,0,0,1279
08/01/2003,EWR,NJ,AEA,EN,Combined TRACON& Tower with Radar,825,396,26,0,1247,0,0,0,0,0,825,396,26,0,1247,0,0,0,1247
08/02/2003,EWR,NJ,AEA,EN,Combined TRACON& Tower with Radar,670,286,8,0,964,0,0,0,0,0,670,286,8,0,964,0,0,0,964
08/03/2003,EWR,NJ,AEA,EN,Combined TRACON& Tower with Radar,688,278,18,0,984,0,0,8,0,8,688,278,26,0,992,0,0,0,992
08/04/2003,EWR,NJ,AEA,EN,Combined TRACON& Tower with Radar,686,301,20,0,1007,0,0,2,0,2,686,301,22,0,1009,0,0,0,1009
08/05/2003,EWR,NJ,AEA,EN,Combined TRACON& Tower with Radar,780,330,40,0,1150,0,0,0,0,0,780,330,40,0,1150,0,0,0,1150
08/06/2003,EWR,NJ,AEA,EN,Combined TRACON& Tower with Radar,820,360,29,0,1209,0,0,8,0,8,820,360,37,0,1217,0,0,0,1217
08/07/2003,EWR,NJ,AEA,EN,Combined TRACON& Tower with Radar,825,393,37,0,1255,0,0,11,0,11,825,393,48,0,1266,0,0,0,1266
08/08/2003,EWR,NJ,AEA,EN,Combined TRACON& Tower with Radar,829,407,29,0,1265,0,0,0,0,0,829,407,29,0,1265,0,0,0,1265
08/09/2003,EWR,NJ,AEA,EN,Combined TRACON& Tower with Radar,657,280,20,0,957,0,0,0,0,0,657,280,20,0,957,0,0,0,957
08/10/2003,EWR,NJ,AEA,EN,Combined TRACON& Tower with Radar,696,297,21,0,1014,0,0,3,0,3,696,297,24,0,1017,0,0,0,1017
08/11/2003,EWR,NJ,AEA,EN,Combined TRACON& Tower with Radar,791,370,41,0,1202,0,0,1,0,1,791,370,42,0,1203,0,0,0,1203
08/12/2003,EWR,NJ,AEA,EN,Combined TRACON& Tower with Radar,791,402,20,0,1213,0,0,15,0,15,791,402,35,0,1228,0,0,0,1228
08/13/2003,EWR,NJ,AEA,EN,Combined TRACON& Tower with Radar,804,415,39,0,1258,0,0,9,1,10,804,415,48,1,1268,0,0,0,1268
08/14/2003,EWR,NJ,AEA,EN,Combined TRACON& Tower with Radar,758,349,25,0,1132,0,0,36,0,36,758,349,61,0,1168,0,0,0,1168
08/15/2003,EWR,NJ,AEA,EN,Combined TRACON& Tower with Radar,885,406,27,2,1320,0,0,24,0,24,885,406,51,2,1344,0,0,0,1344
08/16/2003,EWR,NJ,AEA,EN,Combined TRACON& Tower with Radar,668,249,12,0,929,0,0,4,0,4,668,249,16,0,933,0,0,0,933
08/17/2003,EWR,NJ,AEA,EN,Combined TRACON& Tower with Radar,706,336,12,1,1055,0,0,2,0,2,706,336,14,1,1057,0,0,0,1057
08/18/2003,EWR,NJ,AEA,EN,Combined TRACON& Tower with Radar,801,402,24,0,1227,0,0,24,0,24,801,402,48,0,1251,0,0,0,1251
08/19/2003,EWR,NJ,AEA,EN,Combined TRACON& Tower with Radar,799,416,31,0,1246,0,0,23,0,23,799,416,54,0,1269,0,0,0,1269
08/20/2003,EWR,NJ,AEA,EN,Combined TRACON& Tower with Radar,786,413,36,0,1235,0,4,26,0,30,786,417,62,0,1265,0,0,0,1265
08/21/2003,EWR,NJ,AEA,EN,Combined TRACON& Tower with Radar,803,450,40,0,1293,0,4,12,0,16,803,454,52,0,1309,0,0,0,1309
08/22/2003,EWR,NJ,AEA,EN,Combined TRACON& Tower with Radar,823,375,36,0,1234,0,0,4,0,4,823,375,40,0,1238,0,0,0,1238
08/23/2003,EWR,NJ,AEA,EN,Combined TRACON& Tower with Radar,670,273,8,0,951,0,0,0,0,0,670,273,8,0,951,0,0,0,951
08/24/2003,EWR,NJ,AEA,EN,Combined TRACON& Tower with Radar,703,351,12,0,1066,0,4,16,0,20,703,355,28,0,1086,0,0,0,1086
08/25/2003,EWR,NJ,AEA,EN,Combined TRACON& Tower with Radar,772,402,16,0,1190,0,0,19,0,19,772,402,35,0,1209,0,0,0,1209
08/26/2003,EWR,NJ,AEA,EN,Combined TRACON& Tower with Radar,742,411,25,0,1178,0,0,18,0,18,742,411,43,0,1196,0,0,0,1196
08/27/2003,EWR,NJ,AEA,EN,Combined TRACON& Tower with Radar,784,422,27,0,1233,0,3,23,0,26,784,425,50,0,1259,0,0,0,1259
08/28/2003,EWR,NJ,AEA,EN,Combined TRACON& Tower with Radar,816,405,27,0,1248,0,0,15,0,15,816,405,42,0,1263,0,0,0,1263
08/29/2003,EWR,NJ,AEA,EN,Combined TRACON& Tower with Radar,819,381,19,0,1219,0,0,15,0,15,819,381,34,0,1234,0,0,0,1234
08/30/2003,EWR,NJ,AEA,EN,Combined TRACON& Tower with Radar,700,305,7,0,1012,0,1,5,0,6,700,306,12,0,1018,0,0,0,1018
08/31/2003,EWR,NJ,AEA,EN,Combined TRACON& Tower with Radar,607,264,15,0,886,0,0,8,0,8,607,264,23,0,894,0,0,0,894
09/01/2003,EWR,NJ,AEA,EN,Combined TRACON& Tower with Radar,723,325,14,0,1062,0,0,0,0,0,723,325,14,0,1062,0,0,0,1062
09/02/2003,EWR,NJ,AEA,EN,Combined TRACON& Tower with Radar,739,405,35,0,1179,0,0,0,0,0,739,405,35,0,1179,0,0,0,1179
09/03/2003,EWR,NJ,AEA,EN,Combined TRACON& Tower with Radar,757,368,49,0,1174,0,0,0,0,0,757,368,49,0,1174,0,0,0,1174
09/04/2003,EWR,NJ,AEA,EN,Combined TRACON& Tower with Radar,739,356,35,0,1130,0,0,4,0,4,739,356,39,0,1134,0,0,0,1134
09/05/2003,EWR,NJ,AEA,EN,Combined TRACON& Tower with Radar,747,415,24,0,1186,0,6,5,0,11,747,421,29,0,1197,0,0,0,1197
09/06/2003,EWR,NJ,AEA,EN,Combined TRACON& Tower with Radar,588,263,12,0,863,0,0,10,0,10,588,263,22,0,873,1,0,1,874
09/07/2003,EWR,NJ,AEA,EN,Combined TRACON& Tower with Radar,667,332,18,0,1017,0,0,14,0,14,667,332,32,0,1031,0,0,0,1031
09/08/2003,EWR,NJ,AEA,EN,Combined TRACON& Tower with Radar,712,363,33,0,1108,0,0,15,0,15,712,363,48,0,1123,0,0,0,1123
09/09/2003,EWR,NJ,AEA,EN,Combined TRACON& Tower with Radar,728,414,44,0,1186,0,0,17,0,17,728,414,61,0,1203,0,0,0,1203
09/10/2003,EWR,NJ,AEA,EN,Combined TRACON& Tower with Radar,738,422,26,0,1186,0,1,8,0,9,738,423,34,0,1195,0,0,0,1195
09/11/2003,EWR,NJ,AEA,EN,Combined TRACON& Tower with Radar,693,376,31,0,1100,0,0,1,0,1,693,376,32,0,1101,0,0,0,1101
09/12/2003,EWR,NJ,AEA,EN,Combined TRACON& Tower with Radar,748,397,28,0,1173,0,0,15,0,15,748,397,43,0,1188,0,0,0,1188
09/13/2003,EWR,NJ,AEA,EN,Combined TRACON& Tower with Radar,601,274,12,0,887,0,0,0,0,0,601,274,12,0,887,0,0,0,887
09/14/2003,EWR,NJ,AEA,EN,Combined TRACON& Tower with Radar,633,275,7,0,915,0,1,3,0,4,633,276,10,0,919,0,0,0,919
09/15/2003,EWR,NJ,AEA,EN,Combined TRACON& Tower with Radar,690,293,27,0,1010,0,0,6,0,6,690,293,33,0,1016,0,0,0,1016
09/16/2003,EWR,NJ,AEA,EN,Combined TRACON& Tower with Radar,742,397,22,0,1161,0,0,20,0,20,742,397,42,0,1181,0,0,0,1181
09/17/2003,EWR,NJ,AEA,EN,Combined TRACON& Tower with Radar,751,418,22,0,1191,0,0,32,0,32,751,418,54,0,1223,0,0,0,1223
09/18/2003,EWR,NJ,AEA,EN,Combined TRACON& Tower with Radar,666,314,15,0,995,0,0,4,0,4,666,314,19,0,999,0,0,0,999
09/19/2003,EWR,NJ,AEA,EN,Combined TRACON& Tower with Radar,682,340,17,0,1039,0,0,8,0,8,682,340,25,0,1047,0,0,0,1047
09/20/2003,EWR,NJ,AEA,EN,Combined TRACON& Tower with Radar,583,297,9,0,889,0,0,4,0,4,583,297,13,0,893,0,0,0,893
09/21/2003,EWR,NJ,AEA,EN,Combined TRACON& Tower with Radar,663,331,15,0,1009,0,0,8,0,8,663,331,23,0,1017,0,0,0,1017
09/22/2003,EWR,NJ,AEA,EN,Combined TRACON& Tower with Radar,711,398,25,0,1134,0,12,15,0,27,711,410,40,0,1161,0,0,0,1161
09/23/2003,EWR,NJ,AEA,EN,Combined TRACON& Tower with Radar,722,374,39,0,1135,0,0,6,0,6,722,374,45,0,1141,0,0,0,1141
09/24/2003,EWR,NJ,AEA,EN,Combined TRACON& Tower with Radar,764,419,42,0,1225,0,0,10,0,10,764,419,52,0,1235,0,0,0,1235
09/25/2003,EWR,NJ,AEA,EN,Combined TRACON& Tower with Radar,788,422,42,0,1252,0,1,15,0,16,788,423,57,0,1268,0,0,0,1268
09/26/2003,EWR,NJ,AEA,EN,Combined TRACON& Tower with Radar,770,419,36,0,1225,0,0,5,0,5,770,419,41,0,1230,0,0,0,1230
09/27/2003,EWR,NJ,AEA,EN,Combined TRACON& Tower with Radar,589,274,13,0,876,0,0,0,0,0,589,274,13,0,876,0,0,0,876
09/28/2003,EWR,NJ,AEA,EN,Combined TRACON& Tower with Radar,669,317,25,2,1013,0,0,0,0,0,669,317,25,2,1013,0,0,0,1013
09/29/2003,EWR,NJ,AEA,EN,Combined TRACON& Tower with Radar,748,421,15,0,1184,0,0,8,0,8,748,421,23,0,1192,0,0,0,1192
09/30/2003,EWR,NJ,AEA,EN,Combined TRACON& Tower with Radar,728,424,36,0,1188,0,0,34,0,34,728,424,70,0,1222,0,0,0,1222
10/01/2003,EWR,NJ,AEA,EN,Combined TRACON& Tower with Radar,772,430,40,0,1242,0,0,17,0,17,772,430,57,0,1259,0,0,0,1259
10/02/2003,EWR,NJ,AEA,EN,Combined TRACON& Tower with Radar,808,421,35,0,1264,0,0,0,0,0,808,421,35,0,1264,0,0,0,1264
10/03/2003,EWR,NJ,AEA,EN,Combined TRACON& Tower with Radar,806,420,27,0,1253,0,0,13,0,13,806,420,40,0,1266,0,0,0,1266
10/04/2003,EWR,NJ,AEA,EN,Combined TRACON& Tower with Radar,594,282,18,2,896,0,0,33,2,35,594,282,51,4,931,2,0,2,933
10/05/2003,EWR,NJ,AEA,EN,Combined TRACON& Tower with Radar,683,337,17,0,1037,0,0,11,0,11,683,337,28,0,1048,0,0,0,1048
10/06/2003,EWR,NJ,AEA,EN,Combined TRACON& Tower with Radar,751,406,31,0,1188,0,3,15,0,18,751,409,46,0,1206,3,0,3,1209
10/07/2003,EWR,NJ,AEA,EN,Combined TRACON& Tower with Radar,740,432,33,0,1205,0,4,22,0,26,740,436,55,0,1231,0,0,0,1231
10/08/2003,EWR,NJ,AEA,EN,Combined TRACON& Tower with Radar,792,426,36,1,1255,0,0,4,0,4,792,426,40,1,1259,0,0,0,1259
10/09/2003,EWR,NJ,AEA,EN,Combined TRACON& Tower with Radar,804,426,26,0,1256,0,0,22,0,22,804,426,48,0,1278,0,0,0,1278
10/10/2003,EWR,NJ,AEA,EN,Combined TRACON& Tower with Radar,804,420,25,0,1249,0,0,7,0,7,804,420,32,0,1256,0,0,0,1256
10/11/2003,EWR,NJ,AEA,EN,Combined TRACON& Tower with Radar,608,285,16,0,909,0,0,8,0,8,608,285,24,0,917,0,0,0,917
10/12/2003,EWR,NJ,AEA,EN,Combined TRACON& Tower with Radar,683,320,16,0,1019,0,0,7,0,7,683,320,23,0,1026,0,0,0,1026
10/13/2003,EWR,NJ,AEA,EN,Combined TRACON& Tower with Radar,750,407,29,0,1186,0,0,7,0,7,750,407,36,0,1193,0,0,0,1193
10/14/2003,EWR,NJ,AEA,EN,Combined TRACON& Tower with Radar,765,404,44,0,1213,0,0,18,0,18,765,404,62,0,1231,0,0,0,1231
10/15/2003,EWR,NJ,AEA,EN,Combined TRACON& Tower with Radar,743,371,34,0,1148,0,0,15,0,15,743,371,49,0,1163,0,0,0,1163
10/16/2003,EWR,NJ,AEA,EN,Combined TRACON& Tower with Radar,798,425,33,0,1256,0,0,15,0,15,798,425,48,0,1271,0,0,0,1271
10/17/2003,EWR,NJ,AEA,EN,Combined TRACON& Tower with Radar,819,421,28,0,1268,0,0,34,0,34,819,421,62,0,1302,0,0,0,1302
10/18/2003,EWR,NJ,AEA,EN,Combined TRACON& Tower with Radar,604,290,14,0,908,0,0,16,0,16,604,290,30,0,924,0,0,0,924
10/19/2003,EWR,NJ,AEA,EN,Combined TRACON& Tower with Radar,688,335,32,0,1055,0,1,7,0,8,688,336,39,0,1063,0,0,0,1063
10/20/2003,EWR,NJ,AEA,EN,Combined TRACON& Tower with Radar,763,404,47,0,1214,0,0,18,0,18,763,404,65,0,1232,0,0,0,1232
10/21/2003,EWR,NJ,AEA,EN,Combined TRACON& Tower with Radar,771,423,59,0,1253,0,0,14,0,14,771,423,73,0,1267,0,0,0,1267
10/22/2003,EWR,NJ,AEA,EN,Combined TRACON& Tower with Radar,787,418,30,0,1235,0,0,8,0,8,787,418,38,0,1243,0,0,0,1243
10/23/2003,EWR,NJ,AEA,EN,Combined TRACON& Tower with Radar,802,434,37,0,1273,0,2,11,0,13,802,436,48,0,1286,0,0,0,1286
10/24/2003,EWR,NJ,AEA,EN,Combined TRACON& Tower with Radar,802,420,31,0,1253,0,0,13,0,13,802,420,44,0,1266,0,0,0,1266
10/25/2003,EWR,NJ,AEA,EN,Combined TRACON& Tower with Radar,602,281,20,0,903,0,0,2,0,2,602,281,22,0,905,0,0,0,905
10/26/2003,EWR,NJ,AEA,EN,Combined TRACON& Tower with Radar,602,281,12,0,895,71,61,14,2,148,673,342,26,2,1043,0,0,0,1043
10/27/2003,EWR,NJ,AEA,EN,Combined TRACON& Tower with Radar,743,357,24,0,1124,0,0,6,0,6,743,357,30,0,1130,0,0,0,1130
10/28/2003,EWR,NJ,AEA,EN,Combined TRACON& Tower with Radar,787,416,33,1,1237,0,0,12,0,12,787,416,45,1,1249,0,0,0,1249
10/29/2003,EWR,NJ,AEA,EN,Combined TRACON& Tower with Radar,787,420,32,0,1239,0,0,9,0,9,787,420,41,0,1248,0,0,0,1248
10/30/2003,EWR,NJ,AEA,EN,Combined TRACON& Tower with Radar,798,421,42,1,1262,0,3,23,0,26,798,424,65,1,1288,0,0,0,1288
10/31/2003,EWR,NJ,AEA,EN,Combined TRACON& Tower with Radar,789,413,27,0,1229,0,0,11,0,11,789,413,38,0,1240,176,0,176,1416
11/01/2003,EWR,NJ,AEA,EN,Combined TRACON& Tower with Radar,622,276,3,0,901,0,0,9,0,9,622,276,12,0,910,0,0,0,910
11/02/2003,EWR,NJ,AEA,EN,Combined TRACON& Tower with Radar,680,350,12,0,1042,0,0,6,0,6,680,350,18,0,1048,0,0,0,1048
11/03/2003,EWR,NJ,AEA,EN,Combined TRACON& Tower with Radar,749,400,36,0,1185,0,0,2,4,6,749,400,38,4,1191,0,0,0,1191
11/04/2003,EWR,NJ,AEA,EN,Combined TRACON& Tower with Radar,766,408,44,0,1218,0,0,0,0,0,766,408,44,0,1218,0,0,0,1218
11/05/2003,EWR,NJ,AEA,EN,Combined TRACON& Tower with Radar,679,335,57,1,1072,0,0,0,0,0,679,335,57,1,1072,0,0,0,1072
11/06/2003,EWR,NJ,AEA,EN,Combined TRACON& Tower with Radar,836,382,34,0,1252,0,0,10,0,10,836,382,44,0,1262,0,0,0,1262
11/07/2003,EWR,NJ,AEA,EN,Combined TRACON& Tower with Radar,800,422,24,1,1247,0,0,8,0,8,800,422,32,1,1255,0,0,0,1255
11/08/2003,EWR,NJ,AEA,EN,Combined TRACON& Tower with Radar,606,293,12,0,911,0,0,4,0,4,606,293,16,0,915,0,0,0,915
11/09/2003,EWR,NJ,AEA,EN,Combined TRACON& Tower with Radar,688,333,26,0,1047,0,0,7,0,7,688,333,33,0,1054,0,0,0,1054
11/10/2003,EWR,NJ,AEA,EN,Combined TRACON& Tower with Radar,767,418,36,0,1221,0,0,12,0,12,767,418,48,0,1233,0,0,0,1233
11/11/2003,EWR,NJ,AEA,EN,Combined TRACON& Tower with Radar,759,437,26,0,1222,0,0,4,0,4,759,437,30,0,1226,0,0,0,1226
11/12/2003,EWR,NJ,AEA,EN,Combined TRACON& Tower with Radar,765,385,35,0,1185,0,0,0,0,0,765,385,35,0,1185,0,0,0,1185
11/13/2003,EWR,NJ,AEA,EN,Combined TRACON& Tower with Radar,756,344,36,0,1136,0,0,2,0,2,756,344,38,0,1138,0,0,0,1138
11/14/2003,EWR,NJ,AEA,EN,Combined TRACON& Tower with Radar,795,378,35,0,1208,0,0,6,0,6,795,378,41,0,1214,0,0,0,1214
11/15/2003,EWR,NJ,AEA,EN,Combined TRACON& Tower with Radar,625,288,16,2,931,0,0,8,0,8,625,288,24,2,939,0,0,0,939
11/16/2003,EWR,NJ,AEA,EN,Combined TRACON& Tower with Radar,681,317,18,0,1016,0,3,9,0,12,681,320,27,0,1028,0,0,0,1028
11/17/2003,EWR,NJ,AEA,EN,Combined TRACON& Tower with Radar,755,400,19,0,1174,0,0,11,0,11,755,400,30,0,1185,0,0,0,1185
11/18/2003,EWR,NJ,AEA,EN,Combined TRACON& Tower with Radar,791,410,37,0,1238,0,0,14,0,14,791,410,51,0,1252,0,0,0,1252
11/19/2003,EWR,NJ,AEA,EN,Combined TRACON& Tower with Radar,763,384,38,0,1185,0,0,0,0,0,763,384,38,0,1185,0,0,0,1185
11/20/2003,EWR,NJ,AEA,EN,Combined TRACON& Tower with Radar,821,438,36,0,1295,0,0,12,0,12,821,438,48,0,1307,0,0,0,1307
11/21/2003,EWR,NJ,AEA,EN,Combined TRACON& Tower with Radar,818,421,24,0,1263,0,0,12,0,12,818,421,36,0,1275,0,0,0,1275
11/22/2003,EWR,NJ,AEA,EN,Combined TRACON& Tower with Radar,615,287,11,0,913,0,0,12,0,12,615,287,23,0,925,0,0,0,925
11/23/2003,EWR,NJ,AEA,EN,Combined TRACON& Tower with Radar,697,330,22,0,1049,0,0,3,0,3,697,330,25,0,1052,0,0,0,1052
11/24/2003,EWR,NJ,AEA,EN,Combined TRACON& Tower with Radar,769,406,23,0,1198,0,0,12,0,12,769,406,35,0,1210,0,0,0,1210
11/25/2003,EWR,NJ,AEA,EN,Combined TRACON& Tower with Radar,808,429,23,0,1260,0,0,16,0,16,808,429,39,0,1276,0,0,0,1276
11/26/2003,EWR,NJ,AEA,EN,Combined TRACON& Tower with Radar,808,429,29,0,1266,8,0,5,0,13,816,429,34,0,1279,8,0,8,1287
11/27/2003,EWR,NJ,AEA,EN,Combined TRACON& Tower with Radar,530,240,7,0,777,0,0,0,0,0,530,240,7,0,777,0,0,0,777
11/28/2003,EWR,NJ,AEA,EN,Combined TRACON& Tower with Radar,573,265,17,0,855,0,0,1,0,1,573,265,18,0,856,0,0,0,856
11/29/2003,EWR,NJ,AEA,EN,Combined TRACON& Tower with Radar,646,301,7,0,954,0,0,6,0,6,646,301,13,0,960,0,0,0,960
11/30/2003,EWR,NJ,AEA,EN,Combined TRACON& Tower with Radar,758,397,35,1,1191,0,1,9,0,10,758,398,44,1,1201,0,0,0,1201
12/01/2003,EWR,NJ,AEA,EN,Combined TRACON& Tower with Radar,791,354,27,3,1175,0,0,8,0,8,791,354,35,3,1183,0,0,0,1183
12/02/2003,EWR,NJ,AEA,EN,Combined TRACON& Tower with Radar,822,409,57,0,1288,0,0,5,0,5,822,409,62,0,1293,0,0,0,1293
12/03/2003,EWR,NJ,AEA,EN,Combined TRACON& Tower with Radar,828,418,52,0,1298,0,0,16,0,16,828,418,68,0,1314,0,0,0,1314
12/04/2003,EWR,NJ,AEA,EN,Combined TRACON& Tower with Radar,820,417,52,0,1289,0,0,11,0,11,820,417,63,0,1300,0,0,0,1300
12/05/2003,EWR,NJ,AEA,EN,Combined TRACON& Tower with Radar,606,192,43,0,841,0,0,5,0,5,606,192,48,0,846,0,0,0,846
12/06/2003,EWR,NJ,AEA,EN,Combined TRACON& Tower with Radar,420,52,19,0,491,0,0,0,0,0,420,52,19,0,491,0,0,0,491
12/07/2003,EWR,NJ,AEA,EN,Combined TRACON& Tower with Radar,662,216,44,0,922,0,0,1,0,1,662,216,45,0,923,0,0,0,923
12/08/2003,EWR,NJ,AEA,EN,Combined TRACON& Tower with Radar,780,375,50,0,1205,0,0,0,0,0,780,375,50,0,1205,0,0,0,1205
12/09/2003,EWR,NJ,AEA,EN,Combined TRACON& Tower with Radar,782,428,48,0,1258,0,0,11,0,11,782,428,59,0,1269,0,0,0,1269
12/10/2003,EWR,NJ,AEA,EN,Combined TRACON& Tower with Radar,790,428,48,0,1266,0,0,12,0,12,790,428,60,0,1278,0,0,0,1278
12/11/2003,EWR,NJ,AEA,EN,Combined TRACON& Tower with Radar,796,354,49,0,1199,0,0,1,0,1,796,354,50,0,1200,0,0,0,1200
12/12/2003,EWR,NJ,AEA,EN,Combined TRACON& Tower with Radar,854,417,32,0,1303,0,0,11,0,11,854,417,43,0,1314,0,0,0,1314
12/13/2003,EWR,NJ,AEA,EN,Combined TRACON& Tower with Radar,646,291,10,0,947,0,0,8,0,8,646,291,18,0,955,0,0,0,955
12/14/2003,EWR,NJ,AEA,EN,Combined TRACON& Tower with Radar,591,157,16,0,764,0,0,0,0,0,591,157,16,0,764,0,0,0,764
12/15/2003,EWR,NJ,AEA,EN,Combined TRACON& Tower with Radar,776,395,48,0,1219,0,0,8,0,8,776,395,56,0,1227,0,0,0,1227
12/16/2003,EWR,NJ,AEA,EN,Combined TRACON& Tower with Radar,825,422,46,0,1293,0,0,9,0,9,825,422,55,0,1302,0,0,0,1302
12/17/2003,EWR,NJ,AEA,EN,Combined TRACON& Tower with Radar,821,372,22,0,1215,0,0,1,0,1,821,372,23,0,1216,0,0,0,1216
12/18/2003,EWR,NJ,AEA,EN,Combined TRACON& Tower with Radar,868,410,36,0,1314,0,0,16,0,16,868,410,52,0,1330,0,0,0,1330
12/19/2003,EWR,NJ,AEA,EN,Combined TRACON& Tower with Radar,854,429,22,0,1305,0,0,14,0,14,854,429,36,0,1319,0,0,0,1319
12/20/2003,EWR,NJ,AEA,EN,Combined TRACON& Tower with Radar,710,329,15,0,1054,0,0,10,0,10,710,329,25,0,1064,0,0,0,1064
12/21/2003,EWR,NJ,AEA,EN,Combined TRACON& Tower with Radar,726,352,12,0,1090,0,0,5,0,5,726,352,17,0,1095,0,0,0,1095
12/22/2003,EWR,NJ,AEA,EN,Combined TRACON& Tower with Radar,765,435,21,0,1221,0,0,8,0,8,765,435,29,0,1229,0,0,0,1229
12/23/2003,EWR,NJ,AEA,EN,Combined TRACON& Tower with Radar,830,432,15,0,1277,0,0,11,0,11,830,432,26,0,1288,0,0,0,1288
12/24/2003,EWR,NJ,AEA,EN,Combined TRACON& Tower with Radar,679,286,7,0,972,0,0,0,0,0,679,286,7,0,972,5,0,5,977
12/25/2003,EWR,NJ,AEA,EN,Combined TRACON& Tower with Radar,535,260,3,0,798,0,0,2,0,2,535,260,5,0,800,0,0,0,800
12/26/2003,EWR,NJ,AEA,EN,Combined TRACON& Tower with Radar,739,400,17,0,1156,0,0,9,0,9,739,400,26,0,1165,0,0,0,1165
12/27/2003,EWR,NJ,AEA,EN,Combined TRACON& Tower with Radar,640,293,8,0,941,0,0,5,0,5,640,293,13,0,946,0,0,0,946
12/28/2003,EWR,NJ,AEA,EN,Combined TRACON& Tower with Radar,687,349,5,0,1041,0,0,5,0,5,687,349,10,0,1046,0,0,0,1046
12/29/2003,EWR,NJ,AEA,EN,Combined TRACON& Tower with Radar,768,415,9,0,1192,0,0,5,0,5,768,415,14,0,1197,0,0,0,1197
12/30/2003,EWR,NJ,AEA,EN,Combined TRACON& Tower with Radar,796,427,6,0,1229,0,0,11,0,11,796,427,17,0,1240,0,0,0,1240
12/31/2003,EWR,NJ,AEA,EN,Combined TRACON& Tower with Radar,654,285,5,2,946,0,0,9,0,9,654,285,14,2,955,0,0,0,955
01/01/2004,EWR,NJ,AEA,EN,Combined TRACON& Tower with Radar,598,286,5,0,889,0,0,2,0,2,598,286,7,0,891,0,0,0,891
01/02/2004,EWR,NJ,AEA,EN,Combined TRACON& Tower with Radar,737,394,9,0,1140,0,0,2,0,2,737,394,11,0,1142,0,0,0,1142
01/03/2004,EWR,NJ,AEA,EN,Combined TRACON& Tower with Radar,640,298,10,0,948,0,0,0,0,0,640,298,10,0,948,0,0,0,948
01/04/2004,EWR,NJ,AEA,EN,Combined TRACON& Tower with Radar,659,341,16,0,1016,0,0,2,0,2,659,341,18,0,1018,0,0,0,1018
01/05/2004,EWR,NJ,AEA,EN,Combined TRACON& Tower with Radar,739,395,13,0,1147,0,24,1,0,25,739,419,14,0,1172,0,0,0,1172
01/06/2004,EWR,NJ,AEA,EN,Combined TRACON& Tower with Radar,751,420,22,0,1193,0,0,6,0,6,751,420,28,0,1199,0,0,0,1199
01/07/2004,EWR,NJ,AEA,EN,Combined TRACON& Tower with Radar,764,405,29,0,1198,0,0,19,0,19,764,405,48,0,1217,0,0,0,1217
01/08/2004,EWR,NJ,AEA,EN,Combined TRACON& Tower with Radar,791,420,23,0,1234,0,0,0,0,0,791,420,23,0,1234,0,0,0,1234
01/09/2004,EWR,NJ,AEA,EN,Combined TRACON& Tower with Radar,761,415,32,2,1210,0,0,11,0,11,761,415,43,2,1221,0,0,0,1221
01/10/2004,EWR,NJ,AEA,EN,Combined TRACON& Tower with Radar,608,275,17,0,900,0,0,4,0,4,608,275,21,0,904,0,0,0,904
01/11/2004,EWR,NJ,AEA,EN,Combined TRACON& Tower with Radar,646,346,17,2,1011,0,2,4,0,6,646,348,21,2,1017,0,0,0,1017
01/12/2004,EWR,NJ,AEA,EN,Combined TRACON& Tower with Radar,704,401,34,0,1139,0,0,23,0,23,704,401,57,0,1162,0,0,0,1162
01/13/2004,EWR,NJ,AEA,EN,Combined TRACON& Tower with Radar,763,423,24,0,1210,0,0,3,0,3,763,423,27,0,1213,0,0,0,1213
01/14/2004,EWR,NJ,AEA,EN,Combined TRACON& Tower with Radar,752,399,35,0,1186,0,0,16,0,16,752,399,51,0,1202,0,0,0,1202
01/15/2004,EWR,NJ,AEA,EN,Combined TRACON& Tower with Radar,747,355,38,2,1142,0,1,14,0,15,747,356,52,2,1157,0,0,0,1157
01/16/2004,EWR,NJ,AEA,EN,Combined TRACON& Tower with Radar,787,406,19,0,1212,0,0,4,0,4,787,406,23,0,1216,0,0,0,1216
01/17/2004,EWR,NJ,AEA,EN,Combined TRACON& Tower with Radar,609,284,16,0,909,0,0,3,0,3,609,284,19,0,912,0,0,0,912
01/18/2004,EWR,NJ,AEA,EN,Combined TRACON& Tower with Radar,626,259,20,0,905,0,0,0,0,0,626,259,20,0,905,0,0,0,905
01/19/2004,EWR,NJ,AEA,EN,Combined TRACON& Tower with Radar,748,391,21,0,1160,0,0,4,0,4,748,391,25,0,1164,0,0,0,1164
01/20/2004,EWR,NJ,AEA,EN,Combined TRACON& Tower with Radar,764,409,36,0,1209,0,0,10,0,10,764,409,46,0,1219,0,0,0,1219
01/21/2004,EWR,NJ,AEA,EN,Combined TRACON& Tower with Radar,758,418,31,0,1207,0,0,17,0,17,758,418,48,0,1224,0,0,0,1224
01/22/2004,EWR,NJ,AEA,EN,Combined TRACON& Tower with Radar,793,417,28,0,1238,0,0,27,0,27,793,417,55,0,1265,0,0,0,1265
01/23/2004,EWR,NJ,AEA,EN,Combined TRACON& Tower with Radar,770,434,29,0,1233,0,0,7,0,7,770,434,36,0,1240,0,0,0,1240
01/24/2004,EWR,NJ,AEA,EN,Combined TRACON& Tower with Radar,614,285,13,1,913,0,0,5,0,5,614,285,18,1,918,0,0,0,918
01/25/2004,EWR,NJ,AEA,EN,Combined TRACON& Tower with Radar,648,307,6,1,962,0,0,8,0,8,648,307,14,1,970,0,0,0,970
01/26/2004,EWR,NJ,AEA,EN,Combined TRACON& Tower with Radar,705,345,15,2,1067,0,0,4,0,4,705,345,19,2,1071,0,0,0,1071
01/27/2004,EWR,NJ,AEA,EN,Combined TRACON& Tower with Radar,655,217,34,0,906,0,0,2,0,2,655,217,36,0,908,0,0,0,908
01/28/2004,EWR,NJ,AEA,EN,Combined TRACON& Tower with Radar,709,345,39,0,1093,0,0,8,0,8,709,345,47,0,1101,0,0,0,1101
01/29/2004,EWR,NJ,AEA,EN,Combined TRACON& Tower with Radar,774,414,26,0,1214,0,0,3,0,3,774,414,29,0,1217,0,0,0,1217
01/30/2004,EWR,NJ,AEA,EN,Combined TRACON& Tower with Radar,791,409,26,0,1226,0,0,20,0,20,791,409,46,0,1246,0,0,0,1246
01/31/2004,EWR,NJ,AEA,EN,Combined TRACON& Tower with Radar,608,284,13,0,905,0,0,11,0,11,608,284,24,0,916,45,0,45,961
02/01/2004,EWR,NJ,AEA,EN,Combined TRACON& Tower with Radar,647,325,10,1,983,0,0,6,0,6,647,325,16,1,989,0,0,0,989
02/02/2004,EWR,NJ,AEA,EN,Combined TRACON& Tower with Radar,750,373,19,1,1143,0,0,12,0,12,750,373,31,1,1155,0,0,0,1155
02/03/2004,EWR,NJ,AEA,EN,Combined TRACON& Tower with Radar,754,418,22,0,1194,0,0,8,0,8,754,418,30,0,1202,0,0,0,1202
02/04/2004,EWR,NJ,AEA,EN,Combined TRACON& Tower with Radar,754,431,28,1,1214,0,0,12,0,12,754,431,40,1,1226,0,0,0,1226
02/05/2004,EWR,NJ,AEA,EN,Combined TRACON& Tower with Radar,763,422,25,0,1210,0,0,18,0,18,763,422,43,0,1228,0,0,0,1228
02/06/2004,EWR,NJ,AEA,EN,Combined TRACON& Tower with Radar,743,376,26,0,1145,0,0,1,0,1,743,376,27,0,1146,0,0,0,1146
02/07/2004,EWR,NJ,AEA,EN,Combined TRACON& Tower with Radar,605,277,29,1,912,0,0,4,0,4,605,277,33,1,916,0,0,0,916
02/08/2004,EWR,NJ,AEA,EN,Combined TRACON& Tower with Radar,645,321,11,0,977,0,0,7,0,7,645,321,18,0,984,0,0,0,984
02/09/2004,EWR,NJ,AEA,EN,Combined TRACON& Tower with Radar,736,420,24,2,1182,0,0,10,0,10,736,420,34,2,1192,0,0,0,1192
02/10/2004,EWR,NJ,AEA,EN,Combined TRACON& Tower with Radar,740,427,25,1,1193,0,0,15,0,15,740,427,40,1,1208,0,0,0,1208
02/11/2004,EWR,NJ,AEA,EN,Combined TRACON& Tower with Radar,754,420,43,1,1218,0,0,25,2,27,754,420,68,3,1245,0,0,0,1245
02/12/2004,EWR,NJ,AEA,EN,Combined TRACON& Tower with Radar,818,439,39,0,1296,0,3,21,0,24,818,442,60,0,1320,0,0,0,1320
02/13/2004,EWR,NJ,AEA,EN,Combined TRACON& Tower with Radar,836,435,28,0,1299,0,0,16,0,16,836,435,44,0,1315,0,0,0,1315
02/14/2004,EWR,NJ,AEA,EN,Combined TRACON& Tower with Radar,654,305,6,0,965,0,1,7,0,8,654,306,13,0,973,0,0,0,973
02/15/2004,EWR,NJ,AEA,EN,Combined TRACON& Tower with Radar,688,340,14,1,1043,0,0,4,0,4,688,340,18,1,1047,0,0,0,1047
02/16/2004,EWR,NJ,AEA,EN,Combined TRACON& Tower with Radar,779,435,29,0,1243,0,0,11,0,11,779,435,40,0,1254,0,0,0,1254
02/17/2004,EWR,NJ,AEA,EN,Combined TRACON& Tower with Radar,783,443,34,1,1261,0,0,14,0,14,783,443,48,1,1275,0,0,0,1275
02/18/2004,EWR,NJ,AEA,EN,Combined TRACON& Tower with Radar,797,448,30,1,1276,0,0,8,0,8,797,448,38,1,1284,0,0,0,1284
02/19/2004,EWR,NJ,AEA,EN,Combined TRACON& Tower with Radar,838,429,27,0,1294,0,3,7,0,10,838,432,34,0,1304,0,0,0,1304
02/20/2004,EWR,NJ,AEA,EN,Combined TRACON& Tower with Radar,806,429,23,0,1258,0,0,16,0,16,806,429,39,0,1274,0,0,0,1274
02/21/2004,EWR,NJ,AEA,EN,Combined TRACON& Tower with Radar,656,296,14,0,966,0,0,5,0,5,656,296,19,0,971,0,0,0,971
02/22/2004,EWR,NJ,AEA,EN,Combined TRACON& Tower with Radar,711,344,5,1,1061,0,0,4,0,4,711,344,9,1,1065,0,0,0,1065
02/23/2004,EWR,NJ,AEA,EN,Combined TRACON& Tower with Radar,776,429,37,0,1242,0,0,6,0,6,776,429,43,0,1248,0,0,0,1248
02/24/2004,EWR,NJ,AEA,EN,Combined TRACON& Tower with Radar,772,431,44,2,1249,0,1,15,0,16,772,432,59,2,1265,0,0,0,1265
02/25/2004,EWR,NJ,AEA,EN,Combined TRACON& Tower with Radar,799,438,45,0,1282,0,0,16,0,16,799,438,61,0,1298,0,0,0,1298
02/26/2004,EWR,NJ,AEA,EN,Combined TRACON& Tower with Radar,812,438,37,0,1287,0,0,14,0,14,812,438,51,0,1301,0,0,0,1301
02/27/2004,EWR,NJ,AEA,EN,Combined TRACON& Tower with Radar,817,442,28,0,1287,0,0,13,0,13,817,442,41,0,1300,0,0,0,1300
02/28/2004,EWR,NJ,AEA,EN,Combined TRACON& Tower with Radar,645,294,11,0,950,0,0,8,0,8,645,294,19,0,958,0,0,0,958
02/29/2004,EWR,NJ,AEA,EN,Combined TRACON& Tower with Radar,699,363,12,0,1074,0,0,3,0,3,699,363,15,0,1077,0,0,0,1077
03/01/2004,EWR,NJ,AEA,EN,Combined TRACON& Tower with Radar,768,436,24,0,1228,0,0,9,0,9,768,436,33,0,1237,0,0,0,1237
03/02/2004,EWR,NJ,AEA,EN,Combined TRACON& Tower with Radar,789,454,0,0,1243,0,0,0,44,44,789,454,0,44,1287,0,0,0,1287
03/03/2004,EWR,NJ,AEA,EN,Combined TRACON& Tower with Radar,820,451,25,0,1296,0,0,12,0,12,820,451,37,0,1308,0,0,0,1308
03/04/2004,EWR,NJ,AEA,EN,Combined TRACON& Tower with Radar,811,435,42,0,1288,0,0,0,0,0,811,435,42,0,1288,0,0,0,1288
03/05/2004,EWR,NJ,AEA,EN,Combined TRACON& Tower with Radar,764,348,25,0,1137,0,0,0,0,0,764,348,25,0,1137,0,0,0,1137
03/06/2004,EWR,NJ,AEA,EN,Combined TRACON& Tower with Radar,702,336,16,1,1055,0,0,1,0,1,702,336,17,1,1056,0,0,0,1056
03/07/2004,EWR,NJ,AEA,EN,Combined TRACON& Tower with Radar,702,346,18,0,1066,0,0,7,0,7,702,346,25,0,1073,0,0,0,1073
03/08/2004,EWR,NJ,AEA,EN,Combined TRACON& Tower with Radar,763,425,35,1,1224,0,0,0,0,0,763,425,35,1,1224,0,0,0,1224
03/09/2004,EWR,NJ,AEA,EN,Combined TRACON& Tower with Radar,804,460,32,0,1296,0,0,7,0,7,804,460,39,0,1303,0,0,0,1303
03/10/2004,EWR,NJ,AEA,EN,Combined TRACON& Tower with Radar,817,450,36,1,1304,0,2,10,0,12,817,452,46,1,1316,0,0,0,1316
03/11/2004,EWR,NJ,AEA,EN,Combined TRACON& Tower with Radar,836,456,32,0,1324,0,0,16,0,16,836,456,48,0,1340,0,0,0,1340
03/12/2004,EWR,NJ,AEA,EN,Combined TRACON& Tower with Radar,823,441,27,1,1292,0,0,21,1,22,823,441,48,2,1314,0,0,0,1314
03/13/2004,EWR,NJ,AEA,EN,Combined TRACON& Tower with Radar,667,299,9,0,975,8,0,0,0,8,675,299,9,0,983,0,0,0,983
03/14/2004,EWR,NJ,AEA,EN,Combined TRACON& Tower with Radar,714,362,22,0,1098,0,0,8,0,8,714,362,30,0,1106,0,0,0,1106
03/15/2004,EWR,NJ,AEA,EN,Combined TRACON& Tower with Radar,781,434,23,1,1239,0,0,21,0,21,781,434,44,1,1260,0,0,0,1260
03/16/2004,EWR,NJ,AEA,EN,Combined TRACON& Tower with Radar,650,308,21,0,979,0,0,2,0,2,650,308,23,0,981,0,0,0,981
03/17/2004,EWR,NJ,AEA,EN,Combined TRACON& Tower with Radar,829,426,30,1,1286,0,0,6,0,6,829,426,36,1,1292,0,0,0,1292
03/18/2004,EWR,NJ,AEA,EN,Combined TRACON& Tower with Radar,845,450,44,0,1339,0,0,2,0,2,845,450,46,0,1341,0,0,0,1341
03/19/2004,EWR,NJ,AEA,EN,Combined TRACON& Tower with Radar,788,403,24,0,1215,0,0,1,0,1,788,403,25,0,1216,0,0,0,1216
03/20/2004,EWR,NJ,AEA,EN,Combined TRACON& Tower with Radar,661,315,9,0,985,0,0,0,0,0,661,315,9,0,985,0,0,0,985
03/21/2004,EWR,NJ,AEA,EN,Combined TRACON& Tower with Radar,719,366,19,0,1104,0,0,1,0,1,719,366,20,0,1105,0,0,0,1105
03/22/2004,EWR,NJ,AEA,EN,Combined TRACON& Tower with Radar,787,438,25,0,1250,0,0,2,0,2,787,438,27,0,1252,0,0,0,1252
03/23/2004,EWR,NJ,AEA,EN,Combined TRACON& Tower with Radar,800,452,12,0,1264,0,0,14,0,14,800,452,26,0,1278,0,0,0,1278
03/24/2004,EWR,NJ,AEA,EN,Combined TRACON& Tower with Radar,820,456,30,0,1306,0,0,17,0,17,820,456,47,0,1323,0,0,0,1323
03/25/2004,EWR,NJ,AEA,EN,Combined TRACON& Tower with Radar,833,458,47,0,1338,0,0,15,0,15,833,458,62,0,1353,0,0,0,1353
03/26/2004,EWR,NJ,AEA,EN,Combined TRACON& Tower with Radar,817,461,21,0,1299,0,0,11,0,11,817,461,32,0,1310,0,0,0,1310
03/27/2004,EWR,NJ,AEA,EN,Combined TRACON& Tower with Radar,643,313,13,0,969,0,0,5,0,5,643,313,18,0,974,78,0,78,1052
03/28/2004,EWR,NJ,AEA,EN,Combined TRACON& Tower with Radar,707,359,19,0,1085,0,0,2,0,2,707,359,21,0,1087,0,0,0,1087
03/29/2004,EWR,NJ,AEA,EN,Combined TRACON& Tower with Radar,786,448,30,0,1264,0,0,1,0,1,786,448,31,0,1265,0,0,0,1265
03/30/2004,EWR,NJ,AEA,EN,Combined TRACON& Tower with Radar,786,448,25,0,1259,20,6,8,0,34,806,454,33,0,1293,0,0,0,1293
03/31/2004,EWR,NJ,AEA,EN,Combined TRACON& Tower with Radar,804,400,35,0,1239,0,0,0,0,0,804,400,35,0,1239,0,0,0,1239
04/01/2004,EWR,NJ,AEA,EN,Combined TRACON& Tower with Radar,833,413,27,0,1273,0,0,0,0,0,833,413,27,0,1273,0,0,0,1273
04/02/2004,EWR,NJ,AEA,EN,Combined TRACON& Tower with Radar,827,451,29,0,1307,0,0,3,0,3,827,451,32,0,1310,0,0,0,1310
04/03/2004,EWR,NJ,AEA,EN,Combined TRACON& Tower with Radar,669,314,20,1,1004,0,0,15,0,15,669,314,35,1,1019,0,0,0,1019
04/04/2004,EWR,NJ,AEA,EN,Combined TRACON& Tower with Radar,690,364,24,0,1078,0,0,1,0,1,690,364,25,0,1079,0,0,0,1079
04/05/2004,EWR,NJ,AEA,EN,Combined TRACON& Tower with Radar,786,442,23,0,1251,0,0,4,0,4,786,442,27,0,1255,0,0,0,1255
04/06/2004,EWR,NJ,AEA,EN,Combined TRACON& Tower with Radar,781,453,31,1,1266,0,0,6,0,6,781,453,37,1,1272,0,0,0,1272
04/07/2004,EWR,NJ,AEA,EN,Combined TRACON& Tower with Radar,828,452,21,0,1301,0,0,6,0,6,828,452,27,0,1307,0,0,0,1307
04/08/2004,EWR,NJ,AEA,EN,Combined TRACON& Tower with Radar,856,428,33,0,1317,0,0,6,0,6,856,428,39,0,1323,0,0,0,1323
04/09/2004,EWR,NJ,AEA,EN,Combined TRACON& Tower with Radar,813,450,16,1,1280,0,0,5,0,5,813,450,21,1,1285,0,0,0,1285
04/10/2004,EWR,NJ,AEA,EN,Combined TRACON& Tower with Radar,647,318,2,0,967,0,0,7,0,7,647,318,9,0,974,0,0,0,974
04/11/2004,EWR,NJ,AEA,EN,Combined TRACON& Tower with Radar,703,363,20,0,1086,0,0,0,0,0,703,363,20,0,1086,0,0,0,1086
04/12/2004,EWR,NJ,AEA,EN,Combined TRACON& Tower with Radar,758,428,33,0,1219,0,0,5,0,5,758,428,38,0,1224,0,0,0,1224
04/13/2004,EWR,NJ,AEA,EN,Combined TRACON& Tower with Radar,768,372,39,0,1179,0,0,0,0,0,768,372,39,0,1179,0,0,0,1179
04/14/2004,EWR,NJ,AEA,EN,Combined TRACON& Tower with Radar,827,503,61,0,1391,0,0,0,0,0,827,503,61,0,1391,0,0,0,1391
04/15/2004,EWR,NJ,AEA,EN,Combined TRACON& Tower with Radar,858,473,27,0,1358,0,1,11,0,12,858,474,38,0,1370,0,0,0,1370
04/16/2004,EWR,NJ,AEA,EN,Combined TRACON& Tower with Radar,809,461,23,0,1293,0,0,14,0,14,809,461,37,0,1307,0,0,0,1307
04/17/2004,EWR,NJ,AEA,EN,Combined TRACON& Tower with Radar,681,340,6,0,1027,0,0,5,0,5,681,340,11,0,1032,0,0,0,1032
04/18/2004,EWR,NJ,AEA,EN,Combined TRACON& Tower with Radar,700,379,13,0,1092,0,0,13,0,13,700,379,26,0,1105,0,0,0,1105
04/19/2004,EWR,NJ,AEA,EN,Combined TRACON& Tower with Radar,778,449,31,0,1258,0,0,13,0,13,778,449,44,0,1271,0,0,0,1271
04/20/2004,EWR,NJ,AEA,EN,Combined TRACON& Tower with Radar,796,461,43,0,1300,0,0,0,0,0,796,461,43,0,1300,0,0,0,1300
04/21/2004,EWR,NJ,AEA,EN,Combined TRACON& Tower with Radar,821,442,34,0,1297,0,0,8,0,8,821,442,42,0,1305,0,0,0,1305
04/22/2004,EWR,NJ,AEA,EN,Combined TRACON& Tower with Radar,836,447,39,0,1322,0,0,8,1,9,836,447,47,1,1331,0,0,0,1331
04/23/2004,EWR,NJ,AEA,EN,Combined TRACON& Tower with Radar,825,439,34,0,1298,0,0,5,0,5,825,439,39,0,1303,0,0,0,1303
04/24/2004,EWR,NJ,AEA,EN,Combined TRACON& Tower with Radar,649,317,8,0,974,0,0,3,0,3,649,317,11,0,977,0,0,0,977
04/25/2004,EWR,NJ,AEA,EN,Combined TRACON& Tower with Radar,702,371,20,0,1093,0,0,14,0,14,702,371,34,0,1107,0,0,0,1107
04/26/2004,EWR,NJ,AEA,EN,Combined TRACON& Tower with Radar,788,415,51,0,1254,0,0,0,0,0,788,415,51,0,1254,0,0,0,1254
04/27/2004,EWR,NJ,AEA,EN,Combined TRACON& Tower with Radar,800,450,26,0,1276,0,1,12,0,13,800,451,38,0,1289,0,0,0,1289
04/28/2004,EWR,NJ,AEA,EN,Combined TRACON& Tower with Radar,825,447,27,0,1299,0,0,18,0,18,825,447,45,0,1317,0,0,0,1317
04/29/2004,EWR,NJ,AEA,EN,Combined TRACON& Tower with Radar,838,455,31,0,1324,0,0,18,0,18,838,455,49,0,1342,0,0,0,1342
04/30/2004,EWR,NJ,AEA,EN,Combined TRACON& Tower with Radar,809,459,23,0,1291,0,10,4,0,14,809,469,27,0,1305,0,0,0,1305
05/01/2004,EWR,NJ,AEA,EN,Combined TRACON& Tower with Radar,644,316,16,0,976,0,0,8,0,8,644,316,24,0,984,0,0,0,984
05/02/2004,EWR,NJ,AEA,EN,Combined TRACON& Tower with Radar,679,386,37,0,1102,0,1,0,0,1,679,387,37,0,1103,0,0,0,1103
05/03/2004,EWR,NJ,AEA,EN,Combined TRACON& Tower with Radar,762,447,31,0,1240,0,0,1,0,1,762,447,32,0,1241,0,0,0,1241
05/04/2004,EWR,NJ,AEA,EN,Combined TRACON& Tower with Radar,798,471,41,0,1310,0,0,16,0,16,798,471,57,0,1326,0,0,0,1326
05/05/2004,EWR,NJ,AEA,EN,Combined TRACON& Tower with Radar,797,465,48,0,1310,0,0,16,0,16,797,465,64,0,1326,0,0,0,1326
05/06/2004,EWR,NJ,AEA,EN,Combined TRACON& Tower with Radar,839,458,51,4,1352,0,2,16,0,18,839,460,67,4,1370,0,0,0,1370
05/07/2004,EWR,NJ,AEA,EN,Combined TRACON& Tower with Radar,804,446,44,0,1294,0,0,23,0,23,804,446,67,0,1317,0,0,0,1317
05/08/2004,EWR,NJ,AEA,EN,Combined TRACON& Tower with Radar,626,338,8,0,972,0,0,8,0,8,626,338,16,0,980,0,0,0,980
05/09/2004,EWR,NJ,AEA,EN,Combined TRACON& Tower with Radar,667,394,22,0,1083,0,0,4,0,4,667,394,26,0,1087,0,0,0,1087
05/10/2004,EWR,NJ,AEA,EN,Combined TRACON& Tower with Radar,750,442,30,0,1222,0,0,7,0,7,750,442,37,0,1229,0,0,0,1229
05/11/2004,EWR,NJ,AEA,EN,Combined TRACON& Tower with Radar,773,460,31,0,1264,0,0,12,0,12,773,460,43,0,1276,0,0,0,1276
05/12/2004,EWR,NJ,AEA,EN,Combined TRACON& Tower with Radar,733,397,29,0,1159,0,0,15,0,15,733,397,44,0,1174,0,0,0,1174
05/13/2004,EWR,NJ,AEA,EN,Combined TRACON& Tower with Radar,827,471,55,0,1353,0,3,9,0,12,827,474,64,0,1365,0,0,0,1365
05/14/2004,EWR,NJ,AEA,EN,Combined TRACON& Tower with Radar,772,381,29,0,1182,0,0,14,0,14,772,381,43,0,1196,0,0,0,1196
05/15/2004,EWR,NJ,AEA,EN,Combined TRACON& Tower with Radar,648,318,16,0,982,0,0,9,0,9,648,318,25,0,991,0,0,0,991
05/16/2004,EWR,NJ,AEA,EN,Combined TRACON& Tower with Radar,702,365,31,0,1098,0,0,14,0,14,702,365,45,0,1112,0,0,0,1112
05/17/2004,EWR,NJ,AEA,EN,Combined TRACON& Tower with Radar,749,416,31,0,1196,0,0,0,0,0,749,416,31,0,1196,0,0,0,1196
05/18/2004,EWR,NJ,AEA,EN,Combined TRACON& Tower with Radar,766,431,40,0,1237,0,0,9,0,9,766,431,49,0,1246,0,0,0,1246
05/19/2004,EWR,NJ,AEA,EN,Combined TRACON& Tower with Radar,796,454,46,0,1296,0,0,19,0,19,796,454,65,0,1315,0,0,0,1315
05/20/2004,EWR,NJ,AEA,EN,Combined TRACON& Tower with Radar,819,462,34,0,1315,0,0,12,0,12,819,462,46,0,1327,0,0,0,1327
05/21/2004,EWR,NJ,AEA,EN,Combined TRACON& Tower with Radar,782,434,44,0,1260,0,0,0,0,0,782,434,44,0,1260,0,0,0,1260
05/22/2004,EWR,NJ,AEA,EN,Combined TRACON& Tower with Radar,624,324,14,0,962,0,0,0,0,0,624,324,14,0,962,0,0,0,962
05/23/2004,EWR,NJ,AEA,EN,Combined TRACON& Tower with Radar,664,365,17,0,1046,0,1,7,0,8,664,366,24,0,1054,0,0,0,1054
05/24/2004,EWR,NJ,AEA,EN,Combined TRACON& Tower with Radar,729,394,0,1,1124,0,0,0,40,40,729,394,0,41,1164,0,0,0,1164
05/25/2004,EWR,NJ,AEA,EN,Combined TRACON& Tower with Radar,804,462,43,0,1309,0,0,16,0,16,804,462,59,0,1325,0,0,0,1325
05/26/2004,EWR,NJ,AEA,EN,Combined TRACON& Tower with Radar,764,430,45,0,1239,0,0,5,0,5,764,430,50,0,1244,0,0,0,1244
05/27/2004,EWR,NJ,AEA,EN,Combined TRACON& Tower with Radar,816,471,47,0,1334,0,0,18,0,18,816,471,65,0,1352,0,0,0,1352
05/28/2004,EWR,NJ,AEA,EN,Combined TRACON& Tower with Radar,826,414,34,0,1274,0,0,4,0,4,826,414,38,0,1278,0,0,0,1278
05/29/2004,EWR,NJ,AEA,EN,Combined TRACON& Tower with Radar,599,305,7,0,911,0,0,6,0,6,599,305,13,0,917,0,0,0,917
05/30/2004,EWR,NJ,AEA,EN,Combined TRACON& Tower with Radar,546,261,11,0,818,0,0,9,0,9,546,261,20,0,827,0,0,0,827
05/31/2004,EWR,NJ,AEA,EN,Combined TRACON& Tower with Radar,693,372,11,0,1076,0,7,0,0,7,693,379,11,0,1083,0,0,0,1083
06/01/2004,EWR,NJ,AEA,EN,Combined TRACON& Tower with Radar,714,438,34,1,1187,0,0,5,0,5,714,438,39,1,1192,0,0,0,1192
06/02/2004,EWR,NJ,AEA,EN,Combined TRACON& Tower with Radar,786,452,27,0,1265,0,0,26,0,26,786,452,53,0,1291,0,0,0,1291
06/03/2004,EWR,NJ,AEA,EN,Combined TRACON& Tower with Radar,816,483,38,0,1337,0,0,15,0,15,816,483,53,0,1352,0,0,0,1352
06/04/2004,EWR,NJ,AEA,EN,Combined TRACON& Tower with Radar,791,475,34,0,1300,0,1,15,0,16,791,476,49,0,1316,0,0,0,1316
06/05/2004,EWR,NJ,AEA,EN,Combined TRACON& Tower with Radar,627,327,6,0,960,0,1,2,0,3,627,328,8,0,963,0,0,0,963
06/06/2004,EWR,NJ,AEA,EN,Combined TRACON& Tower with Radar,680,392,28,0,1100,0,0,7,0,7,680,392,35,0,1107,0,0,0,1107
06/07/2004,EWR,NJ,AEA,EN,Combined TRACON& Tower with Radar,751,451,30,0,1232,0,0,8,0,8,751,451,38,0,1240,0,0,0,1240
06/08/2004,EWR,NJ,AEA,EN,Combined TRACON& Tower with Radar,773,467,57,0,1297,0,0,17,0,17,773,467,74,0,1314,0,0,0,1314
06/09/2004,EWR,NJ,AEA,EN,Combined TRACON& Tower with Radar,778,453,47,1,1279,0,0,23,0,23,778,453,70,1,1302,0,0,0,1302
06/10/2004,EWR,NJ,AEA,EN,Combined TRACON& Tower with Radar,827,450,39,0,1316,0,0,26,0,26,827,450,65,0,1342,0,0,0,1342
06/11/2004,EWR,NJ,AEA,EN,Combined TRACON& Tower with Radar,819,450,44,0,1313,0,0,12,0,12,819,450,56,0,1325,0,0,0,1325
06/12/2004,EWR,NJ,AEA,EN,Combined TRACON& Tower with Radar,644,320,12,0,976,0,0,0,0,0,644,320,12,0,976,0,0,0,976
06/13/2004,EWR,NJ,AEA,EN,Combined TRACON& Tower with Radar,659,397,20,0,1076,0,9,15,0,24,659,406,35,0,1100,0,0,0,1100
06/14/2004,EWR,NJ,AEA,EN,Combined TRACON& Tower with Radar,761,449,52,0,1262,0,0,8,0,8,761,449,60,0,1270,0,0,0,1270
06/15/2004,EWR,NJ,AEA,EN,Combined TRACON& Tower with Radar,807,467,39,0,1313,0,0,18,0,18,807,467,57,0,1331,0,0,0,1331
06/16/2004,EWR,NJ,AEA,EN,Combined TRACON& Tower with Radar,821,486,33,0,1340,0,0,25,0,25,821,486,58,0,1365,0,0,0,1365
06/17/2004,EWR,NJ,AEA,EN,Combined TRACON& Tower with Radar,706,348,34,0,1088,0,0,16,0,16,706,348,50,0,1104,0,0,0,1104
06/18/2004,EWR,NJ,AEA,EN,Combined TRACON& Tower with Radar,878,474,31,0,1383,0,0,26,0,26,878,474,57,0,1409,0,0,0,1409
06/19/2004,EWR,NJ,AEA,EN,Combined TRACON& Tower with Radar,659,338,10,0,1007,0,0,7,0,7,659,338,17,0,1014,0,0,0,1014
06/20/2004,EWR,NJ,AEA,EN,Combined TRACON& Tower with Radar,689,419,25,0,1133,0,0,20,0,20,689,419,45,0,1153,0,0,0,1153
06/21/2004,EWR,NJ,AEA,EN,Combined TRACON& Tower with Radar,773,485,45,0,1303,0,1,28,0,29,773,486,73,0,1332,0,0,0,1332
06/22/2004,EWR,NJ,AEA,EN,Combined TRACON& Tower with Radar,802,468,31,0,1301,0,0,17,0,17,802,468,48,0,1318,0,0,0,1318
06/23/2004,EWR,NJ,AEA,EN,Combined TRACON& Tower with Radar,813,498,29,0,1340,0,0,10,0,10,813,498,39,0,1350,0,0,0,1350
06/24/2004,EWR,NJ,AEA,EN,Combined TRACON& Tower with Radar,824,498,47,0,1369,0,0,15,0,15,824,498,62,0,1384,0,0,0,1384
06/25/2004,EWR,NJ,AEA,EN,Combined TRACON& Tower with Radar,768,399,26,0,1193,0,0,8,0,8,768,399,34,0,1201,0,0,0,1201
06/26/2004,EWR,NJ,AEA,EN,Combined TRACON& Tower with Radar,722,345,26,0,1093,0,0,3,0,3,722,345,29,0,1096,0,0,0,1096
06/27/2004,EWR,NJ,AEA,EN,Combined TRACON& Tower with Radar,701,414,19,1,1135,0,0,16,0,16,701,414,35,1,1151,0,0,0,1151
06/28/2004,EWR,NJ,AEA,EN,Combined TRACON& Tower with Radar,772,479,39,0,1290,0,0,8,0,8,772,479,47,0,1298,0,0,0,1298
06/29/2004,EWR,NJ,AEA,EN,Combined TRACON& Tower with Radar,804,492,34,0,1330,0,0,3,0,3,804,492,37,0,1333,0,0,0,1333
06/30/2004,EWR,NJ,AEA,EN,Combined TRACON& Tower with Radar,812,506,32,0,1350,0,0,13,0,13,812,506,45,0,1363,0,0,0,1363
07/01/2004,EWR,NJ,AEA,EN,Combined TRACON& Tower with Radar,829,495,39,0,1363,0,0,29,0,29,829,495,68,0,1392,0,0,0,1392
07/02/2004,EWR,NJ,AEA,EN,Combined TRACON& Tower with Radar,835,482,30,0,1347,0,0,13,0,13,835,482,43,0,1360,0,0,0,1360
07/03/2004,EWR,NJ,AEA,EN,Combined TRACON& Tower with Radar,635,370,13,1,1019,0,0,12,0,12,635,370,25,1,1031,0,0,0,1031
07/04/2004,EWR,NJ,AEA,EN,Combined TRACON& Tower with Radar,579,324,7,0,910,0,0,8,0,8,579,324,15,0,918,0,0,0,918
07/05/2004,EWR,NJ,AEA,EN,Combined TRACON& Tower with Radar,713,409,24,0,1146,0,0,1,0,1,713,409,25,0,1147,0,0,0,1147
07/06/2004,EWR,NJ,AEA,EN,Combined TRACON& Tower with Radar,733,498,32,0,1263,0,0,16,0,16,733,498,48,0,1279,0,0,0,1279
07/07/2004,EWR,NJ,AEA,EN,Combined TRACON& Tower with Radar,743,392,28,0,1163,0,0,11,0,11,743,392,39,0,1174,0,0,0,1174
07/08/2004,EWR,NJ,AEA,EN,Combined TRACON& Tower with Radar,859,486,37,0,1382,0,0,23,0,23,859,486,60,0,1405,0,0,0,1405
07/09/2004,EWR,NJ,AEA,EN,Combined TRACON& Tower with Radar,801,507,27,1,1336,0,0,12,0,12,801,507,39,1,1348,0,0,0,1348
07/10/2004,EWR,NJ,AEA,EN,Combined TRACON& Tower with Radar,661,377,10,1,1049,0,0,0,0,0,661,377,10,1,1049,0,0,0,1049
07/11/2004,EWR,NJ,AEA,EN,Combined TRACON& Tower with Radar,709,402,26,0,1137,0,0,2,0,2,709,402,28,0,1139,0,0,0,1139
07/12/2004,EWR,NJ,AEA,EN,Combined TRACON& Tower with Radar,740,375,37,0,1152,0,0,0,0,0,740,375,37,0,1152,0,0,0,1152
07/13/2004,EWR,NJ,AEA,EN,Combined TRACON& Tower with Radar,891,472,39,0,1402,0,0,0,0,0,891,472,39,0,1402,0,0,0,1402
07/14/2004,EWR,NJ,AEA,EN,Combined TRACON& Tower with Radar,625,265,37,0,927,0,0,5,0,5,625,265,42,0,932,0,0,0,932
07/15/2004,EWR,NJ,AEA,EN,Combined TRACON& Tower with Radar,887,473,34,0,1394,0,0,9,0,9,887,473,43,0,1403,0,0,0,1403
07/16/2004,EWR,NJ,AEA,EN,Combined TRACON& Tower with Radar,804,493,37,0,1334,0,0,24,0,24,804,493,61,0,1358,0,0,0,1358
07/17/2004,EWR,NJ,AEA,EN,Combined TRACON& Tower with Radar,658,362,12,0,1032,0,0,8,0,8,658,362,20,0,1040,0,0,0,1040
07/18/2004,EWR,NJ,AEA,EN,Combined TRACON& Tower with Radar,711,398,26,0,1135,0,0,0,0,0,711,398,26,0,1135,0,0,0,1135
07/19/2004,EWR,NJ,AEA,EN,Combined TRACON& Tower with Radar,783,472,39,0,1294,0,0,3,0,3,783,472,42,0,1297,0,0,0,1297
07/20/2004,EWR,NJ,AEA,EN,Combined TRACON& Tower with Radar,779,525,32,0,1336,0,3,14,0,17,779,528,46,0,1353,0,0,0,1353
07/21/2004,EWR,NJ,AEA,EN,Combined TRACON& Tower with Radar,806,517,34,0,1357,0,0,20,0,20,806,517,54,0,1377,0,0,0,1377
07/22/2004,EWR,NJ,AEA,EN,Combined TRACON& Tower with Radar,832,472,34,0,1338,0,0,25,0,25,832,472,59,0,1363,0,0,0,1363
07/23/2004,EWR,NJ,AEA,EN,Combined TRACON& Tower with Radar,751,343,31,0,1125,0,10,0,0,10,751,353,31,0,1135,0,0,0,1135
07/24/2004,EWR,NJ,AEA,EN,Combined TRACON& Tower with Radar,713,375,20,0,1108,0,0,1,0,1,713,375,21,0,1109,0,0,0,1109
07/25/2004,EWR,NJ,AEA,EN,Combined TRACON& Tower with Radar,695,445,27,0,1167,0,0,3,0,3,695,445,30,0,1170,0,0,0,1170
07/26/2004,EWR,NJ,AEA,EN,Combined TRACON& Tower with Radar,780,491,27,1,1299,0,0,22,0,22,780,491,49,1,1321,0,0,0,1321
07/27/2004,EWR,NJ,AEA,EN,Combined TRACON& Tower with Radar,730,390,32,0,1152,0,0,2,0,2,730,390,34,0,1154,0,0,0,1154
07/28/2004,EWR,NJ,AEA,EN,Combined TRACON& Tower with Radar,822,499,31,0,1352,0,0,0,0,0,822,499,31,0,1352,0,0,0,1352
07/29/2004,EWR,NJ,AEA,EN,Combined TRACON& Tower with Radar,852,522,38,0,1412,0,0,15,0,15,852,522,53,0,1427,0,0,0,1427
07/30/2004,EWR,NJ,AEA,EN,Combined TRACON& Tower with Radar,819,475,36,0,1330,0,0,10,1,11,819,475,46,1,1341,0,0,0,1341
07/31/2004,EWR,NJ,AEA,EN,Combined TRACON& Tower with Radar,664,357,21,0,1042,0,0,1,0,1,664,357,22,0,1043,0,0,0,1043
08/01/2004,EWR,NJ,AEA,EN,Combined TRACON& Tower with Radar,696,397,29,0,1122,0,0,3,0,3,696,397,32,0,1125,0,0,0,1125
08/02/2004,EWR,NJ,AEA,EN,Combined TRACON& Tower with Radar,772,460,31,0,1263,0,2,14,0,16,772,462,45,0,1279,0,0,0,1279
08/03/2004,EWR,NJ,AEA,EN,Combined TRACON& Tower with Radar,790,518,27,0,1335,0,0,8,0,8,790,518,35,0,1343,0,0,0,1343
08/04/2004,EWR,NJ,AEA,EN,Combined TRACON& Tower with Radar,813,488,28,0,1329,0,0,21,0,21,813,488,49,0,1350,0,0,0,1350
08/05/2004,EWR,NJ,AEA,EN,Combined TRACON& Tower with Radar,833,520,27,1,1381,0,0,17,0,17,833,520,44,1,1398,0,0,0,1398
08/06/2004,EWR,NJ,AEA,EN,Combined TRACON& Tower with Radar,834,497,47,0,1378,0,0,0,0,0,834,497,47,0,1378,0,0,0,1378
08/07/2004,EWR,NJ,AEA,EN,Combined TRACON& Tower with Radar,653,371,24,0,1048,0,0,2,0,2,653,371,26,0,1050,3,0,3,1053
08/08/2004,EWR,NJ,AEA,EN,Combined TRACON& Tower with Radar,725,432,22,0,1179,0,0,17,0,17,725,432,39,0,1196,0,0,0,1196
08/09/2004,EWR,NJ,AEA,EN,Combined TRACON& Tower with Radar,789,505,34,0,1328,0,0,18,0,18,789,505,52,0,1346,0,0,0,1346
08/10/2004,EWR,NJ,AEA,EN,Combined TRACON& Tower with Radar,788,509,37,0,1334,0,0,16,0,16,788,509,53,0,1350,0,0,0,1350
08/11/2004,EWR,NJ,AEA,EN,Combined TRACON& Tower with Radar,748,365,25,0,1138,0,0,6,0,6,748,365,31,0,1144,0,0,0,1144
08/12/2004,EWR,NJ,AEA,EN,Combined TRACON& Tower with Radar,848,420,22,0,1290,0,0,22,0,22,848,420,44,0,1312,0,0,0,1312
08/13/2004,EWR,NJ,AEA,EN,Combined TRACON& Tower with Radar,817,483,24,0,1324,0,0,12,0,12,817,483,36,0,1336,0,0,0,1336
08/14/2004,EWR,NJ,AEA,EN,Combined TRACON& Tower with Radar,641,346,10,0,997,0,0,4,0,4,641,346,14,0,1001,0,0,0,1001
08/15/2004,EWR,NJ,AEA,EN,Combined TRACON& Tower with Radar,720,419,14,0,1153,0,0,3,0,3,720,419,17,0,1156,0,0,0,1156
08/16/2004,EWR,NJ,AEA,EN,Combined TRACON& Tower with Radar,776,503,29,0,1308,0,0,12,0,12,776,503,41,0,1320,0,0,0,1320
08/17/2004,EWR,NJ,AEA,EN,Combined TRACON& Tower with Radar,811,506,18,0,1335,0,1,13,0,14,811,507,31,0,1349,0,0,0,1349
08/18/2004,EWR,NJ,AEA,EN,Combined TRACON& Tower with Radar,816,504,27,0,1347,0,0,9,0,9,816,504,36,0,1356,0,0,0,1356
08/19/2004,EWR,NJ,AEA,EN,Combined TRACON& Tower with Radar,839,478,28,0,1345,0,0,21,0,21,839,478,49,0,1366,0,0,0,1366
08/20/2004,EWR,NJ,AEA,EN,Combined TRACON& Tower with Radar,803,456,16,0,1275,0,0,19,0,19,803,456,35,0,1294,0,0,0,1294
08/21/2004,EWR,NJ,AEA,EN,Combined TRACON& Tower with Radar,684,339,14,0,1037,0,0,2,0,2,684,339,16,0,1039,0,0,0,1039
08/22/2004,EWR,NJ,AEA,EN,Combined TRACON& Tower with Radar,713,431,21,0,1165,0,4,15,0,19,713,435,36,0,1184,0,0,0,1184
08/23/2004,EWR,NJ,AEA,EN,Combined TRACON& Tower with Radar,796,497,30,0,1323,0,0,17,0,17,796,497,47,0,1340,0,0,0,1340
08/24/2004,EWR,NJ,AEA,EN,Combined TRACON& Tower with Radar,789,509,28,0,1326,0,0,7,0,7,789,509,35,0,1333,0,0,0,1333
08/25/2004,EWR,NJ,AEA,EN,Combined TRACON& Tower with Radar,816,499,30,0,1345,0,0,15,0,15,816,499,45,0,1360,0,0,0,1360
08/26/2004,EWR,NJ,AEA,EN,Combined TRACON& Tower with Radar,842,506,33,2,1383,0,0,25,0,25,842,506,58,2,1408,0,0,0,1408
08/27/2004,EWR,NJ,AEA,EN,Combined TRACON& Tower with Radar,825,492,28,0,1345,0,0,12,0,12,825,492,40,0,1357,0,0,0,1357
08/28/2004,EWR,NJ,AEA,EN,Combined TRACON& Tower with Radar,664,350,22,1,1037,0,0,16,0,16,664,350,38,1,1053,0,0,0,1053
08/29/2004,EWR,NJ,AEA,EN,Combined TRACON& Tower with Radar,715,436,29,1,1181,0,0,8,0,8,715,436,37,1,1189,0,0,0,1189
08/30/2004,EWR,NJ,AEA,EN,Combined TRACON& Tower with Radar,731,404,42,0,1177,0,1,8,0,9,731,405,50,0,1186,0,0,0,1186
08/31/2004,EWR,NJ,AEA,EN,Combined TRACON& Tower with Radar,823,511,36,0,1370,0,0,18,0,18,823,511,54,0,1388,0,0,0,1388
09/01/2004,EWR,NJ,AEA,EN,Combined TRACON& Tower with Radar,829,485,46,4,1364,0,0,8,0,8,829,485,54,4,1372,0,0,0,1372
09/02/2004,EWR,NJ,AEA,EN,Combined TRACON& Tower with Radar,835,481,54,0,1370,0,0,8,0,8,835,481,62,0,1378,0,0,0,1378
09/03/2004,EWR,NJ,AEA,EN,Combined TRACON& Tower with Radar,795,486,34,0,1315,0,1,9,0,10,795,487,43,0,1325,0,0,0,1325
09/04/2004,EWR,NJ,AEA,EN,Combined TRACON& Tower with Radar,576,333,8,0,917,0,0,10,0,10,576,333,18,0,927,0,0,0,927
09/05/2004,EWR,NJ,AEA,EN,Combined TRACON& Tower with Radar,544,280,12,0,836,0,0,0,0,0,544,280,12,0,836,0,0,0,836
09/06/2004,EWR,NJ,AEA,EN,Combined TRACON& Tower with Radar,707,412,15,0,1134,0,1,7,0,8,707,413,22,0,1142,0,0,0,1142
09/07/2004,EWR,NJ,AEA,EN,Combined TRACON& Tower with Radar,733,508,42,0,1283,0,0,7,0,7,733,508,49,0,1290,0,0,0,1290
09/08/2004,EWR,NJ,AEA,EN,Combined TRACON& Tower with Radar,759,455,58,0,1272,0,0,7,0,7,759,455,65,0,1279,0,0,0,1279
09/09/2004,EWR,NJ,AEA,EN,Combined TRACON& Tower with Radar,724,377,29,0,1130,0,0,5,0,5,724,377,34,0,1135,0,0,0,1135
09/10/2004,EWR,NJ,AEA,EN,Combined TRACON& Tower with Radar,766,449,22,0,1237,0,0,14,0,14,766,449,36,0,1251,0,0,0,1251
09/11/2004,EWR,NJ,AEA,EN,Combined TRACON& Tower with Radar,612,296,18,0,926,0,0,7,0,7,612,296,25,0,933,0,0,0,933
09/12/2004,EWR,NJ,AEA,EN,Combined TRACON& Tower with Radar,651,361,31,0,1043,0,0,15,0,15,651,361,46,0,1058,0,0,0,1058
09/13/2004,EWR,NJ,AEA,EN,Combined TRACON& Tower with Radar,724,449,33,2,1208,0,0,10,0,10,724,449,43,2,1218,0,0,0,1218
09/14/2004,EWR,NJ,AEA,EN,Combined TRACON& Tower with Radar,747,482,27,0,1256,0,0,10,0,10,747,482,37,0,1266,0,0,0,1266
09/15/2004,EWR,NJ,AEA,EN,Combined TRACON& Tower with Radar,747,471,28,0,1246,0,0,8,0,8,747,471,36,0,1254,0,0,0,1254
09/16/2004,EWR,NJ,AEA,EN,Combined TRACON& Tower with Radar,760,458,23,0,1241,0,0,9,0,9,760,458,32,0,1250,0,0,0,1250
09/17/2004,EWR,NJ,AEA,EN,Combined TRACON& Tower with Radar,722,377,27,0,1126,0,0,6,0,6,722,377,33,0,1132,0,0,0,1132
09/18/2004,EWR,NJ,AEA,EN,Combined TRACON& Tower with Radar,601,253,16,0,870,0,0,2,0,2,601,253,18,0,872,0,0,0,872
09/19/2004,EWR,NJ,AEA,EN,Combined TRACON& Tower with Radar,641,364,13,0,1018,0,0,8,0,8,641,364,21,0,1026,0,0,0,1026
09/20/2004,EWR,NJ,AEA,EN,Combined TRACON& Tower with Radar,737,458,30,2,1227,0,0,5,0,5,737,458,35,2,1232,0,0,0,1232
09/21/2004,EWR,NJ,AEA,EN,Combined TRACON& Tower with Radar,742,474,24,0,1240,0,1,6,0,7,742,475,30,0,1247,0,0,0,1247
09/22/2004,EWR,NJ,AEA,EN,Combined TRACON& Tower with Radar,749,484,44,0,1277,0,0,9,1,10,749,484,53,1,1287,0,0,0,1287
09/23/2004,EWR,NJ,AEA,EN,Combined TRACON& Tower with Radar,780,464,27,0,1271,0,0,8,0,8,780,464,35,0,1279,0,0,0,1279
09/24/2004,EWR,NJ,AEA,EN,Combined TRACON& Tower with Radar,771,460,23,0,1254,0,0,10,0,10,771,460,33,0,1264,0,0,0,1264
09/25/2004,EWR,NJ,AEA,EN,Combined TRACON& Tower with Radar,558,295,11,2,866,0,0,5,0,5,558,295,16,2,871,0,0,0,871
09/26/2004,EWR,NJ,AEA,EN,Combined TRACON& Tower with Radar,608,365,18,1,992,0,0,15,0,15,608,365,33,1,1007,0,0,0,1007
09/27/2004,EWR,NJ,AEA,EN,Combined TRACON& Tower with Radar,716,447,38,0,1201,0,6,10,0,16,716,453,48,0,1217,0,0,0,1217
09/28/2004,EWR,NJ,AEA,EN,Combined TRACON& Tower with Radar,644,357,29,0,1030,0,0,0,0,0,644,357,29,0,1030,0,0,0,1030
09/29/2004,EWR,NJ,AEA,EN,Combined TRACON& Tower with Radar,792,475,22,2,1291,0,0,14,0,14,792,475,36,2,1305,0,0,0,1305
09/30/2004,EWR,NJ,AEA,EN,Combined TRACON& Tower with Radar,787,492,31,0,1310,0,0,7,0,7,787,492,38,0,1317,0,0,0,1317
10/01/2004,EWR,NJ,AEA,EN,Combined TRACON& Tower with Radar,806,490,36,0,1332,0,0,0,0,0,806,490,36,0,1332,0,0,0,1332
10/02/2004,EWR,NJ,AEA,EN,Combined TRACON& Tower with Radar,617,327,47,0,991,0,0,0,0,0,617,327,47,0,991,0,0,0,991
10/03/2004,EWR,NJ,AEA,EN,Combined TRACON& Tower with Radar,668,422,28,0,1118,0,0,0,0,0,668,422,28,0,1118,0,0,0,1118
10/04/2004,EWR,NJ,AEA,EN,Combined TRACON& Tower with Radar,719,500,37,0,1256,0,0,0,0,0,719,500,37,0,1256,0,0,0,1256
10/05/2004,EWR,NJ,AEA,EN,Combined TRACON& Tower with Radar,736,509,52,0,1297,0,0,0,0,0,736,509,52,0,1297,0,0,0,1297
10/06/2004,EWR,NJ,AEA,EN,Combined TRACON& Tower with Radar,760,514,45,0,1319,0,0,0,0,0,760,514,45,0,1319,0,0,0,1319
10/07/2004,EWR,NJ,AEA,EN,Combined TRACON& Tower with Radar,801,498,54,0,1353,0,0,0,0,0,801,498,54,0,1353,0,0,0,1353
10/08/2004,EWR,NJ,AEA,EN,Combined TRACON& Tower with Radar,790,506,41,0,1337,0,0,0,0,0,790,506,41,0,1337,0,0,0,1337
10/09/2004,EWR,NJ,AEA,EN,Combined TRACON& Tower with Radar,614,350,37,0,1001,0,0,0,0,0,614,350,37,0,1001,0,0,0,1001
10/10/2004,EWR,NJ,AEA,EN,Combined TRACON& Tower with Radar,675,409,18,0,1102,0,0,0,0,0,675,409,18,0,1102,0,0,0,1102
10/11/2004,EWR,NJ,AEA,EN,Combined TRACON& Tower with Radar,735,476,47,0,1258,0,0,0,0,0,735,476,47,0,1258,0,0,0,1258
10/12/2004,EWR,NJ,AEA,EN,Combined TRACON& Tower with Radar,760,498,62,0,1320,0,0,0,0,0,760,498,62,0,1320,0,0,0,1320
10/13/2004,EWR,NJ,AEA,EN,Combined TRACON& Tower with Radar,741,509,53,0,1303,0,0,0,0,0,741,509,53,0,1303,0,0,0,1303
10/14/2004,EWR,NJ,AEA,EN,Combined TRACON& Tower with Radar,793,499,41,0,1333,0,0,0,0,0,793,499,41,0,1333,0,0,0,1333
10/15/2004,EWR,NJ,AEA,EN,Combined TRACON& Tower with Radar,794,437,49,0,1280,0,0,0,0,0,794,437,49,0,1280,0,0,0,1280
10/16/2004,EWR,NJ,AEA,EN,Combined TRACON& Tower with Radar,627,336,28,0,991,0,0,0,0,0,627,336,28,0,991,0,0,0,991
10/17/2004,EWR,NJ,AEA,EN,Combined TRACON& Tower with Radar,688,435,41,0,1164,0,0,0,0,0,688,435,41,0,1164,0,0,0,1164
10/18/2004,EWR,NJ,AEA,EN,Combined TRACON& Tower with Radar,735,484,41,0,1260,0,0,0,0,0,735,484,41,0,1260,0,0,0,1260
10/19/2004,EWR,NJ,AEA,EN,Combined TRACON& Tower with Radar,732,437,35,0,1204,0,0,0,0,0,732,437,35,0,1204,0,0,0,1204
10/20/2004,EWR,NJ,AEA,EN,Combined TRACON& Tower with Radar,805,524,50,0,1379,0,0,0,0,0,805,524,50,0,1379,0,0,0,1379
10/21/2004,EWR,NJ,AEA,EN,Combined TRACON& Tower with Radar,797,517,48,1,1363,0,0,0,0,0,797,517,48,1,1363,0,0,0,1363
10/22/2004,EWR,NJ,AEA,EN,Combined TRACON& Tower with Radar,777,499,62,0,1338,0,0,0,0,0,777,499,62,0,1338,0,0,0,1338
10/23/2004,EWR,NJ,AEA,EN,Combined TRACON& Tower with Radar,607,326,25,0,958,0,0,0,0,0,607,326,25,0,958,0,0,0,958
10/24/2004,EWR,NJ,AEA,EN,Combined TRACON& Tower with Radar,685,409,34,0,1128,0,0,0,0,0,685,409,34,0,1128,0,0,0,1128
10/25/2004,EWR,NJ,AEA,EN,Combined TRACON& Tower with Radar,739,496,60,0,1295,0,0,0,0,0,739,496,60,0,1295,0,0,0,1295
10/26/2004,EWR,NJ,AEA,EN,Combined TRACON& Tower with Radar,743,497,47,0,1287,0,0,0,0,0,743,497,47,0,1287,0,0,0,1287
10/27/2004,EWR,NJ,AEA,EN,Combined TRACON& Tower with Radar,775,514,51,0,1340,0,0,0,0,0,775,514,51,0,1340,0,0,0,1340
10/28/2004,EWR,NJ,AEA,EN,Combined TRACON& Tower with Radar,813,518,44,0,1375,0,0,0,0,0,813,518,44,0,1375,0,0,0,1375
10/29/2004,EWR,NJ,AEA,EN,Combined TRACON& Tower with Radar,779,505,36,0,1320,0,0,0,0,0,779,505,36,0,1320,0,0,0,1320
10/30/2004,EWR,NJ,AEA,EN,Combined TRACON& Tower with Radar,602,338,14,0,954,0,0,0,0,0,602,338,14,0,954,0,0,0,954
10/31/2004,EWR,NJ,AEA,EN,Combined TRACON& Tower with Radar,676,412,42,0,1130,0,0,0,0,0,676,412,42,0,1130,0,0,0,1130
11/01/2004,EWR,NJ,AEA,EN,Towers with Radar,697,498,33,0,1228,0,0,0,0,0,697,498,33,0,1228,0,0,0,1228
11/02/2004,EWR,NJ,AEA,EN,Towers with Radar,763,495,38,0,1296,0,0,0,0,0,763,495,38,0,1296,0,0,0,1296
11/03/2004,EWR,NJ,AEA,EN,Towers with Radar,793,489,41,1,1324,0,0,0,0,0,793,489,41,1,1324,0,0,0,1324
11/04/2004,EWR,NJ,AEA,EN,Towers with Radar,783,492,36,2,1313,0,0,0,0,0,783,492,36,2,1313,0,0,0,1313
11/05/2004,EWR,NJ,AEA,EN,Towers with Radar,804,494,38,0,1336,0,0,0,0,0,804,494,38,0,1336,0,0,0,1336
11/06/2004,EWR,NJ,AEA,EN,Towers with Radar,615,334,12,0,961,0,0,0,0,0,615,334,12,0,961,0,0,0,961
11/07/2004,EWR,NJ,AEA,EN,Towers with Radar,672,413,24,0,1109,0,0,0,0,0,672,413,24,0,1109,0,0,0,1109
11/08/2004,EWR,NJ,AEA,EN,Towers with Radar,758,479,46,0,1283,0,0,0,0,0,758,479,46,0,1283,0,0,0,1283
11/09/2004,EWR,NJ,AEA,EN,Towers with Radar,756,493,62,0,1311,0,0,0,0,0,756,493,62,0,1311,0,0,0,1311
11/10/2004,EWR,NJ,AEA,EN,Towers with Radar,788,490,60,0,1338,0,0,0,0,0,788,490,60,0,1338,0,0,0,1338
11/11/2004,EWR,NJ,AEA,EN,Towers with Radar,805,491,43,0,1339,0,0,0,0,0,805,491,43,0,1339,0,0,0,1339
11/12/2004,EWR,NJ,AEA,EN,Towers with Radar,797,438,28,0,1263,0,0,0,0,0,797,438,28,0,1263,0,0,0,1263
11/13/2004,EWR,NJ,AEA,EN,Towers with Radar,626,310,22,0,958,0,0,0,0,0,626,310,22,0,958,0,0,0,958
11/14/2004,EWR,NJ,AEA,EN,Towers with Radar,665,399,28,0,1092,0,0,0,0,0,665,399,28,0,1092,0,0,0,1092
11/15/2004,EWR,NJ,AEA,EN,Towers with Radar,731,480,34,0,1245,0,0,0,0,0,731,480,34,0,1245,0,0,0,1245
11/16/2004,EWR,NJ,AEA,EN,Towers with Radar,766,498,54,0,1318,0,0,0,0,0,766,498,54,0,1318,0,0,0,1318
11/17/2004,EWR,NJ,AEA,EN,Towers with Radar,790,496,49,0,1335,0,0,0,0,0,790,496,49,0,1335,0,0,0,1335
11/18/2004,EWR,NJ,AEA,EN,Towers with Radar,793,477,46,0,1316,0,0,0,0,0,793,477,46,0,1316,0,0,0,1316
11/19/2004,EWR,NJ,AEA,EN,Towers with Radar,790,477,48,0,1315,0,0,0,0,0,790,477,48,0,1315,0,0,0,1315
11/20/2004,EWR,NJ,AEA,EN,Towers with Radar,613,327,20,0,960,0,0,0,0,0,613,327,20,0,960,0,0,0,960
11/21/2004,EWR,NJ,AEA,EN,Towers with Radar,684,391,12,0,1087,0,0,0,0,0,684,391,12,0,1087,0,0,0,1087
11/22/2004,EWR,NJ,AEA,EN,Towers with Radar,711,480,30,0,1221,0,0,0,0,0,711,480,30,0,1221,0,0,0,1221
11/23/2004,EWR,NJ,AEA,EN,Towers with Radar,796,487,53,0,1336,0,0,0,0,0,796,487,53,0,1336,0,0,0,1336
11/24/2004,EWR,NJ,AEA,EN,Towers with Radar,793,473,31,0,1297,0,0,0,0,0,793,473,31,0,1297,0,0,0,1297
11/25/2004,EWR,NJ,AEA,EN,Towers with Radar,551,283,7,0,841,0,0,0,0,0,551,283,7,0,841,0,0,0,841
11/26/2004,EWR,NJ,AEA,EN,Towers with Radar,573,256,12,0,841,0,0,0,0,0,573,256,12,0,841,0,0,0,841
11/27/2004,EWR,NJ,AEA,EN,Towers with Radar,631,381,19,0,1031,0,0,0,0,0,631,381,19,0,1031,0,0,0,1031
11/28/2004,EWR,NJ,AEA,EN,Towers with Radar,720,391,25,0,1136,0,0,0,0,0,720,391,25,0,1136,0,0,0,1136
11/29/2004,EWR,NJ,AEA,EN,Towers with Radar,780,476,49,1,1306,0,0,0,0,0,780,476,49,1,1306,0,0,0,1306
11/30/2004,EWR,NJ,AEA,EN,Towers with Radar,793,499,63,1,1356,0,0,0,0,0,793,499,63,1,1356,0,0,0,1356
12/01/2004,EWR,NJ,AEA,EN,Towers with Radar,741,429,84,0,1254,0,0,0,0,0,741,429,84,0,1254,0,0,0,1254
12/02/2004,EWR,NJ,AEA,EN,Towers with Radar,820,497,88,5,1410,0,0,0,0,0,820,497,88,5,1410,0,0,0,1410
12/03/2004,EWR,NJ,AEA,EN,Towers with Radar,796,483,63,0,1342,0,0,0,0,0,796,483,63,0,1342,0,0,0,1342
12/04/2004,EWR,NJ,AEA,EN,Towers with Radar,593,324,47,0,964,0,0,0,0,0,593,324,47,0,964,0,0,0,964
12/05/2004,EWR,NJ,AEA,EN,Towers with Radar,677,404,33,0,1114,0,0,0,0,0,677,404,33,0,1114,0,0,0,1114
12/06/2004,EWR,NJ,AEA,EN,Towers with Radar,672,455,43,0,1170,0,0,0,0,0,672,455,43,0,1170,0,0,0,1170
12/07/2004,EWR,NJ,AEA,EN,Towers with Radar,757,475,70,0,1302,0,0,0,0,0,757,475,70,0,1302,0,0,0,1302
12/08/2004,EWR,NJ,AEA,EN,Towers with Radar,800,504,64,0,1368,0,0,0,0,0,800,504,64,0,1368,0,0,0,1368
12/09/2004,EWR,NJ,AEA,EN,Towers with Radar,782,471,47,0,1300,0,0,0,0,0,782,471,47,0,1300,0,0,0,1300
12/10/2004,EWR,NJ,AEA,EN,Towers with Radar,768,427,31,0,1226,0,0,0,0,0,768,427,31,0,1226,0,0,0,1226
12/11/2004,EWR,NJ,AEA,EN,Towers with Radar,606,343,21,0,970,0,0,0,0,0,606,343,21,0,970,0,0,0,970
12/12/2004,EWR,NJ,AEA,EN,Towers with Radar,649,404,22,0,1075,0,0,0,0,0,649,404,22,0,1075,0,0,0,1075
12/13/2004,EWR,NJ,AEA,EN,Towers with Radar,716,484,39,0,1239,0,0,0,0,0,716,484,39,0,1239,0,0,0,1239
12/14/2004,EWR,NJ,AEA,EN,Towers with Radar,761,483,33,0,1277,0,0,0,0,0,761,483,33,0,1277,0,0,0,1277
12/15/2004,EWR,NJ,AEA,EN,Towers with Radar,780,493,53,0,1326,0,0,0,0,0,780,493,53,0,1326,0,0,0,1326
12/16/2004,EWR,NJ,AEA,EN,Towers with Radar,816,489,41,0,1346,0,0,0,0,0,816,489,41,0,1346,0,0,0,1346
12/17/2004,EWR,NJ,AEA,EN,Towers with Radar,850,474,36,0,1360,0,0,0,0,0,850,474,36,0,1360,0,0,0,1360
12/18/2004,EWR,NJ,AEA,EN,Towers with Radar,661,344,14,0,1019,0,0,0,0,0,661,344,14,0,1019,0,0,0,1019
12/19/2004,EWR,NJ,AEA,EN,Towers with Radar,678,405,16,0,1099,0,0,0,0,0,678,405,16,0,1099,0,0,0,1099
12/20/2004,EWR,NJ,AEA,EN,Towers with Radar,746,462,23,0,1231,0,0,0,0,0,746,462,23,0,1231,0,0,0,1231
12/21/2004,EWR,NJ,AEA,EN,Towers with Radar,812,520,26,0,1358,0,0,0,0,0,812,520,26,0,1358,0,0,0,1358
12/22/2004,EWR,NJ,AEA,EN,Towers with Radar,809,466,24,1,1300,0,0,0,0,0,809,466,24,1,1300,0,0,0,1300
12/23/2004,EWR,NJ,AEA,EN,Towers with Radar,783,360,9,0,1152,0,0,0,0,0,783,360,9,0,1152,0,0,0,1152
12/24/2004,EWR,NJ,AEA,EN,Towers with Radar,683,351,10,0,1044,0,0,0,0,0,683,351,10,0,1044,0,0,0,1044
12/25/2004,EWR,NJ,AEA,EN,Towers with Radar,525,281,8,0,814,0,0,0,0,0,525,281,8,0,814,0,0,0,814
12/26/2004,EWR,NJ,AEA,EN,Towers with Radar,674,392,23,0,1089,0,0,0,0,0,674,392,23,0,1089,0,0,0,1089
12/27/2004,EWR,NJ,AEA,EN,Towers with Radar,775,449,17,0,1241,0,0,0,0,0,775,449,17,0,1241,0,0,0,1241
12/28/2004,EWR,NJ,AEA,EN,Towers with Radar,788,472,13,0,1273,0,0,0,0,0,788,472,13,0,1273,0,0,0,1273
12/29/2004,EWR,NJ,AEA,EN,Towers with Radar,782,486,28,0,1296,0,0,0,0,0,782,486,28,0,1296,0,0,0,1296
12/30/2004,EWR,NJ,AEA,EN,Towers with Radar,790,481,18,0,1289,0,0,0,0,0,790,481,18,0,1289,0,0,0,1289
12/31/2004,EWR,NJ,AEA,EN,Towers with Radar,642,291,14,0,947,0,0,0,0,0,642,291,14,0,947,0,0,0,947
01/01/2005,EWR,NJ,AEA,EN,Towers with Radar,549,262,21,0,832,0,0,0,0,0,549,262,21,0,832,0,0,0,832
01/02/2005,EWR,NJ,AEA,EN,Towers with Radar,683,431,28,0,1142,0,0,0,0,0,683,431,28,0,1142,0,0,0,1142
01/03/2005,EWR,NJ,AEA,EN,Towers with Radar,744,472,29,0,1245,0,0,0,0,0,744,472,29,0,1245,0,0,0,1245
01/04/2005,EWR,NJ,AEA,EN,Towers with Radar,726,459,26,0,1211,0,0,0,0,0,726,459,26,0,1211,0,0,0,1211
01/05/2005,EWR,NJ,AEA,EN,Towers with Radar,663,420,31,0,1114,0,0,0,0,0,663,420,31,0,1114,0,0,0,1114
01/06/2005,EWR,NJ,AEA,EN,Towers with Radar,705,414,32,0,1151,0,0,0,0,0,705,414,32,0,1151,0,0,0,1151
01/07/2005,EWR,NJ,AEA,EN,Towers with Radar,736,457,36,0,1229,0,0,0,0,0,736,457,36,0,1229,0,0,0,1229
01/08/2005,EWR,NJ,AEA,EN,Towers with Radar,564,294,20,0,878,0,0,0,0,0,564,294,20,0,878,0,0,0,878
01/09/2005,EWR,NJ,AEA,EN,Towers with Radar,640,361,16,0,1017,0,0,0,0,0,640,361,16,0,1017,0,0,0,1017
01/10/2005,EWR,NJ,AEA,EN,Towers with Radar,678,461,39,0,1178,0,0,0,0,0,678,461,39,0,1178,0,0,0,1178
01/11/2005,EWR,NJ,AEA,EN,Towers with Radar,707,446,42,0,1195,0,0,0,0,0,707,446,42,0,1195,0,0,0,1195
01/12/2005,EWR,NJ,AEA,EN,Towers with Radar,672,413,29,0,1114,0,0,0,0,0,672,413,29,0,1114,0,0,0,1114
01/13/2005,EWR,NJ,AEA,EN,Towers with Radar,723,343,28,2,1096,0,0,0,0,0,723,343,28,2,1096,0,0,0,1096
01/14/2005,EWR,NJ,AEA,EN,Towers with Radar,739,436,28,0,1203,0,0,0,0,0,739,436,28,0,1203,0,0,0,1203
01/15/2005,EWR,NJ,AEA,EN,Towers with Radar,583,314,16,0,913,0,0,0,0,0,583,314,16,0,913,0,0,0,913
01/16/2005,EWR,NJ,AEA,EN,Towers with Radar,604,386,17,0,1007,0,0,0,0,0,604,386,17,0,1007,0,0,0,1007
01/17/2005,EWR,NJ,AEA,EN,Towers with Radar,684,457,45,0,1186,0,0,0,0,0,684,457,45,0,1186,0,0,0,1186
01/18/2005,EWR,NJ,AEA,EN,Towers with Radar,698,469,35,0,1202,0,0,0,0,0,698,469,35,0,1202,0,0,0,1202
01/19/2005,EWR,NJ,AEA,EN,Towers with Radar,701,414,23,1,1139,0,0,0,0,0,701,414,23,1,1139,0,0,0,1139
01/20/2005,EWR,NJ,AEA,EN,Towers with Radar,738,480,28,0,1246,0,0,0,0,0,738,480,28,0,1246,0,0,0,1246
01/21/2005,EWR,NJ,AEA,EN,Towers with Radar,731,459,25,0,1215,0,0,0,0,0,731,459,25,0,1215,0,0,0,1215
01/22/2005,EWR,NJ,AEA,EN,Towers with Radar,399,149,12,0,560,0,0,0,0,0,399,149,12,0,560,0,0,0,560
01/23/2005,EWR,NJ,AEA,EN,Towers with Radar,394,100,31,0,525,0,0,0,0,0,394,100,31,0,525,0,0,0,525
01/24/2005,EWR,NJ,AEA,EN,Towers with Radar,665,422,34,0,1121,0,0,0,0,0,665,422,34,0,1121,0,0,0,1121
01/25/2005,EWR,NJ,AEA,EN,Towers with Radar,734,465,55,0,1254,0,0,0,0,0,734,465,55,0,1254,0,0,0,1254
01/26/2005,EWR,NJ,AEA,EN,Towers with Radar,698,447,39,0,1184,0,0,0,0,0,698,447,39,0,1184,0,0,0,1184
01/27/2005,EWR,NJ,AEA,EN,Towers with Radar,728,467,44,0,1239,0,0,0,0,0,728,467,44,0,1239,0,0,0,1239
01/28/2005,EWR,NJ,AEA,EN,Towers with Radar,728,470,36,0,1234,0,0,0,0,0,728,470,36,0,1234,0,0,0,1234
01/29/2005,EWR,NJ,AEA,EN,Towers with Radar,542,293,20,0,855,0,0,0,0,0,542,293,20,0,855,0,0,0,855
01/30/2005,EWR,NJ,AEA,EN,Towers with Radar,582,398,19,0,999,0,0,0,0,0,582,398,19,0,999,0,0,0,999
01/31/2005,EWR,NJ,AEA,EN,Towers with Radar,674,467,37,0,1178,0,0,0,0,0,674,467,37,0,1178,0,0,0,1178
02/01/2005,EWR,NJ,AEA,EN,Towers with Radar,707,461,37,0,1205,0,0,0,0,0,707,461,37,0,1205,0,0,0,1205
02/02/2005,EWR,NJ,AEA,EN,Towers with Radar,722,476,147,0,1345,0,0,0,0,0,722,476,147,0,1345,0,0,0,1345
02/03/2005,EWR,NJ,AEA,EN,Towers with Radar,754,460,51,0,1265,0,0,0,0,0,754,460,51,0,1265,0,0,0,1265
02/04/2005,EWR,NJ,AEA,EN,Towers with Radar,752,466,35,1,1254,0,0,0,0,0,752,466,35,1,1254,0,0,0,1254
02/05/2005,EWR,NJ,AEA,EN,Towers with Radar,563,293,11,0,867,0,0,0,0,0,563,293,11,0,867,0,0,0,867
02/06/2005,EWR,NJ,AEA,EN,Towers with Radar,614,375,17,0,1006,0,0,0,0,0,614,375,17,0,1006,0,0,0,1006
02/07/2005,EWR,NJ,AEA,EN,Towers with Radar,705,466,36,1,1208,0,0,0,0,0,705,466,36,1,1208,0,0,0,1208
02/08/2005,EWR,NJ,AEA,EN,Towers with Radar,724,474,64,0,1262,0,0,0,0,0,724,474,64,0,1262,0,0,0,1262
02/09/2005,EWR,NJ,AEA,EN,Towers with Radar,729,437,39,4,1209,0,0,0,0,0,729,437,39,4,1209,0,0,0,1209
02/10/2005,EWR,NJ,AEA,EN,Towers with Radar,739,463,34,0,1236,0,0,0,0,0,739,463,34,0,1236,0,0,0,1236
02/11/2005,EWR,NJ,AEA,EN,Towers with Radar,746,462,57,0,1265,0,0,0,0,0,746,462,57,0,1265,0,0,0,1265
02/12/2005,EWR,NJ,AEA,EN,Towers with Radar,598,304,18,2,922,0,0,0,0,0,598,304,18,2,922,0,0,0,922
02/13/2005,EWR,NJ,AEA,EN,Towers with Radar,631,376,18,0,1025,0,0,0,0,0,631,376,18,0,1025,0,0,0,1025
02/14/2005,EWR,NJ,AEA,EN,Towers with Radar,675,464,31,0,1170,0,0,0,0,0,675,464,31,0,1170,0,0,0,1170
02/15/2005,EWR,NJ,AEA,EN,Towers with Radar,753,477,49,0,1279,0,0,0,0,0,753,477,49,0,1279,0,0,0,1279
02/16/2005,EWR,NJ,AEA,EN,Towers with Radar,738,466,28,1,1233,0,0,0,0,0,738,466,28,1,1233,0,0,0,1233
02/17/2005,EWR,NJ,AEA,EN,Towers with Radar,783,489,40,0,1312,0,0,0,0,0,783,489,40,0,1312,0,0,0,1312
02/18/2005,EWR,NJ,AEA,EN,Towers with Radar,762,482,37,0,1281,0,0,0,0,0,762,482,37,0,1281,0,0,0,1281
02/19/2005,EWR,NJ,AEA,EN,Towers with Radar,627,332,22,0,981,0,0,0,0,0,627,332,22,0,981,0,0,0,981
02/20/2005,EWR,NJ,AEA,EN,Towers with Radar,618,414,21,0,1053,0,0,0,0,0,618,414,21,0,1053,0,0,0,1053
02/21/2005,EWR,NJ,AEA,EN,Towers with Radar,686,395,31,0,1112,0,0,0,0,0,686,395,31,0,1112,0,0,0,1112
02/22/2005,EWR,NJ,AEA,EN,Towers with Radar,800,479,66,0,1345,0,0,0,0,0,800,479,66,0,1345,0,0,0,1345
02/23/2005,EWR,NJ,AEA,EN,Towers with Radar,772,464,55,0,1291,0,0,0,0,0,772,464,55,0,1291,0,0,0,1291
02/24/2005,EWR,NJ,AEA,EN,Towers with Radar,703,344,35,0,1082,0,0,0,0,0,703,344,35,0,1082,0,0,0,1082
02/25/2005,EWR,NJ,AEA,EN,Towers with Radar,822,449,35,0,1306,0,0,0,0,0,822,449,35,0,1306,0,0,0,1306
02/26/2005,EWR,NJ,AEA,EN,Towers with Radar,638,327,38,0,1003,0,0,0,0,0,638,327,38,0,1003,0,0,0,1003
02/27/2005,EWR,NJ,AEA,EN,Towers with Radar,656,415,21,0,1092,0,0,0,0,0,656,415,21,0,1092,0,0,0,1092
02/28/2005,EWR,NJ,AEA,EN,Towers with Radar,604,278,32,0,914,0,0,0,0,0,604,278,32,0,914,0,0,0,914
03/01/2005,EWR,NJ,AEA,EN,Towers with Radar,744,406,36,0,1186,0,0,0,0,0,744,406,36,0,1186,0,0,0,1186
03/02/2005,EWR,NJ,AEA,EN,Towers with Radar,763,481,37,0,1281,0,0,0,0,0,763,481,37,0,1281,0,0,0,1281
03/03/2005,EWR,NJ,AEA,EN,Towers with Radar,801,475,60,1,1337,0,0,0,0,0,801,475,60,1,1337,0,0,0,1337
03/04/2005,EWR,NJ,AEA,EN,Towers with Radar,797,467,32,3,1299,0,0,0,0,0,797,467,32,3,1299,0,0,0,1299
03/05/2005,EWR,NJ,AEA,EN,Towers with Radar,652,343,18,0,1013,0,0,0,0,0,652,343,18,0,1013,0,0,0,1013
03/06/2005,EWR,NJ,AEA,EN,Towers with Radar,681,408,14,0,1103,0,0,0,0,0,681,408,14,0,1103,0,0,0,1103
03/07/2005,EWR,NJ,AEA,EN,Towers with Radar,737,474,32,0,1243,0,0,0,0,0,737,474,32,0,1243,0,0,0,1243
03/08/2005,EWR,NJ,AEA,EN,Towers with Radar,671,334,35,0,1040,0,0,0,0,0,671,334,35,0,1040,0,0,0,1040
03/09/2005,EWR,NJ,AEA,EN,Towers with Radar,787,469,73,0,1329,0,0,0,0,0,787,469,73,0,1329,0,0,0,1329
03/10/2005,EWR,NJ,AEA,EN,Towers with Radar,809,491,55,0,1355,0,0,0,0,0,809,491,55,0,1355,0,0,0,1355
03/11/2005,EWR,NJ,AEA,EN,Towers with Radar,788,460,50,0,1298,0,0,0,0,0,788,460,50,0,1298,0,0,0,1298
03/12/2005,EWR,NJ,AEA,EN,Towers with Radar,663,338,12,0,1013,0,0,0,0,0,663,338,12,0,1013,0,0,0,1013
03/13/2005,EWR,NJ,AEA,EN,Towers with Radar,677,415,34,0,1126,0,0,0,0,0,677,415,34,0,1126,0,0,0,1126
03/14/2005,EWR,NJ,AEA,EN,Towers with Radar,749,471,36,0,1256,0,0,0,0,0,749,471,36,0,1256,0,0,0,1256
03/15/2005,EWR,NJ,AEA,EN,Towers with Radar,788,485,57,0,1330,0,0,0,0,0,788,485,57,0,1330,0,0,0,1330
03/16/2005,EWR,NJ,AEA,EN,Towers with Radar,769,492,42,0,1303,0,0,0,0,0,769,492,42,0,1303,0,0,0,1303
03/17/2005,EWR,NJ,AEA,EN,Towers with Radar,800,485,72,0,1357,0,0,0,0,0,800,485,72,0,1357,0,0,0,1357
03/18/2005,EWR,NJ,AEA,EN,Towers with Radar,797,474,44,0,1315,0,0,0,0,0,797,474,44,0,1315,0,0,0,1315
03/19/2005,EWR,NJ,AEA,EN,Towers with Radar,656,341,4,0,1001,0,0,0,0,0,656,341,4,0,1001,0,0,0,1001
03/20/2005,EWR,NJ,AEA,EN,Towers with Radar,691,393,13,0,1097,0,0,0,0,0,691,393,13,0,1097,0,0,0,1097
03/21/2005,EWR,NJ,AEA,EN,Towers with Radar,753,473,44,0,1270,0,0,0,0,0,753,473,44,0,1270,0,0,0,1270
03/22/2005,EWR,NJ,AEA,EN,Towers with Radar,789,472,40,0,1301,0,0,0,0,0,789,472,40,0,1301,0,0,0,1301
03/23/2005,EWR,NJ,AEA,EN,Towers with Radar,669,368,29,0,1066,0,0,0,0,0,669,368,29,0,1066,0,0,0,1066
03/24/2005,EWR,NJ,AEA,EN,Towers with Radar,901,521,43,0,1465,0,0,0,0,0,901,521,43,0,1465,0,0,0,1465
03/25/2005,EWR,NJ,AEA,EN,Towers with Radar,790,472,14,0,1276,0,0,0,0,0,790,472,14,0,1276,0,0,0,1276
03/26/2005,EWR,NJ,AEA,EN,Towers with Radar,671,333,20,1,1025,0,0,0,0,0,671,333,20,1,1025,0,0,0,1025
03/27/2005,EWR,NJ,AEA,EN,Towers with Radar,656,414,12,0,1082,0,0,0,0,0,656,414,12,0,1082,0,0,0,1082
03/28/2005,EWR,NJ,AEA,EN,Towers with Radar,703,372,32,0,1107,0,0,0,0,0,703,372,32,0,1107,0,0,0,1107
03/29/2005,EWR,NJ,AEA,EN,Towers with Radar,801,496,26,0,1323,0,0,0,0,0,801,496,26,0,1323,0,0,0,1323
03/30/2005,EWR,NJ,AEA,EN,Towers with Radar,803,491,38,0,1332,0,0,0,0,0,803,491,38,0,1332,0,0,0,1332
03/31/2005,EWR,NJ,AEA,EN,Towers with Radar,789,495,26,0,1310,0,0,0,0,0,789,495,26,0,1310,0,0,0,1310
04/01/2005,EWR,NJ,AEA,EN,Towers with Radar,796,478,26,0,1300,0,0,0,0,0,796,478,26,0,1300,0,0,0,1300
04/02/2005,EWR,NJ,AEA,EN,Towers with Radar,568,252,18,0,838,0,0,0,0,0,568,252,18,0,838,0,0,0,838
04/03/2005,EWR,NJ,AEA,EN,Towers with Radar,700,382,24,0,1106,0,0,0,0,0,700,382,24,0,1106,0,0,0,1106
04/04/2005,EWR,NJ,AEA,EN,Towers with Radar,778,495,45,0,1318,0,0,0,0,0,778,495,45,0,1318,0,0,0,1318
04/05/2005,EWR,NJ,AEA,EN,Towers with Radar,765,498,43,0,1306,0,0,0,0,0,765,498,43,0,1306,0,0,0,1306
04/06/2005,EWR,NJ,AEA,EN,Towers with Radar,783,476,43,1,1303,0,0,0,0,0,783,476,43,1,1303,0,0,0,1303
04/07/2005,EWR,NJ,AEA,EN,Towers with Radar,787,489,27,1,1304,0,0,0,0,0,787,489,27,1,1304,0,0,0,1304
04/08/2005,EWR,NJ,AEA,EN,Towers with Radar,800,479,39,0,1318,0,0,0,0,0,800,479,39,0,1318,0,0,0,1318
04/09/2005,EWR,NJ,AEA,EN,Towers with Radar,647,343,14,0,1004,0,0,0,0,0,647,343,14,0,1004,0,0,0,1004
04/10/2005,EWR,NJ,AEA,EN,Towers with Radar,651,419,17,0,1087,210,0,0,0,210,861,419,17,0,1297,103,5,108,1405
04/11/2005,EWR,NJ,AEA,EN,Towers with Radar,748,458,34,0,1240,0,0,0,0,0,748,458,34,0,1240,146,0,146,1386
04/12/2005,EWR,NJ,AEA,EN,Towers with Radar,772,505,32,1,1310,0,0,0,0,0,772,505,32,1,1310,188,1,189,1499
04/13/2005,EWR,NJ,AEA,EN,Towers with Radar,787,483,47,0,1317,0,0,0,0,0,787,483,47,0,1317,0,168,168,1485
04/14/2005,EWR,NJ,AEA,EN,Towers with Radar,812,493,40,0,1345,0,0,0,0,0,812,493,40,0,1345,0,0,0,1345
04/15/2005,EWR,NJ,AEA,EN,Towers with Radar,785,481,48,0,1314,0,0,0,0,0,785,481,48,0,1314,0,0,0,1314
04/16/2005,EWR,NJ,AEA,EN,Towers with Radar,654,332,22,0,1008,0,0,0,0,0,654,332,22,0,1008,0,0,0,1008
04/17/2005,EWR,NJ,AEA,EN,Towers with Radar,683,423,24,0,1130,0,0,0,0,0,683,423,24,0,1130,0,0,0,1130
04/18/2005,EWR,NJ,AEA,EN,Towers with Radar,748,475,32,2,1257,0,0,0,0,0,748,475,32,2,1257,0,0,0,1257
04/19/2005,EWR,NJ,AEA,EN,Towers with Radar,781,490,46,1,1318,0,0,0,0,0,781,490,46,1,1318,0,0,0,1318
04/20/2005,EWR,NJ,AEA,EN,Towers with Radar,781,470,38,1,1290,0,0,0,0,0,781,470,38,1,1290,0,0,0,1290
04/21/2005,EWR,NJ,AEA,EN,Towers with Radar,807,486,50,1,1344,0,0,0,0,0,807,486,50,1,1344,0,0,0,1344
04/22/2005,EWR,NJ,AEA,EN,Towers with Radar,785,471,47,1,1304,0,0,0,0,0,785,471,47,1,1304,0,0,0,1304
04/23/2005,EWR,NJ,AEA,EN,Towers with Radar,666,316,19,0,1001,0,0,0,0,0,666,316,19,0,1001,0,0,0,1001
04/24/2005,EWR,NJ,AEA,EN,Towers with Radar,676,416,21,0,1113,0,0,0,0,0,676,416,21,0,1113,0,0,0,1113
04/25/2005,EWR,NJ,AEA,EN,Towers with Radar,743,477,43,0,1263,0,0,0,0,0,743,477,43,0,1263,0,0,0,1263
04/26/2005,EWR,NJ,AEA,EN,Towers with Radar,770,485,42,0,1297,0,0,0,0,0,770,485,42,0,1297,0,0,0,1297
04/27/2005,EWR,NJ,AEA,EN,Towers with Radar,788,481,27,0,1296,0,0,0,0,0,788,481,27,0,1296,0,0,0,1296
04/28/2005,EWR,NJ,AEA,EN,Towers with Radar,817,471,48,0,1336,0,0,0,0,0,817,471,48,0,1336,0,0,0,1336
04/29/2005,EWR,NJ,AEA,EN,Towers with Radar,794,486,26,0,1306,0,0,0,0,0,794,486,26,0,1306,0,0,0,1306
04/30/2005,EWR,NJ,AEA,EN,Towers with Radar,632,349,12,0,993,0,0,0,0,0,632,349,12,0,993,0,0,0,993
05/01/2005,EWR,NJ,AEA,EN,Towers with Radar,649,448,38,0,1135,0,0,0,0,0,649,448,38,0,1135,0,0,0,1135
05/02/2005,EWR,NJ,AEA,EN,Towers with Radar,728,489,37,0,1254,0,0,0,0,0,728,489,37,0,1254,0,0,0,1254
05/03/2005,EWR,NJ,AEA,EN,Towers with Radar,765,499,38,0,1302,0,0,0,0,0,765,499,38,0,1302,0,0,0,1302
05/04/2005,EWR,NJ,AEA,EN,Towers with Radar,772,491,48,0,1311,0,0,0,0,0,772,491,48,0,1311,0,0,0,1311
05/05/2005,EWR,NJ,AEA,EN,Towers with Radar,792,494,43,0,1329,0,0,0,0,0,792,494,43,0,1329,0,0,0,1329
05/06/2005,EWR,NJ,AEA,EN,Towers with Radar,767,490,31,0,1288,0,0,0,0,0,767,490,31,0,1288,0,0,0,1288
05/07/2005,EWR,NJ,AEA,EN,Towers with Radar,601,356,21,0,978,0,0,0,0,0,601,356,21,0,978,0,0,0,978
05/08/2005,EWR,NJ,AEA,EN,Towers with Radar,657,414,23,0,1094,0,0,0,0,0,657,414,23,0,1094,0,0,0,1094
05/09/2005,EWR,NJ,AEA,EN,Towers with Radar,732,483,77,0,1292,0,0,0,0,0,732,483,77,0,1292,0,0,0,1292
05/10/2005,EWR,NJ,AEA,EN,Towers with Radar,749,485,48,0,1282,0,0,0,0,0,749,485,48,0,1282,0,0,0,1282
05/11/2005,EWR,NJ,AEA,EN,Towers with Radar,744,491,67,0,1302,0,0,0,0,0,744,491,67,0,1302,0,0,0,1302
05/12/2005,EWR,NJ,AEA,EN,Towers with Radar,779,496,44,0,1319,0,0,0,0,0,779,496,44,0,1319,0,0,0,1319
05/13/2005,EWR,NJ,AEA,EN,Towers with Radar,757,482,51,1,1291,0,0,0,0,0,757,482,51,1,1291,0,0,0,1291
05/14/2005,EWR,NJ,AEA,EN,Towers with Radar,611,343,19,0,973,0,0,0,0,0,611,343,19,0,973,0,0,0,973
05/15/2005,EWR,NJ,AEA,EN,Towers with Radar,650,422,28,0,1100,0,0,0,0,0,650,422,28,0,1100,0,0,0,1100
05/16/2005,EWR,NJ,AEA,EN,Towers with Radar,724,491,49,0,1264,0,0,0,0,0,724,491,49,0,1264,0,0,0,1264
05/17/2005,EWR,NJ,AEA,EN,Towers with Radar,763,489,64,0,1316,0,0,0,0,0,763,489,64,0,1316,0,0,0,1316
05/18/2005,EWR,NJ,AEA,EN,Towers with Radar,763,492,51,4,1310,0,0,0,0,0,763,492,51,4,1310,0,0,0,1310
05/19/2005,EWR,NJ,AEA,EN,Towers with Radar,765,475,59,3,1302,0,0,0,0,0,765,475,59,3,1302,0,0,0,1302
05/20/2005,EWR,NJ,AEA,EN,Towers with Radar,769,473,41,0,1283,0,0,0,0,0,769,473,41,0,1283,0,0,0,1283
05/21/2005,EWR,NJ,AEA,EN,Towers with Radar,622,348,16,0,986,0,0,0,0,0,622,348,16,0,986,0,0,0,986
05/22/2005,EWR,NJ,AEA,EN,Towers with Radar,669,407,30,0,1106,0,0,0,0,0,669,407,30,0,1106,0,0,0,1106
05/23/2005,EWR,NJ,AEA,EN,Towers with Radar,719,483,52,2,1256,0,0,0,0,0,719,483,52,2,1256,0,0,0,1256
05/24/2005,EWR,NJ,AEA,EN,Towers with Radar,748,485,76,0,1309,0,0,0,0,0,748,485,76,0,1309,0,0,0,1309
05/25/2005,EWR,NJ,AEA,EN,Towers with Radar,712,403,32,0,1147,0,0,0,0,0,712,403,32,0,1147,0,0,0,1147
05/26/2005,EWR,NJ,AEA,EN,Towers with Radar,807,511,46,0,1364,0,0,0,0,0,807,511,46,0,1364,0,0,0,1364
05/27/2005,EWR,NJ,AEA,EN,Towers with Radar,766,476,49,0,1291,0,0,0,0,0,766,476,49,0,1291,0,0,0,1291
05/28/2005,EWR,NJ,AEA,EN,Towers with Radar,591,357,14,0,962,0,0,0,0,0,591,357,14,0,962,0,0,0,962
05/29/2005,EWR,NJ,AEA,EN,Towers with Radar,546,295,15,0,856,0,0,0,0,0,546,295,15,0,856,0,0,0,856
05/30/2005,EWR,NJ,AEA,EN,Towers with Radar,652,392,28,0,1072,0,0,0,0,0,652,392,28,0,1072,0,0,0,1072
05/31/2005,EWR,NJ,AEA,EN,Towers with Radar,720,498,105,0,1323,0,0,0,0,0,720,498,105,0,1323,0,0,0,1323
06/01/2005,EWR,NJ,AEA,EN,Towers with Radar,750,503,76,0,1329,0,0,0,0,0,750,503,76,0,1329,0,0,0,1329
06/02/2005,EWR,NJ,AEA,EN,Towers with Radar,777,502,57,0,1336,0,0,0,0,0,777,502,57,0,1336,0,0,0,1336
06/03/2005,EWR,NJ,AEA,EN,Towers with Radar,753,472,39,1,1265,0,0,0,0,0,753,472,39,1,1265,0,0,0,1265
06/04/2005,EWR,NJ,AEA,EN,Towers with Radar,625,356,26,0,1007,0,0,0,0,0,625,356,26,0,1007,0,0,0,1007
06/05/2005,EWR,NJ,AEA,EN,Towers with Radar,651,412,22,0,1085,0,0,0,0,0,651,412,22,0,1085,0,0,0,1085
06/06/2005,EWR,NJ,AEA,EN,Towers with Radar,578,333,34,0,945,0,0,0,0,0,578,333,34,0,945,0,0,0,945
06/07/2005,EWR,NJ,AEA,EN,Towers with Radar,837,518,52,0,1407,0,0,0,0,0,837,518,52,0,1407,0,0,0,1407
06/08/2005,EWR,NJ,AEA,EN,Towers with Radar,757,504,51,0,1312,0,0,0,0,0,757,504,51,0,1312,0,0,0,1312
06/09/2005,EWR,NJ,AEA,EN,Towers with Radar,787,452,58,0,1297,0,0,0,0,0,787,452,58,0,1297,0,0,0,1297
06/10/2005,EWR,NJ,AEA,EN,Towers with Radar,822,406,30,0,1258,0,0,0,0,0,822,406,30,0,1258,0,0,0,1258
06/11/2005,EWR,NJ,AEA,EN,Towers with Radar,689,369,25,0,1083,0,0,0,0,0,689,369,25,0,1083,0,0,0,1083
06/12/2005,EWR,NJ,AEA,EN,Towers with Radar,670,442,37,0,1149,0,0,0,0,0,670,442,37,0,1149,0,0,0,1149
06/13/2005,EWR,NJ,AEA,EN,Towers with Radar,745,492,65,0,1302,0,0,0,0,0,745,492,65,0,1302,0,0,0,1302
06/14/2005,EWR,NJ,AEA,EN,Towers with Radar,792,478,42,0,1312,0,0,0,0,0,792,478,42,0,1312,0,0,0,1312
06/15/2005,EWR,NJ,AEA,EN,Towers with Radar,792,472,44,0,1308,0,0,0,0,0,792,472,44,0,1308,0,0,0,1308
06/16/2005,EWR,NJ,AEA,EN,Towers with Radar,769,441,51,0,1261,0,0,0,0,0,769,441,51,0,1261,0,0,0,1261
06/17/2005,EWR,NJ,AEA,EN,Towers with Radar,841,503,56,2,1402,0,0,0,0,0,841,503,56,2,1402,0,0,0,1402
06/18/2005,EWR,NJ,AEA,EN,Towers with Radar,647,386,17,0,1050,0,0,0,0,0,647,386,17,0,1050,0,0,0,1050
06/19/2005,EWR,NJ,AEA,EN,Towers with Radar,675,455,31,0,1161,0,0,0,0,0,675,455,31,0,1161,0,0,0,1161
06/20/2005,EWR,NJ,AEA,EN,Towers with Radar,754,492,47,0,1293,0,0,0,0,0,754,492,47,0,1293,0,0,0,1293
06/21/2005,EWR,NJ,AEA,EN,Towers with Radar,797,525,53,0,1375,0,0,0,0,0,797,525,53,0,1375,0,0,0,1375
06/22/2005,EWR,NJ,AEA,EN,Towers with Radar,714,422,40,0,1176,0,0,0,0,0,714,422,40,0,1176,0,0,0,1176
06/23/2005,EWR,NJ,AEA,EN,Towers with Radar,858,571,56,0,1485,0,0,0,0,0,858,571,56,0,1485,0,0,0,1485
06/24/2005,EWR,NJ,AEA,EN,Towers with Radar,792,517,51,2,1362,0,0,0,0,0,792,517,51,2,1362,0,0,0,1362
06/25/2005,EWR,NJ,AEA,EN,Towers with Radar,633,395,26,0,1054,0,0,0,0,0,633,395,26,0,1054,0,0,0,1054
06/26/2005,EWR,NJ,AEA,EN,Towers with Radar,685,474,33,0,1192,0,0,0,0,0,685,474,33,0,1192,0,0,0,1192
06/27/2005,EWR,NJ,AEA,EN,Towers with Radar,704,486,33,0,1223,0,0,0,0,0,704,486,33,0,1223,0,0,0,1223
06/28/2005,EWR,NJ,AEA,EN,Towers with Radar,802,487,48,0,1337,0,0,0,0,0,802,487,48,0,1337,0,0,0,1337
06/29/2005,EWR,NJ,AEA,EN,Towers with Radar,687,346,25,0,1058,0,0,0,0,0,687,346,25,0,1058,0,0,0,1058
06/30/2005,EWR,NJ,AEA,EN,Towers with Radar,863,501,52,0,1416,0,0,0,0,0,863,501,52,0,1416,0,0,0,1416
07/01/2005,EWR,NJ,AEA,EN,Towers with Radar,796,437,45,0,1278,0,0,0,0,0,796,437,45,0,1278,0,0,0,1278
07/02/2005,EWR,NJ,AEA,EN,Towers with Radar,667,392,23,0,1082,0,0,0,0,0,667,392,23,0,1082,0,0,0,1082
07/03/2005,EWR,NJ,AEA,EN,Towers with Radar,597,318,16,0,931,0,0,0,0,0,597,318,16,0,931,0,0,0,931
07/04/2005,EWR,NJ,AEA,EN,Towers with Radar,668,425,21,0,1114,0,0,0,0,0,668,425,21,0,1114,0,0,0,1114
07/05/2005,EWR,NJ,AEA,EN,Towers with Radar,708,435,29,0,1172,0,0,0,0,0,708,435,29,0,1172,0,0,0,1172
07/06/2005,EWR,NJ,AEA,EN,Towers with Radar,807,498,30,0,1335,0,0,0,0,0,807,498,30,0,1335,0,0,0,1335
07/07/2005,EWR,NJ,AEA,EN,Towers with Radar,838,484,51,0,1373,0,0,0,0,0,838,484,51,0,1373,0,0,0,1373
07/08/2005,EWR,NJ,AEA,EN,Towers with Radar,757,400,18,0,1175,0,0,0,0,0,757,400,18,0,1175,0,0,0,1175
07/09/2005,EWR,NJ,AEA,EN,Towers with Radar,655,429,9,0,1093,0,0,0,0,0,655,429,9,0,1093,0,0,0,1093
07/10/2005,EWR,NJ,AEA,EN,Towers with Radar,680,473,27,0,1180,0,0,0,0,0,680,473,27,0,1180,0,0,0,1180
07/11/2005,EWR,NJ,AEA,EN,Towers with Radar,722,521,66,0,1309,0,0,0,0,0,722,521,66,0,1309,0,0,0,1309
07/12/2005,EWR,NJ,AEA,EN,Towers with Radar,798,524,47,0,1369,0,0,0,0,0,798,524,47,0,1369,0,0,0,1369
07/13/2005,EWR,NJ,AEA,EN,Towers with Radar,734,381,34,0,1149,0,0,0,0,0,734,381,34,0,1149,0,0,0,1149
07/14/2005,EWR,NJ,AEA,EN,Towers with Radar,823,473,39,0,1335,0,0,0,0,0,823,473,39,0,1335,0,0,0,1335
07/15/2005,EWR,NJ,AEA,EN,Towers with Radar,795,456,36,0,1287,0,0,0,0,0,795,456,36,0,1287,0,0,0,1287
07/16/2005,EWR,NJ,AEA,EN,Towers with Radar,632,366,13,0,1011,0,0,0,0,0,632,366,13,0,1011,0,0,0,1011
07/17/2005,EWR,NJ,AEA,EN,Towers with Radar,656,390,24,0,1070,0,0,0,0,0,656,390,24,0,1070,0,0,0,1070
07/18/2005,EWR,NJ,AEA,EN,Towers with Radar,750,485,38,0,1273,0,0,0,0,0,750,485,38,0,1273,0,0,0,1273
07/19/2005,EWR,NJ,AEA,EN,Towers with Radar,767,464,43,1,1275,0,0,0,0,0,767,464,43,1,1275,0,0,0,1275
07/20/2005,EWR,NJ,AEA,EN,Towers with Radar,810,536,60,0,1406,0,0,0,0,0,810,536,60,0,1406,0,0,0,1406
07/21/2005,EWR,NJ,AEA,EN,Towers with Radar,809,516,65,0,1390,0,0,0,0,0,809,516,65,0,1390,0,0,0,1390
07/22/2005,EWR,NJ,AEA,EN,Towers with Radar,785,501,48,0,1334,0,0,0,0,0,785,501,48,0,1334,0,0,0,1334
07/23/2005,EWR,NJ,AEA,EN,Towers with Radar,671,419,26,0,1116,0,0,0,0,0,671,419,26,0,1116,0,0,0,1116
07/24/2005,EWR,NJ,AEA,EN,Towers with Radar,687,470,23,1,1181,0,0,0,0,0,687,470,23,1,1181,0,0,0,1181
07/25/2005,EWR,NJ,AEA,EN,Towers with Radar,726,420,43,3,1192,0,0,0,0,0,726,420,43,3,1192,0,0,0,1192
07/26/2005,EWR,NJ,AEA,EN,Towers with Radar,787,553,54,0,1394,0,0,0,0,0,787,553,54,0,1394,0,0,0,1394
07/27/2005,EWR,NJ,AEA,EN,Towers with Radar,714,404,38,0,1156,0,0,0,0,0,714,404,38,0,1156,0,0,0,1156
07/28/2005,EWR,NJ,AEA,EN,Towers with Radar,852,549,48,0,1449,1,0,0,0,1,853,549,48,0,1450,0,0,0,1450
07/29/2005,EWR,NJ,AEA,EN,Towers with Radar,793,513,35,0,1341,0,0,0,0,0,793,513,35,0,1341,0,0,0,1341
07/30/2005,EWR,NJ,AEA,EN,Towers with Radar,631,386,22,0,1039,0,0,0,0,0,631,386,22,0,1039,0,0,0,1039
07/31/2005,EWR,NJ,AEA,EN,Towers with Radar,675,466,28,0,1169,0,0,0,0,0,675,466,28,0,1169,0,0,0,1169
08/01/2005,EWR,NJ,AEA,EN,Towers with Radar,747,501,33,0,1281,0,0,0,0,0,747,501,33,0,1281,0,0,0,1281
08/02/2005,EWR,NJ,AEA,EN,Towers with Radar,785,512,30,0,1327,0,0,0,0,0,785,512,30,0,1327,0,0,0,1327
08/03/2005,EWR,NJ,AEA,EN,Towers with Radar,792,515,44,0,1351,0,0,0,0,0,792,515,44,0,1351,0,0,0,1351
08/04/2005,EWR,NJ,AEA,EN,Towers with Radar,806,524,41,0,1371,0,0,0,0,0,806,524,41,0,1371,0,0,0,1371
08/05/2005,EWR,NJ,AEA,EN,Towers with Radar,784,419,42,0,1245,0,0,0,0,0,784,419,42,0,1245,0,0,0,1245
08/06/2005,EWR,NJ,AEA,EN,Towers with Radar,671,385,11,0,1067,0,0,0,0,0,671,385,11,0,1067,0,0,0,1067
08/07/2005,EWR,NJ,AEA,EN,Towers with Radar,685,462,31,0,1178,0,0,0,0,0,685,462,31,0,1178,0,0,0,1178
08/08/2005,EWR,NJ,AEA,EN,Towers with Radar,709,413,29,0,1151,0,0,0,0,0,709,413,29,0,1151,0,0,0,1151
08/09/2005,EWR,NJ,AEA,EN,Towers with Radar,791,464,47,2,1304,0,0,0,0,0,791,464,47,2,1304,0,0,0,1304
08/10/2005,EWR,NJ,AEA,EN,Towers with Radar,797,527,36,0,1360,0,0,0,0,0,797,527,36,0,1360,0,0,0,1360
08/11/2005,EWR,NJ,AEA,EN,Towers with Radar,808,516,47,0,1371,0,0,0,0,0,808,516,47,0,1371,0,0,0,1371
08/12/2005,EWR,NJ,AEA,EN,Towers with Radar,782,507,47,0,1336,0,0,0,0,0,782,507,47,0,1336,0,0,0,1336
08/13/2005,EWR,NJ,AEA,EN,Towers with Radar,655,392,32,0,1079,0,0,0,0,0,655,392,32,0,1079,0,0,0,1079
08/14/2005,EWR,NJ,AEA,EN,Towers with Radar,581,290,14,0,885,0,0,0,0,0,581,290,14,0,885,0,0,0,885
08/15/2005,EWR,NJ,AEA,EN,Towers with Radar,818,536,35,0,1389,0,0,0,0,0,818,536,35,0,1389,0,0,0,1389
08/16/2005,EWR,NJ,AEA,EN,Towers with Radar,786,502,26,0,1314,0,0,0,0,0,786,502,26,0,1314,0,0,0,1314
08/17/2005,EWR,NJ,AEA,EN,Towers with Radar,815,528,48,0,1391,0,0,0,0,0,815,528,48,0,1391,0,0,0,1391
08/18/2005,EWR,NJ,AEA,EN,Towers with Radar,808,514,58,0,1380,0,0,0,0,0,808,514,58,0,1380,0,0,0,1380
08/19/2005,EWR,NJ,AEA,EN,Towers with Radar,802,481,40,0,1323,0,0,0,0,0,802,481,40,0,1323,0,0,0,1323
08/20/2005,EWR,NJ,AEA,EN,Towers with Radar,645,399,22,0,1066,0,0,0,0,0,645,399,22,0,1066,0,0,0,1066
08/21/2005,EWR,NJ,AEA,EN,Towers with Radar,696,470,22,0,1188,0,0,0,0,0,696,470,22,0,1188,0,0,0,1188
08/22/2005,EWR,NJ,AEA,EN,Towers with Radar,750,521,38,0,1309,0,0,0,0,0,750,521,38,0,1309,0,0,0,1309
08/23/2005,EWR,NJ,AEA,EN,Towers with Radar,794,532,57,1,1384,0,0,0,0,0,794,532,57,1,1384,0,0,0,1384
08/24/2005,EWR,NJ,AEA,EN,Towers with Radar,785,534,51,0,1370,0,0,0,0,0,785,534,51,0,1370,0,0,0,1370
08/25/2005,EWR,NJ,AEA,EN,Towers with Radar,792,539,63,0,1394,0,0,0,0,0,792,539,63,0,1394,0,0,0,1394
08/26/2005,EWR,NJ,AEA,EN,Towers with Radar,780,526,28,0,1334,0,0,0,2,2,780,526,28,2,1336,0,0,0,1336
08/27/2005,EWR,NJ,AEA,EN,Towers with Radar,643,402,18,0,1063,0,0,0,0,0,643,402,18,0,1063,1,0,1,1064
08/28/2005,EWR,NJ,AEA,EN,Towers with Radar,675,460,17,0,1152,0,0,0,0,0,675,460,17,0,1152,0,0,0,1152
08/29/2005,EWR,NJ,AEA,EN,Towers with Radar,746,523,33,0,1302,0,0,0,0,0,746,523,33,0,1302,0,0,0,1302
08/30/2005,EWR,NJ,AEA,EN,Towers with Radar,819,522,41,0,1382,0,0,0,0,0,819,522,41,0,1382,0,0,0,1382
08/31/2005,EWR,NJ,AEA,EN,Towers with Radar,776,501,40,0,1317,0,0,0,0,0,776,501,40,0,1317,0,0,0,1317
09/01/2005,EWR,NJ,AEA,EN,Towers with Radar,825,534,58,0,1417,0,0,0,0,0,825,534,58,0,1417,0,0,0,1417
09/02/2005,EWR,NJ,AEA,EN,Towers with Radar,806,525,33,0,1364,0,0,0,0,0,806,525,33,0,1364,0,0,0,1364
09/03/2005,EWR,NJ,AEA,EN,Towers with Radar,620,391,14,0,1025,0,0,0,0,0,620,391,14,0,1025,0,0,0,1025
09/04/2005,EWR,NJ,AEA,EN,Towers with Radar,593,299,26,0,918,0,0,0,0,0,593,299,26,0,918,0,0,0,918
09/05/2005,EWR,NJ,AEA,EN,Towers with Radar,680,439,31,0,1150,0,0,0,0,0,680,439,31,0,1150,0,0,0,1150
09/06/2005,EWR,NJ,AEA,EN,Towers with Radar,709,514,68,1,1292,0,0,0,0,0,709,514,68,1,1292,0,0,0,1292
09/07/2005,EWR,NJ,AEA,EN,Towers with Radar,748,518,64,0,1330,0,0,0,0,0,748,518,64,0,1330,0,0,0,1330
09/08/2005,EWR,NJ,AEA,EN,Towers with Radar,758,508,36,1,1303,0,0,0,0,0,758,508,36,1,1303,0,0,0,1303
09/09/2005,EWR,NJ,AEA,EN,Towers with Radar,739,495,32,1,1267,0,0,0,0,0,739,495,32,1,1267,0,0,0,1267
09/10/2005,EWR,NJ,AEA,EN,Towers with Radar,560,308,28,0,896,0,0,0,0,0,560,308,28,0,896,0,0,0,896
09/11/2005,EWR,NJ,AEA,EN,Towers with Radar,634,409,31,0,1074,0,0,0,0,0,634,409,31,0,1074,0,0,0,1074
09/12/2005,EWR,NJ,AEA,EN,Towers with Radar,705,496,35,0,1236,0,0,0,0,0,705,496,35,0,1236,0,0,0,1236
09/13/2005,EWR,NJ,AEA,EN,Towers with Radar,737,493,59,0,1289,0,0,0,0,0,737,493,59,0,1289,0,0,0,1289
09/14/2005,EWR,NJ,AEA,EN,Towers with Radar,680,432,45,0,1157,0,0,0,0,0,680,432,45,0,1157,0,0,0,1157
09/15/2005,EWR,NJ,AEA,EN,Towers with Radar,790,486,43,0,1319,0,0,0,0,0,790,486,43,0,1319,0,0,0,1319
09/16/2005,EWR,NJ,AEA,EN,Towers with Radar,760,493,52,0,1305,0,0,0,0,0,760,493,52,0,1305,0,0,0,1305
09/17/2005,EWR,NJ,AEA,EN,Towers with Radar,571,303,25,0,899,0,0,0,0,0,571,303,25,0,899,0,0,0,899
09/18/2005,EWR,NJ,AEA,EN,Towers with Radar,643,404,39,0,1086,0,0,0,0,0,643,404,39,0,1086,0,0,0,1086
09/19/2005,EWR,NJ,AEA,EN,Towers with Radar,693,499,36,0,1228,0,0,0,0,0,693,499,36,0,1228,0,0,0,1228
09/20/2005,EWR,NJ,AEA,EN,Towers with Radar,737,502,51,0,1290,0,0,0,0,0,737,502,51,0,1290,0,0,0,1290
09/21/2005,EWR,NJ,AEA,EN,Towers with Radar,727,506,52,0,1285,0,0,0,0,0,727,506,52,0,1285,0,0,0,1285
09/22/2005,EWR,NJ,AEA,EN,Towers with Radar,750,514,59,0,1323,0,0,0,0,0,750,514,59,0,1323,0,0,0,1323
09/23/2005,EWR,NJ,AEA,EN,Towers with Radar,758,504,50,0,1312,0,0,0,0,0,758,504,50,0,1312,0,0,0,1312
09/24/2005,EWR,NJ,AEA,EN,Towers with Radar,532,322,21,0,875,0,0,0,0,0,532,322,21,0,875,0,0,0,875
09/25/2005,EWR,NJ,AEA,EN,Towers with Radar,625,399,24,0,1048,0,0,0,0,0,625,399,24,0,1048,0,0,0,1048
09/26/2005,EWR,NJ,AEA,EN,Towers with Radar,682,459,37,0,1178,0,0,0,0,0,682,459,37,0,1178,0,0,0,1178
09/27/2005,EWR,NJ,AEA,EN,Towers with Radar,742,512,52,0,1306,0,0,0,0,0,742,512,52,0,1306,0,0,0,1306
09/28/2005,EWR,NJ,AEA,EN,Towers with Radar,737,497,35,0,1269,0,0,0,0,0,737,497,35,0,1269,0,0,0,1269
09/29/2005,EWR,NJ,AEA,EN,Towers with Radar,768,466,30,0,1264,0,0,0,0,0,768,466,30,0,1264,0,0,0,1264
09/30/2005,EWR,NJ,AEA,EN,Towers with Radar,759,508,50,0,1317,0,0,0,0,0,759,508,50,0,1317,0,0,0,1317
10/01/2005,EWR,NJ,AEA,EN,Towers with Radar,616,332,43,0,991,0,0,0,0,0,616,332,43,0,991,0,0,0,991
10/02/2005,EWR,NJ,AEA,EN,Towers with Radar,648,429,14,0,1091,0,0,0,0,0,648,429,14,0,1091,0,0,0,1091
10/03/2005,EWR,NJ,AEA,EN,Towers with Radar,712,481,32,0,1225,0,0,0,0,0,712,481,32,0,1225,0,0,0,1225
10/04/2005,EWR,NJ,AEA,EN,Towers with Radar,744,523,24,0,1291,0,0,0,0,0,744,523,24,0,1291,0,0,0,1291
10/05/2005,EWR,NJ,AEA,EN,Towers with Radar,767,512,32,0,1311,0,0,0,0,0,767,512,32,0,1311,0,0,0,1311
10/06/2005,EWR,NJ,AEA,EN,Towers with Radar,798,504,51,0,1353,0,0,0,0,0,798,504,51,0,1353,0,0,0,1353
10/07/2005,EWR,NJ,AEA,EN,Towers with Radar,757,441,47,0,1245,0,0,7,0,7,757,441,54,0,1252,0,0,0,1252
10/08/2005,EWR,NJ,AEA,EN,Towers with Radar,662,339,9,0,1010,0,0,0,0,0,662,339,9,0,1010,0,0,0,1010
10/09/2005,EWR,NJ,AEA,EN,Towers with Radar,623,423,16,0,1062,0,0,1,0,1,623,423,17,0,1063,0,0,0,1063
10/10/2005,EWR,NJ,AEA,EN,Towers with Radar,708,456,25,0,1189,0,0,0,0,0,708,456,25,0,1189,0,0,0,1189
10/11/2005,EWR,NJ,AEA,EN,Towers with Radar,765,470,28,0,1263,0,0,4,0,4,765,470,32,0,1267,0,0,0,1267
10/12/2005,EWR,NJ,AEA,EN,Towers with Radar,672,335,21,0,1028,0,0,0,0,0,672,335,21,0,1028,0,0,0,1028
10/13/2005,EWR,NJ,AEA,EN,Towers with Radar,738,379,40,0,1157,0,0,0,0,0,738,379,40,0,1157,0,0,0,1157
10/14/2005,EWR,NJ,AEA,EN,Towers with Radar,771,386,50,1,1208,0,0,0,0,0,771,386,50,1,1208,0,0,0,1208
10/15/2005,EWR,NJ,AEA,EN,Towers with Radar,677,361,39,0,1077,0,0,0,0,0,677,361,39,0,1077,0,0,0,1077
10/16/2005,EWR,NJ,AEA,EN,Towers with Radar,670,410,29,0,1109,0,0,0,0,0,670,410,29,0,1109,0,0,0,1109
10/17/2005,EWR,NJ,AEA,EN,Towers with Radar,763,500,40,0,1303,0,0,0,0,0,763,500,40,0,1303,0,0,0,1303
10/18/2005,EWR,NJ,AEA,EN,Towers with Radar,774,508,43,0,1325,0,0,0,0,0,774,508,43,0,1325,0,0,0,1325
10/19/2005,EWR,NJ,AEA,EN,Towers with Radar,795,518,52,0,1365,0,0,0,0,0,795,518,52,0,1365,0,0,0,1365
10/20/2005,EWR,NJ,AEA,EN,Towers with Radar,816,519,56,0,1391,0,0,0,0,0,816,519,56,0,1391,0,0,0,1391
10/21/2005,EWR,NJ,AEA,EN,Towers with Radar,804,514,34,0,1352,0,0,0,0,0,804,514,34,0,1352,0,0,0,1352
10/22/2005,EWR,NJ,AEA,EN,Towers with Radar,633,345,14,0,992,0,0,0,0,0,633,345,14,0,992,0,0,0,992
10/23/2005,EWR,NJ,AEA,EN,Towers with Radar,685,423,38,0,1146,0,0,0,0,0,685,423,38,0,1146,0,0,0,1146
10/24/2005,EWR,NJ,AEA,EN,Towers with Radar,671,448,39,0,1158,0,0,0,0,0,671,448,39,0,1158,0,0,0,1158
10/25/2005,EWR,NJ,AEA,EN,Towers with Radar,691,361,27,0,1079,0,0,0,0,0,691,361,27,0,1079,0,0,0,1079
10/26/2005,EWR,NJ,AEA,EN,Towers with Radar,747,508,44,0,1299,0,0,0,0,0,747,508,44,0,1299,0,0,0,1299
10/27/2005,EWR,NJ,AEA,EN,Towers with Radar,803,513,79,0,1395,0,0,0,0,0,803,513,79,0,1395,0,0,0,1395
10/28/2005,EWR,NJ,AEA,EN,Towers with Radar,784,509,44,0,1337,0,0,0,0,0,784,509,44,0,1337,0,0,0,1337
10/29/2005,EWR,NJ,AEA,EN,Towers with Radar,631,346,37,0,1014,0,0,0,0,0,631,346,37,0,1014,0,0,0,1014
10/30/2005,EWR,NJ,AEA,EN,Towers with Radar,670,426,30,0,1126,0,0,0,0,0,670,426,30,0,1126,0,0,0,1126
10/31/2005,EWR,NJ,AEA,EN,Towers with Radar,717,481,25,0,1223,0,0,0,0,0,717,481,25,0,1223,0,0,0,1223
11/01/2005,EWR,NJ,AEA,EN,Towers with Radar,771,488,33,0,1292,0,0,0,0,0,771,488,33,0,1292,0,0,0,1292
11/02/2005,EWR,NJ,AEA,EN,Towers with Radar,775,494,42,0,1311,0,0,0,0,0,775,494,42,0,1311,0,0,0,1311
11/03/2005,EWR,NJ,AEA,EN,Towers with Radar,773,485,83,0,1341,0,0,0,0,0,773,485,83,0,1341,0,0,0,1341
11/04/2005,EWR,NJ,AEA,EN,Towers with Radar,818,515,66,6,1405,0,0,0,0,0,818,515,66,6,1405,0,0,0,1405
11/05/2005,EWR,NJ,AEA,EN,Towers with Radar,628,328,17,4,977,0,0,0,0,0,628,328,17,4,977,0,0,0,977
11/06/2005,EWR,NJ,AEA,EN,Towers with Radar,649,350,30,0,1029,0,0,0,0,0,649,350,30,0,1029,0,0,0,1029
11/07/2005,EWR,NJ,AEA,EN,Towers with Radar,785,507,29,0,1321,0,0,0,0,0,785,507,29,0,1321,0,0,0,1321
11/08/2005,EWR,NJ,AEA,EN,Towers with Radar,780,491,38,0,1309,0,0,0,0,0,780,491,38,0,1309,0,0,0,1309
11/09/2005,EWR,NJ,AEA,EN,Towers with Radar,742,446,37,0,1225,0,0,0,0,0,742,446,37,0,1225,0,0,0,1225
11/10/2005,EWR,NJ,AEA,EN,Towers with Radar,822,469,44,1,1336,0,0,0,0,0,822,469,44,1,1336,0,0,0,1336
11/11/2005,EWR,NJ,AEA,EN,Towers with Radar,811,479,22,0,1312,0,0,0,0,0,811,479,22,0,1312,0,0,0,1312
11/12/2005,EWR,NJ,AEA,EN,Towers with Radar,634,319,36,0,989,0,0,0,0,0,634,319,36,0,989,0,0,0,989
11/13/2005,EWR,NJ,AEA,EN,Towers with Radar,680,414,25,1,1120,0,0,0,0,0,680,414,25,1,1120,0,0,0,1120
11/14/2005,EWR,NJ,AEA,EN,Towers with Radar,738,483,47,0,1268,0,0,0,0,0,738,483,47,0,1268,0,0,0,1268
11/15/2005,EWR,NJ,AEA,EN,Towers with Radar,749,430,35,0,1214,0,0,0,0,0,749,430,35,0,1214,0,0,0,1214
11/16/2005,EWR,NJ,AEA,EN,Towers with Radar,760,414,33,0,1207,0,0,0,0,0,760,414,33,0,1207,0,0,0,1207
11/17/2005,EWR,NJ,AEA,EN,Towers with Radar,850,514,54,0,1418,0,0,0,0,0,850,514,54,0,1418,0,0,0,1418
11/18/2005,EWR,NJ,AEA,EN,Towers with Radar,792,477,26,0,1295,0,0,0,0,0,792,477,26,0,1295,0,0,0,1295
11/19/2005,EWR,NJ,AEA,EN,Towers with Radar,635,323,10,0,968,0,0,1,0,1,635,323,11,0,969,0,0,0,969
11/20/2005,EWR,NJ,AEA,EN,Towers with Radar,702,403,36,0,1141,0,0,0,0,0,702,403,36,0,1141,0,0,0,1141
11/21/2005,EWR,NJ,AEA,EN,Towers with Radar,733,483,50,0,1266,0,0,0,0,0,733,483,50,0,1266,0,0,0,1266
11/22/2005,EWR,NJ,AEA,EN,Towers with Radar,801,428,31,0,1260,0,0,13,0,13,801,428,44,0,1273,0,0,0,1273
11/23/2005,EWR,NJ,AEA,EN,Towers with Radar,817,497,39,0,1353,0,0,0,0,0,817,497,39,0,1353,0,0,0,1353
11/24/2005,EWR,NJ,AEA,EN,Towers with Radar,542,277,10,0,829,0,0,0,0,0,542,277,10,0,829,0,0,0,829
11/25/2005,EWR,NJ,AEA,EN,Towers with Radar,597,261,13,0,871,0,0,0,0,0,597,261,13,0,871,0,0,0,871
11/26/2005,EWR,NJ,AEA,EN,Towers with Radar,656,381,7,0,1044,0,0,0,0,0,656,381,7,0,1044,0,0,0,1044
11/27/2005,EWR,NJ,AEA,EN,Towers with Radar,699,468,50,0,1217,0,0,0,0,0,699,468,50,0,1217,0,0,0,1217
11/28/2005,EWR,NJ,AEA,EN,Towers with Radar,795,484,53,0,1332,0,0,0,0,0,795,484,53,0,1332,0,0,0,1332
11/29/2005,EWR,NJ,AEA,EN,Towers with Radar,732,400,41,0,1173,0,0,0,0,0,732,400,41,0,1173,0,0,0,1173
11/30/2005,EWR,NJ,AEA,EN,Towers with Radar,837,517,61,0,1415,0,0,0,0,0,837,517,61,0,1415,0,0,0,1415
12/01/2005,EWR,NJ,AEA,EN,Towers with Radar,799,496,80,0,1375,0,0,0,0,0,799,496,80,0,1375,0,0,0,1375
12/02/2005,EWR,NJ,AEA,EN,Towers with Radar,789,448,46,0,1283,0,0,0,0,0,789,448,46,0,1283,0,0,0,1283
12/03/2005,EWR,NJ,AEA,EN,Towers with Radar,616,325,34,0,975,0,0,0,0,0,616,325,34,0,975,0,0,0,975
12/04/2005,EWR,NJ,AEA,EN,Towers with Radar,667,359,50,0,1076,0,0,0,0,0,667,359,50,0,1076,0,0,0,1076
12/05/2005,EWR,NJ,AEA,EN,Towers with Radar,723,449,44,0,1216,0,0,0,0,0,723,449,44,0,1216,0,0,0,1216
12/06/2005,EWR,NJ,AEA,EN,Towers with Radar,762,378,54,0,1194,0,0,0,0,0,762,378,54,0,1194,0,0,0,1194
12/07/2005,EWR,NJ,AEA,EN,Towers with Radar,768,494,55,0,1317,0,0,17,0,17,768,494,72,0,1334,0,0,0,1334
12/08/2005,EWR,NJ,AEA,EN,Towers with Radar,796,464,59,0,1319,0,0,0,0,0,796,464,59,0,1319,0,0,0,1319
12/09/2005,EWR,NJ,AEA,EN,Towers with Radar,680,282,61,0,1023,0,0,0,0,0,680,282,61,0,1023,0,0,0,1023
12/10/2005,EWR,NJ,AEA,EN,Towers with Radar,651,331,23,0,1005,0,0,0,0,0,651,331,23,0,1005,0,0,0,1005
12/11/2005,EWR,NJ,AEA,EN,Towers with Radar,702,405,25,0,1132,0,0,0,0,0,702,405,25,0,1132,0,0,0,1132
12/12/2005,EWR,NJ,AEA,EN,Towers with Radar,740,477,38,0,1255,0,0,0,0,0,740,477,38,0,1255,0,0,0,1255
12/13/2005,EWR,NJ,AEA,EN,Towers with Radar,781,498,39,0,1318,0,0,0,0,0,781,498,39,0,1318,0,0,0,1318
12/14/2005,EWR,NJ,AEA,EN,Towers with Radar,776,477,42,0,1295,0,0,0,0,0,776,477,42,0,1295,0,0,0,1295
12/15/2005,EWR,NJ,AEA,EN,Towers with Radar,804,465,91,0,1360,0,0,0,0,0,804,465,91,0,1360,0,0,0,1360
12/16/2005,EWR,NJ,AEA,EN,Towers with Radar,884,478,23,2,1387,0,0,0,0,0,884,478,23,2,1387,0,0,0,1387
12/17/2005,EWR,NJ,AEA,EN,Towers with Radar,740,355,19,0,1114,0,0,0,0,0,740,355,19,0,1114,0,0,0,1114
12/18/2005,EWR,NJ,AEA,EN,Towers with Radar,729,418,18,0,1165,0,0,0,0,0,729,418,18,0,1165,0,0,0,1165
12/19/2005,EWR,NJ,AEA,EN,Towers with Radar,764,464,34,0,1262,0,0,0,0,0,764,464,34,0,1262,0,0,0,1262
12/20/2005,EWR,NJ,AEA,EN,Towers with Radar,854,479,44,0,1377,0,0,0,0,0,854,479,44,0,1377,0,0,0,1377
12/21/2005,EWR,NJ,AEA,EN,Towers with Radar,875,490,48,0,1413,0,0,0,0,0,875,490,48,0,1413,0,0,0,1413
12/22/2005,EWR,NJ,AEA,EN,Towers with Radar,908,486,27,0,1421,0,0,0,0,0,908,486,27,0,1421,0,0,0,1421
12/23/2005,EWR,NJ,AEA,EN,Towers with Radar,908,488,25,0,1421,0,0,0,0,0,908,488,25,0,1421,0,0,0,1421
12/24/2005,EWR,NJ,AEA,EN,Towers with Radar,680,312,14,0,1006,0,0,0,0,0,680,312,14,0,1006,0,0,0,1006
12/25/2005,EWR,NJ,AEA,EN,Towers with Radar,646,330,9,0,985,0,0,0,0,0,646,330,9,0,985,0,0,0,985
12/26/2005,EWR,NJ,AEA,EN,Towers with Radar,739,449,13,0,1201,0,0,0,0,0,739,449,13,0,1201,0,0,0,1201
12/27/2005,EWR,NJ,AEA,EN,Towers with Radar,775,464,11,0,1250,0,0,19,0,19,775,464,30,0,1269,0,0,0,1269
12/28/2005,EWR,NJ,AEA,EN,Towers with Radar,829,478,21,0,1328,0,0,0,0,0,829,478,21,0,1328,0,0,0,1328
12/29/2005,EWR,NJ,AEA,EN,Towers with Radar,816,445,9,0,1270,0,0,0,0,0,816,445,9,0,1270,0,0,0,1270
12/30/2005,EWR,NJ,AEA,EN,Towers with Radar,835,478,27,0,1340,0,0,0,0,0,835,478,27,0,1340,0,0,0,1340
12/31/2005,EWR,NJ,AEA,EN,Towers with Radar,640,293,6,0,939,0,0,0,0,0,640,293,6,0,939,0,0,0,939
01/01/2006,EWR,NJ,AEA,EN,Towers with Radar,641,335,11,0,987,0,0,5,0,5,641,335,16,0,992,0,0,0,992
01/02/2006,EWR,NJ,AEA,EN,Towers with Radar,719,448,12,0,1179,0,0,0,0,0,719,448,12,0,1179,0,0,0,1179
01/03/2006,EWR,NJ,AEA,EN,Towers with Radar,723,296,20,0,1039,0,0,0,0,0,723,296,20,0,1039,0,0,0,1039
01/04/2006,EWR,NJ,AEA,EN,Towers with Radar,805,454,29,0,1288,0,0,13,0,13,805,454,42,0,1301,0,0,0,1301
01/05/2006,EWR,NJ,AEA,EN,Towers with Radar,779,447,41,0,1267,0,0,0,0,0,779,447,41,0,1267,0,0,0,1267
01/06/2006,EWR,NJ,AEA,EN,Towers with Radar,763,432,37,0,1232,0,0,0,0,0,763,432,37,0,1232,0,0,0,1232
01/07/2006,EWR,NJ,AEA,EN,Towers with Radar,620,303,16,0,939,0,0,10,0,10,620,303,26,0,949,0,0,0,949
01/08/2006,EWR,NJ,AEA,EN,Towers with Radar,0,0,0,0,0,645,388,35,2,1070,645,388,35,2,1070,0,0,0,1070
01/09/2006,EWR,NJ,AEA,EN,Towers with Radar,717,435,20,2,1174,0,0,12,0,12,717,435,32,2,1186,0,0,0,1186
01/10/2006,EWR,NJ,AEA,EN,Towers with Radar,753,466,19,0,1238,0,0,5,0,5,753,466,24,0,1243,0,0,0,1243
01/11/2006,EWR,NJ,AEA,EN,Towers with Radar,716,389,30,0,1135,0,0,3,0,3,716,389,33,0,1138,0,0,0,1138
01/12/2006,EWR,NJ,AEA,EN,Towers with Radar,800,444,43,0,1287,0,0,0,0,0,800,444,43,0,1287,0,0,0,1287
01/13/2006,EWR,NJ,AEA,EN,Towers with Radar,731,374,30,2,1137,0,0,0,0,0,731,374,30,2,1137,0,0,0,1137
01/14/2006,EWR,NJ,AEA,EN,Towers with Radar,645,320,15,0,980,0,0,0,0,0,645,320,15,0,980,0,0,0,980
01/15/2006,EWR,NJ,AEA,EN,Towers with Radar,610,310,6,0,926,0,0,0,0,0,610,310,6,0,926,0,0,0,926
01/16/2006,EWR,NJ,AEA,EN,Towers with Radar,715,442,29,0,1186,0,0,9,0,9,715,442,38,0,1195,0,0,0,1195
01/17/2006,EWR,NJ,AEA,EN,Towers with Radar,688,468,64,0,1220,0,0,9,0,9,688,468,73,0,1229,0,0,0,1229
01/18/2006,EWR,NJ,AEA,EN,Towers with Radar,725,362,30,0,1117,0,0,0,0,0,725,362,30,0,1117,0,0,0,1117
01/19/2006,EWR,NJ,AEA,EN,Towers with Radar,758,456,39,0,1253,0,0,0,0,0,758,456,39,0,1253,0,0,0,1253
01/20/2006,EWR,NJ,AEA,EN,Towers with Radar,772,461,40,0,1273,0,0,0,0,0,772,461,40,0,1273,0,0,0,1273
01/21/2006,EWR,NJ,AEA,EN,Towers with Radar,610,302,14,0,926,0,0,0,0,0,610,302,14,0,926,0,0,0,926
01/22/2006,EWR,NJ,AEA,EN,Towers with Radar,630,391,10,0,1031,0,0,0,0,0,630,391,10,0,1031,0,0,0,1031
01/23/2006,EWR,NJ,AEA,EN,Towers with Radar,685,439,21,0,1145,0,0,0,0,0,685,439,21,0,1145,0,0,0,1145
01/24/2006,EWR,NJ,AEA,EN,Towers with Radar,750,463,38,2,1253,0,0,0,0,0,750,463,38,2,1253,0,0,0,1253
01/25/2006,EWR,NJ,AEA,EN,Towers with Radar,742,447,46,0,1235,0,0,0,0,0,742,447,46,0,1235,0,0,0,1235
01/26/2006,EWR,NJ,AEA,EN,Towers with Radar,768,455,38,0,1261,0,0,0,0,0,768,455,38,0,1261,0,0,0,1261
01/27/2006,EWR,NJ,AEA,EN,Towers with Radar,750,457,27,0,1234,0,0,0,0,0,750,457,27,0,1234,0,0,0,1234
01/28/2006,EWR,NJ,AEA,EN,Towers with Radar,610,297,17,0,924,0,0,0,0,0,610,297,17,0,924,0,0,0,924
01/29/2006,EWR,NJ,AEA,EN,Towers with Radar,602,384,7,0,993,0,0,7,0,7,602,384,14,0,1000,0,0,0,1000
01/30/2006,EWR,NJ,AEA,EN,Towers with Radar,696,453,54,0,1203,0,0,0,0,0,696,453,54,0,1203,0,0,0,1203
01/31/2006,EWR,NJ,AEA,EN,Towers with Radar,732,423,30,0,1185,0,0,0,0,0,732,423,30,0,1185,0,0,0,1185
02/01/2006,EWR,NJ,AEA,EN,Towers with Radar,766,440,47,1,1254,0,0,0,0,0,766,440,47,1,1254,0,0,0,1254
02/02/2006,EWR,NJ,AEA,EN,Towers with Radar,773,456,38,0,1267,0,0,0,0,0,773,456,38,0,1267,0,0,0,1267
02/03/2006,EWR,NJ,AEA,EN,Towers with Radar,756,430,37,0,1223,0,0,0,0,0,756,430,37,0,1223,0,0,0,1223
02/04/2006,EWR,NJ,AEA,EN,Towers with Radar,618,300,12,0,930,0,0,2,0,2,618,300,14,0,932,0,0,0,932
02/05/2006,EWR,NJ,AEA,EN,Towers with Radar,639,385,9,0,1033,0,0,7,0,7,639,385,16,0,1040,0,0,0,1040
02/06/2006,EWR,NJ,AEA,EN,Towers with Radar,708,415,21,0,1144,0,0,6,0,6,708,415,27,0,1150,0,0,0,1150
02/07/2006,EWR,NJ,AEA,EN,Towers with Radar,762,448,43,0,1253,0,0,0,0,0,762,448,43,0,1253,0,0,0,1253
02/08/2006,EWR,NJ,AEA,EN,Towers with Radar,773,448,38,0,1259,0,0,0,0,0,773,448,38,0,1259,0,0,0,1259
02/09/2006,EWR,NJ,AEA,EN,Towers with Radar,774,451,41,0,1266,0,0,0,0,0,774,451,41,0,1266,0,0,0,1266
02/10/2006,EWR,NJ,AEA,EN,Towers with Radar,758,452,45,0,1255,0,0,0,0,0,758,452,45,0,1255,0,0,0,1255
02/11/2006,EWR,NJ,AEA,EN,Towers with Radar,545,250,9,0,804,0,0,2,0,2,545,250,11,0,806,0,0,0,806
02/12/2006,EWR,NJ,AEA,EN,Towers with Radar,130,9,4,0,143,0,0,0,0,0,130,9,4,0,143,0,0,0,143
02/13/2006,EWR,NJ,AEA,EN,Towers with Radar,685,312,49,0,1046,0,0,21,0,21,685,312,70,0,1067,0,0,0,1067
02/14/2006,EWR,NJ,AEA,EN,Towers with Radar,767,459,41,0,1267,0,0,0,0,0,767,459,41,0,1267,0,0,0,1267
02/15/2006,EWR,NJ,AEA,EN,Towers with Radar,751,458,55,2,1266,0,0,0,0,0,751,458,55,2,1266,0,0,0,1266
02/16/2006,EWR,NJ,AEA,EN,Towers with Radar,786,472,55,0,1313,0,0,0,0,0,786,472,55,0,1313,0,0,0,1313
02/17/2006,EWR,NJ,AEA,EN,Towers with Radar,793,340,32,0,1165,0,0,0,0,0,793,340,32,0,1165,0,0,0,1165
02/18/2006,EWR,NJ,AEA,EN,Towers with Radar,683,329,13,1,1026,0,0,0,0,0,683,329,13,1,1026,0,0,0,1026
02/19/2006,EWR,NJ,AEA,EN,Towers with Radar,697,374,12,0,1083,0,0,0,0,0,697,374,12,0,1083,0,0,0,1083
02/20/2006,EWR,NJ,AEA,EN,Towers with Radar,755,460,21,0,1236,0,0,0,0,0,755,460,21,0,1236,0,0,0,1236
02/21/2006,EWR,NJ,AEA,EN,Towers with Radar,793,459,35,0,1287,0,0,0,0,0,793,459,35,0,1287,0,0,0,1287
02/22/2006,EWR,NJ,AEA,EN,Towers with Radar,804,456,36,0,1296,0,0,0,0,0,804,456,36,0,1296,0,0,0,1296
02/23/2006,EWR,NJ,AEA,EN,Towers with Radar,810,460,47,0,1317,0,0,0,0,0,810,460,47,0,1317,0,0,0,1317
02/24/2006,EWR,NJ,AEA,EN,Towers with Radar,776,387,26,0,1189,0,0,0,0,0,776,387,26,0,1189,0,0,0,1189
02/25/2006,EWR,NJ,AEA,EN,Towers with Radar,692,339,10,0,1041,0,0,3,0,3,692,339,13,0,1044,0,0,0,1044
02/26/2006,EWR,NJ,AEA,EN,Towers with Radar,704,368,13,0,1085,0,0,4,0,4,704,368,17,0,1089,0,0,0,1089
02/27/2006,EWR,NJ,AEA,EN,Towers with Radar,762,460,32,0,1254,0,0,0,0,0,762,460,32,0,1254,0,0,0,1254
02/28/2006,EWR,NJ,AEA,EN,Towers with Radar,810,469,47,1,1327,0,0,0,0,0,810,469,47,1,1327,0,0,0,1327
03/01/2006,EWR,NJ,AEA,EN,Towers with Radar,816,463,27,0,1306,0,0,0,0,0,816,463,27,0,1306,0,0,0,1306
03/02/2006,EWR,NJ,AEA,EN,Towers with Radar,720,348,28,0,1096,0,0,0,0,0,720,348,28,0,1096,0,0,0,1096
03/03/2006,EWR,NJ,AEA,EN,Towers with Radar,813,453,41,0,1307,0,0,0,0,0,813,453,41,0,1307,0,0,0,1307
03/04/2006,EWR,NJ,AEA,EN,Towers with Radar,681,361,19,0,1061,0,0,0,0,0,681,361,19,0,1061,0,0,0,1061
03/05/2006,EWR,NJ,AEA,EN,Towers with Radar,715,392,12,0,1119,0,0,0,0,0,715,392,12,0,1119,0,0,0,1119
03/06/2006,EWR,NJ,AEA,EN,Towers with Radar,770,481,20,3,1274,0,0,0,0,0,770,481,20,3,1274,0,0,0,1274
03/07/2006,EWR,NJ,AEA,EN,Towers with Radar,823,486,44,0,1353,0,0,0,0,0,823,486,44,0,1353,0,0,0,1353
03/08/2006,EWR,NJ,AEA,EN,Towers with Radar,846,487,28,0,1361,0,0,0,0,0,846,487,28,0,1361,0,0,0,1361
03/09/2006,EWR,NJ,AEA,EN,Towers with Radar,848,496,49,0,1393,0,0,0,0,0,848,496,49,0,1393,0,0,0,1393
03/10/2006,EWR,NJ,AEA,EN,Towers with Radar,821,490,39,0,1350,0,0,0,0,0,821,490,39,0,1350,0,0,0,1350
03/11/2006,EWR,NJ,AEA,EN,Towers with Radar,692,355,14,0,1061,0,0,1,0,1,692,355,15,0,1062,0,0,0,1062
03/12/2006,EWR,NJ,AEA,EN,Towers with Radar,716,386,26,0,1128,0,0,1,0,1,716,386,27,0,1129,0,0,0,1129
03/13/2006,EWR,NJ,AEA,EN,Towers with Radar,776,428,27,0,1231,0,0,0,0,0,776,428,27,0,1231,0,0,0,1231
03/14/2006,EWR,NJ,AEA,EN,Towers with Radar,783,431,27,0,1241,0,0,18,0,18,783,431,45,0,1259,0,0,0,1259
03/15/2006,EWR,NJ,AEA,EN,Towers with Radar,858,416,45,1,1320,0,0,1,0,1,858,416,46,1,1321,1,0,1,1322
03/16/2006,EWR,NJ,AEA,EN,Towers with Radar,874,491,43,1,1409,0,0,0,0,0,874,491,43,1,1409,0,0,0,1409
03/17/2006,EWR,NJ,AEA,EN,Towers with Radar,841,481,41,0,1363,0,0,0,0,0,841,481,41,0,1363,0,0,0,1363
03/18/2006,EWR,NJ,AEA,EN,Towers with Radar,694,348,4,0,1046,0,0,2,0,2,694,348,6,0,1048,0,0,0,1048
03/19/2006,EWR,NJ,AEA,EN,Towers with Radar,720,400,16,0,1136,0,0,3,0,3,720,400,19,0,1139,0,0,0,1139
03/20/2006,EWR,NJ,AEA,EN,Towers with Radar,782,472,26,0,1280,0,0,16,0,16,782,472,42,0,1296,0,0,0,1296
03/21/2006,EWR,NJ,AEA,EN,Towers with Radar,831,493,43,0,1367,0,0,0,0,0,831,493,43,0,1367,0,0,0,1367
03/22/2006,EWR,NJ,AEA,EN,Towers with Radar,832,477,35,0,1344,0,0,0,0,0,832,477,35,0,1344,0,0,0,1344
03/23/2006,EWR,NJ,AEA,EN,Towers with Radar,846,497,38,0,1381,0,0,0,0,0,846,497,38,0,1381,0,0,0,1381
03/24/2006,EWR,NJ,AEA,EN,Towers with Radar,840,478,51,0,1369,0,0,0,0,0,840,478,51,0,1369,0,0,0,1369
03/25/2006,EWR,NJ,AEA,EN,Towers with Radar,694,334,10,0,1038,0,0,1,0,1,694,334,11,0,1039,0,0,0,1039
03/26/2006,EWR,NJ,AEA,EN,Towers with Radar,725,397,11,0,1133,0,0,9,0,9,725,397,20,0,1142,0,0,0,1142
03/27/2006,EWR,NJ,AEA,EN,Towers with Radar,791,474,31,0,1296,0,0,0,0,0,791,474,31,0,1296,0,0,0,1296
03/28/2006,EWR,NJ,AEA,EN,Towers with Radar,834,487,40,0,1361,0,0,0,0,0,834,487,40,0,1361,0,0,0,1361
03/29/2006,EWR,NJ,AEA,EN,Towers with Radar,861,478,45,0,1384,0,0,0,0,0,861,478,45,0,1384,0,0,0,1384
03/30/2006,EWR,NJ,AEA,EN,Towers with Radar,854,495,39,0,1388,0,0,0,0,0,854,495,39,0,1388,0,0,0,1388
03/31/2006,EWR,NJ,AEA,EN,Towers with Radar,841,456,36,0,1333,0,0,0,0,0,841,456,36,0,1333,0,0,0,1333
04/01/2006,EWR,NJ,AEA,EN,Towers with Radar,679,347,12,0,1038,0,0,8,0,8,679,347,20,0,1046,0,0,0,1046
04/02/2006,EWR,NJ,AEA,EN,Towers with Radar,700,403,23,0,1126,0,0,0,0,0,700,403,23,0,1126,0,0,0,1126
04/03/2006,EWR,NJ,AEA,EN,Towers with Radar,763,468,18,0,1249,0,0,6,0,6,763,468,24,0,1255,0,0,0,1255
04/04/2006,EWR,NJ,AEA,EN,Towers with Radar,854,500,26,0,1380,0,0,0,0,0,854,500,26,0,1380,0,0,0,1380
04/05/2006,EWR,NJ,AEA,EN,Towers with Radar,823,441,47,0,1311,0,0,0,0,0,823,441,47,0,1311,0,0,0,1311
04/06/2006,EWR,NJ,AEA,EN,Towers with Radar,849,493,39,0,1381,0,0,0,0,0,849,493,39,0,1381,0,0,0,1381
04/07/2006,EWR,NJ,AEA,EN,Towers with Radar,818,432,17,0,1267,0,0,0,0,0,818,432,17,0,1267,0,0,0,1267
04/08/2006,EWR,NJ,AEA,EN,Towers with Radar,710,330,8,0,1048,0,0,1,0,1,710,330,9,0,1049,0,0,0,1049
04/09/2006,EWR,NJ,AEA,EN,Towers with Radar,710,389,9,0,1108,0,0,5,0,5,710,389,14,0,1113,0,0,0,1113
04/10/2006,EWR,NJ,AEA,EN,Towers with Radar,789,486,32,0,1307,0,0,0,0,0,789,486,32,0,1307,0,0,0,1307
04/11/2006,EWR,NJ,AEA,EN,Towers with Radar,816,489,46,0,1351,0,0,0,0,0,816,489,46,0,1351,0,0,0,1351
04/12/2006,EWR,NJ,AEA,EN,Towers with Radar,830,514,23,0,1367,0,0,22,0,22,830,514,45,0,1389,0,0,0,1389
04/13/2006,EWR,NJ,AEA,EN,Towers with Radar,791,441,45,0,1277,0,0,0,0,0,791,441,45,0,1277,0,0,0,1277
04/14/2006,EWR,NJ,AEA,EN,Towers with Radar,860,472,12,0,1344,0,0,0,0,0,860,472,12,0,1344,0,0,0,1344
04/15/2006,EWR,NJ,AEA,EN,Towers with Radar,712,338,9,0,1059,0,0,0,0,0,712,338,9,0,1059,0,0,0,1059
04/16/2006,EWR,NJ,AEA,EN,Towers with Radar,691,404,20,0,1115,0,0,0,0,0,691,404,20,0,1115,0,0,0,1115
04/17/2006,EWR,NJ,AEA,EN,Towers with Radar,800,494,34,0,1328,0,0,3,0,3,800,494,37,0,1331,0,0,0,1331
04/18/2006,EWR,NJ,AEA,EN,Towers with Radar,823,499,62,0,1384,0,0,0,0,0,823,499,62,0,1384,0,0,0,1384
04/19/2006,EWR,NJ,AEA,EN,Towers with Radar,824,491,29,0,1344,0,0,0,0,0,824,491,29,0,1344,0,0,0,1344
04/20/2006,EWR,NJ,AEA,EN,Towers with Radar,841,501,43,0,1385,0,0,0,0,0,841,501,43,0,1385,0,0,0,1385
04/21/2006,EWR,NJ,AEA,EN,Towers with Radar,820,498,36,0,1354,0,0,0,0,0,820,498,36,0,1354,0,0,0,1354
04/22/2006,EWR,NJ,AEA,EN,Towers with Radar,698,337,19,0,1054,0,0,5,0,5,698,337,24,0,1059,0,0,0,1059
04/23/2006,EWR,NJ,AEA,EN,Towers with Radar,720,359,16,0,1095,0,0,3,0,3,720,359,19,0,1098,0,0,0,1098
04/24/2006,EWR,NJ,AEA,EN,Towers with Radar,768,390,18,1,1177,0,0,8,0,8,768,390,26,1,1185,0,0,0,1185
04/25/2006,EWR,NJ,AEA,EN,Towers with Radar,821,501,31,0,1353,0,0,0,0,0,821,501,31,0,1353,0,0,0,1353
04/26/2006,EWR,NJ,AEA,EN,Towers with Radar,855,491,38,0,1384,0,0,0,0,0,855,491,38,0,1384,0,0,0,1384
04/27/2006,EWR,NJ,AEA,EN,Towers with Radar,844,500,40,0,1384,0,0,0,0,0,844,500,40,0,1384,0,0,0,1384
04/28/2006,EWR,NJ,AEA,EN,Towers with Radar,828,484,55,0,1367,0,0,0,0,0,828,484,55,0,1367,0,0,0,1367
04/29/2006,EWR,NJ,AEA,EN,Towers with Radar,693,332,33,0,1058,0,0,0,0,0,693,332,33,0,1058,0,0,0,1058
04/30/2006,EWR,NJ,AEA,EN,Towers with Radar,706,408,24,0,1138,0,0,0,0,0,706,408,24,0,1138,0,0,0,1138
05/01/2006,EWR,NJ,AEA,EN,Towers with Radar,786,501,28,0,1315,0,0,14,0,14,786,501,42,0,1329,0,0,0,1329
05/02/2006,EWR,NJ,AEA,EN,Towers with Radar,813,485,36,0,1334,0,0,0,0,0,813,485,36,0,1334,0,0,0,1334
05/03/2006,EWR,NJ,AEA,EN,Towers with Radar,798,501,27,0,1326,0,0,16,0,16,798,501,43,0,1342,0,0,0,1342
05/04/2006,EWR,NJ,AEA,EN,Towers with Radar,802,501,42,0,1345,0,0,0,0,0,802,501,42,0,1345,0,0,0,1345
05/05/2006,EWR,NJ,AEA,EN,Towers with Radar,803,486,49,0,1338,0,0,0,0,0,803,486,49,0,1338,0,0,0,1338
05/06/2006,EWR,NJ,AEA,EN,Towers with Radar,645,347,19,0,1011,0,0,0,0,0,645,347,19,0,1011,0,0,0,1011
05/07/2006,EWR,NJ,AEA,EN,Towers with Radar,686,420,26,0,1132,0,0,0,0,0,686,420,26,0,1132,0,0,0,1132
05/08/2006,EWR,NJ,AEA,EN,Towers with Radar,752,481,42,0,1275,0,0,17,0,17,752,481,59,0,1292,0,0,0,1292
05/09/2006,EWR,NJ,AEA,EN,Towers with Radar,789,495,27,0,1311,0,0,13,0,13,789,495,40,0,1324,0,0,0,1324
05/10/2006,EWR,NJ,AEA,EN,Towers with Radar,786,500,44,4,1334,0,0,19,0,19,786,500,63,4,1353,0,0,0,1353
05/11/2006,EWR,NJ,AEA,EN,Towers with Radar,769,458,42,2,1271,0,0,0,0,0,769,458,42,2,1271,0,0,0,1271
05/12/2006,EWR,NJ,AEA,EN,Towers with Radar,855,488,38,0,1381,0,0,0,0,0,855,488,38,0,1381,0,0,0,1381
05/13/2006,EWR,NJ,AEA,EN,Towers with Radar,688,345,12,2,1047,0,0,2,0,2,688,345,14,2,1049,0,0,0,1049
05/14/2006,EWR,NJ,AEA,EN,Towers with Radar,674,402,34,3,1113,0,0,0,0,0,674,402,34,3,1113,0,0,0,1113
05/15/2006,EWR,NJ,AEA,EN,Towers with Radar,730,440,31,0,1201,0,0,0,0,0,730,440,31,0,1201,0,0,0,1201
05/16/2006,EWR,NJ,AEA,EN,Towers with Radar,824,516,46,0,1386,0,0,5,0,5,824,516,51,0,1391,0,0,0,1391
05/17/2006,EWR,NJ,AEA,EN,Towers with Radar,790,507,47,0,1344,0,0,18,0,18,790,507,65,0,1362,0,0,0,1362
05/18/2006,EWR,NJ,AEA,EN,Towers with Radar,819,474,50,0,1343,0,0,0,0,0,819,474,50,0,1343,0,0,0,1343
05/19/2006,EWR,NJ,AEA,EN,Towers with Radar,798,470,22,0,1290,0,0,0,0,0,798,470,22,0,1290,0,0,0,1290
05/20/2006,EWR,NJ,AEA,EN,Towers with Radar,661,355,26,0,1042,0,0,0,0,0,661,355,26,0,1042,0,0,0,1042
05/21/2006,EWR,NJ,AEA,EN,Towers with Radar,681,402,11,0,1094,0,0,9,0,9,681,402,20,0,1103,0,0,0,1103
05/22/2006,EWR,NJ,AEA,EN,Towers with Radar,750,501,25,0,1276,0,0,33,0,33,750,501,58,0,1309,0,0,0,1309
05/23/2006,EWR,NJ,AEA,EN,Towers with Radar,802,499,38,0,1339,0,0,10,0,10,802,499,48,0,1349,0,0,0,1349
05/24/2006,EWR,NJ,AEA,EN,Towers with Radar,796,496,39,0,1331,0,0,12,0,12,796,496,51,0,1343,0,0,0,1343
05/25/2006,EWR,NJ,AEA,EN,Towers with Radar,819,498,54,1,1372,0,0,0,0,0,819,498,54,1,1372,0,0,0,1372
05/26/2006,EWR,NJ,AEA,EN,Towers with Radar,814,454,33,0,1301,0,0,0,0,0,814,454,33,0,1301,0,0,0,1301
05/27/2006,EWR,NJ,AEA,EN,Towers with Radar,658,354,11,0,1023,0,0,26,0,26,658,354,37,0,1049,0,0,0,1049
05/28/2006,EWR,NJ,AEA,EN,Towers with Radar,580,304,13,0,897,0,0,6,0,6,580,304,19,0,903,0,0,0,903
05/29/2006,EWR,NJ,AEA,EN,Towers with Radar,669,404,15,0,1088,0,0,12,0,12,669,404,27,0,1100,0,0,0,1100
05/30/2006,EWR,NJ,AEA,EN,Towers with Radar,740,488,20,0,1248,0,0,11,0,11,740,488,31,0,1259,0,0,0,1259
05/31/2006,EWR,NJ,AEA,EN,Towers with Radar,797,508,32,0,1337,0,0,14,0,14,797,508,46,0,1351,0,0,0,1351
06/01/2006,EWR,NJ,AEA,EN,Towers with Radar,674,354,38,0,1066,0,0,0,0,0,674,354,38,0,1066,0,0,0,1066
06/02/2006,EWR,NJ,AEA,EN,Towers with Radar,840,378,40,0,1258,0,0,0,0,0,840,378,40,0,1258,0,0,0,1258
06/03/2006,EWR,NJ,AEA,EN,Towers with Radar,688,370,18,1,1077,0,0,2,0,2,688,370,20,1,1079,0,0,0,1079
06/04/2006,EWR,NJ,AEA,EN,Towers with Radar,681,416,17,1,1115,0,0,15,0,15,681,416,32,1,1130,0,0,0,1130
06/05/2006,EWR,NJ,AEA,EN,Towers with Radar,759,494,61,0,1314,0,0,0,0,0,759,494,61,0,1314,0,0,0,1314
06/06/2006,EWR,NJ,AEA,EN,Towers with Radar,794,497,30,3,1324,0,0,15,0,15,794,497,45,3,1339,0,0,0,1339
06/07/2006,EWR,NJ,AEA,EN,Towers with Radar,743,398,24,0,1165,0,0,9,0,9,743,398,33,0,1174,0,0,0,1174
06/08/2006,EWR,NJ,AEA,EN,Towers with Radar,843,510,44,0,1397,0,0,0,0,0,843,510,44,0,1397,0,0,0,1397
06/09/2006,EWR,NJ,AEA,EN,Towers with Radar,819,453,13,0,1285,0,0,16,0,16,819,453,29,0,1301,0,0,0,1301
06/10/2006,EWR,NJ,AEA,EN,Towers with Radar,672,379,28,0,1079,0,0,0,0,0,672,379,28,0,1079,0,0,0,1079
06/11/2006,EWR,NJ,AEA,EN,Towers with Radar,704,448,21,0,1173,0,0,10,0,10,704,448,31,0,1183,0,0,0,1183
06/12/2006,EWR,NJ,AEA,EN,Towers with Radar,769,501,36,0,1306,0,0,10,0,10,769,501,46,0,1316,0,0,0,1316
06/13/2006,EWR,NJ,AEA,EN,Towers with Radar,812,509,31,0,1352,0,0,18,0,18,812,509,49,0,1370,0,0,0,1370
06/14/2006,EWR,NJ,AEA,EN,Towers with Radar,807,469,47,0,1323,0,0,19,0,19,807,469,66,0,1342,0,0,0,1342
06/15/2006,EWR,NJ,AEA,EN,Towers with Radar,851,506,53,0,1410,0,0,0,0,0,851,506,53,0,1410,0,0,0,1410
06/16/2006,EWR,NJ,AEA,EN,Towers with Radar,806,512,49,0,1367,0,0,0,0,0,806,512,49,0,1367,0,0,0,1367
06/17/2006,EWR,NJ,AEA,EN,Towers with Radar,675,392,11,0,1078,0,0,0,0,0,675,392,11,0,1078,0,0,0,1078
06/18/2006,EWR,NJ,AEA,EN,Towers with Radar,704,438,25,0,1167,0,0,13,0,13,704,438,38,0,1180,0,0,0,1180
06/19/2006,EWR,NJ,AEA,EN,Towers with Radar,728,409,27,0,1164,0,0,17,0,17,728,409,44,0,1181,0,0,0,1181
06/20/2006,EWR,NJ,AEA,EN,Towers with Radar,860,506,30,0,1396,0,0,7,0,7,860,506,37,0,1403,0,0,0,1403
06/21/2006,EWR,NJ,AEA,EN,Towers with Radar,817,496,31,1,1345,0,0,12,0,12,817,496,43,1,1357,0,0,0,1357
06/22/2006,EWR,NJ,AEA,EN,Towers with Radar,805,478,46,0,1329,0,0,0,0,0,805,478,46,0,1329,0,0,0,1329
06/23/2006,EWR,NJ,AEA,EN,Towers with Radar,843,484,30,0,1357,0,0,0,0,0,843,484,30,0,1357,0,0,0,1357
06/24/2006,EWR,NJ,AEA,EN,Towers with Radar,671,385,18,0,1074,0,0,0,0,0,671,385,18,0,1074,0,0,0,1074
06/25/2006,EWR,NJ,AEA,EN,Towers with Radar,706,370,21,0,1097,0,0,0,0,0,706,370,21,0,1097,0,0,0,1097
06/26/2006,EWR,NJ,AEA,EN,Towers with Radar,747,386,13,0,1146,0,0,11,0,11,747,386,24,0,1157,0,0,0,1157
06/27/2006,EWR,NJ,AEA,EN,Towers with Radar,783,394,20,1,1198,0,0,12,0,12,783,394,32,1,1210,0,0,0,1210
06/28/2006,EWR,NJ,AEA,EN,Towers with Radar,847,478,37,0,1362,0,0,8,0,8,847,478,45,0,1370,0,0,0,1370
06/29/2006,EWR,NJ,AEA,EN,Towers with Radar,795,488,42,0,1325,0,0,0,0,0,795,488,42,0,1325,0,0,0,1325
06/30/2006,EWR,NJ,AEA,EN,Towers with Radar,849,523,52,1,1425,0,0,0,0,0,849,523,52,1,1425,0,0,0,1425
07/01/2006,EWR,NJ,AEA,EN,Towers with Radar,706,411,15,0,1132,0,0,10,0,10,706,411,25,0,1142,0,0,0,1142
07/02/2006,EWR,NJ,AEA,EN,Towers with Radar,658,405,12,0,1075,0,0,6,0,6,658,405,18,0,1081,0,0,0,1081
07/03/2006,EWR,NJ,AEA,EN,Towers with Radar,683,381,19,0,1083,0,0,15,0,15,683,381,34,0,1098,0,0,0,1098
07/04/2006,EWR,NJ,AEA,EN,Towers with Radar,669,388,10,0,1067,0,0,6,0,6,669,388,16,0,1073,0,0,0,1073
07/05/2006,EWR,NJ,AEA,EN,Towers with Radar,775,364,30,0,1169,0,0,17,0,17,775,364,47,0,1186,0,0,0,1186
07/06/2006,EWR,NJ,AEA,EN,Towers with Radar,865,528,22,0,1415,0,0,26,0,26,865,528,48,0,1441,0,0,0,1441
07/07/2006,EWR,NJ,AEA,EN,Towers with Radar,833,510,37,0,1380,0,0,0,0,0,833,510,37,0,1380,0,0,0,1380
07/08/2006,EWR,NJ,AEA,EN,Towers with Radar,683,400,23,0,1106,0,0,0,0,0,683,400,23,0,1106,0,0,0,1106
07/09/2006,EWR,NJ,AEA,EN,Towers with Radar,700,460,11,0,1171,0,0,5,0,5,700,460,16,0,1176,0,0,0,1176
07/10/2006,EWR,NJ,AEA,EN,Towers with Radar,789,492,21,2,1304,0,0,13,1,14,789,492,34,3,1318,0,0,0,1318
07/11/2006,EWR,NJ,AEA,EN,Towers with Radar,798,491,22,0,1311,0,0,14,0,14,798,491,36,0,1325,0,0,0,1325
07/12/2006,EWR,NJ,AEA,EN,Towers with Radar,763,412,20,0,1195,0,0,13,0,13,763,412,33,0,1208,0,0,0,1208
07/13/2006,EWR,NJ,AEA,EN,Towers with Radar,895,520,30,0,1445,0,0,21,0,21,895,520,51,0,1466,0,0,0,1466
07/14/2006,EWR,NJ,AEA,EN,Towers with Radar,843,500,31,0,1374,0,0,26,0,26,843,500,57,0,1400,0,0,0,1400
07/15/2006,EWR,NJ,AEA,EN,Towers with Radar,695,394,20,0,1109,0,0,6,0,6,695,394,26,0,1115,0,0,0,1115
07/16/2006,EWR,NJ,AEA,EN,Towers with Radar,700,454,20,0,1174,0,0,12,0,12,700,454,32,0,1186,0,0,0,1186
07/17/2006,EWR,NJ,AEA,EN,Towers with Radar,764,516,30,0,1310,0,0,27,0,27,764,516,57,0,1337,0,0,0,1337
07/18/2006,EWR,NJ,AEA,EN,Towers with Radar,753,447,38,0,1238,0,0,14,0,14,753,447,52,0,1252,0,0,0,1252
07/19/2006,EWR,NJ,AEA,EN,Towers with Radar,926,555,56,0,1537,0,0,0,0,0,926,555,56,0,1537,0,0,0,1537
07/20/2006,EWR,NJ,AEA,EN,Towers with Radar,820,507,22,0,1349,0,0,14,0,14,820,507,36,0,1363,0,0,0,1363
07/21/2006,EWR,NJ,AEA,EN,Towers with Radar,701,326,28,0,1055,0,0,13,0,13,701,326,41,0,1068,0,0,0,1068
07/22/2006,EWR,NJ,AEA,EN,Towers with Radar,723,336,28,0,1087,0,0,5,0,5,723,336,33,0,1092,0,0,0,1092
07/23/2006,EWR,NJ,AEA,EN,Towers with Radar,726,466,35,0,1227,0,0,0,0,0,726,466,35,0,1227,0,0,0,1227
07/24/2006,EWR,NJ,AEA,EN,Towers with Radar,761,502,32,0,1295,0,0,0,0,0,761,502,32,0,1295,0,0,0,1295
07/25/2006,EWR,NJ,AEA,EN,Towers with Radar,837,512,45,0,1394,0,0,0,0,0,837,512,45,0,1394,0,0,0,1394
07/26/2006,EWR,NJ,AEA,EN,Towers with Radar,820,513,44,0,1377,0,0,0,0,0,820,513,44,0,1377,0,0,0,1377
07/27/2006,EWR,NJ,AEA,EN,Towers with Radar,693,366,29,0,1088,0,0,12,0,12,693,366,41,0,1100,0,0,0,1100
07/28/2006,EWR,NJ,AEA,EN,Towers with Radar,878,396,29,0,1303,0,0,0,0,0,878,396,29,0,1303,0,0,0,1303
07/29/2006,EWR,NJ,AEA,EN,Towers with Radar,700,399,9,0,1108,0,0,0,0,0,700,399,9,0,1108,0,0,0,1108
07/30/2006,EWR,NJ,AEA,EN,Towers with Radar,708,449,9,0,1166,0,0,11,0,11,708,449,20,0,1177,0,0,0,1177
07/31/2006,EWR,NJ,AEA,EN,Towers with Radar,765,508,13,0,1286,0,0,14,0,14,765,508,27,0,1300,0,0,0,1300
08/01/2006,EWR,NJ,AEA,EN,Towers with Radar,805,500,13,0,1318,0,0,28,0,28,805,500,41,0,1346,0,0,0,1346
08/02/2006,EWR,NJ,AEA,EN,Towers with Radar,823,531,17,0,1371,0,0,17,0,17,823,531,34,0,1388,0,0,0,1388
08/03/2006,EWR,NJ,AEA,EN,Towers with Radar,780,459,11,0,1250,0,0,8,0,8,780,459,19,0,1258,0,0,0,1258
08/04/2006,EWR,NJ,AEA,EN,Towers with Radar,861,520,18,0,1399,0,0,18,0,18,861,520,36,0,1417,0,0,0,1417
08/05/2006,EWR,NJ,AEA,EN,Towers with Radar,664,400,12,0,1076,0,0,8,0,8,664,400,20,0,1084,0,0,0,1084
08/06/2006,EWR,NJ,AEA,EN,Towers with Radar,718,449,6,0,1173,0,0,6,0,6,718,449,12,0,1179,0,0,0,1179
08/07/2006,EWR,NJ,AEA,EN,Towers with Radar,765,473,16,4,1258,0,0,19,1,20,765,473,35,5,1278,0,0,0,1278
08/08/2006,EWR,NJ,AEA,EN,Towers with Radar,819,522,29,0,1370,0,0,18,0,18,819,522,47,0,1388,0,0,0,1388
08/09/2006,EWR,NJ,AEA,EN,Towers with Radar,830,521,38,3,1392,0,0,17,1,18,830,521,55,4,1410,0,0,0,1410
08/10/2006,EWR,NJ,AEA,EN,Towers with Radar,727,423,40,0,1190,0,0,27,0,27,727,423,67,0,1217,0,0,0,1217
08/11/2006,EWR,NJ,AEA,EN,Towers with Radar,900,525,36,0,1461,0,0,27,0,27,900,525,63,0,1488,0,0,0,1488
08/12/2006,EWR,NJ,AEA,EN,Towers with Radar,661,400,17,0,1078,0,0,10,0,10,661,400,27,0,1088,0,0,0,1088
08/13/2006,EWR,NJ,AEA,EN,Towers with Radar,717,456,24,0,1197,0,0,12,0,12,717,456,36,0,1209,0,0,0,1209
08/14/2006,EWR,NJ,AEA,EN,Towers with Radar,768,505,54,1,1328,0,0,15,0,15,768,505,69,1,1343,0,0,0,1343
08/15/2006,EWR,NJ,AEA,EN,Towers with Radar,837,515,72,0,1424,0,0,0,0,0,837,515,72,0,1424,0,0,0,1424
08/16/2006,EWR,NJ,AEA,EN,Towers with Radar,828,518,35,1,1382,0,0,25,0,25,828,518,60,1,1407,0,0,0,1407
08/17/2006,EWR,NJ,AEA,EN,Towers with Radar,820,528,34,0,1382,0,0,21,0,21,820,528,55,0,1403,0,0,0,1403
08/18/2006,EWR,NJ,AEA,EN,Towers with Radar,822,507,26,0,1355,0,0,20,0,20,822,507,46,0,1375,0,0,0,1375
08/19/2006,EWR,NJ,AEA,EN,Towers with Radar,675,401,6,0,1082,0,0,9,0,9,675,401,15,0,1091,0,0,0,1091
08/20/2006,EWR,NJ,AEA,EN,Towers with Radar,726,460,14,2,1202,0,0,15,0,15,726,460,29,2,1217,0,0,0,1217
08/21/2006,EWR,NJ,AEA,EN,Towers with Radar,777,502,23,3,1305,0,0,12,0,12,777,502,35,3,1317,0,0,0,1317
08/22/2006,EWR,NJ,AEA,EN,Towers with Radar,806,513,15,1,1335,0,0,22,3,25,806,513,37,4,1360,0,0,0,1360
08/23/2006,EWR,NJ,AEA,EN,Towers with Radar,831,513,32,0,1376,0,0,16,0,16,831,513,48,0,1392,0,0,0,1392
08/24/2006,EWR,NJ,AEA,EN,Towers with Radar,821,517,26,0,1364,0,0,17,0,17,821,517,43,0,1381,0,0,0,1381
08/25/2006,EWR,NJ,AEA,EN,Towers with Radar,830,483,48,0,1361,0,0,0,0,0,830,483,48,0,1361,0,0,0,1361
08/26/2006,EWR,NJ,AEA,EN,Towers with Radar,677,402,11,0,1090,0,0,4,0,4,677,402,15,0,1094,0,0,0,1094
08/27/2006,EWR,NJ,AEA,EN,Towers with Radar,683,382,13,0,1078,0,0,12,0,12,683,382,25,0,1090,0,0,0,1090
08/28/2006,EWR,NJ,AEA,EN,Towers with Radar,797,473,31,1,1302,0,0,9,0,9,797,473,40,1,1311,0,0,0,1311
08/29/2006,EWR,NJ,AEA,EN,Towers with Radar,763,423,33,1,1220,0,0,3,0,3,763,423,36,1,1223,0,0,0,1223
08/30/2006,EWR,NJ,AEA,EN,Towers with Radar,842,524,20,0,1386,0,0,17,0,17,842,524,37,0,1403,0,0,0,1403
08/31/2006,EWR,NJ,AEA,EN,Towers with Radar,840,506,21,2,1369,0,0,26,0,26,840,506,47,2,1395,0,0,0,1395
09/01/2006,EWR,NJ,AEA,EN,Towers with Radar,787,474,19,2,1282,0,0,8,0,8,787,474,27,2,1290,0,0,0,1290
09/02/2006,EWR,NJ,AEA,EN,Towers with Radar,685,390,7,0,1082,0,0,0,0,0,685,390,7,0,1082,0,0,0,1082
09/03/2006,EWR,NJ,AEA,EN,Towers with Radar,635,306,13,0,954,0,0,3,0,3,635,306,16,0,957,0,0,0,957
09/04/2006,EWR,NJ,AEA,EN,Towers with Radar,686,423,19,1,1129,0,0,14,0,14,686,423,33,1,1143,0,0,0,1143
09/05/2006,EWR,NJ,AEA,EN,Towers with Radar,725,472,30,0,1227,0,0,11,0,11,725,472,41,0,1238,0,0,0,1238
09/06/2006,EWR,NJ,AEA,EN,Towers with Radar,772,508,41,1,1322,0,0,21,0,21,772,508,62,1,1343,0,0,0,1343
09/07/2006,EWR,NJ,AEA,EN,Towers with Radar,774,503,36,0,1313,0,0,20,0,20,774,503,56,0,1333,0,0,0,1333
09/08/2006,EWR,NJ,AEA,EN,Towers with Radar,783,505,31,0,1319,0,0,20,0,20,783,505,51,0,1339,0,0,0,1339
09/09/2006,EWR,NJ,AEA,EN,Towers with Radar,613,331,14,0,958,0,0,7,0,7,613,331,21,0,965,0,0,0,965
09/10/2006,EWR,NJ,AEA,EN,Towers with Radar,654,413,19,0,1086,0,0,13,0,13,654,413,32,0,1099,0,0,0,1099
09/11/2006,EWR,NJ,AEA,EN,Towers with Radar,691,503,19,2,1215,0,0,11,0,11,691,503,30,2,1226,0,0,0,1226
09/12/2006,EWR,NJ,AEA,EN,Towers with Radar,738,519,38,0,1295,0,0,34,0,34,738,519,72,0,1329,0,0,0,1329
09/13/2006,EWR,NJ,AEA,EN,Towers with Radar,746,515,38,0,1299,0,0,15,0,15,746,515,53,0,1314,0,0,0,1314
09/14/2006,EWR,NJ,AEA,EN,Towers with Radar,744,437,34,0,1215,0,0,0,0,0,744,437,34,0,1215,0,0,0,1215
09/15/2006,EWR,NJ,AEA,EN,Towers with Radar,759,435,22,0,1216,0,0,1,0,1,759,435,23,0,1217,0,0,0,1217
09/16/2006,EWR,NJ,AEA,EN,Towers with Radar,617,339,20,0,976,0,0,14,0,14,617,339,34,0,990,0,0,0,990
09/17/2006,EWR,NJ,AEA,EN,Towers with Radar,660,419,26,2,1107,0,0,11,0,11,660,419,37,2,1118,0,0,0,1118
09/18/2006,EWR,NJ,AEA,EN,Towers with Radar,721,517,29,0,1267,0,0,9,0,9,721,517,38,0,1276,0,0,0,1276
09/19/2006,EWR,NJ,AEA,EN,Towers with Radar,729,523,28,5,1285,0,0,0,0,0,729,523,28,5,1285,0,0,0,1285
09/20/2006,EWR,NJ,AEA,EN,Towers with Radar,742,522,40,0,1304,0,0,9,0,9,742,522,49,0,1313,0,0,0,1313
09/21/2006,EWR,NJ,AEA,EN,Towers with Radar,770,515,39,0,1324,0,0,16,0,16,770,515,55,0,1340,0,0,0,1340
09/22/2006,EWR,NJ,AEA,EN,Towers with Radar,747,519,23,1,1290,0,0,18,0,18,747,519,41,1,1308,0,0,0,1308
09/23/2006,EWR,NJ,AEA,EN,Towers with Radar,595,331,6,0,932,0,0,4,0,4,595,331,10,0,936,0,0,0,936
09/24/2006,EWR,NJ,AEA,EN,Towers with Radar,639,417,17,0,1073,0,0,5,0,5,639,417,22,0,1078,0,0,0,1078
09/25/2006,EWR,NJ,AEA,EN,Towers with Radar,716,503,27,0,1246,0,0,7,0,7,716,503,34,0,1253,0,0,0,1253
09/26/2006,EWR,NJ,AEA,EN,Towers with Radar,745,516,24,0,1285,0,0,42,0,42,745,516,66,0,1327,0,0,0,1327
09/27/2006,EWR,NJ,AEA,EN,Towers with Radar,746,524,32,0,1302,0,0,9,0,9,746,524,41,0,1311,0,0,0,1311
09/28/2006,EWR,NJ,AEA,EN,Towers with Radar,741,483,39,1,1264,0,0,0,0,0,741,483,39,1,1264,0,0,0,1264
09/29/2006,EWR,NJ,AEA,EN,Towers with Radar,788,501,22,0,1311,0,0,7,0,7,788,501,29,0,1318,0,0,0,1318
09/30/2006,EWR,NJ,AEA,EN,Towers with Radar,601,341,13,0,955,0,0,51,0,51,601,341,64,0,1006,0,0,0,1006
10/01/2006,EWR,NJ,AEA,EN,Towers with Radar,676,421,6,0,1103,0,0,9,0,9,676,421,15,0,1112,0,0,0,1112
10/02/2006,EWR,NJ,AEA,EN,Towers with Radar,721,495,17,0,1233,0,0,16,0,16,721,495,33,0,1249,0,0,0,1249
10/03/2006,EWR,NJ,AEA,EN,Towers with Radar,757,506,33,0,1296,0,0,18,0,18,757,506,51,0,1314,0,0,0,1314
10/04/2006,EWR,NJ,AEA,EN,Towers with Radar,721,450,27,0,1198,0,0,12,0,12,721,450,39,0,1210,0,0,0,1210
10/05/2006,EWR,NJ,AEA,EN,Towers with Radar,861,542,35,0,1438,0,0,26,0,26,861,542,61,0,1464,0,0,0,1464
10/06/2006,EWR,NJ,AEA,EN,Towers with Radar,796,478,22,0,1296,0,0,18,0,18,796,478,40,0,1314,0,0,0,1314
10/07/2006,EWR,NJ,AEA,EN,Towers with Radar,642,345,16,1,1004,0,0,12,0,12,642,345,28,1,1016,0,0,0,1016
10/08/2006,EWR,NJ,AEA,EN,Towers with Radar,674,419,25,0,1118,0,0,9,0,9,674,419,34,0,1127,0,0,0,1127
10/09/2006,EWR,NJ,AEA,EN,Towers with Radar,748,495,15,0,1258,0,0,12,0,12,748,495,27,0,1270,0,0,0,1270
10/10/2006,EWR,NJ,AEA,EN,Towers with Radar,768,510,27,3,1308,0,0,21,3,24,768,510,48,6,1332,0,0,0,1332
10/11/2006,EWR,NJ,AEA,EN,Towers with Radar,746,443,26,0,1215,0,0,1,0,1,746,443,27,0,1216,0,0,0,1216
10/12/2006,EWR,NJ,AEA,EN,Towers with Radar,806,497,30,0,1333,0,0,3,0,3,806,497,33,0,1336,0,0,0,1336
10/13/2006,EWR,NJ,AEA,EN,Towers with Radar,794,499,23,0,1316,0,0,11,0,11,794,499,34,0,1327,0,0,0,1327
10/14/2006,EWR,NJ,AEA,EN,Towers with Radar,646,334,7,0,987,0,0,7,0,7,646,334,14,0,994,0,0,0,994
10/15/2006,EWR,NJ,AEA,EN,Towers with Radar,683,420,19,2,1124,0,0,8,0,8,683,420,27,2,1132,0,0,0,1132
10/16/2006,EWR,NJ,AEA,EN,Towers with Radar,731,490,22,0,1243,0,0,11,0,11,731,490,33,0,1254,0,0,0,1254
10/17/2006,EWR,NJ,AEA,EN,Towers with Radar,730,426,20,1,1177,0,0,6,0,6,730,426,26,1,1183,0,0,0,1183
10/18/2006,EWR,NJ,AEA,EN,Towers with Radar,790,528,21,0,1339,0,0,13,0,13,790,528,34,0,1352,0,0,0,1352
10/19/2006,EWR,NJ,AEA,EN,Towers with Radar,791,517,27,0,1335,0,0,15,0,15,791,517,42,0,1350,0,0,0,1350
10/20/2006,EWR,NJ,AEA,EN,Towers with Radar,767,390,30,0,1187,0,0,3,0,3,767,390,33,0,1190,0,0,0,1190
10/21/2006,EWR,NJ,AEA,EN,Towers with Radar,650,347,16,0,1013,0,0,11,0,11,650,347,27,0,1024,0,0,0,1024
10/22/2006,EWR,NJ,AEA,EN,Towers with Radar,687,420,23,0,1130,0,0,8,0,8,687,420,31,0,1138,0,0,0,1138
10/23/2006,EWR,NJ,AEA,EN,Towers with Radar,737,490,32,1,1260,0,0,10,0,10,737,490,42,1,1270,0,0,0,1270
10/24/2006,EWR,NJ,AEA,EN,Towers with Radar,773,507,39,0,1319,0,0,14,0,14,773,507,53,0,1333,0,0,0,1333
10/25/2006,EWR,NJ,AEA,EN,Towers with Radar,763,512,42,0,1317,0,0,23,0,23,763,512,65,0,1340,0,0,0,1340
10/26/2006,EWR,NJ,AEA,EN,Towers with Radar,778,512,29,0,1319,0,0,7,0,7,778,512,36,0,1326,0,0,0,1326
10/27/2006,EWR,NJ,AEA,EN,Towers with Radar,781,509,20,0,1310,0,0,24,0,24,781,509,44,0,1334,0,0,0,1334
10/28/2006,EWR,NJ,AEA,EN,Towers with Radar,614,290,8,0,912,0,0,0,0,0,614,290,8,0,912,0,0,0,912
10/29/2006,EWR,NJ,AEA,EN,Towers with Radar,672,361,19,1,1053,0,0,3,0,3,672,361,22,1,1056,0,0,0,1056
10/30/2006,EWR,NJ,AEA,EN,Towers with Radar,732,501,20,0,1253,0,0,12,0,12,732,501,32,0,1265,0,0,0,1265
10/31/2006,EWR,NJ,AEA,EN,Towers with Radar,767,502,14,1,1284,0,0,21,0,21,767,502,35,1,1305,0,0,0,1305
11/01/2006,EWR,NJ,AEA,EN,Towers with Radar,787,513,50,0,1350,0,0,11,0,11,787,513,61,0,1361,0,0,0,1361
11/02/2006,EWR,NJ,AEA,EN,Towers with Radar,789,515,33,0,1337,0,0,9,0,9,789,515,42,0,1346,0,0,0,1346
11/03/2006,EWR,NJ,AEA,EN,Towers with Radar,808,507,26,0,1341,0,0,17,0,17,808,507,43,0,1358,0,0,0,1358
11/04/2006,EWR,NJ,AEA,EN,Towers with Radar,649,350,8,0,1007,0,0,3,0,3,649,350,11,0,1010,0,0,0,1010
11/05/2006,EWR,NJ,AEA,EN,Towers with Radar,692,424,24,0,1140,0,0,0,0,0,692,424,24,0,1140,0,0,0,1140
11/06/2006,EWR,NJ,AEA,EN,Towers with Radar,735,499,20,0,1254,0,0,20,0,20,735,499,40,0,1274,0,0,0,1274
11/07/2006,EWR,NJ,AEA,EN,Towers with Radar,755,493,52,0,1300,0,0,0,0,0,755,493,52,0,1300,0,0,0,1300
11/08/2006,EWR,NJ,AEA,EN,Towers with Radar,734,411,42,0,1187,0,0,0,0,0,734,411,42,0,1187,0,0,0,1187
11/09/2006,EWR,NJ,AEA,EN,Towers with Radar,820,523,51,1,1395,0,0,16,0,16,820,523,67,1,1411,0,0,0,1411
11/10/2006,EWR,NJ,AEA,EN,Towers with Radar,778,506,41,0,1325,0,0,0,0,0,778,506,41,0,1325,0,0,0,1325
11/11/2006,EWR,NJ,AEA,EN,Towers with Radar,654,351,15,0,1020,0,0,0,0,0,654,351,15,0,1020,0,0,0,1020
11/12/2006,EWR,NJ,AEA,EN,Towers with Radar,648,324,20,0,992,0,0,0,0,0,648,324,20,0,992,0,0,0,992
11/13/2006,EWR,NJ,AEA,EN,Towers with Radar,718,377,28,0,1123,0,0,0,0,0,718,377,28,0,1123,0,0,0,1123
11/14/2006,EWR,NJ,AEA,EN,Towers with Radar,799,549,38,0,1386,0,0,3,0,3,799,549,41,0,1389,0,0,0,1389
11/15/2006,EWR,NJ,AEA,EN,Towers with Radar,741,463,34,0,1238,0,0,9,0,9,741,463,43,0,1247,0,0,0,1247
11/16/2006,EWR,NJ,AEA,EN,Towers with Radar,746,400,14,1,1161,0,0,6,0,6,746,400,20,1,1167,0,0,0,1167
11/17/2006,EWR,NJ,AEA,EN,Towers with Radar,842,492,43,0,1377,0,0,0,0,0,842,492,43,0,1377,0,0,0,1377
11/18/2006,EWR,NJ,AEA,EN,Towers with Radar,659,346,18,0,1023,0,0,0,0,0,659,346,18,0,1023,0,0,0,1023
11/19/2006,EWR,NJ,AEA,EN,Towers with Radar,680,419,31,0,1130,0,0,0,0,0,680,419,31,0,1130,0,0,0,1130
11/20/2006,EWR,NJ,AEA,EN,Towers with Radar,717,507,21,0,1245,0,0,16,0,16,717,507,37,0,1261,0,0,0,1261
11/21/2006,EWR,NJ,AEA,EN,Towers with Radar,792,511,22,0,1325,0,0,21,0,21,792,511,43,0,1346,0,0,0,1346
11/22/2006,EWR,NJ,AEA,EN,Towers with Radar,770,431,22,0,1223,0,0,14,0,14,770,431,36,0,1237,0,0,0,1237
11/23/2006,EWR,NJ,AEA,EN,Towers with Radar,575,319,4,0,898,0,0,3,0,3,575,319,7,0,901,0,0,0,901
11/24/2006,EWR,NJ,AEA,EN,Towers with Radar,566,280,18,0,864,0,0,0,0,0,566,280,18,0,864,0,0,0,864
11/25/2006,EWR,NJ,AEA,EN,Towers with Radar,664,408,18,0,1090,0,0,2,0,2,664,408,20,0,1092,0,0,0,1092
11/26/2006,EWR,NJ,AEA,EN,Towers with Radar,734,473,40,0,1247,0,0,0,0,0,734,473,40,0,1247,0,0,0,1247
11/27/2006,EWR,NJ,AEA,EN,Towers with Radar,773,496,12,0,1281,0,0,29,0,29,773,496,41,0,1310,0,0,0,1310
11/28/2006,EWR,NJ,AEA,EN,Towers with Radar,790,487,48,0,1325,0,0,7,0,7,790,487,55,0,1332,0,0,0,1332
11/29/2006,EWR,NJ,AEA,EN,Towers with Radar,770,475,62,0,1307,0,0,10,0,10,770,475,72,0,1317,0,0,0,1317
11/30/2006,EWR,NJ,AEA,EN,Towers with Radar,803,457,42,0,1302,0,0,0,0,0,803,457,42,0,1302,0,0,0,1302
12/01/2006,EWR,NJ,AEA,EN,Towers with Radar,692,308,25,0,1025,0,0,0,0,0,692,308,25,0,1025,0,0,0,1025
12/02/2006,EWR,NJ,AEA,EN,Towers with Radar,706,359,44,0,1109,0,0,5,0,5,706,359,49,0,1114,0,0,0,1114
12/03/2006,EWR,NJ,AEA,EN,Towers with Radar,677,420,30,0,1127,0,0,6,0,6,677,420,36,0,1133,0,0,0,1133
12/04/2006,EWR,NJ,AEA,EN,Towers with Radar,735,488,36,0,1259,0,0,17,0,17,735,488,53,0,1276,0,0,0,1276
12/05/2006,EWR,NJ,AEA,EN,Towers with Radar,787,494,44,0,1325,0,0,19,0,19,787,494,63,0,1344,0,0,0,1344
12/06/2006,EWR,NJ,AEA,EN,Towers with Radar,769,478,42,0,1289,0,0,20,0,20,769,478,62,0,1309,0,0,0,1309
12/07/2006,EWR,NJ,AEA,EN,Towers with Radar,792,442,50,0,1284,0,0,17,0,17,792,442,67,0,1301,0,0,0,1301
12/08/2006,EWR,NJ,AEA,EN,Towers with Radar,768,400,25,0,1193,18,0,0,0,18,786,400,25,0,1211,0,0,0,1211
12/09/2006,EWR,NJ,AEA,EN,Towers with Radar,646,365,18,0,1029,0,0,7,0,7,646,365,25,0,1036,0,0,0,1036
12/10/2006,EWR,NJ,AEA,EN,Towers with Radar,688,420,14,0,1122,0,0,2,0,2,688,420,16,0,1124,0,0,0,1124
12/11/2006,EWR,NJ,AEA,EN,Towers with Radar,742,513,36,0,1291,0,0,0,0,0,742,513,36,0,1291,0,0,0,1291
12/12/2006,EWR,NJ,AEA,EN,Towers with Radar,776,509,39,0,1324,0,0,25,0,25,776,509,64,0,1349,0,0,0,1349
12/13/2006,EWR,NJ,AEA,EN,Towers with Radar,758,435,28,0,1221,0,0,12,0,12,758,435,40,0,1233,0,0,0,1233
12/14/2006,EWR,NJ,AEA,EN,Towers with Radar,821,484,35,0,1340,0,0,19,0,19,821,484,54,0,1359,0,0,0,1359
12/15/2006,EWR,NJ,AEA,EN,Towers with Radar,861,461,33,0,1355,0,0,10,0,10,861,461,43,0,1365,0,0,0,1365
12/16/2006,EWR,NJ,AEA,EN,Towers with Radar,721,427,11,1,1160,3,0,10,0,13,724,427,21,1,1173,0,0,0,1173
12/17/2006,EWR,NJ,AEA,EN,Towers with Radar,728,406,15,0,1149,0,0,7,0,7,728,406,22,0,1156,0,0,0,1156
12/18/2006,EWR,NJ,AEA,EN,Towers with Radar,782,471,31,0,1284,0,0,29,0,29,782,471,60,0,1313,0,0,0,1313
12/19/2006,EWR,NJ,AEA,EN,Towers with Radar,865,521,22,0,1408,0,0,19,0,19,865,521,41,0,1427,0,0,0,1427
12/20/2006,EWR,NJ,AEA,EN,Towers with Radar,870,506,23,0,1399,0,0,32,0,32,870,506,55,0,1431,0,0,0,1431
12/21/2006,EWR,NJ,AEA,EN,Towers with Radar,874,523,12,0,1409,0,4,26,0,30,874,527,38,0,1439,0,0,0,1439
12/22/2006,EWR,NJ,AEA,EN,Towers with Radar,838,515,30,0,1383,0,3,31,0,34,838,518,61,0,1417,0,0,0,1417
12/23/2006,EWR,NJ,AEA,EN,Towers with Radar,761,455,15,0,1231,0,0,2,0,2,761,455,17,0,1233,0,0,0,1233
12/24/2006,EWR,NJ,AEA,EN,Towers with Radar,614,302,9,0,925,0,0,2,0,2,614,302,11,0,927,0,0,0,927
12/25/2006,EWR,NJ,AEA,EN,Towers with Radar,577,362,6,0,945,0,0,0,0,0,577,362,6,0,945,0,0,0,945
12/26/2006,EWR,NJ,AEA,EN,Towers with Radar,734,461,15,0,1210,0,0,8,0,8,734,461,23,0,1218,0,0,0,1218
12/27/2006,EWR,NJ,AEA,EN,Towers with Radar,838,516,13,0,1367,0,0,15,0,15,838,516,28,0,1382,0,0,0,1382
12/28/2006,EWR,NJ,AEA,EN,Towers with Radar,819,512,13,0,1344,0,0,19,0,19,819,512,32,0,1363,0,0,0,1363
12/29/2006,EWR,NJ,AEA,EN,Towers with Radar,812,489,6,0,1307,0,0,15,0,15,812,489,21,0,1322,0,0,0,1322
12/30/2006,EWR,NJ,AEA,EN,Towers with Radar,693,421,5,0,1119,0,0,0,0,0,693,421,5,0,1119,0,0,0,1119
12/31/2006,EWR,NJ,AEA,EN,Towers with Radar,619,299,3,0,921,0,0,2,0,2,619,299,5,0,923,0,0,0,923
01/01/2007,EWR,NJ,AEA,EN,Towers with Radar,657,365,14,0,1036,0,0,0,0,0,657,365,14,0,1036,0,0,0,1036
01/02/2007,EWR,NJ,AEA,EN,Towers with Radar,769,485,16,0,1270,0,0,16,0,16,769,485,32,0,1286,0,0,0,1286
01/03/2007,EWR,NJ,AEA,EN,Towers with Radar,810,492,16,0,1318,0,0,18,0,18,810,492,34,0,1336,0,0,0,1336
01/04/2007,EWR,NJ,AEA,EN,Towers with Radar,812,515,14,0,1341,0,0,27,0,27,812,515,41,0,1368,0,0,0,1368
01/05/2007,EWR,NJ,AEA,EN,Towers with Radar,745,424,9,1,1179,0,0,10,0,10,745,424,19,1,1189,0,0,0,1189
01/06/2007,EWR,NJ,AEA,EN,Towers with Radar,675,440,12,0,1127,0,0,7,0,7,675,440,19,0,1134,0,0,0,1134
01/07/2007,EWR,NJ,AEA,EN,Towers with Radar,691,432,23,0,1146,0,0,3,0,3,691,432,26,0,1149,0,0,0,1149
01/08/2007,EWR,NJ,AEA,EN,Towers with Radar,708,437,23,0,1168,0,0,0,0,0,708,437,23,0,1168,0,0,0,1168
01/09/2007,EWR,NJ,AEA,EN,Towers with Radar,728,481,17,0,1226,0,0,18,0,18,728,481,35,0,1244,0,0,0,1244
01/10/2007,EWR,NJ,AEA,EN,Towers with Radar,766,477,11,0,1254,0,0,26,0,26,766,477,37,0,1280,0,0,0,1280
01/11/2007,EWR,NJ,AEA,EN,Towers with Radar,781,477,24,0,1282,0,0,23,0,23,781,477,47,0,1305,0,0,0,1305
01/12/2007,EWR,NJ,AEA,EN,Towers with Radar,762,458,18,0,1238,0,0,19,0,19,762,458,37,0,1257,0,0,0,1257
01/13/2007,EWR,NJ,AEA,EN,Towers with Radar,608,316,15,0,939,0,0,5,0,5,608,316,20,0,944,0,0,0,944
01/14/2007,EWR,NJ,AEA,EN,Towers with Radar,624,336,16,0,976,0,20,0,0,20,624,356,16,0,996,0,0,0,996
01/15/2007,EWR,NJ,AEA,EN,Towers with Radar,694,396,33,0,1123,0,0,2,0,2,694,396,35,0,1125,0,0,0,1125
01/16/2007,EWR,NJ,AEA,EN,Towers with Radar,744,471,23,1,1239,0,0,19,0,19,744,471,42,1,1258,0,0,0,1258
01/17/2007,EWR,NJ,AEA,EN,Towers with Radar,734,462,43,0,1239,0,0,21,0,21,734,462,64,0,1260,0,0,0,1260
01/18/2007,EWR,NJ,AEA,EN,Towers with Radar,737,438,23,0,1198,0,0,18,0,18,737,438,41,0,1216,0,0,0,1216
01/19/2007,EWR,NJ,AEA,EN,Towers with Radar,770,415,23,1,1209,0,0,21,0,21,770,415,44,1,1230,0,0,0,1230
01/20/2007,EWR,NJ,AEA,EN,Towers with Radar,608,300,2,0,910,0,0,11,0,11,608,300,13,0,921,0,0,0,921
01/21/2007,EWR,NJ,AEA,EN,Towers with Radar,644,403,26,0,1073,0,0,0,0,0,644,403,26,0,1073,0,0,0,1073
01/22/2007,EWR,NJ,AEA,EN,Towers with Radar,704,454,15,0,1173,0,0,14,0,14,704,454,29,0,1187,0,0,0,1187
01/23/2007,EWR,NJ,AEA,EN,Towers with Radar,742,468,27,1,1238,0,0,25,0,25,742,468,52,1,1263,0,0,0,1263
01/24/2007,EWR,NJ,AEA,EN,Towers with Radar,727,477,29,0,1233,0,0,25,0,25,727,477,54,0,1258,0,0,0,1258
01/25/2007,EWR,NJ,AEA,EN,Towers with Radar,771,437,21,0,1229,0,0,27,0,27,771,437,48,0,1256,0,0,0,1256
01/26/2007,EWR,NJ,AEA,EN,Towers with Radar,768,438,16,0,1222,0,0,23,0,23,768,438,39,0,1245,0,0,0,1245
01/27/2007,EWR,NJ,AEA,EN,Towers with Radar,629,312,7,0,948,0,0,3,0,3,629,312,10,0,951,0,0,0,951
01/28/2007,EWR,NJ,AEA,EN,Towers with Radar,643,402,15,0,1060,0,0,7,0,7,643,402,22,0,1067,0,0,0,1067
01/29/2007,EWR,NJ,AEA,EN,Towers with Radar,722,460,17,0,1199,0,0,12,0,12,722,460,29,0,1211,0,0,0,1211
01/30/2007,EWR,NJ,AEA,EN,Towers with Radar,742,469,24,0,1235,0,0,19,0,19,742,469,43,0,1254,0,0,0,1254
01/31/2007,EWR,NJ,AEA,EN,Towers with Radar,743,474,32,1,1250,0,0,13,0,13,743,474,45,1,1263,0,0,0,1263
02/01/2007,EWR,NJ,AEA,EN,Towers with Radar,783,467,24,0,1274,0,0,23,0,23,783,467,47,0,1297,0,0,0,1297
02/02/2007,EWR,NJ,AEA,EN,Towers with Radar,780,424,23,0,1227,0,0,18,0,18,780,424,41,0,1245,0,0,0,1245
02/03/2007,EWR,NJ,AEA,EN,Towers with Radar,618,306,10,0,934,0,0,3,0,3,618,306,13,0,937,0,0,0,937
02/04/2007,EWR,NJ,AEA,EN,Towers with Radar,650,388,12,0,1050,0,0,17,0,17,650,388,29,0,1067,0,0,0,1067
02/05/2007,EWR,NJ,AEA,EN,Towers with Radar,705,437,31,0,1173,0,0,20,0,20,705,437,51,0,1193,0,0,0,1193
02/06/2007,EWR,NJ,AEA,EN,Towers with Radar,736,472,21,0,1229,0,0,13,0,13,736,472,34,0,1242,0,0,0,1242
02/07/2007,EWR,NJ,AEA,EN,Towers with Radar,753,469,30,0,1252,0,0,26,0,26,753,469,56,0,1278,0,0,0,1278
02/08/2007,EWR,NJ,AEA,EN,Towers with Radar,764,472,22,0,1258,0,0,0,0,0,764,472,22,0,1258,0,0,0,1258
02/09/2007,EWR,NJ,AEA,EN,Towers with Radar,776,467,29,0,1272,0,0,25,0,25,776,467,54,0,1297,0,0,0,1297
02/10/2007,EWR,NJ,AEA,EN,Towers with Radar,633,304,11,0,948,0,0,2,0,2,633,304,13,0,950,0,0,0,950
02/11/2007,EWR,NJ,AEA,EN,Towers with Radar,623,376,7,0,1006,0,0,2,0,2,623,376,9,0,1008,0,0,0,1008
02/12/2007,EWR,NJ,AEA,EN,Towers with Radar,708,451,19,0,1178,0,0,18,0,18,708,451,37,0,1196,0,0,0,1196
02/13/2007,EWR,NJ,AEA,EN,Towers with Radar,689,359,29,0,1077,0,0,17,0,17,689,359,46,0,1094,91,1,92,1186
02/14/2007,EWR,NJ,AEA,EN,Towers with Radar,565,101,38,0,704,0,0,0,0,0,565,101,38,0,704,0,0,0,704
02/15/2007,EWR,NJ,AEA,EN,Towers with Radar,803,358,56,0,1217,0,0,20,0,20,803,358,76,0,1237,0,0,0,1237
02/16/2007,EWR,NJ,AEA,EN,Towers with Radar,804,460,29,0,1293,0,0,26,0,26,804,460,55,0,1319,0,0,0,1319
02/17/2007,EWR,NJ,AEA,EN,Towers with Radar,689,364,9,1,1063,0,0,9,0,9,689,364,18,1,1072,0,0,0,1072
02/18/2007,EWR,NJ,AEA,EN,Towers with Radar,666,383,23,0,1072,0,0,0,0,0,666,383,23,0,1072,0,0,0,1072
02/19/2007,EWR,NJ,AEA,EN,Towers with Radar,742,467,21,0,1230,0,0,4,0,4,742,467,25,0,1234,0,0,0,1234
02/20/2007,EWR,NJ,AEA,EN,Towers with Radar,807,476,33,1,1317,0,0,30,0,30,807,476,63,1,1347,0,0,0,1347
02/21/2007,EWR,NJ,AEA,EN,Towers with Radar,807,468,17,1,1293,0,0,23,0,23,807,468,40,1,1316,0,0,0,1316
02/22/2007,EWR,NJ,AEA,EN,Towers with Radar,798,427,23,0,1248,0,0,22,0,22,798,427,45,0,1270,0,0,0,1270
02/23/2007,EWR,NJ,AEA,EN,Towers with Radar,828,467,14,0,1309,0,0,20,0,20,828,467,34,0,1329,0,0,0,1329
02/24/2007,EWR,NJ,AEA,EN,Towers with Radar,658,352,13,0,1023,0,0,7,0,7,658,352,20,0,1030,0,0,0,1030
02/25/2007,EWR,NJ,AEA,EN,Towers with Radar,653,338,19,0,1010,0,0,7,0,7,653,338,26,0,1017,0,0,0,1017
02/26/2007,EWR,NJ,AEA,EN,Towers with Radar,678,346,22,0,1046,0,0,7,0,7,678,346,29,0,1053,0,0,0,1053
02/27/2007,EWR,NJ,AEA,EN,Towers with Radar,810,458,19,0,1287,0,0,13,0,13,810,458,32,0,1300,0,0,0,1300
02/28/2007,EWR,NJ,AEA,EN,Towers with Radar,800,483,29,0,1312,0,0,35,0,35,800,483,64,0,1347,0,0,0,1347
03/01/2007,EWR,NJ,AEA,EN,Towers with Radar,796,467,30,0,1293,0,0,23,0,23,796,467,53,0,1316,0,0,0,1316
03/02/2007,EWR,NJ,AEA,EN,Towers with Radar,788,412,21,0,1221,0,0,27,0,27,788,412,48,0,1248,0,0,0,1248
03/03/2007,EWR,NJ,AEA,EN,Towers with Radar,663,360,10,0,1033,0,0,12,1,13,663,360,22,1,1046,0,0,0,1046
03/04/2007,EWR,NJ,AEA,EN,Towers with Radar,700,400,12,1,1113,0,0,8,2,10,700,400,20,3,1123,0,0,0,1123
03/05/2007,EWR,NJ,AEA,EN,Towers with Radar,736,404,19,0,1159,0,0,11,0,11,736,404,30,0,1170,0,0,0,1170
03/06/2007,EWR,NJ,AEA,EN,Towers with Radar,814,437,17,0,1268,0,0,30,0,30,814,437,47,0,1298,0,0,0,1298
03/07/2007,EWR,NJ,AEA,EN,Towers with Radar,817,434,28,0,1279,0,0,24,0,24,817,434,52,0,1303,0,0,0,1303
03/08/2007,EWR,NJ,AEA,EN,Towers with Radar,833,467,25,0,1325,0,0,28,0,28,833,467,53,0,1353,0,0,0,1353
03/09/2007,EWR,NJ,AEA,EN,Towers with Radar,827,482,25,0,1334,0,0,46,0,46,827,482,71,0,1380,0,0,0,1380
03/10/2007,EWR,NJ,AEA,EN,Towers with Radar,626,358,12,0,996,0,0,1,0,1,626,358,13,0,997,0,0,0,997
03/11/2007,EWR,NJ,AEA,EN,Towers with Radar,708,402,14,0,1124,0,0,5,0,5,708,402,19,0,1129,0,0,0,1129
03/12/2007,EWR,NJ,AEA,EN,Towers with Radar,771,472,18,0,1261,0,0,25,0,25,771,472,43,0,1286,0,0,0,1286
03/13/2007,EWR,NJ,AEA,EN,Towers with Radar,823,481,43,0,1347,0,0,19,0,19,823,481,62,0,1366,0,0,0,1366
03/14/2007,EWR,NJ,AEA,EN,Towers with Radar,839,436,27,0,1302,0,0,22,0,22,839,436,49,0,1324,0,0,0,1324
03/15/2007,EWR,NJ,AEA,EN,Towers with Radar,786,402,20,0,1208,0,0,30,0,30,786,402,50,0,1238,0,0,0,1238
03/16/2007,EWR,NJ,AEA,EN,Towers with Radar,365,125,41,0,531,0,0,0,0,0,365,125,41,0,531,0,0,0,531
03/17/2007,EWR,NJ,AEA,EN,Towers with Radar,386,208,58,0,652,0,0,3,0,3,386,208,61,0,655,0,0,0,655
03/18/2007,EWR,NJ,AEA,EN,Towers with Radar,680,309,31,0,1020,0,0,7,0,7,680,309,38,0,1027,0,0,0,1027
03/19/2007,EWR,NJ,AEA,EN,Towers with Radar,800,414,30,0,1244,0,0,16,0,16,800,414,46,0,1260,0,0,0,1260
03/20/2007,EWR,NJ,AEA,EN,Towers with Radar,835,457,33,0,1325,0,0,16,0,16,835,457,49,0,1341,0,0,0,1341
03/21/2007,EWR,NJ,AEA,EN,Towers with Radar,840,480,24,0,1344,0,0,24,0,24,840,480,48,0,1368,0,0,0,1368
03/22/2007,EWR,NJ,AEA,EN,Towers with Radar,797,399,23,0,1219,0,0,30,0,30,797,399,53,0,1249,0,0,0,1249
03/23/2007,EWR,NJ,AEA,EN,Towers with Radar,859,454,28,0,1341,0,0,35,0,35,859,454,63,0,1376,0,0,0,1376
03/24/2007,EWR,NJ,AEA,EN,Towers with Radar,671,349,12,0,1032,0,0,3,0,3,671,349,15,0,1035,0,0,0,1035
03/25/2007,EWR,NJ,AEA,EN,Towers with Radar,719,412,24,1,1156,0,0,7,0,7,719,412,31,1,1163,0,0,0,1163
03/26/2007,EWR,NJ,AEA,EN,Towers with Radar,765,470,22,1,1258,0,0,17,0,17,765,470,39,1,1275,0,0,0,1275
03/27/2007,EWR,NJ,AEA,EN,Towers with Radar,819,477,25,0,1321,0,1,25,1,27,819,478,50,1,1348,0,0,0,1348
03/28/2007,EWR,NJ,AEA,EN,Towers with Radar,831,475,24,0,1330,0,0,33,0,33,831,475,57,0,1363,0,0,0,1363
03/29/2007,EWR,NJ,AEA,EN,Towers with Radar,819,480,31,0,1330,0,0,35,0,35,819,480,66,0,1365,0,0,0,1365
03/30/2007,EWR,NJ,AEA,EN,Towers with Radar,841,472,37,1,1351,0,0,31,0,31,841,472,68,1,1382,0,0,0,1382
03/31/2007,EWR,NJ,AEA,EN,Towers with Radar,675,362,23,0,1060,0,0,0,0,0,675,362,23,0,1060,0,0,0,1060
04/01/2007,EWR,NJ,AEA,EN,Towers with Radar,721,391,14,0,1126,0,0,3,0,3,721,391,17,0,1129,0,0,0,1129
04/02/2007,EWR,NJ,AEA,EN,Towers with Radar,752,417,27,0,1196,0,0,16,0,16,752,417,43,0,1212,0,0,0,1212
04/03/2007,EWR,NJ,AEA,EN,Towers with Radar,838,519,33,0,1390,0,0,17,0,17,838,519,50,0,1407,0,0,0,1407
04/04/2007,EWR,NJ,AEA,EN,Towers with Radar,787,400,12,2,1201,0,0,7,0,7,787,400,19,2,1208,0,0,0,1208
04/05/2007,EWR,NJ,AEA,EN,Towers with Radar,842,467,31,0,1340,0,0,35,0,35,842,467,66,0,1375,0,0,0,1375
04/06/2007,EWR,NJ,AEA,EN,Towers with Radar,822,451,12,0,1285,0,0,32,0,32,822,451,44,0,1317,0,0,0,1317
04/07/2007,EWR,NJ,AEA,EN,Towers with Radar,690,362,9,0,1061,0,0,4,0,4,690,362,13,0,1065,0,0,0,1065
04/08/2007,EWR,NJ,AEA,EN,Towers with Radar,718,368,12,0,1098,0,0,8,0,8,718,368,20,0,1106,0,0,0,1106
04/09/2007,EWR,NJ,AEA,EN,Towers with Radar,782,425,38,0,1245,0,0,0,0,0,782,425,38,0,1245,0,0,0,1245
04/10/2007,EWR,NJ,AEA,EN,Towers with Radar,813,467,20,0,1300,0,0,19,0,19,813,467,39,0,1319,0,0,0,1319
04/11/2007,EWR,NJ,AEA,EN,Towers with Radar,816,476,28,0,1320,0,0,32,0,32,816,476,60,0,1352,0,0,0,1352
04/12/2007,EWR,NJ,AEA,EN,Towers with Radar,796,377,26,0,1199,0,0,7,0,7,796,377,33,0,1206,0,0,0,1206
04/13/2007,EWR,NJ,AEA,EN,Towers with Radar,822,444,18,0,1284,0,0,36,0,36,822,444,54,0,1320,0,0,0,1320
04/14/2007,EWR,NJ,AEA,EN,Towers with Radar,690,375,18,0,1083,0,0,8,0,8,690,375,26,0,1091,0,0,0,1091
04/15/2007,EWR,NJ,AEA,EN,Towers with Radar,671,251,25,0,947,0,0,0,0,0,671,251,25,0,947,0,0,0,947
04/16/2007,EWR,NJ,AEA,EN,Towers with Radar,756,334,60,0,1150,0,0,8,0,8,756,334,68,0,1158,0,0,0,1158
04/17/2007,EWR,NJ,AEA,EN,Towers with Radar,814,432,73,0,1319,0,0,28,0,28,814,432,101,0,1347,0,0,0,1347
04/18/2007,EWR,NJ,AEA,EN,Towers with Radar,836,492,67,0,1395,0,0,22,0,22,836,492,89,0,1417,0,0,0,1417
04/19/2007,EWR,NJ,AEA,EN,Towers with Radar,844,494,38,0,1376,0,0,27,0,27,844,494,65,0,1403,0,0,0,1403
04/20/2007,EWR,NJ,AEA,EN,Towers with Radar,829,464,22,1,1316,0,0,33,0,33,829,464,55,1,1349,0,0,0,1349
04/21/2007,EWR,NJ,AEA,EN,Towers with Radar,675,359,23,0,1057,0,0,11,0,11,675,359,34,0,1068,0,0,0,1068
04/22/2007,EWR,NJ,AEA,EN,Towers with Radar,729,392,30,0,1151,0,0,13,0,13,729,392,43,0,1164,0,0,0,1164
04/23/2007,EWR,NJ,AEA,EN,Towers with Radar,752,465,30,0,1247,0,0,19,0,19,752,465,49,0,1266,0,0,0,1266
04/24/2007,EWR,NJ,AEA,EN,Towers with Radar,824,474,49,2,1349,0,0,10,0,10,824,474,59,2,1359,0,0,0,1359
04/25/2007,EWR,NJ,AEA,EN,Towers with Radar,793,463,37,2,1295,0,0,16,0,16,793,463,53,2,1311,0,0,0,1311
04/26/2007,EWR,NJ,AEA,EN,Towers with Radar,832,487,33,0,1352,0,0,23,0,23,832,487,56,0,1375,0,0,0,1375
04/27/2007,EWR,NJ,AEA,EN,Towers with Radar,808,384,18,0,1210,0,0,0,0,0,808,384,18,0,1210,0,0,0,1210
04/28/2007,EWR,NJ,AEA,EN,Towers with Radar,697,347,9,0,1053,0,0,4,0,4,697,347,13,0,1057,0,0,0,1057
04/29/2007,EWR,NJ,AEA,EN,Towers with Radar,712,394,17,0,1123,0,0,9,0,9,712,394,26,0,1132,0,0,0,1132
04/30/2007,EWR,NJ,AEA,EN,Towers with Radar,771,431,21,0,1223,0,0,26,0,26,771,431,47,0,1249,0,0,0,1249
05/01/2007,EWR,NJ,AEA,EN,Towers with Radar,802,463,32,0,1297,0,0,21,0,21,802,463,53,0,1318,0,0,0,1318
05/02/2007,EWR,NJ,AEA,EN,Towers with Radar,830,479,30,0,1339,0,0,29,0,29,830,479,59,0,1368,0,0,0,1368
05/03/2007,EWR,NJ,AEA,EN,Towers with Radar,807,482,32,1,1322,0,0,25,0,25,807,482,57,1,1347,0,0,0,1347
05/04/2007,EWR,NJ,AEA,EN,Towers with Radar,809,483,25,0,1317,0,0,36,0,36,809,483,61,0,1353,0,0,0,1353
05/05/2007,EWR,NJ,AEA,EN,Towers with Radar,650,359,7,2,1018,0,0,1,0,1,650,359,8,2,1019,0,0,0,1019
05/06/2007,EWR,NJ,AEA,EN,Towers with Radar,685,403,14,0,1102,0,0,12,0,12,685,403,26,0,1114,0,0,0,1114
05/07/2007,EWR,NJ,AEA,EN,Towers with Radar,761,464,17,0,1242,0,0,33,0,33,761,464,50,0,1275,0,0,0,1275
05/08/2007,EWR,NJ,AEA,EN,Towers with Radar,809,474,38,0,1321,0,0,12,0,12,809,474,50,0,1333,0,0,0,1333
05/09/2007,EWR,NJ,AEA,EN,Towers with Radar,820,479,45,1,1345,0,0,39,0,39,820,479,84,1,1384,0,0,0,1384
05/10/2007,EWR,NJ,AEA,EN,Towers with Radar,766,410,32,2,1210,0,0,44,0,44,766,410,76,2,1254,0,0,0,1254
05/11/2007,EWR,NJ,AEA,EN,Towers with Radar,832,459,28,0,1319,0,0,35,0,35,832,459,63,0,1354,0,0,0,1354
05/12/2007,EWR,NJ,AEA,EN,Towers with Radar,663,364,14,0,1041,0,0,3,0,3,663,364,17,0,1044,0,0,0,1044
05/13/2007,EWR,NJ,AEA,EN,Towers with Radar,703,387,23,0,1113,0,0,10,0,10,703,387,33,0,1123,0,0,0,1123
05/14/2007,EWR,NJ,AEA,EN,Towers with Radar,759,457,28,0,1244,0,0,27,0,27,759,457,55,0,1271,0,0,0,1271
05/15/2007,EWR,NJ,AEA,EN,Towers with Radar,771,433,34,0,1238,0,0,31,0,31,771,433,65,0,1269,0,0,0,1269
05/16/2007,EWR,NJ,AEA,EN,Towers with Radar,761,319,22,0,1102,0,0,18,0,18,761,319,40,0,1120,0,0,0,1120
05/17/2007,EWR,NJ,AEA,EN,Towers with Radar,877,488,46,0,1411,0,0,32,0,32,877,488,78,0,1443,0,0,0,1443
05/18/2007,EWR,NJ,AEA,EN,Towers with Radar,810,440,26,0,1276,0,3,29,0,32,810,443,55,0,1308,0,0,0,1308
05/19/2007,EWR,NJ,AEA,EN,Towers with Radar,651,353,26,1,1031,0,0,4,0,4,651,353,30,1,1035,0,0,0,1035
05/20/2007,EWR,NJ,AEA,EN,Towers with Radar,701,392,24,0,1117,0,0,5,0,5,701,392,29,0,1122,0,0,0,1122
05/21/2007,EWR,NJ,AEA,EN,Towers with Radar,759,456,36,0,1251,0,1,19,0,20,759,457,55,0,1271,0,0,0,1271
05/22/2007,EWR,NJ,AEA,EN,Towers with Radar,795,470,34,0,1299,0,0,30,0,30,795,470,64,0,1329,0,0,0,1329
05/23/2007,EWR,NJ,AEA,EN,Towers with Radar,819,478,30,0,1327,0,0,28,0,28,819,478,58,0,1355,0,0,0,1355
05/24/2007,EWR,NJ,AEA,EN,Towers with Radar,808,486,18,0,1312,0,0,37,0,37,808,486,55,0,1349,0,0,0,1349
05/25/2007,EWR,NJ,AEA,EN,Towers with Radar,815,471,26,0,1312,0,0,41,0,41,815,471,67,0,1353,0,0,0,1353
05/26/2007,EWR,NJ,AEA,EN,Towers with Radar,645,350,13,0,1008,0,0,10,0,10,645,350,23,0,1018,0,0,0,1018
05/27/2007,EWR,NJ,AEA,EN,Towers with Radar,614,309,11,0,934,0,0,8,0,8,614,309,19,0,942,0,0,0,942
05/28/2007,EWR,NJ,AEA,EN,Towers with Radar,701,392,20,0,1113,0,0,17,0,17,701,392,37,0,1130,0,0,0,1130
05/29/2007,EWR,NJ,AEA,EN,Towers with Radar,752,442,39,3,1236,0,0,27,0,27,752,442,66,3,1263,0,0,0,1263
05/30/2007,EWR,NJ,AEA,EN,Towers with Radar,803,472,31,1,1307,0,0,40,0,40,803,472,71,1,1347,0,0,0,1347
05/31/2007,EWR,NJ,AEA,EN,Towers with Radar,776,442,25,0,1243,0,0,27,0,27,776,442,52,0,1270,0,0,0,1270
06/01/2007,EWR,NJ,AEA,EN,Towers with Radar,803,391,24,0,1218,0,0,37,0,37,803,391,61,0,1255,0,0,0,1255
06/02/2007,EWR,NJ,AEA,EN,Towers with Radar,700,352,10,0,1062,0,0,16,0,16,700,352,26,0,1078,0,0,0,1078
06/03/2007,EWR,NJ,AEA,EN,Towers with Radar,661,364,18,0,1043,0,0,15,0,15,661,364,33,0,1058,0,0,0,1058
06/04/2007,EWR,NJ,AEA,EN,Towers with Radar,762,461,25,0,1248,0,0,21,0,21,762,461,46,0,1269,0,0,0,1269
06/05/2007,EWR,NJ,AEA,EN,Towers with Radar,809,440,24,0,1273,0,0,34,0,34,809,440,58,0,1307,0,0,0,1307
06/06/2007,EWR,NJ,AEA,EN,Towers with Radar,813,482,37,0,1332,0,0,29,0,29,813,482,66,0,1361,0,0,0,1361
06/07/2007,EWR,NJ,AEA,EN,Towers with Radar,824,478,45,4,1351,0,0,35,0,35,824,478,80,4,1386,0,0,0,1386
06/08/2007,EWR,NJ,AEA,EN,Towers with Radar,724,356,25,0,1105,0,0,28,0,28,724,356,53,0,1133,0,0,0,1133
06/09/2007,EWR,NJ,AEA,EN,Towers with Radar,733,388,16,0,1137,0,0,6,0,6,733,388,22,0,1143,0,0,0,1143
06/10/2007,EWR,NJ,AEA,EN,Towers with Radar,716,410,27,0,1153,0,0,4,0,4,716,410,31,0,1157,0,0,0,1157
06/11/2007,EWR,NJ,AEA,EN,Towers with Radar,734,389,52,1,1176,0,0,0,0,0,734,389,52,1,1176,0,0,0,1176
06/12/2007,EWR,NJ,AEA,EN,Towers with Radar,716,340,30,0,1086,0,3,31,0,34,716,343,61,0,1120,0,0,0,1120
06/13/2007,EWR,NJ,AEA,EN,Towers with Radar,876,375,43,0,1294,0,0,34,0,34,876,375,77,0,1328,0,0,0,1328
06/14/2007,EWR,NJ,AEA,EN,Towers with Radar,841,465,20,0,1326,0,0,35,0,35,841,465,55,0,1361,0,0,0,1361
06/15/2007,EWR,NJ,AEA,EN,Towers with Radar,838,448,28,0,1314,0,0,44,0,44,838,448,72,0,1358,0,0,0,1358
06/16/2007,EWR,NJ,AEA,EN,Towers with Radar,678,359,7,0,1044,0,0,9,0,9,678,359,16,0,1053,0,0,0,1053
06/17/2007,EWR,NJ,AEA,EN,Towers with Radar,725,407,10,0,1142,0,0,22,0,22,725,407,32,0,1164,0,0,0,1164
06/18/2007,EWR,NJ,AEA,EN,Towers with Radar,767,454,38,0,1259,0,0,42,0,42,767,454,80,0,1301,0,0,0,1301
06/19/2007,EWR,NJ,AEA,EN,Towers with Radar,708,344,27,2,1081,0,0,20,0,20,708,344,47,2,1101,0,0,0,1101
06/20/2007,EWR,NJ,AEA,EN,Towers with Radar,909,475,42,0,1426,0,0,30,0,30,909,475,72,0,1456,0,0,0,1456
06/21/2007,EWR,NJ,AEA,EN,Towers with Radar,751,366,21,0,1138,0,0,34,0,34,751,366,55,0,1172,0,0,0,1172
06/22/2007,EWR,NJ,AEA,EN,Towers with Radar,894,459,27,0,1380,0,0,41,0,41,894,459,68,0,1421,0,0,0,1421
06/23/2007,EWR,NJ,AEA,EN,Towers with Radar,681,390,20,0,1091,0,0,11,0,11,681,390,31,0,1102,0,0,0,1102
06/24/2007,EWR,NJ,AEA,EN,Towers with Radar,730,410,22,0,1162,0,0,18,0,18,730,410,40,0,1180,0,0,0,1180
06/25/2007,EWR,NJ,AEA,EN,Towers with Radar,762,444,24,0,1230,0,0,32,0,32,762,444,56,0,1262,0,0,0,1262
06/26/2007,EWR,NJ,AEA,EN,Towers with Radar,823,467,35,0,1325,0,0,27,0,27,823,467,62,0,1352,0,0,0,1352
06/27/2007,EWR,NJ,AEA,EN,Towers with Radar,659,307,25,0,991,0,0,37,0,37,659,307,62,0,1028,0,0,0,1028
06/28/2007,EWR,NJ,AEA,EN,Towers with Radar,814,317,41,0,1172,0,0,18,0,18,814,317,59,0,1190,0,0,0,1190
06/29/2007,EWR,NJ,AEA,EN,Towers with Radar,888,467,38,0,1393,0,0,48,0,48,888,467,86,0,1441,0,0,0,1441
06/30/2007,EWR,NJ,AEA,EN,Towers with Radar,706,405,20,0,1131,0,0,12,0,12,706,405,32,0,1143,0,0,0,1143
07/01/2007,EWR,NJ,AEA,EN,Towers with Radar,722,418,39,0,1179,0,0,0,0,0,722,418,39,0,1179,0,0,0,1179
07/02/2007,EWR,NJ,AEA,EN,Towers with Radar,782,470,24,0,1276,0,0,28,0,28,782,470,52,0,1304,0,0,0,1304
07/03/2007,EWR,NJ,AEA,EN,Towers with Radar,801,414,28,0,1243,0,0,41,0,41,801,414,69,0,1284,0,0,0,1284
07/04/2007,EWR,NJ,AEA,EN,Towers with Radar,640,305,8,0,953,0,0,7,0,7,640,305,15,0,960,0,0,0,960
07/05/2007,EWR,NJ,AEA,EN,Towers with Radar,744,316,27,0,1087,0,0,24,0,24,744,316,51,0,1111,0,0,0,1111
07/06/2007,EWR,NJ,AEA,EN,Towers with Radar,799,397,5,0,1201,0,0,28,0,28,799,397,33,0,1229,0,0,0,1229
07/07/2007,EWR,NJ,AEA,EN,Towers with Radar,686,392,8,0,1086,0,0,7,0,7,686,392,15,0,1093,0,0,0,1093
07/08/2007,EWR,NJ,AEA,EN,Towers with Radar,734,412,11,0,1157,0,0,17,0,17,734,412,28,0,1174,0,0,0,1174
07/09/2007,EWR,NJ,AEA,EN,Towers with Radar,779,448,19,0,1246,0,0,33,0,33,779,448,52,0,1279,0,0,0,1279
07/10/2007,EWR,NJ,AEA,EN,Towers with Radar,759,373,16,0,1148,0,0,28,0,28,759,373,44,0,1176,0,0,0,1176
07/11/2007,EWR,NJ,AEA,EN,Towers with Radar,762,376,32,0,1170,0,0,16,0,16,762,376,48,0,1186,0,0,0,1186
07/12/2007,EWR,NJ,AEA,EN,Towers with Radar,905,474,30,0,1409,0,0,34,0,34,905,474,64,0,1443,0,0,0,1443
07/13/2007,EWR,NJ,AEA,EN,Towers with Radar,847,464,17,0,1328,0,0,44,0,44,847,464,61,0,1372,0,0,0,1372
07/14/2007,EWR,NJ,AEA,EN,Towers with Radar,688,398,16,0,1102,0,0,3,0,3,688,398,19,0,1105,0,0,0,1105
07/15/2007,EWR,NJ,AEA,EN,Towers with Radar,720,357,19,0,1096,0,0,24,0,24,720,357,43,0,1120,0,0,0,1120
07/16/2007,EWR,NJ,AEA,EN,Towers with Radar,790,460,18,0,1268,0,0,43,0,43,790,460,61,0,1311,0,0,0,1311
07/17/2007,EWR,NJ,AEA,EN,Towers with Radar,837,465,34,0,1336,0,0,46,0,46,837,465,80,0,1382,0,0,0,1382
07/18/2007,EWR,NJ,AEA,EN,Towers with Radar,794,382,20,0,1196,0,0,13,0,13,794,382,33,0,1209,0,0,0,1209
07/19/2007,EWR,NJ,AEA,EN,Towers with Radar,818,324,24,0,1166,0,0,22,0,22,818,324,46,0,1188,0,0,0,1188
07/20/2007,EWR,NJ,AEA,EN,Towers with Radar,855,459,15,0,1329,0,0,38,0,38,855,459,53,0,1367,0,0,0,1367
07/21/2007,EWR,NJ,AEA,EN,Towers with Radar,700,393,7,0,1100,0,0,15,0,15,700,393,22,0,1115,0,0,0,1115
07/22/2007,EWR,NJ,AEA,EN,Towers with Radar,736,430,16,0,1182,0,0,21,0,21,736,430,37,0,1203,0,0,0,1203
07/23/2007,EWR,NJ,AEA,EN,Towers with Radar,742,342,26,0,1110,0,0,12,0,12,742,342,38,0,1122,0,0,0,1122
07/24/2007,EWR,NJ,AEA,EN,Towers with Radar,845,476,30,2,1353,0,0,34,0,34,845,476,64,2,1387,0,0,0,1387
07/25/2007,EWR,NJ,AEA,EN,Towers with Radar,830,475,24,0,1329,0,0,27,0,27,830,475,51,0,1356,0,0,0,1356
07/26/2007,EWR,NJ,AEA,EN,Towers with Radar,838,471,25,0,1334,0,1,38,0,39,838,472,63,0,1373,0,0,0,1373
07/27/2007,EWR,NJ,AEA,EN,Towers with Radar,701,342,17,0,1060,0,0,36,0,36,701,342,53,0,1096,0,0,0,1096
07/28/2007,EWR,NJ,AEA,EN,Towers with Radar,760,410,13,0,1183,0,0,7,0,7,760,410,20,0,1190,0,0,0,1190
07/29/2007,EWR,NJ,AEA,EN,Towers with Radar,680,285,14,0,979,0,0,0,0,0,680,285,14,0,979,0,0,0,979
07/30/2007,EWR,NJ,AEA,EN,Towers with Radar,777,429,40,0,1246,0,0,25,0,25,777,429,65,0,1271,0,0,0,1271
07/31/2007,EWR,NJ,AEA,EN,Towers with Radar,827,476,35,0,1338,0,0,33,0,33,827,476,68,0,1371,0,0,0,1371
08/01/2007,EWR,NJ,AEA,EN,Towers with Radar,822,480,31,0,1333,0,0,25,0,25,822,480,56,0,1358,0,0,0,1358
08/02/2007,EWR,NJ,AEA,EN,Towers with Radar,839,488,32,0,1359,0,0,31,0,31,839,488,63,0,1390,0,0,0,1390
08/03/2007,EWR,NJ,AEA,EN,Towers with Radar,764,378,20,0,1162,0,0,44,0,44,764,378,64,0,1206,0,0,0,1206
08/04/2007,EWR,NJ,AEA,EN,Towers with Radar,743,429,27,0,1199,0,0,18,0,18,743,429,45,0,1217,0,0,0,1217
08/05/2007,EWR,NJ,AEA,EN,Towers with Radar,726,422,20,0,1168,0,0,10,0,10,726,422,30,0,1178,0,0,0,1178
08/06/2007,EWR,NJ,AEA,EN,Towers with Radar,764,431,26,0,1221,0,0,27,0,27,764,431,53,0,1248,0,0,0,1248
08/07/2007,EWR,NJ,AEA,EN,Towers with Radar,812,479,25,0,1316,0,0,30,0,30,812,479,55,0,1346,0,0,0,1346
08/08/2007,EWR,NJ,AEA,EN,Towers with Radar,840,424,11,0,1275,0,0,21,0,21,840,424,32,0,1296,0,0,0,1296
08/09/2007,EWR,NJ,AEA,EN,Towers with Radar,818,393,14,0,1225,0,0,26,0,26,818,393,40,0,1251,0,0,0,1251
08/10/2007,EWR,NJ,AEA,EN,Towers with Radar,788,341,23,0,1152,0,0,12,0,12,788,341,35,0,1164,0,0,0,1164
08/11/2007,EWR,NJ,AEA,EN,Towers with Radar,729,412,11,0,1152,0,0,25,0,25,729,412,36,0,1177,0,0,0,1177
08/12/2007,EWR,NJ,AEA,EN,Towers with Radar,729,418,25,0,1172,0,0,11,0,11,729,418,36,0,1183,0,0,0,1183
08/13/2007,EWR,NJ,AEA,EN,Towers with Radar,790,458,21,0,1269,0,0,33,0,33,790,458,54,0,1302,0,0,0,1302
08/14/2007,EWR,NJ,AEA,EN,Towers with Radar,828,475,21,0,1324,0,0,21,0,21,828,475,42,0,1345,0,0,0,1345
08/15/2007,EWR,NJ,AEA,EN,Towers with Radar,823,481,23,0,1327,0,0,24,0,24,823,481,47,0,1351,0,0,0,1351
08/16/2007,EWR,NJ,AEA,EN,Towers with Radar,812,434,18,0,1264,0,0,22,0,22,812,434,40,0,1286,0,0,0,1286
08/17/2007,EWR,NJ,AEA,EN,Towers with Radar,753,357,9,1,1120,0,0,38,0,38,753,357,47,1,1158,0,0,0,1158
08/18/2007,EWR,NJ,AEA,EN,Towers with Radar,746,432,12,0,1190,0,0,11,0,11,746,432,23,0,1201,0,0,0,1201
08/19/2007,EWR,NJ,AEA,EN,Towers with Radar,724,422,22,0,1168,0,10,11,0,21,724,432,33,0,1189,0,0,0,1189
08/20/2007,EWR,NJ,AEA,EN,Towers with Radar,732,424,23,0,1179,0,0,22,0,22,732,424,45,0,1201,0,0,0,1201
08/21/2007,EWR,NJ,AEA,EN,Towers with Radar,789,387,24,0,1200,0,0,3,0,3,789,387,27,0,1203,0,0,0,1203
08/22/2007,EWR,NJ,AEA,EN,Towers with Radar,840,452,24,0,1316,0,0,19,0,19,840,452,43,0,1335,0,0,0,1335
08/23/2007,EWR,NJ,AEA,EN,Towers with Radar,830,433,24,0,1287,0,0,18,0,18,830,433,42,0,1305,0,0,0,1305
08/24/2007,EWR,NJ,AEA,EN,Towers with Radar,838,456,24,0,1318,0,0,20,0,20,838,456,44,0,1338,0,0,0,1338
08/25/2007,EWR,NJ,AEA,EN,Towers with Radar,681,402,2,0,1085,0,0,3,0,3,681,402,5,0,1088,0,0,0,1088
08/26/2007,EWR,NJ,AEA,EN,Towers with Radar,717,433,14,0,1164,0,0,9,0,9,717,433,23,0,1173,0,0,0,1173
08/27/2007,EWR,NJ,AEA,EN,Towers with Radar,785,472,24,0,1281,0,0,24,0,24,785,472,48,0,1305,0,0,0,1305
08/28/2007,EWR,NJ,AEA,EN,Towers with Radar,824,478,19,0,1321,0,0,22,0,22,824,478,41,0,1343,0,0,0,1343
08/29/2007,EWR,NJ,AEA,EN,Towers with Radar,814,478,21,0,1313,0,0,38,0,38,814,478,59,0,1351,0,0,0,1351
08/30/2007,EWR,NJ,AEA,EN,Towers with Radar,828,450,16,0,1294,0,0,32,0,32,828,450,48,0,1326,0,0,0,1326
08/31/2007,EWR,NJ,AEA,EN,Towers with Radar,843,462,24,0,1329,0,0,39,0,39,843,462,63,0,1368,0,0,0,1368
09/01/2007,EWR,NJ,AEA,EN,Towers with Radar,665,380,22,0,1067,0,0,13,0,13,665,380,35,0,1080,0,0,0,1080
09/02/2007,EWR,NJ,AEA,EN,Towers with Radar,637,324,14,0,975,0,0,9,0,9,637,324,23,0,984,0,0,0,984
09/03/2007,EWR,NJ,AEA,EN,Towers with Radar,723,402,17,0,1142,0,0,12,0,12,723,402,29,0,1154,0,0,0,1154
09/04/2007,EWR,NJ,AEA,EN,Towers with Radar,763,459,40,0,1262,0,0,30,0,30,763,459,70,0,1292,0,0,0,1292
09/05/2007,EWR,NJ,AEA,EN,Towers with Radar,790,464,27,0,1281,3,0,30,0,33,793,464,57,0,1314,0,0,0,1314
09/06/2007,EWR,NJ,AEA,EN,Towers with Radar,784,490,20,0,1294,0,0,32,0,32,784,490,52,0,1326,0,0,0,1326
09/07/2007,EWR,NJ,AEA,EN,Towers with Radar,773,457,21,2,1253,0,0,37,0,37,773,457,58,2,1290,0,0,0,1290
09/08/2007,EWR,NJ,AEA,EN,Towers with Radar,628,303,11,0,942,0,0,9,0,9,628,303,20,0,951,0,0,0,951
09/09/2007,EWR,NJ,AEA,EN,Towers with Radar,665,393,12,0,1070,0,0,8,0,8,665,393,20,0,1078,0,0,0,1078
09/10/2007,EWR,NJ,AEA,EN,Towers with Radar,713,405,24,0,1142,0,0,12,0,12,713,405,36,0,1154,0,0,0,1154
09/11/2007,EWR,NJ,AEA,EN,Towers with Radar,722,391,34,0,1147,0,0,17,0,17,722,391,51,0,1164,0,0,0,1164
09/12/2007,EWR,NJ,AEA,EN,Towers with Radar,769,460,22,0,1251,0,0,38,0,38,769,460,60,0,1289,0,0,0,1289
09/13/2007,EWR,NJ,AEA,EN,Towers with Radar,786,463,24,0,1273,0,0,31,0,31,786,463,55,0,1304,0,0,0,1304
09/14/2007,EWR,NJ,AEA,EN,Towers with Radar,759,467,18,0,1244,0,0,31,0,31,759,467,49,0,1275,0,0,0,1275
09/15/2007,EWR,NJ,AEA,EN,Towers with Radar,599,306,11,0,916,0,0,20,0,20,599,306,31,0,936,0,0,0,936
09/16/2007,EWR,NJ,AEA,EN,Towers with Radar,660,395,34,0,1089,0,0,0,0,0,660,395,34,0,1089,0,0,0,1089
09/17/2007,EWR,NJ,AEA,EN,Towers with Radar,728,457,27,0,1212,0,0,34,0,34,728,457,61,0,1246,0,0,0,1246
09/18/2007,EWR,NJ,AEA,EN,Towers with Radar,748,470,36,0,1254,0,0,38,0,38,748,470,74,0,1292,0,0,0,1292
09/19/2007,EWR,NJ,AEA,EN,Towers with Radar,759,484,46,0,1289,0,0,35,0,35,759,484,81,0,1324,0,0,0,1324
09/20/2007,EWR,NJ,AEA,EN,Towers with Radar,770,474,38,0,1282,0,0,39,0,39,770,474,77,0,1321,0,0,0,1321
09/21/2007,EWR,NJ,AEA,EN,Towers with Radar,763,461,24,0,1248,0,0,41,0,41,763,461,65,0,1289,0,0,0,1289
09/22/2007,EWR,NJ,AEA,EN,Towers with Radar,623,308,29,0,960,0,0,4,0,4,623,308,33,0,964,0,0,0,964
09/23/2007,EWR,NJ,AEA,EN,Towers with Radar,676,398,14,1,1089,0,0,11,0,11,676,398,25,1,1100,0,0,0,1100
09/24/2007,EWR,NJ,AEA,EN,Towers with Radar,738,441,48,0,1227,0,0,19,0,19,738,441,67,0,1246,0,0,0,1246
09/25/2007,EWR,NJ,AEA,EN,Towers with Radar,754,461,46,1,1262,0,0,38,0,38,754,461,84,1,1300,0,0,0,1300
09/26/2007,EWR,NJ,AEA,EN,Towers with Radar,736,467,38,3,1244,0,0,38,0,38,736,467,76,3,1282,0,0,0,1282
09/27/2007,EWR,NJ,AEA,EN,Towers with Radar,774,414,32,2,1222,0,0,29,0,29,774,414,61,2,1251,0,0,0,1251
09/28/2007,EWR,NJ,AEA,EN,Towers with Radar,823,459,28,2,1312,0,0,28,0,28,823,459,56,2,1340,0,0,0,1340
09/29/2007,EWR,NJ,AEA,EN,Towers with Radar,634,316,25,0,975,0,0,24,0,24,634,316,49,0,999,0,0,0,999
09/30/2007,EWR,NJ,AEA,EN,Towers with Radar,700,376,31,0,1107,0,0,16,0,16,700,376,47,0,1123,0,0,0,1123
10/01/2007,EWR,NJ,AEA,EN,Towers with Radar,755,448,27,0,1230,0,0,37,0,37,755,448,64,0,1267,0,0,0,1477
10/02/2007,EWR,NJ,AEA,EN,Towers with Radar,776,457,41,0,1274,0,0,21,0,21,776,457,62,0,1295,0,0,0,1466
10/03/2007,EWR,NJ,AEA,EN,Towers with Radar,775,464,31,0,1270,0,0,21,0,21,775,464,52,0,1291,0,0,0,1357
10/04/2007,EWR,NJ,AEA,EN,Towers with Radar,816,473,26,0,1315,0,0,22,0,22,816,473,48,0,1337,0,0,0,1476
10/05/2007,EWR,NJ,AEA,EN,Towers with Radar,809,450,22,0,1281,0,0,21,0,21,809,450,43,0,1302,0,0,0,1401
10/06/2007,EWR,NJ,AEA,EN,Towers with Radar,662,331,20,0,1013,0,0,19,0,19,662,331,39,0,1032,0,0,0,1176
10/07/2007,EWR,NJ,AEA,EN,Towers with Radar,686,389,19,0,1094,0,0,8,0,8,686,389,27,0,1102,0,0,0,1191
10/08/2007,EWR,NJ,AEA,EN,Towers with Radar,751,446,38,0,1235,0,0,20,0,20,751,446,58,0,1255,0,0,0,1361
10/09/2007,EWR,NJ,AEA,EN,Towers with Radar,687,334,28,0,1049,0,0,12,0,12,687,334,40,0,1061,0,0,0,1178
10/10/2007,EWR,NJ,AEA,EN,Towers with Radar,853,453,29,0,1335,0,0,23,0,23,853,453,52,0,1358,0,0,0,1429
10/11/2007,EWR,NJ,AEA,EN,Towers with Radar,753,353,24,0,1130,0,0,11,0,11,753,353,35,0,1141,0,0,0,1185
10/12/2007,EWR,NJ,AEA,EN,Towers with Radar,822,462,30,0,1314,0,0,27,0,27,822,462,57,0,1341,0,0,0,1475
10/13/2007,EWR,NJ,AEA,EN,Towers with Radar,640,308,16,0,964,0,1,8,0,9,640,309,24,0,973,0,0,0,1144
10/14/2007,EWR,NJ,AEA,EN,Towers with Radar,680,385,14,0,1079,0,0,11,0,11,680,386,25,0,1091,0,0,0,1237
10/15/2007,EWR,NJ,AEA,EN,Towers with Radar,743,457,33,0,1233,0,0,27,0,27,743,457,60,0,1260,0,0,0,1458
10/16/2007,EWR,NJ,AEA,EN,Towers with Radar,773,469,29,0,1271,0,0,27,0,27,773,469,56,0,1298,0,0,0,1502
10/17/2007,EWR,NJ,AEA,EN,Towers with Radar,784,466,40,0,1290,0,0,36,0,36,784,466,76,0,1326,0,0,0,1426
10/18/2007,EWR,NJ,AEA,EN,Towers with Radar,800,450,29,0,1279,0,0,24,0,24,800,450,53,0,1303,0,0,0,1458
10/19/2007,EWR,NJ,AEA,EN,Towers with Radar,739,327,26,0,1092,0,0,3,0,3,739,327,29,0,1095,0,0,0,1121
10/20/2007,EWR,NJ,AEA,EN,Towers with Radar,700,327,11,0,1038,0,0,19,0,19,700,327,30,0,1057,0,0,0,1220
10/21/2007,EWR,NJ,AEA,EN,Towers with Radar,698,381,25,0,1104,0,0,0,0,0,698,381,25,0,1104,0,0,0,1255
10/22/2007,EWR,NJ,AEA,EN,Towers with Radar,722,477,25,0,1224,0,0,45,0,45,722,477,70,0,1269,0,0,0,1481
10/23/2007,EWR,NJ,AEA,EN,Towers with Radar,760,445,20,0,1225,0,0,34,0,34,760,445,54,0,1259,0,0,0,1459
10/24/2007,EWR,NJ,AEA,EN,Towers with Radar,757,398,29,0,1184,0,0,33,0,33,757,400,62,0,1219,0,0,0,1315
10/25/2007,EWR,NJ,AEA,EN,Towers with Radar,804,428,21,2,1255,0,0,42,0,42,804,429,63,2,1298,0,0,0,1435
10/26/2007,EWR,NJ,AEA,EN,Towers with Radar,780,390,34,0,1204,0,0,28,0,28,780,390,62,0,1232,0,0,0,1319
10/27/2007,EWR,NJ,AEA,EN,Towers with Radar,665,301,23,0,989,0,0,6,0,6,665,301,29,0,995,0,0,0,1002
10/28/2007,EWR,NJ,AEA,EN,Towers with Radar,696,373,18,0,1087,0,0,11,0,11,696,373,29,0,1098,0,0,0,1240
10/29/2007,EWR,NJ,AEA,EN,Towers with Radar,743,459,27,0,1229,0,0,34,0,34,743,459,61,0,1263,0,0,0,1486
10/30/2007,EWR,NJ,AEA,EN,Towers with Radar,779,463,27,0,1269,0,0,44,0,44,779,463,71,0,1313,0,0,0,1539
10/31/2007,EWR,NJ,AEA,EN,Towers with Radar,765,466,21,0,1252,0,0,23,0,23,765,466,44,0,1275,0,0,0,1503
11/01/2007,EWR,NJ,AEA,EN,Towers with Radar,813,451,25,0,1289,0,0,35,0,35,813,451,60,0,1324,0,0,0,1484
11/02/2007,EWR,NJ,AEA,EN,Towers with Radar,807,455,33,0,1295,0,0,37,0,37,807,455,70,0,1332,0,0,0,1540
11/03/2007,EWR,NJ,AEA,EN,Towers with Radar,662,306,10,0,978,0,0,1,0,1,662,306,11,0,979,0,0,0,1062
11/04/2007,EWR,NJ,AEA,EN,Towers with Radar,710,383,25,0,1118,0,0,12,0,12,710,383,37,0,1130,0,0,0,1292
11/05/2007,EWR,NJ,AEA,EN,Towers with Radar,765,454,27,0,1246,0,0,30,0,30,765,454,57,0,1276,0,0,0,1447
11/06/2007,EWR,NJ,AEA,EN,Towers with Radar,776,462,35,1,1274,0,1,23,0,24,776,463,58,1,1298,0,0,0,1405
11/07/2007,EWR,NJ,AEA,EN,Towers with Radar,771,456,38,0,1265,0,0,41,0,41,771,456,79,0,1306,0,0,0,1469
11/08/2007,EWR,NJ,AEA,EN,Towers with Radar,826,462,34,0,1322,0,0,42,0,42,826,462,76,0,1364,0,0,0,1549
11/09/2007,EWR,NJ,AEA,EN,Towers with Radar,776,417,26,0,1219,0,0,38,0,38,776,417,64,0,1257,121,1,122,1503
11/10/2007,EWR,NJ,AEA,EN,Towers with Radar,676,332,13,0,1021,0,0,13,0,13,676,332,26,0,1034,0,0,0,1127
11/11/2007,EWR,NJ,AEA,EN,Towers with Radar,715,372,31,0,1118,0,0,10,0,10,715,372,41,0,1128,0,0,0,1272
11/12/2007,EWR,NJ,AEA,EN,Towers with Radar,741,460,22,0,1223,0,5,35,0,40,741,475,57,0,1273,0,0,0,1469
11/13/2007,EWR,NJ,AEA,EN,Towers with Radar,783,443,34,0,1260,0,0,19,0,19,783,443,53,0,1279,0,0,0,1396
11/14/2007,EWR,NJ,AEA,EN,Towers with Radar,734,368,29,0,1131,0,0,18,0,18,734,368,47,0,1149,0,0,0,1178
11/15/2007,EWR,NJ,AEA,EN,Towers with Radar,808,424,22,0,1254,0,0,26,0,26,808,424,48,0,1280,0,0,0,1319
11/16/2007,EWR,NJ,AEA,EN,Towers with Radar,834,408,38,0,1280,0,0,42,0,42,834,408,80,0,1322,0,0,0,1433
11/17/2007,EWR,NJ,AEA,EN,Towers with Radar,658,321,15,0,994,0,0,8,0,8,658,321,23,0,1002,0,0,0,1130
11/18/2007,EWR,NJ,AEA,EN,Towers with Radar,700,362,13,0,1075,0,0,4,0,4,700,362,17,0,1079,0,0,0,1134
11/19/2007,EWR,NJ,AEA,EN,Towers with Radar,719,409,35,0,1163,0,0,18,0,18,719,409,53,0,1181,0,0,0,1212
11/20/2007,EWR,NJ,AEA,EN,Towers with Radar,795,445,19,0,1259,0,0,19,0,19,795,445,38,0,1278,0,0,0,1311
11/21/2007,EWR,NJ,AEA,EN,Towers with Radar,806,457,40,0,1303,0,0,26,0,26,806,457,66,0,1329,0,0,0,1386
11/22/2007,EWR,NJ,AEA,EN,Towers with Radar,585,287,11,0,883,0,0,5,0,5,585,287,16,0,888,0,0,0,944
11/23/2007,EWR,NJ,AEA,EN,Towers with Radar,579,265,9,0,853,0,0,4,0,4,579,265,13,0,857,0,0,0,972
11/24/2007,EWR,NJ,AEA,EN,Towers with Radar,664,378,12,0,1054,0,0,1,0,1,664,378,13,0,1055,0,0,0,1162
11/25/2007,EWR,NJ,AEA,EN,Towers with Radar,733,438,41,0,1212,0,0,9,0,9,733,438,50,0,1221,0,0,0,1357
11/26/2007,EWR,NJ,AEA,EN,Towers with Radar,693,341,33,0,1067,0,0,0,0,0,693,341,33,0,1067,0,0,0,1067
11/27/2007,EWR,NJ,AEA,EN,Towers with Radar,838,493,44,0,1375,0,0,38,0,38,838,493,82,0,1413,0,0,0,1604
11/28/2007,EWR,NJ,AEA,EN,Towers with Radar,789,459,48,0,1296,0,0,35,0,35,789,459,83,0,1331,0,0,0,1509
11/29/2007,EWR,NJ,AEA,EN,Towers with Radar,812,420,39,0,1271,0,0,40,0,40,812,420,79,0,1311,0,0,0,1471
11/30/2007,EWR,NJ,AEA,EN,Towers with Radar,799,453,35,0,1287,0,0,44,0,44,799,453,79,0,1331,0,0,0,1532
12/01/2007,EWR,NJ,AEA,EN,Towers with Radar,630,309,30,0,969,0,0,15,0,15,630,309,45,0,984,0,0,0,1116
12/02/2007,EWR,NJ,AEA,EN,Towers with Radar,637,186,39,0,862,0,0,2,0,2,637,186,41,0,864,0,0,0,866
12/03/2007,EWR,NJ,AEA,EN,Towers with Radar,727,370,23,0,1120,0,0,19,0,19,727,370,42,0,1139,0,0,0,1203
12/04/2007,EWR,NJ,AEA,EN,Towers with Radar,762,466,36,0,1264,0,0,38,0,38,762,466,74,0,1302,0,0,0,1412
12/05/2007,EWR,NJ,AEA,EN,Towers with Radar,749,427,48,0,1224,0,0,18,0,18,749,427,66,0,1242,0,0,0,1313
12/06/2007,EWR,NJ,AEA,EN,Towers with Radar,834,483,46,0,1363,0,0,48,0,48,834,483,94,0,1411,0,0,0,1608
12/07/2007,EWR,NJ,AEA,EN,Towers with Radar,798,417,30,0,1245,0,0,34,0,34,798,417,64,0,1279,0,0,0,1414
12/08/2007,EWR,NJ,AEA,EN,Towers with Radar,638,318,19,0,975,0,0,14,0,14,638,318,33,0,989,0,0,0,1129
12/09/2007,EWR,NJ,AEA,EN,Towers with Radar,673,369,29,0,1071,0,0,2,0,2,673,369,31,0,1073,0,0,0,1169
12/10/2007,EWR,NJ,AEA,EN,Towers with Radar,741,399,31,0,1171,0,0,18,0,18,741,399,49,0,1189,0,0,0,1219
12/11/2007,EWR,NJ,AEA,EN,Towers with Radar,706,381,41,0,1128,0,0,30,0,30,706,381,71,0,1158,0,0,0,1304
12/12/2007,EWR,NJ,AEA,EN,Towers with Radar,797,513,54,0,1364,0,0,30,0,30,797,513,84,0,1394,0,0,0,1520
12/13/2007,EWR,NJ,AEA,EN,Towers with Radar,534,193,22,0,749,0,0,0,0,0,534,193,22,0,749,0,0,0,781
12/14/2007,EWR,NJ,AEA,EN,Towers with Radar,837,443,35,0,1315,0,0,28,0,28,837,446,63,0,1346,0,0,0,1479
12/15/2007,EWR,NJ,AEA,EN,Towers with Radar,645,377,10,0,1032,0,0,6,0,6,645,377,16,0,1038,0,0,0,1132
12/16/2007,EWR,NJ,AEA,EN,Towers with Radar,644,231,16,0,891,0,0,1,0,1,644,231,17,0,892,0,0,0,892
12/17/2007,EWR,NJ,AEA,EN,Towers with Radar,757,389,33,0,1179,0,0,19,0,19,757,391,52,0,1200,0,0,0,1280
12/18/2007,EWR,NJ,AEA,EN,Towers with Radar,860,484,28,0,1372,0,0,46,0,46,860,484,74,0,1418,0,0,0,1592
12/19/2007,EWR,NJ,AEA,EN,Towers with Radar,864,480,31,0,1375,0,0,33,0,33,864,480,64,0,1408,0,0,0,1543
12/20/2007,EWR,NJ,AEA,EN,Towers with Radar,858,484,39,0,1381,0,0,30,0,30,858,668,69,0,1595,0,0,0,1598
12/21/2007,EWR,NJ,AEA,EN,Towers with Radar,851,474,17,0,1342,0,0,37,0,37,851,474,54,0,1379,0,0,0,1518
12/22/2007,EWR,NJ,AEA,EN,Towers with Radar,750,435,17,0,1202,0,0,0,0,0,750,435,17,0,1202,0,0,0,1237
12/23/2007,EWR,NJ,AEA,EN,Towers with Radar,656,259,5,0,920,0,0,1,0,1,656,259,6,0,921,0,0,0,921
12/24/2007,EWR,NJ,AEA,EN,Towers with Radar,688,358,5,0,1051,0,0,8,0,8,688,358,13,0,1059,0,0,0,1179
12/25/2007,EWR,NJ,AEA,EN,Towers with Radar,579,350,4,0,933,0,0,8,0,8,579,350,12,0,941,0,0,0,1022
12/26/2007,EWR,NJ,AEA,EN,Towers with Radar,728,462,17,0,1207,0,0,20,0,20,728,462,37,0,1227,0,0,0,1338
12/27/2007,EWR,NJ,AEA,EN,Towers with Radar,811,461,16,0,1288,0,0,3,0,3,811,461,19,0,1291,0,0,0,1327
12/28/2007,EWR,NJ,AEA,EN,Towers with Radar,782,466,9,0,1257,0,1,34,0,35,782,474,43,0,1299,0,0,0,1465
12/29/2007,EWR,NJ,AEA,EN,Towers with Radar,672,410,9,0,1091,0,0,2,0,2,672,410,11,0,1093,0,0,0,1219
12/30/2007,EWR,NJ,AEA,EN,Towers with Radar,710,382,11,0,1103,0,0,3,0,3,710,382,14,0,1106,0,0,0,1221
12/31/2007,EWR,NJ,AEA,EN,Towers with Radar,616,311,5,0,932,0,0,11,0,11,616,311,16,0,943,0,0,0,1060
01/01/2008,EWR,NJ,AEA,EN,Towers with Radar,672,368,7,0,1047,0,0,2,0,2,672,368,9,0,1049,0,0,0,1144
01/02/2008,EWR,NJ,AEA,EN,Towers with Radar,729,423,20,0,1172,0,0,18,0,18,729,423,38,0,1190,0,0,0,1355
01/03/2008,EWR,NJ,AEA,EN,Towers with Radar,815,493,26,0,1334,0,0,12,0,12,815,493,38,0,1346,0,0,0,1493
01/04/2008,EWR,NJ,AEA,EN,Towers with Radar,786,454,10,0,1250,0,2,23,0,25,786,456,33,0,1275,0,0,0,1438
01/05/2008,EWR,NJ,AEA,EN,Towers with Radar,682,414,14,0,1110,0,0,12,0,12,682,414,26,0,1122,0,0,0,1217
01/06/2008,EWR,NJ,AEA,EN,Towers with Radar,719,393,16,0,1128,0,0,6,0,6,719,393,22,0,1134,0,0,0,1187
01/07/2008,EWR,NJ,AEA,EN,Towers with Radar,720,423,27,0,1170,0,0,21,0,21,720,423,48,0,1191,0,0,0,1358
01/08/2008,EWR,NJ,AEA,EN,Towers with Radar,742,446,26,0,1214,0,0,15,0,15,742,446,41,0,1229,0,0,0,1387
01/09/2008,EWR,NJ,AEA,EN,Towers with Radar,730,398,22,0,1150,0,0,19,0,19,730,398,41,0,1169,0,0,0,1235
01/10/2008,EWR,NJ,AEA,EN,Towers with Radar,783,454,26,0,1263,0,0,37,0,37,783,454,63,0,1300,0,0,0,1481
01/11/2008,EWR,NJ,AEA,EN,Towers with Radar,739,374,11,0,1124,0,0,25,0,25,739,374,36,0,1149,0,0,0,1195
01/12/2008,EWR,NJ,AEA,EN,Towers with Radar,599,313,7,0,919,0,0,6,0,6,599,313,13,0,925,0,0,0,1015
01/13/2008,EWR,NJ,AEA,EN,Towers with Radar,628,360,16,0,1004,0,0,15,0,15,628,360,31,0,1019,0,0,0,1103
01/14/2008,EWR,NJ,AEA,EN,Towers with Radar,623,382,28,0,1033,0,0,20,0,20,623,382,48,0,1053,0,0,0,1094
01/15/2008,EWR,NJ,AEA,EN,Towers with Radar,714,447,37,0,1198,0,0,21,0,21,714,447,58,0,1219,0,0,0,1363
01/16/2008,EWR,NJ,AEA,EN,Towers with Radar,719,461,54,0,1234,0,0,0,0,0,719,461,54,0,1234,0,0,0,1393
01/17/2008,EWR,NJ,AEA,EN,Towers with Radar,753,457,51,0,1261,0,0,25,0,25,753,457,76,0,1286,0,0,0,1381
01/18/2008,EWR,NJ,AEA,EN,Towers with Radar,770,450,27,0,1247,0,0,37,0,37,770,454,64,0,1288,0,0,0,1403
01/19/2008,EWR,NJ,AEA,EN,Towers with Radar,582,307,11,0,900,0,0,12,0,12,582,307,23,0,912,0,0,0,1001
01/20/2008,EWR,NJ,AEA,EN,Towers with Radar,666,373,13,0,1052,0,0,6,0,6,666,373,19,0,1058,0,0,0,1115
01/21/2008,EWR,NJ,AEA,EN,Towers with Radar,713,445,19,0,1177,0,0,11,0,11,713,445,30,0,1188,0,0,0,1303
01/22/2008,EWR,NJ,AEA,EN,Towers with Radar,684,414,20,0,1118,0,0,27,0,27,684,414,47,0,1145,0,0,0,1244
01/23/2008,EWR,NJ,AEA,EN,Towers with Radar,727,464,26,0,1217,0,0,37,0,37,727,466,63,0,1256,0,0,0,1415
01/24/2008,EWR,NJ,AEA,EN,Towers with Radar,793,458,23,0,1274,0,0,38,0,38,793,458,61,0,1312,0,0,0,1439
01/25/2008,EWR,NJ,AEA,EN,Towers with Radar,763,459,11,0,1233,0,0,43,0,43,763,459,54,0,1276,0,0,0,1403
01/26/2008,EWR,NJ,AEA,EN,Towers with Radar,617,309,6,0,932,0,0,5,0,5,617,309,11,0,937,0,0,0,1016
01/27/2008,EWR,NJ,AEA,EN,Towers with Radar,664,382,13,0,1059,0,0,6,0,6,664,382,19,0,1065,0,0,0,1121
01/28/2008,EWR,NJ,AEA,EN,Towers with Radar,716,433,25,0,1174,0,0,27,1,28,716,433,52,1,1202,0,0,0,1350
01/29/2008,EWR,NJ,AEA,EN,Towers with Radar,704,440,31,0,1175,0,0,18,0,18,704,440,49,0,1193,0,0,0,1282
01/30/2008,EWR,NJ,AEA,EN,Towers with Radar,729,384,23,0,1136,0,0,29,0,29,729,388,52,0,1169,0,0,0,1212
01/31/2008,EWR,NJ,AEA,EN,Towers with Radar,777,453,32,0,1262,0,0,27,0,27,777,453,59,0,1289,0,0,0,1441
02/01/2008,EWR,NJ,AEA,EN,Towers with Radar,706,307,16,0,1029,0,0,0,0,0,706,307,16,0,1029,0,0,0,1030
02/02/2008,EWR,NJ,AEA,EN,Towers with Radar,617,334,8,0,959,0,1,10,0,11,617,336,18,0,971,0,0,0,1078
02/03/2008,EWR,NJ,AEA,EN,Towers with Radar,645,386,6,0,1037,0,0,11,0,11,645,388,17,0,1050,0,0,0,1124
02/04/2008,EWR,NJ,AEA,EN,Towers with Radar,704,423,20,0,1147,0,0,15,0,15,704,423,35,0,1162,0,0,0,1208
02/05/2008,EWR,NJ,AEA,EN,Towers with Radar,729,417,50,0,1196,0,0,17,0,17,729,417,67,0,1213,0,0,0,1239
02/06/2008,EWR,NJ,AEA,EN,Towers with Radar,707,401,13,0,1121,0,0,29,0,29,707,401,42,0,1150,0,0,0,1218
02/07/2008,EWR,NJ,AEA,EN,Towers with Radar,785,448,19,0,1252,0,0,46,0,46,785,449,65,0,1299,0,0,0,1459
02/08/2008,EWR,NJ,AEA,EN,Towers with Radar,774,437,38,0,1249,0,0,46,0,46,774,437,84,0,1295,0,0,0,1451
02/09/2008,EWR,NJ,AEA,EN,Towers with Radar,612,298,8,0,918,0,0,3,0,3,612,298,11,0,921,0,0,0,952
02/10/2008,EWR,NJ,AEA,EN,Towers with Radar,668,311,12,0,991,0,0,8,0,8,668,311,20,0,999,0,0,0,1029
02/11/2008,EWR,NJ,AEA,EN,Towers with Radar,721,431,17,1,1170,0,0,35,0,35,721,431,52,1,1205,0,0,0,1340
02/12/2008,EWR,NJ,AEA,EN,Towers with Radar,594,313,20,0,927,0,0,14,0,14,594,313,34,0,941,0,0,0,990
02/13/2008,EWR,NJ,AEA,EN,Towers with Radar,746,221,28,0,995,0,0,4,0,4,746,221,32,0,999,0,0,0,999
02/14/2008,EWR,NJ,AEA,EN,Towers with Radar,843,448,22,0,1313,0,0,21,0,21,843,450,43,0,1336,0,0,0,1526
02/15/2008,EWR,NJ,AEA,EN,Towers with Radar,838,397,24,1,1260,0,0,41,0,41,838,398,65,1,1302,0,0,0,1424
02/16/2008,EWR,NJ,AEA,EN,Towers with Radar,689,332,10,0,1031,0,0,2,0,2,689,332,12,0,1033,0,0,0,1120
02/17/2008,EWR,NJ,AEA,EN,Towers with Radar,682,387,13,0,1082,0,0,9,0,9,682,387,22,0,1091,0,0,0,1171
02/18/2008,EWR,NJ,AEA,EN,Towers with Radar,748,390,23,0,1161,0,0,6,0,6,748,390,29,0,1167,0,0,0,1198
02/19/2008,EWR,NJ,AEA,EN,Towers with Radar,798,437,30,0,1265,0,0,32,0,32,798,437,62,0,1297,0,0,0,1443
02/20/2008,EWR,NJ,AEA,EN,Towers with Radar,819,422,22,0,1263,0,0,0,0,0,819,426,22,0,1267,1,0,1,1551
02/21/2008,EWR,NJ,AEA,EN,Towers with Radar,820,436,39,0,1295,0,1,32,0,33,820,441,71,0,1332,0,0,0,1466
02/22/2008,EWR,NJ,AEA,EN,Towers with Radar,570,51,25,0,646,0,0,0,0,0,570,51,25,0,646,0,0,0,647
02/23/2008,EWR,NJ,AEA,EN,Towers with Radar,679,283,14,0,976,0,0,2,0,2,679,283,16,0,978,0,0,0,993
02/24/2008,EWR,NJ,AEA,EN,Towers with Radar,700,379,12,0,1091,0,2,4,0,6,700,381,16,0,1097,0,0,0,1178
02/25/2008,EWR,NJ,AEA,EN,Towers with Radar,753,441,31,0,1225,0,0,23,0,23,753,441,54,0,1248,0,0,0,1441
02/26/2008,EWR,NJ,AEA,EN,Towers with Radar,745,372,23,0,1140,0,0,18,0,18,745,372,41,0,1158,0,0,0,1219
02/27/2008,EWR,NJ,AEA,EN,Towers with Radar,827,469,25,0,1321,0,0,36,0,36,827,469,61,0,1357,0,0,0,1517
02/28/2008,EWR,NJ,AEA,EN,Towers with Radar,811,458,16,0,1285,0,0,34,0,34,811,458,50,0,1319,0,0,0,1494
02/29/2008,EWR,NJ,AEA,EN,Towers with Radar,805,445,32,0,1282,0,0,37,0,37,805,446,69,0,1320,0,0,0,1474
03/01/2008,EWR,NJ,AEA,EN,Towers with Radar,663,330,7,0,1000,0,0,8,0,8,663,330,15,0,1008,0,0,0,1066
03/02/2008,EWR,NJ,AEA,EN,Towers with Radar,724,380,13,0,1117,0,0,3,0,3,724,380,16,0,1120,0,0,0,1211
03/03/2008,EWR,NJ,AEA,EN,Towers with Radar,763,435,22,0,1220,0,0,22,0,22,763,435,44,0,1242,0,0,0,1392
03/04/2008,EWR,NJ,AEA,EN,Towers with Radar,798,401,27,0,1226,0,0,17,1,18,798,402,44,1,1245,0,0,0,1315
03/05/2008,EWR,NJ,AEA,EN,Towers with Radar,830,369,48,0,1247,0,0,0,0,0,830,369,48,0,1247,0,0,0,1327
03/06/2008,EWR,NJ,AEA,EN,Towers with Radar,826,475,31,0,1332,0,1,19,0,20,826,476,50,0,1352,0,0,0,1560
03/07/2008,EWR,NJ,AEA,EN,Towers with Radar,829,381,16,0,1226,0,0,24,0,24,829,381,40,0,1250,0,0,0,1359
03/08/2008,EWR,NJ,AEA,EN,Towers with Radar,634,201,13,0,848,0,0,0,0,0,634,201,13,0,848,0,0,0,848
03/09/2008,EWR,NJ,AEA,EN,Towers with Radar,747,260,23,0,1030,0,0,8,0,8,747,260,31,0,1038,0,0,0,1111
03/10/2008,EWR,NJ,AEA,EN,Towers with Radar,785,369,26,0,1180,0,0,24,2,26,785,369,50,2,1206,0,0,0,1379
03/11/2008,EWR,NJ,AEA,EN,Towers with Radar,853,435,31,0,1319,0,0,18,0,18,853,435,49,0,1337,0,0,0,1476
03/12/2008,EWR,NJ,AEA,EN,Towers with Radar,817,399,33,0,1249,0,0,33,0,33,817,399,66,0,1282,0,0,0,1412
03/13/2008,EWR,NJ,AEA,EN,Towers with Radar,890,451,27,0,1368,0,0,40,0,40,890,453,67,0,1410,0,0,0,1607
03/14/2008,EWR,NJ,AEA,EN,Towers with Radar,856,432,15,0,1303,0,0,25,0,25,856,432,40,0,1328,0,0,0,1444
03/15/2008,EWR,NJ,AEA,EN,Towers with Radar,714,326,10,0,1050,0,0,10,0,10,714,326,20,0,1060,0,0,0,1157
03/16/2008,EWR,NJ,AEA,EN,Towers with Radar,718,351,17,0,1086,0,0,10,0,10,718,351,27,0,1096,0,0,0,1158
03/17/2008,EWR,NJ,AEA,EN,Towers with Radar,808,430,24,0,1262,0,0,25,0,25,808,430,49,0,1287,0,0,0,1508
03/18/2008,EWR,NJ,AEA,EN,Towers with Radar,830,447,20,0,1297,0,1,29,0,30,830,450,49,0,1329,0,0,0,1485
03/19/2008,EWR,NJ,AEA,EN,Towers with Radar,793,354,13,0,1160,0,0,1,0,1,793,354,14,0,1161,0,0,0,1161
03/20/2008,EWR,NJ,AEA,EN,Towers with Radar,868,402,29,3,1302,0,0,31,0,31,868,403,60,3,1334,0,0,0,1428
03/21/2008,EWR,NJ,AEA,EN,Towers with Radar,848,400,9,0,1257,0,1,28,0,29,848,403,37,0,1288,0,0,0,1353
03/22/2008,EWR,NJ,AEA,EN,Towers with Radar,706,335,9,0,1050,0,0,4,0,4,706,335,13,0,1054,0,0,0,1129
03/23/2008,EWR,NJ,AEA,EN,Towers with Radar,726,370,19,0,1115,0,1,2,0,3,726,371,21,0,1118,0,0,0,1235
03/24/2008,EWR,NJ,AEA,EN,Towers with Radar,801,422,29,0,1252,0,0,14,0,14,801,422,43,0,1266,0,0,0,1431
03/25/2008,EWR,NJ,AEA,EN,Towers with Radar,858,426,31,0,1315,0,0,28,0,28,858,426,59,0,1343,0,0,0,1494
03/26/2008,EWR,NJ,AEA,EN,Towers with Radar,812,425,32,0,1269,0,0,26,0,26,812,425,58,0,1295,0,0,0,1455
03/27/2008,EWR,NJ,AEA,EN,Towers with Radar,863,447,57,0,1367,0,0,0,0,0,863,447,57,0,1367,0,0,0,1511
03/28/2008,EWR,NJ,AEA,EN,Towers with Radar,824,428,24,0,1276,0,0,11,0,11,824,428,35,0,1287,0,0,0,1407
03/29/2008,EWR,NJ,AEA,EN,Towers with Radar,713,340,14,0,1067,0,0,7,0,7,713,342,21,0,1076,0,0,0,1182
03/30/2008,EWR,NJ,AEA,EN,Towers with Radar,732,381,9,0,1122,0,0,7,0,7,732,381,16,0,1129,0,0,0,1264
03/31/2008,EWR,NJ,AEA,EN,Towers with Radar,809,377,25,0,1211,0,0,10,0,10,809,377,35,0,1221,0,0,0,1272
04/01/2008,EWR,NJ,AEA,EN,Towers with Radar,795,384,26,0,1205,0,0,14,0,14,795,384,40,0,1219,0,0,0,1311
04/02/2008,EWR,NJ,AEA,EN,Towers with Radar,913,481,25,0,1419,0,0,25,0,25,913,481,50,0,1444,0,0,0,1595
04/03/2008,EWR,NJ,AEA,EN,Towers with Radar,874,437,26,0,1337,0,0,33,0,33,874,437,59,0,1370,0,0,0,1578
04/04/2008,EWR,NJ,AEA,EN,Towers with Radar,822,349,21,0,1192,0,0,11,0,11,822,350,32,0,1204,0,0,0,1204
04/05/2008,EWR,NJ,AEA,EN,Towers with Radar,706,339,12,0,1057,0,0,4,0,4,706,339,16,0,1061,0,0,0,1153
04/06/2008,EWR,NJ,AEA,EN,Towers with Radar,735,376,17,0,1128,0,0,3,0,3,735,376,20,0,1131,0,0,0,1198
04/07/2008,EWR,NJ,AEA,EN,Towers with Radar,793,451,17,0,1261,0,0,15,0,15,793,451,32,0,1276,0,0,0,1428
04/08/2008,EWR,NJ,AEA,EN,Towers with Radar,825,461,20,0,1306,0,0,27,0,27,825,461,47,0,1333,0,0,0,1481
04/09/2008,EWR,NJ,AEA,EN,Towers with Radar,815,455,29,0,1299,0,0,29,0,29,815,455,58,0,1328,0,0,0,1440
04/10/2008,EWR,NJ,AEA,EN,Towers with Radar,844,461,49,0,1354,0,0,34,0,34,844,461,83,0,1388,0,0,0,1554
04/11/2008,EWR,NJ,AEA,EN,Towers with Radar,821,401,20,2,1244,0,0,15,0,15,821,401,35,2,1259,0,0,0,1341
04/12/2008,EWR,NJ,AEA,EN,Towers with Radar,714,377,13,0,1104,0,0,6,0,6,714,377,19,0,1110,0,0,0,1166
04/13/2008,EWR,NJ,AEA,EN,Towers with Radar,728,387,22,0,1137,0,0,12,0,12,728,387,34,0,1149,0,0,0,1275
04/14/2008,EWR,NJ,AEA,EN,Towers with Radar,823,440,21,0,1284,0,0,37,0,37,823,440,58,0,1321,0,0,0,1548
04/15/2008,EWR,NJ,AEA,EN,Towers with Radar,821,476,23,0,1320,0,0,23,0,23,821,476,46,0,1343,0,0,0,1500
04/16/2008,EWR,NJ,AEA,EN,Towers with Radar,865,452,26,0,1343,0,0,45,0,45,865,452,71,0,1388,0,0,0,1569
04/17/2008,EWR,NJ,AEA,EN,Towers with Radar,889,461,20,0,1370,0,0,25,0,25,889,463,45,0,1397,0,0,0,1549
04/18/2008,EWR,NJ,AEA,EN,Towers with Radar,860,453,27,0,1340,0,0,35,0,35,860,454,62,0,1376,0,0,0,1587
04/19/2008,EWR,NJ,AEA,EN,Towers with Radar,716,342,10,0,1068,0,0,6,0,6,716,342,16,0,1074,0,0,0,1220
04/20/2008,EWR,NJ,AEA,EN,Towers with Radar,734,371,11,0,1116,0,0,8,0,8,734,374,19,0,1127,0,0,0,1183
04/21/2008,EWR,NJ,AEA,EN,Towers with Radar,832,452,37,0,1321,0,0,20,0,20,832,452,57,0,1341,0,0,0,1450
04/22/2008,EWR,NJ,AEA,EN,Towers with Radar,833,448,22,0,1303,0,0,21,0,21,833,448,43,0,1324,0,0,0,1516
04/23/2008,EWR,NJ,AEA,EN,Towers with Radar,862,446,31,0,1339,0,0,25,0,25,862,446,56,0,1364,0,0,0,1539
04/24/2008,EWR,NJ,AEA,EN,Towers with Radar,896,441,23,1,1361,0,0,48,0,48,896,441,71,1,1409,0,0,0,1627
04/25/2008,EWR,NJ,AEA,EN,Towers with Radar,877,428,25,0,1330,0,1,34,0,35,877,429,59,0,1365,0,0,0,1578
04/26/2008,EWR,NJ,AEA,EN,Towers with Radar,716,339,13,0,1068,0,0,6,0,6,716,339,19,0,1074,0,0,0,1174
04/27/2008,EWR,NJ,AEA,EN,Towers with Radar,755,378,28,0,1161,0,0,17,0,17,755,379,45,0,1179,0,0,0,1255
04/28/2008,EWR,NJ,AEA,EN,Towers with Radar,752,389,26,1,1168,0,0,4,0,4,752,389,30,1,1172,0,0,0,1172
04/29/2008,EWR,NJ,AEA,EN,Towers with Radar,876,483,29,0,1388,0,2,16,0,18,876,485,45,0,1406,0,0,0,1574
04/30/2008,EWR,NJ,AEA,EN,Towers with Radar,876,458,32,0,1366,0,0,30,0,30,876,458,62,0,1396,0,0,0,1579
05/01/2008,EWR,NJ,AEA,EN,Towers with Radar,892,456,32,0,1380,0,0,46,0,46,892,457,78,0,1427,0,0,0,1654
05/02/2008,EWR,NJ,AEA,EN,Towers with Radar,836,378,37,0,1251,0,0,12,0,12,836,378,49,0,1263,0,0,0,1287
05/03/2008,EWR,NJ,AEA,EN,Towers with Radar,741,332,9,0,1082,0,0,0,0,0,741,332,9,0,1082,0,0,0,1128
05/04/2008,EWR,NJ,AEA,EN,Towers with Radar,714,395,18,0,1127,0,0,1,0,1,714,395,19,0,1128,0,0,0,1204
05/05/2008,EWR,NJ,AEA,EN,Towers with Radar,794,419,39,0,1252,0,0,26,0,26,794,419,65,0,1278,0,0,0,1459
05/06/2008,EWR,NJ,AEA,EN,Towers with Radar,820,449,23,0,1292,0,0,15,0,15,820,449,38,0,1307,0,0,0,1480
05/07/2008,EWR,NJ,AEA,EN,Towers with Radar,807,465,37,0,1309,0,0,37,0,37,807,465,74,0,1346,0,0,0,1516
05/08/2008,EWR,NJ,AEA,EN,Towers with Radar,855,443,39,0,1337,0,0,20,0,20,855,443,59,0,1357,0,0,0,1517
05/09/2008,EWR,NJ,AEA,EN,Towers with Radar,806,315,21,0,1142,0,0,11,0,11,806,317,32,0,1155,0,0,0,1167
05/10/2008,EWR,NJ,AEA,EN,Towers with Radar,716,342,8,0,1066,0,0,13,0,13,716,342,21,0,1079,0,0,0,1187
05/11/2008,EWR,NJ,AEA,EN,Towers with Radar,727,358,19,0,1104,0,0,30,0,30,727,358,49,0,1134,0,0,0,1289
05/12/2008,EWR,NJ,AEA,EN,Towers with Radar,774,311,11,0,1096,0,0,20,0,20,774,311,31,0,1116,0,0,0,1141
05/13/2008,EWR,NJ,AEA,EN,Towers with Radar,816,470,29,0,1315,0,5,8,0,13,816,475,37,0,1328,0,0,0,1489
05/14/2008,EWR,NJ,AEA,EN,Towers with Radar,841,442,33,0,1316,0,0,48,1,49,841,442,81,1,1365,0,0,0,1632
05/15/2008,EWR,NJ,AEA,EN,Towers with Radar,890,406,31,3,1330,0,0,39,0,39,890,406,70,3,1369,0,0,0,1579
05/16/2008,EWR,NJ,AEA,EN,Towers with Radar,826,360,23,0,1209,0,0,10,0,10,826,361,33,0,1220,0,0,0,1263
05/17/2008,EWR,NJ,AEA,EN,Towers with Radar,704,333,8,0,1045,0,0,7,0,7,704,333,15,0,1052,0,0,0,1200
05/18/2008,EWR,NJ,AEA,EN,Towers with Radar,700,351,21,0,1072,0,0,12,0,12,700,351,33,0,1084,0,0,0,1148
05/19/2008,EWR,NJ,AEA,EN,Towers with Radar,815,424,9,0,1248,0,0,31,0,31,815,424,40,0,1279,0,0,0,1430
05/20/2008,EWR,NJ,AEA,EN,Towers with Radar,831,413,24,0,1268,0,0,14,0,14,831,413,38,0,1282,0,0,0,1376
05/21/2008,EWR,NJ,AEA,EN,Towers with Radar,840,443,7,0,1290,0,0,27,0,27,840,443,34,0,1317,0,0,0,1531
05/22/2008,EWR,NJ,AEA,EN,Towers with Radar,890,416,31,0,1337,0,0,53,0,53,890,416,84,0,1390,0,0,0,1566
05/23/2008,EWR,NJ,AEA,EN,Towers with Radar,873,426,18,0,1317,0,0,35,0,35,873,426,53,0,1352,0,0,0,1595
05/24/2008,EWR,NJ,AEA,EN,Towers with Radar,676,308,19,0,1003,0,0,12,0,12,676,308,31,0,1015,0,0,0,1160
05/25/2008,EWR,NJ,AEA,EN,Towers with Radar,659,263,13,0,935,0,0,8,0,8,659,263,21,0,943,0,0,0,1064
05/26/2008,EWR,NJ,AEA,EN,Towers with Radar,735,357,19,0,1111,0,0,11,0,11,735,357,30,0,1122,0,0,0,1302
05/27/2008,EWR,NJ,AEA,EN,Towers with Radar,709,346,26,0,1081,0,0,25,0,25,709,346,51,0,1106,0,0,0,1204
05/28/2008,EWR,NJ,AEA,EN,Towers with Radar,912,461,36,0,1409,0,0,25,0,25,912,461,61,0,1434,0,0,0,1649
05/29/2008,EWR,NJ,AEA,EN,Towers with Radar,888,423,32,0,1343,0,0,31,0,31,888,423,63,0,1374,0,0,0,1576
05/30/2008,EWR,NJ,AEA,EN,Towers with Radar,860,415,27,0,1302,0,0,37,0,37,860,415,64,0,1339,0,0,0,1591
05/31/2008,EWR,NJ,AEA,EN,Towers with Radar,673,286,16,0,975,0,0,1,0,1,673,286,17,0,976,0,0,0,1018
06/01/2008,EWR,NJ,AEA,EN,Towers with Radar,770,358,11,0,1139,0,11,18,0,29,770,369,29,0,1168,0,0,0,1276
06/02/2008,EWR,NJ,AEA,EN,Towers with Radar,827,425,27,0,1279,0,0,34,0,34,827,425,61,0,1313,0,0,0,1504
06/03/2008,EWR,NJ,AEA,EN,Towers with Radar,839,446,25,0,1310,0,0,29,0,29,839,446,54,0,1339,0,0,0,1488
06/04/2008,EWR,NJ,AEA,EN,Towers with Radar,822,382,38,0,1242,0,0,28,0,28,822,382,66,0,1270,0,0,0,1330
06/05/2008,EWR,NJ,AEA,EN,Towers with Radar,883,435,42,0,1360,0,0,34,0,34,883,435,76,0,1394,0,0,0,1561
06/06/2008,EWR,NJ,AEA,EN,Towers with Radar,845,428,23,0,1296,0,0,27,0,27,845,428,50,0,1323,0,0,0,1438
06/07/2008,EWR,NJ,AEA,EN,Towers with Radar,703,328,15,0,1046,0,0,19,0,19,703,329,34,0,1066,0,0,0,1187
06/08/2008,EWR,NJ,AEA,EN,Towers with Radar,710,281,12,0,1003,0,0,13,0,13,710,281,25,0,1016,0,0,0,1113
06/09/2008,EWR,NJ,AEA,EN,Towers with Radar,840,453,39,0,1332,0,0,23,0,23,840,453,62,0,1355,0,0,0,1532
06/10/2008,EWR,NJ,AEA,EN,Towers with Radar,757,347,33,0,1137,0,0,30,0,30,757,347,63,0,1167,0,0,0,1313
06/11/2008,EWR,NJ,AEA,EN,Towers with Radar,897,470,22,0,1389,0,0,36,0,36,897,470,58,0,1425,0,0,0,1599
06/12/2008,EWR,NJ,AEA,EN,Towers with Radar,934,423,69,0,1426,0,0,0,0,0,934,423,69,0,1426,0,0,0,1635
06/13/2008,EWR,NJ,AEA,EN,Towers with Radar,904,405,26,0,1335,0,0,25,0,25,904,405,51,0,1360,0,0,0,1543
06/14/2008,EWR,NJ,AEA,EN,Towers with Radar,720,273,13,0,1006,0,0,5,0,5,720,273,18,0,1011,0,0,0,1095
06/15/2008,EWR,NJ,AEA,EN,Towers with Radar,812,357,18,0,1187,0,0,8,0,8,812,357,26,0,1195,0,0,0,1220
06/16/2008,EWR,NJ,AEA,EN,Towers with Radar,765,286,20,0,1071,0,0,11,0,11,765,286,31,0,1082,0,0,0,1138
06/17/2008,EWR,NJ,AEA,EN,Towers with Radar,957,406,21,0,1384,0,1,33,0,34,957,407,54,0,1418,0,0,0,1579
06/18/2008,EWR,NJ,AEA,EN,Towers with Radar,851,366,21,0,1238,0,1,21,0,22,851,367,42,0,1260,0,0,0,1414
06/19/2008,EWR,NJ,AEA,EN,Towers with Radar,1000,448,28,2,1478,0,0,39,0,39,1000,449,67,2,1518,0,0,0,1702
06/20/2008,EWR,NJ,AEA,EN,Towers with Radar,922,403,20,0,1345,0,0,43,0,43,922,403,63,0,1388,0,0,0,1552
06/21/2008,EWR,NJ,AEA,EN,Towers with Radar,772,328,9,2,1111,0,0,12,0,12,772,328,21,2,1123,0,0,0,1206
06/22/2008,EWR,NJ,AEA,EN,Towers with Radar,743,245,15,0,1003,0,0,11,0,11,743,245,26,0,1014,0,0,0,1062
06/23/2008,EWR,NJ,AEA,EN,Towers with Radar,850,335,23,0,1208,0,0,21,0,21,850,335,44,0,1229,0,0,0,1306
06/24/2008,EWR,NJ,AEA,EN,Towers with Radar,913,387,13,0,1313,0,0,27,0,27,913,387,40,0,1340,0,0,0,1492
06/25/2008,EWR,NJ,AEA,EN,Towers with Radar,940,444,16,0,1400,0,0,32,0,32,940,444,48,0,1432,0,0,0,1646
06/26/2008,EWR,NJ,AEA,EN,Towers with Radar,895,368,22,0,1285,0,0,33,0,33,895,371,55,0,1321,0,0,0,1467
06/27/2008,EWR,NJ,AEA,EN,Towers with Radar,894,369,27,0,1290,0,0,34,0,34,894,370,61,0,1325,0,0,0,1484
06/28/2008,EWR,NJ,AEA,EN,Towers with Radar,788,321,17,0,1126,0,0,7,0,7,788,321,24,0,1133,0,0,0,1216
06/29/2008,EWR,NJ,AEA,EN,Towers with Radar,746,291,18,0,1055,0,0,10,0,10,746,291,28,0,1065,0,0,0,1105
06/30/2008,EWR,NJ,AEA,EN,Towers with Radar,917,364,20,0,1301,0,0,28,0,28,917,364,48,0,1329,0,0,0,1443
07/01/2008,EWR,NJ,AEA,EN,Towers with Radar,926,387,40,0,1353,0,0,29,0,29,926,387,69,0,1382,0,0,0,1382
07/02/2008,EWR,NJ,AEA,EN,Towers with Radar,921,417,49,0,1387,0,0,31,0,31,921,417,80,0,1418,0,0,0,1418
07/03/2008,EWR,NJ,AEA,EN,Towers with Radar,904,382,14,0,1300,0,0,36,0,36,904,382,50,0,1336,0,0,0,1336
07/04/2008,EWR,NJ,AEA,EN,Towers with Radar,760,315,3,0,1078,0,0,2,0,2,760,315,5,0,1080,0,0,0,1080
07/05/2008,EWR,NJ,AEA,EN,Towers with Radar,710,309,2,0,1021,0,0,2,0,2,710,309,4,0,1023,0,0,0,1023
07/06/2008,EWR,NJ,AEA,EN,Towers with Radar,814,363,12,0,1189,0,0,12,0,12,814,363,24,0,1201,0,0,0,1201
07/07/2008,EWR,NJ,AEA,EN,Towers with Radar,878,380,25,0,1283,0,0,26,0,26,878,380,51,0,1309,0,0,0,1309
07/08/2008,EWR,NJ,AEA,EN,Towers with Radar,921,407,28,0,1356,0,0,27,0,27,921,407,55,0,1383,0,0,0,1383
07/09/2008,EWR,NJ,AEA,EN,Towers with Radar,911,351,14,0,1276,0,0,34,0,34,911,351,48,0,1310,0,0,0,1310
07/10/2008,EWR,NJ,AEA,EN,Towers with Radar,950,429,22,0,1401,0,0,33,0,33,950,429,55,0,1434,0,0,0,1434
07/11/2008,EWR,NJ,AEA,EN,Towers with Radar,941,404,21,0,1366,0,0,23,0,23,941,404,44,0,1389,0,0,0,1389
07/12/2008,EWR,NJ,AEA,EN,Towers with Radar,781,325,19,0,1125,0,0,11,0,11,781,325,30,0,1136,0,0,0,1136
07/13/2008,EWR,NJ,AEA,EN,Towers with Radar,749,323,19,0,1091,0,0,21,0,21,749,323,40,0,1112,0,0,0,1112
07/14/2008,EWR,NJ,AEA,EN,Towers with Radar,900,430,53,0,1383,0,0,22,0,22,900,430,75,0,1405,0,0,0,1405
07/15/2008,EWR,NJ,AEA,EN,Towers with Radar,922,423,66,0,1411,0,0,30,0,30,922,423,96,0,1441,0,0,0,1441
07/16/2008,EWR,NJ,AEA,EN,Towers with Radar,941,420,46,0,1407,0,0,27,0,27,941,420,73,0,1434,0,0,0,1434
07/17/2008,EWR,NJ,AEA,EN,Towers with Radar,904,402,19,0,1325,0,0,36,0,36,904,402,55,0,1361,0,0,0,1361
07/18/2008,EWR,NJ,AEA,EN,Towers with Radar,948,435,17,0,1400,0,0,37,0,37,948,435,54,0,1437,0,0,0,1437
07/19/2008,EWR,NJ,AEA,EN,Towers with Radar,747,354,10,0,1111,0,0,19,0,19,747,354,29,0,1130,0,0,0,1130
07/20/2008,EWR,NJ,AEA,EN,Towers with Radar,780,307,12,0,1099,0,0,19,0,19,780,307,31,0,1118,0,0,0,1118
07/21/2008,EWR,NJ,AEA,EN,Towers with Radar,920,431,10,0,1361,0,0,15,0,15,920,431,25,0,1376,0,0,0,1376
07/22/2008,EWR,NJ,AEA,EN,Towers with Radar,902,370,17,0,1289,0,0,21,0,21,902,370,38,0,1310,0,0,0,1310
07/23/2008,EWR,NJ,AEA,EN,Towers with Radar,685,249,26,0,960,0,0,12,0,12,685,249,38,0,972,0,0,0,972
07/24/2008,EWR,NJ,AEA,EN,Towers with Radar,996,382,19,0,1397,0,0,20,0,20,996,382,39,0,1417,0,0,0,1417
07/25/2008,EWR,NJ,AEA,EN,Towers with Radar,932,441,19,0,1392,0,0,27,0,27,932,441,46,0,1419,0,0,0,1419
07/26/2008,EWR,NJ,AEA,EN,Towers with Radar,791,302,12,0,1105,0,2,4,0,6,791,304,16,0,1111,0,0,0,1111
07/27/2008,EWR,NJ,AEA,EN,Towers with Radar,720,235,9,0,964,0,0,3,0,3,720,235,12,0,967,0,0,0,967
07/28/2008,EWR,NJ,AEA,EN,Towers with Radar,906,366,34,0,1306,0,0,25,0,25,906,366,59,0,1331,0,0,0,1331
07/29/2008,EWR,NJ,AEA,EN,Towers with Radar,958,389,48,0,1395,0,0,22,0,22,958,389,70,0,1417,0,0,0,1417
07/30/2008,EWR,NJ,AEA,EN,Towers with Radar,922,417,46,0,1385,0,0,26,0,26,922,417,72,0,1411,0,0,0,1411
07/31/2008,EWR,NJ,AEA,EN,Towers with Radar,952,399,19,0,1370,0,0,26,0,26,952,399,45,0,1396,0,0,0,1396
08/01/2008,EWR,NJ,AEA,EN,Towers with Radar,941,416,17,0,1374,0,0,25,0,25,941,416,42,0,1399,0,0,0,1399
08/02/2008,EWR,NJ,AEA,EN,Towers with Radar,716,220,12,0,948,0,0,13,0,13,716,220,25,0,961,0,0,0,961
08/03/2008,EWR,NJ,AEA,EN,Towers with Radar,851,295,18,0,1164,0,0,13,0,13,851,295,31,0,1177,0,0,0,1177
08/04/2008,EWR,NJ,AEA,EN,Towers with Radar,893,376,29,0,1298,0,0,25,0,25,893,376,54,0,1323,0,0,0,1323
08/05/2008,EWR,NJ,AEA,EN,Towers with Radar,956,400,52,0,1408,0,3,31,0,34,956,403,83,0,1442,0,0,0,1442
08/06/2008,EWR,NJ,AEA,EN,Towers with Radar,917,392,55,0,1364,0,0,30,0,30,917,392,85,0,1394,0,0,0,1394
08/07/2008,EWR,NJ,AEA,EN,Towers with Radar,877,375,11,0,1263,0,0,23,0,23,877,375,34,0,1286,0,0,0,1286
08/08/2008,EWR,NJ,AEA,EN,Towers with Radar,923,349,13,0,1285,0,0,27,0,27,923,349,40,0,1312,0,0,0,1312
08/09/2008,EWR,NJ,AEA,EN,Towers with Radar,803,308,16,0,1127,0,0,5,0,5,803,308,21,0,1132,0,0,0,1132
08/10/2008,EWR,NJ,AEA,EN,Towers with Radar,662,198,14,0,874,0,0,17,0,17,662,198,31,0,891,0,0,0,891
08/11/2008,EWR,NJ,AEA,EN,Towers with Radar,808,266,40,0,1114,0,0,23,0,23,808,266,63,0,1137,0,0,0,1137
08/12/2008,EWR,NJ,AEA,EN,Towers with Radar,965,403,47,0,1415,0,0,27,0,27,965,403,74,0,1442,0,0,0,1442
08/13/2008,EWR,NJ,AEA,EN,Towers with Radar,945,408,36,0,1389,0,0,20,0,20,945,408,56,0,1409,0,0,0,1409
08/14/2008,EWR,NJ,AEA,EN,Towers with Radar,875,325,47,0,1247,0,0,31,0,31,875,325,78,0,1278,0,0,0,1278
08/15/2008,EWR,NJ,AEA,EN,Towers with Radar,830,321,44,0,1195,0,0,26,0,26,830,321,70,0,1221,0,0,0,1221
08/16/2008,EWR,NJ,AEA,EN,Towers with Radar,839,345,13,0,1197,0,0,7,0,7,839,345,20,0,1204,0,0,0,1204
08/17/2008,EWR,NJ,AEA,EN,Towers with Radar,831,360,12,0,1203,0,0,14,0,14,831,360,26,0,1217,0,0,0,1217
08/18/2008,EWR,NJ,AEA,EN,Towers with Radar,883,399,18,0,1300,0,0,32,0,32,883,399,50,0,1332,0,0,0,1332
08/19/2008,EWR,NJ,AEA,EN,Towers with Radar,903,408,55,0,1366,0,0,41,0,41,903,408,96,0,1407,0,0,0,1407
08/20/2008,EWR,NJ,AEA,EN,Towers with Radar,924,387,47,0,1358,0,0,32,0,32,924,387,79,0,1390,0,0,0,1390
08/21/2008,EWR,NJ,AEA,EN,Towers with Radar,944,414,41,0,1399,0,0,28,0,28,944,414,69,0,1427,0,0,0,1427
08/22/2008,EWR,NJ,AEA,EN,Towers with Radar,943,404,9,0,1356,0,0,20,0,20,943,404,29,0,1376,0,0,0,1376
08/23/2008,EWR,NJ,AEA,EN,Towers with Radar,767,325,8,0,1100,0,0,12,0,12,767,325,20,0,1112,0,0,0,1112
08/24/2008,EWR,NJ,AEA,EN,Towers with Radar,830,361,12,0,1203,0,0,25,0,25,830,361,37,0,1228,0,0,0,1228
08/25/2008,EWR,NJ,AEA,EN,Towers with Radar,894,385,13,0,1292,0,0,20,0,20,894,385,33,0,1312,0,0,0,1312
08/26/2008,EWR,NJ,AEA,EN,Towers with Radar,909,406,18,0,1333,0,0,39,0,39,909,406,57,0,1372,0,0,0,1372
08/27/2008,EWR,NJ,AEA,EN,Towers with Radar,928,409,13,0,1350,0,0,39,0,39,928,409,52,0,1389,0,0,0,1389
08/28/2008,EWR,NJ,AEA,EN,Towers with Radar,922,422,55,0,1399,0,0,43,0,43,922,422,98,0,1442,0,0,0,1442
08/29/2008,EWR,NJ,AEA,EN,Towers with Radar,921,402,33,0,1356,0,2,24,0,26,921,404,57,0,1382,0,0,0,1382
08/30/2008,EWR,NJ,AEA,EN,Towers with Radar,750,291,13,0,1054,0,0,4,0,4,750,291,17,0,1058,0,0,0,1058
08/31/2008,EWR,NJ,AEA,EN,Towers with Radar,732,285,8,0,1025,0,0,13,0,13,732,285,21,0,1038,0,0,0,1038
09/01/2008,EWR,NJ,AEA,EN,Towers with Radar,788,352,14,0,1154,0,0,24,0,24,788,352,38,0,1178,0,0,0,1178
09/02/2008,EWR,NJ,AEA,EN,Towers with Radar,870,389,59,1,1319,0,0,30,0,30,870,389,89,1,1349,0,0,0,1349
09/03/2008,EWR,NJ,AEA,EN,Towers with Radar,824,405,49,0,1278,0,0,24,0,24,824,405,73,0,1302,0,0,0,1302
09/04/2008,EWR,NJ,AEA,EN,Towers with Radar,828,401,69,0,1298,0,0,29,0,29,828,401,98,0,1327,0,0,0,1327
09/05/2008,EWR,NJ,AEA,EN,Towers with Radar,776,386,21,0,1183,0,0,19,0,19,776,386,40,0,1202,0,0,0,1202
09/06/2008,EWR,NJ,AEA,EN,Towers with Radar,608,235,4,0,847,0,0,0,0,0,608,235,4,0,847,0,0,0,847
09/07/2008,EWR,NJ,AEA,EN,Towers with Radar,687,353,19,0,1059,0,0,12,0,12,687,353,31,0,1071,0,0,0,1071
09/08/2008,EWR,NJ,AEA,EN,Towers with Radar,767,388,22,0,1177,0,0,30,0,30,767,388,52,0,1207,0,0,0,1207
09/09/2008,EWR,NJ,AEA,EN,Towers with Radar,718,335,44,1,1098,0,0,34,0,34,718,335,78,1,1132,0,0,0,1132
09/10/2008,EWR,NJ,AEA,EN,Towers with Radar,811,403,41,0,1255,0,0,16,0,16,811,403,57,0,1271,0,0,0,1271
09/11/2008,EWR,NJ,AEA,EN,Towers with Radar,829,403,17,0,1249,0,0,27,0,27,829,403,44,0,1276,0,0,0,1276
09/12/2008,EWR,NJ,AEA,EN,Towers with Radar,794,370,31,0,1195,0,0,28,0,28,794,370,59,0,1223,0,0,0,1223
09/13/2008,EWR,NJ,AEA,EN,Towers with Radar,601,235,15,0,851,0,0,9,0,9,601,235,24,0,860,0,0,0,860
09/14/2008,EWR,NJ,AEA,EN,Towers with Radar,681,333,21,0,1035,0,0,9,0,9,681,333,30,0,1044,0,0,0,1044
09/15/2008,EWR,NJ,AEA,EN,Towers with Radar,763,382,15,0,1160,0,0,30,0,30,763,382,45,0,1190,0,0,0,1190
09/16/2008,EWR,NJ,AEA,EN,Towers with Radar,755,385,52,0,1192,0,0,27,0,27,755,385,79,0,1219,0,0,0,1219
09/17/2008,EWR,NJ,AEA,EN,Towers with Radar,814,404,63,0,1281,0,0,36,0,36,814,404,99,0,1317,0,0,0,1317
09/18/2008,EWR,NJ,AEA,EN,Towers with Radar,813,410,64,0,1287,0,0,43,0,43,813,410,107,0,1330,0,0,0,1330
09/19/2008,EWR,NJ,AEA,EN,Towers with Radar,795,413,24,0,1232,0,0,38,0,38,795,413,62,0,1270,0,0,0,1270
09/20/2008,EWR,NJ,AEA,EN,Towers with Radar,626,222,13,0,861,0,0,4,0,4,626,222,17,0,865,0,0,0,865
09/21/2008,EWR,NJ,AEA,EN,Towers with Radar,696,334,16,3,1049,0,0,17,0,17,696,334,33,3,1066,0,0,0,1066
09/22/2008,EWR,NJ,AEA,EN,Towers with Radar,780,373,37,0,1190,0,0,20,0,20,780,373,57,0,1210,0,0,0,1210
09/23/2008,EWR,NJ,AEA,EN,Towers with Radar,821,383,36,0,1240,0,0,18,0,18,821,383,54,0,1258,0,0,0,1258
09/24/2008,EWR,NJ,AEA,EN,Towers with Radar,815,399,45,2,1261,0,0,36,0,36,815,399,81,2,1297,0,0,0,1297
09/25/2008,EWR,NJ,AEA,EN,Towers with Radar,810,383,33,3,1229,0,0,39,0,39,810,383,72,3,1268,0,0,0,1268
09/26/2008,EWR,NJ,AEA,EN,Towers with Radar,779,350,26,0,1155,0,0,1,0,1,779,350,27,0,1156,0,0,0,1156
09/27/2008,EWR,NJ,AEA,EN,Towers with Radar,632,255,11,0,898,0,0,0,0,0,632,255,11,0,898,0,0,0,898
09/28/2008,EWR,NJ,AEA,EN,Towers with Radar,699,306,16,1,1022,0,0,0,0,0,699,306,16,1,1022,0,0,0,1022
09/29/2008,EWR,NJ,AEA,EN,Towers with Radar,779,386,17,0,1182,0,0,26,0,26,779,386,43,0,1208,0,0,0,1208
09/30/2008,EWR,NJ,AEA,EN,Towers with Radar,808,385,21,0,1214,0,0,16,0,16,808,385,37,0,1230,0,0,0,1230
10/01/2008,EWR,NJ,AEA,EN,Towers with Radar,797,395,19,0,1211,1,16,12,0,29,798,411,31,0,1240,0,0,0,1240
10/02/2008,EWR,NJ,AEA,EN,Towers with Radar,842,419,22,0,1283,1,16,23,0,40,843,435,45,0,1323,0,0,0,1323
10/03/2008,EWR,NJ,AEA,EN,Towers with Radar,824,412,17,0,1253,1,20,15,0,36,825,432,32,0,1289,0,0,0,1289
10/04/2008,EWR,NJ,AEA,EN,Towers with Radar,645,255,12,0,912,1,0,8,4,13,646,255,20,4,925,0,0,0,925
10/05/2008,EWR,NJ,AEA,EN,Towers with Radar,723,360,13,0,1096,1,0,6,0,7,724,360,19,0,1103,0,0,0,1103
10/06/2008,EWR,NJ,AEA,EN,Towers with Radar,783,414,16,0,1213,1,7,18,0,26,784,421,34,0,1239,0,0,0,1239
10/07/2008,EWR,NJ,AEA,EN,Towers with Radar,816,435,17,0,1268,1,10,11,5,27,817,445,28,5,1295,0,0,0,1295
10/08/2008,EWR,NJ,AEA,EN,Towers with Radar,825,433,10,0,1268,1,27,12,0,40,826,460,22,0,1308,0,0,0,1308
10/09/2008,EWR,NJ,AEA,EN,Towers with Radar,825,434,13,0,1272,1,18,9,0,28,826,452,22,0,1300,0,0,0,1300
10/10/2008,EWR,NJ,AEA,EN,Towers with Radar,821,437,12,0,1270,1,20,19,0,40,822,457,31,0,1310,0,0,0,1310
10/11/2008,EWR,NJ,AEA,EN,Towers with Radar,653,258,6,0,917,1,0,7,4,12,654,258,13,4,929,0,0,0,929
10/12/2008,EWR,NJ,AEA,EN,Towers with Radar,720,357,13,0,1090,1,4,13,2,20,721,361,26,2,1110,0,0,0,1110
10/13/2008,EWR,NJ,AEA,EN,Towers with Radar,782,412,26,0,1220,1,11,15,5,32,783,423,41,5,1252,0,0,0,1252
10/14/2008,EWR,NJ,AEA,EN,Towers with Radar,811,437,26,2,1276,1,14,12,0,27,812,451,38,2,1303,0,0,0,1303
10/15/2008,EWR,NJ,AEA,EN,Towers with Radar,842,428,14,1,1285,1,23,6,0,30,843,451,20,1,1315,0,0,0,1315
10/16/2008,EWR,NJ,AEA,EN,Towers with Radar,822,428,16,2,1268,1,10,11,0,22,823,438,27,2,1290,0,0,0,1290
10/17/2008,EWR,NJ,AEA,EN,Towers with Radar,853,446,25,4,1328,1,19,20,4,44,854,465,45,8,1372,0,0,0,1372
10/18/2008,EWR,NJ,AEA,EN,Towers with Radar,648,263,11,1,923,1,0,5,4,10,649,263,16,5,933,0,0,0,933
10/19/2008,EWR,NJ,AEA,EN,Towers with Radar,715,366,16,1,1098,1,1,10,2,14,716,367,26,3,1112,0,0,0,1112
10/20/2008,EWR,NJ,AEA,EN,Towers with Radar,775,406,20,0,1201,1,13,25,1,40,776,419,45,1,1241,0,0,0,1241
10/21/2008,EWR,NJ,AEA,EN,Towers with Radar,806,411,17,0,1234,1,26,16,0,43,807,437,33,0,1277,0,0,0,1277
10/22/2008,EWR,NJ,AEA,EN,Towers with Radar,810,425,26,0,1261,1,22,17,4,44,811,447,43,4,1305,0,0,0,1305
10/23/2008,EWR,NJ,AEA,EN,Towers with Radar,849,432,35,2,1318,1,25,12,0,38,850,457,47,2,1356,0,0,0,1356
10/24/2008,EWR,NJ,AEA,EN,Towers with Radar,819,423,32,0,1274,1,18,21,0,40,820,441,53,0,1314,0,0,0,1314
10/25/2008,EWR,NJ,AEA,EN,Towers with Radar,624,227,6,1,858,2,0,4,0,6,626,227,10,1,864,0,0,0,864
10/26/2008,EWR,NJ,AEA,EN,Towers with Radar,728,362,6,1,1097,2,2,14,0,18,730,364,20,1,1115,0,0,0,1115
10/27/2008,EWR,NJ,AEA,EN,Towers with Radar,782,410,20,0,1212,2,11,11,1,25,784,421,31,1,1237,0,0,0,1237
10/28/2008,EWR,NJ,AEA,EN,Towers with Radar,748,345,13,0,1106,1,8,1,0,10,749,353,14,0,1116,0,0,0,1116
10/29/2008,EWR,NJ,AEA,EN,Towers with Radar,802,405,18,0,1225,1,15,3,0,19,803,420,21,0,1244,0,0,0,1244
10/30/2008,EWR,NJ,AEA,EN,Towers with Radar,834,444,28,0,1306,1,23,9,2,35,835,467,37,2,1341,0,0,0,1341
10/31/2008,EWR,NJ,AEA,EN,Towers with Radar,802,408,17,0,1227,1,16,18,2,37,803,424,35,2,1264,0,0,0,1264
11/01/2008,EWR,NJ,AEA,EN,Towers with Radar,631,258,7,1,897,1,1,7,0,9,632,259,14,1,906,0,0,0,906
11/02/2008,EWR,NJ,AEA,EN,Towers with Radar,723,361,24,3,1111,1,0,9,0,10,724,361,33,3,1121,0,0,0,1121
11/03/2008,EWR,NJ,AEA,EN,Towers with Radar,777,410,18,3,1208,1,16,8,0,25,778,426,26,3,1233,0,0,0,1233
11/04/2008,EWR,NJ,AEA,EN,Towers with Radar,824,425,15,0,1264,1,15,10,0,26,825,440,25,0,1290,0,0,0,1290
11/05/2008,EWR,NJ,AEA,EN,Towers with Radar,774,397,17,0,1188,1,11,12,0,24,775,408,29,0,1212,0,0,0,1212
11/06/2008,EWR,NJ,AEA,EN,Towers with Radar,786,332,18,1,1137,0,7,7,0,14,786,339,25,1,1151,0,0,0,1151
11/07/2008,EWR,NJ,AEA,EN,Towers with Radar,839,441,28,4,1312,1,19,17,0,37,840,460,45,4,1349,0,0,0,1349
11/08/2008,EWR,NJ,AEA,EN,Towers with Radar,650,285,13,0,948,1,0,2,0,3,651,285,15,0,951,0,0,0,951
11/09/2008,EWR,NJ,AEA,EN,Towers with Radar,718,354,12,0,1084,1,0,6,0,7,719,354,18,0,1091,0,0,0,1091
11/10/2008,EWR,NJ,AEA,EN,Towers with Radar,787,411,20,0,1218,1,10,20,0,31,788,421,40,0,1249,0,0,0,1249
11/11/2008,EWR,NJ,AEA,EN,Towers with Radar,803,423,22,1,1249,1,14,12,1,28,804,437,34,2,1277,0,0,0,1277
11/12/2008,EWR,NJ,AEA,EN,Towers with Radar,805,434,24,1,1264,1,14,20,0,35,806,448,44,1,1299,0,0,0,1299
11/13/2008,EWR,NJ,AEA,EN,Towers with Radar,745,336,20,3,1104,1,6,4,0,11,746,342,24,3,1115,0,0,0,1115
11/14/2008,EWR,NJ,AEA,EN,Towers with Radar,811,380,22,0,1213,1,0,4,0,5,812,380,26,0,1218,0,0,0,1218
11/15/2008,EWR,NJ,AEA,EN,Towers with Radar,659,263,7,0,929,2,0,2,0,4,661,263,9,0,933,0,0,0,933
11/16/2008,EWR,NJ,AEA,EN,Towers with Radar,708,342,10,0,1060,1,0,9,0,10,709,342,19,0,1070,0,0,0,1070
11/17/2008,EWR,NJ,AEA,EN,Towers with Radar,769,406,24,0,1199,2,4,17,0,23,771,410,41,0,1222,0,0,0,1222
11/18/2008,EWR,NJ,AEA,EN,Towers with Radar,796,434,20,2,1252,2,13,14,0,29,798,447,34,2,1281,0,0,0,1281
11/19/2008,EWR,NJ,AEA,EN,Towers with Radar,812,442,34,1,1289,2,8,16,0,26,814,450,50,1,1315,0,0,0,1315
11/20/2008,EWR,NJ,AEA,EN,Towers with Radar,827,421,24,0,1272,3,13,19,2,37,830,434,43,2,1309,0,0,0,1309
11/21/2008,EWR,NJ,AEA,EN,Towers with Radar,830,427,12,0,1269,1,11,20,4,36,831,438,32,4,1305,0,0,0,1305
11/22/2008,EWR,NJ,AEA,EN,Towers with Radar,648,285,15,0,948,1,0,5,0,6,649,285,20,0,954,0,0,0,954
11/23/2008,EWR,NJ,AEA,EN,Towers with Radar,735,347,14,0,1096,1,0,9,0,10,736,347,23,0,1106,0,0,0,1106
11/24/2008,EWR,NJ,AEA,EN,Towers with Radar,766,395,8,0,1169,1,13,20,0,34,767,408,28,0,1203,0,0,0,1203
11/25/2008,EWR,NJ,AEA,EN,Towers with Radar,821,434,18,0,1273,1,16,6,0,23,822,450,24,0,1296,0,0,0,1296
11/26/2008,EWR,NJ,AEA,EN,Towers with Radar,823,425,13,1,1262,1,18,6,0,25,824,443,19,1,1287,0,0,0,1287
11/27/2008,EWR,NJ,AEA,EN,Towers with Radar,526,243,5,0,774,1,0,3,0,4,527,243,8,0,778,0,0,0,778
11/28/2008,EWR,NJ,AEA,EN,Towers with Radar,561,229,6,0,796,1,0,4,0,5,562,229,10,0,801,0,0,0,801
11/29/2008,EWR,NJ,AEA,EN,Towers with Radar,667,328,10,1,1006,2,0,5,0,7,669,328,15,1,1013,0,0,0,1013
11/30/2008,EWR,NJ,AEA,EN,Towers with Radar,708,287,24,2,1021,1,0,0,0,1,709,287,24,2,1022,0,0,0,1022
12/01/2008,EWR,NJ,AEA,EN,Towers with Radar,839,421,32,0,1292,1,16,10,0,27,840,437,42,0,1319,0,0,0,1319
12/02/2008,EWR,NJ,AEA,EN,Towers with Radar,846,416,31,0,1293,2,13,12,0,27,848,429,43,0,1320,0,0,0,1320
12/03/2008,EWR,NJ,AEA,EN,Towers with Radar,808,422,37,0,1267,1,13,11,0,25,809,435,48,0,1292,0,0,0,1292
12/04/2008,EWR,NJ,AEA,EN,Towers with Radar,816,437,22,2,1277,1,13,13,0,27,817,450,35,2,1304,0,0,0,1304
12/05/2008,EWR,NJ,AEA,EN,Towers with Radar,814,423,18,1,1256,1,18,10,0,29,815,441,28,1,1285,0,0,0,1285
12/06/2008,EWR,NJ,AEA,EN,Towers with Radar,620,268,24,0,912,1,0,4,0,5,621,268,28,0,917,0,0,0,917
12/07/2008,EWR,NJ,AEA,EN,Towers with Radar,694,302,13,0,1009,1,2,6,0,9,695,304,19,0,1018,0,0,0,1018
12/08/2008,EWR,NJ,AEA,EN,Towers with Radar,781,389,18,0,1188,1,10,9,0,20,782,399,27,0,1208,0,0,0,1208
12/09/2008,EWR,NJ,AEA,EN,Towers with Radar,760,384,11,2,1157,1,12,16,0,29,761,396,27,2,1186,0,0,0,1186
12/10/2008,EWR,NJ,AEA,EN,Towers with Radar,777,375,12,1,1165,2,8,2,0,12,779,383,14,1,1177,0,0,0,1177
12/11/2008,EWR,NJ,AEA,EN,Towers with Radar,715,300,14,0,1029,1,0,0,0,1,716,300,14,0,1030,0,0,0,1030
12/12/2008,EWR,NJ,AEA,EN,Towers with Radar,835,389,13,0,1237,1,12,22,0,35,836,401,35,0,1272,0,0,0,1272
12/13/2008,EWR,NJ,AEA,EN,Towers with Radar,652,271,0,0,923,2,0,8,0,10,654,271,8,0,933,0,0,0,933
12/14/2008,EWR,NJ,AEA,EN,Towers with Radar,708,332,10,0,1050,1,0,4,0,5,709,332,14,0,1055,0,0,0,1055
12/15/2008,EWR,NJ,AEA,EN,Towers with Radar,743,374,6,1,1124,2,10,18,0,30,745,384,24,1,1154,0,0,0,1154
12/16/2008,EWR,NJ,AEA,EN,Towers with Radar,722,322,17,2,1063,3,0,7,0,10,725,322,24,2,1073,0,0,0,1073
12/17/2008,EWR,NJ,AEA,EN,Towers with Radar,864,408,14,0,1286,3,10,4,0,17,867,418,18,0,1303,0,0,0,1303
12/18/2008,EWR,NJ,AEA,EN,Towers with Radar,828,433,2,1,1264,3,14,16,0,33,831,447,18,1,1297,0,0,0,1297
12/19/2008,EWR,NJ,AEA,EN,Towers with Radar,548,136,11,0,695,1,0,0,0,1,549,136,11,0,696,0,0,0,696
12/20/2008,EWR,NJ,AEA,EN,Towers with Radar,719,265,15,0,999,3,0,3,0,6,722,265,18,0,1005,0,0,0,1005
12/21/2008,EWR,NJ,AEA,EN,Towers with Radar,689,228,13,0,930,1,2,5,0,8,690,230,18,0,938,0,0,0,938
12/22/2008,EWR,NJ,AEA,EN,Towers with Radar,759,383,6,0,1148,2,12,11,0,25,761,395,17,0,1173,0,0,0,1173
12/23/2008,EWR,NJ,AEA,EN,Towers with Radar,841,429,7,0,1277,1,14,14,1,30,842,443,21,1,1307,0,0,0,1307
12/24/2008,EWR,NJ,AEA,EN,Towers with Radar,677,260,4,0,941,1,5,2,0,8,678,265,6,0,949,0,0,0,949
12/25/2008,EWR,NJ,AEA,EN,Towers with Radar,617,289,3,1,910,2,0,5,0,7,619,289,8,1,917,0,0,0,917
12/26/2008,EWR,NJ,AEA,EN,Towers with Radar,740,392,7,0,1139,1,10,3,0,14,741,402,10,0,1153,0,0,0,1153
12/27/2008,EWR,NJ,AEA,EN,Towers with Radar,656,289,10,0,955,3,0,0,0,3,659,289,10,0,958,0,0,0,958
12/28/2008,EWR,NJ,AEA,EN,Towers with Radar,703,356,3,1,1063,2,0,4,0,6,705,356,7,1,1069,0,0,0,1069
12/29/2008,EWR,NJ,AEA,EN,Towers with Radar,746,396,7,0,1149,2,13,5,0,20,748,409,12,0,1169,0,0,0,1169
12/30/2008,EWR,NJ,AEA,EN,Towers with Radar,762,391,3,0,1156,1,12,9,2,24,763,403,12,2,1180,0,0,0,1180
12/31/2008,EWR,NJ,AEA,EN,Towers with Radar,638,178,6,0,822,1,1,4,0,6,639,179,10,0,828,0,0,0,828
01/01/2009,EWR,NJ,AEA,EN,Towers with Radar,643,291,7,0,941,3,0,2,0,5,646,291,9,0,946,0,0,0,946
01/02/2009,EWR,NJ,AEA,EN,Towers with Radar,751,389,6,0,1146,1,4,8,0,13,752,393,14,0,1159,0,0,0,1159
01/03/2009,EWR,NJ,AEA,EN,Towers with Radar,682,312,7,0,1001,2,0,2,0,4,684,312,9,0,1005,0,0,0,1005
01/04/2009,EWR,NJ,AEA,EN,Towers with Radar,715,366,17,0,1098,3,0,8,0,11,718,366,25,0,1109,0,0,0,1109
01/05/2009,EWR,NJ,AEA,EN,Towers with Radar,761,414,7,0,1182,1,5,7,1,14,762,419,14,1,1196,0,0,0,1196
01/06/2009,EWR,NJ,AEA,EN,Towers with Radar,757,362,9,0,1128,2,4,7,0,13,759,366,16,0,1141,0,0,0,1141
01/07/2009,EWR,NJ,AEA,EN,Towers with Radar,723,301,14,0,1038,1,0,0,0,1,724,301,14,0,1039,0,0,0,1039
01/08/2009,EWR,NJ,AEA,EN,Towers with Radar,785,380,12,0,1177,1,13,6,1,21,786,393,18,1,1198,0,0,0,1198
01/09/2009,EWR,NJ,AEA,EN,Towers with Radar,772,410,9,0,1191,1,5,8,0,14,773,415,17,0,1205,0,0,0,1205
01/10/2009,EWR,NJ,AEA,EN,Towers with Radar,568,160,12,0,740,2,0,0,0,2,570,160,12,0,742,0,0,0,742
01/11/2009,EWR,NJ,AEA,EN,Towers with Radar,658,327,7,0,992,1,2,5,0,8,659,329,12,0,1000,0,0,0,1000
01/12/2009,EWR,NJ,AEA,EN,Towers with Radar,748,392,10,4,1154,2,11,7,1,21,750,403,17,5,1175,0,0,0,1175
01/13/2009,EWR,NJ,AEA,EN,Towers with Radar,734,416,14,0,1164,1,9,17,0,27,735,425,31,0,1191,0,0,0,1191
01/14/2009,EWR,NJ,AEA,EN,Towers with Radar,765,409,8,2,1184,1,9,5,0,15,766,418,13,2,1199,0,0,0,1199
01/15/2009,EWR,NJ,AEA,EN,Towers with Radar,729,276,15,3,1023,2,3,6,0,11,731,279,21,3,1034,0,0,0,1034
01/16/2009,EWR,NJ,AEA,EN,Towers with Radar,766,422,11,0,1199,1,12,12,0,25,767,434,23,0,1224,0,0,0,1224
01/17/2009,EWR,NJ,AEA,EN,Towers with Radar,620,243,4,0,867,2,2,3,0,7,622,245,7,0,874,0,0,0,874
01/18/2009,EWR,NJ,AEA,EN,Towers with Radar,611,287,9,0,907,2,0,4,0,6,613,287,13,0,913,0,0,0,913
01/19/2009,EWR,NJ,AEA,EN,Towers with Radar,735,374,11,0,1120,1,0,0,0,1,736,374,11,0,1121,0,0,0,1121
01/20/2009,EWR,NJ,AEA,EN,Towers with Radar,787,419,21,0,1227,2,6,7,0,15,789,425,28,0,1242,0,0,0,1242
01/21/2009,EWR,NJ,AEA,EN,Towers with Radar,758,422,9,0,1189,1,3,11,0,15,759,425,20,0,1204,0,0,0,1204
01/22/2009,EWR,NJ,AEA,EN,Towers with Radar,786,421,8,0,1215,1,15,6,0,22,787,436,14,0,1237,0,0,0,1237
01/23/2009,EWR,NJ,AEA,EN,Towers with Radar,783,412,19,0,1214,1,10,7,1,19,784,422,26,1,1233,0,0,0,1233
01/24/2009,EWR,NJ,AEA,EN,Towers with Radar,615,245,14,0,874,2,0,6,0,8,617,245,20,0,882,0,0,0,882
01/25/2009,EWR,NJ,AEA,EN,Towers with Radar,666,351,11,0,1028,2,0,3,0,5,668,351,14,0,1033,0,0,0,1033
01/26/2009,EWR,NJ,AEA,EN,Towers with Radar,743,407,15,0,1165,1,10,10,0,21,744,417,25,0,1186,0,0,0,1186
01/27/2009,EWR,NJ,AEA,EN,Towers with Radar,722,408,11,0,1141,1,6,17,0,24,723,414,28,0,1165,0,0,0,1165
01/28/2009,EWR,NJ,AEA,EN,Towers with Radar,595,208,11,4,818,1,0,0,0,1,596,208,11,4,819,0,0,0,819
01/29/2009,EWR,NJ,AEA,EN,Towers with Radar,797,417,9,0,1223,1,13,10,0,24,798,430,19,0,1247,0,0,0,1247
01/30/2009,EWR,NJ,AEA,EN,Towers with Radar,775,415,8,0,1198,1,12,12,1,26,776,427,20,1,1224,0,0,0,1224
01/31/2009,EWR,NJ,AEA,EN,Towers with Radar,625,246,9,0,880,2,2,9,0,13,627,248,18,0,893,0,0,0,893
02/01/2009,EWR,NJ,AEA,EN,Towers with Radar,684,342,8,0,1034,2,4,4,0,10,686,346,12,0,1044,0,0,0,1044
02/02/2009,EWR,NJ,AEA,EN,Towers with Radar,736,387,15,0,1138,2,8,10,0,20,738,395,25,0,1158,0,0,0,1158
02/03/2009,EWR,NJ,AEA,EN,Towers with Radar,596,251,13,0,860,1,0,0,0,1,597,251,13,0,861,0,0,0,861
02/04/2009,EWR,NJ,AEA,EN,Towers with Radar,772,423,12,0,1207,2,3,6,0,11,774,426,18,0,1218,0,0,0,1218
02/05/2009,EWR,NJ,AEA,EN,Towers with Radar,777,392,12,0,1181,1,11,11,0,23,778,403,23,0,1204,0,0,0,1204
02/06/2009,EWR,NJ,AEA,EN,Towers with Radar,798,428,11,0,1237,1,14,15,0,30,799,442,26,0,1267,0,0,0,1267
02/07/2009,EWR,NJ,AEA,EN,Towers with Radar,615,245,1,0,861,2,0,4,0,6,617,245,5,0,867,0,0,0,867
02/08/2009,EWR,NJ,AEA,EN,Towers with Radar,663,325,8,0,996,2,0,4,0,6,665,325,12,0,1002,0,0,0,1002
02/09/2009,EWR,NJ,AEA,EN,Towers with Radar,743,400,15,0,1158,1,10,24,0,35,744,410,39,0,1193,0,0,0,1193
02/10/2009,EWR,NJ,AEA,EN,Towers with Radar,743,412,10,0,1165,1,12,13,0,26,744,424,23,0,1191,0,0,0,1191
02/11/2009,EWR,NJ,AEA,EN,Towers with Radar,740,396,7,0,1143,1,6,12,0,19,741,402,19,0,1162,0,0,0,1162
02/12/2009,EWR,NJ,AEA,EN,Towers with Radar,696,306,17,0,1019,2,5,6,0,13,698,311,23,0,1032,0,0,0,1032
02/13/2009,EWR,NJ,AEA,EN,Towers with Radar,839,385,17,0,1241,1,6,26,0,33,840,391,43,0,1274,0,0,0,1274
02/14/2009,EWR,NJ,AEA,EN,Towers with Radar,695,287,6,0,988,2,0,2,0,4,697,287,8,0,992,0,0,0,992
02/15/2009,EWR,NJ,AEA,EN,Towers with Radar,700,358,6,0,1064,3,0,4,0,7,703,358,10,0,1071,0,0,0,1071
02/16/2009,EWR,NJ,AEA,EN,Towers with Radar,753,414,9,0,1176,1,0,1,0,2,754,414,10,0,1178,0,0,0,1178
02/17/2009,EWR,NJ,AEA,EN,Towers with Radar,790,425,7,1,1223,2,7,17,0,26,792,432,24,1,1249,0,0,0,1249
02/18/2009,EWR,NJ,AEA,EN,Towers with Radar,705,342,8,4,1059,1,2,7,0,10,706,344,15,4,1069,0,0,0,1069
02/19/2009,EWR,NJ,AEA,EN,Towers with Radar,823,425,11,1,1260,1,8,8,0,17,824,433,19,1,1277,0,0,0,1277
02/20/2009,EWR,NJ,AEA,EN,Towers with Radar,787,395,14,0,1196,0,7,22,0,29,787,402,36,0,1225,0,0,0,1225
02/21/2009,EWR,NJ,AEA,EN,Towers with Radar,675,288,5,0,968,2,0,4,0,6,677,288,9,0,974,0,0,0,974
02/22/2009,EWR,NJ,AEA,EN,Towers with Radar,683,308,1,0,992,3,0,2,0,5,686,308,3,0,997,0,0,0,997
02/23/2009,EWR,NJ,AEA,EN,Towers with Radar,736,404,7,0,1147,1,5,13,0,19,737,409,20,0,1166,0,0,0,1166
02/24/2009,EWR,NJ,AEA,EN,Towers with Radar,800,426,18,0,1244,1,5,13,0,19,801,431,31,0,1263,0,0,0,1263
02/25/2009,EWR,NJ,AEA,EN,Towers with Radar,792,431,14,0,1237,1,12,9,0,22,793,443,23,0,1259,0,0,0,1259
02/26/2009,EWR,NJ,AEA,EN,Towers with Radar,807,428,11,0,1246,1,10,8,0,19,808,438,19,0,1265,0,0,0,1265
02/27/2009,EWR,NJ,AEA,EN,Towers with Radar,735,347,8,0,1090,0,8,16,0,24,735,355,24,0,1114,0,0,0,1114
02/28/2009,EWR,NJ,AEA,EN,Towers with Radar,685,290,11,0,986,2,3,2,0,7,687,293,13,0,993,0,0,0,993
03/01/2009,EWR,NJ,AEA,EN,Towers with Radar,596,257,8,0,861,2,0,2,0,4,598,257,10,0,865,0,0,0,865
03/02/2009,EWR,NJ,AEA,EN,Towers with Radar,479,159,11,0,649,1,0,2,0,3,480,159,13,0,652,0,0,0,652
03/03/2009,EWR,NJ,AEA,EN,Towers with Radar,763,393,8,0,1164,1,4,17,0,22,764,397,25,0,1186,0,0,0,1186
03/04/2009,EWR,NJ,AEA,EN,Towers with Radar,814,436,15,0,1265,1,10,10,1,22,815,446,25,1,1287,0,0,0,1287
03/05/2009,EWR,NJ,AEA,EN,Towers with Radar,804,430,13,0,1247,2,5,11,0,18,806,435,24,0,1265,0,0,0,1265
03/06/2009,EWR,NJ,AEA,EN,Towers with Radar,715,380,13,0,1108,1,12,9,0,22,716,392,22,0,1130,0,0,0,1130
03/07/2009,EWR,NJ,AEA,EN,Towers with Radar,675,280,1,0,956,3,0,1,0,4,678,280,2,0,960,0,0,0,960
03/08/2009,EWR,NJ,AEA,EN,Towers with Radar,707,388,17,0,1112,2,0,1,0,3,709,388,18,0,1115,0,0,0,1115
03/09/2009,EWR,NJ,AEA,EN,Towers with Radar,716,382,10,0,1108,1,3,6,0,10,717,385,16,0,1118,0,0,0,1118
03/10/2009,EWR,NJ,AEA,EN,Towers with Radar,816,462,18,0,1296,2,4,9,0,15,818,466,27,0,1311,0,0,0,1311
03/11/2009,EWR,NJ,AEA,EN,Towers with Radar,752,353,19,0,1124,1,9,7,0,17,753,362,26,0,1141,0,0,0,1141
03/12/2009,EWR,NJ,AEA,EN,Towers with Radar,846,449,12,0,1307,1,7,15,2,25,847,456,27,2,1332,0,0,0,1332
03/13/2009,EWR,NJ,AEA,EN,Towers with Radar,816,448,13,0,1277,1,8,14,0,23,817,456,27,0,1300,0,0,0,1300
03/14/2009,EWR,NJ,AEA,EN,Towers with Radar,670,301,13,0,984,3,0,6,0,9,673,301,19,0,993,0,0,0,993
03/15/2009,EWR,NJ,AEA,EN,Towers with Radar,705,394,13,0,1112,3,0,3,0,6,708,394,16,0,1118,0,0,0,1118
03/16/2009,EWR,NJ,AEA,EN,Towers with Radar,778,426,12,0,1216,1,5,17,0,23,779,431,29,0,1239,0,0,0,1239
03/17/2009,EWR,NJ,AEA,EN,Towers with Radar,806,437,13,0,1256,1,7,11,1,20,807,444,24,1,1276,0,0,0,1276
03/18/2009,EWR,NJ,AEA,EN,Towers with Radar,806,445,16,2,1269,1,8,14,0,23,807,453,30,2,1292,0,0,0,1292
03/19/2009,EWR,NJ,AEA,EN,Towers with Radar,791,404,10,0,1205,1,15,12,0,28,792,419,22,0,1233,0,0,0,1233
03/20/2009,EWR,NJ,AEA,EN,Towers with Radar,840,452,21,2,1315,1,8,7,0,16,841,460,28,2,1331,0,0,0,1331
03/21/2009,EWR,NJ,AEA,EN,Towers with Radar,680,308,3,0,991,3,0,0,0,3,683,308,3,0,994,0,0,0,994
03/22/2009,EWR,NJ,AEA,EN,Towers with Radar,706,383,7,1,1097,4,0,2,0,6,710,383,9,1,1103,0,0,0,1103
03/23/2009,EWR,NJ,AEA,EN,Towers with Radar,786,426,7,0,1219,1,11,10,0,22,787,437,17,0,1241,0,0,0,1241
03/24/2009,EWR,NJ,AEA,EN,Towers with Radar,820,431,8,0,1259,1,7,14,0,22,821,438,22,0,1281,0,0,0,1281
03/25/2009,EWR,NJ,AEA,EN,Towers with Radar,826,444,6,0,1276,1,10,15,1,27,827,454,21,1,1303,0,0,0,1303
03/26/2009,EWR,NJ,AEA,EN,Towers with Radar,774,364,11,0,1149,1,0,6,0,7,775,364,17,0,1156,0,0,0,1156
03/27/2009,EWR,NJ,AEA,EN,Towers with Radar,854,450,12,0,1316,1,0,15,0,16,855,450,27,0,1332,0,0,0,1332
03/28/2009,EWR,NJ,AEA,EN,Towers with Radar,680,311,9,0,1000,2,0,2,0,4,682,311,11,0,1004,0,0,0,1004
03/29/2009,EWR,NJ,AEA,EN,Towers with Radar,615,262,15,0,892,0,0,1,0,1,615,262,16,0,893,0,0,0,893
03/30/2009,EWR,NJ,AEA,EN,Towers with Radar,837,415,5,0,1257,0,7,18,0,25,837,422,23,0,1282,0,0,0,1282
03/31/2009,EWR,NJ,AEA,EN,Towers with Radar,837,438,14,0,1289,1,14,15,0,30,838,452,29,0,1319,0,0,0,1319
04/01/2009,EWR,NJ,AEA,EN,Towers with Radar,783,430,12,0,1225,2,12,11,0,25,785,442,23,0,1250,0,0,0,1250
04/02/2009,EWR,NJ,AEA,EN,Towers with Radar,826,401,22,0,1249,1,8,13,0,22,827,409,35,0,1271,0,0,0,1271
04/03/2009,EWR,NJ,AEA,EN,Towers with Radar,747,275,20,0,1042,1,0,1,0,2,748,275,21,0,1044,0,0,0,1044
04/04/2009,EWR,NJ,AEA,EN,Towers with Radar,712,306,6,0,1024,2,0,2,0,4,714,306,8,0,1028,0,0,0,1028
04/05/2009,EWR,NJ,AEA,EN,Towers with Radar,742,359,9,0,1110,1,0,2,0,3,743,359,11,0,1113,0,0,0,1113
04/06/2009,EWR,NJ,AEA,EN,Towers with Radar,714,290,8,0,1012,2,2,4,0,8,716,292,12,0,1020,0,0,0,1020
04/07/2009,EWR,NJ,AEA,EN,Towers with Radar,842,426,13,0,1281,1,7,7,0,15,843,433,20,0,1296,0,0,0,1296
04/08/2009,EWR,NJ,AEA,EN,Towers with Radar,799,398,13,0,1210,1,14,15,0,30,800,412,28,0,1240,0,0,0,1240
04/09/2009,EWR,NJ,AEA,EN,Towers with Radar,836,433,17,0,1286,2,22,21,0,45,838,455,38,0,1331,0,0,0,1331
04/10/2009,EWR,NJ,AEA,EN,Towers with Radar,843,415,9,0,1267,0,9,16,1,26,843,424,25,1,1293,0,0,0,1293
04/11/2009,EWR,NJ,AEA,EN,Towers with Radar,686,294,6,0,986,1,0,0,0,1,687,294,6,0,987,0,0,0,987
04/12/2009,EWR,NJ,AEA,EN,Towers with Radar,724,328,8,0,1060,1,1,8,0,10,725,329,16,0,1070,0,0,0,1070
04/13/2009,EWR,NJ,AEA,EN,Towers with Radar,835,429,12,0,1276,1,12,12,0,25,836,441,24,0,1301,0,0,0,1301
04/14/2009,EWR,NJ,AEA,EN,Towers with Radar,776,367,4,0,1147,1,5,15,0,21,777,372,19,0,1168,0,0,0,1168
04/15/2009,EWR,NJ,AEA,EN,Towers with Radar,845,397,3,0,1245,1,14,8,1,24,846,411,11,1,1269,0,0,0,1269
04/16/2009,EWR,NJ,AEA,EN,Towers with Radar,874,424,7,0,1305,1,14,10,0,25,875,438,17,0,1330,0,0,0,1330
04/17/2009,EWR,NJ,AEA,EN,Towers with Radar,847,408,12,0,1267,1,12,20,1,34,848,420,32,1,1301,0,0,0,1301
04/18/2009,EWR,NJ,AEA,EN,Towers with Radar,687,303,11,0,1001,0,0,10,0,10,687,303,21,0,1011,0,0,0,1011
04/19/2009,EWR,NJ,AEA,EN,Towers with Radar,757,350,15,0,1122,1,0,6,0,7,758,350,21,0,1129,0,0,0,1129
04/20/2009,EWR,NJ,AEA,EN,Towers with Radar,720,284,8,0,1012,2,0,6,0,8,722,284,14,0,1020,0,0,0,1020
04/21/2009,EWR,NJ,AEA,EN,Towers with Radar,817,349,16,0,1182,1,0,3,0,4,818,349,19,0,1186,0,0,0,1186
04/22/2009,EWR,NJ,AEA,EN,Towers with Radar,852,444,17,2,1315,1,12,12,0,25,853,456,29,2,1340,0,0,0,1340
04/23/2009,EWR,NJ,AEA,EN,Towers with Radar,831,418,8,0,1257,1,20,15,7,43,832,438,23,7,1300,0,0,0,1300
04/24/2009,EWR,NJ,AEA,EN,Towers with Radar,838,440,12,0,1290,1,18,22,0,41,839,458,34,0,1331,0,0,0,1331
04/25/2009,EWR,NJ,AEA,EN,Towers with Radar,693,299,11,0,1003,1,0,6,0,7,694,299,17,0,1010,0,0,0,1010
04/26/2009,EWR,NJ,AEA,EN,Towers with Radar,749,354,9,0,1112,1,0,13,0,14,750,354,22,0,1126,0,0,0,1126
04/27/2009,EWR,NJ,AEA,EN,Towers with Radar,806,413,18,0,1237,1,12,15,0,28,807,425,33,0,1265,0,0,0,1265
04/28/2009,EWR,NJ,AEA,EN,Towers with Radar,788,409,18,0,1215,1,9,17,0,27,789,418,35,0,1242,0,0,0,1242
04/29/2009,EWR,NJ,AEA,EN,Towers with Radar,819,427,21,0,1267,0,16,14,4,34,819,443,35,4,1301,0,0,0,1301
04/30/2009,EWR,NJ,AEA,EN,Towers with Radar,846,416,14,0,1276,1,21,13,0,35,847,437,27,0,1311,0,0,0,1311
05/01/2009,EWR,NJ,AEA,EN,Towers with Radar,770,352,17,1,1140,2,9,10,0,21,772,361,27,1,1161,0,0,0,1161
05/02/2009,EWR,NJ,AEA,EN,Towers with Radar,706,310,8,0,1024,1,0,4,0,5,707,310,12,0,1029,0,0,0,1029
05/03/2009,EWR,NJ,AEA,EN,Towers with Radar,693,332,13,2,1040,4,0,11,0,15,697,332,24,2,1055,0,0,0,1055
05/04/2009,EWR,NJ,AEA,EN,Towers with Radar,731,363,4,0,1098,4,0,4,0,8,735,363,8,0,1106,0,0,0,1106
05/05/2009,EWR,NJ,AEA,EN,Towers with Radar,761,383,9,0,1153,1,0,1,0,2,762,383,10,0,1155,0,0,0,1155
05/06/2009,EWR,NJ,AEA,EN,Towers with Radar,816,419,11,0,1246,2,9,12,0,23,818,428,23,0,1269,0,0,0,1269
05/07/2009,EWR,NJ,AEA,EN,Towers with Radar,779,366,17,0,1162,0,6,14,0,20,779,372,31,0,1182,0,0,0,1182
05/08/2009,EWR,NJ,AEA,EN,Towers with Radar,811,433,14,0,1258,1,12,16,0,29,812,445,30,0,1287,0,0,0,1287
05/09/2009,EWR,NJ,AEA,EN,Towers with Radar,643,293,11,0,947,1,0,1,4,6,644,293,12,4,953,0,0,0,953
05/10/2009,EWR,NJ,AEA,EN,Towers with Radar,704,354,4,0,1062,1,1,6,2,10,705,355,10,2,1072,0,0,0,1072
05/11/2009,EWR,NJ,AEA,EN,Towers with Radar,750,400,5,2,1157,2,3,13,4,22,752,403,18,6,1179,0,0,0,1179
05/12/2009,EWR,NJ,AEA,EN,Towers with Radar,775,410,8,1,1194,1,2,14,0,17,776,412,22,1,1211,0,0,0,1211
05/13/2009,EWR,NJ,AEA,EN,Towers with Radar,792,418,13,0,1223,0,14,16,2,32,792,432,29,2,1255,0,0,0,1255
05/14/2009,EWR,NJ,AEA,EN,Towers with Radar,744,347,14,0,1105,1,15,13,0,29,745,362,27,0,1134,0,0,0,1134
05/15/2009,EWR,NJ,AEA,EN,Towers with Radar,813,437,11,0,1261,1,12,14,3,30,814,449,25,3,1291,0,0,0,1291
05/16/2009,EWR,NJ,AEA,EN,Towers with Radar,648,283,5,1,937,1,0,6,0,7,649,283,11,1,944,0,0,0,944
05/17/2009,EWR,NJ,AEA,EN,Towers with Radar,706,347,11,0,1064,1,0,8,2,11,707,347,19,2,1075,0,0,0,1075
05/18/2009,EWR,NJ,AEA,EN,Towers with Radar,762,408,15,0,1185,0,7,16,0,23,762,415,31,0,1208,0,0,0,1208
05/19/2009,EWR,NJ,AEA,EN,Towers with Radar,781,418,17,2,1218,1,6,19,0,26,782,424,36,2,1244,0,0,0,1244
05/20/2009,EWR,NJ,AEA,EN,Towers with Radar,796,419,8,0,1223,1,4,15,2,22,797,423,23,2,1245,0,0,0,1245
05/21/2009,EWR,NJ,AEA,EN,Towers with Radar,798,428,12,2,1240,1,7,23,1,32,799,435,35,3,1272,0,0,0,1272
05/22/2009,EWR,NJ,AEA,EN,Towers with Radar,806,409,10,0,1225,1,19,23,2,45,807,428,33,2,1270,0,0,0,1270
05/23/2009,EWR,NJ,AEA,EN,Towers with Radar,629,287,3,0,919,1,0,7,0,8,630,287,10,0,927,0,0,0,927
05/24/2009,EWR,NJ,AEA,EN,Towers with Radar,586,246,7,0,839,1,0,10,0,11,587,246,17,0,850,0,0,0,850
05/25/2009,EWR,NJ,AEA,EN,Towers with Radar,696,343,11,0,1050,1,2,22,0,25,697,345,33,0,1075,0,0,0,1075
05/26/2009,EWR,NJ,AEA,EN,Towers with Radar,741,397,11,0,1149,1,9,17,0,27,742,406,28,0,1176,0,0,0,1176
05/27/2009,EWR,NJ,AEA,EN,Towers with Radar,747,374,18,0,1139,1,6,6,0,13,748,380,24,0,1152,0,0,0,1152
05/28/2009,EWR,NJ,AEA,EN,Towers with Radar,792,394,11,0,1197,1,0,4,0,5,793,394,15,0,1202,0,0,0,1202
05/29/2009,EWR,NJ,AEA,EN,Towers with Radar,774,380,12,0,1166,1,15,12,2,30,775,395,24,2,1196,0,0,0,1196
05/30/2009,EWR,NJ,AEA,EN,Towers with Radar,657,297,4,0,958,1,0,9,0,10,658,297,13,0,968,0,0,0,968
05/31/2009,EWR,NJ,AEA,EN,Towers with Radar,713,351,9,0,1073,1,2,9,0,12,714,353,18,0,1085,0,0,0,1085
06/01/2009,EWR,NJ,AEA,EN,Towers with Radar,775,403,21,0,1199,1,14,20,2,37,776,417,41,2,1236,0,0,0,1236
06/02/2009,EWR,NJ,AEA,EN,Towers with Radar,774,407,14,2,1197,1,11,17,0,29,775,418,31,2,1226,0,0,0,1226
06/03/2009,EWR,NJ,AEA,EN,Towers with Radar,793,404,10,0,1207,0,7,11,0,18,793,411,21,0,1225,0,0,0,1225
06/04/2009,EWR,NJ,AEA,EN,Towers with Radar,804,423,20,0,1247,1,14,13,0,28,805,437,33,0,1275,0,0,0,1275
06/05/2009,EWR,NJ,AEA,EN,Towers with Radar,743,335,16,0,1094,2,10,11,0,23,745,345,27,0,1117,0,0,0,1117
06/06/2009,EWR,NJ,AEA,EN,Towers with Radar,693,301,8,0,1002,1,0,8,0,9,694,301,16,0,1011,0,0,0,1011
06/07/2009,EWR,NJ,AEA,EN,Towers with Radar,707,346,4,0,1057,1,2,12,4,19,708,348,16,4,1076,0,0,0,1076
06/08/2009,EWR,NJ,AEA,EN,Towers with Radar,765,395,12,0,1172,1,13,18,2,34,766,408,30,2,1206,0,0,0,1206
06/09/2009,EWR,NJ,AEA,EN,Towers with Radar,689,313,9,0,1011,0,0,4,0,4,689,313,13,0,1015,0,0,0,1015
06/10/2009,EWR,NJ,AEA,EN,Towers with Radar,774,394,17,0,1185,1,0,7,0,8,775,394,24,0,1193,0,0,0,1193
06/11/2009,EWR,NJ,AEA,EN,Towers with Radar,797,357,11,0,1165,1,0,1,0,2,798,357,12,0,1167,0,0,0,1167
06/12/2009,EWR,NJ,AEA,EN,Towers with Radar,839,377,21,0,1237,2,6,12,0,20,841,383,33,0,1257,0,0,0,1257
06/13/2009,EWR,NJ,AEA,EN,Towers with Radar,694,295,8,0,997,1,0,7,0,8,695,295,15,0,1005,0,0,0,1005
06/14/2009,EWR,NJ,AEA,EN,Towers with Radar,761,350,14,0,1125,1,0,9,4,14,762,350,23,4,1139,0,0,0,1139
06/15/2009,EWR,NJ,AEA,EN,Towers with Radar,759,368,13,0,1140,1,8,17,4,30,760,376,30,4,1170,0,0,0,1170
06/16/2009,EWR,NJ,AEA,EN,Towers with Radar,847,407,10,0,1264,1,3,10,3,17,848,410,20,3,1281,0,0,0,1281
06/17/2009,EWR,NJ,AEA,EN,Towers with Radar,817,393,14,0,1224,2,14,18,0,34,819,407,32,0,1258,0,0,0,1258
06/18/2009,EWR,NJ,AEA,EN,Towers with Radar,772,327,7,0,1106,0,2,6,0,8,772,329,13,0,1114,0,0,0,1114
06/19/2009,EWR,NJ,AEA,EN,Towers with Radar,875,404,15,0,1294,1,12,29,0,42,876,416,44,0,1336,0,0,0,1336
06/20/2009,EWR,NJ,AEA,EN,Towers with Radar,702,286,5,0,993,1,0,4,0,5,703,286,9,0,998,0,0,0,998
06/21/2009,EWR,NJ,AEA,EN,Towers with Radar,730,330,0,0,1060,2,0,7,0,9,732,330,7,0,1069,0,0,0,1069
06/22/2009,EWR,NJ,AEA,EN,Towers with Radar,796,373,9,0,1178,1,14,15,2,32,797,387,24,2,1210,0,0,0,1210
06/23/2009,EWR,NJ,AEA,EN,Towers with Radar,811,402,19,0,1232,1,8,29,0,38,812,410,48,0,1270,0,0,0,1270
06/24/2009,EWR,NJ,AEA,EN,Towers with Radar,813,384,12,0,1209,1,5,3,0,9,814,389,15,0,1218,0,0,0,1218
06/25/2009,EWR,NJ,AEA,EN,Towers with Radar,841,402,17,0,1260,0,14,33,0,47,841,416,50,0,1307,0,0,0,1307
06/26/2009,EWR,NJ,AEA,EN,Towers with Radar,737,299,11,0,1047,1,6,19,0,26,738,305,30,0,1073,0,0,0,1073
06/27/2009,EWR,NJ,AEA,EN,Towers with Radar,757,324,4,0,1085,0,0,15,2,17,757,324,19,2,1102,0,0,0,1102
06/28/2009,EWR,NJ,AEA,EN,Towers with Radar,738,358,12,0,1108,1,0,12,2,15,739,358,24,2,1123,0,0,0,1123
06/29/2009,EWR,NJ,AEA,EN,Towers with Radar,798,393,13,0,1204,1,12,19,0,32,799,405,32,0,1236,0,0,0,1236
06/30/2009,EWR,NJ,AEA,EN,Towers with Radar,718,301,5,0,1024,1,9,15,0,25,719,310,20,0,1049,0,0,0,1049
07/01/2009,EWR,NJ,AEA,EN,Towers with Radar,828,388,10,0,1226,1,15,17,0,33,829,403,27,0,1259,0,0,0,1259
07/02/2009,EWR,NJ,AEA,EN,Towers with Radar,808,362,6,0,1176,0,10,19,0,29,808,372,25,0,1205,0,0,0,1205
07/03/2009,EWR,NJ,AEA,EN,Towers with Radar,710,314,9,0,1033,0,0,19,2,21,710,314,28,2,1054,0,0,0,1054
07/04/2009,EWR,NJ,AEA,EN,Towers with Radar,643,269,3,0,915,0,0,9,2,11,643,269,12,2,926,0,0,0,926
07/05/2009,EWR,NJ,AEA,EN,Towers with Radar,739,347,11,0,1097,0,0,16,0,16,739,347,27,0,1113,0,0,0,1113
07/06/2009,EWR,NJ,AEA,EN,Towers with Radar,806,374,10,0,1190,1,13,25,0,39,807,387,35,0,1229,0,0,0,1229
07/07/2009,EWR,NJ,AEA,EN,Towers with Radar,782,370,4,0,1156,0,7,20,2,29,782,377,24,2,1185,0,0,0,1185
07/08/2009,EWR,NJ,AEA,EN,Towers with Radar,848,408,5,0,1261,0,10,16,1,27,848,418,21,1,1288,0,0,0,1288
07/09/2009,EWR,NJ,AEA,EN,Towers with Radar,849,399,8,0,1256,0,7,26,3,36,849,406,34,3,1292,0,0,0,1292
07/10/2009,EWR,NJ,AEA,EN,Towers with Radar,826,394,6,0,1226,0,1,33,0,34,826,395,39,0,1260,0,0,0,1260
07/11/2009,EWR,NJ,AEA,EN,Towers with Radar,696,308,30,1,1035,1,1,6,0,8,697,309,36,1,1043,0,0,0,1043
07/12/2009,EWR,NJ,AEA,EN,Towers with Radar,749,355,19,0,1123,0,0,16,0,16,749,355,35,0,1139,0,0,0,1139
07/13/2009,EWR,NJ,AEA,EN,Towers with Radar,806,375,8,0,1189,1,0,20,0,21,807,375,28,0,1210,0,0,0,1210
07/14/2009,EWR,NJ,AEA,EN,Towers with Radar,822,388,13,0,1223,0,8,20,0,28,822,396,33,0,1251,0,0,0,1251
07/15/2009,EWR,NJ,AEA,EN,Towers with Radar,827,391,14,1,1233,1,4,16,0,21,828,395,30,1,1254,0,0,0,1254
07/16/2009,EWR,NJ,AEA,EN,Towers with Radar,834,394,10,1,1239,0,7,13,1,21,834,401,23,2,1260,0,0,0,1260
07/17/2009,EWR,NJ,AEA,EN,Towers with Radar,812,369,18,0,1199,0,11,15,1,27,812,380,33,1,1226,0,0,0,1226
07/18/2009,EWR,NJ,AEA,EN,Towers with Radar,737,323,24,0,1084,1,0,8,0,9,738,323,32,0,1093,0,0,0,1093
07/19/2009,EWR,NJ,AEA,EN,Towers with Radar,752,370,34,0,1156,0,2,21,0,23,752,372,55,0,1179,0,0,0,1179
07/20/2009,EWR,NJ,AEA,EN,Towers with Radar,797,378,16,0,1191,0,11,26,0,37,797,389,42,0,1228,0,0,0,1228
07/21/2009,EWR,NJ,AEA,EN,Towers with Radar,803,343,9,0,1155,0,0,2,0,2,803,343,11,0,1157,0,0,0,1157
07/22/2009,EWR,NJ,AEA,EN,Towers with Radar,827,412,5,0,1244,0,8,17,0,25,827,420,22,0,1269,0,0,0,1269
07/23/2009,EWR,NJ,AEA,EN,Towers with Radar,810,373,6,0,1189,0,11,14,0,25,810,384,20,0,1214,0,0,0,1214
07/24/2009,EWR,NJ,AEA,EN,Towers with Radar,857,417,8,0,1282,0,12,23,0,35,857,429,31,0,1317,0,0,0,1317
07/25/2009,EWR,NJ,AEA,EN,Towers with Radar,715,305,4,0,1024,0,0,0,0,0,715,305,4,0,1024,0,0,0,1024
07/26/2009,EWR,NJ,AEA,EN,Towers with Radar,670,272,7,0,949,0,0,9,0,9,670,272,16,0,958,0,0,0,958
07/27/2009,EWR,NJ,AEA,EN,Towers with Radar,861,406,13,0,1280,0,16,14,0,30,861,422,27,0,1310,0,0,0,1310
07/28/2009,EWR,NJ,AEA,EN,Towers with Radar,826,394,10,0,1230,0,9,13,2,24,826,403,23,2,1254,0,0,0,1254
07/29/2009,EWR,NJ,AEA,EN,Towers with Radar,639,248,13,0,900,0,1,3,0,4,639,249,16,0,904,0,0,0,904
07/30/2009,EWR,NJ,AEA,EN,Towers with Radar,896,444,14,0,1354,0,5,21,0,26,896,449,35,0,1380,0,0,0,1380
07/31/2009,EWR,NJ,AEA,EN,Towers with Radar,749,292,11,0,1052,2,11,11,0,24,751,303,22,0,1076,0,0,0,1076
08/01/2009,EWR,NJ,AEA,EN,Towers with Radar,748,317,7,0,1072,1,0,2,0,3,749,317,9,0,1075,0,0,0,1075
08/02/2009,EWR,NJ,AEA,EN,Towers with Radar,693,289,2,0,984,0,0,5,0,5,693,289,7,0,989,0,0,0,989
08/03/2009,EWR,NJ,AEA,EN,Towers with Radar,826,381,7,0,1214,0,8,17,1,26,826,389,24,1,1240,0,0,0,1240
08/04/2009,EWR,NJ,AEA,EN,Towers with Radar,822,384,8,0,1214,0,8,10,0,18,822,392,18,0,1232,0,0,0,1232
08/05/2009,EWR,NJ,AEA,EN,Towers with Radar,801,384,8,0,1193,0,9,14,5,28,801,393,22,5,1221,0,0,0,1221
08/06/2009,EWR,NJ,AEA,EN,Towers with Radar,854,410,14,0,1278,1,17,15,2,35,855,427,29,2,1313,0,0,0,1313
08/07/2009,EWR,NJ,AEA,EN,Towers with Radar,841,392,12,1,1246,0,6,21,2,29,841,398,33,3,1275,0,0,0,1275
08/08/2009,EWR,NJ,AEA,EN,Towers with Radar,715,300,17,0,1032,0,0,9,2,11,715,300,26,2,1043,0,0,0,1043
08/09/2009,EWR,NJ,AEA,EN,Towers with Radar,716,335,8,0,1059,0,0,13,0,13,716,335,21,0,1072,0,0,0,1072
08/10/2009,EWR,NJ,AEA,EN,Towers with Radar,788,372,16,0,1176,0,5,17,2,24,788,377,33,2,1200,0,0,0,1200
08/11/2009,EWR,NJ,AEA,EN,Towers with Radar,842,403,22,0,1267,0,1,7,0,8,842,404,29,0,1275,0,0,0,1275
08/12/2009,EWR,NJ,AEA,EN,Towers with Radar,774,378,20,0,1172,0,2,9,0,11,774,380,29,0,1183,0,0,0,1183
08/13/2009,EWR,NJ,AEA,EN,Towers with Radar,845,412,16,1,1274,0,8,17,3,28,845,420,33,4,1302,0,0,0,1302
08/14/2009,EWR,NJ,AEA,EN,Towers with Radar,856,406,13,0,1275,0,11,15,0,26,856,417,28,0,1301,0,0,0,1301
08/15/2009,EWR,NJ,AEA,EN,Towers with Radar,707,306,8,0,1021,0,0,9,0,9,707,306,17,0,1030,0,0,0,1030
08/16/2009,EWR,NJ,AEA,EN,Towers with Radar,743,360,18,0,1121,0,0,22,0,22,743,360,40,0,1143,0,0,0,1143
08/17/2009,EWR,NJ,AEA,EN,Towers with Radar,796,374,17,0,1187,0,7,14,0,21,796,381,31,0,1208,0,0,0,1208
08/18/2009,EWR,NJ,AEA,EN,Towers with Radar,814,385,11,0,1210,1,8,25,0,34,815,393,36,0,1244,0,0,0,1244
08/19/2009,EWR,NJ,AEA,EN,Towers with Radar,824,398,16,0,1238,1,12,8,2,23,825,410,24,2,1261,0,0,0,1261
08/20/2009,EWR,NJ,AEA,EN,Towers with Radar,845,403,17,0,1265,2,10,15,0,27,847,413,32,0,1292,0,0,0,1292
08/21/2009,EWR,NJ,AEA,EN,Towers with Radar,756,289,7,0,1052,0,7,13,0,20,756,296,20,0,1072,0,0,0,1072
08/22/2009,EWR,NJ,AEA,EN,Towers with Radar,717,299,9,0,1025,0,0,2,0,2,717,299,11,0,1027,0,0,0,1027
08/23/2009,EWR,NJ,AEA,EN,Towers with Radar,734,344,19,0,1097,1,0,10,0,11,735,344,29,0,1108,0,0,0,1108
08/24/2009,EWR,NJ,AEA,EN,Towers with Radar,819,388,20,0,1227,1,11,20,0,32,820,399,40,0,1259,0,0,0,1259
08/25/2009,EWR,NJ,AEA,EN,Towers with Radar,816,393,13,0,1222,1,8,17,0,26,817,401,30,0,1248,0,0,0,1248
08/26/2009,EWR,NJ,AEA,EN,Towers with Radar,824,396,24,0,1244,0,14,19,2,35,824,410,43,2,1279,0,0,0,1279
08/27/2009,EWR,NJ,AEA,EN,Towers with Radar,852,416,28,0,1296,0,8,23,0,31,852,424,51,0,1327,0,0,0,1327
08/28/2009,EWR,NJ,AEA,EN,Towers with Radar,814,335,23,1,1173,0,9,10,0,19,814,344,33,1,1192,0,0,0,1192
08/29/2009,EWR,NJ,AEA,EN,Towers with Radar,708,309,15,0,1032,0,0,0,0,0,708,309,15,0,1032,0,0,0,1032
08/30/2009,EWR,NJ,AEA,EN,Towers with Radar,727,365,24,0,1116,1,0,6,0,7,728,365,30,0,1123,0,0,0,1123
08/31/2009,EWR,NJ,AEA,EN,Towers with Radar,744,404,20,0,1168,1,8,19,0,28,745,412,39,0,1196,0,0,0,1196
09/01/2009,EWR,NJ,AEA,EN,Towers with Radar,732,419,36,1,1188,0,10,8,0,18,732,429,44,1,1206,0,0,0,1206
09/02/2009,EWR,NJ,AEA,EN,Towers with Radar,745,422,14,1,1182,1,2,14,0,17,746,424,28,1,1199,0,0,0,1199
09/03/2009,EWR,NJ,AEA,EN,Towers with Radar,760,415,30,0,1205,0,9,16,0,25,760,424,46,0,1230,0,0,0,1230
09/04/2009,EWR,NJ,AEA,EN,Towers with Radar,758,426,45,0,1229,1,13,10,0,24,759,439,55,0,1253,0,0,0,1253
09/05/2009,EWR,NJ,AEA,EN,Towers with Radar,581,279,39,0,899,0,0,12,0,12,581,279,51,0,911,0,0,0,911
09/06/2009,EWR,NJ,AEA,EN,Towers with Radar,605,271,29,0,905,0,0,10,0,10,605,271,39,0,915,0,0,0,915
09/07/2009,EWR,NJ,AEA,EN,Towers with Radar,661,350,20,0,1031,0,2,11,0,13,661,352,31,0,1044,0,0,0,1044
09/08/2009,EWR,NJ,AEA,EN,Towers with Radar,704,400,34,0,1138,0,2,18,0,20,704,402,52,0,1158,0,0,0,1158
09/09/2009,EWR,NJ,AEA,EN,Towers with Radar,734,418,25,0,1177,0,7,8,0,15,734,425,33,0,1192,0,0,0,1192
09/10/2009,EWR,NJ,AEA,EN,Towers with Radar,753,412,35,1,1201,1,14,11,0,26,754,426,46,1,1227,0,0,0,1227
09/11/2009,EWR,NJ,AEA,EN,Towers with Radar,685,288,17,6,996,0,6,2,0,8,685,294,19,6,1004,0,0,0,1004
09/12/2009,EWR,NJ,AEA,EN,Towers with Radar,600,272,17,0,889,0,0,6,0,6,600,272,23,0,895,0,0,0,895
09/13/2009,EWR,NJ,AEA,EN,Towers with Radar,657,341,25,0,1023,0,0,8,0,8,657,341,33,0,1031,0,0,0,1031
09/14/2009,EWR,NJ,AEA,EN,Towers with Radar,715,399,22,0,1136,1,2,18,1,22,716,401,40,1,1158,0,0,0,1158
09/15/2009,EWR,NJ,AEA,EN,Towers with Radar,730,413,38,1,1182,0,16,27,0,43,730,429,65,1,1225,0,0,0,1225
09/16/2009,EWR,NJ,AEA,EN,Towers with Radar,727,408,29,0,1164,0,7,13,0,20,727,415,42,0,1184,0,0,0,1184
09/17/2009,EWR,NJ,AEA,EN,Towers with Radar,753,416,16,0,1185,0,6,19,0,25,753,422,35,0,1210,0,0,0,1210
09/18/2009,EWR,NJ,AEA,EN,Towers with Radar,745,409,17,0,1171,0,4,16,0,20,745,413,33,0,1191,0,0,0,1191
09/19/2009,EWR,NJ,AEA,EN,Towers with Radar,587,258,13,0,858,0,0,1,0,1,587,258,14,0,859,0,0,0,859
09/20/2009,EWR,NJ,AEA,EN,Towers with Radar,646,338,7,0,991,1,0,10,0,11,647,338,17,0,1002,0,0,0,1002
09/21/2009,EWR,NJ,AEA,EN,Towers with Radar,711,407,26,0,1144,1,11,7,0,19,712,418,33,0,1163,0,0,0,1163
09/22/2009,EWR,NJ,AEA,EN,Towers with Radar,719,409,20,0,1148,1,0,11,0,12,720,409,31,0,1160,0,0,0,1160
09/23/2009,EWR,NJ,AEA,EN,Towers with Radar,720,414,29,0,1163,1,0,5,0,6,721,414,34,0,1169,0,0,0,1169
09/24/2009,EWR,NJ,AEA,EN,Towers with Radar,749,417,21,0,1187,0,0,15,0,15,749,417,36,0,1202,0,0,0,1202
09/25/2009,EWR,NJ,AEA,EN,Towers with Radar,743,413,42,1,1199,1,0,22,0,23,744,413,64,1,1222,0,0,0,1222
09/26/2009,EWR,NJ,AEA,EN,Towers with Radar,571,266,20,0,857,0,0,32,0,32,571,266,52,0,889,0,0,0,889
09/27/2009,EWR,NJ,AEA,EN,Towers with Radar,651,343,20,1,1015,0,0,0,0,0,651,343,20,1,1015,0,0,0,1015
09/28/2009,EWR,NJ,AEA,EN,Towers with Radar,705,402,4,0,1111,0,0,19,0,19,705,402,23,0,1130,0,0,0,1130
09/29/2009,EWR,NJ,AEA,EN,Towers with Radar,709,414,17,0,1140,0,2,13,0,15,709,416,30,0,1155,0,0,0,1155
09/30/2009,EWR,NJ,AEA,EN,Towers with Radar,722,420,20,2,1164,0,0,17,0,17,722,420,37,2,1181,0,0,0,1181
10/01/2009,EWR,NJ,AEA,EN,Towers with Radar,749,420,11,0,1180,0,0,8,1,9,749,420,19,1,1189,0,0,0,1189
10/02/2009,EWR,NJ,AEA,EN,Towers with Radar,752,417,12,2,1183,0,0,18,0,18,752,417,30,2,1201,0,0,0,1201
10/03/2009,EWR,NJ,AEA,EN,Towers with Radar,616,256,7,0,879,0,0,3,0,3,616,256,10,0,882,0,0,0,882
10/04/2009,EWR,NJ,AEA,EN,Towers with Radar,666,353,21,0,1040,0,0,5,0,5,666,353,26,0,1045,0,0,0,1045
10/05/2009,EWR,NJ,AEA,EN,Towers with Radar,711,398,21,0,1130,0,0,9,0,9,711,398,30,0,1139,0,0,0,1139
10/06/2009,EWR,NJ,AEA,EN,Towers with Radar,717,428,21,0,1166,1,0,12,0,13,718,428,33,0,1179,0,0,0,1179
10/07/2009,EWR,NJ,AEA,EN,Towers with Radar,718,347,23,0,1088,0,0,7,0,7,718,347,30,0,1095,0,0,0,1095
10/08/2009,EWR,NJ,AEA,EN,Towers with Radar,756,439,10,0,1205,0,1,14,0,15,756,440,24,0,1220,0,0,0,1220
10/09/2009,EWR,NJ,AEA,EN,Towers with Radar,750,420,14,0,1184,0,0,18,0,18,750,420,32,0,1202,0,0,0,1202
10/10/2009,EWR,NJ,AEA,EN,Towers with Radar,613,259,16,0,888,1,0,8,0,9,614,259,24,0,897,0,0,0,897
10/11/2009,EWR,NJ,AEA,EN,Towers with Radar,654,358,23,0,1035,0,0,8,0,8,654,358,31,0,1043,0,0,0,1043
10/12/2009,EWR,NJ,AEA,EN,Towers with Radar,718,398,29,3,1148,0,0,15,1,16,718,398,44,4,1164,0,0,0,1164
10/13/2009,EWR,NJ,AEA,EN,Towers with Radar,719,415,13,0,1147,0,0,7,0,7,719,415,20,0,1154,0,0,0,1154
10/14/2009,EWR,NJ,AEA,EN,Towers with Radar,730,426,21,0,1177,0,0,14,0,14,730,426,35,0,1191,0,0,0,1191
10/15/2009,EWR,NJ,AEA,EN,Towers with Radar,715,351,21,0,1087,0,0,8,0,8,715,351,29,0,1095,0,0,0,1095
10/16/2009,EWR,NJ,AEA,EN,Towers with Radar,755,376,24,0,1155,0,1,10,0,11,755,377,34,0,1166,0,0,0,1166
10/17/2009,EWR,NJ,AEA,EN,Towers with Radar,610,266,14,2,892,1,0,0,2,3,611,266,14,4,895,0,0,0,895
10/18/2009,EWR,NJ,AEA,EN,Towers with Radar,637,301,12,0,950,0,0,1,0,1,637,301,13,0,951,0,0,0,951
10/19/2009,EWR,NJ,AEA,EN,Towers with Radar,730,410,20,2,1162,0,0,19,0,19,730,410,39,2,1181,0,0,0,1181
10/20/2009,EWR,NJ,AEA,EN,Towers with Radar,723,421,12,0,1156,0,1,11,0,12,723,422,23,0,1168,0,0,0,1168
10/21/2009,EWR,NJ,AEA,EN,Towers with Radar,723,419,16,2,1160,0,1,12,0,13,723,420,28,2,1173,0,0,0,1173
10/22/2009,EWR,NJ,AEA,EN,Towers with Radar,757,429,15,0,1201,0,0,17,0,17,757,429,32,0,1218,0,0,0,1218
10/23/2009,EWR,NJ,AEA,EN,Towers with Radar,748,413,26,0,1187,0,1,20,0,21,748,414,46,0,1208,0,0,0,1208
10/24/2009,EWR,NJ,AEA,EN,Towers with Radar,595,246,4,0,845,1,0,0,0,1,596,246,4,0,846,0,0,0,846
10/25/2009,EWR,NJ,AEA,EN,Towers with Radar,661,355,42,0,1058,0,0,7,0,7,661,355,49,0,1065,0,0,0,1065
10/26/2009,EWR,NJ,AEA,EN,Towers with Radar,702,397,69,0,1168,1,0,10,0,11,703,397,79,0,1179,0,0,0,1179
10/27/2009,EWR,NJ,AEA,EN,Towers with Radar,716,399,28,0,1143,0,1,2,0,3,716,400,30,0,1146,0,0,0,1146
10/28/2009,EWR,NJ,AEA,EN,Towers with Radar,709,378,17,0,1104,0,0,0,0,0,709,378,17,0,1104,0,0,0,1104
10/29/2009,EWR,NJ,AEA,EN,Towers with Radar,756,422,47,2,1227,0,1,21,0,22,756,423,68,2,1249,0,0,0,1249
10/30/2009,EWR,NJ,AEA,EN,Towers with Radar,749,410,10,0,1169,1,0,23,0,24,750,410,33,0,1193,0,0,0,1193
10/31/2009,EWR,NJ,AEA,EN,Towers with Radar,585,253,7,1,846,1,0,10,0,11,586,253,17,1,857,0,0,0,857
11/01/2009,EWR,NJ,AEA,EN,Towers with Radar,635,351,22,6,1014,2,0,10,5,17,637,351,32,11,1031,0,0,0,1031
11/02/2009,EWR,NJ,AEA,EN,Towers with Radar,733,407,34,0,1174,2,1,14,0,17,735,408,48,0,1191,0,0,0,1191
11/03/2009,EWR,NJ,AEA,EN,Towers with Radar,745,406,18,0,1169,0,0,12,0,12,745,406,30,0,1181,0,0,0,1181
11/04/2009,EWR,NJ,AEA,EN,Towers with Radar,754,420,30,0,1204,0,0,10,0,10,754,420,40,0,1214,0,0,0,1214
11/05/2009,EWR,NJ,AEA,EN,Towers with Radar,772,427,18,0,1217,0,0,20,0,20,772,427,38,0,1237,0,0,0,1237
11/06/2009,EWR,NJ,AEA,EN,Towers with Radar,777,407,28,0,1212,0,0,12,1,13,777,407,40,1,1225,0,0,0,1225
11/07/2009,EWR,NJ,AEA,EN,Towers with Radar,612,277,15,0,904,0,0,7,0,7,612,277,22,0,911,0,0,0,911
11/08/2009,EWR,NJ,AEA,EN,Towers with Radar,668,378,22,0,1068,0,0,16,0,16,668,378,38,0,1084,0,0,0,1084
11/09/2009,EWR,NJ,AEA,EN,Towers with Radar,735,402,15,0,1152,0,0,14,0,14,735,402,29,0,1166,0,0,0,1166
11/10/2009,EWR,NJ,AEA,EN,Towers with Radar,732,410,25,0,1167,0,1,12,0,13,732,411,37,0,1180,0,0,0,1180
11/11/2009,EWR,NJ,AEA,EN,Towers with Radar,741,411,21,1,1174,0,0,7,0,7,741,411,28,1,1181,0,0,0,1181
11/12/2009,EWR,NJ,AEA,EN,Towers with Radar,722,358,15,0,1095,0,0,9,0,9,722,358,24,0,1104,0,0,0,1104
11/13/2009,EWR,NJ,AEA,EN,Towers with Radar,730,331,12,0,1073,0,0,11,0,11,730,331,23,0,1084,0,0,0,1084
11/14/2009,EWR,NJ,AEA,EN,Towers with Radar,646,287,8,0,941,0,0,2,0,2,646,287,10,0,943,0,0,0,943
11/15/2009,EWR,NJ,AEA,EN,Towers with Radar,666,373,33,0,1072,1,0,4,0,5,667,373,37,0,1077,0,0,0,1077
11/16/2009,EWR,NJ,AEA,EN,Towers with Radar,729,393,31,1,1154,0,1,10,0,11,729,394,41,1,1165,0,0,0,1165
11/17/2009,EWR,NJ,AEA,EN,Towers with Radar,734,412,36,0,1182,0,0,10,0,10,734,412,46,0,1192,0,0,0,1192
11/18/2009,EWR,NJ,AEA,EN,Towers with Radar,744,409,31,1,1185,0,0,14,1,15,744,409,45,2,1200,0,0,0,1200
11/19/2009,EWR,NJ,AEA,EN,Towers with Radar,738,390,25,0,1153,0,0,5,0,5,738,390,30,0,1158,0,0,0,1158
11/20/2009,EWR,NJ,AEA,EN,Towers with Radar,793,425,13,0,1231,0,0,13,0,13,793,425,26,0,1244,0,0,0,1244
11/21/2009,EWR,NJ,AEA,EN,Towers with Radar,615,271,11,0,897,0,0,3,0,3,615,271,14,0,900,0,0,0,900
11/22/2009,EWR,NJ,AEA,EN,Towers with Radar,661,364,17,0,1042,0,0,2,0,2,661,364,19,0,1044,0,0,0,1044
11/23/2009,EWR,NJ,AEA,EN,Towers with Radar,696,398,17,0,1111,0,0,13,0,13,696,398,30,0,1124,0,0,0,1124
11/24/2009,EWR,NJ,AEA,EN,Towers with Radar,740,414,22,0,1176,0,1,7,0,8,740,415,29,0,1184,0,0,0,1184
11/25/2009,EWR,NJ,AEA,EN,Towers with Radar,754,419,11,0,1184,1,1,4,0,6,755,420,15,0,1190,0,0,0,1190
11/26/2009,EWR,NJ,AEA,EN,Towers with Radar,495,232,7,0,734,0,0,7,0,7,495,232,14,0,741,0,0,0,741
11/27/2009,EWR,NJ,AEA,EN,Towers with Radar,554,241,6,0,801,0,0,3,0,3,554,241,9,0,804,0,0,0,804
11/28/2009,EWR,NJ,AEA,EN,Towers with Radar,640,332,11,0,983,0,0,4,0,4,640,332,15,0,987,0,0,0,987
11/29/2009,EWR,NJ,AEA,EN,Towers with Radar,716,426,23,0,1165,1,0,7,0,8,717,426,30,0,1173,0,0,0,1173
11/30/2009,EWR,NJ,AEA,EN,Towers with Radar,735,388,28,0,1151,0,0,7,0,7,735,388,35,0,1158,0,0,0,1158
12/01/2009,EWR,NJ,AEA,EN,Towers with Radar,754,421,37,0,1212,1,0,15,0,16,755,421,52,0,1228,0,0,0,1228
12/02/2009,EWR,NJ,AEA,EN,Towers with Radar,727,405,44,4,1180,1,0,20,0,21,728,405,64,4,1201,0,0,0,1201
12/03/2009,EWR,NJ,AEA,EN,Towers with Radar,769,411,19,0,1199,0,0,10,0,10,769,411,29,0,1209,0,0,0,1209
12/04/2009,EWR,NJ,AEA,EN,Towers with Radar,764,398,24,2,1188,2,0,13,0,15,766,398,37,2,1203,0,0,0,1203
12/05/2009,EWR,NJ,AEA,EN,Towers with Radar,605,260,12,0,877,0,0,2,0,2,605,260,14,0,879,0,0,0,879
12/06/2009,EWR,NJ,AEA,EN,Towers with Radar,654,376,20,2,1052,0,0,4,0,4,654,376,24,2,1056,0,0,0,1056
12/07/2009,EWR,NJ,AEA,EN,Towers with Radar,715,384,23,0,1122,0,0,13,0,13,715,384,36,0,1135,0,0,0,1135
12/08/2009,EWR,NJ,AEA,EN,Towers with Radar,719,409,30,0,1158,1,0,14,0,15,720,409,44,0,1173,0,0,0,1173
12/09/2009,EWR,NJ,AEA,EN,Towers with Radar,694,298,26,0,1018,1,2,5,2,10,695,300,31,2,1028,0,0,0,1028
12/10/2009,EWR,NJ,AEA,EN,Towers with Radar,762,387,15,0,1164,0,0,14,0,14,762,387,29,0,1178,0,0,0,1178
12/11/2009,EWR,NJ,AEA,EN,Towers with Radar,748,373,21,0,1142,0,0,15,0,15,748,373,36,0,1157,0,0,0,1157
12/12/2009,EWR,NJ,AEA,EN,Towers with Radar,608,272,18,0,898,0,0,6,0,6,608,272,24,0,904,0,0,0,904
12/13/2009,EWR,NJ,AEA,EN,Towers with Radar,641,293,11,0,945,1,0,1,0,2,642,293,12,0,947,0,0,0,947
12/14/2009,EWR,NJ,AEA,EN,Towers with Radar,705,388,24,0,1117,1,0,17,0,18,706,388,41,0,1135,0,0,0,1135
12/15/2009,EWR,NJ,AEA,EN,Towers with Radar,751,404,27,0,1182,1,0,13,0,14,752,404,40,0,1196,0,0,0,1196
12/16/2009,EWR,NJ,AEA,EN,Towers with Radar,763,405,23,0,1191,0,0,5,0,5,763,405,28,0,1196,0,0,0,1196
12/17/2009,EWR,NJ,AEA,EN,Towers with Radar,787,440,26,0,1253,1,0,18,0,19,788,440,44,0,1272,0,0,0,1272
12/18/2009,EWR,NJ,AEA,EN,Towers with Radar,787,432,23,0,1242,0,0,9,0,9,787,432,32,0,1251,0,0,0,1251
12/19/2009,EWR,NJ,AEA,EN,Towers with Radar,509,77,20,1,607,0,0,0,0,0,509,77,20,1,607,0,0,0,607
12/20/2009,EWR,NJ,AEA,EN,Towers with Radar,593,188,22,2,805,0,0,2,0,2,593,188,24,2,807,0,0,0,807
12/21/2009,EWR,NJ,AEA,EN,Towers with Radar,788,392,10,0,1190,0,0,7,0,7,788,392,17,0,1197,0,0,0,1197
12/22/2009,EWR,NJ,AEA,EN,Towers with Radar,797,445,10,0,1252,0,1,8,2,11,797,446,18,2,1263,0,0,0,1263
12/23/2009,EWR,NJ,AEA,EN,Towers with Radar,790,442,9,0,1241,0,0,7,0,7,790,442,16,0,1248,0,0,0,1248
12/24/2009,EWR,NJ,AEA,EN,Towers with Radar,682,286,6,0,974,0,0,4,2,6,682,286,10,2,980,0,0,0,980
12/25/2009,EWR,NJ,AEA,EN,Towers with Radar,580,251,6,0,837,0,0,0,0,0,580,251,6,0,837,0,0,0,837
12/26/2009,EWR,NJ,AEA,EN,Towers with Radar,640,287,12,0,939,0,0,0,0,0,640,287,12,0,939,0,0,0,939
12/27/2009,EWR,NJ,AEA,EN,Towers with Radar,724,385,10,0,1119,0,0,5,0,5,724,385,15,0,1124,0,0,0,1124
12/28/2009,EWR,NJ,AEA,EN,Towers with Radar,720,404,11,0,1135,0,0,3,0,3,720,404,14,0,1138,0,0,0,1138
12/29/2009,EWR,NJ,AEA,EN,Towers with Radar,725,335,8,0,1068,0,0,3,0,3,725,335,11,0,1071,0,0,0,1071
12/30/2009,EWR,NJ,AEA,EN,Towers with Radar,761,432,11,0,1204,0,0,11,0,11,761,432,22,0,1215,0,0,0,1215
12/31/2009,EWR,NJ,AEA,EN,Towers with Radar,639,195,3,0,837,0,0,1,0,1,639,195,4,0,838,0,0,0,838
01/01/2010,EWR,NJ,AEA,EN,Towers with Radar,633,271,14,0,918,0,0,3,0,3,633,271,17,0,921,0,0,0,921
01/02/2010,EWR,NJ,AEA,EN,Towers with Radar,697,303,17,0,1017,0,0,0,0,0,697,303,17,0,1017,0,0,0,1017
01/03/2010,EWR,NJ,AEA,EN,Towers with Radar,609,326,27,0,962,1,0,0,0,1,610,326,27,0,963,0,0,0,963
01/04/2010,EWR,NJ,AEA,EN,Towers with Radar,796,408,17,0,1221,0,0,10,0,10,796,408,27,0,1231,0,0,0,1231
01/05/2010,EWR,NJ,AEA,EN,Towers with Radar,730,418,15,2,1165,0,1,6,0,7,730,419,21,2,1172,0,0,0,1172
01/06/2010,EWR,NJ,AEA,EN,Towers with Radar,737,417,11,2,1167,1,1,11,0,13,738,418,22,2,1180,0,0,0,1180
01/07/2010,EWR,NJ,AEA,EN,Towers with Radar,730,420,9,3,1162,0,0,13,1,14,730,420,22,4,1176,0,0,0,1176
01/08/2010,EWR,NJ,AEA,EN,Towers with Radar,720,349,14,1,1084,0,0,3,0,3,720,349,17,1,1087,0,0,0,1087
01/09/2010,EWR,NJ,AEA,EN,Towers with Radar,607,236,11,0,854,1,0,2,0,3,608,236,13,0,857,0,0,0,857
01/10/2010,EWR,NJ,AEA,EN,Towers with Radar,638,324,3,0,965,0,0,5,0,5,638,324,8,0,970,0,0,0,970
01/11/2010,EWR,NJ,AEA,EN,Towers with Radar,717,407,17,0,1141,0,0,7,0,7,717,407,24,0,1148,0,0,0,1148
01/12/2010,EWR,NJ,AEA,EN,Towers with Radar,718,416,16,3,1153,0,1,10,0,11,718,417,26,3,1164,0,0,0,1164
01/13/2010,EWR,NJ,AEA,EN,Towers with Radar,741,409,19,1,1170,0,3,13,2,18,741,412,32,3,1188,0,0,0,1188
01/14/2010,EWR,NJ,AEA,EN,Towers with Radar,760,416,6,0,1182,0,1,9,0,10,760,417,15,0,1192,0,0,0,1192
01/15/2010,EWR,NJ,AEA,EN,Towers with Radar,779,440,16,0,1235,0,0,15,0,15,779,440,31,0,1250,0,0,0,1250
01/16/2010,EWR,NJ,AEA,EN,Towers with Radar,608,233,10,1,852,1,0,2,0,3,609,233,12,1,855,0,0,0,855
01/17/2010,EWR,NJ,AEA,EN,Towers with Radar,633,306,6,2,947,0,0,0,0,0,633,306,6,2,947,0,0,0,947
01/18/2010,EWR,NJ,AEA,EN,Towers with Radar,742,430,18,0,1190,0,0,6,0,6,742,430,24,0,1196,0,0,0,1196
01/19/2010,EWR,NJ,AEA,EN,Towers with Radar,706,410,11,0,1127,1,1,12,0,14,707,411,23,0,1141,0,0,0,1141
01/20/2010,EWR,NJ,AEA,EN,Towers with Radar,730,408,6,0,1144,1,0,3,0,4,731,408,9,0,1148,0,0,0,1148
01/21/2010,EWR,NJ,AEA,EN,Towers with Radar,738,416,15,5,1174,0,0,10,0,10,738,416,25,5,1184,0,0,0,1184
01/22/2010,EWR,NJ,AEA,EN,Towers with Radar,747,406,17,1,1171,0,1,16,0,17,747,407,33,1,1188,0,0,0,1188
01/23/2010,EWR,NJ,AEA,EN,Towers with Radar,611,234,8,4,857,0,0,8,0,8,611,234,16,4,865,0,0,0,865
01/24/2010,EWR,NJ,AEA,EN,Towers with Radar,636,319,8,1,964,0,0,4,0,4,636,319,12,1,968,0,0,0,968
01/25/2010,EWR,NJ,AEA,EN,Towers with Radar,673,327,14,1,1015,0,0,4,0,4,673,327,18,1,1019,0,0,0,1019
01/26/2010,EWR,NJ,AEA,EN,Towers with Radar,718,410,17,1,1146,1,0,19,0,20,719,410,36,1,1166,0,0,0,1166
01/27/2010,EWR,NJ,AEA,EN,Towers with Radar,742,413,9,0,1164,0,1,8,2,11,742,414,17,2,1175,0,0,0,1175
01/28/2010,EWR,NJ,AEA,EN,Towers with Radar,744,361,18,0,1123,1,0,9,0,10,745,361,27,0,1133,0,0,0,1133
01/29/2010,EWR,NJ,AEA,EN,Towers with Radar,758,395,8,1,1162,0,2,9,0,11,758,397,17,1,1173,0,0,0,1173
01/30/2010,EWR,NJ,AEA,EN,Towers with Radar,592,205,5,0,802,1,0,3,0,4,593,205,8,0,806,0,0,0,806
01/31/2010,EWR,NJ,AEA,EN,Towers with Radar,669,351,12,3,1035,0,0,6,0,6,669,351,18,3,1041,0,0,0,1041
02/01/2010,EWR,NJ,AEA,EN,Towers with Radar,723,415,5,0,1143,0,0,7,0,7,723,415,12,0,1150,0,0,0,1150
02/02/2010,EWR,NJ,AEA,EN,Towers with Radar,711,406,8,1,1126,0,1,8,0,9,711,407,16,1,1135,0,0,0,1135
02/03/2010,EWR,NJ,AEA,EN,Towers with Radar,718,364,12,1,1095,1,0,11,0,12,719,364,23,1,1107,0,0,0,1107
02/04/2010,EWR,NJ,AEA,EN,Towers with Radar,759,427,14,0,1200,0,0,8,0,8,759,427,22,0,1208,0,0,0,1208
02/05/2010,EWR,NJ,AEA,EN,Towers with Radar,731,332,15,1,1079,0,0,19,0,19,731,332,34,1,1098,0,0,0,1098
02/06/2010,EWR,NJ,AEA,EN,Towers with Radar,549,140,3,0,692,0,0,0,0,0,549,140,3,0,692,0,0,0,692
02/07/2010,EWR,NJ,AEA,EN,Towers with Radar,658,323,12,0,993,1,0,2,0,3,659,323,14,0,996,0,0,0,996
02/08/2010,EWR,NJ,AEA,EN,Towers with Radar,712,388,18,0,1118,0,0,13,0,13,712,388,31,0,1131,0,0,0,1131
02/09/2010,EWR,NJ,AEA,EN,Towers with Radar,683,360,11,0,1054,0,1,14,0,15,683,361,25,0,1069,0,0,0,1069
02/10/2010,EWR,NJ,AEA,EN,Towers with Radar,96,12,12,0,120,0,0,0,0,0,96,12,12,0,120,0,0,0,120
02/11/2010,EWR,NJ,AEA,EN,Towers with Radar,697,287,16,0,1000,1,0,6,2,9,698,287,22,2,1009,0,0,0,1009
02/12/2010,EWR,NJ,AEA,EN,Towers with Radar,781,405,6,2,1194,0,0,13,0,13,781,405,19,2,1207,0,0,0,1207
02/13/2010,EWR,NJ,AEA,EN,Towers with Radar,666,257,8,1,932,0,0,0,0,0,666,257,8,1,932,0,0,0,932
02/14/2010,EWR,NJ,AEA,EN,Towers with Radar,675,347,10,0,1032,0,0,4,0,4,675,347,14,0,1036,0,0,0,1036
02/15/2010,EWR,NJ,AEA,EN,Towers with Radar,724,371,16,1,1112,0,0,4,0,4,724,371,20,1,1116,0,0,0,1116
02/16/2010,EWR,NJ,AEA,EN,Towers with Radar,715,347,25,0,1087,0,0,0,0,0,715,347,25,0,1087,0,0,0,1087
02/17/2010,EWR,NJ,AEA,EN,Towers with Radar,782,413,13,0,1208,0,0,17,0,17,782,413,30,0,1225,0,0,0,1225
02/18/2010,EWR,NJ,AEA,EN,Towers with Radar,785,410,10,0,1205,0,1,21,2,24,785,411,31,2,1229,0,0,0,1229
02/19/2010,EWR,NJ,AEA,EN,Towers with Radar,787,405,16,0,1208,0,0,18,0,18,787,405,34,0,1226,0,0,0,1226
02/20/2010,EWR,NJ,AEA,EN,Towers with Radar,677,253,9,0,939,0,0,1,0,1,677,253,10,0,940,0,0,0,940
02/21/2010,EWR,NJ,AEA,EN,Towers with Radar,695,351,14,0,1060,0,0,4,0,4,695,351,18,0,1064,0,0,0,1064
02/22/2010,EWR,NJ,AEA,EN,Towers with Radar,735,394,26,0,1155,1,0,17,0,18,736,394,43,0,1173,0,0,0,1173
02/23/2010,EWR,NJ,AEA,EN,Towers with Radar,724,352,18,0,1094,0,0,4,0,4,724,352,22,0,1098,0,0,0,1098
02/24/2010,EWR,NJ,AEA,EN,Towers with Radar,781,394,21,1,1197,0,0,4,0,4,781,394,25,1,1201,0,0,0,1201
02/25/2010,EWR,NJ,AEA,EN,Towers with Radar,502,76,38,0,616,1,0,0,0,1,503,76,38,0,617,0,0,0,617
02/26/2010,EWR,NJ,AEA,EN,Towers with Radar,362,53,29,0,444,0,0,0,0,0,362,53,29,0,444,0,0,0,444
02/27/2010,EWR,NJ,AEA,EN,Towers with Radar,602,199,14,0,815,1,0,1,0,2,603,199,15,0,817,0,0,0,817
02/28/2010,EWR,NJ,AEA,EN,Towers with Radar,697,361,11,0,1069,0,0,0,0,0,697,361,11,0,1069,0,0,0,1069
03/01/2010,EWR,NJ,AEA,EN,Towers with Radar,759,393,12,0,1164,0,0,6,2,8,759,393,18,2,1172,0,0,0,1172
03/02/2010,EWR,NJ,AEA,EN,Towers with Radar,758,410,16,2,1186,0,0,8,0,8,758,410,24,2,1194,0,0,0,1194
03/03/2010,EWR,NJ,AEA,EN,Towers with Radar,695,292,17,0,1004,0,0,6,0,6,695,292,23,0,1010,0,0,0,1010
03/04/2010,EWR,NJ,AEA,EN,Towers with Radar,792,411,10,0,1213,0,0,8,0,8,792,411,18,0,1221,0,0,0,1221
03/05/2010,EWR,NJ,AEA,EN,Towers with Radar,782,401,20,0,1203,1,0,11,0,12,783,401,31,0,1215,0,0,0,1215
03/06/2010,EWR,NJ,AEA,EN,Towers with Radar,674,255,7,1,937,0,0,2,0,2,674,255,9,1,939,0,0,0,939
03/07/2010,EWR,NJ,AEA,EN,Towers with Radar,688,362,11,0,1061,0,0,5,0,5,688,362,16,0,1066,0,0,0,1066
03/08/2010,EWR,NJ,AEA,EN,Towers with Radar,772,395,16,0,1183,1,0,14,0,15,773,395,30,0,1198,0,0,0,1198
03/09/2010,EWR,NJ,AEA,EN,Towers with Radar,775,416,22,1,1214,0,0,16,0,16,775,416,38,1,1230,0,0,0,1230
03/10/2010,EWR,NJ,AEA,EN,Towers with Radar,799,425,36,0,1260,0,2,26,2,30,799,427,62,2,1290,0,0,0,1290
03/11/2010,EWR,NJ,AEA,EN,Towers with Radar,788,417,16,1,1222,0,0,18,0,18,788,417,34,1,1240,0,0,0,1240
03/12/2010,EWR,NJ,AEA,EN,Towers with Radar,751,346,20,0,1117,0,0,8,0,8,751,346,28,0,1125,0,0,0,1125
03/13/2010,EWR,NJ,AEA,EN,Towers with Radar,599,174,10,1,784,0,0,0,0,0,599,174,10,1,784,0,0,0,784
03/14/2010,EWR,NJ,AEA,EN,Towers with Radar,681,268,22,0,971,0,0,3,0,3,681,268,25,0,974,0,0,0,974
03/15/2010,EWR,NJ,AEA,EN,Towers with Radar,726,337,9,2,1074,0,1,9,0,10,726,338,18,2,1084,0,0,0,1084
03/16/2010,EWR,NJ,AEA,EN,Towers with Radar,827,435,14,0,1276,0,0,17,0,17,827,435,31,0,1293,0,0,0,1293
03/17/2010,EWR,NJ,AEA,EN,Towers with Radar,815,417,9,0,1241,1,1,20,0,22,816,418,29,0,1263,0,0,0,1263
03/18/2010,EWR,NJ,AEA,EN,Towers with Radar,806,418,14,2,1240,0,0,23,1,24,806,418,37,3,1264,0,0,0,1264
03/19/2010,EWR,NJ,AEA,EN,Towers with Radar,797,412,12,0,1221,0,0,26,1,27,797,412,38,1,1248,0,0,0,1248
03/20/2010,EWR,NJ,AEA,EN,Towers with Radar,688,255,11,0,954,0,0,8,0,8,688,255,19,0,962,0,0,0,962
03/21/2010,EWR,NJ,AEA,EN,Towers with Radar,702,360,13,0,1075,0,0,10,0,10,702,360,23,0,1085,0,0,0,1085
03/22/2010,EWR,NJ,AEA,EN,Towers with Radar,724,330,10,0,1064,0,0,0,0,0,724,330,10,0,1064,0,0,0,1064
03/23/2010,EWR,NJ,AEA,EN,Towers with Radar,816,422,9,0,1247,0,0,1,0,1,816,422,10,0,1248,0,0,0,1248
03/24/2010,EWR,NJ,AEA,EN,Towers with Radar,805,397,24,0,1226,0,3,18,2,23,805,400,42,2,1249,0,0,0,1249
03/25/2010,EWR,NJ,AEA,EN,Towers with Radar,807,421,17,0,1245,0,1,9,0,10,807,422,26,0,1255,0,0,0,1255
03/26/2010,EWR,NJ,AEA,EN,Towers with Radar,781,369,12,1,1163,0,2,16,0,18,781,371,28,1,1181,0,0,0,1181
03/27/2010,EWR,NJ,AEA,EN,Towers with Radar,677,274,8,0,959,0,0,8,0,8,677,274,16,0,967,0,0,0,967
03/28/2010,EWR,NJ,AEA,EN,Towers with Radar,704,358,15,1,1078,0,0,5,0,5,704,358,20,1,1083,0,0,0,1083
03/29/2010,EWR,NJ,AEA,EN,Towers with Radar,765,401,7,0,1173,0,0,2,0,2,765,401,9,0,1175,0,0,0,1175
03/30/2010,EWR,NJ,AEA,EN,Towers with Radar,723,337,6,1,1067,0,0,1,0,1,723,337,7,1,1068,0,0,0,1068
03/31/2010,EWR,NJ,AEA,EN,Towers with Radar,835,432,18,0,1285,0,0,17,0,17,835,432,35,0,1302,0,0,0,1302
04/01/2010,EWR,NJ,AEA,EN,Towers with Radar,812,425,16,0,1253,0,0,19,0,19,812,425,35,0,1272,0,0,0,1272
04/02/2010,EWR,NJ,AEA,EN,Towers with Radar,783,420,10,0,1213,0,1,13,0,14,783,421,23,0,1227,0,0,0,1227
04/03/2010,EWR,NJ,AEA,EN,Towers with Radar,696,268,4,0,968,1,0,10,0,11,697,268,14,0,979,0,0,0,979
04/04/2010,EWR,NJ,AEA,EN,Towers with Radar,707,366,5,0,1078,1,0,4,0,5,708,366,9,0,1083,0,0,0,1083
04/05/2010,EWR,NJ,AEA,EN,Towers with Radar,776,415,8,0,1199,0,1,13,0,14,776,416,21,0,1213,0,0,0,1213
04/06/2010,EWR,NJ,AEA,EN,Towers with Radar,790,408,8,1,1207,0,1,20,0,21,790,409,28,1,1228,0,0,0,1228
04/07/2010,EWR,NJ,AEA,EN,Towers with Radar,787,430,17,0,1234,1,2,22,0,25,788,432,39,0,1259,0,0,0,1259
04/08/2010,EWR,NJ,AEA,EN,Towers with Radar,816,423,5,1,1245,0,1,16,2,19,816,424,21,3,1264,0,0,0,1264
04/09/2010,EWR,NJ,AEA,EN,Towers with Radar,810,402,13,0,1225,0,0,20,0,20,810,402,33,0,1245,0,0,0,1245
04/10/2010,EWR,NJ,AEA,EN,Towers with Radar,688,274,4,0,966,0,0,10,0,10,688,274,14,0,976,0,0,0,976
04/11/2010,EWR,NJ,AEA,EN,Towers with Radar,725,356,10,2,1093,0,0,8,0,8,725,356,18,2,1101,0,0,0,1101
04/12/2010,EWR,NJ,AEA,EN,Towers with Radar,768,398,6,1,1173,0,1,18,1,20,768,399,24,2,1193,0,0,0,1193
04/13/2010,EWR,NJ,AEA,EN,Towers with Radar,785,424,5,4,1218,0,0,12,0,12,785,424,17,4,1230,0,0,0,1230
04/14/2010,EWR,NJ,AEA,EN,Towers with Radar,800,421,13,0,1234,0,0,15,0,15,800,421,28,0,1249,0,0,0,1249
04/15/2010,EWR,NJ,AEA,EN,Towers with Radar,769,421,10,0,1200,0,0,13,4,17,769,421,23,4,1217,0,0,0,1217
04/16/2010,EWR,NJ,AEA,EN,Towers with Radar,707,412,14,3,1136,0,0,24,1,25,707,412,38,4,1161,0,0,0,1161
04/17/2010,EWR,NJ,AEA,EN,Towers with Radar,589,270,17,2,878,0,0,5,0,5,589,270,22,2,883,0,0,0,883
04/18/2010,EWR,NJ,AEA,EN,Towers with Radar,633,359,6,0,998,1,0,6,0,7,634,359,12,0,1005,0,0,0,1005
04/19/2010,EWR,NJ,AEA,EN,Towers with Radar,694,410,14,0,1118,0,2,9,16,27,694,412,23,16,1145,0,0,0,1145
04/20/2010,EWR,NJ,AEA,EN,Towers with Radar,718,404,24,1,1147,0,1,14,1,16,718,405,38,2,1163,0,0,0,1163
04/21/2010,EWR,NJ,AEA,EN,Towers with Radar,777,415,19,0,1211,0,2,14,0,16,777,417,33,0,1227,0,0,0,1227
04/22/2010,EWR,NJ,AEA,EN,Towers with Radar,812,431,14,0,1257,0,0,12,6,18,812,431,26,6,1275,0,0,0,1275
04/23/2010,EWR,NJ,AEA,EN,Towers with Radar,800,418,8,1,1227,1,1,23,3,28,801,419,31,4,1255,0,0,0,1255
04/24/2010,EWR,NJ,AEA,EN,Towers with Radar,680,283,8,2,973,0,0,7,2,9,680,283,15,4,982,0,0,0,982
04/25/2010,EWR,NJ,AEA,EN,Towers with Radar,683,334,14,1,1032,0,0,1,0,1,683,334,15,1,1033,0,0,0,1033
04/26/2010,EWR,NJ,AEA,EN,Towers with Radar,763,389,9,0,1161,0,0,7,0,7,763,389,16,0,1168,0,0,0,1168
04/27/2010,EWR,NJ,AEA,EN,Towers with Radar,788,409,19,0,1216,1,0,12,0,13,789,409,31,0,1229,0,0,0,1229
04/28/2010,EWR,NJ,AEA,EN,Towers with Radar,804,422,12,1,1239,0,0,10,0,10,804,422,22,1,1249,0,0,0,1249
04/29/2010,EWR,NJ,AEA,EN,Towers with Radar,811,429,15,0,1255,0,1,18,0,19,811,430,33,0,1274,0,0,0,1274
04/30/2010,EWR,NJ,AEA,EN,Towers with Radar,804,419,10,0,1233,0,1,20,2,23,804,420,30,2,1256,0,0,0,1256
05/01/2010,EWR,NJ,AEA,EN,Towers with Radar,685,278,7,0,970,0,0,10,0,10,685,278,17,0,980,0,0,0,980
05/02/2010,EWR,NJ,AEA,EN,Towers with Radar,674,358,10,0,1042,0,0,15,0,15,674,358,25,0,1057,0,0,0,1057
05/03/2010,EWR,NJ,AEA,EN,Towers with Radar,713,382,5,0,1100,0,3,9,15,27,713,385,14,15,1127,0,0,0,1127
05/04/2010,EWR,NJ,AEA,EN,Towers with Radar,743,416,15,0,1174,0,1,18,5,24,743,417,33,5,1198,0,0,0,1198
05/05/2010,EWR,NJ,AEA,EN,Towers with Radar,772,420,28,0,1220,0,1,24,3,28,772,421,52,3,1248,0,0,0,1248
05/06/2010,EWR,NJ,AEA,EN,Towers with Radar,771,430,14,0,1215,0,1,23,5,29,771,431,37,5,1244,0,0,0,1244
05/07/2010,EWR,NJ,AEA,EN,Towers with Radar,775,415,14,0,1204,1,0,25,0,26,776,415,39,0,1230,0,0,0,1230
05/08/2010,EWR,NJ,AEA,EN,Towers with Radar,627,281,11,0,919,0,0,3,0,3,627,281,14,0,922,0,0,0,922
05/09/2010,EWR,NJ,AEA,EN,Towers with Radar,679,346,13,0,1038,0,0,7,0,7,679,346,20,0,1045,0,0,0,1045
05/10/2010,EWR,NJ,AEA,EN,Towers with Radar,732,428,15,2,1177,0,0,18,0,18,732,428,33,2,1195,0,0,0,1195
05/11/2010,EWR,NJ,AEA,EN,Towers with Radar,740,433,13,0,1186,0,0,23,1,24,740,433,36,1,1210,0,0,0,1210
05/12/2010,EWR,NJ,AEA,EN,Towers with Radar,726,376,16,0,1118,0,1,3,0,4,726,377,19,0,1122,0,0,0,1122
05/13/2010,EWR,NJ,AEA,EN,Towers with Radar,787,433,13,0,1233,0,0,9,1,10,787,433,22,1,1243,0,0,0,1243
05/14/2010,EWR,NJ,AEA,EN,Towers with Radar,739,392,18,2,1151,0,1,21,1,23,739,393,39,3,1174,0,0,0,1174
05/15/2010,EWR,NJ,AEA,EN,Towers with Radar,643,294,13,0,950,0,0,3,0,3,643,294,16,0,953,0,0,0,953
05/16/2010,EWR,NJ,AEA,EN,Towers with Radar,660,371,25,3,1059,0,0,9,0,9,660,371,34,3,1068,0,0,0,1068
05/17/2010,EWR,NJ,AEA,EN,Towers with Radar,723,410,7,0,1140,0,9,11,5,25,723,419,18,5,1165,0,0,0,1165
05/18/2010,EWR,NJ,AEA,EN,Towers with Radar,719,362,25,0,1106,0,0,6,0,6,719,362,31,0,1112,0,0,0,1112
05/19/2010,EWR,NJ,AEA,EN,Towers with Radar,799,449,20,0,1268,0,0,16,2,18,799,449,36,2,1286,0,0,0,1286
05/20/2010,EWR,NJ,AEA,EN,Towers with Radar,768,429,21,0,1218,0,1,17,2,20,768,430,38,2,1238,0,0,0,1238
05/21/2010,EWR,NJ,AEA,EN,Towers with Radar,770,422,14,0,1206,0,0,19,0,19,770,422,33,0,1225,0,0,0,1225
05/22/2010,EWR,NJ,AEA,EN,Towers with Radar,624,287,8,1,920,0,0,8,0,8,624,287,16,1,928,0,0,0,928
05/23/2010,EWR,NJ,AEA,EN,Towers with Radar,671,350,12,0,1033,0,0,9,0,9,671,350,21,0,1042,0,0,0,1042
05/24/2010,EWR,NJ,AEA,EN,Towers with Radar,720,398,23,0,1141,0,1,6,11,18,720,399,29,11,1159,0,0,0,1159
05/25/2010,EWR,NJ,AEA,EN,Towers with Radar,751,431,26,0,1208,0,0,24,0,24,751,431,50,0,1232,0,0,0,1232
05/26/2010,EWR,NJ,AEA,EN,Towers with Radar,753,432,13,0,1198,1,1,18,2,22,754,433,31,2,1220,0,0,0,1220
05/27/2010,EWR,NJ,AEA,EN,Towers with Radar,728,313,13,2,1056,0,0,22,0,22,728,313,35,2,1078,0,0,0,1078
05/28/2010,EWR,NJ,AEA,EN,Towers with Radar,807,452,23,0,1282,0,2,31,1,34,807,454,54,1,1316,0,0,0,1316
05/29/2010,EWR,NJ,AEA,EN,Towers with Radar,625,270,8,0,903,0,0,0,0,0,625,270,8,0,903,0,0,0,903
05/30/2010,EWR,NJ,AEA,EN,Towers with Radar,615,256,2,0,873,0,0,7,0,7,615,256,9,0,880,0,0,0,880
05/31/2010,EWR,NJ,AEA,EN,Towers with Radar,668,339,11,0,1018,0,0,17,0,17,668,339,28,0,1035,0,0,0,1035
06/01/2010,EWR,NJ,AEA,EN,Towers with Radar,710,372,16,0,1098,0,0,11,0,11,710,372,27,0,1109,0,0,0,1109
06/02/2010,EWR,NJ,AEA,EN,Towers with Radar,738,404,15,0,1157,1,0,24,0,25,739,404,39,0,1182,0,0,0,1182
06/03/2010,EWR,NJ,AEA,EN,Towers with Radar,783,404,20,0,1207,0,0,7,0,7,783,404,27,0,1214,0,0,0,1214
06/04/2010,EWR,NJ,AEA,EN,Towers with Radar,781,420,13,2,1216,0,0,18,0,18,781,420,31,2,1234,0,0,0,1234
06/05/2010,EWR,NJ,AEA,EN,Towers with Radar,637,284,5,0,926,0,0,12,0,12,637,284,17,0,938,0,0,0,938
06/06/2010,EWR,NJ,AEA,EN,Towers with Radar,659,291,7,0,957,0,0,16,0,16,659,291,23,0,973,0,0,0,973
06/07/2010,EWR,NJ,AEA,EN,Towers with Radar,757,411,7,1,1176,1,0,24,0,25,758,411,31,1,1201,0,0,0,1201
06/08/2010,EWR,NJ,AEA,EN,Towers with Radar,754,435,25,1,1215,0,0,24,0,24,754,435,49,1,1239,0,0,0,1239
06/09/2010,EWR,NJ,AEA,EN,Towers with Radar,759,415,21,1,1196,0,0,21,0,21,759,415,42,1,1217,0,0,0,1217
06/10/2010,EWR,NJ,AEA,EN,Towers with Radar,820,425,13,0,1258,0,1,12,3,16,820,426,25,3,1274,0,0,0,1274
06/11/2010,EWR,NJ,AEA,EN,Towers with Radar,822,408,12,2,1244,0,1,29,0,30,822,409,41,2,1274,0,0,0,1274
06/12/2010,EWR,NJ,AEA,EN,Towers with Radar,686,300,8,0,994,0,0,7,1,8,686,300,15,1,1002,0,0,0,1002
06/13/2010,EWR,NJ,AEA,EN,Towers with Radar,693,312,14,0,1019,0,0,4,0,4,693,312,18,0,1023,0,0,0,1023
06/14/2010,EWR,NJ,AEA,EN,Towers with Radar,776,402,17,0,1195,0,0,16,0,16,776,402,33,0,1211,0,0,0,1211
06/15/2010,EWR,NJ,AEA,EN,Towers with Radar,802,407,21,0,1230,0,0,20,0,20,802,407,41,0,1250,0,0,0,1250
06/16/2010,EWR,NJ,AEA,EN,Towers with Radar,808,409,10,2,1229,0,0,13,0,13,808,409,23,2,1242,0,0,0,1242
06/17/2010,EWR,NJ,AEA,EN,Towers with Radar,816,411,10,0,1237,0,0,22,0,22,816,411,32,0,1259,0,0,0,1259
06/18/2010,EWR,NJ,AEA,EN,Towers with Radar,793,414,12,2,1221,1,0,26,1,28,794,414,38,3,1249,0,0,0,1249
06/19/2010,EWR,NJ,AEA,EN,Towers with Radar,695,308,8,0,1011,0,0,13,0,13,695,308,21,0,1024,0,0,0,1024
06/20/2010,EWR,NJ,AEA,EN,Towers with Radar,729,351,15,0,1095,0,0,10,2,12,729,351,25,2,1107,0,0,0,1107
06/21/2010,EWR,NJ,AEA,EN,Towers with Radar,777,398,14,0,1189,0,0,20,2,22,777,398,34,2,1211,0,0,0,1211
06/22/2010,EWR,NJ,AEA,EN,Towers with Radar,769,408,24,1,1202,0,0,14,4,18,769,408,38,5,1220,0,0,0,1220
06/23/2010,EWR,NJ,AEA,EN,Towers with Radar,819,428,21,0,1268,0,0,18,0,18,819,428,39,0,1286,0,0,0,1286
06/24/2010,EWR,NJ,AEA,EN,Towers with Radar,811,370,12,1,1194,0,0,22,2,24,811,370,34,3,1218,0,0,0,1218
06/25/2010,EWR,NJ,AEA,EN,Towers with Radar,808,414,16,0,1238,1,0,24,0,25,809,414,40,0,1263,0,0,0,1263
06/26/2010,EWR,NJ,AEA,EN,Towers with Radar,698,305,14,1,1018,0,0,10,0,10,698,305,24,1,1028,0,0,0,1028
06/27/2010,EWR,NJ,AEA,EN,Towers with Radar,723,349,7,0,1079,0,0,19,0,19,723,349,26,0,1098,0,0,0,1098
06/28/2010,EWR,NJ,AEA,EN,Towers with Radar,749,341,12,0,1102,0,0,15,0,15,749,341,27,0,1117,0,0,0,1117
06/29/2010,EWR,NJ,AEA,EN,Towers with Radar,809,426,10,0,1245,0,0,21,0,21,809,426,31,0,1266,0,0,0,1266
06/30/2010,EWR,NJ,AEA,EN,Towers with Radar,830,427,15,1,1273,0,0,16,0,16,830,427,31,1,1289,0,0,0,1289
07/01/2010,EWR,NJ,AEA,EN,Towers with Radar,842,419,14,3,1278,0,0,17,2,19,842,419,31,5,1297,0,0,0,1297
07/02/2010,EWR,NJ,AEA,EN,Towers with Radar,805,419,9,0,1233,0,0,17,0,17,805,419,26,0,1250,0,0,0,1250
07/03/2010,EWR,NJ,AEA,EN,Towers with Radar,699,298,7,0,1004,0,0,5,0,5,699,298,12,0,1009,0,0,0,1009
07/04/2010,EWR,NJ,AEA,EN,Towers with Radar,647,255,1,0,903,0,0,3,0,3,647,255,4,0,906,0,0,0,906
07/05/2010,EWR,NJ,AEA,EN,Towers with Radar,725,361,9,0,1095,0,0,10,0,10,725,361,19,0,1105,0,0,0,1105
07/06/2010,EWR,NJ,AEA,EN,Towers with Radar,763,394,19,0,1176,1,0,23,0,24,764,394,42,0,1200,0,0,0,1200
07/07/2010,EWR,NJ,AEA,EN,Towers with Radar,794,421,9,1,1225,0,0,18,0,18,794,421,27,1,1243,0,0,0,1243
07/08/2010,EWR,NJ,AEA,EN,Towers with Radar,801,421,12,1,1235,0,2,24,0,26,801,423,36,1,1261,0,0,0,1261
07/09/2010,EWR,NJ,AEA,EN,Towers with Radar,803,401,7,0,1211,0,0,14,0,14,803,401,21,0,1225,0,0,0,1225
07/10/2010,EWR,NJ,AEA,EN,Towers with Radar,664,257,11,0,932,0,0,2,0,2,664,257,13,0,934,0,0,0,934
07/11/2010,EWR,NJ,AEA,EN,Towers with Radar,719,358,13,0,1090,0,0,9,0,9,719,358,22,0,1099,0,0,0,1099
07/12/2010,EWR,NJ,AEA,EN,Towers with Radar,762,398,16,0,1176,0,0,15,0,15,762,398,31,0,1191,0,0,0,1191
07/13/2010,EWR,NJ,AEA,EN,Towers with Radar,729,303,7,0,1039,0,1,18,0,19,729,304,25,0,1058,0,0,0,1058
07/14/2010,EWR,NJ,AEA,EN,Towers with Radar,778,367,7,0,1152,0,0,7,0,7,778,367,14,0,1159,0,0,0,1159
07/15/2010,EWR,NJ,AEA,EN,Towers with Radar,821,435,19,0,1275,0,0,22,0,22,821,435,41,0,1297,0,0,0,1297
07/16/2010,EWR,NJ,AEA,EN,Towers with Radar,797,395,16,0,1208,0,0,28,1,29,797,395,44,1,1237,0,0,0,1237
07/17/2010,EWR,NJ,AEA,EN,Towers with Radar,695,306,12,0,1013,0,0,13,0,13,695,306,25,0,1026,0,0,0,1026
07/18/2010,EWR,NJ,AEA,EN,Towers with Radar,721,352,6,0,1079,1,0,13,0,14,722,352,19,0,1093,0,0,0,1093
07/19/2010,EWR,NJ,AEA,EN,Towers with Radar,680,331,8,0,1019,0,0,24,0,24,680,331,32,0,1043,0,0,0,1043
07/20/2010,EWR,NJ,AEA,EN,Towers with Radar,841,443,14,0,1298,1,0,22,0,23,842,443,36,0,1321,0,0,0,1321
07/21/2010,EWR,NJ,AEA,EN,Towers with Radar,790,362,13,0,1165,0,1,28,0,29,790,363,41,0,1194,0,0,0,1194
07/22/2010,EWR,NJ,AEA,EN,Towers with Radar,836,426,15,0,1277,0,0,23,0,23,836,426,38,0,1300,0,0,0,1300
07/23/2010,EWR,NJ,AEA,EN,Towers with Radar,774,381,10,0,1165,0,0,17,0,17,774,381,27,0,1182,0,0,0,1182
07/24/2010,EWR,NJ,AEA,EN,Towers with Radar,714,326,8,0,1048,1,1,7,0,9,715,327,15,0,1057,0,0,0,1057
07/25/2010,EWR,NJ,AEA,EN,Towers with Radar,713,326,8,2,1049,0,0,16,2,18,713,326,24,4,1067,0,0,0,1067
07/26/2010,EWR,NJ,AEA,EN,Towers with Radar,788,408,15,1,1212,0,1,26,5,32,788,409,41,6,1244,0,0,0,1244
07/27/2010,EWR,NJ,AEA,EN,Towers with Radar,809,424,29,1,1263,0,0,21,0,21,809,424,50,1,1284,0,0,0,1284
07/28/2010,EWR,NJ,AEA,EN,Towers with Radar,788,409,7,8,1212,0,0,18,3,21,788,409,25,11,1233,0,0,0,1233
07/29/2010,EWR,NJ,AEA,EN,Towers with Radar,811,404,13,4,1232,0,2,19,0,21,811,406,32,4,1253,0,0,0,1253
07/30/2010,EWR,NJ,AEA,EN,Towers with Radar,847,439,8,0,1294,2,0,19,0,21,849,439,27,0,1315,0,0,0,1315
07/31/2010,EWR,NJ,AEA,EN,Towers with Radar,695,303,6,1,1005,0,0,10,0,10,695,303,16,1,1015,0,0,0,1015
08/01/2010,EWR,NJ,AEA,EN,Towers with Radar,727,332,8,2,1069,0,0,12,1,13,727,332,20,3,1082,0,0,0,1082
08/02/2010,EWR,NJ,AEA,EN,Towers with Radar,772,423,16,0,1211,0,0,18,0,18,772,423,34,0,1229,0,0,0,1229
08/03/2010,EWR,NJ,AEA,EN,Towers with Radar,803,423,13,0,1239,0,0,15,0,15,803,423,28,0,1254,0,0,0,1254
08/04/2010,EWR,NJ,AEA,EN,Towers with Radar,807,418,19,0,1244,0,0,18,0,18,807,418,37,0,1262,0,0,0,1262
08/05/2010,EWR,NJ,AEA,EN,Towers with Radar,802,407,22,0,1231,1,0,22,0,23,803,407,44,0,1254,0,0,0,1254
08/06/2010,EWR,NJ,AEA,EN,Towers with Radar,817,417,14,0,1248,0,0,24,2,26,817,417,38,2,1274,0,0,0,1274
08/07/2010,EWR,NJ,AEA,EN,Towers with Radar,707,307,12,0,1026,1,0,9,0,10,708,307,21,0,1036,0,0,0,1036
08/08/2010,EWR,NJ,AEA,EN,Towers with Radar,727,363,14,0,1104,1,0,21,0,22,728,363,35,0,1126,0,0,0,1126
08/09/2010,EWR,NJ,AEA,EN,Towers with Radar,760,408,11,1,1180,1,1,16,3,21,761,409,27,4,1201,0,0,0,1201
08/10/2010,EWR,NJ,AEA,EN,Towers with Radar,798,411,9,0,1218,0,0,15,0,15,798,411,24,0,1233,0,0,0,1233
08/11/2010,EWR,NJ,AEA,EN,Towers with Radar,805,421,13,0,1239,0,0,15,0,15,805,421,28,0,1254,0,0,0,1254
08/12/2010,EWR,NJ,AEA,EN,Towers with Radar,810,417,15,0,1242,1,0,24,4,29,811,417,39,4,1271,0,0,0,1271
08/13/2010,EWR,NJ,AEA,EN,Towers with Radar,832,417,17,0,1266,0,0,19,2,21,832,417,36,2,1287,0,0,0,1287
08/14/2010,EWR,NJ,AEA,EN,Towers with Radar,691,308,8,0,1007,0,0,12,0,12,691,308,20,0,1019,0,0,0,1019
08/15/2010,EWR,NJ,AEA,EN,Towers with Radar,723,362,13,0,1098,0,1,14,1,16,723,363,27,1,1114,0,0,0,1114
08/16/2010,EWR,NJ,AEA,EN,Towers with Radar,753,381,9,0,1143,2,0,22,0,24,755,381,31,0,1167,0,0,0,1167
08/17/2010,EWR,NJ,AEA,EN,Towers with Radar,813,408,10,0,1231,0,2,30,5,37,813,410,40,5,1268,0,0,0,1268
08/18/2010,EWR,NJ,AEA,EN,Towers with Radar,812,407,13,1,1233,0,2,20,0,22,812,409,33,1,1255,0,0,0,1255
08/19/2010,EWR,NJ,AEA,EN,Towers with Radar,819,421,11,0,1251,0,0,22,0,22,819,421,33,0,1273,0,0,0,1273
08/20/2010,EWR,NJ,AEA,EN,Towers with Radar,805,414,12,0,1231,0,0,9,0,9,805,414,21,0,1240,0,0,0,1240
08/21/2010,EWR,NJ,AEA,EN,Towers with Radar,690,296,3,0,989,0,0,8,0,8,690,296,11,0,997,0,0,0,997
08/22/2010,EWR,NJ,AEA,EN,Towers with Radar,662,286,7,0,955,0,0,3,0,3,662,286,10,0,958,0,0,0,958
08/23/2010,EWR,NJ,AEA,EN,Towers with Radar,790,393,16,0,1199,0,0,9,0,9,790,393,25,0,1208,0,0,0,1208
08/24/2010,EWR,NJ,AEA,EN,Towers with Radar,799,392,18,0,1209,0,0,12,0,12,799,392,30,0,1221,0,0,0,1221
08/25/2010,EWR,NJ,AEA,EN,Towers with Radar,807,407,13,0,1227,0,8,10,2,20,807,415,23,2,1247,0,0,0,1247
08/26/2010,EWR,NJ,AEA,EN,Towers with Radar,807,421,22,0,1250,0,0,37,0,37,807,421,59,0,1287,0,0,0,1287
08/27/2010,EWR,NJ,AEA,EN,Towers with Radar,810,411,10,0,1231,0,0,23,0,23,810,411,33,0,1254,0,0,0,1254
08/28/2010,EWR,NJ,AEA,EN,Towers with Radar,656,311,5,0,972,0,0,8,0,8,656,311,13,0,980,0,0,0,980
08/29/2010,EWR,NJ,AEA,EN,Towers with Radar,718,356,15,0,1089,0,0,15,0,15,718,356,30,0,1104,0,0,0,1104
08/30/2010,EWR,NJ,AEA,EN,Towers with Radar,730,387,15,1,1133,0,17,13,1,31,730,404,28,2,1164,0,0,0,1164
08/31/2010,EWR,NJ,AEA,EN,Towers with Radar,764,411,13,1,1189,0,0,23,0,23,764,411,36,1,1212,0,0,0,1212
09/01/2010,EWR,NJ,AEA,EN,Towers with Radar,768,396,7,0,1171,0,0,26,0,26,768,396,33,0,1197,0,0,0,1197
09/02/2010,EWR,NJ,AEA,EN,Towers with Radar,781,410,9,0,1200,0,2,24,0,26,781,412,33,0,1226,0,0,0,1226
09/03/2010,EWR,NJ,AEA,EN,Towers with Radar,723,310,7,0,1040,1,0,4,0,5,724,310,11,0,1045,0,0,0,1045
09/04/2010,EWR,NJ,AEA,EN,Towers with Radar,597,238,5,0,840,0,0,10,0,10,597,238,15,0,850,0,0,0,850
09/05/2010,EWR,NJ,AEA,EN,Towers with Radar,587,240,4,0,831,0,1,6,0,7,587,241,10,0,838,0,0,0,838
09/06/2010,EWR,NJ,AEA,EN,Towers with Radar,658,323,7,0,988,0,0,18,0,18,658,323,25,0,1006,0,0,0,1006
09/07/2010,EWR,NJ,AEA,EN,Towers with Radar,703,388,18,0,1109,0,0,14,0,14,703,388,32,0,1123,0,0,0,1123
09/08/2010,EWR,NJ,AEA,EN,Towers with Radar,745,405,19,0,1169,1,0,17,0,18,746,405,36,0,1187,0,0,0,1187
09/09/2010,EWR,NJ,AEA,EN,Towers with Radar,764,404,12,0,1180,0,0,14,0,14,764,404,26,0,1194,0,0,0,1194
09/10/2010,EWR,NJ,AEA,EN,Towers with Radar,756,400,15,6,1177,0,1,22,3,26,756,401,37,9,1203,0,0,0,1203
09/11/2010,EWR,NJ,AEA,EN,Towers with Radar,587,244,8,0,839,0,0,7,0,7,587,244,15,0,846,0,0,0,846
09/12/2010,EWR,NJ,AEA,EN,Towers with Radar,664,326,17,0,1007,0,0,3,1,4,664,326,20,1,1011,0,0,0,1011
09/13/2010,EWR,NJ,AEA,EN,Towers with Radar,721,394,16,2,1133,1,0,10,1,12,722,394,26,3,1145,0,0,0,1145
09/14/2010,EWR,NJ,AEA,EN,Towers with Radar,739,414,26,0,1179,0,0,11,0,11,739,414,37,0,1190,0,0,0,1190
09/15/2010,EWR,NJ,AEA,EN,Towers with Radar,761,397,28,0,1186,0,1,13,0,14,761,398,41,0,1200,0,0,0,1200
09/16/2010,EWR,NJ,AEA,EN,Towers with Radar,723,372,30,1,1126,0,0,30,0,30,723,372,60,1,1156,0,0,0,1156
09/17/2010,EWR,NJ,AEA,EN,Towers with Radar,786,410,30,1,1227,0,2,23,1,26,786,412,53,2,1253,0,0,0,1253
09/18/2010,EWR,NJ,AEA,EN,Towers with Radar,589,242,14,0,845,0,0,8,0,8,589,242,22,0,853,0,0,0,853
09/19/2010,EWR,NJ,AEA,EN,Towers with Radar,653,321,13,0,987,1,0,14,0,15,654,321,27,0,1002,0,0,0,1002
09/20/2010,EWR,NJ,AEA,EN,Towers with Radar,725,389,21,1,1136,0,0,15,4,19,725,389,36,5,1155,0,0,0,1155
09/21/2010,EWR,NJ,AEA,EN,Towers with Radar,737,397,17,0,1151,0,1,17,0,18,737,398,34,0,1169,0,0,0,1169
09/22/2010,EWR,NJ,AEA,EN,Towers with Radar,730,369,28,0,1127,0,0,14,0,14,730,369,42,0,1141,0,0,0,1141
09/23/2010,EWR,NJ,AEA,EN,Towers with Radar,803,421,28,0,1252,0,0,12,0,12,803,421,40,0,1264,0,0,0,1264
09/24/2010,EWR,NJ,AEA,EN,Towers with Radar,767,395,18,0,1180,0,0,8,0,8,767,395,26,0,1188,0,0,0,1188
09/25/2010,EWR,NJ,AEA,EN,Towers with Radar,596,231,12,0,839,1,0,9,0,10,597,231,21,0,849,0,0,0,849
09/26/2010,EWR,NJ,AEA,EN,Towers with Radar,660,326,16,1,1003,0,0,17,0,17,660,326,33,1,1020,0,0,0,1020
09/27/2010,EWR,NJ,AEA,EN,Towers with Radar,711,350,22,0,1083,0,0,0,0,0,711,350,22,0,1083,0,0,0,1083
09/28/2010,EWR,NJ,AEA,EN,Towers with Radar,728,381,19,0,1128,1,0,15,0,16,729,381,34,0,1144,0,0,0,1144
09/29/2010,EWR,NJ,AEA,EN,Towers with Radar,777,410,22,0,1209,0,1,21,0,22,777,411,43,0,1231,0,0,0,1231
09/30/2010,EWR,NJ,AEA,EN,Towers with Radar,684,226,11,0,921,0,0,2,0,2,684,226,13,0,923,0,0,0,923
10/01/2010,EWR,NJ,AEA,EN,Towers with Radar,771,322,19,0,1112,2,4,6,0,12,773,326,25,0,1124,0,0,0,1124
10/02/2010,EWR,NJ,AEA,EN,Towers with Radar,612,245,13,0,870,0,0,31,0,31,612,245,44,0,901,0,0,0,901
10/03/2010,EWR,NJ,AEA,EN,Towers with Radar,688,340,12,0,1040,0,0,6,0,6,688,340,18,0,1046,0,0,0,1046
10/04/2010,EWR,NJ,AEA,EN,Towers with Radar,695,340,12,7,1054,0,0,1,3,4,695,340,13,10,1058,0,0,0,1058
10/05/2010,EWR,NJ,AEA,EN,Towers with Radar,760,383,12,2,1157,0,1,10,0,11,760,384,22,2,1168,0,0,0,1168
10/06/2010,EWR,NJ,AEA,EN,Towers with Radar,769,412,15,7,1203,0,0,18,4,22,769,412,33,11,1225,0,0,0,1225
10/07/2010,EWR,NJ,AEA,EN,Towers with Radar,788,402,18,2,1210,0,2,12,0,14,788,404,30,2,1224,0,0,0,1224
10/08/2010,EWR,NJ,AEA,EN,Towers with Radar,780,406,11,0,1197,0,0,27,0,27,780,406,38,0,1224,0,0,0,1224
10/09/2010,EWR,NJ,AEA,EN,Towers with Radar,617,249,3,0,869,0,0,10,0,10,617,249,13,0,879,0,0,0,879
10/10/2010,EWR,NJ,AEA,EN,Towers with Radar,700,347,11,0,1058,0,1,7,0,8,700,348,18,0,1066,0,0,0,1066
10/11/2010,EWR,NJ,AEA,EN,Towers with Radar,716,378,11,0,1105,0,0,20,0,20,716,378,31,0,1125,0,0,0,1125
10/12/2010,EWR,NJ,AEA,EN,Towers with Radar,770,421,18,0,1209,0,4,18,1,23,770,425,36,1,1232,0,0,0,1232
10/13/2010,EWR,NJ,AEA,EN,Towers with Radar,778,417,7,0,1202,0,0,21,0,21,778,417,28,0,1223,0,0,0,1223
10/14/2010,EWR,NJ,AEA,EN,Towers with Radar,776,381,27,0,1184,0,0,26,0,26,776,381,53,0,1210,0,0,0,1210
10/15/2010,EWR,NJ,AEA,EN,Towers with Radar,757,373,16,0,1146,1,0,15,0,16,758,373,31,0,1162,0,0,0,1162
10/16/2010,EWR,NJ,AEA,EN,Towers with Radar,618,253,5,0,876,1,0,7,0,8,619,253,12,0,884,0,0,0,884
10/17/2010,EWR,NJ,AEA,EN,Towers with Radar,702,328,10,0,1040,1,2,5,0,8,703,330,15,0,1048,0,0,0,1048
10/18/2010,EWR,NJ,AEA,EN,Towers with Radar,741,395,19,0,1155,0,0,17,0,17,741,395,36,0,1172,0,0,0,1172
10/19/2010,EWR,NJ,AEA,EN,Towers with Radar,747,407,19,0,1173,1,3,4,1,9,748,410,23,1,1182,0,0,0,1182
10/20/2010,EWR,NJ,AEA,EN,Towers with Radar,767,413,12,2,1194,0,2,4,1,7,767,415,16,3,1201,0,0,0,1201
10/21/2010,EWR,NJ,AEA,EN,Towers with Radar,781,411,13,0,1205,1,0,7,4,12,782,411,20,4,1217,0,0,0,1217
10/22/2010,EWR,NJ,AEA,EN,Towers with Radar,774,406,14,0,1194,0,0,20,0,20,774,406,34,0,1214,0,0,0,1214
10/23/2010,EWR,NJ,AEA,EN,Towers with Radar,626,244,5,0,875,0,0,4,0,4,626,244,9,0,879,0,0,0,879
10/24/2010,EWR,NJ,AEA,EN,Towers with Radar,688,342,18,0,1048,0,0,7,0,7,688,342,25,0,1055,0,0,0,1055
10/25/2010,EWR,NJ,AEA,EN,Towers with Radar,740,396,49,0,1185,0,0,5,2,7,740,396,54,2,1192,0,0,0,1192
10/26/2010,EWR,NJ,AEA,EN,Towers with Radar,750,407,38,0,1195,0,0,7,0,7,750,407,45,0,1202,0,0,0,1202
10/27/2010,EWR,NJ,AEA,EN,Towers with Radar,702,388,15,0,1105,0,0,3,0,3,702,388,18,0,1108,0,0,0,1108
10/28/2010,EWR,NJ,AEA,EN,Towers with Radar,800,421,16,0,1237,0,1,9,3,13,800,422,25,3,1250,0,0,0,1250
10/29/2010,EWR,NJ,AEA,EN,Towers with Radar,772,406,20,0,1198,0,1,12,0,13,772,407,32,0,1211,0,0,0,1211
10/30/2010,EWR,NJ,AEA,EN,Towers with Radar,623,245,8,0,876,0,0,4,0,4,623,245,12,0,880,0,0,0,880
10/31/2010,EWR,NJ,AEA,EN,Towers with Radar,693,350,10,0,1053,0,0,9,0,9,693,350,19,0,1062,0,0,0,1062
11/01/2010,EWR,NJ,AEA,EN,Towers with Radar,751,398,12,0,1161,0,0,15,1,16,751,398,27,1,1177,0,0,0,1177
11/02/2010,EWR,NJ,AEA,EN,Towers with Radar,786,416,10,0,1212,0,0,13,0,13,786,416,23,0,1225,0,0,0,1225
11/03/2010,EWR,NJ,AEA,EN,Towers with Radar,781,419,15,0,1215,0,0,15,0,15,781,419,30,0,1230,0,0,0,1230
11/04/2010,EWR,NJ,AEA,EN,Towers with Radar,736,324,19,0,1079,0,0,5,0,5,736,324,24,0,1084,0,0,0,1084
11/05/2010,EWR,NJ,AEA,EN,Towers with Radar,823,438,19,0,1280,0,0,7,4,11,823,438,26,4,1291,0,0,0,1291
11/06/2010,EWR,NJ,AEA,EN,Towers with Radar,644,255,23,0,922,0,0,2,0,2,644,255,25,0,924,0,0,0,924
11/07/2010,EWR,NJ,AEA,EN,Towers with Radar,701,356,10,0,1067,0,0,6,0,6,701,356,16,0,1073,0,0,0,1073
11/08/2010,EWR,NJ,AEA,EN,Towers with Radar,711,350,18,0,1079,1,2,2,8,13,712,352,20,8,1092,0,0,0,1092
11/09/2010,EWR,NJ,AEA,EN,Towers with Radar,784,409,21,0,1214,0,0,7,0,7,784,409,28,0,1221,0,0,0,1221
11/10/2010,EWR,NJ,AEA,EN,Towers with Radar,789,402,9,0,1200,0,0,10,0,10,789,402,19,0,1210,0,0,0,1210
11/11/2010,EWR,NJ,AEA,EN,Towers with Radar,788,410,18,0,1216,0,0,16,0,16,788,410,34,0,1232,0,0,0,1232
11/12/2010,EWR,NJ,AEA,EN,Towers with Radar,780,404,15,0,1199,0,0,15,0,15,780,404,30,0,1214,0,0,0,1214
11/13/2010,EWR,NJ,AEA,EN,Towers with Radar,641,252,7,0,900,0,0,5,0,5,641,252,12,0,905,0,0,0,905
11/14/2010,EWR,NJ,AEA,EN,Towers with Radar,706,349,16,0,1071,1,0,3,0,4,707,349,19,0,1075,0,0,0,1075
11/15/2010,EWR,NJ,AEA,EN,Towers with Radar,765,371,19,0,1155,0,1,3,5,9,765,372,22,5,1164,0,0,0,1164
11/16/2010,EWR,NJ,AEA,EN,Towers with Radar,767,374,22,0,1163,0,0,1,0,1,767,374,23,0,1164,0,0,0,1164
11/17/2010,EWR,NJ,AEA,EN,Towers with Radar,778,370,20,1,1169,0,0,10,1,11,778,370,30,2,1180,0,0,0,1180
11/18/2010,EWR,NJ,AEA,EN,Towers with Radar,816,393,18,0,1227,1,0,14,1,16,817,393,32,1,1243,0,0,0,1243
11/19/2010,EWR,NJ,AEA,EN,Towers with Radar,806,385,17,1,1209,0,0,12,0,12,806,385,29,1,1221,0,0,0,1221
11/20/2010,EWR,NJ,AEA,EN,Towers with Radar,650,245,11,0,906,0,0,5,0,5,650,245,16,0,911,0,0,0,911
11/21/2010,EWR,NJ,AEA,EN,Towers with Radar,705,347,7,0,1059,0,0,2,0,2,705,347,9,0,1061,0,0,0,1061
11/22/2010,EWR,NJ,AEA,EN,Towers with Radar,730,369,16,0,1115,0,0,5,4,9,730,369,21,4,1124,0,0,0,1124
11/23/2010,EWR,NJ,AEA,EN,Towers with Radar,794,403,18,0,1215,0,0,7,0,7,794,403,25,0,1222,0,0,0,1222
11/24/2010,EWR,NJ,AEA,EN,Towers with Radar,784,408,17,0,1209,0,0,4,4,8,784,408,21,4,1217,0,0,0,1217
11/25/2010,EWR,NJ,AEA,EN,Towers with Radar,500,224,6,0,730,1,0,2,0,3,501,224,8,0,733,0,0,0,733
11/26/2010,EWR,NJ,AEA,EN,Towers with Radar,598,237,6,0,841,0,0,0,0,0,598,237,6,0,841,0,0,0,841
11/27/2010,EWR,NJ,AEA,EN,Towers with Radar,670,305,7,0,982,1,0,5,0,6,671,305,12,0,988,0,0,0,988
11/28/2010,EWR,NJ,AEA,EN,Towers with Radar,743,428,44,1,1216,0,0,4,0,4,743,428,48,1,1220,0,0,0,1220
11/29/2010,EWR,NJ,AEA,EN,Towers with Radar,784,399,14,0,1197,0,0,17,0,17,784,399,31,0,1214,0,0,0,1214
11/30/2010,EWR,NJ,AEA,EN,Towers with Radar,762,388,10,0,1160,0,0,20,0,20,762,388,30,0,1180,0,0,0,1180
12/01/2010,EWR,NJ,AEA,EN,Towers with Radar,670,241,15,0,926,1,0,4,0,5,671,241,19,0,931,0,0,0,931
12/02/2010,EWR,NJ,AEA,EN,Towers with Radar,826,399,20,1,1246,0,0,18,4,22,826,399,38,5,1268,0,0,0,1268
12/03/2010,EWR,NJ,AEA,EN,Towers with Radar,778,389,20,0,1187,0,4,18,4,26,778,393,38,4,1213,0,0,0,1213
12/04/2010,EWR,NJ,AEA,EN,Towers with Radar,624,246,14,0,884,0,0,8,0,8,624,246,22,0,892,0,0,0,892
12/05/2010,EWR,NJ,AEA,EN,Towers with Radar,715,333,16,0,1064,0,0,8,0,8,715,333,24,0,1072,0,0,0,1072
12/06/2010,EWR,NJ,AEA,EN,Towers with Radar,745,361,23,0,1129,1,1,12,0,14,746,362,35,0,1143,0,0,0,1143
12/07/2010,EWR,NJ,AEA,EN,Towers with Radar,766,405,24,0,1195,0,0,13,5,18,766,405,37,5,1213,0,0,0,1213
12/08/2010,EWR,NJ,AEA,EN,Towers with Radar,784,404,23,0,1211,0,0,14,5,19,784,404,37,5,1230,0,0,0,1230
12/09/2010,EWR,NJ,AEA,EN,Towers with Radar,809,389,31,0,1229,0,0,15,0,15,809,389,46,0,1244,0,0,0,1244
12/10/2010,EWR,NJ,AEA,EN,Towers with Radar,799,401,21,0,1221,1,1,25,0,27,800,402,46,0,1248,0,0,0,1248
12/11/2010,EWR,NJ,AEA,EN,Towers with Radar,623,249,8,0,880,0,0,8,0,8,623,249,16,0,888,0,0,0,888
12/12/2010,EWR,NJ,AEA,EN,Towers with Radar,613,239,5,0,857,0,0,2,0,2,613,239,7,0,859,0,0,0,859
12/13/2010,EWR,NJ,AEA,EN,Towers with Radar,737,385,9,1,1132,0,0,13,4,17,737,385,22,5,1149,0,0,0,1149
12/14/2010,EWR,NJ,AEA,EN,Towers with Radar,774,399,18,0,1191,0,0,13,4,17,774,399,31,4,1208,0,0,0,1208
12/15/2010,EWR,NJ,AEA,EN,Towers with Radar,780,406,17,1,1204,0,0,18,0,18,780,406,35,1,1222,0,0,0,1222
12/16/2010,EWR,NJ,AEA,EN,Towers with Radar,857,420,10,1,1288,0,0,27,0,27,857,420,37,1,1315,0,0,0,1315
12/17/2010,EWR,NJ,AEA,EN,Towers with Radar,828,416,14,0,1258,0,1,23,4,28,828,417,37,4,1286,0,0,0,1286
12/18/2010,EWR,NJ,AEA,EN,Towers with Radar,689,322,10,0,1021,0,0,3,0,3,689,322,13,0,1024,0,0,0,1024
12/19/2010,EWR,NJ,AEA,EN,Towers with Radar,735,357,5,0,1097,0,0,10,0,10,735,357,15,0,1107,0,0,0,1107
12/20/2010,EWR,NJ,AEA,EN,Towers with Radar,754,387,3,0,1144,0,4,11,0,15,754,391,14,0,1159,0,0,0,1159
12/21/2010,EWR,NJ,AEA,EN,Towers with Radar,840,411,6,0,1257,0,0,8,0,8,840,411,14,0,1265,0,0,0,1265
12/22/2010,EWR,NJ,AEA,EN,Towers with Radar,858,421,12,0,1291,1,0,10,0,11,859,421,22,0,1302,0,0,0,1302
12/23/2010,EWR,NJ,AEA,EN,Towers with Radar,840,380,12,2,1234,1,0,14,0,15,841,380,26,2,1249,0,0,0,1249
12/24/2010,EWR,NJ,AEA,EN,Towers with Radar,717,313,1,2,1033,0,1,7,0,8,717,314,8,2,1041,0,0,0,1041
12/25/2010,EWR,NJ,AEA,EN,Towers with Radar,576,258,1,2,837,0,0,0,0,0,576,258,1,2,837,0,0,0,837
12/26/2010,EWR,NJ,AEA,EN,Towers with Radar,295,116,15,0,426,0,0,0,0,0,295,116,15,0,426,0,0,0,426
12/27/2010,EWR,NJ,AEA,EN,Towers with Radar,8,0,0,0,8,0,0,0,0,0,8,0,0,0,8,0,0,0,8
12/28/2010,EWR,NJ,AEA,EN,Towers with Radar,465,82,12,1,560,0,0,5,0,5,465,82,17,1,565,0,0,0,565
12/29/2010,EWR,NJ,AEA,EN,Towers with Radar,837,322,8,0,1167,0,0,4,4,8,837,322,12,4,1175,0,0,0,1175
12/30/2010,EWR,NJ,AEA,EN,Towers with Radar,824,411,7,0,1242,0,4,9,1,14,824,415,16,1,1256,0,0,0,1256
12/31/2010,EWR,NJ,AEA,EN,Towers with Radar,684,288,2,0,974,0,0,11,0,11,684,288,13,0,985,0,0,0,985
01/01/2011,EWR,NJ,AEA,EN,Towers with Radar,634,265,5,0,904,1,0,4,0,5,635,265,9,0,909,0,0,0,909
01/02/2011,EWR,NJ,AEA,EN,Towers with Radar,740,365,11,0,1116,0,0,5,0,5,740,365,16,0,1121,0,0,0,1121
01/03/2011,EWR,NJ,AEA,EN,Towers with Radar,794,384,11,0,1189,0,0,9,0,9,794,384,20,0,1198,0,0,0,1198
01/04/2011,EWR,NJ,AEA,EN,Towers with Radar,818,340,12,0,1170,0,4,7,2,13,818,344,19,2,1183,0,0,0,1183
01/05/2011,EWR,NJ,AEA,EN,Towers with Radar,809,329,14,0,1152,0,0,8,4,12,809,329,22,4,1164,0,0,0,1164
01/06/2011,EWR,NJ,AEA,EN,Towers with Radar,811,350,8,0,1169,0,0,12,0,12,811,350,20,0,1181,0,0,0,1181
01/07/2011,EWR,NJ,AEA,EN,Towers with Radar,713,205,15,0,933,0,0,3,4,7,713,205,18,4,940,0,0,0,940
01/08/2011,EWR,NJ,AEA,EN,Towers with Radar,631,188,9,0,828,0,0,0,0,0,631,188,9,0,828,0,0,0,828
01/09/2011,EWR,NJ,AEA,EN,Towers with Radar,698,286,14,0,998,0,0,7,0,7,698,286,21,0,1005,0,0,0,1005
01/10/2011,EWR,NJ,AEA,EN,Towers with Radar,736,316,8,0,1060,0,0,15,0,15,736,316,23,0,1075,0,0,0,1075
01/11/2011,EWR,NJ,AEA,EN,Towers with Radar,633,253,22,0,908,0,0,12,4,16,633,253,34,4,924,0,0,0,924
01/12/2011,EWR,NJ,AEA,EN,Towers with Radar,466,112,4,0,582,0,3,3,0,6,466,115,7,0,588,0,0,0,588
01/13/2011,EWR,NJ,AEA,EN,Towers with Radar,818,358,15,0,1191,0,0,19,4,23,818,358,34,4,1214,0,0,0,1214
01/14/2011,EWR,NJ,AEA,EN,Towers with Radar,805,344,13,0,1162,0,0,20,0,20,805,344,33,0,1182,0,0,0,1182
01/15/2011,EWR,NJ,AEA,EN,Towers with Radar,638,197,5,1,841,0,0,4,0,4,638,197,9,1,845,0,0,0,845
01/16/2011,EWR,NJ,AEA,EN,Towers with Radar,694,288,12,0,994,0,0,1,0,1,694,288,13,0,995,0,0,0,995
01/17/2011,EWR,NJ,AEA,EN,Towers with Radar,755,316,14,0,1085,0,0,12,0,12,755,316,26,0,1097,0,0,0,1097
01/18/2011,EWR,NJ,AEA,EN,Towers with Radar,680,225,17,2,924,1,0,0,0,1,681,225,17,2,925,0,0,0,925
01/19/2011,EWR,NJ,AEA,EN,Towers with Radar,814,344,13,0,1171,0,0,9,0,9,814,344,22,0,1180,0,0,0,1180
01/20/2011,EWR,NJ,AEA,EN,Towers with Radar,798,334,21,0,1153,0,0,17,4,21,798,334,38,4,1174,0,0,0,1174
01/21/2011,EWR,NJ,AEA,EN,Towers with Radar,776,282,18,0,1076,0,0,9,0,9,776,282,27,0,1085,0,0,0,1085
01/22/2011,EWR,NJ,AEA,EN,Towers with Radar,647,192,5,0,844,0,0,4,0,4,647,192,9,0,848,0,0,0,848
01/23/2011,EWR,NJ,AEA,EN,Towers with Radar,691,284,8,0,983,0,0,2,0,2,691,284,10,0,985,0,0,0,985
01/24/2011,EWR,NJ,AEA,EN,Towers with Radar,764,330,8,0,1102,0,0,16,2,18,764,330,24,2,1120,0,0,0,1120
01/25/2011,EWR,NJ,AEA,EN,Towers with Radar,809,334,12,0,1155,0,0,16,0,16,809,334,28,0,1171,0,0,0,1171
01/26/2011,EWR,NJ,AEA,EN,Towers with Radar,478,141,10,0,629,1,0,6,0,7,479,141,16,0,636,0,0,0,636
01/27/2011,EWR,NJ,AEA,EN,Towers with Radar,332,76,3,0,411,0,0,2,0,2,332,76,5,0,413,0,0,0,413
01/28/2011,EWR,NJ,AEA,EN,Towers with Radar,808,279,14,0,1101,0,0,12,0,12,808,279,26,0,1113,0,0,0,1113
01/29/2011,EWR,NJ,AEA,EN,Towers with Radar,645,186,9,0,840,0,0,4,0,4,645,186,13,0,844,0,0,0,844
01/30/2011,EWR,NJ,AEA,EN,Towers with Radar,706,286,17,0,1009,0,0,1,1,2,706,286,18,1,1011,0,0,0,1011
01/31/2011,EWR,NJ,AEA,EN,Towers with Radar,759,313,11,1,1084,0,0,16,5,21,759,313,27,6,1105,0,0,0,1105
02/01/2011,EWR,NJ,AEA,EN,Towers with Radar,283,97,24,0,404,0,0,0,0,0,283,97,24,0,404,0,0,0,404
02/02/2011,EWR,NJ,AEA,EN,Towers with Radar,466,121,28,0,615,0,0,0,0,0,466,121,28,0,615,0,0,0,615
02/03/2011,EWR,NJ,AEA,EN,Towers with Radar,768,335,27,0,1130,0,0,15,0,15,768,335,42,0,1145,0,0,0,1145
02/04/2011,EWR,NJ,AEA,EN,Towers with Radar,774,314,20,2,1110,0,0,21,4,25,774,314,41,6,1135,0,0,0,1135
02/05/2011,EWR,NJ,AEA,EN,Towers with Radar,602,137,8,0,747,0,0,0,0,0,602,137,8,0,747,0,0,0,747
02/06/2011,EWR,NJ,AEA,EN,Towers with Radar,684,279,18,0,981,0,0,7,0,7,684,279,25,0,988,0,0,0,988
02/07/2011,EWR,NJ,AEA,EN,Towers with Radar,737,325,24,0,1086,0,0,10,0,10,737,325,34,0,1096,0,0,0,1096
02/08/2011,EWR,NJ,AEA,EN,Towers with Radar,757,342,14,0,1113,0,0,9,4,13,757,342,23,4,1126,0,0,0,1126
02/09/2011,EWR,NJ,AEA,EN,Towers with Radar,764,353,17,0,1134,0,0,21,4,25,764,353,38,4,1159,0,0,0,1159
02/10/2011,EWR,NJ,AEA,EN,Towers with Radar,801,372,12,0,1185,0,1,14,5,20,801,373,26,5,1205,0,0,0,1205
02/11/2011,EWR,NJ,AEA,EN,Towers with Radar,795,371,11,0,1177,0,0,24,0,24,795,371,35,0,1201,0,0,0,1201
02/12/2011,EWR,NJ,AEA,EN,Towers with Radar,615,213,8,0,836,0,0,3,0,3,615,213,11,0,839,0,0,0,839
02/13/2011,EWR,NJ,AEA,EN,Towers with Radar,694,300,6,0,1000,0,0,4,0,4,694,300,10,0,1004,0,0,0,1004
02/14/2011,EWR,NJ,AEA,EN,Towers with Radar,738,332,14,0,1084,0,0,12,6,18,738,332,26,6,1102,0,0,0,1102
02/15/2011,EWR,NJ,AEA,EN,Towers with Radar,780,361,22,3,1166,0,0,32,5,37,780,361,54,8,1203,0,0,0,1203
02/16/2011,EWR,NJ,AEA,EN,Towers with Radar,794,359,22,0,1175,0,0,15,0,15,794,359,37,0,1190,0,0,0,1190
02/17/2011,EWR,NJ,AEA,EN,Towers with Radar,838,356,10,0,1204,0,1,19,0,20,838,357,29,0,1224,0,0,0,1224
02/18/2011,EWR,NJ,AEA,EN,Towers with Radar,848,331,14,0,1193,0,1,18,0,19,848,332,32,0,1212,0,0,0,1212
02/19/2011,EWR,NJ,AEA,EN,Towers with Radar,704,213,6,0,923,0,0,2,0,2,704,213,8,0,925,0,0,0,925
02/20/2011,EWR,NJ,AEA,EN,Towers with Radar,718,275,2,2,997,2,0,7,0,9,720,275,9,2,1006,0,0,0,1006
02/21/2011,EWR,NJ,AEA,EN,Towers with Radar,743,260,11,0,1014,0,1,4,0,5,743,261,15,0,1019,0,0,0,1019
02/22/2011,EWR,NJ,AEA,EN,Towers with Radar,833,329,17,0,1179,1,1,16,3,21,834,330,33,3,1200,0,0,0,1200
02/23/2011,EWR,NJ,AEA,EN,Towers with Radar,841,350,11,0,1202,0,0,16,4,20,841,350,27,4,1222,0,0,0,1222
02/24/2011,EWR,NJ,AEA,EN,Towers with Radar,849,347,13,0,1209,0,0,17,0,17,849,347,30,0,1226,0,0,0,1226
02/25/2011,EWR,NJ,AEA,EN,Towers with Radar,753,211,10,0,974,0,1,0,0,1,753,212,10,0,975,0,0,0,975
02/26/2011,EWR,NJ,AEA,EN,Towers with Radar,712,220,12,0,944,0,0,5,1,6,712,220,17,1,950,0,0,0,950
02/27/2011,EWR,NJ,AEA,EN,Towers with Radar,752,282,10,0,1044,0,0,4,0,4,752,282,14,0,1048,0,0,0,1048
02/28/2011,EWR,NJ,AEA,EN,Towers with Radar,755,265,13,0,1033,1,2,2,0,5,756,267,15,0,1038,0,0,0,1038
03/01/2011,EWR,NJ,AEA,EN,Towers with Radar,836,360,18,2,1216,0,0,22,1,23,836,360,40,3,1239,0,0,0,1239
03/02/2011,EWR,NJ,AEA,EN,Towers with Radar,803,349,14,0,1166,1,0,15,4,20,804,349,29,4,1186,0,0,0,1186
03/03/2011,EWR,NJ,AEA,EN,Towers with Radar,862,350,16,0,1228,0,0,16,0,16,862,350,32,0,1244,0,0,0,1244
03/04/2011,EWR,NJ,AEA,EN,Towers with Radar,835,337,9,1,1182,1,0,25,0,26,836,337,34,1,1208,0,0,0,1208
03/05/2011,EWR,NJ,AEA,EN,Towers with Radar,703,233,14,0,950,0,0,5,0,5,703,233,19,0,955,0,0,0,955
03/06/2011,EWR,NJ,AEA,EN,Towers with Radar,709,224,3,0,936,0,0,1,0,1,709,224,4,0,937,0,0,0,937
03/07/2011,EWR,NJ,AEA,EN,Towers with Radar,820,334,14,1,1169,0,0,12,4,16,820,334,26,5,1185,0,0,0,1185
03/08/2011,EWR,NJ,AEA,EN,Towers with Radar,852,365,12,0,1229,0,1,14,3,18,852,366,26,3,1247,0,0,0,1247
03/09/2011,EWR,NJ,AEA,EN,Towers with Radar,855,351,19,0,1225,0,4,15,0,19,855,355,34,0,1244,0,0,0,1244
03/10/2011,EWR,NJ,AEA,EN,Towers with Radar,781,290,26,0,1097,0,0,9,0,9,781,290,35,0,1106,0,0,0,1106
03/11/2011,EWR,NJ,AEA,EN,Towers with Radar,915,386,20,0,1321,0,0,19,1,20,915,386,39,1,1341,0,0,0,1341
03/12/2011,EWR,NJ,AEA,EN,Towers with Radar,727,235,13,0,975,0,0,9,0,9,727,235,22,0,984,0,0,0,984
03/13/2011,EWR,NJ,AEA,EN,Towers with Radar,780,295,17,0,1092,0,0,6,0,6,780,295,23,0,1098,0,0,0,1098
03/14/2011,EWR,NJ,AEA,EN,Towers with Radar,815,338,21,2,1176,1,4,9,4,18,816,342,30,6,1194,0,0,0,1194
03/15/2011,EWR,NJ,AEA,EN,Towers with Radar,857,352,6,0,1215,0,1,19,3,23,857,353,25,3,1238,0,0,0,1238
03/16/2011,EWR,NJ,AEA,EN,Towers with Radar,863,328,13,1,1205,0,0,12,0,12,863,328,25,1,1217,0,0,0,1217
03/17/2011,EWR,NJ,AEA,EN,Towers with Radar,886,355,20,1,1262,0,0,10,0,10,886,355,30,1,1272,0,0,0,1272
03/18/2011,EWR,NJ,AEA,EN,Towers with Radar,869,349,24,2,1244,0,0,21,4,25,869,349,45,6,1269,0,0,0,1269
03/19/2011,EWR,NJ,AEA,EN,Towers with Radar,736,224,8,0,968,0,0,14,2,16,736,224,22,2,984,0,0,0,984
03/20/2011,EWR,NJ,AEA,EN,Towers with Radar,777,285,14,0,1076,0,0,10,0,10,777,285,24,0,1086,0,0,0,1086
03/21/2011,EWR,NJ,AEA,EN,Towers with Radar,819,301,13,0,1133,0,0,3,0,3,819,301,16,0,1136,0,0,0,1136
03/22/2011,EWR,NJ,AEA,EN,Towers with Radar,879,350,11,0,1240,0,0,20,4,24,879,350,31,4,1264,0,0,0,1264
03/23/2011,EWR,NJ,AEA,EN,Towers with Radar,765,254,19,0,1038,0,0,1,0,1,765,254,20,0,1039,0,0,0,1039
03/24/2011,EWR,NJ,AEA,EN,Towers with Radar,915,366,19,2,1302,0,0,14,0,14,915,366,33,2,1316,0,0,0,1316
03/25/2011,EWR,NJ,AEA,EN,Towers with Radar,864,348,27,0,1239,0,0,20,0,20,864,348,47,0,1259,0,0,0,1259
03/26/2011,EWR,NJ,AEA,EN,Towers with Radar,722,223,13,0,958,0,0,5,0,5,722,223,18,0,963,0,0,0,963
03/27/2011,EWR,NJ,AEA,EN,Towers with Radar,798,285,17,0,1100,0,0,7,0,7,798,285,24,0,1107,0,0,0,1107
03/28/2011,EWR,NJ,AEA,EN,Towers with Radar,835,336,16,0,1187,0,2,13,2,17,835,338,29,2,1204,0,0,0,1204
03/29/2011,EWR,NJ,AEA,EN,Towers with Radar,883,345,13,0,1241,0,1,9,3,13,883,346,22,3,1254,0,0,0,1254
03/30/2011,EWR,NJ,AEA,EN,Towers with Radar,883,347,16,0,1246,0,0,15,0,15,883,347,31,0,1261,0,0,0,1261
03/31/2011,EWR,NJ,AEA,EN,Towers with Radar,861,314,11,0,1186,0,0,7,0,7,861,314,18,0,1193,0,0,0,1193
04/01/2011,EWR,NJ,AEA,EN,Towers with Radar,882,307,12,0,1201,0,0,6,0,6,882,307,18,0,1207,0,0,0,1207
04/02/2011,EWR,NJ,AEA,EN,Towers with Radar,745,211,6,0,962,0,0,3,0,3,745,211,9,0,965,0,0,0,965
04/03/2011,EWR,NJ,AEA,EN,Towers with Radar,796,302,20,0,1118,0,2,26,0,28,796,304,46,0,1146,0,0,0,1146
04/04/2011,EWR,NJ,AEA,EN,Towers with Radar,844,356,15,2,1217,0,0,11,0,11,844,356,26,2,1228,0,0,0,1228
04/05/2011,EWR,NJ,AEA,EN,Towers with Radar,825,292,6,0,1123,0,0,5,0,5,825,292,11,0,1128,0,0,0,1128
04/06/2011,EWR,NJ,AEA,EN,Towers with Radar,890,355,9,0,1254,0,0,12,0,12,890,355,21,0,1266,0,0,0,1266
04/07/2011,EWR,NJ,AEA,EN,Towers with Radar,895,372,11,0,1278,0,0,27,0,27,895,372,38,0,1305,0,0,0,1305
04/08/2011,EWR,NJ,AEA,EN,Towers with Radar,864,353,15,0,1232,0,0,20,0,20,864,353,35,0,1252,0,0,0,1252
04/09/2011,EWR,NJ,AEA,EN,Towers with Radar,738,228,20,0,986,0,0,7,0,7,738,228,27,0,993,0,0,0,993
04/10/2011,EWR,NJ,AEA,EN,Towers with Radar,798,312,8,0,1118,0,1,10,2,13,798,313,18,2,1131,0,0,0,1131
04/11/2011,EWR,NJ,AEA,EN,Towers with Radar,823,332,16,0,1171,0,0,7,4,11,823,332,23,4,1182,0,0,0,1182
04/12/2011,EWR,NJ,AEA,EN,Towers with Radar,834,340,10,0,1184,0,0,23,0,23,834,340,33,0,1207,0,0,0,1207
04/13/2011,EWR,NJ,AEA,EN,Towers with Radar,837,299,30,0,1166,0,0,5,0,5,837,299,35,0,1171,0,0,0,1171
04/14/2011,EWR,NJ,AEA,EN,Towers with Radar,925,381,40,0,1346,0,0,33,0,33,925,381,73,0,1379,0,0,0,1379
04/15/2011,EWR,NJ,AEA,EN,Towers with Radar,899,348,14,0,1261,0,0,28,0,28,899,348,42,0,1289,0,0,0,1289
04/16/2011,EWR,NJ,AEA,EN,Towers with Radar,637,175,6,0,818,0,0,2,0,2,637,175,8,0,820,0,0,0,820
04/17/2011,EWR,NJ,AEA,EN,Towers with Radar,853,249,9,0,1111,1,0,10,0,11,854,249,19,0,1122,0,0,0,1122
04/18/2011,EWR,NJ,AEA,EN,Towers with Radar,880,349,8,2,1239,0,2,10,0,12,880,351,18,2,1251,0,0,0,1251
04/19/2011,EWR,NJ,AEA,EN,Towers with Radar,854,309,11,2,1176,0,1,17,0,18,854,310,28,2,1194,0,0,0,1194
04/20/2011,EWR,NJ,AEA,EN,Towers with Radar,871,292,8,0,1171,0,0,8,0,8,871,292,16,0,1179,0,0,0,1179
04/21/2011,EWR,NJ,AEA,EN,Towers with Radar,919,357,10,0,1286,0,0,29,0,29,919,357,39,0,1315,0,0,0,1315
04/22/2011,EWR,NJ,AEA,EN,Towers with Radar,879,344,14,0,1237,0,1,19,0,20,879,345,33,0,1257,0,0,0,1257
04/23/2011,EWR,NJ,AEA,EN,Towers with Radar,717,203,7,0,927,0,0,0,0,0,717,203,7,0,927,0,0,0,927
04/24/2011,EWR,NJ,AEA,EN,Towers with Radar,760,258,7,0,1025,0,2,5,0,7,760,260,12,0,1032,0,0,0,1032
04/25/2011,EWR,NJ,AEA,EN,Towers with Radar,817,299,13,0,1129,0,0,7,0,7,817,299,20,0,1136,0,0,0,1136
04/26/2011,EWR,NJ,AEA,EN,Towers with Radar,893,363,11,0,1267,0,0,17,0,17,893,363,28,0,1284,0,0,0,1284
04/27/2011,EWR,NJ,AEA,EN,Towers with Radar,861,320,14,0,1195,0,0,6,4,10,861,320,20,4,1205,0,0,0,1205
04/28/2011,EWR,NJ,AEA,EN,Towers with Radar,801,226,12,0,1039,0,0,10,0,10,801,226,22,0,1049,0,0,0,1049
04/29/2011,EWR,NJ,AEA,EN,Towers with Radar,927,342,15,2,1286,0,0,36,2,38,927,342,51,4,1324,0,0,0,1324
04/30/2011,EWR,NJ,AEA,EN,Towers with Radar,744,222,7,0,973,0,0,7,0,7,744,222,14,0,980,0,0,0,980
05/01/2011,EWR,NJ,AEA,EN,Towers with Radar,819,304,15,0,1138,0,0,17,0,17,819,304,32,0,1155,0,0,0,1155
05/02/2011,EWR,NJ,AEA,EN,Towers with Radar,872,332,10,0,1214,0,0,12,0,12,872,332,22,0,1226,0,0,0,1226
05/03/2011,EWR,NJ,AEA,EN,Towers with Radar,841,343,13,0,1197,0,0,24,4,28,841,343,37,4,1225,0,0,0,1225
05/04/2011,EWR,NJ,AEA,EN,Towers with Radar,838,324,11,0,1173,0,0,25,0,25,838,324,36,0,1198,0,0,0,1198
05/05/2011,EWR,NJ,AEA,EN,Towers with Radar,890,351,13,0,1254,0,0,27,0,27,890,351,40,0,1281,0,0,0,1281
05/06/2011,EWR,NJ,AEA,EN,Towers with Radar,870,347,16,1,1234,0,0,32,0,32,870,347,48,1,1266,0,0,0,1266
05/07/2011,EWR,NJ,AEA,EN,Towers with Radar,704,217,15,0,936,0,0,9,0,9,704,217,24,0,945,0,0,0,945
05/08/2011,EWR,NJ,AEA,EN,Towers with Radar,784,284,15,0,1083,0,0,13,0,13,784,284,28,0,1096,0,0,0,1096
05/09/2011,EWR,NJ,AEA,EN,Towers with Radar,812,339,13,0,1164,0,1,27,3,31,812,340,40,3,1195,0,0,0,1195
05/10/2011,EWR,NJ,AEA,EN,Towers with Radar,816,349,14,2,1181,0,2,22,6,30,816,351,36,8,1211,0,0,0,1211
05/11/2011,EWR,NJ,AEA,EN,Towers with Radar,850,347,27,0,1224,0,0,30,5,35,850,347,57,5,1259,0,0,0,1259
05/12/2011,EWR,NJ,AEA,EN,Towers with Radar,863,346,25,0,1234,0,0,36,0,36,863,346,61,0,1270,0,0,0,1270
05/13/2011,EWR,NJ,AEA,EN,Towers with Radar,855,338,11,0,1204,0,0,40,0,40,855,338,51,0,1244,0,0,0,1244
05/14/2011,EWR,NJ,AEA,EN,Towers with Radar,686,226,9,0,921,0,0,16,0,16,686,226,25,0,937,0,0,0,937
05/15/2011,EWR,NJ,AEA,EN,Towers with Radar,724,208,20,0,952,0,0,1,0,1,724,208,21,0,953,0,0,0,953
05/16/2011,EWR,NJ,AEA,EN,Towers with Radar,819,291,6,0,1116,0,0,0,0,0,819,291,6,0,1116,0,0,0,1116
05/17/2011,EWR,NJ,AEA,EN,Towers with Radar,828,316,18,0,1162,0,0,2,0,2,828,316,20,0,1164,0,0,0,1164
05/18/2011,EWR,NJ,AEA,EN,Towers with Radar,824,292,16,2,1134,0,0,8,0,8,824,292,24,2,1142,0,0,0,1142
05/19/2011,EWR,NJ,AEA,EN,Towers with Radar,857,317,6,1,1181,0,0,16,0,16,857,317,22,1,1197,0,0,0,1197
05/20/2011,EWR,NJ,AEA,EN,Towers with Radar,865,320,11,1,1197,0,1,31,0,32,865,321,42,1,1229,0,0,0,1229
05/21/2011,EWR,NJ,AEA,EN,Towers with Radar,725,218,21,0,964,0,0,16,0,16,725,218,37,0,980,0,0,0,980
05/22/2011,EWR,NJ,AEA,EN,Towers with Radar,774,272,16,2,1064,0,0,20,0,20,774,272,36,2,1084,0,0,0,1084
05/23/2011,EWR,NJ,AEA,EN,Towers with Radar,745,265,23,0,1033,0,0,14,0,14,745,265,37,0,1047,0,0,0,1047
05/24/2011,EWR,NJ,AEA,EN,Towers with Radar,878,353,22,2,1255,0,1,18,5,24,878,354,40,7,1279,0,0,0,1279
05/25/2011,EWR,NJ,AEA,EN,Towers with Radar,834,349,16,0,1199,2,0,32,3,37,836,349,48,3,1236,0,0,0,1236
05/26/2011,EWR,NJ,AEA,EN,Towers with Radar,835,325,22,0,1182,0,0,42,0,42,835,325,64,0,1224,0,0,0,1224
05/27/2011,EWR,NJ,AEA,EN,Towers with Radar,897,324,19,0,1240,1,3,53,4,61,898,327,72,4,1301,0,0,0,1301
05/28/2011,EWR,NJ,AEA,EN,Towers with Radar,706,226,7,2,941,0,0,17,0,17,706,226,24,2,958,0,0,0,958
05/29/2011,EWR,NJ,AEA,EN,Towers with Radar,680,194,8,0,882,0,1,16,1,18,680,195,24,1,900,0,0,0,900
05/30/2011,EWR,NJ,AEA,EN,Towers with Radar,777,300,12,0,1089,0,1,35,0,36,777,301,47,0,1125,0,0,0,1125
05/31/2011,EWR,NJ,AEA,EN,Towers with Radar,815,324,20,2,1161,0,1,33,1,35,815,325,53,3,1196,0,0,0,1196
06/01/2011,EWR,NJ,AEA,EN,Towers with Radar,820,300,8,0,1128,0,0,27,4,31,820,300,35,4,1159,0,0,0,1159
06/02/2011,EWR,NJ,AEA,EN,Towers with Radar,880,342,14,3,1239,0,0,42,0,42,880,342,56,3,1281,0,0,0,1281
06/03/2011,EWR,NJ,AEA,EN,Towers with Radar,859,341,18,0,1218,0,1,51,0,52,859,342,69,0,1270,0,0,0,1270
06/04/2011,EWR,NJ,AEA,EN,Towers with Radar,696,223,5,0,924,0,0,25,0,25,696,223,30,0,949,0,0,0,949
06/05/2011,EWR,NJ,AEA,EN,Towers with Radar,798,289,15,0,1102,0,0,30,0,30,798,289,45,0,1132,0,0,0,1132
06/06/2011,EWR,NJ,AEA,EN,Towers with Radar,863,333,17,0,1213,0,2,34,4,40,863,335,51,4,1253,0,0,0,1253
06/07/2011,EWR,NJ,AEA,EN,Towers with Radar,859,338,21,0,1218,0,2,28,5,35,859,340,49,5,1253,0,0,0,1253
06/08/2011,EWR,NJ,AEA,EN,Towers with Radar,880,353,17,2,1252,0,0,55,0,55,880,353,72,2,1307,0,0,0,1307
06/09/2011,EWR,NJ,AEA,EN,Towers with Radar,764,286,25,0,1075,0,0,35,0,35,764,286,60,0,1110,0,0,0,1110
06/10/2011,EWR,NJ,AEA,EN,Towers with Radar,926,337,25,0,1288,0,0,55,0,55,926,337,80,0,1343,0,0,0,1343
06/11/2011,EWR,NJ,AEA,EN,Towers with Radar,733,270,8,0,1011,0,0,12,0,12,733,270,20,0,1023,0,0,0,1023
06/12/2011,EWR,NJ,AEA,EN,Towers with Radar,783,325,9,0,1117,0,0,19,0,19,783,325,28,0,1136,0,0,0,1136
06/13/2011,EWR,NJ,AEA,EN,Towers with Radar,852,352,9,0,1213,0,3,44,2,49,852,355,53,2,1262,0,0,0,1262
06/14/2011,EWR,NJ,AEA,EN,Towers with Radar,844,356,8,0,1208,0,0,40,20,60,844,356,48,20,1268,0,0,0,1268
06/15/2011,EWR,NJ,AEA,EN,Towers with Radar,903,366,18,0,1287,0,0,43,0,43,903,366,61,0,1330,0,0,0,1330
06/16/2011,EWR,NJ,AEA,EN,Towers with Radar,889,374,26,0,1289,0,0,45,0,45,889,374,71,0,1334,0,0,0,1334
06/17/2011,EWR,NJ,AEA,EN,Towers with Radar,784,278,13,2,1077,0,1,40,0,41,784,279,53,2,1118,0,0,0,1118
06/18/2011,EWR,NJ,AEA,EN,Towers with Radar,782,268,8,0,1058,0,0,28,0,28,782,268,36,0,1086,0,0,0,1086
06/19/2011,EWR,NJ,AEA,EN,Towers with Radar,799,329,7,0,1135,0,0,43,0,43,799,329,50,0,1178,0,0,0,1178
06/20/2011,EWR,NJ,AEA,EN,Towers with Radar,854,362,12,0,1228,0,1,44,3,48,854,363,56,3,1276,0,0,0,1276
06/21/2011,EWR,NJ,AEA,EN,Towers with Radar,872,368,18,0,1258,0,1,24,5,30,872,369,42,5,1288,0,0,0,1288
06/22/2011,EWR,NJ,AEA,EN,Towers with Radar,853,333,13,1,1200,0,0,26,0,26,853,333,39,1,1226,0,0,0,1226
06/23/2011,EWR,NJ,AEA,EN,Towers with Radar,843,297,14,0,1154,1,0,6,0,7,844,297,20,0,1161,0,0,0,1161
06/24/2011,EWR,NJ,AEA,EN,Towers with Radar,844,322,24,0,1190,0,1,18,0,19,844,323,42,0,1209,0,0,0,1209
06/25/2011,EWR,NJ,AEA,EN,Towers with Radar,776,287,16,0,1079,0,0,16,0,16,776,287,32,0,1095,0,0,0,1095
06/26/2011,EWR,NJ,AEA,EN,Towers with Radar,789,323,20,0,1132,0,0,30,0,30,789,323,50,0,1162,0,0,0,1162
06/27/2011,EWR,NJ,AEA,EN,Towers with Radar,865,363,13,0,1241,0,4,38,0,42,865,367,51,0,1283,0,0,0,1283
06/28/2011,EWR,NJ,AEA,EN,Towers with Radar,860,358,13,0,1231,0,1,35,5,41,860,359,48,5,1272,0,0,0,1272
06/29/2011,EWR,NJ,AEA,EN,Towers with Radar,881,375,22,0,1278,0,0,47,4,51,881,375,69,4,1329,0,0,0,1329
06/30/2011,EWR,NJ,AEA,EN,Towers with Radar,889,381,21,0,1291,0,2,50,2,54,889,383,71,2,1345,0,0,0,1345
07/01/2011,EWR,NJ,AEA,EN,Towers with Radar,878,382,19,0,1279,0,0,49,0,49,878,382,68,0,1328,0,0,0,1328
07/02/2011,EWR,NJ,AEA,EN,Towers with Radar,736,274,17,0,1027,0,0,17,1,18,736,274,34,1,1045,0,0,0,1045
07/03/2011,EWR,NJ,AEA,EN,Towers with Radar,728,227,10,0,965,0,0,9,0,9,728,227,19,0,974,0,0,0,974
07/04/2011,EWR,NJ,AEA,EN,Towers with Radar,756,273,5,0,1034,0,0,32,0,32,756,273,37,0,1066,0,0,0,1066
07/05/2011,EWR,NJ,AEA,EN,Towers with Radar,844,369,8,0,1221,0,0,50,0,50,844,369,58,0,1271,0,0,0,1271
07/06/2011,EWR,NJ,AEA,EN,Towers with Radar,898,384,18,0,1300,0,0,38,0,38,898,384,56,0,1338,0,0,0,1338
07/07/2011,EWR,NJ,AEA,EN,Towers with Radar,879,362,16,2,1259,0,0,48,0,48,879,362,64,2,1307,0,0,0,1307
07/08/2011,EWR,NJ,AEA,EN,Towers with Radar,758,263,9,0,1030,0,1,39,3,43,758,264,48,3,1073,0,0,0,1073
07/09/2011,EWR,NJ,AEA,EN,Towers with Radar,798,294,11,0,1103,0,0,22,0,22,798,294,33,0,1125,0,0,0,1125
07/10/2011,EWR,NJ,AEA,EN,Towers with Radar,801,326,13,0,1140,0,0,45,0,45,801,326,58,0,1185,0,0,0,1185
07/11/2011,EWR,NJ,AEA,EN,Towers with Radar,852,360,10,1,1223,0,0,47,4,51,852,360,57,5,1274,0,0,0,1274
07/12/2011,EWR,NJ,AEA,EN,Towers with Radar,879,364,11,0,1254,0,3,36,5,44,879,367,47,5,1298,0,0,0,1298
07/13/2011,EWR,NJ,AEA,EN,Towers with Radar,886,377,8,1,1272,0,0,46,4,50,886,377,54,5,1322,0,0,0,1322
07/14/2011,EWR,NJ,AEA,EN,Towers with Radar,895,381,8,0,1284,0,0,58,4,62,895,381,66,4,1346,0,0,0,1346
07/15/2011,EWR,NJ,AEA,EN,Towers with Radar,885,366,19,0,1270,0,2,79,0,81,885,368,98,0,1351,0,0,0,1351
07/16/2011,EWR,NJ,AEA,EN,Towers with Radar,748,267,13,1,1029,0,1,19,0,20,748,268,32,1,1049,0,0,0,1049
07/17/2011,EWR,NJ,AEA,EN,Towers with Radar,803,316,15,0,1134,0,0,35,0,35,803,316,50,0,1169,0,0,0,1169
07/18/2011,EWR,NJ,AEA,EN,Towers with Radar,840,335,22,1,1198,0,0,61,0,61,840,335,83,1,1259,0,0,0,1259
07/19/2011,EWR,NJ,AEA,EN,Towers with Radar,882,354,10,0,1246,0,2,42,2,46,882,356,52,2,1292,0,0,0,1292
07/20/2011,EWR,NJ,AEA,EN,Towers with Radar,917,385,27,0,1329,0,1,50,0,51,917,386,77,0,1380,0,0,0,1380
07/21/2011,EWR,NJ,AEA,EN,Towers with Radar,886,379,25,0,1290,0,0,38,0,38,886,379,63,0,1328,0,0,0,1328
07/22/2011,EWR,NJ,AEA,EN,Towers with Radar,872,371,27,0,1270,0,0,66,0,66,872,371,93,0,1336,0,0,0,1336
07/23/2011,EWR,NJ,AEA,EN,Towers with Radar,767,287,20,0,1074,0,0,30,0,30,767,287,50,0,1104,0,0,0,1104
07/24/2011,EWR,NJ,AEA,EN,Towers with Radar,796,334,15,0,1145,0,1,28,0,29,796,335,43,0,1174,0,0,0,1174
07/25/2011,EWR,NJ,AEA,EN,Towers with Radar,759,261,11,0,1031,0,0,46,4,50,759,261,57,4,1081,0,0,0,1081
07/26/2011,EWR,NJ,AEA,EN,Towers with Radar,898,368,18,3,1287,0,0,41,0,41,898,368,59,3,1328,0,0,0,1328
07/27/2011,EWR,NJ,AEA,EN,Towers with Radar,887,398,18,2,1305,0,1,53,6,60,887,399,71,8,1365,0,0,0,1365
07/28/2011,EWR,NJ,AEA,EN,Towers with Radar,883,381,16,0,1280,0,2,58,0,60,883,383,74,0,1340,0,0,0,1340
07/29/2011,EWR,NJ,AEA,EN,Towers with Radar,820,320,8,1,1149,0,2,54,2,58,820,322,62,3,1207,0,0,0,1207
07/30/2011,EWR,NJ,AEA,EN,Towers with Radar,807,304,11,0,1122,0,0,26,0,26,807,304,37,0,1148,0,0,0,1148
07/31/2011,EWR,NJ,AEA,EN,Towers with Radar,812,320,26,1,1159,0,2,39,0,41,812,322,65,1,1200,0,0,0,1200
08/01/2011,EWR,NJ,AEA,EN,Towers with Radar,796,299,13,1,1109,0,2,56,4,62,796,301,69,5,1171,0,0,0,1171
08/02/2011,EWR,NJ,AEA,EN,Towers with Radar,918,400,11,0,1329,0,0,42,6,48,918,400,53,6,1377,0,0,0,1377
08/03/2011,EWR,NJ,AEA,EN,Towers with Radar,897,343,15,0,1255,1,1,38,3,43,898,344,53,3,1298,0,0,0,1298
08/04/2011,EWR,NJ,AEA,EN,Towers with Radar,909,395,9,0,1313,0,0,45,0,45,909,395,54,0,1358,0,0,0,1358
08/05/2011,EWR,NJ,AEA,EN,Towers with Radar,886,381,11,0,1278,0,0,63,4,67,886,381,74,4,1345,0,0,0,1345
08/06/2011,EWR,NJ,AEA,EN,Towers with Radar,748,284,6,0,1038,0,0,32,0,32,748,284,38,0,1070,0,0,0,1070
08/07/2011,EWR,NJ,AEA,EN,Towers with Radar,789,320,10,0,1119,0,0,34,0,34,789,320,44,0,1153,0,0,0,1153
08/08/2011,EWR,NJ,AEA,EN,Towers with Radar,862,360,14,1,1237,0,0,48,4,52,862,360,62,5,1289,0,0,0,1289
08/09/2011,EWR,NJ,AEA,EN,Towers with Radar,849,302,7,1,1159,0,1,40,4,45,849,303,47,5,1204,0,0,0,1204
08/10/2011,EWR,NJ,AEA,EN,Towers with Radar,910,390,9,1,1310,0,2,32,1,35,910,392,41,2,1345,0,0,0,1345
08/11/2011,EWR,NJ,AEA,EN,Towers with Radar,898,388,10,0,1296,0,0,41,1,42,898,388,51,1,1338,0,0,0,1338
08/12/2011,EWR,NJ,AEA,EN,Towers with Radar,896,374,13,0,1283,0,0,46,0,46,896,374,59,0,1329,0,0,0,1329
08/13/2011,EWR,NJ,AEA,EN,Towers with Radar,740,297,14,1,1052,0,2,23,0,25,740,299,37,1,1077,0,0,0,1077
08/14/2011,EWR,NJ,AEA,EN,Towers with Radar,767,281,10,0,1058,0,0,5,0,5,767,281,15,0,1063,0,0,0,1063
08/15/2011,EWR,NJ,AEA,EN,Towers with Radar,808,288,17,0,1113,0,0,35,3,38,808,288,52,3,1151,0,0,0,1151
08/16/2011,EWR,NJ,AEA,EN,Towers with Radar,897,381,14,0,1292,0,0,37,0,37,897,381,51,0,1329,0,0,0,1329
08/17/2011,EWR,NJ,AEA,EN,Towers with Radar,881,383,8,0,1272,1,0,57,2,60,882,383,65,2,1332,0,0,0,1332
08/18/2011,EWR,NJ,AEA,EN,Towers with Radar,839,321,16,0,1176,0,2,43,6,51,839,323,59,6,1227,0,0,0,1227
08/19/2011,EWR,NJ,AEA,EN,Towers with Radar,773,273,10,0,1056,0,2,50,0,52,773,275,60,0,1108,0,0,0,1108
08/20/2011,EWR,NJ,AEA,EN,Towers with Radar,808,293,18,0,1119,0,2,23,0,25,808,295,41,0,1144,0,0,0,1144
08/21/2011,EWR,NJ,AEA,EN,Towers with Radar,705,226,6,0,937,0,0,22,0,22,705,226,28,0,959,0,0,0,959
08/22/2011,EWR,NJ,AEA,EN,Towers with Radar,885,375,6,1,1267,0,0,48,3,51,885,375,54,4,1318,0,0,0,1318
08/23/2011,EWR,NJ,AEA,EN,Towers with Radar,863,355,9,0,1227,0,0,29,4,33,863,355,38,4,1260,0,0,0,1260
08/24/2011,EWR,NJ,AEA,EN,Towers with Radar,859,381,10,0,1250,0,0,47,4,51,859,381,57,4,1301,0,0,0,1301
08/25/2011,EWR,NJ,AEA,EN,Towers with Radar,812,262,8,0,1082,0,0,39,0,39,812,262,47,0,1121,0,0,0,1121
08/26/2011,EWR,NJ,AEA,EN,Towers with Radar,915,355,14,0,1284,0,0,42,0,42,915,355,56,0,1326,0,0,0,1326
08/27/2011,EWR,NJ,AEA,EN,Towers with Radar,133,24,2,0,159,0,0,3,0,3,133,24,5,0,162,0,0,0,162
08/28/2011,EWR,NJ,AEA,EN,Towers with Radar,0,0,0,0,0,0,0,0,0,0,0,0,0,0,0,0,0,0,0
08/29/2011,EWR,NJ,AEA,EN,Towers with Radar,543,153,37,0,733,0,2,55,5,62,543,155,92,5,795,0,0,0,795
08/30/2011,EWR,NJ,AEA,EN,Towers with Radar,833,385,38,3,1259,0,2,63,0,65,833,387,101,3,1324,0,0,0,1324
08/31/2011,EWR,NJ,AEA,EN,Towers with Radar,824,372,24,0,1220,0,1,53,1,55,824,373,77,1,1275,0,0,0,1275
09/01/2011,EWR,NJ,AEA,EN,Towers with Radar,851,377,17,0,1245,0,0,45,0,45,851,377,62,0,1290,0,0,0,1290
09/02/2011,EWR,NJ,AEA,EN,Towers with Radar,847,371,6,6,1230,0,4,46,2,52,847,375,52,8,1282,0,0,0,1282
09/03/2011,EWR,NJ,AEA,EN,Towers with Radar,658,216,5,2,881,0,0,20,0,20,658,216,25,2,901,0,0,0,901
09/04/2011,EWR,NJ,AEA,EN,Towers with Radar,623,195,7,9,834,0,3,15,2,20,623,198,22,11,854,0,0,0,854
09/05/2011,EWR,NJ,AEA,EN,Towers with Radar,740,276,9,0,1025,0,0,43,0,43,740,276,52,0,1068,0,0,0,1068
09/06/2011,EWR,NJ,AEA,EN,Towers with Radar,721,293,19,5,1038,0,0,26,2,28,721,293,45,7,1066,0,0,0,1066
09/07/2011,EWR,NJ,AEA,EN,Towers with Radar,761,303,30,2,1096,0,0,0,0,0,761,303,30,2,1096,0,0,0,1096
09/08/2011,EWR,NJ,AEA,EN,Towers with Radar,829,356,25,0,1210,0,0,34,0,34,829,356,59,0,1244,0,0,0,1244
09/09/2011,EWR,NJ,AEA,EN,Towers with Radar,831,385,20,2,1238,0,0,50,0,50,831,385,70,2,1288,0,0,0,1288
09/10/2011,EWR,NJ,AEA,EN,Towers with Radar,651,223,21,0,895,0,2,31,0,33,651,225,52,0,928,0,0,0,928
09/11/2011,EWR,NJ,AEA,EN,Towers with Radar,714,310,17,0,1041,0,0,24,0,24,714,310,41,0,1065,0,0,0,1065
09/12/2011,EWR,NJ,AEA,EN,Towers with Radar,801,356,15,0,1172,0,0,35,0,35,801,356,50,0,1207,0,0,0,1207
09/13/2011,EWR,NJ,AEA,EN,Towers with Radar,769,374,13,0,1156,0,1,26,5,32,769,375,39,5,1188,0,0,0,1188
09/14/2011,EWR,NJ,AEA,EN,Towers with Radar,781,373,16,0,1170,0,0,44,2,46,781,373,60,2,1216,0,0,0,1216
09/15/2011,EWR,NJ,AEA,EN,Towers with Radar,830,384,14,0,1228,0,0,34,0,34,830,384,48,0,1262,0,0,0,1262
09/16/2011,EWR,NJ,AEA,EN,Towers with Radar,825,376,18,0,1219,1,3,61,0,65,826,379,79,0,1284,0,0,0,1284
09/17/2011,EWR,NJ,AEA,EN,Towers with Radar,651,222,15,0,888,0,3,22,0,25,651,225,37,0,913,0,0,0,913
09/18/2011,EWR,NJ,AEA,EN,Towers with Radar,735,301,39,0,1075,0,3,30,0,33,735,304,69,0,1108,0,0,0,1108
09/19/2011,EWR,NJ,AEA,EN,Towers with Radar,792,349,29,0,1170,0,0,18,4,22,792,349,47,4,1192,0,0,0,1192
09/20/2011,EWR,NJ,AEA,EN,Towers with Radar,799,379,32,0,1210,0,0,13,0,13,799,379,45,0,1223,0,0,0,1223
09/21/2011,EWR,NJ,AEA,EN,Towers with Radar,786,366,22,0,1174,0,0,22,0,22,786,366,44,0,1196,0,0,0,1196
09/22/2011,EWR,NJ,AEA,EN,Towers with Radar,830,363,33,0,1226,0,0,21,0,21,830,363,54,0,1247,0,0,0,1247
09/23/2011,EWR,NJ,AEA,EN,Towers with Radar,801,337,25,0,1163,0,1,0,0,1,801,338,25,0,1164,0,0,0,1164
09/24/2011,EWR,NJ,AEA,EN,Towers with Radar,684,218,15,0,917,0,0,21,0,21,684,218,36,0,938,0,0,0,938
09/25/2011,EWR,NJ,AEA,EN,Towers with Radar,718,283,24,0,1025,0,2,33,0,35,718,285,57,0,1060,0,0,0,1060
09/26/2011,EWR,NJ,AEA,EN,Towers with Radar,800,366,24,0,1190,0,0,29,0,29,800,366,53,0,1219,0,0,0,1219
09/27/2011,EWR,NJ,AEA,EN,Towers with Radar,773,366,32,0,1171,0,0,14,4,18,773,366,46,4,1189,0,0,0,1189
09/28/2011,EWR,NJ,AEA,EN,Towers with Radar,792,377,25,0,1194,0,1,29,0,30,792,378,54,0,1224,0,0,0,1224
09/29/2011,EWR,NJ,AEA,EN,Towers with Radar,738,295,14,0,1047,0,0,14,0,14,738,295,28,0,1061,0,0,0,1061
09/30/2011,EWR,NJ,AEA,EN,Towers with Radar,825,335,18,0,1178,0,0,50,0,50,825,335,68,0,1228,0,0,0,1228
10/01/2011,EWR,NJ,AEA,EN,Towers with Radar,661,217,11,0,889,0,0,28,0,28,661,217,39,0,917,0,0,0,917
10/02/2011,EWR,NJ,AEA,EN,Towers with Radar,749,297,12,0,1058,0,0,27,0,27,749,297,39,0,1085,0,0,0,1085
10/03/2011,EWR,NJ,AEA,EN,Towers with Radar,797,346,12,0,1155,0,2,27,1,30,797,348,39,1,1185,0,0,0,1185
10/04/2011,EWR,NJ,AEA,EN,Towers with Radar,782,372,28,0,1182,0,0,35,0,35,782,372,63,0,1217,0,0,0,1217
10/05/2011,EWR,NJ,AEA,EN,Towers with Radar,801,380,16,0,1197,0,0,33,1,34,801,380,49,1,1231,0,0,0,1231
10/06/2011,EWR,NJ,AEA,EN,Towers with Radar,829,384,40,2,1255,0,0,39,1,40,829,384,79,3,1295,0,0,0,1295
10/07/2011,EWR,NJ,AEA,EN,Towers with Radar,835,372,17,3,1227,0,1,37,0,38,835,373,54,3,1265,0,0,0,1265
10/08/2011,EWR,NJ,AEA,EN,Towers with Radar,660,242,7,0,909,0,0,21,0,21,660,242,28,0,930,0,0,0,930
10/09/2011,EWR,NJ,AEA,EN,Towers with Radar,748,306,12,0,1066,0,0,18,0,18,748,306,30,0,1084,0,0,0,1084
10/10/2011,EWR,NJ,AEA,EN,Towers with Radar,807,358,15,0,1180,0,0,39,0,39,807,358,54,0,1219,0,0,0,1219
10/11/2011,EWR,NJ,AEA,EN,Towers with Radar,794,372,17,2,1185,0,0,32,4,36,794,372,49,6,1221,0,0,0,1221
10/12/2011,EWR,NJ,AEA,EN,Towers with Radar,792,370,3,0,1165,0,0,35,0,35,792,370,38,0,1200,0,0,0,1200
10/13/2011,EWR,NJ,AEA,EN,Towers with Radar,797,315,15,1,1128,0,0,7,0,7,797,315,22,1,1135,0,0,0,1135
10/14/2011,EWR,NJ,AEA,EN,Towers with Radar,844,340,21,0,1205,0,1,18,1,20,844,341,39,1,1225,0,0,0,1225
10/15/2011,EWR,NJ,AEA,EN,Towers with Radar,666,236,9,0,911,0,0,24,0,24,666,236,33,0,935,0,0,0,935
10/16/2011,EWR,NJ,AEA,EN,Towers with Radar,750,313,21,0,1084,0,0,23,2,25,750,313,44,2,1109,0,0,0,1109
10/17/2011,EWR,NJ,AEA,EN,Towers with Radar,801,336,22,0,1159,0,2,32,6,40,801,338,54,6,1199,0,0,0,1199
10/18/2011,EWR,NJ,AEA,EN,Towers with Radar,784,374,21,0,1179,0,0,41,4,45,784,374,62,4,1224,0,0,0,1224
10/19/2011,EWR,NJ,AEA,EN,Towers with Radar,740,329,22,0,1091,0,0,3,0,3,740,329,25,0,1094,0,0,0,1094
10/20/2011,EWR,NJ,AEA,EN,Towers with Radar,847,382,24,0,1253,0,0,39,4,43,847,382,63,4,1296,0,0,0,1296
10/21/2011,EWR,NJ,AEA,EN,Towers with Radar,795,354,14,0,1163,0,3,35,1,39,795,357,49,1,1202,0,0,0,1202
10/22/2011,EWR,NJ,AEA,EN,Towers with Radar,652,233,4,0,889,0,0,23,0,23,652,233,27,0,912,0,0,0,912
10/23/2011,EWR,NJ,AEA,EN,Towers with Radar,739,309,18,0,1066,0,0,22,0,22,739,309,40,0,1088,0,0,0,1088
10/24/2011,EWR,NJ,AEA,EN,Towers with Radar,800,355,17,0,1172,0,0,33,0,33,800,355,50,0,1205,0,0,0,1205
10/25/2011,EWR,NJ,AEA,EN,Towers with Radar,787,378,15,0,1180,0,3,34,0,37,787,381,49,0,1217,0,0,0,1217
10/26/2011,EWR,NJ,AEA,EN,Towers with Radar,791,373,17,0,1181,0,0,28,0,28,791,373,45,0,1209,0,0,0,1209
10/27/2011,EWR,NJ,AEA,EN,Towers with Radar,804,300,11,0,1115,0,0,5,0,5,804,300,16,0,1120,0,0,0,1120
10/28/2011,EWR,NJ,AEA,EN,Towers with Radar,852,372,19,0,1243,0,0,55,0,55,852,372,74,0,1298,0,0,0,1298
10/29/2011,EWR,NJ,AEA,EN,Towers with Radar,375,92,15,0,482,0,0,6,0,6,375,92,21,0,488,0,0,0,488
10/30/2011,EWR,NJ,AEA,EN,Towers with Radar,710,264,22,0,996,0,0,29,1,30,710,264,51,1,1026,0,0,0,1026
10/31/2011,EWR,NJ,AEA,EN,Towers with Radar,792,343,18,0,1153,0,0,20,0,20,792,343,38,0,1173,0,0,0,1173
11/01/2011,EWR,NJ,AEA,EN,Towers with Radar,797,378,9,0,1184,0,0,34,1,35,797,378,43,1,1219,0,0,0,1219
11/02/2011,EWR,NJ,AEA,EN,Towers with Radar,804,376,29,0,1209,0,0,35,0,35,804,376,64,0,1244,0,0,0,1244
11/03/2011,EWR,NJ,AEA,EN,Towers with Radar,838,385,10,1,1234,0,0,35,4,39,838,385,45,5,1273,0,0,0,1273
11/04/2011,EWR,NJ,AEA,EN,Towers with Radar,824,375,17,0,1216,0,0,44,0,44,824,375,61,0,1260,0,0,0,1260
11/05/2011,EWR,NJ,AEA,EN,Towers with Radar,670,228,11,0,909,0,0,22,0,22,670,228,33,0,931,0,0,0,931
11/06/2011,EWR,NJ,AEA,EN,Towers with Radar,768,328,15,0,1111,0,0,21,0,21,768,328,36,0,1132,0,0,0,1132
11/07/2011,EWR,NJ,AEA,EN,Towers with Radar,829,352,16,0,1197,0,0,40,2,42,829,352,56,2,1239,0,0,0,1239
11/08/2011,EWR,NJ,AEA,EN,Towers with Radar,812,364,26,0,1202,0,1,39,0,40,812,365,65,0,1242,0,0,0,1242
11/09/2011,EWR,NJ,AEA,EN,Towers with Radar,844,366,29,0,1239,0,0,17,0,17,844,366,46,0,1256,0,0,0,1256
11/10/2011,EWR,NJ,AEA,EN,Towers with Radar,858,338,22,0,1218,0,1,13,3,17,858,339,35,3,1235,0,0,0,1235
11/11/2011,EWR,NJ,AEA,EN,Towers with Radar,857,354,15,1,1227,0,0,37,0,37,857,354,52,1,1264,0,0,0,1264
11/12/2011,EWR,NJ,AEA,EN,Towers with Radar,697,233,3,0,933,0,0,24,2,26,697,233,27,2,959,0,0,0,959
11/13/2011,EWR,NJ,AEA,EN,Towers with Radar,763,324,15,1,1103,0,0,15,0,15,763,324,30,1,1118,0,0,0,1118
11/14/2011,EWR,NJ,AEA,EN,Towers with Radar,826,351,20,1,1198,0,3,23,0,26,826,354,43,1,1224,0,0,0,1224
11/15/2011,EWR,NJ,AEA,EN,Towers with Radar,829,349,26,2,1206,0,1,33,3,37,829,350,59,5,1243,0,0,0,1243
11/16/2011,EWR,NJ,AEA,EN,Towers with Radar,817,356,23,1,1197,0,0,14,0,14,817,356,37,1,1211,0,0,0,1211
11/17/2011,EWR,NJ,AEA,EN,Towers with Radar,870,337,17,1,1225,0,3,28,2,33,870,340,45,3,1258,0,0,0,1258
11/18/2011,EWR,NJ,AEA,EN,Towers with Radar,866,370,16,1,1253,0,0,30,1,31,866,370,46,2,1284,0,0,0,1284
11/19/2011,EWR,NJ,AEA,EN,Towers with Radar,713,232,8,0,953,0,0,23,0,23,713,232,31,0,976,0,0,0,976
11/20/2011,EWR,NJ,AEA,EN,Towers with Radar,750,314,18,2,1084,0,0,15,0,15,750,314,33,2,1099,0,0,0,1099
11/21/2011,EWR,NJ,AEA,EN,Towers with Radar,807,357,12,0,1176,0,0,26,3,29,807,357,38,3,1205,0,0,0,1205
11/22/2011,EWR,NJ,AEA,EN,Towers with Radar,831,345,14,0,1190,0,1,13,0,14,831,346,27,0,1204,0,0,0,1204
11/23/2011,EWR,NJ,AEA,EN,Towers with Radar,847,370,21,0,1238,0,0,16,0,16,847,370,37,0,1254,0,0,0,1254
11/24/2011,EWR,NJ,AEA,EN,Towers with Radar,590,205,3,0,798,0,0,16,0,16,590,205,19,0,814,0,0,0,814
11/25/2011,EWR,NJ,AEA,EN,Towers with Radar,653,229,4,0,886,0,0,21,0,21,653,229,25,0,907,0,0,0,907
11/26/2011,EWR,NJ,AEA,EN,Towers with Radar,714,283,6,0,1003,0,1,14,0,15,714,284,20,0,1018,0,0,0,1018
11/27/2011,EWR,NJ,AEA,EN,Towers with Radar,805,375,36,0,1216,0,0,25,0,25,805,375,61,0,1241,0,0,0,1241
11/28/2011,EWR,NJ,AEA,EN,Towers with Radar,829,352,19,0,1200,0,0,25,0,25,829,352,44,0,1225,0,0,0,1225
11/29/2011,EWR,NJ,AEA,EN,Towers with Radar,787,300,14,2,1103,0,0,15,0,15,787,300,29,2,1118,0,0,0,1118
11/30/2011,EWR,NJ,AEA,EN,Towers with Radar,850,358,22,0,1230,0,0,23,0,23,850,358,45,0,1253,0,0,0,1253
12/01/2011,EWR,NJ,AEA,EN,Towers with Radar,863,362,13,0,1238,1,0,13,2,16,864,362,26,2,1254,0,0,0,1254
12/02/2011,EWR,NJ,AEA,EN,Towers with Radar,855,349,13,2,1219,0,0,21,0,21,855,349,34,2,1240,0,0,0,1240
12/03/2011,EWR,NJ,AEA,EN,Towers with Radar,670,235,23,0,928,0,1,15,0,16,670,236,38,0,944,0,0,0,944
12/04/2011,EWR,NJ,AEA,EN,Towers with Radar,742,319,13,0,1074,0,0,12,0,12,742,319,25,0,1086,0,0,0,1086
12/05/2011,EWR,NJ,AEA,EN,Towers with Radar,791,323,37,0,1151,0,0,3,0,3,791,323,40,0,1154,0,0,0,1154
12/06/2011,EWR,NJ,AEA,EN,Towers with Radar,815,348,16,0,1179,0,0,7,0,7,815,348,23,0,1186,0,0,0,1186
12/07/2011,EWR,NJ,AEA,EN,Towers with Radar,790,317,27,0,1134,0,0,1,0,1,790,317,28,0,1135,0,0,0,1135
12/08/2011,EWR,NJ,AEA,EN,Towers with Radar,886,370,22,0,1278,0,0,16,4,20,886,370,38,4,1298,0,0,0,1298
12/09/2011,EWR,NJ,AEA,EN,Towers with Radar,850,361,15,0,1226,0,0,15,0,15,850,361,30,0,1241,0,0,0,1241
12/10/2011,EWR,NJ,AEA,EN,Towers with Radar,681,233,18,0,932,0,0,6,0,6,681,233,24,0,938,0,0,0,938
12/11/2011,EWR,NJ,AEA,EN,Towers with Radar,755,316,8,0,1079,0,0,6,0,6,755,316,14,0,1085,0,0,0,1085
12/12/2011,EWR,NJ,AEA,EN,Towers with Radar,812,351,16,0,1179,0,0,17,0,17,812,351,33,0,1196,0,0,0,1196
12/13/2011,EWR,NJ,AEA,EN,Towers with Radar,828,362,15,0,1205,0,0,14,3,17,828,362,29,3,1222,0,0,0,1222
12/14/2011,EWR,NJ,AEA,EN,Towers with Radar,842,363,19,0,1224,0,0,11,1,12,842,363,30,1,1236,0,0,0,1236
12/15/2011,EWR,NJ,AEA,EN,Towers with Radar,859,319,14,0,1192,0,0,15,2,17,859,319,29,2,1209,0,0,0,1209
12/16/2011,EWR,NJ,AEA,EN,Towers with Radar,916,368,8,0,1292,0,0,25,0,25,916,368,33,0,1317,0,0,0,1317
12/17/2011,EWR,NJ,AEA,EN,Towers with Radar,778,275,15,0,1068,0,0,8,0,8,778,275,23,0,1076,0,0,0,1076
12/18/2011,EWR,NJ,AEA,EN,Towers with Radar,786,314,6,0,1106,0,0,11,0,11,786,314,17,0,1117,0,0,0,1117
12/19/2011,EWR,NJ,AEA,EN,Towers with Radar,821,308,13,1,1143,0,0,11,0,11,821,308,24,1,1154,0,0,0,1154
12/20/2011,EWR,NJ,AEA,EN,Towers with Radar,890,326,10,1,1227,0,1,11,2,14,890,327,21,3,1241,0,0,0,1241
12/21/2011,EWR,NJ,AEA,EN,Towers with Radar,852,287,6,0,1145,0,0,8,0,8,852,287,14,0,1153,0,0,0,1153
12/22/2011,EWR,NJ,AEA,EN,Towers with Radar,961,417,11,0,1389,0,0,7,0,7,961,417,18,0,1396,0,0,0,1396
12/23/2011,EWR,NJ,AEA,EN,Towers with Radar,914,374,9,0,1297,0,0,9,0,9,914,374,18,0,1306,0,0,0,1306
12/24/2011,EWR,NJ,AEA,EN,Towers with Radar,691,236,8,0,935,0,1,4,0,5,691,237,12,0,940,0,0,0,940
12/25/2011,EWR,NJ,AEA,EN,Towers with Radar,621,258,2,0,881,1,2,2,0,5,622,260,4,0,886,0,0,0,886
12/26/2011,EWR,NJ,AEA,EN,Towers with Radar,778,347,5,0,1130,0,0,0,0,0,778,347,5,0,1130,0,0,0,1130
12/27/2011,EWR,NJ,AEA,EN,Towers with Radar,785,288,0,0,1073,0,0,3,0,3,785,288,3,0,1076,0,0,0,1076
12/28/2011,EWR,NJ,AEA,EN,Towers with Radar,896,384,4,0,1284,0,0,6,0,6,896,384,10,0,1290,0,0,0,1290
12/29/2011,EWR,NJ,AEA,EN,Towers with Radar,879,374,3,0,1256,0,0,11,0,11,879,374,14,0,1267,0,0,0,1267
12/30/2011,EWR,NJ,AEA,EN,Towers with Radar,852,361,7,0,1220,0,2,9,0,11,852,363,16,0,1231,0,0,0,1231
12/31/2011,EWR,NJ,AEA,EN,Towers with Radar,693,232,2,0,927,0,0,1,0,1,693,232,3,0,928,0,0,0,928
01/01/2012,EWR,NJ,AEA,EN,Towers with Radar,695,278,4,0,977,0,0,4,0,4,695,278,8,0,981,0,0,0,981
01/02/2012,EWR,NJ,AEA,EN,Towers with Radar,798,297,14,0,1109,0,0,10,0,10,798,297,24,0,1119,0,0,0,1119
01/03/2012,EWR,NJ,AEA,EN,Towers with Radar,787,352,2,0,1141,0,0,10,0,10,787,352,12,0,1151,0,0,0,1151
01/04/2012,EWR,NJ,AEA,EN,Towers with Radar,810,375,4,0,1189,0,0,6,0,6,810,375,10,0,1195,0,0,0,1195
01/05/2012,EWR,NJ,AEA,EN,Towers with Radar,838,368,9,0,1215,0,0,7,0,7,838,368,16,0,1222,0,0,0,1222
01/06/2012,EWR,NJ,AEA,EN,Towers with Radar,825,374,2,2,1203,0,0,12,0,12,825,374,14,2,1215,0,0,0,1215
01/07/2012,EWR,NJ,AEA,EN,Towers with Radar,672,208,4,0,884,0,0,3,0,3,672,208,7,0,887,0,0,0,887
01/08/2012,EWR,NJ,AEA,EN,Towers with Radar,735,311,6,1,1053,0,0,9,0,9,735,311,15,1,1062,0,0,0,1062
01/09/2012,EWR,NJ,AEA,EN,Towers with Radar,790,346,24,0,1160,0,0,8,0,8,790,346,32,0,1168,0,0,0,1168
01/10/2012,EWR,NJ,AEA,EN,Towers with Radar,789,377,6,0,1172,0,0,7,4,11,789,377,13,4,1183,0,0,0,1183
01/11/2012,EWR,NJ,AEA,EN,Towers with Radar,783,368,19,0,1170,0,0,6,3,9,783,368,25,3,1179,0,0,0,1179
01/12/2012,EWR,NJ,AEA,EN,Towers with Radar,789,358,11,0,1158,0,0,8,0,8,789,358,19,0,1166,0,0,0,1166
01/13/2012,EWR,NJ,AEA,EN,Towers with Radar,776,329,12,0,1117,0,0,11,0,11,776,329,23,0,1128,0,0,0,1128
01/14/2012,EWR,NJ,AEA,EN,Towers with Radar,653,217,5,0,875,0,0,6,0,6,653,217,11,0,881,0,0,0,881
01/15/2012,EWR,NJ,AEA,EN,Towers with Radar,712,300,6,0,1018,0,0,4,0,4,712,300,10,0,1022,0,0,0,1022
01/16/2012,EWR,NJ,AEA,EN,Towers with Radar,792,365,11,0,1168,0,0,8,1,9,792,365,19,1,1177,0,0,0,1177
01/17/2012,EWR,NJ,AEA,EN,Towers with Radar,753,357,12,0,1122,0,0,11,0,11,753,357,23,0,1133,0,0,0,1133
01/18/2012,EWR,NJ,AEA,EN,Towers with Radar,781,354,14,0,1149,0,0,11,0,11,781,354,25,0,1160,0,0,0,1160
01/19/2012,EWR,NJ,AEA,EN,Towers with Radar,820,375,15,2,1212,0,0,11,0,11,820,375,26,2,1223,0,0,0,1223
01/20/2012,EWR,NJ,AEA,EN,Towers with Radar,793,363,12,1,1169,0,0,13,0,13,793,363,25,1,1182,0,0,0,1182
01/21/2012,EWR,NJ,AEA,EN,Towers with Radar,593,140,8,1,742,0,0,0,0,0,593,140,8,1,742,0,0,0,742
01/22/2012,EWR,NJ,AEA,EN,Towers with Radar,722,302,8,1,1033,0,0,2,0,2,722,302,10,1,1035,0,0,0,1035
01/23/2012,EWR,NJ,AEA,EN,Towers with Radar,740,301,12,0,1053,0,0,0,0,0,740,301,12,0,1053,0,0,0,1053
01/24/2012,EWR,NJ,AEA,EN,Towers with Radar,804,395,3,0,1202,0,0,14,4,18,804,395,17,4,1220,0,0,0,1220
01/25/2012,EWR,NJ,AEA,EN,Towers with Radar,777,381,14,0,1172,0,0,11,0,11,777,381,25,0,1183,0,0,0,1183
01/26/2012,EWR,NJ,AEA,EN,Towers with Radar,835,371,13,0,1219,0,0,10,0,10,835,371,23,0,1229,0,0,0,1229
01/27/2012,EWR,NJ,AEA,EN,Towers with Radar,778,313,16,0,1107,0,0,5,0,5,778,313,21,0,1112,0,0,0,1112
01/28/2012,EWR,NJ,AEA,EN,Towers with Radar,648,215,4,0,867,0,0,4,0,4,648,215,8,0,871,0,0,0,871
01/29/2012,EWR,NJ,AEA,EN,Towers with Radar,713,297,15,0,1025,0,0,3,0,3,713,297,18,0,1028,0,0,0,1028
01/30/2012,EWR,NJ,AEA,EN,Towers with Radar,785,353,6,0,1144,0,0,6,4,10,785,353,12,4,1154,0,0,0,1154
01/31/2012,EWR,NJ,AEA,EN,Towers with Radar,780,381,7,0,1168,0,0,20,5,25,780,381,27,5,1193,0,0,0,1193
02/01/2012,EWR,NJ,AEA,EN,Towers with Radar,792,376,27,2,1197,0,3,9,11,23,792,379,36,13,1220,0,0,0,1220
02/02/2012,EWR,NJ,AEA,EN,Towers with Radar,846,384,6,0,1236,0,0,15,0,15,846,384,21,0,1251,0,0,0,1251
02/03/2012,EWR,NJ,AEA,EN,Towers with Radar,820,381,19,0,1220,0,0,16,0,16,820,381,35,0,1236,0,0,0,1236
02/04/2012,EWR,NJ,AEA,EN,Towers with Radar,648,215,11,1,875,0,0,4,0,4,648,215,15,1,879,0,0,0,879
02/05/2012,EWR,NJ,AEA,EN,Towers with Radar,701,304,18,0,1023,0,0,6,0,6,701,304,24,0,1029,0,0,0,1029
02/06/2012,EWR,NJ,AEA,EN,Towers with Radar,821,358,17,0,1196,0,0,12,0,12,821,358,29,0,1208,0,0,0,1208
02/07/2012,EWR,NJ,AEA,EN,Towers with Radar,776,370,9,1,1156,0,0,12,4,16,776,370,21,5,1172,0,0,0,1172
02/08/2012,EWR,NJ,AEA,EN,Towers with Radar,791,365,16,0,1172,0,0,8,0,8,791,365,24,0,1180,0,0,0,1180
02/09/2012,EWR,NJ,AEA,EN,Towers with Radar,838,387,16,0,1241,0,0,10,4,14,838,387,26,4,1255,0,0,0,1255
02/10/2012,EWR,NJ,AEA,EN,Towers with Radar,821,364,17,0,1202,0,1,22,0,23,821,365,39,0,1225,0,0,0,1225
02/11/2012,EWR,NJ,AEA,EN,Towers with Radar,609,175,13,0,797,0,0,0,0,0,609,175,13,0,797,0,0,0,797
02/12/2012,EWR,NJ,AEA,EN,Towers with Radar,712,310,5,0,1027,0,0,2,0,2,712,310,7,0,1029,0,0,0,1029
02/13/2012,EWR,NJ,AEA,EN,Towers with Radar,784,356,11,0,1151,0,0,10,1,11,784,356,21,1,1162,0,0,0,1162
02/14/2012,EWR,NJ,AEA,EN,Towers with Radar,801,388,10,0,1199,0,0,13,0,13,801,388,23,0,1212,0,0,0,1212
02/15/2012,EWR,NJ,AEA,EN,Towers with Radar,793,374,11,2,1180,0,0,9,0,9,793,374,20,2,1189,0,0,0,1189
02/16/2012,EWR,NJ,AEA,EN,Towers with Radar,853,365,18,0,1236,0,0,11,0,11,853,365,29,0,1247,0,0,0,1247
02/17/2012,EWR,NJ,AEA,EN,Towers with Radar,860,366,21,2,1249,0,0,10,0,10,860,366,31,2,1259,0,0,0,1259
02/18/2012,EWR,NJ,AEA,EN,Towers with Radar,721,265,13,0,999,0,0,1,0,1,721,265,14,0,1000,0,0,0,1000
02/19/2012,EWR,NJ,AEA,EN,Towers with Radar,754,318,9,0,1081,0,0,0,1,1,754,318,9,1,1082,0,0,0,1082
02/20/2012,EWR,NJ,AEA,EN,Towers with Radar,810,358,10,0,1178,0,0,5,1,6,810,358,15,1,1184,0,0,0,1184
02/21/2012,EWR,NJ,AEA,EN,Towers with Radar,814,374,16,0,1204,0,0,14,0,14,814,374,30,0,1218,0,0,0,1218
02/22/2012,EWR,NJ,AEA,EN,Towers with Radar,807,376,11,0,1194,0,0,16,4,20,807,376,27,4,1214,0,0,0,1214
02/23/2012,EWR,NJ,AEA,EN,Towers with Radar,844,375,15,2,1236,0,0,13,2,15,844,375,28,4,1251,0,0,0,1251
02/24/2012,EWR,NJ,AEA,EN,Towers with Radar,774,307,11,0,1092,0,0,4,0,4,774,307,15,0,1096,0,0,0,1096
02/25/2012,EWR,NJ,AEA,EN,Towers with Radar,736,249,20,0,1005,0,0,2,0,2,736,249,22,0,1007,0,0,0,1007
02/26/2012,EWR,NJ,AEA,EN,Towers with Radar,776,315,11,0,1102,0,0,5,0,5,776,315,16,0,1107,0,0,0,1107
02/27/2012,EWR,NJ,AEA,EN,Towers with Radar,797,351,15,0,1163,0,0,10,0,10,797,351,25,0,1173,0,0,0,1173
02/28/2012,EWR,NJ,AEA,EN,Towers with Radar,808,384,10,0,1202,0,0,10,2,12,808,384,20,2,1214,0,0,0,1214
02/29/2012,EWR,NJ,AEA,EN,Towers with Radar,775,345,22,0,1142,0,0,7,0,7,775,345,29,0,1149,0,0,0,1149
03/01/2012,EWR,NJ,AEA,EN,Towers with Radar,856,372,12,0,1240,0,0,9,0,9,856,372,21,0,1249,0,0,0,1249
03/02/2012,EWR,NJ,AEA,EN,Towers with Radar,838,350,13,0,1201,0,0,12,0,12,838,350,25,0,1213,0,0,0,1213
03/03/2012,EWR,NJ,AEA,EN,Towers with Radar,692,245,12,0,949,0,0,2,0,2,692,245,14,0,951,0,0,0,951
03/04/2012,EWR,NJ,AEA,EN,Towers with Radar,763,338,6,0,1107,0,0,8,0,8,763,338,14,0,1115,0,0,0,1115
03/05/2012,EWR,NJ,AEA,EN,Towers with Radar,804,345,10,0,1159,0,0,4,0,4,804,345,14,0,1163,0,0,0,1163
03/06/2012,EWR,NJ,AEA,EN,Towers with Radar,827,387,20,0,1234,0,0,12,0,12,827,387,32,0,1246,0,0,0,1246
03/07/2012,EWR,NJ,AEA,EN,Towers with Radar,839,374,12,0,1225,0,0,9,0,9,839,374,21,0,1234,0,0,0,1234
03/08/2012,EWR,NJ,AEA,EN,Towers with Radar,843,373,18,0,1234,0,0,14,0,14,843,373,32,0,1248,0,0,0,1248
03/09/2012,EWR,NJ,AEA,EN,Towers with Radar,857,369,7,0,1233,0,2,13,1,16,857,371,20,1,1249,0,0,0,1249
03/10/2012,EWR,NJ,AEA,EN,Towers with Radar,711,263,8,0,982,0,0,9,0,9,711,263,17,0,991,0,0,0,991
03/11/2012,EWR,NJ,AEA,EN,Towers with Radar,776,326,14,0,1116,0,0,5,0,5,776,326,19,0,1121,0,0,0,1121
03/12/2012,EWR,NJ,AEA,EN,Towers with Radar,828,349,15,0,1192,1,0,11,0,12,829,349,26,0,1204,0,0,0,1204
03/13/2012,EWR,NJ,AEA,EN,Towers with Radar,826,388,17,0,1231,0,0,9,4,13,826,388,26,4,1244,0,0,0,1244
03/14/2012,EWR,NJ,AEA,EN,Towers with Radar,846,373,11,4,1234,0,0,12,0,12,846,373,23,4,1246,0,0,0,1246
03/15/2012,EWR,NJ,AEA,EN,Towers with Radar,865,367,11,0,1243,0,0,9,0,9,865,367,20,0,1252,0,0,0,1252
03/16/2012,EWR,NJ,AEA,EN,Towers with Radar,848,367,16,2,1233,0,0,3,0,3,848,367,19,2,1236,0,0,0,1236
03/17/2012,EWR,NJ,AEA,EN,Towers with Radar,717,276,24,0,1017,0,0,4,0,4,717,276,28,0,1021,0,0,0,1021
03/18/2012,EWR,NJ,AEA,EN,Towers with Radar,766,327,5,1,1099,0,0,5,0,5,766,327,10,1,1104,0,0,0,1104
03/19/2012,EWR,NJ,AEA,EN,Towers with Radar,816,374,10,5,1205,0,0,9,0,9,816,374,19,5,1214,0,0,0,1214
03/20/2012,EWR,NJ,AEA,EN,Towers with Radar,823,361,5,0,1189,0,0,3,1,4,823,361,8,1,1193,0,0,0,1193
03/21/2012,EWR,NJ,AEA,EN,Towers with Radar,849,380,13,0,1242,0,0,10,0,10,849,380,23,0,1252,0,0,0,1252
03/22/2012,EWR,NJ,AEA,EN,Towers with Radar,861,387,20,2,1270,0,0,4,4,8,861,387,24,6,1278,0,0,0,1278
03/23/2012,EWR,NJ,AEA,EN,Towers with Radar,854,379,13,0,1246,0,1,21,2,24,854,380,34,2,1270,0,0,0,1270
03/24/2012,EWR,NJ,AEA,EN,Towers with Radar,713,270,4,0,987,0,0,9,0,9,713,270,13,0,996,0,0,0,996
03/25/2012,EWR,NJ,AEA,EN,Towers with Radar,775,340,15,0,1130,0,0,0,0,0,775,340,15,0,1130,0,0,0,1130
03/26/2012,EWR,NJ,AEA,EN,Towers with Radar,830,358,16,0,1204,0,0,21,0,21,830,358,37,0,1225,0,0,0,1225
03/27/2012,EWR,NJ,AEA,EN,Towers with Radar,834,382,20,0,1236,0,0,18,4,22,834,382,38,4,1258,0,0,0,1258
03/28/2012,EWR,NJ,AEA,EN,Towers with Radar,847,385,9,0,1241,0,0,15,0,15,847,385,24,0,1256,0,0,0,1256
03/29/2012,EWR,NJ,AEA,EN,Towers with Radar,868,383,20,0,1271,0,0,15,4,19,868,383,35,4,1290,0,0,0,1290
03/30/2012,EWR,NJ,AEA,EN,Towers with Radar,855,382,9,0,1246,0,0,17,0,17,855,382,26,0,1263,0,0,0,1263
03/31/2012,EWR,NJ,AEA,EN,Towers with Radar,718,261,11,0,990,0,0,3,0,3,718,261,14,0,993,0,0,0,993
04/01/2012,EWR,NJ,AEA,EN,Towers with Radar,782,350,13,0,1145,1,0,5,0,6,783,350,18,0,1151,0,0,0,1151
04/02/2012,EWR,NJ,AEA,EN,Towers with Radar,819,370,7,0,1196,0,0,5,2,7,819,370,12,2,1203,0,0,0,1203
04/03/2012,EWR,NJ,AEA,EN,Towers with Radar,839,391,12,0,1242,0,0,13,4,17,839,391,25,4,1259,0,0,0,1259
04/04/2012,EWR,NJ,AEA,EN,Towers with Radar,844,384,12,0,1240,0,0,8,0,8,844,384,20,0,1248,0,0,0,1248
04/05/2012,EWR,NJ,AEA,EN,Towers with Radar,878,394,8,0,1280,0,0,15,0,15,878,394,23,0,1295,0,0,0,1295
04/06/2012,EWR,NJ,AEA,EN,Towers with Radar,850,382,4,0,1236,0,0,15,0,15,850,382,19,0,1251,0,0,0,1251
04/07/2012,EWR,NJ,AEA,EN,Towers with Radar,707,266,6,0,979,0,0,1,0,1,707,266,7,0,980,0,0,0,980
04/08/2012,EWR,NJ,AEA,EN,Towers with Radar,771,340,4,0,1115,0,0,6,0,6,771,340,10,0,1121,0,0,0,1121
04/09/2012,EWR,NJ,AEA,EN,Towers with Radar,790,326,3,0,1119,0,0,8,0,8,790,326,11,0,1127,0,0,0,1127
04/10/2012,EWR,NJ,AEA,EN,Towers with Radar,829,396,17,0,1242,0,3,13,2,18,829,399,30,2,1260,0,0,0,1260
04/11/2012,EWR,NJ,AEA,EN,Towers with Radar,832,383,18,0,1233,0,4,14,7,25,832,387,32,7,1258,0,0,0,1258
04/12/2012,EWR,NJ,AEA,EN,Towers with Radar,873,390,8,0,1271,0,0,13,4,17,873,390,21,4,1288,0,0,0,1288
04/13/2012,EWR,NJ,AEA,EN,Towers with Radar,867,389,13,0,1269,0,0,18,0,18,867,389,31,0,1287,0,0,0,1287
04/14/2012,EWR,NJ,AEA,EN,Towers with Radar,719,276,12,0,1007,0,0,3,0,3,719,276,15,0,1010,0,0,0,1010
04/15/2012,EWR,NJ,AEA,EN,Towers with Radar,768,344,17,0,1129,0,0,6,0,6,768,344,23,0,1135,0,0,0,1135
04/16/2012,EWR,NJ,AEA,EN,Towers with Radar,841,363,16,0,1220,0,1,13,0,14,841,364,29,0,1234,0,0,0,1234
04/17/2012,EWR,NJ,AEA,EN,Towers with Radar,834,386,29,0,1249,0,0,17,2,19,834,386,46,2,1268,0,0,0,1268
04/18/2012,EWR,NJ,AEA,EN,Towers with Radar,846,384,14,0,1244,0,0,14,0,14,846,384,28,0,1258,0,0,0,1258
04/19/2012,EWR,NJ,AEA,EN,Towers with Radar,893,390,11,0,1294,0,1,14,0,15,893,391,25,0,1309,0,0,0,1309
04/20/2012,EWR,NJ,AEA,EN,Towers with Radar,859,389,22,0,1270,0,1,17,0,18,859,390,39,0,1288,0,0,0,1288
04/21/2012,EWR,NJ,AEA,EN,Towers with Radar,718,224,12,0,954,0,0,5,0,5,718,224,17,0,959,0,0,0,959
04/22/2012,EWR,NJ,AEA,EN,Towers with Radar,716,276,11,0,1003,0,0,4,0,4,716,276,15,0,1007,0,0,0,1007
04/23/2012,EWR,NJ,AEA,EN,Towers with Radar,848,343,24,0,1215,0,0,8,0,8,848,343,32,0,1223,0,0,0,1223
04/24/2012,EWR,NJ,AEA,EN,Towers with Radar,841,390,16,0,1247,0,0,12,2,14,841,390,28,2,1261,0,0,0,1261
04/25/2012,EWR,NJ,AEA,EN,Towers with Radar,854,387,16,0,1257,1,0,21,0,22,855,387,37,0,1279,0,0,0,1279
04/26/2012,EWR,NJ,AEA,EN,Towers with Radar,879,379,20,0,1278,0,0,23,2,25,879,379,43,2,1303,0,0,0,1303
04/27/2012,EWR,NJ,AEA,EN,Towers with Radar,878,396,19,2,1295,0,0,13,0,13,878,396,32,2,1308,0,0,0,1308
04/28/2012,EWR,NJ,AEA,EN,Towers with Radar,719,264,6,0,989,0,1,13,0,14,719,265,19,0,1003,0,0,0,1003
04/29/2012,EWR,NJ,AEA,EN,Towers with Radar,783,349,8,0,1140,0,1,8,0,9,783,350,16,0,1149,0,0,0,1149
04/30/2012,EWR,NJ,AEA,EN,Towers with Radar,839,367,15,0,1221,0,0,37,0,37,839,367,52,0,1258,0,0,0,1258
05/01/2012,EWR,NJ,AEA,EN,Towers with Radar,813,393,16,0,1222,0,0,14,0,14,813,393,30,0,1236,0,0,0,1236
05/02/2012,EWR,NJ,AEA,EN,Towers with Radar,800,394,12,3,1209,0,0,19,0,19,800,394,31,3,1228,0,0,0,1228
05/03/2012,EWR,NJ,AEA,EN,Towers with Radar,820,383,15,0,1218,0,0,17,0,17,820,383,32,0,1235,0,0,0,1235
05/04/2012,EWR,NJ,AEA,EN,Towers with Radar,816,352,20,0,1188,0,0,18,1,19,816,352,38,1,1207,0,0,0,1207
05/05/2012,EWR,NJ,AEA,EN,Towers with Radar,660,275,16,2,953,0,0,6,0,6,660,275,22,2,959,0,0,0,959
05/06/2012,EWR,NJ,AEA,EN,Towers with Radar,723,309,19,2,1053,0,0,8,0,8,723,309,27,2,1061,0,0,0,1061
05/07/2012,EWR,NJ,AEA,EN,Towers with Radar,778,358,11,2,1149,0,2,19,2,23,778,360,30,4,1172,0,0,0,1172
05/08/2012,EWR,NJ,AEA,EN,Towers with Radar,760,343,18,0,1121,0,0,21,2,23,760,343,39,2,1144,0,0,0,1144
05/09/2012,EWR,NJ,AEA,EN,Towers with Radar,783,352,12,1,1148,0,0,2,0,2,783,352,14,1,1150,0,0,0,1150
05/10/2012,EWR,NJ,AEA,EN,Towers with Radar,834,399,15,0,1248,0,0,18,2,20,834,399,33,2,1268,0,0,0,1268
05/11/2012,EWR,NJ,AEA,EN,Towers with Radar,839,395,15,0,1249,0,1,31,0,32,839,396,46,0,1281,0,0,0,1281
05/12/2012,EWR,NJ,AEA,EN,Towers with Radar,660,284,11,0,955,0,1,17,0,18,660,285,28,0,973,0,0,0,973
05/13/2012,EWR,NJ,AEA,EN,Towers with Radar,734,332,12,0,1078,0,0,9,0,9,734,332,21,0,1087,0,0,0,1087
05/14/2012,EWR,NJ,AEA,EN,Towers with Radar,790,387,22,0,1199,0,0,15,0,15,790,387,37,0,1214,0,0,0,1214
05/15/2012,EWR,NJ,AEA,EN,Towers with Radar,767,373,18,0,1158,0,0,3,0,3,767,373,21,0,1161,0,0,0,1161
05/16/2012,EWR,NJ,AEA,EN,Towers with Radar,862,431,23,0,1316,0,2,14,0,16,862,433,37,0,1332,0,0,0,1332
05/17/2012,EWR,NJ,AEA,EN,Towers with Radar,838,398,29,0,1265,0,0,21,2,23,838,398,50,2,1288,0,0,0,1288
05/18/2012,EWR,NJ,AEA,EN,Towers with Radar,832,394,12,0,1238,0,1,32,2,35,832,395,44,2,1273,0,0,0,1273
05/19/2012,EWR,NJ,AEA,EN,Towers with Radar,672,281,12,0,965,0,0,18,0,18,672,281,30,0,983,0,0,0,983
05/20/2012,EWR,NJ,AEA,EN,Towers with Radar,733,324,11,0,1068,0,0,11,0,11,733,324,22,0,1079,0,0,0,1079
05/21/2012,EWR,NJ,AEA,EN,Towers with Radar,779,348,21,1,1149,0,0,1,3,4,779,348,22,4,1153,0,0,0,1153
05/22/2012,EWR,NJ,AEA,EN,Towers with Radar,819,410,25,0,1254,0,0,6,0,6,819,410,31,0,1260,0,0,0,1260
05/23/2012,EWR,NJ,AEA,EN,Towers with Radar,807,380,18,0,1205,0,2,12,0,14,807,382,30,0,1219,0,0,0,1219
05/24/2012,EWR,NJ,AEA,EN,Towers with Radar,802,358,8,0,1168,0,0,20,0,20,802,358,28,0,1188,0,0,0,1188
05/25/2012,EWR,NJ,AEA,EN,Towers with Radar,841,376,13,0,1230,0,0,20,0,20,841,376,33,0,1250,0,0,0,1250
05/26/2012,EWR,NJ,AEA,EN,Towers with Radar,651,270,6,2,929,0,0,16,2,18,651,270,22,4,947,0,0,0,947
05/27/2012,EWR,NJ,AEA,EN,Towers with Radar,637,222,13,0,872,0,0,14,0,14,637,222,27,0,886,0,0,0,886
05/28/2012,EWR,NJ,AEA,EN,Towers with Radar,721,329,10,0,1060,0,2,21,0,23,721,331,31,0,1083,0,0,0,1083
05/29/2012,EWR,NJ,AEA,EN,Towers with Radar,668,272,10,0,950,0,2,22,2,26,668,274,32,2,976,0,0,0,976
05/30/2012,EWR,NJ,AEA,EN,Towers with Radar,870,423,19,1,1313,0,7,14,4,25,870,430,33,5,1338,0,0,0,1338
05/31/2012,EWR,NJ,AEA,EN,Towers with Radar,847,402,10,0,1259,0,2,19,0,21,847,404,29,0,1280,0,0,0,1280
06/01/2012,EWR,NJ,AEA,EN,Towers with Radar,820,373,15,0,1208,0,2,22,0,24,820,375,37,0,1232,0,0,0,1232
06/02/2012,EWR,NJ,AEA,EN,Towers with Radar,670,282,15,0,967,0,2,8,0,10,670,284,23,0,977,0,0,0,977
06/03/2012,EWR,NJ,AEA,EN,Towers with Radar,727,315,12,0,1054,0,0,17,0,17,727,315,29,0,1071,0,0,0,1071
06/04/2012,EWR,NJ,AEA,EN,Towers with Radar,797,360,12,0,1169,0,0,13,0,13,797,360,25,0,1182,0,0,0,1182
06/05/2012,EWR,NJ,AEA,EN,Towers with Radar,824,416,19,1,1260,0,0,19,4,23,824,416,38,5,1283,0,0,0,1283
06/06/2012,EWR,NJ,AEA,EN,Towers with Radar,819,407,24,0,1250,0,4,15,0,19,819,411,39,0,1269,0,0,0,1269
06/07/2012,EWR,NJ,AEA,EN,Towers with Radar,860,386,20,1,1267,0,0,27,4,31,860,386,47,5,1298,0,0,0,1298
06/08/2012,EWR,NJ,AEA,EN,Towers with Radar,872,395,12,0,1279,0,4,31,0,35,872,399,43,0,1314,0,0,0,1314
06/09/2012,EWR,NJ,AEA,EN,Towers with Radar,714,302,7,2,1025,0,0,13,0,13,714,302,20,2,1038,0,0,0,1038
06/10/2012,EWR,NJ,AEA,EN,Towers with Radar,786,329,15,0,1130,0,0,18,2,20,786,329,33,2,1150,0,0,0,1150
06/11/2012,EWR,NJ,AEA,EN,Towers with Radar,847,365,11,0,1223,0,2,18,8,28,847,367,29,8,1251,0,0,0,1251
06/12/2012,EWR,NJ,AEA,EN,Towers with Radar,837,339,16,0,1192,0,0,17,0,17,837,339,33,0,1209,0,0,0,1209
06/13/2012,EWR,NJ,AEA,EN,Towers with Radar,882,390,23,2,1297,0,0,16,0,16,882,390,39,2,1313,0,0,0,1313
06/14/2012,EWR,NJ,AEA,EN,Towers with Radar,871,391,19,0,1281,0,3,10,0,13,871,394,29,0,1294,0,0,0,1294
06/15/2012,EWR,NJ,AEA,EN,Towers with Radar,865,384,14,0,1263,0,0,27,2,29,865,384,41,2,1292,0,0,0,1292
06/16/2012,EWR,NJ,AEA,EN,Towers with Radar,725,303,14,0,1042,0,0,6,0,6,725,303,20,0,1048,0,0,0,1048
06/17/2012,EWR,NJ,AEA,EN,Towers with Radar,777,335,14,0,1126,0,0,17,0,17,777,335,31,0,1143,0,0,0,1143
06/18/2012,EWR,NJ,AEA,EN,Towers with Radar,836,365,7,0,1208,0,0,17,8,25,836,365,24,8,1233,0,0,0,1233
06/19/2012,EWR,NJ,AEA,EN,Towers with Radar,879,385,17,0,1281,0,3,16,5,24,879,388,33,5,1305,0,0,0,1305
06/20/2012,EWR,NJ,AEA,EN,Towers with Radar,875,399,30,0,1304,0,2,19,0,21,875,401,49,0,1325,0,0,0,1325
06/21/2012,EWR,NJ,AEA,EN,Towers with Radar,883,405,21,0,1309,0,0,21,2,23,883,405,42,2,1332,0,0,0,1332
06/22/2012,EWR,NJ,AEA,EN,Towers with Radar,726,237,8,1,972,0,0,29,0,29,726,237,37,1,1001,0,0,0,1001
06/23/2012,EWR,NJ,AEA,EN,Towers with Radar,753,295,2,1,1051,0,0,16,2,18,753,295,18,3,1069,0,0,0,1069
06/24/2012,EWR,NJ,AEA,EN,Towers with Radar,774,338,15,1,1128,0,0,15,2,17,774,338,30,3,1145,0,0,0,1145
06/25/2012,EWR,NJ,AEA,EN,Towers with Radar,805,302,18,0,1125,0,0,18,0,18,805,302,36,0,1143,0,0,0,1143
06/26/2012,EWR,NJ,AEA,EN,Towers with Radar,887,392,14,0,1293,0,0,15,5,20,887,392,29,5,1313,0,0,0,1313
06/27/2012,EWR,NJ,AEA,EN,Towers with Radar,889,380,16,0,1285,0,0,23,1,24,889,380,39,1,1309,0,0,0,1309
06/28/2012,EWR,NJ,AEA,EN,Towers with Radar,871,409,16,0,1296,1,2,28,1,32,872,411,44,1,1328,0,0,0,1328
06/29/2012,EWR,NJ,AEA,EN,Towers with Radar,872,382,22,0,1276,0,2,26,6,34,872,384,48,6,1310,0,0,0,1310
06/30/2012,EWR,NJ,AEA,EN,Towers with Radar,739,316,6,0,1061,0,0,12,0,12,739,316,18,0,1073,0,0,0,1073
07/01/2012,EWR,NJ,AEA,EN,Towers with Radar,781,325,9,0,1115,0,0,12,0,12,781,325,21,0,1127,0,0,0,1127
07/02/2012,EWR,NJ,AEA,EN,Towers with Radar,828,345,11,0,1184,0,3,22,2,27,828,348,33,2,1211,0,0,0,1211
07/03/2012,EWR,NJ,AEA,EN,Towers with Radar,823,336,8,0,1167,0,2,27,0,29,823,338,35,0,1196,0,0,0,1196
07/04/2012,EWR,NJ,AEA,EN,Towers with Radar,689,257,7,0,953,0,2,13,0,15,689,259,20,0,968,0,0,0,968
07/05/2012,EWR,NJ,AEA,EN,Towers with Radar,760,304,10,0,1074,0,2,19,0,21,760,306,29,0,1095,0,0,0,1095
07/06/2012,EWR,NJ,AEA,EN,Towers with Radar,799,329,13,0,1141,0,6,18,1,25,799,335,31,1,1166,0,0,0,1166
07/07/2012,EWR,NJ,AEA,EN,Towers with Radar,736,308,8,0,1052,0,2,15,0,17,736,310,23,0,1069,0,0,0,1069
07/08/2012,EWR,NJ,AEA,EN,Towers with Radar,800,357,15,0,1172,0,2,21,0,23,800,359,36,0,1195,0,0,0,1195
07/09/2012,EWR,NJ,AEA,EN,Towers with Radar,867,371,16,0,1254,0,2,32,0,34,867,373,48,0,1288,0,0,0,1288
07/10/2012,EWR,NJ,AEA,EN,Towers with Radar,884,375,9,0,1268,0,2,19,0,21,884,377,28,0,1289,0,0,0,1289
07/11/2012,EWR,NJ,AEA,EN,Towers with Radar,906,389,14,0,1309,0,0,32,1,33,906,389,46,1,1342,0,0,0,1342
07/12/2012,EWR,NJ,AEA,EN,Towers with Radar,892,382,15,0,1289,0,3,24,5,32,892,385,39,5,1321,0,0,0,1321
07/13/2012,EWR,NJ,AEA,EN,Towers with Radar,873,379,13,0,1265,0,3,20,3,26,873,382,33,3,1291,0,0,0,1291
07/14/2012,EWR,NJ,AEA,EN,Towers with Radar,732,312,5,2,1051,0,2,13,6,21,732,314,18,8,1072,0,0,0,1072
07/15/2012,EWR,NJ,AEA,EN,Towers with Radar,711,231,6,0,948,0,0,19,2,21,711,231,25,2,969,0,0,0,969
07/16/2012,EWR,NJ,AEA,EN,Towers with Radar,888,376,7,0,1271,0,5,22,0,27,888,381,29,0,1298,0,0,0,1298
07/17/2012,EWR,NJ,AEA,EN,Towers with Radar,901,390,13,0,1304,0,2,32,0,34,901,392,45,0,1338,0,0,0,1338
07/18/2012,EWR,NJ,AEA,EN,Towers with Radar,708,232,12,0,952,0,0,21,0,21,708,232,33,0,973,0,0,0,973
07/19/2012,EWR,NJ,AEA,EN,Towers with Radar,922,313,25,0,1260,0,2,30,2,34,922,315,55,2,1294,0,0,0,1294
07/20/2012,EWR,NJ,AEA,EN,Towers with Radar,847,334,10,0,1191,0,2,33,0,35,847,336,43,0,1226,0,0,0,1226
07/21/2012,EWR,NJ,AEA,EN,Towers with Radar,744,304,6,0,1054,0,2,13,0,15,744,306,19,0,1069,0,0,0,1069
07/22/2012,EWR,NJ,AEA,EN,Towers with Radar,793,341,18,0,1152,0,0,24,0,24,793,341,42,0,1176,0,0,0,1176
07/23/2012,EWR,NJ,AEA,EN,Towers with Radar,809,306,12,1,1128,0,3,28,4,35,809,309,40,5,1163,0,0,0,1163
07/24/2012,EWR,NJ,AEA,EN,Towers with Radar,884,357,13,0,1254,0,2,20,0,22,884,359,33,0,1276,0,0,0,1276
07/25/2012,EWR,NJ,AEA,EN,Towers with Radar,904,389,13,0,1306,0,2,21,2,25,904,391,34,2,1331,0,0,0,1331
07/26/2012,EWR,NJ,AEA,EN,Towers with Radar,741,239,7,0,987,0,2,29,0,31,741,241,36,0,1018,0,0,0,1018
07/27/2012,EWR,NJ,AEA,EN,Towers with Radar,912,388,6,0,1306,0,2,24,1,27,912,390,30,1,1333,0,0,0,1333
07/28/2012,EWR,NJ,AEA,EN,Towers with Radar,654,206,4,0,864,0,0,7,0,7,654,206,11,0,871,0,0,0,871
07/29/2012,EWR,NJ,AEA,EN,Towers with Radar,812,316,9,0,1137,0,0,13,0,13,812,316,22,0,1150,0,0,0,1150
07/30/2012,EWR,NJ,AEA,EN,Towers with Radar,857,361,16,0,1234,0,2,18,0,20,857,363,34,0,1254,0,0,0,1254
07/31/2012,EWR,NJ,AEA,EN,Towers with Radar,831,327,14,0,1172,0,2,20,3,25,831,329,34,3,1197,0,0,0,1197
08/01/2012,EWR,NJ,AEA,EN,Towers with Radar,862,363,7,0,1232,0,2,19,0,21,862,365,26,0,1253,0,0,0,1253
08/02/2012,EWR,NJ,AEA,EN,Towers with Radar,854,412,16,0,1282,0,0,25,0,25,854,412,41,0,1307,0,0,0,1307
08/03/2012,EWR,NJ,AEA,EN,Towers with Radar,861,415,14,0,1290,0,0,30,0,30,861,415,44,0,1320,0,0,0,1320
08/04/2012,EWR,NJ,AEA,EN,Towers with Radar,704,325,7,0,1036,0,2,10,0,12,704,327,17,0,1048,0,0,0,1048
08/05/2012,EWR,NJ,AEA,EN,Towers with Radar,638,259,9,0,906,0,0,20,0,20,638,259,29,0,926,0,0,0,926
08/06/2012,EWR,NJ,AEA,EN,Towers with Radar,882,406,14,0,1302,0,0,23,2,25,882,406,37,2,1327,0,0,0,1327
08/07/2012,EWR,NJ,AEA,EN,Towers with Radar,883,401,5,0,1289,0,2,21,2,25,883,403,26,2,1314,0,0,0,1314
08/08/2012,EWR,NJ,AEA,EN,Towers with Radar,866,404,24,0,1294,0,0,30,6,36,866,404,54,6,1330,0,0,0,1330
08/09/2012,EWR,NJ,AEA,EN,Towers with Radar,773,260,11,0,1044,0,2,35,0,37,773,262,46,0,1081,0,0,0,1081
08/10/2012,EWR,NJ,AEA,EN,Towers with Radar,779,256,14,0,1049,0,0,19,0,19,779,256,33,0,1068,0,0,0,1068
08/11/2012,EWR,NJ,AEA,EN,Towers with Radar,738,321,13,0,1072,0,2,9,0,11,738,323,22,0,1083,0,0,0,1083
08/12/2012,EWR,NJ,AEA,EN,Towers with Radar,789,361,17,0,1167,0,1,27,2,30,789,362,44,2,1197,0,0,0,1197
08/13/2012,EWR,NJ,AEA,EN,Towers with Radar,833,401,9,0,1243,0,2,14,6,22,833,403,23,6,1265,0,0,0,1265
08/14/2012,EWR,NJ,AEA,EN,Towers with Radar,812,353,12,0,1177,0,2,19,0,21,812,355,31,0,1198,0,0,0,1198
08/15/2012,EWR,NJ,AEA,EN,Towers with Radar,839,339,6,0,1184,0,1,22,0,23,839,340,28,0,1207,0,0,0,1207
08/16/2012,EWR,NJ,AEA,EN,Towers with Radar,871,408,16,0,1295,0,3,18,0,21,871,411,34,0,1316,0,0,0,1316
08/17/2012,EWR,NJ,AEA,EN,Towers with Radar,819,386,6,1,1212,0,2,18,0,20,819,388,24,1,1232,0,0,0,1232
08/18/2012,EWR,NJ,AEA,EN,Towers with Radar,716,315,5,0,1036,0,2,8,0,10,716,317,13,0,1046,0,0,0,1046
08/19/2012,EWR,NJ,AEA,EN,Towers with Radar,764,359,15,0,1138,0,1,12,2,15,764,360,27,2,1153,0,0,0,1153
08/20/2012,EWR,NJ,AEA,EN,Towers with Radar,823,390,10,0,1223,0,2,9,2,13,823,392,19,2,1236,0,0,0,1236
08/21/2012,EWR,NJ,AEA,EN,Towers with Radar,838,406,11,0,1255,0,0,32,4,36,838,406,43,4,1291,0,0,0,1291
08/22/2012,EWR,NJ,AEA,EN,Towers with Radar,842,416,12,1,1271,0,2,12,0,14,842,418,24,1,1285,0,0,0,1285
08/23/2012,EWR,NJ,AEA,EN,Towers with Radar,861,411,16,1,1289,0,2,24,0,26,861,413,40,1,1315,0,0,0,1315
08/24/2012,EWR,NJ,AEA,EN,Towers with Radar,975,476,7,1,1459,0,3,26,0,29,975,479,33,1,1488,0,0,0,1488
08/25/2012,EWR,NJ,AEA,EN,Towers with Radar,706,310,13,2,1031,0,2,8,0,10,706,312,21,2,1041,0,0,0,1041
08/26/2012,EWR,NJ,AEA,EN,Towers with Radar,756,356,13,1,1126,1,1,10,0,12,757,357,23,1,1138,0,0,0,1138
08/27/2012,EWR,NJ,AEA,EN,Towers with Radar,796,364,17,0,1177,0,2,14,0,16,796,366,31,0,1193,0,0,0,1193
08/28/2012,EWR,NJ,AEA,EN,Towers with Radar,783,426,15,0,1224,0,3,22,5,30,783,429,37,5,1254,0,0,0,1254
08/29/2012,EWR,NJ,AEA,EN,Towers with Radar,779,448,12,0,1239,0,2,37,0,39,779,450,49,0,1278,0,0,0,1278
08/30/2012,EWR,NJ,AEA,EN,Towers with Radar,781,441,7,1,1230,0,6,24,0,30,781,447,31,1,1260,0,0,0,1260
08/31/2012,EWR,NJ,AEA,EN,Towers with Radar,766,419,19,1,1205,1,1,18,2,22,767,420,37,3,1227,0,0,0,1227
09/01/2012,EWR,NJ,AEA,EN,Towers with Radar,597,256,10,0,863,0,2,9,1,12,597,258,19,1,875,0,0,0,875
09/02/2012,EWR,NJ,AEA,EN,Towers with Radar,573,221,8,0,802,0,0,8,2,10,573,221,16,2,812,0,0,0,812
09/03/2012,EWR,NJ,AEA,EN,Towers with Radar,719,424,15,0,1158,0,0,14,0,14,719,424,29,0,1172,0,0,0,1172
09/04/2012,EWR,NJ,AEA,EN,Towers with Radar,728,370,18,0,1116,0,2,24,0,26,728,372,42,0,1142,0,0,0,1142
09/05/2012,EWR,NJ,AEA,EN,Towers with Radar,750,450,18,0,1218,0,3,15,0,18,750,453,33,0,1236,0,0,0,1236
09/06/2012,EWR,NJ,AEA,EN,Towers with Radar,761,476,8,0,1245,0,4,19,0,23,761,480,27,0,1268,0,0,0,1268
09/07/2012,EWR,NJ,AEA,EN,Towers with Radar,731,471,6,2,1210,0,5,17,0,22,731,476,23,2,1232,0,0,0,1232
09/08/2012,EWR,NJ,AEA,EN,Towers with Radar,569,218,16,0,803,0,1,10,2,13,569,219,26,2,816,0,0,0,816
09/09/2012,EWR,NJ,AEA,EN,Towers with Radar,623,375,11,0,1009,0,0,15,2,17,623,375,26,2,1026,0,0,0,1026
09/10/2012,EWR,NJ,AEA,EN,Towers with Radar,642,324,13,2,981,0,0,25,2,27,642,324,38,4,1008,0,0,0,1008
09/11/2012,EWR,NJ,AEA,EN,Towers with Radar,731,495,14,0,1240,0,4,28,4,36,731,499,42,4,1276,0,0,0,1276
09/12/2012,EWR,NJ,AEA,EN,Towers with Radar,718,458,7,1,1184,0,4,17,4,25,718,462,24,5,1209,0,0,0,1209
09/13/2012,EWR,NJ,AEA,EN,Towers with Radar,744,452,13,0,1209,0,4,19,0,23,744,456,32,0,1232,0,0,0,1232
09/14/2012,EWR,NJ,AEA,EN,Towers with Radar,736,449,14,0,1199,0,5,18,4,27,736,454,32,4,1226,0,0,0,1226
09/15/2012,EWR,NJ,AEA,EN,Towers with Radar,586,253,9,0,848,0,0,16,0,16,586,253,25,0,864,0,0,0,864
09/16/2012,EWR,NJ,AEA,EN,Towers with Radar,631,383,14,2,1030,0,0,20,2,22,631,383,34,4,1052,0,0,0,1052
09/17/2012,EWR,NJ,AEA,EN,Towers with Radar,706,432,10,0,1148,0,1,18,0,19,706,433,28,0,1167,0,0,0,1167
09/18/2012,EWR,NJ,AEA,EN,Towers with Radar,649,339,11,0,999,0,4,5,0,9,649,343,16,0,1008,0,0,0,1008
09/19/2012,EWR,NJ,AEA,EN,Towers with Radar,763,507,26,1,1297,0,4,13,0,17,763,511,39,1,1314,0,0,0,1314
09/20/2012,EWR,NJ,AEA,EN,Towers with Radar,763,481,25,0,1269,0,7,17,3,27,763,488,42,3,1296,0,0,0,1296
09/21/2012,EWR,NJ,AEA,EN,Towers with Radar,746,463,15,0,1224,0,4,22,0,26,746,467,37,0,1250,0,0,0,1250
09/22/2012,EWR,NJ,AEA,EN,Towers with Radar,572,291,11,0,874,0,0,8,0,8,572,291,19,0,882,0,0,0,882
09/23/2012,EWR,NJ,AEA,EN,Towers with Radar,640,413,12,0,1065,0,0,10,0,10,640,413,22,0,1075,0,0,0,1075
09/24/2012,EWR,NJ,AEA,EN,Towers with Radar,704,447,21,0,1172,0,0,9,4,13,704,447,30,4,1185,0,0,0,1185
09/25/2012,EWR,NJ,AEA,EN,Towers with Radar,718,471,19,0,1208,0,0,7,0,7,718,471,26,0,1215,0,0,0,1215
09/26/2012,EWR,NJ,AEA,EN,Towers with Radar,728,484,10,0,1222,0,5,19,2,26,728,489,29,2,1248,0,0,0,1248
09/27/2012,EWR,NJ,AEA,EN,Towers with Radar,752,478,27,0,1257,0,3,20,1,24,752,481,47,1,1281,0,0,0,1281
09/28/2012,EWR,NJ,AEA,EN,Towers with Radar,748,448,12,0,1208,0,4,23,0,27,748,452,35,0,1235,0,0,0,1235
09/29/2012,EWR,NJ,AEA,EN,Towers with Radar,585,295,11,0,891,0,0,27,3,30,585,295,38,3,921,0,0,0,921
09/30/2012,EWR,NJ,AEA,EN,Towers with Radar,645,404,15,0,1064,0,0,16,0,16,645,404,31,0,1080,0,0,0,1080
10/01/2012,EWR,NJ,AEA,EN,Towers with Radar,701,458,8,1,1168,0,1,23,4,28,701,459,31,5,1196,0,0,0,1196
10/02/2012,EWR,NJ,AEA,EN,Towers with Radar,696,425,22,0,1143,0,4,14,0,18,696,429,36,0,1161,0,0,0,1161
10/03/2012,EWR,NJ,AEA,EN,Towers with Radar,718,426,23,0,1167,0,0,4,0,4,718,426,27,0,1171,0,0,0,1171
10/04/2012,EWR,NJ,AEA,EN,Towers with Radar,751,456,24,0,1231,0,0,4,0,4,751,456,28,0,1235,0,0,0,1235
10/05/2012,EWR,NJ,AEA,EN,Towers with Radar,741,469,13,0,1223,0,0,29,2,31,741,469,42,2,1254,0,0,0,1254
10/06/2012,EWR,NJ,AEA,EN,Towers with Radar,586,308,12,0,906,0,2,19,2,23,586,310,31,2,929,0,0,0,929
10/07/2012,EWR,NJ,AEA,EN,Towers with Radar,639,408,11,0,1058,0,0,6,0,6,639,408,17,0,1064,0,0,0,1064
10/08/2012,EWR,NJ,AEA,EN,Towers with Radar,720,449,7,3,1179,0,0,10,4,14,720,449,17,7,1193,0,0,0,1193
10/09/2012,EWR,NJ,AEA,EN,Towers with Radar,719,448,6,2,1175,0,2,11,0,13,719,450,17,2,1188,0,0,0,1188
10/10/2012,EWR,NJ,AEA,EN,Towers with Radar,729,475,16,0,1220,0,4,16,2,22,729,479,32,2,1242,0,0,0,1242
10/11/2012,EWR,NJ,AEA,EN,Towers with Radar,764,469,10,1,1244,0,6,19,9,34,764,475,29,10,1278,0,0,0,1278
10/12/2012,EWR,NJ,AEA,EN,Towers with Radar,741,470,15,1,1227,0,4,20,4,28,741,474,35,5,1255,0,0,0,1255
10/13/2012,EWR,NJ,AEA,EN,Towers with Radar,592,311,10,0,913,0,0,15,2,17,592,311,25,2,930,0,0,0,930
10/14/2012,EWR,NJ,AEA,EN,Towers with Radar,634,402,12,0,1048,0,1,9,0,10,634,403,21,0,1058,0,0,0,1058
10/15/2012,EWR,NJ,AEA,EN,Towers with Radar,720,429,16,0,1165,0,0,11,2,13,720,429,27,2,1178,0,0,0,1178
10/16/2012,EWR,NJ,AEA,EN,Towers with Radar,723,490,16,0,1229,0,5,12,0,17,723,495,28,0,1246,0,0,0,1246
10/17/2012,EWR,NJ,AEA,EN,Towers with Radar,740,479,11,0,1230,0,2,19,2,23,740,481,30,2,1253,0,0,0,1253
10/18/2012,EWR,NJ,AEA,EN,Towers with Radar,749,471,18,0,1238,0,4,12,0,16,749,475,30,0,1254,0,0,0,1254
10/19/2012,EWR,NJ,AEA,EN,Towers with Radar,713,401,13,0,1127,0,4,14,0,18,713,405,27,0,1145,0,0,0,1145
10/20/2012,EWR,NJ,AEA,EN,Towers with Radar,606,317,15,1,939,0,0,12,1,13,606,317,27,2,952,0,0,0,952
10/21/2012,EWR,NJ,AEA,EN,Towers with Radar,647,411,7,0,1065,0,0,11,3,14,647,411,18,3,1079,0,0,0,1079
10/22/2012,EWR,NJ,AEA,EN,Towers with Radar,706,449,9,0,1164,1,0,20,4,25,707,449,29,4,1189,0,0,0,1189
10/23/2012,EWR,NJ,AEA,EN,Towers with Radar,732,482,9,0,1223,0,2,13,0,15,732,484,22,0,1238,0,0,0,1238
10/24/2012,EWR,NJ,AEA,EN,Towers with Radar,731,477,17,0,1225,0,2,17,2,21,731,479,34,2,1246,0,0,0,1246
10/25/2012,EWR,NJ,AEA,EN,Towers with Radar,733,473,19,0,1225,0,1,13,1,15,733,474,32,1,1240,0,0,0,1240
10/26/2012,EWR,NJ,AEA,EN,Towers with Radar,746,459,26,0,1231,0,4,17,2,23,746,463,43,2,1254,0,0,0,1254
10/27/2012,EWR,NJ,AEA,EN,Towers with Radar,587,310,5,0,902,0,0,5,5,10,587,310,10,5,912,0,0,0,912
10/28/2012,EWR,NJ,AEA,EN,Towers with Radar,528,269,5,0,802,0,0,7,0,7,528,269,12,0,809,0,0,0,809
10/29/2012,EWR,NJ,AEA,EN,Towers with Radar,10,0,1,0,11,0,0,0,0,0,10,0,1,0,11,0,0,0,11
10/30/2012,EWR,NJ,AEA,EN,Towers with Radar,0,0,0,0,0,0,0,9,2,11,0,0,9,2,11,0,0,0,11
10/31/2012,EWR,NJ,AEA,EN,Towers with Radar,169,6,11,0,186,0,0,17,2,19,169,6,28,2,205,0,0,0,205
11/01/2012,EWR,NJ,AEA,EN,Towers with Radar,668,213,34,2,917,0,7,35,5,47,668,220,69,7,964,0,0,0,964
11/02/2012,EWR,NJ,AEA,EN,Towers with Radar,757,465,34,4,1260,0,4,26,7,37,757,469,60,11,1297,0,0,0,1297
11/03/2012,EWR,NJ,AEA,EN,Towers with Radar,593,317,13,2,925,0,0,21,7,28,593,317,34,9,953,0,0,0,953
11/04/2012,EWR,NJ,AEA,EN,Towers with Radar,700,383,24,2,1109,0,1,11,4,16,700,384,35,6,1125,0,0,0,1125
11/05/2012,EWR,NJ,AEA,EN,Towers with Radar,752,430,10,4,1196,0,1,20,11,32,752,431,30,15,1228,0,0,0,1228
11/06/2012,EWR,NJ,AEA,EN,Towers with Radar,773,442,17,5,1237,1,2,30,1,34,774,444,47,6,1271,0,0,0,1271
11/07/2012,EWR,NJ,AEA,EN,Towers with Radar,437,188,15,0,640,0,4,3,0,7,437,192,18,0,647,0,0,0,647
11/08/2012,EWR,NJ,AEA,EN,Towers with Radar,686,311,22,0,1019,0,1,9,5,15,686,312,31,5,1034,0,0,0,1034
11/09/2012,EWR,NJ,AEA,EN,Towers with Radar,770,447,16,4,1237,0,4,21,8,33,770,451,37,12,1270,0,0,0,1270
11/10/2012,EWR,NJ,AEA,EN,Towers with Radar,643,289,10,0,942,0,0,7,0,7,643,289,17,0,949,0,0,0,949
11/11/2012,EWR,NJ,AEA,EN,Towers with Radar,696,391,16,0,1103,0,0,16,2,18,696,391,32,2,1121,0,0,0,1121
11/12/2012,EWR,NJ,AEA,EN,Towers with Radar,767,440,21,0,1228,0,0,15,2,17,767,440,36,2,1245,0,0,0,1245
11/13/2012,EWR,NJ,AEA,EN,Towers with Radar,760,440,13,0,1213,0,2,8,0,10,760,442,21,0,1223,0,0,0,1223
11/14/2012,EWR,NJ,AEA,EN,Towers with Radar,762,456,17,0,1235,0,4,23,0,27,762,460,40,0,1262,0,0,0,1262
11/15/2012,EWR,NJ,AEA,EN,Towers with Radar,782,451,16,0,1249,1,6,9,2,18,783,457,25,2,1267,0,0,0,1267
11/16/2012,EWR,NJ,AEA,EN,Towers with Radar,792,453,11,2,1258,0,4,14,0,18,792,457,25,2,1276,0,0,0,1276
11/17/2012,EWR,NJ,AEA,EN,Towers with Radar,658,284,4,1,947,0,0,6,0,6,658,284,10,1,953,0,0,0,953
11/18/2012,EWR,NJ,AEA,EN,Towers with Radar,680,380,13,6,1079,0,0,15,3,18,680,380,28,9,1097,0,0,0,1097
11/19/2012,EWR,NJ,AEA,EN,Towers with Radar,694,391,10,0,1095,0,0,8,2,10,694,391,18,2,1105,0,0,0,1105
11/20/2012,EWR,NJ,AEA,EN,Towers with Radar,756,450,13,0,1219,0,2,23,12,37,756,452,36,12,1256,0,0,0,1256
11/21/2012,EWR,NJ,AEA,EN,Towers with Radar,755,456,9,0,1220,0,3,27,0,30,755,459,36,0,1250,0,0,0,1250
11/22/2012,EWR,NJ,AEA,EN,Towers with Radar,500,257,3,0,760,0,0,6,0,6,500,257,9,0,766,0,0,0,766
11/23/2012,EWR,NJ,AEA,EN,Towers with Radar,563,275,2,0,840,0,4,8,0,12,563,279,10,0,852,0,0,0,852
11/24/2012,EWR,NJ,AEA,EN,Towers with Radar,660,394,7,0,1061,0,2,7,0,9,660,396,14,0,1070,0,0,0,1070
11/25/2012,EWR,NJ,AEA,EN,Towers with Radar,738,432,16,0,1186,0,0,13,1,14,738,432,29,1,1200,0,0,0,1200
11/26/2012,EWR,NJ,AEA,EN,Towers with Radar,737,439,18,0,1194,0,0,11,2,13,737,439,29,2,1207,0,0,0,1207
11/27/2012,EWR,NJ,AEA,EN,Towers with Radar,740,401,8,0,1149,0,4,0,0,4,740,405,8,0,1153,0,0,0,1153
11/28/2012,EWR,NJ,AEA,EN,Towers with Radar,754,473,17,2,1246,0,3,14,3,20,754,476,31,5,1266,0,0,0,1266
11/29/2012,EWR,NJ,AEA,EN,Towers with Radar,764,470,20,0,1254,0,5,13,4,22,764,475,33,4,1276,0,0,0,1276
11/30/2012,EWR,NJ,AEA,EN,Towers with Radar,752,467,21,0,1240,0,4,11,0,15,752,471,32,0,1255,0,0,0,1255
12/01/2012,EWR,NJ,AEA,EN,Towers with Radar,590,272,3,0,865,0,0,2,0,2,590,272,5,0,867,0,0,0,867
12/02/2012,EWR,NJ,AEA,EN,Towers with Radar,664,405,9,0,1078,0,0,4,0,4,664,405,13,0,1082,0,0,0,1082
12/03/2012,EWR,NJ,AEA,EN,Towers with Radar,713,449,21,0,1183,0,2,15,2,19,713,451,36,2,1202,0,0,0,1202
12/04/2012,EWR,NJ,AEA,EN,Towers with Radar,736,492,26,0,1254,0,4,10,2,16,736,496,36,2,1270,0,0,0,1270
12/05/2012,EWR,NJ,AEA,EN,Towers with Radar,743,478,15,0,1236,0,4,14,2,20,743,482,29,2,1256,0,0,0,1256
12/06/2012,EWR,NJ,AEA,EN,Towers with Radar,761,480,23,0,1264,0,6,19,2,27,761,486,42,2,1291,0,0,0,1291
12/07/2012,EWR,NJ,AEA,EN,Towers with Radar,730,441,17,0,1188,0,3,12,0,15,730,444,29,0,1203,0,0,0,1203
12/08/2012,EWR,NJ,AEA,EN,Towers with Radar,614,298,17,0,929,0,0,8,0,8,614,298,25,0,937,0,0,0,937
12/09/2012,EWR,NJ,AEA,EN,Towers with Radar,655,405,19,0,1079,0,0,5,2,7,655,405,24,2,1086,0,0,0,1086
12/10/2012,EWR,NJ,AEA,EN,Towers with Radar,693,375,27,2,1097,0,0,0,0,0,693,375,27,2,1097,0,0,0,1097
12/11/2012,EWR,NJ,AEA,EN,Towers with Radar,775,479,20,0,1274,1,4,13,6,24,776,483,33,6,1298,0,0,0,1298
12/12/2012,EWR,NJ,AEA,EN,Towers with Radar,782,468,17,0,1267,0,4,19,8,31,782,472,36,8,1298,0,0,0,1298
12/13/2012,EWR,NJ,AEA,EN,Towers with Radar,802,474,17,2,1295,0,5,17,3,25,802,479,34,5,1320,0,0,0,1320
12/14/2012,EWR,NJ,AEA,EN,Towers with Radar,777,458,23,0,1258,0,4,20,4,28,777,462,43,4,1286,0,0,0,1286
12/15/2012,EWR,NJ,AEA,EN,Towers with Radar,630,300,11,0,941,0,0,15,2,17,630,300,26,2,958,0,0,0,958
12/16/2012,EWR,NJ,AEA,EN,Towers with Radar,660,375,6,2,1043,0,0,8,0,8,660,375,14,2,1051,0,0,0,1051
12/17/2012,EWR,NJ,AEA,EN,Towers with Radar,699,419,15,0,1133,0,0,1,0,1,699,419,16,0,1134,0,0,0,1134
12/18/2012,EWR,NJ,AEA,EN,Towers with Radar,780,466,14,0,1260,0,0,16,0,16,780,466,30,0,1276,0,0,0,1276
12/19/2012,EWR,NJ,AEA,EN,Towers with Radar,806,450,13,0,1269,0,4,24,0,28,806,454,37,0,1297,0,0,0,1297
12/20/2012,EWR,NJ,AEA,EN,Towers with Radar,818,437,10,0,1265,1,4,15,0,20,819,441,25,0,1285,0,0,0,1285
12/21/2012,EWR,NJ,AEA,EN,Towers with Radar,797,334,6,0,1137,0,0,7,0,7,797,334,13,0,1144,0,0,0,1144
12/22/2012,EWR,NJ,AEA,EN,Towers with Radar,767,355,12,0,1134,0,0,9,0,9,767,355,21,0,1143,0,0,0,1143
12/23/2012,EWR,NJ,AEA,EN,Towers with Radar,726,358,10,0,1094,0,1,4,0,5,726,359,14,0,1099,0,0,0,1099
12/24/2012,EWR,NJ,AEA,EN,Towers with Radar,616,298,4,0,918,0,0,5,0,5,616,298,9,0,923,0,0,0,923
12/25/2012,EWR,NJ,AEA,EN,Towers with Radar,572,301,0,2,875,0,0,4,0,4,572,301,4,2,879,0,0,0,879
12/26/2012,EWR,NJ,AEA,EN,Towers with Radar,627,320,6,0,953,0,0,4,0,4,627,320,10,0,957,0,0,0,957
12/27/2012,EWR,NJ,AEA,EN,Towers with Radar,780,324,3,0,1107,0,4,3,3,10,780,328,6,3,1117,0,0,0,1117
12/28/2012,EWR,NJ,AEA,EN,Towers with Radar,747,390,8,0,1145,0,4,13,4,21,747,394,21,4,1166,0,0,0,1166
12/29/2012,EWR,NJ,AEA,EN,Towers with Radar,647,227,3,0,877,0,0,1,0,1,647,227,4,0,878,0,0,0,878
12/30/2012,EWR,NJ,AEA,EN,Towers with Radar,684,356,4,0,1044,0,0,6,0,6,684,356,10,0,1050,0,0,0,1050
12/31/2012,EWR,NJ,AEA,EN,Towers with Radar,609,300,2,0,911,0,0,9,0,9,609,300,11,0,920,0,0,0,920
01/01/2013,EWR,NJ,AEA,EN,Towers with Radar,632,295,5,0,932,0,0,3,4,7,632,295,8,4,939,0,0,0,939
01/02/2013,EWR,NJ,AEA,EN,Towers with Radar,752,386,6,1,1145,0,2,2,0,4,752,388,8,1,1149,0,0,0,1149
01/03/2013,EWR,NJ,AEA,EN,Towers with Radar,765,399,6,1,1171,0,2,5,0,7,765,401,11,1,1178,0,0,0,1178
01/04/2013,EWR,NJ,AEA,EN,Towers with Radar,746,388,9,0,1143,0,2,6,1,9,746,390,15,1,1152,0,0,0,1152
01/05/2013,EWR,NJ,AEA,EN,Towers with Radar,638,238,8,0,884,0,0,9,0,9,638,238,17,0,893,0,0,0,893
01/06/2013,EWR,NJ,AEA,EN,Towers with Radar,680,341,3,0,1024,0,0,8,0,8,680,341,11,0,1032,0,0,0,1032
01/07/2013,EWR,NJ,AEA,EN,Towers with Radar,737,406,9,0,1152,0,0,5,4,9,737,406,14,4,1161,0,0,0,1161
01/08/2013,EWR,NJ,AEA,EN,Towers with Radar,733,425,10,0,1168,0,5,2,2,9,733,430,12,2,1177,0,0,0,1177
01/09/2013,EWR,NJ,AEA,EN,Towers with Radar,731,421,11,1,1164,0,9,8,1,18,731,430,19,2,1182,0,0,0,1182
01/10/2013,EWR,NJ,AEA,EN,Towers with Radar,760,427,4,1,1192,0,2,15,8,25,760,429,19,9,1217,0,0,0,1217
01/11/2013,EWR,NJ,AEA,EN,Towers with Radar,738,406,16,0,1160,0,4,10,4,18,738,410,26,4,1178,0,0,0,1178
01/12/2013,EWR,NJ,AEA,EN,Towers with Radar,612,241,9,1,863,0,0,8,0,8,612,241,17,1,871,0,0,0,871
01/13/2013,EWR,NJ,AEA,EN,Towers with Radar,666,317,11,0,994,0,0,0,0,0,666,317,11,0,994,0,0,0,994
01/14/2013,EWR,NJ,AEA,EN,Towers with Radar,731,395,17,0,1143,0,0,10,0,10,731,395,27,0,1153,0,0,0,1153
01/15/2013,EWR,NJ,AEA,EN,Towers with Radar,725,403,14,0,1142,0,4,10,6,20,725,407,24,6,1162,0,0,0,1162
01/16/2013,EWR,NJ,AEA,EN,Towers with Radar,730,367,16,0,1113,0,2,0,0,2,730,369,16,0,1115,0,0,0,1115
01/17/2013,EWR,NJ,AEA,EN,Towers with Radar,745,438,16,0,1199,0,5,19,5,29,745,443,35,5,1228,0,0,0,1228
01/18/2013,EWR,NJ,AEA,EN,Towers with Radar,736,411,15,0,1162,0,2,17,2,21,736,413,32,2,1183,0,0,0,1183
01/19/2013,EWR,NJ,AEA,EN,Towers with Radar,608,243,13,2,866,0,0,13,0,13,608,243,26,2,879,0,0,0,879
01/20/2013,EWR,NJ,AEA,EN,Towers with Radar,627,338,12,0,977,0,0,6,0,6,627,338,18,0,983,0,0,0,983
01/21/2013,EWR,NJ,AEA,EN,Towers with Radar,717,396,8,0,1121,0,0,11,2,13,717,396,19,2,1134,0,0,0,1134
01/22/2013,EWR,NJ,AEA,EN,Towers with Radar,732,411,10,0,1153,0,3,12,0,15,732,414,22,0,1168,0,0,0,1168
01/23/2013,EWR,NJ,AEA,EN,Towers with Radar,721,411,10,0,1142,0,4,14,0,18,721,415,24,0,1160,0,0,0,1160
01/24/2013,EWR,NJ,AEA,EN,Towers with Radar,747,403,17,0,1167,0,4,12,2,18,747,407,29,2,1185,0,0,0,1185
01/25/2013,EWR,NJ,AEA,EN,Towers with Radar,730,395,11,0,1136,0,4,14,0,18,730,399,25,0,1154,0,0,0,1154
01/26/2013,EWR,NJ,AEA,EN,Towers with Radar,614,247,11,0,872,0,0,7,0,7,614,247,18,0,879,0,0,0,879
01/27/2013,EWR,NJ,AEA,EN,Towers with Radar,649,343,10,0,1002,0,0,9,0,9,649,343,19,0,1011,0,0,0,1011
01/28/2013,EWR,NJ,AEA,EN,Towers with Radar,674,256,18,0,948,0,0,1,0,1,674,256,19,0,949,0,0,0,949
01/29/2013,EWR,NJ,AEA,EN,Towers with Radar,711,408,12,0,1131,0,4,4,2,10,711,412,16,2,1141,0,0,0,1141
01/30/2013,EWR,NJ,AEA,EN,Towers with Radar,686,330,11,0,1027,0,0,2,0,2,686,330,13,0,1029,0,0,0,1029
01/31/2013,EWR,NJ,AEA,EN,Towers with Radar,718,308,17,0,1043,0,4,8,4,16,718,312,25,4,1059,0,0,0,1059
02/01/2013,EWR,NJ,AEA,EN,Towers with Radar,742,373,18,0,1133,0,6,12,0,18,742,379,30,0,1151,0,0,0,1151
02/02/2013,EWR,NJ,AEA,EN,Towers with Radar,609,240,8,0,857,0,0,8,2,10,609,240,16,2,867,0,0,0,867
02/03/2013,EWR,NJ,AEA,EN,Towers with Radar,642,317,5,0,964,0,0,7,0,7,642,317,12,0,971,0,0,0,971
02/04/2013,EWR,NJ,AEA,EN,Towers with Radar,733,384,5,0,1122,0,0,10,4,14,733,384,15,4,1136,0,0,0,1136
02/05/2013,EWR,NJ,AEA,EN,Towers with Radar,728,408,7,0,1143,0,4,10,2,16,728,412,17,2,1159,0,0,0,1159
02/06/2013,EWR,NJ,AEA,EN,Towers with Radar,736,409,17,0,1162,0,4,16,0,20,736,413,33,0,1182,0,0,0,1182
02/07/2013,EWR,NJ,AEA,EN,Towers with Radar,739,416,25,0,1180,0,6,8,2,16,739,422,33,2,1196,0,0,0,1196
02/08/2013,EWR,NJ,AEA,EN,Towers with Radar,298,166,21,0,485,0,0,0,0,0,298,166,21,0,485,0,0,0,485
02/09/2013,EWR,NJ,AEA,EN,Towers with Radar,400,133,6,0,539,0,0,9,0,9,400,133,15,0,548,0,0,0,548
02/10/2013,EWR,NJ,AEA,EN,Towers with Radar,643,348,17,0,1008,0,0,3,0,3,643,348,20,0,1011,0,0,0,1011
02/11/2013,EWR,NJ,AEA,EN,Towers with Radar,667,329,53,0,1049,0,0,0,0,0,667,329,53,0,1049,0,0,0,1049
02/12/2013,EWR,NJ,AEA,EN,Towers with Radar,753,434,29,0,1216,0,4,11,0,15,753,438,40,0,1231,0,0,0,1231
02/13/2013,EWR,NJ,AEA,EN,Towers with Radar,729,409,26,0,1164,0,4,13,0,17,729,413,39,0,1181,0,0,0,1181
02/14/2013,EWR,NJ,AEA,EN,Towers with Radar,804,422,17,0,1243,0,5,12,1,18,804,427,29,1,1261,0,0,0,1261
02/15/2013,EWR,NJ,AEA,EN,Towers with Radar,785,396,16,0,1197,0,4,25,0,29,785,400,41,0,1226,0,0,0,1226
02/16/2013,EWR,NJ,AEA,EN,Towers with Radar,675,274,9,1,959,0,0,3,0,3,675,274,12,1,962,0,0,0,962
02/17/2013,EWR,NJ,AEA,EN,Towers with Radar,687,309,9,0,1005,0,0,3,0,3,687,309,12,0,1008,0,0,0,1008
02/18/2013,EWR,NJ,AEA,EN,Towers with Radar,757,391,11,0,1159,0,0,5,0,5,757,391,16,0,1164,0,0,0,1164
02/19/2013,EWR,NJ,AEA,EN,Towers with Radar,765,374,20,0,1159,0,2,6,0,8,765,376,26,0,1167,0,0,0,1167
02/20/2013,EWR,NJ,AEA,EN,Towers with Radar,769,406,10,0,1185,0,4,6,2,12,769,410,16,2,1197,0,0,0,1197
02/21/2013,EWR,NJ,AEA,EN,Towers with Radar,790,393,4,1,1188,0,4,13,4,21,790,397,17,5,1209,0,0,0,1209
02/22/2013,EWR,NJ,AEA,EN,Towers with Radar,766,386,8,0,1160,0,4,7,0,11,766,390,15,0,1171,0,0,0,1171
02/23/2013,EWR,NJ,AEA,EN,Towers with Radar,673,272,9,0,954,0,0,0,0,0,673,272,9,0,954,0,0,0,954
02/24/2013,EWR,NJ,AEA,EN,Towers with Radar,703,328,10,0,1041,0,0,0,0,0,703,328,10,0,1041,0,0,0,1041
02/25/2013,EWR,NJ,AEA,EN,Towers with Radar,751,394,5,0,1150,0,0,9,4,13,751,394,14,4,1163,0,0,0,1163
02/26/2013,EWR,NJ,AEA,EN,Towers with Radar,742,390,10,0,1142,0,2,29,0,31,742,392,39,0,1173,0,0,0,1173
02/27/2013,EWR,NJ,AEA,EN,Towers with Radar,763,386,29,2,1180,0,2,4,4,10,763,388,33,6,1190,0,0,0,1190
02/28/2013,EWR,NJ,AEA,EN,Towers with Radar,805,415,21,0,1241,0,2,10,5,17,805,417,31,5,1258,0,0,0,1258
03/01/2013,EWR,NJ,AEA,EN,Towers with Radar,785,402,8,0,1195,0,4,10,0,14,785,406,18,0,1209,0,0,0,1209
03/02/2013,EWR,NJ,AEA,EN,Towers with Radar,693,292,7,0,992,0,0,8,2,10,693,292,15,2,1002,0,0,0,1002
03/03/2013,EWR,NJ,AEA,EN,Towers with Radar,729,370,17,0,1116,0,0,5,2,7,729,370,22,2,1123,0,0,0,1123
03/04/2013,EWR,NJ,AEA,EN,Towers with Radar,771,396,12,4,1183,0,0,20,0,20,771,396,32,4,1203,0,0,0,1203
03/05/2013,EWR,NJ,AEA,EN,Towers with Radar,764,423,14,0,1201,0,5,10,2,17,764,428,24,2,1218,0,0,0,1218
03/06/2013,EWR,NJ,AEA,EN,Towers with Radar,714,311,15,0,1040,0,2,2,0,4,714,313,17,0,1044,0,0,0,1044
03/07/2013,EWR,NJ,AEA,EN,Towers with Radar,788,344,10,0,1142,0,0,4,0,4,788,344,14,0,1146,0,0,0,1146
03/08/2013,EWR,NJ,AEA,EN,Towers with Radar,694,243,18,0,955,0,3,9,1,13,694,246,27,1,968,0,0,0,968
03/09/2013,EWR,NJ,AEA,EN,Towers with Radar,721,287,7,0,1015,0,0,12,4,16,721,287,19,4,1031,0,0,0,1031
03/10/2013,EWR,NJ,AEA,EN,Towers with Radar,710,356,4,0,1070,0,0,7,3,10,710,356,11,3,1080,0,0,0,1080
03/11/2013,EWR,NJ,AEA,EN,Towers with Radar,778,393,24,0,1195,0,0,16,0,16,778,393,40,0,1211,0,0,0,1211
03/12/2013,EWR,NJ,AEA,EN,Towers with Radar,763,378,12,0,1153,0,6,2,2,10,763,384,14,2,1163,0,0,0,1163
03/13/2013,EWR,NJ,AEA,EN,Towers with Radar,796,419,16,0,1231,0,6,11,2,19,796,425,27,2,1250,0,0,0,1250
03/14/2013,EWR,NJ,AEA,EN,Towers with Radar,801,423,13,0,1237,0,4,12,2,18,801,427,25,2,1255,0,0,0,1255
03/15/2013,EWR,NJ,AEA,EN,Towers with Radar,801,401,19,0,1221,0,4,17,7,28,801,405,36,7,1249,0,0,0,1249
03/16/2013,EWR,NJ,AEA,EN,Towers with Radar,691,295,13,0,999,0,0,7,0,7,691,295,20,0,1006,0,0,0,1006
03/17/2013,EWR,NJ,AEA,EN,Towers with Radar,736,352,9,0,1097,0,0,2,4,6,736,352,11,4,1103,0,0,0,1103
03/18/2013,EWR,NJ,AEA,EN,Towers with Radar,689,321,11,0,1021,0,0,9,2,11,689,321,20,2,1032,0,0,0,1032
03/19/2013,EWR,NJ,AEA,EN,Towers with Radar,827,430,16,0,1273,0,6,4,2,12,827,436,20,2,1285,0,0,0,1285
03/20/2013,EWR,NJ,AEA,EN,Towers with Radar,792,422,15,0,1229,0,8,6,2,16,792,430,21,2,1245,0,0,0,1245
03/21/2013,EWR,NJ,AEA,EN,Towers with Radar,808,420,8,0,1236,0,4,4,2,10,808,424,12,2,1246,0,0,0,1246
03/22/2013,EWR,NJ,AEA,EN,Towers with Radar,808,417,13,0,1238,0,6,8,0,14,808,423,21,0,1252,0,0,0,1252
03/23/2013,EWR,NJ,AEA,EN,Towers with Radar,684,297,9,0,990,0,0,5,0,5,684,297,14,0,995,0,0,0,995
03/24/2013,EWR,NJ,AEA,EN,Towers with Radar,735,349,10,0,1094,0,0,6,2,8,735,349,16,2,1102,0,0,0,1102
03/25/2013,EWR,NJ,AEA,EN,Towers with Radar,737,303,4,0,1044,0,0,5,0,5,737,303,9,0,1049,0,0,0,1049
03/26/2013,EWR,NJ,AEA,EN,Towers with Radar,780,427,12,0,1219,0,6,9,0,15,780,433,21,0,1234,0,0,0,1234
03/27/2013,EWR,NJ,AEA,EN,Towers with Radar,796,418,20,1,1235,0,4,10,0,14,796,422,30,1,1249,0,0,0,1249
03/28/2013,EWR,NJ,AEA,EN,Towers with Radar,820,429,10,1,1260,0,6,7,2,15,820,435,17,3,1275,0,0,0,1275
03/29/2013,EWR,NJ,AEA,EN,Towers with Radar,787,412,4,0,1203,0,3,6,1,10,787,415,10,1,1213,0,0,0,1213
03/30/2013,EWR,NJ,AEA,EN,Towers with Radar,672,289,9,0,970,0,0,10,2,12,672,289,19,2,982,0,0,0,982
03/31/2013,EWR,NJ,AEA,EN,Towers with Radar,714,356,5,0,1075,0,0,4,0,4,714,356,9,0,1079,0,0,0,1079
04/01/2013,EWR,NJ,AEA,EN,Towers with Radar,786,394,16,1,1197,0,0,8,2,10,786,394,24,3,1207,0,0,0,1207
04/02/2013,EWR,NJ,AEA,EN,Towers with Radar,824,407,12,0,1243,0,2,14,2,18,824,409,26,2,1261,0,0,0,1261
04/03/2013,EWR,NJ,AEA,EN,Towers with Radar,829,426,11,0,1266,0,5,8,4,17,829,431,19,4,1283,0,0,0,1283
04/04/2013,EWR,NJ,AEA,EN,Towers with Radar,852,429,12,0,1293,0,4,11,0,15,852,433,23,0,1308,0,0,0,1308
04/05/2013,EWR,NJ,AEA,EN,Towers with Radar,857,411,19,0,1287,0,4,13,2,19,857,415,32,2,1306,0,0,0,1306
04/06/2013,EWR,NJ,AEA,EN,Towers with Radar,740,282,6,0,1028,0,0,5,2,7,740,282,11,2,1035,0,0,0,1035
04/07/2013,EWR,NJ,AEA,EN,Towers with Radar,749,346,8,0,1103,0,0,10,1,11,749,346,18,1,1114,0,0,0,1114
04/08/2013,EWR,NJ,AEA,EN,Towers with Radar,811,387,18,0,1216,0,1,15,0,16,811,388,33,0,1232,0,0,0,1232
04/09/2013,EWR,NJ,AEA,EN,Towers with Radar,853,392,26,0,1271,0,4,20,1,25,853,396,46,1,1296,0,0,0,1296
04/10/2013,EWR,NJ,AEA,EN,Towers with Radar,732,280,18,0,1030,0,6,15,0,21,732,286,33,0,1051,0,0,0,1051
04/11/2013,EWR,NJ,AEA,EN,Towers with Radar,892,379,23,1,1295,0,2,9,0,11,892,381,32,1,1306,0,0,0,1306
04/12/2013,EWR,NJ,AEA,EN,Towers with Radar,817,311,17,0,1145,0,5,0,0,5,817,316,17,0,1150,0,0,0,1150
04/13/2013,EWR,NJ,AEA,EN,Towers with Radar,724,281,16,1,1022,0,0,12,2,14,724,281,28,3,1036,0,0,0,1036
04/14/2013,EWR,NJ,AEA,EN,Towers with Radar,772,345,7,0,1124,0,0,9,0,9,772,345,16,0,1133,0,0,0,1133
04/15/2013,EWR,NJ,AEA,EN,Towers with Radar,849,391,11,0,1251,0,1,11,4,16,849,392,22,4,1267,0,0,0,1267
04/16/2013,EWR,NJ,AEA,EN,Towers with Radar,845,406,13,0,1264,0,6,11,4,21,845,412,24,4,1285,0,0,0,1285
04/17/2013,EWR,NJ,AEA,EN,Towers with Radar,828,398,19,0,1245,0,4,9,5,18,828,402,28,5,1263,0,0,0,1263
04/18/2013,EWR,NJ,AEA,EN,Towers with Radar,832,394,21,0,1247,0,6,16,6,28,832,400,37,6,1275,0,0,0,1275
04/19/2013,EWR,NJ,AEA,EN,Towers with Radar,798,290,12,0,1100,0,0,12,1,13,798,290,24,1,1113,0,0,0,1113
04/20/2013,EWR,NJ,AEA,EN,Towers with Radar,737,280,10,0,1027,0,0,7,5,12,737,280,17,5,1039,0,0,0,1039
04/21/2013,EWR,NJ,AEA,EN,Towers with Radar,762,355,11,0,1128,0,0,10,0,10,762,355,21,0,1138,0,0,0,1138
04/22/2013,EWR,NJ,AEA,EN,Towers with Radar,809,372,10,0,1191,0,0,16,0,16,809,372,26,0,1207,0,0,0,1207
04/23/2013,EWR,NJ,AEA,EN,Towers with Radar,823,361,19,0,1203,0,5,12,0,17,823,366,31,0,1220,0,0,0,1220
04/24/2013,EWR,NJ,AEA,EN,Towers with Radar,837,392,22,0,1251,0,3,7,1,11,837,395,29,1,1262,0,0,0,1262
04/25/2013,EWR,NJ,AEA,EN,Towers with Radar,861,377,18,0,1256,0,4,12,2,18,861,381,30,2,1274,0,0,0,1274
04/26/2013,EWR,NJ,AEA,EN,Towers with Radar,849,396,20,0,1265,0,4,21,6,31,849,400,41,6,1296,0,0,0,1296
04/27/2013,EWR,NJ,AEA,EN,Towers with Radar,703,280,11,0,994,0,0,13,0,13,703,280,24,0,1007,0,0,0,1007
04/28/2013,EWR,NJ,AEA,EN,Towers with Radar,766,347,15,0,1128,1,0,9,0,10,767,347,24,0,1138,0,0,0,1138
04/29/2013,EWR,NJ,AEA,EN,Towers with Radar,816,379,12,0,1207,0,2,19,2,23,816,381,31,2,1230,0,0,0,1230
04/30/2013,EWR,NJ,AEA,EN,Towers with Radar,851,405,11,0,1267,0,8,6,0,14,851,413,17,0,1281,0,0,0,1281
05/01/2013,EWR,NJ,AEA,EN,Towers with Radar,811,403,13,0,1227,0,8,7,4,19,811,411,20,4,1246,0,0,0,1246
05/02/2013,EWR,NJ,AEA,EN,Towers with Radar,837,408,17,0,1262,0,2,10,4,16,837,410,27,4,1278,0,0,0,1278
05/03/2013,EWR,NJ,AEA,EN,Towers with Radar,830,394,21,0,1245,0,7,17,2,26,830,401,38,2,1271,0,0,0,1271
05/04/2013,EWR,NJ,AEA,EN,Towers with Radar,677,277,4,0,958,0,0,14,0,14,677,277,18,0,972,0,0,0,972
05/05/2013,EWR,NJ,AEA,EN,Towers with Radar,744,368,15,0,1127,0,0,18,3,21,744,368,33,3,1148,0,0,0,1148
05/06/2013,EWR,NJ,AEA,EN,Towers with Radar,813,388,10,0,1211,0,0,13,0,13,813,388,23,0,1224,0,0,0,1224
05/07/2013,EWR,NJ,AEA,EN,Towers with Radar,819,404,7,0,1230,0,4,10,0,14,819,408,17,0,1244,0,0,0,1244
05/08/2013,EWR,NJ,AEA,EN,Towers with Radar,799,380,24,0,1203,0,0,10,0,10,799,380,34,0,1213,0,0,0,1213
05/09/2013,EWR,NJ,AEA,EN,Towers with Radar,841,386,25,0,1252,1,0,20,0,21,842,386,45,0,1273,0,0,0,1273
05/10/2013,EWR,NJ,AEA,EN,Towers with Radar,824,401,11,0,1236,0,6,19,2,27,824,407,30,2,1263,0,0,0,1263
05/11/2013,EWR,NJ,AEA,EN,Towers with Radar,686,241,22,1,950,0,0,13,2,15,686,241,35,3,965,0,0,0,965
05/12/2013,EWR,NJ,AEA,EN,Towers with Radar,737,360,15,1,1113,0,0,24,0,24,737,360,39,1,1137,0,0,0,1137
05/13/2013,EWR,NJ,AEA,EN,Towers with Radar,806,386,5,0,1197,0,1,8,0,9,806,387,13,0,1206,0,0,0,1206
05/14/2013,EWR,NJ,AEA,EN,Towers with Radar,823,396,11,0,1230,0,6,22,0,28,823,402,33,0,1258,0,0,0,1258
05/15/2013,EWR,NJ,AEA,EN,Towers with Radar,801,372,11,0,1184,0,4,10,0,14,801,376,21,0,1198,0,0,0,1198
05/16/2013,EWR,NJ,AEA,EN,Towers with Radar,848,402,10,0,1260,0,4,12,0,16,848,406,22,0,1276,0,0,0,1276
05/17/2013,EWR,NJ,AEA,EN,Towers with Radar,834,413,14,0,1261,0,5,21,2,28,834,418,35,2,1289,0,0,0,1289
05/18/2013,EWR,NJ,AEA,EN,Towers with Radar,688,277,6,0,971,0,0,9,0,9,688,277,15,0,980,0,0,0,980
05/19/2013,EWR,NJ,AEA,EN,Towers with Radar,731,347,8,0,1086,0,0,4,0,4,731,347,12,0,1090,0,0,0,1090
05/20/2013,EWR,NJ,AEA,EN,Towers with Radar,820,387,18,2,1227,0,0,9,0,9,820,387,27,2,1236,0,0,0,1236
05/21/2013,EWR,NJ,AEA,EN,Towers with Radar,822,396,17,2,1237,0,0,14,0,14,822,396,31,2,1251,0,0,0,1251
05/22/2013,EWR,NJ,AEA,EN,Towers with Radar,795,344,25,0,1164,0,0,7,0,7,795,344,32,0,1171,0,0,0,1171
05/23/2013,EWR,NJ,AEA,EN,Towers with Radar,691,204,9,0,904,0,0,6,0,6,691,204,15,0,910,0,0,0,910
05/24/2013,EWR,NJ,AEA,EN,Towers with Radar,835,367,13,0,1215,0,6,21,0,27,835,373,34,0,1242,0,0,0,1242
05/25/2013,EWR,NJ,AEA,EN,Towers with Radar,695,270,8,0,973,0,0,6,0,6,695,270,14,0,979,0,0,0,979
05/26/2013,EWR,NJ,AEA,EN,Towers with Radar,632,216,5,0,853,0,0,5,0,5,632,216,10,0,858,0,0,0,858
05/27/2013,EWR,NJ,AEA,EN,Towers with Radar,759,341,8,0,1108,0,0,21,2,23,759,341,29,2,1131,0,0,0,1131
05/28/2013,EWR,NJ,AEA,EN,Towers with Radar,793,376,7,0,1176,0,4,12,0,16,793,380,19,0,1192,0,0,0,1192
05/29/2013,EWR,NJ,AEA,EN,Towers with Radar,819,414,13,0,1246,0,1,20,4,25,819,415,33,4,1271,0,0,0,1271
05/30/2013,EWR,NJ,AEA,EN,Towers with Radar,841,402,4,0,1247,0,4,14,0,18,841,406,18,0,1265,0,0,0,1265
05/31/2013,EWR,NJ,AEA,EN,Towers with Radar,832,375,12,0,1219,0,4,33,0,37,832,379,45,0,1256,0,0,0,1256
06/01/2013,EWR,NJ,AEA,EN,Towers with Radar,675,268,8,0,951,0,2,14,0,16,675,270,22,0,967,0,0,0,967
06/02/2013,EWR,NJ,AEA,EN,Towers with Radar,637,256,7,0,900,0,1,19,0,20,637,257,26,0,920,0,0,0,920
06/03/2013,EWR,NJ,AEA,EN,Towers with Radar,834,392,9,0,1235,0,0,11,0,11,834,392,20,0,1246,0,0,0,1246
06/04/2013,EWR,NJ,AEA,EN,Towers with Radar,810,401,10,0,1221,0,7,19,1,27,810,408,29,1,1248,0,0,0,1248
06/05/2013,EWR,NJ,AEA,EN,Towers with Radar,811,400,19,0,1230,0,4,20,0,24,811,404,39,0,1254,0,0,0,1254
06/06/2013,EWR,NJ,AEA,EN,Towers with Radar,865,378,17,0,1260,0,4,15,0,19,865,382,32,0,1279,0,0,0,1279
06/07/2013,EWR,NJ,AEA,EN,Towers with Radar,820,301,11,0,1132,0,0,2,0,2,820,301,13,0,1134,0,0,0,1134
06/08/2013,EWR,NJ,AEA,EN,Towers with Radar,730,307,11,0,1048,0,0,11,0,11,730,307,22,0,1059,0,0,0,1059
06/09/2013,EWR,NJ,AEA,EN,Towers with Radar,766,334,11,0,1111,0,0,19,5,24,766,334,30,5,1135,0,0,0,1135
06/10/2013,EWR,NJ,AEA,EN,Towers with Radar,819,311,8,0,1138,0,0,7,0,7,819,311,15,0,1145,0,0,0,1145
06/11/2013,EWR,NJ,AEA,EN,Towers with Radar,849,341,12,0,1202,0,4,25,0,29,849,345,37,0,1231,0,0,0,1231
06/12/2013,EWR,NJ,AEA,EN,Towers with Radar,851,381,11,0,1243,0,4,38,2,44,851,385,49,2,1287,0,0,0,1287
06/13/2013,EWR,NJ,AEA,EN,Towers with Radar,807,281,8,0,1096,0,4,9,0,13,807,285,17,0,1109,0,0,0,1109
06/14/2013,EWR,NJ,AEA,EN,Towers with Radar,894,377,14,0,1285,0,4,19,0,23,894,381,33,0,1308,0,0,0,1308
06/15/2013,EWR,NJ,AEA,EN,Towers with Radar,730,308,14,0,1052,0,0,19,0,19,730,308,33,0,1071,0,0,0,1071
06/16/2013,EWR,NJ,AEA,EN,Towers with Radar,775,348,4,2,1129,0,0,19,0,19,775,348,23,2,1148,0,0,0,1148
06/17/2013,EWR,NJ,AEA,EN,Towers with Radar,847,360,8,0,1215,0,0,35,1,36,847,360,43,1,1251,0,0,0,1251
06/18/2013,EWR,NJ,AEA,EN,Towers with Radar,825,312,10,0,1147,0,0,6,0,6,825,312,16,0,1153,0,0,0,1153
06/19/2013,EWR,NJ,AEA,EN,Towers with Radar,901,395,13,0,1309,0,3,13,3,19,901,398,26,3,1328,0,0,0,1328
06/20/2013,EWR,NJ,AEA,EN,Towers with Radar,898,382,12,0,1292,0,4,30,0,34,898,386,42,0,1326,0,0,0,1326
06/21/2013,EWR,NJ,AEA,EN,Towers with Radar,861,379,15,0,1255,0,4,23,1,28,861,383,38,1,1283,0,0,0,1283
06/22/2013,EWR,NJ,AEA,EN,Towers with Radar,739,318,13,0,1070,0,0,16,2,18,739,318,29,2,1088,0,0,0,1088
06/23/2013,EWR,NJ,AEA,EN,Towers with Radar,774,341,8,0,1123,0,0,28,0,28,774,341,36,0,1151,0,0,0,1151
06/24/2013,EWR,NJ,AEA,EN,Towers with Radar,784,274,8,0,1066,0,0,25,0,25,784,274,33,0,1091,0,0,0,1091
06/25/2013,EWR,NJ,AEA,EN,Towers with Radar,848,366,6,0,1220,0,5,20,0,25,848,371,26,0,1245,0,0,0,1245
06/26/2013,EWR,NJ,AEA,EN,Towers with Radar,857,367,16,0,1240,0,4,16,0,20,857,371,32,0,1260,0,0,0,1260
06/27/2013,EWR,NJ,AEA,EN,Towers with Radar,778,276,16,0,1070,0,4,25,0,29,778,280,41,0,1099,0,0,0,1099
06/28/2013,EWR,NJ,AEA,EN,Towers with Radar,834,292,17,0,1143,0,3,36,1,40,834,295,53,1,1183,0,0,0,1183
06/29/2013,EWR,NJ,AEA,EN,Towers with Radar,743,311,5,0,1059,0,2,16,0,18,743,313,21,0,1077,0,0,0,1077
06/30/2013,EWR,NJ,AEA,EN,Towers with Radar,716,283,12,0,1011,0,0,5,2,7,716,283,17,2,1018,0,0,0,1018
07/01/2013,EWR,NJ,AEA,EN,Towers with Radar,809,311,13,0,1133,0,0,9,0,9,809,311,22,0,1142,0,0,0,1142
07/02/2013,EWR,NJ,AEA,EN,Towers with Radar,804,326,6,0,1136,0,0,10,0,10,804,326,16,0,1146,0,0,0,1146
07/03/2013,EWR,NJ,AEA,EN,Towers with Radar,857,376,14,0,1247,0,6,22,5,33,857,382,36,5,1280,0,0,0,1280
07/04/2013,EWR,NJ,AEA,EN,Towers with Radar,690,236,2,0,928,0,0,5,0,5,690,236,7,0,933,0,0,0,933
07/05/2013,EWR,NJ,AEA,EN,Towers with Radar,713,259,6,1,979,0,6,20,5,31,713,265,26,6,1010,0,0,0,1010
07/06/2013,EWR,NJ,AEA,EN,Towers with Radar,694,314,5,0,1013,1,0,6,0,7,695,314,11,0,1020,0,0,0,1020
07/07/2013,EWR,NJ,AEA,EN,Towers with Radar,723,306,12,0,1041,0,0,25,0,25,723,306,37,0,1066,0,0,0,1066
07/08/2013,EWR,NJ,AEA,EN,Towers with Radar,833,345,17,0,1195,0,0,26,0,26,833,345,43,0,1221,0,0,0,1221
07/09/2013,EWR,NJ,AEA,EN,Towers with Radar,862,378,14,0,1254,0,4,24,0,28,862,382,38,0,1282,0,0,0,1282
07/10/2013,EWR,NJ,AEA,EN,Towers with Radar,772,291,15,0,1078,0,4,21,0,25,772,295,36,0,1103,0,0,0,1103
07/11/2013,EWR,NJ,AEA,EN,Towers with Radar,880,355,6,0,1241,0,4,19,1,24,880,359,25,1,1265,0,0,0,1265
07/12/2013,EWR,NJ,AEA,EN,Towers with Radar,843,390,10,0,1243,0,6,18,4,28,843,396,28,4,1271,0,0,0,1271
07/13/2013,EWR,NJ,AEA,EN,Towers with Radar,737,310,3,0,1050,0,0,5,0,5,737,310,8,0,1055,0,0,0,1055
07/14/2013,EWR,NJ,AEA,EN,Towers with Radar,787,334,20,0,1141,0,1,17,0,18,787,335,37,0,1159,0,0,0,1159
07/15/2013,EWR,NJ,AEA,EN,Towers with Radar,844,370,8,0,1222,0,2,25,0,27,844,372,33,0,1249,0,0,0,1249
07/16/2013,EWR,NJ,AEA,EN,Towers with Radar,857,386,13,0,1256,0,4,43,2,49,857,390,56,2,1305,0,0,0,1305
07/17/2013,EWR,NJ,AEA,EN,Towers with Radar,872,389,12,0,1273,0,3,25,0,28,872,392,37,0,1301,0,0,0,1301
07/18/2013,EWR,NJ,AEA,EN,Towers with Radar,859,398,27,0,1284,0,4,25,2,31,859,402,52,2,1315,0,0,0,1315
07/19/2013,EWR,NJ,AEA,EN,Towers with Radar,842,374,11,0,1227,0,5,24,3,32,842,379,35,3,1259,0,0,0,1259
07/20/2013,EWR,NJ,AEA,EN,Towers with Radar,723,272,8,0,1003,0,1,21,2,24,723,273,29,2,1027,0,0,0,1027
07/21/2013,EWR,NJ,AEA,EN,Towers with Radar,799,341,12,0,1152,0,0,23,4,27,799,341,35,4,1179,0,0,0,1179
07/22/2013,EWR,NJ,AEA,EN,Towers with Radar,780,311,7,0,1098,0,0,26,0,26,780,311,33,0,1124,0,0,0,1124
07/23/2013,EWR,NJ,AEA,EN,Towers with Radar,867,354,11,1,1233,0,4,12,2,18,867,358,23,3,1251,0,0,0,1251
07/24/2013,EWR,NJ,AEA,EN,Towers with Radar,863,387,13,0,1263,0,5,25,0,30,863,392,38,0,1293,0,0,0,1293
07/25/2013,EWR,NJ,AEA,EN,Towers with Radar,846,354,12,1,1213,0,4,25,2,31,846,358,37,3,1244,0,0,0,1244
07/26/2013,EWR,NJ,AEA,EN,Towers with Radar,868,403,9,0,1280,0,4,25,4,33,868,407,34,4,1313,0,0,0,1313
07/27/2013,EWR,NJ,AEA,EN,Towers with Radar,728,312,14,0,1054,0,0,15,0,15,728,312,29,0,1069,0,0,0,1069
07/28/2013,EWR,NJ,AEA,EN,Towers with Radar,722,277,3,0,1002,0,0,21,0,21,722,277,24,0,1023,0,0,0,1023
07/29/2013,EWR,NJ,AEA,EN,Towers with Radar,871,389,8,0,1268,0,0,33,2,35,871,389,41,2,1303,0,0,0,1303
07/30/2013,EWR,NJ,AEA,EN,Towers with Radar,862,391,12,0,1265,0,6,25,2,33,862,397,37,2,1298,0,0,0,1298
07/31/2013,EWR,NJ,AEA,EN,Towers with Radar,878,397,10,0,1285,0,4,22,0,26,878,401,32,0,1311,0,0,0,1311
08/01/2013,EWR,NJ,AEA,EN,Towers with Radar,835,325,10,0,1170,0,4,22,0,26,835,329,32,0,1196,0,0,0,1196
08/02/2013,EWR,NJ,AEA,EN,Towers with Radar,864,383,12,0,1259,0,4,30,0,34,864,387,42,0,1293,0,0,0,1293
08/03/2013,EWR,NJ,AEA,EN,Towers with Radar,738,300,7,0,1045,0,0,11,0,11,738,300,18,0,1056,0,0,0,1056
08/04/2013,EWR,NJ,AEA,EN,Towers with Radar,782,335,9,0,1126,0,2,15,0,17,782,337,24,0,1143,0,0,0,1143
08/05/2013,EWR,NJ,AEA,EN,Towers with Radar,847,374,12,0,1233,0,0,29,4,33,847,374,41,4,1266,0,0,0,1266
08/06/2013,EWR,NJ,AEA,EN,Towers with Radar,859,390,9,0,1258,0,6,19,2,27,859,396,28,2,1285,0,0,0,1285
08/07/2013,EWR,NJ,AEA,EN,Towers with Radar,853,375,5,0,1233,0,4,25,2,31,853,379,30,2,1264,0,0,0,1264
08/08/2013,EWR,NJ,AEA,EN,Towers with Radar,824,345,6,0,1175,0,4,20,0,24,824,349,26,0,1199,0,0,0,1199
08/09/2013,EWR,NJ,AEA,EN,Towers with Radar,835,341,6,0,1182,0,2,13,0,15,835,343,19,0,1197,0,0,0,1197
08/10/2013,EWR,NJ,AEA,EN,Towers with Radar,745,308,7,0,1060,0,0,12,2,14,745,308,19,2,1074,0,0,0,1074
08/11/2013,EWR,NJ,AEA,EN,Towers with Radar,777,332,7,0,1116,0,0,19,0,19,777,332,26,0,1135,0,0,0,1135
08/12/2013,EWR,NJ,AEA,EN,Towers with Radar,820,380,14,0,1214,0,0,18,2,20,820,380,32,2,1234,0,0,0,1234
08/13/2013,EWR,NJ,AEA,EN,Towers with Radar,840,321,13,0,1174,0,0,9,2,11,840,321,22,2,1185,0,0,0,1185
08/14/2013,EWR,NJ,AEA,EN,Towers with Radar,879,380,14,0,1273,0,4,17,2,23,879,384,31,2,1296,0,0,0,1296
08/15/2013,EWR,NJ,AEA,EN,Towers with Radar,877,377,11,0,1265,1,4,25,2,32,878,381,36,2,1297,0,0,0,1297
08/16/2013,EWR,NJ,AEA,EN,Towers with Radar,869,375,13,0,1257,0,4,24,2,30,869,379,37,2,1287,0,0,0,1287
08/17/2013,EWR,NJ,AEA,EN,Towers with Radar,737,271,7,0,1015,0,0,10,0,10,737,271,17,0,1025,0,0,0,1025
08/18/2013,EWR,NJ,AEA,EN,Towers with Radar,763,322,7,2,1094,0,0,15,0,15,763,322,22,2,1109,0,0,0,1109
08/19/2013,EWR,NJ,AEA,EN,Towers with Radar,845,365,5,0,1215,0,0,18,2,20,845,365,23,2,1235,0,0,0,1235
08/20/2013,EWR,NJ,AEA,EN,Towers with Radar,861,380,12,0,1253,0,4,16,0,20,861,384,28,0,1273,0,0,0,1273
08/21/2013,EWR,NJ,AEA,EN,Towers with Radar,865,376,6,0,1247,0,6,14,0,20,865,382,20,0,1267,0,0,0,1267
08/22/2013,EWR,NJ,AEA,EN,Towers with Radar,856,331,10,0,1197,0,4,17,0,21,856,335,27,0,1218,0,0,0,1218
08/23/2013,EWR,NJ,AEA,EN,Towers with Radar,858,379,19,0,1256,0,6,22,2,30,858,385,41,2,1286,0,0,0,1286
08/24/2013,EWR,NJ,AEA,EN,Towers with Radar,733,269,8,0,1010,0,0,14,0,14,733,269,22,0,1024,0,0,0,1024
08/25/2013,EWR,NJ,AEA,EN,Towers with Radar,752,328,9,0,1089,0,0,19,8,27,752,328,28,8,1116,0,0,0,1116
08/26/2013,EWR,NJ,AEA,EN,Towers with Radar,828,355,9,2,1194,0,1,22,2,25,828,356,31,4,1219,0,0,0,1219
08/27/2013,EWR,NJ,AEA,EN,Towers with Radar,845,378,10,0,1233,0,5,23,0,28,845,383,33,0,1261,0,0,0,1261
08/28/2013,EWR,NJ,AEA,EN,Towers with Radar,782,316,6,0,1104,0,4,20,0,24,782,320,26,0,1128,0,0,0,1128
08/29/2013,EWR,NJ,AEA,EN,Towers with Radar,841,389,10,0,1240,0,4,29,0,33,841,393,39,0,1273,0,0,0,1273
08/30/2013,EWR,NJ,AEA,EN,Towers with Radar,817,372,6,0,1195,0,4,23,2,29,817,376,29,2,1224,0,0,0,1224
08/31/2013,EWR,NJ,AEA,EN,Towers with Radar,654,214,11,0,879,0,0,13,0,13,654,214,24,0,892,0,0,0,892
09/01/2013,EWR,NJ,AEA,EN,Towers with Radar,617,207,10,0,834,0,0,8,0,8,617,207,18,0,842,0,0,0,842
09/02/2013,EWR,NJ,AEA,EN,Towers with Radar,690,281,6,0,977,0,0,10,0,10,690,281,16,0,987,0,0,0,987
09/03/2013,EWR,NJ,AEA,EN,Towers with Radar,811,362,13,0,1186,0,0,21,6,27,811,362,34,6,1213,0,0,0,1213
09/04/2013,EWR,NJ,AEA,EN,Towers with Radar,817,376,9,0,1202,0,4,25,2,31,817,380,34,2,1233,0,0,0,1233
09/05/2013,EWR,NJ,AEA,EN,Towers with Radar,844,383,4,0,1231,1,4,13,1,19,845,387,17,1,1250,0,0,0,1250
09/06/2013,EWR,NJ,AEA,EN,Towers with Radar,808,379,7,1,1195,0,6,22,2,30,808,385,29,3,1225,0,0,0,1225
09/07/2013,EWR,NJ,AEA,EN,Towers with Radar,643,240,6,0,889,0,0,14,2,16,643,240,20,2,905,0,0,0,905
09/08/2013,EWR,NJ,AEA,EN,Towers with Radar,698,340,12,1,1051,0,2,24,1,27,698,342,36,2,1078,0,0,0,1078
09/09/2013,EWR,NJ,AEA,EN,Towers with Radar,793,369,12,0,1174,0,0,18,4,22,793,369,30,4,1196,0,0,0,1196
09/10/2013,EWR,NJ,AEA,EN,Towers with Radar,802,398,14,0,1214,0,4,21,0,25,802,402,35,0,1239,0,0,0,1239
09/11/2013,EWR,NJ,AEA,EN,Towers with Radar,762,366,19,0,1147,0,4,23,0,27,762,370,42,0,1174,0,0,0,1174
09/12/2013,EWR,NJ,AEA,EN,Towers with Radar,702,257,17,0,976,0,4,11,0,15,702,261,28,0,991,0,0,0,991
09/13/2013,EWR,NJ,AEA,EN,Towers with Radar,837,363,10,0,1210,0,6,26,4,36,837,369,36,4,1246,0,0,0,1246
09/14/2013,EWR,NJ,AEA,EN,Towers with Radar,641,241,13,0,895,0,0,10,2,12,641,241,23,2,907,0,0,0,907
09/15/2013,EWR,NJ,AEA,EN,Towers with Radar,704,324,16,0,1044,0,0,14,3,17,704,324,30,3,1061,0,0,0,1061
09/16/2013,EWR,NJ,AEA,EN,Towers with Radar,788,373,13,2,1176,0,0,24,4,28,788,373,37,6,1204,0,0,0,1204
09/17/2013,EWR,NJ,AEA,EN,Towers with Radar,774,383,18,0,1175,0,4,14,0,18,774,387,32,0,1193,0,0,0,1193
09/18/2013,EWR,NJ,AEA,EN,Towers with Radar,796,378,17,0,1191,0,4,14,0,18,796,382,31,0,1209,0,0,0,1209
09/19/2013,EWR,NJ,AEA,EN,Towers with Radar,804,391,21,0,1216,0,4,35,0,39,804,395,56,0,1255,0,0,0,1255
09/20/2013,EWR,NJ,AEA,EN,Towers with Radar,813,381,24,0,1218,0,4,32,6,42,813,385,56,6,1260,0,0,0,1260
09/21/2013,EWR,NJ,AEA,EN,Towers with Radar,644,237,10,0,891,0,0,7,0,7,644,237,17,0,898,0,0,0,898
09/22/2013,EWR,NJ,AEA,EN,Towers with Radar,715,327,24,2,1068,0,0,14,0,14,715,327,38,2,1082,0,0,0,1082
09/23/2013,EWR,NJ,AEA,EN,Towers with Radar,794,378,39,2,1213,0,0,13,0,13,794,378,52,2,1226,0,0,0,1226
09/24/2013,EWR,NJ,AEA,EN,Towers with Radar,791,375,26,0,1192,0,3,15,0,18,791,378,41,0,1210,0,0,0,1210
09/25/2013,EWR,NJ,AEA,EN,Towers with Radar,814,397,34,0,1245,0,4,24,2,30,814,401,58,2,1275,0,0,0,1275
09/26/2013,EWR,NJ,AEA,EN,Towers with Radar,858,389,44,0,1291,0,6,13,0,19,858,395,57,0,1310,0,0,0,1310
09/27/2013,EWR,NJ,AEA,EN,Towers with Radar,828,380,41,0,1249,0,5,19,0,24,828,385,60,0,1273,0,0,0,1273
09/28/2013,EWR,NJ,AEA,EN,Towers with Radar,686,234,12,0,932,0,0,8,0,8,686,234,20,0,940,0,0,0,940
09/29/2013,EWR,NJ,AEA,EN,Towers with Radar,737,330,21,0,1088,0,0,24,2,26,737,330,45,2,1114,0,0,0,1114
09/30/2013,EWR,NJ,AEA,EN,Towers with Radar,813,363,27,0,1203,0,0,29,0,29,813,363,56,0,1232,0,0,0,1232
10/01/2013,EWR,NJ,AEA,EN,Towers with Radar,790,388,15,1,1194,0,4,15,0,19,790,392,30,1,1213,0,0,0,1213
10/02/2013,EWR,NJ,AEA,EN,Towers with Radar,810,392,22,0,1224,0,4,20,2,26,810,396,42,2,1250,0,0,0,1250
10/03/2013,EWR,NJ,AEA,EN,Towers with Radar,827,380,13,0,1220,0,4,17,0,21,827,384,30,0,1241,0,0,0,1241
10/04/2013,EWR,NJ,AEA,EN,Towers with Radar,812,385,22,0,1219,0,6,38,0,44,812,391,60,0,1263,0,0,0,1263
10/05/2013,EWR,NJ,AEA,EN,Towers with Radar,677,229,4,0,910,0,0,21,0,21,677,229,25,0,931,0,0,0,931
10/06/2013,EWR,NJ,AEA,EN,Towers with Radar,722,325,10,0,1057,0,0,0,0,0,722,325,10,0,1057,0,0,0,1057
10/07/2013,EWR,NJ,AEA,EN,Towers with Radar,757,297,16,0,1070,0,0,8,2,10,757,297,24,2,1080,0,0,0,1080
10/08/2013,EWR,NJ,AEA,EN,Towers with Radar,827,404,11,0,1242,0,8,15,0,23,827,412,26,0,1265,0,0,0,1265
10/09/2013,EWR,NJ,AEA,EN,Towers with Radar,802,397,23,2,1224,0,5,16,4,25,802,402,39,6,1249,0,0,0,1249
10/10/2013,EWR,NJ,AEA,EN,Towers with Radar,819,365,14,0,1198,0,4,10,0,14,819,369,24,0,1212,0,0,0,1212
10/11/2013,EWR,NJ,AEA,EN,Towers with Radar,798,303,12,0,1113,0,4,19,0,23,798,307,31,0,1136,0,0,0,1136
10/12/2013,EWR,NJ,AEA,EN,Towers with Radar,694,243,11,1,949,0,0,9,1,10,694,243,20,2,959,0,0,0,959
10/13/2013,EWR,NJ,AEA,EN,Towers with Radar,734,337,6,0,1077,0,0,8,0,8,734,337,14,0,1085,0,0,0,1085
10/14/2013,EWR,NJ,AEA,EN,Towers with Radar,805,365,16,0,1186,0,2,17,0,19,805,367,33,0,1205,0,0,0,1205
10/15/2013,EWR,NJ,AEA,EN,Towers with Radar,790,392,9,0,1191,0,4,21,0,25,790,396,30,0,1216,0,0,0,1216
10/16/2013,EWR,NJ,AEA,EN,Towers with Radar,806,397,13,0,1216,0,4,21,0,25,806,401,34,0,1241,0,0,0,1241
10/17/2013,EWR,NJ,AEA,EN,Towers with Radar,835,388,18,0,1241,0,2,11,0,13,835,390,29,0,1254,0,0,0,1254
10/18/2013,EWR,NJ,AEA,EN,Towers with Radar,817,395,11,0,1223,0,5,19,4,28,817,400,30,4,1251,0,0,0,1251
10/19/2013,EWR,NJ,AEA,EN,Towers with Radar,672,233,10,0,915,0,0,10,0,10,672,233,20,0,925,0,0,0,925
10/20/2013,EWR,NJ,AEA,EN,Towers with Radar,730,332,33,0,1095,1,0,15,0,16,731,332,48,0,1111,0,0,0,1111
10/21/2013,EWR,NJ,AEA,EN,Towers with Radar,801,367,18,0,1186,0,0,18,3,21,801,367,36,3,1207,0,0,0,1207
10/22/2013,EWR,NJ,AEA,EN,Towers with Radar,794,387,17,0,1198,0,4,21,0,25,794,391,38,0,1223,0,0,0,1223
10/23/2013,EWR,NJ,AEA,EN,Towers with Radar,789,391,9,0,1189,0,3,11,5,19,789,394,20,5,1208,0,0,0,1208
10/24/2013,EWR,NJ,AEA,EN,Towers with Radar,832,382,12,0,1226,0,4,24,0,28,832,386,36,0,1254,0,0,0,1254
10/25/2013,EWR,NJ,AEA,EN,Towers with Radar,828,387,23,0,1238,0,3,18,3,24,828,390,41,3,1262,0,0,0,1262
10/26/2013,EWR,NJ,AEA,EN,Towers with Radar,676,262,28,0,966,0,0,16,3,19,676,262,44,3,985,0,0,0,985
10/27/2013,EWR,NJ,AEA,EN,Towers with Radar,723,333,15,0,1071,0,0,21,0,21,723,333,36,0,1092,0,0,0,1092
10/28/2013,EWR,NJ,AEA,EN,Towers with Radar,799,372,14,0,1185,0,1,9,0,10,799,373,23,0,1195,0,0,0,1195
10/29/2013,EWR,NJ,AEA,EN,Towers with Radar,805,398,8,0,1211,0,4,26,0,30,805,402,34,0,1241,0,0,0,1241
10/30/2013,EWR,NJ,AEA,EN,Towers with Radar,796,391,23,1,1211,0,4,27,0,31,796,395,50,1,1242,0,0,0,1242
10/31/2013,EWR,NJ,AEA,EN,Towers with Radar,799,343,16,1,1159,0,4,21,0,25,799,347,37,1,1184,0,0,0,1184
11/01/2013,EWR,NJ,AEA,EN,Towers with Radar,770,352,19,0,1141,0,5,20,0,25,770,357,39,0,1166,0,0,0,1166
11/02/2013,EWR,NJ,AEA,EN,Towers with Radar,691,256,29,2,978,0,2,8,0,10,691,258,37,2,988,0,0,0,988
11/03/2013,EWR,NJ,AEA,EN,Towers with Radar,726,345,14,0,1085,0,0,8,0,8,726,345,22,0,1093,0,0,0,1093
11/04/2013,EWR,NJ,AEA,EN,Towers with Radar,803,386,12,0,1201,0,2,16,4,22,803,388,28,4,1223,0,0,0,1223
11/05/2013,EWR,NJ,AEA,EN,Towers with Radar,824,385,4,0,1213,0,4,17,0,21,824,389,21,0,1234,0,0,0,1234
11/06/2013,EWR,NJ,AEA,EN,Towers with Radar,813,402,11,0,1226,0,4,22,2,28,813,406,33,2,1254,0,0,0,1254
11/07/2013,EWR,NJ,AEA,EN,Towers with Radar,837,372,11,0,1220,0,0,4,0,4,837,372,15,0,1224,0,0,0,1224
11/08/2013,EWR,NJ,AEA,EN,Towers with Radar,820,387,32,0,1239,0,4,19,0,23,820,391,51,0,1262,0,0,0,1262
11/09/2013,EWR,NJ,AEA,EN,Towers with Radar,694,276,12,0,982,0,0,6,0,6,694,276,18,0,988,0,0,0,988
11/10/2013,EWR,NJ,AEA,EN,Towers with Radar,721,341,14,0,1076,0,0,8,0,8,721,341,22,0,1084,0,0,0,1084
11/11/2013,EWR,NJ,AEA,EN,Towers with Radar,802,363,12,0,1177,0,4,11,0,15,802,367,23,0,1192,0,0,0,1192
11/12/2013,EWR,NJ,AEA,EN,Towers with Radar,791,406,13,0,1210,0,4,10,0,14,791,410,23,0,1224,0,0,0,1224
11/13/2013,EWR,NJ,AEA,EN,Towers with Radar,801,394,20,0,1215,0,4,25,0,29,801,398,45,0,1244,0,0,0,1244
11/14/2013,EWR,NJ,AEA,EN,Towers with Radar,845,402,20,0,1267,0,4,17,0,21,845,406,37,0,1288,0,0,0,1288
11/15/2013,EWR,NJ,AEA,EN,Towers with Radar,825,387,14,0,1226,0,4,24,0,28,825,391,38,0,1254,0,0,0,1254
11/16/2013,EWR,NJ,AEA,EN,Towers with Radar,689,273,8,0,970,0,1,8,0,9,689,274,16,0,979,0,0,0,979
11/17/2013,EWR,NJ,AEA,EN,Towers with Radar,704,317,9,0,1030,0,0,7,0,7,704,317,16,0,1037,0,0,0,1037
11/18/2013,EWR,NJ,AEA,EN,Towers with Radar,802,364,5,0,1171,0,2,14,0,16,802,366,19,0,1187,0,0,0,1187
11/19/2013,EWR,NJ,AEA,EN,Towers with Radar,820,388,7,0,1215,0,4,17,0,21,820,392,24,0,1236,0,0,0,1236
11/20/2013,EWR,NJ,AEA,EN,Towers with Radar,813,389,5,0,1207,0,4,14,0,18,813,393,19,0,1225,0,0,0,1225
11/21/2013,EWR,NJ,AEA,EN,Towers with Radar,834,390,20,0,1244,0,4,20,0,24,834,394,40,0,1268,0,0,0,1268
11/22/2013,EWR,NJ,AEA,EN,Towers with Radar,811,377,13,0,1201,0,4,16,0,20,811,381,29,0,1221,0,0,0,1221
11/23/2013,EWR,NJ,AEA,EN,Towers with Radar,699,279,7,0,985,0,0,16,0,16,699,279,23,0,1001,0,0,0,1001
11/24/2013,EWR,NJ,AEA,EN,Towers with Radar,718,336,11,0,1065,0,0,8,0,8,718,336,19,0,1073,0,0,0,1073
11/25/2013,EWR,NJ,AEA,EN,Towers with Radar,748,344,6,0,1098,0,2,9,0,11,748,346,15,0,1109,0,0,0,1109
11/26/2013,EWR,NJ,AEA,EN,Towers with Radar,812,371,19,0,1202,0,6,14,4,24,812,377,33,4,1226,0,0,0,1226
11/27/2013,EWR,NJ,AEA,EN,Towers with Radar,807,342,20,0,1169,0,0,2,0,2,807,342,22,0,1171,0,0,0,1171
11/28/2013,EWR,NJ,AEA,EN,Towers with Radar,523,227,1,0,751,0,0,3,0,3,523,227,4,0,754,0,0,0,754
11/29/2013,EWR,NJ,AEA,EN,Towers with Radar,586,215,4,0,805,0,6,7,2,15,586,221,11,2,820,0,0,0,820
11/30/2013,EWR,NJ,AEA,EN,Towers with Radar,742,327,8,0,1077,0,0,8,0,8,742,327,16,0,1085,0,0,0,1085
12/01/2013,EWR,NJ,AEA,EN,Towers with Radar,774,397,53,0,1224,0,0,12,2,14,774,397,65,2,1238,0,0,0,1238
12/02/2013,EWR,NJ,AEA,EN,Towers with Radar,813,368,25,0,1206,0,0,14,5,19,813,368,39,5,1225,0,0,0,1225
12/03/2013,EWR,NJ,AEA,EN,Towers with Radar,857,397,28,0,1282,0,6,14,2,22,857,403,42,2,1304,0,0,0,1304
12/04/2013,EWR,NJ,AEA,EN,Towers with Radar,847,387,35,0,1269,0,4,9,0,13,847,391,44,0,1282,0,0,0,1282
12/05/2013,EWR,NJ,AEA,EN,Towers with Radar,789,300,34,0,1123,0,0,4,0,4,789,300,38,0,1127,0,0,0,1127
12/06/2013,EWR,NJ,AEA,EN,Towers with Radar,836,307,21,0,1164,0,0,19,0,19,836,307,40,0,1183,0,0,0,1183
12/07/2013,EWR,NJ,AEA,EN,Towers with Radar,685,269,14,0,968,0,0,8,0,8,685,269,22,0,976,0,0,0,976
12/08/2013,EWR,NJ,AEA,EN,Towers with Radar,688,265,11,0,964,0,0,9,0,9,688,265,20,0,973,0,0,0,973
12/09/2013,EWR,NJ,AEA,EN,Towers with Radar,774,316,15,2,1107,0,0,2,0,2,774,316,17,2,1109,0,0,0,1109
12/10/2013,EWR,NJ,AEA,EN,Towers with Radar,729,204,27,0,960,0,0,6,0,6,729,204,33,0,966,0,0,0,966
12/11/2013,EWR,NJ,AEA,EN,Towers with Radar,840,387,23,2,1252,0,4,21,2,27,840,391,44,4,1279,0,0,0,1279
12/12/2013,EWR,NJ,AEA,EN,Towers with Radar,858,379,17,2,1256,0,5,14,0,19,858,384,31,2,1275,0,0,0,1275
12/13/2013,EWR,NJ,AEA,EN,Towers with Radar,863,373,29,2,1267,0,6,25,2,33,863,379,54,4,1300,0,0,0,1300
12/14/2013,EWR,NJ,AEA,EN,Towers with Radar,472,96,7,0,575,0,0,0,0,0,472,96,7,0,575,0,0,0,575
12/15/2013,EWR,NJ,AEA,EN,Towers with Radar,718,294,6,0,1018,0,0,7,0,7,718,294,13,0,1025,0,0,0,1025
12/16/2013,EWR,NJ,AEA,EN,Towers with Radar,788,351,13,0,1152,0,1,24,8,33,788,352,37,8,1185,0,0,0,1185
12/17/2013,EWR,NJ,AEA,EN,Towers with Radar,768,253,12,0,1033,0,0,4,0,4,768,253,16,0,1037,0,0,0,1037
12/18/2013,EWR,NJ,AEA,EN,Towers with Radar,887,383,18,0,1288,0,6,16,2,24,887,389,34,2,1312,0,0,0,1312
12/19/2013,EWR,NJ,AEA,EN,Towers with Radar,882,374,27,0,1283,0,6,31,0,37,882,380,58,0,1320,0,0,0,1320
12/20/2013,EWR,NJ,AEA,EN,Towers with Radar,891,364,10,0,1265,0,6,25,2,33,891,370,35,2,1298,0,0,0,1298
12/21/2013,EWR,NJ,AEA,EN,Towers with Radar,793,284,20,0,1097,0,2,2,0,4,793,286,22,0,1101,0,0,0,1101
12/22/2013,EWR,NJ,AEA,EN,Towers with Radar,764,272,8,0,1044,0,0,5,0,5,764,272,13,0,1049,0,0,0,1049
12/23/2013,EWR,NJ,AEA,EN,Towers with Radar,818,342,3,0,1163,0,0,3,0,3,818,342,6,0,1166,0,0,0,1166
12/24/2013,EWR,NJ,AEA,EN,Towers with Radar,726,230,3,0,959,0,6,5,0,11,726,236,8,0,970,0,0,0,970
12/25/2013,EWR,NJ,AEA,EN,Towers with Radar,622,195,4,0,821,0,0,2,0,2,622,195,6,0,823,0,0,0,823
12/26/2013,EWR,NJ,AEA,EN,Towers with Radar,792,289,19,1,1101,0,4,8,4,16,792,293,27,5,1117,0,0,0,1117
12/27/2013,EWR,NJ,AEA,EN,Towers with Radar,805,359,7,0,1171,0,4,12,2,18,805,363,19,2,1189,0,0,0,1189
12/28/2013,EWR,NJ,AEA,EN,Towers with Radar,764,282,7,1,1054,0,0,8,0,8,764,282,15,1,1062,0,0,0,1062
12/29/2013,EWR,NJ,AEA,EN,Towers with Radar,747,275,7,0,1029,0,0,3,0,3,747,275,10,0,1032,0,0,0,1032
12/30/2013,EWR,NJ,AEA,EN,Towers with Radar,792,347,2,0,1141,0,0,3,2,5,792,347,5,2,1146,0,0,0,1146
12/31/2013,EWR,NJ,AEA,EN,Towers with Radar,698,240,4,0,942,0,4,6,0,10,698,244,10,0,952,0,0,0,952
01/01/2014,EWR,NJ,AEA,EN,Towers with Radar,689,247,7,0,943,0,0,2,0,2,689,247,9,0,945,0,0,0,945
01/02/2014,EWR,NJ,AEA,EN,Towers with Radar,630,148,11,0,789,0,4,0,0,4,630,152,11,0,793,0,0,0,793
01/03/2014,EWR,NJ,AEA,EN,Towers with Radar,561,115,13,0,689,0,0,3,0,3,561,115,16,0,692,0,0,0,692
01/04/2014,EWR,NJ,AEA,EN,Towers with Radar,690,226,12,0,928,0,0,3,2,5,690,226,15,2,933,0,0,0,933
01/05/2014,EWR,NJ,AEA,EN,Towers with Radar,655,196,26,0,877,0,0,0,0,0,655,196,26,0,877,0,0,0,877
01/06/2014,EWR,NJ,AEA,EN,Towers with Radar,731,269,14,0,1014,0,0,4,0,4,731,269,18,0,1018,0,0,0,1018
01/07/2014,EWR,NJ,AEA,EN,Towers with Radar,647,258,8,2,915,0,3,10,2,15,647,261,18,4,930,0,0,0,930
01/08/2014,EWR,NJ,AEA,EN,Towers with Radar,705,313,6,0,1024,0,5,7,2,14,705,318,13,2,1038,0,0,0,1038
01/09/2014,EWR,NJ,AEA,EN,Towers with Radar,790,347,6,0,1143,0,4,17,0,21,790,351,23,0,1164,0,0,0,1164
01/10/2014,EWR,NJ,AEA,EN,Towers with Radar,755,295,5,2,1057,0,4,0,0,4,755,299,5,2,1061,0,0,0,1061
01/11/2014,EWR,NJ,AEA,EN,Towers with Radar,607,172,12,0,791,0,0,0,0,0,607,172,12,0,791,0,0,0,791
01/12/2014,EWR,NJ,AEA,EN,Towers with Radar,687,292,13,0,992,0,0,1,2,3,687,292,14,2,995,0,0,0,995
01/13/2014,EWR,NJ,AEA,EN,Towers with Radar,751,331,16,0,1098,0,0,21,0,21,751,331,37,0,1119,0,0,0,1119
01/14/2014,EWR,NJ,AEA,EN,Towers with Radar,747,354,12,0,1113,0,5,7,0,12,747,359,19,0,1125,0,0,0,1125
01/15/2014,EWR,NJ,AEA,EN,Towers with Radar,705,304,10,0,1019,0,0,4,0,4,705,304,14,0,1023,0,0,0,1023
01/16/2014,EWR,NJ,AEA,EN,Towers with Radar,773,364,15,0,1152,0,0,19,0,19,773,364,34,0,1171,0,0,0,1171
01/17/2014,EWR,NJ,AEA,EN,Towers with Radar,762,343,12,2,1119,0,4,21,4,29,762,347,33,6,1148,0,0,0,1148
01/18/2014,EWR,NJ,AEA,EN,Towers with Radar,618,219,5,0,842,0,0,3,0,3,618,219,8,0,845,0,0,0,845
01/19/2014,EWR,NJ,AEA,EN,Towers with Radar,679,288,2,0,969,0,0,3,0,3,679,288,5,0,972,0,0,0,972
01/20/2014,EWR,NJ,AEA,EN,Towers with Radar,735,345,13,0,1093,0,2,12,2,16,735,347,25,2,1109,0,0,0,1109
01/21/2014,EWR,NJ,AEA,EN,Towers with Radar,441,128,8,0,577,0,4,5,0,9,441,132,13,0,586,0,0,0,586
01/22/2014,EWR,NJ,AEA,EN,Towers with Radar,565,236,15,0,816,0,6,19,2,27,565,242,34,2,843,0,0,0,843
01/23/2014,EWR,NJ,AEA,EN,Towers with Radar,782,357,22,0,1161,0,8,16,4,28,782,365,38,4,1189,0,0,0,1189
01/24/2014,EWR,NJ,AEA,EN,Towers with Radar,750,366,5,0,1121,0,6,16,2,24,750,372,21,2,1145,0,0,0,1145
01/25/2014,EWR,NJ,AEA,EN,Towers with Radar,616,214,6,0,836,0,0,3,2,5,616,214,9,2,841,0,0,0,841
01/26/2014,EWR,NJ,AEA,EN,Towers with Radar,676,289,7,0,972,0,0,5,1,6,676,289,12,1,978,0,0,0,978
01/27/2014,EWR,NJ,AEA,EN,Towers with Radar,732,336,16,0,1084,0,0,16,0,16,732,336,32,0,1100,0,0,0,1100
01/28/2014,EWR,NJ,AEA,EN,Towers with Radar,695,349,11,0,1055,0,6,10,11,27,695,355,21,11,1082,0,0,0,1082
01/29/2014,EWR,NJ,AEA,EN,Towers with Radar,719,332,14,0,1065,0,6,10,2,18,719,338,24,2,1083,0,0,0,1083
01/30/2014,EWR,NJ,AEA,EN,Towers with Radar,766,350,5,0,1121,0,8,13,2,23,766,358,18,2,1144,0,0,0,1144
01/31/2014,EWR,NJ,AEA,EN,Towers with Radar,781,347,26,1,1155,0,6,15,4,25,781,353,41,5,1180,0,0,0,1180
02/01/2014,EWR,NJ,AEA,EN,Towers with Radar,615,207,11,2,835,0,0,15,6,21,615,207,26,8,856,0,0,0,856
02/02/2014,EWR,NJ,AEA,EN,Towers with Radar,629,239,8,0,876,0,0,24,0,24,629,239,32,0,900,0,0,0,900
02/03/2014,EWR,NJ,AEA,EN,Towers with Radar,493,49,26,0,568,0,0,3,0,3,493,49,29,0,571,0,0,0,571
02/04/2014,EWR,NJ,AEA,EN,Towers with Radar,641,240,6,0,887,0,4,10,0,14,641,244,16,0,901,0,0,0,901
02/05/2014,EWR,NJ,AEA,EN,Towers with Radar,408,88,19,0,515,0,0,0,0,0,408,88,19,0,515,0,0,0,515
02/06/2014,EWR,NJ,AEA,EN,Towers with Radar,756,311,20,0,1087,0,4,15,0,19,756,315,35,0,1106,0,0,0,1106
02/07/2014,EWR,NJ,AEA,EN,Towers with Radar,771,356,3,0,1130,0,4,19,4,27,771,360,22,4,1157,0,0,0,1157
02/08/2014,EWR,NJ,AEA,EN,Towers with Radar,620,219,9,0,848,0,0,12,0,12,620,219,21,0,860,0,0,0,860
02/09/2014,EWR,NJ,AEA,EN,Towers with Radar,674,227,12,0,913,0,0,4,0,4,674,227,16,0,917,0,0,0,917
02/10/2014,EWR,NJ,AEA,EN,Towers with Radar,734,345,8,2,1089,0,0,15,0,15,734,345,23,2,1104,0,0,0,1104
02/11/2014,EWR,NJ,AEA,EN,Towers with Radar,732,368,6,0,1106,0,4,21,2,27,732,372,27,2,1133,0,0,0,1133
02/12/2014,EWR,NJ,AEA,EN,Towers with Radar,661,317,23,0,1001,0,6,23,0,29,661,323,46,0,1030,0,0,0,1030
02/13/2014,EWR,NJ,AEA,EN,Towers with Radar,344,28,29,0,401,0,0,0,0,0,344,28,29,0,401,0,0,0,401
02/14/2014,EWR,NJ,AEA,EN,Towers with Radar,651,211,31,0,893,0,6,19,2,27,651,217,50,2,920,0,0,0,920
02/15/2014,EWR,NJ,AEA,EN,Towers with Radar,587,87,4,0,678,0,0,3,0,3,587,87,7,0,681,0,0,0,681
02/16/2014,EWR,NJ,AEA,EN,Towers with Radar,691,256,0,0,947,0,0,5,0,5,691,256,5,0,952,0,0,0,952
02/17/2014,EWR,NJ,AEA,EN,Towers with Radar,726,354,14,0,1094,0,2,9,0,11,726,356,23,0,1105,0,0,0,1105
02/18/2014,EWR,NJ,AEA,EN,Towers with Radar,686,193,26,0,905,0,0,4,0,4,686,193,30,0,909,0,0,0,909
02/19/2014,EWR,NJ,AEA,EN,Towers with Radar,743,373,8,0,1124,0,4,9,0,13,743,377,17,0,1137,0,0,0,1137
02/20/2014,EWR,NJ,AEA,EN,Towers with Radar,779,384,3,0,1166,0,6,6,0,12,779,390,9,0,1178,0,0,0,1178
02/21/2014,EWR,NJ,AEA,EN,Towers with Radar,722,260,14,0,996,0,0,4,0,4,722,260,18,0,1000,0,0,0,1000
02/22/2014,EWR,NJ,AEA,EN,Towers with Radar,666,245,9,0,920,0,0,7,0,7,666,245,16,0,927,0,0,0,927
02/23/2014,EWR,NJ,AEA,EN,Towers with Radar,717,303,4,1,1025,0,0,7,0,7,717,303,11,1,1032,0,0,0,1032
02/24/2014,EWR,NJ,AEA,EN,Towers with Radar,762,377,13,0,1152,0,1,10,1,12,762,378,23,1,1164,0,0,0,1164
02/25/2014,EWR,NJ,AEA,EN,Towers with Radar,769,379,7,0,1155,0,4,17,0,21,769,383,24,0,1176,0,0,0,1176
02/26/2014,EWR,NJ,AEA,EN,Towers with Radar,748,376,12,2,1138,0,4,8,0,12,748,380,20,2,1150,0,0,0,1150
02/27/2014,EWR,NJ,AEA,EN,Towers with Radar,797,392,11,0,1200,0,4,20,0,24,797,396,31,0,1224,0,0,0,1224
02/28/2014,EWR,NJ,AEA,EN,Towers with Radar,775,390,11,0,1176,0,4,12,0,16,775,394,23,0,1192,0,0,0,1192
03/01/2014,EWR,NJ,AEA,EN,Towers with Radar,675,244,10,0,929,0,0,11,2,13,675,244,21,2,942,0,0,0,942
03/02/2014,EWR,NJ,AEA,EN,Towers with Radar,668,168,14,0,850,0,0,9,0,9,668,168,23,0,859,0,0,0,859
03/03/2014,EWR,NJ,AEA,EN,Towers with Radar,704,219,9,0,932,0,0,6,0,6,704,219,15,0,938,0,0,0,938
03/04/2014,EWR,NJ,AEA,EN,Towers with Radar,784,305,11,0,1100,0,3,13,4,20,784,308,24,4,1120,0,0,0,1120
03/05/2014,EWR,NJ,AEA,EN,Towers with Radar,765,359,10,0,1134,1,7,14,0,22,766,366,24,0,1156,0,0,0,1156
03/06/2014,EWR,NJ,AEA,EN,Towers with Radar,830,375,12,0,1217,0,6,13,0,19,830,381,25,0,1236,0,0,0,1236
03/07/2014,EWR,NJ,AEA,EN,Towers with Radar,827,366,11,0,1204,0,4,14,0,18,827,370,25,0,1222,0,0,0,1222
03/08/2014,EWR,NJ,AEA,EN,Towers with Radar,708,280,8,0,996,0,0,12,0,12,708,280,20,0,1008,0,0,0,1008
03/09/2014,EWR,NJ,AEA,EN,Towers with Radar,723,338,14,0,1075,0,0,6,0,6,723,338,20,0,1081,0,0,0,1081
03/10/2014,EWR,NJ,AEA,EN,Towers with Radar,816,356,11,0,1183,0,0,10,2,12,816,356,21,2,1195,0,0,0,1195
03/11/2014,EWR,NJ,AEA,EN,Towers with Radar,807,400,14,0,1221,0,4,5,0,9,807,404,19,0,1230,0,0,0,1230
03/12/2014,EWR,NJ,AEA,EN,Towers with Radar,781,325,17,0,1123,0,4,11,0,15,781,329,28,0,1138,0,0,0,1138
03/13/2014,EWR,NJ,AEA,EN,Towers with Radar,810,276,21,0,1107,0,6,10,0,16,810,282,31,0,1123,0,0,0,1123
03/14/2014,EWR,NJ,AEA,EN,Towers with Radar,825,361,14,0,1200,0,5,13,4,22,825,366,27,4,1222,0,0,0,1222
03/15/2014,EWR,NJ,AEA,EN,Towers with Radar,705,289,8,0,1002,0,0,15,0,15,705,289,23,0,1017,0,0,0,1017
03/16/2014,EWR,NJ,AEA,EN,Towers with Radar,736,339,10,0,1085,0,0,8,0,8,736,339,18,0,1093,0,0,0,1093
03/17/2014,EWR,NJ,AEA,EN,Towers with Radar,804,357,12,0,1173,0,0,10,2,12,804,357,22,2,1185,0,0,0,1185
03/18/2014,EWR,NJ,AEA,EN,Towers with Radar,824,388,8,0,1220,0,4,14,2,20,824,392,22,2,1240,0,0,0,1240
03/19/2014,EWR,NJ,AEA,EN,Towers with Radar,818,383,9,2,1212,0,4,8,2,14,818,387,17,4,1226,0,0,0,1226
03/20/2014,EWR,NJ,AEA,EN,Towers with Radar,856,376,11,0,1243,0,4,21,0,25,856,380,32,0,1268,0,0,0,1268
03/21/2014,EWR,NJ,AEA,EN,Towers with Radar,828,387,6,0,1221,0,4,12,2,18,828,391,18,2,1239,0,0,0,1239
03/22/2014,EWR,NJ,AEA,EN,Towers with Radar,694,286,8,0,988,0,0,2,0,2,694,286,10,0,990,0,0,0,990
03/23/2014,EWR,NJ,AEA,EN,Towers with Radar,751,351,15,0,1117,0,0,6,0,6,751,351,21,0,1123,0,0,0,1123
03/24/2014,EWR,NJ,AEA,EN,Towers with Radar,806,363,15,0,1184,0,0,68,0,68,806,363,83,0,1252,0,0,0,1252
03/25/2014,EWR,NJ,AEA,EN,Towers with Radar,815,383,12,0,1210,0,6,50,0,56,815,389,62,0,1266,0,0,0,1266
03/26/2014,EWR,NJ,AEA,EN,Towers with Radar,822,356,19,0,1197,0,4,10,2,16,822,360,29,2,1213,0,0,0,1213
03/27/2014,EWR,NJ,AEA,EN,Towers with Radar,832,381,16,0,1229,0,6,18,0,24,832,387,34,0,1253,0,0,0,1253
03/28/2014,EWR,NJ,AEA,EN,Towers with Radar,822,353,10,0,1185,0,4,6,0,10,822,357,16,0,1195,0,0,0,1195
03/29/2014,EWR,NJ,AEA,EN,Towers with Radar,688,283,9,0,980,0,0,2,0,2,688,283,11,0,982,0,0,0,982
03/30/2014,EWR,NJ,AEA,EN,Towers with Radar,735,271,12,0,1018,0,0,4,0,4,735,271,16,0,1022,0,0,0,1022
03/31/2014,EWR,NJ,AEA,EN,Towers with Radar,831,358,9,0,1198,0,0,15,0,15,831,358,24,0,1213,0,0,0,1213
04/01/2014,EWR,NJ,AEA,EN,Towers with Radar,810,317,5,0,1132,0,4,15,10,29,810,321,20,10,1161,0,0,0,1161
04/02/2014,EWR,NJ,AEA,EN,Towers with Radar,805,314,13,0,1132,0,4,19,0,23,805,318,32,0,1155,0,0,0,1155
04/03/2014,EWR,NJ,AEA,EN,Towers with Radar,813,311,20,0,1144,0,2,7,4,13,813,313,27,4,1157,0,0,0,1157
04/04/2014,EWR,NJ,AEA,EN,Towers with Radar,731,238,18,0,987,0,6,11,0,17,731,244,29,0,1004,0,0,0,1004
04/05/2014,EWR,NJ,AEA,EN,Towers with Radar,703,262,9,0,974,0,0,17,0,17,703,262,26,0,991,0,0,0,991
04/06/2014,EWR,NJ,AEA,EN,Towers with Radar,720,285,17,0,1022,0,0,9,0,9,720,285,26,0,1031,0,0,0,1031
04/07/2014,EWR,NJ,AEA,EN,Towers with Radar,690,207,8,0,905,0,0,14,0,14,690,207,22,0,919,0,0,0,919
04/08/2014,EWR,NJ,AEA,EN,Towers with Radar,829,327,20,0,1176,0,0,9,0,9,829,327,29,0,1185,0,0,0,1185
04/09/2014,EWR,NJ,AEA,EN,Towers with Radar,767,288,6,0,1061,0,5,20,0,25,767,293,26,0,1086,0,0,0,1086
04/10/2014,EWR,NJ,AEA,EN,Towers with Radar,829,296,13,0,1138,0,2,26,0,28,829,298,39,0,1166,0,0,0,1166
04/11/2014,EWR,NJ,AEA,EN,Towers with Radar,786,285,2,0,1073,0,4,14,0,18,786,289,16,0,1091,0,0,0,1091
04/12/2014,EWR,NJ,AEA,EN,Towers with Radar,684,257,10,0,951,0,2,14,2,18,684,259,24,2,969,0,0,0,969
04/13/2014,EWR,NJ,AEA,EN,Towers with Radar,725,282,7,0,1014,0,0,19,0,19,725,282,26,0,1033,0,0,0,1033
04/14/2014,EWR,NJ,AEA,EN,Towers with Radar,744,222,4,0,970,0,0,6,2,8,744,222,10,2,978,0,0,0,978
04/15/2014,EWR,NJ,AEA,EN,Towers with Radar,707,168,11,0,886,0,0,8,0,8,707,168,19,0,894,0,0,0,894
04/16/2014,EWR,NJ,AEA,EN,Towers with Radar,801,281,11,0,1093,0,4,20,2,26,801,285,31,2,1119,0,0,0,1119
04/17/2014,EWR,NJ,AEA,EN,Towers with Radar,827,287,9,0,1123,0,4,18,2,24,827,291,27,2,1147,0,0,0,1147
04/18/2014,EWR,NJ,AEA,EN,Towers with Radar,780,310,12,0,1102,0,3,25,1,29,780,313,37,1,1131,0,0,0,1131
04/19/2014,EWR,NJ,AEA,EN,Towers with Radar,665,243,6,0,914,0,0,8,0,8,665,243,14,0,922,0,0,0,922
04/20/2014,EWR,NJ,AEA,EN,Towers with Radar,711,243,14,0,968,0,0,7,2,9,711,243,21,2,977,0,0,0,977
04/21/2014,EWR,NJ,AEA,EN,Towers with Radar,771,298,9,2,1080,0,2,14,0,16,771,300,23,2,1096,0,0,0,1096
04/22/2014,EWR,NJ,AEA,EN,Towers with Radar,781,290,7,0,1078,0,2,9,0,11,781,292,16,0,1089,0,0,0,1089
04/23/2014,EWR,NJ,AEA,EN,Towers with Radar,787,283,26,0,1096,0,4,18,0,22,787,287,44,0,1118,0,0,0,1118
04/24/2014,EWR,NJ,AEA,EN,Towers with Radar,806,270,9,0,1085,0,4,28,0,32,806,274,37,0,1117,0,0,0,1117
04/25/2014,EWR,NJ,AEA,EN,Towers with Radar,789,299,15,0,1103,0,4,23,2,29,789,303,38,2,1132,0,0,0,1132
04/26/2014,EWR,NJ,AEA,EN,Towers with Radar,672,212,6,0,890,0,2,6,0,8,672,214,12,0,898,0,0,0,898
04/27/2014,EWR,NJ,AEA,EN,Towers with Radar,679,218,11,0,908,0,0,4,0,4,679,218,15,0,912,0,0,0,912
04/28/2014,EWR,NJ,AEA,EN,Towers with Radar,795,305,6,0,1106,0,0,16,2,18,795,305,22,2,1124,0,0,0,1124
04/29/2014,EWR,NJ,AEA,EN,Towers with Radar,747,238,16,0,1001,0,4,12,2,18,747,242,28,2,1019,0,0,0,1019
04/30/2014,EWR,NJ,AEA,EN,Towers with Radar,726,197,12,0,935,0,4,2,0,6,726,201,14,0,941,0,0,0,941
05/01/2014,EWR,NJ,AEA,EN,Towers with Radar,857,321,39,0,1217,0,0,17,2,19,857,321,56,2,1236,0,0,0,1236
05/02/2014,EWR,NJ,AEA,EN,Towers with Radar,804,310,12,0,1126,0,4,21,4,29,804,314,33,4,1155,0,0,0,1155
05/03/2014,EWR,NJ,AEA,EN,Towers with Radar,679,240,4,0,923,0,0,18,0,18,679,240,22,0,941,0,0,0,941
05/04/2014,EWR,NJ,AEA,EN,Towers with Radar,733,286,9,0,1028,0,0,11,0,11,733,286,20,0,1039,0,0,0,1039
05/05/2014,EWR,NJ,AEA,EN,Towers with Radar,739,241,9,0,989,0,0,13,2,15,739,241,22,2,1004,0,0,0,1004
05/06/2014,EWR,NJ,AEA,EN,Towers with Radar,750,260,8,0,1018,0,5,12,2,19,750,265,20,2,1037,0,0,0,1037
05/07/2014,EWR,NJ,AEA,EN,Towers with Radar,799,309,14,0,1122,0,5,15,0,20,799,314,29,0,1142,0,0,0,1142
05/08/2014,EWR,NJ,AEA,EN,Towers with Radar,748,230,18,0,996,0,4,4,0,8,748,234,22,0,1004,0,0,0,1004
05/09/2014,EWR,NJ,AEA,EN,Towers with Radar,762,242,18,0,1022,0,0,1,0,1,762,242,19,0,1023,0,0,0,1023
05/10/2014,EWR,NJ,AEA,EN,Towers with Radar,664,225,9,0,898,0,0,5,0,5,664,225,14,0,903,0,0,0,903
05/11/2014,EWR,NJ,AEA,EN,Towers with Radar,681,267,6,0,954,0,0,15,0,15,681,267,21,0,969,0,0,0,969
05/12/2014,EWR,NJ,AEA,EN,Towers with Radar,742,296,5,0,1043,0,0,19,2,21,742,296,24,2,1064,0,0,0,1064
05/13/2014,EWR,NJ,AEA,EN,Towers with Radar,718,207,17,0,942,0,4,18,0,22,718,211,35,0,964,0,0,0,964
05/14/2014,EWR,NJ,AEA,EN,Towers with Radar,764,241,15,0,1020,0,4,10,0,14,764,245,25,0,1034,0,0,0,1034
05/15/2014,EWR,NJ,AEA,EN,Towers with Radar,715,206,12,0,933,0,0,13,0,13,715,206,25,0,946,0,0,0,946
05/16/2014,EWR,NJ,AEA,EN,Towers with Radar,734,192,12,0,938,0,0,6,0,6,734,192,18,0,944,0,0,0,944
05/17/2014,EWR,NJ,AEA,EN,Towers with Radar,660,220,11,0,891,0,0,15,0,15,660,220,26,0,906,0,0,0,906
05/18/2014,EWR,NJ,AEA,EN,Towers with Radar,665,247,3,0,915,0,0,16,0,16,665,247,19,0,931,0,0,0,931
05/19/2014,EWR,NJ,AEA,EN,Towers with Radar,748,305,15,0,1068,0,0,19,4,23,748,305,34,4,1091,0,0,0,1091
05/20/2014,EWR,NJ,AEA,EN,Towers with Radar,791,329,14,0,1134,0,6,24,0,30,791,335,38,0,1164,0,0,0,1164
05/21/2014,EWR,NJ,AEA,EN,Towers with Radar,771,296,17,0,1084,0,4,15,2,21,771,300,32,2,1105,0,0,0,1105
05/22/2014,EWR,NJ,AEA,EN,Towers with Radar,708,210,9,0,927,0,4,16,0,20,708,214,25,0,947,0,0,0,947
05/23/2014,EWR,NJ,AEA,EN,Towers with Radar,766,266,5,0,1037,0,0,19,2,21,766,266,24,2,1058,0,0,0,1058
05/24/2014,EWR,NJ,AEA,EN,Towers with Radar,661,224,7,0,892,0,0,12,0,12,661,224,19,0,904,0,0,0,904
05/25/2014,EWR,NJ,AEA,EN,Towers with Radar,601,184,8,0,793,0,0,13,0,13,601,184,21,0,806,0,0,0,806
05/26/2014,EWR,NJ,AEA,EN,Towers with Radar,703,259,23,0,985,0,2,30,0,32,703,261,53,0,1017,0,0,0,1017
05/27/2014,EWR,NJ,AEA,EN,Towers with Radar,741,251,9,0,1001,0,4,28,2,34,741,255,37,2,1035,0,0,0,1035
05/28/2014,EWR,NJ,AEA,EN,Towers with Radar,805,283,23,0,1111,0,4,14,0,18,805,287,37,0,1129,0,0,0,1129
05/29/2014,EWR,NJ,AEA,EN,Towers with Radar,814,315,9,0,1138,0,4,22,0,26,814,319,31,0,1164,0,0,0,1164
05/30/2014,EWR,NJ,AEA,EN,Towers with Radar,789,316,12,2,1119,0,4,19,2,25,789,320,31,4,1144,0,0,0,1144
05/31/2014,EWR,NJ,AEA,EN,Towers with Radar,633,216,7,0,856,0,0,12,0,12,633,216,19,0,868,0,0,0,868
06/01/2014,EWR,NJ,AEA,EN,Towers with Radar,701,273,11,0,985,0,0,21,2,23,701,273,32,2,1008,0,0,0,1008
06/02/2014,EWR,NJ,AEA,EN,Towers with Radar,757,314,11,0,1082,0,0,15,4,19,757,314,26,4,1101,0,0,0,1101
06/03/2014,EWR,NJ,AEA,EN,Towers with Radar,770,276,16,0,1062,0,7,7,0,14,770,283,23,0,1076,0,0,0,1076
06/04/2014,EWR,NJ,AEA,EN,Towers with Radar,785,311,11,0,1107,0,4,23,2,29,785,315,34,2,1136,0,0,0,1136
06/05/2014,EWR,NJ,AEA,EN,Towers with Radar,844,380,19,0,1243,0,4,18,0,22,844,384,37,0,1265,0,0,0,1265
06/06/2014,EWR,NJ,AEA,EN,Towers with Radar,840,391,20,0,1251,0,4,27,2,33,840,395,47,2,1284,0,0,0,1284
06/07/2014,EWR,NJ,AEA,EN,Towers with Radar,703,295,5,0,1003,0,1,11,0,12,703,296,16,0,1015,0,0,0,1015
06/08/2014,EWR,NJ,AEA,EN,Towers with Radar,757,345,9,0,1111,0,0,19,0,19,757,345,28,0,1130,0,0,0,1130
06/09/2014,EWR,NJ,AEA,EN,Towers with Radar,796,337,11,0,1144,0,0,5,0,5,796,337,16,0,1149,0,0,0,1149
06/10/2014,EWR,NJ,AEA,EN,Towers with Radar,846,339,19,0,1204,0,0,6,0,6,846,339,25,0,1210,0,0,0,1210
06/11/2014,EWR,NJ,AEA,EN,Towers with Radar,830,329,23,0,1182,0,4,10,0,14,830,333,33,0,1196,0,0,0,1196
06/12/2014,EWR,NJ,AEA,EN,Towers with Radar,825,315,7,0,1147,0,0,12,0,12,825,315,19,0,1159,0,0,0,1159
06/13/2014,EWR,NJ,AEA,EN,Towers with Radar,732,214,14,0,960,0,0,11,0,11,732,214,25,0,971,0,0,0,971
06/14/2014,EWR,NJ,AEA,EN,Towers with Radar,738,300,10,0,1048,0,2,17,0,19,738,302,27,0,1067,0,0,0,1067
06/15/2014,EWR,NJ,AEA,EN,Towers with Radar,753,303,12,0,1068,0,0,17,0,17,753,303,29,0,1085,0,0,0,1085
06/16/2014,EWR,NJ,AEA,EN,Towers with Radar,828,387,17,0,1232,0,0,29,0,29,828,387,46,0,1261,0,0,0,1261
06/17/2014,EWR,NJ,AEA,EN,Towers with Radar,848,381,16,0,1245,0,4,9,2,15,848,385,25,2,1260,0,0,0,1260
06/18/2014,EWR,NJ,AEA,EN,Towers with Radar,831,384,11,0,1226,0,4,39,0,43,831,388,50,0,1269,0,0,0,1269
06/19/2014,EWR,NJ,AEA,EN,Towers with Radar,843,378,15,0,1236,0,4,13,0,17,843,382,28,0,1253,0,0,0,1253
06/20/2014,EWR,NJ,AEA,EN,Towers with Radar,848,396,14,0,1258,0,4,33,0,37,848,400,47,0,1295,0,0,0,1295
06/21/2014,EWR,NJ,AEA,EN,Towers with Radar,716,292,11,0,1019,0,0,16,0,16,716,292,27,0,1035,0,0,0,1035
06/22/2014,EWR,NJ,AEA,EN,Towers with Radar,778,322,9,0,1109,0,0,10,0,10,778,322,19,0,1119,0,0,0,1119
06/23/2014,EWR,NJ,AEA,EN,Towers with Radar,807,375,19,0,1201,0,2,25,2,29,807,377,44,2,1230,0,0,0,1230
06/24/2014,EWR,NJ,AEA,EN,Towers with Radar,862,395,14,0,1271,0,4,13,7,24,862,399,27,7,1295,0,0,0,1295
06/25/2014,EWR,NJ,AEA,EN,Towers with Radar,770,287,12,0,1069,0,0,16,0,16,770,287,28,0,1085,0,0,0,1085
06/26/2014,EWR,NJ,AEA,EN,Towers with Radar,907,401,9,0,1317,0,6,32,0,38,907,407,41,0,1355,0,0,0,1355
06/27/2014,EWR,NJ,AEA,EN,Towers with Radar,861,399,16,0,1276,0,4,32,0,36,861,403,48,0,1312,0,0,0,1312
06/28/2014,EWR,NJ,AEA,EN,Towers with Radar,720,297,7,0,1024,0,0,11,0,11,720,297,18,0,1035,0,0,0,1035
06/29/2014,EWR,NJ,AEA,EN,Towers with Radar,765,347,5,0,1117,0,0,33,0,33,765,347,38,0,1150,0,0,0,1150
06/30/2014,EWR,NJ,AEA,EN,Towers with Radar,803,372,6,0,1181,0,2,28,2,32,803,374,34,2,1213,0,0,0,1213
07/01/2014,EWR,NJ,AEA,EN,Towers with Radar,816,323,15,0,1154,0,4,11,20,35,816,327,26,20,1189,0,0,0,1189
07/02/2014,EWR,NJ,AEA,EN,Towers with Radar,682,207,7,0,896,0,4,19,2,25,682,211,26,2,921,0,0,0,921
07/03/2014,EWR,NJ,AEA,EN,Towers with Radar,706,246,7,0,959,0,4,17,0,21,706,250,24,0,980,0,0,0,980
07/04/2014,EWR,NJ,AEA,EN,Towers with Radar,712,223,6,0,941,0,0,4,0,4,712,223,10,0,945,0,0,0,945
07/05/2014,EWR,NJ,AEA,EN,Towers with Radar,698,261,5,0,964,0,2,12,0,14,698,263,17,0,978,0,0,0,978
07/06/2014,EWR,NJ,AEA,EN,Towers with Radar,807,346,6,0,1159,0,0,25,0,25,807,346,31,0,1184,0,0,0,1184
07/07/2014,EWR,NJ,AEA,EN,Towers with Radar,822,342,12,0,1176,0,0,22,0,22,822,342,34,0,1198,0,0,0,1198
07/08/2014,EWR,NJ,AEA,EN,Towers with Radar,790,286,9,0,1085,0,4,24,2,30,790,290,33,2,1115,0,0,0,1115
07/09/2014,EWR,NJ,AEA,EN,Towers with Radar,886,361,15,0,1262,0,4,27,4,35,886,365,42,4,1297,0,0,0,1297
07/10/2014,EWR,NJ,AEA,EN,Towers with Radar,882,385,12,0,1279,0,4,31,2,37,882,389,43,2,1316,0,0,0,1316
07/11/2014,EWR,NJ,AEA,EN,Towers with Radar,875,395,11,0,1281,0,4,22,6,32,875,399,33,6,1313,0,0,0,1313
07/12/2014,EWR,NJ,AEA,EN,Towers with Radar,730,302,7,0,1039,0,0,14,0,14,730,302,21,0,1053,0,0,0,1053
07/13/2014,EWR,NJ,AEA,EN,Towers with Radar,735,295,9,0,1039,0,0,12,0,12,735,295,21,0,1051,0,0,0,1051
07/14/2014,EWR,NJ,AEA,EN,Towers with Radar,734,274,5,0,1013,0,0,27,0,27,734,274,32,0,1040,0,0,0,1040
07/15/2014,EWR,NJ,AEA,EN,Towers with Radar,787,253,6,0,1046,0,0,23,0,23,787,253,29,0,1069,0,0,0,1069
07/16/2014,EWR,NJ,AEA,EN,Towers with Radar,874,391,23,0,1288,0,4,12,2,18,874,395,35,2,1306,0,0,0,1306
07/17/2014,EWR,NJ,AEA,EN,Towers with Radar,879,394,18,0,1291,0,4,27,0,31,879,398,45,0,1322,0,0,0,1322
07/18/2014,EWR,NJ,AEA,EN,Towers with Radar,861,391,12,0,1264,0,4,27,10,41,861,395,39,10,1305,0,0,0,1305
07/19/2014,EWR,NJ,AEA,EN,Towers with Radar,745,298,8,0,1051,0,0,9,3,12,745,298,17,3,1063,0,0,0,1063
07/20/2014,EWR,NJ,AEA,EN,Towers with Radar,792,337,6,0,1135,0,1,17,0,18,792,338,23,0,1153,0,0,0,1153
07/21/2014,EWR,NJ,AEA,EN,Towers with Radar,836,375,13,0,1224,0,2,19,2,23,836,377,32,2,1247,0,0,0,1247
07/22/2014,EWR,NJ,AEA,EN,Towers with Radar,866,388,12,0,1266,0,4,12,2,18,866,392,24,2,1284,0,0,0,1284
07/23/2014,EWR,NJ,AEA,EN,Towers with Radar,799,309,14,0,1122,0,4,16,2,22,799,313,30,2,1144,0,0,0,1144
07/24/2014,EWR,NJ,AEA,EN,Towers with Radar,904,404,10,0,1318,0,5,28,0,33,904,409,38,0,1351,0,0,0,1351
07/25/2014,EWR,NJ,AEA,EN,Towers with Radar,865,401,10,0,1276,0,6,31,2,39,865,407,41,2,1315,0,0,0,1315
07/26/2014,EWR,NJ,AEA,EN,Towers with Radar,745,301,16,0,1062,0,0,13,3,16,745,301,29,3,1078,0,0,0,1078
07/27/2014,EWR,NJ,AEA,EN,Towers with Radar,768,330,15,0,1113,0,0,13,2,15,768,330,28,2,1128,0,0,0,1128
07/28/2014,EWR,NJ,AEA,EN,Towers with Radar,838,364,4,0,1206,0,0,29,0,29,838,364,33,0,1235,0,0,0,1235
07/29/2014,EWR,NJ,AEA,EN,Towers with Radar,868,398,12,0,1278,0,4,26,0,30,868,402,38,0,1308,0,0,0,1308
07/30/2014,EWR,NJ,AEA,EN,Towers with Radar,882,399,10,0,1291,0,5,15,4,24,882,404,25,4,1315,0,0,0,1315
07/31/2014,EWR,NJ,AEA,EN,Towers with Radar,880,392,14,0,1286,0,6,30,0,36,880,398,44,0,1322,0,0,0,1322
08/01/2014,EWR,NJ,AEA,EN,Towers with Radar,864,334,13,0,1211,0,6,30,4,40,864,340,43,4,1251,0,0,0,1251
08/02/2014,EWR,NJ,AEA,EN,Towers with Radar,776,300,6,0,1082,0,0,16,0,16,776,300,22,0,1098,0,0,0,1098
08/03/2014,EWR,NJ,AEA,EN,Towers with Radar,798,327,16,0,1141,0,0,19,0,19,798,327,35,0,1160,0,0,0,1160
08/04/2014,EWR,NJ,AEA,EN,Towers with Radar,848,365,16,0,1229,0,0,33,2,35,848,365,49,2,1264,0,0,0,1264
08/05/2014,EWR,NJ,AEA,EN,Towers with Radar,888,385,10,0,1283,0,4,26,8,38,888,389,36,8,1321,0,0,0,1321
08/06/2014,EWR,NJ,AEA,EN,Towers with Radar,901,385,21,0,1307,0,4,31,0,35,901,389,52,0,1342,0,0,0,1342
08/07/2014,EWR,NJ,AEA,EN,Towers with Radar,888,384,20,0,1292,0,4,35,0,39,888,388,55,0,1331,0,0,0,1331
08/08/2014,EWR,NJ,AEA,EN,Towers with Radar,873,379,21,0,1273,0,4,21,2,27,873,383,42,2,1300,0,0,0,1300
08/09/2014,EWR,NJ,AEA,EN,Towers with Radar,744,291,13,0,1048,0,0,8,3,11,744,291,21,3,1059,0,0,0,1059
08/10/2014,EWR,NJ,AEA,EN,Towers with Radar,797,324,4,0,1125,0,1,16,1,18,797,325,20,1,1143,0,0,0,1143
08/11/2014,EWR,NJ,AEA,EN,Towers with Radar,844,366,16,0,1226,0,0,24,0,24,844,366,40,0,1250,0,0,0,1250
08/12/2014,EWR,NJ,AEA,EN,Towers with Radar,831,281,7,0,1119,0,4,19,2,25,831,285,26,2,1144,0,0,0,1144
08/13/2014,EWR,NJ,AEA,EN,Towers with Radar,903,346,10,0,1259,0,0,18,0,18,903,346,28,0,1277,0,0,0,1277
08/14/2014,EWR,NJ,AEA,EN,Towers with Radar,888,385,20,0,1293,0,5,28,0,33,888,390,48,0,1326,0,0,0,1326
08/15/2014,EWR,NJ,AEA,EN,Towers with Radar,874,378,7,0,1259,0,4,21,0,25,874,382,28,0,1284,0,0,0,1284
08/16/2014,EWR,NJ,AEA,EN,Towers with Radar,730,297,6,2,1035,0,0,15,0,15,730,297,21,2,1050,0,0,0,1050
08/17/2014,EWR,NJ,AEA,EN,Towers with Radar,801,323,4,0,1128,0,0,14,0,14,801,323,18,0,1142,0,0,0,1142
08/18/2014,EWR,NJ,AEA,EN,Towers with Radar,853,382,6,0,1241,0,0,30,2,32,853,382,36,2,1273,0,0,0,1273
08/19/2014,EWR,NJ,AEA,EN,Towers with Radar,827,392,11,0,1230,0,4,22,3,29,827,396,33,3,1259,0,0,0,1259
08/20/2014,EWR,NJ,AEA,EN,Towers with Radar,823,397,11,2,1233,0,5,17,0,22,823,402,28,2,1255,0,0,0,1255
08/21/2014,EWR,NJ,AEA,EN,Towers with Radar,796,385,17,0,1198,0,5,27,6,38,796,390,44,6,1236,0,0,0,1236
08/22/2014,EWR,NJ,AEA,EN,Towers with Radar,826,402,9,0,1237,0,4,19,2,25,826,406,28,2,1262,0,0,0,1262
08/23/2014,EWR,NJ,AEA,EN,Towers with Radar,687,265,6,3,961,0,0,7,4,11,687,265,13,7,972,0,0,0,972
08/24/2014,EWR,NJ,AEA,EN,Towers with Radar,742,322,10,0,1074,0,1,9,1,11,742,323,19,1,1085,0,0,0,1085
08/25/2014,EWR,NJ,AEA,EN,Towers with Radar,782,370,15,0,1167,0,2,25,6,33,782,372,40,6,1200,0,0,0,1200
08/26/2014,EWR,NJ,AEA,EN,Towers with Radar,831,383,6,0,1220,0,5,26,4,35,831,388,32,4,1255,0,0,0,1255
08/27/2014,EWR,NJ,AEA,EN,Towers with Radar,830,384,12,0,1226,0,4,22,2,28,830,388,34,2,1254,0,0,0,1254
08/28/2014,EWR,NJ,AEA,EN,Towers with Radar,821,386,7,0,1214,0,6,22,1,29,821,392,29,1,1243,0,0,0,1243
08/29/2014,EWR,NJ,AEA,EN,Towers with Radar,802,405,7,0,1214,0,6,18,1,25,802,411,25,1,1239,0,0,0,1239
08/30/2014,EWR,NJ,AEA,EN,Towers with Radar,661,268,7,0,936,0,0,6,1,7,661,268,13,1,943,0,0,0,943
08/31/2014,EWR,NJ,AEA,EN,Towers with Radar,646,242,6,0,894,0,0,6,1,7,646,242,12,1,901,0,0,0,901
09/01/2014,EWR,NJ,AEA,EN,Towers with Radar,750,344,8,0,1102,0,0,22,3,25,750,344,30,3,1127,0,0,0,1127
09/02/2014,EWR,NJ,AEA,EN,Towers with Radar,758,368,18,1,1145,0,6,13,3,22,758,374,31,4,1167,0,0,0,1167
09/03/2014,EWR,NJ,AEA,EN,Towers with Radar,771,360,8,0,1139,0,5,12,0,17,771,365,20,0,1156,0,0,0,1156
09/04/2014,EWR,NJ,AEA,EN,Towers with Radar,781,350,10,0,1141,0,4,17,2,23,781,354,27,2,1164,0,0,0,1164
09/05/2014,EWR,NJ,AEA,EN,Towers with Radar,755,355,12,0,1122,0,4,16,4,24,755,359,28,4,1146,0,0,0,1146
09/06/2014,EWR,NJ,AEA,EN,Towers with Radar,623,216,7,0,846,0,0,14,0,14,623,216,21,0,860,0,0,0,860
09/07/2014,EWR,NJ,AEA,EN,Towers with Radar,717,331,9,0,1057,0,0,19,3,22,717,331,28,3,1079,0,0,0,1079
09/08/2014,EWR,NJ,AEA,EN,Towers with Radar,788,390,19,0,1197,0,0,20,2,22,788,390,39,2,1219,0,0,0,1219
09/09/2014,EWR,NJ,AEA,EN,Towers with Radar,806,403,5,0,1214,0,4,13,2,19,806,407,18,2,1233,0,0,0,1233
09/10/2014,EWR,NJ,AEA,EN,Towers with Radar,811,390,11,0,1212,0,4,18,2,24,811,394,29,2,1236,0,0,0,1236
09/11/2014,EWR,NJ,AEA,EN,Towers with Radar,822,402,17,0,1241,0,6,14,3,23,822,408,31,3,1264,0,0,0,1264
09/12/2014,EWR,NJ,AEA,EN,Towers with Radar,801,402,20,0,1223,0,4,30,9,43,801,406,50,9,1266,0,0,0,1266
09/13/2014,EWR,NJ,AEA,EN,Towers with Radar,638,249,10,0,897,0,0,17,2,19,638,249,27,2,916,0,0,0,916
09/14/2014,EWR,NJ,AEA,EN,Towers with Radar,723,315,8,3,1049,0,0,50,4,54,723,315,58,7,1103,0,0,0,1103
09/15/2014,EWR,NJ,AEA,EN,Towers with Radar,782,383,15,2,1182,0,0,19,0,19,782,383,34,2,1201,0,0,0,1201
09/16/2014,EWR,NJ,AEA,EN,Towers with Radar,810,399,15,0,1224,0,4,17,1,22,810,403,32,1,1246,0,0,0,1246
09/17/2014,EWR,NJ,AEA,EN,Towers with Radar,818,387,18,0,1223,0,4,16,4,24,818,391,34,4,1247,0,0,0,1247
09/18/2014,EWR,NJ,AEA,EN,Towers with Radar,820,408,25,0,1253,0,5,32,0,37,820,413,57,0,1290,0,0,0,1290
09/19/2014,EWR,NJ,AEA,EN,Towers with Radar,804,405,27,0,1236,0,4,28,3,35,804,409,55,3,1271,0,0,0,1271
09/20/2014,EWR,NJ,AEA,EN,Towers with Radar,664,197,21,4,886,0,0,6,3,9,664,197,27,7,895,0,0,0,895
09/21/2014,EWR,NJ,AEA,EN,Towers with Radar,714,270,16,2,1002,0,0,14,1,15,714,270,30,3,1017,0,0,0,1017
09/22/2014,EWR,NJ,AEA,EN,Towers with Radar,772,281,22,3,1078,0,0,24,5,29,772,281,46,8,1107,0,0,0,1107
09/23/2014,EWR,NJ,AEA,EN,Towers with Radar,806,298,15,0,1119,0,5,24,1,30,806,303,39,1,1149,0,0,0,1149
09/24/2014,EWR,NJ,AEA,EN,Towers with Radar,727,240,11,0,978,0,0,15,1,16,727,240,26,1,994,0,0,0,994
09/25/2014,EWR,NJ,AEA,EN,Towers with Radar,756,217,11,1,985,0,0,4,0,4,756,217,15,1,989,0,0,0,989
09/26/2014,EWR,NJ,AEA,EN,Towers with Radar,742,284,16,2,1044,0,4,36,10,50,742,288,52,12,1094,0,0,0,1094
09/27/2014,EWR,NJ,AEA,EN,Towers with Radar,633,192,13,1,839,0,1,19,2,22,633,193,32,3,861,0,0,0,861
09/28/2014,EWR,NJ,AEA,EN,Towers with Radar,691,264,19,2,976,0,0,21,4,25,691,264,40,6,1001,0,0,0,1001
09/29/2014,EWR,NJ,AEA,EN,Towers with Radar,751,287,16,0,1054,0,0,21,5,26,751,287,37,5,1080,0,0,0,1080
09/30/2014,EWR,NJ,AEA,EN,Towers with Radar,781,296,18,0,1095,0,6,24,2,32,781,302,42,2,1127,0,0,0,1127
10/01/2014,EWR,NJ,AEA,EN,Towers with Radar,800,280,12,0,1092,0,4,18,0,22,800,284,30,0,1114,0,0,0,1114
10/02/2014,EWR,NJ,AEA,EN,Towers with Radar,801,280,11,0,1092,1,6,12,3,22,802,286,23,3,1114,0,0,0,1114
10/03/2014,EWR,NJ,AEA,EN,Towers with Radar,777,277,15,0,1069,0,5,22,3,30,777,282,37,3,1099,0,0,0,1099
10/04/2014,EWR,NJ,AEA,EN,Towers with Radar,625,191,8,0,824,0,0,5,0,5,625,191,13,0,829,0,0,0,829
10/05/2014,EWR,NJ,AEA,EN,Towers with Radar,699,249,6,0,954,0,0,14,2,16,699,249,20,2,970,0,0,0,970
10/06/2014,EWR,NJ,AEA,EN,Towers with Radar,769,270,13,0,1052,0,2,12,4,18,769,272,25,4,1070,0,0,0,1070
10/07/2014,EWR,NJ,AEA,EN,Towers with Radar,800,280,11,0,1091,0,4,6,1,11,800,284,17,1,1102,0,0,0,1102
10/08/2014,EWR,NJ,AEA,EN,Towers with Radar,798,281,12,0,1091,0,4,23,2,29,798,285,35,2,1120,0,0,0,1120
10/09/2014,EWR,NJ,AEA,EN,Towers with Radar,800,294,16,1,1111,0,4,20,4,28,800,298,36,5,1139,0,0,0,1139
10/10/2014,EWR,NJ,AEA,EN,Towers with Radar,791,281,12,1,1085,0,4,29,0,33,791,285,41,1,1118,0,0,0,1118
10/11/2014,EWR,NJ,AEA,EN,Towers with Radar,651,205,10,0,866,0,0,8,3,11,651,205,18,3,877,0,0,0,877
10/12/2014,EWR,NJ,AEA,EN,Towers with Radar,715,255,8,0,978,0,0,13,4,17,715,255,21,4,995,0,0,0,995
10/13/2014,EWR,NJ,AEA,EN,Towers with Radar,765,258,16,0,1039,0,0,16,2,18,765,258,32,2,1057,0,0,0,1057
10/14/2014,EWR,NJ,AEA,EN,Towers with Radar,803,288,4,1,1096,0,4,14,3,21,803,292,18,4,1117,0,0,0,1117
10/15/2014,EWR,NJ,AEA,EN,Towers with Radar,808,273,15,1,1097,0,3,15,0,18,808,276,30,1,1115,0,0,0,1115
10/16/2014,EWR,NJ,AEA,EN,Towers with Radar,819,300,21,0,1140,0,4,15,0,19,819,304,36,0,1159,0,0,0,1159
10/17/2014,EWR,NJ,AEA,EN,Towers with Radar,798,290,13,0,1101,0,4,24,2,30,798,294,37,2,1131,0,0,0,1131
10/18/2014,EWR,NJ,AEA,EN,Towers with Radar,647,204,9,0,860,0,0,12,0,12,647,204,21,0,872,0,0,0,872
10/19/2014,EWR,NJ,AEA,EN,Towers with Radar,710,262,15,0,987,0,0,16,3,19,710,262,31,3,1006,0,0,0,1006
10/20/2014,EWR,NJ,AEA,EN,Towers with Radar,779,273,15,0,1067,0,1,27,4,32,779,274,42,4,1099,0,0,0,1099
10/21/2014,EWR,NJ,AEA,EN,Towers with Radar,810,280,16,0,1106,0,5,31,2,38,810,285,47,2,1144,0,0,0,1144
10/22/2014,EWR,NJ,AEA,EN,Towers with Radar,776,270,11,0,1057,0,0,0,1,1,776,270,11,1,1058,0,0,0,1058
10/23/2014,EWR,NJ,AEA,EN,Towers with Radar,816,275,11,0,1102,0,4,13,0,17,816,279,24,0,1119,0,0,0,1119
10/24/2014,EWR,NJ,AEA,EN,Towers with Radar,814,293,19,1,1127,0,4,27,5,36,814,297,46,6,1163,0,0,0,1163
10/25/2014,EWR,NJ,AEA,EN,Towers with Radar,656,189,4,1,850,0,0,8,5,13,656,189,12,6,863,0,0,0,863
10/26/2014,EWR,NJ,AEA,EN,Towers with Radar,776,292,13,0,1081,0,0,19,5,24,776,292,32,5,1105,0,0,0,1105
10/27/2014,EWR,NJ,AEA,EN,Towers with Radar,843,327,7,0,1177,0,0,20,0,20,843,327,27,0,1197,0,0,0,1197
10/28/2014,EWR,NJ,AEA,EN,Towers with Radar,880,354,7,0,1241,0,0,16,1,17,880,354,23,1,1258,0,0,0,1258
10/29/2014,EWR,NJ,AEA,EN,Towers with Radar,867,348,6,0,1221,0,4,9,0,13,867,352,15,0,1234,0,0,0,1234
10/30/2014,EWR,NJ,AEA,EN,Towers with Radar,899,351,20,0,1270,0,4,14,4,22,899,355,34,4,1292,0,0,0,1292
10/31/2014,EWR,NJ,AEA,EN,Towers with Radar,831,320,7,0,1158,0,5,12,10,27,831,325,19,10,1185,0,0,0,1185
11/01/2014,EWR,NJ,AEA,EN,Towers with Radar,685,223,7,0,915,0,0,12,0,12,685,223,19,0,927,0,0,0,927
11/02/2014,EWR,NJ,AEA,EN,Towers with Radar,753,288,8,0,1049,0,0,9,0,9,753,288,17,0,1058,0,0,0,1058
11/03/2014,EWR,NJ,AEA,EN,Towers with Radar,858,339,19,1,1217,0,0,21,2,23,858,339,40,3,1240,0,0,0,1240
11/04/2014,EWR,NJ,AEA,EN,Towers with Radar,882,351,13,0,1246,0,7,19,0,26,882,358,32,0,1272,0,0,0,1272
11/05/2014,EWR,NJ,AEA,EN,Towers with Radar,888,358,22,1,1269,0,4,20,6,30,888,362,42,7,1299,0,0,0,1299
11/06/2014,EWR,NJ,AEA,EN,Towers with Radar,878,327,20,0,1225,0,4,2,0,6,878,331,22,0,1231,0,0,0,1231
11/07/2014,EWR,NJ,AEA,EN,Towers with Radar,891,370,10,2,1273,0,4,21,0,25,891,374,31,2,1298,0,0,0,1298
11/08/2014,EWR,NJ,AEA,EN,Towers with Radar,704,223,9,0,936,0,0,7,2,9,704,223,16,2,945,0,0,0,945
11/09/2014,EWR,NJ,AEA,EN,Towers with Radar,759,290,10,0,1059,0,2,5,3,10,759,292,15,3,1069,0,0,0,1069
11/10/2014,EWR,NJ,AEA,EN,Towers with Radar,844,345,12,0,1201,0,0,15,2,17,844,345,27,2,1218,0,0,0,1218
11/11/2014,EWR,NJ,AEA,EN,Towers with Radar,862,359,11,0,1232,0,4,11,1,16,862,363,22,1,1248,0,0,0,1248
11/12/2014,EWR,NJ,AEA,EN,Towers with Radar,847,362,27,0,1236,0,0,9,2,11,847,362,36,2,1247,0,0,0,1247
11/13/2014,EWR,NJ,AEA,EN,Towers with Radar,891,363,15,0,1269,0,5,23,0,28,891,368,38,0,1297,0,0,0,1297
11/14/2014,EWR,NJ,AEA,EN,Towers with Radar,897,342,15,0,1254,0,4,26,8,38,897,346,41,8,1292,0,0,0,1292
11/15/2014,EWR,NJ,AEA,EN,Towers with Radar,690,228,6,1,925,0,2,8,4,14,690,230,14,5,939,0,0,0,939
11/16/2014,EWR,NJ,AEA,EN,Towers with Radar,762,295,14,1,1072,0,0,12,3,15,762,295,26,4,1087,0,0,0,1087
11/17/2014,EWR,NJ,AEA,EN,Towers with Radar,795,273,12,0,1080,0,0,0,0,0,795,273,12,0,1080,0,0,0,1080
11/18/2014,EWR,NJ,AEA,EN,Towers with Radar,864,360,19,0,1243,0,6,20,1,27,864,366,39,1,1270,0,0,0,1270
11/19/2014,EWR,NJ,AEA,EN,Towers with Radar,863,356,11,0,1230,0,4,15,4,23,863,360,26,4,1253,0,0,0,1253
11/20/2014,EWR,NJ,AEA,EN,Towers with Radar,905,351,21,0,1277,0,4,26,6,36,905,355,47,6,1313,0,0,0,1313
11/21/2014,EWR,NJ,AEA,EN,Towers with Radar,895,342,10,0,1247,0,4,21,1,26,895,346,31,1,1273,0,0,0,1273
11/22/2014,EWR,NJ,AEA,EN,Towers with Radar,691,224,5,0,920,0,0,5,5,10,691,224,10,5,930,0,0,0,930
11/23/2014,EWR,NJ,AEA,EN,Towers with Radar,754,291,14,0,1059,0,0,12,5,17,754,291,26,5,1076,0,0,0,1076
11/24/2014,EWR,NJ,AEA,EN,Towers with Radar,701,293,13,0,1007,0,2,11,1,14,701,295,24,1,1021,0,0,0,1021
11/25/2014,EWR,NJ,AEA,EN,Towers with Radar,834,334,12,0,1180,0,4,19,3,26,834,338,31,3,1206,0,0,0,1206
11/26/2014,EWR,NJ,AEA,EN,Towers with Radar,785,225,8,0,1018,0,6,0,0,6,785,231,8,0,1024,0,0,0,1024
11/27/2014,EWR,NJ,AEA,EN,Towers with Radar,571,195,2,0,768,0,0,9,0,9,571,195,11,0,777,0,0,0,777
11/28/2014,EWR,NJ,AEA,EN,Towers with Radar,641,212,7,0,860,0,7,3,2,12,641,219,10,2,872,0,0,0,872
11/29/2014,EWR,NJ,AEA,EN,Towers with Radar,795,323,9,0,1127,0,0,4,1,5,795,323,13,1,1132,0,0,0,1132
11/30/2014,EWR,NJ,AEA,EN,Towers with Radar,845,359,42,0,1246,0,0,11,2,13,845,359,53,2,1259,0,0,0,1259
12/01/2014,EWR,NJ,AEA,EN,Towers with Radar,891,339,18,0,1248,0,0,7,4,11,891,339,25,4,1259,0,0,0,1259
12/02/2014,EWR,NJ,AEA,EN,Towers with Radar,879,323,16,2,1220,0,4,6,1,11,879,327,22,3,1231,0,0,0,1231
12/03/2014,EWR,NJ,AEA,EN,Towers with Radar,897,342,36,0,1275,0,0,6,0,6,897,342,42,0,1281,0,0,0,1281
12/04/2014,EWR,NJ,AEA,EN,Towers with Radar,910,375,16,0,1301,0,6,23,1,30,910,381,39,1,1331,0,0,0,1331
12/05/2014,EWR,NJ,AEA,EN,Towers with Radar,890,355,20,0,1265,0,4,16,2,22,890,359,36,2,1287,0,0,0,1287
12/06/2014,EWR,NJ,AEA,EN,Towers with Radar,640,198,5,0,843,0,0,0,0,0,640,198,5,0,843,0,0,0,843
12/07/2014,EWR,NJ,AEA,EN,Towers with Radar,759,272,5,0,1036,0,1,10,0,11,759,273,15,0,1047,0,0,0,1047
12/08/2014,EWR,NJ,AEA,EN,Towers with Radar,820,317,20,0,1157,0,0,15,1,16,820,317,35,1,1173,0,0,0,1173
12/09/2014,EWR,NJ,AEA,EN,Towers with Radar,776,232,15,0,1023,0,0,0,0,0,776,232,15,0,1023,0,0,0,1023
12/10/2014,EWR,NJ,AEA,EN,Towers with Radar,888,305,14,1,1208,0,1,3,3,7,888,306,17,4,1215,0,0,0,1215
12/11/2014,EWR,NJ,AEA,EN,Towers with Radar,917,356,16,0,1289,0,4,13,0,17,917,360,29,0,1306,0,0,0,1306
12/12/2014,EWR,NJ,AEA,EN,Towers with Radar,900,356,11,1,1268,0,4,26,12,42,900,360,37,13,1310,0,0,0,1310
12/13/2014,EWR,NJ,AEA,EN,Towers with Radar,652,201,11,0,864,0,0,4,1,5,652,201,15,1,869,0,0,0,869
12/14/2014,EWR,NJ,AEA,EN,Towers with Radar,752,267,2,0,1021,0,0,14,0,14,752,267,16,0,1035,0,0,0,1035
12/15/2014,EWR,NJ,AEA,EN,Towers with Radar,826,344,9,1,1180,0,0,18,2,20,826,344,27,3,1200,0,0,0,1200
12/16/2014,EWR,NJ,AEA,EN,Towers with Radar,900,350,16,0,1266,0,6,10,2,18,900,356,26,2,1284,0,0,0,1284
12/17/2014,EWR,NJ,AEA,EN,Towers with Radar,932,353,13,0,1298,0,2,15,0,17,932,355,28,0,1315,0,0,0,1315
12/18/2014,EWR,NJ,AEA,EN,Towers with Radar,950,333,16,0,1299,0,4,27,12,43,950,337,43,12,1342,0,0,0,1342
12/19/2014,EWR,NJ,AEA,EN,Towers with Radar,927,328,10,0,1265,0,6,19,4,29,927,334,29,4,1294,0,0,0,1294
12/20/2014,EWR,NJ,AEA,EN,Towers with Radar,859,286,9,0,1154,0,0,4,3,7,859,286,13,3,1161,0,0,0,1161
12/21/2014,EWR,NJ,AEA,EN,Towers with Radar,844,308,5,0,1157,0,0,3,3,6,844,308,8,3,1163,0,0,0,1163
12/22/2014,EWR,NJ,AEA,EN,Towers with Radar,858,317,3,0,1178,0,0,4,0,4,858,317,7,0,1182,0,0,0,1182
12/23/2014,EWR,NJ,AEA,EN,Towers with Radar,876,309,3,0,1188,0,2,0,0,2,876,311,3,0,1190,0,0,0,1190
12/24/2014,EWR,NJ,AEA,EN,Towers with Radar,746,205,5,2,958,0,0,0,0,0,746,205,5,2,958,0,0,0,958
12/25/2014,EWR,NJ,AEA,EN,Towers with Radar,640,172,3,0,815,0,0,0,3,3,640,172,3,3,818,0,0,0,818
12/26/2014,EWR,NJ,AEA,EN,Towers with Radar,814,278,2,0,1094,0,6,3,3,12,814,284,5,3,1106,0,0,0,1106
12/27/2014,EWR,NJ,AEA,EN,Towers with Radar,808,254,7,0,1069,0,0,5,5,10,808,254,12,5,1079,0,0,0,1079
12/28/2014,EWR,NJ,AEA,EN,Towers with Radar,835,269,7,0,1111,0,0,5,1,6,835,269,12,1,1117,0,0,0,1117
12/29/2014,EWR,NJ,AEA,EN,Towers with Radar,828,278,2,2,1110,0,0,4,7,11,828,278,6,9,1121,0,0,0,1121
12/30/2014,EWR,NJ,AEA,EN,Towers with Radar,862,299,4,0,1165,0,4,2,1,7,862,303,6,1,1172,0,0,0,1172
12/31/2014,EWR,NJ,AEA,EN,Towers with Radar,721,190,1,0,912,0,4,9,1,14,721,194,10,1,926,0,0,0,926
01/01/2015,EWR,NJ,AEA,EN,Towers with Radar,722,216,2,0,940,0,0,3,1,4,722,216,5,1,944,0,0,0,944
01/02/2015,EWR,NJ,AEA,EN,Towers with Radar,855,279,4,0,1138,0,4,4,4,12,855,283,8,4,1150,0,0,0,1150
01/03/2015,EWR,NJ,AEA,EN,Towers with Radar,781,239,18,0,1038,0,0,0,2,2,781,239,18,2,1040,0,0,0,1040
01/04/2015,EWR,NJ,AEA,EN,Towers with Radar,758,216,13,2,989,0,0,2,0,2,758,216,15,2,991,0,0,0,991
01/05/2015,EWR,NJ,AEA,EN,Towers with Radar,878,311,11,0,1200,0,0,9,1,10,878,311,20,1,1210,0,0,0,1210
01/06/2015,EWR,NJ,AEA,EN,Towers with Radar,808,292,6,0,1106,0,3,3,0,6,808,295,9,0,1112,0,0,0,1112
01/07/2015,EWR,NJ,AEA,EN,Towers with Radar,818,331,11,0,1160,0,4,29,0,33,818,335,40,0,1193,0,0,0,1193
01/08/2015,EWR,NJ,AEA,EN,Towers with Radar,815,327,14,0,1156,0,4,10,1,15,815,331,24,1,1171,0,0,0,1171
01/09/2015,EWR,NJ,AEA,EN,Towers with Radar,811,327,16,0,1154,0,0,11,3,14,811,327,27,3,1168,0,0,0,1168
01/10/2015,EWR,NJ,AEA,EN,Towers with Radar,639,217,11,0,867,0,0,11,2,13,639,217,22,2,880,0,0,0,880
01/11/2015,EWR,NJ,AEA,EN,Towers with Radar,699,258,8,0,965,0,0,9,0,9,699,258,17,0,974,0,0,0,974
01/12/2015,EWR,NJ,AEA,EN,Towers with Radar,748,241,13,0,1002,0,0,0,0,0,748,241,13,0,1002,0,0,0,1002
01/13/2015,EWR,NJ,AEA,EN,Towers with Radar,786,354,14,1,1155,0,4,7,0,11,786,358,21,1,1166,0,0,0,1166
01/14/2015,EWR,NJ,AEA,EN,Towers with Radar,779,334,28,0,1141,0,4,13,1,18,779,338,41,1,1159,0,0,0,1159
01/15/2015,EWR,NJ,AEA,EN,Towers with Radar,807,344,14,1,1166,0,4,13,2,19,807,348,27,3,1185,0,0,0,1185
01/16/2015,EWR,NJ,AEA,EN,Towers with Radar,817,327,12,0,1156,0,4,16,1,21,817,331,28,1,1177,0,0,0,1177
01/17/2015,EWR,NJ,AEA,EN,Towers with Radar,603,195,6,0,804,0,0,6,0,6,603,195,12,0,810,0,0,0,810
01/18/2015,EWR,NJ,AEA,EN,Towers with Radar,633,211,5,0,849,0,0,0,0,0,633,211,5,0,849,0,0,0,849
01/19/2015,EWR,NJ,AEA,EN,Towers with Radar,757,315,19,0,1091,0,2,8,0,10,757,317,27,0,1101,0,0,0,1101
01/20/2015,EWR,NJ,AEA,EN,Towers with Radar,773,336,9,0,1118,0,4,17,2,23,773,340,26,2,1141,0,0,0,1141
01/21/2015,EWR,NJ,AEA,EN,Towers with Radar,782,336,12,0,1130,0,4,8,0,12,782,340,20,0,1142,0,0,0,1142
01/22/2015,EWR,NJ,AEA,EN,Towers with Radar,813,347,5,0,1165,0,4,10,1,15,813,351,15,1,1180,0,0,0,1180
01/23/2015,EWR,NJ,AEA,EN,Towers with Radar,799,327,6,0,1132,0,6,14,2,22,799,333,20,2,1154,0,0,0,1154
01/24/2015,EWR,NJ,AEA,EN,Towers with Radar,590,167,11,0,768,0,0,0,0,0,590,167,11,0,768,0,0,0,768
01/25/2015,EWR,NJ,AEA,EN,Towers with Radar,683,273,11,0,967,0,0,11,2,13,683,273,22,2,980,0,0,0,980
01/26/2015,EWR,NJ,AEA,EN,Towers with Radar,488,107,5,1,601,0,0,0,0,0,488,107,5,1,601,0,0,0,601
01/27/2015,EWR,NJ,AEA,EN,Towers with Radar,71,9,9,0,89,0,0,2,0,2,71,9,11,0,91,0,0,0,91
01/28/2015,EWR,NJ,AEA,EN,Towers with Radar,690,287,4,2,983,0,4,12,2,18,690,291,16,4,1001,0,0,0,1001
01/29/2015,EWR,NJ,AEA,EN,Towers with Radar,801,344,4,0,1149,0,6,18,0,24,801,350,22,0,1173,0,0,0,1173
01/30/2015,EWR,NJ,AEA,EN,Towers with Radar,827,339,13,2,1181,0,4,3,2,9,827,343,16,4,1190,0,0,0,1190
01/31/2015,EWR,NJ,AEA,EN,Towers with Radar,608,204,0,0,812,0,0,11,1,12,608,204,11,1,824,0,0,0,824
02/01/2015,EWR,NJ,AEA,EN,Towers with Radar,579,208,7,0,794,0,0,5,0,5,579,208,12,0,799,0,0,0,799
02/02/2015,EWR,NJ,AEA,EN,Towers with Radar,458,53,42,0,553,0,0,2,0,2,458,53,44,0,555,0,0,0,555
02/03/2015,EWR,NJ,AEA,EN,Towers with Radar,726,303,17,0,1046,0,8,10,0,18,726,311,27,0,1064,0,0,0,1064
02/04/2015,EWR,NJ,AEA,EN,Towers with Radar,773,341,18,0,1132,0,4,7,8,19,773,345,25,8,1151,0,0,0,1151
02/05/2015,EWR,NJ,AEA,EN,Towers with Radar,821,328,10,0,1159,0,4,8,0,12,821,332,18,0,1171,0,0,0,1171
02/06/2015,EWR,NJ,AEA,EN,Towers with Radar,800,338,9,0,1147,0,4,26,3,33,800,342,35,3,1180,0,0,0,1180
02/07/2015,EWR,NJ,AEA,EN,Towers with Radar,616,200,13,0,829,0,0,6,0,6,616,200,19,0,835,0,0,0,835
02/08/2015,EWR,NJ,AEA,EN,Towers with Radar,635,256,12,0,903,0,0,7,2,9,635,256,19,2,912,0,0,0,912
02/09/2015,EWR,NJ,AEA,EN,Towers with Radar,578,164,10,0,752,0,0,3,0,3,578,164,13,0,755,0,0,0,755
02/10/2015,EWR,NJ,AEA,EN,Towers with Radar,759,322,17,0,1098,0,4,13,4,21,759,326,30,4,1119,0,0,0,1119
02/11/2015,EWR,NJ,AEA,EN,Towers with Radar,790,332,18,0,1140,0,6,14,1,21,790,338,32,1,1161,0,0,0,1161
02/12/2015,EWR,NJ,AEA,EN,Towers with Radar,877,321,17,0,1215,0,4,16,0,20,877,325,33,0,1235,0,0,0,1235
02/13/2015,EWR,NJ,AEA,EN,Towers with Radar,886,339,21,0,1246,0,3,7,3,13,886,342,28,3,1259,0,0,0,1259
02/14/2015,EWR,NJ,AEA,EN,Towers with Radar,621,168,11,0,800,0,0,7,0,7,621,168,18,0,807,0,0,0,807
02/15/2015,EWR,NJ,AEA,EN,Towers with Radar,576,93,14,0,683,0,0,2,0,2,576,93,16,0,685,0,0,0,685
02/16/2015,EWR,NJ,AEA,EN,Towers with Radar,730,264,16,0,1010,0,2,8,6,16,730,266,24,6,1026,0,0,0,1026
02/17/2015,EWR,NJ,AEA,EN,Towers with Radar,755,280,13,0,1048,0,1,7,2,10,755,281,20,2,1058,0,0,0,1058
02/18/2015,EWR,NJ,AEA,EN,Towers with Radar,803,329,12,0,1144,0,4,16,6,26,803,333,28,6,1170,0,0,0,1170
02/19/2015,EWR,NJ,AEA,EN,Towers with Radar,843,317,12,0,1172,0,4,14,2,20,843,321,26,2,1192,0,0,0,1192
02/20/2015,EWR,NJ,AEA,EN,Towers with Radar,853,327,22,0,1202,0,4,20,9,33,853,331,42,9,1235,0,0,0,1235
02/21/2015,EWR,NJ,AEA,EN,Towers with Radar,617,138,8,0,763,0,0,3,3,6,617,138,11,3,769,0,0,0,769
02/22/2015,EWR,NJ,AEA,EN,Towers with Radar,725,249,12,0,986,0,0,3,1,4,725,249,15,1,990,0,0,0,990
02/23/2015,EWR,NJ,AEA,EN,Towers with Radar,776,319,11,0,1106,0,2,11,2,15,776,321,22,2,1121,0,0,0,1121
02/24/2015,EWR,NJ,AEA,EN,Towers with Radar,805,328,8,0,1141,0,2,20,5,27,805,330,28,5,1168,0,0,0,1168
02/25/2015,EWR,NJ,AEA,EN,Towers with Radar,798,321,6,0,1125,0,5,16,3,24,798,326,22,3,1149,0,0,0,1149
02/26/2015,EWR,NJ,AEA,EN,Towers with Radar,828,315,8,0,1151,0,4,15,6,25,828,319,23,6,1176,0,0,0,1176
02/27/2015,EWR,NJ,AEA,EN,Towers with Radar,857,332,5,0,1194,0,4,13,9,26,857,336,18,9,1220,0,0,0,1220
02/28/2015,EWR,NJ,AEA,EN,Towers with Radar,674,220,10,0,904,0,0,8,2,10,674,220,18,2,914,0,0,0,914
03/01/2015,EWR,NJ,AEA,EN,Towers with Radar,545,146,20,0,711,0,0,1,0,1,545,146,21,0,712,0,0,0,712
03/02/2015,EWR,NJ,AEA,EN,Towers with Radar,796,303,19,0,1118,0,4,19,4,27,796,307,38,4,1145,0,0,0,1145
03/03/2015,EWR,NJ,AEA,EN,Towers with Radar,722,222,24,0,968,0,2,7,4,13,722,224,31,4,981,0,0,0,981
03/04/2015,EWR,NJ,AEA,EN,Towers with Radar,817,278,25,0,1120,0,4,7,0,11,817,282,32,0,1131,0,0,0,1131
03/05/2015,EWR,NJ,AEA,EN,Towers with Radar,616,22,27,0,665,0,0,0,0,0,616,22,27,0,665,0,0,0,665
03/06/2015,EWR,NJ,AEA,EN,Towers with Radar,849,281,16,0,1146,0,4,15,3,22,849,285,31,3,1168,0,0,0,1168
03/07/2015,EWR,NJ,AEA,EN,Towers with Radar,727,254,10,0,991,0,0,5,3,8,727,254,15,3,999,0,0,0,999
03/08/2015,EWR,NJ,AEA,EN,Towers with Radar,753,280,9,0,1042,0,0,5,2,7,753,280,14,2,1049,0,0,0,1049
03/09/2015,EWR,NJ,AEA,EN,Towers with Radar,827,330,10,0,1167,0,0,18,3,21,827,330,28,3,1188,0,0,0,1188
03/10/2015,EWR,NJ,AEA,EN,Towers with Radar,836,349,11,0,1196,0,4,8,4,16,836,353,19,4,1212,0,0,0,1212
03/11/2015,EWR,NJ,AEA,EN,Towers with Radar,840,339,17,0,1196,0,6,14,2,22,840,345,31,2,1218,0,0,0,1218
03/12/2015,EWR,NJ,AEA,EN,Towers with Radar,877,350,12,0,1239,0,8,12,5,25,877,358,24,5,1264,0,0,0,1264
03/13/2015,EWR,NJ,AEA,EN,Towers with Radar,871,329,6,0,1206,0,4,13,4,21,871,333,19,4,1227,0,0,0,1227
03/14/2015,EWR,NJ,AEA,EN,Towers with Radar,725,249,18,0,992,0,0,0,0,0,725,249,18,0,992,0,0,0,992
03/15/2015,EWR,NJ,AEA,EN,Towers with Radar,783,288,11,0,1082,0,0,1,8,9,783,288,12,8,1091,0,0,0,1091
03/16/2015,EWR,NJ,AEA,EN,Towers with Radar,832,313,13,0,1158,0,0,4,2,6,832,313,17,2,1164,0,0,0,1164
03/17/2015,EWR,NJ,AEA,EN,Towers with Radar,843,339,16,0,1198,0,3,10,2,15,843,342,26,2,1213,0,0,0,1213
03/18/2015,EWR,NJ,AEA,EN,Towers with Radar,875,361,11,0,1247,0,4,4,5,13,875,365,15,5,1260,0,0,0,1260
03/19/2015,EWR,NJ,AEA,EN,Towers with Radar,884,347,11,0,1242,0,6,10,6,22,884,353,21,6,1264,0,0,0,1264
03/20/2015,EWR,NJ,AEA,EN,Towers with Radar,686,111,7,0,804,0,4,2,2,8,686,115,9,2,812,0,0,0,812
03/21/2015,EWR,NJ,AEA,EN,Towers with Radar,733,253,8,0,994,0,0,1,2,3,733,253,9,2,997,0,0,0,997
03/22/2015,EWR,NJ,AEA,EN,Towers with Radar,769,280,13,0,1062,0,0,2,7,9,769,280,15,7,1071,0,0,0,1071
03/23/2015,EWR,NJ,AEA,EN,Towers with Radar,801,306,14,0,1121,0,1,17,3,21,801,307,31,3,1142,0,0,0,1142
03/24/2015,EWR,NJ,AEA,EN,Towers with Radar,864,345,5,0,1214,0,6,6,9,21,864,351,11,9,1235,0,0,0,1235
03/25/2015,EWR,NJ,AEA,EN,Towers with Radar,850,342,9,0,1201,0,4,14,2,20,850,346,23,2,1221,0,0,0,1221
03/26/2015,EWR,NJ,AEA,EN,Towers with Radar,848,286,10,0,1144,0,0,0,1,1,848,286,10,1,1145,0,0,0,1145
03/27/2015,EWR,NJ,AEA,EN,Towers with Radar,922,351,4,0,1277,0,4,11,3,18,922,355,15,3,1295,0,0,0,1295
03/28/2015,EWR,NJ,AEA,EN,Towers with Radar,748,263,2,2,1015,0,0,5,1,6,748,263,7,3,1021,0,0,0,1021
03/29/2015,EWR,NJ,AEA,EN,Towers with Radar,791,268,2,0,1061,0,1,3,11,15,791,269,5,11,1076,0,0,0,1076
03/30/2015,EWR,NJ,AEA,EN,Towers with Radar,848,315,7,2,1172,0,0,13,5,18,848,315,20,7,1190,0,0,0,1190
03/31/2015,EWR,NJ,AEA,EN,Towers with Radar,883,341,4,0,1228,0,6,4,7,17,883,347,8,7,1245,0,0,0,1245
04/01/2015,EWR,NJ,AEA,EN,Towers with Radar,883,333,9,0,1225,0,6,20,6,32,883,339,29,6,1257,0,0,0,1257
04/02/2015,EWR,NJ,AEA,EN,Towers with Radar,890,340,3,0,1233,0,5,19,5,29,890,345,22,5,1262,0,0,0,1262
04/03/2015,EWR,NJ,AEA,EN,Towers with Radar,870,317,6,0,1193,0,4,7,4,15,870,321,13,4,1208,0,0,0,1208
04/04/2015,EWR,NJ,AEA,EN,Towers with Radar,729,201,6,0,936,0,0,9,3,12,729,201,15,3,948,0,0,0,948
04/05/2015,EWR,NJ,AEA,EN,Towers with Radar,799,259,6,0,1064,0,0,8,4,12,799,259,14,4,1076,0,0,0,1076
04/06/2015,EWR,NJ,AEA,EN,Towers with Radar,844,312,11,0,1167,0,0,7,3,10,844,312,18,3,1177,0,0,0,1177
04/07/2015,EWR,NJ,AEA,EN,Towers with Radar,899,330,9,0,1238,0,2,4,0,6,899,332,13,0,1244,0,0,0,1244
04/08/2015,EWR,NJ,AEA,EN,Towers with Radar,893,319,12,2,1226,0,4,9,0,13,893,323,21,2,1239,0,0,0,1239
04/09/2015,EWR,NJ,AEA,EN,Towers with Radar,895,316,9,0,1220,0,4,17,0,21,895,320,26,0,1241,0,0,0,1241
04/10/2015,EWR,NJ,AEA,EN,Towers with Radar,911,302,11,0,1224,0,0,2,0,2,911,302,13,0,1226,0,0,0,1226
04/11/2015,EWR,NJ,AEA,EN,Towers with Radar,752,242,6,0,1000,0,0,8,2,10,752,242,14,2,1010,0,0,0,1010
04/12/2015,EWR,NJ,AEA,EN,Towers with Radar,811,271,24,0,1106,0,0,14,1,15,811,271,38,1,1121,0,0,0,1121
04/13/2015,EWR,NJ,AEA,EN,Towers with Radar,865,308,19,0,1192,0,0,21,4,25,865,308,40,4,1217,0,0,0,1217
04/14/2015,EWR,NJ,AEA,EN,Towers with Radar,882,334,9,0,1225,0,6,12,3,21,882,340,21,3,1246,0,0,0,1246
04/15/2015,EWR,NJ,AEA,EN,Towers with Radar,879,330,22,0,1231,0,4,16,6,26,879,334,38,6,1257,0,0,0,1257
04/16/2015,EWR,NJ,AEA,EN,Towers with Radar,919,326,19,0,1264,0,4,15,4,23,919,330,34,4,1287,0,0,0,1287
04/17/2015,EWR,NJ,AEA,EN,Towers with Radar,903,315,12,0,1230,0,4,11,1,16,903,319,23,1,1246,0,0,0,1246
04/18/2015,EWR,NJ,AEA,EN,Towers with Radar,734,236,8,0,978,0,2,5,3,10,734,238,13,3,988,0,0,0,988
04/19/2015,EWR,NJ,AEA,EN,Towers with Radar,787,266,18,0,1071,0,0,11,2,13,787,266,29,2,1084,0,0,0,1084
04/20/2015,EWR,NJ,AEA,EN,Towers with Radar,782,196,25,0,1003,0,0,2,2,4,782,196,27,2,1007,0,0,0,1007
04/21/2015,EWR,NJ,AEA,EN,Towers with Radar,922,336,25,0,1283,0,0,26,3,29,922,336,51,3,1312,0,0,0,1312
04/22/2015,EWR,NJ,AEA,EN,Towers with Radar,868,305,10,0,1183,0,8,17,0,25,868,313,27,0,1208,0,0,0,1208
04/23/2015,EWR,NJ,AEA,EN,Towers with Radar,920,327,17,0,1264,0,4,28,1,33,920,331,45,1,1297,0,0,0,1297
04/24/2015,EWR,NJ,AEA,EN,Towers with Radar,911,326,12,0,1249,0,3,28,3,34,911,329,40,3,1283,0,0,0,1283
04/25/2015,EWR,NJ,AEA,EN,Towers with Radar,736,234,11,0,981,0,2,12,3,17,736,236,23,3,998,0,0,0,998
04/26/2015,EWR,NJ,AEA,EN,Towers with Radar,790,266,13,0,1069,0,0,8,3,11,790,266,21,3,1080,0,0,0,1080
04/27/2015,EWR,NJ,AEA,EN,Towers with Radar,865,310,8,1,1184,0,4,10,3,17,865,314,18,4,1201,0,0,0,1201
04/28/2015,EWR,NJ,AEA,EN,Towers with Radar,883,326,8,0,1217,0,2,10,2,14,883,328,18,2,1231,0,0,0,1231
04/29/2015,EWR,NJ,AEA,EN,Towers with Radar,886,329,16,1,1232,0,4,29,4,37,886,333,45,5,1269,0,0,0,1269
04/30/2015,EWR,NJ,AEA,EN,Towers with Radar,912,329,14,0,1255,0,4,21,0,25,912,333,35,0,1280,0,0,0,1280
05/01/2015,EWR,NJ,AEA,EN,Towers with Radar,898,322,24,0,1244,0,4,14,8,26,898,326,38,8,1270,0,0,0,1270
05/02/2015,EWR,NJ,AEA,EN,Towers with Radar,723,223,6,1,953,0,0,17,0,17,723,223,23,1,970,0,0,0,970
05/03/2015,EWR,NJ,AEA,EN,Towers with Radar,780,266,6,1,1053,0,0,26,5,31,780,266,32,6,1084,0,0,0,1084
05/04/2015,EWR,NJ,AEA,EN,Towers with Radar,855,316,9,0,1180,0,0,9,1,10,855,316,18,1,1190,0,0,0,1190
05/05/2015,EWR,NJ,AEA,EN,Towers with Radar,887,338,9,1,1235,0,4,25,6,35,887,342,34,7,1270,0,0,0,1270
05/06/2015,EWR,NJ,AEA,EN,Towers with Radar,856,335,14,0,1205,0,4,18,4,26,856,339,32,4,1231,0,0,0,1231
05/07/2015,EWR,NJ,AEA,EN,Towers with Radar,886,333,15,1,1235,0,8,37,2,47,886,341,52,3,1282,0,0,0,1282
05/08/2015,EWR,NJ,AEA,EN,Towers with Radar,899,339,15,0,1253,0,5,26,2,33,899,344,41,2,1286,0,0,0,1286
05/09/2015,EWR,NJ,AEA,EN,Towers with Radar,694,217,6,0,917,0,0,10,0,10,694,217,16,0,927,0,0,0,927
05/10/2015,EWR,NJ,AEA,EN,Towers with Radar,729,289,5,0,1023,0,0,10,0,10,729,289,15,0,1033,0,0,0,1033
05/11/2015,EWR,NJ,AEA,EN,Towers with Radar,799,303,10,2,1114,0,2,34,0,36,799,305,44,2,1150,0,0,0,1150
05/12/2015,EWR,NJ,AEA,EN,Towers with Radar,897,346,6,0,1249,0,6,15,0,21,897,352,21,0,1270,0,0,0,1270
05/13/2015,EWR,NJ,AEA,EN,Towers with Radar,874,343,16,0,1233,0,6,21,0,27,874,349,37,0,1260,0,0,0,1260
05/14/2015,EWR,NJ,AEA,EN,Towers with Radar,887,353,32,0,1272,0,6,24,0,30,887,359,56,0,1302,0,0,0,1302
05/15/2015,EWR,NJ,AEA,EN,Towers with Radar,868,331,10,0,1209,0,5,28,4,37,868,336,38,4,1246,0,0,0,1246
05/16/2015,EWR,NJ,AEA,EN,Towers with Radar,689,219,5,0,913,0,1,10,0,11,689,220,15,0,924,0,0,0,924
05/17/2015,EWR,NJ,AEA,EN,Towers with Radar,746,289,20,0,1055,0,3,12,0,15,746,292,32,0,1070,0,0,0,1070
05/18/2015,EWR,NJ,AEA,EN,Towers with Radar,804,297,18,2,1121,0,4,16,0,20,804,301,34,2,1141,0,0,0,1141
05/19/2015,EWR,NJ,AEA,EN,Towers with Radar,908,342,27,0,1277,0,0,12,0,12,908,342,39,0,1289,0,0,0,1289
05/20/2015,EWR,NJ,AEA,EN,Towers with Radar,883,340,25,0,1248,0,10,37,6,53,883,350,62,6,1301,0,0,0,1301
05/21/2015,EWR,NJ,AEA,EN,Towers with Radar,886,334,28,0,1248,0,8,39,5,52,886,342,67,5,1300,0,0,0,1300
05/22/2015,EWR,NJ,AEA,EN,Towers with Radar,862,345,12,0,1219,0,9,26,1,36,862,354,38,1,1255,0,0,0,1255
05/23/2015,EWR,NJ,AEA,EN,Towers with Radar,664,180,3,0,847,0,2,17,0,19,664,182,20,0,866,0,0,0,866
05/24/2015,EWR,NJ,AEA,EN,Towers with Radar,636,188,5,0,829,0,1,13,1,15,636,189,18,1,844,0,0,0,844
05/25/2015,EWR,NJ,AEA,EN,Towers with Radar,760,235,9,1,1005,0,1,20,0,21,760,236,29,1,1026,0,0,0,1026
05/26/2015,EWR,NJ,AEA,EN,Towers with Radar,834,313,17,0,1164,0,8,30,2,40,834,321,47,2,1204,0,0,0,1204
05/27/2015,EWR,NJ,AEA,EN,Towers with Radar,825,265,14,1,1105,0,5,19,1,25,825,270,33,2,1130,0,0,0,1130
05/28/2015,EWR,NJ,AEA,EN,Towers with Radar,910,356,23,0,1289,0,5,19,0,24,910,361,42,0,1313,0,0,0,1313
05/29/2015,EWR,NJ,AEA,EN,Towers with Radar,863,334,16,0,1213,0,5,21,1,27,863,339,37,1,1240,0,0,0,1240
05/30/2015,EWR,NJ,AEA,EN,Towers with Radar,698,221,15,0,934,0,3,20,0,23,698,224,35,0,957,0,0,0,957
05/31/2015,EWR,NJ,AEA,EN,Towers with Radar,586,177,14,0,777,0,0,12,0,12,586,177,26,0,789,0,0,0,789
06/01/2015,EWR,NJ,AEA,EN,Towers with Radar,828,254,39,0,1121,0,0,0,0,0,828,254,39,0,1121,0,0,0,1121
06/02/2015,EWR,NJ,AEA,EN,Towers with Radar,876,332,29,0,1237,0,4,3,0,7,876,336,32,0,1244,0,0,0,1244
06/03/2015,EWR,NJ,AEA,EN,Towers with Radar,873,353,19,0,1245,0,7,34,0,41,873,360,53,0,1286,0,0,0,1286
06/04/2015,EWR,NJ,AEA,EN,Towers with Radar,879,375,15,0,1269,0,4,23,0,27,879,379,38,0,1296,0,0,0,1296
06/05/2015,EWR,NJ,AEA,EN,Towers with Radar,873,361,16,0,1250,0,6,29,0,35,873,367,45,0,1285,0,0,0,1285
06/06/2015,EWR,NJ,AEA,EN,Towers with Radar,706,250,5,0,961,0,0,16,0,16,706,250,21,0,977,0,0,0,977
06/07/2015,EWR,NJ,AEA,EN,Towers with Radar,773,296,12,0,1081,0,6,20,0,26,773,302,32,0,1107,0,0,0,1107
06/08/2015,EWR,NJ,AEA,EN,Towers with Radar,805,265,14,0,1084,0,3,23,0,26,805,268,37,0,1110,0,0,0,1110
06/09/2015,EWR,NJ,AEA,EN,Towers with Radar,912,326,7,2,1247,0,7,15,0,22,912,333,22,2,1269,0,0,0,1269
06/10/2015,EWR,NJ,AEA,EN,Towers with Radar,896,359,10,0,1265,0,6,12,0,18,896,365,22,0,1283,0,0,0,1283
06/11/2015,EWR,NJ,AEA,EN,Towers with Radar,900,355,18,0,1273,0,9,24,0,33,900,364,42,0,1306,0,0,0,1306
06/12/2015,EWR,NJ,AEA,EN,Towers with Radar,869,344,15,1,1229,0,4,30,0,34,869,348,45,1,1263,0,0,0,1263
06/13/2015,EWR,NJ,AEA,EN,Towers with Radar,723,272,8,1,1004,0,0,14,0,14,723,272,22,1,1018,0,0,0,1018
06/14/2015,EWR,NJ,AEA,EN,Towers with Radar,737,290,10,2,1039,0,0,16,0,16,737,290,26,2,1055,0,0,0,1055
06/15/2015,EWR,NJ,AEA,EN,Towers with Radar,795,249,26,0,1070,0,0,3,0,3,795,249,29,0,1073,0,0,0,1073
06/16/2015,EWR,NJ,AEA,EN,Towers with Radar,866,299,16,0,1181,0,4,2,1,7,866,303,18,1,1188,0,0,0,1188
06/17/2015,EWR,NJ,AEA,EN,Towers with Radar,887,365,19,2,1273,0,4,23,2,29,887,369,42,4,1302,0,0,0,1302
06/18/2015,EWR,NJ,AEA,EN,Towers with Radar,886,357,12,2,1257,0,7,38,0,45,886,364,50,2,1302,0,0,0,1302
06/19/2015,EWR,NJ,AEA,EN,Towers with Radar,885,349,14,0,1248,0,7,26,0,33,885,356,40,0,1281,0,0,0,1281
06/20/2015,EWR,NJ,AEA,EN,Towers with Radar,751,256,12,0,1019,0,6,8,0,14,751,262,20,0,1033,0,0,0,1033
06/21/2015,EWR,NJ,AEA,EN,Towers with Radar,788,309,7,0,1104,0,0,19,0,19,788,309,26,0,1123,0,0,0,1123
06/22/2015,EWR,NJ,AEA,EN,Towers with Radar,848,329,19,0,1196,0,4,36,2,42,848,333,55,2,1238,0,0,0,1238
06/23/2015,EWR,NJ,AEA,EN,Towers with Radar,790,273,16,0,1079,0,6,20,0,26,790,279,36,0,1105,0,0,0,1105
06/24/2015,EWR,NJ,AEA,EN,Towers with Radar,915,382,21,0,1318,0,6,27,0,33,915,388,48,0,1351,0,0,0,1351
06/25/2015,EWR,NJ,AEA,EN,Towers with Radar,900,361,11,0,1272,0,5,18,1,24,900,366,29,1,1296,0,0,0,1296
06/26/2015,EWR,NJ,AEA,EN,Towers with Radar,884,355,10,0,1249,0,6,27,2,35,884,361,37,2,1284,0,0,0,1284
06/27/2015,EWR,NJ,AEA,EN,Towers with Radar,738,263,10,0,1011,0,0,16,0,16,738,263,26,0,1027,0,0,0,1027
06/28/2015,EWR,NJ,AEA,EN,Towers with Radar,765,308,21,0,1094,0,0,10,0,10,765,308,31,0,1104,0,0,0,1104
06/29/2015,EWR,NJ,AEA,EN,Towers with Radar,848,337,20,0,1205,0,0,22,0,22,848,337,42,0,1227,0,0,0,1227
06/30/2015,EWR,NJ,AEA,EN,Towers with Radar,837,310,8,0,1155,0,5,15,0,20,837,315,23,0,1175,0,0,0,1175
07/01/2015,EWR,NJ,AEA,EN,Towers with Radar,894,318,15,0,1227,0,5,31,0,36,894,323,46,0,1263,0,0,0,1263
07/02/2015,EWR,NJ,AEA,EN,Towers with Radar,935,342,7,2,1286,0,11,34,1,46,935,353,41,3,1332,0,0,0,1332
07/03/2015,EWR,NJ,AEA,EN,Towers with Radar,751,264,9,0,1024,0,5,13,2,20,751,269,22,2,1044,0,0,0,1044
07/04/2015,EWR,NJ,AEA,EN,Towers with Radar,632,244,4,0,880,0,0,6,1,7,632,244,10,1,887,0,0,0,887
07/05/2015,EWR,NJ,AEA,EN,Towers with Radar,790,310,9,0,1109,0,2,15,2,19,790,312,24,2,1128,0,0,0,1128
07/06/2015,EWR,NJ,AEA,EN,Towers with Radar,878,315,21,0,1214,0,3,20,0,23,878,318,41,0,1237,0,0,0,1237
07/07/2015,EWR,NJ,AEA,EN,Towers with Radar,925,284,22,0,1231,0,2,19,0,21,925,286,41,0,1252,0,0,0,1252
07/08/2015,EWR,NJ,AEA,EN,Towers with Radar,896,316,10,0,1222,0,8,14,2,24,896,324,24,2,1246,0,0,0,1246
07/09/2015,EWR,NJ,AEA,EN,Towers with Radar,882,293,9,0,1184,0,4,31,0,35,882,297,40,0,1219,0,0,0,1219
07/10/2015,EWR,NJ,AEA,EN,Towers with Radar,959,337,11,0,1307,0,7,24,0,31,959,344,35,0,1338,0,0,0,1338
07/11/2015,EWR,NJ,AEA,EN,Towers with Radar,747,290,8,0,1045,0,0,18,0,18,747,290,26,0,1063,0,0,0,1063
07/12/2015,EWR,NJ,AEA,EN,Towers with Radar,806,321,11,0,1138,0,1,18,0,19,806,322,29,0,1157,0,0,0,1157
07/13/2015,EWR,NJ,AEA,EN,Towers with Radar,866,307,18,0,1191,0,0,29,0,29,866,307,47,0,1220,0,0,0,1220
07/14/2015,EWR,NJ,AEA,EN,Towers with Radar,884,266,7,0,1157,0,4,21,0,25,884,270,28,0,1182,0,0,0,1182
07/15/2015,EWR,NJ,AEA,EN,Towers with Radar,911,273,15,0,1199,0,0,13,2,15,911,273,28,2,1214,0,0,0,1214
07/16/2015,EWR,NJ,AEA,EN,Towers with Radar,928,358,10,0,1296,0,4,32,4,40,928,362,42,4,1336,0,0,0,1336
07/17/2015,EWR,NJ,AEA,EN,Towers with Radar,910,346,3,0,1259,0,4,24,0,28,910,350,27,0,1287,0,0,0,1287
07/18/2015,EWR,NJ,AEA,EN,Towers with Radar,756,269,6,0,1031,0,6,13,0,19,756,275,19,0,1050,0,0,0,1050
07/19/2015,EWR,NJ,AEA,EN,Towers with Radar,808,317,9,0,1134,0,5,20,2,27,808,322,29,2,1161,0,0,0,1161
07/20/2015,EWR,NJ,AEA,EN,Towers with Radar,910,324,7,0,1241,0,2,27,2,31,910,326,34,2,1272,0,0,0,1272
07/21/2015,EWR,NJ,AEA,EN,Towers with Radar,885,295,3,0,1183,0,1,26,0,27,885,296,29,0,1210,0,0,0,1210
07/22/2015,EWR,NJ,AEA,EN,Towers with Radar,960,340,7,0,1307,0,4,42,0,46,960,344,49,0,1353,0,0,0,1353
07/23/2015,EWR,NJ,AEA,EN,Towers with Radar,934,347,14,0,1295,0,8,28,1,37,934,355,42,1,1332,0,0,0,1332
07/24/2015,EWR,NJ,AEA,EN,Towers with Radar,906,340,8,0,1254,0,6,17,3,26,906,346,25,3,1280,0,0,0,1280
07/25/2015,EWR,NJ,AEA,EN,Towers with Radar,755,276,19,0,1050,0,2,6,0,8,755,278,25,0,1058,0,0,0,1058
07/26/2015,EWR,NJ,AEA,EN,Towers with Radar,797,307,10,0,1114,0,0,16,2,18,797,307,26,2,1132,0,0,0,1132
07/27/2015,EWR,NJ,AEA,EN,Towers with Radar,888,326,7,0,1221,0,6,24,0,30,888,332,31,0,1251,0,0,0,1251
07/28/2015,EWR,NJ,AEA,EN,Towers with Radar,934,337,9,0,1280,0,9,19,0,28,934,346,28,0,1308,0,0,0,1308
07/29/2015,EWR,NJ,AEA,EN,Towers with Radar,927,338,8,0,1273,0,5,19,0,24,927,343,27,0,1297,0,0,0,1297
07/30/2015,EWR,NJ,AEA,EN,Towers with Radar,889,256,5,0,1150,1,5,27,2,35,890,261,32,2,1185,0,0,0,1185
07/31/2015,EWR,NJ,AEA,EN,Towers with Radar,921,333,15,0,1269,0,6,26,0,32,921,339,41,0,1301,0,0,0,1301
08/01/2015,EWR,NJ,AEA,EN,Towers with Radar,755,271,4,0,1030,1,3,11,0,15,756,274,15,0,1045,0,0,0,1045
08/02/2015,EWR,NJ,AEA,EN,Towers with Radar,799,306,5,0,1110,0,1,22,5,28,799,307,27,5,1138,0,0,0,1138
08/03/2015,EWR,NJ,AEA,EN,Towers with Radar,906,317,9,0,1232,0,2,20,7,29,906,319,29,7,1261,0,0,0,1261
08/04/2015,EWR,NJ,AEA,EN,Towers with Radar,941,334,5,0,1280,0,6,19,2,27,941,340,24,2,1307,0,0,0,1307
08/05/2015,EWR,NJ,AEA,EN,Towers with Radar,946,351,15,0,1312,0,11,33,1,45,946,362,48,1,1357,0,0,0,1357
08/06/2015,EWR,NJ,AEA,EN,Towers with Radar,936,345,7,0,1288,0,5,24,0,29,936,350,31,0,1317,0,0,0,1317
08/07/2015,EWR,NJ,AEA,EN,Towers with Radar,917,329,12,0,1258,1,4,31,10,46,918,333,43,10,1304,0,0,0,1304
08/08/2015,EWR,NJ,AEA,EN,Towers with Radar,756,283,11,0,1050,0,0,14,0,14,756,283,25,0,1064,0,0,0,1064
08/09/2015,EWR,NJ,AEA,EN,Towers with Radar,817,321,8,0,1146,0,0,13,0,13,817,321,21,0,1159,0,0,0,1159
08/10/2015,EWR,NJ,AEA,EN,Towers with Radar,881,309,13,0,1203,0,0,25,5,30,881,309,38,5,1233,0,0,0,1233
08/11/2015,EWR,NJ,AEA,EN,Towers with Radar,872,250,15,0,1137,0,4,9,0,13,872,254,24,0,1150,0,0,0,1150
08/12/2015,EWR,NJ,AEA,EN,Towers with Radar,971,359,16,2,1348,0,7,30,2,39,971,366,46,4,1387,0,0,0,1387
08/13/2015,EWR,NJ,AEA,EN,Towers with Radar,938,351,16,0,1305,0,7,21,0,28,938,358,37,0,1333,0,0,0,1333
08/14/2015,EWR,NJ,AEA,EN,Towers with Radar,918,342,10,0,1270,0,4,29,0,33,918,346,39,0,1303,0,0,0,1303
08/15/2015,EWR,NJ,AEA,EN,Towers with Radar,763,277,8,0,1048,0,1,8,6,15,763,278,16,6,1063,0,0,0,1063
08/16/2015,EWR,NJ,AEA,EN,Towers with Radar,833,311,12,3,1159,0,0,18,2,20,833,311,30,5,1179,0,0,0,1179
08/17/2015,EWR,NJ,AEA,EN,Towers with Radar,901,321,15,0,1237,0,0,27,0,27,901,321,42,0,1264,0,0,0,1264
08/18/2015,EWR,NJ,AEA,EN,Towers with Radar,887,335,12,0,1234,0,9,21,0,30,887,344,33,0,1264,0,0,0,1264
08/19/2015,EWR,NJ,AEA,EN,Towers with Radar,859,301,17,1,1178,0,10,30,0,40,859,311,47,1,1218,0,0,0,1218
08/20/2015,EWR,NJ,AEA,EN,Towers with Radar,788,222,9,1,1020,0,4,39,0,43,788,226,48,1,1063,0,0,0,1063
08/21/2015,EWR,NJ,AEA,EN,Towers with Radar,890,337,23,1,1251,0,6,34,0,40,890,343,57,1,1291,0,0,0,1291
08/22/2015,EWR,NJ,AEA,EN,Towers with Radar,662,276,12,0,950,0,3,8,3,14,662,279,20,3,964,0,0,0,964
08/23/2015,EWR,NJ,AEA,EN,Towers with Radar,764,301,14,0,1079,0,0,18,0,18,764,301,32,0,1097,0,0,0,1097
08/24/2015,EWR,NJ,AEA,EN,Towers with Radar,865,304,13,1,1183,0,5,25,2,32,865,309,38,3,1215,0,0,0,1215
08/25/2015,EWR,NJ,AEA,EN,Towers with Radar,877,358,5,1,1241,0,6,16,3,25,877,364,21,4,1266,0,0,0,1266
08/26/2015,EWR,NJ,AEA,EN,Towers with Radar,899,347,8,0,1254,1,6,28,9,44,900,353,36,9,1298,0,0,0,1298
08/27/2015,EWR,NJ,AEA,EN,Towers with Radar,907,327,14,0,1248,0,6,31,0,37,907,333,45,0,1285,0,0,0,1285
08/28/2015,EWR,NJ,AEA,EN,Towers with Radar,897,320,16,0,1233,0,3,25,1,29,897,323,41,1,1262,0,0,0,1262
08/29/2015,EWR,NJ,AEA,EN,Towers with Radar,671,265,10,0,946,0,5,9,0,14,671,270,19,0,960,0,0,0,960
08/30/2015,EWR,NJ,AEA,EN,Towers with Radar,746,297,12,0,1055,0,4,15,5,24,746,301,27,5,1079,0,0,0,1079
08/31/2015,EWR,NJ,AEA,EN,Towers with Radar,858,302,5,0,1165,0,1,24,9,34,858,303,29,9,1199,0,0,0,1199
09/01/2015,EWR,NJ,AEA,EN,Towers with Radar,887,336,9,0,1232,0,5,19,4,28,887,341,28,4,1260,0,0,0,1260
09/02/2015,EWR,NJ,AEA,EN,Towers with Radar,889,332,4,0,1225,0,0,17,7,24,889,332,21,7,1249,0,0,0,1249
09/03/2015,EWR,NJ,AEA,EN,Towers with Radar,891,330,14,0,1235,0,2,22,0,24,891,332,36,0,1259,0,0,0,1259
09/04/2015,EWR,NJ,AEA,EN,Towers with Radar,884,332,9,0,1225,0,6,23,0,29,884,338,32,0,1254,0,0,0,1254
09/05/2015,EWR,NJ,AEA,EN,Towers with Radar,687,234,9,0,930,0,1,9,0,10,687,235,18,0,940,0,0,0,940
09/06/2015,EWR,NJ,AEA,EN,Towers with Radar,668,177,7,0,852,0,2,8,4,14,668,179,15,4,866,0,0,0,866
09/07/2015,EWR,NJ,AEA,EN,Towers with Radar,786,277,13,0,1076,0,0,20,2,22,786,277,33,2,1098,0,0,0,1098
09/08/2015,EWR,NJ,AEA,EN,Towers with Radar,822,318,15,0,1155,0,5,26,0,31,822,323,41,0,1186,0,0,0,1186
09/09/2015,EWR,NJ,AEA,EN,Towers with Radar,830,310,13,0,1153,0,8,14,0,22,830,318,27,0,1175,0,0,0,1175
09/10/2015,EWR,NJ,AEA,EN,Towers with Radar,779,214,12,0,1005,0,0,8,0,8,779,214,20,0,1013,0,0,0,1013
09/11/2015,EWR,NJ,AEA,EN,Towers with Radar,839,308,17,1,1165,0,8,26,0,34,839,316,43,1,1199,0,0,0,1199
09/12/2015,EWR,NJ,AEA,EN,Towers with Radar,615,226,7,0,848,0,3,4,0,7,615,229,11,0,855,0,0,0,855
09/13/2015,EWR,NJ,AEA,EN,Towers with Radar,744,260,14,0,1018,0,1,11,3,15,744,261,25,3,1033,0,0,0,1033
09/14/2015,EWR,NJ,AEA,EN,Towers with Radar,805,293,6,1,1105,0,0,15,0,15,805,293,21,1,1120,0,0,0,1120
09/15/2015,EWR,NJ,AEA,EN,Towers with Radar,809,302,19,0,1130,0,7,31,0,38,809,309,50,0,1168,0,0,0,1168
09/16/2015,EWR,NJ,AEA,EN,Towers with Radar,846,342,17,0,1205,0,9,21,0,30,846,351,38,0,1235,0,0,0,1235
09/17/2015,EWR,NJ,AEA,EN,Towers with Radar,895,344,15,0,1254,0,9,18,2,29,895,353,33,2,1283,0,0,0,1283
09/18/2015,EWR,NJ,AEA,EN,Towers with Radar,882,335,10,0,1227,0,10,19,1,30,882,345,29,1,1257,0,0,0,1257
09/19/2015,EWR,NJ,AEA,EN,Towers with Radar,605,238,9,0,852,0,4,9,0,13,605,242,18,0,865,0,0,0,865
09/20/2015,EWR,NJ,AEA,EN,Towers with Radar,742,271,17,0,1030,0,2,19,0,21,742,273,36,0,1051,0,0,0,1051
09/21/2015,EWR,NJ,AEA,EN,Towers with Radar,828,310,20,0,1158,0,0,14,0,14,828,310,34,0,1172,0,0,0,1172
09/22/2015,EWR,NJ,AEA,EN,Towers with Radar,794,299,17,0,1110,0,4,14,0,18,794,303,31,0,1128,0,0,0,1128
09/23/2015,EWR,NJ,AEA,EN,Towers with Radar,801,307,9,0,1117,0,6,14,0,20,801,313,23,0,1137,0,0,0,1137
09/24/2015,EWR,NJ,AEA,EN,Towers with Radar,869,345,25,1,1240,0,6,22,0,28,869,351,47,1,1268,0,0,0,1268
09/25/2015,EWR,NJ,AEA,EN,Towers with Radar,875,348,18,0,1241,0,5,13,0,18,875,353,31,0,1259,0,0,0,1259
09/26/2015,EWR,NJ,AEA,EN,Towers with Radar,653,200,12,0,865,0,2,9,0,11,653,202,21,0,876,0,0,0,876
09/27/2015,EWR,NJ,AEA,EN,Towers with Radar,736,295,9,0,1040,0,0,17,0,17,736,295,26,0,1057,0,0,0,1057
09/28/2015,EWR,NJ,AEA,EN,Towers with Radar,850,330,18,0,1198,0,1,10,0,11,850,331,28,0,1209,0,0,0,1209
09/29/2015,EWR,NJ,AEA,EN,Towers with Radar,876,328,20,0,1224,0,10,8,0,18,876,338,28,0,1242,0,0,0,1242
09/30/2015,EWR,NJ,AEA,EN,Towers with Radar,859,329,21,1,1210,0,0,12,0,12,859,329,33,1,1222,0,0,0,1222
10/01/2015,EWR,NJ,AEA,EN,Towers with Radar,876,342,19,0,1237,0,5,28,0,33,876,347,47,0,1270,0,0,0,1270
10/02/2015,EWR,NJ,AEA,EN,Towers with Radar,801,270,10,0,1081,0,4,12,0,16,801,274,22,0,1097,0,0,0,1097
10/03/2015,EWR,NJ,AEA,EN,Towers with Radar,656,212,3,0,871,0,0,5,0,5,656,212,8,0,876,0,0,0,876
10/04/2015,EWR,NJ,AEA,EN,Towers with Radar,742,297,5,0,1044,0,2,10,0,12,742,299,15,0,1056,0,0,0,1056
10/05/2015,EWR,NJ,AEA,EN,Towers with Radar,826,329,10,0,1165,0,5,12,0,17,826,334,22,0,1182,0,0,0,1182
10/06/2015,EWR,NJ,AEA,EN,Towers with Radar,851,336,12,0,1199,0,8,18,0,26,851,344,30,0,1225,0,0,0,1225
10/07/2015,EWR,NJ,AEA,EN,Towers with Radar,849,357,16,0,1222,0,4,14,0,18,849,361,30,0,1240,0,0,0,1240
10/08/2015,EWR,NJ,AEA,EN,Towers with Radar,885,348,16,0,1249,0,9,23,0,32,885,357,39,0,1281,0,0,0,1281
10/09/2015,EWR,NJ,AEA,EN,Towers with Radar,831,305,14,0,1150,0,6,21,0,27,831,311,35,0,1177,0,0,0,1177
10/10/2015,EWR,NJ,AEA,EN,Towers with Radar,678,217,9,0,904,0,1,15,0,16,678,218,24,0,920,0,0,0,920
10/11/2015,EWR,NJ,AEA,EN,Towers with Radar,745,300,7,0,1052,0,3,17,0,20,745,303,24,0,1072,0,0,0,1072
10/12/2015,EWR,NJ,AEA,EN,Towers with Radar,835,348,19,0,1202,0,7,21,1,29,835,355,40,1,1231,0,0,0,1231
10/13/2015,EWR,NJ,AEA,EN,Towers with Radar,859,345,18,0,1222,1,5,13,0,19,860,350,31,0,1241,0,0,0,1241
10/14/2015,EWR,NJ,AEA,EN,Towers with Radar,861,352,16,0,1229,0,4,14,1,19,861,356,30,1,1248,0,0,0,1248
10/15/2015,EWR,NJ,AEA,EN,Towers with Radar,876,357,39,0,1272,0,9,20,4,33,876,366,59,4,1305,0,0,0,1305
10/16/2015,EWR,NJ,AEA,EN,Towers with Radar,857,361,19,0,1237,0,4,26,0,30,857,365,45,0,1267,0,0,0,1267
10/17/2015,EWR,NJ,AEA,EN,Towers with Radar,658,209,4,0,871,0,1,10,0,11,658,210,14,0,882,0,0,0,882
10/18/2015,EWR,NJ,AEA,EN,Towers with Radar,733,300,13,0,1046,0,1,14,0,15,733,301,27,0,1061,0,0,0,1061
10/19/2015,EWR,NJ,AEA,EN,Towers with Radar,829,337,11,0,1177,0,5,15,0,20,829,342,26,0,1197,0,0,0,1197
10/20/2015,EWR,NJ,AEA,EN,Towers with Radar,865,327,9,0,1201,1,7,12,0,20,866,334,21,0,1221,0,0,0,1221
10/21/2015,EWR,NJ,AEA,EN,Towers with Radar,861,338,13,4,1216,0,6,31,0,37,861,344,44,4,1253,0,0,0,1253
10/22/2015,EWR,NJ,AEA,EN,Towers with Radar,885,361,22,0,1268,0,5,23,0,28,885,366,45,0,1296,0,0,0,1296
10/23/2015,EWR,NJ,AEA,EN,Towers with Radar,859,357,16,0,1232,0,5,13,0,18,859,362,29,0,1250,0,0,0,1250
10/24/2015,EWR,NJ,AEA,EN,Towers with Radar,658,205,7,0,870,0,2,13,0,15,658,207,20,0,885,0,0,0,885
10/25/2015,EWR,NJ,AEA,EN,Towers with Radar,787,293,15,0,1095,0,3,14,0,17,787,296,29,0,1112,0,0,0,1112
10/26/2015,EWR,NJ,AEA,EN,Towers with Radar,856,336,15,0,1207,0,4,30,0,34,856,340,45,0,1241,0,0,0,1241
10/27/2015,EWR,NJ,AEA,EN,Towers with Radar,856,328,16,0,1200,0,6,16,0,22,856,334,32,0,1222,0,0,0,1222
10/28/2015,EWR,NJ,AEA,EN,Towers with Radar,811,273,18,1,1103,0,4,10,0,14,811,277,28,1,1117,0,0,0,1117
10/29/2015,EWR,NJ,AEA,EN,Towers with Radar,950,368,18,0,1336,0,6,31,0,37,950,374,49,0,1373,0,0,0,1373
10/30/2015,EWR,NJ,AEA,EN,Towers with Radar,877,364,7,3,1251,0,14,16,1,31,877,378,23,4,1282,0,0,0,1282
10/31/2015,EWR,NJ,AEA,EN,Towers with Radar,678,223,11,0,912,0,0,13,0,13,678,223,24,0,925,0,0,0,925
11/01/2015,EWR,NJ,AEA,EN,Towers with Radar,766,288,13,1,1068,0,2,13,0,15,766,290,26,1,1083,0,0,0,1083
11/02/2015,EWR,NJ,AEA,EN,Towers with Radar,856,325,8,3,1192,0,6,30,0,36,856,331,38,3,1228,0,0,0,1228
11/03/2015,EWR,NJ,AEA,EN,Towers with Radar,873,337,12,4,1226,0,9,18,2,29,873,346,30,6,1255,0,0,0,1255
11/04/2015,EWR,NJ,AEA,EN,Towers with Radar,866,338,20,3,1227,0,8,16,1,25,866,346,36,4,1252,0,0,0,1252
11/05/2015,EWR,NJ,AEA,EN,Towers with Radar,901,348,8,0,1257,0,0,6,0,6,901,348,14,0,1263,0,0,0,1263
11/06/2015,EWR,NJ,AEA,EN,Towers with Radar,888,356,19,0,1263,0,2,14,0,16,888,358,33,0,1279,0,0,0,1279
11/07/2015,EWR,NJ,AEA,EN,Towers with Radar,683,237,5,0,925,0,1,11,0,12,683,238,16,0,937,0,0,0,937
11/08/2015,EWR,NJ,AEA,EN,Towers with Radar,762,298,10,0,1070,1,8,20,0,29,763,306,30,0,1099,0,0,0,1099
11/09/2015,EWR,NJ,AEA,EN,Towers with Radar,852,338,8,0,1198,0,1,21,2,24,852,339,29,2,1222,0,0,0,1222
11/10/2015,EWR,NJ,AEA,EN,Towers with Radar,850,300,16,0,1166,0,4,8,0,12,850,304,24,0,1178,0,0,0,1178
11/11/2015,EWR,NJ,AEA,EN,Towers with Radar,870,346,9,0,1225,0,6,16,0,22,870,352,25,0,1247,0,0,0,1247
11/12/2015,EWR,NJ,AEA,EN,Towers with Radar,885,304,12,0,1201,0,4,11,0,15,885,308,23,0,1216,0,0,0,1216
11/13/2015,EWR,NJ,AEA,EN,Towers with Radar,893,361,13,0,1267,0,8,22,0,30,893,369,35,0,1297,0,0,0,1297
11/14/2015,EWR,NJ,AEA,EN,Towers with Radar,668,224,6,0,898,0,2,9,0,11,668,226,15,0,909,0,0,0,909
11/15/2015,EWR,NJ,AEA,EN,Towers with Radar,770,304,13,0,1087,0,0,15,0,15,770,304,28,0,1102,0,0,0,1102
11/16/2015,EWR,NJ,AEA,EN,Towers with Radar,856,330,16,2,1204,0,1,41,2,44,856,331,57,4,1248,0,0,0,1248
11/17/2015,EWR,NJ,AEA,EN,Towers with Radar,832,331,12,1,1176,0,10,40,6,56,832,341,52,7,1232,0,0,0,1232
11/18/2015,EWR,NJ,AEA,EN,Towers with Radar,858,341,21,1,1221,0,5,19,0,24,858,346,40,1,1245,0,0,0,1245
11/19/2015,EWR,NJ,AEA,EN,Towers with Radar,855,263,20,0,1138,0,4,10,0,14,855,267,30,0,1152,0,0,0,1152
11/20/2015,EWR,NJ,AEA,EN,Towers with Radar,911,374,20,0,1305,0,4,27,0,31,911,378,47,0,1336,0,0,0,1336
11/21/2015,EWR,NJ,AEA,EN,Towers with Radar,689,229,7,0,925,1,0,10,0,11,690,229,17,0,936,0,0,0,936
11/22/2015,EWR,NJ,AEA,EN,Towers with Radar,751,300,10,0,1061,0,0,6,0,6,751,300,16,0,1067,0,0,0,1067
11/23/2015,EWR,NJ,AEA,EN,Towers with Radar,749,293,7,0,1049,0,3,11,0,14,749,296,18,0,1063,0,0,0,1063
11/24/2015,EWR,NJ,AEA,EN,Towers with Radar,857,337,12,0,1206,0,4,35,0,39,857,341,47,0,1245,0,0,0,1245
11/25/2015,EWR,NJ,AEA,EN,Towers with Radar,881,368,20,0,1269,0,8,21,1,30,881,376,41,1,1299,0,0,0,1299
11/26/2015,EWR,NJ,AEA,EN,Towers with Radar,527,176,7,0,710,0,0,8,0,8,527,176,15,0,718,0,0,0,718
11/27/2015,EWR,NJ,AEA,EN,Towers with Radar,689,223,10,0,922,0,3,4,0,7,689,226,14,0,929,0,0,0,929
11/28/2015,EWR,NJ,AEA,EN,Towers with Radar,810,309,4,0,1123,0,0,12,0,12,810,309,16,0,1135,0,0,0,1135
11/29/2015,EWR,NJ,AEA,EN,Towers with Radar,889,314,12,0,1215,1,1,10,0,12,890,315,22,0,1227,0,0,0,1227
11/30/2015,EWR,NJ,AEA,EN,Towers with Radar,895,336,17,0,1248,0,2,9,0,11,895,338,26,0,1259,0,0,0,1259
12/01/2015,EWR,NJ,AEA,EN,Towers with Radar,874,305,11,0,1190,0,4,4,0,8,874,309,15,0,1198,0,0,0,1198
12/02/2015,EWR,NJ,AEA,EN,Towers with Radar,859,332,34,0,1225,0,0,0,0,0,859,332,34,0,1225,0,0,0,1225
12/03/2015,EWR,NJ,AEA,EN,Towers with Radar,904,387,27,2,1320,0,7,19,0,26,904,394,46,2,1346,0,0,0,1346
12/04/2015,EWR,NJ,AEA,EN,Towers with Radar,895,370,11,0,1276,0,4,30,1,35,895,374,41,1,1311,0,0,0,1311
12/05/2015,EWR,NJ,AEA,EN,Towers with Radar,640,193,11,0,844,0,6,11,0,17,640,199,22,0,861,0,0,0,861
12/06/2015,EWR,NJ,AEA,EN,Towers with Radar,718,261,10,0,989,0,2,26,0,28,718,263,36,0,1017,0,0,0,1017
12/07/2015,EWR,NJ,AEA,EN,Towers with Radar,837,352,13,0,1202,0,2,27,0,29,837,354,40,0,1231,0,0,0,1231
12/08/2015,EWR,NJ,AEA,EN,Towers with Radar,873,368,33,0,1274,0,4,23,3,30,873,372,56,3,1304,0,0,0,1304
12/09/2015,EWR,NJ,AEA,EN,Towers with Radar,894,381,28,0,1303,0,4,36,0,40,894,385,64,0,1343,0,0,0,1343
12/10/2015,EWR,NJ,AEA,EN,Towers with Radar,919,377,21,0,1317,0,6,21,1,28,919,383,42,1,1345,0,0,0,1345
12/11/2015,EWR,NJ,AEA,EN,Towers with Radar,886,374,17,2,1279,0,4,26,0,30,886,378,43,2,1309,0,0,0,1309
12/12/2015,EWR,NJ,AEA,EN,Towers with Radar,650,188,11,1,850,0,0,10,0,10,650,188,21,1,860,0,0,0,860
12/13/2015,EWR,NJ,AEA,EN,Towers with Radar,742,264,9,0,1015,0,0,9,0,9,742,264,18,0,1024,0,0,0,1024
12/14/2015,EWR,NJ,AEA,EN,Towers with Radar,825,318,18,0,1161,0,2,4,0,6,825,320,22,0,1167,0,0,0,1167
12/15/2015,EWR,NJ,AEA,EN,Towers with Radar,886,381,13,1,1281,0,9,14,4,27,886,390,27,5,1308,0,0,0,1308
12/16/2015,EWR,NJ,AEA,EN,Towers with Radar,917,384,12,0,1313,0,6,23,0,29,917,390,35,0,1342,0,0,0,1342
12/17/2015,EWR,NJ,AEA,EN,Towers with Radar,934,298,6,0,1238,0,8,0,0,8,934,306,6,0,1246,0,0,0,1246
12/18/2015,EWR,NJ,AEA,EN,Towers with Radar,924,362,13,0,1299,0,10,22,4,36,924,372,35,4,1335,0,0,0,1335
12/19/2015,EWR,NJ,AEA,EN,Towers with Radar,821,295,9,0,1125,0,3,7,0,10,821,298,16,0,1135,0,0,0,1135
12/20/2015,EWR,NJ,AEA,EN,Towers with Radar,843,317,2,0,1162,0,4,9,0,13,843,321,11,0,1175,0,0,0,1175
12/21/2015,EWR,NJ,AEA,EN,Towers with Radar,854,337,16,0,1207,0,5,15,0,20,854,342,31,0,1227,0,0,0,1227
12/22/2015,EWR,NJ,AEA,EN,Towers with Radar,913,326,10,0,1249,0,7,0,0,7,913,333,10,0,1256,0,0,0,1256
12/23/2015,EWR,NJ,AEA,EN,Towers with Radar,881,275,10,0,1166,0,0,0,0,0,881,275,10,0,1166,0,0,0,1166
12/24/2015,EWR,NJ,AEA,EN,Towers with Radar,773,207,6,0,986,0,2,1,0,3,773,209,7,0,989,0,0,0,989
12/25/2015,EWR,NJ,AEA,EN,Towers with Radar,670,158,4,0,832,0,0,2,0,2,670,158,6,0,834,0,0,0,834
12/26/2015,EWR,NJ,AEA,EN,Towers with Radar,739,286,6,0,1031,0,0,5,0,5,739,286,11,0,1036,0,0,0,1036
12/27/2015,EWR,NJ,AEA,EN,Towers with Radar,805,301,7,0,1113,0,0,2,0,2,805,301,9,0,1115,0,0,0,1115
12/28/2015,EWR,NJ,AEA,EN,Towers with Radar,762,294,11,0,1067,0,0,5,0,5,762,294,16,0,1072,0,0,0,1072
12/29/2015,EWR,NJ,AEA,EN,Towers with Radar,799,239,1,0,1039,0,4,0,0,4,799,243,1,0,1043,0,0,0,1043
12/30/2015,EWR,NJ,AEA,EN,Towers with Radar,830,363,8,0,1201,0,4,0,0,4,830,367,8,0,1205,0,0,0,1205
12/31/2015,EWR,NJ,AEA,EN,Towers with Radar,690,237,12,0,939,0,4,13,2,19,690,241,25,2,958,0,0,0,958
01/01/2016,EWR,NJ,AEA,EN,Towers with Radar,677,241,5,0,923,0,4,4,2,10,677,245,9,2,933,0,0,0,933
01/02/2016,EWR,NJ,AEA,EN,Towers with Radar,772,288,6,1,1067,0,0,7,0,7,772,288,13,1,1074,0,0,0,1074
01/03/2016,EWR,NJ,AEA,EN,Towers with Radar,807,317,11,0,1135,0,1,8,0,9,807,318,19,0,1144,0,0,0,1144
01/04/2016,EWR,NJ,AEA,EN,Towers with Radar,854,320,13,1,1188,0,2,9,0,11,854,322,22,1,1199,0,0,0,1199
01/05/2016,EWR,NJ,AEA,EN,Towers with Radar,877,287,3,0,1167,0,4,9,0,13,877,291,12,0,1180,0,0,0,1180
01/06/2016,EWR,NJ,AEA,EN,Towers with Radar,859,282,10,0,1151,0,4,13,0,17,859,286,23,0,1168,0,0,0,1168
01/07/2016,EWR,NJ,AEA,EN,Towers with Radar,871,296,9,0,1176,0,4,17,0,21,871,300,26,0,1197,0,0,0,1197
01/08/2016,EWR,NJ,AEA,EN,Towers with Radar,845,287,8,0,1140,0,4,18,0,22,845,291,26,0,1162,0,0,0,1162
01/09/2016,EWR,NJ,AEA,EN,Towers with Radar,654,165,8,0,827,0,0,7,0,7,654,165,15,0,834,0,0,0,834
01/10/2016,EWR,NJ,AEA,EN,Towers with Radar,722,224,12,0,958,0,0,3,0,3,722,224,15,0,961,0,0,0,961
01/11/2016,EWR,NJ,AEA,EN,Towers with Radar,828,271,8,1,1108,0,0,15,0,15,828,271,23,1,1123,0,0,0,1123
01/12/2016,EWR,NJ,AEA,EN,Towers with Radar,827,287,9,1,1124,0,5,7,0,12,827,292,16,1,1136,0,0,0,1136
01/13/2016,EWR,NJ,AEA,EN,Towers with Radar,833,293,15,0,1141,0,5,9,0,14,833,298,24,0,1155,0,0,0,1155
01/14/2016,EWR,NJ,AEA,EN,Towers with Radar,850,301,11,0,1162,0,6,25,1,32,850,307,36,1,1194,0,0,0,1194
01/15/2016,EWR,NJ,AEA,EN,Towers with Radar,849,289,13,0,1151,0,4,17,0,21,849,293,30,0,1172,0,0,0,1172
01/16/2016,EWR,NJ,AEA,EN,Towers with Radar,633,168,7,0,808,0,0,5,0,5,633,168,12,0,813,0,0,0,813
01/17/2016,EWR,NJ,AEA,EN,Towers with Radar,686,196,9,0,891,0,1,2,0,3,686,197,11,0,894,0,0,0,894
01/18/2016,EWR,NJ,AEA,EN,Towers with Radar,820,268,15,0,1103,0,2,16,0,18,820,270,31,0,1121,0,0,0,1121
01/19/2016,EWR,NJ,AEA,EN,Towers with Radar,826,293,14,0,1133,0,7,19,0,26,826,300,33,0,1159,0,0,0,1159
01/20/2016,EWR,NJ,AEA,EN,Towers with Radar,822,292,18,0,1132,0,6,7,0,13,822,298,25,0,1145,0,0,0,1145
01/21/2016,EWR,NJ,AEA,EN,Towers with Radar,851,294,17,0,1162,0,4,25,4,33,851,298,42,4,1195,0,0,0,1195
01/22/2016,EWR,NJ,AEA,EN,Towers with Radar,707,216,9,0,932,0,6,13,0,19,707,222,22,0,951,0,0,0,951
01/23/2016,EWR,NJ,AEA,EN,Towers with Radar,17,1,1,0,19,0,0,0,0,0,17,1,1,0,19,0,0,0,19
01/24/2016,EWR,NJ,AEA,EN,Towers with Radar,66,1,0,0,67,0,0,0,0,0,66,1,0,0,67,0,0,0,67
01/25/2016,EWR,NJ,AEA,EN,Towers with Radar,443,10,11,0,464,0,0,9,2,11,443,10,20,2,475,0,0,0,475
01/26/2016,EWR,NJ,AEA,EN,Towers with Radar,600,38,18,0,656,0,5,18,2,25,600,43,36,2,681,0,0,0,681
01/27/2016,EWR,NJ,AEA,EN,Towers with Radar,830,267,10,0,1107,0,6,17,0,23,830,273,27,0,1130,0,0,0,1130
01/28/2016,EWR,NJ,AEA,EN,Towers with Radar,864,296,11,0,1171,0,4,15,3,22,864,300,26,3,1193,0,0,0,1193
01/29/2016,EWR,NJ,AEA,EN,Towers with Radar,842,295,17,0,1154,0,4,19,0,23,842,299,36,0,1177,0,0,0,1177
01/30/2016,EWR,NJ,AEA,EN,Towers with Radar,653,166,7,0,826,0,0,12,8,20,653,166,19,8,846,0,0,0,846
01/31/2016,EWR,NJ,AEA,EN,Towers with Radar,725,234,17,0,976,0,3,14,2,19,725,237,31,2,995,0,0,0,995
02/01/2016,EWR,NJ,AEA,EN,Towers with Radar,813,267,8,0,1088,0,1,16,0,17,813,268,24,0,1105,0,0,0,1105
02/02/2016,EWR,NJ,AEA,EN,Towers with Radar,794,296,3,0,1093,1,8,16,0,25,795,304,19,0,1118,0,0,0,1118
02/03/2016,EWR,NJ,AEA,EN,Towers with Radar,786,273,3,0,1062,0,4,2,0,6,786,277,5,0,1068,0,0,0,1068
02/04/2016,EWR,NJ,AEA,EN,Towers with Radar,868,290,12,0,1170,0,2,20,0,22,868,292,32,0,1192,0,0,0,1192
02/05/2016,EWR,NJ,AEA,EN,Towers with Radar,796,226,9,0,1031,0,0,8,0,8,796,226,17,0,1039,0,0,0,1039
02/06/2016,EWR,NJ,AEA,EN,Towers with Radar,649,173,3,0,825,0,2,6,4,12,649,175,9,4,837,0,0,0,837
02/07/2016,EWR,NJ,AEA,EN,Towers with Radar,683,217,10,0,910,0,0,8,0,8,683,217,18,0,918,0,0,0,918
02/08/2016,EWR,NJ,AEA,EN,Towers with Radar,762,213,18,0,993,0,0,0,0,0,762,213,18,0,993,0,0,0,993
02/09/2016,EWR,NJ,AEA,EN,Towers with Radar,800,275,18,0,1093,0,6,6,0,12,800,281,24,0,1105,0,0,0,1105
02/10/2016,EWR,NJ,AEA,EN,Towers with Radar,823,289,9,0,1121,0,0,8,0,8,823,289,17,0,1129,0,0,0,1129
02/11/2016,EWR,NJ,AEA,EN,Towers with Radar,872,310,8,0,1190,0,6,22,0,28,872,316,30,0,1218,0,0,0,1218
02/12/2016,EWR,NJ,AEA,EN,Towers with Radar,905,345,21,0,1271,0,3,26,0,29,905,348,47,0,1300,0,0,0,1300
02/13/2016,EWR,NJ,AEA,EN,Towers with Radar,684,221,10,0,915,0,2,0,0,2,684,223,10,0,917,0,0,0,917
02/14/2016,EWR,NJ,AEA,EN,Towers with Radar,718,252,8,0,978,0,0,3,0,3,718,252,11,0,981,0,0,0,981
02/15/2016,EWR,NJ,AEA,EN,Towers with Radar,690,188,24,0,902,0,0,3,0,3,690,188,27,0,905,0,0,0,905
02/16/2016,EWR,NJ,AEA,EN,Towers with Radar,855,244,22,0,1121,0,4,2,0,6,855,248,24,0,1127,0,0,0,1127
02/17/2016,EWR,NJ,AEA,EN,Towers with Radar,857,328,15,0,1200,0,6,19,2,27,857,334,34,2,1227,0,0,0,1227
02/18/2016,EWR,NJ,AEA,EN,Towers with Radar,887,322,9,0,1218,0,4,15,0,19,887,326,24,0,1237,0,0,0,1237
02/19/2016,EWR,NJ,AEA,EN,Towers with Radar,879,327,13,0,1219,0,7,16,1,24,879,334,29,1,1243,0,0,0,1243
02/20/2016,EWR,NJ,AEA,EN,Towers with Radar,696,227,7,0,930,0,2,26,0,28,696,229,33,0,958,0,0,0,958
02/21/2016,EWR,NJ,AEA,EN,Towers with Radar,773,275,23,0,1071,0,2,10,2,14,773,277,33,2,1085,0,0,0,1085
02/22/2016,EWR,NJ,AEA,EN,Towers with Radar,852,305,9,0,1166,0,4,21,5,30,852,309,30,5,1196,0,0,0,1196
02/23/2016,EWR,NJ,AEA,EN,Towers with Radar,835,284,18,0,1137,0,4,5,0,9,835,288,23,0,1146,0,0,0,1146
02/24/2016,EWR,NJ,AEA,EN,Towers with Radar,711,222,16,0,949,0,0,0,0,0,711,222,16,0,949,0,0,0,949
02/25/2016,EWR,NJ,AEA,EN,Towers with Radar,931,312,9,0,1252,0,4,9,0,13,931,316,18,0,1265,0,0,0,1265
02/26/2016,EWR,NJ,AEA,EN,Towers with Radar,899,329,14,0,1242,0,4,14,0,18,899,333,28,0,1260,0,0,0,1260
02/27/2016,EWR,NJ,AEA,EN,Towers with Radar,692,225,8,0,925,0,2,15,0,17,692,227,23,0,942,0,0,0,942
02/28/2016,EWR,NJ,AEA,EN,Towers with Radar,780,267,17,0,1064,0,1,9,0,10,780,268,26,0,1074,0,0,0,1074
02/29/2016,EWR,NJ,AEA,EN,Towers with Radar,848,314,7,0,1169,0,2,12,0,14,848,316,19,0,1183,0,0,0,1183
03/01/2016,EWR,NJ,AEA,EN,Towers with Radar,828,312,4,0,1144,0,4,22,0,26,828,316,26,0,1170,0,0,0,1170
03/02/2016,EWR,NJ,AEA,EN,Towers with Radar,854,332,8,0,1194,0,4,28,0,32,854,336,36,0,1226,0,0,0,1226
03/03/2016,EWR,NJ,AEA,EN,Towers with Radar,879,330,9,0,1218,0,4,25,0,29,879,334,34,0,1247,0,0,0,1247
03/04/2016,EWR,NJ,AEA,EN,Towers with Radar,862,296,17,0,1175,0,0,13,2,15,862,296,30,2,1190,0,0,0,1190
03/05/2016,EWR,NJ,AEA,EN,Towers with Radar,743,244,7,0,994,0,0,9,4,13,743,244,16,4,1007,0,0,0,1007
03/06/2016,EWR,NJ,AEA,EN,Towers with Radar,802,258,4,0,1064,0,0,9,0,9,802,258,13,0,1073,0,0,0,1073
03/07/2016,EWR,NJ,AEA,EN,Towers with Radar,840,318,13,0,1171,0,0,27,2,29,840,318,40,2,1200,0,0,0,1200
03/08/2016,EWR,NJ,AEA,EN,Towers with Radar,858,339,18,0,1215,0,7,25,0,32,858,346,43,0,1247,0,0,0,1247
03/09/2016,EWR,NJ,AEA,EN,Towers with Radar,853,324,27,2,1206,0,6,26,2,34,853,330,53,4,1240,0,0,0,1240
03/10/2016,EWR,NJ,AEA,EN,Towers with Radar,865,336,19,0,1220,0,9,32,0,41,865,345,51,0,1261,0,0,0,1261
03/11/2016,EWR,NJ,AEA,EN,Towers with Radar,883,321,8,0,1212,0,3,36,1,40,883,324,44,1,1252,0,0,0,1252
03/12/2016,EWR,NJ,AEA,EN,Towers with Radar,723,248,7,0,978,0,1,6,0,7,723,249,13,0,985,0,0,0,985
03/13/2016,EWR,NJ,AEA,EN,Towers with Radar,790,277,13,0,1080,1,2,8,0,11,791,279,21,0,1091,0,0,0,1091
03/14/2016,EWR,NJ,AEA,EN,Towers with Radar,822,283,13,0,1118,0,0,4,0,4,822,283,17,0,1122,0,0,0,1122
03/15/2016,EWR,NJ,AEA,EN,Towers with Radar,880,338,24,0,1242,1,4,8,0,13,881,342,32,0,1255,0,0,0,1255
03/16/2016,EWR,NJ,AEA,EN,Towers with Radar,864,323,20,0,1207,0,5,16,0,21,864,328,36,0,1228,0,0,0,1228
03/17/2016,EWR,NJ,AEA,EN,Towers with Radar,878,330,13,0,1221,0,6,23,0,29,878,336,36,0,1250,0,0,0,1250
03/18/2016,EWR,NJ,AEA,EN,Towers with Radar,903,344,12,0,1259,0,8,13,0,21,903,352,25,0,1280,0,0,0,1280
03/19/2016,EWR,NJ,AEA,EN,Towers with Radar,739,265,5,0,1009,0,0,13,2,15,739,265,18,2,1024,0,0,0,1024
03/20/2016,EWR,NJ,AEA,EN,Towers with Radar,789,297,12,0,1098,0,2,4,0,6,789,299,16,0,1104,0,0,0,1104
03/21/2016,EWR,NJ,AEA,EN,Towers with Radar,860,306,12,2,1180,0,0,9,0,9,860,306,21,2,1189,0,0,0,1189
03/22/2016,EWR,NJ,AEA,EN,Towers with Radar,872,336,10,0,1218,0,4,16,1,21,872,340,26,1,1239,0,0,0,1239
03/23/2016,EWR,NJ,AEA,EN,Towers with Radar,854,330,9,0,1193,0,8,16,0,24,854,338,25,0,1217,0,0,0,1217
03/24/2016,EWR,NJ,AEA,EN,Towers with Radar,885,337,11,0,1233,0,6,18,0,24,885,343,29,0,1257,0,0,0,1257
03/25/2016,EWR,NJ,AEA,EN,Towers with Radar,878,336,3,0,1217,0,5,14,4,23,878,341,17,4,1240,0,0,0,1240
03/26/2016,EWR,NJ,AEA,EN,Towers with Radar,757,232,3,0,992,0,1,6,1,8,757,233,9,1,1000,0,0,0,1000
03/27/2016,EWR,NJ,AEA,EN,Towers with Radar,833,263,3,0,1099,0,0,10,2,12,833,263,13,2,1111,0,0,0,1111
03/28/2016,EWR,NJ,AEA,EN,Towers with Radar,845,304,7,0,1156,0,0,3,0,3,845,304,10,0,1159,0,0,0,1159
03/29/2016,EWR,NJ,AEA,EN,Towers with Radar,893,339,13,0,1245,0,4,15,0,19,893,343,28,0,1264,0,0,0,1264
03/30/2016,EWR,NJ,AEA,EN,Towers with Radar,870,336,10,0,1216,0,6,16,0,22,870,342,26,0,1238,0,0,0,1238
03/31/2016,EWR,NJ,AEA,EN,Towers with Radar,895,337,3,0,1235,0,9,16,0,25,895,346,19,0,1260,0,0,0,1260
04/01/2016,EWR,NJ,AEA,EN,Towers with Radar,883,304,2,0,1189,0,1,11,0,12,883,305,13,0,1201,0,0,0,1201
04/02/2016,EWR,NJ,AEA,EN,Towers with Radar,766,235,8,0,1009,0,2,6,0,8,766,237,14,0,1017,0,0,0,1017
04/03/2016,EWR,NJ,AEA,EN,Towers with Radar,789,205,18,0,1012,0,0,7,0,7,789,205,25,0,1019,0,0,0,1019
04/04/2016,EWR,NJ,AEA,EN,Towers with Radar,813,307,8,0,1128,0,0,10,0,10,813,307,18,0,1138,0,0,0,1138
04/05/2016,EWR,NJ,AEA,EN,Towers with Radar,897,342,13,0,1252,0,4,19,0,23,897,346,32,0,1275,0,0,0,1275
04/06/2016,EWR,NJ,AEA,EN,Towers with Radar,903,332,10,0,1245,0,9,20,0,29,903,341,30,0,1274,0,0,0,1274
04/07/2016,EWR,NJ,AEA,EN,Towers with Radar,907,304,6,2,1219,0,1,10,3,14,907,305,16,5,1233,0,0,0,1233
04/08/2016,EWR,NJ,AEA,EN,Towers with Radar,910,342,8,0,1260,0,9,19,4,32,910,351,27,4,1292,0,0,0,1292
04/09/2016,EWR,NJ,AEA,EN,Towers with Radar,738,231,8,0,977,0,0,6,4,10,738,231,14,4,987,0,0,0,987
04/10/2016,EWR,NJ,AEA,EN,Towers with Radar,805,275,13,0,1093,0,1,7,0,8,805,276,20,0,1101,0,0,0,1101
04/11/2016,EWR,NJ,AEA,EN,Towers with Radar,870,337,8,1,1216,0,1,11,1,13,870,338,19,2,1229,0,0,0,1229
04/12/2016,EWR,NJ,AEA,EN,Towers with Radar,898,345,20,0,1263,0,4,18,6,28,898,349,38,6,1291,0,0,0,1291
04/13/2016,EWR,NJ,AEA,EN,Towers with Radar,898,342,13,0,1253,0,8,16,6,30,898,350,29,6,1283,0,0,0,1283
04/14/2016,EWR,NJ,AEA,EN,Towers with Radar,920,358,9,0,1287,0,7,23,0,30,920,365,32,0,1317,0,0,0,1317
04/15/2016,EWR,NJ,AEA,EN,Towers with Radar,908,347,6,0,1261,0,6,18,6,30,908,353,24,6,1291,0,0,0,1291
04/16/2016,EWR,NJ,AEA,EN,Towers with Radar,751,243,10,0,1004,0,0,16,8,24,751,243,26,8,1028,0,0,0,1028
04/17/2016,EWR,NJ,AEA,EN,Towers with Radar,792,295,8,0,1095,0,1,12,10,23,792,296,20,10,1118,0,0,0,1118
04/18/2016,EWR,NJ,AEA,EN,Towers with Radar,874,323,4,0,1201,1,0,15,3,19,875,323,19,3,1220,0,0,0,1220
04/19/2016,EWR,NJ,AEA,EN,Towers with Radar,908,338,18,0,1264,0,5,13,5,23,908,343,31,5,1287,0,0,0,1287
04/20/2016,EWR,NJ,AEA,EN,Towers with Radar,889,346,18,2,1255,1,8,19,4,32,890,354,37,6,1287,0,0,0,1287
04/21/2016,EWR,NJ,AEA,EN,Towers with Radar,931,353,12,1,1297,0,4,27,1,32,931,357,39,2,1329,0,0,0,1329
04/22/2016,EWR,NJ,AEA,EN,Towers with Radar,929,343,10,0,1282,0,4,26,0,30,929,347,36,0,1312,0,0,0,1312
04/23/2016,EWR,NJ,AEA,EN,Towers with Radar,742,245,9,3,999,0,0,5,13,18,742,245,14,16,1017,0,0,0,1017
04/24/2016,EWR,NJ,AEA,EN,Towers with Radar,794,289,10,0,1093,0,3,14,9,26,794,292,24,9,1119,0,0,0,1119
04/25/2016,EWR,NJ,AEA,EN,Towers with Radar,893,329,7,0,1229,0,2,20,0,22,893,331,27,0,1251,0,0,0,1251
04/26/2016,EWR,NJ,AEA,EN,Towers with Radar,886,328,20,0,1234,0,2,36,1,39,886,330,56,1,1273,0,0,0,1273
04/27/2016,EWR,NJ,AEA,EN,Towers with Radar,895,343,30,0,1268,0,6,17,1,24,895,349,47,1,1292,0,0,0,1292
04/28/2016,EWR,NJ,AEA,EN,Towers with Radar,930,346,15,0,1291,0,3,23,1,27,930,349,38,1,1318,0,0,0,1318
04/29/2016,EWR,NJ,AEA,EN,Towers with Radar,924,351,8,0,1283,0,9,18,2,29,924,360,26,2,1312,0,0,0,1312
04/30/2016,EWR,NJ,AEA,EN,Towers with Radar,750,246,8,0,1004,1,5,6,8,20,751,251,14,8,1024,0,0,0,1024
05/01/2016,EWR,NJ,AEA,EN,Towers with Radar,806,277,13,0,1096,0,0,8,0,8,806,277,21,0,1104,0,0,0,1104
05/02/2016,EWR,NJ,AEA,EN,Towers with Radar,882,330,19,0,1231,0,0,6,0,6,882,330,25,0,1237,0,0,0,1237
05/03/2016,EWR,NJ,AEA,EN,Towers with Radar,912,339,16,0,1267,0,2,6,0,8,912,341,22,0,1275,0,0,0,1275
05/04/2016,EWR,NJ,AEA,EN,Towers with Radar,897,337,22,0,1256,0,6,4,0,10,897,343,26,0,1266,0,0,0,1266
05/05/2016,EWR,NJ,AEA,EN,Towers with Radar,933,319,15,0,1267,0,5,19,0,24,933,324,34,0,1291,0,0,0,1291
05/06/2016,EWR,NJ,AEA,EN,Towers with Radar,901,279,16,1,1197,0,6,10,0,16,901,285,26,1,1213,0,0,0,1213
05/07/2016,EWR,NJ,AEA,EN,Towers with Radar,747,220,7,0,974,0,0,6,0,6,747,220,13,0,980,0,0,0,980
05/08/2016,EWR,NJ,AEA,EN,Towers with Radar,788,249,9,1,1047,0,0,10,0,10,788,249,19,1,1057,0,0,0,1057
05/09/2016,EWR,NJ,AEA,EN,Towers with Radar,890,285,10,0,1185,1,1,24,2,28,891,286,34,2,1213,0,0,0,1213
05/10/2016,EWR,NJ,AEA,EN,Towers with Radar,936,320,10,1,1267,0,5,21,0,26,936,325,31,1,1293,0,0,0,1293
05/11/2016,EWR,NJ,AEA,EN,Towers with Radar,917,319,16,0,1252,0,7,21,6,34,917,326,37,6,1286,0,0,0,1286
05/12/2016,EWR,NJ,AEA,EN,Towers with Radar,935,310,16,5,1266,0,7,34,8,49,935,317,50,13,1315,0,0,0,1315
05/13/2016,EWR,NJ,AEA,EN,Towers with Radar,913,310,15,0,1238,0,4,14,0,18,913,314,29,0,1256,0,0,0,1256
05/14/2016,EWR,NJ,AEA,EN,Towers with Radar,721,216,9,2,948,0,3,10,0,13,721,219,19,2,961,0,0,0,961
05/15/2016,EWR,NJ,AEA,EN,Towers with Radar,791,256,14,7,1068,0,5,16,0,21,791,261,30,7,1089,0,0,0,1089
05/16/2016,EWR,NJ,AEA,EN,Towers with Radar,889,300,19,2,1210,1,4,19,8,32,890,304,38,10,1242,0,0,0,1242
05/17/2016,EWR,NJ,AEA,EN,Towers with Radar,929,307,14,0,1250,0,2,18,0,20,929,309,32,0,1270,0,0,0,1270
05/18/2016,EWR,NJ,AEA,EN,Towers with Radar,921,310,33,0,1264,0,4,24,0,28,921,314,57,0,1292,0,0,0,1292
05/19/2016,EWR,NJ,AEA,EN,Towers with Radar,937,310,19,0,1266,0,6,25,2,33,937,316,44,2,1299,0,0,0,1299
05/20/2016,EWR,NJ,AEA,EN,Towers with Radar,911,307,13,3,1234,0,5,22,0,27,911,312,35,3,1261,0,0,0,1261
05/21/2016,EWR,NJ,AEA,EN,Towers with Radar,707,226,12,0,945,0,4,8,0,12,707,230,20,0,957,0,0,0,957
05/22/2016,EWR,NJ,AEA,EN,Towers with Radar,784,262,14,3,1063,0,1,13,4,18,784,263,27,7,1081,0,0,0,1081
05/23/2016,EWR,NJ,AEA,EN,Towers with Radar,897,289,17,0,1203,0,0,19,1,20,897,289,36,1,1223,0,0,0,1223
05/24/2016,EWR,NJ,AEA,EN,Towers with Radar,933,303,17,0,1253,0,5,20,2,27,933,308,37,2,1280,0,0,0,1280
05/25/2016,EWR,NJ,AEA,EN,Towers with Radar,929,309,19,0,1257,0,9,24,0,33,929,318,43,0,1290,0,0,0,1290
05/26/2016,EWR,NJ,AEA,EN,Towers with Radar,926,322,28,0,1276,0,6,20,0,26,926,328,48,0,1302,0,0,0,1302
05/27/2016,EWR,NJ,AEA,EN,Towers with Radar,909,314,10,0,1233,0,3,21,2,26,909,317,31,2,1259,0,0,0,1259
05/28/2016,EWR,NJ,AEA,EN,Towers with Radar,684,195,9,0,888,0,0,9,2,11,684,195,18,2,899,0,0,0,899
05/29/2016,EWR,NJ,AEA,EN,Towers with Radar,674,174,8,1,857,0,0,16,9,25,674,174,24,10,882,0,0,0,882
05/30/2016,EWR,NJ,AEA,EN,Towers with Radar,793,255,16,0,1064,0,0,4,0,4,793,255,20,0,1068,0,0,0,1068
05/31/2016,EWR,NJ,AEA,EN,Towers with Radar,878,288,20,1,1187,0,2,21,2,25,878,290,41,3,1212,0,0,0,1212
06/01/2016,EWR,NJ,AEA,EN,Towers with Radar,943,320,23,1,1287,0,3,20,2,25,943,323,43,3,1312,0,0,0,1312
06/02/2016,EWR,NJ,AEA,EN,Towers with Radar,946,315,17,0,1278,0,6,27,0,33,946,321,44,0,1311,0,0,0,1311
06/03/2016,EWR,NJ,AEA,EN,Towers with Radar,941,308,22,1,1272,0,4,23,0,27,941,312,45,1,1299,0,0,0,1299
06/04/2016,EWR,NJ,AEA,EN,Towers with Radar,741,220,8,0,969,0,2,16,8,26,741,222,24,8,995,0,0,0,995
06/05/2016,EWR,NJ,AEA,EN,Towers with Radar,753,217,7,0,977,0,0,5,0,5,753,217,12,0,982,0,0,0,982
06/06/2016,EWR,NJ,AEA,EN,Towers with Radar,971,318,7,0,1296,0,0,19,0,19,971,318,26,0,1315,0,0,0,1315
06/07/2016,EWR,NJ,AEA,EN,Towers with Radar,924,277,14,2,1217,0,4,18,1,23,924,281,32,3,1240,0,0,0,1240
06/08/2016,EWR,NJ,AEA,EN,Towers with Radar,934,271,18,0,1223,0,4,14,0,18,934,275,32,0,1241,0,0,0,1241
06/09/2016,EWR,NJ,AEA,EN,Towers with Radar,930,364,15,1,1310,0,6,29,0,35,930,370,44,1,1345,0,0,0,1345
06/10/2016,EWR,NJ,AEA,EN,Towers with Radar,904,357,21,0,1282,0,5,28,2,35,904,362,49,2,1317,0,0,0,1317
06/11/2016,EWR,NJ,AEA,EN,Towers with Radar,781,240,11,0,1032,1,2,21,3,27,782,242,32,3,1059,0,0,0,1059
06/12/2016,EWR,NJ,AEA,EN,Towers with Radar,813,264,20,0,1097,1,0,19,2,22,814,264,39,2,1119,0,0,0,1119
06/13/2016,EWR,NJ,AEA,EN,Towers with Radar,878,337,13,0,1228,0,0,11,0,11,878,337,24,0,1239,0,0,0,1239
06/14/2016,EWR,NJ,AEA,EN,Towers with Radar,911,361,13,0,1285,0,4,30,0,34,911,365,43,0,1319,0,0,0,1319
06/15/2016,EWR,NJ,AEA,EN,Towers with Radar,914,364,19,0,1297,0,10,12,0,22,914,374,31,0,1319,0,0,0,1319
06/16/2016,EWR,NJ,AEA,EN,Towers with Radar,895,299,12,0,1206,0,6,21,2,29,895,305,33,2,1235,0,0,0,1235
06/17/2016,EWR,NJ,AEA,EN,Towers with Radar,928,357,29,0,1314,1,4,22,4,31,929,361,51,4,1345,0,0,0,1345
06/18/2016,EWR,NJ,AEA,EN,Towers with Radar,783,237,16,1,1037,0,1,9,8,18,783,238,25,9,1055,0,0,0,1055
06/19/2016,EWR,NJ,AEA,EN,Towers with Radar,839,273,14,1,1127,0,2,20,4,26,839,275,34,5,1153,0,0,0,1153
06/20/2016,EWR,NJ,AEA,EN,Towers with Radar,887,338,16,0,1241,0,4,24,0,28,887,342,40,0,1269,0,0,0,1269
06/21/2016,EWR,NJ,AEA,EN,Towers with Radar,909,323,19,1,1252,0,5,15,3,23,909,328,34,4,1275,0,0,0,1275
06/22/2016,EWR,NJ,AEA,EN,Towers with Radar,931,365,13,0,1309,0,9,26,0,35,931,374,39,0,1344,0,0,0,1344
06/23/2016,EWR,NJ,AEA,EN,Towers with Radar,880,279,12,0,1171,0,4,29,0,33,880,283,41,0,1204,0,0,0,1204
06/24/2016,EWR,NJ,AEA,EN,Towers with Radar,952,358,16,0,1326,0,4,21,0,25,952,362,37,0,1351,0,0,0,1351
06/25/2016,EWR,NJ,AEA,EN,Towers with Radar,779,244,25,0,1048,0,0,18,4,22,779,244,43,4,1070,0,0,0,1070
06/26/2016,EWR,NJ,AEA,EN,Towers with Radar,839,266,27,0,1132,0,0,22,1,23,839,266,49,1,1155,0,0,0,1155
06/27/2016,EWR,NJ,AEA,EN,Towers with Radar,885,343,18,0,1246,0,5,27,0,32,885,348,45,0,1278,0,0,0,1278
06/28/2016,EWR,NJ,AEA,EN,Towers with Radar,780,251,20,1,1052,0,8,22,0,30,780,259,42,1,1082,0,0,0,1082
06/29/2016,EWR,NJ,AEA,EN,Towers with Radar,993,358,24,0,1375,0,8,23,2,33,993,366,47,2,1408,0,0,0,1408
06/30/2016,EWR,NJ,AEA,EN,Towers with Radar,926,368,19,0,1313,0,5,33,2,40,926,373,52,2,1353,0,0,0,1353
07/01/2016,EWR,NJ,AEA,EN,Towers with Radar,747,233,7,0,987,0,4,42,0,46,747,237,49,0,1033,0,0,0,1033
07/02/2016,EWR,NJ,AEA,EN,Towers with Radar,843,283,9,0,1135,0,0,35,0,35,843,283,44,0,1170,0,0,0,1170
07/03/2016,EWR,NJ,AEA,EN,Towers with Radar,713,239,6,0,958,0,10,5,0,15,713,249,11,0,973,0,0,0,973
07/04/2016,EWR,NJ,AEA,EN,Towers with Radar,749,270,7,0,1026,0,2,18,0,20,749,272,25,0,1046,0,0,0,1046
07/05/2016,EWR,NJ,AEA,EN,Towers with Radar,887,363,8,0,1258,0,3,20,0,23,887,366,28,0,1281,0,0,0,1281
07/06/2016,EWR,NJ,AEA,EN,Towers with Radar,928,375,6,0,1309,0,5,30,0,35,928,380,36,0,1344,0,0,0,1344
07/07/2016,EWR,NJ,AEA,EN,Towers with Radar,914,336,9,0,1259,0,17,16,0,33,914,353,25,0,1292,0,0,0,1292
07/08/2016,EWR,NJ,AEA,EN,Towers with Radar,815,269,7,0,1091,0,8,24,0,32,815,277,31,0,1123,0,0,0,1123
07/09/2016,EWR,NJ,AEA,EN,Towers with Radar,810,274,11,0,1095,0,3,15,0,18,810,277,26,0,1113,0,0,0,1113
07/10/2016,EWR,NJ,AEA,EN,Towers with Radar,893,321,6,0,1220,0,0,14,0,14,893,321,20,0,1234,0,0,0,1234
07/11/2016,EWR,NJ,AEA,EN,Towers with Radar,882,360,13,0,1255,0,4,34,0,38,882,364,47,0,1293,0,0,0,1293
07/12/2016,EWR,NJ,AEA,EN,Towers with Radar,953,390,8,0,1351,0,10,24,0,34,953,400,32,0,1385,0,0,0,1385
07/13/2016,EWR,NJ,AEA,EN,Towers with Radar,845,293,22,0,1160,0,5,30,1,36,845,298,52,1,1196,0,0,0,1196
07/14/2016,EWR,NJ,AEA,EN,Towers with Radar,890,286,19,0,1195,0,6,31,0,37,890,292,50,0,1232,0,0,0,1232
07/15/2016,EWR,NJ,AEA,EN,Towers with Radar,930,390,14,0,1334,0,2,30,2,34,930,392,44,2,1368,0,0,0,1368
07/16/2016,EWR,NJ,AEA,EN,Towers with Radar,802,261,9,0,1072,0,1,22,0,23,802,262,31,0,1095,0,0,0,1095
07/17/2016,EWR,NJ,AEA,EN,Towers with Radar,872,321,16,0,1209,0,1,19,0,20,872,322,35,0,1229,0,0,0,1229
07/18/2016,EWR,NJ,AEA,EN,Towers with Radar,833,247,9,0,1089,0,8,21,0,29,833,255,30,0,1118,0,0,0,1118
07/19/2016,EWR,NJ,AEA,EN,Towers with Radar,946,369,15,0,1330,0,6,31,4,41,946,375,46,4,1371,0,0,0,1371
07/20/2016,EWR,NJ,AEA,EN,Towers with Radar,934,388,11,0,1333,0,5,22,0,27,934,393,33,0,1360,0,0,0,1360
07/21/2016,EWR,NJ,AEA,EN,Towers with Radar,927,396,10,0,1333,0,6,23,2,31,927,402,33,2,1364,0,0,0,1364
07/22/2016,EWR,NJ,AEA,EN,Towers with Radar,925,374,6,0,1305,0,5,27,0,32,925,379,33,0,1337,0,0,0,1337
07/23/2016,EWR,NJ,AEA,EN,Towers with Radar,798,273,7,0,1078,0,5,4,0,9,798,278,11,0,1087,0,0,0,1087
07/24/2016,EWR,NJ,AEA,EN,Towers with Radar,858,331,11,0,1200,0,12,18,0,30,858,343,29,0,1230,0,0,0,1230
07/25/2016,EWR,NJ,AEA,EN,Towers with Radar,657,205,11,0,873,0,0,23,0,23,657,205,34,0,896,0,0,0,896
07/26/2016,EWR,NJ,AEA,EN,Towers with Radar,1005,361,10,0,1376,0,6,31,2,39,1005,367,41,2,1415,0,0,0,1415
07/27/2016,EWR,NJ,AEA,EN,Towers with Radar,927,377,15,0,1319,0,8,30,0,38,927,385,45,0,1357,0,0,0,1357
07/28/2016,EWR,NJ,AEA,EN,Towers with Radar,871,309,13,0,1193,0,3,29,4,36,871,312,42,4,1229,0,0,0,1229
07/29/2016,EWR,NJ,AEA,EN,Towers with Radar,921,351,8,0,1280,0,6,26,0,32,921,357,34,0,1312,0,0,0,1312
07/30/2016,EWR,NJ,AEA,EN,Towers with Radar,720,168,9,1,898,0,0,12,0,12,720,168,21,1,910,0,0,0,910
07/31/2016,EWR,NJ,AEA,EN,Towers with Radar,803,241,11,1,1056,0,9,15,0,24,803,250,26,1,1080,0,0,0,1080
08/01/2016,EWR,NJ,AEA,EN,Towers with Radar,898,301,12,0,1211,0,0,13,0,13,898,301,25,0,1224,0,0,0,1224
08/02/2016,EWR,NJ,AEA,EN,Towers with Radar,958,381,5,0,1344,0,5,31,0,36,958,386,36,0,1380,0,0,0,1380
08/03/2016,EWR,NJ,AEA,EN,Towers with Radar,941,383,14,0,1338,0,8,35,2,45,941,391,49,2,1383,0,0,0,1383
08/04/2016,EWR,NJ,AEA,EN,Towers with Radar,932,391,5,0,1328,0,7,43,0,50,932,398,48,0,1378,0,0,0,1378
08/05/2016,EWR,NJ,AEA,EN,Towers with Radar,931,379,17,2,1329,0,7,35,9,51,931,386,52,11,1380,0,0,0,1380
08/06/2016,EWR,NJ,AEA,EN,Towers with Radar,783,259,8,0,1050,0,1,12,2,15,783,260,20,2,1065,0,0,0,1065
08/07/2016,EWR,NJ,AEA,EN,Towers with Radar,864,310,6,0,1180,0,0,20,3,23,864,310,26,3,1203,0,0,0,1203
08/08/2016,EWR,NJ,AEA,EN,Towers with Radar,876,369,10,1,1256,0,2,18,0,20,876,371,28,1,1276,0,0,0,1276
08/09/2016,EWR,NJ,AEA,EN,Towers with Radar,915,380,6,1,1302,0,3,28,0,31,915,383,34,1,1333,0,0,0,1333
08/10/2016,EWR,NJ,AEA,EN,Towers with Radar,874,291,8,0,1173,0,6,18,1,25,874,297,26,1,1198,0,0,0,1198
08/11/2016,EWR,NJ,AEA,EN,Towers with Radar,854,285,7,2,1148,0,10,35,2,47,854,295,42,4,1195,0,0,0,1195
08/12/2016,EWR,NJ,AEA,EN,Towers with Radar,860,262,7,0,1129,0,6,24,2,32,860,268,31,2,1161,0,0,0,1161
08/13/2016,EWR,NJ,AEA,EN,Towers with Radar,818,263,7,0,1088,0,0,9,0,9,818,263,16,0,1097,0,0,0,1097
08/14/2016,EWR,NJ,AEA,EN,Towers with Radar,837,275,11,0,1123,0,2,22,0,24,837,277,33,0,1147,0,0,0,1147
08/15/2016,EWR,NJ,AEA,EN,Towers with Radar,908,341,10,0,1259,0,2,31,4,37,908,343,41,4,1296,0,0,0,1296
08/16/2016,EWR,NJ,AEA,EN,Towers with Radar,882,294,10,0,1186,0,5,24,2,31,882,299,34,2,1217,0,0,0,1217
08/17/2016,EWR,NJ,AEA,EN,Towers with Radar,956,367,8,0,1331,0,6,35,0,41,956,373,43,0,1372,0,0,0,1372
08/18/2016,EWR,NJ,AEA,EN,Towers with Radar,899,405,14,1,1319,0,6,29,0,35,899,411,43,1,1354,0,0,0,1354
08/19/2016,EWR,NJ,AEA,EN,Towers with Radar,872,398,12,0,1282,0,9,38,0,47,872,407,50,0,1329,0,0,0,1329
08/20/2016,EWR,NJ,AEA,EN,Towers with Radar,754,296,10,0,1060,0,2,8,0,10,754,298,18,0,1070,0,0,0,1070
08/21/2016,EWR,NJ,AEA,EN,Towers with Radar,764,232,14,0,1010,0,4,19,4,27,764,236,33,4,1037,0,0,0,1037
08/22/2016,EWR,NJ,AEA,EN,Towers with Radar,858,370,20,0,1248,0,3,51,2,56,858,373,71,2,1304,0,0,0,1304
08/23/2016,EWR,NJ,AEA,EN,Towers with Radar,879,414,15,0,1308,0,6,27,2,35,879,420,42,2,1343,0,0,0,1343
08/24/2016,EWR,NJ,AEA,EN,Towers with Radar,868,408,6,0,1282,0,6,25,0,31,868,414,31,0,1313,0,0,0,1313
08/25/2016,EWR,NJ,AEA,EN,Towers with Radar,881,409,9,0,1299,0,4,32,0,36,881,413,41,0,1335,0,0,0,1335
08/26/2016,EWR,NJ,AEA,EN,Towers with Radar,891,394,15,0,1300,0,6,14,0,20,891,400,29,0,1320,0,0,0,1320
08/27/2016,EWR,NJ,AEA,EN,Towers with Radar,750,289,9,0,1048,0,4,19,2,25,750,293,28,2,1073,0,0,0,1073
08/28/2016,EWR,NJ,AEA,EN,Towers with Radar,798,323,12,0,1133,0,6,17,0,23,798,329,29,0,1156,0,0,0,1156
08/29/2016,EWR,NJ,AEA,EN,Towers with Radar,849,367,12,0,1228,0,8,31,5,44,849,375,43,5,1272,0,0,0,1272
08/30/2016,EWR,NJ,AEA,EN,Towers with Radar,882,400,13,1,1296,0,6,20,2,28,882,406,33,3,1324,0,0,0,1324
08/31/2016,EWR,NJ,AEA,EN,Towers with Radar,918,355,7,1,1281,0,9,23,0,32,918,364,30,1,1313,0,0,0,1313
09/01/2016,EWR,NJ,AEA,EN,Towers with Radar,942,347,10,0,1299,0,6,25,0,31,942,353,35,0,1330,0,0,0,1330
09/02/2016,EWR,NJ,AEA,EN,Towers with Radar,939,336,8,2,1285,0,5,40,2,47,939,341,48,4,1332,0,0,0,1332
09/03/2016,EWR,NJ,AEA,EN,Towers with Radar,706,230,7,0,943,0,3,17,5,25,706,233,24,5,968,0,0,0,968
09/04/2016,EWR,NJ,AEA,EN,Towers with Radar,708,176,11,0,895,0,5,13,0,18,708,181,24,0,913,0,0,0,913
09/05/2016,EWR,NJ,AEA,EN,Towers with Radar,811,259,11,0,1081,0,4,18,0,22,811,263,29,0,1103,0,0,0,1103
09/06/2016,EWR,NJ,AEA,EN,Towers with Radar,888,316,16,0,1220,0,7,30,0,37,888,323,46,0,1257,0,0,0,1257
09/07/2016,EWR,NJ,AEA,EN,Towers with Radar,886,341,11,0,1238,0,4,25,1,30,886,345,36,1,1268,0,0,0,1268
09/08/2016,EWR,NJ,AEA,EN,Towers with Radar,920,348,12,0,1280,0,7,49,0,56,920,355,61,0,1336,0,0,0,1336
09/09/2016,EWR,NJ,AEA,EN,Towers with Radar,873,340,13,5,1231,0,6,24,4,34,873,346,37,9,1265,0,0,0,1265
09/10/2016,EWR,NJ,AEA,EN,Towers with Radar,667,255,5,0,927,0,0,8,7,15,667,255,13,7,942,0,0,0,942
09/11/2016,EWR,NJ,AEA,EN,Towers with Radar,784,288,12,0,1084,0,4,21,2,27,784,292,33,2,1111,0,0,0,1111
09/12/2016,EWR,NJ,AEA,EN,Towers with Radar,864,306,19,1,1190,0,1,22,2,25,864,307,41,3,1215,0,0,0,1215
09/13/2016,EWR,NJ,AEA,EN,Towers with Radar,900,373,11,0,1284,0,8,22,1,31,900,381,33,1,1315,0,0,0,1315
09/14/2016,EWR,NJ,AEA,EN,Towers with Radar,906,354,10,0,1270,0,6,26,0,32,906,360,36,0,1302,0,0,0,1302
09/15/2016,EWR,NJ,AEA,EN,Towers with Radar,911,364,23,0,1298,0,9,33,0,42,911,373,56,0,1340,0,0,0,1340
09/16/2016,EWR,NJ,AEA,EN,Towers with Radar,897,353,12,1,1263,0,12,31,1,44,897,365,43,2,1307,0,0,0,1307
09/17/2016,EWR,NJ,AEA,EN,Towers with Radar,681,249,17,1,948,0,1,10,4,15,681,250,27,5,963,0,0,0,963
09/18/2016,EWR,NJ,AEA,EN,Towers with Radar,796,289,26,1,1112,0,1,22,3,26,796,290,48,4,1138,0,0,0,1138
09/19/2016,EWR,NJ,AEA,EN,Towers with Radar,865,323,23,2,1213,0,4,7,0,11,865,327,30,2,1224,0,0,0,1224
09/20/2016,EWR,NJ,AEA,EN,Towers with Radar,898,368,17,0,1283,0,6,15,0,21,898,374,32,0,1304,0,0,0,1304
09/21/2016,EWR,NJ,AEA,EN,Towers with Radar,870,349,40,2,1261,0,6,24,0,30,870,355,64,2,1291,0,0,0,1291
09/22/2016,EWR,NJ,AEA,EN,Towers with Radar,906,355,24,2,1287,0,7,38,0,45,906,362,62,2,1332,0,0,0,1332
09/23/2016,EWR,NJ,AEA,EN,Towers with Radar,901,352,25,0,1278,0,6,33,0,39,901,358,58,0,1317,0,0,0,1317
09/24/2016,EWR,NJ,AEA,EN,Towers with Radar,678,250,11,2,941,0,0,9,0,9,678,250,20,2,950,0,0,0,950
09/25/2016,EWR,NJ,AEA,EN,Towers with Radar,790,288,12,0,1090,0,0,27,10,37,790,288,39,10,1127,0,0,0,1127
09/26/2016,EWR,NJ,AEA,EN,Towers with Radar,859,340,15,0,1214,0,2,25,0,27,859,342,40,0,1241,0,0,0,1241
09/27/2016,EWR,NJ,AEA,EN,Towers with Radar,897,371,19,0,1287,0,5,28,0,33,897,376,47,0,1320,0,0,0,1320
09/28/2016,EWR,NJ,AEA,EN,Towers with Radar,870,347,19,0,1236,0,2,21,0,23,870,349,40,0,1259,0,0,0,1259
09/29/2016,EWR,NJ,AEA,EN,Towers with Radar,906,322,13,0,1241,0,4,22,0,26,906,326,35,0,1267,0,0,0,1267
09/30/2016,EWR,NJ,AEA,EN,Towers with Radar,868,283,21,0,1172,0,4,3,0,7,868,287,24,0,1179,0,0,0,1179
10/01/2016,EWR,NJ,AEA,EN,Towers with Radar,697,260,8,0,965,0,4,3,0,7,697,264,11,0,972,0,0,0,972
10/02/2016,EWR,NJ,AEA,EN,Towers with Radar,786,293,18,0,1097,0,4,9,0,13,786,297,27,0,1110,0,0,0,1110
10/03/2016,EWR,NJ,AEA,EN,Towers with Radar,853,341,20,0,1214,0,3,21,2,26,853,344,41,2,1240,0,0,0,1240
10/04/2016,EWR,NJ,AEA,EN,Towers with Radar,888,349,16,0,1253,0,9,19,0,28,888,358,35,0,1281,0,0,0,1281
10/05/2016,EWR,NJ,AEA,EN,Towers with Radar,901,349,17,0,1267,0,12,21,0,33,901,361,38,0,1300,0,0,0,1300
10/06/2016,EWR,NJ,AEA,EN,Towers with Radar,867,337,30,0,1234,0,8,26,0,34,867,345,56,0,1268,0,0,0,1268
10/07/2016,EWR,NJ,AEA,EN,Towers with Radar,876,312,22,0,1210,0,2,33,0,35,876,314,55,0,1245,0,0,0,1245
10/08/2016,EWR,NJ,AEA,EN,Towers with Radar,720,226,8,0,954,0,1,14,0,15,720,227,22,0,969,0,0,0,969
10/09/2016,EWR,NJ,AEA,EN,Towers with Radar,797,263,18,0,1078,0,0,15,0,15,797,263,33,0,1093,0,0,0,1093
10/10/2016,EWR,NJ,AEA,EN,Towers with Radar,882,314,11,0,1207,0,2,20,0,22,882,316,31,0,1229,0,0,0,1229
10/11/2016,EWR,NJ,AEA,EN,Towers with Radar,913,347,7,0,1267,0,4,33,1,38,913,351,40,1,1305,0,0,0,1305
10/12/2016,EWR,NJ,AEA,EN,Towers with Radar,906,341,8,0,1255,0,6,23,0,29,906,347,31,0,1284,0,0,0,1284
10/13/2016,EWR,NJ,AEA,EN,Towers with Radar,912,337,18,0,1267,0,2,22,0,24,912,339,40,0,1291,0,0,0,1291
10/14/2016,EWR,NJ,AEA,EN,Towers with Radar,911,337,24,0,1272,0,5,25,0,30,911,342,49,0,1302,0,0,0,1302
10/15/2016,EWR,NJ,AEA,EN,Towers with Radar,723,241,14,0,978,0,3,10,0,13,723,244,24,0,991,0,0,0,991
10/16/2016,EWR,NJ,AEA,EN,Towers with Radar,823,288,19,0,1130,0,5,17,2,24,823,293,36,2,1154,0,0,0,1154
10/17/2016,EWR,NJ,AEA,EN,Towers with Radar,865,313,15,0,1193,0,6,22,0,28,865,319,37,0,1221,0,0,0,1221
10/18/2016,EWR,NJ,AEA,EN,Towers with Radar,904,351,8,0,1263,0,5,28,4,37,904,356,36,4,1300,0,0,0,1300
10/19/2016,EWR,NJ,AEA,EN,Towers with Radar,900,341,11,0,1252,0,4,15,0,19,900,345,26,0,1271,0,0,0,1271
10/20/2016,EWR,NJ,AEA,EN,Towers with Radar,926,328,25,0,1279,0,4,41,0,45,926,332,66,0,1324,0,0,0,1324
10/21/2016,EWR,NJ,AEA,EN,Towers with Radar,917,304,21,0,1242,0,1,12,0,13,917,305,33,0,1255,0,0,0,1255
10/22/2016,EWR,NJ,AEA,EN,Towers with Radar,736,239,8,0,983,0,3,8,0,11,736,242,16,0,994,0,0,0,994
10/23/2016,EWR,NJ,AEA,EN,Towers with Radar,831,287,19,0,1137,0,1,14,0,15,831,288,33,0,1152,0,0,0,1152
10/24/2016,EWR,NJ,AEA,EN,Towers with Radar,871,321,17,0,1209,0,4,18,0,22,871,325,35,0,1231,0,0,0,1231
10/25/2016,EWR,NJ,AEA,EN,Towers with Radar,905,337,23,0,1265,0,9,24,0,33,905,346,47,0,1298,0,0,0,1298
10/26/2016,EWR,NJ,AEA,EN,Towers with Radar,898,353,20,0,1271,0,10,17,1,28,898,363,37,1,1299,0,0,0,1299
10/27/2016,EWR,NJ,AEA,EN,Towers with Radar,930,341,19,0,1290,0,6,11,0,17,930,347,30,0,1307,0,0,0,1307
10/28/2016,EWR,NJ,AEA,EN,Towers with Radar,917,353,15,0,1285,0,6,20,0,26,917,359,35,0,1311,0,0,0,1311
10/29/2016,EWR,NJ,AEA,EN,Towers with Radar,709,216,10,0,935,0,1,8,0,9,709,217,18,0,944,0,0,0,944
10/30/2016,EWR,NJ,AEA,EN,Towers with Radar,781,227,10,0,1018,0,0,10,0,10,781,227,20,0,1028,0,0,0,1028
10/31/2016,EWR,NJ,AEA,EN,Towers with Radar,854,298,9,0,1161,0,2,26,0,28,854,300,35,0,1189,0,0,0,1189
11/01/2016,EWR,NJ,AEA,EN,Towers with Radar,897,320,3,0,1220,0,5,21,3,29,897,325,24,3,1249,0,0,0,1249
11/02/2016,EWR,NJ,AEA,EN,Towers with Radar,892,335,23,0,1250,0,5,16,1,22,892,340,39,1,1272,0,0,0,1272
11/03/2016,EWR,NJ,AEA,EN,Towers with Radar,948,335,20,0,1303,0,5,18,2,25,948,340,38,2,1328,0,0,0,1328
11/04/2016,EWR,NJ,AEA,EN,Towers with Radar,935,319,13,0,1267,0,8,30,0,38,935,327,43,0,1305,0,0,0,1305
11/05/2016,EWR,NJ,AEA,EN,Towers with Radar,741,223,10,0,974,0,2,13,0,15,741,225,23,0,989,0,0,0,989
11/06/2016,EWR,NJ,AEA,EN,Towers with Radar,818,281,6,0,1105,0,3,15,0,18,818,284,21,0,1123,0,0,0,1123
11/07/2016,EWR,NJ,AEA,EN,Towers with Radar,891,316,6,0,1213,0,3,14,0,17,891,319,20,0,1230,0,0,0,1230
11/08/2016,EWR,NJ,AEA,EN,Towers with Radar,857,269,15,0,1141,0,6,30,0,36,857,275,45,0,1177,0,0,0,1177
11/09/2016,EWR,NJ,AEA,EN,Towers with Radar,901,317,10,0,1228,0,6,20,1,27,901,323,30,1,1255,0,0,0,1255
11/10/2016,EWR,NJ,AEA,EN,Towers with Radar,956,337,6,0,1299,0,2,27,1,30,956,339,33,1,1329,0,0,0,1329
11/11/2016,EWR,NJ,AEA,EN,Towers with Radar,956,310,10,0,1276,0,4,20,0,24,956,314,30,0,1300,0,0,0,1300
11/12/2016,EWR,NJ,AEA,EN,Towers with Radar,737,223,3,0,963,0,0,11,0,11,737,223,14,0,974,0,0,0,974
11/13/2016,EWR,NJ,AEA,EN,Towers with Radar,828,277,8,0,1113,0,0,13,0,13,828,277,21,0,1126,0,0,0,1126
11/14/2016,EWR,NJ,AEA,EN,Towers with Radar,911,313,12,0,1236,0,2,21,0,23,911,315,33,0,1259,0,0,0,1259
11/15/2016,EWR,NJ,AEA,EN,Towers with Radar,893,314,11,0,1218,0,4,9,0,13,893,318,20,0,1231,0,0,0,1231
11/16/2016,EWR,NJ,AEA,EN,Towers with Radar,911,327,22,0,1260,0,3,18,0,21,911,330,40,0,1281,0,0,0,1281
11/17/2016,EWR,NJ,AEA,EN,Towers with Radar,961,339,14,0,1314,0,6,21,0,27,961,345,35,0,1341,0,0,0,1341
11/18/2016,EWR,NJ,AEA,EN,Towers with Radar,959,332,16,0,1307,0,4,24,0,28,959,336,40,0,1335,0,0,0,1335
11/19/2016,EWR,NJ,AEA,EN,Towers with Radar,757,220,4,0,981,0,2,12,2,16,757,222,16,2,997,0,0,0,997
11/20/2016,EWR,NJ,AEA,EN,Towers with Radar,785,201,13,0,999,0,2,10,0,12,785,203,23,0,1011,0,0,0,1011
11/21/2016,EWR,NJ,AEA,EN,Towers with Radar,844,270,13,0,1127,0,9,13,0,22,844,279,26,0,1149,0,0,0,1149
11/22/2016,EWR,NJ,AEA,EN,Towers with Radar,961,314,16,0,1291,0,8,29,0,37,961,322,45,0,1328,0,0,0,1328
11/23/2016,EWR,NJ,AEA,EN,Towers with Radar,966,318,4,0,1288,0,3,15,1,19,966,321,19,1,1307,0,0,0,1307
11/24/2016,EWR,NJ,AEA,EN,Towers with Radar,586,163,3,0,752,0,0,12,0,12,586,163,15,0,764,0,0,0,764
11/25/2016,EWR,NJ,AEA,EN,Towers with Radar,732,186,2,0,920,0,8,10,0,18,732,194,12,0,938,0,0,0,938
11/26/2016,EWR,NJ,AEA,EN,Towers with Radar,860,289,3,0,1152,0,2,14,3,19,860,291,17,3,1171,0,0,0,1171
11/27/2016,EWR,NJ,AEA,EN,Towers with Radar,941,305,19,0,1265,0,2,13,0,15,941,307,32,0,1280,0,0,0,1280
11/28/2016,EWR,NJ,AEA,EN,Towers with Radar,956,306,12,0,1274,0,0,15,0,15,956,306,27,0,1289,0,0,0,1289
11/29/2016,EWR,NJ,AEA,EN,Towers with Radar,913,257,19,0,1189,0,5,5,0,10,913,262,24,0,1199,0,0,0,1199
11/30/2016,EWR,NJ,AEA,EN,Towers with Radar,969,270,17,0,1256,0,6,2,0,8,969,276,19,0,1264,0,0,0,1264
12/01/2016,EWR,NJ,AEA,EN,Towers with Radar,1002,332,16,0,1350,0,9,18,0,27,1002,341,34,0,1377,0,0,0,1377
12/02/2016,EWR,NJ,AEA,EN,Towers with Radar,975,325,12,0,1312,0,9,22,0,31,975,334,34,0,1343,0,0,0,1343
12/03/2016,EWR,NJ,AEA,EN,Towers with Radar,731,191,8,2,932,0,4,10,0,14,731,195,18,2,946,0,0,0,946
12/04/2016,EWR,NJ,AEA,EN,Towers with Radar,817,257,17,0,1091,0,1,20,0,21,817,258,37,0,1112,0,0,0,1112
12/05/2016,EWR,NJ,AEA,EN,Towers with Radar,917,303,12,0,1232,0,4,8,0,12,917,307,20,0,1244,0,0,0,1244
12/06/2016,EWR,NJ,AEA,EN,Towers with Radar,924,302,28,0,1254,0,5,18,0,23,924,307,46,0,1277,0,0,0,1277
12/07/2016,EWR,NJ,AEA,EN,Towers with Radar,948,320,24,0,1292,0,8,23,1,32,948,328,47,1,1324,0,0,0,1324
12/08/2016,EWR,NJ,AEA,EN,Towers with Radar,979,315,15,0,1309,0,3,28,0,31,979,318,43,0,1340,0,0,0,1340
12/09/2016,EWR,NJ,AEA,EN,Towers with Radar,959,314,15,0,1288,0,10,33,0,43,959,324,48,0,1331,0,0,0,1331
12/10/2016,EWR,NJ,AEA,EN,Towers with Radar,724,192,12,0,928,0,1,9,0,10,724,193,21,0,938,0,0,0,938
12/11/2016,EWR,NJ,AEA,EN,Towers with Radar,807,255,3,0,1065,0,0,5,1,6,807,255,8,1,1071,0,0,0,1071
12/12/2016,EWR,NJ,AEA,EN,Towers with Radar,912,285,10,0,1207,0,0,13,0,13,912,285,23,0,1220,0,0,0,1220
12/13/2016,EWR,NJ,AEA,EN,Towers with Radar,925,316,15,0,1256,0,6,21,0,27,925,322,36,0,1283,0,0,0,1283
12/14/2016,EWR,NJ,AEA,EN,Towers with Radar,956,310,20,0,1286,0,8,25,0,33,956,318,45,0,1319,0,0,0,1319
12/15/2016,EWR,NJ,AEA,EN,Towers with Radar,860,226,5,0,1091,0,12,23,0,35,860,238,28,0,1126,0,0,0,1126
12/16/2016,EWR,NJ,AEA,EN,Towers with Radar,1009,298,9,0,1316,0,11,27,1,39,1009,309,36,1,1355,0,0,0,1355
12/17/2016,EWR,NJ,AEA,EN,Towers with Radar,727,127,10,1,865,0,0,6,0,6,727,127,16,1,871,0,0,0,871
12/18/2016,EWR,NJ,AEA,EN,Towers with Radar,828,200,6,0,1034,0,1,8,0,9,828,201,14,0,1043,0,0,0,1043
12/19/2016,EWR,NJ,AEA,EN,Towers with Radar,937,265,4,0,1206,0,4,18,0,22,937,269,22,0,1228,0,0,0,1228
12/20/2016,EWR,NJ,AEA,EN,Towers with Radar,981,303,13,0,1297,0,6,27,0,33,981,309,40,0,1330,0,0,0,1330
12/21/2016,EWR,NJ,AEA,EN,Towers with Radar,993,297,12,1,1303,0,12,23,0,35,993,309,35,1,1338,0,0,0,1338
12/22/2016,EWR,NJ,AEA,EN,Towers with Radar,1027,302,8,0,1337,0,8,12,0,20,1027,310,20,0,1357,0,0,0,1357
12/23/2016,EWR,NJ,AEA,EN,Towers with Radar,1007,306,4,0,1317,0,9,9,0,18,1007,315,13,0,1335,0,0,0,1335
12/24/2016,EWR,NJ,AEA,EN,Towers with Radar,763,191,4,0,958,0,0,0,0,0,763,191,4,0,958,0,0,0,958
12/25/2016,EWR,NJ,AEA,EN,Towers with Radar,723,193,1,0,917,0,0,7,0,7,723,193,8,0,924,0,0,0,924
12/26/2016,EWR,NJ,AEA,EN,Towers with Radar,869,272,10,0,1151,0,0,13,6,19,869,272,23,6,1170,0,0,0,1170
12/27/2016,EWR,NJ,AEA,EN,Towers with Radar,923,283,4,0,1210,0,6,8,0,14,923,289,12,0,1224,0,0,0,1224
12/28/2016,EWR,NJ,AEA,EN,Towers with Radar,969,301,2,0,1272,0,8,13,2,23,969,309,15,2,1295,0,0,0,1295
12/29/2016,EWR,NJ,AEA,EN,Towers with Radar,952,253,2,0,1207,0,6,2,0,8,952,259,4,0,1215,0,0,0,1215
12/30/2016,EWR,NJ,AEA,EN,Towers with Radar,932,294,7,0,1233,0,11,7,0,18,932,305,14,0,1251,0,0,0,1251
12/31/2016,EWR,NJ,AEA,EN,Towers with Radar,750,193,1,0,944,0,2,10,4,16,750,195,11,4,960,0,0,0,960
01/01/2017,EWR,NJ,AEA,EN,Towers with Radar,799,233,3,0,1035,0,0,9,3,12,799,233,12,3,1047,0,0,0,1047
01/02/2017,EWR,NJ,AEA,EN,Towers with Radar,899,274,15,0,1188,0,0,9,0,9,899,274,24,0,1197,0,0,0,1197
01/03/2017,EWR,NJ,AEA,EN,Towers with Radar,919,232,16,2,1169,0,0,2,0,2,919,232,18,2,1171,0,0,0,1171
01/04/2017,EWR,NJ,AEA,EN,Towers with Radar,958,281,13,0,1252,0,4,15,0,19,958,285,28,0,1271,0,0,0,1271
01/05/2017,EWR,NJ,AEA,EN,Towers with Radar,929,298,7,0,1234,0,8,23,0,31,929,306,30,0,1265,0,0,0,1265
01/06/2017,EWR,NJ,AEA,EN,Towers with Radar,902,278,7,2,1189,0,7,15,1,23,902,285,22,3,1212,0,0,0,1212
01/07/2017,EWR,NJ,AEA,EN,Towers with Radar,617,83,13,0,713,0,0,0,0,0,617,83,13,0,713,0,0,0,713
01/08/2017,EWR,NJ,AEA,EN,Towers with Radar,806,213,20,0,1039,0,0,7,3,10,806,213,27,3,1049,0,0,0,1049
01/09/2017,EWR,NJ,AEA,EN,Towers with Radar,886,290,3,0,1179,0,3,10,2,15,886,293,13,2,1194,0,0,0,1194
01/10/2017,EWR,NJ,AEA,EN,Towers with Radar,864,283,9,0,1156,0,4,15,0,19,864,287,24,0,1175,0,0,0,1175
01/11/2017,EWR,NJ,AEA,EN,Towers with Radar,849,293,11,0,1153,0,4,13,0,17,849,297,24,0,1170,0,0,0,1170
01/12/2017,EWR,NJ,AEA,EN,Towers with Radar,905,297,18,0,1220,0,4,16,0,20,905,301,34,0,1240,0,0,0,1240
01/13/2017,EWR,NJ,AEA,EN,Towers with Radar,913,298,17,0,1228,0,8,35,0,43,913,306,52,0,1271,0,0,0,1271
01/14/2017,EWR,NJ,AEA,EN,Towers with Radar,685,175,8,0,868,0,2,6,4,12,685,177,14,4,880,0,0,0,880
01/15/2017,EWR,NJ,AEA,EN,Towers with Radar,772,222,4,0,998,0,0,11,2,13,772,222,15,2,1011,0,0,0,1011
01/16/2017,EWR,NJ,AEA,EN,Towers with Radar,877,275,8,0,1160,0,0,28,1,29,877,275,36,1,1189,0,0,0,1189
01/17/2017,EWR,NJ,AEA,EN,Towers with Radar,846,292,14,0,1152,0,6,4,0,10,846,298,18,0,1162,0,0,0,1162
01/18/2017,EWR,NJ,AEA,EN,Towers with Radar,858,281,12,0,1151,0,5,7,0,12,858,286,19,0,1163,0,0,0,1163
01/19/2017,EWR,NJ,AEA,EN,Towers with Radar,898,299,6,0,1203,0,7,17,2,26,898,306,23,2,1229,0,0,0,1229
01/20/2017,EWR,NJ,AEA,EN,Towers with Radar,922,299,11,3,1235,0,4,16,0,20,922,303,27,3,1255,0,0,0,1255
01/21/2017,EWR,NJ,AEA,EN,Towers with Radar,698,169,11,0,878,0,0,5,0,5,698,169,16,0,883,0,0,0,883
01/22/2017,EWR,NJ,AEA,EN,Towers with Radar,755,229,9,3,996,0,0,6,0,6,755,229,15,3,1002,0,0,0,1002
01/23/2017,EWR,NJ,AEA,EN,Towers with Radar,803,190,7,0,1000,0,0,1,0,1,803,190,8,0,1001,0,0,0,1001
01/24/2017,EWR,NJ,AEA,EN,Towers with Radar,844,269,12,0,1125,0,4,4,0,8,844,273,16,0,1133,0,0,0,1133
01/25/2017,EWR,NJ,AEA,EN,Towers with Radar,866,317,9,0,1192,0,6,20,2,28,866,323,29,2,1220,0,0,0,1220
01/26/2017,EWR,NJ,AEA,EN,Towers with Radar,899,316,12,0,1227,0,5,36,2,43,899,321,48,2,1270,0,0,0,1270
01/27/2017,EWR,NJ,AEA,EN,Towers with Radar,897,302,7,0,1206,0,6,33,0,39,897,308,40,0,1245,0,0,0,1245
01/28/2017,EWR,NJ,AEA,EN,Towers with Radar,686,175,9,0,870,0,2,2,0,4,686,177,11,0,874,0,0,0,874
01/29/2017,EWR,NJ,AEA,EN,Towers with Radar,788,230,11,0,1029,0,0,11,2,13,788,230,22,2,1042,0,0,0,1042
01/30/2017,EWR,NJ,AEA,EN,Towers with Radar,866,278,7,0,1151,0,2,13,0,15,866,280,20,0,1166,0,0,0,1166
01/31/2017,EWR,NJ,AEA,EN,Towers with Radar,824,261,9,0,1094,0,4,16,0,20,824,265,25,0,1114,0,0,0,1114
02/01/2017,EWR,NJ,AEA,EN,Towers with Radar,862,285,15,0,1162,0,4,14,0,18,862,289,29,0,1180,0,0,0,1180
02/02/2017,EWR,NJ,AEA,EN,Towers with Radar,912,307,11,0,1230,0,8,13,0,21,912,315,24,0,1251,0,0,0,1251
02/03/2017,EWR,NJ,AEA,EN,Towers with Radar,899,294,10,0,1203,0,7,16,1,24,899,301,26,1,1227,0,0,0,1227
02/04/2017,EWR,NJ,AEA,EN,Towers with Radar,710,168,15,0,893,0,0,7,2,9,710,168,22,2,902,0,0,0,902
02/05/2017,EWR,NJ,AEA,EN,Towers with Radar,764,221,6,0,991,0,0,5,2,7,764,221,11,2,998,0,0,0,998
02/06/2017,EWR,NJ,AEA,EN,Towers with Radar,885,278,12,0,1175,0,4,23,6,33,885,282,35,6,1208,0,0,0,1208
02/07/2017,EWR,NJ,AEA,EN,Towers with Radar,863,272,21,0,1156,0,4,2,0,6,863,276,23,0,1162,0,0,0,1162
02/08/2017,EWR,NJ,AEA,EN,Towers with Radar,831,296,21,0,1148,0,6,15,0,21,831,302,36,0,1169,0,0,0,1169
02/09/2017,EWR,NJ,AEA,EN,Towers with Radar,375,34,11,0,420,0,0,0,0,0,375,34,11,0,420,0,0,0,420
02/10/2017,EWR,NJ,AEA,EN,Towers with Radar,943,284,15,0,1242,0,8,13,2,23,943,292,28,2,1265,0,0,0,1265
02/11/2017,EWR,NJ,AEA,EN,Towers with Radar,707,164,9,0,880,0,3,11,0,14,707,167,20,0,894,0,0,0,894
02/12/2017,EWR,NJ,AEA,EN,Towers with Radar,772,137,18,0,927,0,0,1,0,1,772,137,19,0,928,0,0,0,928
02/13/2017,EWR,NJ,AEA,EN,Towers with Radar,813,175,21,0,1009,0,0,17,0,17,813,175,38,0,1026,0,0,0,1026
02/14/2017,EWR,NJ,AEA,EN,Towers with Radar,864,290,25,0,1179,0,4,12,0,16,864,294,37,0,1195,0,0,0,1195
02/15/2017,EWR,NJ,AEA,EN,Towers with Radar,876,293,17,0,1186,0,5,17,0,22,876,298,34,0,1208,0,0,0,1208
02/16/2017,EWR,NJ,AEA,EN,Towers with Radar,938,265,14,0,1217,0,7,28,0,35,938,272,42,0,1252,0,0,0,1252
02/17/2017,EWR,NJ,AEA,EN,Towers with Radar,951,277,17,0,1245,0,9,21,1,31,951,286,38,1,1276,0,0,0,1276
02/18/2017,EWR,NJ,AEA,EN,Towers with Radar,758,199,5,0,962,0,2,2,2,6,758,201,7,2,968,0,0,0,968
02/19/2017,EWR,NJ,AEA,EN,Towers with Radar,802,211,0,0,1013,0,3,9,6,18,802,214,9,6,1031,0,0,0,1031
02/20/2017,EWR,NJ,AEA,EN,Towers with Radar,913,271,20,0,1204,0,4,27,0,31,913,275,47,0,1235,0,0,0,1235
02/21/2017,EWR,NJ,AEA,EN,Towers with Radar,935,293,19,0,1247,0,6,8,0,14,935,299,27,0,1261,0,0,0,1261
02/22/2017,EWR,NJ,AEA,EN,Towers with Radar,917,282,6,0,1205,0,8,17,2,27,917,290,23,2,1232,0,0,0,1232
02/23/2017,EWR,NJ,AEA,EN,Towers with Radar,939,293,5,0,1237,0,6,12,0,18,939,299,17,0,1255,0,0,0,1255
02/24/2017,EWR,NJ,AEA,EN,Towers with Radar,952,285,8,0,1245,0,7,15,2,24,952,292,23,2,1269,0,0,0,1269
02/25/2017,EWR,NJ,AEA,EN,Towers with Radar,730,142,12,1,885,0,0,11,0,11,730,142,23,1,896,0,0,0,896
02/26/2017,EWR,NJ,AEA,EN,Towers with Radar,874,227,11,1,1113,0,2,5,2,9,874,229,16,3,1122,0,0,0,1122
02/27/2017,EWR,NJ,AEA,EN,Towers with Radar,932,267,7,0,1206,0,0,18,2,20,932,267,25,2,1226,0,0,0,1226
02/28/2017,EWR,NJ,AEA,EN,Towers with Radar,924,283,17,0,1224,0,6,9,4,19,924,289,26,4,1243,0,0,0,1243
03/01/2017,EWR,NJ,AEA,EN,Towers with Radar,920,249,12,0,1181,0,2,7,0,9,920,251,19,0,1190,0,0,0,1190
03/02/2017,EWR,NJ,AEA,EN,Towers with Radar,921,227,19,0,1167,0,6,9,0,15,921,233,28,0,1182,0,0,0,1182
03/03/2017,EWR,NJ,AEA,EN,Towers with Radar,952,276,5,0,1233,0,7,22,2,31,952,283,27,2,1264,0,0,0,1264
03/04/2017,EWR,NJ,AEA,EN,Towers with Radar,760,204,10,0,974,0,0,6,0,6,760,204,16,0,980,0,0,0,980
03/05/2017,EWR,NJ,AEA,EN,Towers with Radar,860,239,6,0,1105,0,2,14,0,16,860,241,20,0,1121,0,0,0,1121
03/06/2017,EWR,NJ,AEA,EN,Towers with Radar,919,266,11,0,1196,0,0,11,2,13,919,266,22,2,1209,0,0,0,1209
03/07/2017,EWR,NJ,AEA,EN,Towers with Radar,956,297,13,0,1266,0,4,10,0,14,956,301,23,0,1280,0,0,0,1280
03/08/2017,EWR,NJ,AEA,EN,Towers with Radar,934,297,14,0,1245,0,6,13,0,19,934,303,27,0,1264,0,0,0,1264
03/09/2017,EWR,NJ,AEA,EN,Towers with Radar,975,266,4,0,1245,0,7,17,0,24,975,273,21,0,1269,0,0,0,1269
03/10/2017,EWR,NJ,AEA,EN,Towers with Radar,926,179,26,0,1131,0,2,12,0,14,926,181,38,0,1145,0,0,0,1145
03/11/2017,EWR,NJ,AEA,EN,Towers with Radar,818,233,11,0,1062,0,2,6,2,10,818,235,17,2,1072,0,0,0,1072
03/12/2017,EWR,NJ,AEA,EN,Towers with Radar,896,220,14,0,1130,0,1,7,0,8,896,221,21,0,1138,0,0,0,1138
03/13/2017,EWR,NJ,AEA,EN,Towers with Radar,909,224,8,0,1141,0,0,20,1,21,909,224,28,1,1162,0,0,0,1162
03/14/2017,EWR,NJ,AEA,EN,Towers with Radar,78,10,6,0,94,0,0,0,0,0,78,10,6,0,94,0,0,0,94
03/15/2017,EWR,NJ,AEA,EN,Towers with Radar,873,123,15,0,1011,0,7,9,0,16,873,130,24,0,1027,0,0,0,1027
03/16/2017,EWR,NJ,AEA,EN,Towers with Radar,1028,263,13,0,1304,0,8,17,0,25,1028,271,30,0,1329,0,0,0,1329
03/17/2017,EWR,NJ,AEA,EN,Towers with Radar,1005,274,12,0,1291,0,7,19,1,27,1005,281,31,1,1318,0,0,0,1318
03/18/2017,EWR,NJ,AEA,EN,Towers with Radar,827,209,6,0,1042,0,0,0,0,0,827,209,6,0,1042,0,0,0,1042
03/19/2017,EWR,NJ,AEA,EN,Towers with Radar,898,215,14,0,1127,0,1,6,2,9,898,216,20,2,1136,0,0,0,1136
03/20/2017,EWR,NJ,AEA,EN,Towers with Radar,957,272,11,0,1240,0,4,22,2,28,957,276,33,2,1268,0,0,0,1268
03/21/2017,EWR,NJ,AEA,EN,Towers with Radar,987,270,12,0,1269,0,8,11,4,23,987,278,23,4,1292,0,0,0,1292
03/22/2017,EWR,NJ,AEA,EN,Towers with Radar,973,275,6,0,1254,0,8,18,0,26,973,283,24,0,1280,0,0,0,1280
03/23/2017,EWR,NJ,AEA,EN,Towers with Radar,992,271,10,0,1273,0,7,24,0,31,992,278,34,0,1304,0,0,0,1304
03/24/2017,EWR,NJ,AEA,EN,Towers with Radar,999,269,4,1,1273,0,8,19,0,27,999,277,23,1,1300,0,0,0,1300
03/25/2017,EWR,NJ,AEA,EN,Towers with Radar,826,213,4,0,1043,0,0,7,0,7,826,213,11,0,1050,0,0,0,1050
03/26/2017,EWR,NJ,AEA,EN,Towers with Radar,906,223,4,0,1133,0,0,9,0,9,906,223,13,0,1142,0,0,0,1142
03/27/2017,EWR,NJ,AEA,EN,Towers with Radar,938,244,7,0,1189,0,2,2,0,4,938,246,9,0,1193,0,0,0,1193
03/28/2017,EWR,NJ,AEA,EN,Towers with Radar,955,188,12,0,1155,0,0,0,0,0,955,188,12,0,1155,0,0,0,1155
03/29/2017,EWR,NJ,AEA,EN,Towers with Radar,996,267,8,0,1271,0,9,29,0,38,996,276,37,0,1309,0,0,0,1309
03/30/2017,EWR,NJ,AEA,EN,Towers with Radar,998,278,18,0,1294,0,9,12,0,21,998,287,30,0,1315,0,0,0,1315
03/31/2017,EWR,NJ,AEA,EN,Towers with Radar,904,241,14,0,1159,0,4,1,0,5,904,245,15,0,1164,0,0,0,1164
04/01/2017,EWR,NJ,AEA,EN,Towers with Radar,870,221,13,0,1104,0,2,7,4,13,870,223,20,4,1117,0,0,0,1117
04/02/2017,EWR,NJ,AEA,EN,Towers with Radar,901,226,18,0,1145,0,2,8,4,14,901,228,26,4,1159,0,0,0,1159
04/03/2017,EWR,NJ,AEA,EN,Towers with Radar,952,264,19,0,1235,0,2,26,2,30,952,266,45,2,1265,0,0,0,1265
04/04/2017,EWR,NJ,AEA,EN,Towers with Radar,954,275,30,0,1259,0,0,2,0,2,954,275,32,0,1261,0,0,0,1261
04/05/2017,EWR,NJ,AEA,EN,Towers with Radar,951,307,19,0,1277,0,4,19,0,23,951,311,38,0,1300,0,0,0,1300
04/06/2017,EWR,NJ,AEA,EN,Towers with Radar,871,195,24,0,1090,0,5,2,0,7,871,200,26,0,1097,0,0,0,1097
04/07/2017,EWR,NJ,AEA,EN,Towers with Radar,1026,283,9,0,1318,0,9,28,0,37,1026,292,37,0,1355,0,0,0,1355
04/08/2017,EWR,NJ,AEA,EN,Towers with Radar,843,239,9,0,1091,0,0,12,4,16,843,239,21,4,1107,0,0,0,1107
04/09/2017,EWR,NJ,AEA,EN,Towers with Radar,927,244,11,0,1182,0,2,12,4,18,927,246,23,4,1200,0,0,0,1200
04/10/2017,EWR,NJ,AEA,EN,Towers with Radar,942,272,12,2,1228,0,1,17,3,21,942,273,29,5,1249,0,0,0,1249
04/11/2017,EWR,NJ,AEA,EN,Towers with Radar,969,291,9,0,1269,0,7,25,0,32,969,298,34,0,1301,0,0,0,1301
04/12/2017,EWR,NJ,AEA,EN,Towers with Radar,981,300,7,0,1288,0,14,11,0,25,981,314,18,0,1313,0,0,0,1313
04/13/2017,EWR,NJ,AEA,EN,Towers with Radar,1019,291,18,0,1328,0,10,25,0,35,1019,301,43,0,1363,0,0,0,1363
04/14/2017,EWR,NJ,AEA,EN,Towers with Radar,1007,290,12,0,1309,0,6,15,4,25,1007,296,27,4,1334,0,0,0,1334
04/15/2017,EWR,NJ,AEA,EN,Towers with Radar,809,207,6,0,1022,0,0,2,0,2,809,207,8,0,1024,0,0,0,1024
04/16/2017,EWR,NJ,AEA,EN,Towers with Radar,882,241,3,0,1126,0,3,7,2,12,882,244,10,2,1138,0,0,0,1138
04/17/2017,EWR,NJ,AEA,EN,Towers with Radar,960,284,12,0,1256,0,3,25,0,28,960,287,37,0,1284,0,0,0,1284
04/18/2017,EWR,NJ,AEA,EN,Towers with Radar,1005,296,11,0,1312,0,4,21,0,25,1005,300,32,0,1337,0,0,0,1337
04/19/2017,EWR,NJ,AEA,EN,Towers with Radar,981,296,12,0,1289,0,7,15,0,22,981,303,27,0,1311,0,0,0,1311
04/20/2017,EWR,NJ,AEA,EN,Towers with Radar,1004,271,12,0,1287,0,9,17,0,26,1004,280,29,0,1313,0,0,0,1313
04/21/2017,EWR,NJ,AEA,EN,Towers with Radar,1007,271,12,0,1290,0,4,8,0,12,1007,275,20,0,1302,0,0,0,1302
04/22/2017,EWR,NJ,AEA,EN,Towers with Radar,844,221,8,0,1073,0,1,9,2,12,844,222,17,2,1085,0,0,0,1085
04/23/2017,EWR,NJ,AEA,EN,Towers with Radar,897,246,9,0,1152,0,8,14,0,22,897,254,23,0,1174,0,0,0,1174
04/24/2017,EWR,NJ,AEA,EN,Towers with Radar,968,273,9,0,1250,0,4,21,4,29,968,277,30,4,1279,0,0,0,1279
04/25/2017,EWR,NJ,AEA,EN,Towers with Radar,909,237,8,0,1154,0,4,4,0,8,909,241,12,0,1162,0,0,0,1162
04/26/2017,EWR,NJ,AEA,EN,Towers with Radar,980,291,19,0,1290,0,2,4,0,6,980,293,23,0,1296,0,0,0,1296
04/27/2017,EWR,NJ,AEA,EN,Towers with Radar,1016,298,13,0,1327,0,3,17,0,20,1016,301,30,0,1347,0,0,0,1347
04/28/2017,EWR,NJ,AEA,EN,Towers with Radar,1015,296,18,0,1329,0,5,27,2,34,1015,301,45,2,1363,0,0,0,1363
04/29/2017,EWR,NJ,AEA,EN,Towers with Radar,810,219,14,0,1043,0,4,8,0,12,810,223,22,0,1055,0,0,0,1055
04/30/2017,EWR,NJ,AEA,EN,Towers with Radar,891,251,13,0,1155,0,2,21,0,23,891,253,34,0,1178,0,0,0,1178
05/01/2017,EWR,NJ,AEA,EN,Towers with Radar,918,212,13,0,1143,0,2,16,0,18,918,214,29,0,1161,0,0,0,1161
05/02/2017,EWR,NJ,AEA,EN,Towers with Radar,993,286,11,1,1291,0,8,26,0,34,993,294,37,1,1325,0,0,0,1325
05/03/2017,EWR,NJ,AEA,EN,Towers with Radar,968,288,16,2,1274,0,8,17,0,25,968,296,33,2,1299,0,0,0,1299
05/04/2017,EWR,NJ,AEA,EN,Towers with Radar,1026,304,26,0,1356,0,5,17,0,22,1026,309,43,0,1378,0,0,0,1378
05/05/2017,EWR,NJ,AEA,EN,Towers with Radar,877,190,14,0,1081,0,4,5,0,9,877,194,19,0,1090,0,0,0,1090
05/06/2017,EWR,NJ,AEA,EN,Towers with Radar,819,217,15,0,1051,0,0,10,0,10,819,217,25,0,1061,0,0,0,1061
05/07/2017,EWR,NJ,AEA,EN,Towers with Radar,889,226,12,2,1129,0,5,19,0,24,889,231,31,2,1153,0,0,0,1153
05/08/2017,EWR,NJ,AEA,EN,Towers with Radar,951,277,19,0,1247,0,9,22,0,31,951,286,41,0,1278,0,0,0,1278
05/09/2017,EWR,NJ,AEA,EN,Towers with Radar,988,301,17,0,1306,0,7,24,0,31,988,308,41,0,1337,0,0,0,1337
05/10/2017,EWR,NJ,AEA,EN,Towers with Radar,1002,298,19,0,1319,0,13,25,0,38,1002,311,44,0,1357,0,0,0,1357
05/11/2017,EWR,NJ,AEA,EN,Towers with Radar,995,304,12,1,1312,0,14,31,0,45,995,318,43,1,1357,0,0,0,1357
05/12/2017,EWR,NJ,AEA,EN,Towers with Radar,1008,288,8,1,1305,0,11,30,0,41,1008,299,38,1,1346,0,0,0,1346
05/13/2017,EWR,NJ,AEA,EN,Towers with Radar,797,210,16,1,1024,0,1,3,0,4,797,211,19,1,1028,0,0,0,1028
05/14/2017,EWR,NJ,AEA,EN,Towers with Radar,876,221,16,0,1113,0,4,23,2,29,876,225,39,2,1142,0,0,0,1142
05/15/2017,EWR,NJ,AEA,EN,Towers with Radar,968,269,27,0,1264,0,4,21,0,25,968,273,48,0,1289,0,0,0,1289
05/16/2017,EWR,NJ,AEA,EN,Towers with Radar,997,300,19,0,1316,0,13,19,0,32,997,313,38,0,1348,0,0,0,1348
05/17/2017,EWR,NJ,AEA,EN,Towers with Radar,992,284,24,0,1300,0,16,30,0,46,992,300,54,0,1346,0,0,0,1346
05/18/2017,EWR,NJ,AEA,EN,Towers with Radar,976,265,14,2,1257,0,6,37,6,49,976,271,51,8,1306,0,0,0,1306
05/19/2017,EWR,NJ,AEA,EN,Towers with Radar,1026,274,7,0,1307,0,8,29,2,39,1026,282,36,2,1346,0,0,0,1346
05/20/2017,EWR,NJ,AEA,EN,Towers with Radar,822,217,13,0,1052,0,0,18,2,20,822,217,31,2,1072,0,0,0,1072
05/21/2017,EWR,NJ,AEA,EN,Towers with Radar,892,230,21,0,1143,0,4,20,2,26,892,234,41,2,1169,0,0,0,1169
05/22/2017,EWR,NJ,AEA,EN,Towers with Radar,909,220,12,0,1141,0,0,11,0,11,909,220,23,0,1152,0,0,0,1152
05/23/2017,EWR,NJ,AEA,EN,Towers with Radar,983,280,9,0,1272,0,8,24,0,32,983,288,33,0,1304,0,0,0,1304
05/24/2017,EWR,NJ,AEA,EN,Towers with Radar,1018,313,13,0,1344,0,22,22,0,44,1018,335,35,0,1388,0,0,0,1388
05/25/2017,EWR,NJ,AEA,EN,Towers with Radar,868,189,20,0,1077,0,4,2,0,6,868,193,22,0,1083,0,0,0,1083
05/26/2017,EWR,NJ,AEA,EN,Towers with Radar,1071,275,16,0,1362,0,8,36,2,46,1071,283,52,2,1408,0,0,0,1408
05/27/2017,EWR,NJ,AEA,EN,Towers with Radar,793,163,9,0,965,0,2,21,2,25,793,165,30,2,990,0,0,0,990
05/28/2017,EWR,NJ,AEA,EN,Towers with Radar,763,156,3,2,924,0,1,5,0,6,763,157,8,2,930,0,0,0,930
05/29/2017,EWR,NJ,AEA,EN,Towers with Radar,873,224,17,0,1114,0,3,24,0,27,873,227,41,0,1141,0,0,0,1141
05/30/2017,EWR,NJ,AEA,EN,Towers with Radar,926,215,18,2,1161,0,8,17,0,25,926,223,35,2,1186,0,0,0,1186
05/31/2017,EWR,NJ,AEA,EN,Towers with Radar,1010,282,20,0,1312,0,2,13,0,15,1010,284,33,0,1327,0,0,0,1327
06/01/2017,EWR,NJ,AEA,EN,Towers with Radar,1031,311,25,0,1367,0,2,31,0,33,1031,313,56,0,1400,0,0,0,1400
06/02/2017,EWR,NJ,AEA,EN,Towers with Radar,998,288,12,0,1298,0,14,28,0,42,998,302,40,0,1340,0,0,0,1340
06/03/2017,EWR,NJ,AEA,EN,Towers with Radar,823,204,11,0,1038,0,0,13,0,13,823,204,24,0,1051,0,0,0,1051
06/04/2017,EWR,NJ,AEA,EN,Towers with Radar,894,240,28,0,1162,0,6,18,0,24,894,246,46,0,1186,0,0,0,1186
06/05/2017,EWR,NJ,AEA,EN,Towers with Radar,961,281,24,0,1266,0,2,15,0,17,961,283,39,0,1283,0,0,0,1283
06/06/2017,EWR,NJ,AEA,EN,Towers with Radar,999,282,36,0,1317,0,4,8,0,12,999,286,44,0,1329,0,0,0,1329
06/07/2017,EWR,NJ,AEA,EN,Towers with Radar,1006,285,26,0,1317,0,11,48,1,60,1006,296,74,1,1377,0,0,0,1377
06/08/2017,EWR,NJ,AEA,EN,Towers with Radar,1041,300,27,2,1370,0,6,32,0,38,1041,306,59,2,1408,0,0,0,1408
06/09/2017,EWR,NJ,AEA,EN,Towers with Radar,1020,270,31,2,1323,0,11,38,1,50,1020,281,69,3,1373,0,0,0,1373
06/10/2017,EWR,NJ,AEA,EN,Towers with Radar,861,235,17,0,1113,0,8,21,0,29,861,243,38,0,1142,0,0,0,1142
06/11/2017,EWR,NJ,AEA,EN,Towers with Radar,910,222,16,4,1152,0,11,34,0,45,910,233,50,4,1197,0,0,0,1197
06/12/2017,EWR,NJ,AEA,EN,Towers with Radar,1005,278,23,0,1306,0,0,46,0,46,1005,278,69,0,1352,0,0,0,1352
06/13/2017,EWR,NJ,AEA,EN,Towers with Radar,957,245,9,0,1211,0,9,27,0,36,957,254,36,0,1247,0,0,0,1247
06/14/2017,EWR,NJ,AEA,EN,Towers with Radar,1004,278,16,0,1298,0,9,22,0,31,1004,287,38,0,1329,0,0,0,1329
06/15/2017,EWR,NJ,AEA,EN,Towers with Radar,1021,280,11,0,1312,0,8,26,1,35,1021,288,37,1,1347,0,0,0,1347
06/16/2017,EWR,NJ,AEA,EN,Towers with Radar,1037,277,6,0,1320,0,6,22,0,28,1037,283,28,0,1348,0,0,0,1348
06/17/2017,EWR,NJ,AEA,EN,Towers with Radar,874,229,18,0,1121,0,0,6,0,6,874,229,24,0,1127,0,0,0,1127
06/18/2017,EWR,NJ,AEA,EN,Towers with Radar,912,220,21,0,1153,0,0,17,0,17,912,220,38,0,1170,0,0,0,1170
06/19/2017,EWR,NJ,AEA,EN,Towers with Radar,747,127,10,0,884,0,2,11,0,13,747,129,21,0,897,0,0,0,897
06/20/2017,EWR,NJ,AEA,EN,Towers with Radar,1065,281,17,0,1363,0,5,26,0,31,1065,286,43,0,1394,0,0,0,1394
06/21/2017,EWR,NJ,AEA,EN,Towers with Radar,1032,276,23,0,1331,0,4,28,4,36,1032,280,51,4,1367,0,0,0,1367
06/22/2017,EWR,NJ,AEA,EN,Towers with Radar,1063,296,13,0,1372,0,8,36,0,44,1063,304,49,0,1416,0,0,0,1416
06/23/2017,EWR,NJ,AEA,EN,Towers with Radar,993,219,11,0,1223,0,13,29,0,42,993,232,40,0,1265,0,0,0,1265
06/24/2017,EWR,NJ,AEA,EN,Towers with Radar,861,213,10,0,1084,0,3,9,0,12,861,216,19,0,1096,0,0,0,1096
06/25/2017,EWR,NJ,AEA,EN,Towers with Radar,949,232,14,0,1195,0,2,21,0,23,949,234,35,0,1218,0,0,0,1218
06/26/2017,EWR,NJ,AEA,EN,Towers with Radar,1020,268,17,0,1305,0,4,42,0,46,1020,272,59,0,1351,0,0,0,1351
06/27/2017,EWR,NJ,AEA,EN,Towers with Radar,1034,286,14,0,1334,0,4,29,1,34,1034,290,43,1,1368,0,0,0,1368
06/28/2017,EWR,NJ,AEA,EN,Towers with Radar,1046,279,19,0,1344,0,7,44,0,51,1046,286,63,0,1395,0,0,0,1395
06/29/2017,EWR,NJ,AEA,EN,Towers with Radar,1051,288,12,2,1353,0,13,37,0,50,1051,301,49,2,1403,0,0,0,1403
06/30/2017,EWR,NJ,AEA,EN,Towers with Radar,950,219,18,0,1187,0,7,46,0,53,950,226,64,0,1240,0,0,0,1240
07/01/2017,EWR,NJ,AEA,EN,Towers with Radar,841,184,15,0,1040,0,3,17,0,20,841,187,32,0,1060,0,0,0,1060
07/02/2017,EWR,NJ,AEA,EN,Towers with Radar,895,187,3,0,1085,0,2,28,0,30,895,189,31,0,1115,0,0,0,1115
07/03/2017,EWR,NJ,AEA,EN,Towers with Radar,862,172,4,2,1040,0,4,30,2,36,862,176,34,4,1076,0,0,0,1076
07/04/2017,EWR,NJ,AEA,EN,Towers with Radar,842,195,4,0,1041,0,7,15,2,24,842,202,19,2,1065,0,0,0,1065
07/05/2017,EWR,NJ,AEA,EN,Towers with Radar,987,269,10,0,1266,0,7,32,0,39,987,276,42,0,1305,0,0,0,1305
07/06/2017,EWR,NJ,AEA,EN,Towers with Radar,1036,297,14,0,1347,0,4,30,1,35,1036,301,44,1,1382,0,0,0,1382
07/07/2017,EWR,NJ,AEA,EN,Towers with Radar,993,267,14,2,1276,0,0,20,0,20,993,267,34,2,1296,0,0,0,1296
07/08/2017,EWR,NJ,AEA,EN,Towers with Radar,927,251,5,0,1183,0,1,19,1,21,927,252,24,1,1204,0,0,0,1204
07/09/2017,EWR,NJ,AEA,EN,Towers with Radar,958,251,5,0,1214,0,3,35,3,41,958,254,40,3,1255,0,0,0,1255
07/10/2017,EWR,NJ,AEA,EN,Towers with Radar,949,246,10,1,1206,0,0,34,0,34,949,246,44,1,1240,0,0,0,1240
07/11/2017,EWR,NJ,AEA,EN,Towers with Radar,1052,292,6,1,1351,0,6,26,2,34,1052,298,32,3,1385,0,0,0,1385
07/12/2017,EWR,NJ,AEA,EN,Towers with Radar,994,243,14,0,1251,0,4,26,0,30,994,247,40,0,1281,0,0,0,1281
07/13/2017,EWR,NJ,AEA,EN,Towers with Radar,932,209,20,1,1162,0,7,32,0,39,932,216,52,1,1201,0,0,0,1201
07/14/2017,EWR,NJ,AEA,EN,Towers with Radar,946,210,27,3,1186,0,0,11,0,11,946,210,38,3,1197,0,0,0,1197
07/15/2017,EWR,NJ,AEA,EN,Towers with Radar,899,233,10,0,1142,0,2,42,0,44,899,235,52,0,1186,0,0,0,1186
07/16/2017,EWR,NJ,AEA,EN,Towers with Radar,960,243,7,2,1212,0,0,51,6,57,960,243,58,8,1269,0,0,0,1269
07/17/2017,EWR,NJ,AEA,EN,Towers with Radar,889,196,24,0,1109,0,3,42,2,47,889,199,66,2,1156,0,0,0,1156
07/18/2017,EWR,NJ,AEA,EN,Towers with Radar,1098,289,13,0,1400,0,5,29,2,36,1098,294,42,2,1436,0,0,0,1436
07/19/2017,EWR,NJ,AEA,EN,Towers with Radar,1054,305,9,0,1368,0,11,36,0,47,1054,316,45,0,1415,0,0,0,1415
07/20/2017,EWR,NJ,AEA,EN,Towers with Radar,993,254,8,0,1255,0,8,36,0,44,993,262,44,0,1299,0,0,0,1299
07/21/2017,EWR,NJ,AEA,EN,Towers with Radar,1064,296,11,1,1372,0,12,34,0,46,1064,308,45,1,1418,0,0,0,1418
07/22/2017,EWR,NJ,AEA,EN,Towers with Radar,826,197,12,0,1035,0,3,17,2,22,826,200,29,2,1057,0,0,0,1057
07/23/2017,EWR,NJ,AEA,EN,Towers with Radar,875,190,6,0,1071,0,10,20,0,30,875,200,26,0,1101,0,0,0,1101
07/24/2017,EWR,NJ,AEA,EN,Towers with Radar,988,225,11,1,1225,0,0,18,0,18,988,225,29,1,1243,0,0,0,1243
07/25/2017,EWR,NJ,AEA,EN,Towers with Radar,1095,314,14,0,1423,0,5,27,0,32,1095,319,41,0,1455,0,0,0,1455
07/26/2017,EWR,NJ,AEA,EN,Towers with Radar,1062,303,13,0,1378,0,7,32,1,40,1062,310,45,1,1418,0,0,0,1418
07/27/2017,EWR,NJ,AEA,EN,Towers with Radar,1065,310,8,0,1383,0,9,42,0,51,1065,319,50,0,1434,0,0,0,1434
07/28/2017,EWR,NJ,AEA,EN,Towers with Radar,1009,276,8,0,1293,0,11,39,0,50,1009,287,47,0,1343,0,0,0,1343
07/29/2017,EWR,NJ,AEA,EN,Towers with Radar,902,237,19,0,1158,0,1,11,4,16,902,238,30,4,1174,0,0,0,1174
07/30/2017,EWR,NJ,AEA,EN,Towers with Radar,955,245,10,0,1210,0,4,25,0,29,955,249,35,0,1239,0,0,0,1239
07/31/2017,EWR,NJ,AEA,EN,Towers with Radar,1012,287,14,0,1313,0,7,27,0,34,1012,294,41,0,1347,0,0,0,1347
08/01/2017,EWR,NJ,AEA,EN,Towers with Radar,1023,296,17,0,1336,0,5,39,0,44,1023,301,56,0,1380,0,0,0,1380
08/02/2017,EWR,NJ,AEA,EN,Towers with Radar,749,172,19,0,940,0,4,25,0,29,749,176,44,0,969,0,0,0,969
08/03/2017,EWR,NJ,AEA,EN,Towers with Radar,987,250,8,2,1247,0,7,32,0,39,987,257,40,2,1286,0,0,0,1286
08/04/2017,EWR,NJ,AEA,EN,Towers with Radar,940,220,5,0,1165,0,5,51,0,56,940,225,56,0,1221,0,0,0,1221
08/05/2017,EWR,NJ,AEA,EN,Towers with Radar,903,254,8,0,1165,0,2,22,0,24,903,256,30,0,1189,0,0,0,1189
08/06/2017,EWR,NJ,AEA,EN,Towers with Radar,953,268,5,0,1226,0,8,45,0,53,953,276,50,0,1279,0,0,0,1279
08/07/2017,EWR,NJ,AEA,EN,Towers with Radar,937,222,7,0,1166,0,8,28,0,36,937,230,35,0,1202,0,0,0,1202
08/08/2017,EWR,NJ,AEA,EN,Towers with Radar,1074,314,16,0,1404,0,8,42,0,50,1074,322,58,0,1454,0,0,0,1454
08/09/2017,EWR,NJ,AEA,EN,Towers with Radar,1052,307,15,1,1375,0,14,24,0,38,1052,321,39,1,1413,0,0,0,1413
08/10/2017,EWR,NJ,AEA,EN,Towers with Radar,1058,304,23,1,1386,0,15,36,0,51,1058,319,59,1,1437,0,0,0,1437
08/11/2017,EWR,NJ,AEA,EN,Towers with Radar,1005,264,13,0,1282,0,3,39,3,45,1005,267,52,3,1327,0,0,0,1327
08/12/2017,EWR,NJ,AEA,EN,Towers with Radar,886,238,11,0,1135,0,0,28,0,28,886,238,39,0,1163,0,0,0,1163
08/13/2017,EWR,NJ,AEA,EN,Towers with Radar,941,237,16,0,1194,0,8,44,2,54,941,245,60,2,1248,0,0,0,1248
08/14/2017,EWR,NJ,AEA,EN,Towers with Radar,1024,292,13,0,1329,0,2,31,0,33,1024,294,44,0,1362,0,0,0,1362
08/15/2017,EWR,NJ,AEA,EN,Towers with Radar,1040,298,12,0,1350,0,10,24,0,34,1040,308,36,0,1384,0,0,0,1384
08/16/2017,EWR,NJ,AEA,EN,Towers with Radar,1019,282,10,0,1311,0,2,27,2,31,1019,284,37,2,1342,0,0,0,1342
08/17/2017,EWR,NJ,AEA,EN,Towers with Radar,1024,320,15,0,1359,0,8,60,0,68,1024,328,75,0,1427,0,0,0,1427
08/18/2017,EWR,NJ,AEA,EN,Towers with Radar,882,217,12,0,1111,0,8,15,0,23,882,225,27,0,1134,0,0,0,1134
08/19/2017,EWR,NJ,AEA,EN,Towers with Radar,895,250,5,0,1150,0,3,34,3,40,895,253,39,3,1190,0,0,0,1190
08/20/2017,EWR,NJ,AEA,EN,Towers with Radar,916,254,13,1,1184,0,12,43,0,55,916,266,56,1,1239,0,0,0,1239
08/21/2017,EWR,NJ,AEA,EN,Towers with Radar,969,267,9,3,1248,0,8,37,0,45,969,275,46,3,1293,0,0,0,1293
08/22/2017,EWR,NJ,AEA,EN,Towers with Radar,921,233,8,1,1163,0,8,15,2,25,921,241,23,3,1188,0,0,0,1188
08/23/2017,EWR,NJ,AEA,EN,Towers with Radar,1077,303,14,0,1394,1,8,29,0,38,1078,311,43,0,1432,0,0,0,1432
08/24/2017,EWR,NJ,AEA,EN,Towers with Radar,1045,310,9,0,1364,0,18,35,0,53,1045,328,44,0,1417,0,0,0,1417
08/25/2017,EWR,NJ,AEA,EN,Towers with Radar,1022,306,19,2,1349,0,12,36,1,49,1022,318,55,3,1398,0,0,0,1398
08/26/2017,EWR,NJ,AEA,EN,Towers with Radar,831,238,14,0,1083,0,3,25,0,28,831,241,39,0,1111,0,0,0,1111
08/27/2017,EWR,NJ,AEA,EN,Towers with Radar,892,253,8,0,1153,0,9,23,1,33,892,262,31,1,1186,0,0,0,1186
08/28/2017,EWR,NJ,AEA,EN,Towers with Radar,951,285,10,0,1246,0,4,42,2,48,951,289,52,2,1294,0,0,0,1294
08/29/2017,EWR,NJ,AEA,EN,Towers with Radar,985,286,11,0,1282,0,6,31,0,37,985,292,42,0,1319,0,0,0,1319
08/30/2017,EWR,NJ,AEA,EN,Towers with Radar,1003,296,5,0,1304,0,19,35,1,55,1003,315,40,1,1359,0,0,0,1359
08/31/2017,EWR,NJ,AEA,EN,Towers with Radar,1016,303,11,0,1330,0,13,54,0,67,1016,316,65,0,1397,0,0,0,1397
09/01/2017,EWR,NJ,AEA,EN,Towers with Radar,987,310,13,1,1311,0,6,46,0,52,987,316,59,1,1363,0,0,0,1363
09/02/2017,EWR,NJ,AEA,EN,Towers with Radar,800,221,9,0,1030,0,4,14,2,20,800,225,23,2,1050,0,0,0,1050
09/03/2017,EWR,NJ,AEA,EN,Towers with Radar,745,170,7,1,923,0,5,15,1,21,745,175,22,2,944,0,0,0,944
09/04/2017,EWR,NJ,AEA,EN,Towers with Radar,880,246,10,0,1136,0,5,41,0,46,880,251,51,0,1182,0,0,0,1182
09/05/2017,EWR,NJ,AEA,EN,Towers with Radar,854,196,24,0,1074,0,7,32,0,39,854,203,56,0,1113,0,0,0,1113
09/06/2017,EWR,NJ,AEA,EN,Towers with Radar,992,211,22,0,1225,0,4,11,0,15,992,215,33,0,1240,0,0,0,1240
09/07/2017,EWR,NJ,AEA,EN,Towers with Radar,950,250,27,0,1227,0,18,47,0,65,950,268,74,0,1292,0,0,0,1292
09/08/2017,EWR,NJ,AEA,EN,Towers with Radar,943,253,16,5,1217,0,14,31,0,45,943,267,47,5,1262,0,0,0,1262
09/09/2017,EWR,NJ,AEA,EN,Towers with Radar,681,163,12,0,856,0,15,10,1,26,681,178,22,1,882,0,0,0,882
09/10/2017,EWR,NJ,AEA,EN,Towers with Radar,772,214,28,0,1014,0,17,24,9,50,772,231,52,9,1064,0,0,0,1064
09/11/2017,EWR,NJ,AEA,EN,Towers with Radar,821,243,23,2,1089,0,6,36,0,42,821,249,59,2,1131,0,0,0,1131
09/12/2017,EWR,NJ,AEA,EN,Towers with Radar,934,279,18,0,1231,0,15,32,2,49,934,294,50,2,1280,0,0,0,1280
09/13/2017,EWR,NJ,AEA,EN,Towers with Radar,952,254,25,0,1231,0,24,27,0,51,952,278,52,0,1282,0,0,0,1282
09/14/2017,EWR,NJ,AEA,EN,Towers with Radar,1020,277,17,2,1316,0,20,24,0,44,1020,297,41,2,1360,0,0,0,1360
09/15/2017,EWR,NJ,AEA,EN,Towers with Radar,1009,263,18,0,1290,0,25,41,0,66,1009,288,59,0,1356,0,0,0,1356
09/16/2017,EWR,NJ,AEA,EN,Towers with Radar,777,162,25,0,964,0,15,26,0,41,777,177,51,0,1005,0,0,0,1005
09/17/2017,EWR,NJ,AEA,EN,Towers with Radar,887,220,34,0,1141,0,0,19,0,19,887,220,53,0,1160,0,0,0,1160
09/18/2017,EWR,NJ,AEA,EN,Towers with Radar,976,249,23,0,1248,0,5,4,0,9,976,254,27,0,1257,0,0,0,1257
09/19/2017,EWR,NJ,AEA,EN,Towers with Radar,963,251,25,0,1239,0,4,8,0,12,963,255,33,0,1251,0,0,0,1251
09/20/2017,EWR,NJ,AEA,EN,Towers with Radar,992,275,21,0,1288,0,11,6,0,17,992,286,27,0,1305,0,0,0,1305
09/21/2017,EWR,NJ,AEA,EN,Towers with Radar,998,266,7,0,1271,0,10,14,0,24,998,276,21,0,1295,0,0,0,1295
09/22/2017,EWR,NJ,AEA,EN,Towers with Radar,1017,263,13,0,1293,0,25,50,5,80,1017,288,63,5,1373,0,0,0,1373
09/23/2017,EWR,NJ,AEA,EN,Towers with Radar,770,166,12,0,948,0,18,23,0,41,770,184,35,0,989,0,0,0,989
09/24/2017,EWR,NJ,AEA,EN,Towers with Radar,889,219,16,2,1126,0,13,41,0,54,889,232,57,2,1180,0,0,0,1180
09/25/2017,EWR,NJ,AEA,EN,Towers with Radar,973,266,17,0,1256,0,1,35,2,38,973,267,52,2,1294,0,0,0,1294
09/26/2017,EWR,NJ,AEA,EN,Towers with Radar,1008,285,13,0,1306,0,1,19,0,20,1008,286,32,0,1326,0,0,0,1326
09/27/2017,EWR,NJ,AEA,EN,Towers with Radar,994,275,17,0,1286,0,6,22,0,28,994,281,39,0,1314,0,0,0,1314
09/28/2017,EWR,NJ,AEA,EN,Towers with Radar,1002,256,18,2,1278,0,17,40,0,57,1002,273,58,2,1335,0,0,0,1335
09/29/2017,EWR,NJ,AEA,EN,Towers with Radar,1007,262,16,0,1285,0,12,40,1,53,1007,274,56,1,1338,0,0,0,1338
09/30/2017,EWR,NJ,AEA,EN,Towers with Radar,758,166,6,0,930,0,6,33,2,41,758,172,39,2,971,0,0,0,971
10/01/2017,EWR,NJ,AEA,EN,Towers with Radar,902,223,11,2,1138,0,4,19,9,32,902,227,30,11,1170,0,0,0,1170
10/02/2017,EWR,NJ,AEA,EN,Towers with Radar,971,261,25,0,1257,0,6,13,0,19,971,267,38,0,1276,0,0,0,1276
10/03/2017,EWR,NJ,AEA,EN,Towers with Radar,997,271,15,0,1283,0,19,28,0,47,997,290,43,0,1330,0,0,0,1330
10/04/2017,EWR,NJ,AEA,EN,Towers with Radar,1003,281,16,0,1300,0,12,27,0,39,1003,293,43,0,1339,0,0,0,1339
10/05/2017,EWR,NJ,AEA,EN,Towers with Radar,1030,288,11,1,1330,0,21,22,2,45,1030,309,33,3,1375,0,0,0,1375
10/06/2017,EWR,NJ,AEA,EN,Towers with Radar,995,293,12,1,1301,0,4,40,3,47,995,297,52,4,1348,0,0,0,1348
10/07/2017,EWR,NJ,AEA,EN,Towers with Radar,770,189,9,0,968,0,11,23,0,34,770,200,32,0,1002,0,0,0,1002
10/08/2017,EWR,NJ,AEA,EN,Towers with Radar,884,235,18,0,1137,0,14,13,0,27,884,249,31,0,1164,0,0,0,1164
10/09/2017,EWR,NJ,AEA,EN,Towers with Radar,928,236,10,0,1174,0,0,7,0,7,928,236,17,0,1181,0,0,0,1181
10/10/2017,EWR,NJ,AEA,EN,Towers with Radar,1018,300,12,0,1330,0,9,24,0,33,1018,309,36,0,1363,0,0,0,1363
10/11/2017,EWR,NJ,AEA,EN,Towers with Radar,996,277,17,0,1290,0,9,23,2,34,996,286,40,2,1324,0,0,0,1324
10/12/2017,EWR,NJ,AEA,EN,Towers with Radar,1026,284,16,0,1326,0,13,23,0,36,1026,297,39,0,1362,0,0,0,1362
10/13/2017,EWR,NJ,AEA,EN,Towers with Radar,1010,275,20,0,1305,0,13,41,2,56,1010,288,61,2,1361,0,0,0,1361
10/14/2017,EWR,NJ,AEA,EN,Towers with Radar,772,176,10,0,958,0,4,10,0,14,772,180,20,0,972,0,0,0,972
10/15/2017,EWR,NJ,AEA,EN,Towers with Radar,896,227,24,0,1147,0,9,11,0,20,896,236,35,0,1167,0,0,0,1167
10/16/2017,EWR,NJ,AEA,EN,Towers with Radar,977,265,16,0,1258,0,5,25,1,31,977,270,41,1,1289,0,0,0,1289
10/17/2017,EWR,NJ,AEA,EN,Towers with Radar,1014,283,23,0,1320,0,11,36,1,48,1014,294,59,1,1368,0,0,0,1368
10/18/2017,EWR,NJ,AEA,EN,Towers with Radar,997,284,14,0,1295,0,19,18,1,38,997,303,32,1,1333,0,0,0,1333
10/19/2017,EWR,NJ,AEA,EN,Towers with Radar,1019,281,10,0,1310,0,8,21,0,29,1019,289,31,0,1339,0,0,0,1339
10/20/2017,EWR,NJ,AEA,EN,Towers with Radar,1022,267,12,0,1301,0,14,29,0,43,1022,281,41,0,1344,0,0,0,1344
10/21/2017,EWR,NJ,AEA,EN,Towers with Radar,784,170,6,0,960,0,2,15,0,17,784,172,21,0,977,0,0,0,977
10/22/2017,EWR,NJ,AEA,EN,Towers with Radar,895,219,21,2,1137,0,5,33,2,40,895,224,54,4,1177,0,0,0,1177
10/23/2017,EWR,NJ,AEA,EN,Towers with Radar,978,261,13,0,1252,0,4,16,0,20,978,265,29,0,1272,0,0,0,1272
10/24/2017,EWR,NJ,AEA,EN,Towers with Radar,811,163,14,0,988,0,4,13,0,17,811,167,27,0,1005,0,0,0,1005
10/25/2017,EWR,NJ,AEA,EN,Towers with Radar,1007,290,13,0,1310,0,6,17,2,25,1007,296,30,2,1335,0,0,0,1335
10/26/2017,EWR,NJ,AEA,EN,Towers with Radar,1030,290,15,2,1337,0,29,31,2,62,1030,319,46,4,1399,0,0,0,1399
10/27/2017,EWR,NJ,AEA,EN,Towers with Radar,1012,285,23,0,1320,0,15,32,2,49,1012,300,55,2,1369,0,0,0,1369
10/28/2017,EWR,NJ,AEA,EN,Towers with Radar,771,177,7,0,955,0,16,23,0,39,771,193,30,0,994,0,0,0,994
10/29/2017,EWR,NJ,AEA,EN,Towers with Radar,777,123,11,0,911,0,0,5,0,5,777,123,16,0,916,0,0,0,916
10/30/2017,EWR,NJ,AEA,EN,Towers with Radar,961,211,15,2,1189,0,6,11,0,17,961,217,26,2,1206,0,0,0,1206
10/31/2017,EWR,NJ,AEA,EN,Towers with Radar,954,259,9,0,1222,0,11,23,0,34,954,270,32,0,1256,0,0,0,1256
11/01/2017,EWR,NJ,AEA,EN,Towers with Radar,991,262,13,1,1267,0,14,19,0,33,991,276,32,1,1300,0,0,0,1300
11/02/2017,EWR,NJ,AEA,EN,Towers with Radar,1048,266,24,2,1340,0,9,20,0,29,1048,275,44,2,1369,0,0,0,1369
11/03/2017,EWR,NJ,AEA,EN,Towers with Radar,1023,255,18,1,1297,0,12,24,0,36,1023,267,42,1,1333,0,0,0,1333
11/04/2017,EWR,NJ,AEA,EN,Towers with Radar,797,179,8,0,984,0,8,18,0,26,797,187,26,0,1010,0,0,0,1010
11/05/2017,EWR,NJ,AEA,EN,Towers with Radar,876,172,15,0,1063,0,0,10,0,10,876,172,25,0,1073,0,0,0,1073
11/06/2017,EWR,NJ,AEA,EN,Towers with Radar,992,239,9,0,1240,0,2,5,0,7,992,241,14,0,1247,0,0,0,1247
11/07/2017,EWR,NJ,AEA,EN,Towers with Radar,991,244,10,0,1245,1,10,17,0,28,992,254,27,0,1273,0,0,0,1273
11/08/2017,EWR,NJ,AEA,EN,Towers with Radar,1011,255,10,0,1276,0,5,22,0,27,1011,260,32,0,1303,0,0,0,1303
11/09/2017,EWR,NJ,AEA,EN,Towers with Radar,1040,263,13,0,1316,0,8,25,0,33,1040,271,38,0,1349,0,0,0,1349
11/10/2017,EWR,NJ,AEA,EN,Towers with Radar,1026,238,5,0,1269,0,8,28,0,36,1026,246,33,0,1305,0,0,0,1305
11/11/2017,EWR,NJ,AEA,EN,Towers with Radar,804,187,2,0,993,0,4,11,3,18,804,191,13,3,1011,0,0,0,1011
11/12/2017,EWR,NJ,AEA,EN,Towers with Radar,911,207,16,0,1134,0,4,18,4,26,911,211,34,4,1160,0,0,0,1160
11/13/2017,EWR,NJ,AEA,EN,Towers with Radar,986,244,15,0,1245,0,4,26,0,30,986,248,41,0,1275,0,0,0,1275
11/14/2017,EWR,NJ,AEA,EN,Towers with Radar,1027,257,17,0,1301,0,6,13,0,19,1027,263,30,0,1320,0,0,0,1320
11/15/2017,EWR,NJ,AEA,EN,Towers with Radar,1021,261,11,0,1293,0,9,16,0,25,1021,270,27,0,1318,0,0,0,1318
11/16/2017,EWR,NJ,AEA,EN,Towers with Radar,1048,263,10,2,1323,0,16,17,0,33,1048,279,27,2,1356,0,0,0,1356
11/17/2017,EWR,NJ,AEA,EN,Towers with Radar,1032,274,20,1,1327,0,12,28,1,41,1032,286,48,2,1368,0,0,0,1368
11/18/2017,EWR,NJ,AEA,EN,Towers with Radar,808,184,14,0,1006,0,2,14,0,16,808,186,28,0,1022,0,0,0,1022
11/19/2017,EWR,NJ,AEA,EN,Towers with Radar,883,178,13,1,1075,0,8,7,0,15,883,186,20,1,1090,0,0,0,1090
11/20/2017,EWR,NJ,AEA,EN,Towers with Radar,905,203,14,2,1124,0,15,34,2,51,905,218,48,4,1175,0,0,0,1175
11/21/2017,EWR,NJ,AEA,EN,Towers with Radar,996,249,13,0,1258,0,17,24,0,41,996,266,37,0,1299,0,0,0,1299
11/22/2017,EWR,NJ,AEA,EN,Towers with Radar,1034,246,3,0,1283,0,16,18,0,34,1034,262,21,0,1317,0,0,0,1317
11/23/2017,EWR,NJ,AEA,EN,Towers with Radar,631,105,1,0,737,0,3,6,0,9,631,108,7,0,746,0,0,0,746
11/24/2017,EWR,NJ,AEA,EN,Towers with Radar,756,133,3,0,892,0,22,14,0,36,756,155,17,0,928,0,0,0,928
11/25/2017,EWR,NJ,AEA,EN,Towers with Radar,906,237,4,0,1147,0,3,3,0,6,906,240,7,0,1153,0,0,0,1153
11/26/2017,EWR,NJ,AEA,EN,Towers with Radar,982,247,7,0,1236,0,9,23,2,34,982,256,30,2,1270,0,0,0,1270
11/27/2017,EWR,NJ,AEA,EN,Towers with Radar,1030,256,14,0,1300,0,6,14,0,20,1030,262,28,0,1320,0,0,0,1320
11/28/2017,EWR,NJ,AEA,EN,Towers with Radar,1048,258,15,0,1321,0,15,14,0,29,1048,273,29,0,1350,0,0,0,1350
11/29/2017,EWR,NJ,AEA,EN,Towers with Radar,1018,261,21,0,1300,0,15,20,0,35,1018,276,41,0,1335,0,0,0,1335
11/30/2017,EWR,NJ,AEA,EN,Towers with Radar,1049,270,23,0,1342,0,12,17,0,29,1049,282,40,0,1371,0,0,0,1371
12/01/2017,EWR,NJ,AEA,EN,Towers with Radar,1046,255,11,0,1312,0,14,29,0,43,1046,269,40,0,1355,0,0,0,1355
12/02/2017,EWR,NJ,AEA,EN,Towers with Radar,753,172,19,0,944,0,0,27,3,30,753,172,46,3,974,0,0,0,974
12/03/2017,EWR,NJ,AEA,EN,Towers with Radar,902,201,15,0,1118,0,9,17,4,30,902,210,32,4,1148,0,0,0,1148
12/04/2017,EWR,NJ,AEA,EN,Towers with Radar,979,238,25,0,1242,0,5,13,0,18,979,243,38,0,1260,0,0,0,1260
12/05/2017,EWR,NJ,AEA,EN,Towers with Radar,997,205,13,0,1215,0,11,15,0,26,997,216,28,0,1241,0,0,0,1241
12/06/2017,EWR,NJ,AEA,EN,Towers with Radar,1035,251,18,0,1304,0,13,24,1,38,1035,264,42,1,1342,0,0,0,1342
12/07/2017,EWR,NJ,AEA,EN,Towers with Radar,1048,259,21,0,1328,0,24,36,0,60,1048,283,57,0,1388,0,0,0,1388
12/08/2017,EWR,NJ,AEA,EN,Towers with Radar,1016,236,16,1,1269,0,16,32,0,48,1016,252,48,1,1317,0,0,0,1317
12/09/2017,EWR,NJ,AEA,EN,Towers with Radar,705,126,9,1,841,0,0,0,0,0,705,126,9,1,841,0,0,0,841
12/10/2017,EWR,NJ,AEA,EN,Towers with Radar,905,194,9,0,1108,0,0,13,0,13,905,194,22,0,1121,0,0,0,1121
12/11/2017,EWR,NJ,AEA,EN,Towers with Radar,978,231,20,0,1229,0,16,28,0,44,978,247,48,0,1273,0,0,0,1273
12/12/2017,EWR,NJ,AEA,EN,Towers with Radar,1021,238,8,0,1267,0,10,15,0,25,1021,248,23,0,1292,0,0,0,1292
12/13/2017,EWR,NJ,AEA,EN,Towers with Radar,1025,250,17,2,1294,0,10,17,0,27,1025,260,34,2,1321,0,0,0,1321
12/14/2017,EWR,NJ,AEA,EN,Towers with Radar,1056,258,16,1,1331,0,0,24,0,24,1056,258,40,1,1355,0,0,0,1355
12/15/2017,EWR,NJ,AEA,EN,Towers with Radar,924,200,22,1,1147,0,9,16,0,25,924,209,38,1,1172,0,0,0,1172
12/16/2017,EWR,NJ,AEA,EN,Towers with Radar,837,197,10,0,1044,0,3,12,2,17,837,200,22,2,1061,0,0,0,1061
12/17/2017,EWR,NJ,AEA,EN,Towers with Radar,908,205,10,0,1123,0,3,19,0,22,908,208,29,0,1145,0,0,0,1145
12/18/2017,EWR,NJ,AEA,EN,Towers with Radar,992,230,10,0,1232,0,4,20,0,24,992,234,30,0,1256,0,0,0,1256
12/19/2017,EWR,NJ,AEA,EN,Towers with Radar,1056,243,7,0,1306,0,13,18,0,31,1056,256,25,0,1337,0,0,0,1337
12/20/2017,EWR,NJ,AEA,EN,Towers with Radar,1066,252,21,0,1339,0,14,17,0,31,1066,266,38,0,1370,0,0,0,1370
12/21/2017,EWR,NJ,AEA,EN,Towers with Radar,1088,267,3,2,1360,0,14,9,0,23,1088,281,12,2,1383,0,0,0,1383
12/22/2017,EWR,NJ,AEA,EN,Towers with Radar,1064,249,8,0,1321,0,12,20,0,32,1064,261,28,0,1353,0,0,0,1353
12/23/2017,EWR,NJ,AEA,EN,Towers with Radar,926,215,12,0,1153,0,0,0,0,0,926,215,12,0,1153,0,0,0,1153
12/24/2017,EWR,NJ,AEA,EN,Towers with Radar,768,178,5,0,951,0,0,6,0,6,768,178,11,0,957,0,0,0,957
12/25/2017,EWR,NJ,AEA,EN,Towers with Radar,768,180,3,0,951,0,2,4,0,6,768,182,7,0,957,0,0,0,957
12/26/2017,EWR,NJ,AEA,EN,Towers with Radar,963,231,6,0,1200,0,13,14,0,27,963,244,20,0,1227,0,0,0,1227
12/27/2017,EWR,NJ,AEA,EN,Towers with Radar,1060,241,12,0,1313,0,10,6,0,16,1060,251,18,0,1329,0,0,0,1329
12/28/2017,EWR,NJ,AEA,EN,Towers with Radar,1039,238,6,0,1283,0,11,13,0,24,1039,249,19,0,1307,0,0,0,1307
12/29/2017,EWR,NJ,AEA,EN,Towers with Radar,1013,240,8,0,1261,0,8,11,2,21,1013,248,19,2,1282,0,0,0,1282
12/30/2017,EWR,NJ,AEA,EN,Towers with Radar,900,221,4,0,1125,0,2,0,0,2,900,223,4,0,1127,0,0,0,1127
12/31/2017,EWR,NJ,AEA,EN,Towers with Radar,799,163,1,0,963,1,3,4,0,8,800,166,5,0,971,0,0,0,971
01/01/2018,EWR,NJ,AEA,EN,Towers with Radar,861,216,6,0,1083,0,0,8,0,8,861,216,14,0,1091,0,0,0,1091
01/02/2018,EWR,NJ,AEA,EN,Towers with Radar,976,227,16,0,1219,1,3,16,0,20,977,230,32,0,1239,0,0,0,1239
01/03/2018,EWR,NJ,AEA,EN,Towers with Radar,1005,232,10,0,1247,0,17,21,0,38,1005,249,31,0,1285,0,0,0,1285
01/04/2018,EWR,NJ,AEA,EN,Towers with Radar,141,19,3,0,163,0,0,1,0,1,141,19,4,0,164,0,0,0,164
01/05/2018,EWR,NJ,AEA,EN,Towers with Radar,795,174,7,0,976,0,10,21,0,31,795,184,28,0,1007,0,0,0,1007
01/06/2018,EWR,NJ,AEA,EN,Towers with Radar,876,226,7,0,1109,0,4,15,0,19,876,230,22,0,1128,0,0,0,1128
01/07/2018,EWR,NJ,AEA,EN,Towers with Radar,942,233,15,0,1190,0,2,7,2,11,942,235,22,2,1201,0,0,0,1201
01/08/2018,EWR,NJ,AEA,EN,Towers with Radar,846,176,15,0,1037,1,0,4,0,5,847,176,19,0,1042,0,0,0,1042
01/09/2018,EWR,NJ,AEA,EN,Towers with Radar,947,264,9,0,1220,0,5,21,0,26,947,269,30,0,1246,0,0,0,1246
01/10/2018,EWR,NJ,AEA,EN,Towers with Radar,931,270,5,0,1206,0,17,15,0,32,931,287,20,0,1238,0,0,0,1238
01/11/2018,EWR,NJ,AEA,EN,Towers with Radar,947,276,16,0,1239,0,10,16,0,26,947,286,32,0,1265,0,0,0,1265
01/12/2018,EWR,NJ,AEA,EN,Towers with Radar,860,200,16,0,1076,0,0,0,0,0,860,200,16,0,1076,0,0,0,1076
01/13/2018,EWR,NJ,AEA,EN,Towers with Radar,778,174,11,0,963,0,11,10,0,21,778,185,21,0,984,0,0,0,984
01/14/2018,EWR,NJ,AEA,EN,Towers with Radar,849,225,5,0,1079,0,3,8,0,11,849,228,13,0,1090,0,0,0,1090
01/15/2018,EWR,NJ,AEA,EN,Towers with Radar,889,251,10,0,1150,0,8,15,0,23,889,259,25,0,1173,0,0,0,1173
01/16/2018,EWR,NJ,AEA,EN,Towers with Radar,912,269,13,0,1194,0,8,8,0,16,912,277,21,0,1210,0,0,0,1210
01/17/2018,EWR,NJ,AEA,EN,Towers with Radar,882,252,13,0,1147,0,2,7,1,10,882,254,20,1,1157,0,0,0,1157
01/18/2018,EWR,NJ,AEA,EN,Towers with Radar,945,274,14,1,1234,0,4,20,0,24,945,278,34,1,1258,0,0,0,1258
01/19/2018,EWR,NJ,AEA,EN,Towers with Radar,940,262,12,0,1214,0,14,24,2,40,940,276,36,2,1254,0,0,0,1254
01/20/2018,EWR,NJ,AEA,EN,Towers with Radar,771,178,11,0,960,0,3,10,0,13,771,181,21,0,973,0,0,0,973
01/21/2018,EWR,NJ,AEA,EN,Towers with Radar,870,231,13,0,1114,0,1,26,2,29,870,232,39,2,1143,0,0,0,1143
01/22/2018,EWR,NJ,AEA,EN,Towers with Radar,885,247,13,0,1145,0,11,14,0,25,885,258,27,0,1170,0,0,0,1170
01/23/2018,EWR,NJ,AEA,EN,Towers with Radar,890,247,12,0,1149,0,2,7,2,11,890,249,19,2,1160,0,0,0,1160
01/24/2018,EWR,NJ,AEA,EN,Towers with Radar,923,259,12,0,1194,0,11,19,2,32,923,270,31,2,1226,0,0,0,1226
01/25/2018,EWR,NJ,AEA,EN,Towers with Radar,943,273,9,0,1225,0,12,13,0,25,943,285,22,0,1250,0,0,0,1250
01/26/2018,EWR,NJ,AEA,EN,Towers with Radar,935,259,13,0,1207,0,10,18,0,28,935,269,31,0,1235,0,0,0,1235
01/27/2018,EWR,NJ,AEA,EN,Towers with Radar,760,177,2,0,939,0,7,12,0,19,760,184,14,0,958,0,0,0,958
01/28/2018,EWR,NJ,AEA,EN,Towers with Radar,866,232,8,0,1106,0,4,11,0,15,866,236,19,0,1121,0,0,0,1121
01/29/2018,EWR,NJ,AEA,EN,Towers with Radar,897,239,14,0,1150,0,10,15,0,25,897,249,29,0,1175,0,0,0,1175
01/30/2018,EWR,NJ,AEA,EN,Towers with Radar,917,258,10,0,1185,0,2,10,0,12,917,260,20,0,1197,0,0,0,1197
01/31/2018,EWR,NJ,AEA,EN,Towers with Radar,926,253,15,0,1194,0,6,31,0,37,926,259,46,0,1231,0,0,0,1231
02/01/2018,EWR,NJ,AEA,EN,Towers with Radar,945,276,4,0,1225,0,8,22,0,30,945,284,26,0,1255,0,0,0,1255
02/02/2018,EWR,NJ,AEA,EN,Towers with Radar,928,246,13,0,1187,0,15,24,0,39,928,261,37,0,1226,0,0,0,1226
02/03/2018,EWR,NJ,AEA,EN,Towers with Radar,766,195,8,0,969,1,4,13,0,18,767,199,21,0,987,0,0,0,987
02/04/2018,EWR,NJ,AEA,EN,Towers with Radar,802,206,14,0,1022,0,2,5,0,7,802,208,19,0,1029,0,0,0,1029
02/05/2018,EWR,NJ,AEA,EN,Towers with Radar,904,253,15,0,1172,0,8,21,0,29,904,261,36,0,1201,0,0,0,1201
02/06/2018,EWR,NJ,AEA,EN,Towers with Radar,909,249,5,0,1163,0,17,35,0,52,909,266,40,0,1215,0,0,0,1215
02/07/2018,EWR,NJ,AEA,EN,Towers with Radar,804,118,16,0,938,0,2,1,0,3,804,120,17,0,941,0,0,0,941
02/08/2018,EWR,NJ,AEA,EN,Towers with Radar,944,271,19,0,1234,1,14,30,2,47,945,285,49,2,1281,0,0,0,1281
02/09/2018,EWR,NJ,AEA,EN,Towers with Radar,913,255,12,0,1180,0,14,21,0,35,913,269,33,0,1215,0,0,0,1215
02/10/2018,EWR,NJ,AEA,EN,Towers with Radar,763,177,8,0,948,0,6,0,0,6,763,183,8,0,954,0,0,0,954
02/11/2018,EWR,NJ,AEA,EN,Towers with Radar,804,181,11,0,996,0,0,2,0,2,804,181,13,0,998,0,0,0,998
02/12/2018,EWR,NJ,AEA,EN,Towers with Radar,929,259,20,0,1208,0,12,19,0,31,929,271,39,0,1239,0,0,0,1239
02/13/2018,EWR,NJ,AEA,EN,Towers with Radar,936,272,10,0,1218,0,5,14,0,19,936,277,24,0,1237,0,0,0,1237
02/14/2018,EWR,NJ,AEA,EN,Towers with Radar,907,266,12,0,1185,0,14,24,0,38,907,280,36,0,1223,0,0,0,1223
02/15/2018,EWR,NJ,AEA,EN,Towers with Radar,976,266,10,0,1252,0,6,13,0,19,976,272,23,0,1271,0,0,0,1271
02/16/2018,EWR,NJ,AEA,EN,Towers with Radar,1017,248,12,0,1277,0,15,23,0,38,1017,263,35,0,1315,0,0,0,1315
02/17/2018,EWR,NJ,AEA,EN,Towers with Radar,750,150,11,0,911,0,6,15,0,21,750,156,26,0,932,0,0,0,932
02/18/2018,EWR,NJ,AEA,EN,Towers with Radar,939,219,7,0,1165,0,10,6,0,16,939,229,13,0,1181,0,0,0,1181
02/19/2018,EWR,NJ,AEA,EN,Towers with Radar,952,233,24,0,1209,0,0,16,0,16,952,233,40,0,1225,0,0,0,1225
02/20/2018,EWR,NJ,AEA,EN,Towers with Radar,998,274,20,0,1292,0,2,14,0,16,998,276,34,0,1308,0,0,0,1308
02/21/2018,EWR,NJ,AEA,EN,Towers with Radar,999,245,12,0,1256,0,6,12,0,18,999,251,24,0,1274,0,0,0,1274
02/22/2018,EWR,NJ,AEA,EN,Towers with Radar,988,230,10,0,1228,0,4,8,0,12,988,234,18,0,1240,0,0,0,1240
02/23/2018,EWR,NJ,AEA,EN,Towers with Radar,1007,244,11,0,1262,0,7,1,0,8,1007,251,12,0,1270,0,0,0,1270
02/24/2018,EWR,NJ,AEA,EN,Towers with Radar,859,156,11,0,1026,0,0,14,0,14,859,156,25,0,1040,0,0,0,1040
02/25/2018,EWR,NJ,AEA,EN,Towers with Radar,920,221,11,0,1152,0,0,0,0,0,920,221,11,0,1152,0,0,0,1152
02/26/2018,EWR,NJ,AEA,EN,Towers with Radar,976,234,15,0,1225,0,5,12,0,17,976,239,27,0,1242,0,0,0,1242
02/27/2018,EWR,NJ,AEA,EN,Towers with Radar,1002,248,14,0,1264,0,12,37,0,49,1002,260,51,0,1313,0,0,0,1313
02/28/2018,EWR,NJ,AEA,EN,Towers with Radar,1013,251,20,0,1284,0,7,22,0,29,1013,258,42,0,1313,0,0,0,1313
03/01/2018,EWR,NJ,AEA,EN,Towers with Radar,1007,262,24,0,1293,0,4,20,0,24,1007,266,44,0,1317,0,0,0,1317
03/02/2018,EWR,NJ,AEA,EN,Towers with Radar,650,62,8,0,720,0,3,0,0,3,650,65,8,0,723,0,0,0,723
03/03/2018,EWR,NJ,AEA,EN,Towers with Radar,841,151,13,1,1006,0,7,5,0,12,841,158,18,1,1018,0,0,0,1018
03/04/2018,EWR,NJ,AEA,EN,Towers with Radar,941,224,7,0,1172,0,6,6,0,12,941,230,13,0,1184,0,0,0,1184
03/05/2018,EWR,NJ,AEA,EN,Towers with Radar,982,218,6,0,1206,1,7,25,0,33,983,225,31,0,1239,0,0,0,1239
03/06/2018,EWR,NJ,AEA,EN,Towers with Radar,1016,235,15,0,1266,0,9,19,0,28,1016,244,34,0,1294,0,0,0,1294
03/07/2018,EWR,NJ,AEA,EN,Towers with Radar,481,30,15,0,526,0,0,2,0,2,481,30,17,0,528,0,0,0,528
03/08/2018,EWR,NJ,AEA,EN,Towers with Radar,973,232,23,0,1228,0,11,20,0,31,973,243,43,0,1259,0,0,0,1259
03/09/2018,EWR,NJ,AEA,EN,Towers with Radar,1014,254,12,0,1280,0,13,22,0,35,1014,267,34,0,1315,0,0,0,1315
03/10/2018,EWR,NJ,AEA,EN,Towers with Radar,888,210,12,0,1110,0,0,10,0,10,888,210,22,0,1120,0,0,0,1120
03/11/2018,EWR,NJ,AEA,EN,Towers with Radar,930,243,11,0,1184,0,3,11,0,14,930,246,22,0,1198,0,0,0,1198
03/12/2018,EWR,NJ,AEA,EN,Towers with Radar,972,242,26,0,1240,0,0,7,0,7,972,242,33,0,1247,0,0,0,1247
03/13/2018,EWR,NJ,AEA,EN,Towers with Radar,981,229,26,0,1236,0,0,16,0,16,981,229,42,0,1252,0,0,0,1252
03/14/2018,EWR,NJ,AEA,EN,Towers with Radar,992,268,18,0,1278,0,11,14,0,25,992,279,32,0,1303,0,0,0,1303
03/15/2018,EWR,NJ,AEA,EN,Towers with Radar,1040,279,16,0,1335,0,6,25,2,33,1040,285,41,2,1368,0,0,0,1368
03/16/2018,EWR,NJ,AEA,EN,Towers with Radar,1007,258,15,0,1280,0,7,24,0,31,1007,265,39,0,1311,0,0,0,1311
03/17/2018,EWR,NJ,AEA,EN,Towers with Radar,860,198,11,0,1069,0,0,16,0,16,860,198,27,0,1085,0,0,0,1085
03/18/2018,EWR,NJ,AEA,EN,Towers with Radar,933,246,10,0,1189,0,2,13,0,15,933,248,23,0,1204,0,0,0,1204
03/19/2018,EWR,NJ,AEA,EN,Towers with Radar,987,256,12,0,1255,0,0,16,0,16,987,256,28,0,1271,0,0,0,1271
03/20/2018,EWR,NJ,AEA,EN,Towers with Radar,967,239,15,0,1221,0,8,9,2,19,967,247,24,2,1240,0,0,0,1240
03/21/2018,EWR,NJ,AEA,EN,Towers with Radar,225,8,11,0,244,0,0,0,0,0,225,8,11,0,244,0,0,0,244
03/22/2018,EWR,NJ,AEA,EN,Towers with Radar,909,244,20,0,1173,0,6,13,0,19,909,250,33,0,1192,0,0,0,1192
03/23/2018,EWR,NJ,AEA,EN,Towers with Radar,1043,268,10,0,1321,0,9,19,0,28,1043,277,29,0,1349,0,0,0,1349
03/24/2018,EWR,NJ,AEA,EN,Towers with Radar,872,202,11,0,1085,0,0,6,0,6,872,202,17,0,1091,0,0,0,1091
03/25/2018,EWR,NJ,AEA,EN,Towers with Radar,949,238,10,0,1197,0,2,6,0,8,949,240,16,0,1205,0,0,0,1205
03/26/2018,EWR,NJ,AEA,EN,Towers with Radar,997,252,14,0,1263,0,3,15,0,18,997,255,29,0,1281,0,0,0,1281
03/27/2018,EWR,NJ,AEA,EN,Towers with Radar,1042,268,18,0,1328,0,4,7,0,11,1042,272,25,0,1339,0,0,0,1339
03/28/2018,EWR,NJ,AEA,EN,Towers with Radar,1048,276,13,0,1337,0,4,12,0,16,1048,280,25,0,1353,0,0,0,1353
03/29/2018,EWR,NJ,AEA,EN,Towers with Radar,1019,245,13,0,1277,0,4,2,0,6,1019,249,15,0,1283,0,0,0,1283
03/30/2018,EWR,NJ,AEA,EN,Towers with Radar,1055,258,11,0,1324,0,8,7,0,15,1055,266,18,0,1339,0,0,0,1339
03/31/2018,EWR,NJ,AEA,EN,Towers with Radar,872,199,15,0,1086,0,0,5,0,5,872,199,20,0,1091,0,0,0,1091
04/01/2018,EWR,NJ,AEA,EN,Towers with Radar,943,231,11,0,1185,0,3,12,0,15,943,234,23,0,1200,0,0,0,1200
04/02/2018,EWR,NJ,AEA,EN,Towers with Radar,904,205,16,0,1125,0,2,14,0,16,904,207,30,0,1141,0,0,0,1141
04/03/2018,EWR,NJ,AEA,EN,Towers with Radar,1028,219,11,0,1258,0,4,11,0,15,1028,223,22,0,1273,0,0,0,1273
04/04/2018,EWR,NJ,AEA,EN,Towers with Radar,898,185,19,0,1102,0,0,7,0,7,898,185,26,0,1109,0,0,0,1109
04/05/2018,EWR,NJ,AEA,EN,Towers with Radar,1106,275,9,0,1390,0,12,17,2,31,1106,287,26,2,1421,0,0,0,1421
04/06/2018,EWR,NJ,AEA,EN,Towers with Radar,1038,258,10,0,1306,0,4,28,0,32,1038,262,38,0,1338,0,0,0,1338
04/07/2018,EWR,NJ,AEA,EN,Towers with Radar,867,191,7,0,1065,0,2,7,0,9,867,193,14,0,1074,0,0,0,1074
04/08/2018,EWR,NJ,AEA,EN,Towers with Radar,956,234,9,0,1199,0,0,12,0,12,956,234,21,0,1211,0,0,0,1211
04/09/2018,EWR,NJ,AEA,EN,Towers with Radar,1006,243,18,0,1267,0,0,20,0,20,1006,243,38,0,1287,0,0,0,1287
04/10/2018,EWR,NJ,AEA,EN,Towers with Radar,1023,268,11,0,1302,0,6,23,1,30,1023,274,34,1,1332,0,0,0,1332
04/11/2018,EWR,NJ,AEA,EN,Towers with Radar,1040,266,15,0,1321,0,6,24,0,30,1040,272,39,0,1351,0,0,0,1351
04/12/2018,EWR,NJ,AEA,EN,Towers with Radar,1060,262,14,0,1336,0,4,17,0,21,1060,266,31,0,1357,0,0,0,1357
04/13/2018,EWR,NJ,AEA,EN,Towers with Radar,1022,263,14,0,1299,0,3,28,0,31,1022,266,42,0,1330,0,0,0,1330
04/14/2018,EWR,NJ,AEA,EN,Towers with Radar,852,201,17,0,1070,1,0,6,0,7,853,201,23,0,1077,0,0,0,1077
04/15/2018,EWR,NJ,AEA,EN,Towers with Radar,850,209,8,0,1067,0,2,5,0,7,850,211,13,0,1074,0,0,0,1074
04/16/2018,EWR,NJ,AEA,EN,Towers with Radar,909,179,13,0,1101,0,2,1,0,3,909,181,14,0,1104,0,0,0,1104
04/17/2018,EWR,NJ,AEA,EN,Towers with Radar,1057,266,12,0,1335,0,8,13,0,21,1057,274,25,0,1356,0,0,0,1356
04/18/2018,EWR,NJ,AEA,EN,Towers with Radar,1034,279,15,0,1328,0,12,20,0,32,1034,291,35,0,1360,0,0,0,1360
04/19/2018,EWR,NJ,AEA,EN,Towers with Radar,1034,264,15,0,1313,0,3,15,2,20,1034,267,30,2,1333,0,0,0,1333
04/20/2018,EWR,NJ,AEA,EN,Towers with Radar,1035,254,13,0,1302,0,12,30,0,42,1035,266,43,0,1344,0,0,0,1344
04/21/2018,EWR,NJ,AEA,EN,Towers with Radar,879,206,17,0,1102,0,0,10,0,10,879,206,27,0,1112,0,0,0,1112
04/22/2018,EWR,NJ,AEA,EN,Towers with Radar,952,243,7,0,1202,0,0,14,0,14,952,243,21,0,1216,0,0,0,1216
04/23/2018,EWR,NJ,AEA,EN,Towers with Radar,990,247,9,0,1246,0,3,20,0,23,990,250,29,0,1269,0,0,0,1269
04/24/2018,EWR,NJ,AEA,EN,Towers with Radar,1028,260,15,0,1303,0,4,16,0,20,1028,264,31,0,1323,0,0,0,1323
04/25/2018,EWR,NJ,AEA,EN,Towers with Radar,990,222,19,0,1231,0,0,4,0,4,990,222,23,0,1235,0,0,0,1235
04/26/2018,EWR,NJ,AEA,EN,Towers with Radar,1078,282,16,0,1376,0,4,30,6,40,1078,286,46,6,1416,0,0,0,1416
04/27/2018,EWR,NJ,AEA,EN,Towers with Radar,1018,249,13,0,1280,0,6,11,0,17,1018,255,24,0,1297,0,0,0,1297
04/28/2018,EWR,NJ,AEA,EN,Towers with Radar,881,186,8,0,1075,0,0,6,4,10,881,186,14,4,1085,0,0,0,1085
04/29/2018,EWR,NJ,AEA,EN,Towers with Radar,982,250,6,0,1238,0,0,4,2,6,982,250,10,2,1244,0,0,0,1244
04/30/2018,EWR,NJ,AEA,EN,Towers with Radar,1005,233,8,0,1246,0,0,10,0,10,1005,233,18,0,1256,0,0,0,1256
05/01/2018,EWR,NJ,AEA,EN,Towers with Radar,1043,265,14,0,1322,0,7,16,0,23,1043,272,30,0,1345,0,0,0,1345
05/02/2018,EWR,NJ,AEA,EN,Towers with Radar,1028,254,19,0,1301,0,4,13,2,19,1028,258,32,2,1320,0,0,0,1320
05/03/2018,EWR,NJ,AEA,EN,Towers with Radar,990,234,28,1,1253,0,7,29,0,36,990,241,57,1,1289,0,0,0,1289
05/04/2018,EWR,NJ,AEA,EN,Towers with Radar,1073,276,20,2,1371,0,6,29,2,37,1073,282,49,4,1408,0,0,0,1408
05/05/2018,EWR,NJ,AEA,EN,Towers with Radar,882,189,6,1,1078,0,0,13,4,17,882,189,19,5,1095,0,0,0,1095
05/06/2018,EWR,NJ,AEA,EN,Towers with Radar,966,234,14,0,1214,0,0,15,0,15,966,234,29,0,1229,0,0,0,1229
05/07/2018,EWR,NJ,AEA,EN,Towers with Radar,1014,251,9,0,1274,0,2,20,0,22,1014,253,29,0,1296,0,0,0,1296
05/08/2018,EWR,NJ,AEA,EN,Towers with Radar,1067,272,9,0,1348,0,7,21,0,28,1067,279,30,0,1376,0,0,0,1376
05/09/2018,EWR,NJ,AEA,EN,Towers with Radar,1044,272,17,0,1333,0,4,15,0,19,1044,276,32,0,1352,0,0,0,1352
05/10/2018,EWR,NJ,AEA,EN,Towers with Radar,925,216,20,0,1161,0,0,17,0,17,925,216,37,0,1178,0,0,0,1178
05/11/2018,EWR,NJ,AEA,EN,Towers with Radar,1130,287,24,0,1441,0,9,21,0,30,1130,296,45,0,1471,0,0,0,1471
05/12/2018,EWR,NJ,AEA,EN,Towers with Radar,869,176,15,0,1060,0,0,15,0,15,869,176,30,0,1075,0,0,0,1075
05/13/2018,EWR,NJ,AEA,EN,Towers with Radar,945,241,13,0,1199,0,2,3,0,5,945,243,16,0,1204,0,0,0,1204
05/14/2018,EWR,NJ,AEA,EN,Towers with Radar,994,253,12,0,1259,0,0,18,0,18,994,253,30,0,1277,0,0,0,1277
05/15/2018,EWR,NJ,AEA,EN,Towers with Radar,836,158,10,1,1005,0,0,15,0,15,836,158,25,1,1020,0,0,0,1020
05/16/2018,EWR,NJ,AEA,EN,Towers with Radar,1063,280,13,0,1356,0,6,12,0,18,1063,286,25,0,1374,0,0,0,1374
05/17/2018,EWR,NJ,AEA,EN,Towers with Radar,1085,275,19,0,1379,0,8,10,0,18,1085,283,29,0,1397,0,0,0,1397
05/18/2018,EWR,NJ,AEA,EN,Towers with Radar,1042,262,11,0,1315,0,15,25,0,40,1042,277,36,0,1355,0,0,0,1355
05/19/2018,EWR,NJ,AEA,EN,Towers with Radar,907,193,22,0,1122,0,0,0,0,0,907,193,22,0,1122,0,0,0,1122
05/20/2018,EWR,NJ,AEA,EN,Towers with Radar,971,263,11,0,1245,0,0,11,6,17,971,263,22,6,1262,0,0,0,1262
05/21/2018,EWR,NJ,AEA,EN,Towers with Radar,1018,262,22,0,1302,0,2,21,0,23,1018,264,43,0,1325,0,0,0,1325
05/22/2018,EWR,NJ,AEA,EN,Towers with Radar,1010,243,14,0,1267,0,6,13,0,19,1010,249,27,0,1286,0,0,0,1286
05/23/2018,EWR,NJ,AEA,EN,Towers with Radar,1053,281,8,0,1342,0,1,20,0,21,1053,282,28,0,1363,0,0,0,1363
05/24/2018,EWR,NJ,AEA,EN,Towers with Radar,1064,294,20,0,1378,0,6,28,4,38,1064,300,48,4,1416,0,0,0,1416
05/25/2018,EWR,NJ,AEA,EN,Towers with Radar,1050,278,11,0,1339,0,12,29,2,43,1050,290,40,2,1382,0,0,0,1382
05/26/2018,EWR,NJ,AEA,EN,Towers with Radar,874,182,5,0,1061,0,5,10,0,15,874,187,15,0,1076,0,0,0,1076
05/27/2018,EWR,NJ,AEA,EN,Towers with Radar,895,204,5,0,1104,0,0,4,2,6,895,204,9,2,1110,0,0,0,1110
05/28/2018,EWR,NJ,AEA,EN,Towers with Radar,968,248,12,0,1228,0,0,26,0,26,968,248,38,0,1254,0,0,0,1254
05/29/2018,EWR,NJ,AEA,EN,Towers with Radar,1021,262,9,0,1292,0,0,28,0,28,1021,262,37,0,1320,0,0,0,1320
05/30/2018,EWR,NJ,AEA,EN,Towers with Radar,1056,278,20,0,1354,0,0,10,0,10,1056,278,30,0,1364,0,0,0,1364
05/31/2018,EWR,NJ,AEA,EN,Towers with Radar,1009,249,19,0,1277,0,6,5,0,11,1009,255,24,0,1288,0,0,0,1288
06/01/2018,EWR,NJ,AEA,EN,Towers with Radar,1024,267,19,0,1310,0,0,25,0,25,1024,267,44,0,1335,0,0,0,1335
06/02/2018,EWR,NJ,AEA,EN,Towers with Radar,930,206,5,0,1141,0,0,13,0,13,930,206,18,0,1154,0,0,0,1154
06/03/2018,EWR,NJ,AEA,EN,Towers with Radar,973,251,10,0,1234,0,0,11,0,11,973,251,21,0,1245,0,0,0,1245
06/04/2018,EWR,NJ,AEA,EN,Towers with Radar,1011,266,5,0,1282,0,0,15,0,15,1011,266,20,0,1297,0,0,0,1297
06/05/2018,EWR,NJ,AEA,EN,Towers with Radar,1053,275,21,0,1349,0,4,15,0,19,1053,279,36,0,1368,0,0,0,1368
06/06/2018,EWR,NJ,AEA,EN,Towers with Radar,1052,272,14,0,1338,0,8,30,0,38,1052,280,44,0,1376,0,0,0,1376
06/07/2018,EWR,NJ,AEA,EN,Towers with Radar,1035,323,7,0,1365,0,8,23,2,33,1035,331,30,2,1398,0,0,0,1398
06/08/2018,EWR,NJ,AEA,EN,Towers with Radar,1045,294,15,0,1354,0,8,32,0,40,1045,302,47,0,1394,0,0,0,1394
06/09/2018,EWR,NJ,AEA,EN,Towers with Radar,887,237,11,0,1135,0,1,17,2,20,887,238,28,2,1155,0,0,0,1155
06/10/2018,EWR,NJ,AEA,EN,Towers with Radar,957,274,22,0,1253,0,0,18,4,22,957,274,40,4,1275,0,0,0,1275
06/11/2018,EWR,NJ,AEA,EN,Towers with Radar,1012,284,22,0,1318,0,0,23,0,23,1012,284,45,0,1341,0,0,0,1341
06/12/2018,EWR,NJ,AEA,EN,Towers with Radar,1051,301,13,0,1365,0,4,28,2,34,1051,305,41,2,1399,0,0,0,1399
06/13/2018,EWR,NJ,AEA,EN,Towers with Radar,1038,284,19,0,1341,0,10,15,0,25,1038,294,34,0,1366,0,0,0,1366
06/14/2018,EWR,NJ,AEA,EN,Towers with Radar,1054,288,15,0,1357,0,6,27,0,33,1054,294,42,0,1390,0,0,0,1390
06/15/2018,EWR,NJ,AEA,EN,Towers with Radar,1058,302,15,0,1375,0,8,33,6,47,1058,310,48,6,1422,0,0,0,1422
06/16/2018,EWR,NJ,AEA,EN,Towers with Radar,886,233,8,0,1127,0,0,15,5,20,886,233,23,5,1147,0,0,0,1147
06/17/2018,EWR,NJ,AEA,EN,Towers with Radar,968,262,15,0,1245,0,2,25,0,27,968,264,40,0,1272,0,0,0,1272
06/18/2018,EWR,NJ,AEA,EN,Towers with Radar,917,233,16,0,1166,0,0,35,1,36,917,233,51,1,1202,0,0,0,1202
06/19/2018,EWR,NJ,AEA,EN,Towers with Radar,1064,301,27,0,1392,0,6,40,0,46,1064,307,67,0,1438,0,0,0,1438
06/20/2018,EWR,NJ,AEA,EN,Towers with Radar,1071,319,7,0,1397,0,8,31,0,39,1071,327,38,0,1436,0,0,0,1436
06/21/2018,EWR,NJ,AEA,EN,Towers with Radar,1065,294,12,0,1371,0,8,33,0,41,1065,302,45,0,1412,0,0,0,1412
06/22/2018,EWR,NJ,AEA,EN,Towers with Radar,1042,287,14,0,1343,0,6,16,0,22,1042,293,30,0,1365,0,0,0,1365
06/23/2018,EWR,NJ,AEA,EN,Towers with Radar,893,234,7,0,1134,0,2,9,0,11,893,236,16,0,1145,0,0,0,1145
06/24/2018,EWR,NJ,AEA,EN,Towers with Radar,873,218,14,0,1105,0,0,18,0,18,873,218,32,0,1123,0,0,0,1123
06/25/2018,EWR,NJ,AEA,EN,Towers with Radar,1069,289,13,0,1371,0,8,35,0,43,1069,297,48,0,1414,0,0,0,1414
06/26/2018,EWR,NJ,AEA,EN,Towers with Radar,1073,291,18,0,1382,0,9,26,2,37,1073,300,44,2,1419,0,0,0,1419
06/27/2018,EWR,NJ,AEA,EN,Towers with Radar,1038,303,12,0,1353,0,11,22,0,33,1038,314,34,0,1386,0,0,0,1386
06/28/2018,EWR,NJ,AEA,EN,Towers with Radar,1033,271,17,2,1323,0,2,16,0,18,1033,273,33,2,1341,0,0,0,1341
06/29/2018,EWR,NJ,AEA,EN,Towers with Radar,1119,323,14,0,1456,0,9,39,1,49,1119,332,53,1,1505,0,0,0,1505
06/30/2018,EWR,NJ,AEA,EN,Towers with Radar,939,238,14,0,1191,0,6,22,1,29,939,244,36,1,1220,0,0,0,1220
07/01/2018,EWR,NJ,AEA,EN,Towers with Radar,981,273,6,2,1262,0,1,18,3,22,981,274,24,5,1284,0,0,0,1284
07/02/2018,EWR,NJ,AEA,EN,Towers with Radar,985,253,5,0,1243,0,4,35,0,39,985,257,40,0,1282,0,0,0,1282
07/03/2018,EWR,NJ,AEA,EN,Towers with Radar,845,187,4,0,1036,0,0,24,0,24,845,187,28,0,1060,0,0,0,1060
07/04/2018,EWR,NJ,AEA,EN,Towers with Radar,974,190,6,1,1171,0,4,17,4,25,974,194,23,5,1196,0,0,0,1196
07/05/2018,EWR,NJ,AEA,EN,Towers with Radar,953,256,2,3,1214,0,7,23,0,30,953,263,25,3,1244,0,0,0,1244
07/06/2018,EWR,NJ,AEA,EN,Towers with Radar,1030,284,8,0,1322,0,0,28,1,29,1030,284,36,1,1351,0,0,0,1351
07/07/2018,EWR,NJ,AEA,EN,Towers with Radar,941,248,8,0,1197,0,2,27,2,31,941,250,35,2,1228,0,0,0,1228
07/08/2018,EWR,NJ,AEA,EN,Towers with Radar,991,287,7,2,1287,0,2,43,0,45,991,289,50,2,1332,0,0,0,1332
07/09/2018,EWR,NJ,AEA,EN,Towers with Radar,1040,291,11,0,1342,0,0,30,0,30,1040,291,41,0,1372,0,0,0,1372
07/10/2018,EWR,NJ,AEA,EN,Towers with Radar,1085,304,9,0,1398,0,8,30,2,40,1085,312,39,2,1438,0,0,0,1438
07/11/2018,EWR,NJ,AEA,EN,Towers with Radar,1077,306,14,0,1397,0,7,23,0,30,1077,313,37,0,1427,0,0,0,1427
07/12/2018,EWR,NJ,AEA,EN,Towers with Radar,1070,307,6,0,1383,0,6,57,0,63,1070,313,63,0,1446,0,0,0,1446
07/13/2018,EWR,NJ,AEA,EN,Towers with Radar,1076,302,10,0,1388,0,6,30,2,38,1076,308,40,2,1426,0,0,0,1426
07/14/2018,EWR,NJ,AEA,EN,Towers with Radar,919,237,11,0,1167,0,4,17,0,21,919,241,28,0,1188,0,0,0,1188
07/15/2018,EWR,NJ,AEA,EN,Towers with Radar,821,166,12,0,999,0,0,21,2,23,821,166,33,2,1022,0,0,0,1022
07/16/2018,EWR,NJ,AEA,EN,Towers with Radar,969,228,8,0,1205,0,3,50,1,54,969,231,58,1,1259,0,0,0,1259
07/17/2018,EWR,NJ,AEA,EN,Towers with Radar,891,175,2,0,1068,0,4,10,0,14,891,179,12,0,1082,0,0,0,1082
07/18/2018,EWR,NJ,AEA,EN,Towers with Radar,1104,311,10,0,1425,0,10,30,0,40,1104,321,40,0,1465,0,0,0,1465
07/19/2018,EWR,NJ,AEA,EN,Towers with Radar,1089,305,15,2,1411,0,7,35,0,42,1089,312,50,2,1453,0,0,0,1453
07/20/2018,EWR,NJ,AEA,EN,Towers with Radar,1067,299,16,0,1382,0,6,30,0,36,1067,305,46,0,1418,0,0,0,1418
07/21/2018,EWR,NJ,AEA,EN,Towers with Radar,923,249,11,0,1183,0,0,24,0,24,923,249,35,0,1207,0,0,0,1207
07/22/2018,EWR,NJ,AEA,EN,Towers with Radar,874,213,25,1,1113,0,2,28,2,32,874,215,53,3,1145,0,0,0,1145
07/23/2018,EWR,NJ,AEA,EN,Towers with Radar,962,198,12,3,1175,0,0,16,2,18,962,198,28,5,1193,0,0,0,1193
07/24/2018,EWR,NJ,AEA,EN,Towers with Radar,1022,213,11,0,1246,0,4,20,0,24,1022,217,31,0,1270,0,0,0,1270
07/25/2018,EWR,NJ,AEA,EN,Towers with Radar,1000,248,13,0,1261,0,4,11,0,15,1000,252,24,0,1276,0,0,0,1276
07/26/2018,EWR,NJ,AEA,EN,Towers with Radar,1120,317,12,2,1451,0,8,30,0,38,1120,325,42,2,1489,0,0,0,1489
07/27/2018,EWR,NJ,AEA,EN,Towers with Radar,804,176,7,0,987,0,6,36,0,42,804,182,43,0,1029,0,0,0,1029
07/28/2018,EWR,NJ,AEA,EN,Towers with Radar,952,267,14,0,1233,0,0,28,0,28,952,267,42,0,1261,0,0,0,1261
07/29/2018,EWR,NJ,AEA,EN,Towers with Radar,1002,281,9,2,1294,0,4,29,0,33,1002,285,38,2,1327,0,0,0,1327
07/30/2018,EWR,NJ,AEA,EN,Towers with Radar,1034,279,16,0,1329,0,2,40,0,42,1034,281,56,0,1371,0,0,0,1371
07/31/2018,EWR,NJ,AEA,EN,Towers with Radar,1071,310,11,0,1392,0,8,28,2,38,1071,318,39,2,1430,0,0,0,1430
08/01/2018,EWR,NJ,AEA,EN,Towers with Radar,1027,274,4,2,1307,0,6,18,0,24,1027,280,22,2,1331,0,0,0,1331
08/02/2018,EWR,NJ,AEA,EN,Towers with Radar,942,217,12,0,1171,0,6,43,0,49,942,223,55,0,1220,0,0,0,1220
08/03/2018,EWR,NJ,AEA,EN,Towers with Radar,854,184,9,0,1047,0,6,35,0,41,854,190,44,0,1088,0,0,0,1088
08/04/2018,EWR,NJ,AEA,EN,Towers with Radar,945,243,4,0,1192,0,0,16,1,17,945,243,20,1,1209,0,0,0,1209
08/05/2018,EWR,NJ,AEA,EN,Towers with Radar,1010,278,10,0,1298,0,2,22,0,24,1010,280,32,0,1322,0,0,0,1322
08/06/2018,EWR,NJ,AEA,EN,Towers with Radar,1040,275,8,0,1323,0,3,42,0,45,1040,278,50,0,1368,0,0,0,1368
08/07/2018,EWR,NJ,AEA,EN,Towers with Radar,890,210,10,0,1110,0,4,37,0,41,890,214,47,0,1151,0,0,0,1151
08/08/2018,EWR,NJ,AEA,EN,Towers with Radar,1043,255,17,0,1315,0,0,29,0,29,1043,255,46,0,1344,0,0,0,1344
08/09/2018,EWR,NJ,AEA,EN,Towers with Radar,1114,302,7,2,1425,0,10,32,0,42,1114,312,39,2,1467,0,0,0,1467
08/10/2018,EWR,NJ,AEA,EN,Towers with Radar,1073,309,3,2,1387,0,4,43,0,47,1073,313,46,2,1434,0,0,0,1434
08/11/2018,EWR,NJ,AEA,EN,Towers with Radar,705,142,5,0,852,0,2,4,0,6,705,144,9,0,858,0,0,0,858
08/12/2018,EWR,NJ,AEA,EN,Towers with Radar,970,280,12,0,1262,0,2,33,0,35,970,282,45,0,1297,0,0,0,1297
08/13/2018,EWR,NJ,AEA,EN,Towers with Radar,842,174,9,2,1027,0,0,11,0,11,842,174,20,2,1038,0,0,0,1038
08/14/2018,EWR,NJ,AEA,EN,Towers with Radar,984,184,10,0,1178,0,0,17,0,17,984,184,27,0,1195,0,0,0,1195
08/15/2018,EWR,NJ,AEA,EN,Towers with Radar,1097,302,6,0,1405,0,8,36,0,44,1097,310,42,0,1449,0,0,0,1449
08/16/2018,EWR,NJ,AEA,EN,Towers with Radar,1076,306,4,4,1390,0,4,40,0,44,1076,310,44,4,1434,0,0,0,1434
08/17/2018,EWR,NJ,AEA,EN,Towers with Radar,852,212,4,0,1068,0,8,32,0,40,852,220,36,0,1108,0,0,0,1108
08/18/2018,EWR,NJ,AEA,EN,Towers with Radar,939,240,8,0,1187,0,2,21,0,23,939,242,29,0,1210,0,0,0,1210
08/19/2018,EWR,NJ,AEA,EN,Towers with Radar,1005,270,15,2,1292,0,4,17,0,21,1005,274,32,2,1313,0,0,0,1313
08/20/2018,EWR,NJ,AEA,EN,Towers with Radar,1024,284,8,0,1316,0,0,39,0,39,1024,284,47,0,1355,0,0,0,1355
08/21/2018,EWR,NJ,AEA,EN,Towers with Radar,1013,291,11,0,1315,0,6,33,0,39,1013,297,44,0,1354,0,0,0,1354
08/22/2018,EWR,NJ,AEA,EN,Towers with Radar,1034,279,10,0,1323,0,4,22,0,26,1034,283,32,0,1349,0,0,0,1349
08/23/2018,EWR,NJ,AEA,EN,Towers with Radar,1035,311,7,0,1353,0,10,35,0,45,1035,321,42,0,1398,0,0,0,1398
08/24/2018,EWR,NJ,AEA,EN,Towers with Radar,1013,300,7,0,1320,0,6,28,0,34,1013,306,35,0,1354,0,0,0,1354
08/25/2018,EWR,NJ,AEA,EN,Towers with Radar,826,204,11,0,1041,0,4,13,0,17,826,208,24,0,1058,0,0,0,1058
08/26/2018,EWR,NJ,AEA,EN,Towers with Radar,935,263,7,0,1205,0,2,15,4,21,935,265,22,4,1226,0,0,0,1226
08/27/2018,EWR,NJ,AEA,EN,Towers with Radar,986,280,11,0,1277,0,2,32,2,36,986,282,43,2,1313,0,0,0,1313
08/28/2018,EWR,NJ,AEA,EN,Towers with Radar,1022,299,10,0,1331,0,4,31,0,35,1022,303,41,0,1366,0,0,0,1366
08/29/2018,EWR,NJ,AEA,EN,Towers with Radar,1009,292,8,0,1309,0,5,30,0,35,1009,297,38,0,1344,0,0,0,1344
08/30/2018,EWR,NJ,AEA,EN,Towers with Radar,1044,294,10,0,1348,0,6,30,0,36,1044,300,40,0,1384,0,0,0,1384
08/31/2018,EWR,NJ,AEA,EN,Towers with Radar,1004,274,16,2,1296,0,9,19,0,28,1004,283,35,2,1324,0,0,0,1324
09/01/2018,EWR,NJ,AEA,EN,Towers with Radar,818,205,4,0,1027,0,0,19,0,19,818,205,23,0,1046,0,0,0,1046
09/02/2018,EWR,NJ,AEA,EN,Towers with Radar,776,177,8,0,961,0,2,14,0,16,776,179,22,0,977,0,0,0,977
09/03/2018,EWR,NJ,AEA,EN,Towers with Radar,886,247,13,0,1146,0,1,25,0,26,886,248,38,0,1172,0,0,0,1172
09/04/2018,EWR,NJ,AEA,EN,Towers with Radar,967,290,17,0,1274,0,10,27,2,39,967,300,44,2,1313,0,0,0,1313
09/05/2018,EWR,NJ,AEA,EN,Towers with Radar,1023,299,18,0,1340,0,9,29,0,38,1023,308,47,0,1378,0,0,0,1378
09/06/2018,EWR,NJ,AEA,EN,Towers with Radar,948,239,11,0,1198,0,9,23,0,32,948,248,34,0,1230,0,0,0,1230
09/07/2018,EWR,NJ,AEA,EN,Towers with Radar,1020,295,21,2,1338,0,8,35,0,43,1020,303,56,2,1381,0,0,0,1381
09/08/2018,EWR,NJ,AEA,EN,Towers with Radar,819,211,15,2,1047,0,2,7,0,9,819,213,22,2,1056,0,0,0,1056
09/09/2018,EWR,NJ,AEA,EN,Towers with Radar,909,246,6,0,1161,0,0,13,0,13,909,246,19,0,1174,0,0,0,1174
09/10/2018,EWR,NJ,AEA,EN,Towers with Radar,956,275,17,0,1248,0,0,6,0,6,956,275,23,0,1254,0,0,0,1254
09/11/2018,EWR,NJ,AEA,EN,Towers with Radar,996,319,26,0,1341,0,0,2,0,2,996,319,28,0,1343,0,0,0,1343
09/12/2018,EWR,NJ,AEA,EN,Towers with Radar,993,297,22,0,1312,0,2,7,0,9,993,299,29,0,1321,0,0,0,1321
09/13/2018,EWR,NJ,AEA,EN,Towers with Radar,1018,297,20,0,1335,0,5,17,0,22,1018,302,37,0,1357,0,0,0,1357
09/14/2018,EWR,NJ,AEA,EN,Towers with Radar,985,283,24,0,1292,0,4,28,0,32,985,287,52,0,1324,0,0,0,1324
09/15/2018,EWR,NJ,AEA,EN,Towers with Radar,795,200,5,0,1000,0,2,14,0,16,795,202,19,0,1016,0,0,0,1016
09/16/2018,EWR,NJ,AEA,EN,Towers with Radar,909,270,18,0,1197,0,0,18,0,18,909,270,36,0,1215,0,0,0,1215
09/17/2018,EWR,NJ,AEA,EN,Towers with Radar,953,281,14,0,1248,0,0,25,0,25,953,281,39,0,1273,0,0,0,1273
09/18/2018,EWR,NJ,AEA,EN,Towers with Radar,953,247,8,0,1208,0,8,3,0,11,953,255,11,0,1219,0,0,0,1219
09/19/2018,EWR,NJ,AEA,EN,Towers with Radar,1029,286,6,0,1321,0,4,18,2,24,1029,290,24,2,1345,0,0,0,1345
09/20/2018,EWR,NJ,AEA,EN,Towers with Radar,1024,310,17,2,1353,0,6,26,0,32,1024,316,43,2,1385,0,0,0,1385
09/21/2018,EWR,NJ,AEA,EN,Towers with Radar,989,291,13,2,1295,0,8,33,1,42,989,299,46,3,1337,0,0,0,1337
09/22/2018,EWR,NJ,AEA,EN,Towers with Radar,821,215,10,0,1046,0,0,24,0,24,821,215,34,0,1070,0,0,0,1070
09/23/2018,EWR,NJ,AEA,EN,Towers with Radar,921,263,21,2,1207,0,0,26,0,26,921,263,47,2,1233,0,0,0,1233
09/24/2018,EWR,NJ,AEA,EN,Towers with Radar,961,285,20,1,1267,0,2,12,0,14,961,287,32,1,1281,0,0,0,1281
09/25/2018,EWR,NJ,AEA,EN,Towers with Radar,983,266,28,0,1277,0,4,4,0,8,983,270,32,0,1285,0,0,0,1285
09/26/2018,EWR,NJ,AEA,EN,Towers with Radar,948,229,21,2,1200,0,3,13,0,16,948,232,34,2,1216,0,0,0,1216
09/27/2018,EWR,NJ,AEA,EN,Towers with Radar,1068,308,23,0,1399,0,4,27,2,33,1068,312,50,2,1432,0,0,0,1432
09/28/2018,EWR,NJ,AEA,EN,Towers with Radar,1009,286,18,3,1316,0,6,25,0,31,1009,292,43,3,1347,0,0,0,1347
09/29/2018,EWR,NJ,AEA,EN,Towers with Radar,810,203,13,0,1026,0,0,16,2,18,810,203,29,2,1044,0,0,0,1044
09/30/2018,EWR,NJ,AEA,EN,Towers with Radar,920,256,15,0,1191,0,3,25,1,29,920,259,40,1,1220,0,0,0,1220
10/01/2018,EWR,NJ,AEA,EN,Towers with Radar,963,282,17,0,1262,0,1,17,1,19,963,283,34,1,1281,0,0,0,1281
10/02/2018,EWR,NJ,AEA,EN,Towers with Radar,940,242,26,1,1209,0,5,22,1,28,940,247,48,2,1237,0,0,0,1237
10/03/2018,EWR,NJ,AEA,EN,Towers with Radar,1081,301,20,0,1402,0,8,24,0,32,1081,309,44,0,1434,0,0,0,1434
10/04/2018,EWR,NJ,AEA,EN,Towers with Radar,1037,274,12,0,1323,0,4,26,0,30,1037,278,38,0,1353,0,0,0,1353
10/05/2018,EWR,NJ,AEA,EN,Towers with Radar,1039,269,13,0,1321,0,11,32,2,45,1039,280,45,2,1366,0,0,0,1366
10/06/2018,EWR,NJ,AEA,EN,Towers with Radar,846,199,15,0,1060,0,2,15,0,17,846,201,30,0,1077,0,0,0,1077
10/07/2018,EWR,NJ,AEA,EN,Towers with Radar,945,235,9,0,1189,0,0,10,1,11,945,235,19,1,1200,0,0,0,1200
10/08/2018,EWR,NJ,AEA,EN,Towers with Radar,1009,257,11,0,1277,0,0,12,0,12,1009,257,23,0,1289,0,0,0,1289
10/09/2018,EWR,NJ,AEA,EN,Towers with Radar,1040,277,11,0,1328,0,9,17,0,26,1040,286,28,0,1354,0,0,0,1354
10/10/2018,EWR,NJ,AEA,EN,Towers with Radar,1035,268,20,0,1323,0,3,17,0,20,1035,271,37,0,1343,0,0,0,1343
10/11/2018,EWR,NJ,AEA,EN,Towers with Radar,976,216,9,0,1201,0,4,14,0,18,976,220,23,0,1219,0,0,0,1219
10/12/2018,EWR,NJ,AEA,EN,Towers with Radar,1060,261,11,0,1332,0,5,33,0,38,1060,266,44,0,1370,0,0,0,1370
10/13/2018,EWR,NJ,AEA,EN,Towers with Radar,827,202,6,0,1035,0,1,19,0,20,827,203,25,0,1055,0,0,0,1055
10/14/2018,EWR,NJ,AEA,EN,Towers with Radar,936,242,21,0,1199,0,0,16,2,18,936,242,37,2,1217,0,0,0,1217
10/15/2018,EWR,NJ,AEA,EN,Towers with Radar,1000,244,9,0,1253,0,0,20,0,20,1000,244,29,0,1273,0,0,0,1273
10/16/2018,EWR,NJ,AEA,EN,Towers with Radar,1071,278,16,0,1365,0,5,16,1,22,1071,283,32,1,1387,0,0,0,1387
10/17/2018,EWR,NJ,AEA,EN,Towers with Radar,1032,273,15,1,1321,0,6,36,0,42,1032,279,51,1,1363,0,0,0,1363
10/18/2018,EWR,NJ,AEA,EN,Towers with Radar,1044,263,23,1,1331,0,7,31,0,38,1044,270,54,1,1369,0,0,0,1369
10/19/2018,EWR,NJ,AEA,EN,Towers with Radar,1041,276,17,0,1334,0,8,30,0,38,1041,284,47,0,1372,0,0,0,1372
10/20/2018,EWR,NJ,AEA,EN,Towers with Radar,825,202,13,1,1041,0,0,17,0,17,825,202,30,1,1058,0,0,0,1058
10/21/2018,EWR,NJ,AEA,EN,Towers with Radar,918,240,12,0,1170,0,0,16,0,16,918,240,28,0,1186,0,0,0,1186
10/22/2018,EWR,NJ,AEA,EN,Towers with Radar,1006,262,16,0,1284,0,1,19,0,20,1006,263,35,0,1304,0,0,0,1304
10/23/2018,EWR,NJ,AEA,EN,Towers with Radar,1058,272,10,0,1340,0,11,18,0,29,1058,283,28,0,1369,0,0,0,1369
10/24/2018,EWR,NJ,AEA,EN,Towers with Radar,1036,270,7,0,1313,0,6,20,0,26,1036,276,27,0,1339,0,0,0,1339
10/25/2018,EWR,NJ,AEA,EN,Towers with Radar,1047,269,15,0,1331,0,12,38,0,50,1047,281,53,0,1381,0,0,0,1381
10/26/2018,EWR,NJ,AEA,EN,Towers with Radar,1033,270,20,0,1323,0,4,29,0,33,1033,274,49,0,1356,0,0,0,1356
10/27/2018,EWR,NJ,AEA,EN,Towers with Radar,848,177,16,1,1042,0,0,3,0,3,848,177,19,1,1045,0,0,0,1045
10/28/2018,EWR,NJ,AEA,EN,Towers with Radar,913,233,3,0,1149,0,0,13,0,13,913,233,16,0,1162,0,0,0,1162
10/29/2018,EWR,NJ,AEA,EN,Towers with Radar,994,249,12,0,1255,0,0,25,0,25,994,249,37,0,1280,0,0,0,1280
10/30/2018,EWR,NJ,AEA,EN,Towers with Radar,1013,269,18,0,1300,0,8,29,0,37,1013,277,47,0,1337,0,0,0,1337
10/31/2018,EWR,NJ,AEA,EN,Towers with Radar,865,215,8,0,1088,0,6,20,2,28,865,221,28,2,1116,0,0,0,1116
11/01/2018,EWR,NJ,AEA,EN,Towers with Radar,1030,276,13,0,1319,0,4,20,0,24,1030,280,33,0,1343,0,0,0,1343
11/02/2018,EWR,NJ,AEA,EN,Towers with Radar,994,231,14,0,1239,0,4,18,0,22,994,235,32,0,1261,0,0,0,1261
11/03/2018,EWR,NJ,AEA,EN,Towers with Radar,833,186,9,0,1028,0,2,8,0,10,833,188,17,0,1038,0,0,0,1038
11/04/2018,EWR,NJ,AEA,EN,Towers with Radar,934,238,17,2,1191,0,2,15,0,17,934,240,32,2,1208,0,0,0,1208
11/05/2018,EWR,NJ,AEA,EN,Towers with Radar,954,219,7,0,1180,0,0,8,0,8,954,219,15,0,1188,0,0,0,1188
11/06/2018,EWR,NJ,AEA,EN,Towers with Radar,1024,247,12,0,1283,0,0,6,0,6,1024,247,18,0,1289,0,0,0,1289
11/07/2018,EWR,NJ,AEA,EN,Towers with Radar,1024,282,24,0,1330,0,4,15,0,19,1024,286,39,0,1349,0,0,0,1349
11/08/2018,EWR,NJ,AEA,EN,Towers with Radar,1049,282,21,0,1352,0,5,55,0,60,1049,287,76,0,1412,0,0,0,1412
11/09/2018,EWR,NJ,AEA,EN,Towers with Radar,992,230,15,0,1237,0,6,14,0,20,992,236,29,0,1257,0,0,0,1257
11/10/2018,EWR,NJ,AEA,EN,Towers with Radar,823,186,3,0,1012,0,3,9,2,14,823,189,12,2,1026,0,0,0,1026
11/11/2018,EWR,NJ,AEA,EN,Towers with Radar,929,239,8,0,1176,0,0,12,0,12,929,239,20,0,1188,0,0,0,1188
11/12/2018,EWR,NJ,AEA,EN,Towers with Radar,1010,254,8,0,1272,0,0,21,0,21,1010,254,29,0,1293,0,0,0,1293
11/13/2018,EWR,NJ,AEA,EN,Towers with Radar,1036,260,20,0,1316,0,0,7,0,7,1036,260,27,0,1323,0,0,0,1323
11/14/2018,EWR,NJ,AEA,EN,Towers with Radar,1042,263,22,0,1327,0,6,23,0,29,1042,269,45,0,1356,0,0,0,1356
11/15/2018,EWR,NJ,AEA,EN,Towers with Radar,638,127,35,0,800,0,6,16,0,22,638,133,51,0,822,0,0,0,822
11/16/2018,EWR,NJ,AEA,EN,Towers with Radar,1000,212,13,1,1226,0,4,23,0,27,1000,216,36,1,1253,0,0,0,1253
11/17/2018,EWR,NJ,AEA,EN,Towers with Radar,843,183,9,0,1035,0,2,19,0,21,843,185,28,0,1056,0,0,0,1056
11/18/2018,EWR,NJ,AEA,EN,Towers with Radar,946,242,12,1,1201,0,2,10,0,12,946,244,22,1,1213,0,0,0,1213
11/19/2018,EWR,NJ,AEA,EN,Towers with Radar,961,214,10,0,1185,0,0,14,0,14,961,214,24,0,1199,0,0,0,1199
11/20/2018,EWR,NJ,AEA,EN,Towers with Radar,1043,272,9,0,1324,0,6,22,0,28,1043,278,31,0,1352,0,0,0,1352
11/21/2018,EWR,NJ,AEA,EN,Towers with Radar,1058,258,8,0,1324,0,9,26,0,35,1058,267,34,0,1359,0,0,0,1359
11/22/2018,EWR,NJ,AEA,EN,Towers with Radar,683,129,3,0,815,0,0,20,0,20,683,129,23,0,835,0,0,0,835
11/23/2018,EWR,NJ,AEA,EN,Towers with Radar,757,141,7,0,905,0,4,19,0,23,757,145,26,0,928,0,0,0,928
11/24/2018,EWR,NJ,AEA,EN,Towers with Radar,950,218,5,0,1173,0,0,9,0,9,950,218,14,0,1182,0,0,0,1182
11/25/2018,EWR,NJ,AEA,EN,Towers with Radar,988,271,35,0,1294,0,1,19,2,22,988,272,54,2,1316,0,0,0,1316
11/26/2018,EWR,NJ,AEA,EN,Towers with Radar,929,218,17,0,1164,0,2,6,0,8,929,220,23,0,1172,0,0,0,1172
11/27/2018,EWR,NJ,AEA,EN,Towers with Radar,1083,272,1,0,1356,0,7,6,0,13,1083,279,7,0,1369,0,0,0,1369
11/28/2018,EWR,NJ,AEA,EN,Towers with Radar,1021,259,15,0,1295,0,13,19,0,32,1021,272,34,0,1327,0,0,0,1327
11/29/2018,EWR,NJ,AEA,EN,Towers with Radar,1059,271,23,0,1353,0,7,25,0,32,1059,278,48,0,1385,0,0,0,1385
11/30/2018,EWR,NJ,AEA,EN,Towers with Radar,1016,256,26,0,1298,0,12,23,0,35,1016,268,49,0,1333,0,0,0,1333
12/01/2018,EWR,NJ,AEA,EN,Towers with Radar,810,177,13,0,1000,0,0,11,0,11,810,177,24,0,1011,0,0,0,1011
12/02/2018,EWR,NJ,AEA,EN,Towers with Radar,912,188,20,0,1120,0,0,0,0,0,912,188,20,0,1120,0,0,0,1120
12/03/2018,EWR,NJ,AEA,EN,Towers with Radar,984,237,11,0,1232,0,2,37,0,39,984,239,48,0,1271,0,0,0,1271
12/04/2018,EWR,NJ,AEA,EN,Towers with Radar,1033,274,23,0,1330,0,6,20,0,26,1033,280,43,0,1356,0,0,0,1356
12/05/2018,EWR,NJ,AEA,EN,Towers with Radar,1016,291,32,0,1339,0,6,24,0,30,1016,297,56,0,1369,0,0,0,1369
12/06/2018,EWR,NJ,AEA,EN,Towers with Radar,1034,260,20,0,1314,0,6,26,0,32,1034,266,46,0,1346,0,0,0,1346
12/07/2018,EWR,NJ,AEA,EN,Towers with Radar,1010,263,15,0,1288,0,10,30,0,40,1010,273,45,0,1328,0,0,0,1328
12/08/2018,EWR,NJ,AEA,EN,Towers with Radar,801,184,14,0,999,0,0,14,0,14,801,184,28,0,1013,0,0,0,1013
12/09/2018,EWR,NJ,AEA,EN,Towers with Radar,880,199,10,0,1089,0,0,10,0,10,880,199,20,0,1099,0,0,0,1099
12/10/2018,EWR,NJ,AEA,EN,Towers with Radar,964,229,16,0,1209,0,1,20,0,21,964,230,36,0,1230,0,0,0,1230
12/11/2018,EWR,NJ,AEA,EN,Towers with Radar,1030,276,14,0,1320,0,10,21,0,31,1030,286,35,0,1351,0,0,0,1351
12/12/2018,EWR,NJ,AEA,EN,Towers with Radar,1028,270,14,0,1312,0,13,22,0,35,1028,283,36,0,1347,0,0,0,1347
12/13/2018,EWR,NJ,AEA,EN,Towers with Radar,1022,249,14,0,1285,0,6,9,0,15,1022,255,23,0,1300,0,0,0,1300
12/14/2018,EWR,NJ,AEA,EN,Towers with Radar,1034,256,2,0,1292,0,4,33,0,37,1034,260,35,0,1329,0,0,0,1329
12/15/2018,EWR,NJ,AEA,EN,Towers with Radar,834,195,8,0,1037,0,0,8,0,8,834,195,16,0,1045,0,0,0,1045
12/16/2018,EWR,NJ,AEA,EN,Towers with Radar,875,168,8,0,1051,0,0,0,0,0,875,168,8,0,1051,0,0,0,1051
12/17/2018,EWR,NJ,AEA,EN,Towers with Radar,1016,241,18,0,1275,0,4,16,0,20,1016,245,34,0,1295,0,0,0,1295
12/18/2018,EWR,NJ,AEA,EN,Towers with Radar,1041,258,12,0,1311,0,6,14,0,20,1041,264,26,0,1331,0,0,0,1331
12/19/2018,EWR,NJ,AEA,EN,Towers with Radar,1075,272,8,0,1355,0,6,15,0,21,1075,278,23,0,1376,0,0,0,1376
12/20/2018,EWR,NJ,AEA,EN,Towers with Radar,1069,248,11,0,1328,0,6,18,0,24,1069,254,29,0,1352,0,0,0,1352
12/21/2018,EWR,NJ,AEA,EN,Towers with Radar,1043,206,13,0,1262,0,0,0,0,0,1043,206,13,0,1262,0,0,0,1262
12/22/2018,EWR,NJ,AEA,EN,Towers with Radar,1016,240,13,0,1269,0,1,12,0,13,1016,241,25,0,1282,0,0,0,1282
12/23/2018,EWR,NJ,AEA,EN,Towers with Radar,978,212,5,0,1195,0,0,11,0,11,978,212,16,0,1206,0,0,0,1206
12/24/2018,EWR,NJ,AEA,EN,Towers with Radar,819,183,0,0,1002,0,3,12,0,15,819,186,12,0,1017,0,0,0,1017
12/25/2018,EWR,NJ,AEA,EN,Towers with Radar,797,184,0,0,981,0,0,2,0,2,797,184,2,0,983,0,0,0,983
12/26/2018,EWR,NJ,AEA,EN,Towers with Radar,998,246,9,0,1253,0,3,6,0,9,998,249,15,0,1262,0,0,0,1262
12/27/2018,EWR,NJ,AEA,EN,Towers with Radar,1057,257,5,0,1319,0,5,14,0,19,1057,262,19,0,1338,0,0,0,1338
12/28/2018,EWR,NJ,AEA,EN,Towers with Radar,1013,232,4,0,1249,0,2,0,0,2,1013,234,4,0,1251,0,0,0,1251
12/29/2018,EWR,NJ,AEA,EN,Towers with Radar,948,222,2,1,1173,0,0,4,0,4,948,222,6,1,1177,0,0,0,1177
12/30/2018,EWR,NJ,AEA,EN,Towers with Radar,948,204,4,3,1159,0,0,14,1,15,948,204,18,4,1174,0,0,0,1174
12/31/2018,EWR,NJ,AEA,EN,Towers with Radar,808,173,0,0,981,0,0,5,2,7,808,173,5,2,988,0,0,0,988
01/01/2019,EWR,NJ,AEA,EN,Towers with Radar,895,189,5,0,1089,0,0,8,0,8,895,189,13,0,1097,0,0,0,1097
01/02/2019,EWR,NJ,AEA,EN,Towers with Radar,1012,244,5,0,1261,0,4,15,0,19,1012,248,20,0,1280,0,0,0,1280
01/03/2019,EWR,NJ,AEA,EN,Towers with Radar,1041,253,10,0,1304,0,4,14,0,18,1041,257,24,0,1322,0,0,0,1322
01/04/2019,EWR,NJ,AEA,EN,Towers with Radar,995,226,6,0,1227,0,2,19,2,23,995,228,25,2,1250,0,0,0,1250
01/05/2019,EWR,NJ,AEA,EN,Towers with Radar,874,213,7,0,1094,0,0,4,0,4,874,213,11,0,1098,0,0,0,1098
01/06/2019,EWR,NJ,AEA,EN,Towers with Radar,951,209,13,0,1173,0,0,11,0,11,951,209,24,0,1184,0,0,0,1184
01/07/2019,EWR,NJ,AEA,EN,Towers with Radar,928,241,6,0,1175,0,1,10,0,11,928,242,16,0,1186,0,0,0,1186
01/08/2019,EWR,NJ,AEA,EN,Towers with Radar,942,255,12,0,1209,0,0,0,0,0,942,255,12,0,1209,0,0,0,1209
01/09/2019,EWR,NJ,AEA,EN,Towers with Radar,944,262,6,0,1212,0,4,10,0,14,944,266,16,0,1226,0,0,0,1226
01/10/2019,EWR,NJ,AEA,EN,Towers with Radar,928,240,23,0,1191,0,4,30,0,34,928,244,53,0,1225,0,0,0,1225
01/11/2019,EWR,NJ,AEA,EN,Towers with Radar,942,258,11,0,1211,0,4,17,0,21,942,262,28,0,1232,0,0,0,1232
01/12/2019,EWR,NJ,AEA,EN,Towers with Radar,717,149,8,0,874,0,0,12,0,12,717,149,20,0,886,0,0,0,886
01/13/2019,EWR,NJ,AEA,EN,Towers with Radar,829,193,2,0,1024,0,2,9,0,11,829,195,11,0,1035,0,0,0,1035
01/14/2019,EWR,NJ,AEA,EN,Towers with Radar,895,246,5,0,1146,0,2,16,0,18,895,248,21,0,1164,0,0,0,1164
01/15/2019,EWR,NJ,AEA,EN,Towers with Radar,933,262,6,2,1203,0,5,16,2,23,933,267,22,4,1226,0,0,0,1226
01/16/2019,EWR,NJ,AEA,EN,Towers with Radar,921,257,12,0,1190,0,5,11,0,16,921,262,23,0,1206,0,0,0,1206
01/17/2019,EWR,NJ,AEA,EN,Towers with Radar,938,255,18,0,1211,0,6,22,2,30,938,261,40,2,1241,0,0,0,1241
01/18/2019,EWR,NJ,AEA,EN,Towers with Radar,920,256,11,0,1187,0,0,11,0,11,920,256,22,0,1198,0,0,0,1198
01/19/2019,EWR,NJ,AEA,EN,Towers with Radar,672,129,7,0,808,0,0,5,0,5,672,129,12,0,813,0,0,0,813
01/20/2019,EWR,NJ,AEA,EN,Towers with Radar,730,151,8,0,889,0,0,2,0,2,730,151,10,0,891,0,0,0,891
01/21/2019,EWR,NJ,AEA,EN,Towers with Radar,785,154,16,0,955,0,0,6,0,6,785,154,22,0,961,0,0,0,961
01/22/2019,EWR,NJ,AEA,EN,Towers with Radar,940,252,13,0,1205,0,6,15,2,23,940,258,28,2,1228,0,0,0,1228
01/23/2019,EWR,NJ,AEA,EN,Towers with Radar,869,226,5,0,1100,0,4,12,0,16,869,230,17,0,1116,0,0,0,1116
01/24/2019,EWR,NJ,AEA,EN,Towers with Radar,895,206,5,0,1106,0,0,11,0,11,895,206,16,0,1117,0,0,0,1117
01/25/2019,EWR,NJ,AEA,EN,Towers with Radar,909,254,13,0,1176,0,5,24,0,29,909,259,37,0,1205,0,0,0,1205
01/26/2019,EWR,NJ,AEA,EN,Towers with Radar,709,161,3,0,873,0,2,10,2,14,709,163,13,2,887,0,0,0,887
01/27/2019,EWR,NJ,AEA,EN,Towers with Radar,822,214,8,0,1044,0,0,17,0,17,822,214,25,0,1061,0,0,0,1061
01/28/2019,EWR,NJ,AEA,EN,Towers with Radar,857,234,3,0,1094,0,0,11,0,11,857,234,14,0,1105,0,0,0,1105
01/29/2019,EWR,NJ,AEA,EN,Towers with Radar,897,225,15,0,1137,0,6,7,0,13,897,231,22,0,1150,0,0,0,1150
01/30/2019,EWR,NJ,AEA,EN,Towers with Radar,871,216,10,0,1097,0,6,8,0,14,871,222,18,0,1111,0,0,0,1111
01/31/2019,EWR,NJ,AEA,EN,Towers with Radar,932,259,4,0,1195,0,6,22,0,28,932,265,26,0,1223,0,0,0,1223
02/01/2019,EWR,NJ,AEA,EN,Towers with Radar,922,261,16,0,1199,0,7,20,0,27,922,268,36,0,1226,0,0,0,1226
02/02/2019,EWR,NJ,AEA,EN,Towers with Radar,713,156,12,0,881,0,1,8,0,9,713,157,20,0,890,0,0,0,890
02/03/2019,EWR,NJ,AEA,EN,Towers with Radar,807,203,7,0,1017,0,0,7,0,7,807,203,14,0,1024,0,0,0,1024
02/04/2019,EWR,NJ,AEA,EN,Towers with Radar,890,238,11,0,1139,0,0,19,2,21,890,238,30,2,1160,0,0,0,1160
02/05/2019,EWR,NJ,AEA,EN,Towers with Radar,906,260,8,0,1174,0,2,18,4,24,906,262,26,4,1198,0,0,0,1198
02/06/2019,EWR,NJ,AEA,EN,Towers with Radar,902,262,11,0,1175,0,4,20,0,24,902,266,31,0,1199,0,0,0,1199
02/07/2019,EWR,NJ,AEA,EN,Towers with Radar,921,245,17,0,1183,0,0,12,0,12,921,245,29,0,1195,0,0,0,1195
02/08/2019,EWR,NJ,AEA,EN,Towers with Radar,946,250,8,0,1204,0,0,14,0,14,946,250,22,0,1218,0,0,0,1218
02/09/2019,EWR,NJ,AEA,EN,Towers with Radar,711,157,5,0,873,0,4,8,0,12,711,161,13,0,885,0,0,0,885
02/10/2019,EWR,NJ,AEA,EN,Towers with Radar,844,195,8,0,1047,0,0,17,0,17,844,195,25,0,1064,0,0,0,1064
02/11/2019,EWR,NJ,AEA,EN,Towers with Radar,890,236,11,0,1137,0,0,11,0,11,890,236,22,0,1148,0,0,0,1148
02/12/2019,EWR,NJ,AEA,EN,Towers with Radar,701,131,16,0,848,0,4,1,0,5,701,135,17,0,853,0,0,0,853
02/13/2019,EWR,NJ,AEA,EN,Towers with Radar,959,244,10,0,1213,0,6,17,0,23,959,250,27,0,1236,0,0,0,1236
02/14/2019,EWR,NJ,AEA,EN,Towers with Radar,1005,247,11,0,1263,0,6,29,0,35,1005,253,40,0,1298,0,0,0,1298
02/15/2019,EWR,NJ,AEA,EN,Towers with Radar,1011,233,12,0,1256,0,6,18,0,24,1011,239,30,0,1280,0,0,0,1280
02/16/2019,EWR,NJ,AEA,EN,Towers with Radar,859,168,2,0,1029,0,1,9,0,10,859,169,11,0,1039,0,0,0,1039
02/17/2019,EWR,NJ,AEA,EN,Towers with Radar,861,188,8,0,1057,0,4,4,0,8,861,192,12,0,1065,0,0,0,1065
02/18/2019,EWR,NJ,AEA,EN,Towers with Radar,966,218,14,0,1198,0,0,10,0,10,966,218,24,0,1208,0,0,0,1208
02/19/2019,EWR,NJ,AEA,EN,Towers with Radar,1001,258,16,0,1275,0,7,20,0,27,1001,265,36,0,1302,0,0,0,1302
02/20/2019,EWR,NJ,AEA,EN,Towers with Radar,792,139,14,0,945,0,6,6,0,12,792,145,20,0,957,0,0,0,957
02/21/2019,EWR,NJ,AEA,EN,Towers with Radar,1085,234,8,0,1327,0,2,15,0,17,1085,236,23,0,1344,0,0,0,1344
02/22/2019,EWR,NJ,AEA,EN,Towers with Radar,992,241,12,2,1247,0,6,23,2,31,992,247,35,4,1278,0,0,0,1278
02/23/2019,EWR,NJ,AEA,EN,Towers with Radar,848,205,8,0,1061,0,0,11,0,11,848,205,19,0,1072,0,0,0,1072
02/24/2019,EWR,NJ,AEA,EN,Towers with Radar,908,199,2,0,1109,0,0,0,0,0,908,199,2,0,1109,0,0,0,1109
02/25/2019,EWR,NJ,AEA,EN,Towers with Radar,878,171,24,0,1073,0,0,4,0,4,878,171,28,0,1077,0,0,0,1077
02/26/2019,EWR,NJ,AEA,EN,Towers with Radar,1025,251,11,0,1287,0,6,14,0,20,1025,257,25,0,1307,0,0,0,1307
02/27/2019,EWR,NJ,AEA,EN,Towers with Radar,999,247,14,0,1260,0,5,18,0,23,999,252,32,0,1283,0,0,0,1283
02/28/2019,EWR,NJ,AEA,EN,Towers with Radar,1022,261,13,0,1296,0,8,26,0,34,1022,269,39,0,1330,0,0,0,1330
03/01/2019,EWR,NJ,AEA,EN,Towers with Radar,990,247,9,0,1246,0,0,23,0,23,990,247,32,0,1269,0,0,0,1269
03/02/2019,EWR,NJ,AEA,EN,Towers with Radar,840,185,12,0,1037,0,0,5,0,5,840,185,17,0,1042,0,0,0,1042
03/03/2019,EWR,NJ,AEA,EN,Towers with Radar,800,145,8,0,953,0,0,9,0,9,800,145,17,0,962,0,0,0,962
03/04/2019,EWR,NJ,AEA,EN,Towers with Radar,930,204,5,0,1139,0,0,8,0,8,930,204,13,0,1147,0,0,0,1147
03/05/2019,EWR,NJ,AEA,EN,Towers with Radar,1011,255,6,0,1272,0,6,13,2,21,1011,261,19,2,1293,0,0,0,1293
03/06/2019,EWR,NJ,AEA,EN,Towers with Radar,1014,245,9,0,1268,0,6,25,5,36,1014,251,34,5,1304,0,0,0,1304
03/07/2019,EWR,NJ,AEA,EN,Towers with Radar,1023,245,16,0,1284,0,4,35,2,41,1023,249,51,2,1325,0,0,0,1325
03/08/2019,EWR,NJ,AEA,EN,Towers with Radar,1009,247,2,0,1258,0,6,18,0,24,1009,253,20,0,1282,0,0,0,1282
03/09/2019,EWR,NJ,AEA,EN,Towers with Radar,859,180,9,0,1048,0,0,9,0,9,859,180,18,0,1057,0,0,0,1057
03/10/2019,EWR,NJ,AEA,EN,Towers with Radar,921,184,6,0,1111,0,0,1,0,1,921,184,7,0,1112,0,0,0,1112
03/11/2019,EWR,NJ,AEA,EN,Towers with Radar,1007,224,9,0,1240,0,0,19,0,19,1007,224,28,0,1259,0,0,0,1259
03/12/2019,EWR,NJ,AEA,EN,Towers with Radar,1048,249,12,0,1309,0,6,24,0,30,1048,255,36,0,1339,0,0,0,1339
03/13/2019,EWR,NJ,AEA,EN,Towers with Radar,1015,247,11,1,1274,0,10,17,0,27,1015,257,28,1,1301,0,0,0,1301
03/14/2019,EWR,NJ,AEA,EN,Towers with Radar,1029,247,10,1,1287,0,4,27,0,31,1029,251,37,1,1318,0,0,0,1318
03/15/2019,EWR,NJ,AEA,EN,Towers with Radar,885,204,13,0,1102,0,7,18,0,25,885,211,31,0,1127,0,0,0,1127
03/16/2019,EWR,NJ,AEA,EN,Towers with Radar,972,183,9,0,1164,0,2,10,0,12,972,185,19,0,1176,0,0,0,1176
03/17/2019,EWR,NJ,AEA,EN,Towers with Radar,938,199,12,0,1149,0,0,19,0,19,938,199,31,0,1168,0,0,0,1168
03/18/2019,EWR,NJ,AEA,EN,Towers with Radar,992,228,18,0,1238,0,2,19,0,21,992,230,37,0,1259,0,0,0,1259
03/19/2019,EWR,NJ,AEA,EN,Towers with Radar,1037,254,16,0,1307,0,6,11,0,17,1037,260,27,0,1324,0,0,0,1324
03/20/2019,EWR,NJ,AEA,EN,Towers with Radar,1019,249,10,0,1278,0,7,9,0,16,1019,256,19,0,1294,0,0,0,1294
03/21/2019,EWR,NJ,AEA,EN,Towers with Radar,1013,222,10,0,1245,0,7,7,0,14,1013,229,17,0,1259,0,0,0,1259
03/22/2019,EWR,NJ,AEA,EN,Towers with Radar,1050,250,9,0,1309,0,6,11,0,17,1050,256,20,0,1326,0,0,0,1326
03/23/2019,EWR,NJ,AEA,EN,Towers with Radar,869,173,6,0,1048,0,0,4,0,4,869,173,10,0,1052,0,0,0,1052
03/24/2019,EWR,NJ,AEA,EN,Towers with Radar,959,192,6,2,1159,0,0,16,2,18,959,192,22,4,1177,0,0,0,1177
03/25/2019,EWR,NJ,AEA,EN,Towers with Radar,987,240,14,0,1241,0,1,12,0,13,987,241,26,0,1254,0,0,0,1254
03/26/2019,EWR,NJ,AEA,EN,Towers with Radar,1034,244,12,0,1290,0,8,12,0,20,1034,252,24,0,1310,0,0,0,1310
03/27/2019,EWR,NJ,AEA,EN,Towers with Radar,1030,252,12,0,1294,0,6,25,0,31,1030,258,37,0,1325,0,0,0,1325
03/28/2019,EWR,NJ,AEA,EN,Towers with Radar,1044,248,8,0,1300,0,7,18,0,25,1044,255,26,0,1325,0,0,0,1325
03/29/2019,EWR,NJ,AEA,EN,Towers with Radar,1029,245,10,0,1284,0,10,15,2,27,1029,255,25,2,1311,0,0,0,1311
03/30/2019,EWR,NJ,AEA,EN,Towers with Radar,872,191,10,0,1073,0,3,18,2,23,872,194,28,2,1096,0,0,0,1096
03/31/2019,EWR,NJ,AEA,EN,Towers with Radar,953,210,20,0,1183,0,0,13,0,13,953,210,33,0,1196,0,0,0,1196
04/01/2019,EWR,NJ,AEA,EN,Towers with Radar,1009,219,18,1,1247,0,0,17,0,17,1009,219,35,1,1264,0,0,0,1264
04/02/2019,EWR,NJ,AEA,EN,Towers with Radar,1055,242,8,0,1305,0,9,28,4,41,1055,251,36,4,1346,0,0,0,1346
04/03/2019,EWR,NJ,AEA,EN,Towers with Radar,1053,228,30,0,1311,0,8,30,0,38,1053,236,60,0,1349,0,0,0,1349
04/04/2019,EWR,NJ,AEA,EN,Towers with Radar,1092,262,15,0,1369,0,3,34,4,41,1092,265,49,4,1410,0,0,0,1410
04/05/2019,EWR,NJ,AEA,EN,Towers with Radar,1041,251,17,0,1309,0,4,17,0,21,1041,255,34,0,1330,0,0,0,1330
04/06/2019,EWR,NJ,AEA,EN,Towers with Radar,864,186,8,0,1058,0,0,11,0,11,864,186,19,0,1069,0,0,0,1069
04/07/2019,EWR,NJ,AEA,EN,Towers with Radar,945,210,9,0,1164,0,2,13,0,15,945,212,22,0,1179,0,0,0,1179
04/08/2019,EWR,NJ,AEA,EN,Towers with Radar,1006,213,5,0,1224,0,0,15,0,15,1006,213,20,0,1239,0,0,0,1239
04/09/2019,EWR,NJ,AEA,EN,Towers with Radar,1017,234,8,0,1259,0,2,7,0,9,1017,236,15,0,1268,0,0,0,1268
04/10/2019,EWR,NJ,AEA,EN,Towers with Radar,1092,242,13,0,1347,0,6,25,0,31,1092,248,38,0,1378,0,0,0,1378
04/11/2019,EWR,NJ,AEA,EN,Towers with Radar,1048,267,14,2,1331,0,5,28,0,33,1048,272,42,2,1364,0,0,0,1364
04/12/2019,EWR,NJ,AEA,EN,Towers with Radar,1005,228,17,0,1250,0,4,25,0,29,1005,232,42,0,1279,0,0,0,1279
04/13/2019,EWR,NJ,AEA,EN,Towers with Radar,880,209,5,0,1094,0,0,12,8,20,880,209,17,8,1114,0,0,0,1114
04/14/2019,EWR,NJ,AEA,EN,Towers with Radar,894,164,11,0,1069,0,0,10,0,10,894,164,21,0,1079,0,0,0,1079
04/15/2019,EWR,NJ,AEA,EN,Towers with Radar,966,176,9,0,1151,0,2,10,0,12,966,178,19,0,1163,0,0,0,1163
04/16/2019,EWR,NJ,AEA,EN,Towers with Radar,1080,254,15,0,1349,0,6,10,0,16,1080,260,25,0,1365,0,0,0,1365
04/17/2019,EWR,NJ,AEA,EN,Towers with Radar,1056,247,14,0,1317,0,6,20,2,28,1056,253,34,2,1345,0,0,0,1345
04/18/2019,EWR,NJ,AEA,EN,Towers with Radar,1042,233,17,0,1292,0,10,19,0,29,1042,243,36,0,1321,0,0,0,1321
04/19/2019,EWR,NJ,AEA,EN,Towers with Radar,906,174,8,0,1088,0,4,14,0,18,906,178,22,0,1106,0,0,0,1106
04/20/2019,EWR,NJ,AEA,EN,Towers with Radar,892,188,4,0,1084,0,2,2,0,4,892,190,6,0,1088,0,0,0,1088
04/21/2019,EWR,NJ,AEA,EN,Towers with Radar,938,188,9,0,1135,0,2,8,0,10,938,190,17,0,1145,0,0,0,1145
04/22/2019,EWR,NJ,AEA,EN,Towers with Radar,1005,225,15,0,1245,0,2,21,0,23,1005,227,36,0,1268,0,0,0,1268
04/23/2019,EWR,NJ,AEA,EN,Towers with Radar,1069,238,7,0,1314,0,4,29,0,33,1069,242,36,0,1347,0,0,0,1347
04/24/2019,EWR,NJ,AEA,EN,Towers with Radar,1043,225,14,0,1282,0,6,23,2,31,1043,231,37,2,1313,0,0,0,1313
04/25/2019,EWR,NJ,AEA,EN,Towers with Radar,1063,232,10,0,1305,0,6,36,0,42,1063,238,46,0,1347,0,0,0,1347
04/26/2019,EWR,NJ,AEA,EN,Towers with Radar,952,172,10,0,1134,0,6,4,0,10,952,178,14,0,1144,0,0,0,1144
04/27/2019,EWR,NJ,AEA,EN,Towers with Radar,877,205,18,0,1100,0,0,11,0,11,877,205,29,0,1111,0,0,0,1111
04/28/2019,EWR,NJ,AEA,EN,Towers with Radar,948,207,16,1,1172,1,0,12,0,13,949,207,28,1,1185,0,0,0,1185
04/29/2019,EWR,NJ,AEA,EN,Towers with Radar,994,222,6,0,1222,0,2,14,0,16,994,224,20,0,1238,0,0,0,1238
04/30/2019,EWR,NJ,AEA,EN,Towers with Radar,1029,245,16,0,1290,0,0,12,0,12,1029,245,28,0,1302,0,0,0,1302
05/01/2019,EWR,NJ,AEA,EN,Towers with Radar,1024,251,17,1,1293,0,7,24,0,31,1024,258,41,1,1324,0,0,0,1324
05/02/2019,EWR,NJ,AEA,EN,Towers with Radar,1009,238,15,0,1262,0,1,18,0,19,1009,239,33,0,1281,0,0,0,1281
05/03/2019,EWR,NJ,AEA,EN,Towers with Radar,1016,227,18,1,1262,0,0,8,0,8,1016,227,26,1,1270,0,0,0,1270
05/04/2019,EWR,NJ,AEA,EN,Towers with Radar,865,176,10,0,1051,0,0,11,0,11,865,176,21,0,1062,0,0,0,1062
05/05/2019,EWR,NJ,AEA,EN,Towers with Radar,935,192,14,0,1141,0,0,7,0,7,935,192,21,0,1148,0,0,0,1148
05/06/2019,EWR,NJ,AEA,EN,Towers with Radar,1014,230,10,0,1254,0,2,26,0,28,1014,232,36,0,1282,0,0,0,1282
05/07/2019,EWR,NJ,AEA,EN,Towers with Radar,986,230,15,0,1231,0,4,19,0,23,986,234,34,0,1254,0,0,0,1254
05/08/2019,EWR,NJ,AEA,EN,Towers with Radar,1091,240,22,0,1353,0,6,28,2,36,1091,246,50,2,1389,0,0,0,1389
05/09/2019,EWR,NJ,AEA,EN,Towers with Radar,1066,237,12,0,1315,0,6,30,0,36,1066,243,42,0,1351,0,0,0,1351
05/10/2019,EWR,NJ,AEA,EN,Towers with Radar,1042,218,10,0,1270,0,3,32,0,35,1042,221,42,0,1305,0,0,0,1305
05/11/2019,EWR,NJ,AEA,EN,Towers with Radar,848,169,12,0,1029,0,0,34,5,39,848,169,46,5,1068,0,0,0,1068
05/12/2019,EWR,NJ,AEA,EN,Towers with Radar,927,194,12,0,1133,0,2,4,0,6,927,196,16,0,1139,0,0,0,1139
05/13/2019,EWR,NJ,AEA,EN,Towers with Radar,991,215,25,0,1231,0,2,7,0,9,991,217,32,0,1240,0,0,0,1240
05/14/2019,EWR,NJ,AEA,EN,Towers with Radar,1073,257,15,0,1345,0,8,19,0,27,1073,265,34,0,1372,0,0,0,1372
05/15/2019,EWR,NJ,AEA,EN,Towers with Radar,1050,241,21,0,1312,0,4,32,2,38,1050,245,53,2,1350,0,0,0,1350
05/16/2019,EWR,NJ,AEA,EN,Towers with Radar,1056,255,26,0,1337,0,10,38,0,48,1056,265,64,0,1385,0,0,0,1385
05/17/2019,EWR,NJ,AEA,EN,Towers with Radar,1034,244,12,0,1290,0,2,38,1,41,1034,246,50,1,1331,0,0,0,1331
05/18/2019,EWR,NJ,AEA,EN,Towers with Radar,852,169,11,0,1032,0,0,23,8,31,852,169,34,8,1063,0,0,0,1063
05/19/2019,EWR,NJ,AEA,EN,Towers with Radar,842,160,15,0,1017,0,2,27,3,32,842,162,42,3,1049,0,0,0,1049
05/20/2019,EWR,NJ,AEA,EN,Towers with Radar,1013,204,11,0,1228,0,1,22,2,25,1013,205,33,2,1253,0,0,0,1253
05/21/2019,EWR,NJ,AEA,EN,Towers with Radar,1066,248,11,0,1325,0,4,41,2,47,1066,252,52,2,1372,0,0,0,1372
05/22/2019,EWR,NJ,AEA,EN,Towers with Radar,1062,258,11,0,1331,0,9,37,0,46,1062,267,48,0,1377,0,0,0,1377
05/23/2019,EWR,NJ,AEA,EN,Towers with Radar,964,196,5,0,1165,0,4,38,0,42,964,200,43,0,1207,0,0,0,1207
05/24/2019,EWR,NJ,AEA,EN,Towers with Radar,1063,254,7,0,1324,0,13,40,0,53,1063,267,47,0,1377,0,0,0,1377
05/25/2019,EWR,NJ,AEA,EN,Towers with Radar,859,163,7,0,1029,0,0,16,4,20,859,163,23,4,1049,0,0,0,1049
05/26/2019,EWR,NJ,AEA,EN,Towers with Radar,820,175,5,0,1000,0,0,11,2,13,820,175,16,2,1013,0,0,0,1013
05/27/2019,EWR,NJ,AEA,EN,Towers with Radar,966,234,11,0,1211,0,3,40,4,47,966,237,51,4,1258,0,0,0,1258
05/28/2019,EWR,NJ,AEA,EN,Towers with Radar,856,143,10,1,1010,0,5,17,0,22,856,148,27,1,1032,0,0,0,1032
05/29/2019,EWR,NJ,AEA,EN,Towers with Radar,958,150,13,0,1121,0,3,26,0,29,958,153,39,0,1150,0,0,0,1150
05/30/2019,EWR,NJ,AEA,EN,Towers with Radar,994,172,12,0,1178,0,4,15,0,19,994,176,27,0,1197,0,0,0,1197
05/31/2019,EWR,NJ,AEA,EN,Towers with Radar,1093,249,13,0,1355,0,26,29,0,55,1093,275,42,0,1410,0,0,0,1410
06/01/2019,EWR,NJ,AEA,EN,Towers with Radar,849,199,14,0,1062,0,2,23,0,25,849,201,37,0,1087,0,0,0,1087
06/02/2019,EWR,NJ,AEA,EN,Towers with Radar,856,171,10,0,1037,0,8,26,0,34,856,179,36,0,1071,0,0,0,1071
06/03/2019,EWR,NJ,AEA,EN,Towers with Radar,1065,249,20,0,1334,1,12,20,0,33,1066,261,40,0,1367,0,0,0,1367
06/04/2019,EWR,NJ,AEA,EN,Towers with Radar,1063,254,10,0,1327,0,12,26,0,38,1063,266,36,0,1365,0,0,0,1365
06/05/2019,EWR,NJ,AEA,EN,Towers with Radar,1000,192,20,0,1212,0,4,54,0,58,1000,196,74,0,1270,0,0,0,1270
06/06/2019,EWR,NJ,AEA,EN,Towers with Radar,1058,287,14,0,1359,0,12,25,0,37,1058,299,39,0,1396,0,0,0,1396
06/07/2019,EWR,NJ,AEA,EN,Towers with Radar,1048,273,16,3,1340,0,14,33,1,48,1048,287,49,4,1388,0,0,0,1388
06/08/2019,EWR,NJ,AEA,EN,Towers with Radar,876,214,12,1,1103,0,0,29,0,29,876,214,41,1,1132,0,0,0,1132
06/09/2019,EWR,NJ,AEA,EN,Towers with Radar,940,225,10,0,1175,0,4,28,2,34,940,229,38,2,1209,0,0,0,1209
06/10/2019,EWR,NJ,AEA,EN,Towers with Radar,933,219,15,0,1167,0,0,3,0,3,933,219,18,0,1170,0,0,0,1170
06/11/2019,EWR,NJ,AEA,EN,Towers with Radar,1096,303,16,0,1415,0,13,13,0,26,1096,316,29,0,1441,0,0,0,1441
06/12/2019,EWR,NJ,AEA,EN,Towers with Radar,1062,279,11,0,1352,0,12,21,0,33,1062,291,32,0,1385,0,0,0,1385
06/13/2019,EWR,NJ,AEA,EN,Towers with Radar,1045,246,5,0,1296,0,4,13,0,17,1045,250,18,0,1313,0,0,0,1313
06/14/2019,EWR,NJ,AEA,EN,Towers with Radar,1080,297,8,0,1385,0,13,29,0,42,1080,310,37,0,1427,0,0,0,1427
06/15/2019,EWR,NJ,AEA,EN,Towers with Radar,731,116,3,0,850,0,0,12,2,14,731,116,15,2,864,0,0,0,864
06/16/2019,EWR,NJ,AEA,EN,Towers with Radar,957,198,5,0,1160,0,8,12,1,21,957,206,17,1,1181,0,0,0,1181
06/17/2019,EWR,NJ,AEA,EN,Towers with Radar,1010,257,7,0,1274,0,5,28,0,33,1010,262,35,0,1307,0,0,0,1307
06/18/2019,EWR,NJ,AEA,EN,Towers with Radar,970,213,10,0,1193,0,0,2,2,4,970,213,12,2,1197,0,0,0,1197
06/19/2019,EWR,NJ,AEA,EN,Towers with Radar,1029,223,20,0,1272,0,0,14,0,14,1029,223,34,0,1286,0,0,0,1286
06/20/2019,EWR,NJ,AEA,EN,Towers with Radar,1016,210,34,0,1260,0,1,3,0,4,1016,211,37,0,1264,0,0,0,1264
06/21/2019,EWR,NJ,AEA,EN,Towers with Radar,1070,262,14,0,1346,0,18,28,1,47,1070,280,42,1,1393,0,0,0,1393
06/22/2019,EWR,NJ,AEA,EN,Towers with Radar,917,236,2,0,1155,0,0,13,0,13,917,236,15,0,1168,0,0,0,1168
06/23/2019,EWR,NJ,AEA,EN,Towers with Radar,958,231,10,0,1199,0,2,24,0,26,958,233,34,0,1225,0,0,0,1225
06/24/2019,EWR,NJ,AEA,EN,Towers with Radar,1010,268,23,0,1301,0,2,26,6,34,1010,270,49,6,1335,0,0,0,1335
06/25/2019,EWR,NJ,AEA,EN,Towers with Radar,1045,250,17,0,1312,0,0,14,0,14,1045,250,31,0,1326,0,0,0,1326
06/26/2019,EWR,NJ,AEA,EN,Towers with Radar,1083,292,22,0,1397,0,20,35,0,55,1083,312,57,0,1452,0,0,0,1452
06/27/2019,EWR,NJ,AEA,EN,Towers with Radar,1065,283,18,0,1366,0,23,44,0,67,1065,306,62,0,1433,0,0,0,1433
06/28/2019,EWR,NJ,AEA,EN,Towers with Radar,1058,280,10,0,1348,0,20,37,2,59,1058,300,47,2,1407,0,0,0,1407
06/29/2019,EWR,NJ,AEA,EN,Towers with Radar,666,86,5,0,757,0,0,13,0,13,666,86,18,0,770,0,0,0,770
06/30/2019,EWR,NJ,AEA,EN,Towers with Radar,973,212,18,0,1203,0,8,15,0,23,973,220,33,0,1226,0,0,0,1226
07/01/2019,EWR,NJ,AEA,EN,Towers with Radar,1004,268,18,0,1290,0,4,26,5,35,1004,272,44,5,1325,0,0,0,1325
07/02/2019,EWR,NJ,AEA,EN,Towers with Radar,987,249,11,0,1247,0,13,17,0,30,987,262,28,0,1277,0,0,0,1277
07/03/2019,EWR,NJ,AEA,EN,Towers with Radar,1006,243,10,0,1259,0,18,35,0,53,1006,261,45,0,1312,0,0,0,1312
07/04/2019,EWR,NJ,AEA,EN,Towers with Radar,904,205,5,2,1116,0,6,11,2,19,904,211,16,4,1135,0,0,0,1135
07/05/2019,EWR,NJ,AEA,EN,Towers with Radar,921,222,4,0,1147,0,8,26,0,34,921,230,30,0,1181,0,0,0,1181
07/06/2019,EWR,NJ,AEA,EN,Towers with Radar,661,118,6,0,785,0,0,4,0,4,661,118,10,0,789,0,0,0,789
07/07/2019,EWR,NJ,AEA,EN,Towers with Radar,998,212,17,2,1229,0,12,21,2,35,998,224,38,4,1264,0,0,0,1264
07/08/2019,EWR,NJ,AEA,EN,Towers with Radar,1021,263,26,0,1310,0,4,37,1,42,1021,267,63,1,1352,0,0,0,1352
07/09/2019,EWR,NJ,AEA,EN,Towers with Radar,1080,290,12,0,1382,0,9,31,5,45,1080,299,43,5,1427,0,0,0,1427
07/10/2019,EWR,NJ,AEA,EN,Towers with Radar,1075,281,8,0,1364,0,8,36,0,44,1075,289,44,0,1408,0,0,0,1408
07/11/2019,EWR,NJ,AEA,EN,Towers with Radar,845,162,10,0,1017,0,8,32,2,42,845,170,42,2,1059,0,0,0,1059
07/12/2019,EWR,NJ,AEA,EN,Towers with Radar,1128,261,17,0,1406,0,21,29,0,50,1128,282,46,0,1456,0,0,0,1456
07/13/2019,EWR,NJ,AEA,EN,Towers with Radar,900,220,4,0,1124,0,1,21,0,22,900,221,25,0,1146,0,0,0,1146
07/14/2019,EWR,NJ,AEA,EN,Towers with Radar,961,226,16,0,1203,0,3,30,2,35,961,229,46,2,1238,0,0,0,1238
07/15/2019,EWR,NJ,AEA,EN,Towers with Radar,1021,267,14,0,1302,0,8,45,0,53,1021,275,59,0,1355,0,0,0,1355
07/16/2019,EWR,NJ,AEA,EN,Towers with Radar,1052,281,20,0,1353,0,13,29,0,42,1052,294,49,0,1395,0,0,0,1395
07/17/2019,EWR,NJ,AEA,EN,Towers with Radar,809,178,13,0,1000,0,17,34,0,51,809,195,47,0,1051,0,0,0,1051
07/18/2019,EWR,NJ,AEA,EN,Towers with Radar,1020,213,15,6,1254,1,4,18,0,23,1021,217,33,6,1277,0,0,0,1277
07/19/2019,EWR,NJ,AEA,EN,Towers with Radar,1075,282,11,2,1370,0,12,49,1,62,1075,294,60,3,1432,0,0,0,1432
07/20/2019,EWR,NJ,AEA,EN,Towers with Radar,898,211,2,0,1111,0,0,20,2,22,898,211,22,2,1133,0,0,0,1133
07/21/2019,EWR,NJ,AEA,EN,Towers with Radar,864,161,13,2,1040,0,7,27,0,34,864,168,40,2,1074,0,0,0,1074
07/22/2019,EWR,NJ,AEA,EN,Towers with Radar,781,141,5,0,927,0,4,30,0,34,781,145,35,0,961,0,0,0,961
07/23/2019,EWR,NJ,AEA,EN,Towers with Radar,1133,261,11,1,1406,0,2,30,0,32,1133,263,41,1,1438,0,0,0,1438
07/24/2019,EWR,NJ,AEA,EN,Towers with Radar,1068,289,11,2,1370,0,8,37,0,45,1068,297,48,2,1415,0,0,0,1415
07/25/2019,EWR,NJ,AEA,EN,Towers with Radar,1095,287,12,2,1396,0,10,66,1,77,1095,297,78,3,1473,0,0,0,1473
07/26/2019,EWR,NJ,AEA,EN,Towers with Radar,1049,283,9,0,1341,0,8,42,0,50,1049,291,51,0,1391,0,0,0,1391
07/27/2019,EWR,NJ,AEA,EN,Towers with Radar,889,212,14,0,1115,0,2,9,0,11,889,214,23,0,1126,0,0,0,1126
07/28/2019,EWR,NJ,AEA,EN,Towers with Radar,971,230,9,0,1210,0,3,24,5,32,971,233,33,5,1242,0,0,0,1242
07/29/2019,EWR,NJ,AEA,EN,Towers with Radar,1014,272,6,2,1294,0,4,48,6,58,1014,276,54,8,1352,0,0,0,1352
07/30/2019,EWR,NJ,AEA,EN,Towers with Radar,980,231,15,0,1226,0,7,31,4,42,980,238,46,4,1268,0,0,0,1268
07/31/2019,EWR,NJ,AEA,EN,Towers with Radar,882,193,9,0,1084,0,5,21,0,26,882,198,30,0,1110,0,0,0,1110
08/01/2019,EWR,NJ,AEA,EN,Towers with Radar,1102,253,13,2,1370,0,11,39,4,54,1102,264,52,6,1424,0,0,0,1424
08/02/2019,EWR,NJ,AEA,EN,Towers with Radar,1055,270,5,0,1330,0,4,40,0,44,1055,274,45,0,1374,0,0,0,1374
08/03/2019,EWR,NJ,AEA,EN,Towers with Radar,882,217,13,0,1112,0,2,30,0,32,882,219,43,0,1144,0,0,0,1144
08/04/2019,EWR,NJ,AEA,EN,Towers with Radar,974,230,18,0,1222,0,3,29,0,32,974,233,47,0,1254,0,0,0,1254
08/05/2019,EWR,NJ,AEA,EN,Towers with Radar,1023,272,16,0,1311,0,0,33,0,33,1023,272,49,0,1344,0,0,0,1344
08/06/2019,EWR,NJ,AEA,EN,Towers with Radar,963,208,23,0,1194,0,6,21,1,28,963,214,44,1,1222,0,0,0,1222
08/07/2019,EWR,NJ,AEA,EN,Towers with Radar,683,129,18,0,830,0,8,14,0,22,683,137,32,0,852,0,0,0,852
08/08/2019,EWR,NJ,AEA,EN,Towers with Radar,979,219,12,0,1210,0,15,41,0,56,979,234,53,0,1266,0,0,0,1266
08/09/2019,EWR,NJ,AEA,EN,Towers with Radar,1123,254,17,0,1394,0,10,30,0,40,1123,264,47,0,1434,0,0,0,1434
08/10/2019,EWR,NJ,AEA,EN,Towers with Radar,895,202,7,0,1104,0,1,14,2,17,895,203,21,2,1121,0,0,0,1121
08/11/2019,EWR,NJ,AEA,EN,Towers with Radar,958,204,21,0,1183,0,2,32,4,38,958,206,53,4,1221,0,0,0,1221
08/12/2019,EWR,NJ,AEA,EN,Towers with Radar,1010,268,10,1,1289,0,4,48,2,54,1010,272,58,3,1343,0,0,0,1343
08/13/2019,EWR,NJ,AEA,EN,Towers with Radar,1049,239,7,1,1296,0,12,32,0,44,1049,251,39,1,1340,0,0,0,1340
08/14/2019,EWR,NJ,AEA,EN,Towers with Radar,1038,236,8,0,1282,0,16,34,0,50,1038,252,42,0,1332,0,0,0,1332
08/15/2019,EWR,NJ,AEA,EN,Towers with Radar,1024,237,20,0,1281,0,14,34,0,48,1024,251,54,0,1329,0,0,0,1329
08/16/2019,EWR,NJ,AEA,EN,Towers with Radar,1112,288,12,0,1412,0,11,44,4,59,1112,299,56,4,1471,0,0,0,1471
08/17/2019,EWR,NJ,AEA,EN,Towers with Radar,888,198,9,0,1095,0,0,7,1,8,888,198,16,1,1103,0,0,0,1103
08/18/2019,EWR,NJ,AEA,EN,Towers with Radar,759,139,7,2,907,0,5,20,2,27,759,144,27,4,934,0,0,0,934
08/19/2019,EWR,NJ,AEA,EN,Towers with Radar,1015,185,14,0,1214,0,5,40,4,49,1015,190,54,4,1263,0,0,0,1263
08/20/2019,EWR,NJ,AEA,EN,Towers with Radar,979,245,14,0,1238,0,11,25,3,39,979,256,39,3,1277,0,0,0,1277
08/21/2019,EWR,NJ,AEA,EN,Towers with Radar,958,182,15,0,1155,0,6,25,3,34,958,188,40,3,1189,0,0,0,1189
08/22/2019,EWR,NJ,AEA,EN,Towers with Radar,968,217,12,0,1197,0,19,31,1,51,968,236,43,1,1248,0,0,0,1248
08/23/2019,EWR,NJ,AEA,EN,Towers with Radar,1091,280,15,0,1386,0,9,27,2,38,1091,289,42,2,1424,0,0,0,1424
08/24/2019,EWR,NJ,AEA,EN,Towers with Radar,861,212,11,0,1084,0,2,12,2,16,861,214,23,2,1100,0,0,0,1100
08/25/2019,EWR,NJ,AEA,EN,Towers with Radar,912,242,9,0,1163,0,7,22,1,30,912,249,31,1,1193,0,0,0,1193
08/26/2019,EWR,NJ,AEA,EN,Towers with Radar,978,261,5,0,1244,0,5,38,0,43,978,266,43,0,1287,0,0,0,1287
08/27/2019,EWR,NJ,AEA,EN,Towers with Radar,1038,294,11,0,1343,0,10,26,0,36,1038,304,37,0,1379,0,0,0,1379
08/28/2019,EWR,NJ,AEA,EN,Towers with Radar,1020,288,12,0,1320,0,13,35,0,48,1020,301,47,0,1368,0,0,0,1368
08/29/2019,EWR,NJ,AEA,EN,Towers with Radar,1059,296,4,0,1359,0,14,30,0,44,1059,310,34,0,1403,0,0,0,1403
08/30/2019,EWR,NJ,AEA,EN,Towers with Radar,1018,287,9,0,1314,0,24,50,0,74,1018,311,59,0,1388,0,0,0,1388
08/31/2019,EWR,NJ,AEA,EN,Towers with Radar,821,193,5,0,1019,0,0,9,1,10,821,193,14,1,1029,0,0,0,1029
09/01/2019,EWR,NJ,AEA,EN,Towers with Radar,781,194,11,0,986,0,0,21,0,21,781,194,32,0,1007,0,0,0,1007
09/02/2019,EWR,NJ,AEA,EN,Towers with Radar,815,193,11,0,1019,0,5,34,2,41,815,198,45,2,1060,0,0,0,1060
09/03/2019,EWR,NJ,AEA,EN,Towers with Radar,998,252,10,0,1260,0,5,44,0,49,998,257,54,0,1309,0,0,0,1309
09/04/2019,EWR,NJ,AEA,EN,Towers with Radar,965,241,13,0,1219,0,8,27,0,35,965,249,40,0,1254,0,0,0,1254
09/05/2019,EWR,NJ,AEA,EN,Towers with Radar,1036,293,14,0,1343,0,8,33,2,43,1036,301,47,2,1386,0,0,0,1386
09/06/2019,EWR,NJ,AEA,EN,Towers with Radar,996,264,13,0,1273,0,11,20,0,31,996,275,33,0,1304,0,0,0,1304
09/07/2019,EWR,NJ,AEA,EN,Towers with Radar,816,200,11,0,1027,0,0,11,0,11,816,200,22,0,1038,0,0,0,1038
09/08/2019,EWR,NJ,AEA,EN,Towers with Radar,931,243,23,0,1197,0,6,23,0,29,931,249,46,0,1226,0,0,0,1226
09/09/2019,EWR,NJ,AEA,EN,Towers with Radar,994,252,17,0,1263,0,2,50,3,55,994,254,67,3,1318,0,0,0,1318
09/10/2019,EWR,NJ,AEA,EN,Towers with Radar,1033,264,24,0,1321,0,6,34,2,42,1033,270,58,2,1363,0,0,0,1363
09/11/2019,EWR,NJ,AEA,EN,Towers with Radar,974,246,13,0,1233,0,6,48,1,55,974,252,61,1,1288,0,0,0,1288
09/12/2019,EWR,NJ,AEA,EN,Towers with Radar,1046,270,21,0,1337,0,7,20,1,28,1046,277,41,1,1365,0,0,0,1365
09/13/2019,EWR,NJ,AEA,EN,Towers with Radar,1057,286,6,0,1349,0,6,44,1,51,1057,292,50,1,1400,0,0,0,1400
09/14/2019,EWR,NJ,AEA,EN,Towers with Radar,829,197,5,0,1031,0,0,18,0,18,829,197,23,0,1049,0,0,0,1049
09/15/2019,EWR,NJ,AEA,EN,Towers with Radar,931,233,13,0,1177,0,2,28,0,30,931,235,41,0,1207,0,0,0,1207
09/16/2019,EWR,NJ,AEA,EN,Towers with Radar,1004,250,14,0,1268,0,0,28,0,28,1004,250,42,0,1296,0,0,0,1296
09/17/2019,EWR,NJ,AEA,EN,Towers with Radar,1032,290,11,0,1333,0,7,32,2,41,1032,297,43,2,1374,0,0,0,1374
09/18/2019,EWR,NJ,AEA,EN,Towers with Radar,1036,275,13,0,1324,0,10,42,0,52,1036,285,55,0,1376,0,0,0,1376
09/19/2019,EWR,NJ,AEA,EN,Towers with Radar,1036,261,9,0,1306,0,10,36,0,46,1036,271,45,0,1352,0,0,0,1352
09/20/2019,EWR,NJ,AEA,EN,Towers with Radar,1032,263,10,0,1305,0,8,44,0,52,1032,271,54,0,1357,0,0,0,1357
09/21/2019,EWR,NJ,AEA,EN,Towers with Radar,812,199,17,2,1030,0,6,17,0,23,812,205,34,2,1053,0,0,0,1053
09/22/2019,EWR,NJ,AEA,EN,Towers with Radar,936,228,21,1,1186,0,0,29,0,29,936,228,50,1,1215,0,0,0,1215
09/23/2019,EWR,NJ,AEA,EN,Towers with Radar,993,251,12,0,1256,0,2,9,0,11,993,253,21,0,1267,0,0,0,1267
09/24/2019,EWR,NJ,AEA,EN,Towers with Radar,1036,261,4,0,1301,0,7,18,0,25,1036,268,22,0,1326,0,0,0,1326
09/25/2019,EWR,NJ,AEA,EN,Towers with Radar,1040,264,10,0,1314,0,6,17,0,23,1040,270,27,0,1337,0,0,0,1337
09/26/2019,EWR,NJ,AEA,EN,Towers with Radar,1049,268,17,0,1334,0,7,19,0,26,1049,275,36,0,1360,0,0,0,1360
09/27/2019,EWR,NJ,AEA,EN,Towers with Radar,1017,255,13,2,1287,0,9,20,0,29,1017,264,33,2,1316,0,0,0,1316
09/28/2019,EWR,NJ,AEA,EN,Towers with Radar,813,189,7,1,1010,0,0,2,0,2,813,189,9,1,1012,0,0,0,1012
09/29/2019,EWR,NJ,AEA,EN,Towers with Radar,934,225,9,0,1168,0,0,12,0,12,934,225,21,0,1180,0,0,0,1180
09/30/2019,EWR,NJ,AEA,EN,Towers with Radar,1005,252,10,0,1267,0,3,17,2,22,1005,255,27,2,1289,0,0,0,1289
10/01/2019,EWR,NJ,AEA,EN,Towers with Radar,1034,263,16,0,1313,0,8,21,0,29,1034,271,37,0,1342,0,0,0,1342
10/02/2019,EWR,NJ,AEA,EN,Towers with Radar,1042,281,13,0,1336,0,6,35,0,41,1042,287,48,0,1377,0,0,0,1377
10/03/2019,EWR,NJ,AEA,EN,Towers with Radar,1070,262,27,0,1359,0,6,2,0,8,1070,268,29,0,1367,0,0,0,1367
10/04/2019,EWR,NJ,AEA,EN,Towers with Radar,1057,278,18,0,1353,0,6,31,0,37,1057,284,49,0,1390,0,0,0,1390
10/05/2019,EWR,NJ,AEA,EN,Towers with Radar,835,193,9,0,1037,0,0,2,4,6,835,193,11,4,1043,0,0,0,1043
10/06/2019,EWR,NJ,AEA,EN,Towers with Radar,945,227,20,0,1192,0,0,4,0,4,945,227,24,0,1196,0,0,0,1196
10/07/2019,EWR,NJ,AEA,EN,Towers with Radar,1006,256,19,0,1281,0,0,16,0,16,1006,256,35,0,1297,0,0,0,1297
10/08/2019,EWR,NJ,AEA,EN,Towers with Radar,1045,282,22,0,1349,0,6,24,1,31,1045,288,46,1,1380,0,0,0,1380
10/09/2019,EWR,NJ,AEA,EN,Towers with Radar,1029,258,14,0,1301,0,6,8,0,14,1029,264,22,0,1315,0,0,0,1315
10/10/2019,EWR,NJ,AEA,EN,Towers with Radar,1070,283,10,0,1363,0,5,17,1,23,1070,288,27,1,1386,0,0,0,1386
10/11/2019,EWR,NJ,AEA,EN,Towers with Radar,1051,280,14,0,1345,0,16,23,2,41,1051,296,37,2,1386,0,0,0,1386
10/12/2019,EWR,NJ,AEA,EN,Towers with Radar,845,201,19,0,1065,0,0,7,0,7,845,201,26,0,1072,0,0,0,1072
10/13/2019,EWR,NJ,AEA,EN,Towers with Radar,942,233,9,0,1184,0,0,6,1,7,942,233,15,1,1191,0,0,0,1191
10/14/2019,EWR,NJ,AEA,EN,Towers with Radar,1014,261,13,0,1288,0,2,21,3,26,1014,263,34,3,1314,0,0,0,1314
10/15/2019,EWR,NJ,AEA,EN,Towers with Radar,1036,283,17,0,1336,0,6,21,0,27,1036,289,38,0,1363,0,0,0,1363
10/16/2019,EWR,NJ,AEA,EN,Towers with Radar,980,233,11,0,1224,0,6,4,0,10,980,239,15,0,1234,0,0,0,1234
10/17/2019,EWR,NJ,AEA,EN,Towers with Radar,1120,277,17,0,1414,0,8,9,0,17,1120,285,26,0,1431,0,0,0,1431
10/18/2019,EWR,NJ,AEA,EN,Towers with Radar,1055,282,20,0,1357,0,8,21,0,29,1055,290,41,0,1386,0,0,0,1386
10/19/2019,EWR,NJ,AEA,EN,Towers with Radar,830,194,10,0,1034,0,2,3,2,7,830,196,13,2,1041,0,0,0,1041
10/20/2019,EWR,NJ,AEA,EN,Towers with Radar,927,231,14,0,1172,0,1,8,0,9,927,232,22,0,1181,0,0,0,1181
10/21/2019,EWR,NJ,AEA,EN,Towers with Radar,1009,266,11,0,1286,1,0,14,4,19,1010,266,25,4,1305,0,0,0,1305
10/22/2019,EWR,NJ,AEA,EN,Towers with Radar,1039,265,14,0,1318,0,8,2,0,10,1039,273,16,0,1328,0,0,0,1328
10/23/2019,EWR,NJ,AEA,EN,Towers with Radar,1070,303,9,0,1382,0,9,23,1,33,1070,312,32,1,1415,0,0,0,1415
10/24/2019,EWR,NJ,AEA,EN,Towers with Radar,1057,283,22,0,1362,0,8,21,1,30,1057,291,43,1,1392,0,0,0,1392
10/25/2019,EWR,NJ,AEA,EN,Towers with Radar,1037,263,14,0,1314,0,8,24,3,35,1037,271,38,3,1349,0,0,0,1349
10/26/2019,EWR,NJ,AEA,EN,Towers with Radar,819,188,13,0,1020,0,2,16,1,19,819,190,29,1,1039,0,0,0,1039
10/27/2019,EWR,NJ,AEA,EN,Towers with Radar,958,228,14,0,1200,0,0,1,0,1,958,228,15,0,1201,0,0,0,1201
10/28/2019,EWR,NJ,AEA,EN,Towers with Radar,993,257,15,0,1265,0,0,15,0,15,993,257,30,0,1280,0,0,0,1280
10/29/2019,EWR,NJ,AEA,EN,Towers with Radar,1002,269,13,0,1284,0,6,3,0,9,1002,275,16,0,1293,0,0,0,1293
10/30/2019,EWR,NJ,AEA,EN,Towers with Radar,1035,277,20,0,1332,0,0,1,0,1,1035,277,21,0,1333,0,0,0,1333
10/31/2019,EWR,NJ,AEA,EN,Towers with Radar,924,205,15,0,1144,0,0,0,0,0,924,205,15,0,1144,0,0,0,1144
11/01/2019,EWR,NJ,AEA,EN,Towers with Radar,1056,241,5,0,1302,0,8,26,13,47,1056,249,31,13,1349,0,0,0,1349
11/02/2019,EWR,NJ,AEA,EN,Towers with Radar,840,186,9,0,1035,0,2,0,0,2,840,188,9,0,1037,0,0,0,1037
11/03/2019,EWR,NJ,AEA,EN,Towers with Radar,919,239,15,0,1173,0,0,14,6,20,919,239,29,6,1193,0,0,0,1193
11/04/2019,EWR,NJ,AEA,EN,Towers with Radar,952,254,21,0,1227,0,0,10,0,10,952,254,31,0,1237,0,0,0,1237
11/05/2019,EWR,NJ,AEA,EN,Towers with Radar,998,278,18,0,1294,0,6,10,1,17,998,284,28,1,1311,0,0,0,1311
11/06/2019,EWR,NJ,AEA,EN,Towers with Radar,990,289,24,0,1303,0,9,22,1,32,990,298,46,1,1335,0,0,0,1335
11/07/2019,EWR,NJ,AEA,EN,Towers with Radar,1016,277,24,0,1317,0,10,23,2,35,1016,287,47,2,1352,0,0,0,1352
11/08/2019,EWR,NJ,AEA,EN,Towers with Radar,983,280,18,0,1281,0,4,23,0,27,983,284,41,0,1308,0,0,0,1308
11/09/2019,EWR,NJ,AEA,EN,Towers with Radar,820,184,12,0,1016,0,0,2,0,2,820,184,14,0,1018,0,0,0,1018
11/10/2019,EWR,NJ,AEA,EN,Towers with Radar,920,231,7,0,1158,0,0,1,0,1,920,231,8,0,1159,0,0,0,1159
11/11/2019,EWR,NJ,AEA,EN,Towers with Radar,932,250,6,0,1188,0,0,6,0,6,932,250,12,0,1194,0,0,0,1194
11/12/2019,EWR,NJ,AEA,EN,Towers with Radar,1003,250,6,0,1259,0,6,0,0,6,1003,256,6,0,1265,0,0,0,1265
11/13/2019,EWR,NJ,AEA,EN,Towers with Radar,1005,291,10,0,1306,0,9,13,0,22,1005,300,23,0,1328,0,0,0,1328
11/14/2019,EWR,NJ,AEA,EN,Towers with Radar,1025,274,20,0,1319,0,7,21,0,28,1025,281,41,0,1347,0,0,0,1347
11/15/2019,EWR,NJ,AEA,EN,Towers with Radar,1002,272,16,0,1290,0,17,22,3,42,1002,289,38,3,1332,0,0,0,1332
11/16/2019,EWR,NJ,AEA,EN,Towers with Radar,832,188,4,0,1024,0,0,3,2,5,832,188,7,2,1029,0,0,0,1029
11/17/2019,EWR,NJ,AEA,EN,Towers with Radar,931,237,15,0,1183,0,1,6,0,7,931,238,21,0,1190,0,0,0,1190
11/18/2019,EWR,NJ,AEA,EN,Towers with Radar,975,250,19,0,1244,0,0,4,0,4,975,250,23,0,1248,0,0,0,1248
11/19/2019,EWR,NJ,AEA,EN,Towers with Radar,1024,284,6,0,1314,0,7,4,0,11,1024,291,10,0,1325,0,0,0,1325
11/20/2019,EWR,NJ,AEA,EN,Towers with Radar,1001,274,14,0,1289,0,6,6,2,14,1001,280,20,2,1303,0,0,0,1303
11/21/2019,EWR,NJ,AEA,EN,Towers with Radar,1039,289,7,0,1335,0,4,23,2,29,1039,293,30,2,1364,0,0,0,1364
11/22/2019,EWR,NJ,AEA,EN,Towers with Radar,1007,264,15,0,1286,0,5,14,4,23,1007,269,29,4,1309,0,0,0,1309
11/23/2019,EWR,NJ,AEA,EN,Towers with Radar,853,183,17,0,1053,0,0,2,1,3,853,183,19,1,1056,0,0,0,1056
11/24/2019,EWR,NJ,AEA,EN,Towers with Radar,925,231,12,0,1168,0,1,0,0,1,925,232,12,0,1169,0,0,0,1169
11/25/2019,EWR,NJ,AEA,EN,Towers with Radar,957,255,10,0,1222,0,0,32,0,32,957,255,42,0,1254,0,0,0,1254
11/26/2019,EWR,NJ,AEA,EN,Towers with Radar,1043,283,19,0,1345,0,7,27,0,34,1043,290,46,0,1379,0,0,0,1379
11/27/2019,EWR,NJ,AEA,EN,Towers with Radar,1041,264,5,0,1310,0,2,27,5,34,1041,266,32,5,1344,0,0,0,1344
11/28/2019,EWR,NJ,AEA,EN,Towers with Radar,717,145,6,0,868,0,1,9,0,10,717,146,15,0,878,0,0,0,878
11/29/2019,EWR,NJ,AEA,EN,Towers with Radar,779,164,5,0,948,0,4,18,3,25,779,168,23,3,973,0,0,0,973
11/30/2019,EWR,NJ,AEA,EN,Towers with Radar,949,242,3,0,1194,0,0,2,6,8,949,242,5,6,1202,0,0,0,1202
12/01/2019,EWR,NJ,AEA,EN,Towers with Radar,900,191,18,0,1109,0,0,4,0,4,900,191,22,0,1113,0,0,0,1113
12/02/2019,EWR,NJ,AEA,EN,Towers with Radar,896,178,17,0,1091,0,0,0,0,0,896,178,17,0,1091,0,0,0,1091
12/03/2019,EWR,NJ,AEA,EN,Towers with Radar,1114,250,9,0,1373,0,10,22,0,32,1114,260,31,0,1405,0,0,0,1405
12/04/2019,EWR,NJ,AEA,EN,Towers with Radar,1023,288,18,0,1329,0,10,20,1,31,1023,298,38,1,1360,0,0,0,1360
12/05/2019,EWR,NJ,AEA,EN,Towers with Radar,1051,280,23,0,1354,0,4,20,2,26,1051,284,43,2,1380,0,0,0,1380
12/06/2019,EWR,NJ,AEA,EN,Towers with Radar,1010,279,11,0,1300,0,8,26,4,38,1010,287,37,4,1338,0,0,0,1338
12/07/2019,EWR,NJ,AEA,EN,Towers with Radar,842,153,5,0,1000,0,1,2,0,3,842,154,7,0,1003,0,0,0,1003
12/08/2019,EWR,NJ,AEA,EN,Towers with Radar,908,237,10,0,1155,0,0,8,1,9,908,237,18,1,1164,0,0,0,1164
12/09/2019,EWR,NJ,AEA,EN,Towers with Radar,914,202,12,0,1128,0,0,0,0,0,914,202,12,0,1128,0,0,0,1128
12/10/2019,EWR,NJ,AEA,EN,Towers with Radar,1070,260,13,0,1343,0,7,19,3,29,1070,267,32,3,1372,0,0,0,1372
12/11/2019,EWR,NJ,AEA,EN,Towers with Radar,1050,271,24,0,1345,0,2,9,2,13,1050,273,33,2,1358,0,0,0,1358
12/12/2019,EWR,NJ,AEA,EN,Towers with Radar,1058,301,9,0,1368,0,6,34,1,41,1058,307,43,1,1409,0,0,0,1409
12/13/2019,EWR,NJ,AEA,EN,Towers with Radar,1017,269,11,0,1297,0,9,10,0,19,1017,278,21,0,1316,0,0,0,1316
12/14/2019,EWR,NJ,AEA,EN,Towers with Radar,861,172,13,0,1046,0,0,0,0,0,861,172,13,0,1046,0,0,0,1046
12/15/2019,EWR,NJ,AEA,EN,Towers with Radar,934,224,7,0,1165,0,0,6,2,8,934,224,13,2,1173,0,0,0,1173
12/16/2019,EWR,NJ,AEA,EN,Towers with Radar,953,255,7,0,1215,0,0,13,0,13,953,255,20,0,1228,0,0,0,1228
12/17/2019,EWR,NJ,AEA,EN,Towers with Radar,985,204,14,0,1203,0,2,0,0,2,985,206,14,0,1205,0,0,0,1205
12/18/2019,EWR,NJ,AEA,EN,Towers with Radar,966,242,6,0,1214,0,8,15,1,24,966,250,21,1,1238,0,0,0,1238
12/19/2019,EWR,NJ,AEA,EN,Towers with Radar,1120,280,14,0,1414,0,8,30,1,39,1120,288,44,1,1453,0,0,0,1453
12/20/2019,EWR,NJ,AEA,EN,Towers with Radar,1067,295,8,0,1370,0,8,37,2,47,1067,303,45,2,1417,0,0,0,1417
12/21/2019,EWR,NJ,AEA,EN,Towers with Radar,973,251,8,0,1232,0,0,2,0,2,973,251,10,0,1234,0,0,0,1234
12/22/2019,EWR,NJ,AEA,EN,Towers with Radar,978,249,4,0,1231,0,0,7,1,8,978,249,11,1,1239,0,0,0,1239
12/23/2019,EWR,NJ,AEA,EN,Towers with Radar,981,258,10,0,1249,0,8,11,6,25,981,266,21,6,1274,0,0,0,1274
12/24/2019,EWR,NJ,AEA,EN,Towers with Radar,944,214,2,0,1160,0,6,8,0,14,944,220,10,0,1174,0,0,0,1174
12/25/2019,EWR,NJ,AEA,EN,Towers with Radar,777,201,0,0,978,0,0,2,1,3,777,201,2,1,981,0,0,0,981
12/26/2019,EWR,NJ,AEA,EN,Towers with Radar,978,258,6,0,1242,0,0,12,0,12,978,258,18,0,1254,0,0,0,1254
12/27/2019,EWR,NJ,AEA,EN,Towers with Radar,1018,252,5,0,1275,0,4,14,2,20,1018,256,19,2,1295,0,0,0,1295
12/28/2019,EWR,NJ,AEA,EN,Towers with Radar,923,235,7,0,1165,0,0,1,0,1,923,235,8,0,1166,0,0,0,1166
12/29/2019,EWR,NJ,AEA,EN,Towers with Radar,944,243,2,1,1190,0,0,4,1,5,944,243,6,2,1195,0,0,0,1195
12/30/2019,EWR,NJ,AEA,EN,Towers with Radar,926,217,7,0,1150,0,0,0,0,0,926,217,7,0,1150,0,0,0,1150
12/31/2019,EWR,NJ,AEA,EN,Towers with Radar,974,198,2,1,1175,0,10,2,0,12,974,208,4,1,1187,0,0,0,1187
01/01/2020,EWR,NJ,AEA,EN,Towers with Radar,869,213,4,0,1086,0,0,0,7,7,869,213,4,7,1093,0,0,0,1093
01/02/2020,EWR,NJ,AEA,EN,Towers with Radar,1001,261,8,0,1270,0,4,12,0,16,1001,265,20,0,1286,0,0,0,1286
01/03/2020,EWR,NJ,AEA,EN,Towers with Radar,992,265,13,0,1270,0,2,0,0,2,992,267,13,0,1272,0,0,0,1272
01/04/2020,EWR,NJ,AEA,EN,Towers with Radar,897,235,23,0,1155,0,0,1,0,1,897,235,24,0,1156,0,0,0,1156
01/05/2020,EWR,NJ,AEA,EN,Towers with Radar,952,260,15,0,1227,0,0,3,0,3,952,260,18,0,1230,0,0,0,1230
01/06/2020,EWR,NJ,AEA,EN,Towers with Radar,960,260,18,0,1238,0,0,15,0,15,960,260,33,0,1253,0,0,0,1253
01/07/2020,EWR,NJ,AEA,EN,Towers with Radar,997,268,14,0,1279,0,7,15,3,25,997,275,29,3,1304,0,0,0,1304
01/08/2020,EWR,NJ,AEA,EN,Towers with Radar,944,248,11,0,1203,0,4,11,4,19,944,252,22,4,1222,0,0,0,1222
01/09/2020,EWR,NJ,AEA,EN,Towers with Radar,1009,280,14,0,1303,0,4,26,1,31,1009,284,40,1,1334,0,0,0,1334
01/10/2020,EWR,NJ,AEA,EN,Towers with Radar,969,270,12,0,1251,0,4,15,0,19,969,274,27,0,1270,0,0,0,1270
01/11/2020,EWR,NJ,AEA,EN,Towers with Radar,750,161,5,0,916,0,2,0,2,4,750,163,5,2,920,0,0,0,920
01/12/2020,EWR,NJ,AEA,EN,Towers with Radar,917,229,4,0,1150,0,0,11,1,12,917,229,15,1,1162,0,0,0,1162
01/13/2020,EWR,NJ,AEA,EN,Towers with Radar,955,251,7,0,1213,0,0,22,6,28,955,251,29,6,1241,0,0,0,1241
01/14/2020,EWR,NJ,AEA,EN,Towers with Radar,988,271,13,0,1272,0,0,6,0,6,988,271,19,0,1278,0,0,0,1278
01/15/2020,EWR,NJ,AEA,EN,Towers with Radar,976,282,17,0,1275,0,2,31,0,33,976,284,48,0,1308,0,0,0,1308
01/16/2020,EWR,NJ,AEA,EN,Towers with Radar,985,256,17,0,1258,0,4,14,1,19,985,260,31,1,1277,0,0,0,1277
01/17/2020,EWR,NJ,AEA,EN,Towers with Radar,972,276,12,0,1260,0,8,31,2,41,972,284,43,2,1301,0,0,0,1301
01/18/2020,EWR,NJ,AEA,EN,Towers with Radar,707,119,6,0,832,0,0,0,2,2,707,119,6,2,834,0,0,0,834
01/19/2020,EWR,NJ,AEA,EN,Towers with Radar,873,228,10,0,1111,0,0,14,0,14,873,228,24,0,1125,0,0,0,1125
01/20/2020,EWR,NJ,AEA,EN,Towers with Radar,929,278,17,0,1224,0,2,15,0,17,929,280,32,0,1241,0,0,0,1241
01/21/2020,EWR,NJ,AEA,EN,Towers with Radar,972,291,6,0,1269,0,8,20,6,34,972,299,26,6,1303,0,0,0,1303
01/22/2020,EWR,NJ,AEA,EN,Towers with Radar,970,273,7,0,1250,0,4,8,0,12,970,277,15,0,1262,0,0,0,1262
01/23/2020,EWR,NJ,AEA,EN,Towers with Radar,1000,275,10,0,1285,0,6,29,0,35,1000,281,39,0,1320,0,0,0,1320
01/24/2020,EWR,NJ,AEA,EN,Towers with Radar,981,273,8,0,1262,0,4,22,0,26,981,277,30,0,1288,0,0,0,1288
01/25/2020,EWR,NJ,AEA,EN,Towers with Radar,758,161,5,0,924,0,0,1,0,1,758,161,6,0,925,0,0,0,925
01/26/2020,EWR,NJ,AEA,EN,Towers with Radar,919,233,8,0,1160,0,0,11,0,11,919,233,19,0,1171,0,0,0,1171
01/27/2020,EWR,NJ,AEA,EN,Towers with Radar,941,261,2,0,1204,0,6,10,2,18,941,267,12,2,1222,0,0,0,1222
01/28/2020,EWR,NJ,AEA,EN,Towers with Radar,973,281,7,0,1261,0,4,5,2,11,973,285,12,2,1272,0,0,0,1272
01/29/2020,EWR,NJ,AEA,EN,Towers with Radar,965,274,4,0,1243,0,9,14,0,23,965,283,18,0,1266,0,0,0,1266
01/30/2020,EWR,NJ,AEA,EN,Towers with Radar,995,275,14,0,1284,0,4,16,0,20,995,279,30,0,1304,0,0,0,1304
01/31/2020,EWR,NJ,AEA,EN,Towers with Radar,976,267,7,0,1250,0,4,13,0,17,976,271,20,0,1267,0,0,0,1267
02/01/2020,EWR,NJ,AEA,EN,Towers with Radar,752,175,14,0,941,0,0,2,0,2,752,175,16,0,943,0,0,0,943
02/02/2020,EWR,NJ,AEA,EN,Towers with Radar,890,231,4,0,1125,0,2,2,1,5,890,233,6,1,1130,0,0,0,1130
02/03/2020,EWR,NJ,AEA,EN,Towers with Radar,938,262,9,0,1209,0,4,14,0,18,938,266,23,0,1227,0,0,0,1227
02/04/2020,EWR,NJ,AEA,EN,Towers with Radar,969,274,7,0,1250,0,4,6,0,10,969,278,13,0,1260,0,0,0,1260
02/05/2020,EWR,NJ,AEA,EN,Towers with Radar,965,272,9,0,1246,0,6,13,0,19,965,278,22,0,1265,0,0,0,1265
02/06/2020,EWR,NJ,AEA,EN,Towers with Radar,936,242,10,0,1188,0,0,0,0,0,936,242,10,0,1188,0,0,0,1188
02/07/2020,EWR,NJ,AEA,EN,Towers with Radar,954,233,8,0,1195,0,0,0,0,0,954,233,8,0,1195,0,0,0,1195
02/08/2020,EWR,NJ,AEA,EN,Towers with Radar,782,171,0,0,953,0,3,4,0,7,782,174,4,0,960,0,0,0,960
02/09/2020,EWR,NJ,AEA,EN,Towers with Radar,881,245,9,0,1135,0,0,7,0,7,881,245,16,0,1142,0,0,0,1142
02/10/2020,EWR,NJ,AEA,EN,Towers with Radar,921,262,10,0,1193,0,0,11,0,11,921,262,21,0,1204,0,0,0,1204
02/11/2020,EWR,NJ,AEA,EN,Towers with Radar,991,289,14,0,1294,0,0,6,0,6,991,289,20,0,1300,0,0,0,1300
02/12/2020,EWR,NJ,AEA,EN,Towers with Radar,979,282,7,0,1268,0,6,17,3,26,979,288,24,3,1294,0,0,0,1294
02/13/2020,EWR,NJ,AEA,EN,Towers with Radar,993,239,20,0,1252,0,0,8,0,8,993,239,28,0,1260,0,0,0,1260
02/14/2020,EWR,NJ,AEA,EN,Towers with Radar,1027,245,6,0,1278,0,4,12,0,16,1027,249,18,0,1294,0,0,0,1294
02/15/2020,EWR,NJ,AEA,EN,Towers with Radar,845,204,6,0,1055,0,0,2,1,3,845,204,8,1,1058,0,0,0,1058
02/16/2020,EWR,NJ,AEA,EN,Towers with Radar,908,209,2,0,1119,0,0,2,0,2,908,209,4,0,1121,0,0,0,1121
02/17/2020,EWR,NJ,AEA,EN,Towers with Radar,995,228,17,0,1240,0,0,10,0,10,995,228,27,0,1250,0,0,0,1250
02/18/2020,EWR,NJ,AEA,EN,Towers with Radar,1009,244,15,0,1268,0,5,1,0,6,1009,249,16,0,1274,0,0,0,1274
02/19/2020,EWR,NJ,AEA,EN,Towers with Radar,1035,259,10,0,1304,0,7,20,2,29,1035,266,30,2,1333,0,0,0,1333
02/20/2020,EWR,NJ,AEA,EN,Towers with Radar,1024,241,24,0,1289,0,4,22,0,26,1024,245,46,0,1315,0,0,0,1315
02/21/2020,EWR,NJ,AEA,EN,Towers with Radar,1011,234,11,0,1256,0,4,12,0,16,1011,238,23,0,1272,0,0,0,1272
02/22/2020,EWR,NJ,AEA,EN,Towers with Radar,851,199,5,0,1055,0,2,1,1,4,851,201,6,1,1059,0,0,0,1059
02/23/2020,EWR,NJ,AEA,EN,Towers with Radar,954,209,12,0,1175,0,0,5,0,5,954,209,17,0,1180,0,0,0,1180
02/24/2020,EWR,NJ,AEA,EN,Towers with Radar,986,221,6,0,1213,0,0,12,2,14,986,221,18,2,1227,0,0,0,1227
02/25/2020,EWR,NJ,AEA,EN,Towers with Radar,1019,245,8,0,1272,0,6,2,0,8,1019,251,10,0,1280,0,0,0,1280
02/26/2020,EWR,NJ,AEA,EN,Towers with Radar,1006,230,13,0,1249,0,0,4,0,4,1006,230,17,0,1253,0,0,0,1253
02/27/2020,EWR,NJ,AEA,EN,Towers with Radar,1025,221,11,0,1257,0,6,17,0,23,1025,227,28,0,1280,0,0,0,1280
02/28/2020,EWR,NJ,AEA,EN,Towers with Radar,1033,247,11,0,1291,0,4,13,1,18,1033,251,24,1,1309,0,0,0,1309
02/29/2020,EWR,NJ,AEA,EN,Towers with Radar,850,198,6,0,1054,0,0,6,0,6,850,198,12,0,1060,0,0,0,1060
03/01/2020,EWR,NJ,AEA,EN,Towers with Radar,949,214,17,0,1180,0,0,2,0,2,949,214,19,0,1182,0,0,0,1182
03/02/2020,EWR,NJ,AEA,EN,Towers with Radar,991,222,16,0,1229,0,1,10,2,13,991,223,26,2,1242,0,0,0,1242
03/03/2020,EWR,NJ,AEA,EN,Towers with Radar,1029,237,11,0,1277,0,6,5,2,13,1029,243,16,2,1290,0,0,0,1290
03/04/2020,EWR,NJ,AEA,EN,Towers with Radar,1037,252,12,0,1301,0,6,6,2,14,1037,258,18,2,1315,0,0,0,1315
03/05/2020,EWR,NJ,AEA,EN,Towers with Radar,1067,224,14,0,1305,0,6,16,2,24,1067,230,30,2,1329,0,0,0,1329
03/06/2020,EWR,NJ,AEA,EN,Towers with Radar,1038,216,13,0,1267,0,6,8,0,14,1038,222,21,0,1281,0,0,0,1281
03/07/2020,EWR,NJ,AEA,EN,Towers with Radar,903,188,6,0,1097,0,4,2,2,8,903,192,8,2,1105,0,0,0,1105
03/08/2020,EWR,NJ,AEA,EN,Towers with Radar,985,201,10,0,1196,0,0,8,0,8,985,201,18,0,1204,0,0,0,1204
03/09/2020,EWR,NJ,AEA,EN,Towers with Radar,1015,206,7,1,1229,0,0,8,1,9,1015,206,15,2,1238,0,0,0,1238
03/10/2020,EWR,NJ,AEA,EN,Towers with Radar,1046,225,6,0,1277,0,4,4,0,8,1046,229,10,0,1285,0,0,0,1285
03/11/2020,EWR,NJ,AEA,EN,Towers with Radar,1055,227,12,0,1294,0,4,4,8,16,1055,231,16,8,1310,0,0,0,1310
03/12/2020,EWR,NJ,AEA,EN,Towers with Radar,1085,237,12,0,1334,0,2,8,0,10,1085,239,20,0,1344,0,0,0,1344
03/13/2020,EWR,NJ,AEA,EN,Towers with Radar,1041,222,13,0,1276,0,0,13,1,14,1041,222,26,1,1290,0,0,0,1290
03/14/2020,EWR,NJ,AEA,EN,Towers with Radar,910,186,4,0,1100,0,0,2,3,5,910,186,6,3,1105,0,0,0,1105
03/15/2020,EWR,NJ,AEA,EN,Towers with Radar,984,199,4,0,1187,0,0,2,0,2,984,199,6,0,1189,0,0,0,1189
03/16/2020,EWR,NJ,AEA,EN,Towers with Radar,978,201,4,0,1183,0,0,2,0,2,978,201,6,0,1185,0,0,0,1185
03/17/2020,EWR,NJ,AEA,EN,Towers with Radar,1001,222,4,0,1227,0,4,1,0,5,1001,226,5,0,1232,0,0,0,1232
03/18/2020,EWR,NJ,AEA,EN,Towers with Radar,959,212,7,0,1178,0,4,0,0,4,959,216,7,0,1182,0,0,0,1182
03/19/2020,EWR,NJ,AEA,EN,Towers with Radar,909,220,4,0,1133,0,0,0,0,0,909,220,4,0,1133,0,0,0,1133
03/20/2020,EWR,NJ,AEA,EN,Towers with Radar,859,206,5,0,1070,0,0,0,0,0,859,206,5,0,1070,0,0,0,1070
03/21/2020,EWR,NJ,AEA,EN,Towers with Radar,578,114,9,0,701,0,0,6,0,6,578,114,15,0,707,0,0,0,707
03/22/2020,EWR,NJ,AEA,EN,Towers with Radar,583,107,1,0,691,0,0,6,0,6,583,107,7,0,697,0,0,0,697
03/23/2020,EWR,NJ,AEA,EN,Towers with Radar,566,126,4,0,696,0,0,0,0,0,566,126,4,0,696,0,0,0,696
03/24/2020,EWR,NJ,AEA,EN,Towers with Radar,574,149,3,0,726,0,4,1,0,5,574,153,4,0,731,0,0,0,731
03/25/2020,EWR,NJ,AEA,EN,Towers with Radar,471,109,3,0,583,0,4,0,0,4,471,113,3,0,587,0,0,0,587
03/26/2020,EWR,NJ,AEA,EN,Towers with Radar,397,106,4,0,507,0,4,4,10,18,397,110,8,10,525,0,0,0,525
03/27/2020,EWR,NJ,AEA,EN,Towers with Radar,361,115,1,0,477,0,4,4,0,8,361,119,5,0,485,0,0,0,485
03/28/2020,EWR,NJ,AEA,EN,Towers with Radar,283,70,0,0,353,0,0,0,0,0,283,70,0,0,353,0,0,0,353
03/29/2020,EWR,NJ,AEA,EN,Towers with Radar,326,75,5,0,406,0,0,0,0,0,326,75,5,0,406,0,0,0,406
03/30/2020,EWR,NJ,AEA,EN,Towers with Radar,300,60,0,0,360,0,0,0,0,0,300,60,0,0,360,0,0,0,360
03/31/2020,EWR,NJ,AEA,EN,Towers with Radar,362,75,0,0,437,0,4,0,0,4,362,79,0,0,441,0,0,0,441
04/01/2020,EWR,NJ,AEA,EN,Towers with Radar,243,60,0,0,303,0,4,4,0,8,243,64,4,0,311,0,0,0,311
04/02/2020,EWR,NJ,AEA,EN,Towers with Radar,215,65,6,0,286,0,4,2,0,6,215,69,8,0,292,0,0,0,292
04/03/2020,EWR,NJ,AEA,EN,Towers with Radar,227,54,0,0,281,0,4,2,0,6,227,58,2,0,287,0,0,0,287
04/04/2020,EWR,NJ,AEA,EN,Towers with Radar,186,29,0,0,215,0,0,4,0,4,186,29,4,0,219,0,0,0,219
04/05/2020,EWR,NJ,AEA,EN,Towers with Radar,216,22,2,0,240,0,0,6,0,6,216,22,8,0,246,0,0,0,246
04/06/2020,EWR,NJ,AEA,EN,Towers with Radar,134,12,3,0,149,0,0,22,0,22,134,12,25,0,171,0,0,0,171
04/07/2020,EWR,NJ,AEA,EN,Towers with Radar,165,27,1,0,193,0,4,10,0,14,165,31,11,0,207,0,0,0,207
04/08/2020,EWR,NJ,AEA,EN,Towers with Radar,151,29,2,0,182,0,0,0,0,0,151,29,2,0,182,0,0,0,182
04/09/2020,EWR,NJ,AEA,EN,Towers with Radar,146,24,0,0,170,0,4,2,0,6,146,28,2,0,176,0,0,0,176
04/10/2020,EWR,NJ,AEA,EN,Towers with Radar,124,16,1,0,141,0,4,0,0,4,124,20,1,0,145,0,0,0,145
04/11/2020,EWR,NJ,AEA,EN,Towers with Radar,96,2,1,0,99,0,0,4,0,4,96,2,5,0,103,0,0,0,103
04/12/2020,EWR,NJ,AEA,EN,Towers with Radar,90,0,1,2,93,0,0,7,0,7,90,0,8,2,100,0,0,0,100
04/13/2020,EWR,NJ,AEA,EN,Towers with Radar,81,6,1,2,90,0,0,0,0,0,81,6,1,2,90,0,0,0,90
04/14/2020,EWR,NJ,AEA,EN,Towers with Radar,119,21,1,0,141,0,2,9,0,11,119,23,10,0,152,0,0,0,152
04/15/2020,EWR,NJ,AEA,EN,Towers with Radar,117,28,3,0,148,0,4,1,0,5,117,32,4,0,153,0,0,0,153
04/16/2020,EWR,NJ,AEA,EN,Towers with Radar,118,19,2,0,139,0,4,6,0,10,118,23,8,0,149,0,0,0,149
04/17/2020,EWR,NJ,AEA,EN,Towers with Radar,105,16,0,0,121,0,4,2,8,14,105,20,2,8,135,0,0,0,135
04/18/2020,EWR,NJ,AEA,EN,Towers with Radar,76,0,5,0,81,0,0,8,0,8,76,0,13,0,89,0,0,0,89
04/19/2020,EWR,NJ,AEA,EN,Towers with Radar,83,4,3,0,90,0,0,25,2,27,83,4,28,2,117,0,0,0,117
04/20/2020,EWR,NJ,AEA,EN,Towers with Radar,80,7,2,2,91,0,0,12,0,12,80,7,14,2,103,0,0,0,103
04/21/2020,EWR,NJ,AEA,EN,Towers with Radar,113,21,0,0,134,0,4,1,0,5,113,25,1,0,139,0,0,0,139
04/22/2020,EWR,NJ,AEA,EN,Towers with Radar,113,25,8,3,149,0,4,6,1,11,113,29,14,4,160,0,0,0,160
04/23/2020,EWR,NJ,AEA,EN,Towers with Radar,112,30,7,0,149,0,4,17,0,21,112,34,24,0,170,0,0,0,170
04/24/2020,EWR,NJ,AEA,EN,Towers with Radar,103,18,6,0,127,0,0,0,0,0,103,18,6,0,127,0,0,0,127
04/25/2020,EWR,NJ,AEA,EN,Towers with Radar,72,1,3,0,76,0,2,60,2,64,72,3,63,2,140,0,0,0,140
04/26/2020,EWR,NJ,AEA,EN,Towers with Radar,82,1,0,0,83,0,0,2,0,2,82,1,2,0,85,0,0,0,85
04/27/2020,EWR,NJ,AEA,EN,Towers with Radar,86,6,0,0,92,0,0,2,2,4,86,6,2,2,96,0,0,0,96
04/28/2020,EWR,NJ,AEA,EN,Towers with Radar,118,26,5,0,149,0,4,54,2,60,118,30,59,2,209,0,0,0,209
04/29/2020,EWR,NJ,AEA,EN,Towers with Radar,127,24,1,0,152,0,0,6,0,6,127,24,7,0,158,0,0,0,158
04/30/2020,EWR,NJ,AEA,EN,Towers with Radar,127,25,0,0,152,0,0,0,0,0,127,25,0,0,152,0,0,0,152
05/01/2020,EWR,NJ,AEA,EN,Towers with Radar,112,17,2,1,132,0,0,8,0,8,112,17,10,1,140,0,0,0,140
05/02/2020,EWR,NJ,AEA,EN,Towers with Radar,70,3,4,1,78,0,1,43,1,45,70,4,47,2,123,0,0,0,123
05/03/2020,EWR,NJ,AEA,EN,Towers with Radar,86,1,6,0,93,0,0,28,0,28,86,1,34,0,121,0,0,0,121
05/04/2020,EWR,NJ,AEA,EN,Towers with Radar,76,5,4,0,85,0,0,7,0,7,76,5,11,0,92,0,0,0,92
05/05/2020,EWR,NJ,AEA,EN,Towers with Radar,117,27,2,0,146,0,6,28,0,34,117,33,30,0,180,0,0,0,180
05/06/2020,EWR,NJ,AEA,EN,Towers with Radar,119,27,1,6,153,0,4,6,0,10,119,31,7,6,163,0,0,0,163
05/07/2020,EWR,NJ,AEA,EN,Towers with Radar,120,27,1,0,148,0,4,27,0,31,120,31,28,0,179,0,0,0,179
05/08/2020,EWR,NJ,AEA,EN,Towers with Radar,112,28,6,2,148,0,4,1,2,7,112,32,7,4,155,0,0,0,155
05/09/2020,EWR,NJ,AEA,EN,Towers with Radar,79,7,1,0,87,0,0,2,0,2,79,7,3,0,89,0,0,0,89
05/10/2020,EWR,NJ,AEA,EN,Towers with Radar,85,3,3,0,91,0,1,8,0,9,85,4,11,0,100,0,0,0,100
05/11/2020,EWR,NJ,AEA,EN,Towers with Radar,87,4,0,0,91,0,0,0,0,0,87,4,0,0,91,0,0,0,91
05/12/2020,EWR,NJ,AEA,EN,Towers with Radar,124,33,0,2,159,0,4,8,0,12,124,37,8,2,171,0,0,0,171
05/13/2020,EWR,NJ,AEA,EN,Towers with Radar,128,29,0,0,157,0,4,28,0,32,128,33,28,0,189,0,0,0,189
05/14/2020,EWR,NJ,AEA,EN,Towers with Radar,122,29,3,0,154,0,4,31,0,35,122,33,34,0,189,0,0,0,189
05/15/2020,EWR,NJ,AEA,EN,Towers with Radar,116,22,4,0,142,0,4,6,0,10,116,26,10,0,152,0,0,0,152
05/16/2020,EWR,NJ,AEA,EN,Towers with Radar,84,0,4,0,88,0,0,44,0,44,84,0,48,0,132,0,0,0,132
05/17/2020,EWR,NJ,AEA,EN,Towers with Radar,97,5,2,0,104,0,0,26,0,26,97,5,28,0,130,0,0,0,130
05/18/2020,EWR,NJ,AEA,EN,Towers with Radar,88,5,2,0,95,0,0,4,0,4,88,5,6,0,99,0,0,0,99
05/19/2020,EWR,NJ,AEA,EN,Towers with Radar,130,28,3,2,163,0,4,2,0,6,130,32,5,2,169,0,0,0,169
05/20/2020,EWR,NJ,AEA,EN,Towers with Radar,175,36,7,0,218,0,4,11,0,15,175,40,18,0,233,0,0,0,233
05/21/2020,EWR,NJ,AEA,EN,Towers with Radar,169,25,5,0,199,0,4,27,0,31,169,29,32,0,230,0,0,0,230
05/22/2020,EWR,NJ,AEA,EN,Towers with Radar,153,23,4,0,180,0,4,8,2,14,153,27,12,2,194,0,0,0,194
05/23/2020,EWR,NJ,AEA,EN,Towers with Radar,118,0,4,2,124,0,0,0,0,0,118,0,4,2,124,0,0,0,124
05/24/2020,EWR,NJ,AEA,EN,Towers with Radar,122,0,0,0,122,0,0,14,1,15,122,0,14,1,137,0,0,0,137
05/25/2020,EWR,NJ,AEA,EN,Towers with Radar,119,2,0,0,121,0,0,2,0,2,119,2,2,0,123,0,0,0,123
05/26/2020,EWR,NJ,AEA,EN,Towers with Radar,131,5,5,4,145,0,0,6,0,6,131,5,11,4,151,0,0,0,151
05/27/2020,EWR,NJ,AEA,EN,Towers with Radar,175,31,4,0,210,0,0,6,0,6,175,31,10,0,216,0,0,0,216
05/28/2020,EWR,NJ,AEA,EN,Towers with Radar,175,30,3,0,208,0,0,1,0,1,175,30,4,0,209,0,0,0,209
05/29/2020,EWR,NJ,AEA,EN,Towers with Radar,156,25,5,0,186,0,0,2,0,2,156,25,7,0,188,0,0,0,188
05/30/2020,EWR,NJ,AEA,EN,Towers with Radar,123,2,4,0,129,0,0,8,0,8,123,2,12,0,137,0,0,0,137
05/31/2020,EWR,NJ,AEA,EN,Towers with Radar,145,1,7,0,153,0,0,17,1,18,145,1,24,1,171,0,0,0,171
06/01/2020,EWR,NJ,AEA,EN,Towers with Radar,141,10,8,0,159,0,0,41,0,41,141,10,49,0,200,0,0,0,200
06/02/2020,EWR,NJ,AEA,EN,Towers with Radar,182,27,6,0,215,0,4,16,2,22,182,31,22,2,237,0,0,0,237
06/03/2020,EWR,NJ,AEA,EN,Towers with Radar,181,32,4,0,217,0,4,8,1,13,181,36,12,1,230,0,0,0,230
06/04/2020,EWR,NJ,AEA,EN,Towers with Radar,192,27,1,4,224,0,4,14,0,18,192,31,15,4,242,0,0,0,242
06/05/2020,EWR,NJ,AEA,EN,Towers with Radar,182,20,2,0,204,0,4,0,0,4,182,24,2,0,208,0,0,0,208
06/06/2020,EWR,NJ,AEA,EN,Towers with Radar,155,5,3,0,163,0,0,5,0,5,155,5,8,0,168,0,0,0,168
06/07/2020,EWR,NJ,AEA,EN,Towers with Radar,166,4,11,0,181,0,0,14,0,14,166,4,25,0,195,0,0,0,195
06/08/2020,EWR,NJ,AEA,EN,Towers with Radar,154,12,7,0,173,0,0,8,0,8,154,12,15,0,181,0,0,0,181
06/09/2020,EWR,NJ,AEA,EN,Towers with Radar,195,32,2,0,229,0,8,4,2,14,195,40,6,2,243,0,0,0,243
06/10/2020,EWR,NJ,AEA,EN,Towers with Radar,198,35,4,2,239,0,4,8,0,12,198,39,12,2,251,0,0,0,251
06/11/2020,EWR,NJ,AEA,EN,Towers with Radar,213,34,2,2,251,0,4,6,5,15,213,38,8,7,266,0,0,0,266
06/12/2020,EWR,NJ,AEA,EN,Towers with Radar,201,24,8,0,233,0,0,2,0,2,201,24,10,0,235,0,0,0,235
06/13/2020,EWR,NJ,AEA,EN,Towers with Radar,165,1,2,0,168,0,0,6,2,8,165,1,8,2,176,0,0,0,176
06/14/2020,EWR,NJ,AEA,EN,Towers with Radar,183,7,2,2,194,0,0,5,2,7,183,7,7,4,201,0,0,0,201
06/15/2020,EWR,NJ,AEA,EN,Towers with Radar,167,11,1,0,179,0,1,10,4,15,167,12,11,4,194,0,0,0,194
06/16/2020,EWR,NJ,AEA,EN,Towers with Radar,220,37,6,0,263,0,4,7,0,11,220,41,13,0,274,0,0,0,274
06/17/2020,EWR,NJ,AEA,EN,Towers with Radar,223,39,4,0,266,0,4,14,0,18,223,43,18,0,284,0,0,0,284
06/18/2020,EWR,NJ,AEA,EN,Towers with Radar,257,34,2,0,293,0,0,1,0,1,257,34,3,0,294,0,0,0,294
06/19/2020,EWR,NJ,AEA,EN,Towers with Radar,228,33,2,0,263,0,0,6,0,6,228,33,8,0,269,0,0,0,269
06/20/2020,EWR,NJ,AEA,EN,Towers with Radar,197,0,0,0,197,0,0,14,0,14,197,0,14,0,211,0,0,0,211
06/21/2020,EWR,NJ,AEA,EN,Towers with Radar,213,7,3,0,223,0,1,3,0,4,213,8,6,0,227,0,0,0,227
06/22/2020,EWR,NJ,AEA,EN,Towers with Radar,209,9,1,0,219,0,0,4,2,6,209,9,5,2,225,0,0,0,225
06/23/2020,EWR,NJ,AEA,EN,Towers with Radar,223,34,3,0,260,0,4,6,0,10,223,38,9,0,270,0,0,0,270
06/24/2020,EWR,NJ,AEA,EN,Towers with Radar,238,33,1,0,272,0,4,10,1,15,238,37,11,1,287,0,0,0,287
06/25/2020,EWR,NJ,AEA,EN,Towers with Radar,268,34,7,2,311,0,4,14,0,18,268,38,21,2,329,0,0,0,329
06/26/2020,EWR,NJ,AEA,EN,Towers with Radar,247,29,4,4,284,0,6,2,0,8,247,35,6,4,292,0,0,0,292
06/27/2020,EWR,NJ,AEA,EN,Towers with Radar,222,2,2,0,226,0,0,2,0,2,222,2,4,0,228,0,0,0,228
06/28/2020,EWR,NJ,AEA,EN,Towers with Radar,239,1,3,0,243,0,0,9,0,9,239,1,12,0,252,0,0,0,252
06/29/2020,EWR,NJ,AEA,EN,Towers with Radar,220,14,0,0,234,0,0,10,1,11,220,14,10,1,245,0,0,0,245
06/30/2020,EWR,NJ,AEA,EN,Towers with Radar,249,32,0,0,281,0,5,6,0,11,249,37,6,0,292,0,0,0,292
07/01/2020,EWR,NJ,AEA,EN,Towers with Radar,338,35,3,0,376,0,2,2,0,4,338,37,5,0,380,0,0,0,380
07/02/2020,EWR,NJ,AEA,EN,Towers with Radar,374,37,4,1,416,0,8,10,0,18,374,45,14,1,434,0,0,0,434
07/03/2020,EWR,NJ,AEA,EN,Towers with Radar,346,33,3,0,382,0,4,12,0,16,346,37,15,0,398,0,0,0,398
07/04/2020,EWR,NJ,AEA,EN,Towers with Radar,276,7,0,0,283,0,2,2,4,8,276,9,2,4,291,0,0,0,291
07/05/2020,EWR,NJ,AEA,EN,Towers with Radar,326,8,8,0,342,0,0,4,4,8,326,8,12,4,350,0,0,0,350
07/06/2020,EWR,NJ,AEA,EN,Towers with Radar,400,10,3,0,413,0,0,0,0,0,400,10,3,0,413,0,0,0,413
07/07/2020,EWR,NJ,AEA,EN,Towers with Radar,478,36,8,2,524,0,4,2,2,8,478,40,10,4,532,0,0,0,532
07/08/2020,EWR,NJ,AEA,EN,Towers with Radar,468,37,2,0,507,0,6,9,0,15,468,43,11,0,522,0,0,0,522
07/09/2020,EWR,NJ,AEA,EN,Towers with Radar,474,34,5,0,513,0,4,14,0,18,474,38,19,0,531,0,0,0,531
07/10/2020,EWR,NJ,AEA,EN,Towers with Radar,484,35,5,0,524,0,4,0,0,4,484,39,5,0,528,0,0,0,528
07/11/2020,EWR,NJ,AEA,EN,Towers with Radar,416,1,0,0,417,0,0,4,0,4,416,1,4,0,421,0,0,0,421
07/12/2020,EWR,NJ,AEA,EN,Towers with Radar,437,5,10,0,452,0,0,0,2,2,437,5,10,2,454,0,0,0,454
07/13/2020,EWR,NJ,AEA,EN,Towers with Radar,444,20,10,0,474,0,0,0,6,6,444,20,10,6,480,0,0,0,480
07/14/2020,EWR,NJ,AEA,EN,Towers with Radar,451,41,2,0,494,0,4,2,0,6,451,45,4,0,500,0,0,0,500
07/15/2020,EWR,NJ,AEA,EN,Towers with Radar,442,40,2,0,484,0,7,4,6,17,442,47,6,6,501,0,0,0,501
07/16/2020,EWR,NJ,AEA,EN,Towers with Radar,453,34,1,0,488,0,4,12,2,18,453,38,13,2,506,0,0,0,506
07/17/2020,EWR,NJ,AEA,EN,Towers with Radar,452,36,4,0,492,0,4,0,0,4,452,40,4,0,496,0,0,0,496
07/18/2020,EWR,NJ,AEA,EN,Towers with Radar,390,9,7,0,406,0,0,4,3,7,390,9,11,3,413,0,0,0,413
07/19/2020,EWR,NJ,AEA,EN,Towers with Radar,416,7,8,0,431,0,0,3,10,13,416,7,11,10,444,0,0,0,444
07/20/2020,EWR,NJ,AEA,EN,Towers with Radar,420,17,3,0,440,0,0,2,1,3,420,17,5,1,443,0,0,0,443
07/21/2020,EWR,NJ,AEA,EN,Towers with Radar,435,41,7,0,483,0,5,6,0,11,435,46,13,0,494,0,0,0,494
07/22/2020,EWR,NJ,AEA,EN,Towers with Radar,436,40,8,0,484,0,11,2,0,13,436,51,10,0,497,0,0,0,497
07/23/2020,EWR,NJ,AEA,EN,Towers with Radar,469,40,6,2,517,1,4,3,1,9,470,44,9,3,526,0,0,0,526
07/24/2020,EWR,NJ,AEA,EN,Towers with Radar,447,35,4,0,486,0,6,11,0,17,447,41,15,0,503,0,0,0,503
07/25/2020,EWR,NJ,AEA,EN,Towers with Radar,395,13,4,0,412,0,0,3,2,5,395,13,7,2,417,0,0,0,417
07/26/2020,EWR,NJ,AEA,EN,Towers with Radar,423,14,3,2,442,0,0,2,0,2,423,14,5,2,444,0,0,0,444
07/27/2020,EWR,NJ,AEA,EN,Towers with Radar,413,17,2,0,432,0,0,6,0,6,413,17,8,0,438,0,0,0,438
07/28/2020,EWR,NJ,AEA,EN,Towers with Radar,435,37,4,0,476,0,5,25,0,30,435,42,29,0,506,0,0,0,506
07/29/2020,EWR,NJ,AEA,EN,Towers with Radar,445,44,7,0,496,0,10,6,0,16,445,54,13,0,512,0,0,0,512
07/30/2020,EWR,NJ,AEA,EN,Towers with Radar,461,41,2,0,504,0,4,8,0,12,461,45,10,0,516,0,0,0,516
07/31/2020,EWR,NJ,AEA,EN,Towers with Radar,450,41,7,0,498,0,5,2,0,7,450,46,9,0,505,0,0,0,505
08/01/2020,EWR,NJ,AEA,EN,Towers with Radar,395,7,8,0,410,0,5,1,2,8,395,12,9,2,418,0,0,0,418
08/02/2020,EWR,NJ,AEA,EN,Towers with Radar,443,9,4,0,456,0,0,2,0,2,443,9,6,0,458,0,0,0,458
08/03/2020,EWR,NJ,AEA,EN,Towers with Radar,461,21,6,0,488,0,6,6,2,14,461,27,12,2,502,0,0,0,502
08/04/2020,EWR,NJ,AEA,EN,Towers with Radar,348,19,7,0,374,0,6,1,0,7,348,25,8,0,381,0,0,0,381
08/05/2020,EWR,NJ,AEA,EN,Towers with Radar,443,39,11,2,495,0,10,12,0,22,443,49,23,2,517,0,0,0,517
08/06/2020,EWR,NJ,AEA,EN,Towers with Radar,499,31,4,0,534,0,7,9,4,20,499,38,13,4,554,0,0,0,554
08/07/2020,EWR,NJ,AEA,EN,Towers with Radar,492,26,5,0,523,0,6,2,2,10,492,32,7,2,533,0,0,0,533
08/08/2020,EWR,NJ,AEA,EN,Towers with Radar,440,6,7,2,455,0,0,3,0,3,440,6,10,2,458,0,0,0,458
08/09/2020,EWR,NJ,AEA,EN,Towers with Radar,478,7,2,4,491,0,0,6,6,12,478,7,8,10,503,0,0,0,503
08/10/2020,EWR,NJ,AEA,EN,Towers with Radar,442,21,4,0,467,0,4,1,0,5,442,25,5,0,472,0,0,0,472
08/11/2020,EWR,NJ,AEA,EN,Towers with Radar,451,30,5,0,486,0,10,2,0,12,451,40,7,0,498,0,0,0,498
08/12/2020,EWR,NJ,AEA,EN,Towers with Radar,433,30,8,0,471,0,8,7,0,15,433,38,15,0,486,0,0,0,486
08/13/2020,EWR,NJ,AEA,EN,Towers with Radar,508,28,9,2,547,0,6,7,2,15,508,34,16,4,562,0,0,0,562
08/14/2020,EWR,NJ,AEA,EN,Towers with Radar,488,29,8,1,526,0,6,5,2,13,488,35,13,3,539,0,0,0,539
08/15/2020,EWR,NJ,AEA,EN,Towers with Radar,435,8,5,0,448,0,6,3,13,22,435,14,8,13,470,0,0,0,470
08/16/2020,EWR,NJ,AEA,EN,Towers with Radar,481,11,15,2,509,0,0,0,0,0,481,11,15,2,509,0,0,0,509
08/17/2020,EWR,NJ,AEA,EN,Towers with Radar,452,12,13,0,477,0,2,5,1,8,452,14,18,1,485,0,0,0,485
08/18/2020,EWR,NJ,AEA,EN,Towers with Radar,443,29,11,0,483,0,6,4,0,10,443,35,15,0,493,0,0,0,493
08/19/2020,EWR,NJ,AEA,EN,Towers with Radar,435,32,5,0,472,0,6,5,2,13,435,38,10,2,485,0,0,0,485
08/20/2020,EWR,NJ,AEA,EN,Towers with Radar,508,28,6,0,542,0,6,16,0,22,508,34,22,0,564,0,0,0,564
08/21/2020,EWR,NJ,AEA,EN,Towers with Radar,490,32,13,0,535,0,4,2,0,6,490,36,15,0,541,0,0,0,541
08/22/2020,EWR,NJ,AEA,EN,Towers with Radar,429,13,6,0,448,0,0,4,2,6,429,13,10,2,454,0,0,0,454
08/23/2020,EWR,NJ,AEA,EN,Towers with Radar,474,14,11,0,499,0,1,13,0,14,474,15,24,0,513,0,0,0,513
08/24/2020,EWR,NJ,AEA,EN,Towers with Radar,461,16,7,0,484,0,0,5,4,9,461,16,12,4,493,0,0,0,493
08/25/2020,EWR,NJ,AEA,EN,Towers with Radar,449,29,9,0,487,0,8,15,0,23,449,37,24,0,510,0,0,0,510
08/26/2020,EWR,NJ,AEA,EN,Towers with Radar,431,30,17,0,478,0,6,6,0,12,431,36,23,0,490,0,0,0,490
08/27/2020,EWR,NJ,AEA,EN,Towers with Radar,514,33,6,0,553,0,6,6,0,12,514,39,12,0,565,0,0,0,565
08/28/2020,EWR,NJ,AEA,EN,Towers with Radar,489,25,5,0,519,0,6,5,0,11,489,31,10,0,530,0,0,0,530
08/29/2020,EWR,NJ,AEA,EN,Towers with Radar,436,6,2,2,446,0,0,2,0,2,436,6,4,2,448,0,0,0,448
08/30/2020,EWR,NJ,AEA,EN,Towers with Radar,467,9,4,0,480,0,0,8,8,16,467,9,12,8,496,0,0,0,496
08/31/2020,EWR,NJ,AEA,EN,Towers with Radar,450,16,4,0,470,0,4,6,0,10,450,20,10,0,480,0,0,0,480
09/01/2020,EWR,NJ,AEA,EN,Towers with Radar,445,37,8,0,490,0,6,2,2,10,445,43,10,2,500,0,0,0,500
09/02/2020,EWR,NJ,AEA,EN,Towers with Radar,405,32,11,0,448,0,0,2,2,4,405,32,13,2,452,0,0,0,452
09/03/2020,EWR,NJ,AEA,EN,Towers with Radar,495,40,2,0,537,0,8,10,2,20,495,48,12,2,557,0,0,0,557
09/04/2020,EWR,NJ,AEA,EN,Towers with Radar,461,44,2,0,507,0,6,14,1,21,461,50,16,1,528,0,0,0,528
09/05/2020,EWR,NJ,AEA,EN,Towers with Radar,372,21,3,0,396,0,0,8,0,8,372,21,11,0,404,0,0,0,404
09/06/2020,EWR,NJ,AEA,EN,Towers with Radar,397,17,8,0,422,0,0,11,1,12,397,17,19,1,434,0,0,0,434
09/07/2020,EWR,NJ,AEA,EN,Towers with Radar,399,21,3,0,423,0,3,8,0,11,399,24,11,0,434,0,0,0,434
09/08/2020,EWR,NJ,AEA,EN,Towers with Radar,332,23,3,0,358,0,10,3,0,13,332,33,6,0,371,0,0,0,371
09/09/2020,EWR,NJ,AEA,EN,Towers with Radar,356,35,10,0,401,0,6,8,2,16,356,41,18,2,417,0,0,0,417
09/10/2020,EWR,NJ,AEA,EN,Towers with Radar,463,39,10,0,512,0,0,4,0,4,463,39,14,0,516,0,0,0,516
09/11/2020,EWR,NJ,AEA,EN,Towers with Radar,448,42,11,0,501,0,6,12,3,21,448,48,23,3,522,0,0,0,522
09/12/2020,EWR,NJ,AEA,EN,Towers with Radar,398,28,6,0,432,0,4,8,0,12,398,32,14,0,444,0,0,0,444
09/13/2020,EWR,NJ,AEA,EN,Towers with Radar,416,21,1,0,438,0,0,4,0,4,416,21,5,0,442,0,0,0,442
09/14/2020,EWR,NJ,AEA,EN,Towers with Radar,392,29,3,0,424,0,0,6,0,6,392,29,9,0,430,0,0,0,430
09/15/2020,EWR,NJ,AEA,EN,Towers with Radar,359,44,3,0,406,0,4,20,0,24,359,48,23,0,430,0,0,0,430
09/16/2020,EWR,NJ,AEA,EN,Towers with Radar,361,41,2,0,404,0,6,6,0,12,361,47,8,0,416,0,0,0,416
09/17/2020,EWR,NJ,AEA,EN,Towers with Radar,466,45,5,0,516,0,7,6,0,13,466,52,11,0,529,0,0,0,529
09/18/2020,EWR,NJ,AEA,EN,Towers with Radar,444,43,9,0,496,0,6,8,0,14,444,49,17,0,510,0,0,0,510
09/19/2020,EWR,NJ,AEA,EN,Towers with Radar,400,14,3,0,417,0,6,2,0,8,400,20,5,0,425,0,0,0,425
09/20/2020,EWR,NJ,AEA,EN,Towers with Radar,421,14,5,0,440,0,0,1,3,4,421,14,6,3,444,0,0,0,444
09/21/2020,EWR,NJ,AEA,EN,Towers with Radar,402,18,3,0,423,0,0,3,0,3,402,18,6,0,426,0,0,0,426
09/22/2020,EWR,NJ,AEA,EN,Towers with Radar,367,43,8,0,418,0,4,0,0,4,367,47,8,0,422,0,0,0,422
09/23/2020,EWR,NJ,AEA,EN,Towers with Radar,363,52,8,0,423,0,7,7,0,14,363,59,15,0,437,0,0,0,437
09/24/2020,EWR,NJ,AEA,EN,Towers with Radar,477,43,3,0,523,0,6,8,0,14,477,49,11,0,537,0,0,0,537
09/25/2020,EWR,NJ,AEA,EN,Towers with Radar,451,41,3,0,495,0,6,9,0,15,451,47,12,0,510,0,0,0,510
09/26/2020,EWR,NJ,AEA,EN,Towers with Radar,407,21,5,0,433,0,1,1,0,2,407,22,6,0,435,0,0,0,435
09/27/2020,EWR,NJ,AEA,EN,Towers with Radar,436,18,4,0,458,0,0,7,0,7,436,18,11,0,465,0,0,0,465
09/28/2020,EWR,NJ,AEA,EN,Towers with Radar,414,18,3,0,435,0,0,2,0,2,414,18,5,0,437,0,0,0,437
09/29/2020,EWR,NJ,AEA,EN,Towers with Radar,364,42,8,0,414,0,6,4,0,10,364,48,12,0,424,0,0,0,424
09/30/2020,EWR,NJ,AEA,EN,Towers with Radar,367,46,8,2,423,0,7,0,0,7,367,53,8,2,430,0,0,0,430
10/01/2020,EWR,NJ,AEA,EN,Towers with Radar,541,60,3,0,604,0,8,14,0,22,541,68,17,0,626,0,0,0,626
10/02/2020,EWR,NJ,AEA,EN,Towers with Radar,538,49,9,2,598,0,12,14,0,26,538,61,23,2,624,0,0,0,624
10/03/2020,EWR,NJ,AEA,EN,Towers with Radar,436,22,1,0,459,0,7,9,1,17,436,29,10,1,476,0,0,0,476
10/04/2020,EWR,NJ,AEA,EN,Towers with Radar,498,32,5,0,535,0,3,7,0,10,498,35,12,0,545,0,0,0,545
10/05/2020,EWR,NJ,AEA,EN,Towers with Radar,474,38,11,0,523,0,0,3,0,3,474,38,14,0,526,0,0,0,526
10/06/2020,EWR,NJ,AEA,EN,Towers with Radar,432,57,2,2,493,0,6,10,0,16,432,63,12,2,509,0,0,0,509
10/07/2020,EWR,NJ,AEA,EN,Towers with Radar,425,57,3,0,485,0,6,0,0,6,425,63,3,0,491,0,0,0,491
10/08/2020,EWR,NJ,AEA,EN,Towers with Radar,548,63,4,0,615,0,4,7,4,15,548,67,11,4,630,0,0,0,630
10/09/2020,EWR,NJ,AEA,EN,Towers with Radar,533,51,3,0,587,0,6,12,2,20,533,57,15,2,607,0,0,0,607
10/10/2020,EWR,NJ,AEA,EN,Towers with Radar,440,18,7,0,465,0,0,4,4,8,440,18,11,4,473,0,0,0,473
10/11/2020,EWR,NJ,AEA,EN,Towers with Radar,506,30,5,0,541,0,0,2,3,5,506,30,7,3,546,0,0,0,546
10/12/2020,EWR,NJ,AEA,EN,Towers with Radar,497,47,7,0,551,0,0,4,0,4,497,47,11,0,555,0,0,0,555
10/13/2020,EWR,NJ,AEA,EN,Towers with Radar,436,55,14,0,505,0,2,0,0,2,436,57,14,0,507,0,0,0,507
10/14/2020,EWR,NJ,AEA,EN,Towers with Radar,426,50,11,0,487,0,4,13,0,17,426,54,24,0,504,0,0,0,504
10/15/2020,EWR,NJ,AEA,EN,Towers with Radar,549,63,5,0,617,0,6,13,0,19,549,69,18,0,636,0,0,0,636
10/16/2020,EWR,NJ,AEA,EN,Towers with Radar,536,47,2,0,585,0,4,0,0,4,536,51,2,0,589,0,0,0,589
10/17/2020,EWR,NJ,AEA,EN,Towers with Radar,443,23,4,0,470,0,0,4,8,12,443,23,8,8,482,0,0,0,482
10/18/2020,EWR,NJ,AEA,EN,Towers with Radar,515,35,10,0,560,0,0,9,1,10,515,35,19,1,570,0,0,0,570
10/19/2020,EWR,NJ,AEA,EN,Towers with Radar,491,37,2,0,530,0,0,1,0,1,491,37,3,0,531,0,0,0,531
10/20/2020,EWR,NJ,AEA,EN,Towers with Radar,434,55,6,0,495,0,0,4,4,8,434,55,10,4,503,0,0,0,503
10/21/2020,EWR,NJ,AEA,EN,Towers with Radar,429,46,11,0,486,0,0,6,3,9,429,46,17,3,495,0,0,0,495
10/22/2020,EWR,NJ,AEA,EN,Towers with Radar,551,61,7,0,619,0,0,4,0,4,551,61,11,0,623,0,0,0,623
10/23/2020,EWR,NJ,AEA,EN,Towers with Radar,546,51,12,0,609,0,0,4,0,4,546,51,16,0,613,0,0,0,613
10/24/2020,EWR,NJ,AEA,EN,Towers with Radar,432,25,5,0,462,0,0,5,2,7,432,25,10,2,469,0,0,0,469
10/25/2020,EWR,NJ,AEA,EN,Towers with Radar,508,36,5,0,549,0,0,4,2,6,508,36,9,2,555,0,0,0,555
10/26/2020,EWR,NJ,AEA,EN,Towers with Radar,482,44,9,0,535,0,0,0,0,0,482,44,9,0,535,0,0,0,535
10/27/2020,EWR,NJ,AEA,EN,Towers with Radar,449,52,7,0,508,0,5,0,0,5,449,57,7,0,513,0,0,0,513
10/28/2020,EWR,NJ,AEA,EN,Towers with Radar,439,62,4,4,509,0,0,2,0,2,439,62,6,4,511,0,0,0,511
10/29/2020,EWR,NJ,AEA,EN,Towers with Radar,550,67,6,0,623,0,4,0,0,4,550,71,6,0,627,0,0,0,627
10/30/2020,EWR,NJ,AEA,EN,Towers with Radar,528,48,8,0,584,0,6,2,0,8,528,54,10,0,592,0,0,0,592
10/31/2020,EWR,NJ,AEA,EN,Towers with Radar,420,27,5,0,452,0,0,7,0,7,420,27,12,0,459,0,0,0,459
11/01/2020,EWR,NJ,AEA,EN,Towers with Radar,512,34,3,0,549,0,0,0,0,0,512,34,3,0,549,0,0,0,549
11/02/2020,EWR,NJ,AEA,EN,Towers with Radar,503,61,7,0,571,0,0,0,0,0,503,61,7,0,571,0,0,0,571
11/03/2020,EWR,NJ,AEA,EN,Towers with Radar,483,54,7,0,544,0,6,3,0,9,483,60,10,0,553,0,0,0,553
11/04/2020,EWR,NJ,AEA,EN,Towers with Radar,476,54,7,0,537,0,6,0,4,10,476,60,7,4,547,0,0,0,547
11/05/2020,EWR,NJ,AEA,EN,Towers with Radar,568,51,10,0,629,0,1,18,2,21,568,52,28,2,650,0,0,0,650
11/06/2020,EWR,NJ,AEA,EN,Towers with Radar,550,46,6,0,602,0,7,4,2,13,550,53,10,2,615,0,0,0,615
11/07/2020,EWR,NJ,AEA,EN,Towers with Radar,446,21,2,0,469,0,0,8,0,8,446,21,10,0,477,0,0,0,477
11/08/2020,EWR,NJ,AEA,EN,Towers with Radar,522,25,2,0,549,0,0,4,3,7,522,25,6,3,556,0,0,0,556
11/09/2020,EWR,NJ,AEA,EN,Towers with Radar,512,30,5,0,547,0,0,3,0,3,512,30,8,0,550,0,0,0,550
11/10/2020,EWR,NJ,AEA,EN,Towers with Radar,483,52,4,0,539,0,2,2,2,6,483,54,6,2,545,0,0,0,545
11/11/2020,EWR,NJ,AEA,EN,Towers with Radar,477,47,4,0,528,0,3,0,1,4,477,50,4,1,532,0,0,0,532
11/12/2020,EWR,NJ,AEA,EN,Towers with Radar,565,59,6,0,630,0,2,2,0,4,565,61,8,0,634,0,0,0,634
11/13/2020,EWR,NJ,AEA,EN,Towers with Radar,546,47,3,0,596,0,0,2,0,2,546,47,5,0,598,0,0,0,598
11/14/2020,EWR,NJ,AEA,EN,Towers with Radar,445,21,0,0,466,0,0,9,4,13,445,21,9,4,479,0,0,0,479
11/15/2020,EWR,NJ,AEA,EN,Towers with Radar,528,25,4,0,557,0,0,4,0,4,528,25,8,0,561,0,0,0,561
11/16/2020,EWR,NJ,AEA,EN,Towers with Radar,514,31,5,0,550,0,0,7,0,7,514,31,12,0,557,0,0,0,557
11/17/2020,EWR,NJ,AEA,EN,Towers with Radar,484,41,3,0,528,0,6,0,0,6,484,47,3,0,534,0,0,0,534
11/18/2020,EWR,NJ,AEA,EN,Towers with Radar,493,46,7,0,546,0,6,2,0,8,493,52,9,0,554,0,0,0,554
11/19/2020,EWR,NJ,AEA,EN,Towers with Radar,594,62,9,1,666,0,6,8,0,14,594,68,17,1,680,0,0,0,680
11/20/2020,EWR,NJ,AEA,EN,Towers with Radar,595,53,6,0,654,0,4,4,2,10,595,57,10,2,664,0,0,0,664
11/21/2020,EWR,NJ,AEA,EN,Towers with Radar,505,27,0,0,532,0,0,6,6,12,505,27,6,6,544,0,0,0,544
11/22/2020,EWR,NJ,AEA,EN,Towers with Radar,553,32,3,0,588,0,0,2,0,2,553,32,5,0,590,0,0,0,590
11/23/2020,EWR,NJ,AEA,EN,Towers with Radar,537,28,0,0,565,0,0,1,0,1,537,28,1,0,566,0,0,0,566
11/24/2020,EWR,NJ,AEA,EN,Towers with Radar,609,49,10,0,668,0,6,6,0,12,609,55,16,0,680,0,0,0,680
11/25/2020,EWR,NJ,AEA,EN,Towers with Radar,616,49,6,0,671,0,6,9,0,15,616,55,15,0,686,0,0,0,686
11/26/2020,EWR,NJ,AEA,EN,Towers with Radar,381,21,0,0,402,0,0,0,0,0,381,21,0,0,402,0,0,0,402
11/27/2020,EWR,NJ,AEA,EN,Towers with Radar,542,39,1,0,582,0,4,9,0,13,542,43,10,0,595,0,0,0,595
11/28/2020,EWR,NJ,AEA,EN,Towers with Radar,593,34,2,0,629,0,2,4,12,18,593,36,6,12,647,0,0,0,647
11/29/2020,EWR,NJ,AEA,EN,Towers with Radar,610,31,8,0,649,0,0,10,3,13,610,31,18,3,662,0,0,0,662
11/30/2020,EWR,NJ,AEA,EN,Towers with Radar,573,36,4,0,613,0,0,0,2,2,573,36,4,2,615,0,0,0,615
12/01/2020,EWR,NJ,AEA,EN,Towers with Radar,593,42,7,0,642,0,4,0,0,4,593,46,7,0,646,0,0,0,646
12/02/2020,EWR,NJ,AEA,EN,Towers with Radar,520,37,0,0,557,0,4,2,0,6,520,41,2,0,563,0,0,0,563
12/03/2020,EWR,NJ,AEA,EN,Towers with Radar,579,53,6,0,638,0,2,8,0,10,579,55,14,0,648,0,0,0,648
12/04/2020,EWR,NJ,AEA,EN,Towers with Radar,550,46,3,0,599,0,4,2,0,6,550,50,5,0,605,0,0,0,605
12/05/2020,EWR,NJ,AEA,EN,Towers with Radar,479,17,7,0,503,0,0,2,0,2,479,17,9,0,505,0,0,0,505
12/06/2020,EWR,NJ,AEA,EN,Towers with Radar,504,15,3,0,522,0,0,2,0,2,504,15,5,0,524,0,0,0,524
12/07/2020,EWR,NJ,AEA,EN,Towers with Radar,503,19,1,0,523,0,0,7,2,9,503,19,8,2,532,0,0,0,532
12/08/2020,EWR,NJ,AEA,EN,Towers with Radar,507,31,4,0,542,0,4,4,0,8,507,35,8,0,550,0,0,0,550
12/09/2020,EWR,NJ,AEA,EN,Towers with Radar,511,37,4,0,552,0,4,2,1,7,511,41,6,1,559,0,0,0,559
12/10/2020,EWR,NJ,AEA,EN,Towers with Radar,584,47,7,0,638,0,6,8,0,14,584,53,15,0,652,0,0,0,652
12/11/2020,EWR,NJ,AEA,EN,Towers with Radar,553,47,4,0,604,0,5,3,2,10,553,52,7,2,614,0,0,0,614
12/12/2020,EWR,NJ,AEA,EN,Towers with Radar,494,40,13,0,547,0,0,0,4,4,494,40,13,4,551,0,0,0,551
12/13/2020,EWR,NJ,AEA,EN,Towers with Radar,508,33,8,0,549,0,2,3,0,5,508,35,11,0,554,0,0,0,554
12/14/2020,EWR,NJ,AEA,EN,Towers with Radar,508,19,6,0,533,0,0,2,0,2,508,19,8,0,535,0,0,0,535
12/15/2020,EWR,NJ,AEA,EN,Towers with Radar,522,44,12,0,578,0,4,6,0,10,522,48,18,0,588,0,0,0,588
12/16/2020,EWR,NJ,AEA,EN,Towers with Radar,378,35,6,0,419,0,4,3,0,7,378,39,9,0,426,0,0,0,426
12/17/2020,EWR,NJ,AEA,EN,Towers with Radar,480,23,6,0,509,0,0,2,0,2,480,23,8,0,511,0,0,0,511
12/18/2020,EWR,NJ,AEA,EN,Towers with Radar,615,18,4,0,637,0,4,7,0,11,615,22,11,0,648,0,0,0,648
12/19/2020,EWR,NJ,AEA,EN,Towers with Radar,651,39,4,0,694,0,0,0,2,2,651,39,4,2,696,0,0,0,696
12/20/2020,EWR,NJ,AEA,EN,Towers with Radar,623,15,11,0,649,0,0,0,0,0,623,15,11,0,649,0,0,0,649
12/21/2020,EWR,NJ,AEA,EN,Towers with Radar,586,25,0,0,611,0,0,0,0,0,586,25,0,0,611,0,0,0,611
12/22/2020,EWR,NJ,AEA,EN,Towers with Radar,659,44,4,0,707,0,4,3,0,7,659,48,7,0,714,0,0,0,714
12/23/2020,EWR,NJ,AEA,EN,Towers with Radar,645,50,5,0,700,0,4,9,2,15,645,54,14,2,715,0,0,0,715
12/24/2020,EWR,NJ,AEA,EN,Towers with Radar,532,37,1,0,570,0,4,0,0,4,532,41,1,0,574,0,0,0,574
12/25/2020,EWR,NJ,AEA,EN,Towers with Radar,413,12,2,0,427,0,0,0,0,0,413,12,2,0,427,0,0,0,427
12/26/2020,EWR,NJ,AEA,EN,Towers with Radar,574,18,5,0,597,0,0,5,0,5,574,18,10,0,602,0,0,0,602
12/27/2020,EWR,NJ,AEA,EN,Towers with Radar,581,13,3,0,597,0,0,6,2,8,581,13,9,2,605,0,0,0,605
12/28/2020,EWR,NJ,AEA,EN,Towers with Radar,556,17,1,0,574,0,0,0,0,0,556,17,1,0,574,0,0,0,574
12/29/2020,EWR,NJ,AEA,EN,Towers with Radar,625,37,6,0,668,0,4,2,2,8,625,41,8,2,676,0,0,0,676
12/30/2020,EWR,NJ,AEA,EN,Towers with Radar,630,35,2,0,667,0,4,2,0,6,630,39,4,0,673,0,0,0,673
12/31/2020,EWR,NJ,AEA,EN,Towers with Radar,514,21,2,0,537,0,2,2,2,6,514,23,4,2,543,0,0,0,543
01/01/2021,EWR,NJ,AEA,EN,Towers with Radar,435,13,1,0,449,0,0,5,0,5,435,13,6,0,454,0,0,0,454
01/02/2021,EWR,NJ,AEA,EN,Towers with Radar,598,22,5,0,625,0,0,2,0,2,598,22,7,0,627,0,0,0,627
01/03/2021,EWR,NJ,AEA,EN,Towers with Radar,579,18,10,0,607,0,0,0,2,2,579,18,10,2,609,0,0,0,609
01/04/2021,EWR,NJ,AEA,EN,Towers with Radar,551,23,7,0,581,0,0,2,4,6,551,23,9,4,587,0,0,0,587
01/05/2021,EWR,NJ,AEA,EN,Towers with Radar,522,30,4,0,556,0,4,3,0,7,522,34,7,0,563,0,0,0,563
01/06/2021,EWR,NJ,AEA,EN,Towers with Radar,450,41,5,0,496,0,4,0,0,4,450,45,5,0,500,0,0,0,500
01/07/2021,EWR,NJ,AEA,EN,Towers with Radar,506,37,2,0,545,0,4,10,2,16,506,41,12,2,561,0,0,0,561
01/08/2021,EWR,NJ,AEA,EN,Towers with Radar,482,29,2,0,513,0,4,4,0,8,482,33,6,0,521,0,0,0,521
01/09/2021,EWR,NJ,AEA,EN,Towers with Radar,451,16,2,0,469,0,0,4,2,6,451,16,6,2,475,0,0,0,475
01/10/2021,EWR,NJ,AEA,EN,Towers with Radar,455,15,4,0,474,0,0,11,0,11,455,15,15,0,485,0,0,0,485
01/11/2021,EWR,NJ,AEA,EN,Towers with Radar,452,14,8,0,474,0,0,16,0,16,452,14,24,0,490,0,0,0,490
01/12/2021,EWR,NJ,AEA,EN,Towers with Radar,456,37,0,0,493,0,4,2,2,8,456,41,2,2,501,0,0,0,501
01/13/2021,EWR,NJ,AEA,EN,Towers with Radar,443,35,4,1,483,0,4,10,0,14,443,39,14,1,497,0,0,0,497
01/14/2021,EWR,NJ,AEA,EN,Towers with Radar,492,39,7,0,538,0,4,11,0,15,492,43,18,0,553,0,0,0,553
01/15/2021,EWR,NJ,AEA,EN,Towers with Radar,464,33,5,0,502,0,0,0,0,0,464,33,5,0,502,0,0,0,502
01/16/2021,EWR,NJ,AEA,EN,Towers with Radar,443,10,2,0,455,0,0,2,0,2,443,10,4,0,457,0,0,0,457
01/17/2021,EWR,NJ,AEA,EN,Towers with Radar,438,18,8,0,464,0,0,0,0,0,438,18,8,0,464,0,0,0,464
01/18/2021,EWR,NJ,AEA,EN,Towers with Radar,440,20,3,0,463,0,0,8,0,8,440,20,11,0,471,0,0,0,471
01/19/2021,EWR,NJ,AEA,EN,Towers with Radar,436,37,1,0,474,0,4,22,0,26,436,41,23,0,500,0,0,0,500
01/20/2021,EWR,NJ,AEA,EN,Towers with Radar,438,37,1,0,476,0,0,2,2,4,438,37,3,2,480,0,0,0,480
01/21/2021,EWR,NJ,AEA,EN,Towers with Radar,498,37,2,2,539,0,4,11,3,18,498,41,13,5,557,0,0,0,557
01/22/2021,EWR,NJ,AEA,EN,Towers with Radar,473,32,4,0,509,0,4,1,1,6,473,36,5,1,515,0,0,0,515
01/23/2021,EWR,NJ,AEA,EN,Towers with Radar,448,14,2,0,464,0,0,0,0,0,448,14,2,0,464,0,0,0,464
01/24/2021,EWR,NJ,AEA,EN,Towers with Radar,444,21,3,2,470,0,0,0,2,2,444,21,3,4,472,0,0,0,472
01/25/2021,EWR,NJ,AEA,EN,Towers with Radar,433,19,1,2,455,0,0,2,1,3,433,19,3,3,458,0,0,0,458
01/26/2021,EWR,NJ,AEA,EN,Towers with Radar,441,21,3,0,465,0,4,0,0,4,441,25,3,0,469,0,0,0,469
01/27/2021,EWR,NJ,AEA,EN,Towers with Radar,431,29,4,0,464,0,5,2,1,8,431,34,6,1,472,0,0,0,472
01/28/2021,EWR,NJ,AEA,EN,Towers with Radar,490,40,7,0,537,0,4,6,1,11,490,44,13,1,548,0,0,0,548
01/29/2021,EWR,NJ,AEA,EN,Towers with Radar,465,33,4,0,502,0,2,0,3,5,465,35,4,3,507,0,0,0,507
01/30/2021,EWR,NJ,AEA,EN,Towers with Radar,433,16,2,0,451,0,0,2,0,2,433,16,4,0,453,0,0,0,453
01/31/2021,EWR,NJ,AEA,EN,Towers with Radar,429,24,5,0,458,0,0,2,0,2,429,24,7,0,460,0,0,0,460
02/01/2021,EWR,NJ,AEA,EN,Towers with Radar,46,2,0,0,48,0,0,0,0,0,46,2,0,0,48,0,0,0,48
02/02/2021,EWR,NJ,AEA,EN,Towers with Radar,225,4,2,0,231,0,0,4,0,4,225,4,6,0,235,0,0,0,235
02/03/2021,EWR,NJ,AEA,EN,Towers with Radar,389,8,2,0,399,0,4,0,2,6,389,12,2,2,405,0,0,0,405
02/04/2021,EWR,NJ,AEA,EN,Towers with Radar,493,35,3,0,531,0,4,5,0,9,493,39,8,0,540,0,0,0,540
02/05/2021,EWR,NJ,AEA,EN,Towers with Radar,473,27,5,0,505,0,4,4,0,8,473,31,9,0,513,0,0,0,513
02/06/2021,EWR,NJ,AEA,EN,Towers with Radar,444,17,5,0,466,0,0,0,0,0,444,17,5,0,466,0,0,0,466
02/07/2021,EWR,NJ,AEA,EN,Towers with Radar,369,6,6,0,381,0,0,0,0,0,369,6,6,0,381,0,0,0,381
02/08/2021,EWR,NJ,AEA,EN,Towers with Radar,436,25,7,0,468,0,0,2,0,2,436,25,9,0,470,0,0,0,470
02/09/2021,EWR,NJ,AEA,EN,Towers with Radar,437,38,3,0,478,0,0,0,0,0,437,38,3,0,478,0,0,0,478
02/10/2021,EWR,NJ,AEA,EN,Towers with Radar,435,35,7,0,477,0,4,3,0,7,435,39,10,0,484,0,0,0,484
02/11/2021,EWR,NJ,AEA,EN,Towers with Radar,556,36,4,0,596,0,0,3,2,5,556,36,7,2,601,0,0,0,601
02/12/2021,EWR,NJ,AEA,EN,Towers with Radar,571,34,1,0,606,0,4,11,0,15,571,38,12,0,621,0,0,0,621
02/13/2021,EWR,NJ,AEA,EN,Towers with Radar,485,15,0,0,500,0,0,0,0,0,485,15,0,0,500,0,0,0,500
02/14/2021,EWR,NJ,AEA,EN,Towers with Radar,504,17,5,0,526,0,0,0,1,1,504,17,5,1,527,0,0,0,527
02/15/2021,EWR,NJ,AEA,EN,Towers with Radar,461,21,9,0,491,0,0,0,0,0,461,21,9,0,491,0,0,0,491
02/16/2021,EWR,NJ,AEA,EN,Towers with Radar,435,18,10,0,463,0,0,2,1,3,435,18,12,1,466,0,0,0,466
02/17/2021,EWR,NJ,AEA,EN,Towers with Radar,435,39,7,0,481,0,4,8,0,12,435,43,15,0,493,0,0,0,493
02/18/2021,EWR,NJ,AEA,EN,Towers with Radar,415,20,8,0,443,0,0,0,0,0,415,20,8,0,443,0,0,0,443
02/19/2021,EWR,NJ,AEA,EN,Towers with Radar,529,16,11,0,556,0,0,0,0,0,529,16,11,0,556,0,0,0,556
02/20/2021,EWR,NJ,AEA,EN,Towers with Radar,509,16,5,0,530,0,2,6,0,8,509,18,11,0,538,0,0,0,538
02/21/2021,EWR,NJ,AEA,EN,Towers with Radar,534,20,9,0,563,0,0,4,0,4,534,20,13,0,567,0,0,0,567
02/22/2021,EWR,NJ,AEA,EN,Towers with Radar,521,19,10,0,550,0,0,2,0,2,521,19,12,0,552,0,0,0,552
02/23/2021,EWR,NJ,AEA,EN,Towers with Radar,477,37,5,2,521,0,6,0,2,8,477,43,5,4,529,0,0,0,529
02/24/2021,EWR,NJ,AEA,EN,Towers with Radar,469,45,2,0,516,0,4,0,0,4,469,49,2,0,520,0,0,0,520
02/25/2021,EWR,NJ,AEA,EN,Towers with Radar,583,42,10,0,635,0,4,2,0,6,583,46,12,0,641,0,0,0,641
02/26/2021,EWR,NJ,AEA,EN,Towers with Radar,560,37,6,0,603,0,4,3,0,7,560,41,9,0,610,0,0,0,610
02/27/2021,EWR,NJ,AEA,EN,Towers with Radar,483,17,4,0,504,0,0,0,0,0,483,17,4,0,504,0,0,0,504
02/28/2021,EWR,NJ,AEA,EN,Towers with Radar,538,26,4,0,568,0,0,0,0,0,538,26,4,0,568,0,0,0,568
03/01/2021,EWR,NJ,AEA,EN,Towers with Radar,511,18,10,0,539,0,0,0,0,0,511,18,10,0,539,0,0,0,539
03/02/2021,EWR,NJ,AEA,EN,Towers with Radar,477,26,1,2,506,0,4,3,5,12,477,30,4,7,518,0,0,0,518
03/03/2021,EWR,NJ,AEA,EN,Towers with Radar,459,40,8,2,509,0,4,4,0,8,459,44,12,2,517,0,0,0,517
03/04/2021,EWR,NJ,AEA,EN,Towers with Radar,617,47,6,0,670,0,4,9,1,14,617,51,15,1,684,0,0,0,684
03/05/2021,EWR,NJ,AEA,EN,Towers with Radar,601,42,4,2,649,0,4,2,2,8,601,46,6,4,657,0,0,0,657
03/06/2021,EWR,NJ,AEA,EN,Towers with Radar,551,13,3,0,567,0,0,4,0,4,551,13,7,0,571,0,0,0,571
03/07/2021,EWR,NJ,AEA,EN,Towers with Radar,562,20,1,0,583,0,0,4,0,4,562,20,5,0,587,0,0,0,587
03/08/2021,EWR,NJ,AEA,EN,Towers with Radar,571,29,2,0,602,0,0,4,2,6,571,29,6,2,608,0,0,0,608
03/09/2021,EWR,NJ,AEA,EN,Towers with Radar,530,35,1,0,566,0,4,2,0,6,530,39,3,0,572,0,0,0,572
03/10/2021,EWR,NJ,AEA,EN,Towers with Radar,541,40,5,0,586,0,4,11,4,19,541,44,16,4,605,0,0,0,605
03/11/2021,EWR,NJ,AEA,EN,Towers with Radar,628,49,3,0,680,0,2,7,0,9,628,51,10,0,689,0,0,0,689
03/12/2021,EWR,NJ,AEA,EN,Towers with Radar,622,38,2,0,662,0,2,2,0,4,622,40,4,0,666,0,0,0,666
03/13/2021,EWR,NJ,AEA,EN,Towers with Radar,552,11,3,0,566,0,0,3,0,3,552,11,6,0,569,0,0,0,569
03/14/2021,EWR,NJ,AEA,EN,Towers with Radar,581,30,0,0,611,0,0,7,0,7,581,30,7,0,618,0,0,0,618
03/15/2021,EWR,NJ,AEA,EN,Towers with Radar,578,32,5,0,615,0,0,24,3,27,578,32,29,3,642,0,0,0,642
03/16/2021,EWR,NJ,AEA,EN,Towers with Radar,567,37,3,0,607,0,4,2,4,10,567,41,5,4,617,0,0,0,617
03/17/2021,EWR,NJ,AEA,EN,Towers with Radar,549,43,3,0,595,0,4,2,1,7,549,47,5,1,602,0,0,0,602
03/18/2021,EWR,NJ,AEA,EN,Towers with Radar,633,52,7,0,692,0,0,0,0,0,633,52,7,0,692,0,0,0,692
03/19/2021,EWR,NJ,AEA,EN,Towers with Radar,631,49,7,0,687,0,6,0,0,6,631,55,7,0,693,0,0,0,693
03/20/2021,EWR,NJ,AEA,EN,Towers with Radar,569,13,1,0,583,0,0,4,0,4,569,13,5,0,587,0,0,0,587
03/21/2021,EWR,NJ,AEA,EN,Towers with Radar,592,24,3,0,619,1,0,2,0,3,593,24,5,0,622,0,0,0,622
03/22/2021,EWR,NJ,AEA,EN,Towers with Radar,581,35,4,0,620,0,0,6,0,6,581,35,10,0,626,0,0,0,626
03/23/2021,EWR,NJ,AEA,EN,Towers with Radar,551,38,6,0,595,0,2,4,0,6,551,40,10,0,601,0,0,0,601
03/24/2021,EWR,NJ,AEA,EN,Towers with Radar,553,41,2,0,596,0,4,1,0,5,553,45,3,0,601,0,0,0,601
03/25/2021,EWR,NJ,AEA,EN,Towers with Radar,653,49,7,0,709,0,0,0,1,1,653,49,7,1,710,0,0,0,710
03/26/2021,EWR,NJ,AEA,EN,Towers with Radar,643,47,11,0,701,0,0,3,0,3,643,47,14,0,704,0,0,0,704
03/27/2021,EWR,NJ,AEA,EN,Towers with Radar,567,19,11,0,597,0,0,8,2,10,567,19,19,2,607,0,0,0,607
03/28/2021,EWR,NJ,AEA,EN,Towers with Radar,600,25,9,0,634,0,0,0,0,0,600,25,9,0,634,0,0,0,634
03/29/2021,EWR,NJ,AEA,EN,Towers with Radar,572,38,3,1,614,0,0,6,0,6,572,38,9,1,620,0,0,0,620
03/30/2021,EWR,NJ,AEA,EN,Towers with Radar,550,35,5,0,590,0,4,4,2,10,550,39,9,2,600,0,0,0,600
03/31/2021,EWR,NJ,AEA,EN,Towers with Radar,541,33,11,0,585,0,4,1,0,5,541,37,12,0,590,0,0,0,590
04/01/2021,EWR,NJ,AEA,EN,Towers with Radar,631,41,8,0,680,0,4,2,0,6,631,45,10,0,686,0,0,0,686
04/02/2021,EWR,NJ,AEA,EN,Towers with Radar,636,41,10,1,688,0,4,5,0,9,636,45,15,1,697,0,0,0,697
04/03/2021,EWR,NJ,AEA,EN,Towers with Radar,573,19,4,0,596,0,0,1,0,1,573,19,5,0,597,0,0,0,597
04/04/2021,EWR,NJ,AEA,EN,Towers with Radar,618,24,3,0,645,0,0,6,0,6,618,24,9,0,651,0,0,0,651
04/05/2021,EWR,NJ,AEA,EN,Towers with Radar,621,34,6,0,661,0,0,1,0,1,621,34,7,0,662,0,0,0,662
04/06/2021,EWR,NJ,AEA,EN,Towers with Radar,555,38,7,0,600,0,4,3,2,9,555,42,10,2,609,0,0,0,609
04/07/2021,EWR,NJ,AEA,EN,Towers with Radar,525,47,7,0,579,0,5,4,0,9,525,52,11,0,588,0,0,0,588
04/08/2021,EWR,NJ,AEA,EN,Towers with Radar,635,44,9,0,688,1,5,10,2,18,636,49,19,2,706,0,0,0,706
04/09/2021,EWR,NJ,AEA,EN,Towers with Radar,626,37,4,0,667,0,2,7,0,9,626,39,11,0,676,0,0,0,676
04/10/2021,EWR,NJ,AEA,EN,Towers with Radar,550,20,11,0,581,0,0,0,0,0,550,20,11,0,581,0,0,0,581
04/11/2021,EWR,NJ,AEA,EN,Towers with Radar,563,28,10,0,601,0,0,0,0,0,563,28,10,0,601,0,0,0,601
04/12/2021,EWR,NJ,AEA,EN,Towers with Radar,589,34,7,0,630,0,0,2,0,2,589,34,9,0,632,0,0,0,632
04/13/2021,EWR,NJ,AEA,EN,Towers with Radar,539,34,1,0,574,0,5,6,0,11,539,39,7,0,585,0,0,0,585
04/14/2021,EWR,NJ,AEA,EN,Towers with Radar,513,38,2,0,553,0,4,4,5,13,513,42,6,5,566,0,0,0,566
04/15/2021,EWR,NJ,AEA,EN,Towers with Radar,625,46,5,0,676,0,0,2,0,2,625,46,7,0,678,0,0,0,678
04/16/2021,EWR,NJ,AEA,EN,Towers with Radar,632,34,1,0,667,0,4,8,0,12,632,38,9,0,679,0,0,0,679
04/17/2021,EWR,NJ,AEA,EN,Towers with Radar,548,25,1,0,574,0,0,4,0,4,548,25,5,0,578,0,0,0,578
04/18/2021,EWR,NJ,AEA,EN,Towers with Radar,614,22,4,0,640,0,0,7,0,7,614,22,11,0,647,0,0,0,647
04/19/2021,EWR,NJ,AEA,EN,Towers with Radar,588,30,1,0,619,0,0,6,0,6,588,30,7,0,625,0,0,0,625
04/20/2021,EWR,NJ,AEA,EN,Towers with Radar,534,40,2,0,576,0,4,2,1,7,534,44,4,1,583,0,0,0,583
04/21/2021,EWR,NJ,AEA,EN,Towers with Radar,517,39,4,0,560,0,6,0,0,6,517,45,4,0,566,0,0,0,566
04/22/2021,EWR,NJ,AEA,EN,Towers with Radar,632,51,3,0,686,0,0,0,0,0,632,51,3,0,686,0,0,0,686
04/23/2021,EWR,NJ,AEA,EN,Towers with Radar,623,32,3,0,658,0,5,7,0,12,623,37,10,0,670,0,0,0,670
04/24/2021,EWR,NJ,AEA,EN,Towers with Radar,547,20,2,0,569,0,0,0,0,0,547,20,2,0,569,0,0,0,569
04/25/2021,EWR,NJ,AEA,EN,Towers with Radar,613,26,0,0,639,0,0,0,2,2,613,26,0,2,641,0,0,0,641
04/26/2021,EWR,NJ,AEA,EN,Towers with Radar,601,34,5,0,640,0,0,7,1,8,601,34,12,1,648,0,0,0,648
04/27/2021,EWR,NJ,AEA,EN,Towers with Radar,520,43,9,0,572,0,4,6,0,10,520,47,15,0,582,0,0,0,582
04/28/2021,EWR,NJ,AEA,EN,Towers with Radar,514,39,9,1,563,0,4,4,7,15,514,43,13,8,578,0,0,0,578
04/29/2021,EWR,NJ,AEA,EN,Towers with Radar,633,45,5,0,683,0,4,6,7,17,633,49,11,7,700,0,0,0,700
04/30/2021,EWR,NJ,AEA,EN,Towers with Radar,631,69,15,0,715,0,6,0,2,8,631,75,15,2,723,0,0,0,723
05/01/2021,EWR,NJ,AEA,EN,Towers with Radar,543,38,4,0,585,0,0,14,14,28,543,38,18,14,613,0,0,0,613
05/02/2021,EWR,NJ,AEA,EN,Towers with Radar,612,33,10,0,655,0,0,1,13,14,612,33,11,13,669,0,0,0,669
05/03/2021,EWR,NJ,AEA,EN,Towers with Radar,580,28,6,0,614,0,0,4,6,10,580,28,10,6,624,0,0,0,624
05/04/2021,EWR,NJ,AEA,EN,Towers with Radar,521,44,5,0,570,0,0,6,0,6,521,44,11,0,576,0,0,0,576
05/05/2021,EWR,NJ,AEA,EN,Towers with Radar,517,39,9,2,567,0,0,1,0,1,517,39,10,2,568,0,0,0,568
05/06/2021,EWR,NJ,AEA,EN,Towers with Radar,683,47,6,0,736,0,4,10,0,14,683,51,16,0,750,0,0,0,750
05/07/2021,EWR,NJ,AEA,EN,Towers with Radar,695,37,5,0,737,0,4,17,0,21,695,41,22,0,758,0,0,0,758
05/08/2021,EWR,NJ,AEA,EN,Towers with Radar,606,18,1,0,625,0,0,7,0,7,606,18,8,0,632,0,0,0,632
05/09/2021,EWR,NJ,AEA,EN,Towers with Radar,666,27,4,0,697,0,0,12,0,12,666,27,16,0,709,0,0,0,709
05/10/2021,EWR,NJ,AEA,EN,Towers with Radar,626,27,4,0,657,0,0,11,0,11,626,27,15,0,668,0,0,0,668
05/11/2021,EWR,NJ,AEA,EN,Towers with Radar,596,35,9,0,640,0,6,13,1,20,596,41,22,1,660,0,0,0,660
05/12/2021,EWR,NJ,AEA,EN,Towers with Radar,579,39,8,0,626,0,4,16,2,22,579,43,24,2,648,0,0,0,648
05/13/2021,EWR,NJ,AEA,EN,Towers with Radar,688,41,10,0,739,0,5,21,6,32,688,46,31,6,771,0,0,0,771
05/14/2021,EWR,NJ,AEA,EN,Towers with Radar,687,34,13,0,734,0,4,8,3,15,687,38,21,3,749,0,0,0,749
05/15/2021,EWR,NJ,AEA,EN,Towers with Radar,610,20,7,0,637,0,0,17,0,17,610,20,24,0,654,0,0,0,654
05/16/2021,EWR,NJ,AEA,EN,Towers with Radar,665,27,16,0,708,0,0,23,0,23,665,27,39,0,731,0,0,0,731
05/17/2021,EWR,NJ,AEA,EN,Towers with Radar,636,28,6,0,670,0,0,13,0,13,636,28,19,0,683,0,0,0,683
05/18/2021,EWR,NJ,AEA,EN,Towers with Radar,583,35,5,2,625,0,4,10,1,15,583,39,15,3,640,0,0,0,640
05/19/2021,EWR,NJ,AEA,EN,Towers with Radar,582,43,5,0,630,0,4,4,4,12,582,47,9,4,642,0,0,0,642
05/20/2021,EWR,NJ,AEA,EN,Towers with Radar,700,38,7,0,745,0,6,31,0,37,700,44,38,0,782,0,0,0,782
05/21/2021,EWR,NJ,AEA,EN,Towers with Radar,678,38,5,0,721,0,2,22,0,24,678,40,27,0,745,0,0,0,745
05/22/2021,EWR,NJ,AEA,EN,Towers with Radar,623,20,8,0,651,1,1,13,0,15,624,21,21,0,666,0,0,0,666
05/23/2021,EWR,NJ,AEA,EN,Towers with Radar,685,18,5,0,708,0,0,11,0,11,685,18,16,0,719,0,0,0,719
05/24/2021,EWR,NJ,AEA,EN,Towers with Radar,661,27,4,0,692,0,0,13,0,13,661,27,17,0,705,0,0,0,705
05/25/2021,EWR,NJ,AEA,EN,Towers with Radar,594,34,11,0,639,0,6,17,1,24,594,40,28,1,663,0,0,0,663
05/26/2021,EWR,NJ,AEA,EN,Towers with Radar,566,31,12,0,609,0,0,6,2,8,566,31,18,2,617,0,0,0,617
05/27/2021,EWR,NJ,AEA,EN,Towers with Radar,741,47,5,0,793,0,4,42,0,46,741,51,47,0,839,0,0,0,839
05/28/2021,EWR,NJ,AEA,EN,Towers with Radar,699,33,5,0,737,0,5,11,0,16,699,38,16,0,753,0,0,0,753
05/29/2021,EWR,NJ,AEA,EN,Towers with Radar,629,20,3,0,652,0,0,0,0,0,629,20,3,0,652,0,0,0,652
05/30/2021,EWR,NJ,AEA,EN,Towers with Radar,655,22,0,0,677,0,0,1,0,1,655,22,1,0,678,0,0,0,678
05/31/2021,EWR,NJ,AEA,EN,Towers with Radar,676,25,2,0,703,0,0,20,0,20,676,25,22,0,723,0,0,0,723
06/01/2021,EWR,NJ,AEA,EN,Towers with Radar,578,24,2,0,604,0,4,15,1,20,578,28,17,1,624,0,0,0,624
06/02/2021,EWR,NJ,AEA,EN,Towers with Radar,625,31,8,0,664,0,4,8,1,13,625,35,16,1,677,0,0,0,677
06/03/2021,EWR,NJ,AEA,EN,Towers with Radar,761,43,10,0,814,0,0,0,0,0,761,43,10,0,814,0,0,0,814
06/04/2021,EWR,NJ,AEA,EN,Towers with Radar,758,43,7,0,808,0,0,6,0,6,758,43,13,0,814,0,0,0,814
06/05/2021,EWR,NJ,AEA,EN,Towers with Radar,713,27,4,0,744,0,0,22,1,23,713,27,26,1,767,0,0,0,767
06/06/2021,EWR,NJ,AEA,EN,Towers with Radar,739,28,5,0,772,0,0,18,0,18,739,28,23,0,790,0,0,0,790
06/07/2021,EWR,NJ,AEA,EN,Towers with Radar,749,31,5,0,785,0,0,14,0,14,749,31,19,0,799,0,0,0,799
06/08/2021,EWR,NJ,AEA,EN,Towers with Radar,700,41,2,0,743,0,2,4,0,6,700,43,6,0,749,0,0,0,749
06/09/2021,EWR,NJ,AEA,EN,Towers with Radar,670,44,8,1,723,0,4,6,1,11,670,48,14,2,734,0,0,0,734
06/10/2021,EWR,NJ,AEA,EN,Towers with Radar,798,43,12,0,853,0,4,22,1,27,798,47,34,1,880,0,0,0,880
06/11/2021,EWR,NJ,AEA,EN,Towers with Radar,785,41,2,0,828,1,4,13,0,18,786,45,15,0,846,0,0,0,846
06/12/2021,EWR,NJ,AEA,EN,Towers with Radar,719,35,6,2,762,0,1,22,0,23,719,36,28,2,785,0,0,0,785
06/13/2021,EWR,NJ,AEA,EN,Towers with Radar,754,35,5,0,794,0,0,12,0,12,754,35,17,0,806,0,0,0,806
06/14/2021,EWR,NJ,AEA,EN,Towers with Radar,746,39,6,0,791,0,0,5,0,5,746,39,11,0,796,0,0,0,796
06/15/2021,EWR,NJ,AEA,EN,Towers with Radar,743,58,9,0,810,0,4,8,1,13,743,62,17,1,823,0,0,0,823
06/16/2021,EWR,NJ,AEA,EN,Towers with Radar,725,47,6,0,778,1,4,12,2,19,726,51,18,2,797,0,0,0,797
06/17/2021,EWR,NJ,AEA,EN,Towers with Radar,798,58,7,1,864,0,4,27,1,32,798,62,34,2,896,0,0,0,896
06/18/2021,EWR,NJ,AEA,EN,Towers with Radar,795,46,6,1,848,0,4,21,0,25,795,50,27,1,873,0,0,0,873
06/19/2021,EWR,NJ,AEA,EN,Towers with Radar,735,37,8,1,781,0,1,9,0,10,735,38,17,1,791,0,0,0,791
06/20/2021,EWR,NJ,AEA,EN,Towers with Radar,758,37,1,1,797,0,2,30,0,32,758,39,31,1,829,0,0,0,829
06/21/2021,EWR,NJ,AEA,EN,Towers with Radar,686,25,14,0,725,0,0,9,0,9,686,25,23,0,734,0,0,0,734
06/22/2021,EWR,NJ,AEA,EN,Towers with Radar,760,52,6,0,818,0,4,0,0,4,760,56,6,0,822,0,0,0,822
06/23/2021,EWR,NJ,AEA,EN,Towers with Radar,714,52,19,0,785,0,7,6,0,13,714,59,25,0,798,0,0,0,798
06/24/2021,EWR,NJ,AEA,EN,Towers with Radar,800,48,7,2,857,0,4,14,1,19,800,52,21,3,876,0,0,0,876
06/25/2021,EWR,NJ,AEA,EN,Towers with Radar,791,46,2,0,839,1,0,19,3,23,792,46,21,3,862,0,0,0,862
06/26/2021,EWR,NJ,AEA,EN,Towers with Radar,736,27,5,0,768,0,2,12,0,14,736,29,17,0,782,0,0,0,782
06/27/2021,EWR,NJ,AEA,EN,Towers with Radar,769,31,12,0,812,0,0,26,0,26,769,31,38,0,838,0,0,0,838
06/28/2021,EWR,NJ,AEA,EN,Towers with Radar,753,44,14,0,811,0,0,25,2,27,753,44,39,2,838,0,0,0,838
06/29/2021,EWR,NJ,AEA,EN,Towers with Radar,735,43,3,0,781,0,4,11,0,15,735,47,14,0,796,0,0,0,796
06/30/2021,EWR,NJ,AEA,EN,Towers with Radar,681,40,8,0,729,0,4,12,6,22,681,44,20,6,751,0,0,0,751
07/01/2021,EWR,NJ,AEA,EN,Towers with Radar,839,48,8,0,895,0,4,7,0,11,839,52,15,0,906,0,0,0,906
07/02/2021,EWR,NJ,AEA,EN,Towers with Radar,815,41,6,0,862,0,4,12,0,16,815,45,18,0,878,0,0,0,878
07/03/2021,EWR,NJ,AEA,EN,Towers with Radar,792,26,11,0,829,0,0,1,0,1,792,26,12,0,830,0,0,0,830
07/04/2021,EWR,NJ,AEA,EN,Towers with Radar,749,22,4,0,775,0,0,29,0,29,749,22,33,0,804,0,0,0,804
07/05/2021,EWR,NJ,AEA,EN,Towers with Radar,770,22,11,0,803,0,0,20,0,20,770,22,31,0,823,0,0,0,823
07/06/2021,EWR,NJ,AEA,EN,Towers with Radar,654,21,11,0,686,0,7,13,0,20,654,28,24,0,706,0,0,0,706
07/07/2021,EWR,NJ,AEA,EN,Towers with Radar,845,54,6,0,905,0,6,10,0,16,845,60,16,0,921,0,0,0,921
07/08/2021,EWR,NJ,AEA,EN,Towers with Radar,713,28,9,3,753,0,6,4,0,10,713,34,13,3,763,0,0,0,763
07/09/2021,EWR,NJ,AEA,EN,Towers with Radar,766,24,9,0,799,0,0,3,0,3,766,24,12,0,802,0,0,0,802
07/10/2021,EWR,NJ,AEA,EN,Towers with Radar,773,31,13,0,817,0,0,32,0,32,773,31,45,0,849,0,0,0,849
07/11/2021,EWR,NJ,AEA,EN,Towers with Radar,736,24,14,0,774,0,1,15,0,16,736,25,29,0,790,0,0,0,790
07/12/2021,EWR,NJ,AEA,EN,Towers with Radar,651,28,16,0,695,0,0,4,0,4,651,28,20,0,699,0,0,0,699
07/13/2021,EWR,NJ,AEA,EN,Towers with Radar,807,45,22,0,874,0,0,2,1,3,807,45,24,1,877,0,0,0,877
07/14/2021,EWR,NJ,AEA,EN,Towers with Radar,773,49,20,0,842,0,0,7,2,9,773,49,27,2,851,0,0,0,851
07/15/2021,EWR,NJ,AEA,EN,Towers with Radar,862,50,18,2,932,0,4,34,4,42,862,54,52,6,974,0,0,0,974
07/16/2021,EWR,NJ,AEA,EN,Towers with Radar,835,40,11,1,887,0,6,32,3,41,835,46,43,4,928,0,0,0,928
07/17/2021,EWR,NJ,AEA,EN,Towers with Radar,427,17,3,0,447,0,0,4,0,4,427,17,7,0,451,0,0,0,451
07/18/2021,EWR,NJ,AEA,EN,Towers with Radar,750,30,13,0,793,1,2,19,0,22,751,32,32,0,815,0,0,0,815
07/19/2021,EWR,NJ,AEA,EN,Towers with Radar,825,30,6,0,861,0,1,29,1,31,825,31,35,1,892,0,0,0,892
07/20/2021,EWR,NJ,AEA,EN,Towers with Radar,871,41,8,0,920,0,4,16,1,21,871,45,24,1,941,0,0,0,941
07/21/2021,EWR,NJ,AEA,EN,Towers with Radar,776,42,11,0,829,0,4,14,0,18,776,46,25,0,847,0,0,0,847
07/22/2021,EWR,NJ,AEA,EN,Towers with Radar,834,51,7,0,892,0,4,30,3,37,834,55,37,3,929,0,0,0,929
07/23/2021,EWR,NJ,AEA,EN,Towers with Radar,849,41,10,0,900,0,5,26,3,34,849,46,36,3,934,0,0,0,934
07/24/2021,EWR,NJ,AEA,EN,Towers with Radar,795,25,8,0,828,0,0,18,0,18,795,25,26,0,846,0,0,0,846
07/25/2021,EWR,NJ,AEA,EN,Towers with Radar,725,24,8,0,757,0,2,11,0,13,725,26,19,0,770,0,0,0,770
07/26/2021,EWR,NJ,AEA,EN,Towers with Radar,811,33,9,0,853,0,0,37,1,38,811,33,46,1,891,0,0,0,891
07/27/2021,EWR,NJ,AEA,EN,Towers with Radar,843,48,7,0,898,0,5,31,1,37,843,53,38,1,935,0,0,0,935
07/28/2021,EWR,NJ,AEA,EN,Towers with Radar,806,48,9,0,863,0,6,22,0,28,806,54,31,0,891,0,0,0,891
07/29/2021,EWR,NJ,AEA,EN,Towers with Radar,725,44,7,0,776,0,6,6,2,14,725,50,13,2,790,0,0,0,790
07/30/2021,EWR,NJ,AEA,EN,Towers with Radar,853,46,8,0,907,0,4,31,0,35,853,50,39,0,942,0,0,0,942
07/31/2021,EWR,NJ,AEA,EN,Towers with Radar,771,26,7,0,804,0,2,20,0,22,771,28,27,0,826,0,0,0,826
08/01/2021,EWR,NJ,AEA,EN,Towers with Radar,736,18,12,0,766,0,1,14,0,15,736,19,26,0,781,0,0,0,781
08/02/2021,EWR,NJ,AEA,EN,Towers with Radar,793,22,11,0,826,0,2,28,0,30,793,24,39,0,856,0,0,0,856
08/03/2021,EWR,NJ,AEA,EN,Towers with Radar,801,36,10,0,847,0,4,22,0,26,801,40,32,0,873,0,0,0,873
08/04/2021,EWR,NJ,AEA,EN,Towers with Radar,808,50,6,0,864,0,4,36,0,40,808,54,42,0,904,0,0,0,904
08/05/2021,EWR,NJ,AEA,EN,Towers with Radar,836,40,14,0,890,0,4,29,1,34,836,44,43,1,924,0,0,0,924
08/06/2021,EWR,NJ,AEA,EN,Towers with Radar,844,38,13,1,896,0,5,26,1,32,844,43,39,2,928,0,0,0,928
08/07/2021,EWR,NJ,AEA,EN,Towers with Radar,743,50,29,0,822,0,2,30,0,32,743,52,59,0,854,0,0,0,854
08/08/2021,EWR,NJ,AEA,EN,Towers with Radar,798,35,17,1,851,0,0,15,0,15,798,35,32,1,866,0,0,0,866
08/09/2021,EWR,NJ,AEA,EN,Towers with Radar,824,32,11,0,867,0,0,33,0,33,824,32,44,0,900,0,0,0,900
08/10/2021,EWR,NJ,AEA,EN,Towers with Radar,785,36,10,0,831,0,6,16,0,22,785,42,26,0,853,0,0,0,853
08/11/2021,EWR,NJ,AEA,EN,Towers with Radar,738,28,11,0,777,0,8,29,0,37,738,36,40,0,814,0,0,0,814
08/12/2021,EWR,NJ,AEA,EN,Towers with Radar,899,50,2,0,951,0,4,37,0,41,899,54,39,0,992,0,0,0,992
08/13/2021,EWR,NJ,AEA,EN,Towers with Radar,830,40,5,1,876,0,6,30,0,36,830,46,35,1,912,0,0,0,912
08/14/2021,EWR,NJ,AEA,EN,Towers with Radar,775,24,5,0,804,0,0,15,0,15,775,24,20,0,819,0,0,0,819
08/15/2021,EWR,NJ,AEA,EN,Towers with Radar,827,30,10,0,867,0,1,20,0,21,827,31,30,0,888,0,0,0,888
08/16/2021,EWR,NJ,AEA,EN,Towers with Radar,816,35,3,0,854,0,0,25,0,25,816,35,28,0,879,0,0,0,879
08/17/2021,EWR,NJ,AEA,EN,Towers with Radar,840,48,12,0,900,0,4,13,0,17,840,52,25,0,917,0,0,0,917
08/18/2021,EWR,NJ,AEA,EN,Towers with Radar,797,44,13,0,854,0,4,11,2,17,797,48,24,2,871,0,0,0,871
08/19/2021,EWR,NJ,AEA,EN,Towers with Radar,872,35,3,0,910,0,4,10,1,15,872,39,13,1,925,0,0,0,925
08/20/2021,EWR,NJ,AEA,EN,Towers with Radar,855,44,6,0,905,0,5,41,3,49,855,49,47,3,954,0,0,0,954
08/21/2021,EWR,NJ,AEA,EN,Towers with Radar,772,22,8,0,802,0,1,28,0,29,772,23,36,0,831,0,0,0,831
08/22/2021,EWR,NJ,AEA,EN,Towers with Radar,626,16,4,0,646,0,0,0,0,0,626,16,4,0,646,0,0,0,646
08/23/2021,EWR,NJ,AEA,EN,Towers with Radar,756,29,6,0,791,0,0,7,0,7,756,29,13,0,798,0,0,0,798
08/24/2021,EWR,NJ,AEA,EN,Towers with Radar,849,40,5,0,894,0,4,32,1,37,849,44,37,1,931,0,0,0,931
08/25/2021,EWR,NJ,AEA,EN,Towers with Radar,829,36,6,0,871,0,4,29,2,35,829,40,35,2,906,0,0,0,906
08/26/2021,EWR,NJ,AEA,EN,Towers with Radar,855,36,3,0,894,0,6,26,2,34,855,42,29,2,928,0,0,0,928
08/27/2021,EWR,NJ,AEA,EN,Towers with Radar,789,43,8,0,840,0,4,10,3,17,789,47,18,3,857,0,0,0,857
08/28/2021,EWR,NJ,AEA,EN,Towers with Radar,748,21,8,0,777,0,0,22,0,22,748,21,30,0,799,0,0,0,799
08/29/2021,EWR,NJ,AEA,EN,Towers with Radar,803,24,15,0,842,0,0,17,0,17,803,24,32,0,859,0,0,0,859
08/30/2021,EWR,NJ,AEA,EN,Towers with Radar,784,29,7,0,820,0,0,19,0,19,784,29,26,0,839,0,0,0,839
08/31/2021,EWR,NJ,AEA,EN,Towers with Radar,850,43,10,0,903,0,4,22,0,26,850,47,32,0,929,0,0,0,929
09/01/2021,EWR,NJ,AEA,EN,Towers with Radar,563,27,5,0,595,0,4,5,0,9,563,31,10,0,604,0,0,0,604
09/02/2021,EWR,NJ,AEA,EN,Towers with Radar,514,55,28,0,597,0,7,15,0,22,514,62,43,0,619,0,0,0,619
09/03/2021,EWR,NJ,AEA,EN,Towers with Radar,819,89,35,0,943,0,4,30,2,36,819,93,65,2,979,0,0,0,979
09/04/2021,EWR,NJ,AEA,EN,Towers with Radar,756,29,17,0,802,0,0,36,0,36,756,29,53,0,838,0,0,0,838
09/05/2021,EWR,NJ,AEA,EN,Towers with Radar,762,26,8,0,796,0,0,26,0,26,762,26,34,0,822,0,0,0,822
09/06/2021,EWR,NJ,AEA,EN,Towers with Radar,785,24,9,2,820,0,2,20,0,22,785,26,29,2,842,0,0,0,842
09/07/2021,EWR,NJ,AEA,EN,Towers with Radar,777,24,10,2,813,0,4,9,4,17,777,28,19,6,830,0,0,0,830
09/08/2021,EWR,NJ,AEA,EN,Towers with Radar,786,38,12,0,836,0,5,29,0,34,786,43,41,0,870,0,0,0,870
09/09/2021,EWR,NJ,AEA,EN,Towers with Radar,855,34,8,0,897,0,8,3,0,11,855,42,11,0,908,0,0,0,908
09/10/2021,EWR,NJ,AEA,EN,Towers with Radar,841,40,13,0,894,0,4,26,5,35,841,44,39,5,929,0,0,0,929
09/11/2021,EWR,NJ,AEA,EN,Towers with Radar,782,15,10,0,807,0,0,26,0,26,782,15,36,0,833,0,0,0,833
09/12/2021,EWR,NJ,AEA,EN,Towers with Radar,802,22,17,0,841,0,31,51,0,82,802,53,68,0,923,0,0,0,923
09/13/2021,EWR,NJ,AEA,EN,Towers with Radar,806,22,8,0,836,0,7,37,1,45,806,29,45,1,881,0,0,0,881
09/14/2021,EWR,NJ,AEA,EN,Towers with Radar,824,51,16,0,891,0,4,22,2,28,824,55,38,2,919,0,0,0,919
09/15/2021,EWR,NJ,AEA,EN,Towers with Radar,766,42,13,0,821,0,6,32,1,39,766,48,45,1,860,0,0,0,860
09/16/2021,EWR,NJ,AEA,EN,Towers with Radar,858,37,5,0,900,0,4,10,3,17,858,41,15,3,917,0,0,0,917
09/17/2021,EWR,NJ,AEA,EN,Towers with Radar,826,44,8,0,878,0,0,6,0,6,826,44,14,0,884,0,0,0,884
09/18/2021,EWR,NJ,AEA,EN,Towers with Radar,780,27,6,0,813,0,18,31,2,51,780,45,37,2,864,0,0,0,864
09/19/2021,EWR,NJ,AEA,EN,Towers with Radar,813,30,12,0,855,0,2,31,1,34,813,32,43,1,889,0,0,0,889
09/20/2021,EWR,NJ,AEA,EN,Towers with Radar,806,31,9,2,848,0,0,53,0,53,806,31,62,2,901,0,0,0,901
09/21/2021,EWR,NJ,AEA,EN,Towers with Radar,819,43,10,0,872,0,4,41,0,45,819,47,51,0,917,0,0,0,917
09/22/2021,EWR,NJ,AEA,EN,Towers with Radar,793,35,11,0,839,0,4,19,0,23,793,39,30,0,862,0,0,0,862
09/23/2021,EWR,NJ,AEA,EN,Towers with Radar,659,32,10,0,701,0,4,25,0,29,659,36,35,0,730,0,0,0,730
09/24/2021,EWR,NJ,AEA,EN,Towers with Radar,872,39,6,0,917,0,2,26,0,28,872,41,32,0,945,0,0,0,945
09/25/2021,EWR,NJ,AEA,EN,Towers with Radar,743,35,12,0,790,0,4,29,4,37,743,39,41,4,827,0,0,0,827
09/26/2021,EWR,NJ,AEA,EN,Towers with Radar,807,26,9,0,842,0,0,28,2,30,807,26,37,2,872,0,0,0,872
09/27/2021,EWR,NJ,AEA,EN,Towers with Radar,794,33,14,0,841,0,2,20,1,23,794,35,34,1,864,0,0,0,864
09/28/2021,EWR,NJ,AEA,EN,Towers with Radar,820,37,3,2,862,0,4,2,0,6,820,41,5,2,868,0,0,0,868
09/29/2021,EWR,NJ,AEA,EN,Towers with Radar,802,41,8,0,851,0,5,20,0,25,802,46,28,0,876,0,0,0,876
09/30/2021,EWR,NJ,AEA,EN,Towers with Radar,863,44,17,0,924,0,10,13,2,25,863,54,30,2,949,0,0,0,949
10/01/2021,EWR,NJ,AEA,EN,Towers with Radar,843,39,8,0,890,0,5,15,0,20,843,44,23,0,910,0,0,0,910
10/02/2021,EWR,NJ,AEA,EN,Towers with Radar,774,23,7,2,806,0,0,13,4,17,774,23,20,6,823,0,0,0,823
10/03/2021,EWR,NJ,AEA,EN,Towers with Radar,806,29,10,0,845,0,2,8,0,10,806,31,18,0,855,0,0,0,855
10/04/2021,EWR,NJ,AEA,EN,Towers with Radar,807,36,20,0,863,1,0,0,0,1,808,36,20,0,864,0,0,0,864
10/05/2021,EWR,NJ,AEA,EN,Towers with Radar,928,43,16,0,987,0,4,2,1,7,928,47,18,1,994,0,0,0,994
10/06/2021,EWR,NJ,AEA,EN,Towers with Radar,936,53,16,0,1005,0,4,19,0,23,936,57,35,0,1028,0,0,0,1028
10/07/2021,EWR,NJ,AEA,EN,Towers with Radar,987,45,16,2,1050,0,8,17,0,25,987,53,33,2,1075,0,0,0,1075
10/08/2021,EWR,NJ,AEA,EN,Towers with Radar,937,37,11,4,989,0,4,35,1,40,937,41,46,5,1029,0,0,0,1029
10/09/2021,EWR,NJ,AEA,EN,Towers with Radar,869,26,8,0,903,0,0,16,0,16,869,26,24,0,919,0,0,0,919
10/10/2021,EWR,NJ,AEA,EN,Towers with Radar,904,34,18,0,956,0,0,5,0,5,904,34,23,0,961,0,0,0,961
10/11/2021,EWR,NJ,AEA,EN,Towers with Radar,941,29,20,0,990,0,0,5,0,5,941,29,25,0,995,0,0,0,995
10/12/2021,EWR,NJ,AEA,EN,Towers with Radar,954,42,20,0,1016,0,4,3,1,8,954,46,23,1,1024,0,0,0,1024
10/13/2021,EWR,NJ,AEA,EN,Towers with Radar,908,41,17,0,966,0,0,15,2,17,908,41,32,2,983,0,0,0,983
10/14/2021,EWR,NJ,AEA,EN,Towers with Radar,975,39,15,0,1029,0,4,21,3,28,975,43,36,3,1057,0,0,0,1057
10/15/2021,EWR,NJ,AEA,EN,Towers with Radar,942,36,9,2,989,0,4,10,0,14,942,40,19,2,1003,0,0,0,1003
10/16/2021,EWR,NJ,AEA,EN,Towers with Radar,823,29,5,0,857,0,0,8,0,8,823,29,13,0,865,0,0,0,865
10/17/2021,EWR,NJ,AEA,EN,Towers with Radar,911,16,11,0,938,0,2,27,0,29,911,18,38,0,967,0,0,0,967
10/18/2021,EWR,NJ,AEA,EN,Towers with Radar,916,25,17,0,958,0,2,16,0,18,916,27,33,0,976,0,0,0,976
10/19/2021,EWR,NJ,AEA,EN,Towers with Radar,931,32,13,0,976,1,2,12,0,15,932,34,25,0,991,0,0,0,991
10/20/2021,EWR,NJ,AEA,EN,Towers with Radar,918,59,11,1,989,1,4,10,0,15,919,63,21,1,1004,0,0,0,1004
10/21/2021,EWR,NJ,AEA,EN,Towers with Radar,970,47,17,1,1035,0,7,14,0,21,970,54,31,1,1056,0,0,0,1056
10/22/2021,EWR,NJ,AEA,EN,Towers with Radar,939,41,6,2,988,0,4,15,1,20,939,45,21,3,1008,0,0,0,1008
10/23/2021,EWR,NJ,AEA,EN,Towers with Radar,846,30,7,0,883,0,1,29,2,32,846,31,36,2,915,0,0,0,915
10/24/2021,EWR,NJ,AEA,EN,Towers with Radar,902,31,14,4,951,0,0,19,3,22,902,31,33,7,973,0,0,0,973
10/25/2021,EWR,NJ,AEA,EN,Towers with Radar,840,22,6,7,875,0,1,27,0,28,840,23,33,7,903,0,0,0,903
10/26/2021,EWR,NJ,AEA,EN,Towers with Radar,908,38,8,2,956,0,0,0,0,0,908,38,8,2,956,0,0,0,956
10/27/2021,EWR,NJ,AEA,EN,Towers with Radar,920,39,12,0,971,0,4,10,0,14,920,43,22,0,985,0,0,0,985
10/28/2021,EWR,NJ,AEA,EN,Towers with Radar,968,49,20,0,1037,0,6,21,0,27,968,55,41,0,1064,0,0,0,1064
10/29/2021,EWR,NJ,AEA,EN,Towers with Radar,947,38,19,0,1004,0,6,5,1,12,947,44,24,1,1016,0,0,0,1016
10/30/2021,EWR,NJ,AEA,EN,Towers with Radar,816,19,14,0,849,0,4,6,0,10,816,23,20,0,859,0,0,0,859
10/31/2021,EWR,NJ,AEA,EN,Towers with Radar,934,4,8,1,947,0,0,8,1,9,934,4,16,2,956,0,0,0,956
11/01/2021,EWR,NJ,AEA,EN,Towers with Radar,1121,10,13,0,1144,0,1,12,0,13,1121,11,25,0,1157,0,0,0,1157
11/02/2021,EWR,NJ,AEA,EN,Towers with Radar,1179,31,9,0,1219,0,5,9,0,14,1179,36,18,0,1233,0,0,0,1233
11/03/2021,EWR,NJ,AEA,EN,Towers with Radar,1138,26,12,0,1176,0,4,16,0,20,1138,30,28,0,1196,0,0,0,1196
11/04/2021,EWR,NJ,AEA,EN,Towers with Radar,1227,35,16,0,1278,0,4,15,1,20,1227,39,31,1,1298,0,0,0,1298
11/05/2021,EWR,NJ,AEA,EN,Towers with Radar,1151,32,13,0,1196,0,7,11,1,19,1151,39,24,1,1215,0,0,0,1215
11/06/2021,EWR,NJ,AEA,EN,Towers with Radar,730,22,10,0,762,0,1,15,0,16,730,23,25,0,778,0,0,0,778
11/07/2021,EWR,NJ,AEA,EN,Towers with Radar,1013,19,20,0,1052,0,4,22,0,26,1013,23,42,0,1078,0,0,0,1078
11/08/2021,EWR,NJ,AEA,EN,Towers with Radar,1165,11,17,0,1193,0,1,13,2,16,1165,12,30,2,1209,0,0,0,1209
11/09/2021,EWR,NJ,AEA,EN,Towers with Radar,1176,27,8,0,1211,1,3,22,2,28,1177,30,30,2,1239,0,0,0,1239
11/10/2021,EWR,NJ,AEA,EN,Towers with Radar,1143,34,6,0,1183,0,10,11,4,25,1143,44,17,4,1208,0,0,0,1208
11/11/2021,EWR,NJ,AEA,EN,Towers with Radar,1207,35,18,0,1260,0,5,14,0,19,1207,40,32,0,1279,0,0,0,1279
11/12/2021,EWR,NJ,AEA,EN,Towers with Radar,1137,19,11,0,1167,0,4,2,0,6,1137,23,13,0,1173,0,0,0,1173
11/13/2021,EWR,NJ,AEA,EN,Towers with Radar,734,3,2,0,739,0,4,9,0,13,734,7,11,0,752,0,0,0,752
11/14/2021,EWR,NJ,AEA,EN,Towers with Radar,1008,15,18,0,1041,0,2,9,0,11,1008,17,27,0,1052,0,0,0,1052
11/15/2021,EWR,NJ,AEA,EN,Towers with Radar,1178,17,11,0,1206,0,0,11,0,11,1178,17,22,0,1217,0,0,0,1217
11/16/2021,EWR,NJ,AEA,EN,Towers with Radar,1178,28,12,0,1218,0,4,8,6,18,1178,32,20,6,1236,0,0,0,1236
11/17/2021,EWR,NJ,AEA,EN,Towers with Radar,1158,33,15,0,1206,0,7,14,0,21,1158,40,29,0,1227,0,0,0,1227
11/18/2021,EWR,NJ,AEA,EN,Towers with Radar,1213,33,17,0,1263,0,15,20,5,40,1213,48,37,5,1303,0,0,0,1303
11/19/2021,EWR,NJ,AEA,EN,Towers with Radar,1190,20,17,0,1227,0,6,34,2,42,1190,26,51,2,1269,0,0,0,1269
11/20/2021,EWR,NJ,AEA,EN,Towers with Radar,1021,9,7,0,1037,1,0,15,0,16,1022,9,22,0,1053,0,0,0,1053
11/21/2021,EWR,NJ,AEA,EN,Towers with Radar,1162,8,7,0,1177,0,0,14,0,14,1162,8,21,0,1191,0,0,0,1191
11/22/2021,EWR,NJ,AEA,EN,Towers with Radar,1199,10,10,0,1219,0,10,0,4,14,1199,20,10,4,1233,0,0,0,1233
11/23/2021,EWR,NJ,AEA,EN,Towers with Radar,1240,32,10,0,1282,0,8,23,3,34,1240,40,33,3,1316,0,0,0,1316
11/24/2021,EWR,NJ,AEA,EN,Towers with Radar,1247,26,9,0,1282,0,4,29,1,34,1247,30,38,1,1316,0,0,0,1316
11/25/2021,EWR,NJ,AEA,EN,Towers with Radar,804,3,1,0,808,0,2,15,0,17,804,5,16,0,825,0,0,0,825
11/26/2021,EWR,NJ,AEA,EN,Towers with Radar,1026,8,2,0,1036,0,9,9,0,18,1026,17,11,0,1054,0,0,0,1054
11/27/2021,EWR,NJ,AEA,EN,Towers with Radar,1039,12,7,2,1060,0,0,35,0,35,1039,12,42,2,1095,0,0,0,1095
11/28/2021,EWR,NJ,AEA,EN,Towers with Radar,1164,29,28,0,1221,0,12,7,0,19,1164,41,35,0,1240,0,0,0,1240
11/29/2021,EWR,NJ,AEA,EN,Towers with Radar,1211,21,9,0,1241,0,2,22,0,24,1211,23,31,0,1265,0,0,0,1265
11/30/2021,EWR,NJ,AEA,EN,Towers with Radar,1240,27,5,0,1272,0,4,14,0,18,1240,31,19,0,1290,0,0,0,1290
12/01/2021,EWR,NJ,AEA,EN,Towers with Radar,1202,35,16,0,1253,0,10,22,0,32,1202,45,38,0,1285,0,0,0,1285
12/02/2021,EWR,NJ,AEA,EN,Towers with Radar,1238,31,20,0,1289,0,9,24,0,33,1238,40,44,0,1322,0,0,0,1322
12/03/2021,EWR,NJ,AEA,EN,Towers with Radar,1204,43,9,0,1256,0,21,30,0,51,1204,64,39,0,1307,0,0,0,1307
12/04/2021,EWR,NJ,AEA,EN,Towers with Radar,774,14,9,0,797,0,1,31,0,32,774,15,40,0,829,0,0,0,829
12/05/2021,EWR,NJ,AEA,EN,Towers with Radar,1024,0,8,0,1032,0,6,10,2,18,1024,6,18,2,1050,0,0,0,1050
12/06/2021,EWR,NJ,AEA,EN,Towers with Radar,1118,11,14,0,1143,0,6,20,0,26,1118,17,34,0,1169,0,0,0,1169
12/07/2021,EWR,NJ,AEA,EN,Towers with Radar,1196,29,6,0,1231,0,10,9,0,19,1196,39,15,0,1250,0,0,0,1250
12/08/2021,EWR,NJ,AEA,EN,Towers with Radar,1090,32,24,0,1146,0,20,6,3,29,1090,52,30,3,1175,0,0,0,1175
12/09/2021,EWR,NJ,AEA,EN,Towers with Radar,1229,38,12,0,1279,0,11,35,2,48,1229,49,47,2,1327,0,0,0,1327
12/10/2021,EWR,NJ,AEA,EN,Towers with Radar,1169,34,8,0,1211,0,28,25,6,59,1169,62,33,6,1270,0,0,0,1270
12/11/2021,EWR,NJ,AEA,EN,Towers with Radar,744,37,17,6,804,0,0,0,2,2,744,37,17,8,806,0,0,0,806
12/12/2021,EWR,NJ,AEA,EN,Towers with Radar,1009,10,14,0,1033,0,12,15,2,29,1009,22,29,2,1062,0,0,0,1062
12/13/2021,EWR,NJ,AEA,EN,Towers with Radar,1152,15,9,1,1177,0,0,25,3,28,1152,15,34,4,1205,0,0,0,1205
12/14/2021,EWR,NJ,AEA,EN,Towers with Radar,1185,34,8,0,1227,0,6,13,0,19,1185,40,21,0,1246,0,0,0,1246
12/15/2021,EWR,NJ,AEA,EN,Towers with Radar,1136,40,12,0,1188,0,4,16,1,21,1136,44,28,1,1209,0,0,0,1209
12/16/2021,EWR,NJ,AEA,EN,Towers with Radar,1194,31,16,0,1241,0,6,26,2,34,1194,37,42,2,1275,0,0,0,1275
12/17/2021,EWR,NJ,AEA,EN,Towers with Radar,1255,41,7,0,1303,0,2,38,0,40,1255,43,45,0,1343,0,0,0,1343
12/18/2021,EWR,NJ,AEA,EN,Towers with Radar,848,25,5,0,878,0,2,3,0,5,848,27,8,0,883,0,0,0,883
12/19/2021,EWR,NJ,AEA,EN,Towers with Radar,1035,7,5,0,1047,0,0,30,0,30,1035,7,35,0,1077,0,0,0,1077
12/20/2021,EWR,NJ,AEA,EN,Towers with Radar,1197,17,6,0,1220,0,0,33,1,34,1197,17,39,1,1254,0,0,0,1254
12/21/2021,EWR,NJ,AEA,EN,Towers with Radar,1273,29,11,0,1313,0,11,6,4,21,1273,40,17,4,1334,0,0,0,1334
12/22/2021,EWR,NJ,AEA,EN,Towers with Radar,1268,29,3,0,1300,0,8,7,4,19,1268,37,10,4,1319,0,0,0,1319
12/23/2021,EWR,NJ,AEA,EN,Towers with Radar,1246,32,4,1,1283,0,12,30,3,45,1246,44,34,4,1328,0,0,0,1328
12/24/2021,EWR,NJ,AEA,EN,Towers with Radar,964,25,3,0,992,0,6,5,0,11,964,31,8,0,1003,0,0,0,1003
12/25/2021,EWR,NJ,AEA,EN,Towers with Radar,820,3,3,0,826,0,0,0,0,0,820,3,3,0,826,0,0,0,826
12/26/2021,EWR,NJ,AEA,EN,Towers with Radar,1034,11,3,0,1048,0,0,23,0,23,1034,11,26,0,1071,0,0,0,1071
12/27/2021,EWR,NJ,AEA,EN,Towers with Radar,1044,8,16,0,1068,0,1,17,3,21,1044,9,33,3,1089,0,0,0,1089
12/28/2021,EWR,NJ,AEA,EN,Towers with Radar,1134,6,1,0,1141,0,1,10,0,11,1134,7,11,0,1152,0,0,0,1152
12/29/2021,EWR,NJ,AEA,EN,Towers with Radar,1116,17,5,2,1140,0,4,0,0,4,1116,21,5,2,1144,0,0,0,1144
12/30/2021,EWR,NJ,AEA,EN,Towers with Radar,1056,24,7,0,1087,0,0,5,0,5,1056,24,12,0,1092,0,0,0,1092
12/31/2021,EWR,NJ,AEA,EN,Towers with Radar,899,21,1,0,921,0,4,8,0,12,899,25,9,0,933,0,0,0,933
01/01/2022,EWR,NJ,AEA,EN,Towers with Radar,863,9,5,0,877,0,0,0,0,0,863,9,5,0,877,0,0,0,877
01/02/2022,EWR,NJ,AEA,EN,Towers with Radar,1039,11,17,0,1067,0,0,15,0,15,1039,11,32,0,1082,0,0,0,1082
01/03/2022,EWR,NJ,AEA,EN,Towers with Radar,1026,18,7,0,1051,1,6,5,1,13,1027,24,12,1,1064,0,0,0,1064
01/04/2022,EWR,NJ,AEA,EN,Towers with Radar,1055,35,3,0,1093,0,6,14,2,22,1055,41,17,2,1115,0,0,0,1115
01/05/2022,EWR,NJ,AEA,EN,Towers with Radar,964,25,12,0,1001,0,4,5,0,9,964,29,17,0,1010,0,0,0,1010
01/06/2022,EWR,NJ,AEA,EN,Towers with Radar,990,30,4,0,1024,0,4,15,1,20,990,34,19,1,1044,0,0,0,1044
01/07/2022,EWR,NJ,AEA,EN,Towers with Radar,851,19,6,0,876,0,0,4,0,4,851,19,10,0,880,0,0,0,880
01/08/2022,EWR,NJ,AEA,EN,Towers with Radar,657,6,5,0,668,0,0,11,0,11,657,6,16,0,679,0,0,0,679
01/09/2022,EWR,NJ,AEA,EN,Towers with Radar,866,3,13,0,882,0,0,0,0,0,866,3,13,0,882,0,0,0,882
01/10/2022,EWR,NJ,AEA,EN,Towers with Radar,1020,12,1,0,1033,0,2,19,0,21,1020,14,20,0,1054,0,0,0,1054
01/11/2022,EWR,NJ,AEA,EN,Towers with Radar,972,19,7,0,998,0,4,10,0,14,972,23,17,0,1012,0,0,0,1012
01/12/2022,EWR,NJ,AEA,EN,Towers with Radar,988,23,5,0,1016,0,5,12,2,19,988,28,17,2,1035,0,0,0,1035
01/13/2022,EWR,NJ,AEA,EN,Towers with Radar,1042,28,8,0,1078,0,4,17,2,23,1042,32,25,2,1101,0,0,0,1101
01/14/2022,EWR,NJ,AEA,EN,Towers with Radar,1025,21,11,0,1057,0,15,11,3,29,1025,36,22,3,1086,0,0,0,1086
01/15/2022,EWR,NJ,AEA,EN,Towers with Radar,714,7,2,0,723,0,2,0,2,4,714,9,2,2,727,0,0,0,727
01/16/2022,EWR,NJ,AEA,EN,Towers with Radar,784,2,6,0,792,1,0,7,0,8,785,2,13,0,800,0,0,0,800
01/17/2022,EWR,NJ,AEA,EN,Towers with Radar,943,5,3,0,951,0,2,13,0,15,943,7,16,0,966,0,0,0,966
01/18/2022,EWR,NJ,AEA,EN,Towers with Radar,1031,20,5,0,1056,0,6,16,1,23,1031,26,21,1,1079,0,0,0,1079
01/19/2022,EWR,NJ,AEA,EN,Towers with Radar,1014,29,3,0,1046,0,6,12,1,19,1014,35,15,1,1065,0,0,0,1065
01/20/2022,EWR,NJ,AEA,EN,Towers with Radar,1016,15,11,2,1044,0,0,9,3,12,1016,15,20,5,1056,0,0,0,1056
01/21/2022,EWR,NJ,AEA,EN,Towers with Radar,1069,27,6,0,1102,0,8,12,0,20,1069,35,18,0,1122,0,0,0,1122
01/22/2022,EWR,NJ,AEA,EN,Towers with Radar,706,4,3,0,713,0,1,6,0,7,706,5,9,0,720,0,0,0,720
01/23/2022,EWR,NJ,AEA,EN,Towers with Radar,910,10,6,0,926,0,0,4,4,8,910,10,10,4,934,0,0,0,934
01/24/2022,EWR,NJ,AEA,EN,Towers with Radar,1026,17,8,0,1051,0,0,17,0,17,1026,17,25,0,1068,0,0,0,1068
01/25/2022,EWR,NJ,AEA,EN,Towers with Radar,1025,30,4,0,1059,0,6,6,3,15,1025,36,10,3,1074,0,0,0,1074
01/26/2022,EWR,NJ,AEA,EN,Towers with Radar,1017,29,6,0,1052,0,4,21,1,26,1017,33,27,1,1078,0,0,0,1078
01/27/2022,EWR,NJ,AEA,EN,Towers with Radar,1109,34,10,0,1153,0,6,21,1,28,1109,40,31,1,1181,0,0,0,1181
01/28/2022,EWR,NJ,AEA,EN,Towers with Radar,955,25,6,0,986,0,4,6,1,11,955,29,12,1,997,0,0,0,997
01/29/2022,EWR,NJ,AEA,EN,Towers with Radar,47,6,3,0,56,0,0,0,0,0,47,6,3,0,56,0,0,0,56
01/30/2022,EWR,NJ,AEA,EN,Towers with Radar,867,11,9,1,888,0,8,1,0,9,867,19,10,1,897,0,0,0,897
01/31/2022,EWR,NJ,AEA,EN,Towers with Radar,1033,18,9,0,1060,0,0,15,1,16,1033,18,24,1,1076,0,0,0,1076
02/01/2022,EWR,NJ,AEA,EN,Towers with Radar,1067,39,3,0,1109,0,6,19,2,27,1067,45,22,2,1136,0,0,0,1136
02/02/2022,EWR,NJ,AEA,EN,Towers with Radar,970,27,4,0,1001,0,2,17,1,20,970,29,21,1,1021,0,0,0,1021
02/03/2022,EWR,NJ,AEA,EN,Towers with Radar,881,25,5,0,911,0,0,0,0,0,881,25,5,0,911,0,0,0,911
02/04/2022,EWR,NJ,AEA,EN,Towers with Radar,694,15,7,0,716,0,0,0,0,0,694,15,7,0,716,0,0,0,716
02/05/2022,EWR,NJ,AEA,EN,Towers with Radar,661,10,7,0,678,0,1,17,0,18,661,11,24,0,696,0,0,0,696
02/06/2022,EWR,NJ,AEA,EN,Towers with Radar,926,4,12,0,942,0,0,9,2,11,926,4,21,2,953,0,0,0,953
02/07/2022,EWR,NJ,AEA,EN,Towers with Radar,1040,4,12,0,1056,0,4,0,0,4,1040,8,12,0,1060,0,0,0,1060
02/08/2022,EWR,NJ,AEA,EN,Towers with Radar,1047,37,2,0,1086,0,6,17,0,23,1047,43,19,0,1109,0,0,0,1109
02/09/2022,EWR,NJ,AEA,EN,Towers with Radar,1056,38,1,0,1095,0,6,6,0,12,1056,44,7,0,1107,0,0,0,1107
02/10/2022,EWR,NJ,AEA,EN,Towers with Radar,1092,36,5,1,1134,0,4,25,0,29,1092,40,30,1,1163,0,0,0,1163
02/11/2022,EWR,NJ,AEA,EN,Towers with Radar,1083,28,5,3,1119,0,11,23,0,34,1083,39,28,3,1153,0,0,0,1153
02/12/2022,EWR,NJ,AEA,EN,Towers with Radar,720,3,4,0,727,0,0,19,0,19,720,3,23,0,746,0,0,0,746
02/13/2022,EWR,NJ,AEA,EN,Towers with Radar,920,10,6,0,936,0,0,0,0,0,920,10,6,0,936,0,0,0,936
02/14/2022,EWR,NJ,AEA,EN,Towers with Radar,1084,14,5,0,1103,0,3,12,0,15,1084,17,17,0,1118,0,0,0,1118
02/15/2022,EWR,NJ,AEA,EN,Towers with Radar,1070,38,18,0,1126,0,4,16,0,20,1070,42,34,0,1146,0,0,0,1146
02/16/2022,EWR,NJ,AEA,EN,Towers with Radar,1074,39,7,0,1120,0,5,13,0,18,1074,44,20,0,1138,0,0,0,1138
02/17/2022,EWR,NJ,AEA,EN,Towers with Radar,1078,28,11,0,1117,0,8,18,0,26,1078,36,29,0,1143,0,0,0,1143
02/18/2022,EWR,NJ,AEA,EN,Towers with Radar,1159,10,7,0,1176,0,0,17,0,17,1159,10,24,0,1193,0,0,0,1193
02/19/2022,EWR,NJ,AEA,EN,Towers with Radar,786,7,0,0,793,0,0,13,0,13,786,7,13,0,806,0,0,0,806
02/20/2022,EWR,NJ,AEA,EN,Towers with Radar,972,16,5,0,993,0,0,14,0,14,972,16,19,0,1007,0,0,0,1007
02/21/2022,EWR,NJ,AEA,EN,Towers with Radar,1095,19,13,0,1127,0,2,13,0,15,1095,21,26,0,1142,0,0,0,1142
02/22/2022,EWR,NJ,AEA,EN,Towers with Radar,1055,42,11,0,1108,0,0,4,0,4,1055,42,15,0,1112,0,0,0,1112
02/23/2022,EWR,NJ,AEA,EN,Towers with Radar,1124,32,3,0,1159,0,6,21,1,28,1124,38,24,1,1187,0,0,0,1187
02/24/2022,EWR,NJ,AEA,EN,Towers with Radar,1083,24,6,0,1113,0,10,18,1,29,1083,34,24,1,1142,0,0,0,1142
02/25/2022,EWR,NJ,AEA,EN,Towers with Radar,943,14,8,0,965,0,0,11,0,11,943,14,19,0,976,0,0,0,976
02/26/2022,EWR,NJ,AEA,EN,Towers with Radar,770,10,9,0,789,0,1,7,0,8,770,11,16,0,797,0,0,0,797
02/27/2022,EWR,NJ,AEA,EN,Towers with Radar,1000,12,9,0,1021,0,0,14,0,14,1000,12,23,0,1035,0,0,0,1035
02/28/2022,EWR,NJ,AEA,EN,Towers with Radar,1098,12,9,0,1119,0,1,21,0,22,1098,13,30,0,1141,0,0,0,1141
03/01/2022,EWR,NJ,AEA,EN,Towers with Radar,1107,32,10,0,1149,0,5,17,0,22,1107,37,27,0,1171,0,0,0,1171
03/02/2022,EWR,NJ,AEA,EN,Towers with Radar,1084,28,7,0,1119,0,4,15,0,19,1084,32,22,0,1138,0,0,0,1138
03/03/2022,EWR,NJ,AEA,EN,Towers with Radar,1135,36,13,0,1184,0,6,28,4,38,1135,42,41,4,1222,0,0,0,1222
03/04/2022,EWR,NJ,AEA,EN,Towers with Radar,1114,34,12,0,1160,0,5,19,1,25,1114,39,31,1,1185,0,0,0,1185
03/05/2022,EWR,NJ,AEA,EN,Towers with Radar,740,5,2,0,747,0,1,5,0,6,740,6,7,0,753,0,0,0,753
03/06/2022,EWR,NJ,AEA,EN,Towers with Radar,986,1,4,0,991,0,0,6,0,6,986,1,10,0,997,0,0,0,997
03/07/2022,EWR,NJ,AEA,EN,Towers with Radar,1041,10,7,0,1058,0,0,9,0,9,1041,10,16,0,1067,0,0,0,1067
03/08/2022,EWR,NJ,AEA,EN,Towers with Radar,1140,39,14,0,1193,0,6,13,4,23,1140,45,27,4,1216,0,0,0,1216
03/09/2022,EWR,NJ,AEA,EN,Towers with Radar,1000,26,15,0,1041,0,0,0,0,0,1000,26,15,0,1041,0,0,0,1041
03/10/2022,EWR,NJ,AEA,EN,Towers with Radar,1154,34,8,0,1196,0,4,28,0,32,1154,38,36,0,1228,0,0,0,1228
03/11/2022,EWR,NJ,AEA,EN,Towers with Radar,1130,30,11,0,1171,0,4,23,2,29,1130,34,34,2,1200,0,0,0,1200
03/12/2022,EWR,NJ,AEA,EN,Towers with Radar,696,14,9,0,719,0,0,0,0,0,696,14,9,0,719,0,0,0,719
03/13/2022,EWR,NJ,AEA,EN,Towers with Radar,978,8,17,0,1003,0,0,15,0,15,978,8,32,0,1018,0,0,0,1018
03/14/2022,EWR,NJ,AEA,EN,Towers with Radar,1102,14,8,0,1124,0,0,21,0,21,1102,14,29,0,1145,0,0,0,1145
03/15/2022,EWR,NJ,AEA,EN,Towers with Radar,1109,38,5,0,1152,0,4,19,0,23,1109,42,24,0,1175,0,0,0,1175
03/16/2022,EWR,NJ,AEA,EN,Towers with Radar,1085,40,5,2,1132,0,4,22,2,28,1085,44,27,4,1160,0,0,0,1160
03/17/2022,EWR,NJ,AEA,EN,Towers with Radar,1117,34,12,0,1163,0,0,0,0,0,1117,34,12,0,1163,0,0,0,1163
03/18/2022,EWR,NJ,AEA,EN,Towers with Radar,1133,35,9,0,1177,0,1,27,5,33,1133,36,36,5,1210,0,0,0,1210
03/19/2022,EWR,NJ,AEA,EN,Towers with Radar,750,13,7,0,770,0,0,1,2,3,750,13,8,2,773,0,0,0,773
03/20/2022,EWR,NJ,AEA,EN,Towers with Radar,1017,14,7,0,1038,0,0,14,0,14,1017,14,21,0,1052,0,0,0,1052
03/21/2022,EWR,NJ,AEA,EN,Towers with Radar,1090,18,11,0,1119,0,0,31,0,31,1090,18,42,0,1150,0,0,0,1150
03/22/2022,EWR,NJ,AEA,EN,Towers with Radar,1107,33,9,2,1151,0,4,9,2,15,1107,37,18,4,1166,0,0,0,1166
03/23/2022,EWR,NJ,AEA,EN,Towers with Radar,1085,29,7,2,1123,0,6,15,0,21,1085,35,22,2,1144,0,0,0,1144
03/24/2022,EWR,NJ,AEA,EN,Towers with Radar,1100,29,3,0,1132,0,0,0,0,0,1100,29,3,0,1132,0,0,0,1132
03/25/2022,EWR,NJ,AEA,EN,Towers with Radar,1157,30,18,0,1205,0,4,39,0,43,1157,34,57,0,1248,0,0,0,1248
03/26/2022,EWR,NJ,AEA,EN,Towers with Radar,772,19,9,0,800,0,1,12,0,13,772,20,21,0,813,0,0,0,813
03/27/2022,EWR,NJ,AEA,EN,Towers with Radar,1026,6,12,0,1044,0,0,11,0,11,1026,6,23,0,1055,0,0,0,1055
03/28/2022,EWR,NJ,AEA,EN,Towers with Radar,1172,17,16,0,1205,0,0,29,0,29,1172,17,45,0,1234,0,0,0,1234
03/29/2022,EWR,NJ,AEA,EN,Towers with Radar,1187,31,12,0,1230,0,6,6,0,12,1187,37,18,0,1242,0,0,0,1242
03/30/2022,EWR,NJ,AEA,EN,Towers with Radar,1162,34,11,0,1207,0,8,17,0,25,1162,42,28,0,1232,0,0,0,1232
03/31/2022,EWR,NJ,AEA,EN,Towers with Radar,961,32,10,0,1003,0,0,13,0,13,961,32,23,0,1016,0,0,0,1016
04/01/2022,EWR,NJ,AEA,EN,Towers with Radar,1215,35,8,0,1258,0,5,36,0,41,1215,40,44,0,1299,0,0,0,1299
04/02/2022,EWR,NJ,AEA,EN,Towers with Radar,771,8,9,0,788,0,0,20,4,24,771,8,29,4,812,0,0,0,812
04/03/2022,EWR,NJ,AEA,EN,Towers with Radar,1016,6,10,0,1032,0,0,0,0,0,1016,6,10,0,1032,0,0,0,1032
04/04/2022,EWR,NJ,AEA,EN,Towers with Radar,1137,15,11,0,1163,0,10,16,0,26,1137,25,27,0,1189,0,0,0,1189
04/05/2022,EWR,NJ,AEA,EN,Towers with Radar,1172,37,10,0,1219,0,4,25,0,29,1172,41,35,0,1248,0,0,0,1248
04/06/2022,EWR,NJ,AEA,EN,Towers with Radar,1159,37,8,0,1204,0,0,2,0,2,1159,37,10,0,1206,0,0,0,1206
04/07/2022,EWR,NJ,AEA,EN,Towers with Radar,949,37,16,0,1002,0,0,0,0,0,949,37,16,0,1002,0,0,0,1002
04/08/2022,EWR,NJ,AEA,EN,Towers with Radar,1189,38,18,0,1245,0,6,34,0,40,1189,44,52,0,1285,0,0,0,1285
04/09/2022,EWR,NJ,AEA,EN,Towers with Radar,819,5,2,0,826,0,0,17,0,17,819,5,19,0,843,0,0,0,843
04/10/2022,EWR,NJ,AEA,EN,Towers with Radar,955,14,9,0,978,0,0,18,0,18,955,14,27,0,996,0,0,0,996
04/11/2022,EWR,NJ,AEA,EN,Towers with Radar,1176,20,7,0,1203,0,0,15,0,15,1176,20,22,0,1218,0,0,0,1218
04/12/2022,EWR,NJ,AEA,EN,Towers with Radar,1205,38,9,0,1252,0,14,11,1,26,1205,52,20,1,1278,0,0,0,1278
04/13/2022,EWR,NJ,AEA,EN,Towers with Radar,1175,30,10,0,1215,0,4,20,1,25,1175,34,30,1,1240,0,0,0,1240
04/14/2022,EWR,NJ,AEA,EN,Towers with Radar,1083,38,6,0,1127,0,11,30,0,41,1083,49,36,0,1168,0,0,0,1168
04/15/2022,EWR,NJ,AEA,EN,Towers with Radar,1211,23,15,0,1249,0,4,29,0,33,1211,27,44,0,1282,0,0,0,1282
04/16/2022,EWR,NJ,AEA,EN,Towers with Radar,846,5,5,0,856,0,2,16,0,18,846,7,21,0,874,0,0,0,874
04/17/2022,EWR,NJ,AEA,EN,Towers with Radar,1045,4,9,0,1058,0,0,33,0,33,1045,4,42,0,1091,0,0,0,1091
04/18/2022,EWR,NJ,AEA,EN,Towers with Radar,1168,17,11,0,1196,0,2,26,0,28,1168,19,37,0,1224,0,0,0,1224
04/19/2022,EWR,NJ,AEA,EN,Towers with Radar,1187,28,7,0,1222,0,4,6,0,10,1187,32,13,0,1232,0,0,0,1232
04/20/2022,EWR,NJ,AEA,EN,Towers with Radar,1210,35,10,1,1256,0,4,23,0,27,1210,39,33,1,1283,0,0,0,1283
04/21/2022,EWR,NJ,AEA,EN,Towers with Radar,1230,38,12,1,1281,0,18,18,0,36,1230,56,30,1,1317,0,0,0,1317
04/22/2022,EWR,NJ,AEA,EN,Towers with Radar,1243,28,12,0,1283,0,9,23,8,40,1243,37,35,8,1323,0,0,0,1323
04/23/2022,EWR,NJ,AEA,EN,Towers with Radar,836,14,7,0,857,0,4,10,0,14,836,18,17,0,871,0,0,0,871
04/24/2022,EWR,NJ,AEA,EN,Towers with Radar,1076,23,19,0,1118,0,0,22,4,26,1076,23,41,4,1144,0,0,0,1144
04/25/2022,EWR,NJ,AEA,EN,Towers with Radar,1199,21,13,0,1233,0,3,22,0,25,1199,24,35,0,1258,0,0,0,1258
04/26/2022,EWR,NJ,AEA,EN,Towers with Radar,1205,33,8,0,1246,0,6,7,0,13,1205,39,15,0,1259,0,0,0,1259
04/27/2022,EWR,NJ,AEA,EN,Towers with Radar,1207,31,18,0,1256,0,18,10,5,33,1207,49,28,5,1289,0,0,0,1289
04/28/2022,EWR,NJ,AEA,EN,Towers with Radar,1233,34,10,0,1277,0,4,20,1,25,1233,38,30,1,1302,0,0,0,1302
04/29/2022,EWR,NJ,AEA,EN,Towers with Radar,1224,25,10,0,1259,0,4,50,0,54,1224,29,60,0,1313,0,0,0,1313
04/30/2022,EWR,NJ,AEA,EN,Towers with Radar,1083,14,6,0,1103,0,0,13,2,15,1083,14,19,2,1118,0,0,0,1118
05/01/2022,EWR,NJ,AEA,EN,Towers with Radar,1159,5,16,0,1180,0,0,18,7,25,1159,5,34,7,1205,0,0,0,1205
05/02/2022,EWR,NJ,AEA,EN,Towers with Radar,1219,27,10,0,1256,0,0,2,0,2,1219,27,12,0,1258,0,0,0,1258
05/03/2022,EWR,NJ,AEA,EN,Towers with Radar,1291,39,15,0,1345,0,14,19,0,33,1291,53,34,0,1378,0,0,0,1378
05/04/2022,EWR,NJ,AEA,EN,Towers with Radar,1243,38,14,0,1295,0,0,0,0,0,1243,38,14,0,1295,0,0,0,1295
05/05/2022,EWR,NJ,AEA,EN,Towers with Radar,1273,39,11,0,1323,0,23,21,0,44,1273,62,32,0,1367,0,0,0,1367
05/06/2022,EWR,NJ,AEA,EN,Towers with Radar,1160,28,10,0,1198,0,4,7,0,11,1160,32,17,0,1209,0,0,0,1209
05/07/2022,EWR,NJ,AEA,EN,Towers with Radar,1027,6,9,0,1042,0,0,0,0,0,1027,6,9,0,1042,0,0,0,1042
05/08/2022,EWR,NJ,AEA,EN,Towers with Radar,1126,8,8,1,1143,0,2,16,0,18,1126,10,24,1,1161,0,0,0,1161
05/09/2022,EWR,NJ,AEA,EN,Towers with Radar,1241,19,26,0,1286,0,2,25,0,27,1241,21,51,0,1313,0,0,0,1313
05/10/2022,EWR,NJ,AEA,EN,Towers with Radar,1248,41,15,0,1304,0,18,12,3,33,1248,59,27,3,1337,0,0,0,1337
05/11/2022,EWR,NJ,AEA,EN,Towers with Radar,1228,45,15,0,1288,0,6,24,1,31,1228,51,39,1,1319,0,0,0,1319
05/12/2022,EWR,NJ,AEA,EN,Towers with Radar,1253,37,10,0,1300,0,16,13,1,30,1253,53,23,1,1330,0,0,0,1330
05/13/2022,EWR,NJ,AEA,EN,Towers with Radar,1139,36,19,0,1194,0,0,8,0,8,1139,36,27,0,1202,0,0,0,1202
05/14/2022,EWR,NJ,AEA,EN,Towers with Radar,1045,20,3,1,1069,0,0,2,0,2,1045,20,5,1,1071,0,0,0,1071
05/15/2022,EWR,NJ,AEA,EN,Towers with Radar,1102,26,14,1,1143,0,0,25,2,27,1102,26,39,3,1170,0,0,0,1170
05/16/2022,EWR,NJ,AEA,EN,Towers with Radar,918,15,7,0,940,0,1,7,0,8,918,16,14,0,948,0,0,0,948
05/17/2022,EWR,NJ,AEA,EN,Towers with Radar,1214,26,17,1,1258,0,22,11,0,33,1214,48,28,1,1291,0,0,0,1291
05/18/2022,EWR,NJ,AEA,EN,Towers with Radar,1236,32,18,0,1286,0,7,27,0,34,1236,39,45,0,1320,0,0,0,1320
05/19/2022,EWR,NJ,AEA,EN,Towers with Radar,1220,36,23,0,1279,0,12,2,0,14,1220,48,25,0,1293,0,0,0,1293
05/20/2022,EWR,NJ,AEA,EN,Towers with Radar,978,32,18,0,1028,0,3,26,0,29,978,35,44,0,1057,0,0,0,1057
05/21/2022,EWR,NJ,AEA,EN,Towers with Radar,991,12,18,0,1021,0,4,22,4,30,991,16,40,4,1051,0,0,0,1051
05/22/2022,EWR,NJ,AEA,EN,Towers with Radar,936,16,10,0,962,0,0,22,0,22,936,16,32,0,984,0,0,0,984
05/23/2022,EWR,NJ,AEA,EN,Towers with Radar,1141,27,6,0,1174,0,0,17,6,23,1141,27,23,6,1197,0,0,0,1197
05/24/2022,EWR,NJ,AEA,EN,Towers with Radar,1252,46,12,0,1310,0,20,11,0,31,1252,66,23,0,1341,0,0,0,1341
05/25/2022,EWR,NJ,AEA,EN,Towers with Radar,1228,39,12,0,1279,0,4,26,0,30,1228,43,38,0,1309,0,0,0,1309
05/26/2022,EWR,NJ,AEA,EN,Towers with Radar,1250,38,16,0,1304,0,19,14,2,35,1250,57,30,2,1339,0,0,0,1339
05/27/2022,EWR,NJ,AEA,EN,Towers with Radar,1011,18,14,0,1043,0,0,9,1,10,1011,18,23,1,1053,0,0,0,1053
05/28/2022,EWR,NJ,AEA,EN,Towers with Radar,975,13,6,2,996,0,2,8,5,15,975,15,14,7,1011,0,0,0,1011
05/29/2022,EWR,NJ,AEA,EN,Towers with Radar,1048,5,2,0,1055,0,22,33,4,59,1048,27,35,4,1114,0,0,0,1114
05/30/2022,EWR,NJ,AEA,EN,Towers with Radar,1229,8,23,0,1260,0,16,13,0,29,1229,24,36,0,1289,0,0,0,1289
05/31/2022,EWR,NJ,AEA,EN,Towers with Radar,1183,16,17,0,1216,0,21,6,0,27,1183,37,23,0,1243,0,0,0,1243
06/01/2022,EWR,NJ,AEA,EN,Towers with Radar,932,27,23,0,982,0,4,13,0,17,932,31,36,0,999,0,0,0,999
06/02/2022,EWR,NJ,AEA,EN,Towers with Radar,976,40,10,0,1026,0,15,2,0,17,976,55,12,0,1043,0,0,0,1043
06/03/2022,EWR,NJ,AEA,EN,Towers with Radar,1211,22,14,0,1247,0,2,27,0,29,1211,24,41,0,1276,0,0,0,1276
06/04/2022,EWR,NJ,AEA,EN,Towers with Radar,1015,10,7,0,1032,0,2,21,6,29,1015,12,28,6,1061,0,0,0,1061
06/05/2022,EWR,NJ,AEA,EN,Towers with Radar,1131,15,11,0,1157,0,1,26,0,27,1131,16,37,0,1184,0,0,0,1184
06/06/2022,EWR,NJ,AEA,EN,Towers with Radar,1207,21,16,0,1244,0,2,21,1,24,1207,23,37,1,1268,0,0,0,1268
06/07/2022,EWR,NJ,AEA,EN,Towers with Radar,1228,38,12,0,1278,0,4,23,1,28,1228,42,35,1,1306,0,0,0,1306
06/08/2022,EWR,NJ,AEA,EN,Towers with Radar,1164,25,19,0,1208,0,6,15,0,21,1164,31,34,0,1229,0,0,0,1229
06/09/2022,EWR,NJ,AEA,EN,Towers with Radar,1213,40,12,0,1265,0,6,25,0,31,1213,46,37,0,1296,0,0,0,1296
06/10/2022,EWR,NJ,AEA,EN,Towers with Radar,1224,23,20,0,1267,0,10,41,0,51,1224,33,61,0,1318,0,0,0,1318
06/11/2022,EWR,NJ,AEA,EN,Towers with Radar,1066,10,10,0,1086,0,2,17,4,23,1066,12,27,4,1109,0,0,0,1109
06/12/2022,EWR,NJ,AEA,EN,Towers with Radar,925,8,8,0,941,0,10,6,0,16,925,18,14,0,957,0,0,0,957
06/13/2022,EWR,NJ,AEA,EN,Towers with Radar,1151,19,11,0,1181,0,6,26,0,32,1151,25,37,0,1213,0,0,0,1213
06/14/2022,EWR,NJ,AEA,EN,Towers with Radar,1169,38,15,0,1222,0,13,23,0,36,1169,51,38,0,1258,0,0,0,1258
06/15/2022,EWR,NJ,AEA,EN,Towers with Radar,1174,35,9,0,1218,0,6,22,0,28,1174,41,31,0,1246,0,0,0,1246
06/16/2022,EWR,NJ,AEA,EN,Towers with Radar,769,32,13,0,814,0,15,12,0,27,769,47,25,0,841,0,0,0,841
06/17/2022,EWR,NJ,AEA,EN,Towers with Radar,1111,31,17,0,1159,0,6,45,0,51,1111,37,62,0,1210,0,0,0,1210
06/18/2022,EWR,NJ,AEA,EN,Towers with Radar,1052,12,17,0,1081,0,2,21,0,23,1052,14,38,0,1104,0,0,0,1104
06/19/2022,EWR,NJ,AEA,EN,Towers with Radar,1042,23,17,0,1082,0,6,24,2,32,1042,29,41,2,1114,0,0,0,1114
06/20/2022,EWR,NJ,AEA,EN,Towers with Radar,1144,22,13,0,1179,0,0,34,0,34,1144,22,47,0,1213,0,0,0,1213
06/21/2022,EWR,NJ,AEA,EN,Towers with Radar,1169,28,19,0,1216,0,18,14,0,32,1169,46,33,0,1248,0,0,0,1248
06/22/2022,EWR,NJ,AEA,EN,Towers with Radar,922,28,23,0,973,0,4,8,0,12,922,32,31,0,985,0,0,0,985
06/23/2022,EWR,NJ,AEA,EN,Towers with Radar,1173,41,24,0,1238,0,22,11,0,33,1173,63,35,0,1271,0,0,0,1271
06/24/2022,EWR,NJ,AEA,EN,Towers with Radar,1137,32,16,0,1185,0,0,42,2,44,1137,32,58,2,1229,0,0,0,1229
06/25/2022,EWR,NJ,AEA,EN,Towers with Radar,1005,20,13,0,1038,0,4,24,2,30,1005,24,37,2,1068,0,0,0,1068
06/26/2022,EWR,NJ,AEA,EN,Towers with Radar,1057,14,16,0,1087,0,2,28,0,30,1057,16,44,0,1117,0,0,0,1117
06/27/2022,EWR,NJ,AEA,EN,Towers with Radar,1032,29,15,0,1076,0,4,19,0,23,1032,33,34,0,1099,0,0,0,1099
06/28/2022,EWR,NJ,AEA,EN,Towers with Radar,1125,38,10,0,1173,0,13,19,2,34,1125,51,29,2,1207,0,0,0,1207
06/29/2022,EWR,NJ,AEA,EN,Towers with Radar,1113,26,17,0,1156,0,10,38,2,50,1113,36,55,2,1206,0,0,0,1206
06/30/2022,EWR,NJ,AEA,EN,Towers with Radar,1175,34,12,0,1221,0,15,19,1,35,1175,49,31,1,1256,0,0,0,1256
07/01/2022,EWR,NJ,AEA,EN,Towers with Radar,1061,37,23,0,1121,0,10,25,5,40,1061,47,48,5,1161,0,0,0,1161
07/02/2022,EWR,NJ,AEA,EN,Towers with Radar,955,11,13,0,979,0,2,6,2,10,955,13,19,2,989,0,0,0,989
07/03/2022,EWR,NJ,AEA,EN,Towers with Radar,1035,11,9,0,1055,0,2,26,0,28,1035,13,35,0,1083,0,0,0,1083
07/04/2022,EWR,NJ,AEA,EN,Towers with Radar,1057,3,8,0,1068,0,1,37,0,38,1057,4,45,0,1106,0,0,0,1106
07/05/2022,EWR,NJ,AEA,EN,Towers with Radar,1041,16,10,0,1067,0,12,24,0,36,1041,28,34,0,1103,0,0,0,1103
07/06/2022,EWR,NJ,AEA,EN,Towers with Radar,1128,32,5,0,1165,0,10,21,0,31,1128,42,26,0,1196,0,0,0,1196
07/07/2022,EWR,NJ,AEA,EN,Towers with Radar,1129,29,8,0,1166,0,12,27,1,40,1129,41,35,1,1206,0,0,0,1206
07/08/2022,EWR,NJ,AEA,EN,Towers with Radar,1110,36,18,0,1164,0,6,33,2,41,1110,42,51,2,1205,0,0,0,1205
07/09/2022,EWR,NJ,AEA,EN,Towers with Radar,992,50,32,0,1074,0,0,12,2,14,992,50,44,2,1088,0,0,0,1088
07/10/2022,EWR,NJ,AEA,EN,Towers with Radar,1077,40,25,0,1142,0,0,28,2,30,1077,40,53,2,1172,0,0,0,1172
07/11/2022,EWR,NJ,AEA,EN,Towers with Radar,1097,22,8,0,1127,1,7,30,2,40,1098,29,38,2,1167,0,0,0,1167
07/12/2022,EWR,NJ,AEA,EN,Towers with Radar,1045,26,11,0,1082,0,6,20,0,26,1045,32,31,0,1108,0,0,0,1108
07/13/2022,EWR,NJ,AEA,EN,Towers with Radar,1128,39,11,0,1178,0,24,21,0,45,1128,63,32,0,1223,0,0,0,1223
07/14/2022,EWR,NJ,AEA,EN,Towers with Radar,1142,34,11,0,1187,0,4,31,1,36,1142,38,42,1,1223,0,0,0,1223
07/15/2022,EWR,NJ,AEA,EN,Towers with Radar,1135,35,20,0,1190,0,10,36,3,49,1135,45,56,3,1239,0,0,0,1239
07/16/2022,EWR,NJ,AEA,EN,Towers with Radar,977,28,23,0,1028,0,1,21,0,22,977,29,44,0,1050,0,0,0,1050
07/17/2022,EWR,NJ,AEA,EN,Towers with Radar,1080,23,27,0,1130,0,2,21,2,25,1080,25,48,2,1155,0,0,0,1155
07/18/2022,EWR,NJ,AEA,EN,Towers with Radar,799,11,15,0,825,0,0,11,1,12,799,11,26,1,837,0,0,0,837
07/19/2022,EWR,NJ,AEA,EN,Towers with Radar,1162,41,15,0,1218,0,5,40,0,45,1162,46,55,0,1263,0,0,0,1263
07/20/2022,EWR,NJ,AEA,EN,Towers with Radar,1109,38,21,0,1168,0,4,40,2,46,1109,42,61,2,1214,0,0,0,1214
07/21/2022,EWR,NJ,AEA,EN,Towers with Radar,1117,34,9,0,1160,0,6,45,0,51,1117,40,54,0,1211,0,0,0,1211
07/22/2022,EWR,NJ,AEA,EN,Towers with Radar,1133,30,19,0,1182,0,12,19,0,31,1133,42,38,0,1213,0,0,0,1213
07/23/2022,EWR,NJ,AEA,EN,Towers with Radar,972,35,21,0,1028,0,2,16,0,18,972,37,37,0,1046,0,0,0,1046
07/24/2022,EWR,NJ,AEA,EN,Towers with Radar,1040,20,11,0,1071,0,4,32,0,36,1040,24,43,0,1107,0,0,0,1107
07/25/2022,EWR,NJ,AEA,EN,Towers with Radar,957,17,10,0,984,0,0,25,0,25,957,17,35,0,1009,0,0,0,1009
07/26/2022,EWR,NJ,AEA,EN,Towers with Radar,1099,35,3,0,1137,0,5,29,2,36,1099,40,32,2,1173,0,0,0,1173
07/27/2022,EWR,NJ,AEA,EN,Towers with Radar,1101,46,5,0,1152,1,4,35,0,40,1102,50,40,0,1192,0,0,0,1192
07/28/2022,EWR,NJ,AEA,EN,Towers with Radar,1036,40,10,0,1086,0,9,43,3,55,1036,49,53,3,1141,0,0,0,1141
07/29/2022,EWR,NJ,AEA,EN,Towers with Radar,1129,39,17,0,1185,0,5,50,0,55,1129,44,67,0,1240,0,0,0,1240
07/30/2022,EWR,NJ,AEA,EN,Towers with Radar,990,30,16,0,1036,0,2,22,2,26,990,32,38,2,1062,0,0,0,1062
07/31/2022,EWR,NJ,AEA,EN,Towers with Radar,1057,31,10,0,1098,0,2,27,0,29,1057,33,37,0,1127,0,0,0,1127
08/01/2022,EWR,NJ,AEA,EN,Towers with Radar,1123,27,8,0,1158,0,0,21,0,21,1123,27,29,0,1179,0,0,0,1179
08/02/2022,EWR,NJ,AEA,EN,Towers with Radar,1158,38,7,0,1203,0,5,51,4,60,1158,43,58,4,1263,0,0,0,1263
08/03/2022,EWR,NJ,AEA,EN,Towers with Radar,1122,41,6,0,1169,0,5,21,0,26,1122,46,27,0,1195,0,0,0,1195
08/04/2022,EWR,NJ,AEA,EN,Towers with Radar,919,27,7,0,953,0,7,41,1,49,919,34,48,1,1002,0,0,0,1002
08/05/2022,EWR,NJ,AEA,EN,Towers with Radar,902,43,11,0,956,0,4,31,0,35,902,47,42,0,991,0,0,0,991
08/06/2022,EWR,NJ,AEA,EN,Towers with Radar,881,32,24,0,937,0,5,30,0,35,881,37,54,0,972,0,0,0,972
08/07/2022,EWR,NJ,AEA,EN,Towers with Radar,935,11,13,0,959,0,0,22,0,22,935,11,35,0,981,0,0,0,981
08/08/2022,EWR,NJ,AEA,EN,Towers with Radar,1023,25,7,0,1055,0,2,38,0,40,1023,27,45,0,1095,0,0,0,1095
08/09/2022,EWR,NJ,AEA,EN,Towers with Radar,1026,29,7,0,1062,0,6,22,0,28,1026,35,29,0,1090,0,0,0,1090
08/10/2022,EWR,NJ,AEA,EN,Towers with Radar,1082,39,9,0,1130,0,6,28,0,34,1082,45,37,0,1164,0,0,0,1164
08/11/2022,EWR,NJ,AEA,EN,Towers with Radar,1125,38,15,0,1178,0,6,36,0,42,1125,44,51,0,1220,0,0,0,1220
08/12/2022,EWR,NJ,AEA,EN,Towers with Radar,1145,36,20,0,1201,0,4,29,0,33,1145,40,49,0,1234,0,0,0,1234
08/13/2022,EWR,NJ,AEA,EN,Towers with Radar,1003,31,33,0,1067,0,2,18,2,22,1003,33,51,2,1089,0,0,0,1089
08/14/2022,EWR,NJ,AEA,EN,Towers with Radar,1085,18,16,0,1119,0,1,40,0,41,1085,19,56,0,1160,0,0,0,1160
08/15/2022,EWR,NJ,AEA,EN,Towers with Radar,1117,24,17,0,1158,0,2,41,0,43,1117,26,58,0,1201,0,0,0,1201
08/16/2022,EWR,NJ,AEA,EN,Towers with Radar,1162,36,13,0,1211,0,4,41,0,45,1162,40,54,0,1256,0,0,0,1256
08/17/2022,EWR,NJ,AEA,EN,Towers with Radar,1105,32,11,0,1148,0,4,45,0,49,1105,36,56,0,1197,0,0,0,1197
08/18/2022,EWR,NJ,AEA,EN,Towers with Radar,1155,29,17,1,1202,0,4,50,2,56,1155,33,67,3,1258,0,0,0,1258
08/19/2022,EWR,NJ,AEA,EN,Towers with Radar,1141,28,8,1,1178,0,6,38,0,44,1141,34,46,1,1222,0,0,0,1222
08/20/2022,EWR,NJ,AEA,EN,Towers with Radar,1010,25,26,0,1061,0,3,30,0,33,1010,28,56,0,1094,0,0,0,1094
08/21/2022,EWR,NJ,AEA,EN,Towers with Radar,1062,20,16,0,1098,0,4,49,1,54,1062,24,65,1,1152,0,0,0,1152
08/22/2022,EWR,NJ,AEA,EN,Towers with Radar,721,12,6,0,739,1,4,5,0,10,722,16,11,0,749,0,0,0,749
08/23/2022,EWR,NJ,AEA,EN,Towers with Radar,1046,33,14,0,1093,0,0,36,0,36,1046,33,50,0,1129,0,0,0,1129
08/24/2022,EWR,NJ,AEA,EN,Towers with Radar,1139,35,10,0,1184,0,4,25,0,29,1139,39,35,0,1213,0,0,0,1213
08/25/2022,EWR,NJ,AEA,EN,Towers with Radar,1175,41,6,0,1222,0,20,23,2,45,1175,61,29,2,1267,0,0,0,1267
08/26/2022,EWR,NJ,AEA,EN,Towers with Radar,998,41,21,0,1060,1,4,36,0,41,999,45,57,0,1101,0,0,0,1101
08/27/2022,EWR,NJ,AEA,EN,Towers with Radar,986,46,20,0,1052,0,1,25,0,26,986,47,45,0,1078,0,0,0,1078
08/28/2022,EWR,NJ,AEA,EN,Towers with Radar,1084,23,16,0,1123,0,10,29,0,39,1084,33,45,0,1162,0,0,0,1162
08/29/2022,EWR,NJ,AEA,EN,Towers with Radar,1084,18,12,0,1114,0,18,17,0,35,1084,36,29,0,1149,0,0,0,1149
08/30/2022,EWR,NJ,AEA,EN,Towers with Radar,923,32,8,0,963,0,4,18,0,22,923,36,26,0,985,0,0,0,985
08/31/2022,EWR,NJ,AEA,EN,Towers with Radar,1155,38,13,0,1206,0,15,22,0,37,1155,53,35,0,1243,0,0,0,1243
09/01/2022,EWR,NJ,AEA,EN,Towers with Radar,1167,37,14,0,1218,0,23,23,0,46,1167,60,37,0,1264,0,0,0,1264
09/02/2022,EWR,NJ,AEA,EN,Towers with Radar,1141,33,4,0,1178,0,26,27,2,55,1141,59,31,2,1233,0,0,0,1233
09/03/2022,EWR,NJ,AEA,EN,Towers with Radar,981,5,4,0,990,0,1,25,0,26,981,6,29,0,1016,0,0,0,1016
09/04/2022,EWR,NJ,AEA,EN,Towers with Radar,1009,7,10,0,1026,0,5,14,0,19,1009,12,24,0,1045,0,0,0,1045
09/05/2022,EWR,NJ,AEA,EN,Towers with Radar,1090,9,14,0,1113,0,2,31,0,33,1090,11,45,0,1146,0,0,0,1146
09/06/2022,EWR,NJ,AEA,EN,Towers with Radar,1123,17,14,0,1154,0,4,0,0,4,1123,21,14,0,1158,0,0,0,1158
09/07/2022,EWR,NJ,AEA,EN,Towers with Radar,1104,43,23,0,1170,0,4,24,0,28,1104,47,47,0,1198,0,0,0,1198
09/08/2022,EWR,NJ,AEA,EN,Towers with Radar,1116,49,15,0,1180,0,5,56,0,61,1116,54,71,0,1241,0,0,0,1241
09/09/2022,EWR,NJ,AEA,EN,Towers with Radar,1113,36,15,0,1164,0,11,51,0,62,1113,47,66,0,1226,0,0,0,1226
09/10/2022,EWR,NJ,AEA,EN,Towers with Radar,954,17,4,0,975,0,15,28,0,43,954,32,32,0,1018,0,0,0,1018
09/11/2022,EWR,NJ,AEA,EN,Towers with Radar,1041,27,21,0,1089,0,11,19,2,32,1041,38,40,2,1121,0,0,0,1121
09/12/2022,EWR,NJ,AEA,EN,Towers with Radar,1051,29,16,0,1096,0,0,32,0,32,1051,29,48,0,1128,0,0,0,1128
09/13/2022,EWR,NJ,AEA,EN,Towers with Radar,1140,40,18,0,1198,0,6,28,0,34,1140,46,46,0,1232,0,0,0,1232
09/14/2022,EWR,NJ,AEA,EN,Towers with Radar,1104,45,18,2,1169,0,6,44,3,53,1104,51,62,5,1222,0,0,0,1222
09/15/2022,EWR,NJ,AEA,EN,Towers with Radar,1146,28,13,1,1188,0,8,49,0,57,1146,36,62,1,1245,0,0,0,1245
09/16/2022,EWR,NJ,AEA,EN,Towers with Radar,913,25,8,0,946,0,6,51,0,57,913,31,59,0,1003,0,0,0,1003
09/17/2022,EWR,NJ,AEA,EN,Towers with Radar,776,8,17,0,801,0,4,29,1,34,776,12,46,1,835,0,0,0,835
09/18/2022,EWR,NJ,AEA,EN,Towers with Radar,836,14,15,4,869,0,2,53,3,58,836,16,68,7,927,0,0,0,927
09/19/2022,EWR,NJ,AEA,EN,Towers with Radar,840,11,17,1,869,0,1,37,0,38,840,12,54,1,907,0,0,0,907
09/20/2022,EWR,NJ,AEA,EN,Towers with Radar,882,33,13,1,929,0,4,35,0,39,882,37,48,1,968,0,0,0,968
09/21/2022,EWR,NJ,AEA,EN,Towers with Radar,854,22,6,0,882,0,4,1,0,5,854,26,7,0,887,0,0,0,887
09/22/2022,EWR,NJ,AEA,EN,Towers with Radar,825,25,4,1,855,0,2,1,0,3,825,27,5,1,858,0,0,0,858
09/23/2022,EWR,NJ,AEA,EN,Towers with Radar,913,44,18,0,975,0,5,46,3,54,913,49,64,3,1029,0,0,0,1029
09/24/2022,EWR,NJ,AEA,EN,Towers with Radar,804,18,13,0,835,0,0,39,0,39,804,18,52,0,874,0,0,0,874
09/25/2022,EWR,NJ,AEA,EN,Towers with Radar,827,13,11,0,851,0,0,24,0,24,827,13,35,0,875,0,0,0,875
09/26/2022,EWR,NJ,AEA,EN,Towers with Radar,1100,20,6,0,1126,0,0,39,0,39,1100,20,45,0,1165,0,0,0,1165
09/27/2022,EWR,NJ,AEA,EN,Towers with Radar,1118,31,10,0,1159,0,6,37,1,44,1118,37,47,1,1203,0,0,0,1203
09/28/2022,EWR,NJ,AEA,EN,Towers with Radar,1029,36,10,0,1075,0,6,36,4,46,1029,42,46,4,1121,0,0,0,1121
09/29/2022,EWR,NJ,AEA,EN,Towers with Radar,1063,33,14,0,1110,0,4,37,0,41,1063,37,51,0,1151,0,0,0,1151
09/30/2022,EWR,NJ,AEA,EN,Towers with Radar,1059,28,14,0,1101,0,4,40,0,44,1059,32,54,0,1145,0,0,0,1145
10/01/2022,EWR,NJ,AEA,EN,Towers with Radar,954,13,15,0,982,0,0,1,0,1,954,13,16,0,983,0,0,0,983
10/02/2022,EWR,NJ,AEA,EN,Towers with Radar,1034,17,17,0,1068,0,0,4,0,4,1034,17,21,0,1072,0,0,0,1072
10/03/2022,EWR,NJ,AEA,EN,Towers with Radar,1093,28,7,0,1128,0,0,21,0,21,1093,28,28,0,1149,0,0,0,1149
10/04/2022,EWR,NJ,AEA,EN,Towers with Radar,1005,27,9,0,1041,0,4,0,0,4,1005,31,9,0,1045,0,0,0,1045
10/05/2022,EWR,NJ,AEA,EN,Towers with Radar,1126,33,14,0,1173,0,2,6,0,8,1126,35,20,0,1181,0,0,0,1181
10/06/2022,EWR,NJ,AEA,EN,Towers with Radar,1138,41,9,0,1188,0,6,34,0,40,1138,47,43,0,1228,0,0,0,1228
10/07/2022,EWR,NJ,AEA,EN,Towers with Radar,1102,35,11,0,1148,0,6,49,0,55,1102,41,60,0,1203,0,0,0,1203
10/08/2022,EWR,NJ,AEA,EN,Towers with Radar,981,10,26,0,1017,0,1,25,0,26,981,11,51,0,1043,0,0,0,1043
10/09/2022,EWR,NJ,AEA,EN,Towers with Radar,1038,26,48,1,1113,0,2,41,0,43,1038,28,89,1,1156,0,0,0,1156
10/10/2022,EWR,NJ,AEA,EN,Towers with Radar,1098,20,9,0,1127,0,2,37,0,39,1098,22,46,0,1166,0,0,0,1166
10/11/2022,EWR,NJ,AEA,EN,Towers with Radar,1104,46,12,0,1162,0,7,45,0,52,1104,53,57,0,1214,0,0,0,1214
10/12/2022,EWR,NJ,AEA,EN,Towers with Radar,1093,31,6,4,1134,0,4,28,0,32,1093,35,34,4,1166,0,0,0,1166
10/13/2022,EWR,NJ,AEA,EN,Towers with Radar,1071,36,13,0,1120,0,4,14,0,18,1071,40,27,0,1138,0,0,0,1138
10/14/2022,EWR,NJ,AEA,EN,Towers with Radar,1125,35,9,0,1169,0,9,39,0,48,1125,44,48,0,1217,0,0,0,1217
10/15/2022,EWR,NJ,AEA,EN,Towers with Radar,978,19,9,0,1006,0,0,22,0,22,978,19,31,0,1028,0,0,0,1028
10/16/2022,EWR,NJ,AEA,EN,Towers with Radar,1054,36,17,0,1107,0,1,37,0,38,1054,37,54,0,1145,0,0,0,1145
10/17/2022,EWR,NJ,AEA,EN,Towers with Radar,1083,19,7,0,1109,0,0,40,0,40,1083,19,47,0,1149,0,0,0,1149
10/18/2022,EWR,NJ,AEA,EN,Towers with Radar,1106,37,10,0,1153,0,6,33,0,39,1106,43,43,0,1192,0,0,0,1192
10/19/2022,EWR,NJ,AEA,EN,Towers with Radar,1094,38,17,0,1149,0,4,36,0,40,1094,42,53,0,1189,0,0,0,1189
10/20/2022,EWR,NJ,AEA,EN,Towers with Radar,1126,36,15,0,1177,1,4,44,0,49,1127,40,59,0,1226,0,0,0,1226
10/21/2022,EWR,NJ,AEA,EN,Towers with Radar,1111,34,7,0,1152,0,4,52,0,56,1111,38,59,0,1208,0,0,0,1208
10/22/2022,EWR,NJ,AEA,EN,Towers with Radar,971,17,22,0,1010,0,2,33,0,35,971,19,55,0,1045,0,0,0,1045
10/23/2022,EWR,NJ,AEA,EN,Towers with Radar,1057,15,21,0,1093,0,0,28,0,28,1057,15,49,0,1121,0,0,0,1121
10/24/2022,EWR,NJ,AEA,EN,Towers with Radar,1095,14,21,0,1130,0,0,0,0,0,1095,14,21,0,1130,0,0,0,1130
10/25/2022,EWR,NJ,AEA,EN,Towers with Radar,1095,34,16,0,1145,0,0,0,0,0,1095,34,16,0,1145,0,0,0,1145
10/26/2022,EWR,NJ,AEA,EN,Towers with Radar,1091,39,23,0,1153,0,0,19,0,19,1091,39,42,0,1172,0,0,0,1172
10/27/2022,EWR,NJ,AEA,EN,Towers with Radar,1124,32,10,0,1166,0,6,54,4,64,1124,38,64,4,1230,0,0,0,1230
10/28/2022,EWR,NJ,AEA,EN,Towers with Radar,1097,29,14,0,1140,0,4,56,0,60,1097,33,70,0,1200,0,0,0,1200
10/29/2022,EWR,NJ,AEA,EN,Towers with Radar,979,4,5,0,988,0,1,37,0,38,979,5,42,0,1026,0,0,0,1026
10/30/2022,EWR,NJ,AEA,EN,Towers with Radar,1094,13,9,0,1116,0,0,33,0,33,1094,13,42,0,1149,0,0,0,1149
10/31/2022,EWR,NJ,AEA,EN,Towers with Radar,1092,16,17,0,1125,0,4,21,0,25,1092,20,38,0,1150,0,0,0,1150
11/01/2022,EWR,NJ,AEA,EN,Towers with Radar,1135,35,11,0,1181,0,2,27,2,31,1135,37,38,2,1212,0,0,0,1212
11/02/2022,EWR,NJ,AEA,EN,Towers with Radar,1117,46,12,0,1175,0,4,39,0,43,1117,50,51,0,1218,0,0,0,1218
11/03/2022,EWR,NJ,AEA,EN,Towers with Radar,1155,47,15,0,1217,0,4,50,1,55,1155,51,65,1,1272,0,0,0,1272
11/04/2022,EWR,NJ,AEA,EN,Towers with Radar,1136,37,6,0,1179,0,1,52,0,53,1136,38,58,0,1232,0,0,0,1232
11/05/2022,EWR,NJ,AEA,EN,Towers with Radar,946,16,6,0,968,0,4,34,2,40,946,20,40,2,1008,0,0,0,1008
11/06/2022,EWR,NJ,AEA,EN,Towers with Radar,1122,16,13,0,1151,1,0,28,0,29,1123,16,41,0,1180,0,0,0,1180
11/07/2022,EWR,NJ,AEA,EN,Towers with Radar,1095,21,6,0,1122,0,3,41,0,44,1095,24,47,0,1166,0,0,0,1166
11/08/2022,EWR,NJ,AEA,EN,Towers with Radar,1128,45,13,1,1187,0,4,24,0,28,1128,49,37,1,1215,0,0,0,1215
11/09/2022,EWR,NJ,AEA,EN,Towers with Radar,1076,43,14,1,1134,0,4,31,0,35,1076,47,45,1,1169,0,0,0,1169
11/10/2022,EWR,NJ,AEA,EN,Towers with Radar,1108,39,13,0,1160,0,4,50,2,56,1108,43,63,2,1216,0,0,0,1216
11/11/2022,EWR,NJ,AEA,EN,Towers with Radar,1049,31,18,0,1098,0,4,8,0,12,1049,35,26,0,1110,0,0,0,1110
11/12/2022,EWR,NJ,AEA,EN,Towers with Radar,969,9,11,0,989,0,2,20,0,22,969,11,31,0,1011,0,0,0,1011
11/13/2022,EWR,NJ,AEA,EN,Towers with Radar,1103,20,20,0,1143,0,0,25,0,25,1103,20,45,0,1168,0,0,0,1168
11/14/2022,EWR,NJ,AEA,EN,Towers with Radar,1119,19,11,0,1149,0,4,39,2,45,1119,23,50,2,1194,0,0,0,1194
11/15/2022,EWR,NJ,AEA,EN,Towers with Radar,1132,37,19,0,1188,0,2,22,1,25,1132,39,41,1,1213,0,0,0,1213
11/16/2022,EWR,NJ,AEA,EN,Towers with Radar,1114,44,21,0,1179,0,0,22,0,22,1114,44,43,0,1201,0,0,0,1201
11/17/2022,EWR,NJ,AEA,EN,Towers with Radar,1150,39,10,0,1199,0,6,47,0,53,1150,45,57,0,1252,0,0,0,1252
11/18/2022,EWR,NJ,AEA,EN,Towers with Radar,1128,36,9,0,1173,0,4,50,0,54,1128,40,59,0,1227,0,0,0,1227
11/19/2022,EWR,NJ,AEA,EN,Towers with Radar,972,14,13,0,999,0,2,17,2,21,972,16,30,2,1020,0,0,0,1020
11/20/2022,EWR,NJ,AEA,EN,Towers with Radar,1117,17,14,0,1148,0,0,28,0,28,1117,17,42,0,1176,0,0,0,1176
11/21/2022,EWR,NJ,AEA,EN,Towers with Radar,1130,24,9,0,1163,0,4,28,0,32,1130,28,37,0,1195,0,0,0,1195
11/22/2022,EWR,NJ,AEA,EN,Towers with Radar,1163,41,22,0,1226,0,8,26,0,34,1163,49,48,0,1260,0,0,0,1260
11/23/2022,EWR,NJ,AEA,EN,Towers with Radar,1174,32,5,0,1211,0,6,40,0,46,1174,38,45,0,1257,0,0,0,1257
11/24/2022,EWR,NJ,AEA,EN,Towers with Radar,760,7,1,0,768,0,3,22,0,25,760,10,23,0,793,0,0,0,793
11/25/2022,EWR,NJ,AEA,EN,Towers with Radar,982,13,7,0,1002,0,6,17,0,23,982,19,24,0,1025,0,0,0,1025
11/26/2022,EWR,NJ,AEA,EN,Towers with Radar,1037,9,5,0,1051,0,4,29,0,33,1037,13,34,0,1084,0,0,0,1084
11/27/2022,EWR,NJ,AEA,EN,Towers with Radar,1089,20,16,0,1125,0,0,4,0,4,1089,20,20,0,1129,0,0,0,1129
11/28/2022,EWR,NJ,AEA,EN,Towers with Radar,1179,22,13,0,1214,0,0,34,0,34,1179,22,47,0,1248,0,0,0,1248
11/29/2022,EWR,NJ,AEA,EN,Towers with Radar,1133,35,11,0,1179,0,4,35,0,39,1133,39,46,0,1218,0,0,0,1218
11/30/2022,EWR,NJ,AEA,EN,Towers with Radar,1035,35,11,0,1081,0,4,7,0,11,1035,39,18,0,1092,0,0,0,1092
12/01/2022,EWR,NJ,AEA,EN,Towers with Radar,1181,43,14,0,1238,0,5,47,0,52,1181,48,61,0,1290,0,0,0,1290
12/02/2022,EWR,NJ,AEA,EN,Towers with Radar,1123,43,12,0,1178,0,8,53,0,61,1123,51,65,0,1239,0,0,0,1239
12/03/2022,EWR,NJ,AEA,EN,Towers with Radar,968,16,6,0,990,0,0,1,0,1,968,16,7,0,991,0,0,0,991
12/04/2022,EWR,NJ,AEA,EN,Towers with Radar,1109,20,8,0,1137,0,0,37,0,37,1109,20,45,0,1174,0,0,0,1174
12/05/2022,EWR,NJ,AEA,EN,Towers with Radar,1121,25,11,0,1157,0,0,52,0,52,1121,25,63,0,1209,0,0,0,1209
12/06/2022,EWR,NJ,AEA,EN,Towers with Radar,1140,42,21,0,1203,0,4,14,0,18,1140,46,35,0,1221,0,0,0,1221
12/07/2022,EWR,NJ,AEA,EN,Towers with Radar,1125,46,12,0,1183,0,0,0,0,0,1125,46,12,0,1183,0,0,0,1183
12/08/2022,EWR,NJ,AEA,EN,Towers with Radar,1156,51,18,0,1225,0,4,45,0,49,1156,55,63,0,1274,0,0,0,1274
12/09/2022,EWR,NJ,AEA,EN,Towers with Radar,1126,30,14,0,1170,0,6,48,0,54,1126,36,62,0,1224,0,0,0,1224
12/10/2022,EWR,NJ,AEA,EN,Towers with Radar,967,16,16,2,1001,0,0,25,0,25,967,16,41,2,1026,0,0,0,1026
12/11/2022,EWR,NJ,AEA,EN,Towers with Radar,1064,6,12,0,1082,0,0,2,0,2,1064,6,14,0,1084,0,0,0,1084
12/12/2022,EWR,NJ,AEA,EN,Towers with Radar,1129,18,16,0,1163,0,0,49,0,49,1129,18,65,0,1212,0,0,0,1212
12/13/2022,EWR,NJ,AEA,EN,Towers with Radar,1131,37,21,0,1189,0,4,32,0,36,1131,41,53,0,1225,0,0,0,1225
12/14/2022,EWR,NJ,AEA,EN,Towers with Radar,1130,31,21,0,1182,0,5,33,2,40,1130,36,54,2,1222,0,0,0,1222
12/15/2022,EWR,NJ,AEA,EN,Towers with Radar,1120,29,15,0,1164,0,4,10,0,14,1120,33,25,0,1178,0,0,0,1178
12/16/2022,EWR,NJ,AEA,EN,Towers with Radar,1181,36,31,0,1248,0,0,0,0,0,1181,36,31,0,1248,0,0,0,1248
12/17/2022,EWR,NJ,AEA,EN,Towers with Radar,1088,33,17,0,1138,0,2,37,0,39,1088,35,54,0,1177,0,0,0,1177
12/18/2022,EWR,NJ,AEA,EN,Towers with Radar,1088,19,11,0,1118,0,0,35,0,35,1088,19,46,0,1153,0,0,0,1153
12/19/2022,EWR,NJ,AEA,EN,Towers with Radar,1115,15,13,0,1143,1,1,42,0,44,1116,16,55,0,1187,0,0,0,1187
12/20/2022,EWR,NJ,AEA,EN,Towers with Radar,1162,38,7,0,1207,0,4,30,0,34,1162,42,37,0,1241,0,0,0,1241
12/21/2022,EWR,NJ,AEA,EN,Towers with Radar,1158,39,10,0,1207,0,4,24,2,30,1158,43,34,2,1237,0,0,0,1237
12/22/2022,EWR,NJ,AEA,EN,Towers with Radar,1144,29,5,0,1178,0,4,6,0,10,1144,33,11,0,1188,0,0,0,1188
12/23/2022,EWR,NJ,AEA,EN,Towers with Radar,942,6,7,0,955,0,1,0,0,1,942,7,7,0,956,0,0,0,956
12/24/2022,EWR,NJ,AEA,EN,Towers with Radar,766,13,8,0,787,2,3,8,0,13,768,16,16,0,800,0,0,0,800
12/25/2022,EWR,NJ,AEA,EN,Towers with Radar,832,5,1,0,838,0,0,13,0,13,832,5,14,0,851,0,0,0,851
12/26/2022,EWR,NJ,AEA,EN,Towers with Radar,975,9,6,0,990,0,0,30,0,30,975,9,36,0,1020,0,0,0,1020
12/27/2022,EWR,NJ,AEA,EN,Towers with Radar,1043,10,3,0,1056,0,2,25,0,27,1043,12,28,0,1083,0,0,0,1083
12/28/2022,EWR,NJ,AEA,EN,Towers with Radar,1133,26,4,0,1163,0,4,33,0,37,1133,30,37,0,1200,0,0,0,1200
12/29/2022,EWR,NJ,AEA,EN,Towers with Radar,1120,27,11,0,1158,0,2,32,1,35,1120,29,43,1,1193,0,0,0,1193
12/30/2022,EWR,NJ,AEA,EN,Towers with Radar,1100,18,6,0,1124,0,5,32,0,37,1100,23,38,0,1161,0,0,0,1161
12/31/2022,EWR,NJ,AEA,EN,Towers with Radar,968,17,10,1,996,0,0,0,0,0,968,17,10,1,996,0,0,0,996
01/01/2023,EWR,NJ,AEA,EN,Towers with Radar,1002,14,14,0,1030,0,0,35,0,35,1002,14,49,0,1065,0,0,0,1065
01/02/2023,EWR,NJ,AEA,EN,Towers with Radar,1013,19,20,0,1052,0,3,43,1,47,1013,22,63,1,1099,0,0,0,1099
01/03/2023,EWR,NJ,AEA,EN,Towers with Radar,1031,27,17,0,1075,0,0,0,0,0,1031,27,17,0,1075,0,0,0,1075
01/04/2023,EWR,NJ,AEA,EN,Towers with Radar,1080,43,12,0,1135,0,5,22,0,27,1080,48,34,0,1162,0,0,0,1162
01/05/2023,EWR,NJ,AEA,EN,Towers with Radar,1076,38,7,0,1121,0,0,1,0,1,1076,38,8,0,1122,0,0,0,1122
01/06/2023,EWR,NJ,AEA,EN,Towers with Radar,1065,25,6,0,1096,0,4,17,0,21,1065,29,23,0,1117,0,0,0,1117
01/07/2023,EWR,NJ,AEA,EN,Towers with Radar,965,18,8,0,991,0,0,25,0,25,965,18,33,0,1016,0,0,0,1016
01/08/2023,EWR,NJ,AEA,EN,Towers with Radar,1089,13,9,0,1111,0,0,19,0,19,1089,13,28,0,1130,0,0,0,1130
01/09/2023,EWR,NJ,AEA,EN,Towers with Radar,1107,10,5,2,1124,0,2,27,0,29,1107,12,32,2,1153,0,0,0,1153
01/10/2023,EWR,NJ,AEA,EN,Towers with Radar,1142,28,6,0,1176,0,5,19,0,24,1142,33,25,0,1200,0,0,0,1200
01/11/2023,EWR,NJ,AEA,EN,Towers with Radar,1026,37,11,0,1074,0,4,25,0,29,1026,41,36,0,1103,0,0,0,1103
01/12/2023,EWR,NJ,AEA,EN,Towers with Radar,1130,33,12,0,1175,0,4,1,0,5,1130,37,13,0,1180,0,0,0,1180
01/13/2023,EWR,NJ,AEA,EN,Towers with Radar,1128,25,6,0,1159,0,4,21,0,25,1128,29,27,0,1184,0,0,0,1184
01/14/2023,EWR,NJ,AEA,EN,Towers with Radar,996,15,5,0,1016,0,0,17,0,17,996,15,22,0,1033,0,0,0,1033
01/15/2023,EWR,NJ,AEA,EN,Towers with Radar,1078,7,8,0,1093,0,0,20,0,20,1078,7,28,0,1113,0,0,0,1113
01/16/2023,EWR,NJ,AEA,EN,Towers with Radar,1098,19,7,0,1124,0,2,27,0,29,1098,21,34,0,1153,0,0,0,1153
01/17/2023,EWR,NJ,AEA,EN,Towers with Radar,1109,31,6,0,1146,0,4,21,2,27,1109,35,27,2,1173,0,0,0,1173
01/18/2023,EWR,NJ,AEA,EN,Towers with Radar,1125,28,7,0,1160,0,5,23,0,28,1125,33,30,0,1188,0,0,0,1188
01/19/2023,EWR,NJ,AEA,EN,Towers with Radar,1112,31,12,0,1155,0,4,0,0,4,1112,35,12,0,1159,0,0,0,1159
01/20/2023,EWR,NJ,AEA,EN,Towers with Radar,1144,27,11,0,1182,0,4,29,0,33,1144,31,40,0,1215,0,0,0,1215
01/21/2023,EWR,NJ,AEA,EN,Towers with Radar,990,11,7,0,1008,0,1,14,0,15,990,12,21,0,1023,0,0,0,1023
01/22/2023,EWR,NJ,AEA,EN,Towers with Radar,1079,19,12,0,1110,0,0,4,0,4,1079,19,16,0,1114,0,0,0,1114
01/23/2023,EWR,NJ,AEA,EN,Towers with Radar,1108,19,8,0,1135,0,0,0,0,0,1108,19,8,0,1135,0,0,0,1135
01/24/2023,EWR,NJ,AEA,EN,Towers with Radar,1141,49,11,0,1201,0,4,25,0,29,1141,53,36,0,1230,0,0,0,1230
01/25/2023,EWR,NJ,AEA,EN,Towers with Radar,1094,29,23,0,1146,0,4,1,0,5,1094,33,24,0,1151,0,0,0,1151
01/26/2023,EWR,NJ,AEA,EN,Towers with Radar,1156,36,12,0,1204,0,5,25,0,30,1156,41,37,0,1234,0,0,0,1234
01/27/2023,EWR,NJ,AEA,EN,Towers with Radar,1142,20,5,0,1167,0,4,37,0,41,1142,24,42,0,1208,0,0,0,1208
01/28/2023,EWR,NJ,AEA,EN,Towers with Radar,1003,6,8,0,1017,0,1,21,1,23,1003,7,29,1,1040,0,0,0,1040
01/29/2023,EWR,NJ,AEA,EN,Towers with Radar,1104,14,9,0,1127,0,0,16,2,18,1104,14,25,2,1145,0,0,0,1145
01/30/2023,EWR,NJ,AEA,EN,Towers with Radar,1110,13,12,0,1135,0,0,29,0,29,1110,13,41,0,1164,0,0,0,1164
01/31/2023,EWR,NJ,AEA,EN,Towers with Radar,1112,29,8,0,1149,0,0,0,2,2,1112,29,8,2,1151,0,0,0,1151
02/01/2023,EWR,NJ,AEA,EN,Towers with Radar,1113,20,3,0,1136,0,7,21,2,30,1113,27,24,2,1166,0,0,0,1166
02/02/2023,EWR,NJ,AEA,EN,Towers with Radar,1142,31,11,0,1184,0,4,33,1,38,1142,35,44,1,1222,0,0,0,1222
02/03/2023,EWR,NJ,AEA,EN,Towers with Radar,1086,54,15,0,1155,0,4,23,1,28,1086,58,38,1,1183,0,0,0,1183
02/04/2023,EWR,NJ,AEA,EN,Towers with Radar,1026,7,2,0,1035,0,0,16,0,16,1026,7,18,0,1051,0,0,0,1051
02/05/2023,EWR,NJ,AEA,EN,Towers with Radar,1118,7,6,0,1131,0,2,25,0,27,1118,9,31,0,1158,0,0,0,1158
02/06/2023,EWR,NJ,AEA,EN,Towers with Radar,1124,18,9,0,1151,0,0,36,2,38,1124,18,45,2,1189,0,0,0,1189
02/07/2023,EWR,NJ,AEA,EN,Towers with Radar,1150,37,7,0,1194,0,6,28,0,34,1150,43,35,0,1228,0,0,0,1228
02/08/2023,EWR,NJ,AEA,EN,Towers with Radar,1153,37,2,0,1192,0,4,33,1,38,1153,41,35,1,1230,0,0,0,1230
02/09/2023,EWR,NJ,AEA,EN,Towers with Radar,1167,29,15,0,1211,0,4,30,0,34,1167,33,45,0,1245,0,0,0,1245
02/10/2023,EWR,NJ,AEA,EN,Towers with Radar,1168,28,9,0,1205,0,5,44,0,49,1168,33,53,0,1254,0,0,0,1254
02/11/2023,EWR,NJ,AEA,EN,Towers with Radar,1032,8,5,0,1045,0,2,19,0,21,1032,10,24,0,1066,0,0,0,1066
02/12/2023,EWR,NJ,AEA,EN,Towers with Radar,1133,7,7,0,1147,0,2,25,0,27,1133,9,32,0,1174,0,0,0,1174
02/13/2023,EWR,NJ,AEA,EN,Towers with Radar,1142,13,15,0,1170,0,2,33,0,35,1142,15,48,0,1205,0,0,0,1205
02/14/2023,EWR,NJ,AEA,EN,Towers with Radar,1173,32,5,0,1210,0,5,36,6,47,1173,37,41,6,1257,0,0,0,1257
02/15/2023,EWR,NJ,AEA,EN,Towers with Radar,1173,39,17,0,1229,0,9,34,0,43,1173,48,51,0,1272,0,0,0,1272
02/16/2023,EWR,NJ,AEA,EN,Towers with Radar,1170,42,12,0,1224,0,5,22,0,27,1170,47,34,0,1251,0,0,0,1251
02/17/2023,EWR,NJ,AEA,EN,Towers with Radar,1173,30,15,0,1218,0,4,13,0,17,1173,34,28,0,1235,0,0,0,1235
02/18/2023,EWR,NJ,AEA,EN,Towers with Radar,1074,8,6,0,1088,0,5,32,0,37,1074,13,38,0,1125,0,0,0,1125
02/19/2023,EWR,NJ,AEA,EN,Towers with Radar,1137,7,9,0,1153,0,0,29,0,29,1137,7,38,0,1182,0,0,0,1182
02/20/2023,EWR,NJ,AEA,EN,Towers with Radar,1159,11,14,0,1184,0,1,22,0,23,1159,12,36,0,1207,0,0,0,1207
02/21/2023,EWR,NJ,AEA,EN,Towers with Radar,1180,31,34,0,1245,1,4,17,0,22,1181,35,51,0,1267,0,0,0,1267
02/22/2023,EWR,NJ,AEA,EN,Towers with Radar,1131,32,8,0,1171,0,4,21,0,25,1131,36,29,0,1196,0,0,0,1196
02/23/2023,EWR,NJ,AEA,EN,Towers with Radar,1170,18,26,0,1214,0,0,4,0,4,1170,18,30,0,1218,0,0,0,1218
02/24/2023,EWR,NJ,AEA,EN,Towers with Radar,1186,27,10,0,1223,0,2,44,0,46,1186,29,54,0,1269,0,0,0,1269
02/25/2023,EWR,NJ,AEA,EN,Towers with Radar,1048,12,9,0,1069,0,0,24,0,24,1048,12,33,0,1093,0,0,0,1093
02/26/2023,EWR,NJ,AEA,EN,Towers with Radar,1167,14,10,0,1191,0,0,24,0,24,1167,14,34,0,1215,0,0,0,1215
02/27/2023,EWR,NJ,AEA,EN,Towers with Radar,1080,19,10,0,1109,0,0,23,0,23,1080,19,33,0,1132,0,0,0,1132
02/28/2023,EWR,NJ,AEA,EN,Towers with Radar,1161,20,17,0,1198,0,0,0,0,0,1161,20,17,0,1198,0,0,0,1198
03/01/2023,EWR,NJ,AEA,EN,Towers with Radar,1184,33,13,0,1230,0,4,27,0,31,1184,37,40,0,1261,0,0,0,1261
03/02/2023,EWR,NJ,AEA,EN,Towers with Radar,1188,32,10,0,1230,0,0,26,0,26,1188,32,36,0,1256,0,0,0,1256
03/03/2023,EWR,NJ,AEA,EN,Towers with Radar,1160,29,12,0,1201,0,5,23,2,30,1160,34,35,2,1231,0,0,0,1231
03/04/2023,EWR,NJ,AEA,EN,Towers with Radar,1055,10,4,0,1069,0,1,14,0,15,1055,11,18,0,1084,0,0,0,1084
03/05/2023,EWR,NJ,AEA,EN,Towers with Radar,1177,18,6,0,1201,0,0,29,0,29,1177,18,35,0,1230,0,0,0,1230
03/06/2023,EWR,NJ,AEA,EN,Towers with Radar,1195,11,5,0,1211,0,2,29,0,31,1195,13,34,0,1242,0,0,0,1242
03/07/2023,EWR,NJ,AEA,EN,Towers with Radar,1227,28,17,0,1272,0,4,14,0,18,1227,32,31,0,1290,0,0,0,1290
03/08/2023,EWR,NJ,AEA,EN,Towers with Radar,1202,36,9,0,1247,0,5,20,0,25,1202,41,29,0,1272,0,0,0,1272
03/09/2023,EWR,NJ,AEA,EN,Towers with Radar,1218,36,14,0,1268,0,5,45,0,50,1218,41,59,0,1318,0,0,0,1318
03/10/2023,EWR,NJ,AEA,EN,Towers with Radar,1176,35,5,0,1216,0,5,23,0,28,1176,40,28,0,1244,0,0,0,1244
03/11/2023,EWR,NJ,AEA,EN,Towers with Radar,1080,12,2,0,1094,0,1,2,0,3,1080,13,4,0,1097,0,0,0,1097
03/12/2023,EWR,NJ,AEA,EN,Towers with Radar,1172,6,7,0,1185,0,2,30,0,32,1172,8,37,0,1217,0,0,0,1217
03/13/2023,EWR,NJ,AEA,EN,Towers with Radar,1152,9,12,0,1173,0,0,0,0,0,1152,9,12,0,1173,0,0,0,1173
03/14/2023,EWR,NJ,AEA,EN,Towers with Radar,1100,19,15,2,1136,0,0,0,0,0,1100,19,15,2,1136,0,0,0,1136
03/15/2023,EWR,NJ,AEA,EN,Towers with Radar,1209,28,16,4,1257,0,5,30,0,35,1209,33,46,4,1292,0,0,0,1292
03/16/2023,EWR,NJ,AEA,EN,Towers with Radar,1239,38,15,0,1292,0,4,46,0,50,1239,42,61,0,1342,0,0,0,1342
03/17/2023,EWR,NJ,AEA,EN,Towers with Radar,1199,26,16,0,1241,0,7,37,6,50,1199,33,53,6,1291,0,0,0,1291
03/18/2023,EWR,NJ,AEA,EN,Towers with Radar,1094,21,7,0,1122,0,0,27,0,27,1094,21,34,0,1149,0,0,0,1149
03/19/2023,EWR,NJ,AEA,EN,Towers with Radar,1188,17,8,0,1213,0,0,23,2,25,1188,17,31,2,1238,0,0,0,1238
03/20/2023,EWR,NJ,AEA,EN,Towers with Radar,1202,23,19,0,1244,0,0,44,0,44,1202,23,63,0,1288,0,0,0,1288
03/21/2023,EWR,NJ,AEA,EN,Towers with Radar,1220,36,6,0,1262,0,4,54,0,58,1220,40,60,0,1320,0,0,0,1320
03/22/2023,EWR,NJ,AEA,EN,Towers with Radar,1206,36,4,0,1246,1,4,21,0,26,1207,40,25,0,1272,0,0,0,1272
03/23/2023,EWR,NJ,AEA,EN,Towers with Radar,1204,35,6,2,1247,0,0,16,0,16,1204,35,22,2,1263,0,0,0,1263
03/24/2023,EWR,NJ,AEA,EN,Towers with Radar,1212,29,11,0,1252,0,5,36,0,41,1212,34,47,0,1293,0,0,0,1293
03/25/2023,EWR,NJ,AEA,EN,Towers with Radar,1079,14,12,0,1105,0,0,0,0,0,1079,14,12,0,1105,0,0,0,1105
03/26/2023,EWR,NJ,AEA,EN,Towers with Radar,1193,11,5,0,1209,0,2,30,0,32,1193,13,35,0,1241,0,0,0,1241
03/27/2023,EWR,NJ,AEA,EN,Towers with Radar,1210,19,5,0,1234,0,2,37,0,39,1210,21,42,0,1273,0,0,0,1273
03/28/2023,EWR,NJ,AEA,EN,Towers with Radar,1235,34,10,0,1279,0,5,30,0,35,1235,39,40,0,1314,0,0,0,1314
03/29/2023,EWR,NJ,AEA,EN,Towers with Radar,1240,34,9,0,1283,0,4,25,0,29,1240,38,34,0,1312,0,0,0,1312
03/30/2023,EWR,NJ,AEA,EN,Towers with Radar,1259,41,18,0,1318,0,4,37,0,41,1259,45,55,0,1359,0,0,0,1359
03/31/2023,EWR,NJ,AEA,EN,Towers with Radar,1212,31,9,0,1252,0,5,39,0,44,1212,36,48,0,1296,0,0,0,1296
04/01/2023,EWR,NJ,AEA,EN,Towers with Radar,974,10,6,0,990,0,0,2,0,2,974,10,8,0,992,0,0,0,992
04/02/2023,EWR,NJ,AEA,EN,Towers with Radar,1201,20,7,0,1228,0,2,28,0,30,1201,22,35,0,1258,0,0,0,1258
04/03/2023,EWR,NJ,AEA,EN,Towers with Radar,1217,15,3,0,1235,0,2,20,0,22,1217,17,23,0,1257,0,0,0,1257
04/04/2023,EWR,NJ,AEA,EN,Towers with Radar,1241,32,2,0,1275,0,7,33,1,41,1241,39,35,1,1316,0,0,0,1316
04/05/2023,EWR,NJ,AEA,EN,Towers with Radar,1145,34,13,0,1192,0,0,0,0,0,1145,34,13,0,1192,0,0,0,1192
04/06/2023,EWR,NJ,AEA,EN,Towers with Radar,1242,25,7,0,1274,0,0,32,0,32,1242,25,39,0,1306,0,0,0,1306
04/07/2023,EWR,NJ,AEA,EN,Towers with Radar,1229,26,8,0,1263,0,4,60,0,64,1229,30,68,0,1327,0,0,0,1327
04/08/2023,EWR,NJ,AEA,EN,Towers with Radar,1092,7,9,0,1108,0,0,49,0,49,1092,7,58,0,1157,0,0,0,1157
04/09/2023,EWR,NJ,AEA,EN,Towers with Radar,1193,14,7,0,1214,0,1,41,0,42,1193,15,48,0,1256,0,0,0,1256
04/10/2023,EWR,NJ,AEA,EN,Towers with Radar,1201,15,13,0,1229,0,0,56,0,56,1201,15,69,0,1285,0,0,0,1285
04/11/2023,EWR,NJ,AEA,EN,Towers with Radar,1237,26,6,1,1270,1,4,27,1,33,1238,30,33,2,1303,0,0,0,1303
04/12/2023,EWR,NJ,AEA,EN,Towers with Radar,1227,39,6,1,1273,0,5,31,0,36,1227,44,37,1,1309,0,0,0,1309
04/13/2023,EWR,NJ,AEA,EN,Towers with Radar,1209,28,4,0,1241,0,4,44,2,50,1209,32,48,2,1291,0,0,0,1291
04/14/2023,EWR,NJ,AEA,EN,Towers with Radar,1221,38,15,0,1274,0,12,46,1,59,1221,50,61,1,1333,0,0,0,1333
04/15/2023,EWR,NJ,AEA,EN,Towers with Radar,780,9,12,0,801,0,2,25,0,27,780,11,37,0,828,0,0,0,828
04/16/2023,EWR,NJ,AEA,EN,Towers with Radar,1063,25,20,0,1108,0,2,12,0,14,1063,27,32,0,1122,0,0,0,1122
04/17/2023,EWR,NJ,AEA,EN,Towers with Radar,1217,37,19,0,1273,0,0,23,0,23,1217,37,42,0,1296,0,0,0,1296
04/18/2023,EWR,NJ,AEA,EN,Towers with Radar,1250,34,19,0,1303,0,4,33,0,37,1250,38,52,0,1340,0,0,0,1340
04/19/2023,EWR,NJ,AEA,EN,Towers with Radar,1224,33,10,2,1269,0,9,36,6,51,1224,42,46,8,1320,0,0,0,1320
04/20/2023,EWR,NJ,AEA,EN,Towers with Radar,1228,42,12,1,1283,0,4,46,0,50,1228,46,58,1,1333,0,0,0,1333
04/21/2023,EWR,NJ,AEA,EN,Towers with Radar,1224,37,9,1,1271,0,4,35,0,39,1224,41,44,1,1310,0,0,0,1310
04/22/2023,EWR,NJ,AEA,EN,Towers with Radar,844,7,9,0,860,0,0,4,0,4,844,7,13,0,864,0,0,0,864
04/23/2023,EWR,NJ,AEA,EN,Towers with Radar,1267,11,9,0,1287,0,0,33,0,33,1267,11,42,0,1320,0,0,0,1320
04/24/2023,EWR,NJ,AEA,EN,Towers with Radar,1210,18,8,0,1236,0,0,37,0,37,1210,18,45,0,1273,0,0,0,1273
04/25/2023,EWR,NJ,AEA,EN,Towers with Radar,1236,29,12,0,1277,1,5,37,0,43,1237,34,49,0,1320,0,0,0,1320
04/26/2023,EWR,NJ,AEA,EN,Towers with Radar,1229,34,13,0,1276,0,4,32,0,36,1229,38,45,0,1312,0,0,0,1312
04/27/2023,EWR,NJ,AEA,EN,Towers with Radar,1228,45,21,0,1294,0,7,50,0,57,1228,52,71,0,1351,0,0,0,1351
04/28/2023,EWR,NJ,AEA,EN,Towers with Radar,1230,28,13,0,1271,0,4,48,0,52,1230,32,61,0,1323,0,0,0,1323
04/29/2023,EWR,NJ,AEA,EN,Towers with Radar,1057,10,11,0,1078,0,0,0,0,0,1057,10,11,0,1078,0,0,0,1078
04/30/2023,EWR,NJ,AEA,EN,Towers with Radar,994,28,13,0,1035,0,0,0,0,0,994,28,13,0,1035,0,0,0,1035
05/01/2023,EWR,NJ,AEA,EN,Towers with Radar,1233,29,18,0,1280,0,0,58,0,58,1233,29,76,0,1338,0,0,0,1338
05/02/2023,EWR,NJ,AEA,EN,Towers with Radar,1261,42,9,0,1312,0,4,36,0,40,1261,46,45,0,1352,0,0,0,1352
05/03/2023,EWR,NJ,AEA,EN,Towers with Radar,1236,33,7,0,1276,0,4,37,0,41,1236,37,44,0,1317,0,0,0,1317
05/04/2023,EWR,NJ,AEA,EN,Towers with Radar,1254,40,12,0,1306,0,6,35,0,41,1254,46,47,0,1347,0,0,0,1347
05/05/2023,EWR,NJ,AEA,EN,Towers with Radar,1217,37,9,0,1263,0,7,46,0,53,1217,44,55,0,1316,0,0,0,1316
05/06/2023,EWR,NJ,AEA,EN,Towers with Radar,1123,15,8,0,1146,0,0,32,0,32,1123,15,40,0,1178,0,0,0,1178
05/07/2023,EWR,NJ,AEA,EN,Towers with Radar,1180,8,13,0,1201,0,0,30,0,30,1180,8,43,0,1231,0,0,0,1231
05/08/2023,EWR,NJ,AEA,EN,Towers with Radar,1218,17,9,0,1244,0,0,41,0,41,1218,17,50,0,1285,0,0,0,1285
05/09/2023,EWR,NJ,AEA,EN,Towers with Radar,1240,42,14,0,1296,0,4,47,0,51,1240,46,61,0,1347,0,0,0,1347
05/10/2023,EWR,NJ,AEA,EN,Towers with Radar,1251,51,22,0,1324,0,6,25,0,31,1251,57,47,0,1355,0,0,0,1355
05/11/2023,EWR,NJ,AEA,EN,Towers with Radar,1262,38,17,0,1317,0,5,46,0,51,1262,43,63,0,1368,0,0,0,1368
05/12/2023,EWR,NJ,AEA,EN,Towers with Radar,1232,30,7,0,1269,1,9,65,2,77,1233,39,72,2,1346,0,0,0,1346
05/13/2023,EWR,NJ,AEA,EN,Towers with Radar,1115,11,7,0,1133,0,0,15,0,15,1115,11,22,0,1148,0,0,0,1148
05/14/2023,EWR,NJ,AEA,EN,Towers with Radar,1195,14,12,0,1221,0,3,22,0,25,1195,17,34,0,1246,0,0,0,1246
05/15/2023,EWR,NJ,AEA,EN,Towers with Radar,1184,17,11,0,1212,0,0,38,0,38,1184,17,49,0,1250,0,0,0,1250
05/16/2023,EWR,NJ,AEA,EN,Towers with Radar,1214,42,10,0,1266,0,6,36,1,43,1214,48,46,1,1309,0,0,0,1309
05/17/2023,EWR,NJ,AEA,EN,Towers with Radar,1204,45,7,2,1258,0,4,52,0,56,1204,49,59,2,1314,0,0,0,1314
05/18/2023,EWR,NJ,AEA,EN,Towers with Radar,1218,41,13,0,1272,0,5,52,0,57,1218,46,65,0,1329,0,0,0,1329
05/19/2023,EWR,NJ,AEA,EN,Towers with Radar,1189,39,18,0,1246,0,4,65,0,69,1189,43,83,0,1315,0,0,0,1315
05/20/2023,EWR,NJ,AEA,EN,Towers with Radar,1082,9,22,0,1113,0,0,0,0,0,1082,9,22,0,1113,0,0,0,1113
05/21/2023,EWR,NJ,AEA,EN,Towers with Radar,1177,15,11,0,1203,0,1,32,0,33,1177,16,43,0,1236,0,0,0,1236
05/22/2023,EWR,NJ,AEA,EN,Towers with Radar,1200,26,13,2,1241,0,0,67,0,67,1200,26,80,2,1308,0,0,0,1308
05/23/2023,EWR,NJ,AEA,EN,Towers with Radar,1206,39,11,0,1256,0,4,29,0,33,1206,43,40,0,1289,0,0,0,1289
05/24/2023,EWR,NJ,AEA,EN,Towers with Radar,1200,37,3,0,1240,1,4,38,0,43,1201,41,41,0,1283,0,0,0,1283
05/25/2023,EWR,NJ,AEA,EN,Towers with Radar,1222,35,9,0,1266,0,6,60,1,67,1222,41,69,1,1333,0,0,0,1333
05/26/2023,EWR,NJ,AEA,EN,Towers with Radar,1203,35,18,0,1256,0,13,59,0,72,1203,48,77,0,1328,0,0,0,1328
05/27/2023,EWR,NJ,AEA,EN,Towers with Radar,1096,8,9,0,1113,0,2,38,0,40,1096,10,47,0,1153,0,0,0,1153
05/28/2023,EWR,NJ,AEA,EN,Towers with Radar,1134,10,5,0,1149,0,2,39,0,41,1134,12,44,0,1190,0,0,0,1190
05/29/2023,EWR,NJ,AEA,EN,Towers with Radar,1167,17,11,0,1195,0,2,37,0,39,1167,19,48,0,1234,0,0,0,1234
05/30/2023,EWR,NJ,AEA,EN,Towers with Radar,1187,20,19,0,1226,0,2,33,0,35,1187,22,52,0,1261,0,0,0,1261
05/31/2023,EWR,NJ,AEA,EN,Towers with Radar,1201,43,10,2,1256,0,0,42,0,42,1201,43,52,2,1298,0,0,0,1298
06/01/2023,EWR,NJ,AEA,EN,Towers with Radar,1235,42,21,0,1298,0,5,47,0,52,1235,47,68,0,1350,0,0,0,1350
06/02/2023,EWR,NJ,AEA,EN,Towers with Radar,1087,28,4,0,1119,0,4,39,0,43,1087,32,43,0,1162,0,0,0,1162
06/03/2023,EWR,NJ,AEA,EN,Towers with Radar,1110,11,5,0,1126,0,2,37,0,39,1110,13,42,0,1165,0,0,0,1165
06/04/2023,EWR,NJ,AEA,EN,Towers with Radar,1163,14,13,0,1190,0,0,43,0,43,1163,14,56,0,1233,0,0,0,1233
06/05/2023,EWR,NJ,AEA,EN,Towers with Radar,1185,25,14,0,1224,0,0,39,0,39,1185,25,53,0,1263,0,0,0,1263
06/06/2023,EWR,NJ,AEA,EN,Towers with Radar,1202,44,19,1,1266,0,5,39,0,44,1202,49,58,1,1310,0,0,0,1310
06/07/2023,EWR,NJ,AEA,EN,Towers with Radar,1166,34,17,0,1217,0,4,5,0,9,1166,38,22,0,1226,0,0,0,1226
06/08/2023,EWR,NJ,AEA,EN,Towers with Radar,1220,39,16,0,1275,1,4,28,0,33,1221,43,44,0,1308,0,0,0,1308
06/09/2023,EWR,NJ,AEA,EN,Towers with Radar,1207,29,12,0,1248,0,4,37,0,41,1207,33,49,0,1289,0,0,0,1289
06/10/2023,EWR,NJ,AEA,EN,Towers with Radar,1088,15,10,0,1113,0,0,46,1,47,1088,15,56,1,1160,0,0,0,1160
06/11/2023,EWR,NJ,AEA,EN,Towers with Radar,1152,15,6,0,1173,0,0,59,0,59,1152,15,65,0,1232,0,0,0,1232
06/12/2023,EWR,NJ,AEA,EN,Towers with Radar,1042,11,12,0,1065,0,0,24,0,24,1042,11,36,0,1089,0,0,0,1089
06/13/2023,EWR,NJ,AEA,EN,Towers with Radar,1232,33,16,0,1281,0,4,53,0,57,1232,37,69,0,1338,0,0,0,1338
06/14/2023,EWR,NJ,AEA,EN,Towers with Radar,1087,27,15,0,1129,0,5,12,0,17,1087,32,27,0,1146,0,0,0,1146
06/15/2023,EWR,NJ,AEA,EN,Towers with Radar,1219,32,11,0,1262,0,5,49,0,54,1219,37,60,0,1316,0,0,0,1316
06/16/2023,EWR,NJ,AEA,EN,Towers with Radar,1060,25,10,0,1095,0,6,26,0,32,1060,31,36,0,1127,0,0,0,1127
06/17/2023,EWR,NJ,AEA,EN,Towers with Radar,1082,16,7,0,1105,0,2,18,0,20,1082,18,25,0,1125,0,0,0,1125
06/18/2023,EWR,NJ,AEA,EN,Towers with Radar,1140,19,6,0,1165,0,0,20,0,20,1140,19,26,0,1185,0,0,0,1185
06/19/2023,EWR,NJ,AEA,EN,Towers with Radar,1164,12,9,0,1185,0,0,38,0,38,1164,12,47,0,1223,0,0,0,1223
06/20/2023,EWR,NJ,AEA,EN,Towers with Radar,1197,41,14,0,1252,0,2,32,0,34,1197,43,46,0,1286,0,0,0,1286
06/21/2023,EWR,NJ,AEA,EN,Towers with Radar,1192,40,13,0,1245,0,4,32,0,36,1192,44,45,0,1281,0,0,0,1281
06/22/2023,EWR,NJ,AEA,EN,Towers with Radar,1176,32,6,0,1214,0,4,2,0,6,1176,36,8,0,1220,0,0,0,1220
06/23/2023,EWR,NJ,AEA,EN,Towers with Radar,1142,33,20,0,1195,1,2,2,0,5,1143,35,22,0,1200,0,0,0,1200
06/24/2023,EWR,NJ,AEA,EN,Towers with Radar,927,14,12,0,953,0,0,11,0,11,927,14,23,0,964,0,0,0,964
06/25/2023,EWR,NJ,AEA,EN,Towers with Radar,832,18,10,0,860,0,0,19,0,19,832,18,29,0,879,0,0,0,879
06/26/2023,EWR,NJ,AEA,EN,Towers with Radar,591,12,9,0,612,0,1,10,0,11,591,13,19,0,623,0,0,0,623
06/27/2023,EWR,NJ,AEA,EN,Towers with Radar,739,25,24,2,790,0,4,17,0,21,739,29,41,2,811,0,0,0,811
06/28/2023,EWR,NJ,AEA,EN,Towers with Radar,1012,45,11,0,1068,0,4,26,2,32,1012,49,37,2,1100,0,0,0,1100
06/29/2023,EWR,NJ,AEA,EN,Towers with Radar,1090,38,24,0,1152,0,4,9,0,13,1090,42,33,0,1165,0,0,0,1165
06/30/2023,EWR,NJ,AEA,EN,Towers with Radar,1176,51,26,0,1253,0,4,42,0,46,1176,55,68,0,1299,0,0,0,1299
07/01/2023,EWR,NJ,AEA,EN,Towers with Radar,1069,15,14,0,1098,0,0,26,0,26,1069,15,40,0,1124,0,0,0,1124
07/02/2023,EWR,NJ,AEA,EN,Towers with Radar,933,20,4,0,957,1,2,23,0,26,934,22,27,0,983,0,0,0,983
07/03/2023,EWR,NJ,AEA,EN,Towers with Radar,1102,8,5,0,1115,0,0,29,0,29,1102,8,34,0,1144,0,0,0,1144
07/04/2023,EWR,NJ,AEA,EN,Towers with Radar,913,13,4,0,930,0,0,21,0,21,913,13,25,0,951,0,0,0,951
07/05/2023,EWR,NJ,AEA,EN,Towers with Radar,1197,20,5,0,1222,0,9,49,0,58,1197,29,54,0,1280,0,0,0,1280
07/06/2023,EWR,NJ,AEA,EN,Towers with Radar,1207,35,9,0,1251,0,4,41,0,45,1207,39,50,0,1296,0,0,0,1296
07/07/2023,EWR,NJ,AEA,EN,Towers with Radar,973,23,8,0,1004,0,4,43,0,47,973,27,51,0,1051,0,0,0,1051
07/08/2023,EWR,NJ,AEA,EN,Towers with Radar,1060,10,17,0,1087,0,2,27,0,29,1060,12,44,0,1116,0,0,0,1116
07/09/2023,EWR,NJ,AEA,EN,Towers with Radar,722,10,7,0,739,0,0,18,0,18,722,10,25,0,757,0,0,0,757
07/10/2023,EWR,NJ,AEA,EN,Towers with Radar,1080,20,21,0,1121,0,0,34,0,34,1080,20,55,0,1155,0,0,0,1155
07/11/2023,EWR,NJ,AEA,EN,Towers with Radar,1239,26,14,0,1279,0,6,29,2,37,1239,32,43,2,1316,0,0,0,1316
07/12/2023,EWR,NJ,AEA,EN,Towers with Radar,1217,41,21,0,1279,0,5,30,0,35,1217,46,51,0,1314,0,0,0,1314
07/13/2023,EWR,NJ,AEA,EN,Towers with Radar,1183,36,21,0,1240,0,5,42,0,47,1183,41,63,0,1287,0,0,0,1287
07/14/2023,EWR,NJ,AEA,EN,Towers with Radar,890,26,13,0,929,0,0,14,0,14,890,26,27,0,943,0,0,0,943
07/15/2023,EWR,NJ,AEA,EN,Towers with Radar,908,10,16,0,934,0,1,14,0,15,908,11,30,0,949,0,0,0,949
07/16/2023,EWR,NJ,AEA,EN,Towers with Radar,770,18,17,0,805,0,0,6,0,6,770,18,23,0,811,0,0,0,811
07/17/2023,EWR,NJ,AEA,EN,Towers with Radar,1171,15,29,0,1215,0,2,32,0,34,1171,17,61,0,1249,0,0,0,1249
07/18/2023,EWR,NJ,AEA,EN,Towers with Radar,1029,32,15,0,1076,0,4,14,0,18,1029,36,29,0,1094,0,0,0,1094
07/19/2023,EWR,NJ,AEA,EN,Towers with Radar,1123,41,27,0,1191,0,4,28,0,32,1123,45,55,0,1223,0,0,0,1223
07/20/2023,EWR,NJ,AEA,EN,Towers with Radar,1192,42,24,0,1258,0,4,46,0,50,1192,46,70,0,1308,0,0,0,1308
07/21/2023,EWR,NJ,AEA,EN,Towers with Radar,1111,29,26,0,1166,0,2,33,0,35,1111,31,59,0,1201,0,0,0,1201
07/22/2023,EWR,NJ,AEA,EN,Towers with Radar,1097,11,12,0,1120,1,2,32,3,38,1098,13,44,3,1158,0,0,0,1158
07/23/2023,EWR,NJ,AEA,EN,Towers with Radar,1134,15,13,0,1162,0,0,39,2,41,1134,15,52,2,1203,0,0,0,1203
07/24/2023,EWR,NJ,AEA,EN,Towers with Radar,1171,18,8,0,1197,0,0,43,2,45,1171,18,51,2,1242,0,0,0,1242
07/25/2023,EWR,NJ,AEA,EN,Towers with Radar,905,35,16,0,956,0,4,20,0,24,905,39,36,0,980,0,0,0,980
07/26/2023,EWR,NJ,AEA,EN,Towers with Radar,1174,46,20,0,1240,0,4,51,2,57,1174,50,71,2,1297,0,0,0,1297
07/27/2023,EWR,NJ,AEA,EN,Towers with Radar,1044,33,8,0,1085,0,4,51,0,55,1044,37,59,0,1140,0,0,0,1140
07/28/2023,EWR,NJ,AEA,EN,Towers with Radar,1146,42,19,0,1207,0,6,30,2,38,1146,48,49,2,1245,0,0,0,1245
07/29/2023,EWR,NJ,AEA,EN,Towers with Radar,920,24,12,0,956,0,0,24,0,24,920,24,36,0,980,0,0,0,980
07/30/2023,EWR,NJ,AEA,EN,Towers with Radar,1150,22,14,0,1186,0,0,30,0,30,1150,22,44,0,1216,0,0,0,1216
07/31/2023,EWR,NJ,AEA,EN,Towers with Radar,1162,12,18,0,1192,0,0,27,0,27,1162,12,45,0,1219,0,0,0,1219
08/01/2023,EWR,NJ,AEA,EN,Towers with Radar,1200,38,24,0,1262,0,6,25,0,31,1200,44,49,0,1293,0,0,0,1293
08/02/2023,EWR,NJ,AEA,EN,Towers with Radar,1196,50,9,0,1255,0,5,31,0,36,1196,55,40,0,1291,0,0,0,1291
08/03/2023,EWR,NJ,AEA,EN,Towers with Radar,1212,36,17,0,1265,0,6,41,1,48,1212,42,58,1,1313,0,0,0,1313
08/04/2023,EWR,NJ,AEA,EN,Towers with Radar,1146,31,19,0,1196,0,6,26,0,32,1146,37,45,0,1228,0,0,0,1228
08/05/2023,EWR,NJ,AEA,EN,Towers with Radar,1082,17,19,0,1118,0,2,23,0,25,1082,19,42,0,1143,0,0,0,1143
08/06/2023,EWR,NJ,AEA,EN,Towers with Radar,1127,30,17,0,1174,0,0,27,0,27,1127,30,44,0,1201,0,0,0,1201
08/07/2023,EWR,NJ,AEA,EN,Towers with Radar,946,26,15,0,987,0,1,16,0,17,946,27,31,0,1004,0,0,0,1004
08/08/2023,EWR,NJ,AEA,EN,Towers with Radar,1192,28,16,1,1237,0,4,28,0,32,1192,32,44,1,1269,0,0,0,1269
08/09/2023,EWR,NJ,AEA,EN,Towers with Radar,1185,28,8,0,1221,0,4,42,0,46,1185,32,50,0,1267,0,0,0,1267
08/10/2023,EWR,NJ,AEA,EN,Towers with Radar,1190,41,5,0,1236,0,6,32,0,38,1190,47,37,0,1274,0,0,0,1274
08/11/2023,EWR,NJ,AEA,EN,Towers with Radar,1176,28,19,0,1223,0,6,36,0,42,1176,34,55,0,1265,0,0,0,1265
08/12/2023,EWR,NJ,AEA,EN,Towers with Radar,1069,27,20,0,1116,0,0,28,0,28,1069,27,48,0,1144,0,0,0,1144
08/13/2023,EWR,NJ,AEA,EN,Towers with Radar,1145,13,6,0,1164,1,0,38,0,39,1146,13,44,0,1203,0,0,0,1203
08/14/2023,EWR,NJ,AEA,EN,Towers with Radar,1136,15,9,0,1160,0,3,36,0,39,1136,18,45,0,1199,0,0,0,1199
08/15/2023,EWR,NJ,AEA,EN,Towers with Radar,1192,25,8,0,1225,0,2,18,0,20,1192,27,26,0,1245,0,0,0,1245
08/16/2023,EWR,NJ,AEA,EN,Towers with Radar,1201,30,12,0,1243,0,4,34,1,39,1201,34,46,1,1282,0,0,0,1282
08/17/2023,EWR,NJ,AEA,EN,Towers with Radar,1194,24,23,0,1241,0,6,25,0,31,1194,30,48,0,1272,0,0,0,1272
08/18/2023,EWR,NJ,AEA,EN,Towers with Radar,1174,20,5,0,1199,0,4,41,1,46,1174,24,46,1,1245,0,0,0,1245
08/19/2023,EWR,NJ,AEA,EN,Towers with Radar,1094,9,2,0,1105,0,0,34,0,34,1094,9,36,0,1139,0,0,0,1139
08/20/2023,EWR,NJ,AEA,EN,Towers with Radar,1123,19,9,0,1151,0,0,24,0,24,1123,19,33,0,1175,0,0,0,1175
08/21/2023,EWR,NJ,AEA,EN,Towers with Radar,1157,14,7,0,1178,0,2,39,0,41,1157,16,46,0,1219,0,0,0,1219
08/22/2023,EWR,NJ,AEA,EN,Towers with Radar,1184,29,7,0,1220,0,4,39,0,43,1184,33,46,0,1263,0,0,0,1263
08/23/2023,EWR,NJ,AEA,EN,Towers with Radar,1177,36,5,0,1218,0,6,41,2,49,1177,42,46,2,1267,0,0,0,1267
08/24/2023,EWR,NJ,AEA,EN,Towers with Radar,1190,40,9,0,1239,0,6,28,0,34,1190,46,37,0,1273,0,0,0,1273
08/25/2023,EWR,NJ,AEA,EN,Towers with Radar,1174,29,9,0,1212,0,0,24,0,24,1174,29,33,0,1236,0,0,0,1236
08/26/2023,EWR,NJ,AEA,EN,Towers with Radar,1085,11,8,0,1104,0,0,23,0,23,1085,11,31,0,1127,0,0,0,1127
08/27/2023,EWR,NJ,AEA,EN,Towers with Radar,1134,21,6,0,1161,0,2,13,0,15,1134,23,19,0,1176,0,0,0,1176
08/28/2023,EWR,NJ,AEA,EN,Towers with Radar,1144,17,12,2,1175,0,0,31,0,31,1144,17,43,2,1206,0,0,0,1206
08/29/2023,EWR,NJ,AEA,EN,Towers with Radar,1181,32,18,0,1231,0,4,30,0,34,1181,36,48,0,1265,0,0,0,1265
08/30/2023,EWR,NJ,AEA,EN,Towers with Radar,1155,33,9,0,1197,0,0,35,0,35,1155,33,44,0,1232,0,0,0,1232
08/31/2023,EWR,NJ,AEA,EN,Towers with Radar,1188,38,10,0,1236,0,5,46,0,51,1188,43,56,0,1287,0,0,0,1287
