01/01/2000,EYW,FL,ASO,ES,Federal Contract Tower,1,62,36,0,99,1,30,89,4,124,2,92,125,4,223,25,0,25,248
01/02/2000,EYW,FL,ASO,ES,Federal Contract Tower,0,117,66,0,183,0,17,220,0,237,0,134,286,0,420,16,0,16,436
01/03/2000,EYW,FL,ASO,ES,Federal Contract Tower,0,83,48,0,131,0,43,97,0,140,0,126,145,0,271,26,0,26,297
01/04/2000,EYW,FL,ASO,ES,Federal Contract Tower,0,80,45,0,125,0,19,64,2,85,0,99,109,2,210,16,0,16,226
01/05/2000,EYW,FL,ASO,ES,Federal Contract Tower,0,83,48,0,131,0,15,73,4,92,0,98,121,4,223,23,0,23,246
01/06/2000,EYW,FL,ASO,ES,Federal Contract Tower,0,76,43,0,119,0,42,72,2,116,0,118,115,2,235,8,0,8,243
01/07/2000,EYW,FL,ASO,ES,Federal Contract Tower,0,72,41,0,113,0,25,96,0,121,0,97,137,0,234,20,0,20,254
01/08/2000,EYW,FL,ASO,ES,Federal Contract Tower,0,76,43,0,119,0,29,96,2,127,0,105,139,2,246,42,0,42,288
01/09/2000,EYW,FL,ASO,ES,Federal Contract Tower,1,88,51,0,140,1,24,91,0,116,2,112,142,0,256,24,0,24,280
01/10/2000,EYW,FL,ASO,ES,Federal Contract Tower,0,79,45,0,124,0,16,62,11,89,0,95,107,11,213,22,12,34,247
01/11/2000,EYW,FL,ASO,ES,Federal Contract Tower,0,72,41,0,113,0,36,54,17,107,0,108,95,17,220,36,0,36,256
01/12/2000,EYW,FL,ASO,ES,Federal Contract Tower,0,90,52,0,142,0,2,103,2,107,0,92,155,2,249,83,0,83,332
01/13/2000,EYW,FL,ASO,ES,Federal Contract Tower,0,88,50,0,138,0,20,92,6,118,0,108,142,6,256,22,0,22,278
01/14/2000,EYW,FL,ASO,ES,Federal Contract Tower,1,98,56,0,155,0,3,50,14,67,1,101,106,14,222,0,0,0,222
01/15/2000,EYW,FL,ASO,ES,Federal Contract Tower,0,88,51,0,139,1,22,74,0,97,1,110,125,0,236,31,0,31,267
01/16/2000,EYW,FL,ASO,ES,Federal Contract Tower,0,105,60,1,166,0,6,107,13,126,0,111,167,14,292,22,0,22,314
01/17/2000,EYW,FL,ASO,ES,Federal Contract Tower,0,92,51,1,144,0,0,98,11,109,0,92,149,12,253,34,2,36,289
01/18/2000,EYW,FL,ASO,ES,Federal Contract Tower,0,83,46,1,130,0,12,48,1,61,0,95,94,2,191,32,0,32,223
01/19/2000,EYW,FL,ASO,ES,Federal Contract Tower,0,80,44,1,125,0,15,80,11,106,0,95,124,12,231,32,2,34,265
01/20/2000,EYW,FL,ASO,ES,Federal Contract Tower,0,87,48,1,136,0,13,75,4,92,0,100,123,5,228,26,0,26,254
01/21/2000,EYW,FL,ASO,ES,Federal Contract Tower,0,105,58,1,164,0,8,110,2,120,0,113,168,3,284,30,10,40,324
01/22/2000,EYW,FL,ASO,ES,Federal Contract Tower,0,94,52,0,146,0,19,120,0,139,0,113,172,0,285,24,0,24,309
01/23/2000,EYW,FL,ASO,ES,Federal Contract Tower,0,100,55,1,156,0,15,112,1,128,0,115,167,2,284,32,2,34,318
01/24/2000,EYW,FL,ASO,ES,Federal Contract Tower,0,79,44,1,124,0,15,7,7,29,0,94,51,8,153,0,0,0,153
01/25/2000,EYW,FL,ASO,ES,Federal Contract Tower,0,79,44,0,123,0,12,66,0,78,0,91,110,0,201,16,0,16,217
01/26/2000,EYW,FL,ASO,ES,Federal Contract Tower,0,82,46,0,128,0,50,101,0,151,0,132,147,0,279,18,0,18,297
01/27/2000,EYW,FL,ASO,ES,Federal Contract Tower,0,78,43,1,122,0,24,88,6,118,0,102,131,7,240,36,0,36,276
01/28/2000,EYW,FL,ASO,ES,Federal Contract Tower,0,99,55,1,155,2,10,80,12,104,2,109,135,13,259,94,0,94,353
01/29/2000,EYW,FL,ASO,ES,Federal Contract Tower,0,81,46,0,127,0,8,97,0,105,0,89,143,0,232,48,0,48,280
01/30/2000,EYW,FL,ASO,ES,Federal Contract Tower,0,93,53,0,146,0,7,115,2,124,0,100,168,2,270,24,0,24,294
01/31/2000,EYW,FL,ASO,ES,Federal Contract Tower,0,84,47,0,131,6,2,70,6,84,6,86,117,6,215,54,0,54,269
02/01/2000,EYW,FL,ASO,ES,Federal Contract Tower,6,64,40,0,110,0,31,46,14,91,6,95,86,14,201,20,0,20,221
02/02/2000,EYW,FL,ASO,ES,Federal Contract Tower,7,73,46,0,126,1,12,35,2,50,8,85,81,2,176,4,0,4,180
02/03/2000,EYW,FL,ASO,ES,Federal Contract Tower,7,76,47,0,130,0,12,64,11,87,7,88,111,11,217,76,4,80,297
02/04/2000,EYW,FL,ASO,ES,Federal Contract Tower,7,80,50,0,137,0,28,50,0,78,7,108,100,0,215,22,0,22,237
02/05/2000,EYW,FL,ASO,ES,Federal Contract Tower,7,89,56,0,152,0,3,95,10,108,7,92,151,10,260,29,8,37,297
02/06/2000,EYW,FL,ASO,ES,Federal Contract Tower,7,96,60,0,163,0,8,141,10,159,7,104,201,10,322,72,0,72,394
02/07/2000,EYW,FL,ASO,ES,Federal Contract Tower,8,82,50,0,140,0,27,59,3,89,8,109,109,3,229,19,0,19,248
02/08/2000,EYW,FL,ASO,ES,Federal Contract Tower,7,78,48,0,133,1,21,4,2,28,8,99,52,2,161,10,0,10,171
02/09/2000,EYW,FL,ASO,ES,Federal Contract Tower,7,74,46,0,127,1,33,67,0,101,8,107,113,0,228,30,4,34,262
02/10/2000,EYW,FL,ASO,ES,Federal Contract Tower,6,72,45,0,123,0,27,99,0,126,6,99,144,0,249,26,4,30,279
02/11/2000,EYW,FL,ASO,ES,Federal Contract Tower,8,83,52,0,143,0,31,105,0,136,8,114,157,0,279,28,22,50,329
02/12/2000,EYW,FL,ASO,ES,Federal Contract Tower,8,91,57,0,156,1,7,110,0,118,9,98,167,0,274,24,16,40,314
02/13/2000,EYW,FL,ASO,ES,Federal Contract Tower,6,94,57,0,157,0,31,125,5,161,6,125,182,5,318,72,52,124,442
02/14/2000,EYW,FL,ASO,ES,Federal Contract Tower,8,84,51,0,143,1,17,93,6,117,9,101,144,6,260,48,58,106,366
02/15/2000,EYW,FL,ASO,ES,Federal Contract Tower,6,77,46,1,130,4,19,50,18,91,10,96,96,19,221,19,6,25,246
02/16/2000,EYW,FL,ASO,ES,Federal Contract Tower,6,80,48,1,135,2,25,90,22,139,8,105,138,23,274,14,2,16,290
02/17/2000,EYW,FL,ASO,ES,Federal Contract Tower,6,76,45,0,127,0,24,123,0,147,6,100,168,0,274,38,32,70,344
02/18/2000,EYW,FL,ASO,ES,Federal Contract Tower,5,81,49,1,136,0,20,108,6,134,5,101,157,7,270,40,28,68,338
02/19/2000,EYW,FL,ASO,ES,Federal Contract Tower,4,89,55,0,148,0,19,106,0,125,4,108,161,0,273,35,0,35,308
02/20/2000,EYW,FL,ASO,ES,Federal Contract Tower,4,101,63,0,168,0,1,74,0,75,4,102,137,0,243,37,0,37,280
02/21/2000,EYW,FL,ASO,ES,Federal Contract Tower,8,104,64,0,176,0,26,126,0,152,8,130,190,0,328,8,2,10,338
02/22/2000,EYW,FL,ASO,ES,Federal Contract Tower,7,81,50,0,138,4,23,58,24,109,11,104,108,24,247,40,0,40,287
02/23/2000,EYW,FL,ASO,ES,Federal Contract Tower,6,78,48,0,132,2,18,96,19,135,8,96,144,19,267,28,0,28,295
02/24/2000,EYW,FL,ASO,ES,Federal Contract Tower,6,77,48,0,131,2,23,67,0,92,8,100,115,0,223,56,18,74,297
02/25/2000,EYW,FL,ASO,ES,Federal Contract Tower,7,93,57,0,157,1,15,98,14,128,8,108,155,14,285,62,0,62,347
02/26/2000,EYW,FL,ASO,ES,Federal Contract Tower,4,89,54,0,147,0,34,109,2,145,4,123,163,2,292,54,6,60,352
02/27/2000,EYW,FL,ASO,ES,Federal Contract Tower,4,96,59,0,159,0,22,128,9,159,4,118,187,9,318,14,2,16,334
02/28/2000,EYW,FL,ASO,ES,Federal Contract Tower,6,80,50,0,136,3,27,77,21,128,9,107,127,21,264,44,0,44,308
02/29/2000,EYW,FL,ASO,ES,Federal Contract Tower,7,82,50,0,139,0,23,97,25,145,7,105,147,25,284,71,0,71,355
03/01/2000,EYW,FL,ASO,ES,Federal Contract Tower,6,86,48,0,140,4,9,93,2,108,10,95,141,2,248,82,2,84,332
03/02/2000,EYW,FL,ASO,ES,Federal Contract Tower,7,89,48,0,144,4,19,101,7,131,11,108,149,7,275,62,4,66,341
03/03/2000,EYW,FL,ASO,ES,Federal Contract Tower,4,98,54,0,156,0,9,106,4,119,4,107,160,4,275,14,0,14,289
03/04/2000,EYW,FL,ASO,ES,Federal Contract Tower,4,91,50,0,145,0,27,117,0,144,4,118,167,0,289,20,0,20,309
03/05/2000,EYW,FL,ASO,ES,Federal Contract Tower,7,114,63,0,184,0,8,132,0,140,7,122,195,0,324,23,0,23,347
03/06/2000,EYW,FL,ASO,ES,Federal Contract Tower,7,89,48,0,144,0,11,80,1,92,7,100,128,1,236,52,39,91,327
03/07/2000,EYW,FL,ASO,ES,Federal Contract Tower,6,80,44,0,130,0,6,83,18,107,6,86,127,18,237,24,0,24,261
03/08/2000,EYW,FL,ASO,ES,Federal Contract Tower,6,87,49,0,142,2,23,91,4,120,8,110,140,4,262,38,8,46,308
03/09/2000,EYW,FL,ASO,ES,Federal Contract Tower,6,83,46,0,135,0,20,79,7,106,6,103,125,7,241,56,39,95,336
03/10/2000,EYW,FL,ASO,ES,Federal Contract Tower,6,100,55,0,161,0,24,114,10,148,6,124,169,10,309,44,4,48,357
03/11/2000,EYW,FL,ASO,ES,Federal Contract Tower,4,100,55,0,159,0,8,71,3,82,4,108,126,3,241,21,2,23,264
03/12/2000,EYW,FL,ASO,ES,Federal Contract Tower,4,103,56,0,163,0,5,53,0,58,4,108,109,0,221,45,18,63,284
03/13/2000,EYW,FL,ASO,ES,Federal Contract Tower,5,86,48,0,139,0,28,38,0,66,5,114,86,0,205,33,0,33,238
03/14/2000,EYW,FL,ASO,ES,Federal Contract Tower,6,86,47,0,139,0,5,66,11,82,6,91,113,11,221,17,0,17,238
03/15/2000,EYW,FL,ASO,ES,Federal Contract Tower,6,82,45,0,133,2,33,94,4,133,8,115,139,4,266,34,4,38,304
03/16/2000,EYW,FL,ASO,ES,Federal Contract Tower,5,85,47,0,137,0,15,64,1,80,5,100,111,1,217,16,0,16,233
03/17/2000,EYW,FL,ASO,ES,Federal Contract Tower,4,94,54,0,152,0,0,88,1,89,4,94,142,1,241,48,6,54,295
03/18/2000,EYW,FL,ASO,ES,Federal Contract Tower,4,94,51,0,149,0,13,99,4,116,4,107,150,4,265,45,42,87,352
03/19/2000,EYW,FL,ASO,ES,Federal Contract Tower,3,95,51,0,149,0,13,67,1,81,3,108,118,1,230,50,46,96,326
03/20/2000,EYW,FL,ASO,ES,Federal Contract Tower,5,87,47,0,139,1,25,77,0,103,6,112,124,0,242,32,4,36,278
03/21/2000,EYW,FL,ASO,ES,Federal Contract Tower,4,72,39,0,115,3,35,76,4,118,7,107,115,4,233,30,0,30,263
03/22/2000,EYW,FL,ASO,ES,Federal Contract Tower,5,85,47,0,137,3,28,108,1,140,8,113,155,1,277,51,0,51,328
03/23/2000,EYW,FL,ASO,ES,Federal Contract Tower,5,82,45,0,132,1,14,96,12,123,6,96,141,12,255,28,0,28,283
03/24/2000,EYW,FL,ASO,ES,Federal Contract Tower,5,79,43,0,127,1,33,98,5,137,6,112,141,5,264,41,2,43,307
03/25/2000,EYW,FL,ASO,ES,Federal Contract Tower,5,96,52,0,153,0,16,118,2,136,5,112,170,2,289,36,0,36,325
03/26/2000,EYW,FL,ASO,ES,Federal Contract Tower,4,103,56,0,163,0,2,120,2,124,4,105,176,2,287,53,0,53,340
03/27/2000,EYW,FL,ASO,ES,Federal Contract Tower,6,93,50,0,149,0,19,51,0,70,6,112,101,0,219,2,0,2,221
03/28/2000,EYW,FL,ASO,ES,Federal Contract Tower,4,73,40,0,117,2,28,54,0,84,6,101,94,0,201,16,0,16,217
03/29/2000,EYW,FL,ASO,ES,Federal Contract Tower,6,90,49,0,145,0,0,99,2,101,6,90,148,2,246,56,0,56,302
03/30/2000,EYW,FL,ASO,ES,Federal Contract Tower,4,77,41,0,122,0,14,97,0,111,4,91,138,0,233,26,4,30,263
03/31/2000,EYW,FL,ASO,ES,Federal Contract Tower,5,84,46,0,135,1,34,75,0,110,6,118,121,0,245,20,0,20,265
04/01/2000,EYW,FL,ASO,ES,Federal Contract Tower,6,85,47,0,138,0,7,84,8,99,6,92,131,8,237,42,0,42,279
04/02/2000,EYW,FL,ASO,ES,Federal Contract Tower,6,93,52,0,151,0,12,82,2,96,6,105,134,2,247,59,0,59,306
04/03/2000,EYW,FL,ASO,ES,Federal Contract Tower,4,73,40,0,117,0,25,49,3,77,4,98,89,3,194,12,0,12,206
04/04/2000,EYW,FL,ASO,ES,Federal Contract Tower,6,66,36,0,108,3,42,70,2,117,9,108,106,2,225,40,0,40,265
04/05/2000,EYW,FL,ASO,ES,Federal Contract Tower,7,72,39,0,118,1,23,54,4,82,8,95,93,4,200,12,3,15,215
04/06/2000,EYW,FL,ASO,ES,Federal Contract Tower,6,75,41,0,122,0,26,84,10,120,6,101,125,10,242,42,8,50,292
04/07/2000,EYW,FL,ASO,ES,Federal Contract Tower,6,74,40,0,120,0,18,120,4,142,6,92,160,4,262,24,2,26,288
04/08/2000,EYW,FL,ASO,ES,Federal Contract Tower,5,74,40,0,119,0,21,71,0,92,5,95,111,0,211,12,6,18,229
04/09/2000,EYW,FL,ASO,ES,Federal Contract Tower,4,90,50,0,144,0,28,98,0,126,4,118,148,0,270,12,0,12,282
04/10/2000,EYW,FL,ASO,ES,Federal Contract Tower,7,76,41,0,124,1,31,57,0,89,8,107,98,0,213,50,2,52,265
04/11/2000,EYW,FL,ASO,ES,Federal Contract Tower,7,75,41,0,123,1,25,85,11,122,8,100,126,11,245,22,0,22,267
04/12/2000,EYW,FL,ASO,ES,Federal Contract Tower,7,78,43,0,128,1,26,106,7,140,8,104,149,7,268,39,0,39,307
04/13/2000,EYW,FL,ASO,ES,Federal Contract Tower,7,71,38,0,116,2,27,59,5,93,9,98,97,5,209,64,2,66,275
04/14/2000,EYW,FL,ASO,ES,Federal Contract Tower,2,78,42,0,122,0,10,30,1,41,2,88,72,1,163,16,0,16,179
04/15/2000,EYW,FL,ASO,ES,Federal Contract Tower,2,85,48,0,135,0,4,70,0,74,2,89,118,0,209,51,0,51,260
04/16/2000,EYW,FL,ASO,ES,Federal Contract Tower,7,87,48,0,142,1,21,86,0,108,8,108,134,0,250,42,0,42,292
04/17/2000,EYW,FL,ASO,ES,Federal Contract Tower,5,62,35,0,102,5,30,77,8,120,10,92,112,8,222,44,0,44,266
04/18/2000,EYW,FL,ASO,ES,Federal Contract Tower,6,74,39,0,119,1,23,78,0,102,7,97,117,0,221,26,0,26,247
04/19/2000,EYW,FL,ASO,ES,Federal Contract Tower,6,82,44,0,132,1,20,115,0,136,7,102,159,0,268,52,4,56,324
04/20/2000,EYW,FL,ASO,ES,Federal Contract Tower,6,83,45,0,134,2,24,102,0,128,8,107,147,0,262,50,0,50,312
04/21/2000,EYW,FL,ASO,ES,Federal Contract Tower,6,83,45,0,134,3,8,77,0,88,9,91,122,0,222,36,0,36,258
04/22/2000,EYW,FL,ASO,ES,Federal Contract Tower,4,80,43,0,127,0,25,99,0,124,4,105,142,0,251,26,16,42,293
04/23/2000,EYW,FL,ASO,ES,Federal Contract Tower,4,90,48,0,142,0,10,100,0,110,4,100,148,0,252,16,0,16,268
04/24/2000,EYW,FL,ASO,ES,Federal Contract Tower,5,67,37,0,109,2,15,48,2,67,7,82,85,2,176,26,0,26,202
04/25/2000,EYW,FL,ASO,ES,Federal Contract Tower,6,72,39,0,117,0,23,45,0,68,6,95,84,0,185,47,0,47,232
04/26/2000,EYW,FL,ASO,ES,Federal Contract Tower,6,72,38,0,116,0,31,120,2,153,6,103,158,2,269,41,0,41,310
04/27/2000,EYW,FL,ASO,ES,Federal Contract Tower,7,85,45,0,137,0,9,135,0,144,7,94,180,0,281,38,4,42,323
04/28/2000,EYW,FL,ASO,ES,Federal Contract Tower,6,72,38,0,116,7,6,104,0,117,13,78,142,0,233,60,0,60,293
04/29/2000,EYW,FL,ASO,ES,Federal Contract Tower,4,81,44,0,129,0,23,115,0,138,4,104,159,0,267,34,2,36,303
04/30/2000,EYW,FL,ASO,ES,Federal Contract Tower,6,90,48,0,144,0,3,89,4,96,6,93,137,4,240,67,2,69,309
05/01/2000,EYW,FL,ASO,ES,Federal Contract Tower,5,66,33,0,104,2,20,66,6,94,7,86,99,6,198,32,0,32,230
05/02/2000,EYW,FL,ASO,ES,Federal Contract Tower,5,75,38,0,118,1,22,99,0,122,6,97,137,0,240,24,0,24,264
05/03/2000,EYW,FL,ASO,ES,Federal Contract Tower,5,73,37,0,115,2,10,37,0,49,7,83,74,0,164,16,0,16,180
05/04/2000,EYW,FL,ASO,ES,Federal Contract Tower,5,68,33,0,106,2,16,77,0,95,7,84,110,0,201,92,0,92,293
05/05/2000,EYW,FL,ASO,ES,Federal Contract Tower,4,78,38,0,120,0,4,109,3,116,4,82,147,3,236,20,2,22,258
05/06/2000,EYW,FL,ASO,ES,Federal Contract Tower,5,75,38,0,118,1,12,62,13,88,6,87,100,13,206,52,0,52,258
05/07/2000,EYW,FL,ASO,ES,Federal Contract Tower,5,95,51,0,151,0,0,89,3,92,5,95,140,3,243,24,0,24,267
05/08/2000,EYW,FL,ASO,ES,Federal Contract Tower,5,69,34,0,108,0,21,60,3,84,5,90,94,3,192,79,6,85,277
05/09/2000,EYW,FL,ASO,ES,Federal Contract Tower,2,55,28,0,85,0,38,41,0,79,2,93,69,0,164,29,9,38,202
05/10/2000,EYW,FL,ASO,ES,Federal Contract Tower,3,66,33,0,102,0,26,72,5,103,3,92,105,5,205,20,2,22,227
05/11/2000,EYW,FL,ASO,ES,Federal Contract Tower,5,66,33,0,104,0,21,80,6,107,5,87,113,6,211,30,4,34,245
05/12/2000,EYW,FL,ASO,ES,Federal Contract Tower,6,77,38,0,121,0,19,98,0,117,6,96,136,0,238,14,6,20,258
05/13/2000,EYW,FL,ASO,ES,Federal Contract Tower,1,67,33,0,101,0,17,103,0,120,1,84,136,0,221,35,2,37,258
05/14/2000,EYW,FL,ASO,ES,Federal Contract Tower,5,78,38,0,121,0,7,94,4,105,5,85,132,4,226,30,0,30,256
05/15/2000,EYW,FL,ASO,ES,Federal Contract Tower,5,72,34,0,111,0,18,38,0,56,5,90,72,0,167,44,0,44,211
05/16/2000,EYW,FL,ASO,ES,Federal Contract Tower,4,67,33,0,104,0,7,63,0,70,4,74,96,0,174,12,0,12,186
05/17/2000,EYW,FL,ASO,ES,Federal Contract Tower,4,67,33,0,104,0,12,87,0,99,4,79,120,0,203,44,0,44,247
05/18/2000,EYW,FL,ASO,ES,Federal Contract Tower,3,62,30,0,95,0,24,62,6,92,3,86,92,6,187,36,0,36,223
05/19/2000,EYW,FL,ASO,ES,Federal Contract Tower,4,78,38,0,120,0,6,99,0,105,4,84,137,0,225,48,0,48,273
05/20/2000,EYW,FL,ASO,ES,Federal Contract Tower,4,69,33,0,106,0,13,86,0,99,4,82,119,0,205,63,6,69,274
05/21/2000,EYW,FL,ASO,ES,Federal Contract Tower,4,81,39,0,124,0,5,156,0,161,4,86,195,0,285,32,0,32,317
05/22/2000,EYW,FL,ASO,ES,Federal Contract Tower,3,61,30,0,94,1,32,38,0,71,4,93,68,0,165,64,0,64,229
05/23/2000,EYW,FL,ASO,ES,Federal Contract Tower,4,70,34,0,108,0,10,57,7,74,4,80,91,7,182,43,0,43,225
05/24/2000,EYW,FL,ASO,ES,Federal Contract Tower,3,63,30,0,96,0,40,66,0,106,3,103,96,0,202,47,0,47,249
05/25/2000,EYW,FL,ASO,ES,Federal Contract Tower,3,89,44,0,136,0,11,96,0,107,3,100,140,0,243,57,2,59,302
05/26/2000,EYW,FL,ASO,ES,Federal Contract Tower,3,84,41,0,128,0,16,150,0,166,3,100,191,0,294,82,4,86,380
05/27/2000,EYW,FL,ASO,ES,Federal Contract Tower,5,80,39,0,124,1,1,85,1,88,6,81,124,1,212,48,4,52,264
05/28/2000,EYW,FL,ASO,ES,Federal Contract Tower,4,79,39,0,122,0,5,120,4,129,4,84,159,4,251,41,0,41,292
05/29/2000,EYW,FL,ASO,ES,Federal Contract Tower,6,76,49,0,131,0,0,123,0,123,6,76,172,0,254,24,0,24,278
05/30/2000,EYW,FL,ASO,ES,Federal Contract Tower,4,74,37,0,115,0,14,54,6,74,4,88,91,6,189,45,0,45,234
05/31/2000,EYW,FL,ASO,ES,Federal Contract Tower,4,72,35,0,111,0,12,58,6,76,4,84,93,6,187,94,12,106,293
06/01/2000,EYW,FL,ASO,ES,Federal Contract Tower,5,63,40,0,108,0,22,54,4,80,5,85,94,4,188,50,22,72,260
06/02/2000,EYW,FL,ASO,ES,Federal Contract Tower,6,65,41,0,112,0,13,67,6,86,6,78,108,6,198,24,10,34,232
06/03/2000,EYW,FL,ASO,ES,Federal Contract Tower,6,64,40,0,110,1,16,53,4,74,7,80,93,4,184,65,0,65,249
06/04/2000,EYW,FL,ASO,ES,Federal Contract Tower,5,76,47,0,128,0,11,60,10,81,5,87,107,10,209,48,0,48,257
06/05/2000,EYW,FL,ASO,ES,Federal Contract Tower,5,56,36,0,97,1,14,30,6,51,6,70,66,6,148,111,2,113,261
06/06/2000,EYW,FL,ASO,ES,Federal Contract Tower,4,62,39,0,105,0,19,37,0,56,4,81,76,0,161,40,6,46,207
06/07/2000,EYW,FL,ASO,ES,Federal Contract Tower,6,62,38,0,106,1,33,52,22,108,7,95,90,22,214,54,2,56,270
06/08/2000,EYW,FL,ASO,ES,Federal Contract Tower,5,64,40,0,109,0,8,20,4,32,5,72,60,4,141,10,10,20,161
06/09/2000,EYW,FL,ASO,ES,Federal Contract Tower,5,67,43,0,115,0,27,32,8,67,5,94,75,8,182,77,0,77,259
06/10/2000,EYW,FL,ASO,ES,Federal Contract Tower,7,72,45,0,124,2,4,45,13,64,9,76,90,13,188,39,0,39,227
06/11/2000,EYW,FL,ASO,ES,Federal Contract Tower,6,77,48,0,131,0,11,40,2,53,6,88,88,2,184,23,0,23,207
06/12/2000,EYW,FL,ASO,ES,Federal Contract Tower,5,65,41,1,112,1,18,53,11,83,6,83,94,12,195,128,0,128,323
06/13/2000,EYW,FL,ASO,ES,Federal Contract Tower,6,72,45,1,124,3,2,68,31,104,9,74,113,32,228,18,0,18,246
06/14/2000,EYW,FL,ASO,ES,Federal Contract Tower,8,87,64,1,160,1,0,80,5,86,9,87,144,6,246,22,8,30,276
06/15/2000,EYW,FL,ASO,ES,Federal Contract Tower,5,87,63,1,156,0,0,73,8,81,5,87,136,9,237,26,4,30,267
06/16/2000,EYW,FL,ASO,ES,Federal Contract Tower,5,83,56,1,145,0,0,54,1,55,5,83,110,2,200,104,4,108,308
06/17/2000,EYW,FL,ASO,ES,Federal Contract Tower,6,84,51,1,142,0,14,100,8,122,6,98,151,9,264,72,0,72,336
06/18/2000,EYW,FL,ASO,ES,Federal Contract Tower,5,95,67,0,167,0,0,128,0,128,5,95,195,0,295,8,0,8,303
06/19/2000,EYW,FL,ASO,ES,Federal Contract Tower,5,84,51,0,140,0,0,59,0,59,5,84,110,0,199,6,0,6,205
06/20/2000,EYW,FL,ASO,ES,Federal Contract Tower,4,64,38,1,107,0,4,37,5,46,4,68,75,6,153,12,0,12,165
06/21/2000,EYW,FL,ASO,ES,Federal Contract Tower,5,63,37,0,105,0,21,71,0,92,5,84,108,0,197,46,2,48,245
06/22/2000,EYW,FL,ASO,ES,Federal Contract Tower,4,65,40,0,109,0,16,70,5,91,4,81,110,5,200,42,4,46,246
06/23/2000,EYW,FL,ASO,ES,Federal Contract Tower,4,68,42,0,114,0,20,63,13,96,4,88,105,13,210,30,6,36,246
06/24/2000,EYW,FL,ASO,ES,Federal Contract Tower,5,62,38,0,105,1,3,54,6,64,6,65,92,6,169,56,6,62,231
06/25/2000,EYW,FL,ASO,ES,Federal Contract Tower,5,65,41,0,111,2,17,66,0,85,7,82,107,0,196,8,0,8,204
06/26/2000,EYW,FL,ASO,ES,Federal Contract Tower,4,58,36,0,98,1,28,24,0,53,5,86,60,0,151,2,0,2,153
06/27/2000,EYW,FL,ASO,ES,Federal Contract Tower,4,59,37,0,100,2,8,21,6,37,6,67,58,6,137,14,0,14,151
06/28/2000,EYW,FL,ASO,ES,Federal Contract Tower,5,65,40,0,110,1,7,58,0,66,6,72,98,0,176,42,0,42,218
06/29/2000,EYW,FL,ASO,ES,Federal Contract Tower,5,65,40,0,110,0,25,78,4,107,5,90,118,4,217,39,4,43,260
06/30/2000,EYW,FL,ASO,ES,Federal Contract Tower,4,60,37,0,101,2,23,66,4,95,6,83,103,4,196,75,4,79,275
07/01/2000,EYW,FL,ASO,ES,Federal Contract Tower,4,68,29,0,101,0,1,64,0,65,4,69,93,0,166,21,0,21,187
07/02/2000,EYW,FL,ASO,ES,Federal Contract Tower,4,71,30,0,105,1,7,31,0,39,5,78,61,0,144,67,0,67,211
07/03/2000,EYW,FL,ASO,ES,Federal Contract Tower,4,68,29,0,101,0,10,48,0,58,4,78,77,0,159,67,0,67,226
07/04/2000,EYW,FL,ASO,ES,Federal Contract Tower,4,66,29,0,99,0,0,65,0,65,4,66,94,0,164,66,0,66,230
07/05/2000,EYW,FL,ASO,ES,Federal Contract Tower,4,73,33,0,110,0,0,65,10,75,4,73,98,10,185,16,12,28,213
07/06/2000,EYW,FL,ASO,ES,Federal Contract Tower,2,70,30,0,102,0,12,59,0,71,2,82,89,0,173,80,2,82,255
07/07/2000,EYW,FL,ASO,ES,Federal Contract Tower,1,72,31,0,104,0,17,45,0,62,1,89,76,0,166,18,0,18,184
07/08/2000,EYW,FL,ASO,ES,Federal Contract Tower,4,78,34,0,116,2,10,57,8,77,6,88,91,8,193,47,0,47,240
07/09/2000,EYW,FL,ASO,ES,Federal Contract Tower,2,85,36,0,123,0,4,66,8,78,2,89,102,8,201,28,0,28,229
07/10/2000,EYW,FL,ASO,ES,Federal Contract Tower,4,66,28,0,98,1,9,24,4,38,5,75,52,4,136,48,8,56,192
07/11/2000,EYW,FL,ASO,ES,Federal Contract Tower,4,71,30,0,105,2,6,37,32,77,6,77,67,32,182,33,0,33,215
07/12/2000,EYW,FL,ASO,ES,Federal Contract Tower,4,72,30,0,106,0,7,66,37,110,4,79,96,37,216,10,0,10,226
07/13/2000,EYW,FL,ASO,ES,Federal Contract Tower,4,72,30,0,106,0,14,50,0,64,4,86,80,0,170,25,4,29,199
07/14/2000,EYW,FL,ASO,ES,Federal Contract Tower,2,65,28,0,95,0,32,70,7,109,2,97,98,7,204,39,4,43,247
07/15/2000,EYW,FL,ASO,ES,Federal Contract Tower,4,79,32,0,115,1,6,53,2,62,5,85,85,2,177,32,6,38,215
07/16/2000,EYW,FL,ASO,ES,Federal Contract Tower,4,73,30,0,107,2,8,69,3,82,6,81,99,3,189,20,0,20,209
07/17/2000,EYW,FL,ASO,ES,Federal Contract Tower,3,67,27,1,98,1,17,46,4,68,4,84,73,5,166,105,0,105,271
07/18/2000,EYW,FL,ASO,ES,Federal Contract Tower,1,65,27,1,94,0,0,31,27,58,1,65,58,28,152,57,0,57,209
07/19/2000,EYW,FL,ASO,ES,Federal Contract Tower,3,73,29,1,106,2,20,42,16,80,5,93,71,17,186,38,14,52,238
07/20/2000,EYW,FL,ASO,ES,Federal Contract Tower,3,70,29,0,102,1,22,30,0,53,4,92,59,0,155,10,28,38,193
07/21/2000,EYW,FL,ASO,ES,Federal Contract Tower,3,77,33,0,113,4,26,68,24,122,7,103,101,24,235,63,22,85,320
07/22/2000,EYW,FL,ASO,ES,Federal Contract Tower,3,83,34,0,120,0,3,44,0,47,3,86,78,0,167,39,28,67,234
07/23/2000,EYW,FL,ASO,ES,Federal Contract Tower,4,85,36,0,125,1,0,83,8,92,5,85,119,8,217,75,8,83,300
07/24/2000,EYW,FL,ASO,ES,Federal Contract Tower,3,62,26,0,91,0,14,17,39,70,3,76,43,39,161,56,20,76,237
07/25/2000,EYW,FL,ASO,ES,Federal Contract Tower,2,79,34,0,115,0,8,55,70,133,2,87,89,70,248,5,5,10,258
07/26/2000,EYW,FL,ASO,ES,Federal Contract Tower,3,65,27,0,95,2,27,47,9,85,5,92,74,9,180,4,22,26,206
07/27/2000,EYW,FL,ASO,ES,Federal Contract Tower,3,79,34,0,116,2,18,76,10,106,5,97,110,10,222,8,14,22,244
07/28/2000,EYW,FL,ASO,ES,Federal Contract Tower,3,67,28,0,98,0,28,56,0,84,3,95,84,0,182,30,26,56,238
07/29/2000,EYW,FL,ASO,ES,Federal Contract Tower,1,71,29,0,101,0,21,44,2,67,1,92,73,2,168,17,10,27,195
07/30/2000,EYW,FL,ASO,ES,Federal Contract Tower,4,94,39,0,137,0,18,82,2,102,4,112,121,2,239,14,6,20,259
07/31/2000,EYW,FL,ASO,ES,Federal Contract Tower,0,68,28,0,96,0,11,29,26,66,0,79,57,26,162,30,35,65,227
08/01/2000,EYW,FL,ASO,ES,Federal Contract Tower,0,71,25,0,96,0,12,18,27,57,0,83,43,27,153,16,0,16,169
08/02/2000,EYW,FL,ASO,ES,Federal Contract Tower,0,76,27,0,103,0,23,39,21,83,0,99,66,21,186,10,28,38,224
08/03/2000,EYW,FL,ASO,ES,Federal Contract Tower,0,64,22,0,86,0,29,45,14,88,0,93,67,14,174,16,54,70,244
08/04/2000,EYW,FL,ASO,ES,Federal Contract Tower,0,85,29,0,114,0,1,68,29,98,0,86,97,29,212,45,4,49,261
08/05/2000,EYW,FL,ASO,ES,Federal Contract Tower,0,84,29,0,113,0,23,66,5,94,0,107,95,5,207,12,6,18,225
08/06/2000,EYW,FL,ASO,ES,Federal Contract Tower,0,81,29,0,110,0,3,37,2,42,0,84,66,2,152,34,0,34,186
08/07/2000,EYW,FL,ASO,ES,Federal Contract Tower,0,76,27,0,103,1,22,30,5,58,1,98,57,5,161,0,0,0,161
08/08/2000,EYW,FL,ASO,ES,Federal Contract Tower,0,74,27,0,101,0,2,43,16,61,0,76,70,16,162,50,18,68,230
08/09/2000,EYW,FL,ASO,ES,Federal Contract Tower,0,78,28,0,106,0,15,80,26,121,0,93,108,26,227,8,2,10,237
08/10/2000,EYW,FL,ASO,ES,Federal Contract Tower,0,74,27,0,101,0,8,63,8,79,0,82,90,8,180,34,4,38,218
08/11/2000,EYW,FL,ASO,ES,Federal Contract Tower,0,90,32,0,122,0,7,55,1,63,0,97,87,1,185,54,2,56,241
08/12/2000,EYW,FL,ASO,ES,Federal Contract Tower,0,85,30,0,115,0,12,19,0,31,0,97,49,0,146,10,4,14,160
08/13/2000,EYW,FL,ASO,ES,Federal Contract Tower,0,85,29,1,115,0,12,78,1,91,0,97,107,2,206,10,9,19,225
08/14/2000,EYW,FL,ASO,ES,Federal Contract Tower,0,71,25,1,97,0,18,49,3,70,0,89,74,4,167,8,14,22,189
08/15/2000,EYW,FL,ASO,ES,Federal Contract Tower,0,66,23,1,90,0,17,28,1,46,0,83,51,2,136,4,0,4,140
08/16/2000,EYW,FL,ASO,ES,Federal Contract Tower,0,72,26,1,99,0,0,49,7,56,0,72,75,8,155,6,0,6,161
08/17/2000,EYW,FL,ASO,ES,Federal Contract Tower,0,80,28,0,108,0,14,40,0,54,0,94,68,0,162,16,2,18,180
08/18/2000,EYW,FL,ASO,ES,Federal Contract Tower,0,83,28,0,111,0,2,55,0,57,0,85,83,0,168,44,6,50,218
08/19/2000,EYW,FL,ASO,ES,Federal Contract Tower,0,80,28,0,108,0,13,62,2,77,0,93,90,2,185,26,2,28,213
08/20/2000,EYW,FL,ASO,ES,Federal Contract Tower,0,89,30,0,119,0,13,82,8,103,0,102,112,8,222,30,8,38,260
08/21/2000,EYW,FL,ASO,ES,Federal Contract Tower,0,75,26,0,101,0,22,60,2,84,0,97,86,2,185,30,23,53,238
08/22/2000,EYW,FL,ASO,ES,Federal Contract Tower,0,67,23,0,90,0,13,36,14,63,0,80,59,14,153,46,2,48,201
08/23/2000,EYW,FL,ASO,ES,Federal Contract Tower,0,83,29,0,112,0,10,73,0,83,0,93,102,0,195,14,0,14,209
08/24/2000,EYW,FL,ASO,ES,Federal Contract Tower,0,71,25,0,96,4,15,13,4,36,4,86,38,4,132,30,0,30,162
08/25/2000,EYW,FL,ASO,ES,Federal Contract Tower,0,71,24,0,95,0,13,24,2,39,0,84,48,2,134,47,2,49,183
08/26/2000,EYW,FL,ASO,ES,Federal Contract Tower,0,64,22,0,86,0,6,12,0,18,0,70,34,0,104,2,2,4,108
08/27/2000,EYW,FL,ASO,ES,Federal Contract Tower,0,74,26,0,100,0,1,13,0,14,0,75,39,0,114,8,0,8,122
08/28/2000,EYW,FL,ASO,ES,Federal Contract Tower,0,70,24,0,94,0,24,20,2,46,0,94,44,2,140,2,0,2,142
08/29/2000,EYW,FL,ASO,ES,Federal Contract Tower,0,57,20,0,77,0,21,41,4,66,0,78,61,4,143,6,2,8,151
08/30/2000,EYW,FL,ASO,ES,Federal Contract Tower,0,80,27,0,107,0,7,21,0,28,0,87,48,0,135,0,0,0,135
08/31/2000,EYW,FL,ASO,ES,Federal Contract Tower,0,79,27,0,106,0,4,34,4,42,0,83,61,4,148,26,4,30,178
09/01/2000,EYW,FL,ASO,ES,Federal Contract Tower,0,82,33,0,115,0,9,69,1,79,0,91,102,1,194,45,4,49,243
09/02/2000,EYW,FL,ASO,ES,Federal Contract Tower,0,72,29,0,101,0,14,71,0,85,0,86,100,0,186,50,0,50,236
09/03/2000,EYW,FL,ASO,ES,Federal Contract Tower,0,75,30,0,105,0,29,80,0,109,0,104,110,0,214,38,0,38,252
09/04/2000,EYW,FL,ASO,ES,Federal Contract Tower,0,89,35,0,124,0,6,99,0,105,0,95,134,0,229,67,2,69,298
09/05/2000,EYW,FL,ASO,ES,Federal Contract Tower,0,59,23,0,82,0,29,46,5,80,0,88,69,5,162,49,27,76,238
09/06/2000,EYW,FL,ASO,ES,Federal Contract Tower,2,66,26,0,94,0,15,33,11,59,2,81,59,11,153,12,6,18,171
09/07/2000,EYW,FL,ASO,ES,Federal Contract Tower,3,56,22,0,81,0,15,51,0,66,3,71,73,0,147,92,4,96,243
09/08/2000,EYW,FL,ASO,ES,Federal Contract Tower,4,73,29,0,106,0,9,56,8,73,4,82,85,8,179,23,18,41,220
09/09/2000,EYW,FL,ASO,ES,Federal Contract Tower,4,64,25,0,93,0,6,47,4,57,4,70,72,4,150,36,14,50,200
09/10/2000,EYW,FL,ASO,ES,Federal Contract Tower,6,65,26,0,97,0,13,78,0,91,6,78,104,0,188,25,0,25,213
09/11/2000,EYW,FL,ASO,ES,Federal Contract Tower,5,53,20,0,78,1,12,40,3,56,6,65,60,3,134,18,12,30,164
09/12/2000,EYW,FL,ASO,ES,Federal Contract Tower,5,55,22,0,82,1,12,36,16,65,6,67,58,16,147,22,14,36,183
09/13/2000,EYW,FL,ASO,ES,Federal Contract Tower,3,65,25,0,93,0,14,40,30,84,3,79,65,30,177,35,8,43,220
09/14/2000,EYW,FL,ASO,ES,Federal Contract Tower,6,64,25,0,95,1,3,31,21,56,7,67,56,21,151,29,10,39,190
09/15/2000,EYW,FL,ASO,ES,Federal Contract Tower,5,69,26,0,100,0,0,42,0,42,5,69,68,0,142,60,0,60,202
09/16/2000,EYW,FL,ASO,ES,Federal Contract Tower,5,68,26,1,100,2,9,31,1,43,7,77,57,2,143,42,20,62,205
09/17/2000,EYW,FL,ASO,ES,Federal Contract Tower,1,36,11,0,48,0,11,0,0,11,1,47,11,0,59,0,0,0,59
09/18/2000,EYW,FL,ASO,ES,Federal Contract Tower,4,59,23,0,86,4,5,35,2,46,8,64,58,2,132,30,0,30,162
09/19/2000,EYW,FL,ASO,ES,Federal Contract Tower,4,60,23,0,87,4,12,69,9,94,8,72,92,9,181,43,15,58,239
09/20/2000,EYW,FL,ASO,ES,Federal Contract Tower,4,53,20,0,77,4,4,34,16,58,8,57,54,16,135,12,0,12,147
09/21/2000,EYW,FL,ASO,ES,Federal Contract Tower,4,62,25,0,91,4,8,52,2,66,8,70,77,2,157,77,22,99,256
09/22/2000,EYW,FL,ASO,ES,Federal Contract Tower,5,63,26,0,94,5,0,65,2,72,10,63,91,2,166,26,2,28,194
09/23/2000,EYW,FL,ASO,ES,Federal Contract Tower,6,76,30,0,112,4,0,88,2,94,10,76,118,2,206,23,0,23,229
09/24/2000,EYW,FL,ASO,ES,Federal Contract Tower,5,71,28,0,104,2,18,93,0,113,7,89,121,0,217,35,6,41,258
09/25/2000,EYW,FL,ASO,ES,Federal Contract Tower,4,59,23,0,86,2,6,50,2,60,6,65,73,2,146,56,12,68,214
09/26/2000,EYW,FL,ASO,ES,Federal Contract Tower,4,61,24,0,89,4,4,41,6,55,8,65,65,6,144,45,12,57,201
09/27/2000,EYW,FL,ASO,ES,Federal Contract Tower,4,58,23,0,85,3,13,46,8,70,7,71,69,8,155,80,2,82,237
09/28/2000,EYW,FL,ASO,ES,Federal Contract Tower,4,52,20,0,76,3,26,24,8,61,7,78,44,8,137,56,8,64,201
09/29/2000,EYW,FL,ASO,ES,Federal Contract Tower,5,72,28,0,105,2,4,50,0,56,7,76,78,0,161,21,10,31,192
09/30/2000,EYW,FL,ASO,ES,Federal Contract Tower,5,66,26,0,97,3,22,54,4,83,8,88,80,4,180,64,2,66,246
10/01/2000,EYW,FL,ASO,ES,Federal Contract Tower,7,65,34,0,106,0,20,48,0,68,7,85,82,0,174,32,4,36,210
10/02/2000,EYW,FL,ASO,ES,Federal Contract Tower,5,49,25,0,79,0,15,0,2,17,5,64,25,2,96,0,4,4,100
10/03/2000,EYW,FL,ASO,ES,Federal Contract Tower,5,29,3,0,37,0,16,0,0,16,5,45,3,0,53,0,0,0,53
10/04/2000,EYW,FL,ASO,ES,Federal Contract Tower,6,37,19,0,62,0,22,14,5,41,6,59,33,5,103,100,6,106,209
10/05/2000,EYW,FL,ASO,ES,Federal Contract Tower,9,53,28,0,90,2,14,46,9,71,11,67,74,9,161,95,2,97,258
10/06/2000,EYW,FL,ASO,ES,Federal Contract Tower,9,60,31,0,100,0,11,80,8,99,9,71,111,8,199,34,10,44,243
10/07/2000,EYW,FL,ASO,ES,Federal Contract Tower,8,54,28,0,90,0,38,49,0,87,8,92,77,0,177,64,24,88,265
10/08/2000,EYW,FL,ASO,ES,Federal Contract Tower,9,64,33,0,106,0,1,74,0,75,9,65,107,0,181,8,14,22,203
10/09/2000,EYW,FL,ASO,ES,Federal Contract Tower,9,51,27,0,87,4,10,5,2,21,13,61,32,2,108,0,0,0,108
10/10/2000,EYW,FL,ASO,ES,Federal Contract Tower,9,53,28,0,90,2,11,25,0,38,11,64,53,0,128,5,12,17,145
10/11/2000,EYW,FL,ASO,ES,Federal Contract Tower,10,59,31,0,100,2,1,33,0,36,12,60,64,0,136,24,4,28,164
10/12/2000,EYW,FL,ASO,ES,Federal Contract Tower,8,58,30,0,96,0,2,58,0,60,8,60,88,0,156,2,2,4,160
10/13/2000,EYW,FL,ASO,ES,Federal Contract Tower,11,62,32,0,105,1,13,78,0,92,12,75,110,0,197,38,4,42,239
10/14/2000,EYW,FL,ASO,ES,Federal Contract Tower,9,54,28,0,91,5,23,75,0,103,14,77,103,0,194,40,4,44,238
10/15/2000,EYW,FL,ASO,ES,Federal Contract Tower,10,60,31,0,101,3,29,109,2,143,13,89,140,2,244,54,0,54,298
10/16/2000,EYW,FL,ASO,ES,Federal Contract Tower,9,52,27,0,88,1,21,54,5,81,10,73,81,5,169,32,28,60,229
10/17/2000,EYW,FL,ASO,ES,Federal Contract Tower,9,58,30,1,98,2,4,70,0,76,11,62,100,1,174,32,16,48,222
10/18/2000,EYW,FL,ASO,ES,Federal Contract Tower,7,45,22,1,75,4,15,53,3,75,11,60,75,4,150,24,18,42,192
10/19/2000,EYW,FL,ASO,ES,Federal Contract Tower,10,61,31,0,102,1,6,66,2,75,11,67,97,2,177,99,20,119,296
10/20/2000,EYW,FL,ASO,ES,Federal Contract Tower,11,75,39,0,125,0,27,86,2,115,11,102,125,2,240,52,18,70,310
10/21/2000,EYW,FL,ASO,ES,Federal Contract Tower,8,78,40,0,126,0,24,89,0,113,8,102,129,0,239,22,22,44,283
10/22/2000,EYW,FL,ASO,ES,Federal Contract Tower,12,77,40,0,129,3,11,70,0,84,15,88,110,0,213,8,22,30,243
10/23/2000,EYW,FL,ASO,ES,Federal Contract Tower,9,59,30,0,98,6,11,55,0,72,15,70,85,0,170,18,26,44,214
10/24/2000,EYW,FL,ASO,ES,Federal Contract Tower,10,62,31,0,103,1,8,53,2,64,11,70,84,2,167,19,34,53,220
10/25/2000,EYW,FL,ASO,ES,Federal Contract Tower,14,92,46,0,152,0,18,62,6,86,14,110,108,6,238,6,12,18,256
10/26/2000,EYW,FL,ASO,ES,Federal Contract Tower,13,104,53,0,170,0,15,133,0,148,13,119,186,0,318,59,20,79,397
10/27/2000,EYW,FL,ASO,ES,Federal Contract Tower,12,74,38,0,124,1,47,146,0,194,13,121,184,0,318,10,42,52,370
10/28/2000,EYW,FL,ASO,ES,Federal Contract Tower,10,87,44,0,141,0,4,155,0,159,10,91,199,0,300,32,12,44,344
10/29/2000,EYW,FL,ASO,ES,Federal Contract Tower,14,122,62,0,198,0,44,261,0,305,14,166,323,0,503,6,4,10,513
10/30/2000,EYW,FL,ASO,ES,Federal Contract Tower,13,92,46,0,151,0,30,34,0,64,13,122,80,0,215,55,32,87,302
10/31/2000,EYW,FL,ASO,ES,Federal Contract Tower,10,67,34,0,111,4,9,35,0,48,14,76,69,0,159,30,34,64,223
11/01/2000,EYW,FL,ASO,ES,Federal Contract Tower,7,60,35,0,102,2,18,55,4,79,9,78,90,4,181,7,55,62,243
11/02/2000,EYW,FL,ASO,ES,Federal Contract Tower,7,59,35,0,101,3,23,55,5,86,10,82,90,5,187,10,24,34,221
11/03/2000,EYW,FL,ASO,ES,Federal Contract Tower,8,67,38,0,113,1,22,80,0,103,9,89,118,0,216,20,22,42,258
11/04/2000,EYW,FL,ASO,ES,Federal Contract Tower,6,65,38,0,109,0,42,93,0,135,6,107,131,0,244,24,18,42,286
11/05/2000,EYW,FL,ASO,ES,Federal Contract Tower,9,80,46,0,135,1,8,109,4,122,10,88,155,4,257,86,14,100,357
11/06/2000,EYW,FL,ASO,ES,Federal Contract Tower,7,59,34,0,100,0,21,74,0,95,7,80,108,0,195,160,62,222,417
11/07/2000,EYW,FL,ASO,ES,Federal Contract Tower,6,68,40,0,114,0,17,73,0,90,6,85,113,0,204,68,20,88,292
11/08/2000,EYW,FL,ASO,ES,Federal Contract Tower,7,76,44,0,127,0,20,170,2,192,7,96,214,2,319,22,6,28,347
11/09/2000,EYW,FL,ASO,ES,Federal Contract Tower,10,87,51,0,148,0,11,75,12,98,10,98,126,12,246,24,14,38,284
11/10/2000,EYW,FL,ASO,ES,Federal Contract Tower,6,96,56,0,158,0,6,116,7,129,6,102,172,7,287,21,56,77,364
11/11/2000,EYW,FL,ASO,ES,Federal Contract Tower,6,83,48,0,137,0,29,167,0,196,6,112,215,0,333,8,0,8,341
11/12/2000,EYW,FL,ASO,ES,Federal Contract Tower,11,97,56,0,164,1,7,109,0,117,12,104,165,0,281,20,10,30,311
11/13/2000,EYW,FL,ASO,ES,Federal Contract Tower,8,68,40,0,116,2,11,71,0,84,10,79,111,0,200,127,8,135,335
11/14/2000,EYW,FL,ASO,ES,Federal Contract Tower,6,57,4,0,67,5,25,0,0,30,11,82,4,0,97,142,44,186,283
11/15/2000,EYW,FL,ASO,ES,Federal Contract Tower,6,62,36,0,104,7,18,64,0,89,13,80,100,0,193,8,2,10,203
11/16/2000,EYW,FL,ASO,ES,Federal Contract Tower,6,65,37,1,109,5,14,51,3,73,11,79,88,4,182,10,77,87,269
11/17/2000,EYW,FL,ASO,ES,Federal Contract Tower,8,79,44,0,131,0,32,120,0,152,8,111,164,0,283,22,56,78,361
11/18/2000,EYW,FL,ASO,ES,Federal Contract Tower,5,77,42,0,124,0,5,87,0,92,5,82,129,0,216,68,26,94,310
11/19/2000,EYW,FL,ASO,ES,Federal Contract Tower,8,81,45,1,135,1,15,94,0,110,9,96,139,1,245,10,8,18,263
11/20/2000,EYW,FL,ASO,ES,Federal Contract Tower,7,66,37,1,111,0,15,30,9,54,7,81,67,10,165,2,10,12,177
11/21/2000,EYW,FL,ASO,ES,Federal Contract Tower,6,59,32,0,97,1,25,35,0,61,7,84,67,0,158,4,12,16,174
11/22/2000,EYW,FL,ASO,ES,Federal Contract Tower,6,75,43,0,124,0,8,70,0,78,6,83,113,0,202,6,0,6,208
11/23/2000,EYW,FL,ASO,ES,Federal Contract Tower,5,52,30,0,87,1,20,39,0,60,6,72,69,0,147,8,0,8,155
11/24/2000,EYW,FL,ASO,ES,Federal Contract Tower,4,75,42,0,121,0,26,91,0,117,4,101,133,0,238,43,0,43,281
11/25/2000,EYW,FL,ASO,ES,Federal Contract Tower,7,74,42,0,123,0,15,24,0,39,7,89,66,0,162,32,0,32,194
11/26/2000,EYW,FL,ASO,ES,Federal Contract Tower,8,103,58,0,169,0,0,52,0,52,8,103,110,0,221,40,0,40,261
11/27/2000,EYW,FL,ASO,ES,Federal Contract Tower,3,72,41,0,116,0,22,47,3,72,3,94,88,3,188,13,2,15,203
11/28/2000,EYW,FL,ASO,ES,Federal Contract Tower,5,54,31,0,90,0,46,57,0,103,5,100,88,0,193,4,8,12,205
11/29/2000,EYW,FL,ASO,ES,Federal Contract Tower,6,65,38,0,109,0,20,27,0,47,6,85,65,0,156,6,14,20,176
11/30/2000,EYW,FL,ASO,ES,Federal Contract Tower,5,71,40,0,116,0,5,49,0,54,5,76,89,0,170,12,24,36,206
12/01/2000,EYW,FL,ASO,ES,Federal Contract Tower,5,68,35,0,108,0,34,91,0,125,5,102,126,0,233,10,22,32,265
12/02/2000,EYW,FL,ASO,ES,Federal Contract Tower,5,77,41,0,123,2,10,88,2,102,7,87,129,2,225,4,44,48,273
12/03/2000,EYW,FL,ASO,ES,Federal Contract Tower,6,86,45,0,137,0,23,86,8,117,6,109,131,8,254,2,10,12,266
12/04/2000,EYW,FL,ASO,ES,Federal Contract Tower,4,63,34,0,101,0,18,24,9,51,4,81,58,9,152,0,48,48,200
12/05/2000,EYW,FL,ASO,ES,Federal Contract Tower,4,61,33,0,98,0,21,29,12,62,4,82,62,12,160,16,46,62,222
12/06/2000,EYW,FL,ASO,ES,Federal Contract Tower,5,75,40,0,120,0,13,55,9,77,5,88,95,9,197,49,38,87,284
12/07/2000,EYW,FL,ASO,ES,Federal Contract Tower,4,74,40,0,118,0,32,72,5,109,4,106,112,5,227,84,50,134,361
12/08/2000,EYW,FL,ASO,ES,Federal Contract Tower,4,78,42,0,124,0,22,78,15,115,4,100,120,15,239,92,88,180,419
12/09/2000,EYW,FL,ASO,ES,Federal Contract Tower,5,73,39,0,117,0,7,42,14,63,5,80,81,14,180,52,26,78,258
12/10/2000,EYW,FL,ASO,ES,Federal Contract Tower,5,95,56,0,156,0,0,42,0,42,5,95,98,0,198,10,12,22,220
12/11/2000,EYW,FL,ASO,ES,Federal Contract Tower,4,56,30,0,90,0,20,26,14,60,4,76,56,14,150,18,22,40,190
12/12/2000,EYW,FL,ASO,ES,Federal Contract Tower,5,65,34,0,104,2,7,49,4,62,7,72,83,4,166,6,86,92,258
12/13/2000,EYW,FL,ASO,ES,Federal Contract Tower,4,66,34,0,104,0,19,53,0,72,4,85,87,0,176,12,48,60,236
12/14/2000,EYW,FL,ASO,ES,Federal Contract Tower,4,71,38,0,113,0,9,50,10,69,4,80,88,10,182,46,24,70,252
12/15/2000,EYW,FL,ASO,ES,Federal Contract Tower,4,73,38,0,115,0,6,62,1,69,4,79,100,1,184,26,38,64,248
12/16/2000,EYW,FL,ASO,ES,Federal Contract Tower,3,58,31,0,92,4,24,81,5,114,7,82,112,5,206,32,22,54,260
12/17/2000,EYW,FL,ASO,ES,Federal Contract Tower,5,83,43,0,131,0,6,56,3,65,5,89,99,3,196,66,10,76,272
12/18/2000,EYW,FL,ASO,ES,Federal Contract Tower,3,58,31,0,92,1,14,76,2,93,4,72,107,2,185,34,18,52,237
12/19/2000,EYW,FL,ASO,ES,Federal Contract Tower,3,52,26,0,81,1,29,48,0,78,4,81,74,0,159,22,6,28,187
12/20/2000,EYW,FL,ASO,ES,Federal Contract Tower,4,80,42,0,126,0,12,47,0,59,4,92,89,0,185,0,4,4,189
12/21/2000,EYW,FL,ASO,ES,Federal Contract Tower,4,66,34,0,104,0,21,33,6,60,4,87,67,6,164,36,4,40,204
12/22/2000,EYW,FL,ASO,ES,Federal Contract Tower,4,77,41,0,122,0,18,36,0,54,4,95,77,0,176,0,4,4,180
12/23/2000,EYW,FL,ASO,ES,Federal Contract Tower,4,72,37,0,113,0,28,28,0,56,4,100,65,0,169,4,0,4,173
12/24/2000,EYW,FL,ASO,ES,Federal Contract Tower,4,69,36,0,109,2,26,3,0,31,6,95,39,0,140,8,0,8,148
12/25/2000,EYW,FL,ASO,ES,Federal Contract Tower,2,52,26,0,80,0,18,24,0,42,2,70,50,0,122,0,0,0,122
12/26/2000,EYW,FL,ASO,ES,Federal Contract Tower,4,97,56,0,157,0,0,95,0,95,4,97,151,0,252,10,10,20,272
12/27/2000,EYW,FL,ASO,ES,Federal Contract Tower,6,102,53,0,161,0,1,114,0,115,6,103,167,0,276,36,2,38,314
12/28/2000,EYW,FL,ASO,ES,Federal Contract Tower,5,86,45,0,136,1,11,96,0,108,6,97,141,0,244,46,8,54,298
12/29/2000,EYW,FL,ASO,ES,Federal Contract Tower,6,106,56,0,168,0,8,114,0,122,6,114,170,0,290,22,0,22,312
12/30/2000,EYW,FL,ASO,ES,Federal Contract Tower,4,104,54,0,162,0,7,118,0,125,4,111,172,0,287,16,0,16,303
12/31/2000,EYW,FL,ASO,ES,Federal Contract Tower,4,91,47,0,142,0,8,121,0,129,4,99,168,0,271,12,0,12,283
01/01/2001,EYW,FL,ASO,ES,Federal Contract Tower,5,78,51,0,134,0,0,135,0,135,5,78,186,0,269,36,0,36,305
01/02/2001,EYW,FL,ASO,ES,Federal Contract Tower,6,88,53,0,147,0,28,148,0,176,6,116,201,0,323,54,16,70,393
01/03/2001,EYW,FL,ASO,ES,Federal Contract Tower,6,79,47,0,132,0,21,103,0,124,6,100,150,0,256,18,6,24,280
01/04/2001,EYW,FL,ASO,ES,Federal Contract Tower,4,74,45,0,123,0,14,97,0,111,4,88,142,0,234,86,2,88,322
01/05/2001,EYW,FL,ASO,ES,Federal Contract Tower,5,66,39,0,110,1,25,82,0,108,6,91,121,0,218,52,12,64,282
01/06/2001,EYW,FL,ASO,ES,Federal Contract Tower,7,91,54,0,152,0,21,98,0,119,7,112,152,0,271,78,26,104,375
01/07/2001,EYW,FL,ASO,ES,Federal Contract Tower,6,86,52,0,144,0,24,151,0,175,6,110,203,0,319,60,40,100,419
01/08/2001,EYW,FL,ASO,ES,Federal Contract Tower,4,57,35,0,96,2,42,61,0,105,6,99,96,0,201,26,32,58,259
01/09/2001,EYW,FL,ASO,ES,Federal Contract Tower,5,63,37,0,105,1,16,27,1,45,6,79,64,1,150,6,12,18,168
01/10/2001,EYW,FL,ASO,ES,Federal Contract Tower,4,70,42,0,116,0,11,71,0,82,4,81,113,0,198,16,26,42,240
01/11/2001,EYW,FL,ASO,ES,Federal Contract Tower,3,65,39,1,108,0,21,69,1,91,3,86,108,2,199,130,72,202,401
01/12/2001,EYW,FL,ASO,ES,Federal Contract Tower,4,93,56,1,154,0,15,78,5,98,4,108,134,6,252,76,20,96,348
01/13/2001,EYW,FL,ASO,ES,Federal Contract Tower,6,92,59,1,158,1,0,109,2,112,7,92,168,3,270,36,6,42,312
01/14/2001,EYW,FL,ASO,ES,Federal Contract Tower,6,92,53,1,152,0,9,122,1,132,6,101,175,2,284,28,4,32,316
01/15/2001,EYW,FL,ASO,ES,Federal Contract Tower,4,67,39,0,110,0,28,94,0,122,4,95,133,0,232,42,80,122,354
01/16/2001,EYW,FL,ASO,ES,Federal Contract Tower,5,80,47,1,133,3,5,76,9,93,8,85,123,10,226,114,68,182,408
01/17/2001,EYW,FL,ASO,ES,Federal Contract Tower,4,89,52,1,146,0,15,53,0,68,4,104,105,1,214,90,74,164,378
01/18/2001,EYW,FL,ASO,ES,Federal Contract Tower,4,80,47,1,132,0,15,72,0,87,4,95,119,1,219,62,28,90,309
01/19/2001,EYW,FL,ASO,ES,Federal Contract Tower,4,90,52,0,146,0,13,79,0,92,4,103,131,0,238,12,28,40,278
01/20/2001,EYW,FL,ASO,ES,Federal Contract Tower,4,87,51,0,142,0,21,12,0,33,4,108,63,0,175,16,10,26,201
01/21/2001,EYW,FL,ASO,ES,Federal Contract Tower,5,94,55,1,155,0,19,74,1,94,5,113,129,2,249,26,28,54,303
01/22/2001,EYW,FL,ASO,ES,Federal Contract Tower,4,68,39,0,111,0,21,18,0,39,4,89,57,0,150,2,12,14,164
01/23/2001,EYW,FL,ASO,ES,Federal Contract Tower,4,62,36,1,103,0,24,21,1,46,4,86,57,2,149,0,6,6,155
01/24/2001,EYW,FL,ASO,ES,Federal Contract Tower,5,77,45,0,127,0,18,45,0,63,5,95,90,0,190,42,10,52,242
01/25/2001,EYW,FL,ASO,ES,Federal Contract Tower,4,72,42,1,119,0,29,68,1,98,4,101,110,2,217,62,44,106,323
01/26/2001,EYW,FL,ASO,ES,Federal Contract Tower,4,81,48,0,133,0,18,56,0,74,4,99,104,0,207,6,22,28,235
01/27/2001,EYW,FL,ASO,ES,Federal Contract Tower,4,92,54,0,150,0,11,102,6,119,4,103,156,6,269,42,46,88,357
01/28/2001,EYW,FL,ASO,ES,Federal Contract Tower,4,86,51,0,141,0,21,97,0,118,4,107,148,0,259,84,0,84,343
01/29/2001,EYW,FL,ASO,ES,Federal Contract Tower,5,83,50,0,138,0,21,60,4,85,5,104,110,4,223,76,12,88,311
01/30/2001,EYW,FL,ASO,ES,Federal Contract Tower,5,77,46,0,128,1,35,63,2,101,6,112,109,2,229,24,22,46,275
01/31/2001,EYW,FL,ASO,ES,Federal Contract Tower,5,78,46,0,129,6,22,45,0,73,11,100,91,0,202,72,58,130,332
02/01/2001,EYW,FL,ASO,ES,Federal Contract Tower,9,82,45,0,136,1,18,77,0,96,10,100,122,0,232,74,80,154,386
02/02/2001,EYW,FL,ASO,ES,Federal Contract Tower,7,90,49,0,146,0,21,74,6,101,7,111,123,6,247,16,60,76,323
02/03/2001,EYW,FL,ASO,ES,Federal Contract Tower,3,52,28,0,83,0,13,20,0,33,3,65,48,0,116,10,6,16,132
02/04/2001,EYW,FL,ASO,ES,Federal Contract Tower,6,78,43,0,127,0,13,39,0,52,6,91,82,0,179,4,16,20,199
02/05/2001,EYW,FL,ASO,ES,Federal Contract Tower,9,86,47,0,142,3,10,35,4,52,12,96,82,4,194,12,54,66,260
02/06/2001,EYW,FL,ASO,ES,Federal Contract Tower,8,78,43,0,129,0,46,122,9,177,8,124,165,9,306,28,43,71,377
02/07/2001,EYW,FL,ASO,ES,Federal Contract Tower,9,79,43,0,131,0,20,37,3,60,9,99,80,3,191,12,68,80,271
02/08/2001,EYW,FL,ASO,ES,Federal Contract Tower,8,71,39,0,118,1,18,90,5,114,9,89,129,5,232,30,44,74,306
02/09/2001,EYW,FL,ASO,ES,Federal Contract Tower,10,89,49,0,148,1,14,101,0,116,11,103,150,0,264,28,56,84,348
02/10/2001,EYW,FL,ASO,ES,Federal Contract Tower,10,97,54,0,161,0,16,140,0,156,10,113,194,0,317,22,24,46,363
02/11/2001,EYW,FL,ASO,ES,Federal Contract Tower,10,89,49,0,148,0,42,116,0,158,10,131,165,0,306,16,38,54,360
02/12/2001,EYW,FL,ASO,ES,Federal Contract Tower,7,72,40,1,120,2,43,74,1,120,9,115,114,2,240,14,56,70,310
02/13/2001,EYW,FL,ASO,ES,Federal Contract Tower,8,83,44,0,135,2,24,69,0,95,10,107,113,0,230,36,27,63,293
02/14/2001,EYW,FL,ASO,ES,Federal Contract Tower,9,92,49,0,150,3,21,107,0,131,12,113,156,0,281,16,22,38,319
02/15/2001,EYW,FL,ASO,ES,Federal Contract Tower,8,105,56,1,170,0,20,97,1,118,8,125,153,2,288,16,28,44,332
02/16/2001,EYW,FL,ASO,ES,Federal Contract Tower,9,104,56,1,170,0,31,115,1,147,9,135,171,2,317,28,36,64,381
02/17/2001,EYW,FL,ASO,ES,Federal Contract Tower,9,94,51,0,154,2,32,124,0,158,11,126,175,0,312,44,80,124,436
02/18/2001,EYW,FL,ASO,ES,Federal Contract Tower,8,115,61,0,184,0,10,85,0,95,8,125,146,0,279,18,32,50,329
02/19/2001,EYW,FL,ASO,ES,Federal Contract Tower,10,110,59,1,180,0,12,73,1,86,10,122,132,2,266,64,72,136,402
02/20/2001,EYW,FL,ASO,ES,Federal Contract Tower,8,89,48,1,146,2,44,75,13,134,10,133,123,14,280,42,18,60,340
02/21/2001,EYW,FL,ASO,ES,Federal Contract Tower,8,82,44,1,135,1,28,90,16,135,9,110,134,17,270,32,26,58,328
02/22/2001,EYW,FL,ASO,ES,Federal Contract Tower,9,91,50,0,150,0,13,67,8,88,9,104,117,8,238,16,72,88,326
02/23/2001,EYW,FL,ASO,ES,Federal Contract Tower,7,109,60,0,176,0,0,75,11,86,7,109,135,11,262,30,48,78,340
02/24/2001,EYW,FL,ASO,ES,Federal Contract Tower,9,97,53,0,159,0,17,60,7,84,9,114,113,7,243,90,22,112,355
02/25/2001,EYW,FL,ASO,ES,Federal Contract Tower,8,108,59,0,175,0,9,99,0,108,8,117,158,0,283,28,6,34,317
02/26/2001,EYW,FL,ASO,ES,Federal Contract Tower,10,103,56,0,169,0,22,77,0,99,10,125,133,0,268,68,48,116,384
02/27/2001,EYW,FL,ASO,ES,Federal Contract Tower,7,77,42,0,126,3,24,78,0,105,10,101,120,0,231,56,45,101,332
02/28/2001,EYW,FL,ASO,ES,Federal Contract Tower,9,94,52,0,155,4,29,50,2,85,13,123,102,2,240,24,60,84,324
03/01/2001,EYW,FL,ASO,ES,Federal Contract Tower,8,98,48,0,154,0,17,78,0,95,8,115,126,0,249,38,64,102,351
03/02/2001,EYW,FL,ASO,ES,Federal Contract Tower,9,105,51,0,165,0,14,89,4,107,9,119,140,4,272,62,84,146,418
03/03/2001,EYW,FL,ASO,ES,Federal Contract Tower,7,99,48,0,154,0,11,98,2,111,7,110,146,2,265,34,8,42,307
03/04/2001,EYW,FL,ASO,ES,Federal Contract Tower,8,84,41,0,133,0,24,32,0,56,8,108,73,0,189,2,0,2,191
03/05/2001,EYW,FL,ASO,ES,Federal Contract Tower,8,99,48,0,155,0,47,39,0,86,8,146,87,0,241,14,4,18,259
03/06/2001,EYW,FL,ASO,ES,Federal Contract Tower,8,90,44,0,142,1,44,79,0,124,9,134,123,0,266,56,12,68,334
03/07/2001,EYW,FL,ASO,ES,Federal Contract Tower,8,95,46,0,149,0,26,75,0,101,8,121,121,0,250,42,14,56,306
03/08/2001,EYW,FL,ASO,ES,Federal Contract Tower,9,91,44,0,144,1,17,58,0,76,10,108,102,0,220,20,44,64,284
03/09/2001,EYW,FL,ASO,ES,Federal Contract Tower,8,90,44,0,142,2,30,82,0,114,10,120,126,0,256,44,52,96,352
03/10/2001,EYW,FL,ASO,ES,Federal Contract Tower,6,105,51,0,162,0,13,62,0,75,6,118,113,0,237,64,10,74,311
03/11/2001,EYW,FL,ASO,ES,Federal Contract Tower,8,116,57,0,181,0,25,134,1,160,8,141,191,1,341,62,10,72,413
03/12/2001,EYW,FL,ASO,ES,Federal Contract Tower,9,90,44,0,143,0,38,77,0,115,9,128,121,0,258,52,69,121,379
03/13/2001,EYW,FL,ASO,ES,Federal Contract Tower,8,90,44,0,142,1,25,57,0,83,9,115,101,0,225,42,16,58,283
03/14/2001,EYW,FL,ASO,ES,Federal Contract Tower,7,85,42,0,134,4,37,58,0,99,11,122,100,0,233,32,30,62,295
03/15/2001,EYW,FL,ASO,ES,Federal Contract Tower,9,101,49,0,159,1,42,131,0,174,10,143,180,0,333,56,38,94,427
03/16/2001,EYW,FL,ASO,ES,Federal Contract Tower,9,101,49,0,159,1,16,69,0,86,10,117,118,0,245,124,58,182,427
03/17/2001,EYW,FL,ASO,ES,Federal Contract Tower,7,117,57,0,181,0,1,96,0,97,7,118,153,0,278,72,12,84,362
03/18/2001,EYW,FL,ASO,ES,Federal Contract Tower,7,129,62,0,198,0,6,96,0,102,7,135,158,0,300,46,20,66,366
03/19/2001,EYW,FL,ASO,ES,Federal Contract Tower,8,93,44,0,145,2,23,39,4,68,10,116,83,4,213,48,42,90,303
03/20/2001,EYW,FL,ASO,ES,Federal Contract Tower,8,96,46,0,150,1,29,54,2,86,9,125,100,2,236,22,48,70,306
03/21/2001,EYW,FL,ASO,ES,Federal Contract Tower,8,95,45,0,148,4,27,42,0,73,12,122,87,0,221,18,18,36,257
03/22/2001,EYW,FL,ASO,ES,Federal Contract Tower,8,91,44,0,143,1,22,77,0,100,9,113,121,0,243,50,6,56,299
03/23/2001,EYW,FL,ASO,ES,Federal Contract Tower,8,108,54,0,170,0,0,85,0,85,8,108,139,0,255,100,6,106,361
03/24/2001,EYW,FL,ASO,ES,Federal Contract Tower,5,112,55,0,172,0,12,125,0,137,5,124,180,0,309,54,26,80,389
03/25/2001,EYW,FL,ASO,ES,Federal Contract Tower,9,136,66,0,211,0,17,152,2,171,9,153,218,2,382,39,6,45,427
03/26/2001,EYW,FL,ASO,ES,Federal Contract Tower,8,93,45,0,146,2,25,55,2,84,10,118,100,2,230,54,32,86,316
03/27/2001,EYW,FL,ASO,ES,Federal Contract Tower,8,96,46,0,150,3,6,63,6,78,11,102,109,6,228,24,34,58,286
03/28/2001,EYW,FL,ASO,ES,Federal Contract Tower,8,93,45,0,146,2,20,51,4,77,10,113,96,4,223,20,6,26,249
03/29/2001,EYW,FL,ASO,ES,Federal Contract Tower,6,71,34,0,111,3,22,20,8,53,9,93,54,8,164,16,34,50,214
03/30/2001,EYW,FL,ASO,ES,Federal Contract Tower,9,108,52,0,169,0,7,46,0,53,9,115,98,0,222,38,12,50,272
03/31/2001,EYW,FL,ASO,ES,Federal Contract Tower,7,105,52,0,164,0,0,62,0,62,7,105,114,0,226,48,2,50,276
04/01/2001,EYW,FL,ASO,ES,Federal Contract Tower,4,118,34,0,156,0,0,94,0,94,4,118,128,0,250,16,20,36,286
04/02/2001,EYW,FL,ASO,ES,Federal Contract Tower,10,92,34,0,136,0,32,75,6,113,10,124,109,6,249,12,64,76,325
04/03/2001,EYW,FL,ASO,ES,Federal Contract Tower,10,81,49,0,140,0,18,98,2,118,10,99,147,2,258,42,46,88,346
04/04/2001,EYW,FL,ASO,ES,Federal Contract Tower,8,88,47,0,143,2,22,109,2,135,10,110,156,2,278,84,36,120,398
04/05/2001,EYW,FL,ASO,ES,Federal Contract Tower,9,97,52,0,158,1,13,85,21,120,10,110,137,21,278,18,22,40,318
04/06/2001,EYW,FL,ASO,ES,Federal Contract Tower,9,102,55,0,166,0,21,67,0,88,9,123,122,0,254,24,44,68,322
04/07/2001,EYW,FL,ASO,ES,Federal Contract Tower,8,103,68,0,179,0,10,76,0,86,8,113,144,0,265,26,6,32,297
04/08/2001,EYW,FL,ASO,ES,Federal Contract Tower,6,111,45,0,162,0,12,85,0,97,6,123,130,0,259,10,0,10,269
04/09/2001,EYW,FL,ASO,ES,Federal Contract Tower,10,89,31,0,130,0,29,70,0,99,10,118,101,0,229,28,50,78,307
04/10/2001,EYW,FL,ASO,ES,Federal Contract Tower,10,82,48,0,140,0,26,114,2,142,10,108,162,2,282,28,28,56,338
04/11/2001,EYW,FL,ASO,ES,Federal Contract Tower,10,86,58,0,154,0,20,107,0,127,10,106,165,0,281,36,24,60,341
04/12/2001,EYW,FL,ASO,ES,Federal Contract Tower,10,99,77,3,189,0,47,86,0,133,10,146,163,3,322,24,24,48,370
04/13/2001,EYW,FL,ASO,ES,Federal Contract Tower,10,101,66,0,177,0,16,105,0,121,10,117,171,0,298,30,6,36,334
04/14/2001,EYW,FL,ASO,ES,Federal Contract Tower,6,98,70,0,174,0,10,91,0,101,6,108,161,0,275,36,0,36,311
04/15/2001,EYW,FL,ASO,ES,Federal Contract Tower,8,109,55,0,172,0,16,97,0,113,8,125,152,0,285,16,0,16,301
04/16/2001,EYW,FL,ASO,ES,Federal Contract Tower,10,99,46,0,155,0,30,85,0,115,10,129,131,0,270,50,42,92,362
04/17/2001,EYW,FL,ASO,ES,Federal Contract Tower,10,79,34,0,123,0,33,98,0,131,10,112,132,0,254,35,6,41,295
04/18/2001,EYW,FL,ASO,ES,Federal Contract Tower,10,82,45,0,137,0,12,52,0,64,10,94,97,0,201,4,16,20,221
04/19/2001,EYW,FL,ASO,ES,Federal Contract Tower,10,81,46,0,137,0,15,78,0,93,10,96,124,0,230,12,24,36,266
04/20/2001,EYW,FL,ASO,ES,Federal Contract Tower,8,93,49,0,150,0,5,61,4,70,8,98,110,4,220,9,24,33,253
04/21/2001,EYW,FL,ASO,ES,Federal Contract Tower,9,89,46,0,144,0,14,81,0,95,9,103,127,0,239,24,22,46,285
04/22/2001,EYW,FL,ASO,ES,Federal Contract Tower,9,108,59,0,176,0,17,110,0,127,9,125,169,0,303,16,31,47,350
04/23/2001,EYW,FL,ASO,ES,Federal Contract Tower,9,96,39,0,144,0,9,46,4,59,9,105,85,4,203,2,60,62,265
04/24/2001,EYW,FL,ASO,ES,Federal Contract Tower,9,86,34,0,129,0,15,63,4,82,9,101,97,4,211,86,24,110,321
04/25/2001,EYW,FL,ASO,ES,Federal Contract Tower,10,87,41,0,138,0,16,39,0,55,10,103,80,0,193,28,38,66,259
04/26/2001,EYW,FL,ASO,ES,Federal Contract Tower,10,87,54,0,151,0,14,52,2,68,10,101,106,2,219,16,80,96,315
04/27/2001,EYW,FL,ASO,ES,Federal Contract Tower,8,105,49,0,162,0,0,31,0,31,8,105,80,0,193,8,86,94,287
04/28/2001,EYW,FL,ASO,ES,Federal Contract Tower,8,82,47,0,137,0,0,45,8,53,8,82,92,8,190,8,58,66,256
04/29/2001,EYW,FL,ASO,ES,Federal Contract Tower,8,112,71,0,191,0,0,32,0,32,8,112,103,0,223,20,18,38,261
04/30/2001,EYW,FL,ASO,ES,Federal Contract Tower,6,94,38,0,138,0,7,32,2,41,6,101,70,2,179,20,110,130,309
05/01/2001,EYW,FL,ASO,ES,Federal Contract Tower,6,78,26,0,110,0,13,40,16,69,6,91,66,16,179,40,30,70,249
05/02/2001,EYW,FL,ASO,ES,Federal Contract Tower,6,81,28,0,115,0,9,28,0,37,6,90,56,0,152,0,106,106,258
05/03/2001,EYW,FL,ASO,ES,Federal Contract Tower,6,88,44,0,138,0,20,57,1,78,6,108,101,1,216,28,142,170,386
05/04/2001,EYW,FL,ASO,ES,Federal Contract Tower,6,98,49,0,153,0,0,50,7,57,6,98,99,7,210,24,112,136,346
05/05/2001,EYW,FL,ASO,ES,Federal Contract Tower,3,98,48,0,149,0,12,64,0,76,3,110,112,0,225,34,50,84,309
05/06/2001,EYW,FL,ASO,ES,Federal Contract Tower,2,101,59,0,162,0,16,72,3,91,2,117,131,3,253,22,12,34,287
05/07/2001,EYW,FL,ASO,ES,Federal Contract Tower,4,85,34,0,123,0,30,57,4,91,4,115,91,4,214,2,50,52,266
05/08/2001,EYW,FL,ASO,ES,Federal Contract Tower,4,80,28,0,112,0,22,59,5,86,4,102,87,5,198,10,48,58,256
05/09/2001,EYW,FL,ASO,ES,Federal Contract Tower,4,85,35,2,126,2,26,44,2,74,6,111,79,4,200,4,84,88,288
05/10/2001,EYW,FL,ASO,ES,Federal Contract Tower,6,83,37,0,126,0,26,60,4,90,6,109,97,4,216,30,78,108,324
05/11/2001,EYW,FL,ASO,ES,Federal Contract Tower,4,93,45,0,142,0,7,74,2,83,4,100,119,2,225,14,118,132,357
05/12/2001,EYW,FL,ASO,ES,Federal Contract Tower,2,91,44,0,137,0,24,108,6,138,2,115,152,6,275,59,36,95,370
05/13/2001,EYW,FL,ASO,ES,Federal Contract Tower,2,90,54,0,146,0,0,55,0,55,2,90,109,0,201,14,42,56,257
05/14/2001,EYW,FL,ASO,ES,Federal Contract Tower,4,85,14,0,103,0,5,53,20,78,4,90,67,20,181,7,47,54,235
05/15/2001,EYW,FL,ASO,ES,Federal Contract Tower,8,76,27,0,111,0,12,63,10,85,8,88,90,10,196,22,32,54,250
05/16/2001,EYW,FL,ASO,ES,Federal Contract Tower,5,71,34,0,110,0,18,57,0,75,5,89,91,0,185,88,12,100,285
05/17/2001,EYW,FL,ASO,ES,Federal Contract Tower,5,78,28,0,111,0,31,92,2,125,5,109,120,2,236,60,24,84,320
05/18/2001,EYW,FL,ASO,ES,Federal Contract Tower,4,88,50,0,142,0,16,85,0,101,4,104,135,0,243,58,56,114,357
05/19/2001,EYW,FL,ASO,ES,Federal Contract Tower,5,83,52,0,140,0,20,61,4,85,5,103,113,4,225,5,20,25,250
05/20/2001,EYW,FL,ASO,ES,Federal Contract Tower,2,109,55,0,166,0,17,108,0,125,2,126,163,0,291,46,16,62,353
05/21/2001,EYW,FL,ASO,ES,Federal Contract Tower,4,88,37,0,129,0,10,96,0,106,4,98,133,0,235,62,40,102,337
05/22/2001,EYW,FL,ASO,ES,Federal Contract Tower,4,73,48,0,125,2,16,51,6,75,6,89,99,6,200,45,24,69,269
05/23/2001,EYW,FL,ASO,ES,Federal Contract Tower,4,83,26,0,113,0,27,37,41,105,4,110,63,41,218,22,20,42,260
05/24/2001,EYW,FL,ASO,ES,Federal Contract Tower,4,89,61,0,154,0,8,30,0,38,4,97,91,0,192,56,20,76,268
05/25/2001,EYW,FL,ASO,ES,Federal Contract Tower,5,94,48,0,147,0,6,24,0,30,5,100,72,0,177,18,0,18,195
05/26/2001,EYW,FL,ASO,ES,Federal Contract Tower,3,85,42,0,130,0,5,43,0,48,3,90,85,0,178,22,0,22,200
05/27/2001,EYW,FL,ASO,ES,Federal Contract Tower,2,92,32,0,126,0,12,24,1,37,2,104,56,1,163,12,2,14,177
05/28/2001,EYW,FL,ASO,ES,Federal Contract Tower,4,95,78,0,177,0,11,57,5,73,4,106,135,5,250,48,0,48,298
05/29/2001,EYW,FL,ASO,ES,Federal Contract Tower,6,78,37,2,123,0,15,74,2,91,6,93,111,4,214,59,12,71,285
05/30/2001,EYW,FL,ASO,ES,Federal Contract Tower,4,80,41,0,125,0,18,52,6,76,4,98,93,6,201,30,86,116,317
05/31/2001,EYW,FL,ASO,ES,Federal Contract Tower,4,80,56,0,140,0,11,93,5,109,4,91,149,5,249,82,76,158,407
06/01/2001,EYW,FL,ASO,ES,Federal Contract Tower,4,84,59,0,147,0,19,51,4,74,4,103,110,4,221,38,82,120,341
06/02/2001,EYW,FL,ASO,ES,Federal Contract Tower,3,79,54,0,136,0,1,61,0,62,3,80,115,0,198,24,10,34,232
06/03/2001,EYW,FL,ASO,ES,Federal Contract Tower,0,95,52,0,147,0,1,58,0,59,0,96,110,0,206,52,4,56,262
06/04/2001,EYW,FL,ASO,ES,Federal Contract Tower,5,73,24,0,102,0,14,46,4,64,5,87,70,4,166,12,14,26,192
06/05/2001,EYW,FL,ASO,ES,Federal Contract Tower,4,78,27,0,109,0,23,56,0,79,4,101,83,0,188,38,80,118,306
06/06/2001,EYW,FL,ASO,ES,Federal Contract Tower,0,79,30,0,109,0,22,72,0,94,0,101,102,0,203,20,10,30,233
06/07/2001,EYW,FL,ASO,ES,Federal Contract Tower,4,83,28,0,115,0,5,59,0,64,4,88,87,0,179,16,22,38,217
06/08/2001,EYW,FL,ASO,ES,Federal Contract Tower,4,83,42,0,129,0,12,94,0,106,4,95,136,0,235,60,24,84,319
06/09/2001,EYW,FL,ASO,ES,Federal Contract Tower,2,81,72,0,155,0,17,62,0,79,2,98,134,0,234,96,38,134,368
06/10/2001,EYW,FL,ASO,ES,Federal Contract Tower,2,92,68,0,162,0,20,123,4,147,2,112,191,4,309,68,10,78,387
06/11/2001,EYW,FL,ASO,ES,Federal Contract Tower,4,76,53,0,133,0,26,84,0,110,4,102,137,0,243,53,14,67,310
06/12/2001,EYW,FL,ASO,ES,Federal Contract Tower,4,73,56,0,133,0,22,53,0,75,4,95,109,0,208,54,39,93,301
06/13/2001,EYW,FL,ASO,ES,Federal Contract Tower,4,75,90,0,169,0,15,85,8,108,4,90,175,8,277,41,14,55,332
06/14/2001,EYW,FL,ASO,ES,Federal Contract Tower,4,79,81,0,164,0,7,67,18,92,4,86,148,18,256,26,22,48,304
06/15/2001,EYW,FL,ASO,ES,Federal Contract Tower,0,84,41,0,125,0,6,79,0,85,0,90,120,0,210,40,56,96,306
06/16/2001,EYW,FL,ASO,ES,Federal Contract Tower,0,75,54,0,129,0,1,53,1,55,0,76,107,1,184,34,22,56,240
06/17/2001,EYW,FL,ASO,ES,Federal Contract Tower,0,84,98,0,182,0,3,62,2,67,0,87,160,2,249,36,40,76,325
06/18/2001,EYW,FL,ASO,ES,Federal Contract Tower,4,71,58,0,133,0,9,50,6,65,4,80,108,6,198,9,22,31,229
06/19/2001,EYW,FL,ASO,ES,Federal Contract Tower,4,73,46,0,123,0,13,38,11,62,4,86,84,11,185,25,14,39,224
06/20/2001,EYW,FL,ASO,ES,Federal Contract Tower,4,73,39,0,116,0,11,56,0,67,4,84,95,0,183,46,22,68,251
06/21/2001,EYW,FL,ASO,ES,Federal Contract Tower,4,73,42,2,121,0,27,45,9,81,4,100,87,11,202,35,34,69,271
06/22/2001,EYW,FL,ASO,ES,Federal Contract Tower,2,77,59,0,138,0,5,40,4,49,2,82,99,4,187,18,52,70,257
06/23/2001,EYW,FL,ASO,ES,Federal Contract Tower,1,75,50,0,126,0,0,48,0,48,1,75,98,0,174,16,12,28,202
06/24/2001,EYW,FL,ASO,ES,Federal Contract Tower,2,82,44,0,128,0,11,57,2,70,2,93,101,2,198,24,0,24,222
06/25/2001,EYW,FL,ASO,ES,Federal Contract Tower,2,76,30,0,108,0,11,45,6,62,2,87,75,6,170,76,18,94,264
06/26/2001,EYW,FL,ASO,ES,Federal Contract Tower,4,74,23,0,101,0,13,67,0,80,4,87,90,0,181,70,12,82,263
06/27/2001,EYW,FL,ASO,ES,Federal Contract Tower,4,71,18,0,93,0,1,43,6,50,4,72,61,6,143,33,16,49,192
06/28/2001,EYW,FL,ASO,ES,Federal Contract Tower,2,80,24,0,106,0,15,18,5,38,2,95,42,5,144,30,52,82,226
06/29/2001,EYW,FL,ASO,ES,Federal Contract Tower,4,86,47,0,137,0,12,53,0,65,4,98,100,0,202,22,74,96,298
06/30/2001,EYW,FL,ASO,ES,Federal Contract Tower,2,77,40,0,119,0,13,57,0,70,2,90,97,0,189,20,18,38,227
07/01/2001,EYW,FL,ASO,ES,Federal Contract Tower,0,84,43,0,127,0,7,70,0,77,0,91,113,0,204,18,28,46,250
07/02/2001,EYW,FL,ASO,ES,Federal Contract Tower,1,78,25,0,104,0,37,54,0,91,1,115,79,0,195,80,76,156,351
07/03/2001,EYW,FL,ASO,ES,Federal Contract Tower,0,76,43,0,119,0,25,84,0,109,0,101,127,0,228,10,52,62,290
07/04/2001,EYW,FL,ASO,ES,Federal Contract Tower,0,69,26,0,95,0,14,68,2,84,0,83,94,2,179,38,0,38,217
07/05/2001,EYW,FL,ASO,ES,Federal Contract Tower,2,76,40,0,118,0,16,77,1,94,2,92,117,1,212,44,64,108,320
07/06/2001,EYW,FL,ASO,ES,Federal Contract Tower,3,76,48,0,127,0,18,88,0,106,3,94,136,0,233,70,42,112,345
07/07/2001,EYW,FL,ASO,ES,Federal Contract Tower,1,77,33,0,111,0,9,72,0,81,1,86,105,0,192,14,20,34,226
07/08/2001,EYW,FL,ASO,ES,Federal Contract Tower,0,85,46,0,131,0,17,78,0,95,0,102,124,0,226,10,10,20,246
07/09/2001,EYW,FL,ASO,ES,Federal Contract Tower,2,73,23,0,98,0,10,27,2,39,2,83,50,2,137,24,42,66,203
07/10/2001,EYW,FL,ASO,ES,Federal Contract Tower,2,75,24,0,101,0,4,14,0,18,2,79,38,0,119,16,2,18,137
07/11/2001,EYW,FL,ASO,ES,Federal Contract Tower,2,71,37,0,110,0,6,32,0,38,2,77,69,0,148,22,12,34,182
07/12/2001,EYW,FL,ASO,ES,Federal Contract Tower,2,73,30,0,105,0,9,63,0,72,2,82,93,0,177,32,26,58,235
07/13/2001,EYW,FL,ASO,ES,Federal Contract Tower,2,77,43,0,122,0,13,42,0,55,2,90,85,0,177,26,7,33,210
07/14/2001,EYW,FL,ASO,ES,Federal Contract Tower,0,74,42,0,116,0,1,34,0,35,0,75,76,0,151,8,12,20,171
07/15/2001,EYW,FL,ASO,ES,Federal Contract Tower,0,85,35,0,120,0,13,58,0,71,0,98,93,0,191,14,0,14,205
07/16/2001,EYW,FL,ASO,ES,Federal Contract Tower,2,76,33,0,111,0,11,30,4,45,2,87,63,4,156,6,2,8,164
07/17/2001,EYW,FL,ASO,ES,Federal Contract Tower,0,76,35,0,111,0,14,40,17,71,0,90,75,17,182,4,38,42,224
07/18/2001,EYW,FL,ASO,ES,Federal Contract Tower,2,72,26,0,100,0,10,43,0,53,2,82,69,0,153,10,40,50,203
07/19/2001,EYW,FL,ASO,ES,Federal Contract Tower,0,79,35,0,114,0,13,54,8,75,0,92,89,8,189,58,48,106,295
07/20/2001,EYW,FL,ASO,ES,Federal Contract Tower,2,78,67,0,147,0,13,63,0,76,2,91,130,0,223,30,50,80,303
07/21/2001,EYW,FL,ASO,ES,Federal Contract Tower,4,76,32,0,112,0,11,50,0,61,4,87,82,0,173,28,12,40,213
07/22/2001,EYW,FL,ASO,ES,Federal Contract Tower,2,90,51,0,143,0,7,13,2,22,2,97,64,2,165,0,6,6,171
07/23/2001,EYW,FL,ASO,ES,Federal Contract Tower,4,67,39,0,110,0,11,4,12,27,4,78,43,12,137,0,4,4,141
07/24/2001,EYW,FL,ASO,ES,Federal Contract Tower,2,70,46,0,118,0,10,54,4,68,2,80,100,4,186,12,26,38,224
07/25/2001,EYW,FL,ASO,ES,Federal Contract Tower,5,71,28,0,104,0,11,51,1,63,5,82,79,1,167,12,20,32,199
07/26/2001,EYW,FL,ASO,ES,Federal Contract Tower,3,81,50,0,134,0,16,47,0,63,3,97,97,0,197,46,8,54,251
07/27/2001,EYW,FL,ASO,ES,Federal Contract Tower,1,81,46,0,128,0,15,44,0,59,1,96,90,0,187,24,38,62,249
07/28/2001,EYW,FL,ASO,ES,Federal Contract Tower,2,75,41,0,118,0,23,113,0,136,2,98,154,0,254,24,8,32,286
07/29/2001,EYW,FL,ASO,ES,Federal Contract Tower,2,78,65,0,145,0,14,60,4,78,2,92,125,4,223,63,42,105,328
07/30/2001,EYW,FL,ASO,ES,Federal Contract Tower,4,70,17,0,91,0,20,83,0,103,4,90,100,0,194,35,38,73,267
07/31/2001,EYW,FL,ASO,ES,Federal Contract Tower,2,71,23,0,96,0,3,48,4,55,2,74,71,4,151,6,14,20,171
08/01/2001,EYW,FL,ASO,ES,Federal Contract Tower,2,70,28,0,100,0,1,9,1,11,2,71,37,1,111,0,2,2,113
08/02/2001,EYW,FL,ASO,ES,Federal Contract Tower,0,72,23,0,95,0,0,5,8,13,0,72,28,8,108,6,26,32,140
08/03/2001,EYW,FL,ASO,ES,Federal Contract Tower,2,75,24,0,101,0,3,9,0,12,2,78,33,0,113,0,28,28,141
08/04/2001,EYW,FL,ASO,ES,Federal Contract Tower,2,68,45,0,115,0,20,40,0,60,2,88,85,0,175,30,28,58,233
08/05/2001,EYW,FL,ASO,ES,Federal Contract Tower,2,73,43,0,118,0,16,50,2,68,2,89,93,2,186,52,18,70,256
08/06/2001,EYW,FL,ASO,ES,Federal Contract Tower,2,69,21,0,92,0,30,42,0,72,2,99,63,0,164,16,44,60,224
08/07/2001,EYW,FL,ASO,ES,Federal Contract Tower,2,65,28,0,95,0,24,47,0,71,2,89,75,0,166,50,16,66,232
08/08/2001,EYW,FL,ASO,ES,Federal Contract Tower,2,67,32,0,101,0,21,26,0,47,2,88,58,0,148,12,30,42,190
08/09/2001,EYW,FL,ASO,ES,Federal Contract Tower,0,76,38,0,114,0,22,47,4,73,0,98,85,4,187,16,30,46,233
08/10/2001,EYW,FL,ASO,ES,Federal Contract Tower,2,74,46,0,122,0,14,64,6,84,2,88,110,6,206,31,70,101,307
08/11/2001,EYW,FL,ASO,ES,Federal Contract Tower,0,71,23,0,94,0,11,69,0,80,0,82,92,0,174,24,28,52,226
08/12/2001,EYW,FL,ASO,ES,Federal Contract Tower,0,85,40,0,125,0,20,83,0,103,0,105,123,0,228,20,8,28,256
08/13/2001,EYW,FL,ASO,ES,Federal Contract Tower,2,73,18,0,93,0,21,37,8,66,2,94,55,8,159,48,36,84,243
08/14/2001,EYW,FL,ASO,ES,Federal Contract Tower,2,71,35,0,108,0,16,39,0,55,2,87,74,0,163,40,48,88,251
08/15/2001,EYW,FL,ASO,ES,Federal Contract Tower,3,75,28,0,106,0,19,61,2,82,3,94,89,2,188,44,62,106,294
08/16/2001,EYW,FL,ASO,ES,Federal Contract Tower,4,71,40,0,115,0,11,49,12,72,4,82,89,12,187,22,46,68,255
08/17/2001,EYW,FL,ASO,ES,Federal Contract Tower,4,76,47,0,127,0,6,57,0,63,4,82,104,0,190,46,0,46,236
08/18/2001,EYW,FL,ASO,ES,Federal Contract Tower,0,74,21,0,95,0,9,73,2,84,0,83,94,2,179,33,52,85,264
08/19/2001,EYW,FL,ASO,ES,Federal Contract Tower,0,82,57,0,139,1,8,104,0,113,1,90,161,0,252,68,12,80,332
08/20/2001,EYW,FL,ASO,ES,Federal Contract Tower,3,71,16,0,90,0,18,62,0,80,3,89,78,0,170,8,52,60,230
08/21/2001,EYW,FL,ASO,ES,Federal Contract Tower,0,77,14,0,91,0,11,33,0,44,0,88,47,0,135,2,28,30,165
08/22/2001,EYW,FL,ASO,ES,Federal Contract Tower,2,74,14,1,91,0,14,40,0,54,2,88,54,1,145,32,50,82,227
08/23/2001,EYW,FL,ASO,ES,Federal Contract Tower,4,73,29,1,107,0,23,75,0,98,4,96,104,1,205,60,68,128,333
08/24/2001,EYW,FL,ASO,ES,Federal Contract Tower,0,76,31,0,107,0,6,42,2,50,0,82,73,2,157,48,52,100,257
08/25/2001,EYW,FL,ASO,ES,Federal Contract Tower,0,77,33,2,112,0,15,95,2,112,0,92,128,4,224,26,0,26,250
08/26/2001,EYW,FL,ASO,ES,Federal Contract Tower,0,85,34,0,119,0,10,77,0,87,0,95,111,0,206,30,4,34,240
08/27/2001,EYW,FL,ASO,ES,Federal Contract Tower,2,73,20,0,95,0,14,32,2,48,2,87,52,2,143,26,6,32,175
08/28/2001,EYW,FL,ASO,ES,Federal Contract Tower,2,72,15,2,91,0,10,44,2,56,2,82,59,4,147,8,14,22,169
08/29/2001,EYW,FL,ASO,ES,Federal Contract Tower,2,72,23,0,97,0,3,27,6,36,2,75,50,6,133,13,10,23,156
08/30/2001,EYW,FL,ASO,ES,Federal Contract Tower,0,76,28,0,104,0,17,51,0,68,0,93,79,0,172,28,46,74,246
08/31/2001,EYW,FL,ASO,ES,Federal Contract Tower,1,75,33,0,109,1,0,71,2,74,2,75,104,2,183,38,18,56,239
09/01/2001,EYW,FL,ASO,ES,Federal Contract Tower,5,69,22,0,96,0,16,65,2,83,5,85,87,2,179,31,0,31,210
09/02/2001,EYW,FL,ASO,ES,Federal Contract Tower,2,73,21,1,97,0,13,75,0,88,2,86,96,1,185,29,0,29,214
09/03/2001,EYW,FL,ASO,ES,Federal Contract Tower,3,74,43,2,122,0,10,75,7,92,3,84,118,9,214,18,0,18,232
09/04/2001,EYW,FL,ASO,ES,Federal Contract Tower,2,73,24,0,99,0,10,49,0,59,2,83,73,0,158,30,8,38,196
09/05/2001,EYW,FL,ASO,ES,Federal Contract Tower,2,74,13,1,90,0,5,48,4,57,2,79,61,5,147,12,16,28,175
09/06/2001,EYW,FL,ASO,ES,Federal Contract Tower,4,68,21,1,94,0,4,51,0,55,4,72,72,1,149,28,22,50,199
09/07/2001,EYW,FL,ASO,ES,Federal Contract Tower,2,73,24,0,99,0,2,43,0,45,2,75,67,0,144,58,32,90,234
09/08/2001,EYW,FL,ASO,ES,Federal Contract Tower,0,76,26,0,102,0,12,55,0,67,0,88,81,0,169,32,12,44,213
09/09/2001,EYW,FL,ASO,ES,Federal Contract Tower,2,72,28,0,102,0,14,43,0,57,2,86,71,0,159,35,2,37,196
09/10/2001,EYW,FL,ASO,ES,Federal Contract Tower,2,60,21,0,83,0,0,15,1,16,2,60,36,1,99,36,2,38,137
09/11/2001,EYW,FL,ASO,ES,Federal Contract Tower,0,9,8,0,17,0,5,6,0,11,0,14,14,0,28,0,0,0,28
09/12/2001,EYW,FL,ASO,ES,Federal Contract Tower,0,0,0,0,0,0,0,2,0,2,0,0,2,0,2,0,0,0,2
09/13/2001,EYW,FL,ASO,ES,Federal Contract Tower,0,13,1,0,14,0,0,0,0,0,0,13,1,0,14,0,10,10,24
09/14/2001,EYW,FL,ASO,ES,Federal Contract Tower,0,15,1,0,16,0,0,0,0,0,0,15,1,0,16,2,0,2,18
09/15/2001,EYW,FL,ASO,ES,Federal Contract Tower,0,73,39,0,112,0,0,0,0,0,0,73,39,0,112,13,8,21,133
09/16/2001,EYW,FL,ASO,ES,Federal Contract Tower,0,76,32,0,108,0,4,2,3,9,0,80,34,3,117,4,6,10,127
09/17/2001,EYW,FL,ASO,ES,Federal Contract Tower,2,62,22,0,86,0,0,0,24,24,2,62,22,24,110,6,30,36,146
09/18/2001,EYW,FL,ASO,ES,Federal Contract Tower,2,73,39,0,114,0,1,5,6,12,2,74,44,6,126,0,34,34,160
09/19/2001,EYW,FL,ASO,ES,Federal Contract Tower,2,66,34,0,102,0,2,1,0,3,2,68,35,0,105,0,74,74,179
09/20/2001,EYW,FL,ASO,ES,Federal Contract Tower,2,65,38,0,105,0,0,15,0,15,2,65,53,0,120,0,106,106,226
09/21/2001,EYW,FL,ASO,ES,Federal Contract Tower,2,63,55,0,120,0,5,13,0,18,2,68,68,0,138,4,112,116,254
09/22/2001,EYW,FL,ASO,ES,Federal Contract Tower,0,64,41,0,105,0,7,19,16,42,0,71,60,16,147,4,16,20,167
09/23/2001,EYW,FL,ASO,ES,Federal Contract Tower,0,71,67,0,138,0,15,28,17,60,0,86,95,17,198,8,6,14,212
09/24/2001,EYW,FL,ASO,ES,Federal Contract Tower,2,71,34,0,107,0,5,22,0,27,2,76,56,0,134,16,112,128,262
09/25/2001,EYW,FL,ASO,ES,Federal Contract Tower,2,69,24,0,95,0,0,24,25,49,2,69,48,25,144,30,96,126,270
09/26/2001,EYW,FL,ASO,ES,Federal Contract Tower,2,71,27,0,100,0,2,31,2,35,2,73,58,2,135,2,120,122,257
09/27/2001,EYW,FL,ASO,ES,Federal Contract Tower,2,70,16,0,88,0,0,11,0,11,2,70,27,0,99,10,62,72,171
09/28/2001,EYW,FL,ASO,ES,Federal Contract Tower,2,71,14,0,87,0,0,10,0,10,2,71,24,0,97,0,26,26,123
09/29/2001,EYW,FL,ASO,ES,Federal Contract Tower,0,68,12,0,80,0,0,9,4,13,0,68,21,4,93,10,10,20,113
09/30/2001,EYW,FL,ASO,ES,Federal Contract Tower,0,78,19,0,97,0,8,32,0,40,0,86,51,0,137,16,32,48,185
10/01/2001,EYW,FL,ASO,ES,Federal Contract Tower,2,70,33,0,105,0,10,37,1,48,2,80,70,1,153,44,54,98,251
10/02/2001,EYW,FL,ASO,ES,Federal Contract Tower,2,63,18,0,83,0,4,42,0,46,2,67,60,0,129,16,58,74,203
10/03/2001,EYW,FL,ASO,ES,Federal Contract Tower,2,70,27,0,99,0,12,28,2,42,2,82,55,2,141,24,126,150,291
10/04/2001,EYW,FL,ASO,ES,Federal Contract Tower,4,72,30,0,106,0,5,18,17,40,4,77,48,17,146,25,122,147,293
10/05/2001,EYW,FL,ASO,ES,Federal Contract Tower,2,70,39,0,111,0,12,23,0,35,2,82,62,0,146,22,96,118,264
10/06/2001,EYW,FL,ASO,ES,Federal Contract Tower,0,69,38,0,107,0,7,64,0,71,0,76,102,0,178,26,20,46,224
10/07/2001,EYW,FL,ASO,ES,Federal Contract Tower,0,80,43,0,123,0,9,50,0,59,0,89,93,0,182,45,4,49,231
10/08/2001,EYW,FL,ASO,ES,Federal Contract Tower,2,51,28,0,81,0,31,27,2,60,2,82,55,2,141,27,114,141,282
10/09/2001,EYW,FL,ASO,ES,Federal Contract Tower,2,56,30,0,88,2,25,4,2,33,4,81,34,2,121,18,80,98,219
10/10/2001,EYW,FL,ASO,ES,Federal Contract Tower,2,59,26,0,87,0,19,0,0,19,2,78,26,0,106,10,84,94,200
10/11/2001,EYW,FL,ASO,ES,Federal Contract Tower,2,71,17,0,90,0,9,25,18,52,2,80,42,18,142,25,42,67,209
10/12/2001,EYW,FL,ASO,ES,Federal Contract Tower,2,75,29,0,106,0,0,32,6,38,2,75,61,6,144,73,18,91,235
10/13/2001,EYW,FL,ASO,ES,Federal Contract Tower,0,72,38,0,110,0,6,34,0,40,0,78,72,0,150,23,0,23,173
10/14/2001,EYW,FL,ASO,ES,Federal Contract Tower,2,76,37,0,115,0,5,34,0,39,2,81,71,0,154,16,8,24,178
10/15/2001,EYW,FL,ASO,ES,Federal Contract Tower,4,68,26,0,98,0,14,21,0,35,4,82,47,0,133,58,0,58,191
10/16/2001,EYW,FL,ASO,ES,Federal Contract Tower,2,67,34,0,103,0,24,32,5,61,2,91,66,5,164,24,18,42,206
10/17/2001,EYW,FL,ASO,ES,Federal Contract Tower,2,69,44,0,115,0,5,2,0,7,2,74,46,0,122,42,4,46,168
10/18/2001,EYW,FL,ASO,ES,Federal Contract Tower,2,74,31,0,107,0,4,8,4,16,2,78,39,4,123,2,2,4,127
10/19/2001,EYW,FL,ASO,ES,Federal Contract Tower,2,81,42,0,125,0,9,26,2,37,2,90,68,2,162,38,16,54,216
10/20/2001,EYW,FL,ASO,ES,Federal Contract Tower,0,76,19,0,95,0,0,22,0,22,0,76,41,0,117,24,20,44,161
10/21/2001,EYW,FL,ASO,ES,Federal Contract Tower,0,86,38,0,124,0,5,4,0,9,0,91,42,0,133,4,4,8,141
10/22/2001,EYW,FL,ASO,ES,Federal Contract Tower,3,77,27,0,107,0,8,19,6,33,3,85,46,6,140,26,16,42,182
10/23/2001,EYW,FL,ASO,ES,Federal Contract Tower,6,77,36,0,119,0,3,38,8,49,6,80,74,8,168,16,2,18,186
10/24/2001,EYW,FL,ASO,ES,Federal Contract Tower,6,86,44,0,136,0,0,44,0,44,6,86,88,0,180,16,44,60,240
10/25/2001,EYW,FL,ASO,ES,Federal Contract Tower,6,81,77,0,164,0,10,17,1,28,6,91,94,1,192,30,12,42,234
10/26/2001,EYW,FL,ASO,ES,Federal Contract Tower,2,95,92,0,189,4,17,41,0,62,6,112,133,0,251,46,14,60,311
10/27/2001,EYW,FL,ASO,ES,Federal Contract Tower,4,82,67,1,154,0,1,75,1,77,4,83,142,2,231,10,0,10,241
10/28/2001,EYW,FL,ASO,ES,Federal Contract Tower,6,138,79,0,223,4,0,148,0,152,10,138,227,0,375,0,0,0,375
10/29/2001,EYW,FL,ASO,ES,Federal Contract Tower,9,89,54,0,152,0,11,48,0,59,9,100,102,0,211,10,2,12,223
10/30/2001,EYW,FL,ASO,ES,Federal Contract Tower,2,80,20,0,102,0,6,47,2,55,2,86,67,2,157,10,2,12,169
10/31/2001,EYW,FL,ASO,ES,Federal Contract Tower,5,73,26,0,104,0,7,110,0,117,5,80,136,0,221,36,0,36,257
11/01/2001,EYW,FL,ASO,ES,Federal Contract Tower,1,92,27,0,120,1,7,23,0,31,2,99,50,0,151,6,8,14,165
11/02/2001,EYW,FL,ASO,ES,Federal Contract Tower,2,43,51,0,96,0,56,0,2,58,2,99,51,2,154,2,2,4,158
11/03/2001,EYW,FL,ASO,ES,Federal Contract Tower,9,41,63,0,113,0,49,0,2,51,9,90,63,2,164,0,0,0,164
11/04/2001,EYW,FL,ASO,ES,Federal Contract Tower,2,0,7,0,9,0,17,0,0,17,2,17,7,0,26,0,0,0,26
11/05/2001,EYW,FL,ASO,ES,Federal Contract Tower,0,0,10,0,10,0,30,0,4,34,0,30,10,4,44,0,10,10,54
11/06/2001,EYW,FL,ASO,ES,Federal Contract Tower,4,40,79,0,123,0,48,16,2,66,4,88,95,2,189,24,18,42,231
11/07/2001,EYW,FL,ASO,ES,Federal Contract Tower,4,47,62,0,113,0,64,21,2,87,4,111,83,2,200,18,30,48,248
11/08/2001,EYW,FL,ASO,ES,Federal Contract Tower,4,47,78,0,129,0,55,22,0,77,4,102,100,0,206,26,22,48,254
11/09/2001,EYW,FL,ASO,ES,Federal Contract Tower,2,45,104,0,151,0,64,10,0,74,2,109,114,0,225,22,20,42,267
11/10/2001,EYW,FL,ASO,ES,Federal Contract Tower,2,30,96,2,130,0,39,34,0,73,2,69,130,2,203,2,0,2,205
11/11/2001,EYW,FL,ASO,ES,Federal Contract Tower,4,57,102,0,163,0,38,33,0,71,4,95,135,0,234,21,0,21,255
11/12/2001,EYW,FL,ASO,ES,Federal Contract Tower,3,53,69,2,127,0,51,4,0,55,3,104,73,2,182,14,0,14,196
11/13/2001,EYW,FL,ASO,ES,Federal Contract Tower,3,41,68,0,112,0,51,7,2,60,3,92,75,2,172,12,48,60,232
11/14/2001,EYW,FL,ASO,ES,Federal Contract Tower,2,0,65,0,67,0,87,0,0,87,2,87,65,0,154,36,18,54,208
11/15/2001,EYW,FL,ASO,ES,Federal Contract Tower,2,41,75,0,118,0,56,3,0,59,2,97,78,0,177,14,0,14,191
11/16/2001,EYW,FL,ASO,ES,Federal Contract Tower,2,44,76,0,122,0,58,0,0,58,2,102,76,0,180,14,0,14,194
11/17/2001,EYW,FL,ASO,ES,Federal Contract Tower,3,25,92,0,120,0,44,14,0,58,3,69,106,0,178,34,2,36,214
11/18/2001,EYW,FL,ASO,ES,Federal Contract Tower,3,34,96,0,133,0,56,72,0,128,3,90,168,0,261,48,12,60,321
11/19/2001,EYW,FL,ASO,ES,Federal Contract Tower,3,32,65,0,100,0,68,0,0,68,3,100,65,0,168,18,42,60,228
11/20/2001,EYW,FL,ASO,ES,Federal Contract Tower,4,40,78,0,122,0,52,14,0,66,4,92,92,0,188,40,4,44,232
11/21/2001,EYW,FL,ASO,ES,Federal Contract Tower,4,36,97,0,137,0,48,0,0,48,4,84,97,0,185,18,4,22,207
11/22/2001,EYW,FL,ASO,ES,Federal Contract Tower,3,33,61,0,97,0,44,0,0,44,3,77,61,0,141,6,4,10,151
11/23/2001,EYW,FL,ASO,ES,Federal Contract Tower,2,42,75,0,119,0,55,0,0,55,2,97,75,0,174,34,0,34,208
11/24/2001,EYW,FL,ASO,ES,Federal Contract Tower,2,39,100,0,141,0,47,15,0,62,2,86,115,0,203,4,4,8,211
11/25/2001,EYW,FL,ASO,ES,Federal Contract Tower,2,37,125,0,164,0,57,35,2,94,2,94,160,2,258,16,20,36,294
11/26/2001,EYW,FL,ASO,ES,Federal Contract Tower,2,0,61,0,63,0,89,0,0,89,2,89,61,0,152,14,78,92,244
11/27/2001,EYW,FL,ASO,ES,Federal Contract Tower,2,0,67,0,69,0,81,0,0,81,2,81,67,0,150,16,40,56,206
11/28/2001,EYW,FL,ASO,ES,Federal Contract Tower,2,42,57,0,101,0,44,8,3,55,2,86,65,3,156,8,6,14,170
11/29/2001,EYW,FL,ASO,ES,Federal Contract Tower,2,44,50,0,96,0,43,0,6,49,2,87,50,6,145,26,0,26,171
11/30/2001,EYW,FL,ASO,ES,Federal Contract Tower,3,39,78,0,120,0,49,15,0,64,3,88,93,0,184,36,60,96,280
12/01/2001,EYW,FL,ASO,ES,Federal Contract Tower,0,61,32,0,93,0,27,86,0,113,0,88,118,0,206,26,58,84,290
12/02/2001,EYW,FL,ASO,ES,Federal Contract Tower,0,78,37,0,115,0,15,63,0,78,0,93,100,0,193,32,18,50,243
12/03/2001,EYW,FL,ASO,ES,Federal Contract Tower,0,85,28,0,113,2,9,27,0,38,2,94,55,0,151,14,116,130,281
12/04/2001,EYW,FL,ASO,ES,Federal Contract Tower,3,82,20,0,105,2,2,26,0,30,5,84,46,0,135,12,92,104,239
12/05/2001,EYW,FL,ASO,ES,Federal Contract Tower,4,80,33,1,118,2,0,25,0,27,6,80,58,1,145,16,72,88,233
12/06/2001,EYW,FL,ASO,ES,Federal Contract Tower,5,75,34,1,115,1,0,12,6,19,6,75,46,7,134,6,12,18,152
12/07/2001,EYW,FL,ASO,ES,Federal Contract Tower,7,74,28,2,111,0,5,25,6,36,7,79,53,8,147,14,98,112,259
12/08/2001,EYW,FL,ASO,ES,Federal Contract Tower,7,60,33,0,100,0,18,40,0,58,7,78,73,0,158,10,22,32,190
12/09/2001,EYW,FL,ASO,ES,Federal Contract Tower,7,72,40,0,119,0,10,37,0,47,7,82,77,0,166,8,26,34,200
12/10/2001,EYW,FL,ASO,ES,Federal Contract Tower,7,80,35,0,122,0,0,40,0,40,7,80,75,0,162,28,44,72,234
12/11/2001,EYW,FL,ASO,ES,Federal Contract Tower,5,75,38,0,118,0,11,18,2,31,5,86,56,2,149,20,70,90,239
12/12/2001,EYW,FL,ASO,ES,Federal Contract Tower,7,82,24,0,113,0,5,53,6,64,7,87,77,6,177,76,42,118,295
12/13/2001,EYW,FL,ASO,ES,Federal Contract Tower,7,66,44,2,119,0,0,26,2,28,7,66,70,4,147,58,82,140,287
12/14/2001,EYW,FL,ASO,ES,Federal Contract Tower,7,79,45,1,132,0,14,45,2,61,7,93,90,3,193,58,28,86,279
12/15/2001,EYW,FL,ASO,ES,Federal Contract Tower,7,76,24,1,108,0,11,88,3,102,7,87,112,4,210,46,76,122,332
12/16/2001,EYW,FL,ASO,ES,Federal Contract Tower,7,74,34,0,115,0,15,61,4,80,7,89,95,4,195,40,14,54,249
12/17/2001,EYW,FL,ASO,ES,Federal Contract Tower,7,76,20,0,103,0,3,28,0,31,7,79,48,0,134,44,82,126,260
12/18/2001,EYW,FL,ASO,ES,Federal Contract Tower,7,76,40,0,123,0,4,38,0,42,7,80,78,0,165,30,56,86,251
12/19/2001,EYW,FL,ASO,ES,Federal Contract Tower,7,78,33,0,118,0,2,50,2,54,7,80,83,2,172,48,32,80,252
12/20/2001,EYW,FL,ASO,ES,Federal Contract Tower,6,76,52,0,134,0,0,29,3,32,6,76,81,3,166,20,32,52,218
12/21/2001,EYW,FL,ASO,ES,Federal Contract Tower,7,79,28,1,115,0,11,64,0,75,7,90,92,1,190,24,8,32,222
12/22/2001,EYW,FL,ASO,ES,Federal Contract Tower,7,71,37,2,117,0,13,52,2,67,7,84,89,4,184,8,2,10,194
12/23/2001,EYW,FL,ASO,ES,Federal Contract Tower,7,74,5,2,88,0,38,106,0,144,7,112,111,2,232,8,2,10,242
12/24/2001,EYW,FL,ASO,ES,Federal Contract Tower,8,69,18,0,95,0,30,43,0,73,8,99,61,0,168,70,0,70,238
12/25/2001,EYW,FL,ASO,ES,Federal Contract Tower,7,59,12,0,78,0,5,16,2,23,7,64,28,2,101,0,0,0,101
12/26/2001,EYW,FL,ASO,ES,Federal Contract Tower,8,100,68,0,176,0,17,17,0,34,8,117,85,0,210,2,0,2,212
12/27/2001,EYW,FL,ASO,ES,Federal Contract Tower,8,88,73,0,169,0,16,72,2,90,8,104,145,2,259,22,2,24,283
12/28/2001,EYW,FL,ASO,ES,Federal Contract Tower,7,85,86,0,178,0,49,113,0,162,7,134,199,0,340,54,0,54,394
12/29/2001,EYW,FL,ASO,ES,Federal Contract Tower,7,86,65,0,158,0,42,110,0,152,7,128,175,0,310,0,0,0,310
12/30/2001,EYW,FL,ASO,ES,Federal Contract Tower,7,86,54,0,147,0,0,5,0,5,7,86,59,0,152,2,0,2,154
12/31/2001,EYW,FL,ASO,ES,Federal Contract Tower,7,82,55,0,144,0,25,93,0,118,7,107,148,0,262,78,0,78,340
01/01/2002,EYW,FL,ASO,ES,Federal Contract Tower,7,87,58,0,152,0,19,56,0,75,7,106,114,0,227,6,0,6,233
01/02/2002,EYW,FL,ASO,ES,Federal Contract Tower,7,91,55,0,153,0,4,3,0,7,7,95,58,0,160,11,0,11,171
01/03/2002,EYW,FL,ASO,ES,Federal Contract Tower,9,83,51,0,143,0,12,16,0,28,9,95,67,0,171,2,2,4,175
01/04/2002,EYW,FL,ASO,ES,Federal Contract Tower,5,89,48,1,143,0,8,59,3,70,5,97,107,4,213,12,0,12,225
01/05/2002,EYW,FL,ASO,ES,Federal Contract Tower,7,82,49,0,138,0,23,77,0,100,7,105,126,0,238,6,0,6,244
01/06/2002,EYW,FL,ASO,ES,Federal Contract Tower,7,74,38,1,120,0,8,42,2,52,7,82,80,3,172,6,0,6,178
01/07/2002,EYW,FL,ASO,ES,Federal Contract Tower,7,70,42,0,119,0,19,35,1,55,7,89,77,1,174,12,10,22,196
01/08/2002,EYW,FL,ASO,ES,Federal Contract Tower,6,73,29,0,108,0,12,42,0,54,6,85,71,0,162,10,12,22,184
01/09/2002,EYW,FL,ASO,ES,Federal Contract Tower,8,74,28,0,110,0,8,59,0,67,8,82,87,0,177,32,8,40,217
01/10/2002,EYW,FL,ASO,ES,Federal Contract Tower,8,73,28,0,109,0,0,38,14,52,8,73,66,14,161,36,44,80,241
01/11/2002,EYW,FL,ASO,ES,Federal Contract Tower,8,73,64,0,145,0,9,64,0,73,8,82,128,0,218,72,116,188,406
01/12/2002,EYW,FL,ASO,ES,Federal Contract Tower,7,70,44,0,121,0,6,73,2,81,7,76,117,2,202,36,64,100,302
01/13/2002,EYW,FL,ASO,ES,Federal Contract Tower,8,84,52,0,144,0,17,71,4,92,8,101,123,4,236,20,20,40,276
01/14/2002,EYW,FL,ASO,ES,Federal Contract Tower,8,76,33,2,119,0,18,31,0,49,8,94,64,2,168,6,42,48,216
01/15/2002,EYW,FL,ASO,ES,Federal Contract Tower,8,82,38,1,129,0,7,16,0,23,8,89,54,1,152,18,76,94,246
01/16/2002,EYW,FL,ASO,ES,Federal Contract Tower,8,73,36,0,117,0,1,30,0,31,8,74,66,0,148,22,60,82,230
01/17/2002,EYW,FL,ASO,ES,Federal Contract Tower,8,81,50,0,139,0,7,35,0,42,8,88,85,0,181,22,60,82,263
01/18/2002,EYW,FL,ASO,ES,Federal Contract Tower,8,71,50,0,129,0,16,42,0,58,8,87,92,0,187,8,44,52,239
01/19/2002,EYW,FL,ASO,ES,Federal Contract Tower,7,71,70,0,148,0,19,74,0,93,7,90,144,0,241,14,28,42,283
01/20/2002,EYW,FL,ASO,ES,Federal Contract Tower,7,80,68,0,155,0,17,86,0,103,7,97,154,0,258,28,36,64,322
01/21/2002,EYW,FL,ASO,ES,Federal Contract Tower,8,69,50,0,127,0,0,94,2,96,8,69,144,2,223,44,58,102,325
01/22/2002,EYW,FL,ASO,ES,Federal Contract Tower,8,73,36,0,117,0,11,55,0,66,8,84,91,0,183,18,42,60,243
01/23/2002,EYW,FL,ASO,ES,Federal Contract Tower,8,76,37,0,121,0,23,55,0,78,8,99,92,0,199,32,4,36,235
01/24/2002,EYW,FL,ASO,ES,Federal Contract Tower,10,73,44,0,127,0,13,28,2,43,10,86,72,2,170,20,38,58,228
01/25/2002,EYW,FL,ASO,ES,Federal Contract Tower,8,83,73,0,164,0,34,74,0,108,8,117,147,0,272,92,108,200,472
01/26/2002,EYW,FL,ASO,ES,Federal Contract Tower,7,71,44,0,122,0,15,98,0,113,7,86,142,0,235,12,80,92,327
01/27/2002,EYW,FL,ASO,ES,Federal Contract Tower,7,76,75,0,158,0,29,92,0,121,7,105,167,0,279,42,6,48,327
01/28/2002,EYW,FL,ASO,ES,Federal Contract Tower,8,78,28,0,114,0,19,64,0,83,8,97,92,0,197,44,112,156,353
01/29/2002,EYW,FL,ASO,ES,Federal Contract Tower,8,85,73,0,166,0,0,37,0,37,8,85,110,0,203,18,90,108,311
01/30/2002,EYW,FL,ASO,ES,Federal Contract Tower,7,74,45,1,127,1,14,32,3,50,8,88,77,4,177,12,76,88,265
01/31/2002,EYW,FL,ASO,ES,Federal Contract Tower,7,77,49,1,134,0,0,43,1,44,7,77,92,2,178,23,6,29,207
02/01/2002,EYW,FL,ASO,ES,Federal Contract Tower,9,82,44,1,136,1,8,58,9,76,10,90,102,10,212,50,74,124,336
02/02/2002,EYW,FL,ASO,ES,Federal Contract Tower,9,69,45,1,124,1,13,65,8,87,10,82,110,9,211,34,60,94,305
02/03/2002,EYW,FL,ASO,ES,Federal Contract Tower,9,83,59,0,151,1,17,74,0,92,10,100,133,0,243,34,22,56,299
02/04/2002,EYW,FL,ASO,ES,Federal Contract Tower,6,66,45,0,117,4,38,37,0,79,10,104,82,0,196,22,22,44,240
02/05/2002,EYW,FL,ASO,ES,Federal Contract Tower,9,81,33,0,123,1,25,53,0,79,10,106,86,0,202,2,52,54,256
02/06/2002,EYW,FL,ASO,ES,Federal Contract Tower,10,102,70,0,182,0,0,5,0,5,10,102,75,0,187,16,28,44,231
02/07/2002,EYW,FL,ASO,ES,Federal Contract Tower,8,91,72,2,173,0,0,8,12,20,8,91,80,14,193,30,6,36,229
02/08/2002,EYW,FL,ASO,ES,Federal Contract Tower,10,102,80,1,193,0,0,20,3,23,10,102,100,4,216,50,52,102,318
02/09/2002,EYW,FL,ASO,ES,Federal Contract Tower,7,98,65,1,171,0,3,0,1,4,7,101,65,2,175,10,0,10,185
02/10/2002,EYW,FL,ASO,ES,Federal Contract Tower,10,99,73,0,182,0,0,13,0,13,10,99,86,0,195,46,6,52,247
02/11/2002,EYW,FL,ASO,ES,Federal Contract Tower,10,104,74,0,188,0,0,10,0,10,10,104,84,0,198,34,44,78,276
02/12/2002,EYW,FL,ASO,ES,Federal Contract Tower,8,76,52,0,136,2,27,45,0,74,10,103,97,0,210,8,52,60,270
02/13/2002,EYW,FL,ASO,ES,Federal Contract Tower,14,99,46,1,160,0,13,15,1,29,14,112,61,2,189,18,30,48,237
02/14/2002,EYW,FL,ASO,ES,Federal Contract Tower,8,97,63,0,168,0,5,21,3,29,8,102,84,3,197,6,38,44,241
02/15/2002,EYW,FL,ASO,ES,Federal Contract Tower,10,87,70,0,167,0,25,39,7,71,10,112,109,7,238,56,80,136,374
02/16/2002,EYW,FL,ASO,ES,Federal Contract Tower,10,84,64,0,158,0,3,7,0,10,10,87,71,0,168,4,52,56,224
02/17/2002,EYW,FL,ASO,ES,Federal Contract Tower,12,105,70,1,188,2,11,113,1,127,14,116,183,2,315,2,0,2,317
02/18/2002,EYW,FL,ASO,ES,Federal Contract Tower,10,91,59,0,160,0,24,61,0,85,10,115,120,0,245,34,66,100,345
02/19/2002,EYW,FL,ASO,ES,Federal Contract Tower,8,78,52,2,140,2,32,58,2,94,10,110,110,4,234,22,68,90,324
02/20/2002,EYW,FL,ASO,ES,Federal Contract Tower,10,92,39,3,144,0,21,56,13,90,10,113,95,16,234,28,20,48,282
02/21/2002,EYW,FL,ASO,ES,Federal Contract Tower,10,90,76,2,178,0,6,41,2,49,10,96,117,4,227,95,82,177,404
02/22/2002,EYW,FL,ASO,ES,Federal Contract Tower,10,85,51,1,147,0,10,41,1,52,10,95,92,2,199,56,26,82,281
02/23/2002,EYW,FL,ASO,ES,Federal Contract Tower,12,82,31,3,128,0,4,3,3,10,12,86,34,6,138,0,6,6,144
02/24/2002,EYW,FL,ASO,ES,Federal Contract Tower,9,85,76,0,170,0,15,90,0,105,9,100,166,0,275,14,4,18,293
02/25/2002,EYW,FL,ASO,ES,Federal Contract Tower,10,81,52,0,143,0,36,73,0,109,10,117,125,0,252,24,118,142,394
02/26/2002,EYW,FL,ASO,ES,Federal Contract Tower,10,78,39,0,127,0,34,61,0,95,10,112,100,0,222,66,102,168,390
02/27/2002,EYW,FL,ASO,ES,Federal Contract Tower,10,86,41,1,138,0,10,26,3,39,10,96,67,4,177,20,24,44,221
02/28/2002,EYW,FL,ASO,ES,Federal Contract Tower,10,88,58,1,157,0,11,32,3,46,10,99,90,4,203,40,120,160,363
03/01/2002,EYW,FL,ASO,ES,Federal Contract Tower,10,85,51,0,146,0,12,37,0,49,10,97,88,0,195,26,90,116,311
03/02/2002,EYW,FL,ASO,ES,Federal Contract Tower,10,81,56,0,147,0,29,53,0,82,10,110,109,0,229,0,0,0,229
03/03/2002,EYW,FL,ASO,ES,Federal Contract Tower,10,90,78,0,178,0,19,89,0,108,10,109,167,0,286,38,0,38,324
03/04/2002,EYW,FL,ASO,ES,Federal Contract Tower,10,91,38,0,139,0,10,1,0,11,10,101,39,0,150,0,0,0,150
03/05/2002,EYW,FL,ASO,ES,Federal Contract Tower,10,86,56,0,152,0,18,23,0,41,10,104,79,0,193,8,14,22,215
03/06/2002,EYW,FL,ASO,ES,Federal Contract Tower,10,94,40,0,144,0,3,37,0,40,10,97,77,0,184,34,40,74,258
03/07/2002,EYW,FL,ASO,ES,Federal Contract Tower,11,91,43,0,145,0,0,4,0,4,11,91,47,0,149,14,28,42,191
03/08/2002,EYW,FL,ASO,ES,Federal Contract Tower,9,82,69,0,160,0,18,89,2,109,9,100,158,2,269,36,90,126,395
03/09/2002,EYW,FL,ASO,ES,Federal Contract Tower,10,88,74,0,172,0,29,72,0,101,10,117,146,0,273,0,58,58,331
03/10/2002,EYW,FL,ASO,ES,Federal Contract Tower,10,93,73,0,176,0,40,99,0,139,10,133,172,0,315,10,38,48,363
03/11/2002,EYW,FL,ASO,ES,Federal Contract Tower,12,83,56,0,151,0,17,50,0,67,12,100,106,0,218,32,94,126,344
03/12/2002,EYW,FL,ASO,ES,Federal Contract Tower,11,82,49,0,142,0,26,61,0,87,11,108,110,0,229,30,32,62,291
03/13/2002,EYW,FL,ASO,ES,Federal Contract Tower,10,87,35,1,133,0,0,46,0,46,10,87,81,1,179,60,2,62,241
03/14/2002,EYW,FL,ASO,ES,Federal Contract Tower,9,92,58,0,159,0,0,31,2,33,9,92,89,2,192,40,66,106,298
03/15/2002,EYW,FL,ASO,ES,Federal Contract Tower,10,87,59,0,156,0,31,70,2,103,10,118,129,2,259,16,78,94,353
03/16/2002,EYW,FL,ASO,ES,Federal Contract Tower,10,82,78,0,170,0,36,116,0,152,10,118,194,0,322,8,2,10,332
03/17/2002,EYW,FL,ASO,ES,Federal Contract Tower,10,98,62,0,170,0,27,123,2,152,10,125,185,2,322,26,0,26,348
03/18/2002,EYW,FL,ASO,ES,Federal Contract Tower,8,86,43,0,137,0,30,63,0,93,8,116,106,0,230,18,58,76,306
03/19/2002,EYW,FL,ASO,ES,Federal Contract Tower,10,80,44,0,134,0,2,62,0,64,10,82,106,0,198,30,32,62,260
03/20/2002,EYW,FL,ASO,ES,Federal Contract Tower,8,75,48,0,131,4,35,36,8,83,12,110,84,8,214,40,22,62,276
03/21/2002,EYW,FL,ASO,ES,Federal Contract Tower,11,81,52,0,144,0,0,28,0,28,11,81,80,0,172,12,14,26,198
03/22/2002,EYW,FL,ASO,ES,Federal Contract Tower,10,91,61,0,162,0,10,42,1,53,10,101,103,1,215,4,50,54,269
03/23/2002,EYW,FL,ASO,ES,Federal Contract Tower,9,94,72,0,175,0,16,41,0,57,9,110,113,0,232,10,68,78,310
03/24/2002,EYW,FL,ASO,ES,Federal Contract Tower,8,98,72,0,178,0,21,99,1,121,8,119,171,1,299,2,28,30,329
03/25/2002,EYW,FL,ASO,ES,Federal Contract Tower,10,90,43,0,143,0,16,65,2,83,10,106,108,2,226,25,82,107,333
03/26/2002,EYW,FL,ASO,ES,Federal Contract Tower,10,84,28,0,122,0,29,52,0,81,10,113,80,0,203,28,38,66,269
03/27/2002,EYW,FL,ASO,ES,Federal Contract Tower,10,97,65,0,172,0,2,21,2,25,10,99,86,2,197,64,22,86,283
03/28/2002,EYW,FL,ASO,ES,Federal Contract Tower,9,86,64,0,159,0,10,29,0,39,9,96,93,0,198,32,24,56,254
03/29/2002,EYW,FL,ASO,ES,Federal Contract Tower,9,87,56,0,152,0,17,79,14,110,9,104,135,14,262,44,60,104,366
03/30/2002,EYW,FL,ASO,ES,Federal Contract Tower,10,87,69,0,166,0,28,63,0,91,10,115,132,0,257,0,0,0,257
03/31/2002,EYW,FL,ASO,ES,Federal Contract Tower,10,98,52,0,160,0,19,96,2,117,10,117,148,2,277,0,0,0,277
04/01/2002,EYW,FL,ASO,ES,Federal Contract Tower,9,85,58,0,152,1,20,53,0,74,10,105,111,0,226,26,40,66,292
04/02/2002,EYW,FL,ASO,ES,Federal Contract Tower,12,84,42,2,140,1,26,62,0,89,13,110,104,2,229,66,46,112,341
04/03/2002,EYW,FL,ASO,ES,Federal Contract Tower,10,84,38,0,132,1,14,38,0,53,11,98,76,0,185,50,16,66,251
04/04/2002,EYW,FL,ASO,ES,Federal Contract Tower,11,84,57,0,152,1,13,34,0,48,12,97,91,0,200,24,88,112,312
04/05/2002,EYW,FL,ASO,ES,Federal Contract Tower,9,85,75,0,169,1,31,30,0,62,10,116,105,0,231,14,26,40,271
04/06/2002,EYW,FL,ASO,ES,Federal Contract Tower,10,83,61,2,156,1,29,58,2,90,11,112,119,4,246,14,10,24,270
04/07/2002,EYW,FL,ASO,ES,Federal Contract Tower,12,81,86,0,179,0,34,63,0,97,12,115,149,0,276,72,26,98,374
04/08/2002,EYW,FL,ASO,ES,Federal Contract Tower,12,85,45,3,145,0,4,35,0,39,12,89,80,3,184,2,14,16,200
04/09/2002,EYW,FL,ASO,ES,Federal Contract Tower,8,89,52,2,151,0,23,39,2,64,8,112,91,4,215,0,6,6,221
04/10/2002,EYW,FL,ASO,ES,Federal Contract Tower,8,12,42,1,63,0,0,67,0,67,8,12,109,1,130,34,4,38,168
04/11/2002,EYW,FL,ASO,ES,Federal Contract Tower,10,92,55,3,160,1,4,43,0,48,11,96,98,3,208,8,10,18,226
04/12/2002,EYW,FL,ASO,ES,Federal Contract Tower,5,89,56,0,150,0,14,53,1,68,5,103,109,1,218,52,14,66,284
04/13/2002,EYW,FL,ASO,ES,Federal Contract Tower,10,76,28,0,114,0,9,34,0,43,10,85,62,0,157,0,6,6,163
04/14/2002,EYW,FL,ASO,ES,Federal Contract Tower,10,92,46,0,148,0,21,61,0,82,10,113,107,0,230,10,0,10,240
04/15/2002,EYW,FL,ASO,ES,Federal Contract Tower,10,80,37,0,127,0,14,65,0,79,10,94,102,0,206,0,4,4,210
04/16/2002,EYW,FL,ASO,ES,Federal Contract Tower,6,88,44,1,139,0,13,46,0,59,6,101,90,1,198,28,12,40,238
04/17/2002,EYW,FL,ASO,ES,Federal Contract Tower,10,83,33,1,127,0,11,55,0,66,10,94,88,1,193,38,4,42,235
04/18/2002,EYW,FL,ASO,ES,Federal Contract Tower,9,87,56,0,152,0,15,43,8,66,9,102,99,8,218,52,24,76,294
04/19/2002,EYW,FL,ASO,ES,Federal Contract Tower,7,91,55,0,153,0,16,96,0,112,7,107,151,0,265,38,86,124,389
04/20/2002,EYW,FL,ASO,ES,Federal Contract Tower,10,72,39,0,121,0,21,91,0,112,10,93,130,0,233,16,32,48,281
04/21/2002,EYW,FL,ASO,ES,Federal Contract Tower,8,94,63,0,165,0,30,119,0,149,8,124,182,0,314,30,16,46,360
04/22/2002,EYW,FL,ASO,ES,Federal Contract Tower,10,87,36,0,133,0,19,29,0,48,10,106,65,0,181,22,4,26,207
04/23/2002,EYW,FL,ASO,ES,Federal Contract Tower,4,86,25,0,115,0,9,39,12,60,4,95,64,12,175,36,4,40,215
04/24/2002,EYW,FL,ASO,ES,Federal Contract Tower,12,95,27,0,134,0,0,70,3,73,12,95,97,3,207,30,14,44,251
04/25/2002,EYW,FL,ASO,ES,Federal Contract Tower,6,85,42,0,133,0,0,47,2,49,6,85,89,2,182,8,38,46,228
04/26/2002,EYW,FL,ASO,ES,Federal Contract Tower,6,85,50,0,141,0,12,102,0,114,6,97,152,0,255,84,60,144,399
04/27/2002,EYW,FL,ASO,ES,Federal Contract Tower,8,77,42,0,127,0,23,90,0,113,8,100,132,0,240,16,44,60,300
04/28/2002,EYW,FL,ASO,ES,Federal Contract Tower,8,93,67,0,168,0,28,96,0,124,8,121,163,0,292,14,8,22,314
04/29/2002,EYW,FL,ASO,ES,Federal Contract Tower,8,88,64,0,160,0,0,30,0,30,8,88,94,0,190,36,28,64,254
04/30/2002,EYW,FL,ASO,ES,Federal Contract Tower,6,79,44,0,129,0,24,44,0,68,6,103,88,0,197,20,52,72,269
05/01/2002,EYW,FL,ASO,ES,Federal Contract Tower,4,84,46,0,134,0,13,45,2,60,4,97,91,2,194,50,14,64,258
05/02/2002,EYW,FL,ASO,ES,Federal Contract Tower,6,80,38,1,125,0,0,38,1,39,6,80,76,2,164,12,38,50,214
05/03/2002,EYW,FL,ASO,ES,Federal Contract Tower,7,89,67,0,163,1,14,65,2,82,8,103,132,2,245,34,40,74,319
05/04/2002,EYW,FL,ASO,ES,Federal Contract Tower,3,78,41,1,123,1,1,120,0,122,4,79,161,1,245,55,2,57,302
05/05/2002,EYW,FL,ASO,ES,Federal Contract Tower,6,85,65,0,156,0,31,102,0,133,6,116,167,0,289,44,0,44,333
05/06/2002,EYW,FL,ASO,ES,Federal Contract Tower,6,91,57,0,154,0,0,15,0,15,6,91,72,0,169,6,50,56,225
05/07/2002,EYW,FL,ASO,ES,Federal Contract Tower,4,87,57,0,148,0,0,24,0,24,4,87,81,0,172,10,26,36,208
05/08/2002,EYW,FL,ASO,ES,Federal Contract Tower,6,90,27,0,123,0,3,57,6,66,6,93,84,6,189,26,10,36,225
05/09/2002,EYW,FL,ASO,ES,Federal Contract Tower,2,93,54,0,149,0,1,38,0,39,2,94,92,0,188,30,50,80,268
05/10/2002,EYW,FL,ASO,ES,Federal Contract Tower,4,86,57,0,147,0,10,55,2,67,4,96,112,2,214,14,56,70,284
05/11/2002,EYW,FL,ASO,ES,Federal Contract Tower,6,78,29,0,113,0,16,38,0,54,6,94,67,0,167,12,24,36,203
05/12/2002,EYW,FL,ASO,ES,Federal Contract Tower,8,82,43,0,133,0,10,68,0,78,8,92,111,0,211,4,6,10,221
05/13/2002,EYW,FL,ASO,ES,Federal Contract Tower,4,86,26,0,116,0,11,36,6,53,4,97,62,6,169,14,16,30,199
05/14/2002,EYW,FL,ASO,ES,Federal Contract Tower,8,81,31,3,123,0,11,61,6,78,8,92,92,9,201,18,46,64,265
05/15/2002,EYW,FL,ASO,ES,Federal Contract Tower,4,92,35,1,132,0,1,33,0,34,4,93,68,1,166,40,49,89,255
05/16/2002,EYW,FL,ASO,ES,Federal Contract Tower,8,85,34,0,127,0,9,33,0,42,8,94,67,0,169,56,38,94,263
05/17/2002,EYW,FL,ASO,ES,Federal Contract Tower,3,87,40,0,130,0,13,65,0,78,3,100,105,0,208,38,52,90,298
05/18/2002,EYW,FL,ASO,ES,Federal Contract Tower,10,86,43,0,139,0,15,64,0,79,10,101,107,0,218,18,2,20,238
05/19/2002,EYW,FL,ASO,ES,Federal Contract Tower,7,90,41,0,138,3,4,0,1,8,10,94,41,1,146,0,4,4,150
05/20/2002,EYW,FL,ASO,ES,Federal Contract Tower,6,83,34,0,123,0,0,37,0,37,6,83,71,0,160,46,28,74,234
05/21/2002,EYW,FL,ASO,ES,Federal Contract Tower,8,78,43,0,129,0,6,15,0,21,8,84,58,0,150,0,0,0,150
05/22/2002,EYW,FL,ASO,ES,Federal Contract Tower,8,75,37,0,120,0,12,36,0,48,8,87,73,0,168,0,36,36,204
05/23/2002,EYW,FL,ASO,ES,Federal Contract Tower,8,83,32,0,123,0,19,66,0,85,8,102,98,0,208,28,32,60,268
05/24/2002,EYW,FL,ASO,ES,Federal Contract Tower,8,89,75,2,174,0,1,48,0,49,8,90,123,2,223,30,20,50,273
05/25/2002,EYW,FL,ASO,ES,Federal Contract Tower,6,76,51,2,135,0,35,45,0,80,6,111,96,2,215,8,0,8,223
05/26/2002,EYW,FL,ASO,ES,Federal Contract Tower,6,76,37,0,119,0,25,92,1,118,6,101,129,1,237,28,0,28,265
05/27/2002,EYW,FL,ASO,ES,Federal Contract Tower,8,87,87,0,182,0,24,39,0,63,8,111,126,0,245,12,0,12,257
05/28/2002,EYW,FL,ASO,ES,Federal Contract Tower,10,87,24,0,121,0,10,33,0,43,10,97,57,0,164,0,18,18,182
05/29/2002,EYW,FL,ASO,ES,Federal Contract Tower,10,74,46,0,130,0,20,47,0,67,10,94,93,0,197,10,36,46,243
05/30/2002,EYW,FL,ASO,ES,Federal Contract Tower,4,82,38,0,124,0,1,41,0,42,4,83,79,0,166,24,30,54,220
05/31/2002,EYW,FL,ASO,ES,Federal Contract Tower,4,83,50,0,137,0,16,48,2,66,4,99,98,2,203,32,40,72,275
06/01/2002,EYW,FL,ASO,ES,Federal Contract Tower,5,76,56,0,137,1,11,44,0,56,6,87,100,0,193,2,6,8,201
06/02/2002,EYW,FL,ASO,ES,Federal Contract Tower,7,80,52,0,139,1,17,92,0,110,8,97,144,0,249,28,0,28,277
06/03/2002,EYW,FL,ASO,ES,Federal Contract Tower,5,81,2,0,88,1,18,83,0,102,6,99,85,0,190,8,80,88,278
06/04/2002,EYW,FL,ASO,ES,Federal Contract Tower,4,77,32,0,113,0,24,24,0,48,4,101,56,0,161,10,52,62,223
06/05/2002,EYW,FL,ASO,ES,Federal Contract Tower,7,80,34,0,121,0,10,25,0,35,7,90,59,0,156,8,12,20,176
06/06/2002,EYW,FL,ASO,ES,Federal Contract Tower,8,77,28,1,114,0,6,46,0,52,8,83,74,1,166,56,18,74,240
06/07/2002,EYW,FL,ASO,ES,Federal Contract Tower,6,77,48,1,132,0,24,51,0,75,6,101,99,1,207,52,70,122,329
06/08/2002,EYW,FL,ASO,ES,Federal Contract Tower,6,78,41,0,125,0,7,52,3,62,6,85,93,3,187,22,58,80,267
06/09/2002,EYW,FL,ASO,ES,Federal Contract Tower,7,104,69,0,180,0,0,47,0,47,7,104,116,0,227,8,6,14,241
06/10/2002,EYW,FL,ASO,ES,Federal Contract Tower,6,79,49,0,134,0,16,40,0,56,6,95,89,0,190,20,68,88,278
06/11/2002,EYW,FL,ASO,ES,Federal Contract Tower,8,78,57,0,143,0,6,24,0,30,8,84,81,0,173,30,24,54,227
06/12/2002,EYW,FL,ASO,ES,Federal Contract Tower,6,90,52,0,148,0,0,53,4,57,6,90,105,4,205,10,12,22,227
06/13/2002,EYW,FL,ASO,ES,Federal Contract Tower,3,76,39,0,118,2,18,27,0,47,5,94,66,0,165,12,10,22,187
06/14/2002,EYW,FL,ASO,ES,Federal Contract Tower,6,79,42,0,127,0,7,14,0,21,6,86,56,0,148,38,0,38,186
06/15/2002,EYW,FL,ASO,ES,Federal Contract Tower,8,59,27,0,94,0,9,6,0,15,8,68,33,0,109,0,0,0,109
06/16/2002,EYW,FL,ASO,ES,Federal Contract Tower,9,77,78,0,164,0,20,50,0,70,9,97,128,0,234,18,0,18,252
06/17/2002,EYW,FL,ASO,ES,Federal Contract Tower,6,86,41,0,133,0,1,46,0,47,6,87,87,0,180,9,2,11,191
06/18/2002,EYW,FL,ASO,ES,Federal Contract Tower,4,78,26,0,108,0,26,43,0,69,4,104,69,0,177,42,28,70,247
06/19/2002,EYW,FL,ASO,ES,Federal Contract Tower,3,77,41,0,121,0,22,36,2,60,3,99,77,2,181,22,16,38,219
06/20/2002,EYW,FL,ASO,ES,Federal Contract Tower,5,82,50,0,137,0,2,29,1,32,5,84,79,1,169,32,4,36,205
06/21/2002,EYW,FL,ASO,ES,Federal Contract Tower,8,84,31,0,123,0,8,27,4,39,8,92,58,4,162,24,22,46,208
06/22/2002,EYW,FL,ASO,ES,Federal Contract Tower,6,73,18,0,97,0,4,42,0,46,6,77,60,0,143,56,0,56,199
06/23/2002,EYW,FL,ASO,ES,Federal Contract Tower,6,71,34,0,111,0,18,55,0,73,6,89,89,0,184,60,0,60,244
06/24/2002,EYW,FL,ASO,ES,Federal Contract Tower,5,71,37,0,113,1,10,14,0,25,6,81,51,0,138,10,4,14,152
06/25/2002,EYW,FL,ASO,ES,Federal Contract Tower,3,79,40,0,122,0,9,21,12,42,3,88,61,12,164,74,8,82,246
06/26/2002,EYW,FL,ASO,ES,Federal Contract Tower,11,80,33,0,124,0,0,32,2,34,11,80,65,2,158,28,34,62,220
06/27/2002,EYW,FL,ASO,ES,Federal Contract Tower,5,75,39,0,119,0,19,33,2,54,5,94,72,2,173,54,4,58,231
06/28/2002,EYW,FL,ASO,ES,Federal Contract Tower,6,76,36,0,118,0,10,44,0,54,6,86,80,0,172,16,16,32,204
06/29/2002,EYW,FL,ASO,ES,Federal Contract Tower,6,76,34,0,116,0,26,78,0,104,6,102,112,0,220,28,12,40,260
06/30/2002,EYW,FL,ASO,ES,Federal Contract Tower,6,87,39,0,132,0,14,50,0,64,6,101,89,0,196,34,10,44,240
07/01/2002,EYW,FL,ASO,ES,Federal Contract Tower,7,78,32,2,119,0,19,32,0,51,7,97,64,2,170,40,10,50,220
07/02/2002,EYW,FL,ASO,ES,Federal Contract Tower,6,82,32,0,120,0,1,34,2,37,6,83,66,2,157,38,2,40,197
07/03/2002,EYW,FL,ASO,ES,Federal Contract Tower,6,78,45,2,131,0,12,31,0,43,6,90,76,2,174,26,0,26,200
07/04/2002,EYW,FL,ASO,ES,Federal Contract Tower,8,76,33,0,117,1,16,69,0,86,9,92,102,0,203,20,0,20,223
07/05/2002,EYW,FL,ASO,ES,Federal Contract Tower,8,67,47,0,122,0,16,37,2,55,8,83,84,2,177,90,0,90,267
07/06/2002,EYW,FL,ASO,ES,Federal Contract Tower,8,76,35,0,119,0,8,44,0,52,8,84,79,0,171,0,2,2,173
07/07/2002,EYW,FL,ASO,ES,Federal Contract Tower,6,86,34,1,127,0,0,0,0,0,6,86,34,1,127,24,2,26,153
07/08/2002,EYW,FL,ASO,ES,Federal Contract Tower,6,78,26,1,111,0,40,84,0,124,6,118,110,1,235,74,0,74,309
07/09/2002,EYW,FL,ASO,ES,Federal Contract Tower,4,76,25,0,105,0,13,17,0,30,4,89,42,0,135,38,6,44,179
07/10/2002,EYW,FL,ASO,ES,Federal Contract Tower,6,79,20,2,107,0,2,27,4,33,6,81,47,6,140,8,6,14,154
07/11/2002,EYW,FL,ASO,ES,Federal Contract Tower,4,81,20,2,107,0,0,37,8,45,4,81,57,10,152,62,0,62,214
07/12/2002,EYW,FL,ASO,ES,Federal Contract Tower,8,74,35,0,117,0,9,42,8,59,8,83,77,8,176,24,20,44,220
07/13/2002,EYW,FL,ASO,ES,Federal Contract Tower,6,69,29,0,104,0,3,73,0,76,6,72,102,0,180,22,14,36,216
07/14/2002,EYW,FL,ASO,ES,Federal Contract Tower,6,82,39,0,127,0,20,80,0,100,6,102,119,0,227,100,24,124,351
07/15/2002,EYW,FL,ASO,ES,Federal Contract Tower,7,77,36,0,120,2,8,27,0,37,9,85,63,0,157,26,64,90,247
07/16/2002,EYW,FL,ASO,ES,Federal Contract Tower,6,75,19,0,100,0,24,41,0,65,6,99,60,0,165,8,36,44,209
07/17/2002,EYW,FL,ASO,ES,Federal Contract Tower,5,75,36,0,116,0,8,43,29,80,5,83,79,29,196,30,26,56,252
07/18/2002,EYW,FL,ASO,ES,Federal Contract Tower,10,86,56,0,152,0,0,33,0,33,10,86,89,0,185,76,32,108,293
07/19/2002,EYW,FL,ASO,ES,Federal Contract Tower,10,74,36,0,120,0,17,74,2,93,10,91,110,2,213,32,44,76,289
07/20/2002,EYW,FL,ASO,ES,Federal Contract Tower,10,67,33,0,110,0,25,79,0,104,10,92,112,0,214,0,30,30,244
07/21/2002,EYW,FL,ASO,ES,Federal Contract Tower,8,81,55,0,144,0,33,112,0,145,8,114,167,0,289,34,2,36,325
07/22/2002,EYW,FL,ASO,ES,Federal Contract Tower,8,73,25,0,106,0,15,41,12,68,8,88,66,12,174,10,0,10,184
07/23/2002,EYW,FL,ASO,ES,Federal Contract Tower,6,72,47,1,126,0,30,64,28,122,6,102,111,29,248,38,10,48,296
07/24/2002,EYW,FL,ASO,ES,Federal Contract Tower,7,80,30,0,117,0,14,50,6,70,7,94,80,6,187,56,52,108,295
07/25/2002,EYW,FL,ASO,ES,Federal Contract Tower,6,75,40,0,121,0,11,53,3,67,6,86,93,3,188,48,54,102,290
07/26/2002,EYW,FL,ASO,ES,Federal Contract Tower,10,72,67,0,149,0,40,103,12,155,10,112,170,12,304,72,32,104,408
07/27/2002,EYW,FL,ASO,ES,Federal Contract Tower,10,70,42,1,123,0,40,79,0,119,10,110,121,1,242,22,4,26,268
07/28/2002,EYW,FL,ASO,ES,Federal Contract Tower,8,83,53,0,144,0,24,82,0,106,8,107,135,0,250,16,6,22,272
07/29/2002,EYW,FL,ASO,ES,Federal Contract Tower,8,74,23,1,106,0,15,41,15,71,8,89,64,16,177,34,4,38,215
07/30/2002,EYW,FL,ASO,ES,Federal Contract Tower,5,62,30,0,97,1,33,48,14,96,6,95,78,14,193,62,14,76,269
07/31/2002,EYW,FL,ASO,ES,Federal Contract Tower,6,68,32,0,106,1,20,50,0,71,7,88,82,0,177,46,4,50,227
08/01/2002,EYW,FL,ASO,ES,Federal Contract Tower,6,69,30,0,105,1,5,64,10,80,7,74,94,10,185,42,32,74,259
08/02/2002,EYW,FL,ASO,ES,Federal Contract Tower,8,77,57,1,143,2,19,48,0,69,10,96,105,1,212,38,4,42,254
08/03/2002,EYW,FL,ASO,ES,Federal Contract Tower,8,65,46,1,120,2,24,45,0,71,10,89,91,1,191,28,4,32,223
08/04/2002,EYW,FL,ASO,ES,Federal Contract Tower,6,79,41,0,126,2,16,64,0,82,8,95,105,0,208,40,0,40,248
08/05/2002,EYW,FL,ASO,ES,Federal Contract Tower,9,77,39,0,125,2,12,31,5,50,11,89,70,5,175,26,10,36,211
08/06/2002,EYW,FL,ASO,ES,Federal Contract Tower,6,68,27,0,101,2,4,48,0,54,8,72,75,0,155,42,8,50,205
08/07/2002,EYW,FL,ASO,ES,Federal Contract Tower,5,76,36,0,117,3,7,32,4,46,8,83,68,4,163,70,0,70,233
08/08/2002,EYW,FL,ASO,ES,Federal Contract Tower,9,77,37,0,123,1,7,58,2,68,10,84,95,2,191,46,10,56,247
08/09/2002,EYW,FL,ASO,ES,Federal Contract Tower,9,76,51,0,136,1,21,75,4,101,10,97,126,4,237,60,8,68,305
08/10/2002,EYW,FL,ASO,ES,Federal Contract Tower,10,64,27,0,101,10,23,32,0,65,20,87,59,0,166,10,8,18,184
08/11/2002,EYW,FL,ASO,ES,Federal Contract Tower,6,82,51,0,139,3,13,49,0,65,9,95,100,0,204,70,0,70,274
08/12/2002,EYW,FL,ASO,ES,Federal Contract Tower,5,74,28,2,109,2,15,40,1,58,7,89,68,3,167,30,6,36,203
08/13/2002,EYW,FL,ASO,ES,Federal Contract Tower,7,70,32,3,112,1,18,31,3,53,8,88,63,6,165,24,18,42,207
08/14/2002,EYW,FL,ASO,ES,Federal Contract Tower,7,68,36,0,111,0,13,36,9,58,7,81,72,9,169,54,6,60,229
08/15/2002,EYW,FL,ASO,ES,Federal Contract Tower,7,84,46,0,137,0,0,65,2,67,7,84,111,2,204,32,10,42,246
08/16/2002,EYW,FL,ASO,ES,Federal Contract Tower,10,73,43,1,127,0,13,35,1,49,10,86,78,2,176,12,21,33,209
08/17/2002,EYW,FL,ASO,ES,Federal Contract Tower,8,63,31,2,104,0,13,18,2,33,8,76,49,4,137,38,4,42,179
08/18/2002,EYW,FL,ASO,ES,Federal Contract Tower,7,108,76,0,191,0,0,46,0,46,7,108,122,0,237,18,8,26,263
08/19/2002,EYW,FL,ASO,ES,Federal Contract Tower,8,75,32,1,116,0,10,37,0,47,8,85,69,1,163,28,0,28,191
08/20/2002,EYW,FL,ASO,ES,Federal Contract Tower,8,67,25,0,100,0,17,30,0,47,8,84,55,0,147,6,0,6,153
08/21/2002,EYW,FL,ASO,ES,Federal Contract Tower,8,61,24,0,93,0,13,31,12,56,8,74,55,12,149,66,2,68,217
08/22/2002,EYW,FL,ASO,ES,Federal Contract Tower,8,73,18,0,99,0,14,65,10,89,8,87,83,10,188,72,22,94,282
08/23/2002,EYW,FL,ASO,ES,Federal Contract Tower,10,63,46,1,120,0,19,57,6,82,10,82,103,7,202,36,24,60,262
08/24/2002,EYW,FL,ASO,ES,Federal Contract Tower,8,64,30,1,103,0,10,43,1,54,8,74,73,2,157,12,2,14,171
08/25/2002,EYW,FL,ASO,ES,Federal Contract Tower,8,75,49,0,132,0,9,52,2,63,8,84,101,2,195,60,0,60,255
08/26/2002,EYW,FL,ASO,ES,Federal Contract Tower,10,68,20,0,98,0,2,22,2,26,10,70,42,2,124,38,0,38,162
08/27/2002,EYW,FL,ASO,ES,Federal Contract Tower,3,69,36,0,108,0,1,30,13,44,3,70,66,13,152,42,0,42,194
08/28/2002,EYW,FL,ASO,ES,Federal Contract Tower,8,71,19,0,98,1,12,22,0,35,9,83,41,0,133,24,10,34,167
08/29/2002,EYW,FL,ASO,ES,Federal Contract Tower,8,70,29,0,107,0,7,43,0,50,8,77,72,0,157,62,26,88,245
08/30/2002,EYW,FL,ASO,ES,Federal Contract Tower,10,89,51,0,150,0,3,47,0,50,10,92,98,0,200,32,2,34,234
08/31/2002,EYW,FL,ASO,ES,Federal Contract Tower,8,62,39,0,109,0,26,76,0,102,8,88,115,0,211,50,2,52,263
09/01/2002,EYW,FL,ASO,ES,Federal Contract Tower,8,70,33,0,111,1,17,105,1,124,9,87,138,1,235,52,0,52,287
09/02/2002,EYW,FL,ASO,ES,Federal Contract Tower,8,76,58,0,142,1,4,77,0,82,9,80,135,0,224,22,0,22,246
09/03/2002,EYW,FL,ASO,ES,Federal Contract Tower,8,73,21,0,102,0,5,27,2,34,8,78,48,2,136,38,20,58,194
09/04/2002,EYW,FL,ASO,ES,Federal Contract Tower,8,66,26,0,100,0,4,29,15,48,8,70,55,15,148,30,20,50,198
09/05/2002,EYW,FL,ASO,ES,Federal Contract Tower,8,58,22,0,88,0,5,34,16,55,8,63,56,16,143,80,48,128,271
09/06/2002,EYW,FL,ASO,ES,Federal Contract Tower,12,54,30,1,97,0,11,21,6,38,12,65,51,7,135,30,22,52,187
09/07/2002,EYW,FL,ASO,ES,Federal Contract Tower,10,54,15,1,80,0,13,51,0,64,10,67,66,1,144,46,4,50,194
09/08/2002,EYW,FL,ASO,ES,Federal Contract Tower,8,60,25,0,93,0,16,45,0,61,8,76,70,0,154,28,20,48,202
09/09/2002,EYW,FL,ASO,ES,Federal Contract Tower,8,60,15,2,85,0,4,27,0,31,8,64,42,2,116,20,42,62,178
09/10/2002,EYW,FL,ASO,ES,Federal Contract Tower,8,60,26,0,94,0,11,24,0,35,8,71,50,0,129,18,2,20,149
09/11/2002,EYW,FL,ASO,ES,Federal Contract Tower,7,64,25,0,96,0,2,0,1,3,7,66,25,1,99,10,22,32,131
09/12/2002,EYW,FL,ASO,ES,Federal Contract Tower,8,67,26,2,103,0,2,12,2,16,8,69,38,4,119,34,106,140,259
09/13/2002,EYW,FL,ASO,ES,Federal Contract Tower,10,52,33,1,96,0,23,56,5,84,10,75,89,6,180,18,98,116,296
09/14/2002,EYW,FL,ASO,ES,Federal Contract Tower,8,53,40,0,101,0,6,57,1,64,8,59,97,1,165,20,4,24,189
09/15/2002,EYW,FL,ASO,ES,Federal Contract Tower,11,66,42,0,119,0,11,90,22,123,11,77,132,22,242,6,18,24,266
09/16/2002,EYW,FL,ASO,ES,Federal Contract Tower,8,65,0,0,73,0,0,57,1,58,8,65,57,1,131,18,40,58,189
09/17/2002,EYW,FL,ASO,ES,Federal Contract Tower,10,54,29,0,93,0,3,40,10,53,10,57,69,10,146,28,48,76,222
09/18/2002,EYW,FL,ASO,ES,Federal Contract Tower,8,58,25,0,91,0,0,26,14,40,8,58,51,14,131,24,26,50,181
09/19/2002,EYW,FL,ASO,ES,Federal Contract Tower,9,66,27,0,102,0,1,36,2,39,9,67,63,2,141,42,132,174,315
09/20/2002,EYW,FL,ASO,ES,Federal Contract Tower,14,59,18,0,91,0,12,21,0,33,14,71,39,0,124,6,16,22,146
09/21/2002,EYW,FL,ASO,ES,Federal Contract Tower,8,56,7,0,71,0,4,27,2,33,8,60,34,2,104,12,0,12,116
09/22/2002,EYW,FL,ASO,ES,Federal Contract Tower,8,64,13,0,85,0,7,30,0,37,8,71,43,0,122,4,2,6,128
09/23/2002,EYW,FL,ASO,ES,Federal Contract Tower,8,58,16,0,82,0,0,15,0,15,8,58,31,0,97,4,34,38,135
09/24/2002,EYW,FL,ASO,ES,Federal Contract Tower,10,54,17,0,81,0,11,31,0,42,10,65,48,0,123,8,8,16,139
09/25/2002,EYW,FL,ASO,ES,Federal Contract Tower,10,61,33,0,104,0,4,13,6,23,10,65,46,6,127,0,0,0,127
09/26/2002,EYW,FL,ASO,ES,Federal Contract Tower,8,64,24,1,97,0,6,41,2,49,8,70,65,3,146,30,76,106,252
09/27/2002,EYW,FL,ASO,ES,Federal Contract Tower,9,63,35,2,109,0,19,48,2,69,9,82,83,4,178,92,18,110,288
09/28/2002,EYW,FL,ASO,ES,Federal Contract Tower,9,59,28,0,96,0,1,52,0,53,9,60,80,0,149,46,24,70,219
09/29/2002,EYW,FL,ASO,ES,Federal Contract Tower,8,69,37,0,114,0,14,64,0,78,8,83,101,0,192,16,4,20,212
09/30/2002,EYW,FL,ASO,ES,Federal Contract Tower,9,62,12,1,84,0,3,23,0,26,9,65,35,1,110,22,70,92,202
10/01/2002,EYW,FL,ASO,ES,Federal Contract Tower,12,55,15,0,82,0,2,14,0,16,12,57,29,0,98,0,116,116,214
10/02/2002,EYW,FL,ASO,ES,Federal Contract Tower,13,59,24,0,96,0,8,36,0,44,13,67,60,0,140,20,18,38,178
10/03/2002,EYW,FL,ASO,ES,Federal Contract Tower,14,60,19,0,93,0,3,29,1,33,14,63,48,1,126,16,118,134,260
10/04/2002,EYW,FL,ASO,ES,Federal Contract Tower,14,59,34,1,108,0,16,54,12,82,14,75,88,13,190,18,32,50,240
10/05/2002,EYW,FL,ASO,ES,Federal Contract Tower,14,58,18,0,90,0,7,69,0,76,14,65,87,0,166,14,6,20,186
10/06/2002,EYW,FL,ASO,ES,Federal Contract Tower,14,61,44,0,119,0,8,68,0,76,14,69,112,0,195,24,2,26,221
10/07/2002,EYW,FL,ASO,ES,Federal Contract Tower,14,62,21,1,98,0,8,47,0,55,14,70,68,1,153,34,28,62,215
10/08/2002,EYW,FL,ASO,ES,Federal Contract Tower,14,54,20,0,88,0,16,41,0,57,14,70,61,0,145,64,46,110,255
10/09/2002,EYW,FL,ASO,ES,Federal Contract Tower,15,57,20,0,92,0,0,26,4,30,15,57,46,4,122,42,16,58,180
10/10/2002,EYW,FL,ASO,ES,Federal Contract Tower,15,73,30,1,119,0,10,49,0,59,15,83,79,1,178,26,42,68,246
10/11/2002,EYW,FL,ASO,ES,Federal Contract Tower,14,60,47,1,122,0,7,56,12,75,14,67,103,13,197,6,76,82,279
10/12/2002,EYW,FL,ASO,ES,Federal Contract Tower,8,39,20,0,67,6,19,94,6,125,14,58,114,6,192,56,34,90,282
10/13/2002,EYW,FL,ASO,ES,Federal Contract Tower,14,73,41,0,128,0,12,98,0,110,14,85,139,0,238,30,38,68,306
10/14/2002,EYW,FL,ASO,ES,Federal Contract Tower,12,64,26,2,104,0,0,41,0,41,12,64,67,2,145,36,0,36,181
10/15/2002,EYW,FL,ASO,ES,Federal Contract Tower,16,62,10,0,88,0,3,28,0,31,16,65,38,0,119,36,34,70,189
10/16/2002,EYW,FL,ASO,ES,Federal Contract Tower,15,57,16,0,88,0,0,38,2,40,15,57,54,2,128,40,6,46,174
10/17/2002,EYW,FL,ASO,ES,Federal Contract Tower,11,59,28,0,98,0,29,39,2,70,11,88,67,2,168,30,24,54,222
10/18/2002,EYW,FL,ASO,ES,Federal Contract Tower,12,61,39,0,112,0,21,84,0,105,12,82,123,0,217,72,54,126,343
10/19/2002,EYW,FL,ASO,ES,Federal Contract Tower,14,52,46,0,112,0,21,131,1,153,14,73,177,1,265,10,20,30,295
10/20/2002,EYW,FL,ASO,ES,Federal Contract Tower,14,71,43,1,129,0,23,73,0,96,14,94,116,1,225,0,0,0,225
10/21/2002,EYW,FL,ASO,ES,Federal Contract Tower,14,59,20,1,94,0,11,23,0,34,14,70,43,1,128,14,42,56,184
10/22/2002,EYW,FL,ASO,ES,Federal Contract Tower,14,61,43,0,118,0,5,78,0,83,14,66,121,0,201,48,26,74,275
10/23/2002,EYW,FL,ASO,ES,Federal Contract Tower,14,65,39,1,119,0,1,77,4,82,14,66,116,5,201,84,32,116,317
10/24/2002,EYW,FL,ASO,ES,Federal Contract Tower,14,70,52,1,137,0,12,101,0,113,14,82,153,1,250,74,56,130,380
10/25/2002,EYW,FL,ASO,ES,Federal Contract Tower,14,78,81,0,173,0,18,109,0,127,14,96,190,0,300,68,78,146,446
10/26/2002,EYW,FL,ASO,ES,Federal Contract Tower,13,58,77,1,149,0,26,140,2,168,13,84,217,3,317,10,0,10,327
10/27/2002,EYW,FL,ASO,ES,Federal Contract Tower,16,87,111,1,215,0,27,175,0,202,16,114,286,1,417,26,6,32,449
10/28/2002,EYW,FL,ASO,ES,Federal Contract Tower,16,79,46,0,141,0,16,80,0,96,16,95,126,0,237,22,18,40,277
10/29/2002,EYW,FL,ASO,ES,Federal Contract Tower,12,62,23,0,97,0,6,52,0,58,12,68,75,0,155,34,10,44,199
10/30/2002,EYW,FL,ASO,ES,Federal Contract Tower,13,66,23,0,102,0,0,53,0,53,13,66,76,0,155,56,10,66,221
10/31/2002,EYW,FL,ASO,ES,Federal Contract Tower,14,63,20,0,97,0,5,66,0,71,14,68,86,0,168,30,6,36,204
11/01/2002,EYW,FL,ASO,ES,Federal Contract Tower,15,78,51,1,145,0,5,52,0,57,15,83,103,1,202,54,2,56,258
11/02/2002,EYW,FL,ASO,ES,Federal Contract Tower,13,68,47,1,129,0,25,77,0,102,13,93,124,1,231,30,8,38,269
11/03/2002,EYW,FL,ASO,ES,Federal Contract Tower,16,71,38,0,125,0,21,57,0,78,16,92,95,0,203,38,2,40,243
11/04/2002,EYW,FL,ASO,ES,Federal Contract Tower,15,70,27,0,112,0,11,39,1,51,15,81,66,1,163,2,12,14,177
11/05/2002,EYW,FL,ASO,ES,Federal Contract Tower,16,69,28,0,113,0,5,33,0,38,16,74,61,0,151,2,14,16,167
11/06/2002,EYW,FL,ASO,ES,Federal Contract Tower,15,73,24,0,112,0,0,29,0,29,15,73,53,0,141,52,6,58,199
11/07/2002,EYW,FL,ASO,ES,Federal Contract Tower,16,77,29,0,122,0,1,77,12,90,16,78,106,12,212,32,38,70,282
11/08/2002,EYW,FL,ASO,ES,Federal Contract Tower,17,84,36,0,137,0,9,74,17,100,17,93,110,17,237,28,48,76,313
11/09/2002,EYW,FL,ASO,ES,Federal Contract Tower,16,65,22,0,103,0,10,96,0,106,16,75,118,0,209,52,6,58,267
11/10/2002,EYW,FL,ASO,ES,Federal Contract Tower,15,84,52,0,151,0,23,102,0,125,15,107,154,0,276,34,0,34,310
11/11/2002,EYW,FL,ASO,ES,Federal Contract Tower,16,79,37,0,132,0,4,85,0,89,16,83,122,0,221,72,0,72,293
11/12/2002,EYW,FL,ASO,ES,Federal Contract Tower,13,73,25,0,111,0,7,45,1,53,13,80,70,1,164,16,8,24,188
11/13/2002,EYW,FL,ASO,ES,Federal Contract Tower,16,83,25,0,124,0,3,15,8,26,16,86,40,8,150,2,4,6,156
11/14/2002,EYW,FL,ASO,ES,Federal Contract Tower,16,82,39,0,137,0,22,64,0,86,16,104,103,0,223,34,46,80,303
11/15/2002,EYW,FL,ASO,ES,Federal Contract Tower,14,82,41,0,137,0,20,46,12,78,14,102,87,12,215,16,14,30,245
11/16/2002,EYW,FL,ASO,ES,Federal Contract Tower,14,52,21,0,87,0,7,17,2,26,14,59,38,2,113,6,22,28,141
11/17/2002,EYW,FL,ASO,ES,Federal Contract Tower,19,77,53,0,149,0,0,17,1,18,19,77,70,1,167,0,8,8,175
11/18/2002,EYW,FL,ASO,ES,Federal Contract Tower,18,80,28,1,127,0,7,44,2,53,18,87,72,3,180,12,2,14,194
11/19/2002,EYW,FL,ASO,ES,Federal Contract Tower,16,76,46,0,138,0,5,37,0,42,16,81,83,0,180,4,18,22,202
11/20/2002,EYW,FL,ASO,ES,Federal Contract Tower,16,75,36,2,129,0,0,98,0,98,16,75,134,2,227,56,0,56,283
11/21/2002,EYW,FL,ASO,ES,Federal Contract Tower,16,85,45,1,147,0,16,30,0,46,16,101,75,1,193,50,30,80,273
11/22/2002,EYW,FL,ASO,ES,Federal Contract Tower,16,89,57,1,163,0,15,67,0,82,16,104,124,1,245,36,16,52,297
11/23/2002,EYW,FL,ASO,ES,Federal Contract Tower,18,65,75,0,158,0,13,172,0,185,18,78,247,0,343,20,28,48,391
11/24/2002,EYW,FL,ASO,ES,Federal Contract Tower,18,92,83,0,193,0,17,168,0,185,18,109,251,0,378,6,0,6,384
11/25/2002,EYW,FL,ASO,ES,Federal Contract Tower,18,87,43,0,148,0,0,60,0,60,18,87,103,0,208,44,10,54,262
11/26/2002,EYW,FL,ASO,ES,Federal Contract Tower,16,81,38,0,135,0,2,46,0,48,16,83,84,0,183,12,0,12,195
11/27/2002,EYW,FL,ASO,ES,Federal Contract Tower,16,77,48,0,141,0,14,0,0,14,16,91,48,0,155,6,2,8,163
11/28/2002,EYW,FL,ASO,ES,Federal Contract Tower,14,62,20,0,96,0,10,52,0,62,14,72,72,0,158,28,0,28,186
11/29/2002,EYW,FL,ASO,ES,Federal Contract Tower,12,68,46,0,126,0,27,110,0,137,12,95,156,0,263,40,0,40,303
11/30/2002,EYW,FL,ASO,ES,Federal Contract Tower,18,68,51,0,137,0,16,219,0,235,18,84,270,0,372,68,0,68,440
12/01/2002,EYW,FL,ASO,ES,Federal Contract Tower,18,94,64,1,177,0,11,74,1,86,18,105,138,2,263,34,0,34,297
12/02/2002,EYW,FL,ASO,ES,Federal Contract Tower,17,76,36,0,129,1,0,25,0,26,18,76,61,0,155,38,20,58,213
12/03/2002,EYW,FL,ASO,ES,Federal Contract Tower,16,67,30,0,113,0,11,43,0,54,16,78,73,0,167,8,28,36,203
12/04/2002,EYW,FL,ASO,ES,Federal Contract Tower,15,73,18,0,106,0,5,54,8,67,15,78,72,8,173,62,20,82,255
12/05/2002,EYW,FL,ASO,ES,Federal Contract Tower,15,75,36,0,126,0,4,33,2,39,15,79,69,2,165,18,84,102,267
12/06/2002,EYW,FL,ASO,ES,Federal Contract Tower,16,82,28,0,126,0,8,22,4,34,16,90,50,4,160,44,50,94,254
12/07/2002,EYW,FL,ASO,ES,Federal Contract Tower,16,63,55,2,136,0,12,26,1,39,16,75,81,3,175,0,28,28,203
12/08/2002,EYW,FL,ASO,ES,Federal Contract Tower,17,82,56,0,155,0,14,47,0,61,17,96,103,0,216,26,16,42,258
12/09/2002,EYW,FL,ASO,ES,Federal Contract Tower,19,83,12,0,114,0,1,5,0,6,19,84,17,0,120,0,62,62,182
12/10/2002,EYW,FL,ASO,ES,Federal Contract Tower,16,65,31,1,113,0,0,1,0,1,16,65,32,1,114,12,6,18,132
12/11/2002,EYW,FL,ASO,ES,Federal Contract Tower,13,77,39,7,136,0,6,34,26,66,13,83,73,33,202,20,14,34,236
12/12/2002,EYW,FL,ASO,ES,Federal Contract Tower,16,82,39,2,139,0,8,53,0,61,16,90,92,2,200,38,164,202,402
12/13/2002,EYW,FL,ASO,ES,Federal Contract Tower,15,67,32,0,114,1,16,14,16,47,16,83,46,16,161,30,24,54,215
12/14/2002,EYW,FL,ASO,ES,Federal Contract Tower,16,59,15,1,91,0,11,52,0,63,16,70,67,1,154,16,54,70,224
12/15/2002,EYW,FL,ASO,ES,Federal Contract Tower,17,80,28,0,125,0,9,73,0,82,17,89,101,0,207,8,72,80,287
12/16/2002,EYW,FL,ASO,ES,Federal Contract Tower,15,71,27,0,113,0,0,1,0,1,15,71,28,0,114,4,88,92,206
12/17/2002,EYW,FL,ASO,ES,Federal Contract Tower,15,69,18,0,102,0,1,57,1,59,15,70,75,1,161,30,70,100,261
12/18/2002,EYW,FL,ASO,ES,Federal Contract Tower,11,87,37,0,135,0,0,48,32,80,11,87,85,32,215,44,28,72,287
12/19/2002,EYW,FL,ASO,ES,Federal Contract Tower,16,83,32,0,131,0,6,67,32,105,16,89,99,32,236,62,54,116,352
12/20/2002,EYW,FL,ASO,ES,Federal Contract Tower,11,75,35,0,121,0,20,16,9,45,11,95,51,9,166,35,14,49,215
12/21/2002,EYW,FL,ASO,ES,Federal Contract Tower,13,63,28,1,105,0,20,64,12,96,13,83,92,13,201,6,58,64,265
12/22/2002,EYW,FL,ASO,ES,Federal Contract Tower,15,79,23,1,118,0,13,79,2,94,15,92,102,3,212,20,0,20,232
12/23/2002,EYW,FL,ASO,ES,Federal Contract Tower,18,82,23,0,123,0,2,63,1,66,18,84,86,1,189,22,0,22,211
12/24/2002,EYW,FL,ASO,ES,Federal Contract Tower,18,79,18,0,115,0,19,34,1,54,18,98,52,1,169,26,0,26,195
12/25/2002,EYW,FL,ASO,ES,Federal Contract Tower,11,56,22,0,89,6,0,0,1,7,17,56,22,1,96,0,0,0,96
12/26/2002,EYW,FL,ASO,ES,Federal Contract Tower,16,86,57,0,159,0,30,119,0,149,16,116,176,0,308,22,4,26,334
12/27/2002,EYW,FL,ASO,ES,Federal Contract Tower,14,91,76,0,181,0,36,128,0,164,14,127,204,0,345,38,26,64,409
12/28/2002,EYW,FL,ASO,ES,Federal Contract Tower,18,75,73,0,166,0,30,104,0,134,18,105,177,0,300,18,6,24,324
12/29/2002,EYW,FL,ASO,ES,Federal Contract Tower,16,91,62,0,169,0,48,135,0,183,16,139,197,0,352,0,6,6,358
12/30/2002,EYW,FL,ASO,ES,Federal Contract Tower,18,87,62,0,167,0,29,113,0,142,18,116,175,0,309,68,6,74,383
12/31/2002,EYW,FL,ASO,ES,Federal Contract Tower,17,73,50,0,140,0,12,82,0,94,17,85,132,0,234,18,0,18,252
01/01/2003,EYW,FL,ASO,ES,Federal Contract Tower,17,90,63,0,170,1,0,38,0,39,18,90,101,0,209,36,0,36,245
01/02/2003,EYW,FL,ASO,ES,Federal Contract Tower,17,77,77,0,171,1,22,109,0,132,18,99,186,0,303,70,0,70,373
01/03/2003,EYW,FL,ASO,ES,Federal Contract Tower,12,88,12,2,114,1,30,140,0,171,13,118,152,2,285,28,0,28,313
01/04/2003,EYW,FL,ASO,ES,Federal Contract Tower,12,76,59,0,147,1,20,98,0,119,13,96,157,0,266,14,0,14,280
01/05/2003,EYW,FL,ASO,ES,Federal Contract Tower,13,90,53,0,156,0,16,130,1,147,13,106,183,1,303,42,0,42,345
01/06/2003,EYW,FL,ASO,ES,Federal Contract Tower,18,66,35,2,121,0,10,79,0,89,18,76,114,2,210,38,0,38,248
01/07/2003,EYW,FL,ASO,ES,Federal Contract Tower,16,68,20,0,104,0,13,43,0,56,16,81,63,0,160,28,6,34,194
01/08/2003,EYW,FL,ASO,ES,Federal Contract Tower,15,66,34,1,116,0,5,32,6,43,15,71,66,7,159,44,0,44,203
01/09/2003,EYW,FL,ASO,ES,Federal Contract Tower,14,72,39,1,126,0,9,78,1,88,14,81,117,2,214,68,0,68,282
01/10/2003,EYW,FL,ASO,ES,Federal Contract Tower,14,79,46,1,140,1,9,74,3,87,15,88,120,4,227,34,0,34,261
01/11/2003,EYW,FL,ASO,ES,Federal Contract Tower,14,63,37,1,115,0,18,125,0,143,14,81,162,1,258,70,2,72,330
01/12/2003,EYW,FL,ASO,ES,Federal Contract Tower,14,81,49,0,144,0,11,82,0,93,14,92,131,0,237,26,18,44,281
01/13/2003,EYW,FL,ASO,ES,Federal Contract Tower,14,71,35,0,120,0,0,15,0,15,14,71,50,0,135,34,24,58,193
01/14/2003,EYW,FL,ASO,ES,Federal Contract Tower,18,67,35,0,120,0,0,15,0,15,18,67,50,0,135,6,0,6,141
01/15/2003,EYW,FL,ASO,ES,Federal Contract Tower,14,69,39,0,122,4,5,34,10,53,18,74,73,10,175,28,0,28,203
01/16/2003,EYW,FL,ASO,ES,Federal Contract Tower,14,76,36,1,127,0,34,100,1,135,14,110,136,2,262,66,66,132,394
01/17/2003,EYW,FL,ASO,ES,Federal Contract Tower,13,91,50,0,154,0,20,57,0,77,13,111,107,0,231,28,2,30,261
01/18/2003,EYW,FL,ASO,ES,Federal Contract Tower,14,64,64,1,143,0,26,43,0,69,14,90,107,1,212,14,20,34,246
01/19/2003,EYW,FL,ASO,ES,Federal Contract Tower,15,65,47,3,130,0,24,88,0,112,15,89,135,3,242,32,4,36,278
01/20/2003,EYW,FL,ASO,ES,Federal Contract Tower,16,84,60,1,161,0,14,80,4,98,16,98,140,5,259,54,4,58,317
01/21/2003,EYW,FL,ASO,ES,Federal Contract Tower,18,64,25,0,107,0,6,54,0,60,18,70,79,0,167,42,50,92,259
01/22/2003,EYW,FL,ASO,ES,Federal Contract Tower,18,67,42,0,127,0,1,67,12,80,18,68,109,12,207,46,6,52,259
01/23/2003,EYW,FL,ASO,ES,Federal Contract Tower,16,73,31,0,120,0,13,55,0,68,16,86,86,0,188,18,6,24,212
01/24/2003,EYW,FL,ASO,ES,Federal Contract Tower,15,72,51,0,138,1,23,52,0,76,16,95,103,0,214,27,32,59,273
01/25/2003,EYW,FL,ASO,ES,Federal Contract Tower,18,78,53,1,150,0,44,74,0,118,18,122,127,1,268,38,24,62,330
01/26/2003,EYW,FL,ASO,ES,Federal Contract Tower,16,76,43,1,136,0,25,87,0,112,16,101,130,1,248,32,2,34,282
01/27/2003,EYW,FL,ASO,ES,Federal Contract Tower,16,78,23,0,117,0,15,40,4,59,16,93,63,4,176,26,0,26,202
01/28/2003,EYW,FL,ASO,ES,Federal Contract Tower,17,65,44,0,126,0,5,30,0,35,17,70,74,0,161,24,0,24,185
01/29/2003,EYW,FL,ASO,ES,Federal Contract Tower,17,71,33,0,121,0,0,42,10,52,17,71,75,10,173,54,0,54,227
01/30/2003,EYW,FL,ASO,ES,Federal Contract Tower,16,80,41,0,137,0,18,64,0,82,16,98,105,0,219,78,16,94,313
01/31/2003,EYW,FL,ASO,ES,Federal Contract Tower,16,82,52,0,150,0,26,103,1,130,16,108,155,1,280,32,10,42,322
02/01/2003,EYW,FL,ASO,ES,Federal Contract Tower,19,64,59,0,142,1,23,93,1,118,20,87,152,1,260,34,4,38,298
02/02/2003,EYW,FL,ASO,ES,Federal Contract Tower,17,64,40,0,121,1,12,127,0,140,18,76,167,0,261,42,8,50,311
02/03/2003,EYW,FL,ASO,ES,Federal Contract Tower,18,74,28,0,120,0,4,45,3,52,18,78,73,3,172,54,34,88,260
02/04/2003,EYW,FL,ASO,ES,Federal Contract Tower,17,73,22,1,113,0,1,58,0,59,17,74,80,1,172,62,22,84,256
02/05/2003,EYW,FL,ASO,ES,Federal Contract Tower,17,66,39,0,122,0,12,14,0,26,17,78,53,0,148,42,0,42,190
02/06/2003,EYW,FL,ASO,ES,Federal Contract Tower,18,74,44,0,136,0,13,75,9,97,18,87,119,9,233,39,106,145,378
02/07/2003,EYW,FL,ASO,ES,Federal Contract Tower,18,79,73,1,171,0,20,92,25,137,18,99,165,26,308,57,0,57,365
02/08/2003,EYW,FL,ASO,ES,Federal Contract Tower,16,67,56,1,140,0,1,22,0,23,16,68,78,1,163,36,14,50,213
02/09/2003,EYW,FL,ASO,ES,Federal Contract Tower,19,87,59,1,166,0,3,106,4,113,19,90,165,5,279,32,16,48,327
02/10/2003,EYW,FL,ASO,ES,Federal Contract Tower,18,72,42,0,132,0,15,47,0,62,18,87,89,0,194,24,30,54,248
02/11/2003,EYW,FL,ASO,ES,Federal Contract Tower,18,65,35,0,118,0,24,59,0,83,18,89,94,0,201,34,22,56,257
02/12/2003,EYW,FL,ASO,ES,Federal Contract Tower,16,71,49,0,136,0,20,61,2,83,16,91,110,2,219,16,6,22,241
02/13/2003,EYW,FL,ASO,ES,Federal Contract Tower,18,81,56,0,155,0,17,79,2,98,18,98,135,2,253,37,0,37,290
02/14/2003,EYW,FL,ASO,ES,Federal Contract Tower,18,78,91,0,187,0,46,128,0,174,18,124,219,0,361,56,42,98,459
02/15/2003,EYW,FL,ASO,ES,Federal Contract Tower,18,70,75,4,167,0,44,65,4,113,18,114,140,8,280,12,18,30,310
02/16/2003,EYW,FL,ASO,ES,Federal Contract Tower,16,79,51,0,146,0,36,66,0,102,16,115,117,0,248,8,32,40,288
02/17/2003,EYW,FL,ASO,ES,Federal Contract Tower,18,91,58,0,167,0,16,33,0,49,18,107,91,0,216,38,0,38,254
02/18/2003,EYW,FL,ASO,ES,Federal Contract Tower,18,80,61,0,159,0,3,88,4,95,18,83,149,4,254,75,2,77,331
02/19/2003,EYW,FL,ASO,ES,Federal Contract Tower,17,79,48,2,146,0,13,62,2,77,17,92,110,4,223,48,10,58,281
02/20/2003,EYW,FL,ASO,ES,Federal Contract Tower,17,84,32,6,139,0,11,67,13,91,17,95,99,19,230,80,6,86,316
02/21/2003,EYW,FL,ASO,ES,Federal Contract Tower,16,90,61,0,167,0,24,109,3,136,16,114,170,3,303,63,24,87,390
02/22/2003,EYW,FL,ASO,ES,Federal Contract Tower,17,66,39,0,122,0,15,71,0,86,17,81,110,0,208,22,6,28,236
02/23/2003,EYW,FL,ASO,ES,Federal Contract Tower,18,81,61,1,161,0,11,39,0,50,18,92,100,1,211,18,6,24,235
02/24/2003,EYW,FL,ASO,ES,Federal Contract Tower,18,86,42,3,149,0,0,47,0,47,18,86,89,3,196,40,14,54,250
02/25/2003,EYW,FL,ASO,ES,Federal Contract Tower,18,80,35,0,133,0,0,56,0,56,18,80,91,0,189,76,8,84,273
02/26/2003,EYW,FL,ASO,ES,Federal Contract Tower,18,76,41,3,138,0,18,46,4,68,18,94,87,7,206,67,14,81,287
02/27/2003,EYW,FL,ASO,ES,Federal Contract Tower,18,80,48,0,146,0,8,77,6,91,18,88,125,6,237,80,0,80,317
02/28/2003,EYW,FL,ASO,ES,Federal Contract Tower,17,93,75,0,185,0,24,80,0,104,17,117,155,0,289,92,24,116,405
03/01/2003,EYW,FL,ASO,ES,Federal Contract Tower,15,66,42,0,123,2,21,94,0,117,17,87,136,0,240,72,6,78,318
03/02/2003,EYW,FL,ASO,ES,Federal Contract Tower,12,86,73,0,171,6,23,88,0,117,18,109,161,0,288,54,0,54,342
03/03/2003,EYW,FL,ASO,ES,Federal Contract Tower,0,87,43,1,131,18,16,44,0,78,18,103,87,1,209,72,20,92,301
03/04/2003,EYW,FL,ASO,ES,Federal Contract Tower,12,88,33,5,138,6,3,53,21,83,18,91,86,26,221,48,34,82,303
03/05/2003,EYW,FL,ASO,ES,Federal Contract Tower,10,83,45,0,138,6,12,68,0,86,16,95,113,0,224,53,24,77,301
03/06/2003,EYW,FL,ASO,ES,Federal Contract Tower,12,85,44,5,146,6,6,72,5,89,18,91,116,10,235,70,24,94,329
03/07/2003,EYW,FL,ASO,ES,Federal Contract Tower,0,87,60,1,148,22,18,72,0,112,22,105,132,1,260,57,6,63,323
03/08/2003,EYW,FL,ASO,ES,Federal Contract Tower,0,71,52,2,125,18,29,95,0,142,18,100,147,2,267,38,60,98,365
03/09/2003,EYW,FL,ASO,ES,Federal Contract Tower,11,90,67,0,168,6,24,112,0,142,17,114,179,0,310,49,24,73,383
03/10/2003,EYW,FL,ASO,ES,Federal Contract Tower,10,87,33,0,130,6,13,46,0,65,16,100,79,0,195,30,24,54,249
03/11/2003,EYW,FL,ASO,ES,Federal Contract Tower,12,80,33,0,125,6,4,61,0,71,18,84,94,0,196,64,72,136,332
03/12/2003,EYW,FL,ASO,ES,Federal Contract Tower,11,72,44,5,132,5,11,66,11,93,16,83,110,16,225,49,42,91,316
03/13/2003,EYW,FL,ASO,ES,Federal Contract Tower,9,82,53,5,149,7,13,73,15,108,16,95,126,20,257,118,88,206,463
03/14/2003,EYW,FL,ASO,ES,Federal Contract Tower,10,82,71,5,168,6,33,63,3,105,16,115,134,8,273,34,50,84,357
03/15/2003,EYW,FL,ASO,ES,Federal Contract Tower,11,73,57,1,142,6,28,62,0,96,17,101,119,1,238,44,34,78,316
03/16/2003,EYW,FL,ASO,ES,Federal Contract Tower,0,75,58,1,134,19,23,74,0,116,19,98,132,1,250,20,14,34,284
03/17/2003,EYW,FL,ASO,ES,Federal Contract Tower,0,78,40,2,120,16,19,49,0,84,16,97,89,2,204,32,0,32,236
03/18/2003,EYW,FL,ASO,ES,Federal Contract Tower,0,76,30,3,109,20,9,60,0,89,20,85,90,3,198,60,2,62,260
03/19/2003,EYW,FL,ASO,ES,Federal Contract Tower,10,79,47,5,141,7,16,67,5,95,17,95,114,10,236,43,20,63,299
03/20/2003,EYW,FL,ASO,ES,Federal Contract Tower,12,88,43,5,148,6,12,51,7,76,18,100,94,12,224,76,18,94,318
03/21/2003,EYW,FL,ASO,ES,Federal Contract Tower,0,83,50,14,147,17,37,105,0,159,17,120,155,14,306,12,20,32,338
03/22/2003,EYW,FL,ASO,ES,Federal Contract Tower,0,74,52,7,133,17,16,54,0,87,17,90,106,7,220,42,4,46,266
03/23/2003,EYW,FL,ASO,ES,Federal Contract Tower,13,80,53,2,148,5,11,42,0,58,18,91,95,2,206,78,12,90,296
03/24/2003,EYW,FL,ASO,ES,Federal Contract Tower,13,88,45,2,148,5,8,69,0,82,18,96,114,2,230,20,8,28,258
03/25/2003,EYW,FL,ASO,ES,Federal Contract Tower,0,79,28,4,111,19,10,93,0,122,19,89,121,4,233,36,12,48,281
03/26/2003,EYW,FL,ASO,ES,Federal Contract Tower,13,77,40,4,134,5,12,79,0,96,18,89,119,4,230,32,10,42,272
03/27/2003,EYW,FL,ASO,ES,Federal Contract Tower,12,74,38,0,124,4,16,48,0,68,16,90,86,0,192,18,2,20,212
03/28/2003,EYW,FL,ASO,ES,Federal Contract Tower,15,78,88,4,185,4,38,88,2,132,19,116,176,6,317,26,14,40,357
03/29/2003,EYW,FL,ASO,ES,Federal Contract Tower,14,61,46,0,121,4,31,90,0,125,18,92,136,0,246,22,24,46,292
03/30/2003,EYW,FL,ASO,ES,Federal Contract Tower,13,83,43,0,139,4,10,40,0,54,17,93,83,0,193,12,10,22,215
03/31/2003,EYW,FL,ASO,ES,Federal Contract Tower,14,81,33,0,128,4,5,23,0,32,18,86,56,0,160,0,4,4,164
04/01/2003,EYW,FL,ASO,ES,Federal Contract Tower,17,76,32,1,126,1,10,74,5,90,18,86,106,6,216,10,12,22,238
04/02/2003,EYW,FL,ASO,ES,Federal Contract Tower,16,70,48,1,135,1,8,78,8,95,17,78,126,9,230,6,30,36,266
04/03/2003,EYW,FL,ASO,ES,Federal Contract Tower,18,80,59,1,158,0,9,72,8,89,18,89,131,9,247,18,44,62,309
04/04/2003,EYW,FL,ASO,ES,Federal Contract Tower,18,88,47,2,155,7,9,66,14,96,25,97,113,16,251,17,48,65,316
04/05/2003,EYW,FL,ASO,ES,Federal Contract Tower,17,66,56,2,141,0,36,123,0,159,17,102,179,2,300,12,18,30,330
04/06/2003,EYW,FL,ASO,ES,Federal Contract Tower,16,85,57,1,159,0,32,97,0,129,16,117,154,1,288,14,22,36,324
04/07/2003,EYW,FL,ASO,ES,Federal Contract Tower,16,76,31,0,123,0,6,60,0,66,16,82,91,0,189,6,62,68,257
04/08/2003,EYW,FL,ASO,ES,Federal Contract Tower,16,75,29,3,123,0,19,62,0,81,16,94,91,3,204,68,46,114,318
04/09/2003,EYW,FL,ASO,ES,Federal Contract Tower,16,81,45,0,142,1,6,47,4,58,17,87,92,4,200,16,32,48,248
04/10/2003,EYW,FL,ASO,ES,Federal Contract Tower,16,84,47,1,148,0,6,35,4,45,16,90,82,5,193,9,16,25,218
04/11/2003,EYW,FL,ASO,ES,Federal Contract Tower,16,82,60,1,159,0,24,81,8,113,16,106,141,9,272,18,2,20,292
04/12/2003,EYW,FL,ASO,ES,Federal Contract Tower,16,69,57,0,142,0,26,95,0,121,16,95,152,0,263,22,8,30,293
04/13/2003,EYW,FL,ASO,ES,Federal Contract Tower,16,80,79,2,177,0,18,100,0,118,16,98,179,2,295,26,0,26,321
04/14/2003,EYW,FL,ASO,ES,Federal Contract Tower,14,71,34,4,123,1,10,70,3,84,15,81,104,7,207,51,48,99,306
04/15/2003,EYW,FL,ASO,ES,Federal Contract Tower,17,76,38,0,131,0,14,67,0,81,17,90,105,0,212,60,50,110,322
04/16/2003,EYW,FL,ASO,ES,Federal Contract Tower,13,76,42,0,131,1,21,91,14,127,14,97,133,14,258,67,46,113,371
04/17/2003,EYW,FL,ASO,ES,Federal Contract Tower,15,78,50,2,145,0,13,96,10,119,15,91,146,12,264,24,30,54,318
04/18/2003,EYW,FL,ASO,ES,Federal Contract Tower,14,76,65,1,156,0,29,168,5,202,14,105,233,6,358,30,30,60,418
04/19/2003,EYW,FL,ASO,ES,Federal Contract Tower,16,68,49,0,133,0,25,86,0,111,16,93,135,0,244,26,0,26,270
04/20/2003,EYW,FL,ASO,ES,Federal Contract Tower,16,75,46,0,137,0,9,73,0,82,16,84,119,0,219,28,2,30,249
04/21/2003,EYW,FL,ASO,ES,Federal Contract Tower,16,82,34,0,132,0,16,61,10,87,16,98,95,10,219,68,66,134,353
04/22/2003,EYW,FL,ASO,ES,Federal Contract Tower,16,78,43,0,137,0,14,75,1,90,16,92,118,1,227,34,32,66,293
04/23/2003,EYW,FL,ASO,ES,Federal Contract Tower,16,77,51,0,144,0,28,55,0,83,16,105,106,0,227,10,18,28,255
04/24/2003,EYW,FL,ASO,ES,Federal Contract Tower,15,81,52,0,148,0,18,113,4,135,15,99,165,4,283,39,68,107,390
04/25/2003,EYW,FL,ASO,ES,Federal Contract Tower,15,89,48,1,153,0,11,64,7,82,15,100,112,8,235,12,32,44,279
04/26/2003,EYW,FL,ASO,ES,Federal Contract Tower,9,41,30,0,80,0,0,18,0,18,9,41,48,0,98,15,0,15,113
04/27/2003,EYW,FL,ASO,ES,Federal Contract Tower,17,90,89,2,198,0,11,86,0,97,17,101,175,2,295,10,0,10,305
04/28/2003,EYW,FL,ASO,ES,Federal Contract Tower,16,80,28,0,124,0,8,50,2,60,16,88,78,2,184,28,20,48,232
04/29/2003,EYW,FL,ASO,ES,Federal Contract Tower,16,78,36,0,130,0,11,42,0,53,16,89,78,0,183,42,70,112,295
04/30/2003,EYW,FL,ASO,ES,Federal Contract Tower,17,84,28,0,129,0,2,10,0,12,17,86,38,0,141,22,50,72,213
05/01/2003,EYW,FL,ASO,ES,Federal Contract Tower,16,86,45,0,147,0,5,57,0,62,16,91,102,0,209,46,2,48,257
05/02/2003,EYW,FL,ASO,ES,Federal Contract Tower,14,85,53,0,152,2,10,41,16,69,16,95,94,16,221,70,4,74,295
05/03/2003,EYW,FL,ASO,ES,Federal Contract Tower,16,68,35,0,119,0,6,77,2,85,16,74,112,2,204,80,22,102,306
05/04/2003,EYW,FL,ASO,ES,Federal Contract Tower,14,75,56,0,145,0,16,83,1,100,14,91,139,1,245,50,14,64,309
05/05/2003,EYW,FL,ASO,ES,Federal Contract Tower,14,72,34,0,120,0,18,62,0,80,14,90,96,0,200,68,94,162,362
05/06/2003,EYW,FL,ASO,ES,Federal Contract Tower,14,74,47,0,135,0,11,60,0,71,14,85,107,0,206,8,10,18,224
05/07/2003,EYW,FL,ASO,ES,Federal Contract Tower,12,75,34,0,121,0,7,58,10,75,12,82,92,10,196,42,6,48,244
05/08/2003,EYW,FL,ASO,ES,Federal Contract Tower,13,79,47,1,140,0,8,72,6,86,13,87,119,7,226,40,18,58,284
05/09/2003,EYW,FL,ASO,ES,Federal Contract Tower,12,74,51,1,138,0,17,65,4,86,12,91,116,5,224,35,20,55,279
05/10/2003,EYW,FL,ASO,ES,Federal Contract Tower,13,68,55,1,137,0,10,85,0,95,13,78,140,1,232,20,24,44,276
05/11/2003,EYW,FL,ASO,ES,Federal Contract Tower,14,69,49,1,133,0,22,75,0,97,14,91,124,1,230,70,26,96,326
05/12/2003,EYW,FL,ASO,ES,Federal Contract Tower,14,71,37,0,122,0,9,35,0,44,14,80,72,0,166,48,20,68,234
05/13/2003,EYW,FL,ASO,ES,Federal Contract Tower,14,73,23,0,110,0,5,46,0,51,14,78,69,0,161,30,28,58,219
05/14/2003,EYW,FL,ASO,ES,Federal Contract Tower,13,64,27,2,106,0,5,66,13,84,13,69,93,15,190,29,16,45,235
05/15/2003,EYW,FL,ASO,ES,Federal Contract Tower,14,71,35,1,121,0,11,53,16,80,14,82,88,17,201,33,24,57,258
05/16/2003,EYW,FL,ASO,ES,Federal Contract Tower,14,77,39,3,133,0,20,60,16,96,14,97,99,19,229,18,42,60,289
05/17/2003,EYW,FL,ASO,ES,Federal Contract Tower,14,67,47,2,130,0,27,65,0,92,14,94,112,2,222,42,48,90,312
05/18/2003,EYW,FL,ASO,ES,Federal Contract Tower,14,72,50,2,138,0,14,104,4,122,14,86,154,6,260,46,4,50,310
05/19/2003,EYW,FL,ASO,ES,Federal Contract Tower,15,73,26,0,114,0,11,54,15,80,15,84,80,15,194,44,68,112,306
05/20/2003,EYW,FL,ASO,ES,Federal Contract Tower,14,72,33,0,119,0,11,39,0,50,14,83,72,0,169,66,90,156,325
05/21/2003,EYW,FL,ASO,ES,Federal Contract Tower,12,71,29,0,112,0,7,44,0,51,12,78,73,0,163,36,32,68,231
05/22/2003,EYW,FL,ASO,ES,Federal Contract Tower,14,71,28,0,113,0,22,47,2,71,14,93,75,2,184,80,38,118,302
05/23/2003,EYW,FL,ASO,ES,Federal Contract Tower,13,72,65,0,150,0,12,59,0,71,13,84,124,0,221,54,8,62,283
05/24/2003,EYW,FL,ASO,ES,Federal Contract Tower,15,62,48,0,125,0,4,60,4,68,15,66,108,4,193,70,0,70,263
05/25/2003,EYW,FL,ASO,ES,Federal Contract Tower,14,53,46,0,113,0,6,109,0,115,14,59,155,0,228,77,2,79,307
05/26/2003,EYW,FL,ASO,ES,Federal Contract Tower,14,66,75,1,156,0,23,90,0,113,14,89,165,1,269,36,2,38,307
05/27/2003,EYW,FL,ASO,ES,Federal Contract Tower,14,70,40,1,125,0,11,55,0,66,14,81,95,1,191,14,0,14,205
05/28/2003,EYW,FL,ASO,ES,Federal Contract Tower,14,72,34,0,120,0,4,26,0,30,14,76,60,0,150,20,30,50,200
05/29/2003,EYW,FL,ASO,ES,Federal Contract Tower,14,74,31,0,119,0,0,22,0,22,14,74,53,0,141,6,0,6,147
05/30/2003,EYW,FL,ASO,ES,Federal Contract Tower,13,63,38,0,114,0,7,59,2,68,13,70,97,2,182,60,2,62,244
05/31/2003,EYW,FL,ASO,ES,Federal Contract Tower,14,60,48,0,122,0,17,120,8,145,14,77,168,8,267,43,12,55,322
06/01/2003,EYW,FL,ASO,ES,Federal Contract Tower,11,54,66,1,132,1,25,75,0,101,12,79,141,1,233,24,18,42,275
06/02/2003,EYW,FL,ASO,ES,Federal Contract Tower,12,65,23,0,100,0,10,44,0,54,12,75,67,0,154,46,14,60,214
06/03/2003,EYW,FL,ASO,ES,Federal Contract Tower,12,61,28,1,102,0,4,38,3,45,12,65,66,4,147,60,8,68,215
06/04/2003,EYW,FL,ASO,ES,Federal Contract Tower,11,62,24,1,98,0,5,54,11,70,11,67,78,12,168,37,0,37,205
06/05/2003,EYW,FL,ASO,ES,Federal Contract Tower,11,67,35,1,114,1,4,50,19,74,12,71,85,20,188,31,8,39,227
06/06/2003,EYW,FL,ASO,ES,Federal Contract Tower,9,67,45,0,121,1,23,47,0,71,10,90,92,0,192,48,8,56,248
06/07/2003,EYW,FL,ASO,ES,Federal Contract Tower,11,53,38,1,103,1,28,50,0,79,12,81,88,1,182,42,10,52,234
06/08/2003,EYW,FL,ASO,ES,Federal Contract Tower,12,53,45,2,112,1,21,45,1,68,13,74,90,3,180,13,0,13,193
06/09/2003,EYW,FL,ASO,ES,Federal Contract Tower,11,61,17,0,89,1,2,40,0,43,12,63,57,0,132,34,4,38,170
06/10/2003,EYW,FL,ASO,ES,Federal Contract Tower,12,72,35,0,119,1,5,38,0,44,13,77,73,0,163,42,2,44,207
06/11/2003,EYW,FL,ASO,ES,Federal Contract Tower,11,64,31,0,106,1,4,72,0,77,12,68,103,0,183,40,16,56,239
06/12/2003,EYW,FL,ASO,ES,Federal Contract Tower,11,66,33,2,112,1,6,61,0,68,12,72,94,2,180,31,16,47,227
06/13/2003,EYW,FL,ASO,ES,Federal Contract Tower,12,58,53,0,123,0,26,74,10,110,12,84,127,10,233,26,32,58,291
06/14/2003,EYW,FL,ASO,ES,Federal Contract Tower,12,62,53,0,127,0,16,58,0,74,12,78,111,0,201,8,10,18,219
06/15/2003,EYW,FL,ASO,ES,Federal Contract Tower,13,58,57,0,128,0,9,75,2,86,13,67,132,2,214,33,0,33,247
06/16/2003,EYW,FL,ASO,ES,Federal Contract Tower,12,60,37,0,109,0,5,50,10,65,12,65,87,10,174,67,8,75,249
06/17/2003,EYW,FL,ASO,ES,Federal Contract Tower,12,58,63,0,133,0,4,21,0,25,12,62,84,0,158,4,10,14,172
06/18/2003,EYW,FL,ASO,ES,Federal Contract Tower,12,61,48,0,121,2,17,44,0,63,14,78,92,0,184,8,0,8,192
06/19/2003,EYW,FL,ASO,ES,Federal Contract Tower,13,66,48,2,129,0,13,54,0,67,13,79,102,2,196,16,8,24,220
06/20/2003,EYW,FL,ASO,ES,Federal Contract Tower,12,58,54,0,124,1,25,55,8,89,13,83,109,8,213,27,0,27,240
06/21/2003,EYW,FL,ASO,ES,Federal Contract Tower,11,57,55,0,123,0,11,48,2,61,11,68,103,2,184,73,0,73,257
06/22/2003,EYW,FL,ASO,ES,Federal Contract Tower,14,58,64,0,136,0,0,41,0,41,14,58,105,0,177,14,0,14,191
06/23/2003,EYW,FL,ASO,ES,Federal Contract Tower,12,69,62,1,144,0,0,19,7,26,12,69,81,8,170,2,0,2,172
06/24/2003,EYW,FL,ASO,ES,Federal Contract Tower,12,56,30,2,100,0,2,50,0,52,12,58,80,2,152,24,30,54,206
06/25/2003,EYW,FL,ASO,ES,Federal Contract Tower,12,60,22,2,96,0,19,48,1,68,12,79,70,3,164,18,4,22,186
06/26/2003,EYW,FL,ASO,ES,Federal Contract Tower,10,62,44,2,118,0,21,52,0,73,10,83,96,2,191,8,68,76,267
06/27/2003,EYW,FL,ASO,ES,Federal Contract Tower,12,66,41,0,119,0,11,41,16,68,12,77,82,16,187,26,12,38,225
06/28/2003,EYW,FL,ASO,ES,Federal Contract Tower,11,63,28,0,102,0,12,54,0,66,11,75,82,0,168,40,0,40,208
06/29/2003,EYW,FL,ASO,ES,Federal Contract Tower,12,60,33,1,106,0,18,55,1,74,12,78,88,2,180,2,2,4,184
06/30/2003,EYW,FL,ASO,ES,Federal Contract Tower,12,58,31,1,102,0,9,41,1,51,12,67,72,2,153,2,2,4,157
07/01/2003,EYW,FL,ASO,ES,Federal Contract Tower,12,60,12,0,84,0,5,59,2,66,12,65,71,2,150,43,4,47,197
07/02/2003,EYW,FL,ASO,ES,Federal Contract Tower,11,64,33,0,108,0,14,51,8,73,11,78,84,8,181,36,0,36,217
07/03/2003,EYW,FL,ASO,ES,Federal Contract Tower,12,71,44,0,127,0,28,88,2,118,12,99,132,2,245,46,2,48,293
07/04/2003,EYW,FL,ASO,ES,Federal Contract Tower,12,57,16,1,86,0,10,81,0,91,12,67,97,1,177,22,0,22,199
07/05/2003,EYW,FL,ASO,ES,Federal Contract Tower,12,53,48,0,113,0,0,70,0,70,12,53,118,0,183,54,0,54,237
07/06/2003,EYW,FL,ASO,ES,Federal Contract Tower,12,65,61,0,138,0,14,68,0,82,12,79,129,0,220,22,0,22,242
07/07/2003,EYW,FL,ASO,ES,Federal Contract Tower,12,63,39,0,114,0,18,41,4,63,12,81,80,4,177,8,10,18,195
07/08/2003,EYW,FL,ASO,ES,Federal Contract Tower,12,59,25,0,96,0,11,46,0,57,12,70,71,0,153,34,0,34,187
07/09/2003,EYW,FL,ASO,ES,Federal Contract Tower,10,58,27,2,97,0,11,59,0,70,10,69,86,2,167,2,0,2,169
07/10/2003,EYW,FL,ASO,ES,Federal Contract Tower,12,61,38,0,111,0,2,101,13,116,12,63,139,13,227,24,8,32,259
07/11/2003,EYW,FL,ASO,ES,Federal Contract Tower,12,66,36,4,118,0,12,69,2,83,12,78,105,6,201,23,0,23,224
07/12/2003,EYW,FL,ASO,ES,Federal Contract Tower,12,53,47,0,112,0,0,79,1,80,12,53,126,1,192,28,0,28,220
07/13/2003,EYW,FL,ASO,ES,Federal Contract Tower,12,61,48,1,122,0,1,81,1,83,12,62,129,2,205,11,0,11,216
07/14/2003,EYW,FL,ASO,ES,Federal Contract Tower,12,63,19,1,95,0,8,53,2,63,12,71,72,3,158,67,6,73,231
07/15/2003,EYW,FL,ASO,ES,Federal Contract Tower,12,65,36,3,116,0,8,46,0,54,12,73,82,3,170,22,14,36,206
07/16/2003,EYW,FL,ASO,ES,Federal Contract Tower,12,69,50,0,131,0,10,44,2,56,12,79,94,2,187,34,10,44,231
07/17/2003,EYW,FL,ASO,ES,Federal Contract Tower,10,64,32,2,108,0,12,48,2,62,10,76,80,4,170,54,18,72,242
07/18/2003,EYW,FL,ASO,ES,Federal Contract Tower,10,69,48,3,130,0,7,44,0,51,10,76,92,3,181,32,4,36,217
07/19/2003,EYW,FL,ASO,ES,Federal Contract Tower,12,53,36,0,101,0,0,98,0,98,12,53,134,0,199,28,0,28,227
07/20/2003,EYW,FL,ASO,ES,Federal Contract Tower,12,61,68,0,141,0,5,86,4,95,12,66,154,4,236,27,10,37,273
07/21/2003,EYW,FL,ASO,ES,Federal Contract Tower,13,67,27,0,107,0,2,27,12,41,13,69,54,12,148,8,51,59,207
07/22/2003,EYW,FL,ASO,ES,Federal Contract Tower,10,68,11,0,89,0,3,36,0,39,10,71,47,0,128,55,91,146,274
07/23/2003,EYW,FL,ASO,ES,Federal Contract Tower,13,63,35,0,111,0,24,70,1,95,13,87,105,1,206,76,28,104,310
07/24/2003,EYW,FL,ASO,ES,Federal Contract Tower,12,63,45,0,120,0,12,41,10,63,12,75,86,10,183,6,52,58,241
07/25/2003,EYW,FL,ASO,ES,Federal Contract Tower,11,61,52,0,124,0,20,61,6,87,11,81,113,6,211,6,22,28,239
07/26/2003,EYW,FL,ASO,ES,Federal Contract Tower,10,54,50,0,114,0,1,70,8,79,10,55,120,8,193,45,15,60,253
07/27/2003,EYW,FL,ASO,ES,Federal Contract Tower,12,62,57,0,131,0,30,78,0,108,12,92,135,0,239,14,18,32,271
07/28/2003,EYW,FL,ASO,ES,Federal Contract Tower,12,61,35,0,108,0,14,50,0,64,12,75,85,0,172,41,61,102,274
07/29/2003,EYW,FL,ASO,ES,Federal Contract Tower,12,54,37,2,105,0,8,61,0,69,12,62,98,2,174,20,36,56,230
07/30/2003,EYW,FL,ASO,ES,Federal Contract Tower,12,57,29,0,98,0,7,53,0,60,12,64,82,0,158,40,48,88,246
07/31/2003,EYW,FL,ASO,ES,Federal Contract Tower,12,64,34,0,110,0,5,70,10,85,12,69,104,10,195,10,26,36,231
08/01/2003,EYW,FL,ASO,ES,Federal Contract Tower,12,71,41,0,124,1,6,52,8,67,13,77,93,8,191,32,10,42,233
08/02/2003,EYW,FL,ASO,ES,Federal Contract Tower,13,54,34,0,101,1,16,47,0,64,14,70,81,0,165,6,32,38,203
08/03/2003,EYW,FL,ASO,ES,Federal Contract Tower,11,64,49,1,125,1,21,47,0,69,12,85,96,1,194,22,14,36,230
08/04/2003,EYW,FL,ASO,ES,Federal Contract Tower,14,68,35,1,118,1,24,45,0,70,15,92,80,1,188,70,40,110,298
08/05/2003,EYW,FL,ASO,ES,Federal Contract Tower,14,67,21,0,102,1,16,55,0,72,15,83,76,0,174,34,14,48,222
08/06/2003,EYW,FL,ASO,ES,Federal Contract Tower,13,71,33,0,117,1,3,48,4,56,14,74,81,4,173,12,30,42,215
08/07/2003,EYW,FL,ASO,ES,Federal Contract Tower,14,68,30,0,112,0,2,46,8,56,14,70,76,8,168,20,8,28,196
08/08/2003,EYW,FL,ASO,ES,Federal Contract Tower,12,81,47,0,140,1,5,63,8,77,13,86,110,8,217,20,20,40,257
08/09/2003,EYW,FL,ASO,ES,Federal Contract Tower,17,47,41,0,105,0,14,51,0,65,17,61,92,0,170,18,10,28,198
08/10/2003,EYW,FL,ASO,ES,Federal Contract Tower,15,74,55,1,145,0,8,48,2,58,15,82,103,3,203,66,0,66,269
08/11/2003,EYW,FL,ASO,ES,Federal Contract Tower,16,70,26,1,113,0,14,43,6,63,16,84,69,7,176,22,30,52,228
08/12/2003,EYW,FL,ASO,ES,Federal Contract Tower,16,69,18,1,104,0,2,0,0,2,16,71,18,1,106,49,54,103,209
08/13/2003,EYW,FL,ASO,ES,Federal Contract Tower,16,66,38,1,121,0,6,42,2,50,16,72,80,3,171,22,38,60,231
08/14/2003,EYW,FL,ASO,ES,Federal Contract Tower,16,75,31,0,122,0,2,11,0,13,16,77,42,0,135,8,22,30,165
08/15/2003,EYW,FL,ASO,ES,Federal Contract Tower,15,75,42,3,135,0,10,65,10,85,15,85,107,13,220,72,0,72,292
08/16/2003,EYW,FL,ASO,ES,Federal Contract Tower,17,51,24,0,92,0,5,50,6,61,17,56,74,6,153,104,2,106,259
08/17/2003,EYW,FL,ASO,ES,Federal Contract Tower,16,64,43,2,125,0,16,77,6,99,16,80,120,8,224,82,12,94,318
08/18/2003,EYW,FL,ASO,ES,Federal Contract Tower,16,63,24,2,105,0,14,52,0,66,16,77,76,2,171,46,0,46,217
08/19/2003,EYW,FL,ASO,ES,Federal Contract Tower,16,68,17,1,102,0,4,64,0,68,16,72,81,1,170,54,13,67,237
08/20/2003,EYW,FL,ASO,ES,Federal Contract Tower,12,71,31,0,114,0,5,26,0,31,12,76,57,0,145,22,8,30,175
08/21/2003,EYW,FL,ASO,ES,Federal Contract Tower,16,83,55,0,154,0,0,28,0,28,16,83,83,0,182,76,38,114,296
08/22/2003,EYW,FL,ASO,ES,Federal Contract Tower,16,70,45,0,131,0,14,52,8,74,16,84,97,8,205,43,6,49,254
08/23/2003,EYW,FL,ASO,ES,Federal Contract Tower,16,54,33,0,103,0,3,72,2,77,16,57,105,2,180,35,6,41,221
08/24/2003,EYW,FL,ASO,ES,Federal Contract Tower,15,63,38,0,116,0,21,91,0,112,15,84,129,0,228,20,8,28,256
08/25/2003,EYW,FL,ASO,ES,Federal Contract Tower,16,56,21,0,93,0,5,24,0,29,16,61,45,0,122,14,12,26,148
08/26/2003,EYW,FL,ASO,ES,Federal Contract Tower,15,71,41,0,127,0,0,18,0,18,15,71,59,0,145,42,14,56,201
08/27/2003,EYW,FL,ASO,ES,Federal Contract Tower,16,61,22,1,100,0,5,45,4,54,16,66,67,5,154,53,6,59,213
08/28/2003,EYW,FL,ASO,ES,Federal Contract Tower,14,74,26,1,115,0,5,39,8,52,14,79,65,9,167,12,14,26,193
08/29/2003,EYW,FL,ASO,ES,Federal Contract Tower,15,76,48,0,139,0,21,44,0,65,15,97,92,0,204,10,2,12,216
08/30/2003,EYW,FL,ASO,ES,Federal Contract Tower,13,58,31,0,102,1,0,37,2,40,14,58,68,2,142,12,0,12,154
08/31/2003,EYW,FL,ASO,ES,Federal Contract Tower,13,54,25,2,94,0,21,45,0,66,13,75,70,2,160,24,0,24,184
09/01/2003,EYW,FL,ASO,ES,Federal Contract Tower,15,76,67,0,158,1,4,42,0,47,16,80,109,0,205,59,0,59,264
09/02/2003,EYW,FL,ASO,ES,Federal Contract Tower,13,62,20,0,95,1,12,24,2,39,14,74,44,2,134,22,8,30,164
09/03/2003,EYW,FL,ASO,ES,Federal Contract Tower,13,67,22,0,102,1,6,27,20,54,14,73,49,20,156,24,2,26,182
09/04/2003,EYW,FL,ASO,ES,Federal Contract Tower,14,62,26,0,102,1,12,57,6,76,15,74,83,6,178,64,22,86,264
09/05/2003,EYW,FL,ASO,ES,Federal Contract Tower,11,70,26,2,109,1,0,0,0,1,12,70,26,2,110,20,6,26,136
09/06/2003,EYW,FL,ASO,ES,Federal Contract Tower,13,55,14,0,82,1,6,0,0,7,14,61,14,0,89,2,0,2,91
09/07/2003,EYW,FL,ASO,ES,Federal Contract Tower,12,64,34,1,111,1,0,0,0,1,13,64,34,1,112,32,0,32,144
09/08/2003,EYW,FL,ASO,ES,Federal Contract Tower,13,55,31,1,100,1,16,32,1,50,14,71,63,2,150,28,6,34,184
09/09/2003,EYW,FL,ASO,ES,Federal Contract Tower,12,63,31,0,106,3,3,43,6,55,15,66,74,6,161,31,0,31,192
09/10/2003,EYW,FL,ASO,ES,Federal Contract Tower,11,58,29,0,98,3,12,57,16,88,14,70,86,16,186,22,0,22,208
09/11/2003,EYW,FL,ASO,ES,Federal Contract Tower,11,59,29,1,100,1,17,48,0,66,12,76,77,1,166,60,54,114,280
09/12/2003,EYW,FL,ASO,ES,Federal Contract Tower,13,69,46,2,130,1,18,62,21,102,14,87,108,23,232,26,64,90,322
09/13/2003,EYW,FL,ASO,ES,Federal Contract Tower,14,56,34,1,105,1,1,56,0,58,15,57,90,1,163,22,24,46,209
09/14/2003,EYW,FL,ASO,ES,Federal Contract Tower,14,66,35,2,117,0,1,46,1,48,14,67,81,3,165,14,4,18,183
09/15/2003,EYW,FL,ASO,ES,Federal Contract Tower,14,57,18,0,89,0,6,31,10,47,14,63,49,10,136,8,20,28,164
09/16/2003,EYW,FL,ASO,ES,Federal Contract Tower,14,56,27,1,98,0,12,39,24,75,14,68,66,25,173,8,26,34,207
09/17/2003,EYW,FL,ASO,ES,Federal Contract Tower,14,57,15,1,87,0,19,47,2,68,14,76,62,3,155,20,58,78,233
09/18/2003,EYW,FL,ASO,ES,Federal Contract Tower,14,57,35,0,106,0,15,34,0,49,14,72,69,0,155,8,80,88,243
09/19/2003,EYW,FL,ASO,ES,Federal Contract Tower,15,67,34,0,116,1,19,73,31,124,16,86,107,31,240,34,53,87,327
09/20/2003,EYW,FL,ASO,ES,Federal Contract Tower,13,52,26,0,91,0,2,0,0,2,13,54,26,0,93,54,30,84,177
09/21/2003,EYW,FL,ASO,ES,Federal Contract Tower,14,61,31,1,107,0,8,72,1,81,14,69,103,2,188,18,40,58,246
09/22/2003,EYW,FL,ASO,ES,Federal Contract Tower,14,58,22,1,95,0,10,30,1,41,14,68,52,2,136,18,20,38,174
09/23/2003,EYW,FL,ASO,ES,Federal Contract Tower,14,56,13,0,83,0,7,41,2,50,14,63,54,2,133,32,30,62,195
09/24/2003,EYW,FL,ASO,ES,Federal Contract Tower,14,58,34,0,106,0,9,52,40,101,14,67,86,40,207,58,62,120,327
09/25/2003,EYW,FL,ASO,ES,Federal Contract Tower,13,61,27,4,105,0,8,23,2,33,13,69,50,6,138,13,69,82,220
09/26/2003,EYW,FL,ASO,ES,Federal Contract Tower,14,68,33,0,115,0,12,39,0,51,14,80,72,0,166,27,88,115,281
09/27/2003,EYW,FL,ASO,ES,Federal Contract Tower,14,57,23,0,94,0,11,66,0,77,14,68,89,0,171,20,8,28,199
09/28/2003,EYW,FL,ASO,ES,Federal Contract Tower,14,75,44,0,133,0,0,22,0,22,14,75,66,0,155,26,0,26,181
09/29/2003,EYW,FL,ASO,ES,Federal Contract Tower,14,67,26,1,108,0,1,8,0,9,14,68,34,1,117,24,24,48,165
09/30/2003,EYW,FL,ASO,ES,Federal Contract Tower,14,57,31,1,103,0,9,37,0,46,14,66,68,1,149,36,38,74,223
10/01/2003,EYW,FL,ASO,ES,Federal Contract Tower,12,45,33,0,90,2,21,15,1,39,14,66,48,1,129,20,24,44,173
10/02/2003,EYW,FL,ASO,ES,Federal Contract Tower,12,45,33,0,90,2,13,45,2,62,14,58,78,2,152,23,30,53,205
10/03/2003,EYW,FL,ASO,ES,Federal Contract Tower,14,53,40,0,107,0,28,64,2,94,14,81,104,2,201,32,52,84,285
10/04/2003,EYW,FL,ASO,ES,Federal Contract Tower,14,51,38,0,103,0,12,62,3,77,14,63,100,3,180,23,10,33,213
10/05/2003,EYW,FL,ASO,ES,Federal Contract Tower,14,58,43,0,115,0,12,62,1,75,14,70,105,1,190,29,10,39,229
10/06/2003,EYW,FL,ASO,ES,Federal Contract Tower,13,46,34,0,93,1,25,49,0,75,14,71,83,0,168,56,22,78,246
10/07/2003,EYW,FL,ASO,ES,Federal Contract Tower,13,48,36,0,97,1,22,46,1,70,14,70,82,1,167,28,26,54,221
10/08/2003,EYW,FL,ASO,ES,Federal Contract Tower,14,53,40,0,107,0,16,66,0,82,14,69,106,0,189,20,16,36,225
10/09/2003,EYW,FL,ASO,ES,Federal Contract Tower,12,46,34,0,92,2,21,42,0,65,14,67,76,0,157,44,38,82,239
10/10/2003,EYW,FL,ASO,ES,Federal Contract Tower,14,64,47,0,125,0,10,72,0,82,14,74,119,0,207,46,24,70,277
10/11/2003,EYW,FL,ASO,ES,Federal Contract Tower,11,41,30,0,82,4,14,59,0,77,15,55,89,0,159,48,30,78,237
10/12/2003,EYW,FL,ASO,ES,Federal Contract Tower,13,67,49,0,129,0,4,94,1,99,13,71,143,1,228,13,4,17,245
10/13/2003,EYW,FL,ASO,ES,Federal Contract Tower,13,46,34,0,93,1,21,63,4,89,14,67,97,4,182,54,40,94,276
10/14/2003,EYW,FL,ASO,ES,Federal Contract Tower,11,46,34,0,91,3,26,52,0,81,14,72,86,0,172,68,8,76,248
10/15/2003,EYW,FL,ASO,ES,Federal Contract Tower,14,57,41,0,112,1,22,40,0,63,15,79,81,0,175,40,58,98,273
10/16/2003,EYW,FL,ASO,ES,Federal Contract Tower,13,52,37,1,103,1,9,42,1,53,14,61,79,2,156,12,60,72,228
10/17/2003,EYW,FL,ASO,ES,Federal Contract Tower,14,71,50,0,135,0,8,49,0,57,14,79,99,0,192,20,42,62,254
10/18/2003,EYW,FL,ASO,ES,Federal Contract Tower,12,48,34,0,94,1,16,52,0,69,13,64,86,0,163,24,80,104,267
10/19/2003,EYW,FL,ASO,ES,Federal Contract Tower,14,64,45,1,124,0,14,111,0,125,14,78,156,1,249,22,10,32,281
10/20/2003,EYW,FL,ASO,ES,Federal Contract Tower,12,52,37,0,101,3,14,50,0,67,15,66,87,0,168,46,58,104,272
10/21/2003,EYW,FL,ASO,ES,Federal Contract Tower,13,51,36,0,100,1,26,67,0,94,14,77,103,0,194,85,50,135,329
10/22/2003,EYW,FL,ASO,ES,Federal Contract Tower,18,74,53,0,145,1,36,78,0,115,19,110,131,0,260,19,42,61,321
10/23/2003,EYW,FL,ASO,ES,Federal Contract Tower,18,91,65,0,174,0,12,159,0,171,18,103,224,0,345,20,42,62,407
10/24/2003,EYW,FL,ASO,ES,Federal Contract Tower,13,64,52,0,129,0,0,16,0,16,13,64,68,0,145,46,46,92,237
10/25/2003,EYW,FL,ASO,ES,Federal Contract Tower,14,66,48,0,128,0,0,110,0,110,14,66,158,0,238,30,62,92,330
10/26/2003,EYW,FL,ASO,ES,Federal Contract Tower,20,127,91,0,238,0,4,268,0,272,20,131,359,0,510,2,12,14,524
10/27/2003,EYW,FL,ASO,ES,Federal Contract Tower,16,66,47,1,130,4,23,74,0,101,20,89,121,1,231,22,44,66,297
10/28/2003,EYW,FL,ASO,ES,Federal Contract Tower,13,55,40,0,108,3,16,55,0,74,16,71,95,0,182,32,18,50,232
10/29/2003,EYW,FL,ASO,ES,Federal Contract Tower,12,52,38,0,102,6,22,38,0,66,18,74,76,0,168,26,10,36,204
10/30/2003,EYW,FL,ASO,ES,Federal Contract Tower,13,54,39,0,106,0,41,53,1,95,13,95,92,1,201,22,60,82,283
10/31/2003,EYW,FL,ASO,ES,Federal Contract Tower,14,58,42,0,114,0,12,65,0,77,14,70,107,0,191,22,76,98,289
11/01/2003,EYW,FL,ASO,ES,Federal Contract Tower,12,57,34,0,103,2,4,69,0,75,14,61,103,0,178,18,88,106,284
11/02/2003,EYW,FL,ASO,ES,Federal Contract Tower,16,72,43,0,131,2,0,51,0,53,18,72,94,0,184,20,14,34,218
11/03/2003,EYW,FL,ASO,ES,Federal Contract Tower,15,70,41,0,126,2,15,29,1,47,17,85,70,1,173,14,64,78,251
11/04/2003,EYW,FL,ASO,ES,Federal Contract Tower,13,59,35,0,107,3,21,6,4,34,16,80,41,4,141,4,104,108,249
11/05/2003,EYW,FL,ASO,ES,Federal Contract Tower,14,71,41,0,126,0,20,25,0,45,14,91,66,0,171,14,96,110,281
11/06/2003,EYW,FL,ASO,ES,Federal Contract Tower,13,69,40,0,122,0,16,28,0,44,13,85,68,0,166,4,44,48,214
11/07/2003,EYW,FL,ASO,ES,Federal Contract Tower,14,81,48,0,143,0,7,70,2,79,14,88,118,2,222,21,66,87,309
11/08/2003,EYW,FL,ASO,ES,Federal Contract Tower,17,59,45,0,121,0,0,19,0,19,17,59,64,0,140,23,60,83,223
11/09/2003,EYW,FL,ASO,ES,Federal Contract Tower,15,68,40,0,123,0,17,64,2,83,15,85,104,2,206,29,16,45,251
11/10/2003,EYW,FL,ASO,ES,Federal Contract Tower,14,69,40,0,123,0,9,38,0,47,14,78,78,0,170,2,72,74,244
11/11/2003,EYW,FL,ASO,ES,Federal Contract Tower,12,58,34,0,104,2,30,23,0,55,14,88,57,0,159,2,24,26,185
11/12/2003,EYW,FL,ASO,ES,Federal Contract Tower,13,61,36,0,110,1,27,49,4,81,14,88,85,4,191,18,58,76,267
11/13/2003,EYW,FL,ASO,ES,Federal Contract Tower,14,78,46,0,138,0,26,72,2,100,14,104,118,2,238,32,40,72,310
11/14/2003,EYW,FL,ASO,ES,Federal Contract Tower,14,82,48,1,145,0,19,74,0,93,14,101,122,1,238,4,46,50,288
11/15/2003,EYW,FL,ASO,ES,Federal Contract Tower,12,64,36,1,113,2,15,122,0,139,14,79,158,1,252,107,4,111,363
11/16/2003,EYW,FL,ASO,ES,Federal Contract Tower,14,75,42,0,131,0,14,80,0,94,14,89,122,0,225,16,2,18,243
11/17/2003,EYW,FL,ASO,ES,Federal Contract Tower,14,71,40,0,125,5,20,48,0,73,19,91,88,0,198,30,10,40,238
11/18/2003,EYW,FL,ASO,ES,Federal Contract Tower,13,68,39,0,120,1,20,75,0,96,14,88,114,0,216,4,19,23,239
11/19/2003,EYW,FL,ASO,ES,Federal Contract Tower,14,72,40,0,126,1,14,67,0,82,15,86,107,0,208,54,24,78,286
11/20/2003,EYW,FL,ASO,ES,Federal Contract Tower,14,70,33,0,117,0,8,0,0,8,14,78,33,0,125,2,4,6,131
11/21/2003,EYW,FL,ASO,ES,Federal Contract Tower,14,83,47,1,145,0,8,85,0,93,14,91,132,1,238,12,22,34,272
11/22/2003,EYW,FL,ASO,ES,Federal Contract Tower,14,74,44,0,132,0,0,128,0,128,14,74,172,0,260,21,10,31,291
11/23/2003,EYW,FL,ASO,ES,Federal Contract Tower,15,78,44,1,138,0,23,131,0,154,15,101,175,1,292,30,20,50,342
11/24/2003,EYW,FL,ASO,ES,Federal Contract Tower,14,70,40,0,124,0,25,74,0,99,14,95,114,0,223,0,0,0,223
11/25/2003,EYW,FL,ASO,ES,Federal Contract Tower,14,73,43,0,130,0,11,61,2,74,14,84,104,2,204,31,5,36,240
11/26/2003,EYW,FL,ASO,ES,Federal Contract Tower,14,76,44,0,134,0,11,89,1,101,14,87,133,1,235,36,4,40,275
11/27/2003,EYW,FL,ASO,ES,Federal Contract Tower,9,48,28,0,85,5,18,40,0,63,14,66,68,0,148,10,0,10,158
11/28/2003,EYW,FL,ASO,ES,Federal Contract Tower,14,79,46,0,139,0,4,83,0,87,14,83,129,0,226,32,0,32,258
11/29/2003,EYW,FL,ASO,ES,Federal Contract Tower,12,63,36,0,111,2,10,30,3,45,14,73,66,3,156,0,0,0,156
11/30/2003,EYW,FL,ASO,ES,Federal Contract Tower,13,90,52,0,155,0,9,87,2,98,13,99,139,2,253,2,0,2,255
12/01/2003,EYW,FL,ASO,ES,Federal Contract Tower,14,71,37,0,122,2,28,59,4,93,16,99,96,4,215,28,4,32,247
12/02/2003,EYW,FL,ASO,ES,Federal Contract Tower,14,72,38,0,124,2,10,55,0,67,16,82,93,0,191,8,10,18,209
12/03/2003,EYW,FL,ASO,ES,Federal Contract Tower,13,61,32,0,106,2,9,37,0,48,15,70,69,0,154,6,28,34,188
12/04/2003,EYW,FL,ASO,ES,Federal Contract Tower,14,68,36,0,118,0,12,37,3,52,14,80,73,3,170,40,166,206,376
12/05/2003,EYW,FL,ASO,ES,Federal Contract Tower,16,84,44,0,144,0,3,42,2,47,16,87,86,2,191,20,52,72,263
12/06/2003,EYW,FL,ASO,ES,Federal Contract Tower,14,62,37,0,113,1,0,36,0,37,15,62,73,0,150,0,30,30,180
12/07/2003,EYW,FL,ASO,ES,Federal Contract Tower,14,84,44,0,142,0,6,85,1,92,14,90,129,1,234,18,24,42,276
12/08/2003,EYW,FL,ASO,ES,Federal Contract Tower,13,64,34,0,111,1,21,42,1,65,14,85,76,1,176,8,46,54,230
12/09/2003,EYW,FL,ASO,ES,Federal Contract Tower,15,77,40,0,132,0,5,46,3,54,15,82,86,3,186,8,62,70,256
12/10/2003,EYW,FL,ASO,ES,Federal Contract Tower,14,70,37,0,121,0,3,30,0,33,14,73,67,0,154,32,14,46,200
12/11/2003,EYW,FL,ASO,ES,Federal Contract Tower,14,69,36,0,119,0,10,52,4,66,14,79,88,4,185,85,0,85,270
12/12/2003,EYW,FL,ASO,ES,Federal Contract Tower,11,58,31,1,101,6,38,75,0,119,17,96,106,1,220,22,24,46,266
12/13/2003,EYW,FL,ASO,ES,Federal Contract Tower,12,58,35,1,106,2,0,6,0,8,14,58,41,1,114,39,22,61,175
12/14/2003,EYW,FL,ASO,ES,Federal Contract Tower,12,68,36,0,116,2,1,3,0,6,14,69,39,0,122,0,8,8,130
12/15/2003,EYW,FL,ASO,ES,Federal Contract Tower,12,69,35,0,116,2,18,38,0,58,14,87,73,0,174,10,82,92,266
12/16/2003,EYW,FL,ASO,ES,Federal Contract Tower,14,73,26,1,114,1,18,0,0,19,15,91,26,1,133,57,90,147,280
12/17/2003,EYW,FL,ASO,ES,Federal Contract Tower,12,67,19,1,99,2,16,0,1,19,14,83,19,2,118,2,0,2,120
12/18/2003,EYW,FL,ASO,ES,Federal Contract Tower,14,79,40,0,133,0,14,56,0,70,14,93,96,0,203,56,52,108,311
12/19/2003,EYW,FL,ASO,ES,Federal Contract Tower,13,76,38,1,128,0,11,30,1,42,13,87,68,2,170,4,39,43,213
12/20/2003,EYW,FL,ASO,ES,Federal Contract Tower,14,75,38,0,127,0,14,37,0,51,14,89,75,0,178,10,8,18,196
12/21/2003,EYW,FL,ASO,ES,Federal Contract Tower,12,69,35,0,116,2,12,70,0,84,14,81,105,0,200,16,6,22,222
12/22/2003,EYW,FL,ASO,ES,Federal Contract Tower,15,81,41,0,137,1,12,43,0,56,16,93,84,0,193,22,2,24,217
12/23/2003,EYW,FL,ASO,ES,Federal Contract Tower,14,79,40,0,133,0,12,70,0,82,14,91,110,0,215,39,8,47,262
12/24/2003,EYW,FL,ASO,ES,Federal Contract Tower,13,72,37,0,122,2,4,45,0,51,15,76,82,0,173,52,2,54,227
12/25/2003,EYW,FL,ASO,ES,Federal Contract Tower,10,57,28,1,96,4,13,0,0,17,14,70,28,1,113,0,6,6,119
12/26/2003,EYW,FL,ASO,ES,Federal Contract Tower,13,94,53,0,160,0,0,104,0,104,13,94,157,0,264,34,0,34,298
12/27/2003,EYW,FL,ASO,ES,Federal Contract Tower,14,87,52,1,154,0,0,101,2,103,14,87,153,3,257,40,0,40,297
12/28/2003,EYW,FL,ASO,ES,Federal Contract Tower,14,96,49,1,160,0,10,159,0,169,14,106,208,1,329,16,6,22,351
12/29/2003,EYW,FL,ASO,ES,Federal Contract Tower,14,100,51,1,166,0,3,117,1,121,14,103,168,2,287,33,6,39,326
12/30/2003,EYW,FL,ASO,ES,Federal Contract Tower,14,90,52,0,156,0,0,157,4,161,14,90,209,4,317,43,8,51,368
12/31/2003,EYW,FL,ASO,ES,Federal Contract Tower,15,85,44,0,144,0,7,117,0,124,15,92,161,0,268,24,0,24,292
01/01/2004,EYW,FL,ASO,ES,Federal Contract Tower,8,87,52,0,147,6,0,66,0,72,14,87,118,0,219,8,0,8,227
01/02/2004,EYW,FL,ASO,ES,Federal Contract Tower,11,116,74,0,201,3,0,88,0,91,14,116,162,0,292,0,6,6,298
01/03/2004,EYW,FL,ASO,ES,Federal Contract Tower,10,99,71,0,180,6,0,108,0,114,16,99,179,0,294,34,2,36,330
01/04/2004,EYW,FL,ASO,ES,Federal Contract Tower,9,92,65,1,167,7,0,103,0,110,16,92,168,1,277,24,4,28,305
01/05/2004,EYW,FL,ASO,ES,Federal Contract Tower,7,80,49,0,136,7,17,32,1,57,14,97,81,1,193,18,0,18,211
01/06/2004,EYW,FL,ASO,ES,Federal Contract Tower,8,79,48,0,135,6,3,22,2,33,14,82,70,2,168,8,12,20,188
01/07/2004,EYW,FL,ASO,ES,Federal Contract Tower,7,76,46,0,129,7,3,13,2,25,14,79,59,2,154,10,8,18,172
01/08/2004,EYW,FL,ASO,ES,Federal Contract Tower,7,76,47,0,130,7,6,51,1,65,14,82,98,1,195,27,8,35,230
01/09/2004,EYW,FL,ASO,ES,Federal Contract Tower,8,80,49,0,137,6,23,70,9,108,14,103,119,9,245,28,2,30,275
01/10/2004,EYW,FL,ASO,ES,Federal Contract Tower,6,65,34,0,105,8,8,0,2,18,14,73,34,2,123,0,2,2,125
01/11/2004,EYW,FL,ASO,ES,Federal Contract Tower,8,82,50,0,140,6,14,44,0,64,14,96,94,0,204,2,16,18,222
01/12/2004,EYW,FL,ASO,ES,Federal Contract Tower,6,67,41,0,114,8,23,19,2,52,14,90,60,2,166,10,13,23,189
01/13/2004,EYW,FL,ASO,ES,Federal Contract Tower,6,80,49,0,135,8,8,66,0,82,14,88,115,0,217,18,8,26,243
01/14/2004,EYW,FL,ASO,ES,Federal Contract Tower,6,77,47,1,131,9,5,45,3,62,15,82,92,4,193,32,18,50,243
01/15/2004,EYW,FL,ASO,ES,Federal Contract Tower,6,82,50,1,139,7,11,64,0,82,13,93,114,1,221,40,16,56,277
01/16/2004,EYW,FL,ASO,ES,Federal Contract Tower,9,114,73,0,196,5,0,87,0,92,14,114,160,0,288,67,8,75,363
01/17/2004,EYW,FL,ASO,ES,Federal Contract Tower,7,93,57,2,159,7,0,112,1,120,14,93,169,3,279,54,22,76,355
01/18/2004,EYW,FL,ASO,ES,Federal Contract Tower,6,80,47,1,134,8,11,48,2,69,14,91,95,3,203,2,8,10,213
01/19/2004,EYW,FL,ASO,ES,Federal Contract Tower,8,105,61,1,175,6,11,28,0,45,14,116,89,1,220,15,0,15,235
01/20/2004,EYW,FL,ASO,ES,Federal Contract Tower,6,81,48,0,135,7,12,74,0,93,13,93,122,0,228,16,10,26,254
01/21/2004,EYW,FL,ASO,ES,Federal Contract Tower,6,76,45,1,128,8,3,50,1,62,14,79,95,2,190,37,35,72,262
01/22/2004,EYW,FL,ASO,ES,Federal Contract Tower,7,83,49,0,139,7,7,78,0,92,14,90,127,0,231,11,30,41,272
01/23/2004,EYW,FL,ASO,ES,Federal Contract Tower,8,104,62,0,174,7,0,52,0,59,15,104,114,0,233,4,16,20,253
01/24/2004,EYW,FL,ASO,ES,Federal Contract Tower,8,104,61,0,173,6,8,98,0,112,14,112,159,0,285,0,30,30,315
01/25/2004,EYW,FL,ASO,ES,Federal Contract Tower,7,88,54,0,149,6,0,104,0,110,13,88,158,0,259,16,8,24,283
01/26/2004,EYW,FL,ASO,ES,Federal Contract Tower,6,81,48,1,136,8,8,60,1,77,14,89,108,2,213,16,18,34,247
01/27/2004,EYW,FL,ASO,ES,Federal Contract Tower,6,77,45,0,128,8,12,13,0,33,14,89,58,0,161,24,8,32,193
01/28/2004,EYW,FL,ASO,ES,Federal Contract Tower,6,80,47,1,134,9,15,32,6,62,15,95,79,7,196,0,16,16,212
01/29/2004,EYW,FL,ASO,ES,Federal Contract Tower,7,84,49,0,140,6,22,65,0,93,13,106,114,0,233,28,46,74,307
01/30/2004,EYW,FL,ASO,ES,Federal Contract Tower,7,87,52,0,146,7,17,25,0,49,14,104,77,0,195,24,28,52,247
01/31/2004,EYW,FL,ASO,ES,Federal Contract Tower,5,68,40,0,113,6,5,21,0,32,11,73,61,0,145,4,46,50,195
02/01/2004,EYW,FL,ASO,ES,Federal Contract Tower,12,69,44,0,125,2,25,13,0,40,14,94,57,0,165,31,4,35,200
02/02/2004,EYW,FL,ASO,ES,Federal Contract Tower,13,71,45,0,129,1,29,29,0,59,14,100,74,0,188,6,55,61,249
02/03/2004,EYW,FL,ASO,ES,Federal Contract Tower,12,67,44,0,123,2,23,40,0,65,14,90,84,0,188,36,102,138,326
02/04/2004,EYW,FL,ASO,ES,Federal Contract Tower,15,95,85,1,196,0,0,51,2,53,15,95,136,3,249,64,82,146,395
02/05/2004,EYW,FL,ASO,ES,Federal Contract Tower,16,92,60,0,168,1,17,65,0,83,17,109,125,0,251,18,84,102,353
02/06/2004,EYW,FL,ASO,ES,Federal Contract Tower,14,87,57,0,158,0,10,53,3,66,14,97,110,3,224,38,22,60,284
02/07/2004,EYW,FL,ASO,ES,Federal Contract Tower,14,82,54,0,150,0,4,30,0,34,14,86,84,0,184,8,2,10,194
02/08/2004,EYW,FL,ASO,ES,Federal Contract Tower,15,91,60,0,166,0,16,70,0,86,15,107,130,0,252,10,16,26,278
02/09/2004,EYW,FL,ASO,ES,Federal Contract Tower,13,70,46,0,129,1,35,57,2,95,14,105,103,2,224,34,46,80,304
02/10/2004,EYW,FL,ASO,ES,Federal Contract Tower,12,68,45,0,125,2,18,68,2,90,14,86,113,2,215,62,66,128,343
02/11/2004,EYW,FL,ASO,ES,Federal Contract Tower,14,82,54,0,150,0,12,89,0,101,14,94,143,0,251,89,24,113,364
02/12/2004,EYW,FL,ASO,ES,Federal Contract Tower,14,92,60,0,166,0,17,74,0,91,14,109,134,0,257,79,8,87,344
02/13/2004,EYW,FL,ASO,ES,Federal Contract Tower,14,95,69,1,179,0,0,70,0,70,14,95,139,1,249,42,26,68,317
02/14/2004,EYW,FL,ASO,ES,Federal Contract Tower,13,80,53,1,147,1,15,84,1,101,14,95,137,2,248,19,15,34,282
02/15/2004,EYW,FL,ASO,ES,Federal Contract Tower,14,96,63,1,174,0,17,54,1,72,14,113,117,2,246,8,0,8,254
02/16/2004,EYW,FL,ASO,ES,Federal Contract Tower,14,100,65,1,180,0,9,81,8,98,14,109,146,9,278,10,2,12,290
02/17/2004,EYW,FL,ASO,ES,Federal Contract Tower,13,80,53,1,147,1,19,33,0,53,14,99,86,1,200,0,32,32,232
02/18/2004,EYW,FL,ASO,ES,Federal Contract Tower,12,73,47,1,133,2,21,38,6,67,14,94,85,7,200,18,22,40,240
02/19/2004,EYW,FL,ASO,ES,Federal Contract Tower,15,90,58,0,163,2,20,95,0,117,17,110,153,0,280,37,14,51,331
02/20/2004,EYW,FL,ASO,ES,Federal Contract Tower,14,88,56,0,158,0,9,83,0,92,14,97,139,0,250,46,26,72,322
02/21/2004,EYW,FL,ASO,ES,Federal Contract Tower,13,79,50,0,142,1,11,107,0,119,14,90,157,0,261,32,50,82,343
02/22/2004,EYW,FL,ASO,ES,Federal Contract Tower,13,97,62,0,172,0,11,127,0,138,13,108,189,0,310,18,20,38,348
02/23/2004,EYW,FL,ASO,ES,Federal Contract Tower,13,82,52,1,148,1,17,104,0,122,14,99,156,1,270,54,27,81,351
02/24/2004,EYW,FL,ASO,ES,Federal Contract Tower,13,77,49,1,140,1,2,86,1,90,14,79,135,2,230,44,14,58,288
02/25/2004,EYW,FL,ASO,ES,Federal Contract Tower,10,65,41,1,117,8,8,18,3,37,18,73,59,4,154,20,10,30,184
02/26/2004,EYW,FL,ASO,ES,Federal Contract Tower,13,81,52,0,146,2,16,53,0,71,15,97,105,0,217,32,2,34,251
02/27/2004,EYW,FL,ASO,ES,Federal Contract Tower,14,88,56,0,158,0,5,52,0,57,14,93,108,0,215,23,2,25,240
02/28/2004,EYW,FL,ASO,ES,Federal Contract Tower,14,78,53,1,146,0,0,72,2,74,14,78,125,3,220,30,34,64,284
02/29/2004,EYW,FL,ASO,ES,Federal Contract Tower,14,105,67,1,187,0,10,57,2,69,14,115,124,3,256,8,16,24,280
03/01/2004,EYW,FL,ASO,ES,Federal Contract Tower,7,89,58,0,154,7,0,45,0,52,14,89,103,0,206,30,20,50,256
03/02/2004,EYW,FL,ASO,ES,Federal Contract Tower,7,81,52,0,140,7,12,83,0,102,14,93,135,0,242,44,14,58,300
03/03/2004,EYW,FL,ASO,ES,Federal Contract Tower,6,85,55,0,146,8,3,86,0,97,14,88,141,0,243,82,4,86,329
03/04/2004,EYW,FL,ASO,ES,Federal Contract Tower,7,86,55,0,148,7,16,80,0,103,14,102,135,0,251,28,39,67,318
03/05/2004,EYW,FL,ASO,ES,Federal Contract Tower,7,95,61,0,163,7,13,82,2,104,14,108,143,2,267,32,24,56,323
03/06/2004,EYW,FL,ASO,ES,Federal Contract Tower,7,78,60,0,145,9,0,77,0,86,16,78,137,0,231,34,16,50,281
03/07/2004,EYW,FL,ASO,ES,Federal Contract Tower,8,104,67,0,179,8,0,87,2,97,16,104,154,2,276,30,10,40,316
03/08/2004,EYW,FL,ASO,ES,Federal Contract Tower,6,79,51,0,136,9,16,70,0,95,15,95,121,0,231,16,10,26,257
03/09/2004,EYW,FL,ASO,ES,Federal Contract Tower,6,80,51,0,137,8,3,118,0,129,14,83,169,0,266,60,6,66,332
03/10/2004,EYW,FL,ASO,ES,Federal Contract Tower,7,89,58,0,154,7,0,102,0,109,14,89,160,0,263,22,8,30,293
03/11/2004,EYW,FL,ASO,ES,Federal Contract Tower,6,88,59,1,154,8,0,63,0,71,14,88,122,1,225,52,28,80,305
03/12/2004,EYW,FL,ASO,ES,Federal Contract Tower,8,101,70,1,180,6,0,86,2,94,14,101,156,3,274,44,28,72,346
03/13/2004,EYW,FL,ASO,ES,Federal Contract Tower,6,87,55,0,148,8,2,85,0,95,14,89,140,0,243,56,18,74,317
03/14/2004,EYW,FL,ASO,ES,Federal Contract Tower,9,123,85,1,218,5,0,88,2,95,14,123,173,3,313,18,23,41,354
03/15/2004,EYW,FL,ASO,ES,Federal Contract Tower,6,92,59,1,158,9,0,47,5,61,15,92,106,6,219,35,30,65,284
03/16/2004,EYW,FL,ASO,ES,Federal Contract Tower,5,78,50,1,134,9,10,59,0,78,14,88,109,1,212,68,16,84,296
03/17/2004,EYW,FL,ASO,ES,Federal Contract Tower,6,91,58,1,156,10,10,68,0,88,16,101,126,1,244,42,12,54,298
03/18/2004,EYW,FL,ASO,ES,Federal Contract Tower,6,88,55,0,149,8,17,74,0,99,14,105,129,0,248,36,16,52,300
03/19/2004,EYW,FL,ASO,ES,Federal Contract Tower,7,96,66,1,170,6,0,89,6,101,13,96,155,7,271,26,29,55,326
03/20/2004,EYW,FL,ASO,ES,Federal Contract Tower,7,92,63,1,163,7,0,102,1,110,14,92,165,2,273,39,6,45,318
03/21/2004,EYW,FL,ASO,ES,Federal Contract Tower,11,99,103,0,213,1,0,66,0,67,12,99,169,0,280,18,14,32,312
03/22/2004,EYW,FL,ASO,ES,Federal Contract Tower,5,76,47,0,128,8,27,41,0,76,13,103,88,0,204,26,41,67,271
03/23/2004,EYW,FL,ASO,ES,Federal Contract Tower,5,77,48,0,130,9,7,19,0,35,14,84,67,0,165,8,24,32,197
03/24/2004,EYW,FL,ASO,ES,Federal Contract Tower,5,84,53,0,142,9,4,29,0,42,14,88,82,0,184,6,40,46,230
03/25/2004,EYW,FL,ASO,ES,Federal Contract Tower,6,88,55,1,150,8,25,52,1,86,14,113,107,2,236,28,72,100,336
03/26/2004,EYW,FL,ASO,ES,Federal Contract Tower,7,96,60,0,163,7,0,51,0,58,14,96,111,0,221,0,24,24,245
03/27/2004,EYW,FL,ASO,ES,Federal Contract Tower,6,80,57,0,143,6,0,61,0,67,12,80,118,0,210,8,12,20,230
03/28/2004,EYW,FL,ASO,ES,Federal Contract Tower,6,98,62,0,166,4,10,80,1,95,10,108,142,1,261,0,0,0,261
03/29/2004,EYW,FL,ASO,ES,Federal Contract Tower,5,78,49,0,132,7,16,55,1,79,12,94,104,1,211,30,2,32,243
03/30/2004,EYW,FL,ASO,ES,Federal Contract Tower,5,77,49,0,131,8,1,85,4,98,13,78,134,4,229,36,24,60,289
03/31/2004,EYW,FL,ASO,ES,Federal Contract Tower,4,64,40,0,108,10,8,69,3,90,14,72,109,3,198,32,6,38,236
04/01/2004,EYW,FL,ASO,ES,Federal Contract Tower,14,77,52,0,143,0,0,67,0,67,14,77,119,0,210,4,8,12,222
04/02/2004,EYW,FL,ASO,ES,Federal Contract Tower,14,80,54,0,148,0,6,60,4,70,14,86,114,4,218,50,12,62,280
04/03/2004,EYW,FL,ASO,ES,Federal Contract Tower,15,68,59,0,142,0,0,121,0,121,15,68,180,0,263,0,0,0,263
04/04/2004,EYW,FL,ASO,ES,Federal Contract Tower,12,85,58,0,155,0,3,99,0,102,12,88,157,0,257,10,2,12,269
04/05/2004,EYW,FL,ASO,ES,Federal Contract Tower,14,68,46,0,128,2,14,28,1,45,16,82,74,1,173,36,16,52,225
04/06/2004,EYW,FL,ASO,ES,Federal Contract Tower,14,74,52,0,140,0,0,109,3,112,14,74,161,3,252,64,16,80,332
04/07/2004,EYW,FL,ASO,ES,Federal Contract Tower,14,74,50,0,138,0,1,96,1,98,14,75,146,1,236,45,33,78,314
04/08/2004,EYW,FL,ASO,ES,Federal Contract Tower,14,77,52,0,143,0,8,88,0,96,14,85,140,0,239,29,20,49,288
04/09/2004,EYW,FL,ASO,ES,Federal Contract Tower,12,77,52,0,141,0,11,69,0,80,12,88,121,0,221,0,0,0,221
04/10/2004,EYW,FL,ASO,ES,Federal Contract Tower,14,73,50,0,137,0,1,69,0,70,14,74,119,0,207,18,0,18,225
04/11/2004,EYW,FL,ASO,ES,Federal Contract Tower,14,76,52,1,143,0,5,82,1,88,14,81,134,2,231,12,0,12,243
04/12/2004,EYW,FL,ASO,ES,Federal Contract Tower,13,65,44,0,122,1,27,20,0,48,14,92,64,0,170,10,6,16,186
04/13/2004,EYW,FL,ASO,ES,Federal Contract Tower,14,75,51,0,140,1,5,13,0,19,15,80,64,0,159,22,6,28,187
04/14/2004,EYW,FL,ASO,ES,Federal Contract Tower,14,76,51,0,141,0,5,86,0,91,14,81,137,0,232,8,4,12,244
04/15/2004,EYW,FL,ASO,ES,Federal Contract Tower,14,77,52,1,144,0,18,77,1,96,14,95,129,2,240,0,34,34,274
04/16/2004,EYW,FL,ASO,ES,Federal Contract Tower,14,88,59,1,162,0,18,109,28,155,14,106,168,29,317,8,23,31,348
04/17/2004,EYW,FL,ASO,ES,Federal Contract Tower,13,68,44,1,126,1,10,80,0,91,14,78,124,1,217,6,28,34,251
04/18/2004,EYW,FL,ASO,ES,Federal Contract Tower,17,91,61,1,170,0,0,148,1,149,17,91,209,2,319,10,14,24,343
04/19/2004,EYW,FL,ASO,ES,Federal Contract Tower,12,63,41,1,117,2,23,50,2,77,14,86,91,3,194,20,88,108,302
04/20/2004,EYW,FL,ASO,ES,Federal Contract Tower,11,61,40,1,113,1,26,68,0,95,12,87,108,1,208,14,84,98,306
04/21/2004,EYW,FL,ASO,ES,Federal Contract Tower,10,58,38,0,106,4,28,81,0,113,14,86,119,0,219,20,66,86,305
04/22/2004,EYW,FL,ASO,ES,Federal Contract Tower,12,66,43,0,121,2,26,86,0,114,14,92,129,0,235,20,50,70,305
04/23/2004,EYW,FL,ASO,ES,Federal Contract Tower,13,72,47,0,132,0,8,78,0,86,13,80,125,0,218,0,0,0,218
04/24/2004,EYW,FL,ASO,ES,Federal Contract Tower,10,57,37,1,105,6,12,76,2,96,16,69,113,3,201,28,46,74,275
04/25/2004,EYW,FL,ASO,ES,Federal Contract Tower,14,74,48,1,137,0,7,72,0,79,14,81,120,1,216,16,0,16,232
04/26/2004,EYW,FL,ASO,ES,Federal Contract Tower,13,73,48,0,134,1,14,33,0,48,14,87,81,0,182,18,72,90,272
04/27/2004,EYW,FL,ASO,ES,Federal Contract Tower,12,64,41,1,118,3,14,38,2,57,15,78,79,3,175,26,56,82,257
04/28/2004,EYW,FL,ASO,ES,Federal Contract Tower,14,73,48,1,136,0,0,48,1,49,14,73,96,2,185,46,106,152,337
04/29/2004,EYW,FL,ASO,ES,Federal Contract Tower,13,71,47,1,132,1,11,62,2,76,14,82,109,3,208,54,91,145,353
04/30/2004,EYW,FL,ASO,ES,Federal Contract Tower,13,75,50,0,138,0,24,62,1,87,13,99,112,1,225,0,0,0,225
05/01/2004,EYW,FL,ASO,ES,Federal Contract Tower,14,67,41,0,122,0,4,52,0,56,14,71,93,0,178,36,2,38,216
05/02/2004,EYW,FL,ASO,ES,Federal Contract Tower,14,80,52,0,146,0,0,71,1,72,14,80,123,1,218,42,14,56,274
05/03/2004,EYW,FL,ASO,ES,Federal Contract Tower,13,61,37,0,111,1,13,29,1,44,14,74,66,1,155,46,12,58,213
05/04/2004,EYW,FL,ASO,ES,Federal Contract Tower,14,73,46,0,133,0,12,59,0,71,14,85,105,0,204,46,50,96,300
05/05/2004,EYW,FL,ASO,ES,Federal Contract Tower,13,62,39,0,114,1,11,58,0,70,14,73,97,0,184,15,52,67,251
05/06/2004,EYW,FL,ASO,ES,Federal Contract Tower,12,78,49,0,139,0,11,73,0,84,12,89,122,0,223,0,0,0,223
05/07/2004,EYW,FL,ASO,ES,Federal Contract Tower,14,65,39,0,118,0,15,65,0,80,14,80,104,0,198,32,24,56,254
05/08/2004,EYW,FL,ASO,ES,Federal Contract Tower,14,68,42,0,124,0,4,74,0,78,14,72,116,0,202,50,14,64,266
05/09/2004,EYW,FL,ASO,ES,Federal Contract Tower,14,75,46,0,135,0,4,80,0,84,14,79,126,0,219,22,16,38,257
05/10/2004,EYW,FL,ASO,ES,Federal Contract Tower,14,65,40,0,119,0,10,37,0,47,14,75,77,0,166,24,44,68,234
05/11/2004,EYW,FL,ASO,ES,Federal Contract Tower,13,62,39,0,114,1,15,40,0,56,14,77,79,0,170,32,22,54,224
05/12/2004,EYW,FL,ASO,ES,Federal Contract Tower,13,61,38,0,112,1,24,30,4,59,14,85,68,4,171,54,6,60,231
05/13/2004,EYW,FL,ASO,ES,Federal Contract Tower,14,81,50,0,145,0,9,62,0,71,14,90,112,0,216,0,0,0,216
05/14/2004,EYW,FL,ASO,ES,Federal Contract Tower,15,78,49,0,142,0,25,62,0,87,15,103,111,0,229,10,20,30,259
05/15/2004,EYW,FL,ASO,ES,Federal Contract Tower,14,71,43,0,128,0,2,62,0,64,14,73,105,0,192,0,0,0,192
05/16/2004,EYW,FL,ASO,ES,Federal Contract Tower,14,68,50,0,132,0,0,58,0,58,14,68,108,0,190,11,8,19,209
05/17/2004,EYW,FL,ASO,ES,Federal Contract Tower,13,66,39,0,118,1,12,57,0,70,14,78,96,0,188,25,10,35,223
05/18/2004,EYW,FL,ASO,ES,Federal Contract Tower,12,61,36,0,109,2,7,69,0,78,14,68,105,0,187,28,36,64,251
05/19/2004,EYW,FL,ASO,ES,Federal Contract Tower,14,77,45,1,137,0,8,73,6,87,14,85,118,7,224,20,12,32,256
05/20/2004,EYW,FL,ASO,ES,Federal Contract Tower,13,77,46,0,136,0,8,75,0,83,13,85,121,0,219,0,0,0,219
05/21/2004,EYW,FL,ASO,ES,Federal Contract Tower,14,72,42,0,128,0,19,42,0,61,14,91,84,0,189,38,38,76,265
05/22/2004,EYW,FL,ASO,ES,Federal Contract Tower,13,69,42,1,125,1,5,67,3,76,14,74,109,4,201,24,4,28,229
05/23/2004,EYW,FL,ASO,ES,Federal Contract Tower,14,69,47,0,130,0,0,99,0,99,14,69,146,0,229,12,0,12,241
05/24/2004,EYW,FL,ASO,ES,Federal Contract Tower,12,61,36,0,109,2,15,49,0,66,14,76,85,0,175,24,14,38,213
05/25/2004,EYW,FL,ASO,ES,Federal Contract Tower,10,53,33,0,96,4,16,54,0,74,14,69,87,0,170,25,20,45,215
05/26/2004,EYW,FL,ASO,ES,Federal Contract Tower,13,66,40,0,119,1,16,54,1,72,14,82,94,1,191,38,12,50,241
05/27/2004,EYW,FL,ASO,ES,Federal Contract Tower,14,74,45,0,133,3,14,62,3,82,17,88,107,3,215,34,2,36,251
05/28/2004,EYW,FL,ASO,ES,Federal Contract Tower,13,71,43,0,127,1,5,92,0,98,14,76,135,0,225,30,2,32,257
05/29/2004,EYW,FL,ASO,ES,Federal Contract Tower,11,58,36,0,105,4,15,60,1,80,15,73,96,1,185,22,2,24,209
05/30/2004,EYW,FL,ASO,ES,Federal Contract Tower,14,77,49,0,140,0,0,75,2,77,14,77,124,2,217,26,2,28,245
05/31/2004,EYW,FL,ASO,ES,Federal Contract Tower,13,78,49,0,140,0,0,132,0,132,13,78,181,0,272,14,0,14,286
06/01/2004,EYW,FL,ASO,ES,Federal Contract Tower,14,63,41,0,118,0,2,64,2,68,14,65,105,2,186,30,2,32,218
06/02/2004,EYW,FL,ASO,ES,Federal Contract Tower,12,51,34,0,97,0,22,40,1,63,12,73,74,1,160,2,14,16,176
06/03/2004,EYW,FL,ASO,ES,Federal Contract Tower,14,55,36,0,105,0,27,35,1,63,14,82,71,1,168,22,0,22,190
06/04/2004,EYW,FL,ASO,ES,Federal Contract Tower,14,62,41,0,117,0,15,82,1,98,14,77,123,1,215,16,14,30,245
06/05/2004,EYW,FL,ASO,ES,Federal Contract Tower,14,55,36,0,105,0,20,53,0,73,14,75,89,0,178,20,8,28,206
06/06/2004,EYW,FL,ASO,ES,Federal Contract Tower,14,59,39,0,112,0,8,75,1,84,14,67,114,1,196,16,16,32,228
06/07/2004,EYW,FL,ASO,ES,Federal Contract Tower,14,53,35,0,102,0,20,41,0,61,14,73,76,0,163,20,24,44,207
06/08/2004,EYW,FL,ASO,ES,Federal Contract Tower,12,50,33,0,95,2,10,24,0,36,14,60,57,0,131,24,20,44,175
06/09/2004,EYW,FL,ASO,ES,Federal Contract Tower,14,61,40,1,116,0,20,52,1,73,14,81,92,2,189,32,16,48,237
06/10/2004,EYW,FL,ASO,ES,Federal Contract Tower,13,57,37,1,108,1,7,35,3,46,14,64,72,4,154,15,8,23,177
06/11/2004,EYW,FL,ASO,ES,Federal Contract Tower,13,57,38,1,109,1,13,46,1,61,14,70,84,2,170,22,46,68,238
06/12/2004,EYW,FL,ASO,ES,Federal Contract Tower,13,56,38,0,107,0,0,58,0,58,13,56,96,0,165,56,22,78,243
06/13/2004,EYW,FL,ASO,ES,Federal Contract Tower,14,64,44,1,123,0,0,78,2,80,14,64,122,3,203,20,12,32,235
06/14/2004,EYW,FL,ASO,ES,Federal Contract Tower,13,56,37,1,107,1,12,59,0,72,14,68,96,1,179,42,36,78,257
06/15/2004,EYW,FL,ASO,ES,Federal Contract Tower,14,62,43,0,119,0,0,78,0,78,14,62,121,0,197,42,22,64,261
06/16/2004,EYW,FL,ASO,ES,Federal Contract Tower,14,59,37,1,111,0,7,66,1,74,14,66,103,2,185,52,36,88,273
06/17/2004,EYW,FL,ASO,ES,Federal Contract Tower,11,61,39,0,111,0,24,68,0,92,11,85,107,0,203,46,22,68,271
06/18/2004,EYW,FL,ASO,ES,Federal Contract Tower,12,53,34,0,99,2,14,75,0,91,14,67,109,0,190,60,24,84,274
06/19/2004,EYW,FL,ASO,ES,Federal Contract Tower,14,62,39,0,115,0,2,67,0,69,14,64,106,0,184,16,16,32,216
06/20/2004,EYW,FL,ASO,ES,Federal Contract Tower,14,67,49,1,131,0,0,70,1,71,14,67,119,2,202,24,4,28,230
06/21/2004,EYW,FL,ASO,ES,Federal Contract Tower,14,63,40,0,117,0,16,42,0,58,14,79,82,0,175,28,47,75,250
06/22/2004,EYW,FL,ASO,ES,Federal Contract Tower,13,56,35,0,104,1,8,53,0,62,14,64,88,0,166,45,42,87,253
06/23/2004,EYW,FL,ASO,ES,Federal Contract Tower,14,63,40,1,118,0,4,45,5,54,14,67,85,6,172,14,64,78,250
06/24/2004,EYW,FL,ASO,ES,Federal Contract Tower,14,61,39,0,114,0,10,56,0,66,14,71,95,0,180,20,78,98,278
06/25/2004,EYW,FL,ASO,ES,Federal Contract Tower,14,61,39,1,115,0,12,69,0,81,14,73,108,1,196,30,76,106,302
06/26/2004,EYW,FL,ASO,ES,Federal Contract Tower,14,64,40,0,118,0,10,74,0,84,14,74,114,0,202,30,68,98,300
06/27/2004,EYW,FL,ASO,ES,Federal Contract Tower,11,51,32,1,95,3,40,91,1,135,14,91,123,2,230,12,4,16,246
06/28/2004,EYW,FL,ASO,ES,Federal Contract Tower,11,49,31,0,91,3,17,17,1,38,14,66,48,1,129,4,56,60,189
06/29/2004,EYW,FL,ASO,ES,Federal Contract Tower,13,57,36,0,106,1,17,47,3,68,14,74,83,3,174,28,20,48,222
06/30/2004,EYW,FL,ASO,ES,Federal Contract Tower,13,58,38,0,109,1,27,34,0,62,14,85,72,0,171,26,0,26,197
07/01/2004,EYW,FL,ASO,ES,Federal Contract Tower,14,57,40,0,111,0,15,46,0,61,14,72,86,0,172,22,20,42,214
07/02/2004,EYW,FL,ASO,ES,Federal Contract Tower,14,59,42,0,115,0,7,76,2,85,14,66,118,2,200,26,6,32,232
07/03/2004,EYW,FL,ASO,ES,Federal Contract Tower,13,50,36,0,99,1,27,76,0,104,14,77,112,0,203,12,0,12,215
07/04/2004,EYW,FL,ASO,ES,Federal Contract Tower,13,49,35,0,97,1,30,50,0,81,14,79,85,0,178,38,0,38,216
07/05/2004,EYW,FL,ASO,ES,Federal Contract Tower,14,71,50,0,135,0,3,76,0,79,14,74,126,0,214,10,0,10,224
07/06/2004,EYW,FL,ASO,ES,Federal Contract Tower,14,55,39,0,108,0,0,61,0,61,14,55,100,0,169,16,2,18,187
07/07/2004,EYW,FL,ASO,ES,Federal Contract Tower,12,47,34,0,93,2,24,44,0,70,14,71,78,0,163,54,10,64,227
07/08/2004,EYW,FL,ASO,ES,Federal Contract Tower,13,48,34,0,95,1,32,45,0,78,14,80,79,0,173,26,54,80,253
07/09/2004,EYW,FL,ASO,ES,Federal Contract Tower,14,60,41,0,115,0,17,60,1,78,14,77,101,1,193,6,40,46,239
07/10/2004,EYW,FL,ASO,ES,Federal Contract Tower,13,53,37,0,103,0,20,62,0,82,13,73,99,0,185,6,26,32,217
07/11/2004,EYW,FL,ASO,ES,Federal Contract Tower,14,70,49,0,133,0,6,74,1,81,14,76,123,1,214,28,2,30,244
07/12/2004,EYW,FL,ASO,ES,Federal Contract Tower,12,46,32,0,90,2,17,38,0,57,14,63,70,0,147,64,36,100,247
07/13/2004,EYW,FL,ASO,ES,Federal Contract Tower,14,59,41,0,114,0,5,49,0,54,14,64,90,0,168,30,20,50,218
07/14/2004,EYW,FL,ASO,ES,Federal Contract Tower,14,59,42,0,115,0,14,50,0,64,14,73,92,0,179,42,18,60,239
07/15/2004,EYW,FL,ASO,ES,Federal Contract Tower,13,49,35,0,97,1,41,47,0,89,14,90,82,0,186,20,38,58,244
07/16/2004,EYW,FL,ASO,ES,Federal Contract Tower,13,54,37,1,105,1,25,78,1,105,14,79,115,2,210,42,60,102,312
07/17/2004,EYW,FL,ASO,ES,Federal Contract Tower,13,53,35,0,101,1,22,54,0,77,14,75,89,0,178,26,8,34,212
07/18/2004,EYW,FL,ASO,ES,Federal Contract Tower,13,54,36,0,103,1,24,60,0,85,14,78,96,0,188,22,2,24,212
07/19/2004,EYW,FL,ASO,ES,Federal Contract Tower,12,52,35,0,99,2,16,40,0,58,14,68,75,0,157,14,0,14,171
07/20/2004,EYW,FL,ASO,ES,Federal Contract Tower,13,53,36,0,102,1,11,25,0,37,14,64,61,0,139,26,0,26,165
07/21/2004,EYW,FL,ASO,ES,Federal Contract Tower,13,56,38,0,107,5,9,47,0,61,18,65,85,0,168,28,28,56,224
07/22/2004,EYW,FL,ASO,ES,Federal Contract Tower,12,53,35,0,100,0,34,62,0,96,12,87,97,0,196,20,22,42,238
07/23/2004,EYW,FL,ASO,ES,Federal Contract Tower,13,53,35,0,101,1,23,51,0,75,14,76,86,0,176,12,46,58,234
07/24/2004,EYW,FL,ASO,ES,Federal Contract Tower,12,50,34,0,96,1,23,58,0,82,13,73,92,0,178,14,12,26,204
07/25/2004,EYW,FL,ASO,ES,Federal Contract Tower,13,56,39,0,108,0,12,50,1,63,13,68,89,1,171,4,2,6,177
07/26/2004,EYW,FL,ASO,ES,Federal Contract Tower,13,56,39,0,108,1,10,22,1,34,14,66,61,1,142,22,4,26,168
07/27/2004,EYW,FL,ASO,ES,Federal Contract Tower,14,65,45,0,124,0,3,46,0,49,14,68,91,0,173,34,8,42,215
07/28/2004,EYW,FL,ASO,ES,Federal Contract Tower,14,58,39,0,111,0,12,24,0,36,14,70,63,0,147,6,8,14,161
07/29/2004,EYW,FL,ASO,ES,Federal Contract Tower,14,60,42,0,116,0,7,28,0,35,14,67,70,0,151,2,8,10,161
07/30/2004,EYW,FL,ASO,ES,Federal Contract Tower,14,68,47,0,129,0,14,47,2,63,14,82,94,2,192,24,16,40,232
07/31/2004,EYW,FL,ASO,ES,Federal Contract Tower,14,61,41,0,116,0,5,51,0,56,14,66,92,0,172,8,4,12,184
08/01/2004,EYW,FL,ASO,ES,Federal Contract Tower,17,65,38,0,120,3,5,50,0,58,20,70,88,0,178,16,4,20,198
08/02/2004,EYW,FL,ASO,ES,Federal Contract Tower,15,55,32,0,102,1,11,33,0,45,16,66,65,0,147,26,0,26,173
08/03/2004,EYW,FL,ASO,ES,Federal Contract Tower,14,54,32,0,100,0,2,48,0,50,14,56,80,0,150,64,6,70,220
08/04/2004,EYW,FL,ASO,ES,Federal Contract Tower,13,51,30,0,94,0,11,48,0,59,13,62,78,0,153,14,0,14,167
08/05/2004,EYW,FL,ASO,ES,Federal Contract Tower,14,65,38,0,117,0,24,44,0,68,14,89,82,0,185,34,0,34,219
08/06/2004,EYW,FL,ASO,ES,Federal Contract Tower,14,62,37,0,113,0,14,43,0,57,14,76,80,0,170,42,0,42,212
08/07/2004,EYW,FL,ASO,ES,Federal Contract Tower,14,55,32,0,101,0,15,27,0,42,14,70,59,0,143,16,0,16,159
08/08/2004,EYW,FL,ASO,ES,Federal Contract Tower,15,70,41,0,126,0,9,58,0,67,15,79,99,0,193,18,0,18,211
08/09/2004,EYW,FL,ASO,ES,Federal Contract Tower,14,54,32,0,100,0,17,23,0,40,14,71,55,0,140,14,14,28,168
08/10/2004,EYW,FL,ASO,ES,Federal Contract Tower,14,51,29,0,94,0,6,52,0,58,14,57,81,0,152,42,10,52,204
08/11/2004,EYW,FL,ASO,ES,Federal Contract Tower,13,57,34,0,104,0,7,71,0,78,13,64,105,0,182,4,0,4,186
08/12/2004,EYW,FL,ASO,ES,Federal Contract Tower,3,37,32,0,72,0,0,27,0,27,3,37,59,0,99,0,0,0,99
08/13/2004,EYW,FL,ASO,ES,Federal Contract Tower,0,0,0,0,0,0,0,0,0,0,0,0,0,0,0,0,0,0,0
08/14/2004,EYW,FL,ASO,ES,Federal Contract Tower,8,28,17,0,53,3,5,29,0,37,11,33,46,0,90,16,12,28,118
08/15/2004,EYW,FL,ASO,ES,Federal Contract Tower,12,46,28,0,86,2,14,39,2,57,14,60,67,2,143,44,2,46,189
08/16/2004,EYW,FL,ASO,ES,Federal Contract Tower,12,46,28,0,86,2,15,26,2,45,14,61,54,2,131,52,6,58,189
08/17/2004,EYW,FL,ASO,ES,Federal Contract Tower,13,51,29,0,93,1,17,22,0,40,14,68,51,0,133,30,18,48,181
08/18/2004,EYW,FL,ASO,ES,Federal Contract Tower,13,52,29,1,95,1,8,109,1,119,14,60,138,2,214,47,12,59,273
08/19/2004,EYW,FL,ASO,ES,Federal Contract Tower,12,49,28,0,89,2,15,42,0,59,14,64,70,0,148,61,48,109,257
08/20/2004,EYW,FL,ASO,ES,Federal Contract Tower,12,51,29,0,92,2,10,41,0,53,14,61,70,0,145,22,30,52,197
08/21/2004,EYW,FL,ASO,ES,Federal Contract Tower,12,49,27,0,88,2,6,60,0,68,14,55,87,0,156,54,18,72,228
08/22/2004,EYW,FL,ASO,ES,Federal Contract Tower,12,50,28,0,90,2,6,83,0,91,14,56,111,0,181,48,6,54,235
08/23/2004,EYW,FL,ASO,ES,Federal Contract Tower,11,44,25,0,80,3,14,25,0,42,14,58,50,0,122,16,44,60,182
08/24/2004,EYW,FL,ASO,ES,Federal Contract Tower,14,52,42,1,109,0,0,21,6,27,14,52,63,7,136,12,38,50,186
08/25/2004,EYW,FL,ASO,ES,Federal Contract Tower,13,53,31,1,98,2,0,22,0,24,15,53,53,1,122,14,22,36,158
08/26/2004,EYW,FL,ASO,ES,Federal Contract Tower,13,54,31,0,98,2,8,56,0,66,15,62,87,0,164,30,2,32,196
08/27/2004,EYW,FL,ASO,ES,Federal Contract Tower,12,62,35,0,109,0,4,54,0,58,12,66,89,0,167,26,10,36,203
08/28/2004,EYW,FL,ASO,ES,Federal Contract Tower,14,60,34,1,109,0,12,66,2,80,14,72,100,3,189,22,20,42,231
08/29/2004,EYW,FL,ASO,ES,Federal Contract Tower,13,54,30,1,98,1,5,62,1,69,14,59,92,2,167,22,2,24,191
08/30/2004,EYW,FL,ASO,ES,Federal Contract Tower,14,56,32,1,103,0,3,36,0,39,14,59,68,1,142,13,6,19,161
08/31/2004,EYW,FL,ASO,ES,Federal Contract Tower,11,47,27,0,85,3,7,18,0,28,14,54,45,0,113,31,12,43,156
09/01/2004,EYW,FL,ASO,ES,Federal Contract Tower,12,43,24,0,79,2,14,8,0,24,14,57,32,0,103,2,4,6,109
09/02/2004,EYW,FL,ASO,ES,Federal Contract Tower,11,62,34,0,107,0,7,103,0,110,11,69,137,0,217,8,4,12,229
09/03/2004,EYW,FL,ASO,ES,Federal Contract Tower,5,29,16,0,50,0,4,22,0,26,5,33,38,0,76,8,10,18,94
09/04/2004,EYW,FL,ASO,ES,Federal Contract Tower,0,2,2,0,4,0,2,3,1,6,0,4,5,1,10,0,0,0,10
09/05/2004,EYW,FL,ASO,ES,Federal Contract Tower,0,0,0,0,0,0,1,0,0,1,0,1,0,0,1,0,4,4,5
09/06/2004,EYW,FL,ASO,ES,Federal Contract Tower,12,34,23,0,69,4,0,49,1,54,16,34,72,1,123,8,0,8,131
09/07/2004,EYW,FL,ASO,ES,Federal Contract Tower,14,49,27,0,90,0,10,40,0,50,14,59,67,0,140,47,10,57,197
09/08/2004,EYW,FL,ASO,ES,Federal Contract Tower,13,48,26,0,87,1,0,23,0,24,14,48,49,0,111,12,2,14,125
09/09/2004,EYW,FL,ASO,ES,Federal Contract Tower,16,54,31,0,101,0,0,52,1,53,16,54,83,1,154,6,12,18,172
09/10/2004,EYW,FL,ASO,ES,Federal Contract Tower,20,64,39,0,123,3,0,54,1,58,23,64,93,1,181,8,0,8,189
09/11/2004,EYW,FL,ASO,ES,Federal Contract Tower,3,22,13,0,38,0,2,27,0,29,3,24,40,0,67,0,2,2,69
09/12/2004,EYW,FL,ASO,ES,Federal Contract Tower,0,0,0,0,0,0,0,0,0,0,0,0,0,0,0,0,0,0,0
09/13/2004,EYW,FL,ASO,ES,Federal Contract Tower,0,2,0,0,2,0,1,1,0,2,0,3,1,0,4,0,0,0,4
09/14/2004,EYW,FL,ASO,ES,Federal Contract Tower,11,43,21,0,75,0,13,0,0,13,11,56,21,0,88,0,4,4,92
09/15/2004,EYW,FL,ASO,ES,Federal Contract Tower,12,44,24,0,80,2,14,9,0,25,14,58,33,0,105,0,0,0,105
09/16/2004,EYW,FL,ASO,ES,Federal Contract Tower,13,48,27,0,88,0,17,21,0,38,13,65,48,0,126,8,6,14,140
09/17/2004,EYW,FL,ASO,ES,Federal Contract Tower,14,54,27,0,95,0,12,46,0,58,14,66,73,0,153,6,24,30,183
09/18/2004,EYW,FL,ASO,ES,Federal Contract Tower,13,51,26,1,91,1,10,48,1,60,14,61,74,2,151,14,4,18,169
09/19/2004,EYW,FL,ASO,ES,Federal Contract Tower,12,49,26,0,87,2,19,53,0,74,14,68,79,0,161,14,2,16,177
09/20/2004,EYW,FL,ASO,ES,Federal Contract Tower,12,50,26,0,88,2,9,18,0,29,14,59,44,0,117,8,16,24,141
09/21/2004,EYW,FL,ASO,ES,Federal Contract Tower,12,49,25,0,86,2,9,27,0,38,14,58,52,0,124,30,16,46,170
09/22/2004,EYW,FL,ASO,ES,Federal Contract Tower,13,53,27,0,93,1,3,25,0,29,14,56,52,0,122,0,0,0,122
09/23/2004,EYW,FL,ASO,ES,Federal Contract Tower,13,52,28,0,93,1,11,34,0,46,14,63,62,0,139,10,6,16,155
09/24/2004,EYW,FL,ASO,ES,Federal Contract Tower,14,63,33,0,110,0,4,64,0,68,14,67,97,0,178,6,14,20,198
09/25/2004,EYW,FL,ASO,ES,Federal Contract Tower,11,56,32,0,99,0,0,64,0,64,11,56,96,0,163,6,3,9,172
09/26/2004,EYW,FL,ASO,ES,Federal Contract Tower,8,25,18,0,51,1,0,26,1,28,9,25,44,1,79,0,4,4,83
09/27/2004,EYW,FL,ASO,ES,Federal Contract Tower,13,58,30,0,101,0,6,95,1,102,13,64,125,1,203,28,4,32,235
09/28/2004,EYW,FL,ASO,ES,Federal Contract Tower,12,50,27,0,89,2,1,28,0,31,14,51,55,0,120,31,6,37,157
09/29/2004,EYW,FL,ASO,ES,Federal Contract Tower,12,48,26,0,86,2,7,14,0,23,14,55,40,0,109,30,4,34,143
09/30/2004,EYW,FL,ASO,ES,Federal Contract Tower,14,60,33,0,107,0,10,28,0,38,14,70,61,0,145,36,2,38,183
10/01/2004,EYW,FL,ASO,ES,Federal Contract Tower,15,63,33,2,113,0,9,53,0,62,15,72,86,2,175,18,12,30,205
10/02/2004,EYW,FL,ASO,ES,Federal Contract Tower,14,52,31,0,97,0,7,62,0,69,14,59,93,0,166,10,8,18,184
10/03/2004,EYW,FL,ASO,ES,Federal Contract Tower,15,55,33,0,103,0,7,65,0,72,15,62,98,0,175,14,14,28,203
10/04/2004,EYW,FL,ASO,ES,Federal Contract Tower,15,58,18,0,91,0,14,19,0,33,15,72,37,0,124,12,30,42,166
10/05/2004,EYW,FL,ASO,ES,Federal Contract Tower,13,60,26,0,99,0,8,39,0,47,13,68,65,0,146,16,18,34,180
10/06/2004,EYW,FL,ASO,ES,Federal Contract Tower,13,60,26,0,99,0,0,33,0,33,13,60,59,0,132,32,28,60,192
10/07/2004,EYW,FL,ASO,ES,Federal Contract Tower,14,63,34,0,111,0,9,42,0,51,14,72,76,0,162,50,5,55,217
10/08/2004,EYW,FL,ASO,ES,Federal Contract Tower,14,61,48,0,123,0,4,36,2,42,14,65,84,2,165,6,76,82,247
10/09/2004,EYW,FL,ASO,ES,Federal Contract Tower,14,53,26,0,93,0,10,74,0,84,14,63,100,0,177,53,24,77,254
10/10/2004,EYW,FL,ASO,ES,Federal Contract Tower,14,63,41,0,118,0,12,74,2,88,14,75,115,2,206,44,8,52,258
10/11/2004,EYW,FL,ASO,ES,Federal Contract Tower,15,65,34,2,116,0,22,22,0,44,15,87,56,2,160,12,0,12,172
10/12/2004,EYW,FL,ASO,ES,Federal Contract Tower,14,67,23,0,104,0,2,37,0,39,14,69,60,0,143,38,6,44,187
10/13/2004,EYW,FL,ASO,ES,Federal Contract Tower,14,60,36,0,110,0,21,35,0,56,14,81,71,0,166,44,8,52,218
10/14/2004,EYW,FL,ASO,ES,Federal Contract Tower,14,61,28,0,103,0,12,51,0,63,14,73,79,0,166,26,0,26,192
10/15/2004,EYW,FL,ASO,ES,Federal Contract Tower,15,61,32,0,108,0,13,15,0,28,15,74,47,0,136,0,2,2,138
10/16/2004,EYW,FL,ASO,ES,Federal Contract Tower,14,66,46,0,126,0,5,55,0,60,14,71,101,0,186,28,34,62,248
10/17/2004,EYW,FL,ASO,ES,Federal Contract Tower,14,76,47,0,137,0,0,100,0,100,14,76,147,0,237,17,14,31,268
10/18/2004,EYW,FL,ASO,ES,Federal Contract Tower,14,63,26,0,103,0,13,35,0,48,14,76,61,0,151,10,53,63,214
10/19/2004,EYW,FL,ASO,ES,Federal Contract Tower,14,66,20,0,100,0,10,28,0,38,14,76,48,0,138,12,54,66,204
10/20/2004,EYW,FL,ASO,ES,Federal Contract Tower,14,64,29,0,107,0,3,61,0,64,14,67,90,0,171,36,28,64,235
10/21/2004,EYW,FL,ASO,ES,Federal Contract Tower,14,76,27,1,118,0,10,50,0,60,14,86,77,1,178,28,46,74,252
10/22/2004,EYW,FL,ASO,ES,Federal Contract Tower,15,76,47,0,138,0,24,80,0,104,15,100,127,0,242,29,96,125,367
10/23/2004,EYW,FL,ASO,ES,Federal Contract Tower,14,50,33,1,98,0,13,79,0,92,14,63,112,1,190,33,10,43,233
10/24/2004,EYW,FL,ASO,ES,Federal Contract Tower,18,79,68,0,165,0,16,71,0,87,18,95,139,0,252,15,6,21,273
10/25/2004,EYW,FL,ASO,ES,Federal Contract Tower,14,66,41,0,121,0,23,37,0,60,14,89,78,0,181,41,40,81,262
10/26/2004,EYW,FL,ASO,ES,Federal Contract Tower,18,72,39,0,129,0,8,43,0,51,18,80,82,0,180,36,71,107,287
10/27/2004,EYW,FL,ASO,ES,Federal Contract Tower,18,74,37,0,129,0,7,81,0,88,18,81,118,0,217,51,96,147,364
10/28/2004,EYW,FL,ASO,ES,Federal Contract Tower,18,78,91,0,187,0,35,89,0,124,18,113,180,0,311,23,86,109,420
10/29/2004,EYW,FL,ASO,ES,Federal Contract Tower,10,75,80,0,165,0,14,87,0,101,10,89,167,0,266,18,50,68,334
10/30/2004,EYW,FL,ASO,ES,Federal Contract Tower,14,72,63,0,149,0,15,125,1,141,14,87,188,1,290,16,8,24,314
10/31/2004,EYW,FL,ASO,ES,Federal Contract Tower,20,90,115,0,225,0,38,153,0,191,20,128,268,0,416,4,4,8,424
11/01/2004,EYW,FL,ASO,ES,Federal Contract Tower,20,77,48,1,146,0,8,37,0,45,20,85,85,1,191,15,19,34,225
11/02/2004,EYW,FL,ASO,ES,Federal Contract Tower,14,76,19,2,111,0,6,45,4,55,14,82,64,6,166,34,2,36,202
11/03/2004,EYW,FL,ASO,ES,Federal Contract Tower,14,71,32,0,117,0,0,48,0,48,14,71,80,0,165,20,21,41,206
11/04/2004,EYW,FL,ASO,ES,Federal Contract Tower,14,77,25,2,118,0,7,34,0,41,14,84,59,2,159,23,18,41,200
11/05/2004,EYW,FL,ASO,ES,Federal Contract Tower,14,64,43,0,121,0,19,46,1,66,14,83,89,1,187,10,10,20,207
11/06/2004,EYW,FL,ASO,ES,Federal Contract Tower,14,66,36,0,116,0,3,28,0,31,14,69,64,0,147,14,0,14,161
11/07/2004,EYW,FL,ASO,ES,Federal Contract Tower,13,83,50,0,146,0,18,38,0,56,13,101,88,0,202,2,0,2,204
11/08/2004,EYW,FL,ASO,ES,Federal Contract Tower,13,77,31,0,121,0,0,25,0,25,13,77,56,0,146,6,0,6,152
11/09/2004,EYW,FL,ASO,ES,Federal Contract Tower,14,64,18,0,96,0,15,36,0,51,14,79,54,0,147,28,28,56,203
11/10/2004,EYW,FL,ASO,ES,Federal Contract Tower,13,69,31,0,113,0,0,28,0,28,13,69,59,0,141,11,27,38,179
11/11/2004,EYW,FL,ASO,ES,Federal Contract Tower,13,85,39,0,137,0,22,62,0,84,13,107,101,0,221,58,50,108,329
11/12/2004,EYW,FL,ASO,ES,Federal Contract Tower,14,71,38,0,123,0,21,55,0,76,14,92,93,0,199,55,43,98,297
11/13/2004,EYW,FL,ASO,ES,Federal Contract Tower,15,64,43,0,122,0,25,103,0,128,15,89,146,0,250,138,22,160,410
11/14/2004,EYW,FL,ASO,ES,Federal Contract Tower,14,92,62,0,168,0,1,46,0,47,14,93,108,0,215,10,6,16,231
11/15/2004,EYW,FL,ASO,ES,Federal Contract Tower,14,70,24,2,110,0,12,12,0,24,14,82,36,2,134,0,37,37,171
11/16/2004,EYW,FL,ASO,ES,Federal Contract Tower,14,67,32,0,113,0,10,72,0,82,14,77,104,0,195,10,42,52,247
11/17/2004,EYW,FL,ASO,ES,Federal Contract Tower,13,68,38,0,119,0,21,67,0,88,13,89,105,0,207,39,32,71,278
11/18/2004,EYW,FL,ASO,ES,Federal Contract Tower,15,77,57,0,149,0,20,49,2,71,15,97,106,2,220,25,38,63,283
11/19/2004,EYW,FL,ASO,ES,Federal Contract Tower,14,73,47,0,134,0,10,66,0,76,14,83,113,0,210,10,40,50,260
11/20/2004,EYW,FL,ASO,ES,Federal Contract Tower,14,63,38,0,115,0,8,172,0,180,14,71,210,0,295,55,32,87,382
11/21/2004,EYW,FL,ASO,ES,Federal Contract Tower,16,68,86,0,170,0,20,185,0,205,16,88,271,0,375,50,0,50,425
11/22/2004,EYW,FL,ASO,ES,Federal Contract Tower,14,84,47,0,145,0,8,44,0,52,14,92,91,0,197,14,4,18,215
11/23/2004,EYW,FL,ASO,ES,Federal Contract Tower,14,70,57,0,141,0,17,44,0,61,14,87,101,0,202,52,8,60,262
11/24/2004,EYW,FL,ASO,ES,Federal Contract Tower,14,70,67,0,151,0,34,20,0,54,14,104,87,0,205,26,2,28,233
11/25/2004,EYW,FL,ASO,ES,Federal Contract Tower,14,65,21,0,100,0,1,15,2,18,14,66,36,2,118,0,0,0,118
11/26/2004,EYW,FL,ASO,ES,Federal Contract Tower,15,68,32,0,115,0,17,127,0,144,15,85,159,0,259,62,0,62,321
11/27/2004,EYW,FL,ASO,ES,Federal Contract Tower,13,70,40,0,123,0,19,113,0,132,13,89,153,0,255,64,0,64,319
11/28/2004,EYW,FL,ASO,ES,Federal Contract Tower,14,73,69,1,157,0,27,91,0,118,14,100,160,1,275,38,2,40,315
11/29/2004,EYW,FL,ASO,ES,Federal Contract Tower,14,65,45,1,125,0,10,35,0,45,14,75,80,1,170,48,6,54,224
11/30/2004,EYW,FL,ASO,ES,Federal Contract Tower,12,75,24,0,111,0,8,50,0,58,12,83,74,0,169,56,2,58,227
12/01/2004,EYW,FL,ASO,ES,Federal Contract Tower,14,77,38,2,131,0,9,47,0,56,14,86,85,2,187,76,14,90,277
12/02/2004,EYW,FL,ASO,ES,Federal Contract Tower,14,77,70,0,161,0,11,18,0,29,14,88,88,0,190,68,20,88,278
12/03/2004,EYW,FL,ASO,ES,Federal Contract Tower,15,80,55,1,151,0,11,73,0,84,15,91,128,1,235,19,26,45,280
12/04/2004,EYW,FL,ASO,ES,Federal Contract Tower,14,72,44,1,131,0,8,52,0,60,14,80,96,1,191,31,34,65,256
12/05/2004,EYW,FL,ASO,ES,Federal Contract Tower,14,73,40,1,128,0,12,73,0,85,14,85,113,1,213,36,4,40,253
12/06/2004,EYW,FL,ASO,ES,Federal Contract Tower,14,71,44,2,131,0,6,53,0,59,14,77,97,2,190,80,28,108,298
12/07/2004,EYW,FL,ASO,ES,Federal Contract Tower,13,77,38,1,129,0,0,54,0,54,13,77,92,1,183,48,52,100,283
12/08/2004,EYW,FL,ASO,ES,Federal Contract Tower,14,74,22,0,110,0,11,71,2,84,14,85,93,2,194,76,24,100,294
12/09/2004,EYW,FL,ASO,ES,Federal Contract Tower,14,72,30,0,116,0,18,54,0,72,14,90,84,0,188,94,30,124,312
12/10/2004,EYW,FL,ASO,ES,Federal Contract Tower,14,76,36,4,130,0,1,47,3,51,14,77,83,7,181,20,4,24,205
12/11/2004,EYW,FL,ASO,ES,Federal Contract Tower,15,72,38,0,125,0,1,77,0,78,15,73,115,0,203,20,4,24,227
12/12/2004,EYW,FL,ASO,ES,Federal Contract Tower,15,74,50,0,139,0,7,69,1,77,15,81,119,1,216,28,30,58,274
12/13/2004,EYW,FL,ASO,ES,Federal Contract Tower,14,71,24,1,110,0,20,56,0,76,14,91,80,1,186,30,54,84,270
12/14/2004,EYW,FL,ASO,ES,Federal Contract Tower,14,74,34,1,123,0,2,40,0,42,14,76,74,1,165,8,34,42,207
12/15/2004,EYW,FL,ASO,ES,Federal Contract Tower,15,73,23,0,111,0,3,31,0,34,15,76,54,0,145,6,8,14,159
12/16/2004,EYW,FL,ASO,ES,Federal Contract Tower,14,80,29,0,123,0,3,55,0,58,14,83,84,0,181,12,10,22,203
12/17/2004,EYW,FL,ASO,ES,Federal Contract Tower,13,81,29,2,125,0,12,63,2,77,13,93,92,4,202,16,12,28,230
12/18/2004,EYW,FL,ASO,ES,Federal Contract Tower,14,72,31,0,117,0,12,48,0,60,14,84,79,0,177,26,0,26,203
12/19/2004,EYW,FL,ASO,ES,Federal Contract Tower,14,71,23,0,108,0,12,62,2,76,14,83,85,2,184,16,0,16,200
12/20/2004,EYW,FL,ASO,ES,Federal Contract Tower,14,75,29,0,118,0,0,33,0,33,14,75,62,0,151,6,4,10,161
12/21/2004,EYW,FL,ASO,ES,Federal Contract Tower,14,80,25,0,119,0,14,65,0,79,14,94,90,0,198,45,8,53,251
12/22/2004,EYW,FL,ASO,ES,Federal Contract Tower,14,86,39,0,139,0,16,50,0,66,14,102,89,0,205,8,12,20,225
12/23/2004,EYW,FL,ASO,ES,Federal Contract Tower,14,90,29,0,133,0,15,42,0,57,14,105,71,0,190,52,2,54,244
12/24/2004,EYW,FL,ASO,ES,Federal Contract Tower,11,62,18,0,91,0,4,32,0,36,11,66,50,0,127,32,0,32,159
12/25/2004,EYW,FL,ASO,ES,Federal Contract Tower,9,45,6,0,60,0,0,3,0,3,9,45,9,0,63,4,2,6,69
12/26/2004,EYW,FL,ASO,ES,Federal Contract Tower,16,83,57,0,156,0,0,17,0,17,16,83,74,0,173,2,0,2,175
12/27/2004,EYW,FL,ASO,ES,Federal Contract Tower,14,81,46,0,141,0,38,41,0,79,14,119,87,0,220,10,0,10,230
12/28/2004,EYW,FL,ASO,ES,Federal Contract Tower,14,82,70,0,166,0,19,56,0,75,14,101,126,0,241,36,4,40,281
12/29/2004,EYW,FL,ASO,ES,Federal Contract Tower,14,77,68,2,161,0,42,83,0,125,14,119,151,2,286,42,0,42,328
12/30/2004,EYW,FL,ASO,ES,Federal Contract Tower,14,82,87,0,183,0,31,105,0,136,14,113,192,0,319,10,0,10,329
12/31/2004,EYW,FL,ASO,ES,Federal Contract Tower,14,79,65,0,158,0,24,80,0,104,14,103,145,0,262,46,2,48,310
01/01/2005,EYW,FL,ASO,ES,Federal Contract Tower,13,84,120,0,217,0,0,108,0,108,13,84,228,0,325,18,4,22,347
01/02/2005,EYW,FL,ASO,ES,Federal Contract Tower,13,90,107,0,210,0,26,126,0,152,13,116,233,0,362,8,2,10,372
01/03/2005,EYW,FL,ASO,ES,Federal Contract Tower,14,93,53,0,160,1,8,65,0,74,15,101,118,0,234,34,0,34,268
01/04/2005,EYW,FL,ASO,ES,Federal Contract Tower,16,87,31,0,134,0,9,103,0,112,16,96,134,0,246,40,14,54,300
01/05/2005,EYW,FL,ASO,ES,Federal Contract Tower,14,73,40,0,127,0,8,77,0,85,14,81,117,0,212,126,20,146,358
01/06/2005,EYW,FL,ASO,ES,Federal Contract Tower,16,81,41,0,138,0,21,57,2,80,16,102,98,2,218,72,16,88,306
01/07/2005,EYW,FL,ASO,ES,Federal Contract Tower,13,82,55,0,150,0,17,74,5,96,13,99,129,5,246,64,52,116,362
01/08/2005,EYW,FL,ASO,ES,Federal Contract Tower,15,76,48,1,140,0,16,80,2,98,15,92,128,3,238,60,22,82,320
01/09/2005,EYW,FL,ASO,ES,Federal Contract Tower,14,77,59,1,151,0,10,100,3,113,14,87,159,4,264,24,22,46,310
01/10/2005,EYW,FL,ASO,ES,Federal Contract Tower,14,58,27,6,105,0,18,59,0,77,14,76,86,6,182,38,10,48,230
01/11/2005,EYW,FL,ASO,ES,Federal Contract Tower,14,64,27,0,105,0,8,67,2,77,14,72,94,2,182,30,44,74,256
01/12/2005,EYW,FL,ASO,ES,Federal Contract Tower,14,67,39,0,120,0,31,81,1,113,14,98,120,1,233,34,36,70,303
01/13/2005,EYW,FL,ASO,ES,Federal Contract Tower,14,77,39,0,130,0,1,51,0,52,14,78,90,0,182,70,30,100,282
01/14/2005,EYW,FL,ASO,ES,Federal Contract Tower,12,79,75,1,167,0,5,6,1,12,12,84,81,2,179,24,38,62,241
01/15/2005,EYW,FL,ASO,ES,Federal Contract Tower,14,73,61,0,148,0,3,0,0,3,14,76,61,0,151,4,38,42,193
01/16/2005,EYW,FL,ASO,ES,Federal Contract Tower,14,80,68,0,162,0,0,6,0,6,14,80,74,0,168,2,4,6,174
01/17/2005,EYW,FL,ASO,ES,Federal Contract Tower,14,86,54,1,155,0,4,40,0,44,14,90,94,1,199,16,0,16,215
01/18/2005,EYW,FL,ASO,ES,Federal Contract Tower,13,78,18,0,109,0,2,41,3,46,13,80,59,3,155,14,0,14,169
01/19/2005,EYW,FL,ASO,ES,Federal Contract Tower,13,75,44,0,132,0,0,74,0,74,13,75,118,0,206,26,24,50,256
01/20/2005,EYW,FL,ASO,ES,Federal Contract Tower,14,75,42,1,132,0,16,87,0,103,14,91,129,1,235,74,22,96,331
01/21/2005,EYW,FL,ASO,ES,Federal Contract Tower,15,94,48,4,161,0,3,79,0,82,15,97,127,4,243,72,6,78,321
01/22/2005,EYW,FL,ASO,ES,Federal Contract Tower,14,93,73,2,182,0,14,90,0,104,14,107,163,2,286,140,24,164,450
01/23/2005,EYW,FL,ASO,ES,Federal Contract Tower,13,93,51,0,157,0,11,49,3,63,13,104,100,3,220,12,0,12,232
01/24/2005,EYW,FL,ASO,ES,Federal Contract Tower,14,81,37,0,132,0,0,67,1,68,14,81,104,1,200,116,24,140,340
01/25/2005,EYW,FL,ASO,ES,Federal Contract Tower,14,78,26,0,118,0,16,74,0,90,14,94,100,0,208,86,56,142,350
01/26/2005,EYW,FL,ASO,ES,Federal Contract Tower,15,71,36,1,123,0,20,97,0,117,15,91,133,1,240,46,10,56,296
01/27/2005,EYW,FL,ASO,ES,Federal Contract Tower,14,78,39,1,132,0,31,96,0,127,14,109,135,1,259,78,54,132,391
01/28/2005,EYW,FL,ASO,ES,Federal Contract Tower,15,80,66,4,165,0,0,51,1,52,15,80,117,5,217,154,30,184,401
01/29/2005,EYW,FL,ASO,ES,Federal Contract Tower,9,84,32,0,125,0,4,54,1,59,9,88,86,1,184,76,8,84,268
01/30/2005,EYW,FL,ASO,ES,Federal Contract Tower,12,85,50,0,147,0,11,64,0,75,12,96,114,0,222,68,2,70,292
01/31/2005,EYW,FL,ASO,ES,Federal Contract Tower,16,89,44,0,149,0,22,54,4,80,16,111,98,4,229,58,26,84,313
02/01/2005,EYW,FL,ASO,ES,Federal Contract Tower,16,77,33,0,126,0,16,80,2,98,16,93,113,2,224,70,40,110,334
02/02/2005,EYW,FL,ASO,ES,Federal Contract Tower,14,78,35,0,127,0,9,53,3,65,14,87,88,3,192,100,74,174,366
02/03/2005,EYW,FL,ASO,ES,Federal Contract Tower,16,77,36,0,129,0,11,50,0,61,16,88,86,0,190,104,50,154,344
02/04/2005,EYW,FL,ASO,ES,Federal Contract Tower,16,81,44,4,145,0,7,37,0,44,16,88,81,4,189,24,2,26,215
02/05/2005,EYW,FL,ASO,ES,Federal Contract Tower,18,83,65,1,167,0,10,49,6,65,18,93,114,7,232,48,6,54,286
02/06/2005,EYW,FL,ASO,ES,Federal Contract Tower,23,77,36,2,138,0,23,74,2,99,23,100,110,4,237,38,20,58,295
02/07/2005,EYW,FL,ASO,ES,Federal Contract Tower,16,92,45,0,153,0,0,69,0,69,16,92,114,0,222,113,46,159,381
02/08/2005,EYW,FL,ASO,ES,Federal Contract Tower,16,78,38,0,132,0,17,66,0,83,16,95,104,0,215,62,98,160,375
02/09/2005,EYW,FL,ASO,ES,Federal Contract Tower,18,84,51,0,153,0,16,67,0,83,18,100,118,0,236,82,42,124,360
02/10/2005,EYW,FL,ASO,ES,Federal Contract Tower,18,95,38,0,151,0,7,60,0,67,18,102,98,0,218,58,4,62,280
02/11/2005,EYW,FL,ASO,ES,Federal Contract Tower,18,96,53,0,167,0,10,57,1,68,18,106,110,1,235,10,36,46,281
02/12/2005,EYW,FL,ASO,ES,Federal Contract Tower,21,81,65,1,168,0,8,53,0,61,21,89,118,1,229,20,34,54,283
02/13/2005,EYW,FL,ASO,ES,Federal Contract Tower,19,85,76,0,180,0,0,100,2,102,19,85,176,2,282,32,18,50,332
02/14/2005,EYW,FL,ASO,ES,Federal Contract Tower,12,93,39,1,145,0,3,76,0,79,12,96,115,1,224,60,28,88,312
02/15/2005,EYW,FL,ASO,ES,Federal Contract Tower,15,94,46,1,156,0,46,104,0,150,15,140,150,1,306,42,26,68,374
02/16/2005,EYW,FL,ASO,ES,Federal Contract Tower,18,85,54,0,157,0,8,75,0,83,18,93,129,0,240,62,40,102,342
02/17/2005,EYW,FL,ASO,ES,Federal Contract Tower,16,90,47,2,155,0,18,74,0,92,16,108,121,2,247,38,22,60,307
02/18/2005,EYW,FL,ASO,ES,Federal Contract Tower,15,100,76,2,193,1,10,65,5,81,16,110,141,7,274,48,6,54,328
02/19/2005,EYW,FL,ASO,ES,Federal Contract Tower,17,92,67,0,176,0,10,97,0,107,17,102,164,0,283,56,8,64,347
02/20/2005,EYW,FL,ASO,ES,Federal Contract Tower,17,91,64,0,172,0,9,85,0,94,17,100,149,0,266,34,10,44,310
02/21/2005,EYW,FL,ASO,ES,Federal Contract Tower,15,96,68,1,180,0,28,113,0,141,15,124,181,1,321,20,2,22,343
02/22/2005,EYW,FL,ASO,ES,Federal Contract Tower,22,81,46,2,151,0,32,81,0,113,22,113,127,2,264,38,24,62,326
02/23/2005,EYW,FL,ASO,ES,Federal Contract Tower,22,86,37,1,146,0,7,81,8,96,22,93,118,9,242,60,14,74,316
02/24/2005,EYW,FL,ASO,ES,Federal Contract Tower,14,100,47,2,163,0,24,58,0,82,14,124,105,2,245,54,16,70,315
02/25/2005,EYW,FL,ASO,ES,Federal Contract Tower,15,100,71,4,190,0,8,53,0,61,15,108,124,4,251,62,2,64,315
02/26/2005,EYW,FL,ASO,ES,Federal Contract Tower,18,93,58,0,169,0,12,29,0,41,18,105,87,0,210,46,36,82,292
02/27/2005,EYW,FL,ASO,ES,Federal Contract Tower,14,107,41,0,162,0,3,28,0,31,14,110,69,0,193,60,2,62,255
02/28/2005,EYW,FL,ASO,ES,Federal Contract Tower,16,91,38,0,145,0,13,18,0,31,16,104,56,0,176,30,4,34,210
03/01/2005,EYW,FL,ASO,ES,Federal Contract Tower,16,91,38,0,145,0,18,60,0,78,16,109,98,0,223,24,6,30,253
03/02/2005,EYW,FL,ASO,ES,Federal Contract Tower,16,90,50,0,156,0,11,74,0,85,16,101,124,0,241,88,22,110,351
03/03/2005,EYW,FL,ASO,ES,Federal Contract Tower,18,89,42,0,149,0,9,29,0,38,18,98,71,0,187,28,42,70,257
03/04/2005,EYW,FL,ASO,ES,Federal Contract Tower,25,89,49,1,164,0,22,39,4,65,25,111,88,5,229,26,28,54,283
03/05/2005,EYW,FL,ASO,ES,Federal Contract Tower,18,96,52,2,168,0,6,78,0,84,18,102,130,2,252,78,26,104,356
03/06/2005,EYW,FL,ASO,ES,Federal Contract Tower,16,100,66,4,186,0,20,112,0,132,16,120,178,4,318,38,4,42,360
03/07/2005,EYW,FL,ASO,ES,Federal Contract Tower,22,80,47,1,150,0,40,64,0,104,22,120,111,1,254,68,50,118,372
03/08/2005,EYW,FL,ASO,ES,Federal Contract Tower,18,89,32,2,141,0,11,41,2,54,18,100,73,4,195,42,2,44,239
03/09/2005,EYW,FL,ASO,ES,Federal Contract Tower,14,93,47,0,154,0,7,19,0,26,14,100,66,0,180,8,20,28,208
03/10/2005,EYW,FL,ASO,ES,Federal Contract Tower,19,97,48,2,166,0,8,43,6,57,19,105,91,8,223,104,6,110,333
03/11/2005,EYW,FL,ASO,ES,Federal Contract Tower,17,96,74,5,192,0,7,66,0,73,17,103,140,5,265,38,2,40,305
03/12/2005,EYW,FL,ASO,ES,Federal Contract Tower,18,101,58,1,178,0,4,65,0,69,18,105,123,1,247,46,22,68,315
03/13/2005,EYW,FL,ASO,ES,Federal Contract Tower,16,96,109,0,221,0,25,78,0,103,16,121,187,0,324,64,22,86,410
03/14/2005,EYW,FL,ASO,ES,Federal Contract Tower,16,84,47,0,147,0,19,48,1,68,16,103,95,1,215,84,12,96,311
03/15/2005,EYW,FL,ASO,ES,Federal Contract Tower,16,88,51,0,155,0,1,72,0,73,16,89,123,0,228,82,46,128,356
03/16/2005,EYW,FL,ASO,ES,Federal Contract Tower,16,85,41,0,142,0,27,89,1,117,16,112,130,1,259,106,10,116,375
03/17/2005,EYW,FL,ASO,ES,Federal Contract Tower,10,65,40,0,115,0,3,34,0,37,10,68,74,0,152,22,6,28,180
03/18/2005,EYW,FL,ASO,ES,Federal Contract Tower,21,95,79,0,195,0,21,50,2,73,21,116,129,2,268,56,2,58,326
03/19/2005,EYW,FL,ASO,ES,Federal Contract Tower,18,93,105,1,217,0,6,45,13,64,18,99,150,14,281,64,34,98,379
03/20/2005,EYW,FL,ASO,ES,Federal Contract Tower,17,90,61,2,170,0,5,92,0,97,17,95,153,2,267,46,4,50,317
03/21/2005,EYW,FL,ASO,ES,Federal Contract Tower,16,90,44,2,152,0,15,46,0,61,16,105,90,2,213,70,28,98,311
03/22/2005,EYW,FL,ASO,ES,Federal Contract Tower,13,92,41,0,146,0,24,78,0,102,13,116,119,0,248,60,24,84,332
03/23/2005,EYW,FL,ASO,ES,Federal Contract Tower,19,96,56,2,173,0,7,59,0,66,19,103,115,2,239,86,20,106,345
03/24/2005,EYW,FL,ASO,ES,Federal Contract Tower,21,90,94,2,207,0,7,23,8,38,21,97,117,10,245,50,0,50,295
03/25/2005,EYW,FL,ASO,ES,Federal Contract Tower,21,92,56,0,169,0,0,62,4,66,21,92,118,4,235,34,2,36,271
03/26/2005,EYW,FL,ASO,ES,Federal Contract Tower,14,94,79,0,187,0,3,65,0,68,14,97,144,0,255,162,0,162,417
03/27/2005,EYW,FL,ASO,ES,Federal Contract Tower,12,96,55,0,163,0,4,47,0,51,12,100,102,0,214,50,0,50,264
03/28/2005,EYW,FL,ASO,ES,Federal Contract Tower,15,100,48,0,163,0,3,33,0,36,15,103,81,0,199,4,6,10,209
03/29/2005,EYW,FL,ASO,ES,Federal Contract Tower,15,92,53,0,160,0,9,88,0,97,15,101,141,0,257,120,18,138,395
03/30/2005,EYW,FL,ASO,ES,Federal Contract Tower,16,89,57,0,162,0,24,75,0,99,16,113,132,0,261,70,0,70,331
03/31/2005,EYW,FL,ASO,ES,Federal Contract Tower,16,99,54,0,169,0,3,72,0,75,16,102,126,0,244,56,8,64,308
04/01/2005,EYW,FL,ASO,ES,Federal Contract Tower,18,89,44,0,151,0,15,95,0,110,18,104,139,0,261,112,0,112,373
04/02/2005,EYW,FL,ASO,ES,Federal Contract Tower,18,82,55,2,157,0,0,12,0,12,18,82,67,2,169,6,6,12,181
04/03/2005,EYW,FL,ASO,ES,Federal Contract Tower,16,92,77,0,185,0,35,113,0,148,16,127,190,0,333,22,0,22,355
04/04/2005,EYW,FL,ASO,ES,Federal Contract Tower,19,82,29,0,130,0,5,56,0,61,19,87,85,0,191,68,52,120,311
04/05/2005,EYW,FL,ASO,ES,Federal Contract Tower,15,59,29,0,103,0,41,74,0,115,15,100,103,0,218,78,60,138,356
04/06/2005,EYW,FL,ASO,ES,Federal Contract Tower,17,89,39,1,146,0,3,48,1,52,17,92,87,2,198,54,38,92,290
04/07/2005,EYW,FL,ASO,ES,Federal Contract Tower,14,85,35,0,134,0,10,50,29,89,14,95,85,29,223,92,10,102,325
04/08/2005,EYW,FL,ASO,ES,Federal Contract Tower,14,81,63,2,160,0,9,34,0,43,14,90,97,2,203,22,34,56,259
04/09/2005,EYW,FL,ASO,ES,Federal Contract Tower,16,96,57,0,169,0,13,84,0,97,16,109,141,0,266,54,4,58,324
04/10/2005,EYW,FL,ASO,ES,Federal Contract Tower,14,92,76,0,182,0,27,111,1,139,14,119,187,1,321,88,8,96,417
04/11/2005,EYW,FL,ASO,ES,Federal Contract Tower,19,78,44,0,141,0,28,95,1,124,19,106,139,1,265,24,56,80,345
04/12/2005,EYW,FL,ASO,ES,Federal Contract Tower,17,81,58,0,156,0,28,116,0,144,17,109,174,0,300,34,72,106,406
04/13/2005,EYW,FL,ASO,ES,Federal Contract Tower,18,80,53,1,152,0,15,70,0,85,18,95,123,1,237,16,22,38,275
04/14/2005,EYW,FL,ASO,ES,Federal Contract Tower,17,85,46,3,151,0,12,103,1,116,17,97,149,4,267,56,0,56,323
04/15/2005,EYW,FL,ASO,ES,Federal Contract Tower,14,96,70,0,180,0,13,115,0,128,14,109,185,0,308,60,14,74,382
04/16/2005,EYW,FL,ASO,ES,Federal Contract Tower,17,90,40,0,147,0,11,91,0,102,17,101,131,0,249,10,16,26,275
04/17/2005,EYW,FL,ASO,ES,Federal Contract Tower,14,95,79,0,188,0,25,112,2,139,14,120,191,2,327,50,6,56,383
04/18/2005,EYW,FL,ASO,ES,Federal Contract Tower,18,82,47,1,148,0,6,65,1,72,18,88,112,2,220,6,16,22,242
04/19/2005,EYW,FL,ASO,ES,Federal Contract Tower,19,76,35,0,130,0,15,127,2,144,19,91,162,2,274,12,4,16,290
04/20/2005,EYW,FL,ASO,ES,Federal Contract Tower,18,75,57,0,150,0,6,75,4,85,18,81,132,4,235,50,10,60,295
04/21/2005,EYW,FL,ASO,ES,Federal Contract Tower,18,77,42,2,139,0,16,84,6,106,18,93,126,8,245,30,8,38,283
04/22/2005,EYW,FL,ASO,ES,Federal Contract Tower,18,92,48,0,158,0,14,67,0,81,18,106,115,0,239,23,8,31,270
04/23/2005,EYW,FL,ASO,ES,Federal Contract Tower,9,85,49,0,143,0,35,120,0,155,9,120,169,0,298,40,40,80,378
04/24/2005,EYW,FL,ASO,ES,Federal Contract Tower,14,86,88,0,188,0,9,111,0,120,14,95,199,0,308,30,0,30,338
04/25/2005,EYW,FL,ASO,ES,Federal Contract Tower,18,87,45,0,150,0,2,65,1,68,18,89,110,1,218,32,28,60,278
04/26/2005,EYW,FL,ASO,ES,Federal Contract Tower,17,83,31,0,131,0,0,82,1,83,17,83,113,1,214,74,14,88,302
04/27/2005,EYW,FL,ASO,ES,Federal Contract Tower,15,75,39,0,129,0,9,16,2,27,15,84,55,2,156,26,6,32,188
04/28/2005,EYW,FL,ASO,ES,Federal Contract Tower,18,82,47,5,152,0,11,79,5,95,18,93,126,10,247,58,22,80,327
04/29/2005,EYW,FL,ASO,ES,Federal Contract Tower,13,90,46,0,149,0,23,108,0,131,13,113,154,0,280,41,24,65,345
04/30/2005,EYW,FL,ASO,ES,Federal Contract Tower,16,88,55,2,161,0,4,61,0,65,16,92,116,2,226,38,2,40,266
05/01/2005,EYW,FL,ASO,ES,Federal Contract Tower,14,89,59,1,163,0,14,37,0,51,14,103,96,1,214,48,4,52,266
05/02/2005,EYW,FL,ASO,ES,Federal Contract Tower,15,63,52,0,130,0,14,64,0,78,15,77,116,0,208,82,22,104,312
05/03/2005,EYW,FL,ASO,ES,Federal Contract Tower,14,72,32,0,118,0,1,58,0,59,14,73,90,0,177,26,53,79,256
05/04/2005,EYW,FL,ASO,ES,Federal Contract Tower,14,67,30,0,111,0,5,46,0,51,14,72,76,0,162,60,20,80,242
05/05/2005,EYW,FL,ASO,ES,Federal Contract Tower,16,79,25,0,120,0,5,11,0,16,16,84,36,0,136,0,6,6,142
05/06/2005,EYW,FL,ASO,ES,Federal Contract Tower,14,67,60,2,143,0,27,66,0,93,14,94,126,2,236,30,2,32,268
05/07/2005,EYW,FL,ASO,ES,Federal Contract Tower,16,70,35,0,121,0,22,102,0,124,16,92,137,0,245,28,22,50,295
05/08/2005,EYW,FL,ASO,ES,Federal Contract Tower,14,66,49,0,129,0,22,126,0,148,14,88,175,0,277,48,0,48,325
05/09/2005,EYW,FL,ASO,ES,Federal Contract Tower,17,75,36,2,130,0,1,60,7,68,17,76,96,9,198,30,26,56,254
05/10/2005,EYW,FL,ASO,ES,Federal Contract Tower,14,68,29,1,112,0,3,85,0,88,14,71,114,1,200,48,26,74,274
05/11/2005,EYW,FL,ASO,ES,Federal Contract Tower,14,70,32,0,116,0,8,77,0,85,14,78,109,0,201,62,20,82,283
05/12/2005,EYW,FL,ASO,ES,Federal Contract Tower,15,69,40,1,125,0,21,73,4,98,15,90,113,5,223,42,40,82,305
05/13/2005,EYW,FL,ASO,ES,Federal Contract Tower,16,70,55,2,143,0,35,55,0,90,16,105,110,2,233,14,28,42,275
05/14/2005,EYW,FL,ASO,ES,Federal Contract Tower,16,74,51,3,144,0,22,82,0,104,16,96,133,3,248,18,14,32,280
05/15/2005,EYW,FL,ASO,ES,Federal Contract Tower,14,70,67,4,155,0,15,65,0,80,14,85,132,4,235,30,16,46,281
05/16/2005,EYW,FL,ASO,ES,Federal Contract Tower,14,74,45,0,133,0,20,67,3,90,14,94,112,3,223,14,60,74,297
05/17/2005,EYW,FL,ASO,ES,Federal Contract Tower,14,73,38,1,126,0,13,66,0,79,14,86,104,1,205,70,66,136,341
05/18/2005,EYW,FL,ASO,ES,Federal Contract Tower,14,72,39,0,125,0,5,81,0,86,14,77,120,0,211,44,52,96,307
05/19/2005,EYW,FL,ASO,ES,Federal Contract Tower,17,71,39,0,127,0,11,76,12,99,17,82,115,12,226,26,56,82,308
05/20/2005,EYW,FL,ASO,ES,Federal Contract Tower,15,63,57,0,135,0,12,43,20,75,15,75,100,20,210,28,14,42,252
05/21/2005,EYW,FL,ASO,ES,Federal Contract Tower,16,81,38,1,136,0,18,77,2,97,16,99,115,3,233,12,6,18,251
05/22/2005,EYW,FL,ASO,ES,Federal Contract Tower,14,67,59,1,141,0,22,84,0,106,14,89,143,1,247,46,2,48,295
05/23/2005,EYW,FL,ASO,ES,Federal Contract Tower,14,69,38,2,123,0,15,61,0,76,14,84,99,2,199,24,0,24,223
05/24/2005,EYW,FL,ASO,ES,Federal Contract Tower,14,72,46,2,134,0,10,74,0,84,14,82,120,2,218,72,10,82,300
05/25/2005,EYW,FL,ASO,ES,Federal Contract Tower,14,68,57,1,140,0,18,40,0,58,14,86,97,1,198,78,0,78,276
05/26/2005,EYW,FL,ASO,ES,Federal Contract Tower,15,73,48,3,139,0,6,78,10,94,15,79,126,13,233,38,4,42,275
05/27/2005,EYW,FL,ASO,ES,Federal Contract Tower,18,69,70,1,158,0,25,70,7,102,18,94,140,8,260,48,4,52,312
05/28/2005,EYW,FL,ASO,ES,Federal Contract Tower,16,48,72,0,136,0,54,50,1,105,16,102,122,1,241,78,4,82,323
05/29/2005,EYW,FL,ASO,ES,Federal Contract Tower,18,65,48,1,132,0,12,83,0,95,18,77,131,1,227,36,2,38,265
05/30/2005,EYW,FL,ASO,ES,Federal Contract Tower,14,73,61,3,151,0,30,90,0,120,14,103,151,3,271,24,4,28,299
05/31/2005,EYW,FL,ASO,ES,Federal Contract Tower,14,66,34,0,114,0,13,32,1,46,14,79,66,1,160,26,0,26,186
06/01/2005,EYW,FL,ASO,ES,Federal Contract Tower,11,61,21,1,94,0,1,13,1,15,11,62,34,2,109,30,4,34,143
06/02/2005,EYW,FL,ASO,ES,Federal Contract Tower,16,60,28,0,104,0,0,7,2,9,16,60,35,2,113,2,10,12,125
06/03/2005,EYW,FL,ASO,ES,Federal Contract Tower,18,61,46,0,125,0,0,14,3,17,18,61,60,3,142,2,10,12,154
06/04/2005,EYW,FL,ASO,ES,Federal Contract Tower,20,69,31,0,120,0,6,23,0,29,20,75,54,0,149,22,2,24,173
06/05/2005,EYW,FL,ASO,ES,Federal Contract Tower,17,57,49,0,123,0,10,42,0,52,17,67,91,0,175,56,2,58,233
06/06/2005,EYW,FL,ASO,ES,Federal Contract Tower,14,68,29,0,111,0,10,37,0,47,14,78,66,0,158,44,20,64,222
06/07/2005,EYW,FL,ASO,ES,Federal Contract Tower,14,71,29,0,114,0,1,49,0,50,14,72,78,0,164,60,14,74,238
06/08/2005,EYW,FL,ASO,ES,Federal Contract Tower,17,65,24,0,106,0,17,70,4,91,17,82,94,4,197,68,0,68,265
06/09/2005,EYW,FL,ASO,ES,Federal Contract Tower,12,64,31,0,107,0,10,29,0,39,12,74,60,0,146,0,10,10,156
06/10/2005,EYW,FL,ASO,ES,Federal Contract Tower,13,60,14,0,87,0,8,7,0,15,13,68,21,0,102,0,0,0,102
06/11/2005,EYW,FL,ASO,ES,Federal Contract Tower,19,64,41,0,124,0,4,12,2,18,19,68,53,2,142,6,8,14,156
06/12/2005,EYW,FL,ASO,ES,Federal Contract Tower,19,61,69,2,151,0,1,24,2,27,19,62,93,4,178,48,4,52,230
06/13/2005,EYW,FL,ASO,ES,Federal Contract Tower,12,59,30,0,101,0,15,41,0,56,12,74,71,0,157,34,8,42,199
06/14/2005,EYW,FL,ASO,ES,Federal Contract Tower,15,61,50,0,126,0,26,57,0,83,15,87,107,0,209,58,16,74,283
06/15/2005,EYW,FL,ASO,ES,Federal Contract Tower,14,58,37,0,109,0,12,99,3,114,14,70,136,3,223,86,14,100,323
06/16/2005,EYW,FL,ASO,ES,Federal Contract Tower,14,60,27,0,101,0,12,60,0,72,14,72,87,0,173,62,30,92,265
06/17/2005,EYW,FL,ASO,ES,Federal Contract Tower,16,62,58,0,136,0,5,48,22,75,16,67,106,22,211,26,8,34,245
06/18/2005,EYW,FL,ASO,ES,Federal Contract Tower,19,55,44,1,119,0,3,48,0,51,19,58,92,1,170,26,4,30,200
06/19/2005,EYW,FL,ASO,ES,Federal Contract Tower,11,63,65,0,139,0,0,42,0,42,11,63,107,0,181,20,2,22,203
06/20/2005,EYW,FL,ASO,ES,Federal Contract Tower,15,69,31,1,116,0,11,18,2,31,15,80,49,3,147,36,14,50,197
06/21/2005,EYW,FL,ASO,ES,Federal Contract Tower,14,58,39,1,112,0,14,34,0,48,14,72,73,1,160,24,38,62,222
06/22/2005,EYW,FL,ASO,ES,Federal Contract Tower,13,62,27,1,103,0,3,32,0,35,13,65,59,1,138,24,58,82,220
06/23/2005,EYW,FL,ASO,ES,Federal Contract Tower,16,65,33,1,115,0,4,39,0,43,16,69,72,1,158,88,64,152,310
06/24/2005,EYW,FL,ASO,ES,Federal Contract Tower,15,62,45,3,125,0,4,62,0,66,15,66,107,3,191,58,20,78,269
06/25/2005,EYW,FL,ASO,ES,Federal Contract Tower,16,60,38,0,114,0,12,91,0,103,16,72,129,0,217,60,6,66,283
06/26/2005,EYW,FL,ASO,ES,Federal Contract Tower,18,57,48,0,123,0,12,72,0,84,18,69,120,0,207,36,4,40,247
06/27/2005,EYW,FL,ASO,ES,Federal Contract Tower,18,57,30,0,105,0,6,48,0,54,18,63,78,0,159,28,16,44,203
06/28/2005,EYW,FL,ASO,ES,Federal Contract Tower,13,63,17,0,93,0,5,66,0,71,13,68,83,0,164,40,46,86,250
06/29/2005,EYW,FL,ASO,ES,Federal Contract Tower,14,57,23,0,94,0,8,83,0,91,14,65,106,0,185,46,18,64,249
06/30/2005,EYW,FL,ASO,ES,Federal Contract Tower,14,64,30,0,108,0,22,58,0,80,14,86,88,0,188,118,14,132,320
07/01/2005,EYW,FL,ASO,ES,Federal Contract Tower,15,67,45,0,127,0,11,63,1,75,15,78,108,1,202,108,6,114,316
07/02/2005,EYW,FL,ASO,ES,Federal Contract Tower,18,52,50,0,120,0,22,56,0,78,18,74,106,0,198,32,2,34,232
07/03/2005,EYW,FL,ASO,ES,Federal Contract Tower,16,55,24,0,95,0,12,77,0,89,16,67,101,0,184,24,2,26,210
07/04/2005,EYW,FL,ASO,ES,Federal Contract Tower,18,50,25,0,93,0,17,68,2,87,18,67,93,2,180,20,4,24,204
07/05/2005,EYW,FL,ASO,ES,Federal Contract Tower,13,66,32,0,111,0,7,50,0,57,13,73,82,0,168,34,14,48,216
07/06/2005,EYW,FL,ASO,ES,Federal Contract Tower,14,56,16,1,87,0,7,64,0,71,14,63,80,1,158,84,26,110,268
07/07/2005,EYW,FL,ASO,ES,Federal Contract Tower,14,62,37,1,114,0,12,58,0,70,14,74,95,1,184,36,18,54,238
07/08/2005,EYW,FL,ASO,ES,Federal Contract Tower,16,44,11,0,71,0,0,7,0,7,16,44,18,0,78,4,0,4,82
07/09/2005,EYW,FL,ASO,ES,Federal Contract Tower,0,0,0,0,0,0,0,0,0,0,0,0,0,0,0,0,0,0,0
07/10/2005,EYW,FL,ASO,ES,Federal Contract Tower,0,0,0,0,0,0,0,0,0,0,0,0,0,0,0,0,0,0,0
07/11/2005,EYW,FL,ASO,ES,Federal Contract Tower,14,57,12,2,85,0,0,27,2,29,14,57,39,4,114,40,4,44,158
07/12/2005,EYW,FL,ASO,ES,Federal Contract Tower,12,53,25,0,90,0,0,36,2,38,12,53,61,2,128,38,38,76,204
07/13/2005,EYW,FL,ASO,ES,Federal Contract Tower,14,54,24,0,92,0,24,37,4,65,14,78,61,4,157,50,30,80,237
07/14/2005,EYW,FL,ASO,ES,Federal Contract Tower,14,58,37,0,109,0,27,57,0,84,14,85,94,0,193,66,46,112,305
07/15/2005,EYW,FL,ASO,ES,Federal Contract Tower,13,63,33,0,109,0,8,50,0,58,13,71,83,0,167,56,12,68,235
07/16/2005,EYW,FL,ASO,ES,Federal Contract Tower,18,23,23,0,64,0,46,84,36,166,18,69,107,36,230,4,18,22,252
07/17/2005,EYW,FL,ASO,ES,Federal Contract Tower,17,59,34,0,110,0,3,60,0,63,17,62,94,0,173,14,4,18,191
07/18/2005,EYW,FL,ASO,ES,Federal Contract Tower,12,60,15,0,87,0,0,51,4,55,12,60,66,4,142,24,2,26,168
07/19/2005,EYW,FL,ASO,ES,Federal Contract Tower,12,54,21,0,87,0,14,69,0,83,12,68,90,0,170,64,4,68,238
07/20/2005,EYW,FL,ASO,ES,Federal Contract Tower,14,57,33,0,104,0,12,50,0,62,14,69,83,0,166,122,14,136,302
07/21/2005,EYW,FL,ASO,ES,Federal Contract Tower,11,66,34,0,111,0,11,60,0,71,11,77,94,0,182,23,8,31,213
07/22/2005,EYW,FL,ASO,ES,Federal Contract Tower,15,56,45,0,116,0,4,63,0,67,15,60,108,0,183,77,12,89,272
07/23/2005,EYW,FL,ASO,ES,Federal Contract Tower,18,64,39,2,123,0,3,77,10,90,18,67,116,12,213,24,2,26,239
07/24/2005,EYW,FL,ASO,ES,Federal Contract Tower,16,55,54,0,125,0,6,75,0,81,16,61,129,0,206,64,4,68,274
07/25/2005,EYW,FL,ASO,ES,Federal Contract Tower,15,58,22,0,95,0,9,55,4,68,15,67,77,4,163,12,20,32,195
07/26/2005,EYW,FL,ASO,ES,Federal Contract Tower,12,65,43,0,120,0,0,67,4,71,12,65,110,4,191,20,2,22,213
07/27/2005,EYW,FL,ASO,ES,Federal Contract Tower,12,63,20,0,95,0,0,54,0,54,12,63,74,0,149,24,2,26,175
07/28/2005,EYW,FL,ASO,ES,Federal Contract Tower,12,69,37,0,118,0,8,69,0,77,12,77,106,0,195,64,28,92,287
07/29/2005,EYW,FL,ASO,ES,Federal Contract Tower,14,67,48,0,129,0,10,79,0,89,14,77,127,0,218,66,42,108,326
07/30/2005,EYW,FL,ASO,ES,Federal Contract Tower,15,71,46,0,132,0,22,61,2,85,15,93,107,2,217,44,4,48,265
07/31/2005,EYW,FL,ASO,ES,Federal Contract Tower,16,57,46,0,119,0,5,63,0,68,16,62,109,0,187,36,52,88,275
08/01/2005,EYW,FL,ASO,ES,Federal Contract Tower,17,64,36,0,117,0,7,34,2,43,17,71,70,2,160,34,22,56,216
08/02/2005,EYW,FL,ASO,ES,Federal Contract Tower,15,67,19,0,101,0,0,69,2,71,15,67,88,2,172,20,22,42,214
08/03/2005,EYW,FL,ASO,ES,Federal Contract Tower,18,61,30,0,109,0,6,36,11,53,18,67,66,11,162,74,48,122,284
08/04/2005,EYW,FL,ASO,ES,Federal Contract Tower,12,59,33,0,104,0,20,71,0,91,12,79,104,0,195,74,42,116,311
08/05/2005,EYW,FL,ASO,ES,Federal Contract Tower,17,67,33,0,117,0,17,59,0,76,17,84,92,0,193,60,36,96,289
08/06/2005,EYW,FL,ASO,ES,Federal Contract Tower,14,66,43,0,123,0,15,59,0,74,14,81,102,0,197,26,30,56,253
08/07/2005,EYW,FL,ASO,ES,Federal Contract Tower,13,57,55,0,125,0,17,41,0,58,13,74,96,0,183,36,6,42,225
08/08/2005,EYW,FL,ASO,ES,Federal Contract Tower,15,64,25,0,104,0,3,53,1,57,15,67,78,1,161,44,14,58,219
08/09/2005,EYW,FL,ASO,ES,Federal Contract Tower,18,59,33,0,110,0,7,51,4,62,18,66,84,4,172,6,22,28,200
08/10/2005,EYW,FL,ASO,ES,Federal Contract Tower,13,67,26,0,106,0,9,58,10,77,13,76,84,10,183,72,8,80,263
08/11/2005,EYW,FL,ASO,ES,Federal Contract Tower,12,67,30,0,109,0,0,33,2,35,12,67,63,2,144,36,12,48,192
08/12/2005,EYW,FL,ASO,ES,Federal Contract Tower,14,68,52,0,134,0,4,48,0,52,14,72,100,0,186,14,20,34,220
08/13/2005,EYW,FL,ASO,ES,Federal Contract Tower,16,67,22,0,105,0,5,45,0,50,16,72,67,0,155,24,8,32,187
08/14/2005,EYW,FL,ASO,ES,Federal Contract Tower,14,51,52,1,118,0,26,58,0,84,14,77,110,1,202,48,6,54,256
08/15/2005,EYW,FL,ASO,ES,Federal Contract Tower,16,64,27,2,109,0,4,43,3,50,16,68,70,5,159,40,4,44,203
08/16/2005,EYW,FL,ASO,ES,Federal Contract Tower,17,62,19,0,98,0,1,51,0,52,17,63,70,0,150,32,4,36,186
08/17/2005,EYW,FL,ASO,ES,Federal Contract Tower,14,64,14,2,94,0,19,54,1,74,14,83,68,3,168,52,12,64,232
08/18/2005,EYW,FL,ASO,ES,Federal Contract Tower,14,66,27,3,110,0,0,58,2,60,14,66,85,5,170,68,26,94,264
08/19/2005,EYW,FL,ASO,ES,Federal Contract Tower,12,69,33,0,114,0,4,66,0,70,12,73,99,0,184,80,50,130,314
08/20/2005,EYW,FL,ASO,ES,Federal Contract Tower,16,66,26,0,108,0,13,62,0,75,16,79,88,0,183,56,10,66,249
08/21/2005,EYW,FL,ASO,ES,Federal Contract Tower,14,61,46,0,121,0,7,54,4,65,14,68,100,4,186,26,4,30,216
08/22/2005,EYW,FL,ASO,ES,Federal Contract Tower,14,66,25,0,105,0,4,31,2,37,14,70,56,2,142,20,24,44,186
08/23/2005,EYW,FL,ASO,ES,Federal Contract Tower,11,64,29,0,104,0,1,39,0,40,11,65,68,0,144,22,30,52,196
08/24/2005,EYW,FL,ASO,ES,Federal Contract Tower,12,63,27,0,102,0,1,49,0,50,12,64,76,0,152,52,34,86,238
08/25/2005,EYW,FL,ASO,ES,Federal Contract Tower,11,51,19,3,84,0,4,19,3,26,11,55,38,6,110,4,8,12,122
08/26/2005,EYW,FL,ASO,ES,Federal Contract Tower,0,0,0,0,0,0,0,0,0,0,0,0,0,0,0,0,0,0,0
08/27/2005,EYW,FL,ASO,ES,Federal Contract Tower,9,26,6,2,43,0,8,4,1,13,9,34,10,3,56,2,18,20,76
08/28/2005,EYW,FL,ASO,ES,Federal Contract Tower,14,60,10,1,85,0,7,21,2,30,14,67,31,3,115,6,0,6,121
08/29/2005,EYW,FL,ASO,ES,Federal Contract Tower,14,62,19,0,95,0,2,22,1,25,14,64,41,1,120,6,16,22,142
08/30/2005,EYW,FL,ASO,ES,Federal Contract Tower,16,59,18,0,93,0,1,59,0,60,16,60,77,0,153,30,16,46,199
08/31/2005,EYW,FL,ASO,ES,Federal Contract Tower,12,62,19,0,93,0,5,41,0,46,12,67,60,0,139,14,14,28,167
09/01/2005,EYW,FL,ASO,ES,Federal Contract Tower,16,62,16,0,94,0,5,30,0,35,16,67,46,0,129,16,8,24,153
09/02/2005,EYW,FL,ASO,ES,Federal Contract Tower,14,72,46,2,134,0,7,40,6,53,14,79,86,8,187,28,2,30,217
09/03/2005,EYW,FL,ASO,ES,Federal Contract Tower,17,68,22,1,108,0,1,59,9,69,17,69,81,10,177,42,0,42,219
09/04/2005,EYW,FL,ASO,ES,Federal Contract Tower,15,55,24,0,94,0,8,25,0,33,15,63,49,0,127,26,0,26,153
09/05/2005,EYW,FL,ASO,ES,Federal Contract Tower,12,68,46,0,126,0,3,27,2,32,12,71,73,2,158,16,0,16,174
09/06/2005,EYW,FL,ASO,ES,Federal Contract Tower,11,63,18,0,92,0,3,36,0,39,11,66,54,0,131,18,16,34,165
09/07/2005,EYW,FL,ASO,ES,Federal Contract Tower,12,62,21,0,95,0,0,37,2,39,12,62,58,2,134,66,20,86,220
09/08/2005,EYW,FL,ASO,ES,Federal Contract Tower,10,60,31,0,101,0,0,42,8,50,10,60,73,8,151,72,32,104,255
09/09/2005,EYW,FL,ASO,ES,Federal Contract Tower,14,64,31,0,109,0,0,37,0,37,14,64,68,0,146,28,18,46,192
09/10/2005,EYW,FL,ASO,ES,Federal Contract Tower,14,81,39,0,134,0,0,44,0,44,14,81,83,0,178,50,6,56,234
09/11/2005,EYW,FL,ASO,ES,Federal Contract Tower,14,61,34,0,109,0,11,71,0,82,14,72,105,0,191,46,4,50,241
09/12/2005,EYW,FL,ASO,ES,Federal Contract Tower,14,61,22,0,97,0,6,48,0,54,14,67,70,0,151,28,52,80,231
09/13/2005,EYW,FL,ASO,ES,Federal Contract Tower,11,59,30,0,100,0,3,75,2,80,11,62,105,2,180,38,32,70,250
09/14/2005,EYW,FL,ASO,ES,Federal Contract Tower,14,54,24,1,93,0,0,48,0,48,14,54,72,1,141,60,14,74,215
09/15/2005,EYW,FL,ASO,ES,Federal Contract Tower,14,64,29,4,111,0,6,41,0,47,14,70,70,4,158,94,14,108,266
09/16/2005,EYW,FL,ASO,ES,Federal Contract Tower,14,60,32,0,106,0,16,44,0,60,14,76,76,0,166,40,24,64,230
09/17/2005,EYW,FL,ASO,ES,Federal Contract Tower,14,69,31,0,114,0,4,51,0,55,14,73,82,0,169,56,16,72,241
09/18/2005,EYW,FL,ASO,ES,Federal Contract Tower,15,64,45,0,124,0,3,29,0,32,15,67,74,0,156,2,8,10,166
09/19/2005,EYW,FL,ASO,ES,Federal Contract Tower,12,54,22,0,88,0,0,25,4,29,12,54,47,4,117,4,4,8,125
09/20/2005,EYW,FL,ASO,ES,Federal Contract Tower,0,0,0,0,0,0,0,0,0,0,0,0,0,0,0,0,0,0,0
09/21/2005,EYW,FL,ASO,ES,Federal Contract Tower,0,0,0,0,0,0,0,0,0,0,0,0,0,0,0,0,0,0,0
09/22/2005,EYW,FL,ASO,ES,Federal Contract Tower,9,41,16,0,66,0,0,21,0,21,9,41,37,0,87,20,2,22,109
09/23/2005,EYW,FL,ASO,ES,Federal Contract Tower,17,61,32,0,110,0,7,31,2,40,17,68,63,2,150,10,16,26,176
09/24/2005,EYW,FL,ASO,ES,Federal Contract Tower,14,57,29,0,100,0,7,47,2,56,14,64,76,2,156,14,10,24,180
09/25/2005,EYW,FL,ASO,ES,Federal Contract Tower,14,64,28,0,106,0,8,82,0,90,14,72,110,0,196,30,26,56,252
09/26/2005,EYW,FL,ASO,ES,Federal Contract Tower,14,59,23,0,96,0,5,45,0,50,14,64,68,0,146,46,12,58,204
09/27/2005,EYW,FL,ASO,ES,Federal Contract Tower,12,58,13,0,83,0,2,51,0,53,12,60,64,0,136,6,40,46,182
09/28/2005,EYW,FL,ASO,ES,Federal Contract Tower,13,57,22,0,92,0,1,50,0,51,13,58,72,0,143,56,54,110,253
09/29/2005,EYW,FL,ASO,ES,Federal Contract Tower,15,67,32,0,114,0,0,35,0,35,15,67,67,0,149,22,50,72,221
09/30/2005,EYW,FL,ASO,ES,Federal Contract Tower,16,65,25,0,106,0,0,48,0,48,16,65,73,0,154,106,18,124,278
10/01/2005,EYW,FL,ASO,ES,Federal Contract Tower,17,58,24,0,99,0,0,28,10,38,17,58,52,10,137,36,2,38,175
10/02/2005,EYW,FL,ASO,ES,Federal Contract Tower,15,59,27,0,101,0,7,28,0,35,15,66,55,0,136,24,4,28,164
10/03/2005,EYW,FL,ASO,ES,Federal Contract Tower,13,59,29,1,102,0,3,38,6,47,13,62,67,7,149,48,2,50,199
10/04/2005,EYW,FL,ASO,ES,Federal Contract Tower,13,58,22,1,94,0,6,44,0,50,13,64,66,1,144,74,20,94,238
10/05/2005,EYW,FL,ASO,ES,Federal Contract Tower,15,60,19,0,94,0,0,23,0,23,15,60,42,0,117,58,8,66,183
10/06/2005,EYW,FL,ASO,ES,Federal Contract Tower,16,60,27,0,103,0,4,24,0,28,16,64,51,0,131,60,4,64,195
10/07/2005,EYW,FL,ASO,ES,Federal Contract Tower,16,60,34,0,110,0,0,31,2,33,16,60,65,2,143,28,4,32,175
10/08/2005,EYW,FL,ASO,ES,Federal Contract Tower,14,63,24,0,101,0,18,38,6,62,14,81,62,6,163,24,6,30,193
10/09/2005,EYW,FL,ASO,ES,Federal Contract Tower,14,65,28,1,108,0,4,69,4,77,14,69,97,5,185,16,2,18,203
10/10/2005,EYW,FL,ASO,ES,Federal Contract Tower,14,60,30,0,104,0,11,33,4,48,14,71,63,4,152,36,6,42,194
10/11/2005,EYW,FL,ASO,ES,Federal Contract Tower,14,62,62,1,139,0,2,0,0,2,14,64,62,1,141,68,18,86,227
10/12/2005,EYW,FL,ASO,ES,Federal Contract Tower,14,62,25,0,101,0,3,35,0,38,14,65,60,0,139,78,44,122,261
10/13/2005,EYW,FL,ASO,ES,Federal Contract Tower,14,64,49,0,127,0,6,42,0,48,14,70,91,0,175,34,6,40,215
10/14/2005,EYW,FL,ASO,ES,Federal Contract Tower,16,58,30,1,105,0,9,85,1,95,16,67,115,2,200,30,28,58,258
10/15/2005,EYW,FL,ASO,ES,Federal Contract Tower,18,49,44,1,112,0,0,45,4,49,18,49,89,5,161,34,30,64,225
10/16/2005,EYW,FL,ASO,ES,Federal Contract Tower,16,63,52,0,131,0,3,49,0,52,16,66,101,0,183,4,4,8,191
10/17/2005,EYW,FL,ASO,ES,Federal Contract Tower,16,57,28,1,102,0,0,39,4,43,16,57,67,5,145,50,34,84,229
10/18/2005,EYW,FL,ASO,ES,Federal Contract Tower,14,69,25,1,109,0,6,39,8,53,14,75,64,9,162,36,56,92,254
10/19/2005,EYW,FL,ASO,ES,Federal Contract Tower,0,64,36,0,100,0,3,25,0,28,0,67,61,0,128,12,10,22,150
10/20/2005,EYW,FL,ASO,ES,Federal Contract Tower,22,49,27,0,98,0,3,20,0,23,22,52,47,0,121,6,8,14,135
10/21/2005,EYW,FL,ASO,ES,Federal Contract Tower,13,23,11,0,47,0,0,4,0,4,13,23,15,0,51,14,0,14,65
10/22/2005,EYW,FL,ASO,ES,Federal Contract Tower,2,2,2,0,6,0,0,0,0,0,2,2,2,0,6,0,0,0,6
10/23/2005,EYW,FL,ASO,ES,Federal Contract Tower,0,0,0,0,0,0,0,0,0,0,0,0,0,0,0,0,0,0,0
10/24/2005,EYW,FL,ASO,ES,Federal Contract Tower,0,0,0,0,0,0,0,0,0,0,0,0,0,0,0,0,0,0,0
10/25/2005,EYW,FL,ASO,ES,Federal Contract Tower,0,0,0,0,0,0,0,0,0,0,0,0,0,0,0,0,0,0,0
10/26/2005,EYW,FL,ASO,ES,Federal Contract Tower,0,0,0,0,0,0,0,0,0,0,0,0,0,0,0,0,0,0,0
10/27/2005,EYW,FL,ASO,ES,Federal Contract Tower,0,0,0,0,0,0,0,0,0,0,0,0,0,0,0,0,0,0,0
10/28/2005,EYW,FL,ASO,ES,Federal Contract Tower,0,0,0,0,0,0,0,0,0,0,0,0,0,0,0,0,0,0,0
10/29/2005,EYW,FL,ASO,ES,Federal Contract Tower,16,43,15,0,74,0,0,35,6,41,16,43,50,6,115,10,4,14,129
10/30/2005,EYW,FL,ASO,ES,Federal Contract Tower,17,57,31,0,105,0,0,27,4,31,17,57,58,4,136,6,0,6,142
10/31/2005,EYW,FL,ASO,ES,Federal Contract Tower,16,64,21,0,101,0,0,20,0,20,16,64,41,0,121,4,6,10,131
11/01/2005,EYW,FL,ASO,ES,Federal Contract Tower,16,54,20,0,90,0,0,12,3,15,16,54,32,3,105,4,2,6,111
11/02/2005,EYW,FL,ASO,ES,Federal Contract Tower,16,64,25,0,105,0,6,31,0,37,16,70,56,0,142,8,4,12,154
11/03/2005,EYW,FL,ASO,ES,Federal Contract Tower,16,66,44,0,126,0,4,34,2,40,16,70,78,2,166,4,4,8,174
11/04/2005,EYW,FL,ASO,ES,Federal Contract Tower,14,65,33,0,112,0,10,21,0,31,14,75,54,0,143,0,16,16,159
11/05/2005,EYW,FL,ASO,ES,Federal Contract Tower,16,69,26,0,111,0,0,45,0,45,16,69,71,0,156,8,2,10,166
11/06/2005,EYW,FL,ASO,ES,Federal Contract Tower,18,58,39,1,116,0,16,46,0,62,18,74,85,1,178,0,6,6,184
11/07/2005,EYW,FL,ASO,ES,Federal Contract Tower,20,63,27,0,110,0,0,19,0,19,20,63,46,0,129,4,10,14,143
11/08/2005,EYW,FL,ASO,ES,Federal Contract Tower,16,66,19,0,101,0,0,31,0,31,16,66,50,0,132,8,4,12,144
11/09/2005,EYW,FL,ASO,ES,Federal Contract Tower,21,62,33,0,116,0,3,20,1,24,21,65,53,1,140,6,2,8,148
11/10/2005,EYW,FL,ASO,ES,Federal Contract Tower,23,60,30,2,115,0,12,39,2,53,23,72,69,4,168,34,2,36,204
11/11/2005,EYW,FL,ASO,ES,Federal Contract Tower,22,58,27,0,107,0,3,48,0,51,22,61,75,0,158,18,4,22,180
11/12/2005,EYW,FL,ASO,ES,Federal Contract Tower,21,66,36,0,123,0,4,83,2,89,21,70,119,2,212,20,2,22,234
11/13/2005,EYW,FL,ASO,ES,Federal Contract Tower,23,55,37,4,119,0,12,54,1,67,23,67,91,5,186,12,4,16,202
11/14/2005,EYW,FL,ASO,ES,Federal Contract Tower,24,60,28,2,114,0,11,39,6,56,24,71,67,8,170,10,8,18,188
11/15/2005,EYW,FL,ASO,ES,Federal Contract Tower,20,61,27,1,109,0,0,22,2,24,20,61,49,3,133,6,2,8,141
11/16/2005,EYW,FL,ASO,ES,Federal Contract Tower,22,66,29,5,122,0,6,53,0,59,22,72,82,5,181,74,6,80,261
11/17/2005,EYW,FL,ASO,ES,Federal Contract Tower,22,68,40,0,130,0,0,51,0,51,22,68,91,0,181,12,14,26,207
11/18/2005,EYW,FL,ASO,ES,Federal Contract Tower,18,58,46,0,122,0,15,43,0,58,18,73,89,0,180,24,8,32,212
11/19/2005,EYW,FL,ASO,ES,Federal Contract Tower,22,67,32,2,123,0,7,88,0,95,22,74,120,2,218,18,10,28,246
11/20/2005,EYW,FL,ASO,ES,Federal Contract Tower,22,65,46,0,133,0,1,86,0,87,22,66,132,0,220,30,10,40,260
11/21/2005,EYW,FL,ASO,ES,Federal Contract Tower,21,63,23,0,107,0,7,33,4,44,21,70,56,4,151,14,2,16,167
11/22/2005,EYW,FL,ASO,ES,Federal Contract Tower,21,57,32,0,110,0,6,39,0,45,21,63,71,0,155,18,2,20,175
11/23/2005,EYW,FL,ASO,ES,Federal Contract Tower,23,64,48,0,135,0,21,61,2,84,23,85,109,2,219,8,8,16,235
11/24/2005,EYW,FL,ASO,ES,Federal Contract Tower,20,46,9,0,75,0,13,42,2,57,20,59,51,2,132,52,4,56,188
11/25/2005,EYW,FL,ASO,ES,Federal Contract Tower,22,57,39,0,118,0,15,78,0,93,22,72,117,0,211,26,4,30,241
11/26/2005,EYW,FL,ASO,ES,Federal Contract Tower,18,71,41,0,130,0,6,92,0,98,18,77,133,0,228,66,4,70,298
11/27/2005,EYW,FL,ASO,ES,Federal Contract Tower,20,56,55,3,134,0,9,59,0,68,20,65,114,3,202,6,2,8,210
11/28/2005,EYW,FL,ASO,ES,Federal Contract Tower,20,61,39,3,123,0,7,32,10,49,20,68,71,13,172,44,6,50,222
11/29/2005,EYW,FL,ASO,ES,Federal Contract Tower,23,60,16,0,99,0,6,22,0,28,23,66,38,0,127,4,4,8,135
11/30/2005,EYW,FL,ASO,ES,Federal Contract Tower,22,61,47,3,133,0,2,20,3,25,22,63,67,6,158,30,8,38,196
12/01/2005,EYW,FL,ASO,ES,Federal Contract Tower,22,66,34,3,125,0,0,35,4,39,22,66,69,7,164,8,8,16,180
12/02/2005,EYW,FL,ASO,ES,Federal Contract Tower,22,66,39,0,127,0,10,39,0,49,22,76,78,0,176,68,50,118,294
12/03/2005,EYW,FL,ASO,ES,Federal Contract Tower,23,66,14,1,104,0,11,70,0,81,23,77,84,1,185,92,38,130,315
12/04/2005,EYW,FL,ASO,ES,Federal Contract Tower,19,58,45,2,124,0,2,70,2,74,19,60,115,4,198,60,6,66,264
12/05/2005,EYW,FL,ASO,ES,Federal Contract Tower,23,59,25,1,108,0,4,40,0,44,23,63,65,1,152,76,12,88,240
12/06/2005,EYW,FL,ASO,ES,Federal Contract Tower,24,70,32,2,128,0,13,28,12,53,24,83,60,14,181,44,10,54,235
12/07/2005,EYW,FL,ASO,ES,Federal Contract Tower,22,62,50,0,134,0,13,22,10,45,22,75,72,10,179,42,40,82,261
12/08/2005,EYW,FL,ASO,ES,Federal Contract Tower,22,63,51,0,136,0,2,23,0,25,22,65,74,0,161,32,52,84,245
12/09/2005,EYW,FL,ASO,ES,Federal Contract Tower,21,58,39,0,118,0,8,64,0,72,21,66,103,0,190,60,34,94,284
12/10/2005,EYW,FL,ASO,ES,Federal Contract Tower,23,72,56,0,151,0,0,21,0,21,23,72,77,0,172,16,6,22,194
12/11/2005,EYW,FL,ASO,ES,Federal Contract Tower,22,62,69,0,153,0,16,35,0,51,22,78,104,0,204,10,0,10,214
12/12/2005,EYW,FL,ASO,ES,Federal Contract Tower,22,57,33,0,112,0,0,52,0,52,22,57,85,0,164,40,34,74,238
12/13/2005,EYW,FL,ASO,ES,Federal Contract Tower,21,62,45,1,129,0,0,38,0,38,21,62,83,1,167,36,4,40,207
12/14/2005,EYW,FL,ASO,ES,Federal Contract Tower,21,62,16,0,99,0,3,47,3,53,21,65,63,3,152,32,28,60,212
12/15/2005,EYW,FL,ASO,ES,Federal Contract Tower,19,66,30,1,116,0,5,64,0,69,19,71,94,1,185,87,29,116,301
12/16/2005,EYW,FL,ASO,ES,Federal Contract Tower,22,78,35,2,137,0,0,37,3,40,22,78,72,5,177,62,26,88,265
12/17/2005,EYW,FL,ASO,ES,Federal Contract Tower,22,79,22,0,123,0,2,48,0,50,22,81,70,0,173,58,8,66,239
12/18/2005,EYW,FL,ASO,ES,Federal Contract Tower,22,72,39,0,133,0,5,38,0,43,22,77,77,0,176,18,0,18,194
12/19/2005,EYW,FL,ASO,ES,Federal Contract Tower,22,68,31,0,121,0,0,0,0,0,22,68,31,0,121,6,2,8,129
12/20/2005,EYW,FL,ASO,ES,Federal Contract Tower,22,74,39,2,137,0,0,1,0,1,22,74,40,2,138,0,4,4,142
12/21/2005,EYW,FL,ASO,ES,Federal Contract Tower,22,74,29,0,125,0,2,45,0,47,22,76,74,0,172,6,4,10,182
12/22/2005,EYW,FL,ASO,ES,Federal Contract Tower,21,76,32,1,130,0,0,34,6,40,21,76,66,7,170,10,0,10,180
12/23/2005,EYW,FL,ASO,ES,Federal Contract Tower,20,75,17,0,112,0,0,38,5,43,20,75,55,5,155,14,0,14,169
12/24/2005,EYW,FL,ASO,ES,Federal Contract Tower,22,80,14,0,116,0,1,36,2,39,22,81,50,2,155,18,0,18,173
12/25/2005,EYW,FL,ASO,ES,Federal Contract Tower,22,76,16,0,114,0,0,6,0,6,22,76,22,0,120,0,0,0,120
12/26/2005,EYW,FL,ASO,ES,Federal Contract Tower,21,68,73,0,162,0,17,0,0,17,21,85,73,0,179,28,8,36,215
12/27/2005,EYW,FL,ASO,ES,Federal Contract Tower,22,72,39,2,135,0,13,95,8,116,22,85,134,10,251,72,16,88,339
12/28/2005,EYW,FL,ASO,ES,Federal Contract Tower,21,71,36,0,128,0,10,133,2,145,21,81,169,2,273,40,18,58,331
12/29/2005,EYW,FL,ASO,ES,Federal Contract Tower,22,72,56,0,150,0,15,115,4,134,22,87,171,4,284,40,4,44,328
12/30/2005,EYW,FL,ASO,ES,Federal Contract Tower,21,76,61,0,158,0,12,109,0,121,21,88,170,0,279,42,0,42,321
12/31/2005,EYW,FL,ASO,ES,Federal Contract Tower,22,80,34,0,136,0,10,95,1,106,22,90,129,1,242,44,4,48,290
01/01/2006,EYW,FL,ASO,ES,Federal Contract Tower,24,72,52,0,148,0,13,63,0,76,24,85,115,0,224,54,0,54,278
01/02/2006,EYW,FL,ASO,ES,Federal Contract Tower,23,70,66,0,159,0,15,102,0,117,23,85,168,0,276,40,8,48,324
01/03/2006,EYW,FL,ASO,ES,Federal Contract Tower,24,71,39,2,136,0,11,80,0,91,24,82,119,2,227,36,4,40,267
01/04/2006,EYW,FL,ASO,ES,Federal Contract Tower,20,69,25,1,115,0,7,77,0,84,20,76,102,1,199,20,26,46,245
01/05/2006,EYW,FL,ASO,ES,Federal Contract Tower,21,71,30,0,122,0,10,81,7,98,21,81,111,7,220,54,6,60,280
01/06/2006,EYW,FL,ASO,ES,Federal Contract Tower,20,71,43,0,134,0,1,34,0,35,20,72,77,0,169,24,2,26,195
01/07/2006,EYW,FL,ASO,ES,Federal Contract Tower,22,79,36,0,137,0,0,58,6,64,22,79,94,6,201,36,16,52,253
01/08/2006,EYW,FL,ASO,ES,Federal Contract Tower,22,76,36,1,135,0,9,101,0,110,22,85,137,1,245,44,16,60,305
01/09/2006,EYW,FL,ASO,ES,Federal Contract Tower,22,73,16,0,111,198,0,69,6,273,220,73,85,6,384,28,56,84,468
01/10/2006,EYW,FL,ASO,ES,Federal Contract Tower,23,68,23,0,114,0,1,57,5,63,23,69,80,5,177,66,38,104,281
01/11/2006,EYW,FL,ASO,ES,Federal Contract Tower,23,69,31,0,123,0,14,80,2,96,23,83,111,2,219,12,44,56,275
01/12/2006,EYW,FL,ASO,ES,Federal Contract Tower,22,70,42,5,139,0,3,48,14,65,22,73,90,19,204,34,28,62,266
01/13/2006,EYW,FL,ASO,ES,Federal Contract Tower,21,80,65,0,166,0,3,90,0,93,21,83,155,0,259,46,38,84,343
01/14/2006,EYW,FL,ASO,ES,Federal Contract Tower,21,79,39,0,139,0,4,38,0,42,21,83,77,0,181,4,0,4,185
01/15/2006,EYW,FL,ASO,ES,Federal Contract Tower,20,75,47,0,142,0,6,84,0,90,20,81,131,0,232,24,4,28,260
01/16/2006,EYW,FL,ASO,ES,Federal Contract Tower,20,75,41,0,136,0,0,54,13,67,20,75,95,13,203,48,24,72,275
01/17/2006,EYW,FL,ASO,ES,Federal Contract Tower,22,63,23,0,108,0,2,40,3,45,22,65,63,3,153,4,4,8,161
01/18/2006,EYW,FL,ASO,ES,Federal Contract Tower,22,72,15,2,111,0,1,29,9,39,22,73,44,11,150,6,6,12,162
01/19/2006,EYW,FL,ASO,ES,Federal Contract Tower,22,71,49,0,142,0,3,50,10,63,22,74,99,10,205,44,18,62,267
01/20/2006,EYW,FL,ASO,ES,Federal Contract Tower,22,84,73,0,179,0,10,102,3,115,22,94,175,3,294,50,50,100,394
01/21/2006,EYW,FL,ASO,ES,Federal Contract Tower,22,80,60,0,162,0,11,62,0,73,22,91,122,0,235,22,40,62,297
01/22/2006,EYW,FL,ASO,ES,Federal Contract Tower,22,72,60,1,155,0,9,84,0,93,22,81,144,1,248,14,24,38,286
01/23/2006,EYW,FL,ASO,ES,Federal Contract Tower,23,71,30,0,124,0,0,57,1,58,23,71,87,1,182,30,48,78,260
01/24/2006,EYW,FL,ASO,ES,Federal Contract Tower,22,70,31,0,123,0,0,56,6,62,22,70,87,6,185,44,26,70,255
01/25/2006,EYW,FL,ASO,ES,Federal Contract Tower,22,75,31,3,131,0,0,31,3,34,22,75,62,6,165,26,8,34,199
01/26/2006,EYW,FL,ASO,ES,Federal Contract Tower,22,66,41,2,131,0,4,40,0,44,22,70,81,2,175,8,16,24,199
01/27/2006,EYW,FL,ASO,ES,Federal Contract Tower,22,78,52,1,153,0,11,62,1,74,22,89,114,2,227,24,102,126,353
01/28/2006,EYW,FL,ASO,ES,Federal Contract Tower,23,75,30,2,130,0,1,78,14,93,23,76,108,16,223,10,40,50,273
01/29/2006,EYW,FL,ASO,ES,Federal Contract Tower,22,75,40,0,137,0,3,104,0,107,22,78,144,0,244,24,10,34,278
01/30/2006,EYW,FL,ASO,ES,Federal Contract Tower,18,75,30,0,123,0,3,31,0,34,18,78,61,0,157,60,8,68,225
01/31/2006,EYW,FL,ASO,ES,Federal Contract Tower,20,66,22,0,108,0,0,51,10,61,20,66,73,10,169,12,6,18,187
02/01/2006,EYW,FL,ASO,ES,Federal Contract Tower,19,70,32,0,121,0,0,45,8,53,19,70,77,8,174,16,24,40,214
02/02/2006,EYW,FL,ASO,ES,Federal Contract Tower,21,64,54,2,141,0,3,49,2,54,21,67,103,4,195,22,2,24,219
02/03/2006,EYW,FL,ASO,ES,Federal Contract Tower,22,57,36,0,115,0,3,36,0,39,22,60,72,0,154,24,18,42,196
02/04/2006,EYW,FL,ASO,ES,Federal Contract Tower,18,66,23,0,107,0,0,9,0,9,18,66,32,0,116,12,2,14,130
02/05/2006,EYW,FL,ASO,ES,Federal Contract Tower,22,76,65,0,163,0,0,56,0,56,22,76,121,0,219,18,10,28,247
02/06/2006,EYW,FL,ASO,ES,Federal Contract Tower,20,68,19,0,107,0,4,52,6,62,20,72,71,6,169,28,64,92,261
02/07/2006,EYW,FL,ASO,ES,Federal Contract Tower,20,74,17,2,113,0,13,56,1,70,20,87,73,3,183,56,32,88,271
02/08/2006,EYW,FL,ASO,ES,Federal Contract Tower,20,72,27,1,120,0,3,34,0,37,20,75,61,1,157,12,4,16,173
02/09/2006,EYW,FL,ASO,ES,Federal Contract Tower,22,67,39,1,129,0,0,60,6,66,22,67,99,7,195,44,2,46,241
02/10/2006,EYW,FL,ASO,ES,Federal Contract Tower,20,74,53,1,148,0,0,75,1,76,20,74,128,2,224,40,28,68,292
02/11/2006,EYW,FL,ASO,ES,Federal Contract Tower,22,78,42,0,142,0,2,75,2,79,22,80,117,2,221,42,6,48,269
02/12/2006,EYW,FL,ASO,ES,Federal Contract Tower,22,69,41,0,132,0,0,10,0,10,22,69,51,0,142,0,0,0,142
02/13/2006,EYW,FL,ASO,ES,Federal Contract Tower,20,66,34,0,120,0,5,44,0,49,20,71,78,0,169,32,80,112,281
02/14/2006,EYW,FL,ASO,ES,Federal Contract Tower,21,68,35,0,124,0,2,75,0,77,21,70,110,0,201,58,52,110,311
02/15/2006,EYW,FL,ASO,ES,Federal Contract Tower,20,74,35,0,129,0,13,62,0,75,20,87,97,0,204,34,84,118,322
02/16/2006,EYW,FL,ASO,ES,Federal Contract Tower,20,69,53,0,142,0,10,59,2,71,20,79,112,2,213,72,64,136,349
02/17/2006,EYW,FL,ASO,ES,Federal Contract Tower,18,71,70,0,159,0,14,82,2,98,18,85,152,2,257,102,38,140,397
02/18/2006,EYW,FL,ASO,ES,Federal Contract Tower,20,73,64,0,157,0,2,99,0,101,20,75,163,0,258,28,20,48,306
02/19/2006,EYW,FL,ASO,ES,Federal Contract Tower,20,71,73,0,164,0,10,107,0,117,20,81,180,0,281,28,8,36,317
02/20/2006,EYW,FL,ASO,ES,Federal Contract Tower,20,69,67,0,156,0,7,101,2,110,20,76,168,2,266,16,20,36,302
02/21/2006,EYW,FL,ASO,ES,Federal Contract Tower,18,66,30,1,115,0,19,94,0,113,18,85,124,1,228,86,60,146,374
02/22/2006,EYW,FL,ASO,ES,Federal Contract Tower,19,62,41,4,126,0,12,83,0,95,19,74,124,4,221,70,50,120,341
02/23/2006,EYW,FL,ASO,ES,Federal Contract Tower,20,69,46,0,135,0,10,68,7,85,20,79,114,7,220,86,38,124,344
02/24/2006,EYW,FL,ASO,ES,Federal Contract Tower,22,80,79,0,181,0,3,43,11,57,22,83,122,11,238,98,8,106,344
02/25/2006,EYW,FL,ASO,ES,Federal Contract Tower,22,70,46,3,141,0,1,67,0,68,22,71,113,3,209,36,6,42,251
02/26/2006,EYW,FL,ASO,ES,Federal Contract Tower,22,76,69,0,167,0,0,26,0,26,22,76,95,0,193,10,6,16,209
02/27/2006,EYW,FL,ASO,ES,Federal Contract Tower,20,63,46,0,129,0,0,59,1,60,20,63,105,1,189,16,36,52,241
02/28/2006,EYW,FL,ASO,ES,Federal Contract Tower,19,60,29,2,110,0,0,73,2,75,19,60,102,4,185,84,34,118,303
03/01/2006,EYW,FL,ASO,ES,Federal Contract Tower,19,66,53,1,139,0,0,97,2,99,19,66,150,3,238,74,44,118,356
03/02/2006,EYW,FL,ASO,ES,Federal Contract Tower,21,65,47,0,133,0,9,79,6,94,21,74,126,6,227,76,44,120,347
03/03/2006,EYW,FL,ASO,ES,Federal Contract Tower,19,73,37,1,130,0,0,87,2,89,19,73,124,3,219,38,18,56,275
03/04/2006,EYW,FL,ASO,ES,Federal Contract Tower,19,68,65,0,152,0,8,107,2,117,19,76,172,2,269,36,0,36,305
03/05/2006,EYW,FL,ASO,ES,Federal Contract Tower,20,59,62,0,141,0,11,105,0,116,20,70,167,0,257,64,14,78,335
03/06/2006,EYW,FL,ASO,ES,Federal Contract Tower,20,72,32,0,124,0,0,69,2,71,20,72,101,2,195,50,30,80,275
03/07/2006,EYW,FL,ASO,ES,Federal Contract Tower,20,64,42,0,126,0,5,67,4,76,20,69,109,4,202,12,28,40,242
03/08/2006,EYW,FL,ASO,ES,Federal Contract Tower,19,66,36,4,125,0,0,55,8,63,19,66,91,12,188,68,14,82,270
03/09/2006,EYW,FL,ASO,ES,Federal Contract Tower,20,67,30,0,117,0,2,31,0,33,20,69,61,0,150,8,26,34,184
03/10/2006,EYW,FL,ASO,ES,Federal Contract Tower,21,75,58,1,155,0,6,93,0,99,21,81,151,1,254,52,17,69,323
03/11/2006,EYW,FL,ASO,ES,Federal Contract Tower,20,71,66,0,157,0,13,106,0,119,20,84,172,0,276,68,2,70,346
03/12/2006,EYW,FL,ASO,ES,Federal Contract Tower,19,66,64,0,149,0,1,92,0,93,19,67,156,0,242,38,8,46,288
03/13/2006,EYW,FL,ASO,ES,Federal Contract Tower,19,67,56,0,142,0,0,76,4,80,19,67,132,4,222,46,2,48,270
03/14/2006,EYW,FL,ASO,ES,Federal Contract Tower,16,68,24,0,108,0,0,129,2,131,16,68,153,2,239,122,8,130,369
03/15/2006,EYW,FL,ASO,ES,Federal Contract Tower,20,69,62,0,151,0,6,66,4,76,20,75,128,4,227,42,28,70,297
03/16/2006,EYW,FL,ASO,ES,Federal Contract Tower,20,66,55,1,142,0,16,64,0,80,20,82,119,1,222,42,48,90,312
03/17/2006,EYW,FL,ASO,ES,Federal Contract Tower,18,75,81,2,176,0,14,92,2,108,18,89,173,4,284,60,26,86,370
03/18/2006,EYW,FL,ASO,ES,Federal Contract Tower,18,72,71,0,161,0,7,91,0,98,18,79,162,0,259,22,22,44,303
03/19/2006,EYW,FL,ASO,ES,Federal Contract Tower,19,70,89,3,181,0,10,90,1,101,19,80,179,4,282,26,18,44,326
03/20/2006,EYW,FL,ASO,ES,Federal Contract Tower,20,67,49,3,139,0,0,69,7,76,20,67,118,10,215,30,12,42,257
03/21/2006,EYW,FL,ASO,ES,Federal Contract Tower,21,59,38,0,118,0,4,61,23,88,21,63,99,23,206,34,6,40,246
03/22/2006,EYW,FL,ASO,ES,Federal Contract Tower,20,57,44,0,121,0,4,79,0,83,20,61,123,0,204,78,6,84,288
03/23/2006,EYW,FL,ASO,ES,Federal Contract Tower,17,63,45,0,125,0,7,58,2,67,17,70,103,2,192,46,34,80,272
03/24/2006,EYW,FL,ASO,ES,Federal Contract Tower,18,73,72,0,163,0,8,21,0,29,18,81,93,0,192,0,0,0,192
03/25/2006,EYW,FL,ASO,ES,Federal Contract Tower,20,75,62,0,157,0,4,86,0,90,20,79,148,0,247,40,8,48,295
03/26/2006,EYW,FL,ASO,ES,Federal Contract Tower,20,72,61,0,153,0,5,45,0,50,20,77,106,0,203,22,6,28,231
03/27/2006,EYW,FL,ASO,ES,Federal Contract Tower,19,67,46,0,132,0,0,62,10,72,19,67,108,10,204,20,42,62,266
03/28/2006,EYW,FL,ASO,ES,Federal Contract Tower,20,63,37,1,121,0,0,104,1,105,20,63,141,2,226,46,14,60,286
03/29/2006,EYW,FL,ASO,ES,Federal Contract Tower,19,68,62,0,149,0,0,50,8,58,19,68,112,8,207,47,10,57,264
03/30/2006,EYW,FL,ASO,ES,Federal Contract Tower,20,70,32,0,122,0,0,85,1,86,20,70,117,1,208,56,14,70,278
03/31/2006,EYW,FL,ASO,ES,Federal Contract Tower,20,73,43,1,137,0,10,84,0,94,20,83,127,1,231,24,56,80,311
04/01/2006,EYW,FL,ASO,ES,Federal Contract Tower,20,78,57,0,155,0,6,74,4,84,20,84,131,4,239,18,26,44,283
04/02/2006,EYW,FL,ASO,ES,Federal Contract Tower,22,66,59,1,148,0,7,75,0,82,22,73,134,1,230,12,8,20,250
04/03/2006,EYW,FL,ASO,ES,Federal Contract Tower,15,64,29,1,109,0,2,74,0,76,15,66,103,1,185,6,50,56,241
04/04/2006,EYW,FL,ASO,ES,Federal Contract Tower,20,47,39,0,106,0,14,83,0,97,20,61,122,0,203,34,20,54,257
04/05/2006,EYW,FL,ASO,ES,Federal Contract Tower,17,53,44,0,114,0,3,85,0,88,17,56,129,0,202,10,8,18,220
04/06/2006,EYW,FL,ASO,ES,Federal Contract Tower,20,58,44,0,122,0,3,91,3,97,20,61,135,3,219,38,10,48,267
04/07/2006,EYW,FL,ASO,ES,Federal Contract Tower,20,64,60,0,144,0,0,98,2,100,20,64,158,2,244,44,28,72,316
04/08/2006,EYW,FL,ASO,ES,Federal Contract Tower,22,70,68,0,160,0,1,69,2,72,22,71,137,2,232,42,16,58,290
04/09/2006,EYW,FL,ASO,ES,Federal Contract Tower,18,61,81,1,161,0,2,40,1,43,18,63,121,2,204,20,2,22,226
04/10/2006,EYW,FL,ASO,ES,Federal Contract Tower,20,62,42,0,124,0,11,40,0,51,20,73,82,0,175,6,20,26,201
04/11/2006,EYW,FL,ASO,ES,Federal Contract Tower,20,56,55,2,133,0,0,39,6,45,20,56,94,8,178,20,30,50,228
04/12/2006,EYW,FL,ASO,ES,Federal Contract Tower,20,58,33,2,113,0,12,49,0,61,20,70,82,2,174,22,64,86,260
04/13/2006,EYW,FL,ASO,ES,Federal Contract Tower,20,59,56,0,135,0,5,72,0,77,20,64,128,0,212,30,44,74,286
04/14/2006,EYW,FL,ASO,ES,Federal Contract Tower,16,64,44,1,125,0,4,80,1,85,16,68,124,2,210,20,50,70,280
04/15/2006,EYW,FL,ASO,ES,Federal Contract Tower,22,68,53,4,147,0,5,130,0,135,22,73,183,4,282,68,20,88,370
04/16/2006,EYW,FL,ASO,ES,Federal Contract Tower,20,59,46,1,126,0,22,67,1,90,20,81,113,2,216,42,14,56,272
04/17/2006,EYW,FL,ASO,ES,Federal Contract Tower,20,63,53,4,140,0,4,66,0,70,20,67,119,4,210,14,24,38,248
04/18/2006,EYW,FL,ASO,ES,Federal Contract Tower,20,56,42,0,118,0,1,90,1,92,20,57,132,1,210,58,46,104,314
04/19/2006,EYW,FL,ASO,ES,Federal Contract Tower,19,60,43,1,123,0,2,45,1,48,19,62,88,2,171,46,34,80,251
04/20/2006,EYW,FL,ASO,ES,Federal Contract Tower,19,66,56,1,142,0,1,118,1,120,19,67,174,2,262,62,22,84,346
04/21/2006,EYW,FL,ASO,ES,Federal Contract Tower,21,65,64,4,154,0,14,54,1,69,21,79,118,5,223,38,50,88,311
04/22/2006,EYW,FL,ASO,ES,Federal Contract Tower,22,65,39,2,128,0,0,51,2,53,22,65,90,4,181,22,16,38,219
04/23/2006,EYW,FL,ASO,ES,Federal Contract Tower,21,65,83,0,169,0,11,84,0,95,21,76,167,0,264,38,24,62,326
04/24/2006,EYW,FL,ASO,ES,Federal Contract Tower,18,62,47,2,129,0,1,50,2,53,18,63,97,4,182,36,36,72,254
04/25/2006,EYW,FL,ASO,ES,Federal Contract Tower,21,55,36,3,115,0,2,65,3,70,21,57,101,6,185,36,42,78,263
04/26/2006,EYW,FL,ASO,ES,Federal Contract Tower,20,62,35,1,118,0,3,65,3,71,20,65,100,4,189,62,40,102,291
04/27/2006,EYW,FL,ASO,ES,Federal Contract Tower,20,63,44,2,129,0,8,79,2,89,20,71,123,4,218,44,8,52,270
04/28/2006,EYW,FL,ASO,ES,Federal Contract Tower,18,60,44,1,123,0,12,139,0,151,18,72,183,1,274,48,44,92,366
04/29/2006,EYW,FL,ASO,ES,Federal Contract Tower,21,66,37,4,128,0,0,72,1,73,21,66,109,5,201,28,38,66,267
04/30/2006,EYW,FL,ASO,ES,Federal Contract Tower,20,64,68,0,152,0,0,55,0,55,20,64,123,0,207,16,28,44,251
05/01/2006,EYW,FL,ASO,ES,Federal Contract Tower,19,52,26,2,99,0,2,49,0,51,19,54,75,2,150,52,18,70,220
05/02/2006,EYW,FL,ASO,ES,Federal Contract Tower,20,48,28,10,106,0,9,67,4,80,20,57,95,14,186,60,48,108,294
05/03/2006,EYW,FL,ASO,ES,Federal Contract Tower,22,49,18,0,89,0,3,69,6,78,22,52,87,6,167,56,40,96,263
05/04/2006,EYW,FL,ASO,ES,Federal Contract Tower,21,58,50,0,129,0,11,54,0,65,21,69,104,0,194,60,14,74,268
05/05/2006,EYW,FL,ASO,ES,Federal Contract Tower,20,57,49,0,126,0,0,102,0,102,20,57,151,0,228,26,4,30,258
05/06/2006,EYW,FL,ASO,ES,Federal Contract Tower,23,53,30,0,106,0,0,46,0,46,23,53,76,0,152,24,6,30,182
05/07/2006,EYW,FL,ASO,ES,Federal Contract Tower,19,54,47,0,120,0,0,55,2,57,19,54,102,2,177,12,0,12,189
05/08/2006,EYW,FL,ASO,ES,Federal Contract Tower,25,49,41,0,115,0,7,35,0,42,25,56,76,0,157,8,0,8,165
05/09/2006,EYW,FL,ASO,ES,Federal Contract Tower,22,45,35,0,102,0,8,37,3,48,22,53,72,3,150,34,20,54,204
05/10/2006,EYW,FL,ASO,ES,Federal Contract Tower,18,54,26,0,98,0,0,59,6,65,18,54,85,6,163,54,20,74,237
05/11/2006,EYW,FL,ASO,ES,Federal Contract Tower,20,53,35,0,108,0,12,42,0,54,20,65,77,0,162,122,0,122,284
05/12/2006,EYW,FL,ASO,ES,Federal Contract Tower,20,56,52,0,128,0,8,66,0,74,20,64,118,0,202,24,0,24,226
05/13/2006,EYW,FL,ASO,ES,Federal Contract Tower,20,51,31,0,102,0,12,138,0,150,20,63,169,0,252,36,0,36,288
05/14/2006,EYW,FL,ASO,ES,Federal Contract Tower,20,52,45,0,117,0,13,87,0,100,20,65,132,0,217,18,18,36,253
05/15/2006,EYW,FL,ASO,ES,Federal Contract Tower,25,50,34,0,109,0,3,42,0,45,25,53,76,0,154,4,16,20,174
05/16/2006,EYW,FL,ASO,ES,Federal Contract Tower,19,52,21,0,92,0,0,10,0,10,19,52,31,0,102,26,10,36,138
05/17/2006,EYW,FL,ASO,ES,Federal Contract Tower,21,53,33,0,107,0,0,0,0,0,21,53,33,0,107,0,8,8,115
05/18/2006,EYW,FL,ASO,ES,Federal Contract Tower,21,54,46,0,121,0,6,88,6,100,21,60,134,6,221,30,6,36,257
05/19/2006,EYW,FL,ASO,ES,Federal Contract Tower,21,53,47,0,121,0,5,87,0,92,21,58,134,0,213,60,16,76,289
05/20/2006,EYW,FL,ASO,ES,Federal Contract Tower,23,56,37,0,116,0,5,80,0,85,23,61,117,0,201,54,24,78,279
05/21/2006,EYW,FL,ASO,ES,Federal Contract Tower,22,51,64,0,137,0,18,59,0,77,22,69,123,0,214,26,20,46,260
05/22/2006,EYW,FL,ASO,ES,Federal Contract Tower,23,46,53,0,122,0,8,32,2,42,23,54,85,2,164,28,22,50,214
05/23/2006,EYW,FL,ASO,ES,Federal Contract Tower,24,50,28,2,104,0,10,24,17,51,24,60,52,19,155,34,40,74,229
05/24/2006,EYW,FL,ASO,ES,Federal Contract Tower,21,50,50,0,121,0,11,54,14,79,21,61,104,14,200,46,16,62,262
05/25/2006,EYW,FL,ASO,ES,Federal Contract Tower,19,55,61,0,135,0,9,48,15,72,19,64,109,15,207,40,38,78,285
05/26/2006,EYW,FL,ASO,ES,Federal Contract Tower,21,56,83,0,160,0,6,0,0,6,21,62,83,0,166,82,20,102,268
05/27/2006,EYW,FL,ASO,ES,Federal Contract Tower,22,54,45,2,123,0,3,52,0,55,22,57,97,2,178,34,16,50,228
05/28/2006,EYW,FL,ASO,ES,Federal Contract Tower,21,48,40,0,109,0,1,97,0,98,21,49,137,0,207,28,14,42,249
05/29/2006,EYW,FL,ASO,ES,Federal Contract Tower,18,57,72,0,147,0,7,136,0,143,18,64,208,0,290,60,2,62,352
05/30/2006,EYW,FL,ASO,ES,Federal Contract Tower,23,49,26,0,98,0,2,36,16,54,23,51,62,16,152,2,34,36,188
05/31/2006,EYW,FL,ASO,ES,Federal Contract Tower,26,38,0,0,64,0,20,81,0,101,26,58,81,0,165,54,6,60,225
06/01/2006,EYW,FL,ASO,ES,Federal Contract Tower,23,49,47,0,119,0,5,36,14,55,23,54,83,14,174,28,26,54,228
06/02/2006,EYW,FL,ASO,ES,Federal Contract Tower,21,46,55,0,122,0,17,46,20,83,21,63,101,20,205,32,20,52,257
06/03/2006,EYW,FL,ASO,ES,Federal Contract Tower,23,46,34,0,103,0,2,62,0,64,23,48,96,0,167,52,8,60,227
06/04/2006,EYW,FL,ASO,ES,Federal Contract Tower,19,41,48,0,108,0,8,78,0,86,19,49,126,0,194,16,6,22,216
06/05/2006,EYW,FL,ASO,ES,Federal Contract Tower,20,47,27,4,98,0,10,47,1,58,20,57,74,5,156,26,4,30,186
06/06/2006,EYW,FL,ASO,ES,Federal Contract Tower,15,41,24,2,82,0,7,71,1,79,15,48,95,3,161,46,6,52,213
06/07/2006,EYW,FL,ASO,ES,Federal Contract Tower,21,42,14,0,77,0,4,46,4,54,21,46,60,4,131,42,42,84,215
06/08/2006,EYW,FL,ASO,ES,Federal Contract Tower,21,49,45,0,115,0,12,54,2,68,21,61,99,2,183,44,52,96,279
06/09/2006,EYW,FL,ASO,ES,Federal Contract Tower,18,49,37,1,105,0,1,90,3,94,18,50,127,4,199,76,54,130,329
06/10/2006,EYW,FL,ASO,ES,Federal Contract Tower,23,39,30,2,94,0,0,19,0,19,23,39,49,2,113,0,2,2,115
06/11/2006,EYW,FL,ASO,ES,Federal Contract Tower,20,45,27,0,92,0,0,6,0,6,20,45,33,0,98,0,0,0,98
06/12/2006,EYW,FL,ASO,ES,Federal Contract Tower,20,53,21,1,95,0,0,0,0,0,20,53,21,1,95,4,2,6,101
06/13/2006,EYW,FL,ASO,ES,Federal Contract Tower,20,48,27,0,95,0,5,25,0,30,20,53,52,0,125,32,10,42,167
06/14/2006,EYW,FL,ASO,ES,Federal Contract Tower,18,52,32,0,102,0,6,56,0,62,18,58,88,0,164,52,14,66,230
06/15/2006,EYW,FL,ASO,ES,Federal Contract Tower,22,46,45,2,115,0,10,83,1,94,22,56,128,3,209,52,0,52,261
06/16/2006,EYW,FL,ASO,ES,Federal Contract Tower,12,23,44,4,83,11,21,0,0,32,23,44,44,4,115,8,88,96,211
06/17/2006,EYW,FL,ASO,ES,Federal Contract Tower,22,47,34,0,103,0,0,81,2,83,22,47,115,2,186,32,0,32,218
06/18/2006,EYW,FL,ASO,ES,Federal Contract Tower,21,46,2,2,71,0,0,147,5,152,21,46,149,7,223,8,4,12,235
06/19/2006,EYW,FL,ASO,ES,Federal Contract Tower,20,50,28,3,101,0,1,38,3,42,20,51,66,6,143,34,10,44,187
06/20/2006,EYW,FL,ASO,ES,Federal Contract Tower,19,48,26,1,94,0,9,35,6,50,19,57,61,7,144,88,12,100,244
06/21/2006,EYW,FL,ASO,ES,Federal Contract Tower,19,53,29,0,101,0,17,53,4,74,19,70,82,4,175,66,14,80,255
06/22/2006,EYW,FL,ASO,ES,Federal Contract Tower,19,49,36,0,104,0,17,56,0,73,19,66,92,0,177,40,36,76,253
06/23/2006,EYW,FL,ASO,ES,Federal Contract Tower,20,47,42,2,111,0,11,97,0,108,20,58,139,2,219,76,34,110,329
06/24/2006,EYW,FL,ASO,ES,Federal Contract Tower,21,44,32,0,97,0,4,66,4,74,21,48,98,4,171,64,0,64,235
06/25/2006,EYW,FL,ASO,ES,Federal Contract Tower,18,43,35,0,96,0,2,30,0,32,18,45,65,0,128,30,2,32,160
06/26/2006,EYW,FL,ASO,ES,Federal Contract Tower,20,44,40,0,104,0,5,62,2,69,20,49,102,2,173,30,6,36,209
06/27/2006,EYW,FL,ASO,ES,Federal Contract Tower,20,44,16,0,80,0,0,63,0,63,20,44,79,0,143,116,40,156,299
06/28/2006,EYW,FL,ASO,ES,Federal Contract Tower,17,53,22,1,93,0,2,63,0,65,17,55,85,1,158,20,32,52,210
06/29/2006,EYW,FL,ASO,ES,Federal Contract Tower,20,47,18,0,85,0,6,51,4,61,20,53,69,4,146,24,16,40,186
06/30/2006,EYW,FL,ASO,ES,Federal Contract Tower,20,52,37,1,110,0,16,61,4,81,20,68,98,5,191,66,14,80,271
07/01/2006,EYW,FL,ASO,ES,Federal Contract Tower,21,45,27,0,93,0,0,0,0,0,21,45,27,0,93,42,0,42,135
07/02/2006,EYW,FL,ASO,ES,Federal Contract Tower,23,34,21,0,78,0,8,38,0,46,23,42,59,0,124,42,2,44,168
07/03/2006,EYW,FL,ASO,ES,Federal Contract Tower,22,39,25,0,86,0,4,67,2,73,22,43,92,2,159,12,8,20,179
07/04/2006,EYW,FL,ASO,ES,Federal Contract Tower,19,40,27,0,86,0,6,96,0,102,19,46,123,0,188,22,0,22,210
07/05/2006,EYW,FL,ASO,ES,Federal Contract Tower,18,53,33,0,104,0,18,61,0,79,18,71,94,0,183,36,32,68,251
07/06/2006,EYW,FL,ASO,ES,Federal Contract Tower,23,49,23,0,95,0,10,43,10,63,23,59,66,10,158,18,8,26,184
07/07/2006,EYW,FL,ASO,ES,Federal Contract Tower,21,44,27,0,92,0,17,35,9,61,21,61,62,9,153,78,36,114,267
07/08/2006,EYW,FL,ASO,ES,Federal Contract Tower,23,41,25,0,89,0,2,48,8,58,23,43,73,8,147,66,26,92,239
07/09/2006,EYW,FL,ASO,ES,Federal Contract Tower,19,44,27,0,90,0,12,90,0,102,19,56,117,0,192,68,14,82,274
07/10/2006,EYW,FL,ASO,ES,Federal Contract Tower,19,47,20,0,86,0,15,41,4,60,19,62,61,4,146,22,22,44,190
07/11/2006,EYW,FL,ASO,ES,Federal Contract Tower,21,48,23,0,92,0,3,34,1,38,21,51,57,1,130,26,52,78,208
07/12/2006,EYW,FL,ASO,ES,Federal Contract Tower,21,25,25,2,73,0,30,54,5,89,21,55,79,7,162,20,68,88,250
07/13/2006,EYW,FL,ASO,ES,Federal Contract Tower,20,47,23,0,90,0,1,24,1,26,20,48,47,1,116,12,18,30,146
07/14/2006,EYW,FL,ASO,ES,Federal Contract Tower,19,50,40,0,109,0,16,71,12,99,19,66,111,12,208,68,40,108,316
07/15/2006,EYW,FL,ASO,ES,Federal Contract Tower,21,41,34,0,96,0,12,96,8,116,21,53,130,8,212,44,33,77,289
07/16/2006,EYW,FL,ASO,ES,Federal Contract Tower,21,37,28,0,86,0,5,103,5,113,21,42,131,5,199,16,6,22,221
07/17/2006,EYW,FL,ASO,ES,Federal Contract Tower,18,42,19,0,79,0,3,51,4,58,18,45,70,4,137,22,40,62,199
07/18/2006,EYW,FL,ASO,ES,Federal Contract Tower,21,45,19,1,86,0,5,43,0,48,21,50,62,1,134,16,24,40,174
07/19/2006,EYW,FL,ASO,ES,Federal Contract Tower,21,52,28,0,101,0,6,32,0,38,21,58,60,0,139,4,28,32,171
07/20/2006,EYW,FL,ASO,ES,Federal Contract Tower,20,52,22,0,94,0,8,14,1,23,20,60,36,1,117,16,46,62,179
07/21/2006,EYW,FL,ASO,ES,Federal Contract Tower,22,46,41,1,110,0,12,36,5,53,22,58,77,6,163,18,18,36,199
07/22/2006,EYW,FL,ASO,ES,Federal Contract Tower,20,45,45,0,110,0,7,29,4,40,20,52,74,4,150,90,12,102,252
07/23/2006,EYW,FL,ASO,ES,Federal Contract Tower,20,45,47,0,112,0,8,61,3,72,20,53,108,3,184,36,4,40,224
07/24/2006,EYW,FL,ASO,ES,Federal Contract Tower,19,47,30,0,96,0,13,38,5,56,19,60,68,5,152,30,52,82,234
07/25/2006,EYW,FL,ASO,ES,Federal Contract Tower,20,47,34,3,104,0,6,43,5,54,20,53,77,8,158,40,46,86,244
07/26/2006,EYW,FL,ASO,ES,Federal Contract Tower,18,50,17,1,86,0,12,44,17,73,18,62,61,18,159,26,28,54,213
07/27/2006,EYW,FL,ASO,ES,Federal Contract Tower,21,49,36,0,106,0,6,62,5,73,21,55,98,5,179,40,8,48,227
07/28/2006,EYW,FL,ASO,ES,Federal Contract Tower,21,50,37,0,108,0,2,36,0,38,21,52,73,0,146,68,50,118,264
07/29/2006,EYW,FL,ASO,ES,Federal Contract Tower,22,49,41,2,114,0,11,51,0,62,22,60,92,2,176,36,8,44,220
07/30/2006,EYW,FL,ASO,ES,Federal Contract Tower,20,41,62,0,123,0,6,42,0,48,20,47,104,0,171,26,2,28,199
07/31/2006,EYW,FL,ASO,ES,Federal Contract Tower,20,45,29,0,94,0,0,32,4,36,20,45,61,4,130,36,32,68,198
08/01/2006,EYW,FL,ASO,ES,Federal Contract Tower,20,48,16,0,84,0,12,45,2,59,20,60,61,2,143,44,34,78,221
08/02/2006,EYW,FL,ASO,ES,Federal Contract Tower,19,46,31,0,96,0,13,49,2,64,19,59,80,2,160,28,40,68,228
08/03/2006,EYW,FL,ASO,ES,Federal Contract Tower,20,48,24,0,92,0,14,56,0,70,20,62,80,0,162,34,46,80,242
08/04/2006,EYW,FL,ASO,ES,Federal Contract Tower,20,37,25,0,82,0,0,34,0,34,20,37,59,0,116,48,14,62,178
08/05/2006,EYW,FL,ASO,ES,Federal Contract Tower,20,45,25,0,90,0,0,34,0,34,20,45,59,0,124,48,14,62,186
08/06/2006,EYW,FL,ASO,ES,Federal Contract Tower,19,42,21,0,82,0,3,38,0,41,19,45,59,0,123,32,8,40,163
08/07/2006,EYW,FL,ASO,ES,Federal Contract Tower,20,44,20,3,87,0,2,25,2,29,20,46,45,5,116,14,20,34,150
08/08/2006,EYW,FL,ASO,ES,Federal Contract Tower,20,51,9,3,83,0,6,30,4,40,20,57,39,7,123,20,24,44,167
08/09/2006,EYW,FL,ASO,ES,Federal Contract Tower,20,51,14,0,85,0,10,44,2,56,20,61,58,2,141,52,36,88,229
08/10/2006,EYW,FL,ASO,ES,Federal Contract Tower,21,48,26,0,95,0,7,90,3,100,21,55,116,3,195,46,20,66,261
08/11/2006,EYW,FL,ASO,ES,Federal Contract Tower,20,49,37,6,112,0,11,65,0,76,20,60,102,6,188,48,28,76,264
08/12/2006,EYW,FL,ASO,ES,Federal Contract Tower,22,48,35,0,105,0,8,81,0,89,22,56,116,0,194,70,18,88,282
08/13/2006,EYW,FL,ASO,ES,Federal Contract Tower,20,43,43,0,106,0,17,52,0,69,20,60,95,0,175,62,8,70,245
08/14/2006,EYW,FL,ASO,ES,Federal Contract Tower,18,44,16,0,78,0,9,26,0,35,18,53,42,0,113,18,24,42,155
08/15/2006,EYW,FL,ASO,ES,Federal Contract Tower,18,41,30,0,89,0,4,26,0,30,18,45,56,0,119,14,34,48,167
08/16/2006,EYW,FL,ASO,ES,Federal Contract Tower,19,39,20,0,78,0,8,57,0,65,19,47,77,0,143,61,26,87,230
08/17/2006,EYW,FL,ASO,ES,Federal Contract Tower,19,38,34,0,91,0,9,55,0,64,19,47,89,0,155,90,40,130,285
08/18/2006,EYW,FL,ASO,ES,Federal Contract Tower,20,39,37,1,97,0,10,59,12,81,20,49,96,13,178,39,28,67,245
08/19/2006,EYW,FL,ASO,ES,Federal Contract Tower,24,46,33,0,103,0,4,41,0,45,24,50,74,0,148,24,13,37,185
08/20/2006,EYW,FL,ASO,ES,Federal Contract Tower,20,40,33,1,94,0,3,42,9,54,20,43,75,10,148,16,2,18,166
08/21/2006,EYW,FL,ASO,ES,Federal Contract Tower,19,37,17,2,75,0,5,35,0,40,19,42,52,2,115,41,28,69,184
08/22/2006,EYW,FL,ASO,ES,Federal Contract Tower,21,41,11,0,73,0,0,42,0,42,21,41,53,0,115,12,32,44,159
08/23/2006,EYW,FL,ASO,ES,Federal Contract Tower,20,37,23,0,80,0,4,31,0,35,20,41,54,0,115,24,42,66,181
08/24/2006,EYW,FL,ASO,ES,Federal Contract Tower,19,38,25,0,82,0,3,48,0,51,19,41,73,0,133,31,44,75,208
08/25/2006,EYW,FL,ASO,ES,Federal Contract Tower,20,38,25,7,90,0,0,59,0,59,20,38,84,7,149,63,20,83,232
08/26/2006,EYW,FL,ASO,ES,Federal Contract Tower,22,48,15,0,85,0,0,47,3,50,22,48,62,3,135,74,8,82,217
08/27/2006,EYW,FL,ASO,ES,Federal Contract Tower,20,39,32,0,91,0,3,64,0,67,20,42,96,0,158,24,10,34,192
08/28/2006,EYW,FL,ASO,ES,Federal Contract Tower,21,39,19,0,79,0,0,29,0,29,21,39,48,0,108,12,10,22,130
08/29/2006,EYW,FL,ASO,ES,Federal Contract Tower,0,0,0,0,0,0,0,0,0,0,0,0,0,0,0,0,0,0,0
08/30/2006,EYW,FL,ASO,ES,Federal Contract Tower,12,15,4,0,31,0,0,0,0,0,12,15,4,0,31,0,0,0,31
08/31/2006,EYW,FL,ASO,ES,Federal Contract Tower,22,36,17,0,75,5,9,28,0,42,27,45,45,0,117,82,10,92,209
09/01/2006,EYW,FL,ASO,ES,Federal Contract Tower,16,39,32,0,87,0,5,29,1,35,16,44,61,1,122,44,8,52,174
09/02/2006,EYW,FL,ASO,ES,Federal Contract Tower,22,39,31,0,92,0,3,12,0,15,22,42,43,0,107,12,2,14,121
09/03/2006,EYW,FL,ASO,ES,Federal Contract Tower,21,30,17,0,68,0,11,25,0,36,21,41,42,0,104,48,10,58,162
09/04/2006,EYW,FL,ASO,ES,Federal Contract Tower,18,36,54,0,108,0,10,52,0,62,18,46,106,0,170,10,0,10,180
09/05/2006,EYW,FL,ASO,ES,Federal Contract Tower,17,38,13,0,68,0,4,16,0,20,17,42,29,0,88,14,44,58,146
09/06/2006,EYW,FL,ASO,ES,Federal Contract Tower,25,35,12,0,72,0,0,38,0,38,25,35,50,0,110,65,50,115,225
09/07/2006,EYW,FL,ASO,ES,Federal Contract Tower,20,36,19,0,75,0,8,40,3,51,20,44,59,3,126,43,59,102,228
09/08/2006,EYW,FL,ASO,ES,Federal Contract Tower,20,43,29,0,92,0,12,51,0,63,20,55,80,0,155,29,88,117,272
09/09/2006,EYW,FL,ASO,ES,Federal Contract Tower,19,49,18,0,86,0,2,39,2,43,19,51,57,2,129,52,52,104,233
09/10/2006,EYW,FL,ASO,ES,Federal Contract Tower,18,48,25,0,91,0,5,71,0,76,18,53,96,0,167,18,10,28,195
09/11/2006,EYW,FL,ASO,ES,Federal Contract Tower,19,41,17,0,77,0,7,39,1,47,19,48,56,1,124,36,60,96,220
09/12/2006,EYW,FL,ASO,ES,Federal Contract Tower,19,39,20,0,78,0,5,48,0,53,19,44,68,0,131,26,64,90,221
09/13/2006,EYW,FL,ASO,ES,Federal Contract Tower,18,44,17,0,79,0,3,33,0,36,18,47,50,0,115,57,21,78,193
09/14/2006,EYW,FL,ASO,ES,Federal Contract Tower,17,43,13,0,73,0,11,30,4,45,17,54,43,4,118,59,28,87,205
09/15/2006,EYW,FL,ASO,ES,Federal Contract Tower,19,43,33,0,95,0,3,65,4,72,19,46,98,4,167,34,18,52,219
09/16/2006,EYW,FL,ASO,ES,Federal Contract Tower,19,50,24,0,93,0,4,91,0,95,19,54,115,0,188,90,8,98,286
09/17/2006,EYW,FL,ASO,ES,Federal Contract Tower,24,46,31,0,101,0,7,99,0,106,24,53,130,0,207,24,8,32,239
09/18/2006,EYW,FL,ASO,ES,Federal Contract Tower,18,44,21,0,83,0,0,24,0,24,18,44,45,0,107,2,38,40,147
09/19/2006,EYW,FL,ASO,ES,Federal Contract Tower,18,41,10,2,71,0,0,30,0,30,18,41,40,2,101,14,12,26,127
09/20/2006,EYW,FL,ASO,ES,Federal Contract Tower,17,41,18,0,76,0,8,43,0,51,17,49,61,0,127,22,30,52,179
09/21/2006,EYW,FL,ASO,ES,Federal Contract Tower,19,43,28,2,92,0,3,57,2,62,19,46,85,4,154,28,54,82,236
09/22/2006,EYW,FL,ASO,ES,Federal Contract Tower,17,46,28,0,91,0,11,70,0,81,17,57,98,0,172,47,67,114,286
09/23/2006,EYW,FL,ASO,ES,Federal Contract Tower,19,50,45,0,114,0,3,82,0,85,19,53,127,0,199,78,32,110,309
09/24/2006,EYW,FL,ASO,ES,Federal Contract Tower,21,48,36,0,105,0,10,84,0,94,21,58,120,0,199,42,22,64,263
09/25/2006,EYW,FL,ASO,ES,Federal Contract Tower,19,42,28,2,91,0,10,26,0,36,19,52,54,2,127,16,48,64,191
09/26/2006,EYW,FL,ASO,ES,Federal Contract Tower,19,43,21,1,84,0,5,30,0,35,19,48,51,1,119,16,36,52,171
09/27/2006,EYW,FL,ASO,ES,Federal Contract Tower,22,40,14,2,78,0,0,45,0,45,22,40,59,2,123,26,48,74,197
09/28/2006,EYW,FL,ASO,ES,Federal Contract Tower,19,44,27,1,91,0,3,52,0,55,19,47,79,1,146,18,2,20,166
09/29/2006,EYW,FL,ASO,ES,Federal Contract Tower,19,45,31,2,97,0,10,64,0,74,19,55,95,2,171,14,18,32,203
09/30/2006,EYW,FL,ASO,ES,Federal Contract Tower,19,49,26,0,94,0,5,43,0,48,19,54,69,0,142,35,10,45,187
10/01/2006,EYW,FL,ASO,ES,Federal Contract Tower,19,46,36,0,101,0,9,80,1,90,19,55,116,1,191,14,18,32,223
10/02/2006,EYW,FL,ASO,ES,Federal Contract Tower,19,45,17,1,82,0,13,31,0,44,19,58,48,1,126,2,46,48,174
10/03/2006,EYW,FL,ASO,ES,Federal Contract Tower,18,39,18,0,75,0,4,28,0,32,18,43,46,0,107,0,92,92,199
10/04/2006,EYW,FL,ASO,ES,Federal Contract Tower,21,38,18,0,77,0,1,41,0,42,21,39,59,0,119,0,81,81,200
10/05/2006,EYW,FL,ASO,ES,Federal Contract Tower,20,44,40,0,104,0,0,32,0,32,20,44,72,0,136,16,90,106,242
10/06/2006,EYW,FL,ASO,ES,Federal Contract Tower,19,42,26,3,90,0,3,43,13,59,19,45,69,16,149,26,46,72,221
10/07/2006,EYW,FL,ASO,ES,Federal Contract Tower,22,44,22,0,88,0,6,90,1,97,22,50,112,1,185,44,0,44,229
10/08/2006,EYW,FL,ASO,ES,Federal Contract Tower,19,44,33,1,97,0,5,80,11,96,19,49,113,12,193,22,0,22,215
10/09/2006,EYW,FL,ASO,ES,Federal Contract Tower,19,42,19,1,81,0,8,35,0,43,19,50,54,1,124,16,8,24,148
10/10/2006,EYW,FL,ASO,ES,Federal Contract Tower,19,37,20,0,76,0,0,31,0,31,19,37,51,0,107,6,50,56,163
10/11/2006,EYW,FL,ASO,ES,Federal Contract Tower,18,43,19,0,80,0,8,56,0,64,18,51,75,0,144,18,81,99,243
10/12/2006,EYW,FL,ASO,ES,Federal Contract Tower,19,40,20,0,79,0,9,42,3,54,19,49,62,3,133,43,16,59,192
10/13/2006,EYW,FL,ASO,ES,Federal Contract Tower,19,44,22,2,87,0,17,71,0,88,19,61,93,2,175,6,12,18,193
10/14/2006,EYW,FL,ASO,ES,Federal Contract Tower,19,47,21,0,87,0,12,82,0,94,19,59,103,0,181,34,14,48,229
10/15/2006,EYW,FL,ASO,ES,Federal Contract Tower,19,47,30,0,96,0,10,65,0,75,19,57,95,0,171,16,4,20,191
10/16/2006,EYW,FL,ASO,ES,Federal Contract Tower,19,41,25,0,85,0,17,34,0,51,19,58,59,0,136,38,54,92,228
10/17/2006,EYW,FL,ASO,ES,Federal Contract Tower,20,41,7,1,69,0,6,53,1,60,20,47,60,2,129,5,75,80,209
10/18/2006,EYW,FL,ASO,ES,Federal Contract Tower,20,42,27,0,89,0,3,66,20,89,20,45,93,20,178,24,52,76,254
10/19/2006,EYW,FL,ASO,ES,Federal Contract Tower,19,44,31,0,94,0,5,46,2,53,19,49,77,2,147,16,63,79,226
10/20/2006,EYW,FL,ASO,ES,Federal Contract Tower,20,47,35,3,105,0,16,71,16,103,20,63,106,19,208,42,22,64,272
10/21/2006,EYW,FL,ASO,ES,Federal Contract Tower,20,47,53,0,120,0,13,71,0,84,20,60,124,0,204,38,4,42,246
10/22/2006,EYW,FL,ASO,ES,Federal Contract Tower,21,46,33,1,101,0,15,93,11,119,21,61,126,12,220,40,2,42,262
10/23/2006,EYW,FL,ASO,ES,Federal Contract Tower,22,46,49,0,117,0,13,27,21,61,22,59,76,21,178,16,18,34,212
10/24/2006,EYW,FL,ASO,ES,Federal Contract Tower,20,47,27,0,94,0,5,28,0,33,20,52,55,0,127,0,56,56,183
10/25/2006,EYW,FL,ASO,ES,Federal Contract Tower,22,50,46,0,118,0,4,85,0,89,22,54,131,0,207,38,66,104,311
10/26/2006,EYW,FL,ASO,ES,Federal Contract Tower,25,45,45,0,115,0,24,85,30,139,25,69,130,30,254,22,20,42,296
10/27/2006,EYW,FL,ASO,ES,Federal Contract Tower,20,43,54,0,117,0,0,80,0,80,20,43,134,0,197,14,44,58,255
10/28/2006,EYW,FL,ASO,ES,Federal Contract Tower,21,48,54,0,123,0,1,9,0,10,21,49,63,0,133,0,0,0,133
10/29/2006,EYW,FL,ASO,ES,Federal Contract Tower,26,52,91,0,169,0,21,115,0,136,26,73,206,0,305,12,22,34,339
10/30/2006,EYW,FL,ASO,ES,Federal Contract Tower,26,48,39,0,113,0,4,58,0,62,26,52,97,0,175,28,112,140,315
10/31/2006,EYW,FL,ASO,ES,Federal Contract Tower,20,49,25,0,94,0,10,41,2,53,20,59,66,2,147,17,85,102,249
11/01/2006,EYW,FL,ASO,ES,Federal Contract Tower,24,53,25,1,103,0,11,21,0,32,24,64,46,1,135,40,42,82,217
11/02/2006,EYW,FL,ASO,ES,Federal Contract Tower,22,55,19,1,97,0,0,5,0,5,22,55,24,1,102,0,11,11,113
11/03/2006,EYW,FL,ASO,ES,Federal Contract Tower,20,47,40,5,112,0,4,35,0,39,20,51,75,5,151,10,36,46,197
11/04/2006,EYW,FL,ASO,ES,Federal Contract Tower,20,42,23,0,85,0,11,22,4,37,20,53,45,4,122,0,48,48,170
11/05/2006,EYW,FL,ASO,ES,Federal Contract Tower,22,41,36,0,99,0,6,44,0,50,22,47,80,0,149,8,0,8,157
11/06/2006,EYW,FL,ASO,ES,Federal Contract Tower,21,48,25,0,94,0,6,34,4,44,21,54,59,4,138,0,94,94,232
11/07/2006,EYW,FL,ASO,ES,Federal Contract Tower,21,49,30,1,101,0,0,8,0,8,21,49,38,1,109,2,18,20,129
11/08/2006,EYW,FL,ASO,ES,Federal Contract Tower,20,50,32,0,102,0,6,57,8,71,20,56,89,8,173,79,6,85,258
11/09/2006,EYW,FL,ASO,ES,Federal Contract Tower,19,49,63,0,131,0,8,69,1,78,19,57,132,1,209,53,44,97,306
11/10/2006,EYW,FL,ASO,ES,Federal Contract Tower,17,55,37,1,110,0,10,118,0,128,17,65,155,1,238,0,0,0,238
11/11/2006,EYW,FL,ASO,ES,Federal Contract Tower,19,45,48,1,113,0,11,75,0,86,19,56,123,1,199,72,40,112,311
11/12/2006,EYW,FL,ASO,ES,Federal Contract Tower,22,51,74,1,148,0,34,107,7,148,22,85,181,8,296,20,2,22,318
11/13/2006,EYW,FL,ASO,ES,Federal Contract Tower,21,48,43,0,112,0,2,60,0,62,21,50,103,0,174,32,46,78,252
11/14/2006,EYW,FL,ASO,ES,Federal Contract Tower,20,56,27,0,103,0,1,77,0,78,20,57,104,0,181,34,128,162,343
11/15/2006,EYW,FL,ASO,ES,Federal Contract Tower,20,55,25,0,100,0,4,54,0,58,20,59,79,0,158,43,78,121,279
11/16/2006,EYW,FL,ASO,ES,Federal Contract Tower,20,57,34,0,111,0,6,12,0,18,20,63,46,0,129,0,14,14,143
11/17/2006,EYW,FL,ASO,ES,Federal Contract Tower,21,58,49,0,128,0,2,49,2,53,21,60,98,2,181,64,48,112,293
11/18/2006,EYW,FL,ASO,ES,Federal Contract Tower,21,42,44,0,107,0,5,48,0,53,21,47,92,0,160,9,38,47,207
11/19/2006,EYW,FL,ASO,ES,Federal Contract Tower,21,46,42,0,109,0,15,61,0,76,21,61,103,0,185,26,24,50,235
11/20/2006,EYW,FL,ASO,ES,Federal Contract Tower,19,57,22,0,98,0,5,52,0,57,19,62,74,0,155,58,36,94,249
11/21/2006,EYW,FL,ASO,ES,Federal Contract Tower,19,54,33,0,106,0,1,29,0,30,19,55,62,0,136,4,4,8,144
11/22/2006,EYW,FL,ASO,ES,Federal Contract Tower,20,56,52,0,128,0,3,70,0,73,20,59,122,0,201,30,6,36,237
11/23/2006,EYW,FL,ASO,ES,Federal Contract Tower,21,40,14,0,75,0,2,57,0,59,21,42,71,0,134,16,2,18,152
11/24/2006,EYW,FL,ASO,ES,Federal Contract Tower,20,48,34,0,102,0,16,72,0,88,20,64,106,0,190,39,0,39,229
11/25/2006,EYW,FL,ASO,ES,Federal Contract Tower,20,48,39,0,107,0,12,67,0,79,20,60,106,0,186,0,2,2,188
11/26/2006,EYW,FL,ASO,ES,Federal Contract Tower,19,53,67,1,140,0,2,56,0,58,19,55,123,1,198,10,4,14,212
11/27/2006,EYW,FL,ASO,ES,Federal Contract Tower,21,55,30,1,107,0,2,39,0,41,21,57,69,1,148,50,34,84,232
11/28/2006,EYW,FL,ASO,ES,Federal Contract Tower,17,48,28,0,93,0,0,15,0,15,17,48,43,0,108,6,44,50,158
11/29/2006,EYW,FL,ASO,ES,Federal Contract Tower,19,52,21,0,92,0,3,43,0,46,19,55,64,0,138,65,68,133,271
11/30/2006,EYW,FL,ASO,ES,Federal Contract Tower,19,56,30,0,105,0,6,57,0,63,19,62,87,0,168,18,74,92,260
12/01/2006,EYW,FL,ASO,ES,Federal Contract Tower,16,57,50,1,124,0,8,39,0,47,16,65,89,1,171,22,52,74,245
12/02/2006,EYW,FL,ASO,ES,Federal Contract Tower,18,44,33,0,95,0,16,49,0,65,18,60,82,0,160,36,40,76,236
12/03/2006,EYW,FL,ASO,ES,Federal Contract Tower,19,41,51,0,111,0,12,61,0,73,19,53,112,0,184,38,4,42,226
12/04/2006,EYW,FL,ASO,ES,Federal Contract Tower,19,49,28,1,97,0,9,28,0,37,19,58,56,1,134,8,74,82,216
12/05/2006,EYW,FL,ASO,ES,Federal Contract Tower,20,51,25,1,97,0,3,63,0,66,20,54,88,1,163,14,65,79,242
12/06/2006,EYW,FL,ASO,ES,Federal Contract Tower,19,52,31,0,102,0,0,57,0,57,19,52,88,0,159,50,41,91,250
12/07/2006,EYW,FL,ASO,ES,Federal Contract Tower,18,55,40,0,113,0,9,53,0,62,18,64,93,0,175,64,32,96,271
12/08/2006,EYW,FL,ASO,ES,Federal Contract Tower,19,52,43,0,114,0,13,17,4,34,19,65,60,4,148,6,32,38,186
12/09/2006,EYW,FL,ASO,ES,Federal Contract Tower,19,46,35,0,100,0,5,36,0,41,19,51,71,0,141,4,46,50,191
12/10/2006,EYW,FL,ASO,ES,Federal Contract Tower,19,40,49,0,108,0,3,34,0,37,19,43,83,0,145,0,0,0,145
12/11/2006,EYW,FL,ASO,ES,Federal Contract Tower,21,52,24,0,97,0,0,40,0,40,21,52,64,0,137,13,48,61,198
12/12/2006,EYW,FL,ASO,ES,Federal Contract Tower,18,56,28,0,102,0,0,47,0,47,18,56,75,0,149,50,64,114,263
12/13/2006,EYW,FL,ASO,ES,Federal Contract Tower,18,54,28,0,100,0,0,51,4,55,18,54,79,4,155,67,34,101,256
12/14/2006,EYW,FL,ASO,ES,Federal Contract Tower,20,51,34,0,105,0,2,55,2,59,20,53,89,2,164,114,78,192,356
12/15/2006,EYW,FL,ASO,ES,Federal Contract Tower,20,62,39,0,121,0,5,39,0,44,20,67,78,0,165,82,82,164,329
12/16/2006,EYW,FL,ASO,ES,Federal Contract Tower,18,45,30,0,93,0,4,18,0,22,18,49,48,0,115,35,30,65,180
12/17/2006,EYW,FL,ASO,ES,Federal Contract Tower,19,50,42,0,111,0,0,10,2,12,19,50,52,2,123,2,0,2,125
12/18/2006,EYW,FL,ASO,ES,Federal Contract Tower,20,55,23,0,98,0,7,49,0,56,20,62,72,0,154,60,28,88,242
12/19/2006,EYW,FL,ASO,ES,Federal Contract Tower,17,57,31,0,105,0,0,52,2,54,17,57,83,2,159,65,31,96,255
12/20/2006,EYW,FL,ASO,ES,Federal Contract Tower,19,61,42,0,122,0,0,60,0,60,19,61,102,0,182,28,37,65,247
12/21/2006,EYW,FL,ASO,ES,Federal Contract Tower,19,64,45,0,128,0,2,17,0,19,19,66,62,0,147,19,10,29,176
12/22/2006,EYW,FL,ASO,ES,Federal Contract Tower,19,68,43,0,130,0,13,35,0,48,19,81,78,0,178,54,10,64,242
12/23/2006,EYW,FL,ASO,ES,Federal Contract Tower,18,47,36,0,101,0,7,49,2,58,18,54,85,2,159,78,4,82,241
12/24/2006,EYW,FL,ASO,ES,Federal Contract Tower,22,40,14,0,76,0,23,48,0,71,22,63,62,0,147,8,10,18,165
12/25/2006,EYW,FL,ASO,ES,Federal Contract Tower,17,40,4,0,61,0,1,6,0,7,17,41,10,0,68,4,8,12,80
12/26/2006,EYW,FL,ASO,ES,Federal Contract Tower,18,63,68,0,149,0,7,26,0,33,18,70,94,0,182,18,0,18,200
12/27/2006,EYW,FL,ASO,ES,Federal Contract Tower,19,57,84,0,160,0,19,84,0,103,19,76,168,0,263,23,6,29,292
12/28/2006,EYW,FL,ASO,ES,Federal Contract Tower,19,58,74,2,153,0,34,88,2,124,19,92,162,4,277,40,22,62,339
12/29/2006,EYW,FL,ASO,ES,Federal Contract Tower,19,61,63,2,145,0,9,81,0,90,19,70,144,2,235,36,8,44,279
12/30/2006,EYW,FL,ASO,ES,Federal Contract Tower,19,51,60,0,130,0,9,90,3,102,19,60,150,3,232,58,2,60,292
12/31/2006,EYW,FL,ASO,ES,Federal Contract Tower,19,51,60,0,130,0,9,90,3,102,19,60,150,3,232,58,2,60,292
01/01/2007,EYW,FL,ASO,ES,Federal Contract Tower,21,51,73,0,145,0,8,55,1,64,21,59,128,1,209,20,6,26,235
01/02/2007,EYW,FL,ASO,ES,Federal Contract Tower,19,56,90,0,165,0,0,63,0,63,19,56,153,0,228,66,6,72,300
01/03/2007,EYW,FL,ASO,ES,Federal Contract Tower,19,64,52,0,135,0,5,53,0,58,19,69,105,0,193,32,16,48,241
01/04/2007,EYW,FL,ASO,ES,Federal Contract Tower,19,57,34,0,110,0,13,43,0,56,19,70,77,0,166,26,8,34,200
01/05/2007,EYW,FL,ASO,ES,Federal Contract Tower,18,58,29,0,105,0,16,68,0,84,18,74,97,0,189,77,46,123,312
01/06/2007,EYW,FL,ASO,ES,Federal Contract Tower,19,50,40,0,109,0,6,80,0,86,19,56,120,0,195,54,12,66,261
01/07/2007,EYW,FL,ASO,ES,Federal Contract Tower,19,52,54,0,125,0,18,79,0,97,19,70,133,0,222,10,28,38,260
01/08/2007,EYW,FL,ASO,ES,Federal Contract Tower,18,57,36,0,111,0,15,41,0,56,18,72,77,0,167,28,24,52,219
01/09/2007,EYW,FL,ASO,ES,Federal Contract Tower,20,55,24,0,99,0,0,32,0,32,20,55,56,0,131,14,48,62,193
01/10/2007,EYW,FL,ASO,ES,Federal Contract Tower,22,56,39,0,117,0,0,43,0,43,22,56,82,0,160,18,66,84,244
01/11/2007,EYW,FL,ASO,ES,Federal Contract Tower,20,20,63,0,103,0,41,28,0,69,20,61,91,0,172,38,44,82,254
01/12/2007,EYW,FL,ASO,ES,Federal Contract Tower,17,64,59,1,141,0,1,74,1,76,17,65,133,2,217,62,70,132,349
01/13/2007,EYW,FL,ASO,ES,Federal Contract Tower,21,49,58,1,129,0,0,63,0,63,21,49,121,1,192,95,32,127,319
01/14/2007,EYW,FL,ASO,ES,Federal Contract Tower,21,47,44,0,112,0,16,65,0,81,21,63,109,0,193,0,0,0,193
01/15/2007,EYW,FL,ASO,ES,Federal Contract Tower,22,58,43,2,125,0,15,67,0,82,22,73,110,2,207,90,54,144,351
01/16/2007,EYW,FL,ASO,ES,Federal Contract Tower,21,53,27,3,104,0,12,56,0,68,21,65,83,3,172,34,97,131,303
01/17/2007,EYW,FL,ASO,ES,Federal Contract Tower,21,50,28,1,100,0,0,48,3,51,21,50,76,4,151,26,93,119,270
01/18/2007,EYW,FL,ASO,ES,Federal Contract Tower,17,55,54,0,126,0,1,38,0,39,17,56,92,0,165,58,93,151,316
01/19/2007,EYW,FL,ASO,ES,Federal Contract Tower,21,65,69,2,157,0,0,52,7,59,21,65,121,9,216,41,72,113,329
01/20/2007,EYW,FL,ASO,ES,Federal Contract Tower,23,46,70,2,141,0,7,44,1,52,23,53,114,3,193,80,23,103,296
01/21/2007,EYW,FL,ASO,ES,Federal Contract Tower,21,53,52,2,128,0,10,59,1,70,21,63,111,3,198,14,40,54,252
01/22/2007,EYW,FL,ASO,ES,Federal Contract Tower,21,55,36,0,112,0,15,39,0,54,21,70,75,0,166,26,102,128,294
01/23/2007,EYW,FL,ASO,ES,Federal Contract Tower,21,56,27,0,104,0,9,40,2,51,21,65,67,2,155,42,80,122,277
01/24/2007,EYW,FL,ASO,ES,Federal Contract Tower,20,53,19,0,92,0,0,50,0,50,20,53,69,0,142,32,103,135,277
01/25/2007,EYW,FL,ASO,ES,Federal Contract Tower,20,57,43,0,120,0,4,11,0,15,20,61,54,0,135,8,2,10,145
01/26/2007,EYW,FL,ASO,ES,Federal Contract Tower,20,58,51,0,129,0,8,74,2,84,20,66,125,2,213,32,38,70,283
01/27/2007,EYW,FL,ASO,ES,Federal Contract Tower,20,57,40,0,117,0,6,74,0,80,20,63,114,0,197,69,8,77,274
01/28/2007,EYW,FL,ASO,ES,Federal Contract Tower,20,56,64,0,140,0,12,17,0,29,20,68,81,0,169,19,4,23,192
01/29/2007,EYW,FL,ASO,ES,Federal Contract Tower,17,50,41,0,108,0,1,24,0,25,17,51,65,0,133,43,65,108,241
01/30/2007,EYW,FL,ASO,ES,Federal Contract Tower,20,55,28,0,103,0,5,61,0,66,20,60,89,0,169,42,80,122,291
01/31/2007,EYW,FL,ASO,ES,Federal Contract Tower,21,50,39,0,110,0,8,61,0,69,21,58,100,0,179,48,41,89,268
02/01/2007,EYW,FL,ASO,ES,Federal Contract Tower,19,58,51,0,128,0,2,51,0,53,19,60,102,0,181,105,22,127,308
02/02/2007,EYW,FL,ASO,ES,Federal Contract Tower,21,58,34,0,113,0,5,35,0,40,21,63,69,0,153,93,8,101,254
02/03/2007,EYW,FL,ASO,ES,Federal Contract Tower,21,52,56,0,129,0,4,32,0,36,21,56,88,0,165,34,64,98,263
02/04/2007,EYW,FL,ASO,ES,Federal Contract Tower,21,58,48,0,127,0,3,7,0,10,21,61,55,0,137,10,30,40,177
02/05/2007,EYW,FL,ASO,ES,Federal Contract Tower,19,63,54,0,136,0,4,12,0,16,19,67,66,0,152,2,56,58,210
02/06/2007,EYW,FL,ASO,ES,Federal Contract Tower,20,53,29,0,102,0,3,31,0,34,20,56,60,0,136,6,58,64,200
02/07/2007,EYW,FL,ASO,ES,Federal Contract Tower,21,57,31,0,109,0,5,39,0,44,21,62,70,0,153,44,64,108,261
02/08/2007,EYW,FL,ASO,ES,Federal Contract Tower,21,62,35,1,119,0,0,40,0,40,21,62,75,1,159,34,52,86,245
02/09/2007,EYW,FL,ASO,ES,Federal Contract Tower,21,63,73,7,164,0,12,49,2,63,21,75,122,9,227,43,30,73,300
02/10/2007,EYW,FL,ASO,ES,Federal Contract Tower,21,46,64,4,135,0,9,90,0,99,21,55,154,4,234,52,10,62,296
02/11/2007,EYW,FL,ASO,ES,Federal Contract Tower,21,48,85,3,157,0,14,54,3,71,21,62,139,6,228,39,20,59,287
02/12/2007,EYW,FL,ASO,ES,Federal Contract Tower,21,57,29,0,107,0,0,12,0,12,21,57,41,0,119,10,38,48,167
02/13/2007,EYW,FL,ASO,ES,Federal Contract Tower,21,55,21,0,97,0,13,32,0,45,21,68,53,0,142,26,16,42,184
02/14/2007,EYW,FL,ASO,ES,Federal Contract Tower,19,59,37,0,115,0,14,33,0,47,19,73,70,0,162,63,24,87,249
02/15/2007,EYW,FL,ASO,ES,Federal Contract Tower,20,62,82,0,164,0,12,8,0,20,20,74,90,0,184,40,70,110,294
02/16/2007,EYW,FL,ASO,ES,Federal Contract Tower,22,67,83,0,172,0,11,29,0,40,22,78,112,0,212,10,38,48,260
02/17/2007,EYW,FL,ASO,ES,Federal Contract Tower,23,46,89,0,158,0,17,75,0,92,23,63,164,0,250,34,16,50,300
02/18/2007,EYW,FL,ASO,ES,Federal Contract Tower,21,49,61,0,131,0,17,16,0,33,21,66,77,0,164,0,8,8,172
02/19/2007,EYW,FL,ASO,ES,Federal Contract Tower,22,61,65,0,148,0,21,63,4,88,22,82,128,4,236,58,16,74,310
02/20/2007,EYW,FL,ASO,ES,Federal Contract Tower,19,59,31,0,109,0,11,63,0,74,19,70,94,0,183,18,36,54,237
02/21/2007,EYW,FL,ASO,ES,Federal Contract Tower,23,54,58,0,135,0,21,63,1,85,23,75,121,1,220,46,104,150,370
02/22/2007,EYW,FL,ASO,ES,Federal Contract Tower,23,57,47,0,127,0,22,55,0,77,23,79,102,0,204,38,83,121,325
02/23/2007,EYW,FL,ASO,ES,Federal Contract Tower,23,53,52,0,128,0,23,74,0,97,23,76,126,0,225,115,68,183,408
02/24/2007,EYW,FL,ASO,ES,Federal Contract Tower,23,50,43,0,116,0,20,86,0,106,23,70,129,0,222,47,27,74,296
02/25/2007,EYW,FL,ASO,ES,Federal Contract Tower,19,53,58,0,130,0,36,79,0,115,19,89,137,0,245,50,20,70,315
02/26/2007,EYW,FL,ASO,ES,Federal Contract Tower,23,60,45,0,128,0,32,64,0,96,23,92,109,0,224,40,72,112,336
02/27/2007,EYW,FL,ASO,ES,Federal Contract Tower,22,60,28,0,110,0,25,42,0,67,22,85,70,0,177,49,18,67,244
02/28/2007,EYW,FL,ASO,ES,Federal Contract Tower,22,60,32,0,114,0,16,57,0,73,22,76,89,0,187,56,104,160,347
03/01/2007,EYW,FL,ASO,ES,Federal Contract Tower,22,60,63,0,145,0,35,50,0,85,22,95,113,0,230,76,108,184,414
03/02/2007,EYW,FL,ASO,ES,Federal Contract Tower,24,57,56,1,138,0,13,54,0,67,24,70,110,1,205,102,114,216,421
03/03/2007,EYW,FL,ASO,ES,Federal Contract Tower,23,47,48,0,118,0,15,84,0,99,23,62,132,0,217,99,4,103,320
03/04/2007,EYW,FL,ASO,ES,Federal Contract Tower,25,48,72,0,145,0,16,61,0,77,25,64,133,0,222,52,4,56,278
03/05/2007,EYW,FL,ASO,ES,Federal Contract Tower,23,59,42,0,124,0,6,29,0,35,23,65,71,0,159,0,100,100,259
03/06/2007,EYW,FL,ASO,ES,Federal Contract Tower,24,55,31,0,110,0,21,51,0,72,24,76,82,0,182,12,108,120,302
03/07/2007,EYW,FL,ASO,ES,Federal Contract Tower,24,52,42,0,118,0,20,60,0,80,24,72,102,0,198,47,110,157,355
03/08/2007,EYW,FL,ASO,ES,Federal Contract Tower,26,63,61,0,150,0,14,53,0,67,26,77,114,0,217,34,64,98,315
03/09/2007,EYW,FL,ASO,ES,Federal Contract Tower,26,63,44,0,133,0,17,58,0,75,26,80,102,0,208,40,60,100,308
03/10/2007,EYW,FL,ASO,ES,Federal Contract Tower,24,52,60,0,136,0,9,65,3,77,24,61,125,3,213,97,16,113,326
03/11/2007,EYW,FL,ASO,ES,Federal Contract Tower,23,53,63,0,139,0,25,100,2,127,23,78,163,2,266,31,8,39,305
03/12/2007,EYW,FL,ASO,ES,Federal Contract Tower,24,60,49,0,133,0,25,77,0,102,24,85,126,0,235,4,58,62,297
03/13/2007,EYW,FL,ASO,ES,Federal Contract Tower,24,58,56,0,138,0,21,23,0,44,24,79,79,0,182,16,64,80,262
03/14/2007,EYW,FL,ASO,ES,Federal Contract Tower,24,55,42,0,121,0,14,61,0,75,24,69,103,0,196,20,40,60,256
03/15/2007,EYW,FL,ASO,ES,Federal Contract Tower,24,57,58,0,139,0,27,41,0,68,24,84,99,0,207,49,4,53,260
03/16/2007,EYW,FL,ASO,ES,Federal Contract Tower,24,64,73,0,161,0,5,24,5,34,24,69,97,5,195,14,8,22,217
03/17/2007,EYW,FL,ASO,ES,Federal Contract Tower,21,52,56,0,129,0,8,64,0,72,21,60,120,0,201,4,0,4,205
03/18/2007,EYW,FL,ASO,ES,Federal Contract Tower,24,57,90,0,171,0,24,72,8,104,24,81,162,8,275,21,18,39,314
03/19/2007,EYW,FL,ASO,ES,Federal Contract Tower,24,57,48,1,130,0,7,58,0,65,24,64,106,1,195,26,22,48,243
03/20/2007,EYW,FL,ASO,ES,Federal Contract Tower,25,50,43,2,120,0,22,61,0,83,25,72,104,2,203,43,64,107,310
03/21/2007,EYW,FL,ASO,ES,Federal Contract Tower,25,56,42,1,124,0,6,33,0,39,25,62,75,1,163,4,42,46,209
03/22/2007,EYW,FL,ASO,ES,Federal Contract Tower,24,59,58,0,141,0,4,55,0,59,24,63,113,0,200,10,54,64,264
03/23/2007,EYW,FL,ASO,ES,Federal Contract Tower,24,69,58,3,154,0,9,50,0,59,24,78,108,3,213,47,44,91,304
03/24/2007,EYW,FL,ASO,ES,Federal Contract Tower,24,54,54,0,132,0,13,62,0,75,24,67,116,0,207,22,0,22,229
03/25/2007,EYW,FL,ASO,ES,Federal Contract Tower,23,58,57,0,138,0,7,75,1,83,23,65,132,1,221,50,6,56,277
03/26/2007,EYW,FL,ASO,ES,Federal Contract Tower,22,61,32,0,115,0,0,33,0,33,22,61,65,0,148,36,67,103,251
03/27/2007,EYW,FL,ASO,ES,Federal Contract Tower,24,54,40,0,118,0,7,71,4,82,24,61,111,4,200,32,66,98,298
03/28/2007,EYW,FL,ASO,ES,Federal Contract Tower,23,56,31,0,110,0,7,82,2,91,23,63,113,2,201,67,78,145,346
03/29/2007,EYW,FL,ASO,ES,Federal Contract Tower,24,67,55,0,146,0,19,72,0,91,24,86,127,0,237,90,66,156,393
03/30/2007,EYW,FL,ASO,ES,Federal Contract Tower,19,69,66,1,155,0,9,29,0,38,19,78,95,1,193,50,32,82,275
03/31/2007,EYW,FL,ASO,ES,Federal Contract Tower,24,51,72,0,147,0,7,63,6,76,24,58,135,6,223,32,8,40,263
04/01/2007,EYW,FL,ASO,ES,Federal Contract Tower,24,58,91,1,174,0,19,72,4,95,24,77,163,5,269,54,10,64,333
04/02/2007,EYW,FL,ASO,ES,Federal Contract Tower,25,62,35,0,122,0,31,51,9,91,25,93,86,9,213,24,82,106,319
04/03/2007,EYW,FL,ASO,ES,Federal Contract Tower,25,60,29,0,114,0,18,44,0,62,25,78,73,0,176,40,58,98,274
04/04/2007,EYW,FL,ASO,ES,Federal Contract Tower,24,56,48,0,128,0,27,65,3,95,24,83,113,3,223,34,16,50,273
04/05/2007,EYW,FL,ASO,ES,Federal Contract Tower,25,64,51,0,140,0,41,76,1,118,25,105,127,1,258,89,32,121,379
04/06/2007,EYW,FL,ASO,ES,Federal Contract Tower,23,63,33,0,119,0,12,56,0,68,23,75,89,0,187,22,18,40,227
04/07/2007,EYW,FL,ASO,ES,Federal Contract Tower,24,51,75,0,150,0,14,59,0,73,24,65,134,0,223,38,2,40,263
04/08/2007,EYW,FL,ASO,ES,Federal Contract Tower,24,54,42,0,120,0,11,70,0,81,24,65,112,0,201,22,8,30,231
04/09/2007,EYW,FL,ASO,ES,Federal Contract Tower,23,59,62,0,144,0,17,39,0,56,23,76,101,0,200,67,32,99,299
04/10/2007,EYW,FL,ASO,ES,Federal Contract Tower,23,57,50,0,130,0,13,18,0,31,23,70,68,0,161,32,50,82,243
04/11/2007,EYW,FL,ASO,ES,Federal Contract Tower,24,63,31,0,118,0,10,38,6,54,24,73,69,6,172,10,52,62,234
04/12/2007,EYW,FL,ASO,ES,Federal Contract Tower,23,67,39,0,129,0,13,40,1,54,23,80,79,1,183,46,82,128,311
04/13/2007,EYW,FL,ASO,ES,Federal Contract Tower,23,67,69,1,160,0,21,97,7,125,23,88,166,8,285,58,104,162,447
04/14/2007,EYW,FL,ASO,ES,Federal Contract Tower,22,49,40,1,112,0,16,67,3,86,22,65,107,4,198,53,18,71,269
04/15/2007,EYW,FL,ASO,ES,Federal Contract Tower,21,46,47,0,114,0,2,18,0,20,21,48,65,0,134,21,2,23,157
04/16/2007,EYW,FL,ASO,ES,Federal Contract Tower,23,69,59,4,155,0,6,45,6,57,23,75,104,10,212,0,36,36,248
04/17/2007,EYW,FL,ASO,ES,Federal Contract Tower,17,62,62,0,141,0,22,72,5,99,17,84,134,5,240,34,66,100,340
04/18/2007,EYW,FL,ASO,ES,Federal Contract Tower,20,51,49,0,120,0,23,87,10,120,20,74,136,10,240,48,48,96,336
04/19/2007,EYW,FL,ASO,ES,Federal Contract Tower,21,58,39,0,118,0,14,66,5,85,21,72,105,5,203,6,20,26,229
04/20/2007,EYW,FL,ASO,ES,Federal Contract Tower,15,71,42,0,128,0,3,61,0,64,15,74,103,0,192,41,60,101,293
04/21/2007,EYW,FL,ASO,ES,Federal Contract Tower,15,57,70,0,142,0,16,65,4,85,15,73,135,4,227,32,6,38,265
04/22/2007,EYW,FL,ASO,ES,Federal Contract Tower,17,54,84,0,155,0,10,60,5,75,17,64,144,5,230,16,8,24,254
04/23/2007,EYW,FL,ASO,ES,Federal Contract Tower,15,59,31,0,105,0,0,45,7,52,15,59,76,7,157,48,36,84,241
04/24/2007,EYW,FL,ASO,ES,Federal Contract Tower,16,61,27,3,107,0,20,63,11,94,16,81,90,14,201,51,24,75,276
04/25/2007,EYW,FL,ASO,ES,Federal Contract Tower,15,66,37,1,119,0,25,93,10,128,15,91,130,11,247,38,36,74,321
04/26/2007,EYW,FL,ASO,ES,Federal Contract Tower,15,75,45,4,139,0,23,72,0,95,15,98,117,4,234,81,38,119,353
04/27/2007,EYW,FL,ASO,ES,Federal Contract Tower,18,68,41,0,127,0,19,110,20,149,18,87,151,20,276,60,52,112,388
04/28/2007,EYW,FL,ASO,ES,Federal Contract Tower,16,59,38,0,113,0,19,76,7,102,16,78,114,7,215,46,24,70,285
04/29/2007,EYW,FL,ASO,ES,Federal Contract Tower,16,84,56,2,158,0,0,0,0,0,16,84,56,2,158,32,6,38,196
04/30/2007,EYW,FL,ASO,ES,Federal Contract Tower,16,64,27,1,108,0,11,41,3,55,16,75,68,4,163,80,26,106,269
05/01/2007,EYW,FL,ASO,ES,Federal Contract Tower,16,62,23,0,101,0,18,35,7,60,16,80,58,7,161,50,62,112,273
05/02/2007,EYW,FL,ASO,ES,Federal Contract Tower,15,72,38,2,127,0,23,74,4,101,15,95,112,6,228,74,36,110,338
05/03/2007,EYW,FL,ASO,ES,Federal Contract Tower,17,50,70,0,137,0,39,11,4,54,17,89,81,4,191,171,32,203,394
05/04/2007,EYW,FL,ASO,ES,Federal Contract Tower,16,64,35,0,115,0,30,46,8,84,16,94,81,8,199,108,24,132,331
05/05/2007,EYW,FL,ASO,ES,Federal Contract Tower,15,59,46,0,120,0,8,68,4,80,15,67,114,4,200,64,22,86,286
05/06/2007,EYW,FL,ASO,ES,Federal Contract Tower,16,55,64,0,135,0,7,71,6,84,16,62,135,6,219,56,44,100,319
05/07/2007,EYW,FL,ASO,ES,Federal Contract Tower,17,61,41,0,119,0,4,10,2,16,17,65,51,2,135,0,54,54,189
05/08/2007,EYW,FL,ASO,ES,Federal Contract Tower,15,62,41,3,121,0,0,62,5,67,15,62,103,8,188,62,42,104,292
05/09/2007,EYW,FL,ASO,ES,Federal Contract Tower,12,61,29,1,103,0,27,51,1,79,12,88,80,2,182,40,12,52,234
05/10/2007,EYW,FL,ASO,ES,Federal Contract Tower,16,71,32,0,119,0,17,36,1,54,16,88,68,1,173,72,6,78,251
05/11/2007,EYW,FL,ASO,ES,Federal Contract Tower,17,71,52,2,142,0,19,24,0,43,17,90,76,2,185,84,22,106,291
05/12/2007,EYW,FL,ASO,ES,Federal Contract Tower,15,63,41,0,119,0,20,29,0,49,15,83,70,0,168,18,34,52,220
05/13/2007,EYW,FL,ASO,ES,Federal Contract Tower,15,71,49,0,135,0,16,34,0,50,15,87,83,0,185,54,12,66,251
05/14/2007,EYW,FL,ASO,ES,Federal Contract Tower,16,62,28,0,106,0,4,49,0,53,16,66,77,0,159,69,48,117,276
05/15/2007,EYW,FL,ASO,ES,Federal Contract Tower,17,60,25,0,102,0,13,19,1,33,17,73,44,1,135,14,42,56,191
05/16/2007,EYW,FL,ASO,ES,Federal Contract Tower,16,63,18,0,97,0,12,58,0,70,16,75,76,0,167,36,90,126,293
05/17/2007,EYW,FL,ASO,ES,Federal Contract Tower,15,70,23,2,110,0,19,41,1,61,15,89,64,3,171,45,100,145,316
05/18/2007,EYW,FL,ASO,ES,Federal Contract Tower,16,64,52,1,133,0,32,80,12,124,16,96,132,13,257,52,2,54,311
05/19/2007,EYW,FL,ASO,ES,Federal Contract Tower,14,66,40,0,120,0,12,47,0,59,14,78,87,0,179,66,42,108,287
05/20/2007,EYW,FL,ASO,ES,Federal Contract Tower,17,64,73,1,155,0,5,62,0,67,17,69,135,1,222,32,20,52,274
05/21/2007,EYW,FL,ASO,ES,Federal Contract Tower,15,71,29,0,115,0,2,24,0,26,15,73,53,0,141,0,58,58,199
05/22/2007,EYW,FL,ASO,ES,Federal Contract Tower,14,63,26,0,103,0,0,31,0,31,14,63,57,0,134,4,100,104,238
05/23/2007,EYW,FL,ASO,ES,Federal Contract Tower,14,68,18,0,100,0,8,45,0,53,14,76,63,0,153,0,54,54,207
05/24/2007,EYW,FL,ASO,ES,Federal Contract Tower,16,68,40,0,124,0,9,49,0,58,16,77,89,0,182,0,44,44,226
05/25/2007,EYW,FL,ASO,ES,Federal Contract Tower,17,65,56,0,138,0,16,55,0,71,17,81,111,0,209,10,14,24,233
05/26/2007,EYW,FL,ASO,ES,Federal Contract Tower,16,60,35,0,111,0,0,48,0,48,16,60,83,0,159,16,0,16,175
05/27/2007,EYW,FL,ASO,ES,Federal Contract Tower,14,58,40,0,112,0,9,44,0,53,14,67,84,0,165,33,0,33,198
05/28/2007,EYW,FL,ASO,ES,Federal Contract Tower,17,63,61,0,141,0,12,57,0,69,17,75,118,0,210,22,0,22,232
05/29/2007,EYW,FL,ASO,ES,Federal Contract Tower,16,58,33,0,107,0,7,30,0,37,16,65,63,0,144,36,30,66,210
05/30/2007,EYW,FL,ASO,ES,Federal Contract Tower,15,63,28,0,106,0,9,52,0,61,15,72,80,0,167,0,54,54,221
05/31/2007,EYW,FL,ASO,ES,Federal Contract Tower,15,73,45,0,133,0,6,25,0,31,15,79,70,0,164,2,32,34,198
06/01/2007,EYW,FL,ASO,ES,Federal Contract Tower,16,68,39,0,123,0,1,5,0,6,16,69,44,0,129,26,10,36,165
06/02/2007,EYW,FL,ASO,ES,Federal Contract Tower,17,49,13,0,79,0,1,4,0,5,17,50,17,0,84,0,6,6,90
06/03/2007,EYW,FL,ASO,ES,Federal Contract Tower,17,46,64,0,127,0,20,55,0,75,17,66,119,0,202,30,4,34,236
06/04/2007,EYW,FL,ASO,ES,Federal Contract Tower,18,56,32,0,106,0,7,27,0,34,18,63,59,0,140,64,50,114,254
06/05/2007,EYW,FL,ASO,ES,Federal Contract Tower,17,53,33,0,103,0,2,34,0,36,17,55,67,0,139,54,34,88,227
06/06/2007,EYW,FL,ASO,ES,Federal Contract Tower,18,58,24,0,100,0,6,2,0,8,18,64,26,0,108,0,0,0,108
06/07/2007,EYW,FL,ASO,ES,Federal Contract Tower,15,58,51,0,124,0,33,38,0,71,15,91,89,0,195,60,90,150,345
06/08/2007,EYW,FL,ASO,ES,Federal Contract Tower,15,61,41,0,117,0,17,55,0,72,15,78,96,0,189,44,52,96,285
06/09/2007,EYW,FL,ASO,ES,Federal Contract Tower,18,52,31,0,101,0,9,26,0,35,18,61,57,0,136,46,16,62,198
06/10/2007,EYW,FL,ASO,ES,Federal Contract Tower,17,48,63,0,128,0,24,66,0,90,17,72,129,0,218,32,6,38,256
06/11/2007,EYW,FL,ASO,ES,Federal Contract Tower,15,54,20,0,89,0,22,42,0,64,15,76,62,0,153,28,58,86,239
06/12/2007,EYW,FL,ASO,ES,Federal Contract Tower,17,60,30,0,107,0,8,52,8,68,17,68,82,8,175,10,90,100,275
06/13/2007,EYW,FL,ASO,ES,Federal Contract Tower,16,49,26,1,92,0,10,36,0,46,16,59,62,1,138,34,58,92,230
06/14/2007,EYW,FL,ASO,ES,Federal Contract Tower,18,53,35,1,107,0,26,51,13,90,18,79,86,14,197,48,54,102,299
06/15/2007,EYW,FL,ASO,ES,Federal Contract Tower,16,48,31,1,96,0,27,55,2,84,16,75,86,3,180,50,94,144,324
06/16/2007,EYW,FL,ASO,ES,Federal Contract Tower,19,47,21,0,87,0,10,15,0,25,19,57,36,0,112,18,2,20,132
06/17/2007,EYW,FL,ASO,ES,Federal Contract Tower,16,44,33,0,93,0,15,52,6,73,16,59,85,6,166,64,8,72,238
06/18/2007,EYW,FL,ASO,ES,Federal Contract Tower,17,49,30,0,96,0,14,48,1,63,17,63,78,1,159,58,120,178,337
06/19/2007,EYW,FL,ASO,ES,Federal Contract Tower,16,55,22,0,93,0,10,39,0,49,16,65,61,0,142,8,110,118,260
06/20/2007,EYW,FL,ASO,ES,Federal Contract Tower,17,52,30,0,99,0,14,37,0,51,17,66,67,0,150,22,96,118,268
06/21/2007,EYW,FL,ASO,ES,Federal Contract Tower,16,61,54,0,131,0,8,10,0,18,16,69,64,0,149,12,30,42,191
06/22/2007,EYW,FL,ASO,ES,Federal Contract Tower,16,54,48,1,119,0,37,63,0,100,16,91,111,1,219,44,2,46,265
06/23/2007,EYW,FL,ASO,ES,Federal Contract Tower,18,54,31,0,103,0,13,45,0,58,18,67,76,0,161,61,14,75,236
06/24/2007,EYW,FL,ASO,ES,Federal Contract Tower,17,50,45,0,112,0,14,65,0,79,17,64,110,0,191,74,12,86,277
06/25/2007,EYW,FL,ASO,ES,Federal Contract Tower,17,50,33,0,100,0,12,39,2,53,17,62,72,2,153,70,76,146,299
06/26/2007,EYW,FL,ASO,ES,Federal Contract Tower,16,53,28,0,97,0,5,44,0,49,16,58,72,0,146,37,56,93,239
06/27/2007,EYW,FL,ASO,ES,Federal Contract Tower,17,48,22,0,87,0,6,14,0,20,17,54,36,0,107,6,28,34,141
06/28/2007,EYW,FL,ASO,ES,Federal Contract Tower,20,45,27,0,92,0,10,30,0,40,20,55,57,0,132,80,54,134,266
06/29/2007,EYW,FL,ASO,ES,Federal Contract Tower,17,48,56,0,121,0,31,65,0,96,17,79,121,0,217,96,6,102,319
06/30/2007,EYW,FL,ASO,ES,Federal Contract Tower,19,41,28,0,88,0,10,42,0,52,19,51,70,0,140,64,6,70,210
07/01/2007,EYW,FL,ASO,ES,Federal Contract Tower,16,40,42,0,98,0,23,56,0,79,16,63,98,0,177,26,6,32,209
07/02/2007,EYW,FL,ASO,ES,Federal Contract Tower,17,47,33,0,97,0,21,50,0,71,17,68,83,0,168,34,10,44,212
07/03/2007,EYW,FL,ASO,ES,Federal Contract Tower,17,48,29,0,94,0,20,51,0,71,17,68,80,0,165,30,12,42,207
07/04/2007,EYW,FL,ASO,ES,Federal Contract Tower,17,35,29,0,81,0,39,43,0,82,17,74,72,0,163,30,2,32,195
07/05/2007,EYW,FL,ASO,ES,Federal Contract Tower,14,53,46,0,113,0,16,62,0,78,14,69,108,0,191,76,10,86,277
07/06/2007,EYW,FL,ASO,ES,Federal Contract Tower,18,51,39,0,108,0,17,66,0,83,18,68,105,0,191,56,22,78,269
07/07/2007,EYW,FL,ASO,ES,Federal Contract Tower,15,50,31,2,98,0,16,46,0,62,15,66,77,2,160,34,0,34,194
07/08/2007,EYW,FL,ASO,ES,Federal Contract Tower,14,43,47,0,104,0,15,61,0,76,14,58,108,0,180,18,4,22,202
07/09/2007,EYW,FL,ASO,ES,Federal Contract Tower,15,47,22,0,84,0,7,43,0,50,15,54,65,0,134,4,34,38,172
07/10/2007,EYW,FL,ASO,ES,Federal Contract Tower,15,43,19,0,77,0,13,34,2,49,15,56,53,2,126,22,24,46,172
07/11/2007,EYW,FL,ASO,ES,Federal Contract Tower,17,52,29,0,98,0,11,28,0,39,17,63,57,0,137,42,40,82,219
07/12/2007,EYW,FL,ASO,ES,Federal Contract Tower,17,48,23,0,88,0,19,18,0,37,17,67,41,0,125,20,26,46,171
07/13/2007,EYW,FL,ASO,ES,Federal Contract Tower,18,49,42,0,109,0,10,33,0,43,18,59,75,0,152,42,44,86,238
07/14/2007,EYW,FL,ASO,ES,Federal Contract Tower,19,45,39,1,104,0,6,60,0,66,19,51,99,1,170,82,6,88,258
07/15/2007,EYW,FL,ASO,ES,Federal Contract Tower,16,47,40,2,105,0,19,85,0,104,16,66,125,2,209,20,14,34,243
07/16/2007,EYW,FL,ASO,ES,Federal Contract Tower,17,43,26,1,87,0,12,28,0,40,17,55,54,1,127,8,60,68,195
07/17/2007,EYW,FL,ASO,ES,Federal Contract Tower,17,44,24,0,85,0,14,55,0,69,17,58,79,0,154,16,24,40,194
07/18/2007,EYW,FL,ASO,ES,Federal Contract Tower,18,44,26,0,88,0,18,41,0,59,18,62,67,0,147,84,26,110,257
07/19/2007,EYW,FL,ASO,ES,Federal Contract Tower,17,49,51,0,117,0,18,40,0,58,17,67,91,0,175,34,36,70,245
07/20/2007,EYW,FL,ASO,ES,Federal Contract Tower,13,49,39,0,101,0,15,40,1,56,13,64,79,1,157,54,36,90,247
07/21/2007,EYW,FL,ASO,ES,Federal Contract Tower,18,38,21,0,77,0,14,61,1,76,18,52,82,1,153,60,24,84,237
07/22/2007,EYW,FL,ASO,ES,Federal Contract Tower,17,42,43,0,102,0,9,81,0,90,17,51,124,0,192,30,6,36,228
07/23/2007,EYW,FL,ASO,ES,Federal Contract Tower,17,49,29,2,97,0,27,33,0,60,17,76,62,2,157,15,80,95,252
07/24/2007,EYW,FL,ASO,ES,Federal Contract Tower,17,49,33,0,99,0,0,0,0,0,17,49,33,0,99,8,54,62,161
07/25/2007,EYW,FL,ASO,ES,Federal Contract Tower,17,47,25,2,91,0,4,30,2,36,17,51,55,4,127,6,76,82,209
07/26/2007,EYW,FL,ASO,ES,Federal Contract Tower,17,61,39,0,117,0,4,25,2,31,17,65,64,2,148,66,82,148,296
07/27/2007,EYW,FL,ASO,ES,Federal Contract Tower,18,57,49,0,124,0,15,27,2,44,18,72,76,2,168,56,110,166,334
07/28/2007,EYW,FL,ASO,ES,Federal Contract Tower,19,47,40,0,106,0,0,26,0,26,19,47,66,0,132,22,32,54,186
07/29/2007,EYW,FL,ASO,ES,Federal Contract Tower,20,46,37,2,105,0,12,47,1,60,20,58,84,3,165,30,2,32,197
07/30/2007,EYW,FL,ASO,ES,Federal Contract Tower,16,48,28,0,92,0,10,21,3,34,16,58,49,3,126,62,6,68,194
07/31/2007,EYW,FL,ASO,ES,Federal Contract Tower,17,45,23,0,85,0,2,37,6,45,17,47,60,6,130,58,12,70,200
08/01/2007,EYW,FL,ASO,ES,Federal Contract Tower,17,47,23,0,87,1,7,20,2,30,18,54,43,2,117,36,22,58,175
08/02/2007,EYW,FL,ASO,ES,Federal Contract Tower,17,47,26,0,90,0,13,38,2,53,17,60,64,2,143,72,50,122,265
08/03/2007,EYW,FL,ASO,ES,Federal Contract Tower,16,53,38,0,107,0,2,41,3,46,16,55,79,3,153,30,20,50,203
08/04/2007,EYW,FL,ASO,ES,Federal Contract Tower,20,52,39,0,111,0,9,62,4,75,20,61,101,4,186,22,8,30,216
08/05/2007,EYW,FL,ASO,ES,Federal Contract Tower,14,39,49,0,102,0,14,50,0,64,14,53,99,0,166,16,6,22,188
08/06/2007,EYW,FL,ASO,ES,Federal Contract Tower,16,42,25,0,83,0,23,29,2,54,16,65,54,2,137,14,30,44,181
08/07/2007,EYW,FL,ASO,ES,Federal Contract Tower,17,48,28,0,93,0,3,57,1,61,17,51,85,1,154,18,24,42,196
08/08/2007,EYW,FL,ASO,ES,Federal Contract Tower,17,51,31,0,99,0,12,40,2,54,17,63,71,2,153,36,44,80,233
08/09/2007,EYW,FL,ASO,ES,Federal Contract Tower,15,49,32,0,96,0,14,37,4,55,15,63,69,4,151,28,68,96,247
08/10/2007,EYW,FL,ASO,ES,Federal Contract Tower,18,54,47,0,119,0,21,38,4,63,18,75,85,4,182,34,98,132,314
08/11/2007,EYW,FL,ASO,ES,Federal Contract Tower,20,49,32,0,101,0,18,55,0,73,20,67,87,0,174,12,6,18,192
08/12/2007,EYW,FL,ASO,ES,Federal Contract Tower,15,38,47,0,100,0,22,69,0,91,15,60,116,0,191,10,4,14,205
08/13/2007,EYW,FL,ASO,ES,Federal Contract Tower,17,49,28,0,94,0,11,36,11,58,17,60,64,11,152,26,78,104,256
08/14/2007,EYW,FL,ASO,ES,Federal Contract Tower,17,48,14,0,79,0,10,41,5,56,17,58,55,5,135,54,68,122,257
08/15/2007,EYW,FL,ASO,ES,Federal Contract Tower,17,49,29,0,95,0,9,34,1,44,17,58,63,1,139,26,64,90,229
08/16/2007,EYW,FL,ASO,ES,Federal Contract Tower,17,49,16,0,82,0,13,43,0,56,17,62,59,0,138,34,52,86,224
08/17/2007,EYW,FL,ASO,ES,Federal Contract Tower,15,50,35,0,100,0,17,36,2,55,15,67,71,2,155,58,44,102,257
08/18/2007,EYW,FL,ASO,ES,Federal Contract Tower,20,55,30,0,105,0,12,25,4,41,20,67,55,4,146,16,12,28,174
08/19/2007,EYW,FL,ASO,ES,Federal Contract Tower,14,42,45,0,101,0,15,32,0,47,14,57,77,0,148,10,24,34,182
08/20/2007,EYW,FL,ASO,ES,Federal Contract Tower,18,49,23,0,90,0,1,23,8,32,18,50,46,8,122,6,50,56,178
08/21/2007,EYW,FL,ASO,ES,Federal Contract Tower,16,50,15,0,81,0,2,26,3,31,16,52,41,3,112,0,42,42,154
08/22/2007,EYW,FL,ASO,ES,Federal Contract Tower,16,50,28,0,94,0,8,44,8,60,16,58,72,8,154,30,58,88,242
08/23/2007,EYW,FL,ASO,ES,Federal Contract Tower,15,52,17,0,84,0,8,53,6,67,15,60,70,6,151,46,60,106,257
08/24/2007,EYW,FL,ASO,ES,Federal Contract Tower,15,50,22,0,87,0,23,45,5,73,15,73,67,5,160,24,10,34,194
08/25/2007,EYW,FL,ASO,ES,Federal Contract Tower,14,47,21,0,82,0,15,16,4,35,14,62,37,4,117,46,2,48,165
08/26/2007,EYW,FL,ASO,ES,Federal Contract Tower,14,41,32,1,88,0,3,63,19,85,14,44,95,20,173,28,10,38,211
08/27/2007,EYW,FL,ASO,ES,Federal Contract Tower,14,50,17,1,82,0,6,18,6,30,14,56,35,7,112,30,4,34,146
08/28/2007,EYW,FL,ASO,ES,Federal Contract Tower,16,52,18,1,87,0,10,35,11,56,16,62,53,12,143,13,28,41,184
08/29/2007,EYW,FL,ASO,ES,Federal Contract Tower,15,49,26,0,90,0,7,29,8,44,15,56,55,8,134,2,0,2,136
08/30/2007,EYW,FL,ASO,ES,Federal Contract Tower,17,54,26,0,97,0,12,34,6,52,17,66,60,6,149,30,0,30,179
08/31/2007,EYW,FL,ASO,ES,Federal Contract Tower,13,54,62,1,130,0,20,55,9,84,13,74,117,10,214,22,4,26,240
09/01/2007,EYW,FL,ASO,ES,Federal Contract Tower,14,43,32,1,90,0,10,53,10,73,14,53,85,11,163,11,8,19,182
09/02/2007,EYW,FL,ASO,ES,Federal Contract Tower,14,41,20,0,75,0,17,64,1,82,14,58,84,1,157,30,6,36,193
09/03/2007,EYW,FL,ASO,ES,Federal Contract Tower,16,47,54,0,117,0,8,55,1,64,16,55,109,1,181,20,6,26,207
09/04/2007,EYW,FL,ASO,ES,Federal Contract Tower,16,50,16,1,83,0,7,13,4,24,16,57,29,5,107,0,12,12,119
09/05/2007,EYW,FL,ASO,ES,Federal Contract Tower,13,51,17,0,81,0,18,21,6,45,13,69,38,6,126,6,10,16,142
09/06/2007,EYW,FL,ASO,ES,Federal Contract Tower,14,55,14,0,83,0,12,18,6,36,14,67,32,6,119,18,6,24,143
09/07/2007,EYW,FL,ASO,ES,Federal Contract Tower,13,52,17,0,82,0,10,39,5,54,13,62,56,5,136,16,20,36,172
09/08/2007,EYW,FL,ASO,ES,Federal Contract Tower,14,42,16,0,72,0,5,32,2,39,14,47,48,2,111,20,4,24,135
09/09/2007,EYW,FL,ASO,ES,Federal Contract Tower,14,44,27,0,85,0,11,20,0,31,14,55,47,0,116,2,8,10,126
09/10/2007,EYW,FL,ASO,ES,Federal Contract Tower,14,50,14,0,78,0,6,18,0,24,14,56,32,0,102,0,26,26,128
09/11/2007,EYW,FL,ASO,ES,Federal Contract Tower,12,49,18,0,79,0,5,24,0,29,12,54,42,0,108,2,50,52,160
09/12/2007,EYW,FL,ASO,ES,Federal Contract Tower,12,48,18,0,78,0,0,19,0,19,12,48,37,0,97,14,32,46,143
09/13/2007,EYW,FL,ASO,ES,Federal Contract Tower,14,53,15,0,82,0,14,32,2,48,14,67,47,2,130,32,66,98,228
09/14/2007,EYW,FL,ASO,ES,Federal Contract Tower,14,58,30,0,102,0,6,39,2,47,14,64,69,2,149,22,46,68,217
09/15/2007,EYW,FL,ASO,ES,Federal Contract Tower,14,43,20,1,78,0,15,44,0,59,14,58,64,1,137,20,42,62,199
09/16/2007,EYW,FL,ASO,ES,Federal Contract Tower,14,41,23,1,79,0,13,50,2,65,14,54,73,3,144,28,14,42,186
09/17/2007,EYW,FL,ASO,ES,Federal Contract Tower,14,46,18,0,78,0,1,12,0,13,14,47,30,0,91,32,116,148,239
09/18/2007,EYW,FL,ASO,ES,Federal Contract Tower,12,51,12,0,75,0,4,36,0,40,12,55,48,0,115,44,104,148,263
09/19/2007,EYW,FL,ASO,ES,Federal Contract Tower,12,53,14,0,79,0,13,26,4,43,12,66,40,4,122,12,76,88,210
09/20/2007,EYW,FL,ASO,ES,Federal Contract Tower,14,55,18,0,87,0,0,22,0,22,14,55,40,0,109,6,8,14,123
09/21/2007,EYW,FL,ASO,ES,Federal Contract Tower,14,52,29,0,95,0,5,23,0,28,14,57,52,0,123,18,2,20,143
09/22/2007,EYW,FL,ASO,ES,Federal Contract Tower,14,41,21,0,76,0,5,45,0,50,14,46,66,0,126,36,28,64,190
09/23/2007,EYW,FL,ASO,ES,Federal Contract Tower,14,42,36,0,92,0,20,41,0,61,14,62,77,0,153,6,22,28,181
09/24/2007,EYW,FL,ASO,ES,Federal Contract Tower,14,51,24,0,89,0,3,12,0,15,14,54,36,0,104,8,76,84,188
09/25/2007,EYW,FL,ASO,ES,Federal Contract Tower,12,56,19,0,87,0,1,25,0,26,12,57,44,0,113,0,95,95,208
09/26/2007,EYW,FL,ASO,ES,Federal Contract Tower,13,50,10,0,73,0,4,20,0,24,13,54,30,0,97,44,128,172,269
09/27/2007,EYW,FL,ASO,ES,Federal Contract Tower,14,48,26,2,90,0,13,63,1,77,14,61,89,3,167,54,84,138,305
09/28/2007,EYW,FL,ASO,ES,Federal Contract Tower,14,55,36,0,105,0,17,62,0,79,14,72,98,0,184,22,92,114,298
09/29/2007,EYW,FL,ASO,ES,Federal Contract Tower,14,38,23,0,75,0,11,46,0,57,14,49,69,0,132,20,60,80,212
09/30/2007,EYW,FL,ASO,ES,Federal Contract Tower,14,39,40,0,93,0,7,30,0,37,14,46,70,0,130,2,4,6,136
10/01/2007,EYW,FL,ASO,ES,Federal Contract Tower,14,47,21,0,82,0,3,6,0,9,14,50,27,0,91,0,104,104,195
10/02/2007,EYW,FL,ASO,ES,Federal Contract Tower,12,38,17,0,67,0,13,32,0,45,12,51,49,0,112,28,122,150,262
10/03/2007,EYW,FL,ASO,ES,Federal Contract Tower,12,48,20,0,80,0,8,34,0,42,12,56,54,0,122,8,36,44,166
10/04/2007,EYW,FL,ASO,ES,Federal Contract Tower,14,53,21,0,88,0,7,31,0,38,14,60,52,0,126,26,48,74,200
10/05/2007,EYW,FL,ASO,ES,Federal Contract Tower,14,53,31,0,98,0,20,38,0,58,14,73,69,0,156,10,14,24,180
10/06/2007,EYW,FL,ASO,ES,Federal Contract Tower,14,40,22,0,76,0,4,32,0,36,14,44,54,0,112,32,4,36,148
10/07/2007,EYW,FL,ASO,ES,Federal Contract Tower,14,40,25,0,79,0,12,14,2,28,14,52,39,2,107,2,4,6,113
10/08/2007,EYW,FL,ASO,ES,Federal Contract Tower,14,46,31,0,91,0,11,24,0,35,14,57,55,0,126,32,12,44,170
10/09/2007,EYW,FL,ASO,ES,Federal Contract Tower,12,50,32,0,94,0,2,50,0,52,12,52,82,0,146,26,34,60,206
10/10/2007,EYW,FL,ASO,ES,Federal Contract Tower,12,49,26,0,87,0,11,48,0,59,12,60,74,0,146,36,28,64,210
10/11/2007,EYW,FL,ASO,ES,Federal Contract Tower,14,58,35,2,109,0,6,32,0,38,14,64,67,2,147,28,20,48,195
10/12/2007,EYW,FL,ASO,ES,Federal Contract Tower,14,53,34,0,101,0,17,41,0,58,14,70,75,0,159,22,20,42,201
10/13/2007,EYW,FL,ASO,ES,Federal Contract Tower,14,43,23,0,80,0,11,36,0,47,14,54,59,0,127,38,2,40,167
10/14/2007,EYW,FL,ASO,ES,Federal Contract Tower,14,42,32,0,88,0,5,62,0,67,14,47,94,0,155,24,4,28,183
10/15/2007,EYW,FL,ASO,ES,Federal Contract Tower,14,47,19,0,80,0,8,35,0,43,14,55,54,0,123,6,36,42,165
10/16/2007,EYW,FL,ASO,ES,Federal Contract Tower,8,55,20,0,83,0,20,67,0,87,8,75,87,0,170,36,32,68,238
10/17/2007,EYW,FL,ASO,ES,Federal Contract Tower,12,49,20,0,81,0,17,49,0,66,12,66,69,0,147,22,58,80,227
10/18/2007,EYW,FL,ASO,ES,Federal Contract Tower,14,73,27,0,114,0,10,43,0,53,14,83,70,0,167,68,84,152,319
10/19/2007,EYW,FL,ASO,ES,Federal Contract Tower,14,63,42,0,119,0,7,45,16,68,14,70,87,16,187,22,34,56,243
10/20/2007,EYW,FL,ASO,ES,Federal Contract Tower,18,43,26,1,88,0,14,2,1,17,18,57,28,2,105,2,24,26,131
10/21/2007,EYW,FL,ASO,ES,Federal Contract Tower,15,54,37,0,106,0,4,68,0,72,15,58,105,0,178,26,8,34,212
10/22/2007,EYW,FL,ASO,ES,Federal Contract Tower,14,59,43,2,118,0,25,44,0,69,14,84,87,2,187,10,112,122,309
10/23/2007,EYW,FL,ASO,ES,Federal Contract Tower,12,65,36,3,116,0,9,29,0,38,12,74,65,3,154,2,88,90,244
10/24/2007,EYW,FL,ASO,ES,Federal Contract Tower,17,67,30,3,117,0,2,36,0,38,17,69,66,3,155,24,76,100,255
10/25/2007,EYW,FL,ASO,ES,Federal Contract Tower,17,73,86,0,176,0,1,31,0,32,17,74,117,0,208,4,60,64,272
10/26/2007,EYW,FL,ASO,ES,Federal Contract Tower,15,62,83,3,163,0,0,0,0,0,15,62,83,3,163,8,116,124,287
10/27/2007,EYW,FL,ASO,ES,Federal Contract Tower,17,53,61,0,131,0,5,65,0,70,17,58,126,0,201,0,110,110,311
10/28/2007,EYW,FL,ASO,ES,Federal Contract Tower,22,58,116,0,196,0,16,87,0,103,22,74,203,0,299,10,14,24,323
10/29/2007,EYW,FL,ASO,ES,Federal Contract Tower,24,64,39,0,127,0,8,41,6,55,24,72,80,6,182,51,94,145,327
10/30/2007,EYW,FL,ASO,ES,Federal Contract Tower,16,58,21,0,95,0,5,20,28,53,16,63,41,28,148,8,56,64,212
10/31/2007,EYW,FL,ASO,ES,Federal Contract Tower,16,57,15,0,88,0,0,15,4,19,16,57,30,4,107,0,0,0,107
11/01/2007,EYW,FL,ASO,ES,Federal Contract Tower,20,59,15,13,107,0,4,19,18,41,20,63,34,31,148,6,0,6,154
11/02/2007,EYW,FL,ASO,ES,Federal Contract Tower,20,61,43,44,168,0,5,42,5,52,20,66,85,49,220,18,4,22,242
11/03/2007,EYW,FL,ASO,ES,Federal Contract Tower,16,59,16,2,93,0,18,60,22,100,16,77,76,24,193,8,34,42,235
11/04/2007,EYW,FL,ASO,ES,Federal Contract Tower,19,50,28,10,107,0,20,62,8,90,19,70,90,18,197,71,0,71,268
11/05/2007,EYW,FL,ASO,ES,Federal Contract Tower,20,55,19,18,112,0,5,42,112,159,20,60,61,130,271,12,14,26,297
11/06/2007,EYW,FL,ASO,ES,Federal Contract Tower,12,62,23,26,123,1,5,75,122,203,13,67,98,148,326,34,0,34,360
11/07/2007,EYW,FL,ASO,ES,Federal Contract Tower,13,60,36,16,125,0,14,87,102,203,13,74,123,118,328,54,0,54,382
11/08/2007,EYW,FL,ASO,ES,Federal Contract Tower,17,65,41,9,132,0,17,45,42,104,17,82,86,51,236,68,4,72,308
11/09/2007,EYW,FL,ASO,ES,Federal Contract Tower,13,61,50,14,138,2,26,75,42,145,15,87,125,56,283,96,0,96,379
11/10/2007,EYW,FL,ASO,ES,Federal Contract Tower,15,62,27,5,109,1,29,89,6,125,16,91,116,11,234,104,0,104,338
11/11/2007,EYW,FL,ASO,ES,Federal Contract Tower,17,60,64,1,142,0,19,94,0,113,17,79,158,1,255,96,0,96,351
11/12/2007,EYW,FL,ASO,ES,Federal Contract Tower,18,60,34,8,120,0,16,55,0,71,18,76,89,8,191,11,0,11,202
11/13/2007,EYW,FL,ASO,ES,Federal Contract Tower,14,55,20,20,109,0,19,43,53,115,14,74,63,73,224,38,0,38,262
11/14/2007,EYW,FL,ASO,ES,Federal Contract Tower,13,53,38,10,114,0,15,53,28,96,13,68,91,38,210,32,0,32,242
11/15/2007,EYW,FL,ASO,ES,Federal Contract Tower,16,64,26,17,123,0,17,52,32,101,16,81,78,49,224,54,0,54,278
11/16/2007,EYW,FL,ASO,ES,Federal Contract Tower,15,59,34,2,110,0,7,52,14,73,15,66,86,16,183,16,0,16,199
11/17/2007,EYW,FL,ASO,ES,Federal Contract Tower,16,66,39,2,123,0,16,83,44,143,16,82,122,46,266,84,0,84,350
11/18/2007,EYW,FL,ASO,ES,Federal Contract Tower,15,62,37,4,118,0,16,74,4,94,15,78,111,8,212,64,0,64,276
11/19/2007,EYW,FL,ASO,ES,Federal Contract Tower,15,58,26,16,115,0,12,45,6,63,15,70,71,22,178,48,0,48,226
11/20/2007,EYW,FL,ASO,ES,Federal Contract Tower,15,67,25,6,113,0,25,70,18,113,15,92,95,24,226,22,2,24,250
11/21/2007,EYW,FL,ASO,ES,Federal Contract Tower,16,63,43,0,122,0,18,77,16,111,16,81,120,16,233,46,0,46,279
11/22/2007,EYW,FL,ASO,ES,Federal Contract Tower,14,45,15,0,74,0,18,28,6,52,14,63,43,6,126,28,0,28,154
11/23/2007,EYW,FL,ASO,ES,Federal Contract Tower,13,58,29,0,100,0,18,69,4,91,13,76,98,4,191,54,0,54,245
11/24/2007,EYW,FL,ASO,ES,Federal Contract Tower,15,61,44,0,120,0,27,60,2,89,15,88,104,2,209,84,0,84,293
11/25/2007,EYW,FL,ASO,ES,Federal Contract Tower,16,74,57,7,154,0,28,68,10,106,16,102,125,17,260,30,0,30,290
11/26/2007,EYW,FL,ASO,ES,Federal Contract Tower,15,54,28,8,105,0,26,22,12,60,15,80,50,20,165,52,24,76,241
11/27/2007,EYW,FL,ASO,ES,Federal Contract Tower,14,59,22,46,141,0,10,18,28,56,14,69,40,74,197,10,2,12,209
11/28/2007,EYW,FL,ASO,ES,Federal Contract Tower,13,60,32,18,123,0,5,37,76,118,13,65,69,94,241,32,11,43,284
11/29/2007,EYW,FL,ASO,ES,Federal Contract Tower,15,66,28,14,123,0,18,35,56,109,15,84,63,70,232,16,0,16,248
11/30/2007,EYW,FL,ASO,ES,Federal Contract Tower,16,62,43,38,159,0,10,60,64,134,16,72,103,102,293,64,0,64,357
12/01/2007,EYW,FL,ASO,ES,Federal Contract Tower,16,62,28,2,108,0,19,83,42,144,16,81,111,44,252,40,0,40,292
12/02/2007,EYW,FL,ASO,ES,Federal Contract Tower,15,57,49,4,125,0,28,74,2,104,15,85,123,6,229,34,0,34,263
12/03/2007,EYW,FL,ASO,ES,Federal Contract Tower,15,58,23,26,122,0,13,34,74,121,15,71,57,100,243,20,0,20,263
12/04/2007,EYW,FL,ASO,ES,Federal Contract Tower,13,58,19,2,92,0,10,34,28,72,13,68,53,30,164,22,0,22,186
12/05/2007,EYW,FL,ASO,ES,Federal Contract Tower,13,55,31,41,140,0,13,50,80,143,13,68,81,121,283,50,0,50,333
12/06/2007,EYW,FL,ASO,ES,Federal Contract Tower,12,60,34,8,114,1,14,56,74,145,13,74,90,82,259,29,21,50,309
12/07/2007,EYW,FL,ASO,ES,Federal Contract Tower,14,59,51,36,160,0,13,24,27,64,14,72,75,63,224,30,0,30,254
12/08/2007,EYW,FL,ASO,ES,Federal Contract Tower,15,54,48,8,125,0,14,44,36,94,15,68,92,44,219,56,2,58,277
12/09/2007,EYW,FL,ASO,ES,Federal Contract Tower,5,55,50,4,114,0,15,61,14,90,5,70,111,18,204,18,8,26,230
12/10/2007,EYW,FL,ASO,ES,Federal Contract Tower,15,58,31,9,113,0,12,33,110,155,15,70,64,119,268,32,0,32,300
12/11/2007,EYW,FL,ASO,ES,Federal Contract Tower,13,62,24,14,113,1,6,55,90,152,14,68,79,104,265,36,0,36,301
12/12/2007,EYW,FL,ASO,ES,Federal Contract Tower,13,62,35,19,129,0,15,56,60,131,13,77,91,79,260,54,0,54,314
12/13/2007,EYW,FL,ASO,ES,Federal Contract Tower,14,65,35,16,130,0,7,24,75,106,14,72,59,91,236,28,0,28,264
12/14/2007,EYW,FL,ASO,ES,Federal Contract Tower,15,67,28,30,140,0,11,37,40,88,15,78,65,70,228,52,0,52,280
12/15/2007,EYW,FL,ASO,ES,Federal Contract Tower,16,49,23,10,98,0,9,29,33,71,16,58,52,43,169,40,4,44,213
12/16/2007,EYW,FL,ASO,ES,Federal Contract Tower,11,59,31,1,102,0,3,11,4,18,11,62,42,5,120,6,0,6,126
12/17/2007,EYW,FL,ASO,ES,Federal Contract Tower,11,52,17,11,91,0,18,24,59,101,11,70,41,70,192,8,0,8,200
12/18/2007,EYW,FL,ASO,ES,Federal Contract Tower,13,56,23,8,100,0,11,40,36,87,13,67,63,44,187,29,2,31,218
12/19/2007,EYW,FL,ASO,ES,Federal Contract Tower,15,54,23,12,104,0,13,51,24,88,15,67,74,36,192,48,0,48,240
12/20/2007,EYW,FL,ASO,ES,Federal Contract Tower,15,66,36,10,127,0,15,53,14,82,15,81,89,24,209,32,0,32,241
12/21/2007,EYW,FL,ASO,ES,Federal Contract Tower,15,66,36,0,117,0,12,34,2,48,15,78,70,2,165,20,0,20,185
12/22/2007,EYW,FL,ASO,ES,Federal Contract Tower,15,65,30,0,110,0,12,54,4,70,15,77,84,4,180,40,0,40,220
12/23/2007,EYW,FL,ASO,ES,Federal Contract Tower,15,54,33,0,102,0,10,65,8,83,15,64,98,8,185,12,0,12,197
12/24/2007,EYW,FL,ASO,ES,Federal Contract Tower,12,60,11,0,83,0,8,51,4,63,12,68,62,4,146,66,0,66,212
12/25/2007,EYW,FL,ASO,ES,Federal Contract Tower,12,45,3,0,60,0,0,25,8,33,12,45,28,8,93,4,0,4,97
12/26/2007,EYW,FL,ASO,ES,Federal Contract Tower,15,68,59,0,142,0,19,54,16,89,15,87,113,16,231,32,0,32,263
12/27/2007,EYW,FL,ASO,ES,Federal Contract Tower,15,68,72,17,172,0,31,82,9,122,15,99,154,26,294,87,0,87,381
12/28/2007,EYW,FL,ASO,ES,Federal Contract Tower,15,71,77,2,165,0,15,56,20,91,15,86,133,22,256,49,0,49,305
12/29/2007,EYW,FL,ASO,ES,Federal Contract Tower,15,57,71,0,143,0,13,70,8,91,15,70,141,8,234,54,0,54,288
12/30/2007,EYW,FL,ASO,ES,Federal Contract Tower,15,61,63,0,139,0,29,80,8,117,15,90,143,8,256,40,0,40,296
12/31/2007,EYW,FL,ASO,ES,Federal Contract Tower,16,66,50,0,132,0,25,75,0,100,16,91,125,0,232,88,0,88,320
01/01/2008,EYW,FL,ASO,ES,Federal Contract Tower,13,60,75,3,151,0,18,32,0,50,13,78,107,3,201,46,0,46,247
01/02/2008,EYW,FL,ASO,ES,Federal Contract Tower,15,65,60,3,143,0,0,29,3,32,15,65,89,6,175,0,0,0,175
01/03/2008,EYW,FL,ASO,ES,Federal Contract Tower,11,56,37,6,110,0,9,34,8,51,11,65,71,14,161,8,0,8,169
01/04/2008,EYW,FL,ASO,ES,Federal Contract Tower,14,67,62,34,177,0,9,47,10,66,14,76,109,44,243,30,0,30,273
01/05/2008,EYW,FL,ASO,ES,Federal Contract Tower,16,61,55,2,134,0,16,50,2,68,16,77,105,4,202,29,0,29,231
01/06/2008,EYW,FL,ASO,ES,Federal Contract Tower,15,60,62,0,137,0,10,57,10,77,15,70,119,10,214,14,0,14,228
01/07/2008,EYW,FL,ASO,ES,Federal Contract Tower,14,60,30,20,124,0,10,31,41,82,14,70,61,61,206,23,0,23,229
01/08/2008,EYW,FL,ASO,ES,Federal Contract Tower,16,46,31,11,104,0,21,46,72,139,16,67,77,83,243,26,0,26,269
01/09/2008,EYW,FL,ASO,ES,Federal Contract Tower,15,52,17,26,110,0,12,60,61,133,15,64,77,87,243,20,0,20,263
01/10/2008,EYW,FL,ASO,ES,Federal Contract Tower,13,74,41,40,168,0,13,55,64,132,13,87,96,104,300,30,6,36,336
01/11/2008,EYW,FL,ASO,ES,Federal Contract Tower,16,64,54,44,178,0,19,41,71,131,16,83,95,115,309,47,0,47,356
01/12/2008,EYW,FL,ASO,ES,Federal Contract Tower,16,59,39,14,128,0,8,50,10,68,16,67,89,24,196,28,0,28,224
01/13/2008,EYW,FL,ASO,ES,Federal Contract Tower,15,65,49,6,135,0,6,40,6,52,15,71,89,12,187,10,0,10,197
01/14/2008,EYW,FL,ASO,ES,Federal Contract Tower,13,65,34,23,135,0,11,24,36,71,13,76,58,59,206,5,0,5,211
01/15/2008,EYW,FL,ASO,ES,Federal Contract Tower,15,55,38,26,134,1,10,38,58,107,16,65,76,84,241,11,0,11,252
01/16/2008,EYW,FL,ASO,ES,Federal Contract Tower,13,61,34,9,117,2,1,25,71,99,15,62,59,80,216,34,0,34,250
01/17/2008,EYW,FL,ASO,ES,Federal Contract Tower,14,71,37,28,150,0,16,41,60,117,14,87,78,88,267,23,0,23,290
01/18/2008,EYW,FL,ASO,ES,Federal Contract Tower,14,75,97,0,186,0,21,49,84,154,14,96,146,84,340,64,0,64,404
01/19/2008,EYW,FL,ASO,ES,Federal Contract Tower,13,67,50,14,144,0,24,58,104,186,13,91,108,118,330,68,0,68,398
01/20/2008,EYW,FL,ASO,ES,Federal Contract Tower,15,60,48,24,147,0,4,7,0,11,15,64,55,24,158,0,0,0,158
01/21/2008,EYW,FL,ASO,ES,Federal Contract Tower,15,67,36,4,122,0,7,23,8,38,15,74,59,12,160,2,0,2,162
01/22/2008,EYW,FL,ASO,ES,Federal Contract Tower,13,52,39,18,122,0,7,25,106,138,13,59,64,124,260,37,0,37,297
01/23/2008,EYW,FL,ASO,ES,Federal Contract Tower,15,63,35,12,125,0,12,42,76,130,15,75,77,88,255,68,0,68,323
01/24/2008,EYW,FL,ASO,ES,Federal Contract Tower,14,89,52,40,195,0,7,4,4,15,14,96,56,44,210,10,0,10,220
01/25/2008,EYW,FL,ASO,ES,Federal Contract Tower,15,67,56,34,172,0,14,67,26,107,15,81,123,60,279,42,0,42,321
01/26/2008,EYW,FL,ASO,ES,Federal Contract Tower,15,65,68,2,150,0,19,88,8,115,15,84,156,10,265,50,4,54,319
01/27/2008,EYW,FL,ASO,ES,Federal Contract Tower,13,66,80,2,161,0,16,46,4,66,13,82,126,6,227,16,0,16,243
01/28/2008,EYW,FL,ASO,ES,Federal Contract Tower,16,58,30,28,132,0,24,35,36,95,16,82,65,64,227,48,2,50,277
01/29/2008,EYW,FL,ASO,ES,Federal Contract Tower,13,55,26,20,114,0,15,53,58,126,13,70,79,78,240,32,0,32,272
01/30/2008,EYW,FL,ASO,ES,Federal Contract Tower,14,58,23,16,111,0,7,45,44,96,14,65,68,60,207,102,0,102,309
01/31/2008,EYW,FL,ASO,ES,Federal Contract Tower,12,63,32,8,115,0,7,36,42,85,12,70,68,50,200,19,0,19,219
02/01/2008,EYW,FL,ASO,ES,Federal Contract Tower,13,67,44,16,140,0,15,54,90,159,13,82,98,106,299,40,2,42,341
02/02/2008,EYW,FL,ASO,ES,Federal Contract Tower,14,68,46,8,136,0,27,72,58,157,14,95,118,66,293,28,0,28,321
02/03/2008,EYW,FL,ASO,ES,Federal Contract Tower,14,66,29,12,121,0,17,57,56,130,14,83,86,68,251,78,0,78,329
02/04/2008,EYW,FL,ASO,ES,Federal Contract Tower,15,60,25,16,116,0,13,53,39,105,15,73,78,55,221,62,0,62,283
02/05/2008,EYW,FL,ASO,ES,Federal Contract Tower,15,53,30,16,114,0,7,38,36,81,15,60,68,52,195,24,2,26,221
02/06/2008,EYW,FL,ASO,ES,Federal Contract Tower,15,70,32,2,119,0,12,42,11,65,15,82,74,13,184,30,6,36,220
02/07/2008,EYW,FL,ASO,ES,Federal Contract Tower,15,60,38,16,129,0,8,40,66,114,15,68,78,82,243,68,0,68,311
02/08/2008,EYW,FL,ASO,ES,Federal Contract Tower,14,74,47,10,145,1,6,62,66,135,15,80,109,76,280,38,0,38,318
02/09/2008,EYW,FL,ASO,ES,Federal Contract Tower,15,62,42,0,119,0,8,37,30,75,15,70,79,30,194,30,0,30,224
02/10/2008,EYW,FL,ASO,ES,Federal Contract Tower,15,69,54,4,142,0,13,63,26,102,15,82,117,30,244,25,2,27,271
02/11/2008,EYW,FL,ASO,ES,Federal Contract Tower,14,72,43,8,137,0,8,47,84,139,14,80,90,92,276,22,4,26,302
02/12/2008,EYW,FL,ASO,ES,Federal Contract Tower,14,56,27,20,117,0,1,13,9,23,14,57,40,29,140,10,2,12,152
02/13/2008,EYW,FL,ASO,ES,Federal Contract Tower,15,54,21,0,90,0,0,10,11,21,15,54,31,11,111,9,0,9,120
02/14/2008,EYW,FL,ASO,ES,Federal Contract Tower,15,63,59,8,145,0,17,52,134,203,15,80,111,142,348,11,2,13,361
02/15/2008,EYW,FL,ASO,ES,Federal Contract Tower,15,70,56,12,153,0,14,72,126,212,15,84,128,138,365,47,0,47,412
02/16/2008,EYW,FL,ASO,ES,Federal Contract Tower,26,67,64,4,161,0,11,82,45,138,26,78,146,49,299,70,0,70,369
02/17/2008,EYW,FL,ASO,ES,Federal Contract Tower,15,65,45,12,137,0,20,56,14,90,15,85,101,26,227,62,0,62,289
02/18/2008,EYW,FL,ASO,ES,Federal Contract Tower,13,76,63,0,152,0,4,31,0,35,13,80,94,0,187,40,0,40,227
02/19/2008,EYW,FL,ASO,ES,Federal Contract Tower,14,55,27,2,98,0,9,18,84,111,14,64,45,86,209,39,0,39,248
02/20/2008,EYW,FL,ASO,ES,Federal Contract Tower,15,56,40,42,153,0,13,37,108,158,15,69,77,150,311,49,0,49,360
02/21/2008,EYW,FL,ASO,ES,Federal Contract Tower,15,59,48,14,136,0,25,56,104,185,15,84,104,118,321,69,0,69,390
02/22/2008,EYW,FL,ASO,ES,Federal Contract Tower,16,68,73,2,159,0,10,38,84,132,16,78,111,86,291,71,2,73,364
02/23/2008,EYW,FL,ASO,ES,Federal Contract Tower,23,72,37,0,132,0,10,62,4,76,23,82,99,4,208,52,0,52,260
02/24/2008,EYW,FL,ASO,ES,Federal Contract Tower,14,64,53,2,133,0,9,73,9,91,14,73,126,11,224,67,0,67,291
02/25/2008,EYW,FL,ASO,ES,Federal Contract Tower,15,67,55,30,167,0,10,38,94,142,15,77,93,124,309,64,0,64,373
02/26/2008,EYW,FL,ASO,ES,Federal Contract Tower,15,52,36,14,117,0,15,36,52,103,15,67,72,66,220,35,0,35,255
02/27/2008,EYW,FL,ASO,ES,Federal Contract Tower,15,54,31,6,106,0,1,13,16,30,15,55,44,22,136,6,0,6,142
02/28/2008,EYW,FL,ASO,ES,Federal Contract Tower,15,64,27,6,112,0,10,41,24,75,15,74,68,30,187,15,4,19,206
02/29/2008,EYW,FL,ASO,ES,Federal Contract Tower,15,66,56,6,143,0,15,48,70,133,15,81,104,76,276,25,0,25,301
03/01/2008,EYW,FL,ASO,ES,Federal Contract Tower,23,69,34,0,126,0,8,87,35,130,23,77,121,35,256,20,8,28,284
03/02/2008,EYW,FL,ASO,ES,Federal Contract Tower,17,69,69,0,155,0,19,65,26,110,17,88,134,26,265,26,0,26,291
03/03/2008,EYW,FL,ASO,ES,Federal Contract Tower,16,69,46,6,137,0,14,25,100,139,16,83,71,106,276,64,0,64,340
03/04/2008,EYW,FL,ASO,ES,Federal Contract Tower,14,49,25,8,96,0,19,25,51,95,14,68,50,59,191,83,0,83,274
03/05/2008,EYW,FL,ASO,ES,Federal Contract Tower,15,64,37,0,116,0,11,34,20,65,15,75,71,20,181,40,0,40,221
03/06/2008,EYW,FL,ASO,ES,Federal Contract Tower,18,76,51,24,169,0,14,46,106,166,18,90,97,130,335,26,0,26,361
03/07/2008,EYW,FL,ASO,ES,Federal Contract Tower,17,65,42,4,128,0,17,36,21,74,17,82,78,25,202,22,0,22,224
03/08/2008,EYW,FL,ASO,ES,Federal Contract Tower,22,63,38,0,123,0,5,14,4,23,22,68,52,4,146,0,0,0,146
03/09/2008,EYW,FL,ASO,ES,Federal Contract Tower,18,79,80,0,177,0,17,41,2,60,18,96,121,2,237,13,0,13,250
03/10/2008,EYW,FL,ASO,ES,Federal Contract Tower,17,65,56,10,148,0,16,41,43,100,17,81,97,53,248,16,0,16,264
03/11/2008,EYW,FL,ASO,ES,Federal Contract Tower,15,53,25,20,113,0,3,11,36,50,15,56,36,56,163,6,2,8,171
03/12/2008,EYW,FL,ASO,ES,Federal Contract Tower,16,61,48,2,127,0,12,42,10,64,16,73,90,12,191,30,0,30,221
03/13/2008,EYW,FL,ASO,ES,Federal Contract Tower,18,76,48,16,158,0,11,54,47,112,18,87,102,63,270,32,2,34,304
03/14/2008,EYW,FL,ASO,ES,Federal Contract Tower,17,79,79,6,181,0,14,46,60,120,17,93,125,66,301,52,0,52,353
03/15/2008,EYW,FL,ASO,ES,Federal Contract Tower,26,68,60,4,158,0,11,69,24,104,26,79,129,28,262,23,2,25,287
03/16/2008,EYW,FL,ASO,ES,Federal Contract Tower,17,71,77,0,165,0,19,47,0,66,17,90,124,0,231,18,0,18,249
03/17/2008,EYW,FL,ASO,ES,Federal Contract Tower,14,65,43,12,134,1,5,26,58,90,15,70,69,70,224,8,0,8,232
03/18/2008,EYW,FL,ASO,ES,Federal Contract Tower,11,61,37,8,117,3,8,39,14,64,14,69,76,22,181,14,0,14,195
03/19/2008,EYW,FL,ASO,ES,Federal Contract Tower,14,58,30,12,114,0,10,53,12,75,14,68,83,24,189,37,0,37,226
03/20/2008,EYW,FL,ASO,ES,Federal Contract Tower,15,70,57,4,146,0,16,46,0,62,15,86,103,4,208,39,0,39,247
03/21/2008,EYW,FL,ASO,ES,Federal Contract Tower,18,65,62,11,156,0,18,58,32,108,18,83,120,43,264,47,20,67,331
03/22/2008,EYW,FL,ASO,ES,Federal Contract Tower,22,60,52,0,134,0,11,27,2,40,22,71,79,2,174,53,0,53,227
03/23/2008,EYW,FL,ASO,ES,Federal Contract Tower,16,68,52,0,136,0,11,39,2,52,16,79,91,2,188,48,0,48,236
03/24/2008,EYW,FL,ASO,ES,Federal Contract Tower,16,71,76,0,163,0,24,27,8,59,16,95,103,8,222,38,0,38,260
03/25/2008,EYW,FL,ASO,ES,Federal Contract Tower,14,71,34,28,147,0,14,52,76,142,14,85,86,104,289,18,0,18,307
03/26/2008,EYW,FL,ASO,ES,Federal Contract Tower,15,57,31,11,114,0,15,47,57,119,15,72,78,68,233,33,0,33,266
03/27/2008,EYW,FL,ASO,ES,Federal Contract Tower,18,69,51,6,144,0,14,43,42,99,18,83,94,48,243,45,0,45,288
03/28/2008,EYW,FL,ASO,ES,Federal Contract Tower,17,76,59,4,156,0,18,65,44,127,17,94,124,48,283,77,0,77,360
03/29/2008,EYW,FL,ASO,ES,Federal Contract Tower,25,67,59,2,153,0,4,83,18,105,25,71,142,20,258,63,0,63,321
03/30/2008,EYW,FL,ASO,ES,Federal Contract Tower,17,65,58,0,140,0,13,65,4,82,17,78,123,4,222,48,0,48,270
03/31/2008,EYW,FL,ASO,ES,Federal Contract Tower,16,72,43,14,145,0,15,30,63,108,16,87,73,77,253,19,0,19,272
04/01/2008,EYW,FL,ASO,ES,Federal Contract Tower,14,53,27,1,95,0,18,53,0,71,14,71,80,1,166,23,0,23,189
04/02/2008,EYW,FL,ASO,ES,Federal Contract Tower,16,62,33,1,112,0,15,46,0,61,16,77,79,1,173,33,0,33,206
04/03/2008,EYW,FL,ASO,ES,Federal Contract Tower,16,67,39,0,122,0,18,35,0,53,16,85,74,0,175,77,0,77,252
04/04/2008,EYW,FL,ASO,ES,Federal Contract Tower,17,66,44,0,127,0,23,70,0,93,17,89,114,0,220,21,0,21,241
04/05/2008,EYW,FL,ASO,ES,Federal Contract Tower,25,67,38,0,130,0,15,41,2,58,25,82,79,2,188,39,0,39,227
04/06/2008,EYW,FL,ASO,ES,Federal Contract Tower,19,55,63,0,137,0,17,50,0,67,19,72,113,0,204,5,0,5,209
04/07/2008,EYW,FL,ASO,ES,Federal Contract Tower,16,57,47,0,120,0,22,35,0,57,16,79,82,0,177,19,0,19,196
04/08/2008,EYW,FL,ASO,ES,Federal Contract Tower,17,57,34,0,108,0,25,29,2,56,17,82,63,2,164,11,0,11,175
04/09/2008,EYW,FL,ASO,ES,Federal Contract Tower,14,57,20,0,91,0,28,50,0,78,14,85,70,0,169,22,0,22,191
04/10/2008,EYW,FL,ASO,ES,Federal Contract Tower,16,68,32,0,116,0,32,67,0,99,16,100,99,0,215,28,0,28,243
04/11/2008,EYW,FL,ASO,ES,Federal Contract Tower,16,69,62,0,147,0,20,62,0,82,16,89,124,0,229,16,0,16,245
04/12/2008,EYW,FL,ASO,ES,Federal Contract Tower,24,70,49,0,143,0,18,63,0,81,24,88,112,0,224,0,0,0,224
04/13/2008,EYW,FL,ASO,ES,Federal Contract Tower,15,66,53,0,134,0,11,84,0,95,15,77,137,0,229,24,0,24,253
04/14/2008,EYW,FL,ASO,ES,Federal Contract Tower,16,74,41,0,131,0,20,47,0,67,16,94,88,0,198,55,0,55,253
04/15/2008,EYW,FL,ASO,ES,Federal Contract Tower,16,57,56,0,129,0,23,79,0,102,16,80,135,0,231,37,0,37,268
04/16/2008,EYW,FL,ASO,ES,Federal Contract Tower,14,63,35,0,112,0,13,61,0,74,14,76,96,0,186,31,0,31,217
04/17/2008,EYW,FL,ASO,ES,Federal Contract Tower,16,72,41,0,129,0,11,55,0,66,16,83,96,0,195,52,0,52,247
04/18/2008,EYW,FL,ASO,ES,Federal Contract Tower,16,69,49,0,134,0,27,80,0,107,16,96,129,0,241,27,0,27,268
04/19/2008,EYW,FL,ASO,ES,Federal Contract Tower,24,73,42,0,139,0,21,72,0,93,24,94,114,0,232,49,0,49,281
04/20/2008,EYW,FL,ASO,ES,Federal Contract Tower,15,81,80,0,176,0,19,69,0,88,15,100,149,0,264,62,0,62,326
04/21/2008,EYW,FL,ASO,ES,Federal Contract Tower,14,70,35,0,119,0,16,48,0,64,14,86,83,0,183,38,0,38,221
04/22/2008,EYW,FL,ASO,ES,Federal Contract Tower,16,54,36,0,106,0,19,55,0,74,16,73,91,0,180,52,0,52,232
04/23/2008,EYW,FL,ASO,ES,Federal Contract Tower,14,57,35,0,106,0,22,54,0,76,14,79,89,0,182,44,0,44,226
04/24/2008,EYW,FL,ASO,ES,Federal Contract Tower,17,69,64,0,150,0,27,60,0,87,17,96,124,0,237,60,0,60,297
04/25/2008,EYW,FL,ASO,ES,Federal Contract Tower,17,78,54,0,149,0,18,54,0,72,17,96,108,0,221,84,0,84,305
04/26/2008,EYW,FL,ASO,ES,Federal Contract Tower,24,68,50,0,142,0,12,67,0,79,24,80,117,0,221,22,0,22,243
04/27/2008,EYW,FL,ASO,ES,Federal Contract Tower,16,74,65,0,155,0,26,45,0,71,16,100,110,0,226,12,0,12,238
04/28/2008,EYW,FL,ASO,ES,Federal Contract Tower,16,66,32,0,114,0,12,34,0,46,16,78,66,0,160,17,0,17,177
04/29/2008,EYW,FL,ASO,ES,Federal Contract Tower,16,56,28,0,100,0,18,26,0,44,16,74,54,0,144,32,0,32,176
04/30/2008,EYW,FL,ASO,ES,Federal Contract Tower,14,62,43,0,119,0,22,68,0,90,14,84,111,0,209,50,0,50,259
05/01/2008,EYW,FL,ASO,ES,Federal Contract Tower,16,66,35,0,117,0,22,58,0,80,16,88,93,0,197,22,0,22,219
05/02/2008,EYW,FL,ASO,ES,Federal Contract Tower,17,56,41,0,114,0,10,55,0,65,17,66,96,0,179,35,0,35,214
05/03/2008,EYW,FL,ASO,ES,Federal Contract Tower,24,66,43,0,133,0,11,56,0,67,24,77,99,0,200,24,0,24,224
05/04/2008,EYW,FL,ASO,ES,Federal Contract Tower,18,60,27,0,105,0,14,45,0,59,18,74,72,0,164,54,0,54,218
05/05/2008,EYW,FL,ASO,ES,Federal Contract Tower,18,60,27,0,105,0,14,45,0,59,18,74,72,0,164,54,0,54,218
05/06/2008,EYW,FL,ASO,ES,Federal Contract Tower,14,53,34,0,101,0,16,50,0,66,14,69,84,0,167,32,0,32,199
05/07/2008,EYW,FL,ASO,ES,Federal Contract Tower,15,47,30,0,92,0,11,59,0,70,15,58,89,0,162,42,0,42,204
05/08/2008,EYW,FL,ASO,ES,Federal Contract Tower,17,64,42,0,123,0,17,44,0,61,17,81,86,0,184,18,0,18,202
05/09/2008,EYW,FL,ASO,ES,Federal Contract Tower,16,63,36,0,115,0,20,52,0,72,16,83,88,0,187,28,0,28,215
05/10/2008,EYW,FL,ASO,ES,Federal Contract Tower,24,56,30,0,110,0,19,73,0,92,24,75,103,0,202,142,0,142,344
05/11/2008,EYW,FL,ASO,ES,Federal Contract Tower,19,62,47,0,128,0,22,82,0,104,19,84,129,0,232,46,0,46,278
05/12/2008,EYW,FL,ASO,ES,Federal Contract Tower,17,49,32,0,98,0,13,25,0,38,17,62,57,0,136,11,0,11,147
05/13/2008,EYW,FL,ASO,ES,Federal Contract Tower,16,55,32,0,103,0,16,59,1,76,16,71,91,1,179,60,0,60,239
05/14/2008,EYW,FL,ASO,ES,Federal Contract Tower,17,63,33,0,113,0,2,53,8,63,17,65,86,8,176,14,2,16,192
05/15/2008,EYW,FL,ASO,ES,Federal Contract Tower,15,59,50,0,124,0,15,58,0,73,15,74,108,0,197,59,0,59,256
05/16/2008,EYW,FL,ASO,ES,Federal Contract Tower,17,64,28,0,109,0,22,48,3,73,17,86,76,3,182,59,0,59,241
05/17/2008,EYW,FL,ASO,ES,Federal Contract Tower,23,59,33,0,115,0,17,47,0,64,23,76,80,0,179,76,0,76,255
05/18/2008,EYW,FL,ASO,ES,Federal Contract Tower,17,60,56,0,133,0,29,62,1,92,17,89,118,1,225,62,0,62,287
05/19/2008,EYW,FL,ASO,ES,Federal Contract Tower,16,61,34,0,111,0,13,27,2,42,16,74,61,2,153,36,0,36,189
05/20/2008,EYW,FL,ASO,ES,Federal Contract Tower,17,57,34,0,108,0,12,46,3,61,17,69,80,3,169,46,0,46,215
05/21/2008,EYW,FL,ASO,ES,Federal Contract Tower,14,53,29,0,96,0,12,29,2,43,14,65,58,2,139,28,4,32,171
05/22/2008,EYW,FL,ASO,ES,Federal Contract Tower,15,60,43,0,118,0,19,38,0,57,15,79,81,0,175,40,0,40,215
05/23/2008,EYW,FL,ASO,ES,Federal Contract Tower,15,61,54,0,130,0,21,54,0,75,15,82,108,0,205,45,0,45,250
05/24/2008,EYW,FL,ASO,ES,Federal Contract Tower,22,53,33,0,108,0,22,38,0,60,22,75,71,0,168,68,0,68,236
05/25/2008,EYW,FL,ASO,ES,Federal Contract Tower,13,49,30,0,92,0,12,57,0,69,13,61,87,0,161,50,0,50,211
05/26/2008,EYW,FL,ASO,ES,Federal Contract Tower,16,64,48,0,128,0,21,71,0,92,16,85,119,0,220,43,0,43,263
05/27/2008,EYW,FL,ASO,ES,Federal Contract Tower,16,55,29,0,100,0,7,56,0,63,16,62,85,0,163,4,0,4,167
05/28/2008,EYW,FL,ASO,ES,Federal Contract Tower,15,57,24,0,96,0,11,10,0,21,15,68,34,0,117,0,0,0,117
05/29/2008,EYW,FL,ASO,ES,Federal Contract Tower,17,63,30,0,110,0,12,40,3,55,17,75,70,3,165,16,0,16,181
05/30/2008,EYW,FL,ASO,ES,Federal Contract Tower,15,50,48,0,113,0,14,25,1,40,15,64,73,1,153,45,0,45,198
05/31/2008,EYW,FL,ASO,ES,Federal Contract Tower,23,60,23,0,106,0,15,52,0,67,23,75,75,0,173,70,0,70,243
06/01/2008,EYW,FL,ASO,ES,Federal Contract Tower,18,60,40,0,118,0,5,51,0,56,18,65,91,0,174,43,0,43,217
06/02/2008,EYW,FL,ASO,ES,Federal Contract Tower,16,53,30,0,99,0,5,51,0,56,16,58,81,0,155,38,0,38,193
06/03/2008,EYW,FL,ASO,ES,Federal Contract Tower,14,53,10,0,77,0,1,39,0,40,14,54,49,0,117,60,0,60,177
06/04/2008,EYW,FL,ASO,ES,Federal Contract Tower,14,47,28,0,89,0,3,40,0,43,14,50,68,0,132,36,0,36,168
06/05/2008,EYW,FL,ASO,ES,Federal Contract Tower,18,50,42,0,110,0,3,42,0,45,18,53,84,0,155,36,0,36,191
06/06/2008,EYW,FL,ASO,ES,Federal Contract Tower,16,58,53,0,127,0,4,33,0,37,16,62,86,0,164,38,0,38,202
06/07/2008,EYW,FL,ASO,ES,Federal Contract Tower,17,65,38,0,120,0,4,39,0,43,17,69,77,0,163,54,0,54,217
06/08/2008,EYW,FL,ASO,ES,Federal Contract Tower,16,55,35,0,106,0,14,50,0,64,16,69,85,0,170,10,0,10,180
06/09/2008,EYW,FL,ASO,ES,Federal Contract Tower,15,52,32,0,99,0,5,22,0,27,15,57,54,0,126,20,0,20,146
06/10/2008,EYW,FL,ASO,ES,Federal Contract Tower,16,54,22,0,92,0,0,43,0,43,16,54,65,0,135,4,0,4,139
06/11/2008,EYW,FL,ASO,ES,Federal Contract Tower,15,55,37,0,107,0,3,35,0,38,15,58,72,0,145,25,0,25,170
06/12/2008,EYW,FL,ASO,ES,Federal Contract Tower,13,61,35,0,109,0,9,33,0,42,13,70,68,0,151,40,0,40,191
06/13/2008,EYW,FL,ASO,ES,Federal Contract Tower,17,60,30,0,107,0,6,52,0,58,17,66,82,0,165,46,0,46,211
06/14/2008,EYW,FL,ASO,ES,Federal Contract Tower,18,57,56,0,131,0,5,13,0,18,18,62,69,0,149,22,0,22,171
06/15/2008,EYW,FL,ASO,ES,Federal Contract Tower,15,50,39,1,105,0,1,49,1,51,15,51,88,2,156,8,0,8,164
06/16/2008,EYW,FL,ASO,ES,Federal Contract Tower,14,46,23,0,83,0,7,26,1,34,14,53,49,1,117,32,4,36,153
06/17/2008,EYW,FL,ASO,ES,Federal Contract Tower,13,50,31,2,96,0,2,13,0,15,13,52,44,2,111,26,0,26,137
06/18/2008,EYW,FL,ASO,ES,Federal Contract Tower,15,49,30,0,94,0,2,26,1,29,15,51,56,1,123,15,0,15,138
06/19/2008,EYW,FL,ASO,ES,Federal Contract Tower,13,59,42,2,116,0,18,34,0,52,13,77,76,2,168,7,0,7,175
06/20/2008,EYW,FL,ASO,ES,Federal Contract Tower,14,55,45,3,117,0,7,41,0,48,14,62,86,3,165,44,0,44,209
06/21/2008,EYW,FL,ASO,ES,Federal Contract Tower,16,48,23,0,87,0,3,45,0,48,16,51,68,0,135,15,0,15,150
06/22/2008,EYW,FL,ASO,ES,Federal Contract Tower,16,40,51,0,107,0,24,60,0,84,16,64,111,0,191,56,0,56,247
06/23/2008,EYW,FL,ASO,ES,Federal Contract Tower,15,57,44,0,116,0,10,42,0,52,15,67,86,0,168,4,0,4,172
06/24/2008,EYW,FL,ASO,ES,Federal Contract Tower,16,54,24,0,94,0,2,29,0,31,16,56,53,0,125,30,0,30,155
06/25/2008,EYW,FL,ASO,ES,Federal Contract Tower,14,54,9,0,77,0,4,36,0,40,14,58,45,0,117,56,0,56,173
06/26/2008,EYW,FL,ASO,ES,Federal Contract Tower,15,61,47,0,123,0,0,30,0,30,15,61,77,0,153,10,0,10,163
06/27/2008,EYW,FL,ASO,ES,Federal Contract Tower,14,58,40,0,112,0,4,32,0,36,14,62,72,0,148,50,0,50,198
06/28/2008,EYW,FL,ASO,ES,Federal Contract Tower,16,57,24,0,97,0,1,50,0,51,16,58,74,0,148,62,0,62,210
06/29/2008,EYW,FL,ASO,ES,Federal Contract Tower,15,48,49,0,112,0,9,47,0,56,15,57,96,0,168,20,0,20,188
06/30/2008,EYW,FL,ASO,ES,Federal Contract Tower,15,54,21,0,90,0,9,38,0,47,15,69,59,0,143,38,0,38,236
07/01/2008,EYW,FL,ASO,ES,Federal Contract Tower,14,54,14,0,82,0,5,32,0,37,14,59,46,0,119,42,0,42,161
07/02/2008,EYW,FL,ASO,ES,Federal Contract Tower,10,54,22,0,86,0,1,31,0,32,10,55,53,0,118,16,0,16,134
07/03/2008,EYW,FL,ASO,ES,Federal Contract Tower,17,51,48,0,116,0,12,24,0,36,17,63,72,0,152,31,0,31,183
07/04/2008,EYW,FL,ASO,ES,Federal Contract Tower,11,42,20,0,73,0,17,31,0,48,11,59,51,0,121,16,0,16,137
07/05/2008,EYW,FL,ASO,ES,Federal Contract Tower,16,49,22,0,87,0,8,56,0,64,16,57,78,0,151,40,0,40,191
07/06/2008,EYW,FL,ASO,ES,Federal Contract Tower,15,58,44,0,117,0,13,52,0,65,15,71,96,0,182,16,2,18,200
07/07/2008,EYW,FL,ASO,ES,Federal Contract Tower,15,49,37,0,101,0,7,22,0,29,15,56,59,0,130,6,0,6,136
07/08/2008,EYW,FL,ASO,ES,Federal Contract Tower,14,51,39,0,104,0,4,25,0,29,14,55,64,0,133,18,0,18,151
07/09/2008,EYW,FL,ASO,ES,Federal Contract Tower,17,52,16,0,85,0,11,25,0,36,17,63,41,0,121,26,0,26,147
07/10/2008,EYW,FL,ASO,ES,Federal Contract Tower,15,47,12,0,74,0,16,36,0,52,15,63,48,0,126,44,0,44,170
07/11/2008,EYW,FL,ASO,ES,Federal Contract Tower,11,34,22,0,67,0,24,37,0,61,11,58,59,0,128,19,0,19,147
07/12/2008,EYW,FL,ASO,ES,Federal Contract Tower,14,44,13,0,71,0,10,58,0,68,14,54,71,0,139,26,0,26,165
07/13/2008,EYW,FL,ASO,ES,Federal Contract Tower,13,36,27,0,76,0,9,29,0,38,13,45,56,0,114,2,0,2,116
07/14/2008,EYW,FL,ASO,ES,Federal Contract Tower,16,42,17,0,75,0,10,18,0,28,16,52,35,0,103,10,0,10,113
07/15/2008,EYW,FL,ASO,ES,Federal Contract Tower,16,47,12,0,75,0,8,26,0,34,16,55,38,0,109,25,0,25,134
07/16/2008,EYW,FL,ASO,ES,Federal Contract Tower,16,41,19,0,76,0,12,7,0,19,16,53,26,0,95,27,0,27,122
07/17/2008,EYW,FL,ASO,ES,Federal Contract Tower,16,49,37,0,102,0,16,34,0,50,16,65,71,0,152,38,0,38,190
07/18/2008,EYW,FL,ASO,ES,Federal Contract Tower,17,53,64,0,134,0,28,43,0,71,17,81,107,0,205,14,0,14,219
07/19/2008,EYW,FL,ASO,ES,Federal Contract Tower,16,44,44,0,104,0,6,52,0,58,16,50,96,0,162,66,0,66,228
07/20/2008,EYW,FL,ASO,ES,Federal Contract Tower,16,42,61,0,119,0,20,63,0,83,16,62,124,0,202,19,0,19,221
07/21/2008,EYW,FL,ASO,ES,Federal Contract Tower,14,46,22,0,82,0,17,29,0,46,14,63,51,0,128,26,6,32,160
07/22/2008,EYW,FL,ASO,ES,Federal Contract Tower,14,42,26,1,83,0,12,54,5,71,14,54,80,6,154,24,0,24,178
07/23/2008,EYW,FL,ASO,ES,Federal Contract Tower,19,36,19,0,74,0,1,26,3,30,19,37,45,3,104,16,1,17,121
07/24/2008,EYW,FL,ASO,ES,Federal Contract Tower,15,44,28,0,87,0,19,39,10,68,15,63,67,10,155,36,0,36,191
07/25/2008,EYW,FL,ASO,ES,Federal Contract Tower,16,47,38,1,102,0,21,38,0,59,16,68,76,1,161,38,0,38,199
07/26/2008,EYW,FL,ASO,ES,Federal Contract Tower,16,47,37,0,100,0,8,39,7,54,16,55,76,7,154,33,0,33,187
07/27/2008,EYW,FL,ASO,ES,Federal Contract Tower,16,47,33,0,96,1,15,50,5,71,17,62,83,5,167,47,0,47,214
07/28/2008,EYW,FL,ASO,ES,Federal Contract Tower,14,47,20,0,81,0,11,31,4,46,14,58,51,4,127,44,0,44,171
07/29/2008,EYW,FL,ASO,ES,Federal Contract Tower,11,45,26,0,82,0,13,52,0,65,11,58,78,0,147,70,4,74,221
07/30/2008,EYW,FL,ASO,ES,Federal Contract Tower,14,38,30,0,82,0,10,56,7,73,14,48,86,7,155,34,6,40,195
07/31/2008,EYW,FL,ASO,ES,Federal Contract Tower,15,50,21,0,86,0,11,44,6,61,15,61,65,6,147,46,4,50,197
08/01/2008,EYW,FL,ASO,ES,Federal Contract Tower,14,38,42,0,94,0,20,0,0,20,14,58,42,0,114,34,0,34,148
08/02/2008,EYW,FL,ASO,ES,Federal Contract Tower,13,38,27,0,78,1,17,50,0,68,14,55,77,0,146,68,0,68,214
08/03/2008,EYW,FL,ASO,ES,Federal Contract Tower,15,32,40,0,87,0,15,59,0,74,15,47,99,0,161,14,6,20,181
08/04/2008,EYW,FL,ASO,ES,Federal Contract Tower,16,34,29,0,79,0,11,36,0,47,16,45,65,0,126,8,0,8,134
08/05/2008,EYW,FL,ASO,ES,Federal Contract Tower,17,34,23,0,74,0,14,36,0,50,17,48,59,0,124,30,0,30,154
08/06/2008,EYW,FL,ASO,ES,Federal Contract Tower,16,33,23,0,72,0,9,42,2,53,16,42,65,2,125,12,2,14,139
08/07/2008,EYW,FL,ASO,ES,Federal Contract Tower,16,35,28,0,79,0,20,47,0,67,16,55,75,0,146,12,0,12,158
08/08/2008,EYW,FL,ASO,ES,Federal Contract Tower,13,40,33,0,86,0,18,47,0,65,13,58,80,0,151,49,0,49,200
08/09/2008,EYW,FL,ASO,ES,Federal Contract Tower,14,32,26,1,73,1,9,71,0,81,15,41,97,1,154,48,0,48,202
08/10/2008,EYW,FL,ASO,ES,Federal Contract Tower,15,32,53,0,100,0,16,60,0,76,15,48,113,0,176,46,2,48,224
08/11/2008,EYW,FL,ASO,ES,Federal Contract Tower,15,33,20,0,68,1,19,27,0,47,16,52,47,0,115,40,0,40,155
08/12/2008,EYW,FL,ASO,ES,Federal Contract Tower,14,31,25,1,71,0,10,49,1,60,14,41,74,2,131,20,0,20,151
08/13/2008,EYW,FL,ASO,ES,Federal Contract Tower,18,33,27,0,78,0,11,43,2,56,18,44,70,2,134,60,0,60,194
08/14/2008,EYW,FL,ASO,ES,Federal Contract Tower,14,33,31,0,78,0,8,22,2,32,14,41,53,2,110,48,0,48,158
08/15/2008,EYW,FL,ASO,ES,Federal Contract Tower,15,38,31,1,85,0,17,52,0,69,15,55,83,1,154,0,0,0,154
08/16/2008,EYW,FL,ASO,ES,Federal Contract Tower,16,33,33,1,83,0,10,55,4,69,16,43,88,5,152,40,0,40,192
08/17/2008,EYW,FL,ASO,ES,Federal Contract Tower,19,24,54,0,97,0,11,29,0,40,19,35,83,0,137,0,0,0,137
08/18/2008,EYW,FL,ASO,ES,Federal Contract Tower,2,5,2,0,9,0,0,0,0,0,2,5,2,0,9,0,0,0,9
08/19/2008,EYW,FL,ASO,ES,Federal Contract Tower,8,11,1,4,24,0,0,2,2,4,8,11,3,6,28,0,0,0,28
08/20/2008,EYW,FL,ASO,ES,Federal Contract Tower,12,31,23,0,66,0,7,16,2,25,12,38,39,2,91,6,0,6,97
08/21/2008,EYW,FL,ASO,ES,Federal Contract Tower,12,28,14,4,58,0,2,25,1,28,12,30,39,5,86,8,0,8,94
08/22/2008,EYW,FL,ASO,ES,Federal Contract Tower,13,31,14,2,60,0,6,28,1,35,13,37,42,3,95,22,0,22,117
08/23/2008,EYW,FL,ASO,ES,Federal Contract Tower,14,21,19,0,54,0,5,54,0,59,14,26,73,0,113,44,0,44,157
08/24/2008,EYW,FL,ASO,ES,Federal Contract Tower,14,31,22,1,68,0,5,67,0,72,14,36,89,1,140,22,0,22,162
08/25/2008,EYW,FL,ASO,ES,Federal Contract Tower,16,27,18,2,63,0,13,40,0,53,16,40,58,2,116,58,0,58,174
08/26/2008,EYW,FL,ASO,ES,Federal Contract Tower,13,31,28,2,74,0,4,34,0,38,13,35,62,2,112,26,0,26,138
08/27/2008,EYW,FL,ASO,ES,Federal Contract Tower,12,29,32,4,77,0,1,34,10,45,12,30,66,14,122,14,16,30,152
08/28/2008,EYW,FL,ASO,ES,Federal Contract Tower,14,35,20,0,69,0,16,44,0,60,14,51,64,0,129,49,0,49,178
08/29/2008,EYW,FL,ASO,ES,Federal Contract Tower,12,31,34,5,82,0,14,38,4,56,12,45,72,9,138,7,2,9,147
08/30/2008,EYW,FL,ASO,ES,Federal Contract Tower,11,28,18,2,59,0,0,21,0,21,11,28,39,2,80,4,0,4,84
08/31/2008,EYW,FL,ASO,ES,Federal Contract Tower,10,27,13,0,50,0,0,5,0,5,10,27,18,0,55,0,0,0,55
09/01/2008,EYW,FL,ASO,ES,Federal Contract Tower,15,25,22,0,62,0,7,34,0,41,15,32,56,0,103,21,0,21,124
09/02/2008,EYW,FL,ASO,ES,Federal Contract Tower,15,21,5,0,41,0,2,30,0,32,15,23,35,0,73,6,0,6,79
09/03/2008,EYW,FL,ASO,ES,Federal Contract Tower,12,27,13,0,52,0,6,26,6,38,12,33,39,6,90,20,0,20,110
09/04/2008,EYW,FL,ASO,ES,Federal Contract Tower,14,26,23,0,63,0,8,31,5,44,14,34,54,5,107,16,0,16,123
09/05/2008,EYW,FL,ASO,ES,Federal Contract Tower,13,31,27,0,71,0,8,21,2,31,13,39,48,2,102,0,0,0,102
09/06/2008,EYW,FL,ASO,ES,Federal Contract Tower,15,29,30,0,74,0,2,62,0,64,15,31,92,0,138,16,0,16,154
09/07/2008,EYW,FL,ASO,ES,Federal Contract Tower,15,26,29,0,70,0,5,34,0,39,15,31,63,0,109,0,0,0,109
09/08/2008,EYW,FL,ASO,ES,Federal Contract Tower,0,0,6,0,6,0,0,3,0,3,0,0,9,0,9,0,0,0,9
09/09/2008,EYW,FL,ASO,ES,Federal Contract Tower,0,0,0,0,0,0,0,0,0,0,0,0,0,0,0,0,0,0,0
09/10/2008,EYW,FL,ASO,ES,Federal Contract Tower,0,0,3,0,3,0,3,2,0,5,0,3,5,0,8,6,6,12,20
09/11/2008,EYW,FL,ASO,ES,Federal Contract Tower,15,23,27,0,65,0,17,18,0,35,15,40,45,0,100,6,0,6,106
09/12/2008,EYW,FL,ASO,ES,Federal Contract Tower,14,23,13,0,50,0,5,38,0,43,14,28,51,0,93,4,0,4,97
09/13/2008,EYW,FL,ASO,ES,Federal Contract Tower,14,28,20,0,62,0,6,41,4,51,14,34,61,4,113,32,2,34,147
09/14/2008,EYW,FL,ASO,ES,Federal Contract Tower,14,28,17,0,59,0,6,53,4,63,14,34,70,4,122,58,0,58,180
09/15/2008,EYW,FL,ASO,ES,Federal Contract Tower,14,20,13,3,50,0,5,38,0,43,14,25,51,3,93,40,0,40,133
09/16/2008,EYW,FL,ASO,ES,Federal Contract Tower,12,24,19,2,57,0,4,30,0,34,12,28,49,2,91,22,0,22,113
09/17/2008,EYW,FL,ASO,ES,Federal Contract Tower,12,24,16,1,53,0,9,31,0,40,12,33,47,1,93,6,0,6,99
09/18/2008,EYW,FL,ASO,ES,Federal Contract Tower,12,20,16,0,48,0,0,18,0,18,12,20,34,0,66,10,0,10,76
09/19/2008,EYW,FL,ASO,ES,Federal Contract Tower,14,25,25,0,64,0,8,36,0,44,14,33,61,0,108,34,0,34,142
09/20/2008,EYW,FL,ASO,ES,Federal Contract Tower,15,27,18,0,60,0,3,39,0,42,15,30,57,0,102,20,0,20,122
09/21/2008,EYW,FL,ASO,ES,Federal Contract Tower,14,28,35,0,77,0,5,96,0,101,14,33,131,0,178,52,0,52,230
09/22/2008,EYW,FL,ASO,ES,Federal Contract Tower,14,19,12,0,45,0,2,35,0,37,14,21,47,0,82,8,0,8,90
09/23/2008,EYW,FL,ASO,ES,Federal Contract Tower,12,21,15,0,48,0,0,25,0,25,12,21,40,0,73,6,6,12,85
09/24/2008,EYW,FL,ASO,ES,Federal Contract Tower,11,24,14,0,49,0,8,42,2,52,11,32,56,2,101,19,2,21,122
09/25/2008,EYW,FL,ASO,ES,Federal Contract Tower,14,26,29,1,70,0,18,52,0,70,14,44,81,1,140,2,3,5,145
09/26/2008,EYW,FL,ASO,ES,Federal Contract Tower,14,27,22,0,63,0,5,28,0,33,14,32,50,0,96,22,0,22,118
09/27/2008,EYW,FL,ASO,ES,Federal Contract Tower,14,31,15,0,60,0,4,16,0,20,14,35,31,0,80,0,0,0,80
09/28/2008,EYW,FL,ASO,ES,Federal Contract Tower,14,28,28,0,70,0,6,37,0,43,14,34,65,0,113,32,0,32,145
09/29/2008,EYW,FL,ASO,ES,Federal Contract Tower,12,18,14,1,45,0,8,20,1,29,12,26,34,2,74,4,0,4,78
09/30/2008,EYW,FL,ASO,ES,Federal Contract Tower,16,22,9,0,47,0,2,28,0,30,16,24,37,0,77,12,0,12,89
10/01/2008,EYW,FL,ASO,ES,Federal Contract Tower,12,21,8,0,41,0,8,39,0,47,12,29,47,0,88,10,0,10,98
10/02/2008,EYW,FL,ASO,ES,Federal Contract Tower,14,25,17,0,56,0,8,53,0,61,14,33,70,0,117,36,0,36,153
10/03/2008,EYW,FL,ASO,ES,Federal Contract Tower,15,26,23,0,64,0,10,39,0,49,15,36,62,0,113,8,0,8,121
10/04/2008,EYW,FL,ASO,ES,Federal Contract Tower,14,28,15,0,57,0,5,26,8,39,14,33,41,8,96,14,0,14,110
10/05/2008,EYW,FL,ASO,ES,Federal Contract Tower,14,30,51,1,96,0,4,31,0,35,14,34,82,1,131,18,0,18,149
10/06/2008,EYW,FL,ASO,ES,Federal Contract Tower,13,21,15,1,50,0,22,33,0,55,13,43,48,1,105,12,0,12,117
10/07/2008,EYW,FL,ASO,ES,Federal Contract Tower,13,23,8,0,44,0,7,29,0,36,13,30,37,0,80,24,0,24,104
10/08/2008,EYW,FL,ASO,ES,Federal Contract Tower,6,26,6,0,38,0,8,24,0,32,6,34,30,0,70,12,0,12,82
10/09/2008,EYW,FL,ASO,ES,Federal Contract Tower,14,25,18,0,57,0,19,38,0,57,14,44,56,0,114,40,0,40,154
10/10/2008,EYW,FL,ASO,ES,Federal Contract Tower,11,25,35,0,71,0,4,45,0,49,11,29,80,0,120,14,0,14,134
10/11/2008,EYW,FL,ASO,ES,Federal Contract Tower,16,29,13,0,58,0,18,55,0,73,16,47,68,0,131,8,0,8,139
10/12/2008,EYW,FL,ASO,ES,Federal Contract Tower,14,27,28,0,69,0,6,50,0,56,14,33,78,0,125,30,0,30,155
10/13/2008,EYW,FL,ASO,ES,Federal Contract Tower,13,25,25,0,63,0,6,33,0,39,13,31,58,0,102,44,0,44,146
10/14/2008,EYW,FL,ASO,ES,Federal Contract Tower,10,23,19,0,52,3,8,18,0,29,13,31,37,0,81,12,0,12,93
10/15/2008,EYW,FL,ASO,ES,Federal Contract Tower,14,25,20,0,59,0,2,29,0,31,14,27,49,0,90,0,0,0,90
10/16/2008,EYW,FL,ASO,ES,Federal Contract Tower,18,26,19,0,63,0,12,35,0,47,18,38,54,0,110,14,0,14,124
10/17/2008,EYW,FL,ASO,ES,Federal Contract Tower,18,27,32,0,77,0,15,41,0,56,18,42,73,0,133,12,0,12,145
10/18/2008,EYW,FL,ASO,ES,Federal Contract Tower,20,31,42,0,93,0,10,73,0,83,20,41,115,0,176,70,0,70,246
10/19/2008,EYW,FL,ASO,ES,Federal Contract Tower,19,27,51,0,97,0,19,55,0,74,19,46,106,0,171,42,0,42,213
10/20/2008,EYW,FL,ASO,ES,Federal Contract Tower,18,24,21,0,63,0,13,35,0,48,18,37,56,0,111,0,0,0,111
10/21/2008,EYW,FL,ASO,ES,Federal Contract Tower,16,27,23,0,66,0,14,40,0,54,16,41,63,0,120,8,0,8,128
10/22/2008,EYW,FL,ASO,ES,Federal Contract Tower,14,28,50,1,93,0,10,9,0,19,14,38,59,1,112,0,0,0,112
10/23/2008,EYW,FL,ASO,ES,Federal Contract Tower,18,38,62,1,119,0,2,20,0,22,18,40,82,1,141,6,0,6,147
10/24/2008,EYW,FL,ASO,ES,Federal Contract Tower,17,31,52,0,100,0,5,25,0,30,17,36,77,0,130,0,0,0,130
10/25/2008,EYW,FL,ASO,ES,Federal Contract Tower,18,30,37,0,85,0,17,46,0,63,18,47,83,0,148,18,0,18,166
10/26/2008,EYW,FL,ASO,ES,Federal Contract Tower,20,39,109,0,168,0,24,64,0,88,20,63,173,0,256,16,0,16,272
10/27/2008,EYW,FL,ASO,ES,Federal Contract Tower,20,34,38,0,92,0,14,35,0,49,20,48,73,0,141,20,0,20,161
10/28/2008,EYW,FL,ASO,ES,Federal Contract Tower,16,31,11,0,58,0,0,32,0,32,16,31,43,0,90,0,0,0,90
10/29/2008,EYW,FL,ASO,ES,Federal Contract Tower,16,28,23,0,67,0,16,52,0,68,16,44,75,0,135,6,0,6,141
10/30/2008,EYW,FL,ASO,ES,Federal Contract Tower,18,26,19,0,63,0,17,43,0,60,18,43,62,0,123,10,0,10,133
10/31/2008,EYW,FL,ASO,ES,Federal Contract Tower,20,26,30,0,76,0,10,57,0,67,20,36,87,0,143,0,0,0,143
11/01/2008,EYW,FL,ASO,ES,Federal Contract Tower,19,24,40,0,83,0,12,29,0,41,19,36,69,0,124,38,0,38,162
11/02/2008,EYW,FL,ASO,ES,Federal Contract Tower,18,24,26,1,69,0,23,36,0,59,18,47,62,1,128,46,0,46,174
11/03/2008,EYW,FL,ASO,ES,Federal Contract Tower,19,23,20,0,62,0,4,28,0,32,19,27,48,0,94,24,0,24,118
11/04/2008,EYW,FL,ASO,ES,Federal Contract Tower,20,29,45,0,94,0,0,20,0,20,20,29,65,0,114,2,0,2,116
11/05/2008,EYW,FL,ASO,ES,Federal Contract Tower,18,27,37,0,82,0,7,85,0,92,18,34,122,0,174,34,0,34,208
11/06/2008,EYW,FL,ASO,ES,Federal Contract Tower,18,26,41,0,85,0,11,52,0,63,18,37,93,0,148,14,0,14,162
11/07/2008,EYW,FL,ASO,ES,Federal Contract Tower,19,27,30,0,76,0,25,144,0,169,19,52,174,0,245,16,0,16,261
11/08/2008,EYW,FL,ASO,ES,Federal Contract Tower,18,31,31,0,80,0,12,50,0,62,18,43,81,0,142,82,0,82,224
11/09/2008,EYW,FL,ASO,ES,Federal Contract Tower,17,30,49,0,96,0,6,63,0,69,17,36,112,0,165,82,0,82,247
11/10/2008,EYW,FL,ASO,ES,Federal Contract Tower,19,30,26,0,75,2,21,33,0,56,21,51,59,0,131,4,0,4,135
11/11/2008,EYW,FL,ASO,ES,Federal Contract Tower,18,31,20,0,69,0,14,41,0,55,18,45,61,0,124,22,0,22,146
11/12/2008,EYW,FL,ASO,ES,Federal Contract Tower,19,29,25,0,73,0,12,26,0,38,19,41,51,0,111,32,0,32,143
11/13/2008,EYW,FL,ASO,ES,Federal Contract Tower,19,29,32,0,80,0,20,39,0,59,19,49,71,0,139,52,0,52,191
11/14/2008,EYW,FL,ASO,ES,Federal Contract Tower,20,24,33,0,77,0,8,46,0,54,20,32,79,0,131,63,0,63,194
11/15/2008,EYW,FL,ASO,ES,Federal Contract Tower,20,29,33,0,82,0,16,48,0,64,20,45,81,0,146,94,0,94,240
11/16/2008,EYW,FL,ASO,ES,Federal Contract Tower,19,34,21,1,75,0,6,31,1,38,19,40,52,2,113,2,0,2,115
11/17/2008,EYW,FL,ASO,ES,Federal Contract Tower,20,28,27,0,75,0,3,20,0,23,20,31,47,0,98,2,0,2,100
11/18/2008,EYW,FL,ASO,ES,Federal Contract Tower,19,27,15,3,64,0,9,39,0,48,19,36,54,3,112,16,0,16,128
11/19/2008,EYW,FL,ASO,ES,Federal Contract Tower,17,32,33,0,82,0,2,30,0,32,17,34,63,0,114,18,0,18,132
11/20/2008,EYW,FL,ASO,ES,Federal Contract Tower,17,30,20,0,67,0,6,33,0,39,17,36,53,0,106,40,0,40,146
11/21/2008,EYW,FL,ASO,ES,Federal Contract Tower,16,24,31,0,71,0,14,59,0,73,16,38,90,0,144,62,0,62,206
11/22/2008,EYW,FL,ASO,ES,Federal Contract Tower,15,35,28,0,78,0,5,47,0,52,15,40,75,0,130,4,0,4,134
11/23/2008,EYW,FL,ASO,ES,Federal Contract Tower,20,37,33,0,90,0,4,58,0,62,20,41,91,0,152,30,0,30,182
11/24/2008,EYW,FL,ASO,ES,Federal Contract Tower,19,29,23,0,71,0,16,30,0,46,19,45,53,0,117,57,0,57,174
11/25/2008,EYW,FL,ASO,ES,Federal Contract Tower,17,23,23,0,63,0,5,33,0,38,17,28,56,0,101,68,0,68,169
11/26/2008,EYW,FL,ASO,ES,Federal Contract Tower,18,33,44,0,95,0,3,42,0,45,18,36,86,0,140,66,0,66,206
11/27/2008,EYW,FL,ASO,ES,Federal Contract Tower,16,24,19,0,59,0,2,34,1,37,16,26,53,1,96,30,0,30,126
11/28/2008,EYW,FL,ASO,ES,Federal Contract Tower,18,27,42,0,87,0,8,72,0,80,18,35,114,0,167,86,0,86,253
11/29/2008,EYW,FL,ASO,ES,Federal Contract Tower,17,42,45,0,104,0,0,71,2,73,17,42,116,2,177,72,0,72,249
11/30/2008,EYW,FL,ASO,ES,Federal Contract Tower,20,37,37,2,96,0,2,29,4,35,20,39,66,6,131,0,0,0,131
12/01/2008,EYW,FL,ASO,ES,Federal Contract Tower,20,37,37,2,96,0,2,29,4,35,20,39,66,6,131,0,0,0,131
12/02/2008,EYW,FL,ASO,ES,Federal Contract Tower,19,27,19,0,65,0,2,25,0,27,19,29,44,0,92,12,0,12,104
12/03/2008,EYW,FL,ASO,ES,Federal Contract Tower,18,32,32,0,82,0,6,54,2,62,18,38,86,2,144,30,0,30,174
12/04/2008,EYW,FL,ASO,ES,Federal Contract Tower,18,30,42,0,90,0,2,23,0,25,18,32,65,0,115,12,0,12,127
12/05/2008,EYW,FL,ASO,ES,Federal Contract Tower,17,29,27,0,73,0,1,33,0,34,17,30,60,0,107,16,0,16,123
12/06/2008,EYW,FL,ASO,ES,Federal Contract Tower,18,33,25,0,76,0,0,31,0,31,18,33,56,0,107,16,0,16,123
12/07/2008,EYW,FL,ASO,ES,Federal Contract Tower,20,31,50,0,101,0,3,41,0,44,20,34,91,0,145,38,0,38,183
12/08/2008,EYW,FL,ASO,ES,Federal Contract Tower,19,27,22,1,69,0,4,35,2,41,19,31,57,3,110,48,0,48,158
12/09/2008,EYW,FL,ASO,ES,Federal Contract Tower,20,30,19,0,69,0,4,43,10,57,20,34,62,10,126,18,0,18,144
12/10/2008,EYW,FL,ASO,ES,Federal Contract Tower,18,39,18,0,75,0,4,36,0,40,18,43,54,0,115,12,0,12,127
12/11/2008,EYW,FL,ASO,ES,Federal Contract Tower,18,26,14,0,58,0,1,5,0,6,18,27,19,0,64,16,0,16,80
12/12/2008,EYW,FL,ASO,ES,Federal Contract Tower,19,34,55,0,108,0,8,29,0,37,19,42,84,0,145,9,0,9,154
12/13/2008,EYW,FL,ASO,ES,Federal Contract Tower,18,34,26,0,78,0,0,41,0,41,18,34,67,0,119,8,0,8,127
12/14/2008,EYW,FL,ASO,ES,Federal Contract Tower,19,24,30,0,73,0,2,57,0,59,19,26,87,0,132,30,0,30,162
12/15/2008,EYW,FL,ASO,ES,Federal Contract Tower,20,29,15,0,64,0,1,19,0,20,20,30,34,0,84,10,0,10,94
12/16/2008,EYW,FL,ASO,ES,Federal Contract Tower,19,25,22,0,66,0,1,22,0,23,19,26,44,0,89,38,0,38,127
12/17/2008,EYW,FL,ASO,ES,Federal Contract Tower,18,34,24,0,76,0,2,24,0,26,18,36,48,0,102,39,0,39,141
12/18/2008,EYW,FL,ASO,ES,Federal Contract Tower,19,33,33,0,85,0,4,41,0,45,19,37,74,0,130,34,0,34,164
12/19/2008,EYW,FL,ASO,ES,Federal Contract Tower,21,27,17,0,65,0,6,50,0,56,21,33,67,0,121,28,0,28,149
12/20/2008,EYW,FL,ASO,ES,Federal Contract Tower,17,33,46,0,96,0,0,55,0,55,17,33,101,0,151,22,0,22,173
12/21/2008,EYW,FL,ASO,ES,Federal Contract Tower,19,32,26,0,77,0,2,70,0,72,19,34,96,0,149,20,0,20,169
12/22/2008,EYW,FL,ASO,ES,Federal Contract Tower,20,33,19,0,72,0,8,40,0,48,20,41,59,0,120,12,0,12,132
12/23/2008,EYW,FL,ASO,ES,Federal Contract Tower,20,27,19,0,66,0,3,25,0,28,20,30,44,0,94,20,0,20,114
12/24/2008,EYW,FL,ASO,ES,Federal Contract Tower,19,31,24,0,74,0,2,17,0,19,19,33,41,0,93,11,0,11,104
12/25/2008,EYW,FL,ASO,ES,Federal Contract Tower,15,24,12,0,51,0,0,20,0,20,15,24,32,0,71,10,0,10,81
12/26/2008,EYW,FL,ASO,ES,Federal Contract Tower,26,32,61,0,119,0,7,51,0,58,26,39,112,0,177,0,0,0,177
12/27/2008,EYW,FL,ASO,ES,Federal Contract Tower,23,40,59,0,122,0,0,76,0,76,23,40,135,0,198,60,0,60,258
12/28/2008,EYW,FL,ASO,ES,Federal Contract Tower,21,30,55,0,106,0,5,59,0,64,21,35,114,0,170,12,0,12,182
12/29/2008,EYW,FL,ASO,ES,Federal Contract Tower,21,29,37,0,87,0,6,73,3,82,21,35,110,3,169,16,0,16,185
12/30/2008,EYW,FL,ASO,ES,Federal Contract Tower,19,29,45,0,93,0,7,97,0,104,19,36,142,0,197,34,0,34,231
12/31/2008,EYW,FL,ASO,ES,Federal Contract Tower,17,35,54,0,106,0,8,82,1,91,17,43,136,1,197,22,0,22,219
01/01/2009,EYW,FL,ASO,ES,Federal Contract Tower,15,27,30,0,72,0,5,70,1,76,15,32,100,1,148,16,0,16,164
01/02/2009,EYW,FL,ASO,ES,Federal Contract Tower,23,43,63,0,129,0,8,125,0,133,23,51,188,0,262,48,0,48,310
01/03/2009,EYW,FL,ASO,ES,Federal Contract Tower,22,46,76,1,145,0,2,133,0,135,22,48,209,1,280,30,40,70,350
01/04/2009,EYW,FL,ASO,ES,Federal Contract Tower,22,33,100,0,155,0,9,81,0,90,22,42,181,0,245,4,0,4,249
01/05/2009,EYW,FL,ASO,ES,Federal Contract Tower,21,26,31,0,78,0,2,60,0,62,21,28,91,0,140,28,0,28,168
01/06/2009,EYW,FL,ASO,ES,Federal Contract Tower,18,27,23,0,68,0,2,55,0,57,18,29,78,0,125,38,0,38,163
01/07/2009,EYW,FL,ASO,ES,Federal Contract Tower,20,25,19,0,64,0,0,40,0,40,20,25,59,0,104,12,0,12,116
01/08/2009,EYW,FL,ASO,ES,Federal Contract Tower,19,27,34,0,80,0,8,37,0,45,19,35,71,0,125,18,0,18,143
01/09/2009,EYW,FL,ASO,ES,Federal Contract Tower,20,23,39,0,82,0,4,54,0,58,20,27,93,0,140,20,0,20,160
01/10/2009,EYW,FL,ASO,ES,Federal Contract Tower,21,36,32,2,91,0,0,88,0,88,21,36,120,2,179,40,0,40,219
01/11/2009,EYW,FL,ASO,ES,Federal Contract Tower,20,30,47,0,97,0,0,53,0,53,20,30,100,0,150,24,0,24,174
01/12/2009,EYW,FL,ASO,ES,Federal Contract Tower,21,27,30,0,78,0,2,42,0,44,21,29,72,0,122,20,0,20,142
01/13/2009,EYW,FL,ASO,ES,Federal Contract Tower,18,28,29,0,75,0,4,32,0,36,18,32,61,0,111,8,0,8,119
01/14/2009,EYW,FL,ASO,ES,Federal Contract Tower,17,21,24,0,62,1,0,35,0,36,18,21,59,0,98,2,0,2,100
01/15/2009,EYW,FL,ASO,ES,Federal Contract Tower,21,34,49,0,104,0,2,32,0,34,21,36,81,0,138,8,0,8,146
01/16/2009,EYW,FL,ASO,ES,Federal Contract Tower,19,33,53,0,105,0,9,35,0,44,19,42,88,0,149,0,2,2,151
01/17/2009,EYW,FL,ASO,ES,Federal Contract Tower,19,34,46,0,99,0,0,52,0,52,19,34,98,0,151,2,4,6,157
01/18/2009,EYW,FL,ASO,ES,Federal Contract Tower,21,28,52,0,101,0,4,65,0,69,21,32,117,0,170,32,0,32,202
01/19/2009,EYW,FL,ASO,ES,Federal Contract Tower,20,25,45,0,90,0,2,46,0,48,20,27,91,0,138,40,0,40,178
01/20/2009,EYW,FL,ASO,ES,Federal Contract Tower,21,24,19,0,64,0,0,29,0,29,21,24,48,0,93,16,22,38,131
01/21/2009,EYW,FL,ASO,ES,Federal Contract Tower,20,23,22,0,65,0,1,33,0,34,20,24,55,0,99,0,0,0,99
01/22/2009,EYW,FL,ASO,ES,Federal Contract Tower,20,22,38,0,80,0,10,47,0,57,20,32,85,0,137,16,0,16,153
01/23/2009,EYW,FL,ASO,ES,Federal Contract Tower,20,30,37,0,87,0,2,48,0,50,20,32,85,0,137,17,0,17,154
01/24/2009,EYW,FL,ASO,ES,Federal Contract Tower,19,36,43,0,98,0,2,80,0,82,19,38,123,0,180,23,0,23,203
01/25/2009,EYW,FL,ASO,ES,Federal Contract Tower,21,31,54,0,106,0,8,107,0,115,21,39,161,0,221,0,0,0,221
01/26/2009,EYW,FL,ASO,ES,Federal Contract Tower,20,25,35,0,80,0,1,44,0,45,20,26,79,0,125,38,0,38,163
01/27/2009,EYW,FL,ASO,ES,Federal Contract Tower,18,27,34,0,79,0,1,40,0,41,18,28,74,0,120,8,0,8,128
01/28/2009,EYW,FL,ASO,ES,Federal Contract Tower,17,23,31,0,71,0,4,28,0,32,17,27,59,0,103,22,0,22,125
01/29/2009,EYW,FL,ASO,ES,Federal Contract Tower,20,27,31,0,78,0,0,40,0,40,20,27,71,0,118,48,0,48,166
01/30/2009,EYW,FL,ASO,ES,Federal Contract Tower,19,28,34,0,81,0,3,12,0,15,19,31,46,0,96,10,0,10,106
01/31/2009,EYW,FL,ASO,ES,Federal Contract Tower,19,35,26,0,80,0,2,38,0,40,19,37,64,0,120,6,0,6,126
02/01/2009,EYW,FL,ASO,ES,Federal Contract Tower,21,27,48,0,96,0,1,126,1,128,21,28,174,1,224,52,0,52,276
02/02/2009,EYW,FL,ASO,ES,Federal Contract Tower,20,28,18,1,67,0,6,28,1,35,20,34,46,2,102,0,0,0,102
02/03/2009,EYW,FL,ASO,ES,Federal Contract Tower,19,28,10,0,57,0,0,28,2,30,19,28,38,2,87,4,0,4,91
02/04/2009,EYW,FL,ASO,ES,Federal Contract Tower,20,31,20,0,71,0,0,26,2,28,20,31,46,2,99,12,0,12,111
02/05/2009,EYW,FL,ASO,ES,Federal Contract Tower,19,27,39,0,85,0,6,31,4,41,19,33,70,4,126,0,0,0,126
02/06/2009,EYW,FL,ASO,ES,Federal Contract Tower,20,25,38,0,83,1,3,78,4,86,21,28,116,4,169,56,0,56,225
02/07/2009,EYW,FL,ASO,ES,Federal Contract Tower,19,34,47,0,100,0,8,101,2,111,19,42,148,2,211,44,0,44,255
02/08/2009,EYW,FL,ASO,ES,Federal Contract Tower,21,27,48,0,96,0,1,126,1,128,21,28,174,1,224,52,0,52,276
02/09/2009,EYW,FL,ASO,ES,Federal Contract Tower,20,28,23,1,72,0,3,62,0,65,20,31,85,1,137,16,0,16,153
02/10/2009,EYW,FL,ASO,ES,Federal Contract Tower,18,29,46,0,93,0,7,49,0,56,18,36,95,0,149,28,24,52,201
02/11/2009,EYW,FL,ASO,ES,Federal Contract Tower,18,24,45,0,87,0,0,41,0,41,18,24,86,0,128,24,0,24,152
02/12/2009,EYW,FL,ASO,ES,Federal Contract Tower,20,35,62,1,118,0,1,55,1,57,20,36,117,2,175,68,0,68,243
02/13/2009,EYW,FL,ASO,ES,Federal Contract Tower,20,21,58,0,99,0,4,23,0,27,20,25,81,0,126,4,0,4,130
02/14/2009,EYW,FL,ASO,ES,Federal Contract Tower,20,34,44,0,98,0,2,59,4,65,20,36,103,4,163,74,0,74,237
02/15/2009,EYW,FL,ASO,ES,Federal Contract Tower,22,24,66,1,113,0,1,48,1,50,22,25,114,2,163,16,0,16,179
02/16/2009,EYW,FL,ASO,ES,Federal Contract Tower,22,41,56,0,119,2,2,47,0,51,24,43,103,0,170,20,0,20,190
02/17/2009,EYW,FL,ASO,ES,Federal Contract Tower,19,31,30,0,80,0,6,53,0,59,19,37,83,0,139,16,0,16,155
02/18/2009,EYW,FL,ASO,ES,Federal Contract Tower,17,29,34,0,80,0,2,52,0,54,17,31,86,0,134,41,0,41,175
02/19/2009,EYW,FL,ASO,ES,Federal Contract Tower,21,29,38,0,88,0,9,29,0,38,21,38,67,0,126,35,0,35,161
02/20/2009,EYW,FL,ASO,ES,Federal Contract Tower,22,28,46,0,96,0,2,67,0,69,22,30,113,0,165,22,0,22,187
02/21/2009,EYW,FL,ASO,ES,Federal Contract Tower,21,41,44,0,106,0,4,68,0,72,21,45,112,0,178,14,0,14,192
02/22/2009,EYW,FL,ASO,ES,Federal Contract Tower,23,37,58,0,118,0,0,82,0,82,23,37,140,0,200,38,0,38,238
02/23/2009,EYW,FL,ASO,ES,Federal Contract Tower,22,30,37,0,89,0,8,49,0,57,22,38,86,0,146,32,0,32,178
02/24/2009,EYW,FL,ASO,ES,Federal Contract Tower,20,27,26,0,73,0,2,40,0,42,20,29,66,0,115,2,0,2,117
02/25/2009,EYW,FL,ASO,ES,Federal Contract Tower,20,33,29,0,82,0,0,49,0,49,20,33,78,0,131,16,0,16,147
02/26/2009,EYW,FL,ASO,ES,Federal Contract Tower,22,30,37,0,89,0,8,49,0,57,22,38,86,0,146,32,0,32,178
02/27/2009,EYW,FL,ASO,ES,Federal Contract Tower,21,29,42,0,92,0,2,98,0,100,21,31,140,0,192,73,8,81,273
02/28/2009,EYW,FL,ASO,ES,Federal Contract Tower,20,41,25,0,86,0,4,80,0,84,20,45,105,0,170,28,0,28,198
03/01/2009,EYW,FL,ASO,ES,Federal Contract Tower,22,36,51,0,109,0,3,31,0,34,22,39,82,0,143,4,0,4,147
03/02/2009,EYW,FL,ASO,ES,Federal Contract Tower,21,25,34,0,80,0,0,37,0,37,21,25,71,0,117,6,0,6,123
03/03/2009,EYW,FL,ASO,ES,Federal Contract Tower,18,25,22,0,65,0,0,63,0,63,18,25,85,0,128,42,0,42,170
03/04/2009,EYW,FL,ASO,ES,Federal Contract Tower,21,29,32,0,82,0,1,57,0,58,21,30,89,0,140,21,0,21,161
03/05/2009,EYW,FL,ASO,ES,Federal Contract Tower,22,28,31,0,81,0,4,47,0,51,22,32,78,0,132,22,0,22,154
03/06/2009,EYW,FL,ASO,ES,Federal Contract Tower,22,29,41,0,92,0,2,46,0,48,22,31,87,0,140,44,0,44,184
03/07/2009,EYW,FL,ASO,ES,Federal Contract Tower,23,35,40,0,98,0,0,66,0,66,23,35,106,0,164,30,0,30,194
03/08/2009,EYW,FL,ASO,ES,Federal Contract Tower,26,37,57,0,120,0,4,113,0,117,26,41,170,0,237,18,0,18,255
03/09/2009,EYW,FL,ASO,ES,Federal Contract Tower,21,19,31,0,71,0,1,59,0,60,21,20,90,0,131,32,0,32,163
03/10/2009,EYW,FL,ASO,ES,Federal Contract Tower,21,28,22,0,71,0,0,58,0,58,21,28,80,0,129,52,0,52,181
03/11/2009,EYW,FL,ASO,ES,Federal Contract Tower,22,34,26,0,82,0,6,44,0,50,22,40,70,0,132,90,0,90,222
03/12/2009,EYW,FL,ASO,ES,Federal Contract Tower,22,26,36,0,84,0,2,37,0,39,22,28,73,0,123,36,2,38,161
03/13/2009,EYW,FL,ASO,ES,Federal Contract Tower,22,33,56,0,111,0,7,58,0,65,22,40,114,0,176,42,0,42,218
03/14/2009,EYW,FL,ASO,ES,Federal Contract Tower,21,37,46,0,104,1,2,103,0,106,22,39,149,0,210,148,0,148,358
03/15/2009,EYW,FL,ASO,ES,Federal Contract Tower,24,30,85,0,139,0,3,98,0,101,24,33,183,0,240,40,0,40,280
03/16/2009,EYW,FL,ASO,ES,Federal Contract Tower,21,25,33,0,79,0,2,64,0,66,21,27,97,0,145,12,0,12,157
03/17/2009,EYW,FL,ASO,ES,Federal Contract Tower,20,24,27,0,71,0,0,40,0,40,20,24,67,0,111,40,0,40,151
03/18/2009,EYW,FL,ASO,ES,Federal Contract Tower,19,31,42,0,92,0,2,24,0,26,19,33,66,0,118,22,0,22,140
03/19/2009,EYW,FL,ASO,ES,Federal Contract Tower,20,30,47,0,97,0,8,35,0,43,20,38,82,0,140,22,12,34,174
03/20/2009,EYW,FL,ASO,ES,Federal Contract Tower,22,34,66,0,122,0,8,96,0,104,22,42,162,0,226,71,0,71,297
03/21/2009,EYW,FL,ASO,ES,Federal Contract Tower,25,42,40,0,107,0,2,54,0,56,25,44,94,0,163,16,0,16,179
03/22/2009,EYW,FL,ASO,ES,Federal Contract Tower,23,34,75,0,132,0,7,61,0,68,23,41,136,0,200,4,0,4,204
03/23/2009,EYW,FL,ASO,ES,Federal Contract Tower,21,32,36,0,89,0,5,30,0,35,21,37,66,0,124,14,0,14,138
03/24/2009,EYW,FL,ASO,ES,Federal Contract Tower,20,25,35,0,80,0,2,57,0,59,20,27,92,0,139,53,0,53,192
03/25/2009,EYW,FL,ASO,ES,Federal Contract Tower,22,30,33,0,85,0,3,24,0,27,22,33,57,0,112,8,6,14,126
03/26/2009,EYW,FL,ASO,ES,Federal Contract Tower,22,30,37,0,89,0,5,39,0,44,22,35,76,0,133,12,0,12,145
03/27/2009,EYW,FL,ASO,ES,Federal Contract Tower,20,32,55,0,107,0,4,36,0,40,20,36,91,0,147,16,0,16,163
03/28/2009,EYW,FL,ASO,ES,Federal Contract Tower,23,29,40,0,92,0,4,48,0,52,23,33,88,0,144,36,0,36,180
03/29/2009,EYW,FL,ASO,ES,Federal Contract Tower,22,30,55,0,107,0,0,21,0,21,22,30,76,0,128,12,0,12,140
03/30/2009,EYW,FL,ASO,ES,Federal Contract Tower,20,25,29,0,74,0,2,35,0,37,20,27,64,0,111,36,0,36,147
03/31/2009,EYW,FL,ASO,ES,Federal Contract Tower,21,23,20,0,64,0,34,0,0,34,21,57,20,0,98,54,0,54,152
04/01/2009,EYW,FL,ASO,ES,Federal Contract Tower,20,26,27,0,73,0,4,41,0,45,20,30,68,0,118,54,0,54,172
04/02/2009,EYW,FL,ASO,ES,Federal Contract Tower,21,29,25,0,75,0,2,22,0,24,21,31,47,0,99,39,0,39,138
04/03/2009,EYW,FL,ASO,ES,Federal Contract Tower,22,34,31,0,87,0,4,39,0,43,22,38,70,0,130,36,0,36,166
04/04/2009,EYW,FL,ASO,ES,Federal Contract Tower,22,39,35,0,96,0,0,79,0,79,22,39,114,0,175,30,0,30,205
04/05/2009,EYW,FL,ASO,ES,Federal Contract Tower,25,27,46,0,98,0,7,60,0,67,25,34,106,0,165,24,0,24,189
04/06/2009,EYW,FL,ASO,ES,Federal Contract Tower,23,28,23,0,74,0,4,28,0,32,23,32,51,0,106,14,0,14,120
04/07/2009,EYW,FL,ASO,ES,Federal Contract Tower,18,25,23,0,66,0,1,23,0,24,18,26,46,0,90,8,0,8,98
04/08/2009,EYW,FL,ASO,ES,Federal Contract Tower,21,32,37,2,92,0,4,48,2,54,21,36,85,4,146,12,0,12,158
04/09/2009,EYW,FL,ASO,ES,Federal Contract Tower,20,33,40,0,93,0,1,81,0,82,20,34,121,0,175,16,0,16,191
04/10/2009,EYW,FL,ASO,ES,Federal Contract Tower,24,32,53,0,109,0,12,67,2,81,24,44,120,2,190,48,0,48,238
04/11/2009,EYW,FL,ASO,ES,Federal Contract Tower,21,32,47,0,100,0,17,68,0,85,21,49,115,0,185,27,0,27,212
04/12/2009,EYW,FL,ASO,ES,Federal Contract Tower,25,33,48,0,106,0,1,75,0,76,25,34,123,0,182,32,0,32,214
04/13/2009,EYW,FL,ASO,ES,Federal Contract Tower,21,25,51,0,97,0,8,55,0,63,21,33,106,0,160,0,0,0,160
04/14/2009,EYW,FL,ASO,ES,Federal Contract Tower,19,26,46,0,91,0,7,52,0,59,19,33,98,0,150,55,0,55,205
04/15/2009,EYW,FL,ASO,ES,Federal Contract Tower,20,29,40,0,89,0,5,52,0,57,20,34,92,0,146,51,0,51,197
04/16/2009,EYW,FL,ASO,ES,Federal Contract Tower,20,26,43,0,89,0,4,57,4,65,20,30,100,4,154,47,0,47,201
04/17/2009,EYW,FL,ASO,ES,Federal Contract Tower,21,30,58,0,109,0,14,89,10,113,21,44,147,10,222,15,4,19,241
04/18/2009,EYW,FL,ASO,ES,Federal Contract Tower,21,39,37,0,97,0,2,70,0,72,21,41,107,0,169,18,0,18,187
04/19/2009,EYW,FL,ASO,ES,Federal Contract Tower,23,36,94,3,156,0,9,97,0,106,23,45,191,3,262,10,0,10,272
04/20/2009,EYW,FL,ASO,ES,Federal Contract Tower,17,25,33,0,75,0,1,42,0,43,17,26,75,0,118,20,0,20,138
04/21/2009,EYW,FL,ASO,ES,Federal Contract Tower,20,28,25,0,73,0,0,39,0,39,20,28,64,0,112,10,0,10,122
04/22/2009,EYW,FL,ASO,ES,Federal Contract Tower,22,23,49,0,94,0,2,59,0,61,22,25,108,0,155,8,0,8,163
04/23/2009,EYW,FL,ASO,ES,Federal Contract Tower,21,25,43,0,89,0,0,72,0,72,21,25,115,0,161,16,0,16,177
04/24/2009,EYW,FL,ASO,ES,Federal Contract Tower,19,28,61,0,108,0,11,93,0,104,19,39,154,0,212,38,0,38,250
04/25/2009,EYW,FL,ASO,ES,Federal Contract Tower,21,34,42,0,97,0,4,57,0,61,21,38,99,0,158,0,0,0,158
04/26/2009,EYW,FL,ASO,ES,Federal Contract Tower,22,31,71,0,124,0,13,75,0,88,22,44,146,0,212,0,0,0,212
04/27/2009,EYW,FL,ASO,ES,Federal Contract Tower,20,27,31,0,78,0,6,33,0,39,20,33,64,0,117,8,0,8,125
04/28/2009,EYW,FL,ASO,ES,Federal Contract Tower,20,23,17,0,60,0,0,62,0,62,20,23,79,0,122,12,0,12,134
04/29/2009,EYW,FL,ASO,ES,Federal Contract Tower,24,19,36,1,80,0,4,55,0,59,24,23,91,1,139,36,0,36,175
04/30/2009,EYW,FL,ASO,ES,Federal Contract Tower,19,24,39,0,82,0,2,60,0,62,19,26,99,0,144,15,0,15,159
05/01/2009,EYW,FL,ASO,ES,Federal Contract Tower,19,30,35,0,84,0,6,57,2,65,19,36,92,2,149,32,0,32,181
05/02/2009,EYW,FL,ASO,ES,Federal Contract Tower,21,35,35,0,91,0,2,61,0,63,21,37,96,0,154,14,0,14,168
05/03/2009,EYW,FL,ASO,ES,Federal Contract Tower,22,26,47,0,95,0,5,76,0,81,22,31,123,0,176,2,0,2,178
05/04/2009,EYW,FL,ASO,ES,Federal Contract Tower,18,22,38,0,78,0,6,44,0,50,18,28,82,0,128,8,8,16,144
05/05/2009,EYW,FL,ASO,ES,Federal Contract Tower,18,28,24,2,72,0,4,55,2,61,18,32,79,4,133,6,0,6,139
05/06/2009,EYW,FL,ASO,ES,Federal Contract Tower,17,28,27,0,72,0,4,36,0,40,17,32,63,0,112,46,1,47,159
05/07/2009,EYW,FL,ASO,ES,Federal Contract Tower,17,28,33,0,78,0,5,46,4,55,17,33,79,4,133,29,0,29,162
05/08/2009,EYW,FL,ASO,ES,Federal Contract Tower,17,24,54,0,95,0,10,46,0,56,17,34,100,0,151,45,0,45,196
05/09/2009,EYW,FL,ASO,ES,Federal Contract Tower,21,39,42,0,102,0,4,83,0,87,21,43,125,0,189,58,0,58,247
05/10/2009,EYW,FL,ASO,ES,Federal Contract Tower,19,32,58,0,109,0,6,71,2,79,19,38,129,2,188,4,0,4,192
05/11/2009,EYW,FL,ASO,ES,Federal Contract Tower,16,20,24,0,60,0,4,43,2,49,16,24,67,2,109,8,0,8,117
05/12/2009,EYW,FL,ASO,ES,Federal Contract Tower,16,21,20,0,57,0,2,29,0,31,16,23,49,0,88,0,0,0,88
05/13/2009,EYW,FL,ASO,ES,Federal Contract Tower,16,23,27,0,66,0,2,39,4,45,16,25,66,4,111,36,0,36,147
05/14/2009,EYW,FL,ASO,ES,Federal Contract Tower,16,22,53,0,91,0,7,56,2,65,16,29,109,2,156,33,0,33,189
05/15/2009,EYW,FL,ASO,ES,Federal Contract Tower,16,25,59,0,100,0,12,35,18,65,16,37,94,18,165,15,0,15,180
05/16/2009,EYW,FL,ASO,ES,Federal Contract Tower,16,31,29,0,76,0,2,52,0,54,16,33,81,0,130,4,0,4,134
05/17/2009,EYW,FL,ASO,ES,Federal Contract Tower,18,30,51,0,99,0,11,53,0,64,18,41,104,0,163,2,0,2,165
05/18/2009,EYW,FL,ASO,ES,Federal Contract Tower,16,24,21,1,62,0,2,20,2,24,16,26,41,3,86,12,0,12,98
05/19/2009,EYW,FL,ASO,ES,Federal Contract Tower,17,22,16,0,55,0,0,22,0,22,17,22,38,0,77,28,0,28,105
05/20/2009,EYW,FL,ASO,ES,Federal Contract Tower,16,20,20,0,56,0,5,9,0,14,16,25,29,0,70,9,0,9,79
05/21/2009,EYW,FL,ASO,ES,Federal Contract Tower,17,28,37,0,82,1,5,19,0,25,18,33,56,0,107,13,0,13,120
05/22/2009,EYW,FL,ASO,ES,Federal Contract Tower,17,28,51,0,96,0,12,47,0,59,17,40,98,0,155,22,0,22,177
05/23/2009,EYW,FL,ASO,ES,Federal Contract Tower,18,32,33,0,83,0,2,38,0,40,18,34,71,0,123,33,0,33,156
05/24/2009,EYW,FL,ASO,ES,Federal Contract Tower,16,28,36,0,80,0,6,56,0,62,16,34,92,0,142,18,0,18,160
05/25/2009,EYW,FL,ASO,ES,Federal Contract Tower,16,33,55,1,105,0,7,70,3,80,16,40,125,4,185,18,0,18,203
05/26/2009,EYW,FL,ASO,ES,Federal Contract Tower,15,28,26,0,69,0,4,73,9,86,15,32,99,9,155,44,0,44,199
05/27/2009,EYW,FL,ASO,ES,Federal Contract Tower,14,20,28,0,62,0,7,46,0,53,14,27,74,0,115,30,0,30,145
05/28/2009,EYW,FL,ASO,ES,Federal Contract Tower,17,26,35,2,80,0,4,22,0,26,17,30,57,2,106,22,0,22,128
05/29/2009,EYW,FL,ASO,ES,Federal Contract Tower,16,27,40,0,83,0,2,27,0,29,16,29,67,0,112,8,0,8,120
05/30/2009,EYW,FL,ASO,ES,Federal Contract Tower,16,39,30,0,85,0,6,25,0,31,16,45,55,0,116,20,0,20,136
05/31/2009,EYW,FL,ASO,ES,Federal Contract Tower,16,33,51,0,100,0,4,37,3,44,16,37,88,3,144,14,0,14,158
06/01/2009,EYW,FL,ASO,ES,Federal Contract Tower,16,22,31,2,71,0,4,17,0,21,16,26,48,2,92,16,0,16,108
06/02/2009,EYW,FL,ASO,ES,Federal Contract Tower,16,22,28,0,66,0,4,25,0,29,16,26,53,0,95,2,0,2,97
06/03/2009,EYW,FL,ASO,ES,Federal Contract Tower,15,25,27,2,69,0,2,25,0,27,15,27,52,2,96,28,2,30,126
06/04/2009,EYW,FL,ASO,ES,Federal Contract Tower,16,23,29,0,68,0,1,30,1,32,16,24,59,1,100,19,0,19,119
06/05/2009,EYW,FL,ASO,ES,Federal Contract Tower,15,30,33,0,78,0,6,29,0,35,15,36,62,0,113,19,0,19,132
06/06/2009,EYW,FL,ASO,ES,Federal Contract Tower,22,37,23,0,82,0,6,17,0,23,22,43,40,0,105,0,0,0,105
06/07/2009,EYW,FL,ASO,ES,Federal Contract Tower,15,34,34,0,83,0,2,35,0,37,15,36,69,0,120,18,0,18,138
06/08/2009,EYW,FL,ASO,ES,Federal Contract Tower,15,26,30,0,71,0,3,38,0,41,15,29,68,0,112,50,0,50,162
06/09/2009,EYW,FL,ASO,ES,Federal Contract Tower,17,26,22,0,65,0,1,21,0,22,17,27,43,0,87,10,0,10,97
06/10/2009,EYW,FL,ASO,ES,Federal Contract Tower,15,27,22,0,64,0,2,35,0,37,15,29,57,0,101,28,0,28,129
06/11/2009,EYW,FL,ASO,ES,Federal Contract Tower,16,29,29,2,76,0,8,51,0,59,16,37,80,2,135,36,0,36,171
06/12/2009,EYW,FL,ASO,ES,Federal Contract Tower,16,30,35,0,81,0,6,48,0,54,16,36,83,0,135,17,0,17,152
06/13/2009,EYW,FL,ASO,ES,Federal Contract Tower,16,38,34,0,88,0,0,66,0,66,16,38,100,0,154,36,0,36,190
06/14/2009,EYW,FL,ASO,ES,Federal Contract Tower,16,32,28,0,76,0,1,69,0,70,16,33,97,0,146,24,0,24,170
06/15/2009,EYW,FL,ASO,ES,Federal Contract Tower,18,25,26,0,69,0,4,43,6,53,18,29,69,6,122,22,0,22,144
06/16/2009,EYW,FL,ASO,ES,Federal Contract Tower,16,30,27,0,73,0,2,44,0,46,16,32,71,0,119,16,0,16,135
06/17/2009,EYW,FL,ASO,ES,Federal Contract Tower,16,29,23,0,68,0,7,30,0,37,16,36,53,0,105,23,0,23,128
06/18/2009,EYW,FL,ASO,ES,Federal Contract Tower,16,31,29,0,76,0,4,27,0,31,16,35,56,0,107,24,0,24,131
06/19/2009,EYW,FL,ASO,ES,Federal Contract Tower,12,33,38,0,83,0,4,42,0,46,12,37,80,0,129,28,0,28,157
06/20/2009,EYW,FL,ASO,ES,Federal Contract Tower,16,40,25,0,81,0,0,22,0,22,16,40,47,0,103,22,0,22,125
06/21/2009,EYW,FL,ASO,ES,Federal Contract Tower,18,38,34,0,90,0,6,47,0,53,18,44,81,0,143,10,0,10,153
06/22/2009,EYW,FL,ASO,ES,Federal Contract Tower,28,28,25,0,81,0,3,27,0,30,28,31,52,0,111,10,2,12,123
06/23/2009,EYW,FL,ASO,ES,Federal Contract Tower,13,25,17,0,55,0,1,11,0,12,13,26,28,0,67,4,0,4,71
06/24/2009,EYW,FL,ASO,ES,Federal Contract Tower,14,27,21,0,62,0,5,13,0,18,14,32,34,0,80,2,10,12,92
06/25/2009,EYW,FL,ASO,ES,Federal Contract Tower,15,30,31,0,76,0,0,11,2,13,15,30,42,2,89,0,0,0,89
06/26/2009,EYW,FL,ASO,ES,Federal Contract Tower,20,34,27,0,81,0,7,6,0,13,20,41,33,0,94,7,0,7,101
06/27/2009,EYW,FL,ASO,ES,Federal Contract Tower,16,34,25,0,75,0,3,29,0,32,16,37,54,0,107,26,0,26,133
06/28/2009,EYW,FL,ASO,ES,Federal Contract Tower,16,31,34,0,81,0,8,33,0,41,16,39,67,0,122,0,0,0,122
06/29/2009,EYW,FL,ASO,ES,Federal Contract Tower,16,27,23,1,67,0,0,25,2,27,16,27,48,3,94,4,0,4,98
06/30/2009,EYW,FL,ASO,ES,Federal Contract Tower,16,24,13,0,53,0,0,22,0,22,16,24,35,0,75,22,0,22,97
07/01/2009,EYW,FL,ASO,ES,Federal Contract Tower,14,30,17,0,61,0,2,16,0,18,14,32,33,0,79,16,0,16,95
07/02/2009,EYW,FL,ASO,ES,Federal Contract Tower,16,32,36,0,84,0,4,42,0,46,16,36,78,0,130,13,0,13,143
07/03/2009,EYW,FL,ASO,ES,Federal Contract Tower,16,27,26,0,69,0,4,46,0,50,16,31,72,0,119,43,0,43,162
07/04/2009,EYW,FL,ASO,ES,Federal Contract Tower,14,33,20,0,67,0,0,48,0,48,14,33,68,0,115,59,4,63,178
07/05/2009,EYW,FL,ASO,ES,Federal Contract Tower,17,30,56,0,103,0,4,49,0,53,17,34,105,0,156,19,0,19,175
07/06/2009,EYW,FL,ASO,ES,Federal Contract Tower,15,30,22,3,70,0,4,35,0,39,15,34,57,3,109,2,0,2,111
07/07/2009,EYW,FL,ASO,ES,Federal Contract Tower,16,30,28,0,74,0,0,57,0,57,16,30,85,0,131,6,0,6,137
07/08/2009,EYW,FL,ASO,ES,Federal Contract Tower,16,27,10,0,53,0,2,36,0,38,16,29,46,0,91,22,0,22,113
07/09/2009,EYW,FL,ASO,ES,Federal Contract Tower,16,31,24,0,71,0,4,46,0,50,16,35,70,0,121,28,0,28,149
07/10/2009,EYW,FL,ASO,ES,Federal Contract Tower,14,29,35,0,78,0,2,41,0,43,14,31,76,0,121,12,0,12,133
07/11/2009,EYW,FL,ASO,ES,Federal Contract Tower,16,32,28,0,76,0,0,38,0,38,16,32,66,0,114,12,0,12,126
07/12/2009,EYW,FL,ASO,ES,Federal Contract Tower,18,31,34,0,83,0,4,48,0,52,18,35,82,0,135,2,0,2,137
07/13/2009,EYW,FL,ASO,ES,Federal Contract Tower,16,28,20,0,64,0,2,32,0,34,16,30,52,0,98,0,0,0,98
07/14/2009,EYW,FL,ASO,ES,Federal Contract Tower,17,27,13,0,57,0,0,31,0,31,17,27,44,0,88,24,0,24,112
07/15/2009,EYW,FL,ASO,ES,Federal Contract Tower,16,28,11,0,55,0,6,27,0,33,16,34,38,0,88,26,0,26,114
07/16/2009,EYW,FL,ASO,ES,Federal Contract Tower,15,31,26,2,74,0,4,23,0,27,15,35,49,2,101,12,0,12,113
07/17/2009,EYW,FL,ASO,ES,Federal Contract Tower,14,28,23,0,65,0,2,53,0,55,14,30,76,0,120,14,0,14,134
07/18/2009,EYW,FL,ASO,ES,Federal Contract Tower,16,37,22,0,75,0,2,69,0,71,16,39,91,0,146,20,0,20,166
07/19/2009,EYW,FL,ASO,ES,Federal Contract Tower,18,27,32,0,77,0,5,50,0,55,18,32,82,0,132,0,0,0,132
07/20/2009,EYW,FL,ASO,ES,Federal Contract Tower,14,30,23,0,67,0,1,22,0,23,14,31,45,0,90,14,0,14,104
07/21/2009,EYW,FL,ASO,ES,Federal Contract Tower,14,28,13,0,55,0,0,27,0,27,14,28,40,0,82,34,0,34,116
07/22/2009,EYW,FL,ASO,ES,Federal Contract Tower,16,28,30,0,74,0,4,31,0,35,16,32,61,0,109,24,8,32,141
07/23/2009,EYW,FL,ASO,ES,Federal Contract Tower,19,29,33,0,81,0,6,63,0,69,19,35,96,0,150,14,0,14,164
07/24/2009,EYW,FL,ASO,ES,Federal Contract Tower,16,36,28,0,80,0,4,44,0,48,16,40,72,0,128,24,0,24,152
07/25/2009,EYW,FL,ASO,ES,Federal Contract Tower,16,41,26,0,83,0,0,66,4,70,16,41,92,4,153,12,0,12,165
07/26/2009,EYW,FL,ASO,ES,Federal Contract Tower,18,37,53,0,108,0,0,46,0,46,18,37,99,0,154,6,0,6,160
07/27/2009,EYW,FL,ASO,ES,Federal Contract Tower,16,29,19,0,64,0,1,44,2,47,16,30,63,2,111,38,4,42,153
07/28/2009,EYW,FL,ASO,ES,Federal Contract Tower,17,30,45,0,92,0,0,43,0,43,17,30,88,0,135,14,0,14,149
07/29/2009,EYW,FL,ASO,ES,Federal Contract Tower,18,33,15,0,66,0,2,29,0,31,18,35,44,0,97,6,0,6,103
07/30/2009,EYW,FL,ASO,ES,Federal Contract Tower,13,27,29,0,69,0,4,30,0,34,13,31,59,0,103,22,0,22,125
07/31/2009,EYW,FL,ASO,ES,Federal Contract Tower,11,32,43,0,86,0,5,58,0,63,11,37,101,0,149,54,4,58,207
08/01/2009,EYW,FL,ASO,ES,Federal Contract Tower,13,41,38,0,92,0,2,55,0,57,13,43,93,0,149,27,0,27,176
08/02/2009,EYW,FL,ASO,ES,Federal Contract Tower,17,29,45,0,91,0,5,58,0,63,17,34,103,0,154,9,0,9,163
08/03/2009,EYW,FL,ASO,ES,Federal Contract Tower,15,25,20,0,60,0,2,31,0,33,15,27,51,0,93,15,8,23,116
08/04/2009,EYW,FL,ASO,ES,Federal Contract Tower,14,30,25,1,70,0,0,44,0,44,14,30,69,1,114,28,0,28,142
08/05/2009,EYW,FL,ASO,ES,Federal Contract Tower,18,31,47,0,96,0,6,55,0,61,18,37,102,0,157,6,0,6,163
08/06/2009,EYW,FL,ASO,ES,Federal Contract Tower,16,27,21,0,64,0,6,18,0,24,16,33,39,0,88,11,0,11,99
08/07/2009,EYW,FL,ASO,ES,Federal Contract Tower,12,35,36,0,83,0,4,48,0,52,12,39,84,0,135,32,0,32,167
08/08/2009,EYW,FL,ASO,ES,Federal Contract Tower,17,37,25,0,79,0,2,50,0,52,17,39,75,0,131,28,0,28,159
08/09/2009,EYW,FL,ASO,ES,Federal Contract Tower,17,29,61,0,107,0,7,57,0,64,17,36,118,0,171,4,0,4,175
08/10/2009,EYW,FL,ASO,ES,Federal Contract Tower,15,26,24,0,65,0,5,45,0,50,15,31,69,0,115,50,0,50,165
08/11/2009,EYW,FL,ASO,ES,Federal Contract Tower,15,30,27,0,72,0,0,24,0,24,15,30,51,0,96,14,0,14,110
08/12/2009,EYW,FL,ASO,ES,Federal Contract Tower,13,30,17,0,60,0,4,42,0,46,13,34,59,0,106,50,0,50,156
08/13/2009,EYW,FL,ASO,ES,Federal Contract Tower,16,31,30,0,77,0,4,30,0,34,16,35,60,0,111,2,0,2,113
08/14/2009,EYW,FL,ASO,ES,Federal Contract Tower,15,34,35,0,84,0,6,55,0,61,15,40,90,0,145,31,0,31,176
08/15/2009,EYW,FL,ASO,ES,Federal Contract Tower,14,27,19,0,60,0,0,3,0,3,14,27,22,0,63,0,0,0,63
08/16/2009,EYW,FL,ASO,ES,Federal Contract Tower,18,31,47,0,96,0,6,62,0,68,18,37,109,0,164,6,0,6,170
08/17/2009,EYW,FL,ASO,ES,Federal Contract Tower,16,23,19,0,58,0,4,45,0,49,16,27,64,0,107,8,0,8,115
08/18/2009,EYW,FL,ASO,ES,Federal Contract Tower,14,29,13,0,56,0,0,21,0,21,14,29,34,0,77,0,0,0,77
08/19/2009,EYW,FL,ASO,ES,Federal Contract Tower,16,27,7,0,50,0,4,47,0,51,16,31,54,0,101,40,0,40,141
08/20/2009,EYW,FL,ASO,ES,Federal Contract Tower,14,29,24,0,67,0,10,36,0,46,14,39,60,0,113,5,0,5,118
08/21/2009,EYW,FL,ASO,ES,Federal Contract Tower,19,29,21,0,69,0,9,45,0,54,19,38,66,0,123,10,0,10,133
08/22/2009,EYW,FL,ASO,ES,Federal Contract Tower,14,32,20,0,66,0,0,33,0,33,14,32,53,0,99,0,0,0,99
08/23/2009,EYW,FL,ASO,ES,Federal Contract Tower,16,32,33,0,81,0,7,45,0,52,16,39,78,0,133,4,0,4,137
08/24/2009,EYW,FL,ASO,ES,Federal Contract Tower,16,28,12,0,56,0,1,11,2,14,16,29,23,2,70,44,0,44,114
08/25/2009,EYW,FL,ASO,ES,Federal Contract Tower,14,29,12,1,56,0,0,22,3,25,14,29,34,4,81,24,0,24,105
08/26/2009,EYW,FL,ASO,ES,Federal Contract Tower,17,31,11,0,59,0,2,28,1,31,17,33,39,1,90,16,0,16,106
08/27/2009,EYW,FL,ASO,ES,Federal Contract Tower,16,31,5,1,53,0,2,51,2,55,16,33,56,3,108,6,0,6,114
08/28/2009,EYW,FL,ASO,ES,Federal Contract Tower,16,31,37,1,85,0,4,45,0,49,16,35,82,1,134,24,0,24,158
08/29/2009,EYW,FL,ASO,ES,Federal Contract Tower,15,34,18,0,67,0,0,52,0,52,15,34,70,0,119,26,0,26,145
08/30/2009,EYW,FL,ASO,ES,Federal Contract Tower,15,29,25,2,71,0,1,45,0,46,15,30,70,2,117,4,0,4,121
08/31/2009,EYW,FL,ASO,ES,Federal Contract Tower,15,23,6,0,44,0,1,34,0,35,15,24,40,0,79,10,0,10,89
09/01/2009,EYW,FL,ASO,ES,Federal Contract Tower,12,29,8,0,49,0,0,30,0,30,12,29,38,0,79,2,0,2,81
09/02/2009,EYW,FL,ASO,ES,Federal Contract Tower,14,30,14,0,58,0,1,17,0,18,14,31,31,0,76,0,0,0,76
09/03/2009,EYW,FL,ASO,ES,Federal Contract Tower,16,30,11,0,57,0,5,26,0,31,16,35,37,0,88,10,0,10,98
09/04/2009,EYW,FL,ASO,ES,Federal Contract Tower,14,32,47,0,93,0,7,33,0,40,14,39,80,0,133,36,0,36,169
09/05/2009,EYW,FL,ASO,ES,Federal Contract Tower,10,25,14,0,49,0,1,16,0,17,10,26,30,0,66,0,0,0,66
09/06/2009,EYW,FL,ASO,ES,Federal Contract Tower,15,26,19,0,60,0,2,46,0,48,15,28,65,0,108,32,0,32,140
09/07/2009,EYW,FL,ASO,ES,Federal Contract Tower,14,25,46,0,85,0,5,54,0,59,14,30,100,0,144,8,0,8,152
09/08/2009,EYW,FL,ASO,ES,Federal Contract Tower,14,23,11,0,48,0,1,14,0,15,14,24,25,0,63,2,0,2,65
09/09/2009,EYW,FL,ASO,ES,Federal Contract Tower,15,21,16,0,52,0,0,32,0,32,15,21,48,0,84,30,0,30,114
09/10/2009,EYW,FL,ASO,ES,Federal Contract Tower,14,22,24,0,60,0,0,43,0,43,14,22,67,0,103,34,0,34,137
09/11/2009,EYW,FL,ASO,ES,Federal Contract Tower,13,27,27,0,67,0,8,28,0,36,13,35,55,0,103,2,20,22,125
09/12/2009,EYW,FL,ASO,ES,Federal Contract Tower,12,26,29,0,67,0,0,32,0,32,12,26,61,0,99,9,0,9,108
09/13/2009,EYW,FL,ASO,ES,Federal Contract Tower,13,19,26,0,58,0,2,36,0,38,13,21,62,0,96,2,0,2,98
09/14/2009,EYW,FL,ASO,ES,Federal Contract Tower,14,20,22,0,56,0,6,21,0,27,14,26,43,0,83,2,0,2,85
09/15/2009,EYW,FL,ASO,ES,Federal Contract Tower,14,22,23,0,59,0,0,38,8,46,14,22,61,8,105,4,0,4,109
09/16/2009,EYW,FL,ASO,ES,Federal Contract Tower,14,24,11,0,49,0,0,22,1,23,14,24,33,1,72,12,0,12,84
09/17/2009,EYW,FL,ASO,ES,Federal Contract Tower,16,26,16,0,58,0,2,29,0,31,16,28,45,0,89,4,2,6,95
09/18/2009,EYW,FL,ASO,ES,Federal Contract Tower,14,24,20,0,58,0,2,35,0,37,14,26,55,0,95,0,0,0,95
09/19/2009,EYW,FL,ASO,ES,Federal Contract Tower,12,27,18,0,57,0,2,41,0,43,12,29,59,0,100,14,0,14,114
09/20/2009,EYW,FL,ASO,ES,Federal Contract Tower,14,23,31,0,68,0,3,53,0,56,14,26,84,0,124,22,0,22,146
09/21/2009,EYW,FL,ASO,ES,Federal Contract Tower,12,23,18,0,53,0,2,23,0,25,12,25,41,0,78,48,0,48,126
09/22/2009,EYW,FL,ASO,ES,Federal Contract Tower,14,25,7,0,46,0,0,23,0,23,14,25,30,0,69,8,0,8,77
09/23/2009,EYW,FL,ASO,ES,Federal Contract Tower,14,24,12,0,50,0,3,23,0,26,14,27,35,0,76,28,0,28,104
09/24/2009,EYW,FL,ASO,ES,Federal Contract Tower,14,22,23,0,59,0,0,34,0,34,14,22,57,0,93,28,0,28,121
09/25/2009,EYW,FL,ASO,ES,Federal Contract Tower,14,27,30,0,71,0,2,34,0,36,14,29,64,0,107,0,0,0,107
09/26/2009,EYW,FL,ASO,ES,Federal Contract Tower,13,29,20,0,62,0,0,48,0,48,13,29,68,0,110,2,0,2,112
09/27/2009,EYW,FL,ASO,ES,Federal Contract Tower,14,28,32,0,74,0,2,55,0,57,14,30,87,0,131,26,0,26,157
09/28/2009,EYW,FL,ASO,ES,Federal Contract Tower,14,25,17,0,56,0,0,27,0,27,14,25,44,0,83,18,0,18,101
09/29/2009,EYW,FL,ASO,ES,Federal Contract Tower,13,22,14,0,49,0,4,19,0,23,13,26,33,0,72,12,0,12,84
09/30/2009,EYW,FL,ASO,ES,Federal Contract Tower,14,22,27,0,63,0,2,24,0,26,14,24,51,0,89,50,0,50,139
10/01/2009,EYW,FL,ASO,ES,Federal Contract Tower,15,26,21,0,62,0,2,24,0,26,15,28,45,0,88,23,0,23,111
10/02/2009,EYW,FL,ASO,ES,Federal Contract Tower,13,23,42,0,78,0,3,26,0,29,13,26,68,0,107,2,0,2,109
10/03/2009,EYW,FL,ASO,ES,Federal Contract Tower,12,28,18,1,59,0,0,51,0,51,12,28,69,1,110,29,0,29,139
10/04/2009,EYW,FL,ASO,ES,Federal Contract Tower,14,21,46,1,82,0,2,62,1,65,14,23,108,2,147,36,0,36,183
10/05/2009,EYW,FL,ASO,ES,Federal Contract Tower,14,21,17,0,52,0,1,32,0,33,14,22,49,0,85,8,0,8,93
10/06/2009,EYW,FL,ASO,ES,Federal Contract Tower,14,22,20,2,58,0,2,32,0,34,14,24,52,2,92,8,0,8,100
10/07/2009,EYW,FL,ASO,ES,Federal Contract Tower,14,23,21,2,60,0,0,31,0,31,14,23,52,2,91,50,0,50,141
10/08/2009,EYW,FL,ASO,ES,Federal Contract Tower,15,25,16,2,58,0,3,31,0,34,15,28,47,2,92,50,0,50,142
10/09/2009,EYW,FL,ASO,ES,Federal Contract Tower,15,33,29,0,77,0,5,50,0,55,15,38,79,0,132,6,0,6,138
10/10/2009,EYW,FL,ASO,ES,Federal Contract Tower,12,36,10,0,58,0,0,42,0,42,12,36,52,0,100,28,0,28,128
10/11/2009,EYW,FL,ASO,ES,Federal Contract Tower,14,32,34,0,80,0,2,47,0,49,14,34,81,0,129,22,0,22,151
10/12/2009,EYW,FL,ASO,ES,Federal Contract Tower,13,26,16,0,55,0,3,41,0,44,13,29,57,0,99,45,0,45,144
10/13/2009,EYW,FL,ASO,ES,Federal Contract Tower,15,27,13,0,55,0,0,39,0,39,15,27,52,0,94,10,0,10,104
10/14/2009,EYW,FL,ASO,ES,Federal Contract Tower,15,28,23,0,66,0,2,42,0,44,15,30,65,0,110,22,0,22,132
10/15/2009,EYW,FL,ASO,ES,Federal Contract Tower,14,29,19,0,62,0,3,44,0,47,14,32,63,0,109,22,0,22,131
10/16/2009,EYW,FL,ASO,ES,Federal Contract Tower,13,30,30,0,73,0,3,37,0,40,13,33,67,0,113,13,0,13,126
10/17/2009,EYW,FL,ASO,ES,Federal Contract Tower,12,33,17,0,62,0,0,49,0,49,12,33,66,0,111,21,0,21,132
10/18/2009,EYW,FL,ASO,ES,Federal Contract Tower,14,37,61,0,112,0,1,32,0,33,14,38,93,0,145,4,0,4,149
10/19/2009,EYW,FL,ASO,ES,Federal Contract Tower,14,26,18,0,58,0,7,13,1,21,14,33,31,1,79,4,0,4,83
10/20/2009,EYW,FL,ASO,ES,Federal Contract Tower,13,29,6,0,48,1,0,21,0,22,14,29,27,0,70,8,0,8,78
10/21/2009,EYW,FL,ASO,ES,Federal Contract Tower,16,27,26,0,69,0,0,25,4,29,16,27,51,4,98,14,0,14,112
10/22/2009,EYW,FL,ASO,ES,Federal Contract Tower,16,30,27,0,73,0,2,50,2,54,16,32,77,2,127,14,0,14,141
10/23/2009,EYW,FL,ASO,ES,Federal Contract Tower,18,36,27,0,81,0,3,53,0,56,18,39,80,0,137,23,0,23,160
10/24/2009,EYW,FL,ASO,ES,Federal Contract Tower,17,33,23,0,73,0,1,33,2,36,17,34,56,2,109,12,0,12,121
10/25/2009,EYW,FL,ASO,ES,Federal Contract Tower,21,32,38,0,91,0,3,87,0,90,21,35,125,0,181,30,0,30,211
10/26/2009,EYW,FL,ASO,ES,Federal Contract Tower,16,25,24,2,67,0,2,26,4,32,16,27,50,6,99,6,0,6,105
10/27/2009,EYW,FL,ASO,ES,Federal Contract Tower,16,33,45,1,95,0,1,49,0,50,16,34,94,1,145,16,0,16,161
10/28/2009,EYW,FL,ASO,ES,Federal Contract Tower,16,33,46,0,95,0,4,48,2,54,16,37,94,2,149,18,0,18,167
10/29/2009,EYW,FL,ASO,ES,Federal Contract Tower,17,35,68,0,120,0,1,64,0,65,17,36,132,0,185,18,0,18,203
10/30/2009,EYW,FL,ASO,ES,Federal Contract Tower,22,30,74,4,130,0,3,83,0,86,22,33,157,4,216,32,0,32,248
10/31/2009,EYW,FL,ASO,ES,Federal Contract Tower,17,34,43,0,94,0,0,86,0,86,17,34,129,0,180,19,0,19,199
11/01/2009,EYW,FL,ASO,ES,Federal Contract Tower,23,48,93,0,164,0,7,130,0,137,23,55,223,0,301,4,0,4,305
11/02/2009,EYW,FL,ASO,ES,Federal Contract Tower,17,35,23,0,75,0,4,45,0,49,17,39,68,0,124,12,0,12,136
11/03/2009,EYW,FL,ASO,ES,Federal Contract Tower,16,31,23,0,70,0,1,47,0,48,16,32,70,0,118,13,0,13,131
11/04/2009,EYW,FL,ASO,ES,Federal Contract Tower,16,32,15,2,65,0,1,25,0,26,16,33,40,2,91,34,0,34,125
11/05/2009,EYW,FL,ASO,ES,Federal Contract Tower,16,32,25,0,73,0,2,41,2,45,16,34,66,2,118,19,0,19,137
11/06/2009,EYW,FL,ASO,ES,Federal Contract Tower,16,30,30,0,76,0,1,22,0,23,16,31,52,0,99,4,0,4,103
11/07/2009,EYW,FL,ASO,ES,Federal Contract Tower,14,33,17,0,64,0,1,14,0,15,14,34,31,0,79,8,0,8,87
11/08/2009,EYW,FL,ASO,ES,Federal Contract Tower,16,31,34,0,81,0,3,28,0,31,16,34,62,0,112,2,0,2,114
11/09/2009,EYW,FL,ASO,ES,Federal Contract Tower,16,24,16,0,56,0,2,18,0,20,16,26,34,0,76,0,0,0,76
11/10/2009,EYW,FL,ASO,ES,Federal Contract Tower,16,28,16,0,60,0,0,31,0,31,16,28,47,0,91,2,0,2,93
11/11/2009,EYW,FL,ASO,ES,Federal Contract Tower,16,30,14,0,60,0,2,57,0,59,16,32,71,0,119,26,0,26,145
11/12/2009,EYW,FL,ASO,ES,Federal Contract Tower,16,35,46,1,98,0,0,24,0,24,16,35,70,1,122,18,0,18,140
11/13/2009,EYW,FL,ASO,ES,Federal Contract Tower,16,35,43,0,94,0,4,61,0,65,16,39,104,0,159,60,0,60,219
11/14/2009,EYW,FL,ASO,ES,Federal Contract Tower,14,34,36,0,84,0,0,71,1,72,14,34,107,1,156,41,0,41,197
11/15/2009,EYW,FL,ASO,ES,Federal Contract Tower,17,32,46,2,97,0,4,111,0,115,17,36,157,2,212,16,0,16,228
11/16/2009,EYW,FL,ASO,ES,Federal Contract Tower,17,27,28,1,73,0,7,42,0,49,17,34,70,1,122,12,0,12,134
11/17/2009,EYW,FL,ASO,ES,Federal Contract Tower,16,29,13,1,59,0,3,50,2,55,16,32,63,3,114,8,0,8,122
11/18/2009,EYW,FL,ASO,ES,Federal Contract Tower,16,28,21,0,65,0,1,58,1,60,16,29,79,1,125,33,0,33,158
11/19/2009,EYW,FL,ASO,ES,Federal Contract Tower,23,32,14,1,70,0,3,40,1,44,23,35,54,2,114,26,0,26,140
11/20/2009,EYW,FL,ASO,ES,Federal Contract Tower,18,30,24,1,73,0,2,51,0,53,18,32,75,1,126,19,0,19,145
11/21/2009,EYW,FL,ASO,ES,Federal Contract Tower,18,33,20,0,71,0,0,44,0,44,18,33,64,0,115,59,0,59,174
11/22/2009,EYW,FL,ASO,ES,Federal Contract Tower,19,32,36,0,87,0,2,47,0,49,19,34,83,0,136,4,0,4,140
11/23/2009,EYW,FL,ASO,ES,Federal Contract Tower,18,28,28,0,74,0,4,32,2,38,18,32,60,2,112,21,0,21,133
11/24/2009,EYW,FL,ASO,ES,Federal Contract Tower,20,33,38,1,92,0,0,48,0,48,20,33,86,1,140,54,0,54,194
11/25/2009,EYW,FL,ASO,ES,Federal Contract Tower,20,32,24,1,77,0,0,7,0,7,20,32,31,1,84,2,0,2,86
11/26/2009,EYW,FL,ASO,ES,Federal Contract Tower,20,21,19,0,60,0,0,26,0,26,20,21,45,0,86,18,0,18,104
11/27/2009,EYW,FL,ASO,ES,Federal Contract Tower,20,27,28,0,75,0,2,46,0,48,20,29,74,0,123,10,0,10,133
11/28/2009,EYW,FL,ASO,ES,Federal Contract Tower,20,34,34,0,88,0,0,48,0,48,20,34,82,0,136,24,0,24,160
11/29/2009,EYW,FL,ASO,ES,Federal Contract Tower,22,31,50,0,103,0,4,59,2,65,22,35,109,2,168,20,0,20,188
11/30/2009,EYW,FL,ASO,ES,Federal Contract Tower,19,38,13,0,70,0,2,34,4,40,19,40,47,4,110,4,0,4,114
12/01/2009,EYW,FL,ASO,ES,Federal Contract Tower,17,29,14,0,60,0,0,43,1,44,17,29,57,1,104,14,0,14,118
12/02/2009,EYW,FL,ASO,ES,Federal Contract Tower,19,30,8,0,57,0,0,27,1,28,19,30,35,1,85,13,0,13,98
12/03/2009,EYW,FL,ASO,ES,Federal Contract Tower,20,26,26,0,72,0,5,21,0,26,20,31,47,0,98,14,0,14,112
12/04/2009,EYW,FL,ASO,ES,Federal Contract Tower,20,33,37,0,90,0,2,21,0,23,20,35,58,0,113,12,0,12,125
12/05/2009,EYW,FL,ASO,ES,Federal Contract Tower,19,35,9,0,63,0,0,9,0,9,19,35,18,0,72,4,0,4,76
12/06/2009,EYW,FL,ASO,ES,Federal Contract Tower,20,33,39,0,92,0,2,47,0,49,20,35,86,0,141,17,0,17,158
12/07/2009,EYW,FL,ASO,ES,Federal Contract Tower,19,29,23,0,71,0,1,36,2,39,19,30,59,2,110,5,0,5,115
12/08/2009,EYW,FL,ASO,ES,Federal Contract Tower,18,33,17,0,68,0,1,38,0,39,18,34,55,0,107,24,0,24,131
12/09/2009,EYW,FL,ASO,ES,Federal Contract Tower,19,28,28,1,76,0,0,40,1,41,19,28,68,2,117,18,0,18,135
12/10/2009,EYW,FL,ASO,ES,Federal Contract Tower,19,31,25,0,75,0,2,36,0,38,19,33,61,0,113,12,0,12,125
12/11/2009,EYW,FL,ASO,ES,Federal Contract Tower,19,29,20,0,68,0,4,15,0,19,19,33,35,0,87,20,0,20,107
12/12/2009,EYW,FL,ASO,ES,Federal Contract Tower,22,37,22,0,81,0,0,27,0,27,22,37,49,0,108,24,0,24,132
12/13/2009,EYW,FL,ASO,ES,Federal Contract Tower,20,32,41,0,93,0,0,65,0,65,20,32,106,0,158,8,0,8,166
12/14/2009,EYW,FL,ASO,ES,Federal Contract Tower,16,27,31,0,74,0,1,27,0,28,16,28,58,0,102,8,0,8,110
12/15/2009,EYW,FL,ASO,ES,Federal Contract Tower,19,29,17,2,67,0,0,26,4,30,19,29,43,6,97,22,0,22,119
12/16/2009,EYW,FL,ASO,ES,Federal Contract Tower,26,28,25,0,79,0,0,39,1,40,26,28,64,1,119,10,0,10,129
12/17/2009,EYW,FL,ASO,ES,Federal Contract Tower,21,23,19,0,63,0,0,13,2,15,21,23,32,2,78,24,0,24,102
12/18/2009,EYW,FL,ASO,ES,Federal Contract Tower,20,26,7,0,53,0,0,1,0,1,20,26,8,0,54,0,0,0,54
12/19/2009,EYW,FL,ASO,ES,Federal Contract Tower,26,42,22,0,90,0,0,29,1,30,26,42,51,1,120,14,0,14,134
12/20/2009,EYW,FL,ASO,ES,Federal Contract Tower,23,31,23,0,77,0,2,30,0,32,23,33,53,0,109,29,0,29,138
12/21/2009,EYW,FL,ASO,ES,Federal Contract Tower,23,30,25,1,79,0,0,2,18,20,23,30,27,19,99,12,0,12,111
12/22/2009,EYW,FL,ASO,ES,Federal Contract Tower,24,33,22,0,79,0,0,63,0,63,24,33,85,0,142,46,0,46,188
12/23/2009,EYW,FL,ASO,ES,Federal Contract Tower,23,37,28,2,90,0,1,31,0,32,23,38,59,2,122,46,0,46,168
12/24/2009,EYW,FL,ASO,ES,Federal Contract Tower,25,33,32,0,90,0,2,19,0,21,25,35,51,0,111,66,0,66,177
12/25/2009,EYW,FL,ASO,ES,Federal Contract Tower,21,23,9,0,53,0,0,14,1,15,21,23,23,1,68,14,0,14,82
12/26/2009,EYW,FL,ASO,ES,Federal Contract Tower,29,41,79,1,150,0,2,67,0,69,29,43,146,1,219,82,0,82,301
12/27/2009,EYW,FL,ASO,ES,Federal Contract Tower,29,35,48,0,112,0,2,63,0,65,29,37,111,0,177,59,0,59,236
12/28/2009,EYW,FL,ASO,ES,Federal Contract Tower,24,38,56,0,118,0,3,31,0,34,24,41,87,0,152,6,0,6,158
12/29/2009,EYW,FL,ASO,ES,Federal Contract Tower,26,33,46,0,105,0,1,76,0,77,26,34,122,0,182,80,0,80,262
12/30/2009,EYW,FL,ASO,ES,Federal Contract Tower,24,33,71,0,128,0,5,58,0,63,24,38,129,0,191,92,0,92,283
12/31/2009,EYW,FL,ASO,ES,Federal Contract Tower,23,37,63,0,123,0,2,94,1,97,23,39,157,1,220,64,0,64,284
01/01/2010,EYW,FL,ASO,ES,Federal Contract Tower,25,40,39,0,104,0,0,33,4,37,25,40,72,4,141,22,1,23,164
01/02/2010,EYW,FL,ASO,ES,Federal Contract Tower,30,49,74,2,155,0,0,86,5,91,30,49,160,7,246,16,0,16,262
01/03/2010,EYW,FL,ASO,ES,Federal Contract Tower,29,40,84,0,153,0,4,70,1,75,29,44,154,1,228,6,0,6,234
01/04/2010,EYW,FL,ASO,ES,Federal Contract Tower,24,32,31,0,87,0,2,40,4,46,24,34,71,4,133,18,0,18,151
01/05/2010,EYW,FL,ASO,ES,Federal Contract Tower,23,33,25,0,81,0,2,45,1,48,23,35,70,1,129,29,0,29,158
01/06/2010,EYW,FL,ASO,ES,Federal Contract Tower,23,34,18,2,77,0,1,38,24,63,23,35,56,26,140,18,6,24,164
01/07/2010,EYW,FL,ASO,ES,Federal Contract Tower,25,35,28,2,90,0,3,45,1,49,25,38,73,3,139,89,0,89,228
01/08/2010,EYW,FL,ASO,ES,Federal Contract Tower,23,34,36,0,93,0,2,45,0,47,23,36,81,0,140,32,0,32,172
01/09/2010,EYW,FL,ASO,ES,Federal Contract Tower,25,34,17,0,76,0,0,1,0,1,25,34,18,0,77,0,0,0,77
01/10/2010,EYW,FL,ASO,ES,Federal Contract Tower,26,34,26,2,88,0,2,20,1,23,26,36,46,3,111,0,0,0,111
01/11/2010,EYW,FL,ASO,ES,Federal Contract Tower,19,33,33,0,85,0,2,18,0,20,19,35,51,0,105,35,0,35,140
01/12/2010,EYW,FL,ASO,ES,Federal Contract Tower,23,33,11,0,67,0,0,38,0,38,23,33,49,0,105,31,0,31,136
01/13/2010,EYW,FL,ASO,ES,Federal Contract Tower,25,30,27,0,82,0,2,35,0,37,25,32,62,0,119,30,0,30,149
01/14/2010,EYW,FL,ASO,ES,Federal Contract Tower,27,33,41,0,101,0,6,42,0,48,27,39,83,0,149,18,0,18,167
01/15/2010,EYW,FL,ASO,ES,Federal Contract Tower,24,39,66,0,129,0,2,82,0,84,24,41,148,0,213,24,0,24,237
01/16/2010,EYW,FL,ASO,ES,Federal Contract Tower,27,34,39,0,100,0,0,51,0,51,27,34,90,0,151,17,0,17,168
01/17/2010,EYW,FL,ASO,ES,Federal Contract Tower,28,32,57,0,117,0,0,23,0,23,28,32,80,0,140,11,0,11,151
01/18/2010,EYW,FL,ASO,ES,Federal Contract Tower,22,34,46,0,102,0,2,61,0,63,22,36,107,0,165,16,0,16,181
01/19/2010,EYW,FL,ASO,ES,Federal Contract Tower,25,35,40,0,100,0,0,55,0,55,25,35,95,0,155,20,0,20,175
01/20/2010,EYW,FL,ASO,ES,Federal Contract Tower,27,29,29,0,85,0,1,64,2,67,27,30,93,2,152,43,0,43,195
01/21/2010,EYW,FL,ASO,ES,Federal Contract Tower,25,37,41,0,103,0,2,34,0,36,25,39,75,0,139,14,0,14,153
01/22/2010,EYW,FL,ASO,ES,Federal Contract Tower,20,40,44,0,104,0,0,51,0,51,20,40,95,0,155,64,0,64,219
01/23/2010,EYW,FL,ASO,ES,Federal Contract Tower,27,45,45,0,117,0,0,46,0,46,27,45,91,0,163,56,0,56,219
01/24/2010,EYW,FL,ASO,ES,Federal Contract Tower,24,31,49,3,107,0,1,57,1,59,24,32,106,4,166,25,0,25,191
01/25/2010,EYW,FL,ASO,ES,Federal Contract Tower,21,36,26,0,83,0,4,8,3,15,21,40,34,3,98,8,0,8,106
01/26/2010,EYW,FL,ASO,ES,Federal Contract Tower,24,34,30,0,88,0,0,73,4,77,24,34,103,4,165,22,2,24,189
01/27/2010,EYW,FL,ASO,ES,Federal Contract Tower,25,33,24,0,82,0,0,47,2,49,25,33,71,2,131,26,0,26,157
01/28/2010,EYW,FL,ASO,ES,Federal Contract Tower,25,35,28,2,90,0,14,50,0,64,25,49,78,2,154,16,0,16,170
01/29/2010,EYW,FL,ASO,ES,Federal Contract Tower,25,35,35,1,96,0,2,57,0,59,25,37,92,1,155,22,0,22,177
01/30/2010,EYW,FL,ASO,ES,Federal Contract Tower,26,39,32,0,97,0,1,32,0,33,26,40,64,0,130,23,0,23,153
01/31/2010,EYW,FL,ASO,ES,Federal Contract Tower,30,40,51,1,122,0,0,7,0,7,30,40,58,1,129,0,0,0,129
02/01/2010,EYW,FL,ASO,ES,Federal Contract Tower,23,37,33,0,93,0,0,7,2,9,23,37,40,2,102,0,4,4,106
02/02/2010,EYW,FL,ASO,ES,Federal Contract Tower,24,32,24,0,80,0,3,37,10,50,24,35,61,10,130,62,4,66,196
02/03/2010,EYW,FL,ASO,ES,Federal Contract Tower,22,34,30,4,90,0,0,28,0,28,22,34,58,4,118,55,0,55,173
02/04/2010,EYW,FL,ASO,ES,Federal Contract Tower,28,42,49,0,119,0,3,47,10,60,28,45,96,10,179,44,2,46,225
02/05/2010,EYW,FL,ASO,ES,Federal Contract Tower,23,37,51,0,111,0,1,21,2,24,23,38,72,2,135,4,0,4,139
02/06/2010,EYW,FL,ASO,ES,Federal Contract Tower,30,39,33,1,103,0,1,36,1,38,30,40,69,2,141,27,0,27,168
02/07/2010,EYW,FL,ASO,ES,Federal Contract Tower,29,56,39,0,124,0,0,42,0,42,29,56,81,0,166,16,0,16,182
02/08/2010,EYW,FL,ASO,ES,Federal Contract Tower,22,39,31,0,92,0,1,56,0,57,22,40,87,0,149,7,0,7,156
02/09/2010,EYW,FL,ASO,ES,Federal Contract Tower,22,36,17,0,75,0,0,35,0,35,22,36,52,0,110,20,0,20,130
02/10/2010,EYW,FL,ASO,ES,Federal Contract Tower,23,29,25,0,77,0,0,19,0,19,23,29,44,0,96,0,0,0,96
02/11/2010,EYW,FL,ASO,ES,Federal Contract Tower,25,33,44,0,102,0,3,53,0,56,25,36,97,0,158,23,0,23,181
02/12/2010,EYW,FL,ASO,ES,Federal Contract Tower,16,35,33,0,84,0,2,45,0,47,16,37,78,0,131,14,0,14,145
02/13/2010,EYW,FL,ASO,ES,Federal Contract Tower,26,41,49,0,116,0,0,31,0,31,26,41,80,0,147,0,0,0,147
02/14/2010,EYW,FL,ASO,ES,Federal Contract Tower,28,34,44,0,106,0,3,55,0,58,28,37,99,0,164,24,6,30,194
02/15/2010,EYW,FL,ASO,ES,Federal Contract Tower,15,40,45,3,103,0,4,64,0,68,15,44,109,3,171,42,0,42,213
02/16/2010,EYW,FL,ASO,ES,Federal Contract Tower,23,35,39,0,97,0,2,38,0,40,23,37,77,0,137,10,0,10,147
02/17/2010,EYW,FL,ASO,ES,Federal Contract Tower,25,31,33,0,89,0,2,38,0,40,25,33,71,0,129,26,0,26,155
02/18/2010,EYW,FL,ASO,ES,Federal Contract Tower,26,32,38,0,96,0,0,46,0,46,26,32,84,0,142,18,0,18,160
02/19/2010,EYW,FL,ASO,ES,Federal Contract Tower,23,47,34,0,104,0,4,52,0,56,23,51,86,0,160,14,0,14,174
02/20/2010,EYW,FL,ASO,ES,Federal Contract Tower,31,42,45,0,118,0,2,78,2,82,31,44,123,2,200,72,0,72,272
02/21/2010,EYW,FL,ASO,ES,Federal Contract Tower,28,35,62,0,125,0,6,67,2,75,28,41,129,2,200,33,0,33,233
02/22/2010,EYW,FL,ASO,ES,Federal Contract Tower,20,35,15,0,70,0,0,10,0,10,20,35,25,0,80,0,0,0,80
02/23/2010,EYW,FL,ASO,ES,Federal Contract Tower,22,29,48,2,101,0,0,59,0,59,22,29,107,2,160,16,0,16,176
02/24/2010,EYW,FL,ASO,ES,Federal Contract Tower,25,36,19,0,80,0,0,16,0,16,25,36,35,0,96,20,0,20,116
02/25/2010,EYW,FL,ASO,ES,Federal Contract Tower,23,29,31,2,85,0,2,42,0,44,23,31,73,2,129,16,0,16,145
02/26/2010,EYW,FL,ASO,ES,Federal Contract Tower,23,34,44,0,101,0,4,72,0,76,23,38,116,0,177,30,0,30,207
02/27/2010,EYW,FL,ASO,ES,Federal Contract Tower,28,40,29,0,97,0,0,11,0,11,28,40,40,0,108,12,0,12,120
02/28/2010,EYW,FL,ASO,ES,Federal Contract Tower,28,30,65,0,123,0,10,69,2,81,28,40,134,2,204,36,0,36,240
03/01/2010,EYW,FL,ASO,ES,Federal Contract Tower,21,36,31,0,88,0,3,61,0,64,21,39,92,0,152,12,0,12,164
03/02/2010,EYW,FL,ASO,ES,Federal Contract Tower,22,30,14,0,66,0,2,18,0,20,22,32,32,0,86,8,0,8,94
03/03/2010,EYW,FL,ASO,ES,Federal Contract Tower,25,32,20,0,77,0,0,28,0,28,25,32,48,0,105,14,0,14,119
03/04/2010,EYW,FL,ASO,ES,Federal Contract Tower,23,32,44,0,99,0,2,35,0,37,23,34,79,0,136,36,0,36,172
03/05/2010,EYW,FL,ASO,ES,Federal Contract Tower,22,33,52,0,107,0,2,70,0,72,22,35,122,0,179,20,0,20,199
03/06/2010,EYW,FL,ASO,ES,Federal Contract Tower,29,39,58,0,126,0,0,72,0,72,29,39,130,0,198,20,0,20,218
03/07/2010,EYW,FL,ASO,ES,Federal Contract Tower,27,37,56,0,120,0,3,72,0,75,27,40,128,0,195,24,0,24,219
03/08/2010,EYW,FL,ASO,ES,Federal Contract Tower,20,33,45,0,98,0,2,61,0,63,20,35,106,0,161,25,0,25,186
03/09/2010,EYW,FL,ASO,ES,Federal Contract Tower,22,32,35,0,89,0,0,50,1,51,22,32,85,1,140,66,0,66,206
03/10/2010,EYW,FL,ASO,ES,Federal Contract Tower,21,32,53,0,106,0,0,72,0,72,21,32,125,0,178,74,0,74,252
03/11/2010,EYW,FL,ASO,ES,Federal Contract Tower,26,40,39,0,105,0,0,41,0,41,26,40,80,0,146,28,0,28,174
03/12/2010,EYW,FL,ASO,ES,Federal Contract Tower,18,37,31,0,86,0,0,19,0,19,18,37,50,0,105,12,0,12,117
03/13/2010,EYW,FL,ASO,ES,Federal Contract Tower,27,44,71,0,142,0,2,62,0,64,27,46,133,0,206,52,0,52,258
03/14/2010,EYW,FL,ASO,ES,Federal Contract Tower,27,32,85,0,144,0,13,91,0,104,27,45,176,0,248,36,0,36,284
03/15/2010,EYW,FL,ASO,ES,Federal Contract Tower,18,44,43,0,105,0,2,63,0,65,18,46,106,0,170,10,0,10,180
03/16/2010,EYW,FL,ASO,ES,Federal Contract Tower,22,40,36,0,98,0,2,56,0,58,22,42,92,0,156,22,0,22,178
03/17/2010,EYW,FL,ASO,ES,Federal Contract Tower,21,33,34,0,88,0,0,21,0,21,21,33,55,0,109,44,0,44,153
03/18/2010,EYW,FL,ASO,ES,Federal Contract Tower,22,35,60,0,117,0,7,58,0,65,22,42,118,0,182,34,0,34,216
03/19/2010,EYW,FL,ASO,ES,Federal Contract Tower,27,37,53,0,117,0,8,60,0,68,27,45,113,0,185,19,0,19,204
03/20/2010,EYW,FL,ASO,ES,Federal Contract Tower,28,43,47,0,118,0,5,94,0,99,28,48,141,0,217,64,0,64,281
03/21/2010,EYW,FL,ASO,ES,Federal Contract Tower,26,32,90,2,150,0,1,61,0,62,26,33,151,2,212,34,0,34,246
03/22/2010,EYW,FL,ASO,ES,Federal Contract Tower,19,35,26,0,80,0,4,35,1,40,19,39,61,1,120,16,0,16,136
03/23/2010,EYW,FL,ASO,ES,Federal Contract Tower,21,36,30,0,87,0,0,82,4,86,21,36,112,4,173,30,0,30,203
03/24/2010,EYW,FL,ASO,ES,Federal Contract Tower,21,33,33,0,87,0,0,57,0,57,21,33,90,0,144,4,0,4,148
03/25/2010,EYW,FL,ASO,ES,Federal Contract Tower,23,36,51,0,110,0,2,60,0,62,23,38,111,0,172,24,0,24,196
03/26/2010,EYW,FL,ASO,ES,Federal Contract Tower,21,43,31,0,95,0,0,42,2,44,21,43,73,2,139,10,0,10,149
03/27/2010,EYW,FL,ASO,ES,Federal Contract Tower,29,44,59,0,132,0,2,106,0,108,29,46,165,0,240,46,0,46,286
03/28/2010,EYW,FL,ASO,ES,Federal Contract Tower,28,36,60,0,124,0,1,48,0,49,28,37,108,0,173,16,0,16,189
03/29/2010,EYW,FL,ASO,ES,Federal Contract Tower,19,32,28,0,79,0,1,14,0,15,19,33,42,0,94,0,0,0,94
03/30/2010,EYW,FL,ASO,ES,Federal Contract Tower,22,33,41,0,96,0,0,53,0,53,22,33,94,0,149,4,0,4,153
03/31/2010,EYW,FL,ASO,ES,Federal Contract Tower,20,34,40,0,94,0,0,53,0,53,20,34,93,0,147,24,0,24,171
04/01/2010,EYW,FL,ASO,ES,Federal Contract Tower,23,42,51,0,116,0,0,72,0,72,23,42,123,0,188,23,0,23,211
04/02/2010,EYW,FL,ASO,ES,Federal Contract Tower,21,36,59,0,116,0,4,111,0,115,21,40,170,0,231,24,0,24,255
04/03/2010,EYW,FL,ASO,ES,Federal Contract Tower,26,39,51,0,116,0,4,93,0,97,26,43,144,0,213,19,0,19,232
04/04/2010,EYW,FL,ASO,ES,Federal Contract Tower,30,33,33,1,97,0,8,56,0,64,30,41,89,1,161,8,0,8,169
04/05/2010,EYW,FL,ASO,ES,Federal Contract Tower,20,32,42,1,95,0,3,78,0,81,20,35,120,1,176,6,0,6,182
04/06/2010,EYW,FL,ASO,ES,Federal Contract Tower,22,27,23,0,72,0,0,81,0,81,22,27,104,0,153,22,2,24,177
04/07/2010,EYW,FL,ASO,ES,Federal Contract Tower,20,31,55,1,107,0,0,76,4,80,20,31,131,5,187,26,0,26,213
04/08/2010,EYW,FL,ASO,ES,Federal Contract Tower,24,30,45,0,99,0,2,58,2,62,24,32,103,2,161,20,0,20,181
04/09/2010,EYW,FL,ASO,ES,Federal Contract Tower,22,38,48,3,111,0,0,40,0,40,22,38,88,3,151,16,0,16,167
04/10/2010,EYW,FL,ASO,ES,Federal Contract Tower,24,38,53,0,115,0,1,63,0,64,24,39,116,0,179,30,0,30,209
04/11/2010,EYW,FL,ASO,ES,Federal Contract Tower,26,40,61,2,129,0,0,42,0,42,26,40,103,2,171,8,0,8,179
04/12/2010,EYW,FL,ASO,ES,Federal Contract Tower,18,32,36,1,87,0,4,42,0,46,18,36,78,1,133,22,6,28,161
04/13/2010,EYW,FL,ASO,ES,Federal Contract Tower,22,30,37,0,89,0,2,65,1,68,22,32,102,1,157,28,0,28,185
04/14/2010,EYW,FL,ASO,ES,Federal Contract Tower,20,31,35,0,86,0,0,50,2,52,20,31,85,2,138,10,0,10,148
04/15/2010,EYW,FL,ASO,ES,Federal Contract Tower,23,36,50,0,109,0,7,58,0,65,23,43,108,0,174,32,0,32,206
04/16/2010,EYW,FL,ASO,ES,Federal Contract Tower,20,42,56,0,118,0,11,66,0,77,20,53,122,0,195,20,0,20,215
04/17/2010,EYW,FL,ASO,ES,Federal Contract Tower,24,42,43,0,109,0,0,80,0,80,24,42,123,0,189,36,0,36,225
04/18/2010,EYW,FL,ASO,ES,Federal Contract Tower,24,44,78,0,146,0,0,46,0,46,24,44,124,0,192,32,0,32,224
04/19/2010,EYW,FL,ASO,ES,Federal Contract Tower,20,33,48,0,101,0,4,46,0,50,20,37,94,0,151,22,0,22,173
04/20/2010,EYW,FL,ASO,ES,Federal Contract Tower,22,35,30,0,87,0,0,49,0,49,22,35,79,0,136,6,0,6,142
04/21/2010,EYW,FL,ASO,ES,Federal Contract Tower,21,31,31,0,83,0,2,77,0,79,21,33,108,0,162,24,0,24,186
04/22/2010,EYW,FL,ASO,ES,Federal Contract Tower,26,29,33,0,88,0,6,85,6,97,26,35,118,6,185,16,0,16,201
04/23/2010,EYW,FL,ASO,ES,Federal Contract Tower,23,35,48,0,106,0,8,83,0,91,23,43,131,0,197,65,0,65,262
04/24/2010,EYW,FL,ASO,ES,Federal Contract Tower,25,39,42,0,106,0,2,113,0,115,25,41,155,0,221,6,0,6,227
04/25/2010,EYW,FL,ASO,ES,Federal Contract Tower,24,31,55,0,110,0,7,86,0,93,24,38,141,0,203,16,0,16,219
04/26/2010,EYW,FL,ASO,ES,Federal Contract Tower,21,32,28,0,81,0,1,10,1,12,21,33,38,1,93,4,0,4,97
04/27/2010,EYW,FL,ASO,ES,Federal Contract Tower,21,34,11,0,66,0,0,60,0,60,21,34,71,0,126,20,0,20,146
04/28/2010,EYW,FL,ASO,ES,Federal Contract Tower,21,35,31,0,87,0,3,51,0,54,21,38,82,0,141,16,0,16,157
04/29/2010,EYW,FL,ASO,ES,Federal Contract Tower,24,32,35,0,91,0,7,62,0,69,24,39,97,0,160,14,0,14,174
04/30/2010,EYW,FL,ASO,ES,Federal Contract Tower,23,33,57,0,113,0,2,46,4,52,23,35,103,4,165,14,0,14,179
05/01/2010,EYW,FL,ASO,ES,Federal Contract Tower,23,38,34,0,95,0,2,58,0,60,23,40,92,0,155,26,0,26,181
05/02/2010,EYW,FL,ASO,ES,Federal Contract Tower,24,37,55,0,116,0,10,61,2,73,24,47,116,2,189,16,0,16,205
05/03/2010,EYW,FL,ASO,ES,Federal Contract Tower,17,30,31,0,78,0,6,62,0,68,17,36,93,0,146,4,0,4,150
05/04/2010,EYW,FL,ASO,ES,Federal Contract Tower,21,27,34,0,82,0,0,63,0,63,21,27,97,0,145,10,0,10,155
05/05/2010,EYW,FL,ASO,ES,Federal Contract Tower,22,33,43,0,98,0,2,70,0,72,22,35,113,0,170,64,0,64,234
05/06/2010,EYW,FL,ASO,ES,Federal Contract Tower,23,33,33,1,90,0,7,65,0,72,23,40,98,1,162,12,0,12,174
05/07/2010,EYW,FL,ASO,ES,Federal Contract Tower,21,30,38,0,89,0,3,70,2,75,21,33,108,2,164,8,10,18,182
05/08/2010,EYW,FL,ASO,ES,Federal Contract Tower,23,35,31,0,89,0,4,90,8,102,23,39,121,8,191,15,0,15,206
05/09/2010,EYW,FL,ASO,ES,Federal Contract Tower,20,34,59,0,113,0,6,57,0,63,20,40,116,0,176,24,0,24,200
05/10/2010,EYW,FL,ASO,ES,Federal Contract Tower,17,30,23,2,72,0,1,50,1,52,17,31,73,3,124,50,0,50,174
05/11/2010,EYW,FL,ASO,ES,Federal Contract Tower,17,23,17,0,57,0,3,44,2,49,17,26,61,2,106,0,0,0,106
05/12/2010,EYW,FL,ASO,ES,Federal Contract Tower,15,33,41,0,89,0,0,56,6,62,15,33,97,6,151,6,0,6,157
05/13/2010,EYW,FL,ASO,ES,Federal Contract Tower,17,35,19,0,71,0,10,79,0,89,17,45,98,0,160,16,0,16,176
05/14/2010,EYW,FL,ASO,ES,Federal Contract Tower,15,30,42,0,87,0,0,65,0,65,15,30,107,0,152,12,0,12,164
05/15/2010,EYW,FL,ASO,ES,Federal Contract Tower,18,42,22,0,82,0,0,73,0,73,18,42,95,0,155,20,0,20,175
05/16/2010,EYW,FL,ASO,ES,Federal Contract Tower,17,41,59,0,117,0,5,62,0,67,17,46,121,0,184,10,0,10,194
05/17/2010,EYW,FL,ASO,ES,Federal Contract Tower,15,31,28,0,74,0,2,54,0,56,15,33,82,0,130,2,0,2,132
05/18/2010,EYW,FL,ASO,ES,Federal Contract Tower,16,27,21,0,64,0,0,55,5,60,16,27,76,5,124,2,0,2,126
05/19/2010,EYW,FL,ASO,ES,Federal Contract Tower,15,26,30,0,71,0,0,30,0,30,15,26,60,0,101,12,0,12,113
05/20/2010,EYW,FL,ASO,ES,Federal Contract Tower,15,38,31,0,84,0,11,42,0,53,15,49,73,0,137,0,0,0,137
05/21/2010,EYW,FL,ASO,ES,Federal Contract Tower,15,38,37,0,90,0,2,74,0,76,15,40,111,0,166,14,0,14,180
05/22/2010,EYW,FL,ASO,ES,Federal Contract Tower,18,36,22,0,76,0,2,55,1,58,18,38,77,1,134,8,0,8,142
05/23/2010,EYW,FL,ASO,ES,Federal Contract Tower,16,26,51,0,93,0,7,70,1,78,16,33,121,1,171,2,0,2,173
05/24/2010,EYW,FL,ASO,ES,Federal Contract Tower,15,28,19,1,63,0,5,52,0,57,15,33,71,1,120,20,0,20,140
05/25/2010,EYW,FL,ASO,ES,Federal Contract Tower,17,32,27,0,76,0,0,40,0,40,17,32,67,0,116,8,0,8,124
05/26/2010,EYW,FL,ASO,ES,Federal Contract Tower,15,32,34,0,81,0,3,59,0,62,15,35,93,0,143,14,0,14,157
05/27/2010,EYW,FL,ASO,ES,Federal Contract Tower,14,32,28,0,74,0,3,57,0,60,14,35,85,0,134,0,32,32,166
05/28/2010,EYW,FL,ASO,ES,Federal Contract Tower,16,34,51,0,101,0,4,76,0,80,16,38,127,0,181,6,0,6,187
05/29/2010,EYW,FL,ASO,ES,Federal Contract Tower,17,41,27,0,85,0,4,57,0,61,17,45,84,0,146,40,0,40,186
05/30/2010,EYW,FL,ASO,ES,Federal Contract Tower,17,38,22,1,78,0,3,99,0,102,17,41,121,1,180,2,0,2,182
05/31/2010,EYW,FL,ASO,ES,Federal Contract Tower,18,29,58,0,105,0,4,83,0,87,18,33,141,0,192,18,0,18,210
06/01/2010,EYW,FL,ASO,ES,Federal Contract Tower,19,37,23,0,79,0,2,52,0,54,19,39,75,0,133,2,0,2,135
06/02/2010,EYW,FL,ASO,ES,Federal Contract Tower,18,26,15,2,61,0,0,36,0,36,18,26,51,2,97,8,0,8,105
06/03/2010,EYW,FL,ASO,ES,Federal Contract Tower,15,28,35,2,80,0,2,32,2,36,15,30,67,4,116,16,0,16,132
06/04/2010,EYW,FL,ASO,ES,Federal Contract Tower,18,28,39,0,85,0,0,27,0,27,18,28,66,0,112,25,0,25,137
06/05/2010,EYW,FL,ASO,ES,Federal Contract Tower,17,44,33,0,94,0,1,141,0,142,17,45,174,0,236,12,0,12,248
06/06/2010,EYW,FL,ASO,ES,Federal Contract Tower,18,22,15,0,55,0,6,75,0,81,18,28,90,0,136,28,2,30,166
06/07/2010,EYW,FL,ASO,ES,Federal Contract Tower,18,27,18,1,64,0,3,36,1,40,18,30,54,2,104,14,0,14,118
06/08/2010,EYW,FL,ASO,ES,Federal Contract Tower,16,31,21,0,68,0,0,60,0,60,16,31,81,0,128,12,0,12,140
06/09/2010,EYW,FL,ASO,ES,Federal Contract Tower,18,31,21,0,70,0,0,58,0,58,18,31,79,0,128,16,0,16,144
06/10/2010,EYW,FL,ASO,ES,Federal Contract Tower,18,28,26,0,72,0,4,54,0,58,18,32,80,0,130,2,0,2,132
06/11/2010,EYW,FL,ASO,ES,Federal Contract Tower,17,30,38,0,85,0,2,46,0,48,17,32,84,0,133,20,0,20,153
06/12/2010,EYW,FL,ASO,ES,Federal Contract Tower,21,29,16,0,66,0,0,62,0,62,21,29,78,0,128,1,0,1,129
06/13/2010,EYW,FL,ASO,ES,Federal Contract Tower,18,25,38,0,81,0,3,29,0,32,18,28,67,0,113,8,0,8,121
06/14/2010,EYW,FL,ASO,ES,Federal Contract Tower,17,26,26,0,69,0,2,53,0,55,17,28,79,0,124,28,0,28,152
06/15/2010,EYW,FL,ASO,ES,Federal Contract Tower,16,28,11,0,55,0,0,52,0,52,16,28,63,0,107,28,0,28,135
06/16/2010,EYW,FL,ASO,ES,Federal Contract Tower,17,29,22,0,68,0,0,43,0,43,17,29,65,0,111,0,0,0,111
06/17/2010,EYW,FL,ASO,ES,Federal Contract Tower,17,33,18,0,68,0,6,47,0,53,17,39,65,0,121,6,0,6,127
06/18/2010,EYW,FL,ASO,ES,Federal Contract Tower,18,32,45,0,95,0,0,72,0,72,18,32,117,0,167,27,0,27,194
06/19/2010,EYW,FL,ASO,ES,Federal Contract Tower,20,23,23,0,66,0,1,45,0,46,20,24,68,0,112,26,0,26,138
06/20/2010,EYW,FL,ASO,ES,Federal Contract Tower,20,28,29,0,77,0,5,39,0,44,20,33,68,0,121,2,0,2,123
06/21/2010,EYW,FL,ASO,ES,Federal Contract Tower,15,35,24,0,74,0,1,38,0,39,15,36,62,0,113,4,0,4,117
06/22/2010,EYW,FL,ASO,ES,Federal Contract Tower,16,25,15,1,57,0,0,45,2,47,16,25,60,3,104,14,0,14,118
06/23/2010,EYW,FL,ASO,ES,Federal Contract Tower,17,24,12,0,53,0,0,47,0,47,17,24,59,0,100,32,0,32,132
06/24/2010,EYW,FL,ASO,ES,Federal Contract Tower,17,25,28,0,70,0,9,30,0,39,17,34,58,0,109,0,0,0,109
06/25/2010,EYW,FL,ASO,ES,Federal Contract Tower,16,30,32,0,78,0,5,53,0,58,16,35,85,0,136,6,0,6,142
06/26/2010,EYW,FL,ASO,ES,Federal Contract Tower,19,35,23,0,77,0,1,66,0,67,19,36,89,0,144,44,7,51,195
06/27/2010,EYW,FL,ASO,ES,Federal Contract Tower,23,25,37,0,85,0,5,51,0,56,23,30,88,0,141,2,0,2,143
06/28/2010,EYW,FL,ASO,ES,Federal Contract Tower,15,28,16,0,59,0,0,62,1,63,15,28,78,1,122,32,5,37,159
06/29/2010,EYW,FL,ASO,ES,Federal Contract Tower,17,25,17,1,60,0,0,48,2,50,17,25,65,3,110,26,0,26,136
06/30/2010,EYW,FL,ASO,ES,Federal Contract Tower,17,26,37,1,81,0,0,44,1,45,17,26,81,2,126,8,0,8,134
07/01/2010,EYW,FL,ASO,ES,Federal Contract Tower,17,29,39,0,85,0,4,44,2,50,17,33,83,2,135,12,0,12,147
07/02/2010,EYW,FL,ASO,ES,Federal Contract Tower,16,36,47,0,99,2,1,49,1,53,18,37,96,1,152,22,0,22,174
07/03/2010,EYW,FL,ASO,ES,Federal Contract Tower,20,30,22,0,72,0,0,58,0,58,20,30,80,0,130,56,0,56,186
07/04/2010,EYW,FL,ASO,ES,Federal Contract Tower,14,23,18,0,55,0,1,78,0,79,14,24,96,0,134,44,0,44,178
07/05/2010,EYW,FL,ASO,ES,Federal Contract Tower,17,34,49,0,100,0,2,27,0,29,17,36,76,0,129,24,0,24,153
07/06/2010,EYW,FL,ASO,ES,Federal Contract Tower,17,22,32,0,71,0,0,47,0,47,17,22,79,0,118,0,0,0,118
07/07/2010,EYW,FL,ASO,ES,Federal Contract Tower,17,24,22,0,63,0,0,52,0,52,17,24,74,0,115,18,0,18,133
07/08/2010,EYW,FL,ASO,ES,Federal Contract Tower,18,28,25,0,71,0,5,44,1,50,18,33,69,1,121,14,0,14,135
07/09/2010,EYW,FL,ASO,ES,Federal Contract Tower,17,30,31,0,78,0,5,79,0,84,17,35,110,0,162,0,0,0,162
07/10/2010,EYW,FL,ASO,ES,Federal Contract Tower,20,24,20,0,64,0,2,67,0,69,20,26,87,0,133,0,0,0,133
07/11/2010,EYW,FL,ASO,ES,Federal Contract Tower,18,23,34,0,75,0,5,64,0,69,18,28,98,0,144,34,0,34,178
07/12/2010,EYW,FL,ASO,ES,Federal Contract Tower,16,26,13,0,55,0,8,65,2,75,16,34,78,2,130,30,0,30,160
07/13/2010,EYW,FL,ASO,ES,Federal Contract Tower,16,23,29,2,70,0,0,66,0,66,16,23,95,2,136,28,2,30,166
07/14/2010,EYW,FL,ASO,ES,Federal Contract Tower,17,21,19,0,57,0,0,35,0,35,17,21,54,0,92,16,0,16,108
07/15/2010,EYW,FL,ASO,ES,Federal Contract Tower,17,32,20,0,69,0,1,10,0,11,17,33,30,0,80,0,0,0,80
07/16/2010,EYW,FL,ASO,ES,Federal Contract Tower,16,28,33,0,77,0,3,34,0,37,16,31,67,0,114,0,0,0,114
07/17/2010,EYW,FL,ASO,ES,Federal Contract Tower,19,28,22,0,69,0,7,55,4,66,19,35,77,4,135,26,0,26,161
07/18/2010,EYW,FL,ASO,ES,Federal Contract Tower,18,27,28,0,73,0,2,38,0,40,18,29,66,0,113,30,0,30,143
07/19/2010,EYW,FL,ASO,ES,Federal Contract Tower,17,28,27,0,72,0,6,61,0,67,17,34,88,0,139,12,0,12,151
07/20/2010,EYW,FL,ASO,ES,Federal Contract Tower,17,23,21,0,61,0,0,42,0,42,17,23,63,0,103,8,0,8,111
07/21/2010,EYW,FL,ASO,ES,Federal Contract Tower,16,26,29,0,71,0,0,41,0,41,16,26,70,0,112,4,0,4,116
07/22/2010,EYW,FL,ASO,ES,Federal Contract Tower,17,33,34,0,84,0,2,48,0,50,17,35,82,0,134,12,0,12,146
07/23/2010,EYW,FL,ASO,ES,Federal Contract Tower,12,22,8,0,42,0,2,2,0,4,12,24,10,0,46,0,0,0,46
07/24/2010,EYW,FL,ASO,ES,Federal Contract Tower,21,27,43,0,91,0,0,48,0,48,21,27,91,0,139,14,0,14,153
07/25/2010,EYW,FL,ASO,ES,Federal Contract Tower,17,29,21,0,67,0,3,47,0,50,17,32,68,0,117,14,0,14,131
07/26/2010,EYW,FL,ASO,ES,Federal Contract Tower,17,27,31,0,75,0,6,56,0,62,17,33,87,0,137,10,0,10,147
07/27/2010,EYW,FL,ASO,ES,Federal Contract Tower,18,25,28,0,71,0,1,38,0,39,18,26,66,0,110,20,0,20,130
07/28/2010,EYW,FL,ASO,ES,Federal Contract Tower,17,25,21,0,63,0,0,46,0,46,17,25,67,0,109,12,0,12,121
07/29/2010,EYW,FL,ASO,ES,Federal Contract Tower,17,29,20,0,66,0,4,48,0,52,17,33,68,0,118,0,0,0,118
07/30/2010,EYW,FL,ASO,ES,Federal Contract Tower,18,31,31,0,80,0,5,64,0,69,18,36,95,0,149,20,0,20,169
07/31/2010,EYW,FL,ASO,ES,Federal Contract Tower,21,26,29,0,76,0,2,82,0,84,21,28,111,0,160,56,0,56,216
08/01/2010,EYW,FL,ASO,ES,Federal Contract Tower,19,26,32,0,77,0,6,90,0,96,19,32,122,0,173,28,0,28,201
08/02/2010,EYW,FL,ASO,ES,Federal Contract Tower,17,29,20,0,66,0,3,27,0,30,17,32,47,0,96,12,0,12,108
08/03/2010,EYW,FL,ASO,ES,Federal Contract Tower,17,21,14,0,52,0,0,43,0,43,17,21,57,0,95,10,0,10,105
08/04/2010,EYW,FL,ASO,ES,Federal Contract Tower,17,25,14,0,56,0,0,43,0,43,17,25,57,0,99,18,0,18,117
08/05/2010,EYW,FL,ASO,ES,Federal Contract Tower,17,35,30,0,82,0,2,97,0,99,17,37,127,0,181,18,0,18,199
08/06/2010,EYW,FL,ASO,ES,Federal Contract Tower,18,34,14,0,66,0,2,81,0,83,18,36,95,0,149,2,0,2,151
08/07/2010,EYW,FL,ASO,ES,Federal Contract Tower,22,27,25,0,74,0,1,105,0,106,22,28,130,0,180,14,0,14,194
08/08/2010,EYW,FL,ASO,ES,Federal Contract Tower,20,28,46,0,94,0,0,60,0,60,20,28,106,0,154,20,0,20,174
08/09/2010,EYW,FL,ASO,ES,Federal Contract Tower,19,29,19,0,67,0,0,18,0,18,19,29,37,0,85,0,0,0,85
08/10/2010,EYW,FL,ASO,ES,Federal Contract Tower,17,25,10,1,53,0,0,3,0,3,17,25,13,1,56,0,0,0,56
08/11/2010,EYW,FL,ASO,ES,Federal Contract Tower,17,23,33,3,76,0,0,32,0,32,17,23,65,3,108,0,0,0,108
08/12/2010,EYW,FL,ASO,ES,Federal Contract Tower,17,27,18,0,62,0,2,55,0,57,17,29,73,0,119,22,0,22,141
08/13/2010,EYW,FL,ASO,ES,Federal Contract Tower,18,30,29,0,77,0,2,108,0,110,18,32,137,0,187,46,0,46,233
08/14/2010,EYW,FL,ASO,ES,Federal Contract Tower,20,27,35,0,82,0,0,58,0,58,20,27,93,0,140,8,0,8,148
08/15/2010,EYW,FL,ASO,ES,Federal Contract Tower,19,25,28,0,72,0,6,62,0,68,19,31,90,0,140,6,0,6,146
08/16/2010,EYW,FL,ASO,ES,Federal Contract Tower,17,27,11,0,55,0,2,66,0,68,17,29,77,0,123,10,0,10,133
08/17/2010,EYW,FL,ASO,ES,Federal Contract Tower,17,25,12,0,54,0,0,48,0,48,17,25,60,0,102,66,0,66,168
08/18/2010,EYW,FL,ASO,ES,Federal Contract Tower,15,24,17,0,56,0,0,57,0,57,15,24,74,0,113,43,0,43,156
08/19/2010,EYW,FL,ASO,ES,Federal Contract Tower,20,26,22,0,68,0,3,54,0,57,20,29,76,0,125,58,0,58,183
08/20/2010,EYW,FL,ASO,ES,Federal Contract Tower,14,32,28,0,74,0,3,91,0,94,14,35,119,0,168,24,0,24,192
08/21/2010,EYW,FL,ASO,ES,Federal Contract Tower,14,40,19,0,73,0,0,85,0,85,14,40,104,0,158,15,0,15,173
08/22/2010,EYW,FL,ASO,ES,Federal Contract Tower,15,27,23,2,67,0,1,63,0,64,15,28,86,2,131,20,0,20,151
08/23/2010,EYW,FL,ASO,ES,Federal Contract Tower,15,24,12,0,51,0,1,68,12,81,15,25,80,12,132,23,8,31,163
08/24/2010,EYW,FL,ASO,ES,Federal Contract Tower,16,21,21,0,58,0,0,52,8,60,16,21,73,8,118,0,4,4,122
08/25/2010,EYW,FL,ASO,ES,Federal Contract Tower,17,24,11,0,52,0,0,40,5,45,17,24,51,5,97,16,0,16,113
08/26/2010,EYW,FL,ASO,ES,Federal Contract Tower,17,34,28,0,79,0,3,55,4,62,17,37,83,4,141,16,0,16,157
08/27/2010,EYW,FL,ASO,ES,Federal Contract Tower,15,29,24,0,68,0,1,56,5,62,15,30,80,5,130,28,0,28,158
08/28/2010,EYW,FL,ASO,ES,Federal Contract Tower,18,36,26,0,80,0,67,0,0,67,18,103,26,0,147,14,0,14,161
08/29/2010,EYW,FL,ASO,ES,Federal Contract Tower,15,26,22,0,63,0,2,81,0,83,15,28,103,0,146,9,0,9,155
08/30/2010,EYW,FL,ASO,ES,Federal Contract Tower,15,29,6,2,52,0,2,12,4,18,15,31,18,6,70,10,0,10,80
08/31/2010,EYW,FL,ASO,ES,Federal Contract Tower,16,20,12,0,48,0,0,40,3,43,16,20,52,3,91,4,0,4,95
09/01/2010,EYW,FL,ASO,ES,Federal Contract Tower,15,23,13,2,53,0,0,31,3,34,15,23,44,5,87,0,0,0,87
09/02/2010,EYW,FL,ASO,ES,Federal Contract Tower,17,31,24,0,72,0,2,37,0,39,17,33,61,0,111,10,0,10,121
09/03/2010,EYW,FL,ASO,ES,Federal Contract Tower,20,33,45,0,98,0,2,77,0,79,20,35,122,0,177,0,0,0,177
09/04/2010,EYW,FL,ASO,ES,Federal Contract Tower,17,36,22,1,76,0,3,79,0,82,17,39,101,1,158,0,0,0,158
09/05/2010,EYW,FL,ASO,ES,Federal Contract Tower,18,31,19,0,68,0,4,77,1,82,18,35,96,1,150,16,0,16,166
09/06/2010,EYW,FL,ASO,ES,Federal Contract Tower,18,29,41,0,88,0,5,68,0,73,18,34,109,0,161,12,0,12,173
09/07/2010,EYW,FL,ASO,ES,Federal Contract Tower,17,23,24,0,64,0,1,44,0,45,17,24,68,0,109,0,0,0,109
09/08/2010,EYW,FL,ASO,ES,Federal Contract Tower,15,23,13,0,51,0,0,10,1,11,15,23,23,1,62,0,0,0,62
09/09/2010,EYW,FL,ASO,ES,Federal Contract Tower,17,22,22,0,61,0,3,26,0,29,17,25,48,0,90,28,0,28,118
09/10/2010,EYW,FL,ASO,ES,Federal Contract Tower,15,26,35,0,76,0,2,32,0,34,15,28,67,0,110,18,0,18,128
09/11/2010,EYW,FL,ASO,ES,Federal Contract Tower,17,27,26,0,70,0,0,76,0,76,17,27,102,0,146,10,0,10,156
09/12/2010,EYW,FL,ASO,ES,Federal Contract Tower,17,23,23,0,63,0,3,74,0,77,17,26,97,0,140,10,0,10,150
09/13/2010,EYW,FL,ASO,ES,Federal Contract Tower,15,18,21,0,54,0,2,31,0,33,15,20,52,0,87,6,0,6,93
09/14/2010,EYW,FL,ASO,ES,Federal Contract Tower,17,21,8,0,46,0,0,49,0,49,17,21,57,0,95,10,0,10,105
09/15/2010,EYW,FL,ASO,ES,Federal Contract Tower,17,24,15,2,58,0,0,39,0,39,17,24,54,2,97,8,0,8,105
09/16/2010,EYW,FL,ASO,ES,Federal Contract Tower,17,29,24,1,71,0,2,9,0,11,17,31,33,1,82,4,0,4,86
09/17/2010,EYW,FL,ASO,ES,Federal Contract Tower,15,25,25,1,66,0,2,39,0,41,15,27,64,1,107,2,0,2,109
09/18/2010,EYW,FL,ASO,ES,Federal Contract Tower,17,24,10,1,52,0,0,35,0,35,17,24,45,1,87,13,0,13,100
09/19/2010,EYW,FL,ASO,ES,Federal Contract Tower,16,21,29,0,66,0,2,52,0,54,16,23,81,0,120,4,0,4,124
09/20/2010,EYW,FL,ASO,ES,Federal Contract Tower,16,19,12,0,47,0,2,32,0,34,16,21,44,0,81,16,0,16,97
09/21/2010,EYW,FL,ASO,ES,Federal Contract Tower,17,22,15,2,56,0,0,28,0,28,17,22,43,2,84,2,0,2,86
09/22/2010,EYW,FL,ASO,ES,Federal Contract Tower,14,20,21,0,55,0,0,41,2,43,14,20,62,2,98,6,0,6,104
09/23/2010,EYW,FL,ASO,ES,Federal Contract Tower,17,24,9,0,50,0,4,15,0,19,17,28,24,0,69,0,0,0,69
09/24/2010,EYW,FL,ASO,ES,Federal Contract Tower,15,30,22,0,67,0,3,29,0,32,15,33,51,0,99,11,0,11,110
09/25/2010,EYW,FL,ASO,ES,Federal Contract Tower,17,27,15,0,59,0,3,37,0,40,17,30,52,0,99,36,0,36,135
09/26/2010,EYW,FL,ASO,ES,Federal Contract Tower,16,20,17,0,53,0,2,30,0,32,16,22,47,0,85,46,0,46,131
09/27/2010,EYW,FL,ASO,ES,Federal Contract Tower,17,21,9,0,47,0,2,44,0,46,17,23,53,0,93,4,0,4,97
09/28/2010,EYW,FL,ASO,ES,Federal Contract Tower,16,24,10,0,50,0,0,21,1,22,16,24,31,1,72,20,0,20,92
09/29/2010,EYW,FL,ASO,ES,Federal Contract Tower,13,21,8,0,42,0,0,4,0,4,13,21,12,0,46,0,0,0,46
09/30/2010,EYW,FL,ASO,ES,Federal Contract Tower,17,17,11,0,45,0,3,38,0,41,17,20,49,0,86,0,0,0,86
10/01/2010,EYW,FL,ASO,ES,Federal Contract Tower,16,18,25,0,59,0,5,39,0,44,16,23,64,0,103,32,0,32,135
10/02/2010,EYW,FL,ASO,ES,Federal Contract Tower,20,30,21,0,71,0,3,76,6,85,20,33,97,6,156,37,0,37,193
10/03/2010,EYW,FL,ASO,ES,Federal Contract Tower,17,20,29,0,66,0,7,93,0,100,17,27,122,0,166,8,0,8,174
10/04/2010,EYW,FL,ASO,ES,Federal Contract Tower,13,20,13,0,46,0,2,52,0,54,13,22,65,0,100,3,0,3,103
10/05/2010,EYW,FL,ASO,ES,Federal Contract Tower,18,22,18,0,58,0,1,17,0,18,18,23,35,0,76,0,0,0,76
10/06/2010,EYW,FL,ASO,ES,Federal Contract Tower,15,27,10,0,52,0,4,22,0,26,15,31,32,0,78,0,0,0,78
10/07/2010,EYW,FL,ASO,ES,Federal Contract Tower,16,27,15,0,58,0,3,31,0,34,16,30,46,0,92,6,0,6,98
10/08/2010,EYW,FL,ASO,ES,Federal Contract Tower,14,29,32,0,75,0,3,66,0,69,14,32,98,0,144,16,0,16,160
10/09/2010,EYW,FL,ASO,ES,Federal Contract Tower,18,34,20,0,72,0,0,95,0,95,18,34,115,0,167,28,0,28,195
10/10/2010,EYW,FL,ASO,ES,Federal Contract Tower,16,29,41,0,86,0,3,103,0,106,16,32,144,0,192,17,0,17,209
10/11/2010,EYW,FL,ASO,ES,Federal Contract Tower,15,22,38,0,75,0,6,65,0,71,15,28,103,0,146,24,0,24,170
10/12/2010,EYW,FL,ASO,ES,Federal Contract Tower,17,29,17,0,63,0,0,6,0,6,17,29,23,0,69,0,0,0,69
10/13/2010,EYW,FL,ASO,ES,Federal Contract Tower,15,23,20,2,60,0,3,39,0,42,15,26,59,2,102,9,0,9,111
10/14/2010,EYW,FL,ASO,ES,Federal Contract Tower,19,27,12,0,58,0,2,3,0,5,19,29,15,0,63,0,0,0,63
10/15/2010,EYW,FL,ASO,ES,Federal Contract Tower,16,36,18,0,70,0,4,39,0,43,16,40,57,0,113,0,0,0,113
10/16/2010,EYW,FL,ASO,ES,Federal Contract Tower,18,33,22,1,74,0,1,63,0,64,18,34,85,1,138,18,0,18,156
10/17/2010,EYW,FL,ASO,ES,Federal Contract Tower,20,25,27,0,72,0,5,54,0,59,20,30,81,0,131,17,0,17,148
10/18/2010,EYW,FL,ASO,ES,Federal Contract Tower,17,23,17,0,57,0,5,41,0,46,17,28,58,0,103,4,0,4,107
10/19/2010,EYW,FL,ASO,ES,Federal Contract Tower,18,25,15,1,59,0,2,55,0,57,18,27,70,1,116,16,0,16,132
10/20/2010,EYW,FL,ASO,ES,Federal Contract Tower,17,28,19,0,64,0,4,47,0,51,17,32,66,0,115,18,0,18,133
10/21/2010,EYW,FL,ASO,ES,Federal Contract Tower,22,28,18,0,68,0,6,56,0,62,22,34,74,0,130,12,0,12,142
10/22/2010,EYW,FL,ASO,ES,Federal Contract Tower,18,33,33,0,84,0,2,73,0,75,18,35,106,0,159,24,0,24,183
10/23/2010,EYW,FL,ASO,ES,Federal Contract Tower,22,35,25,2,84,0,1,76,0,77,22,36,101,2,161,18,0,18,179
10/24/2010,EYW,FL,ASO,ES,Federal Contract Tower,22,29,40,0,91,0,4,85,0,89,22,33,125,0,180,4,0,4,184
10/25/2010,EYW,FL,ASO,ES,Federal Contract Tower,18,35,30,1,84,0,3,23,1,27,18,38,53,2,111,2,4,6,117
10/26/2010,EYW,FL,ASO,ES,Federal Contract Tower,20,32,32,0,84,0,2,35,0,37,20,34,67,0,121,26,0,26,147
10/27/2010,EYW,FL,ASO,ES,Federal Contract Tower,19,30,48,0,97,0,9,68,0,77,19,39,116,0,174,22,0,22,196
10/28/2010,EYW,FL,ASO,ES,Federal Contract Tower,20,35,59,0,114,0,5,74,0,79,20,40,133,0,193,6,0,6,199
10/29/2010,EYW,FL,ASO,ES,Federal Contract Tower,17,36,69,0,122,0,2,86,0,88,17,38,155,0,210,0,0,0,210
10/30/2010,EYW,FL,ASO,ES,Federal Contract Tower,21,38,51,0,110,0,3,127,0,130,21,41,178,0,240,0,0,0,240
10/31/2010,EYW,FL,ASO,ES,Federal Contract Tower,24,45,107,0,176,0,5,116,1,122,24,50,223,1,298,0,0,0,298
11/01/2010,EYW,FL,ASO,ES,Federal Contract Tower,28,43,40,0,111,0,3,77,1,81,28,46,117,1,192,18,0,18,210
11/02/2010,EYW,FL,ASO,ES,Federal Contract Tower,19,22,22,1,64,0,2,26,7,35,19,24,48,8,99,14,0,14,113
11/03/2010,EYW,FL,ASO,ES,Federal Contract Tower,17,28,21,0,66,0,4,26,8,38,17,32,47,8,104,0,0,0,104
11/04/2010,EYW,FL,ASO,ES,Federal Contract Tower,18,35,30,2,85,0,2,11,3,16,18,37,41,5,101,0,0,0,101
11/05/2010,EYW,FL,ASO,ES,Federal Contract Tower,17,33,29,4,83,0,0,22,0,22,17,33,51,4,105,0,0,0,105
11/06/2010,EYW,FL,ASO,ES,Federal Contract Tower,25,36,21,0,82,0,1,38,0,39,25,37,59,0,121,0,0,0,121
11/07/2010,EYW,FL,ASO,ES,Federal Contract Tower,27,30,40,0,97,0,7,67,0,74,27,37,107,0,171,6,0,6,177
11/08/2010,EYW,FL,ASO,ES,Federal Contract Tower,24,29,22,0,75,0,9,50,6,65,24,38,72,6,140,0,0,0,140
11/09/2010,EYW,FL,ASO,ES,Federal Contract Tower,19,23,16,4,62,0,4,52,5,61,19,27,68,9,123,2,0,2,125
11/10/2010,EYW,FL,ASO,ES,Federal Contract Tower,20,29,22,0,71,0,2,74,0,76,20,31,96,0,147,26,0,26,173
11/11/2010,EYW,FL,ASO,ES,Federal Contract Tower,19,33,40,0,92,0,7,86,0,93,19,40,126,0,185,62,0,62,247
11/12/2010,EYW,FL,ASO,ES,Federal Contract Tower,22,32,36,0,90,0,4,66,0,70,22,36,102,0,160,4,0,4,164
11/13/2010,EYW,FL,ASO,ES,Federal Contract Tower,21,36,27,0,84,0,1,109,0,110,21,37,136,0,194,20,0,20,214
11/14/2010,EYW,FL,ASO,ES,Federal Contract Tower,21,33,59,0,113,0,7,147,0,154,21,40,206,0,267,14,0,14,281
11/15/2010,EYW,FL,ASO,ES,Federal Contract Tower,19,28,24,0,71,0,9,63,0,72,19,37,87,0,143,22,0,22,165
11/16/2010,EYW,FL,ASO,ES,Federal Contract Tower,19,26,15,1,61,0,4,40,1,45,19,30,55,2,106,18,0,18,124
11/17/2010,EYW,FL,ASO,ES,Federal Contract Tower,20,27,15,0,62,0,3,48,0,51,20,30,63,0,113,2,0,2,115
11/18/2010,EYW,FL,ASO,ES,Federal Contract Tower,20,34,22,0,76,1,2,43,3,49,21,36,65,3,125,4,0,4,129
11/19/2010,EYW,FL,ASO,ES,Federal Contract Tower,20,37,27,0,84,0,2,84,0,86,20,39,111,0,170,11,0,11,181
11/20/2010,EYW,FL,ASO,ES,Federal Contract Tower,20,41,38,0,99,0,0,67,0,67,20,41,105,0,166,20,0,20,186
11/21/2010,EYW,FL,ASO,ES,Federal Contract Tower,18,33,24,0,75,0,2,53,0,55,18,35,77,0,130,10,0,10,140
11/22/2010,EYW,FL,ASO,ES,Federal Contract Tower,20,30,21,0,71,0,5,49,0,54,20,35,70,0,125,4,0,4,129
11/23/2010,EYW,FL,ASO,ES,Federal Contract Tower,20,29,23,0,72,0,3,65,0,68,20,32,88,0,140,20,0,20,160
11/24/2010,EYW,FL,ASO,ES,Federal Contract Tower,20,30,48,0,98,0,6,63,0,69,20,36,111,0,167,8,0,8,175
11/25/2010,EYW,FL,ASO,ES,Federal Contract Tower,16,21,15,0,52,0,1,37,0,38,16,22,52,0,90,14,0,14,104
11/26/2010,EYW,FL,ASO,ES,Federal Contract Tower,20,35,27,0,82,0,0,39,1,40,20,35,66,1,122,29,3,32,154
11/27/2010,EYW,FL,ASO,ES,Federal Contract Tower,20,39,39,0,98,0,0,78,0,78,20,39,117,0,176,14,0,14,190
11/28/2010,EYW,FL,ASO,ES,Federal Contract Tower,22,30,60,0,112,0,8,75,0,83,22,38,135,0,195,4,0,4,199
11/29/2010,EYW,FL,ASO,ES,Federal Contract Tower,19,25,32,2,78,0,11,43,0,54,19,36,75,2,132,8,0,8,140
11/30/2010,EYW,FL,ASO,ES,Federal Contract Tower,17,31,28,2,78,0,3,35,0,38,17,34,63,2,116,30,0,30,146
12/01/2010,EYW,FL,ASO,ES,Federal Contract Tower,19,30,16,0,65,0,2,27,0,29,19,32,43,0,94,0,0,0,94
12/02/2010,EYW,FL,ASO,ES,Federal Contract Tower,22,28,23,0,73,0,3,20,0,23,22,31,43,0,96,0,0,0,96
12/03/2010,EYW,FL,ASO,ES,Federal Contract Tower,19,32,31,0,82,0,2,62,0,64,19,34,93,0,146,8,0,8,154
12/04/2010,EYW,FL,ASO,ES,Federal Contract Tower,19,42,28,0,89,0,0,60,0,60,19,42,88,0,149,4,0,4,153
12/05/2010,EYW,FL,ASO,ES,Federal Contract Tower,19,32,37,0,88,0,4,64,0,68,19,36,101,0,156,15,0,15,171
12/06/2010,EYW,FL,ASO,ES,Federal Contract Tower,17,26,17,0,60,0,1,13,2,16,17,27,30,2,76,2,0,2,78
12/07/2010,EYW,FL,ASO,ES,Federal Contract Tower,19,29,14,0,62,0,0,40,0,40,19,29,54,0,102,3,0,3,105
12/08/2010,EYW,FL,ASO,ES,Federal Contract Tower,20,32,8,0,60,0,3,33,0,36,20,35,41,0,96,18,0,18,114
12/09/2010,EYW,FL,ASO,ES,Federal Contract Tower,21,29,29,0,79,0,2,8,0,10,21,31,37,0,89,0,0,0,89
12/10/2010,EYW,FL,ASO,ES,Federal Contract Tower,24,31,34,2,91,0,2,76,0,78,24,33,110,2,169,8,0,8,177
12/11/2010,EYW,FL,ASO,ES,Federal Contract Tower,25,32,28,2,87,0,1,64,0,65,25,33,92,2,152,10,0,10,162
12/12/2010,EYW,FL,ASO,ES,Federal Contract Tower,19,25,19,1,64,0,2,45,0,47,19,27,64,1,111,26,0,26,137
12/13/2010,EYW,FL,ASO,ES,Federal Contract Tower,17,33,11,2,63,0,1,17,0,18,17,34,28,2,81,0,0,0,81
12/14/2010,EYW,FL,ASO,ES,Federal Contract Tower,18,28,18,0,64,0,5,28,0,33,18,33,46,0,97,0,0,0,97
12/15/2010,EYW,FL,ASO,ES,Federal Contract Tower,20,24,24,0,68,0,0,41,0,41,20,24,65,0,109,4,0,4,113
12/16/2010,EYW,FL,ASO,ES,Federal Contract Tower,19,37,27,0,83,0,2,45,0,47,19,39,72,0,130,18,4,22,152
12/17/2010,EYW,FL,ASO,ES,Federal Contract Tower,24,26,24,0,74,0,6,61,0,67,24,32,85,0,141,14,0,14,155
12/18/2010,EYW,FL,ASO,ES,Federal Contract Tower,26,33,20,0,79,0,1,21,0,22,26,34,41,0,101,0,0,0,101
12/19/2010,EYW,FL,ASO,ES,Federal Contract Tower,20,30,33,0,83,0,0,27,0,27,20,30,60,0,110,7,0,7,117
12/20/2010,EYW,FL,ASO,ES,Federal Contract Tower,20,30,29,1,80,0,2,49,0,51,20,32,78,1,131,32,0,32,163
12/21/2010,EYW,FL,ASO,ES,Federal Contract Tower,21,25,25,0,71,0,0,51,0,51,21,25,76,0,122,76,0,76,198
12/22/2010,EYW,FL,ASO,ES,Federal Contract Tower,22,23,22,0,67,0,2,68,0,70,22,25,90,0,137,56,0,56,193
12/23/2010,EYW,FL,ASO,ES,Federal Contract Tower,22,26,22,0,70,0,10,33,0,43,22,36,55,0,113,32,0,32,145
12/24/2010,EYW,FL,ASO,ES,Federal Contract Tower,24,30,14,0,68,0,5,65,0,70,24,35,79,0,138,52,0,52,190
12/25/2010,EYW,FL,ASO,ES,Federal Contract Tower,22,31,15,0,68,0,3,21,0,24,22,34,36,0,92,5,0,5,97
12/26/2010,EYW,FL,ASO,ES,Federal Contract Tower,23,35,31,0,89,0,0,29,1,30,23,35,60,1,119,0,0,0,119
12/27/2010,EYW,FL,ASO,ES,Federal Contract Tower,23,38,44,0,105,0,2,74,1,77,23,40,118,1,182,0,0,0,182
12/28/2010,EYW,FL,ASO,ES,Federal Contract Tower,25,36,49,0,110,0,0,86,2,88,25,36,135,2,198,12,0,12,210
12/29/2010,EYW,FL,ASO,ES,Federal Contract Tower,26,31,64,2,123,0,1,62,4,67,26,32,126,6,190,20,0,20,210
12/30/2010,EYW,FL,ASO,ES,Federal Contract Tower,24,39,83,1,147,0,7,120,0,127,24,46,203,1,274,32,0,32,306
12/31/2010,EYW,FL,ASO,ES,Federal Contract Tower,26,32,34,0,92,0,3,119,1,123,26,35,153,1,215,40,0,40,255
01/01/2011,EYW,FL,ASO,ES,Federal Contract Tower,24,37,50,0,111,0,0,81,0,81,24,37,131,0,192,33,0,33,225
01/02/2011,EYW,FL,ASO,ES,Federal Contract Tower,25,32,113,2,172,0,3,134,0,137,25,35,247,2,309,24,0,24,333
01/03/2011,EYW,FL,ASO,ES,Federal Contract Tower,22,33,48,1,104,0,0,65,0,65,22,33,113,1,169,21,0,21,190
01/04/2011,EYW,FL,ASO,ES,Federal Contract Tower,22,31,23,0,76,0,0,40,0,40,22,31,63,0,116,26,6,32,148
01/05/2011,EYW,FL,ASO,ES,Federal Contract Tower,23,22,32,5,82,0,1,45,2,48,23,23,77,7,130,116,4,120,250
01/06/2011,EYW,FL,ASO,ES,Federal Contract Tower,21,34,10,0,65,0,0,35,3,38,21,34,45,3,103,58,0,58,161
01/07/2011,EYW,FL,ASO,ES,Federal Contract Tower,19,30,33,0,82,0,4,68,0,72,19,34,101,0,154,30,0,30,184
01/08/2011,EYW,FL,ASO,ES,Federal Contract Tower,18,24,23,0,65,0,3,77,0,80,18,27,100,0,145,57,0,57,202
01/09/2011,EYW,FL,ASO,ES,Federal Contract Tower,21,31,40,1,93,0,5,106,0,111,21,36,146,1,204,26,0,26,230
01/10/2011,EYW,FL,ASO,ES,Federal Contract Tower,15,28,29,0,72,0,2,47,0,49,15,30,76,0,121,15,0,15,136
01/11/2011,EYW,FL,ASO,ES,Federal Contract Tower,15,21,19,0,55,0,0,42,0,42,15,21,61,0,97,20,0,20,117
01/12/2011,EYW,FL,ASO,ES,Federal Contract Tower,18,26,12,0,56,0,0,16,0,16,18,26,28,0,72,0,0,0,72
01/13/2011,EYW,FL,ASO,ES,Federal Contract Tower,21,36,41,0,98,0,4,28,0,32,21,40,69,0,130,2,0,2,132
01/14/2011,EYW,FL,ASO,ES,Federal Contract Tower,20,33,62,0,115,0,8,59,0,67,20,41,121,0,182,8,0,8,190
01/15/2011,EYW,FL,ASO,ES,Federal Contract Tower,23,30,35,0,88,0,3,58,0,61,23,33,93,0,149,22,0,22,171
01/16/2011,EYW,FL,ASO,ES,Federal Contract Tower,23,31,54,0,108,0,6,92,0,98,23,37,146,0,206,6,0,6,212
01/17/2011,EYW,FL,ASO,ES,Federal Contract Tower,21,41,38,0,100,0,1,26,0,27,21,42,64,0,127,0,0,0,127
01/18/2011,EYW,FL,ASO,ES,Federal Contract Tower,21,22,43,0,86,0,0,57,0,57,21,22,100,0,143,12,0,12,155
01/19/2011,EYW,FL,ASO,ES,Federal Contract Tower,21,22,25,0,68,0,0,43,0,43,21,22,68,0,111,45,0,45,156
01/20/2011,EYW,FL,ASO,ES,Federal Contract Tower,19,24,48,2,93,0,4,58,0,62,19,28,106,2,155,2,0,2,157
01/21/2011,EYW,FL,ASO,ES,Federal Contract Tower,21,34,41,1,97,0,1,38,0,39,21,35,79,1,136,14,0,14,150
01/22/2011,EYW,FL,ASO,ES,Federal Contract Tower,23,36,45,0,104,30,0,0,0,30,53,36,45,0,134,6,0,6,140
01/23/2011,EYW,FL,ASO,ES,Federal Contract Tower,24,25,55,0,104,0,3,81,4,88,24,28,136,4,192,12,0,12,204
01/24/2011,EYW,FL,ASO,ES,Federal Contract Tower,20,24,20,0,64,0,2,48,2,52,20,26,68,2,116,10,0,10,126
01/25/2011,EYW,FL,ASO,ES,Federal Contract Tower,21,18,15,0,54,0,0,29,0,29,21,18,44,0,83,8,0,8,91
01/26/2011,EYW,FL,ASO,ES,Federal Contract Tower,19,22,21,0,62,0,0,13,0,13,19,22,34,0,75,0,0,0,75
01/27/2011,EYW,FL,ASO,ES,Federal Contract Tower,21,24,47,1,93,0,4,84,0,88,21,28,131,1,181,16,0,16,197
01/28/2011,EYW,FL,ASO,ES,Federal Contract Tower,23,29,40,0,92,2,5,84,0,91,25,34,124,0,183,11,0,11,194
01/29/2011,EYW,FL,ASO,ES,Federal Contract Tower,23,28,28,0,79,101,3,0,0,104,124,31,28,0,183,28,0,28,211
01/30/2011,EYW,FL,ASO,ES,Federal Contract Tower,23,28,49,0,100,0,1,91,0,92,23,29,140,0,192,20,0,20,212
01/31/2011,EYW,FL,ASO,ES,Federal Contract Tower,22,23,29,0,74,0,1,72,0,73,22,24,101,0,147,31,0,31,178
02/01/2011,EYW,FL,ASO,ES,Federal Contract Tower,22,22,35,0,79,0,3,72,0,75,22,25,107,0,154,6,0,6,160
02/02/2011,EYW,FL,ASO,ES,Federal Contract Tower,19,22,38,0,79,0,0,55,0,55,19,22,93,0,134,22,0,22,156
02/03/2011,EYW,FL,ASO,ES,Federal Contract Tower,21,28,50,0,99,0,6,54,0,60,21,34,104,0,159,6,0,6,165
02/04/2011,EYW,FL,ASO,ES,Federal Contract Tower,24,28,71,0,123,0,10,105,2,117,24,38,176,2,240,12,0,12,252
02/05/2011,EYW,FL,ASO,ES,Federal Contract Tower,23,28,40,1,92,0,4,335,0,339,23,32,375,1,431,10,0,10,441
02/06/2011,EYW,FL,ASO,ES,Federal Contract Tower,24,29,44,0,97,0,9,68,0,77,24,38,112,0,174,6,0,6,180
02/07/2011,EYW,FL,ASO,ES,Federal Contract Tower,22,31,29,1,83,0,1,78,6,85,22,32,107,7,168,52,0,52,220
02/08/2011,EYW,FL,ASO,ES,Federal Contract Tower,21,24,34,0,79,0,3,55,7,65,21,27,89,7,144,30,0,30,174
02/09/2011,EYW,FL,ASO,ES,Federal Contract Tower,23,24,36,2,85,0,0,77,3,80,23,24,113,5,165,42,0,42,207
02/10/2011,EYW,FL,ASO,ES,Federal Contract Tower,21,28,38,0,87,0,1,47,9,57,21,29,85,9,144,14,0,14,158
02/11/2011,EYW,FL,ASO,ES,Federal Contract Tower,22,39,54,2,117,0,0,11,0,11,22,39,65,2,128,0,0,0,128
02/12/2011,EYW,FL,ASO,ES,Federal Contract Tower,19,31,35,0,85,0,2,39,0,41,19,33,74,0,126,0,0,0,126
02/13/2011,EYW,FL,ASO,ES,Federal Contract Tower,17,27,49,0,93,0,13,106,1,120,17,40,155,1,213,24,2,26,239
02/14/2011,EYW,FL,ASO,ES,Federal Contract Tower,23,28,24,0,75,0,3,96,5,104,23,31,120,5,179,30,0,30,209
02/15/2011,EYW,FL,ASO,ES,Federal Contract Tower,20,24,33,0,77,0,6,69,3,78,20,30,102,3,155,26,0,26,181
02/16/2011,EYW,FL,ASO,ES,Federal Contract Tower,23,25,26,0,74,0,2,69,0,71,23,27,95,0,145,24,0,24,169
02/17/2011,EYW,FL,ASO,ES,Federal Contract Tower,22,30,42,0,94,0,2,98,0,100,22,32,140,0,194,54,0,54,248
02/18/2011,EYW,FL,ASO,ES,Federal Contract Tower,22,37,62,0,121,0,2,89,0,91,22,39,151,0,212,16,0,16,228
02/19/2011,EYW,FL,ASO,ES,Federal Contract Tower,23,35,53,0,111,0,2,92,0,94,23,37,145,0,205,34,0,34,239
02/20/2011,EYW,FL,ASO,ES,Federal Contract Tower,24,38,74,2,138,0,3,98,0,101,24,41,172,2,239,18,0,18,257
02/21/2011,EYW,FL,ASO,ES,Federal Contract Tower,23,33,40,0,96,0,1,110,0,111,23,34,150,0,207,38,0,38,245
02/22/2011,EYW,FL,ASO,ES,Federal Contract Tower,25,28,39,2,94,0,0,74,6,80,25,28,113,8,174,28,0,28,202
02/23/2011,EYW,FL,ASO,ES,Federal Contract Tower,24,23,36,1,84,0,3,83,14,100,24,26,119,15,184,6,0,6,190
02/24/2011,EYW,FL,ASO,ES,Federal Contract Tower,20,27,50,0,97,0,2,75,10,87,20,29,125,10,184,20,0,20,204
02/25/2011,EYW,FL,ASO,ES,Federal Contract Tower,22,34,51,0,107,0,9,86,12,107,22,43,137,12,214,8,0,8,222
02/26/2011,EYW,FL,ASO,ES,Federal Contract Tower,23,31,36,0,90,0,2,104,11,117,23,33,140,11,207,34,0,34,241
02/27/2011,EYW,FL,ASO,ES,Federal Contract Tower,22,26,59,0,107,0,8,111,0,119,22,34,170,0,226,14,0,14,240
02/28/2011,EYW,FL,ASO,ES,Federal Contract Tower,21,29,22,0,72,0,2,62,7,71,21,31,84,7,143,14,0,14,157
03/01/2011,EYW,FL,ASO,ES,Federal Contract Tower,22,24,40,0,86,0,1,51,0,52,22,25,91,0,138,40,0,40,178
03/02/2011,EYW,FL,ASO,ES,Federal Contract Tower,21,26,36,0,83,0,0,66,0,66,21,26,102,0,149,26,0,26,175
03/03/2011,EYW,FL,ASO,ES,Federal Contract Tower,24,32,39,1,96,0,5,46,0,51,24,37,85,1,147,10,0,10,157
03/04/2011,EYW,FL,ASO,ES,Federal Contract Tower,24,27,45,2,98,0,3,63,0,66,24,30,108,2,164,16,0,16,180
03/05/2011,EYW,FL,ASO,ES,Federal Contract Tower,24,26,50,1,101,0,2,101,0,103,24,28,151,1,204,18,0,18,222
03/06/2011,EYW,FL,ASO,ES,Federal Contract Tower,22,32,43,0,97,0,7,26,0,33,22,39,69,0,130,10,0,10,140
03/07/2011,EYW,FL,ASO,ES,Federal Contract Tower,24,31,26,0,81,0,4,67,0,71,24,35,93,0,152,22,0,22,174
03/08/2011,EYW,FL,ASO,ES,Federal Contract Tower,20,24,27,0,71,0,1,95,2,98,20,25,122,2,169,26,0,26,195
03/09/2011,EYW,FL,ASO,ES,Federal Contract Tower,21,29,36,8,94,0,2,75,0,77,21,31,111,8,171,53,2,55,226
03/10/2011,EYW,FL,ASO,ES,Federal Contract Tower,23,29,38,0,90,0,6,33,2,41,23,35,71,2,131,12,0,12,143
03/11/2011,EYW,FL,ASO,ES,Federal Contract Tower,21,32,39,0,92,0,3,91,0,94,21,35,130,0,186,36,0,36,222
03/12/2011,EYW,FL,ASO,ES,Federal Contract Tower,28,35,64,0,127,0,6,113,0,119,28,41,177,0,246,2,0,2,248
03/13/2011,EYW,FL,ASO,ES,Federal Contract Tower,26,34,66,0,126,0,9,139,2,150,26,43,205,2,276,28,0,28,304
03/14/2011,EYW,FL,ASO,ES,Federal Contract Tower,24,28,35,0,87,0,6,57,0,63,24,34,92,0,150,14,0,14,164
03/15/2011,EYW,FL,ASO,ES,Federal Contract Tower,23,21,34,0,78,0,0,65,0,65,23,21,99,0,143,32,0,32,175
03/16/2011,EYW,FL,ASO,ES,Federal Contract Tower,24,21,58,0,103,0,0,67,0,67,24,21,125,0,170,18,0,18,188
03/17/2011,EYW,FL,ASO,ES,Federal Contract Tower,22,31,46,0,99,0,6,102,0,108,22,37,148,0,207,21,0,21,228
03/18/2011,EYW,FL,ASO,ES,Federal Contract Tower,26,37,48,0,111,0,4,114,0,118,26,41,162,0,229,30,0,30,259
03/19/2011,EYW,FL,ASO,ES,Federal Contract Tower,28,33,51,0,112,0,3,106,0,109,28,36,157,0,221,32,0,32,253
03/20/2011,EYW,FL,ASO,ES,Federal Contract Tower,26,20,57,0,103,0,7,131,0,138,26,27,188,0,241,22,0,22,263
03/21/2011,EYW,FL,ASO,ES,Federal Contract Tower,24,32,20,0,76,0,3,59,0,62,24,35,79,0,138,6,0,6,144
03/22/2011,EYW,FL,ASO,ES,Federal Contract Tower,24,23,25,0,72,0,0,60,0,60,24,23,85,0,132,18,0,18,150
03/23/2011,EYW,FL,ASO,ES,Federal Contract Tower,24,24,41,0,89,0,1,101,0,102,24,25,142,0,191,66,2,68,259
03/24/2011,EYW,FL,ASO,ES,Federal Contract Tower,24,29,31,0,84,0,4,90,0,94,24,33,121,0,178,34,0,34,212
03/25/2011,EYW,FL,ASO,ES,Federal Contract Tower,23,25,72,0,120,0,3,119,0,122,23,28,191,0,242,4,0,4,246
03/26/2011,EYW,FL,ASO,ES,Federal Contract Tower,28,28,40,0,96,0,3,128,0,131,28,31,168,0,227,34,0,34,261
03/27/2011,EYW,FL,ASO,ES,Federal Contract Tower,28,31,50,0,109,0,5,110,0,115,28,36,160,0,224,39,0,39,263
03/28/2011,EYW,FL,ASO,ES,Federal Contract Tower,20,29,32,0,81,0,5,61,0,66,20,34,93,0,147,2,0,2,149
03/29/2011,EYW,FL,ASO,ES,Federal Contract Tower,25,21,38,0,84,0,0,83,0,83,25,21,121,0,167,30,0,30,197
03/30/2011,EYW,FL,ASO,ES,Federal Contract Tower,23,20,25,0,68,0,1,91,0,92,23,21,116,0,160,16,0,16,176
03/31/2011,EYW,FL,ASO,ES,Federal Contract Tower,25,28,26,2,81,0,13,52,0,65,25,41,78,2,146,11,0,11,157
04/01/2011,EYW,FL,ASO,ES,Federal Contract Tower,24,40,56,0,120,0,0,111,0,111,24,40,167,0,231,19,0,19,250
04/02/2011,EYW,FL,ASO,ES,Federal Contract Tower,29,25,35,0,89,0,3,114,0,117,29,28,149,0,206,25,0,25,231
04/03/2011,EYW,FL,ASO,ES,Federal Contract Tower,27,32,53,0,112,0,4,115,0,119,27,36,168,0,231,10,0,10,241
04/04/2011,EYW,FL,ASO,ES,Federal Contract Tower,23,25,26,0,74,0,6,106,0,112,23,31,132,0,186,20,0,20,206
04/05/2011,EYW,FL,ASO,ES,Federal Contract Tower,23,18,21,0,62,0,0,32,0,32,23,18,53,0,94,10,0,10,104
04/06/2011,EYW,FL,ASO,ES,Federal Contract Tower,23,24,35,0,82,0,1,82,2,85,23,25,117,2,167,18,0,18,185
04/07/2011,EYW,FL,ASO,ES,Federal Contract Tower,22,29,40,0,91,0,5,132,6,143,22,34,172,6,234,14,0,14,248
04/08/2011,EYW,FL,ASO,ES,Federal Contract Tower,23,26,44,0,93,0,9,126,3,138,23,35,170,3,231,6,0,6,237
04/09/2011,EYW,FL,ASO,ES,Federal Contract Tower,29,23,40,0,92,0,1,141,0,142,29,24,181,0,234,14,0,14,248
04/10/2011,EYW,FL,ASO,ES,Federal Contract Tower,26,30,63,0,119,0,6,137,1,144,26,36,200,1,263,10,0,10,273
04/11/2011,EYW,FL,ASO,ES,Federal Contract Tower,23,26,31,0,80,0,2,73,1,76,23,28,104,1,156,32,0,32,188
04/12/2011,EYW,FL,ASO,ES,Federal Contract Tower,23,25,41,0,89,0,0,98,0,98,23,25,139,0,187,18,0,18,205
04/13/2011,EYW,FL,ASO,ES,Federal Contract Tower,26,21,31,0,78,0,0,64,1,65,26,21,95,1,143,28,0,28,171
04/14/2011,EYW,FL,ASO,ES,Federal Contract Tower,25,24,55,1,105,0,6,93,2,101,25,30,148,3,206,7,0,7,213
04/15/2011,EYW,FL,ASO,ES,Federal Contract Tower,24,32,41,0,97,0,6,111,0,117,24,38,152,0,214,7,0,7,221
04/16/2011,EYW,FL,ASO,ES,Federal Contract Tower,28,29,32,0,89,0,4,99,0,103,28,33,131,0,192,35,0,35,227
04/17/2011,EYW,FL,ASO,ES,Federal Contract Tower,30,30,50,0,110,0,14,103,0,117,30,44,153,0,227,11,0,11,238
04/18/2011,EYW,FL,ASO,ES,Federal Contract Tower,23,26,23,0,72,0,2,100,0,102,23,28,123,0,174,40,0,40,214
04/19/2011,EYW,FL,ASO,ES,Federal Contract Tower,23,19,16,0,58,0,6,55,0,61,23,25,71,0,119,22,0,22,141
04/20/2011,EYW,FL,ASO,ES,Federal Contract Tower,24,22,34,0,80,0,0,74,0,74,24,22,108,0,154,10,0,10,164
04/21/2011,EYW,FL,ASO,ES,Federal Contract Tower,29,24,45,9,107,0,10,61,3,74,29,34,106,12,181,12,0,12,193
04/22/2011,EYW,FL,ASO,ES,Federal Contract Tower,27,16,48,0,91,0,8,104,2,114,27,24,152,2,205,22,0,22,227
04/23/2011,EYW,FL,ASO,ES,Federal Contract Tower,27,23,42,0,92,0,3,119,0,122,27,26,161,0,214,26,0,26,240
04/24/2011,EYW,FL,ASO,ES,Federal Contract Tower,26,33,49,0,108,0,3,100,0,103,26,36,149,0,211,28,0,28,239
04/25/2011,EYW,FL,ASO,ES,Federal Contract Tower,23,28,41,0,92,0,10,65,0,75,23,38,106,0,167,11,0,11,178
04/26/2011,EYW,FL,ASO,ES,Federal Contract Tower,23,26,19,0,68,0,1,58,0,59,23,27,77,0,127,14,0,14,141
04/27/2011,EYW,FL,ASO,ES,Federal Contract Tower,24,26,38,0,88,0,2,66,0,68,24,28,104,0,156,6,0,6,162
04/28/2011,EYW,FL,ASO,ES,Federal Contract Tower,23,37,38,0,98,0,10,76,0,86,23,47,114,0,184,6,0,6,190
04/29/2011,EYW,FL,ASO,ES,Federal Contract Tower,24,31,43,0,98,0,3,109,0,112,24,34,152,0,210,34,0,34,244
04/30/2011,EYW,FL,ASO,ES,Federal Contract Tower,26,33,35,0,94,0,1,83,3,87,26,34,118,3,181,18,0,18,199
05/01/2011,EYW,FL,ASO,ES,Federal Contract Tower,25,34,53,0,112,0,11,98,0,109,25,45,151,0,221,38,0,38,259
05/02/2011,EYW,FL,ASO,ES,Federal Contract Tower,25,29,24,0,78,0,6,43,0,49,25,35,67,0,127,6,0,6,133
05/03/2011,EYW,FL,ASO,ES,Federal Contract Tower,21,20,13,0,54,0,3,36,0,39,21,23,49,0,93,32,0,32,125
05/04/2011,EYW,FL,ASO,ES,Federal Contract Tower,20,19,29,0,68,0,2,61,0,63,20,21,90,0,131,2,0,2,133
05/05/2011,EYW,FL,ASO,ES,Federal Contract Tower,21,24,20,0,65,0,2,66,0,68,21,26,86,0,133,42,0,42,175
05/06/2011,EYW,FL,ASO,ES,Federal Contract Tower,18,26,39,0,83,0,3,75,0,78,18,29,114,0,161,0,0,0,161
05/07/2011,EYW,FL,ASO,ES,Federal Contract Tower,20,28,24,0,72,0,2,73,0,75,20,30,97,0,147,40,0,40,187
05/08/2011,EYW,FL,ASO,ES,Federal Contract Tower,20,22,45,0,87,0,4,89,0,93,20,26,134,0,180,18,0,18,198
05/09/2011,EYW,FL,ASO,ES,Federal Contract Tower,20,22,27,0,69,0,3,77,0,80,20,25,104,0,149,45,0,45,194
05/10/2011,EYW,FL,ASO,ES,Federal Contract Tower,19,21,20,1,61,0,0,50,9,59,19,21,70,10,120,20,0,20,140
05/11/2011,EYW,FL,ASO,ES,Federal Contract Tower,18,23,31,0,72,0,0,55,0,55,18,23,86,0,127,0,0,0,127
05/12/2011,EYW,FL,ASO,ES,Federal Contract Tower,20,28,37,0,85,0,8,74,0,82,20,36,111,0,167,16,0,16,183
05/13/2011,EYW,FL,ASO,ES,Federal Contract Tower,20,25,33,0,78,0,3,71,0,74,20,28,104,0,152,5,0,5,157
05/14/2011,EYW,FL,ASO,ES,Federal Contract Tower,18,32,26,0,76,0,2,76,0,78,18,34,102,0,154,24,0,24,178
05/15/2011,EYW,FL,ASO,ES,Federal Contract Tower,19,29,47,0,95,0,2,51,0,53,19,31,98,0,148,20,0,20,168
05/16/2011,EYW,FL,ASO,ES,Federal Contract Tower,20,30,32,0,82,0,0,54,0,54,20,30,86,0,136,4,0,4,140
05/17/2011,EYW,FL,ASO,ES,Federal Contract Tower,20,20,24,1,65,0,0,47,0,47,20,20,71,1,112,18,0,18,130
05/18/2011,EYW,FL,ASO,ES,Federal Contract Tower,21,21,25,1,68,0,0,61,0,61,21,21,86,1,129,0,0,0,129
05/19/2011,EYW,FL,ASO,ES,Federal Contract Tower,20,29,30,0,79,0,2,73,0,75,20,31,103,0,154,32,0,32,186
05/20/2011,EYW,FL,ASO,ES,Federal Contract Tower,20,29,39,0,88,0,6,78,1,85,20,35,117,1,173,22,0,22,195
05/21/2011,EYW,FL,ASO,ES,Federal Contract Tower,23,30,36,4,93,0,0,100,1,101,23,30,136,5,194,17,0,17,211
05/22/2011,EYW,FL,ASO,ES,Federal Contract Tower,20,29,37,0,86,0,3,104,0,107,20,32,141,0,193,10,0,10,203
05/23/2011,EYW,FL,ASO,ES,Federal Contract Tower,19,28,22,0,69,0,4,45,0,49,19,32,67,0,118,30,0,30,148
05/24/2011,EYW,FL,ASO,ES,Federal Contract Tower,20,18,19,0,57,0,0,61,0,61,20,18,80,0,118,24,2,26,144
05/25/2011,EYW,FL,ASO,ES,Federal Contract Tower,20,25,29,0,74,0,1,73,0,74,20,26,102,0,148,38,0,38,186
05/26/2011,EYW,FL,ASO,ES,Federal Contract Tower,19,30,21,0,70,0,5,66,0,71,19,35,87,0,141,2,0,2,143
05/27/2011,EYW,FL,ASO,ES,Federal Contract Tower,19,37,50,0,106,0,5,93,0,98,19,42,143,0,204,30,8,38,242
05/28/2011,EYW,FL,ASO,ES,Federal Contract Tower,20,30,21,0,71,0,0,78,0,78,20,30,99,0,149,16,0,16,165
05/29/2011,EYW,FL,ASO,ES,Federal Contract Tower,21,27,32,2,82,0,3,76,0,79,21,30,108,2,161,4,0,4,165
05/30/2011,EYW,FL,ASO,ES,Federal Contract Tower,20,31,47,0,98,0,6,93,0,99,20,37,140,0,197,34,0,34,231
05/31/2011,EYW,FL,ASO,ES,Federal Contract Tower,21,26,29,0,76,0,2,50,0,52,21,28,79,0,128,4,0,4,132
06/01/2011,EYW,FL,ASO,ES,Federal Contract Tower,18,20,20,0,58,0,0,55,0,55,18,20,75,0,113,24,0,24,137
06/02/2011,EYW,FL,ASO,ES,Federal Contract Tower,20,22,30,0,72,0,4,72,0,76,20,26,102,0,148,2,0,2,150
06/03/2011,EYW,FL,ASO,ES,Federal Contract Tower,22,26,46,0,94,0,3,64,0,67,22,29,110,0,161,6,0,6,167
06/04/2011,EYW,FL,ASO,ES,Federal Contract Tower,21,26,33,0,80,0,6,61,0,67,21,32,94,0,147,10,0,10,157
06/05/2011,EYW,FL,ASO,ES,Federal Contract Tower,20,25,38,2,85,0,4,75,0,79,20,29,113,2,164,6,0,6,170
06/06/2011,EYW,FL,ASO,ES,Federal Contract Tower,22,25,20,0,67,0,5,46,0,51,22,30,66,0,118,12,0,12,130
06/07/2011,EYW,FL,ASO,ES,Federal Contract Tower,20,19,20,0,59,0,0,32,0,32,20,19,52,0,91,42,0,42,133
06/08/2011,EYW,FL,ASO,ES,Federal Contract Tower,19,19,18,0,56,0,0,50,0,50,19,19,68,0,106,11,0,11,117
06/09/2011,EYW,FL,ASO,ES,Federal Contract Tower,20,25,22,0,67,0,3,51,0,54,20,28,73,0,121,4,0,4,125
06/10/2011,EYW,FL,ASO,ES,Federal Contract Tower,19,23,22,1,65,0,4,41,0,45,19,27,63,1,110,31,0,31,141
06/11/2011,EYW,FL,ASO,ES,Federal Contract Tower,20,28,26,0,74,0,3,57,0,60,20,31,83,0,134,14,0,14,148
06/12/2011,EYW,FL,ASO,ES,Federal Contract Tower,19,23,45,0,87,0,5,65,0,70,19,28,110,0,157,26,0,26,183
06/13/2011,EYW,FL,ASO,ES,Federal Contract Tower,20,21,9,0,50,0,6,60,0,66,20,27,69,0,116,24,0,24,140
06/14/2011,EYW,FL,ASO,ES,Federal Contract Tower,19,24,25,0,68,0,5,49,0,54,19,29,74,0,122,22,0,22,144
06/15/2011,EYW,FL,ASO,ES,Federal Contract Tower,19,23,26,0,68,0,0,58,0,58,19,23,84,0,126,44,0,44,170
06/16/2011,EYW,FL,ASO,ES,Federal Contract Tower,19,26,28,1,74,0,5,84,0,89,19,31,112,1,163,16,4,20,183
06/17/2011,EYW,FL,ASO,ES,Federal Contract Tower,20,29,26,0,75,0,4,77,0,81,20,33,103,0,156,42,0,42,198
06/18/2011,EYW,FL,ASO,ES,Federal Contract Tower,19,31,16,1,67,0,2,91,0,93,19,33,107,1,160,22,0,22,182
06/19/2011,EYW,FL,ASO,ES,Federal Contract Tower,19,35,44,0,98,0,6,34,0,40,19,41,78,0,138,20,0,20,158
06/20/2011,EYW,FL,ASO,ES,Federal Contract Tower,20,24,21,0,65,0,4,56,0,60,20,28,77,0,125,18,0,18,143
06/21/2011,EYW,FL,ASO,ES,Federal Contract Tower,19,22,23,0,64,0,0,41,0,41,19,22,64,0,105,12,0,12,117
06/22/2011,EYW,FL,ASO,ES,Federal Contract Tower,19,21,12,0,52,0,0,66,0,66,19,21,78,0,118,22,0,22,140
06/23/2011,EYW,FL,ASO,ES,Federal Contract Tower,19,26,20,2,67,0,5,64,0,69,19,31,84,2,136,4,0,4,140
06/24/2011,EYW,FL,ASO,ES,Federal Contract Tower,19,31,26,0,76,0,4,67,0,71,19,35,93,0,147,22,0,22,169
06/25/2011,EYW,FL,ASO,ES,Federal Contract Tower,20,30,20,0,70,0,5,57,0,62,20,35,77,0,132,28,0,28,160
06/26/2011,EYW,FL,ASO,ES,Federal Contract Tower,19,34,35,1,89,0,5,74,0,79,19,39,109,1,168,50,0,50,218
06/27/2011,EYW,FL,ASO,ES,Federal Contract Tower,19,24,13,0,56,0,2,36,0,38,19,26,49,0,94,8,0,8,102
06/28/2011,EYW,FL,ASO,ES,Federal Contract Tower,20,18,6,0,44,0,1,29,1,31,20,19,35,1,75,4,0,4,79
06/29/2011,EYW,FL,ASO,ES,Federal Contract Tower,21,21,15,1,58,0,35,0,1,36,21,56,15,2,94,38,0,38,132
06/30/2011,EYW,FL,ASO,ES,Federal Contract Tower,20,27,21,0,68,0,2,38,0,40,20,29,59,0,108,16,0,16,124
07/01/2011,EYW,FL,ASO,ES,Federal Contract Tower,18,31,32,0,81,0,0,71,0,71,18,31,103,0,152,16,0,16,168
07/02/2011,EYW,FL,ASO,ES,Federal Contract Tower,21,33,22,1,77,0,1,54,0,55,21,34,76,1,132,32,0,32,164
07/03/2011,EYW,FL,ASO,ES,Federal Contract Tower,19,24,23,0,66,0,2,49,1,52,19,26,72,1,118,18,2,20,138
07/04/2011,EYW,FL,ASO,ES,Federal Contract Tower,20,21,21,0,62,0,2,75,0,77,20,23,96,0,139,34,0,34,173
07/05/2011,EYW,FL,ASO,ES,Federal Contract Tower,20,22,36,0,78,0,2,64,2,68,20,24,100,2,146,40,2,42,188
07/06/2011,EYW,FL,ASO,ES,Federal Contract Tower,20,21,17,0,58,0,0,26,2,28,20,21,43,2,86,20,0,20,106
07/07/2011,EYW,FL,ASO,ES,Federal Contract Tower,20,29,15,0,64,0,0,6,1,7,20,29,21,1,71,0,0,0,71
07/08/2011,EYW,FL,ASO,ES,Federal Contract Tower,19,27,26,0,72,0,5,53,2,60,19,32,79,2,132,14,0,14,146
07/09/2011,EYW,FL,ASO,ES,Federal Contract Tower,20,28,20,0,68,0,0,68,0,68,20,28,88,0,136,12,0,12,148
07/10/2011,EYW,FL,ASO,ES,Federal Contract Tower,20,22,39,0,81,0,4,39,0,43,20,26,78,0,124,20,0,20,144
07/11/2011,EYW,FL,ASO,ES,Federal Contract Tower,19,26,17,1,63,0,2,41,0,43,19,28,58,1,106,22,0,22,128
07/12/2011,EYW,FL,ASO,ES,Federal Contract Tower,20,18,11,0,49,0,0,43,0,43,20,18,54,0,92,16,0,16,108
07/13/2011,EYW,FL,ASO,ES,Federal Contract Tower,19,18,33,0,70,0,0,36,0,36,19,18,69,0,106,0,0,0,106
07/14/2011,EYW,FL,ASO,ES,Federal Contract Tower,19,23,17,0,59,0,7,64,0,71,19,30,81,0,130,26,0,26,156
07/15/2011,EYW,FL,ASO,ES,Federal Contract Tower,19,26,22,0,67,0,7,71,1,79,19,33,93,1,146,24,0,24,170
07/16/2011,EYW,FL,ASO,ES,Federal Contract Tower,20,25,22,0,67,0,3,74,0,77,20,28,96,0,144,14,0,14,158
07/17/2011,EYW,FL,ASO,ES,Federal Contract Tower,21,28,26,0,75,0,6,67,0,73,21,34,93,0,148,24,0,24,172
07/18/2011,EYW,FL,ASO,ES,Federal Contract Tower,21,25,26,1,73,0,4,39,0,43,21,29,65,1,116,0,0,0,116
07/19/2011,EYW,FL,ASO,ES,Federal Contract Tower,19,16,11,1,47,0,0,39,0,39,19,16,50,1,86,8,0,8,94
07/20/2011,EYW,FL,ASO,ES,Federal Contract Tower,19,19,26,0,64,0,0,52,0,52,19,19,78,0,116,8,0,8,124
07/21/2011,EYW,FL,ASO,ES,Federal Contract Tower,19,29,15,0,63,0,9,50,0,59,19,38,65,0,122,10,0,10,132
07/22/2011,EYW,FL,ASO,ES,Federal Contract Tower,20,24,34,1,79,0,1,61,0,62,20,25,95,1,141,12,0,12,153
07/23/2011,EYW,FL,ASO,ES,Federal Contract Tower,21,26,24,0,71,0,6,45,0,51,21,32,69,0,122,4,0,4,126
07/24/2011,EYW,FL,ASO,ES,Federal Contract Tower,18,34,42,0,94,0,5,89,0,94,18,39,131,0,188,24,0,24,212
07/25/2011,EYW,FL,ASO,ES,Federal Contract Tower,16,25,20,0,61,0,2,41,2,45,16,27,61,2,106,8,0,8,114
07/26/2011,EYW,FL,ASO,ES,Federal Contract Tower,19,18,29,0,66,0,1,50,0,51,19,19,79,0,117,18,0,18,135
07/27/2011,EYW,FL,ASO,ES,Federal Contract Tower,20,20,27,0,67,0,1,44,2,47,20,21,71,2,114,8,0,8,122
07/28/2011,EYW,FL,ASO,ES,Federal Contract Tower,20,22,39,0,81,0,7,51,1,59,20,29,90,1,140,10,0,10,150
07/29/2011,EYW,FL,ASO,ES,Federal Contract Tower,20,24,39,0,83,0,4,49,0,53,20,28,88,0,136,4,2,6,142
07/30/2011,EYW,FL,ASO,ES,Federal Contract Tower,20,30,33,0,83,0,3,86,1,90,20,33,119,1,173,62,0,62,235
07/31/2011,EYW,FL,ASO,ES,Federal Contract Tower,19,23,48,0,90,0,6,76,1,83,19,29,124,1,173,18,0,18,191
08/01/2011,EYW,FL,ASO,ES,Federal Contract Tower,18,23,14,0,55,0,6,53,1,60,18,29,67,1,115,15,0,15,130
08/02/2011,EYW,FL,ASO,ES,Federal Contract Tower,19,19,22,0,60,0,0,45,2,47,19,19,67,2,107,24,0,24,131
08/03/2011,EYW,FL,ASO,ES,Federal Contract Tower,19,16,26,0,61,0,0,59,0,59,19,16,85,0,120,80,2,82,202
08/04/2011,EYW,FL,ASO,ES,Federal Contract Tower,19,21,28,0,68,0,4,63,0,67,19,25,91,0,135,2,0,2,137
08/05/2011,EYW,FL,ASO,ES,Federal Contract Tower,20,24,33,0,77,0,6,60,0,66,20,30,93,0,143,14,0,14,157
08/06/2011,EYW,FL,ASO,ES,Federal Contract Tower,21,24,22,0,67,0,2,54,0,56,21,26,76,0,123,8,0,8,131
08/07/2011,EYW,FL,ASO,ES,Federal Contract Tower,22,22,32,0,76,0,6,69,0,75,22,28,101,0,151,8,0,8,159
08/08/2011,EYW,FL,ASO,ES,Federal Contract Tower,20,27,22,0,69,0,5,31,0,36,20,32,53,0,105,40,0,40,145
08/09/2011,EYW,FL,ASO,ES,Federal Contract Tower,21,20,21,0,62,0,3,48,0,51,21,23,69,0,113,12,0,12,125
08/10/2011,EYW,FL,ASO,ES,Federal Contract Tower,24,17,17,0,58,0,3,48,2,53,24,20,65,2,111,0,0,0,111
08/11/2011,EYW,FL,ASO,ES,Federal Contract Tower,19,30,23,0,72,0,2,47,0,49,19,32,70,0,121,16,0,16,137
08/12/2011,EYW,FL,ASO,ES,Federal Contract Tower,19,29,30,0,78,0,6,80,4,90,19,35,110,4,168,14,0,14,182
08/13/2011,EYW,FL,ASO,ES,Federal Contract Tower,18,25,19,0,62,0,11,39,8,58,18,36,58,8,120,24,0,24,144
08/14/2011,EYW,FL,ASO,ES,Federal Contract Tower,19,30,38,0,87,0,7,79,0,86,19,37,117,0,173,24,0,24,197
08/15/2011,EYW,FL,ASO,ES,Federal Contract Tower,22,25,9,0,56,0,6,25,4,35,22,31,34,4,91,10,6,16,107
08/16/2011,EYW,FL,ASO,ES,Federal Contract Tower,20,20,12,0,52,0,0,38,1,39,20,20,50,1,91,42,0,42,133
08/17/2011,EYW,FL,ASO,ES,Federal Contract Tower,21,19,19,0,59,0,1,31,3,35,21,20,50,3,94,4,4,8,102
08/18/2011,EYW,FL,ASO,ES,Federal Contract Tower,19,24,11,3,57,0,2,32,1,35,19,26,43,4,92,24,0,24,116
08/19/2011,EYW,FL,ASO,ES,Federal Contract Tower,20,26,25,0,71,0,2,61,0,63,20,28,86,0,134,30,0,30,164
08/20/2011,EYW,FL,ASO,ES,Federal Contract Tower,20,26,18,0,64,0,2,60,4,66,20,28,78,4,130,22,0,22,152
08/21/2011,EYW,FL,ASO,ES,Federal Contract Tower,19,24,17,0,60,0,5,49,2,56,19,29,66,2,116,48,0,48,164
08/22/2011,EYW,FL,ASO,ES,Federal Contract Tower,17,22,11,0,50,0,2,39,0,41,17,24,50,0,91,2,0,2,93
08/23/2011,EYW,FL,ASO,ES,Federal Contract Tower,18,18,12,0,48,0,1,39,0,40,18,19,51,0,88,4,0,4,92
08/24/2011,EYW,FL,ASO,ES,Federal Contract Tower,18,21,11,2,52,0,0,14,0,14,18,21,25,2,66,4,0,4,70
08/25/2011,EYW,FL,ASO,ES,Federal Contract Tower,19,26,10,0,55,0,7,22,0,29,19,33,32,0,84,18,0,18,102
08/26/2011,EYW,FL,ASO,ES,Federal Contract Tower,17,20,15,0,52,0,4,26,2,32,17,24,41,2,84,0,0,0,84
08/27/2011,EYW,FL,ASO,ES,Federal Contract Tower,16,26,15,0,57,0,3,36,0,39,16,29,51,0,96,2,0,2,98
08/28/2011,EYW,FL,ASO,ES,Federal Contract Tower,16,32,20,0,68,0,4,37,0,41,16,36,57,0,109,10,0,10,119
08/29/2011,EYW,FL,ASO,ES,Federal Contract Tower,18,25,8,0,51,0,0,19,0,19,18,25,27,0,70,4,0,4,74
08/30/2011,EYW,FL,ASO,ES,Federal Contract Tower,18,22,11,0,51,0,2,47,1,50,18,24,58,1,101,44,0,44,145
08/31/2011,EYW,FL,ASO,ES,Federal Contract Tower,17,18,10,3,48,0,0,17,0,17,17,18,27,3,65,10,0,10,75
09/01/2011,EYW,FL,ASO,ES,Federal Contract Tower,19,24,16,1,60,0,5,25,0,30,19,29,41,1,90,2,0,2,92
09/02/2011,EYW,FL,ASO,ES,Federal Contract Tower,18,29,30,1,78,0,3,54,0,57,18,32,84,1,135,16,0,16,151
09/03/2011,EYW,FL,ASO,ES,Federal Contract Tower,16,26,18,1,61,0,2,53,9,64,16,28,71,10,125,8,0,8,133
09/04/2011,EYW,FL,ASO,ES,Federal Contract Tower,17,22,15,0,54,0,6,59,0,65,17,28,74,0,119,34,6,40,159
09/05/2011,EYW,FL,ASO,ES,Federal Contract Tower,17,28,28,0,73,0,6,69,0,75,17,34,97,0,148,22,0,22,170
09/06/2011,EYW,FL,ASO,ES,Federal Contract Tower,17,20,20,0,57,0,0,27,1,28,17,20,47,1,85,10,0,10,95
09/07/2011,EYW,FL,ASO,ES,Federal Contract Tower,15,16,11,0,42,0,0,38,0,38,15,16,49,0,80,0,0,0,80
09/08/2011,EYW,FL,ASO,ES,Federal Contract Tower,15,23,16,0,54,0,5,45,0,50,15,28,61,0,104,14,0,14,118
09/09/2011,EYW,FL,ASO,ES,Federal Contract Tower,15,22,12,0,49,0,5,31,0,36,15,27,43,0,85,8,0,8,93
09/10/2011,EYW,FL,ASO,ES,Federal Contract Tower,14,22,15,0,51,0,4,43,0,47,14,26,58,0,98,12,0,12,110
09/11/2011,EYW,FL,ASO,ES,Federal Contract Tower,18,24,12,2,56,0,3,44,0,47,18,27,56,2,103,30,0,30,133
09/12/2011,EYW,FL,ASO,ES,Federal Contract Tower,16,19,10,0,45,0,3,23,6,32,16,22,33,6,77,24,0,24,101
09/13/2011,EYW,FL,ASO,ES,Federal Contract Tower,18,18,17,0,53,0,1,35,6,42,18,19,52,6,95,20,0,20,115
09/14/2011,EYW,FL,ASO,ES,Federal Contract Tower,16,18,20,0,54,0,0,38,3,41,16,18,58,3,95,20,0,20,115
09/15/2011,EYW,FL,ASO,ES,Federal Contract Tower,18,17,10,0,45,0,2,64,4,70,18,19,74,4,115,32,0,32,147
09/16/2011,EYW,FL,ASO,ES,Federal Contract Tower,14,23,16,0,53,0,2,60,0,62,14,25,76,0,115,36,0,36,151
09/17/2011,EYW,FL,ASO,ES,Federal Contract Tower,13,23,13,0,49,0,0,48,0,48,13,23,61,0,97,10,0,10,107
09/18/2011,EYW,FL,ASO,ES,Federal Contract Tower,17,25,19,0,61,0,1,54,0,55,17,26,73,0,116,46,0,46,162
09/19/2011,EYW,FL,ASO,ES,Federal Contract Tower,16,22,18,0,56,0,6,43,0,49,16,28,61,0,105,38,0,38,143
09/20/2011,EYW,FL,ASO,ES,Federal Contract Tower,15,18,5,0,38,0,0,24,0,24,15,18,29,0,62,20,0,20,82
09/21/2011,EYW,FL,ASO,ES,Federal Contract Tower,15,16,12,0,43,0,0,28,0,28,15,16,40,0,71,20,0,20,91
09/22/2011,EYW,FL,ASO,ES,Federal Contract Tower,15,20,15,0,50,0,1,29,0,30,15,21,44,0,80,16,0,16,96
09/23/2011,EYW,FL,ASO,ES,Federal Contract Tower,16,22,27,0,65,0,3,57,2,62,16,25,84,2,127,20,0,20,147
09/24/2011,EYW,FL,ASO,ES,Federal Contract Tower,14,20,12,0,46,0,1,64,0,65,14,21,76,0,111,24,0,24,135
09/25/2011,EYW,FL,ASO,ES,Federal Contract Tower,17,26,26,0,69,0,5,65,0,70,17,31,91,0,139,14,0,14,153
09/26/2011,EYW,FL,ASO,ES,Federal Contract Tower,10,22,13,0,45,0,0,0,0,0,10,22,13,0,45,0,0,0,45
09/27/2011,EYW,FL,ASO,ES,Federal Contract Tower,15,18,14,0,47,0,0,46,0,46,15,18,60,0,93,32,0,32,125
09/28/2011,EYW,FL,ASO,ES,Federal Contract Tower,15,19,9,0,43,0,0,40,0,40,15,19,49,0,83,8,0,8,91
09/29/2011,EYW,FL,ASO,ES,Federal Contract Tower,16,19,27,0,62,0,2,43,1,46,16,21,70,1,108,28,0,28,136
09/30/2011,EYW,FL,ASO,ES,Federal Contract Tower,16,18,22,0,56,0,1,43,0,44,16,19,65,0,100,4,0,4,104
10/01/2011,EYW,FL,ASO,ES,Federal Contract Tower,14,25,26,0,65,0,0,76,0,76,14,25,102,0,141,32,0,32,173
10/02/2011,EYW,FL,ASO,ES,Federal Contract Tower,19,22,41,0,82,0,4,59,0,63,19,26,100,0,145,36,0,36,181
10/03/2011,EYW,FL,ASO,ES,Federal Contract Tower,15,21,12,0,48,0,4,30,0,34,15,25,42,0,82,6,0,6,88
10/04/2011,EYW,FL,ASO,ES,Federal Contract Tower,18,20,7,0,45,0,0,12,0,12,18,20,19,0,57,0,0,0,57
10/05/2011,EYW,FL,ASO,ES,Federal Contract Tower,16,23,12,0,51,0,0,30,0,30,16,23,42,0,81,8,0,8,89
10/06/2011,EYW,FL,ASO,ES,Federal Contract Tower,16,22,18,0,56,0,5,40,0,45,16,27,58,0,101,46,0,46,147
10/07/2011,EYW,FL,ASO,ES,Federal Contract Tower,16,26,23,0,65,0,7,33,0,40,16,33,56,0,105,8,0,8,113
10/08/2011,EYW,FL,ASO,ES,Federal Contract Tower,18,26,6,0,50,0,1,14,2,17,18,27,20,2,67,0,0,0,67
10/09/2011,EYW,FL,ASO,ES,Federal Contract Tower,16,33,23,0,72,0,3,38,0,41,16,36,61,0,113,14,0,14,127
10/10/2011,EYW,FL,ASO,ES,Federal Contract Tower,16,22,25,0,63,0,2,36,0,38,16,24,61,0,101,12,0,12,113
10/11/2011,EYW,FL,ASO,ES,Federal Contract Tower,13,21,20,0,54,0,1,62,0,63,13,22,82,0,117,10,0,10,127
10/12/2011,EYW,FL,ASO,ES,Federal Contract Tower,16,25,20,0,61,0,1,50,0,51,16,26,70,0,112,50,0,50,162
10/13/2011,EYW,FL,ASO,ES,Federal Contract Tower,14,23,27,1,65,0,4,71,1,76,14,27,98,2,141,6,0,6,147
10/14/2011,EYW,FL,ASO,ES,Federal Contract Tower,16,25,28,0,69,0,4,62,0,66,16,29,90,0,135,6,0,6,141
10/15/2011,EYW,FL,ASO,ES,Federal Contract Tower,16,27,16,0,59,0,0,8,0,8,16,27,24,0,67,0,0,0,67
10/16/2011,EYW,FL,ASO,ES,Federal Contract Tower,18,32,33,0,83,0,2,25,0,27,18,34,58,0,110,0,0,0,110
10/17/2011,EYW,FL,ASO,ES,Federal Contract Tower,10,22,7,0,39,0,0,0,0,0,10,22,7,0,39,0,0,0,39
10/18/2011,EYW,FL,ASO,ES,Federal Contract Tower,13,17,6,0,36,0,0,8,0,8,13,17,14,0,44,0,0,0,44
10/19/2011,EYW,FL,ASO,ES,Federal Contract Tower,17,21,18,0,56,0,0,0,0,0,17,21,18,0,56,0,4,4,60
10/20/2011,EYW,FL,ASO,ES,Federal Contract Tower,19,27,33,0,79,0,4,49,1,54,19,31,82,1,133,18,0,18,151
10/21/2011,EYW,FL,ASO,ES,Federal Contract Tower,16,23,30,0,69,0,6,47,0,53,16,29,77,0,122,0,0,0,122
10/22/2011,EYW,FL,ASO,ES,Federal Contract Tower,18,26,34,0,78,0,3,98,0,101,18,29,132,0,179,66,0,66,245
10/23/2011,EYW,FL,ASO,ES,Federal Contract Tower,19,28,40,0,87,0,10,71,0,81,19,38,111,0,168,44,0,44,212
10/24/2011,EYW,FL,ASO,ES,Federal Contract Tower,18,29,21,0,68,0,2,41,0,43,18,31,62,0,111,2,0,2,113
10/25/2011,EYW,FL,ASO,ES,Federal Contract Tower,16,18,25,0,59,0,1,61,0,62,16,19,86,0,121,22,0,22,143
10/26/2011,EYW,FL,ASO,ES,Federal Contract Tower,20,29,45,6,100,0,0,68,0,68,20,29,113,6,168,0,0,0,168
10/27/2011,EYW,FL,ASO,ES,Federal Contract Tower,17,27,41,0,85,0,3,70,0,73,17,30,111,0,158,2,0,2,160
10/28/2011,EYW,FL,ASO,ES,Federal Contract Tower,17,35,58,0,110,0,5,66,0,71,17,40,124,0,181,14,0,14,195
10/29/2011,EYW,FL,ASO,ES,Federal Contract Tower,18,38,40,0,96,0,1,60,0,61,18,39,100,0,157,8,0,8,165
10/30/2011,EYW,FL,ASO,ES,Federal Contract Tower,27,54,89,0,170,0,5,46,0,51,27,59,135,0,221,0,0,0,221
10/31/2011,EYW,FL,ASO,ES,Federal Contract Tower,24,31,27,0,82,0,3,40,2,45,24,34,67,2,127,6,0,6,133
11/01/2011,EYW,FL,ASO,ES,Federal Contract Tower,22,23,26,2,73,0,2,32,0,34,22,25,58,2,107,6,0,6,113
11/02/2011,EYW,FL,ASO,ES,Federal Contract Tower,22,19,25,0,66,0,1,45,0,46,22,20,70,0,112,12,0,12,124
11/03/2011,EYW,FL,ASO,ES,Federal Contract Tower,18,27,19,0,64,0,9,55,0,64,18,36,74,0,128,12,0,12,140
11/04/2011,EYW,FL,ASO,ES,Federal Contract Tower,17,28,39,0,84,0,2,88,4,94,17,30,127,4,178,12,0,12,190
11/05/2011,EYW,FL,ASO,ES,Federal Contract Tower,19,28,24,0,71,0,3,80,0,83,19,31,104,0,154,32,0,32,186
11/06/2011,EYW,FL,ASO,ES,Federal Contract Tower,21,25,31,0,77,0,7,69,0,76,21,32,100,0,153,16,0,16,169
11/07/2011,EYW,FL,ASO,ES,Federal Contract Tower,21,29,23,0,73,0,3,53,12,68,21,32,76,12,141,6,0,6,147
11/08/2011,EYW,FL,ASO,ES,Federal Contract Tower,20,27,28,0,75,0,3,76,10,89,20,30,104,10,164,38,0,38,202
11/09/2011,EYW,FL,ASO,ES,Federal Contract Tower,20,21,20,0,61,0,2,132,4,138,20,23,152,4,199,26,0,26,225
11/10/2011,EYW,FL,ASO,ES,Federal Contract Tower,22,31,30,0,83,0,8,76,8,92,22,39,106,8,175,20,0,20,195
11/11/2011,EYW,FL,ASO,ES,Federal Contract Tower,21,29,40,0,90,0,8,80,0,88,21,37,120,0,178,30,0,30,208
11/12/2011,EYW,FL,ASO,ES,Federal Contract Tower,21,39,36,0,96,0,3,94,3,100,21,42,130,3,196,32,0,32,228
11/13/2011,EYW,FL,ASO,ES,Federal Contract Tower,19,28,48,0,95,0,7,112,0,119,19,35,160,0,214,46,4,50,264
11/14/2011,EYW,FL,ASO,ES,Federal Contract Tower,21,35,31,0,87,0,2,56,0,58,21,37,87,0,145,12,0,12,157
11/15/2011,EYW,FL,ASO,ES,Federal Contract Tower,18,25,16,1,60,0,0,61,2,63,18,25,77,3,123,16,0,16,139
11/16/2011,EYW,FL,ASO,ES,Federal Contract Tower,18,21,25,0,64,0,1,55,0,56,18,22,80,0,120,40,0,40,160
11/17/2011,EYW,FL,ASO,ES,Federal Contract Tower,21,29,21,0,71,0,8,57,2,67,21,37,78,2,138,18,0,18,156
11/18/2011,EYW,FL,ASO,ES,Federal Contract Tower,22,34,44,0,100,0,2,70,1,73,22,36,114,1,173,32,0,32,205
11/19/2011,EYW,FL,ASO,ES,Federal Contract Tower,25,35,19,0,79,0,3,66,0,69,25,38,85,0,148,24,0,24,172
11/20/2011,EYW,FL,ASO,ES,Federal Contract Tower,23,31,40,0,94,0,3,80,0,83,23,34,120,0,177,44,0,44,221
11/21/2011,EYW,FL,ASO,ES,Federal Contract Tower,21,33,25,0,79,0,2,63,0,65,21,35,88,0,144,28,0,28,172
11/22/2011,EYW,FL,ASO,ES,Federal Contract Tower,19,24,31,0,74,0,0,80,0,80,19,24,111,0,154,36,0,36,190
11/23/2011,EYW,FL,ASO,ES,Federal Contract Tower,21,31,37,0,89,0,1,88,1,90,21,32,125,1,179,6,0,6,185
11/24/2011,EYW,FL,ASO,ES,Federal Contract Tower,14,21,17,0,52,0,1,25,0,26,14,22,42,0,78,14,0,14,92
11/25/2011,EYW,FL,ASO,ES,Federal Contract Tower,22,28,35,0,85,0,7,71,0,78,22,35,106,0,163,14,0,14,177
11/26/2011,EYW,FL,ASO,ES,Federal Contract Tower,24,31,28,0,83,0,5,90,0,95,24,36,118,0,178,46,0,46,224
11/27/2011,EYW,FL,ASO,ES,Federal Contract Tower,23,32,49,2,106,0,7,91,0,98,23,39,140,2,204,32,0,32,236
11/28/2011,EYW,FL,ASO,ES,Federal Contract Tower,24,28,10,1,63,0,0,42,0,42,24,28,52,1,105,8,0,8,113
11/29/2011,EYW,FL,ASO,ES,Federal Contract Tower,23,26,7,1,57,0,0,51,0,51,23,26,58,1,108,34,0,34,142
11/30/2011,EYW,FL,ASO,ES,Federal Contract Tower,20,28,22,2,72,0,1,66,0,67,20,29,88,2,139,42,0,42,181
12/01/2011,EYW,FL,ASO,ES,Federal Contract Tower,18,33,20,0,71,0,3,45,1,49,18,36,65,1,120,20,0,20,140
12/02/2011,EYW,FL,ASO,ES,Federal Contract Tower,21,29,25,0,75,0,6,46,0,52,21,35,71,0,127,22,0,22,149
12/03/2011,EYW,FL,ASO,ES,Federal Contract Tower,23,33,15,0,71,0,3,47,0,50,23,36,62,0,121,8,0,8,129
12/04/2011,EYW,FL,ASO,ES,Federal Contract Tower,23,25,30,0,78,0,7,62,0,69,23,32,92,0,147,52,0,52,199
12/05/2011,EYW,FL,ASO,ES,Federal Contract Tower,21,29,15,1,66,0,4,30,0,34,21,33,45,1,100,20,0,20,120
12/06/2011,EYW,FL,ASO,ES,Federal Contract Tower,18,18,12,0,48,0,4,34,11,49,18,22,46,11,97,26,0,26,123
12/07/2011,EYW,FL,ASO,ES,Federal Contract Tower,18,18,21,2,59,0,6,64,8,78,18,24,85,10,137,52,0,52,189
12/08/2011,EYW,FL,ASO,ES,Federal Contract Tower,22,30,26,1,79,0,2,47,0,49,22,32,73,1,128,32,0,32,160
12/09/2011,EYW,FL,ASO,ES,Federal Contract Tower,22,36,19,12,89,0,2,36,0,38,22,38,55,12,127,12,0,12,139
12/10/2011,EYW,FL,ASO,ES,Federal Contract Tower,22,36,15,2,75,0,1,58,0,59,22,37,73,2,134,28,0,28,162
12/11/2011,EYW,FL,ASO,ES,Federal Contract Tower,23,32,45,3,103,0,4,43,0,47,23,36,88,3,150,32,0,32,182
12/12/2011,EYW,FL,ASO,ES,Federal Contract Tower,20,31,17,2,70,0,3,41,3,47,20,34,58,5,117,8,0,8,125
12/13/2011,EYW,FL,ASO,ES,Federal Contract Tower,21,30,6,3,60,0,0,34,1,35,21,30,40,4,95,10,0,10,105
12/14/2011,EYW,FL,ASO,ES,Federal Contract Tower,19,26,25,1,71,0,0,52,0,52,19,26,77,1,123,2,0,2,125
12/15/2011,EYW,FL,ASO,ES,Federal Contract Tower,22,36,11,1,70,0,3,41,0,44,22,39,52,1,114,10,0,10,124
12/16/2011,EYW,FL,ASO,ES,Federal Contract Tower,22,36,24,0,82,0,3,60,0,63,22,39,84,0,145,44,0,44,189
12/17/2011,EYW,FL,ASO,ES,Federal Contract Tower,28,41,25,0,94,0,2,72,0,74,28,43,97,0,168,54,0,54,222
12/18/2011,EYW,FL,ASO,ES,Federal Contract Tower,24,27,24,1,76,0,11,61,8,80,24,38,85,9,156,18,0,18,174
12/19/2011,EYW,FL,ASO,ES,Federal Contract Tower,24,27,16,0,67,0,7,45,0,52,24,34,61,0,119,30,0,30,149
12/20/2011,EYW,FL,ASO,ES,Federal Contract Tower,24,25,17,0,66,0,2,52,0,54,24,27,69,0,120,48,0,48,168
12/21/2011,EYW,FL,ASO,ES,Federal Contract Tower,24,26,29,0,79,0,4,51,0,55,24,30,80,0,134,40,2,42,176
12/22/2011,EYW,FL,ASO,ES,Federal Contract Tower,24,38,20,0,82,0,3,53,1,57,24,41,73,1,139,16,0,16,155
12/23/2011,EYW,FL,ASO,ES,Federal Contract Tower,25,39,21,2,87,0,4,87,0,91,25,43,108,2,178,42,0,42,220
12/24/2011,EYW,FL,ASO,ES,Federal Contract Tower,24,34,13,0,71,0,5,60,0,65,24,39,73,0,136,70,0,70,206
12/25/2011,EYW,FL,ASO,ES,Federal Contract Tower,20,28,13,2,63,0,5,34,0,39,20,33,47,2,102,6,0,6,108
12/26/2011,EYW,FL,ASO,ES,Federal Contract Tower,25,34,55,0,114,0,8,101,1,110,25,42,156,1,224,38,0,38,262
12/27/2011,EYW,FL,ASO,ES,Federal Contract Tower,23,36,44,1,104,0,0,82,0,82,23,36,126,1,186,12,0,12,198
12/28/2011,EYW,FL,ASO,ES,Federal Contract Tower,24,36,48,1,109,0,1,89,1,91,24,37,137,2,200,32,0,32,232
12/29/2011,EYW,FL,ASO,ES,Federal Contract Tower,26,38,39,2,105,0,6,112,1,119,26,44,151,3,224,42,0,42,266
12/30/2011,EYW,FL,ASO,ES,Federal Contract Tower,24,33,47,0,104,0,9,178,0,187,24,42,225,0,291,30,0,30,321
12/31/2011,EYW,FL,ASO,ES,Federal Contract Tower,23,33,34,0,90,0,4,164,0,168,23,37,198,0,258,40,0,40,298
01/01/2012,EYW,FL,ASO,ES,Federal Contract Tower,28,39,43,0,110,0,5,103,0,108,28,44,146,0,218,12,0,12,230
01/02/2012,EYW,FL,ASO,ES,Federal Contract Tower,28,36,63,0,127,0,12,117,0,129,28,48,180,0,256,2,0,2,258
01/03/2012,EYW,FL,ASO,ES,Federal Contract Tower,26,31,24,0,81,0,1,13,0,14,26,32,37,0,95,0,0,0,95
01/04/2012,EYW,FL,ASO,ES,Federal Contract Tower,22,33,29,0,84,0,2,75,0,77,22,35,104,0,161,30,0,30,191
01/05/2012,EYW,FL,ASO,ES,Federal Contract Tower,29,27,34,1,91,0,4,67,0,71,29,31,101,1,162,12,0,12,174
01/06/2012,EYW,FL,ASO,ES,Federal Contract Tower,25,28,35,0,88,0,5,121,0,126,25,33,156,0,214,24,0,24,238
01/07/2012,EYW,FL,ASO,ES,Federal Contract Tower,29,38,38,0,105,0,6,91,0,97,29,44,129,0,202,46,0,46,248
01/08/2012,EYW,FL,ASO,ES,Federal Contract Tower,26,30,41,3,100,0,5,105,0,110,26,35,146,3,210,59,0,59,269
01/09/2012,EYW,FL,ASO,ES,Federal Contract Tower,26,30,26,2,84,0,5,69,0,74,26,35,95,2,158,26,0,26,184
01/10/2012,EYW,FL,ASO,ES,Federal Contract Tower,21,28,25,0,74,0,1,59,0,60,21,29,84,0,134,24,0,24,158
01/11/2012,EYW,FL,ASO,ES,Federal Contract Tower,24,19,18,4,65,0,0,20,0,20,24,19,38,4,85,2,0,2,87
01/12/2012,EYW,FL,ASO,ES,Federal Contract Tower,26,36,40,0,102,0,4,70,0,74,26,40,110,0,176,34,0,34,210
01/13/2012,EYW,FL,ASO,ES,Federal Contract Tower,24,36,46,0,106,0,3,92,0,95,24,39,138,0,201,20,0,20,221
01/14/2012,EYW,FL,ASO,ES,Federal Contract Tower,28,38,45,0,111,0,5,93,2,100,28,43,138,2,211,2,0,2,213
01/15/2012,EYW,FL,ASO,ES,Federal Contract Tower,26,38,45,0,109,0,5,104,1,110,26,43,149,1,219,8,0,8,227
01/16/2012,EYW,FL,ASO,ES,Federal Contract Tower,26,27,27,0,80,0,8,100,1,109,26,35,127,1,189,26,0,26,215
01/17/2012,EYW,FL,ASO,ES,Federal Contract Tower,21,23,17,0,61,0,5,56,0,61,21,28,73,0,122,24,0,24,146
01/18/2012,EYW,FL,ASO,ES,Federal Contract Tower,25,23,25,1,74,0,0,68,2,70,25,23,93,3,144,24,0,24,168
01/19/2012,EYW,FL,ASO,ES,Federal Contract Tower,29,36,33,0,98,0,0,79,0,79,29,36,112,0,177,26,0,26,203
01/20/2012,EYW,FL,ASO,ES,Federal Contract Tower,26,31,35,1,93,0,6,86,1,93,26,37,121,2,186,38,0,38,224
01/21/2012,EYW,FL,ASO,ES,Federal Contract Tower,25,34,46,0,105,0,5,107,0,112,25,39,153,0,217,52,0,52,269
01/22/2012,EYW,FL,ASO,ES,Federal Contract Tower,29,32,38,0,99,0,4,111,0,115,29,36,149,0,214,44,6,50,264
01/23/2012,EYW,FL,ASO,ES,Federal Contract Tower,25,19,23,0,67,0,8,85,0,93,25,27,108,0,160,38,0,38,198
01/24/2012,EYW,FL,ASO,ES,Federal Contract Tower,22,28,22,0,72,0,1,79,0,80,22,29,101,0,152,16,0,16,168
01/25/2012,EYW,FL,ASO,ES,Federal Contract Tower,25,22,19,0,66,0,2,75,0,77,25,24,94,0,143,38,0,38,181
01/26/2012,EYW,FL,ASO,ES,Federal Contract Tower,26,28,36,0,90,0,3,83,0,86,26,31,119,0,176,40,0,40,216
01/27/2012,EYW,FL,ASO,ES,Federal Contract Tower,26,34,30,0,90,0,5,72,0,77,26,39,102,0,167,22,0,22,189
01/28/2012,EYW,FL,ASO,ES,Federal Contract Tower,27,33,27,0,87,0,7,66,0,73,27,40,93,0,160,54,0,54,214
01/29/2012,EYW,FL,ASO,ES,Federal Contract Tower,27,33,55,0,115,0,4,89,0,93,27,37,144,0,208,46,0,46,254
01/30/2012,EYW,FL,ASO,ES,Federal Contract Tower,25,21,24,0,70,0,5,29,0,34,25,26,53,0,104,0,0,0,104
01/31/2012,EYW,FL,ASO,ES,Federal Contract Tower,20,26,13,0,59,0,2,46,0,48,20,28,59,0,107,8,0,8,115
02/01/2012,EYW,FL,ASO,ES,Federal Contract Tower,24,25,24,0,73,0,0,65,0,65,24,25,89,0,138,34,0,34,172
02/02/2012,EYW,FL,ASO,ES,Federal Contract Tower,28,32,38,0,98,0,3,55,2,60,28,35,93,2,158,28,0,28,186
02/03/2012,EYW,FL,ASO,ES,Federal Contract Tower,25,32,25,0,82,0,2,61,2,65,25,34,86,2,147,6,0,6,153
02/04/2012,EYW,FL,ASO,ES,Federal Contract Tower,27,40,42,0,109,0,7,68,0,75,27,47,110,0,184,36,0,36,220
02/05/2012,EYW,FL,ASO,ES,Federal Contract Tower,26,35,34,0,95,0,0,12,0,12,26,35,46,0,107,10,0,10,117
02/06/2012,EYW,FL,ASO,ES,Federal Contract Tower,25,35,21,0,81,0,3,57,0,60,25,38,78,0,141,38,0,38,179
02/07/2012,EYW,FL,ASO,ES,Federal Contract Tower,21,23,14,0,58,0,1,34,0,35,21,24,48,0,93,38,0,38,131
02/08/2012,EYW,FL,ASO,ES,Federal Contract Tower,24,31,37,0,92,0,0,39,0,39,24,31,76,0,131,32,0,32,163
02/09/2012,EYW,FL,ASO,ES,Federal Contract Tower,25,36,43,0,104,0,1,76,4,81,25,37,119,4,185,24,0,24,209
02/10/2012,EYW,FL,ASO,ES,Federal Contract Tower,26,28,34,0,88,0,2,41,0,43,26,30,75,0,131,16,0,16,147
02/11/2012,EYW,FL,ASO,ES,Federal Contract Tower,28,39,31,0,98,0,0,57,0,57,28,39,88,0,155,22,0,22,177
02/12/2012,EYW,FL,ASO,ES,Federal Contract Tower,28,37,33,0,98,0,6,42,0,48,28,43,75,0,146,0,0,0,146
02/13/2012,EYW,FL,ASO,ES,Federal Contract Tower,26,24,29,0,79,0,5,47,0,52,26,29,76,0,131,42,0,42,173
02/14/2012,EYW,FL,ASO,ES,Federal Contract Tower,22,32,27,0,81,0,2,98,4,104,22,34,125,4,185,62,0,62,247
02/15/2012,EYW,FL,ASO,ES,Federal Contract Tower,24,29,28,0,81,0,2,71,0,73,24,31,99,0,154,74,0,74,228
02/16/2012,EYW,FL,ASO,ES,Federal Contract Tower,25,43,25,0,93,0,3,87,0,90,25,46,112,0,183,24,0,24,207
02/17/2012,EYW,FL,ASO,ES,Federal Contract Tower,25,51,40,0,116,0,6,102,0,108,25,57,142,0,224,70,0,70,294
02/18/2012,EYW,FL,ASO,ES,Federal Contract Tower,29,46,48,0,123,0,11,99,0,110,29,57,147,0,233,38,0,38,271
02/19/2012,EYW,FL,ASO,ES,Federal Contract Tower,25,35,44,0,104,0,9,105,0,114,25,44,149,0,218,68,0,68,286
02/20/2012,EYW,FL,ASO,ES,Federal Contract Tower,26,38,41,0,105,0,9,91,0,100,26,47,132,0,205,26,0,26,231
02/21/2012,EYW,FL,ASO,ES,Federal Contract Tower,23,37,32,0,92,0,2,80,0,82,23,39,112,0,174,32,0,32,206
02/22/2012,EYW,FL,ASO,ES,Federal Contract Tower,23,33,31,0,87,0,2,79,0,81,23,35,110,0,168,54,0,54,222
02/23/2012,EYW,FL,ASO,ES,Federal Contract Tower,25,40,39,0,104,0,2,93,0,95,25,42,132,0,199,48,0,48,247
02/24/2012,EYW,FL,ASO,ES,Federal Contract Tower,25,34,27,0,86,0,1,89,0,90,25,35,116,0,176,46,0,46,222
02/25/2012,EYW,FL,ASO,ES,Federal Contract Tower,30,39,41,2,112,0,1,78,4,83,30,40,119,6,195,20,0,20,215
02/26/2012,EYW,FL,ASO,ES,Federal Contract Tower,26,31,48,2,107,0,5,68,0,73,26,36,116,2,180,16,0,16,196
02/27/2012,EYW,FL,ASO,ES,Federal Contract Tower,26,27,32,3,88,0,4,106,0,110,26,31,138,3,198,16,0,16,214
02/28/2012,EYW,FL,ASO,ES,Federal Contract Tower,21,36,6,0,63,0,1,60,1,62,21,37,66,1,125,2,0,2,127
02/29/2012,EYW,FL,ASO,ES,Federal Contract Tower,26,30,34,0,90,0,1,70,0,71,26,31,104,0,161,8,0,8,169
03/01/2012,EYW,FL,ASO,ES,Federal Contract Tower,25,33,37,0,95,0,5,79,0,84,25,38,116,0,179,2,0,2,181
03/02/2012,EYW,FL,ASO,ES,Federal Contract Tower,28,37,38,0,103,0,5,78,0,83,28,42,116,0,186,66,0,66,252
03/03/2012,EYW,FL,ASO,ES,Federal Contract Tower,29,42,33,0,104,0,3,85,2,90,29,45,118,2,194,12,0,12,206
03/04/2012,EYW,FL,ASO,ES,Federal Contract Tower,26,44,26,0,96,0,0,8,0,8,26,44,34,0,104,0,0,0,104
03/05/2012,EYW,FL,ASO,ES,Federal Contract Tower,26,35,37,0,98,0,5,58,0,63,26,40,95,0,161,8,0,8,169
03/06/2012,EYW,FL,ASO,ES,Federal Contract Tower,23,29,13,0,65,0,1,60,0,61,23,30,73,0,126,26,0,26,152
03/07/2012,EYW,FL,ASO,ES,Federal Contract Tower,24,28,22,2,76,0,0,31,0,31,24,28,53,2,107,10,0,10,117
03/08/2012,EYW,FL,ASO,ES,Federal Contract Tower,26,34,36,0,96,0,3,73,0,76,26,37,109,0,172,26,0,26,198
03/09/2012,EYW,FL,ASO,ES,Federal Contract Tower,26,32,35,0,93,0,5,79,0,84,26,37,114,0,177,108,0,108,285
03/10/2012,EYW,FL,ASO,ES,Federal Contract Tower,27,41,58,2,128,0,2,91,2,95,27,43,149,4,223,74,0,74,297
03/11/2012,EYW,FL,ASO,ES,Federal Contract Tower,27,43,61,0,131,0,3,84,0,87,27,46,145,0,218,22,0,22,240
03/12/2012,EYW,FL,ASO,ES,Federal Contract Tower,26,27,23,0,76,0,5,81,0,86,26,32,104,0,162,6,2,8,170
03/13/2012,EYW,FL,ASO,ES,Federal Contract Tower,23,27,24,0,74,0,0,72,0,72,23,27,96,0,146,38,0,38,184
03/14/2012,EYW,FL,ASO,ES,Federal Contract Tower,24,36,36,0,96,0,1,89,0,90,24,37,125,0,186,16,0,16,202
03/15/2012,EYW,FL,ASO,ES,Federal Contract Tower,25,33,29,0,87,0,7,89,0,96,25,40,118,0,183,28,0,28,211
03/16/2012,EYW,FL,ASO,ES,Federal Contract Tower,26,40,56,0,122,0,6,119,0,125,26,46,175,0,247,36,0,36,283
03/17/2012,EYW,FL,ASO,ES,Federal Contract Tower,30,39,60,0,129,0,3,127,0,130,30,42,187,0,259,36,0,36,295
03/18/2012,EYW,FL,ASO,ES,Federal Contract Tower,25,42,65,0,132,0,11,133,0,144,25,53,198,0,276,26,0,26,302
03/19/2012,EYW,FL,ASO,ES,Federal Contract Tower,26,30,17,0,73,0,5,91,0,96,26,35,108,0,169,18,0,18,187
03/20/2012,EYW,FL,ASO,ES,Federal Contract Tower,24,36,23,0,83,0,2,71,1,74,24,38,94,1,157,6,0,6,163
03/21/2012,EYW,FL,ASO,ES,Federal Contract Tower,26,34,22,1,83,0,0,95,5,100,26,34,117,6,183,14,0,14,197
03/22/2012,EYW,FL,ASO,ES,Federal Contract Tower,25,55,35,0,115,0,1,78,3,82,25,56,113,3,197,28,0,28,225
03/23/2012,EYW,FL,ASO,ES,Federal Contract Tower,26,41,46,1,114,0,4,87,0,91,26,45,133,1,205,32,0,32,237
03/24/2012,EYW,FL,ASO,ES,Federal Contract Tower,29,48,44,0,121,0,4,109,0,113,29,52,153,0,234,16,0,16,250
03/25/2012,EYW,FL,ASO,ES,Federal Contract Tower,26,54,58,0,138,0,2,75,1,78,26,56,133,1,216,14,0,14,230
03/26/2012,EYW,FL,ASO,ES,Federal Contract Tower,25,29,22,2,78,0,4,86,3,93,25,33,108,5,171,26,0,26,197
03/27/2012,EYW,FL,ASO,ES,Federal Contract Tower,27,37,23,2,89,0,0,83,0,83,27,37,106,2,172,26,0,26,198
03/28/2012,EYW,FL,ASO,ES,Federal Contract Tower,27,33,41,0,101,0,1,71,7,79,27,34,112,7,180,18,0,18,198
03/29/2012,EYW,FL,ASO,ES,Federal Contract Tower,25,44,49,0,118,0,2,79,0,81,25,46,128,0,199,42,0,42,241
03/30/2012,EYW,FL,ASO,ES,Federal Contract Tower,26,35,50,0,111,0,5,87,1,93,26,40,137,1,204,14,0,14,218
03/31/2012,EYW,FL,ASO,ES,Federal Contract Tower,29,39,49,0,117,0,2,73,0,75,29,41,122,0,192,18,0,18,210
04/01/2012,EYW,FL,ASO,ES,Federal Contract Tower,25,39,43,0,107,0,8,114,0,122,25,47,157,0,229,64,0,64,293
04/02/2012,EYW,FL,ASO,ES,Federal Contract Tower,24,31,24,0,79,0,7,69,0,76,24,38,93,0,155,40,0,40,195
04/03/2012,EYW,FL,ASO,ES,Federal Contract Tower,25,30,16,0,71,0,0,70,0,70,25,30,86,0,141,4,0,4,145
04/04/2012,EYW,FL,ASO,ES,Federal Contract Tower,26,33,28,0,87,0,0,93,0,93,26,33,121,0,180,48,0,48,228
04/05/2012,EYW,FL,ASO,ES,Federal Contract Tower,26,44,49,0,119,0,1,85,0,86,26,45,134,0,205,20,0,20,225
04/06/2012,EYW,FL,ASO,ES,Federal Contract Tower,26,40,45,0,111,0,2,85,0,87,26,42,130,0,198,30,0,30,228
04/07/2012,EYW,FL,ASO,ES,Federal Contract Tower,32,34,46,0,112,0,3,99,0,102,32,37,145,0,214,42,0,42,256
04/08/2012,EYW,FL,ASO,ES,Federal Contract Tower,26,39,38,0,103,0,6,102,0,108,26,45,140,0,211,14,0,14,225
04/09/2012,EYW,FL,ASO,ES,Federal Contract Tower,25,29,29,0,83,0,4,77,0,81,25,33,106,0,164,6,0,6,170
04/10/2012,EYW,FL,ASO,ES,Federal Contract Tower,24,34,22,1,81,0,1,58,1,60,24,35,80,2,141,28,0,28,169
04/11/2012,EYW,FL,ASO,ES,Federal Contract Tower,25,34,22,0,81,0,1,97,0,98,25,35,119,0,179,32,0,32,211
04/12/2012,EYW,FL,ASO,ES,Federal Contract Tower,23,38,42,0,103,0,3,85,0,88,23,41,127,0,191,50,0,50,241
04/13/2012,EYW,FL,ASO,ES,Federal Contract Tower,29,39,48,0,116,0,5,112,1,118,29,44,160,1,234,18,0,18,252
04/14/2012,EYW,FL,ASO,ES,Federal Contract Tower,23,44,21,4,92,0,5,95,0,100,23,49,116,4,192,18,0,18,210
04/15/2012,EYW,FL,ASO,ES,Federal Contract Tower,25,36,51,1,113,0,11,92,0,103,25,47,143,1,216,36,0,36,252
04/16/2012,EYW,FL,ASO,ES,Federal Contract Tower,23,31,27,0,81,0,5,58,2,65,23,36,85,2,146,10,0,10,156
04/17/2012,EYW,FL,ASO,ES,Federal Contract Tower,23,37,30,0,90,0,1,76,0,77,23,38,106,0,167,44,0,44,211
04/18/2012,EYW,FL,ASO,ES,Federal Contract Tower,24,29,27,0,80,0,1,48,0,49,24,30,75,0,129,30,0,30,159
04/19/2012,EYW,FL,ASO,ES,Federal Contract Tower,23,40,22,0,85,0,3,93,0,96,23,43,115,0,181,50,0,50,231
04/20/2012,EYW,FL,ASO,ES,Federal Contract Tower,25,46,29,1,101,0,5,76,0,81,25,51,105,1,182,6,0,6,188
04/21/2012,EYW,FL,ASO,ES,Federal Contract Tower,30,31,11,0,72,1,5,0,0,6,31,36,11,0,78,0,0,0,78
04/22/2012,EYW,FL,ASO,ES,Federal Contract Tower,24,49,57,0,130,0,4,54,0,58,24,53,111,0,188,0,0,0,188
04/23/2012,EYW,FL,ASO,ES,Federal Contract Tower,24,35,23,0,82,0,5,47,1,53,24,40,70,1,135,22,0,22,157
04/24/2012,EYW,FL,ASO,ES,Federal Contract Tower,24,32,19,0,75,0,0,45,0,45,24,32,64,0,120,4,0,4,124
04/25/2012,EYW,FL,ASO,ES,Federal Contract Tower,25,34,19,0,78,0,1,65,0,66,25,35,84,0,144,18,0,18,162
04/26/2012,EYW,FL,ASO,ES,Federal Contract Tower,24,36,36,1,97,0,5,94,1,100,24,41,130,2,197,50,0,50,247
04/27/2012,EYW,FL,ASO,ES,Federal Contract Tower,24,37,43,1,105,0,7,72,0,79,24,44,115,1,184,2,0,2,186
04/28/2012,EYW,FL,ASO,ES,Federal Contract Tower,26,62,18,1,107,0,2,67,0,69,26,64,85,1,176,8,0,8,184
04/29/2012,EYW,FL,ASO,ES,Federal Contract Tower,24,39,55,0,118,0,3,38,0,41,24,42,93,0,159,0,0,0,159
04/30/2012,EYW,FL,ASO,ES,Federal Contract Tower,23,35,18,0,76,0,0,33,0,33,23,35,51,0,109,0,0,0,109
05/01/2012,EYW,FL,ASO,ES,Federal Contract Tower,24,36,11,0,71,0,2,18,0,20,24,38,29,0,91,4,0,4,95
05/02/2012,EYW,FL,ASO,ES,Federal Contract Tower,24,32,32,1,89,0,1,49,3,53,24,33,81,4,142,18,0,18,160
05/03/2012,EYW,FL,ASO,ES,Federal Contract Tower,19,41,32,0,92,0,6,63,0,69,19,47,95,0,161,18,0,18,179
05/04/2012,EYW,FL,ASO,ES,Federal Contract Tower,20,37,30,1,88,0,8,64,0,72,20,45,94,1,160,58,0,58,218
05/05/2012,EYW,FL,ASO,ES,Federal Contract Tower,20,37,29,0,86,0,3,91,1,95,20,40,120,1,181,22,0,22,203
05/06/2012,EYW,FL,ASO,ES,Federal Contract Tower,20,40,53,0,113,0,9,88,0,97,20,49,141,0,210,28,0,28,238
05/07/2012,EYW,FL,ASO,ES,Federal Contract Tower,24,34,16,0,74,0,2,42,1,45,24,36,58,1,119,54,0,54,173
05/08/2012,EYW,FL,ASO,ES,Federal Contract Tower,19,33,13,2,67,0,0,51,2,53,19,33,64,4,120,32,0,32,152
05/09/2012,EYW,FL,ASO,ES,Federal Contract Tower,20,28,22,0,70,0,2,38,3,43,20,30,60,3,113,28,0,28,141
05/10/2012,EYW,FL,ASO,ES,Federal Contract Tower,18,40,38,0,96,0,2,67,2,71,18,42,105,2,167,6,0,6,173
05/11/2012,EYW,FL,ASO,ES,Federal Contract Tower,18,37,17,0,72,0,1,90,0,91,18,38,107,0,163,34,0,34,197
05/12/2012,EYW,FL,ASO,ES,Federal Contract Tower,22,44,35,0,101,0,2,84,0,86,22,46,119,0,187,28,0,28,215
05/13/2012,EYW,FL,ASO,ES,Federal Contract Tower,21,36,32,0,89,0,4,84,0,88,21,40,116,0,177,40,0,40,217
05/14/2012,EYW,FL,ASO,ES,Federal Contract Tower,20,40,16,0,76,0,4,74,1,79,20,44,90,1,155,30,0,30,185
05/15/2012,EYW,FL,ASO,ES,Federal Contract Tower,19,29,22,0,70,0,0,45,1,46,19,29,67,1,116,34,0,34,150
05/16/2012,EYW,FL,ASO,ES,Federal Contract Tower,20,0,30,23,73,0,0,45,0,45,20,0,75,23,118,4,0,4,122
05/17/2012,EYW,FL,ASO,ES,Federal Contract Tower,19,33,31,1,84,0,1,22,2,25,19,34,53,3,109,8,0,8,117
05/18/2012,EYW,FL,ASO,ES,Federal Contract Tower,20,38,32,0,90,0,9,63,0,72,20,47,95,0,162,6,0,6,168
05/19/2012,EYW,FL,ASO,ES,Federal Contract Tower,20,40,27,1,88,0,5,44,0,49,20,45,71,1,137,8,0,8,145
05/20/2012,EYW,FL,ASO,ES,Federal Contract Tower,19,34,39,0,92,0,8,75,2,85,19,42,114,2,177,42,0,42,219
05/21/2012,EYW,FL,ASO,ES,Federal Contract Tower,19,43,27,0,89,0,6,58,1,65,19,49,85,1,154,26,0,26,180
05/22/2012,EYW,FL,ASO,ES,Federal Contract Tower,16,40,12,2,70,0,2,37,4,43,16,42,49,6,113,16,0,16,129
05/23/2012,EYW,FL,ASO,ES,Federal Contract Tower,20,32,13,0,65,0,0,54,1,55,20,32,67,1,120,38,0,38,158
05/24/2012,EYW,FL,ASO,ES,Federal Contract Tower,21,27,28,0,76,0,2,74,5,81,21,29,102,5,157,20,0,20,177
05/25/2012,EYW,FL,ASO,ES,Federal Contract Tower,18,48,29,1,96,0,11,88,1,100,18,59,117,2,196,10,0,10,206
05/26/2012,EYW,FL,ASO,ES,Federal Contract Tower,22,49,23,0,94,0,1,72,0,73,22,50,95,0,167,48,0,48,215
05/27/2012,EYW,FL,ASO,ES,Federal Contract Tower,19,26,23,1,69,1,8,81,2,92,20,34,104,3,161,40,0,40,201
05/28/2012,EYW,FL,ASO,ES,Federal Contract Tower,20,37,45,1,103,0,11,87,0,98,20,48,132,1,201,48,0,48,249
05/29/2012,EYW,FL,ASO,ES,Federal Contract Tower,20,35,21,0,76,0,0,47,3,50,20,35,68,3,126,12,0,12,138
05/30/2012,EYW,FL,ASO,ES,Federal Contract Tower,19,36,18,4,77,0,0,53,1,54,19,36,71,5,131,12,0,12,143
05/31/2012,EYW,FL,ASO,ES,Federal Contract Tower,20,33,29,1,83,0,1,20,0,21,20,34,49,1,104,16,0,16,120
06/01/2012,EYW,FL,ASO,ES,Federal Contract Tower,23,39,21,0,83,0,0,13,0,13,23,39,34,0,96,0,0,0,96
06/02/2012,EYW,FL,ASO,ES,Federal Contract Tower,18,41,20,1,80,0,3,54,0,57,18,44,74,1,137,26,0,26,163
06/03/2012,EYW,FL,ASO,ES,Federal Contract Tower,21,40,23,3,87,0,4,88,0,92,21,44,111,3,179,66,0,66,245
06/04/2012,EYW,FL,ASO,ES,Federal Contract Tower,20,32,14,0,66,0,7,64,0,71,20,39,78,0,137,10,0,10,147
06/05/2012,EYW,FL,ASO,ES,Federal Contract Tower,20,28,16,0,64,0,0,45,0,45,20,28,61,0,109,12,0,12,121
06/06/2012,EYW,FL,ASO,ES,Federal Contract Tower,20,25,25,0,70,0,0,52,0,52,20,25,77,0,122,0,0,0,122
06/07/2012,EYW,FL,ASO,ES,Federal Contract Tower,19,35,30,0,84,0,5,62,0,67,19,40,92,0,151,28,0,28,179
06/08/2012,EYW,FL,ASO,ES,Federal Contract Tower,20,36,22,2,80,0,2,60,4,66,20,38,82,6,146,34,0,34,180
06/09/2012,EYW,FL,ASO,ES,Federal Contract Tower,19,36,26,0,81,0,3,64,0,67,19,39,90,0,148,26,0,26,174
06/10/2012,EYW,FL,ASO,ES,Federal Contract Tower,27,31,27,0,85,0,3,71,0,74,27,34,98,0,159,46,0,46,205
06/11/2012,EYW,FL,ASO,ES,Federal Contract Tower,19,26,22,0,67,0,5,65,0,70,19,31,87,0,137,64,0,64,201
06/12/2012,EYW,FL,ASO,ES,Federal Contract Tower,20,29,18,0,67,0,1,73,0,74,20,30,91,0,141,14,0,14,155
06/13/2012,EYW,FL,ASO,ES,Federal Contract Tower,19,31,19,0,69,0,0,53,0,53,19,31,72,0,122,32,0,32,154
06/14/2012,EYW,FL,ASO,ES,Federal Contract Tower,19,35,22,0,76,0,2,69,0,71,19,37,91,0,147,26,0,26,173
06/15/2012,EYW,FL,ASO,ES,Federal Contract Tower,19,36,14,0,69,0,11,66,0,77,19,47,80,0,146,4,0,4,150
06/16/2012,EYW,FL,ASO,ES,Federal Contract Tower,21,37,18,0,76,0,2,77,0,79,21,39,95,0,155,16,0,16,171
06/17/2012,EYW,FL,ASO,ES,Federal Contract Tower,21,42,16,0,79,0,5,72,0,77,21,47,88,0,156,30,0,30,186
06/18/2012,EYW,FL,ASO,ES,Federal Contract Tower,19,29,28,0,76,0,4,50,0,54,19,33,78,0,130,24,0,24,154
06/19/2012,EYW,FL,ASO,ES,Federal Contract Tower,19,35,22,0,76,0,0,3,0,3,19,35,25,0,79,0,0,0,79
06/20/2012,EYW,FL,ASO,ES,Federal Contract Tower,20,26,9,0,55,0,0,4,0,4,20,26,13,0,59,0,0,0,59
06/21/2012,EYW,FL,ASO,ES,Federal Contract Tower,22,32,18,0,72,0,1,22,0,23,22,33,40,0,95,12,0,12,107
06/22/2012,EYW,FL,ASO,ES,Federal Contract Tower,19,38,16,0,73,0,0,21,0,21,19,38,37,0,94,0,0,0,94
06/23/2012,EYW,FL,ASO,ES,Federal Contract Tower,19,31,9,0,59,0,0,4,0,4,19,31,13,0,63,0,0,0,63
06/24/2012,EYW,FL,ASO,ES,Federal Contract Tower,19,43,16,0,78,0,0,4,0,4,19,43,20,0,82,0,0,0,82
06/25/2012,EYW,FL,ASO,ES,Federal Contract Tower,17,29,9,0,55,0,0,7,0,7,17,29,16,0,62,2,0,2,64
06/26/2012,EYW,FL,ASO,ES,Federal Contract Tower,21,28,5,0,54,0,0,15,0,15,21,28,20,0,69,2,0,2,71
06/27/2012,EYW,FL,ASO,ES,Federal Contract Tower,20,32,13,0,65,0,0,36,0,36,20,32,49,0,101,10,0,10,111
06/28/2012,EYW,FL,ASO,ES,Federal Contract Tower,20,28,24,0,72,0,3,54,0,57,20,31,78,0,129,24,0,24,153
06/29/2012,EYW,FL,ASO,ES,Federal Contract Tower,18,35,18,0,71,0,10,50,0,60,18,45,68,0,131,12,0,12,143
06/30/2012,EYW,FL,ASO,ES,Federal Contract Tower,19,34,36,0,89,0,3,113,0,116,19,37,149,0,205,66,0,66,271
07/01/2012,EYW,FL,ASO,ES,Federal Contract Tower,19,40,25,0,84,0,5,88,2,95,19,45,113,2,179,90,0,90,269
07/02/2012,EYW,FL,ASO,ES,Federal Contract Tower,19,37,13,0,69,0,5,72,6,83,19,42,85,6,152,22,0,22,174
07/03/2012,EYW,FL,ASO,ES,Federal Contract Tower,19,34,34,0,87,0,0,57,10,67,19,34,91,10,154,92,0,92,246
07/04/2012,EYW,FL,ASO,ES,Federal Contract Tower,17,28,29,0,74,0,2,67,2,71,17,30,96,2,145,18,0,18,163
07/05/2012,EYW,FL,ASO,ES,Federal Contract Tower,18,31,20,0,69,0,2,52,0,54,18,33,72,0,123,6,0,6,129
07/06/2012,EYW,FL,ASO,ES,Federal Contract Tower,20,35,37,0,92,0,3,53,0,56,20,38,90,0,148,36,0,36,184
07/07/2012,EYW,FL,ASO,ES,Federal Contract Tower,20,41,22,0,83,0,1,62,0,63,20,42,84,0,146,16,0,16,162
07/08/2012,EYW,FL,ASO,ES,Federal Contract Tower,20,41,60,1,122,0,5,61,0,66,20,46,121,1,188,22,0,22,210
07/09/2012,EYW,FL,ASO,ES,Federal Contract Tower,19,32,13,0,64,0,3,31,0,34,19,35,44,0,98,4,0,4,102
07/10/2012,EYW,FL,ASO,ES,Federal Contract Tower,17,31,19,0,67,0,0,10,0,10,17,31,29,0,77,18,0,18,95
07/11/2012,EYW,FL,ASO,ES,Federal Contract Tower,21,32,11,0,64,0,0,50,0,50,21,32,61,0,114,28,0,28,142
07/12/2012,EYW,FL,ASO,ES,Federal Contract Tower,19,28,22,0,69,0,1,57,0,58,19,29,79,0,127,42,0,42,169
07/13/2012,EYW,FL,ASO,ES,Federal Contract Tower,19,39,24,0,82,0,8,51,0,59,19,47,75,0,141,20,0,20,161
07/14/2012,EYW,FL,ASO,ES,Federal Contract Tower,19,40,29,0,88,0,3,72,0,75,19,43,101,0,163,30,0,30,193
07/15/2012,EYW,FL,ASO,ES,Federal Contract Tower,19,35,26,0,80,0,7,71,0,78,19,42,97,0,158,28,0,28,186
07/16/2012,EYW,FL,ASO,ES,Federal Contract Tower,15,30,16,0,61,0,4,59,0,63,15,34,75,0,124,22,0,22,146
07/17/2012,EYW,FL,ASO,ES,Federal Contract Tower,18,32,24,0,74,0,0,29,7,36,18,32,53,7,110,0,0,0,110
07/18/2012,EYW,FL,ASO,ES,Federal Contract Tower,18,35,30,0,83,0,0,88,2,90,18,35,118,2,173,22,0,22,195
07/19/2012,EYW,FL,ASO,ES,Federal Contract Tower,19,32,23,0,74,0,3,64,0,67,19,35,87,0,141,16,0,16,157
07/20/2012,EYW,FL,ASO,ES,Federal Contract Tower,21,46,29,2,98,0,0,80,2,82,21,46,109,4,180,16,0,16,196
07/21/2012,EYW,FL,ASO,ES,Federal Contract Tower,19,38,25,1,83,0,2,71,3,76,19,40,96,4,159,18,0,18,177
07/22/2012,EYW,FL,ASO,ES,Federal Contract Tower,19,47,28,1,95,0,0,28,0,28,19,47,56,1,123,18,0,18,141
07/23/2012,EYW,FL,ASO,ES,Federal Contract Tower,20,31,29,0,80,0,8,42,1,51,20,39,71,1,131,20,0,20,151
07/24/2012,EYW,FL,ASO,ES,Federal Contract Tower,19,34,28,0,81,0,3,49,0,52,19,37,77,0,133,12,0,12,145
07/25/2012,EYW,FL,ASO,ES,Federal Contract Tower,19,33,13,0,65,0,0,72,1,73,19,33,85,1,138,6,0,6,144
07/26/2012,EYW,FL,ASO,ES,Federal Contract Tower,18,40,29,0,87,0,1,67,3,71,18,41,96,3,158,24,0,24,182
07/27/2012,EYW,FL,ASO,ES,Federal Contract Tower,19,36,29,0,84,0,2,80,0,82,19,38,109,0,166,8,0,8,174
07/28/2012,EYW,FL,ASO,ES,Federal Contract Tower,19,42,27,0,88,0,5,108,0,113,19,47,135,0,201,28,0,28,229
07/29/2012,EYW,FL,ASO,ES,Federal Contract Tower,19,32,28,0,79,0,4,86,0,90,19,36,114,0,169,55,0,55,224
07/30/2012,EYW,FL,ASO,ES,Federal Contract Tower,19,34,13,0,66,0,5,54,0,59,19,39,67,0,125,14,0,14,139
07/31/2012,EYW,FL,ASO,ES,Federal Contract Tower,20,33,16,0,69,0,0,44,0,44,20,33,60,0,113,18,0,18,131
08/01/2012,EYW,FL,ASO,ES,Federal Contract Tower,17,31,25,0,73,0,0,59,0,59,17,31,84,0,132,10,0,10,142
08/02/2012,EYW,FL,ASO,ES,Federal Contract Tower,18,31,28,0,77,0,2,56,0,58,18,33,84,0,135,34,0,34,169
08/03/2012,EYW,FL,ASO,ES,Federal Contract Tower,16,30,20,0,66,0,8,55,2,65,16,38,75,2,131,6,0,6,137
08/04/2012,EYW,FL,ASO,ES,Federal Contract Tower,17,37,16,0,70,0,3,70,0,73,17,40,86,0,143,24,0,24,167
08/05/2012,EYW,FL,ASO,ES,Federal Contract Tower,17,37,25,0,79,0,6,82,1,89,17,43,107,1,168,98,0,98,266
08/06/2012,EYW,FL,ASO,ES,Federal Contract Tower,20,35,26,0,81,0,1,22,0,23,20,36,48,0,104,8,0,8,112
08/07/2012,EYW,FL,ASO,ES,Federal Contract Tower,17,33,20,1,71,0,0,45,0,45,17,33,65,1,116,22,0,22,138
08/08/2012,EYW,FL,ASO,ES,Federal Contract Tower,17,36,31,2,86,0,0,55,0,55,17,36,86,2,141,12,2,14,155
08/09/2012,EYW,FL,ASO,ES,Federal Contract Tower,16,34,26,0,76,0,4,58,3,65,16,38,84,3,141,28,0,28,169
08/10/2012,EYW,FL,ASO,ES,Federal Contract Tower,17,42,27,1,87,0,3,41,0,44,17,45,68,1,131,0,0,0,131
08/11/2012,EYW,FL,ASO,ES,Federal Contract Tower,17,40,23,0,80,0,2,70,0,72,17,42,93,0,152,28,0,28,180
08/12/2012,EYW,FL,ASO,ES,Federal Contract Tower,16,38,26,0,80,0,7,80,1,88,16,45,106,1,168,50,0,50,218
08/13/2012,EYW,FL,ASO,ES,Federal Contract Tower,17,37,9,0,63,0,5,44,0,49,17,42,53,0,112,8,0,8,120
08/14/2012,EYW,FL,ASO,ES,Federal Contract Tower,18,33,12,0,63,0,0,59,0,59,18,33,71,0,122,40,0,40,162
08/15/2012,EYW,FL,ASO,ES,Federal Contract Tower,17,36,14,0,67,0,0,75,0,75,17,36,89,0,142,8,0,8,150
08/16/2012,EYW,FL,ASO,ES,Federal Contract Tower,18,31,29,2,80,0,1,47,0,48,18,32,76,2,128,6,0,6,134
08/17/2012,EYW,FL,ASO,ES,Federal Contract Tower,17,40,17,0,74,0,3,73,0,76,17,43,90,0,150,2,0,2,152
08/18/2012,EYW,FL,ASO,ES,Federal Contract Tower,15,42,25,0,82,0,0,65,0,65,15,42,90,0,147,18,0,18,165
08/19/2012,EYW,FL,ASO,ES,Federal Contract Tower,20,39,22,0,81,0,3,74,0,77,20,42,96,0,158,74,0,74,232
08/20/2012,EYW,FL,ASO,ES,Federal Contract Tower,16,28,18,0,62,0,4,42,2,48,16,32,60,2,110,15,0,15,125
08/21/2012,EYW,FL,ASO,ES,Federal Contract Tower,17,29,9,0,55,0,0,36,0,36,17,29,45,0,91,0,0,0,91
08/22/2012,EYW,FL,ASO,ES,Federal Contract Tower,18,25,19,0,62,0,0,46,0,46,18,25,65,0,108,8,0,8,116
08/23/2012,EYW,FL,ASO,ES,Federal Contract Tower,18,26,17,0,61,0,2,51,0,53,18,28,68,0,114,46,0,46,160
08/24/2012,EYW,FL,ASO,ES,Federal Contract Tower,17,34,14,0,65,0,2,25,0,27,17,36,39,0,92,0,0,0,92
08/25/2012,EYW,FL,ASO,ES,Federal Contract Tower,21,32,14,1,68,0,0,4,0,4,21,32,18,1,72,0,0,0,72
08/26/2012,EYW,FL,ASO,ES,Federal Contract Tower,19,37,25,0,81,0,6,70,1,77,19,43,95,1,158,48,0,48,206
08/27/2012,EYW,FL,ASO,ES,Federal Contract Tower,4,0,1,0,5,0,0,2,0,2,4,0,3,0,7,0,0,0,7
08/28/2012,EYW,FL,ASO,ES,Federal Contract Tower,16,24,9,0,49,0,0,13,0,13,16,24,22,0,62,2,0,2,64
08/29/2012,EYW,FL,ASO,ES,Federal Contract Tower,17,26,14,0,57,0,0,33,0,33,17,26,47,0,90,8,0,8,98
08/30/2012,EYW,FL,ASO,ES,Federal Contract Tower,18,23,7,0,48,0,2,54,0,56,18,25,61,0,104,42,0,42,146
08/31/2012,EYW,FL,ASO,ES,Federal Contract Tower,17,28,36,3,84,0,8,57,0,65,17,36,93,3,149,18,0,18,167
09/01/2012,EYW,FL,ASO,ES,Federal Contract Tower,15,39,11,0,65,0,5,31,0,36,15,44,42,0,101,34,0,34,135
09/02/2012,EYW,FL,ASO,ES,Federal Contract Tower,19,31,21,1,72,0,6,78,5,89,19,37,99,6,161,26,0,26,187
09/03/2012,EYW,FL,ASO,ES,Federal Contract Tower,18,31,32,2,83,0,6,77,6,89,18,37,109,8,172,38,0,38,210
09/04/2012,EYW,FL,ASO,ES,Federal Contract Tower,17,28,16,2,63,0,0,37,0,37,17,28,53,2,100,6,0,6,106
09/05/2012,EYW,FL,ASO,ES,Federal Contract Tower,17,32,13,0,62,0,0,41,4,45,17,32,54,4,107,34,0,34,141
09/06/2012,EYW,FL,ASO,ES,Federal Contract Tower,18,30,26,2,76,0,4,49,0,53,18,34,75,2,129,30,0,30,159
09/07/2012,EYW,FL,ASO,ES,Federal Contract Tower,17,27,24,0,68,0,4,49,0,53,17,31,73,0,121,26,0,26,147
09/08/2012,EYW,FL,ASO,ES,Federal Contract Tower,16,35,25,0,76,0,2,65,3,70,16,37,90,3,146,24,0,24,170
09/09/2012,EYW,FL,ASO,ES,Federal Contract Tower,21,35,27,0,83,0,13,64,0,77,21,48,91,0,160,32,0,32,192
09/10/2012,EYW,FL,ASO,ES,Federal Contract Tower,17,25,16,0,58,0,2,32,8,42,17,27,48,8,100,12,0,12,112
09/11/2012,EYW,FL,ASO,ES,Federal Contract Tower,18,26,9,0,53,0,0,38,0,38,18,26,47,0,91,14,0,14,105
09/12/2012,EYW,FL,ASO,ES,Federal Contract Tower,18,32,22,0,72,0,0,38,6,44,18,32,60,6,116,16,0,16,132
09/13/2012,EYW,FL,ASO,ES,Federal Contract Tower,18,30,13,0,61,0,0,14,2,16,18,30,27,2,77,2,0,2,79
09/14/2012,EYW,FL,ASO,ES,Federal Contract Tower,18,23,23,0,64,0,1,65,0,66,18,24,88,0,130,44,0,44,174
09/15/2012,EYW,FL,ASO,ES,Federal Contract Tower,15,30,29,2,76,0,0,54,0,54,15,30,83,2,130,23,0,23,153
09/16/2012,EYW,FL,ASO,ES,Federal Contract Tower,18,33,15,0,66,0,0,55,0,55,18,33,70,0,121,48,0,48,169
09/17/2012,EYW,FL,ASO,ES,Federal Contract Tower,20,25,11,0,56,0,2,44,0,46,20,27,55,0,102,14,0,14,116
09/18/2012,EYW,FL,ASO,ES,Federal Contract Tower,17,29,14,0,60,0,0,50,0,50,17,29,64,0,110,10,0,10,120
09/19/2012,EYW,FL,ASO,ES,Federal Contract Tower,18,31,20,2,71,0,1,44,0,45,18,32,64,2,116,10,0,10,126
09/20/2012,EYW,FL,ASO,ES,Federal Contract Tower,18,25,16,1,60,0,1,55,2,58,18,26,71,3,118,34,0,34,152
09/21/2012,EYW,FL,ASO,ES,Federal Contract Tower,16,30,22,1,69,0,2,30,0,32,16,32,52,1,101,18,0,18,119
09/22/2012,EYW,FL,ASO,ES,Federal Contract Tower,17,34,23,0,74,0,0,37,0,37,17,34,60,0,111,4,0,4,115
09/23/2012,EYW,FL,ASO,ES,Federal Contract Tower,17,37,31,0,85,0,3,51,0,54,17,40,82,0,139,14,0,14,153
09/24/2012,EYW,FL,ASO,ES,Federal Contract Tower,21,28,20,0,69,0,1,45,0,46,21,29,65,0,115,12,0,12,127
09/25/2012,EYW,FL,ASO,ES,Federal Contract Tower,19,28,18,0,65,0,0,53,0,53,19,28,71,0,118,26,0,26,144
09/26/2012,EYW,FL,ASO,ES,Federal Contract Tower,19,26,22,1,68,0,0,30,0,30,19,26,52,1,98,8,0,8,106
09/27/2012,EYW,FL,ASO,ES,Federal Contract Tower,19,28,24,0,71,0,2,28,3,33,19,30,52,3,104,28,0,28,132
09/28/2012,EYW,FL,ASO,ES,Federal Contract Tower,17,25,19,1,62,0,0,44,0,44,17,25,63,1,106,6,0,6,112
09/29/2012,EYW,FL,ASO,ES,Federal Contract Tower,16,34,17,0,67,0,0,48,0,48,16,34,65,0,115,10,0,10,125
09/30/2012,EYW,FL,ASO,ES,Federal Contract Tower,19,36,37,0,92,0,3,94,0,97,19,39,131,0,189,68,0,68,257
10/01/2012,EYW,FL,ASO,ES,Federal Contract Tower,17,30,10,0,57,0,3,21,0,24,17,33,31,0,81,12,0,12,93
10/02/2012,EYW,FL,ASO,ES,Federal Contract Tower,16,21,6,0,43,0,0,22,0,22,16,21,28,0,65,0,0,0,65
10/03/2012,EYW,FL,ASO,ES,Federal Contract Tower,18,23,11,4,56,0,0,55,4,59,18,23,66,8,115,20,0,20,135
10/04/2012,EYW,FL,ASO,ES,Federal Contract Tower,17,27,17,0,61,0,2,61,0,63,17,29,78,0,124,6,0,6,130
10/05/2012,EYW,FL,ASO,ES,Federal Contract Tower,18,24,11,1,54,0,0,65,2,67,18,24,76,3,121,0,0,0,121
10/06/2012,EYW,FL,ASO,ES,Federal Contract Tower,15,26,16,0,57,0,0,47,0,47,15,26,63,0,104,8,0,8,112
10/07/2012,EYW,FL,ASO,ES,Federal Contract Tower,16,25,25,0,66,1,2,53,0,56,17,27,78,0,122,10,0,10,132
10/08/2012,EYW,FL,ASO,ES,Federal Contract Tower,17,24,13,0,54,0,3,61,0,64,17,27,74,0,118,10,0,10,128
10/09/2012,EYW,FL,ASO,ES,Federal Contract Tower,18,23,13,0,54,0,0,51,0,51,18,23,64,0,105,24,0,24,129
10/10/2012,EYW,FL,ASO,ES,Federal Contract Tower,17,25,16,0,58,0,0,52,0,52,17,25,68,0,110,36,0,36,146
10/11/2012,EYW,FL,ASO,ES,Federal Contract Tower,17,25,12,0,54,0,2,68,0,70,17,27,80,0,124,18,0,18,142
10/12/2012,EYW,FL,ASO,ES,Federal Contract Tower,19,28,23,0,70,0,2,62,0,64,19,30,85,0,134,20,0,20,154
10/13/2012,EYW,FL,ASO,ES,Federal Contract Tower,15,26,21,0,62,0,0,47,0,47,15,26,68,0,109,10,0,10,119
10/14/2012,EYW,FL,ASO,ES,Federal Contract Tower,17,31,28,2,78,0,1,63,0,64,17,32,91,2,142,30,0,30,172
10/15/2012,EYW,FL,ASO,ES,Federal Contract Tower,17,24,15,0,56,0,4,61,0,65,17,28,76,0,121,22,0,22,143
10/16/2012,EYW,FL,ASO,ES,Federal Contract Tower,18,18,25,0,61,0,0,43,0,43,18,18,68,0,104,28,0,28,132
10/17/2012,EYW,FL,ASO,ES,Federal Contract Tower,19,24,20,1,64,0,0,33,0,33,19,24,53,1,97,16,0,16,113
10/18/2012,EYW,FL,ASO,ES,Federal Contract Tower,16,29,20,4,69,0,2,55,0,57,16,31,75,4,126,12,0,12,138
10/19/2012,EYW,FL,ASO,ES,Federal Contract Tower,19,31,32,0,82,0,5,75,0,80,19,36,107,0,162,58,0,58,220
10/20/2012,EYW,FL,ASO,ES,Federal Contract Tower,14,29,26,0,69,0,4,77,0,81,14,33,103,0,150,22,0,22,172
10/21/2012,EYW,FL,ASO,ES,Federal Contract Tower,20,29,45,0,94,0,4,83,0,87,20,33,128,0,181,18,0,18,199
10/22/2012,EYW,FL,ASO,ES,Federal Contract Tower,19,23,23,3,68,0,14,53,0,67,19,37,76,3,135,8,0,8,143
10/23/2012,EYW,FL,ASO,ES,Federal Contract Tower,21,25,28,1,75,0,0,64,2,66,21,25,92,3,141,2,0,2,143
10/24/2012,EYW,FL,ASO,ES,Federal Contract Tower,21,31,45,0,97,0,1,65,3,69,21,32,110,3,166,0,0,0,166
10/25/2012,EYW,FL,ASO,ES,Federal Contract Tower,20,35,41,2,98,0,1,19,2,22,20,36,60,4,120,0,0,0,120
10/26/2012,EYW,FL,ASO,ES,Federal Contract Tower,20,30,20,0,70,0,5,22,0,27,20,35,42,0,97,0,0,0,97
10/27/2012,EYW,FL,ASO,ES,Federal Contract Tower,18,27,25,0,70,0,2,40,0,42,18,29,65,0,112,4,0,4,116
10/28/2012,EYW,FL,ASO,ES,Federal Contract Tower,24,42,66,0,132,0,13,86,1,100,24,55,152,1,232,0,0,0,232
10/29/2012,EYW,FL,ASO,ES,Federal Contract Tower,23,29,24,0,76,0,13,33,0,46,23,42,57,0,122,4,0,4,126
10/30/2012,EYW,FL,ASO,ES,Federal Contract Tower,20,27,27,0,74,0,0,40,0,40,20,27,67,0,114,4,0,4,118
10/31/2012,EYW,FL,ASO,ES,Federal Contract Tower,20,23,22,1,66,0,0,56,0,56,20,23,78,1,122,60,0,60,182
11/01/2012,EYW,FL,ASO,ES,Federal Contract Tower,19,34,35,0,88,0,3,61,0,64,19,37,96,0,152,32,0,32,184
11/02/2012,EYW,FL,ASO,ES,Federal Contract Tower,18,29,26,0,73,1,6,72,4,83,19,35,98,4,156,38,0,38,194
11/03/2012,EYW,FL,ASO,ES,Federal Contract Tower,19,25,19,0,63,0,3,79,0,82,19,28,98,0,145,36,0,36,181
11/04/2012,EYW,FL,ASO,ES,Federal Contract Tower,19,36,44,0,99,0,3,76,0,79,19,39,120,0,178,26,0,26,204
11/05/2012,EYW,FL,ASO,ES,Federal Contract Tower,18,29,29,0,76,0,8,65,0,73,18,37,94,0,149,22,0,22,171
11/06/2012,EYW,FL,ASO,ES,Federal Contract Tower,19,29,16,0,64,0,0,45,0,45,19,29,61,0,109,14,0,14,123
11/07/2012,EYW,FL,ASO,ES,Federal Contract Tower,17,24,29,0,70,0,0,68,0,68,17,24,97,0,138,18,0,18,156
11/08/2012,EYW,FL,ASO,ES,Federal Contract Tower,17,32,40,0,89,0,2,60,0,62,17,34,100,0,151,20,0,20,171
11/09/2012,EYW,FL,ASO,ES,Federal Contract Tower,20,30,31,0,81,0,5,82,0,87,20,35,113,0,168,36,0,36,204
11/10/2012,EYW,FL,ASO,ES,Federal Contract Tower,20,32,19,0,71,0,3,116,0,119,20,35,135,0,190,18,0,18,208
11/11/2012,EYW,FL,ASO,ES,Federal Contract Tower,22,35,47,0,104,0,4,126,0,130,22,39,173,0,234,24,0,24,258
11/12/2012,EYW,FL,ASO,ES,Federal Contract Tower,19,40,34,0,93,0,9,75,2,86,19,49,109,2,179,30,4,34,213
11/13/2012,EYW,FL,ASO,ES,Federal Contract Tower,19,24,15,0,58,0,0,51,0,51,19,24,66,0,109,4,0,4,113
11/14/2012,EYW,FL,ASO,ES,Federal Contract Tower,17,24,22,0,63,0,0,48,0,48,17,24,70,0,111,16,0,16,127
11/15/2012,EYW,FL,ASO,ES,Federal Contract Tower,22,26,28,0,76,0,1,69,0,70,22,27,97,0,146,28,0,28,174
11/16/2012,EYW,FL,ASO,ES,Federal Contract Tower,22,37,42,0,101,0,2,42,0,44,22,39,84,0,145,12,0,12,157
11/17/2012,EYW,FL,ASO,ES,Federal Contract Tower,24,32,30,0,86,0,2,56,0,58,24,34,86,0,144,12,0,12,156
11/18/2012,EYW,FL,ASO,ES,Federal Contract Tower,23,31,33,1,88,0,2,62,0,64,23,33,95,1,152,48,0,48,200
11/19/2012,EYW,FL,ASO,ES,Federal Contract Tower,22,27,35,0,84,0,4,62,0,66,22,31,97,0,150,20,0,20,170
11/20/2012,EYW,FL,ASO,ES,Federal Contract Tower,22,25,23,0,70,0,0,37,0,37,22,25,60,0,107,20,0,20,127
11/21/2012,EYW,FL,ASO,ES,Federal Contract Tower,24,27,40,0,91,0,2,61,0,63,24,29,101,0,154,6,0,6,160
11/22/2012,EYW,FL,ASO,ES,Federal Contract Tower,17,20,7,0,44,0,0,11,0,11,17,20,18,0,55,14,0,14,69
11/23/2012,EYW,FL,ASO,ES,Federal Contract Tower,22,30,44,0,96,0,4,106,0,110,22,34,150,0,206,18,0,18,224
11/24/2012,EYW,FL,ASO,ES,Federal Contract Tower,25,28,33,0,86,0,5,100,0,105,25,33,133,0,191,40,0,40,231
11/25/2012,EYW,FL,ASO,ES,Federal Contract Tower,22,35,50,0,107,0,4,107,0,111,22,39,157,0,218,36,0,36,254
11/26/2012,EYW,FL,ASO,ES,Federal Contract Tower,22,27,12,0,61,0,6,77,3,86,22,33,89,3,147,18,2,20,167
11/27/2012,EYW,FL,ASO,ES,Federal Contract Tower,21,30,20,0,71,0,2,39,0,41,21,32,59,0,112,24,0,24,136
11/28/2012,EYW,FL,ASO,ES,Federal Contract Tower,22,25,25,0,72,0,0,51,0,51,22,25,76,0,123,32,0,32,155
11/29/2012,EYW,FL,ASO,ES,Federal Contract Tower,23,23,27,0,73,0,3,70,2,75,23,26,97,2,148,16,0,16,164
11/30/2012,EYW,FL,ASO,ES,Federal Contract Tower,22,26,34,0,82,0,4,54,0,58,22,30,88,0,140,12,0,12,152
12/01/2012,EYW,FL,ASO,ES,Federal Contract Tower,23,29,26,0,78,0,3,52,0,55,23,32,78,0,133,4,0,4,137
12/02/2012,EYW,FL,ASO,ES,Federal Contract Tower,23,37,29,0,89,0,6,73,0,79,23,43,102,0,168,30,0,30,198
12/03/2012,EYW,FL,ASO,ES,Federal Contract Tower,23,23,19,0,65,0,5,51,0,56,23,28,70,0,121,24,0,24,145
12/04/2012,EYW,FL,ASO,ES,Federal Contract Tower,21,21,21,0,63,0,1,48,0,49,21,22,69,0,112,14,0,14,126
12/05/2012,EYW,FL,ASO,ES,Federal Contract Tower,22,27,46,4,99,0,2,37,0,39,22,29,83,4,138,32,0,32,170
12/06/2012,EYW,FL,ASO,ES,Federal Contract Tower,22,24,22,4,72,0,2,46,0,48,22,26,68,4,120,24,0,24,144
12/07/2012,EYW,FL,ASO,ES,Federal Contract Tower,23,29,38,0,90,0,17,47,0,64,23,46,85,0,154,56,0,56,210
12/08/2012,EYW,FL,ASO,ES,Federal Contract Tower,23,25,21,0,69,0,3,44,0,47,23,28,65,0,116,18,0,18,134
12/09/2012,EYW,FL,ASO,ES,Federal Contract Tower,24,26,50,0,100,0,3,74,0,77,24,29,124,0,177,54,0,54,231
12/10/2012,EYW,FL,ASO,ES,Federal Contract Tower,22,25,28,0,75,0,3,40,0,43,22,28,68,0,118,30,0,30,148
12/11/2012,EYW,FL,ASO,ES,Federal Contract Tower,22,25,11,2,60,0,0,45,0,45,22,25,56,2,105,18,0,18,123
12/12/2012,EYW,FL,ASO,ES,Federal Contract Tower,23,24,21,0,68,0,0,39,0,39,23,24,60,0,107,18,0,18,125
12/13/2012,EYW,FL,ASO,ES,Federal Contract Tower,22,26,14,2,64,0,0,16,1,17,22,26,30,3,81,2,0,2,83
12/14/2012,EYW,FL,ASO,ES,Federal Contract Tower,22,29,29,0,80,0,1,23,0,24,22,30,52,0,104,4,0,4,108
12/15/2012,EYW,FL,ASO,ES,Federal Contract Tower,27,33,28,3,91,0,1,75,0,76,27,34,103,3,167,30,0,30,197
12/16/2012,EYW,FL,ASO,ES,Federal Contract Tower,27,32,35,0,94,0,4,76,2,82,27,36,111,2,176,72,0,72,248
12/17/2012,EYW,FL,ASO,ES,Federal Contract Tower,25,20,27,0,72,0,1,58,0,59,25,21,85,0,131,12,0,12,143
12/18/2012,EYW,FL,ASO,ES,Federal Contract Tower,25,26,13,0,64,0,2,48,0,50,25,28,61,0,114,44,0,44,158
12/19/2012,EYW,FL,ASO,ES,Federal Contract Tower,27,25,16,0,68,0,0,87,1,88,27,25,103,1,156,72,0,72,228
12/20/2012,EYW,FL,ASO,ES,Federal Contract Tower,28,31,21,3,83,0,1,70,0,71,28,32,91,3,154,42,6,48,202
12/21/2012,EYW,FL,ASO,ES,Federal Contract Tower,28,29,19,0,76,0,2,34,0,36,28,31,53,0,112,16,0,16,128
12/22/2012,EYW,FL,ASO,ES,Federal Contract Tower,32,34,24,1,91,0,4,55,0,59,32,38,79,1,150,4,0,4,154
12/23/2012,EYW,FL,ASO,ES,Federal Contract Tower,30,23,19,2,74,0,4,90,0,94,30,27,109,2,168,54,0,54,222
12/24/2012,EYW,FL,ASO,ES,Federal Contract Tower,27,21,17,0,65,0,3,79,1,83,27,24,96,1,148,26,0,26,174
12/25/2012,EYW,FL,ASO,ES,Federal Contract Tower,25,19,8,0,52,0,0,23,2,25,25,19,31,2,77,0,0,0,77
12/26/2012,EYW,FL,ASO,ES,Federal Contract Tower,32,37,53,0,122,0,3,74,0,77,32,40,127,0,199,26,0,26,225
12/27/2012,EYW,FL,ASO,ES,Federal Contract Tower,32,30,57,1,120,0,2,117,1,120,32,32,174,2,240,8,0,8,248
12/28/2012,EYW,FL,ASO,ES,Federal Contract Tower,33,30,45,0,108,0,5,86,0,91,33,35,131,0,199,20,0,20,219
12/29/2012,EYW,FL,ASO,ES,Federal Contract Tower,33,30,66,0,129,0,0,98,0,98,33,30,164,0,227,34,0,34,261
12/30/2012,EYW,FL,ASO,ES,Federal Contract Tower,30,34,57,0,121,0,0,85,0,85,30,34,142,0,206,22,0,22,228
12/31/2012,EYW,FL,ASO,ES,Federal Contract Tower,33,25,30,0,88,0,0,115,0,115,33,25,145,0,203,30,0,30,233
01/01/2013,EYW,FL,ASO,ES,Federal Contract Tower,30,28,58,0,116,0,0,101,0,101,30,28,159,0,217,2,0,2,219
01/02/2013,EYW,FL,ASO,ES,Federal Contract Tower,32,35,61,0,128,0,0,122,1,123,32,35,183,1,251,16,0,16,267
01/03/2013,EYW,FL,ASO,ES,Federal Contract Tower,30,36,38,0,104,0,0,90,0,90,30,36,128,0,194,28,2,30,224
01/04/2013,EYW,FL,ASO,ES,Federal Contract Tower,36,40,42,0,118,0,3,46,0,49,36,43,88,0,167,30,0,30,197
01/05/2013,EYW,FL,ASO,ES,Federal Contract Tower,39,38,36,0,113,0,2,19,0,21,39,40,55,0,134,4,0,4,138
01/06/2013,EYW,FL,ASO,ES,Federal Contract Tower,30,33,42,0,105,0,1,82,0,83,30,34,124,0,188,16,0,16,204
01/07/2013,EYW,FL,ASO,ES,Federal Contract Tower,25,29,27,1,82,0,1,71,0,72,25,30,98,1,154,44,0,44,198
01/08/2013,EYW,FL,ASO,ES,Federal Contract Tower,24,34,25,0,83,0,0,58,0,58,24,34,83,0,141,20,0,20,161
01/09/2013,EYW,FL,ASO,ES,Federal Contract Tower,26,29,21,0,76,0,4,51,0,55,26,33,72,0,131,42,0,42,173
01/10/2013,EYW,FL,ASO,ES,Federal Contract Tower,26,24,27,0,77,0,0,53,0,53,26,24,80,0,130,18,0,18,148
01/11/2013,EYW,FL,ASO,ES,Federal Contract Tower,26,35,44,0,105,0,4,70,0,74,26,39,114,0,179,16,0,16,195
01/12/2013,EYW,FL,ASO,ES,Federal Contract Tower,32,28,36,2,98,0,4,92,0,96,32,32,128,2,194,40,0,40,234
01/13/2013,EYW,FL,ASO,ES,Federal Contract Tower,28,31,35,0,94,0,4,72,0,76,28,35,107,0,170,26,0,26,196
01/14/2013,EYW,FL,ASO,ES,Federal Contract Tower,26,27,19,1,73,0,2,76,0,78,26,29,95,1,151,26,0,26,177
01/15/2013,EYW,FL,ASO,ES,Federal Contract Tower,24,22,23,0,69,0,0,61,3,64,24,22,84,3,133,8,0,8,141
01/16/2013,EYW,FL,ASO,ES,Federal Contract Tower,27,24,32,1,84,0,1,58,3,62,27,25,90,4,146,28,0,28,174
01/17/2013,EYW,FL,ASO,ES,Federal Contract Tower,24,27,36,0,87,0,0,33,0,33,24,27,69,0,120,24,0,24,144
01/18/2013,EYW,FL,ASO,ES,Federal Contract Tower,27,41,45,4,117,0,0,38,0,38,27,41,83,4,155,2,0,2,157
01/19/2013,EYW,FL,ASO,ES,Federal Contract Tower,31,30,32,0,93,0,1,47,0,48,31,31,79,0,141,16,0,16,157
01/20/2013,EYW,FL,ASO,ES,Federal Contract Tower,29,26,35,1,91,0,5,67,2,74,29,31,102,3,165,16,0,16,181
01/21/2013,EYW,FL,ASO,ES,Federal Contract Tower,26,30,56,8,120,0,1,77,0,78,26,31,133,8,198,24,0,24,222
01/22/2013,EYW,FL,ASO,ES,Federal Contract Tower,24,27,30,0,81,0,0,76,0,76,24,27,106,0,157,24,0,24,181
01/23/2013,EYW,FL,ASO,ES,Federal Contract Tower,26,29,39,2,96,0,0,65,0,65,26,29,104,2,161,8,0,8,169
01/24/2013,EYW,FL,ASO,ES,Federal Contract Tower,25,27,32,1,85,0,0,69,0,69,25,27,101,1,154,10,0,10,164
01/25/2013,EYW,FL,ASO,ES,Federal Contract Tower,26,33,49,0,108,0,2,77,4,83,26,35,126,4,191,30,0,30,221
01/26/2013,EYW,FL,ASO,ES,Federal Contract Tower,28,28,38,1,95,0,3,79,0,82,28,31,117,1,177,18,0,18,195
01/27/2013,EYW,FL,ASO,ES,Federal Contract Tower,28,29,28,1,86,0,3,60,0,63,28,32,88,1,149,2,0,2,151
01/28/2013,EYW,FL,ASO,ES,Federal Contract Tower,26,34,30,0,90,0,0,55,0,55,26,34,85,0,145,2,0,2,147
01/29/2013,EYW,FL,ASO,ES,Federal Contract Tower,24,26,24,4,78,0,0,64,0,64,24,26,88,4,142,38,0,38,180
01/30/2013,EYW,FL,ASO,ES,Federal Contract Tower,26,25,9,0,60,0,0,57,1,58,26,25,66,1,118,8,0,8,126
01/31/2013,EYW,FL,ASO,ES,Federal Contract Tower,24,27,39,0,90,0,0,14,0,14,24,27,53,0,104,0,0,0,104
02/01/2013,EYW,FL,ASO,ES,Federal Contract Tower,25,32,29,1,87,0,3,46,2,51,25,35,75,3,138,2,0,2,140
02/02/2013,EYW,FL,ASO,ES,Federal Contract Tower,30,39,34,1,104,0,3,98,0,101,30,42,132,1,205,14,0,14,219
02/03/2013,EYW,FL,ASO,ES,Federal Contract Tower,27,30,40,0,97,0,3,101,2,106,27,33,141,2,203,14,0,14,217
02/04/2013,EYW,FL,ASO,ES,Federal Contract Tower,25,26,35,1,87,0,3,81,0,84,25,29,116,1,171,26,0,26,197
02/05/2013,EYW,FL,ASO,ES,Federal Contract Tower,24,26,25,0,75,0,1,73,0,74,24,27,98,0,149,52,0,52,201
02/06/2013,EYW,FL,ASO,ES,Federal Contract Tower,26,32,30,0,88,0,0,55,0,55,26,32,85,0,143,8,0,8,151
02/07/2013,EYW,FL,ASO,ES,Federal Contract Tower,26,27,36,0,89,0,1,94,0,95,26,28,130,0,184,8,0,8,192
02/08/2013,EYW,FL,ASO,ES,Federal Contract Tower,26,33,51,0,110,0,4,85,0,89,26,37,136,0,199,86,0,86,285
02/09/2013,EYW,FL,ASO,ES,Federal Contract Tower,31,32,34,2,99,0,5,81,0,86,31,37,115,2,185,24,0,24,209
02/10/2013,EYW,FL,ASO,ES,Federal Contract Tower,28,33,53,0,114,0,4,104,0,108,28,37,157,0,222,18,0,18,240
02/11/2013,EYW,FL,ASO,ES,Federal Contract Tower,26,25,31,0,82,0,4,53,0,57,26,29,84,0,139,6,0,6,145
02/12/2013,EYW,FL,ASO,ES,Federal Contract Tower,24,29,35,0,88,0,0,83,0,83,24,29,118,0,171,34,0,34,205
02/13/2013,EYW,FL,ASO,ES,Federal Contract Tower,27,29,42,2,100,0,0,89,0,89,27,29,131,2,189,82,0,82,271
02/14/2013,EYW,FL,ASO,ES,Federal Contract Tower,25,29,43,0,97,0,0,71,0,71,25,29,114,0,168,30,0,30,198
02/15/2013,EYW,FL,ASO,ES,Federal Contract Tower,24,36,53,0,113,0,0,21,0,21,24,36,74,0,134,8,0,8,142
02/16/2013,EYW,FL,ASO,ES,Federal Contract Tower,32,32,33,0,97,0,3,53,0,56,32,35,86,0,153,6,0,6,159
02/17/2013,EYW,FL,ASO,ES,Federal Contract Tower,30,31,39,0,100,0,3,51,0,54,30,34,90,0,154,24,0,24,178
02/18/2013,EYW,FL,ASO,ES,Federal Contract Tower,28,28,36,0,92,0,4,90,0,94,28,32,126,0,186,38,0,38,224
02/19/2013,EYW,FL,ASO,ES,Federal Contract Tower,23,25,29,0,77,0,0,63,0,63,23,25,92,0,140,6,0,6,146
02/20/2013,EYW,FL,ASO,ES,Federal Contract Tower,25,27,30,0,82,0,0,75,0,75,25,27,105,0,157,50,0,50,207
02/21/2013,EYW,FL,ASO,ES,Federal Contract Tower,27,30,32,0,89,0,3,91,0,94,27,33,123,0,183,66,0,66,249
02/22/2013,EYW,FL,ASO,ES,Federal Contract Tower,26,33,48,0,107,0,5,82,0,87,26,38,130,0,194,46,0,46,240
02/23/2013,EYW,FL,ASO,ES,Federal Contract Tower,27,31,37,0,95,0,4,93,0,97,27,35,130,0,192,8,0,8,200
02/24/2013,EYW,FL,ASO,ES,Federal Contract Tower,26,31,38,0,95,0,2,113,0,115,26,33,151,0,210,60,0,60,270
02/25/2013,EYW,FL,ASO,ES,Federal Contract Tower,26,26,34,0,86,0,1,68,0,69,26,27,102,0,155,66,0,66,221
02/26/2013,EYW,FL,ASO,ES,Federal Contract Tower,24,24,25,0,73,0,3,45,0,48,24,27,70,0,121,20,0,20,141
02/27/2013,EYW,FL,ASO,ES,Federal Contract Tower,25,23,56,0,104,0,0,26,0,26,25,23,82,0,130,6,0,6,136
02/28/2013,EYW,FL,ASO,ES,Federal Contract Tower,24,27,40,0,91,0,1,64,0,65,24,28,104,0,156,24,52,76,232
03/01/2013,EYW,FL,ASO,ES,Federal Contract Tower,26,40,44,2,112,0,1,50,2,53,26,41,94,4,165,18,38,56,221
03/02/2013,EYW,FL,ASO,ES,Federal Contract Tower,33,30,34,0,97,0,2,37,0,39,33,32,71,0,136,8,40,48,184
03/03/2013,EYW,FL,ASO,ES,Federal Contract Tower,27,37,34,0,98,0,1,47,0,48,27,38,81,0,146,0,0,0,146
03/04/2013,EYW,FL,ASO,ES,Federal Contract Tower,26,26,14,1,67,0,2,55,4,61,26,28,69,5,128,10,18,28,156
03/05/2013,EYW,FL,ASO,ES,Federal Contract Tower,26,25,23,0,74,0,0,72,0,72,26,25,95,0,146,42,20,62,208
03/06/2013,EYW,FL,ASO,ES,Federal Contract Tower,27,32,33,0,92,0,3,58,0,61,27,35,91,0,153,24,12,36,189
03/07/2013,EYW,FL,ASO,ES,Federal Contract Tower,27,29,40,6,102,0,1,88,0,89,27,30,128,6,191,2,0,2,193
03/08/2013,EYW,FL,ASO,ES,Federal Contract Tower,26,33,56,0,115,0,4,97,0,101,26,37,153,0,216,60,0,60,276
03/09/2013,EYW,FL,ASO,ES,Federal Contract Tower,37,38,43,3,121,0,4,79,0,83,37,42,122,3,204,32,0,32,236
03/10/2013,EYW,FL,ASO,ES,Federal Contract Tower,30,34,56,8,128,0,6,68,0,74,30,40,124,8,202,8,0,8,210
03/11/2013,EYW,FL,ASO,ES,Federal Contract Tower,28,36,28,0,92,0,2,80,0,82,28,38,108,0,174,22,0,22,196
03/12/2013,EYW,FL,ASO,ES,Federal Contract Tower,27,22,32,0,81,0,4,52,0,56,27,26,84,0,137,10,0,10,147
03/13/2013,EYW,FL,ASO,ES,Federal Contract Tower,29,26,34,2,91,0,0,43,0,43,29,26,77,2,134,4,0,4,138
03/14/2013,EYW,FL,ASO,ES,Federal Contract Tower,27,37,44,2,110,0,1,50,0,51,27,38,94,2,161,0,0,0,161
03/15/2013,EYW,FL,ASO,ES,Federal Contract Tower,27,39,45,0,111,0,0,5,105,110,27,39,50,105,221,26,0,26,247
03/16/2013,EYW,FL,ASO,ES,Federal Contract Tower,38,37,57,0,132,0,4,99,2,105,38,41,156,2,237,36,0,36,273
03/17/2013,EYW,FL,ASO,ES,Federal Contract Tower,30,28,63,2,123,0,3,93,0,96,30,31,156,2,219,24,0,24,243
03/18/2013,EYW,FL,ASO,ES,Federal Contract Tower,29,30,14,0,73,0,1,64,0,65,29,31,78,0,138,14,0,14,152
03/19/2013,EYW,FL,ASO,ES,Federal Contract Tower,27,23,14,0,64,0,0,32,0,32,27,23,46,0,96,16,0,16,112
03/20/2013,EYW,FL,ASO,ES,Federal Contract Tower,28,27,23,3,81,0,4,78,0,82,28,31,101,3,163,18,0,18,181
03/21/2013,EYW,FL,ASO,ES,Federal Contract Tower,28,30,31,1,90,0,0,72,0,72,28,30,103,1,162,26,0,26,188
03/22/2013,EYW,FL,ASO,ES,Federal Contract Tower,28,36,44,0,108,0,8,86,0,94,28,44,130,0,202,6,0,6,208
03/23/2013,EYW,FL,ASO,ES,Federal Contract Tower,36,37,23,1,97,0,27,38,0,65,36,64,61,1,162,0,0,0,162
03/24/2013,EYW,FL,ASO,ES,Federal Contract Tower,29,39,41,0,109,0,11,16,31,58,29,50,57,31,167,10,0,10,177
03/25/2013,EYW,FL,ASO,ES,Federal Contract Tower,28,27,28,0,83,0,12,29,0,41,28,39,57,0,124,2,0,2,126
03/26/2013,EYW,FL,ASO,ES,Federal Contract Tower,27,26,19,0,72,0,6,29,1,36,27,32,48,1,108,2,0,2,110
03/27/2013,EYW,FL,ASO,ES,Federal Contract Tower,27,29,34,0,90,0,18,66,0,84,27,47,100,0,174,2,0,2,176
03/28/2013,EYW,FL,ASO,ES,Federal Contract Tower,27,26,45,1,99,0,19,66,1,86,27,45,111,2,185,4,0,4,189
03/29/2013,EYW,FL,ASO,ES,Federal Contract Tower,29,39,70,0,138,0,25,99,0,124,29,64,169,0,262,18,0,18,280
03/30/2013,EYW,FL,ASO,ES,Federal Contract Tower,36,32,38,0,106,0,17,131,0,148,36,49,169,0,254,28,0,28,282
03/31/2013,EYW,FL,ASO,ES,Federal Contract Tower,30,38,44,0,112,0,21,55,0,76,30,59,99,0,188,28,0,28,216
04/01/2013,EYW,FL,ASO,ES,Federal Contract Tower,28,27,30,1,86,0,19,68,0,87,28,46,98,1,173,28,0,28,201
04/02/2013,EYW,FL,ASO,ES,Federal Contract Tower,27,28,28,1,84,0,18,65,0,83,27,46,93,1,167,10,0,10,177
04/03/2013,EYW,FL,ASO,ES,Federal Contract Tower,27,30,34,0,91,0,16,65,0,81,27,46,99,0,172,22,0,22,194
04/04/2013,EYW,FL,ASO,ES,Federal Contract Tower,27,24,30,0,81,0,20,39,0,59,27,44,69,0,140,4,0,4,144
04/05/2013,EYW,FL,ASO,ES,Federal Contract Tower,32,36,37,0,105,0,2,8,0,10,32,38,45,0,115,0,0,0,115
04/06/2013,EYW,FL,ASO,ES,Federal Contract Tower,36,38,49,0,123,0,25,96,0,121,36,63,145,0,244,10,0,10,254
04/07/2013,EYW,FL,ASO,ES,Federal Contract Tower,31,26,59,0,116,0,18,104,0,122,31,44,163,0,238,28,0,28,266
04/08/2013,EYW,FL,ASO,ES,Federal Contract Tower,25,28,17,0,70,0,19,77,0,96,25,47,94,0,166,28,0,28,194
04/09/2013,EYW,FL,ASO,ES,Federal Contract Tower,26,26,12,0,64,0,13,45,0,58,26,39,57,0,122,12,0,12,134
04/10/2013,EYW,FL,ASO,ES,Federal Contract Tower,24,29,30,0,83,0,9,73,0,82,24,38,103,0,165,4,0,4,169
04/11/2013,EYW,FL,ASO,ES,Federal Contract Tower,26,34,37,0,97,0,9,55,0,64,26,43,92,0,161,2,0,2,163
04/12/2013,EYW,FL,ASO,ES,Federal Contract Tower,25,32,40,0,97,0,18,69,0,87,25,50,109,0,184,24,0,24,208
04/13/2013,EYW,FL,ASO,ES,Federal Contract Tower,29,40,29,0,98,0,22,54,2,78,29,62,83,2,176,8,0,8,184
04/14/2013,EYW,FL,ASO,ES,Federal Contract Tower,27,40,45,0,112,0,20,72,0,92,27,60,117,0,204,14,0,14,218
04/15/2013,EYW,FL,ASO,ES,Federal Contract Tower,25,28,23,1,77,0,20,54,0,74,25,48,77,1,151,8,0,8,159
04/16/2013,EYW,FL,ASO,ES,Federal Contract Tower,23,22,29,0,74,0,16,42,0,58,23,38,71,0,132,12,0,12,144
04/17/2013,EYW,FL,ASO,ES,Federal Contract Tower,25,24,33,0,82,0,17,58,0,75,25,41,91,0,157,40,0,40,197
04/18/2013,EYW,FL,ASO,ES,Federal Contract Tower,24,26,26,0,76,0,24,64,0,88,24,50,90,0,164,18,0,18,182
04/19/2013,EYW,FL,ASO,ES,Federal Contract Tower,23,30,24,1,78,0,22,52,0,74,23,52,76,1,152,0,0,0,152
04/20/2013,EYW,FL,ASO,ES,Federal Contract Tower,30,38,30,0,98,0,20,47,0,67,30,58,77,0,165,22,0,22,187
04/21/2013,EYW,FL,ASO,ES,Federal Contract Tower,26,31,29,1,87,0,22,53,0,75,26,53,82,1,162,22,0,22,184
04/22/2013,EYW,FL,ASO,ES,Federal Contract Tower,25,25,10,0,60,0,19,29,0,48,25,44,39,0,108,22,0,22,130
04/23/2013,EYW,FL,ASO,ES,Federal Contract Tower,25,28,12,0,65,0,19,48,0,67,25,47,60,0,132,22,0,22,154
04/24/2013,EYW,FL,ASO,ES,Federal Contract Tower,25,34,13,0,72,0,24,66,0,90,25,58,79,0,162,42,0,42,204
04/25/2013,EYW,FL,ASO,ES,Federal Contract Tower,25,35,30,2,92,0,25,61,2,88,25,60,91,4,180,22,0,22,202
04/26/2013,EYW,FL,ASO,ES,Federal Contract Tower,25,36,35,0,96,0,30,81,0,111,25,66,116,0,207,30,0,30,237
04/27/2013,EYW,FL,ASO,ES,Federal Contract Tower,31,33,36,0,100,0,21,66,0,87,31,54,102,0,187,14,0,14,201
04/28/2013,EYW,FL,ASO,ES,Federal Contract Tower,27,39,40,0,106,0,24,73,0,97,27,63,113,0,203,52,0,52,255
04/29/2013,EYW,FL,ASO,ES,Federal Contract Tower,24,28,12,0,64,0,12,17,0,29,24,40,29,0,93,6,0,6,99
04/30/2013,EYW,FL,ASO,ES,Federal Contract Tower,25,28,12,0,65,0,13,43,0,56,25,41,55,0,121,24,0,24,145
05/01/2013,EYW,FL,ASO,ES,Federal Contract Tower,27,21,23,0,71,0,2,22,0,24,27,23,45,0,95,12,0,12,107
05/02/2013,EYW,FL,ASO,ES,Federal Contract Tower,15,22,27,0,64,0,11,9,0,20,15,33,36,0,84,0,0,0,84
05/03/2013,EYW,FL,ASO,ES,Federal Contract Tower,28,29,24,0,81,0,16,29,0,45,28,45,53,0,126,32,0,32,158
05/04/2013,EYW,FL,ASO,ES,Federal Contract Tower,33,35,17,0,85,0,29,47,0,76,33,64,64,0,161,26,0,26,187
05/05/2013,EYW,FL,ASO,ES,Federal Contract Tower,22,37,34,0,93,0,14,59,0,73,22,51,93,0,166,12,0,12,178
05/06/2013,EYW,FL,ASO,ES,Federal Contract Tower,22,27,21,1,71,0,30,52,1,83,22,57,73,2,154,22,0,22,176
05/07/2013,EYW,FL,ASO,ES,Federal Contract Tower,22,26,23,0,71,0,17,53,0,70,22,43,76,0,141,18,0,18,159
05/08/2013,EYW,FL,ASO,ES,Federal Contract Tower,22,27,24,0,73,0,24,55,0,79,22,51,79,0,152,18,0,18,170
05/09/2013,EYW,FL,ASO,ES,Federal Contract Tower,22,32,24,0,78,0,22,53,0,75,22,54,77,0,153,30,0,30,183
05/10/2013,EYW,FL,ASO,ES,Federal Contract Tower,22,34,26,2,84,0,28,56,0,84,22,62,82,2,168,4,0,4,172
05/11/2013,EYW,FL,ASO,ES,Federal Contract Tower,24,30,33,0,87,0,15,82,0,97,24,45,115,0,184,24,0,24,208
05/12/2013,EYW,FL,ASO,ES,Federal Contract Tower,22,29,34,0,85,0,22,56,0,78,22,51,90,0,163,12,0,12,175
05/13/2013,EYW,FL,ASO,ES,Federal Contract Tower,22,24,29,0,75,0,17,39,0,56,22,41,68,0,131,26,0,26,157
05/14/2013,EYW,FL,ASO,ES,Federal Contract Tower,22,25,26,0,73,0,15,42,2,59,22,40,68,2,132,32,0,32,164
05/15/2013,EYW,FL,ASO,ES,Federal Contract Tower,22,29,11,0,62,0,13,37,0,50,22,42,48,0,112,12,0,12,124
05/16/2013,EYW,FL,ASO,ES,Federal Contract Tower,22,30,29,0,81,0,26,50,0,76,22,56,79,0,157,24,0,24,181
05/17/2013,EYW,FL,ASO,ES,Federal Contract Tower,22,29,36,2,89,0,27,56,0,83,22,56,92,2,172,0,0,0,172
05/18/2013,EYW,FL,ASO,ES,Federal Contract Tower,24,34,25,0,83,0,16,69,0,85,24,50,94,0,168,20,0,20,188
05/19/2013,EYW,FL,ASO,ES,Federal Contract Tower,21,35,45,0,101,0,20,76,0,96,21,55,121,0,197,20,0,20,217
05/20/2013,EYW,FL,ASO,ES,Federal Contract Tower,23,27,25,0,75,0,22,33,0,55,23,49,58,0,130,16,2,18,148
05/21/2013,EYW,FL,ASO,ES,Federal Contract Tower,22,25,13,0,60,0,7,23,0,30,22,32,36,0,90,2,0,2,92
05/22/2013,EYW,FL,ASO,ES,Federal Contract Tower,21,28,18,0,67,0,1,44,0,45,21,29,62,0,112,4,0,4,116
05/23/2013,EYW,FL,ASO,ES,Federal Contract Tower,22,24,24,2,72,0,20,64,0,84,22,44,88,2,156,20,0,20,176
05/24/2013,EYW,FL,ASO,ES,Federal Contract Tower,22,36,41,1,100,0,20,108,0,128,22,56,149,1,228,14,0,14,242
05/25/2013,EYW,FL,ASO,ES,Federal Contract Tower,24,32,35,1,92,0,13,74,0,87,24,45,109,1,179,6,0,6,185
05/26/2013,EYW,FL,ASO,ES,Federal Contract Tower,22,29,21,0,72,0,16,57,0,73,22,45,78,0,145,12,0,12,157
05/27/2013,EYW,FL,ASO,ES,Federal Contract Tower,24,31,31,1,87,0,14,64,0,78,24,45,95,1,165,6,0,6,171
05/28/2013,EYW,FL,ASO,ES,Federal Contract Tower,23,22,15,1,61,0,7,13,0,20,23,29,28,1,81,0,0,0,81
05/29/2013,EYW,FL,ASO,ES,Federal Contract Tower,23,21,6,0,50,0,0,6,0,6,23,21,12,0,56,4,0,4,60
05/30/2013,EYW,FL,ASO,ES,Federal Contract Tower,22,30,21,0,73,0,13,57,0,70,22,43,78,0,143,60,0,60,203
05/31/2013,EYW,FL,ASO,ES,Federal Contract Tower,24,37,25,0,86,0,9,25,0,34,24,46,50,0,120,46,0,46,166
06/01/2013,EYW,FL,ASO,ES,Federal Contract Tower,24,31,19,0,74,0,10,38,0,48,24,41,57,0,122,34,0,34,156
06/02/2013,EYW,FL,ASO,ES,Federal Contract Tower,21,29,41,0,91,0,12,19,0,31,21,41,60,0,122,0,0,0,122
06/03/2013,EYW,FL,ASO,ES,Federal Contract Tower,17,27,10,0,54,0,0,4,0,4,17,27,14,0,58,0,0,0,58
06/04/2013,EYW,FL,ASO,ES,Federal Contract Tower,24,30,13,0,67,0,3,0,3,6,24,33,13,3,73,0,0,0,73
06/05/2013,EYW,FL,ASO,ES,Federal Contract Tower,22,27,14,2,65,0,0,1,0,1,22,27,15,2,66,0,0,0,66
06/06/2013,EYW,FL,ASO,ES,Federal Contract Tower,21,23,21,0,65,0,5,18,1,24,21,28,39,1,89,2,0,2,91
06/07/2013,EYW,FL,ASO,ES,Federal Contract Tower,20,31,19,1,71,0,7,43,0,50,20,38,62,1,121,42,0,42,163
06/08/2013,EYW,FL,ASO,ES,Federal Contract Tower,25,27,11,0,63,0,6,48,0,54,25,33,59,0,117,92,0,92,209
06/09/2013,EYW,FL,ASO,ES,Federal Contract Tower,22,30,37,0,89,0,19,60,0,79,22,49,97,0,168,20,0,20,188
06/10/2013,EYW,FL,ASO,ES,Federal Contract Tower,22,26,15,0,63,0,15,46,0,61,22,41,61,0,124,48,0,48,172
06/11/2013,EYW,FL,ASO,ES,Federal Contract Tower,24,25,21,0,70,0,15,26,0,41,24,40,47,0,111,56,0,56,167
06/12/2013,EYW,FL,ASO,ES,Federal Contract Tower,22,26,15,0,63,0,11,33,2,46,22,37,48,2,109,24,0,24,133
06/13/2013,EYW,FL,ASO,ES,Federal Contract Tower,21,32,14,2,69,0,19,58,0,77,21,51,72,2,146,50,0,50,196
06/14/2013,EYW,FL,ASO,ES,Federal Contract Tower,21,25,27,0,73,0,21,65,0,86,21,46,92,0,159,60,0,60,219
06/15/2013,EYW,FL,ASO,ES,Federal Contract Tower,24,24,22,0,70,0,11,67,0,78,24,35,89,0,148,38,0,38,186
06/16/2013,EYW,FL,ASO,ES,Federal Contract Tower,22,32,25,0,79,0,15,64,0,79,22,47,89,0,158,24,0,24,182
06/17/2013,EYW,FL,ASO,ES,Federal Contract Tower,17,21,17,0,55,0,6,35,0,41,17,27,52,0,96,18,0,18,114
06/18/2013,EYW,FL,ASO,ES,Federal Contract Tower,21,20,14,0,55,0,16,33,0,49,21,36,47,0,104,28,0,28,132
06/19/2013,EYW,FL,ASO,ES,Federal Contract Tower,24,19,22,4,69,0,2,40,0,42,24,21,62,4,111,4,0,4,115
06/20/2013,EYW,FL,ASO,ES,Federal Contract Tower,22,26,30,4,82,0,15,50,0,65,22,41,80,4,147,10,0,10,157
06/21/2013,EYW,FL,ASO,ES,Federal Contract Tower,22,29,36,0,87,0,16,50,0,66,22,45,86,0,153,34,0,34,187
06/22/2013,EYW,FL,ASO,ES,Federal Contract Tower,25,25,28,0,78,0,17,53,0,70,25,42,81,0,148,22,0,22,170
06/23/2013,EYW,FL,ASO,ES,Federal Contract Tower,22,24,30,0,76,0,24,69,4,97,22,48,99,4,173,34,0,34,207
06/24/2013,EYW,FL,ASO,ES,Federal Contract Tower,21,25,15,0,61,0,19,22,2,43,21,44,37,2,104,26,0,26,130
06/25/2013,EYW,FL,ASO,ES,Federal Contract Tower,22,26,13,1,62,0,10,33,0,43,22,36,46,1,105,20,0,20,125
06/26/2013,EYW,FL,ASO,ES,Federal Contract Tower,22,25,11,0,58,0,7,21,0,28,22,32,32,0,86,0,0,0,86
06/27/2013,EYW,FL,ASO,ES,Federal Contract Tower,26,21,12,0,59,0,15,41,0,56,26,36,53,0,115,6,0,6,121
06/28/2013,EYW,FL,ASO,ES,Federal Contract Tower,26,27,17,0,70,0,14,63,0,77,26,41,80,0,147,62,0,62,209
06/29/2013,EYW,FL,ASO,ES,Federal Contract Tower,42,16,21,0,79,0,14,65,0,79,42,30,86,0,158,32,0,32,190
06/30/2013,EYW,FL,ASO,ES,Federal Contract Tower,38,13,30,0,81,0,7,46,0,53,38,20,76,0,134,0,0,0,134
07/01/2013,EYW,FL,ASO,ES,Federal Contract Tower,35,16,14,0,65,0,1,5,0,6,35,17,19,0,71,0,0,0,71
07/02/2013,EYW,FL,ASO,ES,Federal Contract Tower,31,10,4,2,47,0,7,20,0,27,31,17,24,2,74,12,4,16,90
07/03/2013,EYW,FL,ASO,ES,Federal Contract Tower,36,13,16,0,65,0,15,22,0,37,36,28,38,0,102,26,0,26,128
07/04/2013,EYW,FL,ASO,ES,Federal Contract Tower,32,7,22,0,61,0,21,27,0,48,32,28,49,0,109,10,0,10,119
07/05/2013,EYW,FL,ASO,ES,Federal Contract Tower,37,16,12,2,67,0,6,21,0,27,37,22,33,2,94,0,0,0,94
07/06/2013,EYW,FL,ASO,ES,Federal Contract Tower,43,11,19,0,73,0,17,33,0,50,43,28,52,0,123,14,0,14,137
07/07/2013,EYW,FL,ASO,ES,Federal Contract Tower,34,15,35,0,84,0,17,50,0,67,34,32,85,0,151,4,0,4,155
07/08/2013,EYW,FL,ASO,ES,Federal Contract Tower,35,15,22,0,72,0,12,32,0,44,35,27,54,0,116,32,0,32,148
07/09/2013,EYW,FL,ASO,ES,Federal Contract Tower,29,20,17,0,66,0,12,27,0,39,29,32,44,0,105,16,0,16,121
07/10/2013,EYW,FL,ASO,ES,Federal Contract Tower,34,19,20,0,73,0,9,26,0,35,34,28,46,0,108,40,0,40,148
07/11/2013,EYW,FL,ASO,ES,Federal Contract Tower,29,17,19,2,67,0,9,27,0,36,29,26,46,2,103,24,0,24,127
07/12/2013,EYW,FL,ASO,ES,Federal Contract Tower,35,17,15,0,67,0,17,52,0,69,35,34,67,0,136,38,0,38,174
07/13/2013,EYW,FL,ASO,ES,Federal Contract Tower,36,14,8,0,58,0,11,18,0,29,36,25,26,0,87,10,0,10,97
07/14/2013,EYW,FL,ASO,ES,Federal Contract Tower,34,15,18,0,67,0,6,27,0,33,34,21,45,0,100,26,0,26,126
07/15/2013,EYW,FL,ASO,ES,Federal Contract Tower,31,13,23,0,67,0,4,23,0,27,31,17,46,0,94,38,0,38,132
07/16/2013,EYW,FL,ASO,ES,Federal Contract Tower,27,13,7,0,47,0,11,11,0,22,27,24,18,0,69,4,0,4,73
07/17/2013,EYW,FL,ASO,ES,Federal Contract Tower,32,18,32,0,82,0,0,10,0,10,32,18,42,0,92,34,2,36,128
07/18/2013,EYW,FL,ASO,ES,Federal Contract Tower,33,23,28,2,86,0,6,20,0,26,33,29,48,2,112,22,0,22,134
07/19/2013,EYW,FL,ASO,ES,Federal Contract Tower,34,22,27,0,83,0,14,44,2,60,34,36,71,2,143,46,6,52,195
07/20/2013,EYW,FL,ASO,ES,Federal Contract Tower,42,18,27,2,89,0,15,61,0,76,42,33,88,2,165,36,0,36,201
07/21/2013,EYW,FL,ASO,ES,Federal Contract Tower,37,14,38,0,89,0,18,60,0,78,37,32,98,0,167,24,0,24,191
07/22/2013,EYW,FL,ASO,ES,Federal Contract Tower,34,18,20,0,72,0,21,33,2,56,34,39,53,2,128,22,0,22,150
07/23/2013,EYW,FL,ASO,ES,Federal Contract Tower,34,10,22,0,66,1,13,38,0,52,35,23,60,0,118,18,0,18,136
07/24/2013,EYW,FL,ASO,ES,Federal Contract Tower,34,15,16,2,67,0,11,33,1,45,34,26,49,3,112,12,0,12,124
07/25/2013,EYW,FL,ASO,ES,Federal Contract Tower,34,15,15,4,68,0,13,25,2,40,34,28,40,6,108,24,0,24,132
07/26/2013,EYW,FL,ASO,ES,Federal Contract Tower,32,25,29,1,87,0,11,37,1,49,32,36,66,2,136,50,0,50,186
07/27/2013,EYW,FL,ASO,ES,Federal Contract Tower,40,11,32,0,83,0,12,59,0,71,40,23,91,0,154,52,0,52,206
07/28/2013,EYW,FL,ASO,ES,Federal Contract Tower,37,10,24,1,72,0,20,51,0,71,37,30,75,1,143,12,0,12,155
07/29/2013,EYW,FL,ASO,ES,Federal Contract Tower,33,14,15,0,62,0,16,30,0,46,33,30,45,0,108,14,0,14,122
07/30/2013,EYW,FL,ASO,ES,Federal Contract Tower,35,13,13,0,61,0,16,26,4,46,35,29,39,4,107,28,4,32,139
07/31/2013,EYW,FL,ASO,ES,Federal Contract Tower,33,16,20,0,69,0,14,35,0,49,33,30,55,0,118,0,0,0,118
08/01/2013,EYW,FL,ASO,ES,Federal Contract Tower,34,13,20,2,69,0,14,38,0,52,34,27,58,2,121,4,0,4,125
08/02/2013,EYW,FL,ASO,ES,Federal Contract Tower,35,20,28,2,85,0,11,39,0,50,35,31,67,2,135,0,0,0,135
08/03/2013,EYW,FL,ASO,ES,Federal Contract Tower,43,16,27,0,86,0,19,39,0,58,43,35,66,0,144,8,0,8,152
08/04/2013,EYW,FL,ASO,ES,Federal Contract Tower,37,8,30,0,75,0,9,60,0,69,37,17,90,0,144,8,0,8,152
08/05/2013,EYW,FL,ASO,ES,Federal Contract Tower,34,13,18,3,68,0,16,45,1,62,34,29,63,4,130,10,0,10,140
08/06/2013,EYW,FL,ASO,ES,Federal Contract Tower,34,12,8,0,54,0,5,33,0,38,34,17,41,0,92,24,0,24,116
08/07/2013,EYW,FL,ASO,ES,Federal Contract Tower,34,22,19,0,75,0,16,40,2,58,34,38,59,2,133,4,0,4,137
08/08/2013,EYW,FL,ASO,ES,Federal Contract Tower,40,16,26,0,82,0,9,34,2,45,40,25,60,2,127,10,0,10,137
08/09/2013,EYW,FL,ASO,ES,Federal Contract Tower,36,19,27,0,82,0,4,35,0,39,36,23,62,0,121,4,0,4,125
08/10/2013,EYW,FL,ASO,ES,Federal Contract Tower,46,14,21,0,81,0,2,37,0,39,46,16,58,0,120,4,0,4,124
08/11/2013,EYW,FL,ASO,ES,Federal Contract Tower,36,15,32,1,84,0,17,81,4,102,36,32,113,5,186,0,0,0,186
08/12/2013,EYW,FL,ASO,ES,Federal Contract Tower,34,16,20,2,72,0,12,36,0,48,34,28,56,2,120,14,0,14,134
08/13/2013,EYW,FL,ASO,ES,Federal Contract Tower,34,19,8,0,61,0,15,54,0,69,34,34,62,0,130,12,0,12,142
08/14/2013,EYW,FL,ASO,ES,Federal Contract Tower,34,11,29,0,74,0,8,28,2,38,34,19,57,2,112,0,0,0,112
08/15/2013,EYW,FL,ASO,ES,Federal Contract Tower,35,19,21,0,75,0,13,41,0,54,35,32,62,0,129,20,0,20,149
08/16/2013,EYW,FL,ASO,ES,Federal Contract Tower,39,14,18,0,71,0,15,35,0,50,39,29,53,0,121,16,0,16,137
08/17/2013,EYW,FL,ASO,ES,Federal Contract Tower,43,11,18,0,72,0,14,42,0,56,43,25,60,0,128,2,0,2,130
08/18/2013,EYW,FL,ASO,ES,Federal Contract Tower,37,15,23,0,75,0,11,43,0,54,37,26,66,0,129,30,0,30,159
08/19/2013,EYW,FL,ASO,ES,Federal Contract Tower,27,13,24,2,66,2,11,25,0,38,29,24,49,2,104,0,0,0,104
08/20/2013,EYW,FL,ASO,ES,Federal Contract Tower,33,14,8,0,55,0,7,17,0,24,33,21,25,0,79,18,0,18,97
08/21/2013,EYW,FL,ASO,ES,Federal Contract Tower,36,13,23,0,72,0,6,24,2,32,36,19,47,2,104,4,0,4,108
08/22/2013,EYW,FL,ASO,ES,Federal Contract Tower,37,17,15,0,69,0,4,33,0,37,37,21,48,0,106,0,0,0,106
08/23/2013,EYW,FL,ASO,ES,Federal Contract Tower,35,24,31,0,90,0,21,66,2,89,35,45,97,2,179,32,0,32,211
08/24/2013,EYW,FL,ASO,ES,Federal Contract Tower,39,9,17,1,66,0,10,55,0,65,39,19,72,1,131,74,0,74,205
08/25/2013,EYW,FL,ASO,ES,Federal Contract Tower,37,16,18,2,73,0,17,65,0,82,37,33,83,2,155,16,0,16,171
08/26/2013,EYW,FL,ASO,ES,Federal Contract Tower,34,19,16,2,71,0,4,13,0,17,34,23,29,2,88,0,0,0,88
08/27/2013,EYW,FL,ASO,ES,Federal Contract Tower,31,14,6,1,52,0,2,17,0,19,31,16,23,1,71,2,0,2,73
08/28/2013,EYW,FL,ASO,ES,Federal Contract Tower,32,12,11,1,56,0,12,22,0,34,32,24,33,1,90,14,0,14,104
08/29/2013,EYW,FL,ASO,ES,Federal Contract Tower,31,16,11,1,59,0,18,41,0,59,31,34,52,1,118,34,0,34,152
08/30/2013,EYW,FL,ASO,ES,Federal Contract Tower,32,19,27,0,78,0,20,58,2,80,32,39,85,2,158,22,0,22,180
08/31/2013,EYW,FL,ASO,ES,Federal Contract Tower,30,14,24,0,68,0,15,53,3,71,30,29,77,3,139,8,0,8,147
09/01/2013,EYW,FL,ASO,ES,Federal Contract Tower,28,9,17,1,55,0,16,76,1,93,28,25,93,2,148,2,0,2,150
09/02/2013,EYW,FL,ASO,ES,Federal Contract Tower,31,9,35,0,75,0,21,54,4,79,31,30,89,4,154,8,0,8,162
09/03/2013,EYW,FL,ASO,ES,Federal Contract Tower,32,15,22,0,69,0,4,18,0,22,32,19,40,0,91,2,0,2,93
09/04/2013,EYW,FL,ASO,ES,Federal Contract Tower,28,12,10,0,50,0,13,32,0,45,28,25,42,0,95,2,0,2,97
09/05/2013,EYW,FL,ASO,ES,Federal Contract Tower,33,12,26,0,71,0,7,35,0,42,33,19,61,0,113,8,0,8,121
09/06/2013,EYW,FL,ASO,ES,Federal Contract Tower,30,17,16,0,63,0,14,35,0,49,30,31,51,0,112,20,6,26,138
09/07/2013,EYW,FL,ASO,ES,Federal Contract Tower,37,12,5,0,54,0,4,24,0,28,37,16,29,0,82,0,0,0,82
09/08/2013,EYW,FL,ASO,ES,Federal Contract Tower,35,11,11,0,57,0,10,38,0,48,35,21,49,0,105,16,0,16,121
09/09/2013,EYW,FL,ASO,ES,Federal Contract Tower,31,13,9,0,53,0,3,21,0,24,31,16,30,0,77,0,0,0,77
09/10/2013,EYW,FL,ASO,ES,Federal Contract Tower,31,14,8,0,53,0,17,16,0,33,31,31,24,0,86,14,0,14,100
09/11/2013,EYW,FL,ASO,ES,Federal Contract Tower,24,11,12,0,47,0,8,12,0,20,24,19,24,0,67,8,0,8,75
09/12/2013,EYW,FL,ASO,ES,Federal Contract Tower,32,18,10,0,60,0,6,32,0,38,32,24,42,0,98,16,0,16,114
09/13/2013,EYW,FL,ASO,ES,Federal Contract Tower,32,16,25,0,73,0,8,36,0,44,32,24,61,0,117,28,0,28,145
09/14/2013,EYW,FL,ASO,ES,Federal Contract Tower,34,9,20,0,63,0,6,59,0,65,34,15,79,0,128,14,0,14,142
09/15/2013,EYW,FL,ASO,ES,Federal Contract Tower,32,12,24,0,68,0,2,32,0,34,32,14,56,0,102,0,0,0,102
09/16/2013,EYW,FL,ASO,ES,Federal Contract Tower,35,13,2,0,50,0,0,5,0,5,35,13,7,0,55,0,0,0,55
09/17/2013,EYW,FL,ASO,ES,Federal Contract Tower,29,13,11,0,53,0,3,0,0,3,29,16,11,0,56,0,0,0,56
09/18/2013,EYW,FL,ASO,ES,Federal Contract Tower,28,16,15,0,59,0,3,20,0,23,28,19,35,0,82,16,0,16,98
09/19/2013,EYW,FL,ASO,ES,Federal Contract Tower,32,22,18,2,74,0,0,5,32,37,32,22,23,34,111,8,0,8,119
09/20/2013,EYW,FL,ASO,ES,Federal Contract Tower,32,22,14,0,68,0,14,24,0,38,32,36,38,0,106,12,0,12,118
09/21/2013,EYW,FL,ASO,ES,Federal Contract Tower,35,15,17,0,67,0,9,35,0,44,35,24,52,0,111,2,0,2,113
09/22/2013,EYW,FL,ASO,ES,Federal Contract Tower,33,14,17,0,64,0,9,41,0,50,33,23,58,0,114,8,0,8,122
09/23/2013,EYW,FL,ASO,ES,Federal Contract Tower,26,10,11,0,47,0,7,14,0,21,26,17,25,0,68,10,0,10,78
09/24/2013,EYW,FL,ASO,ES,Federal Contract Tower,29,11,10,0,50,0,7,10,0,17,29,18,20,0,67,18,0,18,85
09/25/2013,EYW,FL,ASO,ES,Federal Contract Tower,31,14,12,0,57,0,10,10,0,20,31,24,22,0,77,4,0,4,81
09/26/2013,EYW,FL,ASO,ES,Federal Contract Tower,31,18,22,0,71,0,18,49,0,67,31,36,71,0,138,28,0,28,166
09/27/2013,EYW,FL,ASO,ES,Federal Contract Tower,32,20,23,0,75,0,14,30,0,44,32,34,53,0,119,4,0,4,123
09/28/2013,EYW,FL,ASO,ES,Federal Contract Tower,33,9,28,0,70,0,1,46,0,47,33,10,74,0,117,20,0,20,137
09/29/2013,EYW,FL,ASO,ES,Federal Contract Tower,34,11,27,0,72,0,6,61,0,67,34,17,88,0,139,12,0,12,151
09/30/2013,EYW,FL,ASO,ES,Federal Contract Tower,31,11,15,1,58,0,14,37,0,51,31,25,52,1,109,8,0,8,117
10/01/2013,EYW,FL,ASO,ES,Federal Contract Tower,29,13,13,0,55,0,7,29,1,37,29,20,42,1,92,32,0,32,124
10/02/2013,EYW,FL,ASO,ES,Federal Contract Tower,31,12,5,2,50,0,11,21,2,34,31,23,26,4,84,4,2,6,90
10/03/2013,EYW,FL,ASO,ES,Federal Contract Tower,34,13,21,0,68,0,4,19,0,23,34,17,40,0,91,10,0,10,101
10/04/2013,EYW,FL,ASO,ES,Federal Contract Tower,34,19,31,0,84,0,3,28,0,31,34,22,59,0,115,22,0,22,137
10/05/2013,EYW,FL,ASO,ES,Federal Contract Tower,34,10,13,0,57,0,5,34,3,42,34,15,47,3,99,26,0,26,125
10/06/2013,EYW,FL,ASO,ES,Federal Contract Tower,36,10,35,0,81,0,6,51,1,58,36,16,86,1,139,12,0,12,151
10/07/2013,EYW,FL,ASO,ES,Federal Contract Tower,33,15,9,0,57,0,3,21,0,24,33,18,30,0,81,10,0,10,91
10/08/2013,EYW,FL,ASO,ES,Federal Contract Tower,33,13,27,0,73,0,5,39,0,44,33,18,66,0,117,30,2,32,149
10/09/2013,EYW,FL,ASO,ES,Federal Contract Tower,30,12,21,0,63,0,7,32,0,39,30,19,53,0,102,30,0,30,132
10/10/2013,EYW,FL,ASO,ES,Federal Contract Tower,37,19,19,0,75,0,5,49,0,54,37,24,68,0,129,14,0,14,143
10/11/2013,EYW,FL,ASO,ES,Federal Contract Tower,36,19,21,0,76,0,10,48,4,62,36,29,69,4,138,10,0,10,148
10/12/2013,EYW,FL,ASO,ES,Federal Contract Tower,35,8,11,0,54,0,5,57,0,62,35,13,68,0,116,18,0,18,134
10/13/2013,EYW,FL,ASO,ES,Federal Contract Tower,38,13,36,0,87,0,9,73,0,82,38,22,109,0,169,26,0,26,195
10/14/2013,EYW,FL,ASO,ES,Federal Contract Tower,37,11,9,0,57,0,9,55,1,65,37,20,64,1,122,20,0,20,142
10/15/2013,EYW,FL,ASO,ES,Federal Contract Tower,32,14,24,0,70,0,3,48,0,51,32,17,72,0,121,34,0,34,155
10/16/2013,EYW,FL,ASO,ES,Federal Contract Tower,35,18,23,0,76,0,2,49,0,51,35,20,72,0,127,4,2,6,133
10/17/2013,EYW,FL,ASO,ES,Federal Contract Tower,39,15,24,0,78,0,8,57,0,65,39,23,81,0,143,28,0,28,171
10/18/2013,EYW,FL,ASO,ES,Federal Contract Tower,41,21,24,0,86,0,13,64,0,77,41,34,88,0,163,8,0,8,171
10/19/2013,EYW,FL,ASO,ES,Federal Contract Tower,41,8,21,0,70,0,16,74,0,90,41,24,95,0,160,48,0,48,208
10/20/2013,EYW,FL,ASO,ES,Federal Contract Tower,42,11,47,0,100,0,17,64,0,81,42,28,111,0,181,44,0,44,225
10/21/2013,EYW,FL,ASO,ES,Federal Contract Tower,38,16,32,0,86,0,14,36,0,50,38,30,68,0,136,70,0,70,206
10/22/2013,EYW,FL,ASO,ES,Federal Contract Tower,35,17,17,0,69,0,7,43,0,50,35,24,60,0,119,12,0,12,131
10/23/2013,EYW,FL,ASO,ES,Federal Contract Tower,35,15,30,0,80,0,15,52,0,67,35,30,82,0,147,42,0,42,189
10/24/2013,EYW,FL,ASO,ES,Federal Contract Tower,39,21,44,0,104,0,14,77,0,91,39,35,121,0,195,22,0,22,217
10/25/2013,EYW,FL,ASO,ES,Federal Contract Tower,40,22,29,0,91,0,18,69,0,87,40,40,98,0,178,10,0,10,188
10/26/2013,EYW,FL,ASO,ES,Federal Contract Tower,40,19,27,0,86,0,8,95,0,103,40,27,122,0,189,0,0,0,189
10/27/2013,EYW,FL,ASO,ES,Federal Contract Tower,45,19,83,0,147,0,22,129,0,151,45,41,212,0,298,4,0,4,302
10/28/2013,EYW,FL,ASO,ES,Federal Contract Tower,42,16,10,0,68,0,11,44,0,55,42,27,54,0,123,4,0,4,127
10/29/2013,EYW,FL,ASO,ES,Federal Contract Tower,39,14,9,1,63,0,12,44,0,56,39,26,53,1,119,4,0,4,123
10/30/2013,EYW,FL,ASO,ES,Federal Contract Tower,38,15,21,0,74,0,12,24,0,36,38,27,45,0,110,8,0,8,118
10/31/2013,EYW,FL,ASO,ES,Federal Contract Tower,39,19,33,2,93,0,11,53,0,64,39,30,86,2,157,52,0,52,209
11/01/2013,EYW,FL,ASO,ES,Federal Contract Tower,37,27,27,0,91,0,12,50,0,62,37,39,77,0,153,0,0,0,153
11/02/2013,EYW,FL,ASO,ES,Federal Contract Tower,38,14,33,0,85,0,14,71,0,85,38,28,104,0,170,14,0,14,184
11/03/2013,EYW,FL,ASO,ES,Federal Contract Tower,42,10,45,0,97,0,9,40,0,49,42,19,85,0,146,0,0,0,146
11/04/2013,EYW,FL,ASO,ES,Federal Contract Tower,36,17,23,0,76,0,15,17,0,32,36,32,40,0,108,0,0,0,108
11/05/2013,EYW,FL,ASO,ES,Federal Contract Tower,38,15,15,0,68,0,2,8,0,10,38,17,23,0,78,0,0,0,78
11/06/2013,EYW,FL,ASO,ES,Federal Contract Tower,43,12,24,0,79,0,6,75,0,81,43,18,99,0,160,20,2,22,182
11/07/2013,EYW,FL,ASO,ES,Federal Contract Tower,38,8,37,0,83,0,16,73,0,89,38,24,110,0,172,18,0,18,190
11/08/2013,EYW,FL,ASO,ES,Federal Contract Tower,41,12,28,0,81,0,13,61,0,74,41,25,89,0,155,2,0,2,157
11/09/2013,EYW,FL,ASO,ES,Federal Contract Tower,34,12,22,0,68,0,14,62,0,76,34,26,84,0,144,18,0,18,162
11/10/2013,EYW,FL,ASO,ES,Federal Contract Tower,40,5,51,0,96,0,11,67,0,78,40,16,118,0,174,2,0,2,176
11/11/2013,EYW,FL,ASO,ES,Federal Contract Tower,40,8,34,1,83,0,18,40,0,58,40,26,74,1,141,8,0,8,149
11/12/2013,EYW,FL,ASO,ES,Federal Contract Tower,38,8,12,1,59,0,11,44,0,55,38,19,56,1,114,12,0,12,126
11/13/2013,EYW,FL,ASO,ES,Federal Contract Tower,39,16,4,0,59,0,0,9,1,10,39,16,13,1,69,0,0,0,69
11/14/2013,EYW,FL,ASO,ES,Federal Contract Tower,39,8,23,0,70,0,7,19,0,26,39,15,42,0,96,12,0,12,108
11/15/2013,EYW,FL,ASO,ES,Federal Contract Tower,38,11,21,0,70,0,14,36,0,50,38,25,57,0,120,4,0,4,124
11/16/2013,EYW,FL,ASO,ES,Federal Contract Tower,39,4,27,0,70,0,10,33,0,43,39,14,60,0,113,42,0,42,155
11/17/2013,EYW,FL,ASO,ES,Federal Contract Tower,41,6,42,0,89,0,23,69,0,92,41,29,111,0,181,26,0,26,207
11/18/2013,EYW,FL,ASO,ES,Federal Contract Tower,39,6,15,0,60,0,8,59,0,67,39,14,74,0,127,10,0,10,137
11/19/2013,EYW,FL,ASO,ES,Federal Contract Tower,39,4,17,0,60,0,8,36,0,44,39,12,53,0,104,18,0,18,122
11/20/2013,EYW,FL,ASO,ES,Federal Contract Tower,39,8,28,0,75,0,11,36,0,47,39,19,64,0,122,20,0,20,142
11/21/2013,EYW,FL,ASO,ES,Federal Contract Tower,42,12,34,2,90,0,15,47,6,68,42,27,81,8,158,32,0,32,190
11/22/2013,EYW,FL,ASO,ES,Federal Contract Tower,40,7,40,0,87,0,9,26,0,35,40,16,66,0,122,22,0,22,144
11/23/2013,EYW,FL,ASO,ES,Federal Contract Tower,42,4,37,0,83,0,14,54,2,70,42,18,91,2,153,8,0,8,161
11/24/2013,EYW,FL,ASO,ES,Federal Contract Tower,41,6,29,0,76,0,11,60,0,71,41,17,89,0,147,18,0,18,165
11/25/2013,EYW,FL,ASO,ES,Federal Contract Tower,42,7,16,3,68,0,7,16,0,23,42,14,32,3,91,0,0,0,91
11/26/2013,EYW,FL,ASO,ES,Federal Contract Tower,42,12,16,1,71,0,9,26,0,35,42,21,42,1,106,2,0,2,108
11/27/2013,EYW,FL,ASO,ES,Federal Contract Tower,39,16,21,0,76,0,0,16,0,16,39,16,37,0,92,0,0,0,92
11/28/2013,EYW,FL,ASO,ES,Federal Contract Tower,32,2,3,0,37,0,0,22,0,22,32,2,25,0,59,0,0,0,59
11/29/2013,EYW,FL,ASO,ES,Federal Contract Tower,43,12,29,0,84,0,16,63,0,79,43,28,92,0,163,0,0,0,163
11/30/2013,EYW,FL,ASO,ES,Federal Contract Tower,39,9,29,0,77,0,10,46,0,56,39,19,75,0,133,8,0,8,141
12/01/2013,EYW,FL,ASO,ES,Federal Contract Tower,42,17,51,1,111,0,12,44,0,56,42,29,95,1,167,6,0,6,173
12/02/2013,EYW,FL,ASO,ES,Federal Contract Tower,37,6,31,0,74,0,8,29,0,37,37,14,60,0,111,16,2,18,129
12/03/2013,EYW,FL,ASO,ES,Federal Contract Tower,39,9,11,3,62,0,11,44,0,55,39,20,55,3,117,8,0,8,125
12/04/2013,EYW,FL,ASO,ES,Federal Contract Tower,39,8,24,0,71,0,11,35,0,46,39,19,59,0,117,26,0,26,143
12/05/2013,EYW,FL,ASO,ES,Federal Contract Tower,39,8,24,0,71,0,17,38,3,58,39,25,62,3,129,18,0,18,147
12/06/2013,EYW,FL,ASO,ES,Federal Contract Tower,39,11,39,2,91,0,18,52,0,70,39,29,91,2,161,20,0,20,181
12/07/2013,EYW,FL,ASO,ES,Federal Contract Tower,42,12,18,1,73,0,15,64,0,79,42,27,82,1,152,16,0,16,168
12/08/2013,EYW,FL,ASO,ES,Federal Contract Tower,42,5,31,1,79,0,6,40,0,46,42,11,71,1,125,6,8,14,139
12/09/2013,EYW,FL,ASO,ES,Federal Contract Tower,41,9,26,3,79,0,17,34,0,51,41,26,60,3,130,4,0,4,134
12/10/2013,EYW,FL,ASO,ES,Federal Contract Tower,40,11,18,2,71,0,9,46,0,55,40,20,64,2,126,12,2,14,140
12/11/2013,EYW,FL,ASO,ES,Federal Contract Tower,39,7,22,2,70,0,19,25,0,44,39,26,47,2,114,4,0,4,118
12/12/2013,EYW,FL,ASO,ES,Federal Contract Tower,38,12,17,0,67,0,17,31,0,48,38,29,48,0,115,6,0,6,121
12/13/2013,EYW,FL,ASO,ES,Federal Contract Tower,39,18,20,0,77,0,8,33,1,42,39,26,53,1,119,14,0,14,133
12/14/2013,EYW,FL,ASO,ES,Federal Contract Tower,41,3,16,0,60,0,13,49,0,62,41,16,65,0,122,4,0,4,126
12/15/2013,EYW,FL,ASO,ES,Federal Contract Tower,45,4,27,0,76,0,2,39,0,41,45,6,66,0,117,4,0,4,121
12/16/2013,EYW,FL,ASO,ES,Federal Contract Tower,36,5,27,0,68,0,6,27,0,33,36,11,54,0,101,6,0,6,107
12/17/2013,EYW,FL,ASO,ES,Federal Contract Tower,39,8,16,0,63,0,12,17,0,29,39,20,33,0,92,8,0,8,100
12/18/2013,EYW,FL,ASO,ES,Federal Contract Tower,41,12,16,0,69,0,6,32,0,38,41,18,48,0,107,4,0,4,111
12/19/2013,EYW,FL,ASO,ES,Federal Contract Tower,44,12,22,0,78,0,13,43,2,58,44,25,65,2,136,18,0,18,154
12/20/2013,EYW,FL,ASO,ES,Federal Contract Tower,47,18,16,0,81,0,9,23,0,32,47,27,39,0,113,8,0,8,121
12/21/2013,EYW,FL,ASO,ES,Federal Contract Tower,58,9,23,0,90,0,16,69,0,85,58,25,92,0,175,14,0,14,189
12/22/2013,EYW,FL,ASO,ES,Federal Contract Tower,53,4,18,0,75,0,14,42,0,56,53,18,60,0,131,4,0,4,135
12/23/2013,EYW,FL,ASO,ES,Federal Contract Tower,47,7,11,0,65,0,23,37,2,62,47,30,48,2,127,18,2,20,147
12/24/2013,EYW,FL,ASO,ES,Federal Contract Tower,45,12,14,0,71,0,7,41,0,48,45,19,55,0,119,2,0,2,121
12/25/2013,EYW,FL,ASO,ES,Federal Contract Tower,45,2,8,0,55,0,2,7,0,9,45,4,15,0,64,0,0,0,64
12/26/2013,EYW,FL,ASO,ES,Federal Contract Tower,54,16,35,0,105,0,18,50,0,68,54,34,85,0,173,4,0,4,177
12/27/2013,EYW,FL,ASO,ES,Federal Contract Tower,48,15,52,2,117,0,14,55,2,71,48,29,107,4,188,0,0,0,188
12/28/2013,EYW,FL,ASO,ES,Federal Contract Tower,53,16,62,0,131,0,19,60,0,79,53,35,122,0,210,20,0,20,230
12/29/2013,EYW,FL,ASO,ES,Federal Contract Tower,53,24,31,0,108,0,10,33,5,48,53,34,64,5,156,5,3,8,164
12/30/2013,EYW,FL,ASO,ES,Federal Contract Tower,52,20,63,0,135,0,18,37,0,55,52,38,100,0,190,24,0,24,214
12/31/2013,EYW,FL,ASO,ES,Federal Contract Tower,51,19,35,0,105,0,23,37,0,60,51,42,72,0,165,4,0,4,169
01/01/2014,EYW,FL,ASO,ES,Federal Contract Tower,46,12,43,0,101,0,33,35,0,68,46,45,78,0,169,2,0,2,171
01/02/2014,EYW,FL,ASO,ES,Federal Contract Tower,54,29,60,0,143,0,22,58,0,80,54,51,118,0,223,22,0,22,245
01/03/2014,EYW,FL,ASO,ES,Federal Contract Tower,49,22,44,0,115,0,5,40,0,45,49,27,84,0,160,30,0,30,190
01/04/2014,EYW,FL,ASO,ES,Federal Contract Tower,52,7,33,0,92,0,2,2,0,4,52,9,35,0,96,0,0,0,96
01/05/2014,EYW,FL,ASO,ES,Federal Contract Tower,52,16,50,0,118,0,19,56,0,75,52,35,106,0,193,6,0,6,199
01/06/2014,EYW,FL,ASO,ES,Federal Contract Tower,39,9,21,1,70,0,20,15,0,35,39,29,36,1,105,6,0,6,111
01/07/2014,EYW,FL,ASO,ES,Federal Contract Tower,36,18,21,1,76,0,3,12,0,15,36,21,33,1,91,2,0,2,93
01/08/2014,EYW,FL,ASO,ES,Federal Contract Tower,36,21,27,2,86,0,0,1,0,1,36,21,28,2,87,0,0,0,87
01/09/2014,EYW,FL,ASO,ES,Federal Contract Tower,43,15,24,0,82,0,5,18,0,23,43,20,42,0,105,0,0,0,105
01/10/2014,EYW,FL,ASO,ES,Federal Contract Tower,44,17,39,0,100,0,17,46,0,63,44,34,85,0,163,30,0,30,193
01/11/2014,EYW,FL,ASO,ES,Federal Contract Tower,49,8,38,0,95,0,24,95,2,121,49,32,133,2,216,34,0,34,250
01/12/2014,EYW,FL,ASO,ES,Federal Contract Tower,42,3,39,0,84,0,9,45,0,54,42,12,84,0,138,10,0,10,148
01/13/2014,EYW,FL,ASO,ES,Federal Contract Tower,44,5,19,0,68,0,10,38,3,51,44,15,57,3,119,18,0,18,137
01/14/2014,EYW,FL,ASO,ES,Federal Contract Tower,40,12,25,0,77,0,10,45,0,55,40,22,70,0,132,14,0,14,146
01/15/2014,EYW,FL,ASO,ES,Federal Contract Tower,42,10,18,0,70,0,8,19,0,27,42,18,37,0,97,0,0,0,97
01/16/2014,EYW,FL,ASO,ES,Federal Contract Tower,44,20,32,0,96,0,7,30,5,42,44,27,62,5,138,0,0,0,138
01/17/2014,EYW,FL,ASO,ES,Federal Contract Tower,38,17,49,0,104,0,11,62,0,73,38,28,111,0,177,16,0,16,193
01/18/2014,EYW,FL,ASO,ES,Federal Contract Tower,49,7,39,0,95,0,14,62,0,76,49,21,101,0,171,26,0,26,197
01/19/2014,EYW,FL,ASO,ES,Federal Contract Tower,44,20,49,0,113,0,19,78,0,97,44,39,127,0,210,20,0,20,230
01/20/2014,EYW,FL,ASO,ES,Federal Contract Tower,43,15,42,0,100,0,21,49,0,70,43,36,91,0,170,14,4,18,188
01/21/2014,EYW,FL,ASO,ES,Federal Contract Tower,40,12,10,0,62,0,6,10,0,16,40,18,20,0,78,20,0,20,98
01/22/2014,EYW,FL,ASO,ES,Federal Contract Tower,47,11,25,0,83,0,13,55,1,69,47,24,80,1,152,16,0,16,168
01/23/2014,EYW,FL,ASO,ES,Federal Contract Tower,45,13,23,0,81,0,22,55,2,79,45,35,78,2,160,16,0,16,176
01/24/2014,EYW,FL,ASO,ES,Federal Contract Tower,46,23,33,0,102,0,2,33,0,35,46,25,66,0,137,16,0,16,153
01/25/2014,EYW,FL,ASO,ES,Federal Contract Tower,47,7,35,0,89,0,14,72,0,86,47,21,107,0,175,8,0,8,183
01/26/2014,EYW,FL,ASO,ES,Federal Contract Tower,43,5,43,0,91,0,11,82,0,93,43,16,125,0,184,4,0,4,188
01/27/2014,EYW,FL,ASO,ES,Federal Contract Tower,44,7,26,0,77,0,12,55,0,67,44,19,81,0,144,14,0,14,158
01/28/2014,EYW,FL,ASO,ES,Federal Contract Tower,34,7,38,0,79,0,16,39,0,55,34,23,77,0,134,16,0,16,150
01/29/2014,EYW,FL,ASO,ES,Federal Contract Tower,34,13,22,0,69,0,7,19,5,31,34,20,41,5,100,12,0,12,112
01/30/2014,EYW,FL,ASO,ES,Federal Contract Tower,39,15,28,0,82,0,0,0,0,0,39,15,28,0,82,0,0,0,82
01/31/2014,EYW,FL,ASO,ES,Federal Contract Tower,45,14,26,0,85,0,6,27,0,33,45,20,53,0,118,6,0,6,124
02/01/2014,EYW,FL,ASO,ES,Federal Contract Tower,48,11,39,0,98,0,24,49,2,75,48,35,88,2,173,14,0,14,187
02/02/2014,EYW,FL,ASO,ES,Federal Contract Tower,49,3,35,0,87,0,13,57,0,70,49,16,92,0,157,18,0,18,175
02/03/2014,EYW,FL,ASO,ES,Federal Contract Tower,43,10,18,0,71,0,10,50,0,60,43,20,68,0,131,26,0,26,157
02/04/2014,EYW,FL,ASO,ES,Federal Contract Tower,42,17,16,2,77,0,15,34,0,49,42,32,50,2,126,6,0,6,132
02/05/2014,EYW,FL,ASO,ES,Federal Contract Tower,43,8,25,0,76,0,14,41,0,55,43,22,66,0,131,22,0,22,153
02/06/2014,EYW,FL,ASO,ES,Federal Contract Tower,44,17,42,1,104,0,16,53,0,69,44,33,95,1,173,20,0,20,193
02/07/2014,EYW,FL,ASO,ES,Federal Contract Tower,44,15,45,0,104,0,20,48,0,68,44,35,93,0,172,58,0,58,230
02/08/2014,EYW,FL,ASO,ES,Federal Contract Tower,52,7,43,0,102,0,18,76,0,94,52,25,119,0,196,12,2,14,210
02/09/2014,EYW,FL,ASO,ES,Federal Contract Tower,44,12,45,0,101,0,13,41,0,54,44,25,86,0,155,4,0,4,159
02/10/2014,EYW,FL,ASO,ES,Federal Contract Tower,46,3,23,0,72,0,8,57,0,65,46,11,80,0,137,50,0,50,187
02/11/2014,EYW,FL,ASO,ES,Federal Contract Tower,37,20,29,0,86,0,8,37,0,45,37,28,66,0,131,14,0,14,145
02/12/2014,EYW,FL,ASO,ES,Federal Contract Tower,28,15,29,0,72,0,18,39,0,57,28,33,68,0,129,44,0,44,173
02/13/2014,EYW,FL,ASO,ES,Federal Contract Tower,39,15,43,3,100,0,6,12,1,19,39,21,55,4,119,0,0,0,119
02/14/2014,EYW,FL,ASO,ES,Federal Contract Tower,38,16,58,0,112,0,26,64,0,90,38,42,122,0,202,24,0,24,226
02/15/2014,EYW,FL,ASO,ES,Federal Contract Tower,45,9,47,0,101,0,14,76,0,90,45,23,123,0,191,2,0,2,193
02/16/2014,EYW,FL,ASO,ES,Federal Contract Tower,49,3,50,1,103,0,22,87,1,110,49,25,137,2,213,12,0,12,225
02/17/2014,EYW,FL,ASO,ES,Federal Contract Tower,49,9,57,0,115,0,23,56,0,79,49,32,113,0,194,32,0,32,226
02/18/2014,EYW,FL,ASO,ES,Federal Contract Tower,44,15,35,0,94,0,21,44,0,65,44,36,79,0,159,12,0,12,171
02/19/2014,EYW,FL,ASO,ES,Federal Contract Tower,47,10,25,0,82,0,18,61,0,79,47,28,86,0,161,22,0,22,183
02/20/2014,EYW,FL,ASO,ES,Federal Contract Tower,48,13,35,0,96,0,21,72,2,95,48,34,107,2,191,0,0,0,191
02/21/2014,EYW,FL,ASO,ES,Federal Contract Tower,46,8,33,0,87,0,21,58,0,79,46,29,91,0,166,28,0,28,194
02/22/2014,EYW,FL,ASO,ES,Federal Contract Tower,52,7,34,0,93,0,24,66,0,90,52,31,100,0,183,26,0,26,209
02/23/2014,EYW,FL,ASO,ES,Federal Contract Tower,50,1,45,0,96,0,19,74,0,93,50,20,119,0,189,4,0,4,193
02/24/2014,EYW,FL,ASO,ES,Federal Contract Tower,45,7,32,1,85,0,19,42,2,63,45,26,74,3,148,30,6,36,184
02/25/2014,EYW,FL,ASO,ES,Federal Contract Tower,43,13,24,0,80,0,15,44,0,59,43,28,68,0,139,56,0,56,195
02/26/2014,EYW,FL,ASO,ES,Federal Contract Tower,45,13,29,0,87,0,18,45,0,63,45,31,74,0,150,34,0,34,184
02/27/2014,EYW,FL,ASO,ES,Federal Contract Tower,43,12,29,0,84,0,21,35,0,56,43,33,64,0,140,30,0,30,170
02/28/2014,EYW,FL,ASO,ES,Federal Contract Tower,45,12,42,0,99,0,17,58,0,75,45,29,100,0,174,34,0,34,208
03/01/2014,EYW,FL,ASO,ES,Federal Contract Tower,56,11,48,1,116,0,23,117,2,142,56,34,165,3,258,53,1,54,312
03/02/2014,EYW,FL,ASO,ES,Federal Contract Tower,50,7,43,0,100,0,19,69,0,88,50,26,112,0,188,10,0,10,198
03/03/2014,EYW,FL,ASO,ES,Federal Contract Tower,43,6,27,0,76,0,28,48,0,76,43,34,75,0,152,20,0,20,172
03/04/2014,EYW,FL,ASO,ES,Federal Contract Tower,46,6,27,1,80,0,17,49,0,66,46,23,76,1,146,36,0,36,182
03/05/2014,EYW,FL,ASO,ES,Federal Contract Tower,48,11,27,0,86,0,19,40,0,59,48,30,67,0,145,4,0,4,149
03/06/2014,EYW,FL,ASO,ES,Federal Contract Tower,38,15,17,0,70,0,9,20,0,29,38,24,37,0,99,2,0,2,101
03/07/2014,EYW,FL,ASO,ES,Federal Contract Tower,47,15,24,4,90,0,6,37,0,43,47,21,61,4,133,4,0,4,137
03/08/2014,EYW,FL,ASO,ES,Federal Contract Tower,51,9,39,0,99,0,16,56,0,72,51,25,95,0,171,6,0,6,177
03/09/2014,EYW,FL,ASO,ES,Federal Contract Tower,49,8,55,0,112,0,22,79,0,101,49,30,134,0,213,18,0,18,231
03/10/2014,EYW,FL,ASO,ES,Federal Contract Tower,46,8,25,0,79,0,21,57,0,78,46,29,82,0,157,12,0,12,169
03/11/2014,EYW,FL,ASO,ES,Federal Contract Tower,44,5,30,0,79,0,20,61,0,81,44,25,91,0,160,14,0,14,174
03/12/2014,EYW,FL,ASO,ES,Federal Contract Tower,47,11,45,0,103,0,25,43,1,69,47,36,88,1,172,12,0,12,184
03/13/2014,EYW,FL,ASO,ES,Federal Contract Tower,42,8,49,0,99,0,11,37,0,48,42,19,86,0,147,16,0,16,163
03/14/2014,EYW,FL,ASO,ES,Federal Contract Tower,49,24,39,0,112,0,22,65,3,90,49,46,104,3,202,0,0,0,202
03/15/2014,EYW,FL,ASO,ES,Federal Contract Tower,56,9,38,0,103,0,24,98,0,122,56,33,136,0,225,6,0,6,231
03/16/2014,EYW,FL,ASO,ES,Federal Contract Tower,48,7,56,0,111,0,21,79,0,100,48,28,135,0,211,12,0,12,223
03/17/2014,EYW,FL,ASO,ES,Federal Contract Tower,42,10,19,0,71,0,19,17,0,36,42,29,36,0,107,2,2,4,111
03/18/2014,EYW,FL,ASO,ES,Federal Contract Tower,40,10,30,0,80,0,12,23,0,35,40,22,53,0,115,8,0,8,123
03/19/2014,EYW,FL,ASO,ES,Federal Contract Tower,45,20,34,0,99,0,22,40,0,62,45,42,74,0,161,30,0,30,191
03/20/2014,EYW,FL,ASO,ES,Federal Contract Tower,43,15,37,0,95,0,26,51,2,79,43,41,88,2,174,30,0,30,204
03/21/2014,EYW,FL,ASO,ES,Federal Contract Tower,49,30,36,0,115,0,19,85,0,104,49,49,121,0,219,58,0,58,277
03/22/2014,EYW,FL,ASO,ES,Federal Contract Tower,47,8,56,1,112,0,17,67,10,94,47,25,123,11,206,8,0,8,214
03/23/2014,EYW,FL,ASO,ES,Federal Contract Tower,54,6,57,0,117,0,25,69,1,95,54,31,126,1,212,18,0,18,230
03/24/2014,EYW,FL,ASO,ES,Federal Contract Tower,45,13,23,0,81,0,17,32,0,49,45,30,55,0,130,4,0,4,134
03/25/2014,EYW,FL,ASO,ES,Federal Contract Tower,41,12,17,0,70,0,13,20,0,33,41,25,37,0,103,0,0,0,103
03/26/2014,EYW,FL,ASO,ES,Federal Contract Tower,44,17,27,0,88,0,8,43,0,51,44,25,70,0,139,8,0,8,147
03/27/2014,EYW,FL,ASO,ES,Federal Contract Tower,43,17,35,0,95,0,20,48,0,68,43,37,83,0,163,6,0,6,169
03/28/2014,EYW,FL,ASO,ES,Federal Contract Tower,44,25,41,0,110,0,28,58,0,86,44,53,99,0,196,10,0,10,206
03/29/2014,EYW,FL,ASO,ES,Federal Contract Tower,49,7,27,0,83,0,16,48,0,64,49,23,75,0,147,18,0,18,165
03/30/2014,EYW,FL,ASO,ES,Federal Contract Tower,54,19,37,0,110,0,5,37,0,42,54,24,74,0,152,0,0,0,152
03/31/2014,EYW,FL,ASO,ES,Federal Contract Tower,46,8,44,1,99,0,19,52,1,72,46,27,96,2,171,0,0,0,171
04/01/2014,EYW,FL,ASO,ES,Federal Contract Tower,44,11,23,0,78,0,15,39,0,54,44,26,62,0,132,10,0,10,142
04/02/2014,EYW,FL,ASO,ES,Federal Contract Tower,42,18,42,2,104,0,17,63,0,80,42,35,105,2,184,4,0,4,188
04/03/2014,EYW,FL,ASO,ES,Federal Contract Tower,40,17,31,0,88,0,23,64,3,90,40,40,95,3,178,8,0,8,186
04/04/2014,EYW,FL,ASO,ES,Federal Contract Tower,44,18,53,2,117,0,17,68,0,85,44,35,121,2,202,30,0,30,232
04/05/2014,EYW,FL,ASO,ES,Federal Contract Tower,56,9,36,2,103,0,20,82,0,102,56,29,118,2,205,4,0,4,209
04/06/2014,EYW,FL,ASO,ES,Federal Contract Tower,48,21,52,2,123,0,17,88,1,106,48,38,140,3,229,4,0,4,233
04/07/2014,EYW,FL,ASO,ES,Federal Contract Tower,45,15,27,2,89,0,25,45,1,71,45,40,72,3,160,10,0,10,170
04/08/2014,EYW,FL,ASO,ES,Federal Contract Tower,38,16,14,0,68,0,17,12,2,31,38,33,26,2,99,0,0,0,99
04/09/2014,EYW,FL,ASO,ES,Federal Contract Tower,43,16,23,0,82,0,7,32,4,43,43,23,55,4,125,6,0,6,131
04/10/2014,EYW,FL,ASO,ES,Federal Contract Tower,41,17,24,0,82,0,18,39,1,58,41,35,63,1,140,24,0,24,164
04/11/2014,EYW,FL,ASO,ES,Federal Contract Tower,47,17,30,1,95,0,20,66,2,88,47,37,96,3,183,28,0,28,211
04/12/2014,EYW,FL,ASO,ES,Federal Contract Tower,53,15,22,8,98,0,13,62,3,78,53,28,84,11,176,8,0,8,184
04/13/2014,EYW,FL,ASO,ES,Federal Contract Tower,49,11,29,0,89,0,23,63,0,86,49,34,92,0,175,20,0,20,195
04/14/2014,EYW,FL,ASO,ES,Federal Contract Tower,42,15,18,1,76,0,12,39,0,51,42,27,57,1,127,4,0,4,131
04/15/2014,EYW,FL,ASO,ES,Federal Contract Tower,42,15,27,0,84,0,27,29,2,58,42,42,56,2,142,32,8,40,182
04/16/2014,EYW,FL,ASO,ES,Federal Contract Tower,42,10,30,0,82,0,18,48,0,66,42,28,78,0,148,26,0,26,174
04/17/2014,EYW,FL,ASO,ES,Federal Contract Tower,44,16,29,0,89,0,20,43,0,63,44,36,72,0,152,6,0,6,158
04/18/2014,EYW,FL,ASO,ES,Federal Contract Tower,45,18,37,2,102,0,25,19,1,45,45,43,56,3,147,2,2,4,151
04/19/2014,EYW,FL,ASO,ES,Federal Contract Tower,50,8,30,0,88,0,19,48,0,67,50,27,78,0,155,14,0,14,169
04/20/2014,EYW,FL,ASO,ES,Federal Contract Tower,49,7,27,0,83,0,11,76,0,87,49,18,103,0,170,16,0,16,186
04/21/2014,EYW,FL,ASO,ES,Federal Contract Tower,46,14,33,0,93,0,17,24,0,41,46,31,57,0,134,0,0,0,134
04/22/2014,EYW,FL,ASO,ES,Federal Contract Tower,43,14,26,0,83,0,18,41,2,61,43,32,67,2,144,6,0,6,150
04/23/2014,EYW,FL,ASO,ES,Federal Contract Tower,44,12,23,2,81,0,22,60,0,82,44,34,83,2,163,36,0,36,199
04/24/2014,EYW,FL,ASO,ES,Federal Contract Tower,44,12,42,0,98,0,25,56,0,81,44,37,98,0,179,16,0,16,195
04/25/2014,EYW,FL,ASO,ES,Federal Contract Tower,47,24,31,0,102,0,20,81,2,103,47,44,112,2,205,36,0,36,241
04/26/2014,EYW,FL,ASO,ES,Federal Contract Tower,54,14,26,0,94,0,19,78,0,97,54,33,104,0,191,8,0,8,199
04/27/2014,EYW,FL,ASO,ES,Federal Contract Tower,49,5,38,1,93,0,18,73,2,93,49,23,111,3,186,0,0,0,186
04/28/2014,EYW,FL,ASO,ES,Federal Contract Tower,42,7,15,0,64,0,12,34,0,46,42,19,49,0,110,8,0,8,118
04/29/2014,EYW,FL,ASO,ES,Federal Contract Tower,35,16,13,1,65,0,13,57,3,73,35,29,70,4,138,24,0,24,162
04/30/2014,EYW,FL,ASO,ES,Federal Contract Tower,33,7,19,0,59,0,19,36,4,59,33,26,55,4,118,10,0,10,128
05/01/2014,EYW,FL,ASO,ES,Federal Contract Tower,39,19,24,0,82,0,15,39,2,56,39,34,63,2,138,22,0,22,160
05/02/2014,EYW,FL,ASO,ES,Federal Contract Tower,37,11,34,2,84,0,22,47,0,69,37,33,81,2,153,12,0,12,165
05/03/2014,EYW,FL,ASO,ES,Federal Contract Tower,42,13,12,0,67,0,12,48,2,62,42,25,60,2,129,26,0,26,155
05/04/2014,EYW,FL,ASO,ES,Federal Contract Tower,45,12,46,0,103,0,9,49,0,58,45,21,95,0,161,0,0,0,161
05/05/2014,EYW,FL,ASO,ES,Federal Contract Tower,40,12,12,0,64,0,14,38,2,54,40,26,50,2,118,12,0,12,130
05/06/2014,EYW,FL,ASO,ES,Federal Contract Tower,37,10,24,0,71,0,13,51,0,64,37,23,75,0,135,20,0,20,155
05/07/2014,EYW,FL,ASO,ES,Federal Contract Tower,37,16,22,0,75,0,16,44,2,62,37,32,66,2,137,14,0,14,151
05/08/2014,EYW,FL,ASO,ES,Federal Contract Tower,38,25,27,0,90,0,14,56,0,70,38,39,83,0,160,0,0,0,160
05/09/2014,EYW,FL,ASO,ES,Federal Contract Tower,38,15,15,2,70,0,32,47,0,79,38,47,62,2,149,0,0,0,149
05/10/2014,EYW,FL,ASO,ES,Federal Contract Tower,42,7,20,0,69,0,15,66,0,81,42,22,86,0,150,8,0,8,158
05/11/2014,EYW,FL,ASO,ES,Federal Contract Tower,39,11,36,0,86,0,17,47,0,64,39,28,83,0,150,0,0,0,150
05/12/2014,EYW,FL,ASO,ES,Federal Contract Tower,40,10,16,2,68,0,18,38,1,57,40,28,54,3,125,0,0,0,125
05/13/2014,EYW,FL,ASO,ES,Federal Contract Tower,37,9,23,0,69,0,6,20,0,26,37,15,43,0,95,2,0,2,97
05/14/2014,EYW,FL,ASO,ES,Federal Contract Tower,37,11,20,26,94,0,18,37,0,55,37,29,57,26,149,14,0,14,163
05/15/2014,EYW,FL,ASO,ES,Federal Contract Tower,31,15,28,2,76,0,26,41,0,67,31,41,69,2,143,6,0,6,149
05/16/2014,EYW,FL,ASO,ES,Federal Contract Tower,41,15,34,0,90,0,9,36,0,45,41,24,70,0,135,0,0,0,135
05/17/2014,EYW,FL,ASO,ES,Federal Contract Tower,43,13,23,0,79,0,8,35,0,43,43,21,58,0,122,0,0,0,122
05/18/2014,EYW,FL,ASO,ES,Federal Contract Tower,44,18,39,0,101,0,14,79,0,93,44,32,118,0,194,2,0,2,196
05/19/2014,EYW,FL,ASO,ES,Federal Contract Tower,40,8,22,0,70,0,10,47,0,57,40,18,69,0,127,4,0,4,131
05/20/2014,EYW,FL,ASO,ES,Federal Contract Tower,37,9,13,0,59,0,14,39,0,53,37,23,52,0,112,0,0,0,112
05/21/2014,EYW,FL,ASO,ES,Federal Contract Tower,40,13,26,0,79,0,18,32,2,52,40,31,58,2,131,0,2,2,133
05/22/2014,EYW,FL,ASO,ES,Federal Contract Tower,37,13,31,0,81,0,31,41,2,74,37,44,72,2,155,20,0,20,175
05/23/2014,EYW,FL,ASO,ES,Federal Contract Tower,41,17,44,0,102,0,23,75,0,98,41,40,119,0,200,8,0,8,208
05/24/2014,EYW,FL,ASO,ES,Federal Contract Tower,43,14,22,0,79,0,27,66,0,93,43,41,88,0,172,16,0,16,188
05/25/2014,EYW,FL,ASO,ES,Federal Contract Tower,39,9,13,0,61,0,14,72,2,88,39,23,85,2,149,6,0,6,155
05/26/2014,EYW,FL,ASO,ES,Federal Contract Tower,41,10,45,0,96,0,20,62,0,82,41,30,107,0,178,6,0,6,184
05/27/2014,EYW,FL,ASO,ES,Federal Contract Tower,38,8,18,3,67,0,21,35,0,56,38,29,53,3,123,16,0,16,139
05/28/2014,EYW,FL,ASO,ES,Federal Contract Tower,37,10,16,0,63,0,14,29,0,43,37,24,45,0,106,4,0,4,110
05/29/2014,EYW,FL,ASO,ES,Federal Contract Tower,39,14,16,0,69,0,14,30,4,48,39,28,46,4,117,0,0,0,117
05/30/2014,EYW,FL,ASO,ES,Federal Contract Tower,43,12,17,0,72,0,20,31,2,53,43,32,48,2,125,18,0,18,143
05/31/2014,EYW,FL,ASO,ES,Federal Contract Tower,43,4,18,2,67,0,15,55,0,70,43,19,73,2,137,10,0,10,147
06/01/2014,EYW,FL,ASO,ES,Federal Contract Tower,41,7,24,0,72,0,13,38,0,51,41,20,62,0,123,2,0,2,125
06/02/2014,EYW,FL,ASO,ES,Federal Contract Tower,37,5,13,0,55,0,11,14,0,25,37,16,27,0,80,0,0,0,80
06/03/2014,EYW,FL,ASO,ES,Federal Contract Tower,38,9,18,0,65,0,0,10,0,10,38,9,28,0,75,0,0,0,75
06/04/2014,EYW,FL,ASO,ES,Federal Contract Tower,40,13,32,1,86,0,8,18,0,26,40,21,50,1,112,4,0,4,116
06/05/2014,EYW,FL,ASO,ES,Federal Contract Tower,35,15,17,0,67,0,17,35,0,52,35,32,52,0,119,16,0,16,135
06/06/2014,EYW,FL,ASO,ES,Federal Contract Tower,39,23,40,1,103,0,24,43,1,68,39,47,83,2,171,20,0,20,191
06/07/2014,EYW,FL,ASO,ES,Federal Contract Tower,42,5,22,0,69,0,11,72,0,83,42,16,94,0,152,14,0,14,166
06/08/2014,EYW,FL,ASO,ES,Federal Contract Tower,33,5,34,2,74,0,17,38,4,59,33,22,72,6,133,10,0,10,143
06/09/2014,EYW,FL,ASO,ES,Federal Contract Tower,31,9,13,0,53,0,15,23,0,38,31,24,36,0,91,18,0,18,109
06/10/2014,EYW,FL,ASO,ES,Federal Contract Tower,28,9,20,0,57,0,10,32,0,42,28,19,52,0,99,8,0,8,107
06/11/2014,EYW,FL,ASO,ES,Federal Contract Tower,29,11,8,1,49,0,21,32,0,53,29,32,40,1,102,0,0,0,102
06/12/2014,EYW,FL,ASO,ES,Federal Contract Tower,30,8,24,1,63,0,6,17,5,28,30,14,41,6,91,0,0,0,91
06/13/2014,EYW,FL,ASO,ES,Federal Contract Tower,34,19,16,2,71,0,27,34,3,64,34,46,50,5,135,0,0,0,135
06/14/2014,EYW,FL,ASO,ES,Federal Contract Tower,36,9,10,0,55,0,20,38,4,62,36,29,48,4,117,16,0,16,133
06/15/2014,EYW,FL,ASO,ES,Federal Contract Tower,31,7,33,0,71,0,9,52,3,64,31,16,85,3,135,12,0,12,147
06/16/2014,EYW,FL,ASO,ES,Federal Contract Tower,30,12,13,0,55,0,18,22,3,43,30,30,35,3,98,0,2,2,100
06/17/2014,EYW,FL,ASO,ES,Federal Contract Tower,32,9,13,0,54,0,6,9,0,15,32,15,22,0,69,0,0,0,69
06/18/2014,EYW,FL,ASO,ES,Federal Contract Tower,31,13,14,1,59,0,21,19,0,40,31,34,33,1,99,8,0,8,107
06/19/2014,EYW,FL,ASO,ES,Federal Contract Tower,29,6,17,0,52,0,23,32,2,57,29,29,49,2,109,6,0,6,115
06/20/2014,EYW,FL,ASO,ES,Federal Contract Tower,31,15,12,0,58,0,19,49,2,70,31,34,61,2,128,4,0,4,132
06/21/2014,EYW,FL,ASO,ES,Federal Contract Tower,36,6,21,0,63,0,21,53,2,76,36,27,74,2,139,16,0,16,155
06/22/2014,EYW,FL,ASO,ES,Federal Contract Tower,31,8,25,0,64,0,12,43,1,56,31,20,68,1,120,4,0,4,124
06/23/2014,EYW,FL,ASO,ES,Federal Contract Tower,31,13,13,0,57,0,30,32,0,62,31,43,45,0,119,8,0,8,127
06/24/2014,EYW,FL,ASO,ES,Federal Contract Tower,33,12,21,3,69,0,25,40,1,66,33,37,61,4,135,18,0,18,153
06/25/2014,EYW,FL,ASO,ES,Federal Contract Tower,31,13,13,2,59,0,32,40,1,73,31,45,53,3,132,22,4,26,158
06/26/2014,EYW,FL,ASO,ES,Federal Contract Tower,30,9,21,1,61,0,20,30,2,52,30,29,51,3,113,10,0,10,123
06/27/2014,EYW,FL,ASO,ES,Federal Contract Tower,32,11,21,0,64,0,17,39,0,56,32,28,60,0,120,6,0,6,126
06/28/2014,EYW,FL,ASO,ES,Federal Contract Tower,37,7,13,0,57,0,17,49,1,67,37,24,62,1,124,18,0,18,142
06/29/2014,EYW,FL,ASO,ES,Federal Contract Tower,33,8,22,0,63,0,18,68,0,86,33,26,90,0,149,12,0,12,161
06/30/2014,EYW,FL,ASO,ES,Federal Contract Tower,28,9,6,0,43,0,22,30,2,54,28,31,36,2,97,22,0,22,119
07/01/2014,EYW,FL,ASO,ES,Federal Contract Tower,30,8,19,0,57,0,21,22,0,43,30,29,41,0,100,10,0,10,110
07/02/2014,EYW,FL,ASO,ES,Federal Contract Tower,28,14,17,0,59,0,15,41,0,56,28,29,58,0,115,16,0,16,131
07/03/2014,EYW,FL,ASO,ES,Federal Contract Tower,26,8,36,0,70,0,21,39,0,60,26,29,75,0,130,10,0,10,140
07/04/2014,EYW,FL,ASO,ES,Federal Contract Tower,21,2,6,0,29,0,19,43,0,62,21,21,49,0,91,10,0,10,101
07/05/2014,EYW,FL,ASO,ES,Federal Contract Tower,34,6,13,0,53,0,22,36,0,58,34,28,49,0,111,12,0,12,123
07/06/2014,EYW,FL,ASO,ES,Federal Contract Tower,31,17,28,0,76,0,18,51,0,69,31,35,79,0,145,4,0,4,149
07/07/2014,EYW,FL,ASO,ES,Federal Contract Tower,29,7,27,0,63,0,23,29,0,52,29,30,56,0,115,14,0,14,129
07/08/2014,EYW,FL,ASO,ES,Federal Contract Tower,31,8,14,0,53,0,23,28,0,51,31,31,42,0,104,16,0,16,120
07/09/2014,EYW,FL,ASO,ES,Federal Contract Tower,31,12,12,0,55,0,20,43,0,63,31,32,55,0,118,8,0,8,126
07/10/2014,EYW,FL,ASO,ES,Federal Contract Tower,32,8,18,1,59,0,11,31,3,45,32,19,49,4,104,2,0,2,106
07/11/2014,EYW,FL,ASO,ES,Federal Contract Tower,32,19,25,0,76,0,22,46,3,71,32,41,71,3,147,16,0,16,163
07/12/2014,EYW,FL,ASO,ES,Federal Contract Tower,33,9,16,3,61,0,0,0,32,32,33,9,16,35,93,2,0,2,95
07/13/2014,EYW,FL,ASO,ES,Federal Contract Tower,32,11,29,0,72,0,20,52,1,73,32,31,81,1,145,0,0,0,145
07/14/2014,EYW,FL,ASO,ES,Federal Contract Tower,31,8,9,0,48,0,17,38,0,55,31,25,47,0,103,30,0,30,133
07/15/2014,EYW,FL,ASO,ES,Federal Contract Tower,30,6,11,0,47,0,22,31,0,53,30,28,42,0,100,8,0,8,108
07/16/2014,EYW,FL,ASO,ES,Federal Contract Tower,32,12,12,0,56,0,11,19,0,30,32,23,31,0,86,0,0,0,86
07/17/2014,EYW,FL,ASO,ES,Federal Contract Tower,30,8,21,0,59,0,30,31,2,63,30,38,52,2,122,6,0,6,128
07/18/2014,EYW,FL,ASO,ES,Federal Contract Tower,30,14,15,0,59,0,28,48,2,78,30,42,63,2,137,8,0,8,145
07/19/2014,EYW,FL,ASO,ES,Federal Contract Tower,37,14,17,0,68,0,23,51,1,75,37,37,68,1,143,4,0,4,147
07/20/2014,EYW,FL,ASO,ES,Federal Contract Tower,30,7,17,0,54,0,27,61,2,90,30,34,78,2,144,4,0,4,148
07/21/2014,EYW,FL,ASO,ES,Federal Contract Tower,29,12,17,0,58,0,13,18,2,33,29,25,35,2,91,20,0,20,111
07/22/2014,EYW,FL,ASO,ES,Federal Contract Tower,29,9,16,1,55,0,6,19,0,25,29,15,35,1,80,30,0,30,110
07/23/2014,EYW,FL,ASO,ES,Federal Contract Tower,30,17,14,3,64,0,19,22,0,41,30,36,36,3,105,6,0,6,111
07/24/2014,EYW,FL,ASO,ES,Federal Contract Tower,31,9,20,0,60,0,27,34,0,61,31,36,54,0,121,22,0,22,143
07/25/2014,EYW,FL,ASO,ES,Federal Contract Tower,31,18,22,4,75,0,20,77,13,110,31,38,99,17,185,42,0,42,227
07/26/2014,EYW,FL,ASO,ES,Federal Contract Tower,33,13,21,0,67,0,23,52,0,75,33,36,73,0,142,22,0,22,164
07/27/2014,EYW,FL,ASO,ES,Federal Contract Tower,31,7,26,0,64,0,24,69,0,93,31,31,95,0,157,46,0,46,203
07/28/2014,EYW,FL,ASO,ES,Federal Contract Tower,27,7,24,1,59,0,14,57,0,71,27,21,81,1,130,2,0,2,132
07/29/2014,EYW,FL,ASO,ES,Federal Contract Tower,27,9,24,3,63,0,15,42,0,57,27,24,66,3,120,12,0,12,132
07/30/2014,EYW,FL,ASO,ES,Federal Contract Tower,28,12,21,0,61,0,25,28,5,58,28,37,49,5,119,2,0,2,121
07/31/2014,EYW,FL,ASO,ES,Federal Contract Tower,29,11,30,1,71,0,20,36,3,59,29,31,66,4,130,8,0,8,138
08/01/2014,EYW,FL,ASO,ES,Federal Contract Tower,30,10,33,1,74,0,26,37,4,67,30,36,70,5,141,4,0,4,145
08/02/2014,EYW,FL,ASO,ES,Federal Contract Tower,34,7,33,0,74,0,9,42,0,51,34,16,75,0,125,20,0,20,145
08/03/2014,EYW,FL,ASO,ES,Federal Contract Tower,33,5,25,0,63,0,17,27,0,44,33,22,52,0,107,0,0,0,107
08/04/2014,EYW,FL,ASO,ES,Federal Contract Tower,31,8,13,0,52,0,17,14,0,31,31,25,27,0,83,4,0,4,87
08/05/2014,EYW,FL,ASO,ES,Federal Contract Tower,30,5,13,0,48,0,28,17,0,45,30,33,30,0,93,0,0,0,93
08/06/2014,EYW,FL,ASO,ES,Federal Contract Tower,30,17,14,1,62,0,23,18,2,43,30,40,32,3,105,14,0,14,119
08/07/2014,EYW,FL,ASO,ES,Federal Contract Tower,30,12,19,5,66,0,26,39,2,67,30,38,58,7,133,20,0,20,153
08/08/2014,EYW,FL,ASO,ES,Federal Contract Tower,31,8,19,0,58,0,17,48,3,68,31,25,67,3,126,12,0,12,138
08/09/2014,EYW,FL,ASO,ES,Federal Contract Tower,34,2,17,0,53,0,25,44,2,71,34,27,61,2,124,8,0,8,132
08/10/2014,EYW,FL,ASO,ES,Federal Contract Tower,34,12,27,0,73,0,28,78,2,108,34,40,105,2,181,26,0,26,207
08/11/2014,EYW,FL,ASO,ES,Federal Contract Tower,26,17,15,0,58,0,22,27,1,50,26,39,42,1,108,0,0,0,108
08/12/2014,EYW,FL,ASO,ES,Federal Contract Tower,31,11,13,1,56,0,19,27,1,47,31,30,40,2,103,8,0,8,111
08/13/2014,EYW,FL,ASO,ES,Federal Contract Tower,29,18,13,0,60,0,32,35,0,67,29,50,48,0,127,24,0,24,151
08/14/2014,EYW,FL,ASO,ES,Federal Contract Tower,31,12,21,0,64,0,16,44,0,60,31,28,65,0,124,18,0,18,142
08/15/2014,EYW,FL,ASO,ES,Federal Contract Tower,33,13,20,0,66,0,21,15,0,36,33,34,35,0,102,2,0,2,104
08/16/2014,EYW,FL,ASO,ES,Federal Contract Tower,39,4,20,0,63,0,14,42,0,56,39,18,62,0,119,10,0,10,129
08/17/2014,EYW,FL,ASO,ES,Federal Contract Tower,33,5,27,0,65,0,16,38,0,54,33,21,65,0,119,28,0,28,147
08/18/2014,EYW,FL,ASO,ES,Federal Contract Tower,30,12,19,1,62,8,11,28,0,47,38,23,47,1,109,16,0,16,125
08/19/2014,EYW,FL,ASO,ES,Federal Contract Tower,26,19,15,0,60,0,11,28,0,39,26,30,43,0,99,22,0,22,121
08/20/2014,EYW,FL,ASO,ES,Federal Contract Tower,26,16,24,1,67,0,12,24,0,36,26,28,48,1,103,0,0,0,103
08/21/2014,EYW,FL,ASO,ES,Federal Contract Tower,29,12,20,0,61,0,15,18,0,33,29,27,38,0,94,4,0,4,98
08/22/2014,EYW,FL,ASO,ES,Federal Contract Tower,29,15,14,0,58,0,22,31,0,53,29,37,45,0,111,4,0,4,115
08/23/2014,EYW,FL,ASO,ES,Federal Contract Tower,34,9,9,0,52,0,13,41,0,54,34,22,50,0,106,14,0,14,120
08/24/2014,EYW,FL,ASO,ES,Federal Contract Tower,35,8,28,0,71,0,20,57,0,77,35,28,85,0,148,22,0,22,170
08/25/2014,EYW,FL,ASO,ES,Federal Contract Tower,38,11,15,0,64,0,8,17,2,27,38,19,32,2,91,8,0,8,99
08/26/2014,EYW,FL,ASO,ES,Federal Contract Tower,28,15,8,0,51,0,10,17,8,35,28,25,25,8,86,12,2,14,100
08/27/2014,EYW,FL,ASO,ES,Federal Contract Tower,26,12,12,3,53,0,9,12,4,25,26,21,24,7,78,0,0,0,78
08/28/2014,EYW,FL,ASO,ES,Federal Contract Tower,29,16,9,0,54,0,10,21,0,31,29,26,30,0,85,4,0,4,89
08/29/2014,EYW,FL,ASO,ES,Federal Contract Tower,34,23,31,0,88,0,14,49,2,65,34,37,80,2,153,10,0,10,163
08/30/2014,EYW,FL,ASO,ES,Federal Contract Tower,33,8,21,0,62,0,19,67,0,86,33,27,88,0,148,22,0,22,170
08/31/2014,EYW,FL,ASO,ES,Federal Contract Tower,27,2,14,1,44,0,22,39,0,61,27,24,53,1,105,0,0,0,105
09/01/2014,EYW,FL,ASO,ES,Federal Contract Tower,30,6,34,0,70,0,19,67,17,103,30,25,101,17,173,24,0,24,197
09/02/2014,EYW,FL,ASO,ES,Federal Contract Tower,26,6,13,0,45,0,10,11,3,24,26,16,24,3,69,2,0,2,71
09/03/2014,EYW,FL,ASO,ES,Federal Contract Tower,25,13,7,5,50,0,13,23,4,40,25,26,30,9,90,18,0,18,108
09/04/2014,EYW,FL,ASO,ES,Federal Contract Tower,29,12,12,0,53,0,10,14,2,26,29,22,26,2,79,16,0,16,95
09/05/2014,EYW,FL,ASO,ES,Federal Contract Tower,29,16,29,0,74,0,10,31,4,45,29,26,60,4,119,4,0,4,123
09/06/2014,EYW,FL,ASO,ES,Federal Contract Tower,32,10,11,0,53,0,16,44,4,64,32,26,55,4,117,24,0,24,141
09/07/2014,EYW,FL,ASO,ES,Federal Contract Tower,30,5,10,0,45,0,15,32,0,47,30,20,42,0,92,22,0,22,114
09/08/2014,EYW,FL,ASO,ES,Federal Contract Tower,27,4,8,0,39,0,12,25,5,42,27,16,33,5,81,6,0,6,87
09/09/2014,EYW,FL,ASO,ES,Federal Contract Tower,24,4,15,0,43,0,15,39,2,56,24,19,54,2,99,22,0,22,121
09/10/2014,EYW,FL,ASO,ES,Federal Contract Tower,25,12,15,0,52,0,10,24,1,35,25,22,39,1,87,6,0,6,93
09/11/2014,EYW,FL,ASO,ES,Federal Contract Tower,30,7,14,2,53,0,6,14,1,21,30,13,28,3,74,0,0,0,74
09/12/2014,EYW,FL,ASO,ES,Federal Contract Tower,31,10,13,0,54,0,0,7,1,8,31,10,20,1,62,0,0,0,62
09/13/2014,EYW,FL,ASO,ES,Federal Contract Tower,30,4,7,0,41,0,9,20,0,29,30,13,27,0,70,0,0,0,70
09/14/2014,EYW,FL,ASO,ES,Federal Contract Tower,31,7,22,0,60,0,8,23,0,31,31,15,45,0,91,0,0,0,91
09/15/2014,EYW,FL,ASO,ES,Federal Contract Tower,28,5,11,0,44,0,16,36,2,54,28,21,47,2,98,6,0,6,104
09/16/2014,EYW,FL,ASO,ES,Federal Contract Tower,25,8,8,0,41,0,14,28,4,46,25,22,36,4,87,18,0,18,105
09/17/2014,EYW,FL,ASO,ES,Federal Contract Tower,23,11,4,2,40,0,10,23,5,38,23,21,27,7,78,28,0,28,106
09/18/2014,EYW,FL,ASO,ES,Federal Contract Tower,28,12,8,0,48,0,11,15,2,28,28,23,23,2,76,0,0,0,76
09/19/2014,EYW,FL,ASO,ES,Federal Contract Tower,31,9,17,0,57,0,15,26,7,48,31,24,43,7,105,4,0,4,109
09/20/2014,EYW,FL,ASO,ES,Federal Contract Tower,32,4,8,0,44,0,6,37,0,43,32,10,45,0,87,10,0,10,97
09/21/2014,EYW,FL,ASO,ES,Federal Contract Tower,30,6,28,0,64,0,15,33,4,52,30,21,61,4,116,6,0,6,122
09/22/2014,EYW,FL,ASO,ES,Federal Contract Tower,30,9,10,0,49,0,11,6,2,19,30,20,16,2,68,0,0,0,68
09/23/2014,EYW,FL,ASO,ES,Federal Contract Tower,24,11,8,0,43,0,2,9,3,14,24,13,17,3,57,0,0,0,57
09/24/2014,EYW,FL,ASO,ES,Federal Contract Tower,26,15,12,0,53,0,12,19,8,39,26,27,31,8,92,10,0,10,102
09/25/2014,EYW,FL,ASO,ES,Federal Contract Tower,29,9,7,0,45,0,14,32,2,48,29,23,39,2,93,18,0,18,111
09/26/2014,EYW,FL,ASO,ES,Federal Contract Tower,30,9,16,0,55,0,11,20,1,32,30,20,36,1,87,8,0,8,95
09/27/2014,EYW,FL,ASO,ES,Federal Contract Tower,32,5,22,1,60,0,9,35,0,44,32,14,57,1,104,30,0,30,134
09/28/2014,EYW,FL,ASO,ES,Federal Contract Tower,32,6,23,2,63,0,9,46,0,55,32,15,69,2,118,8,0,8,126
09/29/2014,EYW,FL,ASO,ES,Federal Contract Tower,28,5,12,1,46,0,4,26,0,30,28,9,38,1,76,24,0,24,100
09/30/2014,EYW,FL,ASO,ES,Federal Contract Tower,26,6,11,0,43,0,9,21,4,34,26,15,32,4,77,12,0,12,89
10/01/2014,EYW,FL,ASO,ES,Federal Contract Tower,26,6,18,0,50,0,6,20,7,33,26,12,38,7,83,30,0,30,113
10/02/2014,EYW,FL,ASO,ES,Federal Contract Tower,32,9,11,0,52,0,5,17,2,24,32,14,28,2,76,6,0,6,82
10/03/2014,EYW,FL,ASO,ES,Federal Contract Tower,29,11,22,0,62,0,5,30,1,36,29,16,52,1,98,20,0,20,118
10/04/2014,EYW,FL,ASO,ES,Federal Contract Tower,36,4,29,0,69,0,8,24,0,32,36,12,53,0,101,6,0,6,107
10/05/2014,EYW,FL,ASO,ES,Federal Contract Tower,34,5,27,0,66,0,17,42,0,59,34,22,69,0,125,2,0,2,127
10/06/2014,EYW,FL,ASO,ES,Federal Contract Tower,30,2,12,0,44,0,14,31,0,45,30,16,43,0,89,0,0,0,89
10/07/2014,EYW,FL,ASO,ES,Federal Contract Tower,27,8,14,0,49,0,15,18,1,34,27,23,32,1,83,0,0,0,83
10/08/2014,EYW,FL,ASO,ES,Federal Contract Tower,28,12,16,1,57,0,14,25,0,39,28,26,41,1,96,0,0,0,96
10/09/2014,EYW,FL,ASO,ES,Federal Contract Tower,31,26,20,0,77,2,23,32,4,61,33,49,52,4,138,24,0,24,162
10/10/2014,EYW,FL,ASO,ES,Federal Contract Tower,33,14,16,0,63,0,18,41,4,63,33,32,57,4,126,22,0,22,148
10/11/2014,EYW,FL,ASO,ES,Federal Contract Tower,35,4,15,0,54,0,27,31,0,58,35,31,46,0,112,22,0,22,134
10/12/2014,EYW,FL,ASO,ES,Federal Contract Tower,34,13,23,0,70,0,25,34,0,59,34,38,57,0,129,4,0,4,133
10/13/2014,EYW,FL,ASO,ES,Federal Contract Tower,32,11,8,0,51,0,28,20,0,48,32,39,28,0,99,6,0,6,105
10/14/2014,EYW,FL,ASO,ES,Federal Contract Tower,32,6,4,0,42,0,17,15,0,32,32,23,19,0,74,4,0,4,78
10/15/2014,EYW,FL,ASO,ES,Federal Contract Tower,28,12,14,0,54,0,12,21,0,33,28,24,35,0,87,20,0,20,107
10/16/2014,EYW,FL,ASO,ES,Federal Contract Tower,31,12,30,0,73,0,7,46,0,53,31,19,76,0,126,36,0,36,162
10/17/2014,EYW,FL,ASO,ES,Federal Contract Tower,31,14,29,0,74,0,10,51,0,61,31,24,80,0,135,10,0,10,145
10/18/2014,EYW,FL,ASO,ES,Federal Contract Tower,37,11,29,0,77,0,18,49,0,67,37,29,78,0,144,6,0,6,150
10/19/2014,EYW,FL,ASO,ES,Federal Contract Tower,31,8,35,0,74,0,13,67,0,80,31,21,102,0,154,44,0,44,198
10/20/2014,EYW,FL,ASO,ES,Federal Contract Tower,30,10,21,3,64,0,8,39,0,47,30,18,60,3,111,22,0,22,133
10/21/2014,EYW,FL,ASO,ES,Federal Contract Tower,24,7,20,0,51,0,1,8,0,9,24,8,28,0,60,14,0,14,74
10/22/2014,EYW,FL,ASO,ES,Federal Contract Tower,25,19,33,0,77,0,7,16,0,23,25,26,49,0,100,20,0,20,120
10/23/2014,EYW,FL,ASO,ES,Federal Contract Tower,30,10,41,0,81,0,0,19,0,19,30,10,60,0,100,2,0,2,102
10/24/2014,EYW,FL,ASO,ES,Federal Contract Tower,32,21,31,0,84,0,10,22,0,32,32,31,53,0,116,4,0,4,120
10/25/2014,EYW,FL,ASO,ES,Federal Contract Tower,35,7,38,0,80,0,8,80,4,92,35,15,118,4,172,8,0,8,180
10/26/2014,EYW,FL,ASO,ES,Federal Contract Tower,43,19,58,0,120,0,22,114,4,140,43,41,172,4,260,4,0,4,264
10/27/2014,EYW,FL,ASO,ES,Federal Contract Tower,41,11,18,0,70,0,17,42,2,61,41,28,60,2,131,8,0,8,139
10/28/2014,EYW,FL,ASO,ES,Federal Contract Tower,30,13,25,0,68,0,15,33,0,48,30,28,58,0,116,30,0,30,146
10/29/2014,EYW,FL,ASO,ES,Federal Contract Tower,28,17,21,0,66,0,14,42,0,56,28,31,63,0,122,0,0,0,122
10/30/2014,EYW,FL,ASO,ES,Federal Contract Tower,30,15,15,0,60,0,11,38,2,51,30,26,53,2,111,24,0,24,135
10/31/2014,EYW,FL,ASO,ES,Federal Contract Tower,32,13,15,0,60,0,15,35,0,50,32,28,50,0,110,10,0,10,120
11/01/2014,EYW,FL,ASO,ES,Federal Contract Tower,34,12,27,0,73,0,6,39,0,45,34,18,66,0,118,6,0,6,124
11/02/2014,EYW,FL,ASO,ES,Federal Contract Tower,33,8,23,0,64,0,7,60,0,67,33,15,83,0,131,0,0,0,131
11/03/2014,EYW,FL,ASO,ES,Federal Contract Tower,32,11,14,1,58,0,10,27,1,38,32,21,41,2,96,16,0,16,112
11/04/2014,EYW,FL,ASO,ES,Federal Contract Tower,27,13,19,0,59,0,18,22,3,43,27,31,41,3,102,10,0,10,112
11/05/2014,EYW,FL,ASO,ES,Federal Contract Tower,27,18,23,0,68,0,25,59,0,84,27,43,82,0,152,34,0,34,186
11/06/2014,EYW,FL,ASO,ES,Federal Contract Tower,40,16,14,0,70,0,12,59,2,73,40,28,73,2,143,18,0,18,161
11/07/2014,EYW,FL,ASO,ES,Federal Contract Tower,43,17,41,0,101,0,20,86,4,110,43,37,127,4,211,56,0,56,267
11/08/2014,EYW,FL,ASO,ES,Federal Contract Tower,34,9,25,0,68,24,52,1,0,77,58,61,26,0,145,22,0,22,167
11/09/2014,EYW,FL,ASO,ES,Federal Contract Tower,43,17,48,0,108,0,8,56,0,64,43,25,104,0,172,28,0,28,200
11/10/2014,EYW,FL,ASO,ES,Federal Contract Tower,45,15,37,0,97,0,18,30,0,48,45,33,67,0,145,2,0,2,147
11/11/2014,EYW,FL,ASO,ES,Federal Contract Tower,46,10,18,0,74,0,11,45,0,56,46,21,63,0,130,26,0,26,156
11/12/2014,EYW,FL,ASO,ES,Federal Contract Tower,41,10,16,0,67,0,12,41,0,53,41,22,57,0,120,30,0,30,150
11/13/2014,EYW,FL,ASO,ES,Federal Contract Tower,39,7,36,0,82,0,20,54,0,74,39,27,90,0,156,26,0,26,182
11/14/2014,EYW,FL,ASO,ES,Federal Contract Tower,41,8,26,0,75,0,21,45,4,70,41,29,71,4,145,20,0,20,165
11/15/2014,EYW,FL,ASO,ES,Federal Contract Tower,34,9,10,0,53,0,25,61,0,86,34,34,71,0,139,14,0,14,153
11/16/2014,EYW,FL,ASO,ES,Federal Contract Tower,42,6,30,0,78,0,21,56,0,77,42,27,86,0,155,20,0,20,175
11/17/2014,EYW,FL,ASO,ES,Federal Contract Tower,39,3,17,0,59,0,19,26,0,45,39,22,43,0,104,10,0,10,114
11/18/2014,EYW,FL,ASO,ES,Federal Contract Tower,42,10,10,0,62,0,2,8,0,10,42,12,18,0,72,18,0,18,90
11/19/2014,EYW,FL,ASO,ES,Federal Contract Tower,38,9,9,0,56,0,3,4,0,7,38,12,13,0,63,0,0,0,63
11/20/2014,EYW,FL,ASO,ES,Federal Contract Tower,41,13,17,2,73,0,10,20,0,30,41,23,37,2,103,0,0,0,103
11/21/2014,EYW,FL,ASO,ES,Federal Contract Tower,37,16,32,0,85,0,2,0,0,2,37,18,32,0,87,0,0,0,87
11/22/2014,EYW,FL,ASO,ES,Federal Contract Tower,33,8,21,0,62,0,4,12,0,16,33,12,33,0,78,28,0,28,106
11/23/2014,EYW,FL,ASO,ES,Federal Contract Tower,43,22,24,0,89,0,30,35,0,65,43,52,59,0,154,14,0,14,168
11/24/2014,EYW,FL,ASO,ES,Federal Contract Tower,41,8,19,0,68,0,25,44,5,74,41,33,63,5,142,22,0,22,164
11/25/2014,EYW,FL,ASO,ES,Federal Contract Tower,41,7,29,0,77,0,26,24,0,50,41,33,53,0,127,32,0,32,159
11/26/2014,EYW,FL,ASO,ES,Federal Contract Tower,40,11,35,0,86,0,12,2,0,14,40,23,37,0,100,0,0,0,100
11/27/2014,EYW,FL,ASO,ES,Federal Contract Tower,31,6,10,0,47,0,5,13,0,18,31,11,23,0,65,2,0,2,67
11/28/2014,EYW,FL,ASO,ES,Federal Contract Tower,38,11,12,0,61,0,6,60,2,68,38,17,72,2,129,16,0,16,145
11/29/2014,EYW,FL,ASO,ES,Federal Contract Tower,34,14,25,0,73,0,31,89,0,120,34,45,114,0,193,28,0,28,221
11/30/2014,EYW,FL,ASO,ES,Federal Contract Tower,39,33,34,1,107,0,21,53,0,74,39,54,87,1,181,10,0,10,191
12/01/2014,EYW,FL,ASO,ES,Federal Contract Tower,43,13,25,1,82,0,13,36,0,49,43,26,61,1,131,18,0,18,149
12/02/2014,EYW,FL,ASO,ES,Federal Contract Tower,41,12,19,0,72,0,11,27,0,38,41,23,46,0,110,44,0,44,154
12/03/2014,EYW,FL,ASO,ES,Federal Contract Tower,41,9,24,0,74,0,18,37,2,57,41,27,61,2,131,12,0,12,143
12/04/2014,EYW,FL,ASO,ES,Federal Contract Tower,44,19,20,0,83,0,11,40,8,59,44,30,60,8,142,14,0,14,156
12/05/2014,EYW,FL,ASO,ES,Federal Contract Tower,43,25,27,0,95,0,6,43,3,52,43,31,70,3,147,20,0,20,167
12/06/2014,EYW,FL,ASO,ES,Federal Contract Tower,36,13,17,0,66,0,12,61,0,73,36,25,78,0,139,28,0,28,167
12/07/2014,EYW,FL,ASO,ES,Federal Contract Tower,42,20,37,0,99,0,21,52,2,75,42,41,89,2,174,2,0,2,176
12/08/2014,EYW,FL,ASO,ES,Federal Contract Tower,39,17,9,0,65,0,11,32,0,43,39,28,41,0,108,14,0,14,122
12/09/2014,EYW,FL,ASO,ES,Federal Contract Tower,45,10,9,0,64,0,11,12,0,23,45,21,21,0,87,2,0,2,89
12/10/2014,EYW,FL,ASO,ES,Federal Contract Tower,43,11,11,0,65,0,13,28,0,41,43,24,39,0,106,26,0,26,132
12/11/2014,EYW,FL,ASO,ES,Federal Contract Tower,42,18,21,0,81,0,16,40,0,56,42,34,61,0,137,4,0,4,141
12/12/2014,EYW,FL,ASO,ES,Federal Contract Tower,40,15,18,0,73,0,0,18,41,59,40,15,36,41,132,36,0,36,168
12/13/2014,EYW,FL,ASO,ES,Federal Contract Tower,37,13,17,0,67,0,13,42,0,55,37,26,59,0,122,14,0,14,136
12/14/2014,EYW,FL,ASO,ES,Federal Contract Tower,42,12,27,2,83,0,16,70,2,88,42,28,97,4,171,26,0,26,197
12/15/2014,EYW,FL,ASO,ES,Federal Contract Tower,43,14,8,1,66,0,14,32,0,46,43,28,40,1,112,6,0,6,118
12/16/2014,EYW,FL,ASO,ES,Federal Contract Tower,38,9,17,0,64,0,17,30,0,47,38,26,47,0,111,42,0,42,153
12/17/2014,EYW,FL,ASO,ES,Federal Contract Tower,41,15,15,0,71,0,11,44,0,55,41,26,59,0,126,14,6,20,146
12/18/2014,EYW,FL,ASO,ES,Federal Contract Tower,46,18,16,1,81,0,18,37,3,58,46,36,53,4,139,6,0,6,145
12/19/2014,EYW,FL,ASO,ES,Federal Contract Tower,46,21,23,1,91,0,18,29,3,50,46,39,52,4,141,10,0,10,151
12/20/2014,EYW,FL,ASO,ES,Federal Contract Tower,43,13,14,0,70,0,18,61,6,85,43,31,75,6,155,24,0,24,179
12/21/2014,EYW,FL,ASO,ES,Federal Contract Tower,47,21,29,0,97,0,30,48,6,84,47,51,77,6,181,6,0,6,187
12/22/2014,EYW,FL,ASO,ES,Federal Contract Tower,47,12,14,0,73,0,26,47,5,78,47,38,61,5,151,18,0,18,169
12/23/2014,EYW,FL,ASO,ES,Federal Contract Tower,48,15,12,0,75,0,26,49,0,75,48,41,61,0,150,28,0,28,178
12/24/2014,EYW,FL,ASO,ES,Federal Contract Tower,43,18,12,0,73,0,24,13,0,37,43,42,25,0,110,0,0,0,110
12/25/2014,EYW,FL,ASO,ES,Federal Contract Tower,44,5,9,0,58,0,1,28,0,29,44,6,37,0,87,0,0,0,87
12/26/2014,EYW,FL,ASO,ES,Federal Contract Tower,50,28,43,0,121,0,29,43,0,72,50,57,86,0,193,4,0,4,197
12/27/2014,EYW,FL,ASO,ES,Federal Contract Tower,47,60,39,0,146,0,30,62,0,92,47,90,101,0,238,0,0,0,238
12/28/2014,EYW,FL,ASO,ES,Federal Contract Tower,47,22,43,0,112,0,36,59,0,95,47,58,102,0,207,12,0,12,219
12/29/2014,EYW,FL,ASO,ES,Federal Contract Tower,44,14,45,0,103,0,32,44,0,76,44,46,89,0,179,2,0,2,181
12/30/2014,EYW,FL,ASO,ES,Federal Contract Tower,46,25,32,1,104,0,36,70,0,106,46,61,102,1,210,50,0,50,260
12/31/2014,EYW,FL,ASO,ES,Federal Contract Tower,43,21,39,1,104,0,14,46,1,61,43,35,85,2,165,24,0,24,189
01/01/2015,EYW,FL,ASO,ES,Federal Contract Tower,43,3,50,0,96,0,23,36,0,59,43,26,86,0,155,26,0,26,181
01/02/2015,EYW,FL,ASO,ES,Federal Contract Tower,50,21,48,0,119,0,0,0,0,0,50,21,48,0,119,20,0,20,139
01/03/2015,EYW,FL,ASO,ES,Federal Contract Tower,52,18,63,0,133,0,33,67,5,105,52,51,130,5,238,10,0,10,248
01/04/2015,EYW,FL,ASO,ES,Federal Contract Tower,48,20,32,0,100,0,33,69,3,105,48,53,101,3,205,28,0,28,233
01/05/2015,EYW,FL,ASO,ES,Federal Contract Tower,46,19,22,0,87,0,26,37,4,67,46,45,59,4,154,8,0,8,162
01/06/2015,EYW,FL,ASO,ES,Federal Contract Tower,44,13,25,0,82,0,19,45,3,67,44,32,70,3,149,10,0,10,159
01/07/2015,EYW,FL,ASO,ES,Federal Contract Tower,47,12,21,1,81,0,21,39,4,64,47,33,60,5,145,6,0,6,151
01/08/2015,EYW,FL,ASO,ES,Federal Contract Tower,50,14,28,1,93,0,3,27,0,30,50,17,55,1,123,4,0,4,127
01/09/2015,EYW,FL,ASO,ES,Federal Contract Tower,51,28,31,0,110,0,26,47,0,73,51,54,78,0,183,6,0,6,189
01/10/2015,EYW,FL,ASO,ES,Federal Contract Tower,44,20,41,0,105,0,10,28,0,38,44,30,69,0,143,0,0,0,143
01/11/2015,EYW,FL,ASO,ES,Federal Contract Tower,54,25,21,0,100,0,22,60,0,82,54,47,81,0,182,14,0,14,196
01/12/2015,EYW,FL,ASO,ES,Federal Contract Tower,42,15,14,0,71,0,13,16,0,29,42,28,30,0,100,20,0,20,120
01/13/2015,EYW,FL,ASO,ES,Federal Contract Tower,46,7,24,0,77,0,15,26,0,41,46,22,50,0,118,32,0,32,150
01/14/2015,EYW,FL,ASO,ES,Federal Contract Tower,46,29,39,0,114,0,0,2,0,2,46,29,41,0,116,0,0,0,116
01/15/2015,EYW,FL,ASO,ES,Federal Contract Tower,50,22,38,2,112,0,23,42,0,65,50,45,80,2,177,16,0,16,193
01/16/2015,EYW,FL,ASO,ES,Federal Contract Tower,50,19,49,0,118,0,11,25,7,43,50,30,74,7,161,6,0,6,167
01/17/2015,EYW,FL,ASO,ES,Federal Contract Tower,45,5,40,0,90,0,12,70,1,83,45,17,110,1,173,0,0,0,173
01/18/2015,EYW,FL,ASO,ES,Federal Contract Tower,53,17,41,0,111,0,22,71,0,93,53,39,112,0,204,18,0,18,222
01/19/2015,EYW,FL,ASO,ES,Federal Contract Tower,49,24,40,0,113,0,21,61,0,82,49,45,101,0,195,12,0,12,207
01/20/2015,EYW,FL,ASO,ES,Federal Contract Tower,44,10,20,1,75,0,8,32,2,42,44,18,52,3,117,24,0,24,141
01/21/2015,EYW,FL,ASO,ES,Federal Contract Tower,49,12,23,1,85,0,25,49,3,77,49,37,72,4,162,38,0,38,200
01/22/2015,EYW,FL,ASO,ES,Federal Contract Tower,49,12,33,0,94,0,15,37,2,54,49,27,70,2,148,8,0,8,156
01/23/2015,EYW,FL,ASO,ES,Federal Contract Tower,49,24,33,0,106,0,18,56,1,75,49,42,89,1,181,28,0,28,209
01/24/2015,EYW,FL,ASO,ES,Federal Contract Tower,45,13,22,0,80,0,3,5,0,8,45,16,27,0,88,8,0,8,96
01/25/2015,EYW,FL,ASO,ES,Federal Contract Tower,54,13,37,0,104,0,19,55,0,74,54,32,92,0,178,10,0,10,188
01/26/2015,EYW,FL,ASO,ES,Federal Contract Tower,42,13,17,0,72,0,12,30,0,42,42,25,47,0,114,26,0,26,140
01/27/2015,EYW,FL,ASO,ES,Federal Contract Tower,45,12,16,1,74,0,8,39,0,47,45,20,55,1,121,30,0,30,151
01/28/2015,EYW,FL,ASO,ES,Federal Contract Tower,44,13,24,0,81,0,24,44,7,75,44,37,68,7,156,6,0,6,162
01/29/2015,EYW,FL,ASO,ES,Federal Contract Tower,50,7,46,1,104,0,19,51,1,71,50,26,97,2,175,32,0,32,207
01/30/2015,EYW,FL,ASO,ES,Federal Contract Tower,50,16,31,0,97,0,24,61,0,85,50,40,92,0,182,28,0,28,210
01/31/2015,EYW,FL,ASO,ES,Federal Contract Tower,46,14,25,2,87,0,24,55,0,79,46,38,80,2,166,4,0,4,170
02/01/2015,EYW,FL,ASO,ES,Federal Contract Tower,48,15,29,0,92,0,18,34,2,54,48,33,63,2,146,6,0,6,152
02/02/2015,EYW,FL,ASO,ES,Federal Contract Tower,45,9,6,1,61,0,9,29,0,38,45,18,35,1,99,6,0,6,105
02/03/2015,EYW,FL,ASO,ES,Federal Contract Tower,43,12,37,2,94,0,12,26,0,38,43,24,63,2,132,2,0,2,134
02/04/2015,EYW,FL,ASO,ES,Federal Contract Tower,45,9,26,2,82,0,14,38,0,52,45,23,64,2,134,4,0,4,138
02/05/2015,EYW,FL,ASO,ES,Federal Contract Tower,38,11,27,0,76,0,1,7,0,8,38,12,34,0,84,0,0,0,84
02/06/2015,EYW,FL,ASO,ES,Federal Contract Tower,46,20,18,0,84,0,5,19,1,25,46,25,37,1,109,2,0,2,111
02/07/2015,EYW,FL,ASO,ES,Federal Contract Tower,45,17,24,2,88,0,12,49,3,64,45,29,73,5,152,0,0,0,152
02/08/2015,EYW,FL,ASO,ES,Federal Contract Tower,52,23,31,0,106,0,44,83,0,127,52,67,114,0,233,18,0,18,251
02/09/2015,EYW,FL,ASO,ES,Federal Contract Tower,42,15,30,0,87,0,12,18,0,30,42,27,48,0,117,26,0,26,143
02/10/2015,EYW,FL,ASO,ES,Federal Contract Tower,43,12,25,0,80,0,9,30,0,39,43,21,55,0,119,0,0,0,119
02/11/2015,EYW,FL,ASO,ES,Federal Contract Tower,48,19,25,0,92,0,27,57,0,84,48,46,82,0,176,10,2,12,188
02/12/2015,EYW,FL,ASO,ES,Federal Contract Tower,44,21,33,0,98,0,18,64,0,82,44,39,97,0,180,10,0,10,190
02/13/2015,EYW,FL,ASO,ES,Federal Contract Tower,47,18,33,0,98,0,30,74,1,105,47,48,107,1,203,0,0,0,203
02/14/2015,EYW,FL,ASO,ES,Federal Contract Tower,39,13,43,0,95,0,25,72,0,97,39,38,115,0,192,2,0,2,194
02/15/2015,EYW,FL,ASO,ES,Federal Contract Tower,38,16,50,1,105,0,14,64,1,79,38,30,114,2,184,8,0,8,192
02/16/2015,EYW,FL,ASO,ES,Federal Contract Tower,42,25,38,0,105,0,44,58,0,102,42,69,96,0,207,0,0,0,207
02/17/2015,EYW,FL,ASO,ES,Federal Contract Tower,42,8,34,0,84,0,34,50,2,86,42,42,84,2,170,10,0,10,180
02/18/2015,EYW,FL,ASO,ES,Federal Contract Tower,46,14,21,0,81,0,5,5,0,10,46,19,26,0,91,0,0,0,91
02/19/2015,EYW,FL,ASO,ES,Federal Contract Tower,59,18,26,0,103,0,11,9,0,20,59,29,35,0,123,4,0,4,127
02/20/2015,EYW,FL,ASO,ES,Federal Contract Tower,52,23,28,2,105,0,19,60,0,79,52,42,88,2,184,6,0,6,190
02/21/2015,EYW,FL,ASO,ES,Federal Contract Tower,46,9,43,5,103,0,18,65,2,85,46,27,108,7,188,20,0,20,208
02/22/2015,EYW,FL,ASO,ES,Federal Contract Tower,44,19,50,0,113,0,22,83,2,107,44,41,133,2,220,24,0,24,244
02/23/2015,EYW,FL,ASO,ES,Federal Contract Tower,44,14,30,1,89,0,23,50,4,77,44,37,80,5,166,6,0,6,172
02/24/2015,EYW,FL,ASO,ES,Federal Contract Tower,45,19,33,3,100,0,11,30,0,41,45,30,63,3,141,28,0,28,169
02/25/2015,EYW,FL,ASO,ES,Federal Contract Tower,42,15,45,0,102,0,15,45,0,60,42,30,90,0,162,0,0,0,162
02/26/2015,EYW,FL,ASO,ES,Federal Contract Tower,45,17,37,0,99,0,16,67,0,83,45,33,104,0,182,28,0,28,210
02/27/2015,EYW,FL,ASO,ES,Federal Contract Tower,52,36,42,0,130,0,10,32,0,42,52,46,74,0,172,0,0,0,172
02/28/2015,EYW,FL,ASO,ES,Federal Contract Tower,44,17,32,0,93,0,24,51,0,75,44,41,83,0,168,40,0,40,208
03/01/2015,EYW,FL,ASO,ES,Federal Contract Tower,42,25,41,0,108,0,35,87,0,122,42,60,128,0,230,10,0,10,240
03/02/2015,EYW,FL,ASO,ES,Federal Contract Tower,43,15,28,0,86,0,26,45,0,71,43,41,73,0,157,56,0,56,213
03/03/2015,EYW,FL,ASO,ES,Federal Contract Tower,52,17,31,0,100,0,33,46,1,80,52,50,77,1,180,4,0,4,184
03/04/2015,EYW,FL,ASO,ES,Federal Contract Tower,49,12,33,4,98,0,19,46,0,65,49,31,79,4,163,26,0,26,189
03/05/2015,EYW,FL,ASO,ES,Federal Contract Tower,46,14,30,0,90,0,34,55,0,89,46,48,85,0,179,26,0,26,205
03/06/2015,EYW,FL,ASO,ES,Federal Contract Tower,46,14,31,0,91,0,24,50,2,76,46,38,81,2,167,18,0,18,185
03/07/2015,EYW,FL,ASO,ES,Federal Contract Tower,47,10,39,0,96,0,19,70,0,89,47,29,109,0,185,26,0,26,211
03/08/2015,EYW,FL,ASO,ES,Federal Contract Tower,46,32,48,0,126,0,32,49,0,81,46,64,97,0,207,10,0,10,217
03/09/2015,EYW,FL,ASO,ES,Federal Contract Tower,49,11,23,0,83,0,29,32,0,61,49,40,55,0,144,36,0,36,180
03/10/2015,EYW,FL,ASO,ES,Federal Contract Tower,51,13,27,0,91,0,26,71,0,97,51,39,98,0,188,6,0,6,194
03/11/2015,EYW,FL,ASO,ES,Federal Contract Tower,49,8,27,0,84,0,14,60,1,75,49,22,87,1,159,34,0,34,193
03/12/2015,EYW,FL,ASO,ES,Federal Contract Tower,49,14,38,0,101,0,28,70,0,98,49,42,108,0,199,6,0,6,205
03/13/2015,EYW,FL,ASO,ES,Federal Contract Tower,49,24,63,0,136,0,31,60,0,91,49,55,123,0,227,2,0,2,229
03/14/2015,EYW,FL,ASO,ES,Federal Contract Tower,48,21,31,0,100,0,26,72,2,100,48,47,103,2,200,38,0,38,238
03/15/2015,EYW,FL,ASO,ES,Federal Contract Tower,49,22,49,0,120,0,29,91,0,120,49,51,140,0,240,52,0,52,292
03/16/2015,EYW,FL,ASO,ES,Federal Contract Tower,51,10,28,1,90,0,32,49,0,81,51,42,77,1,171,62,0,62,233
03/17/2015,EYW,FL,ASO,ES,Federal Contract Tower,54,13,16,0,83,0,24,54,2,80,54,37,70,2,163,32,0,32,195
03/18/2015,EYW,FL,ASO,ES,Federal Contract Tower,52,26,24,0,102,0,27,62,6,95,52,53,86,6,197,12,0,12,209
03/19/2015,EYW,FL,ASO,ES,Federal Contract Tower,46,12,38,0,96,0,21,61,0,82,46,33,99,0,178,26,0,26,204
03/20/2015,EYW,FL,ASO,ES,Federal Contract Tower,40,26,40,0,106,0,25,84,3,112,40,51,124,3,218,4,0,4,222
03/21/2015,EYW,FL,ASO,ES,Federal Contract Tower,44,20,52,0,116,0,23,76,0,99,44,43,128,0,215,64,0,64,279
03/22/2015,EYW,FL,ASO,ES,Federal Contract Tower,44,18,46,0,108,0,19,57,0,76,44,37,103,0,184,32,0,32,216
03/23/2015,EYW,FL,ASO,ES,Federal Contract Tower,48,12,27,0,87,0,13,49,0,62,48,25,76,0,149,44,0,44,193
03/24/2015,EYW,FL,ASO,ES,Federal Contract Tower,51,16,21,0,88,0,23,34,0,57,51,39,55,0,145,4,0,4,149
03/25/2015,EYW,FL,ASO,ES,Federal Contract Tower,50,9,27,0,86,0,12,43,1,56,50,21,70,1,142,8,0,8,150
03/26/2015,EYW,FL,ASO,ES,Federal Contract Tower,51,23,38,0,112,0,17,50,1,68,51,40,88,1,180,32,0,32,212
03/27/2015,EYW,FL,ASO,ES,Federal Contract Tower,45,16,23,0,84,0,9,41,0,50,45,25,64,0,134,18,0,18,152
03/28/2015,EYW,FL,ASO,ES,Federal Contract Tower,49,37,36,0,122,0,6,32,0,38,49,43,68,0,160,6,0,6,166
03/29/2015,EYW,FL,ASO,ES,Federal Contract Tower,49,24,39,0,112,0,10,57,0,67,49,34,96,0,179,8,0,8,187
03/30/2015,EYW,FL,ASO,ES,Federal Contract Tower,51,12,34,0,97,0,16,56,0,72,51,28,90,0,169,24,0,24,193
03/31/2015,EYW,FL,ASO,ES,Federal Contract Tower,51,24,22,0,97,0,11,37,0,48,51,35,59,0,145,20,0,20,165
04/01/2015,EYW,FL,ASO,ES,Federal Contract Tower,47,12,33,0,92,0,13,60,0,73,47,25,93,0,165,40,0,40,205
04/02/2015,EYW,FL,ASO,ES,Federal Contract Tower,49,17,26,0,92,0,25,67,0,92,49,42,93,0,184,28,0,28,212
04/03/2015,EYW,FL,ASO,ES,Federal Contract Tower,46,24,28,0,98,0,30,81,3,114,46,54,109,3,212,2,0,2,214
04/04/2015,EYW,FL,ASO,ES,Federal Contract Tower,44,26,34,0,104,0,34,84,0,118,44,60,118,0,222,14,0,14,236
04/05/2015,EYW,FL,ASO,ES,Federal Contract Tower,49,14,31,1,95,0,29,73,0,102,49,43,104,1,197,20,0,20,217
04/06/2015,EYW,FL,ASO,ES,Federal Contract Tower,50,32,12,1,95,0,36,60,0,96,50,68,72,1,191,8,0,8,199
04/07/2015,EYW,FL,ASO,ES,Federal Contract Tower,52,13,17,1,83,0,25,24,0,49,52,38,41,1,132,6,0,6,138
04/08/2015,EYW,FL,ASO,ES,Federal Contract Tower,50,11,43,1,105,0,31,44,0,75,50,42,87,1,180,4,0,4,184
04/09/2015,EYW,FL,ASO,ES,Federal Contract Tower,50,13,18,0,81,0,31,75,0,106,50,44,93,0,187,0,2,2,189
04/10/2015,EYW,FL,ASO,ES,Federal Contract Tower,50,26,27,5,108,0,34,66,4,104,50,60,93,9,212,0,2,2,214
04/11/2015,EYW,FL,ASO,ES,Federal Contract Tower,46,17,42,2,107,0,30,54,0,84,46,47,96,2,191,32,0,32,223
04/12/2015,EYW,FL,ASO,ES,Federal Contract Tower,50,36,32,0,118,0,23,79,0,102,50,59,111,0,220,8,0,8,228
04/13/2015,EYW,FL,ASO,ES,Federal Contract Tower,48,21,22,0,91,0,20,40,0,60,48,41,62,0,151,16,0,16,167
04/14/2015,EYW,FL,ASO,ES,Federal Contract Tower,48,18,31,0,97,0,21,50,2,73,48,39,81,2,170,10,0,10,180
04/15/2015,EYW,FL,ASO,ES,Federal Contract Tower,49,24,22,0,95,0,19,28,0,47,49,43,50,0,142,2,0,2,144
04/16/2015,EYW,FL,ASO,ES,Federal Contract Tower,51,14,22,2,89,0,16,43,0,59,51,30,65,2,148,14,6,20,168
04/17/2015,EYW,FL,ASO,ES,Federal Contract Tower,49,25,33,0,107,0,26,72,2,100,49,51,105,2,207,10,0,10,217
04/18/2015,EYW,FL,ASO,ES,Federal Contract Tower,48,16,23,1,88,0,16,73,0,89,48,32,96,1,177,28,0,28,205
04/19/2015,EYW,FL,ASO,ES,Federal Contract Tower,47,23,44,0,114,0,30,66,0,96,47,53,110,0,210,6,0,6,216
04/20/2015,EYW,FL,ASO,ES,Federal Contract Tower,47,15,27,2,91,0,18,34,2,54,47,33,61,4,145,2,0,2,147
04/21/2015,EYW,FL,ASO,ES,Federal Contract Tower,46,15,26,0,87,0,19,29,3,51,46,34,55,3,138,30,0,30,168
04/22/2015,EYW,FL,ASO,ES,Federal Contract Tower,48,16,35,0,99,0,21,20,2,43,48,37,55,2,142,0,0,0,142
04/23/2015,EYW,FL,ASO,ES,Federal Contract Tower,48,19,33,0,100,0,27,39,2,68,48,46,72,2,168,14,0,14,182
04/24/2015,EYW,FL,ASO,ES,Federal Contract Tower,47,24,37,0,108,0,10,59,6,75,47,34,96,6,183,16,0,16,199
04/25/2015,EYW,FL,ASO,ES,Federal Contract Tower,44,12,36,0,92,0,17,54,4,75,44,29,90,4,167,20,0,20,187
04/26/2015,EYW,FL,ASO,ES,Federal Contract Tower,46,26,34,0,106,0,35,93,0,128,46,61,127,0,234,20,0,20,254
04/27/2015,EYW,FL,ASO,ES,Federal Contract Tower,49,17,26,0,92,0,17,45,0,62,49,34,71,0,154,4,0,4,158
04/28/2015,EYW,FL,ASO,ES,Federal Contract Tower,44,6,16,0,66,0,22,35,1,58,44,28,51,1,124,0,0,0,124
04/29/2015,EYW,FL,ASO,ES,Federal Contract Tower,45,9,20,0,74,0,0,5,0,5,45,9,25,0,79,0,0,0,79
05/01/2015,EYW,FL,ASO,ES,Federal Contract Tower,47,22,28,0,97,0,21,48,2,71,47,43,76,2,168,2,0,2,170
05/02/2015,EYW,FL,ASO,ES,Federal Contract Tower,45,10,28,0,83,0,17,73,5,95,45,27,101,5,178,6,14,20,198
05/03/2015,EYW,FL,ASO,ES,Federal Contract Tower,44,5,23,0,72,0,12,41,0,53,44,17,64,0,125,0,0,0,125
05/04/2015,EYW,FL,ASO,ES,Federal Contract Tower,50,17,16,0,83,0,4,20,0,24,50,21,36,0,107,0,0,0,107
05/05/2015,EYW,FL,ASO,ES,Federal Contract Tower,49,7,9,0,65,0,6,13,0,19,49,13,22,0,84,0,0,0,84
05/06/2015,EYW,FL,ASO,ES,Federal Contract Tower,47,25,27,0,99,0,17,32,0,49,47,42,59,0,148,10,0,10,158
05/07/2015,EYW,FL,ASO,ES,Federal Contract Tower,40,16,24,0,80,0,19,38,0,57,40,35,62,0,137,26,0,26,163
05/08/2015,EYW,FL,ASO,ES,Federal Contract Tower,40,24,29,0,93,0,15,45,5,65,40,39,74,5,158,14,0,14,172
05/09/2015,EYW,FL,ASO,ES,Federal Contract Tower,36,22,21,2,81,0,31,64,1,96,36,53,85,3,177,20,0,20,197
05/10/2015,EYW,FL,ASO,ES,Federal Contract Tower,41,8,32,0,81,0,18,86,0,104,41,26,118,0,185,10,0,10,195
05/11/2015,EYW,FL,ASO,ES,Federal Contract Tower,41,12,10,2,65,0,14,29,0,43,41,26,39,2,108,12,0,12,120
05/12/2015,EYW,FL,ASO,ES,Federal Contract Tower,39,10,16,1,66,0,17,24,1,42,39,27,40,2,108,4,0,4,112
05/13/2015,EYW,FL,ASO,ES,Federal Contract Tower,41,14,19,0,74,0,15,37,4,56,41,29,56,4,130,2,0,2,132
05/14/2015,EYW,FL,ASO,ES,Federal Contract Tower,40,10,37,0,87,0,20,29,6,55,40,30,66,6,142,12,0,12,154
05/15/2015,EYW,FL,ASO,ES,Federal Contract Tower,40,21,30,0,91,0,20,65,4,89,40,41,95,4,180,20,0,20,200
05/16/2015,EYW,FL,ASO,ES,Federal Contract Tower,38,3,18,0,59,0,19,47,1,67,38,22,65,1,126,12,0,12,138
05/17/2015,EYW,FL,ASO,ES,Federal Contract Tower,37,14,47,1,99,0,21,72,2,95,37,35,119,3,194,4,0,4,198
05/18/2015,EYW,FL,ASO,ES,Federal Contract Tower,39,17,18,0,74,0,19,48,1,68,39,36,66,1,142,10,0,10,152
05/19/2015,EYW,FL,ASO,ES,Federal Contract Tower,42,9,11,2,64,0,13,41,0,54,42,22,52,2,118,8,0,8,126
05/20/2015,EYW,FL,ASO,ES,Federal Contract Tower,39,14,16,1,70,0,23,41,6,70,39,37,57,7,140,40,0,40,180
05/21/2015,EYW,FL,ASO,ES,Federal Contract Tower,41,8,25,0,74,0,14,53,0,67,41,22,78,0,141,6,0,6,147
05/22/2015,EYW,FL,ASO,ES,Federal Contract Tower,39,27,33,0,99,0,40,38,0,78,39,67,71,0,177,10,0,10,187
05/23/2015,EYW,FL,ASO,ES,Federal Contract Tower,39,13,32,0,84,0,22,70,7,99,39,35,102,7,183,8,4,12,195
05/24/2015,EYW,FL,ASO,ES,Federal Contract Tower,35,12,21,0,68,0,27,50,0,77,35,39,71,0,145,0,0,0,145
05/25/2015,EYW,FL,ASO,ES,Federal Contract Tower,43,9,44,1,97,0,26,50,0,76,43,35,94,1,173,0,0,0,173
05/26/2015,EYW,FL,ASO,ES,Federal Contract Tower,40,8,17,3,68,0,16,43,1,60,40,24,60,4,128,6,0,6,134
05/27/2015,EYW,FL,ASO,ES,Federal Contract Tower,41,15,20,0,76,0,17,33,2,52,41,32,53,2,128,0,0,0,128
05/28/2015,EYW,FL,ASO,ES,Federal Contract Tower,39,7,22,0,68,0,16,58,3,77,39,23,80,3,145,4,0,4,149
05/29/2015,EYW,FL,ASO,ES,Federal Contract Tower,37,18,25,0,80,0,28,39,2,69,37,46,64,2,149,2,0,2,151
05/30/2015,EYW,FL,ASO,ES,Federal Contract Tower,40,5,32,0,77,0,20,34,0,54,40,25,66,0,131,20,0,20,151
05/31/2015,EYW,FL,ASO,ES,Federal Contract Tower,34,20,34,0,88,0,24,38,1,63,34,44,72,1,151,8,0,8,159
06/01/2015,EYW,FL,ASO,ES,Federal Contract Tower,37,5,18,0,60,0,18,22,0,40,37,23,40,0,100,0,0,0,100
06/02/2015,EYW,FL,ASO,ES,Federal Contract Tower,41,8,12,0,61,0,2,5,0,7,41,10,17,0,68,0,0,0,68
06/03/2015,EYW,FL,ASO,ES,Federal Contract Tower,40,10,15,0,65,0,11,28,1,40,40,21,43,1,105,24,0,24,129
06/04/2015,EYW,FL,ASO,ES,Federal Contract Tower,39,10,19,0,68,0,19,33,3,55,39,29,52,3,123,8,0,8,131
06/05/2015,EYW,FL,ASO,ES,Federal Contract Tower,39,14,31,4,88,0,18,25,0,43,39,32,56,4,131,0,0,0,131
06/06/2015,EYW,FL,ASO,ES,Federal Contract Tower,36,5,20,0,61,0,13,34,2,49,36,18,54,2,110,4,0,4,114
06/07/2015,EYW,FL,ASO,ES,Federal Contract Tower,38,18,26,0,82,0,17,58,0,75,38,35,84,0,157,6,2,8,165
06/08/2015,EYW,FL,ASO,ES,Federal Contract Tower,41,7,19,0,67,0,16,31,0,47,41,23,50,0,114,0,0,0,114
06/09/2015,EYW,FL,ASO,ES,Federal Contract Tower,38,8,13,0,59,0,9,29,0,38,38,17,42,0,97,0,0,0,97
06/10/2015,EYW,FL,ASO,ES,Federal Contract Tower,40,13,13,0,66,0,17,31,4,52,40,30,44,4,118,18,0,18,136
06/11/2015,EYW,FL,ASO,ES,Federal Contract Tower,40,14,25,0,79,0,21,31,8,60,40,35,56,8,139,8,0,8,147
06/12/2015,EYW,FL,ASO,ES,Federal Contract Tower,41,18,33,0,92,0,8,17,4,29,41,26,50,4,121,8,0,8,129
06/13/2015,EYW,FL,ASO,ES,Federal Contract Tower,33,12,16,0,61,0,0,20,2,22,33,12,36,2,83,0,0,0,83
06/14/2015,EYW,FL,ASO,ES,Federal Contract Tower,39,10,24,0,73,0,21,22,2,45,39,31,46,2,118,0,0,0,118
06/15/2015,EYW,FL,ASO,ES,Federal Contract Tower,39,10,26,0,75,0,11,16,0,27,39,21,42,0,102,6,0,6,108
06/16/2015,EYW,FL,ASO,ES,Federal Contract Tower,35,14,9,0,58,0,23,25,0,48,35,37,34,0,106,8,0,8,114
06/17/2015,EYW,FL,ASO,ES,Federal Contract Tower,38,10,13,0,61,0,18,24,1,43,38,28,37,1,104,12,0,12,116
06/18/2015,EYW,FL,ASO,ES,Federal Contract Tower,34,9,22,0,65,0,15,33,1,49,34,24,55,1,114,0,0,0,114
06/19/2015,EYW,FL,ASO,ES,Federal Contract Tower,39,10,26,0,75,0,16,34,0,50,39,26,60,0,125,34,0,34,159
06/20/2015,EYW,FL,ASO,ES,Federal Contract Tower,33,13,26,0,72,0,28,47,2,77,33,41,73,2,149,7,0,7,156
06/21/2015,EYW,FL,ASO,ES,Federal Contract Tower,36,7,30,0,73,0,17,58,0,75,36,24,88,0,148,12,0,12,160
06/22/2015,EYW,FL,ASO,ES,Federal Contract Tower,38,12,8,0,58,0,17,30,0,47,38,29,38,0,105,2,0,2,107
06/23/2015,EYW,FL,ASO,ES,Federal Contract Tower,36,6,15,0,57,0,14,24,0,38,36,20,39,0,95,4,0,4,99
06/24/2015,EYW,FL,ASO,ES,Federal Contract Tower,41,8,23,0,72,0,16,29,0,45,41,24,52,0,117,8,0,8,125
06/25/2015,EYW,FL,ASO,ES,Federal Contract Tower,34,12,22,0,68,0,28,43,0,71,34,40,65,0,139,10,2,12,151
06/26/2015,EYW,FL,ASO,ES,Federal Contract Tower,35,12,33,0,80,0,15,42,0,57,35,27,75,0,137,18,0,18,155
06/27/2015,EYW,FL,ASO,ES,Federal Contract Tower,31,6,24,0,61,0,15,36,0,51,31,21,60,0,112,26,0,26,138
06/28/2015,EYW,FL,ASO,ES,Federal Contract Tower,36,19,17,0,72,0,23,41,0,64,36,42,58,0,136,6,0,6,142
06/29/2015,EYW,FL,ASO,ES,Federal Contract Tower,38,8,19,3,68,0,14,29,0,43,38,22,48,3,111,14,0,14,125
06/30/2015,EYW,FL,ASO,ES,Federal Contract Tower,36,9,20,2,67,0,21,18,0,39,36,30,38,2,106,8,0,8,114
07/01/2015,EYW,FL,ASO,ES,Federal Contract Tower,35,6,16,0,57,0,14,23,0,37,35,20,39,0,94,28,0,28,122
07/02/2015,EYW,FL,ASO,ES,Federal Contract Tower,37,9,24,0,70,0,22,51,0,73,37,31,75,0,143,4,0,4,147
07/03/2015,EYW,FL,ASO,ES,Federal Contract Tower,36,19,22,0,77,0,26,60,0,86,36,45,82,0,163,20,0,20,183
07/04/2015,EYW,FL,ASO,ES,Federal Contract Tower,30,3,10,0,43,0,30,36,0,66,30,33,46,0,109,18,0,18,127
07/05/2015,EYW,FL,ASO,ES,Federal Contract Tower,36,16,25,0,77,0,24,74,0,98,36,40,99,0,175,38,0,38,213
07/06/2015,EYW,FL,ASO,ES,Federal Contract Tower,36,17,18,0,71,0,11,32,0,43,36,28,50,0,114,0,0,0,114
07/07/2015,EYW,FL,ASO,ES,Federal Contract Tower,37,12,19,0,68,0,9,22,0,31,37,21,41,0,99,8,0,8,107
07/08/2015,EYW,FL,ASO,ES,Federal Contract Tower,39,16,18,0,73,0,21,41,0,62,39,37,59,0,135,2,0,2,137
07/09/2015,EYW,FL,ASO,ES,Federal Contract Tower,37,13,17,0,67,0,14,31,0,45,37,27,48,0,112,4,0,4,116
07/10/2015,EYW,FL,ASO,ES,Federal Contract Tower,38,12,19,0,69,0,18,42,0,60,38,30,61,0,129,4,0,4,133
07/11/2015,EYW,FL,ASO,ES,Federal Contract Tower,38,9,20,0,67,0,20,52,0,72,38,29,72,0,139,4,0,4,143
07/12/2015,EYW,FL,ASO,ES,Federal Contract Tower,35,14,18,0,67,0,20,78,1,99,35,34,96,1,166,14,0,14,180
07/13/2015,EYW,FL,ASO,ES,Federal Contract Tower,39,11,20,1,71,0,5,31,0,36,39,16,51,1,107,6,0,6,113
07/14/2015,EYW,FL,ASO,ES,Federal Contract Tower,36,13,16,0,65,0,11,33,0,44,36,24,49,0,109,2,0,2,111
07/15/2015,EYW,FL,ASO,ES,Federal Contract Tower,39,15,22,1,77,0,15,13,2,30,39,30,35,3,107,8,0,8,115
07/16/2015,EYW,FL,ASO,ES,Federal Contract Tower,36,7,28,6,77,0,18,18,1,37,36,25,46,7,114,4,0,4,118
07/17/2015,EYW,FL,ASO,ES,Federal Contract Tower,38,13,29,0,80,0,11,40,3,54,38,24,69,3,134,16,0,16,150
07/18/2015,EYW,FL,ASO,ES,Federal Contract Tower,36,6,17,0,59,0,18,37,0,55,36,24,54,0,114,22,0,22,136
07/19/2015,EYW,FL,ASO,ES,Federal Contract Tower,38,2,27,0,67,0,22,58,0,80,38,24,85,0,147,10,0,10,157
07/20/2015,EYW,FL,ASO,ES,Federal Contract Tower,37,14,14,1,66,0,15,32,0,47,37,29,46,1,113,16,0,16,129
07/21/2015,EYW,FL,ASO,ES,Federal Contract Tower,37,15,14,0,66,0,23,12,3,38,37,38,26,3,104,18,0,18,122
07/22/2015,EYW,FL,ASO,ES,Federal Contract Tower,37,12,14,0,63,0,19,25,3,47,37,31,39,3,110,0,2,2,112
07/23/2015,EYW,FL,ASO,ES,Federal Contract Tower,37,6,15,1,59,0,20,48,2,70,37,26,63,3,129,10,0,10,139
07/24/2015,EYW,FL,ASO,ES,Federal Contract Tower,37,10,11,0,58,0,22,38,0,60,37,32,49,0,118,22,0,22,140
07/25/2015,EYW,FL,ASO,ES,Federal Contract Tower,36,13,19,0,68,0,7,23,0,30,36,20,42,0,98,10,0,10,108
07/26/2015,EYW,FL,ASO,ES,Federal Contract Tower,37,10,21,0,68,0,5,16,0,21,37,15,37,0,89,0,0,0,89
07/27/2015,EYW,FL,ASO,ES,Federal Contract Tower,38,14,14,2,68,0,22,29,2,53,38,36,43,4,121,2,0,2,123
07/28/2015,EYW,FL,ASO,ES,Federal Contract Tower,37,14,13,0,64,0,19,24,1,44,37,33,37,1,108,2,0,2,110
07/29/2015,EYW,FL,ASO,ES,Federal Contract Tower,37,11,20,0,68,0,23,32,3,58,37,34,52,3,126,8,0,8,134
07/30/2015,EYW,FL,ASO,ES,Federal Contract Tower,35,13,37,0,85,0,13,32,4,49,35,26,69,4,134,12,0,12,146
07/31/2015,EYW,FL,ASO,ES,Federal Contract Tower,33,17,38,2,90,0,15,27,9,51,33,32,65,11,141,8,0,8,149
08/01/2015,EYW,FL,ASO,ES,Federal Contract Tower,29,14,33,0,76,0,14,46,7,67,29,28,79,7,143,4,0,4,147
08/02/2015,EYW,FL,ASO,ES,Federal Contract Tower,38,12,22,0,72,0,27,48,7,82,38,39,70,7,154,6,0,6,160
08/03/2015,EYW,FL,ASO,ES,Federal Contract Tower,37,7,15,1,60,0,17,23,0,40,37,24,38,1,100,0,0,0,100
08/04/2015,EYW,FL,ASO,ES,Federal Contract Tower,38,17,15,1,71,0,12,28,0,40,38,29,43,1,111,4,0,4,115
08/05/2015,EYW,FL,ASO,ES,Federal Contract Tower,38,9,22,0,69,0,9,39,2,50,38,18,61,2,119,16,0,16,135
08/06/2015,EYW,FL,ASO,ES,Federal Contract Tower,32,11,25,5,73,0,13,44,1,58,32,24,69,6,131,24,0,24,155
08/07/2015,EYW,FL,ASO,ES,Federal Contract Tower,37,16,27,0,80,0,24,60,2,86,37,40,87,2,166,6,0,6,172
08/08/2015,EYW,FL,ASO,ES,Federal Contract Tower,36,13,19,2,70,0,11,63,0,74,36,24,82,2,144,36,0,36,180
08/09/2015,EYW,FL,ASO,ES,Federal Contract Tower,37,15,29,0,81,0,19,56,0,75,37,34,85,0,156,0,0,0,156
08/10/2015,EYW,FL,ASO,ES,Federal Contract Tower,37,11,19,0,67,0,23,33,0,56,37,34,52,0,123,2,0,2,125
08/11/2015,EYW,FL,ASO,ES,Federal Contract Tower,35,9,10,0,54,0,13,39,0,52,35,22,49,0,106,0,0,0,106
08/12/2015,EYW,FL,ASO,ES,Federal Contract Tower,41,6,15,0,62,0,13,37,0,50,41,19,52,0,112,36,0,36,148
08/13/2015,EYW,FL,ASO,ES,Federal Contract Tower,37,14,20,0,71,0,7,40,0,47,37,21,60,0,118,12,0,12,130
08/14/2015,EYW,FL,ASO,ES,Federal Contract Tower,35,15,26,0,76,0,8,35,0,43,35,23,61,0,119,2,0,2,121
08/15/2015,EYW,FL,ASO,ES,Federal Contract Tower,37,11,8,0,56,0,8,31,0,39,37,19,39,0,95,0,0,0,95
08/16/2015,EYW,FL,ASO,ES,Federal Contract Tower,37,4,26,0,67,0,6,58,0,64,37,10,84,0,131,16,0,16,147
08/17/2015,EYW,FL,ASO,ES,Federal Contract Tower,38,10,12,0,60,0,4,34,0,38,38,14,46,0,98,20,0,20,118
08/18/2015,EYW,FL,ASO,ES,Federal Contract Tower,37,8,5,0,50,0,8,22,3,33,37,16,27,3,83,2,0,2,85
08/19/2015,EYW,FL,ASO,ES,Federal Contract Tower,33,13,18,0,64,0,8,30,4,42,33,21,48,4,106,10,0,10,116
08/20/2015,EYW,FL,ASO,ES,Federal Contract Tower,30,15,22,1,68,0,1,32,1,34,30,16,54,2,102,10,0,10,112
08/21/2015,EYW,FL,ASO,ES,Federal Contract Tower,30,12,21,0,63,0,4,31,0,35,30,16,52,0,98,0,0,0,98
08/22/2015,EYW,FL,ASO,ES,Federal Contract Tower,29,6,16,0,51,0,5,32,0,37,29,11,48,0,88,4,0,4,92
08/23/2015,EYW,FL,ASO,ES,Federal Contract Tower,31,12,28,0,71,0,2,69,0,71,31,14,97,0,142,2,0,2,144
08/24/2015,EYW,FL,ASO,ES,Federal Contract Tower,31,13,19,0,63,0,10,19,0,29,31,23,38,0,92,4,0,4,96
08/25/2015,EYW,FL,ASO,ES,Federal Contract Tower,31,14,18,0,63,0,7,20,0,27,31,21,38,0,90,4,0,4,94
08/26/2015,EYW,FL,ASO,ES,Federal Contract Tower,31,21,15,0,67,0,4,11,0,15,31,25,26,0,82,2,0,2,84
08/27/2015,EYW,FL,ASO,ES,Federal Contract Tower,31,12,12,0,55,0,1,6,0,7,31,13,18,0,62,0,0,0,62
08/28/2015,EYW,FL,ASO,ES,Federal Contract Tower,31,12,27,0,70,0,4,36,0,40,31,16,63,0,110,0,0,0,110
08/29/2015,EYW,FL,ASO,ES,Federal Contract Tower,31,5,32,0,68,0,3,33,2,38,31,8,65,2,106,16,0,16,122
08/30/2015,EYW,FL,ASO,ES,Federal Contract Tower,31,2,11,0,44,0,0,3,0,3,31,2,14,0,47,0,0,0,47
08/31/2015,EYW,FL,ASO,ES,Federal Contract Tower,32,6,10,0,48,0,7,21,0,28,32,13,31,0,76,0,0,0,76
09/01/2015,EYW,FL,ASO,ES,Federal Contract Tower,31,14,12,0,57,0,4,17,1,22,31,18,29,1,79,0,0,0,79
09/02/2015,EYW,FL,ASO,ES,Federal Contract Tower,29,11,10,0,50,0,9,10,2,21,29,20,20,2,71,22,0,22,93
09/03/2015,EYW,FL,ASO,ES,Federal Contract Tower,28,8,17,0,53,0,19,32,0,51,28,27,49,0,104,28,0,28,132
09/04/2015,EYW,FL,ASO,ES,Federal Contract Tower,37,21,27,1,86,0,16,48,5,69,37,37,75,6,155,2,2,4,159
09/05/2015,EYW,FL,ASO,ES,Federal Contract Tower,23,6,16,0,45,0,10,41,0,51,23,16,57,0,96,6,0,6,102
09/06/2015,EYW,FL,ASO,ES,Federal Contract Tower,27,1,14,0,42,0,11,47,0,58,27,12,61,0,100,38,0,38,138
09/07/2015,EYW,FL,ASO,ES,Federal Contract Tower,35,9,29,0,73,0,16,45,0,61,35,25,74,0,134,10,0,10,144
09/08/2015,EYW,FL,ASO,ES,Federal Contract Tower,28,6,6,0,40,0,13,36,4,53,28,19,42,4,93,36,0,36,129
09/09/2015,EYW,FL,ASO,ES,Federal Contract Tower,28,8,14,0,50,0,9,26,0,35,28,17,40,0,85,4,0,4,89
09/10/2015,EYW,FL,ASO,ES,Federal Contract Tower,26,11,8,0,45,0,10,24,0,34,26,21,32,0,79,6,0,6,85
09/11/2015,EYW,FL,ASO,ES,Federal Contract Tower,29,17,12,0,58,0,23,33,0,56,29,40,45,0,114,24,0,24,138
09/12/2015,EYW,FL,ASO,ES,Federal Contract Tower,28,7,13,0,48,0,16,32,1,49,28,23,45,1,97,0,0,0,97
09/13/2015,EYW,FL,ASO,ES,Federal Contract Tower,29,12,27,0,68,0,16,50,4,70,29,28,77,4,138,12,0,12,150
09/14/2015,EYW,FL,ASO,ES,Federal Contract Tower,31,6,13,2,52,0,2,38,6,46,31,8,51,8,98,16,0,16,114
09/15/2015,EYW,FL,ASO,ES,Federal Contract Tower,29,7,11,1,48,0,5,17,2,24,29,12,28,3,72,0,0,0,72
09/16/2015,EYW,FL,ASO,ES,Federal Contract Tower,29,8,8,0,45,0,3,12,0,15,29,11,20,0,60,0,0,0,60
09/17/2015,EYW,FL,ASO,ES,Federal Contract Tower,29,8,20,0,57,0,3,5,0,8,29,11,25,0,65,0,0,0,65
09/18/2015,EYW,FL,ASO,ES,Federal Contract Tower,28,11,18,0,57,0,1,15,0,16,28,12,33,0,73,0,0,0,73
09/19/2015,EYW,FL,ASO,ES,Federal Contract Tower,27,2,19,0,48,0,10,56,0,66,27,12,75,0,114,10,0,10,124
09/20/2015,EYW,FL,ASO,ES,Federal Contract Tower,29,3,18,0,50,0,6,45,0,51,29,9,63,0,101,14,0,14,115
09/21/2015,EYW,FL,ASO,ES,Federal Contract Tower,28,4,12,2,46,0,5,30,3,38,28,9,42,5,84,0,0,0,84
09/22/2015,EYW,FL,ASO,ES,Federal Contract Tower,30,8,6,0,44,0,10,22,0,32,30,18,28,0,76,10,0,10,86
09/23/2015,EYW,FL,ASO,ES,Federal Contract Tower,29,8,10,0,47,0,1,4,0,5,29,9,14,0,52,0,2,2,54
09/24/2015,EYW,FL,ASO,ES,Federal Contract Tower,29,9,27,0,65,0,7,12,1,20,29,16,39,1,85,0,0,0,85
09/25/2015,EYW,FL,ASO,ES,Federal Contract Tower,29,9,21,0,59,0,4,38,2,44,29,13,59,2,103,8,0,8,111
09/26/2015,EYW,FL,ASO,ES,Federal Contract Tower,29,4,16,1,50,0,13,26,1,40,29,17,42,2,90,0,2,2,92
09/27/2015,EYW,FL,ASO,ES,Federal Contract Tower,29,5,41,0,75,0,1,29,2,32,29,6,70,2,107,0,0,0,107
09/28/2015,EYW,FL,ASO,ES,Federal Contract Tower,29,4,19,1,53,0,5,25,1,31,29,9,44,2,84,0,0,0,84
09/29/2015,EYW,FL,ASO,ES,Federal Contract Tower,27,6,17,0,50,0,2,19,0,21,27,8,36,0,71,6,0,6,77
09/30/2015,EYW,FL,ASO,ES,Federal Contract Tower,29,8,18,0,55,0,4,26,0,30,29,12,44,0,85,16,0,16,101
10/01/2015,EYW,FL,ASO,ES,Federal Contract Tower,29,7,12,0,48,0,4,26,0,30,29,11,38,0,78,6,0,6,84
10/02/2015,EYW,FL,ASO,ES,Federal Contract Tower,33,10,15,0,58,0,3,22,4,29,33,13,37,4,87,0,0,0,87
10/03/2015,EYW,FL,ASO,ES,Federal Contract Tower,29,11,17,0,57,0,0,48,1,49,29,11,65,1,106,0,0,0,106
10/04/2015,EYW,FL,ASO,ES,Federal Contract Tower,30,3,21,0,54,1,12,62,0,75,31,15,83,0,129,28,0,28,157
10/05/2015,EYW,FL,ASO,ES,Federal Contract Tower,35,14,26,1,76,0,0,28,1,29,35,14,54,2,105,0,0,0,105
10/06/2015,EYW,FL,ASO,ES,Federal Contract Tower,33,7,12,0,52,0,6,25,0,31,33,13,37,0,83,0,0,0,83
10/07/2015,EYW,FL,ASO,ES,Federal Contract Tower,35,7,17,1,60,0,12,52,7,71,35,19,69,8,131,20,0,20,151
10/08/2015,EYW,FL,ASO,ES,Federal Contract Tower,37,11,25,0,73,0,4,38,2,44,37,15,63,2,117,2,0,2,119
10/09/2015,EYW,FL,ASO,ES,Federal Contract Tower,34,15,29,2,80,0,17,56,1,74,34,32,85,3,154,28,0,28,182
10/10/2015,EYW,FL,ASO,ES,Federal Contract Tower,32,5,31,1,69,0,14,56,0,70,32,19,87,1,139,6,0,6,145
10/11/2015,EYW,FL,ASO,ES,Federal Contract Tower,34,1,20,2,57,0,14,44,0,58,34,15,64,2,115,0,0,0,115
10/12/2015,EYW,FL,ASO,ES,Federal Contract Tower,38,13,8,0,59,0,8,35,1,44,38,21,43,1,103,6,0,6,109
10/13/2015,EYW,FL,ASO,ES,Federal Contract Tower,34,8,19,0,61,0,14,44,1,59,34,22,63,1,120,0,2,2,122
10/14/2015,EYW,FL,ASO,ES,Federal Contract Tower,36,7,27,0,70,0,12,39,5,56,36,19,66,5,126,4,0,4,130
10/15/2015,EYW,FL,ASO,ES,Federal Contract Tower,35,10,13,0,58,0,8,40,4,52,35,18,53,4,110,0,0,0,110
10/16/2015,EYW,FL,ASO,ES,Federal Contract Tower,33,9,29,1,72,0,0,8,1,9,33,9,37,2,81,2,0,2,83
10/17/2015,EYW,FL,ASO,ES,Federal Contract Tower,35,6,16,0,57,0,3,22,2,27,35,9,38,2,84,0,6,6,90
10/18/2015,EYW,FL,ASO,ES,Federal Contract Tower,41,9,23,0,73,0,15,30,4,49,41,24,53,4,122,0,6,6,128
10/19/2015,EYW,FL,ASO,ES,Federal Contract Tower,35,13,17,0,65,0,0,17,3,20,35,13,34,3,85,0,0,0,85
10/20/2015,EYW,FL,ASO,ES,Federal Contract Tower,34,11,17,1,63,0,0,14,0,14,34,11,31,1,77,2,0,2,79
10/21/2015,EYW,FL,ASO,ES,Federal Contract Tower,34,7,23,0,64,0,4,29,0,33,34,11,52,0,97,0,0,0,97
10/22/2015,EYW,FL,ASO,ES,Federal Contract Tower,35,15,29,0,79,0,10,48,4,62,35,25,77,4,141,2,0,2,143
10/23/2015,EYW,FL,ASO,ES,Federal Contract Tower,34,13,37,0,84,0,10,50,0,60,34,23,87,0,144,0,0,0,144
10/24/2015,EYW,FL,ASO,ES,Federal Contract Tower,33,8,19,0,60,0,7,59,0,66,33,15,78,0,126,8,0,8,134
10/25/2015,EYW,FL,ASO,ES,Federal Contract Tower,34,8,54,0,96,0,6,59,5,70,34,14,113,5,166,6,0,6,172
10/26/2015,EYW,FL,ASO,ES,Federal Contract Tower,35,16,22,1,74,0,10,34,4,48,35,26,56,5,122,2,0,2,124
10/27/2015,EYW,FL,ASO,ES,Federal Contract Tower,29,17,21,0,67,0,3,23,5,31,29,20,44,5,98,12,0,12,110
10/28/2015,EYW,FL,ASO,ES,Federal Contract Tower,43,14,35,1,93,0,1,44,2,47,43,15,79,3,140,0,8,8,148
10/29/2015,EYW,FL,ASO,ES,Federal Contract Tower,37,23,38,1,99,0,8,56,2,66,37,31,94,3,165,4,0,4,169
10/30/2015,EYW,FL,ASO,ES,Federal Contract Tower,34,15,23,0,72,0,5,69,4,78,34,20,92,4,150,2,0,2,152
10/31/2015,EYW,FL,ASO,ES,Federal Contract Tower,33,11,31,0,75,0,3,88,3,94,33,14,119,3,169,0,0,0,169
11/01/2015,EYW,FL,ASO,ES,Federal Contract Tower,50,10,73,1,134,0,10,105,1,116,50,20,178,2,250,4,0,4,254
11/02/2015,EYW,FL,ASO,ES,Federal Contract Tower,52,10,14,1,77,0,15,32,2,49,52,25,46,3,126,6,0,6,132
11/03/2015,EYW,FL,ASO,ES,Federal Contract Tower,35,7,17,0,59,0,3,32,2,37,35,10,49,2,96,10,0,10,106
11/04/2015,EYW,FL,ASO,ES,Federal Contract Tower,39,7,21,0,67,0,4,44,6,54,39,11,65,6,121,16,0,16,137
11/05/2015,EYW,FL,ASO,ES,Federal Contract Tower,43,15,39,0,97,0,6,37,3,46,43,21,76,3,143,0,0,0,143
11/06/2015,EYW,FL,ASO,ES,Federal Contract Tower,36,10,37,0,83,0,4,58,0,62,36,14,95,0,145,14,0,14,159
11/07/2015,EYW,FL,ASO,ES,Federal Contract Tower,33,9,14,0,56,0,10,58,5,73,33,19,72,5,129,8,0,8,137
11/08/2015,EYW,FL,ASO,ES,Federal Contract Tower,48,8,52,0,108,0,9,59,3,71,48,17,111,3,179,28,0,28,207
11/09/2015,EYW,FL,ASO,ES,Federal Contract Tower,42,12,22,0,76,0,8,55,5,68,42,20,77,5,144,26,0,26,170
11/10/2015,EYW,FL,ASO,ES,Federal Contract Tower,35,10,39,0,84,0,7,59,3,69,35,17,98,3,153,30,0,30,183
11/11/2015,EYW,FL,ASO,ES,Federal Contract Tower,38,16,23,0,77,0,12,78,4,94,38,28,101,4,171,10,0,10,181
11/12/2015,EYW,FL,ASO,ES,Federal Contract Tower,39,12,36,1,88,0,6,68,3,77,39,18,104,4,165,6,0,6,171
11/13/2015,EYW,FL,ASO,ES,Federal Contract Tower,37,15,37,2,91,0,0,88,4,92,37,15,125,6,183,20,0,20,203
11/14/2015,EYW,FL,ASO,ES,Federal Contract Tower,35,4,31,0,70,0,5,55,4,64,35,9,86,4,134,4,0,4,138
11/15/2015,EYW,FL,ASO,ES,Federal Contract Tower,43,15,74,0,132,0,0,95,0,95,43,15,169,0,227,6,0,6,233
11/16/2015,EYW,FL,ASO,ES,Federal Contract Tower,47,10,26,2,85,0,2,43,3,48,47,12,69,5,133,0,0,0,133
11/17/2015,EYW,FL,ASO,ES,Federal Contract Tower,41,13,25,0,79,0,2,38,0,40,41,15,63,0,119,4,6,10,129
11/18/2015,EYW,FL,ASO,ES,Federal Contract Tower,36,13,29,0,78,0,2,26,4,32,36,15,55,4,110,0,0,0,110
11/19/2015,EYW,FL,ASO,ES,Federal Contract Tower,38,12,19,0,69,0,3,34,4,41,38,15,53,4,110,2,0,2,112
11/20/2015,EYW,FL,ASO,ES,Federal Contract Tower,36,17,38,2,93,0,8,46,0,54,36,25,84,2,147,2,0,2,149
11/21/2015,EYW,FL,ASO,ES,Federal Contract Tower,35,4,33,0,72,0,2,13,1,16,35,6,46,1,88,0,0,0,88
11/22/2015,EYW,FL,ASO,ES,Federal Contract Tower,37,14,39,2,92,0,4,49,2,55,37,18,88,4,147,8,0,8,155
11/23/2015,EYW,FL,ASO,ES,Federal Contract Tower,35,14,31,0,80,0,11,32,3,46,35,25,63,3,126,4,0,4,130
11/24/2015,EYW,FL,ASO,ES,Federal Contract Tower,36,12,33,0,81,0,2,37,0,39,36,14,70,0,120,0,0,0,120
11/25/2015,EYW,FL,ASO,ES,Federal Contract Tower,42,24,38,0,104,0,6,36,2,44,42,30,74,2,148,6,0,6,154
11/26/2015,EYW,FL,ASO,ES,Federal Contract Tower,26,4,8,1,39,0,0,33,0,33,26,4,41,1,72,0,0,0,72
11/27/2015,EYW,FL,ASO,ES,Federal Contract Tower,31,16,18,0,65,0,0,45,0,45,31,16,63,0,110,0,0,0,110
11/28/2015,EYW,FL,ASO,ES,Federal Contract Tower,33,18,35,0,86,0,4,64,3,71,33,22,99,3,157,0,0,0,157
11/29/2015,EYW,FL,ASO,ES,Federal Contract Tower,42,8,46,1,97,0,0,63,2,65,42,8,109,3,162,4,0,4,166
11/30/2015,EYW,FL,ASO,ES,Federal Contract Tower,31,17,28,3,79,0,10,26,1,37,31,27,54,4,116,12,8,20,136
12/01/2015,EYW,FL,ASO,ES,Federal Contract Tower,35,9,8,3,55,0,7,43,3,53,35,16,51,6,108,4,0,4,112
12/02/2015,EYW,FL,ASO,ES,Federal Contract Tower,36,14,15,0,65,0,2,46,0,48,36,16,61,0,113,18,0,18,131
12/03/2015,EYW,FL,ASO,ES,Federal Contract Tower,32,12,15,0,59,0,0,11,0,11,32,12,26,0,70,0,0,0,70
12/04/2015,EYW,FL,ASO,ES,Federal Contract Tower,37,9,25,1,72,0,1,11,0,12,37,10,36,1,84,0,0,0,84
12/05/2015,EYW,FL,ASO,ES,Federal Contract Tower,32,5,18,0,55,0,6,10,0,16,32,11,28,0,71,0,0,0,71
12/06/2015,EYW,FL,ASO,ES,Federal Contract Tower,35,12,22,1,70,0,4,33,0,37,35,16,55,1,107,0,0,0,107
12/07/2015,EYW,FL,ASO,ES,Federal Contract Tower,34,7,32,0,73,0,5,12,0,17,34,12,44,0,90,0,0,0,90
12/08/2015,EYW,FL,ASO,ES,Federal Contract Tower,35,10,20,0,65,0,3,18,0,21,35,13,38,0,86,0,0,0,86
12/09/2015,EYW,FL,ASO,ES,Federal Contract Tower,37,13,26,0,76,0,0,7,0,7,37,13,33,0,83,0,0,0,83
12/10/2015,EYW,FL,ASO,ES,Federal Contract Tower,38,8,33,2,81,0,4,26,2,32,38,12,59,4,113,10,0,10,123
12/11/2015,EYW,FL,ASO,ES,Federal Contract Tower,37,17,18,0,72,0,0,61,5,66,37,17,79,5,138,16,0,16,154
12/12/2015,EYW,FL,ASO,ES,Federal Contract Tower,35,10,25,1,71,0,3,52,0,55,35,13,77,1,126,6,0,6,132
12/13/2015,EYW,FL,ASO,ES,Federal Contract Tower,38,1,44,1,84,0,3,32,1,36,38,4,76,2,120,10,0,10,130
12/14/2015,EYW,FL,ASO,ES,Federal Contract Tower,36,5,18,3,62,0,1,29,2,32,36,6,47,5,94,10,0,10,104
12/15/2015,EYW,FL,ASO,ES,Federal Contract Tower,35,16,17,1,69,0,2,44,0,46,35,18,61,1,115,20,0,20,135
12/16/2015,EYW,FL,ASO,ES,Federal Contract Tower,37,13,24,0,74,0,0,43,0,43,37,13,67,0,117,14,0,14,131
12/17/2015,EYW,FL,ASO,ES,Federal Contract Tower,36,8,21,4,69,0,4,41,1,46,36,12,62,5,115,14,0,14,129
12/18/2015,EYW,FL,ASO,ES,Federal Contract Tower,39,13,32,0,84,0,0,44,0,44,39,13,76,0,128,0,0,0,128
12/19/2015,EYW,FL,ASO,ES,Federal Contract Tower,40,8,29,0,77,0,12,20,0,32,40,20,49,0,109,0,0,0,109
12/20/2015,EYW,FL,ASO,ES,Federal Contract Tower,41,6,34,0,81,0,7,36,0,43,41,13,70,0,124,0,0,0,124
12/21/2015,EYW,FL,ASO,ES,Federal Contract Tower,40,11,26,0,77,0,0,34,0,34,40,11,60,0,111,28,0,28,139
12/22/2015,EYW,FL,ASO,ES,Federal Contract Tower,39,16,14,0,69,0,0,57,0,57,39,16,71,0,126,0,0,0,126
12/23/2015,EYW,FL,ASO,ES,Federal Contract Tower,40,16,41,0,97,0,10,65,0,75,40,26,106,0,172,12,0,12,184
12/24/2015,EYW,FL,ASO,ES,Federal Contract Tower,38,14,19,0,71,0,8,70,2,80,38,22,89,2,151,0,0,0,151
12/25/2015,EYW,FL,ASO,ES,Federal Contract Tower,37,8,10,0,55,0,0,29,0,29,37,8,39,0,84,14,0,14,98
12/26/2015,EYW,FL,ASO,ES,Federal Contract Tower,50,16,56,0,122,0,6,86,0,92,50,22,142,0,214,0,0,0,214
12/27/2015,EYW,FL,ASO,ES,Federal Contract Tower,46,9,45,0,100,0,7,75,2,84,46,16,120,2,184,6,0,6,190
12/28/2015,EYW,FL,ASO,ES,Federal Contract Tower,39,12,38,0,89,0,6,73,0,79,39,18,111,0,168,6,0,6,174
12/29/2015,EYW,FL,ASO,ES,Federal Contract Tower,42,21,59,0,122,0,2,95,0,97,42,23,154,0,219,2,0,2,221
12/30/2015,EYW,FL,ASO,ES,Federal Contract Tower,40,27,73,0,140,0,2,109,2,113,40,29,182,2,253,8,0,8,261
12/31/2015,EYW,FL,ASO,ES,Federal Contract Tower,40,14,38,0,92,0,7,96,0,103,40,21,134,0,195,2,0,2,197
01/01/2016,EYW,FL,ASO,ES,Federal Contract Tower,39,11,45,0,95,0,7,82,0,89,39,18,127,0,184,2,0,2,186
01/02/2016,EYW,FL,ASO,ES,Federal Contract Tower,53,20,69,0,142,0,1,131,6,138,53,21,200,6,280,0,0,0,280
01/03/2016,EYW,FL,ASO,ES,Federal Contract Tower,53,18,73,0,144,0,0,73,0,73,53,18,146,0,217,0,0,0,217
01/04/2016,EYW,FL,ASO,ES,Federal Contract Tower,39,12,32,0,83,0,1,35,0,36,39,13,67,0,119,6,0,6,125
01/05/2016,EYW,FL,ASO,ES,Federal Contract Tower,44,11,29,3,87,0,2,26,0,28,44,13,55,3,115,0,0,0,115
01/06/2016,EYW,FL,ASO,ES,Federal Contract Tower,43,9,12,1,65,0,2,27,0,29,43,11,39,1,94,4,0,4,98
01/07/2016,EYW,FL,ASO,ES,Federal Contract Tower,45,14,47,0,106,0,4,83,0,87,45,18,130,0,193,2,0,2,195
01/08/2016,EYW,FL,ASO,ES,Federal Contract Tower,44,13,34,0,91,0,3,38,0,41,44,16,72,0,132,0,0,0,132
01/09/2016,EYW,FL,ASO,ES,Federal Contract Tower,47,8,35,1,91,0,1,88,0,89,47,9,123,1,180,22,0,22,202
01/10/2016,EYW,FL,ASO,ES,Federal Contract Tower,37,4,36,1,78,0,2,34,1,37,37,6,70,2,115,4,0,4,119
01/11/2016,EYW,FL,ASO,ES,Federal Contract Tower,39,6,36,0,81,0,0,31,0,31,39,6,67,0,112,0,0,0,112
01/12/2016,EYW,FL,ASO,ES,Federal Contract Tower,46,10,15,0,71,0,0,26,0,26,46,10,41,0,97,0,0,0,97
01/13/2016,EYW,FL,ASO,ES,Federal Contract Tower,43,14,29,0,86,0,3,57,2,62,43,17,86,2,148,4,0,4,152
01/14/2016,EYW,FL,ASO,ES,Federal Contract Tower,42,9,19,0,70,0,1,28,0,29,42,10,47,0,99,2,0,2,101
01/15/2016,EYW,FL,ASO,ES,Federal Contract Tower,43,18,27,0,88,0,1,2,0,3,43,19,29,0,91,0,0,0,91
01/16/2016,EYW,FL,ASO,ES,Federal Contract Tower,47,9,44,1,101,0,1,86,1,88,47,10,130,2,189,10,0,10,199
01/17/2016,EYW,FL,ASO,ES,Federal Contract Tower,36,6,36,2,80,0,0,13,3,16,36,6,49,5,96,0,0,0,96
01/18/2016,EYW,FL,ASO,ES,Federal Contract Tower,43,13,32,0,88,0,0,43,8,51,43,13,75,8,139,0,2,2,141
01/19/2016,EYW,FL,ASO,ES,Federal Contract Tower,41,7,23,0,71,0,0,30,2,32,41,7,53,2,103,0,0,0,103
01/20/2016,EYW,FL,ASO,ES,Federal Contract Tower,43,16,24,2,85,0,1,64,7,72,43,17,88,9,157,10,0,10,167
01/21/2016,EYW,FL,ASO,ES,Federal Contract Tower,43,15,22,0,80,0,0,72,7,79,43,15,94,7,159,26,0,26,185
01/22/2016,EYW,FL,ASO,ES,Federal Contract Tower,38,17,28,0,83,0,0,3,0,3,38,17,31,0,86,0,0,0,86
01/23/2016,EYW,FL,ASO,ES,Federal Contract Tower,40,9,25,0,74,0,4,18,0,22,40,13,43,0,96,0,0,0,96
01/24/2016,EYW,FL,ASO,ES,Federal Contract Tower,40,10,44,0,94,0,2,91,2,95,40,12,135,2,189,6,0,6,195
01/25/2016,EYW,FL,ASO,ES,Federal Contract Tower,38,8,18,1,65,0,6,45,1,52,38,14,63,2,117,10,0,10,127
01/26/2016,EYW,FL,ASO,ES,Federal Contract Tower,37,15,25,5,82,0,0,64,1,65,37,15,89,6,147,0,0,0,147
01/27/2016,EYW,FL,ASO,ES,Federal Contract Tower,40,13,22,0,75,0,0,16,0,16,40,13,38,0,91,0,2,2,93
01/28/2016,EYW,FL,ASO,ES,Federal Contract Tower,44,14,16,0,74,0,0,2,0,2,44,14,18,0,76,0,0,0,76
01/29/2016,EYW,FL,ASO,ES,Federal Contract Tower,43,18,30,1,92,0,8,55,1,64,43,26,85,2,156,0,0,0,156
01/30/2016,EYW,FL,ASO,ES,Federal Contract Tower,53,12,34,0,99,0,3,88,0,91,53,15,122,0,190,0,0,0,190
01/31/2016,EYW,FL,ASO,ES,Federal Contract Tower,43,8,45,0,96,0,2,76,0,78,43,10,121,0,174,12,0,12,186
02/01/2016,EYW,FL,ASO,ES,Federal Contract Tower,41,15,29,0,85,0,2,47,1,50,41,17,76,1,135,0,0,0,135
02/02/2016,EYW,FL,ASO,ES,Federal Contract Tower,39,11,14,5,69,0,0,88,1,89,39,11,102,6,158,20,0,20,178
02/03/2016,EYW,FL,ASO,ES,Federal Contract Tower,40,7,13,4,64,0,0,76,1,77,40,7,89,5,141,2,0,2,143
02/04/2016,EYW,FL,ASO,ES,Federal Contract Tower,42,8,32,2,84,0,2,52,6,60,42,10,84,8,144,0,0,0,144
02/05/2016,EYW,FL,ASO,ES,Federal Contract Tower,43,19,39,0,101,0,1,22,2,25,43,20,61,2,126,0,0,0,126
02/06/2016,EYW,FL,ASO,ES,Federal Contract Tower,37,8,26,3,74,0,4,20,3,27,37,12,46,6,101,0,0,0,101
02/07/2016,EYW,FL,ASO,ES,Federal Contract Tower,38,8,31,1,78,0,2,41,0,43,38,10,72,1,121,4,0,4,125
02/08/2016,EYW,FL,ASO,ES,Federal Contract Tower,41,11,27,1,80,0,0,62,1,63,41,11,89,2,143,4,0,4,147
02/09/2016,EYW,FL,ASO,ES,Federal Contract Tower,39,9,21,0,69,0,1,30,0,31,39,10,51,0,100,0,0,0,100
02/10/2016,EYW,FL,ASO,ES,Federal Contract Tower,42,11,22,0,75,0,0,44,0,44,42,11,66,0,119,6,0,6,125
02/11/2016,EYW,FL,ASO,ES,Federal Contract Tower,49,8,41,2,100,0,3,66,0,69,49,11,107,2,169,0,0,0,169
02/12/2016,EYW,FL,ASO,ES,Federal Contract Tower,50,25,50,3,128,0,2,77,8,87,50,27,127,11,215,2,0,2,217
02/13/2016,EYW,FL,ASO,ES,Federal Contract Tower,49,8,34,1,92,0,0,81,2,83,49,8,115,3,175,8,0,8,183
02/14/2016,EYW,FL,ASO,ES,Federal Contract Tower,46,8,48,0,102,0,4,112,1,117,46,12,160,1,219,12,0,12,231
02/15/2016,EYW,FL,ASO,ES,Federal Contract Tower,40,17,56,0,113,0,5,65,5,75,40,22,121,5,188,2,2,4,192
02/16/2016,EYW,FL,ASO,ES,Federal Contract Tower,42,15,24,0,81,0,2,54,4,60,42,17,78,4,141,18,0,18,159
02/17/2016,EYW,FL,ASO,ES,Federal Contract Tower,50,12,20,0,82,0,2,85,0,87,50,14,105,0,169,20,0,20,189
02/18/2016,EYW,FL,ASO,ES,Federal Contract Tower,46,9,26,0,81,0,2,102,0,104,46,11,128,0,185,8,2,10,195
02/19/2016,EYW,FL,ASO,ES,Federal Contract Tower,48,15,47,0,110,0,1,96,0,97,48,16,143,0,207,6,0,6,213
02/20/2016,EYW,FL,ASO,ES,Federal Contract Tower,53,5,41,5,104,0,1,88,0,89,53,6,129,5,193,10,0,10,203
02/21/2016,EYW,FL,ASO,ES,Federal Contract Tower,46,5,51,0,102,0,2,92,0,94,46,7,143,0,196,16,0,16,212
02/22/2016,EYW,FL,ASO,ES,Federal Contract Tower,46,9,38,0,93,0,0,40,0,40,46,9,78,0,133,8,0,8,141
02/23/2016,EYW,FL,ASO,ES,Federal Contract Tower,48,17,24,0,89,0,0,48,0,48,48,17,72,0,137,14,0,14,151
02/24/2016,EYW,FL,ASO,ES,Federal Contract Tower,50,9,13,0,72,2,1,73,0,76,52,10,86,0,148,4,0,4,152
02/25/2016,EYW,FL,ASO,ES,Federal Contract Tower,48,12,27,0,87,0,1,39,0,40,48,13,66,0,127,0,0,0,127
02/26/2016,EYW,FL,ASO,ES,Federal Contract Tower,47,21,40,0,108,0,1,94,0,95,47,22,134,0,203,6,0,6,209
02/27/2016,EYW,FL,ASO,ES,Federal Contract Tower,46,2,38,0,86,0,1,75,0,76,46,3,113,0,162,2,0,2,164
02/28/2016,EYW,FL,ASO,ES,Federal Contract Tower,48,3,48,0,99,0,0,82,0,82,48,3,130,0,181,8,0,8,189
02/29/2016,EYW,FL,ASO,ES,Federal Contract Tower,48,14,39,0,101,0,0,73,0,73,48,14,112,0,174,20,0,20,194
03/01/2016,EYW,FL,ASO,ES,Federal Contract Tower,48,11,16,0,75,0,0,63,0,63,48,11,79,0,138,8,0,8,146
03/02/2016,EYW,FL,ASO,ES,Federal Contract Tower,49,11,25,2,87,0,0,73,0,73,49,11,98,2,160,4,0,4,164
03/03/2016,EYW,FL,ASO,ES,Federal Contract Tower,50,16,32,0,98,0,2,57,0,59,50,18,89,0,157,18,0,18,175
03/04/2016,EYW,FL,ASO,ES,Federal Contract Tower,53,11,44,1,109,0,0,84,0,84,53,11,128,1,193,10,0,10,203
03/05/2016,EYW,FL,ASO,ES,Federal Contract Tower,53,6,43,0,102,0,9,77,0,86,53,15,120,0,188,26,0,26,214
03/06/2016,EYW,FL,ASO,ES,Federal Contract Tower,51,10,51,0,112,0,3,72,0,75,51,13,123,0,187,22,0,22,209
03/07/2016,EYW,FL,ASO,ES,Federal Contract Tower,49,8,29,0,86,0,0,73,0,73,49,8,102,0,159,18,0,18,177
03/08/2016,EYW,FL,ASO,ES,Federal Contract Tower,52,9,22,1,84,0,0,42,1,43,52,9,64,2,127,0,0,0,127
03/09/2016,EYW,FL,ASO,ES,Federal Contract Tower,55,12,30,1,98,0,0,30,1,31,55,12,60,2,129,0,0,0,129
03/10/2016,EYW,FL,ASO,ES,Federal Contract Tower,51,11,45,3,110,0,4,36,0,40,51,15,81,3,150,0,0,0,150
03/11/2016,EYW,FL,ASO,ES,Federal Contract Tower,51,14,48,0,113,0,0,51,0,51,51,14,99,0,164,2,0,2,166
03/12/2016,EYW,FL,ASO,ES,Federal Contract Tower,49,9,36,0,94,0,1,58,0,59,49,10,94,0,153,16,0,16,169
03/13/2016,EYW,FL,ASO,ES,Federal Contract Tower,45,14,56,0,115,0,2,78,0,80,45,16,134,0,195,28,0,28,223
03/14/2016,EYW,FL,ASO,ES,Federal Contract Tower,45,11,23,0,79,0,5,74,0,79,45,16,97,0,158,42,0,42,200
03/15/2016,EYW,FL,ASO,ES,Federal Contract Tower,50,11,39,0,100,0,3,74,1,78,50,14,113,1,178,2,0,2,180
03/16/2016,EYW,FL,ASO,ES,Federal Contract Tower,51,11,42,0,104,0,1,83,0,84,51,12,125,0,188,0,0,0,188
03/17/2016,EYW,FL,ASO,ES,Federal Contract Tower,46,9,34,5,94,0,1,67,0,68,46,10,101,5,162,20,0,20,182
03/18/2016,EYW,FL,ASO,ES,Federal Contract Tower,47,21,58,3,129,0,0,81,3,84,47,21,139,6,213,8,0,8,221
03/19/2016,EYW,FL,ASO,ES,Federal Contract Tower,45,13,61,2,121,0,1,91,0,92,45,14,152,2,213,18,0,18,231
03/20/2016,EYW,FL,ASO,ES,Federal Contract Tower,48,18,60,2,128,0,1,39,0,40,48,19,99,2,168,28,0,28,196
03/21/2016,EYW,FL,ASO,ES,Federal Contract Tower,44,16,36,2,98,0,0,16,0,16,44,16,52,2,114,0,0,0,114
03/22/2016,EYW,FL,ASO,ES,Federal Contract Tower,53,12,23,2,90,0,0,71,0,71,53,12,94,2,161,4,0,4,165
03/23/2016,EYW,FL,ASO,ES,Federal Contract Tower,53,18,42,2,115,0,4,92,2,98,53,22,134,4,213,4,0,4,217
03/24/2016,EYW,FL,ASO,ES,Federal Contract Tower,51,18,37,2,108,0,2,53,0,55,51,20,90,2,163,0,0,0,163
03/25/2016,EYW,FL,ASO,ES,Federal Contract Tower,49,21,66,0,136,0,0,64,0,64,49,21,130,0,200,0,0,0,200
03/26/2016,EYW,FL,ASO,ES,Federal Contract Tower,49,23,38,1,111,0,4,101,0,105,49,27,139,1,216,28,0,28,244
03/27/2016,EYW,FL,ASO,ES,Federal Contract Tower,50,2,60,0,112,0,3,69,0,72,50,5,129,0,184,18,0,18,202
03/28/2016,EYW,FL,ASO,ES,Federal Contract Tower,49,15,55,0,119,0,3,57,4,64,49,18,112,4,183,4,0,4,187
03/29/2016,EYW,FL,ASO,ES,Federal Contract Tower,49,11,31,6,97,0,0,53,0,53,49,11,84,6,150,8,0,8,158
03/30/2016,EYW,FL,ASO,ES,Federal Contract Tower,53,18,48,2,121,0,0,76,1,77,53,18,124,3,198,6,0,6,204
03/31/2016,EYW,FL,ASO,ES,Federal Contract Tower,47,17,28,0,92,0,7,61,1,69,47,24,89,1,161,20,0,20,181
04/01/2016,EYW,FL,ASO,ES,Federal Contract Tower,47,21,35,1,104,0,6,59,0,65,47,27,94,1,169,0,0,0,169
04/02/2016,EYW,FL,ASO,ES,Federal Contract Tower,45,16,29,0,90,0,3,53,2,58,45,19,82,2,148,0,0,0,148
04/03/2016,EYW,FL,ASO,ES,Federal Contract Tower,48,6,69,0,123,0,1,43,4,48,48,7,112,4,171,0,0,0,171
04/04/2016,EYW,FL,ASO,ES,Federal Contract Tower,45,12,42,0,99,0,0,48,3,51,45,12,90,3,150,16,0,16,166
04/05/2016,EYW,FL,ASO,ES,Federal Contract Tower,47,13,27,1,88,0,1,79,5,85,47,14,106,6,173,6,2,8,181
04/06/2016,EYW,FL,ASO,ES,Federal Contract Tower,45,14,40,0,99,0,0,95,0,95,45,14,135,0,194,0,0,0,194
04/07/2016,EYW,FL,ASO,ES,Federal Contract Tower,48,11,31,0,90,0,1,61,16,78,48,12,92,16,168,8,0,8,176
04/08/2016,EYW,FL,ASO,ES,Federal Contract Tower,43,16,39,0,98,0,2,84,9,95,43,18,123,9,193,6,0,6,199
04/09/2016,EYW,FL,ASO,ES,Federal Contract Tower,42,7,48,0,97,0,2,92,4,98,42,9,140,4,195,0,0,0,195
04/10/2016,EYW,FL,ASO,ES,Federal Contract Tower,49,10,59,1,119,0,2,102,2,106,49,12,161,3,225,2,0,2,227
04/11/2016,EYW,FL,ASO,ES,Federal Contract Tower,46,14,24,0,84,0,0,56,1,57,46,14,80,1,141,2,0,2,143
04/12/2016,EYW,FL,ASO,ES,Federal Contract Tower,49,12,41,0,102,0,0,92,2,94,49,12,133,2,196,4,0,4,200
04/13/2016,EYW,FL,ASO,ES,Federal Contract Tower,50,12,28,0,90,0,5,58,2,65,50,17,86,2,155,6,0,6,161
04/14/2016,EYW,FL,ASO,ES,Federal Contract Tower,46,16,35,0,97,0,1,57,0,58,46,17,92,0,155,40,0,40,195
04/15/2016,EYW,FL,ASO,ES,Federal Contract Tower,49,19,30,0,98,0,7,37,3,47,49,26,67,3,145,0,0,0,145
04/16/2016,EYW,FL,ASO,ES,Federal Contract Tower,49,9,26,0,84,0,0,63,2,65,49,9,89,2,149,26,0,26,175
04/17/2016,EYW,FL,ASO,ES,Federal Contract Tower,49,8,63,0,120,0,0,57,0,57,49,8,120,0,177,0,0,0,177
04/18/2016,EYW,FL,ASO,ES,Federal Contract Tower,45,10,35,0,90,0,0,48,5,53,45,10,83,5,143,0,0,0,143
04/19/2016,EYW,FL,ASO,ES,Federal Contract Tower,49,7,19,0,75,0,0,61,3,64,49,7,80,3,139,0,0,0,139
04/20/2016,EYW,FL,ASO,ES,Federal Contract Tower,50,14,25,0,89,0,0,41,2,43,50,14,66,2,132,2,0,2,134
04/21/2016,EYW,FL,ASO,ES,Federal Contract Tower,48,12,42,0,102,0,2,18,1,21,48,14,60,1,123,2,0,2,125
04/22/2016,EYW,FL,ASO,ES,Federal Contract Tower,47,17,29,0,93,0,2,64,4,70,47,19,93,4,163,0,0,0,163
04/23/2016,EYW,FL,ASO,ES,Federal Contract Tower,52,6,33,0,91,0,0,95,0,95,52,6,128,0,186,8,0,8,194
04/24/2016,EYW,FL,ASO,ES,Federal Contract Tower,48,11,49,0,108,0,0,88,2,90,48,11,137,2,198,8,0,8,206
04/25/2016,EYW,FL,ASO,ES,Federal Contract Tower,40,5,30,0,75,0,0,46,5,51,40,5,76,5,126,26,0,26,152
04/26/2016,EYW,FL,ASO,ES,Federal Contract Tower,47,8,18,0,73,0,1,53,0,54,47,9,71,0,127,2,0,2,129
04/27/2016,EYW,FL,ASO,ES,Federal Contract Tower,44,17,32,0,93,0,4,71,2,77,44,21,103,2,170,42,0,42,212
04/28/2016,EYW,FL,ASO,ES,Federal Contract Tower,44,11,42,0,97,0,4,60,1,65,44,15,102,1,162,12,0,12,174
04/29/2016,EYW,FL,ASO,ES,Federal Contract Tower,43,21,33,0,97,0,2,83,4,89,43,23,116,4,186,4,0,4,190
04/30/2016,EYW,FL,ASO,ES,Federal Contract Tower,52,8,49,0,109,0,2,90,3,95,52,10,139,3,204,8,0,8,212
05/01/2016,EYW,FL,ASO,ES,Federal Contract Tower,45,6,52,0,103,0,0,88,4,92,45,6,140,4,195,0,0,0,195
05/02/2016,EYW,FL,ASO,ES,Federal Contract Tower,37,8,39,0,84,0,2,58,0,60,37,10,97,0,144,20,0,20,164
05/03/2016,EYW,FL,ASO,ES,Federal Contract Tower,48,14,28,4,94,0,1,55,0,56,48,15,83,4,150,2,0,2,152
05/04/2016,EYW,FL,ASO,ES,Federal Contract Tower,33,7,27,0,67,0,3,17,2,22,33,10,44,2,89,0,0,0,89
05/05/2016,EYW,FL,ASO,ES,Federal Contract Tower,41,7,43,0,91,0,2,45,2,49,41,9,88,2,140,2,0,2,142
05/06/2016,EYW,FL,ASO,ES,Federal Contract Tower,42,10,72,0,124,0,9,65,7,81,42,19,137,7,205,2,0,2,207
05/07/2016,EYW,FL,ASO,ES,Federal Contract Tower,44,9,38,0,91,0,4,78,4,86,44,13,116,4,177,2,0,2,179
05/08/2016,EYW,FL,ASO,ES,Federal Contract Tower,42,4,38,0,84,0,9,82,0,91,42,13,120,0,175,2,0,2,177
05/09/2016,EYW,FL,ASO,ES,Federal Contract Tower,36,7,34,0,77,0,4,70,0,74,36,11,104,0,151,20,0,20,171
05/10/2016,EYW,FL,ASO,ES,Federal Contract Tower,38,6,20,0,64,0,0,44,0,44,38,6,64,0,108,6,0,6,114
05/11/2016,EYW,FL,ASO,ES,Federal Contract Tower,40,10,24,0,74,0,1,64,3,68,40,11,88,3,142,6,0,6,148
05/12/2016,EYW,FL,ASO,ES,Federal Contract Tower,35,10,25,3,73,0,0,57,6,63,35,10,82,9,136,16,0,16,152
05/13/2016,EYW,FL,ASO,ES,Federal Contract Tower,36,13,45,0,94,0,7,74,3,84,36,20,119,3,178,2,0,2,180
05/14/2016,EYW,FL,ASO,ES,Federal Contract Tower,43,4,36,0,83,0,2,80,0,82,43,6,116,0,165,28,0,28,193
05/15/2016,EYW,FL,ASO,ES,Federal Contract Tower,41,11,48,0,100,0,3,83,0,86,41,14,131,0,186,0,0,0,186
05/16/2016,EYW,FL,ASO,ES,Federal Contract Tower,37,5,37,2,81,0,0,57,1,58,37,5,94,3,139,20,0,20,159
05/18/2016,EYW,FL,ASO,ES,Federal Contract Tower,31,12,28,0,71,0,1,42,0,43,31,13,70,0,114,2,0,2,116
05/19/2016,EYW,FL,ASO,ES,Federal Contract Tower,35,17,20,1,73,0,0,23,1,24,35,17,43,2,97,0,0,0,97
05/20/2016,EYW,FL,ASO,ES,Federal Contract Tower,37,16,40,0,93,0,0,52,0,52,37,16,92,0,145,0,0,0,145
05/21/2016,EYW,FL,ASO,ES,Federal Contract Tower,46,6,23,0,75,0,11,48,1,60,46,17,71,1,135,10,0,10,145
05/22/2016,EYW,FL,ASO,ES,Federal Contract Tower,39,15,43,0,97,0,2,74,0,76,39,17,117,0,173,2,0,2,175
05/23/2016,EYW,FL,ASO,ES,Federal Contract Tower,36,16,40,0,92,0,0,55,3,58,36,16,95,3,150,20,0,20,170
05/24/2016,EYW,FL,ASO,ES,Federal Contract Tower,35,8,15,0,58,0,2,53,0,55,35,10,68,0,113,2,0,2,115
05/25/2016,EYW,FL,ASO,ES,Federal Contract Tower,42,18,22,0,82,0,5,48,2,55,42,23,70,2,137,0,0,0,137
05/26/2016,EYW,FL,ASO,ES,Federal Contract Tower,40,19,26,0,85,0,1,67,8,76,40,20,93,8,161,6,0,6,167
05/27/2016,EYW,FL,ASO,ES,Federal Contract Tower,43,21,45,0,109,0,4,55,3,62,43,25,100,3,171,10,0,10,181
05/28/2016,EYW,FL,ASO,ES,Federal Contract Tower,46,8,26,0,80,0,4,88,1,93,46,12,114,1,173,12,0,12,185
05/29/2016,EYW,FL,ASO,ES,Federal Contract Tower,41,6,26,0,73,0,2,71,0,73,41,8,97,0,146,0,0,0,146
05/30/2016,EYW,FL,ASO,ES,Federal Contract Tower,37,7,52,0,96,0,0,90,0,90,37,7,142,0,186,18,0,18,204
05/31/2016,EYW,FL,ASO,ES,Federal Contract Tower,39,11,22,0,72,0,0,36,0,36,39,11,58,0,108,30,0,30,138
06/01/2016,EYW,FL,ASO,ES,Federal Contract Tower,36,14,19,0,69,0,0,52,2,54,36,14,71,2,123,14,0,14,137
06/02/2016,EYW,FL,ASO,ES,Federal Contract Tower,39,15,33,1,88,0,0,57,4,61,39,15,90,5,149,26,0,26,175
06/03/2016,EYW,FL,ASO,ES,Federal Contract Tower,35,18,30,0,83,0,2,66,0,68,35,20,96,0,151,8,0,8,159
06/04/2016,EYW,FL,ASO,ES,Federal Contract Tower,37,9,26,0,72,0,0,65,0,65,37,9,91,0,137,12,0,12,149
06/05/2016,EYW,FL,ASO,ES,Federal Contract Tower,32,6,33,0,71,0,2,30,0,32,32,8,63,0,103,0,0,0,103
06/06/2016,EYW,FL,ASO,ES,Federal Contract Tower,25,6,12,0,43,0,2,0,1,3,25,8,12,1,46,0,0,0,46
06/07/2016,EYW,FL,ASO,ES,Federal Contract Tower,36,11,18,1,66,0,0,11,1,12,36,11,29,2,78,0,0,0,78
06/08/2016,EYW,FL,ASO,ES,Federal Contract Tower,33,10,19,0,62,0,1,14,0,15,33,11,33,0,77,0,0,0,77
06/09/2016,EYW,FL,ASO,ES,Federal Contract Tower,34,10,23,1,68,0,3,53,7,63,34,13,76,8,131,2,0,2,133
06/10/2016,EYW,FL,ASO,ES,Federal Contract Tower,28,11,29,0,68,0,0,45,0,45,28,11,74,0,113,4,0,4,117
06/11/2016,EYW,FL,ASO,ES,Federal Contract Tower,38,28,18,0,84,0,1,63,0,64,38,29,81,0,148,16,0,16,164
06/12/2016,EYW,FL,ASO,ES,Federal Contract Tower,32,5,30,0,67,0,3,59,0,62,32,8,89,0,129,20,0,20,149
06/13/2016,EYW,FL,ASO,ES,Federal Contract Tower,30,11,26,0,67,0,1,47,0,48,30,12,73,0,115,20,0,20,135
06/14/2016,EYW,FL,ASO,ES,Federal Contract Tower,33,14,25,0,72,0,1,53,0,54,33,15,78,0,126,0,0,0,126
06/16/2016,EYW,FL,ASO,ES,Federal Contract Tower,35,16,25,0,76,0,7,62,1,70,35,23,87,1,146,0,0,0,146
06/17/2016,EYW,FL,ASO,ES,Federal Contract Tower,27,18,37,0,82,0,3,51,12,66,27,21,88,12,148,4,0,4,152
06/18/2016,EYW,FL,ASO,ES,Federal Contract Tower,35,7,22,0,64,0,4,66,1,71,35,11,88,1,135,4,2,6,141
06/19/2016,EYW,FL,ASO,ES,Federal Contract Tower,31,5,36,0,72,0,1,62,0,63,31,6,98,0,135,2,0,2,137
06/20/2016,EYW,FL,ASO,ES,Federal Contract Tower,30,5,29,0,64,0,3,72,1,76,30,8,101,1,140,0,0,0,140
06/21/2016,EYW,FL,ASO,ES,Federal Contract Tower,32,6,16,0,54,0,2,48,0,50,32,8,64,0,104,0,0,0,104
06/22/2016,EYW,FL,ASO,ES,Federal Contract Tower,36,14,13,1,64,0,4,54,6,64,36,18,67,7,128,0,0,0,128
06/23/2016,EYW,FL,ASO,ES,Federal Contract Tower,36,8,31,0,75,0,0,38,2,40,36,8,69,2,115,2,0,2,117
06/24/2016,EYW,FL,ASO,ES,Federal Contract Tower,31,13,22,0,66,0,0,42,1,43,31,13,64,1,109,0,0,0,109
06/25/2016,EYW,FL,ASO,ES,Federal Contract Tower,39,11,24,0,74,0,6,61,2,69,39,17,85,2,143,6,0,6,149
06/26/2016,EYW,FL,ASO,ES,Federal Contract Tower,36,3,40,0,79,0,5,64,1,70,36,8,104,1,149,0,0,0,149
06/27/2016,EYW,FL,ASO,ES,Federal Contract Tower,33,8,24,0,65,0,1,53,0,54,33,9,77,0,119,0,0,0,119
06/28/2016,EYW,FL,ASO,ES,Federal Contract Tower,35,6,15,1,57,0,0,48,1,49,35,6,63,2,106,0,0,0,106
06/29/2016,EYW,FL,ASO,ES,Federal Contract Tower,33,15,13,3,64,0,0,61,1,62,33,15,74,4,126,0,0,0,126
06/30/2016,EYW,FL,ASO,ES,Federal Contract Tower,33,14,17,0,64,0,2,46,0,48,33,16,63,0,112,0,0,0,112
07/01/2016,EYW,FL,ASO,ES,Federal Contract Tower,31,10,17,2,60,0,3,65,7,75,31,13,82,9,135,0,2,2,137
07/02/2016,EYW,FL,ASO,ES,Federal Contract Tower,38,5,23,0,66,0,1,53,0,54,38,6,76,0,120,6,0,6,126
07/03/2016,EYW,FL,ASO,ES,Federal Contract Tower,33,4,23,0,60,0,3,45,0,48,33,7,68,0,108,2,0,2,110
07/04/2016,EYW,FL,ASO,ES,Federal Contract Tower,35,4,18,0,57,0,3,53,0,56,35,7,71,0,113,0,0,0,113
07/05/2016,EYW,FL,ASO,ES,Federal Contract Tower,41,10,23,0,74,0,2,68,0,70,41,12,91,0,144,0,0,0,144
07/06/2016,EYW,FL,ASO,ES,Federal Contract Tower,38,9,12,0,59,0,5,45,3,53,38,14,57,3,112,2,0,2,114
07/07/2016,EYW,FL,ASO,ES,Federal Contract Tower,36,8,20,0,64,0,3,66,2,71,36,11,86,2,135,0,0,0,135
07/08/2016,EYW,FL,ASO,ES,Federal Contract Tower,40,10,31,0,81,0,4,47,2,53,40,14,78,2,134,6,2,8,142
07/09/2016,EYW,FL,ASO,ES,Federal Contract Tower,44,5,24,0,73,0,4,61,0,65,44,9,85,0,138,2,0,2,140
07/10/2016,EYW,FL,ASO,ES,Federal Contract Tower,40,10,31,2,83,0,7,64,0,71,40,17,95,2,154,10,0,10,164
07/11/2016,EYW,FL,ASO,ES,Federal Contract Tower,35,6,12,0,53,0,5,37,0,42,35,11,49,0,95,2,0,2,97
07/12/2016,EYW,FL,ASO,ES,Federal Contract Tower,40,5,11,0,56,0,1,69,0,70,40,6,80,0,126,26,0,26,152
07/13/2016,EYW,FL,ASO,ES,Federal Contract Tower,40,8,19,0,67,0,0,56,0,56,40,8,75,0,123,0,2,2,125
07/14/2016,EYW,FL,ASO,ES,Federal Contract Tower,36,10,11,0,57,0,2,61,2,65,36,12,72,2,122,20,0,20,142
07/15/2016,EYW,FL,ASO,ES,Federal Contract Tower,39,10,24,0,73,0,3,48,4,55,39,13,72,4,128,0,0,0,128
07/16/2016,EYW,FL,ASO,ES,Federal Contract Tower,45,4,26,0,75,0,5,51,2,58,45,9,77,2,133,8,0,8,141
07/17/2016,EYW,FL,ASO,ES,Federal Contract Tower,39,4,24,0,67,0,0,81,0,81,39,4,105,0,148,0,0,0,148
07/18/2016,EYW,FL,ASO,ES,Federal Contract Tower,39,7,16,2,64,0,8,46,4,58,39,15,62,6,122,2,0,2,124
07/19/2016,EYW,FL,ASO,ES,Federal Contract Tower,36,8,18,0,62,0,3,67,0,70,36,11,85,0,132,0,0,0,132
07/20/2016,EYW,FL,ASO,ES,Federal Contract Tower,37,11,19,1,68,0,2,22,3,27,37,13,41,4,95,0,0,0,95
07/21/2016,EYW,FL,ASO,ES,Federal Contract Tower,40,11,14,0,65,0,0,62,0,62,40,11,76,0,127,0,0,0,127
07/22/2016,EYW,FL,ASO,ES,Federal Contract Tower,36,15,21,0,72,0,3,57,0,60,36,18,78,0,132,0,0,0,132
07/23/2016,EYW,FL,ASO,ES,Federal Contract Tower,45,7,25,0,77,0,0,68,2,70,45,7,93,2,147,16,0,16,163
07/24/2016,EYW,FL,ASO,ES,Federal Contract Tower,39,9,32,0,80,0,0,58,0,58,39,9,90,0,138,0,0,0,138
07/25/2016,EYW,FL,ASO,ES,Federal Contract Tower,39,10,28,0,77,0,0,59,0,59,39,10,87,0,136,20,0,20,156
07/26/2016,EYW,FL,ASO,ES,Federal Contract Tower,38,10,22,0,70,0,0,79,2,81,38,10,101,2,151,0,0,0,151
07/27/2016,EYW,FL,ASO,ES,Federal Contract Tower,38,12,16,1,67,0,2,35,6,43,38,14,51,7,110,0,0,0,110
07/28/2016,EYW,FL,ASO,ES,Federal Contract Tower,38,11,17,0,66,0,0,47,2,49,38,11,64,2,115,0,0,0,115
07/29/2016,EYW,FL,ASO,ES,Federal Contract Tower,38,15,39,0,92,0,0,82,6,88,38,15,121,6,180,0,0,0,180
07/30/2016,EYW,FL,ASO,ES,Federal Contract Tower,43,11,38,0,92,0,3,93,2,98,43,14,131,2,190,0,0,0,190
07/31/2016,EYW,FL,ASO,ES,Federal Contract Tower,65,8,29,0,102,0,0,76,2,78,65,8,105,2,180,0,0,0,180
08/01/2016,EYW,FL,ASO,ES,Federal Contract Tower,37,21,19,1,78,0,0,56,4,60,37,21,75,5,138,6,0,6,144
08/02/2016,EYW,FL,ASO,ES,Federal Contract Tower,34,14,15,0,63,0,1,70,1,72,34,15,85,1,135,4,0,4,139
08/03/2016,EYW,FL,ASO,ES,Federal Contract Tower,37,7,22,0,66,0,1,45,6,52,37,8,67,6,118,4,0,4,122
08/04/2016,EYW,FL,ASO,ES,Federal Contract Tower,38,11,15,0,64,0,6,66,0,72,38,17,81,0,136,18,0,18,154
08/05/2016,EYW,FL,ASO,ES,Federal Contract Tower,37,12,32,0,81,0,3,74,3,80,37,15,106,3,161,4,0,4,165
08/06/2016,EYW,FL,ASO,ES,Federal Contract Tower,44,2,15,0,61,0,4,86,0,90,44,6,101,0,151,0,0,0,151
08/07/2016,EYW,FL,ASO,ES,Federal Contract Tower,38,1,33,0,72,0,2,72,0,74,38,3,105,0,146,0,4,4,150
08/08/2016,EYW,FL,ASO,ES,Federal Contract Tower,28,6,17,4,55,0,2,32,0,34,28,8,49,4,89,22,0,22,111
08/09/2016,EYW,FL,ASO,ES,Federal Contract Tower,36,8,15,0,59,0,1,45,0,46,36,9,60,0,105,0,0,0,105
08/10/2016,EYW,FL,ASO,ES,Federal Contract Tower,39,9,21,0,69,0,2,40,0,42,39,11,61,0,111,18,0,18,129
08/11/2016,EYW,FL,ASO,ES,Federal Contract Tower,38,13,15,0,66,0,2,54,0,56,38,15,69,0,122,0,0,0,122
08/12/2016,EYW,FL,ASO,ES,Federal Contract Tower,33,7,41,0,81,0,0,65,2,67,33,7,106,2,148,30,0,30,178
08/13/2016,EYW,FL,ASO,ES,Federal Contract Tower,46,8,15,1,70,0,7,78,0,85,46,15,93,1,155,16,0,16,171
08/14/2016,EYW,FL,ASO,ES,Federal Contract Tower,39,5,42,0,86,0,5,57,0,62,39,10,99,0,148,0,0,0,148
08/15/2016,EYW,FL,ASO,ES,Federal Contract Tower,36,4,18,3,61,0,2,35,0,37,36,6,53,3,98,28,0,28,126
08/16/2016,EYW,FL,ASO,ES,Federal Contract Tower,29,8,15,2,54,0,0,74,0,74,29,8,89,2,128,26,0,26,154
08/17/2016,EYW,FL,ASO,ES,Federal Contract Tower,31,14,16,0,61,0,3,39,0,42,31,17,55,0,103,4,0,4,107
08/18/2016,EYW,FL,ASO,ES,Federal Contract Tower,29,6,19,0,54,0,0,55,8,63,29,6,74,8,117,30,0,30,147
08/19/2016,EYW,FL,ASO,ES,Federal Contract Tower,32,13,27,0,72,0,5,51,0,56,32,18,78,0,128,8,2,10,138
08/20/2016,EYW,FL,ASO,ES,Federal Contract Tower,35,7,19,0,61,0,3,65,0,68,35,10,84,0,129,8,0,8,137
08/21/2016,EYW,FL,ASO,ES,Federal Contract Tower,32,6,29,0,67,0,0,71,2,73,32,6,100,2,140,0,0,0,140
08/22/2016,EYW,FL,ASO,ES,Federal Contract Tower,34,8,20,0,62,0,1,50,1,52,34,9,70,1,114,10,0,10,124
08/23/2016,EYW,FL,ASO,ES,Federal Contract Tower,31,11,12,0,54,0,0,43,2,45,31,11,55,2,99,8,0,8,107
08/24/2016,EYW,FL,ASO,ES,Federal Contract Tower,33,11,18,0,62,0,4,28,0,32,33,15,46,0,94,20,0,20,114
08/25/2016,EYW,FL,ASO,ES,Federal Contract Tower,30,9,17,2,58,0,0,58,0,58,30,9,75,2,116,20,2,22,138
08/26/2016,EYW,FL,ASO,ES,Federal Contract Tower,31,12,14,1,58,0,4,29,0,33,31,16,43,1,91,20,0,20,111
08/27/2016,EYW,FL,ASO,ES,Federal Contract Tower,33,3,21,1,58,0,0,21,0,21,33,3,42,1,79,2,0,2,81
08/28/2016,EYW,FL,ASO,ES,Federal Contract Tower,33,1,13,2,49,0,0,12,0,12,33,1,25,2,61,0,0,0,61
08/29/2016,EYW,FL,ASO,ES,Federal Contract Tower,32,7,6,0,45,0,0,4,2,6,32,7,10,2,51,2,0,2,53
08/30/2016,EYW,FL,ASO,ES,Federal Contract Tower,28,6,11,0,45,0,1,0,0,1,28,7,11,0,46,0,0,0,46
08/31/2016,EYW,FL,ASO,ES,Federal Contract Tower,29,8,8,0,45,0,0,5,0,5,29,8,13,0,50,0,0,0,50
09/01/2016,EYW,FL,ASO,ES,Federal Contract Tower,31,12,7,0,50,0,4,26,0,30,31,16,33,0,80,0,0,0,80
09/02/2016,EYW,FL,ASO,ES,Federal Contract Tower,34,14,28,0,76,0,1,40,2,43,34,15,68,2,119,0,0,0,119
09/03/2016,EYW,FL,ASO,ES,Federal Contract Tower,35,4,26,0,65,0,3,79,0,82,35,7,105,0,147,8,0,8,155
09/04/2016,EYW,FL,ASO,ES,Federal Contract Tower,31,4,14,0,49,0,2,67,0,69,31,6,81,0,118,24,0,24,142
09/05/2016,EYW,FL,ASO,ES,Federal Contract Tower,35,7,30,0,72,0,0,50,0,50,35,7,80,0,122,14,0,14,136
09/06/2016,EYW,FL,ASO,ES,Federal Contract Tower,29,6,14,0,49,0,0,21,0,21,29,6,35,0,70,2,0,2,72
09/07/2016,EYW,FL,ASO,ES,Federal Contract Tower,30,8,13,0,51,0,1,16,6,23,30,9,29,6,74,0,0,0,74
09/08/2016,EYW,FL,ASO,ES,Federal Contract Tower,30,13,13,0,56,0,0,32,3,35,30,13,45,3,91,16,0,16,107
09/09/2016,EYW,FL,ASO,ES,Federal Contract Tower,30,7,14,0,51,0,5,35,4,44,30,12,49,4,95,0,0,0,95
09/10/2016,EYW,FL,ASO,ES,Federal Contract Tower,30,5,20,0,55,0,1,30,0,31,30,6,50,0,86,2,0,2,88
09/11/2016,EYW,FL,ASO,ES,Federal Contract Tower,30,10,16,0,56,0,0,43,0,43,30,10,59,0,99,0,0,0,99
09/12/2016,EYW,FL,ASO,ES,Federal Contract Tower,31,5,17,0,53,0,0,43,0,43,31,5,60,0,96,14,0,14,110
09/13/2016,EYW,FL,ASO,ES,Federal Contract Tower,30,8,18,0,56,0,0,29,0,29,30,8,47,0,85,0,0,0,85
09/14/2016,EYW,FL,ASO,ES,Federal Contract Tower,29,16,15,2,62,0,0,23,0,23,29,16,38,2,85,28,2,30,115
09/15/2016,EYW,FL,ASO,ES,Federal Contract Tower,32,5,14,0,51,0,0,32,2,34,32,5,46,2,85,20,0,20,105
09/16/2016,EYW,FL,ASO,ES,Federal Contract Tower,31,12,23,1,67,0,0,54,2,56,31,12,77,3,123,0,0,0,123
09/17/2016,EYW,FL,ASO,ES,Federal Contract Tower,33,4,19,1,57,0,0,55,3,58,33,4,74,4,115,6,0,6,121
09/18/2016,EYW,FL,ASO,ES,Federal Contract Tower,31,1,29,0,61,0,1,59,0,60,31,2,88,0,121,0,2,2,123
09/19/2016,EYW,FL,ASO,ES,Federal Contract Tower,31,6,11,0,48,0,0,39,0,39,31,6,50,0,87,20,0,20,107
09/20/2016,EYW,FL,ASO,ES,Federal Contract Tower,30,12,8,0,50,0,0,27,2,29,30,12,35,2,79,2,0,2,81
09/21/2016,EYW,FL,ASO,ES,Federal Contract Tower,29,8,11,2,50,0,1,47,2,50,29,9,58,4,100,0,0,0,100
09/22/2016,EYW,FL,ASO,ES,Federal Contract Tower,34,8,15,2,59,0,3,34,8,45,34,11,49,10,104,0,0,0,104
09/23/2016,EYW,FL,ASO,ES,Federal Contract Tower,32,12,25,2,71,0,2,59,0,61,32,14,84,2,132,0,0,0,132
09/24/2016,EYW,FL,ASO,ES,Federal Contract Tower,31,2,17,0,50,0,0,37,0,37,31,2,54,0,87,0,0,0,87
09/25/2016,EYW,FL,ASO,ES,Federal Contract Tower,29,5,34,0,68,0,1,58,2,61,29,6,92,2,129,2,0,2,131
09/26/2016,EYW,FL,ASO,ES,Federal Contract Tower,32,4,11,0,47,0,0,15,0,15,32,4,26,0,62,0,0,0,62
09/27/2016,EYW,FL,ASO,ES,Federal Contract Tower,29,8,14,0,51,0,0,15,0,15,29,8,29,0,66,0,0,0,66
09/29/2016,EYW,FL,ASO,ES,Federal Contract Tower,29,6,16,0,51,0,4,33,0,37,29,10,49,0,88,0,0,0,88
09/30/2016,EYW,FL,ASO,ES,Federal Contract Tower,29,15,13,0,57,0,2,48,2,52,29,17,61,2,109,0,0,0,109
10/01/2016,EYW,FL,ASO,ES,Federal Contract Tower,31,4,20,1,56,0,0,27,2,29,31,4,47,3,85,2,0,2,87
10/02/2016,EYW,FL,ASO,ES,Federal Contract Tower,31,4,24,1,60,0,0,37,0,37,31,4,61,1,97,0,0,0,97
10/03/2016,EYW,FL,ASO,ES,Federal Contract Tower,30,9,10,0,49,0,0,31,2,33,30,9,41,2,82,0,0,0,82
10/04/2016,EYW,FL,ASO,ES,Federal Contract Tower,31,4,11,0,46,0,0,22,0,22,31,4,33,0,68,0,0,0,68
10/05/2016,EYW,FL,ASO,ES,Federal Contract Tower,30,11,13,1,55,0,4,27,6,37,30,15,40,7,92,2,0,2,94
10/06/2016,EYW,FL,ASO,ES,Federal Contract Tower,17,4,7,0,28,0,0,8,3,11,17,4,15,3,39,0,0,0,39
10/07/2016,EYW,FL,ASO,ES,Federal Contract Tower,21,7,6,2,36,0,2,18,2,22,21,9,24,4,58,0,0,0,58
10/08/2016,EYW,FL,ASO,ES,Federal Contract Tower,36,5,19,0,60,0,0,32,4,36,36,5,51,4,96,0,0,0,96
10/09/2016,EYW,FL,ASO,ES,Federal Contract Tower,35,2,21,0,58,0,0,50,0,50,35,2,71,0,108,2,0,2,110
10/10/2016,EYW,FL,ASO,ES,Federal Contract Tower,34,6,20,0,60,0,5,33,0,38,34,11,53,0,98,0,0,0,98
10/11/2016,EYW,FL,ASO,ES,Federal Contract Tower,39,13,11,0,63,0,0,40,2,42,39,13,51,2,105,0,0,0,105
10/12/2016,EYW,FL,ASO,ES,Federal Contract Tower,35,19,12,0,66,0,1,31,2,34,35,20,43,2,100,2,0,2,102
10/13/2016,EYW,FL,ASO,ES,Federal Contract Tower,35,12,22,0,69,0,1,26,4,31,35,13,48,4,100,0,0,0,100
10/14/2016,EYW,FL,ASO,ES,Federal Contract Tower,35,14,25,0,74,0,7,46,6,59,35,21,71,6,133,0,0,0,133
10/15/2016,EYW,FL,ASO,ES,Federal Contract Tower,36,7,13,0,56,0,5,44,0,49,36,12,57,0,105,0,0,0,105
10/16/2016,EYW,FL,ASO,ES,Federal Contract Tower,35,6,23,0,64,0,1,40,0,41,35,7,63,0,105,0,0,0,105
10/17/2016,EYW,FL,ASO,ES,Federal Contract Tower,35,8,12,0,55,0,0,25,0,25,35,8,37,0,80,4,0,4,84
10/18/2016,EYW,FL,ASO,ES,Federal Contract Tower,35,6,17,0,58,0,0,30,2,32,35,6,47,2,90,4,0,4,94
10/19/2016,EYW,FL,ASO,ES,Federal Contract Tower,35,12,9,0,56,0,4,41,2,47,35,16,50,2,103,0,0,0,103
10/20/2016,EYW,FL,ASO,ES,Federal Contract Tower,37,13,12,2,64,0,1,49,0,50,37,14,61,2,114,2,0,2,116
10/21/2016,EYW,FL,ASO,ES,Federal Contract Tower,34,20,46,0,100,0,4,76,4,84,34,24,122,4,184,8,0,8,192
10/22/2016,EYW,FL,ASO,ES,Federal Contract Tower,44,3,36,0,83,0,4,55,6,65,44,7,91,6,148,0,0,0,148
10/23/2016,EYW,FL,ASO,ES,Federal Contract Tower,37,2,48,2,89,0,0,61,0,61,37,2,109,2,150,0,0,0,150
10/24/2016,EYW,FL,ASO,ES,Federal Contract Tower,34,8,32,0,74,0,0,57,0,57,34,8,89,0,131,0,0,0,131
10/25/2016,EYW,FL,ASO,ES,Federal Contract Tower,34,13,19,2,68,0,0,41,3,44,34,13,60,5,112,18,0,18,130
10/26/2016,EYW,FL,ASO,ES,Federal Contract Tower,33,18,56,0,107,0,4,62,3,69,33,22,118,3,176,2,0,2,178
10/27/2016,EYW,FL,ASO,ES,Federal Contract Tower,39,10,45,0,94,0,0,37,0,37,39,10,82,0,131,0,2,2,133
10/28/2016,EYW,FL,ASO,ES,Federal Contract Tower,39,20,37,0,96,0,1,56,3,60,39,21,93,3,156,0,0,0,156
10/29/2016,EYW,FL,ASO,ES,Federal Contract Tower,35,6,40,0,81,0,3,22,2,27,35,9,62,2,108,0,0,0,108
10/30/2016,EYW,FL,ASO,ES,Federal Contract Tower,50,10,85,0,145,0,2,62,0,64,50,12,147,0,209,0,0,0,209
10/31/2016,EYW,FL,ASO,ES,Federal Contract Tower,51,15,35,1,102,0,0,33,6,39,51,15,68,7,141,0,0,0,141
11/01/2016,EYW,FL,ASO,ES,Federal Contract Tower,37,12,19,1,69,0,0,46,2,48,37,12,65,3,117,0,0,0,117
11/02/2016,EYW,FL,ASO,ES,Federal Contract Tower,33,9,18,2,62,0,3,29,7,39,33,12,47,9,101,8,0,8,109
11/03/2016,EYW,FL,ASO,ES,Federal Contract Tower,38,11,28,0,77,0,6,64,7,77,38,17,92,7,154,4,0,4,158
11/04/2016,EYW,FL,ASO,ES,Federal Contract Tower,43,14,24,0,81,0,3,47,0,50,43,17,71,0,131,0,0,0,131
11/05/2016,EYW,FL,ASO,ES,Federal Contract Tower,36,5,21,0,62,0,7,53,0,60,36,12,74,0,122,0,0,0,122
11/06/2016,EYW,FL,ASO,ES,Federal Contract Tower,47,4,29,0,80,0,0,51,0,51,47,4,80,0,131,10,0,10,141
11/07/2016,EYW,FL,ASO,ES,Federal Contract Tower,44,10,26,0,80,0,6,34,0,40,44,16,60,0,120,0,0,0,120
11/08/2016,EYW,FL,ASO,ES,Federal Contract Tower,38,13,15,0,66,0,0,53,0,53,38,13,68,0,119,0,0,0,119
11/09/2016,EYW,FL,ASO,ES,Federal Contract Tower,37,21,29,0,87,0,0,87,1,88,37,21,116,1,175,0,0,0,175
11/10/2016,EYW,FL,ASO,ES,Federal Contract Tower,41,25,27,0,93,0,3,79,4,86,41,28,106,4,179,8,0,8,187
11/11/2016,EYW,FL,ASO,ES,Federal Contract Tower,36,15,48,1,100,0,0,87,1,88,36,15,135,2,188,0,0,0,188
11/12/2016,EYW,FL,ASO,ES,Federal Contract Tower,36,8,51,0,95,0,0,83,0,83,36,8,134,0,178,0,0,0,178
11/13/2016,EYW,FL,ASO,ES,Federal Contract Tower,37,19,56,0,112,0,0,121,0,121,37,19,177,0,233,22,0,22,255
11/14/2016,EYW,FL,ASO,ES,Federal Contract Tower,40,22,54,0,116,0,1,44,0,45,40,23,98,0,161,20,0,20,181
11/15/2016,EYW,FL,ASO,ES,Federal Contract Tower,36,5,23,1,65,0,2,33,4,39,36,7,56,5,104,12,0,12,116
11/16/2016,EYW,FL,ASO,ES,Federal Contract Tower,37,9,20,3,69,0,0,46,4,50,37,9,66,7,119,4,0,4,123
11/17/2016,EYW,FL,ASO,ES,Federal Contract Tower,37,13,17,0,67,0,2,44,3,49,37,15,61,3,116,10,0,10,126
11/18/2016,EYW,FL,ASO,ES,Federal Contract Tower,37,14,29,0,80,0,2,49,0,51,37,16,78,0,131,0,0,0,131
11/19/2016,EYW,FL,ASO,ES,Federal Contract Tower,37,13,35,0,85,0,0,59,2,61,37,13,94,2,146,44,0,44,190
11/20/2016,EYW,FL,ASO,ES,Federal Contract Tower,35,11,33,0,79,0,4,54,0,58,35,15,87,0,137,0,0,0,137
11/21/2016,EYW,FL,ASO,ES,Federal Contract Tower,35,15,11,1,62,0,1,42,0,43,35,16,53,1,105,34,0,34,139
11/22/2016,EYW,FL,ASO,ES,Federal Contract Tower,36,8,23,6,73,0,3,85,0,88,36,11,108,6,161,26,0,26,187
11/23/2016,EYW,FL,ASO,ES,Federal Contract Tower,38,12,47,0,97,0,1,76,0,77,38,13,123,0,174,16,0,16,190
11/24/2016,EYW,FL,ASO,ES,Federal Contract Tower,28,1,15,0,44,0,1,62,0,63,28,2,77,0,107,0,0,0,107
11/25/2016,EYW,FL,ASO,ES,Federal Contract Tower,34,7,32,0,73,0,2,72,0,74,34,9,104,0,147,0,0,0,147
11/26/2016,EYW,FL,ASO,ES,Federal Contract Tower,39,5,38,0,82,0,3,96,0,99,39,8,134,0,181,6,0,6,187
11/27/2016,EYW,FL,ASO,ES,Federal Contract Tower,43,8,57,0,108,0,4,85,0,89,43,12,142,0,197,4,0,4,201
11/28/2016,EYW,FL,ASO,ES,Federal Contract Tower,39,8,25,3,75,0,2,51,1,54,39,10,76,4,129,8,2,10,139
11/29/2016,EYW,FL,ASO,ES,Federal Contract Tower,38,10,21,2,71,0,0,40,0,40,38,10,61,2,111,0,0,0,111
11/30/2016,EYW,FL,ASO,ES,Federal Contract Tower,36,11,19,0,66,0,6,63,0,69,36,17,82,0,135,8,0,8,143
12/01/2016,EYW,FL,ASO,ES,Federal Contract Tower,37,12,19,0,68,0,6,37,2,45,37,18,56,2,113,0,0,0,113
12/02/2016,EYW,FL,ASO,ES,Federal Contract Tower,37,13,41,3,94,0,3,29,15,47,37,16,70,18,141,0,0,0,141
12/03/2016,EYW,FL,ASO,ES,Federal Contract Tower,36,7,20,0,63,0,1,67,2,70,36,8,87,2,133,0,0,0,133
12/04/2016,EYW,FL,ASO,ES,Federal Contract Tower,36,4,32,0,72,0,2,50,0,52,36,6,82,0,124,0,0,0,124
12/05/2016,EYW,FL,ASO,ES,Federal Contract Tower,36,7,15,1,59,0,6,39,1,46,36,13,54,2,105,18,0,18,123
12/06/2016,EYW,FL,ASO,ES,Federal Contract Tower,37,6,15,0,58,0,0,70,0,70,37,6,85,0,128,6,0,6,134
12/07/2016,EYW,FL,ASO,ES,Federal Contract Tower,36,13,25,2,76,0,4,45,0,49,36,17,70,2,125,0,0,0,125
12/08/2016,EYW,FL,ASO,ES,Federal Contract Tower,38,13,18,2,71,0,0,3,48,51,38,13,21,50,122,2,0,2,124
12/09/2016,EYW,FL,ASO,ES,Federal Contract Tower,37,16,17,0,70,0,0,37,0,37,37,16,54,0,107,0,0,0,107
12/10/2016,EYW,FL,ASO,ES,Federal Contract Tower,37,8,31,0,76,0,7,27,0,34,37,15,58,0,110,6,0,6,116
12/11/2016,EYW,FL,ASO,ES,Federal Contract Tower,35,5,28,0,68,0,3,36,0,39,35,8,64,0,107,4,0,4,111
12/12/2016,EYW,FL,ASO,ES,Federal Contract Tower,38,11,14,0,63,1,0,34,0,35,39,11,48,0,98,26,0,26,124
12/13/2016,EYW,FL,ASO,ES,Federal Contract Tower,35,11,28,0,74,0,1,43,4,48,35,12,71,4,122,0,0,0,122
12/14/2016,EYW,FL,ASO,ES,Federal Contract Tower,37,9,19,1,66,0,1,47,1,49,37,10,66,2,115,8,0,8,123
12/15/2016,EYW,FL,ASO,ES,Federal Contract Tower,37,21,27,0,85,0,11,47,3,61,37,32,74,3,146,16,0,16,162
12/16/2016,EYW,FL,ASO,ES,Federal Contract Tower,38,8,24,0,70,0,2,57,4,63,38,10,81,4,133,0,0,0,133
12/17/2016,EYW,FL,ASO,ES,Federal Contract Tower,40,8,19,1,68,0,1,56,0,57,40,9,75,1,125,6,0,6,131
12/18/2016,EYW,FL,ASO,ES,Federal Contract Tower,39,5,33,0,77,0,5,47,0,52,39,10,80,0,129,16,0,16,145
12/19/2016,EYW,FL,ASO,ES,Federal Contract Tower,40,8,22,1,71,0,1,56,1,58,40,9,78,2,129,0,0,0,129
12/20/2016,EYW,FL,ASO,ES,Federal Contract Tower,41,8,22,0,71,0,3,44,2,49,41,11,66,2,120,20,0,20,140
12/21/2016,EYW,FL,ASO,ES,Federal Contract Tower,43,7,17,0,67,0,0,59,0,59,43,7,76,0,126,0,0,0,126
12/22/2016,EYW,FL,ASO,ES,Federal Contract Tower,43,18,37,0,98,0,5,52,0,57,43,23,89,0,155,0,0,0,155
12/23/2016,EYW,FL,ASO,ES,Federal Contract Tower,43,12,44,0,99,0,5,57,0,62,43,17,101,0,161,0,0,0,161
12/24/2016,EYW,FL,ASO,ES,Federal Contract Tower,42,7,14,0,63,0,4,95,1,100,42,11,109,1,163,6,0,6,169
12/25/2016,EYW,FL,ASO,ES,Federal Contract Tower,37,6,7,0,50,0,5,38,0,43,37,11,45,0,93,0,0,0,93
12/26/2016,EYW,FL,ASO,ES,Federal Contract Tower,48,22,53,0,123,0,1,67,0,68,48,23,120,0,191,10,0,10,201
12/27/2016,EYW,FL,ASO,ES,Federal Contract Tower,46,8,62,4,120,0,3,79,0,82,46,11,141,4,202,4,0,4,206
12/28/2016,EYW,FL,ASO,ES,Federal Contract Tower,45,29,56,0,130,0,3,89,0,92,45,32,145,0,222,0,0,0,222
12/29/2016,EYW,FL,ASO,ES,Federal Contract Tower,46,21,51,0,118,0,3,108,0,111,46,24,159,0,229,4,0,4,233
12/30/2016,EYW,FL,ASO,ES,Federal Contract Tower,44,9,46,0,99,0,10,86,0,96,44,19,132,0,195,0,0,0,195
12/31/2016,EYW,FL,ASO,ES,Federal Contract Tower,38,10,38,0,86,0,3,98,0,101,38,13,136,0,187,24,0,24,211
01/01/2017,EYW,FL,ASO,ES,Federal Contract Tower,45,9,48,0,102,0,7,74,0,81,45,16,122,0,183,2,0,2,185
01/02/2017,EYW,FL,ASO,ES,Federal Contract Tower,48,12,70,0,130,0,3,106,0,109,48,15,176,0,239,6,4,10,249
01/03/2017,EYW,FL,ASO,ES,Federal Contract Tower,44,9,33,0,86,0,3,82,0,85,44,12,115,0,171,2,0,2,173
01/04/2017,EYW,FL,ASO,ES,Federal Contract Tower,44,10,35,1,90,0,6,61,0,67,44,16,96,1,157,0,0,0,157
01/05/2017,EYW,FL,ASO,ES,Federal Contract Tower,42,16,26,1,85,0,0,83,0,83,42,16,109,1,168,0,0,0,168
01/06/2017,EYW,FL,ASO,ES,Federal Contract Tower,39,20,22,4,85,0,6,68,0,74,39,26,90,4,159,2,0,2,161
01/07/2017,EYW,FL,ASO,ES,Federal Contract Tower,43,5,21,0,69,0,5,26,0,31,43,10,47,0,100,0,0,0,100
01/08/2017,EYW,FL,ASO,ES,Federal Contract Tower,35,10,19,0,64,0,3,20,0,23,35,13,39,0,87,0,0,0,87
01/09/2017,EYW,FL,ASO,ES,Federal Contract Tower,44,13,25,0,82,0,4,33,0,37,44,17,58,0,119,0,0,0,119
01/10/2017,EYW,FL,ASO,ES,Federal Contract Tower,44,15,19,1,79,0,2,39,1,42,44,17,58,2,121,0,0,0,121
01/11/2017,EYW,FL,ASO,ES,Federal Contract Tower,45,16,23,2,86,0,0,44,3,47,45,16,67,5,133,0,0,0,133
01/12/2017,EYW,FL,ASO,ES,Federal Contract Tower,44,18,29,0,91,0,3,52,6,61,44,21,81,6,152,0,0,0,152
01/13/2017,EYW,FL,ASO,ES,Federal Contract Tower,44,25,31,1,101,0,6,57,3,66,44,31,88,4,167,0,0,0,167
01/14/2017,EYW,FL,ASO,ES,Federal Contract Tower,48,3,40,1,92,0,20,64,7,91,48,23,104,8,183,12,0,12,195
01/15/2017,EYW,FL,ASO,ES,Federal Contract Tower,43,10,42,0,95,0,1,65,5,71,43,11,107,5,166,4,0,4,170
01/16/2017,EYW,FL,ASO,ES,Federal Contract Tower,44,17,36,0,97,0,0,61,3,64,44,17,97,3,161,20,0,20,181
01/17/2017,EYW,FL,ASO,ES,Federal Contract Tower,44,8,23,0,75,0,0,52,0,52,44,8,75,0,127,12,0,12,139
01/18/2017,EYW,FL,ASO,ES,Federal Contract Tower,42,16,31,1,90,0,2,76,4,82,42,18,107,5,172,2,0,2,174
01/19/2017,EYW,FL,ASO,ES,Federal Contract Tower,44,15,27,0,86,0,0,50,0,50,44,15,77,0,136,2,0,2,138
01/20/2017,EYW,FL,ASO,ES,Federal Contract Tower,45,17,32,0,94,0,4,64,0,68,45,21,96,0,162,8,0,8,170
01/21/2017,EYW,FL,ASO,ES,Federal Contract Tower,49,15,40,0,104,0,3,60,3,66,49,18,100,3,170,4,0,4,174
01/22/2017,EYW,FL,ASO,ES,Federal Contract Tower,45,7,32,1,85,0,7,28,4,39,45,14,60,5,124,0,0,0,124
01/23/2017,EYW,FL,ASO,ES,Federal Contract Tower,42,15,15,0,72,0,1,12,0,13,42,16,27,0,85,0,0,0,85
01/24/2017,EYW,FL,ASO,ES,Federal Contract Tower,46,10,27,2,85,0,1,34,6,41,46,11,61,8,126,0,0,0,126
01/25/2017,EYW,FL,ASO,ES,Federal Contract Tower,44,13,27,0,84,0,0,47,5,52,44,13,74,5,136,2,0,2,138
01/26/2017,EYW,FL,ASO,ES,Federal Contract Tower,44,13,31,0,88,0,2,62,7,71,44,15,93,7,159,2,0,2,161
01/27/2017,EYW,FL,ASO,ES,Federal Contract Tower,43,17,39,1,100,0,7,70,3,80,43,24,109,4,180,2,0,2,182
01/28/2017,EYW,FL,ASO,ES,Federal Contract Tower,49,14,37,0,100,0,5,62,2,69,49,19,99,2,169,0,0,0,169
01/29/2017,EYW,FL,ASO,ES,Federal Contract Tower,44,2,42,1,89,0,0,5,0,5,44,2,47,1,94,0,0,0,94
01/30/2017,EYW,FL,ASO,ES,Federal Contract Tower,43,11,31,2,87,0,8,57,2,67,43,19,88,4,154,0,0,0,154
01/31/2017,EYW,FL,ASO,ES,Federal Contract Tower,43,8,28,0,79,0,3,55,4,62,43,11,83,4,141,8,0,8,149
02/01/2017,EYW,FL,ASO,ES,Federal Contract Tower,44,12,29,3,88,0,3,62,2,67,44,15,91,5,155,24,0,24,179
02/02/2017,EYW,FL,ASO,ES,Federal Contract Tower,44,14,27,3,88,0,9,52,3,64,44,23,79,6,152,14,0,14,166
02/03/2017,EYW,FL,ASO,ES,Federal Contract Tower,45,25,32,0,102,0,4,75,4,83,45,29,107,4,185,52,0,52,237
02/04/2017,EYW,FL,ASO,ES,Federal Contract Tower,49,5,43,2,99,0,5,68,4,77,49,10,111,6,176,22,0,22,198
02/05/2017,EYW,FL,ASO,ES,Federal Contract Tower,43,7,40,0,90,0,4,82,1,87,43,11,122,1,177,24,0,24,201
02/06/2017,EYW,FL,ASO,ES,Federal Contract Tower,44,8,34,2,88,0,3,61,0,64,44,11,95,2,152,6,0,6,158
02/07/2017,EYW,FL,ASO,ES,Federal Contract Tower,42,12,25,0,79,0,1,59,0,60,42,13,84,0,139,0,0,0,139
02/08/2017,EYW,FL,ASO,ES,Federal Contract Tower,44,20,26,2,92,0,3,67,6,76,44,23,93,8,168,8,0,8,176
02/09/2017,EYW,FL,ASO,ES,Federal Contract Tower,41,11,33,0,85,0,10,44,5,59,41,21,77,5,144,2,2,4,148
02/10/2017,EYW,FL,ASO,ES,Federal Contract Tower,44,19,37,1,101,0,4,81,4,89,44,23,118,5,190,0,0,0,190
02/11/2017,EYW,FL,ASO,ES,Federal Contract Tower,47,15,27,0,89,0,3,73,18,94,47,18,100,18,183,0,0,0,183
02/12/2017,EYW,FL,ASO,ES,Federal Contract Tower,45,8,53,0,106,0,6,95,1,102,45,14,148,1,208,14,0,14,222
02/13/2017,EYW,FL,ASO,ES,Federal Contract Tower,44,10,36,0,90,0,1,65,6,72,44,11,101,6,162,0,0,0,162
02/14/2017,EYW,FL,ASO,ES,Federal Contract Tower,43,13,29,1,86,0,0,92,2,94,43,13,121,3,180,0,0,0,180
02/15/2017,EYW,FL,ASO,ES,Federal Contract Tower,45,11,36,1,93,0,0,39,1,40,45,11,75,2,133,24,0,24,157
02/16/2017,EYW,FL,ASO,ES,Federal Contract Tower,53,15,39,0,107,0,2,46,1,49,53,17,85,1,156,0,0,0,156
02/17/2017,EYW,FL,ASO,ES,Federal Contract Tower,52,11,52,0,115,0,1,80,4,85,52,12,132,4,200,0,0,0,200
02/18/2017,EYW,FL,ASO,ES,Federal Contract Tower,56,11,42,1,110,0,4,92,3,99,56,15,134,4,209,0,0,0,209
02/19/2017,EYW,FL,ASO,ES,Federal Contract Tower,61,6,61,1,129,0,0,116,3,119,61,6,177,4,248,14,0,14,262
02/20/2017,EYW,FL,ASO,ES,Federal Contract Tower,52,12,72,0,136,0,3,75,3,81,52,15,147,3,217,0,0,0,217
02/21/2017,EYW,FL,ASO,ES,Federal Contract Tower,53,7,32,4,96,0,3,64,0,67,53,10,96,4,163,0,0,0,163
02/22/2017,EYW,FL,ASO,ES,Federal Contract Tower,56,12,12,0,80,0,1,13,0,14,56,13,25,0,94,0,0,0,94
02/23/2017,EYW,FL,ASO,ES,Federal Contract Tower,52,14,41,1,108,0,13,54,3,70,52,27,95,4,178,6,0,6,184
02/24/2017,EYW,FL,ASO,ES,Federal Contract Tower,53,15,47,1,116,0,3,85,0,88,53,18,132,1,204,4,0,4,208
02/25/2017,EYW,FL,ASO,ES,Federal Contract Tower,59,11,48,0,118,0,11,106,0,117,59,22,154,0,235,0,0,0,235
02/26/2017,EYW,FL,ASO,ES,Federal Contract Tower,61,14,56,0,131,0,0,98,0,98,61,14,154,0,229,0,0,0,229
02/27/2017,EYW,FL,ASO,ES,Federal Contract Tower,54,18,25,0,97,0,3,57,2,62,54,21,82,2,159,0,0,0,159
02/28/2017,EYW,FL,ASO,ES,Federal Contract Tower,53,13,37,2,105,0,6,76,0,82,53,19,113,2,187,2,0,2,189
03/01/2017,EYW,FL,ASO,ES,Federal Contract Tower,54,18,40,0,112,0,2,77,0,79,54,20,117,0,191,20,0,20,211
03/02/2017,EYW,FL,ASO,ES,Federal Contract Tower,52,13,32,0,97,0,12,62,0,74,52,25,94,0,171,24,0,24,195
03/03/2017,EYW,FL,ASO,ES,Federal Contract Tower,53,15,48,0,116,0,6,57,2,65,53,21,105,2,181,4,0,4,185
03/04/2017,EYW,FL,ASO,ES,Federal Contract Tower,60,7,31,0,98,0,6,29,2,37,60,13,60,2,135,0,0,0,135
03/05/2017,EYW,FL,ASO,ES,Federal Contract Tower,61,3,39,0,103,0,2,29,0,31,61,5,68,0,134,0,0,0,134
03/06/2017,EYW,FL,ASO,ES,Federal Contract Tower,54,9,22,0,85,0,1,26,1,28,54,10,48,1,113,10,0,10,123
03/07/2017,EYW,FL,ASO,ES,Federal Contract Tower,53,16,13,4,86,0,3,34,0,37,53,19,47,4,123,22,0,22,145
03/08/2017,EYW,FL,ASO,ES,Federal Contract Tower,52,17,21,0,90,0,1,56,0,57,52,18,77,0,147,6,0,6,153
03/09/2017,EYW,FL,ASO,ES,Federal Contract Tower,53,16,36,2,107,0,5,75,1,81,53,21,111,3,188,36,0,36,224
03/10/2017,EYW,FL,ASO,ES,Federal Contract Tower,50,22,51,2,125,0,1,72,2,75,50,23,123,4,200,26,0,26,226
03/11/2017,EYW,FL,ASO,ES,Federal Contract Tower,58,15,24,0,97,0,10,69,0,79,58,25,93,0,176,14,0,14,190
03/12/2017,EYW,FL,ASO,ES,Federal Contract Tower,59,11,59,1,130,0,2,91,1,94,59,13,150,2,224,4,0,4,228
03/13/2017,EYW,FL,ASO,ES,Federal Contract Tower,53,9,38,0,100,0,3,76,0,79,53,12,114,0,179,0,0,0,179
03/14/2017,EYW,FL,ASO,ES,Federal Contract Tower,50,13,21,2,86,0,0,42,0,42,50,13,63,2,128,0,0,0,128
03/15/2017,EYW,FL,ASO,ES,Federal Contract Tower,56,17,38,4,115,0,0,73,0,73,56,17,111,4,188,4,0,4,192
03/16/2017,EYW,FL,ASO,ES,Federal Contract Tower,53,14,45,0,112,0,2,87,0,89,53,16,132,0,201,2,0,2,203
03/17/2017,EYW,FL,ASO,ES,Federal Contract Tower,53,15,37,0,105,0,4,80,0,84,53,19,117,0,189,18,0,18,207
03/18/2017,EYW,FL,ASO,ES,Federal Contract Tower,52,13,35,0,100,0,2,94,0,96,52,15,129,0,196,4,0,4,200
03/19/2017,EYW,FL,ASO,ES,Federal Contract Tower,59,13,64,0,136,0,4,79,0,83,59,17,143,0,219,2,0,2,221
03/20/2017,EYW,FL,ASO,ES,Federal Contract Tower,55,13,20,0,88,0,7,74,0,81,55,20,94,0,169,0,0,0,169
03/21/2017,EYW,FL,ASO,ES,Federal Contract Tower,57,14,22,0,93,0,0,80,0,80,57,14,102,0,173,36,0,36,209
03/22/2017,EYW,FL,ASO,ES,Federal Contract Tower,52,12,23,0,87,0,2,70,0,72,52,14,93,0,159,28,0,28,187
03/23/2017,EYW,FL,ASO,ES,Federal Contract Tower,54,17,42,4,117,0,3,68,0,71,54,20,110,4,188,22,0,22,210
03/24/2017,EYW,FL,ASO,ES,Federal Contract Tower,54,22,36,2,114,0,2,68,6,76,54,24,104,8,190,0,0,0,190
03/25/2017,EYW,FL,ASO,ES,Federal Contract Tower,57,18,40,2,117,0,8,64,0,72,57,26,104,2,189,28,0,28,217
03/26/2017,EYW,FL,ASO,ES,Federal Contract Tower,59,10,67,1,137,0,3,115,1,119,59,13,182,2,256,16,0,16,272
03/27/2017,EYW,FL,ASO,ES,Federal Contract Tower,52,13,27,0,92,0,2,46,2,50,52,15,73,2,142,12,0,12,154
03/28/2017,EYW,FL,ASO,ES,Federal Contract Tower,53,24,32,0,109,0,6,86,0,92,53,30,118,0,201,0,16,16,217
03/29/2017,EYW,FL,ASO,ES,Federal Contract Tower,53,9,31,0,93,0,5,84,1,90,53,14,115,1,183,4,0,4,187
03/30/2017,EYW,FL,ASO,ES,Federal Contract Tower,53,20,36,0,109,0,10,85,0,95,53,30,121,0,204,8,0,8,212
03/31/2017,EYW,FL,ASO,ES,Federal Contract Tower,53,15,55,0,123,0,5,51,0,56,53,20,106,0,179,0,2,2,181
04/01/2017,EYW,FL,ASO,ES,Federal Contract Tower,57,17,44,0,118,0,1,65,0,66,57,18,109,0,184,38,0,38,222
04/02/2017,EYW,FL,ASO,ES,Federal Contract Tower,61,6,47,2,116,0,0,91,2,93,61,6,138,4,209,22,0,22,231
04/03/2017,EYW,FL,ASO,ES,Federal Contract Tower,50,21,24,0,95,0,6,40,0,46,50,27,64,0,141,0,0,0,141
04/04/2017,EYW,FL,ASO,ES,Federal Contract Tower,47,15,13,0,75,0,2,48,0,50,47,17,61,0,125,0,0,0,125
04/05/2017,EYW,FL,ASO,ES,Federal Contract Tower,43,10,32,0,85,0,5,68,2,75,43,15,100,2,160,4,0,4,164
04/06/2017,EYW,FL,ASO,ES,Federal Contract Tower,45,8,29,2,84,0,4,55,2,61,45,12,84,4,145,0,0,0,145
04/07/2017,EYW,FL,ASO,ES,Federal Contract Tower,44,12,47,0,103,0,10,66,2,78,44,22,113,2,181,0,0,0,181
04/08/2017,EYW,FL,ASO,ES,Federal Contract Tower,53,8,37,0,98,0,4,89,0,93,53,12,126,0,191,2,0,2,193
04/09/2017,EYW,FL,ASO,ES,Federal Contract Tower,57,6,60,0,123,0,14,89,0,103,57,20,149,0,226,2,0,2,228
04/10/2017,EYW,FL,ASO,ES,Federal Contract Tower,51,5,30,3,89,0,4,70,0,74,51,9,100,3,163,6,0,6,169
04/11/2017,EYW,FL,ASO,ES,Federal Contract Tower,53,11,28,0,92,0,0,70,0,70,53,11,98,0,162,0,0,0,162
04/12/2017,EYW,FL,ASO,ES,Federal Contract Tower,52,8,29,0,89,0,8,60,7,75,52,16,89,7,164,0,0,0,164
04/13/2017,EYW,FL,ASO,ES,Federal Contract Tower,52,22,34,0,108,0,5,48,6,59,52,27,82,6,167,4,0,4,171
04/14/2017,EYW,FL,ASO,ES,Federal Contract Tower,52,15,32,0,99,0,5,81,0,86,52,20,113,0,185,0,0,0,185
04/15/2017,EYW,FL,ASO,ES,Federal Contract Tower,50,4,39,0,93,0,4,65,0,69,50,8,104,0,162,4,0,4,166
04/16/2017,EYW,FL,ASO,ES,Federal Contract Tower,57,12,33,0,102,0,3,65,0,68,57,15,98,0,170,0,0,0,170
04/17/2017,EYW,FL,ASO,ES,Federal Contract Tower,51,17,36,1,105,0,2,31,0,33,51,19,67,1,138,0,0,0,138
04/18/2017,EYW,FL,ASO,ES,Federal Contract Tower,52,12,18,2,84,0,4,38,1,43,52,16,56,3,127,0,0,0,127
04/19/2017,EYW,FL,ASO,ES,Federal Contract Tower,53,17,22,0,92,0,5,63,4,72,53,22,85,4,164,0,0,0,164
04/20/2017,EYW,FL,ASO,ES,Federal Contract Tower,55,13,34,2,104,0,0,45,0,45,55,13,79,2,149,0,0,0,149
04/21/2017,EYW,FL,ASO,ES,Federal Contract Tower,52,24,44,0,120,0,4,48,4,56,52,28,92,4,176,0,0,0,176
04/22/2017,EYW,FL,ASO,ES,Federal Contract Tower,56,5,32,0,93,0,4,4,0,8,56,9,36,0,101,0,0,0,101
04/23/2017,EYW,FL,ASO,ES,Federal Contract Tower,52,8,31,0,91,0,4,43,0,47,52,12,74,0,138,4,0,4,142
04/24/2017,EYW,FL,ASO,ES,Federal Contract Tower,51,11,31,0,93,0,1,62,0,63,51,12,93,0,156,22,0,22,178
04/25/2017,EYW,FL,ASO,ES,Federal Contract Tower,50,18,25,0,93,0,0,64,0,64,50,18,89,0,157,8,0,8,165
04/26/2017,EYW,FL,ASO,ES,Federal Contract Tower,50,7,34,2,93,0,5,70,0,75,50,12,104,2,168,0,0,0,168
04/27/2017,EYW,FL,ASO,ES,Federal Contract Tower,51,10,50,0,111,0,5,51,2,58,51,15,101,2,169,16,0,16,185
04/28/2017,EYW,FL,ASO,ES,Federal Contract Tower,52,14,27,0,93,0,2,84,0,86,52,16,111,0,179,10,0,10,189
04/29/2017,EYW,FL,ASO,ES,Federal Contract Tower,51,11,32,0,94,0,3,97,0,100,51,14,129,0,194,2,0,2,196
04/30/2017,EYW,FL,ASO,ES,Federal Contract Tower,55,7,46,0,108,0,8,51,0,59,55,15,97,0,167,2,0,2,169
05/01/2017,EYW,FL,ASO,ES,Federal Contract Tower,51,17,19,0,87,0,5,51,0,56,51,22,70,0,143,2,0,2,145
05/02/2017,EYW,FL,ASO,ES,Federal Contract Tower,49,13,22,0,84,0,0,54,1,55,49,13,76,1,139,0,0,0,139
05/03/2017,EYW,FL,ASO,ES,Federal Contract Tower,49,15,31,2,97,0,2,40,2,44,49,17,71,4,141,4,0,4,145
05/04/2017,EYW,FL,ASO,ES,Federal Contract Tower,49,18,27,0,94,0,7,46,1,54,49,25,73,1,148,10,0,10,158
05/05/2017,EYW,FL,ASO,ES,Federal Contract Tower,40,15,25,0,80,0,10,40,0,50,40,25,65,0,130,2,0,2,132
05/06/2017,EYW,FL,ASO,ES,Federal Contract Tower,47,9,17,0,73,0,4,60,0,64,47,13,77,0,137,0,0,0,137
05/07/2017,EYW,FL,ASO,ES,Federal Contract Tower,47,9,41,0,97,0,13,96,1,110,47,22,137,1,207,0,0,0,207
05/08/2017,EYW,FL,ASO,ES,Federal Contract Tower,39,9,25,0,73,0,10,61,0,71,39,19,86,0,144,2,0,2,146
05/09/2017,EYW,FL,ASO,ES,Federal Contract Tower,42,16,26,1,85,0,17,62,1,80,42,33,88,2,165,0,0,0,165
05/10/2017,EYW,FL,ASO,ES,Federal Contract Tower,41,7,31,0,79,0,3,44,1,48,41,10,75,1,127,4,0,4,131
05/11/2017,EYW,FL,ASO,ES,Federal Contract Tower,41,19,17,0,77,0,6,62,0,68,41,25,79,0,145,0,0,0,145
05/12/2017,EYW,FL,ASO,ES,Federal Contract Tower,41,21,28,2,92,0,4,48,0,52,41,25,76,2,144,2,0,2,146
05/13/2017,EYW,FL,ASO,ES,Federal Contract Tower,43,8,23,0,74,0,3,50,0,53,43,11,73,0,127,4,0,4,131
05/14/2017,EYW,FL,ASO,ES,Federal Contract Tower,45,6,36,0,87,0,3,35,0,38,45,9,71,0,125,8,0,8,133
05/15/2017,EYW,FL,ASO,ES,Federal Contract Tower,41,11,27,2,81,0,4,41,2,47,41,15,68,4,128,0,0,0,128
05/16/2017,EYW,FL,ASO,ES,Federal Contract Tower,41,14,14,0,69,0,0,70,3,73,41,14,84,3,142,0,0,0,142
05/17/2017,EYW,FL,ASO,ES,Federal Contract Tower,42,13,5,0,60,0,7,26,0,33,42,20,31,0,93,0,0,0,93
05/18/2017,EYW,FL,ASO,ES,Federal Contract Tower,40,12,22,4,78,0,7,34,1,42,40,19,56,5,120,0,0,0,120
05/19/2017,EYW,FL,ASO,ES,Federal Contract Tower,38,11,34,1,84,0,4,42,0,46,38,15,76,1,130,0,0,0,130
05/20/2017,EYW,FL,ASO,ES,Federal Contract Tower,46,6,26,0,78,0,0,53,0,53,46,6,79,0,131,0,0,0,131
05/21/2017,EYW,FL,ASO,ES,Federal Contract Tower,49,4,31,0,84,0,8,92,0,100,49,12,123,0,184,0,0,0,184
05/22/2017,EYW,FL,ASO,ES,Federal Contract Tower,41,10,34,0,85,0,3,46,2,51,41,13,80,2,136,20,0,20,156
05/23/2017,EYW,FL,ASO,ES,Federal Contract Tower,39,17,19,0,75,0,0,51,0,51,39,17,70,0,126,0,0,0,126
05/24/2017,EYW,FL,ASO,ES,Federal Contract Tower,34,11,13,0,58,0,2,49,5,56,34,13,62,5,114,6,0,6,120
05/25/2017,EYW,FL,ASO,ES,Federal Contract Tower,43,13,21,0,77,0,2,22,4,28,43,15,43,4,105,2,0,2,107
05/26/2017,EYW,FL,ASO,ES,Federal Contract Tower,41,16,41,0,98,0,8,97,0,105,41,24,138,0,203,2,0,2,205
05/27/2017,EYW,FL,ASO,ES,Federal Contract Tower,54,7,21,0,82,0,3,92,0,95,54,10,113,0,177,18,0,18,195
05/28/2017,EYW,FL,ASO,ES,Federal Contract Tower,48,2,20,0,70,0,5,81,0,86,48,7,101,0,156,2,0,2,158
05/29/2017,EYW,FL,ASO,ES,Federal Contract Tower,42,13,43,1,99,0,5,100,0,105,42,18,143,1,204,2,0,2,206
05/30/2017,EYW,FL,ASO,ES,Federal Contract Tower,41,8,11,4,64,0,3,66,2,71,41,11,77,6,135,2,0,2,137
05/31/2017,EYW,FL,ASO,ES,Federal Contract Tower,41,11,14,1,67,0,1,59,2,62,41,12,73,3,129,2,0,2,131
06/01/2017,EYW,FL,ASO,ES,Federal Contract Tower,43,15,23,2,83,0,0,65,0,65,43,15,88,2,148,0,0,0,148
06/02/2017,EYW,FL,ASO,ES,Federal Contract Tower,44,12,15,0,71,0,6,48,2,56,44,18,63,2,127,0,0,0,127
06/03/2017,EYW,FL,ASO,ES,Federal Contract Tower,46,10,27,0,83,0,1,49,0,50,46,11,76,0,133,4,0,4,137
06/04/2017,EYW,FL,ASO,ES,Federal Contract Tower,52,6,29,2,89,0,4,51,2,57,52,10,80,4,146,0,0,0,146
06/05/2017,EYW,FL,ASO,ES,Federal Contract Tower,35,6,16,1,58,0,1,24,3,28,35,7,40,4,86,0,0,0,86
06/06/2017,EYW,FL,ASO,ES,Federal Contract Tower,34,8,14,0,56,0,0,17,0,17,34,8,31,0,73,0,0,0,73
06/07/2017,EYW,FL,ASO,ES,Federal Contract Tower,22,5,15,0,42,0,0,8,0,8,22,5,23,0,50,0,0,0,50
06/08/2017,EYW,FL,ASO,ES,Federal Contract Tower,34,16,16,4,70,0,1,41,1,43,34,17,57,5,113,0,0,0,113
06/09/2017,EYW,FL,ASO,ES,Federal Contract Tower,43,13,29,0,85,0,0,25,3,28,43,13,54,3,113,2,0,2,115
06/10/2017,EYW,FL,ASO,ES,Federal Contract Tower,43,4,20,0,67,0,1,39,0,40,43,5,59,0,107,2,0,2,109
06/11/2017,EYW,FL,ASO,ES,Federal Contract Tower,47,2,28,2,79,0,1,41,3,45,47,3,69,5,124,4,0,4,128
06/12/2017,EYW,FL,ASO,ES,Federal Contract Tower,40,5,19,0,64,0,0,54,0,54,40,5,73,0,118,0,0,0,118
06/13/2017,EYW,FL,ASO,ES,Federal Contract Tower,38,12,17,2,69,0,2,26,0,28,38,14,43,2,97,0,0,0,97
06/14/2017,EYW,FL,ASO,ES,Federal Contract Tower,39,14,13,1,67,0,0,38,1,39,39,14,51,2,106,30,0,30,136
06/15/2017,EYW,FL,ASO,ES,Federal Contract Tower,39,13,16,0,68,0,4,54,1,59,39,17,70,1,127,8,0,8,135
06/16/2017,EYW,FL,ASO,ES,Federal Contract Tower,43,15,30,1,89,0,6,51,0,57,43,21,81,1,146,12,0,12,158
06/17/2017,EYW,FL,ASO,ES,Federal Contract Tower,51,5,15,1,72,0,3,60,0,63,51,8,75,1,135,10,0,10,145
06/18/2017,EYW,FL,ASO,ES,Federal Contract Tower,44,15,17,0,76,0,4,36,0,40,44,19,53,0,116,0,0,0,116
06/19/2017,EYW,FL,ASO,ES,Federal Contract Tower,41,8,17,1,67,0,5,30,0,35,41,13,47,1,102,2,0,2,104
06/20/2017,EYW,FL,ASO,ES,Federal Contract Tower,39,4,21,0,64,0,2,22,0,24,39,6,43,0,88,0,0,0,88
06/21/2017,EYW,FL,ASO,ES,Federal Contract Tower,38,7,22,0,67,0,0,35,2,37,38,7,57,2,104,2,0,2,106
06/22/2017,EYW,FL,ASO,ES,Federal Contract Tower,41,14,18,0,73,0,2,50,0,52,41,16,68,0,125,2,0,2,127
06/23/2017,EYW,FL,ASO,ES,Federal Contract Tower,39,8,18,2,67,0,8,61,3,72,39,16,79,5,139,2,0,2,141
06/24/2017,EYW,FL,ASO,ES,Federal Contract Tower,50,13,16,0,79,0,3,59,0,62,50,16,75,0,141,0,0,0,141
06/25/2017,EYW,FL,ASO,ES,Federal Contract Tower,48,4,23,0,75,0,5,66,0,71,48,9,89,0,146,0,0,0,146
06/26/2017,EYW,FL,ASO,ES,Federal Contract Tower,39,8,33,0,80,0,13,54,0,67,39,21,87,0,147,0,0,0,147
06/27/2017,EYW,FL,ASO,ES,Federal Contract Tower,39,10,7,4,60,0,2,53,1,56,39,12,60,5,116,4,0,4,120
06/28/2017,EYW,FL,ASO,ES,Federal Contract Tower,42,14,24,2,82,0,1,54,3,58,42,15,78,5,140,2,4,6,146
06/29/2017,EYW,FL,ASO,ES,Federal Contract Tower,40,11,22,3,76,0,3,52,2,57,40,14,74,5,133,2,0,2,135
06/30/2017,EYW,FL,ASO,ES,Federal Contract Tower,41,13,31,0,85,0,1,74,2,77,41,14,105,2,162,0,0,0,162
07/01/2017,EYW,FL,ASO,ES,Federal Contract Tower,46,12,27,0,85,0,5,54,0,59,46,17,81,0,144,2,0,2,146
07/02/2017,EYW,FL,ASO,ES,Federal Contract Tower,48,12,9,0,69,0,0,72,0,72,48,12,81,0,141,22,0,22,163
07/03/2017,EYW,FL,ASO,ES,Federal Contract Tower,38,14,19,0,71,0,1,63,0,64,38,15,82,0,135,0,0,0,135
07/04/2017,EYW,FL,ASO,ES,Federal Contract Tower,38,3,7,1,49,0,3,46,0,49,38,6,53,1,98,12,0,12,110
07/05/2017,EYW,FL,ASO,ES,Federal Contract Tower,40,11,28,0,79,0,7,66,1,74,40,18,94,1,153,0,0,0,153
07/06/2017,EYW,FL,ASO,ES,Federal Contract Tower,43,12,25,3,83,0,6,45,0,51,43,18,70,3,134,14,0,14,148
07/07/2017,EYW,FL,ASO,ES,Federal Contract Tower,45,8,25,0,78,0,0,59,2,61,45,8,84,2,139,0,0,0,139
07/08/2017,EYW,FL,ASO,ES,Federal Contract Tower,45,7,20,0,72,0,3,71,0,74,45,10,91,0,146,16,0,16,162
07/09/2017,EYW,FL,ASO,ES,Federal Contract Tower,48,4,27,1,80,0,0,59,2,61,48,4,86,3,141,4,4,8,149
07/10/2017,EYW,FL,ASO,ES,Federal Contract Tower,39,3,15,0,57,0,4,19,0,23,39,7,34,0,80,0,0,0,80
07/11/2017,EYW,FL,ASO,ES,Federal Contract Tower,39,16,10,3,68,0,2,73,0,75,39,18,83,3,143,0,0,0,143
07/12/2017,EYW,FL,ASO,ES,Federal Contract Tower,36,12,19,5,72,0,2,78,0,80,36,14,97,5,152,0,0,0,152
07/13/2017,EYW,FL,ASO,ES,Federal Contract Tower,41,12,25,2,80,0,3,28,0,31,41,15,53,2,111,0,0,0,111
07/14/2017,EYW,FL,ASO,ES,Federal Contract Tower,72,6,22,3,103,0,4,63,4,71,72,10,85,7,174,2,0,2,176
07/15/2017,EYW,FL,ASO,ES,Federal Contract Tower,47,5,28,0,80,0,1,50,0,51,47,6,78,0,131,0,0,0,131
07/16/2017,EYW,FL,ASO,ES,Federal Contract Tower,48,9,18,0,75,0,0,63,0,63,48,9,81,0,138,0,0,0,138
07/17/2017,EYW,FL,ASO,ES,Federal Contract Tower,39,8,22,3,72,0,2,32,1,35,39,10,54,4,107,0,0,0,107
07/18/2017,EYW,FL,ASO,ES,Federal Contract Tower,39,6,15,1,61,0,1,59,0,60,39,7,74,1,121,0,0,0,121
07/19/2017,EYW,FL,ASO,ES,Federal Contract Tower,39,10,25,1,75,0,7,42,0,49,39,17,67,1,124,6,0,6,130
07/20/2017,EYW,FL,ASO,ES,Federal Contract Tower,41,8,11,0,60,0,1,59,0,60,41,9,70,0,120,4,0,4,124
07/21/2017,EYW,FL,ASO,ES,Federal Contract Tower,43,11,35,0,89,0,9,46,0,55,43,20,81,0,144,4,0,4,148
07/22/2017,EYW,FL,ASO,ES,Federal Contract Tower,49,8,35,0,92,0,0,36,2,38,49,8,71,2,130,4,0,4,134
07/23/2017,EYW,FL,ASO,ES,Federal Contract Tower,49,2,36,0,87,0,7,46,0,53,49,9,82,0,140,2,0,2,142
07/24/2017,EYW,FL,ASO,ES,Federal Contract Tower,40,8,22,0,70,0,3,62,0,65,40,11,84,0,135,10,0,10,145
07/25/2017,EYW,FL,ASO,ES,Federal Contract Tower,38,8,39,0,85,0,3,73,1,77,38,11,112,1,162,0,0,0,162
07/26/2017,EYW,FL,ASO,ES,Federal Contract Tower,37,5,25,0,67,0,1,41,2,44,37,6,66,2,111,2,0,2,113
07/27/2017,EYW,FL,ASO,ES,Federal Contract Tower,39,8,27,2,76,0,2,65,0,67,39,10,92,2,143,2,0,2,145
07/28/2017,EYW,FL,ASO,ES,Federal Contract Tower,39,10,37,0,86,0,9,59,0,68,39,19,96,0,154,0,0,0,154
07/29/2017,EYW,FL,ASO,ES,Federal Contract Tower,51,9,26,0,86,0,3,52,2,57,51,12,78,2,143,0,0,0,143
07/30/2017,EYW,FL,ASO,ES,Federal Contract Tower,42,8,50,0,100,0,2,83,0,85,42,10,133,0,185,0,0,0,185
07/31/2017,EYW,FL,ASO,ES,Federal Contract Tower,37,5,11,0,53,0,0,18,0,18,37,5,29,0,71,0,0,0,71
08/01/2017,EYW,FL,ASO,ES,Federal Contract Tower,40,6,11,0,57,0,3,73,1,77,40,9,84,1,134,4,8,12,146
08/02/2017,EYW,FL,ASO,ES,Federal Contract Tower,39,7,26,0,72,0,2,63,0,65,39,9,89,0,137,8,0,8,145
08/03/2017,EYW,FL,ASO,ES,Federal Contract Tower,38,10,12,0,60,0,3,48,0,51,38,13,60,0,111,0,0,0,111
08/04/2017,EYW,FL,ASO,ES,Federal Contract Tower,41,14,22,0,77,0,3,57,0,60,41,17,79,0,137,0,0,0,137
08/05/2017,EYW,FL,ASO,ES,Federal Contract Tower,43,8,20,0,71,0,3,75,0,78,43,11,95,0,149,4,0,4,153
08/06/2017,EYW,FL,ASO,ES,Federal Contract Tower,47,2,23,0,72,0,0,75,0,75,47,2,98,0,147,8,0,8,155
08/07/2017,EYW,FL,ASO,ES,Federal Contract Tower,40,9,26,0,75,0,0,33,0,33,40,9,59,0,108,2,0,2,110
08/08/2017,EYW,FL,ASO,ES,Federal Contract Tower,38,9,11,0,58,0,0,67,0,67,38,9,78,0,125,18,0,18,143
08/09/2017,EYW,FL,ASO,ES,Federal Contract Tower,39,11,25,2,77,0,0,49,4,53,39,11,74,6,130,2,0,2,132
08/10/2017,EYW,FL,ASO,ES,Federal Contract Tower,40,14,25,0,79,0,5,55,2,62,40,19,80,2,141,4,0,4,145
08/11/2017,EYW,FL,ASO,ES,Federal Contract Tower,42,11,21,1,75,0,2,58,2,62,42,13,79,3,137,0,0,0,137
08/12/2017,EYW,FL,ASO,ES,Federal Contract Tower,50,4,13,1,68,0,3,42,0,45,50,7,55,1,113,0,0,0,113
08/13/2017,EYW,FL,ASO,ES,Federal Contract Tower,49,5,28,0,82,0,2,78,0,80,49,7,106,0,162,0,0,0,162
08/14/2017,EYW,FL,ASO,ES,Federal Contract Tower,40,7,16,0,63,0,3,53,0,56,40,10,69,0,119,8,0,8,127
08/15/2017,EYW,FL,ASO,ES,Federal Contract Tower,38,9,16,0,63,0,1,57,0,58,38,10,73,0,121,6,0,6,127
08/16/2017,EYW,FL,ASO,ES,Federal Contract Tower,40,8,11,0,59,0,2,80,0,82,40,10,91,0,141,0,0,0,141
08/17/2017,EYW,FL,ASO,ES,Federal Contract Tower,41,10,18,0,69,0,0,57,1,58,41,10,75,1,127,2,0,2,129
08/18/2017,EYW,FL,ASO,ES,Federal Contract Tower,43,12,15,0,70,0,2,57,6,65,43,14,72,6,135,4,0,4,139
08/19/2017,EYW,FL,ASO,ES,Federal Contract Tower,48,4,14,0,66,0,4,57,0,61,48,8,71,0,127,0,0,0,127
08/20/2017,EYW,FL,ASO,ES,Federal Contract Tower,41,3,19,0,63,0,0,49,0,49,41,3,68,0,112,0,0,0,112
08/21/2017,EYW,FL,ASO,ES,Federal Contract Tower,40,6,8,1,55,0,1,37,1,39,40,7,45,2,94,0,0,0,94
08/22/2017,EYW,FL,ASO,ES,Federal Contract Tower,40,7,14,2,63,0,2,34,0,36,40,9,48,2,99,14,0,14,113
08/23/2017,EYW,FL,ASO,ES,Federal Contract Tower,38,8,17,4,67,0,0,38,0,38,38,8,55,4,105,0,2,2,107
08/24/2017,EYW,FL,ASO,ES,Federal Contract Tower,36,8,10,2,56,0,2,10,0,12,36,10,20,2,68,0,0,0,68
08/25/2017,EYW,FL,ASO,ES,Federal Contract Tower,37,11,25,1,74,0,0,26,0,26,37,11,51,1,100,10,0,10,110
08/26/2017,EYW,FL,ASO,ES,Federal Contract Tower,46,2,11,0,59,0,0,10,0,10,46,2,21,0,69,0,0,0,69
08/27/2017,EYW,FL,ASO,ES,Federal Contract Tower,44,3,20,0,67,0,2,26,0,28,44,5,46,0,95,0,0,0,95
08/28/2017,EYW,FL,ASO,ES,Federal Contract Tower,41,7,19,0,67,0,1,17,2,20,41,8,36,2,87,0,0,0,87
08/29/2017,EYW,FL,ASO,ES,Federal Contract Tower,34,10,9,2,55,0,1,35,2,38,34,11,44,4,93,0,0,0,93
08/30/2017,EYW,FL,ASO,ES,Federal Contract Tower,38,7,15,0,60,0,0,28,1,29,38,7,43,1,89,0,0,0,89
08/31/2017,EYW,FL,ASO,ES,Federal Contract Tower,39,9,13,3,64,0,6,39,1,46,39,15,52,4,110,0,0,0,110
09/01/2017,EYW,FL,ASO,ES,Federal Contract Tower,38,13,35,0,86,0,12,74,0,86,38,25,109,0,172,2,0,2,174
09/02/2017,EYW,FL,ASO,ES,Federal Contract Tower,42,4,17,0,63,0,0,36,0,36,42,4,53,0,99,0,0,0,99
09/03/2017,EYW,FL,ASO,ES,Federal Contract Tower,41,5,13,0,59,0,7,44,0,51,41,12,57,0,110,30,0,30,140
09/04/2017,EYW,FL,ASO,ES,Federal Contract Tower,36,9,36,0,81,0,1,52,0,53,36,10,88,0,134,24,0,24,158
09/05/2017,EYW,FL,ASO,ES,Federal Contract Tower,36,6,26,0,68,0,6,31,0,37,36,12,57,0,105,0,0,0,105
09/06/2017,EYW,FL,ASO,ES,Federal Contract Tower,27,20,44,0,91,0,6,41,1,48,27,26,85,1,139,6,0,6,145
09/07/2017,EYW,FL,ASO,ES,Federal Contract Tower,13,4,29,0,46,0,4,13,1,18,13,8,42,1,64,0,0,0,64
09/18/2017,EYW,FL,ASO,ES,Federal Contract Tower,0,0,3,0,3,0,2,45,1,48,0,2,48,1,51,0,0,0,51
09/19/2017,EYW,FL,ASO,ES,Federal Contract Tower,0,3,10,1,14,0,5,44,1,50,0,8,54,2,64,0,0,0,64
09/20/2017,EYW,FL,ASO,ES,Federal Contract Tower,10,0,8,0,18,5,2,49,0,56,15,2,57,0,74,0,0,0,74
09/21/2017,EYW,FL,ASO,ES,Federal Contract Tower,17,6,13,0,36,6,5,37,0,48,23,11,50,0,84,0,0,0,84
09/22/2017,EYW,FL,ASO,ES,Federal Contract Tower,22,3,12,0,37,5,7,33,0,45,27,10,45,0,82,0,0,0,82
09/23/2017,EYW,FL,ASO,ES,Federal Contract Tower,21,2,14,0,37,8,7,36,0,51,29,9,50,0,88,0,0,0,88
09/24/2017,EYW,FL,ASO,ES,Federal Contract Tower,20,1,6,0,27,1,1,29,0,31,21,2,35,0,58,0,0,0,58
09/25/2017,EYW,FL,ASO,ES,Federal Contract Tower,24,8,11,0,43,3,2,29,0,34,27,10,40,0,77,2,0,2,79
09/26/2017,EYW,FL,ASO,ES,Federal Contract Tower,21,5,8,2,36,6,1,33,0,40,27,6,41,2,76,0,0,0,76
09/27/2017,EYW,FL,ASO,ES,Federal Contract Tower,25,9,19,0,53,1,1,19,0,21,26,10,38,0,74,0,0,0,74
09/28/2017,EYW,FL,ASO,ES,Federal Contract Tower,27,8,22,0,57,2,2,22,0,26,29,10,44,0,83,0,0,0,83
09/29/2017,EYW,FL,ASO,ES,Federal Contract Tower,32,7,19,0,58,0,0,9,0,9,32,7,28,0,67,0,0,0,67
09/30/2017,EYW,FL,ASO,ES,Federal Contract Tower,32,3,9,2,46,0,2,21,0,23,32,5,30,2,69,6,0,6,75
10/01/2017,EYW,FL,ASO,ES,Federal Contract Tower,30,4,14,0,48,1,0,14,0,15,31,4,28,0,63,0,0,0,63
10/02/2017,EYW,FL,ASO,ES,Federal Contract Tower,33,3,8,0,44,0,1,29,0,30,33,4,37,0,74,0,0,0,74
10/03/2017,EYW,FL,ASO,ES,Federal Contract Tower,29,5,11,2,47,0,0,15,0,15,29,5,26,2,62,0,0,0,62
10/04/2017,EYW,FL,ASO,ES,Federal Contract Tower,26,8,20,1,55,0,0,11,0,11,26,8,31,1,66,0,0,0,66
10/05/2017,EYW,FL,ASO,ES,Federal Contract Tower,31,4,14,3,52,0,0,8,0,8,31,4,22,3,60,0,0,0,60
10/06/2017,EYW,FL,ASO,ES,Federal Contract Tower,34,6,11,0,51,0,2,15,0,17,34,8,26,0,68,2,0,2,70
10/07/2017,EYW,FL,ASO,ES,Federal Contract Tower,34,4,13,0,51,0,0,16,0,16,34,4,29,0,67,0,0,0,67
10/08/2017,EYW,FL,ASO,ES,Federal Contract Tower,35,4,10,0,49,0,1,25,0,26,35,5,35,0,75,2,0,2,77
10/09/2017,EYW,FL,ASO,ES,Federal Contract Tower,30,1,16,0,47,0,0,22,0,22,30,1,38,0,69,0,0,0,69
10/10/2017,EYW,FL,ASO,ES,Federal Contract Tower,25,7,18,0,50,0,0,41,2,43,25,7,59,2,93,0,0,0,93
10/11/2017,EYW,FL,ASO,ES,Federal Contract Tower,24,5,21,1,51,0,2,24,0,26,24,7,45,1,77,0,0,0,77
10/12/2017,EYW,FL,ASO,ES,Federal Contract Tower,33,5,21,0,59,0,1,36,1,38,33,6,57,1,97,0,0,0,97
10/13/2017,EYW,FL,ASO,ES,Federal Contract Tower,42,11,23,0,76,0,2,19,2,23,42,13,42,2,99,0,0,0,99
10/14/2017,EYW,FL,ASO,ES,Federal Contract Tower,38,5,15,0,58,0,1,74,0,75,38,6,89,0,133,18,0,18,151
10/15/2017,EYW,FL,ASO,ES,Federal Contract Tower,40,3,8,0,51,0,0,40,0,40,40,3,48,0,91,4,0,4,95
10/16/2017,EYW,FL,ASO,ES,Federal Contract Tower,35,6,14,0,55,0,0,39,1,40,35,6,53,1,95,0,0,0,95
10/17/2017,EYW,FL,ASO,ES,Federal Contract Tower,28,7,16,1,52,0,1,22,0,23,28,8,38,1,75,0,0,0,75
10/18/2017,EYW,FL,ASO,ES,Federal Contract Tower,33,8,17,2,60,0,0,9,5,14,33,8,26,7,74,0,0,0,74
10/20/2017,EYW,FL,ASO,ES,Federal Contract Tower,35,17,21,1,74,0,1,24,0,25,35,18,45,1,99,2,0,2,101
10/21/2017,EYW,FL,ASO,ES,Federal Contract Tower,40,3,11,0,54,0,3,31,1,35,40,6,42,1,89,2,0,2,91
10/22/2017,EYW,FL,ASO,ES,Federal Contract Tower,41,5,27,0,73,0,4,39,0,43,41,9,66,0,116,4,0,4,120
10/23/2017,EYW,FL,ASO,ES,Federal Contract Tower,36,4,19,0,59,0,0,18,0,18,36,4,37,0,77,4,0,4,81
10/24/2017,EYW,FL,ASO,ES,Federal Contract Tower,30,11,11,0,52,0,3,34,2,39,30,14,45,2,91,0,0,0,91
10/25/2017,EYW,FL,ASO,ES,Federal Contract Tower,42,14,33,0,89,0,6,21,2,29,42,20,54,2,118,0,0,0,118
10/26/2017,EYW,FL,ASO,ES,Federal Contract Tower,47,14,39,0,100,0,3,46,0,49,47,17,85,0,149,0,0,0,149
10/27/2017,EYW,FL,ASO,ES,Federal Contract Tower,37,17,32,0,86,0,1,49,4,54,37,18,81,4,140,4,0,4,144
10/30/2017,EYW,FL,ASO,ES,Federal Contract Tower,44,5,32,0,81,0,3,38,2,43,44,8,70,2,124,0,0,0,124
10/31/2017,EYW,FL,ASO,ES,Federal Contract Tower,31,7,22,0,60,0,0,39,3,42,31,7,61,3,102,6,0,6,108
11/01/2017,EYW,FL,ASO,ES,Federal Contract Tower,36,10,28,2,76,0,2,29,0,31,36,12,57,2,107,4,0,4,111
11/02/2017,EYW,FL,ASO,ES,Federal Contract Tower,49,7,28,0,84,0,0,26,1,27,49,7,54,1,111,0,0,0,111
11/03/2017,EYW,FL,ASO,ES,Federal Contract Tower,33,13,18,0,64,0,4,43,0,47,33,17,61,0,111,0,0,0,111
11/04/2017,EYW,FL,ASO,ES,Federal Contract Tower,38,9,41,0,88,0,2,44,0,46,38,11,85,0,134,2,0,2,136
11/05/2017,EYW,FL,ASO,ES,Federal Contract Tower,51,7,40,0,98,0,2,54,0,56,51,9,94,0,154,0,0,0,154
11/06/2017,EYW,FL,ASO,ES,Federal Contract Tower,47,4,23,0,74,0,3,26,0,29,47,7,49,0,103,2,0,2,105
11/07/2017,EYW,FL,ASO,ES,Federal Contract Tower,38,12,32,0,82,0,0,22,0,22,38,12,54,0,104,0,0,0,104
11/08/2017,EYW,FL,ASO,ES,Federal Contract Tower,36,9,17,0,62,0,4,53,2,59,36,13,70,2,121,0,0,0,121
11/09/2017,EYW,FL,ASO,ES,Federal Contract Tower,43,15,33,1,92,0,8,51,1,60,43,23,84,2,152,0,0,0,152
11/10/2017,EYW,FL,ASO,ES,Federal Contract Tower,43,17,30,0,90,0,2,82,0,84,43,19,112,0,174,0,0,0,174
11/11/2017,EYW,FL,ASO,ES,Federal Contract Tower,40,6,28,1,75,0,4,59,1,64,40,10,87,2,139,2,0,2,141
11/12/2017,EYW,FL,ASO,ES,Federal Contract Tower,42,15,62,3,122,0,7,60,2,69,42,22,122,5,191,2,0,2,193
11/13/2017,EYW,FL,ASO,ES,Federal Contract Tower,44,8,44,2,98,0,7,28,2,37,44,15,72,4,135,0,0,0,135
11/14/2017,EYW,FL,ASO,ES,Federal Contract Tower,37,8,25,0,70,0,3,29,4,36,37,11,54,4,106,0,0,0,106
11/15/2017,EYW,FL,ASO,ES,Federal Contract Tower,36,7,25,1,69,0,0,17,3,20,36,7,42,4,89,0,0,0,89
11/16/2017,EYW,FL,ASO,ES,Federal Contract Tower,41,7,20,2,70,0,0,25,0,25,41,7,45,2,95,0,0,0,95
11/17/2017,EYW,FL,ASO,ES,Federal Contract Tower,40,9,26,0,75,0,5,43,2,50,40,14,69,2,125,2,0,2,127
11/18/2017,EYW,FL,ASO,ES,Federal Contract Tower,41,6,27,0,74,0,4,56,0,60,41,10,83,0,134,0,0,0,134
11/19/2017,EYW,FL,ASO,ES,Federal Contract Tower,48,9,18,2,77,0,1,51,0,52,48,10,69,2,129,0,0,0,129
11/20/2017,EYW,FL,ASO,ES,Federal Contract Tower,43,5,21,0,69,0,0,21,0,21,43,5,42,0,90,0,0,0,90
11/21/2017,EYW,FL,ASO,ES,Federal Contract Tower,38,13,27,0,78,0,6,27,4,37,38,19,54,4,115,16,0,16,131
11/22/2017,EYW,FL,ASO,ES,Federal Contract Tower,40,6,29,0,75,0,2,42,0,44,40,8,71,0,119,8,0,8,127
11/23/2017,EYW,FL,ASO,ES,Federal Contract Tower,32,5,13,0,50,0,1,14,0,15,32,6,27,0,65,2,0,2,67
11/24/2017,EYW,FL,ASO,ES,Federal Contract Tower,38,13,17,1,69,0,2,42,0,44,38,15,59,1,113,0,0,0,113
11/25/2017,EYW,FL,ASO,ES,Federal Contract Tower,41,4,41,0,86,0,7,69,1,77,41,11,110,1,163,6,0,6,169
11/26/2017,EYW,FL,ASO,ES,Federal Contract Tower,40,9,43,0,92,0,2,65,0,67,40,11,108,0,159,2,0,2,161
11/27/2017,EYW,FL,ASO,ES,Federal Contract Tower,44,5,15,0,64,0,2,22,0,24,44,7,37,0,88,0,2,2,90
11/28/2017,EYW,FL,ASO,ES,Federal Contract Tower,36,8,7,2,53,0,0,37,2,39,36,8,44,4,92,0,0,0,92
11/29/2017,EYW,FL,ASO,ES,Federal Contract Tower,35,10,24,0,69,0,2,28,0,30,35,12,52,0,99,0,0,0,99
11/30/2017,EYW,FL,ASO,ES,Federal Contract Tower,39,14,25,6,84,0,3,34,0,37,39,17,59,6,121,0,0,0,121
12/01/2017,EYW,FL,ASO,ES,Federal Contract Tower,38,8,27,0,73,0,0,45,0,45,38,8,72,0,118,2,0,2,120
12/02/2017,EYW,FL,ASO,ES,Federal Contract Tower,40,12,18,0,70,0,2,45,0,47,40,14,63,0,117,0,0,0,117
12/03/2017,EYW,FL,ASO,ES,Federal Contract Tower,42,3,24,0,69,0,1,57,0,58,42,4,81,0,127,20,0,20,147
12/04/2017,EYW,FL,ASO,ES,Federal Contract Tower,40,8,23,0,71,0,0,28,0,28,40,8,51,0,99,2,0,2,101
12/05/2017,EYW,FL,ASO,ES,Federal Contract Tower,38,9,11,0,58,0,4,51,0,55,38,13,62,0,113,16,0,16,129
12/06/2017,EYW,FL,ASO,ES,Federal Contract Tower,36,11,20,0,67,0,1,28,0,29,36,12,48,0,96,0,0,0,96
12/07/2017,EYW,FL,ASO,ES,Federal Contract Tower,39,10,19,0,68,0,1,38,0,39,39,11,57,0,107,4,0,4,111
12/08/2017,EYW,FL,ASO,ES,Federal Contract Tower,38,11,21,0,70,0,3,39,0,42,38,14,60,0,112,2,0,2,114
12/09/2017,EYW,FL,ASO,ES,Federal Contract Tower,38,6,15,0,59,0,0,6,2,8,38,6,21,2,67,0,0,0,67
12/10/2017,EYW,FL,ASO,ES,Federal Contract Tower,41,9,26,0,76,0,0,41,1,42,41,9,67,1,118,2,0,2,120
12/11/2017,EYW,FL,ASO,ES,Federal Contract Tower,40,6,16,3,65,0,0,31,0,31,40,6,47,3,96,0,0,0,96
12/12/2017,EYW,FL,ASO,ES,Federal Contract Tower,38,9,25,0,72,0,1,40,0,41,38,10,65,0,113,20,0,20,133
12/13/2017,EYW,FL,ASO,ES,Federal Contract Tower,36,8,23,0,67,0,1,22,0,23,36,9,45,0,90,6,0,6,96
12/14/2017,EYW,FL,ASO,ES,Federal Contract Tower,39,9,19,0,67,0,0,45,2,47,39,9,64,2,114,0,0,0,114
12/15/2017,EYW,FL,ASO,ES,Federal Contract Tower,42,12,29,1,84,0,2,53,0,55,42,14,82,1,139,0,0,0,139
12/16/2017,EYW,FL,ASO,ES,Federal Contract Tower,43,18,20,1,82,0,4,52,2,58,43,22,72,3,140,0,0,0,140
12/17/2017,EYW,FL,ASO,ES,Federal Contract Tower,42,4,25,0,71,0,5,57,0,62,42,9,82,0,133,0,0,0,133
12/18/2017,EYW,FL,ASO,ES,Federal Contract Tower,44,6,16,1,67,0,3,31,2,36,44,9,47,3,103,0,0,0,103
12/19/2017,EYW,FL,ASO,ES,Federal Contract Tower,40,12,20,2,74,0,1,43,1,45,40,13,63,3,119,20,0,20,139
12/20/2017,EYW,FL,ASO,ES,Federal Contract Tower,41,9,9,1,60,0,2,39,0,41,41,11,48,1,101,0,0,0,101
12/21/2017,EYW,FL,ASO,ES,Federal Contract Tower,52,6,21,0,79,0,0,64,0,64,52,6,85,0,143,0,0,0,143
12/22/2017,EYW,FL,ASO,ES,Federal Contract Tower,53,7,35,0,95,0,4,42,0,46,53,11,77,0,141,4,0,4,145
12/23/2017,EYW,FL,ASO,ES,Federal Contract Tower,56,7,29,0,92,0,6,66,0,72,56,13,95,0,164,0,0,0,164
12/24/2017,EYW,FL,ASO,ES,Federal Contract Tower,51,3,19,0,73,0,4,57,0,61,51,7,76,0,134,2,0,2,136
12/25/2017,EYW,FL,ASO,ES,Federal Contract Tower,49,7,17,0,73,0,2,37,0,39,49,9,54,0,112,4,0,4,116
12/26/2017,EYW,FL,ASO,ES,Federal Contract Tower,57,17,39,0,113,0,0,73,0,73,57,17,112,0,186,4,0,4,190
12/27/2017,EYW,FL,ASO,ES,Federal Contract Tower,56,20,55,0,131,0,0,77,0,77,56,20,132,0,208,0,0,0,208
12/28/2017,EYW,FL,ASO,ES,Federal Contract Tower,55,18,54,0,127,0,4,74,0,78,55,22,128,0,205,18,0,18,223
12/29/2017,EYW,FL,ASO,ES,Federal Contract Tower,58,22,61,2,143,0,3,69,2,74,58,25,130,4,217,0,0,0,217
12/30/2017,EYW,FL,ASO,ES,Federal Contract Tower,58,12,51,0,121,0,7,83,0,90,58,19,134,0,211,2,0,2,213
12/31/2017,EYW,FL,ASO,ES,Federal Contract Tower,55,8,40,0,103,0,8,102,0,110,55,16,142,0,213,2,0,2,215
01/01/2018,EYW,FL,ASO,ES,Federal Contract Tower,52,7,50,0,109,0,3,79,2,84,52,10,129,2,193,0,0,0,193
01/02/2018,EYW,FL,ASO,ES,Federal Contract Tower,57,16,41,1,115,0,1,18,0,19,57,17,59,1,134,0,0,0,134
01/03/2018,EYW,FL,ASO,ES,Federal Contract Tower,54,4,38,8,104,0,0,3,0,3,54,4,41,8,107,0,0,0,107
01/04/2018,EYW,FL,ASO,ES,Federal Contract Tower,53,20,34,4,111,0,1,33,0,34,53,21,67,4,145,6,0,6,151
01/05/2018,EYW,FL,ASO,ES,Federal Contract Tower,56,17,30,3,106,0,2,41,0,43,56,19,71,3,149,2,0,2,151
01/06/2018,EYW,FL,ASO,ES,Federal Contract Tower,57,10,34,1,102,0,0,40,0,40,57,10,74,1,142,6,0,6,148
01/07/2018,EYW,FL,ASO,ES,Federal Contract Tower,54,8,36,2,100,0,4,56,0,60,54,12,92,2,160,4,0,4,164
01/08/2018,EYW,FL,ASO,ES,Federal Contract Tower,52,4,20,0,76,0,3,37,0,40,52,7,57,0,116,0,0,0,116
01/09/2018,EYW,FL,ASO,ES,Federal Contract Tower,46,8,15,2,71,0,0,12,0,12,46,8,27,2,83,0,0,0,83
01/10/2018,EYW,FL,ASO,ES,Federal Contract Tower,48,13,18,0,79,0,5,28,0,33,48,18,46,0,112,0,0,0,112
01/11/2018,EYW,FL,ASO,ES,Federal Contract Tower,49,13,26,2,90,0,1,50,0,51,49,14,76,2,141,32,0,32,173
01/12/2018,EYW,FL,ASO,ES,Federal Contract Tower,52,15,37,0,104,0,5,39,0,44,52,20,76,0,148,2,0,2,150
01/13/2018,EYW,FL,ASO,ES,Federal Contract Tower,55,5,27,0,87,0,6,61,0,67,55,11,88,0,154,6,0,6,160
01/14/2018,EYW,FL,ASO,ES,Federal Contract Tower,54,6,44,0,104,0,0,39,4,43,54,6,83,4,147,0,0,0,147
01/15/2018,EYW,FL,ASO,ES,Federal Contract Tower,51,10,41,0,102,0,3,22,0,25,51,13,63,0,127,0,0,0,127
01/16/2018,EYW,FL,ASO,ES,Federal Contract Tower,49,9,22,1,81,0,3,46,1,50,49,12,68,2,131,0,0,0,131
01/17/2018,EYW,FL,ASO,ES,Federal Contract Tower,41,18,25,1,85,0,4,50,1,55,41,22,75,2,140,26,0,26,166
01/18/2018,EYW,FL,ASO,ES,Federal Contract Tower,49,9,19,0,77,0,0,27,2,29,49,9,46,2,106,0,0,0,106
01/19/2018,EYW,FL,ASO,ES,Federal Contract Tower,54,11,31,0,96,0,3,45,0,48,54,14,76,0,144,0,0,0,144
01/20/2018,EYW,FL,ASO,ES,Federal Contract Tower,54,10,27,0,91,0,4,51,0,55,54,14,78,0,146,2,0,2,148
01/21/2018,EYW,FL,ASO,ES,Federal Contract Tower,54,5,28,3,90,0,2,43,0,45,54,7,71,3,135,0,0,0,135
01/22/2018,EYW,FL,ASO,ES,Federal Contract Tower,53,6,23,0,82,0,4,65,4,73,53,10,88,4,155,4,0,4,159
01/23/2018,EYW,FL,ASO,ES,Federal Contract Tower,47,8,29,2,86,0,0,30,0,30,47,8,59,2,116,4,0,4,120
01/24/2018,EYW,FL,ASO,ES,Federal Contract Tower,50,12,23,1,86,0,0,33,0,33,50,12,56,1,119,0,0,0,119
01/25/2018,EYW,FL,ASO,ES,Federal Contract Tower,51,17,15,1,84,0,4,34,0,38,51,21,49,1,122,2,0,2,124
01/26/2018,EYW,FL,ASO,ES,Federal Contract Tower,54,11,24,0,89,0,0,19,0,19,54,11,43,0,108,0,0,0,108
01/27/2018,EYW,FL,ASO,ES,Federal Contract Tower,54,5,29,0,88,0,2,26,0,28,54,7,55,0,116,0,0,0,116
01/28/2018,EYW,FL,ASO,ES,Federal Contract Tower,58,7,24,0,89,0,0,16,0,16,58,7,40,0,105,0,0,0,105
01/29/2018,EYW,FL,ASO,ES,Federal Contract Tower,50,3,27,0,80,0,1,33,0,34,50,4,60,0,114,0,0,0,114
01/30/2018,EYW,FL,ASO,ES,Federal Contract Tower,48,8,10,0,66,0,0,33,1,34,48,8,43,1,100,2,0,2,102
01/31/2018,EYW,FL,ASO,ES,Federal Contract Tower,48,16,19,1,84,0,0,45,0,45,48,16,64,1,129,2,0,2,131
02/01/2018,EYW,FL,ASO,ES,Federal Contract Tower,53,11,49,0,113,0,3,56,0,59,53,14,105,0,172,2,0,2,174
02/02/2018,EYW,FL,ASO,ES,Federal Contract Tower,52,13,45,0,110,0,2,46,2,50,52,15,91,2,160,2,0,2,162
02/03/2018,EYW,FL,ASO,ES,Federal Contract Tower,55,9,29,0,93,0,7,57,0,64,55,16,86,0,157,4,0,4,161
02/04/2018,EYW,FL,ASO,ES,Federal Contract Tower,53,9,26,2,90,0,0,50,0,50,53,9,76,2,140,2,0,2,142
02/05/2018,EYW,FL,ASO,ES,Federal Contract Tower,57,7,34,0,98,0,0,45,0,45,57,7,79,0,143,8,0,8,151
02/06/2018,EYW,FL,ASO,ES,Federal Contract Tower,48,6,34,0,88,0,0,52,8,60,48,6,86,8,148,14,0,14,162
02/07/2018,EYW,FL,ASO,ES,Federal Contract Tower,45,5,36,2,88,0,1,49,3,53,45,6,85,5,141,10,0,10,151
02/08/2018,EYW,FL,ASO,ES,Federal Contract Tower,55,14,47,0,116,0,4,37,0,41,55,18,84,0,157,10,0,10,167
02/09/2018,EYW,FL,ASO,ES,Federal Contract Tower,51,11,52,0,114,0,5,60,0,65,51,16,112,0,179,0,0,0,179
02/10/2018,EYW,FL,ASO,ES,Federal Contract Tower,55,7,31,0,93,0,3,66,0,69,55,10,97,0,162,6,0,6,168
02/11/2018,EYW,FL,ASO,ES,Federal Contract Tower,54,16,70,0,140,0,7,61,0,68,54,23,131,0,208,6,0,6,214
02/12/2018,EYW,FL,ASO,ES,Federal Contract Tower,52,16,45,0,113,0,4,53,0,57,52,20,98,0,170,24,0,24,194
02/13/2018,EYW,FL,ASO,ES,Federal Contract Tower,47,23,21,2,93,0,3,57,0,60,47,26,78,2,153,0,0,0,153
02/14/2018,EYW,FL,ASO,ES,Federal Contract Tower,49,14,33,2,98,0,4,59,0,63,49,18,92,2,161,44,0,44,205
02/15/2018,EYW,FL,ASO,ES,Federal Contract Tower,52,15,45,4,116,0,2,64,4,70,52,17,109,8,186,32,0,32,218
02/16/2018,EYW,FL,ASO,ES,Federal Contract Tower,53,16,42,2,113,0,2,64,0,66,53,18,106,2,179,40,0,40,219
02/17/2018,EYW,FL,ASO,ES,Federal Contract Tower,63,12,40,0,115,0,1,78,2,81,63,13,118,2,196,10,2,12,208
02/18/2018,EYW,FL,ASO,ES,Federal Contract Tower,58,9,55,0,122,0,10,67,0,77,58,19,122,0,199,8,0,8,207
02/19/2018,EYW,FL,ASO,ES,Federal Contract Tower,53,9,31,0,93,0,6,42,0,48,53,15,73,0,141,24,0,24,165
02/20/2018,EYW,FL,ASO,ES,Federal Contract Tower,55,15,36,0,106,0,3,56,0,59,55,18,92,0,165,0,0,0,165
02/21/2018,EYW,FL,ASO,ES,Federal Contract Tower,57,16,41,2,116,0,5,47,0,52,57,21,88,2,168,2,0,2,170
02/22/2018,EYW,FL,ASO,ES,Federal Contract Tower,54,9,49,3,115,0,3,56,0,59,54,12,105,3,174,50,0,50,224
02/23/2018,EYW,FL,ASO,ES,Federal Contract Tower,53,13,46,0,112,0,4,56,0,60,53,17,102,0,172,68,0,68,240
02/24/2018,EYW,FL,ASO,ES,Federal Contract Tower,63,13,41,2,119,0,10,59,1,70,63,23,100,3,189,64,0,64,253
02/25/2018,EYW,FL,ASO,ES,Federal Contract Tower,57,5,57,0,119,0,0,102,0,102,57,5,159,0,221,8,0,8,229
02/26/2018,EYW,FL,ASO,ES,Federal Contract Tower,55,16,19,0,90,0,1,58,7,66,55,17,77,7,156,2,0,2,158
02/27/2018,EYW,FL,ASO,ES,Federal Contract Tower,55,13,32,0,100,0,0,47,5,52,55,13,79,5,152,42,0,42,194
02/28/2018,EYW,FL,ASO,ES,Federal Contract Tower,55,20,50,4,129,0,2,58,0,60,55,22,108,4,189,42,0,42,231
03/01/2018,EYW,FL,ASO,ES,Federal Contract Tower,54,21,37,0,112,0,10,62,2,74,54,31,99,2,186,10,0,10,196
03/02/2018,EYW,FL,ASO,ES,Federal Contract Tower,52,17,53,0,122,0,2,66,0,68,52,19,119,0,190,20,0,20,210
03/03/2018,EYW,FL,ASO,ES,Federal Contract Tower,62,15,37,0,114,0,7,77,4,88,62,22,114,4,202,2,0,2,204
03/04/2018,EYW,FL,ASO,ES,Federal Contract Tower,56,8,52,0,116,0,7,96,2,105,56,15,148,2,221,2,0,2,223
03/05/2018,EYW,FL,ASO,ES,Federal Contract Tower,57,10,26,0,93,0,6,52,2,60,57,16,78,2,153,20,0,20,173
03/06/2018,EYW,FL,ASO,ES,Federal Contract Tower,56,12,33,2,103,0,0,62,4,66,56,12,95,6,169,22,0,22,191
03/07/2018,EYW,FL,ASO,ES,Federal Contract Tower,50,15,32,0,97,0,1,25,2,28,50,16,57,2,125,18,0,18,143
03/08/2018,EYW,FL,ASO,ES,Federal Contract Tower,56,8,37,2,103,0,1,68,0,69,56,9,105,2,172,20,0,20,192
03/09/2018,EYW,FL,ASO,ES,Federal Contract Tower,56,13,29,0,98,0,0,74,4,78,56,13,103,4,176,24,0,24,200
03/10/2018,EYW,FL,ASO,ES,Federal Contract Tower,64,13,37,0,114,0,0,80,0,80,64,13,117,0,194,0,0,0,194
03/11/2018,EYW,FL,ASO,ES,Federal Contract Tower,60,4,45,0,109,0,1,76,0,77,60,5,121,0,186,0,0,0,186
03/12/2018,EYW,FL,ASO,ES,Federal Contract Tower,55,9,24,0,88,0,1,8,0,9,55,10,32,0,97,0,0,0,97
03/13/2018,EYW,FL,ASO,ES,Federal Contract Tower,57,12,40,2,111,0,2,43,0,45,57,14,83,2,156,10,0,10,166
03/14/2018,EYW,FL,ASO,ES,Federal Contract Tower,56,16,21,0,93,0,0,26,0,26,56,16,47,0,119,34,0,34,153
03/15/2018,EYW,FL,ASO,ES,Federal Contract Tower,56,13,35,2,106,0,81,0,0,81,56,94,35,2,187,2,0,2,189
03/16/2018,EYW,FL,ASO,ES,Federal Contract Tower,56,15,30,6,107,0,2,91,0,93,56,17,121,6,200,58,0,58,258
03/17/2018,EYW,FL,ASO,ES,Federal Contract Tower,64,9,44,0,117,0,1,82,0,83,64,10,126,0,200,44,0,44,244
03/18/2018,EYW,FL,ASO,ES,Federal Contract Tower,59,18,51,0,128,0,3,71,0,74,59,21,122,0,202,28,0,28,230
03/19/2018,EYW,FL,ASO,ES,Federal Contract Tower,55,15,33,2,105,0,3,63,2,68,55,18,96,4,173,22,0,22,195
03/20/2018,EYW,FL,ASO,ES,Federal Contract Tower,55,8,28,0,91,0,2,39,0,41,55,10,67,0,132,0,0,0,132
03/21/2018,EYW,FL,ASO,ES,Federal Contract Tower,51,11,34,0,96,0,10,39,0,49,51,21,73,0,145,2,0,2,147
03/22/2018,EYW,FL,ASO,ES,Federal Contract Tower,51,18,36,0,105,0,1,53,0,54,51,19,89,0,159,0,0,0,159
03/23/2018,EYW,FL,ASO,ES,Federal Contract Tower,55,15,47,0,117,0,0,69,0,69,55,15,116,0,186,0,0,0,186
03/24/2018,EYW,FL,ASO,ES,Federal Contract Tower,64,13,35,0,112,0,4,78,0,82,64,17,113,0,194,36,0,36,230
03/25/2018,EYW,FL,ASO,ES,Federal Contract Tower,60,10,45,1,116,0,4,105,0,109,60,14,150,1,225,50,0,50,275
03/26/2018,EYW,FL,ASO,ES,Federal Contract Tower,52,15,40,0,107,0,0,66,7,73,52,15,106,7,180,24,0,24,204
03/27/2018,EYW,FL,ASO,ES,Federal Contract Tower,55,7,14,3,79,0,5,46,4,55,55,12,60,7,134,2,0,2,136
03/28/2018,EYW,FL,ASO,ES,Federal Contract Tower,57,18,37,0,112,0,6,61,0,67,57,24,98,0,179,0,0,0,179
03/29/2018,EYW,FL,ASO,ES,Federal Contract Tower,55,16,57,1,129,0,2,81,1,84,55,18,138,2,213,22,0,22,235
03/30/2018,EYW,FL,ASO,ES,Federal Contract Tower,56,19,44,0,119,0,0,85,0,85,56,19,129,0,204,66,0,66,270
03/31/2018,EYW,FL,ASO,ES,Federal Contract Tower,66,12,47,0,125,0,0,65,0,65,66,12,112,0,190,4,0,4,194
04/01/2018,EYW,FL,ASO,ES,Federal Contract Tower,64,8,52,0,124,0,3,77,0,80,64,11,129,0,204,2,0,2,206
04/02/2018,EYW,FL,ASO,ES,Federal Contract Tower,56,6,25,0,87,0,7,90,0,97,56,13,115,0,184,46,0,46,230
04/03/2018,EYW,FL,ASO,ES,Federal Contract Tower,52,14,33,0,99,0,12,82,0,94,52,26,115,0,193,2,0,2,195
04/04/2018,EYW,FL,ASO,ES,Federal Contract Tower,57,18,24,1,100,0,2,62,1,65,57,20,86,2,165,36,0,36,201
04/05/2018,EYW,FL,ASO,ES,Federal Contract Tower,55,20,34,2,111,0,4,83,1,88,55,24,117,3,199,20,0,20,219
04/06/2018,EYW,FL,ASO,ES,Federal Contract Tower,56,14,44,2,116,0,3,98,0,101,56,17,142,2,217,24,0,24,241
04/07/2018,EYW,FL,ASO,ES,Federal Contract Tower,61,9,21,0,91,0,0,83,0,83,61,9,104,0,174,32,0,32,206
04/08/2018,EYW,FL,ASO,ES,Federal Contract Tower,62,24,58,0,144,0,2,74,0,76,62,26,132,0,220,8,0,8,228
04/09/2018,EYW,FL,ASO,ES,Federal Contract Tower,54,7,23,0,84,0,1,63,0,64,54,8,86,0,148,8,0,8,156
04/10/2018,EYW,FL,ASO,ES,Federal Contract Tower,45,9,20,0,74,0,2,59,0,61,45,11,79,0,135,6,0,6,141
04/11/2018,EYW,FL,ASO,ES,Federal Contract Tower,55,16,35,2,108,0,0,40,0,40,55,16,75,2,148,14,0,14,162
04/12/2018,EYW,FL,ASO,ES,Federal Contract Tower,56,17,16,0,89,0,5,56,0,61,56,22,72,0,150,2,0,2,152
04/13/2018,EYW,FL,ASO,ES,Federal Contract Tower,55,13,30,0,98,0,2,61,0,63,55,15,91,0,161,8,0,8,169
04/14/2018,EYW,FL,ASO,ES,Federal Contract Tower,63,5,29,0,97,0,4,70,0,74,63,9,99,0,171,24,0,24,195
04/15/2018,EYW,FL,ASO,ES,Federal Contract Tower,52,6,18,0,76,0,0,44,0,44,52,6,62,0,120,4,0,4,124
04/16/2018,EYW,FL,ASO,ES,Federal Contract Tower,50,7,32,0,89,0,8,30,0,38,50,15,62,0,127,0,0,0,127
04/17/2018,EYW,FL,ASO,ES,Federal Contract Tower,51,6,25,0,82,0,6,77,0,83,51,12,102,0,165,0,0,0,165
04/18/2018,EYW,FL,ASO,ES,Federal Contract Tower,54,12,21,0,87,0,1,61,2,64,54,13,82,2,151,30,0,30,181
04/19/2018,EYW,FL,ASO,ES,Federal Contract Tower,55,10,35,0,100,0,2,28,2,32,55,12,63,2,132,0,0,0,132
04/20/2018,EYW,FL,ASO,ES,Federal Contract Tower,55,11,30,4,100,0,4,68,0,72,55,15,98,4,172,0,2,2,174
04/21/2018,EYW,FL,ASO,ES,Federal Contract Tower,60,7,37,0,104,0,1,63,0,64,60,8,100,0,168,0,0,0,168
04/22/2018,EYW,FL,ASO,ES,Federal Contract Tower,61,7,45,2,115,0,3,46,0,49,61,10,91,2,164,6,0,6,170
04/23/2018,EYW,FL,ASO,ES,Federal Contract Tower,55,8,14,3,80,0,1,61,1,63,55,9,75,4,143,48,0,48,191
04/24/2018,EYW,FL,ASO,ES,Federal Contract Tower,53,10,31,2,96,0,6,45,0,51,53,16,76,2,147,18,0,18,165
04/25/2018,EYW,FL,ASO,ES,Federal Contract Tower,52,12,25,2,91,0,4,58,0,62,52,16,83,2,153,0,0,0,153
04/26/2018,EYW,FL,ASO,ES,Federal Contract Tower,54,18,46,0,118,0,4,91,0,95,54,22,137,0,213,36,0,36,249
04/27/2018,EYW,FL,ASO,ES,Federal Contract Tower,54,10,28,2,94,0,5,45,0,50,54,15,73,2,144,0,0,0,144
04/28/2018,EYW,FL,ASO,ES,Federal Contract Tower,60,8,34,0,102,0,2,82,0,84,60,10,116,0,186,2,0,2,188
04/29/2018,EYW,FL,ASO,ES,Federal Contract Tower,60,7,53,0,120,0,0,105,0,105,60,7,158,0,225,12,0,12,237
04/30/2018,EYW,FL,ASO,ES,Federal Contract Tower,54,6,13,1,74,0,5,56,4,65,54,11,69,5,139,0,0,0,139
05/01/2018,EYW,FL,ASO,ES,Federal Contract Tower,51,12,16,1,80,0,1,37,0,38,51,13,53,1,118,2,4,6,124
05/02/2018,EYW,FL,ASO,ES,Federal Contract Tower,52,9,23,0,84,0,0,52,1,53,52,9,75,1,137,0,0,0,137
05/03/2018,EYW,FL,ASO,ES,Federal Contract Tower,51,10,36,0,97,0,1,43,0,44,51,11,79,0,141,2,0,2,143
05/04/2018,EYW,FL,ASO,ES,Federal Contract Tower,48,18,31,2,99,0,3,56,0,59,48,21,87,2,158,0,0,0,158
05/05/2018,EYW,FL,ASO,ES,Federal Contract Tower,56,7,27,0,90,0,5,48,0,53,56,12,75,0,143,4,0,4,147
05/06/2018,EYW,FL,ASO,ES,Federal Contract Tower,52,8,44,0,104,0,1,60,0,61,52,9,104,0,165,22,0,22,187
05/07/2018,EYW,FL,ASO,ES,Federal Contract Tower,47,18,23,0,88,0,2,57,0,59,47,20,80,0,147,34,0,34,181
05/08/2018,EYW,FL,ASO,ES,Federal Contract Tower,46,13,16,2,77,0,0,41,0,41,46,13,57,2,118,32,0,32,150
05/09/2018,EYW,FL,ASO,ES,Federal Contract Tower,47,17,34,0,98,0,2,52,0,54,47,19,86,0,152,4,0,4,156
05/10/2018,EYW,FL,ASO,ES,Federal Contract Tower,47,13,46,2,108,0,1,47,0,48,47,14,93,2,156,4,0,4,160
05/11/2018,EYW,FL,ASO,ES,Federal Contract Tower,47,11,40,0,98,0,5,46,2,53,47,16,86,2,151,2,0,2,153
05/12/2018,EYW,FL,ASO,ES,Federal Contract Tower,54,4,17,0,75,0,4,12,0,16,54,8,29,0,91,4,0,4,95
05/13/2018,EYW,FL,ASO,ES,Federal Contract Tower,53,5,33,0,91,0,6,5,0,11,53,11,38,0,102,0,0,0,102
05/14/2018,EYW,FL,ASO,ES,Federal Contract Tower,43,4,11,3,61,0,2,0,0,2,43,6,11,3,63,0,0,0,63
05/15/2018,EYW,FL,ASO,ES,Federal Contract Tower,50,8,16,0,74,0,2,43,1,46,50,10,59,1,120,8,0,8,128
05/16/2018,EYW,FL,ASO,ES,Federal Contract Tower,46,5,23,0,74,0,1,40,0,41,46,6,63,0,115,2,0,2,117
05/17/2018,EYW,FL,ASO,ES,Federal Contract Tower,46,14,23,1,84,0,3,35,0,38,46,17,58,1,122,0,0,0,122
05/18/2018,EYW,FL,ASO,ES,Federal Contract Tower,46,13,19,0,78,0,1,44,5,50,46,14,63,5,128,2,0,2,130
05/19/2018,EYW,FL,ASO,ES,Federal Contract Tower,55,8,11,2,76,0,3,27,0,30,55,11,38,2,106,20,0,20,126
05/20/2018,EYW,FL,ASO,ES,Federal Contract Tower,52,6,21,0,79,0,0,21,0,21,52,6,42,0,100,0,0,0,100
05/21/2018,EYW,FL,ASO,ES,Federal Contract Tower,44,8,16,0,68,0,0,15,1,16,44,8,31,1,84,20,0,20,104
05/22/2018,EYW,FL,ASO,ES,Federal Contract Tower,47,11,15,0,73,0,0,28,0,28,47,11,43,0,101,2,0,2,103
05/23/2018,EYW,FL,ASO,ES,Federal Contract Tower,47,9,14,0,70,0,3,43,0,46,47,12,57,0,116,52,0,52,168
05/24/2018,EYW,FL,ASO,ES,Federal Contract Tower,47,12,40,1,100,0,4,50,0,54,47,16,90,1,154,2,0,2,156
05/25/2018,EYW,FL,ASO,ES,Federal Contract Tower,46,20,14,1,81,0,2,2,0,4,46,22,16,1,85,0,0,0,85
05/26/2018,EYW,FL,ASO,ES,Federal Contract Tower,31,4,10,0,45,0,0,9,0,9,31,4,19,0,54,0,0,0,54
05/27/2018,EYW,FL,ASO,ES,Federal Contract Tower,22,1,7,0,30,0,0,10,0,10,22,1,17,0,40,0,0,0,40
05/28/2018,EYW,FL,ASO,ES,Federal Contract Tower,47,5,16,0,68,0,6,14,0,20,47,11,30,0,88,0,0,0,88
05/29/2018,EYW,FL,ASO,ES,Federal Contract Tower,45,7,11,0,63,0,0,42,0,42,45,7,53,0,105,30,0,30,135
05/30/2018,EYW,FL,ASO,ES,Federal Contract Tower,46,8,24,0,78,0,4,30,0,34,46,12,54,0,112,22,0,22,134
05/31/2018,EYW,FL,ASO,ES,Federal Contract Tower,48,9,21,0,78,0,3,40,0,43,48,12,61,0,121,8,0,8,129
06/01/2018,EYW,FL,ASO,ES,Federal Contract Tower,42,11,25,0,78,0,2,69,0,71,42,13,94,0,149,48,0,48,197
06/02/2018,EYW,FL,ASO,ES,Federal Contract Tower,57,8,27,0,92,0,0,68,0,68,57,8,95,0,160,22,0,22,182
06/03/2018,EYW,FL,ASO,ES,Federal Contract Tower,52,7,41,1,101,0,1,86,0,87,52,8,127,1,188,0,0,0,188
06/04/2018,EYW,FL,ASO,ES,Federal Contract Tower,47,4,26,1,78,0,3,53,2,58,47,7,79,3,136,2,0,2,138
06/05/2018,EYW,FL,ASO,ES,Federal Contract Tower,51,8,6,1,66,0,3,51,0,54,51,11,57,1,120,52,0,52,172
06/06/2018,EYW,FL,ASO,ES,Federal Contract Tower,48,13,16,0,77,0,1,40,2,43,48,14,56,2,120,0,0,0,120
06/07/2018,EYW,FL,ASO,ES,Federal Contract Tower,42,14,21,2,79,0,2,40,1,43,42,16,61,3,122,20,0,20,142
06/08/2018,EYW,FL,ASO,ES,Federal Contract Tower,39,15,32,1,87,0,2,56,3,61,39,17,88,4,148,14,0,14,162
06/09/2018,EYW,FL,ASO,ES,Federal Contract Tower,55,5,44,0,104,0,4,43,0,47,55,9,87,0,151,12,0,12,163
06/10/2018,EYW,FL,ASO,ES,Federal Contract Tower,50,10,29,3,92,0,0,52,0,52,50,10,81,3,144,18,0,18,162
06/11/2018,EYW,FL,ASO,ES,Federal Contract Tower,36,10,22,1,69,0,4,45,0,49,36,14,67,1,118,14,0,14,132
06/12/2018,EYW,FL,ASO,ES,Federal Contract Tower,41,12,29,0,82,0,4,55,0,59,41,16,84,0,141,16,0,16,157
06/13/2018,EYW,FL,ASO,ES,Federal Contract Tower,38,11,28,2,79,0,2,50,0,52,38,13,78,2,131,10,0,10,141
06/14/2018,EYW,FL,ASO,ES,Federal Contract Tower,39,13,24,0,76,0,2,50,0,52,39,15,74,0,128,14,0,14,142
06/15/2018,EYW,FL,ASO,ES,Federal Contract Tower,41,15,36,1,93,0,5,36,0,41,41,20,72,1,134,4,0,4,138
06/16/2018,EYW,FL,ASO,ES,Federal Contract Tower,55,5,25,0,85,0,2,41,2,45,55,7,66,2,130,20,0,20,150
06/17/2018,EYW,FL,ASO,ES,Federal Contract Tower,47,3,26,2,78,0,4,70,0,74,47,7,96,2,152,6,0,6,158
06/18/2018,EYW,FL,ASO,ES,Federal Contract Tower,39,7,26,0,72,0,2,43,3,48,39,9,69,3,120,28,0,28,148
06/19/2018,EYW,FL,ASO,ES,Federal Contract Tower,39,6,23,2,70,0,1,69,3,73,39,7,92,5,143,6,0,6,149
06/20/2018,EYW,FL,ASO,ES,Federal Contract Tower,39,14,18,0,71,0,0,43,4,47,39,14,61,4,118,0,0,0,118
06/21/2018,EYW,FL,ASO,ES,Federal Contract Tower,38,10,33,5,86,0,1,55,1,57,38,11,88,6,143,4,0,4,147
06/22/2018,EYW,FL,ASO,ES,Federal Contract Tower,37,18,37,0,92,0,4,70,2,76,37,22,107,2,168,24,0,24,192
06/23/2018,EYW,FL,ASO,ES,Federal Contract Tower,55,8,32,0,95,0,0,55,0,55,55,8,87,0,150,10,0,10,160
06/24/2018,EYW,FL,ASO,ES,Federal Contract Tower,46,2,28,0,76,0,2,75,2,79,46,4,103,2,155,0,0,0,155
06/25/2018,EYW,FL,ASO,ES,Federal Contract Tower,38,10,20,0,68,0,2,47,0,49,38,12,67,0,117,40,0,40,157
06/26/2018,EYW,FL,ASO,ES,Federal Contract Tower,41,10,14,0,65,0,0,47,0,47,41,10,61,0,112,14,0,14,126
06/27/2018,EYW,FL,ASO,ES,Federal Contract Tower,38,11,17,0,66,0,1,36,0,37,38,12,53,0,103,2,0,2,105
06/28/2018,EYW,FL,ASO,ES,Federal Contract Tower,34,6,27,0,67,0,0,42,0,42,34,6,69,0,109,6,0,6,115
06/29/2018,EYW,FL,ASO,ES,Federal Contract Tower,41,12,20,0,73,0,0,42,0,42,41,12,62,0,115,0,0,0,115
06/30/2018,EYW,FL,ASO,ES,Federal Contract Tower,49,5,31,4,89,0,7,64,2,73,49,12,95,6,162,30,0,30,192
07/01/2018,EYW,FL,ASO,ES,Federal Contract Tower,50,11,35,0,96,0,2,82,0,84,50,13,117,0,180,4,0,4,184
07/02/2018,EYW,FL,ASO,ES,Federal Contract Tower,39,10,15,2,66,0,2,43,2,47,39,12,58,4,113,12,2,14,127
07/03/2018,EYW,FL,ASO,ES,Federal Contract Tower,38,7,20,0,65,0,2,55,2,59,38,9,75,2,124,18,0,18,142
07/04/2018,EYW,FL,ASO,ES,Federal Contract Tower,38,4,24,0,66,0,4,53,0,57,38,8,77,0,123,0,0,0,123
07/05/2018,EYW,FL,ASO,ES,Federal Contract Tower,37,6,13,1,57,0,0,51,2,53,37,6,64,3,110,4,0,4,114
07/06/2018,EYW,FL,ASO,ES,Federal Contract Tower,37,9,21,1,68,0,0,71,4,75,37,9,92,5,143,8,0,8,151
07/07/2018,EYW,FL,ASO,ES,Federal Contract Tower,53,6,24,0,83,0,2,59,0,61,53,8,83,0,144,4,0,4,148
07/08/2018,EYW,FL,ASO,ES,Federal Contract Tower,49,6,32,0,87,0,2,25,0,27,49,8,57,0,114,0,0,0,114
07/09/2018,EYW,FL,ASO,ES,Federal Contract Tower,39,7,14,0,60,0,0,58,2,60,39,7,72,2,120,20,0,20,140
07/10/2018,EYW,FL,ASO,ES,Federal Contract Tower,39,12,10,0,61,0,0,65,2,67,39,12,75,2,128,8,0,8,136
07/11/2018,EYW,FL,ASO,ES,Federal Contract Tower,37,7,14,0,58,0,2,64,0,66,37,9,78,0,124,42,0,42,166
07/12/2018,EYW,FL,ASO,ES,Federal Contract Tower,38,6,15,0,59,0,3,44,0,47,38,9,59,0,106,2,0,2,108
07/13/2018,EYW,FL,ASO,ES,Federal Contract Tower,36,14,20,0,70,0,6,53,0,59,36,20,73,0,129,22,0,22,151
07/14/2018,EYW,FL,ASO,ES,Federal Contract Tower,49,7,19,0,75,0,0,54,0,54,49,7,73,0,129,14,0,14,143
07/15/2018,EYW,FL,ASO,ES,Federal Contract Tower,48,2,35,0,85,0,6,91,0,97,48,8,126,0,182,2,0,2,184
07/16/2018,EYW,FL,ASO,ES,Federal Contract Tower,37,9,14,0,60,0,1,45,3,49,37,10,59,3,109,42,0,42,151
07/17/2018,EYW,FL,ASO,ES,Federal Contract Tower,37,11,14,3,65,0,0,59,0,59,37,11,73,3,124,2,0,2,126
07/18/2018,EYW,FL,ASO,ES,Federal Contract Tower,38,13,27,0,78,0,0,61,2,63,38,13,88,2,141,24,0,24,165
07/19/2018,EYW,FL,ASO,ES,Federal Contract Tower,37,10,26,0,73,0,2,120,0,122,37,12,146,0,195,4,0,4,199
07/20/2018,EYW,FL,ASO,ES,Federal Contract Tower,37,16,42,0,95,0,2,46,0,48,37,18,88,0,143,18,0,18,161
07/21/2018,EYW,FL,ASO,ES,Federal Contract Tower,52,7,41,0,100,0,0,62,0,62,52,7,103,0,162,0,0,0,162
07/22/2018,EYW,FL,ASO,ES,Federal Contract Tower,43,3,49,0,95,0,2,63,0,65,43,5,112,0,160,0,0,0,160
07/23/2018,EYW,FL,ASO,ES,Federal Contract Tower,38,5,25,0,68,0,3,34,0,37,38,8,59,0,105,2,0,2,107
07/24/2018,EYW,FL,ASO,ES,Federal Contract Tower,40,12,32,0,84,0,1,59,0,60,40,13,91,0,144,0,0,0,144
07/25/2018,EYW,FL,ASO,ES,Federal Contract Tower,39,14,21,0,74,0,0,71,0,71,39,14,92,0,145,48,0,48,193
07/26/2018,EYW,FL,ASO,ES,Federal Contract Tower,41,6,19,0,66,0,3,39,0,42,41,9,58,0,108,14,0,14,122
07/27/2018,EYW,FL,ASO,ES,Federal Contract Tower,36,15,42,0,93,0,3,40,1,44,36,18,82,1,137,42,0,42,179
07/28/2018,EYW,FL,ASO,ES,Federal Contract Tower,55,8,22,0,85,0,4,68,0,72,55,12,90,0,157,24,0,24,181
07/29/2018,EYW,FL,ASO,ES,Federal Contract Tower,46,5,34,0,85,0,9,47,0,56,46,14,81,0,141,2,0,2,143
07/30/2018,EYW,FL,ASO,ES,Federal Contract Tower,39,3,33,2,77,0,4,38,1,43,39,7,71,3,120,68,0,68,188
07/31/2018,EYW,FL,ASO,ES,Federal Contract Tower,38,11,19,1,69,0,0,38,1,39,38,11,57,2,108,24,0,24,132
08/01/2018,EYW,FL,ASO,ES,Federal Contract Tower,34,8,13,0,55,0,0,56,0,56,34,8,69,0,111,32,0,32,143
08/02/2018,EYW,FL,ASO,ES,Federal Contract Tower,34,9,16,0,59,0,1,48,0,49,34,10,64,0,108,0,0,0,108
08/03/2018,EYW,FL,ASO,ES,Federal Contract Tower,33,13,29,0,75,0,3,45,0,48,33,16,74,0,123,24,2,26,149
08/04/2018,EYW,FL,ASO,ES,Federal Contract Tower,47,12,22,0,81,0,3,73,0,76,47,15,95,0,157,30,0,30,187
08/05/2018,EYW,FL,ASO,ES,Federal Contract Tower,43,5,34,0,82,0,3,74,0,77,43,8,108,0,159,20,0,20,179
08/06/2018,EYW,FL,ASO,ES,Federal Contract Tower,34,5,18,0,57,0,0,53,2,55,34,5,71,2,112,0,0,0,112
08/07/2018,EYW,FL,ASO,ES,Federal Contract Tower,35,7,21,0,63,0,1,51,0,52,35,8,72,0,115,8,0,8,123
08/08/2018,EYW,FL,ASO,ES,Federal Contract Tower,32,10,23,0,65,0,2,49,0,51,32,12,72,0,116,0,0,0,116
08/09/2018,EYW,FL,ASO,ES,Federal Contract Tower,33,15,30,1,79,0,1,49,1,51,33,16,79,2,130,2,0,2,132
08/10/2018,EYW,FL,ASO,ES,Federal Contract Tower,37,15,24,0,76,0,1,53,0,54,37,16,77,0,130,36,0,36,166
08/11/2018,EYW,FL,ASO,ES,Federal Contract Tower,46,9,32,0,87,0,0,58,0,58,46,9,90,0,145,6,0,6,151
08/12/2018,EYW,FL,ASO,ES,Federal Contract Tower,35,4,34,0,73,0,2,50,0,52,35,6,84,0,125,2,0,2,127
08/13/2018,EYW,FL,ASO,ES,Federal Contract Tower,38,10,21,0,69,0,1,36,0,37,38,11,57,0,106,36,0,36,142
08/14/2018,EYW,FL,ASO,ES,Federal Contract Tower,33,11,17,0,61,0,0,43,0,43,33,11,60,0,104,0,0,0,104
08/15/2018,EYW,FL,ASO,ES,Federal Contract Tower,33,6,13,0,52,0,0,29,0,29,33,6,42,0,81,26,0,26,107
08/16/2018,EYW,FL,ASO,ES,Federal Contract Tower,35,11,27,0,73,0,1,51,0,52,35,12,78,0,125,44,0,44,169
08/17/2018,EYW,FL,ASO,ES,Federal Contract Tower,35,11,15,0,61,0,2,43,2,47,35,13,58,2,108,6,0,6,114
08/18/2018,EYW,FL,ASO,ES,Federal Contract Tower,44,8,23,0,75,0,0,60,0,60,44,8,83,0,135,46,0,46,181
08/19/2018,EYW,FL,ASO,ES,Federal Contract Tower,44,2,23,0,69,0,0,59,0,59,44,2,82,0,128,10,0,10,138
08/20/2018,EYW,FL,ASO,ES,Federal Contract Tower,34,9,16,0,59,0,0,42,0,42,34,9,58,0,101,94,0,94,195
08/21/2018,EYW,FL,ASO,ES,Federal Contract Tower,33,8,17,0,58,0,3,53,0,56,33,11,70,0,114,30,0,30,144
08/22/2018,EYW,FL,ASO,ES,Federal Contract Tower,32,9,19,0,60,0,2,31,1,34,32,11,50,1,94,10,0,10,104
08/23/2018,EYW,FL,ASO,ES,Federal Contract Tower,35,8,13,2,58,0,0,44,0,44,35,8,57,2,102,78,0,78,180
08/24/2018,EYW,FL,ASO,ES,Federal Contract Tower,36,10,18,0,64,0,2,46,0,48,36,12,64,0,112,2,0,2,114
08/25/2018,EYW,FL,ASO,ES,Federal Contract Tower,40,4,23,0,67,0,0,50,0,50,40,4,73,0,117,50,0,50,167
08/26/2018,EYW,FL,ASO,ES,Federal Contract Tower,39,4,35,0,78,0,0,40,0,40,39,4,75,0,118,0,0,0,118
08/27/2018,EYW,FL,ASO,ES,Federal Contract Tower,35,5,18,0,58,0,7,21,0,28,35,12,39,0,86,48,0,48,134
08/28/2018,EYW,FL,ASO,ES,Federal Contract Tower,31,7,22,0,60,0,0,37,0,37,31,7,59,0,97,8,0,8,105
08/29/2018,EYW,FL,ASO,ES,Federal Contract Tower,31,6,20,0,57,0,2,30,2,34,31,8,50,2,91,38,0,38,129
08/30/2018,EYW,FL,ASO,ES,Federal Contract Tower,35,12,24,2,73,0,6,30,2,38,35,18,54,4,111,0,0,0,111
08/31/2018,EYW,FL,ASO,ES,Federal Contract Tower,35,13,28,0,76,0,0,50,5,55,35,13,78,5,131,16,0,16,147
09/01/2018,EYW,FL,ASO,ES,Federal Contract Tower,40,8,9,0,57,0,4,69,0,73,40,12,78,0,130,44,0,44,174
09/02/2018,EYW,FL,ASO,ES,Federal Contract Tower,39,1,25,0,65,0,4,22,0,26,39,5,47,0,91,4,0,4,95
09/03/2018,EYW,FL,ASO,ES,Federal Contract Tower,31,7,24,0,62,0,2,9,0,11,31,9,33,0,73,0,0,0,73
09/04/2018,EYW,FL,ASO,ES,Federal Contract Tower,33,4,19,0,56,0,3,38,0,41,33,7,57,0,97,2,0,2,99
09/05/2018,EYW,FL,ASO,ES,Federal Contract Tower,31,10,21,0,62,0,2,21,1,24,31,12,42,1,86,20,4,24,110
09/06/2018,EYW,FL,ASO,ES,Federal Contract Tower,35,8,14,0,57,0,2,50,0,52,35,10,64,0,109,14,0,14,123
09/07/2018,EYW,FL,ASO,ES,Federal Contract Tower,35,9,18,0,62,0,0,19,0,19,35,9,37,0,81,0,0,0,81
09/08/2018,EYW,FL,ASO,ES,Federal Contract Tower,42,2,17,0,61,0,0,30,0,30,42,2,47,0,91,4,0,4,95
09/09/2018,EYW,FL,ASO,ES,Federal Contract Tower,39,3,26,0,68,0,4,60,0,64,39,7,86,0,132,8,0,8,140
09/10/2018,EYW,FL,ASO,ES,Federal Contract Tower,36,5,19,0,60,0,2,26,0,28,36,7,45,0,88,26,0,26,114
09/11/2018,EYW,FL,ASO,ES,Federal Contract Tower,31,14,6,0,51,0,0,15,0,15,31,14,21,0,66,22,0,22,88
09/13/2018,EYW,FL,ASO,ES,Federal Contract Tower,36,6,17,0,59,0,0,34,0,34,36,6,51,0,93,42,0,42,135
09/14/2018,EYW,FL,ASO,ES,Federal Contract Tower,35,9,17,0,61,0,1,44,0,45,35,10,61,0,106,50,0,50,156
09/15/2018,EYW,FL,ASO,ES,Federal Contract Tower,42,4,23,0,69,0,0,58,0,58,42,4,81,0,127,22,0,22,149
09/16/2018,EYW,FL,ASO,ES,Federal Contract Tower,37,1,15,0,53,0,0,46,0,46,37,1,61,0,99,30,0,30,129
09/17/2018,EYW,FL,ASO,ES,Federal Contract Tower,36,6,16,2,60,0,0,44,0,44,36,6,60,2,104,40,0,40,144
09/18/2018,EYW,FL,ASO,ES,Federal Contract Tower,31,8,18,0,57,0,0,29,0,29,31,8,47,0,86,16,0,16,102
09/19/2018,EYW,FL,ASO,ES,Federal Contract Tower,31,10,17,0,58,0,6,28,0,34,31,16,45,0,92,74,0,74,166
09/20/2018,EYW,FL,ASO,ES,Federal Contract Tower,36,8,18,1,63,0,2,46,1,49,36,10,64,2,112,8,0,8,120
09/21/2018,EYW,FL,ASO,ES,Federal Contract Tower,35,11,23,0,69,0,0,35,2,37,35,11,58,2,106,14,0,14,120
09/22/2018,EYW,FL,ASO,ES,Federal Contract Tower,41,9,20,0,70,0,3,57,1,61,41,12,77,1,131,0,0,0,131
09/23/2018,EYW,FL,ASO,ES,Federal Contract Tower,39,4,30,0,73,0,0,53,1,54,39,4,83,1,127,0,0,0,127
09/24/2018,EYW,FL,ASO,ES,Federal Contract Tower,35,4,12,0,51,0,0,21,0,21,35,4,33,0,72,6,0,6,78
09/25/2018,EYW,FL,ASO,ES,Federal Contract Tower,32,5,15,0,52,0,0,25,0,25,32,5,40,0,77,24,0,24,101
09/26/2018,EYW,FL,ASO,ES,Federal Contract Tower,30,11,22,0,63,0,0,19,0,19,30,11,41,0,82,0,0,0,82
09/27/2018,EYW,FL,ASO,ES,Federal Contract Tower,35,10,27,0,72,0,2,27,0,29,35,12,54,0,101,30,0,30,131
09/28/2018,EYW,FL,ASO,ES,Federal Contract Tower,35,10,22,0,67,0,2,45,0,47,35,12,67,0,114,2,0,2,116
09/29/2018,EYW,FL,ASO,ES,Federal Contract Tower,41,4,11,1,57,0,0,45,0,45,41,4,56,1,102,12,0,12,114
09/30/2018,EYW,FL,ASO,ES,Federal Contract Tower,39,6,28,0,73,0,0,62,0,62,39,6,90,0,135,0,0,0,135
10/01/2018,EYW,FL,ASO,ES,Federal Contract Tower,35,7,16,4,62,0,0,22,2,24,35,7,38,6,86,2,0,2,88
10/02/2018,EYW,FL,ASO,ES,Federal Contract Tower,31,5,14,1,51,0,0,25,1,26,31,5,39,2,77,0,0,0,77
10/03/2018,EYW,FL,ASO,ES,Federal Contract Tower,34,6,14,0,54,0,1,22,0,23,34,7,36,0,77,0,0,0,77
10/04/2018,EYW,FL,ASO,ES,Federal Contract Tower,37,9,22,0,68,0,0,30,0,30,37,9,52,0,98,2,0,2,100
10/05/2018,EYW,FL,ASO,ES,Federal Contract Tower,42,12,34,1,89,0,1,48,0,49,42,13,82,1,138,0,0,0,138
10/06/2018,EYW,FL,ASO,ES,Federal Contract Tower,46,5,25,0,76,0,0,58,0,58,46,5,83,0,134,0,0,0,134
10/07/2018,EYW,FL,ASO,ES,Federal Contract Tower,45,8,27,0,80,0,0,52,0,52,45,8,79,0,132,4,0,4,136
10/08/2018,EYW,FL,ASO,ES,Federal Contract Tower,37,6,12,0,55,0,2,4,0,6,37,8,16,0,61,0,0,0,61
10/09/2018,EYW,FL,ASO,ES,Federal Contract Tower,34,6,4,0,44,0,0,6,0,6,34,6,10,0,50,0,0,0,50
10/10/2018,EYW,FL,ASO,ES,Federal Contract Tower,34,11,5,0,50,0,3,12,0,15,34,14,17,0,65,0,0,0,65
10/11/2018,EYW,FL,ASO,ES,Federal Contract Tower,37,9,11,0,57,0,1,37,0,38,37,10,48,0,95,14,0,14,109
10/12/2018,EYW,FL,ASO,ES,Federal Contract Tower,39,12,15,0,66,0,2,77,2,81,39,14,92,2,147,8,0,8,155
10/13/2018,EYW,FL,ASO,ES,Federal Contract Tower,42,5,20,0,67,0,0,48,0,48,42,5,68,0,115,0,0,0,115
10/14/2018,EYW,FL,ASO,ES,Federal Contract Tower,45,5,27,0,77,0,0,70,0,70,45,5,97,0,147,12,0,12,159
10/15/2018,EYW,FL,ASO,ES,Federal Contract Tower,37,6,23,0,66,0,2,35,0,37,37,8,58,0,103,0,0,0,103
10/16/2018,EYW,FL,ASO,ES,Federal Contract Tower,33,8,14,0,55,0,0,24,0,24,33,8,38,0,79,8,0,8,87
10/17/2018,EYW,FL,ASO,ES,Federal Contract Tower,34,8,22,0,64,0,0,52,1,53,34,8,74,1,117,12,0,12,129
10/18/2018,EYW,FL,ASO,ES,Federal Contract Tower,39,13,23,0,75,0,0,58,0,58,39,13,81,0,133,6,0,6,139
10/19/2018,EYW,FL,ASO,ES,Federal Contract Tower,37,17,25,0,79,0,1,49,1,51,37,18,74,1,130,18,0,18,148
10/20/2018,EYW,FL,ASO,ES,Federal Contract Tower,42,4,32,0,78,0,0,89,0,89,42,4,121,0,167,8,0,8,175
10/21/2018,EYW,FL,ASO,ES,Federal Contract Tower,48,14,36,0,98,0,0,97,2,99,48,14,133,2,197,12,0,12,209
10/22/2018,EYW,FL,ASO,ES,Federal Contract Tower,37,4,26,0,67,0,0,55,0,55,37,4,81,0,122,2,0,2,124
10/23/2018,EYW,FL,ASO,ES,Federal Contract Tower,35,11,13,0,59,0,1,56,1,58,35,12,69,1,117,38,0,38,155
10/24/2018,EYW,FL,ASO,ES,Federal Contract Tower,42,16,29,0,87,0,2,50,0,52,42,18,79,0,139,10,0,10,149
10/25/2018,EYW,FL,ASO,ES,Federal Contract Tower,38,13,51,0,102,0,3,91,0,94,38,16,142,0,196,0,0,0,196
10/26/2018,EYW,FL,ASO,ES,Federal Contract Tower,39,20,34,0,93,0,1,84,0,85,39,21,118,0,178,0,0,0,178
10/27/2018,EYW,FL,ASO,ES,Federal Contract Tower,41,9,15,0,65,0,2,68,0,70,41,11,83,0,135,0,0,0,135
10/28/2018,EYW,FL,ASO,ES,Federal Contract Tower,49,14,68,0,131,0,6,122,3,131,49,20,190,3,262,26,0,26,288
10/29/2018,EYW,FL,ASO,ES,Federal Contract Tower,43,5,35,1,84,0,0,60,0,60,43,5,95,1,144,10,0,10,154
10/30/2018,EYW,FL,ASO,ES,Federal Contract Tower,36,8,8,0,52,0,1,52,3,56,36,9,60,3,108,12,0,12,120
10/31/2018,EYW,FL,ASO,ES,Federal Contract Tower,36,8,22,0,66,0,0,25,0,25,36,8,47,0,91,16,0,16,107
11/01/2018,EYW,FL,ASO,ES,Federal Contract Tower,35,9,22,0,66,0,3,38,1,42,35,12,60,1,108,14,0,14,122
11/02/2018,EYW,FL,ASO,ES,Federal Contract Tower,40,10,18,0,68,0,5,31,0,36,40,15,49,0,104,12,0,12,116
11/03/2018,EYW,FL,ASO,ES,Federal Contract Tower,41,10,21,0,72,0,4,14,3,21,41,14,35,3,93,0,0,0,93
11/04/2018,EYW,FL,ASO,ES,Federal Contract Tower,48,13,41,0,102,0,3,45,0,48,48,16,86,0,150,18,0,18,168
11/05/2018,EYW,FL,ASO,ES,Federal Contract Tower,39,10,17,0,66,0,2,60,0,62,39,12,77,0,128,14,0,14,142
11/06/2018,EYW,FL,ASO,ES,Federal Contract Tower,34,8,31,0,73,0,2,40,0,42,34,10,71,0,115,20,0,20,135
11/07/2018,EYW,FL,ASO,ES,Federal Contract Tower,35,6,30,0,71,0,0,68,0,68,35,6,98,0,139,6,0,6,145
11/08/2018,EYW,FL,ASO,ES,Federal Contract Tower,37,13,35,2,87,0,3,62,0,65,37,16,97,2,152,4,0,4,156
11/09/2018,EYW,FL,ASO,ES,Federal Contract Tower,36,25,44,1,106,0,1,96,2,99,36,26,140,3,205,4,0,4,209
11/10/2018,EYW,FL,ASO,ES,Federal Contract Tower,36,11,31,1,79,0,0,85,1,86,36,11,116,2,165,10,0,10,175
11/11/2018,EYW,FL,ASO,ES,Federal Contract Tower,45,19,61,1,126,0,3,116,0,119,45,22,177,1,245,2,0,2,247
11/12/2018,EYW,FL,ASO,ES,Federal Contract Tower,40,13,51,0,104,0,7,53,0,60,40,20,104,0,164,16,0,16,180
11/13/2018,EYW,FL,ASO,ES,Federal Contract Tower,37,13,21,0,71,0,3,39,1,43,37,16,60,1,114,14,0,14,128
11/14/2018,EYW,FL,ASO,ES,Federal Contract Tower,35,16,19,0,70,0,4,60,0,64,35,20,79,0,134,0,6,6,140
11/15/2018,EYW,FL,ASO,ES,Federal Contract Tower,35,7,29,0,71,0,0,26,0,26,35,7,55,0,97,2,0,2,99
11/16/2018,EYW,FL,ASO,ES,Federal Contract Tower,40,18,35,0,93,0,2,43,0,45,40,20,78,0,138,2,0,2,140
11/17/2018,EYW,FL,ASO,ES,Federal Contract Tower,34,10,37,0,81,0,0,30,0,30,34,10,67,0,111,14,0,14,125
11/18/2018,EYW,FL,ASO,ES,Federal Contract Tower,45,12,44,0,101,0,1,52,0,53,45,13,96,0,154,0,0,0,154
11/19/2018,EYW,FL,ASO,ES,Federal Contract Tower,33,12,29,0,74,0,0,58,0,58,33,12,87,0,132,4,0,4,136
11/20/2018,EYW,FL,ASO,ES,Federal Contract Tower,33,20,37,2,92,0,4,55,0,59,33,24,92,2,151,24,0,24,175
11/21/2018,EYW,FL,ASO,ES,Federal Contract Tower,35,13,33,0,81,0,1,53,4,58,35,14,86,4,139,12,0,12,151
11/22/2018,EYW,FL,ASO,ES,Federal Contract Tower,26,5,15,0,46,0,3,35,0,38,26,8,50,0,84,0,0,0,84
11/23/2018,EYW,FL,ASO,ES,Federal Contract Tower,34,17,30,0,81,0,1,65,0,66,34,18,95,0,147,2,0,2,149
11/24/2018,EYW,FL,ASO,ES,Federal Contract Tower,38,11,28,0,77,0,2,77,0,79,38,13,105,0,156,2,0,2,158
11/25/2018,EYW,FL,ASO,ES,Federal Contract Tower,43,11,46,1,101,0,0,82,0,82,43,11,128,1,183,28,0,28,211
11/26/2018,EYW,FL,ASO,ES,Federal Contract Tower,34,9,26,4,73,0,0,48,1,49,34,9,74,5,122,38,0,38,160
11/27/2018,EYW,FL,ASO,ES,Federal Contract Tower,36,10,18,1,65,0,1,40,0,41,36,11,58,1,106,0,0,0,106
11/28/2018,EYW,FL,ASO,ES,Federal Contract Tower,37,9,31,1,78,0,0,32,2,34,37,9,63,3,112,2,0,2,114
11/29/2018,EYW,FL,ASO,ES,Federal Contract Tower,39,13,17,5,74,0,2,57,0,59,39,15,74,5,133,32,0,32,165
11/30/2018,EYW,FL,ASO,ES,Federal Contract Tower,41,20,32,1,94,0,0,43,0,43,41,20,75,1,137,42,0,42,179
12/01/2018,EYW,FL,ASO,ES,Federal Contract Tower,41,10,34,2,87,0,1,52,0,53,41,11,86,2,140,10,0,10,150
12/02/2018,EYW,FL,ASO,ES,Federal Contract Tower,42,18,37,1,98,0,0,53,0,53,42,18,90,1,151,20,0,20,171
12/03/2018,EYW,FL,ASO,ES,Federal Contract Tower,36,9,12,1,58,0,1,42,0,43,36,10,54,1,101,50,0,50,151
12/04/2018,EYW,FL,ASO,ES,Federal Contract Tower,37,12,23,0,72,0,0,43,2,45,37,12,66,2,117,18,0,18,135
12/05/2018,EYW,FL,ASO,ES,Federal Contract Tower,39,12,37,0,88,0,3,28,8,39,39,15,65,8,127,22,0,22,149
12/06/2018,EYW,FL,ASO,ES,Federal Contract Tower,44,17,22,0,83,0,0,42,0,42,44,17,64,0,125,4,0,4,129
12/07/2018,EYW,FL,ASO,ES,Federal Contract Tower,42,20,23,2,87,0,10,54,1,65,42,30,77,3,152,24,0,24,176
12/08/2018,EYW,FL,ASO,ES,Federal Contract Tower,39,10,22,0,71,0,0,52,0,52,39,10,74,0,123,0,0,0,123
12/10/2018,EYW,FL,ASO,ES,Federal Contract Tower,38,14,30,0,82,0,4,32,2,38,38,18,62,2,120,2,0,2,122
12/11/2018,EYW,FL,ASO,ES,Federal Contract Tower,39,10,15,2,66,0,0,35,6,41,39,10,50,8,107,14,0,14,121
12/12/2018,EYW,FL,ASO,ES,Federal Contract Tower,39,10,20,0,69,0,0,32,0,32,39,10,52,0,101,12,0,12,113
12/13/2018,EYW,FL,ASO,ES,Federal Contract Tower,40,10,31,0,81,0,0,38,0,38,40,10,69,0,119,0,0,0,119
12/14/2018,EYW,FL,ASO,ES,Federal Contract Tower,41,14,21,3,79,0,0,57,1,58,41,14,78,4,137,36,0,36,173
12/15/2018,EYW,FL,ASO,ES,Federal Contract Tower,43,10,19,0,72,0,0,25,0,25,43,10,44,0,97,16,0,16,113
12/16/2018,EYW,FL,ASO,ES,Federal Contract Tower,46,5,31,0,82,0,2,55,0,57,46,7,86,0,139,2,0,2,141
12/17/2018,EYW,FL,ASO,ES,Federal Contract Tower,39,8,22,2,71,0,2,43,0,45,39,10,65,2,116,16,0,16,132
12/18/2018,EYW,FL,ASO,ES,Federal Contract Tower,39,18,18,0,75,0,1,66,2,69,39,19,84,2,144,18,0,18,162
12/19/2018,EYW,FL,ASO,ES,Federal Contract Tower,44,13,35,2,94,0,2,46,0,48,44,15,81,2,142,14,0,14,156
12/20/2018,EYW,FL,ASO,ES,Federal Contract Tower,36,8,4,0,48,0,3,3,1,7,36,11,7,1,55,0,0,0,55
12/21/2018,EYW,FL,ASO,ES,Federal Contract Tower,46,18,20,2,86,0,0,10,0,10,46,18,30,2,96,0,0,0,96
12/22/2018,EYW,FL,ASO,ES,Federal Contract Tower,53,12,34,2,101,0,2,46,0,48,53,14,80,2,149,4,0,4,153
12/23/2018,EYW,FL,ASO,ES,Federal Contract Tower,53,7,27,3,90,0,1,105,0,106,53,8,132,3,196,12,0,12,208
12/24/2018,EYW,FL,ASO,ES,Federal Contract Tower,44,7,19,0,70,0,3,67,0,70,44,10,86,0,140,6,0,6,146
12/25/2018,EYW,FL,ASO,ES,Federal Contract Tower,42,5,10,0,57,0,0,35,3,38,42,5,45,3,95,2,0,2,97
12/26/2018,EYW,FL,ASO,ES,Federal Contract Tower,55,17,38,1,111,0,5,67,0,72,55,22,105,1,183,0,0,0,183
12/27/2018,EYW,FL,ASO,ES,Federal Contract Tower,55,18,48,4,125,0,1,61,0,62,55,19,109,4,187,2,0,2,189
12/28/2018,EYW,FL,ASO,ES,Federal Contract Tower,50,31,57,0,138,0,2,110,0,112,50,33,167,0,250,28,0,28,278
12/29/2018,EYW,FL,ASO,ES,Federal Contract Tower,58,25,63,0,146,0,3,104,0,107,58,28,167,0,253,2,0,2,255
12/30/2018,EYW,FL,ASO,ES,Federal Contract Tower,56,23,49,0,128,0,1,109,0,110,56,24,158,0,238,12,0,12,250
12/31/2018,EYW,FL,ASO,ES,Federal Contract Tower,48,14,34,0,96,0,2,90,0,92,48,16,124,0,188,0,0,0,188
01/01/2019,EYW,FL,ASO,ES,Federal Contract Tower,49,13,43,0,105,0,1,85,0,86,49,14,128,0,191,0,0,0,191
01/02/2019,EYW,FL,ASO,ES,Federal Contract Tower,54,24,61,0,139,0,3,52,0,55,54,27,113,0,194,0,0,0,194
01/03/2019,EYW,FL,ASO,ES,Federal Contract Tower,54,23,29,0,106,0,0,80,0,80,54,23,109,0,186,6,0,6,192
01/04/2019,EYW,FL,ASO,ES,Federal Contract Tower,52,21,31,1,105,0,2,64,0,66,52,23,95,1,171,10,0,10,181
01/05/2019,EYW,FL,ASO,ES,Federal Contract Tower,61,16,35,0,112,0,4,49,3,56,61,20,84,3,168,8,0,8,176
01/06/2019,EYW,FL,ASO,ES,Federal Contract Tower,56,12,36,0,104,0,8,78,0,86,56,20,114,0,190,18,0,18,208
01/07/2019,EYW,FL,ASO,ES,Federal Contract Tower,46,7,23,0,76,0,3,60,0,63,46,10,83,0,139,30,0,30,169
01/08/2019,EYW,FL,ASO,ES,Federal Contract Tower,43,15,25,1,84,0,1,45,0,46,43,16,70,1,130,22,0,22,152
01/10/2019,EYW,FL,ASO,ES,Federal Contract Tower,47,14,27,0,88,0,4,32,0,36,47,18,59,0,124,4,0,4,128
01/11/2019,EYW,FL,ASO,ES,Federal Contract Tower,45,16,36,0,97,0,3,67,0,70,45,19,103,0,167,24,0,24,191
01/12/2019,EYW,FL,ASO,ES,Federal Contract Tower,47,10,22,0,79,0,1,57,3,61,47,11,79,3,140,4,0,4,144
01/13/2019,EYW,FL,ASO,ES,Federal Contract Tower,47,10,42,0,99,1,12,82,0,95,48,22,124,0,194,4,0,4,198
01/14/2019,EYW,FL,ASO,ES,Federal Contract Tower,45,9,21,0,75,0,5,31,0,36,45,14,52,0,111,6,0,6,117
01/15/2019,EYW,FL,ASO,ES,Federal Contract Tower,42,14,17,0,73,0,0,28,0,28,42,14,45,0,101,20,0,20,121
01/16/2019,EYW,FL,ASO,ES,Federal Contract Tower,49,11,20,0,80,0,4,38,8,50,49,15,58,8,130,0,0,0,130
01/18/2019,EYW,FL,ASO,ES,Federal Contract Tower,53,20,54,1,128,0,7,69,0,76,53,27,123,1,204,12,0,12,216
01/19/2019,EYW,FL,ASO,ES,Federal Contract Tower,49,11,38,1,99,0,3,69,0,72,49,14,107,1,171,46,0,46,217
01/20/2019,EYW,FL,ASO,ES,Federal Contract Tower,52,6,27,0,85,0,0,28,0,28,52,6,55,0,113,0,0,0,113
01/21/2019,EYW,FL,ASO,ES,Federal Contract Tower,46,19,40,0,105,0,1,44,0,45,46,20,84,0,150,10,0,10,160
01/22/2019,EYW,FL,ASO,ES,Federal Contract Tower,50,12,19,0,81,0,1,48,0,49,50,13,67,0,130,0,0,0,130
01/23/2019,EYW,FL,ASO,ES,Federal Contract Tower,50,13,22,1,86,0,3,63,1,67,50,16,85,2,153,2,0,2,155
01/24/2019,EYW,FL,ASO,ES,Federal Contract Tower,50,15,18,0,83,0,0,19,0,19,50,15,37,0,102,4,0,4,106
01/25/2019,EYW,FL,ASO,ES,Federal Contract Tower,49,15,38,0,102,0,7,18,0,25,49,22,56,0,127,0,0,0,127
01/26/2019,EYW,FL,ASO,ES,Federal Contract Tower,49,14,24,0,87,0,2,7,0,9,49,16,31,0,96,0,0,0,96
01/27/2019,EYW,FL,ASO,ES,Federal Contract Tower,47,7,36,0,90,0,0,2,0,2,47,7,38,0,92,0,0,0,92
01/28/2019,EYW,FL,ASO,ES,Federal Contract Tower,50,13,11,1,75,0,4,30,2,36,50,17,41,3,111,8,0,8,119
01/29/2019,EYW,FL,ASO,ES,Federal Contract Tower,42,20,30,1,93,0,45,31,0,76,42,65,61,1,169,38,6,44,213
01/30/2019,EYW,FL,ASO,ES,Federal Contract Tower,48,13,35,0,96,0,7,69,0,76,48,20,104,0,172,36,0,36,208
01/31/2019,EYW,FL,ASO,ES,Federal Contract Tower,47,12,34,0,93,0,2,75,0,77,47,14,109,0,170,14,0,14,184
02/01/2019,EYW,FL,ASO,ES,Federal Contract Tower,46,29,30,3,108,0,16,70,5,91,46,45,100,8,199,0,0,0,199
02/02/2019,EYW,FL,ASO,ES,Federal Contract Tower,50,12,36,0,98,0,5,34,0,39,50,17,70,0,137,0,0,0,137
02/03/2019,EYW,FL,ASO,ES,Federal Contract Tower,51,12,46,1,110,0,2,73,5,80,51,14,119,6,190,0,0,0,190
02/04/2019,EYW,FL,ASO,ES,Federal Contract Tower,48,16,36,0,100,0,0,29,0,29,48,16,65,0,129,24,0,24,153
02/05/2019,EYW,FL,ASO,ES,Federal Contract Tower,43,19,32,0,94,0,5,62,0,67,43,24,94,0,161,0,0,0,161
02/06/2019,EYW,FL,ASO,ES,Federal Contract Tower,48,26,46,0,120,0,5,74,0,79,48,31,120,0,199,0,0,0,199
02/07/2019,EYW,FL,ASO,ES,Federal Contract Tower,50,24,23,2,99,0,5,57,0,62,50,29,80,2,161,24,4,28,189
02/08/2019,EYW,FL,ASO,ES,Federal Contract Tower,48,25,47,0,120,0,3,54,0,57,48,28,101,0,177,12,0,12,189
02/09/2019,EYW,FL,ASO,ES,Federal Contract Tower,49,15,31,1,96,0,2,66,0,68,49,17,97,1,164,0,0,0,164
02/10/2019,EYW,FL,ASO,ES,Federal Contract Tower,51,13,42,0,106,0,0,74,0,74,51,13,116,0,180,0,0,0,180
02/11/2019,EYW,FL,ASO,ES,Federal Contract Tower,48,14,23,4,89,0,0,81,0,81,48,14,104,4,170,6,0,6,176
02/12/2019,EYW,FL,ASO,ES,Federal Contract Tower,41,19,28,1,89,0,1,53,0,54,41,20,81,1,143,44,0,44,187
02/13/2019,EYW,FL,ASO,ES,Federal Contract Tower,44,12,21,0,77,0,0,1,0,1,44,12,22,0,78,0,0,0,78
02/14/2019,EYW,FL,ASO,ES,Federal Contract Tower,57,12,35,0,104,0,1,69,0,70,57,13,104,0,174,0,0,0,174
02/15/2019,EYW,FL,ASO,ES,Federal Contract Tower,54,20,59,0,133,0,1,104,0,105,54,21,163,0,238,12,0,12,250
02/16/2019,EYW,FL,ASO,ES,Federal Contract Tower,57,12,57,0,126,0,2,98,0,100,57,14,155,0,226,12,0,12,238
02/17/2019,EYW,FL,ASO,ES,Federal Contract Tower,54,19,59,0,132,0,3,117,1,121,54,22,176,1,253,24,0,24,277
02/18/2019,EYW,FL,ASO,ES,Federal Contract Tower,54,15,40,0,109,0,3,87,0,90,54,18,127,0,199,4,0,4,203
02/19/2019,EYW,FL,ASO,ES,Federal Contract Tower,51,16,25,0,92,0,0,47,0,47,51,16,72,0,139,16,0,16,155
02/20/2019,EYW,FL,ASO,ES,Federal Contract Tower,52,13,38,1,104,0,0,62,2,64,52,13,100,3,168,0,0,0,168
02/21/2019,EYW,FL,ASO,ES,Federal Contract Tower,54,17,55,0,126,0,10,71,0,81,54,27,126,0,207,20,0,20,227
02/22/2019,EYW,FL,ASO,ES,Federal Contract Tower,49,19,35,1,104,0,0,120,1,121,49,19,155,2,225,4,4,8,233
02/23/2019,EYW,FL,ASO,ES,Federal Contract Tower,57,17,54,2,130,0,2,98,0,100,57,19,152,2,230,0,0,0,230
02/24/2019,EYW,FL,ASO,ES,Federal Contract Tower,54,17,47,0,118,0,3,132,2,137,54,20,179,2,255,20,0,20,275
02/25/2019,EYW,FL,ASO,ES,Federal Contract Tower,53,10,37,1,101,0,0,66,2,68,53,10,103,3,169,0,0,0,169
02/26/2019,EYW,FL,ASO,ES,Federal Contract Tower,50,12,26,0,88,0,2,58,1,61,50,14,84,1,149,32,0,32,181
02/27/2019,EYW,FL,ASO,ES,Federal Contract Tower,54,9,20,0,83,0,6,58,2,66,54,15,78,2,149,42,0,42,191
02/28/2019,EYW,FL,ASO,ES,Federal Contract Tower,55,10,36,1,102,0,2,81,3,86,55,12,117,4,188,62,8,70,258
03/01/2019,EYW,FL,ASO,ES,Federal Contract Tower,55,17,50,3,125,0,0,105,0,105,55,17,155,3,230,18,0,18,248
03/02/2019,EYW,FL,ASO,ES,Federal Contract Tower,61,15,35,0,111,0,1,113,4,118,61,16,148,4,229,42,16,58,287
03/03/2019,EYW,FL,ASO,ES,Federal Contract Tower,55,5,61,0,121,0,3,93,4,100,55,8,154,4,221,2,0,2,223
03/04/2019,EYW,FL,ASO,ES,Federal Contract Tower,55,17,24,0,96,1,11,53,6,71,56,28,77,6,167,2,0,2,169
03/05/2019,EYW,FL,ASO,ES,Federal Contract Tower,55,12,29,0,96,0,9,35,1,45,55,21,64,1,141,6,0,6,147
03/06/2019,EYW,FL,ASO,ES,Federal Contract Tower,57,13,26,0,96,0,8,24,0,32,57,21,50,0,128,0,0,0,128
03/07/2019,EYW,FL,ASO,ES,Federal Contract Tower,57,15,32,0,104,0,6,58,0,64,57,21,90,0,168,6,0,6,174
03/08/2019,EYW,FL,ASO,ES,Federal Contract Tower,54,10,37,0,101,0,5,104,0,109,54,15,141,0,210,0,0,0,210
03/09/2019,EYW,FL,ASO,ES,Federal Contract Tower,62,6,38,0,106,0,2,87,0,89,62,8,125,0,195,0,0,0,195
03/10/2019,EYW,FL,ASO,ES,Federal Contract Tower,56,6,71,0,133,0,7,110,0,117,56,13,181,0,250,4,0,4,254
03/11/2019,EYW,FL,ASO,ES,Federal Contract Tower,56,6,28,2,92,0,6,70,0,76,56,12,98,2,168,12,0,12,180
03/12/2019,EYW,FL,ASO,ES,Federal Contract Tower,54,14,33,0,101,0,1,53,0,54,54,15,86,0,155,16,0,16,171
03/13/2019,EYW,FL,ASO,ES,Federal Contract Tower,56,8,33,0,97,0,1,66,0,67,56,9,99,0,164,0,0,0,164
03/14/2019,EYW,FL,ASO,ES,Federal Contract Tower,55,15,22,4,96,0,8,73,1,82,55,23,95,5,178,6,0,6,184
03/15/2019,EYW,FL,ASO,ES,Federal Contract Tower,54,20,52,0,126,0,3,88,0,91,54,23,140,0,217,0,0,0,217
03/16/2019,EYW,FL,ASO,ES,Federal Contract Tower,61,15,70,0,146,0,0,75,2,77,61,15,145,2,223,12,0,12,235
03/17/2019,EYW,FL,ASO,ES,Federal Contract Tower,51,13,39,0,103,0,1,115,0,116,51,14,154,0,219,0,0,0,219
03/18/2019,EYW,FL,ASO,ES,Federal Contract Tower,56,12,40,0,108,0,2,87,0,89,56,14,127,0,197,44,0,44,241
03/19/2019,EYW,FL,ASO,ES,Federal Contract Tower,53,12,6,1,72,0,0,1,4,5,53,12,7,5,77,0,0,0,77
03/20/2019,EYW,FL,ASO,ES,Federal Contract Tower,52,10,54,0,116,0,0,60,0,60,52,10,114,0,176,0,0,0,176
03/21/2019,EYW,FL,ASO,ES,Federal Contract Tower,55,17,45,0,117,0,1,48,0,49,55,18,93,0,166,4,0,4,170
03/22/2019,EYW,FL,ASO,ES,Federal Contract Tower,56,19,42,0,117,0,3,114,5,122,56,22,156,5,239,14,0,14,253
03/23/2019,EYW,FL,ASO,ES,Federal Contract Tower,62,11,45,0,118,0,0,113,0,113,62,11,158,0,231,26,0,26,257
03/24/2019,EYW,FL,ASO,ES,Federal Contract Tower,58,21,61,0,140,0,1,119,0,120,58,22,180,0,260,0,0,0,260
03/25/2019,EYW,FL,ASO,ES,Federal Contract Tower,53,9,27,2,91,0,4,74,0,78,53,13,101,2,169,0,0,0,169
03/26/2019,EYW,FL,ASO,ES,Federal Contract Tower,56,21,34,6,117,0,0,78,0,78,56,21,112,6,195,12,0,12,207
03/27/2019,EYW,FL,ASO,ES,Federal Contract Tower,56,13,31,0,100,0,6,44,2,52,56,19,75,2,152,2,0,2,154
03/28/2019,EYW,FL,ASO,ES,Federal Contract Tower,53,14,37,0,104,0,4,41,0,45,53,18,78,0,149,10,0,10,159
03/29/2019,EYW,FL,ASO,ES,Federal Contract Tower,61,23,24,5,113,0,3,118,0,121,61,26,142,5,234,0,0,0,234
03/30/2019,EYW,FL,ASO,ES,Federal Contract Tower,63,16,30,1,110,0,2,102,0,104,63,18,132,1,214,10,0,10,224
03/31/2019,EYW,FL,ASO,ES,Federal Contract Tower,54,19,36,0,109,0,2,86,0,88,54,21,122,0,197,0,0,0,197
04/01/2019,EYW,FL,ASO,ES,Federal Contract Tower,55,13,24,2,94,0,1,89,0,90,55,14,113,2,184,14,0,14,198
04/02/2019,EYW,FL,ASO,ES,Federal Contract Tower,48,13,27,0,88,0,0,76,0,76,48,13,103,0,164,8,2,10,174
04/03/2019,EYW,FL,ASO,ES,Federal Contract Tower,48,11,40,2,101,0,0,58,0,58,48,11,98,2,159,28,0,28,187
04/05/2019,EYW,FL,ASO,ES,Federal Contract Tower,49,17,60,0,126,0,2,134,0,136,49,19,194,0,262,2,0,2,264
04/06/2019,EYW,FL,ASO,ES,Federal Contract Tower,59,14,41,0,114,0,0,122,0,122,59,14,163,0,236,14,0,14,250
04/07/2019,EYW,FL,ASO,ES,Federal Contract Tower,52,10,55,0,117,0,0,119,0,119,52,10,174,0,236,0,0,0,236
04/08/2019,EYW,FL,ASO,ES,Federal Contract Tower,47,15,25,0,87,0,1,91,0,92,47,16,116,0,179,0,0,0,179
04/09/2019,EYW,FL,ASO,ES,Federal Contract Tower,48,10,9,2,69,0,2,22,0,24,48,12,31,2,93,0,0,0,93
04/10/2019,EYW,FL,ASO,ES,Federal Contract Tower,48,14,34,0,96,0,5,49,1,55,48,19,83,1,151,10,0,10,161
04/11/2019,EYW,FL,ASO,ES,Federal Contract Tower,50,13,27,3,93,0,0,70,0,70,50,13,97,3,163,2,0,2,165
04/12/2019,EYW,FL,ASO,ES,Federal Contract Tower,39,16,33,6,94,0,9,75,0,84,39,25,108,6,178,0,0,0,178
04/13/2019,EYW,FL,ASO,ES,Federal Contract Tower,58,12,44,1,115,0,1,102,0,103,58,13,146,1,218,0,0,0,218
04/14/2019,EYW,FL,ASO,ES,Federal Contract Tower,45,12,53,0,110,0,1,92,0,93,45,13,145,0,203,0,0,0,203
04/15/2019,EYW,FL,ASO,ES,Federal Contract Tower,44,16,31,1,92,0,2,56,0,58,44,18,87,1,150,0,0,0,150
04/16/2019,EYW,FL,ASO,ES,Federal Contract Tower,49,11,27,0,87,0,0,65,2,67,49,11,92,2,154,2,0,2,156
04/17/2019,EYW,FL,ASO,ES,Federal Contract Tower,49,7,24,0,80,0,4,41,4,49,49,11,65,4,129,26,0,26,155
04/18/2019,EYW,FL,ASO,ES,Federal Contract Tower,48,16,37,0,101,0,6,55,0,61,48,22,92,0,162,0,0,0,162
04/19/2019,EYW,FL,ASO,ES,Federal Contract Tower,31,15,9,0,55,0,6,25,0,31,31,21,34,0,86,0,0,0,86
04/20/2019,EYW,FL,ASO,ES,Federal Contract Tower,58,8,44,0,110,0,2,77,2,81,58,10,121,2,191,12,0,12,203
04/21/2019,EYW,FL,ASO,ES,Federal Contract Tower,45,14,25,0,84,0,0,51,0,51,45,14,76,0,135,10,0,10,145
04/22/2019,EYW,FL,ASO,ES,Federal Contract Tower,46,16,37,0,99,0,4,54,3,61,46,20,91,3,160,12,0,12,172
04/23/2019,EYW,FL,ASO,ES,Federal Contract Tower,46,16,28,0,90,0,1,80,0,81,46,17,108,0,171,0,0,0,171
04/24/2019,EYW,FL,ASO,ES,Federal Contract Tower,47,19,24,2,92,0,1,52,0,53,47,20,76,2,145,0,0,0,145
04/25/2019,EYW,FL,ASO,ES,Federal Contract Tower,46,10,34,0,90,0,3,68,0,71,46,13,102,0,161,2,0,2,163
04/26/2019,EYW,FL,ASO,ES,Federal Contract Tower,47,23,36,0,106,0,1,81,0,82,47,24,117,0,188,0,0,0,188
04/27/2019,EYW,FL,ASO,ES,Federal Contract Tower,55,15,43,0,113,0,0,89,0,89,55,15,132,0,202,0,0,0,202
04/28/2019,EYW,FL,ASO,ES,Federal Contract Tower,49,13,43,0,105,0,0,121,0,121,49,13,164,0,226,0,0,0,226
04/29/2019,EYW,FL,ASO,ES,Federal Contract Tower,45,14,27,2,88,0,2,49,0,51,45,16,76,2,139,16,0,16,155
04/30/2019,EYW,FL,ASO,ES,Federal Contract Tower,47,16,20,2,85,0,0,74,1,75,47,16,94,3,160,4,0,4,164
05/01/2019,EYW,FL,ASO,ES,Federal Contract Tower,44,24,32,0,100,0,1,39,0,40,44,25,71,0,140,4,0,4,144
05/02/2019,EYW,FL,ASO,ES,Federal Contract Tower,44,9,36,0,89,0,0,53,0,53,44,9,89,0,142,0,0,0,142
05/03/2019,EYW,FL,ASO,ES,Federal Contract Tower,37,21,27,2,87,0,2,62,0,64,37,23,89,2,151,0,0,0,151
05/04/2019,EYW,FL,ASO,ES,Federal Contract Tower,48,6,28,0,82,0,0,46,0,46,48,6,74,0,128,12,0,12,140
05/05/2019,EYW,FL,ASO,ES,Federal Contract Tower,37,7,39,1,84,0,0,56,0,56,37,7,95,1,140,4,0,4,144
05/06/2019,EYW,FL,ASO,ES,Federal Contract Tower,44,13,31,1,89,0,2,58,2,62,44,15,89,3,151,0,0,0,151
05/07/2019,EYW,FL,ASO,ES,Federal Contract Tower,42,6,26,2,76,0,0,43,4,47,42,6,69,6,123,0,0,0,123
05/08/2019,EYW,FL,ASO,ES,Federal Contract Tower,41,8,30,4,83,0,4,50,0,54,41,12,80,4,137,0,0,0,137
05/09/2019,EYW,FL,ASO,ES,Federal Contract Tower,43,15,40,3,101,0,5,48,0,53,43,20,88,3,154,4,0,4,158
05/10/2019,EYW,FL,ASO,ES,Federal Contract Tower,41,16,43,1,101,0,0,48,0,48,41,16,91,1,149,24,0,24,173
05/11/2019,EYW,FL,ASO,ES,Federal Contract Tower,52,15,35,2,104,0,2,78,0,80,52,17,113,2,184,20,0,20,204
05/12/2019,EYW,FL,ASO,ES,Federal Contract Tower,42,6,39,0,87,0,0,45,0,45,42,6,84,0,132,0,0,0,132
05/13/2019,EYW,FL,ASO,ES,Federal Contract Tower,38,19,30,0,87,0,0,66,0,66,38,19,96,0,153,8,0,8,161
05/14/2019,EYW,FL,ASO,ES,Federal Contract Tower,41,13,20,0,74,0,0,38,0,38,41,13,58,0,112,0,0,0,112
05/15/2019,EYW,FL,ASO,ES,Federal Contract Tower,41,7,23,1,72,0,2,24,1,27,41,9,47,2,99,0,0,0,99
05/16/2019,EYW,FL,ASO,ES,Federal Contract Tower,39,16,18,0,73,0,0,22,0,22,39,16,40,0,95,0,0,0,95
05/17/2019,EYW,FL,ASO,ES,Federal Contract Tower,42,8,31,0,81,0,1,72,0,73,42,9,103,0,154,0,0,0,154
05/18/2019,EYW,FL,ASO,ES,Federal Contract Tower,48,7,33,0,88,0,2,87,2,91,48,9,120,2,179,0,0,0,179
05/19/2019,EYW,FL,ASO,ES,Federal Contract Tower,44,18,42,0,104,0,0,61,0,61,44,18,103,0,165,4,0,4,169
05/20/2019,EYW,FL,ASO,ES,Federal Contract Tower,41,5,31,4,81,0,0,51,0,51,41,5,82,4,132,2,0,2,134
05/21/2019,EYW,FL,ASO,ES,Federal Contract Tower,35,13,11,7,66,0,1,44,1,46,35,14,55,8,112,2,0,2,114
05/22/2019,EYW,FL,ASO,ES,Federal Contract Tower,41,8,24,0,73,0,3,36,0,39,41,11,60,0,112,0,0,0,112
05/23/2019,EYW,FL,ASO,ES,Federal Contract Tower,38,12,38,4,92,0,2,32,0,34,38,14,70,4,126,0,0,0,126
05/24/2019,EYW,FL,ASO,ES,Federal Contract Tower,40,17,46,2,105,0,0,75,0,75,40,17,121,2,180,2,0,2,182
05/25/2019,EYW,FL,ASO,ES,Federal Contract Tower,53,8,29,0,90,0,1,91,0,92,53,9,120,0,182,0,0,0,182
05/26/2019,EYW,FL,ASO,ES,Federal Contract Tower,41,6,30,0,77,0,2,78,0,80,41,8,108,0,157,0,0,0,157
05/27/2019,EYW,FL,ASO,ES,Federal Contract Tower,40,16,43,0,99,0,0,122,0,122,40,16,165,0,221,0,0,0,221
05/28/2019,EYW,FL,ASO,ES,Federal Contract Tower,39,6,28,2,75,0,2,47,3,52,39,8,75,5,127,0,0,0,127
05/29/2019,EYW,FL,ASO,ES,Federal Contract Tower,41,6,26,0,73,0,0,47,2,49,41,6,73,2,122,2,0,2,124
05/30/2019,EYW,FL,ASO,ES,Federal Contract Tower,40,17,26,0,83,0,6,26,0,32,40,23,52,0,115,2,0,2,117
05/31/2019,EYW,FL,ASO,ES,Federal Contract Tower,39,15,24,0,78,0,0,63,0,63,39,15,87,0,141,10,0,10,151
06/01/2019,EYW,FL,ASO,ES,Federal Contract Tower,50,8,41,0,99,0,2,84,2,88,50,10,125,2,187,0,0,0,187
06/02/2019,EYW,FL,ASO,ES,Federal Contract Tower,41,16,32,0,89,0,0,78,0,78,41,16,110,0,167,0,0,0,167
06/03/2019,EYW,FL,ASO,ES,Federal Contract Tower,37,5,14,0,56,0,2,44,0,46,37,7,58,0,102,10,0,10,112
06/04/2019,EYW,FL,ASO,ES,Federal Contract Tower,38,7,25,1,71,0,0,61,0,61,38,7,86,1,132,6,0,6,138
06/05/2019,EYW,FL,ASO,ES,Federal Contract Tower,41,5,17,2,65,0,1,34,0,35,41,6,51,2,100,6,0,6,106
06/06/2019,EYW,FL,ASO,ES,Federal Contract Tower,33,10,33,0,76,0,1,50,0,51,33,11,83,0,127,2,0,2,129
06/07/2019,EYW,FL,ASO,ES,Federal Contract Tower,32,11,22,1,66,0,1,46,1,48,32,12,68,2,114,2,0,2,116
06/08/2019,EYW,FL,ASO,ES,Federal Contract Tower,42,5,21,0,68,0,0,56,0,56,42,5,77,0,124,8,0,8,132
06/09/2019,EYW,FL,ASO,ES,Federal Contract Tower,36,7,27,0,70,0,0,60,0,60,36,7,87,0,130,0,0,0,130
06/10/2019,EYW,FL,ASO,ES,Federal Contract Tower,34,9,19,1,63,0,0,36,0,36,34,9,55,1,99,0,0,0,99
06/11/2019,EYW,FL,ASO,ES,Federal Contract Tower,37,11,21,0,69,0,0,53,2,55,37,11,74,2,124,0,0,0,124
06/12/2019,EYW,FL,ASO,ES,Federal Contract Tower,39,9,20,1,69,0,0,40,0,40,39,9,60,1,109,0,0,0,109
06/13/2019,EYW,FL,ASO,ES,Federal Contract Tower,37,8,38,0,83,0,2,43,1,46,37,10,81,1,129,0,0,0,129
06/14/2019,EYW,FL,ASO,ES,Federal Contract Tower,33,12,33,0,78,0,1,41,0,42,33,13,74,0,120,2,0,2,122
06/15/2019,EYW,FL,ASO,ES,Federal Contract Tower,43,9,29,2,83,0,5,44,0,49,43,14,73,2,132,34,0,34,166
06/16/2019,EYW,FL,ASO,ES,Federal Contract Tower,32,5,30,0,67,0,0,50,0,50,32,5,80,0,117,0,0,0,117
06/17/2019,EYW,FL,ASO,ES,Federal Contract Tower,31,6,21,0,58,0,0,56,0,56,31,6,77,0,114,0,0,0,114
06/18/2019,EYW,FL,ASO,ES,Federal Contract Tower,32,12,22,2,68,0,2,43,0,45,32,14,65,2,113,16,0,16,129
06/19/2019,EYW,FL,ASO,ES,Federal Contract Tower,26,9,20,0,55,0,0,28,0,28,26,9,48,0,83,12,0,12,95
06/20/2019,EYW,FL,ASO,ES,Federal Contract Tower,36,7,17,0,60,0,0,34,3,37,36,7,51,3,97,0,0,0,97
06/21/2019,EYW,FL,ASO,ES,Federal Contract Tower,35,20,35,2,92,0,0,2,52,54,35,20,37,54,146,6,0,6,152
06/22/2019,EYW,FL,ASO,ES,Federal Contract Tower,46,7,23,1,77,0,1,68,0,69,46,8,91,1,146,0,0,0,146
06/23/2019,EYW,FL,ASO,ES,Federal Contract Tower,39,9,35,1,84,0,0,93,0,93,39,9,128,1,177,0,0,0,177
06/24/2019,EYW,FL,ASO,ES,Federal Contract Tower,37,14,10,2,63,0,0,60,0,60,37,14,70,2,123,4,0,4,127
06/25/2019,EYW,FL,ASO,ES,Federal Contract Tower,37,7,10,0,54,0,3,46,3,52,37,10,56,3,106,4,0,4,110
06/26/2019,EYW,FL,ASO,ES,Federal Contract Tower,35,15,23,1,74,0,4,67,1,72,35,19,90,2,146,14,0,14,160
06/27/2019,EYW,FL,ASO,ES,Federal Contract Tower,33,11,20,0,64,0,7,33,0,40,33,18,53,0,104,4,0,4,108
06/28/2019,EYW,FL,ASO,ES,Federal Contract Tower,36,17,20,0,73,0,0,37,0,37,36,17,57,0,110,16,0,16,126
06/29/2019,EYW,FL,ASO,ES,Federal Contract Tower,45,5,18,0,68,0,2,26,0,28,45,7,44,0,96,0,0,0,96
06/30/2019,EYW,FL,ASO,ES,Federal Contract Tower,39,8,26,0,73,0,2,43,8,53,39,10,69,8,126,0,0,0,126
07/01/2019,EYW,FL,ASO,ES,Federal Contract Tower,38,2,15,0,55,0,2,33,0,35,38,4,48,0,90,6,0,6,96
07/02/2019,EYW,FL,ASO,ES,Federal Contract Tower,37,10,28,6,81,0,0,50,0,50,37,10,78,6,131,28,0,28,159
07/03/2019,EYW,FL,ASO,ES,Federal Contract Tower,39,11,26,0,76,0,4,53,0,57,39,15,79,0,133,0,0,0,133
07/04/2019,EYW,FL,ASO,ES,Federal Contract Tower,37,3,19,0,59,0,1,45,2,48,37,4,64,2,107,0,0,0,107
07/05/2019,EYW,FL,ASO,ES,Federal Contract Tower,35,12,26,1,74,0,0,51,0,51,35,12,77,1,125,0,0,0,125
07/06/2019,EYW,FL,ASO,ES,Federal Contract Tower,40,6,23,3,72,0,2,33,0,35,40,8,56,3,107,0,0,0,107
07/07/2019,EYW,FL,ASO,ES,Federal Contract Tower,40,10,38,1,89,0,0,40,0,40,40,10,78,1,129,0,0,0,129
07/08/2019,EYW,FL,ASO,ES,Federal Contract Tower,36,7,24,0,67,0,0,24,1,25,36,7,48,1,92,0,0,0,92
07/09/2019,EYW,FL,ASO,ES,Federal Contract Tower,36,10,9,0,55,0,0,8,0,8,36,10,17,0,63,0,2,2,65
07/10/2019,EYW,FL,ASO,ES,Federal Contract Tower,37,11,17,0,65,0,0,37,2,39,37,11,54,2,104,0,0,0,104
07/11/2019,EYW,FL,ASO,ES,Federal Contract Tower,39,13,26,0,78,0,0,25,0,25,39,13,51,0,103,0,0,0,103
07/12/2019,EYW,FL,ASO,ES,Federal Contract Tower,35,10,29,0,74,0,7,53,0,60,35,17,82,0,134,0,2,2,136
07/13/2019,EYW,FL,ASO,ES,Federal Contract Tower,49,6,21,0,76,0,0,43,0,43,49,6,64,0,119,2,0,2,121
07/14/2019,EYW,FL,ASO,ES,Federal Contract Tower,40,6,37,2,85,0,0,76,0,76,40,6,113,2,161,0,0,0,161
07/15/2019,EYW,FL,ASO,ES,Federal Contract Tower,37,6,17,0,60,0,0,52,1,53,37,6,69,1,113,0,0,0,113
07/16/2019,EYW,FL,ASO,ES,Federal Contract Tower,34,10,26,0,70,0,0,40,0,40,34,10,66,0,110,0,0,0,110
07/17/2019,EYW,FL,ASO,ES,Federal Contract Tower,35,14,22,0,71,0,3,54,0,57,35,17,76,0,128,0,0,0,128
07/18/2019,EYW,FL,ASO,ES,Federal Contract Tower,36,11,29,1,77,0,2,47,0,49,36,13,76,1,126,0,0,0,126
07/19/2019,EYW,FL,ASO,ES,Federal Contract Tower,34,13,26,0,73,0,4,61,2,67,34,17,87,2,140,10,0,10,150
07/20/2019,EYW,FL,ASO,ES,Federal Contract Tower,48,9,29,0,86,0,0,58,0,58,48,9,87,0,144,8,0,8,152
07/21/2019,EYW,FL,ASO,ES,Federal Contract Tower,39,8,25,0,72,0,0,78,0,78,39,8,103,0,150,0,0,0,150
07/22/2019,EYW,FL,ASO,ES,Federal Contract Tower,37,10,25,0,72,0,0,42,0,42,37,10,67,0,114,24,0,24,138
07/23/2019,EYW,FL,ASO,ES,Federal Contract Tower,34,9,29,0,72,0,0,69,3,72,34,9,98,3,144,30,0,30,174
07/24/2019,EYW,FL,ASO,ES,Federal Contract Tower,32,8,31,0,71,0,0,56,0,56,32,8,87,0,127,0,2,2,129
07/25/2019,EYW,FL,ASO,ES,Federal Contract Tower,35,8,23,0,66,0,0,33,0,33,35,8,56,0,99,22,0,22,121
07/26/2019,EYW,FL,ASO,ES,Federal Contract Tower,35,14,40,0,89,0,0,78,0,78,35,14,118,0,167,2,2,4,171
07/27/2019,EYW,FL,ASO,ES,Federal Contract Tower,48,10,32,0,90,0,0,77,0,77,48,10,109,0,167,8,0,8,175
07/28/2019,EYW,FL,ASO,ES,Federal Contract Tower,38,7,28,1,74,0,1,99,0,100,38,8,127,1,174,22,0,22,196
07/29/2019,EYW,FL,ASO,ES,Federal Contract Tower,38,8,20,0,66,0,0,58,0,58,38,8,78,0,124,34,0,34,158
07/30/2019,EYW,FL,ASO,ES,Federal Contract Tower,32,7,17,2,58,0,1,42,0,43,32,8,59,2,101,0,0,0,101
07/31/2019,EYW,FL,ASO,ES,Federal Contract Tower,34,7,18,0,59,0,0,39,0,39,34,7,57,0,98,26,0,26,124
08/01/2019,EYW,FL,ASO,ES,Federal Contract Tower,37,10,22,0,69,0,0,37,1,38,37,10,59,1,107,0,0,0,107
08/02/2019,EYW,FL,ASO,ES,Federal Contract Tower,37,15,19,0,71,0,0,18,2,20,37,15,37,2,91,8,0,8,99
08/03/2019,EYW,FL,ASO,ES,Federal Contract Tower,52,6,16,0,74,0,2,48,0,50,52,8,64,0,124,22,0,22,146
08/04/2019,EYW,FL,ASO,ES,Federal Contract Tower,38,13,22,0,73,0,0,67,0,67,38,13,89,0,140,12,0,12,152
08/05/2019,EYW,FL,ASO,ES,Federal Contract Tower,37,12,18,0,67,0,0,43,0,43,37,12,61,0,110,0,0,0,110
08/06/2019,EYW,FL,ASO,ES,Federal Contract Tower,37,12,6,0,55,0,1,40,1,42,37,13,46,1,97,24,0,24,121
08/07/2019,EYW,FL,ASO,ES,Federal Contract Tower,36,9,22,0,67,0,2,35,1,38,36,11,57,1,105,20,2,22,127
08/08/2019,EYW,FL,ASO,ES,Federal Contract Tower,37,9,22,0,68,0,1,33,0,34,37,10,55,0,102,12,0,12,114
08/09/2019,EYW,FL,ASO,ES,Federal Contract Tower,38,7,21,0,66,0,2,72,0,74,38,9,93,0,140,22,0,22,162
08/10/2019,EYW,FL,ASO,ES,Federal Contract Tower,48,13,18,0,79,0,1,40,0,41,48,14,58,0,120,0,0,0,120
08/11/2019,EYW,FL,ASO,ES,Federal Contract Tower,39,8,28,0,75,0,1,49,0,50,39,9,77,0,125,0,0,0,125
08/12/2019,EYW,FL,ASO,ES,Federal Contract Tower,35,7,10,1,53,0,0,31,0,31,35,7,41,1,84,28,0,28,112
08/13/2019,EYW,FL,ASO,ES,Federal Contract Tower,35,9,11,0,55,0,1,36,0,37,35,10,47,0,92,18,0,18,110
08/14/2019,EYW,FL,ASO,ES,Federal Contract Tower,29,12,10,0,51,0,2,40,1,43,29,14,50,1,94,24,0,24,118
08/15/2019,EYW,FL,ASO,ES,Federal Contract Tower,33,5,18,0,56,0,0,33,0,33,33,5,51,0,89,2,0,2,91
08/16/2019,EYW,FL,ASO,ES,Federal Contract Tower,35,17,26,0,78,0,1,42,0,43,35,18,68,0,121,2,0,2,123
08/17/2019,EYW,FL,ASO,ES,Federal Contract Tower,42,7,17,0,66,0,0,52,0,52,42,7,69,0,118,18,0,18,136
08/19/2019,EYW,FL,ASO,ES,Federal Contract Tower,36,5,19,0,60,0,0,29,0,29,36,5,48,0,89,0,0,0,89
08/20/2019,EYW,FL,ASO,ES,Federal Contract Tower,32,9,15,0,56,0,1,14,0,15,32,10,29,0,71,0,0,0,71
08/21/2019,EYW,FL,ASO,ES,Federal Contract Tower,28,9,7,1,45,0,1,25,0,26,28,10,32,1,71,6,0,6,77
08/22/2019,EYW,FL,ASO,ES,Federal Contract Tower,33,10,25,0,68,0,3,37,1,41,33,13,62,1,109,16,0,16,125
08/23/2019,EYW,FL,ASO,ES,Federal Contract Tower,35,12,29,0,76,0,1,47,1,49,35,13,76,1,125,0,0,0,125
08/24/2019,EYW,FL,ASO,ES,Federal Contract Tower,46,8,25,0,79,0,0,37,0,37,46,8,62,0,116,0,0,0,116
08/25/2019,EYW,FL,ASO,ES,Federal Contract Tower,38,15,20,0,73,0,0,35,0,35,38,15,55,0,108,14,0,14,122
08/26/2019,EYW,FL,ASO,ES,Federal Contract Tower,34,12,16,2,64,0,1,37,0,38,34,13,53,2,102,26,0,26,128
08/27/2019,EYW,FL,ASO,ES,Federal Contract Tower,32,13,13,1,59,0,0,51,0,51,32,13,64,1,110,22,0,22,132
08/28/2019,EYW,FL,ASO,ES,Federal Contract Tower,28,9,13,0,50,0,0,24,2,26,28,9,37,2,76,0,0,0,76
08/30/2019,EYW,FL,ASO,ES,Federal Contract Tower,35,9,12,0,56,0,3,14,0,17,35,12,26,0,73,0,0,0,73
08/31/2019,EYW,FL,ASO,ES,Federal Contract Tower,48,6,14,0,68,0,0,28,0,28,48,6,42,0,96,12,0,12,108
09/01/2019,EYW,FL,ASO,ES,Federal Contract Tower,30,5,13,0,48,0,0,38,0,38,30,5,51,0,86,6,0,6,92
09/05/2019,EYW,FL,ASO,ES,Federal Contract Tower,37,9,13,0,59,0,0,33,2,35,37,9,46,2,94,0,0,0,94
09/06/2019,EYW,FL,ASO,ES,Federal Contract Tower,39,16,33,0,88,0,6,20,0,26,39,22,53,0,114,6,0,6,120
09/07/2019,EYW,FL,ASO,ES,Federal Contract Tower,40,7,21,0,68,0,1,34,0,35,40,8,55,0,103,12,0,12,115
09/08/2019,EYW,FL,ASO,ES,Federal Contract Tower,40,7,33,0,80,0,0,48,0,48,40,7,81,0,128,0,0,0,128
09/09/2019,EYW,FL,ASO,ES,Federal Contract Tower,39,3,8,0,50,0,1,31,0,32,39,4,39,0,82,12,0,12,94
09/10/2019,EYW,FL,ASO,ES,Federal Contract Tower,33,10,5,0,48,0,1,18,0,19,33,11,23,0,67,14,0,14,81
09/11/2019,EYW,FL,ASO,ES,Federal Contract Tower,30,6,10,0,46,0,1,23,0,24,30,7,33,0,70,4,0,4,74
09/12/2019,EYW,FL,ASO,ES,Federal Contract Tower,37,14,18,0,69,0,0,30,0,30,37,14,48,0,99,2,0,2,101
09/13/2019,EYW,FL,ASO,ES,Federal Contract Tower,39,8,30,0,77,0,0,20,0,20,39,8,50,0,97,0,0,0,97
09/14/2019,EYW,FL,ASO,ES,Federal Contract Tower,41,4,12,0,57,0,0,17,0,17,41,4,29,0,74,0,0,0,74
09/15/2019,EYW,FL,ASO,ES,Federal Contract Tower,40,6,19,0,65,0,1,41,0,42,40,7,60,0,107,14,0,14,121
09/16/2019,EYW,FL,ASO,ES,Federal Contract Tower,39,5,15,2,61,0,0,25,0,25,39,5,40,2,86,6,0,6,92
09/17/2019,EYW,FL,ASO,ES,Federal Contract Tower,33,11,11,0,55,0,0,28,2,30,33,11,39,2,85,6,0,6,91
09/18/2019,EYW,FL,ASO,ES,Federal Contract Tower,31,17,15,3,66,0,2,28,1,31,31,19,43,4,97,8,0,8,105
09/19/2019,EYW,FL,ASO,ES,Federal Contract Tower,37,12,24,0,73,0,0,27,0,27,37,12,51,0,100,4,0,4,104
09/20/2019,EYW,FL,ASO,ES,Federal Contract Tower,36,14,21,0,71,0,0,37,0,37,36,14,58,0,108,0,0,0,108
09/21/2019,EYW,FL,ASO,ES,Federal Contract Tower,41,7,12,1,61,0,1,15,0,16,41,8,27,1,77,0,0,0,77
09/22/2019,EYW,FL,ASO,ES,Federal Contract Tower,41,6,25,1,73,0,3,20,0,23,41,9,45,1,96,0,0,0,96
09/23/2019,EYW,FL,ASO,ES,Federal Contract Tower,39,5,15,0,59,0,0,23,1,24,39,5,38,1,83,0,0,0,83
09/24/2019,EYW,FL,ASO,ES,Federal Contract Tower,34,9,15,0,58,0,0,39,0,39,34,9,54,0,97,22,0,22,119
09/25/2019,EYW,FL,ASO,ES,Federal Contract Tower,37,6,12,1,56,0,0,37,0,37,37,6,49,1,93,16,0,16,109
09/26/2019,EYW,FL,ASO,ES,Federal Contract Tower,36,8,29,0,73,0,2,26,0,28,36,10,55,0,101,6,0,6,107
09/27/2019,EYW,FL,ASO,ES,Federal Contract Tower,39,8,25,0,72,0,3,44,0,47,39,11,69,0,119,0,0,0,119
09/28/2019,EYW,FL,ASO,ES,Federal Contract Tower,41,9,18,0,68,0,0,36,0,36,41,9,54,0,104,0,0,0,104
09/29/2019,EYW,FL,ASO,ES,Federal Contract Tower,41,5,34,0,80,0,0,63,0,63,41,5,97,0,143,4,0,4,147
09/30/2019,EYW,FL,ASO,ES,Federal Contract Tower,38,11,22,0,71,0,0,46,0,46,38,11,68,0,117,6,0,6,123
10/01/2019,EYW,FL,ASO,ES,Federal Contract Tower,35,13,14,2,64,0,0,32,0,32,35,13,46,2,96,2,0,2,98
10/02/2019,EYW,FL,ASO,ES,Federal Contract Tower,33,10,6,0,49,0,0,16,0,16,33,10,22,0,65,8,2,10,75
10/03/2019,EYW,FL,ASO,ES,Federal Contract Tower,38,7,26,0,71,0,0,22,0,22,38,7,48,0,93,14,0,14,107
10/04/2019,EYW,FL,ASO,ES,Federal Contract Tower,39,14,16,2,71,0,0,36,3,39,39,14,52,5,110,2,0,2,112
10/05/2019,EYW,FL,ASO,ES,Federal Contract Tower,48,6,32,0,86,0,1,78,0,79,48,7,110,0,165,2,0,2,167
10/06/2019,EYW,FL,ASO,ES,Federal Contract Tower,41,4,29,0,74,0,2,41,0,43,41,6,70,0,117,10,0,10,127
10/07/2019,EYW,FL,ASO,ES,Federal Contract Tower,44,3,5,0,52,0,4,37,0,41,44,7,42,0,93,0,0,0,93
10/08/2019,EYW,FL,ASO,ES,Federal Contract Tower,37,6,10,0,53,0,0,13,2,15,37,6,23,2,68,0,0,0,68
10/09/2019,EYW,FL,ASO,ES,Federal Contract Tower,34,7,26,0,67,0,3,27,0,30,34,10,53,0,97,4,0,4,101
10/10/2019,EYW,FL,ASO,ES,Federal Contract Tower,35,14,17,0,66,0,0,30,0,30,35,14,47,0,96,6,0,6,102
10/11/2019,EYW,FL,ASO,ES,Federal Contract Tower,39,19,21,7,86,0,0,70,1,71,39,19,91,8,157,0,0,0,157
10/12/2019,EYW,FL,ASO,ES,Federal Contract Tower,47,4,24,0,75,0,3,49,0,52,47,7,73,0,127,0,0,0,127
10/13/2019,EYW,FL,ASO,ES,Federal Contract Tower,43,6,32,0,81,0,0,57,0,57,43,6,89,0,138,0,0,0,138
10/14/2019,EYW,FL,ASO,ES,Federal Contract Tower,40,15,21,0,76,0,0,22,0,22,40,15,43,0,98,2,0,2,100
10/15/2019,EYW,FL,ASO,ES,Federal Contract Tower,36,11,15,0,62,0,3,51,4,58,36,14,66,4,120,0,0,0,120
10/16/2019,EYW,FL,ASO,ES,Federal Contract Tower,36,12,13,0,61,0,0,53,2,55,36,12,66,2,116,6,0,6,122
10/17/2019,EYW,FL,ASO,ES,Federal Contract Tower,39,9,42,0,90,0,0,46,0,46,39,9,88,0,136,8,0,8,144
10/18/2019,EYW,FL,ASO,ES,Federal Contract Tower,40,14,37,0,91,0,4,58,0,62,40,18,95,0,153,2,0,2,155
10/19/2019,EYW,FL,ASO,ES,Federal Contract Tower,45,8,10,0,63,0,3,22,0,25,45,11,32,0,88,2,0,2,90
10/20/2019,EYW,FL,ASO,ES,Federal Contract Tower,41,10,48,0,99,0,2,67,0,69,41,12,115,0,168,2,0,2,170
10/21/2019,EYW,FL,ASO,ES,Federal Contract Tower,41,3,24,0,68,0,2,65,0,67,41,5,89,0,135,0,0,0,135
10/22/2019,EYW,FL,ASO,ES,Federal Contract Tower,31,15,18,2,66,0,0,89,0,89,31,15,107,2,155,6,0,6,161
10/23/2019,EYW,FL,ASO,ES,Federal Contract Tower,36,14,22,6,78,0,2,59,4,65,36,16,81,10,143,4,0,4,147
10/24/2019,EYW,FL,ASO,ES,Federal Contract Tower,39,16,42,0,97,0,11,44,0,55,39,27,86,0,152,20,0,20,172
10/25/2019,EYW,FL,ASO,ES,Federal Contract Tower,39,26,34,0,99,0,0,66,6,72,39,26,100,6,171,0,0,0,171
10/26/2019,EYW,FL,ASO,ES,Federal Contract Tower,46,10,38,0,94,0,0,55,2,57,46,10,93,2,151,2,0,2,153
10/27/2019,EYW,FL,ASO,ES,Federal Contract Tower,44,17,67,0,128,0,5,96,0,101,44,22,163,0,229,0,0,0,229
10/28/2019,EYW,FL,ASO,ES,Federal Contract Tower,42,11,35,0,88,0,6,34,2,42,42,17,69,2,130,2,0,2,132
10/29/2019,EYW,FL,ASO,ES,Federal Contract Tower,39,10,23,0,72,0,0,71,0,71,39,10,94,0,143,0,0,0,143
10/30/2019,EYW,FL,ASO,ES,Federal Contract Tower,36,11,23,0,70,0,0,45,0,45,36,11,68,0,115,2,0,2,117
10/31/2019,EYW,FL,ASO,ES,Federal Contract Tower,38,12,16,0,66,0,0,41,0,41,38,12,57,0,107,12,0,12,119
11/01/2019,EYW,FL,ASO,ES,Federal Contract Tower,42,15,27,0,84,0,2,46,0,48,42,17,73,0,132,0,0,0,132
11/02/2019,EYW,FL,ASO,ES,Federal Contract Tower,46,6,29,0,81,0,0,55,0,55,46,6,84,0,136,2,0,2,138
11/03/2019,EYW,FL,ASO,ES,Federal Contract Tower,41,11,25,0,77,0,4,43,0,47,41,15,68,0,124,22,0,22,146
11/04/2019,EYW,FL,ASO,ES,Federal Contract Tower,41,16,16,0,73,0,0,38,0,38,41,16,54,0,111,10,0,10,121
11/05/2019,EYW,FL,ASO,ES,Federal Contract Tower,35,16,18,0,69,0,1,28,0,29,35,17,46,0,98,14,0,14,112
11/06/2019,EYW,FL,ASO,ES,Federal Contract Tower,33,19,32,0,84,0,1,82,0,83,33,20,114,0,167,8,0,8,175
11/07/2019,EYW,FL,ASO,ES,Federal Contract Tower,41,9,36,0,86,0,3,48,6,57,41,12,84,6,143,6,0,6,149
11/08/2019,EYW,FL,ASO,ES,Federal Contract Tower,41,14,38,0,93,0,4,80,2,86,41,18,118,2,179,0,0,0,179
11/09/2019,EYW,FL,ASO,ES,Federal Contract Tower,44,10,21,0,75,0,4,22,0,26,44,14,43,0,101,6,0,6,107
11/10/2019,EYW,FL,ASO,ES,Federal Contract Tower,45,11,58,1,115,0,2,109,0,111,45,13,167,1,226,4,0,4,230
11/11/2019,EYW,FL,ASO,ES,Federal Contract Tower,38,20,51,1,110,0,7,70,0,77,38,27,121,1,187,14,0,14,201
11/12/2019,EYW,FL,ASO,ES,Federal Contract Tower,36,13,23,1,73,0,2,45,0,47,36,15,68,1,120,2,0,2,122
11/13/2019,EYW,FL,ASO,ES,Federal Contract Tower,33,18,23,0,74,0,1,32,0,33,33,19,55,0,107,7,0,7,114
11/14/2019,EYW,FL,ASO,ES,Federal Contract Tower,40,10,20,0,70,0,0,26,4,30,40,10,46,4,100,0,0,0,100
11/15/2019,EYW,FL,ASO,ES,Federal Contract Tower,41,16,31,2,90,0,0,27,2,29,41,16,58,4,119,0,0,0,119
11/16/2019,EYW,FL,ASO,ES,Federal Contract Tower,45,11,36,0,92,0,4,38,0,42,45,15,74,0,134,4,0,4,138
11/17/2019,EYW,FL,ASO,ES,Federal Contract Tower,43,9,40,0,92,0,0,28,0,28,43,9,68,0,120,2,0,2,122
11/18/2019,EYW,FL,ASO,ES,Federal Contract Tower,40,4,25,2,71,0,3,46,0,49,40,7,71,2,120,6,0,6,126
11/19/2019,EYW,FL,ASO,ES,Federal Contract Tower,37,11,24,0,72,0,4,67,0,71,37,15,91,0,143,20,0,20,163
11/20/2019,EYW,FL,ASO,ES,Federal Contract Tower,34,12,16,0,62,0,3,58,0,61,34,15,74,0,123,21,0,21,144
11/21/2019,EYW,FL,ASO,ES,Federal Contract Tower,46,12,27,1,86,0,0,52,2,54,46,12,79,3,140,4,0,4,144
11/22/2019,EYW,FL,ASO,ES,Federal Contract Tower,44,18,34,2,98,0,3,81,4,88,44,21,115,6,186,12,0,12,198
11/23/2019,EYW,FL,ASO,ES,Federal Contract Tower,54,11,35,4,104,0,4,48,0,52,54,15,83,4,156,0,0,0,156
11/24/2019,EYW,FL,ASO,ES,Federal Contract Tower,45,8,38,0,91,0,2,42,0,44,45,10,80,0,135,0,0,0,135
11/25/2019,EYW,FL,ASO,ES,Federal Contract Tower,45,8,32,0,85,0,2,50,0,52,45,10,82,0,137,2,0,2,139
11/26/2019,EYW,FL,ASO,ES,Federal Contract Tower,40,17,23,2,82,0,0,79,0,79,40,17,102,2,161,14,4,18,179
11/27/2019,EYW,FL,ASO,ES,Federal Contract Tower,43,15,20,0,78,0,0,64,0,64,43,15,84,0,142,10,0,10,152
11/28/2019,EYW,FL,ASO,ES,Federal Contract Tower,33,2,15,0,50,0,0,56,0,56,33,2,71,0,106,0,0,0,106
11/29/2019,EYW,FL,ASO,ES,Federal Contract Tower,45,11,37,0,93,0,4,93,0,97,45,15,130,0,190,0,0,0,190
11/30/2019,EYW,FL,ASO,ES,Federal Contract Tower,51,11,20,0,82,0,2,96,0,98,51,13,116,0,180,2,0,2,182
12/01/2019,EYW,FL,ASO,ES,Federal Contract Tower,49,16,47,0,112,0,6,101,0,107,49,22,148,0,219,0,0,0,219
12/02/2019,EYW,FL,ASO,ES,Federal Contract Tower,45,12,24,0,81,0,0,23,0,23,45,12,47,0,104,0,0,0,104
12/03/2019,EYW,FL,ASO,ES,Federal Contract Tower,40,9,24,0,73,0,1,47,0,48,40,10,71,0,121,8,0,8,129
12/04/2019,EYW,FL,ASO,ES,Federal Contract Tower,35,9,16,0,60,0,2,48,0,50,35,11,64,0,110,2,0,2,112
12/05/2019,EYW,FL,ASO,ES,Federal Contract Tower,46,11,20,1,78,0,3,66,2,71,46,14,86,3,149,14,2,16,165
12/06/2019,EYW,FL,ASO,ES,Federal Contract Tower,40,14,36,0,90,0,4,79,0,83,40,18,115,0,173,30,0,30,203
12/07/2019,EYW,FL,ASO,ES,Federal Contract Tower,49,6,18,0,73,0,0,78,0,78,49,6,96,0,151,2,0,2,153
12/08/2019,EYW,FL,ASO,ES,Federal Contract Tower,46,13,27,0,86,0,3,74,0,77,46,16,101,0,163,20,0,20,183
12/09/2019,EYW,FL,ASO,ES,Federal Contract Tower,41,8,22,2,73,0,1,60,0,61,41,9,82,2,134,6,0,6,140
12/10/2019,EYW,FL,ASO,ES,Federal Contract Tower,36,12,14,0,62,0,3,40,0,43,36,15,54,0,105,40,0,40,145
12/11/2019,EYW,FL,ASO,ES,Federal Contract Tower,34,9,24,1,68,0,3,41,2,46,34,12,65,3,114,4,0,4,118
12/12/2019,EYW,FL,ASO,ES,Federal Contract Tower,38,13,20,0,71,0,6,24,0,30,38,19,44,0,101,0,4,4,105
12/13/2019,EYW,FL,ASO,ES,Federal Contract Tower,39,12,23,0,74,0,4,47,0,51,39,16,70,0,125,22,2,24,149
12/14/2019,EYW,FL,ASO,ES,Federal Contract Tower,48,7,27,0,82,0,2,43,0,45,48,9,70,0,127,0,0,0,127
12/15/2019,EYW,FL,ASO,ES,Federal Contract Tower,46,13,40,0,99,0,7,69,0,76,46,20,109,0,175,0,0,0,175
12/16/2019,EYW,FL,ASO,ES,Federal Contract Tower,42,7,17,7,73,0,6,51,0,57,42,13,68,7,130,0,0,0,130
12/17/2019,EYW,FL,ASO,ES,Federal Contract Tower,34,15,20,1,70,0,2,56,1,59,34,17,76,2,129,4,4,8,137
12/18/2019,EYW,FL,ASO,ES,Federal Contract Tower,52,13,23,3,91,0,0,9,0,9,52,13,32,3,100,0,0,0,100
12/19/2019,EYW,FL,ASO,ES,Federal Contract Tower,57,13,16,0,86,0,0,0,0,0,57,13,16,0,86,0,0,0,86
12/20/2019,EYW,FL,ASO,ES,Federal Contract Tower,59,13,30,0,102,0,9,5,0,14,59,22,35,0,116,0,0,0,116
12/21/2019,EYW,FL,ASO,ES,Federal Contract Tower,66,11,30,0,107,0,4,9,0,13,66,15,39,0,120,0,0,0,120
12/22/2019,EYW,FL,ASO,ES,Federal Contract Tower,64,7,14,0,85,0,1,0,0,1,64,8,14,0,86,0,0,0,86
12/23/2019,EYW,FL,ASO,ES,Federal Contract Tower,60,11,34,0,105,0,1,19,0,20,60,12,53,0,125,2,0,2,127
12/24/2019,EYW,FL,ASO,ES,Federal Contract Tower,41,15,22,2,80,0,5,56,0,61,41,20,78,2,141,2,0,2,143
12/25/2019,EYW,FL,ASO,ES,Federal Contract Tower,46,5,10,0,61,0,0,30,0,30,46,5,40,0,91,0,0,0,91
12/26/2019,EYW,FL,ASO,ES,Federal Contract Tower,61,26,37,1,125,0,7,86,4,97,61,33,123,5,222,6,0,6,228
12/27/2019,EYW,FL,ASO,ES,Federal Contract Tower,60,29,55,0,144,0,2,52,0,54,60,31,107,0,198,2,2,4,202
12/28/2019,EYW,FL,ASO,ES,Federal Contract Tower,67,31,46,0,144,0,1,87,0,88,67,32,133,0,232,2,0,2,234
12/29/2019,EYW,FL,ASO,ES,Federal Contract Tower,63,15,50,0,128,0,10,95,0,105,63,25,145,0,233,6,0,6,239
12/30/2019,EYW,FL,ASO,ES,Federal Contract Tower,60,16,43,0,119,0,8,75,0,83,60,24,118,0,202,0,0,0,202
12/31/2019,EYW,FL,ASO,ES,Federal Contract Tower,52,15,37,0,104,0,4,46,0,50,52,19,83,0,154,2,0,2,156
01/01/2020,EYW,FL,ASO,ES,Federal Contract Tower,51,20,28,0,99,0,10,86,0,96,51,30,114,0,195,20,0,20,215
01/02/2020,EYW,FL,ASO,ES,Federal Contract Tower,60,24,47,2,133,0,6,81,0,87,60,30,128,2,220,0,0,0,220
01/03/2020,EYW,FL,ASO,ES,Federal Contract Tower,60,22,45,2,129,0,16,83,0,99,60,38,128,2,228,0,0,0,228
01/04/2020,EYW,FL,ASO,ES,Federal Contract Tower,64,10,33,0,107,0,6,77,0,83,64,16,110,0,190,6,0,6,196
01/05/2020,EYW,FL,ASO,ES,Federal Contract Tower,66,14,34,0,114,0,5,45,1,51,66,19,79,1,165,0,0,0,165
01/07/2020,EYW,FL,ASO,ES,Federal Contract Tower,49,15,37,2,103,0,0,84,0,84,49,15,121,2,187,10,0,10,197
01/08/2020,EYW,FL,ASO,ES,Federal Contract Tower,49,10,31,3,93,0,2,67,8,77,49,12,98,11,170,10,0,10,180
01/09/2020,EYW,FL,ASO,ES,Federal Contract Tower,57,8,30,1,96,0,3,18,0,21,57,11,48,1,117,10,4,14,131
01/10/2020,EYW,FL,ASO,ES,Federal Contract Tower,60,21,39,3,123,0,8,13,2,23,60,29,52,5,146,0,2,2,148
01/11/2020,EYW,FL,ASO,ES,Federal Contract Tower,64,8,29,2,103,0,2,53,0,55,64,10,82,2,158,2,0,2,160
01/12/2020,EYW,FL,ASO,ES,Federal Contract Tower,64,17,60,2,143,0,11,41,1,53,64,28,101,3,196,2,0,2,198
01/13/2020,EYW,FL,ASO,ES,Federal Contract Tower,59,9,32,0,100,0,1,50,0,51,59,10,82,0,151,0,0,0,151
01/14/2020,EYW,FL,ASO,ES,Federal Contract Tower,50,15,23,0,88,0,5,66,0,71,50,20,89,0,159,8,2,10,169
01/15/2020,EYW,FL,ASO,ES,Federal Contract Tower,51,18,32,2,103,0,10,54,0,64,51,28,86,2,167,16,2,18,185
01/16/2020,EYW,FL,ASO,ES,Federal Contract Tower,56,21,25,0,102,0,5,72,2,79,56,26,97,2,181,0,0,0,181
01/17/2020,EYW,FL,ASO,ES,Federal Contract Tower,59,21,47,0,127,0,2,66,0,68,59,23,113,0,195,0,0,0,195
01/18/2020,EYW,FL,ASO,ES,Federal Contract Tower,66,15,39,0,120,0,4,65,0,69,66,19,104,0,189,2,0,2,191
01/19/2020,EYW,FL,ASO,ES,Federal Contract Tower,61,17,45,0,123,0,3,90,0,93,61,20,135,0,216,14,0,14,230
01/20/2020,EYW,FL,ASO,ES,Federal Contract Tower,60,16,37,0,113,0,1,56,0,57,60,17,93,0,170,0,0,0,170
01/21/2020,EYW,FL,ASO,ES,Federal Contract Tower,51,18,22,0,91,0,6,15,0,21,51,24,37,0,112,0,0,0,112
01/22/2020,EYW,FL,ASO,ES,Federal Contract Tower,51,9,16,0,76,0,1,18,6,25,51,10,34,6,101,4,2,6,107
01/23/2020,EYW,FL,ASO,ES,Federal Contract Tower,58,10,30,0,98,0,3,41,0,44,58,13,71,0,142,0,0,0,142
01/24/2020,EYW,FL,ASO,ES,Federal Contract Tower,59,18,48,0,125,0,2,44,0,46,59,20,92,0,171,0,0,0,171
01/25/2020,EYW,FL,ASO,ES,Federal Contract Tower,68,12,30,0,110,0,3,75,0,78,68,15,105,0,188,6,0,6,194
01/26/2020,EYW,FL,ASO,ES,Federal Contract Tower,63,12,60,0,135,0,1,116,0,117,63,13,176,0,252,6,0,6,258
01/27/2020,EYW,FL,ASO,ES,Federal Contract Tower,59,9,21,0,89,0,2,41,2,45,59,11,62,2,134,2,0,2,136
01/28/2020,EYW,FL,ASO,ES,Federal Contract Tower,51,13,22,0,86,0,4,40,0,44,51,17,62,0,130,6,0,6,136
01/29/2020,EYW,FL,ASO,ES,Federal Contract Tower,48,22,26,0,96,0,7,61,0,68,48,29,87,0,164,38,0,38,202
01/30/2020,EYW,FL,ASO,ES,Federal Contract Tower,61,24,32,1,118,0,10,61,11,82,61,34,93,12,200,4,0,4,204
01/31/2020,EYW,FL,ASO,ES,Federal Contract Tower,58,18,37,0,113,0,5,71,0,76,58,23,108,0,189,0,0,0,189
02/01/2020,EYW,FL,ASO,ES,Federal Contract Tower,69,11,15,0,95,0,2,12,0,14,69,13,27,0,109,0,0,0,109
02/02/2020,EYW,FL,ASO,ES,Federal Contract Tower,62,14,35,0,111,0,3,75,0,78,62,17,110,0,189,0,0,0,189
02/03/2020,EYW,FL,ASO,ES,Federal Contract Tower,59,16,28,0,103,0,3,47,0,50,59,19,75,0,153,0,0,0,153
02/04/2020,EYW,FL,ASO,ES,Federal Contract Tower,50,12,23,2,87,0,0,55,4,59,50,12,78,6,146,0,0,0,146
02/05/2020,EYW,FL,ASO,ES,Federal Contract Tower,50,10,21,0,81,0,7,36,0,43,50,17,57,0,124,8,0,8,132
02/06/2020,EYW,FL,ASO,ES,Federal Contract Tower,52,15,26,0,93,0,11,30,0,41,52,26,56,0,134,6,0,6,140
02/07/2020,EYW,FL,ASO,ES,Federal Contract Tower,58,15,28,0,101,0,8,21,0,29,58,23,49,0,130,2,0,2,132
02/08/2020,EYW,FL,ASO,ES,Federal Contract Tower,67,9,32,0,108,0,2,45,1,48,67,11,77,1,156,0,0,0,156
02/09/2020,EYW,FL,ASO,ES,Federal Contract Tower,59,14,37,0,110,0,0,72,0,72,59,14,109,0,182,0,0,0,182
02/10/2020,EYW,FL,ASO,ES,Federal Contract Tower,59,11,21,4,95,0,2,22,0,24,59,13,43,4,119,0,0,0,119
02/11/2020,EYW,FL,ASO,ES,Federal Contract Tower,51,15,19,4,89,0,2,43,2,47,51,17,62,6,136,4,0,4,140
02/12/2020,EYW,FL,ASO,ES,Federal Contract Tower,51,20,50,0,121,0,2,64,1,67,51,22,114,1,188,10,0,10,198
02/13/2020,EYW,FL,ASO,ES,Federal Contract Tower,63,23,55,2,143,0,11,96,1,108,63,34,151,3,251,2,0,2,253
02/14/2020,EYW,FL,ASO,ES,Federal Contract Tower,62,21,44,0,127,0,7,75,0,82,62,28,119,0,209,0,2,2,211
02/15/2020,EYW,FL,ASO,ES,Federal Contract Tower,75,17,58,0,150,0,3,72,0,75,75,20,130,0,225,2,0,2,227
02/16/2020,EYW,FL,ASO,ES,Federal Contract Tower,66,16,63,0,145,0,7,89,0,96,66,23,152,0,241,4,0,4,245
02/17/2020,EYW,FL,ASO,ES,Federal Contract Tower,60,14,43,1,118,0,5,68,0,73,60,19,111,1,191,8,0,8,199
02/18/2020,EYW,FL,ASO,ES,Federal Contract Tower,58,22,42,2,124,0,0,75,1,76,58,22,117,3,200,0,0,0,200
02/19/2020,EYW,FL,ASO,ES,Federal Contract Tower,59,17,73,2,151,0,8,90,0,98,59,25,163,2,249,0,0,0,249
02/20/2020,EYW,FL,ASO,ES,Federal Contract Tower,59,22,41,0,122,0,7,60,0,67,59,29,101,0,189,0,0,0,189
02/21/2020,EYW,FL,ASO,ES,Federal Contract Tower,63,22,44,0,129,0,2,32,0,34,63,24,76,0,163,0,0,0,163
02/22/2020,EYW,FL,ASO,ES,Federal Contract Tower,75,16,32,0,123,0,3,41,0,44,75,19,73,0,167,2,0,2,169
02/23/2020,EYW,FL,ASO,ES,Federal Contract Tower,65,13,39,0,117,0,4,75,0,79,65,17,114,0,196,4,0,4,200
02/24/2020,EYW,FL,ASO,ES,Federal Contract Tower,64,7,33,1,105,0,6,54,0,60,64,13,87,1,165,2,2,4,169
02/25/2020,EYW,FL,ASO,ES,Federal Contract Tower,62,11,22,0,95,0,1,66,0,67,62,12,88,0,162,2,2,4,166
02/26/2020,EYW,FL,ASO,ES,Federal Contract Tower,57,14,16,0,87,0,2,52,0,54,57,16,68,0,141,12,14,26,167
02/27/2020,EYW,FL,ASO,ES,Federal Contract Tower,62,13,28,0,103,0,3,19,0,22,62,16,47,0,125,10,0,10,135
02/28/2020,EYW,FL,ASO,ES,Federal Contract Tower,63,15,52,0,130,0,4,53,0,57,63,19,105,0,187,0,0,0,187
02/29/2020,EYW,FL,ASO,ES,Federal Contract Tower,73,12,40,0,125,0,1,88,0,89,73,13,128,0,214,0,0,0,214
03/01/2020,EYW,FL,ASO,ES,Federal Contract Tower,64,16,63,0,143,0,1,86,1,88,64,17,149,1,231,6,0,6,237
03/02/2020,EYW,FL,ASO,ES,Federal Contract Tower,61,14,40,2,117,0,6,37,1,44,61,20,77,3,161,0,0,0,161
03/03/2020,EYW,FL,ASO,ES,Federal Contract Tower,64,13,37,0,114,0,5,54,1,60,64,18,91,1,174,0,0,0,174
03/04/2020,EYW,FL,ASO,ES,Federal Contract Tower,59,12,28,2,101,0,2,50,9,61,59,14,78,11,162,0,0,0,162
03/05/2020,EYW,FL,ASO,ES,Federal Contract Tower,65,12,38,0,115,0,0,62,2,64,65,12,100,2,179,8,0,8,187
03/06/2020,EYW,FL,ASO,ES,Federal Contract Tower,63,17,43,0,123,0,4,35,0,39,63,21,78,0,162,0,0,0,162
03/07/2020,EYW,FL,ASO,ES,Federal Contract Tower,78,13,25,2,118,0,0,50,6,56,78,13,75,8,174,0,0,0,174
03/08/2020,EYW,FL,ASO,ES,Federal Contract Tower,62,13,74,0,149,0,3,43,0,46,62,16,117,0,195,2,0,2,197
03/09/2020,EYW,FL,ASO,ES,Federal Contract Tower,61,8,19,0,88,0,1,19,0,20,61,9,38,0,108,2,0,2,110
03/10/2020,EYW,FL,ASO,ES,Federal Contract Tower,60,10,23,0,93,0,3,57,0,60,60,13,80,0,153,18,0,18,171
03/11/2020,EYW,FL,ASO,ES,Federal Contract Tower,59,9,28,0,96,0,5,61,6,72,59,14,89,6,168,0,0,0,168
03/12/2020,EYW,FL,ASO,ES,Federal Contract Tower,63,13,42,0,118,0,3,63,5,71,63,16,105,5,189,2,0,2,191
03/14/2020,EYW,FL,ASO,ES,Federal Contract Tower,76,16,72,2,166,0,1,98,0,99,76,17,170,2,265,2,0,2,267
03/15/2020,EYW,FL,ASO,ES,Federal Contract Tower,64,12,56,0,132,0,2,75,0,77,64,14,131,0,209,0,0,0,209
03/16/2020,EYW,FL,ASO,ES,Federal Contract Tower,62,12,41,0,115,0,0,52,0,52,62,12,93,0,167,2,0,2,169
03/17/2020,EYW,FL,ASO,ES,Federal Contract Tower,62,22,39,0,123,0,0,28,0,28,62,22,67,0,151,14,0,14,165
03/18/2020,EYW,FL,ASO,ES,Federal Contract Tower,61,13,17,0,91,0,0,34,0,34,61,13,51,0,125,8,0,8,133
03/19/2020,EYW,FL,ASO,ES,Federal Contract Tower,62,18,18,0,98,0,0,21,1,22,62,18,39,1,120,0,0,0,120
03/20/2020,EYW,FL,ASO,ES,Federal Contract Tower,61,22,17,0,100,0,2,10,5,17,61,24,27,5,117,4,4,8,125
03/21/2020,EYW,FL,ASO,ES,Federal Contract Tower,70,12,24,0,106,0,0,21,0,21,70,12,45,0,127,0,0,0,127
03/22/2020,EYW,FL,ASO,ES,Federal Contract Tower,53,7,21,0,81,0,1,20,0,21,53,8,41,0,102,0,0,0,102
03/23/2020,EYW,FL,ASO,ES,Federal Contract Tower,36,3,19,0,58,0,0,9,0,9,36,3,28,0,67,0,0,0,67
03/24/2020,EYW,FL,ASO,ES,Federal Contract Tower,37,11,13,0,61,0,0,10,0,10,37,11,23,0,71,26,0,26,97
03/25/2020,EYW,FL,ASO,ES,Federal Contract Tower,18,10,8,0,36,0,0,4,0,4,18,10,12,0,40,8,0,8,48
03/26/2020,EYW,FL,ASO,ES,Federal Contract Tower,16,6,9,0,31,0,0,5,0,5,16,6,14,0,36,2,0,2,38
03/27/2020,EYW,FL,ASO,ES,Federal Contract Tower,28,6,11,0,45,0,0,12,0,12,28,6,23,0,57,32,0,32,89
03/28/2020,EYW,FL,ASO,ES,Federal Contract Tower,30,5,11,0,46,0,0,9,0,9,30,5,20,0,55,12,0,12,67
03/29/2020,EYW,FL,ASO,ES,Federal Contract Tower,23,2,4,0,29,0,1,11,0,12,23,3,15,0,41,0,0,0,41
03/30/2020,EYW,FL,ASO,ES,Federal Contract Tower,16,4,13,0,33,0,0,9,0,9,16,4,22,0,42,6,0,6,48
03/31/2020,EYW,FL,ASO,ES,Federal Contract Tower,14,4,3,0,21,0,0,8,0,8,14,4,11,0,29,0,0,0,29
04/01/2020,EYW,FL,ASO,ES,Federal Contract Tower,22,10,0,0,32,0,0,0,0,0,22,10,0,0,32,0,0,0,32
04/02/2020,EYW,FL,ASO,ES,Federal Contract Tower,20,9,5,0,34,0,0,21,2,23,20,9,26,2,57,40,0,40,97
04/03/2020,EYW,FL,ASO,ES,Federal Contract Tower,18,4,3,0,25,0,2,11,0,13,18,6,14,0,38,6,0,6,44
04/04/2020,EYW,FL,ASO,ES,Federal Contract Tower,20,11,1,0,32,0,0,20,0,20,20,11,21,0,52,4,0,4,56
04/05/2020,EYW,FL,ASO,ES,Federal Contract Tower,12,8,11,0,31,0,0,18,0,18,12,8,29,0,49,4,0,4,53
04/06/2020,EYW,FL,ASO,ES,Federal Contract Tower,20,3,6,0,29,0,0,6,0,6,20,3,12,0,35,14,0,14,49
04/07/2020,EYW,FL,ASO,ES,Federal Contract Tower,14,10,15,0,39,0,0,10,0,10,14,10,25,0,49,2,0,2,51
04/08/2020,EYW,FL,ASO,ES,Federal Contract Tower,22,14,10,0,46,0,2,24,0,26,22,16,34,0,72,0,0,0,72
04/09/2020,EYW,FL,ASO,ES,Federal Contract Tower,18,4,10,0,32,0,0,8,0,8,18,4,18,0,40,4,0,4,44
04/10/2020,EYW,FL,ASO,ES,Federal Contract Tower,17,8,7,0,32,0,0,7,0,7,17,8,14,0,39,4,0,4,43
04/11/2020,EYW,FL,ASO,ES,Federal Contract Tower,12,3,11,0,26,0,0,17,0,17,12,3,28,0,43,10,0,10,53
04/12/2020,EYW,FL,ASO,ES,Federal Contract Tower,10,4,5,0,19,0,0,1,0,1,10,4,6,0,20,0,0,0,20
04/13/2020,EYW,FL,ASO,ES,Federal Contract Tower,19,3,13,0,35,0,0,8,0,8,19,3,21,0,43,10,0,10,53
04/14/2020,EYW,FL,ASO,ES,Federal Contract Tower,8,7,16,0,31,0,0,7,0,7,8,7,23,0,38,0,0,0,38
04/15/2020,EYW,FL,ASO,ES,Federal Contract Tower,15,7,9,0,31,0,0,7,2,9,15,7,16,2,40,0,0,0,40
04/16/2020,EYW,FL,ASO,ES,Federal Contract Tower,13,5,11,0,29,0,0,12,0,12,13,5,23,0,41,8,0,8,49
04/17/2020,EYW,FL,ASO,ES,Federal Contract Tower,16,5,14,0,35,0,0,7,0,7,16,5,21,0,42,26,0,26,68
04/18/2020,EYW,FL,ASO,ES,Federal Contract Tower,12,7,12,0,31,0,0,27,0,27,12,7,39,0,58,20,0,20,78
04/19/2020,EYW,FL,ASO,ES,Federal Contract Tower,12,0,22,0,34,0,0,17,0,17,12,0,39,0,51,2,0,2,53
04/20/2020,EYW,FL,ASO,ES,Federal Contract Tower,13,4,6,0,23,0,0,7,0,7,13,4,13,0,30,8,0,8,38
04/21/2020,EYW,FL,ASO,ES,Federal Contract Tower,11,5,4,0,20,0,0,9,0,9,11,5,13,0,29,2,0,2,31
04/22/2020,EYW,FL,ASO,ES,Federal Contract Tower,16,11,18,0,45,0,2,14,0,16,16,13,32,0,61,4,0,4,65
04/23/2020,EYW,FL,ASO,ES,Federal Contract Tower,16,4,7,0,27,0,0,9,2,11,16,4,16,2,38,0,0,0,38
04/24/2020,EYW,FL,ASO,ES,Federal Contract Tower,16,7,4,0,27,0,0,12,0,12,16,7,16,0,39,18,0,18,57
04/28/2020,EYW,FL,ASO,ES,Federal Contract Tower,8,7,16,0,31,0,0,18,2,20,8,7,34,2,51,2,2,4,55
04/29/2020,EYW,FL,ASO,ES,Federal Contract Tower,13,7,9,0,29,0,0,28,0,28,13,7,37,0,57,20,2,22,79
04/30/2020,EYW,FL,ASO,ES,Federal Contract Tower,14,11,7,0,32,0,4,8,0,12,14,15,15,0,44,0,0,0,44
05/01/2020,EYW,FL,ASO,ES,Federal Contract Tower,20,8,13,0,41,0,0,11,0,11,20,8,24,0,52,6,0,6,58
05/05/2020,EYW,FL,ASO,ES,Federal Contract Tower,10,8,11,0,29,0,0,22,0,22,10,8,33,0,51,4,0,4,55
05/06/2020,EYW,FL,ASO,ES,Federal Contract Tower,12,8,15,0,35,0,0,18,2,20,12,8,33,2,55,10,0,10,65
05/07/2020,EYW,FL,ASO,ES,Federal Contract Tower,10,10,9,0,29,0,1,16,0,17,10,11,25,0,46,4,0,4,50
05/08/2020,EYW,FL,ASO,ES,Federal Contract Tower,10,12,16,2,40,0,1,26,0,27,10,13,42,2,67,20,0,20,87
05/09/2020,EYW,FL,ASO,ES,Federal Contract Tower,8,7,26,0,41,0,2,50,0,52,8,9,76,0,93,28,0,28,121
05/10/2020,EYW,FL,ASO,ES,Federal Contract Tower,10,3,1,0,14,0,0,0,0,0,10,3,1,0,14,0,0,0,14
05/11/2020,EYW,FL,ASO,ES,Federal Contract Tower,12,10,6,0,28,0,0,3,0,3,12,10,9,0,31,0,0,0,31
05/12/2020,EYW,FL,ASO,ES,Federal Contract Tower,5,7,9,0,21,0,6,6,0,12,5,13,15,0,33,0,0,0,33
05/13/2020,EYW,FL,ASO,ES,Federal Contract Tower,9,10,4,0,23,0,0,2,0,2,9,10,6,0,25,6,0,6,31
05/14/2020,EYW,FL,ASO,ES,Federal Contract Tower,12,7,10,0,29,0,0,0,0,0,12,7,10,0,29,0,0,0,29
05/15/2020,EYW,FL,ASO,ES,Federal Contract Tower,12,21,11,0,44,0,0,2,0,2,12,21,13,0,46,0,0,0,46
05/16/2020,EYW,FL,ASO,ES,Federal Contract Tower,6,5,27,0,38,0,0,40,0,40,6,5,67,0,78,2,0,2,80
05/17/2020,EYW,FL,ASO,ES,Federal Contract Tower,10,5,18,0,33,0,1,17,0,18,10,6,35,0,51,40,0,40,91
05/18/2020,EYW,FL,ASO,ES,Federal Contract Tower,12,8,11,0,31,0,1,4,0,5,12,9,15,0,36,2,0,2,38
05/19/2020,EYW,FL,ASO,ES,Federal Contract Tower,5,9,19,0,33,0,1,7,0,8,5,10,26,0,41,8,0,8,49
05/20/2020,EYW,FL,ASO,ES,Federal Contract Tower,8,12,5,2,27,0,2,9,0,11,8,14,14,2,38,2,2,4,42
05/21/2020,EYW,FL,ASO,ES,Federal Contract Tower,12,13,24,0,49,0,4,16,0,20,12,17,40,0,69,2,2,4,73
05/22/2020,EYW,FL,ASO,ES,Federal Contract Tower,14,7,28,0,49,0,0,16,0,16,14,7,44,0,65,16,0,16,81
05/23/2020,EYW,FL,ASO,ES,Federal Contract Tower,8,3,11,2,24,0,1,15,0,16,8,4,26,2,40,2,0,2,42
05/24/2020,EYW,FL,ASO,ES,Federal Contract Tower,11,1,12,0,24,0,0,0,0,0,11,1,12,0,24,0,0,0,24
05/25/2020,EYW,FL,ASO,ES,Federal Contract Tower,13,1,5,0,19,0,0,1,0,1,13,1,6,0,20,2,0,2,22
05/26/2020,EYW,FL,ASO,ES,Federal Contract Tower,7,4,24,0,35,0,3,7,0,10,7,7,31,0,45,8,0,8,53
05/27/2020,EYW,FL,ASO,ES,Federal Contract Tower,12,9,13,0,34,0,2,17,0,19,12,11,30,0,53,2,0,2,55
05/28/2020,EYW,FL,ASO,ES,Federal Contract Tower,10,10,9,0,29,0,1,26,0,27,10,11,35,0,56,12,0,12,68
05/29/2020,EYW,FL,ASO,ES,Federal Contract Tower,10,9,23,0,42,0,0,13,0,13,10,9,36,0,55,2,0,2,57
05/30/2020,EYW,FL,ASO,ES,Federal Contract Tower,6,4,12,0,22,0,1,21,0,22,6,5,33,0,44,2,0,2,46
05/31/2020,EYW,FL,ASO,ES,Federal Contract Tower,10,5,13,0,28,0,0,39,0,39,10,5,52,0,67,6,0,6,73
06/01/2020,EYW,FL,ASO,ES,Federal Contract Tower,11,15,44,0,70,0,0,21,0,21,11,15,65,0,91,12,0,12,103
06/02/2020,EYW,FL,ASO,ES,Federal Contract Tower,9,10,30,0,49,0,6,6,0,12,9,16,36,0,61,10,0,10,71
06/03/2020,EYW,FL,ASO,ES,Federal Contract Tower,13,13,28,0,54,0,2,5,0,7,13,15,33,0,61,0,0,0,61
06/04/2020,EYW,FL,ASO,ES,Federal Contract Tower,16,13,27,0,56,0,0,7,0,7,16,13,34,0,63,0,0,0,63
06/05/2020,EYW,FL,ASO,ES,Federal Contract Tower,18,12,35,2,67,0,2,35,0,37,18,14,70,2,104,32,6,38,142
06/06/2020,EYW,FL,ASO,ES,Federal Contract Tower,16,7,17,0,40,0,1,20,0,21,16,8,37,0,61,8,0,8,69
06/07/2020,EYW,FL,ASO,ES,Federal Contract Tower,17,10,35,0,62,0,3,33,0,36,17,13,68,0,98,10,0,10,108
06/08/2020,EYW,FL,ASO,ES,Federal Contract Tower,17,7,24,0,48,0,6,32,0,38,17,13,56,0,86,22,2,24,110
06/09/2020,EYW,FL,ASO,ES,Federal Contract Tower,15,11,25,0,51,0,2,34,0,36,15,13,59,0,87,34,0,34,121
06/10/2020,EYW,FL,ASO,ES,Federal Contract Tower,16,14,30,0,60,0,3,25,0,28,16,17,55,0,88,12,0,12,100
06/11/2020,EYW,FL,ASO,ES,Federal Contract Tower,16,19,48,0,83,0,4,17,0,21,16,23,65,0,104,8,0,8,112
06/12/2020,EYW,FL,ASO,ES,Federal Contract Tower,19,19,63,0,101,0,6,61,0,67,19,25,124,0,168,22,0,22,190
06/13/2020,EYW,FL,ASO,ES,Federal Contract Tower,17,10,33,0,60,0,0,55,0,55,17,10,88,0,115,20,0,20,135
06/14/2020,EYW,FL,ASO,ES,Federal Contract Tower,19,16,54,0,89,0,6,63,0,69,19,22,117,0,158,12,0,12,170
06/15/2020,EYW,FL,ASO,ES,Federal Contract Tower,23,15,33,0,71,0,2,37,4,43,23,17,70,4,114,14,0,14,128
06/16/2020,EYW,FL,ASO,ES,Federal Contract Tower,19,15,30,2,66,0,1,29,0,30,19,16,59,2,96,2,0,2,98
06/17/2020,EYW,FL,ASO,ES,Federal Contract Tower,16,10,23,0,49,0,0,27,0,27,16,10,50,0,76,20,0,20,96
06/18/2020,EYW,FL,ASO,ES,Federal Contract Tower,25,13,38,0,76,0,1,31,0,32,25,14,69,0,108,0,0,0,108
06/19/2020,EYW,FL,ASO,ES,Federal Contract Tower,24,18,35,0,77,0,2,57,2,61,24,20,92,2,138,34,2,36,174
06/20/2020,EYW,FL,ASO,ES,Federal Contract Tower,27,9,29,0,65,0,3,81,0,84,27,12,110,0,149,10,0,10,159
06/21/2020,EYW,FL,ASO,ES,Federal Contract Tower,28,8,44,2,82,0,4,57,0,61,28,12,101,2,143,18,0,18,161
06/22/2020,EYW,FL,ASO,ES,Federal Contract Tower,24,11,29,0,64,0,0,47,0,47,24,11,76,0,111,54,0,54,165
06/23/2020,EYW,FL,ASO,ES,Federal Contract Tower,19,21,31,1,72,0,0,55,1,56,19,21,86,2,128,34,0,34,162
06/24/2020,EYW,FL,ASO,ES,Federal Contract Tower,19,11,26,0,56,0,1,55,0,56,19,12,81,0,112,40,0,40,152
06/25/2020,EYW,FL,ASO,ES,Federal Contract Tower,29,12,36,0,77,0,11,52,2,65,29,23,88,2,142,12,0,12,154
06/26/2020,EYW,FL,ASO,ES,Federal Contract Tower,27,9,43,0,79,0,6,55,0,61,27,15,98,0,140,0,0,0,140
06/27/2020,EYW,FL,ASO,ES,Federal Contract Tower,30,9,24,4,67,0,0,71,0,71,30,9,95,4,138,46,0,46,184
06/28/2020,EYW,FL,ASO,ES,Federal Contract Tower,28,9,43,0,80,0,4,94,0,98,28,13,137,0,178,30,0,30,208
06/29/2020,EYW,FL,ASO,ES,Federal Contract Tower,28,4,30,4,66,0,1,49,0,50,28,5,79,4,116,22,0,22,138
06/30/2020,EYW,FL,ASO,ES,Federal Contract Tower,24,11,32,0,67,0,0,44,0,44,24,11,76,0,111,24,0,24,135
07/01/2020,EYW,FL,ASO,ES,Federal Contract Tower,32,10,21,1,64,0,2,53,0,55,32,12,74,1,119,32,2,34,153
07/02/2020,EYW,FL,ASO,ES,Federal Contract Tower,37,9,42,0,88,0,0,55,0,55,37,9,97,0,143,2,0,2,145
07/03/2020,EYW,FL,ASO,ES,Federal Contract Tower,33,12,29,0,74,0,10,50,0,60,33,22,79,0,134,30,0,30,164
07/04/2020,EYW,FL,ASO,ES,Federal Contract Tower,25,1,18,0,44,0,0,51,0,51,25,1,69,0,95,14,0,14,109
07/05/2020,EYW,FL,ASO,ES,Federal Contract Tower,38,7,51,0,96,0,0,67,0,67,38,7,118,0,163,10,0,10,173
07/06/2020,EYW,FL,ASO,ES,Federal Contract Tower,34,6,24,5,69,0,4,43,1,48,34,10,67,6,117,12,0,12,129
07/07/2020,EYW,FL,ASO,ES,Federal Contract Tower,26,9,15,1,51,0,0,42,0,42,26,9,57,1,93,10,0,10,103
07/08/2020,EYW,FL,ASO,ES,Federal Contract Tower,26,10,23,0,59,0,2,50,1,53,26,12,73,1,112,22,0,22,134
07/09/2020,EYW,FL,ASO,ES,Federal Contract Tower,33,14,17,0,64,0,4,54,0,58,33,18,71,0,122,36,0,36,158
07/10/2020,EYW,FL,ASO,ES,Federal Contract Tower,31,16,26,0,73,1,15,48,0,64,32,31,74,0,137,4,4,8,145
07/11/2020,EYW,FL,ASO,ES,Federal Contract Tower,40,8,23,0,71,0,2,43,0,45,40,10,66,0,116,0,0,0,116
07/12/2020,EYW,FL,ASO,ES,Federal Contract Tower,34,5,22,0,61,0,8,47,0,55,34,13,69,0,116,0,0,0,116
07/13/2020,EYW,FL,ASO,ES,Federal Contract Tower,37,8,22,0,67,0,2,39,0,41,37,10,61,0,108,4,0,4,112
07/16/2020,EYW,FL,ASO,ES,Federal Contract Tower,33,13,21,0,67,0,0,29,2,31,33,13,50,2,98,2,0,2,100
07/17/2020,EYW,FL,ASO,ES,Federal Contract Tower,35,4,19,0,58,0,3,43,0,46,35,7,62,0,104,0,0,0,104
07/18/2020,EYW,FL,ASO,ES,Federal Contract Tower,39,4,16,0,59,0,6,22,0,28,39,10,38,0,87,0,0,0,87
07/19/2020,EYW,FL,ASO,ES,Federal Contract Tower,34,1,24,0,59,0,0,44,0,44,34,1,68,0,103,8,0,8,111
07/20/2020,EYW,FL,ASO,ES,Federal Contract Tower,35,8,19,6,68,0,9,33,0,42,35,17,52,6,110,0,0,0,110
07/21/2020,EYW,FL,ASO,ES,Federal Contract Tower,18,8,21,0,47,0,4,1,0,5,18,12,22,0,52,0,0,0,52
07/22/2020,EYW,FL,ASO,ES,Federal Contract Tower,25,10,13,0,48,0,2,13,0,15,25,12,26,0,63,32,0,32,95
07/23/2020,EYW,FL,ASO,ES,Federal Contract Tower,34,6,20,0,60,0,0,8,0,8,34,6,28,0,68,0,0,0,68
07/24/2020,EYW,FL,ASO,ES,Federal Contract Tower,33,15,26,4,78,0,3,52,0,55,33,18,78,4,133,0,0,0,133
07/25/2020,EYW,FL,ASO,ES,Federal Contract Tower,36,12,26,0,74,0,0,53,0,53,36,12,79,0,127,0,0,0,127
07/26/2020,EYW,FL,ASO,ES,Federal Contract Tower,34,8,33,0,75,0,0,73,0,73,34,8,106,0,148,12,0,12,160
07/27/2020,EYW,FL,ASO,ES,Federal Contract Tower,38,9,24,0,71,0,2,55,0,57,38,11,79,0,128,0,0,0,128
07/28/2020,EYW,FL,ASO,ES,Federal Contract Tower,18,14,38,0,70,0,0,76,0,76,18,14,114,0,146,0,0,0,146
07/29/2020,EYW,FL,ASO,ES,Federal Contract Tower,24,16,16,2,58,0,3,34,0,37,24,19,50,2,95,0,0,0,95
07/30/2020,EYW,FL,ASO,ES,Federal Contract Tower,29,16,26,2,73,0,5,48,0,53,29,21,74,2,126,8,0,8,134
07/31/2020,EYW,FL,ASO,ES,Federal Contract Tower,31,17,59,0,107,0,5,72,0,77,31,22,131,0,184,0,0,0,184
08/01/2020,EYW,FL,ASO,ES,Federal Contract Tower,34,2,15,0,51,0,0,34,1,35,34,2,49,1,86,0,0,0,86
08/02/2020,EYW,FL,ASO,ES,Federal Contract Tower,34,4,27,1,66,0,3,30,0,33,34,7,57,1,99,0,0,0,99
08/03/2020,EYW,FL,ASO,ES,Federal Contract Tower,34,11,38,0,83,0,4,30,1,35,34,15,68,1,118,18,0,18,136
08/04/2020,EYW,FL,ASO,ES,Federal Contract Tower,19,8,17,1,45,0,0,29,0,29,19,8,46,1,74,10,0,10,84
08/05/2020,EYW,FL,ASO,ES,Federal Contract Tower,23,10,15,0,48,0,0,48,1,49,23,10,63,1,97,0,0,0,97
08/06/2020,EYW,FL,ASO,ES,Federal Contract Tower,31,10,28,0,69,0,3,58,0,61,31,13,86,0,130,0,0,0,130
08/07/2020,EYW,FL,ASO,ES,Federal Contract Tower,30,18,44,0,92,0,1,52,0,53,30,19,96,0,145,2,0,2,147
08/08/2020,EYW,FL,ASO,ES,Federal Contract Tower,34,8,33,2,77,0,3,65,0,68,34,11,98,2,145,2,4,6,151
08/09/2020,EYW,FL,ASO,ES,Federal Contract Tower,32,5,41,0,78,0,0,94,0,94,32,5,135,0,172,14,0,14,186
08/10/2020,EYW,FL,ASO,ES,Federal Contract Tower,33,18,24,2,77,0,0,42,0,42,33,18,66,2,119,4,0,4,123
08/11/2020,EYW,FL,ASO,ES,Federal Contract Tower,18,8,21,0,47,0,0,46,0,46,18,8,67,0,93,10,0,10,103
08/12/2020,EYW,FL,ASO,ES,Federal Contract Tower,24,9,30,1,64,0,0,40,1,41,24,9,70,2,105,0,0,0,105
08/13/2020,EYW,FL,ASO,ES,Federal Contract Tower,32,11,32,0,75,0,4,58,0,62,32,15,90,0,137,0,0,0,137
08/14/2020,EYW,FL,ASO,ES,Federal Contract Tower,30,12,38,0,80,1,7,51,0,59,31,19,89,0,139,6,0,6,145
08/15/2020,EYW,FL,ASO,ES,Federal Contract Tower,32,12,28,2,74,0,0,82,0,82,32,12,110,2,156,0,0,0,156
08/16/2020,EYW,FL,ASO,ES,Federal Contract Tower,32,8,28,0,68,0,1,102,0,103,32,9,130,0,171,2,0,2,173
08/17/2020,EYW,FL,ASO,ES,Federal Contract Tower,28,6,16,0,50,0,0,44,0,44,28,6,60,0,94,14,0,14,108
08/18/2020,EYW,FL,ASO,ES,Federal Contract Tower,17,13,13,0,43,0,2,56,2,60,17,15,69,2,103,2,0,2,105
08/19/2020,EYW,FL,ASO,ES,Federal Contract Tower,23,22,15,0,60,0,0,50,2,52,23,22,65,2,112,42,0,42,154
08/20/2020,EYW,FL,ASO,ES,Federal Contract Tower,34,15,32,0,81,0,0,45,0,45,34,15,77,0,126,14,0,14,140
08/21/2020,EYW,FL,ASO,ES,Federal Contract Tower,30,15,20,0,65,0,0,57,0,57,30,15,77,0,122,26,0,26,148
08/22/2020,EYW,FL,ASO,ES,Federal Contract Tower,34,8,25,4,71,0,0,44,0,44,34,8,69,4,115,0,0,0,115
08/23/2020,EYW,FL,ASO,ES,Federal Contract Tower,34,13,25,0,72,0,3,23,0,26,34,16,48,0,98,0,0,0,98
08/24/2020,EYW,FL,ASO,ES,Federal Contract Tower,32,0,0,0,32,0,0,2,0,2,32,0,2,0,34,0,0,0,34
08/25/2020,EYW,FL,ASO,ES,Federal Contract Tower,16,8,9,0,33,0,0,8,0,8,16,8,17,0,41,0,0,0,41
08/26/2020,EYW,FL,ASO,ES,Federal Contract Tower,22,5,16,0,43,0,4,23,0,27,22,9,39,0,70,0,0,0,70
08/27/2020,EYW,FL,ASO,ES,Federal Contract Tower,34,11,21,0,66,0,2,64,0,66,34,13,85,0,132,4,0,4,136
08/28/2020,EYW,FL,ASO,ES,Federal Contract Tower,29,8,20,2,59,0,0,61,0,61,29,8,81,2,120,2,0,2,122
08/29/2020,EYW,FL,ASO,ES,Federal Contract Tower,33,11,17,3,64,0,0,68,2,70,33,11,85,5,134,0,0,0,134
08/30/2020,EYW,FL,ASO,ES,Federal Contract Tower,35,5,36,0,76,0,2,67,0,69,35,7,103,0,145,0,0,0,145
08/31/2020,EYW,FL,ASO,ES,Federal Contract Tower,32,6,18,2,58,0,0,28,0,28,32,6,46,2,86,4,0,4,90
09/01/2020,EYW,FL,ASO,ES,Federal Contract Tower,14,16,22,0,52,0,3,25,0,28,14,19,47,0,80,4,0,4,84
09/02/2020,EYW,FL,ASO,ES,Federal Contract Tower,19,8,11,2,40,0,0,29,0,29,19,8,40,2,69,0,0,0,69
09/03/2020,EYW,FL,ASO,ES,Federal Contract Tower,34,11,25,0,70,0,2,42,0,44,34,13,67,0,114,10,0,10,124
09/04/2020,EYW,FL,ASO,ES,Federal Contract Tower,34,11,36,0,81,0,4,49,0,53,34,15,85,0,134,2,0,2,136
09/05/2020,EYW,FL,ASO,ES,Federal Contract Tower,32,8,12,0,52,0,0,80,0,80,32,8,92,0,132,0,2,2,134
09/06/2020,EYW,FL,ASO,ES,Federal Contract Tower,32,5,16,0,53,0,0,34,0,34,32,5,50,0,87,0,0,0,87
09/07/2020,EYW,FL,ASO,ES,Federal Contract Tower,34,9,49,0,92,0,2,68,0,70,34,11,117,0,162,0,0,0,162
09/08/2020,EYW,FL,ASO,ES,Federal Contract Tower,16,6,27,0,49,0,0,19,0,19,16,6,46,0,68,12,0,12,80
09/09/2020,EYW,FL,ASO,ES,Federal Contract Tower,20,11,9,0,40,0,0,39,0,39,20,11,48,0,79,4,0,4,83
09/10/2020,EYW,FL,ASO,ES,Federal Contract Tower,32,13,19,2,66,0,4,40,2,46,32,17,59,4,112,0,0,0,112
09/11/2020,EYW,FL,ASO,ES,Federal Contract Tower,31,10,24,0,65,0,3,46,0,49,31,13,70,0,114,2,0,2,116
09/12/2020,EYW,FL,ASO,ES,Federal Contract Tower,29,8,8,0,45,0,0,1,0,1,29,8,9,0,46,0,0,0,46
09/13/2020,EYW,FL,ASO,ES,Federal Contract Tower,32,3,29,4,68,0,3,24,2,29,32,6,53,6,97,0,4,4,101
09/14/2020,EYW,FL,ASO,ES,Federal Contract Tower,31,11,5,0,47,0,0,30,0,30,31,11,35,0,77,6,0,6,83
09/15/2020,EYW,FL,ASO,ES,Federal Contract Tower,12,10,12,2,36,0,0,31,4,35,12,10,43,6,71,30,0,30,101
09/16/2020,EYW,FL,ASO,ES,Federal Contract Tower,20,10,9,0,39,0,0,24,0,24,20,10,33,0,63,4,0,4,67
09/17/2020,EYW,FL,ASO,ES,Federal Contract Tower,32,11,25,0,68,0,0,47,0,47,32,11,72,0,115,10,0,10,125
09/18/2020,EYW,FL,ASO,ES,Federal Contract Tower,28,16,30,0,74,0,0,52,0,52,28,16,82,0,126,0,0,0,126
09/19/2020,EYW,FL,ASO,ES,Federal Contract Tower,28,5,19,0,52,0,6,87,0,93,28,11,106,0,145,4,0,4,149
09/20/2020,EYW,FL,ASO,ES,Federal Contract Tower,33,8,40,0,81,0,2,70,0,72,33,10,110,0,153,22,0,22,175
09/21/2020,EYW,FL,ASO,ES,Federal Contract Tower,30,11,20,0,61,0,2,13,0,15,30,13,33,0,76,0,0,0,76
09/22/2020,EYW,FL,ASO,ES,Federal Contract Tower,12,10,26,0,48,0,2,28,0,30,12,12,54,0,78,2,0,2,80
09/23/2020,EYW,FL,ASO,ES,Federal Contract Tower,20,14,28,0,62,0,2,35,0,37,20,16,63,0,99,4,2,6,105
09/24/2020,EYW,FL,ASO,ES,Federal Contract Tower,31,16,28,1,76,0,0,21,0,21,31,16,49,1,97,4,0,4,101
09/25/2020,EYW,FL,ASO,ES,Federal Contract Tower,30,13,30,1,74,0,5,36,0,41,30,18,66,1,115,0,0,0,115
09/26/2020,EYW,FL,ASO,ES,Federal Contract Tower,27,10,21,0,58,0,2,56,0,58,27,12,77,0,116,8,0,8,124
09/27/2020,EYW,FL,ASO,ES,Federal Contract Tower,34,13,39,1,87,0,2,53,0,55,34,15,92,1,142,2,0,2,144
09/28/2020,EYW,FL,ASO,ES,Federal Contract Tower,30,12,30,0,72,0,2,40,0,42,30,14,70,0,114,2,0,2,116
09/29/2020,EYW,FL,ASO,ES,Federal Contract Tower,12,10,20,0,42,0,0,36,0,36,12,10,56,0,78,10,0,10,88
09/30/2020,EYW,FL,ASO,ES,Federal Contract Tower,20,10,18,0,48,0,0,22,0,22,20,10,40,0,70,0,0,0,70
10/01/2020,EYW,FL,ASO,ES,Federal Contract Tower,35,9,32,0,76,0,0,39,0,39,35,9,71,0,115,22,0,22,137
10/02/2020,EYW,FL,ASO,ES,Federal Contract Tower,34,16,18,0,68,0,0,16,0,16,34,16,34,0,84,6,0,6,90
10/03/2020,EYW,FL,ASO,ES,Federal Contract Tower,30,7,16,0,53,0,0,11,0,11,30,7,27,0,64,0,0,0,64
10/04/2020,EYW,FL,ASO,ES,Federal Contract Tower,40,8,34,0,82,0,2,29,0,31,40,10,63,0,113,0,0,0,113
10/05/2020,EYW,FL,ASO,ES,Federal Contract Tower,34,6,15,0,55,0,1,38,0,39,34,7,53,0,94,0,0,0,94
10/06/2020,EYW,FL,ASO,ES,Federal Contract Tower,16,10,21,0,47,0,1,24,0,25,16,11,45,0,72,0,0,0,72
10/07/2020,EYW,FL,ASO,ES,Federal Contract Tower,25,9,18,0,52,0,3,24,0,27,25,12,42,0,79,0,0,0,79
10/08/2020,EYW,FL,ASO,ES,Federal Contract Tower,39,11,24,4,78,0,1,54,0,55,39,12,78,4,133,20,0,20,153
10/09/2020,EYW,FL,ASO,ES,Federal Contract Tower,41,16,32,2,91,0,5,61,0,66,41,21,93,2,157,4,0,4,161
10/10/2020,EYW,FL,ASO,ES,Federal Contract Tower,35,7,39,0,81,0,2,100,0,102,35,9,139,0,183,4,0,4,187
10/11/2020,EYW,FL,ASO,ES,Federal Contract Tower,43,10,44,0,97,0,2,83,0,85,43,12,127,0,182,0,0,0,182
10/12/2020,EYW,FL,ASO,ES,Federal Contract Tower,36,10,31,0,77,0,2,48,0,50,36,12,79,0,127,0,4,4,131
10/13/2020,EYW,FL,ASO,ES,Federal Contract Tower,21,9,24,0,54,0,2,41,0,43,21,11,65,0,97,0,0,0,97
10/14/2020,EYW,FL,ASO,ES,Federal Contract Tower,26,14,33,0,73,0,1,65,0,66,26,15,98,0,139,4,0,4,143
10/15/2020,EYW,FL,ASO,ES,Federal Contract Tower,39,18,18,1,76,0,1,25,1,27,39,19,43,2,103,0,0,0,103
10/16/2020,EYW,FL,ASO,ES,Federal Contract Tower,41,17,28,0,86,0,2,40,2,44,41,19,68,2,130,6,0,6,136
10/17/2020,EYW,FL,ASO,ES,Federal Contract Tower,35,9,22,0,66,0,3,53,0,56,35,12,75,0,122,4,0,4,126
10/18/2020,EYW,FL,ASO,ES,Federal Contract Tower,43,11,21,0,75,0,1,51,0,52,43,12,72,0,127,12,0,12,139
10/19/2020,EYW,FL,ASO,ES,Federal Contract Tower,36,5,20,2,63,0,1,6,0,7,36,6,26,2,70,0,0,0,70
10/20/2020,EYW,FL,ASO,ES,Federal Contract Tower,18,10,34,0,62,0,4,1,0,5,18,14,35,0,67,0,0,0,67
10/21/2020,EYW,FL,ASO,ES,Federal Contract Tower,30,12,29,0,71,0,4,21,0,25,30,16,50,0,96,14,0,14,110
10/22/2020,EYW,FL,ASO,ES,Federal Contract Tower,39,15,42,2,98,0,2,20,1,23,39,17,62,3,121,6,0,6,127
10/23/2020,EYW,FL,ASO,ES,Federal Contract Tower,39,12,21,2,74,0,0,47,0,47,39,12,68,2,121,2,1,3,124
10/24/2020,EYW,FL,ASO,ES,Federal Contract Tower,32,8,23,0,63,0,3,58,0,61,32,11,81,0,124,30,0,30,154
10/25/2020,EYW,FL,ASO,ES,Federal Contract Tower,43,11,45,0,99,0,6,48,0,54,43,17,93,0,153,14,0,14,167
10/26/2020,EYW,FL,ASO,ES,Federal Contract Tower,36,6,26,0,68,0,1,41,0,42,36,7,67,0,110,22,0,22,132
10/27/2020,EYW,FL,ASO,ES,Federal Contract Tower,17,12,29,0,58,0,4,29,0,33,17,16,58,0,91,8,0,8,99
10/28/2020,EYW,FL,ASO,ES,Federal Contract Tower,26,8,31,0,65,0,2,35,0,37,26,10,66,0,102,0,0,0,102
10/29/2020,EYW,FL,ASO,ES,Federal Contract Tower,41,18,25,0,84,0,0,60,2,62,41,18,85,2,146,2,0,2,148
10/30/2020,EYW,FL,ASO,ES,Federal Contract Tower,38,15,41,0,94,0,4,39,0,43,38,19,80,0,137,0,0,0,137
10/31/2020,EYW,FL,ASO,ES,Federal Contract Tower,27,5,43,2,77,0,1,52,0,53,27,6,95,2,130,0,0,0,130
11/01/2020,EYW,FL,ASO,ES,Federal Contract Tower,41,15,52,0,108,0,0,76,0,76,41,15,128,0,184,0,0,0,184
11/02/2020,EYW,FL,ASO,ES,Federal Contract Tower,38,10,13,0,61,0,5,4,0,9,38,15,17,0,70,2,0,2,72
11/03/2020,EYW,FL,ASO,ES,Federal Contract Tower,18,10,12,2,42,0,0,8,0,8,18,10,20,2,50,0,0,0,50
11/04/2020,EYW,FL,ASO,ES,Federal Contract Tower,32,14,27,2,75,0,0,22,0,22,32,14,49,2,97,2,0,2,99
11/05/2020,EYW,FL,ASO,ES,Federal Contract Tower,47,15,31,1,94,0,6,34,0,40,47,21,65,1,134,10,0,10,144
11/06/2020,EYW,FL,ASO,ES,Federal Contract Tower,48,15,17,0,80,0,7,32,0,39,48,22,49,0,119,2,0,2,121
11/07/2020,EYW,FL,ASO,ES,Federal Contract Tower,45,12,9,0,66,0,5,4,0,9,45,17,13,0,75,0,0,0,75
11/08/2020,EYW,FL,ASO,ES,Federal Contract Tower,8,4,8,0,20,0,0,1,0,1,8,4,9,0,21,0,0,0,21
11/09/2020,EYW,FL,ASO,ES,Federal Contract Tower,10,4,2,0,16,0,0,2,0,2,10,4,4,0,18,0,0,0,18
11/10/2020,EYW,FL,ASO,ES,Federal Contract Tower,21,9,5,0,35,0,3,11,1,15,21,12,16,1,50,4,0,4,54
11/11/2020,EYW,FL,ASO,ES,Federal Contract Tower,32,7,9,0,48,0,0,3,0,3,32,7,12,0,51,0,0,0,51
11/12/2020,EYW,FL,ASO,ES,Federal Contract Tower,49,11,24,2,86,0,6,32,1,39,49,17,56,3,125,4,2,6,131
11/13/2020,EYW,FL,ASO,ES,Federal Contract Tower,52,17,46,0,115,0,0,47,0,47,52,17,93,0,162,2,0,2,164
11/14/2020,EYW,FL,ASO,ES,Federal Contract Tower,46,12,34,2,94,0,6,63,0,69,46,18,97,2,163,12,0,12,175
11/15/2020,EYW,FL,ASO,ES,Federal Contract Tower,53,19,33,0,105,0,2,80,2,84,53,21,113,2,189,12,0,12,201
11/16/2020,EYW,FL,ASO,ES,Federal Contract Tower,49,6,28,0,83,0,0,53,0,53,49,6,81,0,136,2,0,2,138
11/17/2020,EYW,FL,ASO,ES,Federal Contract Tower,23,12,27,3,65,0,0,32,1,33,23,12,59,4,98,0,2,2,100
11/18/2020,EYW,FL,ASO,ES,Federal Contract Tower,37,13,17,0,67,0,0,21,0,21,37,13,38,0,88,10,0,10,98
11/19/2020,EYW,FL,ASO,ES,Federal Contract Tower,54,14,30,0,98,0,1,20,0,21,54,15,50,0,119,2,0,2,121
11/20/2020,EYW,FL,ASO,ES,Federal Contract Tower,55,13,37,0,105,0,4,38,0,42,55,17,75,0,147,0,0,0,147
11/21/2020,EYW,FL,ASO,ES,Federal Contract Tower,49,12,36,0,97,0,7,47,0,54,49,19,83,0,151,0,0,0,151
11/22/2020,EYW,FL,ASO,ES,Federal Contract Tower,55,14,36,0,105,0,4,59,0,63,55,18,95,0,168,6,0,6,174
11/23/2020,EYW,FL,ASO,ES,Federal Contract Tower,44,10,35,0,89,0,2,41,0,43,44,12,76,0,132,4,0,4,136
11/24/2020,EYW,FL,ASO,ES,Federal Contract Tower,37,16,28,0,81,0,0,59,0,59,37,16,87,0,140,10,0,10,150
11/25/2020,EYW,FL,ASO,ES,Federal Contract Tower,45,25,32,0,102,0,8,51,0,59,45,33,83,0,161,0,0,0,161
11/26/2020,EYW,FL,ASO,ES,Federal Contract Tower,29,11,7,0,47,0,5,58,0,63,29,16,65,0,110,6,0,6,116
11/27/2020,EYW,FL,ASO,ES,Federal Contract Tower,44,15,29,0,88,0,9,77,0,86,44,24,106,0,174,5,0,5,179
11/28/2020,EYW,FL,ASO,ES,Federal Contract Tower,48,13,37,0,98,0,1,77,0,78,48,14,114,0,176,0,0,0,176
11/29/2020,EYW,FL,ASO,ES,Federal Contract Tower,56,16,57,0,129,0,0,106,0,106,56,16,163,0,235,0,0,0,235
11/30/2020,EYW,FL,ASO,ES,Federal Contract Tower,53,21,32,0,106,0,0,12,0,12,53,21,44,0,118,0,0,0,118
12/01/2020,EYW,FL,ASO,ES,Federal Contract Tower,27,11,16,0,54,0,1,21,0,22,27,12,37,0,76,8,0,8,84
12/02/2020,EYW,FL,ASO,ES,Federal Contract Tower,39,20,18,0,77,0,1,37,0,38,39,21,55,0,115,0,0,0,115
12/03/2020,EYW,FL,ASO,ES,Federal Contract Tower,54,17,46,0,117,0,2,55,5,62,54,19,101,5,179,0,0,0,179
12/04/2020,EYW,FL,ASO,ES,Federal Contract Tower,53,13,21,0,87,0,3,52,0,55,53,16,73,0,142,10,0,10,152
12/05/2020,EYW,FL,ASO,ES,Federal Contract Tower,44,14,34,0,92,0,0,60,0,60,44,14,94,0,152,4,0,4,156
12/07/2020,EYW,FL,ASO,ES,Federal Contract Tower,48,11,14,0,73,0,3,7,0,10,48,14,21,0,83,0,0,0,83
12/08/2020,EYW,FL,ASO,ES,Federal Contract Tower,24,18,22,0,64,0,3,19,0,22,24,21,41,0,86,4,2,6,92
12/09/2020,EYW,FL,ASO,ES,Federal Contract Tower,39,12,13,0,64,0,2,61,0,63,39,14,74,0,127,84,2,86,213
12/10/2020,EYW,FL,ASO,ES,Federal Contract Tower,51,18,27,0,96,0,4,53,0,57,51,22,80,0,153,6,0,6,159
12/11/2020,EYW,FL,ASO,ES,Federal Contract Tower,54,16,52,0,122,0,3,76,0,79,54,19,128,0,201,4,2,6,207
12/12/2020,EYW,FL,ASO,ES,Federal Contract Tower,50,10,24,0,84,0,0,56,0,56,50,10,80,0,140,2,0,2,142
12/13/2020,EYW,FL,ASO,ES,Federal Contract Tower,53,18,47,2,120,0,2,81,0,83,53,20,128,2,203,0,0,0,203
12/14/2020,EYW,FL,ASO,ES,Federal Contract Tower,50,14,30,4,98,0,0,31,0,31,50,14,61,4,129,12,0,12,141
12/15/2020,EYW,FL,ASO,ES,Federal Contract Tower,24,16,24,1,65,0,0,40,2,42,24,16,64,3,107,6,0,6,113
12/16/2020,EYW,FL,ASO,ES,Federal Contract Tower,39,11,26,0,76,0,4,27,4,35,39,15,53,4,111,4,0,4,115
12/17/2020,EYW,FL,ASO,ES,Federal Contract Tower,57,7,23,0,87,0,3,36,0,39,57,10,59,0,126,4,0,4,130
12/18/2020,EYW,FL,ASO,ES,Federal Contract Tower,67,12,36,0,115,0,4,59,0,63,67,16,95,0,178,2,5,7,185
12/19/2020,EYW,FL,ASO,ES,Federal Contract Tower,71,17,35,0,123,0,1,87,2,90,71,18,122,2,213,2,0,2,215
12/20/2020,EYW,FL,ASO,ES,Federal Contract Tower,69,10,38,1,118,0,4,63,0,67,69,14,101,1,185,14,0,14,199
12/21/2020,EYW,FL,ASO,ES,Federal Contract Tower,70,6,24,0,100,0,2,57,2,61,70,8,81,2,161,2,0,2,163
12/22/2020,EYW,FL,ASO,ES,Federal Contract Tower,69,16,23,2,110,0,0,69,0,69,69,16,92,2,179,10,0,10,189
12/23/2020,EYW,FL,ASO,ES,Federal Contract Tower,64,25,37,2,128,0,2,90,1,93,64,27,127,3,221,0,0,0,221
12/24/2020,EYW,FL,ASO,ES,Federal Contract Tower,47,13,12,0,72,0,1,59,0,60,47,14,71,0,132,10,0,10,142
12/25/2020,EYW,FL,ASO,ES,Federal Contract Tower,43,8,4,0,55,0,0,12,0,12,43,8,16,0,67,2,0,2,69
12/26/2020,EYW,FL,ASO,ES,Federal Contract Tower,67,40,76,0,183,0,2,107,0,109,67,42,183,0,292,0,0,0,292
12/27/2020,EYW,FL,ASO,ES,Federal Contract Tower,75,19,71,0,165,0,2,131,0,133,75,21,202,0,298,0,0,0,298
12/28/2020,EYW,FL,ASO,ES,Federal Contract Tower,67,12,56,0,135,0,2,71,0,73,67,14,127,0,208,4,0,4,212
12/29/2020,EYW,FL,ASO,ES,Federal Contract Tower,68,22,55,0,145,0,3,85,0,88,68,25,140,0,233,8,0,8,241
12/30/2020,EYW,FL,ASO,ES,Federal Contract Tower,63,15,78,0,156,0,3,64,0,67,63,18,142,0,223,0,0,0,223
12/31/2020,EYW,FL,ASO,ES,Federal Contract Tower,50,14,37,0,101,0,5,49,3,57,50,19,86,3,158,0,0,0,158
01/01/2021,EYW,FL,ASO,ES,Federal Contract Tower,60,19,40,0,119,0,1,55,0,56,60,20,95,0,175,0,0,0,175
01/02/2021,EYW,FL,ASO,ES,Federal Contract Tower,69,21,73,0,163,0,2,75,0,77,69,23,148,0,240,4,0,4,244
01/03/2021,EYW,FL,ASO,ES,Federal Contract Tower,73,26,88,0,187,0,4,70,2,76,73,30,158,2,263,18,4,22,285
01/04/2021,EYW,FL,ASO,ES,Federal Contract Tower,59,19,45,0,123,0,4,51,0,55,59,23,96,0,178,6,0,6,184
01/05/2021,EYW,FL,ASO,ES,Federal Contract Tower,50,17,35,0,102,0,0,79,0,79,50,17,114,0,181,2,0,2,183
01/06/2021,EYW,FL,ASO,ES,Federal Contract Tower,43,20,32,0,95,0,2,60,0,62,43,22,92,0,157,4,0,4,161
01/07/2021,EYW,FL,ASO,ES,Federal Contract Tower,60,16,33,0,109,0,0,45,0,45,60,16,78,0,154,4,0,4,158
01/08/2021,EYW,FL,ASO,ES,Federal Contract Tower,67,22,29,2,120,0,5,56,0,61,67,27,85,2,181,0,0,0,181
01/09/2021,EYW,FL,ASO,ES,Federal Contract Tower,58,22,40,0,120,1,2,62,0,65,59,24,102,0,185,6,0,6,191
01/10/2021,EYW,FL,ASO,ES,Federal Contract Tower,77,12,42,1,132,0,5,62,0,67,77,17,104,1,199,2,0,2,201
01/11/2021,EYW,FL,ASO,ES,Federal Contract Tower,58,17,32,0,107,0,2,42,1,45,58,19,74,1,152,18,0,18,170
01/12/2021,EYW,FL,ASO,ES,Federal Contract Tower,40,11,26,0,77,0,4,37,0,41,40,15,63,0,118,28,0,28,146
01/13/2021,EYW,FL,ASO,ES,Federal Contract Tower,42,19,32,2,95,0,3,32,0,35,42,22,64,2,130,6,0,6,136
01/14/2021,EYW,FL,ASO,ES,Federal Contract Tower,68,22,51,0,141,0,2,22,0,24,68,24,73,0,165,0,0,0,165
01/15/2021,EYW,FL,ASO,ES,Federal Contract Tower,62,21,33,1,117,0,9,79,1,89,62,30,112,2,206,36,6,42,248
01/16/2021,EYW,FL,ASO,ES,Federal Contract Tower,57,11,38,0,106,0,1,61,0,62,57,12,99,0,168,0,0,0,168
01/17/2021,EYW,FL,ASO,ES,Federal Contract Tower,60,20,40,2,122,0,0,109,0,109,60,20,149,2,231,8,0,8,239
01/18/2021,EYW,FL,ASO,ES,Federal Contract Tower,63,17,58,0,138,0,6,52,0,58,63,23,110,0,196,8,0,8,204
01/19/2021,EYW,FL,ASO,ES,Federal Contract Tower,45,13,35,0,93,0,2,41,0,43,45,15,76,0,136,0,0,0,136
01/20/2021,EYW,FL,ASO,ES,Federal Contract Tower,51,15,23,0,89,0,9,46,0,55,51,24,69,0,144,12,0,12,156
01/21/2021,EYW,FL,ASO,ES,Federal Contract Tower,60,22,27,1,110,0,6,55,5,66,60,28,82,6,176,16,0,16,192
01/22/2021,EYW,FL,ASO,ES,Federal Contract Tower,62,21,60,0,143,0,2,98,0,100,62,23,158,0,243,0,0,0,243
01/23/2021,EYW,FL,ASO,ES,Federal Contract Tower,58,12,38,2,110,0,1,75,0,76,58,13,113,2,186,8,0,8,194
01/24/2021,EYW,FL,ASO,ES,Federal Contract Tower,67,3,51,0,121,0,3,89,1,93,67,6,140,1,214,2,0,2,216
01/25/2021,EYW,FL,ASO,ES,Federal Contract Tower,60,7,49,0,116,0,4,43,0,47,60,11,92,0,163,0,0,0,163
01/26/2021,EYW,FL,ASO,ES,Federal Contract Tower,44,12,33,4,93,0,2,49,3,54,44,14,82,7,147,6,0,6,153
01/27/2021,EYW,FL,ASO,ES,Federal Contract Tower,46,10,27,1,84,0,6,50,8,64,46,16,77,9,148,24,0,24,172
01/28/2021,EYW,FL,ASO,ES,Federal Contract Tower,67,19,38,1,125,0,6,25,5,36,67,25,63,6,161,2,0,2,163
01/29/2021,EYW,FL,ASO,ES,Federal Contract Tower,58,21,43,1,123,1,9,79,0,89,59,30,122,1,212,0,4,4,216
01/30/2021,EYW,FL,ASO,ES,Federal Contract Tower,56,9,38,1,104,0,0,91,0,91,56,9,129,1,195,2,0,2,197
01/31/2021,EYW,FL,ASO,ES,Federal Contract Tower,67,20,81,0,168,0,2,107,0,109,67,22,188,0,277,0,0,0,277
02/01/2021,EYW,FL,ASO,ES,Federal Contract Tower,55,16,32,2,105,0,0,7,0,7,55,16,39,2,112,2,0,2,114
02/02/2021,EYW,FL,ASO,ES,Federal Contract Tower,40,14,22,0,76,0,3,9,0,12,40,17,31,0,88,0,0,0,88
02/03/2021,EYW,FL,ASO,ES,Federal Contract Tower,44,16,32,0,92,0,2,55,0,57,44,18,87,0,149,0,0,0,149
02/04/2021,EYW,FL,ASO,ES,Federal Contract Tower,59,19,42,0,120,0,6,70,0,76,59,25,112,0,196,40,0,40,236
02/05/2021,EYW,FL,ASO,ES,Federal Contract Tower,57,11,60,0,128,0,2,82,0,84,57,13,142,0,212,4,0,4,216
02/06/2021,EYW,FL,ASO,ES,Federal Contract Tower,59,6,55,0,120,0,4,66,0,70,59,10,121,0,190,14,0,14,204
02/07/2021,EYW,FL,ASO,ES,Federal Contract Tower,59,25,51,0,135,0,0,37,0,37,59,25,88,0,172,0,0,0,172
02/08/2021,EYW,FL,ASO,ES,Federal Contract Tower,62,15,56,2,135,0,1,45,0,46,62,16,101,2,181,20,0,20,201
02/09/2021,EYW,FL,ASO,ES,Federal Contract Tower,43,16,36,0,95,0,5,62,0,67,43,21,98,0,162,0,0,0,162
02/10/2021,EYW,FL,ASO,ES,Federal Contract Tower,58,26,36,1,121,0,5,77,3,85,58,31,113,4,206,0,0,0,206
02/11/2021,EYW,FL,ASO,ES,Federal Contract Tower,68,31,54,1,154,0,7,85,0,92,68,38,139,1,246,0,0,0,246
02/12/2021,EYW,FL,ASO,ES,Federal Contract Tower,66,20,85,4,175,0,2,60,0,62,66,22,145,4,237,0,0,0,237
02/13/2021,EYW,FL,ASO,ES,Federal Contract Tower,65,26,48,0,139,0,5,86,0,91,65,31,134,0,230,10,0,10,240
02/14/2021,EYW,FL,ASO,ES,Federal Contract Tower,71,17,57,0,145,0,11,116,0,127,71,28,173,0,272,2,0,2,274
02/15/2021,EYW,FL,ASO,ES,Federal Contract Tower,63,21,66,0,150,0,2,88,0,90,63,23,154,0,240,0,0,0,240
02/16/2021,EYW,FL,ASO,ES,Federal Contract Tower,45,14,39,0,98,0,0,19,0,19,45,14,58,0,117,6,0,6,123
02/17/2021,EYW,FL,ASO,ES,Federal Contract Tower,43,18,58,0,119,0,8,93,0,101,43,26,151,0,220,0,0,0,220
02/18/2021,EYW,FL,ASO,ES,Federal Contract Tower,59,20,50,1,130,0,8,100,0,108,59,28,150,1,238,30,0,30,268
02/20/2021,EYW,FL,ASO,ES,Federal Contract Tower,66,20,58,7,151,0,2,65,0,67,66,22,123,7,218,0,0,0,218
02/21/2021,EYW,FL,ASO,ES,Federal Contract Tower,72,17,63,0,152,0,3,69,0,72,72,20,132,0,224,0,0,0,224
02/22/2021,EYW,FL,ASO,ES,Federal Contract Tower,67,19,50,0,136,0,3,32,0,35,67,22,82,0,171,0,0,0,171
02/23/2021,EYW,FL,ASO,ES,Federal Contract Tower,49,19,32,0,100,0,5,57,0,62,49,24,89,0,162,18,0,18,180
02/24/2021,EYW,FL,ASO,ES,Federal Contract Tower,48,24,41,2,115,0,8,79,0,87,48,32,120,2,202,8,0,8,210
02/25/2021,EYW,FL,ASO,ES,Federal Contract Tower,71,37,54,0,162,0,8,106,0,114,71,45,160,0,276,28,0,28,304
02/26/2021,EYW,FL,ASO,ES,Federal Contract Tower,66,23,62,0,151,0,1,123,0,124,66,24,185,0,275,2,1,3,278
02/27/2021,EYW,FL,ASO,ES,Federal Contract Tower,66,22,60,1,149,0,3,141,7,151,66,25,201,8,300,14,0,14,314
02/28/2021,EYW,FL,ASO,ES,Federal Contract Tower,71,41,98,1,211,0,2,130,0,132,71,43,228,1,343,8,0,8,351
03/01/2021,EYW,FL,ASO,ES,Federal Contract Tower,66,20,38,2,126,0,1,56,7,64,66,21,94,9,190,18,0,18,208
03/02/2021,EYW,FL,ASO,ES,Federal Contract Tower,48,12,44,3,107,0,0,45,11,56,48,12,89,14,163,38,0,38,201
03/03/2021,EYW,FL,ASO,ES,Federal Contract Tower,54,20,41,1,116,0,14,57,3,74,54,34,98,4,190,20,0,20,210
03/04/2021,EYW,FL,ASO,ES,Federal Contract Tower,72,20,49,0,141,0,10,72,1,83,72,30,121,1,224,0,0,0,224
03/05/2021,EYW,FL,ASO,ES,Federal Contract Tower,71,24,61,8,164,0,1,109,0,110,71,25,170,8,274,0,0,0,274
03/06/2021,EYW,FL,ASO,ES,Federal Contract Tower,79,19,41,0,139,0,2,77,2,81,79,21,118,2,220,0,0,0,220
03/07/2021,EYW,FL,ASO,ES,Federal Contract Tower,81,32,79,0,192,0,6,104,2,112,81,38,183,2,304,0,0,0,304
03/08/2021,EYW,FL,ASO,ES,Federal Contract Tower,77,23,39,2,141,0,1,25,2,28,77,24,64,4,169,0,0,0,169
03/09/2021,EYW,FL,ASO,ES,Federal Contract Tower,63,13,25,1,102,0,2,19,2,23,63,15,44,3,125,0,0,0,125
03/10/2021,EYW,FL,ASO,ES,Federal Contract Tower,62,13,29,0,104,0,11,57,0,68,62,24,86,0,172,2,0,2,174
03/11/2021,EYW,FL,ASO,ES,Federal Contract Tower,81,12,43,0,136,0,1,63,0,64,81,13,106,0,200,8,0,8,208
03/12/2021,EYW,FL,ASO,ES,Federal Contract Tower,77,18,57,0,152,0,0,77,0,77,77,18,134,0,229,0,0,0,229
03/13/2021,EYW,FL,ASO,ES,Federal Contract Tower,85,23,60,2,170,0,1,80,0,81,85,24,140,2,251,8,0,8,259
03/14/2021,EYW,FL,ASO,ES,Federal Contract Tower,81,14,71,0,166,0,5,134,0,139,81,19,205,0,305,0,0,0,305
03/15/2021,EYW,FL,ASO,ES,Federal Contract Tower,71,24,29,0,124,0,2,60,0,62,71,26,89,0,186,10,0,10,196
03/16/2021,EYW,FL,ASO,ES,Federal Contract Tower,65,19,34,0,118,0,1,68,0,69,65,20,102,0,187,32,0,32,219
03/17/2021,EYW,FL,ASO,ES,Federal Contract Tower,62,21,40,0,123,0,7,98,3,108,62,28,138,3,231,0,0,0,231
03/18/2021,EYW,FL,ASO,ES,Federal Contract Tower,74,30,45,0,149,0,2,71,0,73,74,32,116,0,222,10,0,10,232
03/19/2021,EYW,FL,ASO,ES,Federal Contract Tower,74,22,57,0,153,0,2,44,0,46,74,24,101,0,199,0,0,0,199
03/20/2021,EYW,FL,ASO,ES,Federal Contract Tower,80,26,62,0,168,0,4,89,0,93,80,30,151,0,261,0,0,0,261
03/21/2021,EYW,FL,ASO,ES,Federal Contract Tower,85,16,62,0,163,0,3,71,0,74,85,19,133,0,237,0,0,0,237
03/22/2021,EYW,FL,ASO,ES,Federal Contract Tower,72,22,37,2,133,0,9,49,0,58,72,31,86,2,191,0,0,0,191
03/23/2021,EYW,FL,ASO,ES,Federal Contract Tower,61,24,25,1,111,0,4,68,0,72,61,28,93,1,183,16,0,16,199
03/24/2021,EYW,FL,ASO,ES,Federal Contract Tower,62,25,42,0,129,0,10,94,0,104,62,35,136,0,233,0,0,0,233
03/25/2021,EYW,FL,ASO,ES,Federal Contract Tower,82,25,49,0,156,0,7,85,0,92,82,32,134,0,248,0,0,0,248
03/26/2021,EYW,FL,ASO,ES,Federal Contract Tower,76,19,66,2,163,0,4,84,0,88,76,23,150,2,251,36,8,44,295
03/27/2021,EYW,FL,ASO,ES,Federal Contract Tower,81,22,60,2,165,0,4,98,0,102,81,26,158,2,267,0,0,0,267
03/28/2021,EYW,FL,ASO,ES,Federal Contract Tower,81,24,74,0,179,0,4,123,0,127,81,28,197,0,306,0,0,0,306
03/29/2021,EYW,FL,ASO,ES,Federal Contract Tower,72,22,43,0,137,0,2,69,0,71,72,24,112,0,208,20,0,20,228
03/30/2021,EYW,FL,ASO,ES,Federal Contract Tower,63,13,15,2,93,0,6,55,0,61,63,19,70,2,154,32,0,32,186
03/31/2021,EYW,FL,ASO,ES,Federal Contract Tower,71,26,40,0,137,0,5,72,0,77,71,31,112,0,214,4,0,4,218
04/01/2021,EYW,FL,ASO,ES,Federal Contract Tower,72,29,39,0,140,0,7,65,0,72,72,36,104,0,212,2,0,2,214
04/02/2021,EYW,FL,ASO,ES,Federal Contract Tower,77,23,31,0,131,0,2,23,0,25,77,25,54,0,156,0,0,0,156
04/03/2021,EYW,FL,ASO,ES,Federal Contract Tower,80,17,50,0,147,0,2,37,0,39,80,19,87,0,186,0,0,0,186
04/04/2021,EYW,FL,ASO,ES,Federal Contract Tower,85,20,43,0,148,0,2,47,2,51,85,22,90,2,199,0,0,0,199
04/05/2021,EYW,FL,ASO,ES,Federal Contract Tower,78,21,39,0,138,0,3,67,0,70,78,24,106,0,208,0,0,0,208
04/06/2021,EYW,FL,ASO,ES,Federal Contract Tower,64,15,37,0,116,0,5,43,3,51,64,20,80,3,167,16,0,16,183
04/07/2021,EYW,FL,ASO,ES,Federal Contract Tower,68,31,40,0,139,0,9,78,0,87,68,40,118,0,226,24,0,24,250
04/08/2021,EYW,FL,ASO,ES,Federal Contract Tower,72,19,34,0,125,0,6,82,0,88,72,25,116,0,213,4,0,4,217
04/09/2021,EYW,FL,ASO,ES,Federal Contract Tower,85,20,35,0,140,0,2,106,1,109,85,22,141,1,249,2,0,2,251
04/10/2021,EYW,FL,ASO,ES,Federal Contract Tower,80,23,49,0,152,0,4,78,0,82,80,27,127,0,234,0,0,0,234
04/11/2021,EYW,FL,ASO,ES,Federal Contract Tower,36,25,45,0,106,0,4,70,0,74,36,29,115,0,180,18,0,18,198
04/12/2021,EYW,FL,ASO,ES,Federal Contract Tower,87,30,47,0,164,0,4,41,1,46,87,34,88,1,210,26,0,26,236
04/13/2021,EYW,FL,ASO,ES,Federal Contract Tower,68,11,30,0,109,0,4,65,2,71,68,15,95,2,180,26,2,28,208
04/14/2021,EYW,FL,ASO,ES,Federal Contract Tower,67,19,43,0,129,0,1,79,0,80,67,20,122,0,209,6,0,6,215
04/15/2021,EYW,FL,ASO,ES,Federal Contract Tower,80,27,55,1,163,0,7,79,3,89,80,34,134,4,252,16,0,16,268
04/16/2021,EYW,FL,ASO,ES,Federal Contract Tower,79,18,61,0,158,0,4,78,2,84,79,22,139,2,242,0,0,0,242
04/17/2021,EYW,FL,ASO,ES,Federal Contract Tower,77,13,42,0,132,0,4,87,0,91,77,17,129,0,223,0,8,8,231
04/18/2021,EYW,FL,ASO,ES,Federal Contract Tower,88,26,74,0,188,0,5,97,0,102,88,31,171,0,290,6,0,6,296
04/19/2021,EYW,FL,ASO,ES,Federal Contract Tower,80,24,38,0,142,0,4,36,0,40,80,28,74,0,182,0,0,0,182
04/20/2021,EYW,FL,ASO,ES,Federal Contract Tower,71,14,37,0,122,0,0,30,0,30,71,14,67,0,152,18,0,18,170
04/21/2021,EYW,FL,ASO,ES,Federal Contract Tower,68,10,36,1,115,0,6,37,0,43,68,16,73,1,158,16,0,16,174
04/22/2021,EYW,FL,ASO,ES,Federal Contract Tower,84,28,40,0,152,0,6,111,0,117,84,34,151,0,269,24,0,24,293
04/23/2021,EYW,FL,ASO,ES,Federal Contract Tower,81,21,44,0,146,0,6,100,0,106,81,27,144,0,252,4,0,4,256
04/24/2021,EYW,FL,ASO,ES,Federal Contract Tower,78,16,35,0,129,0,3,92,0,95,78,19,127,0,224,4,0,4,228
04/25/2021,EYW,FL,ASO,ES,Federal Contract Tower,85,25,58,0,168,0,3,121,0,124,85,28,179,0,292,12,0,12,304
04/26/2021,EYW,FL,ASO,ES,Federal Contract Tower,78,30,31,0,139,0,6,65,0,71,78,36,96,0,210,2,0,2,212
04/27/2021,EYW,FL,ASO,ES,Federal Contract Tower,65,25,28,0,118,0,6,51,0,57,65,31,79,0,175,18,0,18,193
04/28/2021,EYW,FL,ASO,ES,Federal Contract Tower,66,22,42,0,130,0,1,85,2,88,66,23,127,2,218,2,0,2,220
04/29/2021,EYW,FL,ASO,ES,Federal Contract Tower,82,28,25,0,135,0,0,78,0,78,82,28,103,0,213,0,0,0,213
04/30/2021,EYW,FL,ASO,ES,Federal Contract Tower,77,20,41,4,142,0,2,84,0,86,77,22,125,4,228,2,0,2,230
05/01/2021,EYW,FL,ASO,ES,Federal Contract Tower,78,27,34,0,139,0,2,104,0,106,78,29,138,0,245,0,0,0,245
05/02/2021,EYW,FL,ASO,ES,Federal Contract Tower,85,32,82,0,199,0,5,87,0,92,85,37,169,0,291,0,0,0,291
05/03/2021,EYW,FL,ASO,ES,Federal Contract Tower,74,11,38,0,123,0,0,62,0,62,74,11,100,0,185,22,0,22,207
05/04/2021,EYW,FL,ASO,ES,Federal Contract Tower,65,14,40,1,120,0,1,71,1,73,65,15,111,2,193,22,0,22,215
05/05/2021,EYW,FL,ASO,ES,Federal Contract Tower,70,22,46,0,138,0,8,77,0,85,70,30,123,0,223,8,0,8,231
05/06/2021,EYW,FL,ASO,ES,Federal Contract Tower,74,21,62,0,157,0,0,84,0,84,74,21,146,0,241,72,0,72,313
05/07/2021,EYW,FL,ASO,ES,Federal Contract Tower,77,22,39,2,140,0,1,76,0,77,77,23,115,2,217,0,0,0,217
05/08/2021,EYW,FL,ASO,ES,Federal Contract Tower,75,22,35,0,132,0,1,103,0,104,75,23,138,0,236,18,0,18,254
05/09/2021,EYW,FL,ASO,ES,Federal Contract Tower,78,16,48,0,142,0,7,102,0,109,78,23,150,0,251,0,0,0,251
05/10/2021,EYW,FL,ASO,ES,Federal Contract Tower,72,23,46,0,141,0,4,69,0,73,72,27,115,0,214,0,0,0,214
05/11/2021,EYW,FL,ASO,ES,Federal Contract Tower,64,14,31,0,109,0,6,63,0,69,64,20,94,0,178,52,0,52,230
05/12/2021,EYW,FL,ASO,ES,Federal Contract Tower,67,28,30,0,125,0,1,46,0,47,67,29,76,0,172,0,0,0,172
05/13/2021,EYW,FL,ASO,ES,Federal Contract Tower,78,16,46,0,140,0,11,65,0,76,78,27,111,0,216,4,0,4,220
05/14/2021,EYW,FL,ASO,ES,Federal Contract Tower,75,17,47,3,142,0,2,69,0,71,75,19,116,3,213,8,2,10,223
05/15/2021,EYW,FL,ASO,ES,Federal Contract Tower,74,25,38,0,137,0,5,78,0,83,74,30,116,0,220,0,0,0,220
05/16/2021,EYW,FL,ASO,ES,Federal Contract Tower,67,11,48,2,128,0,4,109,0,113,67,15,157,2,241,0,0,0,241
05/17/2021,EYW,FL,ASO,ES,Federal Contract Tower,74,14,36,2,126,0,2,79,2,83,74,16,115,4,209,0,0,0,209
05/18/2021,EYW,FL,ASO,ES,Federal Contract Tower,68,8,16,4,96,0,5,67,0,72,68,13,83,4,168,16,0,16,184
05/19/2021,EYW,FL,ASO,ES,Federal Contract Tower,67,16,27,0,110,0,9,12,0,21,67,25,39,0,131,0,0,0,131
05/20/2021,EYW,FL,ASO,ES,Federal Contract Tower,77,14,32,0,123,0,4,16,2,22,77,18,48,2,145,0,0,0,145
05/21/2021,EYW,FL,ASO,ES,Federal Contract Tower,75,13,32,1,121,0,10,26,1,37,75,23,58,2,158,0,0,0,158
05/22/2021,EYW,FL,ASO,ES,Federal Contract Tower,75,8,23,0,106,0,6,87,0,93,75,14,110,0,199,0,0,0,199
05/23/2021,EYW,FL,ASO,ES,Federal Contract Tower,80,14,44,0,138,0,6,106,0,112,80,20,150,0,250,2,0,2,252
05/24/2021,EYW,FL,ASO,ES,Federal Contract Tower,71,13,44,2,130,0,2,49,3,54,71,15,93,5,184,24,0,24,208
05/25/2021,EYW,FL,ASO,ES,Federal Contract Tower,67,16,35,0,118,0,0,77,4,81,67,16,112,4,199,24,0,24,223
05/26/2021,EYW,FL,ASO,ES,Federal Contract Tower,68,17,27,0,112,0,1,117,0,118,68,18,144,0,230,20,16,36,266
05/27/2021,EYW,FL,ASO,ES,Federal Contract Tower,76,12,51,0,139,0,0,72,6,78,76,12,123,6,217,30,0,30,247
05/28/2021,EYW,FL,ASO,ES,Federal Contract Tower,83,21,62,0,166,0,1,104,4,109,83,22,166,4,275,4,0,4,279
05/29/2021,EYW,FL,ASO,ES,Federal Contract Tower,76,4,16,1,97,0,4,83,0,87,76,8,99,1,184,40,0,40,224
05/30/2021,EYW,FL,ASO,ES,Federal Contract Tower,82,13,22,2,119,0,2,91,0,93,82,15,113,2,212,40,0,40,252
05/31/2021,EYW,FL,ASO,ES,Federal Contract Tower,74,9,52,1,136,0,10,76,0,86,74,19,128,1,222,6,0,6,228
06/01/2021,EYW,FL,ASO,ES,Federal Contract Tower,69,7,26,1,103,0,4,58,0,62,69,11,84,1,165,36,4,40,205
06/02/2021,EYW,FL,ASO,ES,Federal Contract Tower,71,11,36,0,118,0,1,39,0,40,71,12,75,0,158,2,0,2,160
06/03/2021,EYW,FL,ASO,ES,Federal Contract Tower,73,14,27,0,114,0,1,48,2,51,73,15,75,2,165,0,0,0,165
06/04/2021,EYW,FL,ASO,ES,Federal Contract Tower,79,28,33,0,140,0,2,81,0,83,79,30,114,0,223,0,0,0,223
06/05/2021,EYW,FL,ASO,ES,Federal Contract Tower,73,13,31,0,117,0,0,85,0,85,73,13,116,0,202,8,2,10,212
06/06/2021,EYW,FL,ASO,ES,Federal Contract Tower,76,21,41,0,138,0,1,96,2,99,76,22,137,2,237,4,0,4,241
06/07/2021,EYW,FL,ASO,ES,Federal Contract Tower,76,15,28,0,119,0,4,50,0,54,76,19,78,0,173,30,0,30,203
06/08/2021,EYW,FL,ASO,ES,Federal Contract Tower,68,10,22,6,106,0,2,63,0,65,68,12,85,6,171,2,0,2,173
06/09/2021,EYW,FL,ASO,ES,Federal Contract Tower,71,18,25,1,115,0,5,58,0,63,71,23,83,1,178,6,0,6,184
06/10/2021,EYW,FL,ASO,ES,Federal Contract Tower,80,20,33,0,133,0,3,80,3,86,80,23,113,3,219,32,0,32,251
06/11/2021,EYW,FL,ASO,ES,Federal Contract Tower,77,26,30,0,133,0,4,62,0,66,77,30,92,0,199,28,0,28,227
06/12/2021,EYW,FL,ASO,ES,Federal Contract Tower,74,13,29,0,116,0,2,69,2,73,74,15,98,2,189,16,0,16,205
06/13/2021,EYW,FL,ASO,ES,Federal Contract Tower,79,20,43,0,142,0,2,67,0,69,79,22,110,0,211,14,0,14,225
06/14/2021,EYW,FL,ASO,ES,Federal Contract Tower,77,10,32,2,121,0,3,53,0,56,77,13,85,2,177,0,0,0,177
06/15/2021,EYW,FL,ASO,ES,Federal Contract Tower,74,10,35,0,119,0,0,67,3,70,74,10,102,3,189,0,0,0,189
06/16/2021,EYW,FL,ASO,ES,Federal Contract Tower,75,21,24,0,120,0,6,19,0,25,75,27,43,0,145,0,0,0,145
06/17/2021,EYW,FL,ASO,ES,Federal Contract Tower,81,22,28,0,131,0,9,24,0,33,81,31,52,0,164,24,0,24,188
06/18/2021,EYW,FL,ASO,ES,Federal Contract Tower,76,15,45,0,136,0,2,72,0,74,76,17,117,0,210,0,0,0,210
06/19/2021,EYW,FL,ASO,ES,Federal Contract Tower,78,10,32,0,120,0,3,66,2,71,78,13,98,2,191,0,0,0,191
06/20/2021,EYW,FL,ASO,ES,Federal Contract Tower,78,16,33,0,127,0,2,70,0,72,78,18,103,0,199,0,0,0,199
06/21/2021,EYW,FL,ASO,ES,Federal Contract Tower,67,11,22,3,103,0,0,54,0,54,67,11,76,3,157,42,0,42,199
06/22/2021,EYW,FL,ASO,ES,Federal Contract Tower,73,10,31,2,116,0,1,60,0,61,73,11,91,2,177,18,0,18,195
06/23/2021,EYW,FL,ASO,ES,Federal Contract Tower,77,11,20,1,109,0,2,44,0,46,77,13,64,1,155,0,0,0,155
06/24/2021,EYW,FL,ASO,ES,Federal Contract Tower,75,11,41,0,127,0,1,37,2,40,75,12,78,2,167,4,0,4,171
06/25/2021,EYW,FL,ASO,ES,Federal Contract Tower,77,15,38,0,130,0,5,29,0,34,77,20,67,0,164,8,0,8,172
06/26/2021,EYW,FL,ASO,ES,Federal Contract Tower,77,16,28,2,123,0,1,45,0,46,77,17,73,2,169,18,0,18,187
06/27/2021,EYW,FL,ASO,ES,Federal Contract Tower,81,14,40,2,137,0,4,69,1,74,81,18,109,3,211,0,0,0,211
06/28/2021,EYW,FL,ASO,ES,Federal Contract Tower,75,10,18,0,103,0,6,30,3,39,75,16,48,3,142,0,0,0,142
06/29/2021,EYW,FL,ASO,ES,Federal Contract Tower,73,13,7,0,93,0,7,10,1,18,73,20,17,1,111,0,0,0,111
06/30/2021,EYW,FL,ASO,ES,Federal Contract Tower,74,10,20,0,104,0,1,41,0,42,74,11,61,0,146,0,0,0,146
07/01/2021,EYW,FL,ASO,ES,Federal Contract Tower,76,18,38,0,132,0,2,31,0,33,76,20,69,0,165,12,0,12,177
07/02/2021,EYW,FL,ASO,ES,Federal Contract Tower,75,18,51,0,144,0,4,40,0,44,75,22,91,0,188,10,0,10,198
07/03/2021,EYW,FL,ASO,ES,Federal Contract Tower,75,14,29,0,118,0,0,43,0,43,75,14,72,0,161,14,0,14,175
07/04/2021,EYW,FL,ASO,ES,Federal Contract Tower,74,10,29,0,113,0,2,41,0,43,74,12,70,0,156,8,0,8,164
07/05/2021,EYW,FL,ASO,ES,Federal Contract Tower,64,7,27,0,98,0,0,6,0,6,64,7,33,0,104,0,0,0,104
07/07/2021,EYW,FL,ASO,ES,Federal Contract Tower,67,12,12,0,91,0,1,25,1,27,67,13,37,1,118,2,0,2,120
07/08/2021,EYW,FL,ASO,ES,Federal Contract Tower,75,19,21,0,115,0,0,36,0,36,75,19,57,0,151,24,0,24,175
07/09/2021,EYW,FL,ASO,ES,Federal Contract Tower,69,22,31,0,122,0,2,63,0,65,69,24,94,0,187,0,0,0,187
07/10/2021,EYW,FL,ASO,ES,Federal Contract Tower,71,9,23,0,103,0,1,27,0,28,71,10,50,0,131,0,0,0,131
07/11/2021,EYW,FL,ASO,ES,Federal Contract Tower,75,7,44,0,126,0,10,25,0,35,75,17,69,0,161,0,2,2,163
07/12/2021,EYW,FL,ASO,ES,Federal Contract Tower,65,19,21,0,105,0,5,18,0,23,65,24,39,0,128,0,0,0,128
07/13/2021,EYW,FL,ASO,ES,Federal Contract Tower,66,12,17,2,97,0,2,25,0,27,66,14,42,2,124,0,0,0,124
07/14/2021,EYW,FL,ASO,ES,Federal Contract Tower,68,12,25,0,105,0,4,37,0,41,68,16,62,0,146,0,0,0,146
07/15/2021,EYW,FL,ASO,ES,Federal Contract Tower,73,14,38,0,125,0,7,28,0,35,73,21,66,0,160,0,0,0,160
07/16/2021,EYW,FL,ASO,ES,Federal Contract Tower,62,16,43,1,122,0,4,64,8,76,62,20,107,9,198,2,0,2,200
07/17/2021,EYW,FL,ASO,ES,Federal Contract Tower,70,16,39,4,129,0,0,65,0,65,70,16,104,4,194,2,0,2,196
07/18/2021,EYW,FL,ASO,ES,Federal Contract Tower,72,5,39,3,119,0,2,74,0,76,72,7,113,3,195,0,0,0,195
07/19/2021,EYW,FL,ASO,ES,Federal Contract Tower,67,10,22,1,100,0,2,61,0,63,67,12,83,1,163,0,0,0,163
07/20/2021,EYW,FL,ASO,ES,Federal Contract Tower,65,20,34,0,119,0,6,28,0,34,65,26,62,0,153,0,0,0,153
07/21/2021,EYW,FL,ASO,ES,Federal Contract Tower,69,20,16,0,105,0,0,54,0,54,69,20,70,0,159,14,0,14,173
07/22/2021,EYW,FL,ASO,ES,Federal Contract Tower,74,8,25,0,107,0,0,56,0,56,74,8,81,0,163,2,0,2,165
07/23/2021,EYW,FL,ASO,ES,Federal Contract Tower,70,22,47,0,139,0,5,69,0,74,70,27,116,0,213,2,0,2,215
07/24/2021,EYW,FL,ASO,ES,Federal Contract Tower,73,11,32,0,116,0,2,59,0,61,73,13,91,0,177,2,0,2,179
07/25/2021,EYW,FL,ASO,ES,Federal Contract Tower,76,12,47,0,135,0,1,68,0,69,76,13,115,0,204,16,0,16,220
07/26/2021,EYW,FL,ASO,ES,Federal Contract Tower,65,14,18,0,97,0,4,44,0,48,65,18,62,0,145,6,0,6,151
07/27/2021,EYW,FL,ASO,ES,Federal Contract Tower,63,23,37,0,123,0,0,68,0,68,63,23,105,0,191,4,0,4,195
07/28/2021,EYW,FL,ASO,ES,Federal Contract Tower,71,12,28,0,111,0,6,41,0,47,71,18,69,0,158,6,0,6,164
07/29/2021,EYW,FL,ASO,ES,Federal Contract Tower,71,11,23,0,105,0,0,55,0,55,71,11,78,0,160,2,0,2,162
07/30/2021,EYW,FL,ASO,ES,Federal Contract Tower,65,12,38,0,115,0,3,79,0,82,65,15,117,0,197,0,0,0,197
07/31/2021,EYW,FL,ASO,ES,Federal Contract Tower,71,16,66,0,153,0,8,91,0,99,71,24,157,0,252,0,0,0,252
08/01/2021,EYW,FL,ASO,ES,Federal Contract Tower,71,14,59,0,144,0,6,102,0,108,71,20,161,0,252,0,0,0,252
08/02/2021,EYW,FL,ASO,ES,Federal Contract Tower,65,4,15,0,84,0,7,44,2,53,65,11,59,2,137,0,0,0,137
08/03/2021,EYW,FL,ASO,ES,Federal Contract Tower,62,15,27,0,104,0,1,38,0,39,62,16,65,0,143,0,0,0,143
08/04/2021,EYW,FL,ASO,ES,Federal Contract Tower,69,16,36,0,121,0,2,35,2,39,69,18,71,2,160,6,0,6,166
08/05/2021,EYW,FL,ASO,ES,Federal Contract Tower,72,13,52,0,137,0,3,30,0,33,72,16,82,0,170,0,0,0,170
08/06/2021,EYW,FL,ASO,ES,Federal Contract Tower,65,10,33,0,108,0,3,33,0,36,65,13,66,0,144,6,0,6,150
08/07/2021,EYW,FL,ASO,ES,Federal Contract Tower,69,8,36,0,113,0,0,48,0,48,69,8,84,0,161,0,0,0,161
08/08/2021,EYW,FL,ASO,ES,Federal Contract Tower,68,16,56,0,140,0,3,58,0,61,68,19,114,0,201,4,0,4,205
08/09/2021,EYW,FL,ASO,ES,Federal Contract Tower,68,11,27,0,106,0,1,32,0,33,68,12,59,0,139,10,0,10,149
08/10/2021,EYW,FL,ASO,ES,Federal Contract Tower,63,10,25,0,98,0,0,33,0,33,63,10,58,0,131,0,0,0,131
08/11/2021,EYW,FL,ASO,ES,Federal Contract Tower,67,15,16,0,98,0,0,53,4,57,67,15,69,4,155,2,0,2,157
08/12/2021,EYW,FL,ASO,ES,Federal Contract Tower,70,10,18,0,98,0,1,47,0,48,70,11,65,0,146,0,0,0,146
08/13/2021,EYW,FL,ASO,ES,Federal Contract Tower,69,9,26,0,104,0,2,15,0,17,69,11,41,0,121,0,0,0,121
08/14/2021,EYW,FL,ASO,ES,Federal Contract Tower,35,3,0,0,38,0,0,0,0,0,35,3,0,0,38,0,0,0,38
08/15/2021,EYW,FL,ASO,ES,Federal Contract Tower,71,5,17,0,93,0,4,13,0,17,71,9,30,0,110,0,0,0,110
08/16/2021,EYW,FL,ASO,ES,Federal Contract Tower,66,9,19,0,94,0,2,47,0,49,66,11,66,0,143,0,0,0,143
08/17/2021,EYW,FL,ASO,ES,Federal Contract Tower,51,12,23,0,86,0,2,52,0,54,51,14,75,0,140,0,0,0,140
08/18/2021,EYW,FL,ASO,ES,Federal Contract Tower,49,8,36,0,93,0,0,45,0,45,49,8,81,0,138,0,0,0,138
08/19/2021,EYW,FL,ASO,ES,Federal Contract Tower,59,14,29,0,102,0,2,65,0,67,59,16,94,0,169,0,4,4,173
08/20/2021,EYW,FL,ASO,ES,Federal Contract Tower,55,9,26,0,90,0,0,62,0,62,55,9,88,0,152,0,0,0,152
08/21/2021,EYW,FL,ASO,ES,Federal Contract Tower,56,12,26,0,94,0,0,31,0,31,56,12,57,0,125,0,0,0,125
08/22/2021,EYW,FL,ASO,ES,Federal Contract Tower,59,10,39,0,108,0,5,62,0,67,59,15,101,0,175,0,0,0,175
08/23/2021,EYW,FL,ASO,ES,Federal Contract Tower,51,7,19,0,77,0,0,51,0,51,51,7,70,0,128,0,0,0,128
08/24/2021,EYW,FL,ASO,ES,Federal Contract Tower,50,6,6,0,62,0,2,42,2,46,50,8,48,2,108,0,0,0,108
08/25/2021,EYW,FL,ASO,ES,Federal Contract Tower,49,8,20,0,77,0,0,29,2,31,49,8,49,2,108,0,0,0,108
08/26/2021,EYW,FL,ASO,ES,Federal Contract Tower,59,17,23,0,99,0,3,66,0,69,59,20,89,0,168,2,0,2,170
08/27/2021,EYW,FL,ASO,ES,Federal Contract Tower,58,13,28,2,101,0,0,47,0,47,58,13,75,2,148,0,0,0,148
08/28/2021,EYW,FL,ASO,ES,Federal Contract Tower,54,7,11,0,72,0,0,15,0,15,54,7,26,0,87,2,0,2,89
08/29/2021,EYW,FL,ASO,ES,Federal Contract Tower,59,7,31,0,97,0,7,47,1,55,59,14,78,1,152,0,0,0,152
08/30/2021,EYW,FL,ASO,ES,Federal Contract Tower,55,6,15,0,76,0,2,37,5,44,55,8,52,5,120,8,0,8,128
08/31/2021,EYW,FL,ASO,ES,Federal Contract Tower,49,11,17,0,77,0,1,50,0,51,49,12,67,0,128,0,0,0,128
09/01/2021,EYW,FL,ASO,ES,Federal Contract Tower,49,7,13,0,69,0,4,24,0,28,49,11,37,0,97,2,0,2,99
09/02/2021,EYW,FL,ASO,ES,Federal Contract Tower,55,11,28,0,94,0,7,16,0,23,55,18,44,0,117,2,0,2,119
09/03/2021,EYW,FL,ASO,ES,Federal Contract Tower,58,9,36,0,103,0,0,70,0,70,58,9,106,0,173,0,0,0,173
09/04/2021,EYW,FL,ASO,ES,Federal Contract Tower,59,5,18,0,82,0,0,73,0,73,59,5,91,0,155,0,0,0,155
09/05/2021,EYW,FL,ASO,ES,Federal Contract Tower,60,3,38,0,101,0,0,88,0,88,60,3,126,0,189,0,0,0,189
09/06/2021,EYW,FL,ASO,ES,Federal Contract Tower,56,9,50,0,115,0,3,49,0,52,56,12,99,0,167,0,0,0,167
09/07/2021,EYW,FL,ASO,ES,Federal Contract Tower,48,6,23,0,77,0,5,41,0,46,48,11,64,0,123,6,0,6,129
09/08/2021,EYW,FL,ASO,ES,Federal Contract Tower,35,13,22,0,70,0,0,36,0,36,35,13,58,0,106,4,0,4,110
09/09/2021,EYW,FL,ASO,ES,Federal Contract Tower,51,10,21,0,82,0,4,28,0,32,51,14,49,0,114,6,0,6,120
09/10/2021,EYW,FL,ASO,ES,Federal Contract Tower,49,4,28,0,81,0,1,47,0,48,49,5,75,0,129,0,0,0,129
09/11/2021,EYW,FL,ASO,ES,Federal Contract Tower,48,8,22,0,78,0,1,65,0,66,48,9,87,0,144,2,0,2,146
09/12/2021,EYW,FL,ASO,ES,Federal Contract Tower,50,7,33,0,90,0,1,44,0,45,50,8,77,0,135,0,0,0,135
09/13/2021,EYW,FL,ASO,ES,Federal Contract Tower,42,5,5,0,52,0,3,29,0,32,42,8,34,0,84,0,0,0,84
09/14/2021,EYW,FL,ASO,ES,Federal Contract Tower,36,4,7,0,47,0,6,29,0,35,36,10,36,0,82,0,0,0,82
09/15/2021,EYW,FL,ASO,ES,Federal Contract Tower,40,5,19,0,64,0,1,32,0,33,40,6,51,0,97,2,0,2,99
09/16/2021,EYW,FL,ASO,ES,Federal Contract Tower,49,10,14,0,73,0,13,47,0,60,49,23,61,0,133,52,0,52,185
09/17/2021,EYW,FL,ASO,ES,Federal Contract Tower,48,17,34,0,99,0,18,78,0,96,48,35,112,0,195,0,0,0,195
09/19/2021,EYW,FL,ASO,ES,Federal Contract Tower,51,12,45,0,108,0,0,47,0,47,51,12,92,0,155,2,0,2,157
09/20/2021,EYW,FL,ASO,ES,Federal Contract Tower,45,9,17,0,71,0,2,20,0,22,45,11,37,0,93,0,0,0,93
09/21/2021,EYW,FL,ASO,ES,Federal Contract Tower,36,6,10,0,52,0,3,28,0,31,36,9,38,0,83,0,0,0,83
09/23/2021,EYW,FL,ASO,ES,Federal Contract Tower,52,14,29,0,95,0,4,55,0,59,52,18,84,0,154,6,0,6,160
09/24/2021,EYW,FL,ASO,ES,Federal Contract Tower,49,11,37,0,97,0,0,82,0,82,49,11,119,0,179,4,0,4,183
09/25/2021,EYW,FL,ASO,ES,Federal Contract Tower,46,4,25,0,75,0,1,78,0,79,46,5,103,0,154,0,0,0,154
09/26/2021,EYW,FL,ASO,ES,Federal Contract Tower,50,9,42,0,101,0,7,83,0,90,50,16,125,0,191,0,0,0,191
09/27/2021,EYW,FL,ASO,ES,Federal Contract Tower,45,10,22,0,77,0,4,47,0,51,45,14,69,0,128,0,0,0,128
09/28/2021,EYW,FL,ASO,ES,Federal Contract Tower,37,8,9,0,54,0,7,31,2,40,37,15,40,2,94,0,0,0,94
09/29/2021,EYW,FL,ASO,ES,Federal Contract Tower,37,16,15,0,68,0,5,43,0,48,37,21,58,0,116,2,0,2,118
09/30/2021,EYW,FL,ASO,ES,Federal Contract Tower,45,18,32,0,95,0,8,53,0,61,45,26,85,0,156,0,0,0,156
10/01/2021,EYW,FL,ASO,ES,Federal Contract Tower,47,16,32,0,95,0,7,39,0,46,47,23,71,0,141,4,0,4,145
10/02/2021,EYW,FL,ASO,ES,Federal Contract Tower,48,7,26,0,81,0,2,63,0,65,48,9,89,0,146,2,0,2,148
10/03/2021,EYW,FL,ASO,ES,Federal Contract Tower,50,19,28,0,97,0,7,62,2,71,50,26,90,2,168,4,0,4,172
10/04/2021,EYW,FL,ASO,ES,Federal Contract Tower,42,4,33,0,79,0,2,47,0,49,42,6,80,0,128,6,0,6,134
10/05/2021,EYW,FL,ASO,ES,Federal Contract Tower,38,8,23,0,69,0,2,38,2,42,38,10,61,2,111,8,0,8,119
10/06/2021,EYW,FL,ASO,ES,Federal Contract Tower,41,14,19,0,74,0,0,34,0,34,41,14,53,0,108,2,0,2,110
10/07/2021,EYW,FL,ASO,ES,Federal Contract Tower,50,6,37,0,93,0,0,59,0,59,50,6,96,0,152,4,0,4,156
10/08/2021,EYW,FL,ASO,ES,Federal Contract Tower,45,11,47,0,103,0,12,63,0,75,45,23,110,0,178,2,0,2,180
10/09/2021,EYW,FL,ASO,ES,Federal Contract Tower,46,21,22,0,89,0,6,74,0,80,46,27,96,0,169,0,0,0,169
10/10/2021,EYW,FL,ASO,ES,Federal Contract Tower,51,9,45,0,105,0,3,62,0,65,51,12,107,0,170,2,0,2,172
10/11/2021,EYW,FL,ASO,ES,Federal Contract Tower,47,13,23,0,83,0,8,39,1,48,47,21,62,1,131,0,0,0,131
10/12/2021,EYW,FL,ASO,ES,Federal Contract Tower,41,10,15,0,66,0,2,48,0,50,41,12,63,0,116,0,0,0,116
10/13/2021,EYW,FL,ASO,ES,Federal Contract Tower,42,13,34,0,89,0,7,30,0,37,42,20,64,0,126,10,0,10,136
10/14/2021,EYW,FL,ASO,ES,Federal Contract Tower,51,11,38,0,100,0,2,59,0,61,51,13,97,0,161,0,0,0,161
10/15/2021,EYW,FL,ASO,ES,Federal Contract Tower,49,10,32,2,93,0,7,89,0,96,49,17,121,2,189,58,0,58,247
10/16/2021,EYW,FL,ASO,ES,Federal Contract Tower,47,4,19,0,70,0,0,48,0,48,47,4,67,0,118,0,0,0,118
10/17/2021,EYW,FL,ASO,ES,Federal Contract Tower,51,7,51,1,110,0,4,86,0,90,51,11,137,1,200,0,0,0,200
10/18/2021,EYW,FL,ASO,ES,Federal Contract Tower,48,14,27,0,89,0,3,36,0,39,48,17,63,0,128,0,0,0,128
10/20/2021,EYW,FL,ASO,ES,Federal Contract Tower,42,8,26,0,76,0,13,44,0,57,42,21,70,0,133,0,0,0,133
10/21/2021,EYW,FL,ASO,ES,Federal Contract Tower,49,15,22,0,86,0,18,66,6,90,49,33,88,6,176,4,0,4,180
10/22/2021,EYW,FL,ASO,ES,Federal Contract Tower,47,22,35,0,104,0,5,46,0,51,47,27,81,0,155,4,0,4,159
10/23/2021,EYW,FL,ASO,ES,Federal Contract Tower,46,12,28,2,88,0,2,48,0,50,46,14,76,2,138,0,0,0,138
10/24/2021,EYW,FL,ASO,ES,Federal Contract Tower,48,11,36,0,95,0,2,47,0,49,48,13,83,0,144,20,0,20,164
10/25/2021,EYW,FL,ASO,ES,Federal Contract Tower,46,11,26,0,83,0,16,3,0,19,46,27,29,0,102,0,0,0,102
10/26/2021,EYW,FL,ASO,ES,Federal Contract Tower,41,17,19,0,77,0,7,36,0,43,41,24,55,0,120,18,0,18,138
10/27/2021,EYW,FL,ASO,ES,Federal Contract Tower,50,12,38,8,108,0,11,70,0,81,50,23,108,8,189,0,0,0,189
10/28/2021,EYW,FL,ASO,ES,Federal Contract Tower,47,15,41,0,103,0,10,53,0,63,47,25,94,0,166,0,0,0,166
10/29/2021,EYW,FL,ASO,ES,Federal Contract Tower,50,16,31,0,97,0,0,64,0,64,50,16,95,0,161,12,0,12,173
10/30/2021,EYW,FL,ASO,ES,Federal Contract Tower,44,3,32,0,79,0,2,75,0,77,44,5,107,0,156,2,0,2,158
10/31/2021,EYW,FL,ASO,ES,Federal Contract Tower,53,17,57,2,129,0,9,94,2,105,53,26,151,4,234,22,0,22,256
11/01/2021,EYW,FL,ASO,ES,Federal Contract Tower,48,17,27,0,92,0,11,67,0,78,48,28,94,0,170,4,0,4,174
11/02/2021,EYW,FL,ASO,ES,Federal Contract Tower,43,10,27,0,80,0,2,39,0,41,43,12,66,0,121,0,0,0,121
11/03/2021,EYW,FL,ASO,ES,Federal Contract Tower,49,14,25,0,88,0,3,32,4,39,49,17,57,4,127,0,0,0,127
11/04/2021,EYW,FL,ASO,ES,Federal Contract Tower,59,19,43,0,121,0,11,36,0,47,59,30,79,0,168,0,0,0,168
11/05/2021,EYW,FL,ASO,ES,Federal Contract Tower,59,19,27,0,105,0,3,10,1,14,59,22,37,1,119,8,0,8,127
11/06/2021,EYW,FL,ASO,ES,Federal Contract Tower,57,6,23,0,86,0,0,19,0,19,57,6,42,0,105,10,0,10,115
11/07/2021,EYW,FL,ASO,ES,Federal Contract Tower,57,11,41,0,109,0,3,68,0,71,57,14,109,0,180,4,0,4,184
11/08/2021,EYW,FL,ASO,ES,Federal Contract Tower,62,12,28,0,102,0,3,47,0,50,62,15,75,0,152,0,0,0,152
11/09/2021,EYW,FL,ASO,ES,Federal Contract Tower,44,13,41,0,98,0,4,90,0,94,44,17,131,0,192,0,0,0,192
11/10/2021,EYW,FL,ASO,ES,Federal Contract Tower,51,15,57,0,123,0,1,74,0,75,51,16,131,0,198,8,0,8,206
11/11/2021,EYW,FL,ASO,ES,Federal Contract Tower,54,31,46,0,131,0,3,64,0,67,54,34,110,0,198,4,0,4,202
11/12/2021,EYW,FL,ASO,ES,Federal Contract Tower,50,26,37,0,113,0,2,67,0,69,50,28,104,0,182,0,0,0,182
11/13/2021,EYW,FL,ASO,ES,Federal Contract Tower,55,15,43,0,113,0,5,88,0,93,55,20,131,0,206,0,0,0,206
11/14/2021,EYW,FL,ASO,ES,Federal Contract Tower,57,28,67,0,152,0,4,109,0,113,57,32,176,0,265,0,0,0,265
11/15/2021,EYW,FL,ASO,ES,Federal Contract Tower,54,26,54,1,135,0,8,77,2,87,54,34,131,3,222,0,0,0,222
11/16/2021,EYW,FL,ASO,ES,Federal Contract Tower,46,12,33,2,93,0,2,47,0,49,46,14,80,2,142,0,0,0,142
11/17/2021,EYW,FL,ASO,ES,Federal Contract Tower,45,16,25,0,86,0,15,57,6,78,45,31,82,6,164,4,0,4,168
11/18/2021,EYW,FL,ASO,ES,Federal Contract Tower,58,13,16,0,87,0,1,9,2,12,58,14,25,2,99,0,0,0,99
11/19/2021,EYW,FL,ASO,ES,Federal Contract Tower,69,28,58,1,156,0,4,29,0,33,69,32,87,1,189,0,0,0,189
11/20/2021,EYW,FL,ASO,ES,Federal Contract Tower,57,16,42,2,117,0,4,53,1,58,57,20,95,3,175,0,0,0,175
11/21/2021,EYW,FL,ASO,ES,Federal Contract Tower,58,10,54,3,125,1,5,64,0,70,59,15,118,3,195,0,0,0,195
11/22/2021,EYW,FL,ASO,ES,Federal Contract Tower,59,11,42,0,112,0,10,26,2,38,59,21,68,2,150,0,0,0,150
11/23/2021,EYW,FL,ASO,ES,Federal Contract Tower,47,21,27,1,96,0,1,44,1,46,47,22,71,2,142,0,0,0,142
11/24/2021,EYW,FL,ASO,ES,Federal Contract Tower,57,14,32,2,105,0,12,78,0,90,57,26,110,2,195,0,0,0,195
11/25/2021,EYW,FL,ASO,ES,Federal Contract Tower,42,2,22,0,66,0,1,62,0,63,42,3,84,0,129,0,0,0,129
11/26/2021,EYW,FL,ASO,ES,Federal Contract Tower,58,11,38,0,107,0,9,45,2,56,58,20,83,2,163,0,0,0,163
11/27/2021,EYW,FL,ASO,ES,Federal Contract Tower,61,7,40,1,109,0,7,82,7,96,61,14,122,8,205,0,0,0,205
11/28/2021,EYW,FL,ASO,ES,Federal Contract Tower,59,18,51,5,133,0,3,60,3,66,59,21,111,8,199,0,0,0,199
11/29/2021,EYW,FL,ASO,ES,Federal Contract Tower,60,21,39,2,122,0,1,52,1,54,60,22,91,3,176,0,0,0,176
11/30/2021,EYW,FL,ASO,ES,Federal Contract Tower,45,16,31,2,94,0,8,66,2,76,45,24,97,4,170,0,0,0,170
12/01/2021,EYW,FL,ASO,ES,Federal Contract Tower,52,9,19,1,81,0,5,39,0,44,52,14,58,1,125,6,0,6,131
12/02/2021,EYW,FL,ASO,ES,Federal Contract Tower,60,13,38,2,113,0,8,48,0,56,60,21,86,2,169,0,0,0,169
12/03/2021,EYW,FL,ASO,ES,Federal Contract Tower,65,7,32,0,104,0,6,66,0,72,65,13,98,0,176,6,0,6,182
12/04/2021,EYW,FL,ASO,ES,Federal Contract Tower,62,11,30,0,103,0,4,49,1,54,62,15,79,1,157,0,0,0,157
12/05/2021,EYW,FL,ASO,ES,Federal Contract Tower,60,18,49,0,127,0,1,55,0,56,60,19,104,0,183,0,0,0,183
12/06/2021,EYW,FL,ASO,ES,Federal Contract Tower,59,28,26,0,113,0,2,28,0,30,59,30,54,0,143,0,0,0,143
12/07/2021,EYW,FL,ASO,ES,Federal Contract Tower,45,15,35,0,95,0,4,32,1,37,45,19,67,1,132,0,0,0,132
12/08/2021,EYW,FL,ASO,ES,Federal Contract Tower,49,19,29,0,97,0,8,38,0,46,49,27,67,0,143,0,0,0,143
12/09/2021,EYW,FL,ASO,ES,Federal Contract Tower,58,26,28,2,114,0,7,43,0,50,58,33,71,2,164,2,0,2,166
12/10/2021,EYW,FL,ASO,ES,Federal Contract Tower,60,14,46,0,120,0,5,56,0,61,60,19,102,0,181,0,0,0,181
12/11/2021,EYW,FL,ASO,ES,Federal Contract Tower,59,16,22,1,98,0,2,45,0,47,59,18,67,1,145,0,0,0,145
12/12/2021,EYW,FL,ASO,ES,Federal Contract Tower,65,12,39,0,116,0,3,113,0,116,65,15,152,0,232,0,0,0,232
12/13/2021,EYW,FL,ASO,ES,Federal Contract Tower,61,9,31,2,103,0,4,56,0,60,61,13,87,2,163,0,0,0,163
12/14/2021,EYW,FL,ASO,ES,Federal Contract Tower,48,6,18,0,72,0,3,47,0,50,48,9,65,0,122,4,0,4,126
12/15/2021,EYW,FL,ASO,ES,Federal Contract Tower,49,14,21,1,85,0,7,51,4,62,49,21,72,5,147,0,0,0,147
12/16/2021,EYW,FL,ASO,ES,Federal Contract Tower,59,15,40,0,114,0,3,68,0,71,59,18,108,0,185,2,0,2,187
12/17/2021,EYW,FL,ASO,ES,Federal Contract Tower,62,19,34,0,115,0,13,46,0,59,62,32,80,0,174,0,0,0,174
12/18/2021,EYW,FL,ASO,ES,Federal Contract Tower,75,10,38,0,123,0,0,62,0,62,75,10,100,0,185,8,0,8,193
12/19/2021,EYW,FL,ASO,ES,Federal Contract Tower,69,13,41,0,123,0,1,85,0,86,69,14,126,0,209,0,0,0,209
12/20/2021,EYW,FL,ASO,ES,Federal Contract Tower,63,13,30,0,106,0,4,68,2,74,63,17,98,2,180,10,0,10,190
12/21/2021,EYW,FL,ASO,ES,Federal Contract Tower,64,12,13,0,89,0,2,8,0,10,64,14,21,0,99,0,0,0,99
12/22/2021,EYW,FL,ASO,ES,Federal Contract Tower,66,14,32,1,113,0,1,44,0,45,66,15,76,1,158,10,0,10,168
12/23/2021,EYW,FL,ASO,ES,Federal Contract Tower,74,10,33,0,117,0,5,77,2,84,74,15,110,2,201,0,0,0,201
12/24/2021,EYW,FL,ASO,ES,Federal Contract Tower,57,13,13,0,83,0,2,76,0,78,57,15,89,0,161,3,0,3,164
12/25/2021,EYW,FL,ASO,ES,Federal Contract Tower,68,7,15,0,90,0,0,24,0,24,68,7,39,0,114,0,0,0,114
12/26/2021,EYW,FL,ASO,ES,Federal Contract Tower,70,25,81,0,176,0,2,71,0,73,70,27,152,0,249,16,0,16,265
12/27/2021,EYW,FL,ASO,ES,Federal Contract Tower,63,20,67,0,150,0,6,94,0,100,63,26,161,0,250,2,0,2,252
12/28/2021,EYW,FL,ASO,ES,Federal Contract Tower,65,25,48,4,142,0,12,67,0,79,65,37,115,4,221,6,0,6,227
12/29/2021,EYW,FL,ASO,ES,Federal Contract Tower,65,24,61,2,152,0,10,107,0,117,65,34,168,2,269,0,0,0,269
12/30/2021,EYW,FL,ASO,ES,Federal Contract Tower,69,24,78,0,171,0,7,154,0,161,69,31,232,0,332,0,0,0,332
12/31/2021,EYW,FL,ASO,ES,Federal Contract Tower,56,17,52,0,125,0,8,129,0,137,56,25,181,0,262,2,0,2,264
01/01/2022,EYW,FL,ASO,ES,Federal Contract Tower,56,21,68,0,145,0,6,97,0,103,56,27,165,0,248,0,0,0,248
01/02/2022,EYW,FL,ASO,ES,Federal Contract Tower,63,20,100,0,183,0,6,104,0,110,63,26,204,0,293,0,0,0,293
01/03/2022,EYW,FL,ASO,ES,Federal Contract Tower,59,30,63,0,152,0,6,22,2,30,59,36,85,2,182,0,0,0,182
01/04/2022,EYW,FL,ASO,ES,Federal Contract Tower,54,13,41,6,114,0,3,26,0,29,54,16,67,6,143,0,0,0,143
01/05/2022,EYW,FL,ASO,ES,Federal Contract Tower,57,12,31,0,100,0,8,60,0,68,57,20,91,0,168,4,0,4,172
01/06/2022,EYW,FL,ASO,ES,Federal Contract Tower,63,9,32,2,106,0,1,47,0,48,63,10,79,2,154,0,0,0,154
01/07/2022,EYW,FL,ASO,ES,Federal Contract Tower,57,17,41,0,115,0,7,91,0,98,57,24,132,0,213,0,0,0,213
01/08/2022,EYW,FL,ASO,ES,Federal Contract Tower,66,8,28,0,102,0,4,55,0,59,66,12,83,0,161,2,0,2,163
01/09/2022,EYW,FL,ASO,ES,Federal Contract Tower,62,15,56,0,133,0,4,61,0,65,62,19,117,0,198,0,0,0,198
01/10/2022,EYW,FL,ASO,ES,Federal Contract Tower,60,13,46,2,121,0,5,30,2,37,60,18,76,4,158,0,0,0,158
01/11/2022,EYW,FL,ASO,ES,Federal Contract Tower,51,21,28,0,100,0,3,12,0,15,51,24,40,0,115,0,0,0,115
01/12/2022,EYW,FL,ASO,ES,Federal Contract Tower,59,10,16,0,85,0,5,31,0,36,59,15,47,0,121,0,0,0,121
01/13/2022,EYW,FL,ASO,ES,Federal Contract Tower,65,18,44,0,127,0,4,36,0,40,65,22,80,0,167,0,0,0,167
01/14/2022,EYW,FL,ASO,ES,Federal Contract Tower,63,19,66,0,148,0,7,55,0,62,63,26,121,0,210,0,0,0,210
01/15/2022,EYW,FL,ASO,ES,Federal Contract Tower,66,18,42,0,126,0,0,132,0,132,66,18,174,0,258,0,0,0,258
01/16/2022,EYW,FL,ASO,ES,Federal Contract Tower,50,10,22,0,82,0,0,4,4,8,50,10,26,4,90,0,0,0,90
01/17/2022,EYW,FL,ASO,ES,Federal Contract Tower,55,15,69,0,139,0,6,54,0,60,55,21,123,0,199,0,0,0,199
01/18/2022,EYW,FL,ASO,ES,Federal Contract Tower,53,21,38,2,114,0,8,73,1,82,53,29,111,3,196,0,0,0,196
01/19/2022,EYW,FL,ASO,ES,Federal Contract Tower,57,12,29,0,98,0,5,80,0,85,57,17,109,0,183,0,0,0,183
01/20/2022,EYW,FL,ASO,ES,Federal Contract Tower,54,18,45,2,119,0,9,53,2,64,54,27,98,4,183,0,0,0,183
01/21/2022,EYW,FL,ASO,ES,Federal Contract Tower,61,23,41,1,126,0,6,71,0,77,61,29,112,1,203,0,0,0,203
01/22/2022,EYW,FL,ASO,ES,Federal Contract Tower,63,18,44,0,125,0,4,44,0,48,63,22,88,0,173,0,0,0,173
01/23/2022,EYW,FL,ASO,ES,Federal Contract Tower,67,32,59,0,158,0,3,51,0,54,67,35,110,0,212,0,0,0,212
01/24/2022,EYW,FL,ASO,ES,Federal Contract Tower,60,21,31,0,112,0,5,80,0,85,60,26,111,0,197,0,0,0,197
01/25/2022,EYW,FL,ASO,ES,Federal Contract Tower,52,18,32,0,102,0,13,51,0,64,52,31,83,0,166,0,0,0,166
01/26/2022,EYW,FL,ASO,ES,Federal Contract Tower,56,12,40,0,108,0,7,26,0,33,56,19,66,0,141,0,0,0,141
01/27/2022,EYW,FL,ASO,ES,Federal Contract Tower,61,21,70,0,152,0,5,7,0,12,61,26,77,0,164,0,0,0,164
01/28/2022,EYW,FL,ASO,ES,Federal Contract Tower,57,21,43,0,121,0,0,52,0,52,57,21,95,0,173,0,0,0,173
01/29/2022,EYW,FL,ASO,ES,Federal Contract Tower,36,16,14,0,66,0,2,11,0,13,36,18,25,0,79,0,0,0,79
01/30/2022,EYW,FL,ASO,ES,Federal Contract Tower,62,26,59,0,147,0,6,117,6,129,62,32,176,6,276,2,0,2,278
01/31/2022,EYW,FL,ASO,ES,Federal Contract Tower,59,22,34,2,117,0,1,83,10,94,59,23,117,12,211,0,0,0,211
02/01/2022,EYW,FL,ASO,ES,Federal Contract Tower,50,22,26,0,98,0,5,42,2,49,50,27,68,2,147,0,0,0,147
02/02/2022,EYW,FL,ASO,ES,Federal Contract Tower,55,12,35,0,102,0,0,53,0,53,55,12,88,0,155,0,0,0,155
02/03/2022,EYW,FL,ASO,ES,Federal Contract Tower,59,14,29,1,103,0,6,80,0,86,59,20,109,1,189,0,0,0,189
02/04/2022,EYW,FL,ASO,ES,Federal Contract Tower,38,19,54,0,111,0,8,73,0,81,38,27,127,0,192,0,0,0,192
02/05/2022,EYW,FL,ASO,ES,Federal Contract Tower,60,25,49,1,135,0,4,88,0,92,60,29,137,1,227,0,0,0,227
02/06/2022,EYW,FL,ASO,ES,Federal Contract Tower,53,23,67,0,143,0,5,62,0,67,53,28,129,0,210,0,0,0,210
02/07/2022,EYW,FL,ASO,ES,Federal Contract Tower,60,23,40,0,123,0,1,55,0,56,60,24,95,0,179,0,0,0,179
02/08/2022,EYW,FL,ASO,ES,Federal Contract Tower,51,12,45,1,109,0,2,29,0,31,51,14,74,1,140,4,0,4,144
02/09/2022,EYW,FL,ASO,ES,Federal Contract Tower,57,16,39,1,113,0,4,8,0,12,57,20,47,1,125,0,0,0,125
02/10/2022,EYW,FL,ASO,ES,Federal Contract Tower,58,17,28,0,103,0,1,79,0,80,58,18,107,0,183,0,0,0,183
02/11/2022,EYW,FL,ASO,ES,Federal Contract Tower,60,35,58,2,155,0,5,89,0,94,60,40,147,2,249,0,0,0,249
02/12/2022,EYW,FL,ASO,ES,Federal Contract Tower,62,14,51,0,127,0,2,86,0,88,62,16,137,0,215,0,0,0,215
02/13/2022,EYW,FL,ASO,ES,Federal Contract Tower,67,18,42,0,127,0,6,32,0,38,67,24,74,0,165,0,0,0,165
02/14/2022,EYW,FL,ASO,ES,Federal Contract Tower,58,12,43,0,113,0,3,39,0,42,58,15,82,0,155,0,0,0,155
02/15/2022,EYW,FL,ASO,ES,Federal Contract Tower,51,16,46,2,115,0,1,41,0,42,51,17,87,2,157,0,0,0,157
02/16/2022,EYW,FL,ASO,ES,Federal Contract Tower,57,26,58,0,141,0,4,35,0,39,57,30,93,0,180,0,0,0,180
02/17/2022,EYW,FL,ASO,ES,Federal Contract Tower,64,19,53,0,136,0,9,98,0,107,64,28,151,0,243,0,0,0,243
02/18/2022,EYW,FL,ASO,ES,Federal Contract Tower,61,33,66,0,160,0,4,132,0,136,61,37,198,0,296,8,0,8,304
02/19/2022,EYW,FL,ASO,ES,Federal Contract Tower,61,25,67,0,153,0,0,28,0,28,61,25,95,0,181,0,0,0,181
02/20/2022,EYW,FL,ASO,ES,Federal Contract Tower,70,18,66,1,155,0,8,106,1,115,70,26,172,2,270,0,0,0,270
02/21/2022,EYW,FL,ASO,ES,Federal Contract Tower,62,33,56,0,151,0,20,126,0,146,62,53,182,0,297,0,0,0,297
02/22/2022,EYW,FL,ASO,ES,Federal Contract Tower,56,21,44,7,128,0,1,72,1,74,56,22,116,8,202,8,0,8,210
02/23/2022,EYW,FL,ASO,ES,Federal Contract Tower,60,17,40,2,119,0,0,76,0,76,60,17,116,2,195,6,0,6,201
02/24/2022,EYW,FL,ASO,ES,Federal Contract Tower,64,23,51,1,139,0,5,89,1,95,64,28,140,2,234,6,0,6,240
02/25/2022,EYW,FL,ASO,ES,Federal Contract Tower,57,37,57,2,153,0,12,99,0,111,57,49,156,2,264,2,0,2,266
02/26/2022,EYW,FL,ASO,ES,Federal Contract Tower,65,20,34,0,119,0,2,83,0,85,65,22,117,0,204,8,0,8,212
02/27/2022,EYW,FL,ASO,ES,Federal Contract Tower,61,26,58,0,145,0,1,58,0,59,61,27,116,0,204,2,0,2,206
02/28/2022,EYW,FL,ASO,ES,Federal Contract Tower,55,17,31,0,103,0,3,58,0,61,55,20,89,0,164,0,0,0,164
03/01/2022,EYW,FL,ASO,ES,Federal Contract Tower,54,17,43,0,114,0,7,80,0,87,54,24,123,0,201,12,0,12,213
03/02/2022,EYW,FL,ASO,ES,Federal Contract Tower,61,23,39,0,123,0,2,53,0,55,61,25,92,0,178,2,0,2,180
03/03/2022,EYW,FL,ASO,ES,Federal Contract Tower,62,17,43,0,122,0,3,69,2,74,62,20,112,2,196,2,4,6,202
03/04/2022,EYW,FL,ASO,ES,Federal Contract Tower,61,37,34,0,132,0,2,93,0,95,61,39,127,0,227,0,0,0,227
03/05/2022,EYW,FL,ASO,ES,Federal Contract Tower,68,25,80,0,173,0,3,61,0,64,68,28,141,0,237,34,0,34,271
03/06/2022,EYW,FL,ASO,ES,Federal Contract Tower,66,19,73,0,158,0,4,62,0,66,66,23,135,0,224,0,0,0,224
03/07/2022,EYW,FL,ASO,ES,Federal Contract Tower,62,16,38,2,118,0,5,67,0,72,62,21,105,2,190,0,0,0,190
03/08/2022,EYW,FL,ASO,ES,Federal Contract Tower,57,22,26,1,106,0,0,58,2,60,57,22,84,3,166,0,0,0,166
03/09/2022,EYW,FL,ASO,ES,Federal Contract Tower,62,18,26,1,107,0,3,50,0,53,62,21,76,1,160,0,0,0,160
03/10/2022,EYW,FL,ASO,ES,Federal Contract Tower,68,24,59,0,151,0,1,84,0,85,68,25,143,0,236,6,0,6,242
03/11/2022,EYW,FL,ASO,ES,Federal Contract Tower,65,36,76,0,177,0,3,103,2,108,65,39,179,2,285,2,0,2,287
03/12/2022,EYW,FL,ASO,ES,Federal Contract Tower,49,20,28,0,97,0,6,19,2,27,49,26,47,2,124,0,0,0,124
03/13/2022,EYW,FL,ASO,ES,Federal Contract Tower,66,22,68,0,156,0,16,27,0,43,66,38,95,0,199,0,0,0,199
03/14/2022,EYW,FL,ASO,ES,Federal Contract Tower,63,26,41,1,131,0,8,51,1,60,63,34,92,2,191,0,0,0,191
03/15/2022,EYW,FL,ASO,ES,Federal Contract Tower,59,17,32,2,110,0,4,61,0,65,59,21,93,2,175,14,0,14,189
03/16/2022,EYW,FL,ASO,ES,Federal Contract Tower,65,13,37,0,115,0,5,50,0,55,65,18,87,0,170,0,0,0,170
03/17/2022,EYW,FL,ASO,ES,Federal Contract Tower,64,16,62,1,143,0,1,72,0,73,64,17,134,1,216,4,0,4,220
03/18/2022,EYW,FL,ASO,ES,Federal Contract Tower,62,14,67,0,143,0,1,123,0,124,62,15,190,0,267,8,0,8,275
03/19/2022,EYW,FL,ASO,ES,Federal Contract Tower,67,27,62,0,156,0,2,115,0,117,67,29,177,0,273,0,0,0,273
03/20/2022,EYW,FL,ASO,ES,Federal Contract Tower,66,24,70,0,160,0,6,105,0,111,66,30,175,0,271,0,0,0,271
03/21/2022,EYW,FL,ASO,ES,Federal Contract Tower,68,21,35,0,124,0,3,46,0,49,68,24,81,0,173,0,0,0,173
03/22/2022,EYW,FL,ASO,ES,Federal Contract Tower,56,18,51,1,126,0,1,50,0,51,56,19,101,1,177,0,0,0,177
03/23/2022,EYW,FL,ASO,ES,Federal Contract Tower,63,24,32,1,120,0,1,47,0,48,63,25,79,1,168,0,0,0,168
03/24/2022,EYW,FL,ASO,ES,Federal Contract Tower,64,15,34,0,113,0,2,45,0,47,64,17,79,0,160,0,0,0,160
03/25/2022,EYW,FL,ASO,ES,Federal Contract Tower,67,24,51,1,143,0,1,36,0,37,67,25,87,1,180,0,0,0,180
03/26/2022,EYW,FL,ASO,ES,Federal Contract Tower,73,21,41,0,135,0,4,79,0,83,73,25,120,0,218,0,0,0,218
03/27/2022,EYW,FL,ASO,ES,Federal Contract Tower,67,22,57,0,146,0,14,79,0,93,67,36,136,0,239,0,0,0,239
03/28/2022,EYW,FL,ASO,ES,Federal Contract Tower,61,13,46,0,120,0,4,70,0,74,61,17,116,0,194,0,0,0,194
03/29/2022,EYW,FL,ASO,ES,Federal Contract Tower,57,20,37,4,118,0,10,74,2,86,57,30,111,6,204,0,0,0,204
03/30/2022,EYW,FL,ASO,ES,Federal Contract Tower,62,21,22,1,106,0,3,30,0,33,62,24,52,1,139,0,0,0,139
03/31/2022,EYW,FL,ASO,ES,Federal Contract Tower,58,25,52,0,135,0,4,47,0,51,58,29,99,0,186,0,0,0,186
04/01/2022,EYW,FL,ASO,ES,Federal Contract Tower,57,33,46,4,140,0,3,80,4,87,57,36,126,8,227,8,0,8,235
04/02/2022,EYW,FL,ASO,ES,Federal Contract Tower,59,21,37,1,118,0,0,53,6,59,59,21,90,7,177,0,0,0,177
04/03/2022,EYW,FL,ASO,ES,Federal Contract Tower,63,25,67,2,157,0,9,76,0,85,63,34,143,2,242,2,0,2,244
04/04/2022,EYW,FL,ASO,ES,Federal Contract Tower,58,19,41,0,118,0,3,51,1,55,58,22,92,1,173,0,0,0,173
04/05/2022,EYW,FL,ASO,ES,Federal Contract Tower,49,18,24,0,91,0,3,45,1,49,49,21,69,1,140,2,0,2,142
04/06/2022,EYW,FL,ASO,ES,Federal Contract Tower,58,24,57,0,139,0,1,68,0,69,58,25,125,0,208,2,0,2,210
04/07/2022,EYW,FL,ASO,ES,Federal Contract Tower,57,23,48,0,128,0,1,58,0,59,57,24,106,0,187,4,0,4,191
04/08/2022,EYW,FL,ASO,ES,Federal Contract Tower,59,22,46,0,127,0,2,52,0,54,59,24,98,0,181,0,0,0,181
04/09/2022,EYW,FL,ASO,ES,Federal Contract Tower,51,16,48,0,115,0,2,57,0,59,51,18,105,0,174,0,0,0,174
04/10/2022,EYW,FL,ASO,ES,Federal Contract Tower,61,33,73,0,167,0,5,73,0,78,61,38,146,0,245,0,0,0,245
04/11/2022,EYW,FL,ASO,ES,Federal Contract Tower,57,13,28,0,98,0,7,43,0,50,57,20,71,0,148,2,0,2,150
04/12/2022,EYW,FL,ASO,ES,Federal Contract Tower,49,20,27,0,96,0,6,69,0,75,49,26,96,0,171,20,0,20,191
04/13/2022,EYW,FL,ASO,ES,Federal Contract Tower,56,21,40,2,119,0,2,59,0,61,56,23,99,2,180,18,0,18,198
04/14/2022,EYW,FL,ASO,ES,Federal Contract Tower,59,23,44,0,126,0,4,54,0,58,59,27,98,0,184,6,0,6,190
04/15/2022,EYW,FL,ASO,ES,Federal Contract Tower,64,21,43,0,128,0,1,48,0,49,64,22,91,0,177,12,0,12,189
04/16/2022,EYW,FL,ASO,ES,Federal Contract Tower,55,15,36,0,106,0,0,71,0,71,55,15,107,0,177,0,0,0,177
04/17/2022,EYW,FL,ASO,ES,Federal Contract Tower,56,5,25,0,86,0,3,53,0,56,56,8,78,0,142,0,0,0,142
04/18/2022,EYW,FL,ASO,ES,Federal Contract Tower,53,14,35,0,102,0,3,70,0,73,53,17,105,0,175,0,0,0,175
04/19/2022,EYW,FL,ASO,ES,Federal Contract Tower,48,15,24,1,88,0,3,63,1,67,48,18,87,2,155,0,0,0,155
04/20/2022,EYW,FL,ASO,ES,Federal Contract Tower,57,17,29,0,103,0,5,63,0,68,57,22,92,0,171,16,0,16,187
04/21/2022,EYW,FL,ASO,ES,Federal Contract Tower,60,23,49,3,135,0,6,70,0,76,60,29,119,3,211,0,0,0,211
04/22/2022,EYW,FL,ASO,ES,Federal Contract Tower,56,17,46,0,119,0,4,39,0,43,56,21,85,0,162,0,0,0,162
04/23/2022,EYW,FL,ASO,ES,Federal Contract Tower,58,20,31,0,109,0,6,58,0,64,58,26,89,0,173,0,0,0,173
04/24/2022,EYW,FL,ASO,ES,Federal Contract Tower,56,20,47,1,124,0,4,117,0,121,56,24,164,1,245,4,0,4,249
04/25/2022,EYW,FL,ASO,ES,Federal Contract Tower,55,19,31,4,109,0,4,54,0,58,55,23,85,4,167,44,0,44,211
04/26/2022,EYW,FL,ASO,ES,Federal Contract Tower,50,15,30,2,97,0,1,45,2,48,50,16,75,4,145,0,0,0,145
04/27/2022,EYW,FL,ASO,ES,Federal Contract Tower,57,20,30,1,108,0,3,55,2,60,57,23,85,3,168,2,0,2,170
04/28/2022,EYW,FL,ASO,ES,Federal Contract Tower,62,23,31,1,117,0,4,65,0,69,62,27,96,1,186,20,0,20,206
04/29/2022,EYW,FL,ASO,ES,Federal Contract Tower,57,30,55,2,144,0,16,56,5,77,57,46,111,7,221,0,0,0,221
04/30/2022,EYW,FL,ASO,ES,Federal Contract Tower,59,10,34,0,103,0,5,44,0,49,59,15,78,0,152,2,0,2,154
05/01/2022,EYW,FL,ASO,ES,Federal Contract Tower,59,13,50,1,123,0,3,68,1,72,59,16,118,2,195,18,0,18,213
05/02/2022,EYW,FL,ASO,ES,Federal Contract Tower,49,16,36,0,101,0,2,35,4,41,49,18,71,4,142,4,0,4,146
05/03/2022,EYW,FL,ASO,ES,Federal Contract Tower,45,13,23,0,81,0,0,35,2,37,45,13,58,2,118,18,0,18,136
05/04/2022,EYW,FL,ASO,ES,Federal Contract Tower,54,30,36,0,120,0,5,65,0,70,54,35,101,0,190,0,0,0,190
05/05/2022,EYW,FL,ASO,ES,Federal Contract Tower,59,21,34,0,114,0,2,67,0,69,59,23,101,0,183,0,0,0,183
05/06/2022,EYW,FL,ASO,ES,Federal Contract Tower,54,16,41,0,111,0,2,80,0,82,54,18,121,0,193,10,0,10,203
05/07/2022,EYW,FL,ASO,ES,Federal Contract Tower,51,18,31,0,100,0,1,57,0,58,51,19,88,0,158,0,0,0,158
05/08/2022,EYW,FL,ASO,ES,Federal Contract Tower,58,16,51,0,125,0,4,76,0,80,58,20,127,0,205,0,0,0,205
05/09/2022,EYW,FL,ASO,ES,Federal Contract Tower,54,12,38,2,106,0,6,59,0,65,54,18,97,2,171,0,0,0,171
05/10/2022,EYW,FL,ASO,ES,Federal Contract Tower,50,24,34,0,108,0,3,63,0,66,50,27,97,0,174,0,0,0,174
05/11/2022,EYW,FL,ASO,ES,Federal Contract Tower,54,14,28,2,98,0,8,53,5,66,54,22,81,7,164,14,0,14,178
05/12/2022,EYW,FL,ASO,ES,Federal Contract Tower,57,18,28,0,103,0,3,41,11,55,57,21,69,11,158,0,0,0,158
05/13/2022,EYW,FL,ASO,ES,Federal Contract Tower,55,10,39,3,107,0,6,80,2,88,55,16,119,5,195,2,1,3,198
05/14/2022,EYW,FL,ASO,ES,Federal Contract Tower,53,16,27,0,96,0,3,53,0,56,53,19,80,0,152,2,0,2,154
05/15/2022,EYW,FL,ASO,ES,Federal Contract Tower,61,18,48,0,127,0,2,76,0,78,61,20,124,0,205,6,0,6,211
05/16/2022,EYW,FL,ASO,ES,Federal Contract Tower,52,18,25,0,95,0,1,46,0,47,52,19,71,0,142,10,0,10,152
05/17/2022,EYW,FL,ASO,ES,Federal Contract Tower,46,11,28,3,88,0,5,53,0,58,46,16,81,3,146,2,0,2,148
05/18/2022,EYW,FL,ASO,ES,Federal Contract Tower,52,19,25,1,97,0,0,57,0,57,52,19,82,1,154,0,0,0,154
05/19/2022,EYW,FL,ASO,ES,Federal Contract Tower,60,13,41,0,114,0,0,43,0,43,60,13,84,0,157,0,0,0,157
05/20/2022,EYW,FL,ASO,ES,Federal Contract Tower,52,13,33,0,98,0,1,45,0,46,52,14,78,0,144,2,0,2,146
05/21/2022,EYW,FL,ASO,ES,Federal Contract Tower,55,13,24,0,92,0,3,39,0,42,55,16,63,0,134,4,0,4,138
05/22/2022,EYW,FL,ASO,ES,Federal Contract Tower,59,15,41,0,115,0,2,72,0,74,59,17,113,0,189,0,0,0,189
05/23/2022,EYW,FL,ASO,ES,Federal Contract Tower,52,8,16,1,77,0,5,43,0,48,52,13,59,1,125,10,0,10,135
05/24/2022,EYW,FL,ASO,ES,Federal Contract Tower,46,16,24,2,88,0,2,54,1,57,46,18,78,3,145,0,0,0,145
05/25/2022,EYW,FL,ASO,ES,Federal Contract Tower,53,14,29,0,96,0,0,42,0,42,53,14,71,0,138,0,0,0,138
05/26/2022,EYW,FL,ASO,ES,Federal Contract Tower,57,18,37,4,116,0,0,74,0,74,57,18,111,4,190,12,0,12,202
05/27/2022,EYW,FL,ASO,ES,Federal Contract Tower,51,20,55,0,126,0,2,72,0,74,51,22,127,0,200,2,0,2,202
05/28/2022,EYW,FL,ASO,ES,Federal Contract Tower,53,7,22,0,82,0,0,70,0,70,53,7,92,0,152,0,0,0,152
05/29/2022,EYW,FL,ASO,ES,Federal Contract Tower,54,11,17,0,82,0,0,25,0,25,54,11,42,0,107,0,0,0,107
05/30/2022,EYW,FL,ASO,ES,Federal Contract Tower,53,13,42,0,108,0,4,56,0,60,53,17,98,0,168,42,0,42,210
05/31/2022,EYW,FL,ASO,ES,Federal Contract Tower,50,4,49,0,103,0,2,48,0,50,50,6,97,0,153,18,0,18,171
06/01/2022,EYW,FL,ASO,ES,Federal Contract Tower,48,8,30,0,86,0,2,55,0,57,48,10,85,0,143,0,0,0,143
06/02/2022,EYW,FL,ASO,ES,Federal Contract Tower,53,14,28,0,95,0,1,26,0,27,53,15,54,0,122,0,0,0,122
06/03/2022,EYW,FL,ASO,ES,Federal Contract Tower,10,5,13,0,28,0,0,0,0,0,10,5,13,0,28,0,0,0,28
06/04/2022,EYW,FL,ASO,ES,Federal Contract Tower,28,2,20,0,50,0,3,4,0,7,28,5,24,0,57,0,0,0,57
06/05/2022,EYW,FL,ASO,ES,Federal Contract Tower,57,14,32,0,103,0,1,77,0,78,57,15,109,0,181,0,0,0,181
06/06/2022,EYW,FL,ASO,ES,Federal Contract Tower,51,18,15,0,84,0,1,46,0,47,51,19,61,0,131,16,0,16,147
06/07/2022,EYW,FL,ASO,ES,Federal Contract Tower,42,20,16,0,78,0,2,15,0,17,42,22,31,0,95,0,0,0,95
06/08/2022,EYW,FL,ASO,ES,Federal Contract Tower,48,9,23,0,80,0,2,54,0,56,48,11,77,0,136,0,0,0,136
06/09/2022,EYW,FL,ASO,ES,Federal Contract Tower,52,20,32,0,104,0,2,55,0,57,52,22,87,0,161,2,0,2,163
06/10/2022,EYW,FL,ASO,ES,Federal Contract Tower,50,26,33,0,109,0,5,74,0,79,50,31,107,0,188,2,0,2,190
06/11/2022,EYW,FL,ASO,ES,Federal Contract Tower,55,10,30,0,95,0,0,70,0,70,55,10,100,0,165,0,0,0,165
06/12/2022,EYW,FL,ASO,ES,Federal Contract Tower,56,12,49,0,117,0,1,73,2,76,56,13,122,2,193,0,0,0,193
06/13/2022,EYW,FL,ASO,ES,Federal Contract Tower,51,9,32,1,93,0,3,48,0,51,51,12,80,1,144,0,0,0,144
06/14/2022,EYW,FL,ASO,ES,Federal Contract Tower,39,14,14,0,67,0,2,49,0,51,39,16,63,0,118,0,0,0,118
06/15/2022,EYW,FL,ASO,ES,Federal Contract Tower,42,20,30,0,92,0,3,46,0,49,42,23,76,0,141,0,0,0,141
06/16/2022,EYW,FL,ASO,ES,Federal Contract Tower,46,12,43,0,101,0,5,74,0,79,46,17,117,0,180,0,0,0,180
06/17/2022,EYW,FL,ASO,ES,Federal Contract Tower,45,19,40,0,104,0,0,69,2,71,45,19,109,2,175,0,0,0,175
06/18/2022,EYW,FL,ASO,ES,Federal Contract Tower,59,4,32,0,95,0,1,50,1,52,59,5,82,1,147,10,0,10,157
06/19/2022,EYW,FL,ASO,ES,Federal Contract Tower,52,8,41,0,101,0,11,56,10,77,52,19,97,10,178,4,0,4,182
06/20/2022,EYW,FL,ASO,ES,Federal Contract Tower,48,6,21,0,75,0,3,62,41,106,48,9,83,41,181,2,0,2,183
06/21/2022,EYW,FL,ASO,ES,Federal Contract Tower,43,13,25,3,84,0,3,40,5,48,43,16,65,8,132,0,0,0,132
06/22/2022,EYW,FL,ASO,ES,Federal Contract Tower,47,12,26,0,85,0,3,29,0,32,47,15,55,0,117,0,0,0,117
06/23/2022,EYW,FL,ASO,ES,Federal Contract Tower,51,11,34,0,96,0,1,59,2,62,51,12,93,2,158,0,0,0,158
06/24/2022,EYW,FL,ASO,ES,Federal Contract Tower,50,13,37,0,100,0,4,68,0,72,50,17,105,0,172,18,0,18,190
06/25/2022,EYW,FL,ASO,ES,Federal Contract Tower,54,6,24,0,84,0,0,58,0,58,54,6,82,0,142,0,0,0,142
06/26/2022,EYW,FL,ASO,ES,Federal Contract Tower,51,7,40,0,98,0,3,41,0,44,51,10,81,0,142,0,0,0,142
06/27/2022,EYW,FL,ASO,ES,Federal Contract Tower,46,17,19,0,82,0,1,41,0,42,46,18,60,0,124,10,0,10,134
06/28/2022,EYW,FL,ASO,ES,Federal Contract Tower,41,7,26,0,74,0,7,38,0,45,41,14,64,0,119,0,0,0,119
06/29/2022,EYW,FL,ASO,ES,Federal Contract Tower,45,16,15,0,76,0,4,54,0,58,45,20,69,0,134,12,0,12,146
06/30/2022,EYW,FL,ASO,ES,Federal Contract Tower,52,10,46,0,108,0,4,52,0,56,52,14,98,0,164,0,0,0,164
07/01/2022,EYW,FL,ASO,ES,Federal Contract Tower,45,14,33,0,92,0,8,76,0,84,45,22,109,0,176,10,0,10,186
07/02/2022,EYW,FL,ASO,ES,Federal Contract Tower,58,12,16,0,86,0,0,64,0,64,58,12,80,0,150,0,0,0,150
07/03/2022,EYW,FL,ASO,ES,Federal Contract Tower,50,12,20,0,82,0,2,72,0,74,50,14,92,0,156,18,0,18,174
07/04/2022,EYW,FL,ASO,ES,Federal Contract Tower,46,4,18,0,68,0,3,64,0,67,46,7,82,0,135,12,0,12,147
07/05/2022,EYW,FL,ASO,ES,Federal Contract Tower,39,11,42,0,92,0,0,40,0,40,39,11,82,0,132,16,0,16,148
07/06/2022,EYW,FL,ASO,ES,Federal Contract Tower,43,13,12,0,68,0,2,33,4,39,43,15,45,4,107,4,0,4,111
07/07/2022,EYW,FL,ASO,ES,Federal Contract Tower,53,14,22,0,89,0,2,60,0,62,53,16,82,0,151,12,0,12,163
07/08/2022,EYW,FL,ASO,ES,Federal Contract Tower,50,13,22,0,85,0,2,74,0,76,50,15,96,0,161,2,0,2,163
07/09/2022,EYW,FL,ASO,ES,Federal Contract Tower,57,7,15,0,79,0,0,47,0,47,57,7,62,0,126,0,0,0,126
07/10/2022,EYW,FL,ASO,ES,Federal Contract Tower,51,5,25,0,81,0,5,65,0,70,51,10,90,0,151,2,0,2,153
07/11/2022,EYW,FL,ASO,ES,Federal Contract Tower,50,11,25,0,86,0,3,39,0,42,50,14,64,0,128,0,0,0,128
07/12/2022,EYW,FL,ASO,ES,Federal Contract Tower,39,20,13,0,72,0,2,26,2,30,39,22,39,2,102,0,0,0,102
07/13/2022,EYW,FL,ASO,ES,Federal Contract Tower,43,10,21,0,74,0,0,34,0,34,43,10,55,0,108,4,0,4,112
07/14/2022,EYW,FL,ASO,ES,Federal Contract Tower,52,15,30,0,97,0,3,45,0,48,52,18,75,0,145,2,0,2,147
07/15/2022,EYW,FL,ASO,ES,Federal Contract Tower,52,8,24,0,84,0,3,48,0,51,52,11,72,0,135,0,0,0,135
07/16/2022,EYW,FL,ASO,ES,Federal Contract Tower,55,5,19,0,79,0,5,40,0,45,55,10,59,0,124,0,0,0,124
07/17/2022,EYW,FL,ASO,ES,Federal Contract Tower,53,9,47,0,109,0,4,57,0,61,53,13,104,0,170,0,0,0,170
07/18/2022,EYW,FL,ASO,ES,Federal Contract Tower,48,3,22,0,73,0,2,41,6,49,48,5,63,6,122,0,0,0,122
07/19/2022,EYW,FL,ASO,ES,Federal Contract Tower,39,9,16,0,64,0,4,73,0,77,39,13,89,0,141,38,0,38,179
07/20/2022,EYW,FL,ASO,ES,Federal Contract Tower,43,17,22,0,82,0,2,54,0,56,43,19,76,0,138,0,0,0,138
07/21/2022,EYW,FL,ASO,ES,Federal Contract Tower,52,12,12,0,76,0,3,56,2,61,52,15,68,2,137,22,0,22,159
07/22/2022,EYW,FL,ASO,ES,Federal Contract Tower,48,17,40,0,105,0,0,72,0,72,48,17,112,0,177,4,0,4,181
07/23/2022,EYW,FL,ASO,ES,Federal Contract Tower,53,8,32,0,93,0,1,80,0,81,53,9,112,0,174,16,4,20,194
07/24/2022,EYW,FL,ASO,ES,Federal Contract Tower,50,17,50,1,118,0,0,68,0,68,50,17,118,1,186,0,0,0,186
07/25/2022,EYW,FL,ASO,ES,Federal Contract Tower,49,11,48,2,110,0,4,68,2,74,49,15,116,4,184,8,0,8,192
07/26/2022,EYW,FL,ASO,ES,Federal Contract Tower,37,6,37,0,80,0,2,30,1,33,37,8,67,1,113,6,0,6,119
07/27/2022,EYW,FL,ASO,ES,Federal Contract Tower,43,19,26,0,88,0,3,54,1,58,43,22,80,1,146,62,0,62,208
07/28/2022,EYW,FL,ASO,ES,Federal Contract Tower,52,16,37,1,106,0,0,46,0,46,52,16,83,1,152,2,0,2,154
07/29/2022,EYW,FL,ASO,ES,Federal Contract Tower,50,10,58,1,119,0,2,70,1,73,50,12,128,2,192,0,0,0,192
07/30/2022,EYW,FL,ASO,ES,Federal Contract Tower,56,19,42,0,117,0,1,51,0,52,56,20,93,0,169,0,0,0,169
07/31/2022,EYW,FL,ASO,ES,Federal Contract Tower,52,10,35,0,97,0,2,67,0,69,52,12,102,0,166,0,0,0,166
08/01/2022,EYW,FL,ASO,ES,Federal Contract Tower,46,8,25,0,79,0,5,26,0,31,46,13,51,0,110,0,0,0,110
08/02/2022,EYW,FL,ASO,ES,Federal Contract Tower,36,12,18,0,66,0,1,64,0,65,36,13,82,0,131,0,0,0,131
08/03/2022,EYW,FL,ASO,ES,Federal Contract Tower,41,11,19,0,71,0,2,49,0,51,41,13,68,0,122,20,0,20,142
08/04/2022,EYW,FL,ASO,ES,Federal Contract Tower,47,21,38,0,106,0,5,88,0,93,47,26,126,0,199,12,0,12,211
08/05/2022,EYW,FL,ASO,ES,Federal Contract Tower,40,21,30,0,91,0,0,68,1,69,40,21,98,1,160,12,0,12,172
08/06/2022,EYW,FL,ASO,ES,Federal Contract Tower,55,5,32,0,92,0,0,66,0,66,55,5,98,0,158,14,0,14,172
08/07/2022,EYW,FL,ASO,ES,Federal Contract Tower,49,10,38,0,97,0,7,70,1,78,49,17,108,1,175,14,0,14,189
08/08/2022,EYW,FL,ASO,ES,Federal Contract Tower,45,7,36,0,88,0,3,39,0,42,45,10,75,0,130,20,0,20,150
08/09/2022,EYW,FL,ASO,ES,Federal Contract Tower,35,15,14,0,64,0,4,20,0,24,35,19,34,0,88,12,0,12,100
08/10/2022,EYW,FL,ASO,ES,Federal Contract Tower,39,20,18,0,77,0,4,66,0,70,39,24,84,0,147,28,0,28,175
08/11/2022,EYW,FL,ASO,ES,Federal Contract Tower,46,15,35,0,96,0,0,66,0,66,46,15,101,0,162,4,0,4,166
08/12/2022,EYW,FL,ASO,ES,Federal Contract Tower,46,14,35,0,95,0,2,60,0,62,46,16,95,0,157,0,0,0,157
08/13/2022,EYW,FL,ASO,ES,Federal Contract Tower,50,10,18,0,78,0,4,71,0,75,50,14,89,0,153,16,0,16,169
08/14/2022,EYW,FL,ASO,ES,Federal Contract Tower,48,10,41,0,99,0,6,71,0,77,48,16,112,0,176,8,0,8,184
08/15/2022,EYW,FL,ASO,ES,Federal Contract Tower,24,6,18,0,48,0,9,47,0,56,24,15,65,0,104,0,0,0,104
08/16/2022,EYW,FL,ASO,ES,Federal Contract Tower,38,11,19,0,68,0,1,55,0,56,38,12,74,0,124,20,0,20,144
08/17/2022,EYW,FL,ASO,ES,Federal Contract Tower,39,15,36,0,90,0,2,56,0,58,39,17,92,0,148,0,0,0,148
08/18/2022,EYW,FL,ASO,ES,Federal Contract Tower,45,19,33,1,98,0,2,53,2,57,45,21,86,3,155,50,0,50,205
08/19/2022,EYW,FL,ASO,ES,Federal Contract Tower,42,10,27,0,79,0,2,71,0,73,42,12,98,0,152,18,0,18,170
08/20/2022,EYW,FL,ASO,ES,Federal Contract Tower,38,11,22,0,71,0,0,72,0,72,38,11,94,0,143,18,0,18,161
08/21/2022,EYW,FL,ASO,ES,Federal Contract Tower,46,9,34,0,89,0,4,71,2,77,46,13,105,2,166,16,0,16,182
08/22/2022,EYW,FL,ASO,ES,Federal Contract Tower,38,9,44,0,91,0,0,41,0,41,38,9,85,0,132,6,0,6,138
08/23/2022,EYW,FL,ASO,ES,Federal Contract Tower,36,12,25,0,73,0,2,20,0,22,36,14,45,0,95,12,0,12,107
08/24/2022,EYW,FL,ASO,ES,Federal Contract Tower,35,12,20,0,67,0,0,36,1,37,35,12,56,1,104,48,0,48,152
08/25/2022,EYW,FL,ASO,ES,Federal Contract Tower,45,15,24,0,84,0,0,55,0,55,45,15,79,0,139,18,0,18,157
08/26/2022,EYW,FL,ASO,ES,Federal Contract Tower,43,13,37,0,93,0,2,45,0,47,43,15,82,0,140,8,0,8,148
08/27/2022,EYW,FL,ASO,ES,Federal Contract Tower,38,9,24,0,71,0,0,48,0,48,38,9,72,0,119,0,0,0,119
08/28/2022,EYW,FL,ASO,ES,Federal Contract Tower,45,7,32,0,84,0,3,42,0,45,45,10,74,0,129,6,0,6,135
08/29/2022,EYW,FL,ASO,ES,Federal Contract Tower,40,4,16,0,60,0,1,22,1,24,40,5,38,1,84,44,0,44,128
08/30/2022,EYW,FL,ASO,ES,Federal Contract Tower,33,12,20,0,65,0,0,37,1,38,33,12,57,1,103,44,0,44,147
08/31/2022,EYW,FL,ASO,ES,Federal Contract Tower,35,10,19,0,64,0,0,26,0,26,35,10,45,0,90,50,0,50,140
09/01/2022,EYW,FL,ASO,ES,Federal Contract Tower,42,11,28,0,81,0,2,50,0,52,42,13,78,0,133,0,0,0,133
09/02/2022,EYW,FL,ASO,ES,Federal Contract Tower,39,13,34,1,87,0,2,43,0,45,39,15,77,1,132,0,0,0,132
09/03/2022,EYW,FL,ASO,ES,Federal Contract Tower,37,2,13,1,53,0,0,72,0,72,37,2,85,1,125,6,0,6,131
09/04/2022,EYW,FL,ASO,ES,Federal Contract Tower,42,3,18,0,63,0,2,61,0,63,42,5,79,0,126,34,0,34,160
09/05/2022,EYW,FL,ASO,ES,Federal Contract Tower,42,4,52,0,98,0,8,81,0,89,42,12,133,0,187,2,0,2,189
09/06/2022,EYW,FL,ASO,ES,Federal Contract Tower,34,6,13,0,53,0,6,30,0,36,34,12,43,0,89,0,0,0,89
09/07/2022,EYW,FL,ASO,ES,Federal Contract Tower,33,4,23,0,60,0,0,59,0,59,33,4,82,0,119,10,0,10,129
09/08/2022,EYW,FL,ASO,ES,Federal Contract Tower,42,6,18,0,66,0,1,35,1,37,42,7,53,1,103,46,0,46,149
09/09/2022,EYW,FL,ASO,ES,Federal Contract Tower,42,8,18,0,68,0,4,41,0,45,42,12,59,0,113,2,2,4,117
09/10/2022,EYW,FL,ASO,ES,Federal Contract Tower,36,3,12,0,51,0,2,46,0,48,36,5,58,0,99,2,0,2,101
09/11/2022,EYW,FL,ASO,ES,Federal Contract Tower,44,5,23,0,72,0,2,48,0,50,44,7,71,0,122,0,0,0,122
09/12/2022,EYW,FL,ASO,ES,Federal Contract Tower,38,7,15,0,60,0,0,36,0,36,38,7,51,0,96,16,0,16,112
09/13/2022,EYW,FL,ASO,ES,Federal Contract Tower,29,8,12,0,49,0,2,34,0,36,29,10,46,0,85,12,0,12,97
09/14/2022,EYW,FL,ASO,ES,Federal Contract Tower,36,11,13,0,60,0,3,36,0,39,36,14,49,0,99,8,0,8,107
09/15/2022,EYW,FL,ASO,ES,Federal Contract Tower,43,18,21,0,82,0,1,45,0,46,43,19,66,0,128,12,0,12,140
09/16/2022,EYW,FL,ASO,ES,Federal Contract Tower,41,16,23,0,80,0,5,34,0,39,41,21,57,0,119,0,0,0,119
09/17/2022,EYW,FL,ASO,ES,Federal Contract Tower,34,8,14,0,56,0,2,24,0,26,34,10,38,0,82,0,0,0,82
09/18/2022,EYW,FL,ASO,ES,Federal Contract Tower,45,1,30,0,76,0,2,43,0,45,45,3,73,0,121,0,0,0,121
09/19/2022,EYW,FL,ASO,ES,Federal Contract Tower,38,15,27,0,80,0,3,23,0,26,38,18,50,0,106,4,0,4,110
09/20/2022,EYW,FL,ASO,ES,Federal Contract Tower,32,11,16,0,59,0,0,35,1,36,32,11,51,1,95,64,0,64,159
09/21/2022,EYW,FL,ASO,ES,Federal Contract Tower,32,13,15,2,62,0,3,38,0,41,32,16,53,2,103,20,0,20,123
09/22/2022,EYW,FL,ASO,ES,Federal Contract Tower,43,20,26,1,90,0,5,75,3,83,43,25,101,4,173,8,0,8,181
09/23/2022,EYW,FL,ASO,ES,Federal Contract Tower,42,10,24,0,76,0,0,59,1,60,42,10,83,1,136,12,0,12,148
09/24/2022,EYW,FL,ASO,ES,Federal Contract Tower,38,9,27,0,74,0,4,55,0,59,38,13,82,0,133,6,0,6,139
09/25/2022,EYW,FL,ASO,ES,Federal Contract Tower,44,11,27,0,82,0,0,33,2,35,44,11,60,2,117,0,0,0,117
09/26/2022,EYW,FL,ASO,ES,Federal Contract Tower,40,6,11,2,59,0,5,21,0,26,40,11,32,2,85,0,0,0,85
09/27/2022,EYW,FL,ASO,ES,Federal Contract Tower,0,0,0,0,0,0,0,0,0,0,0,0,0,0,0,0,0,0,0
09/28/2022,EYW,FL,ASO,ES,Federal Contract Tower,0,0,0,0,0,0,0,0,0,0,0,0,0,0,0,0,0,0,0
09/29/2022,EYW,FL,ASO,ES,Federal Contract Tower,28,4,1,0,33,0,0,6,0,6,28,4,7,0,39,0,0,0,39
09/30/2022,EYW,FL,ASO,ES,Federal Contract Tower,34,8,15,0,57,0,2,13,0,15,34,10,28,0,72,2,0,2,74
10/01/2022,EYW,FL,ASO,ES,Federal Contract Tower,40,9,6,0,55,0,1,27,0,28,40,10,33,0,83,10,0,10,93
10/02/2022,EYW,FL,ASO,ES,Federal Contract Tower,35,6,16,0,57,0,0,35,0,35,35,6,51,0,92,8,0,8,100
10/03/2022,EYW,FL,ASO,ES,Federal Contract Tower,39,7,11,0,57,0,1,34,0,35,39,8,45,0,92,6,0,6,98
10/04/2022,EYW,FL,ASO,ES,Federal Contract Tower,32,11,13,1,57,0,1,48,5,54,32,12,61,6,111,6,0,6,117
10/05/2022,EYW,FL,ASO,ES,Federal Contract Tower,35,11,12,1,59,0,1,34,0,35,35,12,46,1,94,16,0,16,110
10/06/2022,EYW,FL,ASO,ES,Federal Contract Tower,42,15,22,0,79,0,0,35,0,35,42,15,57,0,114,22,0,22,136
10/07/2022,EYW,FL,ASO,ES,Federal Contract Tower,44,18,23,0,85,0,3,38,0,41,44,21,61,0,126,0,0,0,126
10/08/2022,EYW,FL,ASO,ES,Federal Contract Tower,44,5,7,0,56,0,0,31,0,31,44,5,38,0,87,0,0,0,87
10/09/2022,EYW,FL,ASO,ES,Federal Contract Tower,46,9,30,1,86,0,2,33,0,35,46,11,63,1,121,2,0,2,123
10/10/2022,EYW,FL,ASO,ES,Federal Contract Tower,39,4,29,0,72,0,4,47,0,51,39,8,76,0,123,24,0,24,147
10/11/2022,EYW,FL,ASO,ES,Federal Contract Tower,35,17,21,0,73,0,0,21,0,21,35,17,42,0,94,2,0,2,96
10/12/2022,EYW,FL,ASO,ES,Federal Contract Tower,35,19,22,0,76,0,1,30,0,31,35,20,52,0,107,6,0,6,113
10/13/2022,EYW,FL,ASO,ES,Federal Contract Tower,49,11,22,0,82,0,0,21,0,21,49,11,43,0,103,6,0,6,109
10/14/2022,EYW,FL,ASO,ES,Federal Contract Tower,43,16,36,0,95,0,4,42,0,46,43,20,78,0,141,0,0,0,141
10/15/2022,EYW,FL,ASO,ES,Federal Contract Tower,46,9,27,0,82,0,0,50,0,50,46,9,77,0,132,6,0,6,138
10/16/2022,EYW,FL,ASO,ES,Federal Contract Tower,47,6,58,0,111,0,2,49,0,51,47,8,107,0,162,0,0,0,162
10/17/2022,EYW,FL,ASO,ES,Federal Contract Tower,36,14,26,0,76,0,3,29,0,32,36,17,55,0,108,18,0,18,126
10/18/2022,EYW,FL,ASO,ES,Federal Contract Tower,33,13,25,3,74,0,2,44,2,48,33,15,69,5,122,4,0,4,126
10/19/2022,EYW,FL,ASO,ES,Federal Contract Tower,34,14,19,0,67,0,1,25,0,26,34,15,44,0,93,4,0,4,97
10/20/2022,EYW,FL,ASO,ES,Federal Contract Tower,44,10,28,0,82,0,6,43,0,49,44,16,71,0,131,0,0,0,131
10/21/2022,EYW,FL,ASO,ES,Federal Contract Tower,42,19,22,0,83,0,3,42,0,45,42,22,64,0,128,2,0,2,130
10/22/2022,EYW,FL,ASO,ES,Federal Contract Tower,43,18,15,0,76,0,2,42,0,44,43,20,57,0,120,0,0,0,120
10/23/2022,EYW,FL,ASO,ES,Federal Contract Tower,44,7,39,2,92,0,3,62,0,65,44,10,101,2,157,0,0,0,157
10/24/2022,EYW,FL,ASO,ES,Federal Contract Tower,39,11,16,0,66,0,0,48,0,48,39,11,64,0,114,10,0,10,124
10/25/2022,EYW,FL,ASO,ES,Federal Contract Tower,32,19,22,0,73,0,0,47,0,47,32,19,69,0,120,6,0,6,126
10/26/2022,EYW,FL,ASO,ES,Federal Contract Tower,36,27,36,0,99,0,0,68,0,68,36,27,104,0,167,18,0,18,185
10/27/2022,EYW,FL,ASO,ES,Federal Contract Tower,45,18,37,0,100,0,3,43,0,46,45,21,80,0,146,0,0,0,146
10/28/2022,EYW,FL,ASO,ES,Federal Contract Tower,43,16,32,0,91,0,5,61,4,70,43,21,93,4,161,2,0,2,163
10/29/2022,EYW,FL,ASO,ES,Federal Contract Tower,43,15,34,0,92,0,0,94,2,96,43,15,128,2,188,44,0,44,232
10/30/2022,EYW,FL,ASO,ES,Federal Contract Tower,50,27,49,0,126,0,6,67,1,74,50,33,116,1,200,2,0,2,202
10/31/2022,EYW,FL,ASO,ES,Federal Contract Tower,40,11,26,0,77,0,1,44,0,45,40,12,70,0,122,20,0,20,142
11/01/2022,EYW,FL,ASO,ES,Federal Contract Tower,33,13,19,0,65,0,7,37,0,44,33,20,56,0,109,18,0,18,127
11/02/2022,EYW,FL,ASO,ES,Federal Contract Tower,37,13,26,0,76,0,2,61,0,63,37,15,87,0,139,12,0,12,151
11/03/2022,EYW,FL,ASO,ES,Federal Contract Tower,53,14,40,0,107,0,2,37,3,42,53,16,77,3,149,0,0,0,149
11/04/2022,EYW,FL,ASO,ES,Federal Contract Tower,50,25,17,0,92,0,2,40,1,43,50,27,57,1,135,0,2,2,137
11/05/2022,EYW,FL,ASO,ES,Federal Contract Tower,55,8,12,0,75,0,2,49,0,51,55,10,61,0,126,0,0,0,126
11/06/2022,EYW,FL,ASO,ES,Federal Contract Tower,56,13,43,1,113,0,7,73,0,80,56,20,116,1,193,8,0,8,201
11/07/2022,EYW,FL,ASO,ES,Federal Contract Tower,48,17,30,0,95,0,2,60,0,62,48,19,90,0,157,28,0,28,185
11/08/2022,EYW,FL,ASO,ES,Federal Contract Tower,40,21,44,0,105,0,0,37,0,37,40,21,81,0,142,0,0,0,142
11/09/2022,EYW,FL,ASO,ES,Federal Contract Tower,32,6,27,2,67,0,6,18,0,24,32,12,45,2,91,0,0,0,91
11/10/2022,EYW,FL,ASO,ES,Federal Contract Tower,43,10,29,0,82,0,1,40,0,41,43,11,69,0,123,0,0,0,123
11/11/2022,EYW,FL,ASO,ES,Federal Contract Tower,50,14,42,0,106,0,7,96,2,105,50,21,138,2,211,18,0,18,229
11/13/2022,EYW,FL,ASO,ES,Federal Contract Tower,55,29,70,0,154,0,9,115,2,126,55,38,185,2,280,0,0,0,280
11/14/2022,EYW,FL,ASO,ES,Federal Contract Tower,48,22,41,0,111,0,8,70,0,78,48,30,111,0,189,4,0,4,193
11/15/2022,EYW,FL,ASO,ES,Federal Contract Tower,42,15,16,0,73,0,14,57,0,71,42,29,73,0,144,10,0,10,154
11/16/2022,EYW,FL,ASO,ES,Federal Contract Tower,42,5,16,0,63,0,1,32,0,33,42,6,48,0,96,16,0,16,112
11/17/2022,EYW,FL,ASO,ES,Federal Contract Tower,50,11,33,0,94,0,5,34,2,41,50,16,67,2,135,0,0,0,135
11/18/2022,EYW,FL,ASO,ES,Federal Contract Tower,55,14,35,0,104,0,6,64,0,70,55,20,99,0,174,0,0,0,174
11/19/2022,EYW,FL,ASO,ES,Federal Contract Tower,50,14,38,0,102,0,1,62,0,63,50,15,100,0,165,0,0,0,165
11/20/2022,EYW,FL,ASO,ES,Federal Contract Tower,48,13,31,0,92,0,2,28,0,30,48,15,59,0,122,4,0,4,126
11/21/2022,EYW,FL,ASO,ES,Federal Contract Tower,52,11,28,0,91,0,5,15,0,20,52,16,43,0,111,0,0,0,111
11/22/2022,EYW,FL,ASO,ES,Federal Contract Tower,49,19,48,0,116,0,7,31,0,38,49,26,79,0,154,2,0,2,156
11/23/2022,EYW,FL,ASO,ES,Federal Contract Tower,51,13,36,0,100,0,6,53,0,59,51,19,89,0,159,4,0,4,163
11/24/2022,EYW,FL,ASO,ES,Federal Contract Tower,36,1,10,0,47,0,2,34,0,36,36,3,44,0,83,2,0,2,85
11/25/2022,EYW,FL,ASO,ES,Federal Contract Tower,43,11,36,0,90,0,0,74,2,76,43,11,110,2,166,0,0,0,166
11/26/2022,EYW,FL,ASO,ES,Federal Contract Tower,53,11,41,0,105,0,2,70,0,72,53,13,111,0,177,0,0,0,177
11/27/2022,EYW,FL,ASO,ES,Federal Contract Tower,60,10,39,0,109,0,4,51,0,55,60,14,90,0,164,0,0,0,164
11/28/2022,EYW,FL,ASO,ES,Federal Contract Tower,48,1,22,0,71,0,2,47,0,49,48,3,69,0,120,0,0,0,120
11/29/2022,EYW,FL,ASO,ES,Federal Contract Tower,40,7,19,2,68,0,5,49,2,56,40,12,68,4,124,2,0,2,126
11/30/2022,EYW,FL,ASO,ES,Federal Contract Tower,44,11,24,0,79,0,6,44,0,50,44,17,68,0,129,2,0,2,131
12/01/2022,EYW,FL,ASO,ES,Federal Contract Tower,52,11,37,1,101,0,3,56,1,60,52,14,93,2,161,8,0,8,169
12/02/2022,EYW,FL,ASO,ES,Federal Contract Tower,54,16,39,0,109,0,2,55,3,60,54,18,94,3,169,4,0,4,173
12/03/2022,EYW,FL,ASO,ES,Federal Contract Tower,56,11,21,1,89,0,4,59,0,63,56,15,80,1,152,6,0,6,158
12/04/2022,EYW,FL,ASO,ES,Federal Contract Tower,53,14,34,0,101,0,7,43,2,52,53,21,77,2,153,12,0,12,165
12/05/2022,EYW,FL,ASO,ES,Federal Contract Tower,48,18,31,1,98,0,6,50,0,56,48,24,81,1,154,2,0,2,156
12/06/2022,EYW,FL,ASO,ES,Federal Contract Tower,40,9,17,0,66,0,3,37,1,41,40,12,54,1,107,0,0,0,107
12/07/2022,EYW,FL,ASO,ES,Federal Contract Tower,45,21,21,1,88,0,4,68,3,75,45,25,89,4,163,6,0,6,169
12/08/2022,EYW,FL,ASO,ES,Federal Contract Tower,53,10,27,2,92,0,6,51,2,59,53,16,78,4,151,2,0,2,153
12/09/2022,EYW,FL,ASO,ES,Federal Contract Tower,55,10,27,2,94,0,5,63,3,71,55,15,90,5,165,0,0,0,165
12/10/2022,EYW,FL,ASO,ES,Federal Contract Tower,55,20,20,1,96,0,1,56,2,59,55,21,76,3,155,2,0,2,157
12/11/2022,EYW,FL,ASO,ES,Federal Contract Tower,57,11,35,4,107,0,6,86,0,92,57,17,121,4,199,6,0,6,205
12/12/2022,EYW,FL,ASO,ES,Federal Contract Tower,49,8,28,0,85,0,0,53,1,54,49,8,81,1,139,16,0,16,155
12/13/2022,EYW,FL,ASO,ES,Federal Contract Tower,40,9,34,0,83,0,3,59,0,62,40,12,93,0,145,10,0,10,155
12/14/2022,EYW,FL,ASO,ES,Federal Contract Tower,43,11,29,0,83,0,4,59,0,63,43,15,88,0,146,14,0,14,160
12/15/2022,EYW,FL,ASO,ES,Federal Contract Tower,64,13,25,0,102,0,4,59,4,67,64,17,84,4,169,15,0,15,184
12/16/2022,EYW,FL,ASO,ES,Federal Contract Tower,63,13,48,0,124,0,3,40,0,43,63,16,88,0,167,4,0,4,171
12/17/2022,EYW,FL,ASO,ES,Federal Contract Tower,62,13,25,0,100,0,2,27,0,29,62,15,52,0,129,0,0,0,129
12/18/2022,EYW,FL,ASO,ES,Federal Contract Tower,66,10,45,1,122,0,1,52,0,53,66,11,97,1,175,0,0,0,175
12/19/2022,EYW,FL,ASO,ES,Federal Contract Tower,60,16,25,3,104,0,4,51,2,57,60,20,76,5,161,2,0,2,163
12/20/2022,EYW,FL,ASO,ES,Federal Contract Tower,49,14,15,0,78,0,0,35,1,36,49,14,50,1,114,0,0,0,114
12/21/2022,EYW,FL,ASO,ES,Federal Contract Tower,56,15,35,0,106,0,2,50,1,53,56,17,85,1,159,2,0,2,161
12/22/2022,EYW,FL,ASO,ES,Federal Contract Tower,56,18,18,0,92,0,5,56,0,61,56,23,74,0,153,8,0,8,161
12/23/2022,EYW,FL,ASO,ES,Federal Contract Tower,54,6,6,0,66,0,6,5,0,11,54,12,11,0,77,0,0,0,77
12/24/2022,EYW,FL,ASO,ES,Federal Contract Tower,46,3,15,0,64,0,9,31,0,40,46,12,46,0,104,0,0,0,104
12/25/2022,EYW,FL,ASO,ES,Federal Contract Tower,55,5,4,0,64,0,0,18,0,18,55,5,22,0,82,0,0,0,82
12/26/2022,EYW,FL,ASO,ES,Federal Contract Tower,60,14,37,0,111,0,3,31,2,36,60,17,68,2,147,0,0,0,147
12/27/2022,EYW,FL,ASO,ES,Federal Contract Tower,57,18,65,0,140,0,3,53,0,56,57,21,118,0,196,0,0,0,196
12/28/2022,EYW,FL,ASO,ES,Federal Contract Tower,57,23,57,2,139,0,10,105,8,123,57,33,162,10,262,0,0,0,262
12/29/2022,EYW,FL,ASO,ES,Federal Contract Tower,64,23,52,0,139,0,13,92,0,105,64,36,144,0,244,4,0,4,248
12/30/2022,EYW,FL,ASO,ES,Federal Contract Tower,59,12,57,0,128,0,7,92,0,99,59,19,149,0,227,2,0,2,229
12/31/2022,EYW,FL,ASO,ES,Federal Contract Tower,55,13,38,0,106,0,11,92,0,103,55,24,130,0,209,2,0,2,211
01/01/2023,EYW,FL,ASO,ES,Federal Contract Tower,57,19,41,0,117,0,6,75,0,81,57,25,116,0,198,0,0,0,198
01/02/2023,EYW,FL,ASO,ES,Federal Contract Tower,56,34,98,0,188,0,13,109,0,122,56,47,207,0,310,0,0,0,310
01/03/2023,EYW,FL,ASO,ES,Federal Contract Tower,52,15,47,2,116,0,27,57,1,85,52,42,104,3,201,8,0,8,209
01/04/2023,EYW,FL,ASO,ES,Federal Contract Tower,36,28,25,3,92,0,12,36,2,50,36,40,61,5,142,8,0,8,150
01/05/2023,EYW,FL,ASO,ES,Federal Contract Tower,57,23,28,0,108,0,6,42,3,51,57,29,70,3,159,0,0,0,159
01/06/2023,EYW,FL,ASO,ES,Federal Contract Tower,59,24,49,0,132,0,8,50,0,58,59,32,99,0,190,4,0,4,194
01/07/2023,EYW,FL,ASO,ES,Federal Contract Tower,65,14,29,0,108,0,2,65,0,67,65,16,94,0,175,0,0,0,175
01/08/2023,EYW,FL,ASO,ES,Federal Contract Tower,60,22,49,0,131,0,2,82,1,85,60,24,131,1,216,8,0,8,224
01/09/2023,EYW,FL,ASO,ES,Federal Contract Tower,55,13,24,2,94,0,0,41,4,45,55,13,65,6,139,0,0,0,139
01/10/2023,EYW,FL,ASO,ES,Federal Contract Tower,46,13,24,0,83,0,1,64,3,68,46,14,88,3,151,2,0,2,153
01/11/2023,EYW,FL,ASO,ES,Federal Contract Tower,39,17,24,2,82,0,3,76,3,82,39,20,100,5,164,4,0,4,168
01/12/2023,EYW,FL,ASO,ES,Federal Contract Tower,51,16,37,0,104,0,6,70,7,83,51,22,107,7,187,22,0,22,209
01/13/2023,EYW,FL,ASO,ES,Federal Contract Tower,51,20,48,0,119,0,3,17,6,26,51,23,65,6,145,0,0,0,145
01/14/2023,EYW,FL,ASO,ES,Federal Contract Tower,56,18,29,0,103,0,10,27,8,45,56,28,56,8,148,0,0,0,148
01/15/2023,EYW,FL,ASO,ES,Federal Contract Tower,50,25,61,0,136,0,6,78,7,91,50,31,139,7,227,6,0,6,233
01/16/2023,EYW,FL,ASO,ES,Federal Contract Tower,52,22,62,2,138,0,3,79,3,85,52,25,141,5,223,0,0,0,223
01/17/2023,EYW,FL,ASO,ES,Federal Contract Tower,38,14,24,3,79,0,2,66,2,70,38,16,90,5,149,2,0,2,151
01/18/2023,EYW,FL,ASO,ES,Federal Contract Tower,46,16,28,0,90,0,4,74,1,79,46,20,102,1,169,2,0,2,171
01/19/2023,EYW,FL,ASO,ES,Federal Contract Tower,56,13,25,0,94,0,0,66,4,70,56,13,91,4,164,0,0,0,164
01/20/2023,EYW,FL,ASO,ES,Federal Contract Tower,53,13,52,0,118,0,2,79,7,88,53,15,131,7,206,2,0,2,208
01/21/2023,EYW,FL,ASO,ES,Federal Contract Tower,57,13,23,0,93,0,3,100,3,106,57,16,123,3,199,0,0,0,199
01/22/2023,EYW,FL,ASO,ES,Federal Contract Tower,55,21,46,0,122,0,10,92,3,105,55,31,138,3,227,0,0,0,227
01/23/2023,EYW,FL,ASO,ES,Federal Contract Tower,48,11,49,0,108,0,2,44,2,48,48,13,93,2,156,0,0,0,156
01/24/2023,EYW,FL,ASO,ES,Federal Contract Tower,42,16,37,3,98,0,2,78,1,81,42,18,115,4,179,8,0,8,187
01/25/2023,EYW,FL,ASO,ES,Federal Contract Tower,43,14,26,0,83,0,20,51,3,74,43,34,77,3,157,6,0,6,163
01/26/2023,EYW,FL,ASO,ES,Federal Contract Tower,50,22,53,0,125,0,1,17,0,18,50,23,70,0,143,2,0,2,145
01/27/2023,EYW,FL,ASO,ES,Federal Contract Tower,53,13,40,0,106,0,8,25,0,33,53,21,65,0,139,0,0,0,139
01/28/2023,EYW,FL,ASO,ES,Federal Contract Tower,56,12,39,0,107,0,3,21,0,24,56,15,60,0,131,0,0,0,131
01/29/2023,EYW,FL,ASO,ES,Federal Contract Tower,55,15,60,1,131,0,4,70,2,76,55,19,130,3,207,14,0,14,221
01/30/2023,EYW,FL,ASO,ES,Federal Contract Tower,51,15,28,1,95,0,6,53,0,59,51,21,81,1,154,12,0,12,166
01/31/2023,EYW,FL,ASO,ES,Federal Contract Tower,42,23,23,0,88,0,2,66,0,68,42,25,89,0,156,2,0,2,158
02/01/2023,EYW,FL,ASO,ES,Federal Contract Tower,42,15,38,1,96,0,4,68,5,77,42,19,106,6,173,8,0,8,181
02/02/2023,EYW,FL,ASO,ES,Federal Contract Tower,54,17,46,0,117,0,5,57,0,62,54,22,103,0,179,0,0,0,179
02/03/2023,EYW,FL,ASO,ES,Federal Contract Tower,56,21,43,0,120,0,4,62,4,70,56,25,105,4,190,0,0,0,190
02/04/2023,EYW,FL,ASO,ES,Federal Contract Tower,59,20,28,0,107,0,0,9,0,9,59,20,37,0,116,0,0,0,116
02/05/2023,EYW,FL,ASO,ES,Federal Contract Tower,55,13,51,0,119,0,5,74,0,79,55,18,125,0,198,8,0,8,206
02/06/2023,EYW,FL,ASO,ES,Federal Contract Tower,48,16,32,7,103,0,2,59,1,62,48,18,91,8,165,8,0,8,173
02/07/2023,EYW,FL,ASO,ES,Federal Contract Tower,43,14,18,2,77,0,4,59,0,63,43,18,77,2,140,8,0,8,148
02/08/2023,EYW,FL,ASO,ES,Federal Contract Tower,47,17,33,8,105,0,5,77,0,82,47,22,110,8,187,6,0,6,193
02/09/2023,EYW,FL,ASO,ES,Federal Contract Tower,57,12,52,0,121,0,6,80,0,86,57,18,132,0,207,6,0,6,213
02/10/2023,EYW,FL,ASO,ES,Federal Contract Tower,54,31,56,0,141,0,6,87,0,93,54,37,143,0,234,0,0,0,234
02/11/2023,EYW,FL,ASO,ES,Federal Contract Tower,64,20,29,0,113,0,8,70,2,80,64,28,99,2,193,0,0,0,193
02/12/2023,EYW,FL,ASO,ES,Federal Contract Tower,58,25,68,2,153,0,2,52,4,58,58,27,120,6,211,0,0,0,211
02/13/2023,EYW,FL,ASO,ES,Federal Contract Tower,55,16,38,0,109,0,7,47,0,54,55,23,85,0,163,0,0,0,163
02/14/2023,EYW,FL,ASO,ES,Federal Contract Tower,43,14,32,0,89,0,2,78,4,84,43,16,110,4,173,14,0,14,187
02/15/2023,EYW,FL,ASO,ES,Federal Contract Tower,51,22,40,0,113,0,8,71,0,79,51,30,111,0,192,14,0,14,206
02/16/2023,EYW,FL,ASO,ES,Federal Contract Tower,61,22,46,0,129,0,5,68,0,73,61,27,114,0,202,2,0,2,204
02/17/2023,EYW,FL,ASO,ES,Federal Contract Tower,55,18,64,0,137,0,7,80,0,87,55,25,144,0,224,2,0,2,226
02/18/2023,EYW,FL,ASO,ES,Federal Contract Tower,66,21,41,0,128,0,9,57,0,66,66,30,98,0,194,4,0,4,198
02/19/2023,EYW,FL,ASO,ES,Federal Contract Tower,64,16,74,0,154,0,2,108,0,110,64,18,182,0,264,16,0,16,280
02/20/2023,EYW,FL,ASO,ES,Federal Contract Tower,57,20,56,0,133,0,7,90,0,97,57,27,146,0,230,6,0,6,236
02/21/2023,EYW,FL,ASO,ES,Federal Contract Tower,52,22,38,0,112,0,3,81,0,84,52,25,119,0,196,16,0,16,212
02/22/2023,EYW,FL,ASO,ES,Federal Contract Tower,55,21,37,0,113,0,6,68,0,74,55,27,105,0,187,20,0,20,207
02/23/2023,EYW,FL,ASO,ES,Federal Contract Tower,56,19,34,0,109,0,10,73,0,83,56,29,107,0,192,0,0,0,192
02/24/2023,EYW,FL,ASO,ES,Federal Contract Tower,53,23,50,0,126,0,3,72,0,75,53,26,122,0,201,2,0,2,203
02/25/2023,EYW,FL,ASO,ES,Federal Contract Tower,63,18,31,0,112,0,7,80,0,87,63,25,111,0,199,24,0,24,223
02/26/2023,EYW,FL,ASO,ES,Federal Contract Tower,58,21,53,0,132,0,2,86,0,88,58,23,139,0,220,0,0,0,220
02/27/2023,EYW,FL,ASO,ES,Federal Contract Tower,53,16,28,0,97,0,2,67,0,69,53,18,95,0,166,6,0,6,172
02/28/2023,EYW,FL,ASO,ES,Federal Contract Tower,47,16,22,0,85,0,0,87,0,87,47,16,109,0,172,8,0,8,180
03/01/2023,EYW,FL,ASO,ES,Federal Contract Tower,52,22,40,0,114,0,3,73,1,77,52,25,113,1,191,10,0,10,201
03/02/2023,EYW,FL,ASO,ES,Federal Contract Tower,60,27,36,0,123,0,5,62,5,72,60,32,98,5,195,0,0,0,195
03/03/2023,EYW,FL,ASO,ES,Federal Contract Tower,60,16,37,0,113,0,9,51,2,62,60,25,88,2,175,0,0,0,175
03/04/2023,EYW,FL,ASO,ES,Federal Contract Tower,62,17,41,0,120,0,4,78,2,84,62,21,119,2,204,0,0,0,204
03/05/2023,EYW,FL,ASO,ES,Federal Contract Tower,65,19,61,0,145,0,5,86,0,91,65,24,147,0,236,2,0,2,238
03/06/2023,EYW,FL,ASO,ES,Federal Contract Tower,58,12,22,0,92,0,5,77,0,82,58,17,99,0,174,22,0,22,196
03/07/2023,EYW,FL,ASO,ES,Federal Contract Tower,51,17,21,0,89,0,1,72,0,73,51,18,93,0,162,2,0,2,164
03/08/2023,EYW,FL,ASO,ES,Federal Contract Tower,57,14,22,5,98,0,6,53,0,59,57,20,75,5,157,12,0,12,169
03/09/2023,EYW,FL,ASO,ES,Federal Contract Tower,63,22,29,0,114,0,4,62,12,78,63,26,91,12,192,12,0,12,204
03/10/2023,EYW,FL,ASO,ES,Federal Contract Tower,63,13,60,0,136,0,8,67,4,79,63,21,127,4,215,0,0,0,215
03/11/2023,EYW,FL,ASO,ES,Federal Contract Tower,63,16,46,0,125,0,0,82,0,82,63,16,128,0,207,0,0,0,207
03/12/2023,EYW,FL,ASO,ES,Federal Contract Tower,64,22,85,0,171,0,5,94,0,99,64,27,179,0,270,6,0,6,276
03/13/2023,EYW,FL,ASO,ES,Federal Contract Tower,58,20,26,1,105,0,0,28,3,31,58,20,54,4,136,2,0,2,138
03/14/2023,EYW,FL,ASO,ES,Federal Contract Tower,57,25,30,1,113,0,2,69,0,71,57,27,99,1,184,4,0,4,188
03/15/2023,EYW,FL,ASO,ES,Federal Contract Tower,57,13,33,0,103,0,1,17,0,18,57,14,50,0,121,0,0,0,121
03/16/2023,EYW,FL,ASO,ES,Federal Contract Tower,60,28,55,0,143,0,8,61,0,69,60,36,116,0,212,2,0,2,214
03/17/2023,EYW,FL,ASO,ES,Federal Contract Tower,64,24,52,1,141,0,1,74,0,75,64,25,126,1,216,0,0,0,216
03/18/2023,EYW,FL,ASO,ES,Federal Contract Tower,63,24,43,0,130,0,4,74,0,78,63,28,117,0,208,0,4,4,212
03/19/2023,EYW,FL,ASO,ES,Federal Contract Tower,65,15,55,0,135,0,9,33,0,42,65,24,88,0,177,2,0,2,179
03/20/2023,EYW,FL,ASO,ES,Federal Contract Tower,57,9,19,2,87,0,5,19,4,28,57,14,38,6,115,2,0,2,117
03/21/2023,EYW,FL,ASO,ES,Federal Contract Tower,52,15,28,0,95,0,2,79,0,81,52,17,107,0,176,36,0,36,212
03/22/2023,EYW,FL,ASO,ES,Federal Contract Tower,58,15,30,0,103,0,4,99,2,105,58,19,129,2,208,4,0,4,212
03/23/2023,EYW,FL,ASO,ES,Federal Contract Tower,61,21,48,0,130,0,2,70,4,76,61,23,118,4,206,6,0,6,212
03/24/2023,EYW,FL,ASO,ES,Federal Contract Tower,65,22,51,0,138,0,9,87,1,97,65,31,138,1,235,2,0,2,237
03/25/2023,EYW,FL,ASO,ES,Federal Contract Tower,63,18,40,0,121,0,8,80,5,93,63,26,120,5,214,6,0,6,220
03/26/2023,EYW,FL,ASO,ES,Federal Contract Tower,61,12,41,3,117,0,4,78,0,82,61,16,119,3,199,6,0,6,205
03/27/2023,EYW,FL,ASO,ES,Federal Contract Tower,59,11,40,0,110,0,1,86,0,87,59,12,126,0,197,14,0,14,211
03/28/2023,EYW,FL,ASO,ES,Federal Contract Tower,49,10,15,0,74,0,2,79,1,82,49,12,94,1,156,32,0,32,188
03/29/2023,EYW,FL,ASO,ES,Federal Contract Tower,54,19,37,0,110,0,13,52,0,65,54,32,89,0,175,20,0,20,195
03/30/2023,EYW,FL,ASO,ES,Federal Contract Tower,63,26,51,0,140,0,6,66,0,72,63,32,117,0,212,20,0,20,232
03/31/2023,EYW,FL,ASO,ES,Federal Contract Tower,62,26,49,0,137,0,11,56,2,69,62,37,105,2,206,0,0,0,206
04/01/2023,EYW,FL,ASO,ES,Federal Contract Tower,63,25,50,0,138,0,11,105,0,116,63,36,155,0,254,8,0,8,262
04/02/2023,EYW,FL,ASO,ES,Federal Contract Tower,71,17,78,0,166,0,7,112,0,119,71,24,190,0,285,2,2,4,289
04/03/2023,EYW,FL,ASO,ES,Federal Contract Tower,58,27,31,0,116,0,2,78,0,80,58,29,109,0,196,10,0,10,206
04/04/2023,EYW,FL,ASO,ES,Federal Contract Tower,56,16,23,4,99,0,0,68,3,71,56,16,91,7,170,20,0,20,190
04/05/2023,EYW,FL,ASO,ES,Federal Contract Tower,57,16,30,0,103,0,1,51,0,52,57,17,81,0,155,12,0,12,167
04/06/2023,EYW,FL,ASO,ES,Federal Contract Tower,56,18,27,3,104,0,4,62,2,68,56,22,89,5,172,30,2,32,204
04/07/2023,EYW,FL,ASO,ES,Federal Contract Tower,61,19,34,0,114,0,11,69,0,80,61,30,103,0,194,8,0,8,202
04/08/2023,EYW,FL,ASO,ES,Federal Contract Tower,60,14,37,0,111,0,4,72,3,79,60,18,109,3,190,0,2,2,192
04/09/2023,EYW,FL,ASO,ES,Federal Contract Tower,63,10,36,0,109,0,1,90,2,93,63,11,126,2,202,14,4,18,220
04/10/2023,EYW,FL,ASO,ES,Federal Contract Tower,60,27,42,2,131,0,5,58,0,63,60,32,100,2,194,0,0,0,194
04/11/2023,EYW,FL,ASO,ES,Federal Contract Tower,56,14,32,0,102,0,0,24,0,24,56,14,56,0,126,0,0,0,126
04/12/2023,EYW,FL,ASO,ES,Federal Contract Tower,52,24,42,0,118,0,0,56,0,56,52,24,98,0,174,0,0,0,174
04/13/2023,EYW,FL,ASO,ES,Federal Contract Tower,61,21,43,0,125,0,2,29,0,31,61,23,72,0,156,0,0,0,156
04/14/2023,EYW,FL,ASO,ES,Federal Contract Tower,64,17,53,0,134,0,5,49,0,54,64,22,102,0,188,0,0,0,188
04/15/2023,EYW,FL,ASO,ES,Federal Contract Tower,60,20,42,2,124,0,5,53,0,58,60,25,95,2,182,0,0,0,182
04/16/2023,EYW,FL,ASO,ES,Federal Contract Tower,63,22,74,0,159,0,3,61,0,64,63,25,135,0,223,0,0,0,223
04/17/2023,EYW,FL,ASO,ES,Federal Contract Tower,39,12,13,0,64,0,2,11,0,13,39,14,24,0,77,0,0,0,77
04/18/2023,EYW,FL,ASO,ES,Federal Contract Tower,55,20,20,0,95,0,4,56,1,61,55,24,76,1,156,4,0,4,160
04/19/2023,EYW,FL,ASO,ES,Federal Contract Tower,56,25,36,0,117,0,4,54,0,58,56,29,90,0,175,22,0,22,197
04/20/2023,EYW,FL,ASO,ES,Federal Contract Tower,54,21,32,0,107,0,10,57,0,67,54,31,89,0,174,0,0,0,174
04/21/2023,EYW,FL,ASO,ES,Federal Contract Tower,59,23,33,4,119,0,6,76,1,83,59,29,109,5,202,24,0,24,226
04/22/2023,EYW,FL,ASO,ES,Federal Contract Tower,67,13,27,3,110,0,3,70,0,73,67,16,97,3,183,0,0,0,183
04/23/2023,EYW,FL,ASO,ES,Federal Contract Tower,63,18,54,0,135,0,5,83,2,90,63,23,137,2,225,0,0,0,225
04/24/2023,EYW,FL,ASO,ES,Federal Contract Tower,56,14,31,0,101,0,1,55,0,56,56,15,86,0,157,22,0,22,179
04/25/2023,EYW,FL,ASO,ES,Federal Contract Tower,52,10,33,0,95,0,0,42,0,42,52,10,75,0,137,56,0,56,193
04/26/2023,EYW,FL,ASO,ES,Federal Contract Tower,55,16,26,2,99,2,6,39,0,47,57,22,65,2,146,0,0,0,146
04/27/2023,EYW,FL,ASO,ES,Federal Contract Tower,56,14,32,0,102,0,0,67,2,69,56,14,99,2,171,58,2,60,231
04/28/2023,EYW,FL,ASO,ES,Federal Contract Tower,58,20,41,0,119,0,6,82,0,88,58,26,123,0,207,2,0,2,209
04/29/2023,EYW,FL,ASO,ES,Federal Contract Tower,58,16,27,0,101,0,1,55,0,56,58,17,82,0,157,2,0,2,159
04/30/2023,EYW,FL,ASO,ES,Federal Contract Tower,57,8,30,0,95,0,2,13,6,21,57,10,43,6,116,0,0,0,116
05/01/2023,EYW,FL,ASO,ES,Federal Contract Tower,57,14,28,0,99,0,4,50,0,54,57,18,78,0,153,0,0,0,153
05/02/2023,EYW,FL,ASO,ES,Federal Contract Tower,53,17,23,0,93,0,9,64,2,75,53,26,87,2,168,20,0,20,188
05/03/2023,EYW,FL,ASO,ES,Federal Contract Tower,56,20,32,0,108,0,7,63,0,70,56,27,95,0,178,8,0,8,186
05/04/2023,EYW,FL,ASO,ES,Federal Contract Tower,59,16,35,0,110,0,15,96,0,111,59,31,131,0,221,20,0,20,241
05/05/2023,EYW,FL,ASO,ES,Federal Contract Tower,46,18,36,0,100,0,5,55,1,61,46,23,91,1,161,4,0,4,165
05/06/2023,EYW,FL,ASO,ES,Federal Contract Tower,45,12,24,0,81,0,0,61,0,61,45,12,85,0,142,4,0,4,146
05/07/2023,EYW,FL,ASO,ES,Federal Contract Tower,50,21,36,0,107,0,2,66,0,68,50,23,102,0,175,2,0,2,177
05/08/2023,EYW,FL,ASO,ES,Federal Contract Tower,45,12,28,0,85,0,2,58,2,62,45,14,86,2,147,42,0,42,189
05/09/2023,EYW,FL,ASO,ES,Federal Contract Tower,39,16,23,0,78,0,2,48,2,52,39,18,71,2,130,24,0,24,154
05/10/2023,EYW,FL,ASO,ES,Federal Contract Tower,44,14,34,0,92,0,4,74,0,78,44,18,108,0,170,18,0,18,188
05/11/2023,EYW,FL,ASO,ES,Federal Contract Tower,46,15,27,0,88,0,0,64,0,64,46,15,91,0,152,12,0,12,164
05/12/2023,EYW,FL,ASO,ES,Federal Contract Tower,46,15,34,0,95,0,2,61,0,63,46,17,95,0,158,16,0,16,174
05/13/2023,EYW,FL,ASO,ES,Federal Contract Tower,41,19,26,4,90,0,3,63,0,66,41,22,89,4,156,0,0,0,156
05/14/2023,EYW,FL,ASO,ES,Federal Contract Tower,48,5,41,0,94,0,2,70,0,72,48,7,111,0,166,14,0,14,180
05/15/2023,EYW,FL,ASO,ES,Federal Contract Tower,44,18,30,0,92,0,4,68,0,72,44,22,98,0,164,2,0,2,166
05/16/2023,EYW,FL,ASO,ES,Federal Contract Tower,38,6,16,0,60,0,3,56,0,59,38,9,72,0,119,18,0,18,137
05/17/2023,EYW,FL,ASO,ES,Federal Contract Tower,40,16,34,0,90,0,2,56,0,58,40,18,90,0,148,6,0,6,154
05/18/2023,EYW,FL,ASO,ES,Federal Contract Tower,42,20,32,0,94,0,1,59,0,60,42,21,91,0,154,0,0,0,154
05/19/2023,EYW,FL,ASO,ES,Federal Contract Tower,35,11,31,0,77,0,7,37,1,45,35,18,68,1,122,2,0,2,124
05/21/2023,EYW,FL,ASO,ES,Federal Contract Tower,45,12,29,0,86,0,4,71,0,75,45,16,100,0,161,6,0,6,167
05/22/2023,EYW,FL,ASO,ES,Federal Contract Tower,39,17,21,2,79,0,2,55,0,57,39,19,76,2,136,0,0,0,136
05/23/2023,EYW,FL,ASO,ES,Federal Contract Tower,39,14,22,0,75,0,0,74,0,74,39,14,96,0,149,10,2,12,161
05/24/2023,EYW,FL,ASO,ES,Federal Contract Tower,38,15,18,0,71,0,1,17,2,20,38,16,35,2,91,0,0,0,91
05/25/2023,EYW,FL,ASO,ES,Federal Contract Tower,45,19,30,1,95,0,4,63,0,67,45,23,93,1,162,18,0,18,180
05/26/2023,EYW,FL,ASO,ES,Federal Contract Tower,42,13,35,0,90,0,4,51,1,56,42,17,86,1,146,2,0,2,148
05/27/2023,EYW,FL,ASO,ES,Federal Contract Tower,40,12,28,0,80,0,4,57,0,61,40,16,85,0,141,0,2,2,143
05/28/2023,EYW,FL,ASO,ES,Federal Contract Tower,48,10,25,0,83,0,0,77,0,77,48,10,102,0,160,8,0,8,168
05/29/2023,EYW,FL,ASO,ES,Federal Contract Tower,41,14,49,0,104,0,3,74,0,77,41,17,123,0,181,0,0,0,181
05/30/2023,EYW,FL,ASO,ES,Federal Contract Tower,37,13,32,0,82,0,5,58,4,67,37,18,90,4,149,4,0,4,153
05/31/2023,EYW,FL,ASO,ES,Federal Contract Tower,40,19,20,0,79,0,2,52,0,54,40,21,72,0,133,14,0,14,147
06/01/2023,EYW,FL,ASO,ES,Federal Contract Tower,47,13,29,0,89,0,4,64,0,68,47,17,93,0,157,18,0,18,175
06/02/2023,EYW,FL,ASO,ES,Federal Contract Tower,42,28,35,0,105,0,1,39,0,40,42,29,74,0,145,6,0,6,151
06/03/2023,EYW,FL,ASO,ES,Federal Contract Tower,40,11,18,0,69,0,2,51,0,53,40,13,69,0,122,0,0,0,122
06/04/2023,EYW,FL,ASO,ES,Federal Contract Tower,45,10,13,0,68,0,7,57,2,66,45,17,70,2,134,14,0,14,148
06/05/2023,EYW,FL,ASO,ES,Federal Contract Tower,41,6,31,0,78,0,5,54,0,59,41,11,85,0,137,4,0,4,141
06/06/2023,EYW,FL,ASO,ES,Federal Contract Tower,36,10,16,0,62,0,1,44,0,45,36,11,60,0,107,0,0,0,107
06/07/2023,EYW,FL,ASO,ES,Federal Contract Tower,38,7,21,0,66,0,5,50,0,55,38,12,71,0,121,14,0,14,135
06/08/2023,EYW,FL,ASO,ES,Federal Contract Tower,39,16,27,4,86,0,6,39,0,45,39,22,66,4,131,18,0,18,149
06/09/2023,EYW,FL,ASO,ES,Federal Contract Tower,41,12,32,0,85,0,2,63,1,66,41,14,95,1,151,20,0,20,171
06/10/2023,EYW,FL,ASO,ES,Federal Contract Tower,40,17,28,0,85,0,2,84,1,87,40,19,112,1,172,2,0,2,174
06/11/2023,EYW,FL,ASO,ES,Federal Contract Tower,43,18,31,0,92,0,0,71,0,71,43,18,102,0,163,2,0,2,165
06/12/2023,EYW,FL,ASO,ES,Federal Contract Tower,39,11,24,1,75,0,3,49,2,54,39,14,73,3,129,0,0,0,129
06/13/2023,EYW,FL,ASO,ES,Federal Contract Tower,38,5,22,0,65,0,0,53,1,54,38,5,75,1,119,4,0,4,123
06/14/2023,EYW,FL,ASO,ES,Federal Contract Tower,35,18,15,2,70,0,2,50,0,52,35,20,65,2,122,2,0,2,124
06/15/2023,EYW,FL,ASO,ES,Federal Contract Tower,41,17,23,0,81,0,0,45,0,45,41,17,68,0,126,12,0,12,138
06/16/2023,EYW,FL,ASO,ES,Federal Contract Tower,38,14,47,0,99,0,5,53,0,58,38,19,100,0,157,16,0,16,173
06/17/2023,EYW,FL,ASO,ES,Federal Contract Tower,34,19,20,0,73,0,0,57,0,57,34,19,77,0,130,0,0,0,130
06/18/2023,EYW,FL,ASO,ES,Federal Contract Tower,42,10,40,0,92,0,4,51,0,55,42,14,91,0,147,6,0,6,153
06/19/2023,EYW,FL,ASO,ES,Federal Contract Tower,38,5,24,0,67,0,2,50,0,52,38,7,74,0,119,2,0,2,121
06/20/2023,EYW,FL,ASO,ES,Federal Contract Tower,31,8,18,0,57,0,1,51,0,52,31,9,69,0,109,22,0,22,131
06/21/2023,EYW,FL,ASO,ES,Federal Contract Tower,32,9,19,0,60,0,2,56,4,62,32,11,75,4,122,24,0,24,146
06/22/2023,EYW,FL,ASO,ES,Federal Contract Tower,45,14,20,0,79,0,3,58,0,61,45,17,78,0,140,0,0,0,140
06/23/2023,EYW,FL,ASO,ES,Federal Contract Tower,40,9,24,0,73,0,4,73,0,77,40,13,97,0,150,12,0,12,162
06/24/2023,EYW,FL,ASO,ES,Federal Contract Tower,35,5,15,0,55,0,1,58,0,59,35,6,73,0,114,4,0,4,118
06/25/2023,EYW,FL,ASO,ES,Federal Contract Tower,42,15,38,0,95,0,4,56,0,60,42,19,94,0,155,0,0,0,155
06/26/2023,EYW,FL,ASO,ES,Federal Contract Tower,38,4,25,0,67,0,9,38,0,47,38,13,63,0,114,0,0,0,114
06/27/2023,EYW,FL,ASO,ES,Federal Contract Tower,36,12,20,0,68,0,6,61,0,67,36,18,81,0,135,16,0,16,151
06/28/2023,EYW,FL,ASO,ES,Federal Contract Tower,38,10,19,0,67,0,2,65,0,67,38,12,84,0,134,58,0,58,192
06/29/2023,EYW,FL,ASO,ES,Federal Contract Tower,37,16,37,0,90,0,4,46,0,50,37,20,83,0,140,10,0,10,150
06/30/2023,EYW,FL,ASO,ES,Federal Contract Tower,41,17,39,0,97,0,12,54,2,68,41,29,93,2,165,6,0,6,171
07/01/2023,EYW,FL,ASO,ES,Federal Contract Tower,36,11,21,0,68,0,0,51,0,51,36,11,72,0,119,0,0,0,119
07/02/2023,EYW,FL,ASO,ES,Federal Contract Tower,42,7,12,0,61,0,2,61,0,63,42,9,73,0,124,6,0,6,130
07/03/2023,EYW,FL,ASO,ES,Federal Contract Tower,42,14,33,0,89,0,7,65,6,78,42,21,98,6,167,0,0,0,167
07/04/2023,EYW,FL,ASO,ES,Federal Contract Tower,31,3,10,0,44,0,0,60,2,62,31,3,70,2,106,0,0,0,106
07/05/2023,EYW,FL,ASO,ES,Federal Contract Tower,36,12,37,0,85,0,2,74,0,76,36,14,111,0,161,12,0,12,173
07/06/2023,EYW,FL,ASO,ES,Federal Contract Tower,42,12,28,0,82,0,0,61,0,61,42,12,89,0,143,20,0,20,163
07/07/2023,EYW,FL,ASO,ES,Federal Contract Tower,40,16,31,1,88,0,4,61,0,65,40,20,92,1,153,2,0,2,155
07/08/2023,EYW,FL,ASO,ES,Federal Contract Tower,43,11,11,0,65,0,0,52,1,53,43,11,63,1,118,0,0,0,118
07/09/2023,EYW,FL,ASO,ES,Federal Contract Tower,48,4,37,0,89,0,2,76,0,78,48,6,113,0,167,4,0,4,171
07/10/2023,EYW,FL,ASO,ES,Federal Contract Tower,37,14,22,0,73,0,0,47,0,47,37,14,69,0,120,0,0,0,120
07/11/2023,EYW,FL,ASO,ES,Federal Contract Tower,33,18,22,0,73,0,3,50,2,55,33,21,72,2,128,14,0,14,142
07/12/2023,EYW,FL,ASO,ES,Federal Contract Tower,36,9,14,0,59,0,0,63,0,63,36,9,77,0,122,8,0,8,130
07/13/2023,EYW,FL,ASO,ES,Federal Contract Tower,44,19,35,2,100,0,4,51,0,55,44,23,86,2,155,0,0,0,155
07/14/2023,EYW,FL,ASO,ES,Federal Contract Tower,41,17,25,0,83,0,6,59,0,65,41,23,84,0,148,0,0,0,148
07/15/2023,EYW,FL,ASO,ES,Federal Contract Tower,39,10,22,0,71,0,5,61,0,66,39,15,83,0,137,0,0,0,137
07/16/2023,EYW,FL,ASO,ES,Federal Contract Tower,38,11,38,0,87,0,13,88,0,101,38,24,126,0,188,10,0,10,198
07/17/2023,EYW,FL,ASO,ES,Federal Contract Tower,40,16,23,4,83,0,2,64,0,66,40,18,87,4,149,0,0,0,149
07/18/2023,EYW,FL,ASO,ES,Federal Contract Tower,36,9,23,0,68,0,0,34,2,36,36,9,57,2,104,12,0,12,116
07/19/2023,EYW,FL,ASO,ES,Federal Contract Tower,38,11,16,0,65,0,3,37,0,40,38,14,53,0,105,0,0,0,105
07/20/2023,EYW,FL,ASO,ES,Federal Contract Tower,43,12,24,0,79,0,1,84,0,85,43,13,108,0,164,50,0,50,214
07/21/2023,EYW,FL,ASO,ES,Federal Contract Tower,41,13,44,0,98,0,3,85,0,88,41,16,129,0,186,6,0,6,192
07/22/2023,EYW,FL,ASO,ES,Federal Contract Tower,37,9,30,0,76,0,5,77,4,86,37,14,107,4,162,2,0,2,164
07/23/2023,EYW,FL,ASO,ES,Federal Contract Tower,42,10,41,0,93,0,1,86,1,88,42,11,127,1,181,2,0,2,183
07/24/2023,EYW,FL,ASO,ES,Federal Contract Tower,40,19,24,0,83,0,3,59,0,62,40,22,83,0,145,4,0,4,149
07/25/2023,EYW,FL,ASO,ES,Federal Contract Tower,39,15,44,0,98,0,0,68,0,68,39,15,112,0,166,24,0,24,190
07/26/2023,EYW,FL,ASO,ES,Federal Contract Tower,39,15,21,0,75,0,0,54,2,56,39,15,75,2,131,14,0,14,145
07/27/2023,EYW,FL,ASO,ES,Federal Contract Tower,42,13,24,0,79,0,1,47,6,54,42,14,71,6,133,4,0,4,137
07/28/2023,EYW,FL,ASO,ES,Federal Contract Tower,40,15,52,0,107,0,1,78,0,79,40,16,130,0,186,0,2,2,188
07/29/2023,EYW,FL,ASO,ES,Federal Contract Tower,41,13,42,0,96,0,4,73,0,77,41,17,115,0,173,0,0,0,173
07/30/2023,EYW,FL,ASO,ES,Federal Contract Tower,44,19,40,0,103,0,2,65,0,67,44,21,105,0,170,14,0,14,184
07/31/2023,EYW,FL,ASO,ES,Federal Contract Tower,40,8,17,0,65,0,3,58,0,61,40,11,75,0,126,0,0,0,126
08/01/2023,EYW,FL,ASO,ES,Federal Contract Tower,37,18,18,0,73,0,0,49,2,51,37,18,67,2,124,0,0,0,124
08/02/2023,EYW,FL,ASO,ES,Federal Contract Tower,38,11,31,0,80,0,0,45,7,52,38,11,76,7,132,0,0,0,132
08/03/2023,EYW,FL,ASO,ES,Federal Contract Tower,43,10,17,1,71,0,1,75,5,81,43,11,92,6,152,6,0,6,158
08/04/2023,EYW,FL,ASO,ES,Federal Contract Tower,38,13,35,1,87,0,3,63,1,67,38,16,98,2,154,4,0,4,158
08/05/2023,EYW,FL,ASO,ES,Federal Contract Tower,38,10,20,0,68,0,3,83,0,86,38,13,103,0,154,0,0,0,154
08/06/2023,EYW,FL,ASO,ES,Federal Contract Tower,42,16,33,0,91,0,3,80,4,87,42,19,113,4,178,0,0,0,178
08/07/2023,EYW,FL,ASO,ES,Federal Contract Tower,39,10,33,0,82,0,2,44,2,48,39,12,77,2,130,0,2,2,132
08/08/2023,EYW,FL,ASO,ES,Federal Contract Tower,37,10,22,0,69,0,2,66,0,68,37,12,88,0,137,2,0,2,139
08/09/2023,EYW,FL,ASO,ES,Federal Contract Tower,38,16,19,0,73,0,2,46,1,49,38,18,65,1,122,12,0,12,134
08/10/2023,EYW,FL,ASO,ES,Federal Contract Tower,42,13,20,0,75,0,9,59,0,68,42,22,79,0,143,12,0,12,155
08/11/2023,EYW,FL,ASO,ES,Federal Contract Tower,40,18,28,0,86,0,1,48,1,50,40,19,76,1,136,0,0,0,136
08/12/2023,EYW,FL,ASO,ES,Federal Contract Tower,36,12,25,0,73,0,0,43,2,45,36,12,68,2,118,2,0,2,120
08/13/2023,EYW,FL,ASO,ES,Federal Contract Tower,41,8,32,0,81,0,1,67,0,68,41,9,99,0,149,6,0,6,155
08/14/2023,EYW,FL,ASO,ES,Federal Contract Tower,36,12,19,0,67,0,1,58,1,60,36,13,77,1,127,10,0,10,137
08/15/2023,EYW,FL,ASO,ES,Federal Contract Tower,29,12,22,0,63,0,4,30,0,34,29,16,52,0,97,4,0,4,101
08/16/2023,EYW,FL,ASO,ES,Federal Contract Tower,29,17,10,0,56,0,0,66,0,66,29,17,76,0,122,2,0,2,124
08/17/2023,EYW,FL,ASO,ES,Federal Contract Tower,36,8,27,0,71,0,0,46,1,47,36,8,73,1,118,2,0,2,120
08/18/2023,EYW,FL,ASO,ES,Federal Contract Tower,36,9,22,0,67,0,0,53,0,53,36,9,75,0,120,10,0,10,130
08/19/2023,EYW,FL,ASO,ES,Federal Contract Tower,30,9,11,0,50,0,2,50,0,52,30,11,61,0,102,10,0,10,112
08/20/2023,EYW,FL,ASO,ES,Federal Contract Tower,39,5,34,0,78,0,0,10,0,10,39,5,44,0,88,0,0,0,88
08/21/2023,EYW,FL,ASO,ES,Federal Contract Tower,34,11,23,1,69,0,1,39,0,40,34,12,62,1,109,0,0,0,109
08/22/2023,EYW,FL,ASO,ES,Federal Contract Tower,30,8,14,0,52,0,1,34,0,35,30,9,48,0,87,66,0,66,153
08/23/2023,EYW,FL,ASO,ES,Federal Contract Tower,28,10,22,1,61,0,2,44,2,48,28,12,66,3,109,4,2,6,115
08/24/2023,EYW,FL,ASO,ES,Federal Contract Tower,37,10,22,0,69,0,4,50,1,55,37,14,72,1,124,22,0,22,146
08/25/2023,EYW,FL,ASO,ES,Federal Contract Tower,36,11,25,0,72,0,2,59,0,61,36,13,84,0,133,0,0,0,133
08/26/2023,EYW,FL,ASO,ES,Federal Contract Tower,31,6,29,1,67,0,0,47,0,47,31,6,76,1,114,6,0,6,120
08/27/2023,EYW,FL,ASO,ES,Federal Contract Tower,42,3,27,0,72,0,2,51,0,53,42,5,78,0,125,2,0,2,127
08/28/2023,EYW,FL,ASO,ES,Federal Contract Tower,35,5,14,0,54,0,0,25,0,25,35,5,39,0,79,0,0,0,79
08/29/2023,EYW,FL,ASO,ES,Federal Contract Tower,7,0,1,0,8,0,0,0,0,0,7,0,1,0,8,0,0,0,8
08/30/2023,EYW,FL,ASO,ES,Federal Contract Tower,29,3,4,0,36,0,0,8,0,8,29,3,12,0,44,0,0,0,44
08/31/2023,EYW,FL,ASO,ES,Federal Contract Tower,38,16,29,0,83,0,3,51,0,54,38,19,80,0,137,6,0,6,143
