01/01/2000,FAI,AK,AAL,WE,Towers with Radar,6,2,1,0,9,10,0,0,0,10,16,2,1,0,19,0,0,0,19
01/02/2000,FAI,AK,AAL,WE,Towers with Radar,24,7,1,0,32,0,2,3,0,5,24,9,4,0,37,0,0,0,37
01/03/2000,FAI,AK,AAL,WE,Towers with Radar,46,15,16,0,77,0,1,0,0,1,46,16,16,0,78,0,0,0,78
01/04/2000,FAI,AK,AAL,WE,Towers with Radar,31,27,43,0,101,0,1,4,0,5,31,28,47,0,106,0,0,0,106
01/05/2000,FAI,AK,AAL,WE,Towers with Radar,44,32,37,2,115,0,43,85,0,128,44,75,122,2,243,14,4,18,261
01/06/2000,FAI,AK,AAL,WE,Towers with Radar,43,41,13,3,100,0,39,58,0,97,43,80,71,3,197,4,0,4,201
01/07/2000,FAI,AK,AAL,WE,Towers with Radar,32,43,16,8,99,0,34,66,0,100,32,77,82,8,199,38,2,40,239
01/08/2000,FAI,AK,AAL,WE,Towers with Radar,38,28,23,4,93,0,24,29,0,53,38,52,52,4,146,8,0,8,154
01/09/2000,FAI,AK,AAL,WE,Towers with Radar,30,24,11,3,68,3,13,24,0,40,33,37,35,3,108,8,6,14,122
01/10/2000,FAI,AK,AAL,WE,Towers with Radar,33,30,45,2,110,0,6,2,0,8,33,36,47,2,118,8,0,8,126
01/11/2000,FAI,AK,AAL,WE,Towers with Radar,40,41,36,6,123,0,3,2,0,5,40,44,38,6,128,2,0,2,130
01/12/2000,FAI,AK,AAL,WE,Towers with Radar,34,25,7,4,70,4,0,7,0,11,38,25,14,4,81,0,0,0,81
01/13/2000,FAI,AK,AAL,WE,Towers with Radar,48,32,19,2,101,3,1,0,0,4,51,33,19,2,105,0,0,0,105
01/14/2000,FAI,AK,AAL,WE,Towers with Radar,52,54,90,6,202,0,0,10,0,10,52,54,100,6,212,4,0,4,216
01/15/2000,FAI,AK,AAL,WE,Towers with Radar,30,29,37,3,99,6,49,16,1,72,36,78,53,4,171,52,0,52,223
01/16/2000,FAI,AK,AAL,WE,Towers with Radar,31,17,18,0,66,0,5,6,0,11,31,22,24,0,77,6,0,6,83
01/17/2000,FAI,AK,AAL,WE,Towers with Radar,42,23,30,0,95,0,3,6,0,9,42,26,36,0,104,0,0,0,104
01/18/2000,FAI,AK,AAL,WE,Towers with Radar,42,21,24,5,92,0,2,0,0,2,42,23,24,5,94,0,0,0,94
01/19/2000,FAI,AK,AAL,WE,Towers with Radar,38,34,43,8,123,0,0,3,0,3,38,34,46,8,126,0,0,0,126
01/20/2000,FAI,AK,AAL,WE,Towers with Radar,73,46,79,10,208,12,27,11,0,50,85,73,90,10,258,8,2,10,268
01/21/2000,FAI,AK,AAL,WE,Towers with Radar,31,24,36,14,105,18,60,101,2,181,49,84,137,16,286,60,4,64,350
01/22/2000,FAI,AK,AAL,WE,Towers with Radar,43,31,34,0,108,7,26,26,0,59,50,57,60,0,167,2,0,2,169
01/23/2000,FAI,AK,AAL,WE,Towers with Radar,24,18,7,0,49,1,5,20,0,26,25,23,27,0,75,19,0,19,94
01/24/2000,FAI,AK,AAL,WE,Towers with Radar,40,30,31,6,107,0,33,70,0,103,40,63,101,6,210,26,0,26,236
01/25/2000,FAI,AK,AAL,WE,Towers with Radar,34,40,69,11,154,12,70,56,0,138,46,110,125,11,292,12,9,21,313
01/26/2000,FAI,AK,AAL,WE,Towers with Radar,33,37,28,6,104,3,61,74,0,138,36,98,102,6,242,44,6,50,292
01/27/2000,FAI,AK,AAL,WE,Towers with Radar,54,53,33,2,142,11,42,73,0,126,65,95,106,2,268,42,12,54,322
01/28/2000,FAI,AK,AAL,WE,Towers with Radar,35,27,21,2,85,0,27,65,0,92,35,54,86,2,177,44,0,44,221
01/29/2000,FAI,AK,AAL,WE,Towers with Radar,45,41,22,3,111,0,0,38,6,44,45,41,60,9,155,30,0,30,185
01/30/2000,FAI,AK,AAL,WE,Towers with Radar,21,17,17,4,59,11,5,5,0,21,32,22,22,4,80,8,0,8,88
01/31/2000,FAI,AK,AAL,WE,Towers with Radar,40,44,44,2,130,0,7,10,0,17,40,51,54,2,147,0,6,6,153
02/01/2000,FAI,AK,AAL,WE,Towers with Radar,38,37,30,4,109,1,8,35,0,44,39,45,65,4,153,0,0,0,153
02/02/2000,FAI,AK,AAL,WE,Towers with Radar,36,24,7,0,67,12,30,51,0,93,48,54,58,0,160,32,0,32,192
02/03/2000,FAI,AK,AAL,WE,Towers with Radar,52,31,25,9,117,0,61,71,0,132,52,92,96,9,249,40,0,40,289
02/04/2000,FAI,AK,AAL,WE,Towers with Radar,39,36,32,2,109,1,19,56,3,79,40,55,88,5,188,40,8,48,236
02/05/2000,FAI,AK,AAL,WE,Towers with Radar,37,10,13,0,60,9,21,50,2,82,46,31,63,2,142,110,0,110,252
02/06/2000,FAI,AK,AAL,WE,Towers with Radar,35,30,26,0,91,0,20,38,0,58,35,50,64,0,149,34,0,34,183
02/07/2000,FAI,AK,AAL,WE,Towers with Radar,38,25,27,1,91,0,30,111,0,141,38,55,138,1,232,70,8,78,310
02/08/2000,FAI,AK,AAL,WE,Towers with Radar,44,25,33,2,104,3,43,65,0,111,47,68,98,2,215,108,2,110,325
02/09/2000,FAI,AK,AAL,WE,Towers with Radar,32,35,44,0,111,0,67,76,0,143,32,102,120,0,254,118,0,118,372
02/10/2000,FAI,AK,AAL,WE,Towers with Radar,53,46,38,0,137,11,41,80,0,132,64,87,118,0,269,76,0,76,345
02/11/2000,FAI,AK,AAL,WE,Towers with Radar,40,36,25,1,102,1,11,81,3,96,41,47,106,4,198,50,0,50,248
02/12/2000,FAI,AK,AAL,WE,Towers with Radar,33,21,19,0,73,0,0,44,0,44,33,21,63,0,117,84,0,84,201
02/13/2000,FAI,AK,AAL,WE,Towers with Radar,32,15,22,1,70,0,29,29,0,58,32,44,51,1,128,44,0,44,172
02/14/2000,FAI,AK,AAL,WE,Towers with Radar,40,26,42,2,110,1,60,34,0,95,41,86,76,2,205,34,0,34,239
02/15/2000,FAI,AK,AAL,WE,Towers with Radar,40,28,32,5,105,0,36,65,0,101,40,64,97,5,206,42,0,42,248
02/16/2000,FAI,AK,AAL,WE,Towers with Radar,40,26,48,2,116,12,54,82,0,148,52,80,130,2,264,64,4,68,332
02/17/2000,FAI,AK,AAL,WE,Towers with Radar,42,30,28,1,101,11,34,71,5,121,53,64,99,6,222,28,2,30,252
02/18/2000,FAI,AK,AAL,WE,Towers with Radar,32,33,12,0,77,2,23,98,0,123,34,56,110,0,200,72,0,72,272
02/19/2000,FAI,AK,AAL,WE,Towers with Radar,35,32,26,0,93,3,6,33,0,42,38,38,59,0,135,72,0,72,207
02/20/2000,FAI,AK,AAL,WE,Towers with Radar,29,29,24,0,82,1,15,56,0,72,30,44,80,0,154,128,0,128,282
02/21/2000,FAI,AK,AAL,WE,Towers with Radar,26,21,17,0,64,0,11,46,1,58,26,32,63,1,122,122,0,122,244
02/22/2000,FAI,AK,AAL,WE,Towers with Radar,39,38,67,2,146,0,22,55,5,82,39,60,122,7,228,99,4,103,331
02/23/2000,FAI,AK,AAL,WE,Towers with Radar,57,38,42,4,141,0,42,78,0,120,57,80,120,4,261,30,0,30,291
02/24/2000,FAI,AK,AAL,WE,Towers with Radar,58,30,20,0,108,2,47,156,0,205,60,77,176,0,313,54,0,54,367
02/25/2000,FAI,AK,AAL,WE,Towers with Radar,28,18,13,0,59,7,43,104,0,154,35,61,117,0,213,33,4,37,250
02/26/2000,FAI,AK,AAL,WE,Towers with Radar,36,14,19,0,69,3,20,55,0,78,39,34,74,0,147,44,0,44,191
02/27/2000,FAI,AK,AAL,WE,Towers with Radar,21,22,6,0,49,1,14,78,0,93,22,36,84,0,142,82,0,82,224
02/28/2000,FAI,AK,AAL,WE,Towers with Radar,34,18,14,0,66,2,38,102,0,142,36,56,116,0,208,64,0,64,272
02/29/2000,FAI,AK,AAL,WE,Towers with Radar,51,33,16,0,100,0,43,130,0,173,51,76,146,0,273,80,0,80,353
03/01/2000,FAI,AK,AAL,WE,Towers with Radar,55,31,22,0,108,0,62,162,0,224,55,93,184,0,332,122,6,128,460
03/02/2000,FAI,AK,AAL,WE,Towers with Radar,52,38,11,22,123,0,38,114,0,152,52,76,125,22,275,55,26,81,356
03/03/2000,FAI,AK,AAL,WE,Towers with Radar,43,30,20,8,101,14,38,75,0,127,57,68,95,8,228,106,10,116,344
03/04/2000,FAI,AK,AAL,WE,Towers with Radar,39,38,12,0,89,0,9,76,0,85,39,47,88,0,174,88,0,88,262
03/05/2000,FAI,AK,AAL,WE,Towers with Radar,31,22,7,2,62,0,23,75,0,98,31,45,82,2,160,130,0,130,290
03/06/2000,FAI,AK,AAL,WE,Towers with Radar,37,33,34,2,106,7,7,119,0,133,44,40,153,2,239,88,0,88,327
03/07/2000,FAI,AK,AAL,WE,Towers with Radar,39,26,13,6,84,9,21,111,0,141,48,47,124,6,225,165,10,175,400
03/08/2000,FAI,AK,AAL,WE,Towers with Radar,42,22,30,4,98,0,23,105,0,128,42,45,135,4,226,74,4,78,304
03/09/2000,FAI,AK,AAL,WE,Towers with Radar,46,49,17,2,114,4,27,114,0,145,50,76,131,2,259,123,2,125,384
03/10/2000,FAI,AK,AAL,WE,Towers with Radar,29,24,14,8,75,18,32,64,0,114,47,56,78,8,189,66,12,78,267
03/11/2000,FAI,AK,AAL,WE,Towers with Radar,46,34,24,0,104,2,1,58,0,61,48,35,82,0,165,56,0,56,221
03/12/2000,FAI,AK,AAL,WE,Towers with Radar,16,12,10,1,39,24,34,88,0,146,40,46,98,1,185,110,0,110,295
03/13/2000,FAI,AK,AAL,WE,Towers with Radar,38,23,18,9,88,11,42,117,0,170,49,65,135,9,258,150,12,162,420
03/14/2000,FAI,AK,AAL,WE,Towers with Radar,47,34,16,12,109,14,49,92,0,155,61,83,108,12,264,110,10,120,384
03/15/2000,FAI,AK,AAL,WE,Towers with Radar,44,30,7,4,85,15,57,115,3,190,59,87,122,7,275,98,0,98,373
03/16/2000,FAI,AK,AAL,WE,Towers with Radar,43,33,19,4,99,12,21,116,0,149,55,54,135,4,248,122,6,128,376
03/17/2000,FAI,AK,AAL,WE,Towers with Radar,45,44,28,1,118,2,43,69,0,114,47,87,97,1,232,60,4,64,296
03/18/2000,FAI,AK,AAL,WE,Towers with Radar,40,52,29,0,121,0,3,19,0,22,40,55,48,0,143,32,2,34,177
03/19/2000,FAI,AK,AAL,WE,Towers with Radar,26,22,13,0,61,6,5,34,0,45,32,27,47,0,106,120,0,120,226
03/20/2000,FAI,AK,AAL,WE,Towers with Radar,38,27,27,2,94,15,57,102,0,174,53,84,129,2,268,204,0,204,472
03/21/2000,FAI,AK,AAL,WE,Towers with Radar,44,35,25,0,104,4,34,40,0,78,48,69,65,0,182,134,0,134,316
03/22/2000,FAI,AK,AAL,WE,Towers with Radar,33,27,20,3,83,18,34,89,2,143,51,61,109,5,226,160,6,166,392
03/23/2000,FAI,AK,AAL,WE,Towers with Radar,44,37,24,6,111,7,28,130,8,173,51,65,154,14,284,162,2,164,448
03/24/2000,FAI,AK,AAL,WE,Towers with Radar,23,21,14,4,62,13,40,72,8,133,36,61,86,12,195,214,6,220,415
03/25/2000,FAI,AK,AAL,WE,Towers with Radar,26,23,16,2,67,9,38,45,0,92,35,61,61,2,159,90,0,90,249
03/26/2000,FAI,AK,AAL,WE,Towers with Radar,34,49,35,0,118,0,0,37,0,37,34,49,72,0,155,118,0,118,273
03/27/2000,FAI,AK,AAL,WE,Towers with Radar,33,29,19,3,84,14,19,47,1,81,47,48,66,4,165,0,2,2,167
03/28/2000,FAI,AK,AAL,WE,Towers with Radar,43,36,24,2,105,8,68,118,0,194,51,104,142,2,299,112,6,118,417
03/29/2000,FAI,AK,AAL,WE,Towers with Radar,43,37,25,5,110,0,36,120,6,162,43,73,145,11,272,74,6,80,352
03/30/2000,FAI,AK,AAL,WE,Towers with Radar,0,0,0,0,0,45,82,143,1,271,45,82,143,1,271,158,0,158,429
03/31/2000,FAI,AK,AAL,WE,Towers with Radar,42,42,38,2,124,13,47,103,0,163,55,89,141,2,287,150,10,160,447
04/01/2000,FAI,AK,AAL,WE,Towers with Radar,41,27,12,2,82,7,27,153,0,187,48,54,165,2,269,166,0,166,435
04/02/2000,FAI,AK,AAL,WE,Towers with Radar,34,28,3,0,65,4,6,141,0,151,38,34,144,0,216,98,0,98,314
04/03/2000,FAI,AK,AAL,WE,Towers with Radar,28,22,8,3,61,2,29,132,0,163,30,51,140,3,224,138,8,146,370
04/04/2000,FAI,AK,AAL,WE,Towers with Radar,40,33,21,0,94,2,36,130,0,168,42,69,151,0,262,147,2,149,411
04/05/2000,FAI,AK,AAL,WE,Towers with Radar,37,26,28,3,94,6,26,115,0,147,43,52,143,3,241,98,0,98,339
04/06/2000,FAI,AK,AAL,WE,Towers with Radar,38,20,18,7,83,1,57,246,0,304,39,77,264,7,387,180,8,188,575
04/07/2000,FAI,AK,AAL,WE,Towers with Radar,47,28,12,0,87,1,28,115,0,144,48,56,127,0,231,182,0,182,413
04/08/2000,FAI,AK,AAL,WE,Towers with Radar,35,11,8,1,55,3,34,117,4,158,38,45,125,5,213,208,4,212,425
04/09/2000,FAI,AK,AAL,WE,Towers with Radar,26,23,18,0,67,6,17,86,0,109,32,40,104,0,176,244,0,244,420
04/10/2000,FAI,AK,AAL,WE,Towers with Radar,31,17,22,0,70,10,33,116,0,159,41,50,138,0,229,149,0,149,378
04/11/2000,FAI,AK,AAL,WE,Towers with Radar,45,21,17,5,88,7,64,161,1,233,52,85,178,6,321,128,8,136,457
04/12/2000,FAI,AK,AAL,WE,Towers with Radar,36,20,11,0,67,14,50,169,0,233,50,70,180,0,300,210,0,210,510
04/13/2000,FAI,AK,AAL,WE,Towers with Radar,53,15,18,1,87,0,51,129,1,181,53,66,147,2,268,166,0,166,434
04/14/2000,FAI,AK,AAL,WE,Towers with Radar,34,28,14,0,76,10,45,130,0,185,44,73,144,0,261,108,4,112,373
04/15/2000,FAI,AK,AAL,WE,Towers with Radar,40,23,7,1,71,7,25,130,2,164,47,48,137,3,235,190,0,190,425
04/16/2000,FAI,AK,AAL,WE,Towers with Radar,27,18,5,1,51,2,14,101,0,117,29,32,106,1,168,212,0,212,380
04/17/2000,FAI,AK,AAL,WE,Towers with Radar,34,30,15,0,79,4,67,133,0,204,38,97,148,0,283,144,0,144,427
04/18/2000,FAI,AK,AAL,WE,Towers with Radar,44,48,36,3,131,5,34,99,1,139,49,82,135,4,270,78,0,78,348
04/19/2000,FAI,AK,AAL,WE,Towers with Radar,38,25,46,2,111,2,35,116,0,153,40,60,162,2,264,120,10,130,394
04/20/2000,FAI,AK,AAL,WE,Towers with Radar,48,36,27,1,112,0,40,88,0,128,48,76,115,1,240,102,2,104,344
04/21/2000,FAI,AK,AAL,WE,Towers with Radar,39,28,25,1,93,9,48,90,0,147,48,76,115,1,240,102,2,104,344
04/22/2000,FAI,AK,AAL,WE,Towers with Radar,34,17,5,0,56,0,19,110,2,131,34,36,115,2,187,286,0,286,473
04/23/2000,FAI,AK,AAL,WE,Towers with Radar,23,14,14,0,51,1,10,48,0,59,24,24,62,0,110,188,0,188,298
04/24/2000,FAI,AK,AAL,WE,Towers with Radar,44,25,48,6,123,0,23,50,0,73,44,48,98,6,196,144,0,144,340
04/25/2000,FAI,AK,AAL,WE,Towers with Radar,52,18,26,0,96,0,56,145,1,202,52,74,171,1,298,422,0,422,720
04/26/2000,FAI,AK,AAL,WE,Towers with Radar,42,28,17,4,91,6,36,168,0,210,48,64,185,4,301,340,4,344,645
04/27/2000,FAI,AK,AAL,WE,Towers with Radar,48,36,42,9,135,4,12,118,0,134,52,48,160,9,269,270,6,276,545
04/28/2000,FAI,AK,AAL,WE,Towers with Radar,40,31,10,11,92,4,31,139,1,175,44,62,149,12,267,274,10,284,551
04/29/2000,FAI,AK,AAL,WE,Towers with Radar,32,15,7,0,54,3,44,125,0,172,35,59,132,0,226,266,4,270,496
04/30/2000,FAI,AK,AAL,WE,Towers with Radar,28,26,24,0,78,2,0,137,0,139,30,26,161,0,217,318,0,318,535
05/01/2000,FAI,AK,AAL,WE,Towers with Radar,46,27,18,1,92,7,43,141,1,192,53,70,159,2,284,220,0,220,504
05/02/2000,FAI,AK,AAL,WE,Towers with Radar,43,28,27,5,103,0,50,122,1,173,43,78,149,6,276,248,0,248,524
05/03/2000,FAI,AK,AAL,WE,Towers with Radar,44,16,16,8,84,4,50,150,0,204,48,66,166,8,288,194,0,194,482
05/04/2000,FAI,AK,AAL,WE,Towers with Radar,51,56,39,8,154,3,0,63,6,72,54,56,102,14,226,250,27,277,503
05/05/2000,FAI,AK,AAL,WE,Towers with Radar,34,29,16,1,80,3,30,149,0,182,37,59,165,1,262,384,0,384,646
05/06/2000,FAI,AK,AAL,WE,Towers with Radar,37,21,20,1,79,6,37,138,3,184,43,58,158,4,263,256,0,256,519
05/07/2000,FAI,AK,AAL,WE,Towers with Radar,28,33,22,2,85,6,14,121,3,144,34,47,143,5,229,170,2,172,401
05/08/2000,FAI,AK,AAL,WE,Towers with Radar,34,30,20,0,84,6,22,118,0,146,40,52,138,0,230,190,20,210,440
05/09/2000,FAI,AK,AAL,WE,Towers with Radar,44,31,24,15,114,17,57,115,2,191,61,88,139,17,305,192,15,207,512
05/10/2000,FAI,AK,AAL,WE,Towers with Radar,51,29,31,2,113,10,42,158,0,210,61,71,189,2,323,266,26,292,615
05/11/2000,FAI,AK,AAL,WE,Towers with Radar,56,32,12,4,104,8,37,152,0,197,64,69,164,4,301,310,20,330,631
05/12/2000,FAI,AK,AAL,WE,Towers with Radar,49,27,42,5,123,3,43,90,1,137,52,70,132,6,260,262,0,262,522
05/13/2000,FAI,AK,AAL,WE,Towers with Radar,50,17,18,0,85,8,47,208,2,265,58,64,226,2,350,220,0,220,570
05/14/2000,FAI,AK,AAL,WE,Towers with Radar,41,23,11,0,75,4,7,51,0,62,45,30,62,0,137,70,0,70,207
05/15/2000,FAI,AK,AAL,WE,Towers with Radar,40,20,25,7,92,7,60,108,0,175,47,80,133,7,267,62,18,80,347
05/16/2000,FAI,AK,AAL,WE,Towers with Radar,44,29,27,5,105,9,41,117,11,178,53,70,144,16,283,320,12,332,615
05/17/2000,FAI,AK,AAL,WE,Towers with Radar,52,18,14,12,96,1,52,130,4,187,53,70,144,16,283,320,12,332,615
05/18/2000,FAI,AK,AAL,WE,Towers with Radar,39,29,17,12,97,15,55,130,2,202,54,84,147,14,299,238,22,260,559
05/19/2000,FAI,AK,AAL,WE,Towers with Radar,51,21,15,5,92,1,35,137,0,173,52,56,152,5,265,155,10,165,430
05/20/2000,FAI,AK,AAL,WE,Towers with Radar,35,31,29,2,97,0,5,47,0,52,35,36,76,2,149,162,2,164,313
05/21/2000,FAI,AK,AAL,WE,Towers with Radar,34,29,27,2,92,1,7,49,0,57,35,36,76,2,149,162,2,164,313
05/22/2000,FAI,AK,AAL,WE,Towers with Radar,50,26,53,4,133,1,23,42,0,66,51,49,95,4,199,144,8,152,351
05/23/2000,FAI,AK,AAL,WE,Towers with Radar,54,38,33,0,125,1,30,70,0,101,55,68,103,0,226,252,6,258,484
05/24/2000,FAI,AK,AAL,WE,Towers with Radar,47,49,56,12,164,3,35,70,2,110,50,84,126,14,274,86,12,98,372
05/25/2000,FAI,AK,AAL,WE,Towers with Radar,67,49,45,11,172,0,28,164,0,192,67,77,209,11,364,438,2,440,804
05/26/2000,FAI,AK,AAL,WE,Towers with Radar,56,31,35,0,122,1,48,143,0,192,57,79,178,0,314,204,0,204,518
05/27/2000,FAI,AK,AAL,WE,Towers with Radar,39,18,21,0,78,1,23,125,2,151,40,41,146,2,229,258,0,258,487
05/28/2000,FAI,AK,AAL,WE,Towers with Radar,41,16,8,0,65,1,46,100,0,147,42,62,108,0,212,102,0,102,314
05/29/2000,FAI,AK,AAL,WE,Towers with Radar,48,26,15,0,89,1,20,97,0,118,49,46,112,0,207,190,0,190,397
05/30/2000,FAI,AK,AAL,WE,Towers with Radar,40,27,16,15,98,4,30,162,2,198,44,57,178,17,296,210,12,222,518
05/31/2000,FAI,AK,AAL,WE,Towers with Radar,49,39,36,5,129,0,37,152,0,189,49,76,188,5,318,154,10,164,482
06/01/2000,FAI,AK,AAL,WE,Towers with Radar,50,30,17,2,99,2,30,156,0,188,52,60,173,2,287,190,32,222,509
06/02/2000,FAI,AK,AAL,WE,Towers with Radar,53,36,23,4,116,5,31,189,0,225,58,67,212,4,341,232,12,244,585
06/03/2000,FAI,AK,AAL,WE,Towers with Radar,25,15,17,0,57,27,41,174,0,242,52,56,191,0,299,178,0,178,477
06/04/2000,FAI,AK,AAL,WE,Towers with Radar,28,15,9,2,54,2,14,137,1,154,30,29,146,3,208,211,3,214,422
06/05/2000,FAI,AK,AAL,WE,Towers with Radar,43,19,17,2,81,4,59,187,3,253,47,78,204,5,334,140,3,143,477
06/06/2000,FAI,AK,AAL,WE,Towers with Radar,47,25,27,6,105,16,87,196,16,315,63,112,223,22,420,338,10,348,768
06/07/2000,FAI,AK,AAL,WE,Towers with Radar,46,25,27,6,104,14,108,198,5,325,60,133,225,11,429,178,18,196,625
06/08/2000,FAI,AK,AAL,WE,Towers with Radar,49,21,11,7,88,0,71,138,0,209,49,92,149,7,297,198,2,200,497
06/09/2000,FAI,AK,AAL,WE,Towers with Radar,50,26,13,12,101,5,68,155,14,242,55,94,168,26,343,184,16,200,543
06/10/2000,FAI,AK,AAL,WE,Towers with Radar,38,21,23,0,82,29,51,162,0,242,67,72,185,0,324,166,4,170,494
06/11/2000,FAI,AK,AAL,WE,Towers with Radar,38,25,3,0,66,7,30,135,0,172,45,55,138,0,238,210,0,210,448
06/12/2000,FAI,AK,AAL,WE,Towers with Radar,55,18,11,2,86,1,40,160,2,203,56,58,171,4,289,185,8,193,482
06/13/2000,FAI,AK,AAL,WE,Towers with Radar,58,26,31,6,121,1,74,171,0,246,59,100,202,6,367,236,2,238,605
06/14/2000,FAI,AK,AAL,WE,Towers with Radar,54,25,25,4,108,1,58,138,0,197,55,83,163,4,305,142,8,150,455
06/15/2000,FAI,AK,AAL,WE,Towers with Radar,62,38,37,8,145,10,71,128,1,210,72,109,165,9,355,64,2,66,421
06/16/2000,FAI,AK,AAL,WE,Towers with Radar,60,14,41,1,116,1,64,115,0,180,61,78,156,1,296,166,0,166,462
06/17/2000,FAI,AK,AAL,WE,Towers with Radar,53,42,19,0,114,2,19,158,4,183,55,61,177,4,297,260,0,260,557
06/18/2000,FAI,AK,AAL,WE,Towers with Radar,22,13,14,1,50,12,43,182,0,237,34,56,196,1,287,184,0,184,471
06/19/2000,FAI,AK,AAL,WE,Towers with Radar,52,29,26,5,112,12,79,180,11,282,64,108,206,16,394,194,2,196,590
06/20/2000,FAI,AK,AAL,WE,Towers with Radar,50,23,8,25,106,4,44,204,11,263,54,67,212,36,369,198,4,202,571
06/21/2000,FAI,AK,AAL,WE,Towers with Radar,58,34,24,24,140,0,64,184,0,248,58,98,208,24,388,184,14,198,586
06/22/2000,FAI,AK,AAL,WE,Towers with Radar,52,35,21,8,116,15,60,175,8,258,67,95,196,16,374,172,0,172,546
06/23/2000,FAI,AK,AAL,WE,Towers with Radar,58,28,17,0,103,1,47,171,0,219,59,75,188,0,322,336,2,338,660
06/24/2000,FAI,AK,AAL,WE,Towers with Radar,45,20,19,0,84,1,32,231,0,264,46,52,250,0,348,236,0,236,584
06/25/2000,FAI,AK,AAL,WE,Towers with Radar,31,25,25,0,81,0,10,149,0,159,31,35,174,0,240,88,0,88,328
06/26/2000,FAI,AK,AAL,WE,Towers with Radar,50,36,36,9,131,3,42,129,1,175,53,78,165,10,306,178,6,184,490
06/27/2000,FAI,AK,AAL,WE,Towers with Radar,54,63,59,6,182,0,24,85,0,109,54,87,144,6,291,56,2,58,349
06/28/2000,FAI,AK,AAL,WE,Towers with Radar,50,39,55,17,161,8,29,158,1,196,58,68,213,18,357,229,6,235,592
06/29/2000,FAI,AK,AAL,WE,Towers with Radar,60,32,43,5,140,1,31,120,0,152,61,63,163,5,292,270,4,274,566
06/30/2000,FAI,AK,AAL,WE,Towers with Radar,49,33,41,11,134,5,17,139,1,162,54,50,180,12,296,330,8,338,634
07/01/2000,FAI,AK,AAL,WE,Towers with Radar,40,27,42,1,110,7,27,114,0,148,47,54,156,1,258,225,0,225,483
07/02/2000,FAI,AK,AAL,WE,Towers with Radar,40,28,66,0,134,0,7,69,0,76,40,35,135,0,210,126,0,126,336
07/03/2000,FAI,AK,AAL,WE,Towers with Radar,55,37,105,1,198,0,38,23,0,61,55,75,128,1,259,98,1,99,358
07/04/2000,FAI,AK,AAL,WE,Towers with Radar,46,24,26,1,97,0,10,97,0,107,46,34,123,1,204,136,0,136,340
07/05/2000,FAI,AK,AAL,WE,Towers with Radar,57,28,85,5,175,0,32,72,0,104,57,60,157,5,279,32,0,32,311
07/06/2000,FAI,AK,AAL,WE,Towers with Radar,67,37,56,0,160,8,44,173,0,225,75,81,229,0,385,238,10,248,633
07/07/2000,FAI,AK,AAL,WE,Towers with Radar,63,20,59,1,143,0,42,144,0,186,63,62,203,1,329,252,8,260,589
07/08/2000,FAI,AK,AAL,WE,Towers with Radar,52,46,57,3,158,0,23,137,0,160,52,69,194,3,318,106,0,106,424
07/09/2000,FAI,AK,AAL,WE,Towers with Radar,42,31,65,2,140,2,15,39,0,56,44,46,104,2,196,76,0,76,272
07/10/2000,FAI,AK,AAL,WE,Towers with Radar,83,70,113,8,274,3,21,93,0,117,86,91,206,8,391,82,4,86,477
07/11/2000,FAI,AK,AAL,WE,Towers with Radar,60,40,87,12,199,0,12,21,8,41,60,52,108,20,240,164,2,166,406
07/12/2000,FAI,AK,AAL,WE,Towers with Radar,57,42,47,10,156,8,73,188,0,269,65,115,235,10,425,212,0,212,637
07/13/2000,FAI,AK,AAL,WE,Towers with Radar,48,34,50,9,141,0,3,93,7,103,48,37,143,16,244,250,8,258,502
07/14/2000,FAI,AK,AAL,WE,Towers with Radar,64,44,62,10,180,10,38,153,0,201,74,82,215,10,381,302,10,312,693
07/15/2000,FAI,AK,AAL,WE,Towers with Radar,63,25,37,1,126,2,16,229,0,247,65,41,266,1,373,230,0,230,603
07/16/2000,FAI,AK,AAL,WE,Towers with Radar,39,20,13,1,73,0,24,138,0,162,39,44,151,1,235,120,0,120,355
07/17/2000,FAI,AK,AAL,WE,Towers with Radar,72,27,80,0,179,2,41,83,0,126,74,68,163,0,305,98,2,100,405
07/18/2000,FAI,AK,AAL,WE,Towers with Radar,53,39,62,10,164,0,54,134,0,188,53,93,196,10,352,194,4,198,550
07/19/2000,FAI,AK,AAL,WE,Towers with Radar,67,25,21,6,119,1,35,187,0,223,68,60,208,6,342,228,0,228,570
07/20/2000,FAI,AK,AAL,WE,Towers with Radar,63,34,8,0,105,9,74,262,0,345,72,108,270,0,450,224,14,238,688
07/21/2000,FAI,AK,AAL,WE,Towers with Radar,55,22,15,2,94,1,65,224,0,290,56,87,239,2,384,345,4,349,733
07/22/2000,FAI,AK,AAL,WE,Towers with Radar,58,36,33,3,130,5,21,267,3,296,63,57,300,6,426,290,0,290,716
07/23/2000,FAI,AK,AAL,WE,Towers with Radar,41,23,17,3,84,0,23,133,0,156,41,46,150,3,240,60,0,60,300
07/24/2000,FAI,AK,AAL,WE,Towers with Radar,61,38,60,11,170,6,33,139,3,181,67,71,199,14,351,172,0,172,523
07/25/2000,FAI,AK,AAL,WE,Towers with Radar,51,40,47,12,150,3,41,164,2,210,54,81,211,14,360,220,4,224,584
07/26/2000,FAI,AK,AAL,WE,Towers with Radar,63,40,44,9,156,0,32,159,0,191,63,72,203,9,347,278,14,292,639
07/27/2000,FAI,AK,AAL,WE,Towers with Radar,64,46,71,2,183,1,18,110,0,129,65,64,181,2,312,200,5,205,517
07/28/2000,FAI,AK,AAL,WE,Towers with Radar,54,30,45,7,136,1,33,163,2,199,55,63,208,9,335,202,16,218,553
07/29/2000,FAI,AK,AAL,WE,Towers with Radar,54,25,27,1,107,17,36,153,1,207,71,61,180,2,314,147,0,147,461
07/30/2000,FAI,AK,AAL,WE,Towers with Radar,42,12,11,1,66,5,17,200,0,222,47,29,211,1,288,146,0,146,434
07/31/2000,FAI,AK,AAL,WE,Towers with Radar,59,39,32,10,140,5,29,187,7,228,64,68,219,17,368,270,14,284,652
08/01/2000,FAI,AK,AAL,WE,Towers with Radar,53,30,17,10,110,11,58,225,0,294,64,88,242,10,404,256,0,256,660
08/02/2000,FAI,AK,AAL,WE,Towers with Radar,54,27,19,6,106,2,66,243,0,311,56,93,262,6,417,220,2,222,639
08/03/2000,FAI,AK,AAL,WE,Towers with Radar,58,39,15,17,129,0,20,189,13,222,58,59,204,30,351,178,4,182,533
08/04/2000,FAI,AK,AAL,WE,Towers with Radar,51,34,38,6,129,11,57,147,4,219,62,91,185,10,348,256,6,262,610
08/05/2000,FAI,AK,AAL,WE,Towers with Radar,66,34,63,4,167,0,0,97,0,97,66,34,160,4,264,194,0,194,458
08/06/2000,FAI,AK,AAL,WE,Towers with Radar,49,20,19,2,90,2,52,153,1,208,51,72,172,3,298,80,0,80,378
08/07/2000,FAI,AK,AAL,WE,Towers with Radar,46,39,19,11,115,10,38,183,3,234,56,77,202,14,349,208,8,216,565
08/08/2000,FAI,AK,AAL,WE,Towers with Radar,41,44,38,11,134,13,44,132,0,189,54,88,170,11,323,164,12,176,499
08/09/2000,FAI,AK,AAL,WE,Towers with Radar,63,38,39,10,150,2,32,174,0,208,65,70,213,10,358,338,6,344,702
08/10/2000,FAI,AK,AAL,WE,Towers with Radar,72,52,57,8,189,2,8,72,1,83,74,60,129,9,272,110,0,110,382
08/11/2000,FAI,AK,AAL,WE,Towers with Radar,58,38,60,8,164,8,22,61,8,99,66,60,121,16,263,88,2,90,353
08/12/2000,FAI,AK,AAL,WE,Towers with Radar,53,14,51,0,118,2,17,12,2,33,55,31,63,2,151,20,0,20,171
08/13/2000,FAI,AK,AAL,WE,Towers with Radar,46,26,47,0,119,2,6,22,1,31,48,32,69,1,150,18,0,18,168
08/14/2000,FAI,AK,AAL,WE,Towers with Radar,50,36,53,15,154,6,18,95,5,124,56,54,148,20,278,88,2,90,368
08/15/2000,FAI,AK,AAL,WE,Towers with Radar,54,27,20,5,106,27,54,233,3,317,81,81,253,8,423,136,0,136,559
08/16/2000,FAI,AK,AAL,WE,Towers with Radar,54,35,24,11,124,2,86,308,7,403,56,121,332,18,527,204,12,216,743
08/17/2000,FAI,AK,AAL,WE,Towers with Radar,59,49,60,1,169,9,30,214,9,262,68,79,274,10,431,204,22,226,657
08/18/2000,FAI,AK,AAL,WE,Towers with Radar,61,34,63,5,163,3,51,31,3,88,64,85,94,8,251,60,4,64,315
08/19/2000,FAI,AK,AAL,WE,Towers with Radar,52,32,31,0,115,4,19,100,0,123,56,51,131,0,238,312,2,314,552
08/20/2000,FAI,AK,AAL,WE,Towers with Radar,52,28,50,4,134,8,41,174,2,225,60,69,224,6,359,332,0,332,691
08/21/2000,FAI,AK,AAL,WE,Towers with Radar,47,42,48,2,139,0,27,129,0,156,47,69,177,2,295,172,2,174,469
08/22/2000,FAI,AK,AAL,WE,Towers with Radar,49,50,74,7,180,3,3,27,1,34,52,53,101,8,214,122,4,126,340
08/23/2000,FAI,AK,AAL,WE,Towers with Radar,56,48,68,0,172,9,30,135,0,174,65,78,203,0,346,252,4,256,602
08/24/2000,FAI,AK,AAL,WE,Towers with Radar,58,43,41,16,158,12,43,184,2,241,70,86,225,18,399,160,8,168,567
08/25/2000,FAI,AK,AAL,WE,Towers with Radar,56,42,55,2,155,1,11,39,0,51,57,53,94,2,206,64,6,70,276
08/26/2000,FAI,AK,AAL,WE,Towers with Radar,56,27,39,3,125,1,36,116,0,153,57,63,155,3,278,160,2,162,440
08/27/2000,FAI,AK,AAL,WE,Towers with Radar,49,20,19,0,88,2,46,231,0,279,51,66,250,0,367,196,6,202,569
08/28/2000,FAI,AK,AAL,WE,Towers with Radar,63,28,20,2,113,1,59,228,0,288,64,87,248,2,401,256,2,258,659
08/29/2000,FAI,AK,AAL,WE,Towers with Radar,64,43,39,14,160,16,47,186,0,249,80,90,225,14,409,312,20,332,741
08/30/2000,FAI,AK,AAL,WE,Towers with Radar,66,67,82,0,215,0,4,109,2,115,66,71,191,2,330,34,4,38,368
08/31/2000,FAI,AK,AAL,WE,Towers with Radar,70,39,17,4,130,15,79,358,0,452,85,118,375,4,582,284,6,290,872
09/01/2000,FAI,AK,AAL,WE,Towers with Radar,55,31,54,4,144,3,36,123,0,162,58,67,177,4,306,66,2,68,374
09/02/2000,FAI,AK,AAL,WE,Towers with Radar,56,66,41,0,163,0,24,173,2,199,56,90,214,2,362,208,2,210,572
09/03/2000,FAI,AK,AAL,WE,Towers with Radar,40,28,31,0,99,0,25,175,0,200,40,53,206,0,299,150,0,150,449
09/04/2000,FAI,AK,AAL,WE,Towers with Radar,40,30,35,0,105,10,19,134,0,163,50,49,169,0,268,128,0,128,396
09/05/2000,FAI,AK,AAL,WE,Towers with Radar,52,43,52,8,155,8,30,158,0,196,60,73,210,8,351,152,4,156,507
09/06/2000,FAI,AK,AAL,WE,Towers with Radar,61,47,62,4,174,0,44,129,2,175,61,91,191,6,349,70,0,70,419
09/07/2000,FAI,AK,AAL,WE,Towers with Radar,64,41,75,11,191,0,19,82,0,101,64,60,157,11,292,86,19,105,397
09/08/2000,FAI,AK,AAL,WE,Towers with Radar,53,49,53,3,158,1,16,87,0,104,54,65,140,3,262,136,8,144,406
09/09/2000,FAI,AK,AAL,WE,Towers with Radar,66,26,37,3,132,0,24,217,0,241,66,50,254,3,373,122,0,122,495
09/10/2000,FAI,AK,AAL,WE,Towers with Radar,25,11,22,0,58,7,24,190,0,221,32,35,212,0,279,108,0,108,387
09/11/2000,FAI,AK,AAL,WE,Towers with Radar,50,40,50,0,140,0,19,57,4,80,50,59,107,4,220,22,0,22,242
09/12/2000,FAI,AK,AAL,WE,Towers with Radar,63,45,75,6,189,0,47,112,0,159,63,92,187,6,348,150,2,152,500
09/13/2000,FAI,AK,AAL,WE,Towers with Radar,52,40,47,4,143,6,58,215,12,291,58,98,262,16,434,196,8,204,638
09/14/2000,FAI,AK,AAL,WE,Towers with Radar,54,41,52,10,157,0,16,158,0,174,54,57,210,10,331,136,18,154,485
09/15/2000,FAI,AK,AAL,WE,Towers with Radar,53,32,49,2,136,0,19,151,1,171,53,51,200,3,307,150,3,153,460
09/16/2000,FAI,AK,AAL,WE,Towers with Radar,47,32,22,0,101,8,21,172,0,201,55,53,194,0,302,201,2,203,505
09/17/2000,FAI,AK,AAL,WE,Towers with Radar,32,22,27,0,81,0,18,70,0,88,32,40,97,0,169,108,0,108,277
09/18/2000,FAI,AK,AAL,WE,Towers with Radar,48,38,43,0,129,0,70,198,0,268,48,108,241,0,397,168,1,169,566
09/19/2000,FAI,AK,AAL,WE,Towers with Radar,52,36,36,0,124,0,10,170,0,180,52,46,206,0,304,154,0,154,458
09/20/2000,FAI,AK,AAL,WE,Towers with Radar,56,42,24,0,122,16,38,219,4,277,72,80,243,4,399,158,0,158,557
09/21/2000,FAI,AK,AAL,WE,Towers with Radar,35,31,57,2,125,9,28,86,0,123,44,59,143,2,248,158,16,174,422
09/22/2000,FAI,AK,AAL,WE,Towers with Radar,59,51,68,4,182,0,55,97,0,152,59,106,165,4,334,114,4,118,452
09/23/2000,FAI,AK,AAL,WE,Towers with Radar,27,16,31,1,75,14,29,144,3,190,41,45,175,4,265,280,0,280,545
09/24/2000,FAI,AK,AAL,WE,Towers with Radar,36,37,16,0,89,0,9,136,0,145,36,46,152,0,234,168,0,168,402
09/25/2000,FAI,AK,AAL,WE,Towers with Radar,35,34,51,2,122,3,2,32,0,37,38,36,83,2,159,44,0,44,203
09/26/2000,FAI,AK,AAL,WE,Towers with Radar,52,49,83,2,186,0,0,62,0,62,52,49,145,2,248,122,0,122,370
09/27/2000,FAI,AK,AAL,WE,Towers with Radar,44,37,55,5,141,0,24,107,0,131,44,61,162,5,272,48,4,52,324
09/28/2000,FAI,AK,AAL,WE,Towers with Radar,51,36,29,2,118,1,50,191,0,242,52,86,220,2,360,126,2,128,488
09/29/2000,FAI,AK,AAL,WE,Towers with Radar,36,51,42,0,129,0,5,59,0,64,36,56,101,0,193,128,0,128,321
09/30/2000,FAI,AK,AAL,WE,Towers with Radar,38,20,25,2,85,0,43,105,0,148,38,63,130,2,233,144,0,144,377
10/01/2000,FAI,AK,AAL,WE,Towers with Radar,27,5,11,0,43,1,24,69,0,94,28,29,80,0,137,96,0,96,233
10/02/2000,FAI,AK,AAL,WE,Towers with Radar,43,25,14,9,91,2,21,414,3,440,45,46,428,12,531,122,12,134,665
10/03/2000,FAI,AK,AAL,WE,Towers with Radar,44,35,21,0,100,4,35,170,0,209,48,70,191,0,309,150,6,156,465
10/04/2000,FAI,AK,AAL,WE,Towers with Radar,49,23,34,0,106,1,27,92,0,120,50,50,126,0,226,198,0,198,424
10/05/2000,FAI,AK,AAL,WE,Towers with Radar,50,44,50,5,149,9,19,53,1,82,59,63,103,6,231,74,0,74,305
10/06/2000,FAI,AK,AAL,WE,Towers with Radar,49,29,44,2,124,1,6,2,0,9,50,35,46,2,133,0,0,0,133
10/07/2000,FAI,AK,AAL,WE,Towers with Radar,44,31,49,0,124,1,1,9,0,11,45,32,58,0,135,40,0,40,175
10/08/2000,FAI,AK,AAL,WE,Towers with Radar,19,13,15,0,47,14,7,7,0,28,33,20,22,0,75,0,0,0,75
10/09/2000,FAI,AK,AAL,WE,Towers with Radar,38,27,54,0,119,1,5,39,0,45,39,32,93,0,164,82,0,82,246
10/10/2000,FAI,AK,AAL,WE,Towers with Radar,46,38,31,4,119,4,37,109,1,151,50,75,140,5,270,240,4,244,514
10/11/2000,FAI,AK,AAL,WE,Towers with Radar,53,52,57,4,166,0,23,115,0,138,53,75,172,4,304,126,22,148,452
10/12/2000,FAI,AK,AAL,WE,Towers with Radar,49,38,25,2,114,1,14,81,0,96,50,52,106,2,210,129,0,129,339
10/13/2000,FAI,AK,AAL,WE,Towers with Radar,49,33,43,2,127,3,22,75,0,100,52,55,118,2,227,80,8,88,315
10/14/2000,FAI,AK,AAL,WE,Towers with Radar,47,21,15,2,85,1,27,113,2,143,48,48,128,4,228,218,0,218,446
10/15/2000,FAI,AK,AAL,WE,Towers with Radar,27,16,16,0,59,1,8,83,1,93,28,24,99,1,152,148,0,148,300
10/16/2000,FAI,AK,AAL,WE,Towers with Radar,44,47,43,5,139,2,23,132,0,157,46,70,175,5,296,102,4,106,402
10/17/2000,FAI,AK,AAL,WE,Towers with Radar,43,35,11,5,94,3,41,111,1,156,46,76,122,6,250,124,7,131,381
10/18/2000,FAI,AK,AAL,WE,Towers with Radar,44,38,10,7,99,8,64,142,2,216,52,102,152,9,315,112,10,122,437
10/19/2000,FAI,AK,AAL,WE,Towers with Radar,57,31,25,8,121,9,56,129,2,196,66,87,154,10,317,122,8,130,447
10/20/2000,FAI,AK,AAL,WE,Towers with Radar,43,32,65,2,142,1,0,12,0,13,44,32,77,2,155,0,0,0,155
10/21/2000,FAI,AK,AAL,WE,Towers with Radar,39,12,29,2,82,7,34,114,0,155,46,46,143,2,237,80,2,82,319
10/22/2000,FAI,AK,AAL,WE,Towers with Radar,32,21,9,0,62,1,5,90,0,96,33,26,99,0,158,40,0,40,198
10/23/2000,FAI,AK,AAL,WE,Towers with Radar,39,45,64,0,148,1,12,32,0,45,40,57,96,0,193,0,2,2,195
10/24/2000,FAI,AK,AAL,WE,Towers with Radar,51,62,20,0,133,3,59,141,0,203,54,121,161,0,336,48,4,52,388
10/25/2000,FAI,AK,AAL,WE,Towers with Radar,52,38,48,5,143,14,48,109,5,176,66,86,157,10,319,88,10,98,417
10/26/2000,FAI,AK,AAL,WE,Towers with Radar,64,43,47,1,155,10,40,113,0,163,74,83,160,1,318,68,0,68,386
10/27/2000,FAI,AK,AAL,WE,Towers with Radar,51,41,64,11,167,1,25,12,0,38,52,66,76,11,205,14,0,14,219
10/28/2000,FAI,AK,AAL,WE,Towers with Radar,46,22,44,1,113,5,12,14,1,32,51,34,58,2,145,114,0,114,259
10/29/2000,FAI,AK,AAL,WE,Towers with Radar,32,28,28,12,100,0,16,70,0,86,32,44,98,12,186,114,0,114,300
10/30/2000,FAI,AK,AAL,WE,Towers with Radar,45,34,38,2,119,0,5,83,0,88,45,39,121,2,207,156,0,156,363
10/31/2000,FAI,AK,AAL,WE,Towers with Radar,58,47,61,2,168,0,20,53,0,73,58,67,114,2,241,58,4,62,303
11/01/2000,FAI,AK,AAL,WE,Towers with Radar,51,35,47,0,133,0,54,94,0,148,51,89,141,0,281,130,0,130,411
11/02/2000,FAI,AK,AAL,WE,Towers with Radar,47,35,23,2,107,0,10,94,0,104,47,45,117,2,211,116,2,118,329
11/03/2000,FAI,AK,AAL,WE,Towers with Radar,42,26,48,0,116,3,25,45,0,73,45,51,93,0,189,46,0,46,235
11/04/2000,FAI,AK,AAL,WE,Towers with Radar,37,30,35,1,103,3,9,52,1,65,40,39,87,2,168,90,2,92,260
11/05/2000,FAI,AK,AAL,WE,Towers with Radar,23,10,13,0,46,3,12,71,0,86,26,22,84,0,132,110,0,110,242
11/06/2000,FAI,AK,AAL,WE,Towers with Radar,34,23,14,0,71,8,18,94,0,120,42,41,108,0,191,66,0,66,257
11/07/2000,FAI,AK,AAL,WE,Towers with Radar,46,23,13,0,82,3,35,118,2,158,49,58,131,2,240,86,0,86,326
11/08/2000,FAI,AK,AAL,WE,Towers with Radar,50,35,46,0,131,2,47,97,0,146,52,82,143,0,277,218,2,220,497
11/09/2000,FAI,AK,AAL,WE,Towers with Radar,39,41,54,4,138,0,1,48,0,49,39,42,102,4,187,94,6,100,287
11/10/2000,FAI,AK,AAL,WE,Towers with Radar,39,28,38,0,105,12,21,38,0,71,51,49,76,0,176,120,0,120,296
11/11/2000,FAI,AK,AAL,WE,Towers with Radar,37,32,34,1,104,3,11,34,0,48,40,43,68,1,152,138,0,138,290
11/12/2000,FAI,AK,AAL,WE,Towers with Radar,28,20,33,2,83,3,6,5,0,14,31,26,38,2,97,77,0,77,174
11/13/2000,FAI,AK,AAL,WE,Towers with Radar,39,31,45,2,117,7,25,101,0,133,46,56,146,2,250,138,4,142,392
11/14/2000,FAI,AK,AAL,WE,Towers with Radar,43,43,42,12,140,8,52,69,0,129,51,95,111,12,269,155,6,161,430
11/15/2000,FAI,AK,AAL,WE,Towers with Radar,42,40,52,4,138,0,18,96,2,116,42,58,148,6,254,141,6,147,401
11/16/2000,FAI,AK,AAL,WE,Towers with Radar,44,46,40,0,130,10,47,96,0,153,54,93,136,0,283,156,4,160,443
11/17/2000,FAI,AK,AAL,WE,Towers with Radar,51,36,20,0,107,12,33,92,0,137,63,69,112,0,244,64,0,64,308
11/18/2000,FAI,AK,AAL,WE,Towers with Radar,37,13,32,2,84,9,31,80,0,120,46,44,112,2,204,96,0,96,300
11/19/2000,FAI,AK,AAL,WE,Towers with Radar,35,22,20,3,80,0,0,0,0,0,35,22,20,3,80,137,0,137,217
11/20/2000,FAI,AK,AAL,WE,Towers with Radar,43,22,38,3,106,9,44,110,5,168,52,66,148,8,274,95,0,95,369
11/21/2000,FAI,AK,AAL,WE,Towers with Radar,38,30,27,8,103,7,42,88,0,137,45,72,115,8,240,55,0,55,295
11/22/2000,FAI,AK,AAL,WE,Towers with Radar,53,30,36,4,123,3,44,102,2,151,56,74,138,6,274,38,2,40,314
11/23/2000,FAI,AK,AAL,WE,Towers with Radar,35,5,8,0,48,5,7,26,0,38,40,12,34,0,86,48,0,48,134
11/24/2000,FAI,AK,AAL,WE,Towers with Radar,33,16,23,0,72,8,26,87,0,121,41,42,110,0,193,48,0,48,241
11/25/2000,FAI,AK,AAL,WE,Towers with Radar,38,10,26,0,74,1,12,59,1,73,39,22,85,1,147,46,0,46,193
11/26/2000,FAI,AK,AAL,WE,Towers with Radar,30,13,29,0,72,6,17,46,0,69,36,30,75,0,141,78,0,78,219
11/27/2000,FAI,AK,AAL,WE,Towers with Radar,40,34,54,2,130,1,3,44,0,48,41,37,98,2,178,20,0,20,198
11/28/2000,FAI,AK,AAL,WE,Towers with Radar,48,26,46,4,124,2,26,63,1,92,50,52,109,5,216,22,10,32,248
11/29/2000,FAI,AK,AAL,WE,Towers with Radar,45,34,55,3,137,0,0,68,11,79,45,34,123,14,216,24,14,38,254
11/30/2000,FAI,AK,AAL,WE,Towers with Radar,60,50,70,0,180,1,1,39,0,41,61,51,109,0,221,48,2,50,271
12/01/2000,FAI,AK,AAL,WE,Towers with Radar,45,28,46,0,119,2,24,76,0,102,47,52,122,0,221,26,0,26,247
12/02/2000,FAI,AK,AAL,WE,Towers with Radar,32,2,7,0,41,2,17,63,0,82,34,19,70,0,123,14,4,18,141
12/03/2000,FAI,AK,AAL,WE,Towers with Radar,30,9,21,3,63,2,3,75,0,80,32,12,96,3,143,94,0,94,237
12/04/2000,FAI,AK,AAL,WE,Towers with Radar,32,19,32,0,83,8,15,92,0,115,40,34,124,0,198,4,0,4,202
12/05/2000,FAI,AK,AAL,WE,Towers with Radar,39,27,51,5,122,7,13,80,1,101,46,40,131,6,223,45,0,45,268
12/06/2000,FAI,AK,AAL,WE,Towers with Radar,49,26,67,0,142,3,12,60,0,75,52,38,127,0,217,40,0,40,257
12/07/2000,FAI,AK,AAL,WE,Towers with Radar,48,33,68,3,152,2,3,22,0,27,50,36,90,3,179,4,0,4,183
12/08/2000,FAI,AK,AAL,WE,Towers with Radar,60,30,70,0,160,2,5,44,0,51,62,35,114,0,211,0,0,0,211
12/09/2000,FAI,AK,AAL,WE,Towers with Radar,40,31,26,2,99,1,26,67,0,94,41,57,93,2,193,54,0,54,247
12/10/2000,FAI,AK,AAL,WE,Towers with Radar,34,20,28,0,82,1,2,49,0,52,35,22,77,0,134,62,0,62,196
12/11/2000,FAI,AK,AAL,WE,Towers with Radar,46,25,38,0,109,3,26,90,0,119,49,51,128,0,228,36,0,36,264
12/12/2000,FAI,AK,AAL,WE,Towers with Radar,46,19,22,3,90,10,30,112,1,153,56,49,134,4,243,34,0,34,277
12/13/2000,FAI,AK,AAL,WE,Towers with Radar,42,29,8,11,90,3,27,108,0,138,45,56,116,11,228,42,10,52,280
12/14/2000,FAI,AK,AAL,WE,Towers with Radar,50,30,38,5,123,0,0,0,13,13,50,30,38,18,136,58,0,58,194
12/15/2000,FAI,AK,AAL,WE,Towers with Radar,42,19,16,4,81,3,22,42,0,67,45,41,58,4,148,29,0,29,177
12/16/2000,FAI,AK,AAL,WE,Towers with Radar,44,30,32,2,108,0,31,130,0,161,44,61,162,2,269,10,0,10,279
12/17/2000,FAI,AK,AAL,WE,Towers with Radar,41,24,6,0,71,1,14,64,0,79,42,38,70,0,150,8,0,8,158
12/18/2000,FAI,AK,AAL,WE,Towers with Radar,42,25,28,2,97,1,26,125,4,156,43,51,153,6,253,30,0,30,283
12/19/2000,FAI,AK,AAL,WE,Towers with Radar,47,35,30,4,116,2,28,122,0,152,49,63,152,4,268,132,0,132,400
12/20/2000,FAI,AK,AAL,WE,Towers with Radar,51,58,24,6,139,6,37,146,0,189,57,95,170,6,328,62,0,62,390
12/21/2000,FAI,AK,AAL,WE,Towers with Radar,44,44,30,0,118,6,25,120,0,151,50,69,150,0,269,92,0,92,361
12/22/2000,FAI,AK,AAL,WE,Towers with Radar,39,25,28,2,94,4,21,132,0,157,43,46,160,2,251,46,0,46,297
12/23/2000,FAI,AK,AAL,WE,Towers with Radar,36,30,26,0,92,0,14,104,0,118,36,44,130,0,210,68,0,68,278
12/24/2000,FAI,AK,AAL,WE,Towers with Radar,33,20,7,0,60,0,5,63,0,68,33,25,70,0,128,86,0,86,214
12/25/2000,FAI,AK,AAL,WE,Towers with Radar,20,0,6,0,26,0,0,8,0,8,20,0,14,0,34,2,0,2,36
12/26/2000,FAI,AK,AAL,WE,Towers with Radar,42,35,18,0,95,5,16,77,0,98,47,51,95,0,193,46,0,46,239
12/27/2000,FAI,AK,AAL,WE,Towers with Radar,49,23,19,2,93,0,1,3,0,4,49,24,22,2,97,42,2,44,141
12/28/2000,FAI,AK,AAL,WE,Towers with Radar,42,29,15,5,91,0,21,103,0,124,42,50,118,5,215,82,0,82,297
12/29/2000,FAI,AK,AAL,WE,Towers with Radar,36,22,18,2,78,0,34,124,2,160,36,56,142,4,238,130,0,130,368
12/30/2000,FAI,AK,AAL,WE,Towers with Radar,38,24,25,0,87,0,11,69,0,80,38,35,94,0,167,164,0,164,331
12/31/2000,FAI,AK,AAL,WE,Towers with Radar,27,9,26,1,63,0,3,15,0,18,27,12,41,1,81,74,0,74,155
01/01/2001,FAI,AK,AAL,WE,Towers with Radar,29,0,10,1,40,1,0,18,0,19,30,0,28,1,59,0,0,0,59
01/02/2001,FAI,AK,AAL,WE,Towers with Radar,34,29,50,2,115,2,18,47,0,67,36,47,97,2,182,24,0,24,206
01/03/2001,FAI,AK,AAL,WE,Towers with Radar,38,30,48,0,116,2,11,35,0,48,40,41,83,0,164,16,0,16,180
01/04/2001,FAI,AK,AAL,WE,Towers with Radar,33,43,41,4,121,3,13,76,2,94,36,56,117,6,215,20,2,22,237
01/05/2001,FAI,AK,AAL,WE,Towers with Radar,47,36,55,0,138,0,15,30,0,45,47,51,85,0,183,6,0,6,189
01/06/2001,FAI,AK,AAL,WE,Towers with Radar,30,20,21,1,72,4,12,82,1,99,34,32,103,2,171,38,0,38,209
01/07/2001,FAI,AK,AAL,WE,Towers with Radar,29,15,23,2,69,0,4,50,2,56,29,19,73,4,125,104,0,104,229
01/08/2001,FAI,AK,AAL,WE,Towers with Radar,25,26,10,0,61,0,21,152,0,173,25,47,162,0,234,80,8,88,322
01/09/2001,FAI,AK,AAL,WE,Towers with Radar,39,29,39,4,111,0,0,27,0,27,39,29,66,4,138,42,2,44,182
01/10/2001,FAI,AK,AAL,WE,Towers with Radar,48,33,60,0,141,0,0,2,0,2,48,33,62,0,143,12,0,12,155
01/11/2001,FAI,AK,AAL,WE,Towers with Radar,54,26,12,4,96,1,21,111,1,134,55,47,123,5,230,24,10,34,264
01/12/2001,FAI,AK,AAL,WE,Towers with Radar,44,32,22,0,98,426,19,126,0,571,470,51,148,0,669,96,0,96,765
01/13/2001,FAI,AK,AAL,WE,Towers with Radar,32,10,26,0,68,1,0,92,0,93,33,10,118,0,161,52,0,52,213
01/14/2001,FAI,AK,AAL,WE,Towers with Radar,28,13,11,0,52,4,5,51,0,60,32,18,62,0,112,113,0,113,225
01/15/2001,FAI,AK,AAL,WE,Towers with Radar,37,26,27,0,90,1,15,83,0,99,38,41,110,0,189,64,0,64,253
01/16/2001,FAI,AK,AAL,WE,Towers with Radar,36,41,29,0,106,1,0,111,0,112,37,41,140,0,218,96,0,96,314
01/17/2001,FAI,AK,AAL,WE,Towers with Radar,40,28,30,2,100,3,29,55,2,89,43,57,85,4,189,106,0,106,295
01/18/2001,FAI,AK,AAL,WE,Towers with Radar,43,30,32,0,105,24,34,98,0,156,67,64,130,0,261,78,0,78,339
01/19/2001,FAI,AK,AAL,WE,Towers with Radar,43,43,47,0,133,0,13,67,0,80,43,56,114,0,213,82,0,82,295
01/20/2001,FAI,AK,AAL,WE,Towers with Radar,34,15,21,0,70,2,11,115,0,128,36,26,136,0,198,98,0,98,296
01/21/2001,FAI,AK,AAL,WE,Towers with Radar,26,6,7,0,39,1,0,80,0,81,27,6,87,0,120,40,0,40,160
01/22/2001,FAI,AK,AAL,WE,Towers with Radar,43,40,45,0,128,0,6,83,0,89,43,46,128,0,217,30,0,30,247
01/23/2001,FAI,AK,AAL,WE,Towers with Radar,40,39,50,6,135,1,12,73,0,86,41,51,123,6,221,74,0,74,295
01/24/2001,FAI,AK,AAL,WE,Towers with Radar,45,22,38,0,105,6,10,65,0,81,51,32,103,0,186,52,0,52,238
01/25/2001,FAI,AK,AAL,WE,Towers with Radar,48,35,40,4,127,3,12,79,0,94,51,47,119,4,221,32,0,32,253
01/26/2001,FAI,AK,AAL,WE,Towers with Radar,41,31,19,0,91,1,22,122,0,145,42,53,141,0,236,105,2,107,343
01/27/2001,FAI,AK,AAL,WE,Towers with Radar,38,11,36,0,85,5,4,35,0,44,43,15,71,0,129,26,0,26,155
01/28/2001,FAI,AK,AAL,WE,Towers with Radar,34,18,29,2,83,1,0,2,0,3,35,18,31,2,86,0,0,0,86
01/29/2001,FAI,AK,AAL,WE,Towers with Radar,42,21,18,0,81,3,27,112,0,142,45,48,130,0,223,8,0,8,231
01/30/2001,FAI,AK,AAL,WE,Towers with Radar,45,34,8,9,96,3,19,91,0,113,48,53,99,9,209,36,0,36,245
01/31/2001,FAI,AK,AAL,WE,Towers with Radar,44,26,11,2,83,1,17,124,1,143,45,43,135,3,226,54,0,54,280
02/01/2001,FAI,AK,AAL,WE,Towers with Radar,53,33,57,2,145,1,10,5,0,16,54,43,62,2,161,6,26,32,193
02/02/2001,FAI,AK,AAL,WE,Towers with Radar,42,26,36,1,105,14,20,85,0,119,56,46,121,1,224,18,0,18,242
02/03/2001,FAI,AK,AAL,WE,Towers with Radar,39,12,29,0,80,0,2,30,0,32,39,14,59,0,112,60,0,60,172
02/04/2001,FAI,AK,AAL,WE,Towers with Radar,35,15,22,0,72,0,13,55,0,68,35,28,77,0,140,102,0,102,242
02/05/2001,FAI,AK,AAL,WE,Towers with Radar,39,30,52,0,121,0,18,77,0,95,39,48,129,0,216,72,0,72,288
02/06/2001,FAI,AK,AAL,WE,Towers with Radar,50,45,60,4,159,0,0,20,0,20,50,45,80,4,179,104,16,120,299
02/07/2001,FAI,AK,AAL,WE,Towers with Radar,46,34,50,0,130,0,14,86,0,100,46,48,136,0,230,86,0,86,316
02/08/2001,FAI,AK,AAL,WE,Towers with Radar,58,38,37,2,135,0,12,142,0,154,58,50,179,2,289,112,4,116,405
02/09/2001,FAI,AK,AAL,WE,Towers with Radar,48,28,65,2,143,1,14,109,0,124,49,42,174,2,267,190,0,190,457
02/10/2001,FAI,AK,AAL,WE,Towers with Radar,42,22,34,0,98,0,14,107,0,121,42,36,141,0,219,207,0,207,426
02/11/2001,FAI,AK,AAL,WE,Towers with Radar,33,15,20,2,70,0,0,0,0,0,33,15,20,2,70,0,0,0,70
02/12/2001,FAI,AK,AAL,WE,Towers with Radar,33,21,28,0,82,4,13,26,0,43,37,34,54,0,125,20,0,20,145
02/13/2001,FAI,AK,AAL,WE,Towers with Radar,39,35,46,2,122,0,5,73,0,78,39,40,119,2,200,24,0,24,224
02/14/2001,FAI,AK,AAL,WE,Towers with Radar,48,36,51,0,135,0,35,145,2,182,48,71,196,2,317,86,0,86,403
02/15/2001,FAI,AK,AAL,WE,Towers with Radar,57,38,31,0,126,0,18,87,0,105,57,56,118,0,231,66,0,66,297
02/16/2001,FAI,AK,AAL,WE,Towers with Radar,40,18,25,0,83,3,21,122,0,146,43,39,147,0,229,28,0,28,257
02/17/2001,FAI,AK,AAL,WE,Towers with Radar,38,11,2,4,55,1,9,93,0,103,39,20,95,4,158,91,0,91,249
02/18/2001,FAI,AK,AAL,WE,Towers with Radar,16,9,14,0,39,14,14,80,0,108,30,23,94,0,147,56,0,56,203
02/19/2001,FAI,AK,AAL,WE,Towers with Radar,24,15,22,1,62,24,36,83,12,155,48,51,105,13,217,30,0,30,247
02/20/2001,FAI,AK,AAL,WE,Towers with Radar,31,27,16,0,74,3,10,100,0,113,34,37,116,0,187,57,14,71,258
02/21/2001,FAI,AK,AAL,WE,Towers with Radar,48,43,88,13,192,0,8,17,0,25,48,51,105,13,217,30,0,30,247
02/22/2001,FAI,AK,AAL,WE,Towers with Radar,56,43,64,2,165,0,7,47,0,54,56,50,111,2,219,2,0,2,221
02/23/2001,FAI,AK,AAL,WE,Towers with Radar,47,33,62,0,142,0,8,34,0,42,47,41,96,0,184,20,0,20,204
02/24/2001,FAI,AK,AAL,WE,Towers with Radar,40,10,19,3,72,5,13,122,0,140,45,23,141,3,212,28,0,28,240
02/25/2001,FAI,AK,AAL,WE,Towers with Radar,25,15,22,1,63,7,5,54,1,67,32,20,76,2,130,50,0,50,180
02/26/2001,FAI,AK,AAL,WE,Towers with Radar,38,25,29,5,97,1,13,83,0,97,39,38,112,5,194,73,0,73,267
02/27/2001,FAI,AK,AAL,WE,Towers with Radar,49,30,28,3,110,2,14,107,0,123,51,44,135,3,233,140,0,140,373
02/28/2001,FAI,AK,AAL,WE,Towers with Radar,51,31,30,0,112,0,21,105,0,126,51,52,135,0,238,50,0,50,288
03/01/2001,FAI,AK,AAL,WE,Towers with Radar,61,47,12,0,120,9,33,131,0,173,70,80,143,0,293,70,0,70,363
03/02/2001,FAI,AK,AAL,WE,Towers with Radar,46,35,21,6,108,6,24,102,0,132,52,59,123,6,240,48,0,48,288
03/03/2001,FAI,AK,AAL,WE,Towers with Radar,38,20,10,2,70,0,9,135,0,144,38,29,145,2,214,100,0,100,314
03/04/2001,FAI,AK,AAL,WE,Towers with Radar,20,13,12,0,45,14,21,136,0,171,34,34,148,0,216,115,0,115,331
03/05/2001,FAI,AK,AAL,WE,Towers with Radar,36,22,7,0,65,9,24,116,0,149,45,46,123,0,214,38,0,38,252
03/06/2001,FAI,AK,AAL,WE,Towers with Radar,44,21,12,4,81,6,19,110,0,135,50,40,122,4,216,50,0,50,266
03/07/2001,FAI,AK,AAL,WE,Towers with Radar,54,31,36,2,123,5,29,140,0,174,59,60,176,2,297,62,0,62,359
03/08/2001,FAI,AK,AAL,WE,Towers with Radar,55,35,31,13,134,3,10,115,4,132,58,45,146,17,266,116,0,116,382
03/09/2001,FAI,AK,AAL,WE,Towers with Radar,44,23,47,2,116,0,16,79,0,95,44,39,126,2,211,72,0,72,283
03/10/2001,FAI,AK,AAL,WE,Towers with Radar,43,19,36,2,100,0,4,19,0,23,43,23,55,2,123,26,0,26,149
03/11/2001,FAI,AK,AAL,WE,Towers with Radar,35,18,28,0,81,0,1,68,0,69,35,19,96,0,150,84,0,84,234
03/12/2001,FAI,AK,AAL,WE,Towers with Radar,42,23,60,6,131,0,11,89,0,100,42,34,149,6,231,70,0,70,301
03/13/2001,FAI,AK,AAL,WE,Towers with Radar,51,41,69,2,163,1,25,76,0,102,52,66,145,2,265,94,4,98,363
03/14/2001,FAI,AK,AAL,WE,Towers with Radar,50,31,20,4,105,5,22,193,3,223,55,53,213,7,328,106,0,106,434
03/15/2001,FAI,AK,AAL,WE,Towers with Radar,48,36,24,5,113,0,14,137,4,155,48,50,161,9,268,84,0,84,352
03/16/2001,FAI,AK,AAL,WE,Towers with Radar,57,49,68,2,176,2,6,28,1,37,59,55,96,3,213,28,2,30,243
03/17/2001,FAI,AK,AAL,WE,Towers with Radar,50,22,10,0,82,0,0,105,0,105,50,22,115,0,187,42,0,42,229
03/18/2001,FAI,AK,AAL,WE,Towers with Radar,30,11,19,0,60,0,4,111,0,115,30,15,130,0,175,84,0,84,259
03/19/2001,FAI,AK,AAL,WE,Towers with Radar,41,20,13,3,77,4,20,173,1,198,45,40,186,4,275,38,0,38,313
03/20/2001,FAI,AK,AAL,WE,Towers with Radar,48,20,17,5,90,0,29,146,1,176,48,49,163,6,266,69,0,69,335
03/21/2001,FAI,AK,AAL,WE,Towers with Radar,48,23,10,0,81,0,0,0,0,0,48,23,10,0,81,73,0,73,154
03/22/2001,FAI,AK,AAL,WE,Towers with Radar,44,21,11,2,78,7,21,279,0,307,51,42,290,2,385,100,0,100,485
03/23/2001,FAI,AK,AAL,WE,Towers with Radar,43,21,15,1,80,0,0,0,0,0,43,21,15,1,80,58,0,58,138
03/24/2001,FAI,AK,AAL,WE,Towers with Radar,40,14,9,4,67,3,12,102,0,117,43,26,111,4,184,78,0,78,262
03/25/2001,FAI,AK,AAL,WE,Towers with Radar,31,21,29,2,83,0,6,67,0,73,31,27,96,2,156,72,0,72,228
03/26/2001,FAI,AK,AAL,WE,Towers with Radar,37,20,44,2,103,4,16,87,0,107,41,36,131,2,210,77,0,77,287
03/27/2001,FAI,AK,AAL,WE,Towers with Radar,42,31,46,3,122,0,0,2,0,2,42,31,48,3,124,0,0,0,124
03/28/2001,FAI,AK,AAL,WE,Towers with Radar,47,26,25,3,101,2,11,123,1,137,49,37,148,4,238,94,0,94,332
03/29/2001,FAI,AK,AAL,WE,Towers with Radar,67,43,54,2,166,6,19,177,0,202,73,62,231,2,368,166,0,166,534
03/30/2001,FAI,AK,AAL,WE,Towers with Radar,60,34,31,3,128,8,21,149,1,179,68,55,180,4,307,198,0,198,505
03/31/2001,FAI,AK,AAL,WE,Towers with Radar,37,10,30,1,78,0,0,47,0,47,37,10,77,1,125,31,0,31,156
04/01/2001,FAI,AK,AAL,WE,Towers with Radar,26,27,4,0,57,1,11,129,0,141,27,38,133,0,198,198,0,198,396
04/02/2001,FAI,AK,AAL,WE,Towers with Radar,37,17,33,0,87,0,0,111,0,111,37,17,144,0,198,76,6,82,280
04/03/2001,FAI,AK,AAL,WE,Towers with Radar,60,22,42,0,124,2,5,57,0,64,62,27,99,0,188,82,0,82,270
04/04/2001,FAI,AK,AAL,WE,Towers with Radar,51,33,48,1,133,3,15,54,1,73,54,48,102,2,206,100,0,100,306
04/05/2001,FAI,AK,AAL,WE,Towers with Radar,69,42,75,6,192,1,8,82,0,91,70,50,157,6,283,92,0,92,375
04/06/2001,FAI,AK,AAL,WE,Towers with Radar,41,29,41,2,113,2,24,142,0,168,43,53,183,2,281,100,0,100,381
04/07/2001,FAI,AK,AAL,WE,Towers with Radar,49,7,43,0,99,0,4,106,0,110,49,11,149,0,209,57,0,57,266
04/08/2001,FAI,AK,AAL,WE,Towers with Radar,32,11,32,0,75,0,0,17,0,17,32,11,49,0,92,20,0,20,112
04/09/2001,FAI,AK,AAL,WE,Towers with Radar,38,22,41,0,101,1,25,141,0,167,39,47,182,0,268,158,0,158,426
04/10/2001,FAI,AK,AAL,WE,Towers with Radar,47,35,28,3,113,2,2,140,0,144,49,37,168,3,257,142,0,142,399
04/11/2001,FAI,AK,AAL,WE,Towers with Radar,53,43,30,6,132,0,17,150,4,171,53,60,180,10,303,158,10,168,471
04/12/2001,FAI,AK,AAL,WE,Towers with Radar,61,31,43,0,135,0,17,144,0,161,61,48,187,0,296,100,0,100,396
04/13/2001,FAI,AK,AAL,WE,Towers with Radar,48,29,19,0,96,0,17,0,0,17,48,46,19,0,113,103,0,103,216
04/14/2001,FAI,AK,AAL,WE,Towers with Radar,33,18,23,0,74,14,10,136,0,160,47,28,159,0,234,164,0,164,398
04/15/2001,FAI,AK,AAL,WE,Towers with Radar,31,8,20,0,59,0,0,90,0,90,31,8,110,0,149,146,0,146,295
04/16/2001,FAI,AK,AAL,WE,Towers with Radar,45,28,44,0,117,0,13,123,0,136,45,41,167,0,253,160,0,160,413
04/17/2001,FAI,AK,AAL,WE,Towers with Radar,54,25,42,0,121,0,30,119,0,149,54,55,161,0,270,148,36,184,454
04/18/2001,FAI,AK,AAL,WE,Towers with Radar,54,21,32,8,115,5,9,141,8,163,59,30,173,16,278,48,6,54,332
04/19/2001,FAI,AK,AAL,WE,Towers with Radar,56,29,26,8,119,0,19,169,1,189,56,48,195,9,308,164,0,164,472
04/20/2001,FAI,AK,AAL,WE,Towers with Radar,52,24,32,3,111,4,23,155,0,182,56,47,187,3,293,140,0,140,433
04/21/2001,FAI,AK,AAL,WE,Towers with Radar,39,9,13,0,61,0,7,139,0,146,39,16,152,0,207,148,0,148,355
04/22/2001,FAI,AK,AAL,WE,Towers with Radar,29,6,12,0,47,0,6,149,0,155,29,12,161,0,202,156,0,156,358
04/23/2001,FAI,AK,AAL,WE,Towers with Radar,37,23,18,12,90,0,10,56,0,66,37,33,74,12,156,30,0,30,186
04/24/2001,FAI,AK,AAL,WE,Towers with Radar,51,28,32,11,122,4,17,147,7,175,55,45,179,18,297,48,0,48,345
04/25/2001,FAI,AK,AAL,WE,Towers with Radar,44,43,24,13,124,0,0,170,0,170,44,43,194,13,294,132,0,132,426
04/26/2001,FAI,AK,AAL,WE,Towers with Radar,55,28,18,5,106,4,29,239,2,274,59,57,257,7,380,42,0,42,422
04/27/2001,FAI,AK,AAL,WE,Towers with Radar,46,24,36,0,106,0,6,145,0,151,46,30,181,0,257,161,0,161,418
04/28/2001,FAI,AK,AAL,WE,Towers with Radar,40,36,34,2,112,1,13,136,1,151,41,49,170,3,263,208,0,208,471
04/29/2001,FAI,AK,AAL,WE,Towers with Radar,35,17,10,0,62,0,13,127,0,140,35,30,137,0,202,176,0,176,378
04/30/2001,FAI,AK,AAL,WE,Towers with Radar,41,25,22,1,89,2,25,137,1,165,43,50,159,2,254,92,0,92,346
05/01/2001,FAI,AK,AAL,WE,Towers with Radar,43,48,85,0,176,1,3,28,0,32,44,51,113,0,208,40,0,40,248
05/02/2001,FAI,AK,AAL,WE,Towers with Radar,41,45,56,3,145,0,20,122,8,150,41,65,178,11,295,44,0,44,339
05/03/2001,FAI,AK,AAL,WE,Towers with Radar,42,45,84,3,174,0,16,111,3,130,42,61,195,6,304,76,0,76,380
05/04/2001,FAI,AK,AAL,WE,Towers with Radar,36,28,65,0,129,0,18,73,0,91,36,46,138,0,220,89,0,89,309
05/05/2001,FAI,AK,AAL,WE,Towers with Radar,45,30,37,0,112,0,13,182,0,195,45,43,219,0,307,138,0,138,445
05/06/2001,FAI,AK,AAL,WE,Towers with Radar,37,11,27,0,75,0,0,141,0,141,37,11,168,0,216,115,0,115,331
05/07/2001,FAI,AK,AAL,WE,Towers with Radar,42,21,33,9,105,1,13,150,4,168,43,34,183,13,273,172,0,172,445
05/08/2001,FAI,AK,AAL,WE,Towers with Radar,45,34,38,6,123,1,12,136,6,155,46,46,174,12,278,144,0,144,422
05/09/2001,FAI,AK,AAL,WE,Towers with Radar,47,37,46,3,133,0,7,132,0,139,47,44,178,3,272,148,0,148,420
05/10/2001,FAI,AK,AAL,WE,Towers with Radar,55,44,54,3,156,0,8,158,0,166,55,52,212,3,322,125,0,125,447
05/11/2001,FAI,AK,AAL,WE,Towers with Radar,34,23,30,0,87,9,23,71,0,103,43,46,101,0,190,76,0,76,266
05/12/2001,FAI,AK,AAL,WE,Towers with Radar,19,14,18,1,52,35,33,196,0,264,54,47,214,1,316,164,0,164,480
05/13/2001,FAI,AK,AAL,WE,Towers with Radar,40,26,8,0,74,1,16,148,0,165,41,42,156,0,239,136,0,136,375
05/14/2001,FAI,AK,AAL,WE,Towers with Radar,39,34,5,0,78,1,26,172,0,199,40,60,177,0,277,130,0,130,407
05/15/2001,FAI,AK,AAL,WE,Towers with Radar,56,36,29,2,123,1,47,150,0,198,57,83,179,2,321,162,0,162,483
05/16/2001,FAI,AK,AAL,WE,Towers with Radar,48,41,22,2,113,1,25,194,2,222,49,66,216,4,335,303,0,303,638
05/17/2001,FAI,AK,AAL,WE,Towers with Radar,61,41,23,2,127,1,27,230,0,258,62,68,253,2,385,214,0,214,599
05/18/2001,FAI,AK,AAL,WE,Towers with Radar,44,23,21,2,90,8,24,170,3,205,52,47,191,5,295,220,2,222,517
05/19/2001,FAI,AK,AAL,WE,Towers with Radar,54,17,25,0,96,1,5,126,0,132,55,22,151,0,228,271,0,271,499
05/20/2001,FAI,AK,AAL,WE,Towers with Radar,41,21,20,0,82,1,8,160,0,169,42,29,180,0,251,216,0,216,467
05/21/2001,FAI,AK,AAL,WE,Towers with Radar,39,27,19,1,86,1,10,172,0,183,40,37,191,1,269,170,0,170,439
05/22/2001,FAI,AK,AAL,WE,Towers with Radar,53,41,83,6,183,1,18,138,7,164,54,59,221,13,347,300,0,300,647
05/23/2001,FAI,AK,AAL,WE,Towers with Radar,49,44,35,0,128,1,25,189,0,215,50,69,224,0,343,264,0,264,607
05/24/2001,FAI,AK,AAL,WE,Towers with Radar,60,29,77,11,177,1,5,130,4,140,61,34,207,15,317,288,0,288,605
05/25/2001,FAI,AK,AAL,WE,Towers with Radar,42,35,67,0,144,1,15,167,0,183,43,50,234,0,327,295,0,295,622
05/26/2001,FAI,AK,AAL,WE,Towers with Radar,53,29,37,0,119,2,1,186,0,189,55,30,223,0,308,172,0,172,480
05/27/2001,FAI,AK,AAL,WE,Towers with Radar,31,7,13,0,51,0,8,123,0,131,31,15,136,0,182,114,0,114,296
05/28/2001,FAI,AK,AAL,WE,Towers with Radar,37,16,14,0,67,0,0,86,0,86,37,16,100,0,153,108,0,108,261
05/29/2001,FAI,AK,AAL,WE,Towers with Radar,53,25,52,12,142,0,32,156,2,190,53,57,208,14,332,196,0,196,528
05/30/2001,FAI,AK,AAL,WE,Towers with Radar,50,35,26,0,111,3,20,268,0,291,53,55,294,0,402,320,0,320,722
05/31/2001,FAI,AK,AAL,WE,Towers with Radar,65,41,46,10,162,0,23,204,4,231,65,64,250,14,393,226,0,226,619
06/01/2001,FAI,AK,AAL,WE,Towers with Radar,44,19,14,0,77,6,30,225,2,263,50,49,239,2,340,256,0,256,596
06/02/2001,FAI,AK,AAL,WE,Towers with Radar,53,15,14,0,82,0,18,231,0,249,53,33,245,0,331,288,0,288,619
06/03/2001,FAI,AK,AAL,WE,Towers with Radar,40,32,8,0,80,0,20,147,0,167,40,52,155,0,247,146,0,146,393
06/04/2001,FAI,AK,AAL,WE,Towers with Radar,43,33,56,0,132,0,0,128,0,128,43,33,184,0,260,156,0,156,416
06/05/2001,FAI,AK,AAL,WE,Towers with Radar,60,40,36,0,136,1,27,203,0,231,61,67,239,0,367,190,0,190,557
06/06/2001,FAI,AK,AAL,WE,Towers with Radar,47,34,25,3,109,0,24,216,5,245,47,58,241,8,354,104,0,104,458
06/07/2001,FAI,AK,AAL,WE,Towers with Radar,55,35,44,0,134,0,26,212,0,238,55,61,256,0,372,135,0,135,507
06/08/2001,FAI,AK,AAL,WE,Towers with Radar,52,37,50,0,139,0,16,175,0,191,52,53,225,0,330,96,0,96,426
06/09/2001,FAI,AK,AAL,WE,Towers with Radar,42,26,34,0,102,2,22,251,0,275,44,48,285,0,377,210,0,210,587
06/10/2001,FAI,AK,AAL,WE,Towers with Radar,41,12,2,0,55,0,11,181,0,192,41,23,183,0,247,123,0,123,370
06/11/2001,FAI,AK,AAL,WE,Towers with Radar,56,30,37,3,126,0,31,207,1,239,56,61,244,4,365,130,0,130,495
06/12/2001,FAI,AK,AAL,WE,Towers with Radar,67,36,71,3,177,0,11,117,0,128,67,47,188,3,305,244,0,244,549
06/13/2001,FAI,AK,AAL,WE,Towers with Radar,52,30,38,2,122,0,17,218,3,238,52,47,256,5,360,228,0,228,588
06/14/2001,FAI,AK,AAL,WE,Towers with Radar,70,29,38,4,141,0,15,229,2,246,70,44,267,6,387,142,0,142,529
06/15/2001,FAI,AK,AAL,WE,Towers with Radar,58,22,20,6,106,0,41,289,3,333,58,63,309,9,439,204,0,204,643
06/16/2001,FAI,AK,AAL,WE,Towers with Radar,60,27,16,0,103,0,27,281,0,308,60,54,297,0,411,156,0,156,567
06/17/2001,FAI,AK,AAL,WE,Towers with Radar,47,13,9,0,69,1,11,213,0,225,48,24,222,0,294,88,0,88,382
06/18/2001,FAI,AK,AAL,WE,Towers with Radar,56,23,17,4,100,0,15,220,0,235,56,38,237,4,335,186,0,186,521
06/19/2001,FAI,AK,AAL,WE,Towers with Radar,61,34,21,12,128,6,16,96,0,118,67,50,117,12,246,196,0,196,442
06/20/2001,FAI,AK,AAL,WE,Towers with Radar,47,31,19,0,97,8,37,314,0,359,55,68,333,0,456,222,0,222,678
06/21/2001,FAI,AK,AAL,WE,Towers with Radar,64,27,18,4,113,4,33,257,1,295,68,60,275,5,408,74,0,74,482
06/22/2001,FAI,AK,AAL,WE,Towers with Radar,54,27,35,6,122,3,41,299,0,343,57,68,334,6,465,158,0,158,623
06/23/2001,FAI,AK,AAL,WE,Towers with Radar,55,26,13,2,96,2,29,280,0,311,57,55,293,2,407,162,0,162,569
06/24/2001,FAI,AK,AAL,WE,Towers with Radar,49,8,12,2,71,3,9,232,0,244,52,17,244,2,315,136,0,136,451
06/25/2001,FAI,AK,AAL,WE,Towers with Radar,48,23,18,0,89,2,18,239,0,259,50,41,257,0,348,112,0,112,460
06/26/2001,FAI,AK,AAL,WE,Towers with Radar,65,35,100,0,200,2,11,115,0,128,67,46,215,0,328,64,0,64,392
06/27/2001,FAI,AK,AAL,WE,Towers with Radar,70,47,86,2,205,2,15,153,0,170,72,62,239,2,375,228,0,228,603
06/28/2001,FAI,AK,AAL,WE,Towers with Radar,60,28,35,0,123,5,0,200,0,205,65,28,235,0,328,190,0,190,518
06/29/2001,FAI,AK,AAL,WE,Towers with Radar,58,31,40,7,136,4,31,253,0,288,62,62,293,7,424,242,0,242,666
06/30/2001,FAI,AK,AAL,WE,Towers with Radar,59,22,39,0,120,1,15,160,0,176,60,37,199,0,296,160,0,160,456
07/01/2001,FAI,AK,AAL,WE,Towers with Radar,40,12,22,0,74,1,7,166,0,174,41,19,188,0,248,263,0,263,511
07/02/2001,FAI,AK,AAL,WE,Towers with Radar,39,16,20,0,75,1,32,197,0,230,40,48,217,0,305,118,0,118,423
07/03/2001,FAI,AK,AAL,WE,Towers with Radar,73,40,51,5,169,0,35,274,8,317,73,75,325,13,486,284,0,284,770
07/04/2001,FAI,AK,AAL,WE,Towers with Radar,40,17,22,0,79,1,1,80,0,82,41,18,102,0,161,82,0,82,243
07/05/2001,FAI,AK,AAL,WE,Towers with Radar,69,37,54,21,181,0,12,146,12,170,69,49,200,33,351,170,0,170,521
07/06/2001,FAI,AK,AAL,WE,Towers with Radar,56,38,53,6,153,0,10,125,0,135,56,48,178,6,288,93,0,93,381
07/07/2001,FAI,AK,AAL,WE,Towers with Radar,48,38,45,2,133,0,3,105,0,108,48,41,150,2,241,70,0,70,311
07/08/2001,FAI,AK,AAL,WE,Towers with Radar,50,16,43,0,109,0,2,151,0,153,50,18,194,0,262,114,0,114,376
07/09/2001,FAI,AK,AAL,WE,Towers with Radar,51,41,45,2,139,0,21,255,0,276,51,62,300,2,415,190,0,190,605
07/10/2001,FAI,AK,AAL,WE,Towers with Radar,62,35,50,7,154,0,29,246,1,276,62,64,296,8,430,114,0,114,544
07/11/2001,FAI,AK,AAL,WE,Towers with Radar,54,47,45,3,149,1,21,188,0,210,55,68,233,3,359,198,0,198,557
07/12/2001,FAI,AK,AAL,WE,Towers with Radar,69,41,69,10,189,6,25,225,6,262,75,66,294,16,451,222,0,222,673
07/13/2001,FAI,AK,AAL,WE,Towers with Radar,49,37,25,12,123,4,30,225,0,259,53,67,250,12,382,136,0,136,518
07/14/2001,FAI,AK,AAL,WE,Towers with Radar,56,41,45,0,142,1,9,156,0,166,57,50,201,0,308,144,0,144,452
07/15/2001,FAI,AK,AAL,WE,Towers with Radar,53,10,11,0,74,0,16,275,0,291,53,26,286,0,365,162,0,162,527
07/16/2001,FAI,AK,AAL,WE,Towers with Radar,59,22,25,3,109,0,21,215,0,236,59,43,240,3,345,160,0,160,505
07/17/2001,FAI,AK,AAL,WE,Towers with Radar,51,35,81,0,167,0,12,86,0,98,51,47,167,0,265,54,0,54,319
07/18/2001,FAI,AK,AAL,WE,Towers with Radar,64,37,52,3,156,0,10,267,0,277,64,47,319,3,433,70,0,70,503
07/19/2001,FAI,AK,AAL,WE,Towers with Radar,68,32,26,0,126,10,23,269,0,302,78,55,295,0,428,130,0,130,558
07/20/2001,FAI,AK,AAL,WE,Towers with Radar,58,35,34,10,137,4,30,220,3,257,62,65,254,13,394,218,0,218,612
07/21/2001,FAI,AK,AAL,WE,Towers with Radar,37,20,27,0,84,16,19,231,0,266,53,39,258,0,350,142,0,142,492
07/22/2001,FAI,AK,AAL,WE,Towers with Radar,51,8,15,0,74,2,4,204,0,210,53,12,219,0,284,90,0,90,374
07/23/2001,FAI,AK,AAL,WE,Towers with Radar,63,31,79,8,181,1,19,138,2,160,64,50,217,10,341,61,0,61,402
07/24/2001,FAI,AK,AAL,WE,Towers with Radar,66,29,48,3,146,0,2,47,0,49,66,31,95,3,195,174,0,174,369
07/25/2001,FAI,AK,AAL,WE,Towers with Radar,58,38,57,11,164,5,22,216,1,244,63,60,273,12,408,194,0,194,602
07/26/2001,FAI,AK,AAL,WE,Towers with Radar,81,30,44,15,170,11,20,220,3,254,92,50,264,18,424,150,0,150,574
07/27/2001,FAI,AK,AAL,WE,Towers with Radar,54,44,62,0,160,0,31,206,0,237,54,75,268,0,397,119,0,119,516
07/28/2001,FAI,AK,AAL,WE,Towers with Radar,58,30,48,0,136,1,11,75,0,87,59,41,123,0,223,12,0,12,235
07/29/2001,FAI,AK,AAL,WE,Towers with Radar,48,14,45,0,107,0,8,91,0,99,48,22,136,0,206,106,0,106,312
07/30/2001,FAI,AK,AAL,WE,Towers with Radar,50,27,68,13,158,0,0,129,0,129,50,27,197,13,287,130,0,130,417
07/31/2001,FAI,AK,AAL,WE,Towers with Radar,70,40,57,0,167,0,10,158,0,168,70,50,215,0,335,170,0,170,505
08/01/2001,FAI,AK,AAL,WE,Towers with Radar,61,27,32,7,127,2,29,249,0,280,63,56,281,7,407,256,0,256,663
08/02/2001,FAI,AK,AAL,WE,Towers with Radar,64,38,60,2,164,3,25,183,0,211,67,63,243,2,375,202,0,202,577
08/03/2001,FAI,AK,AAL,WE,Towers with Radar,57,41,93,0,191,2,16,113,0,131,59,57,206,0,322,204,0,204,526
08/04/2001,FAI,AK,AAL,WE,Towers with Radar,49,31,38,1,119,5,24,190,0,219,54,55,228,1,338,246,0,246,584
08/05/2001,FAI,AK,AAL,WE,Towers with Radar,29,17,27,0,73,12,4,189,0,205,41,21,216,0,278,198,0,198,476
08/06/2001,FAI,AK,AAL,WE,Towers with Radar,49,29,32,0,110,5,20,225,0,250,54,49,257,0,360,144,0,144,504
08/07/2001,FAI,AK,AAL,WE,Towers with Radar,61,26,36,0,123,6,14,216,0,236,67,40,252,0,359,124,0,124,483
08/08/2001,FAI,AK,AAL,WE,Towers with Radar,54,25,30,0,109,2,20,266,0,288,56,45,296,0,397,223,0,223,620
08/09/2001,FAI,AK,AAL,WE,Towers with Radar,65,29,59,3,156,2,12,322,1,337,67,41,381,4,493,96,0,96,589
08/10/2001,FAI,AK,AAL,WE,Towers with Radar,57,49,84,0,190,2,20,149,0,171,59,69,233,0,361,141,0,141,502
08/11/2001,FAI,AK,AAL,WE,Towers with Radar,52,36,80,0,168,2,3,178,0,183,54,39,258,0,351,96,0,96,447
08/12/2001,FAI,AK,AAL,WE,Towers with Radar,46,17,74,3,140,2,1,64,0,67,48,18,138,3,207,84,0,84,291
08/13/2001,FAI,AK,AAL,WE,Towers with Radar,52,39,61,4,156,0,22,155,5,182,52,61,216,9,338,151,0,151,489
08/14/2001,FAI,AK,AAL,WE,Towers with Radar,59,54,86,0,199,0,11,85,0,96,59,65,171,0,295,72,0,72,367
08/15/2001,FAI,AK,AAL,WE,Towers with Radar,42,56,102,7,207,8,4,82,4,98,50,60,184,11,305,84,0,84,389
08/16/2001,FAI,AK,AAL,WE,Towers with Radar,59,43,82,4,188,4,31,208,2,245,63,74,290,6,433,134,0,134,567
08/17/2001,FAI,AK,AAL,WE,Towers with Radar,48,32,17,2,99,2,38,343,0,383,50,70,360,2,482,202,0,202,684
08/18/2001,FAI,AK,AAL,WE,Towers with Radar,43,29,82,0,154,3,7,142,0,152,46,36,224,0,306,93,0,93,399
08/19/2001,FAI,AK,AAL,WE,Towers with Radar,47,13,47,0,107,2,9,205,0,216,49,22,252,0,323,90,0,90,413
08/20/2001,FAI,AK,AAL,WE,Towers with Radar,43,27,7,3,80,9,23,277,0,309,52,50,284,3,389,73,0,73,462
08/21/2001,FAI,AK,AAL,WE,Towers with Radar,59,36,56,3,154,0,21,208,1,230,59,57,264,4,384,101,0,101,485
08/22/2001,FAI,AK,AAL,WE,Towers with Radar,59,25,37,3,124,8,19,265,2,294,67,44,302,5,418,81,0,81,499
08/23/2001,FAI,AK,AAL,WE,Towers with Radar,68,35,55,3,161,1,1,229,0,231,69,36,284,3,392,194,0,194,586
08/24/2001,FAI,AK,AAL,WE,Towers with Radar,67,33,68,2,170,1,29,213,0,243,68,62,281,2,413,128,0,128,541
08/25/2001,FAI,AK,AAL,WE,Towers with Radar,50,30,55,0,135,1,10,195,0,206,51,40,250,0,341,119,0,119,460
08/26/2001,FAI,AK,AAL,WE,Towers with Radar,44,9,13,0,66,1,4,269,0,274,45,13,282,0,340,168,0,168,508
08/27/2001,FAI,AK,AAL,WE,Towers with Radar,54,33,15,8,110,2,29,224,0,255,56,62,239,8,365,174,0,174,539
08/28/2001,FAI,AK,AAL,WE,Towers with Radar,51,27,16,1,95,1,29,220,5,255,52,56,236,6,350,98,0,98,448
08/29/2001,FAI,AK,AAL,WE,Towers with Radar,53,39,32,3,127,1,29,286,7,323,54,68,318,10,450,187,0,187,637
08/30/2001,FAI,AK,AAL,WE,Towers with Radar,66,31,23,5,125,2,22,326,0,350,68,53,349,5,475,172,0,172,647
08/31/2001,FAI,AK,AAL,WE,Towers with Radar,75,21,52,0,148,3,21,290,0,314,78,42,342,0,462,190,0,190,652
09/01/2001,FAI,AK,AAL,WE,Towers with Radar,55,16,17,4,92,6,13,255,0,274,61,29,272,4,366,88,0,88,454
09/02/2001,FAI,AK,AAL,WE,Towers with Radar,51,14,10,0,75,1,5,232,0,238,52,19,242,0,313,80,0,80,393
09/03/2001,FAI,AK,AAL,WE,Towers with Radar,49,22,9,0,80,0,4,224,0,228,49,26,233,0,308,154,0,154,462
09/04/2001,FAI,AK,AAL,WE,Towers with Radar,58,29,42,2,131,0,15,195,0,210,58,44,237,2,341,202,0,202,543
09/05/2001,FAI,AK,AAL,WE,Towers with Radar,58,31,56,4,149,0,10,171,0,181,58,41,227,4,330,52,0,52,382
09/06/2001,FAI,AK,AAL,WE,Towers with Radar,69,25,45,1,140,0,17,225,3,245,69,42,270,4,385,175,0,175,560
09/07/2001,FAI,AK,AAL,WE,Towers with Radar,55,36,25,7,123,0,23,281,4,308,55,59,306,11,431,114,0,114,545
09/08/2001,FAI,AK,AAL,WE,Towers with Radar,20,19,53,0,92,0,0,191,0,191,20,19,244,0,283,150,0,150,433
09/09/2001,FAI,AK,AAL,WE,Towers with Radar,42,11,8,0,61,1,2,323,0,326,43,13,331,0,387,180,0,180,567
09/10/2001,FAI,AK,AAL,WE,Towers with Radar,49,20,4,0,73,3,21,304,0,328,52,41,308,0,401,138,0,138,539
09/11/2001,FAI,AK,AAL,WE,Towers with Radar,6,8,0,0,14,1,0,2,0,3,7,8,2,0,17,0,0,0,17
09/12/2001,FAI,AK,AAL,WE,Towers with Radar,1,4,2,0,7,1,3,2,0,6,2,7,4,0,13,0,0,0,13
09/13/2001,FAI,AK,AAL,WE,Towers with Radar,12,20,30,0,62,1,27,275,0,303,13,47,305,0,365,120,0,120,485
09/14/2001,FAI,AK,AAL,WE,Towers with Radar,36,39,24,4,103,0,77,289,0,366,36,116,313,4,469,190,0,190,659
09/15/2001,FAI,AK,AAL,WE,Towers with Radar,52,34,8,0,94,0,78,219,0,297,52,112,227,0,391,186,0,186,577
09/16/2001,FAI,AK,AAL,WE,Towers with Radar,35,16,7,0,58,0,58,205,0,263,35,74,212,0,321,88,0,88,409
09/17/2001,FAI,AK,AAL,WE,Towers with Radar,46,33,5,4,88,5,133,118,2,258,51,166,123,6,346,110,0,110,456
09/18/2001,FAI,AK,AAL,WE,Towers with Radar,58,34,19,10,121,1,81,236,5,323,59,115,255,15,444,94,0,94,538
09/19/2001,FAI,AK,AAL,WE,Towers with Radar,48,42,15,5,110,3,107,196,2,308,51,149,211,7,418,93,0,93,511
09/20/2001,FAI,AK,AAL,WE,Towers with Radar,61,40,29,3,133,0,89,152,10,251,61,129,181,13,384,216,0,216,600
09/21/2001,FAI,AK,AAL,WE,Towers with Radar,60,32,14,0,106,4,121,153,0,278,64,153,167,0,384,186,0,186,570
09/22/2001,FAI,AK,AAL,WE,Towers with Radar,42,17,9,1,69,2,43,155,1,201,44,60,164,2,270,158,0,158,428
09/23/2001,FAI,AK,AAL,WE,Towers with Radar,30,14,14,0,58,0,41,218,0,259,30,55,232,0,317,140,0,140,457
09/24/2001,FAI,AK,AAL,WE,Towers with Radar,44,24,4,6,78,6,87,127,0,220,50,111,131,6,298,92,0,92,390
09/25/2001,FAI,AK,AAL,WE,Towers with Radar,57,35,22,3,117,0,91,159,1,251,57,126,181,4,368,240,0,240,608
09/26/2001,FAI,AK,AAL,WE,Towers with Radar,42,30,17,4,93,3,80,153,0,236,45,110,170,4,329,160,0,160,489
09/27/2001,FAI,AK,AAL,WE,Towers with Radar,61,50,9,2,122,0,78,176,0,254,61,128,185,2,376,140,0,140,516
09/28/2001,FAI,AK,AAL,WE,Towers with Radar,47,36,10,1,94,5,90,151,0,246,52,126,161,1,340,114,0,114,454
09/29/2001,FAI,AK,AAL,WE,Towers with Radar,37,26,24,1,88,0,41,192,0,233,37,67,216,1,321,148,0,148,469
09/30/2001,FAI,AK,AAL,WE,Towers with Radar,31,29,21,0,81,0,5,61,0,66,31,34,82,0,147,64,0,64,211
10/01/2001,FAI,AK,AAL,WE,Towers with Radar,43,56,17,2,118,2,30,72,1,105,45,86,89,3,223,64,0,64,287
10/02/2001,FAI,AK,AAL,WE,Towers with Radar,55,61,27,2,145,3,30,60,0,93,58,91,87,2,238,32,0,32,270
10/03/2001,FAI,AK,AAL,WE,Towers with Radar,46,48,21,9,124,6,66,96,8,176,52,114,117,17,300,78,0,78,378
10/04/2001,FAI,AK,AAL,WE,Towers with Radar,53,38,21,1,113,9,89,128,0,226,62,127,149,1,339,64,0,64,403
10/05/2001,FAI,AK,AAL,WE,Towers with Radar,42,41,20,2,105,13,98,111,0,222,55,139,131,2,327,82,0,82,409
10/06/2001,FAI,AK,AAL,WE,Towers with Radar,34,24,37,0,95,2,8,28,0,38,36,32,65,0,133,18,0,18,151
10/07/2001,FAI,AK,AAL,WE,Towers with Radar,30,37,16,0,83,4,6,43,0,53,34,43,59,0,136,152,0,152,288
10/08/2001,FAI,AK,AAL,WE,Towers with Radar,44,40,19,0,103,3,31,65,0,99,47,71,84,0,202,184,0,184,386
10/09/2001,FAI,AK,AAL,WE,Towers with Radar,42,52,8,10,112,8,52,81,5,146,50,104,89,15,258,64,0,64,322
10/10/2001,FAI,AK,AAL,WE,Towers with Radar,46,70,29,6,151,0,43,90,10,143,46,113,119,16,294,91,0,91,385
10/11/2001,FAI,AK,AAL,WE,Towers with Radar,68,74,16,6,164,2,22,35,3,62,70,96,51,9,226,16,0,16,242
10/12/2001,FAI,AK,AAL,WE,Towers with Radar,56,72,30,0,158,0,21,17,0,38,56,93,47,0,196,0,0,0,196
10/13/2001,FAI,AK,AAL,WE,Towers with Radar,43,26,11,0,80,5,36,79,0,120,48,62,90,0,200,84,0,84,284
10/14/2001,FAI,AK,AAL,WE,Towers with Radar,37,20,6,0,63,2,25,52,0,79,39,45,58,0,142,104,0,104,246
10/15/2001,FAI,AK,AAL,WE,Towers with Radar,36,48,30,7,121,4,56,87,4,151,40,104,117,11,272,108,0,108,380
10/16/2001,FAI,AK,AAL,WE,Towers with Radar,49,61,34,0,144,1,50,51,0,102,50,111,85,0,246,34,0,34,280
10/17/2001,FAI,AK,AAL,WE,Towers with Radar,60,26,9,9,104,5,83,142,4,234,65,109,151,13,338,48,0,48,386
10/18/2001,FAI,AK,AAL,WE,Towers with Radar,69,50,10,2,131,2,74,144,0,220,71,124,154,2,351,144,0,144,495
10/19/2001,FAI,AK,AAL,WE,Towers with Radar,50,51,20,2,123,6,54,64,2,126,56,105,84,4,249,24,0,24,273
10/20/2001,FAI,AK,AAL,WE,Towers with Radar,47,44,15,1,107,2,20,70,2,94,49,64,85,3,201,168,0,168,369
10/21/2001,FAI,AK,AAL,WE,Towers with Radar,29,18,14,0,61,1,13,59,0,73,30,31,73,0,134,90,0,90,224
10/22/2001,FAI,AK,AAL,WE,Towers with Radar,56,98,43,10,207,1,11,28,5,45,57,109,71,15,252,14,0,14,266
10/23/2001,FAI,AK,AAL,WE,Towers with Radar,58,59,42,6,165,3,66,52,4,125,61,125,94,10,290,48,0,48,338
10/24/2001,FAI,AK,AAL,WE,Towers with Radar,40,49,22,2,113,1,81,97,2,181,41,130,119,4,294,62,0,62,356
10/25/2001,FAI,AK,AAL,WE,Towers with Radar,56,52,11,2,121,3,59,61,1,124,59,111,72,3,245,56,0,56,301
10/26/2001,FAI,AK,AAL,WE,Towers with Radar,47,51,18,1,117,2,82,83,0,167,49,133,101,1,284,60,0,60,344
10/27/2001,FAI,AK,AAL,WE,Towers with Radar,43,31,8,1,83,3,43,51,2,99,46,74,59,3,182,72,0,72,254
10/28/2001,FAI,AK,AAL,WE,Towers with Radar,33,27,18,1,79,1,19,66,0,86,34,46,84,1,165,36,0,36,201
10/29/2001,FAI,AK,AAL,WE,Towers with Radar,40,83,13,0,136,1,57,77,0,135,41,140,90,0,271,58,0,58,329
10/30/2001,FAI,AK,AAL,WE,Towers with Radar,54,83,32,2,171,2,45,39,0,86,56,128,71,2,257,38,0,38,295
10/31/2001,FAI,AK,AAL,WE,Towers with Radar,45,58,16,0,119,5,71,77,0,153,50,129,93,0,272,82,0,82,354
11/01/2001,FAI,AK,AAL,WE,Towers with Radar,64,43,8,0,115,4,77,63,0,144,68,120,71,0,259,16,0,16,275
11/02/2001,FAI,AK,AAL,WE,Towers with Radar,48,59,36,2,145,0,1,64,0,65,48,60,100,2,210,32,0,32,242
11/03/2001,FAI,AK,AAL,WE,Towers with Radar,43,33,18,0,94,0,35,51,0,86,43,68,69,0,180,54,2,56,236
11/04/2001,FAI,AK,AAL,WE,Towers with Radar,34,22,13,2,71,0,11,49,0,60,34,33,62,2,131,36,0,36,167
11/05/2001,FAI,AK,AAL,WE,Towers with Radar,49,37,14,4,104,0,66,65,0,131,49,103,79,4,235,14,0,14,249
11/06/2001,FAI,AK,AAL,WE,Towers with Radar,46,40,39,0,125,9,74,98,0,181,55,114,137,0,306,30,0,30,336
11/07/2001,FAI,AK,AAL,WE,Towers with Radar,44,35,8,9,96,4,93,85,6,188,48,128,93,15,284,20,0,20,304
11/08/2001,FAI,AK,AAL,WE,Towers with Radar,56,35,1,0,92,5,75,67,0,147,61,110,68,0,239,48,0,48,287
11/09/2001,FAI,AK,AAL,WE,Towers with Radar,65,42,15,0,122,5,71,59,0,135,70,113,74,0,257,58,0,58,315
11/10/2001,FAI,AK,AAL,WE,Towers with Radar,40,25,7,0,72,0,43,72,0,115,40,68,79,0,187,74,0,74,261
11/11/2001,FAI,AK,AAL,WE,Towers with Radar,39,34,9,0,82,0,14,63,0,77,39,48,72,0,159,34,0,34,193
11/12/2001,FAI,AK,AAL,WE,Towers with Radar,52,32,60,0,144,3,39,71,0,113,55,71,131,0,257,48,0,48,305
11/13/2001,FAI,AK,AAL,WE,Towers with Radar,54,63,36,2,155,0,8,21,0,29,54,71,57,2,184,12,0,12,196
11/14/2001,FAI,AK,AAL,WE,Towers with Radar,49,98,26,2,175,0,15,14,2,31,49,113,40,4,206,32,0,32,238
11/15/2001,FAI,AK,AAL,WE,Towers with Radar,55,45,20,3,123,1,11,77,3,92,56,56,97,6,215,94,0,94,309
11/16/2001,FAI,AK,AAL,WE,Towers with Radar,59,61,26,3,149,1,60,75,0,136,60,121,101,3,285,162,0,162,447
11/17/2001,FAI,AK,AAL,WE,Towers with Radar,43,33,1,0,77,0,29,53,0,82,43,62,54,0,159,56,0,56,215
11/18/2001,FAI,AK,AAL,WE,Towers with Radar,32,17,25,0,74,1,17,93,0,111,33,34,118,0,185,132,0,132,317
11/19/2001,FAI,AK,AAL,WE,Towers with Radar,39,37,3,0,79,8,60,82,0,150,47,97,85,0,229,60,0,60,289
11/20/2001,FAI,AK,AAL,WE,Towers with Radar,40,47,13,10,110,0,77,73,0,150,40,124,86,10,260,28,0,28,288
11/21/2001,FAI,AK,AAL,WE,Towers with Radar,58,54,29,0,141,0,80,68,0,148,58,134,97,0,289,23,0,23,312
11/22/2001,FAI,AK,AAL,WE,Towers with Radar,30,4,4,0,38,0,1,35,0,36,30,5,39,0,74,16,0,16,90
11/23/2001,FAI,AK,AAL,WE,Towers with Radar,42,39,24,0,105,0,46,54,0,100,42,85,78,0,205,32,0,32,237
11/24/2001,FAI,AK,AAL,WE,Towers with Radar,46,18,7,0,71,0,31,53,0,84,46,49,60,0,155,22,0,22,177
11/25/2001,FAI,AK,AAL,WE,Towers with Radar,37,26,7,0,70,0,31,99,0,130,37,57,106,0,200,33,0,33,233
11/26/2001,FAI,AK,AAL,WE,Towers with Radar,43,26,3,17,89,1,73,58,4,136,44,99,61,21,225,40,0,40,265
11/27/2001,FAI,AK,AAL,WE,Towers with Radar,51,45,20,6,122,1,78,90,0,169,52,123,110,6,291,10,0,10,301
11/28/2001,FAI,AK,AAL,WE,Towers with Radar,43,29,7,2,81,2,87,49,1,139,45,116,56,3,220,24,0,24,244
11/29/2001,FAI,AK,AAL,WE,Towers with Radar,47,37,5,0,89,0,77,48,0,125,47,114,53,0,214,12,0,12,226
11/30/2001,FAI,AK,AAL,WE,Towers with Radar,47,38,17,0,102,4,83,53,0,140,51,121,70,0,242,12,0,12,254
12/01/2001,FAI,AK,AAL,WE,Towers with Radar,31,25,6,0,62,1,30,41,0,72,32,55,47,0,134,2,0,2,136
12/02/2001,FAI,AK,AAL,WE,Towers with Radar,35,28,4,2,69,1,27,18,0,46,36,55,22,2,115,0,0,0,115
12/03/2001,FAI,AK,AAL,WE,Towers with Radar,40,80,22,0,142,0,18,25,0,43,40,98,47,0,185,0,0,0,185
12/04/2001,FAI,AK,AAL,WE,Towers with Radar,55,63,21,2,141,0,0,6,0,6,55,63,27,2,147,0,0,0,147
12/05/2001,FAI,AK,AAL,WE,Towers with Radar,46,67,18,2,133,1,40,30,0,71,47,107,48,2,204,0,0,0,204
12/06/2001,FAI,AK,AAL,WE,Towers with Radar,49,51,0,2,102,1,35,0,49,85,50,86,0,51,187,0,0,0,187
12/07/2001,FAI,AK,AAL,WE,Towers with Radar,49,40,5,4,98,5,69,36,0,110,54,109,41,4,208,2,0,2,210
12/08/2001,FAI,AK,AAL,WE,Towers with Radar,42,45,10,0,97,0,13,11,0,24,42,58,21,0,121,0,0,0,121
12/09/2001,FAI,AK,AAL,WE,Towers with Radar,31,13,9,0,53,1,21,15,0,37,32,34,24,0,90,2,0,2,92
12/10/2001,FAI,AK,AAL,WE,Towers with Radar,42,55,5,9,111,1,57,36,5,99,43,112,41,14,210,27,0,27,237
12/11/2001,FAI,AK,AAL,WE,Towers with Radar,46,45,20,7,118,1,53,58,7,119,47,98,78,14,237,18,0,18,255
12/12/2001,FAI,AK,AAL,WE,Towers with Radar,49,90,26,2,167,0,34,28,2,64,49,124,54,4,231,8,0,8,239
12/13/2001,FAI,AK,AAL,WE,Towers with Radar,59,90,31,0,180,0,19,5,0,24,59,109,36,0,204,0,0,0,204
12/14/2001,FAI,AK,AAL,WE,Towers with Radar,52,77,23,2,154,2,53,34,0,89,54,130,57,2,243,16,0,16,259
12/15/2001,FAI,AK,AAL,WE,Towers with Radar,42,51,20,0,113,1,22,16,0,39,43,73,36,0,152,20,0,20,172
12/16/2001,FAI,AK,AAL,WE,Towers with Radar,36,51,13,2,102,0,17,10,0,27,36,68,23,2,129,16,0,16,145
12/17/2001,FAI,AK,AAL,WE,Towers with Radar,42,46,14,4,106,0,66,28,2,96,42,112,42,6,202,34,0,34,236
12/18/2001,FAI,AK,AAL,WE,Towers with Radar,51,73,16,2,142,1,48,18,1,68,52,121,34,3,210,0,0,0,210
12/19/2001,FAI,AK,AAL,WE,Towers with Radar,47,97,17,0,161,0,15,4,0,19,47,112,21,0,180,0,0,0,180
12/20/2001,FAI,AK,AAL,WE,Towers with Radar,49,61,27,6,143,3,84,18,7,112,52,145,45,13,255,23,0,23,278
12/21/2001,FAI,AK,AAL,WE,Towers with Radar,53,61,15,0,129,0,97,50,0,147,53,158,65,0,276,34,0,34,310
12/22/2001,FAI,AK,AAL,WE,Towers with Radar,42,42,16,0,100,2,59,39,0,100,44,101,55,0,200,18,0,18,218
12/23/2001,FAI,AK,AAL,WE,Towers with Radar,35,39,22,0,96,0,17,26,0,43,35,56,48,0,139,70,0,70,209
12/24/2001,FAI,AK,AAL,WE,Towers with Radar,33,26,12,0,71,0,74,41,0,115,33,100,53,0,186,37,0,37,223
12/25/2001,FAI,AK,AAL,WE,Towers with Radar,27,1,2,0,30,0,5,8,0,13,27,6,10,0,43,8,0,8,51
12/26/2001,FAI,AK,AAL,WE,Towers with Radar,42,26,8,9,85,0,64,40,0,104,42,90,48,9,189,98,0,98,287
12/27/2001,FAI,AK,AAL,WE,Towers with Radar,48,42,16,0,106,2,50,53,1,106,50,92,69,1,212,66,0,66,278
12/28/2001,FAI,AK,AAL,WE,Towers with Radar,49,35,21,0,105,2,62,60,0,124,51,97,81,0,229,68,0,68,297
12/29/2001,FAI,AK,AAL,WE,Towers with Radar,45,72,24,0,141,0,10,0,0,10,45,82,24,0,151,0,0,0,151
12/30/2001,FAI,AK,AAL,WE,Towers with Radar,27,21,9,0,57,2,13,46,0,61,29,34,55,0,118,44,0,44,162
12/31/2001,FAI,AK,AAL,WE,Towers with Radar,31,43,16,2,92,0,51,54,0,105,31,94,70,2,197,24,0,24,221
01/01/2002,FAI,AK,AAL,WE,Towers with Radar,0,0,0,0,0,31,10,26,0,67,31,10,26,0,67,4,0,4,71
01/02/2002,FAI,AK,AAL,WE,Towers with Radar,27,43,9,1,80,5,62,39,2,108,32,105,48,3,188,10,0,10,198
01/03/2002,FAI,AK,AAL,WE,Towers with Radar,37,82,20,0,139,5,6,10,0,21,42,88,30,0,160,0,0,0,160
01/04/2002,FAI,AK,AAL,WE,Towers with Radar,31,83,8,0,122,6,52,50,0,108,37,135,58,0,230,30,0,30,260
01/05/2002,FAI,AK,AAL,WE,Towers with Radar,26,59,7,0,92,5,12,32,0,49,31,71,39,0,141,60,0,60,201
01/06/2002,FAI,AK,AAL,WE,Towers with Radar,26,55,6,0,87,5,6,49,0,60,31,61,55,0,147,52,0,52,199
01/07/2002,FAI,AK,AAL,WE,Towers with Radar,31,49,8,8,96,5,56,30,4,95,36,105,38,12,191,24,0,24,215
01/08/2002,FAI,AK,AAL,WE,Towers with Radar,36,61,8,2,107,5,48,44,1,98,41,109,52,3,205,79,0,79,284
01/09/2002,FAI,AK,AAL,WE,Towers with Radar,45,56,10,2,113,6,71,42,2,121,51,127,52,4,234,12,0,12,246
01/10/2002,FAI,AK,AAL,WE,Towers with Radar,41,53,14,3,111,8,58,50,2,118,49,111,64,5,229,44,0,44,273
01/11/2002,FAI,AK,AAL,WE,Towers with Radar,41,54,7,5,107,6,68,67,3,144,47,122,74,8,251,38,0,38,289
01/12/2002,FAI,AK,AAL,WE,Towers with Radar,32,47,12,3,94,4,17,67,0,88,36,64,79,3,182,18,0,18,200
01/13/2002,FAI,AK,AAL,WE,Towers with Radar,31,35,26,0,92,4,8,47,0,59,35,43,73,0,151,12,0,12,163
01/14/2002,FAI,AK,AAL,WE,Towers with Radar,42,107,50,6,205,0,0,10,0,10,42,107,60,6,215,27,0,27,242
01/15/2002,FAI,AK,AAL,WE,Towers with Radar,44,71,20,2,137,4,54,35,0,93,48,125,55,2,230,44,0,44,274
01/16/2002,FAI,AK,AAL,WE,Towers with Radar,52,61,13,4,130,4,46,36,1,87,56,107,49,5,217,38,0,38,255
01/17/2002,FAI,AK,AAL,WE,Towers with Radar,39,82,13,0,134,4,31,52,0,87,43,113,65,0,221,40,0,40,261
01/18/2002,FAI,AK,AAL,WE,Towers with Radar,45,83,13,0,141,4,25,9,0,38,49,108,22,0,179,80,0,80,259
01/19/2002,FAI,AK,AAL,WE,Towers with Radar,32,65,6,1,104,4,22,29,0,55,36,87,35,1,159,136,0,136,295
01/20/2002,FAI,AK,AAL,WE,Towers with Radar,31,47,1,0,79,4,0,6,0,10,35,47,7,0,89,0,0,0,89
01/21/2002,FAI,AK,AAL,WE,Towers with Radar,35,68,11,0,114,5,12,20,0,37,40,80,31,0,151,16,0,16,167
01/22/2002,FAI,AK,AAL,WE,Towers with Radar,36,75,3,4,118,5,52,44,1,102,41,127,47,5,220,20,0,20,240
01/23/2002,FAI,AK,AAL,WE,Towers with Radar,42,57,24,0,123,5,68,35,0,108,47,125,59,0,231,24,0,24,255
01/24/2002,FAI,AK,AAL,WE,Towers with Radar,48,87,13,6,154,6,30,21,5,62,54,117,34,11,216,10,0,10,226
01/25/2002,FAI,AK,AAL,WE,Towers with Radar,44,68,6,6,124,6,9,8,3,26,50,77,14,9,150,24,0,24,174
01/26/2002,FAI,AK,AAL,WE,Towers with Radar,35,62,6,0,103,7,19,5,0,31,42,81,11,0,134,0,0,0,134
01/27/2002,FAI,AK,AAL,WE,Towers with Radar,27,48,0,0,75,6,6,0,48,60,33,54,0,48,135,24,0,24,159
01/28/2002,FAI,AK,AAL,WE,Towers with Radar,48,58,9,5,120,5,46,63,3,117,53,104,72,8,237,16,0,16,253
01/29/2002,FAI,AK,AAL,WE,Towers with Radar,51,68,10,15,144,5,31,144,3,183,56,99,154,18,327,82,0,82,409
01/30/2002,FAI,AK,AAL,WE,Towers with Radar,54,98,34,0,186,6,1,2,0,9,60,99,36,0,195,2,0,2,197
01/31/2002,FAI,AK,AAL,WE,Towers with Radar,55,74,16,9,154,11,66,40,3,120,66,140,56,12,274,54,0,54,328
02/01/2002,FAI,AK,AAL,WE,Towers with Radar,42,49,11,1,103,7,75,49,0,131,49,124,60,1,234,12,0,12,246
02/02/2002,FAI,AK,AAL,WE,Towers with Radar,41,22,4,2,69,5,66,44,0,115,46,88,48,2,184,42,0,42,226
02/03/2002,FAI,AK,AAL,WE,Towers with Radar,32,19,10,0,61,0,26,54,0,80,32,45,64,0,141,62,0,62,203
02/04/2002,FAI,AK,AAL,WE,Towers with Radar,40,33,14,2,89,0,69,52,1,122,40,102,66,3,211,90,0,90,301
02/05/2002,FAI,AK,AAL,WE,Towers with Radar,51,55,17,3,126,0,71,68,2,141,51,126,85,5,267,74,0,74,341
02/06/2002,FAI,AK,AAL,WE,Towers with Radar,53,101,9,2,165,0,83,56,0,139,53,184,65,2,304,80,0,80,384
02/07/2002,FAI,AK,AAL,WE,Towers with Radar,51,61,16,3,131,0,64,56,1,121,51,125,72,4,252,85,0,85,337
02/08/2002,FAI,AK,AAL,WE,Towers with Radar,49,71,14,0,134,3,60,41,0,104,52,131,55,0,238,20,0,20,258
02/09/2002,FAI,AK,AAL,WE,Towers with Radar,37,32,27,0,96,2,43,42,0,87,39,75,69,0,183,18,0,18,201
02/10/2002,FAI,AK,AAL,WE,Towers with Radar,33,29,24,0,86,0,10,69,0,79,33,39,93,0,165,72,0,72,237
02/11/2002,FAI,AK,AAL,WE,Towers with Radar,36,47,8,0,91,2,74,71,0,147,38,121,79,0,238,96,0,96,334
02/12/2002,FAI,AK,AAL,WE,Towers with Radar,48,63,10,0,121,1,56,28,0,85,49,119,38,0,206,10,0,10,216
02/13/2002,FAI,AK,AAL,WE,Towers with Radar,43,67,10,4,124,1,45,48,3,97,44,112,58,7,221,0,38,38,259
02/14/2002,FAI,AK,AAL,WE,Towers with Radar,54,71,13,2,140,1,52,50,5,108,55,123,63,7,248,83,0,83,331
02/15/2002,FAI,AK,AAL,WE,Towers with Radar,53,48,9,0,110,2,68,94,0,164,55,116,103,0,274,28,0,28,302
02/16/2002,FAI,AK,AAL,WE,Towers with Radar,38,50,7,0,95,5,10,32,0,47,43,60,39,0,142,76,0,76,218
02/17/2002,FAI,AK,AAL,WE,Towers with Radar,30,28,5,0,63,1,31,71,0,103,31,59,76,0,166,76,0,76,242
02/18/2002,FAI,AK,AAL,WE,Towers with Radar,45,59,7,0,111,1,28,62,0,91,46,87,69,0,202,58,0,58,260
02/19/2002,FAI,AK,AAL,WE,Towers with Radar,42,73,13,2,130,1,41,39,3,84,43,114,52,5,214,132,0,132,346
02/20/2002,FAI,AK,AAL,WE,Towers with Radar,45,85,17,4,151,2,57,45,4,108,47,142,62,8,259,82,0,82,341
02/21/2002,FAI,AK,AAL,WE,Towers with Radar,50,43,6,0,99,0,70,42,0,112,50,113,48,0,211,30,0,30,241
02/22/2002,FAI,AK,AAL,WE,Towers with Radar,43,32,10,3,88,1,101,52,3,157,44,133,62,6,245,12,0,12,257
02/23/2002,FAI,AK,AAL,WE,Towers with Radar,39,45,7,0,91,0,38,75,0,113,39,83,82,0,204,94,0,94,298
02/24/2002,FAI,AK,AAL,WE,Towers with Radar,42,24,1,0,67,0,23,101,0,124,42,47,102,0,191,206,0,206,397
02/25/2002,FAI,AK,AAL,WE,Towers with Radar,42,38,11,7,98,2,86,55,3,146,44,124,66,10,244,82,0,82,326
02/26/2002,FAI,AK,AAL,WE,Towers with Radar,45,40,12,3,100,0,68,75,2,145,45,108,87,5,245,92,0,92,337
02/27/2002,FAI,AK,AAL,WE,Towers with Radar,50,40,20,5,115,1,67,88,6,162,51,107,108,11,277,75,0,75,352
02/28/2002,FAI,AK,AAL,WE,Towers with Radar,54,65,5,6,130,4,47,65,12,128,58,112,70,18,258,89,0,89,347
03/01/2002,FAI,AK,AAL,WE,Towers with Radar,44,49,12,5,110,0,71,49,2,122,44,120,61,7,232,74,0,74,306
03/02/2002,FAI,AK,AAL,WE,Towers with Radar,37,53,14,0,104,0,26,71,0,97,37,79,85,0,201,144,0,144,345
03/03/2002,FAI,AK,AAL,WE,Towers with Radar,27,22,6,0,55,13,43,72,0,128,40,65,78,0,183,72,0,72,255
03/04/2002,FAI,AK,AAL,WE,Towers with Radar,45,44,13,2,104,0,66,97,10,173,45,110,110,12,277,150,10,160,437
03/05/2002,FAI,AK,AAL,WE,Towers with Radar,47,42,15,1,105,0,74,76,0,150,47,116,91,1,255,100,0,100,355
03/06/2002,FAI,AK,AAL,WE,Towers with Radar,50,33,13,4,100,2,92,83,3,180,52,125,96,7,280,134,0,134,414
03/07/2002,FAI,AK,AAL,WE,Towers with Radar,55,39,5,0,99,4,93,97,0,194,59,132,102,0,293,50,0,50,343
03/08/2002,FAI,AK,AAL,WE,Towers with Radar,52,43,15,3,113,10,100,112,0,222,62,143,127,3,335,85,0,85,420
03/09/2002,FAI,AK,AAL,WE,Towers with Radar,38,21,8,0,67,5,38,79,0,122,43,59,87,0,189,58,0,58,247
03/10/2002,FAI,AK,AAL,WE,Towers with Radar,29,12,4,2,47,9,21,80,1,111,38,33,84,3,158,80,0,80,238
03/11/2002,FAI,AK,AAL,WE,Towers with Radar,52,40,3,0,95,3,64,80,0,147,55,104,83,0,242,74,0,74,316
03/12/2002,FAI,AK,AAL,WE,Towers with Radar,56,47,11,0,114,12,108,45,2,167,68,155,56,2,281,146,0,146,427
03/13/2002,FAI,AK,AAL,WE,Towers with Radar,48,47,8,6,109,0,102,89,3,194,48,149,97,9,303,47,0,47,350
03/14/2002,FAI,AK,AAL,WE,Towers with Radar,48,36,3,0,87,0,84,97,0,181,48,120,100,0,268,168,0,168,436
03/15/2002,FAI,AK,AAL,WE,Towers with Radar,50,43,11,0,104,8,102,98,0,208,58,145,109,0,312,112,0,112,424
03/16/2002,FAI,AK,AAL,WE,Towers with Radar,39,34,2,0,75,0,44,100,0,144,39,78,102,0,219,160,0,160,379
03/17/2002,FAI,AK,AAL,WE,Towers with Radar,58,33,6,0,97,0,43,131,0,174,58,76,137,0,271,186,0,186,457
03/18/2002,FAI,AK,AAL,WE,Towers with Radar,58,50,11,0,119,0,80,121,0,201,58,130,132,0,320,158,0,158,478
03/19/2002,FAI,AK,AAL,WE,Towers with Radar,45,38,7,4,94,2,103,110,1,216,47,141,117,5,310,112,0,112,422
03/20/2002,FAI,AK,AAL,WE,Towers with Radar,47,44,20,0,111,0,97,123,0,220,47,141,143,0,331,64,0,64,395
03/21/2002,FAI,AK,AAL,WE,Towers with Radar,53,64,16,0,133,0,61,161,0,222,53,125,177,0,355,93,0,93,448
03/22/2002,FAI,AK,AAL,WE,Towers with Radar,52,42,10,3,107,0,6,38,1,45,52,48,48,4,152,88,0,88,240
03/23/2002,FAI,AK,AAL,WE,Towers with Radar,42,32,9,1,84,0,4,47,0,51,42,36,56,1,135,106,0,106,241
03/24/2002,FAI,AK,AAL,WE,Towers with Radar,34,23,3,0,60,0,6,91,0,97,34,29,94,0,157,200,0,200,357
03/25/2002,FAI,AK,AAL,WE,Towers with Radar,44,31,22,0,97,0,0,81,0,81,44,31,103,0,178,74,0,74,252
03/26/2002,FAI,AK,AAL,WE,Towers with Radar,54,59,21,11,145,2,46,42,5,95,56,105,63,16,240,86,0,86,326
03/27/2002,FAI,AK,AAL,WE,Towers with Radar,51,80,32,4,167,2,20,0,2,24,53,100,32,6,191,0,0,0,191
03/28/2002,FAI,AK,AAL,WE,Towers with Radar,51,52,9,0,112,1,97,86,0,184,52,149,95,0,296,132,0,132,428
03/29/2002,FAI,AK,AAL,WE,Towers with Radar,56,35,10,5,106,1,87,126,2,216,57,122,136,7,322,194,0,194,516
03/30/2002,FAI,AK,AAL,WE,Towers with Radar,33,42,14,0,89,1,56,112,0,169,34,98,126,0,258,222,0,222,480
03/31/2002,FAI,AK,AAL,WE,Towers with Radar,32,22,6,0,60,0,32,50,0,82,32,54,56,0,142,58,0,58,200
04/01/2002,FAI,AK,AAL,WE,Towers with Radar,40,43,15,0,98,3,83,86,0,172,43,126,101,0,270,114,0,114,384
04/02/2002,FAI,AK,AAL,WE,Towers with Radar,53,33,16,6,108,2,76,85,3,166,55,109,101,9,274,136,0,136,410
04/03/2002,FAI,AK,AAL,WE,Towers with Radar,43,44,17,2,106,2,90,103,0,195,45,134,120,2,301,173,0,173,474
04/04/2002,FAI,AK,AAL,WE,Towers with Radar,50,42,13,9,114,1,98,91,0,190,51,140,104,9,304,279,0,279,583
04/05/2002,FAI,AK,AAL,WE,Towers with Radar,58,66,17,1,142,2,106,126,0,234,60,172,143,1,376,226,0,226,602
04/06/2002,FAI,AK,AAL,WE,Towers with Radar,36,36,17,0,89,3,51,228,0,282,39,87,245,0,371,113,0,113,484
04/07/2002,FAI,AK,AAL,WE,Towers with Radar,32,17,15,0,64,3,42,72,0,117,35,59,87,0,181,56,0,56,237
04/08/2002,FAI,AK,AAL,WE,Towers with Radar,40,25,19,5,89,3,74,181,5,263,43,99,200,10,352,110,0,110,462
04/09/2002,FAI,AK,AAL,WE,Towers with Radar,54,58,18,2,132,3,69,125,0,197,57,127,143,2,329,78,0,78,407
04/10/2002,FAI,AK,AAL,WE,Towers with Radar,41,87,21,10,159,3,51,110,5,169,44,138,131,15,328,49,0,49,377
04/11/2002,FAI,AK,AAL,WE,Towers with Radar,49,52,14,6,121,7,84,98,2,191,56,136,112,8,312,70,0,70,382
04/12/2002,FAI,AK,AAL,WE,Towers with Radar,36,41,15,2,94,9,77,84,0,170,45,118,99,2,264,104,0,104,368
04/13/2002,FAI,AK,AAL,WE,Towers with Radar,37,56,22,0,115,1,20,26,0,47,38,76,48,0,162,183,0,183,345
04/14/2002,FAI,AK,AAL,WE,Towers with Radar,34,51,12,0,97,1,4,20,0,25,35,55,32,0,122,8,0,8,130
04/15/2002,FAI,AK,AAL,WE,Towers with Radar,50,55,33,2,140,4,39,79,0,122,54,94,112,2,262,32,0,32,294
04/16/2002,FAI,AK,AAL,WE,Towers with Radar,47,57,19,3,126,0,63,112,5,180,47,120,131,8,306,206,0,206,512
04/17/2002,FAI,AK,AAL,WE,Towers with Radar,43,52,24,1,120,1,34,89,0,124,44,86,113,1,244,156,0,156,400
04/18/2002,FAI,AK,AAL,WE,Towers with Radar,51,48,18,0,117,1,54,74,0,129,52,102,92,0,246,218,0,218,464
04/19/2002,FAI,AK,AAL,WE,Towers with Radar,47,104,16,0,167,1,13,18,0,32,48,117,34,0,199,76,0,76,275
04/20/2002,FAI,AK,AAL,WE,Towers with Radar,40,50,21,0,111,1,10,11,0,22,41,60,32,0,133,124,0,124,257
04/21/2002,FAI,AK,AAL,WE,Towers with Radar,48,59,2,2,111,3,17,8,0,28,51,76,10,2,139,12,0,12,151
04/22/2002,FAI,AK,AAL,WE,Towers with Radar,41,65,25,0,131,1,48,47,0,96,42,113,72,0,227,76,0,76,303
04/23/2002,FAI,AK,AAL,WE,Towers with Radar,51,59,19,0,129,1,64,101,0,166,52,123,120,0,295,198,0,198,493
04/24/2002,FAI,AK,AAL,WE,Towers with Radar,55,32,18,5,110,1,114,96,4,215,56,146,114,9,325,180,0,180,505
04/25/2002,FAI,AK,AAL,WE,Towers with Radar,54,37,22,4,117,1,80,112,2,195,55,117,134,6,312,129,0,129,441
04/26/2002,FAI,AK,AAL,WE,Towers with Radar,45,35,9,2,91,1,3,14,0,18,46,38,23,2,109,12,0,12,121
04/27/2002,FAI,AK,AAL,WE,Towers with Radar,42,83,4,0,129,1,10,15,0,26,43,93,19,0,155,10,0,10,165
04/28/2002,FAI,AK,AAL,WE,Towers with Radar,43,42,19,0,104,1,19,135,0,155,44,61,154,0,259,59,0,59,318
04/29/2002,FAI,AK,AAL,WE,Towers with Radar,39,53,22,0,114,1,0,29,0,30,40,53,51,0,144,14,0,14,158
04/30/2002,FAI,AK,AAL,WE,Towers with Radar,40,99,34,4,177,0,71,130,7,208,40,170,164,11,385,80,0,80,465
05/01/2002,FAI,AK,AAL,WE,Towers with Radar,45,57,28,6,136,0,38,35,1,74,45,95,63,7,210,48,0,48,258
05/02/2002,FAI,AK,AAL,WE,Towers with Radar,50,63,32,2,147,4,40,93,0,137,54,103,125,2,284,96,0,96,380
05/03/2002,FAI,AK,AAL,WE,Towers with Radar,46,32,18,4,100,4,134,145,0,283,50,166,163,4,383,258,0,258,641
05/04/2002,FAI,AK,AAL,WE,Towers with Radar,35,28,19,0,82,1,59,137,0,197,36,87,156,0,279,106,0,106,385
05/05/2002,FAI,AK,AAL,WE,Towers with Radar,30,21,11,0,62,0,30,103,0,133,30,51,114,0,195,96,0,96,291
05/06/2002,FAI,AK,AAL,WE,Towers with Radar,53,79,30,3,165,1,27,40,0,68,54,106,70,3,233,105,0,105,338
05/07/2002,FAI,AK,AAL,WE,Towers with Radar,48,68,28,5,149,5,45,85,1,136,53,113,113,6,285,170,0,170,455
05/08/2002,FAI,AK,AAL,WE,Towers with Radar,51,79,23,4,157,0,44,80,0,124,51,123,103,4,281,146,0,146,427
05/09/2002,FAI,AK,AAL,WE,Towers with Radar,56,73,20,0,149,0,29,102,0,131,56,102,122,0,280,188,0,188,468
05/10/2002,FAI,AK,AAL,WE,Towers with Radar,55,54,25,0,134,2,76,147,0,225,57,130,172,0,359,86,0,86,445
05/11/2002,FAI,AK,AAL,WE,Towers with Radar,34,27,12,0,73,0,32,113,0,145,34,59,125,0,218,124,0,124,342
05/12/2002,FAI,AK,AAL,WE,Towers with Radar,36,19,14,0,69,0,32,145,0,177,36,51,159,0,246,126,0,126,372
05/13/2002,FAI,AK,AAL,WE,Towers with Radar,49,27,17,2,95,5,94,158,2,259,54,121,175,4,354,152,0,152,506
05/14/2002,FAI,AK,AAL,WE,Towers with Radar,53,36,9,3,101,0,97,188,2,287,53,133,197,5,388,68,2,70,458
05/15/2002,FAI,AK,AAL,WE,Towers with Radar,53,45,19,2,119,6,83,127,2,218,59,128,146,4,337,84,0,84,421
05/16/2002,FAI,AK,AAL,WE,Towers with Radar,54,60,15,3,132,10,98,149,3,260,64,158,164,6,392,230,0,230,622
05/17/2002,FAI,AK,AAL,WE,Towers with Radar,51,43,11,13,118,6,106,148,0,260,57,149,159,13,378,126,0,126,504
05/18/2002,FAI,AK,AAL,WE,Towers with Radar,41,31,10,0,82,2,39,151,0,192,43,70,161,0,274,258,0,258,532
05/19/2002,FAI,AK,AAL,WE,Towers with Radar,37,23,14,2,76,1,0,126,7,134,38,23,140,9,210,82,0,82,292
05/20/2002,FAI,AK,AAL,WE,Towers with Radar,52,41,9,5,107,7,107,109,0,223,59,148,118,5,330,110,0,110,440
05/21/2002,FAI,AK,AAL,WE,Towers with Radar,47,60,10,0,117,1,98,125,0,224,48,158,135,0,341,126,0,126,467
05/22/2002,FAI,AK,AAL,WE,Towers with Radar,46,56,11,10,123,0,96,113,6,215,46,152,124,16,338,65,0,65,403
05/23/2002,FAI,AK,AAL,WE,Towers with Radar,57,47,16,12,132,2,83,181,8,274,59,130,197,20,406,378,0,378,784
05/24/2002,FAI,AK,AAL,WE,Towers with Radar,49,49,16,4,118,2,111,220,0,333,51,160,236,4,451,344,0,344,795
05/25/2002,FAI,AK,AAL,WE,Towers with Radar,45,45,17,0,107,0,72,234,0,306,45,117,251,0,413,171,0,171,584
05/26/2002,FAI,AK,AAL,WE,Towers with Radar,47,16,9,0,72,0,39,107,0,146,47,55,116,0,218,172,0,172,390
05/27/2002,FAI,AK,AAL,WE,Towers with Radar,50,29,7,0,86,0,28,134,0,162,50,57,141,0,248,82,0,82,330
05/28/2002,FAI,AK,AAL,WE,Towers with Radar,50,47,18,0,115,2,85,213,0,300,52,132,231,0,415,156,0,156,571
05/29/2002,FAI,AK,AAL,WE,Towers with Radar,52,39,17,4,112,1,97,207,1,306,53,136,224,5,418,198,0,198,616
05/30/2002,FAI,AK,AAL,WE,Towers with Radar,62,60,11,3,136,0,65,183,3,251,62,125,194,6,387,290,0,290,677
05/31/2002,FAI,AK,AAL,WE,Towers with Radar,57,63,17,0,137,0,3,138,0,141,57,66,155,0,278,124,0,124,402
06/01/2002,FAI,AK,AAL,WE,Towers with Radar,46,49,7,0,102,1,63,128,0,192,47,112,135,0,294,181,0,181,475
06/02/2002,FAI,AK,AAL,WE,Towers with Radar,39,24,12,0,75,0,13,86,0,99,39,37,98,0,174,76,0,76,250
06/03/2002,FAI,AK,AAL,WE,Towers with Radar,52,50,11,0,113,1,77,117,0,195,53,127,128,0,308,239,0,239,547
06/04/2002,FAI,AK,AAL,WE,Towers with Radar,59,39,11,0,109,0,95,167,0,262,59,134,178,0,371,128,0,128,499
06/05/2002,FAI,AK,AAL,WE,Towers with Radar,51,50,10,1,112,1,97,142,1,241,52,147,152,2,353,158,0,158,511
06/06/2002,FAI,AK,AAL,WE,Towers with Radar,60,43,19,4,126,0,103,161,5,269,60,146,180,9,395,263,0,263,658
06/07/2002,FAI,AK,AAL,WE,Towers with Radar,51,39,3,0,93,2,112,171,0,285,53,151,174,0,378,124,0,124,502
06/08/2002,FAI,AK,AAL,WE,Towers with Radar,32,25,11,0,68,11,55,190,0,256,43,80,201,0,324,182,0,182,506
06/09/2002,FAI,AK,AAL,WE,Towers with Radar,42,9,15,1,67,0,54,170,0,224,42,63,185,1,291,142,0,142,433
06/10/2002,FAI,AK,AAL,WE,Towers with Radar,57,29,14,7,107,3,90,157,0,250,60,119,171,7,357,86,0,86,443
06/11/2002,FAI,AK,AAL,WE,Towers with Radar,62,82,37,3,184,0,18,83,1,102,62,100,120,4,286,114,0,114,400
06/12/2002,FAI,AK,AAL,WE,Towers with Radar,71,84,31,2,188,7,51,105,0,163,78,135,136,2,351,174,0,174,525
06/13/2002,FAI,AK,AAL,WE,Towers with Radar,62,49,14,4,129,0,78,153,2,233,62,127,167,6,362,222,0,222,584
06/14/2002,FAI,AK,AAL,WE,Towers with Radar,56,39,19,2,116,1,106,189,1,297,57,145,208,3,413,184,0,184,597
06/15/2002,FAI,AK,AAL,WE,Towers with Radar,61,26,8,2,97,2,62,216,0,280,63,88,224,2,377,177,0,177,554
06/16/2002,FAI,AK,AAL,WE,Towers with Radar,55,13,14,0,82,2,43,171,0,216,57,56,185,0,298,63,0,63,361
06/17/2002,FAI,AK,AAL,WE,Towers with Radar,66,29,21,2,118,3,107,169,0,279,69,136,190,2,397,132,0,132,529
06/18/2002,FAI,AK,AAL,WE,Towers with Radar,70,58,22,0,150,0,75,131,0,206,70,133,153,0,356,210,0,210,566
06/19/2002,FAI,AK,AAL,WE,Towers with Radar,57,81,48,4,190,0,21,62,2,85,57,102,110,6,275,105,0,105,380
06/20/2002,FAI,AK,AAL,WE,Towers with Radar,70,93,21,2,186,0,69,125,2,196,70,162,146,4,382,86,4,90,472
06/21/2002,FAI,AK,AAL,WE,Towers with Radar,63,62,16,3,144,1,105,141,0,247,64,167,157,3,391,156,0,156,547
06/22/2002,FAI,AK,AAL,WE,Towers with Radar,47,35,11,0,93,0,84,215,0,299,47,119,226,0,392,112,0,112,504
06/23/2002,FAI,AK,AAL,WE,Towers with Radar,50,28,22,0,100,0,38,141,0,179,50,66,163,0,279,86,0,86,365
06/24/2002,FAI,AK,AAL,WE,Towers with Radar,60,60,20,1,141,3,74,132,1,210,63,134,152,2,351,126,0,126,477
06/25/2002,FAI,AK,AAL,WE,Towers with Radar,61,47,21,0,129,2,89,147,0,238,63,136,168,0,367,156,0,156,523
06/26/2002,FAI,AK,AAL,WE,Towers with Radar,57,59,31,0,147,0,85,185,0,270,57,144,216,0,417,192,0,192,609
06/27/2002,FAI,AK,AAL,WE,Towers with Radar,65,42,18,3,128,1,105,196,0,302,66,147,214,3,430,152,0,152,582
06/28/2002,FAI,AK,AAL,WE,Towers with Radar,69,52,38,0,159,1,95,196,0,292,70,147,234,0,451,262,0,262,713
06/29/2002,FAI,AK,AAL,WE,Towers with Radar,55,61,13,0,129,1,66,155,0,222,56,127,168,0,351,312,0,312,663
06/30/2002,FAI,AK,AAL,WE,Towers with Radar,49,39,17,0,105,0,48,170,0,218,49,87,187,0,323,66,0,66,389
07/01/2002,FAI,AK,AAL,WE,Towers with Radar,59,58,20,7,144,0,73,110,0,183,59,131,130,7,327,134,0,134,461
07/02/2002,FAI,AK,AAL,WE,Towers with Radar,60,93,29,3,185,0,42,28,0,70,60,135,57,3,255,16,0,16,271
07/03/2002,FAI,AK,AAL,WE,Towers with Radar,57,88,21,0,166,0,30,50,0,80,57,118,71,0,246,33,0,33,279
07/04/2002,FAI,AK,AAL,WE,Towers with Radar,29,22,10,1,62,29,26,130,2,187,58,48,140,3,249,124,0,124,373
07/05/2002,FAI,AK,AAL,WE,Towers with Radar,59,82,33,0,174,0,26,81,0,107,59,108,114,0,281,30,0,30,311
07/06/2002,FAI,AK,AAL,WE,Towers with Radar,45,67,23,0,135,0,24,175,0,199,45,91,198,0,334,84,0,84,418
07/07/2002,FAI,AK,AAL,WE,Towers with Radar,48,21,17,0,86,0,43,174,1,218,48,64,191,1,304,78,0,78,382
07/08/2002,FAI,AK,AAL,WE,Towers with Radar,68,44,17,18,147,2,91,358,10,461,70,135,375,28,608,191,0,191,799
07/09/2002,FAI,AK,AAL,WE,Towers with Radar,62,50,21,4,137,0,100,289,18,407,62,150,310,22,544,164,0,164,708
07/10/2002,FAI,AK,AAL,WE,Towers with Radar,52,32,16,13,113,0,107,193,6,306,52,139,209,19,419,210,0,210,629
07/11/2002,FAI,AK,AAL,WE,Towers with Radar,70,35,7,3,115,1,126,190,0,317,71,161,197,3,432,250,0,250,682
07/12/2002,FAI,AK,AAL,WE,Towers with Radar,73,39,24,4,140,6,108,200,2,316,79,147,224,6,456,194,0,194,650
07/13/2002,FAI,AK,AAL,WE,Towers with Radar,56,30,12,0,98,3,76,204,0,283,59,106,216,0,381,176,0,176,557
07/14/2002,FAI,AK,AAL,WE,Towers with Radar,49,31,12,0,92,0,29,185,0,214,49,60,197,0,306,90,0,90,396
07/15/2002,FAI,AK,AAL,WE,Towers with Radar,58,38,6,4,106,0,111,149,1,261,58,149,155,5,367,136,0,136,503
07/16/2002,FAI,AK,AAL,WE,Towers with Radar,57,50,10,5,122,6,113,174,0,293,63,163,184,5,415,184,0,184,599
07/17/2002,FAI,AK,AAL,WE,Towers with Radar,60,30,17,4,111,1,99,161,3,264,61,129,178,7,375,119,0,119,494
07/18/2002,FAI,AK,AAL,WE,Towers with Radar,62,34,25,6,127,0,96,176,3,275,62,130,201,9,402,255,0,255,657
07/19/2002,FAI,AK,AAL,WE,Towers with Radar,63,56,23,1,143,0,119,197,0,316,63,175,220,1,459,263,0,263,722
07/20/2002,FAI,AK,AAL,WE,Towers with Radar,53,32,24,0,109,1,51,164,0,216,54,83,188,0,325,140,0,140,465
07/21/2002,FAI,AK,AAL,WE,Towers with Radar,50,12,10,0,72,0,60,200,0,260,50,72,210,0,332,152,0,152,484
07/22/2002,FAI,AK,AAL,WE,Towers with Radar,52,36,8,14,110,1,117,161,2,281,53,153,169,16,391,285,0,285,676
07/23/2002,FAI,AK,AAL,WE,Towers with Radar,59,47,16,2,124,2,83,365,2,452,61,130,381,4,576,258,0,258,834
07/24/2002,FAI,AK,AAL,WE,Towers with Radar,63,48,16,2,129,0,112,119,1,232,63,160,135,3,361,182,0,182,543
07/25/2002,FAI,AK,AAL,WE,Towers with Radar,75,91,43,0,209,1,27,54,0,82,76,118,97,0,291,82,0,82,373
07/26/2002,FAI,AK,AAL,WE,Towers with Radar,60,94,33,0,187,0,63,120,0,183,60,157,153,0,370,234,0,234,604
07/27/2002,FAI,AK,AAL,WE,Towers with Radar,42,54,8,1,105,1,40,98,2,141,43,94,106,3,246,74,0,74,320
07/28/2002,FAI,AK,AAL,WE,Towers with Radar,45,35,27,0,107,0,42,167,0,209,45,77,194,0,316,168,0,168,484
07/29/2002,FAI,AK,AAL,WE,Towers with Radar,57,30,27,7,121,1,112,156,0,269,58,142,183,7,390,246,0,246,636
07/30/2002,FAI,AK,AAL,WE,Towers with Radar,59,47,17,5,128,1,112,157,0,270,60,159,174,5,398,242,0,242,640
07/31/2002,FAI,AK,AAL,WE,Towers with Radar,60,50,20,4,134,2,111,156,6,275,62,161,176,10,409,226,0,226,635
08/01/2002,FAI,AK,AAL,WE,Towers with Radar,61,33,15,3,112,4,117,174,1,296,65,150,189,4,408,302,0,302,710
08/02/2002,FAI,AK,AAL,WE,Towers with Radar,53,69,60,5,187,2,72,158,0,232,55,141,218,5,419,220,0,220,639
08/03/2002,FAI,AK,AAL,WE,Towers with Radar,47,28,3,0,78,6,71,186,0,263,53,99,189,0,341,124,0,124,465
08/04/2002,FAI,AK,AAL,WE,Towers with Radar,45,60,40,0,145,1,21,140,0,162,46,81,180,0,307,102,0,102,409
08/05/2002,FAI,AK,AAL,WE,Towers with Radar,68,107,87,0,262,2,5,27,0,34,70,112,114,0,296,14,0,14,310
08/06/2002,FAI,AK,AAL,WE,Towers with Radar,63,111,57,5,236,0,0,205,8,213,63,111,262,13,449,164,0,164,613
08/07/2002,FAI,AK,AAL,WE,Towers with Radar,55,133,47,0,235,1,1,2,0,4,56,134,49,0,239,0,0,0,239
08/08/2002,FAI,AK,AAL,WE,Towers with Radar,67,110,49,0,226,1,1,8,0,10,68,111,57,0,236,6,0,6,242
08/09/2002,FAI,AK,AAL,WE,Towers with Radar,57,103,44,4,208,2,35,82,2,121,59,138,126,6,329,73,0,73,402
08/10/2002,FAI,AK,AAL,WE,Towers with Radar,60,61,23,3,147,1,48,182,0,231,61,109,205,3,378,272,0,272,650
08/11/2002,FAI,AK,AAL,WE,Towers with Radar,45,26,12,3,86,2,47,161,2,212,47,73,173,5,298,108,0,108,406
08/12/2002,FAI,AK,AAL,WE,Towers with Radar,60,69,39,5,173,1,61,97,1,160,61,130,136,6,333,218,0,218,551
08/13/2002,FAI,AK,AAL,WE,Towers with Radar,57,77,33,3,170,0,92,108,9,209,57,169,141,12,379,78,0,78,457
08/14/2002,FAI,AK,AAL,WE,Towers with Radar,43,36,15,6,100,1,139,151,2,293,44,175,166,8,393,172,0,172,565
08/15/2002,FAI,AK,AAL,WE,Towers with Radar,60,65,16,2,143,1,109,109,0,219,61,174,125,2,362,166,0,166,528
08/16/2002,FAI,AK,AAL,WE,Towers with Radar,51,101,40,2,194,1,10,17,2,30,52,111,57,4,224,16,0,16,240
08/17/2002,FAI,AK,AAL,WE,Towers with Radar,45,67,20,0,132,1,4,18,0,23,46,71,38,0,155,6,0,6,161
08/18/2002,FAI,AK,AAL,WE,Towers with Radar,44,58,21,0,123,1,5,45,0,51,45,63,66,0,174,26,0,26,200
08/19/2002,FAI,AK,AAL,WE,Towers with Radar,46,58,26,0,130,0,101,129,0,230,46,159,155,0,360,172,0,172,532
08/20/2002,FAI,AK,AAL,WE,Towers with Radar,49,61,26,2,138,15,89,163,7,274,64,150,189,9,412,148,0,148,560
08/21/2002,FAI,AK,AAL,WE,Towers with Radar,56,86,39,0,181,0,53,40,0,93,56,139,79,0,274,123,0,123,397
08/22/2002,FAI,AK,AAL,WE,Towers with Radar,59,96,38,3,196,1,39,88,1,129,60,135,126,4,325,144,0,144,469
08/23/2002,FAI,AK,AAL,WE,Towers with Radar,54,97,47,0,198,1,50,89,0,140,55,147,136,0,338,122,0,122,460
08/24/2002,FAI,AK,AAL,WE,Towers with Radar,52,75,20,0,147,2,29,115,0,146,54,104,135,0,293,162,0,162,455
08/25/2002,FAI,AK,AAL,WE,Towers with Radar,39,41,10,0,90,1,40,190,0,231,40,81,200,0,321,148,0,148,469
08/26/2002,FAI,AK,AAL,WE,Towers with Radar,41,52,23,1,117,8,87,180,5,280,49,139,203,6,397,143,0,143,540
08/27/2002,FAI,AK,AAL,WE,Towers with Radar,62,34,23,10,129,2,104,184,5,295,64,138,207,15,424,288,0,288,712
08/28/2002,FAI,AK,AAL,WE,Towers with Radar,58,32,9,4,103,3,109,161,0,273,61,141,170,4,376,116,0,116,492
08/29/2002,FAI,AK,AAL,WE,Towers with Radar,58,80,32,0,170,1,39,95,0,135,59,119,127,0,305,176,0,176,481
08/30/2002,FAI,AK,AAL,WE,Towers with Radar,63,44,31,3,141,3,121,238,6,368,66,165,269,9,509,168,0,168,677
08/31/2002,FAI,AK,AAL,WE,Towers with Radar,35,46,20,0,101,9,73,213,0,295,44,119,233,0,396,68,0,68,464
09/01/2002,FAI,AK,AAL,WE,Towers with Radar,42,41,23,0,106,0,13,52,0,65,42,54,75,0,171,26,0,26,197
09/02/2002,FAI,AK,AAL,WE,Towers with Radar,49,15,2,0,66,0,45,213,0,258,49,60,215,0,324,121,0,121,445
09/03/2002,FAI,AK,AAL,WE,Towers with Radar,56,32,8,4,100,1,109,195,5,310,57,141,203,9,410,236,0,236,646
09/04/2002,FAI,AK,AAL,WE,Towers with Radar,57,60,27,10,154,0,67,91,5,163,57,127,118,15,317,98,0,98,415
09/05/2002,FAI,AK,AAL,WE,Towers with Radar,64,79,47,3,193,5,64,174,6,249,69,143,221,9,442,192,0,192,634
09/06/2002,FAI,AK,AAL,WE,Towers with Radar,58,90,26,2,176,0,61,95,1,157,58,151,121,3,333,50,0,50,383
09/07/2002,FAI,AK,AAL,WE,Towers with Radar,50,66,22,0,138,0,44,151,0,195,50,110,173,0,333,89,0,89,422
09/08/2002,FAI,AK,AAL,WE,Towers with Radar,39,33,9,0,81,0,47,224,0,271,39,80,233,0,352,180,0,180,532
09/09/2002,FAI,AK,AAL,WE,Towers with Radar,44,49,11,10,114,0,71,110,0,181,44,120,121,10,295,106,0,106,401
09/10/2002,FAI,AK,AAL,WE,Towers with Radar,68,61,39,3,171,0,73,148,0,221,68,134,187,3,392,149,0,149,541
09/11/2002,FAI,AK,AAL,WE,Towers with Radar,47,76,19,2,144,0,80,130,0,210,47,156,149,2,354,168,0,168,522
09/12/2002,FAI,AK,AAL,WE,Towers with Radar,51,64,20,0,135,0,77,155,0,232,51,141,175,0,367,179,0,179,546
09/13/2002,FAI,AK,AAL,WE,Towers with Radar,57,37,12,0,106,0,133,160,0,293,57,170,172,0,399,64,0,64,463
09/14/2002,FAI,AK,AAL,WE,Towers with Radar,37,29,9,8,83,0,60,219,1,280,37,89,228,9,363,86,0,86,449
09/15/2002,FAI,AK,AAL,WE,Towers with Radar,38,23,14,0,75,0,67,215,0,282,38,90,229,0,357,134,0,134,491
09/16/2002,FAI,AK,AAL,WE,Towers with Radar,51,63,20,2,136,0,83,143,0,226,51,146,163,2,362,98,0,98,460
09/17/2002,FAI,AK,AAL,WE,Towers with Radar,51,46,22,1,120,1,81,171,0,253,52,127,193,1,373,178,0,178,551
09/18/2002,FAI,AK,AAL,WE,Towers with Radar,51,34,32,9,126,1,89,143,6,239,52,123,175,15,365,55,0,55,420
09/19/2002,FAI,AK,AAL,WE,Towers with Radar,58,69,17,1,145,4,47,49,0,100,62,116,66,1,245,70,0,70,315
09/20/2002,FAI,AK,AAL,WE,Towers with Radar,56,41,19,0,116,2,113,148,0,263,58,154,167,0,379,160,0,160,539
09/21/2002,FAI,AK,AAL,WE,Towers with Radar,44,49,20,0,113,0,52,136,0,188,44,101,156,0,301,41,0,41,342
09/22/2002,FAI,AK,AAL,WE,Towers with Radar,21,21,7,0,49,14,47,185,0,246,35,68,192,0,295,106,0,106,401
09/23/2002,FAI,AK,AAL,WE,Towers with Radar,47,23,7,6,83,0,102,182,4,288,47,125,189,10,371,204,4,208,579
09/24/2002,FAI,AK,AAL,WE,Towers with Radar,52,45,5,7,109,0,102,136,2,240,52,147,141,9,349,124,0,124,473
09/25/2002,FAI,AK,AAL,WE,Towers with Radar,62,58,9,8,137,1,103,118,6,228,63,161,127,14,365,162,0,162,527
09/26/2002,FAI,AK,AAL,WE,Towers with Radar,72,52,12,0,136,5,101,97,0,203,77,153,109,0,339,112,0,112,451
09/27/2002,FAI,AK,AAL,WE,Towers with Radar,54,43,17,0,114,3,73,119,0,195,57,116,136,0,309,134,0,134,443
09/28/2002,FAI,AK,AAL,WE,Towers with Radar,42,46,13,0,101,0,20,99,0,119,42,66,112,0,220,144,0,144,364
09/29/2002,FAI,AK,AAL,WE,Towers with Radar,35,30,9,0,74,0,12,150,0,162,35,42,159,0,236,152,0,152,388
09/30/2002,FAI,AK,AAL,WE,Towers with Radar,48,87,17,0,152,0,24,101,0,125,48,111,118,0,277,138,0,138,415
10/01/2002,FAI,AK,AAL,WE,Towers with Radar,51,63,17,1,132,5,35,66,1,107,56,98,83,2,239,110,0,110,349
10/02/2002,FAI,AK,AAL,WE,Towers with Radar,56,52,14,3,125,0,62,75,1,138,56,114,89,4,263,96,0,96,359
10/03/2002,FAI,AK,AAL,WE,Towers with Radar,56,51,13,2,122,2,64,143,0,209,58,115,156,2,331,244,0,244,575
10/04/2002,FAI,AK,AAL,WE,Towers with Radar,54,40,15,0,109,12,59,73,0,144,66,99,88,0,253,126,0,126,379
10/05/2002,FAI,AK,AAL,WE,Towers with Radar,42,9,9,0,60,0,47,122,0,169,42,56,131,0,229,154,0,154,383
10/06/2002,FAI,AK,AAL,WE,Towers with Radar,33,6,3,0,42,0,27,95,2,124,33,33,98,2,166,132,0,132,298
10/07/2002,FAI,AK,AAL,WE,Towers with Radar,41,57,3,3,104,0,26,22,2,50,41,83,25,5,154,82,0,82,236
10/08/2002,FAI,AK,AAL,WE,Towers with Radar,50,92,23,0,165,0,18,7,0,25,50,110,30,0,190,0,0,0,190
10/09/2002,FAI,AK,AAL,WE,Towers with Radar,55,86,12,0,153,0,15,7,0,22,55,101,19,0,175,2,0,2,177
10/10/2002,FAI,AK,AAL,WE,Towers with Radar,57,50,4,3,114,1,87,86,2,176,58,137,90,5,290,128,0,128,418
10/11/2002,FAI,AK,AAL,WE,Towers with Radar,54,54,7,0,115,0,74,87,0,161,54,128,94,0,276,136,0,136,412
10/12/2002,FAI,AK,AAL,WE,Towers with Radar,40,35,10,2,87,0,8,49,4,61,40,43,59,6,148,190,0,190,338
10/13/2002,FAI,AK,AAL,WE,Towers with Radar,32,30,3,0,65,0,22,92,0,114,32,52,95,0,179,172,0,172,351
10/14/2002,FAI,AK,AAL,WE,Towers with Radar,42,74,15,0,131,2,40,46,0,88,44,114,61,0,219,139,0,139,358
10/15/2002,FAI,AK,AAL,WE,Towers with Radar,54,46,1,7,108,0,77,63,4,144,54,123,64,11,252,130,0,130,382
10/16/2002,FAI,AK,AAL,WE,Towers with Radar,51,86,12,1,150,0,33,15,0,48,51,119,27,1,198,25,0,25,223
10/17/2002,FAI,AK,AAL,WE,Towers with Radar,55,60,32,5,152,1,87,59,2,149,56,147,91,7,301,119,0,119,420
10/18/2002,FAI,AK,AAL,WE,Towers with Radar,49,81,18,0,148,1,59,28,0,88,50,140,46,0,236,106,0,106,342
10/19/2002,FAI,AK,AAL,WE,Towers with Radar,37,49,4,0,90,0,6,4,0,10,37,55,8,0,100,4,0,4,104
10/20/2002,FAI,AK,AAL,WE,Towers with Radar,36,32,3,4,75,1,24,24,4,53,37,56,27,8,128,80,0,80,208
10/21/2002,FAI,AK,AAL,WE,Towers with Radar,51,44,27,5,127,0,72,87,0,159,51,116,114,5,286,128,0,128,414
10/22/2002,FAI,AK,AAL,WE,Towers with Radar,54,30,5,3,92,0,100,69,0,169,54,130,74,3,261,86,0,86,347
10/23/2002,FAI,AK,AAL,WE,Towers with Radar,54,31,7,1,93,0,110,52,1,163,54,141,59,2,256,72,0,72,328
10/24/2002,FAI,AK,AAL,WE,Towers with Radar,53,35,10,2,100,0,93,77,1,171,53,128,87,3,271,142,0,142,413
10/25/2002,FAI,AK,AAL,WE,Towers with Radar,54,34,18,3,109,1,86,59,2,148,55,120,77,5,257,90,0,90,347
10/26/2002,FAI,AK,AAL,WE,Towers with Radar,51,20,10,0,81,0,76,80,0,156,51,96,90,0,237,168,0,168,405
10/27/2002,FAI,AK,AAL,WE,Towers with Radar,46,41,15,0,102,0,22,60,0,82,46,63,75,0,184,108,0,108,292
10/28/2002,FAI,AK,AAL,WE,Towers with Radar,46,57,15,0,118,0,6,60,0,66,46,63,75,0,184,108,0,108,292
10/29/2002,FAI,AK,AAL,WE,Towers with Radar,59,55,14,2,130,3,71,16,3,93,62,126,30,5,223,22,0,22,245
10/30/2002,FAI,AK,AAL,WE,Towers with Radar,59,55,14,2,130,7,84,55,1,147,66,139,69,3,277,72,0,72,349
10/31/2002,FAI,AK,AAL,WE,Towers with Radar,54,50,13,2,119,21,73,80,4,178,75,123,93,6,297,88,0,88,385
11/01/2002,FAI,AK,AAL,WE,Towers with Radar,48,41,10,4,103,5,121,73,0,199,53,162,83,4,302,202,0,202,504
11/02/2002,FAI,AK,AAL,WE,Towers with Radar,33,28,7,2,70,15,95,74,12,196,48,123,81,14,266,182,0,182,448
11/03/2002,FAI,AK,AAL,WE,Towers with Radar,37,33,11,9,90,0,22,65,1,88,37,55,76,10,178,134,0,134,312
11/04/2002,FAI,AK,AAL,WE,Towers with Radar,49,58,21,4,132,0,50,62,1,113,49,108,83,5,245,94,0,94,339
11/05/2002,FAI,AK,AAL,WE,Towers with Radar,60,42,15,7,124,0,80,59,3,142,60,122,74,10,266,150,0,150,416
11/06/2002,FAI,AK,AAL,WE,Towers with Radar,50,31,4,6,91,0,87,80,4,171,50,118,84,10,262,142,0,142,404
11/07/2002,FAI,AK,AAL,WE,Towers with Radar,52,44,15,2,113,0,71,66,0,137,52,115,81,2,250,158,0,158,408
11/08/2002,FAI,AK,AAL,WE,Towers with Radar,53,64,9,0,126,2,39,36,0,77,55,103,45,0,203,154,0,154,357
11/09/2002,FAI,AK,AAL,WE,Towers with Radar,53,23,4,0,80,0,50,24,0,74,53,73,28,0,154,110,0,110,264
11/10/2002,FAI,AK,AAL,WE,Towers with Radar,35,59,8,0,102,0,15,20,0,35,35,74,28,0,137,134,0,134,271
11/11/2002,FAI,AK,AAL,WE,Towers with Radar,39,55,8,1,103,2,69,45,0,116,41,124,53,1,219,108,0,108,327
11/12/2002,FAI,AK,AAL,WE,Towers with Radar,55,33,11,7,106,0,74,66,6,146,55,107,77,13,252,89,0,89,341
11/13/2002,FAI,AK,AAL,WE,Towers with Radar,45,40,16,4,105,0,100,72,2,174,45,140,88,6,279,144,0,144,423
11/14/2002,FAI,AK,AAL,WE,Towers with Radar,58,80,16,0,154,0,56,51,0,107,58,136,67,0,261,212,10,222,483
11/15/2002,FAI,AK,AAL,WE,Towers with Radar,55,62,15,1,133,0,7,6,1,14,55,69,21,2,147,32,0,32,179
11/16/2002,FAI,AK,AAL,WE,Towers with Radar,41,44,13,1,99,1,67,65,0,133,42,111,78,1,232,102,0,102,334
11/17/2002,FAI,AK,AAL,WE,Towers with Radar,35,35,13,0,83,0,35,47,0,82,35,70,60,0,165,92,0,92,257
11/18/2002,FAI,AK,AAL,WE,Towers with Radar,46,36,12,0,94,0,76,69,0,145,46,112,81,0,239,74,0,74,313
11/19/2002,FAI,AK,AAL,WE,Towers with Radar,57,57,20,2,136,0,71,83,0,154,57,128,103,2,290,118,0,118,408
11/20/2002,FAI,AK,AAL,WE,Towers with Radar,0,0,7,0,7,0,0,0,0,0,0,0,7,0,7,56,0,56,63
11/21/2002,FAI,AK,AAL,WE,Towers with Radar,60,48,12,6,126,5,92,60,2,159,65,140,72,8,285,86,0,86,371
11/22/2002,FAI,AK,AAL,WE,Towers with Radar,54,43,11,11,119,0,95,69,0,164,54,138,80,11,283,74,0,74,357
11/23/2002,FAI,AK,AAL,WE,Towers with Radar,36,30,14,0,80,0,38,50,0,88,36,68,64,0,168,112,0,112,280
11/24/2002,FAI,AK,AAL,WE,Towers with Radar,33,21,3,0,57,0,40,76,0,116,33,61,79,0,173,132,0,132,305
11/25/2002,FAI,AK,AAL,WE,Towers with Radar,45,33,11,6,95,5,96,69,4,174,50,129,80,10,269,154,0,154,423
11/26/2002,FAI,AK,AAL,WE,Towers with Radar,50,45,12,4,111,0,32,8,3,43,50,77,20,7,154,32,2,34,188
11/27/2002,FAI,AK,AAL,WE,Towers with Radar,0,0,6,0,6,0,0,0,0,0,0,0,6,0,6,51,0,51,57
11/28/2002,FAI,AK,AAL,WE,Towers with Radar,31,8,3,0,42,0,5,27,0,32,31,13,30,0,74,88,0,88,162
11/29/2002,FAI,AK,AAL,WE,Towers with Radar,55,41,18,0,114,2,85,71,0,158,57,126,89,0,272,90,0,90,362
11/30/2002,FAI,AK,AAL,WE,Towers with Radar,45,50,5,0,100,0,22,37,0,59,45,72,42,0,159,128,0,128,287
12/01/2002,FAI,AK,AAL,WE,Towers with Radar,29,66,14,0,109,0,1,0,0,1,29,67,14,0,110,0,0,0,110
12/02/2002,FAI,AK,AAL,WE,Towers with Radar,45,38,8,5,96,0,67,66,1,134,45,105,74,6,230,70,0,70,300
12/03/2002,FAI,AK,AAL,WE,Towers with Radar,60,37,3,0,100,1,90,75,0,166,61,127,78,0,266,196,0,196,462
12/04/2002,FAI,AK,AAL,WE,Towers with Radar,49,43,9,6,107,0,81,45,2,128,49,124,54,8,235,104,0,104,339
12/05/2002,FAI,AK,AAL,WE,Towers with Radar,42,56,17,2,117,0,49,85,0,134,42,105,102,2,251,58,0,58,309
12/06/2002,FAI,AK,AAL,WE,Towers with Radar,43,65,11,8,127,3,69,57,3,132,46,134,68,11,259,102,0,102,361
12/07/2002,FAI,AK,AAL,WE,Towers with Radar,35,33,9,0,77,0,14,22,0,36,35,47,31,0,113,16,0,16,129
12/08/2002,FAI,AK,AAL,WE,Towers with Radar,31,33,7,0,71,0,34,61,0,95,31,67,68,0,166,130,0,130,296
12/09/2002,FAI,AK,AAL,WE,Towers with Radar,35,42,9,2,88,6,84,46,0,136,41,126,55,2,224,146,0,146,370
12/10/2002,FAI,AK,AAL,WE,Towers with Radar,51,37,5,7,100,4,75,48,2,129,55,112,53,9,229,62,0,62,291
12/11/2002,FAI,AK,AAL,WE,Towers with Radar,57,52,10,4,123,6,77,49,3,135,63,129,59,7,258,32,2,34,292
12/12/2002,FAI,AK,AAL,WE,Towers with Radar,49,98,15,0,162,0,28,15,1,44,49,126,30,1,206,0,0,0,206
12/13/2002,FAI,AK,AAL,WE,Towers with Radar,46,84,12,4,146,0,47,12,0,59,46,131,24,4,205,44,0,44,249
12/14/2002,FAI,AK,AAL,WE,Towers with Radar,43,65,8,0,116,0,12,5,0,17,43,77,13,0,133,0,0,0,133
12/15/2002,FAI,AK,AAL,WE,Towers with Radar,30,35,7,0,72,0,17,45,0,62,30,52,52,0,134,56,0,56,190
12/16/2002,FAI,AK,AAL,WE,Towers with Radar,42,71,9,12,134,0,50,48,1,99,42,121,57,13,233,38,0,38,271
12/17/2002,FAI,AK,AAL,WE,Towers with Radar,59,94,19,3,175,2,20,10,0,32,61,114,29,3,207,37,1,38,245
12/18/2002,FAI,AK,AAL,WE,Towers with Radar,47,98,14,12,171,0,49,26,3,78,47,147,40,15,249,48,0,48,297
12/19/2002,FAI,AK,AAL,WE,Towers with Radar,61,44,15,7,127,13,111,55,6,185,74,155,70,13,312,78,0,78,390
12/20/2002,FAI,AK,AAL,WE,Towers with Radar,51,40,11,3,105,0,101,70,0,171,51,141,81,3,276,68,0,68,344
12/21/2002,FAI,AK,AAL,WE,Towers with Radar,41,29,14,0,84,2,58,64,0,124,43,87,78,0,208,78,0,78,286
12/22/2002,FAI,AK,AAL,WE,Towers with Radar,33,19,0,0,52,0,62,44,0,106,33,81,44,0,158,48,0,48,206
12/23/2002,FAI,AK,AAL,WE,Towers with Radar,39,34,17,6,96,2,106,49,0,157,41,140,66,6,253,60,0,60,313
12/24/2002,FAI,AK,AAL,WE,Towers with Radar,45,53,10,0,108,0,87,47,0,134,45,140,57,0,242,22,0,22,264
12/25/2002,FAI,AK,AAL,WE,Towers with Radar,29,1,5,0,35,0,0,0,0,0,29,1,5,0,35,0,0,0,35
12/26/2002,FAI,AK,AAL,WE,Towers with Radar,54,66,8,0,128,0,6,0,0,6,54,72,8,0,134,0,0,0,134
12/27/2002,FAI,AK,AAL,WE,Towers with Radar,43,89,21,4,157,0,14,6,0,20,43,103,27,4,177,18,0,18,195
12/28/2002,FAI,AK,AAL,WE,Towers with Radar,34,29,15,0,78,2,42,42,0,86,36,71,57,0,164,76,0,76,240
12/29/2002,FAI,AK,AAL,WE,Towers with Radar,25,17,4,0,46,0,17,28,0,45,25,34,32,0,91,8,0,8,99
12/30/2002,FAI,AK,AAL,WE,Towers with Radar,39,81,25,10,155,0,16,7,0,23,39,97,32,10,178,4,0,4,182
12/31/2002,FAI,AK,AAL,WE,Towers with Radar,32,63,8,0,103,1,44,14,0,59,33,107,22,0,162,14,0,14,176
01/01/2003,FAI,AK,AAL,WE,Towers with Radar,25,16,6,0,47,1,2,8,0,11,26,18,14,0,58,7,0,7,65
01/02/2003,FAI,AK,AAL,WE,Towers with Radar,36,33,4,0,73,0,73,13,0,86,36,106,17,0,159,0,0,0,159
01/03/2003,FAI,AK,AAL,WE,Towers with Radar,33,39,6,2,80,1,80,30,0,111,34,119,36,2,191,40,0,40,231
01/04/2003,FAI,AK,AAL,WE,Towers with Radar,31,40,6,2,79,0,27,22,1,50,31,67,28,3,129,36,0,36,165
01/05/2003,FAI,AK,AAL,WE,Towers with Radar,20,34,11,0,65,0,12,17,0,29,20,46,28,0,94,32,0,32,126
01/06/2003,FAI,AK,AAL,WE,Towers with Radar,38,63,5,4,110,2,35,7,1,45,40,98,12,5,155,12,0,12,167
01/07/2003,FAI,AK,AAL,WE,Towers with Radar,40,45,6,0,91,1,33,15,0,49,41,78,21,0,140,6,0,6,146
01/08/2003,FAI,AK,AAL,WE,Towers with Radar,40,31,3,1,75,0,70,33,0,103,40,101,36,1,178,0,0,0,178
01/09/2003,FAI,AK,AAL,WE,Towers with Radar,51,36,16,0,103,0,103,36,0,139,51,139,52,0,242,58,0,58,300
01/10/2003,FAI,AK,AAL,WE,Towers with Radar,47,26,15,0,88,0,25,48,0,73,47,51,63,0,161,56,0,56,217
01/11/2003,FAI,AK,AAL,WE,Towers with Radar,37,32,7,0,76,3,54,39,0,96,40,86,46,0,172,100,0,100,272
01/12/2003,FAI,AK,AAL,WE,Towers with Radar,31,20,13,4,68,0,32,34,0,66,31,52,47,4,134,62,0,62,196
01/13/2003,FAI,AK,AAL,WE,Towers with Radar,38,42,28,6,114,0,64,29,0,93,38,106,57,6,207,66,0,66,273
01/14/2003,FAI,AK,AAL,WE,Towers with Radar,52,89,8,0,149,0,24,14,0,38,52,113,22,0,187,8,0,8,195
01/15/2003,FAI,AK,AAL,WE,Towers with Radar,40,41,14,5,100,0,80,48,3,131,40,121,62,8,231,34,0,34,265
01/16/2003,FAI,AK,AAL,WE,Towers with Radar,51,25,9,2,87,0,93,53,2,148,51,118,62,4,235,84,0,84,319
01/17/2003,FAI,AK,AAL,WE,Towers with Radar,40,25,12,0,77,0,94,39,0,133,40,119,51,0,210,16,0,16,226
01/18/2003,FAI,AK,AAL,WE,Towers with Radar,36,51,6,2,95,0,5,31,1,37,36,56,37,3,132,30,0,30,162
01/19/2003,FAI,AK,AAL,WE,Towers with Radar,31,23,5,0,59,0,23,40,0,63,31,46,45,0,122,54,0,54,176
01/20/2003,FAI,AK,AAL,WE,Towers with Radar,40,61,13,0,114,0,16,17,0,33,40,77,30,0,147,76,0,76,223
01/21/2003,FAI,AK,AAL,WE,Towers with Radar,52,58,12,3,125,0,65,36,0,101,52,123,48,3,226,116,3,119,345
01/22/2003,FAI,AK,AAL,WE,Towers with Radar,43,35,8,4,90,0,103,34,1,138,43,138,42,5,228,74,0,74,302
01/23/2003,FAI,AK,AAL,WE,Towers with Radar,51,27,4,2,84,0,93,29,6,128,51,120,33,8,212,101,0,101,313
01/24/2003,FAI,AK,AAL,WE,Towers with Radar,42,29,10,0,81,0,92,37,0,129,42,121,47,0,210,28,0,28,238
01/25/2003,FAI,AK,AAL,WE,Towers with Radar,35,13,2,0,50,0,44,40,0,84,35,57,42,0,134,20,0,20,154
01/26/2003,FAI,AK,AAL,WE,Towers with Radar,30,11,0,0,41,0,25,34,0,59,30,36,34,0,100,18,0,18,118
01/27/2003,FAI,AK,AAL,WE,Towers with Radar,39,28,2,4,73,0,75,28,0,103,39,103,30,4,176,84,0,84,260
01/28/2003,FAI,AK,AAL,WE,Towers with Radar,45,31,6,0,82,0,39,88,0,127,45,70,94,0,209,54,0,54,263
01/29/2003,FAI,AK,AAL,WE,Towers with Radar,48,31,6,0,85,1,89,52,2,144,49,120,58,2,229,64,0,64,293
01/30/2003,FAI,AK,AAL,WE,Towers with Radar,46,29,14,0,89,2,87,37,0,126,48,116,51,0,215,42,0,42,257
01/31/2003,FAI,AK,AAL,WE,Towers with Radar,49,54,19,0,122,0,60,33,0,93,49,114,52,0,215,64,0,64,279
02/01/2003,FAI,AK,AAL,WE,Towers with Radar,35,29,12,3,79,0,29,47,0,76,35,58,59,3,155,130,0,130,285
02/02/2003,FAI,AK,AAL,WE,Towers with Radar,32,19,9,0,60,1,21,45,1,68,33,40,54,1,128,102,0,102,230
02/03/2003,FAI,AK,AAL,WE,Towers with Radar,39,56,10,5,110,3,46,42,0,91,42,102,52,5,201,146,0,146,347
02/04/2003,FAI,AK,AAL,WE,Towers with Radar,39,45,9,0,93,1,52,28,0,81,40,97,37,0,174,194,0,194,368
02/05/2003,FAI,AK,AAL,WE,Towers with Radar,41,39,5,0,85,1,82,34,0,117,42,121,39,0,202,94,0,94,296
02/06/2003,FAI,AK,AAL,WE,Towers with Radar,41,48,11,1,101,0,61,64,0,125,41,109,75,1,226,162,0,162,388
02/07/2003,FAI,AK,AAL,WE,Towers with Radar,47,45,14,0,106,1,53,47,0,101,48,98,61,0,207,130,0,130,337
02/08/2003,FAI,AK,AAL,WE,Towers with Radar,34,34,5,0,73,1,7,11,0,19,35,41,16,0,92,70,0,70,162
02/09/2003,FAI,AK,AAL,WE,Towers with Radar,28,22,6,0,56,0,3,8,0,11,28,25,14,0,67,0,0,0,67
02/10/2003,FAI,AK,AAL,WE,Towers with Radar,36,44,5,3,88,0,1,2,1,4,36,45,7,4,92,0,0,0,92
02/11/2003,FAI,AK,AAL,WE,Towers with Radar,51,62,10,0,123,0,0,0,0,0,51,62,10,0,123,0,0,0,123
02/12/2003,FAI,AK,AAL,WE,Towers with Radar,51,76,14,0,141,0,0,1,0,1,51,76,15,0,142,0,0,0,142
02/13/2003,FAI,AK,AAL,WE,Towers with Radar,51,83,8,6,148,0,26,14,2,42,51,109,22,8,190,4,0,4,194
02/14/2003,FAI,AK,AAL,WE,Towers with Radar,43,27,11,1,82,2,111,67,1,181,45,138,78,2,263,7,0,7,270
02/15/2003,FAI,AK,AAL,WE,Towers with Radar,38,27,8,0,73,0,57,45,0,102,38,84,53,0,175,68,0,68,243
02/16/2003,FAI,AK,AAL,WE,Towers with Radar,30,29,4,1,64,1,30,53,2,86,31,59,57,3,150,74,0,74,224
02/17/2003,FAI,AK,AAL,WE,Towers with Radar,39,32,6,0,77,1,85,48,0,134,40,117,54,0,211,82,0,82,293
02/18/2003,FAI,AK,AAL,WE,Towers with Radar,50,32,3,10,95,0,94,67,2,163,50,126,70,12,258,88,0,88,346
02/19/2003,FAI,AK,AAL,WE,Towers with Radar,47,29,11,4,91,0,105,26,0,131,47,134,37,4,222,84,0,84,306
02/20/2003,FAI,AK,AAL,WE,Towers with Radar,48,27,8,1,84,0,98,70,0,168,48,125,78,1,252,78,0,78,330
02/21/2003,FAI,AK,AAL,WE,Towers with Radar,44,27,7,0,78,0,109,68,0,177,44,136,75,0,255,86,0,86,341
02/22/2003,FAI,AK,AAL,WE,Towers with Radar,36,29,12,2,79,0,47,80,0,127,36,76,92,2,206,118,0,118,324
02/23/2003,FAI,AK,AAL,WE,Towers with Radar,33,28,8,0,69,0,22,51,0,73,33,50,59,0,142,118,0,118,260
02/24/2003,FAI,AK,AAL,WE,Towers with Radar,38,56,11,4,109,0,36,54,2,92,38,92,65,6,201,144,0,144,345
02/25/2003,FAI,AK,AAL,WE,Towers with Radar,58,62,12,7,139,0,61,61,3,125,58,123,73,10,264,133,0,133,397
02/26/2003,FAI,AK,AAL,WE,Towers with Radar,43,55,10,3,111,0,61,35,2,98,43,116,45,5,209,96,0,96,305
02/27/2003,FAI,AK,AAL,WE,Towers with Radar,62,80,17,17,176,0,48,60,0,108,62,128,77,17,284,148,0,148,432
02/28/2003,FAI,AK,AAL,WE,Towers with Radar,37,64,23,5,129,0,77,59,2,138,37,141,82,7,267,109,0,109,376
03/01/2003,FAI,AK,AAL,WE,Towers with Radar,37,34,12,0,83,1,28,74,0,103,38,62,86,0,186,208,0,208,394
03/02/2003,FAI,AK,AAL,WE,Towers with Radar,30,33,6,2,71,1,1,30,0,32,31,34,36,2,103,79,0,79,182
03/03/2003,FAI,AK,AAL,WE,Towers with Radar,34,34,10,7,85,1,59,67,0,127,35,93,77,7,212,62,0,62,274
03/04/2003,FAI,AK,AAL,WE,Towers with Radar,51,76,23,7,157,1,20,41,0,62,52,96,64,7,219,48,0,48,267
03/05/2003,FAI,AK,AAL,WE,Towers with Radar,43,55,15,2,115,1,88,93,3,185,44,143,108,5,300,116,0,116,416
03/06/2003,FAI,AK,AAL,WE,Towers with Radar,59,51,14,5,129,6,95,93,0,194,65,146,107,5,323,93,0,93,416
03/07/2003,FAI,AK,AAL,WE,Towers with Radar,42,30,3,1,76,1,88,79,0,168,43,118,82,1,244,114,0,114,358
03/08/2003,FAI,AK,AAL,WE,Towers with Radar,34,30,8,0,72,3,64,101,0,168,37,94,109,0,240,206,0,206,446
03/09/2003,FAI,AK,AAL,WE,Towers with Radar,31,22,1,0,54,1,2,80,0,83,32,24,81,0,137,46,0,46,183
03/10/2003,FAI,AK,AAL,WE,Towers with Radar,46,27,14,3,90,1,100,61,0,162,47,127,75,3,252,94,0,94,346
03/11/2003,FAI,AK,AAL,WE,Towers with Radar,43,24,8,0,75,1,90,53,0,144,44,114,61,0,219,96,0,96,315
03/12/2003,FAI,AK,AAL,WE,Towers with Radar,67,18,9,4,98,3,98,64,2,167,70,116,73,6,265,32,0,32,297
03/13/2003,FAI,AK,AAL,WE,Towers with Radar,81,21,13,2,117,1,85,25,0,111,82,106,38,2,228,0,0,0,228
03/14/2003,FAI,AK,AAL,WE,Towers with Radar,56,38,9,2,105,1,89,11,1,102,57,127,20,3,207,64,0,64,271
03/15/2003,FAI,AK,AAL,WE,Towers with Radar,39,20,3,0,62,1,55,70,0,126,40,75,73,0,188,70,0,70,258
03/16/2003,FAI,AK,AAL,WE,Towers with Radar,34,26,5,5,70,1,34,86,0,121,35,60,91,5,191,159,0,159,350
03/17/2003,FAI,AK,AAL,WE,Towers with Radar,39,44,12,6,101,0,119,87,8,214,39,163,99,14,315,136,0,136,451
03/18/2003,FAI,AK,AAL,WE,Towers with Radar,54,59,16,7,136,0,77,95,3,175,54,136,111,10,311,128,0,128,439
03/19/2003,FAI,AK,AAL,WE,Towers with Radar,52,53,26,0,131,1,110,81,0,192,53,163,107,0,323,156,0,156,479
03/20/2003,FAI,AK,AAL,WE,Towers with Radar,55,30,4,0,89,2,97,68,0,167,57,127,72,0,256,194,0,194,450
03/21/2003,FAI,AK,AAL,WE,Towers with Radar,48,31,12,0,91,2,88,93,0,183,50,119,105,0,274,98,0,98,372
03/22/2003,FAI,AK,AAL,WE,Towers with Radar,29,24,6,0,59,9,57,83,0,149,38,81,89,0,208,186,0,186,394
03/23/2003,FAI,AK,AAL,WE,Towers with Radar,36,44,3,0,83,0,1,59,0,60,36,45,62,0,143,36,0,36,179
03/24/2003,FAI,AK,AAL,WE,Towers with Radar,37,44,12,9,102,0,99,106,13,218,37,143,118,22,320,62,8,70,390
03/25/2003,FAI,AK,AAL,WE,Towers with Radar,51,48,6,7,112,0,84,80,0,164,51,132,86,7,276,85,0,85,361
03/26/2003,FAI,AK,AAL,WE,Towers with Radar,67,80,31,5,183,7,49,42,0,98,74,129,73,5,281,46,0,46,327
03/27/2003,FAI,AK,AAL,WE,Towers with Radar,50,55,11,7,123,4,132,71,2,209,54,187,82,9,332,110,0,110,442
03/28/2003,FAI,AK,AAL,WE,Towers with Radar,44,30,9,7,90,2,111,95,5,213,46,141,104,12,303,102,0,102,405
03/29/2003,FAI,AK,AAL,WE,Towers with Radar,36,43,6,9,94,5,44,65,0,114,41,87,71,9,208,82,0,82,290
03/30/2003,FAI,AK,AAL,WE,Towers with Radar,29,25,4,3,61,1,30,88,0,119,30,55,92,3,180,100,0,100,280
03/31/2003,FAI,AK,AAL,WE,Towers with Radar,36,63,11,7,117,1,51,45,1,98,37,114,56,8,215,70,0,70,285
04/01/2003,FAI,AK,AAL,WE,Towers with Radar,46,26,5,9,86,0,91,73,5,169,46,117,78,14,255,160,0,160,415
04/02/2003,FAI,AK,AAL,WE,Towers with Radar,47,29,9,9,94,0,109,76,3,188,47,138,85,12,282,78,0,78,360
04/03/2003,FAI,AK,AAL,WE,Towers with Radar,55,30,4,4,93,0,113,77,1,191,55,143,81,5,284,125,0,125,409
04/04/2003,FAI,AK,AAL,WE,Towers with Radar,38,25,1,6,70,0,104,76,1,181,38,129,77,7,251,118,0,118,369
04/05/2003,FAI,AK,AAL,WE,Towers with Radar,33,20,10,1,64,0,45,147,1,193,33,65,157,2,257,168,0,168,425
04/06/2003,FAI,AK,AAL,WE,Towers with Radar,31,12,0,0,43,0,28,50,0,78,31,40,50,0,121,88,0,88,209
04/07/2003,FAI,AK,AAL,WE,Towers with Radar,36,21,16,5,78,0,101,51,0,152,36,122,67,5,230,68,0,68,298
04/08/2003,FAI,AK,AAL,WE,Towers with Radar,50,53,12,4,119,0,51,71,4,126,50,104,83,8,245,154,0,154,399
04/09/2003,FAI,AK,AAL,WE,Towers with Radar,44,45,2,7,98,0,86,81,4,171,44,131,83,11,269,152,0,152,421
04/10/2003,FAI,AK,AAL,WE,Towers with Radar,44,33,11,0,88,0,79,74,0,153,44,112,85,0,241,100,0,100,341
04/11/2003,FAI,AK,AAL,WE,Towers with Radar,47,38,8,5,98,0,108,95,4,207,47,146,103,9,305,163,0,163,468
04/12/2003,FAI,AK,AAL,WE,Towers with Radar,36,18,13,1,68,0,39,89,0,128,36,57,102,1,196,236,0,236,432
04/13/2003,FAI,AK,AAL,WE,Towers with Radar,31,37,6,2,76,0,7,39,0,46,31,44,45,2,122,88,0,88,210
04/14/2003,FAI,AK,AAL,WE,Towers with Radar,42,51,17,3,113,1,68,56,1,126,43,119,73,4,239,94,0,94,333
04/15/2003,FAI,AK,AAL,WE,Towers with Radar,46,45,8,12,111,0,57,72,2,131,46,102,80,14,242,134,0,134,376
04/16/2003,FAI,AK,AAL,WE,Towers with Radar,44,52,7,19,122,0,65,60,0,125,44,117,67,19,247,101,0,101,348
04/17/2003,FAI,AK,AAL,WE,Towers with Radar,52,79,26,2,159,3,37,44,0,84,55,116,70,2,243,98,0,98,341
04/18/2003,FAI,AK,AAL,WE,Towers with Radar,36,37,21,2,96,1,103,101,1,206,37,140,122,3,302,160,0,160,462
04/19/2003,FAI,AK,AAL,WE,Towers with Radar,27,20,2,0,49,0,41,78,0,119,27,61,80,0,168,258,0,258,426
04/20/2003,FAI,AK,AAL,WE,Towers with Radar,28,10,1,0,39,0,7,55,0,62,28,17,56,0,101,132,0,132,233
04/21/2003,FAI,AK,AAL,WE,Towers with Radar,52,35,17,0,104,0,104,87,0,191,52,139,104,0,295,202,0,202,497
04/22/2003,FAI,AK,AAL,WE,Towers with Radar,51,24,12,3,90,1,80,75,2,158,52,104,87,5,248,232,0,232,480
04/23/2003,FAI,AK,AAL,WE,Towers with Radar,42,43,13,3,101,0,91,76,4,171,42,134,89,7,272,206,0,206,478
04/24/2003,FAI,AK,AAL,WE,Towers with Radar,44,37,9,5,95,0,118,108,4,230,44,155,117,9,325,186,0,186,511
04/25/2003,FAI,AK,AAL,WE,Towers with Radar,41,31,11,1,84,0,116,90,6,212,41,147,101,7,296,159,10,169,465
04/26/2003,FAI,AK,AAL,WE,Towers with Radar,32,23,25,0,80,0,63,133,0,196,32,86,158,0,276,320,0,320,596
04/27/2003,FAI,AK,AAL,WE,Towers with Radar,20,16,4,0,40,13,35,123,0,171,33,51,127,0,211,256,0,256,467
04/28/2003,FAI,AK,AAL,WE,Towers with Radar,39,59,9,8,115,1,43,38,0,82,40,102,47,8,197,82,0,82,279
04/29/2003,FAI,AK,AAL,WE,Towers with Radar,42,30,10,4,86,0,85,85,0,170,42,115,95,4,256,300,0,300,556
04/30/2003,FAI,AK,AAL,WE,Towers with Radar,44,26,9,1,80,0,86,85,2,173,44,112,94,3,253,114,0,114,367
05/01/2003,FAI,AK,AAL,WE,Towers with Radar,56,33,26,8,123,2,89,106,0,197,58,122,132,8,320,180,0,180,500
05/02/2003,FAI,AK,AAL,WE,Towers with Radar,49,29,6,1,85,3,92,66,0,161,52,121,72,1,246,66,0,66,312
05/03/2003,FAI,AK,AAL,WE,Towers with Radar,39,18,12,0,69,1,43,65,0,109,40,61,77,0,178,18,0,18,196
05/04/2003,FAI,AK,AAL,WE,Towers with Radar,28,11,8,2,49,0,34,60,0,94,28,45,68,2,143,38,0,38,181
05/05/2003,FAI,AK,AAL,WE,Towers with Radar,41,28,17,9,95,0,80,59,5,144,41,108,76,14,239,166,0,166,405
05/06/2003,FAI,AK,AAL,WE,Towers with Radar,42,43,10,14,109,0,109,74,0,183,42,152,84,14,292,113,0,113,405
05/07/2003,FAI,AK,AAL,WE,Towers with Radar,44,29,6,3,82,0,108,107,1,216,44,137,113,4,298,200,0,200,498
05/08/2003,FAI,AK,AAL,WE,Towers with Radar,45,52,14,6,117,0,77,57,0,134,45,129,71,6,251,312,0,312,563
05/09/2003,FAI,AK,AAL,WE,Towers with Radar,43,56,21,0,120,1,76,66,0,143,44,132,87,0,263,202,0,202,465
05/10/2003,FAI,AK,AAL,WE,Towers with Radar,36,41,9,0,86,0,38,71,0,109,36,79,80,0,195,148,0,148,343
05/11/2003,FAI,AK,AAL,WE,Towers with Radar,34,28,11,0,73,0,26,55,0,81,34,54,66,0,154,186,0,186,340
05/12/2003,FAI,AK,AAL,WE,Towers with Radar,40,70,27,1,138,0,13,45,0,58,40,83,72,1,196,130,0,130,326
05/13/2003,FAI,AK,AAL,WE,Towers with Radar,40,91,21,6,158,4,54,81,1,140,44,145,102,7,298,151,0,151,449
05/14/2003,FAI,AK,AAL,WE,Towers with Radar,50,36,18,0,104,0,84,155,0,239,50,120,173,0,343,263,0,263,606
05/15/2003,FAI,AK,AAL,WE,Towers with Radar,40,33,12,0,85,1,95,131,0,227,41,128,143,0,312,126,0,126,438
05/16/2003,FAI,AK,AAL,WE,Towers with Radar,46,62,17,0,125,1,81,109,0,191,47,143,126,0,316,260,0,260,576
05/17/2003,FAI,AK,AAL,WE,Towers with Radar,41,26,20,0,87,0,58,162,0,220,41,84,182,0,307,215,0,215,522
05/18/2003,FAI,AK,AAL,WE,Towers with Radar,33,15,14,0,62,1,24,100,0,125,34,39,114,0,187,192,0,192,379
05/19/2003,FAI,AK,AAL,WE,Towers with Radar,43,40,5,5,93,0,100,84,2,186,43,140,89,7,279,82,0,82,361
05/20/2003,FAI,AK,AAL,WE,Towers with Radar,51,52,11,6,120,0,66,101,3,170,51,118,112,9,290,116,0,116,406
05/21/2003,FAI,AK,AAL,WE,Towers with Radar,49,39,17,9,114,0,83,124,4,211,49,122,141,13,325,250,0,250,575
05/22/2003,FAI,AK,AAL,WE,Towers with Radar,59,65,22,7,153,2,49,83,0,134,61,114,105,7,287,210,0,210,497
05/23/2003,FAI,AK,AAL,WE,Towers with Radar,42,61,11,4,118,1,91,98,3,193,43,152,109,7,311,226,0,226,537
05/24/2003,FAI,AK,AAL,WE,Towers with Radar,41,34,4,0,79,0,51,257,4,312,41,85,261,4,391,206,0,206,597
05/25/2003,FAI,AK,AAL,WE,Towers with Radar,39,9,4,4,56,1,39,123,0,163,40,48,127,4,219,170,0,170,389
05/26/2003,FAI,AK,AAL,WE,Towers with Radar,44,25,15,0,84,0,34,113,0,147,44,59,128,0,231,100,0,100,331
05/27/2003,FAI,AK,AAL,WE,Towers with Radar,40,69,21,0,130,0,63,105,0,168,40,132,126,0,298,107,0,107,405
05/28/2003,FAI,AK,AAL,WE,Towers with Radar,46,59,26,6,137,4,96,115,1,216,50,155,141,7,353,143,0,143,496
05/29/2003,FAI,AK,AAL,WE,Towers with Radar,62,48,16,2,128,0,116,168,0,284,62,164,184,2,412,194,0,194,606
05/30/2003,FAI,AK,AAL,WE,Towers with Radar,51,29,13,6,99,1,134,157,0,292,52,163,170,6,391,124,0,124,515
05/31/2003,FAI,AK,AAL,WE,Towers with Radar,39,33,26,0,98,1,59,183,2,245,40,92,209,2,343,192,0,192,535
06/01/2003,FAI,AK,AAL,WE,Towers with Radar,35,30,9,0,74,2,18,104,1,125,37,48,113,1,199,168,0,168,367
06/02/2003,FAI,AK,AAL,WE,Towers with Radar,48,77,10,10,145,4,46,79,4,133,52,123,89,14,278,78,0,78,356
06/03/2003,FAI,AK,AAL,WE,Towers with Radar,57,55,20,3,135,1,69,114,0,184,58,124,134,3,319,84,0,84,403
06/04/2003,FAI,AK,AAL,WE,Towers with Radar,48,30,10,5,93,1,97,168,2,268,49,127,178,7,361,158,0,158,519
06/05/2003,FAI,AK,AAL,WE,Towers with Radar,55,22,16,2,95,0,116,140,1,257,55,138,156,3,352,134,0,134,486
06/06/2003,FAI,AK,AAL,WE,Towers with Radar,54,82,32,4,172,2,44,98,1,145,56,126,130,5,317,120,0,120,437
06/07/2003,FAI,AK,AAL,WE,Towers with Radar,42,66,26,0,134,0,24,78,1,103,42,90,104,1,237,128,0,128,365
06/08/2003,FAI,AK,AAL,WE,Towers with Radar,46,25,9,0,80,4,41,158,4,207,50,66,167,4,287,246,0,246,533
06/09/2003,FAI,AK,AAL,WE,Towers with Radar,55,24,10,2,91,0,125,174,4,303,55,149,184,6,394,144,0,144,538
06/10/2003,FAI,AK,AAL,WE,Towers with Radar,61,44,16,17,138,0,123,162,14,299,61,167,178,31,437,293,0,293,730
06/11/2003,FAI,AK,AAL,WE,Towers with Radar,61,53,19,0,133,0,90,98,0,188,61,143,117,0,321,131,0,131,452
06/12/2003,FAI,AK,AAL,WE,Towers with Radar,63,50,18,2,133,0,104,150,0,254,63,154,168,2,387,170,0,170,557
06/13/2003,FAI,AK,AAL,WE,Towers with Radar,53,26,11,5,95,1,132,140,1,274,54,158,151,6,369,42,0,42,411
06/14/2003,FAI,AK,AAL,WE,Towers with Radar,49,21,5,2,77,1,79,185,1,266,50,100,190,3,343,250,0,250,593
06/15/2003,FAI,AK,AAL,WE,Towers with Radar,49,28,5,0,82,0,66,138,0,204,49,94,143,0,286,135,0,135,421
06/16/2003,FAI,AK,AAL,WE,Towers with Radar,62,50,20,0,132,0,98,126,0,224,62,148,146,0,356,183,0,183,539
06/17/2003,FAI,AK,AAL,WE,Towers with Radar,66,34,19,8,127,0,110,144,0,254,66,144,163,8,381,256,0,256,637
06/18/2003,FAI,AK,AAL,WE,Towers with Radar,50,62,36,9,157,1,148,93,2,244,51,210,129,11,401,277,0,277,678
06/19/2003,FAI,AK,AAL,WE,Towers with Radar,55,37,8,2,102,3,134,142,1,280,58,171,150,3,382,186,0,186,568
06/20/2003,FAI,AK,AAL,WE,Towers with Radar,59,48,12,3,122,1,130,166,3,300,60,178,178,6,422,237,0,237,659
06/21/2003,FAI,AK,AAL,WE,Towers with Radar,42,20,11,1,74,2,72,187,3,264,44,92,198,4,338,226,0,226,564
06/22/2003,FAI,AK,AAL,WE,Towers with Radar,43,22,13,2,80,1,66,172,0,239,44,88,185,2,319,100,0,100,419
06/23/2003,FAI,AK,AAL,WE,Towers with Radar,57,40,13,1,111,1,109,134,0,244,58,149,147,1,355,112,0,112,467
06/24/2003,FAI,AK,AAL,WE,Towers with Radar,53,46,21,1,121,1,92,171,0,264,54,138,192,1,385,286,0,286,671
06/25/2003,FAI,AK,AAL,WE,Towers with Radar,52,50,18,1,121,1,51,84,1,137,53,101,102,2,258,186,0,186,444
06/26/2003,FAI,AK,AAL,WE,Towers with Radar,65,42,8,3,118,0,122,175,4,301,65,164,183,7,419,265,0,265,684
06/27/2003,FAI,AK,AAL,WE,Towers with Radar,70,58,7,1,136,6,138,156,1,301,76,196,163,2,437,206,0,206,643
06/28/2003,FAI,AK,AAL,WE,Towers with Radar,47,37,9,0,93,0,72,175,0,247,47,109,184,0,340,172,0,172,512
06/29/2003,FAI,AK,AAL,WE,Towers with Radar,44,32,6,2,84,0,58,152,1,211,44,90,158,3,295,236,0,236,531
06/30/2003,FAI,AK,AAL,WE,Towers with Radar,52,65,23,3,143,0,95,117,2,214,52,160,140,5,357,285,0,285,642
07/01/2003,FAI,AK,AAL,WE,Towers with Radar,56,53,16,1,126,2,98,96,0,196,58,151,112,1,322,126,0,126,448
07/02/2003,FAI,AK,AAL,WE,Towers with Radar,63,91,24,7,185,1,45,43,0,89,64,136,67,7,274,163,0,163,437
07/03/2003,FAI,AK,AAL,WE,Towers with Radar,56,116,18,1,191,1,53,116,1,171,57,169,134,2,362,158,0,158,520
07/04/2003,FAI,AK,AAL,WE,Towers with Radar,47,29,8,0,84,1,35,155,0,191,48,64,163,0,275,228,0,228,503
07/05/2003,FAI,AK,AAL,WE,Towers with Radar,36,20,5,1,62,1,57,33,1,92,37,77,38,2,154,104,0,104,258
07/06/2003,FAI,AK,AAL,WE,Towers with Radar,42,22,7,0,71,1,52,129,0,182,43,74,136,0,253,74,0,74,327
07/07/2003,FAI,AK,AAL,WE,Towers with Radar,58,35,10,2,105,1,106,132,0,239,59,141,142,2,344,117,0,117,461
07/08/2003,FAI,AK,AAL,WE,Towers with Radar,48,30,14,8,100,1,159,156,3,319,49,189,170,11,419,180,0,180,599
07/09/2003,FAI,AK,AAL,WE,Towers with Radar,34,39,12,1,86,20,142,169,3,334,54,181,181,4,420,196,0,196,616
07/10/2003,FAI,AK,AAL,WE,Towers with Radar,64,97,23,5,189,1,147,95,2,245,65,244,118,7,434,214,0,214,648
07/11/2003,FAI,AK,AAL,WE,Towers with Radar,52,66,16,1,135,1,86,172,1,260,53,152,188,2,395,220,0,220,615
07/12/2003,FAI,AK,AAL,WE,Towers with Radar,45,36,6,0,87,1,72,116,0,189,46,108,122,0,276,116,0,116,392
07/13/2003,FAI,AK,AAL,WE,Towers with Radar,42,40,30,0,112,1,10,92,0,103,43,50,122,0,215,172,0,172,387
07/14/2003,FAI,AK,AAL,WE,Towers with Radar,55,92,27,3,177,0,46,47,2,95,55,138,74,5,272,139,0,139,411
07/15/2003,FAI,AK,AAL,WE,Towers with Radar,61,107,46,2,216,1,22,39,0,62,62,129,85,2,278,28,0,28,306
07/16/2003,FAI,AK,AAL,WE,Towers with Radar,56,103,33,10,202,1,49,40,1,91,57,152,73,11,293,39,0,39,332
07/17/2003,FAI,AK,AAL,WE,Towers with Radar,65,78,23,3,169,0,88,124,8,220,65,166,147,11,389,137,0,137,526
07/18/2003,FAI,AK,AAL,WE,Towers with Radar,52,30,11,4,97,1,148,214,0,363,53,178,225,4,460,269,0,269,729
07/19/2003,FAI,AK,AAL,WE,Towers with Radar,41,28,8,0,77,2,68,214,0,284,43,96,222,0,361,292,0,292,653
07/20/2003,FAI,AK,AAL,WE,Towers with Radar,43,22,5,0,70,2,60,207,3,272,45,82,212,3,342,252,0,252,594
07/21/2003,FAI,AK,AAL,WE,Towers with Radar,49,34,16,3,102,1,123,131,5,260,50,157,147,8,362,331,0,331,693
07/22/2003,FAI,AK,AAL,WE,Towers with Radar,56,58,14,3,131,1,112,141,1,255,57,170,155,4,386,257,0,257,643
07/23/2003,FAI,AK,AAL,WE,Towers with Radar,53,44,10,4,111,1,111,143,1,256,54,155,153,5,367,269,0,269,636
07/24/2003,FAI,AK,AAL,WE,Towers with Radar,69,101,28,0,198,0,45,82,0,127,69,146,110,0,325,158,0,158,483
07/25/2003,FAI,AK,AAL,WE,Towers with Radar,54,65,8,2,129,1,95,122,6,224,55,160,130,8,353,266,0,266,619
07/26/2003,FAI,AK,AAL,WE,Towers with Radar,48,67,16,0,131,1,8,15,0,24,49,75,31,0,155,72,0,72,227
07/27/2003,FAI,AK,AAL,WE,Towers with Radar,45,63,13,0,121,1,8,27,0,36,46,71,40,0,157,50,0,50,207
07/28/2003,FAI,AK,AAL,WE,Towers with Radar,54,91,26,4,175,1,55,111,1,168,55,146,137,5,343,192,0,192,535
07/29/2003,FAI,AK,AAL,WE,Towers with Radar,58,49,17,3,127,3,118,162,1,284,61,167,179,4,411,162,0,162,573
07/30/2003,FAI,AK,AAL,WE,Towers with Radar,52,103,23,1,179,1,30,43,1,75,53,133,66,2,254,34,0,34,288
07/31/2003,FAI,AK,AAL,WE,Towers with Radar,62,90,29,2,183,4,81,78,0,163,66,171,107,2,346,62,0,62,408
08/01/2003,FAI,AK,AAL,WE,Towers with Radar,54,94,24,1,173,0,73,143,1,217,54,167,167,2,390,170,0,170,560
08/02/2003,FAI,AK,AAL,WE,Towers with Radar,50,67,22,0,139,1,27,111,0,139,51,94,133,0,278,146,0,146,424
08/03/2003,FAI,AK,AAL,WE,Towers with Radar,45,49,23,2,119,0,2,31,0,33,45,51,54,2,152,69,0,69,221
08/04/2003,FAI,AK,AAL,WE,Towers with Radar,59,102,19,0,180,0,82,108,0,190,59,184,127,0,370,150,0,150,520
08/05/2003,FAI,AK,AAL,WE,Towers with Radar,59,96,28,0,183,0,52,84,0,136,59,148,112,0,319,198,0,198,517
08/06/2003,FAI,AK,AAL,WE,Towers with Radar,47,54,18,0,119,0,91,173,0,264,47,145,191,0,383,186,0,186,569
08/07/2003,FAI,AK,AAL,WE,Towers with Radar,67,36,2,2,107,3,138,154,0,295,70,174,156,2,402,74,0,74,476
08/08/2003,FAI,AK,AAL,WE,Towers with Radar,48,26,3,2,79,0,159,225,0,384,48,185,228,2,463,234,0,234,697
08/09/2003,FAI,AK,AAL,WE,Towers with Radar,41,18,12,2,73,0,94,212,0,306,41,112,224,2,379,338,0,338,717
08/10/2003,FAI,AK,AAL,WE,Towers with Radar,38,13,11,1,63,0,80,144,1,225,38,93,155,2,288,145,0,145,433
08/11/2003,FAI,AK,AAL,WE,Towers with Radar,49,89,20,4,162,0,71,76,0,147,49,160,96,4,309,240,0,240,549
08/12/2003,FAI,AK,AAL,WE,Towers with Radar,58,74,29,0,161,0,68,64,0,132,58,142,93,0,293,118,0,118,411
08/13/2003,FAI,AK,AAL,WE,Towers with Radar,58,94,18,6,176,2,111,103,4,220,60,205,121,10,396,214,0,214,610
08/14/2003,FAI,AK,AAL,WE,Towers with Radar,55,55,29,4,143,0,125,140,2,267,55,180,169,6,410,210,0,210,620
08/15/2003,FAI,AK,AAL,WE,Towers with Radar,50,47,18,2,117,2,125,151,2,280,52,172,169,4,397,140,0,140,537
08/16/2003,FAI,AK,AAL,WE,Towers with Radar,42,63,25,0,130,1,58,108,0,167,43,121,133,0,297,158,0,158,455
08/17/2003,FAI,AK,AAL,WE,Towers with Radar,33,38,18,0,89,0,13,21,0,34,33,51,39,0,123,140,0,140,263
08/18/2003,FAI,AK,AAL,WE,Towers with Radar,65,39,22,1,127,2,145,153,2,302,67,184,175,3,429,232,0,232,661
08/19/2003,FAI,AK,AAL,WE,Towers with Radar,58,31,16,4,109,0,133,194,0,327,58,164,210,4,436,210,0,210,646
08/20/2003,FAI,AK,AAL,WE,Towers with Radar,39,42,15,1,97,12,129,121,11,273,51,171,136,12,370,178,0,178,548
08/21/2003,FAI,AK,AAL,WE,Towers with Radar,60,65,22,1,148,0,140,124,0,264,60,205,146,1,412,171,0,171,583
08/22/2003,FAI,AK,AAL,WE,Towers with Radar,52,66,22,0,140,0,97,123,0,220,52,163,145,0,360,142,0,142,502
08/23/2003,FAI,AK,AAL,WE,Towers with Radar,44,52,18,0,114,0,32,20,0,52,44,84,38,0,166,75,0,75,241
08/24/2003,FAI,AK,AAL,WE,Towers with Radar,48,45,14,0,107,0,27,24,0,51,48,72,38,0,158,1,0,1,159
08/25/2003,FAI,AK,AAL,WE,Towers with Radar,36,38,12,1,87,22,118,96,3,239,58,156,108,4,326,185,6,191,517
08/26/2003,FAI,AK,AAL,WE,Towers with Radar,61,76,26,2,165,0,88,81,1,170,61,164,107,3,335,254,0,254,589
08/27/2003,FAI,AK,AAL,WE,Towers with Radar,53,82,28,2,165,0,110,162,12,284,53,192,190,14,449,240,0,240,689
08/28/2003,FAI,AK,AAL,WE,Towers with Radar,57,61,21,1,140,3,138,142,7,290,60,199,163,8,430,215,0,215,645
08/29/2003,FAI,AK,AAL,WE,Towers with Radar,54,60,21,0,135,0,116,180,0,296,54,176,201,0,431,184,0,184,615
08/30/2003,FAI,AK,AAL,WE,Towers with Radar,38,41,14,0,93,10,66,177,0,253,48,107,191,0,346,170,0,170,516
08/31/2003,FAI,AK,AAL,WE,Towers with Radar,35,38,13,0,86,8,44,61,0,113,43,82,74,0,199,8,0,8,207
09/01/2003,FAI,AK,AAL,WE,Towers with Radar,49,61,14,4,128,1,7,41,0,49,50,68,55,4,177,9,0,9,186
09/02/2003,FAI,AK,AAL,WE,Towers with Radar,56,105,22,12,195,0,20,56,6,82,56,125,78,18,277,46,0,46,323
09/03/2003,FAI,AK,AAL,WE,Towers with Radar,48,86,24,13,171,0,51,106,0,157,48,137,130,13,328,60,0,60,388
09/04/2003,FAI,AK,AAL,WE,Towers with Radar,60,114,26,6,206,0,65,116,3,184,60,179,142,9,390,59,0,59,449
09/05/2003,FAI,AK,AAL,WE,Towers with Radar,61,96,28,2,187,0,66,136,0,202,61,162,164,2,389,110,0,110,499
09/06/2003,FAI,AK,AAL,WE,Towers with Radar,54,38,5,1,98,4,63,176,2,245,58,101,181,3,343,108,0,108,451
09/07/2003,FAI,AK,AAL,WE,Towers with Radar,36,29,11,0,76,0,69,203,0,272,36,98,214,0,348,90,0,90,438
09/08/2003,FAI,AK,AAL,WE,Towers with Radar,52,38,19,7,116,0,147,224,5,376,52,185,243,12,492,235,0,235,727
09/09/2003,FAI,AK,AAL,WE,Towers with Radar,65,88,14,21,188,3,104,111,8,226,68,192,125,29,414,154,0,154,568
09/10/2003,FAI,AK,AAL,WE,Towers with Radar,47,95,27,10,179,0,84,121,5,210,47,179,148,15,389,195,0,195,584
09/11/2003,FAI,AK,AAL,WE,Towers with Radar,52,114,40,5,211,0,32,40,5,77,52,146,80,10,288,56,0,56,344
09/12/2003,FAI,AK,AAL,WE,Towers with Radar,52,41,11,0,104,2,130,187,5,324,54,171,198,5,428,189,0,189,617
09/13/2003,FAI,AK,AAL,WE,Towers with Radar,35,22,7,1,65,0,94,214,2,310,35,116,221,3,375,230,0,230,605
09/14/2003,FAI,AK,AAL,WE,Towers with Radar,40,10,7,0,57,0,73,190,0,263,40,83,197,0,320,150,0,150,470
09/15/2003,FAI,AK,AAL,WE,Towers with Radar,47,23,12,10,92,1,134,143,12,290,48,157,155,22,382,150,4,154,536
09/16/2003,FAI,AK,AAL,WE,Towers with Radar,44,26,13,5,88,0,115,142,2,259,44,141,155,7,347,190,0,190,537
09/17/2003,FAI,AK,AAL,WE,Towers with Radar,44,22,28,8,102,0,172,98,6,276,44,194,126,14,378,84,0,84,462
09/18/2003,FAI,AK,AAL,WE,Towers with Radar,56,43,14,9,122,0,24,141,0,165,56,67,155,9,287,82,0,82,369
09/19/2003,FAI,AK,AAL,WE,Towers with Radar,51,40,10,1,102,0,155,123,0,278,51,195,133,1,380,114,0,114,494
09/20/2003,FAI,AK,AAL,WE,Towers with Radar,38,26,4,0,68,0,97,107,0,204,38,123,111,0,272,98,0,98,370
09/21/2003,FAI,AK,AAL,WE,Towers with Radar,31,36,3,0,70,0,65,118,0,183,31,101,121,0,253,190,0,190,443
09/22/2003,FAI,AK,AAL,WE,Towers with Radar,42,29,10,2,83,0,124,132,0,256,42,153,142,2,339,212,0,212,551
09/23/2003,FAI,AK,AAL,WE,Towers with Radar,33,34,10,1,78,14,113,89,0,216,47,147,99,1,294,56,0,56,350
09/24/2003,FAI,AK,AAL,WE,Towers with Radar,47,50,13,3,113,2,116,68,0,186,49,166,81,3,299,62,0,62,361
09/25/2003,FAI,AK,AAL,WE,Towers with Radar,52,77,7,0,136,0,78,108,0,186,52,155,115,0,322,152,0,152,474
09/26/2003,FAI,AK,AAL,WE,Towers with Radar,47,49,17,1,114,1,99,116,0,216,48,148,133,1,330,150,0,150,480
09/27/2003,FAI,AK,AAL,WE,Towers with Radar,37,32,5,2,76,1,55,139,1,196,38,87,144,3,272,206,0,206,478
09/28/2003,FAI,AK,AAL,WE,Towers with Radar,27,29,8,0,64,9,31,120,0,160,36,60,128,0,224,207,0,207,431
09/29/2003,FAI,AK,AAL,WE,Towers with Radar,30,31,9,3,73,14,95,72,1,182,44,126,81,4,255,193,0,193,448
09/30/2003,FAI,AK,AAL,WE,Towers with Radar,46,41,7,0,94,0,100,85,1,186,46,141,92,1,280,202,0,202,482
10/01/2003,FAI,AK,AAL,WE,Towers with Radar,39,59,16,0,114,7,92,57,0,156,46,151,73,0,270,207,0,207,477
10/02/2003,FAI,AK,AAL,WE,Towers with Radar,27,42,12,0,81,21,106,38,0,165,48,148,50,0,246,192,0,192,438
10/03/2003,FAI,AK,AAL,WE,Towers with Radar,44,88,23,2,157,0,50,135,0,185,44,138,158,2,342,198,0,198,540
10/04/2003,FAI,AK,AAL,WE,Towers with Radar,26,40,12,0,78,7,44,112,0,163,33,84,124,0,241,224,0,224,465
10/05/2003,FAI,AK,AAL,WE,Towers with Radar,15,23,6,0,44,24,27,123,0,174,39,50,129,0,218,210,0,210,428
10/06/2003,FAI,AK,AAL,WE,Towers with Radar,40,68,17,3,128,0,61,83,3,147,40,129,100,6,275,268,0,268,543
10/07/2003,FAI,AK,AAL,WE,Towers with Radar,40,62,15,0,117,11,69,75,0,155,51,131,90,0,272,246,0,246,518
10/08/2003,FAI,AK,AAL,WE,Towers with Radar,42,84,21,3,150,0,29,49,2,80,42,113,70,5,230,254,0,254,484
10/09/2003,FAI,AK,AAL,WE,Towers with Radar,37,58,14,2,111,12,117,53,0,182,49,175,67,2,293,310,0,310,603
10/10/2003,FAI,AK,AAL,WE,Towers with Radar,48,74,19,3,144,1,91,55,1,148,49,165,74,4,292,184,0,184,476
10/11/2003,FAI,AK,AAL,WE,Towers with Radar,34,58,14,0,106,0,17,1,0,18,34,75,15,0,124,24,0,24,148
10/12/2003,FAI,AK,AAL,WE,Towers with Radar,31,48,13,0,92,4,19,19,0,42,35,67,32,0,134,108,0,108,242
10/13/2003,FAI,AK,AAL,WE,Towers with Radar,35,55,15,2,107,0,25,46,1,72,35,80,61,3,179,90,0,90,269
10/14/2003,FAI,AK,AAL,WE,Towers with Radar,41,64,16,3,124,4,61,70,2,137,45,125,86,5,261,198,0,198,459
10/15/2003,FAI,AK,AAL,WE,Towers with Radar,47,76,20,3,146,0,101,44,4,149,47,177,64,7,295,150,0,150,445
10/16/2003,FAI,AK,AAL,WE,Towers with Radar,7,64,16,3,90,0,82,109,7,198,7,146,125,10,288,135,0,135,423
10/17/2003,FAI,AK,AAL,WE,Towers with Radar,42,65,17,0,124,0,110,55,0,165,42,175,72,0,289,190,0,190,479
10/18/2003,FAI,AK,AAL,WE,Towers with Radar,32,57,15,0,104,0,17,7,0,24,32,74,22,0,128,0,0,0,128
10/19/2003,FAI,AK,AAL,WE,Towers with Radar,33,49,13,1,96,6,35,27,3,71,39,84,40,4,167,60,0,60,227
10/20/2003,FAI,AK,AAL,WE,Towers with Radar,51,83,21,0,155,0,55,35,0,90,51,138,56,0,245,80,0,80,325
10/21/2003,FAI,AK,AAL,WE,Towers with Radar,48,86,22,0,156,0,10,0,0,10,48,96,22,0,166,0,0,0,166
10/22/2003,FAI,AK,AAL,WE,Towers with Radar,47,94,24,1,166,0,35,24,0,59,47,129,48,1,225,3,0,3,228
10/23/2003,FAI,AK,AAL,WE,Towers with Radar,49,92,24,0,165,0,42,8,0,50,49,134,32,0,215,84,0,84,299
10/24/2003,FAI,AK,AAL,WE,Towers with Radar,42,69,17,2,130,0,99,32,4,135,42,168,49,6,265,108,0,108,373
10/25/2003,FAI,AK,AAL,WE,Towers with Radar,29,43,11,0,83,6,50,28,0,84,35,93,39,0,167,60,0,60,227
10/26/2003,FAI,AK,AAL,WE,Towers with Radar,29,43,11,0,83,2,27,3,0,32,31,70,14,0,115,0,0,0,115
10/27/2003,FAI,AK,AAL,WE,Towers with Radar,44,80,21,0,145,0,36,2,0,38,44,116,23,0,183,10,0,10,193
10/28/2003,FAI,AK,AAL,WE,Towers with Radar,46,100,23,0,169,0,16,0,0,16,46,116,23,0,185,10,0,10,195
10/29/2003,FAI,AK,AAL,WE,Towers with Radar,40,60,15,2,117,14,103,38,9,164,54,163,53,11,281,54,0,54,335
10/30/2003,FAI,AK,AAL,WE,Towers with Radar,40,77,20,2,139,0,112,38,15,165,40,189,58,17,304,133,0,133,437
10/31/2003,FAI,AK,AAL,WE,Towers with Radar,24,30,9,0,63,18,0,0,0,18,42,30,9,0,81,0,0,0,81
11/01/2003,FAI,AK,AAL,WE,Towers with Radar,25,46,7,2,80,10,71,54,0,135,35,117,61,2,215,78,0,78,293
11/02/2003,FAI,AK,AAL,WE,Towers with Radar,18,33,4,0,55,14,0,0,0,14,32,33,4,0,69,0,0,0,69
11/03/2003,FAI,AK,AAL,WE,Towers with Radar,37,92,16,3,148,0,75,9,0,84,37,167,25,3,232,16,0,16,248
11/04/2003,FAI,AK,AAL,WE,Towers with Radar,49,145,24,7,225,0,14,60,11,85,49,159,84,18,310,120,0,120,430
11/05/2003,FAI,AK,AAL,WE,Towers with Radar,43,114,19,7,183,0,70,38,27,135,43,184,57,34,318,105,0,105,423
11/06/2003,FAI,AK,AAL,WE,Towers with Radar,39,71,11,0,121,9,11,9,0,29,48,82,20,0,150,5,0,5,155
11/07/2003,FAI,AK,AAL,WE,Towers with Radar,39,94,16,3,152,0,54,26,0,80,39,148,42,3,232,74,0,74,306
11/08/2003,FAI,AK,AAL,WE,Towers with Radar,31,57,8,0,96,15,14,0,0,29,46,71,8,0,125,0,0,0,125
11/09/2003,FAI,AK,AAL,WE,Towers with Radar,22,40,2,0,64,8,18,0,0,26,30,58,2,0,90,0,0,0,90
11/10/2003,FAI,AK,AAL,WE,Towers with Radar,41,79,14,0,134,0,48,20,0,68,41,127,34,0,202,18,0,18,220
11/11/2003,FAI,AK,AAL,WE,Towers with Radar,31,57,10,0,98,13,88,88,0,189,44,145,98,0,287,58,0,58,345
11/12/2003,FAI,AK,AAL,WE,Towers with Radar,48,88,15,4,155,0,19,8,2,29,48,107,23,6,184,0,0,0,184
11/13/2003,FAI,AK,AAL,WE,Towers with Radar,50,91,16,4,161,9,63,35,4,111,59,154,51,8,272,12,0,12,284
11/14/2003,FAI,AK,AAL,WE,Towers with Radar,49,89,14,4,156,4,46,39,4,93,53,135,53,8,249,12,0,12,261
11/15/2003,FAI,AK,AAL,WE,Towers with Radar,19,36,6,2,63,20,43,13,0,76,39,79,19,2,139,6,0,6,145
11/16/2003,FAI,AK,AAL,WE,Towers with Radar,16,28,5,0,49,14,26,5,0,45,30,54,10,0,94,2,0,2,96
11/17/2003,FAI,AK,AAL,WE,Towers with Radar,35,85,14,0,134,0,38,4,0,42,35,123,18,0,176,0,0,0,176
11/18/2003,FAI,AK,AAL,WE,Towers with Radar,53,104,17,4,178,0,32,16,16,64,53,136,33,20,242,10,0,10,252
11/19/2003,FAI,AK,AAL,WE,Towers with Radar,43,110,18,5,176,0,0,14,4,18,43,110,32,9,194,8,0,8,202
11/20/2003,FAI,AK,AAL,WE,Towers with Radar,47,105,17,5,174,0,7,34,6,47,47,112,51,11,221,96,0,96,317
11/21/2003,FAI,AK,AAL,WE,Towers with Radar,34,75,13,0,122,0,35,2,0,37,34,110,15,0,159,4,0,4,163
11/22/2003,FAI,AK,AAL,WE,Towers with Radar,30,53,9,0,92,12,13,14,0,39,42,66,23,0,131,34,0,34,165
11/23/2003,FAI,AK,AAL,WE,Towers with Radar,28,48,8,2,86,8,20,28,5,61,36,68,36,7,147,124,0,124,271
11/24/2003,FAI,AK,AAL,WE,Towers with Radar,45,89,12,2,148,0,17,0,0,17,45,106,12,2,165,0,0,0,165
11/25/2003,FAI,AK,AAL,WE,Towers with Radar,44,125,21,0,190,0,8,27,0,35,44,133,48,0,225,18,0,18,243
11/26/2003,FAI,AK,AAL,WE,Towers with Radar,36,62,10,3,111,6,89,33,8,136,42,151,43,11,247,31,0,31,278
11/27/2003,FAI,AK,AAL,WE,Towers with Radar,13,22,3,0,38,10,2,1,0,13,23,24,4,0,51,1,0,1,52
11/28/2003,FAI,AK,AAL,WE,Towers with Radar,33,62,10,0,105,0,24,7,0,31,33,86,17,0,136,14,0,14,150
11/29/2003,FAI,AK,AAL,WE,Towers with Radar,33,58,10,0,101,14,15,2,0,31,47,73,12,0,132,10,0,10,142
11/30/2003,FAI,AK,AAL,WE,Towers with Radar,20,34,6,0,60,14,31,94,0,139,34,65,100,0,199,52,0,52,251
12/01/2003,FAI,AK,AAL,WE,Towers with Radar,39,89,15,7,150,0,24,25,7,56,39,113,40,14,206,21,0,21,227
12/02/2003,FAI,AK,AAL,WE,Towers with Radar,33,49,8,2,92,12,29,2,0,43,45,78,10,2,135,4,0,4,139
12/03/2003,FAI,AK,AAL,WE,Towers with Radar,47,92,16,7,162,0,68,20,23,111,47,160,36,30,273,62,0,62,335
12/04/2003,FAI,AK,AAL,WE,Towers with Radar,46,109,20,8,183,0,63,49,10,122,46,172,69,18,305,49,0,49,354
12/05/2003,FAI,AK,AAL,WE,Towers with Radar,40,71,13,6,130,0,104,47,2,153,40,175,60,8,283,27,0,27,310
12/06/2003,FAI,AK,AAL,WE,Towers with Radar,24,36,6,1,67,10,51,25,0,86,34,87,31,1,153,32,0,32,185
12/07/2003,FAI,AK,AAL,WE,Towers with Radar,27,40,8,0,75,20,29,39,0,88,47,69,47,0,163,16,0,16,179
12/08/2003,FAI,AK,AAL,WE,Towers with Radar,30,44,8,4,86,7,99,18,2,126,37,143,26,6,212,36,0,36,248
12/09/2003,FAI,AK,AAL,WE,Towers with Radar,51,75,14,7,147,10,66,53,22,151,61,141,67,29,298,66,16,82,380
12/10/2003,FAI,AK,AAL,WE,Towers with Radar,37,71,14,6,128,0,50,53,25,128,37,121,67,31,256,106,0,106,362
12/11/2003,FAI,AK,AAL,WE,Towers with Radar,44,65,13,0,122,2,99,26,0,127,46,164,39,0,249,46,0,46,295
12/12/2003,FAI,AK,AAL,WE,Towers with Radar,38,57,10,0,105,12,101,45,0,158,50,158,55,0,263,94,0,94,357
12/13/2003,FAI,AK,AAL,WE,Towers with Radar,38,55,10,0,103,0,46,20,0,66,38,101,30,0,169,80,0,80,249
12/14/2003,FAI,AK,AAL,WE,Towers with Radar,21,30,6,0,57,10,45,18,0,73,31,75,24,0,130,68,0,68,198
12/15/2003,FAI,AK,AAL,WE,Towers with Radar,43,71,13,5,132,0,77,39,1,117,43,148,52,6,249,40,0,40,289
12/16/2003,FAI,AK,AAL,WE,Towers with Radar,53,76,14,5,148,14,89,28,1,132,67,165,42,6,280,18,0,18,298
12/17/2003,FAI,AK,AAL,WE,Towers with Radar,49,71,13,5,138,0,98,26,4,128,49,169,39,9,266,38,0,38,304
12/18/2003,FAI,AK,AAL,WE,Towers with Radar,48,82,16,1,147,0,63,24,0,87,48,145,40,1,234,32,0,32,266
12/19/2003,FAI,AK,AAL,WE,Towers with Radar,35,57,11,4,107,0,96,47,3,146,35,153,58,7,253,14,0,14,267
12/20/2003,FAI,AK,AAL,WE,Towers with Radar,25,35,7,2,69,11,25,72,0,108,36,60,79,2,177,50,0,50,227
12/21/2003,FAI,AK,AAL,WE,Towers with Radar,29,41,8,0,78,7,55,21,0,83,36,96,29,0,161,24,0,24,185
12/22/2003,FAI,AK,AAL,WE,Towers with Radar,39,63,12,4,118,0,29,10,3,42,39,92,22,7,160,32,0,32,192
12/23/2003,FAI,AK,AAL,WE,Towers with Radar,50,77,15,4,146,0,92,18,0,110,50,169,33,4,256,48,0,48,304
12/24/2003,FAI,AK,AAL,WE,Towers with Radar,33,64,13,0,110,0,73,30,0,103,33,137,43,0,213,0,0,0,213
12/25/2003,FAI,AK,AAL,WE,Towers with Radar,9,1,3,0,13,18,0,3,0,21,27,1,6,0,34,0,0,0,34
12/26/2003,FAI,AK,AAL,WE,Towers with Radar,20,28,5,0,53,12,83,16,0,111,32,111,21,0,164,98,0,98,262
12/27/2003,FAI,AK,AAL,WE,Towers with Radar,22,31,6,0,59,13,52,32,0,97,35,83,38,0,156,42,0,42,198
12/28/2003,FAI,AK,AAL,WE,Towers with Radar,21,29,5,0,55,12,36,9,0,57,33,65,14,0,112,16,0,16,128
12/29/2003,FAI,AK,AAL,WE,Towers with Radar,34,83,16,5,138,0,60,39,5,104,34,143,55,10,242,4,5,9,251
12/30/2003,FAI,AK,AAL,WE,Towers with Radar,40,63,12,0,115,0,23,17,0,40,40,86,29,0,155,0,0,0,155
12/31/2003,FAI,AK,AAL,WE,Towers with Radar,33,46,8,0,87,0,112,63,0,175,33,158,71,0,262,48,0,48,310
01/01/2004,FAI,AK,AAL,WE,Towers with Radar,9,5,1,0,15,16,0,14,0,30,25,5,15,0,45,4,0,4,49
01/02/2004,FAI,AK,AAL,WE,Towers with Radar,32,55,8,0,95,0,44,6,0,50,32,99,14,0,145,0,0,0,145
01/03/2004,FAI,AK,AAL,WE,Towers with Radar,32,46,8,3,89,1,30,1,1,33,33,76,9,4,122,2,0,2,124
01/04/2004,FAI,AK,AAL,WE,Towers with Radar,25,36,6,0,67,1,14,24,0,39,26,50,30,0,106,14,0,14,120
01/05/2004,FAI,AK,AAL,WE,Towers with Radar,42,68,11,3,124,0,68,14,0,82,42,136,25,3,206,44,0,44,250
01/06/2004,FAI,AK,AAL,WE,Towers with Radar,36,71,10,5,122,0,50,3,4,57,36,121,13,9,179,24,0,24,203
01/07/2004,FAI,AK,AAL,WE,Towers with Radar,38,63,10,2,113,0,58,11,0,69,38,121,21,2,182,4,0,4,186
01/08/2004,FAI,AK,AAL,WE,Towers with Radar,40,75,9,5,129,0,35,0,11,46,40,110,9,16,175,6,0,6,181
01/09/2004,FAI,AK,AAL,WE,Towers with Radar,39,57,8,4,108,0,54,20,8,82,39,111,28,12,190,38,0,38,228
01/10/2004,FAI,AK,AAL,WE,Towers with Radar,28,39,5,0,72,8,40,23,0,71,36,79,28,0,143,71,0,71,214
01/11/2004,FAI,AK,AAL,WE,Towers with Radar,25,32,5,0,62,10,15,23,0,48,35,47,28,0,110,60,0,60,170
01/12/2004,FAI,AK,AAL,WE,Towers with Radar,35,67,9,4,115,0,36,9,2,47,35,103,18,6,162,1,3,4,166
01/13/2004,FAI,AK,AAL,WE,Towers with Radar,43,62,9,0,114,0,60,14,0,74,43,122,23,0,188,14,0,14,202
01/14/2004,FAI,AK,AAL,WE,Towers with Radar,44,80,11,0,135,0,45,17,0,62,44,125,28,0,197,30,0,30,227
01/15/2004,FAI,AK,AAL,WE,Towers with Radar,38,51,8,3,100,3,101,16,1,121,41,152,24,4,221,8,0,8,229
01/16/2004,FAI,AK,AAL,WE,Towers with Radar,22,29,4,0,55,21,96,11,0,128,43,125,15,0,183,22,0,22,205
01/17/2004,FAI,AK,AAL,WE,Towers with Radar,25,33,5,0,63,7,23,5,0,35,32,56,10,0,98,0,0,0,98
01/18/2004,FAI,AK,AAL,WE,Towers with Radar,13,8,3,0,24,19,0,0,0,19,32,8,3,0,43,0,0,0,43
01/19/2004,FAI,AK,AAL,WE,Towers with Radar,0,0,0,0,0,0,0,0,0,0,0,0,0,0,0,0,0,0,0
01/20/2004,FAI,AK,AAL,WE,Towers with Radar,45,90,14,6,155,0,54,7,16,77,45,144,21,22,232,40,2,42,274
01/21/2004,FAI,AK,AAL,WE,Towers with Radar,40,65,9,3,117,0,82,46,12,140,40,147,55,15,257,32,2,34,291
01/22/2004,FAI,AK,AAL,WE,Towers with Radar,37,66,9,2,114,0,43,2,0,45,37,109,11,2,159,0,0,0,159
01/23/2004,FAI,AK,AAL,WE,Towers with Radar,38,56,8,3,105,0,84,32,3,119,38,140,40,6,224,8,0,8,232
01/24/2004,FAI,AK,AAL,WE,Towers with Radar,20,27,3,0,50,13,7,26,0,46,33,34,29,0,96,24,0,24,120
01/25/2004,FAI,AK,AAL,WE,Towers with Radar,14,18,2,0,34,15,31,25,0,71,29,49,27,0,105,12,0,12,117
01/26/2004,FAI,AK,AAL,WE,Towers with Radar,32,52,7,2,93,0,74,10,10,94,32,126,17,12,187,30,0,30,217
01/27/2004,FAI,AK,AAL,WE,Towers with Radar,42,63,10,3,118,0,58,10,14,82,42,121,20,17,200,0,4,4,204
01/28/2004,FAI,AK,AAL,WE,Towers with Radar,38,55,7,1,101,0,90,36,0,126,38,145,43,1,227,16,0,16,243
01/29/2004,FAI,AK,AAL,WE,Towers with Radar,31,42,6,2,81,8,81,22,4,115,39,123,28,6,196,2,0,2,198
01/30/2004,FAI,AK,AAL,WE,Towers with Radar,29,39,5,2,75,5,97,28,0,130,34,136,33,2,205,7,0,7,212
01/31/2004,FAI,AK,AAL,WE,Towers with Radar,23,30,5,0,58,12,55,15,0,82,35,85,20,0,140,8,0,8,148
02/01/2004,FAI,AK,AAL,WE,Towers with Radar,24,34,6,2,66,9,13,18,5,45,33,47,24,7,111,36,0,36,147
02/02/2004,FAI,AK,AAL,WE,Towers with Radar,37,66,10,0,113,0,53,32,0,85,37,119,42,0,198,34,0,34,232
02/03/2004,FAI,AK,AAL,WE,Towers with Radar,35,63,9,4,111,0,61,55,3,119,35,124,64,7,230,40,2,42,272
02/04/2004,FAI,AK,AAL,WE,Towers with Radar,39,57,8,4,108,0,76,36,4,116,39,133,44,8,224,18,0,18,242
02/05/2004,FAI,AK,AAL,WE,Towers with Radar,38,77,10,5,130,0,36,26,2,64,38,113,36,7,194,40,0,40,234
02/06/2004,FAI,AK,AAL,WE,Towers with Radar,40,64,8,2,114,0,50,14,0,64,40,114,22,2,178,6,0,6,184
02/07/2004,FAI,AK,AAL,WE,Towers with Radar,27,39,4,3,73,9,46,35,3,93,36,85,39,6,166,44,0,44,210
02/08/2004,FAI,AK,AAL,WE,Towers with Radar,26,37,4,2,69,8,17,23,0,48,34,54,27,2,117,132,0,132,249
02/09/2004,FAI,AK,AAL,WE,Towers with Radar,34,71,11,4,120,0,60,41,20,121,34,131,52,24,241,72,6,78,319
02/10/2004,FAI,AK,AAL,WE,Towers with Radar,37,77,11,4,129,0,87,11,0,98,37,164,22,4,227,36,0,36,263
02/11/2004,FAI,AK,AAL,WE,Towers with Radar,32,80,12,5,129,0,51,19,11,81,32,131,31,16,210,44,0,44,254
02/12/2004,FAI,AK,AAL,WE,Towers with Radar,46,79,12,5,142,0,51,64,14,129,46,130,76,19,271,70,0,70,341
02/13/2004,FAI,AK,AAL,WE,Towers with Radar,24,34,5,2,65,12,104,46,1,163,36,138,51,3,228,130,1,131,359
02/14/2004,FAI,AK,AAL,WE,Towers with Radar,29,41,6,0,76,7,41,33,0,81,36,82,39,0,157,22,0,22,179
02/15/2004,FAI,AK,AAL,WE,Towers with Radar,28,40,5,0,73,10,28,32,0,70,38,68,37,0,143,52,0,52,195
02/16/2004,FAI,AK,AAL,WE,Towers with Radar,28,38,6,2,74,8,68,53,4,133,36,106,59,6,207,52,0,52,259
02/17/2004,FAI,AK,AAL,WE,Towers with Radar,43,75,10,2,130,0,59,35,0,94,43,134,45,2,224,68,0,68,292
02/18/2004,FAI,AK,AAL,WE,Towers with Radar,42,58,9,1,110,0,73,35,0,108,42,131,44,1,218,74,0,74,292
02/19/2004,FAI,AK,AAL,WE,Towers with Radar,36,49,8,2,95,8,95,47,0,150,44,144,55,2,245,60,0,60,305
02/20/2004,FAI,AK,AAL,WE,Towers with Radar,27,36,5,1,69,9,106,65,4,184,36,142,70,5,253,56,0,56,309
02/21/2004,FAI,AK,AAL,WE,Towers with Radar,23,31,5,1,60,12,52,100,1,165,35,83,105,2,225,196,0,196,421
02/22/2004,FAI,AK,AAL,WE,Towers with Radar,22,29,5,1,57,9,30,67,1,107,31,59,72,2,164,118,0,118,282
02/23/2004,FAI,AK,AAL,WE,Towers with Radar,32,43,7,2,84,2,80,45,16,143,34,123,52,18,227,101,0,101,328
02/24/2004,FAI,AK,AAL,WE,Towers with Radar,31,42,6,2,81,9,97,49,1,156,40,139,55,3,237,80,0,80,317
02/25/2004,FAI,AK,AAL,WE,Towers with Radar,51,72,10,0,133,0,64,39,0,103,51,136,49,0,236,46,0,46,282
02/26/2004,FAI,AK,AAL,WE,Towers with Radar,37,50,8,2,97,7,75,47,1,130,44,125,55,3,227,85,0,85,312
02/27/2004,FAI,AK,AAL,WE,Towers with Radar,34,53,8,3,98,0,79,55,0,134,34,132,63,3,232,92,0,92,324
02/28/2004,FAI,AK,AAL,WE,Towers with Radar,25,33,5,0,63,6,36,65,0,107,31,69,70,0,170,108,0,108,278
02/29/2004,FAI,AK,AAL,WE,Towers with Radar,22,30,4,0,56,12,42,56,0,110,34,72,60,0,166,126,0,126,292
03/01/2004,FAI,AK,AAL,WE,Towers with Radar,28,33,8,2,71,10,91,80,2,183,38,124,88,4,254,138,0,138,392
03/02/2004,FAI,AK,AAL,WE,Towers with Radar,43,66,15,3,127,0,28,17,14,59,43,94,32,17,186,42,2,44,230
03/03/2004,FAI,AK,AAL,WE,Towers with Radar,42,55,12,4,113,0,72,55,6,133,42,127,67,10,246,72,0,72,318
03/04/2004,FAI,AK,AAL,WE,Towers with Radar,47,69,15,3,134,0,64,29,0,93,47,133,44,3,227,22,0,22,249
03/05/2004,FAI,AK,AAL,WE,Towers with Radar,39,59,14,0,112,0,84,107,0,191,39,143,121,0,303,78,0,78,381
03/06/2004,FAI,AK,AAL,WE,Towers with Radar,20,26,5,1,52,13,59,53,0,125,33,85,58,1,177,78,0,78,255
03/07/2004,FAI,AK,AAL,WE,Towers with Radar,20,26,6,0,52,18,34,43,0,95,38,60,49,0,147,21,0,21,168
03/08/2004,FAI,AK,AAL,WE,Towers with Radar,35,52,12,0,99,0,39,11,0,50,35,91,23,0,149,18,0,18,167
03/09/2004,FAI,AK,AAL,WE,Towers with Radar,30,37,8,1,76,14,95,41,1,151,44,132,49,2,227,47,0,47,274
03/10/2004,FAI,AK,AAL,WE,Towers with Radar,38,61,14,3,116,0,81,57,1,139,38,142,71,4,255,147,0,147,402
03/11/2004,FAI,AK,AAL,WE,Towers with Radar,49,66,16,2,133,0,71,102,2,175,49,137,118,4,308,88,0,88,396
03/12/2004,FAI,AK,AAL,WE,Towers with Radar,41,55,13,1,110,0,49,60,0,109,41,104,73,1,219,98,0,98,317
03/13/2004,FAI,AK,AAL,WE,Towers with Radar,25,31,8,1,65,5,52,97,3,157,30,83,105,4,222,192,0,192,414
03/14/2004,FAI,AK,AAL,WE,Towers with Radar,19,24,6,0,49,8,41,84,0,133,27,65,90,0,182,118,0,118,300
03/15/2004,FAI,AK,AAL,WE,Towers with Radar,39,48,12,0,99,5,97,49,0,151,44,145,61,0,250,76,0,76,326
03/16/2004,FAI,AK,AAL,WE,Towers with Radar,50,78,19,3,150,0,53,14,1,68,50,131,33,4,218,66,0,66,284
03/17/2004,FAI,AK,AAL,WE,Towers with Radar,54,87,22,2,165,0,31,6,0,37,54,118,28,2,202,4,0,4,206
03/18/2004,FAI,AK,AAL,WE,Towers with Radar,62,86,22,4,174,0,43,9,1,53,62,129,31,5,227,12,0,12,239
03/19/2004,FAI,AK,AAL,WE,Towers with Radar,31,36,9,0,76,18,101,59,0,178,49,137,68,0,254,48,0,48,302
03/20/2004,FAI,AK,AAL,WE,Towers with Radar,17,19,5,0,41,11,56,42,0,109,28,75,47,0,150,106,0,106,256
03/21/2004,FAI,AK,AAL,WE,Towers with Radar,30,34,8,1,73,10,84,140,3,237,40,118,148,4,310,188,0,188,498
03/22/2004,FAI,AK,AAL,WE,Towers with Radar,44,51,13,2,110,10,103,64,22,199,54,154,77,24,309,196,0,196,505
03/23/2004,FAI,AK,AAL,WE,Towers with Radar,57,67,16,2,142,17,50,47,11,125,74,117,63,13,267,82,0,82,349
03/24/2004,FAI,AK,AAL,WE,Towers with Radar,65,77,19,3,164,1,64,13,1,79,66,141,32,4,243,0,0,0,243
03/25/2004,FAI,AK,AAL,WE,Towers with Radar,35,41,11,0,87,9,110,43,0,162,44,151,54,0,249,58,0,58,307
03/26/2004,FAI,AK,AAL,WE,Towers with Radar,32,37,10,1,80,14,133,42,4,193,46,170,52,5,273,114,0,114,387
03/27/2004,FAI,AK,AAL,WE,Towers with Radar,25,28,8,0,61,14,68,11,0,93,39,96,19,0,154,96,0,96,250
03/28/2004,FAI,AK,AAL,WE,Towers with Radar,28,33,8,0,69,5,33,49,0,87,33,66,57,0,156,116,0,116,272
03/29/2004,FAI,AK,AAL,WE,Towers with Radar,35,68,17,2,122,0,59,10,16,85,35,127,27,18,207,62,0,62,269
03/30/2004,FAI,AK,AAL,WE,Towers with Radar,43,69,17,2,131,0,49,23,4,76,43,118,40,6,207,6,0,6,213
03/31/2004,FAI,AK,AAL,WE,Towers with Radar,37,50,13,2,102,0,95,33,12,140,37,145,46,14,242,116,0,116,358
04/01/2004,FAI,AK,AAL,WE,Towers with Radar,43,49,11,0,103,5,81,69,0,155,48,130,80,0,258,78,0,78,336
04/02/2004,FAI,AK,AAL,WE,Towers with Radar,36,54,11,6,107,0,98,40,2,140,36,152,51,8,247,97,0,97,344
04/03/2004,FAI,AK,AAL,WE,Towers with Radar,23,27,5,3,58,13,55,88,0,156,36,82,93,3,214,188,0,188,402
04/04/2004,FAI,AK,AAL,WE,Towers with Radar,22,27,5,2,56,10,22,103,4,139,32,49,108,6,195,188,0,188,383
04/05/2004,FAI,AK,AAL,WE,Towers with Radar,35,45,9,1,90,0,92,99,0,191,35,137,108,1,281,18,0,18,299
04/06/2004,FAI,AK,AAL,WE,Towers with Radar,37,43,9,3,92,8,86,87,0,181,45,129,96,3,273,34,0,34,307
04/07/2004,FAI,AK,AAL,WE,Towers with Radar,43,50,10,4,107,1,83,62,6,152,44,133,72,10,259,88,0,88,347
04/08/2004,FAI,AK,AAL,WE,Towers with Radar,36,42,8,3,89,11,89,72,1,173,47,131,80,4,262,128,0,128,390
04/09/2004,FAI,AK,AAL,WE,Towers with Radar,33,39,9,3,84,15,112,81,2,210,48,151,90,5,294,184,0,184,478
04/10/2004,FAI,AK,AAL,WE,Towers with Radar,20,24,6,1,51,12,88,101,2,203,32,112,107,3,254,192,0,192,446
04/11/2004,FAI,AK,AAL,WE,Towers with Radar,17,20,5,0,42,16,15,101,0,132,33,35,106,0,174,76,0,76,250
04/12/2004,FAI,AK,AAL,WE,Towers with Radar,32,38,8,2,80,4,93,34,2,133,36,131,42,4,213,32,0,32,245
04/13/2004,FAI,AK,AAL,WE,Towers with Radar,43,50,12,4,109,4,87,37,12,140,47,137,49,16,249,108,0,108,357
04/14/2004,FAI,AK,AAL,WE,Towers with Radar,39,53,12,3,107,0,94,78,7,179,39,147,90,10,286,144,2,146,432
04/15/2004,FAI,AK,AAL,WE,Towers with Radar,42,55,13,1,111,0,83,72,0,155,42,138,85,1,266,198,0,198,464
04/16/2004,FAI,AK,AAL,WE,Towers with Radar,36,42,9,3,90,0,84,67,1,152,36,126,76,4,242,226,0,226,468
04/17/2004,FAI,AK,AAL,WE,Towers with Radar,31,35,8,0,74,1,53,87,0,141,32,88,95,0,215,170,0,170,385
04/18/2004,FAI,AK,AAL,WE,Towers with Radar,22,25,6,2,55,17,19,61,3,100,39,44,67,5,155,146,0,146,301
04/19/2004,FAI,AK,AAL,WE,Towers with Radar,37,49,11,4,101,0,97,61,5,163,37,146,72,9,264,180,0,180,444
04/20/2004,FAI,AK,AAL,WE,Towers with Radar,50,66,15,4,135,0,59,58,11,128,50,125,73,15,263,72,0,72,335
04/21/2004,FAI,AK,AAL,WE,Towers with Radar,49,55,12,0,116,5,79,68,0,152,54,134,80,0,268,150,0,150,418
04/22/2004,FAI,AK,AAL,WE,Towers with Radar,41,46,10,3,100,8,83,47,2,140,49,129,57,5,240,122,0,122,362
04/23/2004,FAI,AK,AAL,WE,Towers with Radar,40,44,10,2,96,0,123,81,0,204,40,167,91,2,300,238,0,238,538
04/24/2004,FAI,AK,AAL,WE,Towers with Radar,23,25,6,2,56,13,51,139,4,207,36,76,145,6,263,196,0,196,459
04/25/2004,FAI,AK,AAL,WE,Towers with Radar,19,21,5,1,46,13,46,93,5,157,32,67,98,6,203,198,0,198,401
04/26/2004,FAI,AK,AAL,WE,Towers with Radar,36,48,11,3,98,0,126,82,0,208,36,174,93,3,306,162,0,162,468
04/27/2004,FAI,AK,AAL,WE,Towers with Radar,43,90,21,6,160,0,92,30,8,130,43,182,51,14,290,112,0,112,402
04/28/2004,FAI,AK,AAL,WE,Towers with Radar,37,89,20,7,153,0,105,72,23,200,37,194,92,30,353,182,0,182,535
04/29/2004,FAI,AK,AAL,WE,Towers with Radar,9,62,14,4,89,0,89,72,3,164,9,151,86,7,253,203,0,203,456
04/30/2004,FAI,AK,AAL,WE,Towers with Radar,40,53,12,0,105,0,105,103,0,208,40,158,115,0,313,228,0,228,541
05/01/2004,FAI,AK,AAL,WE,Towers with Radar,22,29,5,3,59,12,64,75,0,151,34,93,80,3,210,178,0,178,388
05/02/2004,FAI,AK,AAL,WE,Towers with Radar,19,26,4,0,49,12,25,47,0,84,31,51,51,0,133,72,0,72,205
05/03/2004,FAI,AK,AAL,WE,Towers with Radar,38,52,11,5,106,0,44,128,7,179,38,96,139,12,285,182,0,182,467
05/04/2004,FAI,AK,AAL,WE,Towers with Radar,41,63,14,6,124,0,109,94,14,217,41,172,108,20,341,184,4,188,529
05/05/2004,FAI,AK,AAL,WE,Towers with Radar,44,67,14,6,131,0,90,65,33,188,44,157,79,39,319,76,4,80,399
05/06/2004,FAI,AK,AAL,WE,Towers with Radar,41,75,17,4,137,0,20,16,0,36,41,95,33,4,173,30,0,30,203
05/07/2004,FAI,AK,AAL,WE,Towers with Radar,48,71,16,6,141,0,62,57,6,125,48,133,73,12,266,140,0,140,406
05/08/2004,FAI,AK,AAL,WE,Towers with Radar,31,41,9,4,85,16,64,92,2,174,47,105,101,6,259,186,0,186,445
05/09/2004,FAI,AK,AAL,WE,Towers with Radar,22,30,7,0,59,7,36,35,0,78,29,66,42,0,137,197,0,197,334
05/10/2004,FAI,AK,AAL,WE,Towers with Radar,42,66,14,4,126,0,86,64,0,150,42,152,78,4,276,104,0,104,380
05/11/2004,FAI,AK,AAL,WE,Towers with Radar,44,82,18,7,151,0,68,66,0,134,44,150,84,7,285,259,0,259,544
05/12/2004,FAI,AK,AAL,WE,Towers with Radar,42,63,14,6,125,0,98,102,4,204,42,161,116,10,329,254,0,254,583
05/13/2004,FAI,AK,AAL,WE,Towers with Radar,40,52,11,4,107,8,102,136,3,249,48,154,147,7,356,304,0,304,660
05/14/2004,FAI,AK,AAL,WE,Towers with Radar,39,51,11,4,105,8,99,147,7,261,47,150,158,11,366,244,0,244,610
05/15/2004,FAI,AK,AAL,WE,Towers with Radar,25,33,7,1,66,20,69,154,0,243,45,102,161,1,309,244,0,244,553
05/16/2004,FAI,AK,AAL,WE,Towers with Radar,18,22,4,1,45,17,32,89,1,139,35,54,93,2,184,80,0,80,264
05/17/2004,FAI,AK,AAL,WE,Towers with Radar,45,57,13,4,119,0,88,116,1,205,45,145,129,5,324,147,0,147,471
05/18/2004,FAI,AK,AAL,WE,Towers with Radar,0,0,17,0,17,0,0,87,0,87,0,0,104,0,104,206,0,206,310
05/19/2004,FAI,AK,AAL,WE,Towers with Radar,50,67,14,2,133,0,88,90,0,178,50,155,104,2,311,178,0,178,489
05/20/2004,FAI,AK,AAL,WE,Towers with Radar,46,60,13,1,120,0,92,123,0,215,46,152,136,1,335,208,0,208,543
05/21/2004,FAI,AK,AAL,WE,Towers with Radar,46,62,14,0,122,0,104,139,0,243,46,166,153,0,365,332,0,332,697
05/22/2004,FAI,AK,AAL,WE,Towers with Radar,42,56,12,0,110,0,36,60,0,96,42,92,72,0,206,188,0,188,394
05/23/2004,FAI,AK,AAL,WE,Towers with Radar,22,27,6,2,57,7,46,124,2,179,29,73,130,4,236,379,0,379,615
05/24/2004,FAI,AK,AAL,WE,Towers with Radar,4,76,16,6,102,0,66,75,2,143,4,142,91,8,245,134,0,134,379
05/25/2004,FAI,AK,AAL,WE,Towers with Radar,45,81,17,6,149,0,80,83,1,164,45,161,100,7,313,213,0,213,526
05/26/2004,FAI,AK,AAL,WE,Towers with Radar,47,79,17,6,149,0,94,73,9,176,47,173,90,15,325,204,0,204,529
05/27/2004,FAI,AK,AAL,WE,Towers with Radar,53,88,19,7,167,0,70,104,5,179,53,158,123,12,346,186,0,186,532
05/28/2004,FAI,AK,AAL,WE,Towers with Radar,38,48,11,3,100,7,128,114,5,254,45,176,125,8,354,146,0,146,500
05/29/2004,FAI,AK,AAL,WE,Towers with Radar,22,27,6,0,55,23,76,163,0,262,45,103,169,0,317,188,0,188,505
05/30/2004,FAI,AK,AAL,WE,Towers with Radar,16,20,4,0,40,17,47,64,0,128,33,67,68,0,168,190,0,190,358
05/31/2004,FAI,AK,AAL,WE,Towers with Radar,24,30,7,0,61,17,15,50,0,82,41,45,57,0,143,210,0,210,353
06/01/2004,FAI,AK,AAL,WE,Towers with Radar,42,58,17,5,122,0,120,78,10,208,42,178,95,15,330,162,0,162,492
06/02/2004,FAI,AK,AAL,WE,Towers with Radar,48,50,15,3,116,0,120,96,0,216,48,170,111,3,332,158,0,158,490
06/03/2004,FAI,AK,AAL,WE,Towers with Radar,54,58,18,0,130,0,106,93,0,199,54,164,111,0,329,188,0,188,517
06/04/2004,FAI,AK,AAL,WE,Towers with Radar,56,58,18,1,133,0,135,188,0,323,56,193,206,1,456,278,0,278,734
06/05/2004,FAI,AK,AAL,WE,Towers with Radar,25,25,7,0,57,22,104,184,0,310,47,129,191,0,367,234,0,234,601
06/06/2004,FAI,AK,AAL,WE,Towers with Radar,24,24,7,2,57,23,42,169,0,234,47,66,176,2,291,174,0,174,465
06/07/2004,FAI,AK,AAL,WE,Towers with Radar,55,56,16,5,132,0,96,72,18,186,55,152,88,23,318,114,0,114,432
06/08/2004,FAI,AK,AAL,WE,Towers with Radar,23,83,25,4,135,0,84,68,0,152,23,167,93,4,287,192,0,192,479
06/09/2004,FAI,AK,AAL,WE,Towers with Radar,58,77,25,0,160,0,102,116,0,218,58,179,141,0,378,212,0,212,590
06/10/2004,FAI,AK,AAL,WE,Towers with Radar,56,65,20,6,147,0,120,115,10,245,56,185,135,16,392,218,0,218,610
06/11/2004,FAI,AK,AAL,WE,Towers with Radar,50,54,16,1,121,0,94,126,0,220,50,148,142,1,341,226,0,226,567
06/12/2004,FAI,AK,AAL,WE,Towers with Radar,44,44,14,2,104,16,44,156,0,216,60,88,170,2,320,224,0,224,544
06/13/2004,FAI,AK,AAL,WE,Towers with Radar,32,32,10,0,74,15,66,163,0,244,47,98,173,0,318,270,0,270,588
06/14/2004,FAI,AK,AAL,WE,Towers with Radar,75,74,24,5,178,0,91,157,9,257,75,165,181,14,435,188,0,188,623
06/15/2004,FAI,AK,AAL,WE,Towers with Radar,56,55,17,2,130,4,127,126,0,257,60,182,143,2,387,186,0,186,573
06/16/2004,FAI,AK,AAL,WE,Towers with Radar,62,60,19,4,145,0,128,121,1,250,62,188,140,5,395,204,0,204,599
06/17/2004,FAI,AK,AAL,WE,Towers with Radar,54,62,20,4,140,0,118,142,0,260,54,180,162,4,400,192,0,192,592
06/18/2004,FAI,AK,AAL,WE,Towers with Radar,46,44,15,0,105,10,154,312,0,476,56,198,327,0,581,336,0,336,917
06/19/2004,FAI,AK,AAL,WE,Towers with Radar,31,29,9,1,70,19,95,121,0,235,50,124,130,1,305,156,0,156,461
06/20/2004,FAI,AK,AAL,WE,Towers with Radar,28,26,8,2,64,23,68,156,5,252,51,94,164,7,316,202,0,202,518
06/21/2004,FAI,AK,AAL,WE,Towers with Radar,37,35,12,2,86,18,158,100,11,287,55,193,112,13,373,194,0,194,567
06/22/2004,FAI,AK,AAL,WE,Towers with Radar,46,43,14,0,103,12,128,118,0,258,58,171,132,0,361,246,0,246,607
06/23/2004,FAI,AK,AAL,WE,Towers with Radar,56,53,17,4,130,12,121,151,4,288,68,174,168,8,418,180,0,180,598
06/24/2004,FAI,AK,AAL,WE,Towers with Radar,52,49,16,3,120,16,125,152,5,298,68,174,168,8,418,180,0,180,598
06/25/2004,FAI,AK,AAL,WE,Towers with Radar,58,56,18,4,136,6,158,187,8,359,64,214,205,12,495,157,0,157,652
06/26/2004,FAI,AK,AAL,WE,Towers with Radar,56,54,17,4,131,8,160,188,8,364,64,214,205,12,495,157,0,157,652
06/27/2004,FAI,AK,AAL,WE,Towers with Radar,43,51,17,0,111,0,25,106,0,131,43,76,123,0,242,26,0,26,268
06/28/2004,FAI,AK,AAL,WE,Towers with Radar,49,69,22,0,140,0,57,1,0,58,49,126,23,0,198,0,0,0,198
06/29/2004,FAI,AK,AAL,WE,Towers with Radar,60,68,22,2,152,0,27,2,0,29,60,95,24,2,181,0,0,0,181
06/30/2004,FAI,AK,AAL,WE,Towers with Radar,50,64,21,2,137,0,53,2,0,55,50,117,23,2,192,0,0,0,192
07/01/2004,FAI,AK,AAL,WE,Towers with Radar,46,69,18,0,133,13,59,0,0,72,59,128,18,0,205,0,0,0,205
07/02/2004,FAI,AK,AAL,WE,Towers with Radar,47,71,20,0,138,9,53,18,0,80,56,124,38,0,218,0,0,0,218
07/03/2004,FAI,AK,AAL,WE,Towers with Radar,47,70,20,2,139,5,34,16,0,55,52,104,36,2,194,0,0,0,194
07/04/2004,FAI,AK,AAL,WE,Towers with Radar,26,40,11,0,77,20,27,87,0,134,46,67,98,0,211,90,0,90,301
07/05/2004,FAI,AK,AAL,WE,Towers with Radar,36,54,15,2,107,15,85,81,0,181,51,139,96,2,288,176,0,176,464
07/06/2004,FAI,AK,AAL,WE,Towers with Radar,46,69,19,5,139,7,110,68,7,192,53,179,87,12,331,61,0,61,392
07/07/2004,FAI,AK,AAL,WE,Towers with Radar,58,87,25,6,176,0,115,109,14,238,58,202,134,20,414,153,0,153,567
07/08/2004,FAI,AK,AAL,WE,Towers with Radar,54,89,25,6,174,0,109,93,24,226,54,198,118,30,400,124,0,124,524
07/09/2004,FAI,AK,AAL,WE,Towers with Radar,59,102,29,7,197,0,110,133,14,257,59,212,162,21,454,101,0,101,555
07/10/2004,FAI,AK,AAL,WE,Towers with Radar,31,47,13,0,91,18,71,130,0,219,49,118,143,0,310,184,0,184,494
07/11/2004,FAI,AK,AAL,WE,Towers with Radar,27,42,11,2,82,14,62,166,0,242,41,104,177,2,324,224,0,224,548
07/12/2004,FAI,AK,AAL,WE,Towers with Radar,52,78,22,5,157,3,78,97,2,180,55,156,119,7,337,143,0,143,480
07/13/2004,FAI,AK,AAL,WE,Towers with Radar,54,82,23,4,163,8,88,117,0,213,62,170,140,4,376,165,0,165,541
07/14/2004,FAI,AK,AAL,WE,Towers with Radar,59,117,34,7,217,0,13,73,2,88,59,130,107,9,305,98,0,98,403
07/15/2004,FAI,AK,AAL,WE,Towers with Radar,48,72,21,4,145,22,37,114,4,177,70,109,135,8,322,194,0,194,516
07/16/2004,FAI,AK,AAL,WE,Towers with Radar,53,118,35,7,213,0,26,54,12,92,53,144,89,19,305,186,0,186,491
07/17/2004,FAI,AK,AAL,WE,Towers with Radar,34,51,15,3,103,19,93,74,17,203,53,144,89,20,306,186,0,186,492
07/18/2004,FAI,AK,AAL,WE,Towers with Radar,28,41,12,2,83,14,40,120,2,176,42,81,132,4,259,116,0,116,375
07/19/2004,FAI,AK,AAL,WE,Towers with Radar,51,130,38,7,226,0,42,50,5,97,51,172,88,12,323,152,0,152,475
07/20/2004,FAI,AK,AAL,WE,Towers with Radar,67,161,38,0,266,0,48,0,0,48,67,209,38,0,314,0,0,0,314
07/21/2004,FAI,AK,AAL,WE,Towers with Radar,56,129,38,7,230,0,38,69,8,115,56,167,107,15,345,166,0,166,511
07/22/2004,FAI,AK,AAL,WE,Towers with Radar,57,104,31,6,198,0,52,72,0,124,57,156,103,6,322,142,0,142,464
07/23/2004,FAI,AK,AAL,WE,Towers with Radar,53,142,42,0,237,0,13,70,0,83,53,155,112,0,320,51,0,51,371
07/24/2004,FAI,AK,AAL,WE,Towers with Radar,30,44,13,0,87,27,113,128,0,268,57,157,141,0,355,170,0,170,525
07/25/2004,FAI,AK,AAL,WE,Towers with Radar,18,26,8,0,52,27,49,166,0,242,45,75,174,0,294,152,0,152,446
07/26/2004,FAI,AK,AAL,WE,Towers with Radar,59,99,29,5,192,0,77,131,6,214,59,176,160,11,406,107,0,107,513
07/27/2004,FAI,AK,AAL,WE,Towers with Radar,60,88,26,5,179,8,95,129,38,270,68,183,155,43,449,212,0,212,661
07/28/2004,FAI,AK,AAL,WE,Towers with Radar,59,100,30,1,190,0,52,98,0,150,59,152,128,1,340,204,0,204,544
07/29/2004,FAI,AK,AAL,WE,Towers with Radar,55,80,24,4,163,8,86,140,3,237,63,166,164,7,400,176,0,176,576
07/30/2004,FAI,AK,AAL,WE,Towers with Radar,56,82,24,5,167,4,101,115,5,225,60,183,139,10,392,121,0,121,513
07/31/2004,FAI,AK,AAL,WE,Towers with Radar,35,51,15,0,101,27,53,100,0,180,62,104,115,0,281,150,0,150,431
08/01/2004,FAI,AK,AAL,WE,Towers with Radar,36,89,55,0,180,7,2,64,0,73,43,91,119,0,253,105,0,105,358
08/06/2004,FAI,AK,AAL,WE,Towers with Radar,60,197,122,15,394,0,5,48,13,66,60,202,170,28,460,252,0,252,712
08/07/2004,FAI,AK,AAL,WE,Towers with Radar,49,122,91,11,273,0,0,77,17,94,49,122,168,28,367,342,28,370,737
08/08/2004,FAI,AK,AAL,WE,Towers with Radar,48,102,83,3,236,0,0,128,0,128,48,102,211,3,364,258,0,258,622
08/09/2004,FAI,AK,AAL,WE,Towers with Radar,68,168,104,1,341,10,0,26,0,36,78,168,130,1,377,196,0,196,573
08/10/2004,FAI,AK,AAL,WE,Towers with Radar,67,176,109,10,362,0,25,5,0,30,67,201,114,10,392,54,0,54,446
08/11/2004,FAI,AK,AAL,WE,Towers with Radar,61,163,106,7,337,0,0,8,0,8,61,163,114,7,345,138,4,142,487
08/12/2004,FAI,AK,AAL,WE,Towers with Radar,54,155,96,1,306,0,33,47,0,80,54,188,143,1,386,0,0,0,386
08/13/2004,FAI,AK,AAL,WE,Towers with Radar,55,154,104,0,313,0,0,49,0,49,55,154,153,0,362,202,0,202,564
08/14/2004,FAI,AK,AAL,WE,Towers with Radar,51,124,116,0,291,0,0,70,0,70,51,124,186,0,361,226,0,226,587
08/15/2004,FAI,AK,AAL,WE,Towers with Radar,37,105,80,0,222,0,0,107,0,107,37,105,187,0,329,57,0,57,386
08/16/2004,FAI,AK,AAL,WE,Towers with Radar,60,151,58,0,269,0,0,0,0,0,60,151,58,0,269,8,0,8,277
08/17/2004,FAI,AK,AAL,WE,Towers with Radar,45,111,45,1,202,5,30,0,0,35,50,141,45,1,237,0,0,0,237
08/18/2004,FAI,AK,AAL,WE,Towers with Radar,44,105,21,4,174,10,54,0,0,64,54,159,21,4,238,0,0,0,238
08/19/2004,FAI,AK,AAL,WE,Towers with Radar,57,137,38,0,232,6,3,0,0,9,63,140,38,0,241,6,0,6,247
08/20/2004,FAI,AK,AAL,WE,Towers with Radar,42,99,55,3,199,6,47,0,0,53,48,146,55,3,252,1,0,1,253
08/21/2004,FAI,AK,AAL,WE,Towers with Radar,31,74,47,0,152,29,16,3,0,48,60,90,50,0,200,0,0,0,200
08/22/2004,FAI,AK,AAL,WE,Towers with Radar,25,60,38,2,125,16,6,8,0,30,41,66,46,2,155,6,0,6,161
08/23/2004,FAI,AK,AAL,WE,Towers with Radar,44,99,49,7,199,10,0,0,3,13,54,99,49,10,212,0,0,0,212
08/24/2004,FAI,AK,AAL,WE,Towers with Radar,56,134,84,4,278,7,7,6,0,20,63,141,90,4,298,16,0,16,314
08/25/2004,FAI,AK,AAL,WE,Towers with Radar,61,137,69,13,280,0,0,0,34,34,61,137,69,47,314,23,0,23,337
08/26/2004,FAI,AK,AAL,WE,Towers with Radar,47,113,53,0,213,12,32,0,0,44,59,145,53,0,257,0,0,0,257
08/27/2004,FAI,AK,AAL,WE,Towers with Radar,55,131,48,0,234,4,16,0,0,20,59,147,48,0,254,0,0,0,254
08/28/2004,FAI,AK,AAL,WE,Towers with Radar,32,77,46,0,155,18,4,0,0,22,50,81,46,0,177,0,0,0,177
08/29/2004,FAI,AK,AAL,WE,Towers with Radar,32,72,45,1,150,15,0,0,0,15,47,72,45,1,165,0,0,0,165
08/30/2004,FAI,AK,AAL,WE,Towers with Radar,67,120,104,0,291,3,0,39,0,42,70,120,143,0,333,146,0,146,479
08/31/2004,FAI,AK,AAL,WE,Towers with Radar,58,159,119,13,349,0,0,65,1,66,58,159,184,14,415,198,0,198,613
09/01/2004,FAI,AK,AAL,WE,Towers with Radar,54,136,29,2,221,0,8,28,0,36,54,144,57,2,257,12,0,12,269
09/02/2004,FAI,AK,AAL,WE,Towers with Radar,0,0,0,0,0,0,0,0,0,0,0,0,0,0,0,0,0,0,0
09/03/2004,FAI,AK,AAL,WE,Towers with Radar,45,67,15,3,130,14,84,97,1,196,59,151,112,4,326,152,0,152,478
09/04/2004,FAI,AK,AAL,WE,Towers with Radar,40,60,13,0,113,15,153,187,0,355,55,213,200,0,468,206,0,206,674
09/05/2004,FAI,AK,AAL,WE,Towers with Radar,0,0,0,0,0,0,0,0,0,0,0,0,0,0,0,0,0,0,0
09/06/2004,FAI,AK,AAL,WE,Towers with Radar,21,31,7,0,59,37,94,171,0,302,58,125,178,0,361,124,0,124,485
09/07/2004,FAI,AK,AAL,WE,Towers with Radar,38,59,13,0,110,0,20,138,0,158,38,79,151,0,268,90,0,90,358
09/08/2004,FAI,AK,AAL,WE,Towers with Radar,40,60,14,0,114,1,32,207,0,240,41,92,221,0,354,142,0,142,496
09/09/2004,FAI,AK,AAL,WE,Towers with Radar,40,59,13,3,115,13,104,129,2,248,53,163,142,5,363,84,0,84,447
09/10/2004,FAI,AK,AAL,WE,Towers with Radar,50,75,17,2,144,2,100,107,0,209,52,175,124,2,353,76,0,76,429
09/11/2004,FAI,AK,AAL,WE,Towers with Radar,49,92,21,0,162,0,30,12,0,42,49,122,33,0,204,0,0,0,204
09/12/2004,FAI,AK,AAL,WE,Towers with Radar,39,59,13,0,111,1,15,31,0,47,40,74,44,0,158,26,0,26,184
09/13/2004,FAI,AK,AAL,WE,Towers with Radar,52,81,18,2,153,0,45,19,2,66,52,126,37,4,219,40,0,40,259
09/14/2004,FAI,AK,AAL,WE,Towers with Radar,38,87,20,3,148,0,30,21,5,56,38,117,41,8,204,22,0,22,226
09/15/2004,FAI,AK,AAL,WE,Towers with Radar,51,78,17,2,148,0,15,128,2,145,51,93,145,4,293,105,0,105,398
09/16/2004,FAI,AK,AAL,WE,Towers with Radar,51,89,20,3,163,0,83,102,9,194,51,172,122,12,357,80,0,80,437
09/17/2004,FAI,AK,AAL,WE,Towers with Radar,42,64,14,2,122,0,103,143,5,251,42,167,157,7,373,84,0,84,457
09/18/2004,FAI,AK,AAL,WE,Towers with Radar,36,51,12,1,100,4,60,184,4,252,40,111,196,5,352,122,0,122,474
09/19/2004,FAI,AK,AAL,WE,Towers with Radar,18,24,6,0,48,13,56,142,0,211,31,80,148,0,259,144,0,144,403
09/20/2004,FAI,AK,AAL,WE,Towers with Radar,44,110,25,3,182,0,58,108,8,174,44,168,133,11,356,82,4,86,442
09/21/2004,FAI,AK,AAL,WE,Towers with Radar,58,113,25,1,197,0,24,39,0,63,58,137,64,1,260,52,0,52,312
09/22/2004,FAI,AK,AAL,WE,Towers with Radar,53,80,18,2,153,0,64,123,4,191,53,144,141,6,344,146,0,146,490
09/23/2004,FAI,AK,AAL,WE,Towers with Radar,50,97,22,3,172,0,22,5,11,38,50,119,27,14,210,28,0,28,238
09/24/2004,FAI,AK,AAL,WE,Towers with Radar,48,69,15,2,134,1,84,104,0,189,49,153,119,2,323,126,0,126,449
09/25/2004,FAI,AK,AAL,WE,Towers with Radar,26,37,8,0,71,9,86,138,0,233,35,123,146,0,304,133,0,133,437
09/26/2004,FAI,AK,AAL,WE,Towers with Radar,21,30,7,0,58,2,10,1,0,13,23,40,8,0,71,71,0,71,142
09/27/2004,FAI,AK,AAL,WE,Towers with Radar,38,55,12,0,105,1,83,67,0,151,39,138,79,0,256,40,0,40,296
09/28/2004,FAI,AK,AAL,WE,Towers with Radar,42,60,13,1,116,4,80,76,0,160,46,140,89,1,276,73,0,73,349
09/29/2004,FAI,AK,AAL,WE,Towers with Radar,34,49,11,1,95,12,104,103,1,220,46,153,114,2,315,114,0,114,429
09/30/2004,FAI,AK,AAL,WE,Towers with Radar,43,63,12,0,118,8,37,12,0,57,51,100,24,0,175,24,0,24,199
10/01/2004,FAI,AK,AAL,WE,Towers with Radar,48,98,18,6,170,0,42,46,0,88,48,140,64,6,258,39,0,39,297
10/02/2004,FAI,AK,AAL,WE,Towers with Radar,48,28,7,0,83,3,49,104,0,156,51,77,111,0,239,138,0,138,377
10/03/2004,FAI,AK,AAL,WE,Towers with Radar,38,23,9,0,70,0,32,90,0,122,38,55,99,0,192,177,0,177,369
10/04/2004,FAI,AK,AAL,WE,Towers with Radar,38,37,15,4,94,0,98,115,2,215,38,135,130,6,309,145,0,145,454
10/05/2004,FAI,AK,AAL,WE,Towers with Radar,46,33,13,5,97,0,83,84,3,170,46,116,97,8,267,154,0,154,421
10/06/2004,FAI,AK,AAL,WE,Towers with Radar,50,65,8,12,135,6,85,118,0,209,56,150,126,12,344,120,2,122,466
10/07/2004,FAI,AK,AAL,WE,Towers with Radar,51,94,17,8,170,0,37,42,2,81,51,131,59,10,251,86,0,86,337
10/08/2004,FAI,AK,AAL,WE,Towers with Radar,46,83,14,0,143,1,68,86,0,155,47,151,100,0,298,150,0,150,448
10/09/2004,FAI,AK,AAL,WE,Towers with Radar,45,31,14,0,90,4,33,101,0,138,49,64,115,0,228,206,0,206,434
10/10/2004,FAI,AK,AAL,WE,Towers with Radar,34,33,7,0,74,0,0,63,0,63,34,33,70,0,137,172,0,172,309
10/11/2004,FAI,AK,AAL,WE,Towers with Radar,31,63,20,1,115,0,49,64,0,113,31,112,84,1,228,152,0,152,380
10/12/2004,FAI,AK,AAL,WE,Towers with Radar,49,73,6,5,133,1,0,56,12,69,50,73,62,17,202,50,0,50,252
10/13/2004,FAI,AK,AAL,WE,Towers with Radar,48,45,14,1,108,0,82,61,0,143,48,127,75,1,251,66,0,66,317
10/14/2004,FAI,AK,AAL,WE,Towers with Radar,47,93,9,5,154,0,15,18,0,33,47,108,27,5,187,18,0,18,205
10/15/2004,FAI,AK,AAL,WE,Towers with Radar,57,80,20,4,161,0,33,53,2,88,57,113,73,6,249,122,0,122,371
10/16/2004,FAI,AK,AAL,WE,Towers with Radar,45,59,3,0,107,0,22,33,0,55,45,81,36,0,162,56,0,56,218
10/17/2004,FAI,AK,AAL,WE,Towers with Radar,32,29,18,2,81,0,23,80,0,103,32,52,98,2,184,159,0,159,343
10/18/2004,FAI,AK,AAL,WE,Towers with Radar,40,47,7,0,94,3,91,51,2,147,43,138,58,2,241,124,2,126,367
10/19/2004,FAI,AK,AAL,WE,Towers with Radar,0,0,5,1,6,0,0,5,0,5,0,0,10,1,11,4,0,4,15
10/20/2004,FAI,AK,AAL,WE,Towers with Radar,49,78,14,3,144,0,68,34,1,103,49,146,48,4,247,102,0,102,349
10/21/2004,FAI,AK,AAL,WE,Towers with Radar,52,120,8,1,181,0,2,1,0,3,52,122,9,1,184,0,0,0,184
10/22/2004,FAI,AK,AAL,WE,Towers with Radar,41,80,21,3,145,0,49,30,2,81,41,129,51,5,226,54,2,56,282
10/23/2004,FAI,AK,AAL,WE,Towers with Radar,38,62,8,4,112,0,10,19,2,31,38,72,27,6,143,52,0,52,195
10/24/2004,FAI,AK,AAL,WE,Towers with Radar,32,39,4,0,75,0,25,45,0,70,32,64,49,0,145,96,0,96,241
10/25/2004,FAI,AK,AAL,WE,Towers with Radar,40,106,14,9,169,2,4,2,0,8,42,110,16,9,177,2,0,2,179
10/26/2004,FAI,AK,AAL,WE,Towers with Radar,44,98,9,5,156,0,13,12,1,26,44,111,21,6,182,14,0,14,196
10/27/2004,FAI,AK,AAL,WE,Towers with Radar,44,119,9,6,178,0,21,62,0,83,44,140,71,6,261,3,0,3,264
10/28/2004,FAI,AK,AAL,WE,Towers with Radar,45,92,11,15,163,0,38,31,0,69,45,130,42,15,232,88,0,88,320
10/29/2004,FAI,AK,AAL,WE,Towers with Radar,48,99,13,2,162,1,20,14,0,35,49,119,27,2,197,26,0,26,223
11/01/2004,FAI,AK,AAL,WE,Combined TRACON& Tower with Radar,36,97,11,22,166,0,26,8,1,35,36,123,19,23,201,38,0,38,239
11/02/2004,FAI,AK,AAL,WE,Combined TRACON& Tower with Radar,41,83,11,7,142,0,43,24,1,68,41,126,35,8,210,28,0,28,238
11/03/2004,FAI,AK,AAL,WE,Combined TRACON& Tower with Radar,45,83,9,5,142,0,1,49,6,56,45,84,58,11,198,38,0,38,236
11/04/2004,FAI,AK,AAL,WE,Combined TRACON& Tower with Radar,47,78,3,24,152,0,65,36,0,101,47,143,39,24,253,107,0,107,360
11/05/2004,FAI,AK,AAL,WE,Combined TRACON& Tower with Radar,51,102,10,0,163,0,42,26,0,68,51,144,36,0,231,36,0,36,267
11/06/2004,FAI,AK,AAL,WE,Combined TRACON& Tower with Radar,31,46,8,0,85,0,32,0,0,32,31,78,8,0,117,74,0,74,191
11/07/2004,FAI,AK,AAL,WE,Combined TRACON& Tower with Radar,31,25,2,2,60,0,24,36,1,61,31,49,38,3,121,14,0,14,135
11/08/2004,FAI,AK,AAL,WE,Combined TRACON& Tower with Radar,37,52,6,2,97,0,74,42,0,116,37,126,48,2,213,26,0,26,239
11/09/2004,FAI,AK,AAL,WE,Combined TRACON& Tower with Radar,46,51,12,5,114,0,52,35,18,105,46,103,47,23,219,67,0,67,286
11/10/2004,FAI,AK,AAL,WE,Combined TRACON& Tower with Radar,43,80,7,5,135,0,41,32,2,75,43,121,39,7,210,102,0,102,312
11/11/2004,FAI,AK,AAL,WE,Combined TRACON& Tower with Radar,48,97,5,0,150,0,25,32,0,57,48,122,37,0,207,88,0,88,295
11/12/2004,FAI,AK,AAL,WE,Combined TRACON& Tower with Radar,43,107,10,0,160,0,47,31,0,78,43,154,41,0,238,38,0,38,276
11/13/2004,FAI,AK,AAL,WE,Combined TRACON& Tower with Radar,32,58,5,0,95,0,11,6,0,17,32,69,11,0,112,18,0,18,130
11/14/2004,FAI,AK,AAL,WE,Combined TRACON& Tower with Radar,72,43,6,0,121,0,38,86,0,124,72,81,92,0,245,46,0,46,291
11/15/2004,FAI,AK,AAL,WE,Combined TRACON& Tower with Radar,48,120,19,10,197,0,28,8,2,38,48,148,27,12,235,2,0,2,237
11/16/2004,FAI,AK,AAL,WE,Combined TRACON& Tower with Radar,47,95,24,6,172,0,11,7,1,19,47,106,31,7,191,26,0,26,217
11/17/2004,FAI,AK,AAL,WE,Combined TRACON& Tower with Radar,43,16,14,4,77,0,45,17,0,62,43,61,31,4,139,48,0,48,187
11/18/2004,FAI,AK,AAL,WE,Combined TRACON& Tower with Radar,48,67,15,5,135,0,79,25,6,110,48,146,40,11,245,44,0,44,289
11/19/2004,FAI,AK,AAL,WE,Combined TRACON& Tower with Radar,44,42,20,2,108,0,90,41,1,132,44,132,61,3,240,54,0,54,294
11/20/2004,FAI,AK,AAL,WE,Combined TRACON& Tower with Radar,39,65,28,0,132,0,27,41,0,68,39,92,69,0,200,20,0,20,220
11/21/2004,FAI,AK,AAL,WE,Combined TRACON& Tower with Radar,32,50,14,1,97,0,21,37,0,58,32,71,51,1,155,74,0,74,229
11/22/2004,FAI,AK,AAL,WE,Combined TRACON& Tower with Radar,31,47,4,10,92,0,68,46,6,120,31,115,50,16,212,36,0,36,248
11/23/2004,FAI,AK,AAL,WE,Combined TRACON& Tower with Radar,52,50,8,1,111,0,121,47,3,171,52,171,55,4,282,74,0,74,356
11/24/2004,FAI,AK,AAL,WE,Combined TRACON& Tower with Radar,41,31,20,4,96,0,102,47,0,149,41,133,67,4,245,52,2,54,299
11/25/2004,FAI,AK,AAL,WE,Combined TRACON& Tower with Radar,24,10,1,0,35,0,2,16,0,18,24,12,17,0,53,26,0,26,79
11/26/2004,FAI,AK,AAL,WE,Combined TRACON& Tower with Radar,41,42,3,0,86,0,57,43,0,100,41,99,46,0,186,40,0,40,226
11/27/2004,FAI,AK,AAL,WE,Combined TRACON& Tower with Radar,38,39,5,0,82,0,26,47,0,73,38,65,52,0,155,68,0,68,223
11/28/2004,FAI,AK,AAL,WE,Combined TRACON& Tower with Radar,32,48,5,0,85,0,5,13,0,18,32,53,18,0,103,48,0,48,151
11/29/2004,FAI,AK,AAL,WE,Combined TRACON& Tower with Radar,36,80,20,20,156,0,43,0,0,43,36,123,20,20,199,70,0,70,269
11/30/2004,FAI,AK,AAL,WE,Combined TRACON& Tower with Radar,46,78,8,11,143,0,39,25,0,64,46,117,33,11,207,50,0,50,257
12/01/2004,FAI,AK,AAL,WE,Combined TRACON& Tower with Radar,49,91,11,0,151,0,22,17,0,39,49,113,28,0,190,56,0,56,246
12/02/2004,FAI,AK,AAL,WE,Combined TRACON& Tower with Radar,46,89,8,0,143,0,11,3,0,14,46,100,11,0,157,0,0,0,157
12/03/2004,FAI,AK,AAL,WE,Combined TRACON& Tower with Radar,43,94,8,6,151,0,34,10,0,44,43,128,18,6,195,2,0,2,197
12/04/2004,FAI,AK,AAL,WE,Combined TRACON& Tower with Radar,31,28,5,0,64,0,48,26,0,74,31,76,31,0,138,12,0,12,150
12/05/2004,FAI,AK,AAL,WE,Combined TRACON& Tower with Radar,28,29,4,1,62,0,34,15,1,50,28,63,19,2,112,12,0,12,124
12/06/2004,FAI,AK,AAL,WE,Combined TRACON& Tower with Radar,36,54,4,1,95,1,79,19,0,99,37,133,23,1,194,46,0,46,240
12/07/2004,FAI,AK,AAL,WE,Combined TRACON& Tower with Radar,41,71,18,12,142,0,81,18,0,99,41,152,36,12,241,30,0,30,271
12/08/2004,FAI,AK,AAL,WE,Combined TRACON& Tower with Radar,45,49,7,5,106,0,87,23,2,112,45,136,30,7,218,4,0,4,222
12/09/2004,FAI,AK,AAL,WE,Combined TRACON& Tower with Radar,47,45,7,3,102,0,82,15,0,97,47,127,22,3,199,10,0,10,209
12/10/2004,FAI,AK,AAL,WE,Combined TRACON& Tower with Radar,42,53,3,0,98,0,95,23,0,118,42,148,26,0,216,14,0,14,230
12/11/2004,FAI,AK,AAL,WE,Combined TRACON& Tower with Radar,37,31,21,0,89,0,55,29,0,84,37,86,50,0,173,44,0,44,217
12/12/2004,FAI,AK,AAL,WE,Combined TRACON& Tower with Radar,30,32,3,0,65,0,27,99,0,126,30,59,102,0,191,64,0,64,255
12/13/2004,FAI,AK,AAL,WE,Combined TRACON& Tower with Radar,26,45,6,2,79,0,81,18,0,99,26,126,24,2,178,6,0,6,184
12/14/2004,FAI,AK,AAL,WE,Combined TRACON& Tower with Radar,45,98,20,5,168,0,28,16,1,45,45,126,36,6,213,17,0,17,230
12/15/2004,FAI,AK,AAL,WE,Combined TRACON& Tower with Radar,43,49,11,5,108,0,70,20,0,90,43,119,31,5,198,48,0,48,246
12/16/2004,FAI,AK,AAL,WE,Combined TRACON& Tower with Radar,41,66,7,3,117,0,78,28,0,106,41,144,35,3,223,44,0,44,267
12/17/2004,FAI,AK,AAL,WE,Combined TRACON& Tower with Radar,47,94,6,4,151,0,57,23,2,82,47,151,29,6,233,48,0,48,281
12/18/2004,FAI,AK,AAL,WE,Combined TRACON& Tower with Radar,36,49,11,0,96,0,33,28,0,61,36,82,39,0,157,76,0,76,233
12/19/2004,FAI,AK,AAL,WE,Combined TRACON& Tower with Radar,28,42,2,0,72,0,8,3,0,11,28,50,5,0,83,38,0,38,121
12/20/2004,FAI,AK,AAL,WE,Combined TRACON& Tower with Radar,44,97,6,4,151,0,44,20,3,67,44,141,26,7,218,16,0,16,234
12/21/2004,FAI,AK,AAL,WE,Combined TRACON& Tower with Radar,42,52,5,6,105,0,79,34,4,117,42,131,39,10,222,6,0,6,228
12/22/2004,FAI,AK,AAL,WE,Combined TRACON& Tower with Radar,67,79,8,10,164,0,50,26,0,76,67,129,34,10,240,61,0,61,301
12/23/2004,FAI,AK,AAL,WE,Combined TRACON& Tower with Radar,49,86,26,0,161,0,37,4,0,41,49,123,30,0,202,0,0,0,202
12/24/2004,FAI,AK,AAL,WE,Combined TRACON& Tower with Radar,36,37,1,0,74,0,82,15,0,97,36,119,16,0,171,0,0,0,171
12/25/2004,FAI,AK,AAL,WE,Combined TRACON& Tower with Radar,20,0,3,0,23,0,0,0,0,0,20,0,3,0,23,0,0,0,23
12/26/2004,FAI,AK,AAL,WE,Combined TRACON& Tower with Radar,33,39,7,0,79,0,2,1,0,3,33,41,8,0,82,0,0,0,82
12/27/2004,FAI,AK,AAL,WE,Combined TRACON& Tower with Radar,29,62,15,0,106,0,45,23,0,68,29,107,38,0,174,48,0,48,222
12/29/2004,FAI,AK,AAL,WE,Combined TRACON& Tower with Radar,39,45,26,14,124,0,59,27,1,87,39,104,53,15,211,36,0,36,247
12/30/2004,FAI,AK,AAL,WE,Combined TRACON& Tower with Radar,35,50,10,1,96,0,80,27,0,107,35,130,37,1,203,4,0,4,207
12/31/2004,FAI,AK,AAL,WE,Combined TRACON& Tower with Radar,34,44,12,0,90,0,61,42,0,103,34,105,54,0,193,48,0,48,241
01/01/2005,FAI,AK,AAL,WE,Combined TRACON& Tower with Radar,26,5,4,0,35,0,3,22,0,25,26,8,26,0,60,18,0,18,78
01/02/2005,FAI,AK,AAL,WE,Combined TRACON& Tower with Radar,29,37,3,0,69,0,9,8,0,17,29,46,11,0,86,48,0,48,134
01/03/2005,FAI,AK,AAL,WE,Combined TRACON& Tower with Radar,37,57,8,1,103,3,24,30,1,58,40,81,38,2,161,46,0,46,207
01/04/2005,FAI,AK,AAL,WE,Combined TRACON& Tower with Radar,25,84,14,4,127,0,6,5,0,11,25,90,19,4,138,0,0,0,138
01/05/2005,FAI,AK,AAL,WE,Combined TRACON& Tower with Radar,29,87,11,0,127,0,3,1,0,4,29,90,12,0,131,0,0,0,131
01/06/2005,FAI,AK,AAL,WE,Combined TRACON& Tower with Radar,42,82,5,5,134,0,6,2,0,8,42,88,7,5,142,4,0,4,146
01/07/2005,FAI,AK,AAL,WE,Combined TRACON& Tower with Radar,52,46,4,14,116,1,92,22,8,123,53,138,26,22,239,28,0,28,267
01/08/2005,FAI,AK,AAL,WE,Combined TRACON& Tower with Radar,43,31,7,1,82,1,45,33,3,82,44,76,40,4,164,48,0,48,212
01/09/2005,FAI,AK,AAL,WE,Combined TRACON& Tower with Radar,32,15,5,6,58,1,39,35,0,75,33,54,40,6,133,40,0,40,173
01/10/2005,FAI,AK,AAL,WE,Combined TRACON& Tower with Radar,28,76,14,2,120,0,17,2,1,20,28,93,16,3,140,6,0,6,146
01/11/2005,FAI,AK,AAL,WE,Combined TRACON& Tower with Radar,36,50,9,6,101,0,0,0,0,0,36,50,9,6,101,0,0,0,101
01/12/2005,FAI,AK,AAL,WE,Combined TRACON& Tower with Radar,36,36,1,0,73,0,0,0,0,0,36,36,1,0,73,0,0,0,73
01/13/2005,FAI,AK,AAL,WE,Combined TRACON& Tower with Radar,34,68,2,2,106,0,10,0,0,10,34,78,2,2,116,0,0,0,116
01/14/2005,FAI,AK,AAL,WE,Combined TRACON& Tower with Radar,39,122,0,0,161,0,1,0,0,1,39,123,0,0,162,0,0,0,162
01/15/2005,FAI,AK,AAL,WE,Combined TRACON& Tower with Radar,42,51,10,4,107,7,22,4,0,33,49,73,14,4,140,0,0,0,140
01/16/2005,FAI,AK,AAL,WE,Combined TRACON& Tower with Radar,32,20,2,0,54,0,32,3,0,35,32,52,5,0,89,10,0,10,99
01/17/2005,FAI,AK,AAL,WE,Combined TRACON& Tower with Radar,38,30,7,2,77,0,46,15,0,61,38,76,22,2,138,26,0,26,164
01/18/2005,FAI,AK,AAL,WE,Combined TRACON& Tower with Radar,38,35,2,14,89,0,66,12,0,78,38,101,14,14,167,38,0,38,205
01/19/2005,FAI,AK,AAL,WE,Combined TRACON& Tower with Radar,37,35,8,11,91,1,74,15,2,92,38,109,23,13,183,10,0,10,193
01/20/2005,FAI,AK,AAL,WE,Combined TRACON& Tower with Radar,39,51,11,8,109,0,84,15,0,99,39,135,26,8,208,12,0,12,220
01/21/2005,FAI,AK,AAL,WE,Combined TRACON& Tower with Radar,41,36,4,4,85,0,91,29,0,120,41,127,33,4,205,44,0,44,249
01/22/2005,FAI,AK,AAL,WE,Combined TRACON& Tower with Radar,38,24,13,1,76,0,67,54,3,124,38,91,67,4,200,72,0,72,272
01/23/2005,FAI,AK,AAL,WE,Combined TRACON& Tower with Radar,30,20,6,0,56,0,31,49,0,80,30,51,55,0,136,84,0,84,220
01/24/2005,FAI,AK,AAL,WE,Combined TRACON& Tower with Radar,32,61,6,0,99,0,47,13,0,60,32,108,19,0,159,62,0,62,221
01/25/2005,FAI,AK,AAL,WE,Combined TRACON& Tower with Radar,40,64,5,0,109,0,29,31,0,60,40,93,36,0,169,36,0,36,205
01/26/2005,FAI,AK,AAL,WE,Combined TRACON& Tower with Radar,41,45,3,4,93,0,71,37,2,110,41,116,40,6,203,26,0,26,229
01/27/2005,FAI,AK,AAL,WE,Combined TRACON& Tower with Radar,42,47,16,2,107,0,84,30,0,114,42,131,46,2,221,0,0,0,221
01/28/2005,FAI,AK,AAL,WE,Combined TRACON& Tower with Radar,37,40,4,4,85,0,98,19,0,117,37,138,23,4,202,4,0,4,206
01/29/2005,FAI,AK,AAL,WE,Combined TRACON& Tower with Radar,39,13,6,1,59,0,51,21,1,73,39,64,27,2,132,8,0,8,140
01/30/2005,FAI,AK,AAL,WE,Combined TRACON& Tower with Radar,30,18,2,0,50,0,21,33,0,54,30,39,35,0,104,18,0,18,122
01/31/2005,FAI,AK,AAL,WE,Combined TRACON& Tower with Radar,27,35,3,6,71,0,72,16,0,88,27,107,19,6,159,12,0,12,171
02/01/2005,FAI,AK,AAL,WE,Combined TRACON& Tower with Radar,40,52,10,3,105,0,43,12,0,55,40,95,22,3,160,40,0,40,200
02/02/2005,FAI,AK,AAL,WE,Combined TRACON& Tower with Radar,32,68,7,3,110,0,20,1,1,22,32,88,8,4,132,0,0,0,132
02/03/2005,FAI,AK,AAL,WE,Combined TRACON& Tower with Radar,33,71,8,2,114,0,48,4,0,52,33,119,12,2,166,0,0,0,166
02/04/2005,FAI,AK,AAL,WE,Combined TRACON& Tower with Radar,37,40,11,12,100,0,78,12,12,102,37,118,23,24,202,10,0,10,212
02/05/2005,FAI,AK,AAL,WE,Combined TRACON& Tower with Radar,38,22,7,1,68,0,42,12,1,55,38,64,19,2,123,0,2,2,125
02/06/2005,FAI,AK,AAL,WE,Combined TRACON& Tower with Radar,30,48,5,0,83,0,23,12,0,35,30,71,17,0,118,32,0,32,150
02/07/2005,FAI,AK,AAL,WE,Combined TRACON& Tower with Radar,33,54,6,1,94,0,47,21,2,70,33,101,27,3,164,68,0,68,232
02/08/2005,FAI,AK,AAL,WE,Combined TRACON& Tower with Radar,41,78,7,4,130,0,57,29,2,88,41,135,36,6,218,42,0,42,260
02/09/2005,FAI,AK,AAL,WE,Combined TRACON& Tower with Radar,30,57,6,4,97,1,63,51,0,115,31,120,57,4,212,88,0,88,300
02/10/2005,FAI,AK,AAL,WE,Combined TRACON& Tower with Radar,47,95,13,0,155,0,3,4,0,7,47,98,17,0,162,0,0,0,162
02/11/2005,FAI,AK,AAL,WE,Combined TRACON& Tower with Radar,32,49,6,5,92,1,105,33,0,139,33,154,39,5,231,38,0,38,269
02/12/2005,FAI,AK,AAL,WE,Combined TRACON& Tower with Radar,52,24,9,1,86,2,58,41,2,103,54,82,50,3,189,8,0,8,197
02/13/2005,FAI,AK,AAL,WE,Combined TRACON& Tower with Radar,34,27,9,0,70,0,31,32,4,67,34,58,41,4,137,68,0,68,205
02/14/2005,FAI,AK,AAL,WE,Combined TRACON& Tower with Radar,28,39,7,3,77,0,53,47,1,101,28,92,54,4,178,42,1,43,221
02/15/2005,FAI,AK,AAL,WE,Combined TRACON& Tower with Radar,31,61,11,2,105,0,60,30,1,91,31,121,41,3,196,41,0,41,237
02/16/2005,FAI,AK,AAL,WE,Combined TRACON& Tower with Radar,41,50,8,2,101,2,97,45,0,144,43,147,53,2,245,42,0,42,287
02/17/2005,FAI,AK,AAL,WE,Combined TRACON& Tower with Radar,40,66,4,4,114,0,81,36,2,119,40,147,40,6,233,48,0,48,281
02/18/2005,FAI,AK,AAL,WE,Combined TRACON& Tower with Radar,44,40,8,1,93,0,80,60,0,140,44,120,68,1,233,152,0,152,385
02/19/2005,FAI,AK,AAL,WE,Combined TRACON& Tower with Radar,36,59,4,2,101,0,13,24,0,37,36,72,28,2,138,60,0,60,198
02/20/2005,FAI,AK,AAL,WE,Combined TRACON& Tower with Radar,29,26,13,2,70,0,26,60,0,86,29,52,73,2,156,82,0,82,238
02/21/2005,FAI,AK,AAL,WE,Combined TRACON& Tower with Radar,29,44,9,0,82,0,40,42,0,82,29,84,51,0,164,40,0,40,204
02/22/2005,FAI,AK,AAL,WE,Combined TRACON& Tower with Radar,38,70,13,0,121,0,36,22,4,62,38,106,35,4,183,30,0,30,213
02/23/2005,FAI,AK,AAL,WE,Combined TRACON& Tower with Radar,34,70,5,0,109,0,54,43,0,97,34,124,48,0,206,58,0,58,264
02/24/2005,FAI,AK,AAL,WE,Combined TRACON& Tower with Radar,37,49,12,1,99,0,91,49,1,141,37,140,61,2,240,128,4,132,372
02/25/2005,FAI,AK,AAL,WE,Combined TRACON& Tower with Radar,39,27,9,0,75,0,0,0,0,0,39,27,9,0,75,14,0,14,89
02/26/2005,FAI,AK,AAL,WE,Combined TRACON& Tower with Radar,40,29,4,1,74,0,44,70,1,115,40,73,74,2,189,78,0,78,267
02/27/2005,FAI,AK,AAL,WE,Combined TRACON& Tower with Radar,31,66,5,0,102,0,23,29,0,52,31,89,34,0,154,48,0,48,202
02/28/2005,FAI,AK,AAL,WE,Combined TRACON& Tower with Radar,33,59,8,2,102,0,63,29,0,92,33,122,37,2,194,46,0,46,240
03/01/2005,FAI,AK,AAL,WE,Combined TRACON& Tower with Radar,51,90,16,9,166,0,12,21,0,33,51,102,37,9,199,50,0,50,249
03/02/2005,FAI,AK,AAL,WE,Combined TRACON& Tower with Radar,38,81,11,1,131,0,32,54,3,89,38,113,65,4,220,97,0,97,317
03/03/2005,FAI,AK,AAL,WE,Combined TRACON& Tower with Radar,41,104,9,11,165,0,34,31,7,72,41,138,40,18,237,59,0,59,296
03/04/2005,FAI,AK,AAL,WE,Combined TRACON& Tower with Radar,41,45,2,8,96,0,73,55,0,128,41,118,57,8,224,26,0,26,250
03/05/2005,FAI,AK,AAL,WE,Combined TRACON& Tower with Radar,34,22,11,0,67,0,50,63,7,120,34,72,74,7,187,94,0,94,281
03/06/2005,FAI,AK,AAL,WE,Combined TRACON& Tower with Radar,31,21,1,1,54,0,44,82,0,126,31,65,83,1,180,70,0,70,250
03/07/2005,FAI,AK,AAL,WE,Combined TRACON& Tower with Radar,31,33,2,0,66,0,58,56,0,114,31,91,58,0,180,76,0,76,256
03/08/2005,FAI,AK,AAL,WE,Combined TRACON& Tower with Radar,43,57,11,2,113,0,37,36,2,75,43,94,47,4,188,30,0,30,218
03/09/2005,FAI,AK,AAL,WE,Combined TRACON& Tower with Radar,45,71,12,8,136,1,47,44,7,99,46,118,56,15,235,80,0,80,315
03/10/2005,FAI,AK,AAL,WE,Combined TRACON& Tower with Radar,54,89,8,8,159,1,74,36,5,116,55,163,44,13,275,54,0,54,329
03/11/2005,FAI,AK,AAL,WE,Combined TRACON& Tower with Radar,45,52,3,0,100,0,81,67,0,148,45,133,70,0,248,141,0,141,389
03/12/2005,FAI,AK,AAL,WE,Combined TRACON& Tower with Radar,42,25,3,2,72,0,39,87,0,126,42,64,90,2,198,134,0,134,332
03/13/2005,FAI,AK,AAL,WE,Combined TRACON& Tower with Radar,33,48,5,2,88,0,15,36,0,51,33,63,41,2,139,40,0,40,179
03/14/2005,FAI,AK,AAL,WE,Combined TRACON& Tower with Radar,25,67,9,4,105,0,47,38,1,86,25,114,47,5,191,68,0,68,259
03/15/2005,FAI,AK,AAL,WE,Combined TRACON& Tower with Radar,44,37,8,0,89,0,58,49,0,107,44,95,57,0,196,86,0,86,282
03/16/2005,FAI,AK,AAL,WE,Combined TRACON& Tower with Radar,42,83,8,0,133,0,28,1,0,29,42,111,9,0,162,0,0,0,162
03/17/2005,FAI,AK,AAL,WE,Combined TRACON& Tower with Radar,43,54,0,2,99,0,96,59,0,155,43,150,59,2,254,71,0,71,325
03/18/2005,FAI,AK,AAL,WE,Combined TRACON& Tower with Radar,43,40,3,3,89,0,88,64,0,152,43,128,67,3,241,124,0,124,365
03/19/2005,FAI,AK,AAL,WE,Combined TRACON& Tower with Radar,38,28,4,0,70,0,63,85,0,148,38,91,89,0,218,100,0,100,318
03/20/2005,FAI,AK,AAL,WE,Combined TRACON& Tower with Radar,31,22,6,0,59,0,41,16,1,58,31,63,22,1,117,11,0,11,128
03/21/2005,FAI,AK,AAL,WE,Combined TRACON& Tower with Radar,32,31,22,7,92,1,71,5,2,79,33,102,27,9,171,24,8,32,203
03/22/2005,FAI,AK,AAL,WE,Combined TRACON& Tower with Radar,49,40,18,0,107,0,101,39,2,142,49,141,57,2,249,28,0,28,277
03/23/2005,FAI,AK,AAL,WE,Combined TRACON& Tower with Radar,44,56,19,0,119,0,100,69,0,169,44,156,88,0,288,94,0,94,382
03/24/2005,FAI,AK,AAL,WE,Combined TRACON& Tower with Radar,53,60,27,1,141,3,87,92,1,183,56,147,119,2,324,58,0,58,382
03/25/2005,FAI,AK,AAL,WE,Combined TRACON& Tower with Radar,43,56,44,4,147,0,86,87,0,173,43,142,131,4,320,204,0,204,524
03/26/2005,FAI,AK,AAL,WE,Combined TRACON& Tower with Radar,40,27,21,0,88,0,53,63,0,116,40,80,84,0,204,90,0,90,294
03/27/2005,FAI,AK,AAL,WE,Combined TRACON& Tower with Radar,28,26,33,1,88,0,0,24,0,24,28,26,57,1,112,32,0,32,144
03/28/2005,FAI,AK,AAL,WE,Combined TRACON& Tower with Radar,31,58,19,2,110,0,54,61,0,115,31,112,80,2,225,90,0,90,315
03/29/2005,FAI,AK,AAL,WE,Combined TRACON& Tower with Radar,35,93,14,5,147,0,6,8,2,16,35,99,22,7,163,8,2,10,173
03/30/2005,FAI,AK,AAL,WE,Combined TRACON& Tower with Radar,30,42,9,0,81,0,83,66,0,149,30,125,75,0,230,144,0,144,374
03/31/2005,FAI,AK,AAL,WE,Combined TRACON& Tower with Radar,44,51,20,7,122,0,70,50,1,121,44,121,70,8,243,83,0,83,326
04/01/2005,FAI,AK,AAL,WE,Combined TRACON& Tower with Radar,40,72,9,3,124,0,43,41,0,84,40,115,50,3,208,101,0,101,309
04/02/2005,FAI,AK,AAL,WE,Combined TRACON& Tower with Radar,43,58,14,0,115,0,28,34,0,62,43,86,48,0,177,28,0,28,205
04/03/2005,FAI,AK,AAL,WE,Combined TRACON& Tower with Radar,29,46,4,0,79,0,10,21,0,31,29,56,25,0,110,44,0,44,154
04/04/2005,FAI,AK,AAL,WE,Combined TRACON& Tower with Radar,36,72,9,5,122,0,44,37,4,85,36,116,46,9,207,66,0,66,273
04/05/2005,FAI,AK,AAL,WE,Combined TRACON& Tower with Radar,47,40,22,6,115,0,66,52,0,118,47,106,74,6,233,60,8,68,301
04/06/2005,FAI,AK,AAL,WE,Combined TRACON& Tower with Radar,36,31,16,4,87,0,75,65,2,142,36,106,81,6,229,102,0,102,331
04/07/2005,FAI,AK,AAL,WE,Combined TRACON& Tower with Radar,42,34,12,6,94,1,91,59,3,154,43,125,71,9,248,82,0,82,330
04/08/2005,FAI,AK,AAL,WE,Combined TRACON& Tower with Radar,40,34,50,0,124,0,105,35,0,140,40,139,85,0,264,100,2,102,366
04/09/2005,FAI,AK,AAL,WE,Combined TRACON& Tower with Radar,59,13,7,0,79,6,47,101,0,154,65,60,108,0,233,126,0,126,359
04/10/2005,FAI,AK,AAL,WE,Combined TRACON& Tower with Radar,28,18,14,0,60,0,39,90,0,129,28,57,104,0,189,130,0,130,319
04/11/2005,FAI,AK,AAL,WE,Combined TRACON& Tower with Radar,32,24,12,8,76,0,79,59,2,140,32,103,71,10,216,116,0,116,332
04/12/2005,FAI,AK,AAL,WE,Combined TRACON& Tower with Radar,35,32,3,5,75,0,90,58,0,148,35,122,61,5,223,56,0,56,279
04/13/2005,FAI,AK,AAL,WE,Combined TRACON& Tower with Radar,32,34,4,1,71,0,86,44,0,130,32,120,48,1,201,67,1,68,269
04/14/2005,FAI,AK,AAL,WE,Combined TRACON& Tower with Radar,44,45,8,6,103,1,92,72,2,167,45,137,80,8,270,158,2,160,430
04/15/2005,FAI,AK,AAL,WE,Combined TRACON& Tower with Radar,39,51,5,6,101,0,98,82,0,180,39,149,87,6,281,130,0,130,411
04/16/2005,FAI,AK,AAL,WE,Combined TRACON& Tower with Radar,41,37,7,2,87,0,60,99,0,159,41,97,106,2,246,106,0,106,352
04/17/2005,FAI,AK,AAL,WE,Combined TRACON& Tower with Radar,30,45,13,0,88,0,9,22,0,31,30,54,35,0,119,30,0,30,149
04/18/2005,FAI,AK,AAL,WE,Combined TRACON& Tower with Radar,37,86,13,0,136,0,7,6,0,13,37,93,19,0,149,2,0,2,151
04/19/2005,FAI,AK,AAL,WE,Combined TRACON& Tower with Radar,43,50,10,2,105,0,74,36,1,111,43,124,46,3,216,46,0,46,262
04/20/2005,FAI,AK,AAL,WE,Combined TRACON& Tower with Radar,43,60,11,0,114,1,59,56,1,117,44,119,67,1,231,40,10,50,281
04/21/2005,FAI,AK,AAL,WE,Combined TRACON& Tower with Radar,43,46,3,6,98,0,65,76,4,145,43,111,79,10,243,126,0,126,369
04/22/2005,FAI,AK,AAL,WE,Combined TRACON& Tower with Radar,56,45,2,6,109,0,59,22,0,81,56,104,24,6,190,20,6,26,216
04/23/2005,FAI,AK,AAL,WE,Combined TRACON& Tower with Radar,43,21,29,0,93,0,55,97,0,152,43,76,126,0,245,92,0,92,337
04/24/2005,FAI,AK,AAL,WE,Combined TRACON& Tower with Radar,36,19,17,0,72,0,28,86,0,114,36,47,103,0,186,52,0,52,238
04/25/2005,FAI,AK,AAL,WE,Combined TRACON& Tower with Radar,42,22,10,0,74,5,78,75,0,158,47,100,85,0,232,174,0,174,406
04/26/2005,FAI,AK,AAL,WE,Combined TRACON& Tower with Radar,50,51,10,0,111,0,67,73,0,140,50,118,83,0,251,102,0,102,353
04/27/2005,FAI,AK,AAL,WE,Combined TRACON& Tower with Radar,38,30,14,2,84,0,83,83,2,168,38,113,97,4,252,126,4,130,382
04/28/2005,FAI,AK,AAL,WE,Combined TRACON& Tower with Radar,47,35,15,0,97,1,108,64,0,173,48,143,79,0,270,110,0,110,380
04/29/2005,FAI,AK,AAL,WE,Combined TRACON& Tower with Radar,40,44,14,9,107,1,95,62,0,158,41,139,76,9,265,142,0,142,407
04/30/2005,FAI,AK,AAL,WE,Combined TRACON& Tower with Radar,39,32,8,0,79,0,81,83,0,164,39,113,91,0,243,153,0,153,396
05/01/2005,FAI,AK,AAL,WE,Combined TRACON& Tower with Radar,27,15,4,0,46,0,38,65,0,103,27,53,69,0,149,94,0,94,243
05/02/2005,FAI,AK,AAL,WE,Combined TRACON& Tower with Radar,38,27,14,4,83,0,86,73,2,161,38,113,87,6,244,118,0,118,362
05/03/2005,FAI,AK,AAL,WE,Combined TRACON& Tower with Radar,35,50,9,4,98,0,84,52,0,136,35,134,61,4,234,80,6,86,320
05/04/2005,FAI,AK,AAL,WE,Combined TRACON& Tower with Radar,36,44,16,1,97,0,85,66,1,152,36,129,82,2,249,133,0,133,382
05/05/2005,FAI,AK,AAL,WE,Combined TRACON& Tower with Radar,32,40,44,6,122,0,95,46,1,142,32,135,90,7,264,166,0,166,430
05/06/2005,FAI,AK,AAL,WE,Combined TRACON& Tower with Radar,36,38,17,4,95,0,81,87,0,168,36,119,104,4,263,209,2,211,474
05/07/2005,FAI,AK,AAL,WE,Combined TRACON& Tower with Radar,38,18,14,0,70,0,61,101,0,162,38,79,115,0,232,176,0,176,408
05/08/2005,FAI,AK,AAL,WE,Combined TRACON& Tower with Radar,24,14,15,0,53,0,32,81,0,113,24,46,96,0,166,104,0,104,270
05/09/2005,FAI,AK,AAL,WE,Combined TRACON& Tower with Radar,35,32,4,3,74,0,79,66,2,147,35,111,70,5,221,110,0,110,331
05/10/2005,FAI,AK,AAL,WE,Combined TRACON& Tower with Radar,40,33,24,5,102,0,82,83,0,165,40,115,107,5,267,94,0,94,361
05/11/2005,FAI,AK,AAL,WE,Combined TRACON& Tower with Radar,43,32,23,0,98,0,85,86,0,171,43,117,109,0,269,98,0,98,367
05/12/2005,FAI,AK,AAL,WE,Combined TRACON& Tower with Radar,40,49,14,2,105,0,85,121,1,207,40,134,135,3,312,122,0,122,434
05/13/2005,FAI,AK,AAL,WE,Combined TRACON& Tower with Radar,48,40,10,0,98,0,93,73,0,166,48,133,83,0,264,144,0,144,408
05/14/2005,FAI,AK,AAL,WE,Combined TRACON& Tower with Radar,50,31,26,0,107,1,45,114,5,165,51,76,140,5,272,124,0,124,396
05/15/2005,FAI,AK,AAL,WE,Combined TRACON& Tower with Radar,31,47,14,2,94,0,9,29,1,39,31,56,43,3,133,29,0,29,162
05/16/2005,FAI,AK,AAL,WE,Combined TRACON& Tower with Radar,43,60,22,0,125,0,47,86,0,133,43,107,108,0,258,148,0,148,406
05/17/2005,FAI,AK,AAL,WE,Combined TRACON& Tower with Radar,43,94,23,7,167,0,11,37,6,54,43,105,60,13,221,18,0,18,239
05/18/2005,FAI,AK,AAL,WE,Combined TRACON& Tower with Radar,38,88,24,3,153,0,55,91,2,148,38,143,115,5,301,179,0,179,480
05/19/2005,FAI,AK,AAL,WE,Combined TRACON& Tower with Radar,54,57,15,1,127,0,97,89,4,190,54,154,104,5,317,108,2,110,427
05/20/2005,FAI,AK,AAL,WE,Combined TRACON& Tower with Radar,45,42,11,0,98,0,80,94,0,174,45,122,105,0,272,116,0,116,388
05/21/2005,FAI,AK,AAL,WE,Combined TRACON& Tower with Radar,49,29,6,0,84,0,41,92,0,133,49,70,98,0,217,214,0,214,431
05/22/2005,FAI,AK,AAL,WE,Combined TRACON& Tower with Radar,35,23,11,1,70,0,32,111,1,144,35,55,122,2,214,271,1,272,486
05/23/2005,FAI,AK,AAL,WE,Combined TRACON& Tower with Radar,40,35,10,0,85,1,72,103,0,176,41,107,113,0,261,170,0,170,431
05/24/2005,FAI,AK,AAL,WE,Combined TRACON& Tower with Radar,51,33,8,2,94,0,92,87,0,179,51,125,95,2,273,104,0,104,377
05/25/2005,FAI,AK,AAL,WE,Combined TRACON& Tower with Radar,43,45,2,0,90,3,126,114,0,243,46,171,116,0,333,225,0,225,558
05/26/2005,FAI,AK,AAL,WE,Combined TRACON& Tower with Radar,50,55,11,1,117,0,115,112,0,227,50,170,123,1,344,132,0,132,476
05/27/2005,FAI,AK,AAL,WE,Combined TRACON& Tower with Radar,44,67,20,1,132,0,134,119,1,254,44,201,139,2,386,298,0,298,684
05/28/2005,FAI,AK,AAL,WE,Combined TRACON& Tower with Radar,48,32,12,0,92,0,59,120,0,179,48,91,132,0,271,89,0,89,360
05/29/2005,FAI,AK,AAL,WE,Combined TRACON& Tower with Radar,33,33,1,0,67,0,56,110,0,166,33,89,111,0,233,130,0,130,363
05/30/2005,FAI,AK,AAL,WE,Combined TRACON& Tower with Radar,40,24,15,0,79,0,44,103,1,148,40,68,118,1,227,102,0,102,329
05/31/2005,FAI,AK,AAL,WE,Combined TRACON& Tower with Radar,42,62,11,10,125,0,77,66,6,149,42,139,77,16,274,116,0,116,390
06/01/2005,FAI,AK,AAL,WE,Combined TRACON& Tower with Radar,48,112,9,2,171,0,47,49,1,97,48,159,58,3,268,44,2,46,314
06/02/2005,FAI,AK,AAL,WE,Combined TRACON& Tower with Radar,52,82,6,0,140,0,80,103,0,183,52,162,109,0,323,142,0,142,465
06/03/2005,FAI,AK,AAL,WE,Combined TRACON& Tower with Radar,46,69,11,10,136,0,83,99,5,187,46,152,110,15,323,215,0,215,538
06/04/2005,FAI,AK,AAL,WE,Combined TRACON& Tower with Radar,48,19,15,0,82,0,78,155,0,233,48,97,170,0,315,108,0,108,423
06/05/2005,FAI,AK,AAL,WE,Combined TRACON& Tower with Radar,36,21,5,0,62,1,50,115,0,166,37,71,120,0,228,146,0,146,374
06/06/2005,FAI,AK,AAL,WE,Combined TRACON& Tower with Radar,46,41,7,10,104,0,112,128,5,245,46,153,135,15,349,224,0,224,573
06/07/2005,FAI,AK,AAL,WE,Combined TRACON& Tower with Radar,66,44,7,6,123,6,119,104,5,234,72,163,111,11,357,190,0,190,547
06/08/2005,FAI,AK,AAL,WE,Combined TRACON& Tower with Radar,52,41,10,5,108,0,90,109,4,203,52,131,119,9,311,103,0,103,414
06/09/2005,FAI,AK,AAL,WE,Combined TRACON& Tower with Radar,58,50,7,0,115,0,117,93,0,210,58,167,100,0,325,136,0,136,461
06/10/2005,FAI,AK,AAL,WE,Combined TRACON& Tower with Radar,60,35,2,25,122,0,124,104,14,242,60,159,106,39,364,162,28,190,554
06/11/2005,FAI,AK,AAL,WE,Combined TRACON& Tower with Radar,53,22,7,0,82,0,82,134,0,216,53,104,141,0,298,174,0,174,472
06/12/2005,FAI,AK,AAL,WE,Combined TRACON& Tower with Radar,43,36,5,0,84,0,34,110,0,144,43,70,115,0,228,122,0,122,350
06/13/2005,FAI,AK,AAL,WE,Combined TRACON& Tower with Radar,47,41,7,0,95,2,115,101,0,218,49,156,108,0,313,68,0,68,381
06/14/2005,FAI,AK,AAL,WE,Combined TRACON& Tower with Radar,60,48,9,13,130,2,113,96,12,223,62,161,105,25,353,149,0,149,502
06/15/2005,FAI,AK,AAL,WE,Combined TRACON& Tower with Radar,55,42,10,1,108,2,132,91,0,225,57,174,101,1,333,163,0,163,496
06/16/2005,FAI,AK,AAL,WE,Combined TRACON& Tower with Radar,62,49,14,1,126,4,119,107,0,230,66,168,121,1,356,90,0,90,446
06/17/2005,FAI,AK,AAL,WE,Combined TRACON& Tower with Radar,55,48,5,0,108,0,122,114,0,236,55,170,119,0,344,101,1,102,446
06/18/2005,FAI,AK,AAL,WE,Combined TRACON& Tower with Radar,51,36,14,0,101,0,81,71,0,152,51,117,85,0,253,48,0,48,301
06/19/2005,FAI,AK,AAL,WE,Combined TRACON& Tower with Radar,44,67,11,0,122,0,3,6,0,9,44,70,17,0,131,2,0,2,133
06/20/2005,FAI,AK,AAL,WE,Combined TRACON& Tower with Radar,53,98,8,3,162,0,56,78,2,136,53,154,86,5,298,62,0,62,360
06/21/2005,FAI,AK,AAL,WE,Combined TRACON& Tower with Radar,56,72,118,6,252,6,100,28,2,136,62,172,146,8,388,148,0,148,536
06/22/2005,FAI,AK,AAL,WE,Combined TRACON& Tower with Radar,54,74,13,6,147,0,94,119,4,217,54,168,132,10,364,123,0,123,487
06/23/2005,FAI,AK,AAL,WE,Combined TRACON& Tower with Radar,61,67,18,16,162,0,142,157,7,306,61,209,175,23,468,149,0,149,617
06/24/2005,FAI,AK,AAL,WE,Combined TRACON& Tower with Radar,55,93,16,0,164,1,122,136,0,259,56,215,152,0,423,175,0,175,598
06/25/2005,FAI,AK,AAL,WE,Combined TRACON& Tower with Radar,55,28,18,0,101,0,57,142,0,199,55,85,160,0,300,114,0,114,414
06/26/2005,FAI,AK,AAL,WE,Combined TRACON& Tower with Radar,43,27,13,0,83,0,48,128,0,176,43,75,141,0,259,127,0,127,386
06/27/2005,FAI,AK,AAL,WE,Combined TRACON& Tower with Radar,50,52,12,1,115,0,93,183,0,276,50,145,195,1,391,14,0,14,405
06/28/2005,FAI,AK,AAL,WE,Combined TRACON& Tower with Radar,57,72,12,9,150,0,79,20,5,104,57,151,32,14,254,156,0,156,410
06/29/2005,FAI,AK,AAL,WE,Combined TRACON& Tower with Radar,60,123,34,3,220,0,38,65,3,106,60,161,99,6,326,182,2,184,510
06/30/2005,FAI,AK,AAL,WE,Combined TRACON& Tower with Radar,61,107,15,0,183,0,70,90,0,160,61,177,105,0,343,184,0,184,527
07/01/2005,FAI,AK,AAL,WE,Combined TRACON& Tower with Radar,46,104,7,0,157,0,46,87,0,133,46,150,94,0,290,119,0,119,409
07/02/2005,FAI,AK,AAL,WE,Combined TRACON& Tower with Radar,55,69,12,4,140,3,46,74,4,127,58,115,86,8,267,80,0,80,347
07/03/2005,FAI,AK,AAL,WE,Combined TRACON& Tower with Radar,48,20,10,1,79,1,75,108,0,184,49,95,118,1,263,50,0,50,313
07/04/2005,FAI,AK,AAL,WE,Combined TRACON& Tower with Radar,47,29,8,0,84,0,32,204,0,236,47,61,212,0,320,19,0,19,339
07/05/2005,FAI,AK,AAL,WE,Combined TRACON& Tower with Radar,50,48,15,12,125,0,103,108,2,213,50,151,123,14,338,142,0,142,480
07/06/2005,FAI,AK,AAL,WE,Combined TRACON& Tower with Radar,59,44,16,3,122,0,117,103,1,221,59,161,119,4,343,166,0,166,509
07/07/2005,FAI,AK,AAL,WE,Combined TRACON& Tower with Radar,64,54,9,1,128,0,97,90,2,189,64,151,99,3,317,108,0,108,425
07/08/2005,FAI,AK,AAL,WE,Combined TRACON& Tower with Radar,62,110,18,1,191,0,54,70,0,124,62,164,88,1,315,64,0,64,379
07/09/2005,FAI,AK,AAL,WE,Combined TRACON& Tower with Radar,47,46,2,0,95,0,68,109,0,177,47,114,111,0,272,94,0,94,366
07/10/2005,FAI,AK,AAL,WE,Combined TRACON& Tower with Radar,41,48,12,0,101,0,36,100,0,136,41,84,112,0,237,36,0,36,273
07/11/2005,FAI,AK,AAL,WE,Combined TRACON& Tower with Radar,56,64,18,1,139,0,61,74,1,136,56,125,92,2,275,75,0,75,350
07/12/2005,FAI,AK,AAL,WE,Combined TRACON& Tower with Radar,51,67,9,1,128,2,91,111,0,204,53,158,120,1,332,188,0,188,520
07/13/2005,FAI,AK,AAL,WE,Combined TRACON& Tower with Radar,62,56,14,2,134,0,103,122,1,226,62,159,136,3,360,175,0,175,535
07/14/2005,FAI,AK,AAL,WE,Combined TRACON& Tower with Radar,58,39,6,1,104,8,136,119,0,263,66,175,125,1,367,172,0,172,539
07/15/2005,FAI,AK,AAL,WE,Combined TRACON& Tower with Radar,48,33,10,0,91,9,123,196,0,328,57,156,206,0,419,211,0,211,630
07/16/2005,FAI,AK,AAL,WE,Combined TRACON& Tower with Radar,50,23,11,0,84,2,84,108,0,194,52,107,119,0,278,138,0,138,416
07/17/2005,FAI,AK,AAL,WE,Combined TRACON& Tower with Radar,45,34,9,1,89,0,50,131,0,181,45,84,140,1,270,110,0,110,380
07/18/2005,FAI,AK,AAL,WE,Combined TRACON& Tower with Radar,55,80,29,0,164,4,62,42,0,108,59,142,71,0,272,58,0,58,330
07/19/2005,FAI,AK,AAL,WE,Combined TRACON& Tower with Radar,53,57,25,8,143,0,93,127,0,220,53,150,152,8,363,180,0,180,543
07/20/2005,FAI,AK,AAL,WE,Combined TRACON& Tower with Radar,58,32,13,5,108,0,123,98,2,223,58,155,111,7,331,60,0,60,391
07/21/2005,FAI,AK,AAL,WE,Combined TRACON& Tower with Radar,64,37,26,2,129,0,140,133,1,274,64,177,159,3,403,98,0,98,501
07/22/2005,FAI,AK,AAL,WE,Combined TRACON& Tower with Radar,52,40,7,0,99,0,122,156,0,278,52,162,163,0,377,149,0,149,526
07/23/2005,FAI,AK,AAL,WE,Combined TRACON& Tower with Radar,57,37,6,0,100,4,65,141,0,210,61,102,147,0,310,186,0,186,496
07/24/2005,FAI,AK,AAL,WE,Combined TRACON& Tower with Radar,41,26,5,1,73,1,60,151,0,212,42,86,156,1,285,145,0,145,430
07/25/2005,FAI,AK,AAL,WE,Combined TRACON& Tower with Radar,64,49,14,1,128,6,54,96,0,156,70,103,110,1,284,173,0,173,457
07/26/2005,FAI,AK,AAL,WE,Combined TRACON& Tower with Radar,59,58,4,5,126,1,118,127,1,247,60,176,131,6,373,208,0,208,581
07/27/2005,FAI,AK,AAL,WE,Combined TRACON& Tower with Radar,60,68,14,4,146,1,101,91,0,193,61,169,105,4,339,118,2,120,459
07/28/2005,FAI,AK,AAL,WE,Combined TRACON& Tower with Radar,62,91,21,8,182,0,88,83,4,175,62,179,104,12,357,162,0,162,519
07/29/2005,FAI,AK,AAL,WE,Combined TRACON& Tower with Radar,50,99,29,2,180,1,73,55,0,129,51,172,84,2,309,125,2,127,436
07/30/2005,FAI,AK,AAL,WE,Combined TRACON& Tower with Radar,53,40,13,0,106,0,54,148,0,202,53,94,161,0,308,70,0,70,378
07/31/2005,FAI,AK,AAL,WE,Combined TRACON& Tower with Radar,46,40,9,0,95,1,55,106,0,162,47,95,115,0,257,136,0,136,393
08/01/2005,FAI,AK,AAL,WE,Combined TRACON& Tower with Radar,57,65,11,2,135,1,95,102,0,198,58,160,113,2,333,134,0,134,467
08/02/2005,FAI,AK,AAL,WE,Combined TRACON& Tower with Radar,54,64,12,0,130,1,92,99,0,192,55,156,111,0,322,168,0,168,490
08/03/2005,FAI,AK,AAL,WE,Combined TRACON& Tower with Radar,69,40,12,0,121,0,132,187,2,321,69,172,199,2,442,196,0,196,638
08/04/2005,FAI,AK,AAL,WE,Combined TRACON& Tower with Radar,57,64,7,2,130,0,144,114,1,259,57,208,121,3,389,135,0,135,524
08/05/2005,FAI,AK,AAL,WE,Combined TRACON& Tower with Radar,61,73,26,0,160,0,91,112,0,203,61,164,138,0,363,214,2,216,579
08/06/2005,FAI,AK,AAL,WE,Combined TRACON& Tower with Radar,56,75,17,0,148,0,16,53,0,69,56,91,70,0,217,97,0,97,314
08/07/2005,FAI,AK,AAL,WE,Combined TRACON& Tower with Radar,40,57,4,2,103,0,33,111,0,144,40,90,115,2,247,82,0,82,329
08/08/2005,FAI,AK,AAL,WE,Combined TRACON& Tower with Radar,57,99,56,1,213,0,98,130,0,228,57,197,186,1,441,150,0,150,591
08/09/2005,FAI,AK,AAL,WE,Combined TRACON& Tower with Radar,54,52,12,2,120,2,137,117,1,257,56,189,129,3,377,128,0,128,505
08/10/2005,FAI,AK,AAL,WE,Combined TRACON& Tower with Radar,58,51,5,0,114,0,111,132,0,243,58,162,137,0,357,138,0,138,495
08/11/2005,FAI,AK,AAL,WE,Combined TRACON& Tower with Radar,54,108,26,2,190,0,29,48,2,79,54,137,74,4,269,78,0,78,347
08/12/2005,FAI,AK,AAL,WE,Combined TRACON& Tower with Radar,53,136,50,4,243,0,0,0,0,0,53,136,50,4,243,0,0,0,243
08/13/2005,FAI,AK,AAL,WE,Combined TRACON& Tower with Radar,60,87,15,0,162,0,0,2,0,2,60,87,17,0,164,0,0,0,164
08/14/2005,FAI,AK,AAL,WE,Combined TRACON& Tower with Radar,40,84,17,2,143,0,17,30,0,47,40,101,47,2,190,20,0,20,210
08/15/2005,FAI,AK,AAL,WE,Combined TRACON& Tower with Radar,47,152,36,0,235,0,10,10,0,20,47,162,46,0,255,14,0,14,269
08/16/2005,FAI,AK,AAL,WE,Combined TRACON& Tower with Radar,41,128,30,4,203,0,7,0,0,7,41,135,30,4,210,0,0,0,210
08/17/2005,FAI,AK,AAL,WE,Combined TRACON& Tower with Radar,0,1,1,0,2,0,0,0,0,0,0,1,1,0,2,0,0,0,2
08/18/2005,FAI,AK,AAL,WE,Combined TRACON& Tower with Radar,56,78,23,2,159,0,104,84,1,189,56,182,107,3,348,112,0,112,460
08/19/2005,FAI,AK,AAL,WE,Combined TRACON& Tower with Radar,50,133,19,0,202,1,30,28,0,59,51,163,47,0,261,65,0,65,326
08/20/2005,FAI,AK,AAL,WE,Combined TRACON& Tower with Radar,51,81,18,3,153,0,14,23,0,37,51,95,41,3,190,25,0,25,215
08/21/2005,FAI,AK,AAL,WE,Combined TRACON& Tower with Radar,46,67,14,2,129,0,0,4,0,4,46,67,18,2,133,0,0,0,133
08/22/2005,FAI,AK,AAL,WE,Combined TRACON& Tower with Radar,52,86,12,2,152,0,51,107,2,160,52,137,119,4,312,76,0,76,388
08/23/2005,FAI,AK,AAL,WE,Combined TRACON& Tower with Radar,40,77,11,0,128,0,53,0,0,53,40,130,11,0,181,142,0,142,323
08/24/2005,FAI,AK,AAL,WE,Combined TRACON& Tower with Radar,48,77,15,2,142,0,78,112,1,191,48,155,127,3,333,153,0,153,486
08/25/2005,FAI,AK,AAL,WE,Combined TRACON& Tower with Radar,54,94,18,1,167,0,53,104,1,158,54,147,122,2,325,170,0,170,495
08/26/2005,FAI,AK,AAL,WE,Combined TRACON& Tower with Radar,45,73,9,2,129,0,79,140,0,219,45,152,149,2,348,118,0,118,466
08/27/2005,FAI,AK,AAL,WE,Combined TRACON& Tower with Radar,50,41,15,0,106,2,57,148,0,207,52,98,163,0,313,170,6,176,489
08/28/2005,FAI,AK,AAL,WE,Combined TRACON& Tower with Radar,36,43,22,0,101,0,59,246,0,305,36,102,268,0,406,124,0,124,530
08/29/2005,FAI,AK,AAL,WE,Combined TRACON& Tower with Radar,45,119,26,8,198,0,31,59,0,90,45,150,85,8,288,71,0,71,359
08/30/2005,FAI,AK,AAL,WE,Combined TRACON& Tower with Radar,59,112,28,2,201,0,35,85,0,120,59,147,113,2,321,130,2,132,453
08/31/2005,FAI,AK,AAL,WE,Combined TRACON& Tower with Radar,52,101,26,2,181,1,35,67,0,103,53,136,93,2,284,82,0,82,366
09/01/2005,FAI,AK,AAL,WE,Combined TRACON& Tower with Radar,56,87,20,4,167,0,89,119,0,208,56,176,139,4,375,152,0,152,527
09/02/2005,FAI,AK,AAL,WE,Combined TRACON& Tower with Radar,42,51,13,0,106,1,103,201,0,305,43,154,214,0,411,116,0,116,527
09/03/2005,FAI,AK,AAL,WE,Combined TRACON& Tower with Radar,61,34,7,0,102,1,80,141,0,222,62,114,148,0,324,114,0,114,438
09/04/2005,FAI,AK,AAL,WE,Combined TRACON& Tower with Radar,36,51,3,0,90,0,29,103,0,132,36,80,106,0,222,58,0,58,280
09/05/2005,FAI,AK,AAL,WE,Combined TRACON& Tower with Radar,48,53,6,2,109,0,32,135,1,168,48,85,141,3,277,72,0,72,349
09/06/2005,FAI,AK,AAL,WE,Combined TRACON& Tower with Radar,48,89,21,2,160,0,58,85,0,143,48,147,106,2,303,66,0,66,369
09/07/2005,FAI,AK,AAL,WE,Combined TRACON& Tower with Radar,44,115,29,5,193,0,23,26,0,49,44,138,55,5,242,4,0,4,246
09/08/2005,FAI,AK,AAL,WE,Combined TRACON& Tower with Radar,55,98,22,6,181,2,71,102,1,176,57,169,124,7,357,84,0,84,441
09/09/2005,FAI,AK,AAL,WE,Combined TRACON& Tower with Radar,46,72,19,3,140,0,95,108,1,204,46,167,127,4,344,81,0,81,425
09/10/2005,FAI,AK,AAL,WE,Combined TRACON& Tower with Radar,44,79,14,0,137,0,23,45,0,68,44,102,59,0,205,38,0,38,243
09/11/2005,FAI,AK,AAL,WE,Combined TRACON& Tower with Radar,31,27,4,0,62,0,51,153,0,204,31,78,157,0,266,38,0,38,304
09/12/2005,FAI,AK,AAL,WE,Combined TRACON& Tower with Radar,41,68,15,0,124,0,86,70,0,156,41,154,85,0,280,66,0,66,346
09/13/2005,FAI,AK,AAL,WE,Combined TRACON& Tower with Radar,45,84,15,2,146,0,53,88,2,143,45,137,103,4,289,110,0,110,399
09/14/2005,FAI,AK,AAL,WE,Combined TRACON& Tower with Radar,37,100,28,0,165,0,60,42,0,102,37,160,70,0,267,28,0,28,295
09/15/2005,FAI,AK,AAL,WE,Combined TRACON& Tower with Radar,47,69,3,0,119,1,109,114,0,224,48,178,117,0,343,76,0,76,419
09/16/2005,FAI,AK,AAL,WE,Combined TRACON& Tower with Radar,43,63,5,0,111,0,99,150,0,249,43,162,155,0,360,81,0,81,441
09/17/2005,FAI,AK,AAL,WE,Combined TRACON& Tower with Radar,41,33,12,0,86,1,80,158,0,239,42,113,170,0,325,55,0,55,380
09/18/2005,FAI,AK,AAL,WE,Combined TRACON& Tower with Radar,32,38,5,0,75,0,32,90,0,122,32,70,95,0,197,30,0,30,227
09/19/2005,FAI,AK,AAL,WE,Combined TRACON& Tower with Radar,44,95,10,0,149,0,27,48,0,75,44,122,58,0,224,2,0,2,226
09/20/2005,FAI,AK,AAL,WE,Combined TRACON& Tower with Radar,37,92,20,0,149,0,24,43,0,67,37,116,63,0,216,31,0,31,247
09/21/2005,FAI,AK,AAL,WE,Combined TRACON& Tower with Radar,35,93,16,3,147,1,43,65,0,109,36,136,81,3,256,52,0,52,308
09/22/2005,FAI,AK,AAL,WE,Combined TRACON& Tower with Radar,46,82,9,0,137,0,44,76,0,120,46,126,85,0,257,98,0,98,355
09/23/2005,FAI,AK,AAL,WE,Combined TRACON& Tower with Radar,41,80,16,0,137,0,58,61,0,119,41,138,77,0,256,67,0,67,323
09/24/2005,FAI,AK,AAL,WE,Combined TRACON& Tower with Radar,48,49,8,0,105,0,6,11,0,17,48,55,19,0,122,0,0,0,122
09/25/2005,FAI,AK,AAL,WE,Combined TRACON& Tower with Radar,36,50,1,0,87,0,52,111,0,163,36,102,112,0,250,120,0,120,370
09/26/2005,FAI,AK,AAL,WE,Combined TRACON& Tower with Radar,38,72,7,3,120,3,58,110,0,171,41,130,117,3,291,107,0,107,398
09/27/2005,FAI,AK,AAL,WE,Combined TRACON& Tower with Radar,38,35,2,0,75,4,102,89,2,197,42,137,91,2,272,86,0,86,358
09/28/2005,FAI,AK,AAL,WE,Combined TRACON& Tower with Radar,38,112,11,0,161,0,8,17,0,25,38,120,28,0,186,4,0,4,190
09/29/2005,FAI,AK,AAL,WE,Combined TRACON& Tower with Radar,60,98,14,0,172,0,33,32,0,65,60,131,46,0,237,20,0,20,257
09/30/2005,FAI,AK,AAL,WE,Combined TRACON& Tower with Radar,40,88,16,0,144,1,43,46,0,90,41,131,62,0,234,75,0,75,309
10/01/2005,FAI,AK,AAL,WE,Combined TRACON& Tower with Radar,37,37,7,0,81,1,21,62,0,84,38,58,69,0,165,120,2,122,287
10/02/2005,FAI,AK,AAL,WE,Combined TRACON& Tower with Radar,24,43,17,0,84,0,1,48,0,49,24,44,65,0,133,72,0,72,205
10/03/2005,FAI,AK,AAL,WE,Combined TRACON& Tower with Radar,35,41,10,7,93,1,75,130,0,206,36,116,140,7,299,109,0,109,408
10/04/2005,FAI,AK,AAL,WE,Combined TRACON& Tower with Radar,44,38,10,5,97,2,108,116,3,229,46,146,126,8,326,146,0,146,472
10/05/2005,FAI,AK,AAL,WE,Combined TRACON& Tower with Radar,34,43,5,4,86,3,105,96,4,208,37,148,101,8,294,114,0,114,408
10/06/2005,FAI,AK,AAL,WE,Combined TRACON& Tower with Radar,46,62,18,5,131,2,69,91,5,167,48,131,109,10,298,160,0,160,458
10/07/2005,FAI,AK,AAL,WE,Combined TRACON& Tower with Radar,36,60,18,0,114,0,65,106,0,171,36,125,124,0,285,82,0,82,367
10/08/2005,FAI,AK,AAL,WE,Combined TRACON& Tower with Radar,39,21,13,1,74,1,39,97,1,138,40,60,110,2,212,54,0,54,266
10/09/2005,FAI,AK,AAL,WE,Combined TRACON& Tower with Radar,31,37,16,0,84,0,14,52,0,66,31,51,68,0,150,46,0,46,196
10/10/2005,FAI,AK,AAL,WE,Combined TRACON& Tower with Radar,29,67,16,4,116,0,6,20,0,26,29,73,36,4,142,6,0,6,148
10/11/2005,FAI,AK,AAL,WE,Combined TRACON& Tower with Radar,31,47,9,6,93,2,75,73,0,150,33,122,82,6,243,126,0,126,369
10/12/2005,FAI,AK,AAL,WE,Combined TRACON& Tower with Radar,28,84,7,0,119,0,12,9,0,21,28,96,16,0,140,24,0,24,164
10/13/2005,FAI,AK,AAL,WE,Combined TRACON& Tower with Radar,37,118,7,3,165,0,22,12,3,37,37,140,19,6,202,0,0,0,202
10/14/2005,FAI,AK,AAL,WE,Combined TRACON& Tower with Radar,37,53,10,0,100,0,80,65,0,145,37,133,75,0,245,70,0,70,315
10/15/2005,FAI,AK,AAL,WE,Combined TRACON& Tower with Radar,45,61,7,2,115,2,0,2,0,4,47,61,9,2,119,0,0,0,119
10/16/2005,FAI,AK,AAL,WE,Combined TRACON& Tower with Radar,27,61,11,0,99,0,8,69,2,79,27,69,80,2,178,36,0,36,214
10/17/2005,FAI,AK,AAL,WE,Combined TRACON& Tower with Radar,34,62,3,3,102,0,38,34,0,72,34,100,37,3,174,124,2,126,300
10/18/2005,FAI,AK,AAL,WE,Combined TRACON& Tower with Radar,36,84,19,2,141,0,24,19,0,43,36,108,38,2,184,32,0,32,216
10/19/2005,FAI,AK,AAL,WE,Combined TRACON& Tower with Radar,33,70,23,4,130,0,97,38,1,136,33,167,61,5,266,120,0,120,386
10/20/2005,FAI,AK,AAL,WE,Combined TRACON& Tower with Radar,41,49,4,6,100,0,5,14,4,23,41,54,18,10,123,104,0,104,227
10/21/2005,FAI,AK,AAL,WE,Combined TRACON& Tower with Radar,41,58,20,0,119,0,69,79,0,148,41,127,99,0,267,86,0,86,353
10/22/2005,FAI,AK,AAL,WE,Combined TRACON& Tower with Radar,38,33,2,0,73,0,33,33,0,66,38,66,35,0,139,100,0,100,239
10/23/2005,FAI,AK,AAL,WE,Combined TRACON& Tower with Radar,32,85,10,0,127,0,2,1,0,3,32,87,11,0,130,0,0,0,130
10/24/2005,FAI,AK,AAL,WE,Combined TRACON& Tower with Radar,33,88,7,3,131,0,0,0,0,0,33,88,7,3,131,0,0,0,131
10/25/2005,FAI,AK,AAL,WE,Combined TRACON& Tower with Radar,34,101,17,12,164,0,51,37,5,93,34,152,54,17,257,86,0,86,343
10/26/2005,FAI,AK,AAL,WE,Combined TRACON& Tower with Radar,30,70,9,16,125,0,98,0,8,106,30,168,9,24,231,97,8,105,336
10/27/2005,FAI,AK,AAL,WE,Combined TRACON& Tower with Radar,41,82,20,4,147,0,34,22,1,57,41,116,42,5,204,28,0,28,232
10/28/2005,FAI,AK,AAL,WE,Combined TRACON& Tower with Radar,39,75,10,10,134,1,79,59,6,145,40,154,69,16,279,130,0,130,409
10/29/2005,FAI,AK,AAL,WE,Combined TRACON& Tower with Radar,40,45,8,0,93,5,23,37,0,65,45,68,45,0,158,75,0,75,233
10/30/2005,FAI,AK,AAL,WE,Combined TRACON& Tower with Radar,29,48,2,0,79,0,9,47,0,56,29,57,49,0,135,32,0,32,167
10/31/2005,FAI,AK,AAL,WE,Combined TRACON& Tower with Radar,34,40,7,0,81,2,58,46,0,106,36,98,53,0,187,60,0,60,247
11/01/2005,FAI,AK,AAL,WE,Combined TRACON& Tower with Radar,44,53,4,8,109,4,55,34,0,93,48,108,38,8,202,46,1,47,249
11/02/2005,FAI,AK,AAL,WE,Combined TRACON& Tower with Radar,32,56,14,0,102,2,26,83,2,113,34,82,97,2,215,80,0,80,295
11/03/2005,FAI,AK,AAL,WE,Combined TRACON& Tower with Radar,38,59,20,2,119,0,74,41,2,117,38,133,61,4,236,43,0,43,279
11/04/2005,FAI,AK,AAL,WE,Combined TRACON& Tower with Radar,31,47,5,6,89,0,68,45,5,118,31,115,50,11,207,62,8,70,277
11/05/2005,FAI,AK,AAL,WE,Combined TRACON& Tower with Radar,36,29,4,0,69,0,35,33,0,68,36,64,37,0,137,44,0,44,181
11/06/2005,FAI,AK,AAL,WE,Combined TRACON& Tower with Radar,28,21,13,0,62,0,28,26,0,54,28,49,39,0,116,50,0,50,166
11/07/2005,FAI,AK,AAL,WE,Combined TRACON& Tower with Radar,41,46,3,3,93,1,41,26,0,68,42,87,29,3,161,8,0,8,169
11/08/2005,FAI,AK,AAL,WE,Combined TRACON& Tower with Radar,30,41,5,2,78,2,86,32,0,120,32,127,37,2,198,28,0,28,226
11/09/2005,FAI,AK,AAL,WE,Combined TRACON& Tower with Radar,29,66,16,0,111,1,71,30,0,102,30,137,46,0,213,57,0,57,270
11/10/2005,FAI,AK,AAL,WE,Combined TRACON& Tower with Radar,48,55,9,2,114,0,51,34,0,85,48,106,43,2,199,30,0,30,229
11/11/2005,FAI,AK,AAL,WE,Combined TRACON& Tower with Radar,38,37,12,0,87,0,60,44,0,104,38,97,56,0,191,78,0,78,269
11/12/2005,FAI,AK,AAL,WE,Combined TRACON& Tower with Radar,35,14,7,0,56,0,43,39,0,82,35,57,46,0,138,22,0,22,160
11/13/2005,FAI,AK,AAL,WE,Combined TRACON& Tower with Radar,29,18,9,0,56,0,35,48,0,83,29,53,57,0,139,105,0,105,244
11/14/2005,FAI,AK,AAL,WE,Combined TRACON& Tower with Radar,30,30,11,2,73,0,82,33,0,115,30,112,44,2,188,0,43,43,231
11/15/2005,FAI,AK,AAL,WE,Combined TRACON& Tower with Radar,39,32,8,8,87,0,87,32,0,119,39,119,40,8,206,36,0,36,242
11/16/2005,FAI,AK,AAL,WE,Combined TRACON& Tower with Radar,34,58,9,4,105,2,60,21,0,83,36,118,30,4,188,8,0,8,196
11/17/2005,FAI,AK,AAL,WE,Combined TRACON& Tower with Radar,39,74,25,2,140,2,24,17,2,45,41,98,42,4,185,74,0,74,259
11/18/2005,FAI,AK,AAL,WE,Combined TRACON& Tower with Radar,36,87,6,0,129,0,14,8,0,22,36,101,14,0,151,6,0,6,157
11/19/2005,FAI,AK,AAL,WE,Combined TRACON& Tower with Radar,34,44,6,0,84,0,5,9,0,14,34,49,15,0,98,2,0,2,100
11/20/2005,FAI,AK,AAL,WE,Combined TRACON& Tower with Radar,27,30,11,0,68,0,34,22,0,56,27,64,33,0,124,46,0,46,170
11/21/2005,FAI,AK,AAL,WE,Combined TRACON& Tower with Radar,36,79,8,0,123,0,50,14,0,64,36,129,22,0,187,44,0,44,231
11/22/2005,FAI,AK,AAL,WE,Combined TRACON& Tower with Radar,37,60,6,1,104,2,45,31,1,79,39,105,37,2,183,35,0,35,218
11/23/2005,FAI,AK,AAL,WE,Combined TRACON& Tower with Radar,28,69,8,2,107,0,7,5,0,12,28,76,13,2,119,0,0,0,119
11/24/2005,FAI,AK,AAL,WE,Combined TRACON& Tower with Radar,27,12,1,0,40,0,0,1,0,1,27,12,2,0,41,0,0,0,41
11/25/2005,FAI,AK,AAL,WE,Combined TRACON& Tower with Radar,31,79,10,0,120,0,11,5,0,16,31,90,15,0,136,0,0,0,136
11/26/2005,FAI,AK,AAL,WE,Combined TRACON& Tower with Radar,31,21,3,0,55,0,46,28,0,74,31,67,31,0,129,21,0,21,150
11/27/2005,FAI,AK,AAL,WE,Combined TRACON& Tower with Radar,29,27,1,0,57,0,22,20,0,42,29,49,21,0,99,10,0,10,109
11/28/2005,FAI,AK,AAL,WE,Combined TRACON& Tower with Radar,52,63,10,2,127,0,69,19,0,88,52,132,29,2,215,10,0,10,225
11/29/2005,FAI,AK,AAL,WE,Combined TRACON& Tower with Radar,41,103,9,6,159,0,23,23,0,46,41,126,32,6,205,72,0,72,277
11/30/2005,FAI,AK,AAL,WE,Combined TRACON& Tower with Radar,31,100,5,1,137,2,13,6,0,21,33,113,11,1,158,30,0,30,188
12/01/2005,FAI,AK,AAL,WE,Combined TRACON& Tower with Radar,35,82,7,3,127,0,34,31,3,68,35,116,38,6,195,80,0,80,275
12/02/2005,FAI,AK,AAL,WE,Combined TRACON& Tower with Radar,34,51,15,2,102,0,68,50,2,120,34,119,65,4,222,84,0,84,306
12/03/2005,FAI,AK,AAL,WE,Combined TRACON& Tower with Radar,32,35,10,0,77,0,32,18,0,50,32,67,28,0,127,6,0,6,133
12/04/2005,FAI,AK,AAL,WE,Combined TRACON& Tower with Radar,29,20,3,0,52,0,24,11,0,35,29,44,14,0,87,28,0,28,115
12/05/2005,FAI,AK,AAL,WE,Combined TRACON& Tower with Radar,36,36,4,0,76,0,55,90,0,145,36,91,94,0,221,56,0,56,277
12/06/2005,FAI,AK,AAL,WE,Combined TRACON& Tower with Radar,35,79,12,7,133,2,19,19,0,40,37,98,31,7,173,42,0,42,215
12/07/2005,FAI,AK,AAL,WE,Combined TRACON& Tower with Radar,42,60,11,4,117,0,53,22,0,75,42,113,33,4,192,46,0,46,238
12/08/2005,FAI,AK,AAL,WE,Combined TRACON& Tower with Radar,38,93,11,2,144,0,46,32,2,80,38,139,43,4,224,38,0,38,262
12/09/2005,FAI,AK,AAL,WE,Combined TRACON& Tower with Radar,33,86,10,6,135,0,65,31,0,96,33,151,41,6,231,89,0,89,320
12/10/2005,FAI,AK,AAL,WE,Combined TRACON& Tower with Radar,39,54,12,0,105,0,23,40,0,63,39,77,52,0,168,46,0,46,214
12/11/2005,FAI,AK,AAL,WE,Combined TRACON& Tower with Radar,29,42,7,0,78,0,20,38,2,60,29,62,45,2,138,94,0,94,232
12/12/2005,FAI,AK,AAL,WE,Combined TRACON& Tower with Radar,33,77,11,0,121,0,2,7,0,9,33,79,18,0,130,0,0,0,130
12/13/2005,FAI,AK,AAL,WE,Combined TRACON& Tower with Radar,37,48,0,8,93,0,61,38,3,102,37,109,38,11,195,8,0,8,203
12/14/2005,FAI,AK,AAL,WE,Combined TRACON& Tower with Radar,31,40,10,3,84,2,100,46,3,151,33,140,56,6,235,70,0,70,305
12/15/2005,FAI,AK,AAL,WE,Combined TRACON& Tower with Radar,41,63,21,2,127,2,65,41,4,112,43,128,62,6,239,76,0,76,315
12/16/2005,FAI,AK,AAL,WE,Combined TRACON& Tower with Radar,31,50,14,0,95,0,65,23,0,88,31,115,37,0,183,19,0,19,202
12/17/2005,FAI,AK,AAL,WE,Combined TRACON& Tower with Radar,33,46,24,0,103,0,40,46,0,86,33,86,70,0,189,68,0,68,257
12/18/2005,FAI,AK,AAL,WE,Combined TRACON& Tower with Radar,38,37,9,0,84,0,16,39,0,55,38,53,48,0,139,72,0,72,211
12/19/2005,FAI,AK,AAL,WE,Combined TRACON& Tower with Radar,41,47,9,7,104,4,70,31,2,107,45,117,40,9,211,36,0,36,247
12/20/2005,FAI,AK,AAL,WE,Combined TRACON& Tower with Radar,36,73,13,4,126,2,60,32,0,94,38,133,45,4,220,40,0,40,260
12/21/2005,FAI,AK,AAL,WE,Combined TRACON& Tower with Radar,31,56,31,4,122,2,89,18,0,109,33,145,49,4,231,30,0,30,261
12/22/2005,FAI,AK,AAL,WE,Combined TRACON& Tower with Radar,39,85,24,0,148,0,29,20,0,49,39,114,44,0,197,32,0,32,229
12/23/2005,FAI,AK,AAL,WE,Combined TRACON& Tower with Radar,36,87,38,0,161,0,39,33,0,72,36,126,71,0,233,0,0,0,233
12/24/2005,FAI,AK,AAL,WE,Combined TRACON& Tower with Radar,33,47,25,0,105,0,25,31,0,56,33,72,56,0,161,48,0,48,209
12/25/2005,FAI,AK,AAL,WE,Combined TRACON& Tower with Radar,19,0,0,0,19,0,0,1,0,1,19,0,1,0,20,0,0,0,20
12/26/2005,FAI,AK,AAL,WE,Combined TRACON& Tower with Radar,28,12,19,0,59,0,35,32,0,67,28,47,51,0,126,46,0,46,172
12/27/2005,FAI,AK,AAL,WE,Combined TRACON& Tower with Radar,32,38,18,1,89,0,78,50,1,129,32,116,68,2,218,24,0,24,242
12/28/2005,FAI,AK,AAL,WE,Combined TRACON& Tower with Radar,37,31,11,0,79,0,77,33,0,110,37,108,44,0,189,34,0,34,223
12/29/2005,FAI,AK,AAL,WE,Combined TRACON& Tower with Radar,44,45,6,6,101,0,77,42,6,125,44,122,48,12,226,41,0,41,267
12/30/2005,FAI,AK,AAL,WE,Combined TRACON& Tower with Radar,36,39,6,1,82,0,69,47,1,117,36,108,53,2,199,68,0,68,267
12/31/2005,FAI,AK,AAL,WE,Combined TRACON& Tower with Radar,26,23,4,0,53,0,39,36,0,75,26,62,40,0,128,24,0,24,152
01/01/2006,FAI,AK,AAL,WE,Combined TRACON& Tower with Radar,25,4,2,0,31,0,6,24,0,30,25,10,26,0,61,0,0,0,61
01/02/2006,FAI,AK,AAL,WE,Combined TRACON& Tower with Radar,29,35,4,2,70,0,43,29,0,72,29,78,33,2,142,22,0,22,164
01/03/2006,FAI,AK,AAL,WE,Combined TRACON& Tower with Radar,26,48,7,1,82,0,57,17,0,74,26,105,24,1,156,29,0,29,185
01/04/2006,FAI,AK,AAL,WE,Combined TRACON& Tower with Radar,24,48,9,0,81,1,53,39,0,93,25,101,48,0,174,2,0,2,176
01/05/2006,FAI,AK,AAL,WE,Combined TRACON& Tower with Radar,38,58,2,6,104,0,63,22,0,85,38,121,24,6,189,42,0,42,231
01/06/2006,FAI,AK,AAL,WE,Combined TRACON& Tower with Radar,40,44,11,2,97,0,69,26,0,95,40,113,37,2,192,12,0,12,204
01/07/2006,FAI,AK,AAL,WE,Combined TRACON& Tower with Radar,30,32,16,0,78,0,35,20,0,55,30,67,36,0,133,48,0,48,181
01/08/2006,FAI,AK,AAL,WE,Combined TRACON& Tower with Radar,27,15,8,2,52,0,35,24,0,59,27,50,32,2,111,14,0,14,125
01/09/2006,FAI,AK,AAL,WE,Combined TRACON& Tower with Radar,25,40,13,0,78,4,66,35,0,105,29,106,48,0,183,4,0,4,187
01/10/2006,FAI,AK,AAL,WE,Combined TRACON& Tower with Radar,39,71,6,9,125,0,43,25,0,68,39,114,31,9,193,22,0,22,215
01/11/2006,FAI,AK,AAL,WE,Combined TRACON& Tower with Radar,31,69,17,6,123,0,45,32,0,77,31,114,49,6,200,34,0,34,234
01/12/2006,FAI,AK,AAL,WE,Combined TRACON& Tower with Radar,41,59,5,2,107,0,49,14,2,65,41,108,19,4,172,18,0,18,190
01/13/2006,FAI,AK,AAL,WE,Combined TRACON& Tower with Radar,46,101,18,0,165,0,21,9,0,30,46,122,27,0,195,6,0,6,201
01/14/2006,FAI,AK,AAL,WE,Combined TRACON& Tower with Radar,35,37,5,0,77,0,8,0,0,8,35,45,5,0,85,0,0,0,85
01/15/2006,FAI,AK,AAL,WE,Combined TRACON& Tower with Radar,31,20,2,0,53,0,21,5,0,26,31,41,7,0,79,0,0,0,79
01/16/2006,FAI,AK,AAL,WE,Combined TRACON& Tower with Radar,29,40,21,0,90,0,32,1,0,33,29,72,22,0,123,46,0,46,169
01/17/2006,FAI,AK,AAL,WE,Combined TRACON& Tower with Radar,36,31,17,0,84,1,57,24,0,82,37,88,41,0,166,4,0,4,170
01/18/2006,FAI,AK,AAL,WE,Combined TRACON& Tower with Radar,38,57,21,1,117,1,68,20,1,90,39,125,41,2,207,12,0,12,219
01/19/2006,FAI,AK,AAL,WE,Combined TRACON& Tower with Radar,41,67,23,0,131,4,45,25,0,74,45,112,48,0,205,8,0,8,213
01/20/2006,FAI,AK,AAL,WE,Combined TRACON& Tower with Radar,39,43,21,0,103,0,3,0,0,3,39,46,21,0,106,0,0,0,106
01/21/2006,FAI,AK,AAL,WE,Combined TRACON& Tower with Radar,29,45,28,0,102,0,2,2,0,4,29,47,30,0,106,0,0,0,106
01/22/2006,FAI,AK,AAL,WE,Combined TRACON& Tower with Radar,29,34,3,0,66,0,6,8,0,14,29,40,11,0,80,2,0,2,82
01/23/2006,FAI,AK,AAL,WE,Combined TRACON& Tower with Radar,25,49,13,0,87,2,59,12,0,73,27,108,25,0,160,0,0,0,160
01/24/2006,FAI,AK,AAL,WE,Combined TRACON& Tower with Radar,38,55,30,8,131,6,43,25,12,86,44,98,55,20,217,8,0,8,225
01/25/2006,FAI,AK,AAL,WE,Combined TRACON& Tower with Radar,29,53,13,0,95,0,6,4,0,10,29,59,17,0,105,0,0,0,105
01/26/2006,FAI,AK,AAL,WE,Combined TRACON& Tower with Radar,34,40,9,0,83,0,0,2,8,10,34,40,11,8,93,0,0,0,93
01/27/2006,FAI,AK,AAL,WE,Combined TRACON& Tower with Radar,34,27,3,0,64,0,0,0,0,0,34,27,3,0,64,0,0,0,64
01/28/2006,FAI,AK,AAL,WE,Combined TRACON& Tower with Radar,29,34,18,0,81,0,8,14,0,22,29,42,32,0,103,0,0,0,103
01/29/2006,FAI,AK,AAL,WE,Combined TRACON& Tower with Radar,30,26,12,0,68,0,30,5,0,35,30,56,17,0,103,2,0,2,105
01/30/2006,FAI,AK,AAL,WE,Combined TRACON& Tower with Radar,24,39,10,1,74,0,79,22,1,102,24,118,32,2,176,0,0,0,176
01/31/2006,FAI,AK,AAL,WE,Combined TRACON& Tower with Radar,28,63,18,5,114,0,69,23,2,94,28,132,41,7,208,8,0,8,216
02/01/2006,FAI,AK,AAL,WE,Combined TRACON& Tower with Radar,34,82,8,1,125,0,22,15,1,38,34,104,23,2,163,2,0,2,165
02/02/2006,FAI,AK,AAL,WE,Combined TRACON& Tower with Radar,36,50,5,2,93,1,36,0,15,52,37,86,5,17,145,14,0,14,159
02/03/2006,FAI,AK,AAL,WE,Combined TRACON& Tower with Radar,30,64,10,4,108,0,49,12,0,61,30,113,22,4,169,0,0,0,169
02/04/2006,FAI,AK,AAL,WE,Combined TRACON& Tower with Radar,33,51,6,0,90,0,33,19,0,52,33,84,25,0,142,18,0,18,160
02/05/2006,FAI,AK,AAL,WE,Combined TRACON& Tower with Radar,31,32,19,0,82,0,29,15,0,44,31,61,34,0,126,4,0,4,130
02/06/2006,FAI,AK,AAL,WE,Combined TRACON& Tower with Radar,30,57,2,2,91,0,84,25,0,109,30,141,27,2,200,42,0,42,242
02/07/2006,FAI,AK,AAL,WE,Combined TRACON& Tower with Radar,30,65,10,4,109,0,40,49,0,89,30,105,59,4,198,38,0,38,236
02/08/2006,FAI,AK,AAL,WE,Combined TRACON& Tower with Radar,28,60,17,2,107,0,49,128,2,179,28,109,145,4,286,36,0,36,322
02/09/2006,FAI,AK,AAL,WE,Combined TRACON& Tower with Radar,38,43,16,3,100,0,0,0,0,0,38,43,16,3,100,54,0,54,154
02/10/2006,FAI,AK,AAL,WE,Combined TRACON& Tower with Radar,38,44,9,1,92,0,76,42,0,118,38,120,51,1,210,36,0,36,246
02/11/2006,FAI,AK,AAL,WE,Combined TRACON& Tower with Radar,34,17,10,0,61,0,44,67,0,111,34,61,77,0,172,98,0,98,270
02/12/2006,FAI,AK,AAL,WE,Combined TRACON& Tower with Radar,32,28,5,0,65,0,18,32,0,50,32,46,37,0,115,134,0,134,249
02/13/2006,FAI,AK,AAL,WE,Combined TRACON& Tower with Radar,27,50,1,0,78,0,1,0,0,1,27,51,1,0,79,0,0,0,79
02/14/2006,FAI,AK,AAL,WE,Combined TRACON& Tower with Radar,32,37,8,0,77,0,78,58,0,136,32,115,66,0,213,74,0,74,287
02/15/2006,FAI,AK,AAL,WE,Combined TRACON& Tower with Radar,30,34,2,0,66,2,72,53,0,127,32,106,55,0,193,38,0,38,231
02/16/2006,FAI,AK,AAL,WE,Combined TRACON& Tower with Radar,41,70,11,0,122,0,38,33,0,71,41,108,44,0,193,44,0,44,237
02/17/2006,FAI,AK,AAL,WE,Combined TRACON& Tower with Radar,33,31,10,0,74,0,92,54,0,146,33,123,64,0,220,118,0,118,338
02/18/2006,FAI,AK,AAL,WE,Combined TRACON& Tower with Radar,26,31,7,0,64,0,28,66,0,94,26,59,73,0,158,134,0,134,292
02/19/2006,FAI,AK,AAL,WE,Combined TRACON& Tower with Radar,25,34,5,0,64,0,18,8,0,26,25,52,13,0,90,4,0,4,94
02/20/2006,FAI,AK,AAL,WE,Combined TRACON& Tower with Radar,28,57,12,0,97,0,27,29,0,56,28,84,41,0,153,14,0,14,167
02/21/2006,FAI,AK,AAL,WE,Combined TRACON& Tower with Radar,30,80,14,6,130,1,5,8,6,20,31,85,22,12,150,0,0,0,150
02/22/2006,FAI,AK,AAL,WE,Combined TRACON& Tower with Radar,28,40,3,0,71,0,84,36,0,120,28,124,39,0,191,54,0,54,245
02/23/2006,FAI,AK,AAL,WE,Combined TRACON& Tower with Radar,38,57,7,0,102,0,60,49,0,109,38,117,56,0,211,30,0,30,241
02/24/2006,FAI,AK,AAL,WE,Combined TRACON& Tower with Radar,34,69,12,0,115,0,40,30,0,70,34,109,42,0,185,26,0,26,211
02/25/2006,FAI,AK,AAL,WE,Combined TRACON& Tower with Radar,34,34,8,0,76,0,0,0,0,0,34,34,8,0,76,0,0,0,76
02/26/2006,FAI,AK,AAL,WE,Combined TRACON& Tower with Radar,26,49,5,0,80,0,2,0,0,2,26,51,5,0,82,0,0,0,82
02/27/2006,FAI,AK,AAL,WE,Combined TRACON& Tower with Radar,33,42,4,6,85,4,80,40,2,126,37,122,44,8,211,26,0,26,237
02/28/2006,FAI,AK,AAL,WE,Combined TRACON& Tower with Radar,0,50,26,2,78,34,65,11,0,110,34,115,37,2,188,22,0,22,210
03/01/2006,FAI,AK,AAL,WE,Combined TRACON& Tower with Radar,32,35,14,9,90,2,71,34,14,121,34,106,48,23,211,8,8,16,227
03/02/2006,FAI,AK,AAL,WE,Combined TRACON& Tower with Radar,39,67,10,7,123,2,48,36,0,86,41,115,46,7,209,40,0,40,249
03/03/2006,FAI,AK,AAL,WE,Combined TRACON& Tower with Radar,46,34,10,5,95,4,73,30,1,108,50,107,40,6,203,86,0,86,289
03/04/2006,FAI,AK,AAL,WE,Combined TRACON& Tower with Radar,31,28,13,0,72,0,57,59,0,116,31,85,72,0,188,104,0,104,292
03/05/2006,FAI,AK,AAL,WE,Combined TRACON& Tower with Radar,27,16,15,1,59,0,28,47,0,75,27,44,62,1,134,132,0,132,266
03/06/2006,FAI,AK,AAL,WE,Combined TRACON& Tower with Radar,26,41,26,8,101,2,70,84,4,160,28,111,110,12,261,74,12,86,347
03/07/2006,FAI,AK,AAL,WE,Combined TRACON& Tower with Radar,31,52,7,7,97,0,79,56,10,145,31,131,63,17,242,80,8,88,330
03/08/2006,FAI,AK,AAL,WE,Combined TRACON& Tower with Radar,32,104,18,0,154,0,4,3,0,7,32,108,21,0,161,0,0,0,161
03/09/2006,FAI,AK,AAL,WE,Combined TRACON& Tower with Radar,42,71,21,5,139,0,40,24,4,68,42,111,45,9,207,56,0,56,263
03/10/2006,FAI,AK,AAL,WE,Combined TRACON& Tower with Radar,34,55,27,0,116,0,85,32,0,117,34,140,59,0,233,2,0,2,235
03/11/2006,FAI,AK,AAL,WE,Combined TRACON& Tower with Radar,34,32,16,0,82,0,45,72,0,117,34,77,88,0,199,76,0,76,275
03/12/2006,FAI,AK,AAL,WE,Combined TRACON& Tower with Radar,29,22,16,0,67,0,36,41,0,77,29,58,57,0,144,26,0,26,170
03/13/2006,FAI,AK,AAL,WE,Combined TRACON& Tower with Radar,28,33,11,2,74,0,88,45,0,133,28,121,56,2,207,48,0,48,255
03/14/2006,FAI,AK,AAL,WE,Combined TRACON& Tower with Radar,34,26,12,0,72,0,75,61,0,136,34,101,73,0,208,80,0,80,288
03/15/2006,FAI,AK,AAL,WE,Combined TRACON& Tower with Radar,28,47,13,2,90,0,97,57,0,154,28,144,70,2,244,32,0,32,276
03/16/2006,FAI,AK,AAL,WE,Combined TRACON& Tower with Radar,45,54,11,4,114,0,88,35,6,129,45,142,46,10,243,28,6,34,277
03/17/2006,FAI,AK,AAL,WE,Combined TRACON& Tower with Radar,30,34,15,7,86,0,82,20,1,103,30,116,35,8,189,7,4,11,200
03/18/2006,FAI,AK,AAL,WE,Combined TRACON& Tower with Radar,32,36,12,1,81,0,48,27,0,75,32,84,39,1,156,62,0,62,218
03/19/2006,FAI,AK,AAL,WE,Combined TRACON& Tower with Radar,31,56,6,0,93,0,26,27,0,53,31,82,33,0,146,60,0,60,206
03/20/2006,FAI,AK,AAL,WE,Combined TRACON& Tower with Radar,28,60,5,5,98,2,81,36,0,119,30,141,41,5,217,92,0,92,309
03/21/2006,FAI,AK,AAL,WE,Combined TRACON& Tower with Radar,32,84,16,3,135,0,32,32,0,64,32,116,48,3,199,82,0,82,281
03/22/2006,FAI,AK,AAL,WE,Combined TRACON& Tower with Radar,30,75,11,5,121,1,33,43,0,77,31,108,54,5,198,36,0,36,234
03/23/2006,FAI,AK,AAL,WE,Combined TRACON& Tower with Radar,50,90,14,0,154,4,40,46,0,90,54,130,60,0,244,38,0,38,282
03/24/2006,FAI,AK,AAL,WE,Combined TRACON& Tower with Radar,46,97,6,1,150,4,38,17,0,59,50,135,23,1,209,22,0,22,231
03/25/2006,FAI,AK,AAL,WE,Combined TRACON& Tower with Radar,40,63,13,0,116,2,30,22,0,54,42,93,35,0,170,56,0,56,226
03/26/2006,FAI,AK,AAL,WE,Combined TRACON& Tower with Radar,28,39,7,0,74,0,28,53,0,81,28,67,60,0,155,154,0,154,309
03/27/2006,FAI,AK,AAL,WE,Combined TRACON& Tower with Radar,35,54,15,16,120,4,83,70,0,157,39,137,85,16,277,136,1,137,414
03/28/2006,FAI,AK,AAL,WE,Combined TRACON& Tower with Radar,33,37,10,7,87,2,89,73,4,168,35,126,83,11,255,46,0,46,301
03/29/2006,FAI,AK,AAL,WE,Combined TRACON& Tower with Radar,32,48,16,14,110,0,97,59,0,156,32,145,75,14,266,114,0,114,380
03/30/2006,FAI,AK,AAL,WE,Combined TRACON& Tower with Radar,38,38,14,0,90,2,92,52,0,146,40,130,66,0,236,104,0,104,340
03/31/2006,FAI,AK,AAL,WE,Combined TRACON& Tower with Radar,35,46,8,4,93,0,90,67,2,159,35,136,75,6,252,170,0,170,422
04/01/2006,FAI,AK,AAL,WE,Combined TRACON& Tower with Radar,31,19,22,0,72,0,47,87,0,134,31,66,109,0,206,108,0,108,314
04/02/2006,FAI,AK,AAL,WE,Combined TRACON& Tower with Radar,30,28,3,0,61,0,6,25,0,31,30,34,28,0,92,48,0,48,140
04/03/2006,FAI,AK,AAL,WE,Combined TRACON& Tower with Radar,32,39,19,4,94,2,78,73,3,156,34,117,92,7,250,108,0,108,358
04/04/2006,FAI,AK,AAL,WE,Combined TRACON& Tower with Radar,41,62,12,2,117,5,35,54,0,94,46,97,66,2,211,84,0,84,295
04/05/2006,FAI,AK,AAL,WE,Combined TRACON& Tower with Radar,38,98,11,9,156,2,0,41,5,48,40,98,52,14,204,84,0,84,288
04/06/2006,FAI,AK,AAL,WE,Combined TRACON& Tower with Radar,38,46,10,2,96,0,68,72,3,143,38,114,82,5,239,194,0,194,433
04/07/2006,FAI,AK,AAL,WE,Combined TRACON& Tower with Radar,26,27,13,0,66,0,81,67,0,148,26,108,80,0,214,126,0,126,340
04/08/2006,FAI,AK,AAL,WE,Combined TRACON& Tower with Radar,29,12,15,0,56,0,47,86,0,133,29,59,101,0,189,116,0,116,305
04/09/2006,FAI,AK,AAL,WE,Combined TRACON& Tower with Radar,25,32,5,1,63,0,14,35,0,49,25,46,40,1,112,29,0,29,141
04/10/2006,FAI,AK,AAL,WE,Combined TRACON& Tower with Radar,33,76,13,0,122,0,22,9,0,31,33,98,22,0,153,38,0,38,191
04/11/2006,FAI,AK,AAL,WE,Combined TRACON& Tower with Radar,34,77,14,4,129,0,22,30,1,53,34,99,44,5,182,60,0,60,242
04/12/2006,FAI,AK,AAL,WE,Combined TRACON& Tower with Radar,30,43,13,4,90,0,68,73,4,145,30,111,86,8,235,138,0,138,373
04/13/2006,FAI,AK,AAL,WE,Combined TRACON& Tower with Radar,38,50,12,6,106,2,70,53,0,125,40,120,65,6,231,68,0,68,299
04/14/2006,FAI,AK,AAL,WE,Combined TRACON& Tower with Radar,31,33,7,0,71,0,80,61,0,141,31,113,68,0,212,79,0,79,291
04/15/2006,FAI,AK,AAL,WE,Combined TRACON& Tower with Radar,34,23,10,0,67,0,51,57,0,108,34,74,67,0,175,98,0,98,273
04/16/2006,FAI,AK,AAL,WE,Combined TRACON& Tower with Radar,28,8,1,0,37,0,21,43,0,64,28,29,44,0,101,16,0,16,117
04/17/2006,FAI,AK,AAL,WE,Combined TRACON& Tower with Radar,32,31,18,0,81,0,79,61,0,140,32,110,79,0,221,116,0,116,337
04/18/2006,FAI,AK,AAL,WE,Combined TRACON& Tower with Radar,34,44,10,0,88,0,58,57,0,115,34,102,67,0,203,88,0,88,291
04/19/2006,FAI,AK,AAL,WE,Combined TRACON& Tower with Radar,25,68,23,10,126,0,81,74,4,159,25,149,97,14,285,172,0,172,457
04/20/2006,FAI,AK,AAL,WE,Combined TRACON& Tower with Radar,39,70,33,1,143,0,69,73,1,143,39,139,106,2,286,174,0,174,460
04/21/2006,FAI,AK,AAL,WE,Combined TRACON& Tower with Radar,33,55,12,1,101,0,74,63,1,138,33,129,75,2,239,114,0,114,353
04/22/2006,FAI,AK,AAL,WE,Combined TRACON& Tower with Radar,33,20,15,0,68,0,46,74,0,120,33,66,89,0,188,148,0,148,336
04/23/2006,FAI,AK,AAL,WE,Combined TRACON& Tower with Radar,28,22,14,0,64,0,29,62,0,91,28,51,76,0,155,126,0,126,281
04/24/2006,FAI,AK,AAL,WE,Combined TRACON& Tower with Radar,32,70,21,4,127,0,31,23,2,56,32,101,44,6,183,95,0,95,278
04/25/2006,FAI,AK,AAL,WE,Combined TRACON& Tower with Radar,33,71,15,2,121,0,38,44,0,82,33,109,59,2,203,122,0,122,325
04/26/2006,FAI,AK,AAL,WE,Combined TRACON& Tower with Radar,37,53,11,0,101,2,81,73,0,156,39,134,84,0,257,90,0,90,347
04/27/2006,FAI,AK,AAL,WE,Combined TRACON& Tower with Radar,38,50,24,2,114,0,86,63,2,151,38,136,87,4,265,148,0,148,413
04/28/2006,FAI,AK,AAL,WE,Combined TRACON& Tower with Radar,25,43,18,1,87,0,82,90,1,173,25,125,108,2,260,61,0,61,321
04/29/2006,FAI,AK,AAL,WE,Combined TRACON& Tower with Radar,32,41,9,0,82,0,47,50,0,97,32,88,59,0,179,104,0,104,283
04/30/2006,FAI,AK,AAL,WE,Combined TRACON& Tower with Radar,28,21,13,2,64,0,36,97,0,133,28,57,110,2,197,126,0,126,323
05/01/2006,FAI,AK,AAL,WE,Combined TRACON& Tower with Radar,34,33,15,0,82,0,2,18,0,20,34,35,33,0,102,92,0,92,194
05/02/2006,FAI,AK,AAL,WE,Combined TRACON& Tower with Radar,38,41,19,3,101,1,85,80,4,170,39,126,99,7,271,76,0,76,347
05/03/2006,FAI,AK,AAL,WE,Combined TRACON& Tower with Radar,33,31,13,7,84,0,81,90,2,173,33,112,103,9,257,152,4,156,413
05/04/2006,FAI,AK,AAL,WE,Combined TRACON& Tower with Radar,37,66,22,3,128,0,52,94,1,147,37,118,116,4,275,160,0,160,435
05/05/2006,FAI,AK,AAL,WE,Combined TRACON& Tower with Radar,28,51,26,15,120,0,78,84,4,166,28,129,110,19,286,140,6,146,432
05/06/2006,FAI,AK,AAL,WE,Combined TRACON& Tower with Radar,34,19,10,0,63,0,43,90,0,133,34,62,100,0,196,204,0,204,400
05/07/2006,FAI,AK,AAL,WE,Combined TRACON& Tower with Radar,26,32,7,1,66,0,13,47,0,60,26,45,54,1,126,110,0,110,236
05/08/2006,FAI,AK,AAL,WE,Combined TRACON& Tower with Radar,37,43,27,4,111,3,71,51,1,126,40,114,78,5,237,136,0,136,373
05/09/2006,FAI,AK,AAL,WE,Combined TRACON& Tower with Radar,31,41,16,0,88,2,67,89,0,158,33,108,105,0,246,208,0,208,454
05/10/2006,FAI,AK,AAL,WE,Combined TRACON& Tower with Radar,33,41,25,0,99,1,92,87,0,180,34,133,112,0,279,222,0,222,501
05/11/2006,FAI,AK,AAL,WE,Combined TRACON& Tower with Radar,40,48,13,2,103,0,81,73,0,154,40,129,86,2,257,98,0,98,355
05/12/2006,FAI,AK,AAL,WE,Combined TRACON& Tower with Radar,35,41,17,0,93,0,80,82,0,162,35,121,99,0,255,163,0,163,418
05/13/2006,FAI,AK,AAL,WE,Combined TRACON& Tower with Radar,36,23,25,0,84,0,41,118,0,159,36,64,143,0,243,94,4,98,341
05/14/2006,FAI,AK,AAL,WE,Combined TRACON& Tower with Radar,29,18,11,0,58,0,26,98,0,124,29,44,109,0,182,97,0,97,279
05/15/2006,FAI,AK,AAL,WE,Combined TRACON& Tower with Radar,39,31,12,3,85,1,92,52,1,146,40,123,64,4,231,168,0,168,399
05/16/2006,FAI,AK,AAL,WE,Combined TRACON& Tower with Radar,38,38,24,5,105,0,72,115,3,190,38,110,139,8,295,268,0,268,563
05/17/2006,FAI,AK,AAL,WE,Combined TRACON& Tower with Radar,31,46,26,5,108,0,79,82,3,164,31,125,108,8,272,148,0,148,420
05/18/2006,FAI,AK,AAL,WE,Combined TRACON& Tower with Radar,40,90,15,2,147,0,23,41,0,64,40,113,56,2,211,154,0,154,365
05/19/2006,FAI,AK,AAL,WE,Combined TRACON& Tower with Radar,38,58,24,2,122,0,60,97,0,157,38,118,121,2,279,134,0,134,413
05/20/2006,FAI,AK,AAL,WE,Combined TRACON& Tower with Radar,34,20,9,0,63,0,62,90,0,152,34,82,99,0,215,166,0,166,381
05/21/2006,FAI,AK,AAL,WE,Combined TRACON& Tower with Radar,36,38,8,0,82,0,25,72,0,97,36,63,80,0,179,104,0,104,283
05/22/2006,FAI,AK,AAL,WE,Combined TRACON& Tower with Radar,6,86,14,2,108,0,18,65,4,87,6,104,79,6,195,148,0,148,343
05/23/2006,FAI,AK,AAL,WE,Combined TRACON& Tower with Radar,39,38,19,0,96,0,98,155,0,253,39,136,174,0,349,184,0,184,533
05/24/2006,FAI,AK,AAL,WE,Combined TRACON& Tower with Radar,33,44,13,0,90,0,86,109,0,195,33,130,122,0,285,128,0,128,413
05/25/2006,FAI,AK,AAL,WE,Combined TRACON& Tower with Radar,46,36,18,1,101,0,80,110,0,190,46,116,128,1,291,284,0,284,575
05/26/2006,FAI,AK,AAL,WE,Combined TRACON& Tower with Radar,38,32,17,1,88,0,102,100,1,203,38,134,117,2,291,136,0,136,427
05/27/2006,FAI,AK,AAL,WE,Combined TRACON& Tower with Radar,32,32,11,0,75,0,57,83,0,140,32,89,94,0,215,54,0,54,269
05/28/2006,FAI,AK,AAL,WE,Combined TRACON& Tower with Radar,28,12,13,0,53,0,40,133,0,173,28,52,146,0,226,175,0,175,401
05/29/2006,FAI,AK,AAL,WE,Combined TRACON& Tower with Radar,36,14,2,0,52,0,48,76,0,124,36,62,78,0,176,114,0,114,290
05/30/2006,FAI,AK,AAL,WE,Combined TRACON& Tower with Radar,36,34,15,6,91,2,97,109,2,210,38,131,124,8,301,136,0,136,437
05/31/2006,FAI,AK,AAL,WE,Combined TRACON& Tower with Radar,31,52,34,6,123,0,108,72,0,180,31,160,106,6,303,92,0,92,395
06/01/2006,FAI,AK,AAL,WE,Combined TRACON& Tower with Radar,43,41,24,5,113,0,96,87,3,186,43,137,111,8,299,192,0,192,491
06/02/2006,FAI,AK,AAL,WE,Combined TRACON& Tower with Radar,37,41,16,3,97,0,91,96,4,191,37,132,112,7,288,132,0,132,420
06/03/2006,FAI,AK,AAL,WE,Combined TRACON& Tower with Radar,31,29,12,0,72,0,45,39,0,84,31,74,51,0,156,10,0,10,166
06/04/2006,FAI,AK,AAL,WE,Combined TRACON& Tower with Radar,30,31,16,0,77,0,33,83,0,116,30,64,99,0,193,41,0,41,234
06/05/2006,FAI,AK,AAL,WE,Combined TRACON& Tower with Radar,45,35,10,6,96,0,122,53,5,180,45,157,63,11,276,184,0,184,460
06/06/2006,FAI,AK,AAL,WE,Combined TRACON& Tower with Radar,40,73,13,2,128,0,74,98,0,172,40,147,111,2,300,118,0,118,418
06/07/2006,FAI,AK,AAL,WE,Combined TRACON& Tower with Radar,38,60,14,2,114,0,76,87,0,163,38,136,101,2,277,110,0,110,387
06/08/2006,FAI,AK,AAL,WE,Combined TRACON& Tower with Radar,43,91,24,7,165,0,79,74,8,161,43,170,98,15,326,90,0,90,416
06/09/2006,FAI,AK,AAL,WE,Combined TRACON& Tower with Radar,46,34,13,4,97,0,103,115,2,220,46,137,128,6,317,195,0,195,512
06/10/2006,FAI,AK,AAL,WE,Combined TRACON& Tower with Radar,39,22,12,4,77,0,86,91,2,179,39,108,103,6,256,48,0,48,304
06/11/2006,FAI,AK,AAL,WE,Combined TRACON& Tower with Radar,42,25,5,0,72,0,60,142,0,202,42,85,147,0,274,144,0,144,418
06/12/2006,FAI,AK,AAL,WE,Combined TRACON& Tower with Radar,43,29,10,5,87,0,122,74,0,196,43,151,84,5,283,170,0,170,453
06/13/2006,FAI,AK,AAL,WE,Combined TRACON& Tower with Radar,42,53,15,18,128,3,103,129,14,249,45,156,144,32,377,182,0,182,559
06/14/2006,FAI,AK,AAL,WE,Combined TRACON& Tower with Radar,40,45,9,4,98,0,118,99,4,221,40,163,108,8,319,138,0,138,457
06/15/2006,FAI,AK,AAL,WE,Combined TRACON& Tower with Radar,45,46,20,4,115,0,97,107,3,207,45,143,127,7,322,78,0,78,400
06/16/2006,FAI,AK,AAL,WE,Combined TRACON& Tower with Radar,40,60,14,0,114,0,85,102,0,187,40,145,116,0,301,154,0,154,455
06/17/2006,FAI,AK,AAL,WE,Combined TRACON& Tower with Radar,45,54,12,0,111,2,59,134,0,195,47,113,146,0,306,130,0,130,436
06/18/2006,FAI,AK,AAL,WE,Combined TRACON& Tower with Radar,32,31,7,0,70,0,50,109,0,159,32,81,116,0,229,173,0,173,402
06/19/2006,FAI,AK,AAL,WE,Combined TRACON& Tower with Radar,43,39,22,14,118,2,108,110,2,222,45,147,132,16,340,201,0,201,541
06/20/2006,FAI,AK,AAL,WE,Combined TRACON& Tower with Radar,45,62,17,0,124,5,101,99,0,205,50,163,116,0,329,154,0,154,483
06/21/2006,FAI,AK,AAL,WE,Combined TRACON& Tower with Radar,41,34,13,4,92,0,107,114,4,225,41,141,127,8,317,126,0,126,443
06/22/2006,FAI,AK,AAL,WE,Combined TRACON& Tower with Radar,50,70,24,8,152,0,102,96,0,198,50,172,120,8,350,74,0,74,424
06/23/2006,FAI,AK,AAL,WE,Combined TRACON& Tower with Radar,51,62,32,3,148,1,105,142,3,251,52,167,174,6,399,98,0,98,497
06/24/2006,FAI,AK,AAL,WE,Combined TRACON& Tower with Radar,48,40,8,0,96,2,88,126,0,216,50,128,134,0,312,200,0,200,512
06/25/2006,FAI,AK,AAL,WE,Combined TRACON& Tower with Radar,33,31,7,0,71,0,67,137,0,204,33,98,144,0,275,168,0,168,443
06/26/2006,FAI,AK,AAL,WE,Combined TRACON& Tower with Radar,51,71,24,2,148,4,82,99,0,185,55,153,123,2,333,54,6,60,393
06/27/2006,FAI,AK,AAL,WE,Combined TRACON& Tower with Radar,39,61,36,6,142,0,75,108,0,183,39,136,144,6,325,130,0,130,455
06/28/2006,FAI,AK,AAL,WE,Combined TRACON& Tower with Radar,47,54,23,3,127,4,102,98,1,205,51,156,121,4,332,120,0,120,452
06/29/2006,FAI,AK,AAL,WE,Combined TRACON& Tower with Radar,46,94,24,2,166,0,65,124,2,191,46,159,148,4,357,106,0,106,463
06/30/2006,FAI,AK,AAL,WE,Combined TRACON& Tower with Radar,43,99,25,4,171,0,44,75,1,120,43,143,100,5,291,40,0,40,331
07/01/2006,FAI,AK,AAL,WE,Combined TRACON& Tower with Radar,39,53,20,0,112,0,57,97,0,154,39,110,117,0,266,108,0,108,374
07/02/2006,FAI,AK,AAL,WE,Combined TRACON& Tower with Radar,33,62,16,0,111,0,11,92,0,103,33,73,108,0,214,23,0,23,237
07/03/2006,FAI,AK,AAL,WE,Combined TRACON& Tower with Radar,43,71,94,0,208,0,85,37,0,122,43,156,131,0,330,137,0,137,467
07/04/2006,FAI,AK,AAL,WE,Combined TRACON& Tower with Radar,37,19,11,0,67,0,40,115,0,155,37,59,126,0,222,0,0,0,222
07/05/2006,FAI,AK,AAL,WE,Combined TRACON& Tower with Radar,40,47,13,1,101,0,102,131,1,234,40,149,144,2,335,68,0,68,403
07/06/2006,FAI,AK,AAL,WE,Combined TRACON& Tower with Radar,48,77,16,2,143,1,64,95,1,161,49,141,111,3,304,48,0,48,352
07/07/2006,FAI,AK,AAL,WE,Combined TRACON& Tower with Radar,49,105,51,1,206,0,24,56,0,80,49,129,107,1,286,78,0,78,364
07/08/2006,FAI,AK,AAL,WE,Combined TRACON& Tower with Radar,37,57,15,0,109,0,47,118,0,165,37,104,133,0,274,108,0,108,382
07/09/2006,FAI,AK,AAL,WE,Combined TRACON& Tower with Radar,33,23,16,8,80,0,74,145,0,219,33,97,161,8,299,68,0,68,367
07/10/2006,FAI,AK,AAL,WE,Combined TRACON& Tower with Radar,44,38,24,8,114,0,127,120,2,249,44,165,144,10,363,156,2,158,521
07/11/2006,FAI,AK,AAL,WE,Combined TRACON& Tower with Radar,41,48,28,5,122,0,120,139,1,260,41,168,167,6,382,76,0,76,458
07/12/2006,FAI,AK,AAL,WE,Combined TRACON& Tower with Radar,41,39,14,1,95,0,98,148,1,247,41,137,162,2,342,48,0,48,390
07/13/2006,FAI,AK,AAL,WE,Combined TRACON& Tower with Radar,45,102,12,6,165,0,42,81,2,125,45,144,93,8,290,56,0,56,346
07/14/2006,FAI,AK,AAL,WE,Combined TRACON& Tower with Radar,43,81,12,0,136,0,79,87,0,166,43,160,99,0,302,101,0,101,403
07/15/2006,FAI,AK,AAL,WE,Combined TRACON& Tower with Radar,40,77,20,0,137,0,44,65,0,109,40,121,85,0,246,44,0,44,290
07/16/2006,FAI,AK,AAL,WE,Combined TRACON& Tower with Radar,36,60,22,0,118,0,11,52,0,63,36,71,74,0,181,32,0,32,213
07/17/2006,FAI,AK,AAL,WE,Combined TRACON& Tower with Radar,42,76,26,9,153,0,78,75,1,154,42,154,101,10,307,172,0,172,479
07/18/2006,FAI,AK,AAL,WE,Combined TRACON& Tower with Radar,41,57,9,4,111,0,97,103,1,201,41,154,112,5,312,108,0,108,420
07/19/2006,FAI,AK,AAL,WE,Combined TRACON& Tower with Radar,44,68,18,15,145,0,110,121,0,231,44,178,139,15,376,114,0,114,490
07/20/2006,FAI,AK,AAL,WE,Combined TRACON& Tower with Radar,47,50,21,4,122,5,122,151,3,281,52,172,172,7,403,139,0,139,542
07/21/2006,FAI,AK,AAL,WE,Combined TRACON& Tower with Radar,41,41,11,8,101,0,112,162,2,276,41,153,173,10,377,122,0,122,499
07/22/2006,FAI,AK,AAL,WE,Combined TRACON& Tower with Radar,38,26,14,0,78,0,83,142,0,225,38,109,156,0,303,65,0,65,368
07/23/2006,FAI,AK,AAL,WE,Combined TRACON& Tower with Radar,34,18,6,0,58,0,66,135,0,201,34,84,141,0,259,116,0,116,375
07/24/2006,FAI,AK,AAL,WE,Combined TRACON& Tower with Radar,47,37,17,9,110,0,106,129,10,245,47,143,146,19,355,93,0,93,448
07/25/2006,FAI,AK,AAL,WE,Combined TRACON& Tower with Radar,46,56,15,13,130,1,94,118,4,217,47,150,133,17,347,84,10,94,441
07/26/2006,FAI,AK,AAL,WE,Combined TRACON& Tower with Radar,43,65,13,6,127,0,94,115,2,211,43,159,128,8,338,128,0,128,466
07/27/2006,FAI,AK,AAL,WE,Combined TRACON& Tower with Radar,52,47,18,6,123,0,100,91,1,192,52,147,109,7,315,96,0,96,411
07/28/2006,FAI,AK,AAL,WE,Combined TRACON& Tower with Radar,41,49,15,4,109,0,127,204,2,333,41,176,219,6,442,103,2,105,547
07/29/2006,FAI,AK,AAL,WE,Combined TRACON& Tower with Radar,39,54,26,0,119,0,45,74,0,119,39,99,100,0,238,40,0,40,278
07/30/2006,FAI,AK,AAL,WE,Combined TRACON& Tower with Radar,33,58,8,0,99,0,14,43,0,57,33,72,51,0,156,30,0,30,186
07/31/2006,FAI,AK,AAL,WE,Combined TRACON& Tower with Radar,50,79,19,1,149,0,63,77,0,140,50,142,96,1,289,101,0,101,390
08/01/2006,FAI,AK,AAL,WE,Combined TRACON& Tower with Radar,43,39,8,5,95,0,113,143,3,259,43,152,151,8,354,192,0,192,546
08/02/2006,FAI,AK,AAL,WE,Combined TRACON& Tower with Radar,46,82,24,4,156,0,105,94,0,199,46,187,118,4,355,154,0,154,509
08/03/2006,FAI,AK,AAL,WE,Combined TRACON& Tower with Radar,45,52,17,4,118,0,110,124,3,237,45,162,141,7,355,176,0,176,531
08/04/2006,FAI,AK,AAL,WE,Combined TRACON& Tower with Radar,42,55,18,1,116,1,137,140,0,278,43,192,158,1,394,174,0,174,568
08/05/2006,FAI,AK,AAL,WE,Combined TRACON& Tower with Radar,41,22,6,1,70,0,67,146,0,213,41,89,152,1,283,159,0,159,442
08/06/2006,FAI,AK,AAL,WE,Combined TRACON& Tower with Radar,36,24,16,1,77,0,62,133,0,195,36,86,149,1,272,194,0,194,466
08/07/2006,FAI,AK,AAL,WE,Combined TRACON& Tower with Radar,44,50,17,3,114,1,108,101,1,211,45,158,118,4,325,42,0,42,367
08/08/2006,FAI,AK,AAL,WE,Combined TRACON& Tower with Radar,40,62,22,2,126,0,107,87,0,194,40,169,109,2,320,85,2,87,407
08/09/2006,FAI,AK,AAL,WE,Combined TRACON& Tower with Radar,45,42,25,18,130,0,127,116,1,244,45,169,141,19,374,100,6,106,480
08/10/2006,FAI,AK,AAL,WE,Combined TRACON& Tower with Radar,47,117,26,10,200,0,27,38,4,69,47,144,64,14,269,40,0,40,309
08/11/2006,FAI,AK,AAL,WE,Combined TRACON& Tower with Radar,43,56,17,5,121,0,98,127,0,225,43,154,144,5,346,136,0,136,482
08/12/2006,FAI,AK,AAL,WE,Combined TRACON& Tower with Radar,42,92,25,0,159,0,14,32,0,46,42,106,57,0,205,18,0,18,223
08/13/2006,FAI,AK,AAL,WE,Combined TRACON& Tower with Radar,38,73,38,0,149,0,22,31,0,53,38,95,69,0,202,26,0,26,228
08/14/2006,FAI,AK,AAL,WE,Combined TRACON& Tower with Radar,45,93,28,3,169,1,77,113,1,192,46,170,141,4,361,94,0,94,455
08/15/2006,FAI,AK,AAL,WE,Combined TRACON& Tower with Radar,42,72,34,8,156,0,93,94,3,190,42,165,128,11,346,76,0,76,422
08/16/2006,FAI,AK,AAL,WE,Combined TRACON& Tower with Radar,39,106,45,13,203,0,61,85,2,148,39,167,130,15,351,108,0,108,459
08/17/2006,FAI,AK,AAL,WE,Combined TRACON& Tower with Radar,53,89,36,3,181,1,71,80,0,152,54,160,116,3,333,136,0,136,469
08/18/2006,FAI,AK,AAL,WE,Combined TRACON& Tower with Radar,38,104,62,4,208,0,13,21,0,34,38,117,83,4,242,14,0,14,256
08/19/2006,FAI,AK,AAL,WE,Combined TRACON& Tower with Radar,44,53,31,1,129,0,60,104,0,164,44,113,135,1,293,182,0,182,475
08/20/2006,FAI,AK,AAL,WE,Combined TRACON& Tower with Radar,49,63,34,0,146,0,49,104,0,153,49,112,138,0,299,110,0,110,409
08/21/2006,FAI,AK,AAL,WE,Combined TRACON& Tower with Radar,47,95,30,5,177,0,44,65,4,113,47,139,95,9,290,86,0,86,376
08/22/2006,FAI,AK,AAL,WE,Combined TRACON& Tower with Radar,52,60,22,2,136,0,95,131,2,228,52,155,153,4,364,176,0,176,540
08/23/2006,FAI,AK,AAL,WE,Combined TRACON& Tower with Radar,45,106,17,8,176,0,75,78,7,160,45,181,95,15,336,92,0,92,428
08/24/2006,FAI,AK,AAL,WE,Combined TRACON& Tower with Radar,51,51,12,9,123,1,131,153,5,290,52,182,165,14,413,176,0,176,589
08/25/2006,FAI,AK,AAL,WE,Combined TRACON& Tower with Radar,46,94,17,5,162,0,64,79,1,144,46,158,96,6,306,88,0,88,394
08/26/2006,FAI,AK,AAL,WE,Combined TRACON& Tower with Radar,40,77,10,2,129,0,40,86,0,126,40,117,96,2,255,126,0,126,381
08/27/2006,FAI,AK,AAL,WE,Combined TRACON& Tower with Radar,31,26,19,9,85,0,55,130,0,185,31,81,149,9,270,138,0,138,408
08/28/2006,FAI,AK,AAL,WE,Combined TRACON& Tower with Radar,44,61,20,14,139,3,73,105,6,187,47,134,125,20,326,97,0,97,423
08/29/2006,FAI,AK,AAL,WE,Combined TRACON& Tower with Radar,38,50,20,4,112,1,125,190,7,323,39,175,210,11,435,162,8,170,605
08/30/2006,FAI,AK,AAL,WE,Combined TRACON& Tower with Radar,42,53,13,6,114,3,131,155,4,293,45,184,168,10,407,84,0,84,491
08/31/2006,FAI,AK,AAL,WE,Combined TRACON& Tower with Radar,51,66,22,2,141,1,139,152,1,293,52,205,174,3,434,104,0,104,538
09/01/2006,FAI,AK,AAL,WE,Combined TRACON& Tower with Radar,46,47,9,2,104,2,0,125,1,128,48,47,134,3,232,101,0,101,333
09/02/2006,FAI,AK,AAL,WE,Combined TRACON& Tower with Radar,33,32,15,1,81,1,82,160,1,244,34,114,175,2,325,145,2,147,472
09/03/2006,FAI,AK,AAL,WE,Combined TRACON& Tower with Radar,32,26,11,0,69,0,59,147,0,206,32,85,158,0,275,91,0,91,366
09/04/2006,FAI,AK,AAL,WE,Combined TRACON& Tower with Radar,36,16,6,0,58,0,77,160,0,237,36,93,166,0,295,60,0,60,355
09/05/2006,FAI,AK,AAL,WE,Combined TRACON& Tower with Radar,34,49,19,21,123,0,106,122,0,228,34,155,141,21,351,104,0,104,455
09/06/2006,FAI,AK,AAL,WE,Combined TRACON& Tower with Radar,43,58,31,3,135,0,131,136,1,268,43,189,167,4,403,80,0,80,483
09/07/2006,FAI,AK,AAL,WE,Combined TRACON& Tower with Radar,45,46,11,19,121,0,122,127,7,256,45,168,138,26,377,146,0,146,523
09/08/2006,FAI,AK,AAL,WE,Combined TRACON& Tower with Radar,40,44,13,2,99,0,139,139,0,278,40,183,152,2,377,78,0,78,455
09/09/2006,FAI,AK,AAL,WE,Combined TRACON& Tower with Radar,33,22,18,0,73,2,118,166,0,286,35,140,184,0,359,166,0,166,525
09/10/2006,FAI,AK,AAL,WE,Combined TRACON& Tower with Radar,29,23,8,0,60,1,68,167,0,236,30,91,175,0,296,152,0,152,448
09/11/2006,FAI,AK,AAL,WE,Combined TRACON& Tower with Radar,33,39,14,1,87,0,128,108,9,245,33,167,122,10,332,112,0,112,444
09/12/2006,FAI,AK,AAL,WE,Combined TRACON& Tower with Radar,32,42,13,4,91,0,107,108,1,216,32,149,121,5,307,64,0,64,371
09/13/2006,FAI,AK,AAL,WE,Combined TRACON& Tower with Radar,48,79,22,0,149,0,122,112,0,234,48,201,134,0,383,54,0,54,437
09/14/2006,FAI,AK,AAL,WE,Combined TRACON& Tower with Radar,37,50,15,8,110,3,115,141,2,261,40,165,156,10,371,104,0,104,475
09/15/2006,FAI,AK,AAL,WE,Combined TRACON& Tower with Radar,35,42,11,1,89,0,131,133,0,264,35,173,144,1,353,62,0,62,415
09/16/2006,FAI,AK,AAL,WE,Combined TRACON& Tower with Radar,24,16,9,0,49,0,74,135,0,209,24,90,144,0,258,42,0,42,300
09/17/2006,FAI,AK,AAL,WE,Combined TRACON& Tower with Radar,24,13,5,0,42,0,62,28,0,90,24,75,33,0,132,74,0,74,206
09/18/2006,FAI,AK,AAL,WE,Combined TRACON& Tower with Radar,34,34,9,2,79,0,105,110,0,215,34,139,119,2,294,74,0,74,368
09/19/2006,FAI,AK,AAL,WE,Combined TRACON& Tower with Radar,38,33,12,3,86,0,107,132,13,252,38,140,144,16,338,86,2,88,426
09/20/2006,FAI,AK,AAL,WE,Combined TRACON& Tower with Radar,26,39,11,5,81,0,89,112,8,209,26,128,123,13,290,116,0,116,406
09/21/2006,FAI,AK,AAL,WE,Combined TRACON& Tower with Radar,35,48,10,7,100,0,105,109,7,221,35,153,119,14,321,108,0,108,429
09/22/2006,FAI,AK,AAL,WE,Combined TRACON& Tower with Radar,35,70,10,0,115,0,84,177,37,298,35,154,187,37,413,78,0,78,491
09/23/2006,FAI,AK,AAL,WE,Combined TRACON& Tower with Radar,26,53,3,0,82,0,23,64,0,87,26,76,67,0,169,82,0,82,251
09/24/2006,FAI,AK,AAL,WE,Combined TRACON& Tower with Radar,22,42,7,0,71,0,54,96,0,150,22,96,103,0,221,56,0,56,277
09/25/2006,FAI,AK,AAL,WE,Combined TRACON& Tower with Radar,32,36,11,7,86,0,128,128,1,257,32,164,139,8,343,64,4,68,411
09/26/2006,FAI,AK,AAL,WE,Combined TRACON& Tower with Radar,46,34,22,12,114,0,106,106,3,215,46,140,128,15,329,76,4,80,409
09/27/2006,FAI,AK,AAL,WE,Combined TRACON& Tower with Radar,30,64,14,10,118,0,84,49,4,137,30,148,63,14,255,120,0,120,375
09/28/2006,FAI,AK,AAL,WE,Combined TRACON& Tower with Radar,50,73,12,7,142,2,43,103,11,159,52,116,115,18,301,56,0,56,357
09/29/2006,FAI,AK,AAL,WE,Combined TRACON& Tower with Radar,31,91,17,0,139,0,10,7,0,17,31,101,24,0,156,4,0,4,160
09/30/2006,FAI,AK,AAL,WE,Combined TRACON& Tower with Radar,27,38,7,0,72,0,18,59,0,77,27,56,66,0,149,40,0,40,189
10/01/2006,FAI,AK,AAL,WE,Combined TRACON& Tower with Radar,25,20,21,0,66,0,35,86,0,121,25,55,107,0,187,170,0,170,357
10/02/2006,FAI,AK,AAL,WE,Combined TRACON& Tower with Radar,33,52,12,4,101,0,56,114,0,170,33,108,126,4,271,122,0,122,393
10/03/2006,FAI,AK,AAL,WE,Combined TRACON& Tower with Radar,26,48,11,2,87,0,63,51,2,116,26,111,62,4,203,92,2,94,297
10/04/2006,FAI,AK,AAL,WE,Combined TRACON& Tower with Radar,27,69,14,11,121,0,63,63,5,131,27,132,77,16,252,158,0,158,410
10/05/2006,FAI,AK,AAL,WE,Combined TRACON& Tower with Radar,32,89,5,0,126,0,49,32,0,81,32,138,37,0,207,92,0,92,299
10/06/2006,FAI,AK,AAL,WE,Combined TRACON& Tower with Radar,34,71,7,0,112,0,42,56,0,98,34,113,63,0,210,62,0,62,272
10/07/2006,FAI,AK,AAL,WE,Combined TRACON& Tower with Radar,26,47,2,0,75,0,50,84,0,134,26,97,86,0,209,112,0,112,321
10/08/2006,FAI,AK,AAL,WE,Combined TRACON& Tower with Radar,25,21,8,0,54,0,30,79,0,109,25,51,87,0,163,90,0,90,253
10/09/2006,FAI,AK,AAL,WE,Combined TRACON& Tower with Radar,26,46,1,0,73,0,52,13,0,65,26,98,14,0,138,20,0,20,158
10/10/2006,FAI,AK,AAL,WE,Combined TRACON& Tower with Radar,29,54,4,0,87,0,62,23,2,87,29,116,27,2,174,6,0,6,180
10/11/2006,FAI,AK,AAL,WE,Combined TRACON& Tower with Radar,27,61,29,6,123,0,30,58,16,104,27,91,87,22,227,94,0,94,321
10/12/2006,FAI,AK,AAL,WE,Combined TRACON& Tower with Radar,39,91,20,0,150,0,30,38,0,68,39,121,58,0,218,96,0,96,314
10/13/2006,FAI,AK,AAL,WE,Combined TRACON& Tower with Radar,32,50,12,1,95,0,69,73,0,142,32,119,85,1,237,180,0,180,417
10/14/2006,FAI,AK,AAL,WE,Combined TRACON& Tower with Radar,26,27,11,2,66,0,40,66,2,108,26,67,77,4,174,104,0,104,278
10/15/2006,FAI,AK,AAL,WE,Combined TRACON& Tower with Radar,23,25,13,0,61,0,20,45,1,66,23,45,58,1,127,112,0,112,239
10/16/2006,FAI,AK,AAL,WE,Combined TRACON& Tower with Radar,32,34,6,7,79,0,77,56,3,136,32,111,62,10,215,115,1,116,331
10/17/2006,FAI,AK,AAL,WE,Combined TRACON& Tower with Radar,33,41,6,8,88,0,72,69,10,151,33,113,75,18,239,50,6,56,295
10/18/2006,FAI,AK,AAL,WE,Combined TRACON& Tower with Radar,29,38,16,1,84,0,74,65,1,140,29,112,81,2,224,126,2,128,352
10/19/2006,FAI,AK,AAL,WE,Combined TRACON& Tower with Radar,35,83,4,0,122,0,32,49,0,81,35,115,53,0,203,136,0,136,339
10/20/2006,FAI,AK,AAL,WE,Combined TRACON& Tower with Radar,30,75,17,0,122,0,40,56,0,96,30,115,73,0,218,138,0,138,356
10/21/2006,FAI,AK,AAL,WE,Combined TRACON& Tower with Radar,29,56,8,0,93,0,16,23,0,39,29,72,31,0,132,48,0,48,180
10/22/2006,FAI,AK,AAL,WE,Combined TRACON& Tower with Radar,26,60,10,0,96,0,4,1,0,5,26,64,11,0,101,0,0,0,101
10/23/2006,FAI,AK,AAL,WE,Combined TRACON& Tower with Radar,32,98,11,7,148,0,5,1,3,9,32,103,12,10,157,2,0,2,159
10/24/2006,FAI,AK,AAL,WE,Combined TRACON& Tower with Radar,24,71,13,7,115,0,56,47,1,104,24,127,60,8,219,106,0,106,325
10/25/2006,FAI,AK,AAL,WE,Combined TRACON& Tower with Radar,33,72,10,11,126,0,65,57,2,124,33,137,67,13,250,80,0,80,330
10/26/2006,FAI,AK,AAL,WE,Combined TRACON& Tower with Radar,34,115,19,5,173,0,30,7,3,40,34,145,26,8,213,8,0,8,221
10/27/2006,FAI,AK,AAL,WE,Combined TRACON& Tower with Radar,31,96,14,0,141,0,14,9,0,23,31,110,23,0,164,7,0,7,171
10/28/2006,FAI,AK,AAL,WE,Combined TRACON& Tower with Radar,27,66,7,0,100,0,13,16,0,29,27,79,23,0,129,38,0,38,167
10/29/2006,FAI,AK,AAL,WE,Combined TRACON& Tower with Radar,21,63,14,0,98,0,19,37,0,56,21,82,51,0,154,91,0,91,245
10/30/2006,FAI,AK,AAL,WE,Combined TRACON& Tower with Radar,28,79,13,4,124,0,20,14,2,36,28,99,27,6,160,96,0,96,256
10/31/2006,FAI,AK,AAL,WE,Combined TRACON& Tower with Radar,33,89,13,0,135,1,4,3,0,8,34,93,16,0,143,4,0,4,147
11/01/2006,FAI,AK,AAL,WE,Combined TRACON& Tower with Radar,26,85,11,0,122,0,0,3,0,3,26,85,14,0,125,0,0,0,125
11/02/2006,FAI,AK,AAL,WE,Combined TRACON& Tower with Radar,30,86,5,1,122,0,61,58,0,119,30,147,63,1,241,114,0,114,355
11/03/2006,FAI,AK,AAL,WE,Combined TRACON& Tower with Radar,25,65,1,2,93,0,67,44,0,111,25,132,45,2,204,107,0,107,311
11/04/2006,FAI,AK,AAL,WE,Combined TRACON& Tower with Radar,26,25,4,0,55,0,53,50,0,103,26,78,54,0,158,68,0,68,226
11/05/2006,FAI,AK,AAL,WE,Combined TRACON& Tower with Radar,24,21,4,0,49,0,27,22,0,49,24,48,26,0,98,25,0,25,123
11/06/2006,FAI,AK,AAL,WE,Combined TRACON& Tower with Radar,28,85,11,5,129,0,37,20,0,57,28,122,31,5,186,24,0,24,210
11/07/2006,FAI,AK,AAL,WE,Combined TRACON& Tower with Radar,27,68,16,5,116,0,64,49,2,115,27,132,65,7,231,68,0,68,299
11/08/2006,FAI,AK,AAL,WE,Combined TRACON& Tower with Radar,24,38,12,1,75,0,97,37,0,134,24,135,49,1,209,20,0,20,229
11/09/2006,FAI,AK,AAL,WE,Combined TRACON& Tower with Radar,35,62,5,1,103,2,91,31,2,126,37,153,36,3,229,22,0,22,251
11/10/2006,FAI,AK,AAL,WE,Combined TRACON& Tower with Radar,24,36,11,0,71,0,55,32,0,87,24,91,43,0,158,28,0,28,186
11/11/2006,FAI,AK,AAL,WE,Combined TRACON& Tower with Radar,27,19,9,1,56,1,47,38,1,87,28,66,47,2,143,80,0,80,223
11/12/2006,FAI,AK,AAL,WE,Combined TRACON& Tower with Radar,33,31,7,0,71,0,26,16,0,42,33,57,23,0,113,16,0,16,129
11/13/2006,FAI,AK,AAL,WE,Combined TRACON& Tower with Radar,25,44,3,2,74,0,60,30,0,90,25,104,33,2,164,3,0,3,167
11/14/2006,FAI,AK,AAL,WE,Combined TRACON& Tower with Radar,21,47,11,0,79,0,45,25,0,70,21,92,36,0,149,18,0,18,167
11/15/2006,FAI,AK,AAL,WE,Combined TRACON& Tower with Radar,29,35,33,3,100,0,66,14,5,85,29,101,47,8,185,10,0,10,195
11/16/2006,FAI,AK,AAL,WE,Combined TRACON& Tower with Radar,35,56,6,0,97,0,67,19,0,86,35,123,25,0,183,18,0,18,201
11/17/2006,FAI,AK,AAL,WE,Combined TRACON& Tower with Radar,26,58,15,1,100,0,81,38,2,121,26,139,53,3,221,20,0,20,241
11/18/2006,FAI,AK,AAL,WE,Combined TRACON& Tower with Radar,27,24,9,0,60,0,40,28,0,68,27,64,37,0,128,36,0,36,164
11/19/2006,FAI,AK,AAL,WE,Combined TRACON& Tower with Radar,18,19,4,0,41,0,27,8,0,35,18,46,12,0,76,8,0,8,84
11/20/2006,FAI,AK,AAL,WE,Combined TRACON& Tower with Radar,29,46,13,2,90,0,11,19,0,30,29,57,32,2,120,2,0,2,122
11/21/2006,FAI,AK,AAL,WE,Combined TRACON& Tower with Radar,30,42,5,6,83,0,78,26,4,108,30,120,31,10,191,20,0,20,211
11/22/2006,FAI,AK,AAL,WE,Combined TRACON& Tower with Radar,25,96,14,0,135,0,27,12,0,39,25,123,26,0,174,30,0,30,204
11/23/2006,FAI,AK,AAL,WE,Combined TRACON& Tower with Radar,21,1,1,0,23,0,2,10,0,12,21,3,11,0,35,2,0,2,37
11/24/2006,FAI,AK,AAL,WE,Combined TRACON& Tower with Radar,28,30,2,0,60,0,62,16,0,78,28,92,18,0,138,4,0,4,142
11/25/2006,FAI,AK,AAL,WE,Combined TRACON& Tower with Radar,24,26,3,0,53,0,40,16,0,56,24,66,19,0,109,8,0,8,117
11/26/2006,FAI,AK,AAL,WE,Combined TRACON& Tower with Radar,23,28,5,0,56,0,30,12,0,42,23,58,17,0,98,4,0,4,102
11/27/2006,FAI,AK,AAL,WE,Combined TRACON& Tower with Radar,28,66,12,7,113,0,46,27,6,79,28,112,39,13,192,40,0,40,232
11/28/2006,FAI,AK,AAL,WE,Combined TRACON& Tower with Radar,33,57,14,13,117,0,48,36,15,99,33,105,50,28,216,42,0,42,258
11/29/2006,FAI,AK,AAL,WE,Combined TRACON& Tower with Radar,31,69,6,11,117,3,42,35,1,81,34,111,41,12,198,54,2,56,254
11/30/2006,FAI,AK,AAL,WE,Combined TRACON& Tower with Radar,32,68,9,3,112,0,66,25,3,94,32,134,34,6,206,50,0,50,256
12/01/2006,FAI,AK,AAL,WE,Combined TRACON& Tower with Radar,28,83,16,2,129,0,22,13,0,35,28,105,29,2,164,0,0,0,164
12/02/2006,FAI,AK,AAL,WE,Combined TRACON& Tower with Radar,26,19,13,0,58,0,42,40,0,82,26,61,53,0,140,24,0,24,164
12/03/2006,FAI,AK,AAL,WE,Combined TRACON& Tower with Radar,22,18,5,0,45,0,31,16,0,47,22,49,21,0,92,52,0,52,144
12/04/2006,FAI,AK,AAL,WE,Combined TRACON& Tower with Radar,26,75,8,6,115,0,29,25,2,56,26,104,33,8,171,12,0,12,183
12/05/2006,FAI,AK,AAL,WE,Combined TRACON& Tower with Radar,28,45,6,8,87,0,59,35,3,97,28,104,41,11,184,60,0,60,244
12/06/2006,FAI,AK,AAL,WE,Combined TRACON& Tower with Radar,32,51,9,3,95,0,54,33,6,93,32,105,42,9,188,72,0,72,260
12/07/2006,FAI,AK,AAL,WE,Combined TRACON& Tower with Radar,31,78,5,6,120,0,47,34,4,85,31,125,39,10,205,42,0,42,247
12/08/2006,FAI,AK,AAL,WE,Combined TRACON& Tower with Radar,28,47,14,1,90,0,61,34,0,95,28,108,48,1,185,42,0,42,227
12/09/2006,FAI,AK,AAL,WE,Combined TRACON& Tower with Radar,24,22,20,0,66,0,54,43,0,97,24,76,63,0,163,98,0,98,261
12/10/2006,FAI,AK,AAL,WE,Combined TRACON& Tower with Radar,24,25,11,0,60,0,43,37,0,80,24,68,48,0,140,46,0,46,186
12/11/2006,FAI,AK,AAL,WE,Combined TRACON& Tower with Radar,27,46,7,5,85,0,76,18,0,94,27,122,25,5,179,32,0,32,211
12/12/2006,FAI,AK,AAL,WE,Combined TRACON& Tower with Radar,29,42,18,7,96,0,65,23,0,88,29,107,41,7,184,56,0,56,240
12/13/2006,FAI,AK,AAL,WE,Combined TRACON& Tower with Radar,26,88,11,3,128,0,25,18,0,43,26,113,29,3,171,2,0,2,173
12/14/2006,FAI,AK,AAL,WE,Combined TRACON& Tower with Radar,43,96,20,5,164,2,4,1,0,7,45,100,21,5,171,0,0,0,171
12/15/2006,FAI,AK,AAL,WE,Combined TRACON& Tower with Radar,28,53,18,1,100,0,61,30,0,91,28,114,48,1,191,32,0,32,223
12/16/2006,FAI,AK,AAL,WE,Combined TRACON& Tower with Radar,29,34,3,0,66,0,49,23,0,72,29,83,26,0,138,12,0,12,150
12/17/2006,FAI,AK,AAL,WE,Combined TRACON& Tower with Radar,24,24,9,0,57,0,34,23,0,57,24,58,32,0,114,78,0,78,192
12/18/2006,FAI,AK,AAL,WE,Combined TRACON& Tower with Radar,26,72,8,5,111,0,31,10,3,44,26,103,18,8,155,0,0,0,155
12/19/2006,FAI,AK,AAL,WE,Combined TRACON& Tower with Radar,25,41,12,1,79,1,62,28,0,91,26,103,40,1,170,16,0,16,186
12/20/2006,FAI,AK,AAL,WE,Combined TRACON& Tower with Radar,29,79,15,1,124,0,53,22,0,75,29,132,37,1,199,28,0,28,227
12/21/2006,FAI,AK,AAL,WE,Combined TRACON& Tower with Radar,33,62,19,4,118,0,50,28,1,79,33,112,47,5,197,8,0,8,205
12/22/2006,FAI,AK,AAL,WE,Combined TRACON& Tower with Radar,36,40,30,1,107,0,67,27,0,94,36,107,57,1,201,12,0,12,213
12/23/2006,FAI,AK,AAL,WE,Combined TRACON& Tower with Radar,26,47,2,0,75,0,20,18,0,38,26,67,20,0,113,0,0,0,113
12/24/2006,FAI,AK,AAL,WE,Combined TRACON& Tower with Radar,22,34,4,0,60,0,17,13,0,30,22,51,17,0,90,12,0,12,102
12/25/2006,FAI,AK,AAL,WE,Combined TRACON& Tower with Radar,20,3,10,0,33,0,0,1,0,1,20,3,11,0,34,4,0,4,38
12/26/2006,FAI,AK,AAL,WE,Combined TRACON& Tower with Radar,32,64,7,2,105,0,11,4,0,15,32,75,11,2,120,0,0,0,120
12/27/2006,FAI,AK,AAL,WE,Combined TRACON& Tower with Radar,25,43,7,0,75,0,69,24,0,93,25,112,31,0,168,6,0,6,174
12/28/2006,FAI,AK,AAL,WE,Combined TRACON& Tower with Radar,31,43,7,2,83,1,67,28,1,97,32,110,35,3,180,58,0,58,238
12/29/2006,FAI,AK,AAL,WE,Combined TRACON& Tower with Radar,30,64,10,0,104,0,30,30,0,60,30,94,40,0,164,30,0,30,194
12/30/2006,FAI,AK,AAL,WE,Combined TRACON& Tower with Radar,31,44,8,0,83,0,7,9,0,16,31,51,17,0,99,0,0,0,99
12/31/2006,FAI,AK,AAL,WE,Combined TRACON& Tower with Radar,23,22,3,0,48,0,15,26,0,41,23,37,29,0,89,24,0,24,113
01/01/2007,FAI,AK,AAL,WE,Combined TRACON& Tower with Radar,27,7,6,0,40,0,0,2,0,2,27,7,8,0,42,0,0,0,42
01/02/2007,FAI,AK,AAL,WE,Combined TRACON& Tower with Radar,26,61,15,6,108,0,26,15,0,41,26,87,30,6,149,2,0,2,151
01/03/2007,FAI,AK,AAL,WE,Combined TRACON& Tower with Radar,35,69,6,0,110,0,140,18,12,170,35,209,24,12,280,6,0,6,286
01/04/2007,FAI,AK,AAL,WE,Combined TRACON& Tower with Radar,23,50,12,0,85,0,39,32,0,71,23,89,44,0,156,24,0,24,180
01/05/2007,FAI,AK,AAL,WE,Combined TRACON& Tower with Radar,23,36,5,1,65,0,51,17,0,68,23,87,22,1,133,0,0,0,133
01/06/2007,FAI,AK,AAL,WE,Combined TRACON& Tower with Radar,26,19,0,0,45,0,29,15,0,44,26,48,15,0,89,0,0,0,89
01/07/2007,FAI,AK,AAL,WE,Combined TRACON& Tower with Radar,25,47,7,0,79,0,1,3,0,4,25,48,10,0,83,4,0,4,87
01/08/2007,FAI,AK,AAL,WE,Combined TRACON& Tower with Radar,25,45,7,0,77,0,0,0,0,0,25,45,7,0,77,0,0,0,77
01/09/2007,FAI,AK,AAL,WE,Combined TRACON& Tower with Radar,20,71,15,0,106,0,0,0,0,0,20,71,15,0,106,0,0,0,106
01/10/2007,FAI,AK,AAL,WE,Combined TRACON& Tower with Radar,27,51,5,0,83,0,66,12,0,78,27,117,17,0,161,18,0,18,179
01/11/2007,FAI,AK,AAL,WE,Combined TRACON& Tower with Radar,34,73,10,0,117,0,32,31,0,63,34,105,41,0,180,64,0,64,244
01/12/2007,FAI,AK,AAL,WE,Combined TRACON& Tower with Radar,25,57,19,3,104,0,38,29,2,69,25,95,48,5,173,26,0,26,199
01/13/2007,FAI,AK,AAL,WE,Combined TRACON& Tower with Radar,28,45,11,0,84,0,19,26,0,45,28,64,37,0,129,98,0,98,227
01/14/2007,FAI,AK,AAL,WE,Combined TRACON& Tower with Radar,23,29,5,0,57,0,6,8,0,14,23,35,13,0,71,10,0,10,81
01/15/2007,FAI,AK,AAL,WE,Combined TRACON& Tower with Radar,26,52,10,0,88,0,18,22,0,40,26,70,32,0,128,26,0,26,154
01/16/2007,FAI,AK,AAL,WE,Combined TRACON& Tower with Radar,23,56,32,3,114,0,44,0,0,44,23,100,32,3,158,2,0,2,160
01/17/2007,FAI,AK,AAL,WE,Combined TRACON& Tower with Radar,32,62,8,13,115,0,55,18,3,76,32,117,26,16,191,38,0,38,229
01/18/2007,FAI,AK,AAL,WE,Combined TRACON& Tower with Radar,31,54,3,9,97,0,65,49,3,117,31,119,52,12,214,44,0,44,258
01/19/2007,FAI,AK,AAL,WE,Combined TRACON& Tower with Radar,31,55,7,2,95,0,36,21,0,57,31,91,28,2,152,30,0,30,182
01/20/2007,FAI,AK,AAL,WE,Combined TRACON& Tower with Radar,24,12,10,0,46,0,38,38,0,76,24,50,48,0,122,16,0,16,138
01/21/2007,FAI,AK,AAL,WE,Combined TRACON& Tower with Radar,24,22,2,3,51,0,28,19,0,47,24,50,21,3,98,16,0,16,114
01/22/2007,FAI,AK,AAL,WE,Combined TRACON& Tower with Radar,30,53,20,4,107,0,41,15,4,60,30,94,35,8,167,20,0,20,187
01/23/2007,FAI,AK,AAL,WE,Combined TRACON& Tower with Radar,26,68,13,5,112,0,18,7,0,25,26,86,20,5,137,0,0,0,137
01/24/2007,FAI,AK,AAL,WE,Combined TRACON& Tower with Radar,28,73,8,0,109,0,34,35,0,69,28,107,43,0,178,6,0,6,184
01/25/2007,FAI,AK,AAL,WE,Combined TRACON& Tower with Radar,29,54,21,0,104,0,59,9,1,69,29,113,30,1,173,32,2,34,207
01/26/2007,FAI,AK,AAL,WE,Combined TRACON& Tower with Radar,32,47,9,3,91,0,62,30,0,92,32,109,39,3,183,51,0,51,234
01/27/2007,FAI,AK,AAL,WE,Combined TRACON& Tower with Radar,19,24,7,0,50,0,35,53,0,88,19,59,60,0,138,32,0,32,170
01/28/2007,FAI,AK,AAL,WE,Combined TRACON& Tower with Radar,19,31,4,2,56,0,28,30,0,58,19,59,34,2,114,62,0,62,176
01/29/2007,FAI,AK,AAL,WE,Combined TRACON& Tower with Radar,32,42,11,6,91,0,64,28,0,92,32,106,39,6,183,30,0,30,213
01/30/2007,FAI,AK,AAL,WE,Combined TRACON& Tower with Radar,29,46,6,7,88,0,67,31,4,102,29,113,37,11,190,54,0,54,244
01/31/2007,FAI,AK,AAL,WE,Combined TRACON& Tower with Radar,22,45,12,5,84,0,73,71,2,146,22,118,83,7,230,67,1,68,298
02/01/2007,FAI,AK,AAL,WE,Combined TRACON& Tower with Radar,27,44,6,8,85,0,70,33,5,108,27,114,39,13,193,70,2,72,265
02/02/2007,FAI,AK,AAL,WE,Combined TRACON& Tower with Radar,27,35,8,0,70,0,70,71,0,141,27,105,79,0,211,40,0,40,251
02/03/2007,FAI,AK,AAL,WE,Combined TRACON& Tower with Radar,23,16,6,0,45,0,25,53,0,78,23,41,59,0,123,60,0,60,183
02/04/2007,FAI,AK,AAL,WE,Combined TRACON& Tower with Radar,29,14,8,0,51,0,31,29,0,60,29,45,37,0,111,42,0,42,153
02/05/2007,FAI,AK,AAL,WE,Combined TRACON& Tower with Radar,40,26,15,4,85,0,69,19,0,88,40,95,34,4,173,32,0,32,205
02/06/2007,FAI,AK,AAL,WE,Combined TRACON& Tower with Radar,29,25,3,12,69,0,60,39,0,99,29,85,42,12,168,32,0,32,200
02/07/2007,FAI,AK,AAL,WE,Combined TRACON& Tower with Radar,29,36,9,4,78,0,3,113,5,121,29,39,122,9,199,24,0,24,223
02/08/2007,FAI,AK,AAL,WE,Combined TRACON& Tower with Radar,39,37,11,10,97,0,4,95,4,103,39,41,106,14,200,24,0,24,224
02/09/2007,FAI,AK,AAL,WE,Combined TRACON& Tower with Radar,28,72,9,8,117,0,8,74,4,86,28,80,83,12,203,30,0,30,233
02/10/2007,FAI,AK,AAL,WE,Combined TRACON& Tower with Radar,37,20,11,2,70,0,25,25,0,50,37,45,36,2,120,12,0,12,132
02/11/2007,FAI,AK,AAL,WE,Combined TRACON& Tower with Radar,25,36,26,0,87,0,43,51,0,94,25,79,77,0,181,58,0,58,239
02/12/2007,FAI,AK,AAL,WE,Combined TRACON& Tower with Radar,36,33,14,1,84,0,76,47,0,123,36,109,61,1,207,11,0,11,218
02/13/2007,FAI,AK,AAL,WE,Combined TRACON& Tower with Radar,29,33,10,4,76,0,86,37,0,123,29,119,47,4,199,24,0,24,223
02/14/2007,FAI,AK,AAL,WE,Combined TRACON& Tower with Radar,28,41,9,3,81,0,71,52,1,124,28,112,61,4,205,48,0,48,253
02/15/2007,FAI,AK,AAL,WE,Combined TRACON& Tower with Radar,34,49,6,5,94,0,70,48,1,119,34,119,54,6,213,26,0,26,239
02/16/2007,FAI,AK,AAL,WE,Combined TRACON& Tower with Radar,32,36,6,3,77,0,78,58,0,136,32,114,64,3,213,6,0,6,219
02/17/2007,FAI,AK,AAL,WE,Combined TRACON& Tower with Radar,26,24,3,6,59,0,46,50,0,96,26,70,53,6,155,54,0,54,209
02/18/2007,FAI,AK,AAL,WE,Combined TRACON& Tower with Radar,24,14,14,0,52,0,39,41,0,80,24,53,55,0,132,18,0,18,150
02/19/2007,FAI,AK,AAL,WE,Combined TRACON& Tower with Radar,37,23,15,0,75,0,61,32,0,93,37,84,47,0,168,0,0,0,168
02/20/2007,FAI,AK,AAL,WE,Combined TRACON& Tower with Radar,22,41,5,2,70,0,56,20,9,85,22,97,25,11,155,4,0,4,159
02/21/2007,FAI,AK,AAL,WE,Combined TRACON& Tower with Radar,30,43,7,4,84,0,77,15,4,96,30,120,22,8,180,2,0,2,182
02/22/2007,FAI,AK,AAL,WE,Combined TRACON& Tower with Radar,32,45,7,9,93,0,55,17,0,72,32,100,24,9,165,10,0,10,175
02/23/2007,FAI,AK,AAL,WE,Combined TRACON& Tower with Radar,35,45,8,1,89,0,47,18,1,66,35,92,26,2,155,0,0,0,155
02/24/2007,FAI,AK,AAL,WE,Combined TRACON& Tower with Radar,21,14,5,0,40,0,23,16,0,39,21,37,21,0,79,0,0,0,79
02/25/2007,FAI,AK,AAL,WE,Combined TRACON& Tower with Radar,24,37,7,0,68,0,35,8,0,43,24,72,15,0,111,20,0,20,131
02/26/2007,FAI,AK,AAL,WE,Combined TRACON& Tower with Radar,28,45,11,5,89,0,68,23,1,92,28,113,34,6,181,32,2,34,215
02/27/2007,FAI,AK,AAL,WE,Combined TRACON& Tower with Radar,25,41,10,10,86,0,90,33,1,124,25,131,43,11,210,32,0,32,242
02/28/2007,FAI,AK,AAL,WE,Combined TRACON& Tower with Radar,26,54,12,2,94,0,65,14,1,80,26,119,26,3,174,0,0,0,174
03/01/2007,FAI,AK,AAL,WE,Combined TRACON& Tower with Radar,34,41,3,6,84,0,77,20,0,97,34,118,23,6,181,34,0,34,215
03/02/2007,FAI,AK,AAL,WE,Combined TRACON& Tower with Radar,23,29,10,8,70,0,78,34,0,112,23,107,44,8,182,10,0,10,192
03/03/2007,FAI,AK,AAL,WE,Combined TRACON& Tower with Radar,25,33,22,0,80,0,31,24,0,55,25,64,46,0,135,16,0,16,151
03/04/2007,FAI,AK,AAL,WE,Combined TRACON& Tower with Radar,30,13,3,4,50,0,44,26,0,70,30,57,29,4,120,30,0,30,150
03/05/2007,FAI,AK,AAL,WE,Combined TRACON& Tower with Radar,41,25,0,0,66,0,79,16,0,95,41,104,16,0,161,0,0,0,161
03/06/2007,FAI,AK,AAL,WE,Combined TRACON& Tower with Radar,33,45,15,0,93,0,54,26,0,80,33,99,41,0,173,12,0,12,185
03/07/2007,FAI,AK,AAL,WE,Combined TRACON& Tower with Radar,34,74,21,0,129,0,18,20,0,38,34,92,41,0,167,10,1,11,178
03/08/2007,FAI,AK,AAL,WE,Combined TRACON& Tower with Radar,28,42,26,7,103,0,55,44,4,103,28,97,70,11,206,22,0,22,228
03/09/2007,FAI,AK,AAL,WE,Combined TRACON& Tower with Radar,25,47,20,0,92,0,49,58,0,107,25,96,78,0,199,28,0,28,227
03/10/2007,FAI,AK,AAL,WE,Combined TRACON& Tower with Radar,29,16,8,1,54,0,38,32,1,71,29,54,40,2,125,22,0,22,147
03/11/2007,FAI,AK,AAL,WE,Combined TRACON& Tower with Radar,22,31,11,2,66,0,26,28,0,54,22,57,39,2,120,9,0,9,129
03/12/2007,FAI,AK,AAL,WE,Combined TRACON& Tower with Radar,30,67,14,9,120,0,41,29,6,76,30,108,43,15,196,14,0,14,210
03/13/2007,FAI,AK,AAL,WE,Combined TRACON& Tower with Radar,26,48,10,0,84,0,74,18,0,92,26,122,28,0,176,26,0,26,202
03/14/2007,FAI,AK,AAL,WE,Combined TRACON& Tower with Radar,26,50,13,2,91,0,66,31,2,99,26,116,44,4,190,30,0,30,220
03/15/2007,FAI,AK,AAL,WE,Combined TRACON& Tower with Radar,31,45,2,4,82,0,66,61,0,127,31,111,63,4,209,22,0,22,231
03/16/2007,FAI,AK,AAL,WE,Combined TRACON& Tower with Radar,27,39,12,0,78,0,71,52,0,123,27,110,64,0,201,70,0,70,271
03/17/2007,FAI,AK,AAL,WE,Combined TRACON& Tower with Radar,27,34,15,0,76,0,47,52,0,99,27,81,67,0,175,54,0,54,229
03/18/2007,FAI,AK,AAL,WE,Combined TRACON& Tower with Radar,26,15,8,3,52,0,39,62,2,103,26,54,70,5,155,62,2,64,219
03/19/2007,FAI,AK,AAL,WE,Combined TRACON& Tower with Radar,32,33,7,4,76,0,66,40,0,106,32,99,47,4,182,24,2,26,208
03/20/2007,FAI,AK,AAL,WE,Combined TRACON& Tower with Radar,30,38,13,2,83,1,78,56,0,135,31,116,69,2,218,46,0,46,264
03/21/2007,FAI,AK,AAL,WE,Combined TRACON& Tower with Radar,36,54,10,2,102,2,60,36,1,99,38,114,46,3,201,62,0,62,263
03/22/2007,FAI,AK,AAL,WE,Combined TRACON& Tower with Radar,27,60,21,1,109,0,28,19,1,48,27,88,40,2,157,12,0,12,169
03/23/2007,FAI,AK,AAL,WE,Combined TRACON& Tower with Radar,35,74,14,1,124,0,36,16,1,53,35,110,30,2,177,0,0,0,177
03/24/2007,FAI,AK,AAL,WE,Combined TRACON& Tower with Radar,23,19,11,0,53,0,58,42,0,100,23,77,53,0,153,54,0,54,207
03/25/2007,FAI,AK,AAL,WE,Combined TRACON& Tower with Radar,24,14,6,1,45,0,32,49,0,81,24,46,55,1,126,74,0,74,200
03/26/2007,FAI,AK,AAL,WE,Combined TRACON& Tower with Radar,25,38,5,1,69,0,60,45,0,105,25,98,50,1,174,52,0,52,226
03/27/2007,FAI,AK,AAL,WE,Combined TRACON& Tower with Radar,26,55,19,6,106,0,74,52,4,130,26,129,71,10,236,32,0,32,268
03/28/2007,FAI,AK,AAL,WE,Combined TRACON& Tower with Radar,30,52,10,2,94,0,113,70,1,184,30,165,80,3,278,84,0,84,362
03/29/2007,FAI,AK,AAL,WE,Combined TRACON& Tower with Radar,31,39,15,5,90,0,60,52,3,115,31,99,67,8,205,166,0,166,371
03/30/2007,FAI,AK,AAL,WE,Combined TRACON& Tower with Radar,27,39,14,6,86,0,99,75,6,180,27,138,89,12,266,124,0,124,390
03/31/2007,FAI,AK,AAL,WE,Combined TRACON& Tower with Radar,25,27,5,0,57,0,57,122,0,179,25,84,127,0,236,166,0,166,402
04/01/2007,FAI,AK,AAL,WE,Combined TRACON& Tower with Radar,24,26,9,0,59,5,42,83,0,130,29,68,92,0,189,70,0,70,259
04/02/2007,FAI,AK,AAL,WE,Combined TRACON& Tower with Radar,39,40,10,5,94,1,86,49,13,149,40,126,59,18,243,88,0,88,331
04/03/2007,FAI,AK,AAL,WE,Combined TRACON& Tower with Radar,29,36,10,3,78,0,67,57,2,126,29,103,67,5,204,112,0,112,316
04/04/2007,FAI,AK,AAL,WE,Combined TRACON& Tower with Radar,26,45,16,2,89,0,49,71,0,120,26,94,87,2,209,122,0,122,331
04/05/2007,FAI,AK,AAL,WE,Combined TRACON& Tower with Radar,37,30,11,0,78,0,67,56,0,123,37,97,67,0,201,58,0,58,259
04/06/2007,FAI,AK,AAL,WE,Combined TRACON& Tower with Radar,33,31,17,5,86,0,90,85,3,178,33,121,102,8,264,78,0,78,342
04/07/2007,FAI,AK,AAL,WE,Combined TRACON& Tower with Radar,22,21,12,0,55,1,30,65,0,96,23,51,77,0,151,138,0,138,289
04/08/2007,FAI,AK,AAL,WE,Combined TRACON& Tower with Radar,26,9,1,1,37,0,25,56,1,82,26,34,57,2,119,58,0,58,177
04/09/2007,FAI,AK,AAL,WE,Combined TRACON& Tower with Radar,30,36,6,0,72,0,73,57,0,130,30,109,63,0,202,82,0,82,284
04/10/2007,FAI,AK,AAL,WE,Combined TRACON& Tower with Radar,30,53,7,0,90,0,47,51,0,98,30,100,58,0,188,148,0,148,336
04/11/2007,FAI,AK,AAL,WE,Combined TRACON& Tower with Radar,28,78,14,4,124,0,52,54,2,108,28,130,68,6,232,148,0,148,380
04/12/2007,FAI,AK,AAL,WE,Combined TRACON& Tower with Radar,34,86,11,4,135,0,12,18,0,30,34,98,29,4,165,42,0,42,207
04/13/2007,FAI,AK,AAL,WE,Combined TRACON& Tower with Radar,32,57,16,10,115,0,65,58,8,131,32,122,74,18,246,62,0,62,308
04/14/2007,FAI,AK,AAL,WE,Combined TRACON& Tower with Radar,21,37,9,8,75,0,35,67,1,103,21,72,76,9,178,220,0,220,398
04/15/2007,FAI,AK,AAL,WE,Combined TRACON& Tower with Radar,22,32,18,0,72,0,28,53,0,81,22,60,71,0,153,80,0,80,233
04/16/2007,FAI,AK,AAL,WE,Combined TRACON& Tower with Radar,36,39,9,0,84,0,79,33,0,112,36,118,42,0,196,92,0,92,288
04/17/2007,FAI,AK,AAL,WE,Combined TRACON& Tower with Radar,26,37,11,3,77,0,0,54,0,54,26,37,65,3,131,36,0,36,167
04/18/2007,FAI,AK,AAL,WE,Combined TRACON& Tower with Radar,24,33,10,8,75,0,89,58,5,152,24,122,68,13,227,158,3,161,388
04/19/2007,FAI,AK,AAL,WE,Combined TRACON& Tower with Radar,34,46,5,0,85,0,69,78,0,147,34,115,83,0,232,156,0,156,388
04/20/2007,FAI,AK,AAL,WE,Combined TRACON& Tower with Radar,33,35,11,4,83,0,68,83,0,151,33,103,94,4,234,211,0,211,445
04/21/2007,FAI,AK,AAL,WE,Combined TRACON& Tower with Radar,27,14,3,2,46,0,45,89,0,134,27,59,92,2,180,162,0,162,342
04/22/2007,FAI,AK,AAL,WE,Combined TRACON& Tower with Radar,24,21,2,0,47,0,66,77,0,143,24,87,79,0,190,130,0,130,320
04/23/2007,FAI,AK,AAL,WE,Combined TRACON& Tower with Radar,29,39,9,4,81,0,65,48,0,113,29,104,57,4,194,48,0,48,242
04/24/2007,FAI,AK,AAL,WE,Combined TRACON& Tower with Radar,28,42,22,5,97,0,71,75,3,149,28,113,97,8,246,130,0,130,376
04/25/2007,FAI,AK,AAL,WE,Combined TRACON& Tower with Radar,33,40,18,0,91,0,79,95,0,174,33,119,113,0,265,152,0,152,417
04/26/2007,FAI,AK,AAL,WE,Combined TRACON& Tower with Radar,36,36,12,7,91,0,66,56,4,126,36,102,68,11,217,104,0,104,321
04/27/2007,FAI,AK,AAL,WE,Combined TRACON& Tower with Radar,25,46,20,1,92,0,68,81,0,149,25,114,101,1,241,178,0,178,419
04/28/2007,FAI,AK,AAL,WE,Combined TRACON& Tower with Radar,25,26,7,2,60,0,46,92,0,138,25,72,99,2,198,216,0,216,414
04/29/2007,FAI,AK,AAL,WE,Combined TRACON& Tower with Radar,24,25,8,0,57,0,41,82,0,123,24,66,90,0,180,196,0,196,376
04/30/2007,FAI,AK,AAL,WE,Combined TRACON& Tower with Radar,28,41,11,4,84,1,76,77,4,158,29,117,88,8,242,192,0,192,434
05/01/2007,FAI,AK,AAL,WE,Combined TRACON& Tower with Radar,31,44,10,5,90,0,84,85,1,170,31,128,95,6,260,362,0,362,622
05/02/2007,FAI,AK,AAL,WE,Combined TRACON& Tower with Radar,23,52,7,12,94,0,91,50,3,144,23,143,57,15,238,84,0,84,322
05/03/2007,FAI,AK,AAL,WE,Combined TRACON& Tower with Radar,33,57,27,5,122,0,75,87,2,164,33,132,114,7,286,114,0,114,400
05/04/2007,FAI,AK,AAL,WE,Combined TRACON& Tower with Radar,33,53,17,8,111,0,76,84,4,164,33,129,101,12,275,197,0,197,472
05/05/2007,FAI,AK,AAL,WE,Combined TRACON& Tower with Radar,26,48,5,2,81,0,18,49,0,67,26,66,54,2,148,122,0,122,270
05/06/2007,FAI,AK,AAL,WE,Combined TRACON& Tower with Radar,26,37,6,1,70,0,47,45,1,93,26,84,51,2,163,172,0,172,335
05/07/2007,FAI,AK,AAL,WE,Combined TRACON& Tower with Radar,30,59,4,13,106,0,71,71,6,148,30,130,75,19,254,142,0,142,396
05/08/2007,FAI,AK,AAL,WE,Combined TRACON& Tower with Radar,25,50,11,4,90,0,73,87,2,162,25,123,98,6,252,276,2,278,530
05/09/2007,FAI,AK,AAL,WE,Combined TRACON& Tower with Radar,32,49,9,9,99,0,86,63,4,153,32,135,72,13,252,138,2,140,392
05/10/2007,FAI,AK,AAL,WE,Combined TRACON& Tower with Radar,32,65,13,4,114,0,79,68,4,151,32,144,81,8,265,130,2,132,397
05/11/2007,FAI,AK,AAL,WE,Combined TRACON& Tower with Radar,31,79,8,0,118,0,51,42,0,93,31,130,50,0,211,62,0,62,273
05/12/2007,FAI,AK,AAL,WE,Combined TRACON& Tower with Radar,30,54,11,0,95,0,19,12,0,31,30,73,23,0,126,18,0,18,144
05/13/2007,FAI,AK,AAL,WE,Combined TRACON& Tower with Radar,26,40,9,0,75,2,41,68,0,111,28,81,77,0,186,206,0,206,392
05/14/2007,FAI,AK,AAL,WE,Combined TRACON& Tower with Radar,30,48,5,0,83,0,85,118,0,203,30,133,123,0,286,74,0,74,360
05/15/2007,FAI,AK,AAL,WE,Combined TRACON& Tower with Radar,29,51,14,6,100,3,88,101,0,192,32,139,115,6,292,182,2,184,476
05/16/2007,FAI,AK,AAL,WE,Combined TRACON& Tower with Radar,29,45,20,2,96,0,82,77,1,160,29,127,97,3,256,76,0,76,332
05/17/2007,FAI,AK,AAL,WE,Combined TRACON& Tower with Radar,33,50,28,5,116,0,83,115,5,203,33,133,143,10,319,232,4,236,555
05/18/2007,FAI,AK,AAL,WE,Combined TRACON& Tower with Radar,32,52,12,0,96,0,75,111,0,186,32,127,123,0,282,194,0,194,476
05/19/2007,FAI,AK,AAL,WE,Combined TRACON& Tower with Radar,27,27,4,0,58,0,55,87,0,142,27,82,91,0,200,192,0,192,392
05/20/2007,FAI,AK,AAL,WE,Combined TRACON& Tower with Radar,26,20,5,0,51,0,46,117,0,163,26,66,122,0,214,212,0,212,426
05/21/2007,FAI,AK,AAL,WE,Combined TRACON& Tower with Radar,34,42,9,4,89,0,88,65,2,155,34,130,74,6,244,154,0,154,398
05/22/2007,FAI,AK,AAL,WE,Combined TRACON& Tower with Radar,33,41,22,6,102,0,84,96,9,189,33,125,118,15,291,176,4,180,471
05/23/2007,FAI,AK,AAL,WE,Combined TRACON& Tower with Radar,32,37,9,6,84,0,96,106,3,205,32,133,115,9,289,110,0,110,399
05/24/2007,FAI,AK,AAL,WE,Combined TRACON& Tower with Radar,38,57,7,6,108,0,60,130,0,190,38,117,137,6,298,188,0,188,486
05/25/2007,FAI,AK,AAL,WE,Combined TRACON& Tower with Radar,27,46,15,0,88,0,98,102,0,200,27,144,117,0,288,240,0,240,528
05/26/2007,FAI,AK,AAL,WE,Combined TRACON& Tower with Radar,28,38,9,0,75,0,57,94,0,151,28,95,103,0,226,150,0,150,376
05/27/2007,FAI,AK,AAL,WE,Combined TRACON& Tower with Radar,27,33,11,0,71,0,23,65,0,88,27,56,76,0,159,48,0,48,207
05/28/2007,FAI,AK,AAL,WE,Combined TRACON& Tower with Radar,30,45,15,0,90,0,4,43,0,47,30,49,58,0,137,102,0,102,239
05/29/2007,FAI,AK,AAL,WE,Combined TRACON& Tower with Radar,34,81,16,7,138,2,22,39,0,63,36,103,55,7,201,90,0,90,291
05/30/2007,FAI,AK,AAL,WE,Combined TRACON& Tower with Radar,31,53,10,9,103,4,92,98,4,198,35,145,108,13,301,95,0,95,396
05/31/2007,FAI,AK,AAL,WE,Combined TRACON& Tower with Radar,41,59,14,5,119,2,72,108,2,184,43,131,122,7,303,172,0,172,475
06/01/2007,FAI,AK,AAL,WE,Combined TRACON& Tower with Radar,38,52,14,2,106,6,97,132,0,235,44,149,146,2,341,111,0,111,452
06/02/2007,FAI,AK,AAL,WE,Combined TRACON& Tower with Radar,30,35,23,0,88,0,64,140,0,204,30,99,163,0,292,122,0,122,414
06/03/2007,FAI,AK,AAL,WE,Combined TRACON& Tower with Radar,35,29,9,0,73,0,47,123,0,170,35,76,132,0,243,138,0,138,381
06/04/2007,FAI,AK,AAL,WE,Combined TRACON& Tower with Radar,43,43,9,2,97,3,85,108,0,196,46,128,117,2,293,140,0,140,433
06/05/2007,FAI,AK,AAL,WE,Combined TRACON& Tower with Radar,38,53,11,7,109,0,61,100,0,161,38,114,111,7,270,146,0,146,416
06/06/2007,FAI,AK,AAL,WE,Combined TRACON& Tower with Radar,40,62,26,4,132,0,83,95,0,178,40,145,121,4,310,80,0,80,390
06/07/2007,FAI,AK,AAL,WE,Combined TRACON& Tower with Radar,48,91,31,4,174,0,17,57,1,75,48,108,88,5,249,58,0,58,307
06/08/2007,FAI,AK,AAL,WE,Combined TRACON& Tower with Radar,37,46,8,2,93,0,100,121,0,221,37,146,129,2,314,224,1,225,539
06/09/2007,FAI,AK,AAL,WE,Combined TRACON& Tower with Radar,39,24,9,0,72,0,80,157,0,237,39,104,166,0,309,160,0,160,469
06/12/2007,FAI,AK,AAL,WE,Combined TRACON& Tower with Radar,38,41,11,2,92,0,96,70,0,166,38,137,81,2,258,80,0,80,338
06/13/2007,FAI,AK,AAL,WE,Combined TRACON& Tower with Radar,43,91,33,1,168,0,42,79,1,122,43,133,112,2,290,96,0,96,386
06/14/2007,FAI,AK,AAL,WE,Combined TRACON& Tower with Radar,45,70,33,0,148,0,75,117,0,192,45,145,150,0,340,150,0,150,490
06/15/2007,FAI,AK,AAL,WE,Combined TRACON& Tower with Radar,36,50,12,1,99,0,94,99,0,193,36,144,111,1,292,103,0,103,395
06/16/2007,FAI,AK,AAL,WE,Combined TRACON& Tower with Radar,35,23,10,0,68,0,67,141,0,208,35,90,151,0,276,168,0,168,444
06/17/2007,FAI,AK,AAL,WE,Combined TRACON& Tower with Radar,38,20,16,0,74,0,53,123,0,176,38,73,139,0,250,88,0,88,338
06/18/2007,FAI,AK,AAL,WE,Combined TRACON& Tower with Radar,45,52,15,2,114,2,80,94,0,176,47,132,109,2,290,52,0,52,342
06/19/2007,FAI,AK,AAL,WE,Combined TRACON& Tower with Radar,36,41,9,0,86,0,101,128,0,229,36,142,137,0,315,104,2,106,421
06/20/2007,FAI,AK,AAL,WE,Combined TRACON& Tower with Radar,40,42,14,0,96,4,104,129,0,237,44,146,143,0,333,145,0,145,478
06/21/2007,FAI,AK,AAL,WE,Combined TRACON& Tower with Radar,45,43,5,0,93,0,108,138,0,246,45,151,143,0,339,96,0,96,435
06/22/2007,FAI,AK,AAL,WE,Combined TRACON& Tower with Radar,39,56,13,2,110,0,88,93,2,183,39,144,106,4,293,92,6,98,391
06/23/2007,FAI,AK,AAL,WE,Combined TRACON& Tower with Radar,36,29,12,0,77,0,64,127,0,191,36,93,139,0,268,227,0,227,495
06/24/2007,FAI,AK,AAL,WE,Combined TRACON& Tower with Radar,39,28,12,0,79,0,51,129,0,180,39,79,141,0,259,148,0,148,407
06/25/2007,FAI,AK,AAL,WE,Combined TRACON& Tower with Radar,38,55,17,0,110,0,80,90,0,170,38,135,107,0,280,82,0,82,362
06/26/2007,FAI,AK,AAL,WE,Combined TRACON& Tower with Radar,38,70,16,1,125,0,85,120,2,207,38,155,136,3,332,150,1,151,483
06/27/2007,FAI,AK,AAL,WE,Combined TRACON& Tower with Radar,41,62,10,2,115,0,101,140,0,241,41,163,150,2,356,268,0,268,624
06/28/2007,FAI,AK,AAL,WE,Combined TRACON& Tower with Radar,44,5,22,4,75,0,92,131,3,226,44,97,153,7,301,156,0,156,457
06/29/2007,FAI,AK,AAL,WE,Combined TRACON& Tower with Radar,36,54,18,0,108,0,115,158,0,273,36,169,176,0,381,144,0,144,525
06/30/2007,FAI,AK,AAL,WE,Combined TRACON& Tower with Radar,33,27,13,0,73,0,57,128,0,185,33,84,141,0,258,75,0,75,333
07/01/2007,FAI,AK,AAL,WE,Combined TRACON& Tower with Radar,34,35,27,0,96,0,44,118,0,162,34,79,145,0,258,86,0,86,344
07/02/2007,FAI,AK,AAL,WE,Combined TRACON& Tower with Radar,43,36,11,1,91,2,102,113,0,217,45,138,124,1,308,92,0,92,400
07/03/2007,FAI,AK,AAL,WE,Combined TRACON& Tower with Radar,43,43,8,0,94,0,108,125,0,233,43,151,133,0,327,118,0,118,445
07/04/2007,FAI,AK,AAL,WE,Combined TRACON& Tower with Radar,33,29,8,0,70,0,59,61,0,120,33,88,69,0,190,120,0,120,310
07/05/2007,FAI,AK,AAL,WE,Combined TRACON& Tower with Radar,44,50,3,6,103,0,89,136,1,226,44,139,139,7,329,104,0,104,433
07/06/2007,FAI,AK,AAL,WE,Combined TRACON& Tower with Radar,43,48,4,3,98,0,84,128,2,214,43,132,132,5,312,128,0,128,440
07/07/2007,FAI,AK,AAL,WE,Combined TRACON& Tower with Radar,33,54,23,0,110,0,14,93,0,107,33,68,116,0,217,192,0,192,409
07/08/2007,FAI,AK,AAL,WE,Combined TRACON& Tower with Radar,36,34,18,0,88,0,38,112,0,150,36,72,130,0,238,42,0,42,280
07/09/2007,FAI,AK,AAL,WE,Combined TRACON& Tower with Radar,44,38,7,1,90,0,91,106,3,200,44,129,113,4,290,99,0,99,389
07/10/2007,FAI,AK,AAL,WE,Combined TRACON& Tower with Radar,41,52,10,3,106,0,99,148,5,252,41,151,158,8,358,110,4,114,472
07/11/2007,FAI,AK,AAL,WE,Combined TRACON& Tower with Radar,43,78,23,5,149,2,41,102,0,145,45,119,125,5,294,70,0,70,364
07/12/2007,FAI,AK,AAL,WE,Combined TRACON& Tower with Radar,58,47,10,3,118,0,72,138,0,210,58,119,148,3,328,94,0,94,422
07/13/2007,FAI,AK,AAL,WE,Combined TRACON& Tower with Radar,38,46,17,1,102,2,83,156,0,241,40,129,173,1,343,124,0,124,467
07/14/2007,FAI,AK,AAL,WE,Combined TRACON& Tower with Radar,35,34,24,0,93,0,47,84,0,131,35,81,108,0,224,24,0,24,248
07/15/2007,FAI,AK,AAL,WE,Combined TRACON& Tower with Radar,31,24,13,0,68,0,46,81,0,127,31,70,94,0,195,67,0,67,262
07/16/2007,FAI,AK,AAL,WE,Combined TRACON& Tower with Radar,42,76,24,0,142,0,66,115,1,182,42,142,139,1,324,82,0,82,406
07/17/2007,FAI,AK,AAL,WE,Combined TRACON& Tower with Radar,35,41,7,12,95,0,96,111,4,211,35,137,118,16,306,136,4,140,446
07/18/2007,FAI,AK,AAL,WE,Combined TRACON& Tower with Radar,40,42,11,10,103,0,88,130,7,225,40,130,141,17,328,104,0,104,432
07/19/2007,FAI,AK,AAL,WE,Combined TRACON& Tower with Radar,56,44,3,7,110,0,101,126,3,230,56,145,129,10,340,152,0,152,492
07/20/2007,FAI,AK,AAL,WE,Combined TRACON& Tower with Radar,38,37,23,3,101,0,94,145,0,239,38,131,168,3,340,123,0,123,463
07/21/2007,FAI,AK,AAL,WE,Combined TRACON& Tower with Radar,33,22,15,0,70,0,60,151,0,211,33,82,166,0,281,68,0,68,349
07/22/2007,FAI,AK,AAL,WE,Combined TRACON& Tower with Radar,33,24,9,2,68,0,41,102,1,144,33,65,111,3,212,85,0,85,297
07/23/2007,FAI,AK,AAL,WE,Combined TRACON& Tower with Radar,41,76,25,0,142,0,32,60,0,92,41,108,85,0,234,24,0,24,258
07/24/2007,FAI,AK,AAL,WE,Combined TRACON& Tower with Radar,40,63,24,11,138,0,62,106,4,172,40,125,130,15,310,100,0,100,410
07/25/2007,FAI,AK,AAL,WE,Combined TRACON& Tower with Radar,37,48,11,9,105,0,93,105,3,201,37,141,116,12,306,76,0,76,382
07/26/2007,FAI,AK,AAL,WE,Combined TRACON& Tower with Radar,40,44,12,3,99,0,101,115,1,217,40,145,127,4,316,88,0,88,404
07/27/2007,FAI,AK,AAL,WE,Combined TRACON& Tower with Radar,41,45,7,0,93,0,101,121,0,222,41,146,128,0,315,88,0,88,403
07/28/2007,FAI,AK,AAL,WE,Combined TRACON& Tower with Radar,34,51,32,0,117,1,39,105,0,145,35,90,137,0,262,34,0,34,296
07/29/2007,FAI,AK,AAL,WE,Combined TRACON& Tower with Radar,33,25,3,0,61,0,44,111,0,155,33,69,114,0,216,110,0,110,326
07/30/2007,FAI,AK,AAL,WE,Combined TRACON& Tower with Radar,40,52,13,2,107,0,88,112,0,200,40,140,125,2,307,114,0,114,421
07/31/2007,FAI,AK,AAL,WE,Combined TRACON& Tower with Radar,47,85,21,3,156,1,47,93,0,141,48,132,114,3,297,106,0,106,403
08/01/2007,FAI,AK,AAL,WE,Combined TRACON& Tower with Radar,39,93,21,5,158,1,56,91,1,149,40,149,112,6,307,116,6,122,429
08/02/2007,FAI,AK,AAL,WE,Combined TRACON& Tower with Radar,45,65,10,7,127,0,74,141,1,216,45,139,151,8,343,150,0,150,493
08/03/2007,FAI,AK,AAL,WE,Combined TRACON& Tower with Radar,42,73,14,1,130,3,69,132,3,207,45,142,146,4,337,168,2,170,507
08/04/2007,FAI,AK,AAL,WE,Combined TRACON& Tower with Radar,35,24,4,1,64,0,50,145,0,195,35,74,149,1,259,98,0,98,357
08/05/2007,FAI,AK,AAL,WE,Combined TRACON& Tower with Radar,40,54,17,0,111,0,12,51,0,63,40,66,68,0,174,66,0,66,240
08/06/2007,FAI,AK,AAL,WE,Combined TRACON& Tower with Radar,41,98,33,1,173,0,13,8,0,21,41,111,41,1,194,0,0,0,194
08/07/2007,FAI,AK,AAL,WE,Combined TRACON& Tower with Radar,43,99,13,4,159,0,64,90,2,156,43,163,103,6,315,94,4,98,413
08/08/2007,FAI,AK,AAL,WE,Combined TRACON& Tower with Radar,40,52,5,0,97,1,131,159,0,291,41,183,164,0,388,156,0,156,544
08/09/2007,FAI,AK,AAL,WE,Combined TRACON& Tower with Radar,42,44,7,3,96,0,98,149,0,247,42,142,156,3,343,178,0,178,521
08/10/2007,FAI,AK,AAL,WE,Combined TRACON& Tower with Radar,38,33,7,1,79,0,97,134,0,231,38,130,141,1,310,162,0,162,472
08/11/2007,FAI,AK,AAL,WE,Combined TRACON& Tower with Radar,33,27,9,2,71,1,80,159,2,242,34,107,168,4,313,148,0,148,461
08/12/2007,FAI,AK,AAL,WE,Combined TRACON& Tower with Radar,42,36,22,0,100,0,20,84,0,104,42,56,106,0,204,64,0,64,268
08/13/2007,FAI,AK,AAL,WE,Combined TRACON& Tower with Radar,39,104,23,0,166,0,33,62,0,95,39,137,85,0,261,46,0,46,307
08/14/2007,FAI,AK,AAL,WE,Combined TRACON& Tower with Radar,40,90,39,3,172,0,70,93,0,163,40,160,132,3,335,84,0,84,419
08/15/2007,FAI,AK,AAL,WE,Combined TRACON& Tower with Radar,39,114,56,7,216,0,32,44,1,77,39,146,100,8,293,60,0,60,353
08/16/2007,FAI,AK,AAL,WE,Combined TRACON& Tower with Radar,48,85,14,3,150,0,42,132,2,176,48,127,146,5,326,214,0,214,540
08/17/2007,FAI,AK,AAL,WE,Combined TRACON& Tower with Radar,35,50,21,0,106,1,100,204,0,305,36,150,225,0,411,148,0,148,559
08/18/2007,FAI,AK,AAL,WE,Combined TRACON& Tower with Radar,37,23,14,0,74,1,77,160,0,238,38,100,174,0,312,98,0,98,410
08/19/2007,FAI,AK,AAL,WE,Combined TRACON& Tower with Radar,35,22,7,1,65,0,59,130,0,189,35,81,137,1,254,96,0,96,350
08/20/2007,FAI,AK,AAL,WE,Combined TRACON& Tower with Radar,57,44,11,0,112,0,104,121,1,226,57,148,132,1,338,164,0,164,502
08/21/2007,FAI,AK,AAL,WE,Combined TRACON& Tower with Radar,37,65,9,4,115,1,95,108,1,205,38,160,117,5,320,92,0,92,412
08/22/2007,FAI,AK,AAL,WE,Combined TRACON& Tower with Radar,38,62,11,6,117,0,88,119,0,207,38,150,130,6,324,140,0,140,464
08/23/2007,FAI,AK,AAL,WE,Combined TRACON& Tower with Radar,45,45,11,15,116,1,89,109,0,199,46,134,120,15,315,94,28,122,437
08/24/2007,FAI,AK,AAL,WE,Combined TRACON& Tower with Radar,37,45,8,0,90,0,98,158,0,256,37,143,166,0,346,112,0,112,458
08/25/2007,FAI,AK,AAL,WE,Combined TRACON& Tower with Radar,33,17,9,0,59,0,68,166,0,234,33,85,175,0,293,138,0,138,431
08/26/2007,FAI,AK,AAL,WE,Combined TRACON& Tower with Radar,31,14,6,0,51,0,59,175,0,234,31,73,181,0,285,52,0,52,337
08/27/2007,FAI,AK,AAL,WE,Combined TRACON& Tower with Radar,36,40,15,2,93,0,89,139,0,228,36,129,154,2,321,171,0,171,492
08/28/2007,FAI,AK,AAL,WE,Combined TRACON& Tower with Radar,39,46,8,2,95,0,101,142,1,244,39,147,150,3,339,132,0,132,471
08/29/2007,FAI,AK,AAL,WE,Combined TRACON& Tower with Radar,39,40,13,1,93,9,119,22,5,155,48,159,35,6,248,144,0,144,392
08/30/2007,FAI,AK,AAL,WE,Combined TRACON& Tower with Radar,43,36,14,2,95,0,102,175,4,281,43,138,189,6,376,234,0,234,610
08/31/2007,FAI,AK,AAL,WE,Combined TRACON& Tower with Radar,36,45,10,0,91,4,139,257,0,400,40,184,267,0,491,163,0,163,654
09/01/2007,FAI,AK,AAL,WE,Combined TRACON& Tower with Radar,33,100,0,0,133,0,0,169,0,169,33,100,169,0,302,117,0,117,419
09/02/2007,FAI,AK,AAL,WE,Combined TRACON& Tower with Radar,35,17,9,0,61,0,41,109,0,150,35,58,118,0,211,96,0,96,307
09/03/2007,FAI,AK,AAL,WE,Combined TRACON& Tower with Radar,37,38,13,0,88,0,59,185,0,244,37,97,198,0,332,132,0,132,464
09/04/2007,FAI,AK,AAL,WE,Combined TRACON& Tower with Radar,37,50,12,0,99,0,108,128,0,236,37,158,140,0,335,72,0,72,407
09/05/2007,FAI,AK,AAL,WE,Combined TRACON& Tower with Radar,36,53,9,2,100,0,131,133,0,264,36,184,142,2,364,92,0,92,456
09/06/2007,FAI,AK,AAL,WE,Combined TRACON& Tower with Radar,39,85,19,5,148,3,74,111,0,188,42,159,130,5,336,81,0,81,417
09/07/2007,FAI,AK,AAL,WE,Combined TRACON& Tower with Radar,40,54,14,3,111,0,136,127,0,263,40,190,141,3,374,135,0,135,509
09/08/2007,FAI,AK,AAL,WE,Combined TRACON& Tower with Radar,35,44,11,0,90,0,71,118,0,189,35,115,129,0,279,158,0,158,437
09/09/2007,FAI,AK,AAL,WE,Combined TRACON& Tower with Radar,32,55,24,0,111,0,42,60,0,102,32,97,84,0,213,36,0,36,249
09/10/2007,FAI,AK,AAL,WE,Combined TRACON& Tower with Radar,31,91,35,3,160,0,51,59,0,110,31,142,94,3,270,18,0,18,288
09/11/2007,FAI,AK,AAL,WE,Combined TRACON& Tower with Radar,30,50,4,1,85,0,110,106,8,224,30,160,110,9,309,146,0,146,455
09/12/2007,FAI,AK,AAL,WE,Combined TRACON& Tower with Radar,32,62,21,4,119,0,101,176,2,279,32,163,197,6,398,88,0,88,486
09/13/2007,FAI,AK,AAL,WE,Combined TRACON& Tower with Radar,39,55,14,1,109,0,114,130,0,244,39,169,144,1,353,102,0,102,455
09/14/2007,FAI,AK,AAL,WE,Combined TRACON& Tower with Radar,32,102,17,0,151,0,68,100,0,168,32,170,117,0,319,54,0,54,373
09/15/2007,FAI,AK,AAL,WE,Combined TRACON& Tower with Radar,25,51,8,6,90,0,61,81,3,145,25,112,89,9,235,8,0,8,243
09/16/2007,FAI,AK,AAL,WE,Combined TRACON& Tower with Radar,25,48,16,0,89,0,37,34,0,71,25,85,50,0,160,15,0,15,175
09/17/2007,FAI,AK,AAL,WE,Combined TRACON& Tower with Radar,34,99,13,1,147,0,50,72,0,122,34,149,85,1,269,20,0,20,289
09/18/2007,FAI,AK,AAL,WE,Combined TRACON& Tower with Radar,23,40,14,2,79,5,126,109,1,241,28,166,123,3,320,62,0,62,382
09/19/2007,FAI,AK,AAL,WE,Combined TRACON& Tower with Radar,32,95,30,6,163,0,39,29,0,68,32,134,59,6,231,0,0,0,231
09/20/2007,FAI,AK,AAL,WE,Combined TRACON& Tower with Radar,36,86,18,2,142,0,68,90,0,158,36,154,108,2,300,100,2,102,402
09/21/2007,FAI,AK,AAL,WE,Combined TRACON& Tower with Radar,27,74,9,2,112,0,74,122,2,198,27,148,131,4,310,85,0,85,395
09/22/2007,FAI,AK,AAL,WE,Combined TRACON& Tower with Radar,22,42,5,1,70,0,71,157,0,228,22,113,162,1,298,154,0,154,452
09/23/2007,FAI,AK,AAL,WE,Combined TRACON& Tower with Radar,32,38,9,0,79,0,56,139,0,195,32,94,148,0,274,118,0,118,392
09/24/2007,FAI,AK,AAL,WE,Combined TRACON& Tower with Radar,28,50,7,0,85,0,115,109,0,224,28,165,116,0,309,162,0,162,471
09/25/2007,FAI,AK,AAL,WE,Combined TRACON& Tower with Radar,28,90,19,0,137,0,32,21,0,53,28,122,40,0,190,9,0,9,199
09/26/2007,FAI,AK,AAL,WE,Combined TRACON& Tower with Radar,29,94,10,2,135,0,59,63,0,122,29,153,73,2,257,66,0,66,323
09/27/2007,FAI,AK,AAL,WE,Combined TRACON& Tower with Radar,33,81,21,1,136,1,75,103,1,180,34,156,124,2,316,154,0,154,470
09/28/2007,FAI,AK,AAL,WE,Combined TRACON& Tower with Radar,28,47,15,3,93,2,76,76,1,155,30,123,91,4,248,105,0,105,353
09/29/2007,FAI,AK,AAL,WE,Combined TRACON& Tower with Radar,28,23,1,0,52,1,46,123,0,170,29,69,124,0,222,168,0,168,390
09/30/2007,FAI,AK,AAL,WE,Combined TRACON& Tower with Radar,29,38,7,0,74,0,26,55,0,81,29,64,62,0,155,58,0,58,213
10/01/2007,FAI,AK,AAL,WE,Combined TRACON& Tower with Radar,30,59,8,5,102,0,65,46,2,113,30,124,54,7,215,66,0,66,281
10/02/2007,FAI,AK,AAL,WE,Combined TRACON& Tower with Radar,32,68,12,2,114,0,35,30,1,66,32,103,42,3,180,38,0,38,218
10/03/2007,FAI,AK,AAL,WE,Combined TRACON& Tower with Radar,27,67,11,10,115,0,52,47,20,119,27,119,58,30,234,76,14,90,324
10/04/2007,FAI,AK,AAL,WE,Combined TRACON& Tower with Radar,30,62,6,6,104,0,76,72,0,148,30,138,78,6,252,70,0,70,322
10/05/2007,FAI,AK,AAL,WE,Combined TRACON& Tower with Radar,33,104,5,4,146,0,51,46,0,97,33,155,51,4,243,58,8,66,309
10/06/2007,FAI,AK,AAL,WE,Combined TRACON& Tower with Radar,32,53,6,0,91,0,5,20,0,25,32,58,26,0,116,14,0,14,130
10/07/2007,FAI,AK,AAL,WE,Combined TRACON& Tower with Radar,28,45,3,0,76,0,15,19,0,34,28,60,22,0,110,25,0,25,135
10/08/2007,FAI,AK,AAL,WE,Combined TRACON& Tower with Radar,29,81,10,0,120,0,21,29,0,50,29,102,39,0,170,14,0,14,184
10/09/2007,FAI,AK,AAL,WE,Combined TRACON& Tower with Radar,29,58,19,4,110,0,43,53,2,98,29,101,72,6,208,68,0,68,276
10/10/2007,FAI,AK,AAL,WE,Combined TRACON& Tower with Radar,28,78,3,2,111,0,49,35,0,84,28,127,38,2,195,48,6,54,249
10/11/2007,FAI,AK,AAL,WE,Combined TRACON& Tower with Radar,42,94,17,10,163,0,20,12,2,34,42,114,29,12,197,20,0,20,217
10/12/2007,FAI,AK,AAL,WE,Combined TRACON& Tower with Radar,27,51,2,1,81,4,85,62,0,151,31,136,64,1,232,104,0,104,336
10/13/2007,FAI,AK,AAL,WE,Combined TRACON& Tower with Radar,29,39,15,2,85,0,43,41,0,84,29,82,56,2,169,128,0,128,297
10/14/2007,FAI,AK,AAL,WE,Combined TRACON& Tower with Radar,28,36,13,0,77,0,17,40,0,57,28,53,53,0,134,118,0,118,252
10/15/2007,FAI,AK,AAL,WE,Combined TRACON& Tower with Radar,31,80,11,7,129,0,59,66,4,129,31,139,77,11,258,113,12,125,383
10/16/2007,FAI,AK,AAL,WE,Combined TRACON& Tower with Radar,26,121,30,5,182,0,0,1,0,1,26,121,31,5,183,18,2,20,203
10/17/2007,FAI,AK,AAL,WE,Combined TRACON& Tower with Radar,32,65,8,8,113,1,61,46,7,115,33,126,54,15,228,156,0,156,384
10/18/2007,FAI,AK,AAL,WE,Combined TRACON& Tower with Radar,30,111,12,4,157,0,12,6,0,18,30,123,18,4,175,6,0,6,181
10/19/2007,FAI,AK,AAL,WE,Combined TRACON& Tower with Radar,26,90,8,0,124,0,0,0,0,0,26,90,8,0,124,0,0,0,124
10/20/2007,FAI,AK,AAL,WE,Combined TRACON& Tower with Radar,26,48,4,0,78,0,24,47,0,71,26,72,51,0,149,96,0,96,245
10/21/2007,FAI,AK,AAL,WE,Combined TRACON& Tower with Radar,25,35,1,0,61,0,26,34,0,60,25,61,35,0,121,104,0,104,225
10/22/2007,FAI,AK,AAL,WE,Combined TRACON& Tower with Radar,31,71,2,3,107,0,36,41,0,77,31,107,43,3,184,46,0,46,230
10/23/2007,FAI,AK,AAL,WE,Combined TRACON& Tower with Radar,30,105,11,6,152,0,33,14,2,49,30,138,25,8,201,0,0,0,201
10/24/2007,FAI,AK,AAL,WE,Combined TRACON& Tower with Radar,26,115,14,0,155,0,12,3,0,15,26,127,17,0,170,2,0,2,172
10/25/2007,FAI,AK,AAL,WE,Combined TRACON& Tower with Radar,32,85,9,3,129,0,62,33,2,97,32,147,42,5,226,70,0,70,296
10/26/2007,FAI,AK,AAL,WE,Combined TRACON& Tower with Radar,27,94,10,0,131,0,40,41,0,81,27,134,51,0,212,160,0,160,372
10/27/2007,FAI,AK,AAL,WE,Combined TRACON& Tower with Radar,26,52,5,1,84,0,25,47,0,72,26,77,52,1,156,96,0,96,252
10/28/2007,FAI,AK,AAL,WE,Combined TRACON& Tower with Radar,25,43,13,4,85,0,27,33,2,62,25,70,46,6,147,102,0,102,249
10/29/2007,FAI,AK,AAL,WE,Combined TRACON& Tower with Radar,31,55,3,5,94,0,50,36,3,89,31,105,39,8,183,75,0,75,258
10/30/2007,FAI,AK,AAL,WE,Combined TRACON& Tower with Radar,29,67,9,1,106,0,74,25,0,99,29,141,34,1,205,112,0,112,317
10/31/2007,FAI,AK,AAL,WE,Combined TRACON& Tower with Radar,29,50,7,0,86,0,91,21,1,113,29,141,28,1,199,81,0,81,280
11/01/2007,FAI,AK,AAL,WE,Combined TRACON& Tower with Radar,42,63,7,2,114,0,55,52,1,108,42,118,59,3,222,136,0,136,358
11/02/2007,FAI,AK,AAL,WE,Combined TRACON& Tower with Radar,29,60,7,7,103,0,50,43,0,93,29,110,50,7,196,73,0,73,269
11/03/2007,FAI,AK,AAL,WE,Combined TRACON& Tower with Radar,26,57,10,0,93,0,7,4,0,11,26,64,14,0,104,26,0,26,130
11/04/2007,FAI,AK,AAL,WE,Combined TRACON& Tower with Radar,26,24,4,0,54,0,24,32,0,56,26,48,36,0,110,82,0,82,192
11/05/2007,FAI,AK,AAL,WE,Combined TRACON& Tower with Radar,30,68,8,2,108,0,46,44,0,90,30,114,52,2,198,100,2,102,300
11/06/2007,FAI,AK,AAL,WE,Combined TRACON& Tower with Radar,31,48,5,2,86,0,59,33,0,92,31,107,38,2,178,68,0,68,246
11/07/2007,FAI,AK,AAL,WE,Combined TRACON& Tower with Radar,41,60,8,3,112,0,60,29,0,89,41,120,37,3,201,72,0,72,273
11/08/2007,FAI,AK,AAL,WE,Combined TRACON& Tower with Radar,40,67,17,0,124,0,47,43,0,90,40,114,60,0,214,90,2,92,306
11/09/2007,FAI,AK,AAL,WE,Combined TRACON& Tower with Radar,26,59,3,2,90,0,76,31,8,115,26,135,34,10,205,120,0,120,325
11/10/2007,FAI,AK,AAL,WE,Combined TRACON& Tower with Radar,30,16,3,4,53,1,30,54,2,87,31,46,57,6,140,114,0,114,254
11/11/2007,FAI,AK,AAL,WE,Combined TRACON& Tower with Radar,25,19,5,0,49,0,22,48,0,70,25,41,53,0,119,140,0,140,259
11/12/2007,FAI,AK,AAL,WE,Combined TRACON& Tower with Radar,30,94,13,0,137,0,1,1,0,2,30,95,14,0,139,0,0,0,139
11/13/2007,FAI,AK,AAL,WE,Combined TRACON& Tower with Radar,28,66,3,2,99,0,68,29,0,97,28,134,32,2,196,50,0,50,246
11/14/2007,FAI,AK,AAL,WE,Combined TRACON& Tower with Radar,27,55,13,7,102,0,72,33,3,108,27,127,46,10,210,82,0,82,292
11/15/2007,FAI,AK,AAL,WE,Combined TRACON& Tower with Radar,32,82,5,0,119,0,43,30,0,73,32,125,35,0,192,68,0,68,260
11/16/2007,FAI,AK,AAL,WE,Combined TRACON& Tower with Radar,30,102,12,14,158,0,13,14,5,32,30,115,26,19,190,22,0,22,212
11/17/2007,FAI,AK,AAL,WE,Combined TRACON& Tower with Radar,27,54,5,0,86,0,20,15,0,35,27,74,20,0,121,44,0,44,165
11/18/2007,FAI,AK,AAL,WE,Combined TRACON& Tower with Radar,26,66,4,0,96,0,2,6,0,8,26,68,10,0,104,28,0,28,132
11/19/2007,FAI,AK,AAL,WE,Combined TRACON& Tower with Radar,29,72,9,10,120,0,53,26,0,79,29,125,35,10,199,64,0,64,263
11/20/2007,FAI,AK,AAL,WE,Combined TRACON& Tower with Radar,28,64,32,4,128,0,49,41,0,90,28,113,73,4,218,110,0,110,328
11/21/2007,FAI,AK,AAL,WE,Combined TRACON& Tower with Radar,27,71,10,8,116,0,83,42,2,127,27,154,52,10,243,38,0,38,281
11/22/2007,FAI,AK,AAL,WE,Combined TRACON& Tower with Radar,17,8,5,0,30,0,6,27,0,33,17,14,32,0,63,14,0,14,77
11/23/2007,FAI,AK,AAL,WE,Combined TRACON& Tower with Radar,22,70,5,0,97,0,43,31,0,74,22,113,36,0,171,116,0,116,287
11/24/2007,FAI,AK,AAL,WE,Combined TRACON& Tower with Radar,28,51,13,0,92,0,0,1,0,1,28,51,14,0,93,0,0,0,93
11/25/2007,FAI,AK,AAL,WE,Combined TRACON& Tower with Radar,27,21,3,0,51,0,25,35,0,60,27,46,38,0,111,53,0,53,164
11/26/2007,FAI,AK,AAL,WE,Combined TRACON& Tower with Radar,29,54,10,8,101,0,68,51,7,126,29,122,61,15,227,64,0,64,291
11/27/2007,FAI,AK,AAL,WE,Combined TRACON& Tower with Radar,25,55,12,2,94,0,47,45,0,92,25,102,57,2,186,58,2,60,246
11/28/2007,FAI,AK,AAL,WE,Combined TRACON& Tower with Radar,27,60,3,0,90,0,72,35,5,112,27,132,38,5,202,72,4,76,278
11/29/2007,FAI,AK,AAL,WE,Combined TRACON& Tower with Radar,35,56,11,2,104,1,60,46,1,108,36,116,57,3,212,12,0,12,224
11/30/2007,FAI,AK,AAL,WE,Combined TRACON& Tower with Radar,27,57,2,5,91,0,77,40,2,119,27,134,42,7,210,63,0,63,273
12/01/2007,FAI,AK,AAL,WE,Combined TRACON& Tower with Radar,26,27,7,0,60,0,54,60,1,115,26,81,67,1,175,114,0,114,289
12/02/2007,FAI,AK,AAL,WE,Combined TRACON& Tower with Radar,28,24,2,2,56,0,30,24,0,54,28,54,26,2,110,8,0,8,118
12/03/2007,FAI,AK,AAL,WE,Combined TRACON& Tower with Radar,30,50,1,1,82,0,59,15,1,75,30,109,16,2,157,19,0,19,176
12/04/2007,FAI,AK,AAL,WE,Combined TRACON& Tower with Radar,20,49,10,0,79,0,66,20,0,86,20,115,30,0,165,18,0,18,183
12/05/2007,FAI,AK,AAL,WE,Combined TRACON& Tower with Radar,29,69,8,0,106,0,57,24,10,91,29,126,32,10,197,38,0,38,235
12/06/2007,FAI,AK,AAL,WE,Combined TRACON& Tower with Radar,32,70,1,2,105,2,60,23,0,85,34,130,24,2,190,24,0,24,214
12/07/2007,FAI,AK,AAL,WE,Combined TRACON& Tower with Radar,26,115,18,14,173,0,22,11,1,34,26,137,29,15,207,24,0,24,231
12/08/2007,FAI,AK,AAL,WE,Combined TRACON& Tower with Radar,26,49,4,0,79,0,26,44,0,70,26,75,48,0,149,182,0,182,331
12/09/2007,FAI,AK,AAL,WE,Combined TRACON& Tower with Radar,25,43,6,0,74,0,3,1,0,4,25,46,7,0,78,0,0,0,78
12/10/2007,FAI,AK,AAL,WE,Combined TRACON& Tower with Radar,37,46,3,0,86,0,63,16,0,79,37,109,19,0,165,60,0,60,225
12/11/2007,FAI,AK,AAL,WE,Combined TRACON& Tower with Radar,26,93,13,13,145,0,27,16,0,43,26,120,29,13,188,39,0,39,227
12/12/2007,FAI,AK,AAL,WE,Combined TRACON& Tower with Radar,35,81,8,12,136,0,11,7,2,20,35,92,15,14,156,22,0,22,178
12/13/2007,FAI,AK,AAL,WE,Combined TRACON& Tower with Radar,38,121,10,6,175,0,3,1,4,8,38,124,11,10,183,0,0,0,183
12/14/2007,FAI,AK,AAL,WE,Combined TRACON& Tower with Radar,27,107,5,4,143,0,16,14,0,30,27,123,19,4,173,32,0,32,205
12/15/2007,FAI,AK,AAL,WE,Combined TRACON& Tower with Radar,27,48,8,0,83,0,7,10,0,17,27,55,18,0,100,38,0,38,138
12/16/2007,FAI,AK,AAL,WE,Combined TRACON& Tower with Radar,26,18,2,0,46,0,35,15,0,50,26,53,17,0,96,0,0,0,96
12/17/2007,FAI,AK,AAL,WE,Combined TRACON& Tower with Radar,30,84,7,3,124,0,66,20,0,86,30,150,27,3,210,20,6,26,236
12/18/2007,FAI,AK,AAL,WE,Combined TRACON& Tower with Radar,28,62,14,6,110,0,72,27,1,100,28,134,41,7,210,10,0,10,220
12/19/2007,FAI,AK,AAL,WE,Combined TRACON& Tower with Radar,28,135,16,2,181,0,5,2,0,7,28,140,18,2,188,0,0,0,188
12/20/2007,FAI,AK,AAL,WE,Combined TRACON& Tower with Radar,32,91,4,0,127,0,21,2,0,23,32,112,6,0,150,0,0,0,150
12/21/2007,FAI,AK,AAL,WE,Combined TRACON& Tower with Radar,26,80,6,7,119,0,64,17,7,88,26,144,23,14,207,8,0,8,215
12/22/2007,FAI,AK,AAL,WE,Combined TRACON& Tower with Radar,27,36,5,0,68,0,67,48,0,115,27,103,53,0,183,66,0,66,249
12/23/2007,FAI,AK,AAL,WE,Combined TRACON& Tower with Radar,27,33,3,0,63,0,39,14,0,53,27,72,17,0,116,18,0,18,134
12/24/2007,FAI,AK,AAL,WE,Combined TRACON& Tower with Radar,36,50,4,0,90,0,48,43,0,91,36,98,47,0,181,24,0,24,205
12/25/2007,FAI,AK,AAL,WE,Combined TRACON& Tower with Radar,14,10,7,0,31,0,0,4,0,4,14,10,11,0,35,8,0,8,43
12/26/2007,FAI,AK,AAL,WE,Combined TRACON& Tower with Radar,25,64,3,2,94,0,55,22,5,82,25,119,25,7,176,8,0,8,184
12/27/2007,FAI,AK,AAL,WE,Combined TRACON& Tower with Radar,30,56,14,1,101,0,76,38,1,115,30,132,52,2,216,18,0,18,234
12/28/2007,FAI,AK,AAL,WE,Combined TRACON& Tower with Radar,28,53,5,0,86,0,58,35,0,93,28,111,40,0,179,8,0,8,187
12/29/2007,FAI,AK,AAL,WE,Combined TRACON& Tower with Radar,28,44,18,2,92,0,29,14,0,43,28,73,32,2,135,34,0,34,169
12/30/2007,FAI,AK,AAL,WE,Combined TRACON& Tower with Radar,24,24,5,0,53,0,16,24,0,40,24,40,29,0,93,12,0,12,105
12/31/2007,FAI,AK,AAL,WE,Combined TRACON& Tower with Radar,32,62,6,0,100,0,42,32,0,74,32,104,38,0,174,72,0,72,246
01/01/2008,FAI,AK,AAL,WE,Combined TRACON& Tower with Radar,29,3,4,0,36,0,4,23,0,27,29,7,27,0,63,16,0,16,79
01/02/2008,FAI,AK,AAL,WE,Combined TRACON& Tower with Radar,28,74,2,4,108,0,42,24,2,68,28,116,26,6,176,20,0,20,196
01/03/2008,FAI,AK,AAL,WE,Combined TRACON& Tower with Radar,31,75,7,8,121,0,26,20,0,46,31,101,27,8,167,8,0,8,175
01/04/2008,FAI,AK,AAL,WE,Combined TRACON& Tower with Radar,27,82,3,0,112,0,41,20,0,61,27,123,23,0,173,14,0,14,187
01/05/2008,FAI,AK,AAL,WE,Combined TRACON& Tower with Radar,28,47,9,0,84,0,2,5,0,7,28,49,14,0,91,7,0,7,98
01/06/2008,FAI,AK,AAL,WE,Combined TRACON& Tower with Radar,28,49,9,0,86,0,10,4,0,14,28,59,13,0,100,32,0,32,132
01/07/2008,FAI,AK,AAL,WE,Combined TRACON& Tower with Radar,29,52,7,2,90,0,62,21,0,83,29,114,28,2,173,38,0,38,211
01/08/2008,FAI,AK,AAL,WE,Combined TRACON& Tower with Radar,23,75,18,3,119,0,55,37,1,93,23,130,55,4,212,24,0,24,236
01/09/2008,FAI,AK,AAL,WE,Combined TRACON& Tower with Radar,26,78,5,8,117,0,49,23,4,76,26,127,28,12,193,34,28,62,255
01/10/2008,FAI,AK,AAL,WE,Combined TRACON& Tower with Radar,30,80,3,8,121,0,35,26,5,66,30,115,29,13,187,30,0,30,217
01/11/2008,FAI,AK,AAL,WE,Combined TRACON& Tower with Radar,26,67,10,0,103,0,41,14,0,55,26,108,24,0,158,10,0,10,168
01/12/2008,FAI,AK,AAL,WE,Combined TRACON& Tower with Radar,26,44,7,0,77,0,13,8,0,21,26,57,15,0,98,0,0,0,98
01/13/2008,FAI,AK,AAL,WE,Combined TRACON& Tower with Radar,28,37,3,0,68,0,4,3,0,7,28,41,6,0,75,0,0,0,75
01/14/2008,FAI,AK,AAL,WE,Combined TRACON& Tower with Radar,30,51,4,6,91,0,48,3,3,54,30,99,7,9,145,0,14,14,159
01/15/2008,FAI,AK,AAL,WE,Combined TRACON& Tower with Radar,27,60,17,4,108,0,24,12,0,36,27,84,29,4,144,10,0,10,154
01/16/2008,FAI,AK,AAL,WE,Combined TRACON& Tower with Radar,25,81,9,0,115,0,25,3,16,44,25,106,12,16,159,4,0,4,163
01/17/2008,FAI,AK,AAL,WE,Combined TRACON& Tower with Radar,31,74,10,0,115,0,48,13,0,61,31,122,23,0,176,34,0,34,210
01/18/2008,FAI,AK,AAL,WE,Combined TRACON& Tower with Radar,27,90,12,0,129,0,26,15,0,41,27,116,27,0,170,18,0,18,188
01/19/2008,FAI,AK,AAL,WE,Combined TRACON& Tower with Radar,28,28,2,0,58,0,32,31,0,63,28,60,33,0,121,122,0,122,243
01/20/2008,FAI,AK,AAL,WE,Combined TRACON& Tower with Radar,21,35,30,0,86,0,24,0,0,24,21,59,30,0,110,114,0,114,224
01/21/2008,FAI,AK,AAL,WE,Combined TRACON& Tower with Radar,32,76,6,0,114,0,4,1,0,5,32,80,7,0,119,0,0,0,119
01/22/2008,FAI,AK,AAL,WE,Combined TRACON& Tower with Radar,30,63,3,3,99,0,32,14,0,46,30,95,17,3,145,50,0,50,195
01/23/2008,FAI,AK,AAL,WE,Combined TRACON& Tower with Radar,26,73,8,4,111,0,25,7,8,40,26,98,15,12,151,0,0,0,151
01/24/2008,FAI,AK,AAL,WE,Combined TRACON& Tower with Radar,32,57,9,3,101,0,76,24,3,103,32,133,33,6,204,38,2,40,244
01/25/2008,FAI,AK,AAL,WE,Combined TRACON& Tower with Radar,29,60,5,4,98,0,52,12,2,66,29,112,17,6,164,6,0,6,170
01/26/2008,FAI,AK,AAL,WE,Combined TRACON& Tower with Radar,25,18,0,0,43,0,29,0,0,29,25,47,0,0,72,0,0,0,72
01/27/2008,FAI,AK,AAL,WE,Combined TRACON& Tower with Radar,26,24,2,2,54,0,31,4,0,35,26,55,6,2,89,0,0,0,89
01/28/2008,FAI,AK,AAL,WE,Combined TRACON& Tower with Radar,36,48,8,3,95,0,33,22,1,56,36,81,30,4,151,7,0,7,158
01/29/2008,FAI,AK,AAL,WE,Combined TRACON& Tower with Radar,26,53,5,4,88,0,43,11,4,58,26,96,16,8,146,2,0,2,148
01/30/2008,FAI,AK,AAL,WE,Combined TRACON& Tower with Radar,26,62,9,1,98,0,55,22,0,77,26,117,31,1,175,16,0,16,191
01/31/2008,FAI,AK,AAL,WE,Combined TRACON& Tower with Radar,35,92,19,0,146,0,10,10,0,20,35,102,29,0,166,4,0,4,170
02/01/2008,FAI,AK,AAL,WE,Combined TRACON& Tower with Radar,27,77,15,4,123,0,33,27,0,60,27,110,42,4,183,27,0,27,210
02/02/2008,FAI,AK,AAL,WE,Combined TRACON& Tower with Radar,28,26,12,2,68,0,23,36,0,59,28,49,48,2,127,68,0,68,195
02/03/2008,FAI,AK,AAL,WE,Combined TRACON& Tower with Radar,26,26,7,0,59,0,29,20,0,49,26,55,27,0,108,14,0,14,122
02/04/2008,FAI,AK,AAL,WE,Combined TRACON& Tower with Radar,32,72,4,0,108,0,16,1,0,17,32,88,5,0,125,0,0,0,125
02/05/2008,FAI,AK,AAL,WE,Combined TRACON& Tower with Radar,30,69,5,0,104,0,20,7,0,27,30,89,12,0,131,2,0,2,133
02/06/2008,FAI,AK,AAL,WE,Combined TRACON& Tower with Radar,27,67,7,0,101,0,13,4,0,17,27,80,11,0,118,0,0,0,118
02/07/2008,FAI,AK,AAL,WE,Combined TRACON& Tower with Radar,31,71,18,0,120,0,15,7,0,22,31,86,25,0,142,0,0,0,142
02/08/2008,FAI,AK,AAL,WE,Combined TRACON& Tower with Radar,26,53,4,0,83,0,38,12,0,50,26,91,16,0,133,0,0,0,133
02/09/2008,FAI,AK,AAL,WE,Combined TRACON& Tower with Radar,24,36,7,0,67,0,42,25,0,67,24,78,32,0,134,12,0,12,146
02/10/2008,FAI,AK,AAL,WE,Combined TRACON& Tower with Radar,26,39,2,2,69,0,29,14,0,43,26,68,16,2,112,4,0,4,116
02/11/2008,FAI,AK,AAL,WE,Combined TRACON& Tower with Radar,33,61,4,5,103,0,54,69,5,128,33,115,73,10,231,30,0,30,261
02/12/2008,FAI,AK,AAL,WE,Combined TRACON& Tower with Radar,30,94,17,1,142,0,30,30,1,61,30,124,47,2,203,66,0,66,269
02/13/2008,FAI,AK,AAL,WE,Combined TRACON& Tower with Radar,29,57,5,6,97,0,68,48,0,116,29,125,53,6,213,110,0,110,323
02/14/2008,FAI,AK,AAL,WE,Combined TRACON& Tower with Radar,31,65,1,9,106,0,66,43,3,112,31,131,44,12,218,68,0,68,286
02/15/2008,FAI,AK,AAL,WE,Combined TRACON& Tower with Radar,28,92,8,0,128,0,35,40,0,75,28,127,48,0,203,12,0,12,215
02/16/2008,FAI,AK,AAL,WE,Combined TRACON& Tower with Radar,22,28,8,0,58,0,44,76,0,120,22,72,84,0,178,64,0,64,242
02/17/2008,FAI,AK,AAL,WE,Combined TRACON& Tower with Radar,24,35,6,0,65,0,33,63,0,96,24,68,69,0,161,54,0,54,215
02/18/2008,FAI,AK,AAL,WE,Combined TRACON& Tower with Radar,29,45,11,0,85,0,55,53,0,108,29,100,64,0,193,90,0,90,283
02/19/2008,FAI,AK,AAL,WE,Combined TRACON& Tower with Radar,29,64,5,6,104,0,55,43,2,100,29,119,48,8,204,61,0,61,265
02/20/2008,FAI,AK,AAL,WE,Combined TRACON& Tower with Radar,30,66,6,7,109,0,61,49,0,110,30,127,55,7,219,76,4,80,299
02/21/2008,FAI,AK,AAL,WE,Combined TRACON& Tower with Radar,32,57,8,5,102,0,61,48,39,148,32,118,56,44,250,72,38,110,360
02/22/2008,FAI,AK,AAL,WE,Combined TRACON& Tower with Radar,26,53,4,0,83,0,68,63,1,132,26,121,67,1,215,78,2,80,295
02/23/2008,FAI,AK,AAL,WE,Combined TRACON& Tower with Radar,20,42,18,1,81,0,28,44,0,72,20,70,62,1,153,147,0,147,300
02/24/2008,FAI,AK,AAL,WE,Combined TRACON& Tower with Radar,29,41,11,0,81,0,9,7,0,16,29,50,18,0,97,26,0,26,123
02/25/2008,FAI,AK,AAL,WE,Combined TRACON& Tower with Radar,36,60,3,0,99,0,47,29,0,76,36,107,32,0,175,17,0,17,192
02/26/2008,FAI,AK,AAL,WE,Combined TRACON& Tower with Radar,27,63,6,0,96,0,43,32,0,75,27,106,38,0,171,38,4,42,213
02/27/2008,FAI,AK,AAL,WE,Combined TRACON& Tower with Radar,30,54,4,0,88,0,82,61,0,143,30,136,65,0,231,52,0,52,283
02/28/2008,FAI,AK,AAL,WE,Combined TRACON& Tower with Radar,36,58,7,16,117,0,63,52,0,115,36,121,59,16,232,52,0,52,284
02/29/2008,FAI,AK,AAL,WE,Combined TRACON& Tower with Radar,27,44,12,0,83,0,62,29,0,91,27,106,41,0,174,0,0,0,174
03/01/2008,FAI,AK,AAL,WE,Combined TRACON& Tower with Radar,15,33,9,0,57,0,48,18,0,66,15,81,27,0,123,54,0,54,177
03/02/2008,FAI,AK,AAL,WE,Combined TRACON& Tower with Radar,23,20,10,0,53,0,39,47,0,86,23,59,57,0,139,52,0,52,191
03/03/2008,FAI,AK,AAL,WE,Combined TRACON& Tower with Radar,36,40,6,1,83,0,69,37,1,107,36,109,43,2,190,77,0,77,267
03/04/2008,FAI,AK,AAL,WE,Combined TRACON& Tower with Radar,30,58,5,3,96,0,50,35,0,85,30,108,40,3,181,57,0,57,238
03/05/2008,FAI,AK,AAL,WE,Combined TRACON& Tower with Radar,29,68,9,0,106,0,59,27,0,86,29,127,36,0,192,66,0,66,258
03/06/2008,FAI,AK,AAL,WE,Combined TRACON& Tower with Radar,29,58,2,5,94,0,50,10,2,62,29,108,12,7,156,63,0,63,219
03/07/2008,FAI,AK,AAL,WE,Combined TRACON& Tower with Radar,32,50,9,2,93,0,58,35,0,93,32,108,44,2,186,72,0,72,258
03/08/2008,FAI,AK,AAL,WE,Combined TRACON& Tower with Radar,21,34,16,2,73,0,53,52,1,106,21,87,68,3,179,108,0,108,287
03/09/2008,FAI,AK,AAL,WE,Combined TRACON& Tower with Radar,24,24,8,0,56,0,50,43,0,93,24,74,51,0,149,52,0,52,201
03/10/2008,FAI,AK,AAL,WE,Combined TRACON& Tower with Radar,31,49,7,2,89,0,78,75,1,154,31,127,82,3,243,59,0,59,302
03/11/2008,FAI,AK,AAL,WE,Combined TRACON& Tower with Radar,33,56,8,2,99,0,57,54,0,111,33,113,62,2,210,70,6,76,286
03/12/2008,FAI,AK,AAL,WE,Combined TRACON& Tower with Radar,30,61,6,1,98,0,62,49,0,111,30,123,55,1,209,46,0,46,255
03/13/2008,FAI,AK,AAL,WE,Combined TRACON& Tower with Radar,34,77,14,3,128,0,41,25,1,67,34,118,39,4,195,18,0,18,213
03/14/2008,FAI,AK,AAL,WE,Combined TRACON& Tower with Radar,28,56,16,0,100,0,70,67,6,143,28,126,83,6,243,74,0,74,317
03/15/2008,FAI,AK,AAL,WE,Combined TRACON& Tower with Radar,19,45,4,0,68,0,51,47,0,98,19,96,51,0,166,64,0,64,230
03/16/2008,FAI,AK,AAL,WE,Combined TRACON& Tower with Radar,25,43,5,2,75,0,37,31,0,68,25,80,36,2,143,52,0,52,195
03/17/2008,FAI,AK,AAL,WE,Combined TRACON& Tower with Radar,39,53,10,14,116,0,72,34,5,111,39,125,44,19,227,75,0,75,302
03/18/2008,FAI,AK,AAL,WE,Combined TRACON& Tower with Radar,28,52,5,2,87,0,76,32,0,108,28,128,37,2,195,34,0,34,229
03/19/2008,FAI,AK,AAL,WE,Combined TRACON& Tower with Radar,33,62,11,3,109,2,63,45,0,110,35,125,56,3,219,24,0,24,243
03/20/2008,FAI,AK,AAL,WE,Combined TRACON& Tower with Radar,33,62,9,2,106,0,43,37,2,82,33,105,46,4,188,60,0,60,248
03/21/2008,FAI,AK,AAL,WE,Combined TRACON& Tower with Radar,25,48,4,0,77,0,78,91,0,169,25,126,95,0,246,52,0,52,298
03/22/2008,FAI,AK,AAL,WE,Combined TRACON& Tower with Radar,21,31,4,0,56,0,44,47,0,91,21,75,51,0,147,64,0,64,211
03/23/2008,FAI,AK,AAL,WE,Combined TRACON& Tower with Radar,27,31,4,2,64,0,25,17,0,42,27,56,21,2,106,18,0,18,124
03/24/2008,FAI,AK,AAL,WE,Combined TRACON& Tower with Radar,30,82,7,0,119,0,40,31,0,71,30,122,38,0,190,38,0,38,228
03/25/2008,FAI,AK,AAL,WE,Combined TRACON& Tower with Radar,23,76,15,1,115,0,85,47,0,132,23,161,62,1,247,56,0,56,303
03/26/2008,FAI,AK,AAL,WE,Combined TRACON& Tower with Radar,28,54,8,2,92,0,90,65,0,155,28,144,73,2,247,68,0,68,315
03/27/2008,FAI,AK,AAL,WE,Combined TRACON& Tower with Radar,34,59,10,0,103,1,70,64,0,135,35,129,74,0,238,132,0,132,370
03/28/2008,FAI,AK,AAL,WE,Combined TRACON& Tower with Radar,24,57,13,0,94,0,65,74,0,139,24,122,87,0,233,68,0,68,301
03/29/2008,FAI,AK,AAL,WE,Combined TRACON& Tower with Radar,22,25,8,2,57,0,51,96,1,148,22,76,104,3,205,154,0,154,359
03/30/2008,FAI,AK,AAL,WE,Combined TRACON& Tower with Radar,24,41,6,0,71,0,11,37,0,48,24,52,43,0,119,126,0,126,245
03/31/2008,FAI,AK,AAL,WE,Combined TRACON& Tower with Radar,32,93,10,4,139,0,32,22,0,54,32,125,32,4,193,42,0,42,235
04/01/2008,FAI,AK,AAL,WE,Combined TRACON& Tower with Radar,28,74,16,0,118,0,51,51,0,102,28,125,67,0,220,104,0,104,324
04/02/2008,FAI,AK,AAL,WE,Combined TRACON& Tower with Radar,28,90,9,2,129,0,36,32,0,68,28,126,41,2,197,70,0,70,267
04/03/2008,FAI,AK,AAL,WE,Combined TRACON& Tower with Radar,29,101,8,1,139,2,29,69,1,101,31,130,77,2,240,116,2,118,358
04/04/2008,FAI,AK,AAL,WE,Combined TRACON& Tower with Radar,31,64,12,7,114,0,78,46,1,125,31,142,58,8,239,228,0,228,467
04/05/2008,FAI,AK,AAL,WE,Combined TRACON& Tower with Radar,21,66,5,0,92,1,7,3,0,11,22,73,8,0,103,24,0,24,127
04/06/2008,FAI,AK,AAL,WE,Combined TRACON& Tower with Radar,23,46,6,1,76,0,27,12,0,39,23,73,18,1,115,42,0,42,157
04/07/2008,FAI,AK,AAL,WE,Combined TRACON& Tower with Radar,33,79,8,4,124,2,42,29,1,74,35,121,37,5,198,101,0,101,299
04/08/2008,FAI,AK,AAL,WE,Combined TRACON& Tower with Radar,25,39,32,7,103,0,43,50,4,97,25,82,82,11,200,105,0,105,305
04/09/2008,FAI,AK,AAL,WE,Combined TRACON& Tower with Radar,29,54,10,4,97,0,72,55,0,127,29,126,65,4,224,120,0,120,344
04/10/2008,FAI,AK,AAL,WE,Combined TRACON& Tower with Radar,35,105,32,2,174,0,2,9,0,11,35,107,41,2,185,0,0,0,185
04/11/2008,FAI,AK,AAL,WE,Combined TRACON& Tower with Radar,25,67,19,2,113,0,62,55,1,118,25,129,74,3,231,126,0,126,357
04/12/2008,FAI,AK,AAL,WE,Combined TRACON& Tower with Radar,24,26,5,0,55,0,54,77,0,131,24,80,82,0,186,104,0,104,290
04/13/2008,FAI,AK,AAL,WE,Combined TRACON& Tower with Radar,27,47,23,0,97,0,33,55,0,88,27,80,78,0,185,114,0,114,299
04/14/2008,FAI,AK,AAL,WE,Combined TRACON& Tower with Radar,34,84,10,4,132,0,13,6,4,23,34,97,16,8,155,40,0,40,195
04/15/2008,FAI,AK,AAL,WE,Combined TRACON& Tower with Radar,32,82,11,0,125,0,76,35,0,111,32,158,46,0,236,89,0,89,325
04/16/2008,FAI,AK,AAL,WE,Combined TRACON& Tower with Radar,32,64,15,4,115,3,67,24,0,94,35,131,39,4,209,18,2,20,229
04/17/2008,FAI,AK,AAL,WE,Combined TRACON& Tower with Radar,34,63,4,14,115,0,75,57,2,134,34,138,61,16,249,118,0,118,367
04/18/2008,FAI,AK,AAL,WE,Combined TRACON& Tower with Radar,30,86,13,4,133,0,29,15,4,48,30,115,28,8,181,52,0,52,233
04/19/2008,FAI,AK,AAL,WE,Combined TRACON& Tower with Radar,25,27,9,0,61,0,33,60,0,93,25,60,69,0,154,47,0,47,201
04/20/2008,FAI,AK,AAL,WE,Combined TRACON& Tower with Radar,23,25,7,0,55,0,38,53,0,91,23,63,60,0,146,65,0,65,211
04/21/2008,FAI,AK,AAL,WE,Combined TRACON& Tower with Radar,38,39,17,3,97,0,74,54,2,130,38,113,71,5,227,110,0,110,337
04/22/2008,FAI,AK,AAL,WE,Combined TRACON& Tower with Radar,43,39,8,3,93,0,65,63,0,128,43,104,71,3,221,184,0,184,405
04/23/2008,FAI,AK,AAL,WE,Combined TRACON& Tower with Radar,32,48,2,1,83,0,3,93,0,96,32,51,95,1,179,142,0,142,321
04/24/2008,FAI,AK,AAL,WE,Combined TRACON& Tower with Radar,38,60,16,4,118,0,78,49,3,130,38,138,65,7,248,108,8,116,364
04/25/2008,FAI,AK,AAL,WE,Combined TRACON& Tower with Radar,23,61,8,0,92,0,2,9,0,11,23,63,17,0,103,8,0,8,111
04/26/2008,FAI,AK,AAL,WE,Combined TRACON& Tower with Radar,23,60,8,0,91,0,19,28,0,47,23,79,36,0,138,38,0,38,176
04/27/2008,FAI,AK,AAL,WE,Combined TRACON& Tower with Radar,32,49,16,0,97,0,17,15,0,32,32,66,31,0,129,28,0,28,157
04/28/2008,FAI,AK,AAL,WE,Combined TRACON& Tower with Radar,48,88,10,4,150,0,12,11,1,24,48,100,21,5,174,26,0,26,200
04/29/2008,FAI,AK,AAL,WE,Combined TRACON& Tower with Radar,34,61,13,1,109,4,71,57,4,136,38,132,70,5,245,66,0,66,311
04/30/2008,FAI,AK,AAL,WE,Combined TRACON& Tower with Radar,35,98,3,13,149,0,3,5,3,11,35,101,8,16,160,0,0,0,160
05/01/2008,FAI,AK,AAL,WE,Combined TRACON& Tower with Radar,29,59,7,3,98,0,58,58,0,116,29,117,65,3,214,122,1,123,337
05/02/2008,FAI,AK,AAL,WE,Combined TRACON& Tower with Radar,28,51,9,7,95,1,95,51,4,151,29,146,60,11,246,66,13,79,325
05/03/2008,FAI,AK,AAL,WE,Combined TRACON& Tower with Radar,24,40,3,2,69,0,55,53,1,109,24,95,56,3,178,105,0,105,283
05/04/2008,FAI,AK,AAL,WE,Combined TRACON& Tower with Radar,31,31,17,0,79,0,27,61,0,88,31,58,78,0,167,166,0,166,333
05/05/2008,FAI,AK,AAL,WE,Combined TRACON& Tower with Radar,37,70,8,2,117,4,61,58,0,123,41,131,66,2,240,82,0,82,322
05/06/2008,FAI,AK,AAL,WE,Combined TRACON& Tower with Radar,32,46,7,0,85,2,71,45,1,119,34,117,52,1,204,60,0,60,264
05/07/2008,FAI,AK,AAL,WE,Combined TRACON& Tower with Radar,33,38,11,1,83,0,75,64,0,139,33,113,75,1,222,73,0,73,295
05/08/2008,FAI,AK,AAL,WE,Combined TRACON& Tower with Radar,36,67,15,0,118,1,81,66,0,148,37,148,81,0,266,179,0,179,445
05/09/2008,FAI,AK,AAL,WE,Combined TRACON& Tower with Radar,31,48,5,1,85,0,63,97,0,160,31,111,102,1,245,169,0,169,414
05/10/2008,FAI,AK,AAL,WE,Combined TRACON& Tower with Radar,24,23,8,0,55,0,43,128,0,171,24,66,136,0,226,307,0,307,533
05/11/2008,FAI,AK,AAL,WE,Combined TRACON& Tower with Radar,26,19,3,2,50,0,37,50,0,87,26,56,53,2,137,78,0,78,215
05/12/2008,FAI,AK,AAL,WE,Combined TRACON& Tower with Radar,36,37,18,4,95,0,73,38,6,117,36,110,56,10,212,65,4,69,281
05/13/2008,FAI,AK,AAL,WE,Combined TRACON& Tower with Radar,43,53,11,2,109,0,66,54,0,120,43,119,65,2,229,109,0,109,338
05/14/2008,FAI,AK,AAL,WE,Combined TRACON& Tower with Radar,28,57,22,9,116,0,92,62,4,158,28,149,84,13,274,86,0,86,360
05/15/2008,FAI,AK,AAL,WE,Combined TRACON& Tower with Radar,41,60,7,2,110,0,54,49,3,106,41,114,56,5,216,116,0,116,332
05/16/2008,FAI,AK,AAL,WE,Combined TRACON& Tower with Radar,32,72,5,1,110,0,57,67,0,124,32,129,72,1,234,164,0,164,398
05/17/2008,FAI,AK,AAL,WE,Combined TRACON& Tower with Radar,22,35,6,2,65,0,46,128,1,175,22,81,134,3,240,179,0,179,419
05/18/2008,FAI,AK,AAL,WE,Combined TRACON& Tower with Radar,26,38,3,1,68,0,31,69,0,100,26,69,72,1,168,138,0,138,306
05/19/2008,FAI,AK,AAL,WE,Combined TRACON& Tower with Radar,36,50,34,2,122,0,104,93,1,198,36,154,127,3,320,138,0,138,458
05/20/2008,FAI,AK,AAL,WE,Combined TRACON& Tower with Radar,31,44,9,8,92,0,83,112,2,197,31,127,121,10,289,93,0,93,382
05/21/2008,FAI,AK,AAL,WE,Combined TRACON& Tower with Radar,35,52,6,5,98,1,95,99,1,196,36,147,105,6,294,161,4,165,459
05/22/2008,FAI,AK,AAL,WE,Combined TRACON& Tower with Radar,37,68,6,5,116,3,81,110,1,195,40,149,116,6,311,165,0,165,476
05/23/2008,FAI,AK,AAL,WE,Combined TRACON& Tower with Radar,35,46,13,0,94,0,88,83,0,171,35,134,96,0,265,194,0,194,459
05/24/2008,FAI,AK,AAL,WE,Combined TRACON& Tower with Radar,24,12,0,0,36,0,70,142,0,212,24,82,142,0,248,228,0,228,476
05/25/2008,FAI,AK,AAL,WE,Combined TRACON& Tower with Radar,29,34,4,0,67,0,43,66,0,109,29,77,70,0,176,10,0,10,186
05/26/2008,FAI,AK,AAL,WE,Combined TRACON& Tower with Radar,32,32,12,0,76,0,29,94,0,123,32,61,106,0,199,96,0,96,295
05/27/2008,FAI,AK,AAL,WE,Combined TRACON& Tower with Radar,34,53,9,23,119,0,79,79,4,162,34,132,88,27,281,100,0,100,381
05/28/2008,FAI,AK,AAL,WE,Combined TRACON& Tower with Radar,33,92,9,4,138,1,60,90,2,153,34,152,99,6,291,98,0,98,389
05/29/2008,FAI,AK,AAL,WE,Combined TRACON& Tower with Radar,40,93,13,10,156,0,57,83,0,140,40,150,96,10,296,113,0,113,409
05/30/2008,FAI,AK,AAL,WE,Combined TRACON& Tower with Radar,29,65,18,0,112,0,103,116,0,219,29,168,134,0,331,122,0,122,453
05/31/2008,FAI,AK,AAL,WE,Combined TRACON& Tower with Radar,25,27,17,0,69,0,59,122,0,181,25,86,139,0,250,239,0,239,489
06/01/2008,FAI,AK,AAL,WE,Combined TRACON& Tower with Radar,28,42,6,2,78,0,52,111,0,163,28,94,117,2,241,150,0,150,391
06/02/2008,FAI,AK,AAL,WE,Combined TRACON& Tower with Radar,36,57,10,5,108,0,80,88,3,171,36,137,98,8,279,191,0,191,470
06/03/2008,FAI,AK,AAL,WE,Combined TRACON& Tower with Radar,38,58,8,5,109,4,80,105,1,190,42,138,113,6,299,182,0,182,481
06/04/2008,FAI,AK,AAL,WE,Combined TRACON& Tower with Radar,35,77,15,3,130,0,75,85,2,162,35,152,100,5,292,150,2,152,444
06/05/2008,FAI,AK,AAL,WE,Combined TRACON& Tower with Radar,45,82,9,6,142,0,62,128,4,194,45,144,137,10,336,247,0,247,583
06/06/2008,FAI,AK,AAL,WE,Combined TRACON& Tower with Radar,36,53,9,1,99,0,100,126,1,227,36,153,135,2,326,238,0,238,564
06/07/2008,FAI,AK,AAL,WE,Combined TRACON& Tower with Radar,27,25,6,0,58,0,76,164,0,240,27,101,170,0,298,201,0,201,499
06/08/2008,FAI,AK,AAL,WE,Combined TRACON& Tower with Radar,35,33,2,0,70,0,52,91,2,145,35,85,93,2,215,156,0,156,371
06/09/2008,FAI,AK,AAL,WE,Combined TRACON& Tower with Radar,46,75,10,8,139,0,57,77,6,140,46,132,87,14,279,118,0,118,397
06/10/2008,FAI,AK,AAL,WE,Combined TRACON& Tower with Radar,40,63,7,14,124,0,69,101,11,181,40,132,108,25,305,297,0,297,602
06/11/2008,FAI,AK,AAL,WE,Combined TRACON& Tower with Radar,43,54,18,6,121,0,81,116,6,203,43,135,134,12,324,154,0,154,478
06/12/2008,FAI,AK,AAL,WE,Combined TRACON& Tower with Radar,47,67,17,0,131,0,82,146,0,228,47,149,163,0,359,152,0,152,511
06/13/2008,FAI,AK,AAL,WE,Combined TRACON& Tower with Radar,39,60,11,6,116,0,114,136,6,256,39,174,147,12,372,172,0,172,544
06/14/2008,FAI,AK,AAL,WE,Combined TRACON& Tower with Radar,42,43,10,0,95,1,68,142,0,211,43,111,152,0,306,242,0,242,548
06/15/2008,FAI,AK,AAL,WE,Combined TRACON& Tower with Radar,34,46,1,1,82,13,50,113,0,176,47,96,114,1,258,62,0,62,320
06/16/2008,FAI,AK,AAL,WE,Combined TRACON& Tower with Radar,46,97,14,10,167,2,55,73,3,133,48,152,87,13,300,111,10,121,421
06/17/2008,FAI,AK,AAL,WE,Combined TRACON& Tower with Radar,48,101,11,0,160,1,55,65,1,122,49,156,76,1,282,130,0,130,412
06/18/2008,FAI,AK,AAL,WE,Combined TRACON& Tower with Radar,43,72,21,7,143,0,72,124,4,200,43,144,145,11,343,180,0,180,523
06/19/2008,FAI,AK,AAL,WE,Combined TRACON& Tower with Radar,46,84,12,14,156,0,89,111,30,230,46,173,123,44,386,181,12,193,579
06/20/2008,FAI,AK,AAL,WE,Combined TRACON& Tower with Radar,41,42,19,5,107,1,83,143,4,231,42,125,162,9,338,194,1,195,533
06/21/2008,FAI,AK,AAL,WE,Combined TRACON& Tower with Radar,36,35,7,0,78,0,68,132,0,200,36,103,139,0,278,172,0,172,450
06/22/2008,FAI,AK,AAL,WE,Combined TRACON& Tower with Radar,36,35,0,0,71,0,70,131,0,201,36,105,131,0,272,108,0,108,380
06/23/2008,FAI,AK,AAL,WE,Combined TRACON& Tower with Radar,47,61,4,0,112,0,91,95,0,186,47,152,99,0,298,64,0,64,362
06/24/2008,FAI,AK,AAL,WE,Combined TRACON& Tower with Radar,51,104,34,0,189,1,41,46,0,88,52,145,80,0,277,168,0,168,445
06/25/2008,FAI,AK,AAL,WE,Combined TRACON& Tower with Radar,37,59,12,0,108,1,113,174,0,288,38,172,186,0,396,254,0,254,650
06/26/2008,FAI,AK,AAL,WE,Combined TRACON& Tower with Radar,43,55,12,0,110,1,101,156,0,258,44,156,168,0,368,160,0,160,528
06/27/2008,FAI,AK,AAL,WE,Combined TRACON& Tower with Radar,45,63,11,2,121,0,83,120,1,204,45,146,131,3,325,132,0,132,457
06/28/2008,FAI,AK,AAL,WE,Combined TRACON& Tower with Radar,32,69,37,0,138,0,0,41,0,41,32,69,78,0,179,32,0,32,211
06/29/2008,FAI,AK,AAL,WE,Combined TRACON& Tower with Radar,38,82,25,0,145,0,38,78,0,116,38,120,103,0,261,130,0,130,391
06/30/2008,FAI,AK,AAL,WE,Combined TRACON& Tower with Radar,46,53,12,1,112,1,67,100,1,169,47,120,112,2,281,72,0,72,353
07/01/2008,FAI,AK,AAL,WE,Combined TRACON& Tower with Radar,52,118,76,3,249,0,23,41,1,65,52,141,117,4,314,84,0,84,398
07/02/2008,FAI,AK,AAL,WE,Combined TRACON& Tower with Radar,45,58,5,0,108,2,121,169,4,296,47,179,174,4,404,126,0,126,530
07/03/2008,FAI,AK,AAL,WE,Combined TRACON& Tower with Radar,0,0,0,0,0,0,0,0,0,0,0,0,0,0,0,104,0,104,104
07/04/2008,FAI,AK,AAL,WE,Combined TRACON& Tower with Radar,0,0,0,0,0,0,0,0,0,0,0,0,0,0,0,110,0,110,110
07/05/2008,FAI,AK,AAL,WE,Combined TRACON& Tower with Radar,39,26,6,0,71,5,73,96,0,174,44,99,102,0,245,22,0,22,267
07/06/2008,FAI,AK,AAL,WE,Combined TRACON& Tower with Radar,40,20,8,0,68,6,55,1,1,63,46,75,9,1,131,46,0,46,177
07/07/2008,FAI,AK,AAL,WE,Combined TRACON& Tower with Radar,46,40,22,0,108,0,100,162,0,262,46,140,184,0,370,74,0,74,444
07/08/2008,FAI,AK,AAL,WE,Combined TRACON& Tower with Radar,44,96,21,2,163,0,29,87,0,116,44,125,108,2,279,108,0,108,387
07/09/2008,FAI,AK,AAL,WE,Combined TRACON& Tower with Radar,45,69,17,2,133,0,86,117,0,203,45,155,134,2,336,110,0,110,446
07/10/2008,FAI,AK,AAL,WE,Combined TRACON& Tower with Radar,55,47,20,2,124,0,102,124,0,226,55,149,144,2,350,120,0,120,470
07/11/2008,FAI,AK,AAL,WE,Combined TRACON& Tower with Radar,40,63,12,0,115,0,86,184,0,270,40,149,196,0,385,109,0,109,494
07/12/2008,FAI,AK,AAL,WE,Combined TRACON& Tower with Radar,33,36,9,0,78,0,0,94,0,94,33,36,103,0,172,170,0,170,342
07/13/2008,FAI,AK,AAL,WE,Combined TRACON& Tower with Radar,40,50,31,1,122,3,34,132,3,172,43,84,163,4,294,98,0,98,392
07/14/2008,FAI,AK,AAL,WE,Combined TRACON& Tower with Radar,42,72,9,14,137,0,58,117,0,175,42,130,126,14,312,114,8,122,434
07/15/2008,FAI,AK,AAL,WE,Combined TRACON& Tower with Radar,39,44,12,2,97,2,85,147,0,234,41,129,159,2,331,237,0,237,568
07/16/2008,FAI,AK,AAL,WE,Combined TRACON& Tower with Radar,50,48,14,0,112,0,108,146,0,254,50,156,160,0,366,76,0,76,442
07/17/2008,FAI,AK,AAL,WE,Combined TRACON& Tower with Radar,51,87,16,7,161,2,49,85,2,138,53,136,101,9,299,118,0,118,417
07/18/2008,FAI,AK,AAL,WE,Combined TRACON& Tower with Radar,41,90,16,11,158,0,44,71,0,115,41,134,87,11,273,32,0,32,305
07/19/2008,FAI,AK,AAL,WE,Combined TRACON& Tower with Radar,34,61,21,2,118,0,44,124,0,168,34,105,145,2,286,118,6,124,410
07/20/2008,FAI,AK,AAL,WE,Combined TRACON& Tower with Radar,34,62,16,3,115,0,0,10,0,10,34,62,26,3,125,14,0,14,139
07/21/2008,FAI,AK,AAL,WE,Combined TRACON& Tower with Radar,49,89,28,4,170,0,40,69,1,110,49,129,97,5,280,114,0,114,394
07/22/2008,FAI,AK,AAL,WE,Combined TRACON& Tower with Radar,40,60,22,17,139,1,81,141,1,224,41,141,163,18,363,201,0,201,564
07/23/2008,FAI,AK,AAL,WE,Combined TRACON& Tower with Radar,42,54,10,2,108,2,81,105,2,190,44,135,115,4,298,200,0,200,498
07/24/2008,FAI,AK,AAL,WE,Combined TRACON& Tower with Radar,51,55,27,6,139,2,100,176,2,280,53,155,203,8,419,226,0,226,645
07/25/2008,FAI,AK,AAL,WE,Combined TRACON& Tower with Radar,44,44,5,2,95,0,111,195,1,307,44,155,200,3,402,262,0,262,664
07/26/2008,FAI,AK,AAL,WE,Combined TRACON& Tower with Radar,33,40,28,0,101,0,40,113,2,155,33,80,141,2,256,102,0,102,358
07/27/2008,FAI,AK,AAL,WE,Combined TRACON& Tower with Radar,33,65,31,1,130,0,0,40,0,40,33,65,71,1,170,6,0,6,176
07/28/2008,FAI,AK,AAL,WE,Combined TRACON& Tower with Radar,46,81,29,1,157,0,40,95,0,135,46,121,124,1,292,34,0,34,326
07/29/2008,FAI,AK,AAL,WE,Combined TRACON& Tower with Radar,42,97,25,0,164,1,18,48,0,67,43,115,73,0,231,15,0,15,246
07/30/2008,FAI,AK,AAL,WE,Combined TRACON& Tower with Radar,38,105,27,0,170,0,47,90,0,137,38,152,117,0,307,40,0,40,347
07/31/2008,FAI,AK,AAL,WE,Combined TRACON& Tower with Radar,45,118,26,1,190,0,7,37,0,44,45,125,63,1,234,26,0,26,260
08/01/2008,FAI,AK,AAL,WE,Combined TRACON& Tower with Radar,49,112,23,3,187,0,14,94,0,108,49,126,117,3,295,98,0,98,393
08/02/2008,FAI,AK,AAL,WE,Combined TRACON& Tower with Radar,13,35,40,20,108,0,6,53,0,59,13,41,93,20,167,88,0,88,255
08/03/2008,FAI,AK,AAL,WE,Combined TRACON& Tower with Radar,39,48,9,2,98,0,8,44,0,52,39,56,53,2,150,294,0,294,444
08/04/2008,FAI,AK,AAL,WE,Combined TRACON& Tower with Radar,42,79,30,11,162,0,51,137,0,188,42,130,167,11,350,140,4,144,494
08/05/2008,FAI,AK,AAL,WE,Combined TRACON& Tower with Radar,45,83,27,6,161,0,64,154,5,223,45,147,181,11,384,150,23,173,557
08/06/2008,FAI,AK,AAL,WE,Combined TRACON& Tower with Radar,38,70,21,0,129,2,89,173,0,264,40,159,194,0,393,233,0,233,626
08/07/2008,FAI,AK,AAL,WE,Combined TRACON& Tower with Radar,48,109,14,4,175,1,77,164,0,242,49,186,178,4,417,144,0,144,561
08/08/2008,FAI,AK,AAL,WE,Combined TRACON& Tower with Radar,43,95,24,0,162,0,73,112,1,186,43,168,136,1,348,132,0,132,480
08/09/2008,FAI,AK,AAL,WE,Combined TRACON& Tower with Radar,31,72,46,0,149,0,4,42,0,46,31,76,88,0,195,92,0,92,287
08/10/2008,FAI,AK,AAL,WE,Combined TRACON& Tower with Radar,0,0,0,0,0,0,0,58,0,58,0,0,58,0,58,181,0,181,239
08/11/2008,FAI,AK,AAL,WE,Combined TRACON& Tower with Radar,42,76,18,4,140,0,84,225,0,309,42,160,243,4,449,278,0,278,727
08/12/2008,FAI,AK,AAL,WE,Combined TRACON& Tower with Radar,46,50,21,2,119,0,102,229,1,332,46,152,250,3,451,232,0,232,683
08/13/2008,FAI,AK,AAL,WE,Combined TRACON& Tower with Radar,40,59,18,4,121,1,110,183,0,294,41,169,201,4,415,136,2,138,553
08/14/2008,FAI,AK,AAL,WE,Combined TRACON& Tower with Radar,48,72,4,8,132,1,97,138,0,236,49,169,142,8,368,122,10,132,500
08/15/2008,FAI,AK,AAL,WE,Combined TRACON& Tower with Radar,27,42,37,6,112,1,98,161,0,260,28,140,198,6,372,131,0,131,503
08/16/2008,FAI,AK,AAL,WE,Combined TRACON& Tower with Radar,31,40,12,0,83,0,0,98,0,98,31,40,110,0,181,204,0,204,385
08/17/2008,FAI,AK,AAL,WE,Combined TRACON& Tower with Radar,40,46,63,0,149,0,1,47,0,48,40,47,110,0,197,130,0,130,327
08/18/2008,FAI,AK,AAL,WE,Combined TRACON& Tower with Radar,49,51,14,16,130,0,92,156,0,248,49,143,170,16,378,154,0,154,532
08/19/2008,FAI,AK,AAL,WE,Combined TRACON& Tower with Radar,38,61,12,4,115,2,92,217,0,311,40,153,229,4,426,178,0,178,604
08/20/2008,FAI,AK,AAL,WE,Combined TRACON& Tower with Radar,39,41,9,4,93,0,112,208,2,322,39,153,217,6,415,106,0,106,521
08/21/2008,FAI,AK,AAL,WE,Combined TRACON& Tower with Radar,47,56,8,10,121,0,103,214,1,318,47,159,222,11,439,196,0,196,635
08/22/2008,FAI,AK,AAL,WE,Combined TRACON& Tower with Radar,36,51,9,0,96,7,105,236,0,348,43,156,245,0,444,122,0,122,566
08/23/2008,FAI,AK,AAL,WE,Combined TRACON& Tower with Radar,32,31,6,0,69,0,69,196,0,265,32,100,202,0,334,58,0,58,392
08/24/2008,FAI,AK,AAL,WE,Combined TRACON& Tower with Radar,36,34,8,2,80,2,61,214,0,277,38,95,222,2,357,76,0,76,433
08/25/2008,FAI,AK,AAL,WE,Combined TRACON& Tower with Radar,54,49,15,13,131,2,106,205,1,314,56,155,220,14,445,231,6,237,682
08/26/2008,FAI,AK,AAL,WE,Combined TRACON& Tower with Radar,45,42,10,8,105,2,100,228,2,332,47,142,238,10,437,128,0,128,565
08/27/2008,FAI,AK,AAL,WE,Combined TRACON& Tower with Radar,37,49,18,1,105,1,119,259,1,380,38,168,277,2,485,252,0,252,737
08/28/2008,FAI,AK,AAL,WE,Combined TRACON& Tower with Radar,42,52,10,0,104,0,112,240,7,359,42,164,250,7,463,254,0,254,717
08/29/2008,FAI,AK,AAL,WE,Combined TRACON& Tower with Radar,39,57,8,1,105,0,110,255,0,365,39,167,263,1,470,128,0,128,598
08/30/2008,FAI,AK,AAL,WE,Combined TRACON& Tower with Radar,27,60,31,0,118,1,56,254,1,312,28,116,285,1,430,34,4,38,468
08/31/2008,FAI,AK,AAL,WE,Combined TRACON& Tower with Radar,33,20,2,0,55,0,67,243,0,310,33,87,245,0,365,46,0,46,411
09/01/2008,FAI,AK,AAL,WE,Combined TRACON& Tower with Radar,40,29,4,0,73,0,60,252,2,314,40,89,256,2,387,156,0,156,543
09/02/2008,FAI,AK,AAL,WE,Combined TRACON& Tower with Radar,32,58,8,12,110,2,93,261,1,357,34,151,269,13,467,248,0,248,715
09/03/2008,FAI,AK,AAL,WE,Combined TRACON& Tower with Radar,49,42,7,3,101,3,121,204,1,329,52,163,211,4,430,128,0,128,558
09/04/2008,FAI,AK,AAL,WE,Combined TRACON& Tower with Radar,58,42,8,8,116,2,90,231,2,325,60,132,239,10,441,146,0,146,587
09/05/2008,FAI,AK,AAL,WE,Combined TRACON& Tower with Radar,41,39,6,4,90,0,117,244,0,361,41,156,250,4,451,154,0,154,605
09/06/2008,FAI,AK,AAL,WE,Combined TRACON& Tower with Radar,26,23,12,1,62,0,81,242,0,323,26,104,254,1,385,140,0,140,525
09/07/2008,FAI,AK,AAL,WE,Combined TRACON& Tower with Radar,28,31,8,0,67,0,64,220,2,286,28,95,228,2,353,116,0,116,469
09/08/2008,FAI,AK,AAL,WE,Combined TRACON& Tower with Radar,36,57,7,5,105,0,92,174,1,267,36,149,181,6,372,141,8,149,521
09/09/2008,FAI,AK,AAL,WE,Combined TRACON& Tower with Radar,28,52,3,11,94,0,100,177,0,277,28,152,180,11,371,116,22,138,509
09/10/2008,FAI,AK,AAL,WE,Combined TRACON& Tower with Radar,36,71,20,19,146,0,88,169,2,259,36,159,189,21,405,38,2,40,445
09/11/2008,FAI,AK,AAL,WE,Combined TRACON& Tower with Radar,39,70,17,7,133,0,99,221,0,320,39,169,238,7,453,138,0,138,591
09/12/2008,FAI,AK,AAL,WE,Combined TRACON& Tower with Radar,25,95,9,0,129,0,101,199,0,300,25,196,208,0,429,108,0,108,537
09/13/2008,FAI,AK,AAL,WE,Combined TRACON& Tower with Radar,21,49,14,0,84,0,76,148,0,224,21,125,162,0,308,117,15,132,440
09/14/2008,FAI,AK,AAL,WE,Combined TRACON& Tower with Radar,24,44,21,0,89,0,65,227,0,292,24,109,248,0,381,66,0,66,447
09/15/2008,FAI,AK,AAL,WE,Combined TRACON& Tower with Radar,32,111,29,0,172,0,63,129,0,192,32,174,158,0,364,58,0,58,422
09/16/2008,FAI,AK,AAL,WE,Combined TRACON& Tower with Radar,33,48,8,10,99,0,97,231,0,328,33,145,239,10,427,89,0,89,516
09/17/2008,FAI,AK,AAL,WE,Combined TRACON& Tower with Radar,26,112,34,9,181,0,33,100,0,133,26,145,134,9,314,60,0,60,374
09/18/2008,FAI,AK,AAL,WE,Combined TRACON& Tower with Radar,35,88,18,1,142,0,101,198,1,300,35,189,216,2,442,120,8,128,570
09/19/2008,FAI,AK,AAL,WE,Combined TRACON& Tower with Radar,20,42,14,4,80,0,128,187,0,315,20,170,201,4,395,138,0,138,533
09/20/2008,FAI,AK,AAL,WE,Combined TRACON& Tower with Radar,14,59,28,0,101,0,39,55,0,94,14,98,83,0,195,26,0,26,221
09/21/2008,FAI,AK,AAL,WE,Combined TRACON& Tower with Radar,22,47,17,0,86,0,39,144,0,183,22,86,161,0,269,124,0,124,393
09/22/2008,FAI,AK,AAL,WE,Combined TRACON& Tower with Radar,36,87,5,2,130,0,48,156,0,204,36,135,161,2,334,92,0,92,426
09/23/2008,FAI,AK,AAL,WE,Combined TRACON& Tower with Radar,28,43,5,5,81,0,100,164,1,265,28,143,169,6,346,114,0,114,460
09/24/2008,FAI,AK,AAL,WE,Combined TRACON& Tower with Radar,28,56,7,2,93,1,86,148,0,235,29,142,155,2,328,84,0,84,412
09/25/2008,FAI,AK,AAL,WE,Combined TRACON& Tower with Radar,37,48,9,10,104,0,95,174,2,271,37,143,183,12,375,82,0,82,457
09/26/2008,FAI,AK,AAL,WE,Combined TRACON& Tower with Radar,35,43,1,2,81,0,109,150,0,259,35,152,151,2,340,158,0,158,498
09/27/2008,FAI,AK,AAL,WE,Combined TRACON& Tower with Radar,25,41,7,2,75,0,2,58,0,60,25,43,65,2,135,94,0,94,229
09/28/2008,FAI,AK,AAL,WE,Combined TRACON& Tower with Radar,23,26,1,4,54,0,47,102,1,150,23,73,103,5,204,58,0,58,262
09/29/2008,FAI,AK,AAL,WE,Combined TRACON& Tower with Radar,35,54,2,0,91,0,105,104,0,209,35,159,106,0,300,74,0,74,374
09/30/2008,FAI,AK,AAL,WE,Combined TRACON& Tower with Radar,26,80,19,5,130,0,57,69,0,126,26,137,88,5,256,73,0,73,329
10/01/2008,FAI,AK,AAL,WE,Combined TRACON& Tower with Radar,34,87,14,0,135,0,13,43,0,56,34,100,57,0,191,20,0,20,211
10/02/2008,FAI,AK,AAL,WE,Combined TRACON& Tower with Radar,38,67,8,5,118,0,71,80,5,156,38,138,88,10,274,113,0,113,387
10/03/2008,FAI,AK,AAL,WE,Combined TRACON& Tower with Radar,36,61,3,0,100,0,19,23,1,43,36,80,26,1,143,30,0,30,173
10/04/2008,FAI,AK,AAL,WE,Combined TRACON& Tower with Radar,18,41,2,0,61,0,36,90,0,126,18,77,92,0,187,82,0,82,269
10/05/2008,FAI,AK,AAL,WE,Combined TRACON& Tower with Radar,29,39,6,0,74,0,3,10,0,13,29,42,16,0,87,16,0,16,103
10/06/2008,FAI,AK,AAL,WE,Combined TRACON& Tower with Radar,31,101,0,0,132,0,12,40,0,52,31,113,40,0,184,70,0,70,254
10/07/2008,FAI,AK,AAL,WE,Combined TRACON& Tower with Radar,26,96,1,0,123,0,28,51,1,80,26,124,52,1,203,82,0,82,285
10/08/2008,FAI,AK,AAL,WE,Combined TRACON& Tower with Radar,28,82,18,9,137,0,5,19,0,24,28,87,37,9,161,42,0,42,203
10/09/2008,FAI,AK,AAL,WE,Combined TRACON& Tower with Radar,33,69,10,8,120,0,86,99,0,185,33,155,109,8,305,158,6,164,469
10/10/2008,FAI,AK,AAL,WE,Combined TRACON& Tower with Radar,67,79,9,0,155,0,29,58,0,87,67,108,67,0,242,114,0,114,356
10/11/2008,FAI,AK,AAL,WE,Combined TRACON& Tower with Radar,29,39,14,3,85,0,33,108,0,141,29,72,122,3,226,188,0,188,414
10/12/2008,FAI,AK,AAL,WE,Combined TRACON& Tower with Radar,21,60,5,0,86,0,0,0,0,0,21,60,5,0,86,0,0,0,86
10/13/2008,FAI,AK,AAL,WE,Combined TRACON& Tower with Radar,29,91,20,0,140,0,20,39,0,59,29,111,59,0,199,40,0,40,239
10/14/2008,FAI,AK,AAL,WE,Combined TRACON& Tower with Radar,29,80,34,8,151,0,65,34,1,100,29,145,68,9,251,36,0,36,287
10/15/2008,FAI,AK,AAL,WE,Combined TRACON& Tower with Radar,29,55,24,7,115,0,79,77,0,156,29,134,101,7,271,50,0,50,321
10/16/2008,FAI,AK,AAL,WE,Combined TRACON& Tower with Radar,50,54,11,2,117,0,90,69,1,160,50,144,80,3,277,94,0,94,371
10/17/2008,FAI,AK,AAL,WE,Combined TRACON& Tower with Radar,33,46,23,0,102,0,68,77,0,145,33,114,100,0,247,88,0,88,335
10/18/2008,FAI,AK,AAL,WE,Combined TRACON& Tower with Radar,19,43,13,1,76,0,49,82,0,131,19,92,95,1,207,78,0,78,285
10/19/2008,FAI,AK,AAL,WE,Combined TRACON& Tower with Radar,27,36,5,0,68,0,33,89,0,122,27,69,94,0,190,82,0,82,272
10/20/2008,FAI,AK,AAL,WE,Combined TRACON& Tower with Radar,31,81,17,2,131,0,24,41,0,65,31,105,58,2,196,61,0,61,257
10/21/2008,FAI,AK,AAL,WE,Combined TRACON& Tower with Radar,30,89,16,0,135,0,41,29,0,70,30,130,45,0,205,94,0,94,299
10/22/2008,FAI,AK,AAL,WE,Combined TRACON& Tower with Radar,25,95,18,7,145,0,0,0,0,0,25,95,18,7,145,0,0,0,145
10/23/2008,FAI,AK,AAL,WE,Combined TRACON& Tower with Radar,37,87,9,3,136,0,44,42,0,86,37,131,51,3,222,0,0,0,222
10/24/2008,FAI,AK,AAL,WE,Combined TRACON& Tower with Radar,28,79,19,1,127,0,32,33,0,65,28,111,52,1,192,57,0,57,249
10/25/2008,FAI,AK,AAL,WE,Combined TRACON& Tower with Radar,28,37,5,0,70,0,34,29,0,63,28,71,34,0,133,42,0,42,175
10/26/2008,FAI,AK,AAL,WE,Combined TRACON& Tower with Radar,23,34,4,0,61,0,32,62,0,94,23,66,66,0,155,88,0,88,243
10/27/2008,FAI,AK,AAL,WE,Combined TRACON& Tower with Radar,34,109,12,0,155,0,4,8,3,15,34,113,20,3,170,2,0,2,172
10/28/2008,FAI,AK,AAL,WE,Combined TRACON& Tower with Radar,31,64,2,0,97,1,79,61,0,141,32,143,63,0,238,46,8,54,292
10/29/2008,FAI,AK,AAL,WE,Combined TRACON& Tower with Radar,26,49,6,4,85,0,87,76,0,163,26,136,82,4,248,50,32,82,330
10/30/2008,FAI,AK,AAL,WE,Combined TRACON& Tower with Radar,32,60,9,11,112,0,68,61,0,129,32,128,70,11,241,90,30,120,361
10/31/2008,FAI,AK,AAL,WE,Combined TRACON& Tower with Radar,21,59,12,2,94,0,71,68,0,139,21,130,80,2,233,94,0,94,327
11/01/2008,FAI,AK,AAL,WE,Combined TRACON& Tower with Radar,15,23,10,2,50,0,36,82,0,118,15,59,92,2,168,142,0,142,310
11/02/2008,FAI,AK,AAL,WE,Combined TRACON& Tower with Radar,29,18,0,0,47,0,28,39,0,67,29,46,39,0,114,18,0,18,132
11/03/2008,FAI,AK,AAL,WE,Combined TRACON& Tower with Radar,29,84,5,4,122,0,23,27,0,50,29,107,32,4,172,12,0,12,184
11/04/2008,FAI,AK,AAL,WE,Combined TRACON& Tower with Radar,25,78,4,3,110,0,46,38,0,84,25,124,42,3,194,48,0,48,242
11/05/2008,FAI,AK,AAL,WE,Combined TRACON& Tower with Radar,30,62,9,9,110,0,82,63,0,145,30,144,72,9,255,88,0,88,343
11/06/2008,FAI,AK,AAL,WE,Combined TRACON& Tower with Radar,26,69,6,7,108,0,71,57,0,128,26,140,63,7,236,0,0,0,236
11/07/2008,FAI,AK,AAL,WE,Combined TRACON& Tower with Radar,22,77,10,4,113,0,52,23,1,76,22,129,33,5,189,48,4,52,241
11/08/2008,FAI,AK,AAL,WE,Combined TRACON& Tower with Radar,20,37,3,0,60,0,31,91,0,122,20,68,94,0,182,52,0,52,234
11/09/2008,FAI,AK,AAL,WE,Combined TRACON& Tower with Radar,25,36,4,0,65,0,40,52,0,92,25,76,56,0,157,46,0,46,203
11/10/2008,FAI,AK,AAL,WE,Combined TRACON& Tower with Radar,28,45,9,0,82,0,74,43,0,117,28,119,52,0,199,46,0,46,245
11/11/2008,FAI,AK,AAL,WE,Combined TRACON& Tower with Radar,23,52,13,0,88,1,78,52,0,131,24,130,65,0,219,116,0,116,335
11/12/2008,FAI,AK,AAL,WE,Combined TRACON& Tower with Radar,24,81,23,4,132,0,58,40,1,99,24,139,63,5,231,76,20,96,327
11/13/2008,FAI,AK,AAL,WE,Combined TRACON& Tower with Radar,33,79,11,29,152,0,50,49,0,99,33,129,60,29,251,84,0,84,335
11/14/2008,FAI,AK,AAL,WE,Combined TRACON& Tower with Radar,21,55,7,3,86,0,65,44,0,109,21,120,51,3,195,24,6,30,225
11/15/2008,FAI,AK,AAL,WE,Combined TRACON& Tower with Radar,17,62,15,0,94,0,10,25,0,35,17,72,40,0,129,34,0,34,163
11/16/2008,FAI,AK,AAL,WE,Combined TRACON& Tower with Radar,20,26,5,0,51,0,22,66,0,88,20,48,71,0,139,50,0,50,189
11/17/2008,FAI,AK,AAL,WE,Combined TRACON& Tower with Radar,32,97,7,0,136,0,12,16,0,28,32,109,23,0,164,50,0,50,214
11/18/2008,FAI,AK,AAL,WE,Combined TRACON& Tower with Radar,24,81,9,2,116,0,37,25,0,62,24,118,34,2,178,78,0,78,256
11/19/2008,FAI,AK,AAL,WE,Combined TRACON& Tower with Radar,28,55,7,0,90,0,89,52,0,141,28,144,59,0,231,6,0,6,237
11/20/2008,FAI,AK,AAL,WE,Combined TRACON& Tower with Radar,28,114,21,0,163,0,14,8,1,23,28,128,29,1,186,0,0,0,186
11/21/2008,FAI,AK,AAL,WE,Combined TRACON& Tower with Radar,25,74,4,0,103,0,58,30,1,89,25,132,34,1,192,10,0,10,202
11/22/2008,FAI,AK,AAL,WE,Combined TRACON& Tower with Radar,18,36,4,0,58,0,56,56,0,112,18,92,60,0,170,106,0,106,276
11/23/2008,FAI,AK,AAL,WE,Combined TRACON& Tower with Radar,17,27,13,0,57,0,26,56,0,82,17,53,69,0,139,72,0,72,211
11/24/2008,FAI,AK,AAL,WE,Combined TRACON& Tower with Radar,32,41,0,0,73,0,67,30,1,98,32,108,30,1,171,56,0,56,227
11/25/2008,FAI,AK,AAL,WE,Combined TRACON& Tower with Radar,30,48,10,1,89,7,71,53,0,131,37,119,63,1,220,64,0,64,284
11/26/2008,FAI,AK,AAL,WE,Combined TRACON& Tower with Radar,28,85,8,8,129,0,48,34,0,82,28,133,42,8,211,36,2,38,249
11/27/2008,FAI,AK,AAL,WE,Combined TRACON& Tower with Radar,15,3,1,0,19,0,3,14,3,20,15,6,15,3,39,32,0,32,71
11/28/2008,FAI,AK,AAL,WE,Combined TRACON& Tower with Radar,15,56,0,0,71,0,43,63,3,109,15,99,63,3,180,88,0,88,268
11/29/2008,FAI,AK,AAL,WE,Combined TRACON& Tower with Radar,19,33,3,0,55,0,18,70,0,88,19,51,73,0,143,98,0,98,241
11/30/2008,FAI,AK,AAL,WE,Combined TRACON& Tower with Radar,19,53,1,0,73,0,5,6,1,12,19,58,7,1,85,42,0,42,127
12/01/2008,FAI,AK,AAL,WE,Combined TRACON& Tower with Radar,34,67,5,0,106,0,64,36,1,101,34,131,41,1,207,16,0,16,223
12/02/2008,FAI,AK,AAL,WE,Combined TRACON& Tower with Radar,32,44,21,10,107,0,78,31,1,110,32,122,52,11,217,5,4,9,226
12/03/2008,FAI,AK,AAL,WE,Combined TRACON& Tower with Radar,37,45,7,1,90,0,80,51,0,131,37,125,58,1,221,48,2,50,271
12/04/2008,FAI,AK,AAL,WE,Combined TRACON& Tower with Radar,47,77,5,8,137,0,34,35,2,71,47,111,40,10,208,88,0,88,296
12/05/2008,FAI,AK,AAL,WE,Combined TRACON& Tower with Radar,37,94,27,2,160,0,33,42,2,77,37,127,69,4,237,78,0,78,315
12/06/2008,FAI,AK,AAL,WE,Combined TRACON& Tower with Radar,18,64,5,2,89,0,4,10,0,14,18,68,15,2,103,4,0,4,107
12/07/2008,FAI,AK,AAL,WE,Combined TRACON& Tower with Radar,20,30,3,0,53,0,38,40,0,78,20,68,43,0,131,8,0,8,139
12/08/2008,FAI,AK,AAL,WE,Combined TRACON& Tower with Radar,32,49,2,2,85,0,64,14,0,78,32,113,16,2,163,18,0,18,181
12/09/2008,FAI,AK,AAL,WE,Combined TRACON& Tower with Radar,25,47,8,2,82,2,62,25,1,90,27,109,33,3,172,42,0,42,214
12/10/2008,FAI,AK,AAL,WE,Combined TRACON& Tower with Radar,26,58,8,0,92,1,53,29,2,85,27,111,37,2,177,32,0,32,209
12/11/2008,FAI,AK,AAL,WE,Combined TRACON& Tower with Radar,29,66,9,0,104,0,75,30,0,105,29,141,39,0,209,28,0,28,237
12/12/2008,FAI,AK,AAL,WE,Combined TRACON& Tower with Radar,39,68,2,0,109,1,43,17,0,61,40,111,19,0,170,2,0,2,172
12/13/2008,FAI,AK,AAL,WE,Combined TRACON& Tower with Radar,20,48,3,4,75,0,15,21,0,36,20,63,24,4,111,62,0,62,173
12/14/2008,FAI,AK,AAL,WE,Combined TRACON& Tower with Radar,27,27,3,2,59,0,35,27,2,64,27,62,30,4,123,68,0,68,191
12/15/2008,FAI,AK,AAL,WE,Combined TRACON& Tower with Radar,26,83,13,0,122,0,22,11,2,35,26,105,24,2,157,8,6,14,171
12/16/2008,FAI,AK,AAL,WE,Combined TRACON& Tower with Radar,28,69,9,2,108,0,58,25,3,86,28,127,34,5,194,14,0,14,208
12/17/2008,FAI,AK,AAL,WE,Combined TRACON& Tower with Radar,26,48,7,4,85,0,65,32,3,100,26,113,39,7,185,12,0,12,197
12/18/2008,FAI,AK,AAL,WE,Combined TRACON& Tower with Radar,27,49,14,3,93,0,54,40,1,95,27,103,54,4,188,42,0,42,230
12/19/2008,FAI,AK,AAL,WE,Combined TRACON& Tower with Radar,23,72,10,0,105,0,62,29,0,91,23,134,39,0,196,36,0,36,232
12/20/2008,FAI,AK,AAL,WE,Combined TRACON& Tower with Radar,19,43,7,0,69,0,42,76,3,121,19,85,83,3,190,84,0,84,274
12/21/2008,FAI,AK,AAL,WE,Combined TRACON& Tower with Radar,18,30,6,2,56,0,34,32,2,68,18,64,38,4,124,30,0,30,154
12/22/2008,FAI,AK,AAL,WE,Combined TRACON& Tower with Radar,36,95,12,5,148,0,26,13,0,39,36,121,25,5,187,0,10,10,197
12/23/2008,FAI,AK,AAL,WE,Combined TRACON& Tower with Radar,29,77,24,4,134,0,64,35,0,99,29,141,59,4,233,38,0,38,271
12/24/2008,FAI,AK,AAL,WE,Combined TRACON& Tower with Radar,31,101,8,0,140,0,3,3,0,6,31,104,11,0,146,10,0,10,156
12/25/2008,FAI,AK,AAL,WE,Combined TRACON& Tower with Radar,19,0,3,0,22,0,2,9,0,11,19,2,12,0,33,24,0,24,57
12/26/2008,FAI,AK,AAL,WE,Combined TRACON& Tower with Radar,22,44,2,3,71,0,46,17,1,64,22,90,19,4,135,24,0,24,159
12/27/2008,FAI,AK,AAL,WE,Combined TRACON& Tower with Radar,23,26,3,0,52,0,32,24,0,56,23,58,27,0,108,10,0,10,118
12/28/2008,FAI,AK,AAL,WE,Combined TRACON& Tower with Radar,22,19,2,0,43,0,25,15,0,40,22,44,17,0,83,0,0,0,83
12/29/2008,FAI,AK,AAL,WE,Combined TRACON& Tower with Radar,31,33,3,2,69,0,66,10,0,76,31,99,13,2,145,6,0,6,151
12/30/2008,FAI,AK,AAL,WE,Combined TRACON& Tower with Radar,25,43,9,0,77,0,49,19,0,68,25,92,28,0,145,0,0,0,145
12/31/2008,FAI,AK,AAL,WE,Combined TRACON& Tower with Radar,20,52,9,0,81,0,0,0,0,0,20,52,9,0,81,0,0,0,81
01/01/2009,FAI,AK,AAL,WE,Combined TRACON& Tower with Radar,20,11,9,0,40,0,0,1,0,1,20,11,10,0,41,0,0,0,41
01/02/2009,FAI,AK,AAL,WE,Combined TRACON& Tower with Radar,25,63,7,0,95,0,1,0,0,1,25,64,7,0,96,0,0,0,96
01/03/2009,FAI,AK,AAL,WE,Combined TRACON& Tower with Radar,22,15,3,0,40,0,0,0,0,0,22,15,3,0,40,0,0,0,40
01/04/2009,FAI,AK,AAL,WE,Combined TRACON& Tower with Radar,16,18,0,0,34,0,0,0,0,0,16,18,0,0,34,0,0,0,34
01/05/2009,FAI,AK,AAL,WE,Combined TRACON& Tower with Radar,25,64,2,0,91,0,0,0,0,0,25,64,2,0,91,0,0,0,91
01/06/2009,FAI,AK,AAL,WE,Combined TRACON& Tower with Radar,23,21,11,0,55,0,0,0,0,0,23,21,11,0,55,0,0,0,55
01/07/2009,FAI,AK,AAL,WE,Combined TRACON& Tower with Radar,23,59,4,0,86,0,19,5,0,24,23,78,9,0,110,0,0,0,110
01/08/2009,FAI,AK,AAL,WE,Combined TRACON& Tower with Radar,30,75,3,0,108,0,24,2,0,26,30,99,5,0,134,0,0,0,134
01/09/2009,FAI,AK,AAL,WE,Combined TRACON& Tower with Radar,23,71,12,0,106,0,0,0,0,0,23,71,12,0,106,0,0,0,106
01/10/2009,FAI,AK,AAL,WE,Combined TRACON& Tower with Radar,20,39,4,0,63,0,8,3,0,11,20,47,7,0,74,0,0,0,74
01/11/2009,FAI,AK,AAL,WE,Combined TRACON& Tower with Radar,18,21,4,0,43,0,17,6,0,23,18,38,10,0,66,0,0,0,66
01/12/2009,FAI,AK,AAL,WE,Combined TRACON& Tower with Radar,29,55,8,10,102,0,60,11,0,71,29,115,19,10,173,4,0,4,177
01/13/2009,FAI,AK,AAL,WE,Combined TRACON& Tower with Radar,24,53,7,5,89,0,81,30,0,111,24,134,37,5,200,0,0,0,200
01/14/2009,FAI,AK,AAL,WE,Combined TRACON& Tower with Radar,22,76,8,4,110,0,44,17,0,61,22,120,25,4,171,0,0,0,171
01/15/2009,FAI,AK,AAL,WE,Combined TRACON& Tower with Radar,29,66,6,0,101,0,60,25,0,85,29,126,31,0,186,12,0,12,198
01/16/2009,FAI,AK,AAL,WE,Combined TRACON& Tower with Radar,29,60,4,0,93,0,61,40,0,101,29,121,44,0,194,11,0,11,205
01/17/2009,FAI,AK,AAL,WE,Combined TRACON& Tower with Radar,19,46,5,0,70,0,50,45,1,96,19,96,50,1,166,68,26,94,260
01/18/2009,FAI,AK,AAL,WE,Combined TRACON& Tower with Radar,19,49,3,0,71,0,5,10,0,15,19,54,13,0,86,0,0,0,86
01/19/2009,FAI,AK,AAL,WE,Combined TRACON& Tower with Radar,28,75,18,0,121,0,0,0,0,0,28,75,18,0,121,0,0,0,121
01/20/2009,FAI,AK,AAL,WE,Combined TRACON& Tower with Radar,25,53,2,0,80,0,62,34,0,96,25,115,36,0,176,20,0,20,196
01/21/2009,FAI,AK,AAL,WE,Combined TRACON& Tower with Radar,26,46,14,0,86,0,74,58,1,133,26,120,72,1,219,32,0,32,251
01/22/2009,FAI,AK,AAL,WE,Combined TRACON& Tower with Radar,33,45,5,0,83,0,67,32,0,99,33,112,37,0,182,12,0,12,194
01/23/2009,FAI,AK,AAL,WE,Combined TRACON& Tower with Radar,27,42,9,0,78,0,76,37,0,113,27,118,46,0,191,44,0,44,235
01/24/2009,FAI,AK,AAL,WE,Combined TRACON& Tower with Radar,23,42,8,0,73,0,49,43,0,92,23,91,51,0,165,134,0,134,299
01/25/2009,FAI,AK,AAL,WE,Combined TRACON& Tower with Radar,17,42,6,2,67,0,28,28,0,56,17,70,34,2,123,28,0,28,151
01/26/2009,FAI,AK,AAL,WE,Combined TRACON& Tower with Radar,30,80,6,0,116,0,25,14,1,40,30,105,20,1,156,2,1,3,159
01/27/2009,FAI,AK,AAL,WE,Combined TRACON& Tower with Radar,23,73,18,0,114,0,39,15,0,54,23,112,33,0,168,22,2,24,192
01/28/2009,FAI,AK,AAL,WE,Combined TRACON& Tower with Radar,30,51,7,4,92,0,70,15,1,86,30,121,22,5,178,2,20,22,200
01/29/2009,FAI,AK,AAL,WE,Combined TRACON& Tower with Radar,30,90,14,2,136,0,18,7,0,25,30,108,21,2,161,10,0,10,171
01/30/2009,FAI,AK,AAL,WE,Combined TRACON& Tower with Radar,25,71,8,2,106,0,31,9,0,40,25,102,17,2,146,0,0,0,146
01/31/2009,FAI,AK,AAL,WE,Combined TRACON& Tower with Radar,18,32,5,0,55,0,40,11,0,51,18,72,16,0,106,2,0,2,108
02/01/2009,FAI,AK,AAL,WE,Combined TRACON& Tower with Radar,19,24,2,0,45,0,31,15,0,46,19,55,17,0,91,0,0,0,91
02/02/2009,FAI,AK,AAL,WE,Combined TRACON& Tower with Radar,30,67,8,0,105,0,37,5,0,42,30,104,13,0,147,10,0,10,157
02/03/2009,FAI,AK,AAL,WE,Combined TRACON& Tower with Radar,23,95,13,0,131,0,2,0,1,3,23,97,13,1,134,0,0,0,134
02/04/2009,FAI,AK,AAL,WE,Combined TRACON& Tower with Radar,21,52,11,2,86,0,65,19,1,85,21,117,30,3,171,18,0,18,189
02/05/2009,FAI,AK,AAL,WE,Combined TRACON& Tower with Radar,33,78,11,0,122,0,59,24,4,87,33,137,35,4,209,40,6,46,255
02/06/2009,FAI,AK,AAL,WE,Combined TRACON& Tower with Radar,23,85,9,2,119,0,32,43,2,77,23,117,52,4,196,16,6,22,218
02/07/2009,FAI,AK,AAL,WE,Combined TRACON& Tower with Radar,17,28,8,0,53,0,47,59,0,106,17,75,67,0,159,106,0,106,265
02/08/2009,FAI,AK,AAL,WE,Combined TRACON& Tower with Radar,21,39,5,0,65,0,15,12,0,27,21,54,17,0,92,32,0,32,124
02/09/2009,FAI,AK,AAL,WE,Combined TRACON& Tower with Radar,31,75,9,3,118,0,23,14,0,37,31,98,23,3,155,16,0,16,171
02/10/2009,FAI,AK,AAL,WE,Combined TRACON& Tower with Radar,24,47,13,0,84,0,58,49,0,107,24,105,62,0,191,22,0,22,213
02/11/2009,FAI,AK,AAL,WE,Combined TRACON& Tower with Radar,22,49,13,2,86,0,50,39,0,89,22,99,52,2,175,78,0,78,253
02/12/2009,FAI,AK,AAL,WE,Combined TRACON& Tower with Radar,32,58,19,2,111,0,45,64,1,110,32,103,83,3,221,127,0,127,348
02/13/2009,FAI,AK,AAL,WE,Combined TRACON& Tower with Radar,25,42,2,4,73,0,61,67,0,128,25,103,69,4,201,106,0,106,307
02/14/2009,FAI,AK,AAL,WE,Combined TRACON& Tower with Radar,13,43,5,0,61,0,21,81,0,102,13,64,86,0,163,74,0,74,237
02/15/2009,FAI,AK,AAL,WE,Combined TRACON& Tower with Radar,17,39,0,0,56,0,25,67,1,93,17,64,67,1,149,128,0,128,277
02/16/2009,FAI,AK,AAL,WE,Combined TRACON& Tower with Radar,27,60,6,2,95,0,34,81,0,115,27,94,87,2,210,52,0,52,262
02/17/2009,FAI,AK,AAL,WE,Combined TRACON& Tower with Radar,26,92,15,0,133,0,21,15,0,36,26,113,30,0,169,22,0,22,191
02/18/2009,FAI,AK,AAL,WE,Combined TRACON& Tower with Radar,32,34,8,0,74,1,63,49,0,113,33,97,57,0,187,50,0,50,237
02/19/2009,FAI,AK,AAL,WE,Combined TRACON& Tower with Radar,29,72,3,3,107,0,14,5,1,20,29,86,8,4,127,6,0,6,133
02/20/2009,FAI,AK,AAL,WE,Combined TRACON& Tower with Radar,26,89,29,4,148,0,19,23,0,42,26,108,52,4,190,16,0,16,206
02/21/2009,FAI,AK,AAL,WE,Combined TRACON& Tower with Radar,19,25,8,2,54,0,51,78,0,129,19,76,86,2,183,100,0,100,283
02/22/2009,FAI,AK,AAL,WE,Combined TRACON& Tower with Radar,19,24,3,2,48,0,34,67,0,101,19,58,70,2,149,70,0,70,219
02/23/2009,FAI,AK,AAL,WE,Combined TRACON& Tower with Radar,37,57,4,0,98,3,48,63,1,115,40,105,67,1,213,60,0,60,273
02/24/2009,FAI,AK,AAL,WE,Combined TRACON& Tower with Radar,22,50,5,0,77,0,53,65,1,119,22,103,70,1,196,54,2,56,252
02/25/2009,FAI,AK,AAL,WE,Combined TRACON& Tower with Radar,22,74,12,2,110,0,40,48,0,88,22,114,60,2,198,50,0,50,248
02/26/2009,FAI,AK,AAL,WE,Combined TRACON& Tower with Radar,35,91,9,0,135,0,17,15,0,32,35,108,24,0,167,16,4,20,187
02/27/2009,FAI,AK,AAL,WE,Combined TRACON& Tower with Radar,35,38,3,2,78,0,81,71,0,152,35,119,74,2,230,20,0,20,250
02/28/2009,FAI,AK,AAL,WE,Combined TRACON& Tower with Radar,15,51,2,0,68,0,10,0,0,10,15,61,2,0,78,0,0,0,78
03/01/2009,FAI,AK,AAL,WE,Combined TRACON& Tower with Radar,27,48,11,0,86,0,28,54,0,82,27,76,65,0,168,9,0,9,177
03/02/2009,FAI,AK,AAL,WE,Combined TRACON& Tower with Radar,35,38,9,5,87,1,65,60,0,126,36,103,69,5,213,61,0,61,274
03/03/2009,FAI,AK,AAL,WE,Combined TRACON& Tower with Radar,22,84,1,0,107,0,41,30,0,71,22,125,31,0,178,52,0,52,230
03/04/2009,FAI,AK,AAL,WE,Combined TRACON& Tower with Radar,26,62,8,3,99,0,65,54,0,119,26,127,62,3,218,24,0,24,242
03/05/2009,FAI,AK,AAL,WE,Combined TRACON& Tower with Radar,30,48,8,0,86,0,0,0,0,0,30,48,8,0,86,0,0,0,86
03/06/2009,FAI,AK,AAL,WE,Combined TRACON& Tower with Radar,34,76,8,0,118,0,12,1,0,13,34,88,9,0,131,6,0,6,137
03/07/2009,FAI,AK,AAL,WE,Combined TRACON& Tower with Radar,17,38,3,0,58,0,34,58,1,93,17,72,61,1,151,44,0,44,195
03/08/2009,FAI,AK,AAL,WE,Combined TRACON& Tower with Radar,16,38,0,2,56,0,56,59,0,115,16,94,59,2,171,68,0,68,239
03/09/2009,FAI,AK,AAL,WE,Combined TRACON& Tower with Radar,29,79,13,9,130,0,12,16,0,28,29,91,29,9,158,4,0,4,162
03/10/2009,FAI,AK,AAL,WE,Combined TRACON& Tower with Radar,21,37,11,2,71,0,83,79,5,167,21,120,90,7,238,107,34,141,379
03/11/2009,FAI,AK,AAL,WE,Combined TRACON& Tower with Radar,54,176,36,68,334,0,38,34,4,76,54,214,70,72,410,46,0,46,456
03/12/2009,FAI,AK,AAL,WE,Combined TRACON& Tower with Radar,29,78,17,5,129,0,32,35,2,69,29,110,52,7,198,44,0,44,242
03/13/2009,FAI,AK,AAL,WE,Combined TRACON& Tower with Radar,26,39,0,0,65,0,87,72,0,159,26,126,72,0,224,180,0,180,404
03/14/2009,FAI,AK,AAL,WE,Combined TRACON& Tower with Radar,16,37,7,0,60,3,40,40,0,83,19,77,47,0,143,72,0,72,215
03/15/2009,FAI,AK,AAL,WE,Combined TRACON& Tower with Radar,18,24,5,0,47,2,33,33,0,68,20,57,38,0,115,42,0,42,157
03/16/2009,FAI,AK,AAL,WE,Combined TRACON& Tower with Radar,30,35,7,2,74,0,48,34,0,82,30,83,41,2,156,16,0,16,172
03/17/2009,FAI,AK,AAL,WE,Combined TRACON& Tower with Radar,23,42,3,1,69,0,83,61,1,145,23,125,64,2,214,22,0,22,236
03/18/2009,FAI,AK,AAL,WE,Combined TRACON& Tower with Radar,33,42,5,7,87,0,84,46,0,130,33,126,51,7,217,60,0,60,277
03/19/2009,FAI,AK,AAL,WE,Combined TRACON& Tower with Radar,31,48,12,4,95,0,74,60,2,136,31,122,72,6,231,46,3,49,280
03/20/2009,FAI,AK,AAL,WE,Combined TRACON& Tower with Radar,27,45,14,0,86,0,86,78,0,164,27,131,92,0,250,90,0,90,340
03/21/2009,FAI,AK,AAL,WE,Combined TRACON& Tower with Radar,21,30,20,0,71,5,37,64,0,106,26,67,84,0,177,48,0,48,225
03/22/2009,FAI,AK,AAL,WE,Combined TRACON& Tower with Radar,19,21,2,0,42,5,54,56,0,115,24,75,58,0,157,20,0,20,177
03/23/2009,FAI,AK,AAL,WE,Combined TRACON& Tower with Radar,15,26,20,0,61,6,83,52,0,141,21,109,72,0,202,38,0,38,240
03/24/2009,FAI,AK,AAL,WE,Combined TRACON& Tower with Radar,20,47,7,0,74,0,76,58,0,134,20,123,65,0,208,61,0,61,269
03/25/2009,FAI,AK,AAL,WE,Combined TRACON& Tower with Radar,31,42,3,0,76,0,93,87,17,197,31,135,90,17,273,153,0,153,426
03/26/2009,FAI,AK,AAL,WE,Combined TRACON& Tower with Radar,28,74,14,2,118,0,51,63,1,115,28,125,77,3,233,106,0,106,339
03/27/2009,FAI,AK,AAL,WE,Combined TRACON& Tower with Radar,44,88,19,0,151,0,13,16,0,29,44,101,35,0,180,66,0,66,246
03/28/2009,FAI,AK,AAL,WE,Combined TRACON& Tower with Radar,30,42,10,0,82,0,18,38,0,56,30,60,48,0,138,95,0,95,233
03/29/2009,FAI,AK,AAL,WE,Combined TRACON& Tower with Radar,18,27,4,0,49,0,41,62,5,108,18,68,66,5,157,80,20,100,257
03/30/2009,FAI,AK,AAL,WE,Combined TRACON& Tower with Radar,34,35,3,0,72,0,66,76,1,143,34,101,79,1,215,144,0,144,359
03/31/2009,FAI,AK,AAL,WE,Combined TRACON& Tower with Radar,29,53,13,0,95,0,55,59,0,114,29,108,72,0,209,68,0,68,277
04/01/2009,FAI,AK,AAL,WE,Combined TRACON& Tower with Radar,34,69,35,1,139,0,44,60,1,105,34,113,95,2,244,70,2,72,316
04/02/2009,FAI,AK,AAL,WE,Combined TRACON& Tower with Radar,31,52,10,3,96,0,73,81,4,158,31,125,91,7,254,126,10,136,390
04/03/2009,FAI,AK,AAL,WE,Combined TRACON& Tower with Radar,27,47,15,0,89,0,81,116,1,198,27,128,131,1,287,122,0,122,409
04/04/2009,FAI,AK,AAL,WE,Combined TRACON& Tower with Radar,16,45,1,0,62,0,70,95,0,165,16,115,96,0,227,124,4,128,355
04/05/2009,FAI,AK,AAL,WE,Combined TRACON& Tower with Radar,17,34,4,0,55,0,46,117,2,165,17,80,121,2,220,106,0,106,326
04/06/2009,FAI,AK,AAL,WE,Combined TRACON& Tower with Radar,27,48,8,2,85,0,78,75,0,153,27,126,83,2,238,136,0,136,374
04/07/2009,FAI,AK,AAL,WE,Combined TRACON& Tower with Radar,26,47,28,0,101,1,66,76,5,148,27,113,104,5,249,104,0,104,353
04/08/2009,FAI,AK,AAL,WE,Combined TRACON& Tower with Radar,28,49,13,0,90,2,86,81,1,170,30,135,94,1,260,146,0,146,406
04/09/2009,FAI,AK,AAL,WE,Combined TRACON& Tower with Radar,30,89,14,0,133,0,43,71,0,114,30,132,85,0,247,206,0,206,453
04/10/2009,FAI,AK,AAL,WE,Combined TRACON& Tower with Radar,26,60,19,5,110,0,67,133,0,200,26,127,152,5,310,152,0,152,462
04/11/2009,FAI,AK,AAL,WE,Combined TRACON& Tower with Radar,17,23,15,1,56,0,59,147,3,209,17,82,162,4,265,132,0,132,397
04/12/2009,FAI,AK,AAL,WE,Combined TRACON& Tower with Radar,20,35,3,1,59,0,26,116,0,142,20,61,119,1,201,194,0,194,395
04/13/2009,FAI,AK,AAL,WE,Combined TRACON& Tower with Radar,24,55,14,5,98,0,63,80,0,143,24,118,94,5,241,106,2,108,349
04/14/2009,FAI,AK,AAL,WE,Combined TRACON& Tower with Radar,26,53,18,2,99,0,45,86,0,131,26,98,104,2,230,42,4,46,276
04/15/2009,FAI,AK,AAL,WE,Combined TRACON& Tower with Radar,27,53,5,4,89,0,67,80,0,147,27,120,85,4,236,74,0,74,310
04/16/2009,FAI,AK,AAL,WE,Combined TRACON& Tower with Radar,28,41,5,2,76,0,76,91,3,170,28,117,96,5,246,172,2,174,420
04/17/2009,FAI,AK,AAL,WE,Combined TRACON& Tower with Radar,26,45,3,10,84,1,51,81,4,137,27,96,84,14,221,92,24,116,337
04/18/2009,FAI,AK,AAL,WE,Combined TRACON& Tower with Radar,15,24,7,1,47,0,45,92,3,140,15,69,99,4,187,94,20,114,301
04/19/2009,FAI,AK,AAL,WE,Combined TRACON& Tower with Radar,19,25,10,2,56,0,40,106,2,148,19,65,116,4,204,124,0,124,328
04/20/2009,FAI,AK,AAL,WE,Combined TRACON& Tower with Radar,30,31,2,19,82,0,80,81,3,164,30,111,83,22,246,126,0,126,372
04/21/2009,FAI,AK,AAL,WE,Combined TRACON& Tower with Radar,27,39,18,10,94,0,75,102,1,178,27,114,120,11,272,133,0,133,405
04/22/2009,FAI,AK,AAL,WE,Combined TRACON& Tower with Radar,23,34,12,9,78,0,80,103,7,190,23,114,115,16,268,152,16,168,436
04/23/2009,FAI,AK,AAL,WE,Combined TRACON& Tower with Radar,27,73,23,8,131,0,33,38,3,74,27,106,61,11,205,78,0,78,283
04/24/2009,FAI,AK,AAL,WE,Combined TRACON& Tower with Radar,23,83,6,2,114,1,30,21,0,52,24,113,27,2,166,56,0,56,222
04/25/2009,FAI,AK,AAL,WE,Combined TRACON& Tower with Radar,14,35,9,1,59,0,40,86,10,136,14,75,95,11,195,180,16,196,391
04/26/2009,FAI,AK,AAL,WE,Combined TRACON& Tower with Radar,18,33,25,1,77,0,24,114,6,144,18,57,139,7,221,206,16,222,443
04/27/2009,FAI,AK,AAL,WE,Combined TRACON& Tower with Radar,29,30,15,28,102,0,74,72,0,146,29,104,87,28,248,126,22,148,396
04/28/2009,FAI,AK,AAL,WE,Combined TRACON& Tower with Radar,28,50,10,17,105,3,79,104,5,191,31,129,114,22,296,216,0,216,512
04/29/2009,FAI,AK,AAL,WE,Combined TRACON& Tower with Radar,23,36,12,1,72,3,86,105,1,195,26,122,117,2,267,222,0,222,489
04/30/2009,FAI,AK,AAL,WE,Combined TRACON& Tower with Radar,30,53,13,6,102,0,82,135,3,220,30,135,148,9,322,188,0,188,510
05/01/2009,FAI,AK,AAL,WE,Combined TRACON& Tower with Radar,25,36,9,10,80,0,88,128,3,219,25,124,137,13,299,198,0,198,497
05/02/2009,FAI,AK,AAL,WE,Combined TRACON& Tower with Radar,17,44,16,0,77,0,47,126,0,173,17,91,142,0,250,126,0,126,376
05/03/2009,FAI,AK,AAL,WE,Combined TRACON& Tower with Radar,21,10,7,0,38,0,39,86,0,125,21,49,93,0,163,90,6,96,259
05/04/2009,FAI,AK,AAL,WE,Combined TRACON& Tower with Radar,31,28,4,6,69,3,74,110,0,187,34,102,114,6,256,176,2,178,434
05/05/2009,FAI,AK,AAL,WE,Combined TRACON& Tower with Radar,26,53,5,20,104,0,63,85,0,148,26,116,90,20,252,96,0,96,348
05/06/2009,FAI,AK,AAL,WE,Combined TRACON& Tower with Radar,3,69,8,3,83,0,68,64,0,132,3,137,72,3,215,124,0,124,339
05/07/2009,FAI,AK,AAL,WE,Combined TRACON& Tower with Radar,30,37,25,5,97,2,84,96,0,182,32,121,121,5,279,190,6,196,475
05/08/2009,FAI,AK,AAL,WE,Combined TRACON& Tower with Radar,23,47,12,0,82,4,90,120,0,214,27,137,132,0,296,136,0,136,432
05/09/2009,FAI,AK,AAL,WE,Combined TRACON& Tower with Radar,18,29,6,0,53,2,48,61,4,115,20,77,67,4,168,38,0,38,206
05/10/2009,FAI,AK,AAL,WE,Combined TRACON& Tower with Radar,25,52,2,2,81,0,11,20,0,31,25,63,22,2,112,18,0,18,130
05/11/2009,FAI,AK,AAL,WE,Combined TRACON& Tower with Radar,26,85,17,0,128,1,24,32,0,57,27,109,49,0,185,18,0,18,203
05/12/2009,FAI,AK,AAL,WE,Combined TRACON& Tower with Radar,24,54,7,0,85,0,73,111,1,185,24,127,118,1,270,134,0,134,404
05/13/2009,FAI,AK,AAL,WE,Combined TRACON& Tower with Radar,23,50,9,0,82,2,87,93,2,184,25,137,102,2,266,116,0,116,382
05/14/2009,FAI,AK,AAL,WE,Combined TRACON& Tower with Radar,30,37,9,0,76,0,99,89,0,188,30,136,98,0,264,61,0,61,325
05/15/2009,FAI,AK,AAL,WE,Combined TRACON& Tower with Radar,28,33,12,0,73,2,98,120,4,224,30,131,132,4,297,224,0,224,521
05/16/2009,FAI,AK,AAL,WE,Combined TRACON& Tower with Radar,18,27,11,0,56,1,57,184,0,242,19,84,195,0,298,154,0,154,452
05/17/2009,FAI,AK,AAL,WE,Combined TRACON& Tower with Radar,31,14,2,0,47,0,43,145,0,188,31,57,147,0,235,160,0,160,395
05/18/2009,FAI,AK,AAL,WE,Combined TRACON& Tower with Radar,45,25,12,2,84,0,86,130,2,218,45,111,142,4,302,112,0,112,414
05/19/2009,FAI,AK,AAL,WE,Combined TRACON& Tower with Radar,29,36,10,0,75,0,95,156,1,252,29,131,166,1,327,182,0,182,509
05/20/2009,FAI,AK,AAL,WE,Combined TRACON& Tower with Radar,34,23,10,2,69,0,97,185,1,283,34,120,195,3,352,150,0,150,502
05/21/2009,FAI,AK,AAL,WE,Combined TRACON& Tower with Radar,41,54,9,1,105,1,93,170,1,265,42,147,179,2,370,132,0,132,502
05/22/2009,FAI,AK,AAL,WE,Combined TRACON& Tower with Radar,30,38,8,0,76,1,95,187,3,286,31,133,195,3,362,74,0,74,436
05/23/2009,FAI,AK,AAL,WE,Combined TRACON& Tower with Radar,26,32,3,0,61,0,53,165,6,224,26,85,168,6,285,90,0,90,375
05/24/2009,FAI,AK,AAL,WE,Combined TRACON& Tower with Radar,22,9,3,0,34,0,53,129,0,182,22,62,132,0,216,156,0,156,372
05/25/2009,FAI,AK,AAL,WE,Combined TRACON& Tower with Radar,34,12,6,0,52,0,42,204,0,246,34,54,210,0,298,121,0,121,419
05/26/2009,FAI,AK,AAL,WE,Combined TRACON& Tower with Radar,28,36,5,1,70,0,90,169,11,270,28,126,174,12,340,128,10,138,478
05/27/2009,FAI,AK,AAL,WE,Combined TRACON& Tower with Radar,35,64,23,0,122,1,89,123,0,213,36,153,146,0,335,62,0,62,397
05/28/2009,FAI,AK,AAL,WE,Combined TRACON& Tower with Radar,39,63,11,0,113,1,66,167,1,235,40,129,178,1,348,150,0,150,498
05/29/2009,FAI,AK,AAL,WE,Combined TRACON& Tower with Radar,31,90,11,0,132,3,49,132,1,185,34,139,143,1,317,134,0,134,451
05/30/2009,FAI,AK,AAL,WE,Combined TRACON& Tower with Radar,29,40,17,0,86,0,50,124,6,180,29,90,141,6,266,125,4,129,395
05/31/2009,FAI,AK,AAL,WE,Combined TRACON& Tower with Radar,24,37,12,0,73,0,36,141,1,178,24,73,153,1,251,108,0,108,359
06/01/2009,FAI,AK,AAL,WE,Combined TRACON& Tower with Radar,39,48,5,0,92,1,83,176,2,262,40,131,181,2,354,108,2,110,464
06/02/2009,FAI,AK,AAL,WE,Combined TRACON& Tower with Radar,31,35,11,0,77,1,89,151,2,243,32,124,162,2,320,162,0,162,482
06/03/2009,FAI,AK,AAL,WE,Combined TRACON& Tower with Radar,35,47,17,2,101,2,105,186,1,294,37,152,203,3,395,160,0,160,555
06/04/2009,FAI,AK,AAL,WE,Combined TRACON& Tower with Radar,43,30,13,0,86,2,104,211,1,318,45,134,224,1,404,178,2,180,584
06/05/2009,FAI,AK,AAL,WE,Combined TRACON& Tower with Radar,32,74,10,3,119,1,91,161,1,254,33,165,171,4,373,140,0,140,513
06/06/2009,FAI,AK,AAL,WE,Combined TRACON& Tower with Radar,29,35,8,0,72,2,38,142,1,183,31,73,150,1,255,116,0,116,371
06/07/2009,FAI,AK,AAL,WE,Combined TRACON& Tower with Radar,32,22,6,0,60,0,56,158,0,214,32,78,164,0,274,196,0,196,470
06/08/2009,FAI,AK,AAL,WE,Combined TRACON& Tower with Radar,39,38,7,0,84,0,91,207,0,298,39,129,214,0,382,190,0,190,572
06/09/2009,FAI,AK,AAL,WE,Combined TRACON& Tower with Radar,33,65,4,0,102,0,65,117,2,184,33,130,121,2,286,44,0,44,330
06/10/2009,FAI,AK,AAL,WE,Combined TRACON& Tower with Radar,29,45,11,0,85,0,95,176,3,274,29,140,187,3,359,266,2,268,627
06/11/2009,FAI,AK,AAL,WE,Combined TRACON& Tower with Radar,38,47,12,7,104,0,112,193,0,305,38,159,205,7,409,246,0,246,655
06/12/2009,FAI,AK,AAL,WE,Combined TRACON& Tower with Radar,36,42,12,0,90,0,95,162,2,259,36,137,174,2,349,118,0,118,467
06/13/2009,FAI,AK,AAL,WE,Combined TRACON& Tower with Radar,26,46,10,0,82,1,46,128,0,175,27,92,138,0,257,188,0,188,445
06/14/2009,FAI,AK,AAL,WE,Combined TRACON& Tower with Radar,29,20,4,0,53,0,62,143,0,205,29,82,147,0,258,86,0,86,344
06/15/2009,FAI,AK,AAL,WE,Combined TRACON& Tower with Radar,35,45,12,9,101,0,94,161,0,255,35,139,173,9,356,182,4,186,542
06/16/2009,FAI,AK,AAL,WE,Combined TRACON& Tower with Radar,36,36,10,0,82,0,95,195,0,290,36,131,205,0,372,166,0,166,538
06/17/2009,FAI,AK,AAL,WE,Combined TRACON& Tower with Radar,31,49,11,2,93,0,118,168,1,287,31,167,179,3,380,124,0,124,504
06/18/2009,FAI,AK,AAL,WE,Combined TRACON& Tower with Radar,46,66,16,1,129,0,97,161,1,259,46,163,177,2,388,126,6,132,520
06/19/2009,FAI,AK,AAL,WE,Combined TRACON& Tower with Radar,33,63,19,0,115,0,74,157,0,231,33,137,176,0,346,112,0,112,458
06/20/2009,FAI,AK,AAL,WE,Combined TRACON& Tower with Radar,25,35,6,0,66,0,70,156,0,226,25,105,162,0,292,156,0,156,448
06/21/2009,FAI,AK,AAL,WE,Combined TRACON& Tower with Radar,27,35,4,0,66,0,40,130,1,171,27,75,134,1,237,136,0,136,373
06/22/2009,FAI,AK,AAL,WE,Combined TRACON& Tower with Radar,34,43,5,0,82,0,92,168,2,262,34,135,173,2,344,191,0,191,535
06/23/2009,FAI,AK,AAL,WE,Combined TRACON& Tower with Radar,37,68,20,0,125,1,87,119,2,209,38,155,139,2,334,120,0,120,454
06/24/2009,FAI,AK,AAL,WE,Combined TRACON& Tower with Radar,40,180,37,2,259,0,9,41,0,50,40,189,78,2,309,78,0,78,387
06/25/2009,FAI,AK,AAL,WE,Combined TRACON& Tower with Radar,40,74,14,0,128,0,68,223,2,293,40,142,237,2,421,283,0,283,704
06/26/2009,FAI,AK,AAL,WE,Combined TRACON& Tower with Radar,32,56,20,0,108,0,91,192,1,284,32,147,212,1,392,182,0,182,574
06/27/2009,FAI,AK,AAL,WE,Combined TRACON& Tower with Radar,27,36,17,0,80,0,47,144,0,191,27,83,161,0,271,142,0,142,413
06/28/2009,FAI,AK,AAL,WE,Combined TRACON& Tower with Radar,27,50,6,0,83,0,25,77,1,103,27,75,83,1,186,76,0,76,262
06/29/2009,FAI,AK,AAL,WE,Combined TRACON& Tower with Radar,36,65,25,0,126,0,85,117,2,204,36,150,142,2,330,131,0,131,461
06/30/2009,FAI,AK,AAL,WE,Combined TRACON& Tower with Radar,33,38,12,2,85,0,111,217,1,329,33,149,229,3,414,192,0,192,606
07/01/2009,FAI,AK,AAL,WE,Combined TRACON& Tower with Radar,33,48,13,6,100,0,113,225,0,338,33,161,238,6,438,120,0,120,558
07/02/2009,FAI,AK,AAL,WE,Combined TRACON& Tower with Radar,43,35,6,0,84,0,93,207,0,300,43,128,213,0,384,147,0,147,531
07/03/2009,FAI,AK,AAL,WE,Combined TRACON& Tower with Radar,31,23,12,0,66,0,83,236,0,319,31,106,248,0,385,120,0,120,505
07/04/2009,FAI,AK,AAL,WE,Combined TRACON& Tower with Radar,25,13,3,0,41,0,46,119,0,165,25,59,122,0,206,50,0,50,256
07/05/2009,FAI,AK,AAL,WE,Combined TRACON& Tower with Radar,27,15,7,0,49,0,56,126,0,182,27,71,133,0,231,78,0,78,309
07/06/2009,FAI,AK,AAL,WE,Combined TRACON& Tower with Radar,41,28,6,0,75,1,86,162,3,252,42,114,168,3,327,119,0,119,446
07/07/2009,FAI,AK,AAL,WE,Combined TRACON& Tower with Radar,36,33,20,0,89,0,96,137,1,234,36,129,157,1,323,174,0,174,497
07/08/2009,FAI,AK,AAL,WE,Combined TRACON& Tower with Radar,35,60,9,6,110,3,86,120,0,209,38,146,129,6,319,144,0,144,463
07/09/2009,FAI,AK,AAL,WE,Combined TRACON& Tower with Radar,42,92,23,2,159,1,40,96,0,137,43,132,119,2,296,124,0,124,420
07/10/2009,FAI,AK,AAL,WE,Combined TRACON& Tower with Radar,38,33,12,0,83,1,133,200,0,334,39,166,212,0,417,194,0,194,611
07/11/2009,FAI,AK,AAL,WE,Combined TRACON& Tower with Radar,27,19,15,0,61,0,70,194,0,264,27,89,209,0,325,260,4,264,589
07/12/2009,FAI,AK,AAL,WE,Combined TRACON& Tower with Radar,29,18,8,0,55,0,55,176,1,232,29,73,184,1,287,209,0,209,496
07/13/2009,FAI,AK,AAL,WE,Combined TRACON& Tower with Radar,46,32,7,0,85,1,106,173,0,280,47,138,180,0,365,153,0,153,518
07/14/2009,FAI,AK,AAL,WE,Combined TRACON& Tower with Radar,50,97,64,6,217,0,14,67,0,81,50,111,131,6,298,98,0,98,396
07/15/2009,FAI,AK,AAL,WE,Combined TRACON& Tower with Radar,35,93,20,2,150,0,58,100,0,158,35,151,120,2,308,122,0,122,430
07/16/2009,FAI,AK,AAL,WE,Combined TRACON& Tower with Radar,40,47,13,2,102,0,103,195,1,299,40,150,208,3,401,254,0,254,655
07/17/2009,FAI,AK,AAL,WE,Combined TRACON& Tower with Radar,36,30,6,2,74,0,102,199,0,301,36,132,205,2,375,186,0,186,561
07/18/2009,FAI,AK,AAL,WE,Combined TRACON& Tower with Radar,40,25,9,0,74,0,60,189,2,251,40,85,198,2,325,212,0,212,537
07/19/2009,FAI,AK,AAL,WE,Combined TRACON& Tower with Radar,30,26,8,0,64,0,51,188,0,239,30,77,196,0,303,74,0,74,377
07/20/2009,FAI,AK,AAL,WE,Combined TRACON& Tower with Radar,42,51,9,0,102,0,79,156,6,241,42,130,165,6,343,168,0,168,511
07/21/2009,FAI,AK,AAL,WE,Combined TRACON& Tower with Radar,39,44,10,0,93,0,103,176,2,281,39,147,186,2,374,105,0,105,479
07/22/2009,FAI,AK,AAL,WE,Combined TRACON& Tower with Radar,40,47,18,0,105,0,88,163,1,252,40,135,181,1,357,126,0,126,483
07/23/2009,FAI,AK,AAL,WE,Combined TRACON& Tower with Radar,39,55,12,0,106,0,90,143,1,234,39,145,155,1,340,234,8,242,582
07/24/2009,FAI,AK,AAL,WE,Combined TRACON& Tower with Radar,38,60,29,0,127,1,95,141,0,237,39,155,170,0,364,164,0,164,528
07/25/2009,FAI,AK,AAL,WE,Combined TRACON& Tower with Radar,27,57,6,0,90,0,46,147,0,193,27,103,153,0,283,208,0,208,491
07/26/2009,FAI,AK,AAL,WE,Combined TRACON& Tower with Radar,25,28,8,2,63,0,29,182,0,211,25,57,190,2,274,176,0,176,450
07/27/2009,FAI,AK,AAL,WE,Combined TRACON& Tower with Radar,38,49,17,0,104,0,82,110,0,192,38,131,127,0,296,128,0,128,424
07/28/2009,FAI,AK,AAL,WE,Combined TRACON& Tower with Radar,34,51,10,3,98,0,75,198,0,273,34,126,208,3,371,292,0,292,663
07/29/2009,FAI,AK,AAL,WE,Combined TRACON& Tower with Radar,32,54,14,1,101,0,88,171,0,259,32,142,185,1,360,238,0,238,598
07/30/2009,FAI,AK,AAL,WE,Combined TRACON& Tower with Radar,38,107,64,6,215,0,2,4,0,6,38,109,68,6,221,6,0,6,227
07/31/2009,FAI,AK,AAL,WE,Combined TRACON& Tower with Radar,32,100,54,1,187,0,21,65,0,86,32,121,119,1,273,42,0,42,315
08/01/2009,FAI,AK,AAL,WE,Combined TRACON& Tower with Radar,32,68,52,0,152,0,12,37,0,49,32,80,89,0,201,50,0,50,251
08/02/2009,FAI,AK,AAL,WE,Combined TRACON& Tower with Radar,27,59,38,0,124,0,18,81,0,99,27,77,119,0,223,94,0,94,317
08/03/2009,FAI,AK,AAL,WE,Combined TRACON& Tower with Radar,48,85,29,4,166,0,34,75,0,109,48,119,104,4,275,172,0,172,447
08/04/2009,FAI,AK,AAL,WE,Combined TRACON& Tower with Radar,35,82,26,4,147,0,42,60,0,102,35,124,86,4,249,130,0,130,379
08/05/2009,FAI,AK,AAL,WE,Combined TRACON& Tower with Radar,27,85,38,5,155,0,5,14,0,19,27,90,52,5,174,8,0,8,182
08/06/2009,FAI,AK,AAL,WE,Combined TRACON& Tower with Radar,28,71,20,2,121,0,0,0,0,0,28,71,20,2,121,6,0,6,127
08/07/2009,FAI,AK,AAL,WE,Combined TRACON& Tower with Radar,40,109,33,8,190,0,14,44,0,58,40,123,77,8,248,52,0,52,300
08/08/2009,FAI,AK,AAL,WE,Combined TRACON& Tower with Radar,26,62,23,1,112,0,19,51,0,70,26,81,74,1,182,14,0,14,196
08/09/2009,FAI,AK,AAL,WE,Combined TRACON& Tower with Radar,28,43,16,2,89,0,48,125,0,173,28,91,141,2,262,126,0,126,388
08/10/2009,FAI,AK,AAL,WE,Combined TRACON& Tower with Radar,35,60,12,4,111,0,89,175,0,264,35,149,187,4,375,146,0,146,521
08/11/2009,FAI,AK,AAL,WE,Combined TRACON& Tower with Radar,43,83,15,0,141,0,81,175,0,256,43,164,190,0,397,152,0,152,549
08/12/2009,FAI,AK,AAL,WE,Combined TRACON& Tower with Radar,37,35,6,2,80,0,111,205,0,316,37,146,211,2,396,213,0,213,609
08/13/2009,FAI,AK,AAL,WE,Combined TRACON& Tower with Radar,42,105,26,1,174,0,17,81,0,98,42,122,107,1,272,96,0,96,368
08/14/2009,FAI,AK,AAL,WE,Combined TRACON& Tower with Radar,34,114,28,0,176,0,51,142,0,193,34,165,170,0,369,150,0,150,519
08/15/2009,FAI,AK,AAL,WE,Combined TRACON& Tower with Radar,28,69,38,0,135,0,21,66,1,88,28,90,104,1,223,122,0,122,345
08/16/2009,FAI,AK,AAL,WE,Combined TRACON& Tower with Radar,31,71,29,0,131,0,11,90,0,101,31,82,119,0,232,28,0,28,260
08/17/2009,FAI,AK,AAL,WE,Combined TRACON& Tower with Radar,45,72,23,4,144,0,77,200,1,278,45,149,223,5,422,206,0,206,628
08/18/2009,FAI,AK,AAL,WE,Combined TRACON& Tower with Radar,41,94,22,1,158,1,121,53,0,175,42,215,75,1,333,188,0,188,521
08/19/2009,FAI,AK,AAL,WE,Combined TRACON& Tower with Radar,34,52,19,9,114,0,105,187,1,293,34,157,206,10,407,183,0,183,590
08/20/2009,FAI,AK,AAL,WE,Combined TRACON& Tower with Radar,50,31,5,0,86,0,123,286,0,409,50,154,291,0,495,166,0,166,661
08/21/2009,FAI,AK,AAL,WE,Combined TRACON& Tower with Radar,32,33,5,0,70,0,116,257,0,373,32,149,262,0,443,192,0,192,635
08/22/2009,FAI,AK,AAL,WE,Combined TRACON& Tower with Radar,27,21,17,0,65,0,74,277,2,353,27,95,294,2,418,248,0,248,666
08/23/2009,FAI,AK,AAL,WE,Combined TRACON& Tower with Radar,34,34,15,0,83,1,41,160,2,204,35,75,175,2,287,152,0,152,439
08/24/2009,FAI,AK,AAL,WE,Combined TRACON& Tower with Radar,30,109,18,0,157,0,33,112,2,147,30,142,130,2,304,112,0,112,416
08/25/2009,FAI,AK,AAL,WE,Combined TRACON& Tower with Radar,35,93,18,0,146,1,44,132,0,177,36,137,150,0,323,107,0,107,430
08/26/2009,FAI,AK,AAL,WE,Combined TRACON& Tower with Radar,39,60,11,0,110,2,66,203,0,271,41,126,214,0,381,73,0,73,454
08/27/2009,FAI,AK,AAL,WE,Combined TRACON& Tower with Radar,48,43,9,0,100,1,110,316,1,428,49,153,325,1,528,291,2,293,821
08/28/2009,FAI,AK,AAL,WE,Combined TRACON& Tower with Radar,37,84,9,0,130,0,56,180,1,237,37,140,189,1,367,251,5,256,623
08/29/2009,FAI,AK,AAL,WE,Combined TRACON& Tower with Radar,23,37,16,0,76,1,63,256,0,320,24,100,272,0,396,130,0,130,526
08/30/2009,FAI,AK,AAL,WE,Combined TRACON& Tower with Radar,34,71,15,0,120,0,3,7,0,10,34,74,22,0,130,26,0,26,156
08/31/2009,FAI,AK,AAL,WE,Combined TRACON& Tower with Radar,50,92,21,4,167,0,48,161,0,209,50,140,182,4,376,68,0,68,444
09/01/2009,FAI,AK,AAL,WE,Combined TRACON& Tower with Radar,37,75,13,6,131,0,72,241,0,313,37,147,254,6,444,208,0,208,652
09/02/2009,FAI,AK,AAL,WE,Combined TRACON& Tower with Radar,33,44,9,4,90,0,99,251,0,350,33,143,260,4,440,164,0,164,604
09/03/2009,FAI,AK,AAL,WE,Combined TRACON& Tower with Radar,47,32,6,0,85,2,121,262,0,385,49,153,268,0,470,145,0,145,615
09/04/2009,FAI,AK,AAL,WE,Combined TRACON& Tower with Radar,32,48,5,0,85,1,111,333,3,448,33,159,338,3,533,164,0,164,697
09/05/2009,FAI,AK,AAL,WE,Combined TRACON& Tower with Radar,22,23,9,0,54,0,91,292,0,383,22,114,301,0,437,120,0,120,557
09/06/2009,FAI,AK,AAL,WE,Combined TRACON& Tower with Radar,24,14,5,0,43,0,49,285,0,334,24,63,290,0,377,130,0,130,507
09/07/2009,FAI,AK,AAL,WE,Combined TRACON& Tower with Radar,30,34,3,0,67,0,54,254,0,308,30,88,257,0,375,132,0,132,507
09/08/2009,FAI,AK,AAL,WE,Combined TRACON& Tower with Radar,30,28,16,0,74,1,124,192,0,317,31,152,208,0,391,174,1,175,566
09/09/2009,FAI,AK,AAL,WE,Combined TRACON& Tower with Radar,34,26,11,4,75,0,124,143,40,307,34,150,154,44,382,169,0,169,551
09/10/2009,FAI,AK,AAL,WE,Combined TRACON& Tower with Radar,40,36,13,0,89,0,120,248,1,369,40,156,261,1,458,148,0,148,606
09/11/2009,FAI,AK,AAL,WE,Combined TRACON& Tower with Radar,34,72,9,0,115,1,82,196,4,283,35,154,205,4,398,176,0,176,574
09/12/2009,FAI,AK,AAL,WE,Combined TRACON& Tower with Radar,20,30,10,0,60,0,89,254,0,343,20,119,264,0,403,76,0,76,479
09/13/2009,FAI,AK,AAL,WE,Combined TRACON& Tower with Radar,29,25,2,0,56,0,53,179,0,232,29,78,181,0,288,72,0,72,360
09/14/2009,FAI,AK,AAL,WE,Combined TRACON& Tower with Radar,37,39,7,2,85,0,97,175,2,274,37,136,182,4,359,134,0,134,493
09/15/2009,FAI,AK,AAL,WE,Combined TRACON& Tower with Radar,28,31,9,0,68,1,100,180,2,283,29,131,189,2,351,84,0,84,435
09/16/2009,FAI,AK,AAL,WE,Combined TRACON& Tower with Radar,32,27,9,1,69,1,120,207,0,328,33,147,216,1,397,62,14,76,473
09/17/2009,FAI,AK,AAL,WE,Combined TRACON& Tower with Radar,32,47,12,4,95,0,102,224,0,326,32,149,236,4,421,124,0,124,545
09/18/2009,FAI,AK,AAL,WE,Combined TRACON& Tower with Radar,27,76,6,5,114,0,93,197,0,290,27,169,203,5,404,162,0,162,566
09/19/2009,FAI,AK,AAL,WE,Combined TRACON& Tower with Radar,18,44,4,1,67,0,56,161,0,217,18,100,165,1,284,90,0,90,374
09/20/2009,FAI,AK,AAL,WE,Combined TRACON& Tower with Radar,22,27,4,1,54,0,64,294,2,360,22,91,298,3,414,76,0,76,490
09/21/2009,FAI,AK,AAL,WE,Combined TRACON& Tower with Radar,37,57,8,0,102,0,68,177,2,247,37,125,185,2,349,78,0,78,427
09/22/2009,FAI,AK,AAL,WE,Combined TRACON& Tower with Radar,34,94,19,0,147,0,4,33,0,37,34,98,52,0,184,13,0,13,197
09/23/2009,FAI,AK,AAL,WE,Combined TRACON& Tower with Radar,30,56,15,0,101,0,80,149,0,229,30,136,164,0,330,120,0,120,450
09/24/2009,FAI,AK,AAL,WE,Combined TRACON& Tower with Radar,35,39,5,0,79,0,104,256,0,360,35,143,261,0,439,156,2,158,597
09/25/2009,FAI,AK,AAL,WE,Combined TRACON& Tower with Radar,34,79,9,1,123,0,83,151,2,236,34,162,160,3,359,50,0,50,409
09/26/2009,FAI,AK,AAL,WE,Combined TRACON& Tower with Radar,15,73,3,10,101,0,43,62,0,105,15,116,65,10,206,32,0,32,238
09/27/2009,FAI,AK,AAL,WE,Combined TRACON& Tower with Radar,22,42,9,0,73,0,50,83,0,133,22,92,92,0,206,53,0,53,259
09/28/2009,FAI,AK,AAL,WE,Combined TRACON& Tower with Radar,32,84,8,0,124,0,39,91,0,130,32,123,99,0,254,187,0,187,441
09/29/2009,FAI,AK,AAL,WE,Combined TRACON& Tower with Radar,29,31,11,0,71,0,79,146,2,227,29,110,157,2,298,118,0,118,416
09/30/2009,FAI,AK,AAL,WE,Combined TRACON& Tower with Radar,39,54,0,0,93,0,71,106,8,185,39,125,106,8,278,103,0,103,381
10/01/2009,FAI,AK,AAL,WE,Combined TRACON& Tower with Radar,29,74,29,0,132,1,43,68,0,112,30,117,97,0,244,110,0,110,354
10/02/2009,FAI,AK,AAL,WE,Combined TRACON& Tower with Radar,27,47,32,6,112,0,87,120,0,207,27,134,152,6,319,138,2,140,459
10/03/2009,FAI,AK,AAL,WE,Combined TRACON& Tower with Radar,15,40,13,0,68,0,22,97,0,119,15,62,110,0,187,178,0,178,365
10/04/2009,FAI,AK,AAL,WE,Combined TRACON& Tower with Radar,17,23,16,0,56,0,30,104,0,134,17,53,120,0,190,164,0,164,354
10/05/2009,FAI,AK,AAL,WE,Combined TRACON& Tower with Radar,29,47,10,3,89,1,45,57,6,109,30,92,67,9,198,49,0,49,247
10/06/2009,FAI,AK,AAL,WE,Combined TRACON& Tower with Radar,23,67,17,6,113,0,13,12,0,25,23,80,29,6,138,8,0,8,146
10/07/2009,FAI,AK,AAL,WE,Combined TRACON& Tower with Radar,22,27,11,5,65,1,76,97,3,177,23,103,108,8,242,82,0,82,324
10/08/2009,FAI,AK,AAL,WE,Combined TRACON& Tower with Radar,30,61,15,2,108,0,43,53,1,97,30,104,68,3,205,158,0,158,363
10/09/2009,FAI,AK,AAL,WE,Combined TRACON& Tower with Radar,24,38,16,1,79,1,94,109,2,206,25,132,125,3,285,108,0,108,393
10/10/2009,FAI,AK,AAL,WE,Combined TRACON& Tower with Radar,18,27,17,14,76,0,56,116,0,172,18,83,133,14,248,168,0,168,416
10/11/2009,FAI,AK,AAL,WE,Combined TRACON& Tower with Radar,17,25,22,1,65,0,47,116,5,168,17,72,138,6,233,166,0,166,399
10/12/2009,FAI,AK,AAL,WE,Combined TRACON& Tower with Radar,29,26,19,0,74,1,88,112,3,204,30,114,131,3,278,196,0,196,474
10/13/2009,FAI,AK,AAL,WE,Combined TRACON& Tower with Radar,27,42,25,8,102,0,80,105,5,190,27,122,130,13,292,150,0,150,442
10/14/2009,FAI,AK,AAL,WE,Combined TRACON& Tower with Radar,23,31,14,4,72,1,83,90,4,178,24,114,104,8,250,152,2,154,404
10/15/2009,FAI,AK,AAL,WE,Combined TRACON& Tower with Radar,28,37,26,4,95,1,76,121,2,200,29,113,147,6,295,150,0,150,445
10/16/2009,FAI,AK,AAL,WE,Combined TRACON& Tower with Radar,25,52,10,1,88,0,63,55,0,118,25,115,65,1,206,32,0,32,238
10/17/2009,FAI,AK,AAL,WE,Combined TRACON& Tower with Radar,16,23,8,3,50,0,47,63,3,113,16,70,71,6,163,100,0,100,263
10/18/2009,FAI,AK,AAL,WE,Combined TRACON& Tower with Radar,17,18,10,0,45,0,33,65,0,98,17,51,75,0,143,0,0,0,143
10/19/2009,FAI,AK,AAL,WE,Combined TRACON& Tower with Radar,26,52,9,11,98,1,52,62,11,126,27,104,71,22,224,76,0,76,300
10/20/2009,FAI,AK,AAL,WE,Combined TRACON& Tower with Radar,24,49,25,20,118,0,50,45,7,102,24,99,70,27,220,70,4,74,294
10/21/2009,FAI,AK,AAL,WE,Combined TRACON& Tower with Radar,26,68,16,4,114,0,50,50,6,106,26,118,66,10,220,44,1,45,265
10/22/2009,FAI,AK,AAL,WE,Combined TRACON& Tower with Radar,26,46,11,0,83,1,85,91,3,180,27,131,102,3,263,114,0,114,377
10/23/2009,FAI,AK,AAL,WE,Combined TRACON& Tower with Radar,24,26,8,5,63,1,88,82,3,174,25,114,90,8,237,150,0,150,387
10/24/2009,FAI,AK,AAL,WE,Combined TRACON& Tower with Radar,15,33,16,5,69,0,53,76,4,133,15,86,92,9,202,100,0,100,302
10/25/2009,FAI,AK,AAL,WE,Combined TRACON& Tower with Radar,18,28,15,0,61,0,37,71,0,108,18,65,86,0,169,184,0,184,353
10/26/2009,FAI,AK,AAL,WE,Combined TRACON& Tower with Radar,27,81,9,0,117,0,3,2,0,5,27,84,11,0,122,0,0,0,122
10/27/2009,FAI,AK,AAL,WE,Combined TRACON& Tower with Radar,24,86,7,3,120,0,14,3,0,17,24,100,10,3,137,0,0,0,137
10/28/2009,FAI,AK,AAL,WE,Combined TRACON& Tower with Radar,23,80,20,7,130,0,12,8,0,20,23,92,28,7,150,0,0,0,150
10/29/2009,FAI,AK,AAL,WE,Combined TRACON& Tower with Radar,31,48,11,2,92,1,78,62,7,148,32,126,73,9,240,92,0,92,332
10/30/2009,FAI,AK,AAL,WE,Combined TRACON& Tower with Radar,27,29,7,7,70,1,85,55,11,152,28,114,62,18,222,30,0,30,252
10/31/2009,FAI,AK,AAL,WE,Combined TRACON& Tower with Radar,18,23,7,3,51,0,38,65,3,106,18,61,72,6,157,116,0,116,273
11/01/2009,FAI,AK,AAL,WE,Combined TRACON& Tower with Radar,16,13,10,2,41,0,30,47,4,81,16,43,57,6,122,48,10,58,180
11/02/2009,FAI,AK,AAL,WE,Combined TRACON& Tower with Radar,26,24,4,11,65,0,75,52,6,133,26,99,56,17,198,30,4,34,232
11/03/2009,FAI,AK,AAL,WE,Combined TRACON& Tower with Radar,24,19,6,0,49,1,77,38,0,116,25,96,44,0,165,64,0,64,229
11/04/2009,FAI,AK,AAL,WE,Combined TRACON& Tower with Radar,26,30,13,1,70,2,68,47,0,117,28,98,60,1,187,56,0,56,243
11/05/2009,FAI,AK,AAL,WE,Combined TRACON& Tower with Radar,28,29,1,2,60,1,70,42,0,113,29,99,43,2,173,40,0,40,213
11/06/2009,FAI,AK,AAL,WE,Combined TRACON& Tower with Radar,25,79,11,1,116,1,19,8,0,28,26,98,19,1,144,56,0,56,200
11/07/2009,FAI,AK,AAL,WE,Combined TRACON& Tower with Radar,18,19,9,2,48,0,38,69,4,111,18,57,78,6,159,116,0,116,275
11/08/2009,FAI,AK,AAL,WE,Combined TRACON& Tower with Radar,21,23,1,3,48,0,26,38,5,69,21,49,39,8,117,66,0,66,183
11/09/2009,FAI,AK,AAL,WE,Combined TRACON& Tower with Radar,31,36,6,2,75,0,54,36,0,90,31,90,42,2,165,44,0,44,209
11/10/2009,FAI,AK,AAL,WE,Combined TRACON& Tower with Radar,28,74,19,6,127,0,21,5,0,26,28,95,24,6,153,0,0,0,153
11/11/2009,FAI,AK,AAL,WE,Combined TRACON& Tower with Radar,35,56,10,2,103,0,22,20,6,48,35,78,30,8,151,0,0,0,151
11/12/2009,FAI,AK,AAL,WE,Combined TRACON& Tower with Radar,26,92,12,4,134,0,9,2,0,11,26,101,14,4,145,0,0,0,145
11/13/2009,FAI,AK,AAL,WE,Combined TRACON& Tower with Radar,24,62,14,0,100,0,51,30,5,86,24,113,44,5,186,60,0,60,246
11/14/2009,FAI,AK,AAL,WE,Combined TRACON& Tower with Radar,17,35,5,4,61,0,36,43,4,83,17,71,48,8,144,98,0,98,242
11/15/2009,FAI,AK,AAL,WE,Combined TRACON& Tower with Radar,17,25,4,1,47,0,27,51,4,82,17,52,55,5,129,90,0,90,219
11/16/2009,FAI,AK,AAL,WE,Combined TRACON& Tower with Radar,26,47,7,2,82,0,64,15,0,79,26,111,22,2,161,0,0,0,161
11/17/2009,FAI,AK,AAL,WE,Combined TRACON& Tower with Radar,26,50,10,2,88,0,48,15,0,63,26,98,25,2,151,0,0,0,151
11/18/2009,FAI,AK,AAL,WE,Combined TRACON& Tower with Radar,24,71,24,2,121,0,28,36,0,64,24,99,60,2,185,2,2,4,189
11/19/2009,FAI,AK,AAL,WE,Combined TRACON& Tower with Radar,27,83,21,1,132,0,34,14,0,48,27,117,35,1,180,28,0,28,208
11/20/2009,FAI,AK,AAL,WE,Combined TRACON& Tower with Radar,25,36,4,0,65,1,71,26,0,98,26,107,30,0,163,30,0,30,193
11/21/2009,FAI,AK,AAL,WE,Combined TRACON& Tower with Radar,15,24,12,0,51,0,34,35,0,69,15,58,47,0,120,4,0,4,124
11/22/2009,FAI,AK,AAL,WE,Combined TRACON& Tower with Radar,17,25,8,0,50,0,29,41,0,70,17,54,49,0,120,22,0,22,142
11/23/2009,FAI,AK,AAL,WE,Combined TRACON& Tower with Radar,28,38,15,14,95,0,83,46,7,136,28,121,61,21,231,40,18,58,289
11/24/2009,FAI,AK,AAL,WE,Combined TRACON& Tower with Radar,25,44,14,5,88,0,60,56,7,123,25,104,70,12,211,52,0,52,263
11/25/2009,FAI,AK,AAL,WE,Combined TRACON& Tower with Radar,20,42,13,10,85,0,73,57,12,142,20,115,70,22,227,62,0,62,289
11/26/2009,FAI,AK,AAL,WE,Combined TRACON& Tower with Radar,19,10,2,0,31,0,2,12,0,14,19,12,14,0,45,0,0,0,45
11/27/2009,FAI,AK,AAL,WE,Combined TRACON& Tower with Radar,15,34,9,0,58,0,66,54,0,120,15,100,63,0,178,28,0,28,206
11/28/2009,FAI,AK,AAL,WE,Combined TRACON& Tower with Radar,16,25,14,2,57,0,28,53,6,87,16,53,67,8,144,44,0,44,188
11/29/2009,FAI,AK,AAL,WE,Combined TRACON& Tower with Radar,17,43,6,0,66,0,3,4,0,7,17,46,10,0,73,0,0,0,73
11/30/2009,FAI,AK,AAL,WE,Combined TRACON& Tower with Radar,27,33,13,5,78,0,63,48,6,117,27,96,61,11,195,10,4,14,209
12/01/2009,FAI,AK,AAL,WE,Combined TRACON& Tower with Radar,22,29,7,6,64,0,52,18,5,75,22,81,25,11,139,0,0,0,139
12/02/2009,FAI,AK,AAL,WE,Combined TRACON& Tower with Radar,22,45,7,3,77,1,51,37,8,97,23,96,44,11,174,54,2,56,230
12/03/2009,FAI,AK,AAL,WE,Combined TRACON& Tower with Radar,25,78,10,21,134,0,29,22,1,52,25,107,32,22,186,6,0,6,192
12/04/2009,FAI,AK,AAL,WE,Combined TRACON& Tower with Radar,23,29,16,3,71,0,66,52,9,127,23,95,68,12,198,0,0,0,198
12/05/2009,FAI,AK,AAL,WE,Combined TRACON& Tower with Radar,15,19,18,2,54,0,44,50,4,98,15,63,68,6,152,104,0,104,256
12/06/2009,FAI,AK,AAL,WE,Combined TRACON& Tower with Radar,18,24,6,0,48,0,27,31,2,60,18,51,37,2,108,101,0,101,209
12/07/2009,FAI,AK,AAL,WE,Combined TRACON& Tower with Radar,36,31,5,3,75,0,62,40,3,105,36,93,45,6,180,50,0,50,230
12/08/2009,FAI,AK,AAL,WE,Combined TRACON& Tower with Radar,25,41,15,6,87,1,54,30,7,92,26,95,45,13,179,18,0,18,197
12/09/2009,FAI,AK,AAL,WE,Combined TRACON& Tower with Radar,35,39,17,0,91,1,75,31,2,109,36,114,48,2,200,28,2,30,230
12/10/2009,FAI,AK,AAL,WE,Combined TRACON& Tower with Radar,32,38,13,5,88,1,77,31,5,114,33,115,44,10,202,22,0,22,224
12/11/2009,FAI,AK,AAL,WE,Combined TRACON& Tower with Radar,24,39,14,9,86,0,70,32,6,108,24,109,46,15,194,0,0,0,194
12/12/2009,FAI,AK,AAL,WE,Combined TRACON& Tower with Radar,35,28,19,8,90,0,37,43,8,88,35,65,62,16,178,64,0,64,242
12/13/2009,FAI,AK,AAL,WE,Combined TRACON& Tower with Radar,27,19,9,0,55,0,24,18,0,42,27,43,27,0,97,0,0,0,97
12/14/2009,FAI,AK,AAL,WE,Combined TRACON& Tower with Radar,26,88,8,7,129,0,7,2,2,11,26,95,10,9,140,0,0,0,140
12/15/2009,FAI,AK,AAL,WE,Combined TRACON& Tower with Radar,30,74,3,4,111,0,30,21,0,51,30,104,24,4,162,22,0,22,184
12/16/2009,FAI,AK,AAL,WE,Combined TRACON& Tower with Radar,24,65,10,4,103,0,36,6,2,44,24,101,16,6,147,0,0,0,147
12/17/2009,FAI,AK,AAL,WE,Combined TRACON& Tower with Radar,30,88,12,2,132,0,15,2,0,17,30,103,14,2,149,0,0,0,149
12/18/2009,FAI,AK,AAL,WE,Combined TRACON& Tower with Radar,26,86,13,0,125,0,27,5,0,32,26,113,18,0,157,8,8,16,173
12/19/2009,FAI,AK,AAL,WE,Combined TRACON& Tower with Radar,20,32,12,0,64,0,48,21,0,69,20,80,33,0,133,0,0,0,133
12/20/2009,FAI,AK,AAL,WE,Combined TRACON& Tower with Radar,20,25,12,0,57,0,36,49,0,85,20,61,61,0,142,32,0,32,174
12/21/2009,FAI,AK,AAL,WE,Combined TRACON& Tower with Radar,36,43,9,4,92,11,76,25,0,112,47,119,34,4,204,42,8,50,254
12/22/2009,FAI,AK,AAL,WE,Combined TRACON& Tower with Radar,26,43,11,3,83,1,79,46,3,129,27,122,57,6,212,50,6,56,268
12/23/2009,FAI,AK,AAL,WE,Combined TRACON& Tower with Radar,25,41,8,0,74,1,74,55,0,130,26,115,63,0,204,72,0,72,276
12/24/2009,FAI,AK,AAL,WE,Combined TRACON& Tower with Radar,28,32,10,0,70,0,80,40,0,120,28,112,50,0,190,46,0,46,236
12/25/2009,FAI,AK,AAL,WE,Combined TRACON& Tower with Radar,7,2,2,0,11,0,2,5,0,7,7,4,7,0,18,12,0,12,30
12/26/2009,FAI,AK,AAL,WE,Combined TRACON& Tower with Radar,17,22,12,0,51,0,19,24,0,43,17,41,36,0,94,28,0,28,122
12/27/2009,FAI,AK,AAL,WE,Combined TRACON& Tower with Radar,19,23,9,0,51,0,26,56,0,82,19,49,65,0,133,57,0,57,190
12/28/2009,FAI,AK,AAL,WE,Combined TRACON& Tower with Radar,27,33,8,0,68,0,52,30,0,82,27,85,38,0,150,0,0,0,150
12/29/2009,FAI,AK,AAL,WE,Combined TRACON& Tower with Radar,26,29,10,4,69,0,66,41,2,109,26,95,51,6,178,22,0,22,200
12/30/2009,FAI,AK,AAL,WE,Combined TRACON& Tower with Radar,24,23,11,2,60,0,65,28,2,95,24,88,39,4,155,0,0,0,155
12/31/2009,FAI,AK,AAL,WE,Combined TRACON& Tower with Radar,27,31,6,0,64,0,38,21,0,59,27,69,27,0,123,0,0,0,123
01/01/2010,FAI,AK,AAL,WE,Combined TRACON& Tower with Radar,17,7,3,0,27,0,4,14,0,18,17,11,17,0,45,0,0,0,45
01/02/2010,FAI,AK,AAL,WE,Combined TRACON& Tower with Radar,20,24,4,0,48,0,42,9,0,51,20,66,13,0,99,2,0,2,101
01/03/2010,FAI,AK,AAL,WE,Combined TRACON& Tower with Radar,25,23,10,0,58,0,30,7,0,37,25,53,17,0,95,0,0,0,95
01/04/2010,FAI,AK,AAL,WE,Combined TRACON& Tower with Radar,31,40,11,0,82,0,63,23,2,88,31,103,34,2,170,44,0,44,214
01/05/2010,FAI,AK,AAL,WE,Combined TRACON& Tower with Radar,26,39,6,7,78,0,54,22,0,76,26,93,28,7,154,16,0,16,170
01/06/2010,FAI,AK,AAL,WE,Combined TRACON& Tower with Radar,22,38,5,2,67,0,67,44,2,113,22,105,49,4,180,76,2,78,258
01/07/2010,FAI,AK,AAL,WE,Combined TRACON& Tower with Radar,32,42,20,15,109,1,54,39,2,96,33,96,59,17,205,66,0,66,271
01/08/2010,FAI,AK,AAL,WE,Combined TRACON& Tower with Radar,24,44,4,1,73,0,70,34,0,104,24,114,38,1,177,16,0,16,193
01/09/2010,FAI,AK,AAL,WE,Combined TRACON& Tower with Radar,15,21,5,0,41,0,40,31,0,71,15,61,36,0,112,34,0,34,146
01/10/2010,FAI,AK,AAL,WE,Combined TRACON& Tower with Radar,21,19,8,0,48,0,27,4,2,33,21,46,12,2,81,0,0,0,81
01/11/2010,FAI,AK,AAL,WE,Combined TRACON& Tower with Radar,30,30,10,1,71,0,68,0,0,68,30,98,10,1,139,2,0,2,141
01/12/2010,FAI,AK,AAL,WE,Combined TRACON& Tower with Radar,25,34,3,2,64,0,48,2,0,50,25,82,5,2,114,18,0,18,132
01/13/2010,FAI,AK,AAL,WE,Combined TRACON& Tower with Radar,22,28,13,0,63,0,63,14,0,77,22,91,27,0,140,0,0,0,140
01/14/2010,FAI,AK,AAL,WE,Combined TRACON& Tower with Radar,27,43,3,2,75,0,68,16,0,84,27,111,19,2,159,28,0,28,187
01/15/2010,FAI,AK,AAL,WE,Combined TRACON& Tower with Radar,24,38,3,3,68,0,56,13,0,69,24,94,16,3,137,0,8,8,145
01/16/2010,FAI,AK,AAL,WE,Combined TRACON& Tower with Radar,16,18,2,0,36,0,39,11,0,50,16,57,13,0,86,14,0,14,100
01/17/2010,FAI,AK,AAL,WE,Combined TRACON& Tower with Radar,20,23,4,0,47,0,36,13,0,49,20,59,17,0,96,4,0,4,100
01/18/2010,FAI,AK,AAL,WE,Combined TRACON& Tower with Radar,28,32,5,0,65,0,50,23,0,73,28,82,28,0,138,32,0,32,170
01/19/2010,FAI,AK,AAL,WE,Combined TRACON& Tower with Radar,26,34,9,8,77,0,60,20,4,84,26,94,29,12,161,0,0,0,161
01/20/2010,FAI,AK,AAL,WE,Combined TRACON& Tower with Radar,24,34,6,4,68,1,70,37,1,109,25,104,43,5,177,14,0,14,191
01/21/2010,FAI,AK,AAL,WE,Combined TRACON& Tower with Radar,30,76,12,1,119,0,1,1,1,3,30,77,13,2,122,0,0,0,122
01/22/2010,FAI,AK,AAL,WE,Combined TRACON& Tower with Radar,26,53,16,2,97,0,51,17,0,68,26,104,33,2,165,78,0,78,243
01/23/2010,FAI,AK,AAL,WE,Combined TRACON& Tower with Radar,16,18,9,3,46,0,40,27,9,76,16,58,36,12,122,62,0,62,184
01/24/2010,FAI,AK,AAL,WE,Combined TRACON& Tower with Radar,22,15,10,2,49,9,35,38,8,90,31,50,48,10,139,32,2,34,173
01/25/2010,FAI,AK,AAL,WE,Combined TRACON& Tower with Radar,31,31,7,3,72,0,70,19,4,93,31,101,26,7,165,18,0,18,183
01/26/2010,FAI,AK,AAL,WE,Combined TRACON& Tower with Radar,25,29,6,4,64,3,60,32,3,98,28,89,38,7,162,12,0,12,174
01/27/2010,FAI,AK,AAL,WE,Combined TRACON& Tower with Radar,26,24,9,0,59,3,66,30,2,101,29,90,39,2,160,4,2,6,166
01/28/2010,FAI,AK,AAL,WE,Combined TRACON& Tower with Radar,31,30,12,8,81,0,62,24,3,89,31,92,36,11,170,20,8,28,198
01/29/2010,FAI,AK,AAL,WE,Combined TRACON& Tower with Radar,24,34,14,10,82,0,72,39,0,111,24,106,53,10,193,44,0,44,237
01/30/2010,FAI,AK,AAL,WE,Combined TRACON& Tower with Radar,18,19,9,0,46,0,41,63,0,104,18,60,72,0,150,136,0,136,286
01/31/2010,FAI,AK,AAL,WE,Combined TRACON& Tower with Radar,23,46,18,1,88,0,12,35,0,47,23,58,53,1,135,9,0,9,144
02/01/2010,FAI,AK,AAL,WE,Combined TRACON& Tower with Radar,31,60,18,7,116,1,17,12,0,30,32,77,30,7,146,0,0,0,146
02/02/2010,FAI,AK,AAL,WE,Combined TRACON& Tower with Radar,29,30,6,0,65,0,65,43,0,108,29,95,49,0,173,14,0,14,187
02/03/2010,FAI,AK,AAL,WE,Combined TRACON& Tower with Radar,25,79,23,0,127,0,12,4,0,16,25,91,27,0,143,0,0,0,143
02/04/2010,FAI,AK,AAL,WE,Combined TRACON& Tower with Radar,26,31,8,4,69,0,66,22,0,88,26,97,30,4,157,0,0,0,157
02/05/2010,FAI,AK,AAL,WE,Combined TRACON& Tower with Radar,25,32,13,3,73,0,63,34,6,103,25,95,47,9,176,34,0,34,210
02/06/2010,FAI,AK,AAL,WE,Combined TRACON& Tower with Radar,19,25,14,0,58,0,38,75,2,115,19,63,89,2,173,90,38,128,301
02/07/2010,FAI,AK,AAL,WE,Combined TRACON& Tower with Radar,19,27,12,0,58,0,43,57,0,100,19,70,69,0,158,18,0,18,176
02/08/2010,FAI,AK,AAL,WE,Combined TRACON& Tower with Radar,30,48,7,9,94,0,33,12,3,48,30,81,19,12,142,0,0,0,142
02/09/2010,FAI,AK,AAL,WE,Combined TRACON& Tower with Radar,26,33,7,14,80,0,70,40,4,114,26,103,47,18,194,33,18,51,245
02/10/2010,FAI,AK,AAL,WE,Combined TRACON& Tower with Radar,25,36,13,6,80,1,81,50,1,133,26,117,63,7,213,35,0,35,248
02/11/2010,FAI,AK,AAL,WE,Combined TRACON& Tower with Radar,26,29,5,10,70,0,62,69,6,137,26,91,74,16,207,28,0,28,235
02/12/2010,FAI,AK,AAL,WE,Combined TRACON& Tower with Radar,24,36,10,2,72,1,84,69,9,163,25,120,79,11,235,20,0,20,255
02/13/2010,FAI,AK,AAL,WE,Combined TRACON& Tower with Radar,21,23,18,0,62,7,41,55,0,103,28,64,73,0,165,116,0,116,281
02/14/2010,FAI,AK,AAL,WE,Combined TRACON& Tower with Radar,23,26,6,0,55,0,35,68,0,103,23,61,74,0,158,42,0,42,200
02/15/2010,FAI,AK,AAL,WE,Combined TRACON& Tower with Radar,29,35,5,1,70,0,60,68,0,128,29,95,73,1,198,119,0,119,317
02/16/2010,FAI,AK,AAL,WE,Combined TRACON& Tower with Radar,28,25,11,3,67,0,64,52,0,116,28,89,63,3,183,62,1,63,246
02/17/2010,FAI,AK,AAL,WE,Combined TRACON& Tower with Radar,26,30,4,7,67,0,76,60,4,140,26,106,64,11,207,12,24,36,243
02/18/2010,FAI,AK,AAL,WE,Combined TRACON& Tower with Radar,32,38,10,14,94,0,78,53,4,135,32,116,63,18,229,48,2,50,279
02/19/2010,FAI,AK,AAL,WE,Combined TRACON& Tower with Radar,25,29,5,13,72,0,86,57,6,149,25,115,62,19,221,56,0,56,277
02/20/2010,FAI,AK,AAL,WE,Combined TRACON& Tower with Radar,15,10,11,1,37,0,41,83,2,126,15,51,94,3,163,122,0,122,285
02/21/2010,FAI,AK,AAL,WE,Combined TRACON& Tower with Radar,22,23,15,0,60,0,32,60,3,95,22,55,75,3,155,68,0,68,223
02/22/2010,FAI,AK,AAL,WE,Combined TRACON& Tower with Radar,29,61,13,0,103,0,34,32,1,67,29,95,45,1,170,8,0,8,178
02/23/2010,FAI,AK,AAL,WE,Combined TRACON& Tower with Radar,24,57,10,9,100,0,3,0,0,3,24,60,10,9,103,0,0,0,103
02/24/2010,FAI,AK,AAL,WE,Combined TRACON& Tower with Radar,24,54,20,0,98,0,61,74,3,138,24,115,94,3,236,40,2,42,278
02/25/2010,FAI,AK,AAL,WE,Combined TRACON& Tower with Radar,33,91,25,2,151,0,3,1,0,4,33,94,26,2,155,0,0,0,155
02/26/2010,FAI,AK,AAL,WE,Combined TRACON& Tower with Radar,23,31,6,0,60,0,73,46,0,119,23,104,52,0,179,10,14,24,203
02/27/2010,FAI,AK,AAL,WE,Combined TRACON& Tower with Radar,14,42,10,0,66,0,20,20,0,40,14,62,30,0,106,28,0,28,134
02/28/2010,FAI,AK,AAL,WE,Combined TRACON& Tower with Radar,18,25,6,2,51,0,34,52,0,86,18,59,58,2,137,60,0,60,197
03/01/2010,FAI,AK,AAL,WE,Combined TRACON& Tower with Radar,32,43,13,5,93,0,55,35,0,90,32,98,48,5,183,0,0,0,183
03/02/2010,FAI,AK,AAL,WE,Combined TRACON& Tower with Radar,26,42,9,4,81,2,63,59,3,127,28,105,68,7,208,102,0,102,310
03/03/2010,FAI,AK,AAL,WE,Combined TRACON& Tower with Radar,24,38,26,0,88,1,79,79,1,160,25,117,105,1,248,56,0,56,304
03/04/2010,FAI,AK,AAL,WE,Combined TRACON& Tower with Radar,21,26,31,4,82,0,67,68,3,138,21,93,99,7,220,62,0,62,282
03/05/2010,FAI,AK,AAL,WE,Combined TRACON& Tower with Radar,29,30,19,2,80,0,67,59,0,126,29,97,78,2,206,64,0,64,270
03/06/2010,FAI,AK,AAL,WE,Combined TRACON& Tower with Radar,15,38,20,3,76,0,18,26,3,47,15,56,46,6,123,16,0,16,139
03/07/2010,FAI,AK,AAL,WE,Combined TRACON& Tower with Radar,26,45,10,0,81,0,47,54,8,109,26,92,64,8,190,0,54,54,244
03/08/2010,FAI,AK,AAL,WE,Combined TRACON& Tower with Radar,31,32,11,0,74,0,64,42,6,112,31,96,53,6,186,27,2,29,215
03/09/2010,FAI,AK,AAL,WE,Combined TRACON& Tower with Radar,28,61,20,5,114,0,39,25,1,65,28,100,45,6,179,80,3,83,262
03/10/2010,FAI,AK,AAL,WE,Combined TRACON& Tower with Radar,21,39,14,0,74,0,74,55,1,130,21,113,69,1,204,52,30,82,286
03/11/2010,FAI,AK,AAL,WE,Combined TRACON& Tower with Radar,29,77,30,2,138,0,36,11,4,51,29,113,41,6,189,0,0,0,189
03/12/2010,FAI,AK,AAL,WE,Combined TRACON& Tower with Radar,22,43,23,2,90,0,70,44,1,115,22,113,67,3,205,0,0,0,205
03/13/2010,FAI,AK,AAL,WE,Combined TRACON& Tower with Radar,18,20,13,3,54,0,45,56,4,105,18,65,69,7,159,0,0,0,159
03/14/2010,FAI,AK,AAL,WE,Combined TRACON& Tower with Radar,20,34,25,0,79,0,32,23,0,55,20,66,48,0,134,0,0,0,134
03/15/2010,FAI,AK,AAL,WE,Combined TRACON& Tower with Radar,29,36,6,0,71,0,58,43,0,101,29,94,49,0,172,32,4,36,208
03/16/2010,FAI,AK,AAL,WE,Combined TRACON& Tower with Radar,24,33,14,1,72,1,82,53,1,137,25,115,67,2,209,50,0,50,259
03/17/2010,FAI,AK,AAL,WE,Combined TRACON& Tower with Radar,29,29,9,5,72,1,81,86,3,171,30,110,95,8,243,64,0,64,307
03/18/2010,FAI,AK,AAL,WE,Combined TRACON& Tower with Radar,32,35,18,4,89,0,81,108,5,194,32,116,126,9,283,56,2,58,341
03/19/2010,FAI,AK,AAL,WE,Combined TRACON& Tower with Radar,27,32,8,5,72,0,79,78,1,158,27,111,86,6,230,51,0,51,281
03/20/2010,FAI,AK,AAL,WE,Combined TRACON& Tower with Radar,17,12,20,1,50,0,35,138,0,173,17,47,158,1,223,100,0,100,323
03/21/2010,FAI,AK,AAL,WE,Combined TRACON& Tower with Radar,20,21,12,9,62,0,39,93,1,133,20,60,105,10,195,72,8,80,275
03/22/2010,FAI,AK,AAL,WE,Combined TRACON& Tower with Radar,31,27,3,0,61,1,71,52,0,124,32,98,55,0,185,28,0,28,213
03/23/2010,FAI,AK,AAL,WE,Combined TRACON& Tower with Radar,26,23,14,6,69,1,79,45,5,130,27,102,59,11,199,17,0,17,216
03/24/2010,FAI,AK,AAL,WE,Combined TRACON& Tower with Radar,27,23,4,2,56,1,74,39,0,114,28,97,43,2,170,0,0,0,170
03/25/2010,FAI,AK,AAL,WE,Combined TRACON& Tower with Radar,28,36,4,3,71,2,89,61,3,155,30,125,65,6,226,21,0,21,247
03/26/2010,FAI,AK,AAL,WE,Combined TRACON& Tower with Radar,26,28,9,4,67,2,90,106,3,201,28,118,115,7,268,147,0,147,415
03/27/2010,FAI,AK,AAL,WE,Combined TRACON& Tower with Radar,22,23,28,0,73,1,44,87,0,132,23,67,115,0,205,122,0,122,327
03/28/2010,FAI,AK,AAL,WE,Combined TRACON& Tower with Radar,24,13,18,0,55,0,33,105,2,140,24,46,123,2,195,124,0,124,319
03/29/2010,FAI,AK,AAL,WE,Combined TRACON& Tower with Radar,31,29,7,7,74,0,71,67,0,138,31,100,74,7,212,53,0,53,265
03/30/2010,FAI,AK,AAL,WE,Combined TRACON& Tower with Radar,26,40,13,4,83,0,75,146,5,226,26,115,159,9,309,61,2,63,372
03/31/2010,FAI,AK,AAL,WE,Combined TRACON& Tower with Radar,26,29,15,7,77,0,75,95,0,170,26,104,110,7,247,106,0,106,353
04/01/2010,FAI,AK,AAL,WE,Combined TRACON& Tower with Radar,27,33,14,2,76,1,78,57,2,138,28,111,71,4,214,0,0,0,214
04/02/2010,FAI,AK,AAL,WE,Combined TRACON& Tower with Radar,27,28,21,2,78,1,84,109,0,194,28,112,130,2,272,170,12,182,454
04/03/2010,FAI,AK,AAL,WE,Combined TRACON& Tower with Radar,19,23,16,0,58,0,70,74,21,165,19,93,90,21,223,136,28,164,387
04/04/2010,FAI,AK,AAL,WE,Combined TRACON& Tower with Radar,22,26,11,0,59,0,41,76,0,117,22,67,87,0,176,80,0,80,256
04/05/2010,FAI,AK,AAL,WE,Combined TRACON& Tower with Radar,30,32,7,0,69,0,109,103,1,213,30,141,110,1,282,141,0,141,423
04/06/2010,FAI,AK,AAL,WE,Combined TRACON& Tower with Radar,24,29,12,2,67,0,92,58,0,150,24,121,70,2,217,113,0,113,330
04/07/2010,FAI,AK,AAL,WE,Combined TRACON& Tower with Radar,26,69,13,5,113,2,36,33,5,76,28,105,46,10,189,4,0,4,193
04/08/2010,FAI,AK,AAL,WE,Combined TRACON& Tower with Radar,28,52,18,3,101,1,46,25,1,73,29,98,43,4,174,6,0,6,180
04/09/2010,FAI,AK,AAL,WE,Combined TRACON& Tower with Radar,22,37,18,0,77,4,91,108,2,205,26,128,126,2,282,72,0,72,354
04/10/2010,FAI,AK,AAL,WE,Combined TRACON& Tower with Radar,16,17,15,1,49,0,46,68,0,114,16,63,83,1,163,53,0,53,216
04/11/2010,FAI,AK,AAL,WE,Combined TRACON& Tower with Radar,20,27,19,1,67,0,36,53,1,90,20,63,72,2,157,148,0,148,305
04/12/2010,FAI,AK,AAL,WE,Combined TRACON& Tower with Radar,29,35,20,4,88,2,64,32,7,105,31,99,52,11,193,25,0,25,218
04/13/2010,FAI,AK,AAL,WE,Combined TRACON& Tower with Radar,28,63,23,3,117,0,36,25,3,64,28,99,48,6,181,62,0,62,243
04/14/2010,FAI,AK,AAL,WE,Combined TRACON& Tower with Radar,25,28,13,6,72,4,69,89,2,164,29,97,102,8,236,121,1,122,358
04/15/2010,FAI,AK,AAL,WE,Combined TRACON& Tower with Radar,48,48,25,1,122,1,62,49,2,114,49,110,74,3,236,44,0,44,280
04/16/2010,FAI,AK,AAL,WE,Combined TRACON& Tower with Radar,26,30,6,8,70,2,71,86,9,168,28,101,92,17,238,65,0,65,303
04/17/2010,FAI,AK,AAL,WE,Combined TRACON& Tower with Radar,36,23,20,2,81,0,46,119,0,165,36,69,139,2,246,152,0,152,398
04/18/2010,FAI,AK,AAL,WE,Combined TRACON& Tower with Radar,38,24,16,6,84,0,30,107,7,144,38,54,123,13,228,138,4,142,370
04/19/2010,FAI,AK,AAL,WE,Combined TRACON& Tower with Radar,47,28,16,4,95,1,84,84,0,169,48,112,100,4,264,179,0,179,443
04/20/2010,FAI,AK,AAL,WE,Combined TRACON& Tower with Radar,24,34,18,4,80,0,85,81,0,166,24,119,99,4,246,86,4,90,336
04/21/2010,FAI,AK,AAL,WE,Combined TRACON& Tower with Radar,25,32,19,6,82,2,67,97,2,168,27,99,116,8,250,137,2,139,389
04/22/2010,FAI,AK,AAL,WE,Combined TRACON& Tower with Radar,32,40,18,2,92,0,77,63,0,140,32,117,81,2,232,125,0,125,357
04/23/2010,FAI,AK,AAL,WE,Combined TRACON& Tower with Radar,26,52,31,0,109,2,84,72,1,159,28,136,103,1,268,137,0,137,405
04/24/2010,FAI,AK,AAL,WE,Combined TRACON& Tower with Radar,16,25,18,2,61,0,36,133,3,172,16,61,151,5,233,170,2,172,405
04/25/2010,FAI,AK,AAL,WE,Combined TRACON& Tower with Radar,21,18,30,1,70,0,40,105,5,150,21,58,135,6,220,152,0,152,372
04/26/2010,FAI,AK,AAL,WE,Combined TRACON& Tower with Radar,47,37,28,1,113,2,75,74,0,151,49,112,102,1,264,140,0,140,404
04/27/2010,FAI,AK,AAL,WE,Combined TRACON& Tower with Radar,25,36,19,7,87,0,77,79,7,163,25,113,98,14,250,152,2,154,404
04/28/2010,FAI,AK,AAL,WE,Combined TRACON& Tower with Radar,23,29,21,9,82,2,84,98,9,193,25,113,119,18,275,162,0,162,437
04/29/2010,FAI,AK,AAL,WE,Combined TRACON& Tower with Radar,30,38,11,8,87,0,88,58,2,148,30,126,69,10,235,72,1,73,308
04/30/2010,FAI,AK,AAL,WE,Combined TRACON& Tower with Radar,33,95,7,2,137,0,30,41,2,73,33,125,48,4,210,17,0,17,227
05/01/2010,FAI,AK,AAL,WE,Combined TRACON& Tower with Radar,23,40,7,2,72,0,28,53,2,83,23,68,60,4,155,132,0,132,287
05/02/2010,FAI,AK,AAL,WE,Combined TRACON& Tower with Radar,22,30,5,0,57,0,34,42,0,76,22,64,47,0,133,84,0,84,217
05/03/2010,FAI,AK,AAL,WE,Combined TRACON& Tower with Radar,33,34,15,5,87,0,72,97,4,173,33,106,112,9,260,158,0,158,418
05/04/2010,FAI,AK,AAL,WE,Combined TRACON& Tower with Radar,26,25,9,8,68,1,67,102,3,173,27,92,111,11,241,157,1,158,399
05/05/2010,FAI,AK,AAL,WE,Combined TRACON& Tower with Radar,27,78,12,0,117,0,30,38,0,68,27,108,50,0,185,112,0,112,297
05/06/2010,FAI,AK,AAL,WE,Combined TRACON& Tower with Radar,29,40,21,0,90,0,64,100,0,164,29,104,121,0,254,64,0,64,318
05/07/2010,FAI,AK,AAL,WE,Combined TRACON& Tower with Radar,27,30,28,4,89,2,77,152,0,231,29,107,180,4,320,276,4,280,600
05/08/2010,FAI,AK,AAL,WE,Combined TRACON& Tower with Radar,19,21,19,0,59,0,54,138,0,192,19,75,157,0,251,249,0,249,500
05/09/2010,FAI,AK,AAL,WE,Combined TRACON& Tower with Radar,21,19,15,0,55,0,42,90,0,132,21,61,105,0,187,82,0,82,269
05/10/2010,FAI,AK,AAL,WE,Combined TRACON& Tower with Radar,32,52,19,11,114,0,52,68,10,130,32,104,87,21,244,122,0,122,366
05/11/2010,FAI,AK,AAL,WE,Combined TRACON& Tower with Radar,30,38,13,6,87,0,76,101,2,179,30,114,114,8,266,179,6,185,451
05/12/2010,FAI,AK,AAL,WE,Combined TRACON& Tower with Radar,26,31,12,3,72,1,97,100,0,198,27,128,112,3,270,100,0,100,370
05/13/2010,FAI,AK,AAL,WE,Combined TRACON& Tower with Radar,38,72,28,7,145,0,29,60,4,93,38,101,88,11,238,70,0,70,308
05/14/2010,FAI,AK,AAL,WE,Combined TRACON& Tower with Radar,31,41,20,0,92,0,92,171,0,263,31,133,191,0,355,158,0,158,513
05/15/2010,FAI,AK,AAL,WE,Combined TRACON& Tower with Radar,20,18,22,0,60,0,52,191,0,243,20,70,213,0,303,139,0,139,442
05/16/2010,FAI,AK,AAL,WE,Combined TRACON& Tower with Radar,44,15,25,2,86,0,39,136,7,182,44,54,161,9,268,178,1,179,447
05/17/2010,FAI,AK,AAL,WE,Combined TRACON& Tower with Radar,36,26,24,5,91,1,85,128,5,219,37,111,152,10,310,132,2,134,444
05/18/2010,FAI,AK,AAL,WE,Combined TRACON& Tower with Radar,27,31,8,11,77,0,96,140,3,239,27,127,148,14,316,151,0,151,467
05/19/2010,FAI,AK,AAL,WE,Combined TRACON& Tower with Radar,30,33,12,13,88,0,92,119,4,215,30,125,131,17,303,96,16,112,415
05/20/2010,FAI,AK,AAL,WE,Combined TRACON& Tower with Radar,36,70,16,7,129,0,58,150,7,215,36,128,166,14,344,212,0,212,556
05/21/2010,FAI,AK,AAL,WE,Combined TRACON& Tower with Radar,33,44,16,3,96,1,88,163,1,253,34,132,179,4,349,286,0,286,635
05/22/2010,FAI,AK,AAL,WE,Combined TRACON& Tower with Radar,26,30,18,0,74,0,60,176,3,239,26,90,194,3,313,250,0,250,563
05/23/2010,FAI,AK,AAL,WE,Combined TRACON& Tower with Radar,25,34,32,0,91,0,46,157,0,203,25,80,189,0,294,194,0,194,488
05/24/2010,FAI,AK,AAL,WE,Combined TRACON& Tower with Radar,39,32,11,6,88,0,84,115,2,201,39,116,126,8,289,116,0,116,405
05/25/2010,FAI,AK,AAL,WE,Combined TRACON& Tower with Radar,30,24,8,5,67,2,84,147,8,241,32,108,155,13,308,141,0,141,449
05/26/2010,FAI,AK,AAL,WE,Combined TRACON& Tower with Radar,32,35,18,2,87,1,93,178,2,274,33,128,196,4,361,215,0,215,576
05/27/2010,FAI,AK,AAL,WE,Combined TRACON& Tower with Radar,41,44,28,10,123,0,88,224,13,325,41,132,252,23,448,261,1,262,710
05/28/2010,FAI,AK,AAL,WE,Combined TRACON& Tower with Radar,36,33,19,3,91,2,98,213,5,318,38,131,232,8,409,300,0,300,709
05/29/2010,FAI,AK,AAL,WE,Combined TRACON& Tower with Radar,32,33,20,1,86,1,44,186,2,233,33,77,206,3,319,215,0,215,534
05/30/2010,FAI,AK,AAL,WE,Combined TRACON& Tower with Radar,33,20,19,7,79,2,41,96,6,145,35,61,115,13,224,158,0,158,382
05/31/2010,FAI,AK,AAL,WE,Combined TRACON& Tower with Radar,34,27,11,1,73,0,34,141,1,176,34,61,152,2,249,176,0,176,425
06/01/2010,FAI,AK,AAL,WE,Combined TRACON& Tower with Radar,36,50,17,4,107,0,84,160,4,248,36,134,177,8,355,169,0,169,524
06/02/2010,FAI,AK,AAL,WE,Combined TRACON& Tower with Radar,34,33,16,2,85,1,97,181,4,283,35,130,197,6,368,142,0,142,510
06/03/2010,FAI,AK,AAL,WE,Combined TRACON& Tower with Radar,41,37,19,7,104,3,89,184,3,279,44,126,203,10,383,214,0,214,597
06/04/2010,FAI,AK,AAL,WE,Combined TRACON& Tower with Radar,35,52,23,6,116,3,74,135,1,213,38,126,158,7,329,204,0,204,533
06/05/2010,FAI,AK,AAL,WE,Combined TRACON& Tower with Radar,55,60,38,3,156,0,21,93,0,114,55,81,131,3,270,130,0,130,400
06/06/2010,FAI,AK,AAL,WE,Combined TRACON& Tower with Radar,27,34,24,1,86,0,51,140,2,193,27,85,164,3,279,270,0,270,549
06/07/2010,FAI,AK,AAL,WE,Combined TRACON& Tower with Radar,39,38,21,4,102,0,110,172,3,285,39,148,193,7,387,185,0,185,572
06/08/2010,FAI,AK,AAL,WE,Combined TRACON& Tower with Radar,34,37,24,16,111,0,97,146,5,248,34,134,170,21,359,34,2,36,395
06/09/2010,FAI,AK,AAL,WE,Combined TRACON& Tower with Radar,32,63,34,15,144,2,47,137,2,188,34,110,171,17,332,123,1,124,456
06/10/2010,FAI,AK,AAL,WE,Combined TRACON& Tower with Radar,39,46,28,8,121,2,104,136,9,251,41,150,164,17,372,155,0,155,527
06/11/2010,FAI,AK,AAL,WE,Combined TRACON& Tower with Radar,37,56,29,13,135,0,91,194,6,291,37,147,223,19,426,122,16,138,564
06/12/2010,FAI,AK,AAL,WE,Combined TRACON& Tower with Radar,28,62,27,7,124,0,34,66,1,101,28,96,93,8,225,84,2,86,311
06/13/2010,FAI,AK,AAL,WE,Combined TRACON& Tower with Radar,28,51,16,0,95,0,37,146,2,185,28,88,162,2,280,138,0,138,418
06/14/2010,FAI,AK,AAL,WE,Combined TRACON& Tower with Radar,39,31,15,12,97,0,114,194,24,332,39,145,209,36,429,172,10,182,611
06/15/2010,FAI,AK,AAL,WE,Combined TRACON& Tower with Radar,38,30,17,9,94,2,82,178,9,271,40,112,195,18,365,251,2,253,618
06/16/2010,FAI,AK,AAL,WE,Combined TRACON& Tower with Radar,34,62,42,7,145,0,71,156,6,233,34,133,198,13,378,220,0,220,598
06/17/2010,FAI,AK,AAL,WE,Combined TRACON& Tower with Radar,40,62,26,4,132,0,84,167,2,253,40,146,193,6,385,159,0,159,544
06/18/2010,FAI,AK,AAL,WE,Combined TRACON& Tower with Radar,34,38,28,1,101,1,96,201,1,299,35,134,229,2,400,194,0,194,594
06/19/2010,FAI,AK,AAL,WE,Combined TRACON& Tower with Radar,31,22,17,3,73,4,61,155,3,223,35,83,172,6,296,336,0,336,632
06/20/2010,FAI,AK,AAL,WE,Combined TRACON& Tower with Radar,32,53,35,2,122,0,14,91,0,105,32,67,126,2,227,48,0,48,275
06/21/2010,FAI,AK,AAL,WE,Combined TRACON& Tower with Radar,44,35,13,6,98,1,104,188,1,294,45,139,201,7,392,188,0,188,580
06/22/2010,FAI,AK,AAL,WE,Combined TRACON& Tower with Radar,34,30,16,19,99,1,95,189,1,286,35,125,205,20,385,176,2,178,563
06/23/2010,FAI,AK,AAL,WE,Combined TRACON& Tower with Radar,39,43,28,3,113,1,104,201,3,309,40,147,229,6,422,192,2,194,616
06/24/2010,FAI,AK,AAL,WE,Combined TRACON& Tower with Radar,38,38,24,8,108,2,94,82,6,184,40,132,106,14,292,0,0,0,292
06/25/2010,FAI,AK,AAL,WE,Combined TRACON& Tower with Radar,33,37,19,8,97,1,107,186,3,297,34,144,205,11,394,216,0,216,610
06/26/2010,FAI,AK,AAL,WE,Combined TRACON& Tower with Radar,33,22,13,1,69,0,74,144,1,219,33,96,157,2,288,114,1,115,403
06/27/2010,FAI,AK,AAL,WE,Combined TRACON& Tower with Radar,34,37,27,0,98,0,36,144,0,180,34,73,171,0,278,46,0,46,324
06/28/2010,FAI,AK,AAL,WE,Combined TRACON& Tower with Radar,50,31,21,4,106,1,86,214,3,304,51,117,235,7,410,262,0,262,672
06/29/2010,FAI,AK,AAL,WE,Combined TRACON& Tower with Radar,34,51,18,8,111,1,61,162,2,226,35,112,180,10,337,182,0,182,519
06/30/2010,FAI,AK,AAL,WE,Combined TRACON& Tower with Radar,35,87,19,3,144,0,51,146,1,198,35,138,165,4,342,120,0,120,462
07/01/2010,FAI,AK,AAL,WE,Combined TRACON& Tower with Radar,42,38,15,8,103,0,112,140,1,253,42,150,155,9,356,220,0,220,576
07/02/2010,FAI,AK,AAL,WE,Combined TRACON& Tower with Radar,31,53,12,0,96,0,92,172,1,265,31,145,184,1,361,108,0,108,469
07/03/2010,FAI,AK,AAL,WE,Combined TRACON& Tower with Radar,26,25,8,1,60,0,72,173,0,245,26,97,181,1,305,118,0,118,423
07/04/2010,FAI,AK,AAL,WE,Combined TRACON& Tower with Radar,22,25,18,0,65,0,21,96,0,117,22,46,114,0,182,88,0,88,270
07/05/2010,FAI,AK,AAL,WE,Combined TRACON& Tower with Radar,34,54,15,1,104,0,66,193,0,259,34,120,208,1,363,82,0,82,445
07/06/2010,FAI,AK,AAL,WE,Combined TRACON& Tower with Radar,35,48,8,3,94,1,92,188,3,284,36,140,196,6,378,182,0,182,560
07/07/2010,FAI,AK,AAL,WE,Combined TRACON& Tower with Radar,37,37,25,0,99,1,113,168,0,282,38,150,193,0,381,172,0,172,553
07/08/2010,FAI,AK,AAL,WE,Combined TRACON& Tower with Radar,46,42,17,8,113,2,96,214,4,316,48,138,231,12,429,182,0,182,611
07/09/2010,FAI,AK,AAL,WE,Combined TRACON& Tower with Radar,41,29,17,4,91,6,92,191,3,292,47,121,208,7,383,154,0,154,537
07/10/2010,FAI,AK,AAL,WE,Combined TRACON& Tower with Radar,34,24,15,0,73,1,61,186,2,250,35,85,201,2,323,168,0,168,491
07/11/2010,FAI,AK,AAL,WE,Combined TRACON& Tower with Radar,35,39,15,0,89,0,50,105,0,155,35,89,120,0,244,64,0,64,308
07/12/2010,FAI,AK,AAL,WE,Combined TRACON& Tower with Radar,42,40,25,4,111,0,84,151,0,235,42,124,176,4,346,100,2,102,448
07/13/2010,FAI,AK,AAL,WE,Combined TRACON& Tower with Radar,43,51,18,8,120,0,80,136,5,221,43,131,154,13,341,158,0,158,499
07/14/2010,FAI,AK,AAL,WE,Combined TRACON& Tower with Radar,32,47,17,2,98,0,119,99,0,218,32,166,116,2,316,0,0,0,316
07/15/2010,FAI,AK,AAL,WE,Combined TRACON& Tower with Radar,44,93,33,5,175,0,38,87,0,125,44,131,120,5,300,134,0,134,434
07/16/2010,FAI,AK,AAL,WE,Combined TRACON& Tower with Radar,34,43,20,8,105,0,109,214,13,336,34,152,234,21,441,108,0,108,549
07/17/2010,FAI,AK,AAL,WE,Combined TRACON& Tower with Radar,38,45,21,2,106,0,50,103,0,153,38,95,124,2,259,38,1,39,298
07/18/2010,FAI,AK,AAL,WE,Combined TRACON& Tower with Radar,32,32,31,1,96,0,47,195,0,242,32,79,226,1,338,198,0,198,536
07/19/2010,FAI,AK,AAL,WE,Combined TRACON& Tower with Radar,43,77,25,1,146,0,46,150,0,196,43,123,175,1,342,174,2,176,518
07/20/2010,FAI,AK,AAL,WE,Combined TRACON& Tower with Radar,38,69,26,7,140,0,57,182,0,239,38,126,208,7,379,132,0,132,511
07/21/2010,FAI,AK,AAL,WE,Combined TRACON& Tower with Radar,41,51,23,2,117,2,69,106,0,177,43,120,129,2,294,74,0,74,368
07/22/2010,FAI,AK,AAL,WE,Combined TRACON& Tower with Radar,46,70,40,3,159,1,57,147,0,205,47,127,187,3,364,63,2,65,429
07/23/2010,FAI,AK,AAL,WE,Combined TRACON& Tower with Radar,39,54,29,0,122,0,77,173,0,250,39,131,202,0,372,132,0,132,504
07/24/2010,FAI,AK,AAL,WE,Combined TRACON& Tower with Radar,37,46,24,0,107,0,46,143,0,189,37,92,167,0,296,132,0,132,428
07/25/2010,FAI,AK,AAL,WE,Combined TRACON& Tower with Radar,33,29,41,3,106,0,41,172,6,219,33,70,213,9,325,148,0,148,473
07/26/2010,FAI,AK,AAL,WE,Combined TRACON& Tower with Radar,38,38,20,1,97,0,84,168,0,252,38,122,188,1,349,160,2,162,511
07/27/2010,FAI,AK,AAL,WE,Combined TRACON& Tower with Radar,40,73,26,11,150,1,61,121,1,184,41,134,147,12,334,232,8,240,574
07/28/2010,FAI,AK,AAL,WE,Combined TRACON& Tower with Radar,38,46,22,2,108,1,106,196,4,307,39,152,218,6,415,153,2,155,570
07/29/2010,FAI,AK,AAL,WE,Combined TRACON& Tower with Radar,38,56,39,10,143,0,82,112,10,204,38,138,151,20,347,132,0,132,479
07/30/2010,FAI,AK,AAL,WE,Combined TRACON& Tower with Radar,32,41,23,3,99,1,98,159,5,263,33,139,182,8,362,148,0,148,510
07/31/2010,FAI,AK,AAL,WE,Combined TRACON& Tower with Radar,31,19,29,4,83,0,63,211,6,280,31,82,240,10,363,99,0,99,462
08/01/2010,FAI,AK,AAL,WE,Combined TRACON& Tower with Radar,33,29,27,1,90,0,51,205,2,258,33,80,232,3,348,78,0,78,426
08/02/2010,FAI,AK,AAL,WE,Combined TRACON& Tower with Radar,39,29,18,2,88,0,86,154,3,243,39,115,172,5,331,126,0,126,457
08/03/2010,FAI,AK,AAL,WE,Combined TRACON& Tower with Radar,37,32,18,7,94,1,104,189,0,294,38,136,207,7,388,178,0,178,566
08/04/2010,FAI,AK,AAL,WE,Combined TRACON& Tower with Radar,35,35,9,5,84,0,112,166,5,283,35,147,175,10,367,110,0,110,477
08/05/2010,FAI,AK,AAL,WE,Combined TRACON& Tower with Radar,44,59,31,6,140,1,82,136,6,225,45,141,167,12,365,221,2,223,588
08/06/2010,FAI,AK,AAL,WE,Combined TRACON& Tower with Radar,39,87,25,0,151,0,49,88,1,138,39,136,113,1,289,39,0,39,328
08/07/2010,FAI,AK,AAL,WE,Combined TRACON& Tower with Radar,38,47,16,0,101,0,44,167,0,211,38,91,183,0,312,148,0,148,460
08/08/2010,FAI,AK,AAL,WE,Combined TRACON& Tower with Radar,33,27,30,5,95,0,59,192,1,252,33,86,222,6,347,156,0,156,503
08/09/2010,FAI,AK,AAL,WE,Combined TRACON& Tower with Radar,43,47,20,9,119,0,94,143,1,238,43,141,163,10,357,199,4,203,560
08/10/2010,FAI,AK,AAL,WE,Combined TRACON& Tower with Radar,40,48,17,8,113,2,87,140,3,232,42,135,157,11,345,154,0,154,499
08/11/2010,FAI,AK,AAL,WE,Combined TRACON& Tower with Radar,33,60,33,4,130,1,89,89,0,179,34,149,122,4,309,0,0,0,309
08/12/2010,FAI,AK,AAL,WE,Combined TRACON& Tower with Radar,47,57,41,4,149,0,97,145,2,244,47,154,186,6,393,182,0,182,575
08/13/2010,FAI,AK,AAL,WE,Combined TRACON& Tower with Radar,35,64,27,0,126,1,82,164,0,247,36,146,191,0,373,188,0,188,561
08/14/2010,FAI,AK,AAL,WE,Combined TRACON& Tower with Radar,36,24,28,2,90,0,68,193,0,261,36,92,221,2,351,184,0,184,535
08/15/2010,FAI,AK,AAL,WE,Combined TRACON& Tower with Radar,44,28,31,0,103,0,73,188,1,262,44,101,219,1,365,134,0,134,499
08/16/2010,FAI,AK,AAL,WE,Combined TRACON& Tower with Radar,45,36,9,4,94,2,109,172,0,283,47,145,181,4,377,196,0,196,573
08/17/2010,FAI,AK,AAL,WE,Combined TRACON& Tower with Radar,38,58,14,12,122,0,92,139,8,239,38,150,153,20,361,112,0,112,473
08/18/2010,FAI,AK,AAL,WE,Combined TRACON& Tower with Radar,36,99,23,4,162,0,53,53,0,106,36,152,76,4,268,16,0,16,284
08/19/2010,FAI,AK,AAL,WE,Combined TRACON& Tower with Radar,40,76,27,1,144,0,68,115,2,185,40,144,142,3,329,178,4,182,511
08/20/2010,FAI,AK,AAL,WE,Combined TRACON& Tower with Radar,30,53,24,2,109,0,114,190,2,306,30,167,214,4,415,248,0,248,663
08/21/2010,FAI,AK,AAL,WE,Combined TRACON& Tower with Radar,33,27,26,4,90,0,68,194,1,263,33,95,220,5,353,184,0,184,537
08/22/2010,FAI,AK,AAL,WE,Combined TRACON& Tower with Radar,29,30,40,1,100,0,59,191,0,250,29,89,231,1,350,180,0,180,530
08/23/2010,FAI,AK,AAL,WE,Combined TRACON& Tower with Radar,35,33,14,2,84,1,112,94,2,209,36,145,108,4,293,0,0,0,293
08/24/2010,FAI,AK,AAL,WE,Combined TRACON& Tower with Radar,39,37,22,10,108,1,98,153,1,253,40,135,175,11,361,100,2,102,463
08/25/2010,FAI,AK,AAL,WE,Combined TRACON& Tower with Radar,37,34,23,7,101,0,115,177,6,298,37,149,200,13,399,201,0,201,600
08/26/2010,FAI,AK,AAL,WE,Combined TRACON& Tower with Radar,38,28,19,8,93,0,134,227,3,364,38,162,246,11,457,342,6,348,805
08/27/2010,FAI,AK,AAL,WE,Combined TRACON& Tower with Radar,35,41,21,7,104,2,120,174,4,300,37,161,195,11,404,211,0,211,615
08/28/2010,FAI,AK,AAL,WE,Combined TRACON& Tower with Radar,37,56,20,0,113,0,11,39,0,50,37,67,59,0,163,0,0,0,163
08/29/2010,FAI,AK,AAL,WE,Combined TRACON& Tower with Radar,28,55,25,1,109,0,34,128,0,162,28,89,153,1,271,146,0,146,417
08/30/2010,FAI,AK,AAL,WE,Combined TRACON& Tower with Radar,44,41,27,7,119,2,106,180,1,289,46,147,207,8,408,182,0,182,590
08/31/2010,FAI,AK,AAL,WE,Combined TRACON& Tower with Radar,48,45,18,4,115,1,91,214,4,310,49,136,232,8,425,173,0,173,598
09/01/2010,FAI,AK,AAL,WE,Combined TRACON& Tower with Radar,34,40,16,12,102,1,105,172,2,280,35,145,188,14,382,221,0,221,603
09/02/2010,FAI,AK,AAL,WE,Combined TRACON& Tower with Radar,36,38,13,3,90,0,110,166,1,277,36,148,179,4,367,99,4,103,470
09/03/2010,FAI,AK,AAL,WE,Combined TRACON& Tower with Radar,31,70,21,9,131,1,62,200,3,266,32,132,221,12,397,90,8,98,495
09/04/2010,FAI,AK,AAL,WE,Combined TRACON& Tower with Radar,29,34,26,0,89,0,54,172,0,226,29,88,198,0,315,228,0,228,543
09/05/2010,FAI,AK,AAL,WE,Combined TRACON& Tower with Radar,28,51,13,1,93,0,45,123,1,169,28,96,136,2,262,52,0,52,314
09/06/2010,FAI,AK,AAL,WE,Combined TRACON& Tower with Radar,31,49,37,3,120,1,35,193,3,232,32,84,230,6,352,105,0,105,457
09/07/2010,FAI,AK,AAL,WE,Combined TRACON& Tower with Radar,32,53,15,10,110,0,77,94,4,175,32,130,109,14,285,78,0,78,363
09/08/2010,FAI,AK,AAL,WE,Combined TRACON& Tower with Radar,30,110,33,2,175,0,20,33,0,53,30,130,66,2,228,32,0,32,260
09/09/2010,FAI,AK,AAL,WE,Combined TRACON& Tower with Radar,38,42,22,2,104,1,98,155,1,255,39,140,177,3,359,33,0,33,392
09/10/2010,FAI,AK,AAL,WE,Combined TRACON& Tower with Radar,31,32,17,1,81,1,129,323,0,453,32,161,340,1,534,216,0,216,750
09/11/2010,FAI,AK,AAL,WE,Combined TRACON& Tower with Radar,27,20,30,5,82,0,81,253,2,336,27,101,283,7,418,189,0,189,607
09/12/2010,FAI,AK,AAL,WE,Combined TRACON& Tower with Radar,23,19,30,1,73,0,62,226,2,290,23,81,256,3,363,114,0,114,477
09/13/2010,FAI,AK,AAL,WE,Combined TRACON& Tower with Radar,30,31,26,5,92,0,94,232,2,328,30,125,258,7,420,125,0,125,545
09/14/2010,FAI,AK,AAL,WE,Combined TRACON& Tower with Radar,39,42,22,7,110,1,96,156,9,262,40,138,178,16,372,124,0,124,496
09/15/2010,FAI,AK,AAL,WE,Combined TRACON& Tower with Radar,64,39,23,2,128,1,120,212,3,336,65,159,235,5,464,204,0,204,668
09/16/2010,FAI,AK,AAL,WE,Combined TRACON& Tower with Radar,48,46,28,2,124,1,116,182,3,302,49,162,210,5,426,116,0,116,542
09/17/2010,FAI,AK,AAL,WE,Combined TRACON& Tower with Radar,46,46,24,0,116,1,100,203,5,309,47,146,227,5,425,130,0,130,555
09/18/2010,FAI,AK,AAL,WE,Combined TRACON& Tower with Radar,36,29,20,5,90,0,72,184,15,271,36,101,204,20,361,168,0,168,529
09/19/2010,FAI,AK,AAL,WE,Combined TRACON& Tower with Radar,72,22,28,2,124,0,77,201,7,285,72,99,229,9,409,149,0,149,558
09/20/2010,FAI,AK,AAL,WE,Combined TRACON& Tower with Radar,41,36,22,2,101,1,107,142,2,252,42,143,164,4,353,124,0,124,477
09/21/2010,FAI,AK,AAL,WE,Combined TRACON& Tower with Radar,27,26,16,3,72,0,82,128,0,210,27,108,144,3,282,104,0,104,386
09/22/2010,FAI,AK,AAL,WE,Combined TRACON& Tower with Radar,27,33,13,7,80,1,94,111,0,206,28,127,124,7,286,20,0,20,306
09/23/2010,FAI,AK,AAL,WE,Combined TRACON& Tower with Radar,37,33,17,6,93,1,103,109,3,216,38,136,126,9,309,32,0,32,341
09/24/2010,FAI,AK,AAL,WE,Combined TRACON& Tower with Radar,30,37,18,3,88,1,106,121,1,229,31,143,139,4,317,22,0,22,339
09/25/2010,FAI,AK,AAL,WE,Combined TRACON& Tower with Radar,28,29,16,2,75,0,81,135,1,217,28,110,151,3,292,156,0,156,448
09/26/2010,FAI,AK,AAL,WE,Combined TRACON& Tower with Radar,25,35,20,2,82,0,68,113,4,185,25,103,133,6,267,84,0,84,351
09/27/2010,FAI,AK,AAL,WE,Combined TRACON& Tower with Radar,32,31,9,3,75,0,93,133,1,227,32,124,142,4,302,96,0,96,398
09/28/2010,FAI,AK,AAL,WE,Combined TRACON& Tower with Radar,27,32,16,1,76,1,83,141,5,230,28,115,157,6,306,180,0,180,486
09/29/2010,FAI,AK,AAL,WE,Combined TRACON& Tower with Radar,26,41,23,3,93,0,70,106,3,179,26,111,129,6,272,125,0,125,397
09/30/2010,FAI,AK,AAL,WE,Combined TRACON& Tower with Radar,30,44,15,7,96,0,52,102,5,159,30,96,117,12,255,87,0,87,342
10/01/2010,FAI,AK,AAL,WE,Combined TRACON& Tower with Radar,27,42,20,3,92,0,71,75,5,151,27,113,95,8,243,194,0,194,437
10/02/2010,FAI,AK,AAL,WE,Combined TRACON& Tower with Radar,21,19,13,3,56,0,45,91,3,139,21,64,104,6,195,220,0,220,415
10/03/2010,FAI,AK,AAL,WE,Combined TRACON& Tower with Radar,23,22,16,2,63,0,32,99,0,131,23,54,115,2,194,162,0,162,356
10/04/2010,FAI,AK,AAL,WE,Combined TRACON& Tower with Radar,29,37,14,3,83,0,66,83,5,154,29,103,97,8,237,98,0,98,335
10/05/2010,FAI,AK,AAL,WE,Combined TRACON& Tower with Radar,26,41,21,14,102,0,71,101,0,172,26,112,122,14,274,124,8,132,406
10/06/2010,FAI,AK,AAL,WE,Combined TRACON& Tower with Radar,25,73,15,2,115,0,41,39,1,81,25,114,54,3,196,38,2,40,236
10/07/2010,FAI,AK,AAL,WE,Combined TRACON& Tower with Radar,31,92,15,0,138,0,2,15,0,17,31,94,30,0,155,12,0,12,167
10/08/2010,FAI,AK,AAL,WE,Combined TRACON& Tower with Radar,31,87,43,10,171,0,29,75,5,109,31,116,118,15,280,122,0,122,402
10/09/2010,FAI,AK,AAL,WE,Combined TRACON& Tower with Radar,22,32,23,0,77,0,51,92,0,143,22,83,115,0,220,114,16,130,350
10/10/2010,FAI,AK,AAL,WE,Combined TRACON& Tower with Radar,25,44,6,0,75,0,12,17,0,29,25,56,23,0,104,28,0,28,132
10/11/2010,FAI,AK,AAL,WE,Combined TRACON& Tower with Radar,30,81,8,1,120,1,6,57,1,65,31,87,65,2,185,22,0,22,207
10/12/2010,FAI,AK,AAL,WE,Combined TRACON& Tower with Radar,24,99,18,0,141,0,21,19,0,40,24,120,37,0,181,63,0,63,244
10/13/2010,FAI,AK,AAL,WE,Combined TRACON& Tower with Radar,22,84,19,0,125,0,20,10,0,30,22,104,29,0,155,0,0,0,155
10/14/2010,FAI,AK,AAL,WE,Combined TRACON& Tower with Radar,31,42,16,1,90,0,80,74,5,159,31,122,90,6,249,146,14,160,409
10/15/2010,FAI,AK,AAL,WE,Combined TRACON& Tower with Radar,27,50,13,9,99,4,82,56,3,145,31,132,69,12,244,81,0,81,325
10/16/2010,FAI,AK,AAL,WE,Combined TRACON& Tower with Radar,18,29,15,1,63,0,51,103,3,157,18,80,118,4,220,88,0,88,308
10/17/2010,FAI,AK,AAL,WE,Combined TRACON& Tower with Radar,25,33,13,2,73,0,43,53,0,96,25,76,66,2,169,114,0,114,283
10/18/2010,FAI,AK,AAL,WE,Combined TRACON& Tower with Radar,29,70,24,0,123,0,39,29,0,68,29,109,53,0,191,20,0,20,211
10/19/2010,FAI,AK,AAL,WE,Combined TRACON& Tower with Radar,28,80,11,3,122,0,31,3,5,39,28,111,14,8,161,4,0,4,165
10/20/2010,FAI,AK,AAL,WE,Combined TRACON& Tower with Radar,23,42,7,3,75,0,95,52,1,148,23,137,59,4,223,46,0,46,269
10/21/2010,FAI,AK,AAL,WE,Combined TRACON& Tower with Radar,31,31,19,2,83,1,109,60,3,173,32,140,79,5,256,188,0,188,444
10/22/2010,FAI,AK,AAL,WE,Combined TRACON& Tower with Radar,25,30,9,2,66,1,86,79,5,171,26,116,88,7,237,104,0,104,341
10/23/2010,FAI,AK,AAL,WE,Combined TRACON& Tower with Radar,20,19,18,6,63,0,66,68,0,134,20,85,86,6,197,112,0,112,309
10/24/2010,FAI,AK,AAL,WE,Combined TRACON& Tower with Radar,21,34,19,2,76,0,40,52,4,96,21,74,71,6,172,104,0,104,276
10/25/2010,FAI,AK,AAL,WE,Combined TRACON& Tower with Radar,30,35,8,4,77,0,68,59,0,127,30,103,67,4,204,39,8,47,251
10/26/2010,FAI,AK,AAL,WE,Combined TRACON& Tower with Radar,25,73,29,7,134,0,36,23,0,59,25,109,52,7,193,32,0,32,225
10/27/2010,FAI,AK,AAL,WE,Combined TRACON& Tower with Radar,26,41,12,6,85,1,72,50,0,123,27,113,62,6,208,60,0,60,268
10/28/2010,FAI,AK,AAL,WE,Combined TRACON& Tower with Radar,29,42,6,2,79,0,57,35,0,92,29,99,41,2,171,86,0,86,257
10/29/2010,FAI,AK,AAL,WE,Combined TRACON& Tower with Radar,27,92,22,9,150,0,0,5,1,6,27,92,27,10,156,11,0,11,167
10/30/2010,FAI,AK,AAL,WE,Combined TRACON& Tower with Radar,23,28,14,1,66,0,26,45,0,71,23,54,59,1,137,64,0,64,201
10/31/2010,FAI,AK,AAL,WE,Combined TRACON& Tower with Radar,22,18,10,8,58,0,34,57,11,102,22,52,67,19,160,102,0,102,262
11/01/2010,FAI,AK,AAL,WE,Combined TRACON& Tower with Radar,28,32,8,2,70,0,70,57,0,127,28,102,65,2,197,28,0,28,225
11/02/2010,FAI,AK,AAL,WE,Combined TRACON& Tower with Radar,31,43,20,7,101,1,71,31,1,104,32,114,51,8,205,60,0,60,265
11/03/2010,FAI,AK,AAL,WE,Combined TRACON& Tower with Radar,26,33,2,8,69,0,79,46,3,128,26,112,48,11,197,66,4,70,267
11/04/2010,FAI,AK,AAL,WE,Combined TRACON& Tower with Radar,27,57,10,15,109,0,55,26,7,88,27,112,36,22,197,92,0,92,289
11/05/2010,FAI,AK,AAL,WE,Combined TRACON& Tower with Radar,31,50,14,7,102,3,73,52,10,138,34,123,66,17,240,136,16,152,392
11/06/2010,FAI,AK,AAL,WE,Combined TRACON& Tower with Radar,21,32,15,8,76,0,40,49,0,89,21,72,64,8,165,52,0,52,217
11/07/2010,FAI,AK,AAL,WE,Combined TRACON& Tower with Radar,22,48,11,0,81,0,2,0,0,2,22,50,11,0,83,0,0,0,83
11/08/2010,FAI,AK,AAL,WE,Combined TRACON& Tower with Radar,26,73,9,5,113,0,28,27,0,55,26,101,36,5,168,38,0,38,206
11/09/2010,FAI,AK,AAL,WE,Combined TRACON& Tower with Radar,29,91,12,13,145,0,10,3,0,13,29,101,15,13,158,10,0,10,168
11/10/2010,FAI,AK,AAL,WE,Combined TRACON& Tower with Radar,24,65,20,8,117,0,58,63,1,122,24,123,83,9,239,88,0,88,327
11/11/2010,FAI,AK,AAL,WE,Combined TRACON& Tower with Radar,29,29,4,1,63,1,67,49,3,120,30,96,53,4,183,66,0,66,249
11/12/2010,FAI,AK,AAL,WE,Combined TRACON& Tower with Radar,25,34,20,2,81,0,71,43,7,121,25,105,63,9,202,0,0,0,202
11/13/2010,FAI,AK,AAL,WE,Combined TRACON& Tower with Radar,21,47,10,0,78,0,6,24,0,30,21,53,34,0,108,82,0,82,190
11/14/2010,FAI,AK,AAL,WE,Combined TRACON& Tower with Radar,25,43,6,7,81,0,11,15,0,26,25,54,21,7,107,52,0,52,159
11/15/2010,FAI,AK,AAL,WE,Combined TRACON& Tower with Radar,33,55,23,10,121,0,38,23,0,61,33,93,46,10,182,50,0,50,232
11/16/2010,FAI,AK,AAL,WE,Combined TRACON& Tower with Radar,23,48,10,2,83,0,39,26,0,65,23,87,36,2,148,10,0,10,158
11/17/2010,FAI,AK,AAL,WE,Combined TRACON& Tower with Radar,22,30,5,3,60,0,67,34,1,102,22,97,39,4,162,0,0,0,162
11/18/2010,FAI,AK,AAL,WE,Combined TRACON& Tower with Radar,28,66,5,14,113,0,41,25,2,68,28,107,30,16,181,34,0,34,215
11/19/2010,FAI,AK,AAL,WE,Combined TRACON& Tower with Radar,27,33,6,7,73,1,64,53,1,119,28,97,59,8,192,89,0,89,281
11/20/2010,FAI,AK,AAL,WE,Combined TRACON& Tower with Radar,24,51,7,1,83,0,0,4,0,4,24,51,11,1,87,0,0,0,87
11/21/2010,FAI,AK,AAL,WE,Combined TRACON& Tower with Radar,32,45,17,1,95,0,21,30,0,51,32,66,47,1,146,54,0,54,200
11/22/2010,FAI,AK,AAL,WE,Combined TRACON& Tower with Radar,17,4,2,0,23,0,0,0,0,0,17,4,2,0,23,0,0,0,23
11/23/2010,FAI,AK,AAL,WE,Combined TRACON& Tower with Radar,26,22,0,0,48,0,0,0,0,0,26,22,0,0,48,0,0,0,48
11/24/2010,FAI,AK,AAL,WE,Combined TRACON& Tower with Radar,26,46,4,0,76,0,0,1,0,1,26,46,5,0,77,0,0,0,77
11/25/2010,FAI,AK,AAL,WE,Combined TRACON& Tower with Radar,18,26,4,0,48,0,1,6,0,7,18,27,10,0,55,0,0,0,55
11/26/2010,FAI,AK,AAL,WE,Combined TRACON& Tower with Radar,15,98,4,0,117,0,9,14,0,23,15,107,18,0,140,3,0,3,143
11/27/2010,FAI,AK,AAL,WE,Combined TRACON& Tower with Radar,22,42,12,5,81,0,27,18,1,46,22,69,30,6,127,72,0,72,199
11/28/2010,FAI,AK,AAL,WE,Combined TRACON& Tower with Radar,27,42,4,0,73,0,16,6,0,22,27,58,10,0,95,14,0,14,109
11/29/2010,FAI,AK,AAL,WE,Combined TRACON& Tower with Radar,32,29,7,3,71,0,71,16,3,90,32,100,23,6,161,14,0,14,175
11/30/2010,FAI,AK,AAL,WE,Combined TRACON& Tower with Radar,29,29,4,8,70,2,61,27,4,94,31,90,31,12,164,8,8,16,180
12/01/2010,FAI,AK,AAL,WE,Combined TRACON& Tower with Radar,26,32,3,12,73,0,72,21,7,100,26,104,24,19,173,6,0,6,179
12/02/2010,FAI,AK,AAL,WE,Combined TRACON& Tower with Radar,34,36,6,2,78,0,59,36,1,96,34,95,42,3,174,15,2,17,191
12/03/2010,FAI,AK,AAL,WE,Combined TRACON& Tower with Radar,22,46,3,4,75,0,58,86,4,148,22,104,89,8,223,38,0,38,261
12/04/2010,FAI,AK,AAL,WE,Combined TRACON& Tower with Radar,21,43,12,0,76,0,21,46,0,67,21,64,58,0,143,26,0,26,169
12/05/2010,FAI,AK,AAL,WE,Combined TRACON& Tower with Radar,22,25,7,6,60,0,44,41,0,85,22,69,48,6,145,14,0,14,159
12/06/2010,FAI,AK,AAL,WE,Combined TRACON& Tower with Radar,28,28,3,1,60,1,56,42,0,99,29,84,45,1,159,20,2,22,181
12/07/2010,FAI,AK,AAL,WE,Combined TRACON& Tower with Radar,24,37,6,2,69,1,59,29,2,91,25,96,35,4,160,22,0,22,182
12/08/2010,FAI,AK,AAL,WE,Combined TRACON& Tower with Radar,22,42,8,10,82,1,79,23,0,103,23,121,31,10,185,6,1,7,192
12/09/2010,FAI,AK,AAL,WE,Combined TRACON& Tower with Radar,27,51,8,16,102,0,53,8,2,63,27,104,16,18,165,14,0,14,179
12/10/2010,FAI,AK,AAL,WE,Combined TRACON& Tower with Radar,26,40,2,6,74,0,68,16,0,84,26,108,18,6,158,0,0,0,158
12/11/2010,FAI,AK,AAL,WE,Combined TRACON& Tower with Radar,20,14,5,0,39,1,39,32,0,72,21,53,37,0,111,20,0,20,131
12/12/2010,FAI,AK,AAL,WE,Combined TRACON& Tower with Radar,21,30,1,0,52,0,23,3,0,26,21,53,4,0,78,1,0,1,79
12/13/2010,FAI,AK,AAL,WE,Combined TRACON& Tower with Radar,28,74,11,7,120,0,8,1,0,9,28,82,12,7,129,0,0,0,129
12/14/2010,FAI,AK,AAL,WE,Combined TRACON& Tower with Radar,24,43,10,10,87,0,74,22,4,100,24,117,32,14,187,2,0,2,189
12/15/2010,FAI,AK,AAL,WE,Combined TRACON& Tower with Radar,23,38,5,10,76,2,64,14,4,84,25,102,19,14,160,2,0,2,162
12/16/2010,FAI,AK,AAL,WE,Combined TRACON& Tower with Radar,21,36,5,17,79,0,60,10,3,73,21,96,15,20,152,4,0,4,156
12/17/2010,FAI,AK,AAL,WE,Combined TRACON& Tower with Radar,22,47,9,8,86,1,51,2,0,54,23,98,11,8,140,0,0,0,140
12/18/2010,FAI,AK,AAL,WE,Combined TRACON& Tower with Radar,26,24,16,3,69,0,36,14,3,53,26,60,30,6,122,4,0,4,126
12/19/2010,FAI,AK,AAL,WE,Combined TRACON& Tower with Radar,25,28,7,1,61,0,36,19,0,55,25,64,26,1,116,2,3,5,121
12/20/2010,FAI,AK,AAL,WE,Combined TRACON& Tower with Radar,32,42,21,1,96,0,84,28,0,112,32,126,49,1,208,14,0,14,222
12/21/2010,FAI,AK,AAL,WE,Combined TRACON& Tower with Radar,24,40,9,10,83,0,84,16,2,102,24,124,25,12,185,0,0,0,185
12/22/2010,FAI,AK,AAL,WE,Combined TRACON& Tower with Radar,25,56,14,6,101,0,72,31,2,105,25,128,45,8,206,20,1,21,227
12/23/2010,FAI,AK,AAL,WE,Combined TRACON& Tower with Radar,28,41,7,0,76,1,75,15,1,92,29,116,22,1,168,18,1,19,187
12/24/2010,FAI,AK,AAL,WE,Combined TRACON& Tower with Radar,25,32,2,0,59,0,51,13,0,64,25,83,15,0,123,0,0,0,123
12/25/2010,FAI,AK,AAL,WE,Combined TRACON& Tower with Radar,13,0,0,0,13,0,0,5,0,5,13,0,5,0,18,8,0,8,26
12/26/2010,FAI,AK,AAL,WE,Combined TRACON& Tower with Radar,24,16,1,0,41,0,25,24,0,49,24,41,25,0,90,10,0,10,100
12/27/2010,FAI,AK,AAL,WE,Combined TRACON& Tower with Radar,34,42,9,5,90,0,47,13,0,60,34,89,22,5,150,18,0,18,168
12/28/2010,FAI,AK,AAL,WE,Combined TRACON& Tower with Radar,28,68,24,11,131,0,44,19,1,64,28,112,43,12,195,28,0,28,223
12/29/2010,FAI,AK,AAL,WE,Combined TRACON& Tower with Radar,24,44,8,8,84,1,52,27,3,83,25,96,35,11,167,0,0,0,167
12/30/2010,FAI,AK,AAL,WE,Combined TRACON& Tower with Radar,29,39,15,3,86,0,59,56,5,120,29,98,71,8,206,49,0,49,255
12/31/2010,FAI,AK,AAL,WE,Combined TRACON& Tower with Radar,25,48,11,2,86,0,24,27,2,53,25,72,38,4,139,0,0,0,139
01/01/2011,FAI,AK,AAL,WE,Combined TRACON& Tower with Radar,9,12,22,0,43,0,5,31,0,36,9,17,53,0,79,40,0,40,119
01/02/2011,FAI,AK,AAL,WE,Combined TRACON& Tower with Radar,24,19,11,2,56,0,30,37,6,73,24,49,48,8,129,96,0,96,225
01/03/2011,FAI,AK,AAL,WE,Combined TRACON& Tower with Radar,31,24,10,5,70,0,64,49,0,113,31,88,59,5,183,52,0,52,235
01/04/2011,FAI,AK,AAL,WE,Combined TRACON& Tower with Radar,29,55,7,12,103,0,49,34,5,88,29,104,41,17,191,12,0,12,203
01/05/2011,FAI,AK,AAL,WE,Combined TRACON& Tower with Radar,24,61,10,4,99,0,61,50,1,112,24,122,60,5,211,62,0,62,273
01/06/2011,FAI,AK,AAL,WE,Combined TRACON& Tower with Radar,35,71,5,8,119,0,5,2,0,7,35,76,7,8,126,16,0,16,142
01/07/2011,FAI,AK,AAL,WE,Combined TRACON& Tower with Radar,33,81,9,12,135,0,7,7,0,14,33,88,16,12,149,4,0,4,153
01/08/2011,FAI,AK,AAL,WE,Combined TRACON& Tower with Radar,31,37,15,1,84,0,31,55,1,87,31,68,70,2,171,82,0,82,253
01/09/2011,FAI,AK,AAL,WE,Combined TRACON& Tower with Radar,30,23,10,14,77,0,29,47,0,76,30,52,57,14,153,56,0,56,209
01/10/2011,FAI,AK,AAL,WE,Combined TRACON& Tower with Radar,33,37,13,14,97,0,67,22,0,89,33,104,35,14,186,17,0,17,203
01/11/2011,FAI,AK,AAL,WE,Combined TRACON& Tower with Radar,29,44,12,7,92,0,81,29,1,111,29,125,41,8,203,30,0,30,233
01/12/2011,FAI,AK,AAL,WE,Combined TRACON& Tower with Radar,22,41,14,3,80,0,84,42,0,126,22,125,56,3,206,48,0,48,254
01/13/2011,FAI,AK,AAL,WE,Combined TRACON& Tower with Radar,28,44,11,7,90,0,85,32,0,117,28,129,43,7,207,6,0,6,213
01/14/2011,FAI,AK,AAL,WE,Combined TRACON& Tower with Radar,26,26,4,6,62,1,80,26,1,108,27,106,30,7,170,42,0,42,212
01/15/2011,FAI,AK,AAL,WE,Combined TRACON& Tower with Radar,25,16,8,0,49,0,34,13,0,47,25,50,21,0,96,28,0,28,124
01/16/2011,FAI,AK,AAL,WE,Combined TRACON& Tower with Radar,24,26,24,2,76,0,33,10,0,43,24,59,34,2,119,1,0,1,120
01/17/2011,FAI,AK,AAL,WE,Combined TRACON& Tower with Radar,34,22,5,0,61,0,48,15,0,63,34,70,20,0,124,0,0,0,124
01/18/2011,FAI,AK,AAL,WE,Combined TRACON& Tower with Radar,27,35,11,5,78,0,69,16,4,89,27,104,27,9,167,8,0,8,175
01/19/2011,FAI,AK,AAL,WE,Combined TRACON& Tower with Radar,22,31,4,6,63,0,76,11,0,87,22,107,15,6,150,6,0,6,156
01/20/2011,FAI,AK,AAL,WE,Combined TRACON& Tower with Radar,33,32,5,4,74,0,66,10,0,76,33,98,15,4,150,4,1,5,155
01/21/2011,FAI,AK,AAL,WE,Combined TRACON& Tower with Radar,25,35,6,5,71,0,56,6,0,62,25,91,12,5,133,0,0,0,133
01/22/2011,FAI,AK,AAL,WE,Combined TRACON& Tower with Radar,24,21,8,0,53,0,34,11,0,45,24,55,19,0,98,2,0,2,100
01/23/2011,FAI,AK,AAL,WE,Combined TRACON& Tower with Radar,25,20,2,0,47,0,32,6,0,38,25,52,8,0,85,0,0,0,85
01/24/2011,FAI,AK,AAL,WE,Combined TRACON& Tower with Radar,28,32,8,5,73,1,55,21,3,80,29,87,29,8,153,30,0,30,183
01/25/2011,FAI,AK,AAL,WE,Combined TRACON& Tower with Radar,25,27,15,4,71,0,60,57,4,121,25,87,72,8,192,50,0,50,242
01/26/2011,FAI,AK,AAL,WE,Combined TRACON& Tower with Radar,24,33,3,2,62,0,63,36,2,101,24,96,39,4,163,22,1,23,186
01/27/2011,FAI,AK,AAL,WE,Combined TRACON& Tower with Radar,27,33,10,5,75,0,57,39,1,97,27,90,49,6,172,10,0,10,182
01/28/2011,FAI,AK,AAL,WE,Combined TRACON& Tower with Radar,26,30,13,1,70,1,79,40,3,123,27,109,53,4,193,29,0,29,222
01/29/2011,FAI,AK,AAL,WE,Combined TRACON& Tower with Radar,24,17,18,0,59,0,51,41,0,92,24,68,59,0,151,60,0,60,211
01/30/2011,FAI,AK,AAL,WE,Combined TRACON& Tower with Radar,24,18,8,0,50,0,33,48,2,83,24,51,56,2,133,72,0,72,205
01/31/2011,FAI,AK,AAL,WE,Combined TRACON& Tower with Radar,31,25,16,4,76,0,69,49,8,126,31,94,65,12,202,43,0,43,245
02/01/2011,FAI,AK,AAL,WE,Combined TRACON& Tower with Radar,25,41,7,0,73,0,70,40,1,111,25,111,47,1,184,34,0,34,218
02/02/2011,FAI,AK,AAL,WE,Combined TRACON& Tower with Radar,23,66,10,4,103,0,39,14,0,53,23,105,24,4,156,0,0,0,156
02/03/2011,FAI,AK,AAL,WE,Combined TRACON& Tower with Radar,32,63,11,8,114,0,26,7,0,33,32,89,18,8,147,30,0,30,177
02/04/2011,FAI,AK,AAL,WE,Combined TRACON& Tower with Radar,23,33,12,2,70,0,62,27,0,89,23,95,39,2,159,0,0,0,159
02/05/2011,FAI,AK,AAL,WE,Combined TRACON& Tower with Radar,20,12,6,0,38,0,41,46,1,88,20,53,52,1,126,52,0,52,178
02/06/2011,FAI,AK,AAL,WE,Combined TRACON& Tower with Radar,22,15,7,0,44,0,27,30,0,57,22,42,37,0,101,16,0,16,117
02/07/2011,FAI,AK,AAL,WE,Combined TRACON& Tower with Radar,30,26,15,6,77,0,75,33,0,108,30,101,48,6,185,4,0,4,189
02/08/2011,FAI,AK,AAL,WE,Combined TRACON& Tower with Radar,26,37,6,8,77,0,57,73,0,130,26,94,79,8,207,14,0,14,221
02/09/2011,FAI,AK,AAL,WE,Combined TRACON& Tower with Radar,27,73,7,4,111,0,23,14,0,37,27,96,21,4,148,20,0,20,168
02/10/2011,FAI,AK,AAL,WE,Combined TRACON& Tower with Radar,29,59,11,6,105,0,43,27,0,70,29,102,38,6,175,10,0,10,185
02/11/2011,FAI,AK,AAL,WE,Combined TRACON& Tower with Radar,26,67,12,6,111,0,23,8,0,31,26,90,20,6,142,32,0,32,174
02/12/2011,FAI,AK,AAL,WE,Combined TRACON& Tower with Radar,20,16,6,0,42,0,55,28,0,83,20,71,34,0,125,24,0,24,149
02/13/2011,FAI,AK,AAL,WE,Combined TRACON& Tower with Radar,26,25,7,14,72,0,25,3,0,28,26,50,10,14,100,0,0,0,100
02/14/2011,FAI,AK,AAL,WE,Combined TRACON& Tower with Radar,25,27,7,6,65,0,65,10,0,75,25,92,17,6,140,8,0,8,148
02/15/2011,FAI,AK,AAL,WE,Combined TRACON& Tower with Radar,22,32,14,12,80,0,64,27,7,98,22,96,41,19,178,14,0,14,192
02/16/2011,FAI,AK,AAL,WE,Combined TRACON& Tower with Radar,28,37,11,13,89,0,68,21,1,90,28,105,32,14,179,4,13,17,196
02/17/2011,FAI,AK,AAL,WE,Combined TRACON& Tower with Radar,31,42,8,7,88,0,51,30,3,84,31,93,38,10,172,0,0,0,172
02/18/2011,FAI,AK,AAL,WE,Combined TRACON& Tower with Radar,26,70,9,0,105,0,20,10,0,30,26,90,19,0,135,12,0,12,147
02/19/2011,FAI,AK,AAL,WE,Combined TRACON& Tower with Radar,27,36,8,0,71,0,22,20,0,42,27,58,28,0,113,12,0,12,125
02/20/2011,FAI,AK,AAL,WE,Combined TRACON& Tower with Radar,25,41,10,0,76,0,0,1,0,1,25,41,11,0,77,0,0,0,77
02/21/2011,FAI,AK,AAL,WE,Combined TRACON& Tower with Radar,29,32,3,2,66,0,6,0,0,6,29,38,3,2,72,0,0,0,72
02/22/2011,FAI,AK,AAL,WE,Combined TRACON& Tower with Radar,30,30,7,9,76,1,89,52,1,143,31,119,59,10,219,8,0,8,227
02/23/2011,FAI,AK,AAL,WE,Combined TRACON& Tower with Radar,22,29,6,16,73,0,73,40,0,113,22,102,46,16,186,0,0,0,186
02/24/2011,FAI,AK,AAL,WE,Combined TRACON& Tower with Radar,24,39,13,4,80,1,64,55,0,120,25,103,68,4,200,16,0,16,216
02/25/2011,FAI,AK,AAL,WE,Combined TRACON& Tower with Radar,24,52,3,0,79,0,23,11,0,34,24,75,14,0,113,6,0,6,119
02/26/2011,FAI,AK,AAL,WE,Combined TRACON& Tower with Radar,30,17,7,4,58,0,45,59,2,106,30,62,66,6,164,12,0,12,176
02/27/2011,FAI,AK,AAL,WE,Combined TRACON& Tower with Radar,25,15,14,1,55,0,46,51,1,98,25,61,65,2,153,24,0,24,177
02/28/2011,FAI,AK,AAL,WE,Combined TRACON& Tower with Radar,33,27,11,8,79,0,65,62,0,127,33,92,73,8,206,26,0,26,232
03/01/2011,FAI,AK,AAL,WE,Combined TRACON& Tower with Radar,28,28,8,12,76,0,64,52,0,116,28,92,60,12,192,62,0,62,254
03/02/2011,FAI,AK,AAL,WE,Combined TRACON& Tower with Radar,28,30,16,6,80,2,76,78,2,158,30,106,94,8,238,54,0,54,292
03/03/2011,FAI,AK,AAL,WE,Combined TRACON& Tower with Radar,32,38,12,3,85,0,71,66,1,138,32,109,78,4,223,68,0,68,291
03/04/2011,FAI,AK,AAL,WE,Combined TRACON& Tower with Radar,22,26,14,4,66,0,82,61,2,145,22,108,75,6,211,12,0,12,223
03/05/2011,FAI,AK,AAL,WE,Combined TRACON& Tower with Radar,25,15,13,0,53,1,52,74,0,127,26,67,87,0,180,98,0,98,278
03/06/2011,FAI,AK,AAL,WE,Combined TRACON& Tower with Radar,24,27,14,0,65,0,36,93,0,129,24,63,107,0,194,82,0,82,276
03/07/2011,FAI,AK,AAL,WE,Combined TRACON& Tower with Radar,31,34,24,3,92,0,84,62,0,146,31,118,86,3,238,28,10,38,276
03/08/2011,FAI,AK,AAL,WE,Combined TRACON& Tower with Radar,23,30,9,6,68,0,101,86,8,195,23,131,95,14,263,109,0,109,372
03/09/2011,FAI,AK,AAL,WE,Combined TRACON& Tower with Radar,26,39,14,9,88,1,81,64,10,156,27,120,78,19,244,116,0,116,360
03/10/2011,FAI,AK,AAL,WE,Combined TRACON& Tower with Radar,31,22,11,4,68,0,69,86,4,159,31,91,97,8,227,136,0,136,363
03/11/2011,FAI,AK,AAL,WE,Combined TRACON& Tower with Radar,29,37,21,9,96,0,88,82,7,177,29,125,103,16,273,76,0,76,349
03/12/2011,FAI,AK,AAL,WE,Combined TRACON& Tower with Radar,22,23,16,0,61,0,59,74,0,133,22,82,90,0,194,162,2,164,358
03/13/2011,FAI,AK,AAL,WE,Combined TRACON& Tower with Radar,29,28,14,1,72,0,45,60,1,106,29,73,74,2,178,48,0,48,226
03/14/2011,FAI,AK,AAL,WE,Combined TRACON& Tower with Radar,32,21,18,6,77,0,76,38,5,119,32,97,56,11,196,40,0,40,236
03/15/2011,FAI,AK,AAL,WE,Combined TRACON& Tower with Radar,26,32,9,15,82,0,71,93,0,164,26,103,102,15,246,62,0,62,308
03/16/2011,FAI,AK,AAL,WE,Combined TRACON& Tower with Radar,26,31,13,5,75,0,87,79,1,167,26,118,92,6,242,60,0,60,302
03/17/2011,FAI,AK,AAL,WE,Combined TRACON& Tower with Radar,31,32,12,12,87,0,74,57,0,131,31,106,69,12,218,76,0,76,294
03/18/2011,FAI,AK,AAL,WE,Combined TRACON& Tower with Radar,31,25,10,8,74,0,76,71,8,155,31,101,81,16,229,132,1,133,362
03/19/2011,FAI,AK,AAL,WE,Combined TRACON& Tower with Radar,27,17,16,1,61,0,57,90,0,147,27,74,106,1,208,103,28,131,339
03/20/2011,FAI,AK,AAL,WE,Combined TRACON& Tower with Radar,29,21,17,5,72,0,59,107,1,167,29,80,124,6,239,84,0,84,323
03/21/2011,FAI,AK,AAL,WE,Combined TRACON& Tower with Radar,30,23,6,4,63,1,88,60,20,169,31,111,66,24,232,88,0,88,320
03/22/2011,FAI,AK,AAL,WE,Combined TRACON& Tower with Radar,29,31,11,8,79,0,83,61,4,148,29,114,72,12,227,81,0,81,308
03/23/2011,FAI,AK,AAL,WE,Combined TRACON& Tower with Radar,26,25,18,10,79,0,77,65,3,145,26,102,83,13,224,46,0,46,270
03/24/2011,FAI,AK,AAL,WE,Combined TRACON& Tower with Radar,32,32,11,4,79,0,70,75,3,148,32,102,86,7,227,104,2,106,333
03/25/2011,FAI,AK,AAL,WE,Combined TRACON& Tower with Radar,28,35,24,6,93,1,72,124,0,197,29,107,148,6,290,79,0,79,369
03/26/2011,FAI,AK,AAL,WE,Combined TRACON& Tower with Radar,24,25,27,1,77,1,40,112,16,169,25,65,139,17,246,122,0,122,368
03/27/2011,FAI,AK,AAL,WE,Combined TRACON& Tower with Radar,30,23,8,4,65,0,38,66,2,106,30,61,74,6,171,58,0,58,229
03/28/2011,FAI,AK,AAL,WE,Combined TRACON& Tower with Radar,36,45,15,22,118,0,51,43,5,99,36,96,58,27,217,74,0,74,291
03/29/2011,FAI,AK,AAL,WE,Combined TRACON& Tower with Radar,32,44,24,9,109,1,66,79,3,149,33,110,103,12,258,166,0,166,424
03/30/2011,FAI,AK,AAL,WE,Combined TRACON& Tower with Radar,29,48,15,5,97,1,67,53,4,125,30,115,68,9,222,78,0,78,300
03/31/2011,FAI,AK,AAL,WE,Combined TRACON& Tower with Radar,33,40,7,18,98,0,78,61,11,150,33,118,68,29,248,144,0,144,392
04/01/2011,FAI,AK,AAL,WE,Combined TRACON& Tower with Radar,29,25,11,0,65,0,70,45,0,115,29,95,56,0,180,83,0,83,263
04/02/2011,FAI,AK,AAL,WE,Combined TRACON& Tower with Radar,23,21,11,0,55,0,38,59,1,98,23,59,70,1,153,136,0,136,289
04/03/2011,FAI,AK,AAL,WE,Combined TRACON& Tower with Radar,28,28,29,0,85,0,45,63,0,108,28,73,92,0,193,64,0,64,257
04/04/2011,FAI,AK,AAL,WE,Combined TRACON& Tower with Radar,30,51,16,2,99,0,59,60,0,119,30,110,76,2,218,128,0,128,346
04/05/2011,FAI,AK,AAL,WE,Combined TRACON& Tower with Radar,27,82,16,12,137,0,24,17,0,41,27,106,33,12,178,0,0,0,178
04/06/2011,FAI,AK,AAL,WE,Combined TRACON& Tower with Radar,28,50,10,11,99,0,48,31,5,84,28,98,41,16,183,0,0,0,183
04/07/2011,FAI,AK,AAL,WE,Combined TRACON& Tower with Radar,40,51,4,3,98,0,24,16,1,41,40,75,20,4,139,0,0,0,139
04/08/2011,FAI,AK,AAL,WE,Combined TRACON& Tower with Radar,29,66,11,4,110,1,69,65,2,137,30,135,76,6,247,102,2,104,351
04/09/2011,FAI,AK,AAL,WE,Combined TRACON& Tower with Radar,24,29,12,14,79,0,48,94,0,142,24,77,106,14,221,108,4,112,333
04/10/2011,FAI,AK,AAL,WE,Combined TRACON& Tower with Radar,30,26,17,1,74,0,43,94,1,138,30,69,111,2,212,114,0,114,326
04/11/2011,FAI,AK,AAL,WE,Combined TRACON& Tower with Radar,31,26,14,6,77,0,78,77,3,158,31,104,91,9,235,177,0,177,412
04/12/2011,FAI,AK,AAL,WE,Combined TRACON& Tower with Radar,26,39,9,5,79,0,83,77,1,161,26,122,86,6,240,134,0,134,374
04/13/2011,FAI,AK,AAL,WE,Combined TRACON& Tower with Radar,25,39,16,7,87,0,80,68,3,151,25,119,84,10,238,62,0,62,300
04/14/2011,FAI,AK,AAL,WE,Combined TRACON& Tower with Radar,33,26,8,4,71,0,76,42,4,122,33,102,50,8,193,74,0,74,267
04/15/2011,FAI,AK,AAL,WE,Combined TRACON& Tower with Radar,31,28,16,10,85,0,78,87,1,166,31,106,103,11,251,126,0,126,377
04/16/2011,FAI,AK,AAL,WE,Combined TRACON& Tower with Radar,25,6,19,14,64,0,47,106,4,157,25,53,125,18,221,122,0,122,343
04/17/2011,FAI,AK,AAL,WE,Combined TRACON& Tower with Radar,29,23,20,4,76,0,59,113,7,179,29,82,133,11,255,140,0,140,395
04/18/2011,FAI,AK,AAL,WE,Combined TRACON& Tower with Radar,31,34,4,5,74,1,82,74,2,159,32,116,78,7,233,76,0,76,309
04/19/2011,FAI,AK,AAL,WE,Combined TRACON& Tower with Radar,27,22,14,4,67,0,68,63,3,134,27,90,77,7,201,58,0,58,259
04/20/2011,FAI,AK,AAL,WE,Combined TRACON& Tower with Radar,29,27,8,1,65,1,88,72,2,163,30,115,80,3,228,77,0,77,305
04/21/2011,FAI,AK,AAL,WE,Combined TRACON& Tower with Radar,34,34,13,0,81,0,63,58,2,123,34,97,71,2,204,126,0,126,330
04/22/2011,FAI,AK,AAL,WE,Combined TRACON& Tower with Radar,25,40,6,2,73,1,85,59,3,148,26,125,65,5,221,142,0,142,363
04/23/2011,FAI,AK,AAL,WE,Combined TRACON& Tower with Radar,22,20,14,1,57,0,41,61,0,102,22,61,75,1,159,100,0,100,259
04/24/2011,FAI,AK,AAL,WE,Combined TRACON& Tower with Radar,24,17,9,1,51,0,28,67,0,95,24,45,76,1,146,110,0,110,256
04/25/2011,FAI,AK,AAL,WE,Combined TRACON& Tower with Radar,31,38,9,6,84,0,111,83,0,194,31,149,92,6,278,99,0,99,377
04/26/2011,FAI,AK,AAL,WE,Combined TRACON& Tower with Radar,26,42,10,6,84,0,71,76,1,148,26,113,86,7,232,108,2,110,342
04/27/2011,FAI,AK,AAL,WE,Combined TRACON& Tower with Radar,30,86,23,11,150,0,53,38,8,99,30,139,61,19,249,114,0,114,363
04/28/2011,FAI,AK,AAL,WE,Combined TRACON& Tower with Radar,31,48,15,17,111,1,77,82,15,175,32,125,97,32,286,172,10,182,468
04/29/2011,FAI,AK,AAL,WE,Combined TRACON& Tower with Radar,26,26,19,10,81,1,91,79,0,171,27,117,98,10,252,134,0,134,386
04/30/2011,FAI,AK,AAL,WE,Combined TRACON& Tower with Radar,22,23,21,4,70,0,52,95,8,155,22,75,116,12,225,132,0,132,357
05/01/2011,FAI,AK,AAL,WE,Combined TRACON& Tower with Radar,26,31,12,2,71,0,42,61,2,105,26,73,73,4,176,148,0,148,324
05/02/2011,FAI,AK,AAL,WE,Combined TRACON& Tower with Radar,29,52,8,9,98,0,49,48,2,99,29,101,56,11,197,152,28,180,377
05/03/2011,FAI,AK,AAL,WE,Combined TRACON& Tower with Radar,28,40,15,6,89,2,64,60,31,157,30,104,75,37,246,100,0,100,346
05/04/2011,FAI,AK,AAL,WE,Combined TRACON& Tower with Radar,28,28,23,4,83,1,88,105,4,198,29,116,128,8,281,116,0,116,397
05/05/2011,FAI,AK,AAL,WE,Combined TRACON& Tower with Radar,31,22,16,9,78,2,79,88,0,169,33,101,104,9,247,152,6,158,405
05/06/2011,FAI,AK,AAL,WE,Combined TRACON& Tower with Radar,28,37,18,4,87,0,91,91,3,185,28,128,109,7,272,168,0,168,440
05/07/2011,FAI,AK,AAL,WE,Combined TRACON& Tower with Radar,22,36,23,0,81,0,49,89,0,138,22,85,112,0,219,66,0,66,285
05/08/2011,FAI,AK,AAL,WE,Combined TRACON& Tower with Radar,24,14,15,0,53,0,36,109,0,145,24,50,124,0,198,116,0,116,314
05/09/2011,FAI,AK,AAL,WE,Combined TRACON& Tower with Radar,31,24,12,4,71,1,80,117,0,198,32,104,129,4,269,172,0,172,441
05/10/2011,FAI,AK,AAL,WE,Combined TRACON& Tower with Radar,29,41,15,15,100,0,69,58,0,127,29,110,73,15,227,46,36,82,309
05/11/2011,FAI,AK,AAL,WE,Combined TRACON& Tower with Radar,30,36,20,0,86,0,77,74,0,151,30,113,94,0,237,54,0,54,291
05/12/2011,FAI,AK,AAL,WE,Combined TRACON& Tower with Radar,34,27,17,19,97,0,93,67,6,166,34,120,84,25,263,119,6,125,388
05/13/2011,FAI,AK,AAL,WE,Combined TRACON& Tower with Radar,33,67,18,3,121,1,75,70,2,148,34,142,88,5,269,170,0,170,439
05/14/2011,FAI,AK,AAL,WE,Combined TRACON& Tower with Radar,25,21,12,1,59,0,56,193,0,249,25,77,205,1,308,169,0,169,477
05/15/2011,FAI,AK,AAL,WE,Combined TRACON& Tower with Radar,25,20,12,1,58,1,40,100,5,146,26,60,112,6,204,74,0,74,278
05/16/2011,FAI,AK,AAL,WE,Combined TRACON& Tower with Radar,38,29,14,11,92,2,90,101,1,194,40,119,115,12,286,161,4,165,451
05/17/2011,FAI,AK,AAL,WE,Combined TRACON& Tower with Radar,31,27,10,2,70,1,84,79,0,164,32,111,89,2,234,90,0,90,324
05/18/2011,FAI,AK,AAL,WE,Combined TRACON& Tower with Radar,31,38,7,6,82,2,90,104,0,196,33,128,111,6,278,180,4,184,462
05/19/2011,FAI,AK,AAL,WE,Combined TRACON& Tower with Radar,34,41,11,0,86,1,87,104,4,196,35,128,115,4,282,125,0,125,407
05/20/2011,FAI,AK,AAL,WE,Combined TRACON& Tower with Radar,34,58,17,8,117,0,118,97,4,219,34,176,114,12,336,73,4,77,413
05/21/2011,FAI,AK,AAL,WE,Combined TRACON& Tower with Radar,28,37,17,0,82,0,103,152,0,255,28,140,169,0,337,186,0,186,523
05/22/2011,FAI,AK,AAL,WE,Combined TRACON& Tower with Radar,28,23,11,3,65,0,52,167,0,219,28,75,178,3,284,168,0,168,452
05/23/2011,FAI,AK,AAL,WE,Combined TRACON& Tower with Radar,39,40,9,3,91,1,83,175,4,263,40,123,184,7,354,199,0,199,553
05/24/2011,FAI,AK,AAL,WE,Combined TRACON& Tower with Radar,32,27,16,7,82,1,80,148,6,235,33,107,164,13,317,124,0,124,441
05/25/2011,FAI,AK,AAL,WE,Combined TRACON& Tower with Radar,35,42,22,3,102,1,90,169,6,266,36,132,191,9,368,127,0,127,495
05/26/2011,FAI,AK,AAL,WE,Combined TRACON& Tower with Radar,37,31,20,1,89,1,86,159,4,250,38,117,179,5,339,144,0,144,483
05/27/2011,FAI,AK,AAL,WE,Combined TRACON& Tower with Radar,38,33,23,6,100,1,107,224,0,332,39,140,247,6,432,168,0,168,600
05/28/2011,FAI,AK,AAL,WE,Combined TRACON& Tower with Radar,31,22,20,0,73,1,59,190,0,250,32,81,210,0,323,140,0,140,463
05/29/2011,FAI,AK,AAL,WE,Combined TRACON& Tower with Radar,29,16,9,0,54,0,44,121,0,165,29,60,130,0,219,44,0,44,263
05/30/2011,FAI,AK,AAL,WE,Combined TRACON& Tower with Radar,34,20,17,0,71,0,34,176,0,210,34,54,193,0,281,148,0,148,429
05/31/2011,FAI,AK,AAL,WE,Combined TRACON& Tower with Radar,35,32,26,4,97,0,69,155,10,234,35,101,181,14,331,147,1,148,479
06/01/2011,FAI,AK,AAL,WE,Combined TRACON& Tower with Radar,37,38,17,2,94,1,83,132,4,220,38,121,149,6,314,102,0,102,416
06/02/2011,FAI,AK,AAL,WE,Combined TRACON& Tower with Radar,38,50,24,16,128,2,77,174,1,254,40,127,198,17,382,104,0,104,486
06/03/2011,FAI,AK,AAL,WE,Combined TRACON& Tower with Radar,40,34,19,2,95,0,95,106,1,202,40,129,125,3,297,140,0,140,437
06/04/2011,FAI,AK,AAL,WE,Combined TRACON& Tower with Radar,29,28,19,13,89,0,69,173,1,243,29,97,192,14,332,264,6,270,602
06/05/2011,FAI,AK,AAL,WE,Combined TRACON& Tower with Radar,28,26,30,0,84,0,72,150,0,222,28,98,180,0,306,142,0,142,448
06/06/2011,FAI,AK,AAL,WE,Combined TRACON& Tower with Radar,37,40,22,4,103,1,107,175,5,288,38,147,197,9,391,180,0,180,571
06/07/2011,FAI,AK,AAL,WE,Combined TRACON& Tower with Radar,37,39,28,4,108,2,105,149,8,264,39,144,177,12,372,128,0,128,500
06/08/2011,FAI,AK,AAL,WE,Combined TRACON& Tower with Radar,35,69,21,5,130,2,85,142,1,230,37,154,163,6,360,246,0,246,606
06/09/2011,FAI,AK,AAL,WE,Combined TRACON& Tower with Radar,40,96,40,5,181,1,35,97,0,133,41,131,137,5,314,151,0,151,465
06/10/2011,FAI,AK,AAL,WE,Combined TRACON& Tower with Radar,38,39,14,6,97,1,106,148,5,260,39,145,162,11,357,185,0,185,542
06/11/2011,FAI,AK,AAL,WE,Combined TRACON& Tower with Radar,29,25,19,9,82,1,60,163,0,224,30,85,182,9,306,224,0,224,530
06/12/2011,FAI,AK,AAL,WE,Combined TRACON& Tower with Radar,32,22,15,0,69,0,48,155,0,203,32,70,170,0,272,252,0,252,524
06/13/2011,FAI,AK,AAL,WE,Combined TRACON& Tower with Radar,43,63,17,14,137,0,48,85,3,136,43,111,102,17,273,78,8,86,359
06/14/2011,FAI,AK,AAL,WE,Combined TRACON& Tower with Radar,40,64,27,9,140,0,77,134,1,212,40,141,161,10,352,147,0,147,499
06/15/2011,FAI,AK,AAL,WE,Combined TRACON& Tower with Radar,39,82,39,4,164,0,55,101,3,159,39,137,140,7,323,193,0,193,516
06/16/2011,FAI,AK,AAL,WE,Combined TRACON& Tower with Radar,42,46,25,6,119,0,91,166,0,257,42,137,191,6,376,232,0,232,608
06/17/2011,FAI,AK,AAL,WE,Combined TRACON& Tower with Radar,40,39,19,3,101,0,103,160,5,268,40,142,179,8,369,158,0,158,527
06/18/2011,FAI,AK,AAL,WE,Combined TRACON& Tower with Radar,30,30,23,0,83,0,77,165,5,247,30,107,188,5,330,235,0,235,565
06/19/2011,FAI,AK,AAL,WE,Combined TRACON& Tower with Radar,31,18,23,1,73,0,44,152,1,197,31,62,175,2,270,100,1,101,371
06/20/2011,FAI,AK,AAL,WE,Combined TRACON& Tower with Radar,44,58,17,6,125,1,69,106,0,176,45,127,123,6,301,92,0,92,393
06/21/2011,FAI,AK,AAL,WE,Combined TRACON& Tower with Radar,35,55,19,8,117,1,71,146,3,221,36,126,165,11,338,155,0,155,493
06/22/2011,FAI,AK,AAL,WE,Combined TRACON& Tower with Radar,42,86,48,16,192,0,27,87,2,116,42,113,135,18,308,120,1,121,429
06/23/2011,FAI,AK,AAL,WE,Combined TRACON& Tower with Radar,44,51,23,7,125,0,75,130,2,207,44,126,153,9,332,140,0,140,472
06/24/2011,FAI,AK,AAL,WE,Combined TRACON& Tower with Radar,37,35,20,1,93,1,136,188,1,326,38,171,208,2,419,196,0,196,615
06/25/2011,FAI,AK,AAL,WE,Combined TRACON& Tower with Radar,31,27,25,0,83,0,75,204,0,279,31,102,229,0,362,196,0,196,558
06/26/2011,FAI,AK,AAL,WE,Combined TRACON& Tower with Radar,31,34,28,5,98,0,25,122,1,148,31,59,150,6,246,185,0,185,431
06/27/2011,FAI,AK,AAL,WE,Combined TRACON& Tower with Radar,45,38,11,4,98,0,92,116,1,209,45,130,127,5,307,136,0,136,443
06/28/2011,FAI,AK,AAL,WE,Combined TRACON& Tower with Radar,38,104,35,5,182,0,18,21,1,40,38,122,56,6,222,0,0,0,222
06/29/2011,FAI,AK,AAL,WE,Combined TRACON& Tower with Radar,37,109,50,4,200,0,39,109,1,149,37,148,159,5,349,74,0,74,423
06/30/2011,FAI,AK,AAL,WE,Combined TRACON& Tower with Radar,43,99,19,10,171,0,42,67,2,111,43,141,86,12,282,0,0,0,282
07/01/2011,FAI,AK,AAL,WE,Combined TRACON& Tower with Radar,38,64,17,0,119,2,91,168,0,261,40,155,185,0,380,249,0,249,629
07/02/2011,FAI,AK,AAL,WE,Combined TRACON& Tower with Radar,30,29,11,7,77,0,66,134,0,200,30,95,145,7,277,156,0,156,433
07/03/2011,FAI,AK,AAL,WE,Combined TRACON& Tower with Radar,26,55,25,1,107,0,16,69,0,85,26,71,94,1,192,28,0,28,220
07/04/2011,FAI,AK,AAL,WE,Combined TRACON& Tower with Radar,31,22,18,2,73,1,15,105,0,121,32,37,123,2,194,86,0,86,280
07/05/2011,FAI,AK,AAL,WE,Combined TRACON& Tower with Radar,33,43,23,11,110,1,95,206,0,302,34,138,229,11,412,162,0,162,574
07/06/2011,FAI,AK,AAL,WE,Combined TRACON& Tower with Radar,36,34,18,11,99,2,100,192,3,297,38,134,210,14,396,158,0,158,554
07/07/2011,FAI,AK,AAL,WE,Combined TRACON& Tower with Radar,39,43,18,4,104,0,100,152,0,252,39,143,170,4,356,126,0,126,482
07/08/2011,FAI,AK,AAL,WE,Combined TRACON& Tower with Radar,36,34,10,4,84,1,99,142,3,245,37,133,152,7,329,106,0,106,435
07/09/2011,FAI,AK,AAL,WE,Combined TRACON& Tower with Radar,29,16,15,1,61,0,64,171,1,236,29,80,186,2,297,239,0,239,536
07/10/2011,FAI,AK,AAL,WE,Combined TRACON& Tower with Radar,30,23,13,0,66,0,48,220,27,295,30,71,233,27,361,132,0,132,493
07/11/2011,FAI,AK,AAL,WE,Combined TRACON& Tower with Radar,40,34,12,14,100,0,90,159,1,250,40,124,171,15,350,144,0,144,494
07/12/2011,FAI,AK,AAL,WE,Combined TRACON& Tower with Radar,38,73,33,3,147,0,44,116,2,162,38,117,149,5,309,118,0,118,427
07/13/2011,FAI,AK,AAL,WE,Combined TRACON& Tower with Radar,36,40,19,6,101,2,82,193,2,279,38,122,212,8,380,186,0,186,566
07/14/2011,FAI,AK,AAL,WE,Combined TRACON& Tower with Radar,42,38,18,14,112,0,88,186,5,279,42,126,204,19,391,172,0,172,563
07/15/2011,FAI,AK,AAL,WE,Combined TRACON& Tower with Radar,37,43,22,3,105,3,95,208,3,309,40,138,230,6,414,296,2,298,712
07/16/2011,FAI,AK,AAL,WE,Combined TRACON& Tower with Radar,29,43,18,4,94,1,53,108,0,162,30,96,126,4,256,174,0,174,430
07/17/2011,FAI,AK,AAL,WE,Combined TRACON& Tower with Radar,31,21,29,7,88,0,40,192,5,237,31,61,221,12,325,188,0,188,513
07/18/2011,FAI,AK,AAL,WE,Combined TRACON& Tower with Radar,41,57,25,11,134,5,62,87,1,155,46,119,112,12,289,110,1,111,400
07/19/2011,FAI,AK,AAL,WE,Combined TRACON& Tower with Radar,33,37,17,9,96,1,89,132,1,223,34,126,149,10,319,168,1,169,488
07/20/2011,FAI,AK,AAL,WE,Combined TRACON& Tower with Radar,36,34,21,0,91,3,107,180,0,290,39,141,201,0,381,203,0,203,584
07/21/2011,FAI,AK,AAL,WE,Combined TRACON& Tower with Radar,42,40,19,7,108,0,102,167,2,271,42,142,186,9,379,151,0,151,530
07/22/2011,FAI,AK,AAL,WE,Combined TRACON& Tower with Radar,36,38,16,8,98,1,109,185,6,301,37,147,201,14,399,155,0,155,554
07/23/2011,FAI,AK,AAL,WE,Combined TRACON& Tower with Radar,30,23,27,2,82,0,78,172,1,251,30,101,199,3,333,213,0,213,546
07/24/2011,FAI,AK,AAL,WE,Combined TRACON& Tower with Radar,30,34,25,4,93,0,30,126,2,158,30,64,151,6,251,132,0,132,383
07/25/2011,FAI,AK,AAL,WE,Combined TRACON& Tower with Radar,38,49,12,0,99,0,81,146,6,233,38,130,158,6,332,242,0,242,574
07/26/2011,FAI,AK,AAL,WE,Combined TRACON& Tower with Radar,35,59,13,1,108,1,62,83,0,146,36,121,96,1,254,0,0,0,254
07/27/2011,FAI,AK,AAL,WE,Combined TRACON& Tower with Radar,34,85,41,13,173,0,59,49,1,109,34,144,90,14,282,0,0,0,282
07/28/2011,FAI,AK,AAL,WE,Combined TRACON& Tower with Radar,42,80,27,2,151,1,45,73,0,119,43,125,100,2,270,0,0,0,270
07/29/2011,FAI,AK,AAL,WE,Combined TRACON& Tower with Radar,37,48,10,3,98,0,83,104,4,191,37,131,114,7,289,0,0,0,289
07/30/2011,FAI,AK,AAL,WE,Combined TRACON& Tower with Radar,31,54,16,0,101,0,26,51,0,77,31,80,67,0,178,66,0,66,244
07/31/2011,FAI,AK,AAL,WE,Combined TRACON& Tower with Radar,29,51,19,0,99,0,22,142,1,165,29,73,161,1,264,220,0,220,484
08/01/2011,FAI,AK,AAL,WE,Combined TRACON& Tower with Radar,38,44,20,1,103,1,79,146,1,227,39,123,166,2,330,266,0,266,596
08/02/2011,FAI,AK,AAL,WE,Combined TRACON& Tower with Radar,32,52,19,6,109,0,51,181,0,232,32,103,200,6,341,194,0,194,535
08/03/2011,FAI,AK,AAL,WE,Combined TRACON& Tower with Radar,36,57,34,9,136,2,101,139,2,244,38,158,173,11,380,193,12,205,585
08/04/2011,FAI,AK,AAL,WE,Combined TRACON& Tower with Radar,38,35,23,11,107,0,114,159,2,275,38,149,182,13,382,100,8,108,490
08/05/2011,FAI,AK,AAL,WE,Combined TRACON& Tower with Radar,35,72,38,1,146,0,77,92,3,172,35,149,130,4,318,128,0,128,446
08/06/2011,FAI,AK,AAL,WE,Combined TRACON& Tower with Radar,33,19,27,1,80,0,84,264,1,349,33,103,291,2,429,192,0,192,621
08/07/2011,FAI,AK,AAL,WE,Combined TRACON& Tower with Radar,31,63,30,0,124,0,32,87,0,119,31,95,117,0,243,184,0,184,427
08/08/2011,FAI,AK,AAL,WE,Combined TRACON& Tower with Radar,40,50,20,6,116,1,122,139,0,262,41,172,159,6,378,229,0,229,607
08/09/2011,FAI,AK,AAL,WE,Combined TRACON& Tower with Radar,33,85,31,4,153,0,71,58,0,129,33,156,89,4,282,70,0,70,352
08/10/2011,FAI,AK,AAL,WE,Combined TRACON& Tower with Radar,38,72,28,4,142,1,75,93,71,240,39,147,121,75,382,104,0,104,486
08/11/2011,FAI,AK,AAL,WE,Combined TRACON& Tower with Radar,40,63,26,5,134,3,86,147,0,236,43,149,173,5,370,76,2,78,448
08/12/2011,FAI,AK,AAL,WE,Combined TRACON& Tower with Radar,40,42,23,7,112,0,106,251,0,357,40,148,274,7,469,178,0,178,647
08/13/2011,FAI,AK,AAL,WE,Combined TRACON& Tower with Radar,33,59,37,0,129,0,16,51,0,67,33,75,88,0,196,46,0,46,242
08/14/2011,FAI,AK,AAL,WE,Combined TRACON& Tower with Radar,31,61,36,2,130,0,23,84,0,107,31,84,120,2,237,194,0,194,431
08/15/2011,FAI,AK,AAL,WE,Combined TRACON& Tower with Radar,40,46,14,12,112,0,98,106,0,204,40,144,120,12,316,126,0,126,442
08/16/2011,FAI,AK,AAL,WE,Combined TRACON& Tower with Radar,29,44,27,6,106,0,104,168,1,273,29,148,195,7,379,228,0,228,607
08/17/2011,FAI,AK,AAL,WE,Combined TRACON& Tower with Radar,34,44,26,11,115,4,111,90,3,208,38,155,116,14,323,0,0,0,323
08/18/2011,FAI,AK,AAL,WE,Combined TRACON& Tower with Radar,37,54,16,5,112,0,86,144,1,231,37,140,160,6,343,216,0,216,559
08/19/2011,FAI,AK,AAL,WE,Combined TRACON& Tower with Radar,35,36,25,1,97,0,125,159,0,284,35,161,184,1,381,130,0,130,511
08/20/2011,FAI,AK,AAL,WE,Combined TRACON& Tower with Radar,28,67,22,2,119,0,46,77,1,124,28,113,99,3,243,164,0,164,407
08/21/2011,FAI,AK,AAL,WE,Combined TRACON& Tower with Radar,28,52,23,1,104,0,10,55,0,65,28,62,78,1,169,100,0,100,269
08/22/2011,FAI,AK,AAL,WE,Combined TRACON& Tower with Radar,36,69,24,5,134,0,65,184,0,249,36,134,208,5,383,224,0,224,607
08/23/2011,FAI,AK,AAL,WE,Combined TRACON& Tower with Radar,31,63,20,5,119,1,90,112,1,204,32,153,132,6,323,176,0,176,499
08/24/2011,FAI,AK,AAL,WE,Combined TRACON& Tower with Radar,31,47,19,12,109,0,90,148,38,276,31,137,167,50,385,211,0,211,596
08/25/2011,FAI,AK,AAL,WE,Combined TRACON& Tower with Radar,37,45,23,1,106,0,91,193,1,285,37,136,216,2,391,147,0,147,538
08/26/2011,FAI,AK,AAL,WE,Combined TRACON& Tower with Radar,33,42,27,0,102,2,123,177,0,302,35,165,204,0,404,260,0,260,664
08/27/2011,FAI,AK,AAL,WE,Combined TRACON& Tower with Radar,31,16,25,0,72,1,75,217,0,293,32,91,242,0,365,111,18,129,494
08/28/2011,FAI,AK,AAL,WE,Combined TRACON& Tower with Radar,28,27,14,0,69,0,57,184,0,241,28,84,198,0,310,168,0,168,478
08/29/2011,FAI,AK,AAL,WE,Combined TRACON& Tower with Radar,39,28,27,5,99,0,108,196,1,305,39,136,223,6,404,170,0,170,574
08/30/2011,FAI,AK,AAL,WE,Combined TRACON& Tower with Radar,29,52,22,9,112,0,120,194,5,319,29,172,216,14,431,55,0,55,486
08/31/2011,FAI,AK,AAL,WE,Combined TRACON& Tower with Radar,36,48,27,3,114,0,127,235,4,366,36,175,262,7,480,132,0,132,612
09/01/2011,FAI,AK,AAL,WE,Combined TRACON& Tower with Radar,42,90,38,10,180,0,65,155,0,220,42,155,193,10,400,7,0,7,407
09/02/2011,FAI,AK,AAL,WE,Combined TRACON& Tower with Radar,34,47,17,2,100,0,124,191,4,319,34,171,208,6,419,139,0,139,558
09/03/2011,FAI,AK,AAL,WE,Combined TRACON& Tower with Radar,28,37,25,20,110,0,58,188,1,247,28,95,213,21,357,166,0,166,523
09/04/2011,FAI,AK,AAL,WE,Combined TRACON& Tower with Radar,26,27,20,0,73,0,62,205,0,267,26,89,225,0,340,78,0,78,418
09/05/2011,FAI,AK,AAL,WE,Combined TRACON& Tower with Radar,32,26,13,0,71,0,47,239,0,286,32,73,252,0,357,195,0,195,552
09/06/2011,FAI,AK,AAL,WE,Combined TRACON& Tower with Radar,32,64,23,4,123,0,64,139,0,203,32,128,162,4,326,118,0,118,444
09/07/2011,FAI,AK,AAL,WE,Combined TRACON& Tower with Radar,30,49,31,4,114,0,103,196,1,300,30,152,227,5,414,176,0,176,590
09/08/2011,FAI,AK,AAL,WE,Combined TRACON& Tower with Radar,35,60,28,0,123,0,96,229,2,327,35,156,257,2,450,184,0,184,634
09/09/2011,FAI,AK,AAL,WE,Combined TRACON& Tower with Radar,34,97,35,3,169,0,66,160,2,228,34,163,195,5,397,136,0,136,533
09/10/2011,FAI,AK,AAL,WE,Combined TRACON& Tower with Radar,26,59,25,0,110,0,35,109,0,144,26,94,134,0,254,28,0,28,282
09/11/2011,FAI,AK,AAL,WE,Combined TRACON& Tower with Radar,26,31,41,2,100,0,71,278,0,349,26,102,319,2,449,72,0,72,521
09/12/2011,FAI,AK,AAL,WE,Combined TRACON& Tower with Radar,31,33,20,5,89,0,106,206,3,315,31,139,226,8,404,190,0,190,594
09/13/2011,FAI,AK,AAL,WE,Combined TRACON& Tower with Radar,31,31,21,6,89,2,101,190,5,298,33,132,211,11,387,208,0,208,595
09/14/2011,FAI,AK,AAL,WE,Combined TRACON& Tower with Radar,27,31,23,13,94,0,107,201,4,312,27,138,224,17,406,84,0,84,490
09/15/2011,FAI,AK,AAL,WE,Combined TRACON& Tower with Radar,31,67,32,10,140,0,90,144,0,234,31,157,176,10,374,38,0,38,412
09/16/2011,FAI,AK,AAL,WE,Combined TRACON& Tower with Radar,27,62,19,2,110,0,110,182,0,292,27,172,201,2,402,150,0,150,552
09/17/2011,FAI,AK,AAL,WE,Combined TRACON& Tower with Radar,21,35,18,2,76,0,70,186,1,257,21,105,204,3,333,166,0,166,499
09/18/2011,FAI,AK,AAL,WE,Combined TRACON& Tower with Radar,24,42,13,5,84,0,48,194,3,245,24,90,207,8,329,120,0,120,449
09/19/2011,FAI,AK,AAL,WE,Combined TRACON& Tower with Radar,32,44,26,2,104,1,92,164,1,258,33,136,190,3,362,94,0,94,456
09/20/2011,FAI,AK,AAL,WE,Combined TRACON& Tower with Radar,25,47,22,5,99,0,92,96,5,193,25,139,118,10,292,72,0,72,364
09/21/2011,FAI,AK,AAL,WE,Combined TRACON& Tower with Radar,29,36,25,0,90,2,111,219,0,332,31,147,244,0,422,75,0,75,497
09/22/2011,FAI,AK,AAL,WE,Combined TRACON& Tower with Radar,33,50,29,4,116,1,91,140,1,233,34,141,169,5,349,114,0,114,463
09/23/2011,FAI,AK,AAL,WE,Combined TRACON& Tower with Radar,28,53,23,14,118,1,75,184,2,262,29,128,207,16,380,121,0,121,501
09/24/2011,FAI,AK,AAL,WE,Combined TRACON& Tower with Radar,21,29,24,3,77,0,47,115,0,162,21,76,139,3,239,117,0,117,356
09/25/2011,FAI,AK,AAL,WE,Combined TRACON& Tower with Radar,23,35,21,4,83,1,48,154,0,203,24,83,175,4,286,100,0,100,386
09/26/2011,FAI,AK,AAL,WE,Combined TRACON& Tower with Radar,33,54,22,7,116,0,86,102,0,188,33,140,124,7,304,130,0,130,434
09/27/2011,FAI,AK,AAL,WE,Combined TRACON& Tower with Radar,26,55,25,8,114,0,93,79,3,175,26,148,104,11,289,116,0,116,405
09/28/2011,FAI,AK,AAL,WE,Combined TRACON& Tower with Radar,26,56,23,1,106,0,77,118,0,195,26,133,141,1,301,120,0,120,421
09/29/2011,FAI,AK,AAL,WE,Combined TRACON& Tower with Radar,32,44,24,2,102,0,67,73,0,140,32,111,97,2,242,230,0,230,472
09/30/2011,FAI,AK,AAL,WE,Combined TRACON& Tower with Radar,26,55,20,2,103,1,63,129,4,197,27,118,149,6,300,199,0,199,499
10/01/2011,FAI,AK,AAL,WE,Combined TRACON& Tower with Radar,23,17,11,0,51,0,41,147,0,188,23,58,158,0,239,182,0,182,421
10/02/2011,FAI,AK,AAL,WE,Combined TRACON& Tower with Radar,24,21,10,0,55,0,32,130,0,162,24,53,140,0,217,82,0,82,299
10/03/2011,FAI,AK,AAL,WE,Combined TRACON& Tower with Radar,30,32,5,2,69,0,77,78,2,157,30,109,83,4,226,78,0,78,304
10/04/2011,FAI,AK,AAL,WE,Combined TRACON& Tower with Radar,26,33,8,8,75,0,78,116,7,201,26,111,124,15,276,98,0,98,374
10/05/2011,FAI,AK,AAL,WE,Combined TRACON& Tower with Radar,24,45,12,2,83,2,82,85,6,175,26,127,97,8,258,134,0,134,392
10/06/2011,FAI,AK,AAL,WE,Combined TRACON& Tower with Radar,31,39,14,15,99,0,69,123,10,202,31,108,137,25,301,128,0,128,429
10/07/2011,FAI,AK,AAL,WE,Combined TRACON& Tower with Radar,28,44,14,6,92,0,52,139,6,197,28,96,153,12,289,230,0,230,519
10/08/2011,FAI,AK,AAL,WE,Combined TRACON& Tower with Radar,22,24,17,0,63,0,37,92,0,129,22,61,109,0,192,136,0,136,328
10/09/2011,FAI,AK,AAL,WE,Combined TRACON& Tower with Radar,22,17,16,0,55,0,36,85,0,121,22,53,101,0,176,110,0,110,286
10/10/2011,FAI,AK,AAL,WE,Combined TRACON& Tower with Radar,31,23,15,4,73,0,76,73,3,152,31,99,88,7,225,86,0,86,311
10/11/2011,FAI,AK,AAL,WE,Combined TRACON& Tower with Radar,25,50,13,2,90,0,57,45,6,108,25,107,58,8,198,60,0,60,258
10/12/2011,FAI,AK,AAL,WE,Combined TRACON& Tower with Radar,32,65,16,3,116,0,56,45,5,106,32,121,61,8,222,44,0,44,266
10/13/2011,FAI,AK,AAL,WE,Combined TRACON& Tower with Radar,32,82,10,7,131,0,23,28,1,52,32,105,38,8,183,60,0,60,243
10/14/2011,FAI,AK,AAL,WE,Combined TRACON& Tower with Radar,28,52,10,2,92,0,83,68,0,151,28,135,78,2,243,206,0,206,449
10/15/2011,FAI,AK,AAL,WE,Combined TRACON& Tower with Radar,24,25,7,1,57,0,38,65,1,104,24,63,72,2,161,179,0,179,340
10/16/2011,FAI,AK,AAL,WE,Combined TRACON& Tower with Radar,22,50,9,0,81,0,3,2,0,5,22,53,11,0,86,0,0,0,86
10/17/2011,FAI,AK,AAL,WE,Combined TRACON& Tower with Radar,33,89,4,6,132,0,0,3,0,3,33,89,7,6,135,1,0,1,136
10/18/2011,FAI,AK,AAL,WE,Combined TRACON& Tower with Radar,26,72,13,17,128,0,26,23,5,54,26,98,36,22,182,42,0,42,224
10/19/2011,FAI,AK,AAL,WE,Combined TRACON& Tower with Radar,27,103,11,8,149,0,12,13,0,25,27,115,24,8,174,0,0,0,174
10/20/2011,FAI,AK,AAL,WE,Combined TRACON& Tower with Radar,29,52,19,8,108,0,68,84,2,154,29,120,103,10,262,130,0,130,392
10/21/2011,FAI,AK,AAL,WE,Combined TRACON& Tower with Radar,26,55,10,8,99,0,89,71,14,174,26,144,81,22,273,110,0,110,383
10/22/2011,FAI,AK,AAL,WE,Combined TRACON& Tower with Radar,23,24,10,2,59,0,42,69,2,113,23,66,79,4,172,82,0,82,254
10/23/2011,FAI,AK,AAL,WE,Combined TRACON& Tower with Radar,25,45,9,0,79,0,20,21,0,41,25,65,30,0,120,0,0,0,120
10/24/2011,FAI,AK,AAL,WE,Combined TRACON& Tower with Radar,29,53,7,12,101,0,60,32,0,92,29,113,39,12,193,100,0,100,293
10/25/2011,FAI,AK,AAL,WE,Combined TRACON& Tower with Radar,26,51,12,4,93,0,63,46,6,115,26,114,58,10,208,84,0,84,292
10/26/2011,FAI,AK,AAL,WE,Combined TRACON& Tower with Radar,25,99,14,4,142,0,9,1,0,10,25,108,15,4,152,0,0,0,152
10/27/2011,FAI,AK,AAL,WE,Combined TRACON& Tower with Radar,33,50,29,4,116,0,65,62,2,129,33,115,91,6,245,66,0,66,311
10/28/2011,FAI,AK,AAL,WE,Combined TRACON& Tower with Radar,26,47,16,6,95,0,59,54,1,114,26,106,70,7,209,104,0,104,313
10/29/2011,FAI,AK,AAL,WE,Combined TRACON& Tower with Radar,22,23,13,0,58,1,44,55,0,100,23,67,68,0,158,118,0,118,276
10/30/2011,FAI,AK,AAL,WE,Combined TRACON& Tower with Radar,24,43,7,2,76,0,13,7,2,22,24,56,14,4,98,14,0,14,112
10/31/2011,FAI,AK,AAL,WE,Combined TRACON& Tower with Radar,29,40,18,4,91,0,61,48,0,109,29,101,66,4,200,144,0,144,344
11/01/2011,FAI,AK,AAL,WE,Combined TRACON& Tower with Radar,25,60,17,8,110,0,41,13,0,54,25,101,30,8,164,14,0,14,178
11/02/2011,FAI,AK,AAL,WE,Combined TRACON& Tower with Radar,26,82,23,6,137,0,34,11,0,45,26,116,34,6,182,34,0,34,216
11/03/2011,FAI,AK,AAL,WE,Combined TRACON& Tower with Radar,29,34,15,4,82,0,82,41,0,123,29,116,56,4,205,97,0,97,302
11/04/2011,FAI,AK,AAL,WE,Combined TRACON& Tower with Radar,28,66,20,4,118,0,29,19,0,48,28,95,39,4,166,78,0,78,244
11/05/2011,FAI,AK,AAL,WE,Combined TRACON& Tower with Radar,23,23,14,0,60,0,35,52,0,87,23,58,66,0,147,110,0,110,257
11/06/2011,FAI,AK,AAL,WE,Combined TRACON& Tower with Radar,22,35,7,2,66,0,18,19,0,37,22,53,26,2,103,30,0,30,133
11/07/2011,FAI,AK,AAL,WE,Combined TRACON& Tower with Radar,26,78,10,2,116,0,11,12,0,23,26,89,22,2,139,10,0,10,149
11/08/2011,FAI,AK,AAL,WE,Combined TRACON& Tower with Radar,29,50,9,12,100,1,63,36,2,102,30,113,45,14,202,84,0,84,286
11/09/2011,FAI,AK,AAL,WE,Combined TRACON& Tower with Radar,24,50,9,2,85,0,34,24,0,58,24,84,33,2,143,14,0,14,157
11/10/2011,FAI,AK,AAL,WE,Combined TRACON& Tower with Radar,30,99,8,2,139,0,8,2,2,12,30,107,10,4,151,0,0,0,151
11/11/2011,FAI,AK,AAL,WE,Combined TRACON& Tower with Radar,31,62,15,1,109,0,54,45,0,99,31,116,60,1,208,64,0,64,272
11/12/2011,FAI,AK,AAL,WE,Combined TRACON& Tower with Radar,21,28,5,0,54,0,31,39,0,70,21,59,44,0,124,22,0,22,146
11/13/2011,FAI,AK,AAL,WE,Combined TRACON& Tower with Radar,26,44,1,0,71,0,9,3,0,12,26,53,4,0,83,4,0,4,87
11/14/2011,FAI,AK,AAL,WE,Combined TRACON& Tower with Radar,31,36,16,4,87,0,69,26,2,97,31,105,42,6,184,38,1,39,223
11/15/2011,FAI,AK,AAL,WE,Combined TRACON& Tower with Radar,26,35,10,5,76,0,62,49,1,112,26,97,59,6,188,36,1,37,225
11/16/2011,FAI,AK,AAL,WE,Combined TRACON& Tower with Radar,23,47,4,0,74,0,66,18,6,90,23,113,22,6,164,2,0,2,166
11/17/2011,FAI,AK,AAL,WE,Combined TRACON& Tower with Radar,29,55,10,2,96,0,50,8,2,60,29,105,18,4,156,1,0,1,157
11/18/2011,FAI,AK,AAL,WE,Combined TRACON& Tower with Radar,24,48,4,6,82,0,68,23,2,93,24,116,27,8,175,10,0,10,185
11/19/2011,FAI,AK,AAL,WE,Combined TRACON& Tower with Radar,20,20,5,0,45,0,34,19,0,53,20,54,24,0,98,3,0,3,101
11/20/2011,FAI,AK,AAL,WE,Combined TRACON& Tower with Radar,26,30,5,2,63,1,31,9,0,41,27,61,14,2,104,0,0,0,104
11/21/2011,FAI,AK,AAL,WE,Combined TRACON& Tower with Radar,30,58,12,2,102,0,32,15,0,47,30,90,27,2,149,14,0,14,163
11/22/2011,FAI,AK,AAL,WE,Combined TRACON& Tower with Radar,26,59,18,4,107,0,71,23,0,94,26,130,41,4,201,48,2,50,251
11/23/2011,FAI,AK,AAL,WE,Combined TRACON& Tower with Radar,26,64,9,4,103,1,58,19,2,80,27,122,28,6,183,0,0,0,183
11/24/2011,FAI,AK,AAL,WE,Combined TRACON& Tower with Radar,14,4,2,0,20,0,0,7,0,7,14,4,9,0,27,16,0,16,43
11/25/2011,FAI,AK,AAL,WE,Combined TRACON& Tower with Radar,15,45,5,0,65,0,32,35,2,69,15,77,40,2,134,75,0,75,209
11/26/2011,FAI,AK,AAL,WE,Combined TRACON& Tower with Radar,18,19,7,15,59,0,29,26,3,58,18,48,33,18,117,26,0,26,143
11/27/2011,FAI,AK,AAL,WE,Combined TRACON& Tower with Radar,25,25,2,0,52,0,28,19,0,47,25,53,21,0,99,14,0,14,113
11/28/2011,FAI,AK,AAL,WE,Combined TRACON& Tower with Radar,29,35,10,8,82,2,62,20,1,85,31,97,30,9,167,24,0,24,191
11/29/2011,FAI,AK,AAL,WE,Combined TRACON& Tower with Radar,28,42,27,6,103,0,77,29,5,111,28,119,56,11,214,28,0,28,242
11/30/2011,FAI,AK,AAL,WE,Combined TRACON& Tower with Radar,25,47,13,7,92,0,63,41,1,105,25,110,54,8,197,130,0,130,327
12/01/2011,FAI,AK,AAL,WE,Combined TRACON& Tower with Radar,31,68,11,12,122,0,34,9,0,43,31,102,20,12,165,0,0,0,165
12/02/2011,FAI,AK,AAL,WE,Combined TRACON& Tower with Radar,26,82,18,10,136,0,14,29,0,43,26,96,47,10,179,17,0,17,196
12/03/2011,FAI,AK,AAL,WE,Combined TRACON& Tower with Radar,20,25,5,0,50,0,33,30,0,63,20,58,35,0,113,28,0,28,141
12/04/2011,FAI,AK,AAL,WE,Combined TRACON& Tower with Radar,20,12,4,2,38,0,0,0,0,0,20,12,4,2,38,0,0,0,38
12/05/2011,FAI,AK,AAL,WE,Combined TRACON& Tower with Radar,32,76,17,1,126,0,22,8,0,30,32,98,25,1,156,6,17,23,179
12/06/2011,FAI,AK,AAL,WE,Combined TRACON& Tower with Radar,24,68,15,4,111,0,77,20,0,97,24,145,35,4,208,35,0,35,243
12/07/2011,FAI,AK,AAL,WE,Combined TRACON& Tower with Radar,27,54,7,17,105,0,58,62,4,124,27,112,69,21,229,18,0,18,247
12/08/2011,FAI,AK,AAL,WE,Combined TRACON& Tower with Radar,31,66,13,8,118,0,49,25,0,74,31,115,38,8,192,98,0,98,290
12/09/2011,FAI,AK,AAL,WE,Combined TRACON& Tower with Radar,28,87,23,4,142,0,6,2,0,8,28,93,25,4,150,0,0,0,150
12/10/2011,FAI,AK,AAL,WE,Combined TRACON& Tower with Radar,22,23,8,1,54,0,24,55,3,82,22,47,63,4,136,78,0,78,214
12/11/2011,FAI,AK,AAL,WE,Combined TRACON& Tower with Radar,27,33,13,8,81,0,15,36,6,57,27,48,49,14,138,36,0,36,174
12/12/2011,FAI,AK,AAL,WE,Combined TRACON& Tower with Radar,33,98,12,0,143,0,14,5,0,19,33,112,17,0,162,6,0,6,168
12/13/2011,FAI,AK,AAL,WE,Combined TRACON& Tower with Radar,28,77,14,4,123,0,18,8,0,26,28,95,22,4,149,23,0,23,172
12/14/2011,FAI,AK,AAL,WE,Combined TRACON& Tower with Radar,24,71,19,8,122,0,58,50,4,112,24,129,69,12,234,8,0,8,242
12/15/2011,FAI,AK,AAL,WE,Combined TRACON& Tower with Radar,34,57,13,11,115,0,54,25,4,83,34,111,38,15,198,57,4,61,259
12/16/2011,FAI,AK,AAL,WE,Combined TRACON& Tower with Radar,30,60,12,6,108,0,60,36,2,98,30,120,48,8,206,83,0,83,289
12/17/2011,FAI,AK,AAL,WE,Combined TRACON& Tower with Radar,24,22,10,4,60,1,51,47,5,104,25,73,57,9,164,70,0,70,234
12/18/2011,FAI,AK,AAL,WE,Combined TRACON& Tower with Radar,25,34,6,6,71,0,23,23,9,55,25,57,29,15,126,98,0,98,224
12/19/2011,FAI,AK,AAL,WE,Combined TRACON& Tower with Radar,32,63,19,5,119,13,37,10,4,64,45,100,29,9,183,58,0,58,241
12/20/2011,FAI,AK,AAL,WE,Combined TRACON& Tower with Radar,28,73,6,1,108,0,55,22,0,77,28,128,28,1,185,19,0,19,204
12/21/2011,FAI,AK,AAL,WE,Combined TRACON& Tower with Radar,27,79,8,8,122,0,41,21,2,64,27,120,29,10,186,14,0,14,200
12/22/2011,FAI,AK,AAL,WE,Combined TRACON& Tower with Radar,31,64,9,4,108,0,48,16,4,68,31,112,25,8,176,24,0,24,200
12/23/2011,FAI,AK,AAL,WE,Combined TRACON& Tower with Radar,26,86,6,2,120,0,11,8,0,19,26,97,14,2,139,0,0,0,139
12/24/2011,FAI,AK,AAL,WE,Combined TRACON& Tower with Radar,22,13,1,0,36,0,41,19,0,60,22,54,20,0,96,26,0,26,122
12/25/2011,FAI,AK,AAL,WE,Combined TRACON& Tower with Radar,10,9,0,0,19,0,1,2,0,3,10,10,2,0,22,0,0,0,22
12/26/2011,FAI,AK,AAL,WE,Combined TRACON& Tower with Radar,26,44,2,0,72,0,34,10,0,44,26,78,12,0,116,16,0,16,132
12/27/2011,FAI,AK,AAL,WE,Combined TRACON& Tower with Radar,28,54,14,0,96,0,33,10,0,43,28,87,24,0,139,0,0,0,139
12/28/2011,FAI,AK,AAL,WE,Combined TRACON& Tower with Radar,23,70,17,2,112,0,36,31,0,67,23,106,48,2,179,8,8,16,195
12/29/2011,FAI,AK,AAL,WE,Combined TRACON& Tower with Radar,32,49,6,5,92,0,59,17,1,77,32,108,23,6,169,6,0,6,175
12/30/2011,FAI,AK,AAL,WE,Combined TRACON& Tower with Radar,24,85,13,0,122,0,29,17,0,46,24,114,30,0,168,11,0,11,179
12/31/2011,FAI,AK,AAL,WE,Combined TRACON& Tower with Radar,20,21,4,0,45,0,20,10,0,30,20,41,14,0,75,0,0,0,75
01/01/2012,FAI,AK,AAL,WE,Combined TRACON& Tower with Radar,14,13,10,0,37,0,1,1,0,2,14,14,11,0,39,0,0,0,39
01/02/2012,FAI,AK,AAL,WE,Combined TRACON& Tower with Radar,23,45,4,0,72,0,58,4,0,62,23,103,8,0,134,0,0,0,134
01/03/2012,FAI,AK,AAL,WE,Combined TRACON& Tower with Radar,25,63,11,6,105,0,14,6,0,20,25,77,17,6,125,0,0,0,125
01/04/2012,FAI,AK,AAL,WE,Combined TRACON& Tower with Radar,24,70,18,2,114,0,34,9,0,43,24,104,27,2,157,0,0,0,157
01/05/2012,FAI,AK,AAL,WE,Combined TRACON& Tower with Radar,29,43,12,0,84,0,64,29,2,95,29,107,41,2,179,6,2,8,187
01/06/2012,FAI,AK,AAL,WE,Combined TRACON& Tower with Radar,27,57,7,8,99,0,9,6,0,15,27,66,13,8,114,0,0,0,114
01/07/2012,FAI,AK,AAL,WE,Combined TRACON& Tower with Radar,20,29,8,5,62,0,16,33,2,51,20,45,41,7,113,14,0,14,127
01/08/2012,FAI,AK,AAL,WE,Combined TRACON& Tower with Radar,27,34,3,0,64,0,3,0,0,3,27,37,3,0,67,0,0,0,67
01/09/2012,FAI,AK,AAL,WE,Combined TRACON& Tower with Radar,27,48,8,4,87,0,39,9,2,50,27,87,17,6,137,0,4,4,141
01/10/2012,FAI,AK,AAL,WE,Combined TRACON& Tower with Radar,27,47,17,0,91,0,41,27,0,68,27,88,44,0,159,93,0,93,252
01/11/2012,FAI,AK,AAL,WE,Combined TRACON& Tower with Radar,24,59,20,4,107,0,47,38,2,87,24,106,58,6,194,30,0,30,224
01/12/2012,FAI,AK,AAL,WE,Combined TRACON& Tower with Radar,32,67,12,2,113,0,26,7,0,33,32,93,19,2,146,9,0,9,155
01/13/2012,FAI,AK,AAL,WE,Combined TRACON& Tower with Radar,30,44,17,10,101,0,62,13,0,75,30,106,30,10,176,4,0,4,180
01/14/2012,FAI,AK,AAL,WE,Combined TRACON& Tower with Radar,17,24,9,0,50,0,3,0,2,5,17,27,9,2,55,0,0,0,55
01/15/2012,FAI,AK,AAL,WE,Combined TRACON& Tower with Radar,19,34,5,0,58,0,10,1,2,13,19,44,6,2,71,0,0,0,71
01/16/2012,FAI,AK,AAL,WE,Combined TRACON& Tower with Radar,30,43,8,0,81,0,32,12,4,48,30,75,20,4,129,0,0,0,129
01/17/2012,FAI,AK,AAL,WE,Combined TRACON& Tower with Radar,24,49,4,12,89,0,42,8,6,56,24,91,12,18,145,0,0,0,145
01/18/2012,FAI,AK,AAL,WE,Combined TRACON& Tower with Radar,21,39,6,8,74,0,59,15,3,77,21,98,21,11,151,14,0,14,165
01/19/2012,FAI,AK,AAL,WE,Combined TRACON& Tower with Radar,28,23,8,4,63,0,79,22,2,103,28,102,30,6,166,38,0,38,204
01/20/2012,FAI,AK,AAL,WE,Combined TRACON& Tower with Radar,22,31,9,10,72,0,70,31,0,101,22,101,40,10,173,16,0,16,189
01/21/2012,FAI,AK,AAL,WE,Combined TRACON& Tower with Radar,18,6,5,0,29,0,43,25,0,68,18,49,30,0,97,6,0,6,103
01/22/2012,FAI,AK,AAL,WE,Combined TRACON& Tower with Radar,24,33,6,0,63,0,24,7,0,31,24,57,13,0,94,0,0,0,94
01/23/2012,FAI,AK,AAL,WE,Combined TRACON& Tower with Radar,28,37,3,6,74,0,62,15,0,77,28,99,18,6,151,28,0,28,179
01/24/2012,FAI,AK,AAL,WE,Combined TRACON& Tower with Radar,25,55,8,10,98,0,47,12,12,71,25,102,20,22,169,92,0,92,261
01/25/2012,FAI,AK,AAL,WE,Combined TRACON& Tower with Radar,24,56,10,8,98,0,93,24,0,117,24,149,34,8,215,18,0,18,233
01/26/2012,FAI,AK,AAL,WE,Combined TRACON& Tower with Radar,27,33,5,0,65,0,70,13,4,87,27,103,18,4,152,24,0,24,176
01/27/2012,FAI,AK,AAL,WE,Combined TRACON& Tower with Radar,27,30,8,4,69,0,86,12,2,100,27,116,20,6,169,0,4,4,173
01/28/2012,FAI,AK,AAL,WE,Combined TRACON& Tower with Radar,23,8,3,0,34,0,0,0,0,0,23,8,3,0,34,0,0,0,34
01/29/2012,FAI,AK,AAL,WE,Combined TRACON& Tower with Radar,25,17,5,0,47,0,0,0,0,0,25,17,5,0,47,0,0,0,47
01/30/2012,FAI,AK,AAL,WE,Combined TRACON& Tower with Radar,27,67,10,6,110,0,21,11,2,34,27,88,21,8,144,0,0,0,144
01/31/2012,FAI,AK,AAL,WE,Combined TRACON& Tower with Radar,27,31,5,10,73,1,61,19,4,85,28,92,24,14,158,0,14,14,172
02/01/2012,FAI,AK,AAL,WE,Combined TRACON& Tower with Radar,26,41,6,7,80,1,49,14,5,69,27,90,20,12,149,6,2,8,157
02/02/2012,FAI,AK,AAL,WE,Combined TRACON& Tower with Radar,30,36,14,7,87,0,57,39,7,103,30,93,53,14,190,105,0,105,295
02/03/2012,FAI,AK,AAL,WE,Combined TRACON& Tower with Radar,29,74,9,0,112,0,1,0,0,1,29,75,9,0,113,0,0,0,113
02/04/2012,FAI,AK,AAL,WE,Combined TRACON& Tower with Radar,21,15,10,3,49,0,52,49,7,108,21,67,59,10,157,54,0,54,211
02/05/2012,FAI,AK,AAL,WE,Combined TRACON& Tower with Radar,25,18,6,0,49,0,40,36,0,76,25,58,42,0,125,48,0,48,173
02/06/2012,FAI,AK,AAL,WE,Combined TRACON& Tower with Radar,31,25,10,8,74,0,61,49,2,112,31,86,59,10,186,66,4,70,256
02/07/2012,FAI,AK,AAL,WE,Combined TRACON& Tower with Radar,25,28,9,7,69,0,66,33,1,100,25,94,42,8,169,86,0,86,255
02/08/2012,FAI,AK,AAL,WE,Combined TRACON& Tower with Radar,24,28,5,8,65,0,79,55,2,136,24,107,60,10,201,74,0,74,275
02/09/2012,FAI,AK,AAL,WE,Combined TRACON& Tower with Radar,32,27,9,4,72,0,61,37,0,98,32,88,46,4,170,78,0,78,248
02/10/2012,FAI,AK,AAL,WE,Combined TRACON& Tower with Radar,26,43,15,8,92,0,73,49,0,122,26,116,64,8,214,84,6,90,304
02/11/2012,FAI,AK,AAL,WE,Combined TRACON& Tower with Radar,20,18,10,4,52,0,46,74,0,120,20,64,84,4,172,66,6,72,244
02/12/2012,FAI,AK,AAL,WE,Combined TRACON& Tower with Radar,23,27,8,2,60,0,29,89,1,119,23,56,97,3,179,142,16,158,337
02/13/2012,FAI,AK,AAL,WE,Combined TRACON& Tower with Radar,35,34,10,5,84,0,66,32,1,99,35,100,42,6,183,48,0,48,231
02/14/2012,FAI,AK,AAL,WE,Combined TRACON& Tower with Radar,26,56,16,0,98,2,30,22,2,56,28,86,38,2,154,60,2,62,216
02/15/2012,FAI,AK,AAL,WE,Combined TRACON& Tower with Radar,25,38,24,5,92,1,63,42,0,106,26,101,66,5,198,41,0,41,239
02/16/2012,FAI,AK,AAL,WE,Combined TRACON& Tower with Radar,30,33,8,18,89,0,65,66,14,145,30,98,74,32,234,83,0,83,317
02/17/2012,FAI,AK,AAL,WE,Combined TRACON& Tower with Radar,26,33,22,8,89,1,78,45,9,133,27,111,67,17,222,76,1,77,299
02/18/2012,FAI,AK,AAL,WE,Combined TRACON& Tower with Radar,18,22,17,4,61,0,38,108,0,146,18,60,125,4,207,128,16,144,351
02/19/2012,FAI,AK,AAL,WE,Combined TRACON& Tower with Radar,22,22,13,0,57,0,35,68,0,103,22,57,81,0,160,56,0,56,216
02/20/2012,FAI,AK,AAL,WE,Combined TRACON& Tower with Radar,30,22,11,0,63,0,54,87,0,141,30,76,98,0,204,120,0,120,324
02/21/2012,FAI,AK,AAL,WE,Combined TRACON& Tower with Radar,24,33,8,2,67,0,72,40,2,114,24,105,48,4,181,42,0,42,223
02/22/2012,FAI,AK,AAL,WE,Combined TRACON& Tower with Radar,24,58,23,8,113,0,43,11,0,54,24,101,34,8,167,20,0,20,187
02/23/2012,FAI,AK,AAL,WE,Combined TRACON& Tower with Radar,34,41,22,4,101,0,44,10,0,54,34,85,32,4,155,62,0,62,217
02/24/2012,FAI,AK,AAL,WE,Combined TRACON& Tower with Radar,26,72,13,2,113,1,25,23,0,49,27,97,36,2,162,54,0,54,216
02/25/2012,FAI,AK,AAL,WE,Combined TRACON& Tower with Radar,19,26,15,0,60,9,30,105,0,144,28,56,120,0,204,82,4,86,290
02/26/2012,FAI,AK,AAL,WE,Combined TRACON& Tower with Radar,26,34,11,3,74,0,15,50,2,67,26,49,61,5,141,34,0,34,175
02/27/2012,FAI,AK,AAL,WE,Combined TRACON& Tower with Radar,31,55,16,7,109,2,14,4,2,22,33,69,20,9,131,0,0,0,131
02/28/2012,FAI,AK,AAL,WE,Combined TRACON& Tower with Radar,24,30,17,7,78,0,64,51,2,117,24,94,68,9,195,58,0,58,253
02/29/2012,FAI,AK,AAL,WE,Combined TRACON& Tower with Radar,28,47,5,8,88,1,77,52,2,132,29,124,57,10,220,52,0,52,272
03/01/2012,FAI,AK,AAL,WE,Combined TRACON& Tower with Radar,33,30,6,5,74,0,80,49,1,130,33,110,55,6,204,32,0,32,236
03/02/2012,FAI,AK,AAL,WE,Combined TRACON& Tower with Radar,26,35,8,5,74,0,63,72,0,135,26,98,80,5,209,128,0,128,337
03/03/2012,FAI,AK,AAL,WE,Combined TRACON& Tower with Radar,21,31,8,0,60,0,21,30,0,51,21,52,38,0,111,40,0,40,151
03/04/2012,FAI,AK,AAL,WE,Combined TRACON& Tower with Radar,24,39,10,0,73,0,42,52,0,94,24,81,62,0,167,10,0,10,177
03/05/2012,FAI,AK,AAL,WE,Combined TRACON& Tower with Radar,30,33,9,0,72,0,62,35,0,97,30,95,44,0,169,128,0,128,297
03/06/2012,FAI,AK,AAL,WE,Combined TRACON& Tower with Radar,26,87,21,1,135,0,7,1,0,8,26,94,22,1,143,0,0,0,143
03/07/2012,FAI,AK,AAL,WE,Combined TRACON& Tower with Radar,22,78,21,7,128,0,23,4,0,27,22,101,25,7,155,0,0,0,155
03/08/2012,FAI,AK,AAL,WE,Combined TRACON& Tower with Radar,32,33,14,5,84,0,81,62,3,146,32,114,76,8,230,19,0,19,249
03/09/2012,FAI,AK,AAL,WE,Combined TRACON& Tower with Radar,29,82,16,4,131,0,21,9,0,30,29,103,25,4,161,0,0,0,161
03/10/2012,FAI,AK,AAL,WE,Combined TRACON& Tower with Radar,21,12,21,0,54,0,74,72,0,146,21,86,93,0,200,94,0,94,294
03/11/2012,FAI,AK,AAL,WE,Combined TRACON& Tower with Radar,24,25,11,0,60,0,44,45,0,89,24,69,56,0,149,58,0,58,207
03/12/2012,FAI,AK,AAL,WE,Combined TRACON& Tower with Radar,30,39,15,4,88,0,62,67,0,129,30,101,82,4,217,45,0,45,262
03/13/2012,FAI,AK,AAL,WE,Combined TRACON& Tower with Radar,26,30,11,6,73,0,73,72,0,145,26,103,83,6,218,108,0,108,326
03/14/2012,FAI,AK,AAL,WE,Combined TRACON& Tower with Radar,26,31,4,6,67,0,78,79,4,161,26,109,83,10,228,97,0,97,325
03/15/2012,FAI,AK,AAL,WE,Combined TRACON& Tower with Radar,32,32,17,8,89,1,84,60,4,149,33,116,77,12,238,87,1,88,326
03/16/2012,FAI,AK,AAL,WE,Combined TRACON& Tower with Radar,29,38,14,12,93,0,68,87,3,158,29,106,101,15,251,120,0,120,371
03/17/2012,FAI,AK,AAL,WE,Combined TRACON& Tower with Radar,24,17,8,2,51,0,46,105,0,151,24,63,113,2,202,110,0,110,312
03/18/2012,FAI,AK,AAL,WE,Combined TRACON& Tower with Radar,24,28,13,7,72,0,37,73,0,110,24,65,86,7,182,34,0,34,216
03/19/2012,FAI,AK,AAL,WE,Combined TRACON& Tower with Radar,32,48,6,14,100,0,69,69,0,138,32,117,75,14,238,144,0,144,382
03/20/2012,FAI,AK,AAL,WE,Combined TRACON& Tower with Radar,27,46,17,6,96,0,79,47,1,127,27,125,64,7,223,64,0,64,287
03/21/2012,FAI,AK,AAL,WE,Combined TRACON& Tower with Radar,28,25,16,10,79,0,67,60,2,129,28,92,76,12,208,86,0,86,294
03/22/2012,FAI,AK,AAL,WE,Combined TRACON& Tower with Radar,29,24,17,9,79,0,76,83,6,165,29,100,100,15,244,128,0,128,372
03/23/2012,FAI,AK,AAL,WE,Combined TRACON& Tower with Radar,30,46,13,3,92,9,94,86,1,190,39,140,99,4,282,185,0,185,467
03/24/2012,FAI,AK,AAL,WE,Combined TRACON& Tower with Radar,22,37,7,0,66,0,23,28,0,51,22,60,35,0,117,64,10,74,191
03/25/2012,FAI,AK,AAL,WE,Combined TRACON& Tower with Radar,26,24,12,0,62,0,25,85,0,110,26,49,97,0,172,144,16,160,332
03/26/2012,FAI,AK,AAL,WE,Combined TRACON& Tower with Radar,31,25,11,5,72,1,61,109,0,171,32,86,120,5,243,143,0,143,386
03/27/2012,FAI,AK,AAL,WE,Combined TRACON& Tower with Radar,27,35,23,10,95,1,81,72,0,154,28,116,95,10,249,183,0,183,432
03/28/2012,FAI,AK,AAL,WE,Combined TRACON& Tower with Radar,27,30,14,9,80,1,82,103,3,189,28,112,117,12,269,171,0,171,440
03/29/2012,FAI,AK,AAL,WE,Combined TRACON& Tower with Radar,30,29,12,9,80,0,73,117,5,195,30,102,129,14,275,188,2,190,465
03/30/2012,FAI,AK,AAL,WE,Combined TRACON& Tower with Radar,27,27,8,2,64,0,79,123,0,202,27,106,131,2,266,122,0,122,388
03/31/2012,FAI,AK,AAL,WE,Combined TRACON& Tower with Radar,21,22,14,0,57,0,29,64,0,93,21,51,78,0,150,62,0,62,212
04/01/2012,FAI,AK,AAL,WE,Combined TRACON& Tower with Radar,22,31,24,0,77,0,32,76,1,109,22,63,100,1,186,28,0,28,214
04/02/2012,FAI,AK,AAL,WE,Combined TRACON& Tower with Radar,30,28,11,0,69,0,68,93,0,161,30,96,104,0,230,140,0,140,370
04/03/2012,FAI,AK,AAL,WE,Combined TRACON& Tower with Radar,24,42,8,8,82,0,68,70,2,140,24,110,78,10,222,221,0,221,443
04/04/2012,FAI,AK,AAL,WE,Combined TRACON& Tower with Radar,28,39,21,3,91,0,74,81,4,159,28,113,102,7,250,113,1,114,364
04/05/2012,FAI,AK,AAL,WE,Combined TRACON& Tower with Radar,30,43,6,11,90,0,80,86,2,168,30,123,92,13,258,120,3,123,381
04/06/2012,FAI,AK,AAL,WE,Combined TRACON& Tower with Radar,26,41,13,0,80,0,85,74,0,159,26,126,87,0,239,146,0,146,385
04/07/2012,FAI,AK,AAL,WE,Combined TRACON& Tower with Radar,22,21,17,0,60,2,33,98,0,133,24,54,115,0,193,234,0,234,427
04/08/2012,FAI,AK,AAL,WE,Combined TRACON& Tower with Radar,26,17,19,0,62,0,12,56,0,68,26,29,75,0,130,88,0,88,218
04/09/2012,FAI,AK,AAL,WE,Combined TRACON& Tower with Radar,30,32,13,0,75,0,78,74,0,152,30,110,87,0,227,170,0,170,397
04/10/2012,FAI,AK,AAL,WE,Combined TRACON& Tower with Radar,25,28,26,2,81,0,70,81,0,151,25,98,107,2,232,136,0,136,368
04/11/2012,FAI,AK,AAL,WE,Combined TRACON& Tower with Radar,24,36,12,4,76,0,86,86,0,172,24,122,98,4,248,145,0,145,393
04/12/2012,FAI,AK,AAL,WE,Combined TRACON& Tower with Radar,30,31,17,4,82,0,87,84,4,175,30,118,101,8,257,110,0,110,367
04/13/2012,FAI,AK,AAL,WE,Combined TRACON& Tower with Radar,25,37,12,9,83,0,92,104,0,196,25,129,116,9,279,186,0,186,465
04/14/2012,FAI,AK,AAL,WE,Combined TRACON& Tower with Radar,21,28,17,0,66,0,38,97,1,136,21,66,114,1,202,74,0,74,276
04/15/2012,FAI,AK,AAL,WE,Combined TRACON& Tower with Radar,22,30,21,0,73,0,40,81,10,131,22,70,102,10,204,122,0,122,326
04/16/2012,FAI,AK,AAL,WE,Combined TRACON& Tower with Radar,30,33,10,7,80,0,70,94,1,165,30,103,104,8,245,274,0,274,519
04/17/2012,FAI,AK,AAL,WE,Combined TRACON& Tower with Radar,26,21,19,3,69,1,72,71,0,144,27,93,90,3,213,283,0,283,496
04/18/2012,FAI,AK,AAL,WE,Combined TRACON& Tower with Radar,23,34,10,12,79,0,72,114,0,186,23,106,124,12,265,211,0,211,476
04/19/2012,FAI,AK,AAL,WE,Combined TRACON& Tower with Radar,34,29,3,2,68,2,78,96,0,176,36,107,99,2,244,124,0,124,368
04/20/2012,FAI,AK,AAL,WE,Combined TRACON& Tower with Radar,27,31,17,1,76,0,74,112,0,186,27,105,129,1,262,161,0,161,423
04/21/2012,FAI,AK,AAL,WE,Combined TRACON& Tower with Radar,22,13,16,0,51,1,51,79,0,131,23,64,95,0,182,178,0,178,360
04/22/2012,FAI,AK,AAL,WE,Combined TRACON& Tower with Radar,22,20,25,3,70,0,36,95,1,132,22,56,120,4,202,170,4,174,376
04/23/2012,FAI,AK,AAL,WE,Combined TRACON& Tower with Radar,31,34,17,1,83,1,66,86,2,155,32,100,103,3,238,222,0,222,460
04/24/2012,FAI,AK,AAL,WE,Combined TRACON& Tower with Radar,24,21,7,6,58,1,103,88,0,192,25,124,95,6,250,120,0,120,370
04/25/2012,FAI,AK,AAL,WE,Combined TRACON& Tower with Radar,24,30,15,6,75,0,86,106,0,192,24,116,121,6,267,188,0,188,455
04/26/2012,FAI,AK,AAL,WE,Combined TRACON& Tower with Radar,32,26,18,11,87,0,83,114,7,204,32,109,132,18,291,168,0,168,459
04/27/2012,FAI,AK,AAL,WE,Combined TRACON& Tower with Radar,25,38,30,0,93,0,74,120,0,194,25,112,150,0,287,147,0,147,434
04/28/2012,FAI,AK,AAL,WE,Combined TRACON& Tower with Radar,20,16,23,2,61,0,60,130,2,192,20,76,153,4,253,220,0,220,473
04/29/2012,FAI,AK,AAL,WE,Combined TRACON& Tower with Radar,23,20,14,0,57,0,41,97,0,138,23,61,111,0,195,188,0,188,383
04/30/2012,FAI,AK,AAL,WE,Combined TRACON& Tower with Radar,29,53,11,6,99,0,48,84,4,136,29,101,95,10,235,158,0,158,393
05/01/2012,FAI,AK,AAL,WE,Combined TRACON& Tower with Radar,24,56,33,6,119,0,50,35,4,89,24,106,68,10,208,42,0,42,250
05/02/2012,FAI,AK,AAL,WE,Combined TRACON& Tower with Radar,22,29,14,6,71,0,79,91,1,171,22,108,105,7,242,128,0,128,370
05/03/2012,FAI,AK,AAL,WE,Combined TRACON& Tower with Radar,35,31,16,6,88,3,100,105,4,212,38,131,121,10,300,133,0,133,433
05/04/2012,FAI,AK,AAL,WE,Combined TRACON& Tower with Radar,27,39,13,4,83,2,79,91,2,174,29,118,104,6,257,196,0,196,453
05/05/2012,FAI,AK,AAL,WE,Combined TRACON& Tower with Radar,21,21,14,5,61,0,39,112,4,155,21,60,126,9,216,76,0,76,292
05/06/2012,FAI,AK,AAL,WE,Combined TRACON& Tower with Radar,21,26,11,5,63,0,43,83,0,126,21,69,94,5,189,112,0,112,301
05/07/2012,FAI,AK,AAL,WE,Combined TRACON& Tower with Radar,30,31,12,6,79,0,60,74,1,135,30,91,86,7,214,132,2,134,348
05/08/2012,FAI,AK,AAL,WE,Combined TRACON& Tower with Radar,27,34,11,9,81,0,57,106,6,169,27,91,117,15,250,60,4,64,314
05/09/2012,FAI,AK,AAL,WE,Combined TRACON& Tower with Radar,29,41,19,15,104,0,76,121,5,202,29,117,140,20,306,203,0,203,509
05/10/2012,FAI,AK,AAL,WE,Combined TRACON& Tower with Radar,29,29,12,11,81,0,76,84,5,165,29,105,96,16,246,143,3,146,392
05/11/2012,FAI,AK,AAL,WE,Combined TRACON& Tower with Radar,28,35,12,1,76,0,61,96,0,157,28,96,108,1,233,101,1,102,335
05/12/2012,FAI,AK,AAL,WE,Combined TRACON& Tower with Radar,21,23,18,0,62,0,47,141,1,189,21,70,159,1,251,116,0,116,367
05/13/2012,FAI,AK,AAL,WE,Combined TRACON& Tower with Radar,25,33,12,0,70,0,31,77,1,109,25,64,89,1,179,89,1,90,269
05/14/2012,FAI,AK,AAL,WE,Combined TRACON& Tower with Radar,32,33,13,10,88,0,69,103,0,172,32,102,116,10,260,138,0,138,398
05/15/2012,FAI,AK,AAL,WE,Combined TRACON& Tower with Radar,28,42,8,17,95,0,75,70,0,145,28,117,78,17,240,127,0,127,367
05/16/2012,FAI,AK,AAL,WE,Combined TRACON& Tower with Radar,28,19,29,26,102,0,95,166,6,267,28,114,195,32,369,203,12,215,584
05/17/2012,FAI,AK,AAL,WE,Combined TRACON& Tower with Radar,31,28,12,8,79,0,102,182,4,288,31,130,194,12,367,204,12,216,583
05/18/2012,FAI,AK,AAL,WE,Combined TRACON& Tower with Radar,32,35,20,8,95,1,85,141,8,235,33,120,161,16,330,226,13,239,569
05/19/2012,FAI,AK,AAL,WE,Combined TRACON& Tower with Radar,31,25,7,1,64,1,55,262,4,322,32,80,269,5,386,90,1,91,477
05/20/2012,FAI,AK,AAL,WE,Combined TRACON& Tower with Radar,31,23,15,6,75,2,45,141,5,193,33,68,156,11,268,146,4,150,418
05/21/2012,FAI,AK,AAL,WE,Combined TRACON& Tower with Radar,36,22,11,20,89,2,82,113,4,201,38,104,124,24,290,198,4,202,492
05/22/2012,FAI,AK,AAL,WE,Combined TRACON& Tower with Radar,32,32,25,13,102,0,68,93,4,165,32,100,118,17,267,113,0,113,380
05/23/2012,FAI,AK,AAL,WE,Combined TRACON& Tower with Radar,35,41,7,2,85,2,67,132,1,202,37,108,139,3,287,162,0,162,449
05/24/2012,FAI,AK,AAL,WE,Combined TRACON& Tower with Radar,39,33,15,2,89,6,86,139,0,231,45,119,154,2,320,137,0,137,457
05/25/2012,FAI,AK,AAL,WE,Combined TRACON& Tower with Radar,42,80,21,0,143,0,21,69,2,92,42,101,90,2,235,112,0,112,347
05/26/2012,FAI,AK,AAL,WE,Combined TRACON& Tower with Radar,29,41,20,3,93,1,43,164,8,216,30,84,184,11,309,202,0,202,511
05/27/2012,FAI,AK,AAL,WE,Combined TRACON& Tower with Radar,25,28,17,1,71,0,37,111,0,148,25,65,128,1,219,64,0,64,283
05/28/2012,FAI,AK,AAL,WE,Combined TRACON& Tower with Radar,34,24,13,0,71,1,47,172,0,220,35,71,185,0,291,122,0,122,413
05/29/2012,FAI,AK,AAL,WE,Combined TRACON& Tower with Radar,34,26,11,4,75,2,85,134,0,221,36,111,145,4,296,76,3,79,375
05/30/2012,FAI,AK,AAL,WE,Combined TRACON& Tower with Radar,31,24,20,12,87,0,86,171,6,263,31,110,191,18,350,115,8,123,473
05/31/2012,FAI,AK,AAL,WE,Combined TRACON& Tower with Radar,39,21,11,9,80,2,77,177,4,260,41,98,188,13,340,242,8,250,590
06/01/2012,FAI,AK,AAL,WE,Combined TRACON& Tower with Radar,37,27,23,2,89,1,89,143,4,237,38,116,166,6,326,123,0,123,449
06/02/2012,FAI,AK,AAL,WE,Combined TRACON& Tower with Radar,33,40,37,2,112,1,36,180,0,217,34,76,217,2,329,175,22,197,526
06/03/2012,FAI,AK,AAL,WE,Combined TRACON& Tower with Radar,32,23,27,3,85,0,39,154,1,194,32,62,181,4,279,90,0,90,369
06/04/2012,FAI,AK,AAL,WE,Combined TRACON& Tower with Radar,33,29,20,2,84,0,89,126,0,215,33,118,146,2,299,156,4,160,459
06/05/2012,FAI,AK,AAL,WE,Combined TRACON& Tower with Radar,32,29,21,11,93,2,94,147,3,246,34,123,168,14,339,140,8,148,487
06/06/2012,FAI,AK,AAL,WE,Combined TRACON& Tower with Radar,33,28,18,6,85,0,93,139,0,232,33,121,157,6,317,147,0,147,464
06/07/2012,FAI,AK,AAL,WE,Combined TRACON& Tower with Radar,37,38,25,0,100,2,73,145,1,221,39,111,170,1,321,263,0,263,584
06/08/2012,FAI,AK,AAL,WE,Combined TRACON& Tower with Radar,40,32,23,13,108,2,85,147,9,243,42,117,170,22,351,116,0,116,467
06/09/2012,FAI,AK,AAL,WE,Combined TRACON& Tower with Radar,31,32,22,2,87,0,39,180,7,226,31,71,202,9,313,252,0,252,565
06/10/2012,FAI,AK,AAL,WE,Combined TRACON& Tower with Radar,29,22,19,10,80,1,48,130,1,180,30,70,149,11,260,158,0,158,418
06/11/2012,FAI,AK,AAL,WE,Combined TRACON& Tower with Radar,38,22,9,23,92,1,82,123,9,215,39,104,132,32,307,177,0,177,484
06/12/2012,FAI,AK,AAL,WE,Combined TRACON& Tower with Radar,34,38,18,4,94,0,87,135,0,222,34,125,153,4,316,126,2,128,444
06/13/2012,FAI,AK,AAL,WE,Combined TRACON& Tower with Radar,37,67,36,3,143,2,47,109,6,164,39,114,145,9,307,253,2,255,562
06/14/2012,FAI,AK,AAL,WE,Combined TRACON& Tower with Radar,40,31,31,5,107,2,99,135,4,240,42,130,166,9,347,174,0,174,521
06/15/2012,FAI,AK,AAL,WE,Combined TRACON& Tower with Radar,38,31,23,0,92,1,96,204,5,306,39,127,227,5,398,190,3,193,591
06/16/2012,FAI,AK,AAL,WE,Combined TRACON& Tower with Radar,30,13,17,0,60,0,59,198,0,257,30,72,215,0,317,182,0,182,499
06/17/2012,FAI,AK,AAL,WE,Combined TRACON& Tower with Radar,31,22,15,6,74,1,44,166,1,212,32,66,181,7,286,102,0,102,388
06/18/2012,FAI,AK,AAL,WE,Combined TRACON& Tower with Radar,40,17,9,2,68,1,96,187,0,284,41,113,196,2,352,192,0,192,544
06/19/2012,FAI,AK,AAL,WE,Combined TRACON& Tower with Radar,35,25,11,3,74,2,91,209,4,306,37,116,220,7,380,172,0,172,552
06/20/2012,FAI,AK,AAL,WE,Combined TRACON& Tower with Radar,37,26,9,8,80,1,89,175,3,268,38,115,184,11,348,234,0,234,582
06/21/2012,FAI,AK,AAL,WE,Combined TRACON& Tower with Radar,42,24,19,2,87,1,92,211,0,304,43,116,230,2,391,167,0,167,558
06/22/2012,FAI,AK,AAL,WE,Combined TRACON& Tower with Radar,34,27,17,1,79,1,92,226,2,321,35,119,243,3,400,184,0,184,584
06/23/2012,FAI,AK,AAL,WE,Combined TRACON& Tower with Radar,34,23,21,1,79,0,84,239,1,324,34,107,260,2,403,127,0,127,530
06/24/2012,FAI,AK,AAL,WE,Combined TRACON& Tower with Radar,29,31,19,0,79,0,66,200,1,267,29,97,219,1,346,67,0,67,413
06/25/2012,FAI,AK,AAL,WE,Combined TRACON& Tower with Radar,43,38,34,3,118,2,99,194,3,298,45,137,228,6,416,304,0,304,720
06/26/2012,FAI,AK,AAL,WE,Combined TRACON& Tower with Radar,34,60,29,0,123,0,54,116,0,170,34,114,145,0,293,92,0,92,385
06/27/2012,FAI,AK,AAL,WE,Combined TRACON& Tower with Radar,39,84,35,6,164,0,33,99,2,134,39,117,134,8,298,158,0,158,456
06/28/2012,FAI,AK,AAL,WE,Combined TRACON& Tower with Radar,42,68,39,6,155,1,66,164,1,232,43,134,203,7,387,240,2,242,629
06/29/2012,FAI,AK,AAL,WE,Combined TRACON& Tower with Radar,32,58,33,4,127,1,68,184,4,257,33,126,217,8,384,167,1,168,552
06/30/2012,FAI,AK,AAL,WE,Combined TRACON& Tower with Radar,32,17,20,3,72,1,63,282,3,349,33,80,302,6,421,266,0,266,687
07/01/2012,FAI,AK,AAL,WE,Combined TRACON& Tower with Radar,32,24,14,2,72,0,59,251,0,310,32,83,265,2,382,178,0,178,560
07/02/2012,FAI,AK,AAL,WE,Combined TRACON& Tower with Radar,40,32,10,3,85,2,80,143,4,229,42,112,153,7,314,136,0,136,450
07/03/2012,FAI,AK,AAL,WE,Combined TRACON& Tower with Radar,35,85,29,4,153,0,28,135,0,163,35,113,164,4,316,177,0,177,493
07/04/2012,FAI,AK,AAL,WE,Combined TRACON& Tower with Radar,26,33,22,1,82,0,38,127,0,165,26,71,149,1,247,36,0,36,283
07/05/2012,FAI,AK,AAL,WE,Combined TRACON& Tower with Radar,38,25,21,1,85,0,72,176,1,249,38,97,197,2,334,149,0,149,483
07/06/2012,FAI,AK,AAL,WE,Combined TRACON& Tower with Radar,32,24,20,5,81,1,82,152,0,235,33,106,172,5,316,174,0,174,490
07/07/2012,FAI,AK,AAL,WE,Combined TRACON& Tower with Radar,31,19,34,0,84,2,54,201,0,257,33,73,235,0,341,130,0,130,471
07/08/2012,FAI,AK,AAL,WE,Combined TRACON& Tower with Radar,30,22,22,1,75,1,29,143,0,173,31,51,165,1,248,133,0,133,381
07/09/2012,FAI,AK,AAL,WE,Combined TRACON& Tower with Radar,41,30,21,1,93,0,78,215,5,298,41,108,236,6,391,142,0,142,533
07/10/2012,FAI,AK,AAL,WE,Combined TRACON& Tower with Radar,36,31,24,5,96,2,82,155,7,246,38,113,179,12,342,96,0,96,438
07/11/2012,FAI,AK,AAL,WE,Combined TRACON& Tower with Radar,35,34,20,9,98,2,82,171,2,257,37,116,191,11,355,252,8,260,615
07/12/2012,FAI,AK,AAL,WE,Combined TRACON& Tower with Radar,42,28,28,4,102,2,74,186,7,269,44,102,214,11,371,303,0,303,674
07/13/2012,FAI,AK,AAL,WE,Combined TRACON& Tower with Radar,36,40,33,0,109,0,72,181,0,253,36,112,214,0,362,145,0,145,507
07/14/2012,FAI,AK,AAL,WE,Combined TRACON& Tower with Radar,30,23,19,0,72,1,37,189,0,227,31,60,208,0,299,138,0,138,437
07/15/2012,FAI,AK,AAL,WE,Combined TRACON& Tower with Radar,31,23,12,1,67,0,36,211,0,247,31,59,223,1,314,184,0,184,498
07/16/2012,FAI,AK,AAL,WE,Combined TRACON& Tower with Radar,41,60,31,2,134,0,36,63,1,100,41,96,94,3,234,64,0,64,298
07/17/2012,FAI,AK,AAL,WE,Combined TRACON& Tower with Radar,36,42,26,0,104,0,73,154,3,230,36,115,180,3,334,158,0,158,492
07/18/2012,FAI,AK,AAL,WE,Combined TRACON& Tower with Radar,36,63,31,3,133,0,40,121,0,161,36,103,152,3,294,218,1,219,513
07/19/2012,FAI,AK,AAL,WE,Combined TRACON& Tower with Radar,40,98,22,0,160,0,9,32,0,41,40,107,54,0,201,40,0,40,241
07/20/2012,FAI,AK,AAL,WE,Combined TRACON& Tower with Radar,35,82,34,2,153,0,37,174,0,211,35,119,208,2,364,200,0,200,564
07/21/2012,FAI,AK,AAL,WE,Combined TRACON& Tower with Radar,33,50,25,0,108,0,32,92,0,124,33,82,117,0,232,96,0,96,328
07/22/2012,FAI,AK,AAL,WE,Combined TRACON& Tower with Radar,35,18,20,4,77,2,37,207,0,246,37,55,227,4,323,318,0,318,641
07/23/2012,FAI,AK,AAL,WE,Combined TRACON& Tower with Radar,42,60,30,0,132,0,47,122,6,175,42,107,152,6,307,222,4,226,533
07/24/2012,FAI,AK,AAL,WE,Combined TRACON& Tower with Radar,37,70,35,0,142,0,28,101,5,134,37,98,136,5,276,176,2,178,454
07/25/2012,FAI,AK,AAL,WE,Combined TRACON& Tower with Radar,35,32,30,6,103,1,80,269,8,358,36,112,299,14,461,181,0,181,642
07/26/2012,FAI,AK,AAL,WE,Combined TRACON& Tower with Radar,41,28,26,1,96,0,89,180,2,271,41,117,206,3,367,127,0,127,494
07/27/2012,FAI,AK,AAL,WE,Combined TRACON& Tower with Radar,34,32,25,1,92,1,82,208,1,292,35,114,233,2,384,198,2,200,584
07/28/2012,FAI,AK,AAL,WE,Combined TRACON& Tower with Radar,32,30,25,0,87,1,36,264,0,301,33,66,289,0,388,218,0,218,606
07/29/2012,FAI,AK,AAL,WE,Combined TRACON& Tower with Radar,31,27,30,0,88,0,46,213,0,259,31,73,243,0,347,78,0,78,425
07/30/2012,FAI,AK,AAL,WE,Combined TRACON& Tower with Radar,39,35,28,8,110,0,72,162,1,235,39,107,190,9,345,188,0,188,533
07/31/2012,FAI,AK,AAL,WE,Combined TRACON& Tower with Radar,35,34,23,2,94,0,75,216,1,292,35,109,239,3,386,270,0,270,656
08/01/2012,FAI,AK,AAL,WE,Combined TRACON& Tower with Radar,36,32,30,6,104,0,87,134,1,222,36,119,164,7,326,292,2,294,620
08/02/2012,FAI,AK,AAL,WE,Combined TRACON& Tower with Radar,43,49,17,0,109,0,74,134,3,211,43,123,151,3,320,120,0,120,440
08/03/2012,FAI,AK,AAL,WE,Combined TRACON& Tower with Radar,43,81,35,10,169,0,41,108,0,149,43,122,143,10,318,164,0,164,482
08/04/2012,FAI,AK,AAL,WE,Combined TRACON& Tower with Radar,32,35,24,1,92,0,32,118,2,152,32,67,142,3,244,145,0,145,389
08/05/2012,FAI,AK,AAL,WE,Combined TRACON& Tower with Radar,31,23,20,2,76,0,55,183,0,238,31,78,203,2,314,134,2,136,450
08/06/2012,FAI,AK,AAL,WE,Combined TRACON& Tower with Radar,37,31,23,2,93,1,107,212,0,320,38,138,235,2,413,185,4,189,602
08/07/2012,FAI,AK,AAL,WE,Combined TRACON& Tower with Radar,42,72,19,0,133,0,48,139,0,187,42,120,158,0,320,276,0,276,596
08/08/2012,FAI,AK,AAL,WE,Combined TRACON& Tower with Radar,40,75,30,7,152,1,64,158,2,225,41,139,188,9,377,137,2,139,516
08/09/2012,FAI,AK,AAL,WE,Combined TRACON& Tower with Radar,40,31,40,5,116,0,104,207,0,311,40,135,247,5,427,114,0,114,541
08/10/2012,FAI,AK,AAL,WE,Combined TRACON& Tower with Radar,35,36,17,1,89,0,102,197,3,302,35,138,214,4,391,263,0,263,654
08/11/2012,FAI,AK,AAL,WE,Combined TRACON& Tower with Radar,32,27,13,0,72,0,55,224,1,280,32,82,237,1,352,136,0,136,488
08/12/2012,FAI,AK,AAL,WE,Combined TRACON& Tower with Radar,31,28,22,0,81,0,60,219,0,279,31,88,241,0,360,162,0,162,522
08/13/2012,FAI,AK,AAL,WE,Combined TRACON& Tower with Radar,40,23,24,0,87,2,81,161,2,246,42,104,185,2,333,92,54,146,479
08/14/2012,FAI,AK,AAL,WE,Combined TRACON& Tower with Radar,37,42,23,5,107,1,105,194,1,301,38,147,217,6,408,201,0,201,609
08/15/2012,FAI,AK,AAL,WE,Combined TRACON& Tower with Radar,34,45,24,3,106,2,101,182,14,299,36,146,206,17,405,99,0,99,504
08/16/2012,FAI,AK,AAL,WE,Combined TRACON& Tower with Radar,36,39,22,9,106,0,96,176,3,275,36,135,198,12,381,200,0,200,581
08/17/2012,FAI,AK,AAL,WE,Combined TRACON& Tower with Radar,34,52,25,13,124,0,83,184,3,270,34,135,209,16,394,102,0,102,496
08/18/2012,FAI,AK,AAL,WE,Combined TRACON& Tower with Radar,28,34,21,3,86,1,63,185,0,249,29,97,206,3,335,160,0,160,495
08/19/2012,FAI,AK,AAL,WE,Combined TRACON& Tower with Radar,30,25,20,7,82,0,47,158,0,205,30,72,178,7,287,120,0,120,407
08/20/2012,FAI,AK,AAL,WE,Combined TRACON& Tower with Radar,42,34,17,8,101,4,109,169,5,287,46,143,186,13,388,254,0,254,642
08/21/2012,FAI,AK,AAL,WE,Combined TRACON& Tower with Radar,32,38,30,8,108,1,81,186,10,278,33,119,216,18,386,202,0,202,588
08/22/2012,FAI,AK,AAL,WE,Combined TRACON& Tower with Radar,40,25,21,6,92,2,104,213,0,319,42,129,234,6,411,149,0,149,560
08/23/2012,FAI,AK,AAL,WE,Combined TRACON& Tower with Radar,39,23,24,5,91,3,89,205,3,300,42,112,229,8,391,175,2,177,568
08/24/2012,FAI,AK,AAL,WE,Combined TRACON& Tower with Radar,36,34,23,3,96,3,78,155,1,237,39,112,178,4,333,130,0,130,463
08/25/2012,FAI,AK,AAL,WE,Combined TRACON& Tower with Radar,30,45,25,0,100,0,41,105,1,147,30,86,130,1,247,44,0,44,291
08/26/2012,FAI,AK,AAL,WE,Combined TRACON& Tower with Radar,27,47,33,0,107,0,23,40,0,63,27,70,73,0,170,14,0,14,184
08/27/2012,FAI,AK,AAL,WE,Combined TRACON& Tower with Radar,35,64,16,7,122,1,42,100,2,145,36,106,116,9,267,60,0,60,327
08/28/2012,FAI,AK,AAL,WE,Combined TRACON& Tower with Radar,34,31,18,11,94,1,82,220,7,310,35,113,238,18,404,237,0,237,641
08/29/2012,FAI,AK,AAL,WE,Combined TRACON& Tower with Radar,40,45,22,3,110,1,79,186,3,269,41,124,208,6,379,125,0,125,504
08/30/2012,FAI,AK,AAL,WE,Combined TRACON& Tower with Radar,38,44,22,0,104,0,81,238,0,319,38,125,260,0,423,182,3,185,608
08/31/2012,FAI,AK,AAL,WE,Combined TRACON& Tower with Radar,35,62,33,3,133,0,98,258,3,359,35,160,291,6,492,164,0,164,656
09/01/2012,FAI,AK,AAL,WE,Combined TRACON& Tower with Radar,29,49,31,2,111,0,50,166,0,216,29,99,197,2,327,98,0,98,425
09/02/2012,FAI,AK,AAL,WE,Combined TRACON& Tower with Radar,25,32,30,4,91,0,39,209,0,248,25,71,239,4,339,162,0,162,501
09/03/2012,FAI,AK,AAL,WE,Combined TRACON& Tower with Radar,32,34,22,8,96,0,52,216,1,269,32,86,238,9,365,85,0,85,450
09/04/2012,FAI,AK,AAL,WE,Combined TRACON& Tower with Radar,29,34,22,9,94,0,97,166,2,265,29,131,188,11,359,42,2,44,403
09/05/2012,FAI,AK,AAL,WE,Combined TRACON& Tower with Radar,42,36,10,6,94,1,97,154,5,257,43,133,164,11,351,104,0,104,455
09/06/2012,FAI,AK,AAL,WE,Combined TRACON& Tower with Radar,35,74,29,2,140,0,46,124,1,171,35,120,153,3,311,42,0,42,353
09/07/2012,FAI,AK,AAL,WE,Combined TRACON& Tower with Radar,30,45,35,0,110,1,91,192,0,284,31,136,227,0,394,74,0,74,468
09/08/2012,FAI,AK,AAL,WE,Combined TRACON& Tower with Radar,26,24,28,0,78,1,67,295,0,363,27,91,323,0,441,174,0,174,615
09/09/2012,FAI,AK,AAL,WE,Combined TRACON& Tower with Radar,25,27,12,1,65,0,74,174,1,249,25,101,186,2,314,94,0,94,408
09/10/2012,FAI,AK,AAL,WE,Combined TRACON& Tower with Radar,34,27,20,5,86,1,89,185,16,291,35,116,205,21,377,104,2,106,483
09/11/2012,FAI,AK,AAL,WE,Combined TRACON& Tower with Radar,27,46,13,2,88,0,102,171,6,279,27,148,184,8,367,150,0,150,517
09/12/2012,FAI,AK,AAL,WE,Combined TRACON& Tower with Radar,24,34,22,2,82,0,95,224,3,322,24,129,246,5,404,122,0,122,526
09/13/2012,FAI,AK,AAL,WE,Combined TRACON& Tower with Radar,30,39,20,1,90,0,103,186,1,290,30,142,206,2,380,179,2,181,561
09/14/2012,FAI,AK,AAL,WE,Combined TRACON& Tower with Radar,25,41,19,3,88,0,112,205,4,321,25,153,224,7,409,124,0,124,533
09/15/2012,FAI,AK,AAL,WE,Combined TRACON& Tower with Radar,20,25,21,0,66,0,66,216,1,283,20,91,237,1,349,202,0,202,551
09/16/2012,FAI,AK,AAL,WE,Combined TRACON& Tower with Radar,21,23,10,0,54,0,54,98,0,152,21,77,108,0,206,46,0,46,252
09/17/2012,FAI,AK,AAL,WE,Combined TRACON& Tower with Radar,29,38,17,1,85,0,70,123,1,194,29,108,140,2,279,64,2,66,345
09/18/2012,FAI,AK,AAL,WE,Combined TRACON& Tower with Radar,23,36,22,0,81,0,87,130,0,217,23,123,152,0,298,169,1,170,468
09/19/2012,FAI,AK,AAL,WE,Combined TRACON& Tower with Radar,69,50,23,0,142,0,68,132,0,200,69,118,155,0,342,110,0,110,452
09/20/2012,FAI,AK,AAL,WE,Combined TRACON& Tower with Radar,35,76,16,3,130,0,52,120,1,173,35,128,136,4,303,37,108,145,448
09/21/2012,FAI,AK,AAL,WE,Combined TRACON& Tower with Radar,25,58,23,0,106,0,64,166,0,230,25,122,189,0,336,111,0,111,447
09/22/2012,FAI,AK,AAL,WE,Combined TRACON& Tower with Radar,23,21,9,0,53,0,38,205,0,243,23,59,214,0,296,113,0,113,409
09/23/2012,FAI,AK,AAL,WE,Combined TRACON& Tower with Radar,25,21,13,0,59,0,39,216,0,255,25,60,229,0,314,116,0,116,430
09/24/2012,FAI,AK,AAL,WE,Combined TRACON& Tower with Radar,28,40,30,3,101,1,98,200,3,302,29,138,230,6,403,85,84,169,572
09/25/2012,FAI,AK,AAL,WE,Combined TRACON& Tower with Radar,25,34,19,5,83,0,91,153,1,245,25,125,172,6,328,136,0,136,464
09/26/2012,FAI,AK,AAL,WE,Combined TRACON& Tower with Radar,26,46,22,14,108,0,109,134,3,246,26,155,156,17,354,100,0,100,454
09/27/2012,FAI,AK,AAL,WE,Combined TRACON& Tower with Radar,27,47,17,4,95,0,77,139,4,220,27,124,156,8,315,117,0,117,432
09/28/2012,FAI,AK,AAL,WE,Combined TRACON& Tower with Radar,26,56,16,0,98,0,59,98,0,157,26,115,114,0,255,126,0,126,381
09/29/2012,FAI,AK,AAL,WE,Combined TRACON& Tower with Radar,22,44,5,0,71,0,12,59,0,71,22,56,64,0,142,124,1,125,267
09/30/2012,FAI,AK,AAL,WE,Combined TRACON& Tower with Radar,22,40,13,0,75,0,17,91,0,108,22,57,104,0,183,52,0,52,235
10/01/2012,FAI,AK,AAL,WE,Combined TRACON& Tower with Radar,28,31,18,5,82,0,64,92,4,160,28,95,110,9,242,78,2,80,322
10/02/2012,FAI,AK,AAL,WE,Combined TRACON& Tower with Radar,24,39,12,17,92,0,59,68,1,128,24,98,80,18,220,65,0,65,285
10/03/2012,FAI,AK,AAL,WE,Combined TRACON& Tower with Radar,25,31,17,15,88,0,72,106,6,184,25,103,123,21,272,112,0,112,384
10/04/2012,FAI,AK,AAL,WE,Combined TRACON& Tower with Radar,28,26,16,8,78,0,71,69,6,146,28,97,85,14,224,70,0,70,294
10/05/2012,FAI,AK,AAL,WE,Combined TRACON& Tower with Radar,23,25,15,15,78,0,81,105,1,187,23,106,120,16,265,176,40,216,481
10/06/2012,FAI,AK,AAL,WE,Combined TRACON& Tower with Radar,22,33,17,1,73,0,13,61,0,74,22,46,78,1,147,88,0,88,235
10/07/2012,FAI,AK,AAL,WE,Combined TRACON& Tower with Radar,25,26,16,5,72,0,30,81,2,113,25,56,97,7,185,66,0,66,251
10/08/2012,FAI,AK,AAL,WE,Combined TRACON& Tower with Radar,27,67,13,3,110,0,7,12,1,20,27,74,25,4,130,20,0,20,150
10/09/2012,FAI,AK,AAL,WE,Combined TRACON& Tower with Radar,25,39,10,2,76,0,69,58,4,131,25,108,68,6,207,73,0,73,280
10/10/2012,FAI,AK,AAL,WE,Combined TRACON& Tower with Radar,25,26,6,10,67,0,80,95,5,180,25,106,101,15,247,97,4,101,348
10/11/2012,FAI,AK,AAL,WE,Combined TRACON& Tower with Radar,30,20,5,3,58,1,78,107,3,189,31,98,112,6,247,96,0,96,343
10/12/2012,FAI,AK,AAL,WE,Combined TRACON& Tower with Radar,26,28,5,5,64,1,80,77,2,160,27,108,82,7,224,95,0,95,319
10/13/2012,FAI,AK,AAL,WE,Combined TRACON& Tower with Radar,24,17,17,1,59,1,38,74,0,113,25,55,91,1,172,170,0,170,342
10/14/2012,FAI,AK,AAL,WE,Combined TRACON& Tower with Radar,24,33,13,2,72,0,26,55,0,81,24,59,68,2,153,124,0,124,277
10/15/2012,FAI,AK,AAL,WE,Combined TRACON& Tower with Radar,26,50,9,0,85,0,22,11,0,33,26,72,20,0,118,12,0,12,130
10/16/2012,FAI,AK,AAL,WE,Combined TRACON& Tower with Radar,26,74,12,6,118,0,10,16,0,26,26,84,28,6,144,12,0,12,156
10/17/2012,FAI,AK,AAL,WE,Combined TRACON& Tower with Radar,25,78,28,19,150,1,35,20,3,59,26,113,48,22,209,94,0,94,303
10/18/2012,FAI,AK,AAL,WE,Combined TRACON& Tower with Radar,31,32,15,10,88,1,68,40,6,115,32,100,55,16,203,148,0,148,351
10/19/2012,FAI,AK,AAL,WE,Combined TRACON& Tower with Radar,26,37,14,23,100,1,46,46,9,102,27,83,60,32,202,50,0,50,252
10/20/2012,FAI,AK,AAL,WE,Combined TRACON& Tower with Radar,22,44,6,1,73,0,13,35,0,48,22,57,41,1,121,136,0,136,257
10/21/2012,FAI,AK,AAL,WE,Combined TRACON& Tower with Radar,21,24,12,4,61,1,37,74,7,119,22,61,86,11,180,150,0,150,330
10/22/2012,FAI,AK,AAL,WE,Combined TRACON& Tower with Radar,33,22,8,9,72,0,91,52,0,143,33,113,60,9,215,70,2,72,287
10/23/2012,FAI,AK,AAL,WE,Combined TRACON& Tower with Radar,27,51,10,5,93,0,39,48,1,88,27,90,58,6,181,38,4,42,223
10/24/2012,FAI,AK,AAL,WE,Combined TRACON& Tower with Radar,24,26,4,4,58,0,58,36,0,94,24,84,40,4,152,86,0,86,238
10/25/2012,FAI,AK,AAL,WE,Combined TRACON& Tower with Radar,31,29,10,4,74,0,80,49,0,129,31,109,59,4,203,62,0,62,265
10/26/2012,FAI,AK,AAL,WE,Combined TRACON& Tower with Radar,24,48,15,1,88,1,60,41,1,103,25,108,56,2,191,103,0,103,294
10/27/2012,FAI,AK,AAL,WE,Combined TRACON& Tower with Radar,21,41,19,1,82,0,11,71,0,82,21,52,90,1,164,134,0,134,298
10/28/2012,FAI,AK,AAL,WE,Combined TRACON& Tower with Radar,21,51,14,2,88,0,1,15,0,16,21,52,29,2,104,34,0,34,138
10/29/2012,FAI,AK,AAL,WE,Combined TRACON& Tower with Radar,27,71,5,13,116,0,3,10,0,13,27,74,15,13,129,0,0,0,129
10/30/2012,FAI,AK,AAL,WE,Combined TRACON& Tower with Radar,27,31,13,4,75,0,64,57,3,124,27,95,70,7,199,88,2,90,289
10/31/2012,FAI,AK,AAL,WE,Combined TRACON& Tower with Radar,25,36,2,1,64,0,61,33,2,96,25,97,35,3,160,78,2,80,240
11/01/2012,FAI,AK,AAL,WE,Combined TRACON& Tower with Radar,28,30,10,5,73,0,65,62,2,129,28,95,72,7,202,76,0,76,278
11/02/2012,FAI,AK,AAL,WE,Combined TRACON& Tower with Radar,26,27,7,5,65,1,54,49,1,105,27,81,56,6,170,77,0,77,247
11/03/2012,FAI,AK,AAL,WE,Combined TRACON& Tower with Radar,20,31,12,1,64,0,16,18,1,35,20,47,30,2,99,52,0,52,151
11/04/2012,FAI,AK,AAL,WE,Combined TRACON& Tower with Radar,21,35,6,5,67,0,13,22,1,36,21,48,28,6,103,24,0,24,127
11/05/2012,FAI,AK,AAL,WE,Combined TRACON& Tower with Radar,30,22,8,5,65,0,69,50,2,121,30,91,58,7,186,46,4,50,236
11/06/2012,FAI,AK,AAL,WE,Combined TRACON& Tower with Radar,23,35,10,10,78,0,68,49,4,121,23,103,59,14,199,44,0,44,243
11/07/2012,FAI,AK,AAL,WE,Combined TRACON& Tower with Radar,21,30,22,7,80,0,64,62,0,126,21,94,84,7,206,24,2,26,232
11/08/2012,FAI,AK,AAL,WE,Combined TRACON& Tower with Radar,28,31,9,3,71,0,66,48,1,115,28,97,57,4,186,85,0,85,271
11/09/2012,FAI,AK,AAL,WE,Combined TRACON& Tower with Radar,25,34,9,2,70,1,69,50,2,122,26,103,59,4,192,106,0,106,298
11/10/2012,FAI,AK,AAL,WE,Combined TRACON& Tower with Radar,19,48,13,3,83,0,4,5,0,9,19,52,18,3,92,0,0,0,92
11/11/2012,FAI,AK,AAL,WE,Combined TRACON& Tower with Radar,23,32,10,4,69,0,30,66,0,96,23,62,76,4,165,68,0,68,233
11/12/2012,FAI,AK,AAL,WE,Combined TRACON& Tower with Radar,25,35,5,6,71,0,62,64,1,127,25,97,69,7,198,42,0,42,240
11/13/2012,FAI,AK,AAL,WE,Combined TRACON& Tower with Radar,24,33,7,6,70,0,91,40,0,131,24,124,47,6,201,14,0,14,215
11/14/2012,FAI,AK,AAL,WE,Combined TRACON& Tower with Radar,18,36,7,11,72,0,67,57,8,132,18,103,64,19,204,29,8,37,241
11/15/2012,FAI,AK,AAL,WE,Combined TRACON& Tower with Radar,29,30,11,6,76,0,64,33,0,97,29,94,44,6,173,41,0,41,214
11/16/2012,FAI,AK,AAL,WE,Combined TRACON& Tower with Radar,26,32,8,2,68,0,71,22,1,94,26,103,30,3,162,53,0,53,215
11/17/2012,FAI,AK,AAL,WE,Combined TRACON& Tower with Radar,17,20,6,0,43,0,40,27,0,67,17,60,33,0,110,44,0,44,154
11/18/2012,FAI,AK,AAL,WE,Combined TRACON& Tower with Radar,22,24,7,0,53,0,27,27,2,56,22,51,34,2,109,74,0,74,183
11/19/2012,FAI,AK,AAL,WE,Combined TRACON& Tower with Radar,30,22,12,7,71,0,79,40,2,121,30,101,52,9,192,16,0,16,208
11/20/2012,FAI,AK,AAL,WE,Combined TRACON& Tower with Radar,27,23,5,16,71,0,70,32,1,103,27,93,37,17,174,86,5,91,265
11/21/2012,FAI,AK,AAL,WE,Combined TRACON& Tower with Radar,22,32,9,6,69,0,82,53,0,135,22,114,62,6,204,25,2,27,231
11/22/2012,FAI,AK,AAL,WE,Combined TRACON& Tower with Radar,17,5,4,0,26,0,4,19,0,23,17,9,23,0,49,42,0,42,91
11/23/2012,FAI,AK,AAL,WE,Combined TRACON& Tower with Radar,17,18,6,0,41,0,40,38,0,78,17,58,44,0,119,34,0,34,153
11/24/2012,FAI,AK,AAL,WE,Combined TRACON& Tower with Radar,17,15,8,0,40,0,36,21,0,57,17,51,29,0,97,58,0,58,155
11/25/2012,FAI,AK,AAL,WE,Combined TRACON& Tower with Radar,22,18,13,0,53,0,35,40,0,75,22,53,53,0,128,28,0,28,156
11/26/2012,FAI,AK,AAL,WE,Combined TRACON& Tower with Radar,28,28,5,9,70,0,64,40,1,105,28,92,45,10,175,22,0,22,197
11/27/2012,FAI,AK,AAL,WE,Combined TRACON& Tower with Radar,22,22,10,12,66,0,57,23,13,93,22,79,33,25,159,24,0,24,183
11/28/2012,FAI,AK,AAL,WE,Combined TRACON& Tower with Radar,25,23,10,4,62,0,71,23,2,96,25,94,33,6,158,8,0,8,166
11/29/2012,FAI,AK,AAL,WE,Combined TRACON& Tower with Radar,24,35,5,3,67,0,57,24,2,83,24,92,29,5,150,30,0,30,180
11/30/2012,FAI,AK,AAL,WE,Combined TRACON& Tower with Radar,22,31,6,1,60,0,59,17,7,83,22,90,23,8,143,18,0,18,161
12/01/2012,FAI,AK,AAL,WE,Combined TRACON& Tower with Radar,19,20,3,5,47,0,30,14,11,55,19,50,17,16,102,22,0,22,124
12/02/2012,FAI,AK,AAL,WE,Combined TRACON& Tower with Radar,20,22,0,0,42,0,20,7,0,27,20,42,7,0,69,0,0,0,69
12/03/2012,FAI,AK,AAL,WE,Combined TRACON& Tower with Radar,25,32,6,0,63,0,55,8,0,63,25,87,14,0,126,10,0,10,136
12/04/2012,FAI,AK,AAL,WE,Combined TRACON& Tower with Radar,22,35,8,0,65,0,51,14,0,65,22,86,22,0,130,0,0,0,130
12/05/2012,FAI,AK,AAL,WE,Combined TRACON& Tower with Radar,25,43,7,0,75,0,55,20,0,75,25,98,27,0,150,8,0,8,158
12/06/2012,FAI,AK,AAL,WE,Combined TRACON& Tower with Radar,26,26,8,4,64,0,49,20,0,69,26,75,28,4,133,7,0,7,140
12/07/2012,FAI,AK,AAL,WE,Combined TRACON& Tower with Radar,22,28,10,6,66,1,57,27,0,85,23,85,37,6,151,2,0,2,153
12/08/2012,FAI,AK,AAL,WE,Combined TRACON& Tower with Radar,19,17,7,0,43,0,34,34,0,68,19,51,41,0,111,4,0,4,115
12/09/2012,FAI,AK,AAL,WE,Combined TRACON& Tower with Radar,23,41,12,0,76,0,13,42,0,55,23,54,54,0,131,60,0,60,191
12/10/2012,FAI,AK,AAL,WE,Combined TRACON& Tower with Radar,27,77,9,4,117,0,16,11,0,27,27,93,20,4,144,16,0,16,160
12/11/2012,FAI,AK,AAL,WE,Combined TRACON& Tower with Radar,24,87,21,2,134,0,7,11,0,18,24,94,32,2,152,20,0,20,172
12/12/2012,FAI,AK,AAL,WE,Combined TRACON& Tower with Radar,23,35,8,0,66,0,0,0,0,0,23,35,8,0,66,0,0,0,66
12/13/2012,FAI,AK,AAL,WE,Combined TRACON& Tower with Radar,28,69,12,0,109,0,16,0,0,16,28,85,12,0,125,0,0,0,125
12/14/2012,FAI,AK,AAL,WE,Combined TRACON& Tower with Radar,25,46,18,0,89,9,49,24,0,82,34,95,42,0,171,26,2,28,199
12/15/2012,FAI,AK,AAL,WE,Combined TRACON& Tower with Radar,18,27,2,0,47,0,33,7,0,40,18,60,9,0,87,0,0,0,87
12/16/2012,FAI,AK,AAL,WE,Combined TRACON& Tower with Radar,22,27,7,0,56,0,18,2,2,22,22,45,9,2,78,0,0,0,78
12/17/2012,FAI,AK,AAL,WE,Combined TRACON& Tower with Radar,29,68,8,1,106,0,11,2,0,13,29,79,10,1,119,0,0,0,119
12/18/2012,FAI,AK,AAL,WE,Combined TRACON& Tower with Radar,22,36,8,0,66,0,65,15,0,80,22,101,23,0,146,0,0,0,146
12/19/2012,FAI,AK,AAL,WE,Combined TRACON& Tower with Radar,28,37,16,6,87,1,59,12,0,72,29,96,28,6,159,6,3,9,168
12/20/2012,FAI,AK,AAL,WE,Combined TRACON& Tower with Radar,34,83,6,2,125,0,2,0,0,2,34,85,6,2,127,0,0,0,127
12/21/2012,FAI,AK,AAL,WE,Combined TRACON& Tower with Radar,24,72,4,0,100,0,17,4,0,21,24,89,8,0,121,0,0,0,121
12/22/2012,FAI,AK,AAL,WE,Combined TRACON& Tower with Radar,21,22,7,0,50,0,47,5,0,52,21,69,12,0,102,0,0,0,102
12/23/2012,FAI,AK,AAL,WE,Combined TRACON& Tower with Radar,25,20,0,0,45,0,35,2,0,37,25,55,2,0,82,6,0,6,88
12/24/2012,FAI,AK,AAL,WE,Combined TRACON& Tower with Radar,30,18,3,0,51,0,61,31,0,92,30,79,34,0,143,8,0,8,151
12/25/2012,FAI,AK,AAL,WE,Combined TRACON& Tower with Radar,12,0,6,0,18,0,0,12,0,12,12,0,18,0,30,0,0,0,30
12/26/2012,FAI,AK,AAL,WE,Combined TRACON& Tower with Radar,24,25,10,4,63,0,67,53,4,124,24,92,63,8,187,18,0,18,205
12/27/2012,FAI,AK,AAL,WE,Combined TRACON& Tower with Radar,32,22,11,5,70,0,93,38,5,136,32,115,49,10,206,50,4,54,260
12/28/2012,FAI,AK,AAL,WE,Combined TRACON& Tower with Radar,24,26,15,9,74,0,63,54,8,125,24,89,69,17,199,44,0,44,243
12/29/2012,FAI,AK,AAL,WE,Combined TRACON& Tower with Radar,20,22,8,0,50,1,30,52,0,83,21,52,60,0,133,50,0,50,183
12/30/2012,FAI,AK,AAL,WE,Combined TRACON& Tower with Radar,21,18,5,3,47,0,31,40,6,77,21,49,45,9,124,44,0,44,168
12/31/2012,FAI,AK,AAL,WE,Combined TRACON& Tower with Radar,30,21,7,2,60,0,50,43,2,95,30,71,50,4,155,54,0,54,209
01/01/2013,FAI,AK,AAL,WE,Combined TRACON& Tower with Radar,16,16,7,2,41,0,15,30,2,47,16,31,37,4,88,52,0,52,140
01/02/2013,FAI,AK,AAL,WE,Combined TRACON& Tower with Radar,23,42,13,6,84,0,50,35,4,89,23,92,48,10,173,0,0,0,173
01/03/2013,FAI,AK,AAL,WE,Combined TRACON& Tower with Radar,29,29,5,5,68,0,75,65,8,148,29,104,70,13,216,16,7,23,239
01/04/2013,FAI,AK,AAL,WE,Combined TRACON& Tower with Radar,25,28,5,4,62,0,53,42,4,99,25,81,47,8,161,32,0,32,193
01/05/2013,FAI,AK,AAL,WE,Combined TRACON& Tower with Radar,19,22,5,0,46,0,48,47,2,97,19,70,52,2,143,31,0,31,174
01/06/2013,FAI,AK,AAL,WE,Combined TRACON& Tower with Radar,22,25,4,0,51,0,29,45,0,74,22,54,49,0,125,54,0,54,179
01/07/2013,FAI,AK,AAL,WE,Combined TRACON& Tower with Radar,29,27,5,6,67,0,59,27,0,86,29,86,32,6,153,26,4,30,183
01/08/2013,FAI,AK,AAL,WE,Combined TRACON& Tower with Radar,21,59,10,7,97,0,24,10,0,34,21,83,20,7,131,14,0,14,145
01/09/2013,FAI,AK,AAL,WE,Combined TRACON& Tower with Radar,27,31,17,2,77,0,53,31,7,91,27,84,48,9,168,62,3,65,233
01/10/2013,FAI,AK,AAL,WE,Combined TRACON& Tower with Radar,28,68,17,5,118,0,14,5,2,21,28,82,22,7,139,0,0,0,139
01/11/2013,FAI,AK,AAL,WE,Combined TRACON& Tower with Radar,24,66,6,2,98,0,17,6,1,24,24,83,12,3,122,0,0,0,122
01/12/2013,FAI,AK,AAL,WE,Combined TRACON& Tower with Radar,16,24,7,0,47,0,33,39,0,72,16,57,46,0,119,28,0,28,147
01/13/2013,FAI,AK,AAL,WE,Combined TRACON& Tower with Radar,19,17,6,0,42,0,4,3,0,7,19,21,9,0,49,22,0,22,71
01/14/2013,FAI,AK,AAL,WE,Combined TRACON& Tower with Radar,29,16,3,0,48,0,0,3,0,3,29,16,6,0,51,10,0,10,61
01/15/2013,FAI,AK,AAL,WE,Combined TRACON& Tower with Radar,21,53,15,6,95,0,40,37,5,82,21,93,52,11,177,10,0,10,187
01/16/2013,FAI,AK,AAL,WE,Combined TRACON& Tower with Radar,19,43,6,0,68,0,46,28,2,76,19,89,34,2,144,4,4,8,152
01/17/2013,FAI,AK,AAL,WE,Combined TRACON& Tower with Radar,28,33,12,11,84,0,57,29,1,87,28,90,41,12,171,13,4,17,188
01/18/2013,FAI,AK,AAL,WE,Combined TRACON& Tower with Radar,24,21,6,1,52,0,63,25,2,90,24,84,31,3,142,16,0,16,158
01/19/2013,FAI,AK,AAL,WE,Combined TRACON& Tower with Radar,21,12,3,0,36,0,20,66,3,89,21,32,69,3,125,66,0,66,191
01/20/2013,FAI,AK,AAL,WE,Combined TRACON& Tower with Radar,22,27,8,0,57,0,13,32,0,45,22,40,40,0,102,49,0,49,151
01/21/2013,FAI,AK,AAL,WE,Combined TRACON& Tower with Radar,28,33,23,0,84,0,51,37,2,90,28,84,60,2,174,34,0,34,208
01/22/2013,FAI,AK,AAL,WE,Combined TRACON& Tower with Radar,21,27,15,7,70,0,66,44,7,117,21,93,59,14,187,30,0,30,217
01/23/2013,FAI,AK,AAL,WE,Combined TRACON& Tower with Radar,25,28,11,9,73,0,52,19,1,72,25,80,30,10,145,2,7,9,154
01/24/2013,FAI,AK,AAL,WE,Combined TRACON& Tower with Radar,31,37,8,8,84,0,54,11,0,65,31,91,19,8,149,43,6,49,198
01/25/2013,FAI,AK,AAL,WE,Combined TRACON& Tower with Radar,24,28,2,2,56,0,51,7,6,64,24,79,9,8,120,36,0,36,156
01/26/2013,FAI,AK,AAL,WE,Combined TRACON& Tower with Radar,20,20,13,2,55,0,18,12,0,30,20,38,25,2,85,0,0,0,85
01/27/2013,FAI,AK,AAL,WE,Combined TRACON& Tower with Radar,24,32,12,0,68,0,4,1,2,7,24,36,13,2,75,0,0,0,75
01/28/2013,FAI,AK,AAL,WE,Combined TRACON& Tower with Radar,28,54,7,2,91,0,16,5,4,25,28,70,12,6,116,0,0,0,116
01/29/2013,FAI,AK,AAL,WE,Combined TRACON& Tower with Radar,22,29,10,6,67,0,75,27,7,109,22,104,37,13,176,22,0,22,198
01/30/2013,FAI,AK,AAL,WE,Combined TRACON& Tower with Radar,24,45,11,6,86,0,53,54,0,107,24,98,65,6,193,28,0,28,221
01/31/2013,FAI,AK,AAL,WE,Combined TRACON& Tower with Radar,33,64,24,2,123,0,30,4,0,34,33,94,28,2,157,12,2,14,171
02/01/2013,FAI,AK,AAL,WE,Combined TRACON& Tower with Radar,30,34,14,3,81,1,68,68,2,139,31,102,82,5,220,165,0,165,385
02/02/2013,FAI,AK,AAL,WE,Combined TRACON& Tower with Radar,17,18,8,0,43,0,41,55,4,100,17,59,63,4,143,84,0,84,227
02/03/2013,FAI,AK,AAL,WE,Combined TRACON& Tower with Radar,22,29,8,0,59,0,24,52,0,76,22,53,60,0,135,50,0,50,185
02/04/2013,FAI,AK,AAL,WE,Combined TRACON& Tower with Radar,32,63,20,0,115,0,16,2,0,18,32,79,22,0,133,0,0,0,133
02/05/2013,FAI,AK,AAL,WE,Combined TRACON& Tower with Radar,22,84,19,2,127,0,15,10,10,35,22,99,29,12,162,6,0,6,168
02/06/2013,FAI,AK,AAL,WE,Combined TRACON& Tower with Radar,23,65,33,2,123,0,19,22,2,43,23,84,55,4,166,6,28,34,200
02/07/2013,FAI,AK,AAL,WE,Combined TRACON& Tower with Radar,25,38,5,12,80,0,63,61,7,131,25,101,66,19,211,43,2,45,256
02/08/2013,FAI,AK,AAL,WE,Combined TRACON& Tower with Radar,28,82,26,6,142,4,16,3,1,24,32,98,29,7,166,0,0,0,166
02/09/2013,FAI,AK,AAL,WE,Combined TRACON& Tower with Radar,18,18,20,0,56,0,52,99,2,153,18,70,119,2,209,158,2,160,369
02/10/2013,FAI,AK,AAL,WE,Combined TRACON& Tower with Radar,24,24,9,4,61,0,26,64,0,90,24,50,73,4,151,6,0,6,157
02/11/2013,FAI,AK,AAL,WE,Combined TRACON& Tower with Radar,29,52,19,0,100,0,48,24,2,74,29,100,43,2,174,2,42,44,218
02/12/2013,FAI,AK,AAL,WE,Combined TRACON& Tower with Radar,25,45,20,2,92,0,73,59,4,136,25,118,79,6,228,22,0,22,250
02/13/2013,FAI,AK,AAL,WE,Combined TRACON& Tower with Radar,24,40,14,6,84,0,84,54,2,140,24,124,68,8,224,31,0,31,255
02/14/2013,FAI,AK,AAL,WE,Combined TRACON& Tower with Radar,28,33,9,8,78,0,73,64,2,139,28,106,73,10,217,49,5,54,271
02/15/2013,FAI,AK,AAL,WE,Combined TRACON& Tower with Radar,28,79,11,0,118,1,15,10,0,26,29,94,21,0,144,12,0,12,156
02/16/2013,FAI,AK,AAL,WE,Combined TRACON& Tower with Radar,19,16,12,0,47,0,39,72,0,111,19,55,84,0,158,68,4,72,230
02/17/2013,FAI,AK,AAL,WE,Combined TRACON& Tower with Radar,20,44,12,0,76,0,6,4,0,10,20,50,16,0,86,0,0,0,86
02/18/2013,FAI,AK,AAL,WE,Combined TRACON& Tower with Radar,28,39,11,0,78,0,59,32,0,91,28,98,43,0,169,0,0,0,169
02/19/2013,FAI,AK,AAL,WE,Combined TRACON& Tower with Radar,22,36,6,5,69,0,76,17,3,96,22,112,23,8,165,24,0,24,189
02/20/2013,FAI,AK,AAL,WE,Combined TRACON& Tower with Radar,24,30,4,8,66,0,71,36,4,111,24,101,40,12,177,12,0,12,189
02/21/2013,FAI,AK,AAL,WE,Combined TRACON& Tower with Radar,27,63,17,13,120,0,37,26,0,63,27,100,43,13,183,42,0,42,225
02/22/2013,FAI,AK,AAL,WE,Combined TRACON& Tower with Radar,27,54,20,4,105,0,61,9,0,70,27,115,29,4,175,0,0,0,175
02/23/2013,FAI,AK,AAL,WE,Combined TRACON& Tower with Radar,17,28,14,0,59,1,31,83,0,115,18,59,97,0,174,52,0,52,226
02/24/2013,FAI,AK,AAL,WE,Combined TRACON& Tower with Radar,23,18,11,2,54,0,38,81,0,119,23,56,92,2,173,68,0,68,241
02/25/2013,FAI,AK,AAL,WE,Combined TRACON& Tower with Radar,29,24,12,13,78,0,77,71,4,152,29,101,83,17,230,19,8,27,257
02/26/2013,FAI,AK,AAL,WE,Combined TRACON& Tower with Radar,23,29,9,6,67,0,68,61,0,129,23,97,70,6,196,65,0,65,261
02/27/2013,FAI,AK,AAL,WE,Combined TRACON& Tower with Radar,22,27,16,6,71,0,77,63,1,141,22,104,79,7,212,98,2,100,312
02/28/2013,FAI,AK,AAL,WE,Combined TRACON& Tower with Radar,30,33,12,6,81,1,81,54,4,140,31,114,66,10,221,62,0,62,283
03/01/2013,FAI,AK,AAL,WE,Combined TRACON& Tower with Radar,24,66,31,4,125,0,18,5,0,23,24,84,36,4,148,2,0,2,150
03/02/2013,FAI,AK,AAL,WE,Combined TRACON& Tower with Radar,26,21,14,0,61,0,37,96,0,133,26,58,110,0,194,100,0,100,294
03/03/2013,FAI,AK,AAL,WE,Combined TRACON& Tower with Radar,21,15,19,2,57,4,44,93,0,141,25,59,112,2,198,106,0,106,304
03/04/2013,FAI,AK,AAL,WE,Combined TRACON& Tower with Radar,28,32,8,6,74,0,78,59,0,137,28,110,67,6,211,68,0,68,279
03/05/2013,FAI,AK,AAL,WE,Combined TRACON& Tower with Radar,21,28,12,2,63,0,58,36,0,94,21,86,48,2,157,0,0,0,157
03/06/2013,FAI,AK,AAL,WE,Combined TRACON& Tower with Radar,24,42,14,12,92,0,71,65,4,140,24,113,79,16,232,88,0,88,320
03/07/2013,FAI,AK,AAL,WE,Combined TRACON& Tower with Radar,29,32,2,7,70,0,70,36,0,106,29,102,38,7,176,36,0,36,212
03/08/2013,FAI,AK,AAL,WE,Combined TRACON& Tower with Radar,24,40,5,5,74,0,65,96,0,161,24,105,101,5,235,112,0,112,347
03/09/2013,FAI,AK,AAL,WE,Combined TRACON& Tower with Radar,20,21,12,0,53,0,39,103,0,142,20,60,115,0,195,99,0,99,294
03/10/2013,FAI,AK,AAL,WE,Combined TRACON& Tower with Radar,23,32,19,0,74,0,13,50,0,63,23,45,69,0,137,32,0,32,169
03/11/2013,FAI,AK,AAL,WE,Combined TRACON& Tower with Radar,28,28,16,11,83,0,56,72,1,129,28,84,88,12,212,116,0,116,328
03/12/2013,FAI,AK,AAL,WE,Combined TRACON& Tower with Radar,26,35,9,0,70,0,58,94,1,153,26,93,103,1,223,18,0,18,241
03/13/2013,FAI,AK,AAL,WE,Combined TRACON& Tower with Radar,22,34,6,10,72,0,75,61,3,139,22,109,67,13,211,12,0,12,223
03/14/2013,FAI,AK,AAL,WE,Combined TRACON& Tower with Radar,30,26,5,2,63,0,58,38,0,96,30,84,43,2,159,4,0,4,163
03/15/2013,FAI,AK,AAL,WE,Combined TRACON& Tower with Radar,24,42,5,4,75,0,76,70,2,148,24,118,75,6,223,68,0,68,291
03/16/2013,FAI,AK,AAL,WE,Combined TRACON& Tower with Radar,22,12,9,1,44,0,50,102,0,152,22,62,111,1,196,148,0,148,344
03/17/2013,FAI,AK,AAL,WE,Combined TRACON& Tower with Radar,21,21,22,0,64,4,34,108,0,146,25,55,130,0,210,102,0,102,312
03/18/2013,FAI,AK,AAL,WE,Combined TRACON& Tower with Radar,29,23,5,9,66,0,73,76,0,149,29,96,81,9,215,94,2,96,311
03/19/2013,FAI,AK,AAL,WE,Combined TRACON& Tower with Radar,23,29,10,3,65,0,82,81,3,166,23,111,91,6,231,109,1,110,341
03/20/2013,FAI,AK,AAL,WE,Combined TRACON& Tower with Radar,26,23,10,0,59,0,65,71,0,136,26,88,81,0,195,88,1,89,284
03/21/2013,FAI,AK,AAL,WE,Combined TRACON& Tower with Radar,30,72,13,3,118,0,34,35,0,69,30,106,48,3,187,36,0,36,223
03/22/2013,FAI,AK,AAL,WE,Combined TRACON& Tower with Radar,23,54,19,4,100,0,73,53,2,128,23,127,72,6,228,151,2,153,381
03/23/2013,FAI,AK,AAL,WE,Combined TRACON& Tower with Radar,22,17,16,4,59,0,37,66,0,103,22,54,82,4,162,102,0,102,264
03/24/2013,FAI,AK,AAL,WE,Combined TRACON& Tower with Radar,23,38,25,4,90,0,38,71,0,109,23,76,96,4,199,120,5,125,324
03/25/2013,FAI,AK,AAL,WE,Combined TRACON& Tower with Radar,28,58,26,0,112,0,24,10,0,34,28,82,36,0,146,20,0,20,166
03/26/2013,FAI,AK,AAL,WE,Combined TRACON& Tower with Radar,22,59,16,12,109,0,52,47,2,101,22,111,63,14,210,23,0,23,233
03/27/2013,FAI,AK,AAL,WE,Combined TRACON& Tower with Radar,22,35,9,6,72,0,79,67,4,150,22,114,76,10,222,160,0,160,382
03/28/2013,FAI,AK,AAL,WE,Combined TRACON& Tower with Radar,28,28,17,5,78,0,76,88,0,164,28,104,105,5,242,93,0,93,335
03/29/2013,FAI,AK,AAL,WE,Combined TRACON& Tower with Radar,26,39,17,11,93,1,91,88,1,181,27,130,105,12,274,122,0,122,396
03/30/2013,FAI,AK,AAL,WE,Combined TRACON& Tower with Radar,17,14,19,0,50,0,41,105,0,146,17,55,124,0,196,156,0,156,352
03/31/2013,FAI,AK,AAL,WE,Combined TRACON& Tower with Radar,23,21,19,0,63,0,22,71,1,94,23,43,90,1,157,138,0,138,295
04/01/2013,FAI,AK,AAL,WE,Combined TRACON& Tower with Radar,30,44,19,6,99,0,56,69,0,125,30,100,88,6,224,139,1,140,364
04/02/2013,FAI,AK,AAL,WE,Combined TRACON& Tower with Radar,21,41,21,20,103,0,64,75,11,150,21,105,96,31,253,151,5,156,409
04/03/2013,FAI,AK,AAL,WE,Combined TRACON& Tower with Radar,23,35,19,5,82,0,78,97,1,176,23,113,116,6,258,103,0,103,361
04/04/2013,FAI,AK,AAL,WE,Combined TRACON& Tower with Radar,28,39,10,7,84,0,79,60,0,139,28,118,70,7,223,58,0,58,281
04/05/2013,FAI,AK,AAL,WE,Combined TRACON& Tower with Radar,24,37,13,9,83,0,79,52,5,136,24,116,65,14,219,64,0,64,283
04/06/2013,FAI,AK,AAL,WE,Combined TRACON& Tower with Radar,18,14,10,6,48,0,29,55,5,89,18,43,65,11,137,134,0,134,271
04/07/2013,FAI,AK,AAL,WE,Combined TRACON& Tower with Radar,20,46,3,2,71,0,3,3,0,6,20,49,6,2,77,1,0,1,78
04/08/2013,FAI,AK,AAL,WE,Combined TRACON& Tower with Radar,25,76,16,4,121,0,16,14,0,30,25,92,30,4,151,2,0,2,153
04/09/2013,FAI,AK,AAL,WE,Combined TRACON& Tower with Radar,23,83,10,2,118,0,0,4,0,4,23,83,14,2,122,0,0,0,122
04/10/2013,FAI,AK,AAL,WE,Combined TRACON& Tower with Radar,21,64,11,1,97,0,56,40,3,99,21,120,51,4,196,82,2,84,280
04/11/2013,FAI,AK,AAL,WE,Combined TRACON& Tower with Radar,29,38,11,4,82,0,52,57,2,111,29,90,68,6,193,41,0,41,234
04/12/2013,FAI,AK,AAL,WE,Combined TRACON& Tower with Radar,24,37,18,2,81,0,76,79,2,157,24,113,97,4,238,112,0,112,350
04/13/2013,FAI,AK,AAL,WE,Combined TRACON& Tower with Radar,21,12,16,1,50,0,39,103,0,142,21,51,119,1,192,134,0,134,326
04/14/2013,FAI,AK,AAL,WE,Combined TRACON& Tower with Radar,21,40,14,2,77,0,14,35,0,49,21,54,49,2,126,133,0,133,259
04/15/2013,FAI,AK,AAL,WE,Combined TRACON& Tower with Radar,28,43,11,3,85,0,64,56,0,120,28,107,67,3,205,70,0,70,275
04/16/2013,FAI,AK,AAL,WE,Combined TRACON& Tower with Radar,22,27,19,8,76,0,66,47,0,113,22,93,66,8,189,150,1,151,340
04/17/2013,FAI,AK,AAL,WE,Combined TRACON& Tower with Radar,22,37,7,7,73,0,68,49,0,117,22,105,56,7,190,155,0,155,345
04/18/2013,FAI,AK,AAL,WE,Combined TRACON& Tower with Radar,31,33,15,1,80,1,74,78,1,154,32,107,93,2,234,97,0,97,331
04/19/2013,FAI,AK,AAL,WE,Combined TRACON& Tower with Radar,23,31,16,4,74,1,102,117,0,220,24,133,133,4,294,151,0,151,445
04/20/2013,FAI,AK,AAL,WE,Combined TRACON& Tower with Radar,20,25,17,3,65,0,46,97,1,144,20,71,114,4,209,194,0,194,403
04/21/2013,FAI,AK,AAL,WE,Combined TRACON& Tower with Radar,20,17,21,3,61,0,30,89,10,129,20,47,110,13,190,176,1,177,367
04/22/2013,FAI,AK,AAL,WE,Combined TRACON& Tower with Radar,28,23,14,0,65,0,99,92,0,191,28,122,106,0,256,126,0,126,382
04/23/2013,FAI,AK,AAL,WE,Combined TRACON& Tower with Radar,22,36,13,9,80,0,89,79,0,168,22,125,92,9,248,128,37,165,413
04/24/2013,FAI,AK,AAL,WE,Combined TRACON& Tower with Radar,24,68,9,7,108,1,9,4,0,14,25,77,13,7,122,0,4,4,126
04/25/2013,FAI,AK,AAL,WE,Combined TRACON& Tower with Radar,28,42,13,0,83,4,83,86,4,177,32,125,99,4,260,65,4,69,329
04/26/2013,FAI,AK,AAL,WE,Combined TRACON& Tower with Radar,24,41,12,7,84,0,70,57,4,131,24,111,69,11,215,164,0,164,379
04/27/2013,FAI,AK,AAL,WE,Combined TRACON& Tower with Radar,21,29,13,0,63,0,44,65,0,109,21,73,78,0,172,74,0,74,246
04/28/2013,FAI,AK,AAL,WE,Combined TRACON& Tower with Radar,20,24,17,0,61,1,37,64,0,102,21,61,81,0,163,81,0,81,244
04/29/2013,FAI,AK,AAL,WE,Combined TRACON& Tower with Radar,31,78,26,0,135,0,37,22,0,59,31,115,48,0,194,45,4,49,243
04/30/2013,FAI,AK,AAL,WE,Combined TRACON& Tower with Radar,24,82,11,2,119,0,7,13,4,24,24,89,24,6,143,40,0,40,183
05/01/2013,FAI,AK,AAL,WE,Combined TRACON& Tower with Radar,22,47,23,2,94,0,47,49,0,96,22,94,72,2,190,44,2,46,236
05/02/2013,FAI,AK,AAL,WE,Combined TRACON& Tower with Radar,28,34,24,4,90,1,68,76,0,145,29,102,100,4,235,91,0,91,326
05/03/2013,FAI,AK,AAL,WE,Combined TRACON& Tower with Radar,26,83,15,0,124,0,19,17,0,36,26,102,32,0,160,16,0,16,176
05/04/2013,FAI,AK,AAL,WE,Combined TRACON& Tower with Radar,20,41,31,3,95,0,21,44,0,65,20,62,75,3,160,119,0,119,279
05/05/2013,FAI,AK,AAL,WE,Combined TRACON& Tower with Radar,21,23,24,1,69,0,39,68,0,107,21,62,92,1,176,36,0,36,212
05/06/2013,FAI,AK,AAL,WE,Combined TRACON& Tower with Radar,29,36,16,3,84,0,79,81,1,161,29,115,97,4,245,138,0,138,383
05/07/2013,FAI,AK,AAL,WE,Combined TRACON& Tower with Radar,23,27,21,8,79,0,70,84,6,160,23,97,105,14,239,81,0,81,320
05/08/2013,FAI,AK,AAL,WE,Combined TRACON& Tower with Radar,24,47,26,3,100,1,81,82,0,164,25,128,108,3,264,78,0,78,342
05/09/2013,FAI,AK,AAL,WE,Combined TRACON& Tower with Radar,29,44,21,1,95,0,90,107,8,205,29,134,128,9,300,138,8,146,446
05/10/2013,FAI,AK,AAL,WE,Combined TRACON& Tower with Radar,25,37,19,6,87,1,74,90,0,165,26,111,109,6,252,91,1,92,344
05/11/2013,FAI,AK,AAL,WE,Combined TRACON& Tower with Radar,20,22,25,1,68,1,52,97,0,150,21,74,122,1,218,159,0,159,377
05/12/2013,FAI,AK,AAL,WE,Combined TRACON& Tower with Radar,20,22,7,3,52,0,26,61,3,90,20,48,68,6,142,43,0,43,185
05/13/2013,FAI,AK,AAL,WE,Combined TRACON& Tower with Radar,32,30,15,1,78,0,70,59,1,130,32,100,74,2,208,57,0,57,265
05/14/2013,FAI,AK,AAL,WE,Combined TRACON& Tower with Radar,27,32,19,3,81,0,80,99,5,184,27,112,118,8,265,46,0,46,311
05/15/2013,FAI,AK,AAL,WE,Combined TRACON& Tower with Radar,29,34,30,13,106,0,92,117,3,212,29,126,147,16,318,140,1,141,459
05/16/2013,FAI,AK,AAL,WE,Combined TRACON& Tower with Radar,34,41,18,1,94,0,76,85,0,161,34,117,103,1,255,176,0,176,431
05/17/2013,FAI,AK,AAL,WE,Combined TRACON& Tower with Radar,33,66,25,1,125,0,18,17,0,35,33,84,42,1,160,34,0,34,194
05/18/2013,FAI,AK,AAL,WE,Combined TRACON& Tower with Radar,29,44,7,2,82,0,32,89,0,121,29,76,96,2,203,20,0,20,223
05/19/2013,FAI,AK,AAL,WE,Combined TRACON& Tower with Radar,25,17,10,8,60,0,55,99,4,158,25,72,109,12,218,56,0,56,274
05/20/2013,FAI,AK,AAL,WE,Combined TRACON& Tower with Radar,35,30,17,4,86,2,85,113,0,200,37,115,130,4,286,216,18,234,520
05/21/2013,FAI,AK,AAL,WE,Combined TRACON& Tower with Radar,29,34,17,2,82,0,78,120,3,201,29,112,137,5,283,221,4,225,508
05/22/2013,FAI,AK,AAL,WE,Combined TRACON& Tower with Radar,33,26,12,1,72,0,99,113,1,213,33,125,125,2,285,110,1,111,396
05/23/2013,FAI,AK,AAL,WE,Combined TRACON& Tower with Radar,37,27,17,2,83,1,95,128,0,224,38,122,145,2,307,222,0,222,529
05/24/2013,FAI,AK,AAL,WE,Combined TRACON& Tower with Radar,35,41,14,1,91,2,88,154,0,244,37,129,168,1,335,281,0,281,616
05/25/2013,FAI,AK,AAL,WE,Combined TRACON& Tower with Radar,26,15,13,4,58,2,45,142,0,189,28,60,155,4,247,148,0,148,395
05/26/2013,FAI,AK,AAL,WE,Combined TRACON& Tower with Radar,23,20,14,3,60,0,28,141,0,169,23,48,155,3,229,154,0,154,383
05/27/2013,FAI,AK,AAL,WE,Combined TRACON& Tower with Radar,33,31,13,1,78,0,32,138,0,170,33,63,151,1,248,193,0,193,441
05/28/2013,FAI,AK,AAL,WE,Combined TRACON& Tower with Radar,31,24,16,7,78,0,88,149,5,242,31,112,165,12,320,125,4,129,449
05/29/2013,FAI,AK,AAL,WE,Combined TRACON& Tower with Radar,32,29,11,7,79,1,76,152,2,231,33,105,163,9,310,194,45,239,549
05/30/2013,FAI,AK,AAL,WE,Combined TRACON& Tower with Radar,34,25,13,2,74,0,94,136,2,232,34,119,149,4,306,132,2,134,440
05/31/2013,FAI,AK,AAL,WE,Combined TRACON& Tower with Radar,38,35,12,0,85,0,88,167,0,255,38,123,179,0,340,144,0,144,484
06/01/2013,FAI,AK,AAL,WE,Combined TRACON& Tower with Radar,26,22,17,2,67,0,58,177,0,235,26,80,194,2,302,103,0,103,405
06/02/2013,FAI,AK,AAL,WE,Combined TRACON& Tower with Radar,28,16,26,2,72,1,39,158,0,198,29,55,184,2,270,123,2,125,395
06/03/2013,FAI,AK,AAL,WE,Combined TRACON& Tower with Radar,40,30,21,1,92,0,69,173,0,242,40,99,194,1,334,151,0,151,485
06/04/2013,FAI,AK,AAL,WE,Combined TRACON& Tower with Radar,28,64,15,5,112,0,57,101,2,160,28,121,116,7,272,84,0,84,356
06/05/2013,FAI,AK,AAL,WE,Combined TRACON& Tower with Radar,34,77,27,0,138,0,26,43,0,69,34,103,70,0,207,35,0,35,242
06/06/2013,FAI,AK,AAL,WE,Combined TRACON& Tower with Radar,38,41,27,0,106,0,75,173,6,254,38,116,200,6,360,152,18,170,530
06/07/2013,FAI,AK,AAL,WE,Combined TRACON& Tower with Radar,42,38,10,1,91,0,102,209,0,311,42,140,219,1,402,73,0,73,475
06/08/2013,FAI,AK,AAL,WE,Combined TRACON& Tower with Radar,28,19,12,5,64,6,47,184,3,240,34,66,196,8,304,221,0,221,525
06/09/2013,FAI,AK,AAL,WE,Combined TRACON& Tower with Radar,29,35,21,1,86,1,33,128,0,162,30,68,149,1,248,49,0,49,297
06/10/2013,FAI,AK,AAL,WE,Combined TRACON& Tower with Radar,37,57,22,0,116,1,50,101,0,152,38,107,123,0,268,86,0,86,354
06/11/2013,FAI,AK,AAL,WE,Combined TRACON& Tower with Radar,35,38,20,2,95,0,93,147,4,244,35,131,167,6,339,234,2,236,575
06/12/2013,FAI,AK,AAL,WE,Combined TRACON& Tower with Radar,37,28,13,0,78,2,102,158,1,263,39,130,171,1,341,109,0,109,450
06/13/2013,FAI,AK,AAL,WE,Combined TRACON& Tower with Radar,41,30,11,0,82,0,88,124,18,230,41,118,135,18,312,127,0,127,439
06/14/2013,FAI,AK,AAL,WE,Combined TRACON& Tower with Radar,41,28,18,1,88,1,110,201,1,313,42,138,219,2,401,169,0,169,570
06/15/2013,FAI,AK,AAL,WE,Combined TRACON& Tower with Radar,37,18,18,1,74,0,67,198,1,266,37,85,216,2,340,152,0,152,492
06/16/2013,FAI,AK,AAL,WE,Combined TRACON& Tower with Radar,30,30,15,4,79,1,63,139,9,212,31,93,154,13,291,132,30,162,453
06/17/2013,FAI,AK,AAL,WE,Combined TRACON& Tower with Radar,44,26,13,0,83,2,106,149,2,259,46,132,162,2,342,94,0,94,436
06/18/2013,FAI,AK,AAL,WE,Combined TRACON& Tower with Radar,41,33,16,1,91,3,128,159,0,290,44,161,175,1,381,103,0,103,484
06/19/2013,FAI,AK,AAL,WE,Combined TRACON& Tower with Radar,40,28,19,0,87,3,112,190,6,311,43,140,209,6,398,132,0,132,530
06/20/2013,FAI,AK,AAL,WE,Combined TRACON& Tower with Radar,37,34,14,5,90,0,104,252,1,357,37,138,266,6,447,264,2,266,713
06/21/2013,FAI,AK,AAL,WE,Combined TRACON& Tower with Radar,41,36,14,0,91,1,112,171,0,284,42,148,185,0,375,164,0,164,539
06/22/2013,FAI,AK,AAL,WE,Combined TRACON& Tower with Radar,35,19,22,6,82,1,75,208,0,284,36,94,230,6,366,165,0,165,531
06/23/2013,FAI,AK,AAL,WE,Combined TRACON& Tower with Radar,30,24,29,8,91,0,59,165,0,224,30,83,194,8,315,154,0,154,469
06/24/2013,FAI,AK,AAL,WE,Combined TRACON& Tower with Radar,39,28,28,1,96,2,92,155,3,252,41,120,183,4,348,120,2,122,470
06/25/2013,FAI,AK,AAL,WE,Combined TRACON& Tower with Radar,38,26,20,1,85,0,116,213,4,333,38,142,233,5,418,134,0,134,552
06/26/2013,FAI,AK,AAL,WE,Combined TRACON& Tower with Radar,41,33,31,0,105,8,97,156,26,287,49,130,187,26,392,150,0,150,542
06/27/2013,FAI,AK,AAL,WE,Combined TRACON& Tower with Radar,42,67,28,0,137,2,83,83,0,168,44,150,111,0,305,50,0,50,355
06/28/2013,FAI,AK,AAL,WE,Combined TRACON& Tower with Radar,36,40,35,0,111,2,107,180,7,296,38,147,215,7,407,161,2,163,570
06/29/2013,FAI,AK,AAL,WE,Combined TRACON& Tower with Radar,32,60,35,5,132,0,36,71,2,109,32,96,106,7,241,74,0,74,315
06/30/2013,FAI,AK,AAL,WE,Combined TRACON& Tower with Radar,34,23,11,7,75,0,82,147,3,232,34,105,158,10,307,132,0,132,439
07/01/2013,FAI,AK,AAL,WE,Combined TRACON& Tower with Radar,42,47,18,5,112,2,77,152,0,231,44,124,170,5,343,110,0,110,453
07/02/2013,FAI,AK,AAL,WE,Combined TRACON& Tower with Radar,41,43,18,4,106,0,95,90,1,186,41,138,108,5,292,0,0,0,292
07/03/2013,FAI,AK,AAL,WE,Combined TRACON& Tower with Radar,38,39,14,0,91,1,80,132,2,215,39,119,146,2,306,0,0,0,306
07/04/2013,FAI,AK,AAL,WE,Combined TRACON& Tower with Radar,32,12,9,1,54,0,46,78,2,126,32,58,87,3,180,0,0,0,180
07/05/2013,FAI,AK,AAL,WE,Combined TRACON& Tower with Radar,30,33,20,0,83,2,68,100,1,171,32,101,120,1,254,0,0,0,254
07/06/2013,FAI,AK,AAL,WE,Combined TRACON& Tower with Radar,33,29,27,0,89,0,42,75,1,118,33,71,102,1,207,0,0,0,207
07/07/2013,FAI,AK,AAL,WE,Combined TRACON& Tower with Radar,33,31,28,0,92,1,32,74,0,107,34,63,102,0,199,0,0,0,199
07/08/2013,FAI,AK,AAL,WE,Combined TRACON& Tower with Radar,39,50,12,0,101,1,69,134,1,205,40,119,146,1,306,139,0,139,445
07/09/2013,FAI,AK,AAL,WE,Combined TRACON& Tower with Radar,36,65,19,4,124,0,66,114,0,180,36,131,133,4,304,114,0,114,418
07/10/2013,FAI,AK,AAL,WE,Combined TRACON& Tower with Radar,38,77,38,1,154,0,38,90,0,128,38,115,128,1,282,125,0,125,407
07/11/2013,FAI,AK,AAL,WE,Combined TRACON& Tower with Radar,43,38,9,6,96,0,96,205,30,331,43,134,214,36,427,196,1,197,624
07/12/2013,FAI,AK,AAL,WE,Combined TRACON& Tower with Radar,36,25,14,8,83,4,124,252,2,382,40,149,266,10,465,156,0,156,621
07/13/2013,FAI,AK,AAL,WE,Combined TRACON& Tower with Radar,29,16,15,0,60,1,53,278,2,334,30,69,293,2,394,284,0,284,678
07/14/2013,FAI,AK,AAL,WE,Combined TRACON& Tower with Radar,32,19,10,5,66,0,41,219,0,260,32,60,229,5,326,147,0,147,473
07/15/2013,FAI,AK,AAL,WE,Combined TRACON& Tower with Radar,42,39,9,6,96,0,94,172,0,266,42,133,181,6,362,124,0,124,486
07/16/2013,FAI,AK,AAL,WE,Combined TRACON& Tower with Radar,38,61,27,3,129,0,72,163,1,236,38,133,190,4,365,170,1,171,536
07/17/2013,FAI,AK,AAL,WE,Combined TRACON& Tower with Radar,41,55,32,0,128,0,76,140,0,216,41,131,172,0,344,216,9,225,569
07/18/2013,FAI,AK,AAL,WE,Combined TRACON& Tower with Radar,42,27,19,0,88,1,90,153,1,245,43,117,172,1,333,140,0,140,473
07/19/2013,FAI,AK,AAL,WE,Combined TRACON& Tower with Radar,37,96,47,2,182,0,15,31,1,47,37,111,78,3,229,1,0,1,230
07/20/2013,FAI,AK,AAL,WE,Combined TRACON& Tower with Radar,36,46,35,3,120,0,17,77,0,94,36,63,112,3,214,56,0,56,270
07/21/2013,FAI,AK,AAL,WE,Combined TRACON& Tower with Radar,34,40,22,3,99,1,19,167,1,188,35,59,189,4,287,227,0,227,514
07/22/2013,FAI,AK,AAL,WE,Combined TRACON& Tower with Radar,43,30,33,2,108,0,93,257,0,350,43,123,290,2,458,171,4,175,633
07/23/2013,FAI,AK,AAL,WE,Combined TRACON& Tower with Radar,33,27,14,1,75,2,102,159,2,265,35,129,173,3,340,264,0,264,604
07/24/2013,FAI,AK,AAL,WE,Combined TRACON& Tower with Radar,40,50,31,3,124,0,75,192,1,268,40,125,223,4,392,186,0,186,578
07/25/2013,FAI,AK,AAL,WE,Combined TRACON& Tower with Radar,41,32,22,5,100,0,82,162,2,246,41,114,184,7,346,140,8,148,494
07/26/2013,FAI,AK,AAL,WE,Combined TRACON& Tower with Radar,40,35,18,2,95,1,91,164,0,256,41,126,182,2,351,164,2,166,517
07/27/2013,FAI,AK,AAL,WE,Combined TRACON& Tower with Radar,35,22,20,0,77,0,44,176,2,222,35,66,196,2,299,115,0,115,414
07/28/2013,FAI,AK,AAL,WE,Combined TRACON& Tower with Radar,31,19,12,0,62,1,52,211,0,264,32,71,223,0,326,91,0,91,417
07/29/2013,FAI,AK,AAL,WE,Combined TRACON& Tower with Radar,41,42,27,4,114,0,94,171,2,267,41,136,198,6,381,93,4,97,478
07/30/2013,FAI,AK,AAL,WE,Combined TRACON& Tower with Radar,36,43,39,2,120,2,81,173,0,256,38,124,212,2,376,159,0,159,535
07/31/2013,FAI,AK,AAL,WE,Combined TRACON& Tower with Radar,36,34,22,8,100,0,103,177,2,282,36,137,199,10,382,116,2,118,500
08/01/2013,FAI,AK,AAL,WE,Combined TRACON& Tower with Radar,41,39,8,9,97,0,86,226,2,314,41,125,234,11,411,134,0,134,545
08/02/2013,FAI,AK,AAL,WE,Combined TRACON& Tower with Radar,37,38,21,6,102,0,88,155,4,247,37,126,176,10,349,123,0,123,472
08/03/2013,FAI,AK,AAL,WE,Combined TRACON& Tower with Radar,30,17,17,0,64,0,61,157,2,220,30,78,174,2,284,186,0,186,470
08/04/2013,FAI,AK,AAL,WE,Combined TRACON& Tower with Radar,32,25,25,3,85,0,48,194,4,246,32,73,219,7,331,164,0,164,495
08/05/2013,FAI,AK,AAL,WE,Combined TRACON& Tower with Radar,42,37,22,7,108,0,108,205,0,313,42,145,227,7,421,276,1,277,698
08/06/2013,FAI,AK,AAL,WE,Combined TRACON& Tower with Radar,39,37,25,19,120,0,100,183,1,284,39,137,208,20,404,151,6,157,561
08/07/2013,FAI,AK,AAL,WE,Combined TRACON& Tower with Radar,40,30,36,3,109,1,108,203,2,314,41,138,239,5,423,137,2,139,562
08/08/2013,FAI,AK,AAL,WE,Combined TRACON& Tower with Radar,41,36,22,3,102,1,113,184,3,301,42,149,206,6,403,176,4,180,583
08/09/2013,FAI,AK,AAL,WE,Combined TRACON& Tower with Radar,36,55,28,4,123,0,91,152,0,243,36,146,180,4,366,72,0,72,438
08/10/2013,FAI,AK,AAL,WE,Combined TRACON& Tower with Radar,34,52,38,3,127,0,39,122,0,161,34,91,160,3,288,28,0,28,316
08/11/2013,FAI,AK,AAL,WE,Combined TRACON& Tower with Radar,35,29,23,3,90,0,63,184,1,248,35,92,207,4,338,78,0,78,416
08/12/2013,FAI,AK,AAL,WE,Combined TRACON& Tower with Radar,43,49,21,3,116,0,89,128,3,220,43,138,149,6,336,150,0,150,486
08/13/2013,FAI,AK,AAL,WE,Combined TRACON& Tower with Radar,37,35,18,3,93,0,98,170,4,272,37,133,188,7,365,176,0,176,541
08/14/2013,FAI,AK,AAL,WE,Combined TRACON& Tower with Radar,39,48,22,9,118,0,98,109,2,209,39,146,131,11,327,152,0,152,479
08/15/2013,FAI,AK,AAL,WE,Combined TRACON& Tower with Radar,44,55,20,1,120,0,76,111,0,187,44,131,131,1,307,110,0,110,417
08/16/2013,FAI,AK,AAL,WE,Combined TRACON& Tower with Radar,38,76,25,2,141,0,52,132,4,188,38,128,157,6,329,73,0,73,402
08/17/2013,FAI,AK,AAL,WE,Combined TRACON& Tower with Radar,32,27,17,1,77,1,77,193,0,271,33,104,210,1,348,231,0,231,579
08/18/2013,FAI,AK,AAL,WE,Combined TRACON& Tower with Radar,32,27,21,0,80,1,71,175,0,247,33,98,196,0,327,138,0,138,465
08/19/2013,FAI,AK,AAL,WE,Combined TRACON& Tower with Radar,39,38,23,2,102,1,113,143,2,259,40,151,166,4,361,144,0,144,505
08/20/2013,FAI,AK,AAL,WE,Combined TRACON& Tower with Radar,36,77,17,4,134,0,45,60,0,105,36,122,77,4,239,6,0,6,245
08/21/2013,FAI,AK,AAL,WE,Combined TRACON& Tower with Radar,39,62,32,19,152,0,67,176,0,243,39,129,208,19,395,149,4,153,548
08/22/2013,FAI,AK,AAL,WE,Combined TRACON& Tower with Radar,40,40,26,5,111,0,97,193,0,290,40,137,219,5,401,162,0,162,563
08/23/2013,FAI,AK,AAL,WE,Combined TRACON& Tower with Radar,39,106,53,7,205,0,8,43,0,51,39,114,96,7,256,22,0,22,278
08/24/2013,FAI,AK,AAL,WE,Combined TRACON& Tower with Radar,32,26,18,0,76,0,81,208,0,289,32,107,226,0,365,115,0,115,480
08/25/2013,FAI,AK,AAL,WE,Combined TRACON& Tower with Radar,29,19,22,0,70,0,70,187,0,257,29,89,209,0,327,119,0,119,446
08/26/2013,FAI,AK,AAL,WE,Combined TRACON& Tower with Radar,43,33,24,5,105,0,102,221,2,325,43,135,245,7,430,190,0,190,620
08/27/2013,FAI,AK,AAL,WE,Combined TRACON& Tower with Radar,30,32,27,4,93,1,92,214,4,311,31,124,241,8,404,182,2,184,588
08/28/2013,FAI,AK,AAL,WE,Combined TRACON& Tower with Radar,34,65,47,5,151,0,71,132,9,212,34,136,179,14,363,162,0,162,525
08/29/2013,FAI,AK,AAL,WE,Combined TRACON& Tower with Radar,39,58,22,3,122,0,81,77,10,168,39,139,99,13,290,91,2,93,383
08/30/2013,FAI,AK,AAL,WE,Combined TRACON& Tower with Radar,36,55,18,2,111,0,51,180,0,231,36,106,198,2,342,136,12,148,490
08/31/2013,FAI,AK,AAL,WE,Combined TRACON& Tower with Radar,28,19,16,4,67,0,88,237,1,326,28,107,253,5,393,222,0,222,615
09/01/2013,FAI,AK,AAL,WE,Combined TRACON& Tower with Radar,24,26,17,3,70,0,40,137,0,177,24,66,154,3,247,90,0,90,337
09/02/2013,FAI,AK,AAL,WE,Combined TRACON& Tower with Radar,34,48,22,0,104,0,28,113,1,142,34,76,135,1,246,90,0,90,336
09/03/2013,FAI,AK,AAL,WE,Combined TRACON& Tower with Radar,31,37,17,3,88,0,87,155,0,242,31,124,172,3,330,92,0,92,422
09/04/2013,FAI,AK,AAL,WE,Combined TRACON& Tower with Radar,31,62,25,15,133,2,73,178,4,257,33,135,203,19,390,26,0,26,416
09/05/2013,FAI,AK,AAL,WE,Combined TRACON& Tower with Radar,32,64,37,7,140,0,83,214,3,300,32,147,251,10,440,150,0,150,590
09/06/2013,FAI,AK,AAL,WE,Combined TRACON& Tower with Radar,31,46,21,0,98,0,105,181,2,288,31,151,202,2,386,165,2,167,553
09/07/2013,FAI,AK,AAL,WE,Combined TRACON& Tower with Radar,31,44,23,1,99,0,39,87,0,126,31,83,110,1,225,62,12,74,299
09/08/2013,FAI,AK,AAL,WE,Combined TRACON& Tower with Radar,26,53,9,0,88,0,28,57,0,85,26,81,66,0,173,82,0,82,255
09/09/2013,FAI,AK,AAL,WE,Combined TRACON& Tower with Radar,34,33,29,1,97,0,107,165,1,273,34,140,194,2,370,124,0,124,494
09/10/2013,FAI,AK,AAL,WE,Combined TRACON& Tower with Radar,27,39,30,4,100,0,114,191,2,307,27,153,221,6,407,172,0,172,579
09/11/2013,FAI,AK,AAL,WE,Combined TRACON& Tower with Radar,28,64,54,4,150,0,66,83,0,149,28,130,137,4,299,43,0,43,342
09/12/2013,FAI,AK,AAL,WE,Combined TRACON& Tower with Radar,33,50,29,2,114,0,76,214,0,290,33,126,243,2,404,189,0,189,593
09/13/2013,FAI,AK,AAL,WE,Combined TRACON& Tower with Radar,28,63,32,0,123,0,79,122,0,201,28,142,154,0,324,120,0,120,444
09/14/2013,FAI,AK,AAL,WE,Combined TRACON& Tower with Radar,24,37,24,2,87,0,58,141,0,199,24,95,165,2,286,200,0,200,486
09/15/2013,FAI,AK,AAL,WE,Combined TRACON& Tower with Radar,28,28,26,1,83,0,59,235,0,294,28,87,261,1,377,62,0,62,439
09/16/2013,FAI,AK,AAL,WE,Combined TRACON& Tower with Radar,31,31,21,7,90,0,102,164,4,270,31,133,185,11,360,61,3,64,424
09/17/2013,FAI,AK,AAL,WE,Combined TRACON& Tower with Radar,26,44,23,4,97,0,105,169,1,275,26,149,192,5,372,172,0,172,544
09/18/2013,FAI,AK,AAL,WE,Combined TRACON& Tower with Radar,29,85,47,12,173,2,26,70,0,98,31,111,117,12,271,110,4,114,385
09/19/2013,FAI,AK,AAL,WE,Combined TRACON& Tower with Radar,30,57,30,11,128,0,73,116,0,189,30,130,146,11,317,89,0,89,406
09/20/2013,FAI,AK,AAL,WE,Combined TRACON& Tower with Radar,24,81,25,5,135,0,52,114,18,184,24,133,139,23,319,66,0,66,385
09/21/2013,FAI,AK,AAL,WE,Combined TRACON& Tower with Radar,20,14,21,2,57,1,60,180,0,241,21,74,201,2,298,172,0,172,470
09/22/2013,FAI,AK,AAL,WE,Combined TRACON& Tower with Radar,21,46,15,0,82,0,21,46,0,67,21,67,61,0,149,8,0,8,157
09/23/2013,FAI,AK,AAL,WE,Combined TRACON& Tower with Radar,29,39,12,9,89,0,71,150,1,222,29,110,162,10,311,118,2,120,431
09/24/2013,FAI,AK,AAL,WE,Combined TRACON& Tower with Radar,22,41,14,1,78,0,113,181,2,296,22,154,195,3,374,62,0,62,436
09/25/2013,FAI,AK,AAL,WE,Combined TRACON& Tower with Radar,28,65,23,3,119,0,73,96,1,170,28,138,119,4,289,94,4,98,387
09/26/2013,FAI,AK,AAL,WE,Combined TRACON& Tower with Radar,28,73,22,4,127,0,58,115,1,174,28,131,137,5,301,86,2,88,389
09/27/2013,FAI,AK,AAL,WE,Combined TRACON& Tower with Radar,26,39,18,1,84,0,97,188,0,285,26,136,206,1,369,173,0,173,542
09/28/2013,FAI,AK,AAL,WE,Combined TRACON& Tower with Radar,20,23,6,0,49,0,44,124,0,168,20,67,130,0,217,183,0,183,400
09/29/2013,FAI,AK,AAL,WE,Combined TRACON& Tower with Radar,22,38,9,0,69,0,15,33,0,48,22,53,42,0,117,30,0,30,147
09/30/2013,FAI,AK,AAL,WE,Combined TRACON& Tower with Radar,28,29,17,2,76,0,67,41,1,109,28,96,58,3,185,0,0,0,185
10/01/2013,FAI,AK,AAL,WE,Combined TRACON& Tower with Radar,24,82,13,0,119,0,22,17,0,39,24,104,30,0,158,37,0,37,195
10/02/2013,FAI,AK,AAL,WE,Combined TRACON& Tower with Radar,24,45,14,3,86,0,73,125,4,202,24,118,139,7,288,146,2,148,436
10/03/2013,FAI,AK,AAL,WE,Combined TRACON& Tower with Radar,32,34,16,1,83,0,88,146,2,236,32,122,162,3,319,204,0,204,523
10/04/2013,FAI,AK,AAL,WE,Combined TRACON& Tower with Radar,24,31,14,1,70,0,59,111,0,170,24,90,125,1,240,175,0,175,415
10/05/2013,FAI,AK,AAL,WE,Combined TRACON& Tower with Radar,20,29,31,1,81,0,18,62,1,81,20,47,93,2,162,0,0,0,162
10/06/2013,FAI,AK,AAL,WE,Combined TRACON& Tower with Radar,22,27,15,2,66,0,30,117,1,148,22,57,132,3,214,221,0,221,435
10/07/2013,FAI,AK,AAL,WE,Combined TRACON& Tower with Radar,29,84,13,0,126,0,0,3,0,3,29,84,16,0,129,0,0,0,129
10/08/2013,FAI,AK,AAL,WE,Combined TRACON& Tower with Radar,25,53,16,2,96,0,69,29,1,99,25,122,45,3,195,66,0,66,261
10/09/2013,FAI,AK,AAL,WE,Combined TRACON& Tower with Radar,24,97,22,0,143,0,9,14,0,23,24,106,36,0,166,11,0,11,177
10/10/2013,FAI,AK,AAL,WE,Combined TRACON& Tower with Radar,28,40,22,3,93,0,69,92,3,164,28,109,114,6,257,150,2,152,409
10/11/2013,FAI,AK,AAL,WE,Combined TRACON& Tower with Radar,26,48,24,0,98,0,54,95,2,151,26,102,119,2,249,204,0,204,453
10/12/2013,FAI,AK,AAL,WE,Combined TRACON& Tower with Radar,20,17,26,0,63,0,37,96,0,133,20,54,122,0,196,285,0,285,481
10/13/2013,FAI,AK,AAL,WE,Combined TRACON& Tower with Radar,22,16,10,0,48,0,39,78,0,117,22,55,88,0,165,160,0,160,325
10/14/2013,FAI,AK,AAL,WE,Combined TRACON& Tower with Radar,28,43,9,0,80,0,60,52,0,112,28,103,61,0,192,90,0,90,282
10/15/2013,FAI,AK,AAL,WE,Combined TRACON& Tower with Radar,24,40,7,0,71,0,64,37,0,101,24,104,44,0,172,115,0,115,287
10/16/2013,FAI,AK,AAL,WE,Combined TRACON& Tower with Radar,23,53,10,2,88,0,73,91,0,164,23,126,101,2,252,152,0,152,404
10/17/2013,FAI,AK,AAL,WE,Combined TRACON& Tower with Radar,28,46,6,0,80,0,81,56,0,137,28,127,62,0,217,67,0,67,284
10/18/2013,FAI,AK,AAL,WE,Combined TRACON& Tower with Radar,26,55,15,2,98,2,70,72,0,144,28,125,87,2,242,145,0,145,387
10/19/2013,FAI,AK,AAL,WE,Combined TRACON& Tower with Radar,20,15,12,0,47,0,31,63,0,94,20,46,75,0,141,115,0,115,256
10/20/2013,FAI,AK,AAL,WE,Combined TRACON& Tower with Radar,22,33,15,0,70,0,35,74,1,110,22,68,89,1,180,191,0,191,371
10/21/2013,FAI,AK,AAL,WE,Combined TRACON& Tower with Radar,28,36,10,2,76,0,78,80,0,158,28,114,90,2,234,81,0,81,315
10/22/2013,FAI,AK,AAL,WE,Combined TRACON& Tower with Radar,26,34,20,2,82,0,59,55,0,114,26,93,75,2,196,116,0,116,312
10/23/2013,FAI,AK,AAL,WE,Combined TRACON& Tower with Radar,24,46,20,15,105,0,65,75,2,142,24,111,95,17,247,88,0,88,335
10/24/2013,FAI,AK,AAL,WE,Combined TRACON& Tower with Radar,28,41,24,10,103,0,61,46,0,107,28,102,70,10,210,40,0,40,250
10/25/2013,FAI,AK,AAL,WE,Combined TRACON& Tower with Radar,24,34,17,8,83,0,70,76,0,146,24,104,93,8,229,107,0,107,336
10/26/2013,FAI,AK,AAL,WE,Combined TRACON& Tower with Radar,28,16,18,0,62,0,29,92,0,121,28,45,110,0,183,232,0,232,415
10/27/2013,FAI,AK,AAL,WE,Combined TRACON& Tower with Radar,24,40,15,5,84,0,31,54,0,85,24,71,69,5,169,150,0,150,319
10/28/2013,FAI,AK,AAL,WE,Combined TRACON& Tower with Radar,28,47,15,3,93,0,47,50,0,97,28,94,65,3,190,68,0,68,258
10/29/2013,FAI,AK,AAL,WE,Combined TRACON& Tower with Radar,24,70,17,8,119,0,37,17,0,54,24,107,34,8,173,50,0,50,223
10/30/2013,FAI,AK,AAL,WE,Combined TRACON& Tower with Radar,24,36,8,4,72,0,77,71,10,158,24,113,79,14,230,106,1,107,337
10/31/2013,FAI,AK,AAL,WE,Combined TRACON& Tower with Radar,28,70,11,16,125,0,29,21,1,51,28,99,32,17,176,38,5,43,219
11/01/2013,FAI,AK,AAL,WE,Combined TRACON& Tower with Radar,26,81,16,2,125,0,14,17,0,31,26,95,33,2,156,32,2,34,190
11/02/2013,FAI,AK,AAL,WE,Combined TRACON& Tower with Radar,20,18,11,9,58,0,39,78,0,117,20,57,89,9,175,189,0,189,364
11/03/2013,FAI,AK,AAL,WE,Combined TRACON& Tower with Radar,21,24,14,1,60,0,20,89,1,110,21,44,103,2,170,100,0,100,270
11/04/2013,FAI,AK,AAL,WE,Combined TRACON& Tower with Radar,29,37,13,7,86,0,76,81,0,157,29,113,94,7,243,109,4,113,356
11/05/2013,FAI,AK,AAL,WE,Combined TRACON& Tower with Radar,26,94,17,4,141,0,4,2,0,6,26,98,19,4,147,0,0,0,147
11/06/2013,FAI,AK,AAL,WE,Combined TRACON& Tower with Radar,25,42,4,10,81,0,68,46,0,114,25,110,50,10,195,18,0,18,213
11/07/2013,FAI,AK,AAL,WE,Combined TRACON& Tower with Radar,29,29,9,5,72,0,76,57,2,135,29,105,66,7,207,66,2,68,275
11/08/2013,FAI,AK,AAL,WE,Combined TRACON& Tower with Radar,24,52,10,4,90,0,40,46,0,86,24,92,56,4,176,72,0,72,248
11/09/2013,FAI,AK,AAL,WE,Combined TRACON& Tower with Radar,19,22,4,0,45,0,5,8,0,13,19,27,12,0,58,8,0,8,66
11/10/2013,FAI,AK,AAL,WE,Combined TRACON& Tower with Radar,20,34,15,0,69,0,13,8,0,21,20,47,23,0,90,6,0,6,96
11/11/2013,FAI,AK,AAL,WE,Combined TRACON& Tower with Radar,24,20,17,1,62,0,70,54,1,125,24,90,71,2,187,40,0,40,227
11/12/2013,FAI,AK,AAL,WE,Combined TRACON& Tower with Radar,28,53,16,8,105,0,54,28,8,90,28,107,44,16,195,68,0,68,263
11/13/2013,FAI,AK,AAL,WE,Combined TRACON& Tower with Radar,14,13,6,0,33,0,0,0,0,0,14,13,6,0,33,0,0,0,33
11/14/2013,FAI,AK,AAL,WE,Combined TRACON& Tower with Radar,44,68,12,1,125,0,7,9,0,16,44,75,21,1,141,44,0,44,185
11/15/2013,FAI,AK,AAL,WE,Combined TRACON& Tower with Radar,24,48,20,7,99,0,63,28,0,91,24,111,48,7,190,0,0,0,190
11/16/2013,FAI,AK,AAL,WE,Combined TRACON& Tower with Radar,19,35,17,0,71,0,27,48,2,77,19,62,65,2,148,92,0,92,240
11/17/2013,FAI,AK,AAL,WE,Combined TRACON& Tower with Radar,20,44,4,0,68,0,8,10,0,18,20,52,14,0,86,0,0,0,86
11/18/2013,FAI,AK,AAL,WE,Combined TRACON& Tower with Radar,28,61,19,3,111,0,31,16,0,47,28,92,35,3,158,54,2,56,214
11/19/2013,FAI,AK,AAL,WE,Combined TRACON& Tower with Radar,24,37,13,3,77,0,67,42,3,112,24,104,55,6,189,30,0,30,219
11/20/2013,FAI,AK,AAL,WE,Combined TRACON& Tower with Radar,25,42,7,6,80,0,75,39,2,116,25,117,46,8,196,16,14,30,226
11/21/2013,FAI,AK,AAL,WE,Combined TRACON& Tower with Radar,28,36,10,4,78,0,68,23,1,92,28,104,33,5,170,6,6,12,182
11/22/2013,FAI,AK,AAL,WE,Combined TRACON& Tower with Radar,28,53,23,12,116,0,49,24,0,73,28,102,47,12,189,102,10,112,301
11/23/2013,FAI,AK,AAL,WE,Combined TRACON& Tower with Radar,18,29,9,0,56,0,44,44,9,97,18,73,53,9,153,182,0,182,335
11/24/2013,FAI,AK,AAL,WE,Combined TRACON& Tower with Radar,21,35,4,0,60,0,28,66,0,94,21,63,70,0,154,121,0,121,275
11/25/2013,FAI,AK,AAL,WE,Combined TRACON& Tower with Radar,29,35,12,13,89,0,68,41,1,110,29,103,53,14,199,6,2,8,207
11/26/2013,FAI,AK,AAL,WE,Combined TRACON& Tower with Radar,23,39,14,8,84,1,74,46,0,121,24,113,60,8,205,72,0,72,277
11/27/2013,FAI,AK,AAL,WE,Combined TRACON& Tower with Radar,20,86,14,2,122,0,11,11,0,22,20,97,25,2,144,2,0,2,146
11/28/2013,FAI,AK,AAL,WE,Combined TRACON& Tower with Radar,19,10,4,0,33,0,1,2,0,3,19,11,6,0,36,0,0,0,36
11/29/2013,FAI,AK,AAL,WE,Combined TRACON& Tower with Radar,18,44,12,0,74,0,32,17,0,49,18,76,29,0,123,88,0,88,211
11/30/2013,FAI,AK,AAL,WE,Combined TRACON& Tower with Radar,22,25,8,0,55,0,25,19,0,44,22,50,27,0,99,24,0,24,123
12/01/2013,FAI,AK,AAL,WE,Combined TRACON& Tower with Radar,20,24,5,0,49,0,26,6,0,32,20,50,11,0,81,0,0,0,81
12/02/2013,FAI,AK,AAL,WE,Combined TRACON& Tower with Radar,27,32,12,4,75,0,60,23,0,83,27,92,35,4,158,22,0,22,180
12/03/2013,FAI,AK,AAL,WE,Combined TRACON& Tower with Radar,24,28,11,0,63,2,62,45,0,109,26,90,56,0,172,106,0,106,278
12/04/2013,FAI,AK,AAL,WE,Combined TRACON& Tower with Radar,26,31,11,6,74,0,82,53,1,136,26,113,64,7,210,147,2,149,359
12/05/2013,FAI,AK,AAL,WE,Combined TRACON& Tower with Radar,27,25,11,0,63,1,62,32,0,95,28,87,43,0,158,126,0,126,284
12/06/2013,FAI,AK,AAL,WE,Combined TRACON& Tower with Radar,28,38,1,1,68,0,4,6,0,10,28,42,7,1,78,32,0,32,110
12/07/2013,FAI,AK,AAL,WE,Combined TRACON& Tower with Radar,22,22,11,3,58,0,27,34,0,61,22,49,45,3,119,66,6,72,191
12/08/2013,FAI,AK,AAL,WE,Combined TRACON& Tower with Radar,22,55,12,0,89,0,2,8,0,10,22,57,20,0,99,6,0,6,105
12/09/2013,FAI,AK,AAL,WE,Combined TRACON& Tower with Radar,28,75,22,4,129,0,0,1,0,1,28,75,23,4,130,0,0,0,130
12/10/2013,FAI,AK,AAL,WE,Combined TRACON& Tower with Radar,29,35,20,2,86,0,65,52,0,117,29,100,72,2,203,38,0,38,241
12/11/2013,FAI,AK,AAL,WE,Combined TRACON& Tower with Radar,27,35,17,0,79,0,80,38,0,118,27,115,55,0,197,62,0,62,259
12/12/2013,FAI,AK,AAL,WE,Combined TRACON& Tower with Radar,29,25,8,0,62,1,57,17,0,75,30,82,25,0,137,22,0,22,159
12/13/2013,FAI,AK,AAL,WE,Combined TRACON& Tower with Radar,29,31,12,0,72,0,72,21,0,93,29,103,33,0,165,72,2,74,239
12/14/2013,FAI,AK,AAL,WE,Combined TRACON& Tower with Radar,20,35,13,0,68,0,28,14,0,42,20,63,27,0,110,126,0,126,236
12/15/2013,FAI,AK,AAL,WE,Combined TRACON& Tower with Radar,21,45,1,0,67,0,3,5,0,8,21,48,6,0,75,2,0,2,77
12/16/2013,FAI,AK,AAL,WE,Combined TRACON& Tower with Radar,28,28,8,4,68,0,68,9,0,77,28,96,17,4,145,48,0,48,193
12/17/2013,FAI,AK,AAL,WE,Combined TRACON& Tower with Radar,24,96,17,4,141,0,11,4,0,15,24,107,21,4,156,0,0,0,156
12/18/2013,FAI,AK,AAL,WE,Combined TRACON& Tower with Radar,27,50,27,10,114,3,51,39,0,93,30,101,66,10,207,76,0,76,283
12/19/2013,FAI,AK,AAL,WE,Combined TRACON& Tower with Radar,31,40,12,13,96,1,66,35,0,102,32,106,47,13,198,20,4,24,222
12/20/2013,FAI,AK,AAL,WE,Combined TRACON& Tower with Radar,25,49,13,2,89,0,75,43,0,118,25,124,56,2,207,32,0,32,239
12/21/2013,FAI,AK,AAL,WE,Combined TRACON& Tower with Radar,21,43,9,0,73,0,2,2,0,4,21,45,11,0,77,6,0,6,83
12/22/2013,FAI,AK,AAL,WE,Combined TRACON& Tower with Radar,22,51,1,0,74,0,0,3,0,3,22,51,4,0,77,0,0,0,77
12/23/2013,FAI,AK,AAL,WE,Combined TRACON& Tower with Radar,33,57,16,2,108,0,38,30,0,68,33,95,46,2,176,17,0,17,193
12/24/2013,FAI,AK,AAL,WE,Combined TRACON& Tower with Radar,20,27,5,2,54,0,74,26,0,100,20,101,31,2,154,14,0,14,168
12/25/2013,FAI,AK,AAL,WE,Combined TRACON& Tower with Radar,12,7,2,0,21,0,0,7,0,7,12,7,9,0,28,0,0,0,28
12/26/2013,FAI,AK,AAL,WE,Combined TRACON& Tower with Radar,32,40,10,0,82,0,30,3,0,33,32,70,13,0,115,0,0,0,115
12/27/2013,FAI,AK,AAL,WE,Combined TRACON& Tower with Radar,23,49,13,0,85,0,16,5,0,21,23,65,18,0,106,0,0,0,106
12/28/2013,FAI,AK,AAL,WE,Combined TRACON& Tower with Radar,18,20,10,1,49,0,31,11,0,42,18,51,21,1,91,40,0,40,131
12/29/2013,FAI,AK,AAL,WE,Combined TRACON& Tower with Radar,20,19,9,0,48,0,31,39,1,71,20,50,48,1,119,60,0,60,179
12/30/2013,FAI,AK,AAL,WE,Combined TRACON& Tower with Radar,28,24,10,9,71,0,72,40,4,116,28,96,50,13,187,20,0,20,207
12/31/2013,FAI,AK,AAL,WE,Combined TRACON& Tower with Radar,22,35,2,0,59,0,61,29,0,90,22,96,31,0,149,8,0,8,157
01/01/2014,FAI,AK,AAL,WE,Combined TRACON& Tower with Radar,16,21,6,0,43,0,1,30,0,31,16,22,36,0,74,34,0,34,108
01/02/2014,FAI,AK,AAL,WE,Combined TRACON& Tower with Radar,28,60,16,6,110,0,40,15,0,55,28,100,31,6,165,12,0,12,177
01/03/2014,FAI,AK,AAL,WE,Combined TRACON& Tower with Radar,25,45,11,2,83,0,43,17,0,60,25,88,28,2,143,28,0,28,171
01/04/2014,FAI,AK,AAL,WE,Combined TRACON& Tower with Radar,18,24,10,0,52,0,28,44,2,74,18,52,54,2,126,8,0,8,134
01/05/2014,FAI,AK,AAL,WE,Combined TRACON& Tower with Radar,23,26,5,0,54,0,16,15,0,31,23,42,20,0,85,19,0,19,104
01/06/2014,FAI,AK,AAL,WE,Combined TRACON& Tower with Radar,29,41,13,0,83,0,41,13,0,54,29,82,26,0,137,62,0,62,199
01/07/2014,FAI,AK,AAL,WE,Combined TRACON& Tower with Radar,26,39,7,9,81,1,55,44,1,101,27,94,51,10,182,68,0,68,250
01/08/2014,FAI,AK,AAL,WE,Combined TRACON& Tower with Radar,26,56,16,3,101,1,40,21,2,64,27,96,37,5,165,56,0,56,221
01/09/2014,FAI,AK,AAL,WE,Combined TRACON& Tower with Radar,27,47,18,10,102,0,55,8,0,63,27,102,26,10,165,74,0,74,239
01/10/2014,FAI,AK,AAL,WE,Combined TRACON& Tower with Radar,27,43,15,2,87,0,57,30,0,87,27,100,45,2,174,36,0,36,210
01/11/2014,FAI,AK,AAL,WE,Combined TRACON& Tower with Radar,20,19,6,0,45,0,39,6,0,45,20,58,12,0,90,6,0,6,96
01/12/2014,FAI,AK,AAL,WE,Combined TRACON& Tower with Radar,20,18,4,0,42,0,25,6,0,31,20,43,10,0,73,12,0,12,85
01/13/2014,FAI,AK,AAL,WE,Combined TRACON& Tower with Radar,29,37,11,9,86,0,36,5,1,42,29,73,16,10,128,16,0,16,144
01/14/2014,FAI,AK,AAL,WE,Combined TRACON& Tower with Radar,25,41,8,14,88,0,59,58,0,117,25,100,66,14,205,33,2,35,240
01/15/2014,FAI,AK,AAL,WE,Combined TRACON& Tower with Radar,24,55,21,6,106,0,53,24,0,77,24,108,45,6,183,32,0,32,215
01/16/2014,FAI,AK,AAL,WE,Combined TRACON& Tower with Radar,34,78,9,10,131,0,10,8,0,18,34,88,17,10,149,37,0,37,186
01/17/2014,FAI,AK,AAL,WE,Combined TRACON& Tower with Radar,26,42,25,0,93,0,39,41,0,80,26,81,66,0,173,52,0,52,225
01/18/2014,FAI,AK,AAL,WE,Combined TRACON& Tower with Radar,18,32,11,0,61,0,23,56,0,79,18,55,67,0,140,76,0,76,216
01/19/2014,FAI,AK,AAL,WE,Combined TRACON& Tower with Radar,23,24,7,0,54,0,31,36,0,67,23,55,43,0,121,64,0,64,185
01/20/2014,FAI,AK,AAL,WE,Combined TRACON& Tower with Radar,28,24,14,1,67,0,65,28,0,93,28,89,42,1,160,66,0,66,226
01/21/2014,FAI,AK,AAL,WE,Combined TRACON& Tower with Radar,26,31,2,14,73,0,63,57,4,124,26,94,59,18,197,88,2,90,287
01/22/2014,FAI,AK,AAL,WE,Combined TRACON& Tower with Radar,24,56,15,16,111,0,58,32,0,90,24,114,47,16,201,0,10,10,211
01/23/2014,FAI,AK,AAL,WE,Combined TRACON& Tower with Radar,22,26,4,3,55,0,3,1,1,5,22,29,5,4,60,0,0,0,60
01/24/2014,FAI,AK,AAL,WE,Combined TRACON& Tower with Radar,24,40,4,4,72,0,24,18,0,42,24,64,22,4,114,6,0,6,120
01/25/2014,FAI,AK,AAL,WE,Combined TRACON& Tower with Radar,21,7,6,10,44,0,46,56,4,106,21,53,62,14,150,106,0,106,256
01/26/2014,FAI,AK,AAL,WE,Combined TRACON& Tower with Radar,24,20,12,7,63,0,33,92,14,139,24,53,104,21,202,172,0,172,374
01/27/2014,FAI,AK,AAL,WE,Combined TRACON& Tower with Radar,29,31,10,9,79,0,82,44,5,131,29,113,54,14,210,68,6,74,284
01/28/2014,FAI,AK,AAL,WE,Combined TRACON& Tower with Radar,24,40,13,6,83,0,86,61,0,147,24,126,74,6,230,30,0,30,260
01/29/2014,FAI,AK,AAL,WE,Combined TRACON& Tower with Radar,26,40,13,9,88,0,61,55,3,119,26,101,68,12,207,132,0,132,339
01/30/2014,FAI,AK,AAL,WE,Combined TRACON& Tower with Radar,30,58,16,8,112,0,30,13,0,43,30,88,29,8,155,16,0,16,171
01/31/2014,FAI,AK,AAL,WE,Combined TRACON& Tower with Radar,25,47,13,5,90,0,57,63,0,120,25,104,76,5,210,106,0,106,316
02/01/2014,FAI,AK,AAL,WE,Combined TRACON& Tower with Radar,20,26,23,0,69,0,26,63,0,89,20,52,86,0,158,126,0,126,284
02/02/2014,FAI,AK,AAL,WE,Combined TRACON& Tower with Radar,28,31,11,0,70,0,18,23,0,41,28,49,34,0,111,69,0,69,180
02/03/2014,FAI,AK,AAL,WE,Combined TRACON& Tower with Radar,28,37,6,4,75,0,68,58,0,126,28,105,64,4,201,16,0,16,217
02/04/2014,FAI,AK,AAL,WE,Combined TRACON& Tower with Radar,26,28,11,9,74,0,64,40,2,106,26,92,51,11,180,61,0,61,241
02/05/2014,FAI,AK,AAL,WE,Combined TRACON& Tower with Radar,22,57,12,15,106,0,27,27,1,55,22,84,39,16,161,44,6,50,211
02/06/2014,FAI,AK,AAL,WE,Combined TRACON& Tower with Radar,30,63,9,4,106,0,17,2,0,19,30,80,11,4,125,12,0,12,137
02/07/2014,FAI,AK,AAL,WE,Combined TRACON& Tower with Radar,24,42,4,0,70,0,74,40,0,114,24,116,44,0,184,76,0,76,260
02/08/2014,FAI,AK,AAL,WE,Combined TRACON& Tower with Radar,19,24,11,2,56,0,48,62,0,110,19,72,73,2,166,80,18,98,264
02/09/2014,FAI,AK,AAL,WE,Combined TRACON& Tower with Radar,23,21,3,2,49,0,35,27,0,62,23,56,30,2,111,14,0,14,125
02/10/2014,FAI,AK,AAL,WE,Combined TRACON& Tower with Radar,33,30,11,8,82,0,70,24,0,94,33,100,35,8,176,36,6,42,218
02/11/2014,FAI,AK,AAL,WE,Combined TRACON& Tower with Radar,25,39,10,6,80,0,55,25,2,82,25,94,35,8,162,4,2,6,168
02/12/2014,FAI,AK,AAL,WE,Combined TRACON& Tower with Radar,25,38,23,10,96,0,69,28,0,97,25,107,51,10,193,22,0,22,215
02/13/2014,FAI,AK,AAL,WE,Combined TRACON& Tower with Radar,30,41,12,2,85,0,79,40,0,119,30,120,52,2,204,18,0,18,222
02/14/2014,FAI,AK,AAL,WE,Combined TRACON& Tower with Radar,25,40,14,2,81,0,72,47,0,119,25,112,61,2,200,60,0,60,260
02/15/2014,FAI,AK,AAL,WE,Combined TRACON& Tower with Radar,19,28,12,0,59,0,16,38,0,54,19,44,50,0,113,62,0,62,175
02/16/2014,FAI,AK,AAL,WE,Combined TRACON& Tower with Radar,24,30,10,0,64,0,27,33,0,60,24,57,43,0,124,38,0,38,162
02/17/2014,FAI,AK,AAL,WE,Combined TRACON& Tower with Radar,27,24,17,0,68,0,77,71,0,148,27,101,88,0,216,64,0,64,280
02/18/2014,FAI,AK,AAL,WE,Combined TRACON& Tower with Radar,26,30,11,10,77,0,72,49,4,125,26,102,60,14,202,129,2,131,333
02/19/2014,FAI,AK,AAL,WE,Combined TRACON& Tower with Radar,23,23,19,2,67,0,91,45,2,138,23,114,64,4,205,42,0,42,247
02/20/2014,FAI,AK,AAL,WE,Combined TRACON& Tower with Radar,27,33,14,4,78,0,75,39,6,120,27,108,53,10,198,20,0,20,218
02/21/2014,FAI,AK,AAL,WE,Combined TRACON& Tower with Radar,27,33,16,0,76,0,82,61,0,143,27,115,77,0,219,62,0,62,281
02/22/2014,FAI,AK,AAL,WE,Combined TRACON& Tower with Radar,19,16,15,2,52,0,51,109,7,167,19,67,124,9,219,74,4,78,297
02/23/2014,FAI,AK,AAL,WE,Combined TRACON& Tower with Radar,24,18,14,0,56,0,34,94,0,128,24,52,108,0,184,84,4,88,272
02/24/2014,FAI,AK,AAL,WE,Combined TRACON& Tower with Radar,30,31,9,9,79,0,72,44,3,119,30,103,53,12,198,51,0,51,249
02/25/2014,FAI,AK,AAL,WE,Combined TRACON& Tower with Radar,26,26,13,0,65,0,73,66,0,139,26,99,79,0,204,158,0,158,362
02/26/2014,FAI,AK,AAL,WE,Combined TRACON& Tower with Radar,24,29,11,5,69,0,70,54,2,126,24,99,65,7,195,47,0,47,242
02/27/2014,FAI,AK,AAL,WE,Combined TRACON& Tower with Radar,28,23,17,1,69,0,78,64,4,146,28,101,81,5,215,157,6,163,378
02/28/2014,FAI,AK,AAL,WE,Combined TRACON& Tower with Radar,27,42,24,3,96,0,87,76,0,163,27,129,100,3,259,60,2,62,321
03/01/2014,FAI,AK,AAL,WE,Combined TRACON& Tower with Radar,21,18,16,2,57,0,49,97,2,148,21,67,113,4,205,106,0,106,311
03/02/2014,FAI,AK,AAL,WE,Combined TRACON& Tower with Radar,24,28,22,0,74,0,37,68,0,105,24,65,90,0,179,144,0,144,323
03/03/2014,FAI,AK,AAL,WE,Combined TRACON& Tower with Radar,33,25,22,5,85,0,74,41,0,115,33,99,63,5,200,0,0,0,200
03/04/2014,FAI,AK,AAL,WE,Combined TRACON& Tower with Radar,34,54,19,3,110,0,56,65,0,121,34,110,84,3,231,102,0,102,333
03/05/2014,FAI,AK,AAL,WE,Combined TRACON& Tower with Radar,28,94,14,0,136,0,8,3,0,11,28,102,17,0,147,0,0,0,147
03/06/2014,FAI,AK,AAL,WE,Combined TRACON& Tower with Radar,34,54,15,5,108,0,76,60,7,143,34,130,75,12,251,22,0,22,273
03/07/2014,FAI,AK,AAL,WE,Combined TRACON& Tower with Radar,30,37,14,1,82,0,86,106,0,192,30,123,120,1,274,102,0,102,376
03/08/2014,FAI,AK,AAL,WE,Combined TRACON& Tower with Radar,28,16,14,0,58,0,43,79,0,122,28,59,93,0,180,72,0,72,252
03/09/2014,FAI,AK,AAL,WE,Combined TRACON& Tower with Radar,31,24,11,0,66,0,45,71,0,116,31,69,82,0,182,84,0,84,266
03/10/2014,FAI,AK,AAL,WE,Combined TRACON& Tower with Radar,35,27,8,5,75,0,74,57,0,131,35,101,65,5,206,74,0,74,280
03/11/2014,FAI,AK,AAL,WE,Combined TRACON& Tower with Radar,32,32,11,6,81,0,61,59,0,120,32,93,70,6,201,84,2,86,287
03/12/2014,FAI,AK,AAL,WE,Combined TRACON& Tower with Radar,32,44,18,5,99,0,70,57,3,130,32,114,75,8,229,117,6,123,352
03/13/2014,FAI,AK,AAL,WE,Combined TRACON& Tower with Radar,33,45,10,2,90,1,76,72,0,149,34,121,82,2,239,44,0,44,283
03/14/2014,FAI,AK,AAL,WE,Combined TRACON& Tower with Radar,49,46,13,1,109,2,72,82,0,156,51,118,95,1,265,110,0,110,375
03/15/2014,FAI,AK,AAL,WE,Combined TRACON& Tower with Radar,57,28,13,3,101,0,42,63,0,105,57,70,76,3,206,45,0,45,251
03/16/2014,FAI,AK,AAL,WE,Combined TRACON& Tower with Radar,36,25,19,0,80,0,42,90,1,133,36,67,109,1,213,84,0,84,297
03/17/2014,FAI,AK,AAL,WE,Combined TRACON& Tower with Radar,34,29,13,2,78,0,74,78,0,152,34,103,91,2,230,139,0,139,369
03/18/2014,FAI,AK,AAL,WE,Combined TRACON& Tower with Radar,32,30,17,2,81,0,77,82,1,160,32,107,99,3,241,118,0,118,359
03/19/2014,FAI,AK,AAL,WE,Combined TRACON& Tower with Radar,30,61,27,5,123,0,25,37,0,62,30,86,64,5,185,32,0,32,217
03/20/2014,FAI,AK,AAL,WE,Combined TRACON& Tower with Radar,37,31,37,0,105,14,81,78,0,173,51,112,115,0,278,70,0,70,348
03/21/2014,FAI,AK,AAL,WE,Combined TRACON& Tower with Radar,37,24,24,1,86,0,77,122,0,199,37,101,146,1,285,140,0,140,425
03/22/2014,FAI,AK,AAL,WE,Combined TRACON& Tower with Radar,41,14,12,0,67,0,38,91,0,129,41,52,103,0,196,177,2,179,375
03/23/2014,FAI,AK,AAL,WE,Combined TRACON& Tower with Radar,44,23,9,3,79,0,37,126,0,163,44,60,135,3,242,144,0,144,386
03/24/2014,FAI,AK,AAL,WE,Combined TRACON& Tower with Radar,36,27,18,6,87,0,71,65,0,136,36,98,83,6,223,70,0,70,293
03/25/2014,FAI,AK,AAL,WE,Combined TRACON& Tower with Radar,32,30,9,12,83,0,81,57,0,138,32,111,66,12,221,77,4,81,302
03/26/2014,FAI,AK,AAL,WE,Combined TRACON& Tower with Radar,32,31,22,10,95,0,76,65,2,143,32,107,87,12,238,50,0,50,288
03/27/2014,FAI,AK,AAL,WE,Combined TRACON& Tower with Radar,36,44,16,7,103,0,78,102,0,180,36,122,118,7,283,72,0,72,355
03/28/2014,FAI,AK,AAL,WE,Combined TRACON& Tower with Radar,36,34,32,3,105,0,70,118,0,188,36,104,150,3,293,116,0,116,409
03/29/2014,FAI,AK,AAL,WE,Combined TRACON& Tower with Radar,24,16,20,1,61,0,39,130,1,170,24,55,150,2,231,198,0,198,429
03/30/2014,FAI,AK,AAL,WE,Combined TRACON& Tower with Radar,32,21,16,0,69,0,31,102,2,135,32,52,118,2,204,165,0,165,369
03/31/2014,FAI,AK,AAL,WE,Combined TRACON& Tower with Radar,34,26,14,2,76,0,74,101,2,177,34,100,115,4,253,128,0,128,381
04/01/2014,FAI,AK,AAL,WE,Combined TRACON& Tower with Radar,31,27,18,11,87,0,72,68,1,141,31,99,86,12,228,48,32,80,308
04/02/2014,FAI,AK,AAL,WE,Combined TRACON& Tower with Radar,32,35,20,7,94,0,75,102,3,180,32,110,122,10,274,174,0,174,448
04/03/2014,FAI,AK,AAL,WE,Combined TRACON& Tower with Radar,34,22,22,11,89,0,81,95,2,178,34,103,117,13,267,112,0,112,379
04/04/2014,FAI,AK,AAL,WE,Combined TRACON& Tower with Radar,30,26,19,16,91,0,76,95,0,171,30,102,114,16,262,123,0,123,385
04/05/2014,FAI,AK,AAL,WE,Combined TRACON& Tower with Radar,24,16,20,0,60,0,33,98,0,131,24,49,118,0,191,292,2,294,485
04/06/2014,FAI,AK,AAL,WE,Combined TRACON& Tower with Radar,28,50,13,0,91,0,4,22,0,26,28,54,35,0,117,4,0,4,121
04/07/2014,FAI,AK,AAL,WE,Combined TRACON& Tower with Radar,34,77,3,4,118,0,8,3,0,11,34,85,6,4,129,0,0,0,129
04/08/2014,FAI,AK,AAL,WE,Combined TRACON& Tower with Radar,30,34,7,4,75,0,61,41,0,102,30,95,48,4,177,82,0,82,259
04/09/2014,FAI,AK,AAL,WE,Combined TRACON& Tower with Radar,28,28,15,2,73,0,80,43,0,123,28,108,58,2,196,128,0,128,324
04/10/2014,FAI,AK,AAL,WE,Combined TRACON& Tower with Radar,34,34,14,4,86,0,75,67,0,142,34,109,81,4,228,117,0,117,345
04/11/2014,FAI,AK,AAL,WE,Combined TRACON& Tower with Radar,32,29,14,3,78,1,73,94,1,169,33,102,108,4,247,108,0,108,355
04/12/2014,FAI,AK,AAL,WE,Combined TRACON& Tower with Radar,24,23,16,0,63,0,35,106,0,141,24,58,122,0,204,138,0,138,342
04/13/2014,FAI,AK,AAL,WE,Combined TRACON& Tower with Radar,28,26,13,2,69,0,26,67,0,93,28,52,80,2,162,138,0,138,300
04/14/2014,FAI,AK,AAL,WE,Combined TRACON& Tower with Radar,32,26,11,0,69,0,76,71,0,147,32,102,82,0,216,110,0,110,326
04/15/2014,FAI,AK,AAL,WE,Combined TRACON& Tower with Radar,30,33,6,5,74,0,68,77,0,145,30,101,83,5,219,155,0,155,374
04/16/2014,FAI,AK,AAL,WE,Combined TRACON& Tower with Radar,32,35,23,0,90,0,70,91,0,161,32,105,114,0,251,141,0,141,392
04/17/2014,FAI,AK,AAL,WE,Combined TRACON& Tower with Radar,34,34,12,6,86,0,62,69,3,134,34,96,81,9,220,54,0,54,274
04/18/2014,FAI,AK,AAL,WE,Combined TRACON& Tower with Radar,28,32,29,2,91,0,87,104,3,194,28,119,133,5,285,182,2,184,469
04/19/2014,FAI,AK,AAL,WE,Combined TRACON& Tower with Radar,24,17,23,0,64,0,39,101,0,140,24,56,124,0,204,142,0,142,346
04/20/2014,FAI,AK,AAL,WE,Combined TRACON& Tower with Radar,28,14,6,0,48,1,14,74,1,90,29,28,80,1,138,115,0,115,253
04/21/2014,FAI,AK,AAL,WE,Combined TRACON& Tower with Radar,35,22,13,2,72,0,85,81,1,167,35,107,94,3,239,155,0,155,394
04/22/2014,FAI,AK,AAL,WE,Combined TRACON& Tower with Radar,31,25,9,5,70,0,82,83,0,165,31,107,92,5,235,122,0,122,357
04/23/2014,FAI,AK,AAL,WE,Combined TRACON& Tower with Radar,33,24,13,3,73,0,80,85,2,167,33,104,98,5,240,155,0,155,395
04/24/2014,FAI,AK,AAL,WE,Combined TRACON& Tower with Radar,34,30,10,5,79,0,82,70,0,152,34,112,80,5,231,221,4,225,456
04/25/2014,FAI,AK,AAL,WE,Combined TRACON& Tower with Radar,34,28,10,7,79,0,73,73,3,149,34,101,83,10,228,159,2,161,389
04/26/2014,FAI,AK,AAL,WE,Combined TRACON& Tower with Radar,26,21,12,1,60,0,53,122,0,175,26,74,134,1,235,152,0,152,387
04/27/2014,FAI,AK,AAL,WE,Combined TRACON& Tower with Radar,28,23,6,2,59,0,26,89,1,116,28,49,95,3,175,112,0,112,287
04/28/2014,FAI,AK,AAL,WE,Combined TRACON& Tower with Radar,36,22,9,1,68,0,82,67,0,149,36,104,76,1,217,90,0,90,307
04/29/2014,FAI,AK,AAL,WE,Combined TRACON& Tower with Radar,31,30,15,4,80,1,69,66,0,136,32,99,81,4,216,188,0,188,404
04/30/2014,FAI,AK,AAL,WE,Combined TRACON& Tower with Radar,31,30,12,4,77,1,71,101,0,173,32,101,113,4,250,172,0,172,422
05/01/2014,FAI,AK,AAL,WE,Combined TRACON& Tower with Radar,36,27,15,0,78,0,74,94,0,168,36,101,109,0,246,196,0,196,442
05/02/2014,FAI,AK,AAL,WE,Combined TRACON& Tower with Radar,30,30,17,0,77,0,76,76,0,152,30,106,93,0,229,124,0,124,353
05/03/2014,FAI,AK,AAL,WE,Combined TRACON& Tower with Radar,22,14,18,1,55,0,33,108,1,142,22,47,126,2,197,164,0,164,361
05/04/2014,FAI,AK,AAL,WE,Combined TRACON& Tower with Radar,24,21,16,4,65,0,32,90,2,124,24,53,106,6,189,90,0,90,279
05/05/2014,FAI,AK,AAL,WE,Combined TRACON& Tower with Radar,37,36,16,6,95,0,55,41,0,96,37,91,57,6,191,88,0,88,279
05/06/2014,FAI,AK,AAL,WE,Combined TRACON& Tower with Radar,29,38,19,3,89,1,60,101,1,163,30,98,120,4,252,211,0,211,463
05/07/2014,FAI,AK,AAL,WE,Combined TRACON& Tower with Radar,28,58,23,2,111,0,31,33,2,66,28,89,56,4,177,119,0,119,296
05/08/2014,FAI,AK,AAL,WE,Combined TRACON& Tower with Radar,33,29,18,7,87,0,78,119,4,201,33,107,137,11,288,152,0,152,440
05/09/2014,FAI,AK,AAL,WE,Combined TRACON& Tower with Radar,33,28,27,3,91,0,69,107,0,176,33,97,134,3,267,145,0,145,412
05/10/2014,FAI,AK,AAL,WE,Combined TRACON& Tower with Radar,27,20,24,3,74,0,53,142,2,197,27,73,166,5,271,276,0,276,547
05/11/2014,FAI,AK,AAL,WE,Combined TRACON& Tower with Radar,25,16,8,0,49,1,25,109,3,138,26,41,117,3,187,178,0,178,365
05/12/2014,FAI,AK,AAL,WE,Combined TRACON& Tower with Radar,31,17,21,2,71,0,88,144,0,232,31,105,165,2,303,240,0,240,543
05/13/2014,FAI,AK,AAL,WE,Combined TRACON& Tower with Radar,50,30,26,4,110,0,78,74,2,154,50,108,100,6,264,76,0,76,340
05/14/2014,FAI,AK,AAL,WE,Combined TRACON& Tower with Radar,29,33,24,0,86,0,100,170,3,273,29,133,194,3,359,185,1,186,545
05/15/2014,FAI,AK,AAL,WE,Combined TRACON& Tower with Radar,32,35,31,0,98,0,92,144,3,239,32,127,175,3,337,222,0,222,559
05/16/2014,FAI,AK,AAL,WE,Combined TRACON& Tower with Radar,32,39,16,2,89,1,84,90,2,177,33,123,106,4,266,110,0,110,376
05/17/2014,FAI,AK,AAL,WE,Combined TRACON& Tower with Radar,27,15,21,2,65,0,48,262,0,310,27,63,283,2,375,233,0,233,608
05/18/2014,FAI,AK,AAL,WE,Combined TRACON& Tower with Radar,29,11,16,3,59,0,31,109,1,141,29,42,125,4,200,55,0,55,255
05/19/2014,FAI,AK,AAL,WE,Combined TRACON& Tower with Radar,34,23,11,6,74,0,74,110,2,186,34,97,121,8,260,52,0,52,312
05/20/2014,FAI,AK,AAL,WE,Combined TRACON& Tower with Radar,34,20,26,2,82,0,86,178,0,264,34,106,204,2,346,187,0,187,533
05/21/2014,FAI,AK,AAL,WE,Combined TRACON& Tower with Radar,34,25,19,3,81,0,89,121,2,212,34,114,140,5,293,211,3,214,507
05/22/2014,FAI,AK,AAL,WE,Combined TRACON& Tower with Radar,38,30,13,0,81,0,84,148,1,233,38,114,161,1,314,234,0,234,548
05/23/2014,FAI,AK,AAL,WE,Combined TRACON& Tower with Radar,37,20,24,1,82,0,88,181,0,269,37,108,205,1,351,168,0,168,519
05/24/2014,FAI,AK,AAL,WE,Combined TRACON& Tower with Radar,29,16,18,1,64,1,41,131,0,173,30,57,149,1,237,90,0,90,327
05/25/2014,FAI,AK,AAL,WE,Combined TRACON& Tower with Radar,28,32,12,1,73,0,34,64,0,98,28,66,76,1,171,24,0,24,195
05/26/2014,FAI,AK,AAL,WE,Combined TRACON& Tower with Radar,32,16,19,2,69,0,45,223,0,268,32,61,242,2,337,228,2,230,567
05/27/2014,FAI,AK,AAL,WE,Combined TRACON& Tower with Radar,40,31,20,2,93,0,70,108,0,178,40,101,128,2,271,196,0,196,467
05/28/2014,FAI,AK,AAL,WE,Combined TRACON& Tower with Radar,32,31,26,14,103,1,74,153,5,233,33,105,179,19,336,191,0,191,527
05/29/2014,FAI,AK,AAL,WE,Combined TRACON& Tower with Radar,46,28,23,3,100,1,85,164,5,255,47,113,187,8,355,226,0,226,581
05/30/2014,FAI,AK,AAL,WE,Combined TRACON& Tower with Radar,41,21,16,0,78,0,91,165,0,256,41,112,181,0,334,149,0,149,483
05/31/2014,FAI,AK,AAL,WE,Combined TRACON& Tower with Radar,32,22,17,1,72,0,31,123,1,155,32,53,140,2,227,143,0,143,370
06/01/2014,FAI,AK,AAL,WE,Combined TRACON& Tower with Radar,32,25,23,0,80,0,27,86,0,113,32,52,109,0,193,77,0,77,270
06/02/2014,FAI,AK,AAL,WE,Combined TRACON& Tower with Radar,42,50,22,8,122,0,44,104,3,151,42,94,126,11,273,130,0,130,403
06/03/2014,FAI,AK,AAL,WE,Combined TRACON& Tower with Radar,39,35,38,4,116,0,68,154,0,222,39,103,192,4,338,274,0,274,612
06/04/2014,FAI,AK,AAL,WE,Combined TRACON& Tower with Radar,38,22,23,1,84,0,95,191,1,287,38,117,214,2,371,242,0,242,613
06/05/2014,FAI,AK,AAL,WE,Combined TRACON& Tower with Radar,45,58,17,2,122,2,57,124,0,183,47,115,141,2,305,135,0,135,440
06/06/2014,FAI,AK,AAL,WE,Combined TRACON& Tower with Radar,42,37,29,1,109,2,76,153,1,232,44,113,182,2,341,162,0,162,503
06/07/2014,FAI,AK,AAL,WE,Combined TRACON& Tower with Radar,35,16,28,0,79,0,52,240,0,292,35,68,268,0,371,290,0,290,661
06/08/2014,FAI,AK,AAL,WE,Combined TRACON& Tower with Radar,38,20,13,0,71,0,43,74,0,117,38,63,87,0,188,0,0,0,188
06/09/2014,FAI,AK,AAL,WE,Combined TRACON& Tower with Radar,47,41,21,1,110,0,60,147,1,208,47,101,168,2,318,289,0,289,607
06/10/2014,FAI,AK,AAL,WE,Combined TRACON& Tower with Radar,39,36,12,15,102,1,62,102,3,168,40,98,114,18,270,170,0,170,440
06/11/2014,FAI,AK,AAL,WE,Combined TRACON& Tower with Radar,45,31,21,8,105,1,74,139,0,214,46,105,160,8,319,125,0,125,444
06/12/2014,FAI,AK,AAL,WE,Combined TRACON& Tower with Radar,54,32,31,4,121,14,96,179,2,291,68,128,210,6,412,295,0,295,707
06/13/2014,FAI,AK,AAL,WE,Combined TRACON& Tower with Radar,48,23,36,0,107,0,95,198,0,293,48,118,234,0,400,111,0,111,511
06/14/2014,FAI,AK,AAL,WE,Combined TRACON& Tower with Radar,35,18,27,0,80,0,106,159,1,266,35,124,186,1,346,141,0,141,487
06/15/2014,FAI,AK,AAL,WE,Combined TRACON& Tower with Radar,38,18,29,0,85,0,46,208,0,254,38,64,237,0,339,188,0,188,527
06/16/2014,FAI,AK,AAL,WE,Combined TRACON& Tower with Radar,46,22,29,0,97,2,84,133,0,219,48,106,162,0,316,199,0,199,515
06/17/2014,FAI,AK,AAL,WE,Combined TRACON& Tower with Radar,49,34,17,1,101,1,91,164,0,256,50,125,181,1,357,168,0,168,525
06/18/2014,FAI,AK,AAL,WE,Combined TRACON& Tower with Radar,45,74,59,0,178,0,29,31,0,60,45,103,90,0,238,35,1,36,274
06/19/2014,FAI,AK,AAL,WE,Combined TRACON& Tower with Radar,53,84,62,0,199,0,25,43,0,68,53,109,105,0,267,96,0,96,363
06/20/2014,FAI,AK,AAL,WE,Combined TRACON& Tower with Radar,53,43,32,0,128,0,69,155,0,224,53,112,187,0,352,156,0,156,508
06/21/2014,FAI,AK,AAL,WE,Combined TRACON& Tower with Radar,38,19,25,0,82,1,43,155,0,199,39,62,180,0,281,136,0,136,417
06/22/2014,FAI,AK,AAL,WE,Combined TRACON& Tower with Radar,39,24,19,4,86,0,45,190,1,236,39,69,209,5,322,216,0,216,538
06/23/2014,FAI,AK,AAL,WE,Combined TRACON& Tower with Radar,49,27,18,2,96,1,90,167,3,261,50,117,185,5,357,165,2,167,524
06/24/2014,FAI,AK,AAL,WE,Combined TRACON& Tower with Radar,42,31,19,0,92,0,101,187,0,288,42,132,206,0,380,251,0,251,631
06/25/2014,FAI,AK,AAL,WE,Combined TRACON& Tower with Radar,45,90,51,1,187,0,27,60,0,87,45,117,111,1,274,51,0,51,325
06/26/2014,FAI,AK,AAL,WE,Combined TRACON& Tower with Radar,49,65,41,0,155,0,63,94,2,159,49,128,135,2,314,109,0,109,423
06/27/2014,FAI,AK,AAL,WE,Combined TRACON& Tower with Radar,44,66,28,0,138,0,38,68,2,108,44,104,96,2,246,50,0,50,296
06/28/2014,FAI,AK,AAL,WE,Combined TRACON& Tower with Radar,32,28,20,2,82,0,54,225,4,283,32,82,245,6,365,181,0,181,546
06/29/2014,FAI,AK,AAL,WE,Combined TRACON& Tower with Radar,35,20,18,2,75,0,49,193,4,246,35,69,211,6,321,202,0,202,523
06/30/2014,FAI,AK,AAL,WE,Combined TRACON& Tower with Radar,43,21,19,3,86,0,95,141,3,239,43,116,160,6,325,178,0,178,503
07/01/2014,FAI,AK,AAL,WE,Combined TRACON& Tower with Radar,44,83,30,2,159,0,24,30,0,54,44,107,60,2,213,12,0,12,225
07/02/2014,FAI,AK,AAL,WE,Combined TRACON& Tower with Radar,46,75,23,4,148,0,35,89,0,124,46,110,112,4,272,90,0,90,362
07/03/2014,FAI,AK,AAL,WE,Combined TRACON& Tower with Radar,52,22,23,3,100,1,104,194,0,299,53,126,217,3,399,160,0,160,559
07/04/2014,FAI,AK,AAL,WE,Combined TRACON& Tower with Radar,36,13,13,0,62,0,32,182,0,214,36,45,195,0,276,215,0,215,491
07/05/2014,FAI,AK,AAL,WE,Combined TRACON& Tower with Radar,29,17,21,0,67,0,60,196,0,256,29,77,217,0,323,153,0,153,476
07/06/2014,FAI,AK,AAL,WE,Combined TRACON& Tower with Radar,36,11,11,0,58,0,66,212,0,278,36,77,223,0,336,132,0,132,468
07/07/2014,FAI,AK,AAL,WE,Combined TRACON& Tower with Radar,50,47,22,0,119,0,54,135,0,189,50,101,157,0,308,127,0,127,435
07/08/2014,FAI,AK,AAL,WE,Combined TRACON& Tower with Radar,40,22,19,0,81,0,105,150,2,257,40,127,169,2,338,149,3,152,490
07/09/2014,FAI,AK,AAL,WE,Combined TRACON& Tower with Radar,46,38,17,0,101,1,102,189,0,292,47,140,206,0,393,179,0,179,572
07/10/2014,FAI,AK,AAL,WE,Combined TRACON& Tower with Radar,50,30,13,3,96,1,100,189,3,293,51,130,202,6,389,194,0,194,583
07/11/2014,FAI,AK,AAL,WE,Combined TRACON& Tower with Radar,46,31,23,6,106,3,67,170,7,247,49,98,193,13,353,192,0,192,545
07/12/2014,FAI,AK,AAL,WE,Combined TRACON& Tower with Radar,37,20,17,0,74,0,40,239,1,280,37,60,256,1,354,232,0,232,586
07/13/2014,FAI,AK,AAL,WE,Combined TRACON& Tower with Radar,39,18,12,0,69,0,33,144,1,178,39,51,156,1,247,106,1,107,354
07/14/2014,FAI,AK,AAL,WE,Combined TRACON& Tower with Radar,45,63,19,2,129,0,54,85,1,140,45,117,104,3,269,36,2,38,307
07/15/2014,FAI,AK,AAL,WE,Combined TRACON& Tower with Radar,44,104,22,4,174,0,15,47,0,62,44,119,69,4,236,0,2,2,238
07/16/2014,FAI,AK,AAL,WE,Combined TRACON& Tower with Radar,46,50,39,4,139,2,62,190,2,256,48,112,229,6,395,69,0,69,464
07/17/2014,FAI,AK,AAL,WE,Combined TRACON& Tower with Radar,53,58,27,2,140,1,63,229,11,304,54,121,256,13,444,236,0,236,680
07/18/2014,FAI,AK,AAL,WE,Combined TRACON& Tower with Radar,43,51,29,2,125,0,74,148,2,224,43,125,177,4,349,220,0,220,569
07/19/2014,FAI,AK,AAL,WE,Combined TRACON& Tower with Radar,36,44,19,0,99,0,33,135,6,174,36,77,154,6,273,100,4,104,377
07/20/2014,FAI,AK,AAL,WE,Combined TRACON& Tower with Radar,38,36,21,0,95,0,29,192,0,221,38,65,213,0,316,280,0,280,596
07/21/2014,FAI,AK,AAL,WE,Combined TRACON& Tower with Radar,48,36,28,3,115,0,83,201,1,285,48,119,229,4,400,292,0,292,692
07/22/2014,FAI,AK,AAL,WE,Combined TRACON& Tower with Radar,42,36,28,3,109,0,60,96,3,159,42,96,124,6,268,0,0,0,268
07/23/2014,FAI,AK,AAL,WE,Combined TRACON& Tower with Radar,45,61,39,7,152,0,44,59,1,104,45,105,98,8,256,0,0,0,256
07/24/2014,FAI,AK,AAL,WE,Combined TRACON& Tower with Radar,55,93,32,0,180,0,7,43,0,50,55,100,75,0,230,20,0,20,250
07/25/2014,FAI,AK,AAL,WE,Combined TRACON& Tower with Radar,45,52,22,1,120,0,76,148,0,224,45,128,170,1,344,186,0,186,530
07/26/2014,FAI,AK,AAL,WE,Combined TRACON& Tower with Radar,37,27,31,3,98,0,49,254,2,305,37,76,285,5,403,250,0,250,653
07/27/2014,FAI,AK,AAL,WE,Combined TRACON& Tower with Radar,41,18,19,3,81,0,58,181,1,240,41,76,200,4,321,218,0,218,539
07/28/2014,FAI,AK,AAL,WE,Combined TRACON& Tower with Radar,47,39,22,7,115,0,80,153,0,233,47,119,175,7,348,296,4,300,648
07/29/2014,FAI,AK,AAL,WE,Combined TRACON& Tower with Radar,44,21,27,3,95,1,90,208,3,302,45,111,235,6,397,186,2,188,585
07/30/2014,FAI,AK,AAL,WE,Combined TRACON& Tower with Radar,47,24,44,4,119,0,117,268,0,385,47,141,312,4,504,172,0,172,676
07/31/2014,FAI,AK,AAL,WE,Combined TRACON& Tower with Radar,51,36,23,3,113,0,83,199,2,284,51,119,222,5,397,304,0,304,701
08/01/2014,FAI,AK,AAL,WE,Combined TRACON& Tower with Radar,49,84,33,0,166,0,4,25,0,29,49,88,58,0,195,29,0,29,224
08/02/2014,FAI,AK,AAL,WE,Combined TRACON& Tower with Radar,41,59,36,1,137,0,18,46,0,64,41,77,82,1,201,41,0,41,242
08/03/2014,FAI,AK,AAL,WE,Combined TRACON& Tower with Radar,39,31,24,0,94,0,47,212,0,259,39,78,236,0,353,222,0,222,575
08/04/2014,FAI,AK,AAL,WE,Combined TRACON& Tower with Radar,46,25,26,5,102,2,96,127,1,226,48,121,153,6,328,262,0,262,590
08/05/2014,FAI,AK,AAL,WE,Combined TRACON& Tower with Radar,40,53,27,0,120,0,70,98,0,168,40,123,125,0,288,114,0,114,402
08/06/2014,FAI,AK,AAL,WE,Combined TRACON& Tower with Radar,45,44,25,3,117,0,106,169,1,276,45,150,194,4,393,318,0,318,711
08/07/2014,FAI,AK,AAL,WE,Combined TRACON& Tower with Radar,49,38,17,0,104,1,112,176,0,289,50,150,193,0,393,158,0,158,551
08/08/2014,FAI,AK,AAL,WE,Combined TRACON& Tower with Radar,48,24,23,5,100,3,144,185,0,332,51,168,208,5,432,163,0,163,595
08/09/2014,FAI,AK,AAL,WE,Combined TRACON& Tower with Radar,31,14,32,0,77,1,84,232,0,317,32,98,264,0,394,155,0,155,549
08/10/2014,FAI,AK,AAL,WE,Combined TRACON& Tower with Radar,39,22,23,1,85,0,64,198,0,262,39,86,221,1,347,112,0,112,459
08/11/2014,FAI,AK,AAL,WE,Combined TRACON& Tower with Radar,47,19,12,3,81,1,110,189,0,300,48,129,201,3,381,143,0,143,524
08/12/2014,FAI,AK,AAL,WE,Combined TRACON& Tower with Radar,40,46,26,0,112,0,68,125,2,195,40,114,151,2,307,118,4,122,429
08/13/2014,FAI,AK,AAL,WE,Combined TRACON& Tower with Radar,54,26,22,8,110,0,114,173,0,287,54,140,195,8,397,206,2,208,605
08/14/2014,FAI,AK,AAL,WE,Combined TRACON& Tower with Radar,51,27,22,1,101,0,98,198,1,297,51,125,220,2,398,174,0,174,572
08/15/2014,FAI,AK,AAL,WE,Combined TRACON& Tower with Radar,44,49,22,0,115,1,77,124,2,204,45,126,146,2,319,144,0,144,463
08/16/2014,FAI,AK,AAL,WE,Combined TRACON& Tower with Radar,38,18,29,0,85,1,76,199,4,280,39,94,228,4,365,198,0,198,563
08/17/2014,FAI,AK,AAL,WE,Combined TRACON& Tower with Radar,40,25,29,2,96,0,56,177,2,235,40,81,206,4,331,116,0,116,447
08/18/2014,FAI,AK,AAL,WE,Combined TRACON& Tower with Radar,47,40,26,0,113,2,60,131,2,195,49,100,157,2,308,79,0,79,387
08/19/2014,FAI,AK,AAL,WE,Combined TRACON& Tower with Radar,37,68,32,0,137,0,54,174,8,236,37,122,206,8,373,61,0,61,434
08/20/2014,FAI,AK,AAL,WE,Combined TRACON& Tower with Radar,42,39,27,2,110,0,87,183,7,277,42,126,210,9,387,74,0,74,461
08/21/2014,FAI,AK,AAL,WE,Combined TRACON& Tower with Radar,52,49,32,7,140,1,89,113,47,250,53,138,145,54,390,28,0,28,418
08/22/2014,FAI,AK,AAL,WE,Combined TRACON& Tower with Radar,41,21,29,0,91,0,99,219,0,318,41,120,248,0,409,101,0,101,510
08/23/2014,FAI,AK,AAL,WE,Combined TRACON& Tower with Radar,30,23,13,2,68,0,57,149,0,206,30,80,162,2,274,105,0,105,379
08/24/2014,FAI,AK,AAL,WE,Combined TRACON& Tower with Radar,39,22,27,3,91,0,59,195,2,256,39,81,222,5,347,156,0,156,503
08/25/2014,FAI,AK,AAL,WE,Combined TRACON& Tower with Radar,42,64,25,3,134,0,63,100,0,163,42,127,125,3,297,59,0,59,356
08/26/2014,FAI,AK,AAL,WE,Combined TRACON& Tower with Radar,39,69,19,6,133,0,56,129,0,185,39,125,148,6,318,184,0,184,502
08/27/2014,FAI,AK,AAL,WE,Combined TRACON& Tower with Radar,41,62,39,6,148,1,65,140,6,212,42,127,179,12,360,76,0,76,436
08/28/2014,FAI,AK,AAL,WE,Combined TRACON& Tower with Radar,50,48,33,8,139,0,71,194,0,265,50,119,227,8,404,164,0,164,568
08/29/2014,FAI,AK,AAL,WE,Combined TRACON& Tower with Radar,43,79,42,12,176,0,33,91,0,124,43,112,133,12,300,18,0,18,318
08/30/2014,FAI,AK,AAL,WE,Combined TRACON& Tower with Radar,31,19,22,12,84,0,93,222,7,322,31,112,244,19,406,145,4,149,555
08/31/2014,FAI,AK,AAL,WE,Combined TRACON& Tower with Radar,37,21,28,6,92,1,70,268,0,339,38,91,296,6,431,78,0,78,509
09/01/2014,FAI,AK,AAL,WE,Combined TRACON& Tower with Radar,42,58,20,0,120,0,37,86,4,127,42,95,106,4,247,66,6,72,319
09/02/2014,FAI,AK,AAL,WE,Combined TRACON& Tower with Radar,38,38,27,5,108,0,72,114,2,188,38,110,141,7,296,14,0,14,310
09/03/2014,FAI,AK,AAL,WE,Combined TRACON& Tower with Radar,40,26,25,13,104,0,80,145,2,227,40,106,170,15,331,24,2,26,357
09/04/2014,FAI,AK,AAL,WE,Combined TRACON& Tower with Radar,45,28,18,4,95,0,93,226,1,320,45,121,244,5,415,108,0,108,523
09/05/2014,FAI,AK,AAL,WE,Combined TRACON& Tower with Radar,39,28,22,2,91,0,114,157,1,272,39,142,179,3,363,91,0,91,454
09/06/2014,FAI,AK,AAL,WE,Combined TRACON& Tower with Radar,32,14,16,1,63,0,68,240,0,308,32,82,256,1,371,78,0,78,449
09/07/2014,FAI,AK,AAL,WE,Combined TRACON& Tower with Radar,35,18,25,0,78,0,66,237,0,303,35,84,262,0,381,100,0,100,481
09/08/2014,FAI,AK,AAL,WE,Combined TRACON& Tower with Radar,42,16,23,1,82,0,113,210,0,323,42,129,233,1,405,94,0,94,499
09/09/2014,FAI,AK,AAL,WE,Combined TRACON& Tower with Radar,32,30,19,2,83,0,103,198,2,303,32,133,217,4,386,157,0,157,543
09/10/2014,FAI,AK,AAL,WE,Combined TRACON& Tower with Radar,38,37,25,7,107,0,100,185,4,289,38,137,210,11,396,86,12,98,494
09/11/2014,FAI,AK,AAL,WE,Combined TRACON& Tower with Radar,42,27,20,3,92,0,90,232,8,330,42,117,252,11,422,120,0,120,542
09/12/2014,FAI,AK,AAL,WE,Combined TRACON& Tower with Radar,36,33,21,0,90,0,117,216,1,334,36,150,237,1,424,120,0,120,544
09/13/2014,FAI,AK,AAL,WE,Combined TRACON& Tower with Radar,28,24,32,1,85,0,75,202,0,277,28,99,234,1,362,152,0,152,514
09/14/2014,FAI,AK,AAL,WE,Combined TRACON& Tower with Radar,30,25,15,1,71,0,84,236,4,324,30,109,251,5,395,61,0,61,456
09/15/2014,FAI,AK,AAL,WE,Combined TRACON& Tower with Radar,37,27,24,4,92,0,106,162,3,271,37,133,186,7,363,100,0,100,463
09/16/2014,FAI,AK,AAL,WE,Combined TRACON& Tower with Radar,32,33,20,7,92,0,101,149,5,255,32,134,169,12,347,84,0,84,431
09/17/2014,FAI,AK,AAL,WE,Combined TRACON& Tower with Radar,28,31,26,5,90,0,104,175,3,282,28,135,201,8,372,162,2,164,536
09/18/2014,FAI,AK,AAL,WE,Combined TRACON& Tower with Radar,36,30,21,5,92,0,129,213,0,342,36,159,234,5,434,95,0,95,529
09/19/2014,FAI,AK,AAL,WE,Combined TRACON& Tower with Radar,30,29,25,4,88,4,113,187,6,310,34,142,212,10,398,133,1,134,532
09/20/2014,FAI,AK,AAL,WE,Combined TRACON& Tower with Radar,24,54,27,0,105,0,19,52,0,71,24,73,79,0,176,0,0,0,176
09/21/2014,FAI,AK,AAL,WE,Combined TRACON& Tower with Radar,28,45,36,0,109,0,21,155,1,177,28,66,191,1,286,38,0,38,324
09/22/2014,FAI,AK,AAL,WE,Combined TRACON& Tower with Radar,37,22,12,4,75,0,94,147,4,245,37,116,159,8,320,100,0,100,420
09/23/2014,FAI,AK,AAL,WE,Combined TRACON& Tower with Radar,32,71,18,7,128,0,34,86,1,121,32,105,104,8,249,103,0,103,352
09/24/2014,FAI,AK,AAL,WE,Combined TRACON& Tower with Radar,32,61,29,16,138,0,54,55,1,110,32,115,84,17,248,72,0,72,320
09/25/2014,FAI,AK,AAL,WE,Combined TRACON& Tower with Radar,34,25,29,3,91,0,93,186,2,281,34,118,215,5,372,106,2,108,480
09/26/2014,FAI,AK,AAL,WE,Combined TRACON& Tower with Radar,32,23,21,1,77,0,114,178,4,296,32,137,199,5,373,118,0,118,491
09/27/2014,FAI,AK,AAL,WE,Combined TRACON& Tower with Radar,26,24,21,0,71,0,53,214,2,269,26,77,235,2,340,208,0,208,548
09/28/2014,FAI,AK,AAL,WE,Combined TRACON& Tower with Radar,28,22,18,0,68,0,37,107,5,149,28,59,125,5,217,125,0,125,342
09/29/2014,FAI,AK,AAL,WE,Combined TRACON& Tower with Radar,36,52,17,4,109,0,46,43,2,91,36,98,60,6,200,26,0,26,226
09/30/2014,FAI,AK,AAL,WE,Combined TRACON& Tower with Radar,32,66,21,6,125,0,8,12,0,20,32,74,33,6,145,22,0,22,167
10/01/2014,FAI,AK,AAL,WE,Combined TRACON& Tower with Radar,32,63,29,0,124,2,35,53,2,92,34,98,82,2,216,122,0,122,338
10/02/2014,FAI,AK,AAL,WE,Combined TRACON& Tower with Radar,34,56,22,1,113,0,71,104,0,175,34,127,126,1,288,156,0,156,444
10/03/2014,FAI,AK,AAL,WE,Combined TRACON& Tower with Radar,34,47,21,2,104,0,61,82,0,143,34,108,103,2,247,56,0,56,303
10/04/2014,FAI,AK,AAL,WE,Combined TRACON& Tower with Radar,24,45,8,2,79,0,1,4,0,5,24,46,12,2,84,1,0,1,85
10/05/2014,FAI,AK,AAL,WE,Combined TRACON& Tower with Radar,28,39,13,2,82,0,13,20,0,33,28,52,33,2,115,0,0,0,115
10/06/2014,FAI,AK,AAL,WE,Combined TRACON& Tower with Radar,37,27,10,0,74,1,47,37,0,85,38,74,47,0,159,14,0,14,173
10/07/2014,FAI,AK,AAL,WE,Combined TRACON& Tower with Radar,31,61,19,4,115,0,38,33,0,71,31,99,52,4,186,25,0,25,211
10/08/2014,FAI,AK,AAL,WE,Combined TRACON& Tower with Radar,31,39,19,0,89,0,69,49,0,118,31,108,68,0,207,70,0,70,277
10/09/2014,FAI,AK,AAL,WE,Combined TRACON& Tower with Radar,35,31,10,0,76,1,95,59,0,155,36,126,69,0,231,78,0,78,309
10/10/2014,FAI,AK,AAL,WE,Combined TRACON& Tower with Radar,33,62,13,2,110,0,33,27,2,62,33,95,40,4,172,62,0,62,234
10/11/2014,FAI,AK,AAL,WE,Combined TRACON& Tower with Radar,24,33,13,1,71,0,38,62,0,100,24,71,75,1,171,116,0,116,287
10/12/2014,FAI,AK,AAL,WE,Combined TRACON& Tower with Radar,29,40,9,1,79,0,14,19,0,33,29,54,28,1,112,68,16,84,196
10/13/2014,FAI,AK,AAL,WE,Combined TRACON& Tower with Radar,34,50,16,0,100,0,45,43,0,88,34,95,59,0,188,145,0,145,333
10/14/2014,FAI,AK,AAL,WE,Combined TRACON& Tower with Radar,32,37,9,0,78,2,68,56,0,126,34,105,65,0,204,214,0,214,418
10/15/2014,FAI,AK,AAL,WE,Combined TRACON& Tower with Radar,30,42,14,0,86,0,68,37,0,105,30,110,51,0,191,114,0,114,305
10/16/2014,FAI,AK,AAL,WE,Combined TRACON& Tower with Radar,34,43,18,4,99,0,54,72,6,132,34,97,90,10,231,199,0,199,430
10/17/2014,FAI,AK,AAL,WE,Combined TRACON& Tower with Radar,31,34,19,0,84,0,64,69,0,133,31,98,88,0,217,136,0,136,353
10/18/2014,FAI,AK,AAL,WE,Combined TRACON& Tower with Radar,24,28,10,1,63,0,35,73,0,108,24,63,83,1,171,158,0,158,329
10/19/2014,FAI,AK,AAL,WE,Combined TRACON& Tower with Radar,28,26,8,3,65,0,29,54,0,83,28,55,62,3,148,117,0,117,265
10/20/2014,FAI,AK,AAL,WE,Combined TRACON& Tower with Radar,32,32,14,9,87,0,54,60,1,115,32,86,74,10,202,110,10,120,322
10/21/2014,FAI,AK,AAL,WE,Combined TRACON& Tower with Radar,34,40,16,5,95,0,60,53,5,118,34,100,69,10,213,138,0,138,351
10/22/2014,FAI,AK,AAL,WE,Combined TRACON& Tower with Radar,31,36,11,11,89,0,67,55,4,126,31,103,66,15,215,120,0,120,335
10/23/2014,FAI,AK,AAL,WE,Combined TRACON& Tower with Radar,34,64,18,0,116,0,40,46,1,87,34,104,64,1,203,68,0,68,271
10/24/2014,FAI,AK,AAL,WE,Combined TRACON& Tower with Radar,30,61,16,0,107,0,34,17,0,51,30,95,33,0,158,50,0,50,208
10/25/2014,FAI,AK,AAL,WE,Combined TRACON& Tower with Radar,25,50,7,0,82,0,2,1,0,3,25,52,8,0,85,60,0,60,145
10/26/2014,FAI,AK,AAL,WE,Combined TRACON& Tower with Radar,28,27,12,2,69,0,19,63,0,82,28,46,75,2,151,80,0,80,231
10/27/2014,FAI,AK,AAL,WE,Combined TRACON& Tower with Radar,34,28,19,6,87,0,59,26,0,85,34,87,45,6,172,81,0,81,253
10/28/2014,FAI,AK,AAL,WE,Combined TRACON& Tower with Radar,30,26,18,2,76,0,69,58,0,127,30,95,76,2,203,194,0,194,397
10/29/2014,FAI,AK,AAL,WE,Combined TRACON& Tower with Radar,30,41,13,2,86,0,79,52,4,135,30,120,65,6,221,50,0,50,271
10/30/2014,FAI,AK,AAL,WE,Combined TRACON& Tower with Radar,34,43,26,8,111,0,34,28,0,62,34,77,54,8,173,84,0,84,257
10/31/2014,FAI,AK,AAL,WE,Combined TRACON& Tower with Radar,31,28,19,12,90,0,60,38,4,102,31,88,57,16,192,132,2,134,326
11/01/2014,FAI,AK,AAL,WE,Combined TRACON& Tower with Radar,27,16,9,0,52,0,37,60,0,97,27,53,69,0,149,172,0,172,321
11/02/2014,FAI,AK,AAL,WE,Combined TRACON& Tower with Radar,28,23,7,1,59,0,16,38,0,54,28,39,45,1,113,78,0,78,191
11/03/2014,FAI,AK,AAL,WE,Combined TRACON& Tower with Radar,32,17,9,0,58,0,74,50,0,124,32,91,59,0,182,81,0,81,263
11/04/2014,FAI,AK,AAL,WE,Combined TRACON& Tower with Radar,27,19,14,1,61,0,55,77,0,132,27,74,91,1,193,104,0,104,297
11/05/2014,FAI,AK,AAL,WE,Combined TRACON& Tower with Radar,27,29,9,2,67,0,83,35,0,118,27,112,44,2,185,46,0,46,231
11/06/2014,FAI,AK,AAL,WE,Combined TRACON& Tower with Radar,34,20,12,7,73,0,58,48,0,106,34,78,60,7,179,158,0,158,337
11/07/2014,FAI,AK,AAL,WE,Combined TRACON& Tower with Radar,30,25,7,4,66,0,65,53,0,118,30,90,60,4,184,78,0,78,262
11/08/2014,FAI,AK,AAL,WE,Combined TRACON& Tower with Radar,26,14,15,0,55,0,35,62,0,97,26,49,77,0,152,144,0,144,296
11/09/2014,FAI,AK,AAL,WE,Combined TRACON& Tower with Radar,28,26,17,0,71,0,33,38,0,71,28,59,55,0,142,139,0,139,281
11/10/2014,FAI,AK,AAL,WE,Combined TRACON& Tower with Radar,34,29,16,1,80,0,54,48,0,102,34,83,64,1,182,48,0,48,230
11/11/2014,FAI,AK,AAL,WE,Combined TRACON& Tower with Radar,28,34,8,2,72,0,76,48,3,127,28,110,56,5,199,145,0,145,344
11/12/2014,FAI,AK,AAL,WE,Combined TRACON& Tower with Radar,26,35,5,4,70,0,74,37,0,111,26,109,42,4,181,89,0,89,270
11/13/2014,FAI,AK,AAL,WE,Combined TRACON& Tower with Radar,34,37,8,5,84,0,57,38,1,96,34,94,46,6,180,68,2,70,250
11/14/2014,FAI,AK,AAL,WE,Combined TRACON& Tower with Radar,29,27,25,4,85,2,85,60,1,148,31,112,85,5,233,54,0,54,287
11/15/2014,FAI,AK,AAL,WE,Combined TRACON& Tower with Radar,23,24,11,2,60,0,45,53,0,98,23,69,64,2,158,64,0,64,222
11/16/2014,FAI,AK,AAL,WE,Combined TRACON& Tower with Radar,28,19,6,2,55,1,25,41,0,67,29,44,47,2,122,51,0,51,173
11/17/2014,FAI,AK,AAL,WE,Combined TRACON& Tower with Radar,36,27,13,5,81,0,77,41,0,118,36,104,54,5,199,33,0,33,232
11/18/2014,FAI,AK,AAL,WE,Combined TRACON& Tower with Radar,31,37,16,12,96,1,76,44,3,124,32,113,60,15,220,72,0,72,292
11/19/2014,FAI,AK,AAL,WE,Combined TRACON& Tower with Radar,28,20,8,2,58,3,60,24,0,87,31,80,32,2,145,1,1,2,147
11/20/2014,FAI,AK,AAL,WE,Combined TRACON& Tower with Radar,32,29,8,5,74,0,74,77,1,152,32,103,85,6,226,101,0,101,327
11/21/2014,FAI,AK,AAL,WE,Combined TRACON& Tower with Radar,31,19,4,0,54,0,83,27,0,110,31,102,31,0,164,0,0,0,164
11/22/2014,FAI,AK,AAL,WE,Combined TRACON& Tower with Radar,24,9,13,1,47,1,39,59,0,99,25,48,72,1,146,106,0,106,252
11/23/2014,FAI,AK,AAL,WE,Combined TRACON& Tower with Radar,26,26,5,0,57,0,22,39,1,62,26,48,44,1,119,99,2,101,220
11/24/2014,FAI,AK,AAL,WE,Combined TRACON& Tower with Radar,34,29,11,6,80,0,64,29,0,93,34,93,40,6,173,42,0,42,215
11/25/2014,FAI,AK,AAL,WE,Combined TRACON& Tower with Radar,31,69,19,11,130,0,14,10,0,24,31,83,29,11,154,14,0,14,168
11/26/2014,FAI,AK,AAL,WE,Combined TRACON& Tower with Radar,33,65,13,1,112,0,26,27,2,55,33,91,40,3,167,0,0,0,167
11/27/2014,FAI,AK,AAL,WE,Combined TRACON& Tower with Radar,24,10,2,2,38,0,1,11,4,16,24,11,13,6,54,20,0,20,74
11/28/2014,FAI,AK,AAL,WE,Combined TRACON& Tower with Radar,28,45,4,0,77,0,44,36,1,81,28,89,40,1,158,24,0,24,182
11/29/2014,FAI,AK,AAL,WE,Combined TRACON& Tower with Radar,24,45,5,0,74,0,0,22,0,22,24,45,27,0,96,63,0,63,159
11/30/2014,FAI,AK,AAL,WE,Combined TRACON& Tower with Radar,30,45,2,0,77,0,0,4,0,4,30,45,6,0,81,0,0,0,81
12/01/2014,FAI,AK,AAL,WE,Combined TRACON& Tower with Radar,35,29,10,3,77,0,50,26,0,76,35,79,36,3,153,93,0,93,246
12/02/2014,FAI,AK,AAL,WE,Combined TRACON& Tower with Radar,29,64,8,0,101,0,0,0,0,0,29,64,8,0,101,0,0,0,101
12/03/2014,FAI,AK,AAL,WE,Combined TRACON& Tower with Radar,25,68,21,3,117,2,24,10,3,39,27,92,31,6,156,0,0,0,156
12/04/2014,FAI,AK,AAL,WE,Combined TRACON& Tower with Radar,31,30,9,14,84,2,66,33,4,105,33,96,42,18,189,16,0,16,205
12/05/2014,FAI,AK,AAL,WE,Combined TRACON& Tower with Radar,32,29,10,4,75,1,73,43,3,120,33,102,53,7,195,48,0,48,243
12/06/2014,FAI,AK,AAL,WE,Combined TRACON& Tower with Radar,24,17,13,2,56,0,36,46,1,83,24,53,59,3,139,91,0,91,230
12/07/2014,FAI,AK,AAL,WE,Combined TRACON& Tower with Radar,26,27,12,5,70,0,27,37,0,64,26,54,49,5,134,105,0,105,239
12/08/2014,FAI,AK,AAL,WE,Combined TRACON& Tower with Radar,36,41,10,8,95,0,48,13,4,65,36,89,23,12,160,52,0,52,212
12/09/2014,FAI,AK,AAL,WE,Combined TRACON& Tower with Radar,30,37,9,11,87,0,50,12,5,67,30,87,21,16,154,2,0,2,156
12/10/2014,FAI,AK,AAL,WE,Combined TRACON& Tower with Radar,33,59,16,4,112,1,42,28,0,71,34,101,44,4,183,131,0,131,314
12/11/2014,FAI,AK,AAL,WE,Combined TRACON& Tower with Radar,35,55,17,7,114,0,44,24,0,68,35,99,41,7,182,40,0,40,222
12/12/2014,FAI,AK,AAL,WE,Combined TRACON& Tower with Radar,32,65,8,6,111,0,30,28,2,60,32,95,36,8,171,115,0,115,286
12/13/2014,FAI,AK,AAL,WE,Combined TRACON& Tower with Radar,26,19,7,0,52,0,31,40,0,71,26,50,47,0,123,78,0,78,201
12/14/2014,FAI,AK,AAL,WE,Combined TRACON& Tower with Radar,26,30,9,0,65,0,22,38,0,60,26,52,47,0,125,87,0,87,212
12/15/2014,FAI,AK,AAL,WE,Combined TRACON& Tower with Radar,34,23,14,3,74,0,81,32,0,113,34,104,46,3,187,54,0,54,241
12/16/2014,FAI,AK,AAL,WE,Combined TRACON& Tower with Radar,30,43,20,10,103,0,56,49,0,105,30,99,69,10,208,90,0,90,298
12/17/2014,FAI,AK,AAL,WE,Combined TRACON& Tower with Radar,32,82,11,4,129,0,11,23,0,34,32,93,34,4,163,36,0,36,199
12/18/2014,FAI,AK,AAL,WE,Combined TRACON& Tower with Radar,37,60,10,0,107,0,0,10,0,10,37,60,20,0,117,50,0,50,167
12/19/2014,FAI,AK,AAL,WE,Combined TRACON& Tower with Radar,34,29,15,0,78,1,91,34,0,126,35,120,49,0,204,0,0,0,204
12/20/2014,FAI,AK,AAL,WE,Combined TRACON& Tower with Radar,30,16,12,0,58,0,53,29,0,82,30,69,41,0,140,6,0,6,146
12/21/2014,FAI,AK,AAL,WE,Combined TRACON& Tower with Radar,26,24,11,1,62,0,30,60,0,90,26,54,71,1,152,34,0,34,186
12/22/2014,FAI,AK,AAL,WE,Combined TRACON& Tower with Radar,35,32,12,0,79,0,74,32,0,106,35,106,44,0,185,24,0,24,209
12/23/2014,FAI,AK,AAL,WE,Combined TRACON& Tower with Radar,28,61,19,0,108,0,34,15,0,49,28,95,34,0,157,30,0,30,187
12/24/2014,FAI,AK,AAL,WE,Combined TRACON& Tower with Radar,26,38,11,0,75,1,36,29,0,66,27,74,40,0,141,14,0,14,155
12/25/2014,FAI,AK,AAL,WE,Combined TRACON& Tower with Radar,23,6,5,2,36,0,0,4,4,8,23,6,9,6,44,6,0,6,50
12/26/2014,FAI,AK,AAL,WE,Combined TRACON& Tower with Radar,30,50,7,0,87,0,23,4,0,27,30,73,11,0,114,0,0,0,114
12/27/2014,FAI,AK,AAL,WE,Combined TRACON& Tower with Radar,30,25,3,0,58,0,20,16,0,36,30,45,19,0,94,4,0,4,98
12/28/2014,FAI,AK,AAL,WE,Combined TRACON& Tower with Radar,24,25,4,0,53,0,20,36,0,56,24,45,40,0,109,26,0,26,135
12/29/2014,FAI,AK,AAL,WE,Combined TRACON& Tower with Radar,34,47,9,1,91,0,41,26,4,71,34,88,35,5,162,33,2,35,197
12/30/2014,FAI,AK,AAL,WE,Combined TRACON& Tower with Radar,30,34,23,2,89,0,44,32,1,77,30,78,55,3,166,24,28,52,218
12/31/2014,FAI,AK,AAL,WE,Combined TRACON& Tower with Radar,28,60,5,0,93,0,12,1,0,13,28,72,6,0,106,0,0,0,106
01/01/2015,FAI,AK,AAL,WE,Combined TRACON& Tower with Radar,26,20,7,0,53,0,3,23,0,26,26,23,30,0,79,34,0,34,113
01/02/2015,FAI,AK,AAL,WE,Combined TRACON& Tower with Radar,30,22,10,0,62,1,64,27,3,95,31,86,37,3,157,0,0,0,157
01/03/2015,FAI,AK,AAL,WE,Combined TRACON& Tower with Radar,26,18,6,0,50,0,30,20,0,50,26,48,26,0,100,8,3,11,111
01/04/2015,FAI,AK,AAL,WE,Combined TRACON& Tower with Radar,27,19,7,0,53,0,22,20,0,42,27,41,27,0,95,2,0,2,97
01/05/2015,FAI,AK,AAL,WE,Combined TRACON& Tower with Radar,36,18,11,0,65,0,59,11,2,72,36,77,22,2,137,3,0,3,140
01/06/2015,FAI,AK,AAL,WE,Combined TRACON& Tower with Radar,29,30,18,6,83,0,47,9,2,58,29,77,27,8,141,6,0,6,147
01/07/2015,FAI,AK,AAL,WE,Combined TRACON& Tower with Radar,27,23,3,14,67,0,56,22,6,84,27,79,25,20,151,0,0,0,151
01/08/2015,FAI,AK,AAL,WE,Combined TRACON& Tower with Radar,34,25,10,12,81,0,58,38,2,98,34,83,48,14,179,112,0,112,291
01/09/2015,FAI,AK,AAL,WE,Combined TRACON& Tower with Radar,30,24,8,6,68,1,67,31,0,99,31,91,39,6,167,70,2,72,239
01/10/2015,FAI,AK,AAL,WE,Combined TRACON& Tower with Radar,24,23,6,0,53,0,20,56,0,76,24,43,62,0,129,58,0,58,187
01/11/2015,FAI,AK,AAL,WE,Combined TRACON& Tower with Radar,27,36,11,0,74,0,10,26,4,40,27,46,37,4,114,38,0,38,152
01/12/2015,FAI,AK,AAL,WE,Combined TRACON& Tower with Radar,34,40,16,4,94,1,31,35,0,67,35,71,51,4,161,27,0,27,188
01/13/2015,FAI,AK,AAL,WE,Combined TRACON& Tower with Radar,29,40,14,7,90,1,30,3,1,35,30,70,17,8,125,40,0,40,165
01/14/2015,FAI,AK,AAL,WE,Combined TRACON& Tower with Radar,30,27,12,2,71,0,62,33,0,95,30,89,45,2,166,20,0,20,186
01/15/2015,FAI,AK,AAL,WE,Combined TRACON& Tower with Radar,34,32,10,5,81,0,61,60,1,122,34,93,70,6,203,93,14,107,310
01/16/2015,FAI,AK,AAL,WE,Combined TRACON& Tower with Radar,33,30,7,0,70,0,67,41,0,108,33,97,48,0,178,88,0,88,266
01/17/2015,FAI,AK,AAL,WE,Combined TRACON& Tower with Radar,24,13,13,0,50,0,38,50,0,88,24,51,63,0,138,95,0,95,233
01/18/2015,FAI,AK,AAL,WE,Combined TRACON& Tower with Radar,28,36,18,0,82,0,13,35,0,48,28,49,53,0,130,129,2,131,261
01/19/2015,FAI,AK,AAL,WE,Combined TRACON& Tower with Radar,34,62,21,0,117,0,1,0,0,1,34,63,21,0,118,0,0,0,118
01/20/2015,FAI,AK,AAL,WE,Combined TRACON& Tower with Radar,32,37,22,5,96,0,58,37,4,99,32,95,59,9,195,67,0,67,262
01/21/2015,FAI,AK,AAL,WE,Combined TRACON& Tower with Radar,31,69,18,14,132,0,31,3,0,34,31,100,21,14,166,14,0,14,180
01/22/2015,FAI,AK,AAL,WE,Combined TRACON& Tower with Radar,32,69,11,0,112,0,5,11,0,16,32,74,22,0,128,8,0,8,136
01/23/2015,FAI,AK,AAL,WE,Combined TRACON& Tower with Radar,30,72,16,11,129,0,5,1,0,6,30,77,17,11,135,0,0,0,135
01/24/2015,FAI,AK,AAL,WE,Combined TRACON& Tower with Radar,24,22,11,0,57,0,20,25,2,47,24,42,36,2,104,2,0,2,106
01/25/2015,FAI,AK,AAL,WE,Combined TRACON& Tower with Radar,30,25,3,2,60,0,17,2,0,19,30,42,5,2,79,0,0,0,79
01/26/2015,FAI,AK,AAL,WE,Combined TRACON& Tower with Radar,30,31,3,0,64,0,33,3,2,38,30,64,6,2,102,2,0,2,104
01/27/2015,FAI,AK,AAL,WE,Combined TRACON& Tower with Radar,32,32,8,0,72,0,38,6,0,44,32,70,14,0,116,0,0,0,116
01/28/2015,FAI,AK,AAL,WE,Combined TRACON& Tower with Radar,31,26,13,0,70,1,62,15,0,78,32,88,28,0,148,50,0,50,198
01/29/2015,FAI,AK,AAL,WE,Combined TRACON& Tower with Radar,34,28,4,0,66,0,53,14,0,67,34,81,18,0,133,26,0,26,159
01/30/2015,FAI,AK,AAL,WE,Combined TRACON& Tower with Radar,28,20,3,0,51,2,60,29,0,91,30,80,32,0,142,22,0,22,164
01/31/2015,FAI,AK,AAL,WE,Combined TRACON& Tower with Radar,26,23,6,2,57,0,40,18,2,60,26,63,24,4,117,2,0,2,119
02/01/2015,FAI,AK,AAL,WE,Combined TRACON& Tower with Radar,30,18,6,5,59,0,30,30,9,69,30,48,36,14,128,17,0,17,145
02/02/2015,FAI,AK,AAL,WE,Combined TRACON& Tower with Radar,37,24,18,16,95,1,68,43,19,131,38,92,61,35,226,60,2,62,288
02/03/2015,FAI,AK,AAL,WE,Combined TRACON& Tower with Radar,30,28,19,5,82,0,59,43,3,105,30,87,62,8,187,10,18,28,215
02/04/2015,FAI,AK,AAL,WE,Combined TRACON& Tower with Radar,34,29,6,6,75,1,54,33,5,93,35,83,39,11,168,14,0,14,182
02/05/2015,FAI,AK,AAL,WE,Combined TRACON& Tower with Radar,34,22,16,4,76,0,72,42,0,114,34,94,58,4,190,2,0,2,192
02/06/2015,FAI,AK,AAL,WE,Combined TRACON& Tower with Radar,31,27,6,0,64,0,43,35,2,80,31,70,41,2,144,6,0,6,150
02/07/2015,FAI,AK,AAL,WE,Combined TRACON& Tower with Radar,25,29,4,0,58,0,23,7,2,32,25,52,11,2,90,0,0,0,90
02/08/2015,FAI,AK,AAL,WE,Combined TRACON& Tower with Radar,32,13,4,2,51,0,32,13,0,45,32,45,17,2,96,10,0,10,106
02/09/2015,FAI,AK,AAL,WE,Combined TRACON& Tower with Radar,34,26,9,3,72,0,59,13,2,74,34,85,22,5,146,4,0,4,150
02/10/2015,FAI,AK,AAL,WE,Combined TRACON& Tower with Radar,30,35,7,4,76,0,49,35,0,84,30,84,42,4,160,60,0,60,220
02/11/2015,FAI,AK,AAL,WE,Combined TRACON& Tower with Radar,30,36,6,6,78,0,62,44,5,111,30,98,50,11,189,72,0,72,261
02/12/2015,FAI,AK,AAL,WE,Combined TRACON& Tower with Radar,34,34,16,1,85,0,69,45,7,121,34,103,61,8,206,92,0,92,298
02/13/2015,FAI,AK,AAL,WE,Combined TRACON& Tower with Radar,31,35,18,0,84,0,60,76,0,136,31,95,94,0,220,159,0,159,379
02/14/2015,FAI,AK,AAL,WE,Combined TRACON& Tower with Radar,22,26,10,1,59,0,36,70,0,106,22,62,80,1,165,92,0,92,257
02/15/2015,FAI,AK,AAL,WE,Combined TRACON& Tower with Radar,29,28,9,0,66,2,41,61,2,106,31,69,70,2,172,78,0,78,250
02/16/2015,FAI,AK,AAL,WE,Combined TRACON& Tower with Radar,31,24,16,0,71,0,63,56,0,119,31,87,72,0,190,131,0,131,321
02/17/2015,FAI,AK,AAL,WE,Combined TRACON& Tower with Radar,32,36,20,6,94,0,70,45,0,115,32,106,65,6,209,88,0,88,297
02/18/2015,FAI,AK,AAL,WE,Combined TRACON& Tower with Radar,31,29,13,7,80,1,65,48,6,120,32,94,61,13,200,56,0,56,256
02/19/2015,FAI,AK,AAL,WE,Combined TRACON& Tower with Radar,36,30,22,6,94,0,65,52,5,122,36,95,74,11,216,44,0,44,260
02/20/2015,FAI,AK,AAL,WE,Combined TRACON& Tower with Radar,31,24,8,8,71,0,65,36,8,109,31,89,44,16,180,104,0,104,284
02/21/2015,FAI,AK,AAL,WE,Combined TRACON& Tower with Radar,22,13,11,1,47,0,32,77,0,109,22,45,88,1,156,106,0,106,262
02/22/2015,FAI,AK,AAL,WE,Combined TRACON& Tower with Radar,18,21,9,2,50,0,19,10,0,29,18,40,19,2,79,0,0,0,79
02/23/2015,FAI,AK,AAL,WE,Combined TRACON& Tower with Radar,32,58,11,0,101,0,14,5,0,19,32,72,16,0,120,8,0,8,128
02/24/2015,FAI,AK,AAL,WE,Combined TRACON& Tower with Radar,33,55,21,4,113,0,20,24,1,45,33,75,45,5,158,34,0,34,192
02/25/2015,FAI,AK,AAL,WE,Combined TRACON& Tower with Radar,32,74,19,8,133,0,4,8,0,12,32,78,27,8,145,2,0,2,147
02/26/2015,FAI,AK,AAL,WE,Combined TRACON& Tower with Radar,34,38,13,4,89,0,68,35,0,103,34,106,48,4,192,52,0,52,244
02/27/2015,FAI,AK,AAL,WE,Combined TRACON& Tower with Radar,31,37,18,0,86,0,82,53,0,135,31,119,71,0,221,98,0,98,319
02/28/2015,FAI,AK,AAL,WE,Combined TRACON& Tower with Radar,23,36,14,6,79,0,20,46,1,67,23,56,60,7,146,129,1,130,276
03/01/2015,FAI,AK,AAL,WE,Combined TRACON& Tower with Radar,34,24,24,3,85,0,35,71,0,106,34,59,95,3,191,102,0,102,293
03/02/2015,FAI,AK,AAL,WE,Combined TRACON& Tower with Radar,34,23,21,5,83,0,79,71,1,151,34,102,92,6,234,80,0,80,314
03/03/2015,FAI,AK,AAL,WE,Combined TRACON& Tower with Radar,36,46,26,7,115,0,47,30,0,77,36,93,56,7,192,38,0,38,230
03/04/2015,FAI,AK,AAL,WE,Combined TRACON& Tower with Radar,30,57,16,3,106,0,42,35,1,78,30,99,51,4,184,64,2,66,250
03/05/2015,FAI,AK,AAL,WE,Combined TRACON& Tower with Radar,35,87,16,4,142,0,18,8,0,26,35,105,24,4,168,20,0,20,188
03/06/2015,FAI,AK,AAL,WE,Combined TRACON& Tower with Radar,32,60,13,2,107,1,49,27,0,77,33,109,40,2,184,98,0,98,282
03/07/2015,FAI,AK,AAL,WE,Combined TRACON& Tower with Radar,25,44,4,0,73,0,0,4,0,4,25,44,8,0,77,0,0,0,77
03/08/2015,FAI,AK,AAL,WE,Combined TRACON& Tower with Radar,32,60,23,0,115,0,4,30,0,34,32,64,53,0,149,0,0,0,149
03/09/2015,FAI,AK,AAL,WE,Combined TRACON& Tower with Radar,42,43,11,11,107,0,58,117,18,193,42,101,128,29,300,24,0,24,324
03/10/2015,FAI,AK,AAL,WE,Combined TRACON& Tower with Radar,30,40,22,9,101,0,74,92,7,173,30,114,114,16,274,75,0,75,349
03/11/2015,FAI,AK,AAL,WE,Combined TRACON& Tower with Radar,37,23,12,16,88,1,77,69,9,156,38,100,81,25,244,58,9,67,311
03/12/2015,FAI,AK,AAL,WE,Combined TRACON& Tower with Radar,38,38,13,6,95,0,69,44,4,117,38,107,57,10,212,37,0,37,249
03/13/2015,FAI,AK,AAL,WE,Combined TRACON& Tower with Radar,38,38,6,4,86,0,55,51,0,106,38,93,57,4,192,26,0,26,218
03/14/2015,FAI,AK,AAL,WE,Combined TRACON& Tower with Radar,25,24,16,0,65,0,36,60,0,96,25,60,76,0,161,62,0,62,223
03/15/2015,FAI,AK,AAL,WE,Combined TRACON& Tower with Radar,35,23,8,1,67,0,36,50,0,86,35,59,58,1,153,12,0,12,165
03/16/2015,FAI,AK,AAL,WE,Combined TRACON& Tower with Radar,36,30,12,1,79,0,60,45,0,105,36,90,57,1,184,110,0,110,294
03/17/2015,FAI,AK,AAL,WE,Combined TRACON& Tower with Radar,29,27,24,5,85,0,60,63,2,125,29,87,87,7,210,199,4,203,413
03/18/2015,FAI,AK,AAL,WE,Combined TRACON& Tower with Radar,33,43,22,1,99,0,74,82,1,157,33,117,104,2,256,168,4,172,428
03/19/2015,FAI,AK,AAL,WE,Combined TRACON& Tower with Radar,41,22,14,8,85,0,70,79,1,150,41,92,93,9,235,78,0,78,313
03/20/2015,FAI,AK,AAL,WE,Combined TRACON& Tower with Radar,36,33,10,2,81,0,99,87,0,186,36,132,97,2,267,80,2,82,349
03/21/2015,FAI,AK,AAL,WE,Combined TRACON& Tower with Radar,24,21,29,0,74,0,58,108,0,166,24,79,137,0,240,66,0,66,306
03/22/2015,FAI,AK,AAL,WE,Combined TRACON& Tower with Radar,33,24,10,0,67,0,33,82,0,115,33,57,92,0,182,22,0,22,204
03/23/2015,FAI,AK,AAL,WE,Combined TRACON& Tower with Radar,37,19,16,5,77,0,76,58,0,134,37,95,74,5,211,0,0,0,211
03/24/2015,FAI,AK,AAL,WE,Combined TRACON& Tower with Radar,33,23,23,4,83,0,79,113,1,193,33,102,136,5,276,182,0,182,458
03/25/2015,FAI,AK,AAL,WE,Combined TRACON& Tower with Radar,33,23,25,4,85,3,98,122,1,224,36,121,147,5,309,108,0,108,417
03/26/2015,FAI,AK,AAL,WE,Combined TRACON& Tower with Radar,38,33,20,7,98,0,75,113,3,191,38,108,133,10,289,186,0,186,475
03/27/2015,FAI,AK,AAL,WE,Combined TRACON& Tower with Radar,34,37,21,8,100,0,63,93,2,158,34,100,114,10,258,128,0,128,386
03/28/2015,FAI,AK,AAL,WE,Combined TRACON& Tower with Radar,26,23,30,0,79,0,38,108,0,146,26,61,138,0,225,195,0,195,420
03/29/2015,FAI,AK,AAL,WE,Combined TRACON& Tower with Radar,34,20,20,2,76,0,37,112,0,149,34,57,132,2,225,108,0,108,333
03/30/2015,FAI,AK,AAL,WE,Combined TRACON& Tower with Radar,36,14,7,7,64,0,80,80,0,160,36,94,87,7,224,112,1,113,337
03/31/2015,FAI,AK,AAL,WE,Combined TRACON& Tower with Radar,32,18,22,0,72,0,57,88,0,145,32,75,110,0,217,102,0,102,319
04/01/2015,FAI,AK,AAL,WE,Combined TRACON& Tower with Radar,31,28,27,2,88,0,56,76,1,133,31,84,103,3,221,130,0,130,351
04/02/2015,FAI,AK,AAL,WE,Combined TRACON& Tower with Radar,40,48,31,3,122,0,36,33,0,69,40,84,64,3,191,86,0,86,277
04/03/2015,FAI,AK,AAL,WE,Combined TRACON& Tower with Radar,32,41,19,8,100,0,63,86,2,151,32,104,105,10,251,136,0,136,387
04/04/2015,FAI,AK,AAL,WE,Combined TRACON& Tower with Radar,24,28,24,2,78,0,31,92,0,123,24,59,116,2,201,180,0,180,381
04/05/2015,FAI,AK,AAL,WE,Combined TRACON& Tower with Radar,35,14,13,1,63,0,13,74,1,88,35,27,87,2,151,72,0,72,223
04/06/2015,FAI,AK,AAL,WE,Combined TRACON& Tower with Radar,35,21,14,16,86,1,65,51,0,117,36,86,65,16,203,89,6,95,298
04/07/2015,FAI,AK,AAL,WE,Combined TRACON& Tower with Radar,28,25,17,6,76,0,66,54,6,126,28,91,71,12,202,196,2,198,400
04/08/2015,FAI,AK,AAL,WE,Combined TRACON& Tower with Radar,34,36,28,15,113,0,65,108,1,174,34,101,136,16,287,227,2,229,516
04/09/2015,FAI,AK,AAL,WE,Combined TRACON& Tower with Radar,45,30,19,20,114,0,71,113,3,187,45,101,132,23,301,154,0,154,455
04/10/2015,FAI,AK,AAL,WE,Combined TRACON& Tower with Radar,54,33,27,3,117,0,66,78,0,144,54,99,105,3,261,102,0,102,363
04/11/2015,FAI,AK,AAL,WE,Combined TRACON& Tower with Radar,35,33,18,8,94,0,8,7,0,15,35,41,25,8,109,22,0,22,131
04/12/2015,FAI,AK,AAL,WE,Combined TRACON& Tower with Radar,36,33,30,12,111,0,13,58,1,72,36,46,88,13,183,40,0,40,223
04/13/2015,FAI,AK,AAL,WE,Combined TRACON& Tower with Radar,40,32,26,8,106,0,67,67,3,137,40,99,93,11,243,24,0,24,267
04/14/2015,FAI,AK,AAL,WE,Combined TRACON& Tower with Radar,36,28,34,11,109,0,92,104,2,198,36,120,138,13,307,201,2,203,510
04/15/2015,FAI,AK,AAL,WE,Combined TRACON& Tower with Radar,41,30,30,9,110,0,96,97,3,196,41,126,127,12,306,68,0,68,374
04/16/2015,FAI,AK,AAL,WE,Combined TRACON& Tower with Radar,41,34,25,6,106,0,72,83,3,158,41,106,108,9,264,152,0,152,416
04/17/2015,FAI,AK,AAL,WE,Combined TRACON& Tower with Radar,39,34,20,14,107,1,71,58,11,141,40,105,78,25,248,67,0,67,315
04/18/2015,FAI,AK,AAL,WE,Combined TRACON& Tower with Radar,26,15,23,5,69,1,40,62,2,105,27,55,85,7,174,58,0,58,232
04/19/2015,FAI,AK,AAL,WE,Combined TRACON& Tower with Radar,34,23,8,8,73,0,26,25,2,53,34,49,33,10,126,16,0,16,142
04/20/2015,FAI,AK,AAL,WE,Combined TRACON& Tower with Radar,36,24,22,13,95,0,76,50,1,127,36,100,72,14,222,138,0,138,360
04/21/2015,FAI,AK,AAL,WE,Combined TRACON& Tower with Radar,32,33,23,6,94,0,65,75,0,140,32,98,98,6,234,138,0,138,372
04/22/2015,FAI,AK,AAL,WE,Combined TRACON& Tower with Radar,33,38,21,3,95,0,71,111,1,183,33,109,132,4,278,175,2,177,455
04/23/2015,FAI,AK,AAL,WE,Combined TRACON& Tower with Radar,40,27,26,4,97,0,72,78,0,150,40,99,104,4,247,106,0,106,353
04/24/2015,FAI,AK,AAL,WE,Combined TRACON& Tower with Radar,34,25,15,0,74,0,74,95,0,169,34,99,110,0,243,176,0,176,419
04/25/2015,FAI,AK,AAL,WE,Combined TRACON& Tower with Radar,27,26,28,4,85,0,53,139,1,193,27,79,167,5,278,384,0,384,662
04/26/2015,FAI,AK,AAL,WE,Combined TRACON& Tower with Radar,32,14,13,0,59,0,40,115,0,155,32,54,128,0,214,212,0,212,426
04/27/2015,FAI,AK,AAL,WE,Combined TRACON& Tower with Radar,34,18,12,1,65,0,71,75,1,147,34,89,87,2,212,198,0,198,410
04/28/2015,FAI,AK,AAL,WE,Combined TRACON& Tower with Radar,32,12,19,2,65,0,69,88,2,159,32,81,107,4,224,77,0,77,301
04/29/2015,FAI,AK,AAL,WE,Combined TRACON& Tower with Radar,32,27,16,2,77,0,79,85,0,164,32,106,101,2,241,156,2,158,399
04/30/2015,FAI,AK,AAL,WE,Combined TRACON& Tower with Radar,39,26,11,0,76,0,73,83,0,156,39,99,94,0,232,158,0,158,390
05/01/2015,FAI,AK,AAL,WE,Combined TRACON& Tower with Radar,37,24,12,5,78,2,92,110,1,205,39,116,122,6,283,244,0,244,527
05/02/2015,FAI,AK,AAL,WE,Combined TRACON& Tower with Radar,24,19,15,0,58,0,48,109,0,157,24,67,124,0,215,201,0,201,416
05/03/2015,FAI,AK,AAL,WE,Combined TRACON& Tower with Radar,32,20,19,0,71,0,41,114,0,155,32,61,133,0,226,236,0,236,462
05/04/2015,FAI,AK,AAL,WE,Combined TRACON& Tower with Radar,34,27,13,3,77,1,84,91,2,178,35,111,104,5,255,221,0,221,476
05/05/2015,FAI,AK,AAL,WE,Combined TRACON& Tower with Radar,29,28,25,2,84,1,62,92,4,159,30,90,117,6,243,202,0,202,445
05/06/2015,FAI,AK,AAL,WE,Combined TRACON& Tower with Radar,30,30,10,0,70,0,79,120,0,199,30,109,130,0,269,247,0,247,516
05/07/2015,FAI,AK,AAL,WE,Combined TRACON& Tower with Radar,39,30,18,0,87,0,82,118,2,202,39,112,136,2,289,168,0,168,457
05/08/2015,FAI,AK,AAL,WE,Combined TRACON& Tower with Radar,35,36,16,0,87,2,77,113,4,196,37,113,129,4,283,148,0,148,431
05/09/2015,FAI,AK,AAL,WE,Combined TRACON& Tower with Radar,22,26,7,3,58,0,42,102,4,148,22,68,109,7,206,223,1,224,430
05/10/2015,FAI,AK,AAL,WE,Combined TRACON& Tower with Radar,32,25,12,0,69,0,25,110,0,135,32,50,122,0,204,172,1,173,377
05/11/2015,FAI,AK,AAL,WE,Combined TRACON& Tower with Radar,37,23,9,3,72,0,71,98,4,173,37,94,107,7,245,134,1,135,380
05/12/2015,FAI,AK,AAL,WE,Combined TRACON& Tower with Radar,31,26,30,6,93,1,82,138,4,225,32,108,168,10,318,202,0,202,520
05/13/2015,FAI,AK,AAL,WE,Combined TRACON& Tower with Radar,34,30,14,3,81,1,108,179,1,289,35,138,193,4,370,156,0,156,526
05/14/2015,FAI,AK,AAL,WE,Combined TRACON& Tower with Radar,43,37,16,6,102,0,68,146,6,220,43,105,162,12,322,192,0,192,514
05/15/2015,FAI,AK,AAL,WE,Combined TRACON& Tower with Radar,36,38,14,0,88,1,77,117,2,197,37,115,131,2,285,138,0,138,423
05/16/2015,FAI,AK,AAL,WE,Combined TRACON& Tower with Radar,28,24,4,0,56,0,48,91,0,139,28,72,95,0,195,68,0,68,263
05/17/2015,FAI,AK,AAL,WE,Combined TRACON& Tower with Radar,35,23,12,1,71,0,33,183,0,216,35,56,195,1,287,234,1,235,522
05/18/2015,FAI,AK,AAL,WE,Combined TRACON& Tower with Radar,42,17,5,2,66,1,82,129,0,212,43,99,134,2,278,152,0,152,430
05/19/2015,FAI,AK,AAL,WE,Combined TRACON& Tower with Radar,39,25,19,3,86,0,83,134,1,218,39,108,153,4,304,212,0,212,516
05/20/2015,FAI,AK,AAL,WE,Combined TRACON& Tower with Radar,43,29,15,3,90,0,78,141,0,219,43,107,156,3,309,246,0,246,555
05/21/2015,FAI,AK,AAL,WE,Combined TRACON& Tower with Radar,51,26,15,4,96,0,74,142,1,217,51,100,157,5,313,118,0,118,431
05/22/2015,FAI,AK,AAL,WE,Combined TRACON& Tower with Radar,49,30,23,0,102,0,79,180,0,259,49,109,203,0,361,206,0,206,567
05/23/2015,FAI,AK,AAL,WE,Combined TRACON& Tower with Radar,37,23,21,0,81,0,44,144,0,188,37,67,165,0,269,244,0,244,513
05/24/2015,FAI,AK,AAL,WE,Combined TRACON& Tower with Radar,33,21,11,0,65,0,40,139,0,179,33,61,150,0,244,108,0,108,352
05/25/2015,FAI,AK,AAL,WE,Combined TRACON& Tower with Radar,37,16,23,2,78,0,28,166,2,196,37,44,189,4,274,177,0,177,451
05/26/2015,FAI,AK,AAL,WE,Combined TRACON& Tower with Radar,40,19,21,2,82,0,68,155,2,225,40,87,176,4,307,184,0,184,491
05/27/2015,FAI,AK,AAL,WE,Combined TRACON& Tower with Radar,46,19,16,2,83,0,92,139,3,234,46,111,155,5,317,268,0,268,585
05/28/2015,FAI,AK,AAL,WE,Combined TRACON& Tower with Radar,56,28,28,1,113,0,74,99,3,176,56,102,127,4,289,91,0,91,380
05/29/2015,FAI,AK,AAL,WE,Combined TRACON& Tower with Radar,55,40,31,6,132,0,86,152,3,241,55,126,183,9,373,80,2,82,455
05/30/2015,FAI,AK,AAL,WE,Combined TRACON& Tower with Radar,38,11,37,1,87,0,48,187,2,237,38,59,224,3,324,192,0,192,516
05/31/2015,FAI,AK,AAL,WE,Combined TRACON& Tower with Radar,37,19,14,0,70,0,35,148,2,185,37,54,162,2,255,106,0,106,361
06/01/2015,FAI,AK,AAL,WE,Combined TRACON& Tower with Radar,46,39,14,7,106,0,61,80,0,141,46,100,94,7,247,51,0,51,298
06/02/2015,FAI,AK,AAL,WE,Combined TRACON& Tower with Radar,40,29,21,6,96,0,84,167,1,252,40,113,188,7,348,192,0,192,540
06/03/2015,FAI,AK,AAL,WE,Combined TRACON& Tower with Radar,40,55,28,7,130,0,57,128,0,185,40,112,156,7,315,158,2,160,475
06/04/2015,FAI,AK,AAL,WE,Combined TRACON& Tower with Radar,48,48,26,10,132,0,67,156,0,223,48,115,182,10,355,154,0,154,509
06/05/2015,FAI,AK,AAL,WE,Combined TRACON& Tower with Radar,46,43,22,1,112,0,69,120,5,194,46,112,142,6,306,101,0,101,407
06/06/2015,FAI,AK,AAL,WE,Combined TRACON& Tower with Radar,34,17,21,0,72,0,34,197,4,235,34,51,218,4,307,278,0,278,585
06/07/2015,FAI,AK,AAL,WE,Combined TRACON& Tower with Radar,40,29,22,1,92,0,35,168,6,209,40,64,190,7,301,169,0,169,470
06/08/2015,FAI,AK,AAL,WE,Combined TRACON& Tower with Radar,43,26,21,4,94,3,82,141,0,226,46,108,162,4,320,214,2,216,536
06/09/2015,FAI,AK,AAL,WE,Combined TRACON& Tower with Radar,49,27,25,3,104,0,74,178,5,257,49,101,203,8,361,223,0,223,584
06/10/2015,FAI,AK,AAL,WE,Combined TRACON& Tower with Radar,38,37,16,2,93,0,68,159,0,227,38,105,175,2,320,154,2,156,476
06/11/2015,FAI,AK,AAL,WE,Combined TRACON& Tower with Radar,47,41,18,4,110,0,55,119,2,176,47,96,137,6,286,123,0,123,409
06/12/2015,FAI,AK,AAL,WE,Combined TRACON& Tower with Radar,43,43,28,6,120,0,65,151,2,218,43,108,179,8,338,114,0,114,452
06/13/2015,FAI,AK,AAL,WE,Combined TRACON& Tower with Radar,36,21,23,3,83,0,62,190,3,255,36,83,213,6,338,282,0,282,620
06/14/2015,FAI,AK,AAL,WE,Combined TRACON& Tower with Radar,37,35,14,1,87,1,34,187,3,225,38,69,201,4,312,176,0,176,488
06/15/2015,FAI,AK,AAL,WE,Combined TRACON& Tower with Radar,46,22,17,2,87,1,74,152,0,227,47,96,169,2,314,138,0,138,452
06/16/2015,FAI,AK,AAL,WE,Combined TRACON& Tower with Radar,39,26,30,3,98,2,72,161,3,238,41,98,191,6,336,266,1,267,603
06/17/2015,FAI,AK,AAL,WE,Combined TRACON& Tower with Radar,38,30,15,1,84,0,92,166,3,261,38,122,181,4,345,199,1,200,545
06/18/2015,FAI,AK,AAL,WE,Combined TRACON& Tower with Radar,45,34,26,7,112,0,100,140,5,245,45,134,166,12,357,179,4,183,540
06/19/2015,FAI,AK,AAL,WE,Combined TRACON& Tower with Radar,44,32,10,4,90,0,91,166,1,258,44,123,176,5,348,166,0,166,514
06/20/2015,FAI,AK,AAL,WE,Combined TRACON& Tower with Radar,35,19,13,1,68,2,71,162,7,242,37,90,175,8,310,148,0,148,458
06/21/2015,FAI,AK,AAL,WE,Combined TRACON& Tower with Radar,40,31,18,0,89,0,49,139,4,192,40,80,157,4,281,112,0,112,393
06/22/2015,FAI,AK,AAL,WE,Combined TRACON& Tower with Radar,42,55,31,1,129,0,56,102,1,159,42,111,133,2,288,52,0,52,340
06/23/2015,FAI,AK,AAL,WE,Combined TRACON& Tower with Radar,39,85,44,2,170,0,33,71,1,105,39,118,115,3,275,2,0,2,277
06/24/2015,FAI,AK,AAL,WE,Combined TRACON& Tower with Radar,46,93,45,1,185,0,7,20,0,27,46,100,65,1,212,1,0,1,213
06/25/2015,FAI,AK,AAL,WE,Combined TRACON& Tower with Radar,57,89,63,1,210,1,8,30,1,40,58,97,93,2,250,6,0,6,256
06/26/2015,FAI,AK,AAL,WE,Combined TRACON& Tower with Radar,40,93,30,0,163,0,14,13,0,27,40,107,43,0,190,2,0,2,192
06/27/2015,FAI,AK,AAL,WE,Combined TRACON& Tower with Radar,36,58,36,12,142,0,8,26,0,34,36,66,62,12,176,19,0,19,195
06/28/2015,FAI,AK,AAL,WE,Combined TRACON& Tower with Radar,41,35,29,0,105,0,39,188,2,229,41,74,217,2,334,260,0,260,594
06/29/2015,FAI,AK,AAL,WE,Combined TRACON& Tower with Radar,47,29,18,10,104,0,86,155,11,252,47,115,173,21,356,156,2,158,514
06/30/2015,FAI,AK,AAL,WE,Combined TRACON& Tower with Radar,39,48,40,1,128,2,78,151,3,234,41,126,191,4,362,150,0,150,512
07/01/2015,FAI,AK,AAL,WE,Combined TRACON& Tower with Radar,38,95,58,9,200,0,21,58,1,80,38,116,116,10,280,144,2,146,426
07/02/2015,FAI,AK,AAL,WE,Combined TRACON& Tower with Radar,50,89,52,6,197,0,12,25,0,37,50,101,77,6,234,32,0,32,266
07/03/2015,FAI,AK,AAL,WE,Combined TRACON& Tower with Radar,40,45,13,3,101,0,51,155,11,217,40,96,168,14,318,132,1,133,451
07/04/2015,FAI,AK,AAL,WE,Combined TRACON& Tower with Radar,36,12,12,0,60,0,23,101,4,128,36,35,113,4,188,71,0,71,259
07/05/2015,FAI,AK,AAL,WE,Combined TRACON& Tower with Radar,38,39,18,1,96,0,15,70,1,86,38,54,88,2,182,54,0,54,236
07/06/2015,FAI,AK,AAL,WE,Combined TRACON& Tower with Radar,46,22,25,1,94,0,73,169,4,246,46,95,194,5,340,170,0,170,510
07/07/2015,FAI,AK,AAL,WE,Combined TRACON& Tower with Radar,40,68,22,0,130,0,5,25,0,30,40,73,47,0,160,22,0,22,182
07/08/2015,FAI,AK,AAL,WE,Combined TRACON& Tower with Radar,45,69,38,0,152,0,21,58,0,79,45,90,96,0,231,122,0,122,353
07/09/2015,FAI,AK,AAL,WE,Combined TRACON& Tower with Radar,50,31,28,5,114,1,73,167,4,245,51,104,195,9,359,258,0,258,617
07/10/2015,FAI,AK,AAL,WE,Combined TRACON& Tower with Radar,44,28,29,9,110,1,81,178,5,265,45,109,207,14,375,130,0,130,505
07/11/2015,FAI,AK,AAL,WE,Combined TRACON& Tower with Radar,38,20,21,11,90,2,58,202,4,266,40,78,223,15,356,184,0,184,540
07/12/2015,FAI,AK,AAL,WE,Combined TRACON& Tower with Radar,35,18,24,6,83,0,31,153,7,191,35,49,177,13,274,174,0,174,448
07/13/2015,FAI,AK,AAL,WE,Combined TRACON& Tower with Radar,47,32,19,9,107,1,74,142,1,218,48,106,161,10,325,78,6,84,409
07/14/2015,FAI,AK,AAL,WE,Combined TRACON& Tower with Radar,42,77,45,4,168,1,21,91,1,114,43,98,136,5,282,42,6,48,330
07/15/2015,FAI,AK,AAL,WE,Combined TRACON& Tower with Radar,41,55,20,2,118,1,72,147,6,226,42,127,167,8,344,162,0,162,506
07/16/2015,FAI,AK,AAL,WE,Combined TRACON& Tower with Radar,49,33,19,3,104,1,82,128,5,216,50,115,147,8,320,57,0,57,377
07/17/2015,FAI,AK,AAL,WE,Combined TRACON& Tower with Radar,38,46,19,5,108,0,67,120,15,202,38,113,139,20,310,66,16,82,392
07/18/2015,FAI,AK,AAL,WE,Combined TRACON& Tower with Radar,39,45,20,2,106,1,11,58,0,70,40,56,78,2,176,42,2,44,220
07/19/2015,FAI,AK,AAL,WE,Combined TRACON& Tower with Radar,42,61,25,1,129,0,6,45,0,51,42,67,70,1,180,14,0,14,194
07/20/2015,FAI,AK,AAL,WE,Combined TRACON& Tower with Radar,46,57,21,3,127,1,49,131,4,185,47,106,152,7,312,96,0,96,408
07/21/2015,FAI,AK,AAL,WE,Combined TRACON& Tower with Radar,43,23,26,1,93,0,95,158,2,255,43,118,184,3,348,115,0,115,463
07/22/2015,FAI,AK,AAL,WE,Combined TRACON& Tower with Radar,42,32,13,5,92,4,91,150,1,246,46,123,163,6,338,90,0,90,428
07/23/2015,FAI,AK,AAL,WE,Combined TRACON& Tower with Radar,48,25,23,2,98,0,102,160,1,263,48,127,183,3,361,191,1,192,553
07/24/2015,FAI,AK,AAL,WE,Combined TRACON& Tower with Radar,40,31,21,1,93,0,102,105,0,207,40,133,126,1,300,0,0,0,300
07/25/2015,FAI,AK,AAL,WE,Combined TRACON& Tower with Radar,40,24,26,0,90,0,57,101,1,159,40,81,127,1,249,0,0,0,249
07/26/2015,FAI,AK,AAL,WE,Combined TRACON& Tower with Radar,36,42,14,3,95,0,25,49,7,81,36,67,63,10,176,0,0,0,176
07/27/2015,FAI,AK,AAL,WE,Combined TRACON& Tower with Radar,45,72,30,4,151,0,38,32,3,73,45,110,62,7,224,0,0,0,224
07/28/2015,FAI,AK,AAL,WE,Combined TRACON& Tower with Radar,44,74,37,3,158,0,53,107,3,163,44,127,144,6,321,183,0,183,504
07/29/2015,FAI,AK,AAL,WE,Combined TRACON& Tower with Radar,41,61,50,4,156,0,63,128,3,194,41,124,178,7,350,168,0,168,518
07/30/2015,FAI,AK,AAL,WE,Combined TRACON& Tower with Radar,51,37,25,2,115,1,62,133,2,198,52,99,158,4,313,200,2,202,515
07/31/2015,FAI,AK,AAL,WE,Combined TRACON& Tower with Radar,44,57,53,0,154,0,79,147,6,232,44,136,200,6,386,55,0,55,441
08/01/2015,FAI,AK,AAL,WE,Combined TRACON& Tower with Radar,34,44,19,2,99,0,38,150,1,189,34,82,169,3,288,110,0,110,398
08/02/2015,FAI,AK,AAL,WE,Combined TRACON& Tower with Radar,37,57,32,1,127,0,12,133,2,147,37,69,165,3,274,184,0,184,458
08/03/2015,FAI,AK,AAL,WE,Combined TRACON& Tower with Radar,45,42,15,3,105,1,79,176,3,259,46,121,191,6,364,172,0,172,536
08/04/2015,FAI,AK,AAL,WE,Combined TRACON& Tower with Radar,43,35,27,15,120,0,92,196,4,292,43,127,223,19,412,292,6,298,710
08/05/2015,FAI,AK,AAL,WE,Combined TRACON& Tower with Radar,41,43,16,17,117,1,82,146,0,229,42,125,162,17,346,110,0,110,456
08/06/2015,FAI,AK,AAL,WE,Combined TRACON& Tower with Radar,48,30,29,2,109,0,90,192,4,286,48,120,221,6,395,144,0,144,539
08/07/2015,FAI,AK,AAL,WE,Combined TRACON& Tower with Radar,41,31,23,2,97,0,107,210,6,323,41,138,233,8,420,146,0,146,566
08/08/2015,FAI,AK,AAL,WE,Combined TRACON& Tower with Radar,36,41,26,3,106,0,57,209,6,272,36,98,235,9,378,193,0,193,571
08/09/2015,FAI,AK,AAL,WE,Combined TRACON& Tower with Radar,36,39,27,4,106,0,39,124,3,166,36,78,151,7,272,134,0,134,406
08/10/2015,FAI,AK,AAL,WE,Combined TRACON& Tower with Radar,49,81,9,1,140,0,23,60,0,83,49,104,69,1,223,72,0,72,295
08/11/2015,FAI,AK,AAL,WE,Combined TRACON& Tower with Radar,43,58,23,4,128,1,71,168,4,244,44,129,191,8,372,111,0,111,483
08/12/2015,FAI,AK,AAL,WE,Combined TRACON& Tower with Radar,33,67,27,1,128,0,71,152,0,223,33,138,179,1,351,96,3,99,450
08/13/2015,FAI,AK,AAL,WE,Combined TRACON& Tower with Radar,48,85,38,10,181,0,15,83,1,99,48,100,121,11,280,62,0,62,342
08/14/2015,FAI,AK,AAL,WE,Combined TRACON& Tower with Radar,40,52,25,11,128,0,80,239,11,330,40,132,264,22,458,215,0,215,673
08/15/2015,FAI,AK,AAL,WE,Combined TRACON& Tower with Radar,37,17,24,5,83,1,75,184,7,267,38,92,208,12,350,120,0,120,470
08/16/2015,FAI,AK,AAL,WE,Combined TRACON& Tower with Radar,37,45,31,0,113,0,32,134,0,166,37,77,165,0,279,151,0,151,430
08/17/2015,FAI,AK,AAL,WE,Combined TRACON& Tower with Radar,44,33,23,5,105,0,92,177,14,283,44,125,200,19,388,204,0,204,592
08/18/2015,FAI,AK,AAL,WE,Combined TRACON& Tower with Radar,40,84,35,0,159,0,20,50,0,70,40,104,85,0,229,100,0,100,329
08/19/2015,FAI,AK,AAL,WE,Combined TRACON& Tower with Radar,41,85,34,0,160,0,35,107,4,146,41,120,141,4,306,91,0,91,397
08/20/2015,FAI,AK,AAL,WE,Combined TRACON& Tower with Radar,48,70,37,2,157,1,60,165,6,232,49,130,202,8,389,240,0,240,629
08/21/2015,FAI,AK,AAL,WE,Combined TRACON& Tower with Radar,38,46,15,5,104,0,84,200,1,285,38,130,215,6,389,213,0,213,602
08/22/2015,FAI,AK,AAL,WE,Combined TRACON& Tower with Radar,32,37,10,0,79,0,38,137,0,175,32,75,147,0,254,140,0,140,394
08/23/2015,FAI,AK,AAL,WE,Combined TRACON& Tower with Radar,38,47,26,5,116,0,20,81,3,104,38,67,107,8,220,122,0,122,342
08/24/2015,FAI,AK,AAL,WE,Combined TRACON& Tower with Radar,43,36,26,6,111,3,83,184,2,272,46,119,210,8,383,145,0,145,528
08/25/2015,FAI,AK,AAL,WE,Combined TRACON& Tower with Radar,38,88,25,2,153,0,6,10,0,16,38,94,35,2,169,0,0,0,169
08/26/2015,FAI,AK,AAL,WE,Combined TRACON& Tower with Radar,37,99,36,4,176,0,8,13,2,23,37,107,49,6,199,6,0,6,205
08/27/2015,FAI,AK,AAL,WE,Combined TRACON& Tower with Radar,46,87,37,8,178,0,16,54,1,71,46,103,91,9,249,4,0,4,253
08/28/2015,FAI,AK,AAL,WE,Combined TRACON& Tower with Radar,41,77,41,1,160,0,45,145,4,194,41,122,186,5,354,160,0,160,514
08/29/2015,FAI,AK,AAL,WE,Combined TRACON& Tower with Radar,35,55,43,2,135,0,37,71,0,108,35,92,114,2,243,74,0,74,317
08/30/2015,FAI,AK,AAL,WE,Combined TRACON& Tower with Radar,42,37,18,1,98,0,48,203,0,251,42,85,221,1,349,195,0,195,544
08/31/2015,FAI,AK,AAL,WE,Combined TRACON& Tower with Radar,41,43,19,10,113,1,100,153,1,255,42,143,172,11,368,117,0,117,485
09/01/2015,FAI,AK,AAL,WE,Combined TRACON& Tower with Radar,40,37,21,4,102,1,84,207,9,301,41,121,228,13,403,166,4,170,573
09/02/2015,FAI,AK,AAL,WE,Combined TRACON& Tower with Radar,34,35,22,7,98,5,92,202,6,305,39,127,224,13,403,103,0,103,506
09/03/2015,FAI,AK,AAL,WE,Combined TRACON& Tower with Radar,45,24,22,17,108,2,98,219,3,322,47,122,241,20,430,78,0,78,508
09/04/2015,FAI,AK,AAL,WE,Combined TRACON& Tower with Radar,41,40,38,12,131,4,102,257,10,373,45,142,295,22,504,104,0,104,608
09/05/2015,FAI,AK,AAL,WE,Combined TRACON& Tower with Radar,33,27,23,9,92,0,67,248,4,319,33,94,271,13,411,134,0,134,545
09/06/2015,FAI,AK,AAL,WE,Combined TRACON& Tower with Radar,40,28,18,8,94,0,62,182,6,250,40,90,200,14,344,88,0,88,432
09/07/2015,FAI,AK,AAL,WE,Combined TRACON& Tower with Radar,41,27,21,5,94,0,61,255,7,323,41,88,276,12,417,119,0,119,536
09/08/2015,FAI,AK,AAL,WE,Combined TRACON& Tower with Radar,36,30,27,6,99,0,98,178,5,281,36,128,205,11,380,104,0,104,484
09/09/2015,FAI,AK,AAL,WE,Combined TRACON& Tower with Radar,40,44,29,4,117,0,68,153,0,221,40,112,182,4,338,131,0,131,469
09/10/2015,FAI,AK,AAL,WE,Combined TRACON& Tower with Radar,44,40,39,11,134,0,97,124,10,231,44,137,163,21,365,73,0,73,438
09/11/2015,FAI,AK,AAL,WE,Combined TRACON& Tower with Radar,36,62,18,2,118,2,91,212,3,308,38,153,230,5,426,90,0,90,516
09/12/2015,FAI,AK,AAL,WE,Combined TRACON& Tower with Radar,33,60,25,0,118,0,37,84,4,125,33,97,109,4,243,58,0,58,301
09/13/2015,FAI,AK,AAL,WE,Combined TRACON& Tower with Radar,32,54,21,0,107,0,34,40,0,74,32,88,61,0,181,8,0,8,189
09/14/2015,FAI,AK,AAL,WE,Combined TRACON& Tower with Radar,39,84,23,1,147,0,17,63,0,80,39,101,86,1,227,20,0,20,247
09/15/2015,FAI,AK,AAL,WE,Combined TRACON& Tower with Radar,36,92,43,3,174,0,21,79,9,109,36,113,122,12,283,20,2,22,305
09/16/2015,FAI,AK,AAL,WE,Combined TRACON& Tower with Radar,35,92,68,0,195,0,21,52,0,73,35,113,120,0,268,36,1,37,305
09/17/2015,FAI,AK,AAL,WE,Combined TRACON& Tower with Radar,36,88,33,10,167,0,42,74,0,116,36,130,107,10,283,80,0,80,363
09/18/2015,FAI,AK,AAL,WE,Combined TRACON& Tower with Radar,37,42,26,1,106,2,88,151,1,242,39,130,177,2,348,96,0,96,444
09/19/2015,FAI,AK,AAL,WE,Combined TRACON& Tower with Radar,28,52,28,0,108,0,30,65,3,98,28,82,93,3,206,45,1,46,252
09/20/2015,FAI,AK,AAL,WE,Combined TRACON& Tower with Radar,31,27,19,2,79,0,52,187,2,241,31,79,206,4,320,114,0,114,434
09/21/2015,FAI,AK,AAL,WE,Combined TRACON& Tower with Radar,40,40,24,7,111,0,80,142,6,228,40,120,166,13,339,121,0,121,460
09/22/2015,FAI,AK,AAL,WE,Combined TRACON& Tower with Radar,33,49,28,0,110,2,85,110,2,199,35,134,138,2,309,59,3,62,371
09/23/2015,FAI,AK,AAL,WE,Combined TRACON& Tower with Radar,35,62,22,1,120,0,64,109,2,175,35,126,131,3,295,37,9,46,341
09/24/2015,FAI,AK,AAL,WE,Combined TRACON& Tower with Radar,38,29,32,5,104,1,98,193,13,305,39,127,225,18,409,116,0,116,525
09/25/2015,FAI,AK,AAL,WE,Combined TRACON& Tower with Radar,33,78,11,0,122,1,8,6,0,15,34,86,17,0,137,0,0,0,137
09/26/2015,FAI,AK,AAL,WE,Combined TRACON& Tower with Radar,31,49,12,0,92,1,29,68,2,100,32,78,80,2,192,34,0,34,226
09/27/2015,FAI,AK,AAL,WE,Combined TRACON& Tower with Radar,32,42,16,2,92,0,18,58,12,88,32,60,74,14,180,67,0,67,247
09/28/2015,FAI,AK,AAL,WE,Combined TRACON& Tower with Radar,39,73,32,1,145,0,20,45,0,65,39,93,77,1,210,63,0,63,273
09/29/2015,FAI,AK,AAL,WE,Combined TRACON& Tower with Radar,33,63,11,4,111,0,0,0,0,0,33,63,11,4,111,0,0,0,111
09/30/2015,FAI,AK,AAL,WE,Combined TRACON& Tower with Radar,35,59,15,1,110,0,18,21,1,40,35,77,36,2,150,14,0,14,164
10/01/2015,FAI,AK,AAL,WE,Combined TRACON& Tower with Radar,41,35,17,2,95,1,68,63,3,135,42,103,80,5,230,63,0,63,293
10/02/2015,FAI,AK,AAL,WE,Combined TRACON& Tower with Radar,33,73,8,0,114,0,15,20,1,36,33,88,28,1,150,44,0,44,194
10/03/2015,FAI,AK,AAL,WE,Combined TRACON& Tower with Radar,28,41,18,3,90,0,15,13,1,29,28,56,31,4,119,22,0,22,141
10/04/2015,FAI,AK,AAL,WE,Combined TRACON& Tower with Radar,31,55,4,0,90,0,0,2,0,2,31,55,6,0,92,0,0,0,92
10/05/2015,FAI,AK,AAL,WE,Combined TRACON& Tower with Radar,37,47,21,15,120,0,40,40,2,82,37,87,61,17,202,140,0,140,342
10/06/2015,FAI,AK,AAL,WE,Combined TRACON& Tower with Radar,33,28,14,5,80,0,76,97,5,178,33,104,111,10,258,125,6,131,389
10/07/2015,FAI,AK,AAL,WE,Combined TRACON& Tower with Radar,35,37,28,6,106,2,75,86,1,164,37,112,114,7,270,92,8,100,370
10/08/2015,FAI,AK,AAL,WE,Combined TRACON& Tower with Radar,39,29,12,3,83,0,73,65,1,139,39,102,77,4,222,128,20,148,370
10/09/2015,FAI,AK,AAL,WE,Combined TRACON& Tower with Radar,35,25,19,4,83,1,82,85,0,168,36,107,104,4,251,77,0,77,328
10/10/2015,FAI,AK,AAL,WE,Combined TRACON& Tower with Radar,30,22,12,0,64,0,41,57,3,101,30,63,69,3,165,73,0,73,238
10/11/2015,FAI,AK,AAL,WE,Combined TRACON& Tower with Radar,30,18,10,1,59,0,42,66,0,108,30,60,76,1,167,102,0,102,269
10/12/2015,FAI,AK,AAL,WE,Combined TRACON& Tower with Radar,35,17,11,0,63,0,75,78,1,154,35,92,89,1,217,189,0,189,406
10/13/2015,FAI,AK,AAL,WE,Combined TRACON& Tower with Radar,32,34,12,11,89,0,67,80,12,159,32,101,92,23,248,143,3,146,394
10/14/2015,FAI,AK,AAL,WE,Combined TRACON& Tower with Radar,32,30,17,8,87,0,84,46,3,133,32,114,63,11,220,103,2,105,325
10/15/2015,FAI,AK,AAL,WE,Combined TRACON& Tower with Radar,39,27,12,2,80,1,73,64,2,140,40,100,76,4,220,139,0,139,359
10/16/2015,FAI,AK,AAL,WE,Combined TRACON& Tower with Radar,43,24,10,2,79,1,63,65,0,129,44,87,75,2,208,78,0,78,286
10/17/2015,FAI,AK,AAL,WE,Combined TRACON& Tower with Radar,26,40,3,2,71,0,10,27,0,37,26,50,30,2,108,82,0,82,190
10/18/2015,FAI,AK,AAL,WE,Combined TRACON& Tower with Radar,29,30,12,3,74,0,22,35,0,57,29,52,47,3,131,125,0,125,256
10/19/2015,FAI,AK,AAL,WE,Combined TRACON& Tower with Radar,35,75,11,7,128,0,1,4,0,5,35,76,15,7,133,0,0,0,133
10/20/2015,FAI,AK,AAL,WE,Combined TRACON& Tower with Radar,36,39,28,10,113,0,69,66,0,135,36,108,94,10,248,72,0,72,320
10/21/2015,FAI,AK,AAL,WE,Combined TRACON& Tower with Radar,34,46,20,13,113,1,74,56,7,138,35,120,76,20,251,88,0,88,339
10/22/2015,FAI,AK,AAL,WE,Combined TRACON& Tower with Radar,38,46,11,15,110,2,62,50,2,116,40,108,61,17,226,94,18,112,338
10/23/2015,FAI,AK,AAL,WE,Combined TRACON& Tower with Radar,35,41,16,12,104,0,64,85,5,154,35,105,101,17,258,174,0,174,432
10/24/2015,FAI,AK,AAL,WE,Combined TRACON& Tower with Radar,30,20,7,1,58,0,41,87,5,133,30,61,94,6,191,86,0,86,277
10/25/2015,FAI,AK,AAL,WE,Combined TRACON& Tower with Radar,28,21,11,2,62,0,39,66,6,111,28,60,77,8,173,182,0,182,355
10/26/2015,FAI,AK,AAL,WE,Combined TRACON& Tower with Radar,39,21,6,13,79,0,63,64,7,134,39,84,70,20,213,110,1,111,324
10/27/2015,FAI,AK,AAL,WE,Combined TRACON& Tower with Radar,29,44,15,6,94,0,46,40,19,105,29,90,55,25,199,86,10,96,295
10/28/2015,FAI,AK,AAL,WE,Combined TRACON& Tower with Radar,31,38,14,11,94,0,69,68,7,144,31,107,82,18,238,101,2,103,341
10/29/2015,FAI,AK,AAL,WE,Combined TRACON& Tower with Radar,42,73,21,0,136,0,21,18,0,39,42,94,39,0,175,18,2,20,195
10/30/2015,FAI,AK,AAL,WE,Combined TRACON& Tower with Radar,36,74,19,15,144,0,20,2,0,22,36,94,21,15,166,37,0,37,203
10/31/2015,FAI,AK,AAL,WE,Combined TRACON& Tower with Radar,26,20,15,10,71,1,37,45,5,88,27,57,60,15,159,80,0,80,239
11/01/2015,FAI,AK,AAL,WE,Combined TRACON& Tower with Radar,30,30,8,0,68,1,18,35,2,56,31,48,43,2,124,38,0,38,162
11/02/2015,FAI,AK,AAL,WE,Combined TRACON& Tower with Radar,39,74,15,6,134,0,12,0,0,12,39,86,15,6,146,0,0,0,146
11/03/2015,FAI,AK,AAL,WE,Combined TRACON& Tower with Radar,36,43,25,2,106,0,65,44,1,110,36,108,69,3,216,66,42,108,324
11/04/2015,FAI,AK,AAL,WE,Combined TRACON& Tower with Radar,32,67,10,11,120,0,33,28,4,65,32,100,38,15,185,36,4,40,225
11/05/2015,FAI,AK,AAL,WE,Combined TRACON& Tower with Radar,38,34,9,6,87,0,59,26,0,85,38,93,35,6,172,28,0,28,200
11/06/2015,FAI,AK,AAL,WE,Combined TRACON& Tower with Radar,35,74,6,2,117,0,7,6,0,13,35,81,12,2,130,0,0,0,130
11/07/2015,FAI,AK,AAL,WE,Combined TRACON& Tower with Radar,31,46,3,0,80,0,6,16,0,22,31,52,19,0,102,8,0,8,110
11/08/2015,FAI,AK,AAL,WE,Combined TRACON& Tower with Radar,27,24,8,1,60,0,17,36,2,55,27,41,44,3,115,98,0,98,213
11/09/2015,FAI,AK,AAL,WE,Combined TRACON& Tower with Radar,39,74,5,5,123,0,8,4,0,12,39,82,9,5,135,2,0,2,137
11/10/2015,FAI,AK,AAL,WE,Combined TRACON& Tower with Radar,31,42,13,9,95,0,57,37,6,100,31,99,50,15,195,148,4,152,347
11/11/2015,FAI,AK,AAL,WE,Combined TRACON& Tower with Radar,32,54,8,5,99,0,66,50,8,124,32,120,58,13,223,40,0,40,263
11/12/2015,FAI,AK,AAL,WE,Combined TRACON& Tower with Radar,38,34,10,1,83,0,57,39,3,99,38,91,49,4,182,55,0,55,237
11/13/2015,FAI,AK,AAL,WE,Combined TRACON& Tower with Radar,38,76,18,8,140,0,8,0,0,8,38,84,18,8,148,0,0,0,148
11/14/2015,FAI,AK,AAL,WE,Combined TRACON& Tower with Radar,27,31,7,1,66,2,18,22,0,42,29,49,29,1,108,50,0,50,158
11/15/2015,FAI,AK,AAL,WE,Combined TRACON& Tower with Radar,32,32,6,7,77,0,19,19,3,41,32,51,25,10,118,20,0,20,138
11/16/2015,FAI,AK,AAL,WE,Combined TRACON& Tower with Radar,37,32,5,13,87,0,71,21,4,96,37,103,26,17,183,0,8,8,191
11/17/2015,FAI,AK,AAL,WE,Combined TRACON& Tower with Radar,35,66,17,4,122,0,31,16,0,47,35,97,33,4,169,8,0,8,177
11/18/2015,FAI,AK,AAL,WE,Combined TRACON& Tower with Radar,32,39,6,4,81,1,60,31,0,92,33,99,37,4,173,2,0,2,175
11/19/2015,FAI,AK,AAL,WE,Combined TRACON& Tower with Radar,38,32,5,10,85,0,55,33,1,89,38,87,38,11,174,61,2,63,237
11/20/2015,FAI,AK,AAL,WE,Combined TRACON& Tower with Radar,32,61,12,0,105,0,41,18,0,59,32,102,30,0,164,109,0,109,273
11/21/2015,FAI,AK,AAL,WE,Combined TRACON& Tower with Radar,33,67,15,0,115,0,3,2,0,5,33,70,17,0,120,2,0,2,122
11/22/2015,FAI,AK,AAL,WE,Combined TRACON& Tower with Radar,28,33,9,0,70,0,19,49,0,68,28,52,58,0,138,82,0,82,220
11/23/2015,FAI,AK,AAL,WE,Combined TRACON& Tower with Radar,39,34,4,2,79,0,64,39,0,103,39,98,43,2,182,46,0,46,228
11/24/2015,FAI,AK,AAL,WE,Combined TRACON& Tower with Radar,34,74,10,4,122,0,3,3,0,6,34,77,13,4,128,0,0,0,128
11/25/2015,FAI,AK,AAL,WE,Combined TRACON& Tower with Radar,40,76,4,0,120,0,9,2,0,11,40,85,6,0,131,0,0,0,131
11/26/2015,FAI,AK,AAL,WE,Combined TRACON& Tower with Radar,31,7,4,0,42,0,0,0,0,0,31,7,4,0,42,0,0,0,42
11/27/2015,FAI,AK,AAL,WE,Combined TRACON& Tower with Radar,22,29,6,2,59,1,57,27,2,87,23,86,33,4,146,28,0,28,174
11/28/2015,FAI,AK,AAL,WE,Combined TRACON& Tower with Radar,28,13,5,0,46,0,36,39,0,75,28,49,44,0,121,121,0,121,242
11/29/2015,FAI,AK,AAL,WE,Combined TRACON& Tower with Radar,32,20,3,0,55,1,27,53,1,82,33,47,56,1,137,68,0,68,205
11/30/2015,FAI,AK,AAL,WE,Combined TRACON& Tower with Radar,38,35,11,6,90,0,68,27,0,95,38,103,38,6,185,0,0,0,185
12/01/2015,FAI,AK,AAL,WE,Combined TRACON& Tower with Radar,34,29,12,13,88,0,58,34,4,96,34,87,46,17,184,70,22,92,276
12/02/2015,FAI,AK,AAL,WE,Combined TRACON& Tower with Radar,33,62,14,9,118,0,44,19,0,63,33,106,33,9,181,22,0,22,203
12/03/2015,FAI,AK,AAL,WE,Combined TRACON& Tower with Radar,34,44,6,2,86,0,43,25,0,68,34,87,31,2,154,104,0,104,258
12/04/2015,FAI,AK,AAL,WE,Combined TRACON& Tower with Radar,32,54,5,0,91,0,29,21,1,51,32,83,26,1,142,30,0,30,172
12/05/2015,FAI,AK,AAL,WE,Combined TRACON& Tower with Radar,30,20,8,0,58,0,31,41,0,72,30,51,49,0,130,18,0,18,148
12/06/2015,FAI,AK,AAL,WE,Combined TRACON& Tower with Radar,27,31,7,4,69,0,22,17,3,42,27,53,24,7,111,32,0,32,143
12/07/2015,FAI,AK,AAL,WE,Combined TRACON& Tower with Radar,33,32,9,7,81,0,49,49,2,100,33,81,58,9,181,96,0,96,277
12/08/2015,FAI,AK,AAL,WE,Combined TRACON& Tower with Radar,33,35,14,6,88,0,67,35,1,103,33,102,49,7,191,6,0,6,197
12/09/2015,FAI,AK,AAL,WE,Combined TRACON& Tower with Radar,28,37,11,11,87,0,62,36,3,101,28,99,47,14,188,36,2,38,226
12/10/2015,FAI,AK,AAL,WE,Combined TRACON& Tower with Radar,35,28,6,7,76,1,61,25,8,95,36,89,31,15,171,11,2,13,184
12/11/2015,FAI,AK,AAL,WE,Combined TRACON& Tower with Radar,33,37,2,2,74,0,58,34,2,94,33,95,36,4,168,53,0,53,221
12/12/2015,FAI,AK,AAL,WE,Combined TRACON& Tower with Radar,32,17,7,1,57,0,42,26,3,71,32,59,33,4,128,52,0,52,180
12/13/2015,FAI,AK,AAL,WE,Combined TRACON& Tower with Radar,30,23,10,1,64,0,23,22,5,50,30,46,32,6,114,20,1,21,135
12/14/2015,FAI,AK,AAL,WE,Combined TRACON& Tower with Radar,35,30,5,2,72,0,63,19,0,82,35,93,24,2,154,2,0,2,156
12/15/2015,FAI,AK,AAL,WE,Combined TRACON& Tower with Radar,31,39,14,10,94,0,47,36,8,91,31,86,50,18,185,104,0,104,289
12/16/2015,FAI,AK,AAL,WE,Combined TRACON& Tower with Radar,31,51,14,3,99,0,49,21,2,72,31,100,35,5,171,35,2,37,208
12/17/2015,FAI,AK,AAL,WE,Combined TRACON& Tower with Radar,39,40,12,4,95,2,71,33,0,106,41,111,45,4,201,68,0,68,269
12/18/2015,FAI,AK,AAL,WE,Combined TRACON& Tower with Radar,31,43,4,2,80,0,71,35,4,110,31,114,39,6,190,40,0,40,230
12/19/2015,FAI,AK,AAL,WE,Combined TRACON& Tower with Radar,34,24,5,1,64,0,32,44,2,78,34,56,49,3,142,64,0,64,206
12/20/2015,FAI,AK,AAL,WE,Combined TRACON& Tower with Radar,31,32,11,0,74,0,26,34,0,60,31,58,45,0,134,40,0,40,174
12/21/2015,FAI,AK,AAL,WE,Combined TRACON& Tower with Radar,36,32,10,3,81,0,66,12,3,81,36,98,22,6,162,0,0,0,162
12/22/2015,FAI,AK,AAL,WE,Combined TRACON& Tower with Radar,32,62,11,7,112,0,37,24,0,61,32,99,35,7,173,49,0,49,222
12/23/2015,FAI,AK,AAL,WE,Combined TRACON& Tower with Radar,36,72,6,0,114,0,27,8,0,35,36,99,14,0,149,24,0,24,173
12/24/2015,FAI,AK,AAL,WE,Combined TRACON& Tower with Radar,36,30,3,0,69,0,49,20,0,69,36,79,23,0,138,4,0,4,142
12/25/2015,FAI,AK,AAL,WE,Combined TRACON& Tower with Radar,25,5,2,0,32,0,0,7,0,7,25,5,9,0,39,0,0,0,39
12/26/2015,FAI,AK,AAL,WE,Combined TRACON& Tower with Radar,30,16,3,0,49,0,32,45,0,77,30,48,48,0,126,28,0,28,154
12/27/2015,FAI,AK,AAL,WE,Combined TRACON& Tower with Radar,32,30,8,0,70,0,21,45,0,66,32,51,53,0,136,14,0,14,150
12/28/2015,FAI,AK,AAL,WE,Combined TRACON& Tower with Radar,39,29,5,1,74,0,45,38,0,83,39,74,43,1,157,59,0,59,216
12/29/2015,FAI,AK,AAL,WE,Combined TRACON& Tower with Radar,39,39,11,14,103,0,47,31,11,89,39,86,42,25,192,70,12,82,274
12/30/2015,FAI,AK,AAL,WE,Combined TRACON& Tower with Radar,30,28,7,6,71,1,47,31,6,85,31,75,38,12,156,48,2,50,206
12/31/2015,FAI,AK,AAL,WE,Combined TRACON& Tower with Radar,38,23,8,1,70,0,45,39,5,89,38,68,47,6,159,33,0,33,192
01/01/2016,FAI,AK,AAL,WE,Combined TRACON& Tower with Radar,26,7,5,0,38,0,1,56,0,57,26,8,61,0,95,17,0,17,112
01/02/2016,FAI,AK,AAL,WE,Combined TRACON& Tower with Radar,30,40,11,0,81,0,32,38,1,71,30,72,49,1,152,58,0,58,210
01/03/2016,FAI,AK,AAL,WE,Combined TRACON& Tower with Radar,33,25,8,0,66,0,17,42,2,61,33,42,50,2,127,68,0,68,195
01/04/2016,FAI,AK,AAL,WE,Combined TRACON& Tower with Radar,37,22,5,2,66,0,64,15,0,79,37,86,20,2,145,8,0,8,153
01/05/2016,FAI,AK,AAL,WE,Combined TRACON& Tower with Radar,33,28,11,0,72,0,62,36,2,100,33,90,47,2,172,114,0,114,286
01/06/2016,FAI,AK,AAL,WE,Combined TRACON& Tower with Radar,31,33,5,6,75,0,78,32,0,110,31,111,37,6,185,46,0,46,231
01/07/2016,FAI,AK,AAL,WE,Combined TRACON& Tower with Radar,36,25,11,11,83,0,52,48,1,101,36,77,59,12,184,26,4,30,214
01/08/2016,FAI,AK,AAL,WE,Combined TRACON& Tower with Radar,36,26,1,3,66,0,60,32,0,92,36,86,33,3,158,38,0,38,196
01/09/2016,FAI,AK,AAL,WE,Combined TRACON& Tower with Radar,26,13,5,0,44,1,44,36,1,82,27,57,41,1,126,74,0,74,200
01/10/2016,FAI,AK,AAL,WE,Combined TRACON& Tower with Radar,32,25,12,6,75,0,24,25,6,55,32,49,37,12,130,12,0,12,142
01/11/2016,FAI,AK,AAL,WE,Combined TRACON& Tower with Radar,38,25,9,3,75,1,63,33,0,97,39,88,42,3,172,28,1,29,201
01/12/2016,FAI,AK,AAL,WE,Combined TRACON& Tower with Radar,29,39,11,0,79,0,48,24,0,72,29,87,35,0,151,44,0,44,195
01/13/2016,FAI,AK,AAL,WE,Combined TRACON& Tower with Radar,35,49,5,4,93,0,36,20,0,56,35,85,25,4,149,60,0,60,209
01/14/2016,FAI,AK,AAL,WE,Combined TRACON& Tower with Radar,38,50,12,2,102,0,36,45,0,81,38,86,57,2,183,37,0,37,220
01/15/2016,FAI,AK,AAL,WE,Combined TRACON& Tower with Radar,34,69,23,0,126,0,10,4,0,14,34,79,27,0,140,0,0,0,140
01/16/2016,FAI,AK,AAL,WE,Combined TRACON& Tower with Radar,29,21,9,0,59,0,33,30,0,63,29,54,39,0,122,66,0,66,188
01/17/2016,FAI,AK,AAL,WE,Combined TRACON& Tower with Radar,31,24,3,2,60,0,29,50,7,86,31,53,53,9,146,24,0,24,170
01/18/2016,FAI,AK,AAL,WE,Combined TRACON& Tower with Radar,40,19,7,2,68,0,55,52,0,107,40,74,59,2,175,45,0,45,220
01/19/2016,FAI,AK,AAL,WE,Combined TRACON& Tower with Radar,31,38,16,6,91,0,37,32,11,80,31,75,48,17,171,36,0,36,207
01/20/2016,FAI,AK,AAL,WE,Combined TRACON& Tower with Radar,35,33,7,12,87,0,64,44,5,113,35,97,51,17,200,32,34,66,266
01/21/2016,FAI,AK,AAL,WE,Combined TRACON& Tower with Radar,38,20,12,8,78,0,65,17,7,89,38,85,29,15,167,23,2,25,192
01/22/2016,FAI,AK,AAL,WE,Combined TRACON& Tower with Radar,34,38,2,4,78,0,62,27,5,94,34,100,29,9,172,38,2,40,212
01/23/2016,FAI,AK,AAL,WE,Combined TRACON& Tower with Radar,29,13,9,4,55,0,31,52,12,95,29,44,61,16,150,62,0,62,212
01/24/2016,FAI,AK,AAL,WE,Combined TRACON& Tower with Radar,31,18,7,2,58,0,23,41,6,70,31,41,48,8,128,101,3,104,232
01/25/2016,FAI,AK,AAL,WE,Combined TRACON& Tower with Radar,38,21,7,12,78,0,62,36,0,98,38,83,43,12,176,80,0,80,256
01/26/2016,FAI,AK,AAL,WE,Combined TRACON& Tower with Radar,33,28,12,8,81,0,56,49,8,113,33,84,61,16,194,56,4,60,254
01/27/2016,FAI,AK,AAL,WE,Combined TRACON& Tower with Radar,35,47,4,8,94,1,42,37,8,88,36,89,41,16,182,74,2,76,258
01/28/2016,FAI,AK,AAL,WE,Combined TRACON& Tower with Radar,36,21,11,5,73,0,55,36,9,100,36,76,47,14,173,55,0,55,228
01/29/2016,FAI,AK,AAL,WE,Combined TRACON& Tower with Radar,34,72,8,3,117,1,10,18,0,29,35,82,26,3,146,44,0,44,190
01/30/2016,FAI,AK,AAL,WE,Combined TRACON& Tower with Radar,28,48,7,10,93,0,0,1,1,2,28,48,8,11,95,10,0,10,105
01/31/2016,FAI,AK,AAL,WE,Combined TRACON& Tower with Radar,32,21,13,2,68,0,32,63,7,102,32,53,76,9,170,85,2,87,257
02/01/2016,FAI,AK,AAL,WE,Combined TRACON& Tower with Radar,36,37,5,6,84,2,63,34,2,101,38,100,39,8,185,40,2,42,227
02/02/2016,FAI,AK,AAL,WE,Combined TRACON& Tower with Radar,29,28,15,9,81,0,59,43,9,111,29,87,58,18,192,102,8,110,302
02/03/2016,FAI,AK,AAL,WE,Combined TRACON& Tower with Radar,33,24,4,9,70,0,71,50,13,134,33,95,54,22,204,42,59,101,305
02/04/2016,FAI,AK,AAL,WE,Combined TRACON& Tower with Radar,40,22,8,9,79,0,66,35,0,101,40,88,43,9,180,92,2,94,274
02/05/2016,FAI,AK,AAL,WE,Combined TRACON& Tower with Radar,31,32,12,3,78,2,66,48,3,119,33,98,60,6,197,78,0,78,275
02/06/2016,FAI,AK,AAL,WE,Combined TRACON& Tower with Radar,32,22,4,0,58,0,24,33,0,57,32,46,37,0,115,74,0,74,189
02/07/2016,FAI,AK,AAL,WE,Combined TRACON& Tower with Radar,30,27,14,0,71,0,21,50,0,71,30,48,64,0,142,68,0,68,210
02/08/2016,FAI,AK,AAL,WE,Combined TRACON& Tower with Radar,39,22,7,7,75,0,61,55,13,129,39,83,62,20,204,34,0,34,238
02/09/2016,FAI,AK,AAL,WE,Combined TRACON& Tower with Radar,31,21,4,9,65,0,64,57,1,122,31,85,61,10,187,38,0,38,225
02/10/2016,FAI,AK,AAL,WE,Combined TRACON& Tower with Radar,35,36,10,7,88,0,67,51,2,120,35,103,61,9,208,83,2,85,293
02/11/2016,FAI,AK,AAL,WE,Combined TRACON& Tower with Radar,37,26,5,2,70,0,49,39,0,88,37,75,44,2,158,26,8,34,192
02/12/2016,FAI,AK,AAL,WE,Combined TRACON& Tower with Radar,33,29,14,0,76,0,51,61,0,112,33,80,75,0,188,52,0,52,240
02/13/2016,FAI,AK,AAL,WE,Combined TRACON& Tower with Radar,27,12,10,0,49,0,34,85,0,119,27,46,95,0,168,53,16,69,237
02/14/2016,FAI,AK,AAL,WE,Combined TRACON& Tower with Radar,34,22,5,0,61,0,32,61,0,93,34,54,66,0,154,32,0,32,186
02/15/2016,FAI,AK,AAL,WE,Combined TRACON& Tower with Radar,38,25,5,1,69,0,53,47,0,100,38,78,52,1,169,58,0,58,227
02/16/2016,FAI,AK,AAL,WE,Combined TRACON& Tower with Radar,31,41,4,4,80,0,55,38,0,93,31,96,42,4,173,40,0,40,213
02/17/2016,FAI,AK,AAL,WE,Combined TRACON& Tower with Radar,30,32,4,16,82,0,63,47,10,120,30,95,51,26,202,100,0,100,302
02/18/2016,FAI,AK,AAL,WE,Combined TRACON& Tower with Radar,38,21,8,8,75,0,59,50,5,114,38,80,58,13,189,50,0,50,239
02/19/2016,FAI,AK,AAL,WE,Combined TRACON& Tower with Radar,34,20,6,12,72,0,71,59,4,134,34,91,65,16,206,120,0,120,326
02/20/2016,FAI,AK,AAL,WE,Combined TRACON& Tower with Radar,30,19,20,0,69,0,27,52,0,79,30,46,72,0,148,140,1,141,289
02/21/2016,FAI,AK,AAL,WE,Combined TRACON& Tower with Radar,31,20,17,4,72,0,33,57,3,93,31,53,74,7,165,122,0,122,287
02/22/2016,FAI,AK,AAL,WE,Combined TRACON& Tower with Radar,36,24,11,6,77,0,73,57,5,135,36,97,68,11,212,122,0,122,334
02/23/2016,FAI,AK,AAL,WE,Combined TRACON& Tower with Radar,35,22,9,6,72,0,56,62,10,128,35,78,71,16,200,43,0,43,243
02/24/2016,FAI,AK,AAL,WE,Combined TRACON& Tower with Radar,34,31,12,10,87,0,64,43,10,117,34,95,55,20,204,148,0,148,352
02/25/2016,FAI,AK,AAL,WE,Combined TRACON& Tower with Radar,37,30,12,11,90,0,50,34,3,87,37,80,46,14,177,65,0,65,242
02/26/2016,FAI,AK,AAL,WE,Combined TRACON& Tower with Radar,33,27,15,5,80,0,65,51,0,116,33,92,66,5,196,100,0,100,296
02/27/2016,FAI,AK,AAL,WE,Combined TRACON& Tower with Radar,30,16,14,3,63,0,41,98,3,142,30,57,112,6,205,104,0,104,309
02/28/2016,FAI,AK,AAL,WE,Combined TRACON& Tower with Radar,31,25,7,3,66,0,32,53,7,92,31,57,60,10,158,60,0,60,218
02/29/2016,FAI,AK,AAL,WE,Combined TRACON& Tower with Radar,38,18,10,10,76,0,65,62,11,138,38,83,72,21,214,131,0,131,345
03/01/2016,FAI,AK,AAL,WE,Combined TRACON& Tower with Radar,31,17,14,4,66,0,60,68,6,134,31,77,82,10,200,92,0,92,292
03/02/2016,FAI,AK,AAL,WE,Combined TRACON& Tower with Radar,33,25,14,8,80,0,67,95,15,177,33,92,109,23,257,110,18,128,385
03/03/2016,FAI,AK,AAL,WE,Combined TRACON& Tower with Radar,41,37,27,12,117,0,63,78,9,150,41,100,105,21,267,132,0,132,399
03/04/2016,FAI,AK,AAL,WE,Combined TRACON& Tower with Radar,34,25,8,6,73,0,63,76,5,144,34,88,84,11,217,146,0,146,363
03/05/2016,FAI,AK,AAL,WE,Combined TRACON& Tower with Radar,28,27,14,6,75,0,39,35,8,82,28,66,49,14,157,73,0,73,230
03/06/2016,FAI,AK,AAL,WE,Combined TRACON& Tower with Radar,32,25,7,2,66,0,40,63,4,107,32,65,70,6,173,90,0,90,263
03/07/2016,FAI,AK,AAL,WE,Combined TRACON& Tower with Radar,38,18,4,10,70,0,71,78,4,153,38,89,82,14,223,139,2,141,364
03/08/2016,FAI,AK,AAL,WE,Combined TRACON& Tower with Radar,29,32,10,8,79,0,64,89,7,160,29,96,99,15,239,90,1,91,330
03/09/2016,FAI,AK,AAL,WE,Combined TRACON& Tower with Radar,36,35,2,3,76,5,61,67,3,136,41,96,69,6,212,112,0,112,324
03/10/2016,FAI,AK,AAL,WE,Combined TRACON& Tower with Radar,35,42,15,4,96,0,64,82,8,154,35,106,97,12,250,132,0,132,382
03/11/2016,FAI,AK,AAL,WE,Combined TRACON& Tower with Radar,34,32,12,3,81,0,61,87,3,151,34,93,99,6,232,87,0,87,319
03/12/2016,FAI,AK,AAL,WE,Combined TRACON& Tower with Radar,30,26,14,3,73,0,36,83,3,122,30,62,97,6,195,114,0,114,309
03/13/2016,FAI,AK,AAL,WE,Combined TRACON& Tower with Radar,29,42,17,0,88,1,18,43,0,62,30,60,60,0,150,84,0,84,234
03/14/2016,FAI,AK,AAL,WE,Combined TRACON& Tower with Radar,37,70,14,2,123,0,33,30,1,64,37,103,44,3,187,90,0,90,277
03/15/2016,FAI,AK,AAL,WE,Combined TRACON& Tower with Radar,34,66,7,4,111,0,21,27,13,61,34,87,34,17,172,19,4,23,195
03/16/2016,FAI,AK,AAL,WE,Combined TRACON& Tower with Radar,31,73,12,9,125,2,20,19,1,42,33,93,31,10,167,6,0,6,173
03/17/2016,FAI,AK,AAL,WE,Combined TRACON& Tower with Radar,42,31,13,6,92,0,57,76,6,139,42,88,89,12,231,84,0,84,315
03/18/2016,FAI,AK,AAL,WE,Combined TRACON& Tower with Radar,35,28,7,9,79,0,67,75,19,161,35,95,82,28,240,80,0,80,320
03/19/2016,FAI,AK,AAL,WE,Combined TRACON& Tower with Radar,30,22,7,7,66,0,21,12,8,41,30,43,19,15,107,38,0,38,145
03/20/2016,FAI,AK,AAL,WE,Combined TRACON& Tower with Radar,33,22,10,5,70,0,34,62,3,99,33,56,72,8,169,110,0,110,279
03/21/2016,FAI,AK,AAL,WE,Combined TRACON& Tower with Radar,37,19,10,7,73,0,88,97,2,187,37,107,107,9,260,132,0,132,392
03/22/2016,FAI,AK,AAL,WE,Combined TRACON& Tower with Radar,31,27,15,3,76,0,85,112,8,205,31,112,127,11,281,114,0,114,395
03/23/2016,FAI,AK,AAL,WE,Combined TRACON& Tower with Radar,35,24,11,7,77,0,93,110,3,206,35,117,121,10,283,108,0,108,391
03/24/2016,FAI,AK,AAL,WE,Combined TRACON& Tower with Radar,37,29,19,5,90,0,69,68,4,141,37,98,87,9,231,0,0,0,231
03/25/2016,FAI,AK,AAL,WE,Combined TRACON& Tower with Radar,35,33,16,3,87,0,70,78,7,155,35,103,94,10,242,104,42,146,388
03/26/2016,FAI,AK,AAL,WE,Combined TRACON& Tower with Radar,32,32,8,6,78,1,16,70,0,87,33,48,78,6,165,136,2,138,303
03/27/2016,FAI,AK,AAL,WE,Combined TRACON& Tower with Radar,30,29,13,1,73,0,9,63,6,78,30,38,76,7,151,65,0,65,216
03/28/2016,FAI,AK,AAL,WE,Combined TRACON& Tower with Radar,22,28,18,0,68,0,39,65,0,104,22,67,83,0,172,80,0,80,252
03/29/2016,FAI,AK,AAL,WE,Combined TRACON& Tower with Radar,15,60,14,0,89,0,6,13,2,21,15,66,27,2,110,23,0,23,133
03/30/2016,FAI,AK,AAL,WE,Combined TRACON& Tower with Radar,33,69,18,2,122,1,38,63,0,102,34,107,81,2,224,86,32,118,342
03/31/2016,FAI,AK,AAL,WE,Combined TRACON& Tower with Radar,39,50,10,3,102,0,67,65,4,136,39,117,75,7,238,65,0,65,303
04/01/2016,FAI,AK,AAL,WE,Combined TRACON& Tower with Radar,31,38,11,7,87,2,37,46,1,86,33,75,57,8,173,96,0,96,269
04/02/2016,FAI,AK,AAL,WE,Combined TRACON& Tower with Radar,29,30,10,1,70,0,22,82,1,105,29,52,92,2,175,92,0,92,267
04/03/2016,FAI,AK,AAL,WE,Combined TRACON& Tower with Radar,32,27,6,4,69,0,20,73,1,94,32,47,79,5,163,116,0,116,279
04/04/2016,FAI,AK,AAL,WE,Combined TRACON& Tower with Radar,37,31,13,0,81,0,75,77,1,153,37,106,90,1,234,88,0,88,322
04/05/2016,FAI,AK,AAL,WE,Combined TRACON& Tower with Radar,34,32,14,11,91,0,65,87,0,152,34,97,101,11,243,170,0,170,413
04/06/2016,FAI,AK,AAL,WE,Combined TRACON& Tower with Radar,33,33,15,0,81,0,71,78,0,149,33,104,93,0,230,176,0,176,406
04/07/2016,FAI,AK,AAL,WE,Combined TRACON& Tower with Radar,35,27,4,0,66,0,64,95,0,159,35,91,99,0,225,116,0,116,341
04/08/2016,FAI,AK,AAL,WE,Combined TRACON& Tower with Radar,34,69,14,3,120,0,9,39,0,48,34,78,53,3,168,89,0,89,257
04/09/2016,FAI,AK,AAL,WE,Combined TRACON& Tower with Radar,29,17,11,0,57,0,47,66,1,114,29,64,77,1,171,98,0,98,269
04/10/2016,FAI,AK,AAL,WE,Combined TRACON& Tower with Radar,32,19,15,1,67,0,23,71,0,94,32,42,86,1,161,100,0,100,261
04/11/2016,FAI,AK,AAL,WE,Combined TRACON& Tower with Radar,36,24,23,3,86,0,63,89,0,152,36,87,112,3,238,72,0,72,310
04/12/2016,FAI,AK,AAL,WE,Combined TRACON& Tower with Radar,32,24,9,0,65,0,64,88,2,154,32,88,97,2,219,130,0,130,349
04/13/2016,FAI,AK,AAL,WE,Combined TRACON& Tower with Radar,33,31,19,4,87,0,77,79,4,160,33,108,98,8,247,197,2,199,446
04/14/2016,FAI,AK,AAL,WE,Combined TRACON& Tower with Radar,39,35,12,3,89,0,57,59,3,119,39,92,71,6,208,109,0,109,317
04/15/2016,FAI,AK,AAL,WE,Combined TRACON& Tower with Radar,36,29,10,3,78,0,69,148,2,219,36,98,158,5,297,261,0,261,558
04/16/2016,FAI,AK,AAL,WE,Combined TRACON& Tower with Radar,26,17,15,2,60,0,37,129,1,167,26,54,144,3,227,203,0,203,430
04/17/2016,FAI,AK,AAL,WE,Combined TRACON& Tower with Radar,32,21,17,2,72,0,29,98,1,128,32,50,115,3,200,151,0,151,351
04/18/2016,FAI,AK,AAL,WE,Combined TRACON& Tower with Radar,39,17,18,0,74,0,68,94,0,162,39,85,112,0,236,88,0,88,324
04/19/2016,FAI,AK,AAL,WE,Combined TRACON& Tower with Radar,28,32,11,0,71,0,56,110,0,166,28,88,121,0,237,155,0,155,392
04/20/2016,FAI,AK,AAL,WE,Combined TRACON& Tower with Radar,36,26,23,8,93,1,68,111,9,189,37,94,134,17,282,96,66,162,444
04/21/2016,FAI,AK,AAL,WE,Combined TRACON& Tower with Radar,39,27,14,8,88,0,52,61,5,118,39,79,75,13,206,195,0,195,401
04/22/2016,FAI,AK,AAL,WE,Combined TRACON& Tower with Radar,38,28,17,2,85,0,77,80,6,163,38,105,97,8,248,183,0,183,431
04/23/2016,FAI,AK,AAL,WE,Combined TRACON& Tower with Radar,29,21,21,7,78,0,49,89,13,151,29,70,110,20,229,206,0,206,435
04/24/2016,FAI,AK,AAL,WE,Combined TRACON& Tower with Radar,32,16,19,4,71,0,33,115,4,152,32,49,134,8,223,276,0,276,499
04/25/2016,FAI,AK,AAL,WE,Combined TRACON& Tower with Radar,39,20,16,14,89,0,62,87,6,155,39,82,103,20,244,120,0,120,364
04/26/2016,FAI,AK,AAL,WE,Combined TRACON& Tower with Radar,33,20,21,9,83,0,63,117,9,189,33,83,138,18,272,282,0,282,554
04/27/2016,FAI,AK,AAL,WE,Combined TRACON& Tower with Radar,36,43,14,11,104,0,54,94,8,156,36,97,108,19,260,234,0,234,494
04/28/2016,FAI,AK,AAL,WE,Combined TRACON& Tower with Radar,38,52,21,3,114,0,63,96,7,166,38,115,117,10,280,222,0,222,502
04/29/2016,FAI,AK,AAL,WE,Combined TRACON& Tower with Radar,31,30,12,7,80,0,64,134,9,207,31,94,146,16,287,190,2,192,479
04/30/2016,FAI,AK,AAL,WE,Combined TRACON& Tower with Radar,26,17,12,3,58,0,42,110,4,156,26,59,122,7,214,96,0,96,310
05/01/2016,FAI,AK,AAL,WE,Combined TRACON& Tower with Radar,34,21,17,6,78,0,23,116,8,147,34,44,133,14,225,158,0,158,383
05/02/2016,FAI,AK,AAL,WE,Combined TRACON& Tower with Radar,33,18,15,10,76,0,59,74,14,147,33,77,89,24,223,84,0,84,307
05/03/2016,FAI,AK,AAL,WE,Combined TRACON& Tower with Radar,30,67,12,5,114,0,24,66,2,92,30,91,78,7,206,106,0,106,312
05/04/2016,FAI,AK,AAL,WE,Combined TRACON& Tower with Radar,32,37,18,10,97,0,74,113,11,198,32,111,131,21,295,184,2,186,481
05/05/2016,FAI,AK,AAL,WE,Combined TRACON& Tower with Radar,44,21,12,10,87,0,60,129,6,195,44,81,141,16,282,158,1,159,441
05/06/2016,FAI,AK,AAL,WE,Combined TRACON& Tower with Radar,36,29,11,0,76,0,67,109,0,176,36,96,120,0,252,164,0,164,416
05/07/2016,FAI,AK,AAL,WE,Combined TRACON& Tower with Radar,28,23,20,4,75,0,34,115,4,153,28,57,135,8,228,240,0,240,468
05/08/2016,FAI,AK,AAL,WE,Combined TRACON& Tower with Radar,37,24,15,7,83,0,16,127,9,152,37,40,142,16,235,184,0,184,419
05/09/2016,FAI,AK,AAL,WE,Combined TRACON& Tower with Radar,41,33,14,22,110,0,61,135,16,212,41,94,149,38,322,207,0,207,529
05/10/2016,FAI,AK,AAL,WE,Combined TRACON& Tower with Radar,36,26,25,7,94,0,75,140,12,227,36,101,165,19,321,188,2,190,511
05/11/2016,FAI,AK,AAL,WE,Combined TRACON& Tower with Radar,40,51,12,4,107,1,60,177,15,253,41,111,189,19,360,224,0,224,584
05/12/2016,FAI,AK,AAL,WE,Combined TRACON& Tower with Radar,40,34,26,12,112,0,75,156,16,247,40,109,182,28,359,328,0,328,687
05/13/2016,FAI,AK,AAL,WE,Combined TRACON& Tower with Radar,35,28,13,0,76,0,87,223,1,311,35,115,236,1,387,137,0,137,524
05/14/2016,FAI,AK,AAL,WE,Combined TRACON& Tower with Radar,32,19,12,0,63,0,41,186,1,228,32,60,198,1,291,132,0,132,423
05/15/2016,FAI,AK,AAL,WE,Combined TRACON& Tower with Radar,33,24,15,3,75,0,25,128,1,154,33,49,143,4,229,146,2,148,377
05/16/2016,FAI,AK,AAL,WE,Combined TRACON& Tower with Radar,41,21,15,6,83,0,61,135,2,198,41,82,150,8,281,137,0,137,418
05/17/2016,FAI,AK,AAL,WE,Combined TRACON& Tower with Radar,32,63,35,9,139,0,51,67,6,124,32,114,102,15,263,108,1,109,372
05/18/2016,FAI,AK,AAL,WE,Combined TRACON& Tower with Radar,36,56,17,10,119,0,70,157,2,229,36,126,174,12,348,228,0,228,576
05/19/2016,FAI,AK,AAL,WE,Combined TRACON& Tower with Radar,39,30,19,3,91,2,71,176,3,252,41,101,195,6,343,249,0,249,592
05/20/2016,FAI,AK,AAL,WE,Combined TRACON& Tower with Radar,38,35,19,7,99,1,70,127,9,207,39,105,146,16,306,183,0,183,489
05/21/2016,FAI,AK,AAL,WE,Combined TRACON& Tower with Radar,33,24,21,9,87,0,39,155,11,205,33,63,176,20,292,96,0,96,388
05/22/2016,FAI,AK,AAL,WE,Combined TRACON& Tower with Radar,38,21,33,12,104,0,35,151,6,192,38,56,184,18,296,200,0,200,496
05/23/2016,FAI,AK,AAL,WE,Combined TRACON& Tower with Radar,41,59,25,8,133,0,33,70,2,105,41,92,95,10,238,57,0,57,295
05/24/2016,FAI,AK,AAL,WE,Combined TRACON& Tower with Radar,40,45,16,10,111,0,75,170,3,248,40,120,186,13,359,168,0,168,527
05/25/2016,FAI,AK,AAL,WE,Combined TRACON& Tower with Radar,38,55,37,14,144,1,50,134,10,195,39,105,171,24,339,284,0,284,623
05/26/2016,FAI,AK,AAL,WE,Combined TRACON& Tower with Radar,44,75,43,3,165,0,21,118,0,139,44,96,161,3,304,187,12,199,503
05/27/2016,FAI,AK,AAL,WE,Combined TRACON& Tower with Radar,41,44,25,8,118,1,71,197,13,282,42,115,222,21,400,237,0,237,637
05/28/2016,FAI,AK,AAL,WE,Combined TRACON& Tower with Radar,35,20,12,3,70,0,52,188,3,243,35,72,200,6,313,178,2,180,493
05/29/2016,FAI,AK,AAL,WE,Combined TRACON& Tower with Radar,31,10,12,1,54,0,52,133,0,185,31,62,145,1,239,84,0,84,323
05/30/2016,FAI,AK,AAL,WE,Combined TRACON& Tower with Radar,38,8,23,5,74,0,31,208,12,251,38,39,231,17,325,178,0,178,503
05/31/2016,FAI,AK,AAL,WE,Combined TRACON& Tower with Radar,38,36,24,19,117,0,77,149,8,234,38,113,173,27,351,104,1,105,456
06/01/2016,FAI,AK,AAL,WE,Combined TRACON& Tower with Radar,35,39,20,4,98,0,66,160,5,231,35,105,180,9,329,114,2,116,445
06/02/2016,FAI,AK,AAL,WE,Combined TRACON& Tower with Radar,48,61,42,4,155,0,34,94,0,128,48,95,136,4,283,155,0,155,438
06/03/2016,FAI,AK,AAL,WE,Combined TRACON& Tower with Radar,47,33,17,3,100,1,99,168,2,270,48,132,185,5,370,237,0,237,607
06/04/2016,FAI,AK,AAL,WE,Combined TRACON& Tower with Radar,31,21,20,3,75,0,63,195,5,263,31,84,215,8,338,269,0,269,607
06/05/2016,FAI,AK,AAL,WE,Combined TRACON& Tower with Radar,36,36,38,0,110,0,22,56,3,81,36,58,94,3,191,54,0,54,245
06/06/2016,FAI,AK,AAL,WE,Combined TRACON& Tower with Radar,46,60,25,6,137,0,50,121,13,184,46,110,146,19,321,156,0,156,477
06/07/2016,FAI,AK,AAL,WE,Combined TRACON& Tower with Radar,43,27,20,5,95,1,82,185,1,269,44,109,205,6,364,200,0,200,564
06/08/2016,FAI,AK,AAL,WE,Combined TRACON& Tower with Radar,42,59,47,0,148,0,49,75,0,124,42,108,122,0,272,0,0,0,272
06/09/2016,FAI,AK,AAL,WE,Combined TRACON& Tower with Radar,53,50,28,5,136,0,62,198,7,267,53,112,226,12,403,177,0,177,580
06/10/2016,FAI,AK,AAL,WE,Combined TRACON& Tower with Radar,46,22,19,5,92,0,87,167,6,260,46,109,186,11,352,251,0,251,603
06/11/2016,FAI,AK,AAL,WE,Combined TRACON& Tower with Radar,39,10,14,0,63,0,59,193,8,260,39,69,207,8,323,212,0,212,535
06/12/2016,FAI,AK,AAL,WE,Combined TRACON& Tower with Radar,43,36,17,0,96,0,21,89,0,110,43,57,106,0,206,174,0,174,380
06/13/2016,FAI,AK,AAL,WE,Combined TRACON& Tower with Radar,53,26,19,7,105,1,74,50,8,133,54,100,69,15,238,0,0,0,238
06/14/2016,FAI,AK,AAL,WE,Combined TRACON& Tower with Radar,46,43,24,6,119,0,68,133,10,211,46,111,157,16,330,191,0,191,521
06/15/2016,FAI,AK,AAL,WE,Combined TRACON& Tower with Radar,45,33,17,3,98,0,91,178,6,275,45,124,195,9,373,209,0,209,582
06/16/2016,FAI,AK,AAL,WE,Combined TRACON& Tower with Radar,59,21,21,6,107,1,93,247,4,345,60,114,268,10,452,194,0,194,646
06/17/2016,FAI,AK,AAL,WE,Combined TRACON& Tower with Radar,51,27,13,4,95,4,97,222,1,324,55,124,235,5,419,220,0,220,639
06/18/2016,FAI,AK,AAL,WE,Combined TRACON& Tower with Radar,39,24,15,2,80,0,39,145,10,194,39,63,160,12,274,76,0,76,350
06/19/2016,FAI,AK,AAL,WE,Combined TRACON& Tower with Radar,41,24,17,1,83,0,37,118,0,155,41,61,135,1,238,52,0,52,290
06/20/2016,FAI,AK,AAL,WE,Combined TRACON& Tower with Radar,50,52,26,0,128,0,47,112,0,159,50,99,138,0,287,186,0,186,473
06/21/2016,FAI,AK,AAL,WE,Combined TRACON& Tower with Radar,45,56,30,2,133,0,30,103,1,134,45,86,133,3,267,86,0,86,353
06/22/2016,FAI,AK,AAL,WE,Combined TRACON& Tower with Radar,44,24,25,1,94,1,95,123,0,219,45,119,148,1,313,0,0,0,313
06/23/2016,FAI,AK,AAL,WE,Combined TRACON& Tower with Radar,53,26,34,8,121,1,92,189,4,286,54,118,223,12,407,154,0,154,561
06/24/2016,FAI,AK,AAL,WE,Combined TRACON& Tower with Radar,46,25,24,5,100,2,89,172,2,265,48,114,196,7,365,115,0,115,480
06/25/2016,FAI,AK,AAL,WE,Combined TRACON& Tower with Radar,40,16,26,1,83,2,54,172,32,260,42,70,198,33,343,140,0,140,483
06/26/2016,FAI,AK,AAL,WE,Combined TRACON& Tower with Radar,41,26,10,1,78,0,44,155,2,201,41,70,165,3,279,40,0,40,319
06/27/2016,FAI,AK,AAL,WE,Combined TRACON& Tower with Radar,50,76,44,5,175,1,25,60,0,86,51,101,104,5,261,10,0,10,271
06/28/2016,FAI,AK,AAL,WE,Combined TRACON& Tower with Radar,44,52,29,10,135,0,53,210,0,263,44,105,239,10,398,194,8,202,600
06/29/2016,FAI,AK,AAL,WE,Combined TRACON& Tower with Radar,47,21,17,7,92,1,93,261,6,361,48,114,278,13,453,122,0,122,575
06/30/2016,FAI,AK,AAL,WE,Combined TRACON& Tower with Radar,54,21,10,8,93,0,77,176,3,256,54,98,186,11,349,133,0,133,482
07/01/2016,FAI,AK,AAL,WE,Combined TRACON& Tower with Radar,46,54,29,7,136,2,54,150,3,209,48,108,179,10,345,114,0,114,459
07/02/2016,FAI,AK,AAL,WE,Combined TRACON& Tower with Radar,42,41,49,4,136,0,18,115,2,135,42,59,164,6,271,127,0,127,398
07/03/2016,FAI,AK,AAL,WE,Combined TRACON& Tower with Radar,42,40,15,0,97,0,17,66,0,83,42,57,81,0,180,62,0,62,242
07/04/2016,FAI,AK,AAL,WE,Combined TRACON& Tower with Radar,42,17,15,0,74,0,23,89,0,112,42,40,104,0,186,44,3,47,233
07/05/2016,FAI,AK,AAL,WE,Combined TRACON& Tower with Radar,44,42,38,2,126,0,60,150,0,210,44,102,188,2,336,154,0,154,490
07/06/2016,FAI,AK,AAL,WE,Combined TRACON& Tower with Radar,45,54,28,18,145,0,54,180,2,236,45,108,208,20,381,152,0,152,533
07/07/2016,FAI,AK,AAL,WE,Combined TRACON& Tower with Radar,53,30,21,11,115,1,89,159,1,250,54,119,180,12,365,139,4,143,508
07/08/2016,FAI,AK,AAL,WE,Combined TRACON& Tower with Radar,45,26,17,6,94,0,78,219,4,301,45,104,236,10,395,172,0,172,567
07/09/2016,FAI,AK,AAL,WE,Combined TRACON& Tower with Radar,42,16,15,11,84,0,42,215,4,261,42,58,230,15,345,186,1,187,532
07/10/2016,FAI,AK,AAL,WE,Combined TRACON& Tower with Radar,43,31,12,9,95,0,31,133,2,166,43,62,145,11,261,142,0,142,403
07/11/2016,FAI,AK,AAL,WE,Combined TRACON& Tower with Radar,48,45,23,3,119,0,40,161,2,203,48,85,184,5,322,227,0,227,549
07/12/2016,FAI,AK,AAL,WE,Combined TRACON& Tower with Radar,43,38,19,2,102,1,61,191,3,256,44,99,210,5,358,280,0,280,638
07/13/2016,FAI,AK,AAL,WE,Combined TRACON& Tower with Radar,39,28,24,4,95,2,86,204,2,294,41,114,228,6,389,174,0,174,563
07/14/2016,FAI,AK,AAL,WE,Combined TRACON& Tower with Radar,55,37,13,0,105,0,70,217,0,287,55,107,230,0,392,120,0,120,512
07/15/2016,FAI,AK,AAL,WE,Combined TRACON& Tower with Radar,45,34,23,1,103,1,70,181,0,252,46,104,204,1,355,130,0,130,485
07/16/2016,FAI,AK,AAL,WE,Combined TRACON& Tower with Radar,44,23,21,1,89,0,30,193,1,224,44,53,214,2,313,135,0,135,448
07/17/2016,FAI,AK,AAL,WE,Combined TRACON& Tower with Radar,43,43,25,5,116,0,17,91,1,109,43,60,116,6,225,61,0,61,286
07/18/2016,FAI,AK,AAL,WE,Combined TRACON& Tower with Radar,48,82,40,8,178,0,9,24,0,33,48,91,64,8,211,56,3,59,270
07/19/2016,FAI,AK,AAL,WE,Combined TRACON& Tower with Radar,39,52,45,15,151,0,24,131,1,156,39,76,176,16,307,92,0,92,399
07/20/2016,FAI,AK,AAL,WE,Combined TRACON& Tower with Radar,43,65,55,6,169,0,34,155,5,194,43,99,210,11,363,218,0,218,581
07/21/2016,FAI,AK,AAL,WE,Combined TRACON& Tower with Radar,51,84,66,0,201,0,5,22,1,28,51,89,88,1,229,53,0,53,282
07/22/2016,FAI,AK,AAL,WE,Combined TRACON& Tower with Radar,44,90,57,1,192,0,25,88,0,113,44,115,145,1,305,136,1,137,442
07/23/2016,FAI,AK,AAL,WE,Combined TRACON& Tower with Radar,44,43,25,2,114,0,29,142,0,171,44,72,167,2,285,230,0,230,515
07/24/2016,FAI,AK,AAL,WE,Combined TRACON& Tower with Radar,41,18,36,2,97,0,58,192,7,257,41,76,228,9,354,182,0,182,536
07/25/2016,FAI,AK,AAL,WE,Combined TRACON& Tower with Radar,45,32,27,2,106,2,88,211,0,301,47,120,238,2,407,160,0,160,567
07/26/2016,FAI,AK,AAL,WE,Combined TRACON& Tower with Radar,46,34,30,7,117,0,93,253,4,350,46,127,283,11,467,242,0,242,709
07/27/2016,FAI,AK,AAL,WE,Combined TRACON& Tower with Radar,51,35,15,0,101,0,79,205,2,286,51,114,220,2,387,227,0,227,614
07/28/2016,FAI,AK,AAL,WE,Combined TRACON& Tower with Radar,53,31,24,3,111,1,74,156,0,231,54,105,180,3,342,210,0,210,552
07/29/2016,FAI,AK,AAL,WE,Combined TRACON& Tower with Radar,43,92,50,0,185,0,17,65,4,86,43,109,115,4,271,32,0,32,303
07/30/2016,FAI,AK,AAL,WE,Combined TRACON& Tower with Radar,41,60,41,2,144,0,18,55,1,74,41,78,96,3,218,117,0,117,335
07/31/2016,FAI,AK,AAL,WE,Combined TRACON& Tower with Radar,43,58,32,0,133,0,8,92,0,100,43,66,124,0,233,178,0,178,411
08/01/2016,FAI,AK,AAL,WE,Combined TRACON& Tower with Radar,49,56,28,1,134,0,39,212,12,263,49,95,240,13,397,141,1,142,539
08/02/2016,FAI,AK,AAL,WE,Combined TRACON& Tower with Radar,43,57,35,3,138,0,43,145,2,190,43,100,180,5,328,122,0,122,450
08/03/2016,FAI,AK,AAL,WE,Combined TRACON& Tower with Radar,41,66,38,1,146,0,30,72,0,102,41,96,110,1,248,52,1,53,301
08/04/2016,FAI,AK,AAL,WE,Combined TRACON& Tower with Radar,50,41,26,2,119,0,60,173,0,233,50,101,199,2,352,124,0,124,476
08/05/2016,FAI,AK,AAL,WE,Combined TRACON& Tower with Radar,46,40,20,0,106,0,66,184,2,252,46,106,204,2,358,144,0,144,502
08/06/2016,FAI,AK,AAL,WE,Combined TRACON& Tower with Radar,39,14,16,1,70,0,49,204,0,253,39,63,220,1,323,159,0,159,482
08/07/2016,FAI,AK,AAL,WE,Combined TRACON& Tower with Radar,42,23,18,1,84,0,49,123,3,175,42,72,141,4,259,205,0,205,464
08/08/2016,FAI,AK,AAL,WE,Combined TRACON& Tower with Radar,58,34,26,2,120,1,70,162,5,238,59,104,188,7,358,142,0,142,500
08/09/2016,FAI,AK,AAL,WE,Combined TRACON& Tower with Radar,48,68,23,4,143,0,39,111,6,156,48,107,134,10,299,62,0,62,361
08/10/2016,FAI,AK,AAL,WE,Combined TRACON& Tower with Radar,44,45,16,3,108,2,78,242,3,325,46,123,258,6,433,127,0,127,560
08/11/2016,FAI,AK,AAL,WE,Combined TRACON& Tower with Radar,53,33,20,6,112,0,81,189,7,277,53,114,209,13,389,148,22,170,559
08/12/2016,FAI,AK,AAL,WE,Combined TRACON& Tower with Radar,45,35,24,7,111,1,77,211,0,289,46,112,235,7,400,194,0,194,594
08/13/2016,FAI,AK,AAL,WE,Combined TRACON& Tower with Radar,42,19,21,1,83,0,53,232,10,295,42,72,253,11,378,140,3,143,521
08/14/2016,FAI,AK,AAL,WE,Combined TRACON& Tower with Radar,40,24,19,1,84,0,49,159,6,214,40,73,178,7,298,161,0,161,459
08/15/2016,FAI,AK,AAL,WE,Combined TRACON& Tower with Radar,49,27,22,2,100,1,88,128,4,221,50,115,150,6,321,141,1,142,463
08/16/2016,FAI,AK,AAL,WE,Combined TRACON& Tower with Radar,41,46,34,5,126,0,80,142,11,233,41,126,176,16,359,140,0,140,499
08/17/2016,FAI,AK,AAL,WE,Combined TRACON& Tower with Radar,38,28,16,8,90,0,92,224,7,323,38,120,240,15,413,87,4,91,504
08/18/2016,FAI,AK,AAL,WE,Combined TRACON& Tower with Radar,52,23,28,2,105,1,88,189,4,282,53,111,217,6,387,174,0,174,561
08/19/2016,FAI,AK,AAL,WE,Combined TRACON& Tower with Radar,45,52,20,1,118,0,60,140,8,208,45,112,160,9,326,174,0,174,500
08/20/2016,FAI,AK,AAL,WE,Combined TRACON& Tower with Radar,40,46,22,3,111,0,32,86,0,118,40,78,108,3,229,22,0,22,251
08/21/2016,FAI,AK,AAL,WE,Combined TRACON& Tower with Radar,37,32,26,0,95,0,25,143,2,170,37,57,169,2,265,143,0,143,408
08/22/2016,FAI,AK,AAL,WE,Combined TRACON& Tower with Radar,50,36,24,1,111,0,62,130,5,197,50,98,154,6,308,140,0,140,448
08/23/2016,FAI,AK,AAL,WE,Combined TRACON& Tower with Radar,43,43,17,0,103,0,59,160,2,221,43,102,177,2,324,134,0,134,458
08/24/2016,FAI,AK,AAL,WE,Combined TRACON& Tower with Radar,44,29,26,8,107,0,82,194,6,282,44,111,220,14,389,268,2,270,659
08/25/2016,FAI,AK,AAL,WE,Combined TRACON& Tower with Radar,51,76,34,6,167,0,29,87,2,118,51,105,121,8,285,91,2,93,378
08/26/2016,FAI,AK,AAL,WE,Combined TRACON& Tower with Radar,47,40,21,5,113,0,77,195,1,273,47,117,216,6,386,142,0,142,528
08/27/2016,FAI,AK,AAL,WE,Combined TRACON& Tower with Radar,36,19,18,1,74,0,73,257,3,333,36,92,275,4,407,126,2,128,535
08/28/2016,FAI,AK,AAL,WE,Combined TRACON& Tower with Radar,38,17,29,1,85,0,46,303,3,352,38,63,332,4,437,220,0,220,657
08/29/2016,FAI,AK,AAL,WE,Combined TRACON& Tower with Radar,46,27,12,5,90,0,89,159,5,253,46,116,171,10,343,83,1,84,427
08/30/2016,FAI,AK,AAL,WE,Combined TRACON& Tower with Radar,36,16,20,4,76,0,104,192,3,299,36,120,212,7,375,114,3,117,492
08/31/2016,FAI,AK,AAL,WE,Combined TRACON& Tower with Radar,35,27,13,2,77,0,98,278,0,376,35,125,291,2,453,96,0,96,549
09/01/2016,FAI,AK,AAL,WE,Combined TRACON& Tower with Radar,48,24,19,2,93,2,87,225,9,323,50,111,244,11,416,94,2,96,512
09/02/2016,FAI,AK,AAL,WE,Combined TRACON& Tower with Radar,39,17,18,0,74,0,91,221,0,312,39,108,239,0,386,79,1,80,466
09/03/2016,FAI,AK,AAL,WE,Combined TRACON& Tower with Radar,32,17,30,1,80,0,70,224,7,301,32,87,254,8,381,103,0,103,484
09/04/2016,FAI,AK,AAL,WE,Combined TRACON& Tower with Radar,34,20,26,2,82,0,63,203,0,266,34,83,229,2,348,44,18,62,410
09/05/2016,FAI,AK,AAL,WE,Combined TRACON& Tower with Radar,36,39,31,0,106,0,12,34,0,46,36,51,65,0,152,0,0,0,152
09/06/2016,FAI,AK,AAL,WE,Combined TRACON& Tower with Radar,35,71,27,2,135,0,20,69,0,89,35,91,96,2,224,20,0,20,244
09/07/2016,FAI,AK,AAL,WE,Combined TRACON& Tower with Radar,34,38,24,3,99,0,103,220,0,323,34,141,244,3,422,147,0,147,569
09/08/2016,FAI,AK,AAL,WE,Combined TRACON& Tower with Radar,51,31,25,2,109,0,98,211,1,310,51,129,236,3,419,141,2,143,562
09/09/2016,FAI,AK,AAL,WE,Combined TRACON& Tower with Radar,42,40,20,2,104,2,89,188,4,283,44,129,208,6,387,139,2,141,528
09/10/2016,FAI,AK,AAL,WE,Combined TRACON& Tower with Radar,31,14,24,1,70,0,70,235,2,307,31,84,259,3,377,141,0,141,518
09/11/2016,FAI,AK,AAL,WE,Combined TRACON& Tower with Radar,35,22,26,5,88,0,51,165,4,220,35,73,191,9,308,114,0,114,422
09/12/2016,FAI,AK,AAL,WE,Combined TRACON& Tower with Radar,37,57,33,1,128,0,52,107,4,163,37,109,140,5,291,77,0,77,368
09/13/2016,FAI,AK,AAL,WE,Combined TRACON& Tower with Radar,33,65,16,6,120,0,17,43,0,60,33,82,59,6,180,28,0,28,208
09/14/2016,FAI,AK,AAL,WE,Combined TRACON& Tower with Radar,31,52,32,10,125,0,59,200,8,267,31,111,232,18,392,131,0,131,523
09/15/2016,FAI,AK,AAL,WE,Combined TRACON& Tower with Radar,41,49,17,6,113,0,79,191,5,275,41,128,208,11,388,67,10,77,465
09/16/2016,FAI,AK,AAL,WE,Combined TRACON& Tower with Radar,36,62,29,4,131,0,50,151,2,203,36,112,180,6,334,50,6,56,390
09/17/2016,FAI,AK,AAL,WE,Combined TRACON& Tower with Radar,27,44,25,0,96,0,50,190,0,240,27,94,215,0,336,68,6,74,410
09/18/2016,FAI,AK,AAL,WE,Combined TRACON& Tower with Radar,31,33,6,0,70,0,53,108,3,164,31,86,114,3,234,34,1,35,269
09/19/2016,FAI,AK,AAL,WE,Combined TRACON& Tower with Radar,38,45,20,16,119,0,56,127,3,186,38,101,147,19,305,51,0,51,356
09/20/2016,FAI,AK,AAL,WE,Combined TRACON& Tower with Radar,34,44,8,4,90,1,69,145,2,217,35,113,153,6,307,138,0,138,445
09/21/2016,FAI,AK,AAL,WE,Combined TRACON& Tower with Radar,46,51,23,0,120,0,65,146,4,215,46,116,169,4,335,124,0,124,459
09/22/2016,FAI,AK,AAL,WE,Combined TRACON& Tower with Radar,38,47,13,1,99,0,87,87,10,184,38,134,100,11,283,54,12,66,349
09/23/2016,FAI,AK,AAL,WE,Combined TRACON& Tower with Radar,34,69,33,0,136,0,34,109,3,146,34,103,142,3,282,100,0,100,382
09/24/2016,FAI,AK,AAL,WE,Combined TRACON& Tower with Radar,29,28,13,5,75,0,60,186,0,246,29,88,199,5,321,222,0,222,543
09/25/2016,FAI,AK,AAL,WE,Combined TRACON& Tower with Radar,29,35,25,2,91,0,41,127,1,169,29,76,152,3,260,93,0,93,353
09/26/2016,FAI,AK,AAL,WE,Combined TRACON& Tower with Radar,39,34,28,5,106,0,60,117,9,186,39,94,145,14,292,72,0,72,364
09/27/2016,FAI,AK,AAL,WE,Combined TRACON& Tower with Radar,35,54,26,6,121,0,38,115,5,158,35,92,141,11,279,132,2,134,413
09/28/2016,FAI,AK,AAL,WE,Combined TRACON& Tower with Radar,32,65,10,1,108,0,21,36,3,60,32,86,46,4,168,0,0,0,168
09/29/2016,FAI,AK,AAL,WE,Combined TRACON& Tower with Radar,40,37,18,3,98,0,58,141,3,202,40,95,159,6,300,91,1,92,392
09/30/2016,FAI,AK,AAL,WE,Combined TRACON& Tower with Radar,32,33,23,1,89,0,69,147,5,221,32,102,170,6,310,128,44,172,482
10/01/2016,FAI,AK,AAL,WE,Combined TRACON& Tower with Radar,27,23,17,2,69,0,37,116,4,157,27,60,133,6,226,104,0,104,330
10/02/2016,FAI,AK,AAL,WE,Combined TRACON& Tower with Radar,31,21,18,1,71,0,29,120,4,153,31,50,138,5,224,144,0,144,368
10/03/2016,FAI,AK,AAL,WE,Combined TRACON& Tower with Radar,36,27,14,0,77,0,57,93,1,151,36,84,107,1,228,115,0,115,343
10/04/2016,FAI,AK,AAL,WE,Combined TRACON& Tower with Radar,33,45,9,23,110,1,57,108,3,169,34,102,117,26,279,132,0,132,411
10/05/2016,FAI,AK,AAL,WE,Combined TRACON& Tower with Radar,33,28,17,7,85,0,78,96,10,184,33,106,113,17,269,147,0,147,416
10/06/2016,FAI,AK,AAL,WE,Combined TRACON& Tower with Radar,38,29,14,11,92,0,68,145,15,228,38,97,159,26,320,86,2,88,408
10/07/2016,FAI,AK,AAL,WE,Combined TRACON& Tower with Radar,34,24,12,0,70,0,60,146,3,209,34,84,158,3,279,122,0,122,401
10/08/2016,FAI,AK,AAL,WE,Combined TRACON& Tower with Radar,29,11,14,6,60,0,36,131,15,182,29,47,145,21,242,170,2,172,414
10/09/2016,FAI,AK,AAL,WE,Combined TRACON& Tower with Radar,29,20,14,4,67,0,34,128,6,168,29,54,142,10,235,190,0,190,425
10/10/2016,FAI,AK,AAL,WE,Combined TRACON& Tower with Radar,40,25,7,4,76,0,58,103,12,173,40,83,110,16,249,286,0,286,535
10/11/2016,FAI,AK,AAL,WE,Combined TRACON& Tower with Radar,32,28,19,0,79,0,50,115,4,169,32,78,134,4,248,118,0,118,366
10/12/2016,FAI,AK,AAL,WE,Combined TRACON& Tower with Radar,32,19,17,10,78,0,67,149,32,248,32,86,166,42,326,290,0,290,616
10/13/2016,FAI,AK,AAL,WE,Combined TRACON& Tower with Radar,38,31,6,5,80,0,56,115,11,182,38,87,121,16,262,176,9,185,447
10/14/2016,FAI,AK,AAL,WE,Combined TRACON& Tower with Radar,34,27,14,4,79,0,65,93,7,165,34,92,107,11,244,150,0,150,394
10/15/2016,FAI,AK,AAL,WE,Combined TRACON& Tower with Radar,27,14,17,5,63,0,42,73,2,117,27,56,90,7,180,108,0,108,288
10/16/2016,FAI,AK,AAL,WE,Combined TRACON& Tower with Radar,29,27,5,0,61,0,30,14,5,49,29,57,19,5,110,11,1,12,122
10/17/2016,FAI,AK,AAL,WE,Combined TRACON& Tower with Radar,35,20,5,2,62,0,49,16,8,73,35,69,21,10,135,31,2,33,168
10/18/2016,FAI,AK,AAL,WE,Combined TRACON& Tower with Radar,35,36,12,9,92,0,64,79,6,149,35,100,91,15,241,107,7,114,355
10/19/2016,FAI,AK,AAL,WE,Combined TRACON& Tower with Radar,33,42,12,1,88,0,67,67,6,140,33,109,79,7,228,148,0,148,376
10/20/2016,FAI,AK,AAL,WE,Combined TRACON& Tower with Radar,39,69,12,8,128,0,33,40,0,73,39,102,52,8,201,72,0,72,273
10/21/2016,FAI,AK,AAL,WE,Combined TRACON& Tower with Radar,35,65,30,1,131,0,18,28,0,46,35,83,58,1,177,110,0,110,287
10/22/2016,FAI,AK,AAL,WE,Combined TRACON& Tower with Radar,30,30,11,3,74,0,41,63,5,109,30,71,74,8,183,184,0,184,367
10/23/2016,FAI,AK,AAL,WE,Combined TRACON& Tower with Radar,35,25,7,3,70,0,41,67,2,110,35,66,74,5,180,70,0,70,250
10/24/2016,FAI,AK,AAL,WE,Combined TRACON& Tower with Radar,38,23,4,1,66,0,74,85,6,165,38,97,89,7,231,113,1,114,345
10/25/2016,FAI,AK,AAL,WE,Combined TRACON& Tower with Radar,33,20,18,6,77,0,68,82,2,152,33,88,100,8,229,86,10,96,325
10/26/2016,FAI,AK,AAL,WE,Combined TRACON& Tower with Radar,30,36,4,5,75,0,61,76,6,143,30,97,80,11,218,70,18,88,306
10/27/2016,FAI,AK,AAL,WE,Combined TRACON& Tower with Radar,39,28,5,7,79,0,56,69,4,129,39,84,74,11,208,86,0,86,294
10/28/2016,FAI,AK,AAL,WE,Combined TRACON& Tower with Radar,34,32,5,9,80,0,50,59,4,113,34,82,64,13,193,40,0,40,233
10/29/2016,FAI,AK,AAL,WE,Combined TRACON& Tower with Radar,29,37,5,0,71,0,9,27,0,36,29,46,32,0,107,66,0,66,173
10/30/2016,FAI,AK,AAL,WE,Combined TRACON& Tower with Radar,29,22,2,2,55,0,33,56,5,94,29,55,58,7,149,92,0,92,241
10/31/2016,FAI,AK,AAL,WE,Combined TRACON& Tower with Radar,38,32,10,2,82,0,62,82,4,148,38,94,92,6,230,129,0,129,359
11/01/2016,FAI,AK,AAL,WE,Combined TRACON& Tower with Radar,30,27,10,4,71,0,59,58,5,122,30,86,68,9,193,59,0,59,252
11/02/2016,FAI,AK,AAL,WE,Combined TRACON& Tower with Radar,30,20,4,1,55,0,66,72,1,139,30,86,76,2,194,87,3,90,284
11/03/2016,FAI,AK,AAL,WE,Combined TRACON& Tower with Radar,41,25,1,2,69,0,57,46,0,103,41,82,47,2,172,135,2,137,309
11/04/2016,FAI,AK,AAL,WE,Combined TRACON& Tower with Radar,36,43,6,4,89,0,40,57,0,97,36,83,63,4,186,114,6,120,306
11/05/2016,FAI,AK,AAL,WE,Combined TRACON& Tower with Radar,28,38,14,0,80,0,8,7,0,15,28,46,21,0,95,0,0,0,95
11/06/2016,FAI,AK,AAL,WE,Combined TRACON& Tower with Radar,29,37,11,2,79,0,6,11,0,17,29,43,22,2,96,10,0,10,106
11/07/2016,FAI,AK,AAL,WE,Combined TRACON& Tower with Radar,34,31,13,3,81,0,45,57,2,104,34,76,70,5,185,74,0,74,259
11/08/2016,FAI,AK,AAL,WE,Combined TRACON& Tower with Radar,33,31,14,5,83,0,47,63,4,114,33,78,77,9,197,40,0,40,237
11/09/2016,FAI,AK,AAL,WE,Combined TRACON& Tower with Radar,30,35,9,6,80,0,53,89,2,144,30,88,98,8,224,50,0,50,274
11/10/2016,FAI,AK,AAL,WE,Combined TRACON& Tower with Radar,39,38,9,5,91,0,40,52,2,94,39,78,61,7,185,38,2,40,225
11/11/2016,FAI,AK,AAL,WE,Combined TRACON& Tower with Radar,33,38,19,2,92,0,39,66,5,110,33,77,85,7,202,120,0,120,322
11/12/2016,FAI,AK,AAL,WE,Combined TRACON& Tower with Radar,25,15,10,0,50,0,34,60,0,94,25,49,70,0,144,76,0,76,220
11/13/2016,FAI,AK,AAL,WE,Combined TRACON& Tower with Radar,30,23,11,1,65,0,35,83,0,118,30,58,94,1,183,60,0,60,243
11/14/2016,FAI,AK,AAL,WE,Combined TRACON& Tower with Radar,37,61,12,0,110,0,21,10,2,33,37,82,22,2,143,2,0,2,145
11/15/2016,FAI,AK,AAL,WE,Combined TRACON& Tower with Radar,29,79,11,5,124,0,1,0,0,1,29,80,11,5,125,0,0,0,125
11/16/2016,FAI,AK,AAL,WE,Combined TRACON& Tower with Radar,25,67,16,4,112,0,42,41,0,83,25,109,57,4,195,74,0,74,269
11/17/2016,FAI,AK,AAL,WE,Combined TRACON& Tower with Radar,39,43,11,4,97,0,36,62,4,102,39,79,73,8,199,52,1,53,252
11/18/2016,FAI,AK,AAL,WE,Combined TRACON& Tower with Radar,36,40,9,2,87,1,64,73,7,145,37,104,82,9,232,79,1,80,312
11/19/2016,FAI,AK,AAL,WE,Combined TRACON& Tower with Radar,28,25,6,2,61,0,34,76,3,113,28,59,82,5,174,80,0,80,254
11/20/2016,FAI,AK,AAL,WE,Combined TRACON& Tower with Radar,30,30,16,0,76,0,26,53,1,80,30,56,69,1,156,29,1,30,186
11/21/2016,FAI,AK,AAL,WE,Combined TRACON& Tower with Radar,38,31,3,3,75,0,55,44,3,102,38,86,47,6,177,34,2,36,213
11/22/2016,FAI,AK,AAL,WE,Combined TRACON& Tower with Radar,34,38,9,5,86,0,54,73,7,134,34,92,82,12,220,104,0,104,324
11/23/2016,FAI,AK,AAL,WE,Combined TRACON& Tower with Radar,30,43,12,4,89,0,46,43,1,90,30,89,55,5,179,2,2,4,183
11/24/2016,FAI,AK,AAL,WE,Combined TRACON& Tower with Radar,28,11,1,0,40,0,4,5,0,9,28,15,6,0,49,16,0,16,65
11/25/2016,FAI,AK,AAL,WE,Combined TRACON& Tower with Radar,26,47,18,0,91,0,31,43,0,74,26,78,61,0,165,28,0,28,193
11/26/2016,FAI,AK,AAL,WE,Combined TRACON& Tower with Radar,27,22,12,0,61,0,26,38,4,68,27,48,50,4,129,130,2,132,261
11/27/2016,FAI,AK,AAL,WE,Combined TRACON& Tower with Radar,31,34,10,0,75,0,11,12,0,23,31,45,22,0,98,26,0,26,124
11/28/2016,FAI,AK,AAL,WE,Combined TRACON& Tower with Radar,38,38,6,6,88,0,37,15,2,54,38,75,21,8,142,0,1,1,143
11/29/2016,FAI,AK,AAL,WE,Combined TRACON& Tower with Radar,36,39,13,9,97,0,37,19,5,61,36,76,32,14,158,10,1,11,169
11/30/2016,FAI,AK,AAL,WE,Combined TRACON& Tower with Radar,31,37,2,3,73,0,48,28,5,81,31,85,30,8,154,0,0,0,154
12/01/2016,FAI,AK,AAL,WE,Combined TRACON& Tower with Radar,32,73,12,10,127,0,11,6,2,19,32,84,18,12,146,0,0,0,146
12/02/2016,FAI,AK,AAL,WE,Combined TRACON& Tower with Radar,33,72,10,2,117,0,2,3,0,5,33,74,13,2,122,1,0,1,123
12/03/2016,FAI,AK,AAL,WE,Combined TRACON& Tower with Radar,34,28,13,1,76,0,16,19,1,36,34,44,32,2,112,0,0,0,112
12/04/2016,FAI,AK,AAL,WE,Combined TRACON& Tower with Radar,29,22,4,1,56,0,19,23,0,42,29,41,27,1,98,0,0,0,98
12/05/2016,FAI,AK,AAL,WE,Combined TRACON& Tower with Radar,38,34,4,0,76,0,48,43,1,92,38,82,47,1,168,0,0,0,168
12/06/2016,FAI,AK,AAL,WE,Combined TRACON& Tower with Radar,31,37,4,2,74,0,44,30,0,74,31,81,34,2,148,12,13,25,173
12/07/2016,FAI,AK,AAL,WE,Combined TRACON& Tower with Radar,28,48,4,7,87,0,56,24,1,81,28,104,28,8,168,17,21,38,206
12/08/2016,FAI,AK,AAL,WE,Combined TRACON& Tower with Radar,33,36,10,3,82,0,54,28,0,82,33,90,38,3,164,22,0,22,186
12/09/2016,FAI,AK,AAL,WE,Combined TRACON& Tower with Radar,34,30,3,2,69,0,59,48,0,107,34,89,51,2,176,0,1,1,177
12/10/2016,FAI,AK,AAL,WE,Combined TRACON& Tower with Radar,29,14,6,0,49,0,35,49,1,85,29,49,55,1,134,56,0,56,190
12/11/2016,FAI,AK,AAL,WE,Combined TRACON& Tower with Radar,29,19,8,0,56,0,21,38,0,59,29,40,46,0,115,6,0,6,121
12/12/2016,FAI,AK,AAL,WE,Combined TRACON& Tower with Radar,36,21,7,13,77,0,59,42,0,101,36,80,49,13,178,10,0,10,188
12/13/2016,FAI,AK,AAL,WE,Combined TRACON& Tower with Radar,32,34,5,6,77,0,50,42,1,93,32,84,47,7,170,12,4,16,186
12/14/2016,FAI,AK,AAL,WE,Combined TRACON& Tower with Radar,33,33,5,2,73,0,62,47,0,109,33,95,52,2,182,20,1,21,203
12/15/2016,FAI,AK,AAL,WE,Combined TRACON& Tower with Radar,35,79,8,6,128,0,14,29,2,45,35,93,37,8,173,98,0,98,271
12/16/2016,FAI,AK,AAL,WE,Combined TRACON& Tower with Radar,33,51,13,4,101,0,47,47,7,101,33,98,60,11,202,126,0,126,328
12/17/2016,FAI,AK,AAL,WE,Combined TRACON& Tower with Radar,35,42,9,0,86,2,21,23,0,46,37,63,32,0,132,106,0,106,238
12/18/2016,FAI,AK,AAL,WE,Combined TRACON& Tower with Radar,29,30,8,1,68,0,23,39,2,64,29,53,47,3,132,26,0,26,158
12/19/2016,FAI,AK,AAL,WE,Combined TRACON& Tower with Radar,42,37,7,1,87,0,53,40,2,95,42,90,47,3,182,72,0,72,254
12/20/2016,FAI,AK,AAL,WE,Combined TRACON& Tower with Radar,36,51,10,10,107,0,39,17,0,56,36,90,27,10,163,50,6,56,219
12/21/2016,FAI,AK,AAL,WE,Combined TRACON& Tower with Radar,32,83,16,4,135,0,19,9,2,30,32,102,25,6,165,6,0,6,171
12/22/2016,FAI,AK,AAL,WE,Combined TRACON& Tower with Radar,36,78,17,0,131,0,24,24,0,48,36,102,41,0,179,11,0,11,190
12/23/2016,FAI,AK,AAL,WE,Combined TRACON& Tower with Radar,29,96,11,0,136,0,4,5,0,9,29,100,16,0,145,0,0,0,145
12/24/2016,FAI,AK,AAL,WE,Combined TRACON& Tower with Radar,30,24,3,0,57,0,18,20,0,38,30,42,23,0,95,52,0,52,147
12/25/2016,FAI,AK,AAL,WE,Combined TRACON& Tower with Radar,24,7,4,0,35,0,0,6,0,6,24,7,10,0,41,4,0,4,45
12/26/2016,FAI,AK,AAL,WE,Combined TRACON& Tower with Radar,35,27,12,0,74,0,45,61,0,106,35,72,73,0,180,90,0,90,270
12/27/2016,FAI,AK,AAL,WE,Combined TRACON& Tower with Radar,36,41,3,7,87,0,32,34,0,66,36,73,37,7,153,6,0,6,159
12/28/2016,FAI,AK,AAL,WE,Combined TRACON& Tower with Radar,34,77,24,0,135,0,3,0,0,3,34,80,24,0,138,3,0,3,141
12/29/2016,FAI,AK,AAL,WE,Combined TRACON& Tower with Radar,36,47,8,0,91,0,11,5,0,16,36,58,13,0,107,20,0,20,127
12/30/2016,FAI,AK,AAL,WE,Combined TRACON& Tower with Radar,32,51,6,0,89,0,0,1,0,1,32,51,7,0,90,0,0,0,90
12/31/2016,FAI,AK,AAL,WE,Combined TRACON& Tower with Radar,29,28,4,0,61,0,17,25,0,42,29,45,29,0,103,0,0,0,103
01/01/2017,FAI,AK,AAL,WE,Combined TRACON& Tower with Radar,24,14,5,0,43,0,0,35,0,35,24,14,40,0,78,44,0,44,122
01/02/2017,FAI,AK,AAL,WE,Combined TRACON& Tower with Radar,40,40,13,1,94,0,41,45,0,86,40,81,58,1,180,92,1,93,273
01/03/2017,FAI,AK,AAL,WE,Combined TRACON& Tower with Radar,37,63,16,0,116,0,17,24,2,43,37,80,40,2,159,37,0,37,196
01/04/2017,FAI,AK,AAL,WE,Combined TRACON& Tower with Radar,30,66,21,3,120,0,18,14,3,35,30,84,35,6,155,22,1,23,178
01/05/2017,FAI,AK,AAL,WE,Combined TRACON& Tower with Radar,40,51,10,5,106,0,21,5,2,28,40,72,15,7,134,4,0,4,138
01/06/2017,FAI,AK,AAL,WE,Combined TRACON& Tower with Radar,40,42,7,1,90,0,58,38,7,103,40,100,45,8,193,15,3,18,211
01/07/2017,FAI,AK,AAL,WE,Combined TRACON& Tower with Radar,26,20,6,0,52,0,33,18,0,51,26,53,24,0,103,8,0,8,111
01/08/2017,FAI,AK,AAL,WE,Combined TRACON& Tower with Radar,25,21,4,0,50,0,20,25,0,45,25,41,29,0,95,30,0,30,125
01/09/2017,FAI,AK,AAL,WE,Combined TRACON& Tower with Radar,36,21,8,3,68,0,62,37,0,99,36,83,45,3,167,28,2,30,197
01/10/2017,FAI,AK,AAL,WE,Combined TRACON& Tower with Radar,28,29,9,13,79,0,61,32,2,95,28,90,41,15,174,22,1,23,197
01/11/2017,FAI,AK,AAL,WE,Combined TRACON& Tower with Radar,26,60,10,2,98,0,31,19,0,50,26,91,29,2,148,63,2,65,213
01/12/2017,FAI,AK,AAL,WE,Combined TRACON& Tower with Radar,46,80,13,10,149,0,8,7,0,15,46,88,20,10,164,0,0,0,164
01/13/2017,FAI,AK,AAL,WE,Combined TRACON& Tower with Radar,31,51,14,1,97,0,44,43,7,94,31,95,57,8,191,77,1,78,269
01/14/2017,FAI,AK,AAL,WE,Combined TRACON& Tower with Radar,27,36,9,0,72,0,3,0,0,3,27,39,9,0,75,2,1,3,78
01/15/2017,FAI,AK,AAL,WE,Combined TRACON& Tower with Radar,28,29,3,0,60,0,29,4,0,33,28,58,7,0,93,0,0,0,93
01/16/2017,FAI,AK,AAL,WE,Combined TRACON& Tower with Radar,33,63,14,0,110,0,2,0,0,2,33,65,14,0,112,0,0,0,112
01/17/2017,FAI,AK,AAL,WE,Combined TRACON& Tower with Radar,34,33,2,1,70,0,40,24,2,66,34,73,26,3,136,2,0,2,138
01/18/2017,FAI,AK,AAL,WE,Combined TRACON& Tower with Radar,19,42,1,0,62,0,0,0,0,0,19,42,1,0,62,0,0,0,62
01/19/2017,FAI,AK,AAL,WE,Combined TRACON& Tower with Radar,33,59,14,0,106,0,17,2,0,19,33,76,16,0,125,0,0,0,125
01/20/2017,FAI,AK,AAL,WE,Combined TRACON& Tower with Radar,33,52,7,1,93,0,44,16,0,60,33,96,23,1,153,2,2,4,157
01/21/2017,FAI,AK,AAL,WE,Combined TRACON& Tower with Radar,31,29,2,0,62,0,22,25,0,47,31,51,27,0,109,12,0,12,121
01/22/2017,FAI,AK,AAL,WE,Combined TRACON& Tower with Radar,29,23,1,0,53,0,26,11,0,37,29,49,12,0,90,0,0,0,90
01/23/2017,FAI,AK,AAL,WE,Combined TRACON& Tower with Radar,38,25,4,0,67,0,60,16,2,78,38,85,20,2,145,16,0,16,161
01/24/2017,FAI,AK,AAL,WE,Combined TRACON& Tower with Radar,29,40,12,3,84,0,50,53,6,109,29,90,65,9,193,32,0,32,225
01/25/2017,FAI,AK,AAL,WE,Combined TRACON& Tower with Radar,25,33,9,3,70,0,62,48,6,116,25,95,57,9,186,70,1,71,257
01/26/2017,FAI,AK,AAL,WE,Combined TRACON& Tower with Radar,40,27,6,5,78,0,64,54,1,119,40,91,60,6,197,62,2,64,261
01/27/2017,FAI,AK,AAL,WE,Combined TRACON& Tower with Radar,34,25,2,4,65,0,61,53,2,116,34,86,55,6,181,76,0,76,257
01/28/2017,FAI,AK,AAL,WE,Combined TRACON& Tower with Radar,25,33,5,0,63,1,17,35,4,57,26,50,40,4,120,128,0,128,248
01/29/2017,FAI,AK,AAL,WE,Combined TRACON& Tower with Radar,31,20,3,0,54,0,23,39,0,62,31,43,42,0,116,38,0,38,154
01/30/2017,FAI,AK,AAL,WE,Combined TRACON& Tower with Radar,39,23,5,7,74,0,62,64,3,129,39,85,69,10,203,50,0,50,253
01/31/2017,FAI,AK,AAL,WE,Combined TRACON& Tower with Radar,32,36,6,5,79,0,40,42,6,88,32,76,48,11,167,80,3,83,250
02/01/2017,FAI,AK,AAL,WE,Combined TRACON& Tower with Radar,26,39,4,5,74,0,52,54,4,110,26,91,58,9,184,60,0,60,244
02/02/2017,FAI,AK,AAL,WE,Combined TRACON& Tower with Radar,41,39,2,4,86,0,53,42,11,106,41,92,44,15,192,32,0,32,224
02/03/2017,FAI,AK,AAL,WE,Combined TRACON& Tower with Radar,35,27,6,2,70,0,50,41,4,95,35,77,47,6,165,34,8,42,207
02/04/2017,FAI,AK,AAL,WE,Combined TRACON& Tower with Radar,27,13,10,6,56,0,30,66,10,106,27,43,76,16,162,124,0,124,286
02/05/2017,FAI,AK,AAL,WE,Combined TRACON& Tower with Radar,26,23,10,0,59,0,22,33,0,55,26,45,43,0,114,6,0,6,120
02/06/2017,FAI,AK,AAL,WE,Combined TRACON& Tower with Radar,31,21,12,0,64,0,56,43,2,101,31,77,55,2,165,52,2,54,219
02/07/2017,FAI,AK,AAL,WE,Combined TRACON& Tower with Radar,30,33,13,10,86,0,66,112,1,179,30,99,125,11,265,10,0,10,275
02/08/2017,FAI,AK,AAL,WE,Combined TRACON& Tower with Radar,33,80,13,8,134,0,8,4,0,12,33,88,17,8,146,6,0,6,152
02/09/2017,FAI,AK,AAL,WE,Combined TRACON& Tower with Radar,37,44,16,1,98,0,55,25,3,83,37,99,41,4,181,112,0,112,293
02/10/2017,FAI,AK,AAL,WE,Combined TRACON& Tower with Radar,37,35,6,1,79,0,62,28,3,93,37,97,34,4,172,48,0,48,220
02/11/2017,FAI,AK,AAL,WE,Combined TRACON& Tower with Radar,30,24,8,1,63,0,30,13,1,44,30,54,21,2,107,0,0,0,107
02/12/2017,FAI,AK,AAL,WE,Combined TRACON& Tower with Radar,31,17,2,0,50,0,27,10,0,37,31,44,12,0,87,1,1,2,89
02/13/2017,FAI,AK,AAL,WE,Combined TRACON& Tower with Radar,41,26,12,0,79,0,52,51,0,103,41,78,63,0,182,22,0,22,204
02/14/2017,FAI,AK,AAL,WE,Combined TRACON& Tower with Radar,32,44,9,1,86,0,31,45,1,77,32,75,54,2,163,19,0,19,182
02/15/2017,FAI,AK,AAL,WE,Combined TRACON& Tower with Radar,30,51,15,1,97,0,50,47,1,98,30,101,62,2,195,54,1,55,250
02/16/2017,FAI,AK,AAL,WE,Combined TRACON& Tower with Radar,39,34,8,0,81,0,60,65,0,125,39,94,73,0,206,94,0,94,300
02/17/2017,FAI,AK,AAL,WE,Combined TRACON& Tower with Radar,31,41,7,1,80,0,42,69,5,116,31,83,76,6,196,90,0,90,286
02/18/2017,FAI,AK,AAL,WE,Combined TRACON& Tower with Radar,31,18,17,3,69,0,33,62,4,99,31,51,79,7,168,82,0,82,250
02/19/2017,FAI,AK,AAL,WE,Combined TRACON& Tower with Radar,31,42,9,11,93,0,8,36,2,46,31,50,45,13,139,68,0,68,207
02/20/2017,FAI,AK,AAL,WE,Combined TRACON& Tower with Radar,40,59,22,1,122,0,20,17,1,38,40,79,39,2,160,6,0,6,166
02/21/2017,FAI,AK,AAL,WE,Combined TRACON& Tower with Radar,33,37,15,2,87,0,42,57,2,101,33,79,72,4,188,36,1,37,225
02/22/2017,FAI,AK,AAL,WE,Combined TRACON& Tower with Radar,28,78,15,2,123,0,15,20,0,35,28,93,35,2,158,6,0,6,164
02/23/2017,FAI,AK,AAL,WE,Combined TRACON& Tower with Radar,40,60,9,2,111,0,13,5,6,24,40,73,14,8,135,14,0,14,149
02/24/2017,FAI,AK,AAL,WE,Combined TRACON& Tower with Radar,35,62,12,0,109,0,17,10,0,27,35,79,22,0,136,12,0,12,148
02/25/2017,FAI,AK,AAL,WE,Combined TRACON& Tower with Radar,29,35,14,0,78,0,12,15,0,27,29,47,29,0,105,6,0,6,111
02/26/2017,FAI,AK,AAL,WE,Combined TRACON& Tower with Radar,31,41,15,0,87,0,6,5,0,11,31,47,20,0,98,0,0,0,98
02/27/2017,FAI,AK,AAL,WE,Combined TRACON& Tower with Radar,39,47,26,0,112,0,29,21,0,50,39,76,47,0,162,4,0,4,166
02/28/2017,FAI,AK,AAL,WE,Combined TRACON& Tower with Radar,38,21,7,7,73,0,60,84,8,152,38,81,91,15,225,60,3,63,288
03/01/2017,FAI,AK,AAL,WE,Combined TRACON& Tower with Radar,29,29,14,1,73,0,65,65,0,130,29,94,79,1,203,26,0,26,229
03/02/2017,FAI,AK,AAL,WE,Combined TRACON& Tower with Radar,42,28,3,3,76,0,64,60,1,125,42,92,63,4,201,24,1,25,226
03/03/2017,FAI,AK,AAL,WE,Combined TRACON& Tower with Radar,35,26,0,0,61,0,69,43,0,112,35,95,43,0,173,27,0,27,200
03/04/2017,FAI,AK,AAL,WE,Combined TRACON& Tower with Radar,29,39,10,0,78,0,12,29,0,41,29,51,39,0,119,60,0,60,179
03/05/2017,FAI,AK,AAL,WE,Combined TRACON& Tower with Radar,31,29,21,0,81,1,35,101,0,137,32,64,122,0,218,59,2,61,279
03/06/2017,FAI,AK,AAL,WE,Combined TRACON& Tower with Radar,38,28,14,4,84,0,67,67,11,145,38,95,81,15,229,22,1,23,252
03/07/2017,FAI,AK,AAL,WE,Combined TRACON& Tower with Radar,32,32,12,4,80,0,52,118,3,173,32,84,130,7,253,10,6,16,269
03/08/2017,FAI,AK,AAL,WE,Combined TRACON& Tower with Radar,29,28,6,1,64,0,78,106,5,189,29,106,112,6,253,34,0,34,287
03/09/2017,FAI,AK,AAL,WE,Combined TRACON& Tower with Radar,43,31,8,8,90,0,63,85,0,148,43,94,93,8,238,14,25,39,277
03/10/2017,FAI,AK,AAL,WE,Combined TRACON& Tower with Radar,35,67,23,1,126,0,22,17,0,39,35,89,40,1,165,0,0,0,165
03/11/2017,FAI,AK,AAL,WE,Combined TRACON& Tower with Radar,29,16,19,1,65,0,35,117,2,154,29,51,136,3,219,198,0,198,417
03/12/2017,FAI,AK,AAL,WE,Combined TRACON& Tower with Radar,33,23,9,2,67,0,33,67,3,103,33,56,76,5,170,90,2,92,262
03/13/2017,FAI,AK,AAL,WE,Combined TRACON& Tower with Radar,40,28,4,0,72,1,60,92,0,153,41,88,96,0,225,76,1,77,302
03/14/2017,FAI,AK,AAL,WE,Combined TRACON& Tower with Radar,31,25,6,2,64,0,63,85,2,150,31,88,91,4,214,49,1,50,264
03/15/2017,FAI,AK,AAL,WE,Combined TRACON& Tower with Radar,33,27,5,0,65,0,63,76,0,139,33,90,81,0,204,76,10,86,290
03/16/2017,FAI,AK,AAL,WE,Combined TRACON& Tower with Radar,37,35,4,4,80,0,60,77,3,140,37,95,81,7,220,54,0,54,274
03/17/2017,FAI,AK,AAL,WE,Combined TRACON& Tower with Radar,37,32,15,0,84,0,59,59,1,119,37,91,74,1,203,59,1,60,263
03/18/2017,FAI,AK,AAL,WE,Combined TRACON& Tower with Radar,29,23,15,2,69,0,37,60,0,97,29,60,75,2,166,92,0,92,258
03/19/2017,FAI,AK,AAL,WE,Combined TRACON& Tower with Radar,31,18,15,2,66,0,31,81,2,114,31,49,96,4,180,32,0,32,212
03/20/2017,FAI,AK,AAL,WE,Combined TRACON& Tower with Radar,40,24,15,3,82,0,50,83,0,133,40,74,98,3,215,150,0,150,365
03/21/2017,FAI,AK,AAL,WE,Combined TRACON& Tower with Radar,33,31,6,0,70,0,65,86,5,156,33,96,92,5,226,143,0,143,369
03/22/2017,FAI,AK,AAL,WE,Combined TRACON& Tower with Radar,30,26,17,13,86,0,64,68,8,140,30,90,85,21,226,74,0,74,300
03/23/2017,FAI,AK,AAL,WE,Combined TRACON& Tower with Radar,40,28,6,1,75,0,69,91,4,164,40,97,97,5,239,96,0,96,335
03/24/2017,FAI,AK,AAL,WE,Combined TRACON& Tower with Radar,35,21,14,5,75,0,64,90,5,159,35,85,104,10,234,130,6,136,370
03/25/2017,FAI,AK,AAL,WE,Combined TRACON& Tower with Radar,29,14,17,0,60,0,43,80,4,127,29,57,97,4,187,100,0,100,287
03/26/2017,FAI,AK,AAL,WE,Combined TRACON& Tower with Radar,31,27,18,0,76,0,26,69,3,98,31,53,87,3,174,58,0,58,232
03/27/2017,FAI,AK,AAL,WE,Combined TRACON& Tower with Radar,37,17,9,3,66,0,55,92,5,152,37,72,101,8,218,120,0,120,338
03/28/2017,FAI,AK,AAL,WE,Combined TRACON& Tower with Radar,33,41,8,0,82,0,46,54,2,102,33,87,62,2,184,46,0,46,230
03/29/2017,FAI,AK,AAL,WE,Combined TRACON& Tower with Radar,33,39,5,0,77,0,57,71,2,130,33,96,76,2,207,86,0,86,293
03/30/2017,FAI,AK,AAL,WE,Combined TRACON& Tower with Radar,39,43,15,4,101,0,35,37,2,74,39,78,52,6,175,96,0,96,271
03/31/2017,FAI,AK,AAL,WE,Combined TRACON& Tower with Radar,36,23,8,2,69,0,61,81,5,147,36,84,89,7,216,100,0,100,316
04/01/2017,FAI,AK,AAL,WE,Combined TRACON& Tower with Radar,27,18,14,0,59,0,47,83,2,132,27,65,97,2,191,94,0,94,285
04/02/2017,FAI,AK,AAL,WE,Combined TRACON& Tower with Radar,30,27,7,0,64,0,14,13,0,27,30,41,20,0,91,61,0,61,152
04/03/2017,FAI,AK,AAL,WE,Combined TRACON& Tower with Radar,40,32,9,6,87,0,54,100,0,154,40,86,109,6,241,126,0,126,367
04/04/2017,FAI,AK,AAL,WE,Combined TRACON& Tower with Radar,34,28,4,0,66,0,54,78,1,133,34,82,82,1,199,80,0,80,279
04/05/2017,FAI,AK,AAL,WE,Combined TRACON& Tower with Radar,34,24,5,11,74,0,60,43,4,107,34,84,48,15,181,40,1,41,222
04/06/2017,FAI,AK,AAL,WE,Combined TRACON& Tower with Radar,34,34,25,3,96,0,37,41,5,83,34,71,66,8,179,50,0,50,229
04/07/2017,FAI,AK,AAL,WE,Combined TRACON& Tower with Radar,36,47,6,0,89,0,32,41,0,73,36,79,47,0,162,40,0,40,202
04/08/2017,FAI,AK,AAL,WE,Combined TRACON& Tower with Radar,31,27,11,0,69,0,25,77,3,105,31,52,88,3,174,148,0,148,322
04/09/2017,FAI,AK,AAL,WE,Combined TRACON& Tower with Radar,28,27,12,0,67,0,34,74,0,108,28,61,86,0,175,112,0,112,287
04/10/2017,FAI,AK,AAL,WE,Combined TRACON& Tower with Radar,38,20,11,2,71,0,55,100,2,157,38,75,111,4,228,92,8,100,328
04/11/2017,FAI,AK,AAL,WE,Combined TRACON& Tower with Radar,36,23,16,8,83,0,54,82,3,139,36,77,98,11,222,182,0,182,404
04/12/2017,FAI,AK,AAL,WE,Combined TRACON& Tower with Radar,31,38,10,11,90,1,65,97,12,175,32,103,107,23,265,84,4,88,353
04/13/2017,FAI,AK,AAL,WE,Combined TRACON& Tower with Radar,39,25,14,1,79,0,57,59,4,120,39,82,73,5,199,122,0,122,321
04/14/2017,FAI,AK,AAL,WE,Combined TRACON& Tower with Radar,37,28,8,1,74,0,64,79,3,146,37,92,87,4,220,120,0,120,340
04/15/2017,FAI,AK,AAL,WE,Combined TRACON& Tower with Radar,28,16,13,3,60,0,37,69,1,107,28,53,82,4,167,142,0,142,309
04/16/2017,FAI,AK,AAL,WE,Combined TRACON& Tower with Radar,31,25,5,3,64,0,10,27,0,37,31,35,32,3,101,62,0,62,163
04/17/2017,FAI,AK,AAL,WE,Combined TRACON& Tower with Radar,38,27,5,10,80,0,59,66,7,132,38,86,71,17,212,70,0,70,282
04/18/2017,FAI,AK,AAL,WE,Combined TRACON& Tower with Radar,30,31,7,5,73,0,63,72,2,137,30,94,79,7,210,209,6,215,425
04/19/2017,FAI,AK,AAL,WE,Combined TRACON& Tower with Radar,32,30,1,1,64,0,57,49,1,107,32,87,50,2,171,29,1,30,201
04/20/2017,FAI,AK,AAL,WE,Combined TRACON& Tower with Radar,39,22,6,3,70,0,68,75,1,144,39,90,81,4,214,174,0,174,388
04/21/2017,FAI,AK,AAL,WE,Combined TRACON& Tower with Radar,36,32,7,7,82,0,62,79,7,148,36,94,86,14,230,154,10,164,394
04/22/2017,FAI,AK,AAL,WE,Combined TRACON& Tower with Radar,30,23,13,0,66,0,34,67,1,102,30,57,80,1,168,114,0,114,282
04/23/2017,FAI,AK,AAL,WE,Combined TRACON& Tower with Radar,31,17,8,1,57,0,24,82,3,109,31,41,90,4,166,122,1,123,289
04/24/2017,FAI,AK,AAL,WE,Combined TRACON& Tower with Radar,35,24,10,2,71,0,62,73,0,135,35,86,83,2,206,144,3,147,353
04/25/2017,FAI,AK,AAL,WE,Combined TRACON& Tower with Radar,29,33,14,2,78,0,50,77,2,129,29,83,91,4,207,122,0,122,329
04/26/2017,FAI,AK,AAL,WE,Combined TRACON& Tower with Radar,27,39,16,1,83,0,66,86,3,155,27,105,102,4,238,78,1,79,317
04/27/2017,FAI,AK,AAL,WE,Combined TRACON& Tower with Radar,33,35,9,3,80,1,51,80,8,140,34,86,89,11,220,229,3,232,452
04/28/2017,FAI,AK,AAL,WE,Combined TRACON& Tower with Radar,31,35,20,4,90,0,70,112,12,194,31,105,132,16,284,192,0,192,476
04/29/2017,FAI,AK,AAL,WE,Combined TRACON& Tower with Radar,25,22,15,0,62,0,25,114,0,139,25,47,129,0,201,244,0,244,445
04/30/2017,FAI,AK,AAL,WE,Combined TRACON& Tower with Radar,26,19,7,0,52,0,28,90,4,122,26,47,97,4,174,166,0,166,340
05/01/2017,FAI,AK,AAL,WE,Combined TRACON& Tower with Radar,37,15,13,4,69,0,70,88,6,164,37,85,101,10,233,280,0,280,513
05/02/2017,FAI,AK,AAL,WE,Combined TRACON& Tower with Radar,29,33,9,6,77,0,54,110,4,168,29,87,119,10,245,190,2,192,437
05/03/2017,FAI,AK,AAL,WE,Combined TRACON& Tower with Radar,29,32,10,2,73,0,57,99,0,156,29,89,109,2,229,162,2,164,393
05/04/2017,FAI,AK,AAL,WE,Combined TRACON& Tower with Radar,35,39,16,2,92,0,51,80,0,131,35,90,96,2,223,91,0,91,314
05/05/2017,FAI,AK,AAL,WE,Combined TRACON& Tower with Radar,30,43,14,1,88,0,40,87,0,127,30,83,101,1,215,204,0,204,419
05/06/2017,FAI,AK,AAL,WE,Combined TRACON& Tower with Radar,25,24,13,1,63,0,33,111,6,150,25,57,124,7,213,286,0,286,499
05/07/2017,FAI,AK,AAL,WE,Combined TRACON& Tower with Radar,28,12,9,5,54,0,31,91,17,139,28,43,100,22,193,188,0,188,381
05/08/2017,FAI,AK,AAL,WE,Combined TRACON& Tower with Radar,35,19,18,6,78,0,69,94,11,174,35,88,112,17,252,242,0,242,494
05/09/2017,FAI,AK,AAL,WE,Combined TRACON& Tower with Radar,33,26,5,4,68,0,53,110,5,168,33,79,115,9,236,287,1,288,524
05/10/2017,FAI,AK,AAL,WE,Combined TRACON& Tower with Radar,29,50,13,9,101,0,49,85,5,139,29,99,98,14,240,169,0,169,409
05/11/2017,FAI,AK,AAL,WE,Combined TRACON& Tower with Radar,38,26,14,7,85,0,65,130,3,198,38,91,144,10,283,190,0,190,473
05/12/2017,FAI,AK,AAL,WE,Combined TRACON& Tower with Radar,31,27,8,7,73,0,70,127,3,200,31,97,135,10,273,146,0,146,419
05/13/2017,FAI,AK,AAL,WE,Combined TRACON& Tower with Radar,26,26,7,0,59,0,24,97,0,121,26,50,104,0,180,164,0,164,344
05/14/2017,FAI,AK,AAL,WE,Combined TRACON& Tower with Radar,27,17,6,0,50,0,31,74,0,105,27,48,80,0,155,56,0,56,211
05/15/2017,FAI,AK,AAL,WE,Combined TRACON& Tower with Radar,31,26,14,2,73,0,58,138,2,198,31,84,152,4,271,214,1,215,486
05/16/2017,FAI,AK,AAL,WE,Combined TRACON& Tower with Radar,31,29,18,10,88,0,61,189,4,254,31,90,207,14,342,264,1,265,607
05/17/2017,FAI,AK,AAL,WE,Combined TRACON& Tower with Radar,30,32,8,2,72,0,76,143,1,220,30,108,151,3,292,158,0,158,450
05/18/2017,FAI,AK,AAL,WE,Combined TRACON& Tower with Radar,32,32,9,2,75,1,71,152,0,224,33,103,161,2,299,72,1,73,372
05/19/2017,FAI,AK,AAL,WE,Combined TRACON& Tower with Radar,32,38,17,0,87,0,77,160,3,240,32,115,177,3,327,164,0,164,491
05/20/2017,FAI,AK,AAL,WE,Combined TRACON& Tower with Radar,28,17,7,0,52,0,55,212,1,268,28,72,219,1,320,226,0,226,546
05/21/2017,FAI,AK,AAL,WE,Combined TRACON& Tower with Radar,27,19,7,0,53,0,30,180,0,210,27,49,187,0,263,192,0,192,455
05/22/2017,FAI,AK,AAL,WE,Combined TRACON& Tower with Radar,34,79,28,6,147,0,10,40,0,50,34,89,68,6,197,40,0,40,237
05/23/2017,FAI,AK,AAL,WE,Combined TRACON& Tower with Radar,34,51,22,2,109,0,49,96,1,146,34,100,118,3,255,108,1,109,364
05/24/2017,FAI,AK,AAL,WE,Combined TRACON& Tower with Radar,31,43,14,7,95,0,73,109,12,194,31,116,123,19,289,126,0,126,415
05/25/2017,FAI,AK,AAL,WE,Combined TRACON& Tower with Radar,36,40,22,5,103,0,62,119,1,182,36,102,141,6,285,138,0,138,423
05/26/2017,FAI,AK,AAL,WE,Combined TRACON& Tower with Radar,36,56,22,4,118,0,62,111,1,174,36,118,133,5,292,130,0,130,422
05/27/2017,FAI,AK,AAL,WE,Combined TRACON& Tower with Radar,31,32,23,3,89,0,38,134,4,176,31,70,157,7,265,130,0,130,395
05/28/2017,FAI,AK,AAL,WE,Combined TRACON& Tower with Radar,26,19,4,1,50,0,26,128,1,155,26,45,132,2,205,117,0,117,322
05/29/2017,FAI,AK,AAL,WE,Combined TRACON& Tower with Radar,31,9,13,3,56,0,26,133,0,159,31,35,146,3,215,208,0,208,423
05/30/2017,FAI,AK,AAL,WE,Combined TRACON& Tower with Radar,33,47,24,3,107,0,38,96,1,135,33,85,120,4,242,52,0,52,294
05/31/2017,FAI,AK,AAL,WE,Combined TRACON& Tower with Radar,37,30,15,3,85,0,64,228,7,299,37,94,243,10,384,164,0,164,548
06/01/2017,FAI,AK,AAL,WE,Combined TRACON& Tower with Radar,39,29,9,0,77,1,63,205,2,271,40,92,214,2,348,208,0,208,556
06/02/2017,FAI,AK,AAL,WE,Combined TRACON& Tower with Radar,34,29,14,2,79,1,63,190,2,256,35,92,204,4,335,151,0,151,486
06/03/2017,FAI,AK,AAL,WE,Combined TRACON& Tower with Radar,31,15,18,7,71,0,47,189,4,240,31,62,207,11,311,165,0,165,476
06/04/2017,FAI,AK,AAL,WE,Combined TRACON& Tower with Radar,31,22,9,1,63,0,34,159,2,195,31,56,168,3,258,140,0,140,398
06/05/2017,FAI,AK,AAL,WE,Combined TRACON& Tower with Radar,37,29,15,5,86,0,83,149,5,237,37,112,164,10,323,103,0,103,426
06/06/2017,FAI,AK,AAL,WE,Combined TRACON& Tower with Radar,40,27,15,9,91,0,83,137,0,220,40,110,152,9,311,170,1,171,482
06/07/2017,FAI,AK,AAL,WE,Combined TRACON& Tower with Radar,33,28,17,6,84,0,77,203,1,281,33,105,220,7,365,116,0,116,481
06/08/2017,FAI,AK,AAL,WE,Combined TRACON& Tower with Radar,42,32,8,2,84,1,74,155,4,234,43,106,163,6,318,78,0,78,396
06/09/2017,FAI,AK,AAL,WE,Combined TRACON& Tower with Radar,41,34,8,1,84,0,80,213,1,294,41,114,221,2,378,192,0,192,570
06/10/2017,FAI,AK,AAL,WE,Combined TRACON& Tower with Radar,32,28,12,1,73,0,80,156,5,241,32,108,168,6,314,163,0,163,477
06/11/2017,FAI,AK,AAL,WE,Combined TRACON& Tower with Radar,32,52,18,1,103,0,13,49,1,63,32,65,67,2,166,18,0,18,184
06/12/2017,FAI,AK,AAL,WE,Combined TRACON& Tower with Radar,42,83,19,4,148,0,16,46,0,62,42,99,65,4,210,22,0,22,232
06/13/2017,FAI,AK,AAL,WE,Combined TRACON& Tower with Radar,40,29,15,0,84,0,68,213,2,283,40,97,228,2,367,180,0,180,547
06/14/2017,FAI,AK,AAL,WE,Combined TRACON& Tower with Radar,38,30,5,0,73,0,79,212,8,299,38,109,217,8,372,140,0,140,512
06/15/2017,FAI,AK,AAL,WE,Combined TRACON& Tower with Radar,47,33,16,1,97,0,67,174,3,244,47,100,190,4,341,214,0,214,555
06/16/2017,FAI,AK,AAL,WE,Combined TRACON& Tower with Radar,40,25,10,2,77,0,72,150,0,222,40,97,160,2,299,116,0,116,415
06/17/2017,FAI,AK,AAL,WE,Combined TRACON& Tower with Radar,33,45,20,0,98,0,26,114,2,142,33,71,134,2,240,50,0,50,290
06/18/2017,FAI,AK,AAL,WE,Combined TRACON& Tower with Radar,36,23,15,1,75,0,51,184,1,236,36,74,199,2,311,132,0,132,443
06/19/2017,FAI,AK,AAL,WE,Combined TRACON& Tower with Radar,41,34,17,3,95,0,71,196,2,269,41,105,213,5,364,137,0,137,501
06/20/2017,FAI,AK,AAL,WE,Combined TRACON& Tower with Radar,40,42,12,0,94,0,58,172,2,232,40,100,184,2,326,96,0,96,422
06/21/2017,FAI,AK,AAL,WE,Combined TRACON& Tower with Radar,40,27,31,4,102,0,83,228,5,316,40,110,259,9,418,79,4,83,501
06/22/2017,FAI,AK,AAL,WE,Combined TRACON& Tower with Radar,48,28,16,2,94,0,67,172,3,242,48,95,188,5,336,120,0,120,456
06/23/2017,FAI,AK,AAL,WE,Combined TRACON& Tower with Radar,41,30,25,0,96,1,64,157,2,224,42,94,182,2,320,160,0,160,480
06/24/2017,FAI,AK,AAL,WE,Combined TRACON& Tower with Radar,29,26,18,0,73,0,55,123,0,178,29,81,141,0,251,114,0,114,365
06/25/2017,FAI,AK,AAL,WE,Combined TRACON& Tower with Radar,36,19,22,2,79,0,43,146,0,189,36,62,168,2,268,204,0,204,472
06/26/2017,FAI,AK,AAL,WE,Combined TRACON& Tower with Radar,41,25,8,2,76,0,83,160,0,243,41,108,168,2,319,64,0,64,383
06/27/2017,FAI,AK,AAL,WE,Combined TRACON& Tower with Radar,40,33,13,0,86,0,71,179,4,254,40,104,192,4,340,124,0,124,464
06/28/2017,FAI,AK,AAL,WE,Combined TRACON& Tower with Radar,38,35,14,3,90,0,77,181,0,258,38,112,195,3,348,182,3,185,533
06/29/2017,FAI,AK,AAL,WE,Combined TRACON& Tower with Radar,49,27,10,7,93,0,74,185,7,266,49,101,195,14,359,134,0,134,493
06/30/2017,FAI,AK,AAL,WE,Combined TRACON& Tower with Radar,42,36,15,3,96,0,75,179,4,258,42,111,194,7,354,154,0,154,508
07/01/2017,FAI,AK,AAL,WE,Combined TRACON& Tower with Radar,31,22,14,2,69,0,50,190,1,241,31,72,204,3,310,103,0,103,413
07/02/2017,FAI,AK,AAL,WE,Combined TRACON& Tower with Radar,37,32,15,1,85,0,27,85,3,115,37,59,100,4,200,8,0,8,208
07/03/2017,FAI,AK,AAL,WE,Combined TRACON& Tower with Radar,40,60,26,1,127,1,26,87,0,114,41,86,113,1,241,26,14,40,281
07/04/2017,FAI,AK,AAL,WE,Combined TRACON& Tower with Radar,37,20,11,4,72,1,14,128,0,143,38,34,139,4,215,156,0,156,371
07/05/2017,FAI,AK,AAL,WE,Combined TRACON& Tower with Radar,38,28,11,3,80,0,67,184,0,251,38,95,195,3,331,114,0,114,445
07/06/2017,FAI,AK,AAL,WE,Combined TRACON& Tower with Radar,49,34,9,6,98,0,71,186,1,258,49,105,195,7,356,90,2,92,448
07/07/2017,FAI,AK,AAL,WE,Combined TRACON& Tower with Radar,40,30,7,1,78,0,72,166,2,240,40,102,173,3,318,243,0,243,561
07/08/2017,FAI,AK,AAL,WE,Combined TRACON& Tower with Radar,36,25,8,5,74,0,40,151,1,192,36,65,159,6,266,224,0,224,490
07/09/2017,FAI,AK,AAL,WE,Combined TRACON& Tower with Radar,38,14,17,0,69,0,32,138,0,170,38,46,155,0,239,138,1,139,378
07/10/2017,FAI,AK,AAL,WE,Combined TRACON& Tower with Radar,36,50,28,2,116,0,40,89,0,129,36,90,117,2,245,116,2,118,363
07/11/2017,FAI,AK,AAL,WE,Combined TRACON& Tower with Radar,44,66,38,5,153,0,28,111,3,142,44,94,149,8,295,281,0,281,576
07/12/2017,FAI,AK,AAL,WE,Combined TRACON& Tower with Radar,37,64,48,5,154,0,40,132,0,172,37,104,180,5,326,90,0,90,416
07/13/2017,FAI,AK,AAL,WE,Combined TRACON& Tower with Radar,48,53,41,1,143,0,56,91,1,148,48,109,132,2,291,148,0,148,439
07/14/2017,FAI,AK,AAL,WE,Combined TRACON& Tower with Radar,38,33,24,6,101,1,75,200,8,284,39,108,224,14,385,140,0,140,525
07/15/2017,FAI,AK,AAL,WE,Combined TRACON& Tower with Radar,36,27,17,2,82,0,28,140,1,169,36,55,157,3,251,193,2,195,446
07/16/2017,FAI,AK,AAL,WE,Combined TRACON& Tower with Radar,36,34,14,6,90,0,33,145,1,179,36,67,159,7,269,113,4,117,386
07/17/2017,FAI,AK,AAL,WE,Combined TRACON& Tower with Radar,40,33,25,3,101,0,60,169,2,231,40,93,194,5,332,258,0,258,590
07/18/2017,FAI,AK,AAL,WE,Combined TRACON& Tower with Radar,40,28,15,7,90,0,67,196,10,273,40,95,211,17,363,341,0,341,704
07/19/2017,FAI,AK,AAL,WE,Combined TRACON& Tower with Radar,39,38,20,5,102,0,73,227,4,304,39,111,247,9,406,162,3,165,571
07/20/2017,FAI,AK,AAL,WE,Combined TRACON& Tower with Radar,48,30,15,7,100,0,70,179,13,262,48,100,194,20,362,107,20,127,489
07/21/2017,FAI,AK,AAL,WE,Combined TRACON& Tower with Radar,40,23,12,2,77,0,79,183,7,269,40,102,195,9,346,119,0,119,465
07/22/2017,FAI,AK,AAL,WE,Combined TRACON& Tower with Radar,33,18,6,4,61,0,47,183,0,230,33,65,189,4,291,192,0,192,483
07/23/2017,FAI,AK,AAL,WE,Combined TRACON& Tower with Radar,35,27,9,3,74,0,30,82,0,112,35,57,91,3,186,40,0,40,226
07/24/2017,FAI,AK,AAL,WE,Combined TRACON& Tower with Radar,41,78,34,3,156,0,15,52,0,67,41,93,86,3,223,56,0,56,279
07/25/2017,FAI,AK,AAL,WE,Combined TRACON& Tower with Radar,38,81,30,1,150,0,37,121,1,159,38,118,151,2,309,190,0,190,499
07/26/2017,FAI,AK,AAL,WE,Combined TRACON& Tower with Radar,39,39,15,2,95,0,72,156,5,233,39,111,171,7,328,120,0,120,448
07/27/2017,FAI,AK,AAL,WE,Combined TRACON& Tower with Radar,48,24,18,1,91,0,70,173,0,243,48,94,191,1,334,144,0,144,478
07/28/2017,FAI,AK,AAL,WE,Combined TRACON& Tower with Radar,43,29,15,0,87,0,70,183,0,253,43,99,198,0,340,240,0,240,580
07/29/2017,FAI,AK,AAL,WE,Combined TRACON& Tower with Radar,32,23,8,8,71,0,57,186,0,243,32,80,194,8,314,169,0,169,483
07/30/2017,FAI,AK,AAL,WE,Combined TRACON& Tower with Radar,39,20,18,3,80,0,48,210,1,259,39,68,228,4,339,88,1,89,428
07/31/2017,FAI,AK,AAL,WE,Combined TRACON& Tower with Radar,38,33,16,4,91,0,73,135,7,215,38,106,151,11,306,118,0,118,424
08/01/2017,FAI,AK,AAL,WE,Combined TRACON& Tower with Radar,36,36,13,3,88,0,65,147,0,212,36,101,160,3,300,254,0,254,554
08/02/2017,FAI,AK,AAL,WE,Combined TRACON& Tower with Radar,34,79,44,4,161,0,24,45,0,69,34,103,89,4,230,56,0,56,286
08/03/2017,FAI,AK,AAL,WE,Combined TRACON& Tower with Radar,43,43,21,2,109,0,55,120,0,175,43,98,141,2,284,164,0,164,448
08/04/2017,FAI,AK,AAL,WE,Combined TRACON& Tower with Radar,40,77,21,9,147,2,53,206,4,265,42,130,227,13,412,126,0,126,538
08/05/2017,FAI,AK,AAL,WE,Combined TRACON& Tower with Radar,31,22,16,4,73,0,49,178,1,228,31,71,194,5,301,120,0,120,421
08/06/2017,FAI,AK,AAL,WE,Combined TRACON& Tower with Radar,36,20,20,3,79,0,45,204,1,250,36,65,224,4,329,108,0,108,437
08/07/2017,FAI,AK,AAL,WE,Combined TRACON& Tower with Radar,38,20,12,14,84,0,79,191,8,278,38,99,203,22,362,152,1,153,515
08/08/2017,FAI,AK,AAL,WE,Combined TRACON& Tower with Radar,37,28,21,2,88,0,87,187,0,274,37,115,208,2,362,236,0,236,598
08/09/2017,FAI,AK,AAL,WE,Combined TRACON& Tower with Radar,40,33,14,9,96,0,96,166,9,271,40,129,180,18,367,81,2,83,450
08/10/2017,FAI,AK,AAL,WE,Combined TRACON& Tower with Radar,42,32,17,11,102,0,90,160,1,251,42,122,177,12,353,118,10,128,481
08/11/2017,FAI,AK,AAL,WE,Combined TRACON& Tower with Radar,39,39,11,2,91,0,81,188,10,279,39,120,199,12,370,115,1,116,486
08/12/2017,FAI,AK,AAL,WE,Combined TRACON& Tower with Radar,33,38,18,0,89,0,35,124,2,161,33,73,142,2,250,84,0,84,334
08/13/2017,FAI,AK,AAL,WE,Combined TRACON& Tower with Radar,38,40,14,0,92,0,32,77,0,109,38,72,91,0,201,78,16,94,295
08/14/2017,FAI,AK,AAL,WE,Combined TRACON& Tower with Radar,35,68,19,3,125,0,36,66,1,103,35,104,85,4,228,123,0,123,351
08/15/2017,FAI,AK,AAL,WE,Combined TRACON& Tower with Radar,34,56,12,1,103,0,64,107,3,174,34,120,119,4,277,112,6,118,395
08/16/2017,FAI,AK,AAL,WE,Combined TRACON& Tower with Radar,38,59,34,4,135,0,64,133,1,198,38,123,167,5,333,142,0,142,475
08/17/2017,FAI,AK,AAL,WE,Combined TRACON& Tower with Radar,42,73,48,4,167,0,40,89,0,129,42,113,137,4,296,122,0,122,418
08/18/2017,FAI,AK,AAL,WE,Combined TRACON& Tower with Radar,36,64,46,8,154,0,48,144,2,194,36,112,190,10,348,58,0,58,406
08/19/2017,FAI,AK,AAL,WE,Combined TRACON& Tower with Radar,28,66,42,1,137,0,30,141,0,171,28,96,183,1,308,118,0,118,426
08/20/2017,FAI,AK,AAL,WE,Combined TRACON& Tower with Radar,34,33,13,1,81,0,51,125,0,176,34,84,138,1,257,137,0,137,394
08/21/2017,FAI,AK,AAL,WE,Combined TRACON& Tower with Radar,36,21,14,4,75,0,89,169,1,259,36,110,183,5,334,76,0,76,410
08/22/2017,FAI,AK,AAL,WE,Combined TRACON& Tower with Radar,35,80,38,9,162,0,33,91,0,124,35,113,129,9,286,69,1,70,356
08/23/2017,FAI,AK,AAL,WE,Combined TRACON& Tower with Radar,40,54,34,2,130,0,56,181,2,239,40,110,215,4,369,160,4,164,533
08/24/2017,FAI,AK,AAL,WE,Combined TRACON& Tower with Radar,42,36,23,4,105,0,64,151,1,216,42,100,174,5,321,106,0,106,427
08/25/2017,FAI,AK,AAL,WE,Combined TRACON& Tower with Radar,37,39,26,4,106,0,72,170,3,245,37,111,196,7,351,114,0,114,465
08/26/2017,FAI,AK,AAL,WE,Combined TRACON& Tower with Radar,30,32,19,6,87,0,36,219,1,256,30,68,238,7,343,84,4,88,431
08/27/2017,FAI,AK,AAL,WE,Combined TRACON& Tower with Radar,31,45,40,4,120,0,16,55,3,74,31,61,95,7,194,96,0,96,290
08/28/2017,FAI,AK,AAL,WE,Combined TRACON& Tower with Radar,36,47,18,1,102,0,57,160,2,219,36,104,178,3,321,163,0,163,484
08/29/2017,FAI,AK,AAL,WE,Combined TRACON& Tower with Radar,35,31,17,8,91,0,84,152,1,237,35,115,169,9,328,65,0,65,393
08/30/2017,FAI,AK,AAL,WE,Combined TRACON& Tower with Radar,35,53,23,11,122,0,82,169,8,259,35,135,192,19,381,130,4,134,515
08/31/2017,FAI,AK,AAL,WE,Combined TRACON& Tower with Radar,41,36,17,10,104,0,78,270,8,356,41,114,287,18,460,140,0,140,600
09/01/2017,FAI,AK,AAL,WE,Combined TRACON& Tower with Radar,36,47,21,3,107,0,70,210,0,280,36,117,231,3,387,92,0,92,479
09/02/2017,FAI,AK,AAL,WE,Combined TRACON& Tower with Radar,29,24,21,4,78,0,57,155,0,212,29,81,176,4,290,89,0,89,379
09/03/2017,FAI,AK,AAL,WE,Combined TRACON& Tower with Radar,28,13,14,2,57,0,61,199,1,261,28,74,213,3,318,52,42,94,412
09/04/2017,FAI,AK,AAL,WE,Combined TRACON& Tower with Radar,34,17,19,3,73,0,54,223,3,280,34,71,242,6,353,116,0,116,469
09/05/2017,FAI,AK,AAL,WE,Combined TRACON& Tower with Radar,30,33,15,10,88,0,90,178,1,269,30,123,193,11,357,70,0,70,427
09/06/2017,FAI,AK,AAL,WE,Combined TRACON& Tower with Radar,30,43,12,2,87,0,76,108,0,184,30,119,120,2,271,36,0,36,307
09/07/2017,FAI,AK,AAL,WE,Combined TRACON& Tower with Radar,42,55,13,3,113,0,89,191,3,283,42,144,204,6,396,90,0,90,486
09/08/2017,FAI,AK,AAL,WE,Combined TRACON& Tower with Radar,39,27,17,2,85,0,87,216,5,308,39,114,233,7,393,30,0,30,423
09/09/2017,FAI,AK,AAL,WE,Combined TRACON& Tower with Radar,32,17,19,5,73,0,61,231,6,298,32,78,250,11,371,96,0,96,467
09/10/2017,FAI,AK,AAL,WE,Combined TRACON& Tower with Radar,30,24,21,3,78,0,55,178,3,236,30,79,199,6,314,22,0,22,336
09/11/2017,FAI,AK,AAL,WE,Combined TRACON& Tower with Radar,32,60,27,3,122,0,49,87,3,139,32,109,114,6,261,62,0,62,323
09/12/2017,FAI,AK,AAL,WE,Combined TRACON& Tower with Radar,32,41,17,4,94,0,62,184,2,248,32,103,201,6,342,128,0,128,470
09/13/2017,FAI,AK,AAL,WE,Combined TRACON& Tower with Radar,29,40,18,2,89,1,73,172,2,248,30,113,190,4,337,80,0,80,417
09/14/2017,FAI,AK,AAL,WE,Combined TRACON& Tower with Radar,40,35,25,2,102,0,77,185,0,262,40,112,210,2,364,65,0,65,429
09/15/2017,FAI,AK,AAL,WE,Combined TRACON& Tower with Radar,34,33,11,5,83,0,95,258,3,356,34,128,269,8,439,46,0,46,485
09/16/2017,FAI,AK,AAL,WE,Combined TRACON& Tower with Radar,29,21,14,2,66,0,73,197,4,274,29,94,211,6,340,80,1,81,421
09/17/2017,FAI,AK,AAL,WE,Combined TRACON& Tower with Radar,20,20,9,6,55,0,54,187,1,242,20,74,196,7,297,67,0,67,364
09/18/2017,FAI,AK,AAL,WE,Combined TRACON& Tower with Radar,31,26,7,5,69,0,66,122,1,189,31,92,129,6,258,134,0,134,392
09/19/2017,FAI,AK,AAL,WE,Combined TRACON& Tower with Radar,30,66,33,2,131,0,47,102,2,151,30,113,135,4,282,60,0,60,342
09/20/2017,FAI,AK,AAL,WE,Combined TRACON& Tower with Radar,26,61,26,2,115,0,55,116,2,173,26,116,142,4,288,60,0,60,348
09/21/2017,FAI,AK,AAL,WE,Combined TRACON& Tower with Radar,34,46,24,3,107,0,74,140,4,218,34,120,164,7,325,84,0,84,409
09/22/2017,FAI,AK,AAL,WE,Combined TRACON& Tower with Radar,36,62,19,1,118,0,50,75,0,125,36,112,94,1,243,10,0,10,253
09/23/2017,FAI,AK,AAL,WE,Combined TRACON& Tower with Radar,27,33,16,3,79,0,47,227,3,277,27,80,243,6,356,128,0,128,484
09/24/2017,FAI,AK,AAL,WE,Combined TRACON& Tower with Radar,24,23,13,2,62,0,53,147,3,203,24,76,160,5,265,96,0,96,361
09/25/2017,FAI,AK,AAL,WE,Combined TRACON& Tower with Radar,33,76,22,7,138,0,32,21,0,53,33,108,43,7,191,6,3,9,200
09/26/2017,FAI,AK,AAL,WE,Combined TRACON& Tower with Radar,31,49,26,5,111,0,64,135,5,204,31,113,161,10,315,86,0,86,401
09/27/2017,FAI,AK,AAL,WE,Combined TRACON& Tower with Radar,32,30,5,4,71,0,75,130,8,213,32,105,135,12,284,170,0,170,454
09/28/2017,FAI,AK,AAL,WE,Combined TRACON& Tower with Radar,36,80,20,8,144,0,2,9,2,13,36,82,29,10,157,16,0,16,173
09/29/2017,FAI,AK,AAL,WE,Combined TRACON& Tower with Radar,32,57,16,1,106,0,28,107,2,137,32,85,123,3,243,138,0,138,381
09/30/2017,FAI,AK,AAL,WE,Combined TRACON& Tower with Radar,23,34,8,1,66,0,25,55,2,82,23,59,63,3,148,128,0,128,276
10/01/2017,FAI,AK,AAL,WE,Combined TRACON& Tower with Radar,24,27,16,1,68,0,29,144,1,174,24,56,160,2,242,154,0,154,396
10/02/2017,FAI,AK,AAL,WE,Combined TRACON& Tower with Radar,28,21,16,0,65,0,60,92,3,155,28,81,108,3,220,198,0,198,418
10/03/2017,FAI,AK,AAL,WE,Combined TRACON& Tower with Radar,28,42,14,4,88,0,54,116,2,172,28,96,130,6,260,216,0,216,476
10/04/2017,FAI,AK,AAL,WE,Combined TRACON& Tower with Radar,27,44,11,8,90,0,53,68,4,125,27,97,79,12,215,126,12,138,353
10/05/2017,FAI,AK,AAL,WE,Combined TRACON& Tower with Radar,36,38,15,3,92,0,42,93,0,135,36,80,108,3,227,124,0,124,351
10/06/2017,FAI,AK,AAL,WE,Combined TRACON& Tower with Radar,28,41,10,0,79,0,45,104,2,151,28,86,114,2,230,113,0,113,343
10/07/2017,FAI,AK,AAL,WE,Combined TRACON& Tower with Radar,24,49,27,3,103,0,5,76,1,82,24,54,103,4,185,108,0,108,293
10/08/2017,FAI,AK,AAL,WE,Combined TRACON& Tower with Radar,22,54,21,2,99,0,8,32,0,40,22,62,53,2,139,10,0,10,149
10/09/2017,FAI,AK,AAL,WE,Combined TRACON& Tower with Radar,35,73,17,2,127,0,8,65,0,73,35,81,82,2,200,138,1,139,339
10/10/2017,FAI,AK,AAL,WE,Combined TRACON& Tower with Radar,27,76,15,0,118,0,1,8,0,9,27,77,23,0,127,10,0,10,137
10/11/2017,FAI,AK,AAL,WE,Combined TRACON& Tower with Radar,27,72,31,5,135,0,22,32,0,54,27,94,63,5,189,60,0,60,249
10/12/2017,FAI,AK,AAL,WE,Combined TRACON& Tower with Radar,35,28,11,5,79,0,50,114,4,168,35,78,125,9,247,130,0,130,377
10/13/2017,FAI,AK,AAL,WE,Combined TRACON& Tower with Radar,28,91,32,0,151,0,4,0,0,4,28,95,32,0,155,0,0,0,155
10/14/2017,FAI,AK,AAL,WE,Combined TRACON& Tower with Radar,26,45,12,4,87,0,1,9,0,10,26,46,21,4,97,12,0,12,109
10/15/2017,FAI,AK,AAL,WE,Combined TRACON& Tower with Radar,22,31,14,2,69,0,27,90,9,126,22,58,104,11,195,148,0,148,343
10/16/2017,FAI,AK,AAL,WE,Combined TRACON& Tower with Radar,32,66,20,9,127,0,18,42,1,61,32,84,62,10,188,92,0,92,280
10/17/2017,FAI,AK,AAL,WE,Combined TRACON& Tower with Radar,27,53,9,7,96,0,48,63,1,112,27,101,72,8,208,28,0,28,236
10/18/2017,FAI,AK,AAL,WE,Combined TRACON& Tower with Radar,26,80,23,12,141,0,20,40,2,62,26,100,63,14,203,108,2,110,313
10/19/2017,FAI,AK,AAL,WE,Combined TRACON& Tower with Radar,34,48,11,3,96,0,52,54,11,117,34,100,65,14,213,68,0,68,281
10/20/2017,FAI,AK,AAL,WE,Combined TRACON& Tower with Radar,32,52,11,4,99,0,38,56,8,102,32,90,67,12,201,76,0,76,277
10/21/2017,FAI,AK,AAL,WE,Combined TRACON& Tower with Radar,22,24,9,0,55,0,35,82,0,117,22,59,91,0,172,136,0,136,308
10/22/2017,FAI,AK,AAL,WE,Combined TRACON& Tower with Radar,24,26,15,0,65,0,13,54,0,67,24,39,69,0,132,138,0,138,270
10/23/2017,FAI,AK,AAL,WE,Combined TRACON& Tower with Radar,29,24,3,3,59,0,49,98,1,148,29,73,101,4,207,98,2,100,307
10/24/2017,FAI,AK,AAL,WE,Combined TRACON& Tower with Radar,29,46,16,9,100,0,43,47,6,96,29,89,63,15,196,48,4,52,248
10/25/2017,FAI,AK,AAL,WE,Combined TRACON& Tower with Radar,24,58,14,5,101,0,36,29,7,72,24,94,43,12,173,82,2,84,257
10/26/2017,FAI,AK,AAL,WE,Combined TRACON& Tower with Radar,40,46,14,5,105,0,46,63,10,119,40,92,77,15,224,110,0,110,334
10/27/2017,FAI,AK,AAL,WE,Combined TRACON& Tower with Radar,33,52,19,4,108,0,35,51,8,94,33,87,70,12,202,124,4,128,330
10/28/2017,FAI,AK,AAL,WE,Combined TRACON& Tower with Radar,29,32,3,2,66,0,37,59,2,98,29,69,62,4,164,144,0,144,308
10/29/2017,FAI,AK,AAL,WE,Combined TRACON& Tower with Radar,23,22,5,0,50,0,21,63,0,84,23,43,68,0,134,127,3,130,264
10/30/2017,FAI,AK,AAL,WE,Combined TRACON& Tower with Radar,28,50,5,0,83,0,4,0,0,4,28,54,5,0,87,0,0,0,87
10/31/2017,FAI,AK,AAL,WE,Combined TRACON& Tower with Radar,27,74,18,0,119,0,5,1,0,6,27,79,19,0,125,0,0,0,125
11/01/2017,FAI,AK,AAL,WE,Combined TRACON& Tower with Radar,28,86,24,2,140,0,13,12,0,25,28,99,36,2,165,43,0,43,208
11/02/2017,FAI,AK,AAL,WE,Combined TRACON& Tower with Radar,32,91,26,4,153,0,4,3,0,7,32,95,29,4,160,0,0,0,160
11/03/2017,FAI,AK,AAL,WE,Combined TRACON& Tower with Radar,32,74,13,2,121,0,5,30,0,35,32,79,43,2,156,38,1,39,195
11/04/2017,FAI,AK,AAL,WE,Combined TRACON& Tower with Radar,26,34,3,2,65,0,21,44,0,65,26,55,47,2,130,86,0,86,216
11/05/2017,FAI,AK,AAL,WE,Combined TRACON& Tower with Radar,24,50,17,0,91,0,1,4,2,7,24,51,21,2,98,14,0,14,112
11/06/2017,FAI,AK,AAL,WE,Combined TRACON& Tower with Radar,32,83,28,5,148,0,6,31,2,39,32,89,59,7,187,59,0,59,246
11/07/2017,FAI,AK,AAL,WE,Combined TRACON& Tower with Radar,29,45,13,0,87,0,60,50,2,112,29,105,63,2,199,0,0,0,199
11/08/2017,FAI,AK,AAL,WE,Combined TRACON& Tower with Radar,26,76,22,3,127,0,11,19,2,32,26,87,41,5,159,30,0,30,189
11/09/2017,FAI,AK,AAL,WE,Combined TRACON& Tower with Radar,34,65,18,8,125,0,10,10,1,21,34,75,28,9,146,18,0,18,164
11/10/2017,FAI,AK,AAL,WE,Combined TRACON& Tower with Radar,31,79,21,3,134,0,12,7,0,19,31,91,28,3,153,0,0,0,153
11/11/2017,FAI,AK,AAL,WE,Combined TRACON& Tower with Radar,27,38,9,3,77,0,9,25,0,34,27,47,34,3,111,68,0,68,179
11/12/2017,FAI,AK,AAL,WE,Combined TRACON& Tower with Radar,24,42,4,1,71,0,0,0,0,0,24,42,4,1,71,0,0,0,71
11/13/2017,FAI,AK,AAL,WE,Combined TRACON& Tower with Radar,29,46,6,1,82,0,34,22,0,56,29,80,28,1,138,84,0,84,222
11/14/2017,FAI,AK,AAL,WE,Combined TRACON& Tower with Radar,38,53,12,4,107,0,41,35,0,76,38,94,47,4,183,14,0,14,197
11/15/2017,FAI,AK,AAL,WE,Combined TRACON& Tower with Radar,28,36,21,3,88,0,50,59,0,109,28,86,80,3,197,40,0,40,237
11/16/2017,FAI,AK,AAL,WE,Combined TRACON& Tower with Radar,31,77,7,5,120,0,1,0,0,1,31,78,7,5,121,0,0,0,121
11/17/2017,FAI,AK,AAL,WE,Combined TRACON& Tower with Radar,33,50,12,5,100,0,37,19,4,60,33,87,31,9,160,38,0,38,198
11/18/2017,FAI,AK,AAL,WE,Combined TRACON& Tower with Radar,26,24,11,1,62,0,42,59,1,102,26,66,70,2,164,64,0,64,228
11/19/2017,FAI,AK,AAL,WE,Combined TRACON& Tower with Radar,29,25,2,1,57,0,31,50,0,81,29,56,52,1,138,53,0,53,191
11/20/2017,FAI,AK,AAL,WE,Combined TRACON& Tower with Radar,33,36,8,4,81,0,52,64,5,121,33,88,72,9,202,39,0,39,241
11/21/2017,FAI,AK,AAL,WE,Combined TRACON& Tower with Radar,30,62,13,10,115,0,41,34,6,81,30,103,47,16,196,31,0,31,227
11/22/2017,FAI,AK,AAL,WE,Combined TRACON& Tower with Radar,30,97,18,0,145,0,0,0,0,0,30,97,18,0,145,0,0,0,145
11/23/2017,FAI,AK,AAL,WE,Combined TRACON& Tower with Radar,32,11,11,0,54,0,1,12,0,13,32,12,23,0,67,0,0,0,67
11/24/2017,FAI,AK,AAL,WE,Combined TRACON& Tower with Radar,32,62,8,0,102,0,20,14,0,34,32,82,22,0,136,48,0,48,184
11/25/2017,FAI,AK,AAL,WE,Combined TRACON& Tower with Radar,26,45,15,0,86,0,3,12,0,15,26,48,27,0,101,24,0,24,125
11/26/2017,FAI,AK,AAL,WE,Combined TRACON& Tower with Radar,25,29,4,1,59,0,21,67,0,88,25,50,71,1,147,36,0,36,183
11/27/2017,FAI,AK,AAL,WE,Combined TRACON& Tower with Radar,33,26,10,9,78,0,53,38,0,91,33,79,48,9,169,0,10,10,179
11/28/2017,FAI,AK,AAL,WE,Combined TRACON& Tower with Radar,28,37,7,9,81,0,46,59,11,116,28,83,66,20,197,44,6,50,247
11/29/2017,FAI,AK,AAL,WE,Combined TRACON& Tower with Radar,24,37,12,2,75,0,57,55,8,120,24,94,67,10,195,24,0,24,219
11/30/2017,FAI,AK,AAL,WE,Combined TRACON& Tower with Radar,33,39,7,8,87,0,53,61,9,123,33,92,68,17,210,18,3,21,231
12/01/2017,FAI,AK,AAL,WE,Combined TRACON& Tower with Radar,29,58,8,4,99,0,29,27,1,57,29,87,35,5,156,10,0,10,166
12/02/2017,FAI,AK,AAL,WE,Combined TRACON& Tower with Radar,24,32,7,2,65,0,17,85,1,103,24,49,92,3,168,104,14,118,286
12/03/2017,FAI,AK,AAL,WE,Combined TRACON& Tower with Radar,24,32,9,0,65,0,21,36,0,57,24,53,45,0,122,70,0,70,192
12/04/2017,FAI,AK,AAL,WE,Combined TRACON& Tower with Radar,32,36,9,7,84,0,42,31,1,74,32,78,40,8,158,4,22,26,184
12/05/2017,FAI,AK,AAL,WE,Combined TRACON& Tower with Radar,27,33,8,6,74,0,60,52,3,115,27,93,60,9,189,27,4,31,220
12/06/2017,FAI,AK,AAL,WE,Combined TRACON& Tower with Radar,29,82,16,2,129,0,8,5,0,13,29,90,21,2,142,0,13,13,155
12/07/2017,FAI,AK,AAL,WE,Combined TRACON& Tower with Radar,33,43,13,8,97,0,45,35,4,84,33,88,48,12,181,34,2,36,217
12/08/2017,FAI,AK,AAL,WE,Combined TRACON& Tower with Radar,28,60,9,2,99,0,25,19,0,44,28,85,28,2,143,36,0,36,179
12/09/2017,FAI,AK,AAL,WE,Combined TRACON& Tower with Radar,23,36,5,2,66,0,11,11,3,25,23,47,16,5,91,104,0,104,195
12/10/2017,FAI,AK,AAL,WE,Combined TRACON& Tower with Radar,25,30,22,1,78,0,32,98,4,134,25,62,120,5,212,70,0,70,282
12/11/2017,FAI,AK,AAL,WE,Combined TRACON& Tower with Radar,28,43,7,5,83,0,48,33,3,84,28,91,40,8,167,68,5,73,240
12/12/2017,FAI,AK,AAL,WE,Combined TRACON& Tower with Radar,28,33,11,0,72,0,61,61,7,129,28,94,72,7,201,63,0,63,264
12/13/2017,FAI,AK,AAL,WE,Combined TRACON& Tower with Radar,25,32,2,2,61,0,62,46,10,118,25,94,48,12,179,78,4,82,261
12/14/2017,FAI,AK,AAL,WE,Combined TRACON& Tower with Radar,33,46,13,11,103,0,46,27,0,73,33,92,40,11,176,58,3,61,237
12/15/2017,FAI,AK,AAL,WE,Combined TRACON& Tower with Radar,29,46,9,1,85,0,30,33,2,65,29,76,42,3,150,103,0,103,253
12/16/2017,FAI,AK,AAL,WE,Combined TRACON& Tower with Radar,32,34,5,0,71,0,19,35,0,54,32,53,40,0,125,70,0,70,195
12/17/2017,FAI,AK,AAL,WE,Combined TRACON& Tower with Radar,24,43,9,1,77,0,0,0,0,0,24,43,9,1,77,0,0,0,77
12/18/2017,FAI,AK,AAL,WE,Combined TRACON& Tower with Radar,31,77,10,4,122,0,0,2,0,2,31,77,12,4,124,0,0,0,124
12/19/2017,FAI,AK,AAL,WE,Combined TRACON& Tower with Radar,29,68,15,2,114,0,15,3,0,18,29,83,18,2,132,2,0,2,134
12/20/2017,FAI,AK,AAL,WE,Combined TRACON& Tower with Radar,24,86,7,0,117,0,14,5,0,19,24,100,12,0,136,0,0,0,136
12/21/2017,FAI,AK,AAL,WE,Combined TRACON& Tower with Radar,34,51,16,3,104,0,57,59,2,118,34,108,75,5,222,96,2,98,320
12/22/2017,FAI,AK,AAL,WE,Combined TRACON& Tower with Radar,35,41,13,0,89,0,73,66,0,139,35,114,79,0,228,106,0,106,334
12/23/2017,FAI,AK,AAL,WE,Combined TRACON& Tower with Radar,31,26,7,1,65,0,40,50,0,90,31,66,57,1,155,80,0,80,235
12/24/2017,FAI,AK,AAL,WE,Combined TRACON& Tower with Radar,21,16,11,0,48,0,24,36,1,61,21,40,47,1,109,12,0,12,121
12/25/2017,FAI,AK,AAL,WE,Combined TRACON& Tower with Radar,29,11,4,0,44,0,0,1,0,1,29,11,5,0,45,0,0,0,45
12/26/2017,FAI,AK,AAL,WE,Combined TRACON& Tower with Radar,30,33,17,1,81,1,39,62,5,107,31,72,79,6,188,63,0,63,251
12/27/2017,FAI,AK,AAL,WE,Combined TRACON& Tower with Radar,25,68,38,0,131,0,7,9,0,16,25,75,47,0,147,40,0,40,187
12/28/2017,FAI,AK,AAL,WE,Combined TRACON& Tower with Radar,33,49,22,2,106,0,38,49,7,94,33,87,71,9,200,42,1,43,243
12/29/2017,FAI,AK,AAL,WE,Combined TRACON& Tower with Radar,31,46,11,0,88,0,43,24,0,67,31,89,35,0,155,10,0,10,165
12/30/2017,FAI,AK,AAL,WE,Combined TRACON& Tower with Radar,26,26,11,1,64,0,24,42,5,71,26,50,53,6,135,26,0,26,161
12/31/2017,FAI,AK,AAL,WE,Combined TRACON& Tower with Radar,26,15,14,0,55,0,21,46,0,67,26,36,60,0,122,52,0,52,174
01/01/2018,FAI,AK,AAL,WE,Combined TRACON& Tower with Radar,27,15,5,0,47,0,2,40,0,42,27,17,45,0,89,40,0,40,129
01/02/2018,FAI,AK,AAL,WE,Combined TRACON& Tower with Radar,28,38,9,0,75,0,54,34,0,88,28,92,43,0,163,34,0,34,197
01/03/2018,FAI,AK,AAL,WE,Combined TRACON& Tower with Radar,26,42,20,1,89,0,51,58,1,110,26,93,78,2,199,37,0,37,236
01/04/2018,FAI,AK,AAL,WE,Combined TRACON& Tower with Radar,34,67,23,0,124,0,16,17,2,35,34,83,40,2,159,37,0,37,196
01/05/2018,FAI,AK,AAL,WE,Combined TRACON& Tower with Radar,30,31,10,4,75,0,48,60,2,110,30,79,70,6,185,77,0,77,262
01/06/2018,FAI,AK,AAL,WE,Combined TRACON& Tower with Radar,28,15,5,1,49,0,41,41,0,82,28,56,46,1,131,30,0,30,161
01/07/2018,FAI,AK,AAL,WE,Combined TRACON& Tower with Radar,23,27,3,0,53,0,24,44,0,68,23,51,47,0,121,28,0,28,149
01/08/2018,FAI,AK,AAL,WE,Combined TRACON& Tower with Radar,30,28,8,3,69,0,51,30,3,84,30,79,38,6,153,32,0,32,185
01/09/2018,FAI,AK,AAL,WE,Combined TRACON& Tower with Radar,31,30,4,0,65,0,54,29,0,83,31,84,33,0,148,18,0,18,166
01/10/2018,FAI,AK,AAL,WE,Combined TRACON& Tower with Radar,28,34,3,0,65,0,70,27,0,97,28,104,30,0,162,0,0,0,162
01/11/2018,FAI,AK,AAL,WE,Combined TRACON& Tower with Radar,34,37,9,2,82,0,54,34,2,90,34,91,43,4,172,10,9,19,191
01/12/2018,FAI,AK,AAL,WE,Combined TRACON& Tower with Radar,32,33,10,1,76,0,57,46,2,105,32,90,56,3,181,35,2,37,218
01/13/2018,FAI,AK,AAL,WE,Combined TRACON& Tower with Radar,25,18,12,7,62,0,33,21,7,61,25,51,33,14,123,96,2,98,221
01/14/2018,FAI,AK,AAL,WE,Combined TRACON& Tower with Radar,27,21,8,3,59,0,35,74,8,117,27,56,82,11,176,91,0,91,267
01/15/2018,FAI,AK,AAL,WE,Combined TRACON& Tower with Radar,31,23,3,1,58,0,33,41,4,78,31,56,44,5,136,57,0,57,193
01/16/2018,FAI,AK,AAL,WE,Combined TRACON& Tower with Radar,30,38,16,4,88,0,41,27,2,70,30,79,43,6,158,36,0,36,194
01/17/2018,FAI,AK,AAL,WE,Combined TRACON& Tower with Radar,29,65,11,1,106,0,8,4,0,12,29,73,15,1,118,0,0,0,118
01/18/2018,FAI,AK,AAL,WE,Combined TRACON& Tower with Radar,36,59,13,0,108,0,7,0,0,7,36,66,13,0,115,0,0,0,115
01/19/2018,FAI,AK,AAL,WE,Combined TRACON& Tower with Radar,27,60,19,4,110,0,15,0,0,15,27,75,19,4,125,0,0,0,125
01/20/2018,FAI,AK,AAL,WE,Combined TRACON& Tower with Radar,30,37,4,0,71,0,12,17,0,29,30,49,21,0,100,12,0,12,112
01/21/2018,FAI,AK,AAL,WE,Combined TRACON& Tower with Radar,23,39,14,0,76,0,22,7,0,29,23,61,21,0,105,0,0,0,105
01/22/2018,FAI,AK,AAL,WE,Combined TRACON& Tower with Radar,33,62,23,2,120,0,9,2,0,11,33,71,25,2,131,0,0,0,131
01/23/2018,FAI,AK,AAL,WE,Combined TRACON& Tower with Radar,30,78,16,8,132,0,6,5,0,11,30,84,21,8,143,0,0,0,143
01/24/2018,FAI,AK,AAL,WE,Combined TRACON& Tower with Radar,25,57,12,6,100,0,32,4,0,36,25,89,16,6,136,7,3,10,146
01/25/2018,FAI,AK,AAL,WE,Combined TRACON& Tower with Radar,39,61,19,2,121,0,16,3,0,19,39,77,22,2,140,0,0,0,140
01/26/2018,FAI,AK,AAL,WE,Combined TRACON& Tower with Radar,33,35,5,2,75,1,42,27,0,70,34,77,32,2,145,0,0,0,145
01/27/2018,FAI,AK,AAL,WE,Combined TRACON& Tower with Radar,25,22,4,0,51,0,29,20,0,49,25,51,24,0,100,2,0,2,102
01/28/2018,FAI,AK,AAL,WE,Combined TRACON& Tower with Radar,27,28,4,0,59,0,35,31,0,66,27,63,35,0,125,18,0,18,143
01/29/2018,FAI,AK,AAL,WE,Combined TRACON& Tower with Radar,31,31,8,0,70,0,31,14,0,45,31,62,22,0,115,14,0,14,129
01/30/2018,FAI,AK,AAL,WE,Combined TRACON& Tower with Radar,29,22,13,2,66,0,50,36,2,88,29,72,49,4,154,16,1,17,171
01/31/2018,FAI,AK,AAL,WE,Combined TRACON& Tower with Radar,27,35,4,1,67,0,59,31,3,93,27,94,35,4,160,36,0,36,196
02/01/2018,FAI,AK,AAL,WE,Combined TRACON& Tower with Radar,36,23,8,4,71,1,53,43,4,101,37,76,51,8,172,6,0,6,178
02/02/2018,FAI,AK,AAL,WE,Combined TRACON& Tower with Radar,30,22,1,2,55,0,51,39,0,90,30,73,40,2,145,16,0,16,161
02/03/2018,FAI,AK,AAL,WE,Combined TRACON& Tower with Radar,23,16,8,1,48,0,32,37,2,71,23,48,45,3,119,28,0,28,147
02/04/2018,FAI,AK,AAL,WE,Combined TRACON& Tower with Radar,27,24,4,0,55,0,32,55,4,91,27,56,59,4,146,20,0,20,166
02/05/2018,FAI,AK,AAL,WE,Combined TRACON& Tower with Radar,29,21,7,1,58,0,57,29,1,87,29,78,36,2,145,16,0,16,161
02/06/2018,FAI,AK,AAL,WE,Combined TRACON& Tower with Radar,29,18,4,8,59,0,60,62,3,125,29,78,66,11,184,63,0,63,247
02/07/2018,FAI,AK,AAL,WE,Combined TRACON& Tower with Radar,28,26,8,0,62,0,66,52,3,121,28,92,60,3,183,2,2,4,187
02/08/2018,FAI,AK,AAL,WE,Combined TRACON& Tower with Radar,34,30,10,4,78,0,69,39,2,110,34,99,49,6,188,0,0,0,188
02/09/2018,FAI,AK,AAL,WE,Combined TRACON& Tower with Radar,35,23,5,6,69,0,63,52,4,119,35,86,57,10,188,12,0,12,200
02/10/2018,FAI,AK,AAL,WE,Combined TRACON& Tower with Radar,23,15,13,1,52,0,36,66,2,104,23,51,79,3,156,107,0,107,263
02/11/2018,FAI,AK,AAL,WE,Combined TRACON& Tower with Radar,26,41,16,2,85,0,14,11,0,25,26,55,27,2,110,14,0,14,124
02/12/2018,FAI,AK,AAL,WE,Combined TRACON& Tower with Radar,31,55,27,2,115,1,12,8,0,21,32,67,35,2,136,0,9,9,145
02/13/2018,FAI,AK,AAL,WE,Combined TRACON& Tower with Radar,31,64,27,2,124,0,10,8,0,18,31,74,35,2,142,0,0,0,142
02/14/2018,FAI,AK,AAL,WE,Combined TRACON& Tower with Radar,26,64,27,0,117,0,5,0,0,5,26,69,27,0,122,0,0,0,122
02/15/2018,FAI,AK,AAL,WE,Combined TRACON& Tower with Radar,33,58,24,8,123,0,22,28,2,52,33,80,52,10,175,76,0,76,251
02/16/2018,FAI,AK,AAL,WE,Combined TRACON& Tower with Radar,34,29,13,1,77,0,54,78,0,132,34,83,91,1,209,82,0,82,291
02/17/2018,FAI,AK,AAL,WE,Combined TRACON& Tower with Radar,30,38,15,0,83,0,1,21,0,22,30,39,36,0,105,24,0,24,129
02/18/2018,FAI,AK,AAL,WE,Combined TRACON& Tower with Radar,25,31,11,0,67,0,28,62,4,94,25,59,73,4,161,66,0,66,227
02/19/2018,FAI,AK,AAL,WE,Combined TRACON& Tower with Radar,32,77,21,2,132,0,8,18,0,26,32,85,39,2,158,36,0,36,194
02/20/2018,FAI,AK,AAL,WE,Combined TRACON& Tower with Radar,32,56,23,2,113,0,28,18,0,46,32,84,41,2,159,0,0,0,159
02/21/2018,FAI,AK,AAL,WE,Combined TRACON& Tower with Radar,29,68,28,8,133,0,28,22,0,50,29,96,50,8,183,50,0,50,233
02/22/2018,FAI,AK,AAL,WE,Combined TRACON& Tower with Radar,36,65,9,2,112,0,6,0,0,6,36,71,9,2,118,0,0,0,118
02/23/2018,FAI,AK,AAL,WE,Combined TRACON& Tower with Radar,31,68,23,0,122,0,11,12,0,23,31,79,35,0,145,0,0,0,145
02/24/2018,FAI,AK,AAL,WE,Combined TRACON& Tower with Radar,28,22,10,4,64,2,56,103,0,161,30,78,113,4,225,128,0,128,353
02/25/2018,FAI,AK,AAL,WE,Combined TRACON& Tower with Radar,29,37,11,0,77,0,16,18,0,34,29,53,29,0,111,20,0,20,131
02/26/2018,FAI,AK,AAL,WE,Combined TRACON& Tower with Radar,28,63,16,0,107,0,0,0,0,0,28,63,16,0,107,0,0,0,107
02/27/2018,FAI,AK,AAL,WE,Combined TRACON& Tower with Radar,32,65,24,0,121,0,5,0,0,5,32,70,24,0,126,0,0,0,126
02/28/2018,FAI,AK,AAL,WE,Combined TRACON& Tower with Radar,29,34,13,5,81,0,54,57,2,113,29,88,70,7,194,73,2,75,269
03/01/2018,FAI,AK,AAL,WE,Combined TRACON& Tower with Radar,36,28,4,4,72,0,59,54,0,113,36,87,58,4,185,46,2,48,233
03/02/2018,FAI,AK,AAL,WE,Combined TRACON& Tower with Radar,28,63,20,2,113,0,22,45,6,73,28,85,65,8,186,12,0,12,198
03/03/2018,FAI,AK,AAL,WE,Combined TRACON& Tower with Radar,25,44,8,1,78,0,7,13,0,20,25,51,21,1,98,56,0,56,154
03/04/2018,FAI,AK,AAL,WE,Combined TRACON& Tower with Radar,31,61,18,2,112,0,12,20,1,33,31,73,38,3,145,8,0,8,153
03/05/2018,FAI,AK,AAL,WE,Combined TRACON& Tower with Radar,31,61,19,2,113,0,20,15,0,35,31,81,34,2,148,22,0,22,170
03/06/2018,FAI,AK,AAL,WE,Combined TRACON& Tower with Radar,32,39,17,6,94,0,49,75,2,126,32,88,92,8,220,139,0,139,359
03/07/2018,FAI,AK,AAL,WE,Combined TRACON& Tower with Radar,26,42,24,2,94,0,55,118,0,173,26,97,142,2,267,117,0,117,384
03/08/2018,FAI,AK,AAL,WE,Combined TRACON& Tower with Radar,37,27,11,4,79,0,57,70,0,127,37,84,81,4,206,122,10,132,338
03/09/2018,FAI,AK,AAL,WE,Combined TRACON& Tower with Radar,32,47,20,0,99,0,44,62,0,106,32,91,82,0,205,10,0,10,215
03/10/2018,FAI,AK,AAL,WE,Combined TRACON& Tower with Radar,26,23,17,3,69,0,28,78,1,107,26,51,95,4,176,80,0,80,256
03/11/2018,FAI,AK,AAL,WE,Combined TRACON& Tower with Radar,23,24,17,3,67,0,32,94,1,127,23,56,111,4,194,74,0,74,268
03/12/2018,FAI,AK,AAL,WE,Combined TRACON& Tower with Radar,32,22,8,7,69,0,55,81,2,138,32,77,89,9,207,78,0,78,285
03/13/2018,FAI,AK,AAL,WE,Combined TRACON& Tower with Radar,29,23,7,11,70,0,53,89,8,150,29,76,96,19,220,42,0,42,262
03/14/2018,FAI,AK,AAL,WE,Combined TRACON& Tower with Radar,26,79,15,4,124,0,19,2,2,23,26,98,17,6,147,2,0,2,149
03/15/2018,FAI,AK,AAL,WE,Combined TRACON& Tower with Radar,32,45,23,5,105,0,42,68,0,110,32,87,91,5,215,146,0,146,361
03/16/2018,FAI,AK,AAL,WE,Combined TRACON& Tower with Radar,29,48,31,3,111,0,31,32,0,63,29,79,63,3,174,16,0,16,190
03/17/2018,FAI,AK,AAL,WE,Combined TRACON& Tower with Radar,26,27,28,10,91,0,20,61,3,84,26,47,89,13,175,84,0,84,259
03/18/2018,FAI,AK,AAL,WE,Combined TRACON& Tower with Radar,23,31,9,3,66,0,20,32,3,55,23,51,41,6,121,66,0,66,187
03/19/2018,FAI,AK,AAL,WE,Combined TRACON& Tower with Radar,28,71,15,7,121,0,7,9,1,17,28,78,24,8,138,6,0,6,144
03/20/2018,FAI,AK,AAL,WE,Combined TRACON& Tower with Radar,26,57,46,10,139,0,44,26,0,70,26,101,72,10,209,6,2,8,217
03/21/2018,FAI,AK,AAL,WE,Combined TRACON& Tower with Radar,33,37,13,4,87,0,66,98,4,168,33,103,111,8,255,98,0,98,353
03/22/2018,FAI,AK,AAL,WE,Combined TRACON& Tower with Radar,33,33,9,2,77,0,59,87,3,149,33,92,96,5,226,54,2,56,282
03/23/2018,FAI,AK,AAL,WE,Combined TRACON& Tower with Radar,30,25,18,1,74,0,58,106,5,169,30,83,124,6,243,90,41,131,374
03/24/2018,FAI,AK,AAL,WE,Combined TRACON& Tower with Radar,20,11,12,2,45,0,26,114,0,140,20,37,126,2,185,100,0,100,285
03/25/2018,FAI,AK,AAL,WE,Combined TRACON& Tower with Radar,21,18,8,1,48,0,30,64,0,94,21,48,72,1,142,48,0,48,190
03/26/2018,FAI,AK,AAL,WE,Combined TRACON& Tower with Radar,32,24,8,0,64,0,66,60,2,128,32,90,68,2,192,24,4,28,220
03/27/2018,FAI,AK,AAL,WE,Combined TRACON& Tower with Radar,25,30,10,2,67,0,54,124,3,181,25,84,134,5,248,113,1,114,362
03/28/2018,FAI,AK,AAL,WE,Combined TRACON& Tower with Radar,29,35,9,2,75,0,57,90,1,148,29,92,99,3,223,104,0,104,327
03/29/2018,FAI,AK,AAL,WE,Combined TRACON& Tower with Radar,33,50,16,5,104,0,44,57,5,106,33,94,73,10,210,32,16,48,258
03/30/2018,FAI,AK,AAL,WE,Combined TRACON& Tower with Radar,27,29,12,1,69,0,61,96,2,159,27,90,108,3,228,98,2,100,328
03/31/2018,FAI,AK,AAL,WE,Combined TRACON& Tower with Radar,21,26,6,2,55,0,10,81,1,92,21,36,87,3,147,150,0,150,297
04/01/2018,FAI,AK,AAL,WE,Combined TRACON& Tower with Radar,21,28,10,0,59,0,9,18,0,27,21,37,28,0,86,59,0,59,145
04/02/2018,FAI,AK,AAL,WE,Combined TRACON& Tower with Radar,28,17,17,4,66,2,64,87,0,153,30,81,104,4,219,96,0,96,315
04/03/2018,FAI,AK,AAL,WE,Combined TRACON& Tower with Radar,25,32,8,3,68,0,57,65,8,130,25,89,73,11,198,108,0,108,306
04/04/2018,FAI,AK,AAL,WE,Combined TRACON& Tower with Radar,27,22,3,4,56,0,66,64,4,134,27,88,67,8,190,62,4,66,256
04/05/2018,FAI,AK,AAL,WE,Combined TRACON& Tower with Radar,33,29,12,4,78,1,57,85,0,143,34,86,97,4,221,30,0,30,251
04/06/2018,FAI,AK,AAL,WE,Combined TRACON& Tower with Radar,29,15,12,1,57,0,58,123,0,181,29,73,135,1,238,142,0,142,380
04/07/2018,FAI,AK,AAL,WE,Combined TRACON& Tower with Radar,19,20,13,5,57,0,41,95,3,139,19,61,108,8,196,54,0,54,250
04/08/2018,FAI,AK,AAL,WE,Combined TRACON& Tower with Radar,23,6,16,6,51,0,28,128,2,158,23,34,144,8,209,45,2,47,256
04/09/2018,FAI,AK,AAL,WE,Combined TRACON& Tower with Radar,27,19,13,8,67,0,62,93,4,159,27,81,106,12,226,87,58,145,371
04/10/2018,FAI,AK,AAL,WE,Combined TRACON& Tower with Radar,27,23,7,9,66,0,62,91,4,157,27,85,98,13,223,226,0,226,449
04/11/2018,FAI,AK,AAL,WE,Combined TRACON& Tower with Radar,29,39,13,6,87,0,61,98,3,162,29,100,111,9,249,226,0,226,475
04/12/2018,FAI,AK,AAL,WE,Combined TRACON& Tower with Radar,31,30,8,8,77,0,62,117,1,180,31,92,125,9,257,225,0,225,482
04/13/2018,FAI,AK,AAL,WE,Combined TRACON& Tower with Radar,30,39,11,3,83,0,54,89,4,147,30,93,100,7,230,52,0,52,282
04/14/2018,FAI,AK,AAL,WE,Combined TRACON& Tower with Radar,22,14,9,2,47,0,32,89,2,123,22,46,98,4,170,64,0,64,234
04/15/2018,FAI,AK,AAL,WE,Combined TRACON& Tower with Radar,21,9,6,2,38,0,29,75,0,104,21,38,81,2,142,42,0,42,184
04/16/2018,FAI,AK,AAL,WE,Combined TRACON& Tower with Radar,28,26,6,7,67,2,68,97,0,167,30,94,103,7,234,112,2,114,348
04/17/2018,FAI,AK,AAL,WE,Combined TRACON& Tower with Radar,27,27,18,12,84,2,73,113,5,193,29,100,131,17,277,95,0,95,372
04/18/2018,FAI,AK,AAL,WE,Combined TRACON& Tower with Radar,32,32,10,3,77,0,65,77,5,147,32,97,87,8,224,125,2,127,351
04/19/2018,FAI,AK,AAL,WE,Combined TRACON& Tower with Radar,32,32,13,4,81,0,60,92,10,162,32,92,105,14,243,120,2,122,365
04/20/2018,FAI,AK,AAL,WE,Combined TRACON& Tower with Radar,28,35,3,3,69,0,53,44,4,101,28,88,47,7,170,40,0,40,210
04/21/2018,FAI,AK,AAL,WE,Combined TRACON& Tower with Radar,21,17,7,2,47,0,23,109,8,140,21,40,116,10,187,152,0,152,339
04/22/2018,FAI,AK,AAL,WE,Combined TRACON& Tower with Radar,19,14,9,3,45,0,29,104,3,136,19,43,113,6,181,212,0,212,393
04/23/2018,FAI,AK,AAL,WE,Combined TRACON& Tower with Radar,28,13,9,2,52,0,59,73,6,138,28,72,82,8,190,157,2,159,349
04/24/2018,FAI,AK,AAL,WE,Combined TRACON& Tower with Radar,27,27,9,25,88,0,62,45,10,117,27,89,54,35,205,42,15,57,262
04/25/2018,FAI,AK,AAL,WE,Combined TRACON& Tower with Radar,30,29,7,12,78,0,59,62,2,123,30,88,69,14,201,70,23,93,294
04/26/2018,FAI,AK,AAL,WE,Combined TRACON& Tower with Radar,31,28,19,11,89,0,62,57,2,121,31,90,76,13,210,88,3,91,301
04/27/2018,FAI,AK,AAL,WE,Combined TRACON& Tower with Radar,30,29,10,1,70,0,65,103,1,169,30,94,113,2,239,86,1,87,326
04/28/2018,FAI,AK,AAL,WE,Combined TRACON& Tower with Radar,19,24,3,1,47,0,35,99,1,135,19,59,102,2,182,176,0,176,358
04/29/2018,FAI,AK,AAL,WE,Combined TRACON& Tower with Radar,22,33,3,1,59,0,14,65,5,84,22,47,68,6,143,91,0,91,234
04/30/2018,FAI,AK,AAL,WE,Combined TRACON& Tower with Radar,30,50,14,2,96,0,12,16,0,28,30,62,30,2,124,82,0,82,206
05/01/2018,FAI,AK,AAL,WE,Combined TRACON& Tower with Radar,25,64,19,11,119,0,31,19,4,54,25,95,38,15,173,70,6,76,249
05/02/2018,FAI,AK,AAL,WE,Combined TRACON& Tower with Radar,29,53,18,0,100,0,32,39,15,86,29,85,57,15,186,76,4,80,266
05/03/2018,FAI,AK,AAL,WE,Combined TRACON& Tower with Radar,34,27,17,10,88,0,61,83,2,146,34,88,100,12,234,156,2,158,392
05/04/2018,FAI,AK,AAL,WE,Combined TRACON& Tower with Radar,29,37,7,2,75,1,72,80,2,155,30,109,87,4,230,100,0,100,330
05/05/2018,FAI,AK,AAL,WE,Combined TRACON& Tower with Radar,28,16,13,2,59,0,26,71,12,109,28,42,84,14,168,168,0,168,336
05/06/2018,FAI,AK,AAL,WE,Combined TRACON& Tower with Radar,25,16,5,2,48,0,28,46,13,87,25,44,51,15,135,99,0,99,234
05/07/2018,FAI,AK,AAL,WE,Combined TRACON& Tower with Radar,32,25,13,4,74,0,66,111,9,186,32,91,124,13,260,248,0,248,508
05/08/2018,FAI,AK,AAL,WE,Combined TRACON& Tower with Radar,27,18,7,3,55,0,57,101,7,165,27,75,108,10,220,308,0,308,528
05/09/2018,FAI,AK,AAL,WE,Combined TRACON& Tower with Radar,26,32,6,3,67,1,76,116,9,202,27,108,122,12,269,122,1,123,392
05/10/2018,FAI,AK,AAL,WE,Combined TRACON& Tower with Radar,32,28,18,4,82,0,61,148,4,213,32,89,166,8,295,248,0,248,543
05/11/2018,FAI,AK,AAL,WE,Combined TRACON& Tower with Radar,29,34,7,2,72,0,54,61,7,122,29,88,68,9,194,100,0,100,294
05/12/2018,FAI,AK,AAL,WE,Combined TRACON& Tower with Radar,19,12,9,0,40,0,42,120,1,163,19,54,129,1,203,232,1,233,436
05/13/2018,FAI,AK,AAL,WE,Combined TRACON& Tower with Radar,25,12,12,0,49,0,28,110,0,138,25,40,122,0,187,70,0,70,257
05/14/2018,FAI,AK,AAL,WE,Combined TRACON& Tower with Radar,28,29,11,6,74,0,62,85,0,147,28,91,96,6,221,172,10,182,403
05/15/2018,FAI,AK,AAL,WE,Combined TRACON& Tower with Radar,26,37,18,3,84,0,50,107,2,159,26,87,125,5,243,186,0,186,429
05/16/2018,FAI,AK,AAL,WE,Combined TRACON& Tower with Radar,29,50,7,1,87,0,54,131,5,190,29,104,138,6,277,134,36,170,447
05/17/2018,FAI,AK,AAL,WE,Combined TRACON& Tower with Radar,32,25,17,11,85,0,83,143,6,232,32,108,160,17,317,246,8,254,571
05/18/2018,FAI,AK,AAL,WE,Combined TRACON& Tower with Radar,30,35,17,6,88,1,71,112,0,184,31,106,129,6,272,83,2,85,357
05/19/2018,FAI,AK,AAL,WE,Combined TRACON& Tower with Radar,19,20,11,0,50,0,46,132,0,178,19,66,143,0,228,107,0,107,335
05/20/2018,FAI,AK,AAL,WE,Combined TRACON& Tower with Radar,17,12,10,5,44,0,37,154,0,191,17,49,164,5,235,166,0,166,401
05/21/2018,FAI,AK,AAL,WE,Combined TRACON& Tower with Radar,30,37,20,6,93,0,52,145,2,199,30,89,165,8,292,164,0,164,456
05/22/2018,FAI,AK,AAL,WE,Combined TRACON& Tower with Radar,30,30,15,4,79,0,75,130,4,209,30,105,145,8,288,126,0,126,414
05/23/2018,FAI,AK,AAL,WE,Combined TRACON& Tower with Radar,29,39,13,7,88,0,59,149,0,208,29,98,162,7,296,162,0,162,458
05/24/2018,FAI,AK,AAL,WE,Combined TRACON& Tower with Radar,33,73,23,3,132,0,11,73,10,94,33,84,96,13,226,107,0,107,333
05/25/2018,FAI,AK,AAL,WE,Combined TRACON& Tower with Radar,30,44,21,0,95,0,58,162,1,221,30,102,183,1,316,162,1,163,479
05/26/2018,FAI,AK,AAL,WE,Combined TRACON& Tower with Radar,24,17,3,3,47,0,36,112,2,150,24,53,115,5,197,140,0,140,337
05/27/2018,FAI,AK,AAL,WE,Combined TRACON& Tower with Radar,25,8,7,1,41,0,38,136,2,176,25,46,143,3,217,168,0,168,385
05/28/2018,FAI,AK,AAL,WE,Combined TRACON& Tower with Radar,30,6,8,3,47,0,36,199,3,238,30,42,207,6,285,286,0,286,571
05/29/2018,FAI,AK,AAL,WE,Combined TRACON& Tower with Radar,29,35,14,9,87,0,58,140,7,205,29,93,154,16,292,208,2,210,502
05/30/2018,FAI,AK,AAL,WE,Combined TRACON& Tower with Radar,39,36,23,5,103,0,56,136,4,196,39,92,159,9,299,183,2,185,484
05/31/2018,FAI,AK,AAL,WE,Combined TRACON& Tower with Radar,36,33,14,3,86,0,65,151,3,219,36,98,165,6,305,167,0,167,472
06/01/2018,FAI,AK,AAL,WE,Combined TRACON& Tower with Radar,34,23,16,4,77,0,77,173,3,253,34,100,189,7,330,168,0,168,498
06/02/2018,FAI,AK,AAL,WE,Combined TRACON& Tower with Radar,26,19,21,2,68,0,31,201,4,236,26,50,222,6,304,112,70,182,486
06/03/2018,FAI,AK,AAL,WE,Combined TRACON& Tower with Radar,29,22,18,3,72,0,33,193,1,227,29,55,211,4,299,178,0,178,477
06/04/2018,FAI,AK,AAL,WE,Combined TRACON& Tower with Radar,31,16,8,1,56,0,73,196,2,271,31,89,204,3,327,232,6,238,565
06/05/2018,FAI,AK,AAL,WE,Combined TRACON& Tower with Radar,36,25,8,17,86,2,65,157,2,226,38,90,165,19,312,153,0,153,465
06/06/2018,FAI,AK,AAL,WE,Combined TRACON& Tower with Radar,32,29,22,7,90,4,83,139,7,233,36,112,161,14,323,132,4,136,459
06/07/2018,FAI,AK,AAL,WE,Combined TRACON& Tower with Radar,40,26,15,3,84,1,68,152,0,221,41,94,167,3,305,192,0,192,497
06/08/2018,FAI,AK,AAL,WE,Combined TRACON& Tower with Radar,36,21,14,2,73,0,99,186,10,295,36,120,200,12,368,114,46,160,528
06/09/2018,FAI,AK,AAL,WE,Combined TRACON& Tower with Radar,34,14,13,0,61,1,32,189,1,223,35,46,202,1,284,96,0,96,380
06/10/2018,FAI,AK,AAL,WE,Combined TRACON& Tower with Radar,31,17,10,1,59,0,41,107,6,154,31,58,117,7,213,82,0,82,295
06/11/2018,FAI,AK,AAL,WE,Combined TRACON& Tower with Radar,37,39,13,10,99,0,45,74,6,125,37,84,87,16,224,94,1,95,319
06/12/2018,FAI,AK,AAL,WE,Combined TRACON& Tower with Radar,39,30,6,11,86,1,85,165,8,259,40,115,171,19,345,360,4,364,709
06/13/2018,FAI,AK,AAL,WE,Combined TRACON& Tower with Radar,37,34,6,5,82,2,68,165,1,236,39,102,171,6,318,222,4,226,544
06/14/2018,FAI,AK,AAL,WE,Combined TRACON& Tower with Radar,42,36,19,6,103,0,60,102,2,164,42,96,121,8,267,74,0,74,341
06/15/2018,FAI,AK,AAL,WE,Combined TRACON& Tower with Radar,40,21,16,3,80,0,64,185,1,250,40,85,201,4,330,106,0,106,436
06/16/2018,FAI,AK,AAL,WE,Combined TRACON& Tower with Radar,35,31,17,2,85,0,55,154,0,209,35,86,171,2,294,186,0,186,480
06/17/2018,FAI,AK,AAL,WE,Combined TRACON& Tower with Radar,29,32,17,0,78,0,32,129,0,161,29,64,146,0,239,122,0,122,361
06/18/2018,FAI,AK,AAL,WE,Combined TRACON& Tower with Radar,35,31,11,9,86,0,62,125,5,192,35,93,136,14,278,204,0,204,482
06/19/2018,FAI,AK,AAL,WE,Combined TRACON& Tower with Radar,36,29,15,18,98,0,68,182,5,255,36,97,197,23,353,264,0,264,617
06/20/2018,FAI,AK,AAL,WE,Combined TRACON& Tower with Radar,37,26,15,2,80,0,77,232,1,310,37,103,247,3,390,190,0,190,580
06/21/2018,FAI,AK,AAL,WE,Combined TRACON& Tower with Radar,44,24,9,7,84,0,66,173,2,241,44,90,182,9,325,218,4,222,547
06/22/2018,FAI,AK,AAL,WE,Combined TRACON& Tower with Radar,38,57,21,4,120,0,35,154,5,194,38,92,175,9,314,20,109,129,443
06/23/2018,FAI,AK,AAL,WE,Combined TRACON& Tower with Radar,39,12,10,4,65,0,35,225,0,260,39,47,235,4,325,160,0,160,485
06/24/2018,FAI,AK,AAL,WE,Combined TRACON& Tower with Radar,34,18,21,0,73,0,40,161,2,203,34,58,182,2,276,104,0,104,380
06/25/2018,FAI,AK,AAL,WE,Combined TRACON& Tower with Radar,35,19,10,6,70,0,72,189,2,263,35,91,199,8,333,184,0,184,517
06/26/2018,FAI,AK,AAL,WE,Combined TRACON& Tower with Radar,34,27,23,6,90,0,67,206,0,273,34,94,229,6,363,190,2,192,555
06/27/2018,FAI,AK,AAL,WE,Combined TRACON& Tower with Radar,39,34,11,4,88,0,75,160,4,239,39,109,171,8,327,230,20,250,577
06/28/2018,FAI,AK,AAL,WE,Combined TRACON& Tower with Radar,44,29,20,7,100,0,61,144,2,207,44,90,164,9,307,214,0,214,521
06/29/2018,FAI,AK,AAL,WE,Combined TRACON& Tower with Radar,39,28,17,7,91,0,47,171,5,223,39,75,188,12,314,164,0,164,478
06/30/2018,FAI,AK,AAL,WE,Combined TRACON& Tower with Radar,29,16,12,0,57,0,37,123,3,163,29,53,135,3,220,160,0,160,380
07/01/2018,FAI,AK,AAL,WE,Combined TRACON& Tower with Radar,30,18,15,1,64,0,29,108,0,137,30,47,123,1,201,46,0,46,247
07/02/2018,FAI,AK,AAL,WE,Combined TRACON& Tower with Radar,42,17,12,2,73,0,68,188,6,262,42,85,200,8,335,226,0,226,561
07/03/2018,FAI,AK,AAL,WE,Combined TRACON& Tower with Radar,37,31,16,2,86,0,78,198,5,281,37,109,214,7,367,134,0,134,501
07/04/2018,FAI,AK,AAL,WE,Combined TRACON& Tower with Radar,32,17,6,11,66,0,25,157,1,183,32,42,163,12,249,104,8,112,361
07/05/2018,FAI,AK,AAL,WE,Combined TRACON& Tower with Radar,45,39,20,1,105,0,58,146,5,209,45,97,166,6,314,110,0,110,424
07/06/2018,FAI,AK,AAL,WE,Combined TRACON& Tower with Radar,37,21,18,4,80,0,75,180,6,261,37,96,198,10,341,138,0,138,479
07/07/2018,FAI,AK,AAL,WE,Combined TRACON& Tower with Radar,29,17,7,2,55,0,40,168,3,211,29,57,175,5,266,128,0,128,394
07/08/2018,FAI,AK,AAL,WE,Combined TRACON& Tower with Radar,33,21,6,2,62,0,30,108,2,140,33,51,114,4,202,161,0,161,363
07/09/2018,FAI,AK,AAL,WE,Combined TRACON& Tower with Radar,37,19,12,7,75,0,63,122,9,194,37,82,134,16,269,179,2,181,450
07/10/2018,FAI,AK,AAL,WE,Combined TRACON& Tower with Radar,38,37,14,1,90,0,70,153,6,229,38,107,167,7,319,256,0,256,575
07/11/2018,FAI,AK,AAL,WE,Combined TRACON& Tower with Radar,37,61,42,9,149,0,32,73,0,105,37,93,115,9,254,46,0,46,300
07/12/2018,FAI,AK,AAL,WE,Combined TRACON& Tower with Radar,44,28,19,0,91,0,68,216,7,291,44,96,235,7,382,206,0,206,588
07/13/2018,FAI,AK,AAL,WE,Combined TRACON& Tower with Radar,40,22,22,4,88,0,74,209,6,289,40,96,231,10,377,188,3,191,568
07/14/2018,FAI,AK,AAL,WE,Combined TRACON& Tower with Radar,33,22,14,1,70,0,35,192,5,232,33,57,206,6,302,214,0,214,516
07/15/2018,FAI,AK,AAL,WE,Combined TRACON& Tower with Radar,30,23,16,0,69,0,24,150,2,176,30,47,166,2,245,104,0,104,349
07/16/2018,FAI,AK,AAL,WE,Combined TRACON& Tower with Radar,37,36,28,2,103,0,46,138,4,188,37,82,166,6,291,152,0,152,443
07/17/2018,FAI,AK,AAL,WE,Combined TRACON& Tower with Radar,35,33,17,1,86,0,45,154,25,224,35,78,171,26,310,120,0,120,430
07/18/2018,FAI,AK,AAL,WE,Combined TRACON& Tower with Radar,42,29,19,7,97,0,64,223,3,290,42,93,242,10,387,138,6,144,531
07/19/2018,FAI,AK,AAL,WE,Combined TRACON& Tower with Radar,43,41,13,9,106,0,48,154,4,206,43,89,167,13,312,168,2,170,482
07/20/2018,FAI,AK,AAL,WE,Combined TRACON& Tower with Radar,42,34,16,5,97,0,60,183,2,245,42,94,199,7,342,130,77,207,549
07/21/2018,FAI,AK,AAL,WE,Combined TRACON& Tower with Radar,30,15,11,1,57,0,55,175,2,232,30,70,186,3,289,140,0,140,429
07/22/2018,FAI,AK,AAL,WE,Combined TRACON& Tower with Radar,33,11,11,0,55,0,51,162,1,214,33,62,173,1,269,177,0,177,446
07/23/2018,FAI,AK,AAL,WE,Combined TRACON& Tower with Radar,40,14,19,4,77,0,71,169,1,241,40,85,188,5,318,224,2,226,544
07/24/2018,FAI,AK,AAL,WE,Combined TRACON& Tower with Radar,38,21,12,4,75,0,84,151,2,237,38,105,163,6,312,100,0,100,412
07/25/2018,FAI,AK,AAL,WE,Combined TRACON& Tower with Radar,37,35,7,10,89,0,72,178,1,251,37,107,185,11,340,136,0,136,476
07/26/2018,FAI,AK,AAL,WE,Combined TRACON& Tower with Radar,45,25,9,2,81,1,62,137,1,201,46,87,146,3,282,186,0,186,468
07/27/2018,FAI,AK,AAL,WE,Combined TRACON& Tower with Radar,36,23,20,4,83,0,76,188,3,267,36,99,208,7,350,148,0,148,498
07/28/2018,FAI,AK,AAL,WE,Combined TRACON& Tower with Radar,33,13,13,2,61,0,33,163,7,203,33,46,176,9,264,176,0,176,440
07/29/2018,FAI,AK,AAL,WE,Combined TRACON& Tower with Radar,30,12,26,3,71,1,46,174,1,222,31,58,200,4,293,114,0,114,407
07/30/2018,FAI,AK,AAL,WE,Combined TRACON& Tower with Radar,33,19,4,3,59,0,77,214,2,293,33,96,218,5,352,240,0,240,592
07/31/2018,FAI,AK,AAL,WE,Combined TRACON& Tower with Radar,40,34,10,8,92,0,66,188,0,254,40,100,198,8,346,240,4,244,590
08/01/2018,FAI,AK,AAL,WE,Combined TRACON& Tower with Radar,38,58,31,4,131,0,41,99,4,144,38,99,130,8,275,104,8,112,387
08/02/2018,FAI,AK,AAL,WE,Combined TRACON& Tower with Radar,44,42,25,4,115,1,42,128,9,180,45,84,153,13,295,100,8,108,403
08/03/2018,FAI,AK,AAL,WE,Combined TRACON& Tower with Radar,33,43,28,6,110,0,57,166,0,223,33,100,194,6,333,160,0,160,493
08/04/2018,FAI,AK,AAL,WE,Combined TRACON& Tower with Radar,32,25,16,2,75,0,32,167,3,202,32,57,183,5,277,267,2,269,546
08/05/2018,FAI,AK,AAL,WE,Combined TRACON& Tower with Radar,31,39,17,4,91,0,14,31,2,47,31,53,48,6,138,8,0,8,146
08/06/2018,FAI,AK,AAL,WE,Combined TRACON& Tower with Radar,38,75,25,6,144,0,19,39,1,59,38,94,64,7,203,48,2,50,253
08/07/2018,FAI,AK,AAL,WE,Combined TRACON& Tower with Radar,36,33,14,8,91,0,65,157,6,228,36,98,171,14,319,196,0,196,515
08/08/2018,FAI,AK,AAL,WE,Combined TRACON& Tower with Radar,38,34,23,8,103,0,78,159,0,237,38,112,182,8,340,206,0,206,546
08/09/2018,FAI,AK,AAL,WE,Combined TRACON& Tower with Radar,41,40,14,1,96,1,70,231,0,302,42,110,245,1,398,154,1,155,553
08/10/2018,FAI,AK,AAL,WE,Combined TRACON& Tower with Radar,36,37,12,2,87,1,66,169,4,240,37,103,181,6,327,100,0,100,427
08/11/2018,FAI,AK,AAL,WE,Combined TRACON& Tower with Radar,34,23,12,3,72,0,44,191,2,237,34,67,203,5,309,232,0,232,541
08/12/2018,FAI,AK,AAL,WE,Combined TRACON& Tower with Radar,29,19,10,1,59,0,40,156,5,201,29,59,166,6,260,172,0,172,432
08/13/2018,FAI,AK,AAL,WE,Combined TRACON& Tower with Radar,36,33,24,2,95,0,57,92,5,154,36,90,116,7,249,103,0,103,352
08/14/2018,FAI,AK,AAL,WE,Combined TRACON& Tower with Radar,41,66,57,3,167,0,26,66,0,92,41,92,123,3,259,52,0,52,311
08/15/2018,FAI,AK,AAL,WE,Combined TRACON& Tower with Radar,41,81,47,0,169,0,22,64,0,86,41,103,111,0,255,48,0,48,303
08/16/2018,FAI,AK,AAL,WE,Combined TRACON& Tower with Radar,44,47,26,6,123,0,65,112,7,184,44,112,138,13,307,48,2,50,357
08/17/2018,FAI,AK,AAL,WE,Combined TRACON& Tower with Radar,39,40,23,2,104,0,57,118,6,181,39,97,141,8,285,34,0,34,319
08/18/2018,FAI,AK,AAL,WE,Combined TRACON& Tower with Radar,31,19,23,0,73,0,66,194,1,261,31,85,217,1,334,210,0,210,544
08/19/2018,FAI,AK,AAL,WE,Combined TRACON& Tower with Radar,32,18,6,1,57,0,63,148,2,213,32,81,154,3,270,78,0,78,348
08/20/2018,FAI,AK,AAL,WE,Combined TRACON& Tower with Radar,37,29,13,8,87,0,63,173,1,237,37,92,186,9,324,142,6,148,472
08/21/2018,FAI,AK,AAL,WE,Combined TRACON& Tower with Radar,35,56,26,1,118,0,37,70,0,107,35,93,96,1,225,48,0,48,273
08/22/2018,FAI,AK,AAL,WE,Combined TRACON& Tower with Radar,37,36,21,4,98,0,56,127,1,184,37,92,148,5,282,138,4,142,424
08/23/2018,FAI,AK,AAL,WE,Combined TRACON& Tower with Radar,42,42,33,5,122,1,36,92,3,132,43,78,125,8,254,56,0,56,310
08/24/2018,FAI,AK,AAL,WE,Combined TRACON& Tower with Radar,35,74,65,0,174,0,18,45,5,68,35,92,110,5,242,32,0,32,274
08/25/2018,FAI,AK,AAL,WE,Combined TRACON& Tower with Radar,30,31,26,1,88,0,47,169,1,217,30,78,195,2,305,142,0,142,447
08/26/2018,FAI,AK,AAL,WE,Combined TRACON& Tower with Radar,31,20,15,0,66,0,32,110,2,144,31,52,125,2,210,150,0,150,360
08/27/2018,FAI,AK,AAL,WE,Combined TRACON& Tower with Radar,37,48,25,9,119,0,40,53,0,93,37,88,78,9,212,70,18,88,300
08/28/2018,FAI,AK,AAL,WE,Combined TRACON& Tower with Radar,35,77,34,2,148,0,21,32,0,53,35,98,66,2,201,16,2,18,219
08/29/2018,FAI,AK,AAL,WE,Combined TRACON& Tower with Radar,34,52,23,6,115,0,57,195,2,254,34,109,218,8,369,133,2,135,504
08/30/2018,FAI,AK,AAL,WE,Combined TRACON& Tower with Radar,41,86,32,0,159,0,15,22,0,37,41,101,54,0,196,4,0,4,200
08/31/2018,FAI,AK,AAL,WE,Combined TRACON& Tower with Radar,37,54,26,1,118,0,83,243,6,332,37,137,269,7,450,79,8,87,537
09/01/2018,FAI,AK,AAL,WE,Combined TRACON& Tower with Radar,29,32,21,2,84,0,23,82,2,107,29,55,103,4,191,66,0,66,257
09/02/2018,FAI,AK,AAL,WE,Combined TRACON& Tower with Radar,28,41,28,0,97,0,9,66,1,76,28,50,94,1,173,48,0,48,221
09/03/2018,FAI,AK,AAL,WE,Combined TRACON& Tower with Radar,27,36,20,2,85,0,34,178,1,213,27,70,198,3,298,78,0,78,376
09/04/2018,FAI,AK,AAL,WE,Combined TRACON& Tower with Radar,31,73,49,7,160,0,21,83,0,104,31,94,132,7,264,18,2,20,284
09/05/2018,FAI,AK,AAL,WE,Combined TRACON& Tower with Radar,33,66,36,8,143,0,18,142,0,160,33,84,178,8,303,126,0,126,429
09/06/2018,FAI,AK,AAL,WE,Combined TRACON& Tower with Radar,34,77,43,7,161,0,21,97,0,118,34,98,140,7,279,110,0,110,389
09/07/2018,FAI,AK,AAL,WE,Combined TRACON& Tower with Radar,29,24,20,5,78,0,79,216,2,297,29,103,236,7,375,84,0,84,459
09/08/2018,FAI,AK,AAL,WE,Combined TRACON& Tower with Radar,22,18,24,5,69,36,52,203,0,291,58,70,227,5,360,162,0,162,522
09/09/2018,FAI,AK,AAL,WE,Combined TRACON& Tower with Radar,23,14,23,2,62,0,45,210,0,255,23,59,233,2,317,130,2,132,449
09/10/2018,FAI,AK,AAL,WE,Combined TRACON& Tower with Radar,30,19,17,2,68,0,69,276,2,347,30,88,293,4,415,69,0,69,484
09/11/2018,FAI,AK,AAL,WE,Combined TRACON& Tower with Radar,28,39,28,5,100,0,64,217,3,284,28,103,245,8,384,156,2,158,542
09/12/2018,FAI,AK,AAL,WE,Combined TRACON& Tower with Radar,28,51,33,8,120,0,57,116,0,173,28,108,149,8,293,150,2,152,445
09/13/2018,FAI,AK,AAL,WE,Combined TRACON& Tower with Radar,37,34,19,8,98,0,68,204,2,274,37,102,223,10,372,143,0,143,515
09/14/2018,FAI,AK,AAL,WE,Combined TRACON& Tower with Radar,34,24,20,5,83,0,63,211,4,278,34,87,231,9,361,120,1,121,482
09/15/2018,FAI,AK,AAL,WE,Combined TRACON& Tower with Radar,25,22,15,2,64,0,65,159,0,224,25,87,174,2,288,90,0,90,378
09/16/2018,FAI,AK,AAL,WE,Combined TRACON& Tower with Radar,22,29,16,0,67,0,36,138,4,178,22,65,154,4,245,16,26,42,287
09/17/2018,FAI,AK,AAL,WE,Combined TRACON& Tower with Radar,31,29,27,4,91,0,74,179,3,256,31,103,206,7,347,122,0,122,469
09/18/2018,FAI,AK,AAL,WE,Combined TRACON& Tower with Radar,25,45,36,7,113,0,32,77,0,109,25,77,113,7,222,144,0,144,366
09/19/2018,FAI,AK,AAL,WE,Combined TRACON& Tower with Radar,28,65,44,2,139,0,21,79,0,100,28,86,123,2,239,46,0,46,285
09/20/2018,FAI,AK,AAL,WE,Combined TRACON& Tower with Radar,33,55,38,3,129,0,17,55,0,72,33,72,93,3,201,35,0,35,236
09/21/2018,FAI,AK,AAL,WE,Combined TRACON& Tower with Radar,30,64,31,5,130,0,16,79,2,97,30,80,110,7,227,8,0,8,235
09/22/2018,FAI,AK,AAL,WE,Combined TRACON& Tower with Radar,23,38,41,1,103,0,16,61,2,79,23,54,102,3,182,42,0,42,224
09/23/2018,FAI,AK,AAL,WE,Combined TRACON& Tower with Radar,21,45,20,0,86,0,23,68,2,93,21,68,88,2,179,6,0,6,185
09/24/2018,FAI,AK,AAL,WE,Combined TRACON& Tower with Radar,32,40,30,1,103,0,51,160,0,211,32,91,190,1,314,51,0,51,365
09/25/2018,FAI,AK,AAL,WE,Combined TRACON& Tower with Radar,26,43,19,4,92,0,39,131,0,170,26,82,150,4,262,77,0,77,339
09/26/2018,FAI,AK,AAL,WE,Combined TRACON& Tower with Radar,31,53,29,4,117,0,54,172,11,237,31,107,201,15,354,81,1,82,436
09/27/2018,FAI,AK,AAL,WE,Combined TRACON& Tower with Radar,31,32,12,4,79,0,67,152,8,227,31,99,164,12,306,162,2,164,470
09/28/2018,FAI,AK,AAL,WE,Combined TRACON& Tower with Radar,27,34,12,2,75,0,55,162,3,220,27,89,174,5,295,141,1,142,437
09/29/2018,FAI,AK,AAL,WE,Combined TRACON& Tower with Radar,25,15,9,0,49,0,39,107,0,146,25,54,116,0,195,80,0,80,275
09/30/2018,FAI,AK,AAL,WE,Combined TRACON& Tower with Radar,25,9,17,3,54,0,52,147,2,201,25,61,164,5,255,192,0,192,447
10/01/2018,FAI,AK,AAL,WE,Combined TRACON& Tower with Radar,25,20,10,11,66,0,57,80,1,138,25,77,90,12,204,29,13,42,246
10/02/2018,FAI,AK,AAL,WE,Combined TRACON& Tower with Radar,30,26,10,4,70,0,67,152,0,219,30,93,162,4,289,138,0,138,427
10/03/2018,FAI,AK,AAL,WE,Combined TRACON& Tower with Radar,27,27,12,11,77,0,61,151,10,222,27,88,163,21,299,135,8,143,442
10/04/2018,FAI,AK,AAL,WE,Combined TRACON& Tower with Radar,32,28,10,1,71,0,61,89,10,160,32,89,99,11,231,28,34,62,293
10/05/2018,FAI,AK,AAL,WE,Combined TRACON& Tower with Radar,31,22,14,1,68,1,69,137,5,212,32,91,151,6,280,69,6,75,355
10/06/2018,FAI,AK,AAL,WE,Combined TRACON& Tower with Radar,23,11,9,1,44,0,43,135,3,181,23,54,144,4,225,184,0,184,409
10/07/2018,FAI,AK,AAL,WE,Combined TRACON& Tower with Radar,24,12,13,3,52,0,34,122,4,160,24,46,135,7,212,197,0,197,409
10/08/2018,FAI,AK,AAL,WE,Combined TRACON& Tower with Radar,25,15,9,1,50,0,63,89,2,154,25,78,98,3,204,152,0,152,356
10/09/2018,FAI,AK,AAL,WE,Combined TRACON& Tower with Radar,31,25,12,5,73,0,58,82,5,145,31,83,94,10,218,40,6,46,264
10/10/2018,FAI,AK,AAL,WE,Combined TRACON& Tower with Radar,26,37,9,0,72,0,53,77,0,130,26,90,86,0,202,142,0,142,344
10/11/2018,FAI,AK,AAL,WE,Combined TRACON& Tower with Radar,35,64,16,3,118,0,5,17,0,22,35,69,33,3,140,20,0,20,160
10/12/2018,FAI,AK,AAL,WE,Combined TRACON& Tower with Radar,27,30,13,1,71,0,68,91,0,159,27,98,104,1,230,158,1,159,389
10/13/2018,FAI,AK,AAL,WE,Combined TRACON& Tower with Radar,21,30,16,1,68,1,36,32,2,71,22,66,48,3,139,106,0,106,245
10/14/2018,FAI,AK,AAL,WE,Combined TRACON& Tower with Radar,23,21,3,6,53,0,47,116,0,163,23,68,119,6,216,98,0,98,314
10/15/2018,FAI,AK,AAL,WE,Combined TRACON& Tower with Radar,30,14,9,14,67,0,66,53,7,126,30,80,62,21,193,147,8,155,348
10/16/2018,FAI,AK,AAL,WE,Combined TRACON& Tower with Radar,21,39,8,9,77,0,26,30,7,63,21,65,38,16,140,63,32,95,235
10/17/2018,FAI,AK,AAL,WE,Combined TRACON& Tower with Radar,27,49,5,0,81,0,48,57,1,106,27,97,62,1,187,177,0,177,364
10/18/2018,FAI,AK,AAL,WE,Combined TRACON& Tower with Radar,31,23,7,14,75,0,58,93,2,153,31,81,100,16,228,268,18,286,514
10/19/2018,FAI,AK,AAL,WE,Combined TRACON& Tower with Radar,26,35,8,4,73,0,45,43,2,90,26,80,51,6,163,26,0,26,189
10/20/2018,FAI,AK,AAL,WE,Combined TRACON& Tower with Radar,22,38,3,0,63,0,2,9,0,11,22,40,12,0,74,4,0,4,78
10/21/2018,FAI,AK,AAL,WE,Combined TRACON& Tower with Radar,25,11,13,3,52,0,38,70,4,112,25,49,83,7,164,85,0,85,249
10/22/2018,FAI,AK,AAL,WE,Combined TRACON& Tower with Radar,25,30,10,6,71,0,56,80,2,138,25,86,90,8,209,96,0,96,305
10/23/2018,FAI,AK,AAL,WE,Combined TRACON& Tower with Radar,28,22,9,3,62,0,47,38,7,92,28,69,47,10,154,113,16,129,283
10/24/2018,FAI,AK,AAL,WE,Combined TRACON& Tower with Radar,28,46,7,7,88,0,57,67,12,136,28,103,74,19,224,90,8,98,322
10/25/2018,FAI,AK,AAL,WE,Combined TRACON& Tower with Radar,30,30,9,14,83,0,59,52,8,119,30,89,61,22,202,154,0,154,356
10/26/2018,FAI,AK,AAL,WE,Combined TRACON& Tower with Radar,28,39,16,0,83,0,44,58,1,103,28,83,74,1,186,155,1,156,342
10/27/2018,FAI,AK,AAL,WE,Combined TRACON& Tower with Radar,22,40,2,0,64,0,0,0,0,0,22,40,2,0,64,0,0,0,64
10/28/2018,FAI,AK,AAL,WE,Combined TRACON& Tower with Radar,24,38,13,0,75,0,2,1,0,3,24,40,14,0,78,0,0,0,78
10/29/2018,FAI,AK,AAL,WE,Combined TRACON& Tower with Radar,27,44,12,1,84,0,32,40,0,72,27,76,52,1,156,19,0,19,175
10/30/2018,FAI,AK,AAL,WE,Combined TRACON& Tower with Radar,25,38,13,1,77,0,61,55,7,123,25,99,68,8,200,112,2,114,314
10/31/2018,FAI,AK,AAL,WE,Combined TRACON& Tower with Radar,33,51,12,1,97,0,39,48,3,90,33,90,60,4,187,82,0,82,269
11/01/2018,FAI,AK,AAL,WE,Combined TRACON& Tower with Radar,31,30,17,4,82,0,44,54,0,98,31,74,71,4,180,125,1,126,306
11/02/2018,FAI,AK,AAL,WE,Combined TRACON& Tower with Radar,31,29,21,1,82,0,62,60,2,124,31,91,81,3,206,128,0,128,334
11/03/2018,FAI,AK,AAL,WE,Combined TRACON& Tower with Radar,23,12,6,0,41,0,35,77,5,117,23,47,83,5,158,114,0,114,272
11/04/2018,FAI,AK,AAL,WE,Combined TRACON& Tower with Radar,21,6,8,1,36,0,37,57,6,100,21,43,65,7,136,127,0,127,263
11/05/2018,FAI,AK,AAL,WE,Combined TRACON& Tower with Radar,26,15,10,2,53,0,66,55,7,128,26,81,65,9,181,62,0,62,243
11/06/2018,FAI,AK,AAL,WE,Combined TRACON& Tower with Radar,25,16,5,4,50,0,51,55,2,108,25,67,60,6,158,84,2,86,244
11/07/2018,FAI,AK,AAL,WE,Combined TRACON& Tower with Radar,27,33,10,2,72,0,48,34,0,82,27,81,44,2,154,31,0,31,185
11/08/2018,FAI,AK,AAL,WE,Combined TRACON& Tower with Radar,30,34,8,0,72,0,37,16,6,59,30,71,24,6,131,54,0,54,185
11/09/2018,FAI,AK,AAL,WE,Combined TRACON& Tower with Radar,27,46,17,0,90,1,27,35,2,65,28,73,52,2,155,46,0,46,201
11/10/2018,FAI,AK,AAL,WE,Combined TRACON& Tower with Radar,21,32,8,0,61,0,12,49,0,61,21,44,57,0,122,56,0,56,178
11/11/2018,FAI,AK,AAL,WE,Combined TRACON& Tower with Radar,20,24,8,4,56,0,28,33,0,61,20,52,41,4,117,76,0,76,193
11/12/2018,FAI,AK,AAL,WE,Combined TRACON& Tower with Radar,25,36,9,0,70,0,22,11,2,35,25,58,20,2,105,34,0,34,139
11/13/2018,FAI,AK,AAL,WE,Combined TRACON& Tower with Radar,27,49,18,0,94,0,4,4,0,8,27,53,22,0,102,0,0,0,102
11/14/2018,FAI,AK,AAL,WE,Combined TRACON& Tower with Radar,28,51,21,1,101,0,27,11,0,38,28,78,32,1,139,0,0,0,139
11/15/2018,FAI,AK,AAL,WE,Combined TRACON& Tower with Radar,32,28,7,2,69,0,53,91,15,159,32,81,98,17,228,30,0,30,258
11/16/2018,FAI,AK,AAL,WE,Combined TRACON& Tower with Radar,27,33,12,1,73,1,58,36,6,101,28,91,48,7,174,14,0,14,188
11/17/2018,FAI,AK,AAL,WE,Combined TRACON& Tower with Radar,22,14,9,1,46,0,35,40,5,80,22,49,49,6,126,80,1,81,207
11/18/2018,FAI,AK,AAL,WE,Combined TRACON& Tower with Radar,22,9,8,0,39,0,25,43,3,71,22,34,51,3,110,50,0,50,160
11/19/2018,FAI,AK,AAL,WE,Combined TRACON& Tower with Radar,28,36,6,0,70,0,29,17,2,48,28,65,23,2,118,14,0,14,132
11/20/2018,FAI,AK,AAL,WE,Combined TRACON& Tower with Radar,28,69,27,0,124,0,2,0,0,2,28,71,27,0,126,0,0,0,126
11/21/2018,FAI,AK,AAL,WE,Combined TRACON& Tower with Radar,32,87,18,0,137,0,1,4,0,5,32,88,22,0,142,2,1,3,145
11/22/2018,FAI,AK,AAL,WE,Combined TRACON& Tower with Radar,25,18,3,0,46,0,5,3,0,8,25,23,6,0,54,0,0,0,54
11/23/2018,FAI,AK,AAL,WE,Combined TRACON& Tower with Radar,23,54,15,7,99,0,18,29,0,47,23,72,44,7,146,12,0,12,158
11/24/2018,FAI,AK,AAL,WE,Combined TRACON& Tower with Radar,22,16,5,0,43,0,26,37,0,63,22,42,42,0,106,63,0,63,169
11/25/2018,FAI,AK,AAL,WE,Combined TRACON& Tower with Radar,22,18,10,4,54,0,27,51,8,86,22,45,61,12,140,59,0,59,199
11/26/2018,FAI,AK,AAL,WE,Combined TRACON& Tower with Radar,28,27,9,1,65,0,53,58,6,117,28,80,67,7,182,62,7,69,251
11/27/2018,FAI,AK,AAL,WE,Combined TRACON& Tower with Radar,27,29,4,13,73,0,47,60,4,111,27,76,64,17,184,48,15,63,247
11/28/2018,FAI,AK,AAL,WE,Combined TRACON& Tower with Radar,29,69,20,0,118,0,15,8,0,23,29,84,28,0,141,4,1,5,146
11/29/2018,FAI,AK,AAL,WE,Combined TRACON& Tower with Radar,29,74,14,6,123,0,2,4,0,6,29,76,18,6,129,4,0,4,133
11/30/2018,FAI,AK,AAL,WE,Combined TRACON& Tower with Radar,23,44,17,6,90,0,36,21,1,58,23,80,38,7,148,10,0,10,158
12/01/2018,FAI,AK,AAL,WE,Combined TRACON& Tower with Radar,23,16,9,2,50,0,21,39,2,62,23,37,48,4,112,42,0,42,154
12/02/2018,FAI,AK,AAL,WE,Combined TRACON& Tower with Radar,19,10,14,3,46,0,40,40,5,85,19,50,54,8,131,59,0,59,190
12/03/2018,FAI,AK,AAL,WE,Combined TRACON& Tower with Radar,29,59,14,1,103,0,10,4,0,14,29,69,18,1,117,0,0,0,117
12/04/2018,FAI,AK,AAL,WE,Combined TRACON& Tower with Radar,30,23,8,6,67,0,47,45,4,96,30,70,53,10,163,62,0,62,225
12/05/2018,FAI,AK,AAL,WE,Combined TRACON& Tower with Radar,29,45,20,0,94,0,35,35,2,72,29,80,55,2,166,38,0,38,204
12/06/2018,FAI,AK,AAL,WE,Combined TRACON& Tower with Radar,32,45,16,8,101,0,48,26,0,74,32,93,42,8,175,23,1,24,199
12/07/2018,FAI,AK,AAL,WE,Combined TRACON& Tower with Radar,29,39,11,4,83,0,28,23,8,59,29,67,34,12,142,34,0,34,176
12/08/2018,FAI,AK,AAL,WE,Combined TRACON& Tower with Radar,22,37,4,1,64,2,7,11,1,21,24,44,15,2,85,79,0,79,164
12/09/2018,FAI,AK,AAL,WE,Combined TRACON& Tower with Radar,20,27,8,0,55,0,12,6,0,18,20,39,14,0,73,5,0,5,78
12/10/2018,FAI,AK,AAL,WE,Combined TRACON& Tower with Radar,26,23,13,7,69,0,48,56,4,108,26,71,69,11,177,126,6,132,309
12/11/2018,FAI,AK,AAL,WE,Combined TRACON& Tower with Radar,26,41,14,0,81,0,39,34,1,74,26,80,48,1,155,26,0,26,181
12/12/2018,FAI,AK,AAL,WE,Combined TRACON& Tower with Radar,28,46,16,5,95,0,37,32,1,70,28,83,48,6,165,34,2,36,201
12/13/2018,FAI,AK,AAL,WE,Combined TRACON& Tower with Radar,29,53,19,6,107,0,7,6,9,22,29,60,25,15,129,27,9,36,165
12/14/2018,FAI,AK,AAL,WE,Combined TRACON& Tower with Radar,26,41,8,5,80,0,60,57,0,117,26,101,65,5,197,58,0,58,255
12/15/2018,FAI,AK,AAL,WE,Combined TRACON& Tower with Radar,25,25,7,0,57,0,25,38,0,63,25,50,45,0,120,42,0,42,162
12/16/2018,FAI,AK,AAL,WE,Combined TRACON& Tower with Radar,21,22,7,0,50,0,17,11,0,28,21,39,18,0,78,0,0,0,78
12/17/2018,FAI,AK,AAL,WE,Combined TRACON& Tower with Radar,30,38,6,1,75,0,26,17,0,43,30,64,23,1,118,40,0,40,158
12/18/2018,FAI,AK,AAL,WE,Combined TRACON& Tower with Radar,30,63,13,0,106,0,5,6,2,13,30,68,19,2,119,50,0,50,169
12/19/2018,FAI,AK,AAL,WE,Combined TRACON& Tower with Radar,25,54,19,0,98,0,18,7,2,27,25,72,26,2,125,4,0,4,129
12/20/2018,FAI,AK,AAL,WE,Combined TRACON& Tower with Radar,30,35,10,15,90,0,36,13,7,56,30,71,23,22,146,0,0,0,146
12/21/2018,FAI,AK,AAL,WE,Combined TRACON& Tower with Radar,28,29,9,2,68,0,50,28,0,78,28,79,37,2,146,0,0,0,146
12/22/2018,FAI,AK,AAL,WE,Combined TRACON& Tower with Radar,24,17,7,0,48,0,34,25,0,59,24,51,32,0,107,0,0,0,107
12/23/2018,FAI,AK,AAL,WE,Combined TRACON& Tower with Radar,22,18,5,0,45,0,34,23,0,57,22,52,28,0,102,0,0,0,102
12/24/2018,FAI,AK,AAL,WE,Combined TRACON& Tower with Radar,26,14,6,0,46,0,53,33,0,86,26,67,39,0,132,0,0,0,132
12/25/2018,FAI,AK,AAL,WE,Combined TRACON& Tower with Radar,21,12,7,0,40,0,0,2,0,2,21,12,9,0,42,0,0,0,42
12/26/2018,FAI,AK,AAL,WE,Combined TRACON& Tower with Radar,28,37,2,0,67,0,43,33,0,76,28,80,35,0,143,0,0,0,143
12/27/2018,FAI,AK,AAL,WE,Combined TRACON& Tower with Radar,31,30,11,3,75,0,39,35,0,74,31,69,46,3,149,0,0,0,149
12/28/2018,FAI,AK,AAL,WE,Combined TRACON& Tower with Radar,30,29,9,0,68,0,43,29,4,76,30,72,38,4,144,0,0,0,144
12/29/2018,FAI,AK,AAL,WE,Combined TRACON& Tower with Radar,22,37,9,0,68,0,4,7,0,11,22,41,16,0,79,0,0,0,79
12/30/2018,FAI,AK,AAL,WE,Combined TRACON& Tower with Radar,23,22,6,0,51,0,11,21,0,32,23,33,27,0,83,0,0,0,83
12/31/2018,FAI,AK,AAL,WE,Combined TRACON& Tower with Radar,27,30,6,0,63,0,32,24,0,56,27,62,30,0,119,0,0,0,119
01/01/2019,FAI,AK,AAL,WE,Combined TRACON& Tower with Radar,27,9,9,0,45,0,2,22,0,24,27,11,31,0,69,49,0,49,118
01/02/2019,FAI,AK,AAL,WE,Combined TRACON& Tower with Radar,25,73,12,0,110,0,5,1,0,6,25,78,13,0,116,0,0,0,116
01/03/2019,FAI,AK,AAL,WE,Combined TRACON& Tower with Radar,30,36,9,3,78,0,36,22,1,59,30,72,31,4,137,0,0,0,137
01/04/2019,FAI,AK,AAL,WE,Combined TRACON& Tower with Radar,29,25,7,1,62,0,45,19,2,66,29,70,26,3,128,18,4,22,150
01/05/2019,FAI,AK,AAL,WE,Combined TRACON& Tower with Radar,23,22,4,0,49,0,24,16,0,40,23,46,20,0,89,0,0,0,89
01/06/2019,FAI,AK,AAL,WE,Combined TRACON& Tower with Radar,22,19,5,0,46,2,21,4,0,27,24,40,9,0,73,2,0,2,75
01/07/2019,FAI,AK,AAL,WE,Combined TRACON& Tower with Radar,25,26,4,2,57,0,49,10,14,73,25,75,14,16,130,0,14,14,144
01/08/2019,FAI,AK,AAL,WE,Combined TRACON& Tower with Radar,27,41,10,5,83,0,33,12,0,45,27,74,22,5,128,0,0,0,128
01/09/2019,FAI,AK,AAL,WE,Combined TRACON& Tower with Radar,28,63,22,2,115,0,21,4,0,25,28,84,26,2,140,2,0,2,142
01/10/2019,FAI,AK,AAL,WE,Combined TRACON& Tower with Radar,30,51,8,4,93,0,23,6,0,29,30,74,14,4,122,0,0,0,122
01/11/2019,FAI,AK,AAL,WE,Combined TRACON& Tower with Radar,26,52,10,6,94,0,24,12,2,38,26,76,22,8,132,23,0,23,155
01/12/2019,FAI,AK,AAL,WE,Combined TRACON& Tower with Radar,21,18,5,0,44,0,13,0,0,13,21,31,5,0,57,24,0,24,81
01/13/2019,FAI,AK,AAL,WE,Combined TRACON& Tower with Radar,22,12,1,0,35,0,34,43,2,79,22,46,44,2,114,76,0,76,190
01/14/2019,FAI,AK,AAL,WE,Combined TRACON& Tower with Radar,32,17,4,2,55,0,53,40,1,94,32,70,44,3,149,62,1,63,212
01/15/2019,FAI,AK,AAL,WE,Combined TRACON& Tower with Radar,28,16,7,12,63,0,46,54,2,102,28,62,61,14,165,44,10,54,219
01/16/2019,FAI,AK,AAL,WE,Combined TRACON& Tower with Radar,30,35,15,4,84,1,51,45,3,100,31,86,60,7,184,26,1,27,211
01/17/2019,FAI,AK,AAL,WE,Combined TRACON& Tower with Radar,35,25,11,4,75,0,40,53,2,95,35,65,64,6,170,58,4,62,232
01/18/2019,FAI,AK,AAL,WE,Combined TRACON& Tower with Radar,33,58,29,0,120,0,16,22,1,39,33,74,51,1,159,18,0,18,177
01/19/2019,FAI,AK,AAL,WE,Combined TRACON& Tower with Radar,31,24,8,0,63,0,5,15,0,20,31,29,23,0,83,8,0,8,91
01/20/2019,FAI,AK,AAL,WE,Combined TRACON& Tower with Radar,24,22,6,0,52,0,12,24,1,37,24,34,30,1,89,21,0,21,110
01/21/2019,FAI,AK,AAL,WE,Combined TRACON& Tower with Radar,28,23,6,0,57,0,40,30,1,71,28,63,36,1,128,10,1,11,139
01/22/2019,FAI,AK,AAL,WE,Combined TRACON& Tower with Radar,31,23,3,5,62,0,52,47,2,101,31,75,50,7,163,12,3,15,178
01/23/2019,FAI,AK,AAL,WE,Combined TRACON& Tower with Radar,30,29,5,6,70,0,44,36,2,82,30,73,41,8,152,106,0,106,258
01/24/2019,FAI,AK,AAL,WE,Combined TRACON& Tower with Radar,34,30,10,4,78,0,48,70,6,124,34,78,80,10,202,42,0,42,244
01/25/2019,FAI,AK,AAL,WE,Combined TRACON& Tower with Radar,30,35,13,3,81,0,34,28,3,65,30,69,41,6,146,68,0,68,214
01/26/2019,FAI,AK,AAL,WE,Combined TRACON& Tower with Radar,21,20,13,0,54,0,22,72,1,95,21,42,85,1,149,72,0,72,221
01/27/2019,FAI,AK,AAL,WE,Combined TRACON& Tower with Radar,22,15,8,0,45,0,23,63,1,87,22,38,71,1,132,83,3,86,218
01/28/2019,FAI,AK,AAL,WE,Combined TRACON& Tower with Radar,30,37,9,0,76,0,34,27,0,61,30,71,36,0,137,22,0,22,159
01/29/2019,FAI,AK,AAL,WE,Combined TRACON& Tower with Radar,31,50,18,4,103,0,8,14,0,22,31,58,32,4,125,2,0,2,127
01/30/2019,FAI,AK,AAL,WE,Combined TRACON& Tower with Radar,29,26,6,2,63,0,65,58,2,125,29,91,64,4,188,53,1,54,242
01/31/2019,FAI,AK,AAL,WE,Combined TRACON& Tower with Radar,33,18,6,5,62,0,51,76,1,128,33,69,82,6,190,46,0,46,236
02/01/2019,FAI,AK,AAL,WE,Combined TRACON& Tower with Radar,32,26,9,1,68,0,44,48,6,98,32,70,57,7,166,29,1,30,196
02/02/2019,FAI,AK,AAL,WE,Combined TRACON& Tower with Radar,30,15,4,0,49,0,31,30,2,63,30,46,34,2,112,51,0,51,163
02/03/2019,FAI,AK,AAL,WE,Combined TRACON& Tower with Radar,25,26,12,0,63,0,22,16,0,38,25,48,28,0,101,90,0,90,191
02/04/2019,FAI,AK,AAL,WE,Combined TRACON& Tower with Radar,24,69,22,2,117,0,0,2,0,2,24,69,24,2,119,0,0,0,119
02/05/2019,FAI,AK,AAL,WE,Combined TRACON& Tower with Radar,27,54,12,6,99,0,21,30,4,55,27,75,42,10,154,62,2,64,218
02/06/2019,FAI,AK,AAL,WE,Combined TRACON& Tower with Radar,28,38,10,6,82,0,50,53,5,108,28,88,63,11,190,47,1,48,238
02/07/2019,FAI,AK,AAL,WE,Combined TRACON& Tower with Radar,32,27,14,0,73,0,33,36,5,74,32,60,50,5,147,52,0,52,199
02/08/2019,FAI,AK,AAL,WE,Combined TRACON& Tower with Radar,27,42,9,4,82,0,46,50,0,96,27,88,59,4,178,9,78,87,265
02/09/2019,FAI,AK,AAL,WE,Combined TRACON& Tower with Radar,18,21,11,1,51,1,28,66,1,96,19,49,77,2,147,88,0,88,235
02/10/2019,FAI,AK,AAL,WE,Combined TRACON& Tower with Radar,22,15,7,0,44,0,33,53,1,87,22,48,60,1,131,96,0,96,227
02/11/2019,FAI,AK,AAL,WE,Combined TRACON& Tower with Radar,26,36,14,0,76,0,30,41,2,73,26,66,55,2,149,58,0,58,207
02/12/2019,FAI,AK,AAL,WE,Combined TRACON& Tower with Radar,27,52,9,2,90,0,14,3,0,17,27,66,12,2,107,11,0,11,118
02/13/2019,FAI,AK,AAL,WE,Combined TRACON& Tower with Radar,29,59,15,2,105,0,23,12,0,35,29,82,27,2,140,34,0,34,174
02/14/2019,FAI,AK,AAL,WE,Combined TRACON& Tower with Radar,35,33,9,0,77,0,48,76,1,125,35,81,85,1,202,48,0,48,250
02/15/2019,FAI,AK,AAL,WE,Combined TRACON& Tower with Radar,27,16,8,2,53,0,47,47,2,96,27,63,55,4,149,34,0,34,183
02/16/2019,FAI,AK,AAL,WE,Combined TRACON& Tower with Radar,23,22,10,5,60,0,19,16,1,36,23,41,26,6,96,44,0,44,140
02/17/2019,FAI,AK,AAL,WE,Combined TRACON& Tower with Radar,22,21,1,1,45,0,31,23,0,54,22,52,24,1,99,96,0,96,195
02/18/2019,FAI,AK,AAL,WE,Combined TRACON& Tower with Radar,29,50,11,0,90,0,16,17,2,35,29,66,28,2,125,42,0,42,167
02/19/2019,FAI,AK,AAL,WE,Combined TRACON& Tower with Radar,27,42,19,0,88,0,20,15,0,35,27,62,34,0,123,62,1,63,186
02/20/2019,FAI,AK,AAL,WE,Combined TRACON& Tower with Radar,27,27,9,2,65,0,54,80,1,135,27,81,89,3,200,82,2,84,284
02/21/2019,FAI,AK,AAL,WE,Combined TRACON& Tower with Radar,31,31,14,2,78,0,56,78,0,134,31,87,92,2,212,98,0,98,310
02/22/2019,FAI,AK,AAL,WE,Combined TRACON& Tower with Radar,31,54,22,1,108,0,20,37,0,57,31,74,59,1,165,46,0,46,211
02/23/2019,FAI,AK,AAL,WE,Combined TRACON& Tower with Radar,23,23,9,1,56,0,28,89,0,117,23,51,98,1,173,62,0,62,235
02/24/2019,FAI,AK,AAL,WE,Combined TRACON& Tower with Radar,24,17,12,2,55,0,37,66,4,107,24,54,78,6,162,118,0,118,280
02/25/2019,FAI,AK,AAL,WE,Combined TRACON& Tower with Radar,28,20,8,1,57,0,61,49,7,117,28,81,57,8,174,67,0,67,241
02/26/2019,FAI,AK,AAL,WE,Combined TRACON& Tower with Radar,27,21,5,6,59,0,58,79,10,147,27,79,84,16,206,128,0,128,334
02/27/2019,FAI,AK,AAL,WE,Combined TRACON& Tower with Radar,28,24,9,2,63,0,60,91,13,164,28,84,100,15,227,100,0,100,327
02/28/2019,FAI,AK,AAL,WE,Combined TRACON& Tower with Radar,33,17,11,4,65,0,57,87,5,149,33,74,98,9,214,80,0,80,294
03/01/2019,FAI,AK,AAL,WE,Combined TRACON& Tower with Radar,28,26,10,4,68,0,55,90,3,148,28,81,100,7,216,49,0,49,265
03/02/2019,FAI,AK,AAL,WE,Combined TRACON& Tower with Radar,25,14,14,4,57,0,30,73,2,105,25,44,87,6,162,158,0,158,320
03/03/2019,FAI,AK,AAL,WE,Combined TRACON& Tower with Radar,34,40,20,3,97,0,15,30,0,45,34,55,50,3,142,63,1,64,206
03/04/2019,FAI,AK,AAL,WE,Combined TRACON& Tower with Radar,43,20,7,9,79,0,57,51,2,110,43,77,58,11,189,103,0,103,292
03/05/2019,FAI,AK,AAL,WE,Combined TRACON& Tower with Radar,36,31,5,11,83,0,42,49,4,95,36,73,54,15,178,162,2,164,342
03/06/2019,FAI,AK,AAL,WE,Combined TRACON& Tower with Radar,25,65,30,12,132,0,13,8,0,21,25,78,38,12,153,0,0,0,153
03/07/2019,FAI,AK,AAL,WE,Combined TRACON& Tower with Radar,33,30,10,4,77,0,42,61,0,103,33,72,71,4,180,118,0,118,298
03/08/2019,FAI,AK,AAL,WE,Combined TRACON& Tower with Radar,31,33,17,0,81,0,57,112,0,169,31,90,129,0,250,146,7,153,403
03/09/2019,FAI,AK,AAL,WE,Combined TRACON& Tower with Radar,23,11,13,3,50,0,32,114,1,147,23,43,127,4,197,120,0,120,317
03/10/2019,FAI,AK,AAL,WE,Combined TRACON& Tower with Radar,21,12,14,3,50,0,38,94,0,132,21,50,108,3,182,114,0,114,296
03/11/2019,FAI,AK,AAL,WE,Combined TRACON& Tower with Radar,26,24,7,4,61,0,61,56,0,117,26,85,63,4,178,68,0,68,246
03/12/2019,FAI,AK,AAL,WE,Combined TRACON& Tower with Radar,27,40,10,1,78,0,21,25,0,46,27,61,35,1,124,44,0,44,168
03/13/2019,FAI,AK,AAL,WE,Combined TRACON& Tower with Radar,28,21,12,6,67,0,64,70,1,135,28,85,82,7,202,66,8,74,276
03/14/2019,FAI,AK,AAL,WE,Combined TRACON& Tower with Radar,32,21,13,2,68,0,53,99,2,154,32,74,112,4,222,91,0,91,313
03/15/2019,FAI,AK,AAL,WE,Combined TRACON& Tower with Radar,28,29,11,6,74,0,51,132,0,183,28,80,143,6,257,163,0,163,420
03/16/2019,FAI,AK,AAL,WE,Combined TRACON& Tower with Radar,21,14,6,0,41,0,23,60,0,83,21,37,66,0,124,104,0,104,228
03/17/2019,FAI,AK,AAL,WE,Combined TRACON& Tower with Radar,20,9,8,0,37,0,43,73,1,117,20,52,81,1,154,48,1,49,203
03/18/2019,FAI,AK,AAL,WE,Combined TRACON& Tower with Radar,27,30,13,3,73,0,53,66,1,120,27,83,79,4,193,45,0,45,238
03/19/2019,FAI,AK,AAL,WE,Combined TRACON& Tower with Radar,28,65,13,2,108,0,20,32,1,53,28,85,45,3,161,38,0,38,199
03/20/2019,FAI,AK,AAL,WE,Combined TRACON& Tower with Radar,30,28,19,2,79,0,68,85,2,155,30,96,104,4,234,52,2,54,288
03/21/2019,FAI,AK,AAL,WE,Combined TRACON& Tower with Radar,31,26,9,3,69,0,63,96,1,160,31,89,105,4,229,90,0,90,319
03/22/2019,FAI,AK,AAL,WE,Combined TRACON& Tower with Radar,29,23,12,1,65,0,68,97,3,168,29,91,109,4,233,89,0,89,322
03/23/2019,FAI,AK,AAL,WE,Combined TRACON& Tower with Radar,21,10,13,0,44,0,29,121,2,152,21,39,134,2,196,117,0,117,313
03/24/2019,FAI,AK,AAL,WE,Combined TRACON& Tower with Radar,21,11,3,0,35,0,35,70,0,105,21,46,73,0,140,94,0,94,234
03/25/2019,FAI,AK,AAL,WE,Combined TRACON& Tower with Radar,28,49,12,2,91,0,16,6,2,24,28,65,18,4,115,20,0,20,135
03/26/2019,FAI,AK,AAL,WE,Combined TRACON& Tower with Radar,30,37,5,10,82,0,26,67,2,95,30,63,72,12,177,82,0,82,259
03/27/2019,FAI,AK,AAL,WE,Combined TRACON& Tower with Radar,32,48,18,0,98,0,51,70,2,123,32,99,88,2,221,125,0,125,346
03/28/2019,FAI,AK,AAL,WE,Combined TRACON& Tower with Radar,32,40,9,0,81,0,48,77,3,128,32,88,86,3,209,218,4,222,431
03/29/2019,FAI,AK,AAL,WE,Combined TRACON& Tower with Radar,29,41,16,3,89,0,32,72,0,104,29,73,88,3,193,85,0,85,278
03/30/2019,FAI,AK,AAL,WE,Combined TRACON& Tower with Radar,21,9,6,0,36,0,35,80,6,121,21,44,86,6,157,211,0,211,368
03/31/2019,FAI,AK,AAL,WE,Combined TRACON& Tower with Radar,21,7,8,0,36,0,32,86,5,123,21,39,94,5,159,141,0,141,300
04/01/2019,FAI,AK,AAL,WE,Combined TRACON& Tower with Radar,28,23,14,2,67,0,57,73,2,132,28,80,87,4,199,70,0,70,269
04/02/2019,FAI,AK,AAL,WE,Combined TRACON& Tower with Radar,28,25,9,10,72,0,48,60,7,115,28,73,69,17,187,123,2,125,312
04/03/2019,FAI,AK,AAL,WE,Combined TRACON& Tower with Radar,30,20,15,4,69,0,62,37,0,99,30,82,52,4,168,8,0,8,176
04/04/2019,FAI,AK,AAL,WE,Combined TRACON& Tower with Radar,32,22,15,4,73,0,64,49,8,121,32,86,64,12,194,24,10,34,228
04/05/2019,FAI,AK,AAL,WE,Combined TRACON& Tower with Radar,31,22,8,0,61,0,61,90,1,152,31,83,98,1,213,63,0,63,276
04/06/2019,FAI,AK,AAL,WE,Combined TRACON& Tower with Radar,19,13,12,2,46,0,29,76,1,106,19,42,88,3,152,230,1,231,383
04/07/2019,FAI,AK,AAL,WE,Combined TRACON& Tower with Radar,24,10,15,2,51,0,27,86,0,113,24,37,101,2,164,118,0,118,282
04/08/2019,FAI,AK,AAL,WE,Combined TRACON& Tower with Radar,28,24,4,0,56,0,58,84,0,142,28,82,88,0,198,76,0,76,274
04/09/2019,FAI,AK,AAL,WE,Combined TRACON& Tower with Radar,29,24,17,3,73,0,58,67,8,133,29,82,84,11,206,102,19,121,327
04/10/2019,FAI,AK,AAL,WE,Combined TRACON& Tower with Radar,27,32,17,0,76,0,66,82,1,149,27,98,99,1,225,88,0,88,313
04/11/2019,FAI,AK,AAL,WE,Combined TRACON& Tower with Radar,32,14,11,2,59,0,56,62,3,121,32,70,73,5,180,114,0,114,294
04/12/2019,FAI,AK,AAL,WE,Combined TRACON& Tower with Radar,29,26,9,0,64,1,62,82,0,145,30,88,91,0,209,177,0,177,386
04/13/2019,FAI,AK,AAL,WE,Combined TRACON& Tower with Radar,21,23,13,0,57,0,19,55,0,74,21,42,68,0,131,96,0,96,227
04/14/2019,FAI,AK,AAL,WE,Combined TRACON& Tower with Radar,21,7,9,2,39,0,33,79,6,118,21,40,88,8,157,140,0,140,297
04/15/2019,FAI,AK,AAL,WE,Combined TRACON& Tower with Radar,29,20,17,0,66,0,47,75,0,122,29,67,92,0,188,71,0,71,259
04/16/2019,FAI,AK,AAL,WE,Combined TRACON& Tower with Radar,28,42,7,7,84,0,47,62,16,125,28,89,69,23,209,152,1,153,362
04/17/2019,FAI,AK,AAL,WE,Combined TRACON& Tower with Radar,25,62,20,8,115,0,15,13,0,28,25,77,33,8,143,32,0,32,175
04/18/2019,FAI,AK,AAL,WE,Combined TRACON& Tower with Radar,33,72,20,12,137,0,4,5,0,9,33,76,25,12,146,0,0,0,146
04/19/2019,FAI,AK,AAL,WE,Combined TRACON& Tower with Radar,30,74,16,0,120,0,12,34,0,46,30,86,50,0,166,90,0,90,256
04/20/2019,FAI,AK,AAL,WE,Combined TRACON& Tower with Radar,22,15,5,1,43,0,34,91,0,125,22,49,96,1,168,93,0,93,261
04/21/2019,FAI,AK,AAL,WE,Combined TRACON& Tower with Radar,22,13,4,0,39,0,5,35,2,42,22,18,39,2,81,32,0,32,113
04/22/2019,FAI,AK,AAL,WE,Combined TRACON& Tower with Radar,27,13,14,0,54,0,60,98,2,160,27,73,112,2,214,138,2,140,354
04/23/2019,FAI,AK,AAL,WE,Combined TRACON& Tower with Radar,30,58,5,0,93,0,2,1,0,3,30,60,6,0,96,0,0,0,96
04/24/2019,FAI,AK,AAL,WE,Combined TRACON& Tower with Radar,27,35,17,0,79,0,41,58,0,99,27,76,75,0,178,176,0,176,354
04/25/2019,FAI,AK,AAL,WE,Combined TRACON& Tower with Radar,34,23,16,4,77,0,54,137,8,199,34,77,153,12,276,146,0,146,422
04/26/2019,FAI,AK,AAL,WE,Combined TRACON& Tower with Radar,30,25,18,1,74,0,57,142,1,200,30,82,160,2,274,194,0,194,468
04/27/2019,FAI,AK,AAL,WE,Combined TRACON& Tower with Radar,22,15,23,0,60,0,37,124,3,164,22,52,147,3,224,220,1,221,445
04/28/2019,FAI,AK,AAL,WE,Combined TRACON& Tower with Radar,22,12,13,0,47,0,29,92,0,121,22,41,105,0,168,164,0,164,332
04/29/2019,FAI,AK,AAL,WE,Combined TRACON& Tower with Radar,29,20,10,0,59,0,65,109,1,175,29,85,119,1,234,206,0,206,440
04/30/2019,FAI,AK,AAL,WE,Combined TRACON& Tower with Radar,31,19,10,6,66,0,54,96,8,158,31,73,106,14,224,224,0,224,448
05/01/2019,FAI,AK,AAL,WE,Combined TRACON& Tower with Radar,30,25,16,4,75,0,62,119,5,186,30,87,135,9,261,122,0,122,383
05/02/2019,FAI,AK,AAL,WE,Combined TRACON& Tower with Radar,36,25,16,3,80,0,66,132,4,202,36,91,148,7,282,71,0,71,353
05/03/2019,FAI,AK,AAL,WE,Combined TRACON& Tower with Radar,34,41,18,0,93,1,38,61,2,102,35,79,79,2,195,62,0,62,257
05/04/2019,FAI,AK,AAL,WE,Combined TRACON& Tower with Radar,23,17,8,0,48,0,30,57,1,88,23,47,65,1,136,103,2,105,241
05/05/2019,FAI,AK,AAL,WE,Combined TRACON& Tower with Radar,24,13,17,3,57,0,28,149,2,179,24,41,166,5,236,68,0,68,304
05/06/2019,FAI,AK,AAL,WE,Combined TRACON& Tower with Radar,31,25,8,0,64,0,39,76,2,117,31,64,84,2,181,154,7,161,342
05/07/2019,FAI,AK,AAL,WE,Combined TRACON& Tower with Radar,31,20,14,7,72,0,53,104,8,165,31,73,118,15,237,234,0,234,471
05/08/2019,FAI,AK,AAL,WE,Combined TRACON& Tower with Radar,31,37,27,4,99,0,36,54,3,93,31,73,81,7,192,139,2,141,333
05/09/2019,FAI,AK,AAL,WE,Combined TRACON& Tower with Radar,35,23,10,8,76,0,55,147,8,210,35,78,157,16,286,125,0,125,411
05/10/2019,FAI,AK,AAL,WE,Combined TRACON& Tower with Radar,30,23,11,1,65,0,51,63,2,116,30,74,74,3,181,63,0,63,244
05/11/2019,FAI,AK,AAL,WE,Combined TRACON& Tower with Radar,22,12,11,1,46,0,21,90,2,113,22,33,101,3,159,231,2,233,392
05/12/2019,FAI,AK,AAL,WE,Combined TRACON& Tower with Radar,26,13,6,0,45,0,40,112,1,153,26,53,118,1,198,135,0,135,333
05/13/2019,FAI,AK,AAL,WE,Combined TRACON& Tower with Radar,32,16,10,3,61,0,60,124,9,193,32,76,134,12,254,146,0,146,400
05/14/2019,FAI,AK,AAL,WE,Combined TRACON& Tower with Radar,33,28,16,5,82,0,45,164,12,221,33,73,180,17,303,183,0,183,486
05/15/2019,FAI,AK,AAL,WE,Combined TRACON& Tower with Radar,34,24,12,10,80,0,58,126,8,192,34,82,138,18,272,70,8,78,350
05/16/2019,FAI,AK,AAL,WE,Combined TRACON& Tower with Radar,36,28,6,2,72,0,52,135,0,187,36,80,141,2,259,162,0,162,421
05/17/2019,FAI,AK,AAL,WE,Combined TRACON& Tower with Radar,33,29,12,4,78,0,62,142,4,208,33,91,154,8,286,183,0,183,469
05/18/2019,FAI,AK,AAL,WE,Combined TRACON& Tower with Radar,24,9,10,1,44,0,58,154,1,213,24,67,164,2,257,56,0,56,313
05/19/2019,FAI,AK,AAL,WE,Combined TRACON& Tower with Radar,25,10,11,2,48,0,37,136,5,178,25,47,147,7,226,148,0,148,374
05/20/2019,FAI,AK,AAL,WE,Combined TRACON& Tower with Radar,30,21,12,2,65,0,69,148,9,226,30,90,160,11,291,169,0,169,460
05/21/2019,FAI,AK,AAL,WE,Combined TRACON& Tower with Radar,32,19,25,8,84,0,58,202,4,264,32,77,227,12,348,255,2,257,605
05/22/2019,FAI,AK,AAL,WE,Combined TRACON& Tower with Radar,34,30,11,2,77,0,64,141,0,205,34,94,152,2,282,188,0,188,470
05/23/2019,FAI,AK,AAL,WE,Combined TRACON& Tower with Radar,36,18,14,3,71,0,52,132,1,185,36,70,146,4,256,92,0,92,348
05/24/2019,FAI,AK,AAL,WE,Combined TRACON& Tower with Radar,35,42,23,3,103,0,36,156,22,214,35,78,179,25,317,133,0,133,450
05/25/2019,FAI,AK,AAL,WE,Combined TRACON& Tower with Radar,28,9,15,0,52,0,34,151,0,185,28,43,166,0,237,84,0,84,321
05/26/2019,FAI,AK,AAL,WE,Combined TRACON& Tower with Radar,28,16,12,0,56,0,30,121,0,151,28,46,133,0,207,64,0,64,271
05/27/2019,FAI,AK,AAL,WE,Combined TRACON& Tower with Radar,30,5,6,1,42,0,3,85,1,89,30,8,91,2,131,93,0,93,224
05/28/2019,FAI,AK,AAL,WE,Combined TRACON& Tower with Radar,41,26,16,3,86,0,59,102,3,164,41,85,118,6,250,204,0,204,454
05/29/2019,FAI,AK,AAL,WE,Combined TRACON& Tower with Radar,37,27,12,4,80,0,59,153,0,212,37,86,165,4,292,112,0,112,404
05/30/2019,FAI,AK,AAL,WE,Combined TRACON& Tower with Radar,40,19,6,3,68,2,62,107,7,178,42,81,113,10,246,197,1,198,444
05/31/2019,FAI,AK,AAL,WE,Combined TRACON& Tower with Radar,34,31,23,10,98,0,51,108,5,164,34,82,131,15,262,103,0,103,365
06/01/2019,FAI,AK,AAL,WE,Combined TRACON& Tower with Radar,30,40,29,0,99,0,16,29,2,47,30,56,58,2,146,21,0,21,167
06/02/2019,FAI,AK,AAL,WE,Combined TRACON& Tower with Radar,32,33,9,4,78,0,21,112,1,134,32,54,121,5,212,76,0,76,288
06/03/2019,FAI,AK,AAL,WE,Combined TRACON& Tower with Radar,39,13,21,0,73,0,69,169,1,239,39,82,190,1,312,104,0,104,416
06/04/2019,FAI,AK,AAL,WE,Combined TRACON& Tower with Radar,41,21,14,7,83,0,69,175,3,247,41,90,189,10,330,223,0,223,553
06/05/2019,FAI,AK,AAL,WE,Combined TRACON& Tower with Radar,37,17,15,13,82,0,67,159,2,228,37,84,174,15,310,132,1,133,443
06/06/2019,FAI,AK,AAL,WE,Combined TRACON& Tower with Radar,44,25,13,1,83,0,53,128,0,181,44,78,141,1,264,65,0,65,329
06/07/2019,FAI,AK,AAL,WE,Combined TRACON& Tower with Radar,47,19,15,3,84,0,72,142,1,215,47,91,157,4,299,151,0,151,450
06/08/2019,FAI,AK,AAL,WE,Combined TRACON& Tower with Radar,32,11,10,4,57,0,53,213,3,269,32,64,223,7,326,202,0,202,528
06/09/2019,FAI,AK,AAL,WE,Combined TRACON& Tower with Radar,35,8,10,1,54,0,49,153,1,203,35,57,163,2,257,56,1,57,314
06/10/2019,FAI,AK,AAL,WE,Combined TRACON& Tower with Radar,43,12,7,0,62,0,62,152,3,217,43,74,159,3,279,49,0,49,328
06/11/2019,FAI,AK,AAL,WE,Combined TRACON& Tower with Radar,43,32,9,0,84,1,70,132,0,203,44,102,141,0,287,86,0,86,373
06/12/2019,FAI,AK,AAL,WE,Combined TRACON& Tower with Radar,41,32,17,5,95,0,74,146,9,229,41,106,163,14,324,129,1,130,454
06/13/2019,FAI,AK,AAL,WE,Combined TRACON& Tower with Radar,51,34,7,1,93,0,71,164,1,236,51,105,171,2,329,122,2,124,453
06/14/2019,FAI,AK,AAL,WE,Combined TRACON& Tower with Radar,44,19,6,5,74,1,66,192,13,272,45,85,198,18,346,120,2,122,468
06/15/2019,FAI,AK,AAL,WE,Combined TRACON& Tower with Radar,33,29,9,2,73,0,39,142,1,182,33,68,151,3,255,106,0,106,361
06/16/2019,FAI,AK,AAL,WE,Combined TRACON& Tower with Radar,30,15,14,1,60,3,34,143,4,184,33,49,157,5,244,68,0,68,312
06/17/2019,FAI,AK,AAL,WE,Combined TRACON& Tower with Radar,37,19,11,8,75,1,72,138,3,214,38,91,149,11,289,187,0,187,476
06/18/2019,FAI,AK,AAL,WE,Combined TRACON& Tower with Radar,46,31,7,9,93,1,81,152,5,239,47,112,159,14,332,74,4,78,410
06/19/2019,FAI,AK,AAL,WE,Combined TRACON& Tower with Radar,46,22,21,8,97,0,76,171,1,248,46,98,192,9,345,118,0,118,463
06/20/2019,FAI,AK,AAL,WE,Combined TRACON& Tower with Radar,48,18,9,2,77,0,74,183,4,261,48,92,192,6,338,96,0,96,434
06/21/2019,FAI,AK,AAL,WE,Combined TRACON& Tower with Radar,42,18,17,3,80,1,79,215,1,296,43,97,232,4,376,104,0,104,480
06/22/2019,FAI,AK,AAL,WE,Combined TRACON& Tower with Radar,33,17,11,8,69,0,43,171,2,216,33,60,182,10,285,114,2,116,401
06/23/2019,FAI,AK,AAL,WE,Combined TRACON& Tower with Radar,33,29,28,0,90,0,36,126,1,163,33,65,154,1,253,46,1,47,300
06/24/2019,FAI,AK,AAL,WE,Combined TRACON& Tower with Radar,42,13,11,4,70,1,75,135,6,217,43,88,146,10,287,126,1,127,414
06/25/2019,FAI,AK,AAL,WE,Combined TRACON& Tower with Radar,43,23,14,8,88,0,70,132,2,204,43,93,146,10,292,111,1,112,404
06/26/2019,FAI,AK,AAL,WE,Combined TRACON& Tower with Radar,51,23,24,4,102,0,80,163,6,249,51,103,187,10,351,78,0,78,429
06/27/2019,FAI,AK,AAL,WE,Combined TRACON& Tower with Radar,49,46,21,2,118,0,43,117,5,165,49,89,138,7,283,74,0,74,357
06/28/2019,FAI,AK,AAL,WE,Combined TRACON& Tower with Radar,45,28,18,0,91,0,84,194,5,283,45,112,212,5,374,130,0,130,504
06/29/2019,FAI,AK,AAL,WE,Combined TRACON& Tower with Radar,37,21,23,0,81,0,36,104,4,144,37,57,127,4,225,86,1,87,312
06/30/2019,FAI,AK,AAL,WE,Combined TRACON& Tower with Radar,32,33,18,1,84,0,22,48,1,71,32,55,66,2,155,36,0,36,191
07/01/2019,FAI,AK,AAL,WE,Combined TRACON& Tower with Radar,42,33,16,0,91,0,63,150,1,214,42,96,166,1,305,130,0,130,435
07/02/2019,FAI,AK,AAL,WE,Combined TRACON& Tower with Radar,41,35,18,5,99,0,65,196,7,268,41,100,214,12,367,156,0,156,523
07/03/2019,FAI,AK,AAL,WE,Combined TRACON& Tower with Radar,44,44,17,4,109,0,51,124,3,178,44,95,141,7,287,99,0,99,386
07/04/2019,FAI,AK,AAL,WE,Combined TRACON& Tower with Radar,42,13,17,6,78,0,18,152,0,170,42,31,169,6,248,128,0,128,376
07/05/2019,FAI,AK,AAL,WE,Combined TRACON& Tower with Radar,40,24,16,8,88,0,75,176,1,252,40,99,192,9,340,101,0,101,441
07/06/2019,FAI,AK,AAL,WE,Combined TRACON& Tower with Radar,37,24,14,7,82,0,58,126,6,190,37,82,140,13,272,108,1,109,381
07/07/2019,FAI,AK,AAL,WE,Combined TRACON& Tower with Radar,36,46,21,5,108,0,19,32,0,51,36,65,53,5,159,22,0,22,181
07/08/2019,FAI,AK,AAL,WE,Combined TRACON& Tower with Radar,40,85,27,4,156,0,12,24,0,36,40,97,51,4,192,18,4,22,214
07/09/2019,FAI,AK,AAL,WE,Combined TRACON& Tower with Radar,44,66,26,4,140,0,33,68,2,103,44,99,94,6,243,56,0,56,299
07/10/2019,FAI,AK,AAL,WE,Combined TRACON& Tower with Radar,41,81,44,2,168,0,3,24,0,27,41,84,68,2,195,0,0,0,195
07/11/2019,FAI,AK,AAL,WE,Combined TRACON& Tower with Radar,48,83,41,2,174,0,0,12,0,12,48,83,53,2,186,3,1,4,190
07/12/2019,FAI,AK,AAL,WE,Combined TRACON& Tower with Radar,45,78,36,4,163,0,10,22,1,33,45,88,58,5,196,24,0,24,220
07/13/2019,FAI,AK,AAL,WE,Combined TRACON& Tower with Radar,36,33,19,7,95,0,25,82,0,107,36,58,101,7,202,108,0,108,310
07/14/2019,FAI,AK,AAL,WE,Combined TRACON& Tower with Radar,32,15,21,6,74,0,40,157,5,202,32,55,178,11,276,153,0,153,429
07/15/2019,FAI,AK,AAL,WE,Combined TRACON& Tower with Radar,43,15,20,5,83,0,74,157,4,235,43,89,177,9,318,178,0,178,496
07/16/2019,FAI,AK,AAL,WE,Combined TRACON& Tower with Radar,42,30,15,8,95,0,79,151,3,233,42,109,166,11,328,196,2,198,526
07/17/2019,FAI,AK,AAL,WE,Combined TRACON& Tower with Radar,42,42,31,11,126,0,48,152,4,204,42,90,183,15,330,130,1,131,461
07/18/2019,FAI,AK,AAL,WE,Combined TRACON& Tower with Radar,49,30,31,8,118,0,59,141,5,205,49,89,172,13,323,162,0,162,485
07/19/2019,FAI,AK,AAL,WE,Combined TRACON& Tower with Radar,41,38,22,9,110,0,54,167,8,229,41,92,189,17,339,76,0,76,415
07/20/2019,FAI,AK,AAL,WE,Combined TRACON& Tower with Radar,34,29,21,3,87,0,27,130,12,169,34,56,151,15,256,82,0,82,338
07/21/2019,FAI,AK,AAL,WE,Combined TRACON& Tower with Radar,38,17,19,1,75,0,31,131,7,169,38,48,150,8,244,120,0,120,364
07/22/2019,FAI,AK,AAL,WE,Combined TRACON& Tower with Radar,41,14,16,9,80,1,66,132,7,206,42,80,148,16,286,132,2,134,420
07/23/2019,FAI,AK,AAL,WE,Combined TRACON& Tower with Radar,38,27,17,3,85,0,52,85,4,141,38,79,102,7,226,64,1,65,291
07/24/2019,FAI,AK,AAL,WE,Combined TRACON& Tower with Radar,40,45,35,1,121,0,41,153,7,201,40,86,188,8,322,164,0,164,486
07/25/2019,FAI,AK,AAL,WE,Combined TRACON& Tower with Radar,50,58,59,13,180,0,35,152,4,191,50,93,211,17,371,102,0,102,473
07/26/2019,FAI,AK,AAL,WE,Combined TRACON& Tower with Radar,40,59,57,3,159,0,15,79,0,94,40,74,136,3,253,71,0,71,324
07/27/2019,FAI,AK,AAL,WE,Combined TRACON& Tower with Radar,32,25,23,1,81,0,33,141,1,175,32,58,164,2,256,188,2,190,446
07/28/2019,FAI,AK,AAL,WE,Combined TRACON& Tower with Radar,33,23,21,2,79,0,20,103,5,128,33,43,124,7,207,82,0,82,289
07/29/2019,FAI,AK,AAL,WE,Combined TRACON& Tower with Radar,37,27,20,11,95,0,60,124,5,189,37,87,144,16,284,90,0,90,374
07/30/2019,FAI,AK,AAL,WE,Combined TRACON& Tower with Radar,44,31,21,5,101,0,64,151,9,224,44,95,172,14,325,123,0,123,448
07/31/2019,FAI,AK,AAL,WE,Combined TRACON& Tower with Radar,44,35,27,6,112,1,68,172,7,248,45,103,199,13,360,120,0,120,480
08/01/2019,FAI,AK,AAL,WE,Combined TRACON& Tower with Radar,49,54,38,3,144,0,28,103,0,131,49,82,141,3,275,28,0,28,303
08/02/2019,FAI,AK,AAL,WE,Combined TRACON& Tower with Radar,38,51,40,3,132,0,11,44,0,55,38,62,84,3,187,20,0,20,207
08/03/2019,FAI,AK,AAL,WE,Combined TRACON& Tower with Radar,33,39,17,0,89,1,10,70,2,83,34,49,87,2,172,16,0,16,188
08/04/2019,FAI,AK,AAL,WE,Combined TRACON& Tower with Radar,33,25,18,0,76,0,40,151,5,196,33,65,169,5,272,154,4,158,430
08/05/2019,FAI,AK,AAL,WE,Combined TRACON& Tower with Radar,37,63,27,2,129,0,20,32,5,57,37,83,59,7,186,28,2,30,216
08/06/2019,FAI,AK,AAL,WE,Combined TRACON& Tower with Radar,44,48,32,4,128,0,44,154,2,200,44,92,186,6,328,108,2,110,438
08/07/2019,FAI,AK,AAL,WE,Combined TRACON& Tower with Radar,43,69,30,8,150,0,53,116,2,171,43,122,146,10,321,166,1,167,488
08/08/2019,FAI,AK,AAL,WE,Combined TRACON& Tower with Radar,47,52,27,5,131,0,56,154,2,212,47,108,181,7,343,0,74,74,417
08/09/2019,FAI,AK,AAL,WE,Combined TRACON& Tower with Radar,39,47,21,0,107,0,63,155,1,219,39,110,176,1,326,60,0,60,386
08/10/2019,FAI,AK,AAL,WE,Combined TRACON& Tower with Radar,36,30,6,2,74,1,50,131,2,184,37,80,137,4,258,142,0,142,400
08/11/2019,FAI,AK,AAL,WE,Combined TRACON& Tower with Radar,32,18,6,2,58,0,53,200,9,262,32,71,206,11,320,198,0,198,518
08/12/2019,FAI,AK,AAL,WE,Combined TRACON& Tower with Radar,43,24,15,3,85,1,87,206,6,300,44,111,221,9,385,99,3,102,487
08/13/2019,FAI,AK,AAL,WE,Combined TRACON& Tower with Radar,42,86,31,5,164,0,14,40,0,54,42,100,71,5,218,31,2,33,251
08/14/2019,FAI,AK,AAL,WE,Combined TRACON& Tower with Radar,45,55,26,1,127,1,54,132,9,196,46,109,158,10,323,30,0,30,353
08/15/2019,FAI,AK,AAL,WE,Combined TRACON& Tower with Radar,47,72,25,0,144,0,21,66,0,87,47,93,91,0,231,87,0,87,318
08/16/2019,FAI,AK,AAL,WE,Combined TRACON& Tower with Radar,40,93,30,3,166,0,6,49,0,55,40,99,79,3,221,12,0,12,233
08/17/2019,FAI,AK,AAL,WE,Combined TRACON& Tower with Radar,36,22,28,2,88,1,53,277,4,335,37,75,305,6,423,234,0,234,657
08/18/2019,FAI,AK,AAL,WE,Combined TRACON& Tower with Radar,35,12,24,2,73,0,49,236,3,288,35,61,260,5,361,100,0,100,461
08/19/2019,FAI,AK,AAL,WE,Combined TRACON& Tower with Radar,40,28,25,1,94,0,82,186,4,272,40,110,211,5,366,139,0,139,505
08/20/2019,FAI,AK,AAL,WE,Combined TRACON& Tower with Radar,36,32,25,7,100,0,83,220,3,306,36,115,245,10,406,132,8,140,546
08/21/2019,FAI,AK,AAL,WE,Combined TRACON& Tower with Radar,40,40,23,3,106,0,62,178,4,244,40,102,201,7,350,162,0,162,512
08/22/2019,FAI,AK,AAL,WE,Combined TRACON& Tower with Radar,44,24,17,5,90,0,68,173,3,244,44,92,190,8,334,58,2,60,394
08/23/2019,FAI,AK,AAL,WE,Combined TRACON& Tower with Radar,39,35,22,0,96,0,62,110,0,172,39,97,132,0,268,38,0,38,306
08/24/2019,FAI,AK,AAL,WE,Combined TRACON& Tower with Radar,31,19,17,2,69,0,30,172,2,204,31,49,189,4,273,76,1,77,350
08/25/2019,FAI,AK,AAL,WE,Combined TRACON& Tower with Radar,36,25,12,0,73,1,50,165,0,216,37,75,177,0,289,118,0,118,407
08/26/2019,FAI,AK,AAL,WE,Combined TRACON& Tower with Radar,36,22,40,6,104,0,68,176,0,244,36,90,216,6,348,133,2,135,483
08/27/2019,FAI,AK,AAL,WE,Combined TRACON& Tower with Radar,30,51,43,4,128,0,51,177,3,231,30,102,220,7,359,160,0,160,519
08/28/2019,FAI,AK,AAL,WE,Combined TRACON& Tower with Radar,36,71,32,7,146,0,39,125,0,164,36,110,157,7,310,130,2,132,442
08/29/2019,FAI,AK,AAL,WE,Combined TRACON& Tower with Radar,34,45,20,5,104,0,52,142,2,196,34,97,162,7,300,104,0,104,404
08/30/2019,FAI,AK,AAL,WE,Combined TRACON& Tower with Radar,31,27,19,3,80,0,77,245,2,324,31,104,264,5,404,142,0,142,546
08/31/2019,FAI,AK,AAL,WE,Combined TRACON& Tower with Radar,31,24,13,0,68,0,78,211,4,293,31,102,224,4,361,152,0,152,513
09/01/2019,FAI,AK,AAL,WE,Combined TRACON& Tower with Radar,30,16,15,3,64,0,54,132,5,191,30,70,147,8,255,90,0,90,345
09/02/2019,FAI,AK,AAL,WE,Combined TRACON& Tower with Radar,31,8,14,2,55,0,16,188,0,204,31,24,202,2,259,112,1,113,372
09/03/2019,FAI,AK,AAL,WE,Combined TRACON& Tower with Radar,26,26,6,1,59,0,63,124,5,192,26,89,130,6,251,68,0,68,319
09/04/2019,FAI,AK,AAL,WE,Combined TRACON& Tower with Radar,29,51,33,9,122,0,62,159,5,226,29,113,192,14,348,188,0,188,536
09/05/2019,FAI,AK,AAL,WE,Combined TRACON& Tower with Radar,33,32,31,5,101,0,73,166,4,243,33,105,197,9,344,180,0,180,524
09/06/2019,FAI,AK,AAL,WE,Combined TRACON& Tower with Radar,35,22,16,3,76,0,67,205,11,283,35,89,221,14,359,148,0,148,507
09/07/2019,FAI,AK,AAL,WE,Combined TRACON& Tower with Radar,24,17,10,1,52,0,49,202,4,255,24,66,212,5,307,146,0,146,453
09/08/2019,FAI,AK,AAL,WE,Combined TRACON& Tower with Radar,24,16,17,9,66,0,57,237,10,304,24,73,254,19,370,134,0,134,504
09/09/2019,FAI,AK,AAL,WE,Combined TRACON& Tower with Radar,29,22,20,9,80,0,79,191,5,275,29,101,211,14,355,110,12,122,477
09/10/2019,FAI,AK,AAL,WE,Combined TRACON& Tower with Radar,28,39,21,6,94,0,69,192,7,268,28,108,213,13,362,138,0,138,500
09/11/2019,FAI,AK,AAL,WE,Combined TRACON& Tower with Radar,28,47,34,7,116,0,46,182,3,231,28,93,216,10,347,221,4,225,572
09/12/2019,FAI,AK,AAL,WE,Combined TRACON& Tower with Radar,34,26,17,10,87,0,72,180,2,254,34,98,197,12,341,138,0,138,479
09/13/2019,FAI,AK,AAL,WE,Combined TRACON& Tower with Radar,33,33,15,5,86,1,75,199,5,280,34,108,214,10,366,150,0,150,516
09/14/2019,FAI,AK,AAL,WE,Combined TRACON& Tower with Radar,25,16,14,2,57,0,56,190,0,246,25,72,204,2,303,131,0,131,434
09/15/2019,FAI,AK,AAL,WE,Combined TRACON& Tower with Radar,23,13,8,3,47,0,54,197,5,256,23,67,205,8,303,154,0,154,457
09/16/2019,FAI,AK,AAL,WE,Combined TRACON& Tower with Radar,29,23,21,3,76,0,58,183,2,243,29,81,204,5,319,204,0,204,523
09/17/2019,FAI,AK,AAL,WE,Combined TRACON& Tower with Radar,31,29,24,3,87,0,68,121,2,191,31,97,145,5,278,114,0,114,392
09/18/2019,FAI,AK,AAL,WE,Combined TRACON& Tower with Radar,37,50,37,0,124,0,44,80,0,124,37,94,117,0,248,114,0,114,362
09/19/2019,FAI,AK,AAL,WE,Combined TRACON& Tower with Radar,30,59,34,9,132,0,16,100,0,116,30,75,134,9,248,122,0,122,370
09/20/2019,FAI,AK,AAL,WE,Combined TRACON& Tower with Radar,32,34,29,4,99,0,60,128,4,192,32,94,157,8,291,74,0,74,365
09/21/2019,FAI,AK,AAL,WE,Combined TRACON& Tower with Radar,22,32,16,0,70,0,16,41,2,59,22,48,57,2,129,24,1,25,154
09/22/2019,FAI,AK,AAL,WE,Combined TRACON& Tower with Radar,23,10,14,6,53,0,35,232,3,270,23,45,246,9,323,90,0,90,413
09/23/2019,FAI,AK,AAL,WE,Combined TRACON& Tower with Radar,38,16,14,4,72,0,61,186,1,248,38,77,200,5,320,182,0,182,502
09/24/2019,FAI,AK,AAL,WE,Combined TRACON& Tower with Radar,27,29,14,2,72,0,56,126,2,184,27,85,140,4,256,128,0,128,384
09/25/2019,FAI,AK,AAL,WE,Combined TRACON& Tower with Radar,29,40,12,5,86,1,54,73,4,132,30,94,85,9,218,76,0,76,294
09/26/2019,FAI,AK,AAL,WE,Combined TRACON& Tower with Radar,27,65,26,2,120,0,43,90,0,133,27,108,116,2,253,20,0,20,273
09/27/2019,FAI,AK,AAL,WE,Combined TRACON& Tower with Radar,30,35,14,8,87,0,46,167,6,219,30,81,181,14,306,100,0,100,406
09/28/2019,FAI,AK,AAL,WE,Combined TRACON& Tower with Radar,26,15,25,0,66,0,33,215,1,249,26,48,240,1,315,200,0,200,515
09/29/2019,FAI,AK,AAL,WE,Combined TRACON& Tower with Radar,26,24,7,1,58,0,12,46,8,66,26,36,53,9,124,114,0,114,238
09/30/2019,FAI,AK,AAL,WE,Combined TRACON& Tower with Radar,27,32,18,8,85,0,43,94,11,148,27,75,112,19,233,149,5,154,387
10/01/2019,FAI,AK,AAL,WE,Combined TRACON& Tower with Radar,27,39,15,8,89,0,41,75,1,117,27,80,90,9,206,126,1,127,333
10/02/2019,FAI,AK,AAL,WE,Combined TRACON& Tower with Radar,27,66,27,2,122,0,4,5,0,9,27,70,32,2,131,44,0,44,175
10/03/2019,FAI,AK,AAL,WE,Combined TRACON& Tower with Radar,32,67,20,0,119,0,0,0,0,0,32,67,20,0,119,0,0,0,119
10/04/2019,FAI,AK,AAL,WE,Combined TRACON& Tower with Radar,28,65,21,16,130,0,9,14,2,25,28,74,35,18,155,26,0,26,181
10/05/2019,FAI,AK,AAL,WE,Combined TRACON& Tower with Radar,24,32,10,2,68,0,8,29,0,37,24,40,39,2,105,54,0,54,159
10/06/2019,FAI,AK,AAL,WE,Combined TRACON& Tower with Radar,22,36,11,0,69,0,3,55,0,58,22,39,66,0,127,16,0,16,143
10/07/2019,FAI,AK,AAL,WE,Combined TRACON& Tower with Radar,24,43,16,5,88,0,31,84,0,115,24,74,100,5,203,106,1,107,310
10/08/2019,FAI,AK,AAL,WE,Combined TRACON& Tower with Radar,25,58,16,0,99,0,1,15,0,16,25,59,31,0,115,21,0,21,136
10/09/2019,FAI,AK,AAL,WE,Combined TRACON& Tower with Radar,26,66,32,5,129,0,22,26,1,49,26,88,58,6,178,44,0,44,222
10/10/2019,FAI,AK,AAL,WE,Combined TRACON& Tower with Radar,26,64,22,2,114,0,13,6,0,19,26,77,28,2,133,42,2,44,177
10/11/2019,FAI,AK,AAL,WE,Combined TRACON& Tower with Radar,26,51,16,5,98,0,18,40,0,58,26,69,56,5,156,0,0,0,156
10/12/2019,FAI,AK,AAL,WE,Combined TRACON& Tower with Radar,21,9,11,1,42,0,32,83,0,115,21,41,94,1,157,190,2,192,349
10/13/2019,FAI,AK,AAL,WE,Combined TRACON& Tower with Radar,19,22,13,0,54,0,17,89,9,115,19,39,102,9,169,148,1,149,318
10/14/2019,FAI,AK,AAL,WE,Combined TRACON& Tower with Radar,31,23,13,0,67,0,65,114,3,182,31,88,127,3,249,120,0,120,369
10/15/2019,FAI,AK,AAL,WE,Combined TRACON& Tower with Radar,29,34,2,4,69,0,53,93,12,158,29,87,95,16,227,134,0,134,361
10/16/2019,FAI,AK,AAL,WE,Combined TRACON& Tower with Radar,26,43,17,6,92,0,64,100,11,175,26,107,117,17,267,184,2,186,453
10/17/2019,FAI,AK,AAL,WE,Combined TRACON& Tower with Radar,25,29,2,1,57,0,68,62,17,147,25,97,64,18,204,98,6,104,308
10/18/2019,FAI,AK,AAL,WE,Combined TRACON& Tower with Radar,27,31,6,8,72,0,53,107,8,168,27,84,113,16,240,116,0,116,356
10/19/2019,FAI,AK,AAL,WE,Combined TRACON& Tower with Radar,20,22,5,0,47,0,28,100,3,131,20,50,105,3,178,160,0,160,338
10/20/2019,FAI,AK,AAL,WE,Combined TRACON& Tower with Radar,21,30,6,0,57,0,29,114,2,145,21,59,120,2,202,130,0,130,332
10/21/2019,FAI,AK,AAL,WE,Combined TRACON& Tower with Radar,26,23,9,1,59,0,48,73,2,123,26,71,82,3,182,123,0,123,305
10/22/2019,FAI,AK,AAL,WE,Combined TRACON& Tower with Radar,28,38,20,2,88,0,48,90,2,140,28,86,110,4,228,168,2,170,398
10/23/2019,FAI,AK,AAL,WE,Combined TRACON& Tower with Radar,27,30,12,2,71,0,50,51,1,102,27,80,63,3,173,82,0,82,255
10/24/2019,FAI,AK,AAL,WE,Combined TRACON& Tower with Radar,29,35,7,0,71,0,40,66,3,109,29,75,73,3,180,150,0,150,330
10/25/2019,FAI,AK,AAL,WE,Combined TRACON& Tower with Radar,27,47,16,0,90,0,19,22,0,41,27,66,38,0,131,25,1,26,157
10/26/2019,FAI,AK,AAL,WE,Combined TRACON& Tower with Radar,25,18,3,0,46,0,17,54,0,71,25,35,57,0,117,174,0,174,291
10/27/2019,FAI,AK,AAL,WE,Combined TRACON& Tower with Radar,22,19,8,1,50,0,14,40,0,54,22,33,48,1,104,96,0,96,200
10/28/2019,FAI,AK,AAL,WE,Combined TRACON& Tower with Radar,27,25,9,1,62,0,39,78,3,120,27,64,87,4,182,176,2,178,360
10/29/2019,FAI,AK,AAL,WE,Combined TRACON& Tower with Radar,25,33,7,2,67,0,53,48,16,117,25,86,55,18,184,60,0,60,244
10/30/2019,FAI,AK,AAL,WE,Combined TRACON& Tower with Radar,25,32,6,0,63,0,28,8,0,36,25,60,14,0,99,30,0,30,129
10/31/2019,FAI,AK,AAL,WE,Combined TRACON& Tower with Radar,28,41,7,4,80,0,45,54,5,104,28,86,61,9,184,30,0,30,214
11/01/2019,FAI,AK,AAL,WE,Combined TRACON& Tower with Radar,26,68,17,3,114,1,11,15,0,27,27,79,32,3,141,38,0,38,179
11/02/2019,FAI,AK,AAL,WE,Combined TRACON& Tower with Radar,22,33,10,0,65,0,2,1,0,3,22,35,11,0,68,6,0,6,74
11/03/2019,FAI,AK,AAL,WE,Combined TRACON& Tower with Radar,22,38,12,0,72,0,0,18,0,18,22,38,30,0,90,8,0,8,98
11/04/2019,FAI,AK,AAL,WE,Combined TRACON& Tower with Radar,25,13,7,3,48,0,57,74,7,138,25,70,81,10,186,24,2,26,212
11/05/2019,FAI,AK,AAL,WE,Combined TRACON& Tower with Radar,27,30,9,5,71,0,55,59,4,118,27,85,68,9,189,52,0,52,241
11/06/2019,FAI,AK,AAL,WE,Combined TRACON& Tower with Radar,24,28,6,0,58,0,0,6,0,6,24,28,12,0,64,0,0,0,64
11/07/2019,FAI,AK,AAL,WE,Combined TRACON& Tower with Radar,24,56,4,0,84,0,13,2,0,15,24,69,6,0,99,0,0,0,99
11/08/2019,FAI,AK,AAL,WE,Combined TRACON& Tower with Radar,26,16,6,1,49,0,74,56,0,130,26,90,62,1,179,82,0,82,261
11/09/2019,FAI,AK,AAL,WE,Combined TRACON& Tower with Radar,22,7,11,0,40,0,34,73,0,107,22,41,84,0,147,122,34,156,303
11/10/2019,FAI,AK,AAL,WE,Combined TRACON& Tower with Radar,22,11,8,0,41,0,34,49,0,83,22,45,57,0,124,122,0,122,246
11/11/2019,FAI,AK,AAL,WE,Combined TRACON& Tower with Radar,28,28,17,1,74,0,50,59,3,112,28,78,76,4,186,71,0,71,257
11/12/2019,FAI,AK,AAL,WE,Combined TRACON& Tower with Radar,28,36,15,2,81,0,52,55,3,110,28,88,70,5,191,99,1,100,291
11/13/2019,FAI,AK,AAL,WE,Combined TRACON& Tower with Radar,29,35,8,6,78,0,52,35,11,98,29,87,43,17,176,48,0,48,224
11/14/2019,FAI,AK,AAL,WE,Combined TRACON& Tower with Radar,25,58,22,7,112,0,9,0,0,9,25,67,22,7,121,0,0,0,121
11/15/2019,FAI,AK,AAL,WE,Combined TRACON& Tower with Radar,23,29,4,0,56,0,62,25,0,87,23,91,29,0,143,22,0,22,165
11/16/2019,FAI,AK,AAL,WE,Combined TRACON& Tower with Radar,20,19,9,0,48,0,20,32,0,52,20,39,41,0,100,56,0,56,156
11/17/2019,FAI,AK,AAL,WE,Combined TRACON& Tower with Radar,22,29,6,0,57,0,28,27,0,55,22,57,33,0,112,0,0,0,112
11/18/2019,FAI,AK,AAL,WE,Combined TRACON& Tower with Radar,26,58,13,2,99,0,11,17,0,28,26,69,30,2,127,0,0,0,127
11/19/2019,FAI,AK,AAL,WE,Combined TRACON& Tower with Radar,26,55,12,0,93,0,26,27,0,53,26,81,39,0,146,46,1,47,193
11/20/2019,FAI,AK,AAL,WE,Combined TRACON& Tower with Radar,25,37,11,5,78,0,55,47,8,110,25,92,58,13,188,48,0,48,236
11/21/2019,FAI,AK,AAL,WE,Combined TRACON& Tower with Radar,28,34,11,6,79,0,40,54,6,100,28,74,65,12,179,98,0,98,277
11/22/2019,FAI,AK,AAL,WE,Combined TRACON& Tower with Radar,28,51,16,4,99,0,27,33,4,64,28,78,49,8,163,49,0,49,212
11/23/2019,FAI,AK,AAL,WE,Combined TRACON& Tower with Radar,21,36,6,2,65,0,4,26,5,35,21,40,32,7,100,38,0,38,138
11/24/2019,FAI,AK,AAL,WE,Combined TRACON& Tower with Radar,21,18,10,0,49,0,28,44,2,74,21,46,54,2,123,94,0,94,217
11/25/2019,FAI,AK,AAL,WE,Combined TRACON& Tower with Radar,26,62,25,5,118,0,14,28,4,46,26,76,53,9,164,0,62,62,226
11/26/2019,FAI,AK,AAL,WE,Combined TRACON& Tower with Radar,28,46,11,2,87,0,25,30,2,57,28,71,41,4,144,32,0,32,176
11/27/2019,FAI,AK,AAL,WE,Combined TRACON& Tower with Radar,32,49,3,4,88,0,37,22,10,69,32,86,25,14,157,112,0,112,269
11/28/2019,FAI,AK,AAL,WE,Combined TRACON& Tower with Radar,27,22,3,0,52,0,0,2,0,2,27,22,5,0,54,28,0,28,82
11/29/2019,FAI,AK,AAL,WE,Combined TRACON& Tower with Radar,28,31,17,0,76,0,20,27,0,47,28,51,44,0,123,10,0,10,133
11/30/2019,FAI,AK,AAL,WE,Combined TRACON& Tower with Radar,19,32,11,0,62,0,4,13,0,17,19,36,24,0,79,28,0,28,107
12/01/2019,FAI,AK,AAL,WE,Combined TRACON& Tower with Radar,23,24,17,0,64,0,8,19,0,27,23,32,36,0,91,26,1,27,118
12/02/2019,FAI,AK,AAL,WE,Combined TRACON& Tower with Radar,27,56,7,0,90,0,7,0,0,7,27,63,7,0,97,0,0,0,97
12/03/2019,FAI,AK,AAL,WE,Combined TRACON& Tower with Radar,31,48,18,2,99,0,26,14,2,42,31,74,32,4,141,0,0,0,141
12/04/2019,FAI,AK,AAL,WE,Combined TRACON& Tower with Radar,28,41,13,0,82,0,48,53,4,105,28,89,66,4,187,39,1,40,227
12/05/2019,FAI,AK,AAL,WE,Combined TRACON& Tower with Radar,26,25,3,1,55,0,61,39,5,105,26,86,42,6,160,26,0,26,186
12/06/2019,FAI,AK,AAL,WE,Combined TRACON& Tower with Radar,26,25,12,7,70,0,55,35,1,91,26,80,47,8,161,51,10,61,222
12/07/2019,FAI,AK,AAL,WE,Combined TRACON& Tower with Radar,20,23,11,0,54,0,17,71,1,89,20,40,82,1,143,102,2,104,247
12/08/2019,FAI,AK,AAL,WE,Combined TRACON& Tower with Radar,22,39,18,0,79,0,11,27,1,39,22,50,45,1,118,48,0,48,166
12/09/2019,FAI,AK,AAL,WE,Combined TRACON& Tower with Radar,26,23,11,1,61,0,56,42,1,99,26,79,53,2,160,46,0,46,206
12/10/2019,FAI,AK,AAL,WE,Combined TRACON& Tower with Radar,25,28,18,9,80,0,54,43,3,100,25,82,61,12,180,114,22,136,316
12/11/2019,FAI,AK,AAL,WE,Combined TRACON& Tower with Radar,27,49,25,5,106,0,53,36,1,90,27,102,61,6,196,24,0,24,220
12/12/2019,FAI,AK,AAL,WE,Combined TRACON& Tower with Radar,27,27,12,4,70,0,54,52,2,108,27,81,64,6,178,68,2,70,248
12/13/2019,FAI,AK,AAL,WE,Combined TRACON& Tower with Radar,24,29,9,2,64,0,52,65,7,124,24,81,74,9,188,59,0,59,247
12/14/2019,FAI,AK,AAL,WE,Combined TRACON& Tower with Radar,19,9,10,0,38,0,28,63,0,91,19,37,73,0,129,124,0,124,253
12/15/2019,FAI,AK,AAL,WE,Combined TRACON& Tower with Radar,25,17,12,0,54,0,28,65,0,93,25,45,77,0,147,46,0,46,193
12/16/2019,FAI,AK,AAL,WE,Combined TRACON& Tower with Radar,26,23,12,0,61,0,67,62,1,130,26,90,74,1,191,14,0,14,205
12/17/2019,FAI,AK,AAL,WE,Combined TRACON& Tower with Radar,26,18,6,4,54,0,55,58,1,114,26,73,64,5,168,20,0,20,188
12/18/2019,FAI,AK,AAL,WE,Combined TRACON& Tower with Radar,25,30,11,3,69,0,59,46,6,111,25,89,57,9,180,70,0,70,250
12/19/2019,FAI,AK,AAL,WE,Combined TRACON& Tower with Radar,30,22,5,3,60,0,61,28,7,96,30,83,33,10,156,12,0,12,168
12/20/2019,FAI,AK,AAL,WE,Combined TRACON& Tower with Radar,28,24,3,2,57,0,61,34,4,99,28,85,37,6,156,2,0,2,158
12/21/2019,FAI,AK,AAL,WE,Combined TRACON& Tower with Radar,24,22,1,0,47,0,44,3,8,55,24,66,4,8,102,12,0,12,114
12/22/2019,FAI,AK,AAL,WE,Combined TRACON& Tower with Radar,21,11,2,0,34,0,33,13,0,46,21,44,15,0,80,4,0,4,84
12/23/2019,FAI,AK,AAL,WE,Combined TRACON& Tower with Radar,27,21,7,1,56,0,46,30,5,81,27,67,37,6,137,12,0,12,149
12/24/2019,FAI,AK,AAL,WE,Combined TRACON& Tower with Radar,28,49,13,0,90,0,19,9,0,28,28,68,22,0,118,12,0,12,130
12/25/2019,FAI,AK,AAL,WE,Combined TRACON& Tower with Radar,25,9,1,0,35,0,2,4,0,6,25,11,5,0,41,0,0,0,41
12/26/2019,FAI,AK,AAL,WE,Combined TRACON& Tower with Radar,29,34,23,1,87,0,33,12,1,46,29,67,35,2,133,0,0,0,133
12/27/2019,FAI,AK,AAL,WE,Combined TRACON& Tower with Radar,26,28,7,6,67,0,26,19,0,45,26,54,26,6,112,1,0,1,113
12/28/2019,FAI,AK,AAL,WE,Combined TRACON& Tower with Radar,22,31,8,0,61,0,3,4,0,7,22,34,12,0,68,0,0,0,68
12/29/2019,FAI,AK,AAL,WE,Combined TRACON& Tower with Radar,22,18,10,0,50,0,24,21,0,45,22,42,31,0,95,38,0,38,133
12/30/2019,FAI,AK,AAL,WE,Combined TRACON& Tower with Radar,27,36,5,0,68,0,30,44,6,80,27,66,49,6,148,82,0,82,230
12/31/2019,FAI,AK,AAL,WE,Combined TRACON& Tower with Radar,26,33,4,6,69,0,31,38,2,71,26,64,42,8,140,38,6,44,184
01/01/2020,FAI,AK,AAL,WE,Combined TRACON& Tower with Radar,25,8,12,2,47,0,0,12,0,12,25,8,24,2,59,60,0,60,119
01/02/2020,FAI,AK,AAL,WE,Combined TRACON& Tower with Radar,28,25,6,5,64,0,40,34,5,79,28,65,40,10,143,0,0,0,143
01/03/2020,FAI,AK,AAL,WE,Combined TRACON& Tower with Radar,31,20,10,2,63,0,44,39,4,87,31,64,49,6,150,16,0,16,166
01/04/2020,FAI,AK,AAL,WE,Combined TRACON& Tower with Radar,20,14,2,0,36,0,20,13,0,33,20,34,15,0,69,0,0,0,69
01/05/2020,FAI,AK,AAL,WE,Combined TRACON& Tower with Radar,24,20,7,0,51,0,16,12,0,28,24,36,19,0,79,2,0,2,81
01/06/2020,FAI,AK,AAL,WE,Combined TRACON& Tower with Radar,30,12,4,9,55,0,49,11,2,62,30,61,15,11,117,0,0,0,117
01/07/2020,FAI,AK,AAL,WE,Combined TRACON& Tower with Radar,32,50,12,4,98,0,32,6,2,40,32,82,18,6,138,4,0,4,142
01/08/2020,FAI,AK,AAL,WE,Combined TRACON& Tower with Radar,23,51,17,0,91,0,9,4,0,13,23,60,21,0,104,0,0,0,104
01/09/2020,FAI,AK,AAL,WE,Combined TRACON& Tower with Radar,25,40,11,2,78,0,27,5,0,32,25,67,16,2,110,0,0,0,110
01/10/2020,FAI,AK,AAL,WE,Combined TRACON& Tower with Radar,26,15,6,1,48,0,39,16,7,62,26,54,22,8,110,6,0,6,116
01/11/2020,FAI,AK,AAL,WE,Combined TRACON& Tower with Radar,24,13,5,0,42,0,22,15,2,39,24,35,20,2,81,8,0,8,89
01/12/2020,FAI,AK,AAL,WE,Combined TRACON& Tower with Radar,22,10,4,0,36,0,22,12,2,36,22,32,16,2,72,6,0,6,78
01/13/2020,FAI,AK,AAL,WE,Combined TRACON& Tower with Radar,26,51,23,9,109,0,13,16,1,30,26,64,39,10,139,22,2,24,163
01/14/2020,FAI,AK,AAL,WE,Combined TRACON& Tower with Radar,30,54,20,0,104,0,13,25,0,38,30,67,45,0,142,14,0,14,156
01/15/2020,FAI,AK,AAL,WE,Combined TRACON& Tower with Radar,30,42,10,2,84,0,43,52,3,98,30,85,62,5,182,102,2,104,286
01/16/2020,FAI,AK,AAL,WE,Combined TRACON& Tower with Radar,31,22,8,1,62,0,52,36,1,89,31,74,44,2,151,16,2,18,169
01/17/2020,FAI,AK,AAL,WE,Combined TRACON& Tower with Radar,27,18,3,1,49,0,54,37,5,96,27,72,40,6,145,4,0,4,149
01/18/2020,FAI,AK,AAL,WE,Combined TRACON& Tower with Radar,23,6,2,0,31,0,28,19,0,47,23,34,21,0,78,12,0,12,90
01/19/2020,FAI,AK,AAL,WE,Combined TRACON& Tower with Radar,22,14,2,2,40,0,34,16,4,54,22,48,18,6,94,2,0,2,96
01/20/2020,FAI,AK,AAL,WE,Combined TRACON& Tower with Radar,24,20,3,0,47,0,47,34,0,81,24,67,37,0,128,8,0,8,136
01/21/2020,FAI,AK,AAL,WE,Combined TRACON& Tower with Radar,29,27,12,4,72,0,43,33,7,83,29,70,45,11,155,6,1,7,162
01/22/2020,FAI,AK,AAL,WE,Combined TRACON& Tower with Radar,33,40,12,8,93,0,47,55,3,105,33,87,67,11,198,27,8,35,233
01/23/2020,FAI,AK,AAL,WE,Combined TRACON& Tower with Radar,28,32,12,6,78,0,30,18,0,48,28,62,30,6,126,16,1,17,143
01/24/2020,FAI,AK,AAL,WE,Combined TRACON& Tower with Radar,34,40,19,4,97,0,23,2,2,27,34,63,21,6,124,6,0,6,130
01/25/2020,FAI,AK,AAL,WE,Combined TRACON& Tower with Radar,24,16,3,0,43,0,27,48,0,75,24,43,51,0,118,24,1,25,143
01/26/2020,FAI,AK,AAL,WE,Combined TRACON& Tower with Radar,21,35,12,1,69,0,2,1,2,5,21,37,13,3,74,0,0,0,74
01/27/2020,FAI,AK,AAL,WE,Combined TRACON& Tower with Radar,23,31,10,3,67,0,43,10,4,57,23,74,20,7,124,12,0,12,136
01/28/2020,FAI,AK,AAL,WE,Combined TRACON& Tower with Radar,28,21,4,0,53,0,42,31,2,75,28,63,35,2,128,2,0,2,130
01/29/2020,FAI,AK,AAL,WE,Combined TRACON& Tower with Radar,25,29,8,4,66,0,41,19,4,64,25,70,27,8,130,12,0,12,142
01/30/2020,FAI,AK,AAL,WE,Combined TRACON& Tower with Radar,32,29,13,4,78,0,53,36,0,89,32,82,49,4,167,14,3,17,184
01/31/2020,FAI,AK,AAL,WE,Combined TRACON& Tower with Radar,27,54,18,4,103,0,19,12,0,31,27,73,30,4,134,3,0,3,137
02/01/2020,FAI,AK,AAL,WE,Combined TRACON& Tower with Radar,25,10,5,0,40,0,25,33,0,58,25,35,38,0,98,2,0,2,100
02/02/2020,FAI,AK,AAL,WE,Combined TRACON& Tower with Radar,24,15,6,0,45,0,28,23,2,53,24,43,29,2,98,0,0,0,98
02/03/2020,FAI,AK,AAL,WE,Combined TRACON& Tower with Radar,26,34,5,6,71,0,42,76,4,122,26,76,81,10,193,74,0,74,267
02/04/2020,FAI,AK,AAL,WE,Combined TRACON& Tower with Radar,27,65,17,7,116,0,8,22,0,30,27,73,39,7,146,6,0,6,152
02/05/2020,FAI,AK,AAL,WE,Combined TRACON& Tower with Radar,28,33,4,7,72,0,56,49,2,107,28,89,53,9,179,62,12,74,253
02/06/2020,FAI,AK,AAL,WE,Combined TRACON& Tower with Radar,29,61,13,4,107,0,12,1,0,13,29,73,14,4,120,0,0,0,120
02/07/2020,FAI,AK,AAL,WE,Combined TRACON& Tower with Radar,27,33,15,2,77,0,37,41,3,81,27,70,56,5,158,94,0,94,252
02/08/2020,FAI,AK,AAL,WE,Combined TRACON& Tower with Radar,24,17,15,1,57,0,22,58,1,81,24,39,73,2,138,98,0,98,236
02/09/2020,FAI,AK,AAL,WE,Combined TRACON& Tower with Radar,22,38,16,5,81,0,6,13,2,21,22,44,29,7,102,22,0,22,124
02/10/2020,FAI,AK,AAL,WE,Combined TRACON& Tower with Radar,26,32,7,1,66,0,50,26,0,76,26,82,33,1,142,0,0,0,142
02/11/2020,FAI,AK,AAL,WE,Combined TRACON& Tower with Radar,31,23,4,6,64,0,57,52,0,109,31,80,56,6,173,30,0,30,203
02/12/2020,FAI,AK,AAL,WE,Combined TRACON& Tower with Radar,29,25,7,3,64,0,58,37,3,98,29,83,44,6,162,46,0,46,208
02/13/2020,FAI,AK,AAL,WE,Combined TRACON& Tower with Radar,28,23,2,4,57,0,43,22,0,65,28,66,24,4,122,6,0,6,128
02/14/2020,FAI,AK,AAL,WE,Combined TRACON& Tower with Radar,22,18,2,0,42,0,48,29,2,79,22,66,31,2,121,4,0,4,125
02/15/2020,FAI,AK,AAL,WE,Combined TRACON& Tower with Radar,23,14,1,0,38,0,20,22,0,42,23,34,23,0,80,0,0,0,80
02/16/2020,FAI,AK,AAL,WE,Combined TRACON& Tower with Radar,22,13,9,1,45,0,24,36,3,63,22,37,45,4,108,22,0,22,130
02/17/2020,FAI,AK,AAL,WE,Combined TRACON& Tower with Radar,25,28,4,1,58,0,32,76,2,110,25,60,80,3,168,98,0,98,266
02/18/2020,FAI,AK,AAL,WE,Combined TRACON& Tower with Radar,23,28,3,2,56,0,32,54,4,90,23,60,57,6,146,122,6,128,274
02/19/2020,FAI,AK,AAL,WE,Combined TRACON& Tower with Radar,32,48,10,0,90,0,31,32,0,63,32,79,42,0,153,58,0,58,211
02/20/2020,FAI,AK,AAL,WE,Combined TRACON& Tower with Radar,30,34,13,2,79,0,51,69,0,120,30,85,82,2,199,74,0,74,273
02/21/2020,FAI,AK,AAL,WE,Combined TRACON& Tower with Radar,25,40,8,0,73,0,36,71,2,109,25,76,79,2,182,136,0,136,318
02/22/2020,FAI,AK,AAL,WE,Combined TRACON& Tower with Radar,26,25,3,0,54,0,17,47,0,64,26,42,50,0,118,152,0,152,270
02/23/2020,FAI,AK,AAL,WE,Combined TRACON& Tower with Radar,22,8,4,0,34,0,28,46,2,76,22,36,50,2,110,84,0,84,194
02/24/2020,FAI,AK,AAL,WE,Combined TRACON& Tower with Radar,26,24,6,0,56,0,51,51,4,106,26,75,57,4,162,38,0,38,200
02/25/2020,FAI,AK,AAL,WE,Combined TRACON& Tower with Radar,27,23,6,0,56,0,42,60,5,107,27,65,66,5,163,52,0,52,215
02/26/2020,FAI,AK,AAL,WE,Combined TRACON& Tower with Radar,27,30,11,12,80,0,53,55,1,109,27,83,66,13,189,60,0,60,249
02/27/2020,FAI,AK,AAL,WE,Combined TRACON& Tower with Radar,31,25,8,4,68,0,51,69,2,122,31,76,77,6,190,46,0,46,236
02/28/2020,FAI,AK,AAL,WE,Combined TRACON& Tower with Radar,26,22,5,0,53,0,48,64,0,112,26,70,69,0,165,18,0,18,183
02/29/2020,FAI,AK,AAL,WE,Combined TRACON& Tower with Radar,22,16,9,0,47,0,29,57,1,87,22,45,66,1,134,127,0,127,261
03/01/2020,FAI,AK,AAL,WE,Combined TRACON& Tower with Radar,20,37,6,6,69,0,3,7,0,10,20,40,13,6,79,18,0,18,97
03/02/2020,FAI,AK,AAL,WE,Combined TRACON& Tower with Radar,29,33,13,13,88,0,42,38,1,81,29,75,51,14,169,10,0,10,179
03/03/2020,FAI,AK,AAL,WE,Combined TRACON& Tower with Radar,29,33,6,13,81,0,48,39,0,87,29,81,45,13,168,22,0,22,190
03/04/2020,FAI,AK,AAL,WE,Combined TRACON& Tower with Radar,30,23,6,9,68,0,52,50,0,102,30,75,56,9,170,34,0,34,204
03/05/2020,FAI,AK,AAL,WE,Combined TRACON& Tower with Radar,28,20,7,12,67,0,47,65,0,112,28,67,72,12,179,30,0,30,209
03/06/2020,FAI,AK,AAL,WE,Combined TRACON& Tower with Radar,30,28,3,6,67,0,48,83,0,131,30,76,86,6,198,98,0,98,296
03/07/2020,FAI,AK,AAL,WE,Combined TRACON& Tower with Radar,24,19,8,7,58,0,15,40,0,55,24,34,48,7,113,180,0,180,293
03/08/2020,FAI,AK,AAL,WE,Combined TRACON& Tower with Radar,23,16,8,7,54,0,20,71,0,91,23,36,79,7,145,118,0,118,263
03/09/2020,FAI,AK,AAL,WE,Combined TRACON& Tower with Radar,25,32,11,12,80,0,36,49,0,85,25,68,60,12,165,148,0,148,313
03/10/2020,FAI,AK,AAL,WE,Combined TRACON& Tower with Radar,27,22,14,19,82,0,48,97,0,145,27,70,111,19,227,123,0,123,350
03/11/2020,FAI,AK,AAL,WE,Combined TRACON& Tower with Radar,38,44,3,2,87,0,62,101,1,164,38,106,104,3,251,100,2,102,353
03/12/2020,FAI,AK,AAL,WE,Combined TRACON& Tower with Radar,49,47,11,2,109,0,78,103,1,182,49,125,114,3,291,58,0,58,349
03/13/2020,FAI,AK,AAL,WE,Combined TRACON& Tower with Radar,24,14,11,1,50,0,49,111,0,160,24,63,122,1,210,109,0,109,319
03/14/2020,FAI,AK,AAL,WE,Combined TRACON& Tower with Radar,27,15,6,0,48,0,19,60,0,79,27,34,66,0,127,117,0,117,244
03/15/2020,FAI,AK,AAL,WE,Combined TRACON& Tower with Radar,21,21,4,0,46,0,15,64,0,79,21,36,68,0,125,62,0,62,187
03/16/2020,FAI,AK,AAL,WE,Combined TRACON& Tower with Radar,24,46,13,0,83,0,20,40,0,60,24,66,53,0,143,80,0,80,223
03/17/2020,FAI,AK,AAL,WE,Combined TRACON& Tower with Radar,27,33,12,3,75,0,45,91,4,140,27,78,103,7,215,116,2,118,333
03/18/2020,FAI,AK,AAL,WE,Combined TRACON& Tower with Radar,26,60,14,1,101,0,16,18,0,34,26,76,32,1,135,8,0,8,143
03/19/2020,FAI,AK,AAL,WE,Combined TRACON& Tower with Radar,28,28,3,4,63,0,31,53,8,92,28,59,56,12,155,70,1,71,226
03/20/2020,FAI,AK,AAL,WE,Combined TRACON& Tower with Radar,26,37,13,0,76,0,20,10,0,30,26,57,23,0,106,14,0,14,120
03/21/2020,FAI,AK,AAL,WE,Combined TRACON& Tower with Radar,27,35,5,2,69,0,2,0,0,2,27,37,5,2,71,0,0,0,71
03/22/2020,FAI,AK,AAL,WE,Combined TRACON& Tower with Radar,20,10,2,0,32,0,16,2,0,18,20,26,4,0,50,0,0,0,50
03/23/2020,FAI,AK,AAL,WE,Combined TRACON& Tower with Radar,25,25,5,0,55,0,2,3,0,5,25,27,8,0,60,2,3,5,65
03/24/2020,FAI,AK,AAL,WE,Combined TRACON& Tower with Radar,30,30,22,0,82,0,9,5,0,14,30,39,27,0,96,0,0,0,96
03/25/2020,FAI,AK,AAL,WE,Combined TRACON& Tower with Radar,29,36,8,0,73,0,8,20,0,28,29,44,28,0,101,2,0,2,103
03/26/2020,FAI,AK,AAL,WE,Combined TRACON& Tower with Radar,32,20,3,1,56,0,29,30,4,63,32,49,33,5,119,34,0,34,153
03/27/2020,FAI,AK,AAL,WE,Combined TRACON& Tower with Radar,27,10,8,1,46,0,25,60,4,89,27,35,68,5,135,0,28,28,163
03/28/2020,FAI,AK,AAL,WE,Combined TRACON& Tower with Radar,17,10,5,0,32,0,22,28,2,52,17,32,33,2,84,16,0,16,100
03/29/2020,FAI,AK,AAL,WE,Combined TRACON& Tower with Radar,15,5,2,0,22,0,3,33,2,38,15,8,35,2,60,64,0,64,124
03/30/2020,FAI,AK,AAL,WE,Combined TRACON& Tower with Radar,20,6,9,2,37,0,33,78,4,115,20,39,87,6,152,42,0,42,194
03/31/2020,FAI,AK,AAL,WE,Combined TRACON& Tower with Radar,20,21,4,1,46,0,37,69,7,113,20,58,73,8,159,67,0,67,226
04/01/2020,FAI,AK,AAL,WE,Combined TRACON& Tower with Radar,13,15,5,0,33,0,50,93,2,145,13,65,98,2,178,162,0,162,340
04/02/2020,FAI,AK,AAL,WE,Combined TRACON& Tower with Radar,12,25,7,1,45,0,24,47,0,71,12,49,54,1,116,94,5,99,215
04/03/2020,FAI,AK,AAL,WE,Combined TRACON& Tower with Radar,12,26,8,0,46,0,7,7,2,16,12,33,15,2,62,25,1,26,88
04/04/2020,FAI,AK,AAL,WE,Combined TRACON& Tower with Radar,9,15,0,0,24,0,0,1,0,1,9,15,1,0,25,0,0,0,25
04/05/2020,FAI,AK,AAL,WE,Combined TRACON& Tower with Radar,8,6,3,0,17,0,1,1,0,2,8,7,4,0,19,0,0,0,19
04/06/2020,FAI,AK,AAL,WE,Combined TRACON& Tower with Radar,7,21,11,0,39,0,3,0,0,3,7,24,11,0,42,0,0,0,42
04/07/2020,FAI,AK,AAL,WE,Combined TRACON& Tower with Radar,9,10,6,0,25,0,24,69,2,95,9,34,75,2,120,56,0,56,176
04/08/2020,FAI,AK,AAL,WE,Combined TRACON& Tower with Radar,6,16,8,0,30,0,27,87,1,115,6,43,95,1,145,87,2,89,234
04/09/2020,FAI,AK,AAL,WE,Combined TRACON& Tower with Radar,12,7,2,1,22,0,31,80,0,111,12,38,82,1,133,42,0,42,175
04/10/2020,FAI,AK,AAL,WE,Combined TRACON& Tower with Radar,9,25,15,0,49,0,0,0,0,0,9,25,15,0,49,0,0,0,49
04/11/2020,FAI,AK,AAL,WE,Combined TRACON& Tower with Radar,9,6,11,0,26,0,16,98,0,114,9,22,109,0,140,92,0,92,232
04/12/2020,FAI,AK,AAL,WE,Combined TRACON& Tower with Radar,8,2,8,8,26,0,0,55,0,55,8,2,63,8,81,68,0,68,149
04/13/2020,FAI,AK,AAL,WE,Combined TRACON& Tower with Radar,10,12,12,2,36,0,6,6,0,12,10,18,18,2,48,0,0,0,48
04/14/2020,FAI,AK,AAL,WE,Combined TRACON& Tower with Radar,16,14,12,8,50,0,26,92,1,119,16,40,104,9,169,84,0,84,253
04/15/2020,FAI,AK,AAL,WE,Combined TRACON& Tower with Radar,12,11,8,0,31,0,29,77,7,113,12,40,85,7,144,100,5,105,249
04/16/2020,FAI,AK,AAL,WE,Combined TRACON& Tower with Radar,18,24,15,2,59,0,18,18,3,39,18,42,33,5,98,1,0,1,99
04/17/2020,FAI,AK,AAL,WE,Combined TRACON& Tower with Radar,10,23,12,0,45,0,30,41,2,73,10,53,53,2,118,38,0,38,156
04/18/2020,FAI,AK,AAL,WE,Combined TRACON& Tower with Radar,9,15,3,1,28,0,8,10,0,18,9,23,13,1,46,14,0,14,60
04/19/2020,FAI,AK,AAL,WE,Combined TRACON& Tower with Radar,9,1,8,0,18,0,0,26,0,26,9,1,34,0,44,40,1,41,85
04/20/2020,FAI,AK,AAL,WE,Combined TRACON& Tower with Radar,12,30,16,8,66,0,2,6,0,8,12,32,22,8,74,28,8,36,110
04/21/2020,FAI,AK,AAL,WE,Combined TRACON& Tower with Radar,13,37,6,16,72,0,13,7,2,22,13,50,13,18,94,48,4,52,146
04/22/2020,FAI,AK,AAL,WE,Combined TRACON& Tower with Radar,12,17,11,12,52,0,44,73,0,117,12,61,84,12,169,82,22,104,273
04/23/2020,FAI,AK,AAL,WE,Combined TRACON& Tower with Radar,15,11,13,14,53,0,30,92,8,130,15,41,105,22,183,60,31,91,274
04/24/2020,FAI,AK,AAL,WE,Combined TRACON& Tower with Radar,15,10,7,12,44,0,32,69,0,101,15,42,76,12,145,60,0,60,205
04/25/2020,FAI,AK,AAL,WE,Combined TRACON& Tower with Radar,8,7,11,4,30,0,21,95,0,116,8,28,106,4,146,116,0,116,262
04/26/2020,FAI,AK,AAL,WE,Combined TRACON& Tower with Radar,8,2,2,4,16,0,1,105,0,106,8,3,107,4,122,105,0,105,227
04/27/2020,FAI,AK,AAL,WE,Combined TRACON& Tower with Radar,12,5,10,5,32,0,31,88,6,125,12,36,98,11,157,70,0,70,227
04/28/2020,FAI,AK,AAL,WE,Combined TRACON& Tower with Radar,13,9,7,8,37,0,27,94,4,125,13,36,101,12,162,73,0,73,235
04/29/2020,FAI,AK,AAL,WE,Combined TRACON& Tower with Radar,12,10,14,8,44,0,42,55,7,104,12,52,69,15,148,59,3,62,210
04/30/2020,FAI,AK,AAL,WE,Combined TRACON& Tower with Radar,15,15,7,5,42,0,33,87,1,121,15,48,94,6,163,172,8,180,343
05/01/2020,FAI,AK,AAL,WE,Combined TRACON& Tower with Radar,12,5,12,2,31,0,33,138,3,174,12,38,150,5,205,172,0,172,377
05/02/2020,FAI,AK,AAL,WE,Combined TRACON& Tower with Radar,14,5,6,0,25,0,24,111,1,136,14,29,117,1,161,234,0,234,395
05/03/2020,FAI,AK,AAL,WE,Combined TRACON& Tower with Radar,10,5,2,0,17,0,4,63,2,69,10,9,65,2,86,82,0,82,168
05/04/2020,FAI,AK,AAL,WE,Combined TRACON& Tower with Radar,11,5,12,3,31,0,40,100,3,143,11,45,112,6,174,155,0,155,329
05/05/2020,FAI,AK,AAL,WE,Combined TRACON& Tower with Radar,12,14,15,2,43,0,30,129,1,160,12,44,144,3,203,188,0,188,391
05/06/2020,FAI,AK,AAL,WE,Combined TRACON& Tower with Radar,11,7,10,4,32,0,30,142,5,177,11,37,152,9,209,276,0,276,485
05/07/2020,FAI,AK,AAL,WE,Combined TRACON& Tower with Radar,18,12,12,10,52,0,43,121,1,165,18,55,133,11,217,242,0,242,459
05/08/2020,FAI,AK,AAL,WE,Combined TRACON& Tower with Radar,13,9,8,0,30,0,46,67,0,113,13,55,75,0,143,159,0,159,302
05/09/2020,FAI,AK,AAL,WE,Combined TRACON& Tower with Radar,10,10,9,3,32,0,28,131,0,159,10,38,140,3,191,294,0,294,485
05/10/2020,FAI,AK,AAL,WE,Combined TRACON& Tower with Radar,8,5,12,0,25,0,1,103,0,104,8,6,115,0,129,126,0,126,255
05/11/2020,FAI,AK,AAL,WE,Combined TRACON& Tower with Radar,13,3,16,2,34,0,36,118,3,157,13,39,134,5,191,194,1,195,386
05/12/2020,FAI,AK,AAL,WE,Combined TRACON& Tower with Radar,12,13,19,2,46,0,18,63,2,83,12,31,82,4,129,174,1,175,304
05/13/2020,FAI,AK,AAL,WE,Combined TRACON& Tower with Radar,16,10,16,0,42,0,20,65,1,86,16,30,81,1,128,64,0,64,192
05/14/2020,FAI,AK,AAL,WE,Combined TRACON& Tower with Radar,19,12,8,4,43,0,32,69,3,104,19,44,77,7,147,130,0,130,277
05/15/2020,FAI,AK,AAL,WE,Combined TRACON& Tower with Radar,14,11,21,1,47,0,38,191,1,230,14,49,212,2,277,214,0,214,491
05/16/2020,FAI,AK,AAL,WE,Combined TRACON& Tower with Radar,9,6,12,0,27,1,18,128,0,147,10,24,140,0,174,213,0,213,387
05/17/2020,FAI,AK,AAL,WE,Combined TRACON& Tower with Radar,8,5,7,2,22,0,10,184,0,194,8,15,191,2,216,310,0,310,526
05/18/2020,FAI,AK,AAL,WE,Combined TRACON& Tower with Radar,10,8,9,0,27,0,31,82,2,115,10,39,91,2,142,176,0,176,318
05/19/2020,FAI,AK,AAL,WE,Combined TRACON& Tower with Radar,15,19,12,0,46,0,35,120,3,158,15,54,132,3,204,256,5,261,465
05/20/2020,FAI,AK,AAL,WE,Combined TRACON& Tower with Radar,16,14,14,4,48,0,45,139,5,189,16,59,153,9,237,306,7,313,550
05/21/2020,FAI,AK,AAL,WE,Combined TRACON& Tower with Radar,20,15,13,3,51,0,38,177,0,215,20,53,190,3,266,265,0,265,531
05/22/2020,FAI,AK,AAL,WE,Combined TRACON& Tower with Radar,15,15,18,1,49,0,42,143,2,187,15,57,161,3,236,270,0,270,506
05/23/2020,FAI,AK,AAL,WE,Combined TRACON& Tower with Radar,12,9,4,1,26,0,23,161,0,184,12,32,165,1,210,246,0,246,456
05/24/2020,FAI,AK,AAL,WE,Combined TRACON& Tower with Radar,8,11,9,0,28,0,3,116,0,119,8,14,125,0,147,188,0,188,335
05/25/2020,FAI,AK,AAL,WE,Combined TRACON& Tower with Radar,8,3,4,0,15,0,2,30,1,33,8,5,34,1,48,36,0,36,84
05/26/2020,FAI,AK,AAL,WE,Combined TRACON& Tower with Radar,13,18,9,0,40,0,30,123,4,157,13,48,132,4,197,172,0,172,369
05/27/2020,FAI,AK,AAL,WE,Combined TRACON& Tower with Radar,12,15,25,0,52,0,36,126,3,165,12,51,151,3,217,258,0,258,475
05/28/2020,FAI,AK,AAL,WE,Combined TRACON& Tower with Radar,21,18,5,2,46,0,39,124,1,164,21,57,129,3,210,260,0,260,470
05/29/2020,FAI,AK,AAL,WE,Combined TRACON& Tower with Radar,15,16,24,0,55,0,41,143,2,186,15,57,167,2,241,240,0,240,481
05/30/2020,FAI,AK,AAL,WE,Combined TRACON& Tower with Radar,11,9,12,0,32,0,25,97,0,122,11,34,109,0,154,169,0,169,323
05/31/2020,FAI,AK,AAL,WE,Combined TRACON& Tower with Radar,8,0,5,0,13,0,5,140,2,147,8,5,145,2,160,120,0,120,280
06/01/2020,FAI,AK,AAL,WE,Combined TRACON& Tower with Radar,16,8,13,1,38,0,48,169,1,218,16,56,182,2,256,196,0,196,452
06/02/2020,FAI,AK,AAL,WE,Combined TRACON& Tower with Radar,17,4,15,0,36,0,32,133,1,166,17,36,148,1,202,182,0,182,384
06/03/2020,FAI,AK,AAL,WE,Combined TRACON& Tower with Radar,19,16,24,0,59,0,37,91,1,129,19,53,115,1,188,144,0,144,332
06/04/2020,FAI,AK,AAL,WE,Combined TRACON& Tower with Radar,20,20,21,0,61,0,32,105,0,137,20,52,126,0,198,229,0,229,427
06/05/2020,FAI,AK,AAL,WE,Combined TRACON& Tower with Radar,14,10,17,0,41,2,62,123,0,187,16,72,140,0,228,230,0,230,458
06/06/2020,FAI,AK,AAL,WE,Combined TRACON& Tower with Radar,14,6,9,0,29,4,34,166,0,204,18,40,175,0,233,186,0,186,419
06/07/2020,FAI,AK,AAL,WE,Combined TRACON& Tower with Radar,12,2,14,1,29,0,17,150,0,167,12,19,164,1,196,320,0,320,516
06/08/2020,FAI,AK,AAL,WE,Combined TRACON& Tower with Radar,18,4,12,3,37,0,45,120,1,166,18,49,132,4,203,214,0,214,417
06/09/2020,FAI,AK,AAL,WE,Combined TRACON& Tower with Radar,16,17,15,4,52,0,47,115,16,178,16,64,130,20,230,230,0,230,460
06/10/2020,FAI,AK,AAL,WE,Combined TRACON& Tower with Radar,14,21,10,2,47,0,57,160,14,231,14,78,170,16,278,329,0,329,607
06/11/2020,FAI,AK,AAL,WE,Combined TRACON& Tower with Radar,19,16,9,1,45,0,51,130,15,196,19,67,139,16,241,362,1,363,604
06/12/2020,FAI,AK,AAL,WE,Combined TRACON& Tower with Radar,18,13,16,2,49,7,48,161,10,226,25,61,177,12,275,128,0,128,403
06/13/2020,FAI,AK,AAL,WE,Combined TRACON& Tower with Radar,12,5,17,1,35,0,40,203,0,243,12,45,220,1,278,348,0,348,626
06/14/2020,FAI,AK,AAL,WE,Combined TRACON& Tower with Radar,12,10,15,1,38,2,11,91,0,104,14,21,106,1,142,202,0,202,344
06/15/2020,FAI,AK,AAL,WE,Combined TRACON& Tower with Radar,14,9,15,2,40,3,42,100,2,147,17,51,115,4,187,76,0,76,263
06/16/2020,FAI,AK,AAL,WE,Combined TRACON& Tower with Radar,18,8,11,3,40,0,36,121,2,159,18,44,132,5,199,244,0,244,443
06/17/2020,FAI,AK,AAL,WE,Combined TRACON& Tower with Radar,13,12,12,0,37,0,42,156,6,204,13,54,168,6,241,240,6,246,487
06/18/2020,FAI,AK,AAL,WE,Combined TRACON& Tower with Radar,20,12,9,1,42,4,54,131,12,201,24,66,140,13,243,222,4,226,469
06/19/2020,FAI,AK,AAL,WE,Combined TRACON& Tower with Radar,18,49,28,0,95,0,11,54,0,65,18,60,82,0,160,142,0,142,302
06/20/2020,FAI,AK,AAL,WE,Combined TRACON& Tower with Radar,12,2,18,0,32,0,29,107,0,136,12,31,125,0,168,187,0,187,355
06/21/2020,FAI,AK,AAL,WE,Combined TRACON& Tower with Radar,12,9,19,0,40,0,0,22,0,22,12,9,41,0,62,28,0,28,90
06/22/2020,FAI,AK,AAL,WE,Combined TRACON& Tower with Radar,17,35,21,6,79,0,10,11,0,21,17,45,32,6,100,4,0,4,104
06/23/2020,FAI,AK,AAL,WE,Combined TRACON& Tower with Radar,17,39,26,2,84,0,9,39,0,48,17,48,65,2,132,34,0,34,166
06/24/2020,FAI,AK,AAL,WE,Combined TRACON& Tower with Radar,15,18,21,4,58,0,29,99,8,136,15,47,120,12,194,166,2,168,362
06/25/2020,FAI,AK,AAL,WE,Combined TRACON& Tower with Radar,21,19,24,4,68,0,49,171,3,223,21,68,195,7,291,288,0,288,579
06/26/2020,FAI,AK,AAL,WE,Combined TRACON& Tower with Radar,19,6,12,1,38,2,46,180,5,233,21,52,192,6,271,192,0,192,463
06/27/2020,FAI,AK,AAL,WE,Combined TRACON& Tower with Radar,15,6,24,3,48,0,36,202,5,243,15,42,226,8,291,253,1,254,545
06/28/2020,FAI,AK,AAL,WE,Combined TRACON& Tower with Radar,12,9,6,0,27,0,0,121,0,121,12,9,127,0,148,160,0,160,308
06/29/2020,FAI,AK,AAL,WE,Combined TRACON& Tower with Radar,16,15,16,3,50,0,31,100,8,139,16,46,116,11,189,116,2,118,307
06/30/2020,FAI,AK,AAL,WE,Combined TRACON& Tower with Radar,18,17,16,2,53,0,42,175,0,217,18,59,191,2,270,151,2,153,423
07/01/2020,FAI,AK,AAL,WE,Combined TRACON& Tower with Radar,19,15,23,8,65,0,50,211,0,261,19,65,234,8,326,381,6,387,713
07/02/2020,FAI,AK,AAL,WE,Combined TRACON& Tower with Radar,20,16,14,4,54,0,55,115,1,171,20,71,129,5,225,228,0,228,453
07/03/2020,FAI,AK,AAL,WE,Combined TRACON& Tower with Radar,22,14,12,3,51,0,49,163,5,217,22,63,175,8,268,152,0,152,420
07/04/2020,FAI,AK,AAL,WE,Combined TRACON& Tower with Radar,12,0,14,4,30,0,2,136,0,138,12,2,150,4,168,90,0,90,258
07/05/2020,FAI,AK,AAL,WE,Combined TRACON& Tower with Radar,12,2,4,4,22,2,8,138,0,148,14,10,142,4,170,195,0,195,365
07/06/2020,FAI,AK,AAL,WE,Combined TRACON& Tower with Radar,12,7,13,12,44,1,49,138,1,189,13,56,151,13,233,126,0,126,359
07/07/2020,FAI,AK,AAL,WE,Combined TRACON& Tower with Radar,17,13,13,11,54,0,29,124,3,156,17,42,137,14,210,102,18,120,330
07/08/2020,FAI,AK,AAL,WE,Combined TRACON& Tower with Radar,16,49,19,0,84,0,19,84,3,106,16,68,103,3,190,152,0,152,342
07/09/2020,FAI,AK,AAL,WE,Combined TRACON& Tower with Radar,23,22,27,6,78,0,33,56,1,90,23,55,83,7,168,132,0,132,300
07/10/2020,FAI,AK,AAL,WE,Combined TRACON& Tower with Radar,15,7,24,5,51,0,48,108,2,158,15,55,132,7,209,177,2,179,388
07/11/2020,FAI,AK,AAL,WE,Combined TRACON& Tower with Radar,13,10,17,0,40,0,26,166,0,192,13,36,183,0,232,221,0,221,453
07/12/2020,FAI,AK,AAL,WE,Combined TRACON& Tower with Radar,12,8,15,0,35,0,8,143,0,151,12,16,158,0,186,194,0,194,380
07/13/2020,FAI,AK,AAL,WE,Combined TRACON& Tower with Radar,16,38,18,8,80,0,21,56,0,77,16,59,74,8,157,100,0,100,257
07/14/2020,FAI,AK,AAL,WE,Combined TRACON& Tower with Radar,18,10,7,12,47,0,43,134,0,177,18,53,141,12,224,144,0,144,368
07/15/2020,FAI,AK,AAL,WE,Combined TRACON& Tower with Radar,25,21,11,10,67,1,45,156,7,209,26,66,167,17,276,170,0,170,446
07/16/2020,FAI,AK,AAL,WE,Combined TRACON& Tower with Radar,18,29,16,3,66,0,28,111,2,141,18,57,127,5,207,160,0,160,367
07/17/2020,FAI,AK,AAL,WE,Combined TRACON& Tower with Radar,15,25,17,5,62,0,31,115,0,146,15,56,132,5,208,230,0,230,438
07/18/2020,FAI,AK,AAL,WE,Combined TRACON& Tower with Radar,13,18,7,0,38,0,19,70,0,89,13,37,77,0,127,118,0,118,245
07/19/2020,FAI,AK,AAL,WE,Combined TRACON& Tower with Radar,12,4,2,0,18,0,6,116,2,124,12,10,118,2,142,200,0,200,342
07/20/2020,FAI,AK,AAL,WE,Combined TRACON& Tower with Radar,15,8,15,8,46,0,48,118,1,167,15,56,133,9,213,143,0,143,356
07/21/2020,FAI,AK,AAL,WE,Combined TRACON& Tower with Radar,18,46,23,6,93,0,3,23,0,26,18,49,46,6,119,28,0,28,147
07/22/2020,FAI,AK,AAL,WE,Combined TRACON& Tower with Radar,13,30,31,1,75,0,35,98,1,134,13,65,129,2,209,124,2,126,335
07/23/2020,FAI,AK,AAL,WE,Combined TRACON& Tower with Radar,19,23,15,19,76,2,38,148,2,190,21,61,163,21,266,154,4,158,424
07/24/2020,FAI,AK,AAL,WE,Combined TRACON& Tower with Radar,15,25,19,4,63,0,37,116,0,153,15,62,135,4,216,138,0,138,354
07/25/2020,FAI,AK,AAL,WE,Combined TRACON& Tower with Radar,12,13,16,0,41,0,13,102,1,116,12,26,118,1,157,176,0,176,333
07/26/2020,FAI,AK,AAL,WE,Combined TRACON& Tower with Radar,14,4,6,0,24,0,20,143,0,163,14,24,149,0,187,222,0,222,409
07/27/2020,FAI,AK,AAL,WE,Combined TRACON& Tower with Radar,16,27,22,14,79,0,27,60,1,88,16,54,82,15,167,67,16,83,250
07/28/2020,FAI,AK,AAL,WE,Combined TRACON& Tower with Radar,18,30,14,9,71,0,40,96,4,140,18,70,110,13,211,170,14,184,395
07/29/2020,FAI,AK,AAL,WE,Combined TRACON& Tower with Radar,16,16,29,1,62,0,34,176,0,210,16,50,205,1,272,108,0,108,380
07/30/2020,FAI,AK,AAL,WE,Combined TRACON& Tower with Radar,18,15,13,7,53,0,50,176,2,228,18,65,189,9,281,150,0,150,431
07/31/2020,FAI,AK,AAL,WE,Combined TRACON& Tower with Radar,13,9,22,3,47,0,52,232,1,285,13,61,254,4,332,194,4,198,530
08/01/2020,FAI,AK,AAL,WE,Combined TRACON& Tower with Radar,16,6,11,0,33,0,29,199,1,229,16,35,210,1,262,198,0,198,460
08/02/2020,FAI,AK,AAL,WE,Combined TRACON& Tower with Radar,15,16,8,0,39,2,14,83,0,99,17,30,91,0,138,164,0,164,302
08/03/2020,FAI,AK,AAL,WE,Combined TRACON& Tower with Radar,17,39,22,4,82,0,14,45,1,60,17,53,67,5,142,36,0,36,178
08/04/2020,FAI,AK,AAL,WE,Combined TRACON& Tower with Radar,22,31,27,7,87,0,32,149,0,181,22,63,176,7,268,86,2,88,356
08/05/2020,FAI,AK,AAL,WE,Combined TRACON& Tower with Radar,17,17,18,0,52,0,47,178,0,225,17,64,196,0,277,168,0,168,445
08/06/2020,FAI,AK,AAL,WE,Combined TRACON& Tower with Radar,23,10,19,7,59,0,66,196,0,262,23,76,215,7,321,150,0,150,471
08/07/2020,FAI,AK,AAL,WE,Combined TRACON& Tower with Radar,21,8,17,2,48,0,61,195,1,257,21,69,212,3,305,186,0,186,491
08/08/2020,FAI,AK,AAL,WE,Combined TRACON& Tower with Radar,20,3,5,1,29,0,41,195,0,236,20,44,200,1,265,78,0,78,343
08/09/2020,FAI,AK,AAL,WE,Combined TRACON& Tower with Radar,18,5,6,0,29,0,41,147,1,189,18,46,153,1,218,80,0,80,298
08/10/2020,FAI,AK,AAL,WE,Combined TRACON& Tower with Radar,18,17,20,1,56,0,47,127,2,176,18,64,147,3,232,65,3,68,300
08/11/2020,FAI,AK,AAL,WE,Combined TRACON& Tower with Radar,20,21,21,15,77,0,39,104,6,149,20,60,125,21,226,80,8,88,314
08/12/2020,FAI,AK,AAL,WE,Combined TRACON& Tower with Radar,21,34,33,9,97,0,29,95,3,127,21,63,128,12,224,88,0,88,312
08/13/2020,FAI,AK,AAL,WE,Combined TRACON& Tower with Radar,25,43,15,9,92,0,29,135,1,165,25,72,150,10,257,108,18,126,383
08/14/2020,FAI,AK,AAL,WE,Combined TRACON& Tower with Radar,19,13,24,4,60,0,53,230,2,285,19,66,254,6,345,148,0,148,493
08/15/2020,FAI,AK,AAL,WE,Combined TRACON& Tower with Radar,16,11,14,0,41,0,49,195,1,245,16,60,209,1,286,286,0,286,572
08/16/2020,FAI,AK,AAL,WE,Combined TRACON& Tower with Radar,16,7,15,0,38,0,27,215,0,242,16,34,230,0,280,138,0,138,418
08/17/2020,FAI,AK,AAL,WE,Combined TRACON& Tower with Radar,18,2,10,4,34,0,50,158,14,222,18,52,168,18,256,104,0,104,360
08/18/2020,FAI,AK,AAL,WE,Combined TRACON& Tower with Radar,18,15,10,18,61,0,54,192,8,254,18,69,202,26,315,162,2,164,479
08/19/2020,FAI,AK,AAL,WE,Combined TRACON& Tower with Radar,18,11,15,3,47,0,62,167,13,242,18,73,182,16,289,290,2,292,581
08/20/2020,FAI,AK,AAL,WE,Combined TRACON& Tower with Radar,22,11,22,6,61,0,63,163,2,228,22,74,185,8,289,176,0,176,465
08/21/2020,FAI,AK,AAL,WE,Combined TRACON& Tower with Radar,19,27,22,6,74,0,43,173,14,230,19,70,195,20,304,126,0,126,430
08/22/2020,FAI,AK,AAL,WE,Combined TRACON& Tower with Radar,17,9,16,2,44,1,34,176,0,211,18,43,192,2,255,166,0,166,421
08/23/2020,FAI,AK,AAL,WE,Combined TRACON& Tower with Radar,17,5,16,1,39,0,22,156,0,178,17,27,172,1,217,118,0,118,335
08/24/2020,FAI,AK,AAL,WE,Combined TRACON& Tower with Radar,20,28,29,0,77,0,28,64,2,94,20,56,93,2,171,90,0,90,261
08/25/2020,FAI,AK,AAL,WE,Combined TRACON& Tower with Radar,21,46,22,4,93,0,22,72,0,94,21,68,94,4,187,34,1,35,222
08/26/2020,FAI,AK,AAL,WE,Combined TRACON& Tower with Radar,16,28,41,1,86,0,33,68,0,101,16,61,109,1,187,108,0,108,295
08/27/2020,FAI,AK,AAL,WE,Combined TRACON& Tower with Radar,28,12,16,4,60,0,45,140,0,185,28,57,156,4,245,174,1,175,420
08/28/2020,FAI,AK,AAL,WE,Combined TRACON& Tower with Radar,24,28,21,0,73,0,37,126,0,163,24,65,147,0,236,42,0,42,278
08/29/2020,FAI,AK,AAL,WE,Combined TRACON& Tower with Radar,17,19,16,1,53,0,36,180,0,216,17,55,196,1,269,190,0,190,459
08/30/2020,FAI,AK,AAL,WE,Combined TRACON& Tower with Radar,15,9,11,2,37,0,45,147,0,192,15,54,158,2,229,164,0,164,393
08/31/2020,FAI,AK,AAL,WE,Combined TRACON& Tower with Radar,22,15,17,1,55,0,50,167,0,217,22,65,184,1,272,104,0,104,376
09/01/2020,FAI,AK,AAL,WE,Combined TRACON& Tower with Radar,18,26,25,4,73,0,28,86,0,114,18,54,111,4,187,118,0,118,305
09/02/2020,FAI,AK,AAL,WE,Combined TRACON& Tower with Radar,23,18,23,13,77,0,46,127,1,174,23,64,150,14,251,192,8,200,451
09/03/2020,FAI,AK,AAL,WE,Combined TRACON& Tower with Radar,21,11,13,6,51,0,62,130,2,194,21,73,143,8,245,209,0,209,454
09/04/2020,FAI,AK,AAL,WE,Combined TRACON& Tower with Radar,23,39,32,0,94,0,26,71,1,98,23,65,103,1,192,28,0,28,220
09/05/2020,FAI,AK,AAL,WE,Combined TRACON& Tower with Radar,15,29,29,0,73,0,18,65,1,84,15,47,94,1,157,26,0,26,183
09/06/2020,FAI,AK,AAL,WE,Combined TRACON& Tower with Radar,16,7,16,0,39,0,25,223,3,251,16,32,239,3,290,119,0,119,409
09/07/2020,FAI,AK,AAL,WE,Combined TRACON& Tower with Radar,17,6,5,0,28,0,7,130,0,137,17,13,135,0,165,140,0,140,305
09/08/2020,FAI,AK,AAL,WE,Combined TRACON& Tower with Radar,19,31,22,2,74,0,46,109,0,155,19,77,131,2,229,116,3,119,348
09/09/2020,FAI,AK,AAL,WE,Combined TRACON& Tower with Radar,20,48,23,0,91,0,24,53,2,79,20,72,76,2,170,60,0,60,230
09/10/2020,FAI,AK,AAL,WE,Combined TRACON& Tower with Radar,18,30,30,9,87,0,33,116,3,152,18,63,146,12,239,22,10,32,271
09/11/2020,FAI,AK,AAL,WE,Combined TRACON& Tower with Radar,19,34,26,4,83,0,47,165,1,213,19,81,191,5,296,132,0,132,428
09/12/2020,FAI,AK,AAL,WE,Combined TRACON& Tower with Radar,16,8,16,2,42,0,50,193,0,243,16,58,209,2,285,262,0,262,547
09/13/2020,FAI,AK,AAL,WE,Combined TRACON& Tower with Radar,16,5,8,2,31,0,32,220,2,254,16,37,228,4,285,278,0,278,563
09/14/2020,FAI,AK,AAL,WE,Combined TRACON& Tower with Radar,18,8,19,10,55,0,54,196,6,256,18,62,215,16,311,109,2,111,422
09/15/2020,FAI,AK,AAL,WE,Combined TRACON& Tower with Radar,19,11,22,5,57,0,44,176,4,224,19,55,198,9,281,172,0,172,453
09/16/2020,FAI,AK,AAL,WE,Combined TRACON& Tower with Radar,18,28,28,9,83,0,56,192,8,256,18,84,220,17,339,155,10,165,504
09/17/2020,FAI,AK,AAL,WE,Combined TRACON& Tower with Radar,20,17,18,9,64,0,50,135,4,189,20,67,153,13,253,158,12,170,423
09/18/2020,FAI,AK,AAL,WE,Combined TRACON& Tower with Radar,19,22,16,6,63,0,53,161,2,216,19,75,177,8,279,110,4,114,393
09/19/2020,FAI,AK,AAL,WE,Combined TRACON& Tower with Radar,16,15,19,1,51,0,54,145,1,200,16,69,164,2,251,118,0,118,369
09/20/2020,FAI,AK,AAL,WE,Combined TRACON& Tower with Radar,16,13,19,5,53,0,23,186,0,209,16,36,205,5,262,124,0,124,386
09/21/2020,FAI,AK,AAL,WE,Combined TRACON& Tower with Radar,18,9,24,10,61,0,49,223,0,272,18,58,247,10,333,190,8,198,531
09/22/2020,FAI,AK,AAL,WE,Combined TRACON& Tower with Radar,22,16,17,3,58,0,52,218,0,270,22,68,235,3,328,260,2,262,590
09/23/2020,FAI,AK,AAL,WE,Combined TRACON& Tower with Radar,18,15,24,7,64,0,39,109,1,149,18,54,133,8,213,101,3,104,317
09/24/2020,FAI,AK,AAL,WE,Combined TRACON& Tower with Radar,17,38,27,15,97,0,21,28,1,50,17,59,55,16,147,0,8,8,155
09/25/2020,FAI,AK,AAL,WE,Combined TRACON& Tower with Radar,20,28,28,4,80,0,26,84,0,110,20,54,112,4,190,92,0,92,282
09/26/2020,FAI,AK,AAL,WE,Combined TRACON& Tower with Radar,15,17,11,0,43,0,55,145,1,201,15,72,156,1,244,166,0,166,410
09/27/2020,FAI,AK,AAL,WE,Combined TRACON& Tower with Radar,19,5,10,0,34,0,9,143,0,152,19,14,153,0,186,64,8,72,258
09/28/2020,FAI,AK,AAL,WE,Combined TRACON& Tower with Radar,18,9,7,4,38,0,39,101,4,144,18,48,108,8,182,156,2,158,340
09/29/2020,FAI,AK,AAL,WE,Combined TRACON& Tower with Radar,19,13,22,10,64,0,39,101,8,148,19,52,123,18,212,192,1,193,405
09/30/2020,FAI,AK,AAL,WE,Combined TRACON& Tower with Radar,19,16,20,10,65,1,44,76,5,126,20,60,96,15,191,124,18,142,333
10/01/2020,FAI,AK,AAL,WE,Combined TRACON& Tower with Radar,20,10,16,10,56,0,37,109,3,149,20,47,125,13,205,192,0,192,397
10/02/2020,FAI,AK,AAL,WE,Combined TRACON& Tower with Radar,21,15,10,5,51,0,38,78,1,117,21,53,88,6,168,54,0,54,222
10/03/2020,FAI,AK,AAL,WE,Combined TRACON& Tower with Radar,15,14,11,1,41,0,33,123,0,156,15,47,134,1,197,180,0,180,377
10/04/2020,FAI,AK,AAL,WE,Combined TRACON& Tower with Radar,16,5,13,2,36,0,2,173,3,178,16,7,186,5,214,228,0,228,442
10/05/2020,FAI,AK,AAL,WE,Combined TRACON& Tower with Radar,18,9,11,4,42,0,33,102,0,135,18,42,113,4,177,136,2,138,315
10/06/2020,FAI,AK,AAL,WE,Combined TRACON& Tower with Radar,16,44,10,0,70,0,1,4,0,5,16,45,14,0,75,4,0,4,79
10/07/2020,FAI,AK,AAL,WE,Combined TRACON& Tower with Radar,18,21,11,5,55,0,40,108,8,156,18,61,119,13,211,140,0,140,351
10/08/2020,FAI,AK,AAL,WE,Combined TRACON& Tower with Radar,23,16,9,8,56,0,36,129,1,166,23,52,138,9,222,108,1,109,331
10/09/2020,FAI,AK,AAL,WE,Combined TRACON& Tower with Radar,24,16,11,2,53,0,43,109,0,152,24,59,120,2,205,146,0,146,351
10/10/2020,FAI,AK,AAL,WE,Combined TRACON& Tower with Radar,14,5,12,0,31,0,30,152,0,182,14,35,164,0,213,94,0,94,307
10/11/2020,FAI,AK,AAL,WE,Combined TRACON& Tower with Radar,20,4,8,0,32,0,2,74,0,76,20,6,82,0,108,78,1,79,187
10/12/2020,FAI,AK,AAL,WE,Combined TRACON& Tower with Radar,22,8,7,1,38,0,40,74,0,114,22,48,81,1,152,77,0,77,229
10/13/2020,FAI,AK,AAL,WE,Combined TRACON& Tower with Radar,19,12,10,9,50,0,40,59,0,99,19,52,69,9,149,110,6,116,265
10/14/2020,FAI,AK,AAL,WE,Combined TRACON& Tower with Radar,21,27,23,7,78,0,35,38,1,74,21,62,61,8,152,70,6,76,228
10/15/2020,FAI,AK,AAL,WE,Combined TRACON& Tower with Radar,21,30,25,16,92,0,14,38,1,53,21,44,63,17,145,76,2,78,223
10/16/2020,FAI,AK,AAL,WE,Combined TRACON& Tower with Radar,19,8,15,2,44,0,50,86,10,146,19,58,101,12,190,80,0,80,270
10/17/2020,FAI,AK,AAL,WE,Combined TRACON& Tower with Radar,15,1,4,3,23,0,23,70,6,99,15,24,74,9,122,130,0,130,252
10/18/2020,FAI,AK,AAL,WE,Combined TRACON& Tower with Radar,16,5,12,1,34,0,10,65,6,81,16,15,77,7,115,64,0,64,179
10/19/2020,FAI,AK,AAL,WE,Combined TRACON& Tower with Radar,18,30,17,4,69,0,5,3,0,8,18,35,20,4,77,0,0,0,77
10/20/2020,FAI,AK,AAL,WE,Combined TRACON& Tower with Radar,20,22,12,2,56,0,41,13,1,55,20,63,25,3,111,14,0,14,125
10/21/2020,FAI,AK,AAL,WE,Combined TRACON& Tower with Radar,16,23,9,4,52,0,2,4,0,6,16,25,13,4,58,0,0,0,58
10/22/2020,FAI,AK,AAL,WE,Combined TRACON& Tower with Radar,24,19,13,14,70,0,57,88,2,147,24,76,101,16,217,100,0,100,317
10/23/2020,FAI,AK,AAL,WE,Combined TRACON& Tower with Radar,19,13,9,4,45,0,59,78,10,147,19,72,87,14,192,114,0,114,306
10/24/2020,FAI,AK,AAL,WE,Combined TRACON& Tower with Radar,15,13,6,0,34,0,22,90,0,112,15,35,96,0,146,150,0,150,296
10/25/2020,FAI,AK,AAL,WE,Combined TRACON& Tower with Radar,16,11,11,1,39,0,3,61,0,64,16,14,72,1,103,96,0,96,199
10/26/2020,FAI,AK,AAL,WE,Combined TRACON& Tower with Radar,20,27,12,0,59,0,2,2,0,4,20,29,14,0,63,0,0,0,63
10/27/2020,FAI,AK,AAL,WE,Combined TRACON& Tower with Radar,18,42,20,6,86,0,18,5,0,23,18,60,25,6,109,4,1,5,114
10/28/2020,FAI,AK,AAL,WE,Combined TRACON& Tower with Radar,21,41,20,4,86,0,26,12,0,38,21,67,32,4,124,8,0,8,132
10/29/2020,FAI,AK,AAL,WE,Combined TRACON& Tower with Radar,23,48,23,8,102,0,11,17,0,28,23,59,40,8,130,18,0,18,148
10/30/2020,FAI,AK,AAL,WE,Combined TRACON& Tower with Radar,20,36,34,2,92,0,17,28,0,45,20,53,62,2,137,60,0,60,197
10/31/2020,FAI,AK,AAL,WE,Combined TRACON& Tower with Radar,15,34,2,0,51,0,7,2,0,9,15,41,4,0,60,12,0,12,72
11/01/2020,FAI,AK,AAL,WE,Combined TRACON& Tower with Radar,18,13,16,0,47,0,11,42,0,53,18,24,58,0,100,28,0,28,128
11/02/2020,FAI,AK,AAL,WE,Combined TRACON& Tower with Radar,22,28,11,4,65,0,24,20,0,44,22,52,31,4,109,34,0,34,143
11/03/2020,FAI,AK,AAL,WE,Combined TRACON& Tower with Radar,17,7,8,6,38,0,39,44,4,87,17,46,52,10,125,26,4,30,155
11/04/2020,FAI,AK,AAL,WE,Combined TRACON& Tower with Radar,20,21,7,3,51,0,43,50,0,93,20,64,57,3,144,2,0,2,146
11/05/2020,FAI,AK,AAL,WE,Combined TRACON& Tower with Radar,18,9,12,7,46,0,40,56,14,110,18,49,68,21,156,44,0,44,200
11/06/2020,FAI,AK,AAL,WE,Combined TRACON& Tower with Radar,18,24,11,0,53,0,2,10,0,12,18,26,21,0,65,30,0,30,95
11/07/2020,FAI,AK,AAL,WE,Combined TRACON& Tower with Radar,15,14,0,0,29,0,26,2,0,28,15,40,2,0,57,0,0,0,57
11/08/2020,FAI,AK,AAL,WE,Combined TRACON& Tower with Radar,16,6,2,0,24,0,6,0,0,6,16,12,2,0,30,0,0,0,30
11/09/2020,FAI,AK,AAL,WE,Combined TRACON& Tower with Radar,21,35,14,2,72,0,14,9,0,23,21,49,23,2,95,3,1,4,99
11/10/2020,FAI,AK,AAL,WE,Combined TRACON& Tower with Radar,20,39,14,6,79,0,23,11,2,36,20,62,25,8,115,10,3,13,128
11/11/2020,FAI,AK,AAL,WE,Combined TRACON& Tower with Radar,19,20,11,0,50,0,30,82,0,112,19,50,93,0,162,58,0,58,220
11/12/2020,FAI,AK,AAL,WE,Combined TRACON& Tower with Radar,19,23,14,7,63,0,30,55,2,87,19,53,69,9,150,88,0,88,238
11/13/2020,FAI,AK,AAL,WE,Combined TRACON& Tower with Radar,21,32,17,0,70,0,26,45,1,72,21,58,62,1,142,40,6,46,188
11/14/2020,FAI,AK,AAL,WE,Combined TRACON& Tower with Radar,14,14,4,0,32,0,19,38,0,57,14,33,42,0,89,92,0,92,181
11/15/2020,FAI,AK,AAL,WE,Combined TRACON& Tower with Radar,16,8,0,0,24,0,9,17,0,26,16,17,17,0,50,34,0,34,84
11/16/2020,FAI,AK,AAL,WE,Combined TRACON& Tower with Radar,20,16,18,3,57,0,36,46,0,82,20,52,64,3,139,32,2,34,173
11/17/2020,FAI,AK,AAL,WE,Combined TRACON& Tower with Radar,16,15,9,5,45,0,39,59,7,105,16,54,68,12,150,30,0,30,180
11/18/2020,FAI,AK,AAL,WE,Combined TRACON& Tower with Radar,19,19,12,9,59,0,32,74,11,117,19,51,86,20,176,36,0,36,212
11/19/2020,FAI,AK,AAL,WE,Combined TRACON& Tower with Radar,20,18,15,8,61,0,36,62,3,101,20,54,77,11,162,38,2,40,202
11/20/2020,FAI,AK,AAL,WE,Combined TRACON& Tower with Radar,17,13,10,0,40,0,51,69,0,120,17,64,79,0,160,44,0,44,204
11/21/2020,FAI,AK,AAL,WE,Combined TRACON& Tower with Radar,19,11,4,0,34,0,30,43,0,73,19,41,47,0,107,50,0,50,157
11/22/2020,FAI,AK,AAL,WE,Combined TRACON& Tower with Radar,17,5,8,0,30,0,11,61,0,72,17,16,69,0,102,68,0,68,170
11/23/2020,FAI,AK,AAL,WE,Combined TRACON& Tower with Radar,22,4,7,5,38,0,40,57,5,102,22,44,64,10,140,28,10,38,178
11/24/2020,FAI,AK,AAL,WE,Combined TRACON& Tower with Radar,18,28,17,5,68,0,31,60,2,93,18,59,77,7,161,30,8,38,199
11/25/2020,FAI,AK,AAL,WE,Combined TRACON& Tower with Radar,20,25,8,1,54,0,54,59,1,114,20,79,67,2,168,54,3,57,225
11/26/2020,FAI,AK,AAL,WE,Combined TRACON& Tower with Radar,12,8,0,4,24,0,2,4,0,6,12,10,4,4,30,2,0,2,32
11/27/2020,FAI,AK,AAL,WE,Combined TRACON& Tower with Radar,18,13,7,0,38,0,34,41,0,75,18,47,48,0,113,34,0,34,147
11/28/2020,FAI,AK,AAL,WE,Combined TRACON& Tower with Radar,21,9,8,0,38,0,25,43,0,68,21,34,51,0,106,72,0,72,178
11/29/2020,FAI,AK,AAL,WE,Combined TRACON& Tower with Radar,19,4,2,0,25,0,3,25,0,28,19,7,27,0,53,16,0,16,69
11/30/2020,FAI,AK,AAL,WE,Combined TRACON& Tower with Radar,20,19,7,7,53,0,49,35,2,86,20,68,42,9,139,40,0,40,179
12/01/2020,FAI,AK,AAL,WE,Combined TRACON& Tower with Radar,24,16,5,7,52,0,36,27,6,69,24,52,32,13,121,42,0,42,163
12/02/2020,FAI,AK,AAL,WE,Combined TRACON& Tower with Radar,22,27,6,13,68,0,25,43,3,71,22,52,49,16,139,40,0,40,179
12/03/2020,FAI,AK,AAL,WE,Combined TRACON& Tower with Radar,17,35,14,13,79,0,22,13,4,39,17,57,27,17,118,16,4,20,138
12/04/2020,FAI,AK,AAL,WE,Combined TRACON& Tower with Radar,20,26,17,6,69,0,48,31,0,79,20,74,48,6,148,6,0,6,154
12/05/2020,FAI,AK,AAL,WE,Combined TRACON& Tower with Radar,18,30,5,0,53,0,10,40,1,51,18,40,45,1,104,53,2,55,159
12/06/2020,FAI,AK,AAL,WE,Combined TRACON& Tower with Radar,17,6,2,4,29,0,13,47,0,60,17,19,49,4,89,36,0,36,125
12/07/2020,FAI,AK,AAL,WE,Combined TRACON& Tower with Radar,20,16,11,9,56,0,40,32,8,80,20,56,43,17,136,50,6,56,192
12/08/2020,FAI,AK,AAL,WE,Combined TRACON& Tower with Radar,20,32,13,8,73,0,30,13,0,43,20,62,26,8,116,38,4,42,158
12/09/2020,FAI,AK,AAL,WE,Combined TRACON& Tower with Radar,18,37,20,6,81,0,39,60,2,101,18,76,80,8,182,40,0,40,222
12/10/2020,FAI,AK,AAL,WE,Combined TRACON& Tower with Radar,18,30,22,7,77,0,17,13,0,30,18,47,35,7,107,32,0,32,139
12/11/2020,FAI,AK,AAL,WE,Combined TRACON& Tower with Radar,21,14,15,5,55,0,41,41,2,84,21,55,56,7,139,12,0,12,151
12/12/2020,FAI,AK,AAL,WE,Combined TRACON& Tower with Radar,18,8,5,0,31,0,24,27,0,51,18,32,32,0,82,12,0,12,94
12/13/2020,FAI,AK,AAL,WE,Combined TRACON& Tower with Radar,17,5,2,1,25,0,20,36,0,56,17,25,38,1,81,68,1,69,150
12/14/2020,FAI,AK,AAL,WE,Combined TRACON& Tower with Radar,17,27,16,1,61,0,17,10,0,27,17,44,26,1,88,0,0,0,88
12/15/2020,FAI,AK,AAL,WE,Combined TRACON& Tower with Radar,20,23,12,14,69,0,36,53,1,90,20,59,65,15,159,29,12,41,200
12/16/2020,FAI,AK,AAL,WE,Combined TRACON& Tower with Radar,22,32,13,6,73,0,41,38,5,84,22,73,51,11,157,66,0,66,223
12/17/2020,FAI,AK,AAL,WE,Combined TRACON& Tower with Radar,18,18,13,11,60,0,38,26,8,72,18,56,39,19,132,22,4,26,158
12/18/2020,FAI,AK,AAL,WE,Combined TRACON& Tower with Radar,18,23,14,2,57,0,42,40,1,83,18,65,54,3,140,2,0,2,142
12/19/2020,FAI,AK,AAL,WE,Combined TRACON& Tower with Radar,24,19,9,0,52,0,27,36,0,63,24,46,45,0,115,12,0,12,127
12/20/2020,FAI,AK,AAL,WE,Combined TRACON& Tower with Radar,16,20,0,0,36,0,16,17,0,33,16,36,17,0,69,14,0,14,83
12/21/2020,FAI,AK,AAL,WE,Combined TRACON& Tower with Radar,17,14,12,5,48,0,43,30,12,85,17,57,42,17,133,48,4,52,185
12/22/2020,FAI,AK,AAL,WE,Combined TRACON& Tower with Radar,20,22,12,0,54,0,41,35,7,83,20,63,47,7,137,14,1,15,152
12/23/2020,FAI,AK,AAL,WE,Combined TRACON& Tower with Radar,20,54,14,5,93,0,13,14,5,32,20,67,28,10,125,18,0,18,143
12/24/2020,FAI,AK,AAL,WE,Combined TRACON& Tower with Radar,16,17,19,4,56,0,26,72,4,102,16,43,91,8,158,58,0,58,216
12/25/2020,FAI,AK,AAL,WE,Combined TRACON& Tower with Radar,12,3,2,0,17,0,0,9,0,9,12,3,11,0,26,0,0,0,26
12/26/2020,FAI,AK,AAL,WE,Combined TRACON& Tower with Radar,17,7,7,0,31,0,16,50,0,66,17,23,57,0,97,40,0,40,137
12/27/2020,FAI,AK,AAL,WE,Combined TRACON& Tower with Radar,16,5,5,0,26,0,2,49,0,51,16,7,54,0,77,36,0,36,113
12/28/2020,FAI,AK,AAL,WE,Combined TRACON& Tower with Radar,18,8,8,6,40,0,33,33,1,67,18,41,41,7,107,24,0,24,131
12/29/2020,FAI,AK,AAL,WE,Combined TRACON& Tower with Radar,18,24,16,13,71,0,32,51,1,84,18,56,67,14,155,54,0,54,209
12/30/2020,FAI,AK,AAL,WE,Combined TRACON& Tower with Radar,20,21,15,6,62,0,27,39,0,66,20,48,54,6,128,36,2,38,166
12/31/2020,FAI,AK,AAL,WE,Combined TRACON& Tower with Radar,15,14,11,2,42,0,27,49,0,76,15,41,60,2,118,62,0,62,180
01/01/2021,FAI,AK,AAL,WE,Combined TRACON& Tower with Radar,15,8,6,0,29,0,1,32,0,33,15,9,38,0,62,6,0,6,68
01/02/2021,FAI,AK,AAL,WE,Combined TRACON& Tower with Radar,14,23,4,0,41,0,22,13,0,35,14,45,17,0,76,30,0,30,106
01/03/2021,FAI,AK,AAL,WE,Combined TRACON& Tower with Radar,18,8,6,0,32,0,7,14,0,21,18,15,20,0,53,48,0,48,101
01/04/2021,FAI,AK,AAL,WE,Combined TRACON& Tower with Radar,18,24,12,2,56,0,37,17,2,56,18,61,29,4,112,2,0,2,114
01/05/2021,FAI,AK,AAL,WE,Combined TRACON& Tower with Radar,19,15,9,9,52,0,28,38,2,68,19,43,47,11,120,12,0,12,132
01/06/2021,FAI,AK,AAL,WE,Combined TRACON& Tower with Radar,20,27,21,3,71,0,39,32,0,71,20,66,53,3,142,24,4,28,170
01/07/2021,FAI,AK,AAL,WE,Combined TRACON& Tower with Radar,20,13,10,6,49,0,34,44,2,80,20,47,54,8,129,42,6,48,177
01/08/2021,FAI,AK,AAL,WE,Combined TRACON& Tower with Radar,16,21,11,4,52,0,46,47,2,95,16,67,58,6,147,28,14,42,189
01/09/2021,FAI,AK,AAL,WE,Combined TRACON& Tower with Radar,18,9,15,0,42,0,29,54,0,83,18,38,69,0,125,114,0,114,239
01/10/2021,FAI,AK,AAL,WE,Combined TRACON& Tower with Radar,14,5,2,0,21,0,13,53,0,66,14,18,55,0,87,116,0,116,203
01/11/2021,FAI,AK,AAL,WE,Combined TRACON& Tower with Radar,17,14,11,13,55,0,33,27,3,63,17,47,38,16,118,42,14,56,174
01/12/2021,FAI,AK,AAL,WE,Combined TRACON& Tower with Radar,17,20,15,10,62,0,44,32,6,82,17,64,47,16,144,32,4,36,180
01/13/2021,FAI,AK,AAL,WE,Combined TRACON& Tower with Radar,18,26,24,13,81,0,52,44,6,102,18,78,68,19,183,70,0,70,253
01/14/2021,FAI,AK,AAL,WE,Combined TRACON& Tower with Radar,22,12,15,10,59,0,31,53,7,91,22,43,68,17,150,58,0,58,208
01/15/2021,FAI,AK,AAL,WE,Combined TRACON& Tower with Radar,18,15,13,0,46,0,35,47,0,82,18,50,60,0,128,40,0,40,168
01/16/2021,FAI,AK,AAL,WE,Combined TRACON& Tower with Radar,18,8,19,0,45,0,26,76,1,103,18,34,95,1,148,32,0,32,180
01/17/2021,FAI,AK,AAL,WE,Combined TRACON& Tower with Radar,16,6,13,0,35,0,12,84,0,96,16,18,97,0,131,44,0,44,175
01/18/2021,FAI,AK,AAL,WE,Combined TRACON& Tower with Radar,22,13,7,0,42,0,34,29,0,63,22,47,36,0,105,112,0,112,217
01/19/2021,FAI,AK,AAL,WE,Combined TRACON& Tower with Radar,17,39,35,4,95,0,16,20,1,37,17,55,55,5,132,28,10,38,170
01/20/2021,FAI,AK,AAL,WE,Combined TRACON& Tower with Radar,21,23,19,4,67,0,38,70,0,108,21,61,89,4,175,52,2,54,229
01/21/2021,FAI,AK,AAL,WE,Combined TRACON& Tower with Radar,19,21,14,10,64,0,45,54,1,100,19,66,68,11,164,38,16,54,218
01/22/2021,FAI,AK,AAL,WE,Combined TRACON& Tower with Radar,21,15,15,5,56,0,37,69,7,113,21,52,84,12,169,84,0,84,253
01/23/2021,FAI,AK,AAL,WE,Combined TRACON& Tower with Radar,18,16,9,2,45,0,26,80,0,106,18,42,89,2,151,113,8,121,272
01/24/2021,FAI,AK,AAL,WE,Combined TRACON& Tower with Radar,15,16,3,0,34,0,1,1,0,2,15,17,4,0,36,0,0,0,36
01/25/2021,FAI,AK,AAL,WE,Combined TRACON& Tower with Radar,17,10,8,13,48,0,44,55,2,101,17,54,63,15,149,32,4,36,185
01/26/2021,FAI,AK,AAL,WE,Combined TRACON& Tower with Radar,18,32,12,5,67,0,24,22,0,46,18,56,34,5,113,2,0,2,115
01/27/2021,FAI,AK,AAL,WE,Combined TRACON& Tower with Radar,19,16,8,3,46,0,43,44,2,89,19,59,52,5,135,20,0,20,155
01/28/2021,FAI,AK,AAL,WE,Combined TRACON& Tower with Radar,19,16,17,8,60,0,32,54,14,100,19,48,71,22,160,30,0,30,190
01/29/2021,FAI,AK,AAL,WE,Combined TRACON& Tower with Radar,23,9,17,2,51,0,30,59,0,89,23,39,76,2,140,84,0,84,224
01/30/2021,FAI,AK,AAL,WE,Combined TRACON& Tower with Radar,17,18,3,0,38,0,14,13,0,27,17,32,16,0,65,46,0,46,111
01/31/2021,FAI,AK,AAL,WE,Combined TRACON& Tower with Radar,17,8,7,0,32,0,7,13,0,20,17,15,20,0,52,20,0,20,72
02/01/2021,FAI,AK,AAL,WE,Combined TRACON& Tower with Radar,17,2,8,2,29,0,42,39,0,81,17,44,47,2,110,17,0,17,127
02/02/2021,FAI,AK,AAL,WE,Combined TRACON& Tower with Radar,18,16,6,2,42,0,40,25,1,66,18,56,31,3,108,4,0,4,112
02/03/2021,FAI,AK,AAL,WE,Combined TRACON& Tower with Radar,17,35,20,0,72,0,17,11,0,28,17,52,31,0,100,0,0,0,100
02/04/2021,FAI,AK,AAL,WE,Combined TRACON& Tower with Radar,18,16,8,2,44,0,41,34,0,75,18,57,42,2,119,6,0,6,125
02/05/2021,FAI,AK,AAL,WE,Combined TRACON& Tower with Radar,18,13,12,2,45,0,31,36,0,67,18,44,48,2,112,6,0,6,118
02/06/2021,FAI,AK,AAL,WE,Combined TRACON& Tower with Radar,16,28,1,0,45,0,3,0,0,3,16,31,1,0,48,0,0,0,48
02/07/2021,FAI,AK,AAL,WE,Combined TRACON& Tower with Radar,17,5,5,1,28,0,6,26,3,35,17,11,31,4,63,6,0,6,69
02/08/2021,FAI,AK,AAL,WE,Combined TRACON& Tower with Radar,21,13,4,0,38,0,40,35,0,75,21,53,39,0,113,0,0,0,113
02/09/2021,FAI,AK,AAL,WE,Combined TRACON& Tower with Radar,18,14,8,4,44,0,35,23,0,58,18,49,31,4,102,0,0,0,102
02/10/2021,FAI,AK,AAL,WE,Combined TRACON& Tower with Radar,20,17,12,3,52,0,37,56,3,96,20,54,68,6,148,30,0,30,178
02/11/2021,FAI,AK,AAL,WE,Combined TRACON& Tower with Radar,25,13,15,9,62,0,31,56,0,87,25,44,71,9,149,72,0,72,221
02/12/2021,FAI,AK,AAL,WE,Combined TRACON& Tower with Radar,18,14,22,3,57,0,38,93,4,135,18,52,115,7,192,64,0,64,256
02/13/2021,FAI,AK,AAL,WE,Combined TRACON& Tower with Radar,13,12,18,2,45,0,20,82,4,106,13,32,100,6,151,30,0,30,181
02/14/2021,FAI,AK,AAL,WE,Combined TRACON& Tower with Radar,14,11,9,1,35,0,0,71,0,71,14,11,80,1,106,90,0,90,196
02/15/2021,FAI,AK,AAL,WE,Combined TRACON& Tower with Radar,19,12,22,0,53,0,43,58,2,103,19,55,80,2,156,102,0,102,258
02/16/2021,FAI,AK,AAL,WE,Combined TRACON& Tower with Radar,18,29,23,2,72,0,2,12,0,14,18,31,35,2,86,0,0,0,86
02/17/2021,FAI,AK,AAL,WE,Combined TRACON& Tower with Radar,18,17,21,2,58,0,43,50,0,93,18,60,71,2,151,54,0,54,205
02/18/2021,FAI,AK,AAL,WE,Combined TRACON& Tower with Radar,22,33,18,8,81,0,12,2,2,16,22,45,20,10,97,0,4,4,101
02/19/2021,FAI,AK,AAL,WE,Combined TRACON& Tower with Radar,19,26,24,6,75,0,28,16,0,44,19,54,40,6,119,6,2,8,127
02/20/2021,FAI,AK,AAL,WE,Combined TRACON& Tower with Radar,20,8,2,0,30,0,22,20,0,42,20,30,22,0,72,64,0,64,136
02/21/2021,FAI,AK,AAL,WE,Combined TRACON& Tower with Radar,15,7,6,0,28,0,6,28,0,34,15,13,34,0,62,28,0,28,90
02/22/2021,FAI,AK,AAL,WE,Combined TRACON& Tower with Radar,22,9,3,2,36,0,40,27,0,67,22,49,30,2,103,31,0,31,134
02/23/2021,FAI,AK,AAL,WE,Combined TRACON& Tower with Radar,18,15,11,3,47,0,35,26,0,61,18,50,37,3,108,26,0,26,134
02/24/2021,FAI,AK,AAL,WE,Combined TRACON& Tower with Radar,20,27,20,7,74,0,30,15,7,52,20,57,35,14,126,95,2,97,223
02/25/2021,FAI,AK,AAL,WE,Combined TRACON& Tower with Radar,20,25,18,9,72,0,15,12,1,28,20,40,30,10,100,12,0,12,112
02/26/2021,FAI,AK,AAL,WE,Combined TRACON& Tower with Radar,20,43,22,0,85,0,9,6,0,15,20,52,28,0,100,10,2,12,112
02/27/2021,FAI,AK,AAL,WE,Combined TRACON& Tower with Radar,15,18,9,0,42,0,16,22,0,38,15,34,31,0,80,24,0,24,104
02/28/2021,FAI,AK,AAL,WE,Combined TRACON& Tower with Radar,15,13,4,0,32,0,3,9,0,12,15,16,13,0,44,0,0,0,44
03/01/2021,FAI,AK,AAL,WE,Combined TRACON& Tower with Radar,20,32,19,6,77,0,21,8,0,29,20,53,27,6,106,2,0,2,108
03/02/2021,FAI,AK,AAL,WE,Combined TRACON& Tower with Radar,21,23,13,5,62,0,33,56,2,91,21,56,69,7,153,90,0,90,243
03/03/2021,FAI,AK,AAL,WE,Combined TRACON& Tower with Radar,18,29,19,4,70,0,37,42,2,81,18,66,61,6,151,118,0,118,269
03/04/2021,FAI,AK,AAL,WE,Combined TRACON& Tower with Radar,23,14,21,6,64,0,42,113,5,160,23,56,134,11,224,136,0,136,360
03/05/2021,FAI,AK,AAL,WE,Combined TRACON& Tower with Radar,20,14,15,0,49,0,43,64,0,107,20,57,79,0,156,102,0,102,258
03/06/2021,FAI,AK,AAL,WE,Combined TRACON& Tower with Radar,17,4,13,0,34,0,20,53,0,73,17,24,66,0,107,96,0,96,203
03/07/2021,FAI,AK,AAL,WE,Combined TRACON& Tower with Radar,16,5,11,0,32,0,2,52,0,54,16,7,63,0,86,103,0,103,189
03/08/2021,FAI,AK,AAL,WE,Combined TRACON& Tower with Radar,14,6,9,2,31,0,56,93,0,149,14,62,102,2,180,110,1,111,291
03/09/2021,FAI,AK,AAL,WE,Combined TRACON& Tower with Radar,20,31,19,7,77,0,30,35,0,65,20,61,54,7,142,122,0,122,264
03/10/2021,FAI,AK,AAL,WE,Combined TRACON& Tower with Radar,20,43,15,1,79,0,1,0,0,1,20,44,15,1,80,0,0,0,80
03/11/2021,FAI,AK,AAL,WE,Combined TRACON& Tower with Radar,23,14,22,15,74,0,36,31,5,72,23,50,53,20,146,48,16,64,210
03/12/2021,FAI,AK,AAL,WE,Combined TRACON& Tower with Radar,17,14,14,1,46,0,44,65,1,110,17,58,79,2,156,20,0,20,176
03/13/2021,FAI,AK,AAL,WE,Combined TRACON& Tower with Radar,17,10,9,1,37,0,29,64,0,93,17,39,73,1,130,50,0,50,180
03/14/2021,FAI,AK,AAL,WE,Combined TRACON& Tower with Radar,16,6,16,0,38,0,17,80,0,97,16,23,96,0,135,98,3,101,236
03/15/2021,FAI,AK,AAL,WE,Combined TRACON& Tower with Radar,17,11,9,2,39,0,50,52,0,102,17,61,61,2,141,114,0,114,255
03/16/2021,FAI,AK,AAL,WE,Combined TRACON& Tower with Radar,21,28,30,5,84,0,45,53,2,100,21,73,83,7,184,116,0,116,300
03/17/2021,FAI,AK,AAL,WE,Combined TRACON& Tower with Radar,18,27,19,5,69,0,47,60,4,111,18,74,79,9,180,82,6,88,268
03/18/2021,FAI,AK,AAL,WE,Combined TRACON& Tower with Radar,22,11,11,6,50,0,67,49,4,120,22,78,60,10,170,117,10,127,297
03/19/2021,FAI,AK,AAL,WE,Combined TRACON& Tower with Radar,21,22,17,2,62,0,51,107,0,158,21,73,124,2,220,128,0,128,348
03/20/2021,FAI,AK,AAL,WE,Combined TRACON& Tower with Radar,18,7,13,0,38,0,25,96,0,121,18,32,109,0,159,136,0,136,295
03/21/2021,FAI,AK,AAL,WE,Combined TRACON& Tower with Radar,18,6,13,0,37,0,10,144,0,154,18,16,157,0,191,236,0,236,427
03/22/2021,FAI,AK,AAL,WE,Combined TRACON& Tower with Radar,19,16,13,4,52,0,43,92,6,141,19,59,105,10,193,78,4,82,275
03/23/2021,FAI,AK,AAL,WE,Combined TRACON& Tower with Radar,21,21,29,6,77,0,30,42,0,72,21,51,71,6,149,60,4,64,213
03/24/2021,FAI,AK,AAL,WE,Combined TRACON& Tower with Radar,22,60,24,0,106,0,7,6,0,13,22,67,30,0,119,72,0,72,191
03/25/2021,FAI,AK,AAL,WE,Combined TRACON& Tower with Radar,26,51,26,8,111,0,20,6,2,28,26,71,32,10,139,0,2,2,141
03/26/2021,FAI,AK,AAL,WE,Combined TRACON& Tower with Radar,21,35,31,4,91,0,33,29,0,62,21,68,60,4,153,70,0,70,223
03/27/2021,FAI,AK,AAL,WE,Combined TRACON& Tower with Radar,23,18,12,0,53,0,22,64,0,86,23,40,76,0,139,60,0,60,199
03/28/2021,FAI,AK,AAL,WE,Combined TRACON& Tower with Radar,20,6,5,0,31,0,7,100,0,107,20,13,105,0,138,118,0,118,256
03/29/2021,FAI,AK,AAL,WE,Combined TRACON& Tower with Radar,25,29,12,1,67,0,23,15,0,38,25,52,27,1,105,36,0,36,141
03/30/2021,FAI,AK,AAL,WE,Combined TRACON& Tower with Radar,26,27,22,6,81,0,40,38,4,82,26,67,60,10,163,136,4,140,303
03/31/2021,FAI,AK,AAL,WE,Combined TRACON& Tower with Radar,23,44,22,4,93,0,24,23,2,49,23,68,45,6,142,90,0,90,232
04/01/2021,FAI,AK,AAL,WE,Combined TRACON& Tower with Radar,26,25,17,4,72,0,37,34,2,73,26,62,51,6,145,28,1,29,174
04/02/2021,FAI,AK,AAL,WE,Combined TRACON& Tower with Radar,23,24,20,6,73,0,43,48,0,91,23,67,68,6,164,36,4,40,204
04/03/2021,FAI,AK,AAL,WE,Combined TRACON& Tower with Radar,19,33,0,0,52,0,0,0,0,0,19,33,0,0,52,0,0,0,52
04/04/2021,FAI,AK,AAL,WE,Combined TRACON& Tower with Radar,19,5,7,0,31,0,0,0,0,0,19,5,7,0,31,0,0,0,31
04/05/2021,FAI,AK,AAL,WE,Combined TRACON& Tower with Radar,25,35,21,2,83,0,30,9,2,41,25,65,30,4,124,0,0,0,124
04/06/2021,FAI,AK,AAL,WE,Combined TRACON& Tower with Radar,24,11,9,10,54,0,48,84,0,132,24,59,93,10,186,108,0,108,294
04/07/2021,FAI,AK,AAL,WE,Combined TRACON& Tower with Radar,24,16,19,1,60,0,59,99,1,159,24,75,118,2,219,114,0,114,333
04/08/2021,FAI,AK,AAL,WE,Combined TRACON& Tower with Radar,30,17,11,2,60,0,37,46,2,85,30,54,57,4,145,52,0,52,197
04/09/2021,FAI,AK,AAL,WE,Combined TRACON& Tower with Radar,23,11,21,2,57,0,44,64,0,108,23,55,85,2,165,66,0,66,231
04/10/2021,FAI,AK,AAL,WE,Combined TRACON& Tower with Radar,23,3,12,0,38,0,26,76,1,103,23,29,88,1,141,96,0,96,237
04/11/2021,FAI,AK,AAL,WE,Combined TRACON& Tower with Radar,21,4,13,1,39,0,6,47,1,54,21,10,60,2,93,130,6,136,229
04/12/2021,FAI,AK,AAL,WE,Combined TRACON& Tower with Radar,25,9,20,0,54,0,42,93,0,135,25,51,113,0,189,186,2,188,377
04/13/2021,FAI,AK,AAL,WE,Combined TRACON& Tower with Radar,24,15,22,7,68,0,35,92,1,128,24,50,114,8,196,203,2,205,401
04/14/2021,FAI,AK,AAL,WE,Combined TRACON& Tower with Radar,25,18,25,1,69,0,47,69,9,125,25,65,94,10,194,110,4,114,308
04/15/2021,FAI,AK,AAL,WE,Combined TRACON& Tower with Radar,28,18,11,8,65,0,45,94,18,157,28,63,105,26,222,181,16,197,419
04/16/2021,FAI,AK,AAL,WE,Combined TRACON& Tower with Radar,24,8,14,1,47,0,53,100,2,155,24,61,114,3,202,134,0,134,336
04/17/2021,FAI,AK,AAL,WE,Combined TRACON& Tower with Radar,19,9,7,0,35,0,24,125,0,149,19,33,132,0,184,186,0,186,370
04/18/2021,FAI,AK,AAL,WE,Combined TRACON& Tower with Radar,24,9,4,0,37,0,5,97,2,104,24,14,101,2,141,96,0,96,237
04/19/2021,FAI,AK,AAL,WE,Combined TRACON& Tower with Radar,22,3,11,2,38,0,48,83,3,134,22,51,94,5,172,213,2,215,387
04/20/2021,FAI,AK,AAL,WE,Combined TRACON& Tower with Radar,24,8,14,7,53,0,38,57,1,96,24,46,71,8,149,48,0,48,197
04/21/2021,FAI,AK,AAL,WE,Combined TRACON& Tower with Radar,24,23,16,8,71,0,51,84,3,138,24,74,100,11,209,126,5,131,340
04/22/2021,FAI,AK,AAL,WE,Combined TRACON& Tower with Radar,29,16,13,10,68,0,58,113,5,176,29,74,126,15,244,220,5,225,469
04/23/2021,FAI,AK,AAL,WE,Combined TRACON& Tower with Radar,28,12,14,0,54,0,50,90,11,151,28,62,104,11,205,108,0,108,313
04/24/2021,FAI,AK,AAL,WE,Combined TRACON& Tower with Radar,20,9,9,2,40,0,24,86,0,110,20,33,95,2,150,224,0,224,374
04/25/2021,FAI,AK,AAL,WE,Combined TRACON& Tower with Radar,20,10,9,1,40,0,9,94,0,103,20,19,103,1,143,224,0,224,367
04/26/2021,FAI,AK,AAL,WE,Combined TRACON& Tower with Radar,24,14,13,8,59,0,46,65,16,127,24,60,78,24,186,156,6,162,348
04/27/2021,FAI,AK,AAL,WE,Combined TRACON& Tower with Radar,26,16,11,7,60,0,45,87,11,143,26,61,98,18,203,148,18,166,369
04/28/2021,FAI,AK,AAL,WE,Combined TRACON& Tower with Radar,26,27,11,5,69,0,45,111,9,165,26,72,122,14,234,220,14,234,468
04/29/2021,FAI,AK,AAL,WE,Combined TRACON& Tower with Radar,30,23,22,7,82,0,41,81,7,129,30,64,103,14,211,296,10,306,517
04/30/2021,FAI,AK,AAL,WE,Combined TRACON& Tower with Radar,23,27,20,4,74,0,33,44,6,83,23,60,64,10,157,22,6,28,185
05/01/2021,FAI,AK,AAL,WE,Combined TRACON& Tower with Radar,22,8,12,0,42,0,26,115,0,141,22,34,127,0,183,262,0,262,445
05/02/2021,FAI,AK,AAL,WE,Combined TRACON& Tower with Radar,22,0,9,1,32,0,2,91,3,96,22,2,100,4,128,232,0,232,360
05/03/2021,FAI,AK,AAL,WE,Combined TRACON& Tower with Radar,23,9,6,4,42,0,57,60,3,120,23,66,66,7,162,108,0,108,270
05/04/2021,FAI,AK,AAL,WE,Combined TRACON& Tower with Radar,26,11,20,18,75,0,44,96,9,149,26,55,116,27,224,274,4,278,502
05/05/2021,FAI,AK,AAL,WE,Combined TRACON& Tower with Radar,31,28,18,16,93,0,49,107,8,164,31,77,125,24,257,248,16,264,521
05/06/2021,FAI,AK,AAL,WE,Combined TRACON& Tower with Radar,37,17,13,9,76,0,54,108,8,170,37,71,121,17,246,138,0,138,384
05/07/2021,FAI,AK,AAL,WE,Combined TRACON& Tower with Radar,34,17,14,2,67,0,48,103,6,157,34,65,117,8,224,246,0,246,470
05/08/2021,FAI,AK,AAL,WE,Combined TRACON& Tower with Radar,30,6,3,3,42,0,36,149,1,186,30,42,152,4,228,226,0,226,454
05/09/2021,FAI,AK,AAL,WE,Combined TRACON& Tower with Radar,30,4,12,8,54,0,12,97,0,109,30,16,109,8,163,84,0,84,247
05/10/2021,FAI,AK,AAL,WE,Combined TRACON& Tower with Radar,32,9,18,8,67,1,53,160,4,218,33,62,178,12,285,222,6,228,513
05/11/2021,FAI,AK,AAL,WE,Combined TRACON& Tower with Radar,31,14,27,10,82,0,75,92,6,173,31,89,119,16,255,225,2,227,482
05/12/2021,FAI,AK,AAL,WE,Combined TRACON& Tower with Radar,30,28,18,2,78,0,60,115,5,180,30,88,133,7,258,186,18,204,462
05/13/2021,FAI,AK,AAL,WE,Combined TRACON& Tower with Radar,38,14,16,9,77,0,44,140,3,187,38,58,156,12,264,246,0,246,510
05/14/2021,FAI,AK,AAL,WE,Combined TRACON& Tower with Radar,36,15,11,4,66,0,54,131,1,186,36,69,142,5,252,176,2,178,430
05/15/2021,FAI,AK,AAL,WE,Combined TRACON& Tower with Radar,32,14,10,2,58,0,37,100,1,138,32,51,110,3,196,160,2,162,358
05/16/2021,FAI,AK,AAL,WE,Combined TRACON& Tower with Radar,33,17,6,0,56,0,16,71,0,87,33,33,77,0,143,235,0,235,378
05/17/2021,FAI,AK,AAL,WE,Combined TRACON& Tower with Radar,31,7,20,5,63,0,53,75,2,130,31,60,95,7,193,40,2,42,235
05/18/2021,FAI,AK,AAL,WE,Combined TRACON& Tower with Radar,30,13,23,14,80,0,56,97,3,156,30,69,120,17,236,227,6,233,469
05/19/2021,FAI,AK,AAL,WE,Combined TRACON& Tower with Radar,31,29,20,10,90,1,68,125,10,204,32,97,145,20,294,274,4,278,572
05/20/2021,FAI,AK,AAL,WE,Combined TRACON& Tower with Radar,48,7,14,9,78,0,58,119,8,185,48,65,133,17,263,130,4,134,397
05/21/2021,FAI,AK,AAL,WE,Combined TRACON& Tower with Radar,38,10,23,1,72,1,53,102,0,156,39,63,125,1,228,152,0,152,380
05/22/2021,FAI,AK,AAL,WE,Combined TRACON& Tower with Radar,37,22,20,0,79,0,15,51,2,68,37,37,71,2,147,216,0,216,363
05/23/2021,FAI,AK,AAL,WE,Combined TRACON& Tower with Radar,36,8,7,0,51,0,14,180,0,194,36,22,187,0,245,214,0,214,459
05/24/2021,FAI,AK,AAL,WE,Combined TRACON& Tower with Radar,38,12,19,2,71,0,59,102,4,165,38,71,121,6,236,136,3,139,375
05/25/2021,FAI,AK,AAL,WE,Combined TRACON& Tower with Radar,36,16,19,8,79,0,64,137,5,206,36,80,156,13,285,274,2,276,561
05/26/2021,FAI,AK,AAL,WE,Combined TRACON& Tower with Radar,36,22,20,4,82,0,68,182,1,251,36,90,202,5,333,194,14,208,541
05/27/2021,FAI,AK,AAL,WE,Combined TRACON& Tower with Radar,40,21,14,3,78,0,60,84,1,145,40,81,98,4,223,78,0,78,301
05/28/2021,FAI,AK,AAL,WE,Combined TRACON& Tower with Radar,38,27,17,2,84,0,52,83,2,137,38,79,100,4,221,62,0,62,283
05/29/2021,FAI,AK,AAL,WE,Combined TRACON& Tower with Radar,37,7,7,1,52,0,46,69,1,116,37,53,76,2,168,54,0,54,222
05/30/2021,FAI,AK,AAL,WE,Combined TRACON& Tower with Radar,34,10,6,2,52,0,16,126,0,142,34,26,132,2,194,143,0,143,337
05/31/2021,FAI,AK,AAL,WE,Combined TRACON& Tower with Radar,36,5,27,0,68,0,18,167,0,185,36,23,194,0,253,141,0,141,394
06/01/2021,FAI,AK,AAL,WE,Combined TRACON& Tower with Radar,39,21,17,10,87,1,49,55,8,113,40,70,72,18,200,113,2,115,315
06/02/2021,FAI,AK,AAL,WE,Combined TRACON& Tower with Radar,34,23,22,13,92,0,69,161,4,234,34,92,183,17,326,184,12,196,522
06/03/2021,FAI,AK,AAL,WE,Combined TRACON& Tower with Radar,46,22,17,3,88,0,60,145,3,208,46,82,162,6,296,230,0,230,526
06/04/2021,FAI,AK,AAL,WE,Combined TRACON& Tower with Radar,46,19,16,14,95,0,55,133,0,188,46,74,149,14,283,108,8,116,399
06/05/2021,FAI,AK,AAL,WE,Combined TRACON& Tower with Radar,41,9,8,0,58,0,38,144,0,182,41,47,152,0,240,168,0,168,408
06/06/2021,FAI,AK,AAL,WE,Combined TRACON& Tower with Radar,47,3,7,0,57,0,26,161,0,187,47,29,168,0,244,126,0,126,370
06/07/2021,FAI,AK,AAL,WE,Combined TRACON& Tower with Radar,41,7,12,1,61,0,66,124,5,195,41,73,136,6,256,62,12,74,330
06/08/2021,FAI,AK,AAL,WE,Combined TRACON& Tower with Radar,43,26,23,11,103,0,53,122,1,176,43,79,145,12,279,136,6,142,421
06/09/2021,FAI,AK,AAL,WE,Combined TRACON& Tower with Radar,45,19,18,8,90,0,65,112,14,191,45,84,130,22,281,78,2,80,361
06/10/2021,FAI,AK,AAL,WE,Combined TRACON& Tower with Radar,43,22,34,12,111,1,53,173,8,235,44,75,207,20,346,249,6,255,601
06/11/2021,FAI,AK,AAL,WE,Combined TRACON& Tower with Radar,47,11,21,0,79,0,60,166,4,230,47,71,187,4,309,165,4,169,478
06/12/2021,FAI,AK,AAL,WE,Combined TRACON& Tower with Radar,40,6,8,0,54,0,49,192,0,241,40,55,200,0,295,157,0,157,452
06/13/2021,FAI,AK,AAL,WE,Combined TRACON& Tower with Radar,42,8,13,0,63,0,40,168,2,210,42,48,181,2,273,226,0,226,499
06/14/2021,FAI,AK,AAL,WE,Combined TRACON& Tower with Radar,37,26,22,3,88,3,87,198,5,293,40,113,220,8,381,79,0,79,460
06/15/2021,FAI,AK,AAL,WE,Combined TRACON& Tower with Radar,43,14,32,5,94,3,79,207,6,295,46,93,239,11,389,182,0,182,571
06/16/2021,FAI,AK,AAL,WE,Combined TRACON& Tower with Radar,42,16,26,3,87,0,69,132,3,204,42,85,158,6,291,58,0,58,349
06/17/2021,FAI,AK,AAL,WE,Combined TRACON& Tower with Radar,49,32,42,4,127,0,53,112,8,173,49,85,154,12,300,172,6,178,478
06/18/2021,FAI,AK,AAL,WE,Combined TRACON& Tower with Radar,44,8,21,0,73,0,73,209,2,284,44,81,230,2,357,156,0,156,513
06/19/2021,FAI,AK,AAL,WE,Combined TRACON& Tower with Radar,46,7,13,1,67,0,44,119,6,169,46,51,132,7,236,118,0,118,354
06/20/2021,FAI,AK,AAL,WE,Combined TRACON& Tower with Radar,45,8,16,0,69,3,28,151,1,183,48,36,167,1,252,128,0,128,380
06/21/2021,FAI,AK,AAL,WE,Combined TRACON& Tower with Radar,43,12,11,1,67,1,72,104,7,184,44,84,115,8,251,112,0,112,363
06/22/2021,FAI,AK,AAL,WE,Combined TRACON& Tower with Radar,48,9,27,1,85,0,65,132,6,203,48,74,159,7,288,161,0,161,449
06/23/2021,FAI,AK,AAL,WE,Combined TRACON& Tower with Radar,46,17,20,5,88,0,66,188,10,264,46,83,208,15,352,136,6,142,494
06/24/2021,FAI,AK,AAL,WE,Combined TRACON& Tower with Radar,50,16,21,18,105,0,61,106,0,167,50,77,127,18,272,104,0,104,376
06/25/2021,FAI,AK,AAL,WE,Combined TRACON& Tower with Radar,50,19,21,0,90,0,59,141,2,202,50,78,162,2,292,124,0,124,416
06/26/2021,FAI,AK,AAL,WE,Combined TRACON& Tower with Radar,47,10,6,0,63,0,55,177,3,235,47,65,183,3,298,124,0,124,422
06/27/2021,FAI,AK,AAL,WE,Combined TRACON& Tower with Radar,42,7,7,0,56,1,30,117,1,149,43,37,124,1,205,94,13,107,312
06/28/2021,FAI,AK,AAL,WE,Combined TRACON& Tower with Radar,36,19,25,4,84,1,65,169,6,241,37,84,194,10,325,132,2,134,459
06/29/2021,FAI,AK,AAL,WE,Combined TRACON& Tower with Radar,39,28,24,9,100,0,55,189,4,248,39,83,213,13,348,75,10,85,433
06/30/2021,FAI,AK,AAL,WE,Combined TRACON& Tower with Radar,44,22,34,1,101,0,59,222,1,282,44,81,256,2,383,302,0,302,685
07/01/2021,FAI,AK,AAL,WE,Combined TRACON& Tower with Radar,43,15,26,6,90,0,77,151,7,235,43,92,177,13,325,188,0,188,513
07/02/2021,FAI,AK,AAL,WE,Combined TRACON& Tower with Radar,48,20,16,2,86,0,63,154,2,219,48,83,170,4,305,110,2,112,417
07/03/2021,FAI,AK,AAL,WE,Combined TRACON& Tower with Radar,47,7,7,0,61,0,47,159,2,208,47,54,166,2,269,198,1,199,468
07/04/2021,FAI,AK,AAL,WE,Combined TRACON& Tower with Radar,42,8,9,0,59,1,24,117,2,144,43,32,126,2,203,139,2,141,344
07/05/2021,FAI,AK,AAL,WE,Combined TRACON& Tower with Radar,44,40,23,0,107,0,29,77,0,106,44,69,100,0,213,58,0,58,271
07/06/2021,FAI,AK,AAL,WE,Combined TRACON& Tower with Radar,44,31,28,8,111,0,47,98,3,148,44,78,126,11,259,110,8,118,377
07/07/2021,FAI,AK,AAL,WE,Combined TRACON& Tower with Radar,46,49,34,2,131,0,35,108,4,147,46,84,142,6,278,176,0,176,454
07/08/2021,FAI,AK,AAL,WE,Combined TRACON& Tower with Radar,45,28,23,10,106,0,36,118,11,165,45,64,141,21,271,114,0,114,385
07/09/2021,FAI,AK,AAL,WE,Combined TRACON& Tower with Radar,45,22,18,4,89,0,51,192,6,249,45,73,210,10,338,195,0,195,533
07/10/2021,FAI,AK,AAL,WE,Combined TRACON& Tower with Radar,42,2,12,0,56,0,86,238,3,327,42,88,250,3,383,154,0,154,537
07/11/2021,FAI,AK,AAL,WE,Combined TRACON& Tower with Radar,40,3,11,0,54,0,19,152,4,175,40,22,163,4,229,164,0,164,393
07/12/2021,FAI,AK,AAL,WE,Combined TRACON& Tower with Radar,42,9,19,1,71,0,69,152,3,224,42,78,171,4,295,70,0,70,365
07/13/2021,FAI,AK,AAL,WE,Combined TRACON& Tower with Radar,44,14,22,3,83,0,62,146,6,214,44,76,168,9,297,100,0,100,397
07/14/2021,FAI,AK,AAL,WE,Combined TRACON& Tower with Radar,43,32,30,3,108,0,46,104,4,154,43,78,134,7,262,146,2,148,410
07/15/2021,FAI,AK,AAL,WE,Combined TRACON& Tower with Radar,46,20,25,4,95,0,53,170,0,223,46,73,195,4,318,158,0,158,476
07/16/2021,FAI,AK,AAL,WE,Combined TRACON& Tower with Radar,45,14,17,6,82,0,55,178,0,233,45,69,195,6,315,152,1,153,468
07/17/2021,FAI,AK,AAL,WE,Combined TRACON& Tower with Radar,42,13,11,4,70,0,47,156,0,203,42,60,167,4,273,157,0,157,430
07/18/2021,FAI,AK,AAL,WE,Combined TRACON& Tower with Radar,35,9,13,1,58,0,19,139,1,159,35,28,152,2,217,169,2,171,388
07/19/2021,FAI,AK,AAL,WE,Combined TRACON& Tower with Radar,51,10,20,0,81,0,60,128,4,192,51,70,148,4,273,120,0,120,393
07/20/2021,FAI,AK,AAL,WE,Combined TRACON& Tower with Radar,45,13,10,13,81,0,66,89,4,159,45,79,99,17,240,182,6,188,428
07/21/2021,FAI,AK,AAL,WE,Combined TRACON& Tower with Radar,42,22,24,6,94,0,66,182,4,252,42,88,206,10,346,256,12,268,614
07/22/2021,FAI,AK,AAL,WE,Combined TRACON& Tower with Radar,49,22,38,9,118,1,56,165,13,235,50,78,203,22,353,78,6,84,437
07/23/2021,FAI,AK,AAL,WE,Combined TRACON& Tower with Radar,47,22,15,2,86,0,52,119,1,172,47,74,134,3,258,211,0,211,469
07/24/2021,FAI,AK,AAL,WE,Combined TRACON& Tower with Radar,45,13,23,1,82,0,29,88,0,117,45,42,111,1,199,55,0,55,254
07/25/2021,FAI,AK,AAL,WE,Combined TRACON& Tower with Radar,49,7,7,4,67,0,30,176,1,207,49,37,183,5,274,174,0,174,448
07/26/2021,FAI,AK,AAL,WE,Combined TRACON& Tower with Radar,47,15,16,4,82,0,61,141,10,212,47,76,157,14,294,88,0,88,382
07/27/2021,FAI,AK,AAL,WE,Combined TRACON& Tower with Radar,45,31,33,5,114,0,39,98,8,145,45,70,131,13,259,134,0,134,393
07/28/2021,FAI,AK,AAL,WE,Combined TRACON& Tower with Radar,42,53,33,2,130,0,27,51,0,78,42,80,84,2,208,72,0,72,280
07/29/2021,FAI,AK,AAL,WE,Combined TRACON& Tower with Radar,46,27,30,10,113,0,57,182,0,239,46,84,212,10,352,218,7,225,577
07/30/2021,FAI,AK,AAL,WE,Combined TRACON& Tower with Radar,47,32,24,0,103,0,52,242,3,297,47,84,266,3,400,220,0,220,620
07/31/2021,FAI,AK,AAL,WE,Combined TRACON& Tower with Radar,40,23,19,0,82,0,43,148,4,195,40,66,167,4,277,100,0,100,377
08/01/2021,FAI,AK,AAL,WE,Combined TRACON& Tower with Radar,46,24,16,0,86,0,12,155,2,169,46,36,171,2,255,121,0,121,376
08/02/2021,FAI,AK,AAL,WE,Combined TRACON& Tower with Radar,42,7,15,0,64,0,72,147,5,224,42,79,162,5,288,89,0,89,377
08/03/2021,FAI,AK,AAL,WE,Combined TRACON& Tower with Radar,42,17,30,5,94,0,75,151,0,226,42,92,181,5,320,89,0,89,409
08/04/2021,FAI,AK,AAL,WE,Combined TRACON& Tower with Radar,41,24,33,2,100,0,83,181,2,266,41,107,214,4,366,114,0,114,480
08/05/2021,FAI,AK,AAL,WE,Combined TRACON& Tower with Radar,45,14,17,9,85,0,67,170,14,251,45,81,187,23,336,142,24,166,502
08/06/2021,FAI,AK,AAL,WE,Combined TRACON& Tower with Radar,43,50,43,4,140,0,32,63,0,95,43,82,106,4,235,50,0,50,285
08/07/2021,FAI,AK,AAL,WE,Combined TRACON& Tower with Radar,40,34,22,0,96,0,37,54,0,91,40,71,76,0,187,60,0,60,247
08/08/2021,FAI,AK,AAL,WE,Combined TRACON& Tower with Radar,38,14,14,0,66,0,48,118,0,166,38,62,132,0,232,68,1,69,301
08/09/2021,FAI,AK,AAL,WE,Combined TRACON& Tower with Radar,39,41,29,5,114,0,42,42,0,84,39,83,71,5,198,22,4,26,224
08/10/2021,FAI,AK,AAL,WE,Combined TRACON& Tower with Radar,39,33,42,1,115,0,49,68,1,118,39,82,110,2,233,152,0,152,385
08/11/2021,FAI,AK,AAL,WE,Combined TRACON& Tower with Radar,39,34,30,3,106,0,62,109,5,176,39,96,139,8,282,126,0,126,408
08/12/2021,FAI,AK,AAL,WE,Combined TRACON& Tower with Radar,44,26,23,3,96,0,54,121,0,175,44,80,144,3,271,116,0,116,387
08/13/2021,FAI,AK,AAL,WE,Combined TRACON& Tower with Radar,44,21,19,3,87,0,58,116,0,174,44,79,135,3,261,128,0,128,389
08/14/2021,FAI,AK,AAL,WE,Combined TRACON& Tower with Radar,45,17,20,1,83,1,33,189,0,223,46,50,209,1,306,184,0,184,490
08/15/2021,FAI,AK,AAL,WE,Combined TRACON& Tower with Radar,38,23,23,0,84,0,5,12,0,17,38,28,35,0,101,25,1,26,127
08/16/2021,FAI,AK,AAL,WE,Combined TRACON& Tower with Radar,42,60,32,0,134,0,15,15,0,30,42,75,47,0,164,0,0,0,164
08/17/2021,FAI,AK,AAL,WE,Combined TRACON& Tower with Radar,41,42,52,2,137,0,27,61,2,90,41,69,113,4,227,26,24,50,277
08/18/2021,FAI,AK,AAL,WE,Combined TRACON& Tower with Radar,43,38,40,0,121,0,44,191,6,241,43,82,231,6,362,162,0,162,524
08/19/2021,FAI,AK,AAL,WE,Combined TRACON& Tower with Radar,42,19,27,0,88,0,61,117,5,183,42,80,144,5,271,120,0,120,391
08/20/2021,FAI,AK,AAL,WE,Combined TRACON& Tower with Radar,40,56,28,1,125,0,19,20,2,41,40,75,48,3,166,12,2,14,180
08/21/2021,FAI,AK,AAL,WE,Combined TRACON& Tower with Radar,40,28,23,1,92,0,33,79,0,112,40,61,102,1,204,104,0,104,308
08/22/2021,FAI,AK,AAL,WE,Combined TRACON& Tower with Radar,38,5,10,0,53,0,32,180,1,213,38,37,190,1,266,232,0,232,498
08/23/2021,FAI,AK,AAL,WE,Combined TRACON& Tower with Radar,40,44,31,4,119,0,29,53,1,83,40,73,84,5,202,19,0,19,221
08/24/2021,FAI,AK,AAL,WE,Combined TRACON& Tower with Radar,40,50,31,14,135,0,19,33,2,54,40,69,64,16,189,38,4,42,231
08/25/2021,FAI,AK,AAL,WE,Combined TRACON& Tower with Radar,38,50,31,6,125,0,30,51,4,85,38,80,82,10,210,66,24,90,300
08/26/2021,FAI,AK,AAL,WE,Combined TRACON& Tower with Radar,40,28,33,8,109,0,53,110,6,169,40,81,143,14,278,88,0,88,366
08/27/2021,FAI,AK,AAL,WE,Combined TRACON& Tower with Radar,42,63,58,2,165,0,21,30,0,51,42,84,88,2,216,60,0,60,276
08/28/2021,FAI,AK,AAL,WE,Combined TRACON& Tower with Radar,38,8,40,0,86,0,47,262,0,309,38,55,302,0,395,162,0,162,557
08/29/2021,FAI,AK,AAL,WE,Combined TRACON& Tower with Radar,38,18,14,0,70,0,28,164,0,192,38,46,178,0,262,211,0,211,473
08/30/2021,FAI,AK,AAL,WE,Combined TRACON& Tower with Radar,41,40,50,3,134,0,37,98,1,136,41,77,148,4,270,112,1,113,383
08/31/2021,FAI,AK,AAL,WE,Combined TRACON& Tower with Radar,40,30,33,3,106,1,65,250,1,317,41,95,283,4,423,276,0,276,699
09/01/2021,FAI,AK,AAL,WE,Combined TRACON& Tower with Radar,40,20,19,7,86,1,65,187,2,255,41,85,206,9,341,212,6,218,559
09/02/2021,FAI,AK,AAL,WE,Combined TRACON& Tower with Radar,43,28,25,7,103,0,60,147,5,212,43,88,172,12,315,97,6,103,418
09/03/2021,FAI,AK,AAL,WE,Combined TRACON& Tower with Radar,40,30,12,1,83,0,69,197,1,267,40,99,209,2,350,138,0,138,488
09/04/2021,FAI,AK,AAL,WE,Combined TRACON& Tower with Radar,38,25,14,0,77,0,45,91,2,138,38,70,105,2,215,112,0,112,327
09/05/2021,FAI,AK,AAL,WE,Combined TRACON& Tower with Radar,38,37,8,0,83,0,14,38,0,52,38,51,46,0,135,54,0,54,189
09/06/2021,FAI,AK,AAL,WE,Combined TRACON& Tower with Radar,38,8,15,1,62,0,46,192,0,238,38,54,207,1,300,190,0,190,490
09/07/2021,FAI,AK,AAL,WE,Combined TRACON& Tower with Radar,36,17,36,8,97,0,59,180,6,245,36,76,216,14,342,285,0,285,627
09/08/2021,FAI,AK,AAL,WE,Combined TRACON& Tower with Radar,34,17,35,2,88,0,71,198,5,274,34,88,233,7,362,197,2,199,561
09/09/2021,FAI,AK,AAL,WE,Combined TRACON& Tower with Radar,37,14,28,6,85,0,63,202,2,267,37,77,230,8,352,118,0,118,470
09/10/2021,FAI,AK,AAL,WE,Combined TRACON& Tower with Radar,36,16,15,5,72,0,66,252,0,318,36,82,267,5,390,174,0,174,564
09/11/2021,FAI,AK,AAL,WE,Combined TRACON& Tower with Radar,36,11,20,1,68,0,55,253,2,310,36,66,273,3,378,92,0,92,470
09/12/2021,FAI,AK,AAL,WE,Combined TRACON& Tower with Radar,34,6,8,0,48,0,35,194,4,233,34,41,202,4,281,91,0,91,372
09/13/2021,FAI,AK,AAL,WE,Combined TRACON& Tower with Radar,34,14,27,3,78,0,61,123,0,184,34,75,150,3,262,100,0,100,362
09/14/2021,FAI,AK,AAL,WE,Combined TRACON& Tower with Radar,32,30,29,16,107,0,53,154,6,213,32,83,183,22,320,97,2,99,419
09/15/2021,FAI,AK,AAL,WE,Combined TRACON& Tower with Radar,35,24,22,11,92,0,56,187,0,243,35,80,209,11,335,128,2,130,465
09/16/2021,FAI,AK,AAL,WE,Combined TRACON& Tower with Radar,37,19,28,11,95,0,54,169,7,230,37,73,197,18,325,106,10,116,441
09/17/2021,FAI,AK,AAL,WE,Combined TRACON& Tower with Radar,36,14,28,4,82,0,50,145,4,199,36,64,173,8,281,93,0,93,374
09/18/2021,FAI,AK,AAL,WE,Combined TRACON& Tower with Radar,33,7,13,1,54,0,40,137,2,179,33,47,150,3,233,58,1,59,292
09/19/2021,FAI,AK,AAL,WE,Combined TRACON& Tower with Radar,33,4,18,1,56,0,25,110,0,135,33,29,128,1,191,85,2,87,278
09/20/2021,FAI,AK,AAL,WE,Combined TRACON& Tower with Radar,34,12,20,7,73,0,39,76,1,116,34,51,96,8,189,46,5,51,240
09/21/2021,FAI,AK,AAL,WE,Combined TRACON& Tower with Radar,33,20,20,15,88,0,39,111,5,155,33,59,131,20,243,102,4,106,349
09/22/2021,FAI,AK,AAL,WE,Combined TRACON& Tower with Radar,34,23,30,10,97,0,51,174,2,227,34,74,204,12,324,111,2,113,437
09/23/2021,FAI,AK,AAL,WE,Combined TRACON& Tower with Radar,36,20,27,3,86,0,60,145,3,208,36,80,172,6,294,92,2,94,388
09/24/2021,FAI,AK,AAL,WE,Combined TRACON& Tower with Radar,32,42,29,0,103,0,5,5,0,10,32,47,34,0,113,0,0,0,113
09/25/2021,FAI,AK,AAL,WE,Combined TRACON& Tower with Radar,32,24,28,0,84,0,15,59,0,74,32,39,87,0,158,64,0,64,222
09/26/2021,FAI,AK,AAL,WE,Combined TRACON& Tower with Radar,31,8,13,2,54,0,44,101,0,145,31,52,114,2,199,86,0,86,285
09/27/2021,FAI,AK,AAL,WE,Combined TRACON& Tower with Radar,35,34,16,3,88,0,47,72,5,124,35,81,88,8,212,106,19,125,337
09/28/2021,FAI,AK,AAL,WE,Combined TRACON& Tower with Radar,32,25,12,2,71,0,43,108,1,152,32,68,120,3,223,104,0,104,327
09/29/2021,FAI,AK,AAL,WE,Combined TRACON& Tower with Radar,31,39,23,0,93,0,28,68,0,96,31,67,91,0,189,93,0,93,282
09/30/2021,FAI,AK,AAL,WE,Combined TRACON& Tower with Radar,36,23,8,13,80,0,36,128,16,180,36,59,136,29,260,135,58,193,453
10/01/2021,FAI,AK,AAL,WE,Combined TRACON& Tower with Radar,36,45,19,2,102,0,17,27,0,44,36,62,46,2,146,74,12,86,232
10/02/2021,FAI,AK,AAL,WE,Combined TRACON& Tower with Radar,32,18,4,0,54,0,0,0,0,0,32,18,4,0,54,0,0,0,54
10/03/2021,FAI,AK,AAL,WE,Combined TRACON& Tower with Radar,34,10,25,0,69,0,1,8,0,9,34,11,33,0,78,0,0,0,78
10/04/2021,FAI,AK,AAL,WE,Combined TRACON& Tower with Radar,36,21,16,0,73,0,40,54,0,94,36,61,70,0,167,38,0,38,205
10/05/2021,FAI,AK,AAL,WE,Combined TRACON& Tower with Radar,35,17,12,3,67,0,47,76,1,124,35,64,88,4,191,173,1,174,365
10/06/2021,FAI,AK,AAL,WE,Combined TRACON& Tower with Radar,29,23,23,0,75,0,45,49,0,94,29,68,72,0,169,54,0,54,223
10/07/2021,FAI,AK,AAL,WE,Combined TRACON& Tower with Radar,31,52,26,2,111,0,0,1,0,1,31,52,27,2,112,12,0,12,124
10/08/2021,FAI,AK,AAL,WE,Combined TRACON& Tower with Radar,29,27,13,0,69,0,40,48,0,88,29,67,61,0,157,146,2,148,305
10/09/2021,FAI,AK,AAL,WE,Combined TRACON& Tower with Radar,26,13,15,0,54,0,25,59,0,84,26,38,74,0,138,214,0,214,352
10/10/2021,FAI,AK,AAL,WE,Combined TRACON& Tower with Radar,22,17,17,0,56,0,0,2,0,2,22,17,19,0,58,6,0,6,64
10/11/2021,FAI,AK,AAL,WE,Combined TRACON& Tower with Radar,26,14,17,1,58,0,42,80,2,124,26,56,97,3,182,248,0,248,430
10/12/2021,FAI,AK,AAL,WE,Combined TRACON& Tower with Radar,26,23,20,8,77,0,48,38,3,89,26,71,58,11,166,78,34,112,278
10/13/2021,FAI,AK,AAL,WE,Combined TRACON& Tower with Radar,24,24,17,13,78,0,46,50,1,97,24,70,67,14,175,89,12,101,276
10/14/2021,FAI,AK,AAL,WE,Combined TRACON& Tower with Radar,24,20,22,10,76,0,36,43,0,79,24,56,65,10,155,98,0,98,253
10/15/2021,FAI,AK,AAL,WE,Combined TRACON& Tower with Radar,23,33,19,0,75,0,37,49,0,86,23,70,68,0,161,146,0,146,307
10/16/2021,FAI,AK,AAL,WE,Combined TRACON& Tower with Radar,24,25,5,0,54,0,7,22,0,29,24,32,27,0,83,14,0,14,97
10/17/2021,FAI,AK,AAL,WE,Combined TRACON& Tower with Radar,23,13,6,0,42,0,12,88,1,101,23,25,94,1,143,114,0,114,257
10/18/2021,FAI,AK,AAL,WE,Combined TRACON& Tower with Radar,23,7,13,8,51,0,52,59,4,115,23,59,72,12,166,0,4,4,170
10/19/2021,FAI,AK,AAL,WE,Combined TRACON& Tower with Radar,27,14,13,8,62,0,46,40,6,92,27,60,53,14,154,68,16,84,238
10/20/2021,FAI,AK,AAL,WE,Combined TRACON& Tower with Radar,26,14,14,5,59,0,58,94,16,168,26,72,108,21,227,126,26,152,379
10/21/2021,FAI,AK,AAL,WE,Combined TRACON& Tower with Radar,24,16,15,13,68,0,47,41,12,100,24,63,56,25,168,16,0,16,184
10/22/2021,FAI,AK,AAL,WE,Combined TRACON& Tower with Radar,30,12,14,6,62,0,41,70,3,114,30,53,84,9,176,116,0,116,292
10/23/2021,FAI,AK,AAL,WE,Combined TRACON& Tower with Radar,22,7,9,1,39,0,25,115,5,145,22,32,124,6,184,192,0,192,376
10/24/2021,FAI,AK,AAL,WE,Combined TRACON& Tower with Radar,22,30,9,0,61,0,4,2,0,6,22,34,11,0,67,0,0,0,67
10/25/2021,FAI,AK,AAL,WE,Combined TRACON& Tower with Radar,24,50,9,9,92,0,9,8,0,17,24,59,17,9,109,50,0,50,159
10/26/2021,FAI,AK,AAL,WE,Combined TRACON& Tower with Radar,24,38,28,3,93,0,10,12,1,23,24,48,40,4,116,10,0,10,126
10/27/2021,FAI,AK,AAL,WE,Combined TRACON& Tower with Radar,30,50,30,0,110,0,16,22,0,38,30,66,52,0,148,4,0,4,152
10/28/2021,FAI,AK,AAL,WE,Combined TRACON& Tower with Radar,27,44,36,18,125,0,22,37,0,59,27,66,73,18,184,41,10,51,235
10/29/2021,FAI,AK,AAL,WE,Combined TRACON& Tower with Radar,24,49,23,1,97,0,3,8,0,11,24,52,31,1,108,0,0,0,108
10/30/2021,FAI,AK,AAL,WE,Combined TRACON& Tower with Radar,26,11,9,0,46,0,35,50,0,85,26,46,59,0,131,106,0,106,237
10/31/2021,FAI,AK,AAL,WE,Combined TRACON& Tower with Radar,25,8,9,4,46,0,24,17,0,41,25,32,26,4,87,68,0,68,155
11/01/2021,FAI,AK,AAL,WE,Combined TRACON& Tower with Radar,28,33,16,11,88,0,37,19,1,57,28,70,35,12,145,81,9,90,235
11/02/2021,FAI,AK,AAL,WE,Combined TRACON& Tower with Radar,27,24,14,11,76,0,35,34,1,70,27,59,48,12,146,50,8,58,204
11/03/2021,FAI,AK,AAL,WE,Combined TRACON& Tower with Radar,28,48,29,0,105,0,29,11,4,44,28,77,40,4,149,5,0,5,154
11/04/2021,FAI,AK,AAL,WE,Combined TRACON& Tower with Radar,27,20,19,6,72,0,41,49,5,95,27,61,68,11,167,42,0,42,209
11/05/2021,FAI,AK,AAL,WE,Combined TRACON& Tower with Radar,31,11,11,5,58,0,60,45,2,107,31,71,56,7,165,66,2,68,233
11/06/2021,FAI,AK,AAL,WE,Combined TRACON& Tower with Radar,27,29,22,2,80,0,8,17,0,25,27,37,39,2,105,19,0,19,124
11/07/2021,FAI,AK,AAL,WE,Combined TRACON& Tower with Radar,25,24,4,0,53,0,0,2,0,2,25,24,6,0,55,2,0,2,57
11/08/2021,FAI,AK,AAL,WE,Combined TRACON& Tower with Radar,25,14,13,10,62,0,46,53,0,99,25,60,66,10,161,58,2,60,221
11/09/2021,FAI,AK,AAL,WE,Combined TRACON& Tower with Radar,24,20,22,6,72,0,33,50,2,85,24,53,72,8,157,66,4,70,227
11/10/2021,FAI,AK,AAL,WE,Combined TRACON& Tower with Radar,28,21,12,8,69,0,53,39,3,95,28,74,51,11,164,42,0,42,206
11/11/2021,FAI,AK,AAL,WE,Combined TRACON& Tower with Radar,25,28,25,8,86,0,21,22,2,45,25,49,47,10,131,10,0,10,141
11/12/2021,FAI,AK,AAL,WE,Combined TRACON& Tower with Radar,26,25,15,0,66,0,27,26,0,53,26,52,41,0,119,2,0,2,121
11/13/2021,FAI,AK,AAL,WE,Combined TRACON& Tower with Radar,28,7,6,2,43,0,33,72,3,108,28,40,78,5,151,156,1,157,308
11/14/2021,FAI,AK,AAL,WE,Combined TRACON& Tower with Radar,22,16,7,0,45,0,3,3,0,6,22,19,10,0,51,26,0,26,77
11/15/2021,FAI,AK,AAL,WE,Combined TRACON& Tower with Radar,25,33,17,2,77,0,23,11,0,34,25,56,28,2,111,3,1,4,115
11/16/2021,FAI,AK,AAL,WE,Combined TRACON& Tower with Radar,26,42,26,1,95,0,26,8,0,34,26,68,34,1,129,1,8,9,138
11/17/2021,FAI,AK,AAL,WE,Combined TRACON& Tower with Radar,29,38,23,10,100,0,20,4,0,24,29,58,27,10,124,48,13,61,185
11/18/2021,FAI,AK,AAL,WE,Combined TRACON& Tower with Radar,26,29,26,11,92,0,27,19,15,61,26,56,45,26,153,66,8,74,227
11/19/2021,FAI,AK,AAL,WE,Combined TRACON& Tower with Radar,25,19,9,4,57,0,49,49,0,98,25,68,58,4,155,19,2,21,176
11/20/2021,FAI,AK,AAL,WE,Combined TRACON& Tower with Radar,25,13,9,0,47,0,30,33,0,63,25,43,42,0,110,22,0,22,132
11/21/2021,FAI,AK,AAL,WE,Combined TRACON& Tower with Radar,26,6,3,0,35,0,18,8,0,26,26,24,11,0,61,2,0,2,63
11/22/2021,FAI,AK,AAL,WE,Combined TRACON& Tower with Radar,28,18,16,10,72,0,44,31,1,76,28,62,47,11,148,46,6,52,200
11/23/2021,FAI,AK,AAL,WE,Combined TRACON& Tower with Radar,25,16,16,12,69,0,49,42,1,92,25,65,58,13,161,20,2,22,183
11/24/2021,FAI,AK,AAL,WE,Combined TRACON& Tower with Radar,26,23,16,3,68,0,63,34,0,97,26,86,50,3,165,26,0,26,191
11/25/2021,FAI,AK,AAL,WE,Combined TRACON& Tower with Radar,13,2,0,4,19,1,1,9,0,11,14,3,9,4,30,6,2,8,38
11/26/2021,FAI,AK,AAL,WE,Combined TRACON& Tower with Radar,26,23,19,0,68,0,23,17,2,42,26,46,36,2,110,0,0,0,110
11/27/2021,FAI,AK,AAL,WE,Combined TRACON& Tower with Radar,27,7,11,0,45,0,18,21,0,39,27,25,32,0,84,4,0,4,88
11/28/2021,FAI,AK,AAL,WE,Combined TRACON& Tower with Radar,25,10,7,0,42,0,2,21,1,24,25,12,28,1,66,0,0,0,66
11/29/2021,FAI,AK,AAL,WE,Combined TRACON& Tower with Radar,29,9,7,7,52,0,51,24,2,77,29,60,31,9,129,3,1,4,133
11/30/2021,FAI,AK,AAL,WE,Combined TRACON& Tower with Radar,23,15,16,13,67,0,49,44,6,99,23,64,60,19,166,38,2,40,206
12/01/2021,FAI,AK,AAL,WE,Combined TRACON& Tower with Radar,20,51,20,0,91,0,18,3,4,25,20,69,23,4,116,0,0,0,116
12/02/2021,FAI,AK,AAL,WE,Combined TRACON& Tower with Radar,29,22,11,5,67,0,49,30,6,85,29,71,41,11,152,36,16,52,204
12/03/2021,FAI,AK,AAL,WE,Combined TRACON& Tower with Radar,29,22,9,0,60,0,50,16,0,66,29,72,25,0,126,0,0,0,126
12/04/2021,FAI,AK,AAL,WE,Combined TRACON& Tower with Radar,22,13,10,0,45,0,30,9,0,39,22,43,19,0,84,8,0,8,92
12/05/2021,FAI,AK,AAL,WE,Combined TRACON& Tower with Radar,26,8,6,0,40,0,10,37,0,47,26,18,43,0,87,90,0,90,177
12/06/2021,FAI,AK,AAL,WE,Combined TRACON& Tower with Radar,26,12,10,11,59,1,33,55,11,100,27,45,65,22,159,65,9,74,233
12/07/2021,FAI,AK,AAL,WE,Combined TRACON& Tower with Radar,27,57,22,2,108,0,4,2,0,6,27,61,24,2,114,0,0,0,114
12/08/2021,FAI,AK,AAL,WE,Combined TRACON& Tower with Radar,29,38,16,12,95,0,30,32,10,72,29,68,48,22,167,84,5,89,256
12/09/2021,FAI,AK,AAL,WE,Combined TRACON& Tower with Radar,26,23,10,6,65,0,34,30,7,71,26,57,40,13,136,18,8,26,162
12/10/2021,FAI,AK,AAL,WE,Combined TRACON& Tower with Radar,28,51,22,2,103,0,16,8,0,24,28,67,30,2,127,0,0,0,127
12/11/2021,FAI,AK,AAL,WE,Combined TRACON& Tower with Radar,24,35,22,2,83,0,20,8,0,28,24,55,30,2,111,0,0,0,111
12/12/2021,FAI,AK,AAL,WE,Combined TRACON& Tower with Radar,24,18,7,1,50,0,4,12,0,16,24,22,19,1,66,1,0,1,67
12/13/2021,FAI,AK,AAL,WE,Combined TRACON& Tower with Radar,25,15,21,4,65,0,34,19,0,53,25,49,40,4,118,0,0,0,118
12/14/2021,FAI,AK,AAL,WE,Combined TRACON& Tower with Radar,25,32,17,2,76,0,36,14,0,50,25,68,31,2,126,0,0,0,126
12/15/2021,FAI,AK,AAL,WE,Combined TRACON& Tower with Radar,21,25,20,3,69,0,44,17,9,70,21,69,37,12,139,4,0,4,143
12/16/2021,FAI,AK,AAL,WE,Combined TRACON& Tower with Radar,29,47,24,3,103,0,21,9,1,31,29,68,33,4,134,22,0,22,156
12/17/2021,FAI,AK,AAL,WE,Combined TRACON& Tower with Radar,26,58,25,4,113,0,9,2,0,11,26,67,27,4,124,0,0,0,124
12/18/2021,FAI,AK,AAL,WE,Combined TRACON& Tower with Radar,27,44,14,0,85,0,5,3,0,8,27,49,17,0,93,42,0,42,135
12/19/2021,FAI,AK,AAL,WE,Combined TRACON& Tower with Radar,24,8,3,0,35,0,0,2,0,2,24,8,5,0,37,0,0,0,37
12/20/2021,FAI,AK,AAL,WE,Combined TRACON& Tower with Radar,27,32,16,0,75,0,11,8,0,19,27,43,24,0,94,50,0,50,144
12/21/2021,FAI,AK,AAL,WE,Combined TRACON& Tower with Radar,28,27,9,6,70,0,58,41,0,99,28,85,50,6,169,8,0,8,177
12/22/2021,FAI,AK,AAL,WE,Combined TRACON& Tower with Radar,27,20,8,2,57,0,52,52,0,104,27,72,60,2,161,64,1,65,226
12/23/2021,FAI,AK,AAL,WE,Combined TRACON& Tower with Radar,29,21,18,4,72,0,37,11,0,48,29,58,29,4,120,28,0,28,148
12/24/2021,FAI,AK,AAL,WE,Combined TRACON& Tower with Radar,25,9,3,1,38,0,31,22,1,54,25,40,25,2,92,20,0,20,112
12/25/2021,FAI,AK,AAL,WE,Combined TRACON& Tower with Radar,18,12,0,0,30,0,0,0,0,0,18,12,0,0,30,0,0,0,30
12/26/2021,FAI,AK,AAL,WE,Combined TRACON& Tower with Radar,20,0,0,0,20,0,0,0,0,0,20,0,0,0,20,0,0,0,20
12/27/2021,FAI,AK,AAL,WE,Combined TRACON& Tower with Radar,15,11,3,0,29,0,1,3,0,4,15,12,6,0,33,0,0,0,33
12/28/2021,FAI,AK,AAL,WE,Combined TRACON& Tower with Radar,18,12,12,0,42,0,0,0,0,0,18,12,12,0,42,0,0,0,42
12/29/2021,FAI,AK,AAL,WE,Combined TRACON& Tower with Radar,13,6,2,0,21,0,0,0,0,0,13,6,2,0,21,0,0,0,21
12/30/2021,FAI,AK,AAL,WE,Combined TRACON& Tower with Radar,24,28,16,0,68,0,31,15,1,47,24,59,31,1,115,0,0,0,115
12/31/2021,FAI,AK,AAL,WE,Combined TRACON& Tower with Radar,16,18,5,0,39,0,32,30,0,62,16,50,35,0,101,12,0,12,113
01/01/2022,FAI,AK,AAL,WE,Combined TRACON& Tower with Radar,22,6,2,0,30,0,4,14,0,18,22,10,16,0,48,6,0,6,54
01/02/2022,FAI,AK,AAL,WE,Combined TRACON& Tower with Radar,32,5,3,0,40,0,10,12,4,26,32,15,15,4,66,1,3,4,70
01/03/2022,FAI,AK,AAL,WE,Combined TRACON& Tower with Radar,24,9,13,0,46,0,43,19,2,64,24,52,32,2,110,2,0,2,112
01/04/2022,FAI,AK,AAL,WE,Combined TRACON& Tower with Radar,21,17,7,2,47,0,49,28,2,79,21,66,35,4,126,2,0,2,128
01/05/2022,FAI,AK,AAL,WE,Combined TRACON& Tower with Radar,20,24,9,0,53,0,48,18,0,66,20,72,27,0,119,0,0,0,119
01/06/2022,FAI,AK,AAL,WE,Combined TRACON& Tower with Radar,22,16,11,7,56,0,39,27,3,69,22,55,38,10,125,1,4,5,130
01/07/2022,FAI,AK,AAL,WE,Combined TRACON& Tower with Radar,21,11,9,0,41,0,41,19,0,60,21,52,28,0,101,1,0,1,102
01/08/2022,FAI,AK,AAL,WE,Combined TRACON& Tower with Radar,21,4,3,0,28,0,24,11,0,35,21,28,14,0,63,6,0,6,69
01/09/2022,FAI,AK,AAL,WE,Combined TRACON& Tower with Radar,20,6,1,0,27,0,6,5,0,11,20,12,6,0,38,0,0,0,38
01/10/2022,FAI,AK,AAL,WE,Combined TRACON& Tower with Radar,27,9,14,19,69,0,48,17,10,75,27,57,31,29,144,12,26,38,182
01/11/2022,FAI,AK,AAL,WE,Combined TRACON& Tower with Radar,25,23,25,4,77,0,29,26,0,55,25,52,51,4,132,38,0,38,170
01/12/2022,FAI,AK,AAL,WE,Combined TRACON& Tower with Radar,25,30,18,6,79,0,35,48,5,88,25,65,66,11,167,48,12,60,227
01/13/2022,FAI,AK,AAL,WE,Combined TRACON& Tower with Radar,24,18,14,5,61,0,47,44,0,91,24,65,58,5,152,32,0,32,184
01/14/2022,FAI,AK,AAL,WE,Combined TRACON& Tower with Radar,22,17,22,0,61,0,40,113,4,157,22,57,135,4,218,26,0,26,244
01/15/2022,FAI,AK,AAL,WE,Combined TRACON& Tower with Radar,22,4,6,0,32,0,37,46,0,83,22,41,52,0,115,95,0,95,210
01/16/2022,FAI,AK,AAL,WE,Combined TRACON& Tower with Radar,24,14,1,0,39,0,8,11,0,19,24,22,12,0,58,14,0,14,72
01/17/2022,FAI,AK,AAL,WE,Combined TRACON& Tower with Radar,22,27,18,1,68,0,43,29,0,72,22,70,47,1,140,22,2,24,164
01/18/2022,FAI,AK,AAL,WE,Combined TRACON& Tower with Radar,22,18,18,7,65,0,42,27,9,78,22,60,45,16,143,94,0,94,237
01/19/2022,FAI,AK,AAL,WE,Combined TRACON& Tower with Radar,25,21,12,10,68,0,50,40,11,101,25,71,52,21,169,36,0,36,205
01/20/2022,FAI,AK,AAL,WE,Combined TRACON& Tower with Radar,25,11,16,14,66,0,55,32,10,97,25,66,48,24,163,66,0,66,229
01/21/2022,FAI,AK,AAL,WE,Combined TRACON& Tower with Radar,25,16,21,2,64,0,49,56,0,105,25,65,77,2,169,60,2,62,231
01/22/2022,FAI,AK,AAL,WE,Combined TRACON& Tower with Radar,22,8,9,4,43,0,27,60,6,93,22,35,69,10,136,68,2,70,206
01/23/2022,FAI,AK,AAL,WE,Combined TRACON& Tower with Radar,22,11,1,0,34,0,15,58,0,73,22,26,59,0,107,104,0,104,211
01/24/2022,FAI,AK,AAL,WE,Combined TRACON& Tower with Radar,28,17,13,8,66,0,51,47,6,104,28,68,60,14,170,57,0,57,227
01/25/2022,FAI,AK,AAL,WE,Combined TRACON& Tower with Radar,27,26,23,17,93,2,20,14,5,41,29,46,37,22,134,64,4,68,202
01/26/2022,FAI,AK,AAL,WE,Combined TRACON& Tower with Radar,25,20,12,4,61,0,46,43,10,99,25,66,55,14,160,116,14,130,290
01/27/2022,FAI,AK,AAL,WE,Combined TRACON& Tower with Radar,25,19,10,9,63,0,33,40,1,74,25,52,50,10,137,1,64,65,202
01/28/2022,FAI,AK,AAL,WE,Combined TRACON& Tower with Radar,27,20,14,2,63,0,38,38,0,76,27,58,52,2,139,40,0,40,179
01/29/2022,FAI,AK,AAL,WE,Combined TRACON& Tower with Radar,25,9,6,0,40,0,20,48,0,68,25,29,54,0,108,71,0,71,179
01/30/2022,FAI,AK,AAL,WE,Combined TRACON& Tower with Radar,24,4,7,0,35,0,12,19,0,31,24,16,26,0,66,0,0,0,66
01/31/2022,FAI,AK,AAL,WE,Combined TRACON& Tower with Radar,28,8,8,2,46,0,42,23,4,69,28,50,31,6,115,6,37,43,158
02/01/2022,FAI,AK,AAL,WE,Combined TRACON& Tower with Radar,24,13,12,4,53,0,32,18,2,52,24,45,30,6,105,0,2,2,107
02/02/2022,FAI,AK,AAL,WE,Combined TRACON& Tower with Radar,23,22,9,5,59,0,45,28,0,73,23,67,37,5,132,12,4,16,148
02/03/2022,FAI,AK,AAL,WE,Combined TRACON& Tower with Radar,23,12,12,5,52,0,40,30,11,81,23,52,42,16,133,25,0,25,158
02/04/2022,FAI,AK,AAL,WE,Combined TRACON& Tower with Radar,23,13,18,0,54,0,43,39,2,84,23,56,57,2,138,12,0,12,150
02/05/2022,FAI,AK,AAL,WE,Combined TRACON& Tower with Radar,21,10,14,0,45,0,25,39,0,64,21,35,53,0,109,48,0,48,157
02/06/2022,FAI,AK,AAL,WE,Combined TRACON& Tower with Radar,22,7,4,0,33,0,16,22,0,38,22,23,26,0,71,8,0,8,79
02/07/2022,FAI,AK,AAL,WE,Combined TRACON& Tower with Radar,23,27,14,7,71,0,34,21,3,58,23,61,35,10,129,14,14,28,157
02/08/2022,FAI,AK,AAL,WE,Combined TRACON& Tower with Radar,24,19,10,4,57,0,38,32,9,79,24,57,42,13,136,22,0,22,158
02/09/2022,FAI,AK,AAL,WE,Combined TRACON& Tower with Radar,24,51,15,10,100,0,11,8,0,19,24,62,23,10,119,0,0,0,119
02/10/2022,FAI,AK,AAL,WE,Combined TRACON& Tower with Radar,26,20,17,13,76,0,39,40,6,85,26,59,57,19,161,0,2,2,163
02/11/2022,FAI,AK,AAL,WE,Combined TRACON& Tower with Radar,26,14,15,1,56,0,55,56,2,113,26,69,71,3,169,10,1,11,180
02/12/2022,FAI,AK,AAL,WE,Combined TRACON& Tower with Radar,20,5,13,0,38,0,17,44,0,61,20,22,57,0,99,58,1,59,158
02/13/2022,FAI,AK,AAL,WE,Combined TRACON& Tower with Radar,23,16,8,0,47,0,3,9,0,12,23,19,17,0,59,2,1,3,62
02/14/2022,FAI,AK,AAL,WE,Combined TRACON& Tower with Radar,23,7,12,10,52,0,36,42,6,84,23,43,54,16,136,8,6,14,150
02/15/2022,FAI,AK,AAL,WE,Combined TRACON& Tower with Radar,24,26,16,13,79,0,42,13,4,59,24,68,29,17,138,12,2,14,152
02/16/2022,FAI,AK,AAL,WE,Combined TRACON& Tower with Radar,29,33,16,5,83,0,33,18,3,54,29,66,34,8,137,16,6,22,159
02/17/2022,FAI,AK,AAL,WE,Combined TRACON& Tower with Radar,29,13,18,4,64,0,45,30,0,75,29,58,48,4,139,4,2,6,145
02/18/2022,FAI,AK,AAL,WE,Combined TRACON& Tower with Radar,27,44,14,0,85,0,6,0,0,6,27,50,14,0,91,0,0,0,91
02/19/2022,FAI,AK,AAL,WE,Combined TRACON& Tower with Radar,26,5,11,0,42,0,36,80,0,116,26,41,91,0,158,98,0,98,256
02/20/2022,FAI,AK,AAL,WE,Combined TRACON& Tower with Radar,28,8,1,1,38,0,9,66,0,75,28,17,67,1,113,88,1,89,202
02/21/2022,FAI,AK,AAL,WE,Combined TRACON& Tower with Radar,28,21,17,0,66,0,39,22,0,61,28,60,39,0,127,51,0,51,178
02/22/2022,FAI,AK,AAL,WE,Combined TRACON& Tower with Radar,28,35,31,4,98,0,9,0,0,9,28,44,31,4,107,0,8,8,115
02/23/2022,FAI,AK,AAL,WE,Combined TRACON& Tower with Radar,31,31,21,2,85,0,42,60,6,108,31,73,81,8,193,14,15,29,222
02/24/2022,FAI,AK,AAL,WE,Combined TRACON& Tower with Radar,28,15,13,22,78,0,58,52,13,123,28,73,65,35,201,52,40,92,293
02/25/2022,FAI,AK,AAL,WE,Combined TRACON& Tower with Radar,28,17,14,1,60,0,51,82,2,135,28,68,96,3,195,61,0,61,256
02/26/2022,FAI,AK,AAL,WE,Combined TRACON& Tower with Radar,29,7,12,0,48,0,20,71,1,92,29,27,83,1,140,89,0,89,229
02/27/2022,FAI,AK,AAL,WE,Combined TRACON& Tower with Radar,25,20,17,0,62,0,10,5,0,15,25,30,22,0,77,0,0,0,77
02/28/2022,FAI,AK,AAL,WE,Combined TRACON& Tower with Radar,30,29,18,7,84,0,19,12,2,33,30,48,30,9,117,0,0,0,117
03/01/2022,FAI,AK,AAL,WE,Combined TRACON& Tower with Radar,30,36,18,15,99,0,27,39,6,72,30,63,57,21,171,86,12,98,269
03/02/2022,FAI,AK,AAL,WE,Combined TRACON& Tower with Radar,28,24,19,7,78,0,45,56,3,104,28,69,75,10,182,6,8,14,196
03/03/2022,FAI,AK,AAL,WE,Combined TRACON& Tower with Radar,32,19,16,6,73,0,51,56,6,113,32,70,72,12,186,52,2,54,240
03/04/2022,FAI,AK,AAL,WE,Combined TRACON& Tower with Radar,27,14,12,8,61,1,49,52,6,108,28,63,64,14,169,98,12,110,279
03/05/2022,FAI,AK,AAL,WE,Combined TRACON& Tower with Radar,27,7,8,3,45,0,37,48,2,87,27,44,56,5,132,58,2,60,192
03/06/2022,FAI,AK,AAL,WE,Combined TRACON& Tower with Radar,27,15,9,4,55,0,10,25,1,36,27,25,34,5,91,80,6,86,177
03/07/2022,FAI,AK,AAL,WE,Combined TRACON& Tower with Radar,29,7,12,5,53,0,57,75,5,137,29,64,87,10,190,6,46,52,242
03/08/2022,FAI,AK,AAL,WE,Combined TRACON& Tower with Radar,26,11,15,13,65,0,52,84,4,140,26,63,99,17,205,68,10,78,283
03/09/2022,FAI,AK,AAL,WE,Combined TRACON& Tower with Radar,29,57,20,4,110,0,4,2,0,6,29,61,22,4,116,0,2,2,118
03/10/2022,FAI,AK,AAL,WE,Combined TRACON& Tower with Radar,28,19,19,8,74,0,36,30,1,67,28,55,49,9,141,16,3,19,160
03/11/2022,FAI,AK,AAL,WE,Combined TRACON& Tower with Radar,31,14,12,6,63,0,57,97,2,156,31,71,109,8,219,46,20,66,285
03/12/2022,FAI,AK,AAL,WE,Combined TRACON& Tower with Radar,27,8,5,6,46,0,25,50,8,83,27,33,55,14,129,72,9,81,210
03/13/2022,FAI,AK,AAL,WE,Combined TRACON& Tower with Radar,24,1,4,0,29,0,17,51,2,70,24,18,55,2,99,122,6,128,227
03/14/2022,FAI,AK,AAL,WE,Combined TRACON& Tower with Radar,27,7,13,6,53,0,53,49,5,107,27,60,62,11,160,0,1,1,161
03/15/2022,FAI,AK,AAL,WE,Combined TRACON& Tower with Radar,26,23,15,6,70,0,47,54,3,104,26,70,69,9,174,42,13,55,229
03/16/2022,FAI,AK,AAL,WE,Combined TRACON& Tower with Radar,27,18,13,4,62,0,59,73,0,132,27,77,86,4,194,47,2,49,243
03/17/2022,FAI,AK,AAL,WE,Combined TRACON& Tower with Radar,27,14,11,6,58,0,47,54,3,104,27,61,65,9,162,130,13,143,305
03/18/2022,FAI,AK,AAL,WE,Combined TRACON& Tower with Radar,28,14,26,5,73,0,44,95,4,143,28,58,121,9,216,76,4,80,296
03/19/2022,FAI,AK,AAL,WE,Combined TRACON& Tower with Radar,26,10,15,0,51,0,32,58,0,90,26,42,73,0,141,65,0,65,206
03/20/2022,FAI,AK,AAL,WE,Combined TRACON& Tower with Radar,26,11,10,3,50,0,12,53,5,70,26,23,63,8,120,63,14,77,197
03/21/2022,FAI,AK,AAL,WE,Combined TRACON& Tower with Radar,26,13,15,6,60,0,53,89,0,142,26,66,104,6,202,0,0,0,202
03/22/2022,FAI,AK,AAL,WE,Combined TRACON& Tower with Radar,26,20,10,23,79,0,47,58,0,105,26,67,68,23,184,94,23,117,301
03/23/2022,FAI,AK,AAL,WE,Combined TRACON& Tower with Radar,24,22,12,5,63,0,48,69,10,127,24,70,81,15,190,92,10,102,292
03/24/2022,FAI,AK,AAL,WE,Combined TRACON& Tower with Radar,27,19,13,5,64,0,56,105,2,163,27,75,118,7,227,98,2,100,327
03/25/2022,FAI,AK,AAL,WE,Combined TRACON& Tower with Radar,24,14,9,7,54,0,46,119,1,166,24,60,128,8,220,124,8,132,352
03/26/2022,FAI,AK,AAL,WE,Combined TRACON& Tower with Radar,22,10,7,2,41,0,44,140,0,184,22,54,147,2,225,194,2,196,421
03/27/2022,FAI,AK,AAL,WE,Combined TRACON& Tower with Radar,22,3,10,0,35,0,15,94,0,109,22,18,104,0,144,208,0,208,352
03/28/2022,FAI,AK,AAL,WE,Combined TRACON& Tower with Radar,24,15,12,14,65,0,50,60,7,117,24,65,72,21,182,86,4,90,272
03/29/2022,FAI,AK,AAL,WE,Combined TRACON& Tower with Radar,26,27,16,2,71,0,44,57,10,111,26,71,73,12,182,16,6,22,204
03/30/2022,FAI,AK,AAL,WE,Combined TRACON& Tower with Radar,25,22,26,4,77,0,49,65,2,116,25,71,91,6,193,74,10,84,277
03/31/2022,FAI,AK,AAL,WE,Combined TRACON& Tower with Radar,25,18,14,15,72,0,66,66,2,134,25,84,80,17,206,86,26,112,318
04/01/2022,FAI,AK,AAL,WE,Combined TRACON& Tower with Radar,19,18,21,2,60,0,59,78,2,139,19,77,99,4,199,56,0,56,255
04/02/2022,FAI,AK,AAL,WE,Combined TRACON& Tower with Radar,22,7,9,1,39,0,30,26,0,56,22,37,35,1,95,68,0,68,163
04/03/2022,FAI,AK,AAL,WE,Combined TRACON& Tower with Radar,22,10,9,1,42,0,22,81,1,104,22,32,90,2,146,124,0,124,270
04/04/2022,FAI,AK,AAL,WE,Combined TRACON& Tower with Radar,22,18,14,4,58,0,42,47,10,99,22,60,61,14,157,78,2,80,237
04/05/2022,FAI,AK,AAL,WE,Combined TRACON& Tower with Radar,24,23,17,9,73,0,30,55,3,88,24,53,72,12,161,34,2,36,197
04/06/2022,FAI,AK,AAL,WE,Combined TRACON& Tower with Radar,24,23,17,6,70,0,33,50,3,86,24,56,67,9,156,114,6,120,276
04/07/2022,FAI,AK,AAL,WE,Combined TRACON& Tower with Radar,26,13,20,5,64,0,54,76,11,141,26,67,96,16,205,144,4,148,353
04/08/2022,FAI,AK,AAL,WE,Combined TRACON& Tower with Radar,26,24,17,4,71,0,35,45,2,82,26,59,62,6,153,24,2,26,179
04/09/2022,FAI,AK,AAL,WE,Combined TRACON& Tower with Radar,24,11,9,0,44,0,40,112,2,154,24,51,121,2,198,203,0,203,401
04/10/2022,FAI,AK,AAL,WE,Combined TRACON& Tower with Radar,24,23,2,0,49,0,11,53,0,64,24,34,55,0,113,108,0,108,221
04/11/2022,FAI,AK,AAL,WE,Combined TRACON& Tower with Radar,25,11,14,6,56,0,46,95,0,141,25,57,109,6,197,172,2,174,371
04/12/2022,FAI,AK,AAL,WE,Combined TRACON& Tower with Radar,31,21,14,8,74,0,30,67,1,98,31,51,81,9,172,0,0,0,172
04/13/2022,FAI,AK,AAL,WE,Combined TRACON& Tower with Radar,26,23,12,7,68,0,50,89,1,140,26,73,101,8,208,148,2,150,358
04/14/2022,FAI,AK,AAL,WE,Combined TRACON& Tower with Radar,26,16,23,10,75,0,52,83,5,140,26,68,106,15,215,138,4,142,357
04/15/2022,FAI,AK,AAL,WE,Combined TRACON& Tower with Radar,26,17,18,0,61,0,58,86,3,147,26,75,104,3,208,103,0,103,311
04/16/2022,FAI,AK,AAL,WE,Combined TRACON& Tower with Radar,22,13,27,0,62,0,34,96,0,130,22,47,123,0,192,166,0,166,358
04/17/2022,FAI,AK,AAL,WE,Combined TRACON& Tower with Radar,22,5,5,3,35,0,9,76,1,86,22,14,81,4,121,162,0,162,283
04/18/2022,FAI,AK,AAL,WE,Combined TRACON& Tower with Radar,26,14,11,8,59,0,54,54,2,110,26,68,65,10,169,16,4,20,189
04/19/2022,FAI,AK,AAL,WE,Combined TRACON& Tower with Radar,25,12,16,5,58,0,48,82,5,135,25,60,98,10,193,80,10,90,283
04/20/2022,FAI,AK,AAL,WE,Combined TRACON& Tower with Radar,26,19,15,12,72,0,62,67,2,131,26,81,82,14,203,154,0,154,357
04/21/2022,FAI,AK,AAL,WE,Combined TRACON& Tower with Radar,31,17,18,11,77,0,52,59,10,121,31,69,77,21,198,112,2,114,312
04/22/2022,FAI,AK,AAL,WE,Combined TRACON& Tower with Radar,26,24,14,8,72,1,58,92,7,158,27,82,106,15,230,92,16,108,338
04/23/2022,FAI,AK,AAL,WE,Combined TRACON& Tower with Radar,24,8,14,1,47,0,29,95,2,126,24,37,109,3,173,236,0,236,409
04/24/2022,FAI,AK,AAL,WE,Combined TRACON& Tower with Radar,25,1,7,1,34,0,15,105,0,120,25,16,112,1,154,148,0,148,302
04/25/2022,FAI,AK,AAL,WE,Combined TRACON& Tower with Radar,25,12,10,5,52,0,58,61,0,119,25,70,71,5,171,142,10,152,323
04/26/2022,FAI,AK,AAL,WE,Combined TRACON& Tower with Radar,28,22,18,8,76,0,44,54,5,103,28,66,72,13,179,112,4,116,295
04/27/2022,FAI,AK,AAL,WE,Combined TRACON& Tower with Radar,26,21,12,8,67,0,50,58,2,110,26,71,70,10,177,92,10,102,279
04/28/2022,FAI,AK,AAL,WE,Combined TRACON& Tower with Radar,24,15,17,16,72,0,43,57,4,104,24,58,74,20,176,208,12,220,396
04/29/2022,FAI,AK,AAL,WE,Combined TRACON& Tower with Radar,26,25,15,4,70,0,51,65,3,119,26,76,80,7,189,234,10,244,433
04/30/2022,FAI,AK,AAL,WE,Combined TRACON& Tower with Radar,23,9,6,1,39,0,24,51,0,75,23,33,57,1,114,150,1,151,265
05/01/2022,FAI,AK,AAL,WE,Combined TRACON& Tower with Radar,23,8,7,3,41,0,13,76,2,91,23,21,83,5,132,256,0,256,388
05/02/2022,FAI,AK,AAL,WE,Combined TRACON& Tower with Radar,25,11,14,5,55,0,52,55,3,110,25,63,69,8,165,114,8,122,287
05/03/2022,FAI,AK,AAL,WE,Combined TRACON& Tower with Radar,28,15,16,5,64,0,53,54,2,109,28,68,70,7,173,140,0,140,313
05/04/2022,FAI,AK,AAL,WE,Combined TRACON& Tower with Radar,24,19,19,7,69,0,48,62,10,120,24,67,81,17,189,116,5,121,310
05/05/2022,FAI,AK,AAL,WE,Combined TRACON& Tower with Radar,30,23,20,6,79,0,54,44,9,107,30,77,64,15,186,124,10,134,320
05/06/2022,FAI,AK,AAL,WE,Combined TRACON& Tower with Radar,28,10,15,10,63,0,56,64,0,120,28,66,79,10,183,202,6,208,391
05/07/2022,FAI,AK,AAL,WE,Combined TRACON& Tower with Radar,23,17,7,0,47,0,28,65,2,95,23,45,72,2,142,99,0,99,241
05/08/2022,FAI,AK,AAL,WE,Combined TRACON& Tower with Radar,30,5,3,0,38,0,17,50,2,69,30,22,53,2,107,160,0,160,267
05/09/2022,FAI,AK,AAL,WE,Combined TRACON& Tower with Radar,31,50,19,7,107,0,7,6,0,13,31,57,25,7,120,2,0,2,122
05/10/2022,FAI,AK,AAL,WE,Combined TRACON& Tower with Radar,26,50,29,7,112,0,20,41,6,67,26,70,70,13,179,30,10,40,219
05/11/2022,FAI,AK,AAL,WE,Combined TRACON& Tower with Radar,25,29,26,4,84,0,66,116,7,189,25,95,142,11,273,240,12,252,525
05/12/2022,FAI,AK,AAL,WE,Combined TRACON& Tower with Radar,31,46,13,8,98,0,13,18,0,31,31,59,31,8,129,56,0,56,185
05/13/2022,FAI,AK,AAL,WE,Combined TRACON& Tower with Radar,31,35,25,5,96,0,32,53,0,85,31,67,78,5,181,152,0,152,333
05/14/2022,FAI,AK,AAL,WE,Combined TRACON& Tower with Radar,28,4,10,1,43,0,34,111,0,145,28,38,121,1,188,330,0,330,518
05/15/2022,FAI,AK,AAL,WE,Combined TRACON& Tower with Radar,24,11,14,0,49,0,21,117,0,138,24,32,131,0,187,217,0,217,404
05/16/2022,FAI,AK,AAL,WE,Combined TRACON& Tower with Radar,29,15,22,0,66,1,47,88,0,136,30,62,110,0,202,170,0,170,372
05/17/2022,FAI,AK,AAL,WE,Combined TRACON& Tower with Radar,30,12,28,1,71,0,58,92,5,155,30,70,120,6,226,104,2,106,332
05/18/2022,FAI,AK,AAL,WE,Combined TRACON& Tower with Radar,29,25,15,17,86,0,44,115,13,172,29,69,130,30,258,212,32,244,502
05/19/2022,FAI,AK,AAL,WE,Combined TRACON& Tower with Radar,28,16,22,7,73,0,46,142,12,200,28,62,164,19,273,120,2,122,395
05/20/2022,FAI,AK,AAL,WE,Combined TRACON& Tower with Radar,36,24,20,0,80,0,62,143,4,209,36,86,163,4,289,151,0,151,440
05/21/2022,FAI,AK,AAL,WE,Combined TRACON& Tower with Radar,30,4,20,0,54,0,42,130,3,175,30,46,150,3,229,250,1,251,480
05/22/2022,FAI,AK,AAL,WE,Combined TRACON& Tower with Radar,34,5,21,0,60,0,21,102,0,123,34,26,123,0,183,144,0,144,327
05/23/2022,FAI,AK,AAL,WE,Combined TRACON& Tower with Radar,33,21,21,0,75,0,67,105,0,172,33,88,126,0,247,127,0,127,374
05/24/2022,FAI,AK,AAL,WE,Combined TRACON& Tower with Radar,38,25,26,3,92,0,50,128,8,186,38,75,154,11,278,90,0,90,368
05/25/2022,FAI,AK,AAL,WE,Combined TRACON& Tower with Radar,39,21,27,9,96,0,59,105,10,174,39,80,132,19,270,145,8,153,423
05/26/2022,FAI,AK,AAL,WE,Combined TRACON& Tower with Radar,39,22,28,6,95,0,60,116,3,179,39,82,144,9,274,134,0,134,408
05/27/2022,FAI,AK,AAL,WE,Combined TRACON& Tower with Radar,36,21,22,3,82,0,69,150,4,223,36,90,172,7,305,160,0,160,465
05/28/2022,FAI,AK,AAL,WE,Combined TRACON& Tower with Radar,35,13,15,3,66,0,49,164,0,213,35,62,179,3,279,286,2,288,567
05/29/2022,FAI,AK,AAL,WE,Combined TRACON& Tower with Radar,39,10,15,4,68,0,33,114,0,147,39,43,129,4,215,191,1,192,407
05/30/2022,FAI,AK,AAL,WE,Combined TRACON& Tower with Radar,39,6,11,6,62,0,26,143,0,169,39,32,154,6,231,196,0,196,427
05/31/2022,FAI,AK,AAL,WE,Combined TRACON& Tower with Radar,36,16,21,11,84,0,75,129,8,212,36,91,150,19,296,158,0,158,454
06/01/2022,FAI,AK,AAL,WE,Combined TRACON& Tower with Radar,41,28,21,4,94,0,74,125,2,201,41,102,146,6,295,106,4,110,405
06/02/2022,FAI,AK,AAL,WE,Combined TRACON& Tower with Radar,40,12,14,6,72,0,65,164,4,233,40,77,178,10,305,142,0,142,447
06/03/2022,FAI,AK,AAL,WE,Combined TRACON& Tower with Radar,37,18,15,3,73,0,76,150,2,228,37,94,165,5,301,203,0,203,504
06/04/2022,FAI,AK,AAL,WE,Combined TRACON& Tower with Radar,39,12,17,2,70,0,45,195,4,244,39,57,212,6,314,238,0,238,552
06/05/2022,FAI,AK,AAL,WE,Combined TRACON& Tower with Radar,40,13,4,3,60,0,42,130,3,175,40,55,134,6,235,154,0,154,389
06/06/2022,FAI,AK,AAL,WE,Combined TRACON& Tower with Radar,39,11,16,6,72,0,64,132,2,198,39,75,148,8,270,117,12,129,399
06/07/2022,FAI,AK,AAL,WE,Combined TRACON& Tower with Radar,40,24,16,6,86,0,70,138,8,216,40,94,154,14,302,54,0,54,356
06/08/2022,FAI,AK,AAL,WE,Combined TRACON& Tower with Radar,39,24,16,14,93,0,66,133,2,201,39,90,149,16,294,81,10,91,385
06/09/2022,FAI,AK,AAL,WE,Combined TRACON& Tower with Radar,41,16,25,14,96,0,62,113,1,176,41,78,138,15,272,161,4,165,437
06/10/2022,FAI,AK,AAL,WE,Combined TRACON& Tower with Radar,41,21,21,6,89,0,52,141,2,195,41,73,162,8,284,188,0,188,472
06/11/2022,FAI,AK,AAL,WE,Combined TRACON& Tower with Radar,41,10,19,0,70,0,50,118,4,172,41,60,137,4,242,136,0,136,378
06/12/2022,FAI,AK,AAL,WE,Combined TRACON& Tower with Radar,42,11,12,0,65,0,23,117,0,140,42,34,129,0,205,153,0,153,358
06/13/2022,FAI,AK,AAL,WE,Combined TRACON& Tower with Radar,44,39,30,3,116,0,41,75,3,119,44,80,105,6,235,18,0,18,253
06/14/2022,FAI,AK,AAL,WE,Combined TRACON& Tower with Radar,40,21,19,8,88,0,63,90,4,157,40,84,109,12,245,150,16,166,411
06/15/2022,FAI,AK,AAL,WE,Combined TRACON& Tower with Radar,44,34,30,4,112,1,77,141,10,229,45,111,171,14,341,155,0,155,496
06/16/2022,FAI,AK,AAL,WE,Combined TRACON& Tower with Radar,38,30,16,6,90,2,74,158,13,247,40,104,174,19,337,294,12,306,643
06/17/2022,FAI,AK,AAL,WE,Combined TRACON& Tower with Radar,35,24,24,1,84,0,81,187,5,273,35,105,211,6,357,184,0,184,541
06/18/2022,FAI,AK,AAL,WE,Combined TRACON& Tower with Radar,33,16,20,0,69,0,48,137,0,185,33,64,157,0,254,106,0,106,360
06/19/2022,FAI,AK,AAL,WE,Combined TRACON& Tower with Radar,34,8,8,0,50,0,53,128,4,185,34,61,136,4,235,135,0,135,370
06/20/2022,FAI,AK,AAL,WE,Combined TRACON& Tower with Radar,36,22,23,3,84,0,55,103,3,161,36,77,126,6,245,74,0,74,319
06/21/2022,FAI,AK,AAL,WE,Combined TRACON& Tower with Radar,36,30,23,8,97,2,78,136,2,218,38,108,159,10,315,154,3,157,472
06/22/2022,FAI,AK,AAL,WE,Combined TRACON& Tower with Radar,38,23,20,11,92,0,85,173,2,260,38,108,193,13,352,154,0,154,506
06/23/2022,FAI,AK,AAL,WE,Combined TRACON& Tower with Radar,42,23,23,8,96,0,56,131,5,192,42,79,154,13,288,94,2,96,384
06/24/2022,FAI,AK,AAL,WE,Combined TRACON& Tower with Radar,38,22,27,0,87,0,87,155,1,243,38,109,182,1,330,165,0,165,495
06/25/2022,FAI,AK,AAL,WE,Combined TRACON& Tower with Radar,33,16,24,0,73,0,42,84,0,126,33,58,108,0,199,16,0,16,215
06/26/2022,FAI,AK,AAL,WE,Combined TRACON& Tower with Radar,34,15,18,0,67,1,15,82,2,100,35,30,100,2,167,54,0,54,221
06/27/2022,FAI,AK,AAL,WE,Combined TRACON& Tower with Radar,35,66,41,6,148,0,10,51,0,61,35,76,92,6,209,0,0,0,209
06/28/2022,FAI,AK,AAL,WE,Combined TRACON& Tower with Radar,40,68,43,10,161,0,5,23,0,28,40,73,66,10,189,4,0,4,193
06/29/2022,FAI,AK,AAL,WE,Combined TRACON& Tower with Radar,39,36,39,2,116,0,62,87,3,152,39,98,126,5,268,88,0,88,356
06/30/2022,FAI,AK,AAL,WE,Combined TRACON& Tower with Radar,39,79,45,15,178,8,8,61,0,77,47,87,106,15,255,0,1,1,256
07/01/2022,FAI,AK,AAL,WE,Combined TRACON& Tower with Radar,36,32,32,5,105,11,73,122,3,209,47,105,154,8,314,106,0,106,420
07/02/2022,FAI,AK,AAL,WE,Combined TRACON& Tower with Radar,34,32,30,4,100,5,19,59,2,85,39,51,89,6,185,54,0,54,239
07/03/2022,FAI,AK,AAL,WE,Combined TRACON& Tower with Radar,37,20,11,7,75,0,15,32,0,47,37,35,43,7,122,8,0,8,130
07/04/2022,FAI,AK,AAL,WE,Combined TRACON& Tower with Radar,34,19,13,1,67,7,24,55,7,93,41,43,68,8,160,72,0,72,232
07/05/2022,FAI,AK,AAL,WE,Combined TRACON& Tower with Radar,33,60,57,5,155,0,21,18,1,40,33,81,75,6,195,0,0,0,195
07/06/2022,FAI,AK,AAL,WE,Combined TRACON& Tower with Radar,37,72,51,9,169,11,41,68,3,123,48,113,119,12,292,42,0,42,334
07/07/2022,FAI,AK,AAL,WE,Combined TRACON& Tower with Radar,44,38,24,8,114,1,77,175,24,277,45,115,199,32,391,263,0,263,654
07/08/2022,FAI,AK,AAL,WE,Combined TRACON& Tower with Radar,33,24,22,11,90,2,91,191,4,288,35,115,213,15,378,116,4,120,498
07/09/2022,FAI,AK,AAL,WE,Combined TRACON& Tower with Radar,34,28,41,1,104,0,18,33,0,51,34,46,74,1,155,20,0,20,175
07/10/2022,FAI,AK,AAL,WE,Combined TRACON& Tower with Radar,35,26,31,1,93,1,15,23,0,39,36,41,54,1,132,22,0,22,154
07/11/2022,FAI,AK,AAL,WE,Combined TRACON& Tower with Radar,38,58,43,5,144,6,20,45,0,71,44,78,88,5,215,0,0,0,215
07/12/2022,FAI,AK,AAL,WE,Combined TRACON& Tower with Radar,39,33,27,9,108,17,60,109,6,192,56,93,136,15,300,224,2,226,526
07/13/2022,FAI,AK,AAL,WE,Combined TRACON& Tower with Radar,41,47,33,11,132,0,54,105,9,168,41,101,138,20,300,96,5,101,401
07/14/2022,FAI,AK,AAL,WE,Combined TRACON& Tower with Radar,47,20,26,7,100,5,75,219,5,304,52,95,245,12,404,132,4,136,540
07/15/2022,FAI,AK,AAL,WE,Combined TRACON& Tower with Radar,37,24,30,2,93,1,52,165,3,221,38,76,195,5,314,170,2,172,486
07/16/2022,FAI,AK,AAL,WE,Combined TRACON& Tower with Radar,32,20,13,0,65,0,15,93,2,110,32,35,106,2,175,286,0,286,461
07/17/2022,FAI,AK,AAL,WE,Combined TRACON& Tower with Radar,37,12,19,2,70,0,18,150,0,168,37,30,169,2,238,222,0,222,460
07/18/2022,FAI,AK,AAL,WE,Combined TRACON& Tower with Radar,35,34,25,11,105,0,37,98,2,137,35,71,123,13,242,225,4,229,471
07/19/2022,FAI,AK,AAL,WE,Combined TRACON& Tower with Radar,37,54,38,10,139,0,42,68,7,117,37,96,106,17,256,189,0,189,445
07/20/2022,FAI,AK,AAL,WE,Combined TRACON& Tower with Radar,38,25,34,13,110,0,69,207,4,280,38,94,241,17,390,143,0,143,533
07/21/2022,FAI,AK,AAL,WE,Combined TRACON& Tower with Radar,39,25,22,5,91,0,60,173,4,237,39,85,195,9,328,252,0,252,580
07/22/2022,FAI,AK,AAL,WE,Combined TRACON& Tower with Radar,38,40,22,0,100,0,37,104,2,143,38,77,126,2,243,100,0,100,343
07/23/2022,FAI,AK,AAL,WE,Combined TRACON& Tower with Radar,34,11,23,3,71,0,48,183,1,232,34,59,206,4,303,222,0,222,525
07/24/2022,FAI,AK,AAL,WE,Combined TRACON& Tower with Radar,35,5,18,4,62,0,38,186,3,227,35,43,204,7,289,122,44,166,455
07/25/2022,FAI,AK,AAL,WE,Combined TRACON& Tower with Radar,41,17,14,17,89,0,60,108,8,176,41,77,122,25,265,82,0,82,347
07/26/2022,FAI,AK,AAL,WE,Combined TRACON& Tower with Radar,35,21,17,10,83,0,37,66,8,111,35,58,83,18,194,49,5,54,248
07/27/2022,FAI,AK,AAL,WE,Combined TRACON& Tower with Radar,39,43,30,13,125,0,41,130,2,173,39,84,160,15,298,104,0,104,402
07/28/2022,FAI,AK,AAL,WE,Combined TRACON& Tower with Radar,40,22,17,2,81,0,64,186,0,250,40,86,203,2,331,114,0,114,445
07/29/2022,FAI,AK,AAL,WE,Combined TRACON& Tower with Radar,37,20,22,1,80,0,57,195,1,253,37,77,217,2,333,171,0,171,504
07/30/2022,FAI,AK,AAL,WE,Combined TRACON& Tower with Radar,31,10,15,1,57,0,31,182,5,218,31,41,197,6,275,221,0,221,496
07/31/2022,FAI,AK,AAL,WE,Combined TRACON& Tower with Radar,32,8,9,0,49,0,24,147,0,171,32,32,156,0,220,142,0,142,362
08/01/2022,FAI,AK,AAL,WE,Combined TRACON& Tower with Radar,37,17,16,2,72,0,62,93,3,158,37,79,109,5,230,78,0,78,308
08/02/2022,FAI,AK,AAL,WE,Combined TRACON& Tower with Radar,37,28,12,8,85,0,62,92,3,157,37,90,104,11,242,221,0,221,463
08/03/2022,FAI,AK,AAL,WE,Combined TRACON& Tower with Radar,40,27,25,8,100,0,67,159,5,231,40,94,184,13,331,188,2,190,521
08/04/2022,FAI,AK,AAL,WE,Combined TRACON& Tower with Radar,38,14,16,5,73,0,65,173,1,239,38,79,189,6,312,88,0,88,400
08/05/2022,FAI,AK,AAL,WE,Combined TRACON& Tower with Radar,33,62,32,0,127,0,20,48,0,68,33,82,80,0,195,64,0,64,259
08/06/2022,FAI,AK,AAL,WE,Combined TRACON& Tower with Radar,33,30,28,0,91,0,31,59,5,95,33,61,87,5,186,139,0,139,325
08/07/2022,FAI,AK,AAL,WE,Combined TRACON& Tower with Radar,36,16,33,0,85,0,27,174,0,201,36,43,207,0,286,168,0,168,454
08/08/2022,FAI,AK,AAL,WE,Combined TRACON& Tower with Radar,34,31,32,2,99,0,49,62,0,111,34,80,94,2,210,72,0,72,282
08/09/2022,FAI,AK,AAL,WE,Combined TRACON& Tower with Radar,35,30,35,8,108,0,49,75,2,126,35,79,110,10,234,142,0,142,376
08/10/2022,FAI,AK,AAL,WE,Combined TRACON& Tower with Radar,36,30,22,3,91,0,86,216,2,304,36,116,238,5,395,170,0,170,565
08/11/2022,FAI,AK,AAL,WE,Combined TRACON& Tower with Radar,38,22,20,3,83,0,65,186,7,258,38,87,206,10,341,166,2,168,509
08/12/2022,FAI,AK,AAL,WE,Combined TRACON& Tower with Radar,37,32,24,3,96,0,77,193,0,270,37,109,217,3,366,134,0,134,500
08/13/2022,FAI,AK,AAL,WE,Combined TRACON& Tower with Radar,33,9,21,3,66,0,42,164,0,206,33,51,185,3,272,194,0,194,466
08/14/2022,FAI,AK,AAL,WE,Combined TRACON& Tower with Radar,37,9,21,5,72,0,23,161,5,189,37,32,182,10,261,178,0,178,439
08/15/2022,FAI,AK,AAL,WE,Combined TRACON& Tower with Radar,40,19,19,5,83,0,55,124,0,179,40,74,143,5,262,61,0,61,323
08/16/2022,FAI,AK,AAL,WE,Combined TRACON& Tower with Radar,34,24,20,4,82,0,58,150,4,212,34,82,170,8,294,120,0,120,414
08/17/2022,FAI,AK,AAL,WE,Combined TRACON& Tower with Radar,38,23,17,19,97,0,61,128,12,201,38,84,145,31,298,186,12,198,496
08/18/2022,FAI,AK,AAL,WE,Combined TRACON& Tower with Radar,44,28,21,7,100,0,57,143,9,209,44,85,164,16,309,156,0,156,465
08/19/2022,FAI,AK,AAL,WE,Combined TRACON& Tower with Radar,38,37,28,16,119,0,53,161,8,222,38,90,189,24,341,110,2,112,453
08/20/2022,FAI,AK,AAL,WE,Combined TRACON& Tower with Radar,33,10,20,6,69,0,46,175,0,221,33,56,195,6,290,200,0,200,490
08/21/2022,FAI,AK,AAL,WE,Combined TRACON& Tower with Radar,35,11,14,2,62,0,28,183,0,211,35,39,197,2,273,164,0,164,437
08/22/2022,FAI,AK,AAL,WE,Combined TRACON& Tower with Radar,39,16,24,6,85,0,56,148,4,208,39,72,172,10,293,88,0,88,381
08/23/2022,FAI,AK,AAL,WE,Combined TRACON& Tower with Radar,39,22,24,10,95,0,51,109,5,165,39,73,133,15,260,126,20,146,406
08/24/2022,FAI,AK,AAL,WE,Combined TRACON& Tower with Radar,36,22,26,15,99,0,57,192,5,254,36,79,218,20,353,135,16,151,504
08/25/2022,FAI,AK,AAL,WE,Combined TRACON& Tower with Radar,40,22,28,12,102,0,50,158,7,215,40,72,186,19,317,180,8,188,505
08/26/2022,FAI,AK,AAL,WE,Combined TRACON& Tower with Radar,35,16,22,3,76,0,54,108,2,164,35,70,130,5,240,76,6,82,322
08/27/2022,FAI,AK,AAL,WE,Combined TRACON& Tower with Radar,33,17,27,2,79,0,34,90,2,126,33,51,117,4,205,92,0,92,297
08/28/2022,FAI,AK,AAL,WE,Combined TRACON& Tower with Radar,36,10,13,0,59,0,31,143,1,175,36,41,156,1,234,110,0,110,344
08/29/2022,FAI,AK,AAL,WE,Combined TRACON& Tower with Radar,34,22,29,5,90,0,50,153,5,208,34,72,182,10,298,56,4,60,358
08/30/2022,FAI,AK,AAL,WE,Combined TRACON& Tower with Radar,38,42,31,26,137,0,47,108,12,167,38,89,139,38,304,76,12,88,392
08/31/2022,FAI,AK,AAL,WE,Combined TRACON& Tower with Radar,40,27,20,5,92,0,78,152,4,234,40,105,172,9,326,90,10,100,426
09/01/2022,FAI,AK,AAL,WE,Combined TRACON& Tower with Radar,40,23,26,10,99,0,64,98,14,176,40,87,124,24,275,50,12,62,337
09/02/2022,FAI,AK,AAL,WE,Combined TRACON& Tower with Radar,40,22,27,3,92,0,48,192,6,246,40,70,219,9,338,91,0,91,429
09/03/2022,FAI,AK,AAL,WE,Combined TRACON& Tower with Radar,32,19,15,2,68,0,36,122,5,163,32,55,137,7,231,134,0,134,365
09/04/2022,FAI,AK,AAL,WE,Combined TRACON& Tower with Radar,34,9,15,4,62,0,25,86,1,112,34,34,101,5,174,64,0,64,238
09/05/2022,FAI,AK,AAL,WE,Combined TRACON& Tower with Radar,36,4,26,5,71,0,18,197,9,224,36,22,223,14,295,142,0,142,437
09/06/2022,FAI,AK,AAL,WE,Combined TRACON& Tower with Radar,30,11,18,11,70,0,62,158,7,227,30,73,176,18,297,132,4,136,433
09/07/2022,FAI,AK,AAL,WE,Combined TRACON& Tower with Radar,28,38,37,10,113,0,42,154,1,197,28,80,191,11,310,92,6,98,408
09/08/2022,FAI,AK,AAL,WE,Combined TRACON& Tower with Radar,31,15,15,13,74,0,85,83,3,171,31,100,98,16,245,66,8,74,319
09/09/2022,FAI,AK,AAL,WE,Combined TRACON& Tower with Radar,25,34,21,14,94,0,53,65,2,120,25,87,86,16,214,8,6,14,228
09/10/2022,FAI,AK,AAL,WE,Combined TRACON& Tower with Radar,25,23,20,1,69,0,35,143,0,178,25,58,163,1,247,92,0,92,339
09/11/2022,FAI,AK,AAL,WE,Combined TRACON& Tower with Radar,26,6,18,1,51,0,39,222,1,262,26,45,240,2,313,156,0,156,469
09/12/2022,FAI,AK,AAL,WE,Combined TRACON& Tower with Radar,25,19,14,11,69,0,57,183,1,241,25,76,197,12,310,92,0,92,402
09/13/2022,FAI,AK,AAL,WE,Combined TRACON& Tower with Radar,31,24,28,17,100,0,66,173,12,251,31,90,201,29,351,144,2,146,497
09/14/2022,FAI,AK,AAL,WE,Combined TRACON& Tower with Radar,24,62,45,9,140,0,15,5,0,20,24,77,50,9,160,14,0,14,174
09/15/2022,FAI,AK,AAL,WE,Combined TRACON& Tower with Radar,26,33,38,7,104,0,49,135,8,192,26,82,173,15,296,100,0,100,396
09/16/2022,FAI,AK,AAL,WE,Combined TRACON& Tower with Radar,30,26,25,0,81,0,37,163,3,203,30,63,188,3,284,162,1,163,447
09/17/2022,FAI,AK,AAL,WE,Combined TRACON& Tower with Radar,28,5,15,2,50,0,34,104,3,141,28,39,119,5,191,93,0,93,284
09/18/2022,FAI,AK,AAL,WE,Combined TRACON& Tower with Radar,24,9,17,4,54,0,24,188,3,215,24,33,205,7,269,125,0,125,394
09/19/2022,FAI,AK,AAL,WE,Combined TRACON& Tower with Radar,28,13,22,6,69,0,69,146,5,220,28,82,168,11,289,60,0,60,349
09/20/2022,FAI,AK,AAL,WE,Combined TRACON& Tower with Radar,28,29,31,17,105,0,41,90,3,134,28,70,121,20,239,148,22,170,409
09/21/2022,FAI,AK,AAL,WE,Combined TRACON& Tower with Radar,25,34,16,5,80,0,61,105,5,171,25,95,121,10,251,90,2,92,343
09/22/2022,FAI,AK,AAL,WE,Combined TRACON& Tower with Radar,25,56,28,4,113,1,21,55,2,79,26,77,83,6,192,21,0,21,213
09/23/2022,FAI,AK,AAL,WE,Combined TRACON& Tower with Radar,32,21,18,10,81,0,61,173,2,236,32,82,191,12,317,108,4,112,429
09/24/2022,FAI,AK,AAL,WE,Combined TRACON& Tower with Radar,24,16,10,1,51,0,32,146,1,179,24,48,156,2,230,90,0,90,320
09/25/2022,FAI,AK,AAL,WE,Combined TRACON& Tower with Radar,24,8,25,2,59,0,29,150,1,180,24,37,175,3,239,112,0,112,351
09/26/2022,FAI,AK,AAL,WE,Combined TRACON& Tower with Radar,27,14,10,4,55,0,72,73,1,146,27,86,83,5,201,104,0,104,305
09/27/2022,FAI,AK,AAL,WE,Combined TRACON& Tower with Radar,31,49,34,5,119,0,36,25,4,65,31,85,59,9,184,0,0,0,184
09/28/2022,FAI,AK,AAL,WE,Combined TRACON& Tower with Radar,25,25,21,0,71,0,63,112,1,176,25,88,133,1,247,102,22,124,371
09/29/2022,FAI,AK,AAL,WE,Combined TRACON& Tower with Radar,27,17,17,5,66,0,44,147,5,196,27,61,164,10,262,220,5,225,487
09/30/2022,FAI,AK,AAL,WE,Combined TRACON& Tower with Radar,27,33,18,1,79,0,48,151,1,200,27,81,169,2,279,228,0,228,507
10/01/2022,FAI,AK,AAL,WE,Combined TRACON& Tower with Radar,25,15,19,17,76,0,32,83,0,115,25,47,102,17,191,80,16,96,287
10/02/2022,FAI,AK,AAL,WE,Combined TRACON& Tower with Radar,21,15,15,0,51,0,13,50,0,63,21,28,65,0,114,114,0,114,228
10/03/2022,FAI,AK,AAL,WE,Combined TRACON& Tower with Radar,26,26,26,9,87,0,44,110,2,156,26,70,136,11,243,122,4,126,369
10/04/2022,FAI,AK,AAL,WE,Combined TRACON& Tower with Radar,26,13,16,11,66,0,44,128,4,176,26,57,144,15,242,104,0,104,346
10/05/2022,FAI,AK,AAL,WE,Combined TRACON& Tower with Radar,20,24,13,6,63,0,56,112,8,176,20,80,125,14,239,146,6,152,391
10/06/2022,FAI,AK,AAL,WE,Combined TRACON& Tower with Radar,22,21,14,14,71,0,50,78,2,130,22,71,92,16,201,162,0,162,363
10/07/2022,FAI,AK,AAL,WE,Combined TRACON& Tower with Radar,27,30,17,0,74,0,32,45,0,77,27,62,62,0,151,110,0,110,261
10/08/2022,FAI,AK,AAL,WE,Combined TRACON& Tower with Radar,19,11,8,0,38,0,25,52,0,77,19,36,60,0,115,222,0,222,337
10/09/2022,FAI,AK,AAL,WE,Combined TRACON& Tower with Radar,23,20,0,0,43,0,1,0,0,1,23,21,0,0,44,6,0,6,50
10/10/2022,FAI,AK,AAL,WE,Combined TRACON& Tower with Radar,22,18,28,0,68,0,41,66,0,107,22,59,94,0,175,35,0,35,210
10/11/2022,FAI,AK,AAL,WE,Combined TRACON& Tower with Radar,26,38,18,11,93,0,49,30,0,79,26,87,48,11,172,42,0,42,214
10/12/2022,FAI,AK,AAL,WE,Combined TRACON& Tower with Radar,23,36,25,20,104,0,31,34,2,67,23,67,59,22,171,66,6,72,243
10/13/2022,FAI,AK,AAL,WE,Combined TRACON& Tower with Radar,26,31,10,7,74,0,39,60,5,104,26,70,70,12,178,82,8,90,268
10/14/2022,FAI,AK,AAL,WE,Combined TRACON& Tower with Radar,22,14,22,5,63,0,63,100,1,164,22,77,122,6,227,118,0,118,345
10/15/2022,FAI,AK,AAL,WE,Combined TRACON& Tower with Radar,23,13,8,2,46,0,24,63,2,89,23,37,71,4,135,92,0,92,227
10/16/2022,FAI,AK,AAL,WE,Combined TRACON& Tower with Radar,25,4,3,0,32,0,4,76,0,80,25,8,79,0,112,176,0,176,288
10/17/2022,FAI,AK,AAL,WE,Combined TRACON& Tower with Radar,26,15,17,11,69,0,46,66,8,120,26,61,83,19,189,118,1,119,308
10/18/2022,FAI,AK,AAL,WE,Combined TRACON& Tower with Radar,23,21,15,8,67,0,42,57,6,105,23,63,72,14,172,108,22,130,302
10/19/2022,FAI,AK,AAL,WE,Combined TRACON& Tower with Radar,22,43,22,2,89,0,5,3,0,8,22,48,25,2,97,2,2,4,101
10/20/2022,FAI,AK,AAL,WE,Combined TRACON& Tower with Radar,27,27,18,14,86,0,40,43,3,86,27,67,61,17,172,122,12,134,306
10/21/2022,FAI,AK,AAL,WE,Combined TRACON& Tower with Radar,25,51,17,0,93,0,5,1,0,6,25,56,18,0,99,0,1,1,100
10/22/2022,FAI,AK,AAL,WE,Combined TRACON& Tower with Radar,26,36,14,1,77,0,3,2,0,5,26,39,16,1,82,0,0,0,82
10/23/2022,FAI,AK,AAL,WE,Combined TRACON& Tower with Radar,24,10,6,3,43,0,1,2,0,3,24,11,8,3,46,0,0,0,46
10/24/2022,FAI,AK,AAL,WE,Combined TRACON& Tower with Radar,26,18,25,1,70,0,54,70,0,124,26,72,95,1,194,111,0,111,305
10/25/2022,FAI,AK,AAL,WE,Combined TRACON& Tower with Radar,24,23,18,5,70,0,53,77,6,136,24,76,95,11,206,80,2,82,288
10/26/2022,FAI,AK,AAL,WE,Combined TRACON& Tower with Radar,21,24,12,7,64,0,62,68,5,135,21,86,80,12,199,103,0,103,302
10/27/2022,FAI,AK,AAL,WE,Combined TRACON& Tower with Radar,24,23,20,13,80,0,43,68,4,115,24,66,88,17,195,64,8,72,267
10/28/2022,FAI,AK,AAL,WE,Combined TRACON& Tower with Radar,28,19,15,2,64,0,52,72,0,124,28,71,87,2,188,98,2,100,288
10/29/2022,FAI,AK,AAL,WE,Combined TRACON& Tower with Radar,20,4,7,0,31,0,24,63,2,89,20,28,70,2,120,100,0,100,220
10/30/2022,FAI,AK,AAL,WE,Combined TRACON& Tower with Radar,24,11,3,1,39,0,14,20,2,36,24,25,23,3,75,62,0,62,137
10/31/2022,FAI,AK,AAL,WE,Combined TRACON& Tower with Radar,20,13,11,2,46,0,49,25,2,76,20,62,36,4,122,114,0,114,236
11/01/2022,FAI,AK,AAL,WE,Combined TRACON& Tower with Radar,23,22,17,9,71,0,39,17,4,60,23,61,34,13,131,12,0,12,143
11/02/2022,FAI,AK,AAL,WE,Combined TRACON& Tower with Radar,30,32,16,2,80,0,51,33,0,84,30,83,49,2,164,54,4,58,222
11/03/2022,FAI,AK,AAL,WE,Combined TRACON& Tower with Radar,25,41,30,8,104,0,17,3,0,20,25,58,33,8,124,0,0,0,124
11/04/2022,FAI,AK,AAL,WE,Combined TRACON& Tower with Radar,25,35,19,2,81,0,30,16,0,46,25,65,35,2,127,0,0,0,127
11/05/2022,FAI,AK,AAL,WE,Combined TRACON& Tower with Radar,21,6,7,1,35,0,35,56,0,91,21,41,63,1,126,134,0,134,260
11/06/2022,FAI,AK,AAL,WE,Combined TRACON& Tower with Radar,24,6,4,4,38,0,10,48,0,58,24,16,52,4,96,112,3,115,211
11/07/2022,FAI,AK,AAL,WE,Combined TRACON& Tower with Radar,22,12,11,3,48,0,54,37,0,91,22,66,48,3,139,54,0,54,193
11/08/2022,FAI,AK,AAL,WE,Combined TRACON& Tower with Radar,25,32,10,4,71,0,43,26,2,71,25,75,36,6,142,44,4,48,190
11/09/2022,FAI,AK,AAL,WE,Combined TRACON& Tower with Radar,22,31,12,5,70,0,33,27,6,66,22,64,39,11,136,67,1,68,204
11/10/2022,FAI,AK,AAL,WE,Combined TRACON& Tower with Radar,24,35,17,5,81,0,15,2,0,17,24,50,19,5,98,0,0,0,98
11/11/2022,FAI,AK,AAL,WE,Combined TRACON& Tower with Radar,26,12,15,2,55,0,44,59,0,103,26,56,74,2,158,41,0,41,199
11/12/2022,FAI,AK,AAL,WE,Combined TRACON& Tower with Radar,21,10,6,0,37,0,25,65,0,90,21,35,71,0,127,156,0,156,283
11/13/2022,FAI,AK,AAL,WE,Combined TRACON& Tower with Radar,25,15,5,0,45,0,8,54,1,63,25,23,59,1,108,118,0,118,226
11/14/2022,FAI,AK,AAL,WE,Combined TRACON& Tower with Radar,23,41,21,2,87,0,12,0,0,12,23,53,21,2,99,0,0,0,99
11/15/2022,FAI,AK,AAL,WE,Combined TRACON& Tower with Radar,24,44,24,15,107,0,30,32,0,62,24,74,56,15,169,30,4,34,203
11/16/2022,FAI,AK,AAL,WE,Combined TRACON& Tower with Radar,25,26,13,6,70,0,64,60,0,124,25,90,73,6,194,56,2,58,252
11/17/2022,FAI,AK,AAL,WE,Combined TRACON& Tower with Radar,26,23,17,12,78,0,56,55,8,119,26,79,72,20,197,94,2,96,293
11/18/2022,FAI,AK,AAL,WE,Combined TRACON& Tower with Radar,25,20,11,2,58,0,49,63,0,112,25,69,74,2,170,28,1,29,199
11/19/2022,FAI,AK,AAL,WE,Combined TRACON& Tower with Radar,28,10,4,0,42,0,22,82,0,104,28,32,86,0,146,128,0,128,274
11/20/2022,FAI,AK,AAL,WE,Combined TRACON& Tower with Radar,27,10,10,0,47,0,19,63,0,82,27,29,73,0,129,132,0,132,261
11/21/2022,FAI,AK,AAL,WE,Combined TRACON& Tower with Radar,28,15,15,12,70,0,45,32,0,77,28,60,47,12,147,26,24,50,197
11/22/2022,FAI,AK,AAL,WE,Combined TRACON& Tower with Radar,30,28,21,18,97,0,47,27,12,86,30,75,48,30,183,12,4,16,199
11/23/2022,FAI,AK,AAL,WE,Combined TRACON& Tower with Radar,30,58,20,0,108,0,7,0,0,7,30,65,20,0,115,0,0,0,115
11/24/2022,FAI,AK,AAL,WE,Combined TRACON& Tower with Radar,18,12,3,0,33,0,0,0,0,0,18,12,3,0,33,0,0,0,33
11/25/2022,FAI,AK,AAL,WE,Combined TRACON& Tower with Radar,25,46,19,0,90,1,12,8,0,21,26,58,27,0,111,4,0,4,115
11/26/2022,FAI,AK,AAL,WE,Combined TRACON& Tower with Radar,28,23,13,0,64,0,12,4,0,16,28,35,17,0,80,23,0,23,103
11/27/2022,FAI,AK,AAL,WE,Combined TRACON& Tower with Radar,29,6,10,0,45,0,5,12,0,17,29,11,22,0,62,32,0,32,94
11/28/2022,FAI,AK,AAL,WE,Combined TRACON& Tower with Radar,28,15,15,16,74,0,56,68,3,127,28,71,83,19,201,56,2,58,259
11/29/2022,FAI,AK,AAL,WE,Combined TRACON& Tower with Radar,26,25,11,9,71,0,75,47,14,136,26,100,58,23,207,20,8,28,235
11/30/2022,FAI,AK,AAL,WE,Combined TRACON& Tower with Radar,21,28,15,2,66,0,23,23,0,46,21,51,38,2,112,2,2,4,116
12/01/2022,FAI,AK,AAL,WE,Combined TRACON& Tower with Radar,24,24,28,4,80,0,53,30,6,89,24,77,58,10,169,40,0,40,209
12/02/2022,FAI,AK,AAL,WE,Combined TRACON& Tower with Radar,24,28,7,8,67,0,7,6,0,13,24,35,13,8,80,0,0,0,80
12/03/2022,FAI,AK,AAL,WE,Combined TRACON& Tower with Radar,22,20,15,0,57,0,14,10,0,24,22,34,25,0,81,12,0,12,93
12/04/2022,FAI,AK,AAL,WE,Combined TRACON& Tower with Radar,24,9,13,2,48,0,45,52,0,97,24,54,65,2,145,114,0,114,259
12/05/2022,FAI,AK,AAL,WE,Combined TRACON& Tower with Radar,26,40,17,8,91,0,31,21,3,55,26,71,38,11,146,36,2,38,184
12/06/2022,FAI,AK,AAL,WE,Combined TRACON& Tower with Radar,25,42,25,9,101,0,29,17,0,46,25,71,42,9,147,30,0,30,177
12/07/2022,FAI,AK,AAL,WE,Combined TRACON& Tower with Radar,27,42,27,1,97,0,25,2,1,28,27,67,29,2,125,14,4,18,143
12/08/2022,FAI,AK,AAL,WE,Combined TRACON& Tower with Radar,29,49,32,6,116,0,15,2,2,19,29,64,34,8,135,28,2,30,165
12/09/2022,FAI,AK,AAL,WE,Combined TRACON& Tower with Radar,25,42,19,2,88,0,24,22,2,48,25,66,41,4,136,170,0,170,306
12/10/2022,FAI,AK,AAL,WE,Combined TRACON& Tower with Radar,25,6,7,0,38,0,27,25,0,52,25,33,32,0,90,0,0,0,90
12/11/2022,FAI,AK,AAL,WE,Combined TRACON& Tower with Radar,20,11,2,0,33,0,15,24,0,39,20,26,26,0,72,70,0,70,142
12/12/2022,FAI,AK,AAL,WE,Combined TRACON& Tower with Radar,26,35,28,0,89,0,13,4,0,17,26,48,32,0,106,2,0,2,108
12/13/2022,FAI,AK,AAL,WE,Combined TRACON& Tower with Radar,30,26,20,5,81,0,56,37,4,97,30,82,57,9,178,6,10,16,194
12/14/2022,FAI,AK,AAL,WE,Combined TRACON& Tower with Radar,22,26,19,2,69,0,52,47,43,142,22,78,66,45,211,1,0,1,212
12/15/2022,FAI,AK,AAL,WE,Combined TRACON& Tower with Radar,26,43,39,4,112,0,30,8,0,38,26,73,47,4,150,0,0,0,150
12/16/2022,FAI,AK,AAL,WE,Combined TRACON& Tower with Radar,33,18,14,0,65,0,52,42,0,94,33,70,56,0,159,2,12,14,173
12/17/2022,FAI,AK,AAL,WE,Combined TRACON& Tower with Radar,28,7,10,0,45,0,30,19,0,49,28,37,29,0,94,2,0,2,96
12/18/2022,FAI,AK,AAL,WE,Combined TRACON& Tower with Radar,30,10,4,0,44,0,24,2,0,26,30,34,6,0,70,0,0,0,70
12/19/2022,FAI,AK,AAL,WE,Combined TRACON& Tower with Radar,30,9,12,6,57,0,51,26,0,77,30,60,38,6,134,6,1,7,141
12/20/2022,FAI,AK,AAL,WE,Combined TRACON& Tower with Radar,24,35,13,4,76,0,35,12,0,47,24,70,25,4,123,0,0,0,123
12/21/2022,FAI,AK,AAL,WE,Combined TRACON& Tower with Radar,34,20,8,8,70,0,57,21,0,78,34,77,29,8,148,0,0,0,148
12/22/2022,FAI,AK,AAL,WE,Combined TRACON& Tower with Radar,30,18,11,7,66,0,46,23,1,70,30,64,34,8,136,6,7,13,149
12/23/2022,FAI,AK,AAL,WE,Combined TRACON& Tower with Radar,29,6,14,0,49,0,48,23,0,71,29,54,37,0,120,14,0,14,134
12/24/2022,FAI,AK,AAL,WE,Combined TRACON& Tower with Radar,21,9,3,0,33,0,5,5,0,10,21,14,8,0,43,0,0,0,43
12/25/2022,FAI,AK,AAL,WE,Combined TRACON& Tower with Radar,26,6,1,0,33,0,2,4,0,6,26,8,5,0,39,8,0,8,47
12/26/2022,FAI,AK,AAL,WE,Combined TRACON& Tower with Radar,26,15,6,0,47,0,36,18,1,55,26,51,24,1,102,24,0,24,126
12/27/2022,FAI,AK,AAL,WE,Combined TRACON& Tower with Radar,25,39,12,6,82,0,27,33,0,60,25,66,45,6,142,36,0,36,178
12/28/2022,FAI,AK,AAL,WE,Combined TRACON& Tower with Radar,30,29,12,3,74,0,45,40,4,89,30,74,52,7,163,24,2,26,189
12/29/2022,FAI,AK,AAL,WE,Combined TRACON& Tower with Radar,30,24,13,0,67,0,47,61,8,116,30,71,74,8,183,98,4,102,285
12/30/2022,FAI,AK,AAL,WE,Combined TRACON& Tower with Radar,28,19,12,2,61,0,41,59,5,105,28,60,71,7,166,52,0,52,218
12/31/2022,FAI,AK,AAL,WE,Combined TRACON& Tower with Radar,27,8,8,0,43,0,8,32,0,40,27,16,40,0,83,6,0,6,89
01/01/2023,FAI,AK,AAL,WE,Combined TRACON& Tower with Radar,29,10,9,0,48,0,0,32,0,32,29,10,41,0,80,82,0,82,162
01/02/2023,FAI,AK,AAL,WE,Combined TRACON& Tower with Radar,33,14,10,0,57,0,45,50,0,95,33,59,60,0,152,78,0,78,230
01/03/2023,FAI,AK,AAL,WE,Combined TRACON& Tower with Radar,24,20,18,4,66,0,47,39,0,86,24,67,57,4,152,17,0,17,169
01/04/2023,FAI,AK,AAL,WE,Combined TRACON& Tower with Radar,32,28,17,22,99,0,45,38,7,90,32,73,55,29,189,18,52,70,259
01/05/2023,FAI,AK,AAL,WE,Combined TRACON& Tower with Radar,32,21,12,9,74,0,43,55,4,102,32,64,67,13,176,65,6,71,247
01/06/2023,FAI,AK,AAL,WE,Combined TRACON& Tower with Radar,32,20,10,7,69,1,46,30,5,82,33,66,40,12,151,22,0,22,173
01/07/2023,FAI,AK,AAL,WE,Combined TRACON& Tower with Radar,27,22,10,2,61,0,14,18,0,32,27,36,28,2,93,56,2,58,151
01/08/2023,FAI,AK,AAL,WE,Combined TRACON& Tower with Radar,28,20,8,0,56,0,9,11,0,20,28,29,19,0,76,1,0,1,77
01/09/2023,FAI,AK,AAL,WE,Combined TRACON& Tower with Radar,27,18,12,13,70,0,38,27,23,88,27,56,39,36,158,8,22,30,188
01/10/2023,FAI,AK,AAL,WE,Combined TRACON& Tower with Radar,26,18,14,9,67,0,37,46,0,83,26,55,60,9,150,26,0,26,176
01/11/2023,FAI,AK,AAL,WE,Combined TRACON& Tower with Radar,26,19,12,10,67,0,56,41,3,100,26,75,53,13,167,44,6,50,217
01/12/2023,FAI,AK,AAL,WE,Combined TRACON& Tower with Radar,30,22,22,3,77,0,44,48,5,97,30,66,70,8,174,40,2,42,216
01/13/2023,FAI,AK,AAL,WE,Combined TRACON& Tower with Radar,27,18,11,2,58,0,36,46,0,82,27,54,57,2,140,36,0,36,176
01/14/2023,FAI,AK,AAL,WE,Combined TRACON& Tower with Radar,20,7,9,0,36,0,27,54,2,83,20,34,63,2,119,114,0,114,233
01/15/2023,FAI,AK,AAL,WE,Combined TRACON& Tower with Radar,27,4,0,0,31,0,12,36,0,48,27,16,36,0,79,100,0,100,179
01/16/2023,FAI,AK,AAL,WE,Combined TRACON& Tower with Radar,28,13,17,0,58,0,35,54,0,89,28,48,71,0,147,48,0,48,195
01/17/2023,FAI,AK,AAL,WE,Combined TRACON& Tower with Radar,25,19,13,10,67,0,39,37,7,83,25,58,50,17,150,20,0,20,170
01/18/2023,FAI,AK,AAL,WE,Combined TRACON& Tower with Radar,25,29,18,25,97,0,51,38,2,91,25,80,56,27,188,12,8,20,208
01/19/2023,FAI,AK,AAL,WE,Combined TRACON& Tower with Radar,25,21,18,13,77,0,44,34,3,81,25,65,52,16,158,48,12,60,218
01/20/2023,FAI,AK,AAL,WE,Combined TRACON& Tower with Radar,30,16,15,4,65,0,46,63,0,109,30,62,78,4,174,37,0,37,211
01/21/2023,FAI,AK,AAL,WE,Combined TRACON& Tower with Radar,21,18,9,0,48,0,9,3,0,12,21,27,12,0,60,0,0,0,60
01/22/2023,FAI,AK,AAL,WE,Combined TRACON& Tower with Radar,24,20,5,0,49,0,15,14,0,29,24,35,19,0,78,8,0,8,86
01/23/2023,FAI,AK,AAL,WE,Combined TRACON& Tower with Radar,33,39,21,4,97,0,8,1,0,9,33,47,22,4,106,0,0,0,106
01/24/2023,FAI,AK,AAL,WE,Combined TRACON& Tower with Radar,22,32,25,8,87,0,30,16,5,51,22,62,41,13,138,14,0,14,152
01/25/2023,FAI,AK,AAL,WE,Combined TRACON& Tower with Radar,28,28,12,8,76,0,28,32,4,64,28,56,44,12,140,47,8,55,195
01/26/2023,FAI,AK,AAL,WE,Combined TRACON& Tower with Radar,28,22,18,14,82,0,41,28,8,77,28,63,46,22,159,60,2,62,221
01/27/2023,FAI,AK,AAL,WE,Combined TRACON& Tower with Radar,29,14,15,0,58,0,41,70,1,112,29,55,85,1,170,78,1,79,249
01/28/2023,FAI,AK,AAL,WE,Combined TRACON& Tower with Radar,21,22,16,2,61,0,7,13,0,20,21,29,29,2,81,46,0,46,127
01/29/2023,FAI,AK,AAL,WE,Combined TRACON& Tower with Radar,24,16,11,0,51,0,2,5,0,7,24,18,16,0,58,21,1,22,80
01/30/2023,FAI,AK,AAL,WE,Combined TRACON& Tower with Radar,32,31,20,0,83,0,11,12,0,23,32,42,32,0,106,4,0,4,110
01/31/2023,FAI,AK,AAL,WE,Combined TRACON& Tower with Radar,24,30,34,1,89,1,30,29,0,60,25,60,63,1,149,64,0,64,213
02/01/2023,FAI,AK,AAL,WE,Combined TRACON& Tower with Radar,26,37,25,4,92,0,31,27,1,59,26,68,52,5,151,34,0,34,185
02/02/2023,FAI,AK,AAL,WE,Combined TRACON& Tower with Radar,28,34,34,12,108,0,20,5,0,25,28,54,39,12,133,1,0,1,134
02/03/2023,FAI,AK,AAL,WE,Combined TRACON& Tower with Radar,32,18,24,4,78,0,45,37,0,82,32,63,61,4,160,6,0,6,166
02/04/2023,FAI,AK,AAL,WE,Combined TRACON& Tower with Radar,21,8,9,0,38,0,19,37,0,56,21,27,46,0,94,24,0,24,118
02/05/2023,FAI,AK,AAL,WE,Combined TRACON& Tower with Radar,23,7,12,0,42,0,12,53,2,67,23,19,65,2,109,56,0,56,165
02/06/2023,FAI,AK,AAL,WE,Combined TRACON& Tower with Radar,27,11,17,7,62,0,49,58,2,109,27,60,75,9,171,40,14,54,225
02/07/2023,FAI,AK,AAL,WE,Combined TRACON& Tower with Radar,23,23,18,3,67,0,38,44,2,84,23,61,62,5,151,28,5,33,184
02/08/2023,FAI,AK,AAL,WE,Combined TRACON& Tower with Radar,26,44,32,6,108,0,18,8,0,26,26,62,40,6,134,20,2,22,156
02/09/2023,FAI,AK,AAL,WE,Combined TRACON& Tower with Radar,26,22,20,8,76,0,56,54,4,114,26,78,74,12,190,50,5,55,245
02/10/2023,FAI,AK,AAL,WE,Combined TRACON& Tower with Radar,29,23,13,2,67,0,32,47,0,79,29,55,60,2,146,66,0,66,212
02/11/2023,FAI,AK,AAL,WE,Combined TRACON& Tower with Radar,21,9,17,0,47,0,18,52,0,70,21,27,69,0,117,68,0,68,185
02/12/2023,FAI,AK,AAL,WE,Combined TRACON& Tower with Radar,24,11,4,0,39,0,10,9,0,19,24,21,13,0,58,18,0,18,76
02/13/2023,FAI,AK,AAL,WE,Combined TRACON& Tower with Radar,26,15,19,4,64,0,38,30,0,68,26,53,49,4,132,62,2,64,196
02/14/2023,FAI,AK,AAL,WE,Combined TRACON& Tower with Radar,26,20,16,9,71,0,46,65,9,120,26,66,81,18,191,104,0,104,295
02/15/2023,FAI,AK,AAL,WE,Combined TRACON& Tower with Radar,29,19,20,4,72,0,59,37,2,98,29,78,57,6,170,20,1,21,191
02/16/2023,FAI,AK,AAL,WE,Combined TRACON& Tower with Radar,27,29,27,5,88,0,37,32,1,70,27,66,59,6,158,23,2,25,183
02/17/2023,FAI,AK,AAL,WE,Combined TRACON& Tower with Radar,30,21,17,2,70,0,49,60,0,109,30,70,77,2,179,102,0,102,281
02/18/2023,FAI,AK,AAL,WE,Combined TRACON& Tower with Radar,22,7,13,4,46,0,33,73,0,106,22,40,86,4,152,120,0,120,272
02/19/2023,FAI,AK,AAL,WE,Combined TRACON& Tower with Radar,24,21,9,0,54,0,8,1,0,9,24,29,10,0,63,0,0,0,63
02/20/2023,FAI,AK,AAL,WE,Combined TRACON& Tower with Radar,32,33,23,2,90,0,19,3,0,22,32,52,26,2,112,2,0,2,114
02/21/2023,FAI,AK,AAL,WE,Combined TRACON& Tower with Radar,27,21,25,5,78,0,50,28,0,78,27,71,53,5,156,76,0,76,232
02/22/2023,FAI,AK,AAL,WE,Combined TRACON& Tower with Radar,25,23,21,1,70,0,46,35,3,84,25,69,56,4,154,76,4,80,234
02/23/2023,FAI,AK,AAL,WE,Combined TRACON& Tower with Radar,25,21,13,0,59,0,0,0,0,0,25,21,13,0,59,0,0,0,59
02/24/2023,FAI,AK,AAL,WE,Combined TRACON& Tower with Radar,32,35,28,2,97,0,42,13,0,55,32,77,41,2,152,44,0,44,196
02/25/2023,FAI,AK,AAL,WE,Combined TRACON& Tower with Radar,24,14,14,0,52,0,19,15,0,34,24,33,29,0,86,80,0,80,166
02/26/2023,FAI,AK,AAL,WE,Combined TRACON& Tower with Radar,25,10,6,0,41,0,11,40,0,51,25,21,46,0,92,96,0,96,188
02/27/2023,FAI,AK,AAL,WE,Combined TRACON& Tower with Radar,28,10,20,0,58,0,55,51,2,108,28,65,71,2,166,15,0,15,181
02/28/2023,FAI,AK,AAL,WE,Combined TRACON& Tower with Radar,23,28,27,8,86,0,31,14,4,49,23,59,41,12,135,28,2,30,165
03/01/2023,FAI,AK,AAL,WE,Combined TRACON& Tower with Radar,30,25,21,6,82,0,64,45,3,112,30,89,66,9,194,52,1,53,247
03/02/2023,FAI,AK,AAL,WE,Combined TRACON& Tower with Radar,27,30,25,4,86,0,26,9,0,35,27,56,34,4,121,0,0,0,121
03/03/2023,FAI,AK,AAL,WE,Combined TRACON& Tower with Radar,30,19,17,0,66,0,54,55,2,111,30,73,72,2,177,38,0,38,215
03/04/2023,FAI,AK,AAL,WE,Combined TRACON& Tower with Radar,22,9,11,0,42,0,28,52,0,80,22,37,63,0,122,52,0,52,174
03/05/2023,FAI,AK,AAL,WE,Combined TRACON& Tower with Radar,27,16,3,0,46,0,22,63,0,85,27,38,66,0,131,94,0,94,225
03/06/2023,FAI,AK,AAL,WE,Combined TRACON& Tower with Radar,28,13,19,6,66,0,56,60,4,120,28,69,79,10,186,90,0,90,276
03/07/2023,FAI,AK,AAL,WE,Combined TRACON& Tower with Radar,32,14,15,16,77,0,58,118,5,181,32,72,133,21,258,120,8,128,386
03/08/2023,FAI,AK,AAL,WE,Combined TRACON& Tower with Radar,31,49,17,6,103,0,25,47,0,72,31,74,64,6,175,42,0,42,217
03/09/2023,FAI,AK,AAL,WE,Combined TRACON& Tower with Radar,28,52,26,10,116,0,17,7,0,24,28,69,33,10,140,0,0,0,140
03/10/2023,FAI,AK,AAL,WE,Combined TRACON& Tower with Radar,29,23,21,4,77,0,53,92,4,149,29,76,113,8,226,77,1,78,304
03/11/2023,FAI,AK,AAL,WE,Combined TRACON& Tower with Radar,22,11,10,0,43,0,30,94,2,126,22,41,104,2,169,179,0,179,348
03/12/2023,FAI,AK,AAL,WE,Combined TRACON& Tower with Radar,24,12,14,0,50,0,11,5,0,16,24,23,19,0,66,22,0,22,88
03/13/2023,FAI,AK,AAL,WE,Combined TRACON& Tower with Radar,30,7,14,8,59,0,56,84,2,142,30,63,98,10,201,100,4,104,305
03/14/2023,FAI,AK,AAL,WE,Combined TRACON& Tower with Radar,25,13,16,3,57,0,48,66,0,114,25,61,82,3,171,48,0,48,219
03/15/2023,FAI,AK,AAL,WE,Combined TRACON& Tower with Radar,28,15,16,25,84,0,48,68,3,119,28,63,84,28,203,80,8,88,291
03/16/2023,FAI,AK,AAL,WE,Combined TRACON& Tower with Radar,28,13,12,6,59,1,44,80,2,127,29,57,92,8,186,99,0,99,285
03/17/2023,FAI,AK,AAL,WE,Combined TRACON& Tower with Radar,26,13,13,1,53,1,48,90,0,139,27,61,103,1,192,96,2,98,290
03/18/2023,FAI,AK,AAL,WE,Combined TRACON& Tower with Radar,23,3,14,0,40,0,24,91,1,116,23,27,105,1,156,139,0,139,295
03/19/2023,FAI,AK,AAL,WE,Combined TRACON& Tower with Radar,26,5,10,0,41,0,14,84,0,98,26,19,94,0,139,226,0,226,365
03/20/2023,FAI,AK,AAL,WE,Combined TRACON& Tower with Radar,27,6,21,7,61,0,65,101,1,167,27,71,122,8,228,78,0,78,306
03/21/2023,FAI,AK,AAL,WE,Combined TRACON& Tower with Radar,27,16,15,14,72,0,58,72,0,130,27,74,87,14,202,72,10,82,284
03/22/2023,FAI,AK,AAL,WE,Combined TRACON& Tower with Radar,29,27,25,14,95,0,68,78,5,151,29,95,103,19,246,91,0,91,337
03/23/2023,FAI,AK,AAL,WE,Combined TRACON& Tower with Radar,24,26,17,12,79,0,49,59,3,111,24,75,76,15,190,48,20,68,258
03/24/2023,FAI,AK,AAL,WE,Combined TRACON& Tower with Radar,24,40,25,2,91,0,43,13,0,56,24,83,38,2,147,24,0,24,171
03/25/2023,FAI,AK,AAL,WE,Combined TRACON& Tower with Radar,22,3,13,6,44,0,26,99,3,128,22,29,112,9,172,169,2,171,343
03/26/2023,FAI,AK,AAL,WE,Combined TRACON& Tower with Radar,24,3,3,1,31,0,10,57,4,71,24,13,60,5,102,88,0,88,190
03/27/2023,FAI,AK,AAL,WE,Combined TRACON& Tower with Radar,24,24,20,5,73,0,19,21,1,41,24,43,41,6,114,38,0,38,152
03/28/2023,FAI,AK,AAL,WE,Combined TRACON& Tower with Radar,26,14,17,9,66,0,53,52,0,105,26,67,69,9,171,15,3,18,189
03/29/2023,FAI,AK,AAL,WE,Combined TRACON& Tower with Radar,22,20,15,7,64,0,58,100,0,158,22,78,115,7,222,63,0,63,285
03/30/2023,FAI,AK,AAL,WE,Combined TRACON& Tower with Radar,29,18,19,23,89,0,54,93,7,154,29,72,112,30,243,78,16,94,337
03/31/2023,FAI,AK,AAL,WE,Combined TRACON& Tower with Radar,25,28,25,4,82,0,46,51,0,97,25,74,76,4,179,150,0,150,329
04/01/2023,FAI,AK,AAL,WE,Combined TRACON& Tower with Radar,21,5,13,0,39,0,20,70,0,90,21,25,83,0,129,118,0,118,247
04/02/2023,FAI,AK,AAL,WE,Combined TRACON& Tower with Radar,24,14,5,0,43,0,14,6,0,20,24,28,11,0,63,0,0,0,63
04/03/2023,FAI,AK,AAL,WE,Combined TRACON& Tower with Radar,25,13,13,1,52,0,53,89,0,142,25,66,102,1,194,67,0,67,261
04/04/2023,FAI,AK,AAL,WE,Combined TRACON& Tower with Radar,29,33,19,12,93,0,28,32,0,60,29,61,51,12,153,18,2,20,173
04/05/2023,FAI,AK,AAL,WE,Combined TRACON& Tower with Radar,27,51,17,9,104,0,21,20,0,41,27,72,37,9,145,12,2,14,159
04/06/2023,FAI,AK,AAL,WE,Combined TRACON& Tower with Radar,26,28,17,6,77,0,45,44,0,89,26,73,61,6,166,20,0,20,186
04/07/2023,FAI,AK,AAL,WE,Combined TRACON& Tower with Radar,25,18,18,3,64,0,53,128,1,182,25,71,146,4,246,110,0,110,356
04/08/2023,FAI,AK,AAL,WE,Combined TRACON& Tower with Radar,25,11,8,1,45,0,20,53,0,73,25,31,61,1,118,121,0,121,239
04/09/2023,FAI,AK,AAL,WE,Combined TRACON& Tower with Radar,27,5,2,1,35,0,1,16,0,17,27,6,18,1,52,60,0,60,112
04/10/2023,FAI,AK,AAL,WE,Combined TRACON& Tower with Radar,24,13,19,4,60,0,44,75,0,119,24,57,94,4,179,69,2,71,250
04/11/2023,FAI,AK,AAL,WE,Combined TRACON& Tower with Radar,26,30,29,4,89,0,30,39,0,69,26,60,68,4,158,56,0,56,214
04/12/2023,FAI,AK,AAL,WE,Combined TRACON& Tower with Radar,23,65,29,0,117,0,9,6,0,15,23,74,35,0,132,0,0,0,132
04/13/2023,FAI,AK,AAL,WE,Combined TRACON& Tower with Radar,22,18,24,13,77,0,46,73,9,128,22,64,97,22,205,80,4,84,289
04/14/2023,FAI,AK,AAL,WE,Combined TRACON& Tower with Radar,19,15,13,1,48,0,53,97,1,151,19,68,110,2,199,124,0,124,323
04/15/2023,FAI,AK,AAL,WE,Combined TRACON& Tower with Radar,21,12,23,1,57,0,21,134,1,156,21,33,157,2,213,210,0,210,423
04/16/2023,FAI,AK,AAL,WE,Combined TRACON& Tower with Radar,24,9,5,0,38,0,2,47,0,49,24,11,52,0,87,117,0,117,204
04/17/2023,FAI,AK,AAL,WE,Combined TRACON& Tower with Radar,25,30,18,4,77,0,40,34,0,74,25,70,52,4,151,85,4,89,240
04/18/2023,FAI,AK,AAL,WE,Combined TRACON& Tower with Radar,26,16,21,16,79,0,34,55,3,92,26,50,76,19,171,32,20,52,223
04/19/2023,FAI,AK,AAL,WE,Combined TRACON& Tower with Radar,22,22,27,8,79,0,51,121,14,186,22,73,148,22,265,138,0,138,403
04/20/2023,FAI,AK,AAL,WE,Combined TRACON& Tower with Radar,25,14,15,7,61,0,35,116,2,153,25,49,131,9,214,138,0,138,352
04/21/2023,FAI,AK,AAL,WE,Combined TRACON& Tower with Radar,25,22,17,2,66,0,40,79,4,123,25,62,96,6,189,84,0,84,273
04/22/2023,FAI,AK,AAL,WE,Combined TRACON& Tower with Radar,20,12,5,0,37,0,22,9,0,31,20,34,14,0,68,30,0,30,98
04/23/2023,FAI,AK,AAL,WE,Combined TRACON& Tower with Radar,24,8,5,0,37,0,14,3,0,17,24,22,8,0,54,8,0,8,62
04/24/2023,FAI,AK,AAL,WE,Combined TRACON& Tower with Radar,24,8,6,6,44,0,48,48,4,100,24,56,54,10,144,46,6,52,196
04/25/2023,FAI,AK,AAL,WE,Combined TRACON& Tower with Radar,30,17,12,7,66,0,51,56,3,110,30,68,68,10,176,43,2,45,221
04/26/2023,FAI,AK,AAL,WE,Combined TRACON& Tower with Radar,23,20,11,8,62,0,50,79,8,137,23,70,90,16,199,104,0,104,303
04/27/2023,FAI,AK,AAL,WE,Combined TRACON& Tower with Radar,27,25,16,17,85,0,68,95,16,179,27,93,111,33,264,94,4,98,362
04/28/2023,FAI,AK,AAL,WE,Combined TRACON& Tower with Radar,27,17,23,1,68,0,54,82,2,138,27,71,105,3,206,58,2,60,266
04/29/2023,FAI,AK,AAL,WE,Combined TRACON& Tower with Radar,20,13,12,0,45,0,20,70,0,90,20,33,82,0,135,114,0,114,249
04/30/2023,FAI,AK,AAL,WE,Combined TRACON& Tower with Radar,25,10,19,2,56,0,8,24,0,32,25,18,43,2,88,66,0,66,154
05/01/2023,FAI,AK,AAL,WE,Combined TRACON& Tower with Radar,25,10,13,10,58,0,58,66,1,125,25,68,79,11,183,20,0,20,203
05/02/2023,FAI,AK,AAL,WE,Combined TRACON& Tower with Radar,29,13,12,9,63,0,51,64,0,115,29,64,76,9,178,82,4,86,264
05/03/2023,FAI,AK,AAL,WE,Combined TRACON& Tower with Radar,26,28,9,16,79,0,60,79,1,140,26,88,88,17,219,106,0,106,325
05/04/2023,FAI,AK,AAL,WE,Combined TRACON& Tower with Radar,26,19,19,10,74,0,47,89,4,140,26,66,108,14,214,50,0,50,264
05/05/2023,FAI,AK,AAL,WE,Combined TRACON& Tower with Radar,23,18,27,8,76,0,63,87,4,154,23,81,114,12,230,56,0,56,286
05/06/2023,FAI,AK,AAL,WE,Combined TRACON& Tower with Radar,26,6,9,7,48,0,24,61,8,93,26,30,70,15,141,204,8,212,353
05/07/2023,FAI,AK,AAL,WE,Combined TRACON& Tower with Radar,25,6,9,0,40,0,4,70,0,74,25,10,79,0,114,148,0,148,262
05/08/2023,FAI,AK,AAL,WE,Combined TRACON& Tower with Radar,29,8,21,15,73,0,54,59,11,124,29,62,80,26,197,104,12,116,313
05/09/2023,FAI,AK,AAL,WE,Combined TRACON& Tower with Radar,27,14,18,6,65,0,55,90,0,145,27,69,108,6,210,212,0,212,422
05/10/2023,FAI,AK,AAL,WE,Combined TRACON& Tower with Radar,27,24,18,8,77,0,77,93,7,177,27,101,111,15,254,142,10,152,406
05/11/2023,FAI,AK,AAL,WE,Combined TRACON& Tower with Radar,27,16,18,5,66,0,45,100,5,150,27,61,118,10,216,241,2,243,459
05/12/2023,FAI,AK,AAL,WE,Combined TRACON& Tower with Radar,32,19,22,6,79,1,64,111,6,182,33,83,133,12,261,233,0,233,494
05/13/2023,FAI,AK,AAL,WE,Combined TRACON& Tower with Radar,24,13,7,12,56,0,30,107,1,138,24,43,114,13,194,170,0,170,364
05/14/2023,FAI,AK,AAL,WE,Combined TRACON& Tower with Radar,25,5,3,1,34,0,10,83,4,97,25,15,86,5,131,117,0,117,248
05/15/2023,FAI,AK,AAL,WE,Combined TRACON& Tower with Radar,24,12,19,6,61,0,47,60,16,123,24,59,79,22,184,72,10,82,266
05/16/2023,FAI,AK,AAL,WE,Combined TRACON& Tower with Radar,31,6,19,9,65,0,52,89,1,142,31,58,108,10,207,109,2,111,318
05/17/2023,FAI,AK,AAL,WE,Combined TRACON& Tower with Radar,33,20,32,7,92,0,57,136,7,200,33,77,168,14,292,214,0,214,506
05/18/2023,FAI,AK,AAL,WE,Combined TRACON& Tower with Radar,29,14,21,8,72,0,56,87,12,155,29,70,108,20,227,92,0,92,319
05/19/2023,FAI,AK,AAL,WE,Combined TRACON& Tower with Radar,25,10,22,3,60,0,61,143,6,210,25,71,165,9,270,188,1,189,459
05/20/2023,FAI,AK,AAL,WE,Combined TRACON& Tower with Radar,30,2,15,3,50,0,55,123,4,182,30,57,138,7,232,126,2,128,360
05/21/2023,FAI,AK,AAL,WE,Combined TRACON& Tower with Radar,32,5,14,3,54,0,6,117,5,128,32,11,131,8,182,182,0,182,364
05/22/2023,FAI,AK,AAL,WE,Combined TRACON& Tower with Radar,31,12,16,2,61,0,50,127,10,187,31,62,143,12,248,162,0,162,410
05/23/2023,FAI,AK,AAL,WE,Combined TRACON& Tower with Radar,33,23,26,6,88,0,39,129,4,172,33,62,155,10,260,167,0,167,427
05/24/2023,FAI,AK,AAL,WE,Combined TRACON& Tower with Radar,33,26,14,18,91,0,62,128,3,193,33,88,142,21,284,277,0,277,561
05/25/2023,FAI,AK,AAL,WE,Combined TRACON& Tower with Radar,38,15,12,26,91,1,63,112,9,185,39,78,124,35,276,149,12,161,437
05/26/2023,FAI,AK,AAL,WE,Combined TRACON& Tower with Radar,33,27,28,7,95,0,46,68,2,116,33,73,96,9,211,44,0,44,255
05/27/2023,FAI,AK,AAL,WE,Combined TRACON& Tower with Radar,32,9,13,6,60,0,29,134,0,163,32,38,147,6,223,215,0,215,438
05/28/2023,FAI,AK,AAL,WE,Combined TRACON& Tower with Radar,33,8,6,0,47,0,18,75,2,95,33,26,81,2,142,152,0,152,294
05/29/2023,FAI,AK,AAL,WE,Combined TRACON& Tower with Radar,36,12,37,0,85,0,2,16,0,18,36,14,53,0,103,4,0,4,107
05/30/2023,FAI,AK,AAL,WE,Combined TRACON& Tower with Radar,34,51,30,14,129,0,16,10,0,26,34,67,40,14,155,22,0,22,177
05/31/2023,FAI,AK,AAL,WE,Combined TRACON& Tower with Radar,36,17,17,5,75,1,53,58,14,126,37,70,75,19,201,14,0,14,215
06/01/2023,FAI,AK,AAL,WE,Combined TRACON& Tower with Radar,37,23,27,12,99,0,49,73,1,123,37,72,100,13,222,52,0,52,274
06/02/2023,FAI,AK,AAL,WE,Combined TRACON& Tower with Radar,33,57,28,7,125,0,28,51,3,82,33,85,79,10,207,63,3,66,273
06/03/2023,FAI,AK,AAL,WE,Combined TRACON& Tower with Radar,31,13,13,0,57,0,34,159,2,195,31,47,172,2,252,208,0,208,460
06/04/2023,FAI,AK,AAL,WE,Combined TRACON& Tower with Radar,36,14,17,1,68,0,16,122,0,138,36,30,139,1,206,178,0,178,384
06/05/2023,FAI,AK,AAL,WE,Combined TRACON& Tower with Radar,37,11,19,9,76,0,79,164,4,247,37,90,183,13,323,0,88,88,411
06/06/2023,FAI,AK,AAL,WE,Combined TRACON& Tower with Radar,41,20,17,9,87,1,74,189,7,271,42,94,206,16,358,162,4,166,524
06/07/2023,FAI,AK,AAL,WE,Combined TRACON& Tower with Radar,39,16,18,7,80,0,85,158,4,247,39,101,176,11,327,114,0,114,441
06/08/2023,FAI,AK,AAL,WE,Combined TRACON& Tower with Radar,38,30,16,8,92,0,62,151,2,215,38,92,167,10,307,214,0,214,521
06/09/2023,FAI,AK,AAL,WE,Combined TRACON& Tower with Radar,38,26,20,3,87,0,77,134,0,211,38,103,154,3,298,102,0,102,400
06/10/2023,FAI,AK,AAL,WE,Combined TRACON& Tower with Radar,32,13,12,3,60,0,44,159,0,203,32,57,171,3,263,215,1,216,479
06/11/2023,FAI,AK,AAL,WE,Combined TRACON& Tower with Radar,36,20,5,2,63,0,30,89,0,119,36,50,94,2,182,104,0,104,286
06/12/2023,FAI,AK,AAL,WE,Combined TRACON& Tower with Radar,36,13,19,4,72,8,69,134,2,213,44,82,153,6,285,70,0,70,355
06/13/2023,FAI,AK,AAL,WE,Combined TRACON& Tower with Radar,40,19,36,7,102,0,57,133,13,203,40,76,169,20,305,91,0,91,396
06/14/2023,FAI,AK,AAL,WE,Combined TRACON& Tower with Radar,38,30,32,3,103,0,55,118,6,179,38,85,150,9,282,200,1,201,483
06/15/2023,FAI,AK,AAL,WE,Combined TRACON& Tower with Radar,40,21,31,4,96,0,75,177,2,254,40,96,208,6,350,162,0,162,512
06/16/2023,FAI,AK,AAL,WE,Combined TRACON& Tower with Radar,39,19,17,3,78,0,70,157,0,227,39,89,174,3,305,229,0,229,534
06/17/2023,FAI,AK,AAL,WE,Combined TRACON& Tower with Radar,31,5,23,0,59,0,32,125,1,158,31,37,148,1,217,74,0,74,291
06/18/2023,FAI,AK,AAL,WE,Combined TRACON& Tower with Radar,36,7,5,0,48,0,29,105,0,134,36,36,110,0,182,120,0,120,302
06/19/2023,FAI,AK,AAL,WE,Combined TRACON& Tower with Radar,40,14,23,2,79,0,58,140,4,202,40,72,163,6,281,84,0,84,365
06/20/2023,FAI,AK,AAL,WE,Combined TRACON& Tower with Radar,41,41,39,4,125,2,57,79,4,142,43,98,118,8,267,188,20,208,475
06/21/2023,FAI,AK,AAL,WE,Combined TRACON& Tower with Radar,41,38,39,2,120,0,63,123,7,193,41,101,162,9,313,150,0,150,463
06/22/2023,FAI,AK,AAL,WE,Combined TRACON& Tower with Radar,42,31,24,3,100,0,68,101,9,178,42,99,125,12,278,98,2,100,378
06/23/2023,FAI,AK,AAL,WE,Combined TRACON& Tower with Radar,41,27,22,2,92,1,68,184,1,254,42,95,206,3,346,184,4,188,534
06/24/2023,FAI,AK,AAL,WE,Combined TRACON& Tower with Radar,32,0,12,3,47,0,39,128,0,167,32,39,140,3,214,180,0,180,394
06/25/2023,FAI,AK,AAL,WE,Combined TRACON& Tower with Radar,34,11,10,0,55,0,25,112,0,137,34,36,122,0,192,67,0,67,259
06/26/2023,FAI,AK,AAL,WE,Combined TRACON& Tower with Radar,42,18,20,1,81,2,72,151,3,228,44,90,171,4,309,222,0,222,531
06/27/2023,FAI,AK,AAL,WE,Combined TRACON& Tower with Radar,36,15,21,5,77,1,86,126,2,215,37,101,147,7,292,212,0,212,504
06/28/2023,FAI,AK,AAL,WE,Combined TRACON& Tower with Radar,39,25,13,14,91,0,71,163,6,240,39,96,176,20,331,240,2,242,573
06/29/2023,FAI,AK,AAL,WE,Combined TRACON& Tower with Radar,41,60,50,8,159,0,29,41,0,70,41,89,91,8,229,11,2,13,242
06/30/2023,FAI,AK,AAL,WE,Combined TRACON& Tower with Radar,39,31,16,0,86,0,72,149,3,224,39,103,165,3,310,177,0,177,487
07/01/2023,FAI,AK,AAL,WE,Combined TRACON& Tower with Radar,28,11,13,0,52,0,48,158,3,209,28,59,171,3,261,144,0,144,405
07/02/2023,FAI,AK,AAL,WE,Combined TRACON& Tower with Radar,35,12,10,1,58,0,34,135,6,175,35,46,145,7,233,119,0,119,352
07/03/2023,FAI,AK,AAL,WE,Combined TRACON& Tower with Radar,33,18,17,2,70,0,58,132,0,190,33,76,149,2,260,146,0,146,406
07/04/2023,FAI,AK,AAL,WE,Combined TRACON& Tower with Radar,34,17,4,3,58,0,27,88,0,115,34,44,92,3,173,70,0,70,243
07/05/2023,FAI,AK,AAL,WE,Combined TRACON& Tower with Radar,34,22,23,4,83,0,60,172,2,234,34,82,195,6,317,104,0,104,421
07/06/2023,FAI,AK,AAL,WE,Combined TRACON& Tower with Radar,43,21,18,9,91,0,50,114,1,165,43,71,132,10,256,220,0,220,476
07/07/2023,FAI,AK,AAL,WE,Combined TRACON& Tower with Radar,41,23,27,0,91,1,59,74,2,136,42,82,101,2,227,50,0,50,277
07/08/2023,FAI,AK,AAL,WE,Combined TRACON& Tower with Radar,32,13,11,2,58,0,27,113,3,143,32,40,124,5,201,116,0,116,317
07/09/2023,FAI,AK,AAL,WE,Combined TRACON& Tower with Radar,36,6,12,2,56,0,34,165,0,199,36,40,177,2,255,204,0,204,459
07/10/2023,FAI,AK,AAL,WE,Combined TRACON& Tower with Radar,36,13,15,6,70,0,70,137,2,209,36,83,152,8,279,92,2,94,373
07/11/2023,FAI,AK,AAL,WE,Combined TRACON& Tower with Radar,39,23,19,11,92,2,73,118,1,194,41,96,137,12,286,191,4,195,481
07/12/2023,FAI,AK,AAL,WE,Combined TRACON& Tower with Radar,37,40,21,8,106,0,51,103,5,159,37,91,124,13,265,158,2,160,425
07/13/2023,FAI,AK,AAL,WE,Combined TRACON& Tower with Radar,48,17,20,7,92,0,59,159,3,221,48,76,179,10,313,158,1,159,472
07/14/2023,FAI,AK,AAL,WE,Combined TRACON& Tower with Radar,38,27,16,6,87,0,60,104,2,166,38,87,120,8,253,160,0,160,413
07/15/2023,FAI,AK,AAL,WE,Combined TRACON& Tower with Radar,31,14,14,1,60,0,35,47,0,82,31,49,61,1,142,32,0,32,174
07/16/2023,FAI,AK,AAL,WE,Combined TRACON& Tower with Radar,38,16,7,0,61,0,14,117,2,133,38,30,124,2,194,212,0,212,406
07/17/2023,FAI,AK,AAL,WE,Combined TRACON& Tower with Radar,41,21,20,7,89,2,66,129,0,197,43,87,149,7,286,162,0,162,448
07/18/2023,FAI,AK,AAL,WE,Combined TRACON& Tower with Radar,37,32,17,11,97,0,64,131,3,198,37,96,148,14,295,220,0,220,515
07/19/2023,FAI,AK,AAL,WE,Combined TRACON& Tower with Radar,40,38,22,8,108,0,67,133,4,204,40,105,155,12,312,199,2,201,513
07/20/2023,FAI,AK,AAL,WE,Combined TRACON& Tower with Radar,50,58,32,12,152,0,36,74,1,111,50,94,106,13,263,157,0,157,420
07/21/2023,FAI,AK,AAL,WE,Combined TRACON& Tower with Radar,40,23,29,5,97,1,60,170,8,239,41,83,199,13,336,164,1,165,501
07/22/2023,FAI,AK,AAL,WE,Combined TRACON& Tower with Radar,32,8,24,2,66,0,53,158,7,218,32,61,182,9,284,170,0,170,454
07/23/2023,FAI,AK,AAL,WE,Combined TRACON& Tower with Radar,42,5,13,1,61,0,26,138,10,174,42,31,151,11,235,246,0,246,481
07/24/2023,FAI,AK,AAL,WE,Combined TRACON& Tower with Radar,44,9,24,5,82,5,80,100,1,186,49,89,124,6,268,72,0,72,340
07/25/2023,FAI,AK,AAL,WE,Combined TRACON& Tower with Radar,42,11,16,15,84,8,72,129,5,214,50,83,145,20,298,182,1,183,481
07/26/2023,FAI,AK,AAL,WE,Combined TRACON& Tower with Radar,41,25,25,18,109,14,79,196,2,291,55,104,221,20,400,141,1,142,542
07/27/2023,FAI,AK,AAL,WE,Combined TRACON& Tower with Radar,46,14,21,26,107,12,68,187,2,269,58,82,208,28,376,134,6,140,516
07/28/2023,FAI,AK,AAL,WE,Combined TRACON& Tower with Radar,39,16,34,1,90,13,75,157,5,250,52,91,191,6,340,238,0,238,578
07/29/2023,FAI,AK,AAL,WE,Combined TRACON& Tower with Radar,34,9,22,0,65,17,51,111,5,184,51,60,133,5,249,90,0,90,339
07/30/2023,FAI,AK,AAL,WE,Combined TRACON& Tower with Radar,40,19,12,1,72,4,36,143,2,185,44,55,155,3,257,212,0,212,469
07/31/2023,FAI,AK,AAL,WE,Combined TRACON& Tower with Radar,44,18,35,2,99,0,72,160,0,232,44,90,195,2,331,138,2,140,471
08/01/2023,FAI,AK,AAL,WE,Combined TRACON& Tower with Radar,43,27,35,4,109,26,88,186,15,315,69,115,221,19,424,180,0,180,604
08/02/2023,FAI,AK,AAL,WE,Combined TRACON& Tower with Radar,41,16,38,8,103,21,84,173,6,284,62,100,211,14,387,215,2,217,604
08/03/2023,FAI,AK,AAL,WE,Combined TRACON& Tower with Radar,47,18,24,6,95,21,98,154,2,275,68,116,178,8,370,182,2,184,554
08/04/2023,FAI,AK,AAL,WE,Combined TRACON& Tower with Radar,41,20,31,5,97,26,103,176,8,313,67,123,207,13,410,236,0,236,646
08/05/2023,FAI,AK,AAL,WE,Combined TRACON& Tower with Radar,33,32,25,1,91,3,63,129,3,198,36,95,154,4,289,136,0,136,425
08/06/2023,FAI,AK,AAL,WE,Combined TRACON& Tower with Radar,43,37,16,5,101,3,10,36,0,49,46,47,52,5,150,46,0,46,196
08/07/2023,FAI,AK,AAL,WE,Combined TRACON& Tower with Radar,49,70,44,1,164,1,18,41,3,63,50,88,85,4,227,36,0,36,263
08/08/2023,FAI,AK,AAL,WE,Combined TRACON& Tower with Radar,46,57,53,16,172,0,35,55,15,105,46,92,108,31,277,94,0,94,371
08/09/2023,FAI,AK,AAL,WE,Combined TRACON& Tower with Radar,46,84,41,5,176,10,14,47,1,72,56,98,88,6,248,20,0,20,268
08/10/2023,FAI,AK,AAL,WE,Combined TRACON& Tower with Radar,50,31,31,0,112,1,17,20,0,38,51,48,51,0,150,6,0,6,156
08/11/2023,FAI,AK,AAL,WE,Combined TRACON& Tower with Radar,42,31,34,0,107,0,73,115,1,189,42,104,149,1,296,194,0,194,490
08/12/2023,FAI,AK,AAL,WE,Combined TRACON& Tower with Radar,33,20,29,4,86,0,49,79,2,130,33,69,108,6,216,28,2,30,246
08/13/2023,FAI,AK,AAL,WE,Combined TRACON& Tower with Radar,45,9,7,2,63,0,39,149,2,190,45,48,156,4,253,136,0,136,389
08/14/2023,FAI,AK,AAL,WE,Combined TRACON& Tower with Radar,41,13,31,8,93,6,83,120,6,215,47,96,151,14,308,139,6,145,453
08/15/2023,FAI,AK,AAL,WE,Combined TRACON& Tower with Radar,42,28,27,8,105,4,68,183,3,258,46,96,210,11,363,194,4,198,561
08/16/2023,FAI,AK,AAL,WE,Combined TRACON& Tower with Radar,40,30,17,13,100,1,69,137,4,211,41,99,154,17,311,146,4,150,461
08/17/2023,FAI,AK,AAL,WE,Combined TRACON& Tower with Radar,50,44,68,8,170,0,34,64,6,104,50,78,132,14,274,51,2,53,327
08/18/2023,FAI,AK,AAL,WE,Combined TRACON& Tower with Radar,40,58,43,6,147,0,22,75,2,99,40,80,118,8,246,84,0,84,330
08/19/2023,FAI,AK,AAL,WE,Combined TRACON& Tower with Radar,34,23,40,4,101,0,18,128,2,148,34,41,168,6,249,78,0,78,327
08/20/2023,FAI,AK,AAL,WE,Combined TRACON& Tower with Radar,43,34,22,0,99,0,8,31,0,39,43,42,53,0,138,10,0,10,148
08/21/2023,FAI,AK,AAL,WE,Combined TRACON& Tower with Radar,43,65,38,2,148,0,29,45,0,74,43,94,83,2,222,32,0,32,254
08/22/2023,FAI,AK,AAL,WE,Combined TRACON& Tower with Radar,45,49,48,14,156,0,40,132,3,175,45,89,180,17,331,128,0,128,459
08/23/2023,FAI,AK,AAL,WE,Combined TRACON& Tower with Radar,41,35,44,3,123,0,67,139,3,209,41,102,183,6,332,98,0,98,430
08/24/2023,FAI,AK,AAL,WE,Combined TRACON& Tower with Radar,47,39,37,11,134,0,49,128,1,178,47,88,165,12,312,132,0,132,444
08/25/2023,FAI,AK,AAL,WE,Combined TRACON& Tower with Radar,44,38,29,0,111,0,45,101,0,146,44,83,130,0,257,97,0,97,354
08/26/2023,FAI,AK,AAL,WE,Combined TRACON& Tower with Radar,36,10,16,0,62,0,34,139,1,174,36,44,155,1,236,156,0,156,392
08/27/2023,FAI,AK,AAL,WE,Combined TRACON& Tower with Radar,45,15,6,0,66,0,16,101,2,119,45,31,107,2,185,69,0,69,254
08/28/2023,FAI,AK,AAL,WE,Combined TRACON& Tower with Radar,42,10,27,1,80,0,64,168,1,233,42,74,195,2,313,178,0,178,491
08/29/2023,FAI,AK,AAL,WE,Combined TRACON& Tower with Radar,42,22,23,11,98,0,61,173,8,242,42,83,196,19,340,112,0,112,452
08/30/2023,FAI,AK,AAL,WE,Combined TRACON& Tower with Radar,40,62,40,16,158,0,35,59,2,96,40,97,99,18,254,26,3,29,283
08/31/2023,FAI,AK,AAL,WE,Combined TRACON& Tower with Radar,53,21,26,10,110,0,92,170,9,271,53,113,196,19,381,114,3,117,498
