01/01/2000,FAR,ND,AGL,CE,Towers with Radar,5,1,7,0,13,14,0,0,0,14,19,1,7,0,27,10,0,10,37
01/02/2000,FAR,ND,AGL,CE,Towers with Radar,7,11,15,0,33,8,0,11,0,19,15,11,26,0,52,12,0,12,64
01/03/2000,FAR,ND,AGL,CE,Towers with Radar,15,23,30,0,68,0,11,1,0,12,15,34,31,0,80,0,0,0,80
01/04/2000,FAR,ND,AGL,CE,Towers with Radar,19,29,36,10,94,3,8,38,2,51,22,37,74,12,145,44,8,52,197
01/05/2000,FAR,ND,AGL,CE,Towers with Radar,20,34,40,11,105,0,10,0,6,16,20,44,40,17,121,0,2,2,123
01/06/2000,FAR,ND,AGL,CE,Towers with Radar,20,30,39,11,100,0,9,8,1,18,20,39,47,12,118,8,10,18,136
01/07/2000,FAR,ND,AGL,CE,Towers with Radar,19,34,44,11,108,0,13,3,0,16,19,47,47,11,124,50,24,74,198
01/08/2000,FAR,ND,AGL,CE,Towers with Radar,17,22,31,8,78,5,0,60,0,65,22,22,91,8,143,78,16,94,237
01/09/2000,FAR,ND,AGL,CE,Towers with Radar,12,9,23,3,47,20,0,20,0,40,32,9,43,3,87,56,0,56,143
01/10/2000,FAR,ND,AGL,CE,Towers with Radar,20,27,36,4,87,4,3,1,0,8,24,30,37,4,95,20,0,20,115
01/11/2000,FAR,ND,AGL,CE,Towers with Radar,22,40,52,13,127,0,4,53,18,75,22,44,105,31,202,26,46,72,274
01/12/2000,FAR,ND,AGL,CE,Towers with Radar,21,33,44,11,109,0,11,8,0,19,21,44,52,11,128,4,16,20,148
01/13/2000,FAR,ND,AGL,CE,Towers with Radar,15,38,51,13,117,0,15,58,1,74,15,53,109,14,191,88,10,98,289
01/14/2000,FAR,ND,AGL,CE,Towers with Radar,30,37,51,13,131,6,0,38,2,46,36,37,89,15,177,66,14,80,257
01/15/2000,FAR,ND,AGL,CE,Towers with Radar,15,8,26,0,49,14,0,45,0,59,29,8,71,0,108,36,0,36,144
01/16/2000,FAR,ND,AGL,CE,Towers with Radar,10,9,17,0,36,10,0,32,0,42,20,9,49,0,78,58,0,58,136
01/17/2000,FAR,ND,AGL,CE,Towers with Radar,15,31,42,1,89,0,0,67,0,67,15,31,109,1,156,78,0,78,234
01/18/2000,FAR,ND,AGL,CE,Towers with Radar,23,39,52,14,128,0,0,72,11,83,23,39,124,25,211,90,36,126,337
01/19/2000,FAR,ND,AGL,CE,Towers with Radar,22,24,43,12,101,0,0,34,2,36,22,24,77,14,137,42,4,46,183
01/20/2000,FAR,ND,AGL,CE,Towers with Radar,16,41,52,14,123,0,2,58,10,70,16,43,110,24,193,50,8,58,251
01/21/2000,FAR,ND,AGL,CE,Towers with Radar,19,37,46,13,115,0,12,30,0,42,19,49,76,13,157,26,0,26,183
01/22/2000,FAR,ND,AGL,CE,Towers with Radar,18,19,29,8,74,2,0,5,18,25,20,19,34,26,99,18,34,52,151
01/23/2000,FAR,ND,AGL,CE,Towers with Radar,11,10,17,0,38,9,0,33,0,42,20,10,50,0,80,40,0,40,120
01/24/2000,FAR,ND,AGL,CE,Towers with Radar,22,27,37,6,92,4,0,23,0,27,26,27,60,6,119,46,2,48,167
01/25/2000,FAR,ND,AGL,CE,Towers with Radar,22,36,44,12,114,0,3,79,3,85,22,39,123,15,199,114,28,142,341
01/26/2000,FAR,ND,AGL,CE,Towers with Radar,23,36,52,14,125,0,0,103,16,119,23,36,155,30,244,88,28,116,360
01/27/2000,FAR,ND,AGL,CE,Towers with Radar,21,37,46,13,117,0,11,54,33,98,21,48,100,46,215,54,10,64,279
01/28/2000,FAR,ND,AGL,CE,Towers with Radar,33,33,59,15,140,0,0,111,2,113,33,33,170,17,253,82,4,86,339
01/29/2000,FAR,ND,AGL,CE,Towers with Radar,16,22,28,0,66,2,0,83,0,85,18,22,111,0,151,52,0,52,203
01/30/2000,FAR,ND,AGL,CE,Towers with Radar,15,16,26,0,57,10,0,17,0,27,25,16,43,0,84,14,0,14,98
01/31/2000,FAR,ND,AGL,CE,Towers with Radar,19,30,47,12,108,0,0,24,11,35,19,30,71,23,143,42,10,52,195
02/01/2000,FAR,ND,AGL,CE,Towers with Radar,24,33,53,5,115,0,3,2,0,5,24,36,55,5,120,24,0,24,144
02/02/2000,FAR,ND,AGL,CE,Towers with Radar,22,33,52,6,113,0,1,56,15,72,22,34,108,21,185,52,6,58,243
02/03/2000,FAR,ND,AGL,CE,Towers with Radar,19,33,49,2,103,0,8,0,0,8,19,41,49,2,111,2,0,2,113
02/04/2000,FAR,ND,AGL,CE,Towers with Radar,35,33,66,7,141,18,0,79,10,107,53,33,145,17,248,162,16,178,426
02/05/2000,FAR,ND,AGL,CE,Towers with Radar,15,18,26,0,59,6,2,101,0,109,21,20,127,0,168,128,0,128,296
02/06/2000,FAR,ND,AGL,CE,Towers with Radar,10,7,20,0,37,10,0,80,0,90,20,7,100,0,127,122,0,122,249
02/07/2000,FAR,ND,AGL,CE,Towers with Radar,19,25,37,2,83,0,4,75,0,79,19,29,112,2,162,52,2,54,216
02/08/2000,FAR,ND,AGL,CE,Towers with Radar,23,29,43,5,100,2,7,64,12,85,25,36,107,17,185,80,28,108,293
02/09/2000,FAR,ND,AGL,CE,Towers with Radar,24,31,46,5,106,2,11,9,1,23,26,42,55,6,129,44,14,58,187
02/10/2000,FAR,ND,AGL,CE,Towers with Radar,15,38,57,7,117,0,5,60,9,74,15,43,117,16,191,80,30,110,301
02/11/2000,FAR,ND,AGL,CE,Towers with Radar,26,22,49,6,103,9,0,99,6,114,35,22,148,12,217,134,10,144,361
02/12/2000,FAR,ND,AGL,CE,Towers with Radar,16,20,30,1,67,4,4,24,0,32,20,24,54,1,99,58,0,58,157
02/13/2000,FAR,ND,AGL,CE,Towers with Radar,12,7,24,2,45,8,0,57,0,65,20,7,81,2,110,108,0,108,218
02/14/2000,FAR,ND,AGL,CE,Towers with Radar,21,23,39,5,88,0,0,69,3,72,21,23,108,8,160,90,4,94,254
02/15/2000,FAR,ND,AGL,CE,Towers with Radar,25,31,47,1,104,4,11,2,0,17,29,42,49,1,121,6,0,6,127
02/16/2000,FAR,ND,AGL,CE,Towers with Radar,28,32,54,6,120,1,0,50,0,51,29,32,104,6,171,104,4,108,279
02/17/2000,FAR,ND,AGL,CE,Towers with Radar,22,31,63,8,124,0,0,72,0,72,22,31,135,8,196,100,2,102,298
02/18/2000,FAR,ND,AGL,CE,Towers with Radar,19,41,63,6,129,0,7,69,0,76,19,48,132,6,205,140,0,140,345
02/19/2000,FAR,ND,AGL,CE,Towers with Radar,18,10,32,4,64,10,0,76,2,88,28,10,108,6,152,90,6,96,248
02/20/2000,FAR,ND,AGL,CE,Towers with Radar,11,7,19,0,37,10,0,70,0,80,21,7,89,0,117,102,0,102,219
02/21/2000,FAR,ND,AGL,CE,Towers with Radar,21,27,46,1,95,0,0,112,0,112,21,27,158,1,207,72,0,72,279
02/22/2000,FAR,ND,AGL,CE,Towers with Radar,26,32,53,6,117,0,0,68,1,69,26,32,121,7,186,76,2,78,264
02/23/2000,FAR,ND,AGL,CE,Towers with Radar,23,33,52,4,112,0,4,44,0,48,23,37,96,4,160,94,2,96,256
02/24/2000,FAR,ND,AGL,CE,Towers with Radar,17,33,51,3,104,0,6,7,0,13,17,39,58,3,117,0,0,0,117
02/25/2000,FAR,ND,AGL,CE,Towers with Radar,17,33,52,3,105,0,11,2,0,13,17,44,54,3,118,2,0,2,120
02/26/2000,FAR,ND,AGL,CE,Towers with Radar,14,16,24,0,54,7,9,0,0,16,21,25,24,0,70,10,0,10,80
02/27/2000,FAR,ND,AGL,CE,Towers with Radar,14,10,26,0,50,7,0,94,0,101,21,10,120,0,151,150,0,150,301
02/28/2000,FAR,ND,AGL,CE,Towers with Radar,21,26,41,5,93,0,3,20,1,24,21,29,61,6,117,34,2,36,153
02/29/2000,FAR,ND,AGL,CE,Towers with Radar,25,34,59,7,125,0,0,54,11,65,25,34,113,18,190,58,14,72,262
03/01/2000,FAR,ND,AGL,CE,Towers with Radar,26,38,63,9,136,0,0,50,17,67,26,38,113,26,203,143,16,159,362
03/02/2000,FAR,ND,AGL,CE,Towers with Radar,33,32,60,8,133,4,0,60,5,69,37,32,120,13,202,190,6,196,398
03/03/2000,FAR,ND,AGL,CE,Towers with Radar,32,27,57,7,123,30,0,104,5,139,62,27,161,12,262,194,8,202,464
03/04/2000,FAR,ND,AGL,CE,Towers with Radar,17,18,31,4,70,2,6,134,3,145,19,24,165,7,215,252,10,262,477
03/05/2000,FAR,ND,AGL,CE,Towers with Radar,10,8,18,0,36,10,0,131,0,141,20,8,149,0,177,234,0,234,411
03/06/2000,FAR,ND,AGL,CE,Towers with Radar,20,24,43,7,94,0,0,68,2,70,20,24,111,9,164,78,4,82,246
03/07/2000,FAR,ND,AGL,CE,Towers with Radar,26,32,50,8,116,0,7,64,5,76,26,39,114,13,192,214,8,222,414
03/08/2000,FAR,ND,AGL,CE,Towers with Radar,14,18,26,2,60,2,2,0,0,4,16,20,26,2,64,0,0,0,64
03/09/2000,FAR,ND,AGL,CE,Towers with Radar,25,26,45,2,98,2,0,51,0,53,27,26,96,2,151,124,0,124,275
03/10/2000,FAR,ND,AGL,CE,Towers with Radar,19,33,51,3,106,0,18,79,0,97,19,51,130,3,203,76,0,76,279
03/11/2000,FAR,ND,AGL,CE,Towers with Radar,15,10,28,0,53,15,0,68,0,83,30,10,96,0,136,74,0,74,210
03/12/2000,FAR,ND,AGL,CE,Towers with Radar,11,11,21,2,45,11,0,39,0,50,22,11,60,2,95,94,0,94,189
03/13/2000,FAR,ND,AGL,CE,Towers with Radar,20,24,36,6,86,1,1,18,1,21,21,25,54,7,107,66,2,68,175
03/14/2000,FAR,ND,AGL,CE,Towers with Radar,24,34,45,8,111,0,1,0,4,5,24,35,45,12,116,12,0,12,128
03/15/2000,FAR,ND,AGL,CE,Towers with Radar,24,32,49,6,111,0,4,62,0,66,24,36,111,6,177,64,4,68,245
03/16/2000,FAR,ND,AGL,CE,Towers with Radar,17,35,54,8,114,0,18,14,9,41,17,53,68,17,155,12,20,32,187
03/17/2000,FAR,ND,AGL,CE,Towers with Radar,17,35,55,8,115,0,22,68,0,90,17,57,123,8,205,138,20,158,363
03/18/2000,FAR,ND,AGL,CE,Towers with Radar,11,10,22,1,44,16,0,72,0,88,27,10,94,1,132,89,0,89,221
03/19/2000,FAR,ND,AGL,CE,Towers with Radar,13,12,25,2,52,6,0,10,0,16,19,12,35,2,68,18,0,18,86
03/20/2000,FAR,ND,AGL,CE,Towers with Radar,20,24,38,4,86,0,3,4,0,7,20,27,42,4,93,32,0,32,125
03/21/2000,FAR,ND,AGL,CE,Towers with Radar,20,35,56,8,119,0,4,45,7,56,20,39,101,15,175,60,2,62,237
03/22/2000,FAR,ND,AGL,CE,Towers with Radar,24,30,49,6,109,0,3,87,1,91,24,33,136,7,200,182,12,194,394
03/23/2000,FAR,ND,AGL,CE,Towers with Radar,25,32,53,7,117,0,4,7,5,16,25,36,60,12,133,4,0,4,137
03/24/2000,FAR,ND,AGL,CE,Towers with Radar,33,29,59,5,126,0,0,43,0,43,33,29,102,5,169,36,0,36,205
03/25/2000,FAR,ND,AGL,CE,Towers with Radar,19,16,34,1,70,1,0,99,0,100,20,16,133,1,170,74,0,74,244
03/26/2000,FAR,ND,AGL,CE,Towers with Radar,13,9,22,2,46,7,0,57,0,64,20,9,79,2,110,50,0,50,160
03/27/2000,FAR,ND,AGL,CE,Towers with Radar,21,26,43,5,95,0,3,26,2,31,21,29,69,7,126,24,0,24,150
03/28/2000,FAR,ND,AGL,CE,Towers with Radar,25,33,55,7,120,0,0,110,6,116,25,33,165,13,236,158,20,178,414
03/29/2000,FAR,ND,AGL,CE,Towers with Radar,23,32,59,8,122,0,0,126,12,138,23,32,185,20,260,214,22,236,496
03/30/2000,FAR,ND,AGL,CE,Towers with Radar,31,22,57,7,117,2,0,105,3,110,33,22,162,10,227,218,0,218,445
03/31/2000,FAR,ND,AGL,CE,Towers with Radar,23,31,51,8,113,0,5,44,0,49,23,36,95,8,162,138,4,142,304
04/01/2000,FAR,ND,AGL,CE,Towers with Radar,17,8,36,1,62,15,0,108,0,123,32,8,144,1,185,240,0,240,425
04/02/2000,FAR,ND,AGL,CE,Towers with Radar,10,11,19,1,41,10,1,7,0,18,20,12,26,1,59,8,0,8,67
04/03/2000,FAR,ND,AGL,CE,Towers with Radar,21,29,47,3,100,0,1,15,0,16,21,30,62,3,116,16,0,16,132
04/04/2000,FAR,ND,AGL,CE,Towers with Radar,26,34,53,9,122,20,4,90,6,120,46,38,143,15,242,210,10,220,462
04/05/2000,FAR,ND,AGL,CE,Towers with Radar,21,27,43,0,91,3,9,3,0,15,24,36,46,0,106,6,0,6,112
04/06/2000,FAR,ND,AGL,CE,Towers with Radar,32,30,78,14,154,0,0,134,3,137,32,30,212,17,291,178,20,198,489
04/07/2000,FAR,ND,AGL,CE,Towers with Radar,33,29,72,13,147,0,0,81,0,81,33,29,153,13,228,184,4,188,416
04/08/2000,FAR,ND,AGL,CE,Towers with Radar,12,16,26,0,54,11,5,51,0,67,23,21,77,0,121,98,0,98,219
04/09/2000,FAR,ND,AGL,CE,Towers with Radar,12,4,25,0,41,15,0,57,0,72,27,4,82,0,113,124,0,124,237
04/10/2000,FAR,ND,AGL,CE,Towers with Radar,21,28,42,8,99,1,4,17,5,27,22,32,59,13,126,60,0,60,186
04/11/2000,FAR,ND,AGL,CE,Towers with Radar,22,31,49,10,112,0,12,29,0,41,22,43,78,10,153,176,6,182,335
04/12/2000,FAR,ND,AGL,CE,Towers with Radar,23,26,46,7,102,16,0,14,0,30,39,26,60,7,132,64,4,68,200
04/13/2000,FAR,ND,AGL,CE,Towers with Radar,18,43,67,13,141,0,14,63,20,97,18,57,130,33,238,138,12,150,388
04/14/2000,FAR,ND,AGL,CE,Towers with Radar,15,29,45,3,92,0,15,5,0,20,15,44,50,3,112,0,0,0,112
04/15/2000,FAR,ND,AGL,CE,Towers with Radar,21,27,42,8,98,1,2,72,2,77,22,29,114,10,175,152,22,174,349
04/16/2000,FAR,ND,AGL,CE,Towers with Radar,13,17,26,2,58,11,0,62,0,73,24,17,88,2,131,174,2,176,307
04/17/2000,FAR,ND,AGL,CE,Towers with Radar,27,32,53,10,122,20,0,47,1,68,47,32,100,11,190,166,2,168,358
04/18/2000,FAR,ND,AGL,CE,Towers with Radar,23,39,70,14,146,0,0,94,14,108,23,39,164,28,254,170,36,206,460
04/19/2000,FAR,ND,AGL,CE,Towers with Radar,22,38,61,11,132,0,5,61,0,66,22,43,122,11,198,74,8,82,280
04/20/2000,FAR,ND,AGL,CE,Towers with Radar,24,39,63,12,138,0,3,148,13,164,24,42,211,25,302,292,22,314,616
04/21/2000,FAR,ND,AGL,CE,Towers with Radar,18,35,55,11,119,0,3,112,14,129,18,38,167,25,248,166,16,182,430
04/22/2000,FAR,ND,AGL,CE,Towers with Radar,15,17,28,0,60,0,11,58,0,69,15,28,86,0,129,104,0,104,233
04/23/2000,FAR,ND,AGL,CE,Towers with Radar,12,14,23,3,52,7,1,49,25,82,19,15,72,28,134,0,0,0,134
04/24/2000,FAR,ND,AGL,CE,Towers with Radar,20,30,55,10,115,0,0,95,13,108,20,30,150,23,223,124,16,140,363
04/25/2000,FAR,ND,AGL,CE,Towers with Radar,22,39,64,11,136,0,3,114,10,127,22,42,178,21,263,220,40,260,523
04/26/2000,FAR,ND,AGL,CE,Towers with Radar,27,33,53,5,118,4,0,61,0,65,31,33,114,5,183,56,0,56,239
04/27/2000,FAR,ND,AGL,CE,Towers with Radar,24,40,71,12,147,0,0,82,12,94,24,40,153,24,241,76,20,96,337
04/28/2000,FAR,ND,AGL,CE,Towers with Radar,25,31,50,9,115,8,2,94,10,114,33,33,144,19,229,172,10,182,411
04/29/2000,FAR,ND,AGL,CE,Towers with Radar,15,19,31,5,70,0,13,77,87,177,15,32,108,92,247,0,0,0,247
04/30/2000,FAR,ND,AGL,CE,Towers with Radar,15,18,29,3,65,4,3,22,0,29,19,21,51,3,94,82,0,82,176
05/01/2000,FAR,ND,AGL,CE,Towers with Radar,18,30,54,7,109,1,0,77,0,78,19,30,131,7,187,152,6,158,345
05/02/2000,FAR,ND,AGL,CE,Towers with Radar,24,37,50,21,132,0,2,98,7,107,24,39,148,28,239,158,26,184,423
05/03/2000,FAR,ND,AGL,CE,Towers with Radar,26,35,52,10,123,8,2,55,0,65,34,37,107,10,188,72,4,76,264
05/04/2000,FAR,ND,AGL,CE,Towers with Radar,14,51,76,15,156,0,8,97,10,115,14,59,173,25,271,176,18,194,465
05/05/2000,FAR,ND,AGL,CE,Towers with Radar,23,31,46,9,109,0,9,41,10,60,23,40,87,19,169,56,20,76,245
05/06/2000,FAR,ND,AGL,CE,Towers with Radar,14,17,29,7,67,13,0,35,7,55,27,17,64,14,122,110,0,110,232
05/07/2000,FAR,ND,AGL,CE,Towers with Radar,10,15,21,4,50,11,0,8,1,20,21,15,29,5,70,80,0,80,150
05/08/2000,FAR,ND,AGL,CE,Towers with Radar,23,35,53,8,119,0,0,33,0,33,23,35,86,8,152,46,4,50,202
05/09/2000,FAR,ND,AGL,CE,Towers with Radar,25,43,50,19,137,31,2,109,7,149,56,45,159,26,286,182,18,200,486
05/10/2000,FAR,ND,AGL,CE,Towers with Radar,24,42,71,7,144,0,8,29,0,37,24,50,100,7,181,98,2,100,281
05/11/2000,FAR,ND,AGL,CE,Towers with Radar,20,36,49,3,108,0,1,4,0,5,20,37,53,3,113,18,0,18,131
05/12/2000,FAR,ND,AGL,CE,Towers with Radar,22,36,53,9,120,0,1,19,0,20,22,37,72,9,140,48,0,48,188
05/13/2000,FAR,ND,AGL,CE,Towers with Radar,23,17,22,1,63,0,2,24,0,26,23,19,46,1,89,32,0,32,121
05/14/2000,FAR,ND,AGL,CE,Towers with Radar,22,11,21,1,55,0,5,63,0,68,22,16,84,1,123,66,0,66,189
05/15/2000,FAR,ND,AGL,CE,Towers with Radar,16,35,54,8,113,0,1,45,0,46,16,36,99,8,159,60,8,68,227
05/16/2000,FAR,ND,AGL,CE,Towers with Radar,25,3,8,3,39,0,0,0,149,149,25,3,8,152,188,6,156,162,350
05/17/2000,FAR,ND,AGL,CE,Towers with Radar,28,32,99,6,165,0,1,60,6,67,28,33,159,12,232,134,0,134,366
05/18/2000,FAR,ND,AGL,CE,Towers with Radar,19,43,43,5,110,0,3,81,0,84,19,46,124,5,194,134,0,134,328
05/19/2000,FAR,ND,AGL,CE,Towers with Radar,23,33,51,10,117,0,2,107,3,112,23,35,158,13,229,154,2,156,385
05/20/2000,FAR,ND,AGL,CE,Towers with Radar,14,31,13,7,65,0,1,698,64,763,14,32,711,71,828,146,2,148,976
05/21/2000,FAR,ND,AGL,CE,Towers with Radar,19,11,21,0,51,0,1,23,0,24,19,12,44,0,75,24,0,24,99
05/22/2000,FAR,ND,AGL,CE,Towers with Radar,17,29,55,10,111,0,0,72,13,85,17,29,127,23,196,86,14,100,296
05/23/2000,FAR,ND,AGL,CE,Towers with Radar,22,9,45,8,84,2,0,59,12,73,24,9,104,20,157,84,16,100,257
05/24/2000,FAR,ND,AGL,CE,Towers with Radar,26,38,58,7,129,0,8,63,0,71,26,46,121,7,200,84,4,88,288
05/25/2000,FAR,ND,AGL,CE,Towers with Radar,20,43,66,12,141,0,9,130,6,145,20,52,196,18,286,134,12,146,432
05/26/2000,FAR,ND,AGL,CE,Towers with Radar,24,33,51,8,116,0,3,91,4,98,24,36,142,12,214,90,0,90,304
05/27/2000,FAR,ND,AGL,CE,Towers with Radar,16,21,33,0,70,6,2,15,0,23,22,23,48,0,93,24,0,24,117
05/28/2000,FAR,ND,AGL,CE,Towers with Radar,13,14,26,1,54,10,0,19,0,29,23,14,45,1,83,40,0,40,123
05/29/2000,FAR,ND,AGL,CE,Towers with Radar,13,18,26,5,62,5,0,27,7,39,18,18,53,12,101,44,0,44,145
05/30/2000,FAR,ND,AGL,CE,Towers with Radar,21,28,41,3,93,6,5,78,0,89,27,33,119,3,182,170,0,170,352
05/31/2000,FAR,ND,AGL,CE,Towers with Radar,0,0,0,0,0,0,0,0,0,0,0,0,0,0,0,0,0,0,0
06/01/2000,FAR,ND,AGL,CE,Towers with Radar,19,41,65,14,139,0,14,61,5,80,19,55,126,19,219,130,8,138,357
06/02/2000,FAR,ND,AGL,CE,Towers with Radar,23,37,57,11,128,0,3,113,6,122,23,40,170,17,250,163,6,169,419
06/03/2000,FAR,ND,AGL,CE,Towers with Radar,16,21,32,3,72,6,14,35,0,55,22,35,67,3,127,66,0,66,193
06/04/2000,FAR,ND,AGL,CE,Towers with Radar,15,20,30,2,67,6,1,60,0,67,21,21,90,2,134,80,0,80,214
06/05/2000,FAR,ND,AGL,CE,Towers with Radar,19,27,41,9,96,1,3,100,9,113,20,30,141,18,209,200,26,226,435
06/06/2000,FAR,ND,AGL,CE,Towers with Radar,25,33,55,12,125,0,0,104,4,108,25,33,159,16,233,98,0,98,331
06/07/2000,FAR,ND,AGL,CE,Towers with Radar,25,35,54,6,120,0,5,102,0,107,25,40,156,6,227,142,18,160,387
06/08/2000,FAR,ND,AGL,CE,Towers with Radar,20,33,49,11,113,0,16,83,9,108,20,49,132,20,221,146,16,162,383
06/09/2000,FAR,ND,AGL,CE,Towers with Radar,16,36,55,12,119,0,18,43,2,63,16,54,98,14,182,76,30,106,288
06/10/2000,FAR,ND,AGL,CE,Towers with Radar,17,22,37,8,84,7,0,48,8,63,24,22,85,16,147,78,12,90,237
06/11/2000,FAR,ND,AGL,CE,Towers with Radar,12,17,26,4,59,11,3,94,0,108,23,20,120,4,167,140,0,140,307
06/12/2000,FAR,ND,AGL,CE,Towers with Radar,21,29,45,2,97,2,0,46,0,48,23,29,91,2,145,92,0,92,237
06/13/2000,FAR,ND,AGL,CE,Towers with Radar,23,38,58,13,132,0,0,21,5,26,23,38,79,18,158,12,10,22,180
06/14/2000,FAR,ND,AGL,CE,Towers with Radar,29,26,62,12,129,3,0,23,0,26,32,26,85,12,155,20,6,26,181
06/15/2000,FAR,ND,AGL,CE,Towers with Radar,21,36,58,13,128,0,0,6,5,11,21,36,64,18,139,104,8,112,251
06/16/2000,FAR,ND,AGL,CE,Towers with Radar,26,37,70,9,142,0,0,51,0,51,26,37,121,9,193,90,0,90,283
06/17/2000,FAR,ND,AGL,CE,Towers with Radar,15,21,33,0,69,11,0,102,0,113,26,21,135,0,182,108,0,108,290
06/18/2000,FAR,ND,AGL,CE,Towers with Radar,12,16,25,1,54,11,2,97,0,110,23,18,122,1,164,70,2,72,236
06/19/2000,FAR,ND,AGL,CE,Towers with Radar,18,22,36,7,83,1,2,10,6,19,19,24,46,13,102,86,4,90,192
06/20/2000,FAR,ND,AGL,CE,Towers with Radar,18,24,39,4,85,0,3,23,0,26,18,27,62,4,111,16,0,16,127
06/21/2000,FAR,ND,AGL,CE,Towers with Radar,24,31,50,0,105,6,3,32,0,41,30,34,82,0,146,22,0,22,168
06/22/2000,FAR,ND,AGL,CE,Towers with Radar,22,39,61,12,134,0,5,94,9,108,22,44,155,21,242,204,10,214,456
06/23/2000,FAR,ND,AGL,CE,Towers with Radar,23,39,68,14,144,0,0,95,23,118,23,39,163,37,262,150,38,188,450
06/24/2000,FAR,ND,AGL,CE,Towers with Radar,18,17,37,4,76,6,0,108,0,114,24,17,145,4,190,142,2,144,334
06/25/2000,FAR,ND,AGL,CE,Towers with Radar,15,12,30,0,57,5,0,12,0,17,20,12,42,0,74,22,0,22,96
06/26/2000,FAR,ND,AGL,CE,Towers with Radar,20,31,50,10,111,0,4,90,11,105,20,35,140,21,216,118,0,118,334
06/27/2000,FAR,ND,AGL,CE,Towers with Radar,23,37,64,13,137,0,0,122,7,129,23,37,186,20,266,286,20,306,572
06/28/2000,FAR,ND,AGL,CE,Towers with Radar,28,33,57,11,129,3,0,93,6,102,31,33,150,17,231,162,44,206,437
06/29/2000,FAR,ND,AGL,CE,Towers with Radar,24,34,55,11,124,0,0,116,16,132,24,34,171,27,256,162,46,208,464
06/30/2000,FAR,ND,AGL,CE,Towers with Radar,25,31,52,11,119,7,0,91,8,106,32,31,143,19,225,156,16,172,397
07/01/2000,FAR,ND,AGL,CE,Towers with Radar,26,17,21,0,64,1,0,1,0,2,27,17,22,0,66,58,0,58,124
07/02/2000,FAR,ND,AGL,CE,Towers with Radar,17,25,5,0,47,0,0,26,0,26,17,25,31,0,73,24,0,24,97
07/03/2000,FAR,ND,AGL,CE,Towers with Radar,16,21,25,0,62,1,10,29,0,40,17,31,54,0,102,46,0,46,148
07/04/2000,FAR,ND,AGL,CE,Towers with Radar,15,14,4,4,37,0,0,23,2,25,15,14,27,6,62,6,4,10,72
07/05/2000,FAR,ND,AGL,CE,Towers with Radar,29,33,46,24,132,0,0,67,1,68,29,33,113,25,200,200,22,222,422
07/06/2000,FAR,ND,AGL,CE,Towers with Radar,28,40,39,14,121,0,5,69,3,77,28,45,108,17,198,126,14,140,338
07/07/2000,FAR,ND,AGL,CE,Towers with Radar,16,51,44,14,125,0,0,21,5,26,16,51,65,19,151,28,8,36,187
07/08/2000,FAR,ND,AGL,CE,Towers with Radar,26,21,36,1,84,0,31,33,1,65,26,52,69,2,149,48,0,48,197
07/09/2000,FAR,ND,AGL,CE,Towers with Radar,22,16,13,0,51,0,0,33,0,33,22,16,46,0,84,66,0,66,150
07/10/2000,FAR,ND,AGL,CE,Towers with Radar,20,29,38,17,104,0,0,94,4,98,20,29,132,21,202,202,38,240,442
07/11/2000,FAR,ND,AGL,CE,Towers with Radar,30,28,51,6,115,0,0,59,1,60,30,28,110,7,175,90,0,90,265
07/12/2000,FAR,ND,AGL,CE,Towers with Radar,23,43,75,28,169,0,0,96,24,120,23,43,171,52,289,176,26,202,491
07/13/2000,FAR,ND,AGL,CE,Towers with Radar,23,48,59,24,154,0,4,110,4,118,23,52,169,28,272,158,16,174,446
07/14/2000,FAR,ND,AGL,CE,Towers with Radar,20,52,41,24,137,0,0,128,2,130,20,52,169,26,267,102,42,144,411
07/15/2000,FAR,ND,AGL,CE,Towers with Radar,27,24,31,0,82,0,4,87,1,92,27,28,118,1,174,188,0,188,362
07/16/2000,FAR,ND,AGL,CE,Towers with Radar,19,21,33,2,75,4,0,75,0,79,23,21,108,2,154,110,0,110,264
07/17/2000,FAR,ND,AGL,CE,Towers with Radar,18,34,58,15,125,0,1,81,4,86,18,35,139,19,211,158,12,170,381
07/18/2000,FAR,ND,AGL,CE,Towers with Radar,25,36,69,35,165,0,8,63,5,76,25,44,132,40,241,114,32,146,387
07/19/2000,FAR,ND,AGL,CE,Towers with Radar,26,37,72,14,149,0,4,70,6,80,26,41,142,20,229,134,12,146,375
07/20/2000,FAR,ND,AGL,CE,Towers with Radar,25,40,60,14,139,0,0,146,6,152,25,40,206,20,291,220,22,242,533
07/21/2000,FAR,ND,AGL,CE,Towers with Radar,16,40,52,17,125,0,26,116,8,150,16,66,168,25,275,234,28,262,537
07/22/2000,FAR,ND,AGL,CE,Towers with Radar,17,24,30,0,71,12,6,109,0,127,29,30,139,0,198,122,0,122,320
07/23/2000,FAR,ND,AGL,CE,Towers with Radar,23,25,8,2,58,0,16,76,0,92,23,41,84,2,150,128,0,128,278
07/24/2000,FAR,ND,AGL,CE,Towers with Radar,21,32,53,28,134,0,5,43,4,52,21,37,96,32,186,84,48,132,318
07/25/2000,FAR,ND,AGL,CE,Towers with Radar,28,39,50,16,133,5,0,73,8,86,33,39,123,24,219,86,32,118,337
07/26/2000,FAR,ND,AGL,CE,Towers with Radar,24,36,83,20,163,0,0,104,3,107,24,36,187,23,270,152,20,172,442
07/27/2000,FAR,ND,AGL,CE,Towers with Radar,24,41,74,16,155,0,2,113,5,120,24,43,187,21,275,276,14,290,565
07/28/2000,FAR,ND,AGL,CE,Towers with Radar,24,40,51,17,132,0,2,102,13,117,24,42,153,30,249,134,28,162,411
07/29/2000,FAR,ND,AGL,CE,Towers with Radar,20,22,33,10,85,4,0,62,0,66,24,22,95,10,151,144,4,148,299
07/30/2000,FAR,ND,AGL,CE,Towers with Radar,23,16,22,4,65,0,0,48,0,48,23,16,70,4,113,30,0,30,143
07/31/2000,FAR,ND,AGL,CE,Towers with Radar,21,34,47,12,114,0,2,56,1,59,21,36,103,13,173,150,12,162,335
08/01/2000,FAR,ND,AGL,CE,Towers with Radar,22,37,68,12,139,1,0,103,4,108,23,37,171,16,247,138,10,148,395
08/02/2000,FAR,ND,AGL,CE,Towers with Radar,30,28,70,9,137,0,0,111,1,112,30,28,181,10,249,188,14,202,451
08/03/2000,FAR,ND,AGL,CE,Towers with Radar,24,41,60,25,150,0,1,68,2,71,24,42,128,27,221,270,16,286,507
08/04/2000,FAR,ND,AGL,CE,Towers with Radar,24,34,51,14,123,0,0,77,0,77,24,34,128,14,200,184,24,208,408
08/05/2000,FAR,ND,AGL,CE,Towers with Radar,28,24,37,1,90,0,2,60,1,63,28,26,97,2,153,162,0,162,315
08/06/2000,FAR,ND,AGL,CE,Towers with Radar,15,21,31,0,67,8,2,55,0,65,23,23,86,0,132,26,0,26,158
08/07/2000,FAR,ND,AGL,CE,Towers with Radar,22,30,45,9,106,1,1,83,0,85,23,31,128,9,191,148,6,154,345
08/08/2000,FAR,ND,AGL,CE,Towers with Radar,23,40,68,22,153,0,4,98,13,115,23,44,166,35,268,216,50,266,534
08/09/2000,FAR,ND,AGL,CE,Towers with Radar,24,44,68,12,148,0,8,114,4,126,24,52,182,16,274,226,12,238,512
08/10/2000,FAR,ND,AGL,CE,Towers with Radar,30,39,59,24,152,1,4,91,3,99,31,43,150,27,251,222,44,266,517
08/11/2000,FAR,ND,AGL,CE,Towers with Radar,24,39,46,12,121,0,8,60,1,69,24,47,106,13,190,120,4,124,314
08/12/2000,FAR,ND,AGL,CE,Towers with Radar,22,28,14,2,66,0,8,41,2,51,22,36,55,4,117,74,0,74,191
08/13/2000,FAR,ND,AGL,CE,Towers with Radar,20,22,25,1,68,0,0,63,1,64,20,22,88,2,132,116,0,116,248
08/14/2000,FAR,ND,AGL,CE,Towers with Radar,19,31,62,17,129,0,0,57,4,61,19,31,119,21,190,122,40,162,352
08/15/2000,FAR,ND,AGL,CE,Towers with Radar,22,43,69,25,159,0,4,121,1,126,22,47,190,26,285,114,28,142,427
08/16/2000,FAR,ND,AGL,CE,Towers with Radar,24,34,50,14,122,0,17,37,2,56,24,51,87,16,178,24,18,42,220
08/17/2000,FAR,ND,AGL,CE,Towers with Radar,25,43,67,23,158,0,0,56,1,57,25,43,123,24,215,134,6,140,355
08/18/2000,FAR,ND,AGL,CE,Towers with Radar,24,45,57,16,142,0,12,124,3,139,24,57,181,19,281,188,34,222,503
08/19/2000,FAR,ND,AGL,CE,Towers with Radar,23,22,15,2,62,0,2,41,1,44,23,24,56,3,106,56,8,64,170
08/20/2000,FAR,ND,AGL,CE,Towers with Radar,20,23,11,0,54,0,0,7,3,10,20,23,18,3,64,0,0,0,64
08/21/2000,FAR,ND,AGL,CE,Towers with Radar,19,31,50,2,102,0,0,96,3,99,19,31,146,5,201,146,2,148,349
08/22/2000,FAR,ND,AGL,CE,Towers with Radar,24,38,62,34,158,0,2,119,8,129,24,40,181,42,287,192,44,236,523
08/23/2000,FAR,ND,AGL,CE,Towers with Radar,24,39,69,19,151,0,2,133,5,140,24,41,202,24,291,194,22,216,507
08/24/2000,FAR,ND,AGL,CE,Towers with Radar,26,35,45,13,119,0,1,86,2,89,26,36,131,15,208,108,14,122,330
08/25/2000,FAR,ND,AGL,CE,Towers with Radar,22,25,36,16,99,0,0,57,0,57,22,25,93,16,156,66,20,86,242
08/26/2000,FAR,ND,AGL,CE,Towers with Radar,24,20,25,1,70,0,6,88,3,97,24,26,113,4,167,94,0,94,261
08/27/2000,FAR,ND,AGL,CE,Towers with Radar,18,23,22,10,73,0,0,29,0,29,18,23,51,10,102,20,16,36,138
08/28/2000,FAR,ND,AGL,CE,Towers with Radar,21,29,50,32,132,0,0,20,1,21,21,29,70,33,153,20,12,32,185
08/29/2000,FAR,ND,AGL,CE,Towers with Radar,26,34,51,21,132,0,1,141,10,152,26,35,192,31,284,164,44,208,492
08/30/2000,FAR,ND,AGL,CE,Towers with Radar,22,33,60,21,136,0,5,34,1,40,22,38,94,22,176,20,6,26,202
08/31/2000,FAR,ND,AGL,CE,Towers with Radar,27,34,79,18,158,0,2,23,1,26,27,36,102,19,184,68,2,70,254
09/01/2000,FAR,ND,AGL,CE,Towers with Radar,21,40,72,9,142,1,0,19,3,23,22,40,91,12,165,116,2,118,283
09/02/2000,FAR,ND,AGL,CE,Towers with Radar,30,20,29,0,79,0,0,0,0,0,30,20,29,0,79,6,0,6,85
09/03/2000,FAR,ND,AGL,CE,Towers with Radar,22,13,36,0,71,1,0,8,0,9,23,13,44,0,80,12,0,12,92
09/04/2000,FAR,ND,AGL,CE,Towers with Radar,14,14,30,0,58,1,0,63,0,64,15,14,93,0,122,70,0,70,192
09/05/2000,FAR,ND,AGL,CE,Towers with Radar,16,33,46,1,96,1,0,35,4,40,17,33,81,5,136,10,0,10,146
09/06/2000,FAR,ND,AGL,CE,Towers with Radar,28,28,60,11,127,1,0,43,3,47,29,28,103,14,174,58,6,64,238
09/07/2000,FAR,ND,AGL,CE,Towers with Radar,23,41,37,11,112,1,0,98,9,108,24,41,135,20,220,134,18,152,372
09/08/2000,FAR,ND,AGL,CE,Towers with Radar,21,31,51,7,110,1,0,71,0,72,22,31,122,7,182,74,4,78,260
09/09/2000,FAR,ND,AGL,CE,Towers with Radar,24,18,26,10,78,1,2,42,3,48,25,20,68,13,126,54,0,54,180
09/10/2000,FAR,ND,AGL,CE,Towers with Radar,22,8,30,1,61,1,0,71,55,127,23,8,101,56,188,0,0,0,188
09/11/2000,FAR,ND,AGL,CE,Towers with Radar,18,20,49,20,107,1,1,81,9,92,19,21,130,29,199,86,14,100,299
09/12/2000,FAR,ND,AGL,CE,Towers with Radar,22,39,55,12,128,1,2,101,4,108,23,41,156,16,236,92,18,110,346
09/13/2000,FAR,ND,AGL,CE,Towers with Radar,22,35,75,11,143,1,2,76,99,178,23,37,151,110,321,56,4,60,381
09/14/2000,FAR,ND,AGL,CE,Towers with Radar,22,36,52,15,125,1,3,95,0,99,23,39,147,15,224,116,8,124,348
09/15/2000,FAR,ND,AGL,CE,Towers with Radar,23,29,55,11,118,0,13,109,0,122,23,42,164,11,240,190,0,190,430
09/16/2000,FAR,ND,AGL,CE,Towers with Radar,21,17,11,0,49,1,4,106,0,111,22,21,117,0,160,194,0,194,354
09/17/2000,FAR,ND,AGL,CE,Towers with Radar,22,11,16,2,51,1,0,51,0,52,23,11,67,2,103,58,0,58,161
09/18/2000,FAR,ND,AGL,CE,Towers with Radar,18,26,35,5,84,1,0,70,0,71,19,26,105,5,155,150,0,150,305
09/19/2000,FAR,ND,AGL,CE,Towers with Radar,29,27,54,3,113,0,0,43,1,44,29,27,97,4,157,86,0,86,243
09/20/2000,FAR,ND,AGL,CE,Towers with Radar,24,33,72,26,155,0,0,32,2,34,24,33,104,28,189,56,26,82,271
09/21/2000,FAR,ND,AGL,CE,Towers with Radar,24,34,67,12,137,0,6,91,1,98,24,40,158,13,235,112,8,120,355
09/22/2000,FAR,ND,AGL,CE,Towers with Radar,24,34,73,7,138,0,0,0,0,0,24,34,73,7,138,12,0,12,150
09/23/2000,FAR,ND,AGL,CE,Towers with Radar,24,17,39,9,89,0,2,39,0,41,24,19,78,9,130,96,10,106,236
09/24/2000,FAR,ND,AGL,CE,Towers with Radar,23,9,46,2,80,0,0,71,3,74,23,9,117,5,154,140,0,140,294
09/25/2000,FAR,ND,AGL,CE,Towers with Radar,23,25,79,16,143,0,0,83,0,83,23,25,162,16,226,290,18,308,534
09/26/2000,FAR,ND,AGL,CE,Towers with Radar,24,33,86,26,169,0,3,70,5,78,24,36,156,31,247,120,26,146,393
09/27/2000,FAR,ND,AGL,CE,Towers with Radar,25,36,73,13,147,0,0,80,11,91,25,36,153,24,238,166,26,192,430
09/28/2000,FAR,ND,AGL,CE,Towers with Radar,23,34,103,12,172,0,5,123,4,132,23,39,226,16,304,134,10,144,448
09/29/2000,FAR,ND,AGL,CE,Towers with Radar,26,30,58,4,118,0,3,117,4,124,26,33,175,8,242,128,0,128,370
09/30/2000,FAR,ND,AGL,CE,Towers with Radar,24,14,23,1,62,0,2,104,0,106,24,16,127,1,168,128,0,128,296
10/01/2000,FAR,ND,AGL,CE,Towers with Radar,16,14,22,0,52,3,4,16,0,23,19,18,38,0,75,24,0,24,99
10/02/2000,FAR,ND,AGL,CE,Towers with Radar,19,33,59,4,115,0,11,82,1,94,19,44,141,5,209,150,6,156,365
10/03/2000,FAR,ND,AGL,CE,Towers with Radar,37,23,39,21,120,0,0,63,1,64,37,23,102,22,184,55,14,69,253
10/04/2000,FAR,ND,AGL,CE,Towers with Radar,40,22,66,9,137,0,0,70,1,71,40,22,136,10,208,158,4,162,370
10/05/2000,FAR,ND,AGL,CE,Towers with Radar,24,37,37,17,115,0,0,30,4,34,24,37,67,21,149,86,0,86,235
10/06/2000,FAR,ND,AGL,CE,Towers with Radar,28,24,56,8,116,0,1,67,0,68,28,25,123,8,184,130,2,132,316
10/07/2000,FAR,ND,AGL,CE,Towers with Radar,24,22,39,2,87,0,1,63,0,64,24,23,102,2,151,178,2,180,331
10/08/2000,FAR,ND,AGL,CE,Towers with Radar,12,8,15,2,37,13,0,46,0,59,25,8,61,2,96,94,0,94,190
10/09/2000,FAR,ND,AGL,CE,Towers with Radar,27,16,38,2,83,0,0,70,0,70,27,16,108,2,153,88,0,88,241
10/10/2000,FAR,ND,AGL,CE,Towers with Radar,31,22,53,13,119,0,4,103,4,111,31,26,156,17,230,158,12,170,400
10/11/2000,FAR,ND,AGL,CE,Towers with Radar,30,23,41,13,107,0,1,64,2,67,30,24,105,15,174,76,2,78,252
10/12/2000,FAR,ND,AGL,CE,Towers with Radar,29,24,37,17,107,0,4,77,1,82,29,28,114,18,189,102,0,102,291
10/13/2000,FAR,ND,AGL,CE,Towers with Radar,27,31,44,7,109,0,0,65,3,68,27,31,109,10,177,112,2,114,291
10/14/2000,FAR,ND,AGL,CE,Towers with Radar,20,36,21,2,79,0,0,9,0,9,20,36,30,2,88,20,4,24,112
10/15/2000,FAR,ND,AGL,CE,Towers with Radar,29,6,23,0,58,0,0,58,1,59,29,6,81,1,117,96,0,96,213
10/16/2000,FAR,ND,AGL,CE,Towers with Radar,27,20,32,4,83,0,0,52,0,52,27,20,84,4,135,108,4,112,247
10/17/2000,FAR,ND,AGL,CE,Towers with Radar,31,26,37,31,125,0,0,52,3,55,31,26,89,34,180,30,20,50,230
10/18/2000,FAR,ND,AGL,CE,Towers with Radar,23,37,8,22,90,0,2,85,3,90,23,39,93,25,180,150,2,152,332
10/19/2000,FAR,ND,AGL,CE,Towers with Radar,27,38,66,15,146,0,3,78,1,82,27,41,144,16,228,190,12,202,430
10/20/2000,FAR,ND,AGL,CE,Towers with Radar,28,28,44,9,109,0,8,65,5,78,28,36,109,14,187,184,4,188,375
10/21/2000,FAR,ND,AGL,CE,Towers with Radar,21,14,13,5,53,0,4,52,1,57,21,18,65,6,110,52,6,58,168
10/22/2000,FAR,ND,AGL,CE,Towers with Radar,31,6,22,0,59,0,0,29,1,30,31,6,51,1,89,44,0,44,133
10/23/2000,FAR,ND,AGL,CE,Towers with Radar,19,32,53,22,126,0,0,93,0,93,19,32,146,22,219,130,20,150,369
10/24/2000,FAR,ND,AGL,CE,Towers with Radar,27,28,58,0,113,0,0,8,10,18,27,28,66,10,131,26,6,32,163
10/25/2000,FAR,ND,AGL,CE,Towers with Radar,31,33,52,12,128,0,0,7,0,7,31,33,59,12,135,24,0,24,159
10/26/2000,FAR,ND,AGL,CE,Towers with Radar,23,46,51,5,125,0,0,0,0,0,23,46,51,5,125,16,0,16,141
10/27/2000,FAR,ND,AGL,CE,Towers with Radar,32,21,54,8,115,0,1,59,1,61,32,22,113,9,176,184,4,188,364
10/28/2000,FAR,ND,AGL,CE,Towers with Radar,34,15,35,0,84,0,0,2,0,2,34,15,37,0,86,64,0,64,150
10/29/2000,FAR,ND,AGL,CE,Towers with Radar,16,22,16,1,55,0,0,3,0,3,16,22,19,1,58,28,0,28,86
10/30/2000,FAR,ND,AGL,CE,Towers with Radar,31,19,53,0,103,0,0,2,0,2,31,19,55,0,105,4,0,4,109
10/31/2000,FAR,ND,AGL,CE,Towers with Radar,31,29,61,9,130,0,1,14,0,15,31,30,75,9,145,106,4,110,255
11/01/2000,FAR,ND,AGL,CE,Towers with Radar,31,22,57,8,118,3,0,7,4,14,34,22,64,12,132,0,6,6,138
11/02/2000,FAR,ND,AGL,CE,Towers with Radar,26,28,57,1,112,0,8,3,0,11,26,36,60,1,123,10,0,10,133
11/03/2000,FAR,ND,AGL,CE,Towers with Radar,32,20,57,9,118,0,2,88,6,96,32,22,145,15,214,78,2,80,294
11/04/2000,FAR,ND,AGL,CE,Towers with Radar,21,23,19,3,66,0,0,108,1,109,21,23,127,4,175,134,0,134,309
11/05/2000,FAR,ND,AGL,CE,Towers with Radar,28,3,40,1,72,0,1,6,0,7,28,4,46,1,79,4,0,4,83
11/06/2000,FAR,ND,AGL,CE,Towers with Radar,23,21,42,7,93,0,1,0,0,1,23,22,42,7,94,0,0,0,94
11/07/2000,FAR,ND,AGL,CE,Towers with Radar,34,16,33,0,83,0,1,0,0,1,34,17,33,0,84,0,0,0,84
11/08/2000,FAR,ND,AGL,CE,Towers with Radar,23,36,36,7,102,0,0,8,2,10,23,36,44,9,112,68,0,68,180
11/09/2000,FAR,ND,AGL,CE,Towers with Radar,24,43,66,7,140,0,0,23,0,23,24,43,89,7,163,148,2,150,313
11/10/2000,FAR,ND,AGL,CE,Towers with Radar,28,35,37,0,100,0,2,15,0,17,28,37,52,0,117,116,0,116,233
11/11/2000,FAR,ND,AGL,CE,Towers with Radar,23,26,14,0,63,0,0,1,0,1,23,26,15,0,64,0,0,0,64
11/12/2000,FAR,ND,AGL,CE,Towers with Radar,17,15,0,0,32,0,0,1,0,1,17,15,1,0,33,0,0,0,33
11/13/2000,FAR,ND,AGL,CE,Towers with Radar,21,25,40,0,86,0,0,2,0,2,21,25,42,0,88,2,0,2,90
11/14/2000,FAR,ND,AGL,CE,Towers with Radar,30,25,61,2,118,0,0,104,0,104,30,25,165,2,222,136,0,136,358
11/15/2000,FAR,ND,AGL,CE,Towers with Radar,30,30,84,2,146,0,0,25,0,25,30,30,109,2,171,84,0,84,255
11/16/2000,FAR,ND,AGL,CE,Towers with Radar,29,30,63,2,124,0,3,13,0,16,29,33,76,2,140,112,0,112,252
11/17/2000,FAR,ND,AGL,CE,Towers with Radar,30,31,77,5,143,0,2,79,1,82,30,33,156,6,225,200,0,200,425
11/18/2000,FAR,ND,AGL,CE,Towers with Radar,23,22,12,2,59,0,0,22,0,22,23,22,34,2,81,76,0,76,157
11/19/2000,FAR,ND,AGL,CE,Towers with Radar,31,2,7,0,40,0,0,0,0,0,31,2,7,0,40,0,0,0,40
11/20/2000,FAR,ND,AGL,CE,Towers with Radar,31,16,78,13,138,0,0,82,0,82,31,16,160,13,220,108,8,116,336
11/21/2000,FAR,ND,AGL,CE,Towers with Radar,31,24,80,13,148,0,0,26,0,26,31,24,106,13,174,56,0,56,230
11/22/2000,FAR,ND,AGL,CE,Towers with Radar,25,28,87,39,179,0,3,83,7,93,25,31,170,46,272,70,46,116,388
11/23/2000,FAR,ND,AGL,CE,Towers with Radar,19,12,9,0,40,0,0,23,0,23,19,12,32,0,63,90,0,90,153
11/24/2000,FAR,ND,AGL,CE,Towers with Radar,14,33,18,0,65,0,2,76,1,79,14,35,94,1,144,106,0,106,250
11/25/2000,FAR,ND,AGL,CE,Towers with Radar,21,19,35,0,75,0,0,70,0,70,21,19,105,0,145,130,0,130,275
11/26/2000,FAR,ND,AGL,CE,Towers with Radar,29,3,22,0,54,0,0,44,0,44,29,3,66,0,98,50,0,50,148
11/27/2000,FAR,ND,AGL,CE,Towers with Radar,28,21,87,22,158,0,0,99,5,104,28,21,186,27,262,170,26,196,458
11/28/2000,FAR,ND,AGL,CE,Towers with Radar,26,16,46,6,94,2,0,24,7,33,28,16,70,13,127,120,0,120,247
11/29/2000,FAR,ND,AGL,CE,Towers with Radar,30,18,74,1,123,0,0,4,1,5,30,18,78,2,128,40,0,40,168
11/30/2000,FAR,ND,AGL,CE,Towers with Radar,27,31,70,0,128,0,0,4,0,4,27,31,74,0,132,34,0,34,166
12/01/2000,FAR,ND,AGL,CE,Towers with Radar,30,25,82,17,154,0,2,60,0,62,30,27,142,17,216,180,10,190,406
12/02/2000,FAR,ND,AGL,CE,Towers with Radar,27,19,36,9,91,0,1,55,2,58,27,20,91,11,149,82,8,90,239
12/03/2000,FAR,ND,AGL,CE,Towers with Radar,16,14,27,2,59,5,0,21,0,26,21,14,48,2,85,18,0,18,103
12/04/2000,FAR,ND,AGL,CE,Towers with Radar,26,17,43,1,87,0,1,7,0,8,26,18,50,1,95,16,0,16,111
12/05/2000,FAR,ND,AGL,CE,Towers with Radar,32,26,74,15,147,0,3,79,0,82,32,29,153,15,229,100,8,108,337
12/06/2000,FAR,ND,AGL,CE,Towers with Radar,33,20,60,11,124,0,0,34,3,37,33,20,94,14,161,44,0,44,205
12/07/2000,FAR,ND,AGL,CE,Towers with Radar,29,30,64,18,141,0,0,8,4,12,29,30,72,22,153,48,6,54,207
12/08/2000,FAR,ND,AGL,CE,Towers with Radar,21,29,67,17,134,0,0,50,3,53,21,29,117,20,187,102,0,102,289
12/09/2000,FAR,ND,AGL,CE,Towers with Radar,16,22,0,0,38,0,0,0,5,5,16,22,0,5,43,0,0,0,43
12/10/2000,FAR,ND,AGL,CE,Towers with Radar,16,10,26,0,52,5,0,27,0,32,21,10,53,0,84,18,0,18,102
12/11/2000,FAR,ND,AGL,CE,Towers with Radar,17,30,42,5,94,0,2,42,2,46,17,32,84,7,140,114,0,114,254
12/12/2000,FAR,ND,AGL,CE,Towers with Radar,31,19,60,12,122,0,0,51,1,52,31,19,111,13,174,108,6,114,288
12/13/2000,FAR,ND,AGL,CE,Towers with Radar,28,26,81,12,147,0,0,53,1,54,28,26,134,13,201,72,16,88,289
12/14/2000,FAR,ND,AGL,CE,Towers with Radar,24,34,43,21,122,0,2,26,8,36,24,36,69,29,158,36,22,58,216
12/15/2000,FAR,ND,AGL,CE,Towers with Radar,22,28,74,10,134,0,0,23,2,25,22,28,97,12,159,46,6,52,211
12/16/2000,FAR,ND,AGL,CE,Towers with Radar,14,7,1,0,22,0,0,0,0,0,14,7,1,0,22,0,0,0,22
12/17/2000,FAR,ND,AGL,CE,Towers with Radar,24,4,29,0,57,0,2,24,0,26,24,6,53,0,83,32,0,32,115
12/18/2000,FAR,ND,AGL,CE,Towers with Radar,25,28,62,2,117,0,0,0,0,0,25,28,62,2,117,0,0,0,117
12/19/2000,FAR,ND,AGL,CE,Towers with Radar,25,37,68,33,163,0,5,55,0,60,25,42,123,33,223,68,28,96,319
12/20/2000,FAR,ND,AGL,CE,Towers with Radar,24,19,46,2,91,0,0,1,0,1,24,19,47,2,92,4,0,4,96
12/21/2000,FAR,ND,AGL,CE,Towers with Radar,28,30,52,0,110,0,0,7,0,7,28,30,59,0,117,6,0,6,123
12/22/2000,FAR,ND,AGL,CE,Towers with Radar,21,25,38,0,84,0,0,48,0,48,21,25,86,0,132,108,0,108,240
12/23/2000,FAR,ND,AGL,CE,Towers with Radar,19,23,25,0,67,0,1,21,0,22,19,24,46,0,89,14,0,14,103
12/24/2000,FAR,ND,AGL,CE,Towers with Radar,15,8,12,0,35,0,0,0,0,0,15,8,12,0,35,0,0,0,35
12/25/2000,FAR,ND,AGL,CE,Towers with Radar,21,8,4,0,33,0,0,4,0,4,21,8,8,0,37,0,0,0,37
12/26/2000,FAR,ND,AGL,CE,Towers with Radar,26,25,36,0,87,0,0,59,0,59,26,25,95,0,146,32,0,32,178
12/27/2000,FAR,ND,AGL,CE,Towers with Radar,28,22,69,15,134,0,0,55,1,56,28,22,124,16,190,32,10,42,232
12/28/2000,FAR,ND,AGL,CE,Towers with Radar,20,40,30,0,90,0,0,0,0,0,20,40,30,0,90,0,0,0,90
12/29/2000,FAR,ND,AGL,CE,Towers with Radar,24,28,39,5,96,0,0,19,1,20,24,28,58,6,116,14,0,14,130
12/30/2000,FAR,ND,AGL,CE,Towers with Radar,18,27,4,0,49,0,0,0,0,0,18,27,4,0,49,46,0,46,95
12/31/2000,FAR,ND,AGL,CE,Towers with Radar,19,13,9,0,41,0,1,41,0,42,19,14,50,0,83,32,0,32,115
01/01/2001,FAR,ND,AGL,CE,Towers with Radar,14,12,13,0,39,1,0,24,0,25,15,12,37,0,64,22,0,22,86
01/02/2001,FAR,ND,AGL,CE,Towers with Radar,15,24,36,10,85,2,0,11,0,13,17,24,47,10,98,56,0,56,154
01/03/2001,FAR,ND,AGL,CE,Towers with Radar,21,23,41,0,85,2,0,22,0,24,23,23,63,0,109,16,0,16,125
01/04/2001,FAR,ND,AGL,CE,Towers with Radar,17,27,54,2,100,2,0,33,0,35,19,27,87,2,135,46,0,46,181
01/05/2001,FAR,ND,AGL,CE,Towers with Radar,19,35,46,7,107,2,0,84,2,88,21,35,130,9,195,139,10,149,344
01/06/2001,FAR,ND,AGL,CE,Towers with Radar,18,23,15,3,59,2,1,27,1,31,20,24,42,4,90,92,0,92,182
01/07/2001,FAR,ND,AGL,CE,Towers with Radar,24,8,19,1,52,2,0,7,0,9,26,8,26,1,61,60,0,60,121
01/08/2001,FAR,ND,AGL,CE,Towers with Radar,15,26,51,7,99,2,0,62,0,64,17,26,113,7,163,96,2,98,261
01/09/2001,FAR,ND,AGL,CE,Towers with Radar,22,30,53,8,113,2,0,52,1,55,24,30,105,9,168,36,2,38,206
01/10/2001,FAR,ND,AGL,CE,Towers with Radar,22,32,71,11,136,0,0,75,8,83,22,32,146,19,219,56,0,56,275
01/11/2001,FAR,ND,AGL,CE,Towers with Radar,61,23,65,13,162,2,0,9,6,17,63,23,74,19,179,70,10,80,259
01/12/2001,FAR,ND,AGL,CE,Towers with Radar,26,28,47,16,117,2,0,0,0,2,28,28,47,16,119,4,0,4,123
01/13/2001,FAR,ND,AGL,CE,Towers with Radar,16,16,9,4,45,2,0,0,0,2,18,16,9,4,47,0,0,0,47
01/14/2001,FAR,ND,AGL,CE,Towers with Radar,17,10,4,0,31,1,0,0,0,1,18,10,4,0,32,0,0,0,32
01/15/2001,FAR,ND,AGL,CE,Towers with Radar,16,24,31,1,72,1,0,2,2,5,17,24,33,3,77,0,0,0,77
01/16/2001,FAR,ND,AGL,CE,Towers with Radar,25,19,56,15,115,0,3,33,2,38,25,22,89,17,153,82,8,90,243
01/17/2001,FAR,ND,AGL,CE,Towers with Radar,20,32,75,19,146,0,2,39,1,42,20,34,114,20,188,26,42,68,256
01/18/2001,FAR,ND,AGL,CE,Towers with Radar,28,27,40,3,98,0,1,3,1,5,28,28,43,4,103,0,0,0,103
01/19/2001,FAR,ND,AGL,CE,Towers with Radar,28,22,51,13,114,0,6,76,0,82,28,28,127,13,196,120,14,134,330
01/20/2001,FAR,ND,AGL,CE,Towers with Radar,19,19,36,2,76,0,0,60,0,60,19,19,96,2,136,138,0,138,274
01/21/2001,FAR,ND,AGL,CE,Towers with Radar,14,12,26,0,52,2,0,22,0,24,16,12,48,0,76,52,0,52,128
01/22/2001,FAR,ND,AGL,CE,Towers with Radar,20,24,60,2,106,0,2,70,2,74,20,26,130,4,180,120,0,120,300
01/23/2001,FAR,ND,AGL,CE,Towers with Radar,29,21,58,9,117,0,0,92,10,102,29,21,150,19,219,72,12,84,303
01/24/2001,FAR,ND,AGL,CE,Towers with Radar,25,30,52,7,114,22,4,85,2,113,47,34,137,9,227,150,8,158,385
01/25/2001,FAR,ND,AGL,CE,Towers with Radar,19,34,43,12,108,0,2,57,6,65,19,36,100,18,173,66,30,96,269
01/26/2001,FAR,ND,AGL,CE,Towers with Radar,21,29,43,9,102,0,1,10,0,11,21,30,53,9,113,6,8,14,127
01/27/2001,FAR,ND,AGL,CE,Towers with Radar,19,19,22,1,61,0,1,49,0,50,19,20,71,1,111,72,0,72,183
01/28/2001,FAR,ND,AGL,CE,Towers with Radar,26,3,27,0,56,0,0,72,0,72,26,3,99,0,128,40,0,40,168
01/29/2001,FAR,ND,AGL,CE,Towers with Radar,7,18,29,0,54,0,0,0,0,0,7,18,29,0,54,6,0,6,60
01/30/2001,FAR,ND,AGL,CE,Towers with Radar,19,43,43,0,105,0,0,2,0,2,19,43,45,0,107,0,0,0,107
01/31/2001,FAR,ND,AGL,CE,Towers with Radar,26,28,65,10,129,0,0,21,6,27,26,28,86,16,156,68,8,76,232
02/01/2001,FAR,ND,AGL,CE,Towers with Radar,26,28,55,5,114,1,0,24,0,25,27,28,79,5,139,19,0,19,158
02/02/2001,FAR,ND,AGL,CE,Towers with Radar,23,22,45,9,99,7,0,6,0,13,30,22,51,9,112,4,0,4,116
02/03/2001,FAR,ND,AGL,CE,Towers with Radar,18,19,19,7,63,0,0,56,0,56,18,19,75,7,119,124,4,128,247
02/04/2001,FAR,ND,AGL,CE,Towers with Radar,14,15,20,2,51,0,0,4,0,4,14,15,24,2,55,0,0,0,55
02/05/2001,FAR,ND,AGL,CE,Towers with Radar,20,23,43,1,87,1,0,72,3,76,21,23,115,4,163,160,0,160,323
02/06/2001,FAR,ND,AGL,CE,Towers with Radar,22,30,55,12,119,0,3,76,9,88,22,33,131,21,207,140,20,160,367
02/07/2001,FAR,ND,AGL,CE,Towers with Radar,14,29,55,11,109,0,0,25,8,33,14,29,80,19,142,48,2,50,192
02/08/2001,FAR,ND,AGL,CE,Towers with Radar,21,34,32,7,94,0,1,0,0,1,21,35,32,7,95,0,0,0,95
02/09/2001,FAR,ND,AGL,CE,Towers with Radar,18,26,53,11,108,0,2,77,2,81,18,28,130,13,189,176,10,186,375
02/10/2001,FAR,ND,AGL,CE,Towers with Radar,25,9,45,0,79,0,1,57,0,58,25,10,102,0,137,100,2,102,239
02/11/2001,FAR,ND,AGL,CE,Towers with Radar,17,17,23,1,58,0,1,3,0,4,17,18,26,1,62,2,0,2,64
02/12/2001,FAR,ND,AGL,CE,Towers with Radar,20,29,62,13,124,0,10,44,0,54,20,39,106,13,178,86,16,102,280
02/13/2001,FAR,ND,AGL,CE,Towers with Radar,29,22,60,24,135,0,1,35,7,43,29,23,95,31,178,50,28,78,256
02/14/2001,FAR,ND,AGL,CE,Towers with Radar,23,23,51,6,103,0,2,70,0,72,23,25,121,6,175,82,4,86,261
02/15/2001,FAR,ND,AGL,CE,Towers with Radar,18,32,59,20,129,0,1,45,3,49,18,33,104,23,178,124,8,132,310
02/16/2001,FAR,ND,AGL,CE,Towers with Radar,33,21,47,0,101,0,1,86,2,89,33,22,133,2,190,114,0,114,304
02/17/2001,FAR,ND,AGL,CE,Towers with Radar,9,9,17,0,35,18,1,63,0,82,27,10,80,0,117,112,0,112,229
02/18/2001,FAR,ND,AGL,CE,Towers with Radar,16,16,17,0,49,0,1,35,0,36,16,17,52,0,85,88,0,88,173
02/19/2001,FAR,ND,AGL,CE,Towers with Radar,23,14,34,0,71,0,1,81,0,82,23,15,115,0,153,99,0,99,252
02/20/2001,FAR,ND,AGL,CE,Towers with Radar,27,0,27,10,64,3,0,0,98,101,30,0,27,108,165,6,74,80,245
02/21/2001,FAR,ND,AGL,CE,Towers with Radar,22,30,67,7,126,0,3,50,0,53,22,33,117,7,179,60,18,78,257
02/22/2001,FAR,ND,AGL,CE,Towers with Radar,24,29,51,10,114,0,4,61,1,66,24,33,112,11,180,32,0,32,212
02/23/2001,FAR,ND,AGL,CE,Towers with Radar,23,23,52,13,111,0,1,57,1,59,23,24,109,14,170,136,10,146,316
02/24/2001,FAR,ND,AGL,CE,Towers with Radar,10,33,4,3,50,0,0,3,0,3,10,33,7,3,53,0,0,0,53
02/25/2001,FAR,ND,AGL,CE,Towers with Radar,8,9,14,3,34,8,8,0,1,17,16,17,14,4,51,6,0,6,57
02/26/2001,FAR,ND,AGL,CE,Towers with Radar,19,23,47,8,97,0,0,53,4,57,19,23,100,12,154,206,14,220,374
02/27/2001,FAR,ND,AGL,CE,Towers with Radar,22,28,51,21,122,0,0,79,3,82,22,28,130,24,204,124,14,138,342
02/28/2001,FAR,ND,AGL,CE,Towers with Radar,28,20,62,11,121,0,0,80,15,95,28,20,142,26,216,128,2,130,346
03/01/2001,FAR,ND,AGL,CE,Towers with Radar,25,28,66,3,122,0,0,81,5,86,25,28,147,8,208,166,0,166,374
03/02/2001,FAR,ND,AGL,CE,Towers with Radar,26,30,52,9,117,6,6,101,1,114,32,36,153,10,231,180,10,190,421
03/03/2001,FAR,ND,AGL,CE,Towers with Radar,21,20,53,0,94,0,1,104,0,105,21,21,157,0,199,3,214,217,416
03/04/2001,FAR,ND,AGL,CE,Towers with Radar,12,20,21,2,55,0,0,51,0,51,12,20,72,2,106,112,0,112,218
03/05/2001,FAR,ND,AGL,CE,Towers with Radar,20,30,49,6,105,0,0,93,4,97,20,30,142,10,202,110,2,112,314
03/06/2001,FAR,ND,AGL,CE,Towers with Radar,25,31,52,13,121,0,0,67,6,73,25,31,119,19,194,70,16,86,280
03/07/2001,FAR,ND,AGL,CE,Towers with Radar,23,28,45,16,112,0,0,48,2,50,23,28,93,18,162,106,16,122,284
03/08/2001,FAR,ND,AGL,CE,Towers with Radar,25,41,69,6,141,0,0,45,2,47,25,41,114,8,188,92,0,92,280
03/09/2001,FAR,ND,AGL,CE,Towers with Radar,16,37,47,7,107,0,0,2,0,2,16,37,49,7,109,4,0,4,113
03/10/2001,FAR,ND,AGL,CE,Towers with Radar,18,19,14,10,61,0,0,42,7,49,18,19,56,17,110,76,16,92,202
03/11/2001,FAR,ND,AGL,CE,Towers with Radar,18,17,19,0,54,0,0,61,0,61,18,17,80,0,115,64,0,64,179
03/12/2001,FAR,ND,AGL,CE,Towers with Radar,29,26,48,7,110,0,0,17,0,17,29,26,65,7,127,78,0,78,205
03/13/2001,FAR,ND,AGL,CE,Towers with Radar,22,39,61,15,137,0,0,47,2,49,22,39,108,17,186,132,34,166,352
03/14/2001,FAR,ND,AGL,CE,Towers with Radar,21,38,66,9,134,0,0,48,9,57,21,38,114,18,191,60,10,70,261
03/15/2001,FAR,ND,AGL,CE,Towers with Radar,23,31,58,8,120,0,0,80,1,81,23,31,138,9,201,126,12,138,339
03/16/2001,FAR,ND,AGL,CE,Towers with Radar,22,28,61,0,111,0,0,91,0,91,22,28,152,0,202,100,0,100,302
03/17/2001,FAR,ND,AGL,CE,Towers with Radar,22,15,32,2,71,0,1,121,1,123,22,16,153,3,194,276,0,276,470
03/18/2001,FAR,ND,AGL,CE,Towers with Radar,22,10,25,4,61,0,0,13,2,15,22,10,38,6,76,52,0,52,128
03/19/2001,FAR,ND,AGL,CE,Towers with Radar,19,28,30,0,77,0,0,0,0,0,19,28,30,0,77,0,0,0,77
03/20/2001,FAR,ND,AGL,CE,Towers with Radar,24,27,70,5,126,0,0,75,0,75,24,27,145,5,201,192,24,216,417
03/21/2001,FAR,ND,AGL,CE,Towers with Radar,21,37,56,20,134,0,0,40,2,42,21,37,96,22,176,46,10,56,232
03/22/2001,FAR,ND,AGL,CE,Towers with Radar,29,26,68,8,131,0,0,70,10,80,29,26,138,18,211,104,32,136,347
03/23/2001,FAR,ND,AGL,CE,Towers with Radar,24,26,63,17,130,0,5,43,0,48,24,31,106,17,178,34,2,36,214
03/24/2001,FAR,ND,AGL,CE,Towers with Radar,21,21,35,6,83,0,1,57,1,59,21,22,92,7,142,64,0,64,206
03/25/2001,FAR,ND,AGL,CE,Towers with Radar,16,17,39,0,72,0,0,58,0,58,16,17,97,0,130,34,0,34,164
03/26/2001,FAR,ND,AGL,CE,Towers with Radar,23,28,67,10,128,0,0,104,0,104,23,28,171,10,232,154,6,160,392
03/27/2001,FAR,ND,AGL,CE,Towers with Radar,25,32,78,6,141,3,1,95,4,103,28,33,173,10,244,122,4,126,370
03/28/2001,FAR,ND,AGL,CE,Towers with Radar,22,39,50,2,113,0,1,8,0,9,22,40,58,2,122,72,0,72,194
03/29/2001,FAR,ND,AGL,CE,Towers with Radar,25,32,29,17,103,0,0,2,0,2,25,32,31,17,105,0,12,12,117
03/30/2001,FAR,ND,AGL,CE,Towers with Radar,23,30,66,7,126,0,0,9,0,9,23,30,75,7,135,30,0,30,165
03/31/2001,FAR,ND,AGL,CE,Towers with Radar,21,16,14,0,51,0,2,26,0,28,21,18,40,0,79,68,0,68,147
04/01/2001,FAR,ND,AGL,CE,Towers with Radar,19,16,22,0,57,1,0,53,4,58,20,16,75,4,115,108,0,108,223
04/02/2001,FAR,ND,AGL,CE,Towers with Radar,17,30,69,2,118,0,0,66,5,71,17,30,135,7,189,178,0,178,367
04/03/2001,FAR,ND,AGL,CE,Towers with Radar,24,39,49,7,119,0,7,64,5,76,24,46,113,12,195,192,2,194,389
04/04/2001,FAR,ND,AGL,CE,Towers with Radar,28,30,43,10,111,0,0,8,0,8,28,30,51,10,119,54,0,54,173
04/05/2001,FAR,ND,AGL,CE,Towers with Radar,24,46,62,24,156,0,0,15,2,17,24,46,77,26,173,66,16,82,255
04/06/2001,FAR,ND,AGL,CE,Towers with Radar,22,41,69,17,149,0,0,35,0,35,22,41,104,17,184,80,8,88,272
04/07/2001,FAR,ND,AGL,CE,Towers with Radar,21,23,8,1,53,0,0,1,0,1,21,23,9,1,54,0,0,0,54
04/08/2001,FAR,ND,AGL,CE,Towers with Radar,15,17,29,2,63,0,0,44,0,44,15,17,73,2,107,78,0,78,185
04/09/2001,FAR,ND,AGL,CE,Towers with Radar,17,28,23,22,90,0,0,14,5,19,17,28,37,27,109,52,8,60,169
04/10/2001,FAR,ND,AGL,CE,Towers with Radar,21,37,69,9,136,0,1,13,3,17,21,38,82,12,153,14,0,14,167
04/11/2001,FAR,ND,AGL,CE,Towers with Radar,23,33,51,12,119,0,0,17,4,21,23,33,68,16,140,22,16,38,178
04/12/2001,FAR,ND,AGL,CE,Towers with Radar,19,31,11,3,64,0,0,29,4,33,19,31,40,7,97,34,0,34,131
04/13/2001,FAR,ND,AGL,CE,Towers with Radar,21,33,29,0,83,0,0,48,9,57,21,33,77,9,140,14,0,14,154
04/14/2001,FAR,ND,AGL,CE,Towers with Radar,17,21,41,0,79,0,0,169,9,178,17,21,210,9,257,214,0,214,471
04/15/2001,FAR,ND,AGL,CE,Towers with Radar,9,12,8,4,33,8,6,0,1,15,17,18,8,5,48,0,0,0,48
04/16/2001,FAR,ND,AGL,CE,Towers with Radar,17,35,33,5,90,0,0,41,5,46,17,35,74,10,136,46,0,46,182
04/17/2001,FAR,ND,AGL,CE,Towers with Radar,21,34,59,6,120,0,0,166,12,178,21,34,225,18,298,284,4,288,586
04/18/2001,FAR,ND,AGL,CE,Towers with Radar,20,45,66,9,140,0,0,134,10,144,20,45,200,19,284,208,30,238,522
04/19/2001,FAR,ND,AGL,CE,Towers with Radar,19,25,35,8,87,1,12,113,3,129,20,37,148,11,216,238,2,240,456
04/20/2001,FAR,ND,AGL,CE,Towers with Radar,22,32,90,11,155,0,0,39,2,41,22,32,129,13,196,142,0,142,338
04/21/2001,FAR,ND,AGL,CE,Towers with Radar,19,18,10,10,57,0,0,9,0,9,19,18,19,10,66,0,0,0,66
04/22/2001,FAR,ND,AGL,CE,Towers with Radar,16,15,9,6,46,0,0,1,0,1,16,15,10,6,47,0,0,0,47
04/23/2001,FAR,ND,AGL,CE,Towers with Radar,18,25,47,26,116,0,0,50,2,52,18,25,97,28,168,88,18,106,274
04/24/2001,FAR,ND,AGL,CE,Towers with Radar,23,31,75,17,146,4,1,137,4,146,27,32,212,21,292,330,14,344,636
04/25/2001,FAR,ND,AGL,CE,Towers with Radar,29,27,52,29,137,0,2,114,0,116,29,29,166,29,253,154,10,164,417
04/26/2001,FAR,ND,AGL,CE,Towers with Radar,20,35,49,15,119,0,3,134,1,138,20,38,183,16,257,297,12,309,566
04/27/2001,FAR,ND,AGL,CE,Towers with Radar,22,34,56,17,129,0,1,105,2,108,22,35,161,19,237,144,24,168,405
04/28/2001,FAR,ND,AGL,CE,Towers with Radar,19,18,21,0,58,0,0,41,0,41,19,18,62,0,99,12,0,12,111
04/29/2001,FAR,ND,AGL,CE,Towers with Radar,16,21,11,1,49,0,0,19,0,19,16,21,30,1,68,10,0,10,78
04/30/2001,FAR,ND,AGL,CE,Towers with Radar,17,30,57,2,106,0,0,86,4,90,17,30,143,6,196,216,0,216,412
05/01/2001,FAR,ND,AGL,CE,Towers with Radar,37,37,22,2,98,1,1,0,0,2,38,38,22,2,100,12,0,12,112
05/02/2001,FAR,ND,AGL,CE,Towers with Radar,18,35,77,9,139,1,2,98,4,105,19,37,175,13,244,398,6,404,648
05/03/2001,FAR,ND,AGL,CE,Towers with Radar,22,39,60,12,133,1,60,110,0,171,23,99,170,12,304,292,10,302,606
05/04/2001,FAR,ND,AGL,CE,Towers with Radar,19,31,36,6,92,1,1,109,1,112,20,32,145,7,204,192,2,194,398
05/05/2001,FAR,ND,AGL,CE,Towers with Radar,20,17,24,5,66,1,0,32,2,35,21,17,56,7,101,46,0,46,147
05/06/2001,FAR,ND,AGL,CE,Towers with Radar,23,10,12,5,50,1,0,2,0,3,24,10,14,5,53,0,0,0,53
05/07/2001,FAR,ND,AGL,CE,Towers with Radar,19,31,23,6,79,1,0,18,2,21,20,31,41,8,100,45,0,45,145
05/08/2001,FAR,ND,AGL,CE,Towers with Radar,20,33,54,10,117,0,0,141,3,144,20,33,195,13,261,254,0,254,515
05/09/2001,FAR,ND,AGL,CE,Towers with Radar,23,30,48,9,110,3,0,101,1,105,26,30,149,10,215,258,0,258,473
05/10/2001,FAR,ND,AGL,CE,Towers with Radar,20,28,84,10,142,0,1,98,0,99,20,29,182,10,241,116,0,116,357
05/11/2001,FAR,ND,AGL,CE,Towers with Radar,22,30,60,8,120,0,3,98,2,103,22,33,158,10,223,154,8,162,385
05/12/2001,FAR,ND,AGL,CE,Towers with Radar,15,19,30,2,66,8,1,69,0,78,23,20,99,2,144,72,0,72,216
05/13/2001,FAR,ND,AGL,CE,Towers with Radar,18,11,16,0,45,0,1,42,0,43,18,12,58,0,88,18,0,18,106
05/14/2001,FAR,ND,AGL,CE,Towers with Radar,17,28,56,6,107,0,1,52,4,57,17,29,108,10,164,35,4,39,203
05/15/2001,FAR,ND,AGL,CE,Towers with Radar,21,35,54,10,120,0,5,64,4,73,21,40,118,14,193,88,0,88,281
05/16/2001,FAR,ND,AGL,CE,Towers with Radar,19,36,52,7,114,0,0,76,5,81,19,36,128,12,195,130,8,138,333
05/17/2001,FAR,ND,AGL,CE,Towers with Radar,20,35,38,8,101,0,0,67,2,69,20,35,105,10,170,48,4,52,222
05/18/2001,FAR,ND,AGL,CE,Towers with Radar,18,29,43,8,98,0,3,84,6,93,18,32,127,14,191,99,15,114,305
05/19/2001,FAR,ND,AGL,CE,Towers with Radar,20,19,19,1,59,0,0,63,9,72,20,19,82,10,131,140,0,140,271
05/20/2001,FAR,ND,AGL,CE,Towers with Radar,21,12,18,1,52,0,1,20,1,22,21,13,38,2,74,22,0,22,96
05/21/2001,FAR,ND,AGL,CE,Towers with Radar,18,28,46,9,101,0,0,28,10,38,18,28,74,19,139,32,0,32,171
05/22/2001,FAR,ND,AGL,CE,Towers with Radar,20,33,41,22,116,0,0,24,0,24,20,33,65,22,140,10,0,10,150
05/23/2001,FAR,ND,AGL,CE,Towers with Radar,28,28,47,15,118,0,0,8,0,8,28,28,55,15,126,2,0,2,128
05/24/2001,FAR,ND,AGL,CE,Towers with Radar,12,43,66,13,134,0,0,34,0,34,12,43,100,13,168,132,6,138,306
05/25/2001,FAR,ND,AGL,CE,Towers with Radar,20,34,76,10,140,0,0,80,3,83,20,34,156,13,223,164,2,166,389
05/26/2001,FAR,ND,AGL,CE,Towers with Radar,21,18,20,0,59,0,0,35,1,36,21,18,55,1,95,14,0,14,109
05/27/2001,FAR,ND,AGL,CE,Towers with Radar,8,11,12,0,31,9,2,0,0,11,17,13,12,0,42,0,0,0,42
05/28/2001,FAR,ND,AGL,CE,Towers with Radar,19,14,28,2,63,0,0,99,5,104,19,14,127,7,167,126,0,126,293
05/29/2001,FAR,ND,AGL,CE,Towers with Radar,17,32,48,5,102,0,0,75,2,77,17,32,123,7,179,202,0,202,381
05/30/2001,FAR,ND,AGL,CE,Towers with Radar,20,33,50,9,112,0,7,68,8,83,20,40,118,17,195,138,8,146,341
05/31/2001,FAR,ND,AGL,CE,Towers with Radar,20,34,27,15,96,0,2,52,0,54,20,36,79,15,150,88,12,100,250
06/01/2001,FAR,ND,AGL,CE,Towers with Radar,19,32,43,12,106,0,3,28,1,32,19,35,71,13,138,24,18,42,180
06/02/2001,FAR,ND,AGL,CE,Towers with Radar,19,22,31,2,74,0,0,92,1,93,19,22,123,3,167,16,0,16,183
06/03/2001,FAR,ND,AGL,CE,Towers with Radar,19,14,19,2,54,0,0,65,2,67,19,14,84,4,121,42,0,42,163
06/04/2001,FAR,ND,AGL,CE,Towers with Radar,17,31,38,10,96,0,0,76,2,78,17,31,114,12,174,152,16,168,342
06/05/2001,FAR,ND,AGL,CE,Towers with Radar,20,35,65,9,129,0,0,29,5,34,20,35,94,14,163,116,2,118,281
06/06/2001,FAR,ND,AGL,CE,Towers with Radar,22,32,48,9,111,0,0,17,3,20,22,32,65,12,131,78,8,86,217
06/07/2001,FAR,ND,AGL,CE,Towers with Radar,28,30,62,18,138,0,0,79,16,95,28,30,141,34,233,132,0,132,365
06/08/2001,FAR,ND,AGL,CE,Towers with Radar,23,29,60,14,126,0,0,104,5,109,23,29,164,19,235,138,8,146,381
06/09/2001,FAR,ND,AGL,CE,Towers with Radar,19,19,20,19,77,0,0,62,4,66,19,19,82,23,143,112,4,116,259
06/10/2001,FAR,ND,AGL,CE,Towers with Radar,19,13,16,0,48,0,0,52,2,54,19,13,68,2,102,68,2,70,172
06/11/2001,FAR,ND,AGL,CE,Towers with Radar,22,26,36,1,85,0,3,37,2,42,22,29,73,3,127,68,0,68,195
06/12/2001,FAR,ND,AGL,CE,Towers with Radar,22,39,50,11,122,0,0,80,13,93,22,39,130,24,215,190,18,208,423
06/13/2001,FAR,ND,AGL,CE,Towers with Radar,38,31,43,24,136,0,0,22,4,26,38,31,65,28,162,0,12,12,174
06/14/2001,FAR,ND,AGL,CE,Towers with Radar,14,41,70,2,127,0,0,2,1,3,14,41,72,3,130,40,0,40,170
06/15/2001,FAR,ND,AGL,CE,Towers with Radar,21,39,64,15,139,0,2,45,2,49,21,41,109,17,188,67,4,71,259
06/16/2001,FAR,ND,AGL,CE,Towers with Radar,14,20,26,2,62,3,1,67,0,71,17,21,93,2,133,128,10,138,271
06/17/2001,FAR,ND,AGL,CE,Towers with Radar,19,14,20,0,53,0,0,47,1,48,19,14,67,1,101,92,0,92,193
06/18/2001,FAR,ND,AGL,CE,Towers with Radar,15,29,35,4,83,0,0,13,1,14,15,29,48,5,97,55,0,55,152
06/19/2001,FAR,ND,AGL,CE,Towers with Radar,22,34,61,33,150,2,1,82,5,90,24,35,143,38,240,146,36,182,422
06/20/2001,FAR,ND,AGL,CE,Towers with Radar,20,29,39,11,99,1,8,74,122,205,21,37,113,133,304,80,6,86,390
06/21/2001,FAR,ND,AGL,CE,Towers with Radar,19,30,80,17,146,0,1,125,4,130,19,31,205,21,276,126,12,138,414
06/22/2001,FAR,ND,AGL,CE,Towers with Radar,14,35,62,24,135,0,0,114,2,116,14,35,176,26,251,96,28,124,375
06/23/2001,FAR,ND,AGL,CE,Towers with Radar,15,24,18,11,68,0,1,72,2,75,15,25,90,13,143,62,2,64,207
06/24/2001,FAR,ND,AGL,CE,Towers with Radar,11,16,22,6,55,8,0,22,4,34,19,16,44,10,89,20,0,20,109
06/25/2001,FAR,ND,AGL,CE,Towers with Radar,17,34,29,19,99,0,0,61,2,63,17,34,90,21,162,66,18,84,246
06/26/2001,FAR,ND,AGL,CE,Towers with Radar,20,34,60,16,130,0,0,95,1,96,20,34,155,17,226,130,12,142,368
06/27/2001,FAR,ND,AGL,CE,Towers with Radar,20,35,44,21,120,0,0,76,2,78,20,35,120,23,198,88,28,116,314
06/28/2001,FAR,ND,AGL,CE,Towers with Radar,20,36,33,23,112,0,0,46,2,48,20,36,79,25,160,54,8,62,222
06/29/2001,FAR,ND,AGL,CE,Towers with Radar,19,14,49,0,82,0,0,25,0,25,19,14,74,0,107,116,0,116,223
06/30/2001,FAR,ND,AGL,CE,Towers with Radar,20,16,24,0,60,0,0,51,0,51,20,16,75,0,111,24,0,24,135
07/01/2001,FAR,ND,AGL,CE,Towers with Radar,18,12,21,0,51,1,2,53,0,56,19,14,74,0,107,116,0,116,223
07/02/2001,FAR,ND,AGL,CE,Towers with Radar,21,35,51,10,117,0,1,70,0,71,21,36,121,10,188,152,17,169,357
07/03/2001,FAR,ND,AGL,CE,Towers with Radar,20,33,50,9,112,0,4,109,3,116,20,37,159,12,228,120,8,128,356
07/04/2001,FAR,ND,AGL,CE,Towers with Radar,15,19,9,2,45,1,3,47,0,51,16,22,56,2,96,24,0,24,120
07/05/2001,FAR,ND,AGL,CE,Towers with Radar,16,33,5,7,61,0,0,84,4,88,16,33,89,11,149,72,20,92,241
07/06/2001,FAR,ND,AGL,CE,Towers with Radar,21,31,44,5,101,1,1,60,0,62,22,32,104,5,163,26,4,30,193
07/07/2001,FAR,ND,AGL,CE,Towers with Radar,21,19,27,2,69,1,0,90,0,91,22,19,117,2,160,88,0,88,248
07/08/2001,FAR,ND,AGL,CE,Towers with Radar,19,16,16,2,53,0,1,54,0,55,19,17,70,2,108,112,0,112,220
07/09/2001,FAR,ND,AGL,CE,Towers with Radar,18,28,62,5,113,0,1,96,1,98,18,29,158,6,211,202,0,202,413
07/10/2001,FAR,ND,AGL,CE,Towers with Radar,24,33,92,19,168,0,4,131,2,137,24,37,223,21,305,164,4,168,473
07/11/2001,FAR,ND,AGL,CE,Towers with Radar,30,37,92,5,164,0,5,95,0,100,30,42,187,5,264,114,0,114,378
07/12/2001,FAR,ND,AGL,CE,Towers with Radar,22,36,66,4,128,0,0,110,3,113,22,36,176,7,241,180,4,184,425
07/13/2001,FAR,ND,AGL,CE,Towers with Radar,22,37,42,12,113,0,0,82,5,87,22,37,124,17,200,167,40,207,407
07/14/2001,FAR,ND,AGL,CE,Towers with Radar,16,17,28,5,66,4,0,49,31,84,20,17,77,36,150,46,0,46,196
07/15/2001,FAR,ND,AGL,CE,Towers with Radar,19,18,14,3,54,0,2,60,0,62,19,20,74,3,116,42,0,42,158
07/16/2001,FAR,ND,AGL,CE,Towers with Radar,17,31,36,6,90,0,0,26,0,26,17,31,62,6,116,125,0,125,241
07/17/2001,FAR,ND,AGL,CE,Towers with Radar,31,24,47,5,107,0,0,32,7,39,31,24,79,12,146,71,14,85,231
07/18/2001,FAR,ND,AGL,CE,Towers with Radar,28,32,51,8,119,6,0,75,3,84,34,32,126,11,203,172,0,172,375
07/19/2001,FAR,ND,AGL,CE,Towers with Radar,25,37,44,13,119,0,1,91,2,94,25,38,135,15,213,183,18,201,414
07/20/2001,FAR,ND,AGL,CE,Towers with Radar,24,33,40,5,102,0,1,74,3,78,24,34,114,8,180,170,10,180,360
07/21/2001,FAR,ND,AGL,CE,Towers with Radar,22,16,20,2,60,0,0,79,2,81,22,16,99,4,141,53,0,53,194
07/22/2001,FAR,ND,AGL,CE,Towers with Radar,21,17,13,0,51,0,0,30,0,30,21,17,43,0,81,88,0,88,169
07/23/2001,FAR,ND,AGL,CE,Towers with Radar,17,28,62,1,108,0,3,123,1,127,17,31,185,2,235,197,0,197,432
07/24/2001,FAR,ND,AGL,CE,Towers with Radar,30,31,66,11,138,0,0,104,0,104,30,31,170,11,242,205,13,218,460
07/25/2001,FAR,ND,AGL,CE,Towers with Radar,22,33,76,9,140,0,0,83,1,84,22,33,159,10,224,186,14,200,424
07/26/2001,FAR,ND,AGL,CE,Towers with Radar,22,35,47,10,114,0,0,53,3,56,22,35,100,13,170,102,4,106,276
07/27/2001,FAR,ND,AGL,CE,Towers with Radar,22,34,41,7,104,0,0,18,0,18,22,34,59,7,122,20,0,20,142
07/28/2001,FAR,ND,AGL,CE,Towers with Radar,23,21,18,4,66,0,0,40,4,44,23,21,58,8,110,74,0,74,184
07/29/2001,FAR,ND,AGL,CE,Towers with Radar,30,20,27,5,82,0,0,30,0,30,30,20,57,5,112,29,0,29,141
07/30/2001,FAR,ND,AGL,CE,Towers with Radar,17,30,45,7,99,0,0,26,4,30,17,30,71,11,129,33,0,33,162
07/31/2001,FAR,ND,AGL,CE,Towers with Radar,19,31,49,8,107,0,0,13,26,39,19,31,62,34,146,38,10,48,194
08/01/2001,FAR,ND,AGL,CE,Towers with Radar,29,32,61,10,132,4,0,101,0,105,33,32,162,10,237,213,2,215,452
08/02/2001,FAR,ND,AGL,CE,Towers with Radar,22,27,64,9,122,1,3,101,0,105,23,30,165,9,227,229,7,236,463
08/03/2001,FAR,ND,AGL,CE,Towers with Radar,24,29,62,3,118,1,0,95,2,98,25,29,157,5,216,125,0,125,341
08/04/2001,FAR,ND,AGL,CE,Towers with Radar,17,17,9,1,44,1,0,51,2,54,18,17,60,3,98,80,0,80,178
08/05/2001,FAR,ND,AGL,CE,Towers with Radar,18,14,19,5,56,1,0,58,3,62,19,14,77,8,118,17,0,17,135
08/06/2001,FAR,ND,AGL,CE,Towers with Radar,16,27,41,3,87,1,2,89,87,179,17,29,130,90,266,0,0,0,266
08/07/2001,FAR,ND,AGL,CE,Towers with Radar,23,35,60,12,130,0,1,69,16,86,23,36,129,28,216,112,18,130,346
08/08/2001,FAR,ND,AGL,CE,Towers with Radar,17,31,51,8,107,1,1,65,2,69,18,32,116,10,176,99,8,107,283
08/09/2001,FAR,ND,AGL,CE,Towers with Radar,23,34,45,6,108,1,0,69,5,75,24,34,114,11,183,96,0,96,279
08/10/2001,FAR,ND,AGL,CE,Towers with Radar,20,31,50,2,103,1,0,104,1,106,21,31,154,3,209,248,0,248,457
08/11/2001,FAR,ND,AGL,CE,Towers with Radar,20,16,18,4,58,1,0,60,4,65,21,16,78,8,123,70,0,70,193
08/12/2001,FAR,ND,AGL,CE,Towers with Radar,18,13,17,6,54,1,4,37,1,43,19,17,54,7,97,43,0,43,140
08/13/2001,FAR,ND,AGL,CE,Towers with Radar,17,28,41,12,98,1,1,66,3,71,18,29,107,15,169,151,32,183,352
08/14/2001,FAR,ND,AGL,CE,Towers with Radar,20,29,61,10,120,1,0,73,2,76,21,29,134,12,196,15,8,23,219
08/15/2001,FAR,ND,AGL,CE,Towers with Radar,28,24,89,6,147,1,0,44,0,45,29,24,133,6,192,99,12,111,303
08/16/2001,FAR,ND,AGL,CE,Towers with Radar,25,29,77,8,139,1,0,84,8,93,26,29,161,16,232,170,5,175,407
08/17/2001,FAR,ND,AGL,CE,Towers with Radar,25,29,46,14,114,1,0,68,2,71,26,29,114,16,185,95,28,123,308
08/18/2001,FAR,ND,AGL,CE,Towers with Radar,23,15,23,6,67,1,0,26,0,27,24,15,49,6,94,32,0,32,126
08/19/2001,FAR,ND,AGL,CE,Towers with Radar,18,12,10,6,46,1,0,57,2,60,19,12,67,8,106,72,10,82,188
08/20/2001,FAR,ND,AGL,CE,Towers with Radar,18,27,41,12,98,1,1,59,0,61,19,28,100,12,159,98,2,100,259
08/21/2001,FAR,ND,AGL,CE,Towers with Radar,22,28,48,9,107,5,3,79,0,87,27,31,127,9,194,147,24,171,365
08/22/2001,FAR,ND,AGL,CE,Towers with Radar,23,33,66,11,133,0,0,74,0,74,23,33,140,11,207,91,20,111,318
08/23/2001,FAR,ND,AGL,CE,Towers with Radar,25,30,55,9,119,0,2,84,2,88,25,32,139,11,207,77,10,87,294
08/24/2001,FAR,ND,AGL,CE,Towers with Radar,28,30,42,2,102,0,7,82,3,92,28,37,124,5,194,20,0,20,214
08/25/2001,FAR,ND,AGL,CE,Towers with Radar,20,24,31,8,83,0,2,43,8,53,20,26,74,16,136,107,0,107,243
08/26/2001,FAR,ND,AGL,CE,Towers with Radar,19,12,39,0,70,0,1,48,2,51,19,13,87,2,121,17,0,17,138
08/27/2001,FAR,ND,AGL,CE,Towers with Radar,17,26,38,5,86,0,1,79,0,80,17,27,117,5,166,106,0,106,272
08/28/2001,FAR,ND,AGL,CE,Towers with Radar,20,32,53,11,116,0,1,96,0,97,20,33,149,11,213,65,12,77,290
08/29/2001,FAR,ND,AGL,CE,Towers with Radar,26,33,56,17,132,0,1,78,4,83,26,34,134,21,215,53,14,67,282
08/30/2001,FAR,ND,AGL,CE,Towers with Radar,20,31,48,9,108,0,1,68,0,69,20,32,116,9,177,58,4,62,239
08/31/2001,FAR,ND,AGL,CE,Towers with Radar,22,27,24,9,82,0,0,127,2,129,22,27,151,11,211,78,8,86,297
09/01/2001,FAR,ND,AGL,CE,Towers with Radar,16,16,10,0,42,0,0,58,0,58,16,16,68,0,100,34,0,34,134
09/02/2001,FAR,ND,AGL,CE,Towers with Radar,12,14,20,0,46,0,2,44,0,46,12,16,64,0,92,4,0,4,96
09/03/2001,FAR,ND,AGL,CE,Towers with Radar,14,12,16,0,42,0,2,81,1,84,14,14,97,1,126,68,0,68,194
09/04/2001,FAR,ND,AGL,CE,Towers with Radar,17,26,34,6,83,0,2,77,2,81,17,28,111,8,164,72,6,78,242
09/05/2001,FAR,ND,AGL,CE,Towers with Radar,28,25,57,12,122,0,0,65,1,66,28,25,122,13,188,48,18,66,254
09/06/2001,FAR,ND,AGL,CE,Towers with Radar,19,30,42,22,113,0,0,40,0,40,19,30,82,22,153,21,24,45,198
09/07/2001,FAR,ND,AGL,CE,Towers with Radar,18,33,56,12,119,0,0,15,0,15,18,33,71,12,134,11,0,11,145
09/08/2001,FAR,ND,AGL,CE,Towers with Radar,18,18,30,0,66,0,0,54,3,57,18,18,84,3,123,84,0,84,207
09/09/2001,FAR,ND,AGL,CE,Towers with Radar,19,14,25,1,59,0,0,75,6,81,19,14,100,7,140,67,0,67,207
09/10/2001,FAR,ND,AGL,CE,Towers with Radar,17,30,23,9,79,0,0,116,0,116,17,30,139,9,195,137,4,141,336
09/11/2001,FAR,ND,AGL,CE,Towers with Radar,7,10,11,1,29,0,0,10,1,11,7,10,21,2,40,8,0,8,48
09/12/2001,FAR,ND,AGL,CE,Towers with Radar,0,0,0,0,0,0,2,0,0,2,0,2,0,0,2,0,0,0,2
09/13/2001,FAR,ND,AGL,CE,Towers with Radar,2,20,0,0,22,0,0,0,0,0,2,20,0,0,22,0,0,0,22
09/14/2001,FAR,ND,AGL,CE,Towers with Radar,8,50,3,1,62,0,1,0,0,1,8,51,3,1,63,0,0,0,63
09/15/2001,FAR,ND,AGL,CE,Towers with Radar,13,20,35,4,72,0,2,20,0,22,13,22,55,4,94,0,0,0,94
09/16/2001,FAR,ND,AGL,CE,Towers with Radar,15,28,16,13,72,0,0,0,0,0,15,28,16,13,72,0,0,0,72
09/17/2001,FAR,ND,AGL,CE,Towers with Radar,15,37,44,6,102,0,0,0,0,0,15,37,44,6,102,0,0,0,102
09/18/2001,FAR,ND,AGL,CE,Towers with Radar,19,53,65,6,143,0,0,0,0,0,19,53,65,6,143,0,4,4,147
09/19/2001,FAR,ND,AGL,CE,Towers with Radar,23,45,61,19,148,0,3,11,0,14,23,48,72,19,162,0,14,14,176
09/20/2001,FAR,ND,AGL,CE,Towers with Radar,22,43,54,6,125,0,1,6,0,7,22,44,60,6,132,6,0,6,138
09/21/2001,FAR,ND,AGL,CE,Towers with Radar,19,44,61,11,135,0,0,20,2,22,19,44,81,13,157,5,18,23,180
09/22/2001,FAR,ND,AGL,CE,Towers with Radar,17,28,43,5,93,0,1,13,0,14,17,29,56,5,107,47,0,47,154
09/23/2001,FAR,ND,AGL,CE,Towers with Radar,15,12,40,8,75,0,0,57,0,57,15,12,97,8,132,36,1,37,169
09/24/2001,FAR,ND,AGL,CE,Towers with Radar,16,44,67,15,142,0,1,78,2,81,16,45,145,17,223,110,6,116,339
09/25/2001,FAR,ND,AGL,CE,Towers with Radar,26,35,58,18,137,0,0,100,0,100,26,35,158,18,237,135,0,135,372
09/26/2001,FAR,ND,AGL,CE,Towers with Radar,19,39,64,18,140,0,0,91,4,95,19,39,155,22,235,160,21,181,416
09/27/2001,FAR,ND,AGL,CE,Towers with Radar,14,32,60,16,122,0,0,89,5,94,14,32,149,21,216,181,8,189,405
09/28/2001,FAR,ND,AGL,CE,Towers with Radar,16,37,67,12,132,0,0,98,1,99,16,37,165,13,231,110,4,114,345
09/29/2001,FAR,ND,AGL,CE,Towers with Radar,16,19,33,7,75,0,0,68,2,70,16,19,101,9,145,84,0,84,229
09/30/2001,FAR,ND,AGL,CE,Towers with Radar,14,15,0,11,40,0,7,132,1,140,14,22,132,12,180,66,0,66,246
10/01/2001,FAR,ND,AGL,CE,Towers with Radar,14,26,57,7,104,1,0,75,0,76,15,26,132,7,180,85,0,85,265
10/02/2001,FAR,ND,AGL,CE,Towers with Radar,17,33,38,1,89,0,0,40,3,43,17,33,78,4,132,68,0,68,200
10/03/2001,FAR,ND,AGL,CE,Towers with Radar,17,37,13,9,76,0,0,72,6,78,17,37,85,15,154,122,10,132,286
10/04/2001,FAR,ND,AGL,CE,Towers with Radar,16,33,30,14,93,0,0,54,3,57,16,33,84,17,150,43,20,63,213
10/05/2001,FAR,ND,AGL,CE,Towers with Radar,16,31,36,9,92,0,1,74,2,77,16,32,110,11,169,147,6,153,322
10/06/2001,FAR,ND,AGL,CE,Towers with Radar,14,18,26,0,58,0,1,146,3,150,14,19,172,3,208,199,0,199,407
10/07/2001,FAR,ND,AGL,CE,Towers with Radar,13,16,19,3,51,0,0,99,1,100,13,16,118,4,151,125,0,125,276
10/08/2001,FAR,ND,AGL,CE,Towers with Radar,16,29,40,0,85,0,0,66,0,66,16,29,106,0,151,108,0,108,259
10/09/2001,FAR,ND,AGL,CE,Towers with Radar,27,24,58,15,124,0,0,33,4,37,27,24,91,19,161,138,20,158,319
10/10/2001,FAR,ND,AGL,CE,Towers with Radar,25,26,44,19,114,0,0,47,3,50,25,26,91,22,164,55,0,55,219
10/11/2001,FAR,ND,AGL,CE,Towers with Radar,16,37,33,20,106,0,0,73,7,80,16,37,106,27,186,147,2,149,335
10/12/2001,FAR,ND,AGL,CE,Towers with Radar,17,25,43,6,91,0,0,57,1,58,17,25,100,7,149,121,2,123,272
10/13/2001,FAR,ND,AGL,CE,Towers with Radar,16,18,22,0,56,0,0,100,1,101,16,18,122,1,157,114,0,114,271
10/14/2001,FAR,ND,AGL,CE,Towers with Radar,11,19,12,0,42,0,0,18,0,18,11,19,30,0,60,45,0,45,105
10/15/2001,FAR,ND,AGL,CE,Towers with Radar,15,31,42,10,98,0,0,17,1,18,15,31,59,11,116,17,0,17,133
10/16/2001,FAR,ND,AGL,CE,Towers with Radar,15,33,42,13,103,0,0,72,1,73,15,33,114,14,176,197,0,197,373
10/17/2001,FAR,ND,AGL,CE,Towers with Radar,16,36,44,12,108,0,1,65,0,66,16,37,109,12,174,49,0,49,223
10/18/2001,FAR,ND,AGL,CE,Towers with Radar,16,43,44,9,112,0,0,90,0,90,16,43,134,9,202,148,0,148,350
10/19/2001,FAR,ND,AGL,CE,Towers with Radar,12,38,53,11,114,0,1,84,0,85,12,39,137,11,199,140,0,140,339
10/20/2001,FAR,ND,AGL,CE,Towers with Radar,12,27,17,0,56,0,0,88,1,89,12,27,105,1,145,174,0,174,319
10/21/2001,FAR,ND,AGL,CE,Towers with Radar,13,18,26,0,57,0,0,72,0,72,13,18,98,0,129,102,0,102,231
10/22/2001,FAR,ND,AGL,CE,Towers with Radar,15,32,51,9,107,0,0,38,0,38,15,32,89,9,145,29,0,29,174
10/23/2001,FAR,ND,AGL,CE,Towers with Radar,25,28,41,18,112,0,0,46,1,47,25,28,87,19,159,155,6,161,320
10/24/2001,FAR,ND,AGL,CE,Towers with Radar,16,29,38,1,84,4,6,3,0,13,20,35,41,1,97,0,0,0,97
10/25/2001,FAR,ND,AGL,CE,Towers with Radar,14,31,28,0,73,0,0,6,0,6,14,31,34,0,79,1,0,1,80
10/26/2001,FAR,ND,AGL,CE,Towers with Radar,20,33,51,12,116,0,0,64,3,67,20,33,115,15,183,96,14,110,293
10/27/2001,FAR,ND,AGL,CE,Towers with Radar,18,19,38,2,77,0,2,57,0,59,18,21,95,2,136,24,0,24,160
10/28/2001,FAR,ND,AGL,CE,Towers with Radar,13,15,30,3,61,0,0,62,0,62,13,15,92,3,123,91,0,91,214
10/29/2001,FAR,ND,AGL,CE,Towers with Radar,15,36,63,18,132,0,0,81,1,82,15,36,144,19,214,128,4,132,346
10/30/2001,FAR,ND,AGL,CE,Towers with Radar,14,39,58,7,118,0,0,38,2,40,14,39,96,9,158,65,0,65,223
10/31/2001,FAR,ND,AGL,CE,Towers with Radar,16,39,47,18,120,0,1,22,2,25,16,40,69,20,145,124,10,134,279
11/01/2001,FAR,ND,AGL,CE,Towers with Radar,15,36,45,7,103,1,0,25,0,26,16,36,70,7,129,9,0,9,138
11/02/2001,FAR,ND,AGL,CE,Towers with Radar,16,34,52,9,111,1,0,89,1,91,17,34,141,10,202,158,0,158,360
11/03/2001,FAR,ND,AGL,CE,Towers with Radar,12,22,40,5,79,1,0,85,1,87,13,22,125,6,166,131,0,131,297
11/04/2001,FAR,ND,AGL,CE,Towers with Radar,13,14,45,1,73,0,0,65,0,65,13,14,110,1,138,143,0,143,281
11/05/2001,FAR,ND,AGL,CE,Towers with Radar,14,29,55,9,107,1,0,69,1,71,15,29,124,10,178,197,0,197,375
11/06/2001,FAR,ND,AGL,CE,Towers with Radar,14,34,59,9,116,1,0,79,0,80,15,34,138,9,196,110,0,110,306
11/07/2001,FAR,ND,AGL,CE,Towers with Radar,17,39,65,11,132,0,0,31,1,32,17,39,96,12,164,7,0,7,171
11/08/2001,FAR,ND,AGL,CE,Towers with Radar,13,38,67,11,129,1,0,58,0,59,14,38,125,11,188,106,4,110,298
11/09/2001,FAR,ND,AGL,CE,Towers with Radar,16,32,61,3,112,0,1,76,2,79,16,33,137,5,191,156,0,156,347
11/10/2001,FAR,ND,AGL,CE,Towers with Radar,15,24,46,2,87,0,4,133,0,137,15,28,179,2,224,150,0,150,374
11/11/2001,FAR,ND,AGL,CE,Towers with Radar,14,16,31,2,63,0,1,85,0,86,14,17,116,2,149,98,0,98,247
11/12/2001,FAR,ND,AGL,CE,Towers with Radar,19,25,60,0,104,0,4,69,0,73,19,29,129,0,177,136,0,136,313
11/13/2001,FAR,ND,AGL,CE,Towers with Radar,16,35,64,12,127,0,2,73,2,77,16,37,137,14,204,139,7,146,350
11/14/2001,FAR,ND,AGL,CE,Towers with Radar,24,38,73,7,142,0,1,5,0,6,24,39,78,7,148,0,0,0,148
11/15/2001,FAR,ND,AGL,CE,Towers with Radar,16,40,39,13,108,0,1,77,2,80,16,41,116,15,188,175,11,186,374
11/16/2001,FAR,ND,AGL,CE,Towers with Radar,16,43,53,25,137,0,1,109,0,110,16,44,162,25,247,168,11,179,426
11/17/2001,FAR,ND,AGL,CE,Towers with Radar,15,22,49,10,96,0,1,101,12,114,15,23,150,22,210,103,0,103,313
11/18/2001,FAR,ND,AGL,CE,Towers with Radar,15,16,16,2,49,0,1,21,0,22,15,17,37,2,71,14,0,14,85
11/19/2001,FAR,ND,AGL,CE,Towers with Radar,16,37,58,14,125,0,1,99,0,100,16,38,157,14,225,195,10,205,430
11/20/2001,FAR,ND,AGL,CE,Towers with Radar,15,37,55,13,120,0,1,79,2,82,15,38,134,15,202,104,4,108,310
11/21/2001,FAR,ND,AGL,CE,Towers with Radar,18,28,54,9,109,0,0,80,3,83,18,28,134,12,192,153,6,159,351
11/22/2001,FAR,ND,AGL,CE,Towers with Radar,11,20,10,0,41,0,0,19,0,19,11,20,29,0,60,0,0,0,60
11/23/2001,FAR,ND,AGL,CE,Towers with Radar,13,28,18,0,59,0,0,37,0,37,13,28,55,0,96,114,0,114,210
11/24/2001,FAR,ND,AGL,CE,Towers with Radar,15,19,12,0,46,0,0,1,0,1,15,19,13,0,47,1,0,1,48
11/25/2001,FAR,ND,AGL,CE,Towers with Radar,14,13,24,2,53,0,0,7,0,7,14,13,31,2,60,35,0,35,95
11/26/2001,FAR,ND,AGL,CE,Towers with Radar,13,46,29,2,90,0,0,2,0,2,13,46,31,2,92,3,0,3,95
11/27/2001,FAR,ND,AGL,CE,Towers with Radar,18,28,32,4,82,0,0,2,0,2,18,28,34,4,84,0,0,0,84
11/28/2001,FAR,ND,AGL,CE,Towers with Radar,27,26,66,7,126,0,0,3,1,4,27,26,69,8,130,0,8,8,138
11/29/2001,FAR,ND,AGL,CE,Towers with Radar,18,39,63,7,127,0,0,3,0,3,18,39,66,7,130,2,0,2,132
11/30/2001,FAR,ND,AGL,CE,Towers with Radar,18,34,25,6,83,0,0,0,0,0,18,34,25,6,83,0,0,0,83
12/01/2001,FAR,ND,AGL,CE,Towers with Radar,15,17,31,0,63,1,1,30,2,34,16,18,61,2,97,71,0,71,168
12/02/2001,FAR,ND,AGL,CE,Towers with Radar,14,14,41,3,72,0,0,57,1,58,14,14,98,4,130,36,0,36,166
12/03/2001,FAR,ND,AGL,CE,Towers with Radar,17,27,74,7,125,0,0,49,5,54,17,27,123,12,179,81,17,98,277
12/04/2001,FAR,ND,AGL,CE,Towers with Radar,18,45,57,17,137,0,0,70,4,74,18,45,127,21,211,173,26,199,410
12/05/2001,FAR,ND,AGL,CE,Towers with Radar,16,42,27,0,85,0,0,5,1,6,16,42,32,1,91,0,0,0,91
12/06/2001,FAR,ND,AGL,CE,Towers with Radar,18,28,70,9,125,0,0,23,0,23,18,28,93,9,148,84,4,88,236
12/07/2001,FAR,ND,AGL,CE,Towers with Radar,20,28,79,11,138,0,0,45,4,49,20,28,124,15,187,78,16,94,281
12/08/2001,FAR,ND,AGL,CE,Towers with Radar,15,18,33,3,69,0,0,73,4,77,15,18,106,7,146,121,0,121,267
12/09/2001,FAR,ND,AGL,CE,Towers with Radar,14,15,19,6,54,0,10,60,0,70,14,25,79,6,124,169,0,169,293
12/10/2001,FAR,ND,AGL,CE,Towers with Radar,12,29,69,13,123,0,0,84,1,85,12,29,153,14,208,178,10,188,396
12/11/2001,FAR,ND,AGL,CE,Towers with Radar,16,32,41,8,97,0,0,28,0,28,16,32,69,8,125,60,10,70,195
12/12/2001,FAR,ND,AGL,CE,Towers with Radar,17,27,36,7,87,0,3,10,6,19,17,30,46,13,106,38,0,38,144
12/13/2001,FAR,ND,AGL,CE,Towers with Radar,16,38,47,13,114,0,0,13,0,13,16,38,60,13,127,70,0,70,197
12/14/2001,FAR,ND,AGL,CE,Towers with Radar,18,28,35,15,96,0,0,3,0,3,18,28,38,15,99,0,0,0,99
12/15/2001,FAR,ND,AGL,CE,Towers with Radar,12,19,23,0,54,3,3,0,0,6,15,22,23,0,60,39,0,39,99
12/16/2001,FAR,ND,AGL,CE,Towers with Radar,19,16,9,2,46,0,0,10,0,10,19,16,19,2,56,2,0,2,58
12/17/2001,FAR,ND,AGL,CE,Towers with Radar,16,29,79,18,142,0,0,97,3,100,16,29,176,21,242,89,14,103,345
12/18/2001,FAR,ND,AGL,CE,Towers with Radar,15,41,49,21,126,0,0,44,2,46,15,41,93,23,172,66,2,68,240
12/19/2001,FAR,ND,AGL,CE,Towers with Radar,16,36,57,13,122,0,3,117,2,122,16,39,174,15,244,123,10,133,377
12/20/2001,FAR,ND,AGL,CE,Towers with Radar,19,27,52,17,115,0,0,83,3,86,19,27,135,20,201,105,2,107,308
12/21/2001,FAR,ND,AGL,CE,Towers with Radar,29,20,24,1,74,0,0,41,2,43,29,20,65,3,117,30,0,30,147
12/22/2001,FAR,ND,AGL,CE,Towers with Radar,11,18,13,0,42,1,5,0,0,6,12,23,13,0,48,0,0,0,48
12/23/2001,FAR,ND,AGL,CE,Towers with Radar,17,19,6,0,42,0,0,10,0,10,17,19,16,0,52,14,0,14,66
12/24/2001,FAR,ND,AGL,CE,Towers with Radar,15,24,3,0,42,0,0,19,0,19,15,24,22,0,61,38,0,38,99
12/25/2001,FAR,ND,AGL,CE,Towers with Radar,14,20,7,0,41,0,0,1,0,1,14,20,8,0,42,3,0,3,45
12/26/2001,FAR,ND,AGL,CE,Towers with Radar,15,33,31,6,85,0,0,15,0,15,15,33,46,6,100,40,2,42,142
12/27/2001,FAR,ND,AGL,CE,Towers with Radar,17,30,28,3,78,0,0,6,0,6,17,30,34,3,84,24,0,24,108
12/28/2001,FAR,ND,AGL,CE,Towers with Radar,16,26,24,4,70,0,1,3,0,4,16,27,27,4,74,0,0,0,74
12/29/2001,FAR,ND,AGL,CE,Towers with Radar,14,15,20,0,49,0,0,13,0,13,14,15,33,0,62,39,0,39,101
12/30/2001,FAR,ND,AGL,CE,Towers with Radar,15,17,4,0,36,0,2,4,0,6,15,19,8,0,42,5,0,5,47
12/31/2001,FAR,ND,AGL,CE,Towers with Radar,16,26,10,4,56,0,0,30,1,31,16,26,40,5,87,73,6,79,166
01/01/2002,FAR,ND,AGL,CE,Towers with Radar,23,7,23,0,53,1,1,22,0,24,24,8,45,0,77,39,0,39,116
01/02/2002,FAR,ND,AGL,CE,Towers with Radar,16,34,31,9,90,0,0,30,1,31,16,34,61,10,121,138,22,160,281
01/03/2002,FAR,ND,AGL,CE,Towers with Radar,16,29,22,9,76,0,0,55,2,57,16,29,77,11,133,18,4,22,155
01/04/2002,FAR,ND,AGL,CE,Towers with Radar,16,26,48,7,97,0,0,49,8,57,16,26,97,15,154,65,0,65,219
01/05/2002,FAR,ND,AGL,CE,Towers with Radar,15,15,11,1,42,0,0,44,9,53,15,15,55,10,95,93,0,93,188
01/06/2002,FAR,ND,AGL,CE,Towers with Radar,16,15,21,0,52,0,0,51,2,53,16,15,72,2,105,46,0,46,151
01/07/2002,FAR,ND,AGL,CE,Towers with Radar,15,30,41,6,92,0,0,45,1,46,15,30,86,7,138,37,10,47,185
01/08/2002,FAR,ND,AGL,CE,Towers with Radar,18,39,38,0,95,0,1,46,0,47,18,40,84,0,142,91,0,91,233
01/09/2002,FAR,ND,AGL,CE,Towers with Radar,15,28,28,15,86,0,0,29,3,32,15,28,57,18,118,93,2,95,213
01/10/2002,FAR,ND,AGL,CE,Towers with Radar,16,32,50,16,114,0,0,28,3,31,16,32,78,19,145,183,0,183,328
01/11/2002,FAR,ND,AGL,CE,Towers with Radar,20,31,34,9,94,0,3,88,6,97,20,34,122,15,191,122,0,122,313
01/12/2002,FAR,ND,AGL,CE,Towers with Radar,13,19,29,0,61,0,0,86,0,86,13,19,115,0,147,169,0,169,316
01/13/2002,FAR,ND,AGL,CE,Towers with Radar,19,18,20,3,60,0,1,30,1,32,19,19,50,4,92,73,0,73,165
01/14/2002,FAR,ND,AGL,CE,Towers with Radar,16,31,34,7,88,0,0,12,0,12,16,31,46,7,100,153,0,153,253
01/15/2002,FAR,ND,AGL,CE,Towers with Radar,14,31,34,11,90,0,0,18,1,19,14,31,52,12,109,136,0,136,245
01/16/2002,FAR,ND,AGL,CE,Towers with Radar,15,34,45,14,108,0,0,25,4,29,15,34,70,18,137,105,0,105,242
01/17/2002,FAR,ND,AGL,CE,Towers with Radar,16,38,42,11,107,0,0,17,0,17,16,38,59,11,124,197,0,197,321
01/18/2002,FAR,ND,AGL,CE,Towers with Radar,15,30,39,8,92,0,0,34,0,34,15,30,73,8,126,113,0,113,239
01/19/2002,FAR,ND,AGL,CE,Towers with Radar,14,27,9,0,50,0,3,27,2,32,14,30,36,2,82,101,0,101,183
01/20/2002,FAR,ND,AGL,CE,Towers with Radar,14,18,20,0,52,0,0,15,0,15,14,18,35,0,67,0,0,0,67
01/21/2002,FAR,ND,AGL,CE,Towers with Radar,17,36,39,0,92,0,0,32,0,32,17,36,71,0,124,69,0,69,193
01/22/2002,FAR,ND,AGL,CE,Towers with Radar,18,34,37,13,102,0,0,1,0,1,18,34,38,13,103,12,0,12,115
01/23/2002,FAR,ND,AGL,CE,Towers with Radar,16,36,46,19,117,0,0,28,0,28,16,36,74,19,145,195,6,201,346
01/24/2002,FAR,ND,AGL,CE,Towers with Radar,16,32,39,14,101,0,0,93,0,93,16,32,132,14,194,116,4,120,314
01/25/2002,FAR,ND,AGL,CE,Towers with Radar,19,32,47,9,107,0,2,69,0,71,19,34,116,9,178,60,6,66,244
01/26/2002,FAR,ND,AGL,CE,Towers with Radar,14,20,25,0,59,0,0,7,0,7,14,20,32,0,66,154,0,154,220
01/27/2002,FAR,ND,AGL,CE,Towers with Radar,10,15,17,2,44,7,0,0,0,7,17,15,17,2,51,0,0,0,51
01/28/2002,FAR,ND,AGL,CE,Towers with Radar,12,20,24,2,58,0,15,23,0,38,12,35,47,2,96,6,0,6,102
01/29/2002,FAR,ND,AGL,CE,Towers with Radar,17,31,32,28,108,0,0,3,0,3,17,31,35,28,111,0,0,0,111
01/30/2002,FAR,ND,AGL,CE,Towers with Radar,16,38,50,10,114,0,3,96,6,105,16,41,146,16,219,174,8,182,401
01/31/2002,FAR,ND,AGL,CE,Towers with Radar,20,34,68,15,137,0,0,117,1,118,20,34,185,16,255,116,6,122,377
02/01/2002,FAR,ND,AGL,CE,Towers with Radar,19,28,50,2,99,0,0,60,1,61,19,28,110,3,160,112,0,112,272
02/02/2002,FAR,ND,AGL,CE,Towers with Radar,14,17,16,0,47,0,0,65,2,67,14,17,81,2,114,133,0,133,247
02/03/2002,FAR,ND,AGL,CE,Towers with Radar,17,16,17,0,50,0,0,16,0,16,17,16,33,0,66,63,0,63,129
02/04/2002,FAR,ND,AGL,CE,Towers with Radar,12,28,66,13,119,0,0,85,2,87,12,28,151,15,206,77,19,96,302
02/05/2002,FAR,ND,AGL,CE,Towers with Radar,16,28,48,8,100,0,0,77,0,77,16,28,125,8,177,125,0,125,302
02/06/2002,FAR,ND,AGL,CE,Towers with Radar,41,34,44,12,131,0,0,79,2,81,41,34,123,14,212,127,6,133,345
02/07/2002,FAR,ND,AGL,CE,Towers with Radar,18,31,65,17,131,0,0,98,0,98,18,31,163,17,229,137,10,147,376
02/08/2002,FAR,ND,AGL,CE,Towers with Radar,0,0,0,0,0,30,21,78,7,136,30,21,78,7,136,58,5,63,199
02/09/2002,FAR,ND,AGL,CE,Towers with Radar,0,0,0,0,0,14,23,20,0,57,14,23,20,0,57,0,0,0,57
02/10/2002,FAR,ND,AGL,CE,Towers with Radar,0,0,0,0,0,17,19,72,2,110,17,19,72,2,110,189,0,189,299
02/11/2002,FAR,ND,AGL,CE,Towers with Radar,18,31,17,6,72,0,0,6,0,6,18,31,23,6,78,1,13,14,92
02/12/2002,FAR,ND,AGL,CE,Towers with Radar,16,35,56,11,118,0,0,29,1,30,16,35,85,12,148,164,12,176,324
02/13/2002,FAR,ND,AGL,CE,Towers with Radar,18,32,45,10,105,0,2,98,2,102,18,34,143,12,207,250,25,275,482
02/14/2002,FAR,ND,AGL,CE,Towers with Radar,18,32,44,8,102,0,0,52,2,54,18,32,96,10,156,113,10,123,279
02/15/2002,FAR,ND,AGL,CE,Towers with Radar,16,32,56,15,119,0,0,61,0,61,16,32,117,15,180,116,4,120,300
02/16/2002,FAR,ND,AGL,CE,Towers with Radar,14,22,31,4,71,0,1,98,0,99,14,23,129,4,170,103,0,103,273
02/17/2002,FAR,ND,AGL,CE,Towers with Radar,9,14,20,1,44,6,0,42,0,48,15,14,62,1,92,24,0,24,116
02/18/2002,FAR,ND,AGL,CE,Towers with Radar,14,32,59,0,105,0,0,92,0,92,14,32,151,0,197,107,0,107,304
02/19/2002,FAR,ND,AGL,CE,Towers with Radar,19,30,46,10,105,1,1,39,1,42,20,31,85,11,147,84,12,96,243
02/20/2002,FAR,ND,AGL,CE,Towers with Radar,16,35,57,22,130,0,0,39,0,39,16,35,96,22,169,67,10,77,246
02/21/2002,FAR,ND,AGL,CE,Towers with Radar,16,32,40,13,101,0,1,80,2,83,16,33,120,15,184,169,16,185,369
02/22/2002,FAR,ND,AGL,CE,Towers with Radar,17,30,50,8,105,0,0,41,2,43,17,30,91,10,148,60,4,64,212
02/23/2002,FAR,ND,AGL,CE,Towers with Radar,18,19,45,0,82,0,0,36,2,38,18,19,81,2,120,110,0,110,230
02/24/2002,FAR,ND,AGL,CE,Towers with Radar,9,13,19,4,45,6,5,0,1,12,15,18,19,5,57,0,0,0,57
02/25/2002,FAR,ND,AGL,CE,Towers with Radar,15,28,43,15,101,2,3,14,2,21,17,31,57,17,122,2,0,2,124
02/26/2002,FAR,ND,AGL,CE,Towers with Radar,16,33,50,14,113,0,0,20,0,20,16,33,70,14,133,76,19,95,228
02/27/2002,FAR,ND,AGL,CE,Towers with Radar,16,33,53,14,116,0,0,36,1,37,16,33,89,15,153,64,0,64,217
02/28/2002,FAR,ND,AGL,CE,Towers with Radar,27,28,54,11,120,0,0,39,0,39,27,28,93,11,159,84,6,90,249
03/01/2002,FAR,ND,AGL,CE,Towers with Radar,16,32,5,5,58,16,99,0,106,221,32,131,5,111,279,0,0,0,279
03/02/2002,FAR,ND,AGL,CE,Towers with Radar,13,14,39,2,68,1,1,49,1,52,14,15,88,3,120,79,0,79,199
03/03/2002,FAR,ND,AGL,CE,Towers with Radar,17,11,19,2,49,0,1,60,0,61,17,12,79,2,110,52,0,52,162
03/04/2002,FAR,ND,AGL,CE,Towers with Radar,14,30,47,3,94,0,3,15,0,18,14,33,62,3,112,22,0,22,134
03/05/2002,FAR,ND,AGL,CE,Towers with Radar,24,29,37,10,100,1,0,23,0,24,25,29,60,10,124,72,6,78,202
03/06/2002,FAR,ND,AGL,CE,Towers with Radar,23,28,54,16,121,1,0,60,2,63,24,28,114,18,184,99,13,112,296
03/07/2002,FAR,ND,AGL,CE,Towers with Radar,14,33,26,5,78,1,0,0,0,1,15,33,26,5,79,0,0,0,79
03/08/2002,FAR,ND,AGL,CE,Towers with Radar,16,33,49,8,106,0,1,4,0,5,16,34,53,8,111,22,16,38,149
03/09/2002,FAR,ND,AGL,CE,Towers with Radar,13,22,12,0,47,0,1,1,0,2,13,23,13,0,49,0,0,0,49
03/10/2002,FAR,ND,AGL,CE,Towers with Radar,13,14,16,0,43,0,2,38,2,42,13,16,54,2,85,69,0,69,154
03/11/2002,FAR,ND,AGL,CE,Towers with Radar,18,29,62,8,117,0,1,73,2,76,18,30,135,10,193,80,5,85,278
03/12/2002,FAR,ND,AGL,CE,Towers with Radar,24,23,55,16,118,0,2,53,0,55,24,25,108,16,173,87,8,95,268
03/13/2002,FAR,ND,AGL,CE,Towers with Radar,14,34,69,5,122,0,1,73,1,75,14,35,142,6,197,139,1,140,337
03/14/2002,FAR,ND,AGL,CE,Towers with Radar,22,37,54,13,126,0,1,39,0,40,22,38,93,13,166,67,15,82,248
03/15/2002,FAR,ND,AGL,CE,Towers with Radar,18,39,48,11,116,0,1,68,1,70,18,40,116,12,186,113,16,129,315
03/16/2002,FAR,ND,AGL,CE,Towers with Radar,11,16,28,4,59,3,5,54,9,71,14,21,82,13,130,154,12,166,296
03/17/2002,FAR,ND,AGL,CE,Towers with Radar,13,29,22,6,70,0,1,4,0,5,13,30,26,6,75,24,0,24,99
03/18/2002,FAR,ND,AGL,CE,Towers with Radar,14,27,28,2,71,0,1,0,0,1,14,28,28,2,72,1,0,1,73
03/19/2002,FAR,ND,AGL,CE,Towers with Radar,16,36,66,19,137,0,3,47,2,52,16,39,113,21,189,46,20,66,255
03/20/2002,FAR,ND,AGL,CE,Towers with Radar,13,38,47,0,98,0,1,3,0,4,13,39,50,0,102,0,2,2,104
03/21/2002,FAR,ND,AGL,CE,Towers with Radar,16,30,54,5,105,0,0,38,1,39,16,30,92,6,144,5,0,5,149
03/22/2002,FAR,ND,AGL,CE,Towers with Radar,20,30,46,5,101,0,2,93,2,97,20,32,139,7,198,139,10,149,347
03/23/2002,FAR,ND,AGL,CE,Towers with Radar,12,19,39,3,73,0,0,104,2,106,12,19,143,5,179,69,0,69,248
03/24/2002,FAR,ND,AGL,CE,Towers with Radar,12,15,30,0,57,5,0,102,0,107,17,15,132,0,164,88,0,88,252
03/25/2002,FAR,ND,AGL,CE,Towers with Radar,14,32,49,7,102,0,0,84,1,85,14,32,133,8,187,88,0,88,275
03/26/2002,FAR,ND,AGL,CE,Towers with Radar,20,27,57,8,112,0,0,101,0,101,20,27,158,8,213,163,0,163,376
03/27/2002,FAR,ND,AGL,CE,Towers with Radar,18,29,61,0,108,0,0,50,3,53,18,29,111,3,161,0,0,0,161
03/28/2002,FAR,ND,AGL,CE,Towers with Radar,18,32,44,7,101,0,0,47,1,48,18,32,91,8,149,39,0,39,188
03/29/2002,FAR,ND,AGL,CE,Towers with Radar,17,30,48,2,97,0,0,38,0,38,17,30,86,2,135,42,0,42,177
03/30/2002,FAR,ND,AGL,CE,Towers with Radar,20,14,13,0,47,0,0,14,0,14,20,14,27,0,61,2,0,2,63
03/31/2002,FAR,ND,AGL,CE,Towers with Radar,17,13,12,0,42,0,0,28,0,28,17,13,40,0,70,22,0,22,92
04/01/2002,FAR,ND,AGL,CE,Towers with Radar,12,29,23,1,65,1,0,0,0,1,13,29,23,1,66,0,0,0,66
04/02/2002,FAR,ND,AGL,CE,Towers with Radar,21,32,26,0,79,0,0,4,0,4,21,32,30,0,83,4,0,4,87
04/03/2002,FAR,ND,AGL,CE,Towers with Radar,17,36,93,11,157,0,0,56,3,59,17,36,149,14,216,166,28,194,410
04/04/2002,FAR,ND,AGL,CE,Towers with Radar,15,36,66,9,126,0,3,108,2,113,15,39,174,11,239,126,24,150,389
04/05/2002,FAR,ND,AGL,CE,Towers with Radar,16,33,60,7,116,0,1,126,0,127,16,34,186,7,243,119,6,125,368
04/06/2002,FAR,ND,AGL,CE,Towers with Radar,16,19,10,5,50,0,0,14,2,16,16,19,24,7,66,16,8,24,90
04/07/2002,FAR,ND,AGL,CE,Towers with Radar,12,18,48,3,81,1,0,35,3,39,13,18,83,6,120,34,0,34,154
04/08/2002,FAR,ND,AGL,CE,Towers with Radar,14,31,96,11,152,1,1,48,0,50,15,32,144,11,202,106,0,106,308
04/09/2002,FAR,ND,AGL,CE,Towers with Radar,15,34,72,11,132,1,0,65,0,66,16,34,137,11,198,136,6,142,340
04/10/2002,FAR,ND,AGL,CE,Towers with Radar,15,31,57,10,113,1,0,0,0,1,16,31,57,10,114,0,0,0,114
04/11/2002,FAR,ND,AGL,CE,Towers with Radar,16,30,80,17,143,1,0,13,0,14,17,30,93,17,157,60,16,76,233
04/12/2002,FAR,ND,AGL,CE,Towers with Radar,18,33,72,5,128,1,1,127,1,130,19,34,199,6,258,210,10,220,478
04/13/2002,FAR,ND,AGL,CE,Towers with Radar,14,19,60,1,94,0,3,96,3,102,14,22,156,4,196,70,0,70,266
04/14/2002,FAR,ND,AGL,CE,Towers with Radar,13,12,25,0,50,0,0,72,0,72,13,12,97,0,122,79,0,79,201
04/15/2002,FAR,ND,AGL,CE,Towers with Radar,14,26,57,14,111,0,0,71,0,71,14,26,128,14,182,125,0,125,307
04/16/2002,FAR,ND,AGL,CE,Towers with Radar,16,37,40,7,100,0,0,28,1,29,16,37,68,8,129,50,4,54,183
04/17/2002,FAR,ND,AGL,CE,Towers with Radar,12,42,71,25,150,0,2,96,0,98,12,44,167,25,248,154,14,168,416
04/18/2002,FAR,ND,AGL,CE,Towers with Radar,16,37,42,4,99,0,0,10,0,10,16,37,52,4,109,30,0,30,139
04/19/2002,FAR,ND,AGL,CE,Towers with Radar,18,30,80,4,132,0,0,100,0,100,18,30,180,4,232,198,12,210,442
04/20/2002,FAR,ND,AGL,CE,Towers with Radar,14,18,31,0,63,0,0,92,0,92,14,18,123,0,155,98,0,98,253
04/21/2002,FAR,ND,AGL,CE,Towers with Radar,15,14,19,0,48,0,2,5,0,7,15,16,24,0,55,2,0,2,57
04/22/2002,FAR,ND,AGL,CE,Towers with Radar,15,31,65,17,128,0,0,39,2,41,15,31,104,19,169,87,2,89,258
04/23/2002,FAR,ND,AGL,CE,Towers with Radar,17,37,63,10,127,0,0,57,0,57,17,37,120,10,184,42,4,46,230
04/24/2002,FAR,ND,AGL,CE,Towers with Radar,17,30,81,14,142,0,0,10,0,10,17,30,91,14,152,6,4,10,162
04/25/2002,FAR,ND,AGL,CE,Towers with Radar,23,26,79,12,140,0,1,51,1,53,23,27,130,13,193,56,4,60,253
04/26/2002,FAR,ND,AGL,CE,Towers with Radar,18,27,56,5,106,0,0,55,0,55,18,27,111,5,161,154,0,154,315
04/27/2002,FAR,ND,AGL,CE,Towers with Radar,22,12,12,0,46,0,0,0,0,0,22,12,12,0,46,0,0,0,46
04/28/2002,FAR,ND,AGL,CE,Towers with Radar,13,16,25,0,54,0,0,13,0,13,13,16,38,0,67,47,0,47,114
04/29/2002,FAR,ND,AGL,CE,Towers with Radar,16,35,34,12,97,0,0,44,1,45,16,35,78,13,142,30,24,54,196
04/30/2002,FAR,ND,AGL,CE,Towers with Radar,17,35,64,7,123,0,0,74,0,74,17,35,138,7,197,207,15,222,419
05/01/2002,FAR,ND,AGL,CE,Towers with Radar,22,26,89,9,146,0,0,45,1,46,22,26,134,10,192,85,2,87,279
05/02/2002,FAR,ND,AGL,CE,Towers with Radar,16,29,68,17,130,0,1,76,1,78,16,30,144,18,208,109,20,129,337
05/03/2002,FAR,ND,AGL,CE,Towers with Radar,18,34,28,20,100,0,0,41,1,42,18,34,69,21,142,6,6,12,154
05/04/2002,FAR,ND,AGL,CE,Towers with Radar,18,18,27,20,83,0,8,93,2,103,18,26,120,22,186,90,6,96,282
05/05/2002,FAR,ND,AGL,CE,Towers with Radar,15,15,25,7,62,0,0,29,0,29,15,15,54,7,91,0,0,0,91
05/06/2002,FAR,ND,AGL,CE,Towers with Radar,16,27,39,2,84,0,0,4,0,4,16,27,43,2,88,0,0,0,88
05/07/2002,FAR,ND,AGL,CE,Towers with Radar,24,21,56,10,111,0,0,55,1,56,24,21,111,11,167,139,5,144,311
05/08/2002,FAR,ND,AGL,CE,Towers with Radar,36,34,36,0,106,0,0,1,0,1,36,34,37,0,107,4,0,4,111
05/09/2002,FAR,ND,AGL,CE,Towers with Radar,21,31,38,9,99,0,0,12,0,12,21,31,50,9,111,20,0,20,131
05/10/2002,FAR,ND,AGL,CE,Towers with Radar,27,26,100,15,168,0,0,130,0,130,27,26,230,15,298,194,8,202,500
05/11/2002,FAR,ND,AGL,CE,Towers with Radar,16,16,23,2,57,0,1,30,0,31,16,17,53,2,88,97,0,97,185
05/12/2002,FAR,ND,AGL,CE,Towers with Radar,15,18,30,0,63,0,0,26,0,26,15,18,56,0,89,43,0,43,132
05/13/2002,FAR,ND,AGL,CE,Towers with Radar,15,27,68,34,144,0,0,55,0,55,15,27,123,34,199,134,12,146,345
05/14/2002,FAR,ND,AGL,CE,Towers with Radar,26,24,66,8,124,0,0,103,3,106,26,24,169,11,230,199,4,203,433
05/15/2002,FAR,ND,AGL,CE,Towers with Radar,16,37,54,8,115,0,0,33,0,33,16,37,87,8,148,28,0,28,176
05/16/2002,FAR,ND,AGL,CE,Towers with Radar,17,32,60,20,129,0,0,99,1,100,17,32,159,21,229,62,6,68,297
05/17/2002,FAR,ND,AGL,CE,Towers with Radar,16,35,66,6,123,0,0,91,0,91,16,35,157,6,214,148,8,156,370
05/18/2002,FAR,ND,AGL,CE,Towers with Radar,17,20,34,1,72,0,1,95,0,96,17,21,129,1,168,79,0,79,247
05/19/2002,FAR,ND,AGL,CE,Towers with Radar,10,13,24,0,47,8,0,70,0,78,18,13,94,0,125,37,0,37,162
05/20/2002,FAR,ND,AGL,CE,Towers with Radar,15,23,51,11,100,0,0,89,0,89,15,23,140,11,189,174,16,190,379
05/21/2002,FAR,ND,AGL,CE,Towers with Radar,16,34,70,10,130,0,0,40,0,40,16,34,110,10,170,16,14,30,200
05/22/2002,FAR,ND,AGL,CE,Towers with Radar,27,22,61,13,123,0,0,20,1,21,27,22,81,14,144,2,2,4,148
05/23/2002,FAR,ND,AGL,CE,Towers with Radar,16,36,52,13,117,0,0,25,3,28,16,36,77,16,145,4,2,6,151
05/24/2002,FAR,ND,AGL,CE,Towers with Radar,23,28,68,0,119,0,0,78,1,79,23,28,146,1,198,88,0,88,286
05/25/2002,FAR,ND,AGL,CE,Towers with Radar,23,12,28,0,63,0,1,47,8,56,23,13,75,8,119,72,0,72,191
05/26/2002,FAR,ND,AGL,CE,Towers with Radar,10,12,11,0,33,0,0,35,1,36,10,12,46,1,69,64,0,64,133
05/27/2002,FAR,ND,AGL,CE,Towers with Radar,9,12,22,4,47,4,11,71,1,87,13,23,93,5,134,68,0,68,202
05/28/2002,FAR,ND,AGL,CE,Towers with Radar,15,28,36,14,93,0,0,61,1,62,15,28,97,15,155,53,18,71,226
05/29/2002,FAR,ND,AGL,CE,Towers with Radar,16,30,70,10,126,0,0,66,2,68,16,30,136,12,194,132,37,169,363
05/30/2002,FAR,ND,AGL,CE,Towers with Radar,18,27,52,10,107,0,8,51,1,60,18,35,103,11,167,74,2,76,243
05/31/2002,FAR,ND,AGL,CE,Towers with Radar,24,25,70,19,138,0,1,99,6,106,24,26,169,25,244,61,4,65,309
06/01/2002,FAR,ND,AGL,CE,Towers with Radar,17,16,29,0,62,1,0,52,2,55,18,16,81,2,117,84,0,84,201
06/02/2002,FAR,ND,AGL,CE,Towers with Radar,8,11,19,0,38,10,7,2,0,19,18,18,21,0,57,2,0,2,59
06/03/2002,FAR,ND,AGL,CE,Towers with Radar,15,30,53,9,107,0,2,62,12,76,15,32,115,21,183,62,8,70,253
06/04/2002,FAR,ND,AGL,CE,Towers with Radar,18,30,61,8,117,0,0,83,5,88,18,30,144,13,205,197,8,205,410
06/05/2002,FAR,ND,AGL,CE,Towers with Radar,17,31,56,18,122,2,0,96,3,101,19,31,152,21,223,90,16,106,329
06/06/2002,FAR,ND,AGL,CE,Towers with Radar,16,31,45,12,104,0,0,50,2,52,16,31,95,14,156,33,0,33,189
06/07/2002,FAR,ND,AGL,CE,Towers with Radar,18,35,40,0,93,0,0,53,0,53,18,35,93,0,146,19,40,59,205
06/08/2002,FAR,ND,AGL,CE,Towers with Radar,17,19,16,5,57,0,0,69,4,73,17,19,85,9,130,50,49,99,229
06/09/2002,FAR,ND,AGL,CE,Towers with Radar,10,12,21,3,46,20,0,15,0,35,30,12,36,3,81,28,0,28,109
06/10/2002,FAR,ND,AGL,CE,Towers with Radar,16,26,56,8,106,0,0,25,1,26,16,26,81,9,132,6,0,6,138
06/11/2002,FAR,ND,AGL,CE,Towers with Radar,19,44,91,6,160,0,0,90,9,99,19,44,181,15,259,98,15,113,372
06/12/2002,FAR,ND,AGL,CE,Towers with Radar,18,39,58,12,127,0,0,90,3,93,18,39,148,15,220,144,18,162,382
06/13/2002,FAR,ND,AGL,CE,Towers with Radar,18,30,49,17,114,0,0,25,0,25,18,30,74,17,139,96,0,96,235
06/14/2002,FAR,ND,AGL,CE,Towers with Radar,18,35,62,10,125,0,0,78,0,78,18,35,140,10,203,122,24,146,349
06/15/2002,FAR,ND,AGL,CE,Towers with Radar,18,19,32,0,69,0,2,85,0,87,18,21,117,0,156,81,0,81,237
06/16/2002,FAR,ND,AGL,CE,Towers with Radar,13,16,28,1,58,3,0,54,0,57,16,16,82,1,115,64,0,64,179
06/17/2002,FAR,ND,AGL,CE,Towers with Radar,25,19,52,19,115,0,1,73,1,75,25,20,125,20,190,74,10,84,274
06/18/2002,FAR,ND,AGL,CE,Towers with Radar,18,42,58,12,130,0,2,48,2,52,18,44,106,14,182,77,12,89,271
06/19/2002,FAR,ND,AGL,CE,Towers with Radar,18,32,81,9,140,0,1,35,1,37,18,33,116,10,177,53,22,75,252
06/20/2002,FAR,ND,AGL,CE,Towers with Radar,18,32,88,9,147,0,0,86,0,86,18,32,174,9,233,172,0,172,405
06/21/2002,FAR,ND,AGL,CE,Towers with Radar,32,22,57,9,120,0,0,50,0,50,32,22,107,9,170,67,0,67,237
06/22/2002,FAR,ND,AGL,CE,Towers with Radar,19,19,17,4,59,0,0,16,0,16,19,19,33,4,75,75,4,79,154
06/23/2002,FAR,ND,AGL,CE,Towers with Radar,15,18,26,2,61,0,0,37,0,37,15,18,63,2,98,13,0,13,111
06/24/2002,FAR,ND,AGL,CE,Towers with Radar,18,31,52,1,102,0,0,70,0,70,18,31,122,1,172,90,0,90,262
06/25/2002,FAR,ND,AGL,CE,Towers with Radar,19,31,54,9,113,0,2,48,0,50,19,33,102,9,163,82,14,96,259
06/26/2002,FAR,ND,AGL,CE,Towers with Radar,18,34,63,8,123,0,0,82,0,82,18,34,145,8,205,112,10,122,327
06/27/2002,FAR,ND,AGL,CE,Towers with Radar,19,37,55,17,128,0,2,101,2,105,19,39,156,19,233,121,4,125,358
06/28/2002,FAR,ND,AGL,CE,Towers with Radar,18,29,0,8,55,0,2,0,126,128,18,31,0,134,183,9,105,114,297
06/29/2002,FAR,ND,AGL,CE,Towers with Radar,18,24,46,2,90,0,0,30,0,30,18,24,76,2,120,13,0,13,133
06/30/2002,FAR,ND,AGL,CE,Towers with Radar,17,11,20,0,48,0,1,44,0,45,17,12,64,0,93,78,0,78,171
07/01/2002,FAR,ND,AGL,CE,Towers with Radar,19,28,41,12,100,0,2,52,0,54,19,30,93,12,154,76,12,88,242
07/02/2002,FAR,ND,AGL,CE,Towers with Radar,19,27,53,7,106,0,0,107,8,115,19,27,160,15,221,130,16,146,367
07/03/2002,FAR,ND,AGL,CE,Towers with Radar,29,20,57,11,117,0,1,97,1,99,29,21,154,12,216,112,8,120,336
07/04/2002,FAR,ND,AGL,CE,Towers with Radar,13,15,9,6,43,0,1,18,0,19,13,16,27,6,62,36,0,36,98
07/05/2002,FAR,ND,AGL,CE,Towers with Radar,12,31,36,7,86,0,0,39,0,39,12,31,75,7,125,113,0,113,238
07/06/2002,FAR,ND,AGL,CE,Towers with Radar,21,20,11,2,54,0,3,51,3,57,21,23,62,5,111,22,4,26,137
07/07/2002,FAR,ND,AGL,CE,Towers with Radar,17,12,23,0,52,0,0,14,0,14,17,12,37,0,66,0,0,0,66
07/08/2002,FAR,ND,AGL,CE,Towers with Radar,16,31,79,9,135,0,0,54,2,56,16,31,133,11,191,106,4,110,301
07/09/2002,FAR,ND,AGL,CE,Towers with Radar,17,31,53,6,107,0,1,46,0,47,17,32,99,6,154,25,0,25,179
07/10/2002,FAR,ND,AGL,CE,Towers with Radar,18,31,53,2,104,0,1,20,0,21,18,32,73,2,125,12,0,12,137
07/11/2002,FAR,ND,AGL,CE,Towers with Radar,20,32,69,9,130,0,0,98,0,98,20,32,167,9,228,165,0,165,393
07/12/2002,FAR,ND,AGL,CE,Towers with Radar,25,26,92,12,155,0,0,133,3,136,25,26,225,15,291,126,16,142,433
07/13/2002,FAR,ND,AGL,CE,Towers with Radar,18,21,30,1,70,0,0,121,2,123,18,21,151,3,193,74,0,74,267
07/14/2002,FAR,ND,AGL,CE,Towers with Radar,19,17,16,3,55,0,0,130,1,131,19,17,146,4,186,53,0,53,239
07/15/2002,FAR,ND,AGL,CE,Towers with Radar,17,35,53,7,112,0,0,83,0,83,17,35,136,7,195,79,16,95,290
07/16/2002,FAR,ND,AGL,CE,Towers with Radar,19,33,60,7,119,0,0,72,2,74,19,33,132,9,193,0,0,0,193
07/17/2002,FAR,ND,AGL,CE,Towers with Radar,17,33,49,5,104,0,0,56,0,56,17,33,105,5,160,122,2,124,284
07/18/2002,FAR,ND,AGL,CE,Towers with Radar,18,32,61,11,122,0,0,61,1,62,18,32,122,12,184,93,14,107,291
07/19/2002,FAR,ND,AGL,CE,Towers with Radar,19,31,65,5,120,0,0,71,0,71,19,31,136,5,191,63,0,63,254
07/20/2002,FAR,ND,AGL,CE,Towers with Radar,21,17,14,0,52,0,6,43,0,49,21,23,57,0,101,50,0,50,151
07/21/2002,FAR,ND,AGL,CE,Towers with Radar,19,18,32,0,69,0,0,52,1,53,19,18,84,1,122,35,0,35,157
07/22/2002,FAR,ND,AGL,CE,Towers with Radar,15,31,78,0,124,0,2,86,0,88,15,33,164,0,212,85,0,85,297
07/23/2002,FAR,ND,AGL,CE,Towers with Radar,18,39,70,8,135,0,0,55,0,55,18,39,125,8,190,103,16,119,309
07/24/2002,FAR,ND,AGL,CE,Towers with Radar,18,31,58,8,115,0,0,23,5,28,18,31,81,13,143,49,14,63,206
07/25/2002,FAR,ND,AGL,CE,Towers with Radar,30,31,68,8,137,0,0,39,0,39,30,31,107,8,176,101,4,105,281
07/26/2002,FAR,ND,AGL,CE,Towers with Radar,19,37,49,7,112,0,0,67,0,67,19,37,116,7,179,68,0,68,247
07/27/2002,FAR,ND,AGL,CE,Towers with Radar,17,18,19,0,54,0,2,41,0,43,17,20,60,0,97,118,0,118,215
07/28/2002,FAR,ND,AGL,CE,Towers with Radar,10,14,25,3,52,11,1,22,0,34,21,15,47,3,86,23,0,23,109
07/29/2002,FAR,ND,AGL,CE,Towers with Radar,18,26,54,8,106,0,0,80,0,80,18,26,134,8,186,76,0,76,262
07/30/2002,FAR,ND,AGL,CE,Towers with Radar,18,34,59,18,129,0,0,104,1,105,18,34,163,19,234,124,30,154,388
07/31/2002,FAR,ND,AGL,CE,Towers with Radar,18,33,43,10,104,0,0,66,1,67,18,33,109,11,171,70,12,82,253
08/01/2002,FAR,ND,AGL,CE,Towers with Radar,18,31,52,11,112,0,0,67,4,71,18,31,119,15,183,89,6,95,278
08/02/2002,FAR,ND,AGL,CE,Towers with Radar,19,28,43,2,92,0,0,79,3,82,19,28,122,5,174,60,0,60,234
08/03/2002,FAR,ND,AGL,CE,Towers with Radar,30,23,18,0,71,0,3,24,31,58,30,26,42,31,129,93,0,93,222
08/04/2002,FAR,ND,AGL,CE,Towers with Radar,13,15,27,1,56,8,0,32,0,40,21,15,59,1,96,20,0,20,116
08/05/2002,FAR,ND,AGL,CE,Towers with Radar,17,28,69,4,118,0,3,72,0,75,17,31,141,4,193,161,0,161,354
08/06/2002,FAR,ND,AGL,CE,Towers with Radar,18,36,34,10,98,0,1,28,0,29,18,37,62,10,127,28,0,28,155
08/07/2002,FAR,ND,AGL,CE,Towers with Radar,18,31,70,9,128,0,0,45,0,45,18,31,115,9,173,41,0,41,214
08/08/2002,FAR,ND,AGL,CE,Towers with Radar,19,31,72,13,135,0,0,52,5,57,19,31,124,18,192,66,22,88,280
08/09/2002,FAR,ND,AGL,CE,Towers with Radar,19,35,54,6,114,0,0,37,1,38,19,35,91,7,152,44,0,44,196
08/10/2002,FAR,ND,AGL,CE,Towers with Radar,24,13,27,2,66,0,0,29,1,30,24,13,56,3,96,69,0,69,165
08/11/2002,FAR,ND,AGL,CE,Towers with Radar,9,12,17,2,40,10,5,59,0,74,19,17,76,2,114,74,0,74,188
08/12/2002,FAR,ND,AGL,CE,Towers with Radar,19,26,53,11,109,0,1,65,0,66,19,27,118,11,175,59,0,59,234
08/13/2002,FAR,ND,AGL,CE,Towers with Radar,17,34,40,7,98,0,0,77,0,77,17,34,117,7,175,70,0,70,245
08/14/2002,FAR,ND,AGL,CE,Towers with Radar,18,31,59,16,124,0,0,82,9,91,18,31,141,25,215,92,8,100,315
08/15/2002,FAR,ND,AGL,CE,Towers with Radar,26,26,55,10,117,0,0,39,8,47,26,26,94,18,164,47,16,63,227
08/16/2002,FAR,ND,AGL,CE,Towers with Radar,19,25,52,7,103,0,0,60,3,63,19,25,112,10,166,109,12,121,287
08/17/2002,FAR,ND,AGL,CE,Towers with Radar,21,18,10,3,52,0,0,24,8,32,21,18,34,11,84,0,0,0,84
08/18/2002,FAR,ND,AGL,CE,Towers with Radar,16,18,24,6,64,0,0,75,0,75,16,18,99,6,139,50,0,50,189
08/19/2002,FAR,ND,AGL,CE,Towers with Radar,17,35,44,0,96,0,1,82,2,85,17,36,126,2,181,76,0,76,257
08/20/2002,FAR,ND,AGL,CE,Towers with Radar,20,31,46,10,107,0,4,34,10,48,20,35,80,20,155,55,20,75,230
08/21/2002,FAR,ND,AGL,CE,Towers with Radar,19,39,82,16,156,0,0,36,2,38,19,39,118,18,194,55,16,71,265
08/22/2002,FAR,ND,AGL,CE,Towers with Radar,17,39,54,26,136,0,0,55,1,56,17,39,109,27,192,247,86,333,525
08/23/2002,FAR,ND,AGL,CE,Towers with Radar,15,37,46,64,162,0,0,58,5,63,15,37,104,69,225,65,35,100,325
08/24/2002,FAR,ND,AGL,CE,Towers with Radar,16,17,8,0,41,0,1,58,0,59,16,18,66,0,100,85,0,85,185
08/25/2002,FAR,ND,AGL,CE,Towers with Radar,16,14,4,1,35,0,0,55,1,56,16,14,59,2,91,27,0,27,118
08/26/2002,FAR,ND,AGL,CE,Towers with Radar,17,28,43,10,98,0,0,59,6,65,17,28,102,16,163,34,0,34,197
08/27/2002,FAR,ND,AGL,CE,Towers with Radar,18,30,64,9,121,0,0,65,3,68,18,30,129,12,189,103,8,111,300
08/28/2002,FAR,ND,AGL,CE,Towers with Radar,21,38,54,4,117,0,0,28,0,28,21,38,82,4,145,47,0,47,192
08/29/2002,FAR,ND,AGL,CE,Towers with Radar,28,30,77,11,146,0,0,18,1,19,28,30,95,12,165,7,0,7,172
08/30/2002,FAR,ND,AGL,CE,Towers with Radar,15,33,40,7,95,0,0,22,1,23,15,33,62,8,118,26,2,28,146
08/31/2002,FAR,ND,AGL,CE,Towers with Radar,21,20,18,0,59,0,0,49,0,49,21,20,67,0,108,23,0,23,131
09/01/2002,FAR,ND,AGL,CE,Towers with Radar,12,17,16,0,45,1,2,29,0,32,13,19,45,0,77,45,0,45,122
09/02/2002,FAR,ND,AGL,CE,Towers with Radar,15,17,22,2,56,0,0,73,0,73,15,17,95,2,129,59,0,59,188
09/03/2002,FAR,ND,AGL,CE,Towers with Radar,19,29,34,0,82,0,0,124,2,126,19,29,158,2,208,154,0,154,362
09/04/2002,FAR,ND,AGL,CE,Towers with Radar,25,28,46,4,103,0,0,42,4,46,25,28,88,8,149,53,1,54,203
09/05/2002,FAR,ND,AGL,CE,Towers with Radar,28,23,54,4,109,0,15,82,1,98,28,38,136,5,207,128,6,134,341
09/06/2002,FAR,ND,AGL,CE,Towers with Radar,18,32,42,6,98,0,0,99,3,102,18,32,141,9,200,28,4,32,232
09/07/2002,FAR,ND,AGL,CE,Towers with Radar,13,14,27,2,56,4,4,62,0,70,17,18,89,2,126,98,0,98,224
09/08/2002,FAR,ND,AGL,CE,Towers with Radar,17,12,16,3,48,0,1,78,2,81,17,13,94,5,129,6,6,12,141
09/09/2002,FAR,ND,AGL,CE,Towers with Radar,17,24,42,6,89,0,4,28,1,33,17,28,70,7,122,49,12,61,183
09/10/2002,FAR,ND,AGL,CE,Towers with Radar,14,32,50,7,103,0,0,107,7,114,14,32,157,14,217,46,10,56,273
09/11/2002,FAR,ND,AGL,CE,Towers with Radar,16,33,65,11,125,0,0,117,14,131,16,33,182,25,256,148,0,148,404
09/12/2002,FAR,ND,AGL,CE,Towers with Radar,16,34,49,9,108,0,0,98,12,110,16,34,147,21,218,70,20,90,308
09/13/2002,FAR,ND,AGL,CE,Towers with Radar,18,29,46,5,98,0,3,85,1,89,18,32,131,6,187,100,18,118,305
09/14/2002,FAR,ND,AGL,CE,Towers with Radar,16,19,34,4,73,0,3,46,4,53,16,22,80,8,126,0,0,0,126
09/15/2002,FAR,ND,AGL,CE,Towers with Radar,17,14,21,1,53,0,0,62,4,66,17,14,83,5,119,26,0,26,145
09/16/2002,FAR,ND,AGL,CE,Towers with Radar,18,24,50,3,95,0,0,111,1,112,18,24,161,4,207,123,7,130,337
09/17/2002,FAR,ND,AGL,CE,Towers with Radar,20,26,46,7,99,1,4,75,3,83,21,30,121,10,182,37,6,43,225
09/18/2002,FAR,ND,AGL,CE,Towers with Radar,29,19,59,11,118,0,0,29,5,34,29,19,88,16,152,54,0,54,206
09/19/2002,FAR,ND,AGL,CE,Towers with Radar,30,19,65,7,121,0,0,66,0,66,30,19,131,7,187,183,4,187,374
09/20/2002,FAR,ND,AGL,CE,Towers with Radar,20,30,61,7,118,0,0,73,0,73,20,30,134,7,191,42,12,54,245
09/21/2002,FAR,ND,AGL,CE,Towers with Radar,18,16,43,7,84,12,0,46,0,58,30,16,89,7,142,65,0,65,207
09/22/2002,FAR,ND,AGL,CE,Towers with Radar,19,18,25,0,62,0,0,49,0,49,19,18,74,0,111,31,0,31,142
09/23/2002,FAR,ND,AGL,CE,Towers with Radar,16,29,63,8,116,0,0,65,0,65,16,29,128,8,181,90,8,98,279
09/24/2002,FAR,ND,AGL,CE,Towers with Radar,18,32,77,8,135,0,0,77,2,79,18,32,154,10,214,79,4,83,297
09/25/2002,FAR,ND,AGL,CE,Towers with Radar,18,40,62,12,132,0,0,105,2,107,18,40,167,14,239,174,6,180,419
09/26/2002,FAR,ND,AGL,CE,Towers with Radar,18,40,78,46,182,0,2,107,6,115,18,42,185,52,297,96,10,106,403
09/27/2002,FAR,ND,AGL,CE,Towers with Radar,18,31,65,5,119,0,0,95,3,98,18,31,160,8,217,212,1,213,430
09/28/2002,FAR,ND,AGL,CE,Towers with Radar,17,21,42,3,83,1,0,80,0,81,18,21,122,3,164,153,0,153,317
09/29/2002,FAR,ND,AGL,CE,Towers with Radar,20,21,46,3,90,0,0,10,0,10,20,21,56,3,100,19,0,19,119
09/30/2002,FAR,ND,AGL,CE,Towers with Radar,18,32,55,0,105,0,1,58,0,59,18,33,113,0,164,128,0,128,292
10/01/2002,FAR,ND,AGL,CE,Towers with Radar,19,37,54,8,118,0,2,41,0,43,19,39,95,8,161,79,6,85,246
10/02/2002,FAR,ND,AGL,CE,Towers with Radar,18,47,63,10,138,0,3,69,1,73,18,50,132,11,211,141,28,169,380
10/03/2002,FAR,ND,AGL,CE,Towers with Radar,18,40,67,27,152,0,1,60,0,61,18,41,127,27,213,73,0,73,286
10/04/2002,FAR,ND,AGL,CE,Towers with Radar,16,43,39,9,107,0,1,76,0,77,16,44,115,9,184,129,2,131,315
10/05/2002,FAR,ND,AGL,CE,Towers with Radar,15,24,33,6,78,1,2,51,7,61,16,26,84,13,139,31,12,43,182
10/06/2002,FAR,ND,AGL,CE,Towers with Radar,19,13,11,0,43,0,1,21,0,22,19,14,32,0,65,12,0,12,77
10/07/2002,FAR,ND,AGL,CE,Towers with Radar,17,34,33,8,92,0,1,46,0,47,17,35,79,8,139,128,0,128,267
10/08/2002,FAR,ND,AGL,CE,Towers with Radar,24,38,39,21,122,0,1,27,1,29,24,39,66,22,151,52,2,54,205
10/09/2002,FAR,ND,AGL,CE,Towers with Radar,17,37,64,13,131,0,0,93,10,103,17,37,157,23,234,66,20,86,320
10/10/2002,FAR,ND,AGL,CE,Towers with Radar,21,41,34,8,104,0,2,28,1,31,21,43,62,9,135,6,0,6,141
10/11/2002,FAR,ND,AGL,CE,Towers with Radar,17,34,60,14,125,0,4,33,4,41,17,38,93,18,166,40,6,46,212
10/12/2002,FAR,ND,AGL,CE,Towers with Radar,9,16,23,0,48,9,3,25,0,37,18,19,48,0,85,34,0,34,119
10/13/2002,FAR,ND,AGL,CE,Towers with Radar,17,13,14,0,44,0,3,68,0,71,17,16,82,0,115,71,0,71,186
10/14/2002,FAR,ND,AGL,CE,Towers with Radar,17,24,44,2,87,0,1,42,0,43,17,25,86,2,130,56,0,56,186
10/15/2002,FAR,ND,AGL,CE,Towers with Radar,18,36,57,0,111,0,1,87,0,88,18,37,144,0,199,152,0,152,351
10/16/2002,FAR,ND,AGL,CE,Towers with Radar,15,35,62,10,122,0,1,27,0,28,15,36,89,10,150,100,0,100,250
10/17/2002,FAR,ND,AGL,CE,Towers with Radar,17,28,39,8,92,1,10,16,0,27,18,38,55,8,119,28,0,28,147
10/18/2002,FAR,ND,AGL,CE,Towers with Radar,18,34,24,16,92,0,1,5,0,6,18,35,29,16,98,11,0,11,109
10/19/2002,FAR,ND,AGL,CE,Towers with Radar,11,19,27,6,63,5,3,33,2,43,16,22,60,8,106,45,0,45,151
10/20/2002,FAR,ND,AGL,CE,Towers with Radar,16,16,6,5,43,0,3,30,0,33,16,19,36,5,76,36,0,36,112
10/21/2002,FAR,ND,AGL,CE,Towers with Radar,19,31,55,6,111,0,1,35,6,42,19,32,90,12,153,62,2,64,217
10/22/2002,FAR,ND,AGL,CE,Towers with Radar,18,41,56,13,128,0,2,59,2,63,18,43,115,15,191,159,10,169,360
10/23/2002,FAR,ND,AGL,CE,Towers with Radar,18,41,71,3,133,0,1,57,2,60,18,42,128,5,193,131,0,131,324
10/24/2002,FAR,ND,AGL,CE,Towers with Radar,18,36,51,4,109,0,1,46,2,49,18,37,97,6,158,52,0,52,210
10/25/2002,FAR,ND,AGL,CE,Towers with Radar,16,33,50,0,99,0,5,34,0,39,16,38,84,0,138,60,0,60,198
10/26/2002,FAR,ND,AGL,CE,Towers with Radar,10,16,23,5,54,4,1,2,0,7,14,17,25,5,61,54,0,54,115
10/27/2002,FAR,ND,AGL,CE,Towers with Radar,18,20,37,2,77,0,1,33,0,34,18,21,70,2,111,70,4,74,185
10/28/2002,FAR,ND,AGL,CE,Towers with Radar,19,27,37,1,84,0,1,3,0,4,19,28,40,1,88,10,0,10,98
10/29/2002,FAR,ND,AGL,CE,Towers with Radar,19,35,30,1,85,0,1,0,0,1,19,36,30,1,86,10,0,10,96
10/30/2002,FAR,ND,AGL,CE,Towers with Radar,21,36,61,7,125,0,5,49,0,54,21,41,110,7,179,67,0,67,246
10/31/2002,FAR,ND,AGL,CE,Towers with Radar,18,35,56,11,120,0,2,89,2,93,18,37,145,13,213,136,5,141,354
11/01/2002,FAR,ND,AGL,CE,Towers with Radar,22,41,62,12,137,0,2,91,2,95,22,43,153,14,232,117,16,133,365
11/02/2002,FAR,ND,AGL,CE,Towers with Radar,17,19,37,3,76,0,0,107,2,109,17,19,144,5,185,100,0,100,285
11/03/2002,FAR,ND,AGL,CE,Towers with Radar,15,15,28,1,59,0,0,25,2,27,15,15,53,3,86,40,0,40,126
11/04/2002,FAR,ND,AGL,CE,Towers with Radar,20,32,51,14,117,0,0,43,2,45,20,32,94,16,162,92,18,110,272
11/05/2002,FAR,ND,AGL,CE,Towers with Radar,20,31,45,5,101,0,0,4,2,6,20,31,49,7,107,26,0,26,133
11/06/2002,FAR,ND,AGL,CE,Towers with Radar,19,37,88,7,151,0,0,55,2,57,19,37,143,9,208,136,0,136,344
11/07/2002,FAR,ND,AGL,CE,Towers with Radar,16,44,64,6,130,0,0,92,2,94,16,44,156,8,224,60,2,62,286
11/08/2002,FAR,ND,AGL,CE,Towers with Radar,20,37,74,5,136,0,0,100,4,104,20,37,174,9,240,72,22,94,334
11/09/2002,FAR,ND,AGL,CE,Towers with Radar,15,19,41,0,75,0,0,53,0,53,15,19,94,0,128,52,0,52,180
11/10/2002,FAR,ND,AGL,CE,Towers with Radar,16,16,8,0,40,0,0,1,0,1,16,16,9,0,41,0,0,0,41
11/11/2002,FAR,ND,AGL,CE,Towers with Radar,21,35,50,3,109,0,0,1,2,3,21,35,51,5,112,106,0,106,218
11/12/2002,FAR,ND,AGL,CE,Towers with Radar,18,37,63,2,120,0,3,43,2,48,18,40,106,4,168,106,0,106,274
11/13/2002,FAR,ND,AGL,CE,Towers with Radar,16,25,23,1,65,3,13,0,0,16,19,38,23,1,81,0,0,0,81
11/14/2002,FAR,ND,AGL,CE,Towers with Radar,18,39,78,0,135,0,0,74,1,75,18,39,152,1,210,132,0,132,342
11/15/2002,FAR,ND,AGL,CE,Towers with Radar,20,33,69,6,128,0,0,1,1,2,20,33,70,7,130,103,4,107,237
11/16/2002,FAR,ND,AGL,CE,Towers with Radar,12,18,26,4,60,5,2,2,3,12,17,20,28,7,72,56,0,56,128
11/17/2002,FAR,ND,AGL,CE,Towers with Radar,11,17,25,0,53,8,0,13,0,21,19,17,38,0,74,26,0,26,100
11/18/2002,FAR,ND,AGL,CE,Towers with Radar,19,39,58,16,132,0,0,96,0,96,19,39,154,16,228,121,0,121,349
11/19/2002,FAR,ND,AGL,CE,Towers with Radar,19,42,68,15,144,0,1,58,2,61,19,43,126,17,205,70,18,88,293
11/20/2002,FAR,ND,AGL,CE,Towers with Radar,19,39,64,17,139,0,1,56,0,57,19,40,120,17,196,80,0,80,276
11/21/2002,FAR,ND,AGL,CE,Towers with Radar,22,41,47,6,116,0,1,14,2,17,22,42,61,8,133,58,0,58,191
11/22/2002,FAR,ND,AGL,CE,Towers with Radar,18,38,60,4,120,0,0,31,0,31,18,38,91,4,151,19,0,19,170
11/23/2002,FAR,ND,AGL,CE,Towers with Radar,13,21,31,0,65,2,0,28,0,30,15,21,59,0,95,13,0,13,108
11/24/2002,FAR,ND,AGL,CE,Towers with Radar,15,14,20,0,49,0,0,30,0,30,15,14,50,0,79,32,0,32,111
11/25/2002,FAR,ND,AGL,CE,Towers with Radar,21,33,56,8,118,0,0,36,0,36,21,33,92,8,154,88,0,88,242
11/26/2002,FAR,ND,AGL,CE,Towers with Radar,21,41,66,12,140,0,0,72,0,72,21,41,138,12,212,101,8,109,321
11/27/2002,FAR,ND,AGL,CE,Towers with Radar,18,39,54,10,121,0,0,67,2,69,18,39,121,12,190,86,15,101,291
11/28/2002,FAR,ND,AGL,CE,Towers with Radar,14,17,10,0,41,0,2,33,0,35,14,19,43,0,76,7,0,7,83
11/29/2002,FAR,ND,AGL,CE,Towers with Radar,14,36,8,0,58,0,1,11,0,12,14,37,19,0,70,5,0,5,75
11/30/2002,FAR,ND,AGL,CE,Towers with Radar,10,17,25,0,52,5,7,38,0,50,15,24,63,0,102,66,0,66,168
12/01/2002,FAR,ND,AGL,CE,Towers with Radar,15,15,25,1,56,1,0,28,1,30,16,15,53,2,86,51,0,51,137
12/02/2002,FAR,ND,AGL,CE,Towers with Radar,19,29,58,8,114,2,1,55,3,61,21,30,113,11,175,104,8,112,287
12/03/2002,FAR,ND,AGL,CE,Towers with Radar,21,39,42,10,112,1,1,23,4,29,22,40,65,14,141,35,5,40,181
12/04/2002,FAR,ND,AGL,CE,Towers with Radar,21,31,65,16,133,1,1,70,1,73,22,32,135,17,206,115,26,141,347
12/05/2002,FAR,ND,AGL,CE,Towers with Radar,23,37,55,15,130,1,1,41,5,48,24,38,96,20,178,73,8,81,259
12/06/2002,FAR,ND,AGL,CE,Towers with Radar,21,34,84,7,146,1,1,62,0,64,22,35,146,7,210,58,12,70,280
12/07/2002,FAR,ND,AGL,CE,Towers with Radar,15,17,40,5,77,0,0,86,1,87,15,17,126,6,164,35,14,49,213
12/08/2002,FAR,ND,AGL,CE,Towers with Radar,14,17,37,0,68,1,1,67,0,69,15,18,104,0,137,87,0,87,224
12/09/2002,FAR,ND,AGL,CE,Towers with Radar,21,39,48,2,110,1,1,56,0,58,22,40,104,2,168,74,0,74,242
12/10/2002,FAR,ND,AGL,CE,Towers with Radar,17,37,61,14,129,1,2,80,4,87,18,39,141,18,216,86,6,92,308
12/11/2002,FAR,ND,AGL,CE,Towers with Radar,24,38,62,8,132,0,0,82,8,90,24,38,144,16,222,51,27,78,300
12/12/2002,FAR,ND,AGL,CE,Towers with Radar,22,36,64,4,126,1,3,73,2,79,23,39,137,6,205,72,0,72,277
12/13/2002,FAR,ND,AGL,CE,Towers with Radar,19,31,74,8,132,1,2,86,2,91,20,33,160,10,223,63,10,73,296
12/14/2002,FAR,ND,AGL,CE,Towers with Radar,15,22,47,6,90,0,0,92,7,99,15,22,139,13,189,108,0,108,297
12/15/2002,FAR,ND,AGL,CE,Towers with Radar,14,22,14,5,55,1,9,32,2,44,15,31,46,7,99,22,2,24,123
12/16/2002,FAR,ND,AGL,CE,Towers with Radar,24,37,35,11,107,1,1,8,1,11,25,38,43,12,118,4,20,24,142
12/17/2002,FAR,ND,AGL,CE,Towers with Radar,22,43,53,8,126,0,2,0,2,4,22,45,53,10,130,8,0,8,138
12/18/2002,FAR,ND,AGL,CE,Towers with Radar,22,33,23,0,78,0,2,0,0,2,22,35,23,0,80,0,0,0,80
12/19/2002,FAR,ND,AGL,CE,Towers with Radar,20,37,30,10,97,0,2,0,0,2,20,39,30,10,99,0,0,0,99
12/20/2002,FAR,ND,AGL,CE,Towers with Radar,22,37,23,2,84,0,2,0,0,2,22,39,23,2,86,0,0,0,86
12/21/2002,FAR,ND,AGL,CE,Towers with Radar,14,19,28,0,61,2,2,12,0,16,16,21,40,0,77,13,0,13,90
12/22/2002,FAR,ND,AGL,CE,Towers with Radar,18,12,10,0,40,0,2,0,0,2,18,14,10,0,42,2,0,2,44
12/23/2002,FAR,ND,AGL,CE,Towers with Radar,21,24,42,0,87,0,3,28,0,31,21,27,70,0,118,20,0,20,138
12/24/2002,FAR,ND,AGL,CE,Towers with Radar,20,36,29,0,85,0,4,26,0,30,20,40,55,0,115,13,0,13,128
12/25/2002,FAR,ND,AGL,CE,Towers with Radar,11,17,9,0,37,0,2,28,0,30,11,19,37,0,67,22,0,22,89
12/26/2002,FAR,ND,AGL,CE,Towers with Radar,18,31,25,0,74,0,2,30,3,35,18,33,55,3,109,0,0,0,109
12/27/2002,FAR,ND,AGL,CE,Towers with Radar,20,30,28,0,78,0,2,40,0,42,20,32,68,0,120,19,0,19,139
12/28/2002,FAR,ND,AGL,CE,Towers with Radar,13,18,25,0,56,1,1,2,0,4,14,19,27,0,60,6,0,6,66
12/29/2002,FAR,ND,AGL,CE,Towers with Radar,19,17,13,0,49,0,1,8,0,9,19,18,21,0,58,4,0,4,62
12/30/2002,FAR,ND,AGL,CE,Towers with Radar,21,35,21,0,77,0,1,10,0,11,21,36,31,0,88,2,0,2,90
12/31/2002,FAR,ND,AGL,CE,Towers with Radar,21,39,30,8,98,0,4,46,2,52,21,43,76,10,150,50,12,62,212
01/01/2003,FAR,ND,AGL,CE,Towers with Radar,15,14,6,0,35,1,2,8,0,11,16,16,14,0,46,24,0,24,70
01/02/2003,FAR,ND,AGL,CE,Towers with Radar,19,38,34,7,98,0,0,20,0,20,19,38,54,7,118,52,0,52,170
01/03/2003,FAR,ND,AGL,CE,Towers with Radar,20,39,42,10,111,0,2,34,1,37,20,41,76,11,148,28,16,44,192
01/04/2003,FAR,ND,AGL,CE,Towers with Radar,17,21,17,8,63,0,0,2,0,2,17,21,19,8,65,0,0,0,65
01/05/2003,FAR,ND,AGL,CE,Towers with Radar,17,16,14,6,53,0,0,1,0,1,17,16,15,6,54,0,0,0,54
01/06/2003,FAR,ND,AGL,CE,Towers with Radar,19,42,38,0,99,0,1,1,0,2,19,43,39,0,101,2,0,2,103
01/07/2003,FAR,ND,AGL,CE,Towers with Radar,18,38,48,1,105,0,1,59,3,63,18,39,107,4,168,119,4,123,291
01/08/2003,FAR,ND,AGL,CE,Towers with Radar,17,42,56,5,120,0,1,31,1,33,17,43,87,6,153,35,6,41,194
01/09/2003,FAR,ND,AGL,CE,Towers with Radar,19,35,24,4,82,0,3,0,8,11,19,38,24,12,93,0,20,20,113
01/10/2003,FAR,ND,AGL,CE,Towers with Radar,18,37,53,2,110,0,1,42,0,43,18,38,95,2,153,49,4,53,206
01/11/2003,FAR,ND,AGL,CE,Towers with Radar,13,22,25,0,60,0,0,42,0,42,13,22,67,0,102,64,0,64,166
01/12/2003,FAR,ND,AGL,CE,Towers with Radar,14,13,14,0,41,0,1,15,1,17,14,14,29,1,58,0,0,0,58
01/13/2003,FAR,ND,AGL,CE,Towers with Radar,17,31,27,2,77,0,1,9,0,10,17,32,36,2,87,0,0,0,87
01/14/2003,FAR,ND,AGL,CE,Towers with Radar,18,37,38,5,98,0,0,37,2,39,18,37,75,7,137,50,0,50,187
01/15/2003,FAR,ND,AGL,CE,Towers with Radar,20,37,55,7,119,0,0,59,1,60,20,37,114,8,179,76,6,82,261
01/16/2003,FAR,ND,AGL,CE,Towers with Radar,19,40,41,1,101,0,1,49,2,52,19,41,90,3,153,78,0,78,231
01/17/2003,FAR,ND,AGL,CE,Towers with Radar,17,44,43,6,110,0,1,35,6,42,17,45,78,12,152,10,6,16,168
01/18/2003,FAR,ND,AGL,CE,Towers with Radar,12,19,38,7,76,0,0,66,1,67,12,19,104,8,143,117,1,118,261
01/19/2003,FAR,ND,AGL,CE,Towers with Radar,17,18,20,3,58,0,0,13,0,13,17,18,33,3,71,26,0,26,97
01/20/2003,FAR,ND,AGL,CE,Towers with Radar,18,43,56,0,117,0,0,67,0,67,18,43,123,0,184,76,0,76,260
01/21/2003,FAR,ND,AGL,CE,Towers with Radar,18,46,47,3,114,0,0,34,0,34,18,46,81,3,148,134,0,134,282
01/22/2003,FAR,ND,AGL,CE,Towers with Radar,13,48,35,3,99,0,3,27,1,31,13,51,62,4,130,27,0,27,157
01/23/2003,FAR,ND,AGL,CE,Towers with Radar,20,56,51,10,137,0,2,40,5,47,20,58,91,15,184,22,21,43,227
01/24/2003,FAR,ND,AGL,CE,Towers with Radar,19,34,39,5,97,1,0,10,0,11,20,34,49,5,108,12,0,12,120
01/25/2003,FAR,ND,AGL,CE,Towers with Radar,11,20,21,0,52,5,0,7,0,12,16,20,28,0,64,27,0,27,91
01/26/2003,FAR,ND,AGL,CE,Towers with Radar,16,17,19,2,54,0,0,36,2,38,16,17,55,4,92,6,0,6,98
01/27/2003,FAR,ND,AGL,CE,Towers with Radar,20,31,26,11,88,0,1,22,0,23,20,32,48,11,111,30,4,34,145
01/28/2003,FAR,ND,AGL,CE,Towers with Radar,20,42,46,11,119,0,0,29,0,29,20,42,75,11,148,37,14,51,199
01/29/2003,FAR,ND,AGL,CE,Towers with Radar,18,38,47,13,116,0,3,45,0,48,18,41,92,13,164,32,8,40,204
01/30/2003,FAR,ND,AGL,CE,Towers with Radar,22,47,37,0,106,0,0,0,2,2,22,47,37,2,108,0,0,0,108
01/31/2003,FAR,ND,AGL,CE,Towers with Radar,20,45,48,1,114,0,1,2,0,3,20,46,50,1,117,96,4,100,217
02/01/2003,FAR,ND,AGL,CE,Towers with Radar,12,18,8,0,38,1,1,0,0,2,13,19,8,0,40,0,0,0,40
02/02/2003,FAR,ND,AGL,CE,Towers with Radar,15,17,8,0,40,0,2,2,0,4,15,19,10,0,44,38,0,38,82
02/03/2003,FAR,ND,AGL,CE,Towers with Radar,18,34,55,2,109,0,3,10,2,15,18,37,65,4,124,74,4,78,202
02/04/2003,FAR,ND,AGL,CE,Towers with Radar,18,37,54,1,110,0,4,50,2,56,18,41,104,3,166,56,0,56,222
02/05/2003,FAR,ND,AGL,CE,Towers with Radar,18,51,52,8,129,0,0,8,2,10,18,51,60,10,139,51,0,51,190
02/06/2003,FAR,ND,AGL,CE,Towers with Radar,20,42,56,2,120,0,1,57,4,62,20,43,113,6,182,35,0,35,217
02/07/2003,FAR,ND,AGL,CE,Towers with Radar,20,44,25,8,97,0,1,45,2,48,20,45,70,10,145,28,2,30,175
02/08/2003,FAR,ND,AGL,CE,Towers with Radar,14,20,26,4,64,0,0,66,0,66,14,20,92,4,130,71,0,71,201
02/09/2003,FAR,ND,AGL,CE,Towers with Radar,16,20,20,0,56,0,2,41,0,43,16,22,61,0,99,51,0,51,150
02/10/2003,FAR,ND,AGL,CE,Towers with Radar,20,40,67,9,136,0,2,58,2,62,20,42,125,11,198,50,24,74,272
02/11/2003,FAR,ND,AGL,CE,Towers with Radar,17,47,28,0,92,0,1,10,0,11,17,48,38,0,103,36,0,36,139
02/12/2003,FAR,ND,AGL,CE,Towers with Radar,40,47,70,10,167,32,0,60,9,101,72,47,130,19,268,75,18,93,361
02/13/2003,FAR,ND,AGL,CE,Towers with Radar,22,48,54,15,139,0,1,56,2,59,22,49,110,17,198,74,8,82,280
02/14/2003,FAR,ND,AGL,CE,Towers with Radar,24,47,31,7,109,0,4,76,0,80,24,51,107,7,189,148,9,157,346
02/15/2003,FAR,ND,AGL,CE,Towers with Radar,14,23,31,2,70,0,0,93,0,93,14,23,124,2,163,141,0,141,304
02/16/2003,FAR,ND,AGL,CE,Towers with Radar,19,14,7,0,40,0,4,23,0,27,19,18,30,0,67,2,0,2,69
02/17/2003,FAR,ND,AGL,CE,Towers with Radar,21,37,46,0,104,0,4,25,0,29,21,41,71,0,133,38,0,38,171
02/18/2003,FAR,ND,AGL,CE,Towers with Radar,26,42,43,1,112,0,2,11,0,13,26,44,54,1,125,44,0,44,169
02/19/2003,FAR,ND,AGL,CE,Towers with Radar,20,48,53,8,129,0,0,81,3,84,20,48,134,11,213,124,7,131,344
02/20/2003,FAR,ND,AGL,CE,Towers with Radar,22,50,32,10,114,0,2,12,0,14,22,52,44,10,128,20,2,22,150
02/21/2003,FAR,ND,AGL,CE,Towers with Radar,20,41,24,1,86,0,2,10,0,12,20,43,34,1,98,22,0,22,120
02/22/2003,FAR,ND,AGL,CE,Towers with Radar,13,16,3,0,32,0,4,42,0,46,13,20,45,0,78,0,0,0,78
02/23/2003,FAR,ND,AGL,CE,Towers with Radar,21,16,24,1,62,0,2,23,1,26,21,18,47,2,88,12,0,12,100
02/24/2003,FAR,ND,AGL,CE,Towers with Radar,21,39,52,4,116,0,2,25,1,28,21,41,77,5,144,82,10,92,236
02/25/2003,FAR,ND,AGL,CE,Towers with Radar,20,40,41,15,116,0,3,78,3,84,20,43,119,18,200,151,12,163,363
02/26/2003,FAR,ND,AGL,CE,Towers with Radar,21,41,59,13,134,0,1,79,1,81,21,42,138,14,215,81,6,87,302
02/27/2003,FAR,ND,AGL,CE,Towers with Radar,22,39,44,16,121,0,2,83,11,96,22,41,127,27,217,195,10,205,422
02/28/2003,FAR,ND,AGL,CE,Towers with Radar,20,42,31,5,98,0,1,75,4,80,20,43,106,9,178,118,5,123,301
03/01/2003,FAR,ND,AGL,CE,Towers with Radar,9,18,21,2,50,5,0,5,2,12,14,18,26,4,62,10,0,10,72
03/02/2003,FAR,ND,AGL,CE,Towers with Radar,11,19,22,1,53,9,0,25,4,38,20,19,47,5,91,6,0,6,97
03/03/2003,FAR,ND,AGL,CE,Towers with Radar,19,32,36,0,87,0,1,3,0,4,19,33,39,0,91,12,0,12,103
03/04/2003,FAR,ND,AGL,CE,Towers with Radar,20,46,52,12,130,0,18,23,3,44,20,64,75,15,174,58,8,66,240
03/05/2003,FAR,ND,AGL,CE,Towers with Radar,20,51,52,13,136,0,27,47,6,80,20,78,99,19,216,112,9,121,337
03/06/2003,FAR,ND,AGL,CE,Towers with Radar,18,40,43,5,106,0,2,0,4,6,18,42,43,9,112,2,0,2,114
03/07/2003,FAR,ND,AGL,CE,Towers with Radar,20,44,42,12,118,0,1,45,0,46,20,45,87,12,164,70,8,78,242
03/08/2003,FAR,ND,AGL,CE,Towers with Radar,9,17,19,2,47,5,12,26,2,45,14,29,45,4,92,14,0,14,106
03/09/2003,FAR,ND,AGL,CE,Towers with Radar,18,20,9,0,47,0,1,12,0,13,18,21,21,0,60,12,0,12,72
03/10/2003,FAR,ND,AGL,CE,Towers with Radar,22,46,28,12,108,0,5,20,4,29,22,51,48,16,137,27,0,27,164
03/11/2003,FAR,ND,AGL,CE,Towers with Radar,21,57,49,10,137,0,3,10,0,13,21,60,59,10,150,11,4,15,165
03/12/2003,FAR,ND,AGL,CE,Towers with Radar,18,47,39,3,107,0,1,19,0,20,18,48,58,3,127,57,0,57,184
03/13/2003,FAR,ND,AGL,CE,Towers with Radar,20,41,51,1,113,0,0,12,0,12,20,41,63,1,125,6,0,6,131
03/14/2003,FAR,ND,AGL,CE,Towers with Radar,21,46,42,3,112,0,13,40,1,54,21,59,82,4,166,100,10,110,276
03/15/2003,FAR,ND,AGL,CE,Towers with Radar,14,28,31,2,75,0,0,55,0,55,14,28,86,2,130,89,0,89,219
03/16/2003,FAR,ND,AGL,CE,Towers with Radar,19,17,20,1,57,0,0,71,0,71,19,17,91,1,128,124,0,124,252
03/17/2003,FAR,ND,AGL,CE,Towers with Radar,25,28,44,0,97,0,0,23,2,25,25,28,67,2,122,107,0,107,229
03/18/2003,FAR,ND,AGL,CE,Towers with Radar,22,54,48,0,124,0,0,2,0,2,22,54,50,0,126,38,0,38,164
03/19/2003,FAR,ND,AGL,CE,Towers with Radar,19,46,45,8,118,0,0,2,1,3,19,46,47,9,121,12,0,12,133
03/20/2003,FAR,ND,AGL,CE,Towers with Radar,15,41,45,1,102,0,0,12,2,14,15,41,57,3,116,23,0,23,139
03/21/2003,FAR,ND,AGL,CE,Towers with Radar,16,44,33,7,100,0,0,59,0,59,16,44,92,7,159,92,0,92,251
03/22/2003,FAR,ND,AGL,CE,Towers with Radar,11,21,21,2,55,3,6,83,0,92,14,27,104,2,147,198,0,198,345
03/23/2003,FAR,ND,AGL,CE,Towers with Radar,19,15,25,0,59,0,0,62,2,64,19,15,87,2,123,64,0,64,187
03/24/2003,FAR,ND,AGL,CE,Towers with Radar,21,33,53,1,108,0,5,28,1,34,21,38,81,2,142,10,0,10,152
03/25/2003,FAR,ND,AGL,CE,Towers with Radar,20,38,52,6,116,0,9,83,3,95,20,47,135,9,211,107,5,112,323
03/26/2003,FAR,ND,AGL,CE,Towers with Radar,18,49,52,6,125,0,8,59,0,67,18,57,111,6,192,68,0,68,260
03/27/2003,FAR,ND,AGL,CE,Towers with Radar,20,47,41,15,123,0,0,6,2,8,20,47,47,17,131,10,0,10,141
03/28/2003,FAR,ND,AGL,CE,Towers with Radar,20,38,42,3,103,0,0,29,2,31,20,38,71,5,134,68,4,72,206
03/29/2003,FAR,ND,AGL,CE,Towers with Radar,12,17,33,4,66,0,0,88,4,92,12,17,121,8,158,101,0,101,259
03/30/2003,FAR,ND,AGL,CE,Towers with Radar,17,11,20,4,52,0,0,64,6,70,17,11,84,10,122,107,0,107,229
03/31/2003,FAR,ND,AGL,CE,Towers with Radar,20,40,81,0,141,0,0,89,4,93,20,40,170,4,234,152,0,152,386
04/01/2003,FAR,ND,AGL,CE,Towers with Radar,21,39,48,13,121,0,3,34,3,40,21,42,82,16,161,84,0,84,245
04/02/2003,FAR,ND,AGL,CE,Towers with Radar,19,36,47,8,110,0,8,5,1,14,19,44,52,9,124,10,2,12,136
04/03/2003,FAR,ND,AGL,CE,Towers with Radar,7,39,15,0,61,0,0,2,1,3,7,39,17,1,64,0,0,0,64
04/04/2003,FAR,ND,AGL,CE,Towers with Radar,17,39,27,8,91,0,0,17,1,18,17,39,44,9,109,49,0,49,158
04/05/2003,FAR,ND,AGL,CE,Towers with Radar,18,21,46,10,95,0,0,79,1,80,18,21,125,11,175,124,0,124,299
04/06/2003,FAR,ND,AGL,CE,Towers with Radar,13,19,30,3,65,8,0,39,0,47,21,19,69,3,112,26,0,26,138
04/07/2003,FAR,ND,AGL,CE,Towers with Radar,19,33,51,10,113,0,0,75,0,75,19,33,126,10,188,81,14,95,283
04/08/2003,FAR,ND,AGL,CE,Towers with Radar,16,51,63,27,157,0,0,107,3,110,16,51,170,30,267,184,6,190,457
04/09/2003,FAR,ND,AGL,CE,Towers with Radar,16,48,53,18,135,0,4,93,4,101,16,52,146,22,236,195,6,201,437
04/10/2003,FAR,ND,AGL,CE,Towers with Radar,14,50,91,10,165,0,3,87,3,93,14,53,178,13,258,106,4,110,368
04/11/2003,FAR,ND,AGL,CE,Towers with Radar,18,42,46,9,115,0,1,98,7,106,18,43,144,16,221,162,28,190,411
04/12/2003,FAR,ND,AGL,CE,Towers with Radar,10,18,23,3,54,4,5,53,0,62,14,23,76,3,116,66,0,66,182
04/13/2003,FAR,ND,AGL,CE,Towers with Radar,8,13,16,3,40,7,1,21,0,29,15,14,37,3,69,4,0,4,73
04/14/2003,FAR,ND,AGL,CE,Towers with Radar,18,34,52,5,109,0,1,62,1,64,18,35,114,6,173,29,8,37,210
04/15/2003,FAR,ND,AGL,CE,Towers with Radar,22,39,53,9,123,1,0,35,9,45,23,39,88,18,168,52,8,60,228
04/16/2003,FAR,ND,AGL,CE,Towers with Radar,19,48,43,1,111,0,0,1,1,2,19,48,44,2,113,0,0,0,113
04/17/2003,FAR,ND,AGL,CE,Towers with Radar,17,37,45,9,108,0,0,23,0,23,17,37,68,9,131,35,0,35,166
04/18/2003,FAR,ND,AGL,CE,Towers with Radar,20,42,29,10,101,0,0,8,0,8,20,42,37,10,109,0,8,8,117
04/19/2003,FAR,ND,AGL,CE,Towers with Radar,16,18,21,0,55,0,0,1,0,1,16,18,22,0,56,27,0,27,83
04/20/2003,FAR,ND,AGL,CE,Towers with Radar,17,15,20,0,52,0,0,9,0,9,17,15,29,0,61,16,0,16,77
04/21/2003,FAR,ND,AGL,CE,Towers with Radar,18,37,65,17,137,0,0,85,0,85,18,37,150,17,222,85,26,111,333
04/22/2003,FAR,ND,AGL,CE,Towers with Radar,20,39,61,9,129,0,7,82,0,89,20,46,143,9,218,159,14,173,391
04/23/2003,FAR,ND,AGL,CE,Towers with Radar,16,49,103,13,181,0,0,78,1,79,16,49,181,14,260,77,9,86,346
04/24/2003,FAR,ND,AGL,CE,Towers with Radar,18,42,59,10,129,0,4,92,0,96,18,46,151,10,225,117,0,117,342
04/25/2003,FAR,ND,AGL,CE,Towers with Radar,20,39,78,2,139,0,0,87,1,88,20,39,165,3,227,119,0,119,346
04/26/2003,FAR,ND,AGL,CE,Towers with Radar,11,22,27,0,60,3,1,58,0,62,14,23,85,0,122,44,0,44,166
04/27/2003,FAR,ND,AGL,CE,Towers with Radar,18,15,19,2,54,0,0,11,1,12,18,15,30,3,66,0,0,0,66
04/28/2003,FAR,ND,AGL,CE,Towers with Radar,17,28,63,4,112,0,0,61,2,63,17,28,124,6,175,80,2,82,257
04/29/2003,FAR,ND,AGL,CE,Towers with Radar,18,36,54,11,119,0,0,61,2,63,18,36,115,13,182,139,4,143,325
04/30/2003,FAR,ND,AGL,CE,Towers with Radar,18,45,60,11,134,0,8,90,4,102,18,53,150,15,236,103,6,109,345
05/01/2003,FAR,ND,AGL,CE,Towers with Radar,16,37,71,10,134,1,0,0,0,1,17,37,71,10,135,128,10,138,273
05/02/2003,FAR,ND,AGL,CE,Towers with Radar,17,33,35,11,96,1,1,77,1,80,18,34,112,12,176,84,4,88,264
05/03/2003,FAR,ND,AGL,CE,Towers with Radar,13,16,16,10,55,1,1,47,2,51,14,17,63,12,106,7,6,13,119
05/04/2003,FAR,ND,AGL,CE,Towers with Radar,14,14,20,0,48,1,0,10,0,11,15,14,30,0,59,4,0,4,63
05/05/2003,FAR,ND,AGL,CE,Towers with Radar,17,36,41,9,103,0,1,0,0,1,17,37,41,9,104,45,8,53,157
05/06/2003,FAR,ND,AGL,CE,Towers with Radar,18,39,52,8,117,0,0,11,0,11,18,39,63,8,128,46,0,46,174
05/07/2003,FAR,ND,AGL,CE,Towers with Radar,16,42,69,9,136,0,0,118,6,124,16,42,187,15,260,240,4,244,504
05/08/2003,FAR,ND,AGL,CE,Towers with Radar,16,37,58,7,118,0,2,45,0,47,16,39,103,7,165,65,4,69,234
05/09/2003,FAR,ND,AGL,CE,Towers with Radar,18,44,74,13,149,0,0,1,0,1,18,44,75,13,150,26,0,26,176
05/10/2003,FAR,ND,AGL,CE,Towers with Radar,9,18,22,2,51,6,0,0,0,6,15,18,22,2,57,4,0,4,61
05/11/2003,FAR,ND,AGL,CE,Towers with Radar,13,14,11,0,38,0,2,11,0,13,13,16,22,0,51,0,0,0,51
05/12/2003,FAR,ND,AGL,CE,Towers with Radar,17,29,71,1,118,0,1,131,2,134,17,30,202,3,252,168,0,168,420
05/13/2003,FAR,ND,AGL,CE,Towers with Radar,18,44,81,3,146,0,0,63,0,63,18,44,144,3,209,88,0,88,297
05/14/2003,FAR,ND,AGL,CE,Towers with Radar,15,45,77,9,146,0,1,39,0,40,15,46,116,9,186,91,18,109,295
05/15/2003,FAR,ND,AGL,CE,Towers with Radar,18,35,65,4,122,0,0,109,2,111,18,35,174,6,233,204,8,212,445
05/16/2003,FAR,ND,AGL,CE,Towers with Radar,18,36,52,5,111,0,5,85,8,98,18,41,137,13,209,90,8,98,307
05/17/2003,FAR,ND,AGL,CE,Towers with Radar,14,16,22,3,55,0,1,27,1,29,14,17,49,4,84,42,2,44,128
05/18/2003,FAR,ND,AGL,CE,Towers with Radar,15,12,18,0,45,0,0,12,1,13,15,12,30,1,58,2,0,2,60
05/19/2003,FAR,ND,AGL,CE,Towers with Radar,17,31,54,13,115,0,0,24,3,27,17,31,78,16,142,63,0,63,205
05/20/2003,FAR,ND,AGL,CE,Towers with Radar,17,38,79,7,141,0,3,104,7,114,17,41,183,14,255,107,16,123,378
05/21/2003,FAR,ND,AGL,CE,Towers with Radar,15,38,60,6,119,0,2,49,4,55,15,40,109,10,174,40,4,44,218
05/22/2003,FAR,ND,AGL,CE,Towers with Radar,18,39,49,15,121,0,2,113,4,119,18,41,162,19,240,68,20,88,328
05/23/2003,FAR,ND,AGL,CE,Towers with Radar,13,30,48,4,95,0,11,29,0,40,13,41,77,4,135,51,4,55,190
05/24/2003,FAR,ND,AGL,CE,Towers with Radar,14,26,41,0,81,0,1,32,0,33,14,27,73,0,114,15,0,15,129
05/25/2003,FAR,ND,AGL,CE,Towers with Radar,10,10,19,0,39,0,1,49,0,50,10,11,68,0,89,82,0,82,171
05/26/2003,FAR,ND,AGL,CE,Towers with Radar,15,12,17,2,46,0,0,48,4,52,15,12,65,6,98,51,0,51,149
05/27/2003,FAR,ND,AGL,CE,Towers with Radar,17,30,60,0,107,0,0,57,0,57,17,30,117,0,164,75,0,75,239
05/28/2003,FAR,ND,AGL,CE,Towers with Radar,18,43,66,2,129,0,0,87,0,87,18,43,153,2,216,160,0,160,376
05/29/2003,FAR,ND,AGL,CE,Towers with Radar,14,42,61,8,125,0,0,80,3,83,14,42,141,11,208,121,8,129,337
05/30/2003,FAR,ND,AGL,CE,Towers with Radar,17,29,50,6,102,0,0,9,4,13,17,29,59,10,115,6,0,6,121
05/31/2003,FAR,ND,AGL,CE,Towers with Radar,11,17,33,4,65,2,0,99,2,103,13,17,132,6,168,96,0,96,264
06/01/2003,FAR,ND,AGL,CE,Towers with Radar,14,11,18,0,43,1,0,76,0,77,15,11,94,0,120,102,0,102,222
06/02/2003,FAR,ND,AGL,CE,Towers with Radar,17,28,55,12,112,0,2,34,1,37,17,30,89,13,149,77,4,81,230
06/03/2003,FAR,ND,AGL,CE,Towers with Radar,17,34,57,5,113,0,2,42,1,45,17,36,99,6,158,81,4,85,243
06/04/2003,FAR,ND,AGL,CE,Towers with Radar,18,31,88,1,138,0,2,46,5,53,18,33,134,6,191,107,0,107,298
06/05/2003,FAR,ND,AGL,CE,Towers with Radar,17,33,49,4,103,0,5,49,2,56,17,38,98,6,159,77,0,77,236
06/06/2003,FAR,ND,AGL,CE,Towers with Radar,18,29,30,5,82,0,2,56,2,60,18,31,86,7,142,48,0,48,190
06/07/2003,FAR,ND,AGL,CE,Towers with Radar,13,19,32,5,69,3,0,10,0,13,16,19,42,5,82,31,0,31,113
06/08/2003,FAR,ND,AGL,CE,Towers with Radar,17,9,26,0,52,0,1,46,3,50,17,10,72,3,102,38,0,38,140
06/09/2003,FAR,ND,AGL,CE,Towers with Radar,17,29,39,4,89,0,1,38,2,41,17,30,77,6,130,61,0,61,191
06/10/2003,FAR,ND,AGL,CE,Towers with Radar,18,37,69,17,141,0,1,21,1,23,18,38,90,18,164,107,0,107,271
06/11/2003,FAR,ND,AGL,CE,Towers with Radar,16,38,59,10,123,0,8,35,10,53,16,46,94,20,176,101,16,117,293
06/12/2003,FAR,ND,AGL,CE,Towers with Radar,18,46,50,10,124,0,1,41,2,44,18,47,91,12,168,65,6,71,239
06/13/2003,FAR,ND,AGL,CE,Towers with Radar,20,37,47,13,117,0,3,85,4,92,20,40,132,17,209,128,8,136,345
06/14/2003,FAR,ND,AGL,CE,Towers with Radar,13,19,32,5,69,5,0,107,2,114,18,19,139,7,183,82,8,90,273
06/15/2003,FAR,ND,AGL,CE,Towers with Radar,17,10,19,0,46,0,0,71,4,75,17,10,90,4,121,20,0,20,141
06/16/2003,FAR,ND,AGL,CE,Towers with Radar,18,32,38,13,101,0,0,53,7,60,18,32,91,20,161,62,12,74,235
06/17/2003,FAR,ND,AGL,CE,Towers with Radar,16,37,54,42,149,0,0,79,2,81,16,37,133,44,230,117,56,173,403
06/18/2003,FAR,ND,AGL,CE,Towers with Radar,19,46,65,11,141,0,0,71,7,78,19,46,136,18,219,114,6,120,339
06/19/2003,FAR,ND,AGL,CE,Towers with Radar,16,39,68,11,134,0,0,97,13,110,16,39,165,24,244,68,6,74,318
06/20/2003,FAR,ND,AGL,CE,Towers with Radar,20,43,35,7,105,0,2,34,2,38,20,45,69,9,143,66,10,76,219
06/21/2003,FAR,ND,AGL,CE,Towers with Radar,13,18,32,4,67,7,0,40,0,47,20,18,72,4,114,28,0,28,142
06/22/2003,FAR,ND,AGL,CE,Towers with Radar,17,12,21,2,52,0,0,23,2,25,17,12,44,4,77,71,0,71,148
06/23/2003,FAR,ND,AGL,CE,Towers with Radar,17,31,45,1,94,0,0,10,1,11,17,31,55,2,105,28,0,28,133
06/24/2003,FAR,ND,AGL,CE,Towers with Radar,19,31,61,11,122,0,1,18,1,20,19,32,79,12,142,49,0,49,191
06/25/2003,FAR,ND,AGL,CE,Towers with Radar,18,36,57,8,119,0,0,7,0,7,18,36,64,8,126,49,0,49,175
06/26/2003,FAR,ND,AGL,CE,Towers with Radar,16,43,69,6,134,0,0,71,0,71,16,43,140,6,205,207,8,215,420
06/27/2003,FAR,ND,AGL,CE,Towers with Radar,18,36,57,10,121,0,2,69,4,75,18,38,126,14,196,45,40,85,281
06/28/2003,FAR,ND,AGL,CE,Towers with Radar,11,16,27,4,58,6,0,76,0,82,17,16,103,4,140,71,0,71,211
06/29/2003,FAR,ND,AGL,CE,Towers with Radar,17,15,22,0,54,0,0,63,0,63,17,15,85,0,117,89,0,89,206
06/30/2003,FAR,ND,AGL,CE,Towers with Radar,18,27,45,7,97,0,0,94,3,97,18,27,139,10,194,123,13,136,330
07/01/2003,FAR,ND,AGL,CE,Towers with Radar,17,33,77,7,134,1,1,97,7,106,18,34,174,14,240,192,14,206,446
07/02/2003,FAR,ND,AGL,CE,Towers with Radar,19,29,51,7,106,0,6,71,2,79,19,35,122,9,185,106,10,116,301
07/03/2003,FAR,ND,AGL,CE,Towers with Radar,19,30,42,12,103,1,3,82,5,91,20,33,124,17,194,63,28,91,285
07/04/2003,FAR,ND,AGL,CE,Towers with Radar,12,13,16,3,44,1,1,51,2,55,13,14,67,5,99,37,3,40,139
07/05/2003,FAR,ND,AGL,CE,Towers with Radar,12,14,10,4,40,1,3,41,0,45,13,17,51,4,85,20,0,20,105
07/06/2003,FAR,ND,AGL,CE,Towers with Radar,16,10,15,1,42,1,1,45,0,47,17,11,60,1,89,4,0,4,93
07/07/2003,FAR,ND,AGL,CE,Towers with Radar,16,21,47,3,87,1,2,51,4,58,17,23,98,7,145,65,8,73,218
07/08/2003,FAR,ND,AGL,CE,Towers with Radar,16,38,54,11,119,1,4,71,8,84,17,42,125,19,203,146,23,169,372
07/09/2003,FAR,ND,AGL,CE,Towers with Radar,16,33,70,10,129,1,1,1,0,3,17,34,71,10,132,8,0,8,140
07/10/2003,FAR,ND,AGL,CE,Towers with Radar,17,35,50,8,110,1,2,33,2,38,18,37,83,10,148,60,0,60,208
07/11/2003,FAR,ND,AGL,CE,Towers with Radar,18,31,55,8,112,0,0,92,0,92,18,31,147,8,204,107,0,107,311
07/12/2003,FAR,ND,AGL,CE,Towers with Radar,17,14,25,0,56,1,4,83,0,88,18,18,108,0,144,62,0,62,206
07/13/2003,FAR,ND,AGL,CE,Towers with Radar,16,11,28,0,55,1,1,59,0,61,17,12,87,0,116,22,0,22,138
07/14/2003,FAR,ND,AGL,CE,Towers with Radar,18,28,56,9,111,1,2,45,0,48,19,30,101,9,159,47,16,63,222
07/15/2003,FAR,ND,AGL,CE,Towers with Radar,24,32,85,12,153,0,0,117,9,126,24,32,202,21,279,236,12,248,527
07/16/2003,FAR,ND,AGL,CE,Towers with Radar,17,36,70,10,133,0,0,79,3,82,17,36,149,13,215,120,6,126,341
07/17/2003,FAR,ND,AGL,CE,Towers with Radar,18,32,53,6,109,5,0,78,1,84,23,32,131,7,193,224,6,230,423
07/18/2003,FAR,ND,AGL,CE,Towers with Radar,21,31,51,7,110,0,1,74,4,79,21,32,125,11,189,118,8,126,315
07/19/2003,FAR,ND,AGL,CE,Towers with Radar,17,13,20,0,50,0,3,49,1,53,17,16,69,1,103,18,0,18,121
07/20/2003,FAR,ND,AGL,CE,Towers with Radar,17,12,17,0,46,0,1,41,0,42,17,13,58,0,88,0,0,0,88
07/21/2003,FAR,ND,AGL,CE,Towers with Radar,19,28,66,0,113,0,2,43,0,45,19,30,109,0,158,62,0,62,220
07/22/2003,FAR,ND,AGL,CE,Towers with Radar,19,34,38,9,100,0,1,104,5,110,19,35,142,14,210,163,4,167,377
07/23/2003,FAR,ND,AGL,CE,Towers with Radar,16,37,51,12,116,0,1,89,0,90,16,38,140,12,206,140,6,146,352
07/24/2003,FAR,ND,AGL,CE,Towers with Radar,18,35,42,12,107,0,2,67,0,69,18,37,109,12,176,54,0,54,230
07/25/2003,FAR,ND,AGL,CE,Towers with Radar,18,40,42,4,104,0,3,74,1,78,18,43,116,5,182,53,0,53,235
07/26/2003,FAR,ND,AGL,CE,Towers with Radar,18,16,31,5,70,0,1,45,0,46,18,17,76,5,116,40,0,40,156
07/27/2003,FAR,ND,AGL,CE,Towers with Radar,9,11,23,4,47,8,0,41,0,49,17,11,64,4,96,66,0,66,162
07/28/2003,FAR,ND,AGL,CE,Towers with Radar,18,25,47,5,95,0,2,80,1,83,18,27,127,6,178,121,18,139,317
07/29/2003,FAR,ND,AGL,CE,Towers with Radar,18,29,67,9,123,0,2,68,0,70,18,31,135,9,193,121,8,129,322
07/30/2003,FAR,ND,AGL,CE,Towers with Radar,17,42,53,11,123,0,4,72,2,78,17,46,125,13,201,92,6,98,299
07/31/2003,FAR,ND,AGL,CE,Towers with Radar,20,31,61,9,121,0,1,78,9,88,20,32,139,18,209,100,6,106,315
08/01/2003,FAR,ND,AGL,CE,Towers with Radar,18,27,50,7,102,0,0,36,3,39,18,27,86,10,141,12,0,12,153
08/02/2003,FAR,ND,AGL,CE,Towers with Radar,19,14,42,5,80,1,9,49,1,60,20,23,91,6,140,26,8,34,174
08/03/2003,FAR,ND,AGL,CE,Towers with Radar,11,8,26,4,49,6,0,44,1,51,17,8,70,5,100,16,0,16,116
08/04/2003,FAR,ND,AGL,CE,Towers with Radar,20,24,54,0,98,1,1,53,3,58,21,25,107,3,156,68,0,68,224
08/05/2003,FAR,ND,AGL,CE,Towers with Radar,14,36,74,4,128,1,3,47,4,55,15,39,121,8,183,92,6,98,281
08/06/2003,FAR,ND,AGL,CE,Towers with Radar,16,34,63,13,126,1,0,76,2,79,17,34,139,15,205,182,6,188,393
08/07/2003,FAR,ND,AGL,CE,Towers with Radar,18,30,50,5,103,1,0,65,0,66,19,30,115,5,169,97,0,97,266
08/08/2003,FAR,ND,AGL,CE,Towers with Radar,20,36,34,6,96,1,3,50,0,54,21,39,84,6,150,59,14,73,223
08/09/2003,FAR,ND,AGL,CE,Towers with Radar,19,15,24,1,59,1,0,26,0,27,20,15,50,1,86,12,0,12,98
08/10/2003,FAR,ND,AGL,CE,Towers with Radar,15,10,10,0,35,1,0,37,0,38,16,10,47,0,73,65,0,65,138
08/11/2003,FAR,ND,AGL,CE,Towers with Radar,20,25,58,9,112,1,4,53,0,58,21,29,111,9,170,71,12,83,253
08/12/2003,FAR,ND,AGL,CE,Towers with Radar,18,41,61,10,130,0,0,67,0,67,18,41,128,10,197,38,6,44,241
08/13/2003,FAR,ND,AGL,CE,Towers with Radar,19,39,40,11,109,1,3,53,2,59,20,42,93,13,168,64,24,88,256
08/14/2003,FAR,ND,AGL,CE,Towers with Radar,18,34,54,11,117,1,1,63,3,68,19,35,117,14,185,22,6,28,213
08/15/2003,FAR,ND,AGL,CE,Towers with Radar,20,32,60,19,131,1,0,57,3,61,21,32,117,22,192,149,10,159,351
08/16/2003,FAR,ND,AGL,CE,Towers with Radar,17,19,32,18,86,1,1,53,2,57,18,20,85,20,143,61,12,73,216
08/17/2003,FAR,ND,AGL,CE,Towers with Radar,14,11,12,3,40,1,0,25,0,26,15,11,37,3,66,20,0,20,86
08/18/2003,FAR,ND,AGL,CE,Towers with Radar,19,22,41,2,84,1,3,43,14,61,20,25,84,16,145,17,14,31,176
08/19/2003,FAR,ND,AGL,CE,Towers with Radar,18,37,45,4,104,0,2,57,5,64,18,39,102,9,168,26,12,38,206
08/20/2003,FAR,ND,AGL,CE,Towers with Radar,21,44,62,6,133,0,2,59,3,64,21,46,121,9,197,125,0,125,322
08/21/2003,FAR,ND,AGL,CE,Towers with Radar,20,33,35,7,95,0,10,80,2,92,20,43,115,9,187,60,8,68,255
08/22/2003,FAR,ND,AGL,CE,Towers with Radar,18,28,43,7,96,0,5,37,6,48,18,33,80,13,144,78,0,78,222
08/23/2003,FAR,ND,AGL,CE,Towers with Radar,17,20,9,0,46,0,1,20,0,21,17,21,29,0,67,6,0,6,73
08/24/2003,FAR,ND,AGL,CE,Towers with Radar,17,12,27,2,58,0,1,38,0,39,17,13,65,2,97,59,0,59,156
08/25/2003,FAR,ND,AGL,CE,Towers with Radar,19,22,34,2,77,0,4,56,0,60,19,26,90,2,137,57,8,65,202
08/26/2003,FAR,ND,AGL,CE,Towers with Radar,21,33,50,7,111,0,6,70,6,82,21,39,120,13,193,71,10,81,274
08/27/2003,FAR,ND,AGL,CE,Towers with Radar,18,39,43,9,109,0,7,55,10,72,18,46,98,19,181,29,10,39,220
08/28/2003,FAR,ND,AGL,CE,Towers with Radar,18,35,36,13,102,0,1,46,2,49,18,36,82,15,151,64,14,78,229
08/29/2003,FAR,ND,AGL,CE,Towers with Radar,22,26,42,5,95,0,8,61,0,69,22,34,103,5,164,80,0,80,244
08/30/2003,FAR,ND,AGL,CE,Towers with Radar,17,20,10,0,47,0,1,69,0,70,17,21,79,0,117,80,0,80,197
08/31/2003,FAR,ND,AGL,CE,Towers with Radar,16,15,11,0,42,0,1,37,0,38,16,16,48,0,80,49,0,49,129
09/01/2003,FAR,ND,AGL,CE,Towers with Radar,17,13,14,0,44,1,0,60,0,61,18,13,74,0,105,53,0,53,158
09/02/2003,FAR,ND,AGL,CE,Towers with Radar,19,26,41,5,91,0,2,84,3,89,19,28,125,8,180,52,0,52,232
09/03/2003,FAR,ND,AGL,CE,Towers with Radar,20,33,70,13,136,0,0,82,15,97,20,33,152,28,233,94,32,126,359
09/04/2003,FAR,ND,AGL,CE,Towers with Radar,18,33,47,8,106,0,0,101,5,106,18,33,148,13,212,118,14,132,344
09/05/2003,FAR,ND,AGL,CE,Towers with Radar,20,32,46,18,116,0,5,79,0,84,20,37,125,18,200,98,4,102,302
09/06/2003,FAR,ND,AGL,CE,Towers with Radar,13,22,17,14,66,0,0,61,0,61,13,22,78,14,127,72,12,84,211
09/07/2003,FAR,ND,AGL,CE,Towers with Radar,15,15,14,2,46,1,2,54,0,57,16,17,68,2,103,34,0,34,137
09/08/2003,FAR,ND,AGL,CE,Towers with Radar,21,24,39,14,98,0,2,39,1,42,21,26,78,15,140,63,4,67,207
09/09/2003,FAR,ND,AGL,CE,Towers with Radar,18,35,41,18,112,0,0,41,0,41,18,35,82,18,153,34,0,34,187
09/10/2003,FAR,ND,AGL,CE,Towers with Radar,19,43,36,17,115,0,1,6,0,7,19,44,42,17,122,0,0,0,122
09/11/2003,FAR,ND,AGL,CE,Towers with Radar,13,40,53,11,117,1,2,91,6,100,14,42,144,17,217,166,1,167,384
09/12/2003,FAR,ND,AGL,CE,Towers with Radar,18,32,43,7,100,4,2,77,0,83,22,34,120,7,183,120,8,128,311
09/13/2003,FAR,ND,AGL,CE,Towers with Radar,14,22,37,2,75,1,0,70,1,72,15,22,107,3,147,38,0,38,185
09/14/2003,FAR,ND,AGL,CE,Towers with Radar,11,17,24,2,54,9,0,42,0,51,20,17,66,2,105,32,0,32,137
09/15/2003,FAR,ND,AGL,CE,Towers with Radar,17,30,49,5,101,0,0,86,0,86,17,30,135,5,187,119,0,119,306
09/16/2003,FAR,ND,AGL,CE,Towers with Radar,18,37,44,15,114,0,6,57,0,63,18,43,101,15,177,86,0,86,263
09/17/2003,FAR,ND,AGL,CE,Towers with Radar,14,41,49,9,113,0,0,27,1,28,14,41,76,10,141,12,0,12,153
09/18/2003,FAR,ND,AGL,CE,Towers with Radar,21,47,55,10,133,0,4,17,0,21,21,51,72,10,154,38,0,38,192
09/19/2003,FAR,ND,AGL,CE,Towers with Radar,22,29,44,6,101,0,1,90,3,94,22,30,134,9,195,121,8,129,324
09/20/2003,FAR,ND,AGL,CE,Towers with Radar,18,20,20,0,58,0,0,82,5,87,18,20,102,5,145,100,0,100,245
09/21/2003,FAR,ND,AGL,CE,Towers with Radar,15,13,28,6,62,0,0,12,0,12,15,13,40,6,74,42,0,42,116
09/22/2003,FAR,ND,AGL,CE,Towers with Radar,18,26,53,2,99,0,1,67,1,69,18,27,120,3,168,156,0,156,324
09/23/2003,FAR,ND,AGL,CE,Towers with Radar,18,33,60,0,111,0,4,73,6,83,18,37,133,6,194,206,0,206,400
09/24/2003,FAR,ND,AGL,CE,Towers with Radar,14,45,43,1,103,0,0,22,0,22,14,45,65,1,125,38,0,38,163
09/25/2003,FAR,ND,AGL,CE,Towers with Radar,18,42,56,13,129,0,2,94,0,96,18,44,150,13,225,210,2,212,437
09/26/2003,FAR,ND,AGL,CE,Towers with Radar,20,37,48,3,108,0,1,56,0,57,20,38,104,3,165,57,0,57,222
09/27/2003,FAR,ND,AGL,CE,Towers with Radar,11,24,23,2,60,0,0,37,2,39,11,24,60,4,99,68,0,68,167
09/28/2003,FAR,ND,AGL,CE,Towers with Radar,16,14,20,1,51,0,0,34,6,40,16,14,54,7,91,42,0,42,133
09/29/2003,FAR,ND,AGL,CE,Towers with Radar,17,24,61,2,104,0,0,72,1,73,17,24,133,3,177,92,0,92,269
09/30/2003,FAR,ND,AGL,CE,Towers with Radar,18,40,54,0,112,0,25,66,0,91,18,65,120,0,203,88,0,88,291
10/01/2003,FAR,ND,AGL,CE,Towers with Radar,19,36,53,9,117,0,0,86,4,90,19,36,139,13,207,151,0,151,358
10/02/2003,FAR,ND,AGL,CE,Towers with Radar,18,33,49,8,108,0,3,98,3,104,18,36,147,11,212,148,2,150,362
10/03/2003,FAR,ND,AGL,CE,Towers with Radar,20,38,62,10,130,0,0,72,1,73,20,38,134,11,203,135,10,145,348
10/04/2003,FAR,ND,AGL,CE,Towers with Radar,8,15,22,3,48,7,0,83,0,90,15,15,105,3,138,91,0,91,229
10/05/2003,FAR,ND,AGL,CE,Towers with Radar,9,16,23,3,51,7,0,57,4,68,16,16,80,7,119,30,0,30,149
10/06/2003,FAR,ND,AGL,CE,Towers with Radar,15,24,38,7,84,2,0,61,3,66,17,24,99,10,150,89,6,95,245
10/07/2003,FAR,ND,AGL,CE,Towers with Radar,18,33,48,7,106,0,8,63,6,77,18,41,111,13,183,112,16,128,311
10/08/2003,FAR,ND,AGL,CE,Towers with Radar,18,32,47,7,104,0,2,82,0,84,18,34,129,7,188,154,12,166,354
10/09/2003,FAR,ND,AGL,CE,Towers with Radar,19,32,54,8,113,0,0,48,11,59,19,32,102,19,172,70,4,74,246
10/10/2003,FAR,ND,AGL,CE,Towers with Radar,15,34,50,7,106,0,2,35,2,39,15,36,85,9,145,15,10,25,170
10/11/2003,FAR,ND,AGL,CE,Towers with Radar,13,23,34,6,76,2,0,37,0,39,15,23,71,6,115,47,0,47,162
10/12/2003,FAR,ND,AGL,CE,Towers with Radar,11,13,28,3,55,5,0,66,0,71,16,13,94,3,126,45,0,45,171
10/13/2003,FAR,ND,AGL,CE,Towers with Radar,16,19,42,2,79,1,0,70,0,71,17,19,112,2,150,54,0,54,204
10/14/2003,FAR,ND,AGL,CE,Towers with Radar,17,30,44,2,93,9,2,74,0,85,26,32,118,2,178,76,0,76,254
10/15/2003,FAR,ND,AGL,CE,Towers with Radar,13,33,49,8,103,0,7,52,0,59,13,40,101,8,162,114,0,114,276
10/16/2003,FAR,ND,AGL,CE,Towers with Radar,18,35,57,10,120,0,0,91,9,100,18,35,148,19,220,104,19,123,343
10/17/2003,FAR,ND,AGL,CE,Towers with Radar,18,28,47,1,94,0,0,82,0,82,18,28,129,1,176,86,0,86,262
10/18/2003,FAR,ND,AGL,CE,Towers with Radar,10,16,25,3,54,1,5,75,1,82,11,21,100,4,136,88,0,88,224
10/19/2003,FAR,ND,AGL,CE,Towers with Radar,11,10,26,3,50,5,0,60,0,65,16,10,86,3,115,15,0,15,130
10/20/2003,FAR,ND,AGL,CE,Towers with Radar,18,24,45,7,94,0,0,34,4,38,18,24,79,11,132,14,0,14,146
10/21/2003,FAR,ND,AGL,CE,Towers with Radar,20,40,61,10,131,0,5,82,7,94,20,45,143,17,225,116,12,128,353
10/22/2003,FAR,ND,AGL,CE,Towers with Radar,15,43,66,10,134,0,0,79,6,85,15,43,145,16,219,162,0,162,381
10/23/2003,FAR,ND,AGL,CE,Towers with Radar,19,31,57,10,117,0,0,63,11,74,19,31,120,21,191,160,0,160,351
10/24/2003,FAR,ND,AGL,CE,Towers with Radar,14,23,35,0,72,1,4,53,0,58,15,27,88,0,130,50,0,50,180
10/25/2003,FAR,ND,AGL,CE,Towers with Radar,9,13,21,1,44,4,2,23,0,29,13,15,44,1,73,0,0,0,73
10/26/2003,FAR,ND,AGL,CE,Towers with Radar,11,15,27,2,55,8,0,19,0,27,19,15,46,2,82,44,0,44,126
10/27/2003,FAR,ND,AGL,CE,Towers with Radar,13,20,29,0,62,6,12,0,0,18,19,32,29,0,80,10,0,10,90
10/28/2003,FAR,ND,AGL,CE,Towers with Radar,18,34,50,9,111,0,8,0,5,13,18,42,50,14,124,8,2,10,134
10/29/2003,FAR,ND,AGL,CE,Towers with Radar,19,37,57,7,120,0,11,11,0,22,19,48,68,7,142,16,0,16,158
10/30/2003,FAR,ND,AGL,CE,Towers with Radar,18,31,48,7,104,0,8,5,3,16,18,39,53,10,120,0,0,0,120
10/31/2003,FAR,ND,AGL,CE,Towers with Radar,17,28,43,5,93,2,5,12,0,19,19,33,55,5,112,32,0,32,144
11/01/2003,FAR,ND,AGL,CE,Towers with Radar,11,13,36,6,66,0,0,13,5,18,11,13,49,11,84,20,2,22,106
11/02/2003,FAR,ND,AGL,CE,Towers with Radar,11,13,34,3,61,5,0,20,0,25,16,13,54,3,86,37,0,37,123
11/03/2003,FAR,ND,AGL,CE,Towers with Radar,14,21,44,6,85,2,0,26,7,35,16,21,70,13,120,59,7,66,186
11/04/2003,FAR,ND,AGL,CE,Towers with Radar,15,26,40,6,87,1,6,0,1,8,16,32,40,7,95,0,0,0,95
11/05/2003,FAR,ND,AGL,CE,Towers with Radar,23,37,69,11,140,40,0,64,13,117,63,37,133,24,257,123,2,125,382
11/06/2003,FAR,ND,AGL,CE,Towers with Radar,20,31,61,9,121,8,0,54,7,69,28,31,115,16,190,98,12,110,300
11/07/2003,FAR,ND,AGL,CE,Towers with Radar,20,31,66,9,126,0,0,71,0,71,20,31,137,9,197,92,36,128,325
11/08/2003,FAR,ND,AGL,CE,Towers with Radar,10,17,31,5,63,2,0,60,0,62,12,17,91,5,125,88,0,88,213
11/09/2003,FAR,ND,AGL,CE,Towers with Radar,7,12,21,0,40,9,0,15,0,24,16,12,36,0,64,33,0,33,97
11/10/2003,FAR,ND,AGL,CE,Towers with Radar,15,24,45,0,84,4,0,15,0,19,19,24,60,0,103,0,0,0,103
11/11/2003,FAR,ND,AGL,CE,Towers with Radar,14,39,82,13,148,0,0,137,0,137,14,39,219,13,285,113,11,124,409
11/12/2003,FAR,ND,AGL,CE,Towers with Radar,16,26,47,7,96,3,0,36,1,40,19,26,83,8,136,54,4,58,194
11/13/2003,FAR,ND,AGL,CE,Towers with Radar,18,33,60,9,120,0,0,84,2,86,18,33,144,11,206,78,16,94,300
11/14/2003,FAR,ND,AGL,CE,Towers with Radar,20,32,84,13,149,0,0,103,9,112,20,32,187,22,261,118,15,133,394
11/15/2003,FAR,ND,AGL,CE,Towers with Radar,10,14,27,0,51,5,7,27,0,39,15,21,54,0,90,12,0,12,102
11/16/2003,FAR,ND,AGL,CE,Towers with Radar,8,10,15,1,34,4,5,0,0,9,12,15,15,1,43,0,0,0,43
11/17/2003,FAR,ND,AGL,CE,Towers with Radar,17,27,71,10,125,0,0,42,0,42,17,27,113,10,167,60,3,63,230
11/18/2003,FAR,ND,AGL,CE,Towers with Radar,20,37,70,11,138,0,1,108,2,111,20,38,178,13,249,79,8,87,336
11/19/2003,FAR,ND,AGL,CE,Towers with Radar,20,36,68,11,135,0,0,96,2,98,20,36,164,13,233,136,4,140,373
11/20/2003,FAR,ND,AGL,CE,Towers with Radar,16,27,52,7,102,0,2,27,7,36,16,29,79,14,138,18,0,18,156
11/21/2003,FAR,ND,AGL,CE,Towers with Radar,17,30,58,8,113,0,2,58,4,64,17,32,116,12,177,58,6,64,241
11/22/2003,FAR,ND,AGL,CE,Towers with Radar,11,15,30,4,60,0,5,0,1,6,11,20,30,5,66,71,0,71,137
11/23/2003,FAR,ND,AGL,CE,Towers with Radar,5,7,10,2,24,2,6,0,1,9,7,13,10,3,33,0,0,0,33
11/24/2003,FAR,ND,AGL,CE,Towers with Radar,19,23,67,10,119,0,0,68,7,75,19,23,135,17,194,93,0,93,287
11/25/2003,FAR,ND,AGL,CE,Towers with Radar,17,27,51,4,99,0,16,8,0,24,17,43,59,4,123,38,0,38,161
11/26/2003,FAR,ND,AGL,CE,Towers with Radar,20,31,60,9,120,0,1,47,15,63,20,32,107,24,183,82,4,86,269
11/27/2003,FAR,ND,AGL,CE,Towers with Radar,6,8,12,2,28,6,10,0,0,16,12,18,12,2,44,0,0,0,44
11/28/2003,FAR,ND,AGL,CE,Towers with Radar,10,15,29,0,54,1,13,29,0,43,11,28,58,0,97,55,0,55,152
11/29/2003,FAR,ND,AGL,CE,Towers with Radar,10,14,27,1,52,4,6,21,0,31,14,20,48,1,83,7,0,7,90
11/30/2003,FAR,ND,AGL,CE,Towers with Radar,0,0,0,0,0,12,19,15,0,46,12,19,15,0,46,1,0,1,47
12/01/2003,FAR,ND,AGL,CE,Towers with Radar,19,21,51,6,97,0,0,5,10,15,19,21,56,16,112,47,8,55,167
12/02/2003,FAR,ND,AGL,CE,Towers with Radar,20,29,73,8,130,0,0,83,9,92,20,29,156,17,222,54,16,70,292
12/03/2003,FAR,ND,AGL,CE,Towers with Radar,18,36,55,7,116,0,0,40,6,46,18,36,95,13,162,22,2,24,186
12/04/2003,FAR,ND,AGL,CE,Towers with Radar,17,28,40,1,86,3,4,4,0,11,20,32,44,1,97,0,0,0,97
12/05/2003,FAR,ND,AGL,CE,Towers with Radar,20,29,47,0,96,8,0,11,0,19,28,29,58,0,115,25,0,25,140
12/06/2003,FAR,ND,AGL,CE,Towers with Radar,9,15,14,0,38,2,7,0,0,9,11,22,14,0,47,0,0,0,47
12/07/2003,FAR,ND,AGL,CE,Towers with Radar,12,15,30,1,58,2,0,25,0,27,14,15,55,1,85,10,0,10,95
12/08/2003,FAR,ND,AGL,CE,Towers with Radar,17,25,44,2,88,2,0,14,0,16,19,25,58,2,104,12,0,12,116
12/09/2003,FAR,ND,AGL,CE,Towers with Radar,20,33,54,7,114,0,0,65,5,70,20,33,119,12,184,111,12,123,307
12/10/2003,FAR,ND,AGL,CE,Towers with Radar,22,35,77,9,143,0,0,40,1,41,22,35,117,10,184,135,0,135,319
12/11/2003,FAR,ND,AGL,CE,Towers with Radar,17,33,61,7,118,0,0,49,7,56,17,33,110,14,174,53,0,53,227
12/12/2003,FAR,ND,AGL,CE,Towers with Radar,18,34,48,6,106,0,4,34,2,40,18,38,82,8,146,85,0,85,231
12/13/2003,FAR,ND,AGL,CE,Towers with Radar,10,18,21,2,51,1,8,0,0,9,11,26,21,2,60,2,0,2,62
12/14/2003,FAR,ND,AGL,CE,Towers with Radar,13,17,33,0,63,1,0,64,0,65,14,17,97,0,128,34,0,34,162
12/15/2003,FAR,ND,AGL,CE,Towers with Radar,12,21,30,1,64,3,5,1,0,9,15,26,31,1,73,0,0,0,73
12/16/2003,FAR,ND,AGL,CE,Towers with Radar,20,28,68,6,122,0,0,78,0,78,20,28,146,6,200,48,0,48,248
12/17/2003,FAR,ND,AGL,CE,Towers with Radar,16,35,52,5,108,0,11,16,4,31,16,46,68,9,139,19,12,31,170
12/18/2003,FAR,ND,AGL,CE,Towers with Radar,18,37,54,5,114,0,2,36,10,48,18,39,90,15,162,22,12,34,196
12/19/2003,FAR,ND,AGL,CE,Towers with Radar,16,34,49,0,99,0,0,72,0,72,16,34,121,0,171,139,2,141,312
12/20/2003,FAR,ND,AGL,CE,Towers with Radar,12,20,34,2,68,0,0,55,0,55,12,20,89,2,123,16,0,16,139
12/21/2003,FAR,ND,AGL,CE,Towers with Radar,9,14,22,2,47,8,4,42,1,55,17,18,64,3,102,77,0,77,179
12/22/2003,FAR,ND,AGL,CE,Towers with Radar,18,28,43,4,93,1,0,33,4,38,19,28,76,8,131,10,8,18,149
12/23/2003,FAR,ND,AGL,CE,Towers with Radar,17,32,48,0,97,0,4,1,0,5,17,36,49,0,102,1,0,1,103
12/24/2003,FAR,ND,AGL,CE,Towers with Radar,13,20,31,0,64,5,16,25,0,46,18,36,56,0,110,8,0,8,118
12/25/2003,FAR,ND,AGL,CE,Towers with Radar,5,8,12,0,25,7,7,17,0,31,12,15,29,0,56,9,0,9,65
12/26/2003,FAR,ND,AGL,CE,Towers with Radar,13,21,32,0,66,4,12,31,0,47,17,33,63,0,113,77,0,77,190
12/27/2003,FAR,ND,AGL,CE,Towers with Radar,9,14,12,0,35,4,8,0,0,12,13,22,12,0,47,0,0,0,47
12/28/2003,FAR,ND,AGL,CE,Towers with Radar,6,9,3,0,18,5,9,0,0,14,11,18,3,0,32,8,0,8,40
12/29/2003,FAR,ND,AGL,CE,Towers with Radar,11,20,30,3,64,0,7,0,4,11,11,27,30,7,75,0,0,0,75
12/30/2003,FAR,ND,AGL,CE,Towers with Radar,14,24,36,3,77,0,12,9,3,24,14,36,45,6,101,102,8,110,211
12/31/2003,FAR,ND,AGL,CE,Towers with Radar,15,24,36,3,78,4,13,16,3,36,19,37,52,6,114,130,4,134,248
01/01/2004,FAR,ND,AGL,CE,Towers with Radar,6,12,12,0,30,6,5,14,0,25,12,17,26,0,55,42,0,42,97
01/02/2004,FAR,ND,AGL,CE,Towers with Radar,10,21,21,3,55,3,13,0,1,17,13,34,21,4,72,43,0,43,115
01/03/2004,FAR,ND,AGL,CE,Towers with Radar,9,18,21,0,48,6,13,11,0,30,15,31,32,0,78,47,0,47,125
01/04/2004,FAR,ND,AGL,CE,Towers with Radar,4,10,12,0,26,10,0,7,0,17,14,10,19,0,43,10,0,10,53
01/05/2004,FAR,ND,AGL,CE,Towers with Radar,16,26,34,4,80,0,0,24,0,24,16,26,58,4,104,2,0,2,106
01/06/2004,FAR,ND,AGL,CE,Towers with Radar,19,37,51,8,115,0,0,21,8,29,19,37,72,16,144,40,10,50,194
01/07/2004,FAR,ND,AGL,CE,Towers with Radar,20,33,43,7,103,0,0,51,2,53,20,33,94,9,156,155,12,167,323
01/08/2004,FAR,ND,AGL,CE,Towers with Radar,16,32,47,8,103,0,0,44,6,50,16,32,91,14,153,77,12,89,242
01/09/2004,FAR,ND,AGL,CE,Towers with Radar,18,35,41,7,101,0,3,22,4,29,18,38,63,11,130,47,6,53,183
01/10/2004,FAR,ND,AGL,CE,Towers with Radar,11,16,20,4,51,0,3,0,0,3,11,19,20,4,54,0,0,0,54
01/11/2004,FAR,ND,AGL,CE,Towers with Radar,10,15,19,3,47,0,0,2,0,2,10,15,21,3,49,8,0,8,57
01/12/2004,FAR,ND,AGL,CE,Towers with Radar,18,29,35,6,88,0,0,14,5,19,18,29,49,11,107,80,2,82,189
01/13/2004,FAR,ND,AGL,CE,Towers with Radar,18,29,35,6,88,0,3,22,5,30,18,32,57,11,118,14,16,30,148
01/14/2004,FAR,ND,AGL,CE,Towers with Radar,18,41,47,7,113,0,0,35,6,41,18,41,82,13,154,2,7,9,163
01/15/2004,FAR,ND,AGL,CE,Towers with Radar,20,33,39,5,97,0,1,37,6,44,20,34,76,11,141,54,0,54,195
01/16/2004,FAR,ND,AGL,CE,Towers with Radar,15,31,40,6,92,0,0,30,3,33,15,31,70,9,125,37,2,39,164
01/17/2004,FAR,ND,AGL,CE,Towers with Radar,11,17,27,0,55,0,0,26,0,26,11,17,53,0,81,51,0,51,132
01/18/2004,FAR,ND,AGL,CE,Towers with Radar,9,13,17,0,39,5,0,24,0,29,14,13,41,0,68,26,0,26,94
01/19/2004,FAR,ND,AGL,CE,Towers with Radar,17,25,35,0,77,0,0,72,0,72,17,25,107,0,149,59,0,59,208
01/20/2004,FAR,ND,AGL,CE,Towers with Radar,16,31,34,2,83,0,0,36,0,36,16,31,70,2,119,24,0,24,143
01/21/2004,FAR,ND,AGL,CE,Towers with Radar,18,38,39,6,101,0,0,0,10,10,18,38,39,16,111,6,0,6,117
01/22/2004,FAR,ND,AGL,CE,Towers with Radar,17,36,43,6,102,0,0,40,4,44,17,36,83,10,146,32,11,43,189
01/23/2004,FAR,ND,AGL,CE,Towers with Radar,20,35,38,5,98,0,3,8,3,14,20,38,46,8,112,46,16,62,174
01/24/2004,FAR,ND,AGL,CE,Towers with Radar,11,21,25,0,57,0,0,53,0,53,11,21,78,0,110,63,0,63,173
01/25/2004,FAR,ND,AGL,CE,Towers with Radar,7,12,9,0,28,7,1,0,0,8,14,13,9,0,36,0,0,0,36
01/26/2004,FAR,ND,AGL,CE,Towers with Radar,19,25,36,0,80,0,0,30,0,30,19,25,66,0,110,12,0,12,122
01/27/2004,FAR,ND,AGL,CE,Towers with Radar,17,31,34,2,84,0,3,20,0,23,17,34,54,2,107,4,0,4,111
01/28/2004,FAR,ND,AGL,CE,Towers with Radar,16,28,30,1,75,2,12,1,0,15,18,40,31,1,90,6,0,6,96
01/29/2004,FAR,ND,AGL,CE,Towers with Radar,14,30,33,3,80,0,7,13,0,20,14,37,46,3,100,0,0,0,100
01/30/2004,FAR,ND,AGL,CE,Towers with Radar,18,32,35,3,88,2,7,15,0,24,20,39,50,3,112,4,2,6,118
01/31/2004,FAR,ND,AGL,CE,Towers with Radar,8,14,14,0,36,5,2,0,0,7,13,16,14,0,43,17,0,17,60
02/01/2004,FAR,ND,AGL,CE,Towers with Radar,7,15,17,2,41,11,0,20,0,31,18,15,37,2,72,65,0,65,137
02/02/2004,FAR,ND,AGL,CE,Towers with Radar,19,34,47,1,101,2,0,76,0,78,21,34,123,1,179,71,0,71,250
02/03/2004,FAR,ND,AGL,CE,Towers with Radar,19,39,47,8,113,1,0,97,3,101,20,39,144,11,214,146,10,156,370
02/04/2004,FAR,ND,AGL,CE,Towers with Radar,17,42,51,8,118,0,12,8,2,22,17,54,59,10,140,78,4,82,222
02/05/2004,FAR,ND,AGL,CE,Towers with Radar,16,35,43,7,101,0,2,0,6,8,16,37,43,13,109,2,0,2,111
02/06/2004,FAR,ND,AGL,CE,Towers with Radar,18,46,61,10,135,0,0,36,7,43,18,46,97,17,178,66,0,66,244
02/07/2004,FAR,ND,AGL,CE,Towers with Radar,12,22,35,6,75,0,0,69,5,74,12,22,104,11,149,137,0,137,286
02/08/2004,FAR,ND,AGL,CE,Towers with Radar,6,11,17,3,37,9,0,10,1,20,15,11,27,4,57,42,0,42,99
02/09/2004,FAR,ND,AGL,CE,Towers with Radar,15,29,39,4,87,5,0,8,0,13,20,29,47,4,100,0,0,0,100
02/10/2004,FAR,ND,AGL,CE,Towers with Radar,19,38,49,7,113,0,0,17,10,27,19,38,66,17,140,40,4,44,184
02/11/2004,FAR,ND,AGL,CE,Towers with Radar,14,26,20,2,62,6,12,0,0,18,20,38,20,2,80,0,0,0,80
02/12/2004,FAR,ND,AGL,CE,Towers with Radar,16,41,51,7,115,0,2,84,4,90,16,43,135,11,205,57,12,69,274
02/13/2004,FAR,ND,AGL,CE,Towers with Radar,14,37,47,6,104,0,3,81,0,84,14,40,128,6,188,70,6,76,264
02/14/2004,FAR,ND,AGL,CE,Towers with Radar,13,23,30,0,66,0,0,98,0,98,13,23,128,0,164,72,0,72,236
02/15/2004,FAR,ND,AGL,CE,Towers with Radar,10,17,23,0,50,5,0,57,0,62,15,17,80,0,112,65,0,65,177
02/16/2004,FAR,ND,AGL,CE,Towers with Radar,16,36,46,0,98,0,0,81,0,81,16,36,127,0,179,150,0,150,329
02/17/2004,FAR,ND,AGL,CE,Towers with Radar,16,38,48,0,102,0,3,2,0,5,16,41,50,0,107,0,0,0,107
02/18/2004,FAR,ND,AGL,CE,Towers with Radar,18,48,60,9,135,0,0,63,5,68,18,48,123,14,203,0,0,0,203
02/19/2004,FAR,ND,AGL,CE,Towers with Radar,17,36,46,4,103,0,8,8,0,16,17,44,54,4,119,89,0,89,208
02/20/2004,FAR,ND,AGL,CE,Towers with Radar,13,28,30,5,76,0,7,0,3,10,13,35,30,8,86,0,0,0,86
02/21/2004,FAR,ND,AGL,CE,Towers with Radar,13,20,30,5,68,1,0,57,1,59,14,20,87,6,127,172,0,172,299
02/22/2004,FAR,ND,AGL,CE,Towers with Radar,9,16,17,1,43,10,1,0,0,11,19,17,17,1,54,21,0,21,75
02/23/2004,FAR,ND,AGL,CE,Towers with Radar,19,29,44,7,99,2,0,2,6,10,21,29,46,13,109,0,0,0,109
02/24/2004,FAR,ND,AGL,CE,Towers with Radar,16,36,42,7,101,0,2,0,5,7,16,38,42,12,108,35,0,35,143
02/25/2004,FAR,ND,AGL,CE,Towers with Radar,17,36,42,7,102,0,2,0,2,4,17,38,42,9,106,0,0,0,106
02/26/2004,FAR,ND,AGL,CE,Towers with Radar,21,47,58,10,136,0,0,32,2,34,21,47,90,12,170,0,0,0,170
02/27/2004,FAR,ND,AGL,CE,Towers with Radar,15,37,44,4,100,0,5,27,0,32,15,42,71,4,132,88,0,88,220
02/28/2004,FAR,ND,AGL,CE,Towers with Radar,11,14,33,5,63,0,0,53,4,57,11,14,86,9,120,0,0,0,120
02/29/2004,FAR,ND,AGL,CE,Towers with Radar,8,15,12,0,35,10,1,0,0,11,18,16,12,0,46,0,0,0,46
03/01/2004,FAR,ND,AGL,CE,Towers with Radar,11,19,18,0,48,6,12,0,0,18,17,31,18,0,66,0,0,0,66
03/02/2004,FAR,ND,AGL,CE,Towers with Radar,16,36,44,8,104,0,0,1,5,6,16,36,45,13,110,68,0,68,178
03/03/2004,FAR,ND,AGL,CE,Towers with Radar,10,22,1,0,33,7,54,0,0,61,17,76,1,0,94,0,0,0,94
03/04/2004,FAR,ND,AGL,CE,Towers with Radar,17,35,38,7,97,3,3,0,0,6,20,38,38,7,103,4,0,4,107
03/05/2004,FAR,ND,AGL,CE,Towers with Radar,14,30,35,5,84,4,4,3,0,11,18,34,38,5,95,0,0,0,95
03/06/2004,FAR,ND,AGL,CE,Towers with Radar,10,18,25,4,57,1,0,5,2,8,11,18,30,6,65,46,12,58,123
03/07/2004,FAR,ND,AGL,CE,Towers with Radar,11,20,26,4,61,4,0,23,2,29,15,20,49,6,90,0,0,0,90
03/08/2004,FAR,ND,AGL,CE,Towers with Radar,17,29,47,7,100,0,0,70,1,71,17,29,117,8,171,238,10,248,419
03/09/2004,FAR,ND,AGL,CE,Towers with Radar,15,34,49,8,106,0,0,71,3,74,15,34,120,11,180,270,14,284,464
03/10/2004,FAR,ND,AGL,CE,Towers with Radar,14,26,33,2,75,3,0,5,0,8,17,26,38,2,83,0,0,0,83
03/11/2004,FAR,ND,AGL,CE,Towers with Radar,13,36,46,7,102,0,0,30,0,30,13,36,76,7,132,0,0,0,132
03/12/2004,FAR,ND,AGL,CE,Towers with Radar,18,32,41,8,99,1,0,42,4,47,19,32,83,12,146,0,0,0,146
03/13/2004,FAR,ND,AGL,CE,Towers with Radar,8,13,17,2,40,6,3,1,0,10,14,16,18,2,50,0,0,0,50
03/14/2004,FAR,ND,AGL,CE,Towers with Radar,7,10,12,0,29,10,0,0,0,10,17,10,12,0,39,15,0,15,54
03/15/2004,FAR,ND,AGL,CE,Towers with Radar,18,31,44,4,97,0,0,48,0,48,18,31,92,4,145,168,0,168,313
03/16/2004,FAR,ND,AGL,CE,Towers with Radar,17,36,46,8,107,0,13,12,0,25,17,49,58,8,132,80,0,80,212
03/17/2004,FAR,ND,AGL,CE,Towers with Radar,13,36,46,8,103,0,0,45,1,46,13,36,91,9,149,0,0,0,149
03/18/2004,FAR,ND,AGL,CE,Towers with Radar,22,26,49,9,106,1,0,32,1,34,23,26,81,10,140,169,8,177,317
03/19/2004,FAR,ND,AGL,CE,Towers with Radar,17,35,44,4,100,0,9,10,0,19,17,44,54,4,119,89,0,89,208
03/20/2004,FAR,ND,AGL,CE,Towers with Radar,11,18,21,4,54,4,1,0,1,6,15,19,21,5,60,24,0,24,84
03/21/2004,FAR,ND,AGL,CE,Towers with Radar,12,15,25,3,55,5,0,26,0,31,17,15,51,3,86,149,0,149,235
03/22/2004,FAR,ND,AGL,CE,Towers with Radar,19,29,44,8,100,0,0,72,14,86,19,29,116,22,186,133,10,143,329
03/23/2004,FAR,ND,AGL,CE,Towers with Radar,20,49,64,11,144,0,0,92,4,96,20,49,156,15,240,105,8,113,353
03/24/2004,FAR,ND,AGL,CE,Towers with Radar,18,40,52,7,117,0,1,69,12,82,18,41,121,19,199,179,8,187,386
03/25/2004,FAR,ND,AGL,CE,Towers with Radar,25,45,65,10,145,0,0,39,14,53,25,45,104,24,198,102,29,131,329
03/26/2004,FAR,ND,AGL,CE,Towers with Radar,18,48,62,10,138,0,7,20,4,31,18,55,82,14,169,90,10,100,269
03/27/2004,FAR,ND,AGL,CE,Towers with Radar,9,15,10,3,37,6,8,0,1,15,15,23,10,4,52,0,0,0,52
03/28/2004,FAR,ND,AGL,CE,Towers with Radar,13,16,28,0,57,5,0,4,0,9,18,16,32,0,66,6,0,6,72
03/29/2004,FAR,ND,AGL,CE,Towers with Radar,17,28,37,5,87,0,0,22,0,22,17,28,59,5,109,81,0,81,190
03/30/2004,FAR,ND,AGL,CE,Towers with Radar,18,41,53,8,120,0,7,139,1,147,18,48,192,9,267,168,8,176,443
03/31/2004,FAR,ND,AGL,CE,Towers with Radar,23,33,51,9,116,4,0,106,7,117,27,33,157,16,233,246,24,270,503
04/01/2004,FAR,ND,AGL,CE,Towers with Radar,16,42,57,6,121,0,1,70,9,80,16,43,127,15,201,107,6,113,314
04/02/2004,FAR,ND,AGL,CE,Towers with Radar,18,38,51,6,113,0,6,56,2,64,18,44,107,8,177,110,6,116,293
04/03/2004,FAR,ND,AGL,CE,Towers with Radar,12,27,36,4,79,5,46,54,4,109,17,73,90,8,188,69,0,69,257
04/04/2004,FAR,ND,AGL,CE,Towers with Radar,8,14,23,3,48,7,0,69,0,76,15,14,92,3,124,84,0,84,208
04/05/2004,FAR,ND,AGL,CE,Towers with Radar,15,31,42,5,93,2,0,52,9,63,17,31,94,14,156,96,14,110,266
04/06/2004,FAR,ND,AGL,CE,Towers with Radar,17,36,48,5,106,1,2,83,8,94,18,38,131,13,200,170,0,170,370
04/07/2004,FAR,ND,AGL,CE,Towers with Radar,14,34,46,4,98,0,6,10,7,23,14,40,56,11,121,64,0,64,185
04/08/2004,FAR,ND,AGL,CE,Towers with Radar,18,37,52,6,113,0,0,79,2,81,18,37,131,8,194,124,0,124,318
04/09/2004,FAR,ND,AGL,CE,Towers with Radar,12,26,24,3,65,7,9,0,4,20,19,35,24,7,85,11,0,11,96
04/10/2004,FAR,ND,AGL,CE,Towers with Radar,9,20,26,1,56,7,2,56,0,65,16,22,82,1,121,90,0,90,211
04/11/2004,FAR,ND,AGL,CE,Towers with Radar,6,14,18,0,38,7,3,1,0,11,13,17,19,0,49,0,0,0,49
04/12/2004,FAR,ND,AGL,CE,Towers with Radar,15,26,43,2,86,2,0,88,0,90,17,26,131,2,176,126,0,126,302
04/13/2004,FAR,ND,AGL,CE,Towers with Radar,17,39,60,6,122,0,0,89,5,94,17,39,149,11,216,123,10,133,349
04/14/2004,FAR,ND,AGL,CE,Towers with Radar,18,34,47,4,103,0,3,62,0,65,18,37,109,4,168,145,0,145,313
04/15/2004,FAR,ND,AGL,CE,Towers with Radar,10,35,48,2,95,0,3,40,0,43,10,38,88,2,138,61,0,61,199
04/16/2004,FAR,ND,AGL,CE,Towers with Radar,21,46,65,6,138,0,0,68,0,68,21,46,133,6,206,106,0,106,312
04/17/2004,FAR,ND,AGL,CE,Towers with Radar,10,18,28,3,59,3,0,56,0,59,13,18,84,3,118,131,0,131,249
04/18/2004,FAR,ND,AGL,CE,Towers with Radar,9,11,24,0,44,19,0,5,0,24,28,11,29,0,68,12,0,12,80
04/19/2004,FAR,ND,AGL,CE,Towers with Radar,15,29,63,6,113,0,0,69,17,86,15,29,132,23,199,164,6,170,369
04/20/2004,FAR,ND,AGL,CE,Towers with Radar,18,40,61,6,125,0,0,8,4,12,18,40,69,10,137,40,6,46,183
04/21/2004,FAR,ND,AGL,CE,Towers with Radar,16,38,60,6,120,0,0,64,8,72,16,38,124,14,192,86,24,110,302
04/22/2004,FAR,ND,AGL,CE,Towers with Radar,18,41,61,6,126,0,0,135,4,139,18,41,196,10,265,105,0,105,370
04/23/2004,FAR,ND,AGL,CE,Towers with Radar,13,35,50,5,103,0,2,65,0,67,13,37,115,5,170,54,0,54,224
04/24/2004,FAR,ND,AGL,CE,Towers with Radar,9,18,26,0,53,4,5,45,0,54,13,23,71,0,107,84,0,84,191
04/25/2004,FAR,ND,AGL,CE,Towers with Radar,8,15,22,3,48,5,2,12,1,20,13,17,34,4,68,4,0,4,72
04/26/2004,FAR,ND,AGL,CE,Towers with Radar,19,42,65,4,130,0,0,44,0,44,19,42,109,4,174,38,0,38,212
04/27/2004,FAR,ND,AGL,CE,Towers with Radar,17,34,60,6,117,0,0,69,1,70,17,34,129,7,187,26,10,36,223
04/28/2004,FAR,ND,AGL,CE,Towers with Radar,14,32,45,5,96,0,16,35,0,51,14,48,80,5,147,52,10,62,209
04/29/2004,FAR,ND,AGL,CE,Towers with Radar,16,43,59,6,124,0,8,69,0,77,16,51,128,6,201,71,8,79,280
04/30/2004,FAR,ND,AGL,CE,Towers with Radar,16,32,43,5,96,2,10,45,6,63,18,42,88,11,159,69,2,71,230
05/01/2004,FAR,ND,AGL,CE,Towers with Radar,12,16,22,3,53,3,0,38,2,43,15,16,60,5,96,77,6,83,179
05/02/2004,FAR,ND,AGL,CE,Towers with Radar,8,15,17,2,42,6,0,78,0,84,14,15,95,2,126,59,0,59,185
05/03/2004,FAR,ND,AGL,CE,Towers with Radar,14,32,29,5,80,4,5,36,3,48,18,37,65,8,128,21,1,22,150
05/04/2004,FAR,ND,AGL,CE,Towers with Radar,20,44,42,2,108,0,0,101,0,101,20,44,143,2,209,80,12,92,301
05/05/2004,FAR,ND,AGL,CE,Towers with Radar,18,39,36,4,97,0,23,14,0,37,18,62,50,4,134,44,0,44,178
05/06/2004,FAR,ND,AGL,CE,Towers with Radar,13,41,37,5,96,0,10,64,1,75,13,51,101,6,171,68,0,68,239
05/07/2004,FAR,ND,AGL,CE,Towers with Radar,14,37,34,2,87,0,3,51,0,54,14,40,85,2,141,76,0,76,217
05/08/2004,FAR,ND,AGL,CE,Towers with Radar,11,21,20,0,52,1,0,72,0,73,12,21,92,0,125,116,0,116,241
05/09/2004,FAR,ND,AGL,CE,Towers with Radar,9,15,16,2,42,8,0,15,0,23,17,15,31,2,65,0,0,0,65
05/10/2004,FAR,ND,AGL,CE,Towers with Radar,16,31,30,5,82,1,0,70,4,75,17,31,100,9,157,26,0,26,183
05/11/2004,FAR,ND,AGL,CE,Towers with Radar,17,37,27,2,83,5,11,0,0,16,22,48,27,2,99,0,0,0,99
05/12/2004,FAR,ND,AGL,CE,Towers with Radar,14,30,22,1,67,4,7,0,0,11,18,37,22,1,78,28,0,28,106
05/13/2004,FAR,ND,AGL,CE,Towers with Radar,14,32,29,4,79,0,9,31,7,47,14,41,60,11,126,72,0,72,198
05/14/2004,FAR,ND,AGL,CE,Towers with Radar,18,42,43,6,109,0,0,87,9,96,18,42,130,15,205,137,0,137,342
05/15/2004,FAR,ND,AGL,CE,Towers with Radar,11,20,19,2,52,2,1,24,2,29,13,21,43,4,81,63,0,63,144
05/16/2004,FAR,ND,AGL,CE,Towers with Radar,12,20,20,0,52,3,0,43,0,46,15,20,63,0,98,48,0,48,146
05/17/2004,FAR,ND,AGL,CE,Towers with Radar,14,34,31,5,84,0,3,61,5,69,14,37,92,10,153,81,8,89,242
05/18/2004,FAR,ND,AGL,CE,Towers with Radar,16,45,41,6,108,0,1,80,8,89,16,46,121,14,197,83,16,99,296
05/19/2004,FAR,ND,AGL,CE,Towers with Radar,19,41,37,5,102,0,2,23,11,36,19,43,60,16,138,26,2,28,166
05/20/2004,FAR,ND,AGL,CE,Towers with Radar,18,37,34,5,94,0,3,56,11,70,18,40,90,16,164,78,0,78,242
05/21/2004,FAR,ND,AGL,CE,Towers with Radar,19,38,34,4,95,0,13,32,5,50,19,51,66,9,145,82,8,90,235
05/22/2004,FAR,ND,AGL,CE,Towers with Radar,13,18,21,2,54,2,0,8,0,10,15,18,29,2,64,48,0,48,112
05/23/2004,FAR,ND,AGL,CE,Towers with Radar,11,14,18,0,43,6,0,12,0,18,17,14,30,0,61,2,0,2,63
05/24/2004,FAR,ND,AGL,CE,Towers with Radar,19,36,33,1,89,0,2,6,0,8,19,38,39,1,97,44,0,44,141
05/25/2004,FAR,ND,AGL,CE,Towers with Radar,19,41,38,4,102,0,6,31,2,39,19,47,69,6,141,18,0,18,159
05/26/2004,FAR,ND,AGL,CE,Towers with Radar,18,51,48,5,122,0,0,68,10,78,18,51,116,15,200,120,30,150,350
05/27/2004,FAR,ND,AGL,CE,Towers with Radar,12,48,53,7,120,0,0,71,19,90,12,48,124,26,210,86,8,94,304
05/28/2004,FAR,ND,AGL,CE,Towers with Radar,18,40,37,5,100,0,1,74,5,80,18,41,111,10,180,50,0,50,230
05/29/2004,FAR,ND,AGL,CE,Towers with Radar,10,18,18,0,46,5,0,3,0,8,15,18,21,0,54,36,0,36,90
05/30/2004,FAR,ND,AGL,CE,Towers with Radar,7,12,6,0,25,10,0,0,0,10,17,12,6,0,35,0,0,0,35
05/31/2004,FAR,ND,AGL,CE,Towers with Radar,10,15,17,0,42,4,0,0,0,4,14,15,17,0,46,0,0,0,46
06/01/2004,FAR,ND,AGL,CE,Towers with Radar,18,35,39,6,98,2,0,10,0,12,20,35,49,6,110,42,0,42,152
06/02/2004,FAR,ND,AGL,CE,Towers with Radar,18,38,40,7,103,0,12,79,6,97,18,50,119,13,200,56,8,64,264
06/03/2004,FAR,ND,AGL,CE,Towers with Radar,18,39,40,6,103,0,6,96,6,108,18,45,136,12,211,140,0,140,351
06/04/2004,FAR,ND,AGL,CE,Towers with Radar,17,36,37,7,97,0,3,62,3,68,17,39,99,10,165,54,17,71,236
06/05/2004,FAR,ND,AGL,CE,Towers with Radar,9,18,19,0,46,6,1,33,0,40,15,19,52,0,86,14,0,14,100
06/06/2004,FAR,ND,AGL,CE,Towers with Radar,7,14,17,0,38,10,0,38,0,48,17,14,55,0,86,27,0,27,113
06/07/2004,FAR,ND,AGL,CE,Towers with Radar,14,30,31,3,78,2,8,54,0,64,16,38,85,3,142,10,0,10,152
06/08/2004,FAR,ND,AGL,CE,Towers with Radar,17,37,36,6,96,1,7,37,0,45,18,44,73,6,141,50,0,50,191
06/09/2004,FAR,ND,AGL,CE,Towers with Radar,14,40,39,6,99,0,10,46,1,57,14,50,85,7,156,46,0,46,202
06/10/2004,FAR,ND,AGL,CE,Towers with Radar,16,45,45,8,114,0,0,58,3,61,16,45,103,11,175,18,0,18,193
06/11/2004,FAR,ND,AGL,CE,Towers with Radar,17,38,42,2,99,0,0,30,0,30,17,38,72,2,129,26,0,26,155
06/12/2004,FAR,ND,AGL,CE,Towers with Radar,13,17,28,5,63,5,0,34,8,47,18,17,62,13,110,6,0,6,116
06/13/2004,FAR,ND,AGL,CE,Towers with Radar,7,13,16,3,39,9,0,38,0,47,16,13,54,3,86,25,0,25,111
06/14/2004,FAR,ND,AGL,CE,Towers with Radar,16,52,51,9,128,0,1,34,12,47,16,53,85,21,175,50,0,50,225
06/15/2004,FAR,ND,AGL,CE,Towers with Radar,18,46,45,8,117,0,3,55,6,64,18,49,100,14,181,90,0,90,271
06/16/2004,FAR,ND,AGL,CE,Towers with Radar,16,44,45,8,113,0,0,75,4,79,16,44,120,12,192,126,12,138,330
06/17/2004,FAR,ND,AGL,CE,Towers with Radar,18,44,43,8,113,0,15,61,12,88,18,59,104,20,201,14,18,32,233
06/18/2004,FAR,ND,AGL,CE,Towers with Radar,16,43,42,7,108,0,0,67,2,69,16,43,109,9,177,36,0,36,213
06/19/2004,FAR,ND,AGL,CE,Towers with Radar,10,23,23,0,56,7,0,53,0,60,17,23,76,0,116,18,0,18,134
06/20/2004,FAR,ND,AGL,CE,Towers with Radar,10,17,20,0,47,6,0,33,0,39,16,17,53,0,86,6,0,6,92
06/21/2004,FAR,ND,AGL,CE,Towers with Radar,17,32,35,3,87,0,0,46,0,46,17,32,81,3,133,10,0,10,143
06/22/2004,FAR,ND,AGL,CE,Towers with Radar,18,45,45,8,116,0,11,46,5,62,18,56,91,13,178,32,4,36,214
06/23/2004,FAR,ND,AGL,CE,Towers with Radar,18,45,45,8,116,0,6,50,1,57,18,51,95,9,173,36,12,48,221
06/24/2004,FAR,ND,AGL,CE,Towers with Radar,17,38,47,7,109,0,0,86,5,91,17,38,133,12,200,26,8,34,234
06/25/2004,FAR,ND,AGL,CE,Towers with Radar,18,39,41,6,104,0,3,64,8,75,18,42,105,14,179,62,4,66,245
06/26/2004,FAR,ND,AGL,CE,Towers with Radar,11,17,23,2,53,6,0,68,0,74,17,17,91,2,127,91,0,91,218
06/27/2004,FAR,ND,AGL,CE,Towers with Radar,9,12,18,2,41,7,0,22,1,30,16,12,40,3,71,8,0,8,79
06/28/2004,FAR,ND,AGL,CE,Towers with Radar,16,34,35,5,90,1,7,50,5,63,17,41,85,10,153,108,10,118,271
06/29/2004,FAR,ND,AGL,CE,Towers with Radar,16,49,54,8,127,0,0,64,10,74,16,49,118,18,201,112,24,136,337
06/30/2004,FAR,ND,AGL,CE,Towers with Radar,18,45,54,9,126,0,0,86,5,91,18,45,140,14,217,114,12,126,343
07/01/2004,FAR,ND,AGL,CE,Towers with Radar,15,37,34,7,93,0,10,68,2,80,15,47,102,9,173,45,14,59,232
07/02/2004,FAR,ND,AGL,CE,Towers with Radar,16,35,31,7,89,1,5,26,0,32,17,40,57,7,121,59,8,67,188
07/03/2004,FAR,ND,AGL,CE,Towers with Radar,7,15,13,0,35,8,3,25,0,36,15,18,38,0,71,45,0,45,116
07/04/2004,FAR,ND,AGL,CE,Towers with Radar,8,17,15,4,44,1,0,4,6,11,9,17,19,10,55,0,0,0,55
07/05/2004,FAR,ND,AGL,CE,Towers with Radar,11,23,24,0,58,0,0,5,0,5,11,23,29,0,63,6,0,6,69
07/06/2004,FAR,ND,AGL,CE,Towers with Radar,14,36,39,0,89,0,0,15,0,15,14,36,54,0,104,0,0,0,104
07/07/2004,FAR,ND,AGL,CE,Towers with Radar,18,43,45,9,115,0,0,81,8,89,18,43,126,17,204,49,0,49,253
07/08/2004,FAR,ND,AGL,CE,Towers with Radar,16,39,35,7,97,0,4,41,8,53,16,43,76,15,150,31,14,45,195
07/09/2004,FAR,ND,AGL,CE,Towers with Radar,18,39,38,9,104,1,0,85,4,90,19,39,123,13,194,108,2,110,304
07/10/2004,FAR,ND,AGL,CE,Towers with Radar,10,24,21,1,56,7,5,36,0,48,17,29,57,1,104,28,0,28,132
07/11/2004,FAR,ND,AGL,CE,Towers with Radar,9,19,20,3,51,7,0,49,0,56,16,19,69,3,107,64,0,64,171
07/12/2004,FAR,ND,AGL,CE,Towers with Radar,14,33,30,7,84,2,8,35,3,48,16,41,65,10,132,19,6,25,157
07/13/2004,FAR,ND,AGL,CE,Towers with Radar,18,39,43,8,108,0,0,83,11,94,18,39,126,19,202,188,4,192,394
07/14/2004,FAR,ND,AGL,CE,Towers with Radar,16,41,38,7,102,0,0,112,13,125,16,41,150,20,227,134,14,148,375
07/15/2004,FAR,ND,AGL,CE,Towers with Radar,16,45,42,8,111,0,0,78,13,91,16,45,120,21,202,12,8,20,222
07/16/2004,FAR,ND,AGL,CE,Towers with Radar,18,37,39,8,102,2,0,47,2,51,20,37,86,10,153,112,2,114,267
07/17/2004,FAR,ND,AGL,CE,Towers with Radar,12,25,25,5,67,3,0,51,2,56,15,25,76,7,123,23,0,23,146
07/18/2004,FAR,ND,AGL,CE,Towers with Radar,10,15,19,3,47,4,0,53,1,58,14,15,72,4,105,70,0,70,175
07/19/2004,FAR,ND,AGL,CE,Towers with Radar,17,35,34,5,91,0,5,43,0,48,17,40,77,5,139,60,0,60,199
07/20/2004,FAR,ND,AGL,CE,Towers with Radar,11,47,45,7,110,0,7,45,0,52,11,54,90,7,162,103,0,103,265
07/21/2004,FAR,ND,AGL,CE,Towers with Radar,17,42,40,8,107,0,3,68,3,74,17,45,108,11,181,54,6,60,241
07/22/2004,FAR,ND,AGL,CE,Towers with Radar,18,41,43,10,112,0,0,69,2,71,18,41,112,12,183,100,8,108,291
07/23/2004,FAR,ND,AGL,CE,Towers with Radar,17,39,38,0,94,0,1,74,0,75,17,40,112,0,169,50,0,50,219
07/24/2004,FAR,ND,AGL,CE,Towers with Radar,9,18,18,4,49,6,1,71,6,84,15,19,89,10,133,102,0,102,235
07/25/2004,FAR,ND,AGL,CE,Towers with Radar,8,16,16,3,43,5,0,29,1,35,13,16,45,4,78,54,0,54,132
07/26/2004,FAR,ND,AGL,CE,Towers with Radar,15,39,37,8,99,0,2,42,5,49,15,41,79,13,148,72,10,82,230
07/27/2004,FAR,ND,AGL,CE,Towers with Radar,17,36,34,1,88,0,10,38,0,48,17,46,72,1,136,14,0,14,150
07/28/2004,FAR,ND,AGL,CE,Towers with Radar,18,38,43,10,109,0,0,28,3,31,18,38,71,13,140,56,0,56,196
07/29/2004,FAR,ND,AGL,CE,Towers with Radar,16,47,45,10,118,0,2,83,2,87,16,49,128,12,205,131,0,131,336
07/30/2004,FAR,ND,AGL,CE,Towers with Radar,17,49,47,11,124,0,2,50,11,63,17,51,97,22,187,45,8,53,240
07/31/2004,FAR,ND,AGL,CE,Towers with Radar,12,23,23,4,62,4,0,61,0,65,16,23,84,4,127,13,0,13,140
08/01/2004,FAR,ND,AGL,CE,Towers with Radar,10,16,21,3,50,5,0,55,0,60,15,16,76,3,110,49,0,49,159
08/02/2004,FAR,ND,AGL,CE,Towers with Radar,16,39,36,4,95,0,3,54,0,57,16,42,90,4,152,90,0,90,242
08/03/2004,FAR,ND,AGL,CE,Towers with Radar,18,41,37,6,102,1,0,58,10,69,19,41,95,16,171,96,0,96,267
08/04/2004,FAR,ND,AGL,CE,Towers with Radar,18,37,41,5,101,0,0,83,7,90,18,37,124,12,191,136,6,142,333
08/05/2004,FAR,ND,AGL,CE,Towers with Radar,19,48,44,6,117,0,0,57,12,69,19,48,101,18,186,102,4,106,292
08/06/2004,FAR,ND,AGL,CE,Towers with Radar,18,42,39,6,105,2,0,24,8,34,20,42,63,14,139,26,2,28,167
08/07/2004,FAR,ND,AGL,CE,Towers with Radar,15,27,31,4,77,2,0,15,3,20,17,27,46,7,97,0,0,0,97
08/08/2004,FAR,ND,AGL,CE,Towers with Radar,11,20,22,2,55,5,0,17,0,22,16,20,39,2,77,0,0,0,77
08/09/2004,FAR,ND,AGL,CE,Towers with Radar,17,44,42,4,107,0,0,18,4,22,17,44,60,8,129,18,0,18,147
08/10/2004,FAR,ND,AGL,CE,Towers with Radar,16,41,47,3,107,0,0,28,0,28,16,41,75,3,135,4,0,4,139
08/11/2004,FAR,ND,AGL,CE,Towers with Radar,17,38,46,5,106,0,0,72,10,82,17,38,118,15,188,101,6,107,295
08/12/2004,FAR,ND,AGL,CE,Towers with Radar,17,46,46,6,115,0,2,71,3,76,17,48,117,9,191,74,6,80,271
08/13/2004,FAR,ND,AGL,CE,Towers with Radar,17,42,45,2,106,0,0,90,0,90,17,42,135,2,196,75,0,75,271
08/14/2004,FAR,ND,AGL,CE,Towers with Radar,10,18,18,3,49,8,0,52,0,60,18,18,70,3,109,159,0,159,268
08/15/2004,FAR,ND,AGL,CE,Towers with Radar,8,16,15,3,42,6,5,33,0,44,14,21,48,3,86,48,0,48,134
08/16/2004,FAR,ND,AGL,CE,Towers with Radar,20,39,38,2,99,0,1,40,0,41,20,40,78,2,140,52,4,56,196
08/17/2004,FAR,ND,AGL,CE,Towers with Radar,17,34,33,3,87,1,8,48,0,57,18,42,81,3,144,38,2,40,184
08/18/2004,FAR,ND,AGL,CE,Towers with Radar,18,37,36,3,94,0,10,18,0,28,18,47,54,3,122,24,0,24,146
08/19/2004,FAR,ND,AGL,CE,Towers with Radar,19,38,37,3,97,0,26,22,0,48,19,64,59,3,145,40,0,40,185
08/20/2004,FAR,ND,AGL,CE,Towers with Radar,10,19,19,2,50,7,0,55,0,62,17,19,74,2,112,104,6,110,222
08/21/2004,FAR,ND,AGL,CE,Towers with Radar,17,33,32,1,83,0,21,64,0,85,17,54,96,1,168,96,0,96,264
08/22/2004,FAR,ND,AGL,CE,Towers with Radar,10,12,18,3,43,7,0,22,6,35,17,12,40,9,78,21,0,21,99
08/23/2004,FAR,ND,AGL,CE,Towers with Radar,16,32,32,4,84,3,4,14,3,24,19,36,46,7,108,43,0,43,151
08/24/2004,FAR,ND,AGL,CE,Towers with Radar,18,46,45,5,114,0,4,42,13,59,18,50,87,18,173,88,8,96,269
08/25/2004,FAR,ND,AGL,CE,Towers with Radar,19,37,37,4,97,0,2,49,0,51,19,39,86,4,148,68,0,68,216
08/26/2004,FAR,ND,AGL,CE,Towers with Radar,18,53,53,7,131,0,3,21,4,28,18,56,74,11,159,152,10,162,321
08/27/2004,FAR,ND,AGL,CE,Towers with Radar,16,42,50,3,111,0,0,55,0,55,16,42,105,3,166,76,0,76,242
08/28/2004,FAR,ND,AGL,CE,Towers with Radar,10,19,20,2,51,7,0,66,0,73,17,19,86,2,124,70,0,70,194
08/29/2004,FAR,ND,AGL,CE,Towers with Radar,10,17,19,2,48,7,0,31,0,38,17,17,50,2,86,35,0,35,121
08/30/2004,FAR,ND,AGL,CE,Towers with Radar,16,29,31,0,76,1,0,83,0,84,17,29,114,0,160,82,0,82,242
08/31/2004,FAR,ND,AGL,CE,Towers with Radar,17,43,43,5,108,0,5,80,11,96,17,48,123,16,204,84,0,84,288
09/01/2004,FAR,ND,AGL,CE,Towers with Radar,19,45,46,5,115,1,6,63,0,70,20,51,109,5,185,91,0,91,276
09/02/2004,FAR,ND,AGL,CE,Towers with Radar,19,42,43,6,110,3,2,34,7,46,22,44,77,13,156,14,16,30,186
09/03/2004,FAR,ND,AGL,CE,Towers with Radar,14,30,31,3,78,1,9,38,9,57,15,39,69,12,135,65,27,92,227
09/04/2004,FAR,ND,AGL,CE,Towers with Radar,9,22,23,0,54,0,11,1,0,12,9,33,24,0,66,18,0,18,84
09/05/2004,FAR,ND,AGL,CE,Towers with Radar,2,9,6,0,17,0,6,0,0,6,2,15,6,0,23,0,0,0,23
09/06/2004,FAR,ND,AGL,CE,Towers with Radar,8,17,19,0,44,7,0,37,0,44,15,17,56,0,88,8,0,8,96
09/07/2004,FAR,ND,AGL,CE,Towers with Radar,17,41,42,6,106,0,0,63,9,72,17,41,105,15,178,64,8,72,250
09/08/2004,FAR,ND,AGL,CE,Towers with Radar,18,42,41,5,106,3,1,27,12,43,21,43,68,17,149,72,4,76,225
09/09/2004,FAR,ND,AGL,CE,Towers with Radar,17,47,47,6,117,0,8,92,11,111,17,55,139,17,228,84,6,90,318
09/10/2004,FAR,ND,AGL,CE,Towers with Radar,15,37,36,5,93,0,14,43,5,62,15,51,79,10,155,0,0,0,155
09/11/2004,FAR,ND,AGL,CE,Towers with Radar,10,26,28,3,67,0,0,69,0,69,10,26,97,3,136,50,0,50,186
09/12/2004,FAR,ND,AGL,CE,Towers with Radar,9,18,22,2,51,5,0,38,0,43,14,18,60,2,94,0,0,0,94
09/13/2004,FAR,ND,AGL,CE,Towers with Radar,16,30,36,0,82,0,0,30,0,30,16,30,66,0,112,33,0,33,145
09/14/2004,FAR,ND,AGL,CE,Towers with Radar,15,47,51,6,119,0,0,30,11,41,15,47,81,17,160,54,2,56,216
09/15/2004,FAR,ND,AGL,CE,Towers with Radar,18,42,41,2,103,1,1,14,0,16,19,43,55,2,119,12,0,12,131
09/16/2004,FAR,ND,AGL,CE,Towers with Radar,17,40,39,2,98,3,0,39,0,42,20,40,78,2,140,52,4,56,196
09/17/2004,FAR,ND,AGL,CE,Towers with Radar,18,43,43,5,109,2,3,108,2,115,20,46,151,7,224,52,4,56,280
09/18/2004,FAR,ND,AGL,CE,Towers with Radar,9,20,22,2,53,5,0,39,4,48,14,20,61,6,101,12,0,12,113
09/19/2004,FAR,ND,AGL,CE,Towers with Radar,8,16,19,2,45,7,0,8,2,17,15,16,27,4,62,0,0,0,62
09/20/2004,FAR,ND,AGL,CE,Towers with Radar,13,30,31,3,77,4,0,4,1,9,17,30,35,4,86,4,0,4,90
09/21/2004,FAR,ND,AGL,CE,Towers with Radar,15,47,48,7,117,0,0,30,0,30,15,47,78,7,147,61,4,65,212
09/22/2004,FAR,ND,AGL,CE,Towers with Radar,9,31,41,5,86,0,0,15,0,15,9,31,56,5,101,2,0,2,103
09/23/2004,FAR,ND,AGL,CE,Towers with Radar,9,23,24,0,56,0,5,1,0,6,9,28,25,0,62,8,0,8,70
09/24/2004,FAR,ND,AGL,CE,Towers with Radar,18,44,47,6,115,0,0,82,8,90,18,44,129,14,205,64,4,68,273
09/25/2004,FAR,ND,AGL,CE,Towers with Radar,7,24,25,3,59,0,3,98,0,101,7,27,123,3,160,30,0,30,190
09/26/2004,FAR,ND,AGL,CE,Towers with Radar,10,14,21,2,47,6,0,67,0,73,16,14,88,2,120,64,0,64,184
09/27/2004,FAR,ND,AGL,CE,Towers with Radar,17,36,38,4,95,0,1,69,4,74,17,37,107,8,169,54,0,54,223
09/28/2004,FAR,ND,AGL,CE,Towers with Radar,17,38,39,4,98,0,1,91,0,92,17,39,130,4,190,58,0,58,248
09/29/2004,FAR,ND,AGL,CE,Towers with Radar,18,41,43,5,107,0,0,70,4,74,18,41,113,9,181,28,0,28,209
09/30/2004,FAR,ND,AGL,CE,Towers with Radar,18,47,50,5,120,0,0,65,0,65,18,47,115,5,185,67,0,67,252
10/01/2004,FAR,ND,AGL,CE,Combined TRACON& Tower with Radar,18,47,25,6,96,0,1,18,0,19,18,48,43,6,115,24,6,30,145
10/02/2004,FAR,ND,AGL,CE,Combined TRACON& Tower with Radar,11,20,11,5,47,0,2,61,9,72,11,22,72,14,119,25,0,25,144
10/03/2004,FAR,ND,AGL,CE,Combined TRACON& Tower with Radar,15,17,8,1,41,0,0,19,0,19,15,17,27,1,60,0,0,0,60
10/04/2004,FAR,ND,AGL,CE,Combined TRACON& Tower with Radar,11,44,35,9,99,0,0,52,2,54,11,44,87,11,153,56,0,56,209
10/05/2004,FAR,ND,AGL,CE,Combined TRACON& Tower with Radar,17,42,30,0,89,0,2,69,16,87,17,44,99,16,176,102,24,126,302
10/06/2004,FAR,ND,AGL,CE,Combined TRACON& Tower with Radar,18,41,37,12,108,0,8,60,0,68,18,49,97,12,176,49,0,49,225
10/07/2004,FAR,ND,AGL,CE,Combined TRACON& Tower with Radar,16,53,42,2,113,0,4,29,2,35,16,57,71,4,148,66,0,66,214
10/08/2004,FAR,ND,AGL,CE,Combined TRACON& Tower with Radar,13,48,31,0,92,0,16,41,1,58,13,64,72,1,150,20,0,20,170
10/09/2004,FAR,ND,AGL,CE,Combined TRACON& Tower with Radar,15,25,23,2,65,0,6,65,0,71,15,31,88,2,136,30,0,30,166
10/10/2004,FAR,ND,AGL,CE,Combined TRACON& Tower with Radar,18,16,15,2,51,0,5,25,0,30,18,21,40,2,81,12,0,12,93
10/11/2004,FAR,ND,AGL,CE,Combined TRACON& Tower with Radar,17,28,32,0,77,0,17,51,2,70,17,45,83,2,147,76,0,76,223
10/12/2004,FAR,ND,AGL,CE,Combined TRACON& Tower with Radar,17,54,27,0,98,0,20,61,0,81,17,74,88,0,179,107,0,107,286
10/13/2004,FAR,ND,AGL,CE,Combined TRACON& Tower with Radar,13,58,37,15,123,0,12,20,0,32,13,70,57,15,155,84,0,84,239
10/14/2004,FAR,ND,AGL,CE,Combined TRACON& Tower with Radar,18,47,39,28,132,0,15,22,0,37,18,62,61,28,169,63,10,73,242
10/15/2004,FAR,ND,AGL,CE,Combined TRACON& Tower with Radar,16,47,30,31,124,0,12,11,1,24,16,59,41,32,148,26,0,26,174
10/16/2004,FAR,ND,AGL,CE,Combined TRACON& Tower with Radar,16,18,20,6,60,0,2,30,11,43,16,20,50,17,103,105,0,105,208
10/17/2004,FAR,ND,AGL,CE,Combined TRACON& Tower with Radar,15,17,12,0,44,0,0,21,1,22,15,17,33,1,66,32,0,32,98
10/18/2004,FAR,ND,AGL,CE,Combined TRACON& Tower with Radar,16,43,30,20,109,0,7,30,0,37,16,50,60,20,146,12,0,12,158
10/19/2004,FAR,ND,AGL,CE,Combined TRACON& Tower with Radar,20,51,38,18,127,0,7,38,5,50,20,58,76,23,177,30,0,30,207
10/20/2004,FAR,ND,AGL,CE,Combined TRACON& Tower with Radar,19,48,50,20,137,0,4,48,3,55,19,52,98,23,192,147,44,191,383
10/21/2004,FAR,ND,AGL,CE,Combined TRACON& Tower with Radar,13,54,38,26,131,0,0,5,1,6,13,54,43,27,137,6,0,6,143
10/22/2004,FAR,ND,AGL,CE,Combined TRACON& Tower with Radar,21,44,38,6,109,0,0,0,0,0,21,44,38,6,109,4,0,4,113
10/23/2004,FAR,ND,AGL,CE,Combined TRACON& Tower with Radar,11,19,16,0,46,0,3,14,0,17,11,22,30,0,63,54,0,54,117
10/24/2004,FAR,ND,AGL,CE,Combined TRACON& Tower with Radar,11,21,20,3,55,0,0,7,0,7,11,21,27,3,62,46,0,46,108
10/25/2004,FAR,ND,AGL,CE,Combined TRACON& Tower with Radar,16,42,38,3,99,0,3,55,7,65,16,45,93,10,164,137,0,137,301
10/26/2004,FAR,ND,AGL,CE,Combined TRACON& Tower with Radar,20,43,54,11,128,5,6,50,2,63,25,49,104,13,191,110,0,110,301
10/27/2004,FAR,ND,AGL,CE,Combined TRACON& Tower with Radar,13,59,45,11,128,0,0,19,1,20,13,59,64,12,148,128,6,134,282
10/28/2004,FAR,ND,AGL,CE,Combined TRACON& Tower with Radar,11,56,36,7,110,0,0,3,0,3,11,56,39,7,113,0,0,0,113
10/29/2004,FAR,ND,AGL,CE,Combined TRACON& Tower with Radar,25,37,29,3,94,0,0,0,0,0,25,37,29,3,94,0,0,0,94
10/30/2004,FAR,ND,AGL,CE,Combined TRACON& Tower with Radar,16,19,16,2,53,0,0,0,0,0,16,19,16,2,53,0,0,0,53
10/31/2004,FAR,ND,AGL,CE,Combined TRACON& Tower with Radar,15,29,26,3,73,0,1,6,0,7,15,30,32,3,80,28,0,28,108
11/01/2004,FAR,ND,AGL,CE,Combined TRACON& Tower with Radar,19,36,65,11,131,0,3,8,1,12,19,39,73,12,143,34,0,34,177
11/02/2004,FAR,ND,AGL,CE,Combined TRACON& Tower with Radar,18,49,23,10,100,0,19,51,0,70,18,68,74,10,170,85,10,95,265
11/03/2004,FAR,ND,AGL,CE,Combined TRACON& Tower with Radar,18,55,51,11,135,0,14,63,1,78,18,69,114,12,213,185,4,189,402
11/04/2004,FAR,ND,AGL,CE,Combined TRACON& Tower with Radar,20,52,43,16,131,0,17,57,2,76,20,69,100,18,207,90,10,100,307
11/05/2004,FAR,ND,AGL,CE,Combined TRACON& Tower with Radar,22,45,19,7,93,0,18,43,0,61,22,63,62,7,154,89,5,94,248
11/06/2004,FAR,ND,AGL,CE,Combined TRACON& Tower with Radar,15,32,19,4,70,0,3,52,0,55,15,35,71,4,125,34,8,42,167
11/07/2004,FAR,ND,AGL,CE,Combined TRACON& Tower with Radar,17,26,19,1,63,0,8,67,0,75,17,34,86,1,138,65,0,65,203
11/08/2004,FAR,ND,AGL,CE,Combined TRACON& Tower with Radar,14,46,41,13,114,0,9,41,0,50,14,55,82,13,164,38,6,44,208
11/09/2004,FAR,ND,AGL,CE,Combined TRACON& Tower with Radar,17,52,38,13,120,0,9,44,1,54,17,61,82,14,174,105,14,119,293
11/10/2004,FAR,ND,AGL,CE,Combined TRACON& Tower with Radar,18,53,29,15,115,0,6,20,1,27,18,59,49,16,142,24,10,34,176
11/11/2004,FAR,ND,AGL,CE,Combined TRACON& Tower with Radar,17,48,43,5,113,0,24,73,0,97,17,72,116,5,210,118,8,126,336
11/12/2004,FAR,ND,AGL,CE,Combined TRACON& Tower with Radar,20,50,27,3,100,0,20,57,0,77,20,70,84,3,177,116,0,116,293
11/13/2004,FAR,ND,AGL,CE,Combined TRACON& Tower with Radar,14,23,4,0,41,0,11,82,0,93,14,34,86,0,134,98,0,98,232
11/14/2004,FAR,ND,AGL,CE,Combined TRACON& Tower with Radar,16,26,33,0,75,0,0,33,0,33,16,26,66,0,108,56,0,56,164
11/15/2004,FAR,ND,AGL,CE,Combined TRACON& Tower with Radar,16,52,22,12,102,0,10,40,0,50,16,62,62,12,152,66,16,82,234
11/16/2004,FAR,ND,AGL,CE,Combined TRACON& Tower with Radar,17,49,28,20,114,0,8,50,6,64,17,57,78,26,178,120,14,134,312
11/17/2004,FAR,ND,AGL,CE,Combined TRACON& Tower with Radar,12,48,28,11,99,0,2,4,3,9,12,50,32,14,108,18,0,18,126
11/18/2004,FAR,ND,AGL,CE,Combined TRACON& Tower with Radar,20,58,53,10,141,0,11,87,2,100,20,69,140,12,241,146,8,154,395
11/19/2004,FAR,ND,AGL,CE,Combined TRACON& Tower with Radar,18,45,34,5,102,0,1,33,4,38,18,46,67,9,140,79,0,79,219
11/20/2004,FAR,ND,AGL,CE,Combined TRACON& Tower with Radar,13,25,15,4,57,0,4,33,1,38,13,29,48,5,95,22,0,22,117
11/21/2004,FAR,ND,AGL,CE,Combined TRACON& Tower with Radar,17,29,12,2,60,0,10,25,0,35,17,39,37,2,95,37,0,37,132
11/22/2004,FAR,ND,AGL,CE,Combined TRACON& Tower with Radar,17,43,39,9,108,0,4,38,0,42,17,47,77,9,150,43,2,45,195
11/23/2004,FAR,ND,AGL,CE,Combined TRACON& Tower with Radar,18,40,40,13,111,0,14,50,1,65,18,54,90,14,176,94,4,98,274
11/24/2004,FAR,ND,AGL,CE,Combined TRACON& Tower with Radar,15,46,46,13,120,0,3,47,3,53,15,49,93,16,173,90,6,96,269
11/25/2004,FAR,ND,AGL,CE,Combined TRACON& Tower with Radar,11,17,10,4,42,0,0,11,0,11,11,17,21,4,53,0,0,0,53
11/26/2004,FAR,ND,AGL,CE,Combined TRACON& Tower with Radar,14,37,12,0,63,0,0,0,0,0,14,37,12,0,63,6,0,6,69
11/27/2004,FAR,ND,AGL,CE,Combined TRACON& Tower with Radar,14,23,12,1,50,0,0,26,0,26,14,23,38,1,76,35,0,35,111
11/28/2004,FAR,ND,AGL,CE,Combined TRACON& Tower with Radar,19,22,27,0,68,0,0,7,0,7,19,22,34,0,75,0,0,0,75
11/29/2004,FAR,ND,AGL,CE,Combined TRACON& Tower with Radar,20,40,31,7,98,0,19,47,0,66,20,59,78,7,164,119,6,125,289
11/30/2004,FAR,ND,AGL,CE,Combined TRACON& Tower with Radar,16,48,25,9,98,0,5,58,2,65,16,53,83,11,163,48,2,50,213
12/01/2004,FAR,ND,AGL,CE,Combined TRACON& Tower with Radar,21,45,53,12,131,0,1,24,9,34,21,46,77,21,165,45,10,55,220
12/02/2004,FAR,ND,AGL,CE,Combined TRACON& Tower with Radar,22,44,68,11,145,1,12,66,0,79,23,56,134,11,224,92,6,98,322
12/03/2004,FAR,ND,AGL,CE,Combined TRACON& Tower with Radar,24,41,44,1,110,0,1,22,3,26,24,42,66,4,136,64,0,64,200
12/04/2004,FAR,ND,AGL,CE,Combined TRACON& Tower with Radar,15,36,26,5,82,0,14,27,3,44,15,50,53,8,126,82,0,82,208
12/05/2004,FAR,ND,AGL,CE,Combined TRACON& Tower with Radar,21,20,16,1,58,0,0,13,3,16,21,20,29,4,74,67,0,67,141
12/06/2004,FAR,ND,AGL,CE,Combined TRACON& Tower with Radar,19,32,20,0,71,0,0,0,0,0,19,32,20,0,71,0,0,0,71
12/07/2004,FAR,ND,AGL,CE,Combined TRACON& Tower with Radar,15,43,28,0,86,0,0,2,0,2,15,43,30,0,88,73,0,73,161
12/08/2004,FAR,ND,AGL,CE,Combined TRACON& Tower with Radar,16,47,30,1,94,0,0,5,0,5,16,47,35,1,99,4,0,4,103
12/09/2004,FAR,ND,AGL,CE,Combined TRACON& Tower with Radar,24,43,35,0,102,0,0,0,0,0,24,43,35,0,102,0,0,0,102
12/10/2004,FAR,ND,AGL,CE,Combined TRACON& Tower with Radar,22,39,31,1,93,0,0,0,0,0,22,39,31,1,93,1,0,1,94
12/11/2004,FAR,ND,AGL,CE,Combined TRACON& Tower with Radar,12,24,9,0,45,0,0,2,0,2,12,24,11,0,47,30,0,30,77
12/12/2004,FAR,ND,AGL,CE,Combined TRACON& Tower with Radar,16,20,9,0,45,0,0,1,0,1,16,20,10,0,46,0,0,0,46
12/13/2004,FAR,ND,AGL,CE,Combined TRACON& Tower with Radar,19,44,42,3,108,0,17,53,5,75,19,61,95,8,183,68,0,68,251
12/14/2004,FAR,ND,AGL,CE,Combined TRACON& Tower with Radar,27,71,45,4,147,0,35,82,2,119,27,106,127,6,266,95,2,97,363
12/15/2004,FAR,ND,AGL,CE,Combined TRACON& Tower with Radar,17,58,47,5,127,0,28,55,3,86,17,86,102,8,213,146,10,156,369
12/16/2004,FAR,ND,AGL,CE,Combined TRACON& Tower with Radar,19,52,39,5,115,0,6,51,2,59,19,58,90,7,174,124,1,125,299
12/17/2004,FAR,ND,AGL,CE,Combined TRACON& Tower with Radar,16,53,23,3,95,0,1,27,2,30,16,54,50,5,125,46,0,46,171
12/18/2004,FAR,ND,AGL,CE,Combined TRACON& Tower with Radar,17,26,9,3,55,0,1,18,2,21,17,27,27,5,76,4,2,6,82
12/19/2004,FAR,ND,AGL,CE,Combined TRACON& Tower with Radar,15,17,10,11,53,0,2,14,1,17,15,19,24,12,70,11,0,11,81
12/20/2004,FAR,ND,AGL,CE,Combined TRACON& Tower with Radar,20,42,38,5,105,0,6,27,5,38,20,48,65,10,143,71,10,81,224
12/21/2004,FAR,ND,AGL,CE,Combined TRACON& Tower with Radar,21,37,35,7,100,0,2,7,4,13,21,39,42,11,113,40,0,40,153
12/22/2004,FAR,ND,AGL,CE,Combined TRACON& Tower with Radar,19,39,22,0,80,0,6,27,3,36,19,45,49,3,116,29,0,29,145
12/23/2004,FAR,ND,AGL,CE,Combined TRACON& Tower with Radar,11,39,27,0,77,0,2,26,0,28,11,41,53,0,105,20,0,20,125
12/24/2004,FAR,ND,AGL,CE,Combined TRACON& Tower with Radar,17,34,7,0,58,0,2,8,0,10,17,36,15,0,68,8,0,8,76
12/25/2004,FAR,ND,AGL,CE,Combined TRACON& Tower with Radar,15,15,1,0,31,0,0,3,0,3,15,15,4,0,34,0,0,0,34
12/26/2004,FAR,ND,AGL,CE,Combined TRACON& Tower with Radar,11,21,19,0,51,0,0,11,0,11,11,21,30,0,62,0,0,0,62
12/27/2004,FAR,ND,AGL,CE,Combined TRACON& Tower with Radar,17,31,22,7,77,0,0,8,0,8,17,31,30,7,85,22,2,24,109
12/28/2004,FAR,ND,AGL,CE,Combined TRACON& Tower with Radar,15,42,16,4,77,0,0,4,0,4,15,42,20,4,81,6,0,6,87
12/29/2004,FAR,ND,AGL,CE,Combined TRACON& Tower with Radar,13,41,21,1,76,0,1,0,0,1,13,42,21,1,77,6,0,6,83
12/30/2004,FAR,ND,AGL,CE,Combined TRACON& Tower with Radar,12,33,3,0,48,0,0,0,0,0,12,33,3,0,48,0,0,0,48
12/31/2004,FAR,ND,AGL,CE,Combined TRACON& Tower with Radar,17,38,6,0,61,0,0,1,0,1,17,38,7,0,62,2,0,2,64
01/01/2005,FAR,ND,AGL,CE,Combined TRACON& Tower with Radar,5,22,1,0,28,0,0,0,0,0,5,22,1,0,28,0,0,0,28
01/02/2005,FAR,ND,AGL,CE,Combined TRACON& Tower with Radar,14,17,8,0,39,0,2,22,0,24,14,19,30,0,63,14,0,14,77
01/03/2005,FAR,ND,AGL,CE,Combined TRACON& Tower with Radar,17,30,24,0,71,0,0,24,0,24,17,30,48,0,95,62,0,62,157
01/04/2005,FAR,ND,AGL,CE,Combined TRACON& Tower with Radar,19,46,35,3,103,0,0,41,3,44,19,46,76,6,147,51,0,51,198
01/05/2005,FAR,ND,AGL,CE,Combined TRACON& Tower with Radar,19,38,28,2,87,0,0,19,2,21,19,38,47,4,108,10,18,28,136
01/06/2005,FAR,ND,AGL,CE,Combined TRACON& Tower with Radar,15,41,20,12,88,0,4,32,7,43,15,45,52,19,131,20,14,34,165
01/07/2005,FAR,ND,AGL,CE,Combined TRACON& Tower with Radar,16,43,20,0,79,0,0,13,0,13,16,43,33,0,92,66,0,66,158
01/08/2005,FAR,ND,AGL,CE,Combined TRACON& Tower with Radar,13,23,20,0,56,0,0,19,0,19,13,23,39,0,75,59,0,59,134
01/09/2005,FAR,ND,AGL,CE,Combined TRACON& Tower with Radar,13,17,14,0,44,0,0,4,0,4,13,17,18,0,48,2,0,2,50
01/10/2005,FAR,ND,AGL,CE,Combined TRACON& Tower with Radar,17,32,38,2,89,0,9,30,3,42,17,41,68,5,131,22,0,22,153
01/11/2005,FAR,ND,AGL,CE,Combined TRACON& Tower with Radar,18,42,46,10,116,0,0,43,0,43,18,42,89,10,159,51,24,75,234
01/12/2005,FAR,ND,AGL,CE,Combined TRACON& Tower with Radar,19,45,25,1,90,0,0,3,2,5,19,45,28,3,95,0,0,0,95
01/13/2005,FAR,ND,AGL,CE,Combined TRACON& Tower with Radar,17,36,20,0,73,0,2,8,0,10,17,38,28,0,83,4,0,4,87
01/14/2005,FAR,ND,AGL,CE,Combined TRACON& Tower with Radar,16,48,24,1,89,0,3,11,0,14,16,51,35,1,103,0,0,0,103
01/15/2005,FAR,ND,AGL,CE,Combined TRACON& Tower with Radar,13,26,13,2,54,0,1,12,0,13,13,27,25,2,67,8,0,8,75
01/16/2005,FAR,ND,AGL,CE,Combined TRACON& Tower with Radar,15,17,7,2,41,0,5,7,0,12,15,22,14,2,53,20,0,20,73
01/17/2005,FAR,ND,AGL,CE,Combined TRACON& Tower with Radar,17,37,25,0,79,0,11,15,0,26,17,48,40,0,105,20,0,20,125
01/18/2005,FAR,ND,AGL,CE,Combined TRACON& Tower with Radar,18,51,21,4,94,0,0,1,0,1,18,51,22,4,95,4,0,4,99
01/19/2005,FAR,ND,AGL,CE,Combined TRACON& Tower with Radar,18,46,41,1,106,0,0,13,6,19,18,46,54,7,125,4,0,4,129
01/20/2005,FAR,ND,AGL,CE,Combined TRACON& Tower with Radar,23,43,31,0,97,0,0,0,0,0,23,43,31,0,97,2,0,2,99
01/21/2005,FAR,ND,AGL,CE,Combined TRACON& Tower with Radar,13,36,10,0,59,0,0,0,0,0,13,36,10,0,59,0,0,0,59
01/22/2005,FAR,ND,AGL,CE,Combined TRACON& Tower with Radar,12,20,11,0,43,0,20,7,0,27,12,40,18,0,70,30,0,30,100
01/23/2005,FAR,ND,AGL,CE,Combined TRACON& Tower with Radar,18,17,7,2,44,0,20,26,0,46,18,37,33,2,90,49,0,49,139
01/24/2005,FAR,ND,AGL,CE,Combined TRACON& Tower with Radar,15,36,62,1,114,0,0,3,1,4,15,36,65,2,118,0,0,0,118
01/25/2005,FAR,ND,AGL,CE,Combined TRACON& Tower with Radar,19,40,42,4,105,0,3,27,3,33,19,43,69,7,138,96,0,96,234
01/26/2005,FAR,ND,AGL,CE,Combined TRACON& Tower with Radar,17,57,41,15,130,0,19,45,5,69,17,76,86,20,199,96,32,128,327
01/27/2005,FAR,ND,AGL,CE,Combined TRACON& Tower with Radar,24,45,57,12,138,0,2,26,8,36,24,47,83,20,174,60,34,94,268
01/28/2005,FAR,ND,AGL,CE,Combined TRACON& Tower with Radar,16,47,12,2,77,0,0,0,0,0,16,47,12,2,77,1,0,1,78
01/29/2005,FAR,ND,AGL,CE,Combined TRACON& Tower with Radar,13,14,15,6,48,0,0,3,0,3,13,14,18,6,51,24,0,24,75
01/30/2005,FAR,ND,AGL,CE,Combined TRACON& Tower with Radar,20,13,10,4,47,0,0,1,2,3,20,13,11,6,50,8,0,8,58
01/31/2005,FAR,ND,AGL,CE,Combined TRACON& Tower with Radar,19,39,19,2,79,0,0,0,0,0,19,39,19,2,79,0,0,0,79
02/01/2005,FAR,ND,AGL,CE,Combined TRACON& Tower with Radar,19,59,23,13,114,0,0,10,4,14,19,59,33,17,128,51,2,53,181
02/02/2005,FAR,ND,AGL,CE,Combined TRACON& Tower with Radar,20,63,40,11,134,0,38,29,9,76,20,101,69,20,210,100,4,104,314
02/03/2005,FAR,ND,AGL,CE,Combined TRACON& Tower with Radar,38,50,30,8,126,0,12,56,1,69,38,62,86,9,195,63,6,69,264
02/04/2005,FAR,ND,AGL,CE,Combined TRACON& Tower with Radar,20,55,34,15,124,0,29,86,0,115,20,84,120,15,239,107,6,113,352
02/05/2005,FAR,ND,AGL,CE,Combined TRACON& Tower with Radar,26,7,15,2,50,0,0,25,1,26,26,7,40,3,76,59,0,59,135
02/06/2005,FAR,ND,AGL,CE,Combined TRACON& Tower with Radar,16,18,9,1,44,0,6,27,0,33,16,24,36,1,77,59,0,59,136
02/07/2005,FAR,ND,AGL,CE,Combined TRACON& Tower with Radar,18,49,21,9,97,0,22,33,4,59,18,71,54,13,156,63,8,71,227
02/08/2005,FAR,ND,AGL,CE,Combined TRACON& Tower with Radar,21,65,31,10,127,0,21,34,3,58,21,86,65,13,185,94,0,94,279
02/09/2005,FAR,ND,AGL,CE,Combined TRACON& Tower with Radar,20,57,29,9,115,0,32,43,2,77,20,89,72,11,192,100,12,112,304
02/10/2005,FAR,ND,AGL,CE,Combined TRACON& Tower with Radar,36,48,38,13,135,0,19,28,1,48,36,67,66,14,183,104,10,114,297
02/11/2005,FAR,ND,AGL,CE,Combined TRACON& Tower with Radar,32,49,32,6,119,0,20,56,2,78,32,69,88,8,197,106,6,112,309
02/12/2005,FAR,ND,AGL,CE,Combined TRACON& Tower with Radar,13,34,12,0,59,0,20,88,4,112,13,54,100,4,171,138,0,138,309
02/13/2005,FAR,ND,AGL,CE,Combined TRACON& Tower with Radar,15,16,16,4,51,0,0,13,0,13,15,16,29,4,64,25,0,25,89
02/14/2005,FAR,ND,AGL,CE,Combined TRACON& Tower with Radar,20,36,41,1,98,0,0,25,0,25,20,36,66,1,123,84,0,84,207
02/15/2005,FAR,ND,AGL,CE,Combined TRACON& Tower with Radar,18,54,46,12,130,0,6,50,5,61,18,60,96,17,191,144,22,166,357
02/16/2005,FAR,ND,AGL,CE,Combined TRACON& Tower with Radar,20,51,49,6,126,0,18,27,2,47,20,69,76,8,173,45,0,45,218
02/17/2005,FAR,ND,AGL,CE,Combined TRACON& Tower with Radar,22,56,22,9,109,0,37,42,4,83,22,93,64,13,192,99,22,121,313
02/18/2005,FAR,ND,AGL,CE,Combined TRACON& Tower with Radar,19,38,34,6,97,0,14,28,1,43,19,52,62,7,140,76,0,76,216
02/19/2005,FAR,ND,AGL,CE,Combined TRACON& Tower with Radar,13,30,18,0,61,0,26,54,0,80,13,56,72,0,141,161,0,161,302
02/20/2005,FAR,ND,AGL,CE,Combined TRACON& Tower with Radar,18,14,9,0,41,0,1,5,0,6,18,15,14,0,47,18,0,18,65
02/21/2005,FAR,ND,AGL,CE,Combined TRACON& Tower with Radar,13,39,42,0,94,0,18,43,2,63,13,57,85,2,157,112,0,112,269
02/22/2005,FAR,ND,AGL,CE,Combined TRACON& Tower with Radar,20,39,39,12,110,0,21,39,4,64,20,60,78,16,174,138,26,164,338
02/23/2005,FAR,ND,AGL,CE,Combined TRACON& Tower with Radar,20,44,41,15,120,0,1,39,0,40,20,45,80,15,160,80,10,90,250
02/24/2005,FAR,ND,AGL,CE,Combined TRACON& Tower with Radar,22,41,50,14,127,0,19,25,7,51,22,60,75,21,178,23,18,41,219
02/25/2005,FAR,ND,AGL,CE,Combined TRACON& Tower with Radar,18,47,42,10,117,0,21,36,1,58,18,68,78,11,175,110,0,110,285
02/26/2005,FAR,ND,AGL,CE,Combined TRACON& Tower with Radar,15,8,23,0,46,16,0,16,0,32,31,8,39,0,78,14,0,14,92
02/27/2005,FAR,ND,AGL,CE,Combined TRACON& Tower with Radar,16,18,13,0,47,0,0,4,0,4,16,18,17,0,51,8,0,8,59
02/28/2005,FAR,ND,AGL,CE,Combined TRACON& Tower with Radar,19,30,30,2,81,0,13,9,0,22,19,43,39,2,103,42,0,42,145
03/01/2005,FAR,ND,AGL,CE,Combined TRACON& Tower with Radar,17,49,41,10,117,0,26,65,1,92,17,75,106,11,209,174,6,180,389
03/02/2005,FAR,ND,AGL,CE,Combined TRACON& Tower with Radar,22,47,29,11,109,0,27,55,9,91,22,74,84,20,200,95,16,111,311
03/03/2005,FAR,ND,AGL,CE,Combined TRACON& Tower with Radar,22,43,41,11,117,0,627,1019,9,1655,22,670,1060,20,1772,560,60,620,2392
03/04/2005,FAR,ND,AGL,CE,Combined TRACON& Tower with Radar,17,41,29,4,91,0,5,26,2,33,17,46,55,6,124,22,0,22,146
03/05/2005,FAR,ND,AGL,CE,Combined TRACON& Tower with Radar,14,37,30,0,81,0,16,80,2,98,14,53,110,2,179,78,0,78,257
03/06/2005,FAR,ND,AGL,CE,Combined TRACON& Tower with Radar,18,22,41,0,81,0,8,55,2,65,18,30,96,2,146,29,0,29,175
03/07/2005,FAR,ND,AGL,CE,Combined TRACON& Tower with Radar,16,50,39,8,113,0,22,21,0,43,16,72,60,8,156,46,2,48,204
03/08/2005,FAR,ND,AGL,CE,Combined TRACON& Tower with Radar,16,44,47,6,113,0,9,40,2,51,16,53,87,8,164,78,4,82,246
03/09/2005,FAR,ND,AGL,CE,Combined TRACON& Tower with Radar,19,45,51,16,131,0,3,35,5,43,19,48,86,21,174,52,14,66,240
03/10/2005,FAR,ND,AGL,CE,Combined TRACON& Tower with Radar,24,39,22,2,87,0,1,8,0,9,24,40,30,2,96,0,0,0,96
03/11/2005,FAR,ND,AGL,CE,Combined TRACON& Tower with Radar,18,41,40,2,101,0,1,18,0,19,18,42,58,2,120,1,0,1,121
03/12/2005,FAR,ND,AGL,CE,Combined TRACON& Tower with Radar,15,30,17,1,63,0,4,45,0,49,15,34,62,1,112,97,0,97,209
03/13/2005,FAR,ND,AGL,CE,Combined TRACON& Tower with Radar,17,16,15,8,56,0,1,28,1,30,17,17,43,9,86,6,2,8,94
03/14/2005,FAR,ND,AGL,CE,Combined TRACON& Tower with Radar,14,40,28,2,84,0,0,11,1,12,14,40,39,3,96,47,0,47,143
03/15/2005,FAR,ND,AGL,CE,Combined TRACON& Tower with Radar,16,45,45,1,107,0,3,27,0,30,16,48,72,1,137,29,0,29,166
03/16/2005,FAR,ND,AGL,CE,Combined TRACON& Tower with Radar,13,54,33,1,101,0,0,20,4,24,13,54,53,5,125,99,0,99,224
03/17/2005,FAR,ND,AGL,CE,Combined TRACON& Tower with Radar,23,52,32,7,114,0,7,38,0,45,23,59,70,7,159,44,6,50,209
03/18/2005,FAR,ND,AGL,CE,Combined TRACON& Tower with Radar,37,41,30,0,108,0,3,43,0,46,37,44,73,0,154,31,0,31,185
03/19/2005,FAR,ND,AGL,CE,Combined TRACON& Tower with Radar,15,25,23,0,63,0,3,109,2,114,15,28,132,2,177,132,0,132,309
03/20/2005,FAR,ND,AGL,CE,Combined TRACON& Tower with Radar,16,24,17,0,57,0,3,49,0,52,16,27,66,0,109,57,0,57,166
03/21/2005,FAR,ND,AGL,CE,Combined TRACON& Tower with Radar,15,36,53,8,112,0,7,61,0,68,15,43,114,8,180,94,0,94,274
03/22/2005,FAR,ND,AGL,CE,Combined TRACON& Tower with Radar,15,44,46,15,120,0,6,46,1,53,15,50,92,16,173,72,10,82,255
03/23/2005,FAR,ND,AGL,CE,Combined TRACON& Tower with Radar,18,50,45,10,123,0,19,35,5,59,18,69,80,15,182,85,12,97,279
03/24/2005,FAR,ND,AGL,CE,Combined TRACON& Tower with Radar,20,47,29,4,100,0,14,22,4,40,20,61,51,8,140,38,16,54,194
03/25/2005,FAR,ND,AGL,CE,Combined TRACON& Tower with Radar,16,41,18,1,76,0,23,76,0,99,16,64,94,1,175,89,0,89,264
03/26/2005,FAR,ND,AGL,CE,Combined TRACON& Tower with Radar,14,20,10,0,44,0,10,50,0,60,14,30,60,0,104,43,0,43,147
03/27/2005,FAR,ND,AGL,CE,Combined TRACON& Tower with Radar,15,12,13,0,40,0,0,27,0,27,15,12,40,0,67,5,0,5,72
03/28/2005,FAR,ND,AGL,CE,Combined TRACON& Tower with Radar,15,50,44,9,118,0,14,66,2,82,15,64,110,11,200,56,0,56,256
03/29/2005,FAR,ND,AGL,CE,Combined TRACON& Tower with Radar,14,52,53,50,169,0,15,44,0,59,14,67,97,50,228,82,37,119,347
03/30/2005,FAR,ND,AGL,CE,Combined TRACON& Tower with Radar,15,46,37,14,112,0,3,13,0,16,15,49,50,14,128,6,16,22,150
03/31/2005,FAR,ND,AGL,CE,Combined TRACON& Tower with Radar,18,50,27,5,100,0,12,54,4,70,18,62,81,9,170,86,8,94,264
04/01/2005,FAR,ND,AGL,CE,Combined TRACON& Tower with Radar,15,62,18,0,95,0,28,0,3,31,15,90,18,3,126,89,0,89,215
04/02/2005,FAR,ND,AGL,CE,Combined TRACON& Tower with Radar,13,26,18,9,66,0,11,53,1,65,13,37,71,10,131,44,12,56,187
04/03/2005,FAR,ND,AGL,CE,Combined TRACON& Tower with Radar,12,21,11,0,44,0,12,41,4,57,12,33,52,4,101,2,0,2,103
04/04/2005,FAR,ND,AGL,CE,Combined TRACON& Tower with Radar,19,26,74,9,128,0,2,0,3,5,19,28,74,12,133,104,20,124,257
04/05/2005,FAR,ND,AGL,CE,Combined TRACON& Tower with Radar,17,47,44,10,118,0,13,54,6,73,17,60,98,16,191,97,18,115,306
04/06/2005,FAR,ND,AGL,CE,Combined TRACON& Tower with Radar,15,45,57,8,125,0,16,62,5,83,15,61,119,13,208,90,18,108,316
04/07/2005,FAR,ND,AGL,CE,Combined TRACON& Tower with Radar,20,32,38,8,98,0,11,90,1,102,20,43,128,9,200,137,20,157,357
04/08/2005,FAR,ND,AGL,CE,Combined TRACON& Tower with Radar,21,35,23,22,101,0,3,31,7,41,21,38,54,29,142,28,30,58,200
04/09/2005,FAR,ND,AGL,CE,Combined TRACON& Tower with Radar,10,23,8,0,41,0,3,15,1,19,10,26,23,1,60,0,3,3,63
04/10/2005,FAR,ND,AGL,CE,Combined TRACON& Tower with Radar,13,15,21,0,49,0,11,47,0,58,13,26,68,0,107,30,0,30,137
04/11/2005,FAR,ND,AGL,CE,Combined TRACON& Tower with Radar,19,40,28,0,87,0,0,7,0,7,19,40,35,0,94,54,0,54,148
04/12/2005,FAR,ND,AGL,CE,Combined TRACON& Tower with Radar,19,52,51,9,131,0,0,2,0,2,19,52,53,9,133,18,0,18,151
04/13/2005,FAR,ND,AGL,CE,Combined TRACON& Tower with Radar,14,45,48,10,117,0,14,78,4,96,14,59,126,14,213,91,12,103,316
04/14/2005,FAR,ND,AGL,CE,Combined TRACON& Tower with Radar,23,42,54,9,128,0,2,43,0,45,23,44,97,9,173,37,17,54,227
04/15/2005,FAR,ND,AGL,CE,Combined TRACON& Tower with Radar,19,45,37,4,105,0,3,71,1,75,19,48,108,5,180,139,12,151,331
04/16/2005,FAR,ND,AGL,CE,Combined TRACON& Tower with Radar,14,49,28,0,91,0,7,84,3,94,14,56,112,3,185,79,0,79,264
04/17/2005,FAR,ND,AGL,CE,Combined TRACON& Tower with Radar,16,19,15,2,52,0,2,26,0,28,16,21,41,2,80,20,0,20,100
04/18/2005,FAR,ND,AGL,CE,Combined TRACON& Tower with Radar,20,33,35,6,94,0,1,35,2,38,20,34,70,8,132,90,8,98,230
04/19/2005,FAR,ND,AGL,CE,Combined TRACON& Tower with Radar,16,62,57,12,147,0,8,34,11,53,16,70,91,23,200,104,0,104,304
04/20/2005,FAR,ND,AGL,CE,Combined TRACON& Tower with Radar,25,52,45,12,134,0,14,55,2,71,25,66,100,14,205,128,10,138,343
04/21/2005,FAR,ND,AGL,CE,Combined TRACON& Tower with Radar,20,53,30,29,132,0,12,63,0,75,20,65,93,29,207,150,32,182,389
04/22/2005,FAR,ND,AGL,CE,Combined TRACON& Tower with Radar,19,37,36,10,102,0,1,21,2,24,19,38,57,12,126,41,26,67,193
04/23/2005,FAR,ND,AGL,CE,Combined TRACON& Tower with Radar,15,25,11,0,51,0,6,62,2,70,15,31,73,2,121,48,2,50,171
04/24/2005,FAR,ND,AGL,CE,Combined TRACON& Tower with Radar,15,31,15,0,61,0,2,48,0,50,15,33,63,0,111,79,0,79,190
04/25/2005,FAR,ND,AGL,CE,Combined TRACON& Tower with Radar,19,38,31,13,101,0,4,6,2,12,19,42,37,15,113,16,42,58,171
04/26/2005,FAR,ND,AGL,CE,Combined TRACON& Tower with Radar,13,51,37,15,116,0,4,16,2,22,13,55,53,17,138,8,8,16,154
04/27/2005,FAR,ND,AGL,CE,Combined TRACON& Tower with Radar,20,40,45,16,121,0,0,9,2,11,20,40,54,18,132,0,22,22,154
04/28/2005,FAR,ND,AGL,CE,Combined TRACON& Tower with Radar,21,47,44,12,124,0,3,54,3,60,21,50,98,15,184,75,14,89,273
04/29/2005,FAR,ND,AGL,CE,Combined TRACON& Tower with Radar,20,56,50,9,135,0,7,70,1,78,20,63,120,10,213,42,12,54,267
04/30/2005,FAR,ND,AGL,CE,Combined TRACON& Tower with Radar,13,29,27,2,71,0,0,58,5,63,13,29,85,7,134,77,4,81,215
05/01/2005,FAR,ND,AGL,CE,Combined TRACON& Tower with Radar,14,14,13,0,41,0,1,6,0,7,14,15,19,0,48,2,2,4,52
05/02/2005,FAR,ND,AGL,CE,Combined TRACON& Tower with Radar,17,54,40,20,131,0,13,34,8,55,17,67,74,28,186,28,39,67,253
05/03/2005,FAR,ND,AGL,CE,Combined TRACON& Tower with Radar,20,59,37,10,126,0,10,76,8,94,20,69,113,18,220,650,34,684,904
05/04/2005,FAR,ND,AGL,CE,Combined TRACON& Tower with Radar,19,54,48,16,137,0,9,76,6,91,19,63,124,22,228,71,40,111,339
05/05/2005,FAR,ND,AGL,CE,Combined TRACON& Tower with Radar,19,46,48,29,142,0,14,62,1,77,19,60,110,30,219,66,42,108,327
05/06/2005,FAR,ND,AGL,CE,Combined TRACON& Tower with Radar,22,43,34,13,112,0,3,79,1,83,22,46,113,14,195,66,28,94,289
05/07/2005,FAR,ND,AGL,CE,Combined TRACON& Tower with Radar,14,20,17,4,55,0,2,28,0,30,14,22,45,4,85,10,0,10,95
05/08/2005,FAR,ND,AGL,CE,Combined TRACON& Tower with Radar,14,18,17,2,51,0,2,22,1,25,14,20,39,3,76,0,0,0,76
05/09/2005,FAR,ND,AGL,CE,Combined TRACON& Tower with Radar,17,37,46,1,101,0,0,6,0,6,17,37,52,1,107,0,0,0,107
05/10/2005,FAR,ND,AGL,CE,Combined TRACON& Tower with Radar,20,55,64,17,156,0,2,16,1,19,20,57,80,18,175,18,6,24,199
05/11/2005,FAR,ND,AGL,CE,Combined TRACON& Tower with Radar,18,55,46,9,128,0,3,25,3,31,18,58,71,12,159,14,12,26,185
05/12/2005,FAR,ND,AGL,CE,Combined TRACON& Tower with Radar,19,44,30,17,110,0,0,11,0,11,19,44,41,17,121,32,0,32,153
05/13/2005,FAR,ND,AGL,CE,Combined TRACON& Tower with Radar,18,38,28,7,91,0,0,4,0,4,18,38,32,7,95,0,0,0,95
05/14/2005,FAR,ND,AGL,CE,Combined TRACON& Tower with Radar,15,27,16,18,76,0,1,7,1,9,15,28,23,19,85,10,8,18,103
05/15/2005,FAR,ND,AGL,CE,Combined TRACON& Tower with Radar,15,28,23,0,66,0,0,49,0,49,15,28,72,0,115,63,0,63,178
05/16/2005,FAR,ND,AGL,CE,Combined TRACON& Tower with Radar,16,45,48,13,122,0,9,71,7,87,16,54,119,20,209,55,36,91,300
05/17/2005,FAR,ND,AGL,CE,Combined TRACON& Tower with Radar,18,49,71,10,148,0,3,33,10,46,18,52,104,20,194,190,8,198,392
05/18/2005,FAR,ND,AGL,CE,Combined TRACON& Tower with Radar,20,39,52,26,137,0,1,16,0,17,20,40,68,26,154,26,23,49,203
05/19/2005,FAR,ND,AGL,CE,Combined TRACON& Tower with Radar,20,45,46,20,131,0,3,46,3,52,20,48,92,23,183,126,16,142,325
05/20/2005,FAR,ND,AGL,CE,Combined TRACON& Tower with Radar,19,46,46,23,134,0,20,46,8,74,19,66,92,31,208,70,46,116,324
05/21/2005,FAR,ND,AGL,CE,Combined TRACON& Tower with Radar,14,32,9,7,62,0,4,17,0,21,14,36,26,7,83,6,6,12,95
05/22/2005,FAR,ND,AGL,CE,Combined TRACON& Tower with Radar,15,16,10,2,43,0,0,21,0,21,15,16,31,2,64,2,0,2,66
05/23/2005,FAR,ND,AGL,CE,Combined TRACON& Tower with Radar,17,38,30,2,87,0,18,95,5,118,17,56,125,7,205,131,0,131,336
05/24/2005,FAR,ND,AGL,CE,Combined TRACON& Tower with Radar,20,55,39,15,129,0,6,39,3,48,20,61,78,18,177,78,2,80,257
05/25/2005,FAR,ND,AGL,CE,Combined TRACON& Tower with Radar,20,60,62,12,154,0,18,18,3,39,20,78,80,15,193,42,10,52,245
05/26/2005,FAR,ND,AGL,CE,Combined TRACON& Tower with Radar,18,54,58,14,144,0,4,37,7,48,18,58,95,21,192,46,12,58,250
05/27/2005,FAR,ND,AGL,CE,Combined TRACON& Tower with Radar,35,39,44,11,129,0,0,27,1,28,35,39,71,12,157,68,10,78,235
05/28/2005,FAR,ND,AGL,CE,Combined TRACON& Tower with Radar,17,34,26,0,77,0,0,19,0,19,17,34,45,0,96,9,0,9,105
05/29/2005,FAR,ND,AGL,CE,Combined TRACON& Tower with Radar,14,19,22,0,55,0,0,18,0,18,14,19,40,0,73,63,0,63,136
05/30/2005,FAR,ND,AGL,CE,Combined TRACON& Tower with Radar,13,24,20,3,60,0,8,39,1,48,13,32,59,4,108,104,8,112,220
05/31/2005,FAR,ND,AGL,CE,Combined TRACON& Tower with Radar,17,37,42,11,107,0,2,49,0,51,17,39,91,11,158,82,8,90,248
06/01/2005,FAR,ND,AGL,CE,Combined TRACON& Tower with Radar,18,46,40,28,132,0,0,19,1,20,18,46,59,29,152,24,20,44,196
06/02/2005,FAR,ND,AGL,CE,Combined TRACON& Tower with Radar,22,45,29,30,126,0,2,23,0,25,22,47,52,30,151,12,28,40,191
06/03/2005,FAR,ND,AGL,CE,Combined TRACON& Tower with Radar,22,55,25,8,110,0,0,24,0,24,22,55,49,8,134,64,4,68,202
06/04/2005,FAR,ND,AGL,CE,Combined TRACON& Tower with Radar,14,22,12,14,62,0,0,4,0,4,14,22,16,14,66,0,0,0,66
06/05/2005,FAR,ND,AGL,CE,Combined TRACON& Tower with Radar,16,17,25,4,62,0,0,9,2,11,16,17,34,6,73,19,0,19,92
06/06/2005,FAR,ND,AGL,CE,Combined TRACON& Tower with Radar,17,38,48,0,103,0,6,60,5,71,17,44,108,5,174,136,0,136,310
06/07/2005,FAR,ND,AGL,CE,Combined TRACON& Tower with Radar,18,52,43,12,125,0,0,49,7,56,18,52,92,19,181,76,5,81,262
06/08/2005,FAR,ND,AGL,CE,Combined TRACON& Tower with Radar,17,50,52,17,136,0,0,28,4,32,17,50,80,21,168,34,32,66,234
06/09/2005,FAR,ND,AGL,CE,Combined TRACON& Tower with Radar,21,51,73,7,152,0,5,52,8,65,21,56,125,15,217,130,8,138,355
06/10/2005,FAR,ND,AGL,CE,Combined TRACON& Tower with Radar,22,40,39,4,105,0,4,49,9,62,22,44,88,13,167,125,0,125,292
06/11/2005,FAR,ND,AGL,CE,Combined TRACON& Tower with Radar,20,21,19,2,62,0,3,19,0,22,20,24,38,2,84,5,0,5,89
06/12/2005,FAR,ND,AGL,CE,Combined TRACON& Tower with Radar,20,17,24,6,67,0,6,61,5,72,20,23,85,11,139,86,0,86,225
06/13/2005,FAR,ND,AGL,CE,Combined TRACON& Tower with Radar,18,44,44,1,107,0,0,5,1,6,18,44,49,2,113,0,0,0,113
06/14/2005,FAR,ND,AGL,CE,Combined TRACON& Tower with Radar,20,42,58,3,123,0,1,2,0,3,20,43,60,3,126,0,0,0,126
06/15/2005,FAR,ND,AGL,CE,Combined TRACON& Tower with Radar,18,60,86,25,189,0,6,53,4,63,18,66,139,29,252,158,28,186,438
06/16/2005,FAR,ND,AGL,CE,Combined TRACON& Tower with Radar,20,41,38,10,109,0,13,97,11,121,20,54,135,21,230,132,16,148,378
06/17/2005,FAR,ND,AGL,CE,Combined TRACON& Tower with Radar,20,57,42,2,121,0,14,78,1,93,20,71,120,3,214,109,0,109,323
06/18/2005,FAR,ND,AGL,CE,Combined TRACON& Tower with Radar,17,24,17,4,62,0,7,32,0,39,17,31,49,4,101,76,6,82,183
06/19/2005,FAR,ND,AGL,CE,Combined TRACON& Tower with Radar,18,24,13,6,61,0,3,35,2,40,18,27,48,8,101,18,2,20,121
06/20/2005,FAR,ND,AGL,CE,Combined TRACON& Tower with Radar,36,38,42,3,119,0,8,40,0,48,36,46,82,3,167,79,0,79,246
06/21/2005,FAR,ND,AGL,CE,Combined TRACON& Tower with Radar,20,54,48,0,122,0,14,68,0,82,20,68,116,0,204,179,0,179,383
06/22/2005,FAR,ND,AGL,CE,Combined TRACON& Tower with Radar,22,48,53,19,142,0,9,46,7,62,22,57,99,26,204,80,28,108,312
06/23/2005,FAR,ND,AGL,CE,Combined TRACON& Tower with Radar,20,37,64,3,124,0,12,82,5,99,20,49,146,8,223,144,0,144,367
06/24/2005,FAR,ND,AGL,CE,Combined TRACON& Tower with Radar,18,58,56,3,135,0,23,78,4,105,18,81,134,7,240,122,0,122,362
06/25/2005,FAR,ND,AGL,CE,Combined TRACON& Tower with Radar,17,24,14,2,57,0,14,50,2,66,17,38,64,4,123,49,0,49,172
06/26/2005,FAR,ND,AGL,CE,Combined TRACON& Tower with Radar,17,18,28,1,64,0,3,7,0,10,17,21,35,1,74,1,2,3,77
06/27/2005,FAR,ND,AGL,CE,Combined TRACON& Tower with Radar,27,41,44,13,125,0,1,50,4,55,27,42,94,17,180,71,12,83,263
06/28/2005,FAR,ND,AGL,CE,Combined TRACON& Tower with Radar,22,42,67,12,143,0,10,50,0,60,22,52,117,12,203,120,6,126,329
06/29/2005,FAR,ND,AGL,CE,Combined TRACON& Tower with Radar,17,37,22,3,79,0,4,7,0,11,17,41,29,3,90,14,8,22,112
06/30/2005,FAR,ND,AGL,CE,Combined TRACON& Tower with Radar,54,27,40,5,126,0,1,16,2,19,54,28,56,7,145,58,4,62,207
07/01/2005,FAR,ND,AGL,CE,Combined TRACON& Tower with Radar,19,38,29,9,95,0,6,82,8,96,19,44,111,17,191,150,16,166,357
07/02/2005,FAR,ND,AGL,CE,Combined TRACON& Tower with Radar,15,22,18,0,55,0,0,61,4,65,15,22,79,4,120,49,0,49,169
07/03/2005,FAR,ND,AGL,CE,Combined TRACON& Tower with Radar,15,14,9,3,41,0,0,29,3,32,15,14,38,6,73,6,0,6,79
07/04/2005,FAR,ND,AGL,CE,Combined TRACON& Tower with Radar,11,20,14,0,45,0,0,15,0,15,11,20,29,0,60,10,0,10,70
07/05/2005,FAR,ND,AGL,CE,Combined TRACON& Tower with Radar,17,49,38,3,107,0,9,53,6,68,17,58,91,9,175,152,0,152,327
07/06/2005,FAR,ND,AGL,CE,Combined TRACON& Tower with Radar,18,51,45,45,159,0,17,61,0,78,18,68,106,45,237,148,36,184,421
07/07/2005,FAR,ND,AGL,CE,Combined TRACON& Tower with Radar,21,50,23,32,126,0,9,62,4,75,21,59,85,36,201,42,46,88,289
07/08/2005,FAR,ND,AGL,CE,Combined TRACON& Tower with Radar,32,29,23,17,101,0,6,28,7,41,32,35,51,24,142,59,28,87,229
07/09/2005,FAR,ND,AGL,CE,Combined TRACON& Tower with Radar,16,25,16,7,64,0,2,55,0,57,16,27,71,7,121,22,0,22,143
07/10/2005,FAR,ND,AGL,CE,Combined TRACON& Tower with Radar,19,20,10,6,55,0,5,54,4,63,19,25,64,10,118,18,14,32,150
07/11/2005,FAR,ND,AGL,CE,Combined TRACON& Tower with Radar,17,48,51,22,138,0,0,49,5,54,17,48,100,27,192,38,0,38,230
07/12/2005,FAR,ND,AGL,CE,Combined TRACON& Tower with Radar,19,60,46,8,133,0,11,67,4,82,19,71,113,12,215,86,12,98,313
07/13/2005,FAR,ND,AGL,CE,Combined TRACON& Tower with Radar,20,51,58,11,140,0,5,107,5,117,20,56,165,16,257,100,10,110,367
07/14/2005,FAR,ND,AGL,CE,Combined TRACON& Tower with Radar,20,43,49,16,128,0,2,68,3,73,20,45,117,19,201,94,16,110,311
07/15/2005,FAR,ND,AGL,CE,Combined TRACON& Tower with Radar,21,41,39,10,111,0,12,63,3,78,21,53,102,13,189,132,4,136,325
07/16/2005,FAR,ND,AGL,CE,Combined TRACON& Tower with Radar,15,28,25,1,69,0,19,55,3,77,15,47,80,4,146,77,0,77,223
07/17/2005,FAR,ND,AGL,CE,Combined TRACON& Tower with Radar,13,20,15,1,49,0,0,21,0,21,13,20,36,1,70,2,0,2,72
07/18/2005,FAR,ND,AGL,CE,Combined TRACON& Tower with Radar,16,35,47,4,102,0,12,37,1,50,16,47,84,5,152,42,0,42,194
07/19/2005,FAR,ND,AGL,CE,Combined TRACON& Tower with Radar,17,51,30,6,104,0,4,48,0,52,17,55,78,6,156,72,0,72,228
07/20/2005,FAR,ND,AGL,CE,Combined TRACON& Tower with Radar,24,51,28,33,136,0,18,72,5,95,24,69,100,38,231,165,73,238,469
07/21/2005,FAR,ND,AGL,CE,Combined TRACON& Tower with Radar,20,42,49,25,136,0,6,80,6,92,20,48,129,31,228,232,18,250,478
07/22/2005,FAR,ND,AGL,CE,Combined TRACON& Tower with Radar,21,37,25,17,100,0,6,62,3,71,21,43,87,20,171,34,0,34,205
07/23/2005,FAR,ND,AGL,CE,Combined TRACON& Tower with Radar,17,30,17,20,84,0,1,33,4,38,17,31,50,24,122,42,24,66,188
07/24/2005,FAR,ND,AGL,CE,Combined TRACON& Tower with Radar,15,24,20,8,67,0,4,54,1,59,15,28,74,9,126,47,8,55,181
07/25/2005,FAR,ND,AGL,CE,Combined TRACON& Tower with Radar,22,31,47,14,114,0,2,17,2,21,22,33,64,16,135,52,0,52,187
07/26/2005,FAR,ND,AGL,CE,Combined TRACON& Tower with Radar,20,51,56,18,145,0,5,82,19,106,20,56,138,37,251,112,22,134,385
07/27/2005,FAR,ND,AGL,CE,Combined TRACON& Tower with Radar,19,41,50,31,141,0,5,53,12,70,19,46,103,43,211,70,52,122,333
07/28/2005,FAR,ND,AGL,CE,Combined TRACON& Tower with Radar,17,42,39,35,133,0,1,54,20,75,17,43,93,55,208,93,56,149,357
07/29/2005,FAR,ND,AGL,CE,Combined TRACON& Tower with Radar,20,46,36,9,111,0,1,63,4,68,20,47,99,13,179,106,20,126,305
07/30/2005,FAR,ND,AGL,CE,Combined TRACON& Tower with Radar,14,26,13,3,56,0,2,40,2,44,14,28,53,5,100,64,0,64,164
07/31/2005,FAR,ND,AGL,CE,Combined TRACON& Tower with Radar,17,26,22,0,65,0,0,38,1,39,17,26,60,1,104,4,0,4,108
08/01/2005,FAR,ND,AGL,CE,Combined TRACON& Tower with Radar,15,37,37,1,90,0,2,53,2,57,15,39,90,3,147,37,0,37,184
08/02/2005,FAR,ND,AGL,CE,Combined TRACON& Tower with Radar,18,47,61,18,144,0,0,36,8,44,18,47,97,26,188,80,24,104,292
08/03/2005,FAR,ND,AGL,CE,Combined TRACON& Tower with Radar,18,42,54,19,133,0,0,25,2,27,18,42,79,21,160,67,2,69,229
08/04/2005,FAR,ND,AGL,CE,Combined TRACON& Tower with Radar,19,49,33,20,121,0,0,83,2,85,19,49,116,22,206,63,26,89,295
08/05/2005,FAR,ND,AGL,CE,Combined TRACON& Tower with Radar,18,49,28,11,106,0,5,59,1,65,18,54,87,12,171,216,30,246,417
08/06/2005,FAR,ND,AGL,CE,Combined TRACON& Tower with Radar,17,24,28,1,70,0,1,57,0,58,17,25,85,1,128,48,0,48,176
08/07/2005,FAR,ND,AGL,CE,Combined TRACON& Tower with Radar,17,18,21,0,56,0,0,69,0,69,17,18,90,0,125,70,0,70,195
08/08/2005,FAR,ND,AGL,CE,Combined TRACON& Tower with Radar,28,30,43,12,113,0,2,49,0,51,28,32,92,12,164,12,14,26,190
08/09/2005,FAR,ND,AGL,CE,Combined TRACON& Tower with Radar,22,61,39,9,131,0,3,59,4,66,22,64,98,13,197,54,40,94,291
08/10/2005,FAR,ND,AGL,CE,Combined TRACON& Tower with Radar,19,41,38,24,122,0,0,35,5,40,19,41,73,29,162,84,36,120,282
08/11/2005,FAR,ND,AGL,CE,Combined TRACON& Tower with Radar,16,42,46,22,126,0,0,25,2,27,16,42,71,24,153,47,16,63,216
08/12/2005,FAR,ND,AGL,CE,Combined TRACON& Tower with Radar,18,36,38,16,108,0,0,59,5,64,18,36,97,21,172,34,32,66,238
08/13/2005,FAR,ND,AGL,CE,Combined TRACON& Tower with Radar,16,23,27,0,66,0,1,41,3,45,16,24,68,3,111,24,0,24,135
08/14/2005,FAR,ND,AGL,CE,Combined TRACON& Tower with Radar,17,16,20,0,53,0,0,47,0,47,17,16,67,0,100,4,0,4,104
08/15/2005,FAR,ND,AGL,CE,Combined TRACON& Tower with Radar,18,32,31,5,86,0,0,51,0,51,18,32,82,5,137,48,6,54,191
08/16/2005,FAR,ND,AGL,CE,Combined TRACON& Tower with Radar,16,41,64,34,155,0,6,71,0,77,16,47,135,34,232,101,64,165,397
08/17/2005,FAR,ND,AGL,CE,Combined TRACON& Tower with Radar,18,38,56,14,126,0,1,31,2,34,18,39,87,16,160,70,0,70,230
08/18/2005,FAR,ND,AGL,CE,Combined TRACON& Tower with Radar,16,37,44,44,141,0,0,22,0,22,16,37,66,44,163,27,16,43,206
08/19/2005,FAR,ND,AGL,CE,Combined TRACON& Tower with Radar,13,39,23,21,96,0,0,46,0,46,13,39,69,21,142,2,10,12,154
08/20/2005,FAR,ND,AGL,CE,Combined TRACON& Tower with Radar,10,22,9,17,58,0,0,47,2,49,10,22,56,19,107,42,14,56,163
08/21/2005,FAR,ND,AGL,CE,Combined TRACON& Tower with Radar,14,19,18,14,65,0,0,40,0,40,14,19,58,14,105,115,8,123,228
08/22/2005,FAR,ND,AGL,CE,Combined TRACON& Tower with Radar,19,32,40,12,103,0,2,85,1,88,19,34,125,13,191,54,2,56,247
08/23/2005,FAR,ND,AGL,CE,Combined TRACON& Tower with Radar,19,45,37,16,117,0,4,72,0,76,19,49,109,16,193,58,18,76,269
08/24/2005,FAR,ND,AGL,CE,Combined TRACON& Tower with Radar,17,35,48,16,116,0,0,20,2,22,17,35,68,18,138,46,36,82,220
08/25/2005,FAR,ND,AGL,CE,Combined TRACON& Tower with Radar,18,41,36,0,95,0,0,1,0,1,18,41,37,0,96,0,0,0,96
08/26/2005,FAR,ND,AGL,CE,Combined TRACON& Tower with Radar,18,46,37,19,120,0,4,53,3,60,18,50,90,22,180,0,0,0,180
08/27/2005,FAR,ND,AGL,CE,Combined TRACON& Tower with Radar,10,23,15,0,48,0,0,57,0,57,10,23,72,0,105,77,0,77,182
08/28/2005,FAR,ND,AGL,CE,Combined TRACON& Tower with Radar,17,20,15,0,52,0,15,47,0,62,17,35,62,0,114,121,0,121,235
08/29/2005,FAR,ND,AGL,CE,Combined TRACON& Tower with Radar,15,32,27,2,76,0,23,47,2,72,15,55,74,4,148,136,0,136,284
08/30/2005,FAR,ND,AGL,CE,Combined TRACON& Tower with Radar,17,50,30,22,119,0,11,67,2,80,17,61,97,24,199,66,34,100,299
08/31/2005,FAR,ND,AGL,CE,Combined TRACON& Tower with Radar,18,43,34,5,100,0,2,47,1,50,18,45,81,6,150,62,0,62,212
09/01/2005,FAR,ND,AGL,CE,Combined TRACON& Tower with Radar,17,47,26,2,92,0,1,50,2,53,17,48,76,4,145,6,0,6,151
09/02/2005,FAR,ND,AGL,CE,Combined TRACON& Tower with Radar,15,48,41,14,118,0,9,61,4,74,15,57,102,18,192,69,24,93,285
09/03/2005,FAR,ND,AGL,CE,Combined TRACON& Tower with Radar,8,29,4,1,42,0,12,15,0,27,8,41,19,1,69,22,3,25,94
09/04/2005,FAR,ND,AGL,CE,Combined TRACON& Tower with Radar,15,16,5,0,36,0,4,14,7,25,15,20,19,7,61,0,0,0,61
09/05/2005,FAR,ND,AGL,CE,Combined TRACON& Tower with Radar,9,26,14,3,52,0,1,19,0,20,9,27,33,3,72,12,0,12,84
09/06/2005,FAR,ND,AGL,CE,Combined TRACON& Tower with Radar,19,41,41,13,114,0,12,51,2,65,19,53,92,15,179,84,8,92,271
09/07/2005,FAR,ND,AGL,CE,Combined TRACON& Tower with Radar,18,51,50,16,135,0,11,75,2,88,18,62,125,18,223,80,4,84,307
09/08/2005,FAR,ND,AGL,CE,Combined TRACON& Tower with Radar,18,59,46,32,155,0,11,44,3,58,18,70,90,35,213,104,35,139,352
09/09/2005,FAR,ND,AGL,CE,Combined TRACON& Tower with Radar,17,48,35,13,113,0,0,5,1,6,17,48,40,14,119,10,0,10,129
09/10/2005,FAR,ND,AGL,CE,Combined TRACON& Tower with Radar,11,36,17,19,83,0,8,26,13,47,11,44,43,32,130,30,10,40,170
09/11/2005,FAR,ND,AGL,CE,Combined TRACON& Tower with Radar,15,22,17,4,58,0,5,52,0,57,15,27,69,4,115,20,0,20,135
09/12/2005,FAR,ND,AGL,CE,Combined TRACON& Tower with Radar,14,35,31,1,81,0,1,31,0,32,14,36,62,1,113,60,0,60,173
09/13/2005,FAR,ND,AGL,CE,Combined TRACON& Tower with Radar,19,48,68,13,148,0,13,46,5,64,19,61,114,18,212,102,14,116,328
09/14/2005,FAR,ND,AGL,CE,Combined TRACON& Tower with Radar,18,44,60,31,153,0,6,75,2,83,18,50,135,33,236,168,42,210,446
09/15/2005,FAR,ND,AGL,CE,Combined TRACON& Tower with Radar,20,52,40,16,128,0,5,48,2,55,20,57,88,18,183,144,8,152,335
09/16/2005,FAR,ND,AGL,CE,Combined TRACON& Tower with Radar,18,62,38,11,129,0,29,85,2,116,18,91,123,13,245,63,12,75,320
09/17/2005,FAR,ND,AGL,CE,Combined TRACON& Tower with Radar,16,24,16,0,56,0,1,31,0,32,16,25,47,0,88,48,0,48,136
09/18/2005,FAR,ND,AGL,CE,Combined TRACON& Tower with Radar,12,26,30,0,68,0,0,14,0,14,12,26,44,0,82,34,0,34,116
09/19/2005,FAR,ND,AGL,CE,Combined TRACON& Tower with Radar,20,47,45,20,132,0,24,55,2,81,20,71,100,22,213,107,30,137,350
09/20/2005,FAR,ND,AGL,CE,Combined TRACON& Tower with Radar,18,53,35,20,126,0,16,60,5,81,18,69,95,25,207,122,4,126,333
09/21/2005,FAR,ND,AGL,CE,Combined TRACON& Tower with Radar,16,50,41,28,135,0,19,71,6,96,16,69,112,34,231,130,16,146,377
09/22/2005,FAR,ND,AGL,CE,Combined TRACON& Tower with Radar,20,48,38,21,127,0,14,87,2,103,20,62,125,23,230,119,20,139,369
09/23/2005,FAR,ND,AGL,CE,Combined TRACON& Tower with Radar,19,55,28,6,108,0,14,81,0,95,19,69,109,6,203,78,0,78,281
09/24/2005,FAR,ND,AGL,CE,Combined TRACON& Tower with Radar,13,37,41,0,91,0,4,7,0,11,13,41,48,0,102,44,0,44,146
09/25/2005,FAR,ND,AGL,CE,Combined TRACON& Tower with Radar,13,19,28,0,60,0,2,27,4,33,13,21,55,4,93,26,0,26,119
09/26/2005,FAR,ND,AGL,CE,Combined TRACON& Tower with Radar,16,31,45,5,97,0,12,70,2,84,16,43,115,7,181,174,2,176,357
09/27/2005,FAR,ND,AGL,CE,Combined TRACON& Tower with Radar,19,56,50,5,130,0,12,88,2,102,19,68,138,7,232,138,4,142,374
09/28/2005,FAR,ND,AGL,CE,Combined TRACON& Tower with Radar,18,38,57,37,150,0,19,41,9,69,18,57,98,46,219,108,48,156,375
09/29/2005,FAR,ND,AGL,CE,Combined TRACON& Tower with Radar,17,49,35,0,101,0,18,35,9,62,17,67,70,9,163,65,4,69,232
09/30/2005,FAR,ND,AGL,CE,Combined TRACON& Tower with Radar,18,46,31,2,97,0,12,46,2,60,18,58,77,4,157,70,0,70,227
10/01/2005,FAR,ND,AGL,CE,Combined TRACON& Tower with Radar,13,21,19,3,56,0,2,67,2,71,13,23,86,5,127,64,0,64,191
10/02/2005,FAR,ND,AGL,CE,Combined TRACON& Tower with Radar,12,17,11,1,41,0,0,14,0,14,12,17,25,1,55,2,0,2,57
10/03/2005,FAR,ND,AGL,CE,Combined TRACON& Tower with Radar,12,39,35,25,111,0,4,51,7,62,12,43,86,32,173,40,27,67,240
10/04/2005,FAR,ND,AGL,CE,Combined TRACON& Tower with Radar,28,53,55,9,145,0,5,10,0,15,28,58,65,9,160,4,8,12,172
10/05/2005,FAR,ND,AGL,CE,Combined TRACON& Tower with Radar,18,38,36,3,95,0,1,4,0,5,18,39,40,3,100,23,0,23,123
10/06/2005,FAR,ND,AGL,CE,Combined TRACON& Tower with Radar,17,38,36,15,106,0,4,19,4,27,17,42,55,19,133,43,14,57,190
10/07/2005,FAR,ND,AGL,CE,Combined TRACON& Tower with Radar,16,46,50,11,123,0,14,58,9,81,16,60,108,20,204,86,4,90,294
10/08/2005,FAR,ND,AGL,CE,Combined TRACON& Tower with Radar,12,38,14,0,64,0,13,28,0,41,12,51,42,0,105,24,0,24,129
10/09/2005,FAR,ND,AGL,CE,Combined TRACON& Tower with Radar,15,18,15,0,48,0,13,27,0,40,15,31,42,0,88,17,0,17,105
10/10/2005,FAR,ND,AGL,CE,Combined TRACON& Tower with Radar,17,34,35,1,87,0,17,57,0,74,17,51,92,1,161,111,0,111,272
10/11/2005,FAR,ND,AGL,CE,Combined TRACON& Tower with Radar,46,7,60,4,117,0,16,68,0,84,46,23,128,4,201,112,6,118,319
10/12/2005,FAR,ND,AGL,CE,Combined TRACON& Tower with Radar,17,57,58,27,159,0,0,5,0,5,17,57,63,27,164,31,12,43,207
10/13/2005,FAR,ND,AGL,CE,Combined TRACON& Tower with Radar,19,36,47,12,114,0,2,3,0,5,19,38,50,12,119,3,0,3,122
10/14/2005,FAR,ND,AGL,CE,Combined TRACON& Tower with Radar,18,46,29,15,108,0,9,33,3,45,18,55,62,18,153,80,12,92,245
10/15/2005,FAR,ND,AGL,CE,Combined TRACON& Tower with Radar,13,29,13,0,55,0,23,72,4,99,13,52,85,4,154,122,0,122,276
10/16/2005,FAR,ND,AGL,CE,Combined TRACON& Tower with Radar,12,19,6,0,37,0,4,20,0,24,12,23,26,0,61,4,0,4,65
10/17/2005,FAR,ND,AGL,CE,Combined TRACON& Tower with Radar,17,32,30,14,93,0,13,41,3,57,17,45,71,17,150,131,4,135,285
10/18/2005,FAR,ND,AGL,CE,Combined TRACON& Tower with Radar,18,36,37,13,104,0,0,32,2,34,18,36,69,15,138,24,0,24,162
10/19/2005,FAR,ND,AGL,CE,Combined TRACON& Tower with Radar,24,36,36,22,118,0,19,42,0,61,24,55,78,22,179,56,0,56,235
10/20/2005,FAR,ND,AGL,CE,Combined TRACON& Tower with Radar,13,40,48,45,146,0,13,32,0,45,13,53,80,45,191,19,32,51,242
10/21/2005,FAR,ND,AGL,CE,Combined TRACON& Tower with Radar,14,48,30,12,104,0,8,35,1,44,14,56,65,13,148,58,0,58,206
10/22/2005,FAR,ND,AGL,CE,Combined TRACON& Tower with Radar,13,16,12,15,56,0,0,16,0,16,13,16,28,15,72,30,4,34,106
10/23/2005,FAR,ND,AGL,CE,Combined TRACON& Tower with Radar,12,18,12,2,44,0,0,10,0,10,12,18,22,2,54,24,0,24,78
10/24/2005,FAR,ND,AGL,CE,Combined TRACON& Tower with Radar,17,33,27,1,78,0,18,55,3,76,17,51,82,4,154,89,0,89,243
10/25/2005,FAR,ND,AGL,CE,Combined TRACON& Tower with Radar,18,38,34,13,103,0,17,54,1,72,18,55,88,14,175,122,18,140,315
10/26/2005,FAR,ND,AGL,CE,Combined TRACON& Tower with Radar,18,45,52,12,127,0,21,81,2,104,18,66,133,14,231,144,24,168,399
10/27/2005,FAR,ND,AGL,CE,Combined TRACON& Tower with Radar,17,39,35,20,111,0,10,56,1,67,17,49,91,21,178,82,40,122,300
10/28/2005,FAR,ND,AGL,CE,Combined TRACON& Tower with Radar,19,52,42,13,126,0,8,48,4,60,19,60,90,17,186,30,12,42,228
10/29/2005,FAR,ND,AGL,CE,Combined TRACON& Tower with Radar,13,24,10,0,47,0,10,49,4,63,13,34,59,4,110,80,0,80,190
10/30/2005,FAR,ND,AGL,CE,Combined TRACON& Tower with Radar,16,26,18,2,62,0,2,15,6,23,16,28,33,8,85,16,0,16,101
10/31/2005,FAR,ND,AGL,CE,Combined TRACON& Tower with Radar,20,38,41,8,107,0,10,25,2,37,20,48,66,10,144,61,8,69,213
11/01/2005,FAR,ND,AGL,CE,Combined TRACON& Tower with Radar,18,45,38,9,110,0,12,49,3,64,18,57,87,12,174,108,10,118,292
11/02/2005,FAR,ND,AGL,CE,Combined TRACON& Tower with Radar,18,37,40,12,107,0,15,47,0,62,18,52,87,12,169,62,8,70,239
11/03/2005,FAR,ND,AGL,CE,Combined TRACON& Tower with Radar,19,38,49,7,113,0,3,5,0,8,19,41,54,7,121,46,0,46,167
11/04/2005,FAR,ND,AGL,CE,Combined TRACON& Tower with Radar,20,38,41,0,99,0,0,4,0,4,20,38,45,0,103,8,0,8,111
11/05/2005,FAR,ND,AGL,CE,Combined TRACON& Tower with Radar,14,32,15,0,61,0,13,49,3,65,14,45,64,3,126,35,0,35,161
11/06/2005,FAR,ND,AGL,CE,Combined TRACON& Tower with Radar,13,28,16,2,59,0,5,31,0,36,13,33,47,2,95,49,0,49,144
11/07/2005,FAR,ND,AGL,CE,Combined TRACON& Tower with Radar,20,49,44,10,123,0,17,37,0,54,20,66,81,10,177,80,10,90,267
11/08/2005,FAR,ND,AGL,CE,Combined TRACON& Tower with Radar,19,57,40,26,142,0,4,15,1,20,19,61,55,27,162,36,22,58,220
11/09/2005,FAR,ND,AGL,CE,Combined TRACON& Tower with Radar,16,36,51,6,109,0,3,29,3,35,16,39,80,9,144,56,0,56,200
11/10/2005,FAR,ND,AGL,CE,Combined TRACON& Tower with Radar,32,41,38,0,111,0,3,54,0,57,32,44,92,0,168,122,0,122,290
11/11/2005,FAR,ND,AGL,CE,Combined TRACON& Tower with Radar,31,26,31,2,90,0,13,64,0,77,31,39,95,2,167,162,0,162,329
11/12/2005,FAR,ND,AGL,CE,Combined TRACON& Tower with Radar,16,32,23,0,71,0,0,16,8,24,16,32,39,8,95,16,0,16,111
11/13/2005,FAR,ND,AGL,CE,Combined TRACON& Tower with Radar,14,25,24,0,63,0,2,49,2,53,14,27,73,2,116,60,0,60,176
11/14/2005,FAR,ND,AGL,CE,Combined TRACON& Tower with Radar,19,43,33,16,111,0,2,13,0,15,19,45,46,16,126,7,0,7,133
11/15/2005,FAR,ND,AGL,CE,Combined TRACON& Tower with Radar,22,32,23,0,77,0,0,2,0,2,22,32,25,0,79,0,0,0,79
11/16/2005,FAR,ND,AGL,CE,Combined TRACON& Tower with Radar,19,51,36,9,115,0,10,12,5,27,19,61,48,14,142,48,2,50,192
11/17/2005,FAR,ND,AGL,CE,Combined TRACON& Tower with Radar,19,49,37,8,113,0,0,16,0,16,19,49,53,8,129,34,10,44,173
11/18/2005,FAR,ND,AGL,CE,Combined TRACON& Tower with Radar,20,42,29,4,95,0,6,38,0,44,20,48,67,4,139,33,0,33,172
11/19/2005,FAR,ND,AGL,CE,Combined TRACON& Tower with Radar,16,23,14,20,73,0,0,7,0,7,16,23,21,20,80,22,0,22,102
11/20/2005,FAR,ND,AGL,CE,Combined TRACON& Tower with Radar,16,31,17,0,64,0,24,61,0,85,16,55,78,0,149,69,0,69,218
11/21/2005,FAR,ND,AGL,CE,Combined TRACON& Tower with Radar,22,53,33,11,119,0,8,37,1,46,22,61,70,12,165,65,12,77,242
11/22/2005,FAR,ND,AGL,CE,Combined TRACON& Tower with Radar,22,49,41,10,122,0,10,40,1,51,22,59,81,11,173,100,32,132,305
11/23/2005,FAR,ND,AGL,CE,Combined TRACON& Tower with Radar,19,31,33,13,96,0,0,22,3,25,19,31,55,16,121,16,20,36,157
11/24/2005,FAR,ND,AGL,CE,Combined TRACON& Tower with Radar,19,20,10,0,49,0,0,7,0,7,19,20,17,0,56,6,0,6,62
11/25/2005,FAR,ND,AGL,CE,Combined TRACON& Tower with Radar,19,31,14,0,64,0,0,8,0,8,19,31,22,0,72,44,0,44,116
11/26/2005,FAR,ND,AGL,CE,Combined TRACON& Tower with Radar,13,25,17,0,55,0,1,47,2,50,13,26,64,2,105,39,0,39,144
11/27/2005,FAR,ND,AGL,CE,Combined TRACON& Tower with Radar,19,13,25,0,57,0,0,0,0,0,19,13,25,0,57,14,0,14,71
11/28/2005,FAR,ND,AGL,CE,Combined TRACON& Tower with Radar,2,6,14,2,24,0,0,0,0,0,2,6,14,2,24,0,0,0,24
11/29/2005,FAR,ND,AGL,CE,Combined TRACON& Tower with Radar,21,31,40,0,92,0,0,3,0,3,21,31,43,0,95,0,0,0,95
11/30/2005,FAR,ND,AGL,CE,Combined TRACON& Tower with Radar,19,33,53,0,105,0,1,9,3,13,19,34,62,3,118,48,0,48,166
12/01/2005,FAR,ND,AGL,CE,Combined TRACON& Tower with Radar,21,33,45,0,99,0,1,37,4,42,21,34,82,4,141,24,0,24,165
12/02/2005,FAR,ND,AGL,CE,Combined TRACON& Tower with Radar,21,46,34,6,107,0,4,34,0,38,21,50,68,6,145,49,8,57,202
12/03/2005,FAR,ND,AGL,CE,Combined TRACON& Tower with Radar,14,21,13,0,48,0,0,0,0,0,14,21,13,0,48,0,0,0,48
12/04/2005,FAR,ND,AGL,CE,Combined TRACON& Tower with Radar,15,30,11,1,57,0,2,22,1,25,15,32,33,2,82,39,0,39,121
12/05/2005,FAR,ND,AGL,CE,Combined TRACON& Tower with Radar,22,41,48,1,112,0,11,24,0,35,22,52,72,1,147,64,0,64,211
12/06/2005,FAR,ND,AGL,CE,Combined TRACON& Tower with Radar,23,32,46,0,101,0,0,1,0,1,23,32,47,0,102,6,0,6,108
12/07/2005,FAR,ND,AGL,CE,Combined TRACON& Tower with Radar,20,43,39,0,102,0,7,29,2,38,20,50,68,2,140,47,0,47,187
12/08/2005,FAR,ND,AGL,CE,Combined TRACON& Tower with Radar,22,63,56,0,141,0,29,41,0,70,22,92,97,0,211,69,0,69,280
12/09/2005,FAR,ND,AGL,CE,Combined TRACON& Tower with Radar,19,36,42,2,99,0,5,15,2,22,19,41,57,4,121,56,0,56,177
12/10/2005,FAR,ND,AGL,CE,Combined TRACON& Tower with Radar,14,19,15,0,48,0,0,4,0,4,14,19,19,0,52,0,0,0,52
12/11/2005,FAR,ND,AGL,CE,Combined TRACON& Tower with Radar,13,17,0,2,32,0,0,0,0,0,13,17,0,2,32,0,0,0,32
12/12/2005,FAR,ND,AGL,CE,Combined TRACON& Tower with Radar,22,26,44,10,102,0,5,30,90,125,22,31,74,100,227,32,17,49,276
12/13/2005,FAR,ND,AGL,CE,Combined TRACON& Tower with Radar,20,35,44,14,113,0,0,3,0,3,20,35,47,14,116,0,0,0,116
12/14/2005,FAR,ND,AGL,CE,Combined TRACON& Tower with Radar,19,29,33,0,81,0,1,1,0,2,19,30,34,0,83,0,0,0,83
12/15/2005,FAR,ND,AGL,CE,Combined TRACON& Tower with Radar,20,33,40,0,93,0,0,0,0,0,20,33,40,0,93,0,0,0,93
12/16/2005,FAR,ND,AGL,CE,Combined TRACON& Tower with Radar,21,31,28,2,82,0,0,2,0,2,21,31,30,2,84,0,0,0,84
12/17/2005,FAR,ND,AGL,CE,Combined TRACON& Tower with Radar,14,24,12,0,50,0,0,1,0,1,14,24,13,0,51,0,0,0,51
12/18/2005,FAR,ND,AGL,CE,Combined TRACON& Tower with Radar,12,36,18,0,66,0,6,28,0,34,12,42,46,0,100,37,0,37,137
12/19/2005,FAR,ND,AGL,CE,Combined TRACON& Tower with Radar,20,55,38,0,113,0,0,40,1,41,20,55,78,1,154,44,8,52,206
12/20/2005,FAR,ND,AGL,CE,Combined TRACON& Tower with Radar,18,46,29,10,103,0,0,0,4,4,18,46,29,14,107,22,0,22,129
12/21/2005,FAR,ND,AGL,CE,Combined TRACON& Tower with Radar,18,42,46,18,124,0,11,66,4,81,18,53,112,22,205,145,28,173,378
12/22/2005,FAR,ND,AGL,CE,Combined TRACON& Tower with Radar,20,39,41,9,109,0,5,41,2,48,20,44,82,11,157,66,40,106,263
12/23/2005,FAR,ND,AGL,CE,Combined TRACON& Tower with Radar,18,44,13,0,75,0,0,12,0,12,18,44,25,0,87,8,0,8,95
12/24/2005,FAR,ND,AGL,CE,Combined TRACON& Tower with Radar,15,22,20,0,57,0,0,21,0,21,15,22,41,0,78,14,0,14,92
12/25/2005,FAR,ND,AGL,CE,Combined TRACON& Tower with Radar,10,19,4,0,33,0,0,0,0,0,10,19,4,0,33,0,0,0,33
12/26/2005,FAR,ND,AGL,CE,Combined TRACON& Tower with Radar,17,18,19,0,54,0,0,0,0,0,17,18,19,0,54,0,0,0,54
12/27/2005,FAR,ND,AGL,CE,Combined TRACON& Tower with Radar,14,26,18,0,58,0,0,0,0,0,14,26,18,0,58,0,0,0,58
12/28/2005,FAR,ND,AGL,CE,Combined TRACON& Tower with Radar,14,40,19,8,81,0,0,0,0,0,14,40,19,8,81,0,0,0,81
12/29/2005,FAR,ND,AGL,CE,Combined TRACON& Tower with Radar,18,35,8,0,61,0,0,0,0,0,18,35,8,0,61,0,0,0,61
12/30/2005,FAR,ND,AGL,CE,Combined TRACON& Tower with Radar,17,29,12,0,58,0,0,1,0,1,17,29,13,0,59,0,0,0,59
12/31/2005,FAR,ND,AGL,CE,Combined TRACON& Tower with Radar,14,27,13,0,54,0,0,6,1,7,14,27,19,1,61,36,0,36,97
01/01/2006,FAR,ND,AGL,CE,Combined TRACON& Tower with Radar,12,19,19,0,50,0,0,0,0,0,12,19,19,0,50,0,0,0,50
01/02/2006,FAR,ND,AGL,CE,Combined TRACON& Tower with Radar,15,15,23,0,53,0,0,2,0,2,15,15,25,0,55,0,0,0,55
01/03/2006,FAR,ND,AGL,CE,Combined TRACON& Tower with Radar,15,28,10,0,53,0,0,0,0,0,15,28,10,0,53,0,0,0,53
01/04/2006,FAR,ND,AGL,CE,Combined TRACON& Tower with Radar,15,49,29,11,104,0,0,1,1,2,15,49,30,12,106,0,0,0,106
01/05/2006,FAR,ND,AGL,CE,Combined TRACON& Tower with Radar,20,47,35,6,108,0,0,0,0,0,20,47,35,6,108,0,0,0,108
01/06/2006,FAR,ND,AGL,CE,Combined TRACON& Tower with Radar,18,44,36,16,114,0,0,45,1,46,18,44,81,17,160,92,62,154,314
01/07/2006,FAR,ND,AGL,CE,Combined TRACON& Tower with Radar,15,28,11,6,60,0,0,19,1,20,15,28,30,7,80,100,46,146,226
01/08/2006,FAR,ND,AGL,CE,Combined TRACON& Tower with Radar,12,19,12,0,43,0,0,1,0,1,12,19,13,0,44,0,0,0,44
01/09/2006,FAR,ND,AGL,CE,Combined TRACON& Tower with Radar,16,48,41,17,122,0,7,31,3,41,16,55,72,20,163,32,40,72,235
01/10/2006,FAR,ND,AGL,CE,Combined TRACON& Tower with Radar,16,51,27,17,111,0,12,33,14,59,16,63,60,31,170,76,50,126,296
01/11/2006,FAR,ND,AGL,CE,Combined TRACON& Tower with Radar,15,46,38,13,112,0,1,48,1,50,15,47,86,14,162,88,34,122,284
01/12/2006,FAR,ND,AGL,CE,Combined TRACON& Tower with Radar,19,36,51,13,119,0,2,4,0,6,19,38,55,13,125,58,2,60,185
01/13/2006,FAR,ND,AGL,CE,Combined TRACON& Tower with Radar,17,46,31,11,105,0,9,35,2,46,17,55,66,13,151,99,24,123,274
01/14/2006,FAR,ND,AGL,CE,Combined TRACON& Tower with Radar,12,25,16,1,54,0,11,27,7,45,12,36,43,8,99,2,0,2,101
01/15/2006,FAR,ND,AGL,CE,Combined TRACON& Tower with Radar,12,14,23,0,49,0,0,28,0,28,12,14,51,0,77,36,0,36,113
01/16/2006,FAR,ND,AGL,CE,Combined TRACON& Tower with Radar,15,34,26,0,75,0,1,1,0,2,15,35,27,0,77,14,0,14,91
01/17/2006,FAR,ND,AGL,CE,Combined TRACON& Tower with Radar,16,39,32,4,91,0,0,8,0,8,16,39,40,4,99,27,0,27,126
01/18/2006,FAR,ND,AGL,CE,Combined TRACON& Tower with Radar,29,26,36,15,106,0,4,31,0,35,29,30,67,15,141,44,18,62,203
01/19/2006,FAR,ND,AGL,CE,Combined TRACON& Tower with Radar,35,23,37,14,109,0,1,12,13,26,35,24,49,27,135,53,10,63,198
01/20/2006,FAR,ND,AGL,CE,Combined TRACON& Tower with Radar,23,29,45,12,109,0,15,33,3,51,23,44,78,15,160,54,20,74,234
01/21/2006,FAR,ND,AGL,CE,Combined TRACON& Tower with Radar,12,22,7,0,41,0,0,0,0,0,12,22,7,0,41,0,0,0,41
01/22/2006,FAR,ND,AGL,CE,Combined TRACON& Tower with Radar,12,22,18,0,52,0,2,28,0,30,12,24,46,0,82,60,0,60,142
01/23/2006,FAR,ND,AGL,CE,Combined TRACON& Tower with Radar,17,30,25,12,84,0,3,16,1,20,17,33,41,13,104,33,33,66,170
01/24/2006,FAR,ND,AGL,CE,Combined TRACON& Tower with Radar,31,24,26,12,93,0,4,15,1,20,31,28,41,13,113,37,37,74,187
01/25/2006,FAR,ND,AGL,CE,Combined TRACON& Tower with Radar,16,45,36,17,114,0,25,44,3,72,16,70,80,20,186,91,22,113,299
01/26/2006,FAR,ND,AGL,CE,Combined TRACON& Tower with Radar,36,37,41,16,130,0,6,38,9,53,36,43,79,25,183,34,32,66,249
01/27/2006,FAR,ND,AGL,CE,Combined TRACON& Tower with Radar,20,45,40,3,108,0,16,83,3,102,20,61,123,6,210,59,4,63,273
01/28/2006,FAR,ND,AGL,CE,Combined TRACON& Tower with Radar,12,21,23,3,59,0,3,34,0,37,12,24,57,3,96,56,0,56,152
01/29/2006,FAR,ND,AGL,CE,Combined TRACON& Tower with Radar,12,23,7,0,42,0,0,0,0,0,12,23,7,0,42,0,0,0,42
01/30/2006,FAR,ND,AGL,CE,Combined TRACON& Tower with Radar,19,28,27,0,74,0,0,12,0,12,19,28,39,0,86,48,0,48,134
01/31/2006,FAR,ND,AGL,CE,Combined TRACON& Tower with Radar,16,37,25,13,91,0,6,22,3,31,16,43,47,16,122,26,16,42,164
02/01/2006,FAR,ND,AGL,CE,Combined TRACON& Tower with Radar,16,49,37,10,112,0,31,45,4,80,16,80,82,14,192,139,10,149,341
02/02/2006,FAR,ND,AGL,CE,Combined TRACON& Tower with Radar,14,33,24,17,88,0,0,8,0,8,14,33,32,17,96,36,12,48,144
02/03/2006,FAR,ND,AGL,CE,Combined TRACON& Tower with Radar,16,39,23,10,88,0,20,30,0,50,16,59,53,10,138,86,10,96,234
02/04/2006,FAR,ND,AGL,CE,Combined TRACON& Tower with Radar,12,25,18,1,56,0,30,75,3,108,12,55,93,4,164,117,0,117,281
02/05/2006,FAR,ND,AGL,CE,Combined TRACON& Tower with Radar,12,25,13,1,51,0,9,21,0,30,12,34,34,1,81,101,0,101,182
02/06/2006,FAR,ND,AGL,CE,Combined TRACON& Tower with Radar,16,39,55,12,122,0,2,19,1,22,16,41,74,13,144,85,0,85,229
02/07/2006,FAR,ND,AGL,CE,Combined TRACON& Tower with Radar,19,41,19,8,87,0,12,17,5,34,19,53,36,13,121,39,18,57,178
02/08/2006,FAR,ND,AGL,CE,Combined TRACON& Tower with Radar,18,40,44,8,110,0,37,49,6,92,18,77,93,14,202,124,6,130,332
02/09/2006,FAR,ND,AGL,CE,Combined TRACON& Tower with Radar,18,42,28,0,88,0,0,6,3,9,18,42,34,3,97,0,0,0,97
02/10/2006,FAR,ND,AGL,CE,Combined TRACON& Tower with Radar,18,37,11,0,66,0,0,0,0,0,18,37,11,0,66,0,0,0,66
02/11/2006,FAR,ND,AGL,CE,Combined TRACON& Tower with Radar,15,21,20,3,59,0,26,43,2,71,15,47,63,5,130,120,0,120,250
02/12/2006,FAR,ND,AGL,CE,Combined TRACON& Tower with Radar,12,22,21,0,55,0,2,22,0,24,12,24,43,0,79,25,0,25,104
02/13/2006,FAR,ND,AGL,CE,Combined TRACON& Tower with Radar,16,42,25,12,95,0,11,20,0,31,16,53,45,12,126,28,16,44,170
02/14/2006,FAR,ND,AGL,CE,Combined TRACON& Tower with Radar,17,40,32,13,102,0,19,30,3,52,17,59,62,16,154,50,25,75,229
02/15/2006,FAR,ND,AGL,CE,Combined TRACON& Tower with Radar,18,44,34,7,103,0,24,23,5,52,18,68,57,12,155,112,18,130,285
02/16/2006,FAR,ND,AGL,CE,Combined TRACON& Tower with Radar,18,35,21,9,83,0,5,25,0,30,18,40,46,9,113,116,14,130,243
02/17/2006,FAR,ND,AGL,CE,Combined TRACON& Tower with Radar,18,34,25,0,77,0,2,9,0,11,18,36,34,0,88,2,0,2,90
02/18/2006,FAR,ND,AGL,CE,Combined TRACON& Tower with Radar,14,29,11,0,54,0,28,25,0,53,14,57,36,0,107,134,0,134,241
02/19/2006,FAR,ND,AGL,CE,Combined TRACON& Tower with Radar,12,18,18,0,48,0,12,15,0,27,12,30,33,0,75,18,0,18,93
02/20/2006,FAR,ND,AGL,CE,Combined TRACON& Tower with Radar,19,37,44,0,100,0,2,19,0,21,19,39,63,0,121,34,0,34,155
02/21/2006,FAR,ND,AGL,CE,Combined TRACON& Tower with Radar,33,28,33,11,105,0,0,6,0,6,33,28,39,11,111,0,0,0,111
02/22/2006,FAR,ND,AGL,CE,Combined TRACON& Tower with Radar,32,29,48,7,116,0,13,13,3,29,32,42,61,10,145,44,0,44,189
02/23/2006,FAR,ND,AGL,CE,Combined TRACON& Tower with Radar,33,36,35,12,116,0,18,58,1,77,33,54,93,13,193,56,16,72,265
02/24/2006,FAR,ND,AGL,CE,Combined TRACON& Tower with Radar,17,42,41,0,100,0,0,0,0,0,17,42,41,0,100,4,0,4,104
02/25/2006,FAR,ND,AGL,CE,Combined TRACON& Tower with Radar,13,25,22,0,60,0,21,43,2,66,13,46,65,2,126,117,0,117,243
02/26/2006,FAR,ND,AGL,CE,Combined TRACON& Tower with Radar,14,21,17,0,52,0,2,28,2,32,14,23,45,2,84,64,0,64,148
02/27/2006,FAR,ND,AGL,CE,Combined TRACON& Tower with Radar,15,42,32,0,89,1,9,19,4,33,16,51,51,4,122,52,0,52,174
02/28/2006,FAR,ND,AGL,CE,Combined TRACON& Tower with Radar,30,28,31,8,97,0,14,27,0,41,30,42,58,8,138,97,10,107,245
03/01/2006,FAR,ND,AGL,CE,Combined TRACON& Tower with Radar,18,41,26,11,96,0,0,14,1,15,18,41,40,12,111,16,18,34,145
03/02/2006,FAR,ND,AGL,CE,Combined TRACON& Tower with Radar,35,25,25,23,108,0,7,21,0,28,35,32,46,23,136,53,40,93,229
03/03/2006,FAR,ND,AGL,CE,Combined TRACON& Tower with Radar,23,39,29,4,95,0,0,2,0,2,23,39,31,4,97,0,0,0,97
03/04/2006,FAR,ND,AGL,CE,Combined TRACON& Tower with Radar,16,30,7,0,53,0,0,0,0,0,16,30,7,0,53,15,0,15,68
03/05/2006,FAR,ND,AGL,CE,Combined TRACON& Tower with Radar,12,16,9,2,39,0,0,3,0,3,12,16,12,2,42,2,0,2,44
03/06/2006,FAR,ND,AGL,CE,Combined TRACON& Tower with Radar,16,34,33,14,97,0,0,5,0,5,16,34,38,14,102,12,0,12,114
03/07/2006,FAR,ND,AGL,CE,Combined TRACON& Tower with Radar,31,23,35,6,95,0,0,0,0,0,31,23,35,6,95,10,0,10,105
03/08/2006,FAR,ND,AGL,CE,Combined TRACON& Tower with Radar,18,53,31,30,132,0,13,49,3,65,18,66,80,33,197,143,50,193,390
03/09/2006,FAR,ND,AGL,CE,Combined TRACON& Tower with Radar,23,50,49,16,138,0,28,63,3,94,23,78,112,19,232,156,14,170,402
03/10/2006,FAR,ND,AGL,CE,Combined TRACON& Tower with Radar,23,34,50,12,119,0,6,23,2,31,23,40,73,14,150,54,8,62,212
03/11/2006,FAR,ND,AGL,CE,Combined TRACON& Tower with Radar,14,24,12,1,51,0,0,8,5,13,14,24,20,6,64,6,0,6,70
03/12/2006,FAR,ND,AGL,CE,Combined TRACON& Tower with Radar,12,18,13,1,44,0,1,25,4,30,12,19,38,5,74,31,0,31,105
03/13/2006,FAR,ND,AGL,CE,Combined TRACON& Tower with Radar,29,33,48,1,111,0,0,12,5,17,29,33,60,6,128,14,0,14,142
03/14/2006,FAR,ND,AGL,CE,Combined TRACON& Tower with Radar,32,36,40,17,125,0,17,51,2,70,32,53,91,19,195,132,64,196,391
03/15/2006,FAR,ND,AGL,CE,Combined TRACON& Tower with Radar,18,45,38,17,118,0,10,24,1,35,18,55,62,18,153,32,56,88,241
03/16/2006,FAR,ND,AGL,CE,Combined TRACON& Tower with Radar,22,45,28,3,98,0,3,38,12,53,22,48,66,15,151,82,12,94,245
03/17/2006,FAR,ND,AGL,CE,Combined TRACON& Tower with Radar,20,35,41,15,111,0,0,64,0,64,20,35,105,15,175,93,14,107,282
03/18/2006,FAR,ND,AGL,CE,Combined TRACON& Tower with Radar,14,25,13,0,52,0,2,56,3,61,14,27,69,3,113,113,0,113,226
03/19/2006,FAR,ND,AGL,CE,Combined TRACON& Tower with Radar,12,16,11,3,42,0,0,32,3,35,12,16,43,6,77,14,0,14,91
03/20/2006,FAR,ND,AGL,CE,Combined TRACON& Tower with Radar,17,39,21,16,93,0,9,38,1,48,17,48,59,17,141,102,6,108,249
03/21/2006,FAR,ND,AGL,CE,Combined TRACON& Tower with Radar,31,25,27,15,98,0,24,62,5,91,31,49,89,20,189,113,14,127,316
03/22/2006,FAR,ND,AGL,CE,Combined TRACON& Tower with Radar,19,67,61,11,158,0,10,45,1,56,19,77,106,12,214,100,6,106,320
03/23/2006,FAR,ND,AGL,CE,Combined TRACON& Tower with Radar,19,39,42,17,117,0,5,38,2,45,19,44,80,19,162,78,12,90,252
03/24/2006,FAR,ND,AGL,CE,Combined TRACON& Tower with Radar,17,33,33,8,91,0,0,13,8,21,17,33,46,16,112,26,0,26,138
03/25/2006,FAR,ND,AGL,CE,Combined TRACON& Tower with Radar,13,25,11,0,49,0,6,22,1,29,13,31,33,1,78,26,0,26,104
03/26/2006,FAR,ND,AGL,CE,Combined TRACON& Tower with Radar,4,16,14,2,36,0,11,24,0,35,4,27,38,2,71,22,0,22,93
03/27/2006,FAR,ND,AGL,CE,Combined TRACON& Tower with Radar,15,31,25,0,71,0,0,10,4,14,15,31,35,4,85,12,0,12,97
03/28/2006,FAR,ND,AGL,CE,Combined TRACON& Tower with Radar,14,41,48,8,111,0,0,3,0,3,14,41,51,8,114,26,0,26,140
03/29/2006,FAR,ND,AGL,CE,Combined TRACON& Tower with Radar,18,48,30,10,106,0,6,23,5,34,18,54,53,15,140,4,10,14,154
03/30/2006,FAR,ND,AGL,CE,Combined TRACON& Tower with Radar,17,50,26,20,113,0,0,2,0,2,17,50,28,20,115,0,6,6,121
03/31/2006,FAR,ND,AGL,CE,Combined TRACON& Tower with Radar,19,42,35,11,107,0,3,8,0,11,19,45,43,11,118,0,0,0,118
04/01/2006,FAR,ND,AGL,CE,Combined TRACON& Tower with Radar,14,40,24,18,96,0,11,48,3,62,14,51,72,21,158,121,4,125,283
04/02/2006,FAR,ND,AGL,CE,Combined TRACON& Tower with Radar,12,12,16,0,40,0,0,0,0,0,12,12,16,0,40,0,0,0,40
04/03/2006,FAR,ND,AGL,CE,Combined TRACON& Tower with Radar,14,61,27,14,116,0,28,103,7,138,14,89,130,21,254,90,26,116,370
04/04/2006,FAR,ND,AGL,CE,Combined TRACON& Tower with Radar,17,50,48,14,129,0,33,136,8,177,17,83,184,22,306,170,14,184,490
04/05/2006,FAR,ND,AGL,CE,Combined TRACON& Tower with Radar,18,56,44,16,134,0,32,59,4,95,18,88,103,20,229,114,26,140,369
04/06/2006,FAR,ND,AGL,CE,Combined TRACON& Tower with Radar,20,49,49,16,134,0,7,28,12,47,20,56,77,28,181,42,22,64,245
04/07/2006,FAR,ND,AGL,CE,Combined TRACON& Tower with Radar,19,42,41,12,114,0,12,56,0,68,19,54,97,12,182,43,36,79,261
04/08/2006,FAR,ND,AGL,CE,Combined TRACON& Tower with Radar,16,28,18,9,71,0,18,80,2,100,16,46,98,11,171,76,16,92,263
04/09/2006,FAR,ND,AGL,CE,Combined TRACON& Tower with Radar,10,28,16,1,55,0,17,35,2,54,10,45,51,3,109,56,0,56,165
04/10/2006,FAR,ND,AGL,CE,Combined TRACON& Tower with Radar,23,48,27,24,122,0,15,42,8,65,23,63,69,32,187,91,8,99,286
04/11/2006,FAR,ND,AGL,CE,Combined TRACON& Tower with Radar,16,54,51,11,132,0,10,60,4,74,16,64,111,15,206,128,28,156,362
04/12/2006,FAR,ND,AGL,CE,Combined TRACON& Tower with Radar,20,68,40,18,146,0,24,65,9,98,20,92,105,27,244,124,8,132,376
04/13/2006,FAR,ND,AGL,CE,Combined TRACON& Tower with Radar,21,52,31,7,111,0,0,54,12,66,21,52,85,19,177,89,8,97,274
04/14/2006,FAR,ND,AGL,CE,Combined TRACON& Tower with Radar,19,39,19,2,79,0,15,72,0,87,19,54,91,2,166,68,0,68,234
04/15/2006,FAR,ND,AGL,CE,Combined TRACON& Tower with Radar,16,15,13,0,44,0,3,31,0,34,16,18,44,0,78,26,0,26,104
04/16/2006,FAR,ND,AGL,CE,Combined TRACON& Tower with Radar,12,13,5,0,30,0,0,25,0,25,12,13,30,0,55,23,0,23,78
04/17/2006,FAR,ND,AGL,CE,Combined TRACON& Tower with Radar,16,42,36,10,104,0,7,26,2,35,16,49,62,12,139,6,0,6,145
04/18/2006,FAR,ND,AGL,CE,Combined TRACON& Tower with Radar,16,46,37,8,107,0,3,38,5,46,16,49,75,13,153,10,0,10,163
04/19/2006,FAR,ND,AGL,CE,Combined TRACON& Tower with Radar,16,50,58,13,137,0,6,25,4,35,16,56,83,17,172,34,2,36,208
04/20/2006,FAR,ND,AGL,CE,Combined TRACON& Tower with Radar,19,41,35,9,104,0,2,14,4,20,19,43,49,13,124,30,0,30,154
04/21/2006,FAR,ND,AGL,CE,Combined TRACON& Tower with Radar,22,48,37,8,115,0,10,31,0,41,22,58,68,8,156,66,10,76,232
04/22/2006,FAR,ND,AGL,CE,Combined TRACON& Tower with Radar,14,35,11,0,60,0,20,62,15,97,14,55,73,15,157,68,6,74,231
04/23/2006,FAR,ND,AGL,CE,Combined TRACON& Tower with Radar,12,20,23,0,55,0,2,51,3,56,12,22,74,3,111,103,0,103,214
04/24/2006,FAR,ND,AGL,CE,Combined TRACON& Tower with Radar,19,47,53,0,119,0,10,23,2,35,19,57,76,2,154,52,0,52,206
04/25/2006,FAR,ND,AGL,CE,Combined TRACON& Tower with Radar,16,49,45,37,147,0,13,76,2,91,16,62,121,39,238,126,25,151,389
04/26/2006,FAR,ND,AGL,CE,Combined TRACON& Tower with Radar,15,55,30,16,116,0,25,78,3,106,15,80,108,19,222,91,20,111,333
04/27/2006,FAR,ND,AGL,CE,Combined TRACON& Tower with Radar,19,43,34,15,111,0,3,64,1,68,19,46,98,16,179,72,8,80,259
04/28/2006,FAR,ND,AGL,CE,Combined TRACON& Tower with Radar,18,46,35,12,111,0,2,11,3,16,18,48,46,15,127,24,0,24,151
04/29/2006,FAR,ND,AGL,CE,Combined TRACON& Tower with Radar,14,34,24,0,72,0,0,3,0,3,14,34,27,0,75,0,0,0,75
04/30/2006,FAR,ND,AGL,CE,Combined TRACON& Tower with Radar,12,19,19,3,53,0,0,1,0,1,12,19,20,3,54,12,0,12,66
05/01/2006,FAR,ND,AGL,CE,Combined TRACON& Tower with Radar,16,41,41,13,111,0,0,6,2,8,16,41,47,15,119,57,0,57,176
05/02/2006,FAR,ND,AGL,CE,Combined TRACON& Tower with Radar,16,43,32,12,103,0,2,42,4,48,16,45,74,16,151,60,14,74,225
05/03/2006,FAR,ND,AGL,CE,Combined TRACON& Tower with Radar,17,40,45,2,104,0,0,22,6,28,17,40,67,8,132,21,0,21,153
05/04/2006,FAR,ND,AGL,CE,Combined TRACON& Tower with Radar,20,38,42,9,109,0,0,23,1,24,20,38,65,10,133,19,0,19,152
05/05/2006,FAR,ND,AGL,CE,Combined TRACON& Tower with Radar,18,55,33,14,120,0,19,67,7,93,18,74,100,21,213,76,6,82,295
05/06/2006,FAR,ND,AGL,CE,Combined TRACON& Tower with Radar,15,25,10,11,61,0,11,61,1,73,15,36,71,12,134,116,18,134,268
05/07/2006,FAR,ND,AGL,CE,Combined TRACON& Tower with Radar,12,21,18,0,51,0,2,32,7,41,12,23,50,7,92,22,0,22,114
05/08/2006,FAR,ND,AGL,CE,Combined TRACON& Tower with Radar,19,54,39,0,112,0,2,40,5,47,19,56,79,5,159,50,2,52,211
05/09/2006,FAR,ND,AGL,CE,Combined TRACON& Tower with Radar,19,42,46,13,120,0,8,38,2,48,19,50,84,15,168,96,28,124,292
05/10/2006,FAR,ND,AGL,CE,Combined TRACON& Tower with Radar,14,37,25,13,89,0,0,2,0,2,14,37,27,13,91,42,0,42,133
05/11/2006,FAR,ND,AGL,CE,Combined TRACON& Tower with Radar,19,56,40,11,126,0,4,32,5,41,19,60,72,16,167,75,14,89,256
05/12/2006,FAR,ND,AGL,CE,Combined TRACON& Tower with Radar,18,42,23,0,83,0,2,44,1,47,18,44,67,1,130,6,0,6,136
05/13/2006,FAR,ND,AGL,CE,Combined TRACON& Tower with Radar,14,24,10,0,48,0,1,12,0,13,14,25,22,0,61,27,0,27,88
05/14/2006,FAR,ND,AGL,CE,Combined TRACON& Tower with Radar,12,30,13,0,55,0,0,19,0,19,12,30,32,0,74,40,0,40,114
05/15/2006,FAR,ND,AGL,CE,Combined TRACON& Tower with Radar,19,51,77,21,168,0,4,13,1,18,19,55,90,22,186,54,6,60,246
05/16/2006,FAR,ND,AGL,CE,Combined TRACON& Tower with Radar,18,43,32,12,105,0,6,69,2,77,18,49,101,14,182,100,4,104,286
05/17/2006,FAR,ND,AGL,CE,Combined TRACON& Tower with Radar,15,60,46,17,138,0,9,49,9,67,15,69,95,26,205,150,30,180,385
05/18/2006,FAR,ND,AGL,CE,Combined TRACON& Tower with Radar,0,0,0,0,0,18,50,86,13,167,18,50,86,13,167,46,14,60,227
05/19/2006,FAR,ND,AGL,CE,Combined TRACON& Tower with Radar,22,42,27,13,104,0,5,76,3,84,22,47,103,16,188,147,14,161,349
05/20/2006,FAR,ND,AGL,CE,Combined TRACON& Tower with Radar,13,23,17,0,53,0,8,37,3,48,13,31,54,3,101,42,2,44,145
05/21/2006,FAR,ND,AGL,CE,Combined TRACON& Tower with Radar,12,20,19,1,52,0,1,38,1,40,12,21,57,2,92,37,0,37,129
05/22/2006,FAR,ND,AGL,CE,Combined TRACON& Tower with Radar,18,43,31,0,92,0,7,51,0,58,18,50,82,0,150,76,0,76,226
05/23/2006,FAR,ND,AGL,CE,Combined TRACON& Tower with Radar,16,35,32,12,95,0,2,20,2,24,16,37,52,14,119,24,30,54,173
05/24/2006,FAR,ND,AGL,CE,Combined TRACON& Tower with Radar,15,45,42,12,114,0,0,9,3,12,15,45,51,15,126,3,0,3,129
05/25/2006,FAR,ND,AGL,CE,Combined TRACON& Tower with Radar,16,56,69,3,144,0,10,28,0,38,16,66,97,3,182,8,0,8,190
05/26/2006,FAR,ND,AGL,CE,Combined TRACON& Tower with Radar,18,39,36,11,104,0,11,69,2,82,18,50,105,13,186,60,12,72,258
05/27/2006,FAR,ND,AGL,CE,Combined TRACON& Tower with Radar,14,21,21,4,60,0,2,30,0,32,14,23,51,4,92,6,0,6,98
05/28/2006,FAR,ND,AGL,CE,Combined TRACON& Tower with Radar,11,17,8,1,37,0,0,19,0,19,11,17,27,1,56,0,0,0,56
05/29/2006,FAR,ND,AGL,CE,Combined TRACON& Tower with Radar,14,23,16,2,55,0,0,29,2,31,14,23,45,4,86,0,0,0,86
05/30/2006,FAR,ND,AGL,CE,Combined TRACON& Tower with Radar,14,31,18,13,76,0,18,59,0,77,14,49,77,13,153,88,12,100,253
05/31/2006,FAR,ND,AGL,CE,Combined TRACON& Tower with Radar,16,37,34,12,99,0,11,52,3,66,16,48,86,15,165,101,0,101,266
06/01/2006,FAR,ND,AGL,CE,Combined TRACON& Tower with Radar,17,40,28,13,98,0,15,56,6,77,17,55,84,19,175,98,34,132,307
06/02/2006,FAR,ND,AGL,CE,Combined TRACON& Tower with Radar,19,39,25,17,100,0,16,89,3,108,19,55,114,20,208,158,10,168,376
06/03/2006,FAR,ND,AGL,CE,Combined TRACON& Tower with Radar,16,20,7,7,50,0,7,48,12,67,16,27,55,19,117,55,10,65,182
06/04/2006,FAR,ND,AGL,CE,Combined TRACON& Tower with Radar,14,21,14,2,51,0,1,28,0,29,14,22,42,2,80,19,0,19,99
06/05/2006,FAR,ND,AGL,CE,Combined TRACON& Tower with Radar,17,37,17,2,73,0,5,44,0,49,17,42,61,2,122,43,0,43,165
06/06/2006,FAR,ND,AGL,CE,Combined TRACON& Tower with Radar,19,49,35,11,114,0,17,56,7,80,19,66,91,18,194,124,20,144,338
06/07/2006,FAR,ND,AGL,CE,Combined TRACON& Tower with Radar,16,46,32,15,109,0,10,52,3,65,16,56,84,18,174,100,24,124,298
06/08/2006,FAR,ND,AGL,CE,Combined TRACON& Tower with Radar,21,63,35,12,131,0,13,46,0,59,21,76,81,12,190,96,14,110,300
06/09/2006,FAR,ND,AGL,CE,Combined TRACON& Tower with Radar,24,45,24,8,101,0,5,12,0,17,24,50,36,8,118,55,6,61,179
06/10/2006,FAR,ND,AGL,CE,Combined TRACON& Tower with Radar,18,39,8,0,65,0,9,38,9,56,18,48,46,9,121,48,0,48,169
06/11/2006,FAR,ND,AGL,CE,Combined TRACON& Tower with Radar,19,22,18,0,59,0,4,33,2,39,19,26,51,2,98,40,0,40,138
06/12/2006,FAR,ND,AGL,CE,Combined TRACON& Tower with Radar,22,37,41,12,112,0,6,60,6,72,22,43,101,18,184,137,26,163,347
06/13/2006,FAR,ND,AGL,CE,Combined TRACON& Tower with Radar,20,39,30,8,97,0,9,45,5,59,20,48,75,13,156,52,56,108,264
06/14/2006,FAR,ND,AGL,CE,Combined TRACON& Tower with Radar,20,48,41,8,117,0,3,52,5,60,20,51,93,13,177,0,0,0,177
06/15/2006,FAR,ND,AGL,CE,Combined TRACON& Tower with Radar,22,40,27,11,100,0,3,27,6,36,22,43,54,17,136,22,0,22,158
06/16/2006,FAR,ND,AGL,CE,Combined TRACON& Tower with Radar,20,49,33,6,108,0,3,28,1,32,20,52,61,7,140,58,0,58,198
06/17/2006,FAR,ND,AGL,CE,Combined TRACON& Tower with Radar,11,51,19,0,81,0,3,37,6,46,11,54,56,6,127,65,0,65,192
06/18/2006,FAR,ND,AGL,CE,Combined TRACON& Tower with Radar,16,21,16,1,54,0,0,21,0,21,16,21,37,1,75,0,0,0,75
06/19/2006,FAR,ND,AGL,CE,Combined TRACON& Tower with Radar,21,42,21,6,90,0,9,67,1,77,21,51,88,7,167,69,8,77,244
06/20/2006,FAR,ND,AGL,CE,Combined TRACON& Tower with Radar,20,56,39,17,132,0,5,50,2,57,20,61,89,19,189,86,16,102,291
06/21/2006,FAR,ND,AGL,CE,Combined TRACON& Tower with Radar,20,40,41,2,103,0,0,35,4,39,20,40,76,6,142,12,2,14,156
06/22/2006,FAR,ND,AGL,CE,Combined TRACON& Tower with Radar,22,31,49,13,115,0,0,63,4,67,22,31,112,17,182,106,8,114,296
06/23/2006,FAR,ND,AGL,CE,Combined TRACON& Tower with Radar,20,43,33,12,108,0,3,62,4,69,20,46,95,16,177,66,10,76,253
06/24/2006,FAR,ND,AGL,CE,Combined TRACON& Tower with Radar,13,38,11,0,62,0,0,25,2,27,13,38,36,2,89,72,0,72,161
06/25/2006,FAR,ND,AGL,CE,Combined TRACON& Tower with Radar,16,23,20,4,63,0,2,65,2,69,16,25,85,6,132,40,0,40,172
06/26/2006,FAR,ND,AGL,CE,Combined TRACON& Tower with Radar,25,42,27,8,102,0,5,25,5,35,25,47,52,13,137,81,12,93,230
06/27/2006,FAR,ND,AGL,CE,Combined TRACON& Tower with Radar,19,46,34,10,109,0,10,59,12,81,19,56,93,22,190,114,22,136,326
06/28/2006,FAR,ND,AGL,CE,Combined TRACON& Tower with Radar,16,47,41,11,115,0,5,60,5,70,16,52,101,16,185,88,22,110,295
06/29/2006,FAR,ND,AGL,CE,Combined TRACON& Tower with Radar,20,47,38,16,121,0,8,85,2,95,20,55,123,18,216,70,29,99,315
06/30/2006,FAR,ND,AGL,CE,Combined TRACON& Tower with Radar,23,44,42,11,120,0,3,55,3,61,23,47,97,14,181,65,24,89,270
07/01/2006,FAR,ND,AGL,CE,Combined TRACON& Tower with Radar,16,50,24,0,90,0,0,0,0,0,16,50,24,0,90,6,0,6,96
07/02/2006,FAR,ND,AGL,CE,Combined TRACON& Tower with Radar,12,17,5,0,34,0,2,45,0,47,12,19,50,0,81,14,0,14,95
07/03/2006,FAR,ND,AGL,CE,Combined TRACON& Tower with Radar,15,23,12,0,50,0,1,42,0,43,15,24,54,0,93,22,0,22,115
07/04/2006,FAR,ND,AGL,CE,Combined TRACON& Tower with Radar,17,22,12,1,52,0,0,25,0,25,17,22,37,1,77,0,0,0,77
07/05/2006,FAR,ND,AGL,CE,Combined TRACON& Tower with Radar,19,39,42,10,110,0,2,45,1,48,19,41,87,11,158,130,5,135,293
07/06/2006,FAR,ND,AGL,CE,Combined TRACON& Tower with Radar,20,42,37,8,107,0,0,29,5,34,20,42,66,13,141,132,6,138,279
07/07/2006,FAR,ND,AGL,CE,Combined TRACON& Tower with Radar,23,44,27,8,102,0,9,49,3,61,23,53,76,11,163,32,8,40,203
07/08/2006,FAR,ND,AGL,CE,Combined TRACON& Tower with Radar,20,40,17,0,77,0,7,32,2,41,20,47,49,2,118,38,0,38,156
07/09/2006,FAR,ND,AGL,CE,Combined TRACON& Tower with Radar,14,25,15,0,54,0,0,26,1,27,14,25,41,1,81,12,0,12,93
07/10/2006,FAR,ND,AGL,CE,Combined TRACON& Tower with Radar,21,33,31,17,102,0,0,43,8,51,21,33,74,25,153,90,18,108,261
07/11/2006,FAR,ND,AGL,CE,Combined TRACON& Tower with Radar,21,44,29,16,110,0,8,43,4,55,21,52,72,20,165,102,14,116,281
07/12/2006,FAR,ND,AGL,CE,Combined TRACON& Tower with Radar,20,38,47,13,118,0,4,2,4,10,20,42,49,17,128,34,0,34,162
07/13/2006,FAR,ND,AGL,CE,Combined TRACON& Tower with Radar,21,49,30,11,111,0,6,25,3,34,21,55,55,14,145,42,18,60,205
07/14/2006,FAR,ND,AGL,CE,Combined TRACON& Tower with Radar,22,45,34,12,113,0,23,51,5,79,22,68,85,17,192,42,22,64,256
07/15/2006,FAR,ND,AGL,CE,Combined TRACON& Tower with Radar,18,29,12,11,70,0,20,31,6,57,18,49,43,17,127,14,12,26,153
07/16/2006,FAR,ND,AGL,CE,Combined TRACON& Tower with Radar,14,24,17,2,57,0,4,35,0,39,14,28,52,2,96,14,0,14,110
07/17/2006,FAR,ND,AGL,CE,Combined TRACON& Tower with Radar,20,43,26,0,89,0,7,46,4,57,20,50,72,4,146,90,0,90,236
07/18/2006,FAR,ND,AGL,CE,Combined TRACON& Tower with Radar,21,45,32,12,110,0,13,64,2,79,21,58,96,14,189,95,20,115,304
07/19/2006,FAR,ND,AGL,CE,Combined TRACON& Tower with Radar,24,51,42,14,131,0,7,64,4,75,24,58,106,18,206,68,10,78,284
07/20/2006,FAR,ND,AGL,CE,Combined TRACON& Tower with Radar,21,44,34,19,118,0,18,52,8,78,21,62,86,27,196,88,12,100,296
07/21/2006,FAR,ND,AGL,CE,Combined TRACON& Tower with Radar,23,48,41,10,122,0,8,75,0,83,23,56,116,10,205,112,0,112,317
07/22/2006,FAR,ND,AGL,CE,Combined TRACON& Tower with Radar,18,26,30,5,79,0,2,64,2,68,18,28,94,7,147,89,0,89,236
07/23/2006,FAR,ND,AGL,CE,Combined TRACON& Tower with Radar,14,34,15,0,63,0,2,38,0,40,14,36,53,0,103,29,0,29,132
07/24/2006,FAR,ND,AGL,CE,Combined TRACON& Tower with Radar,23,39,31,17,110,0,1,45,2,48,23,40,76,19,158,61,10,71,229
07/25/2006,FAR,ND,AGL,CE,Combined TRACON& Tower with Radar,19,42,44,11,116,0,11,43,2,56,19,53,87,13,172,55,16,71,243
07/26/2006,FAR,ND,AGL,CE,Combined TRACON& Tower with Radar,21,41,43,11,116,0,8,38,3,49,21,49,81,14,165,67,16,83,248
07/27/2006,FAR,ND,AGL,CE,Combined TRACON& Tower with Radar,22,40,52,13,127,0,6,51,8,65,22,46,103,21,192,50,26,76,268
07/28/2006,FAR,ND,AGL,CE,Combined TRACON& Tower with Radar,23,62,32,10,127,0,8,57,2,67,23,70,89,12,194,68,18,86,280
07/29/2006,FAR,ND,AGL,CE,Combined TRACON& Tower with Radar,18,33,10,2,63,0,4,23,16,43,18,37,33,18,106,18,0,18,124
07/30/2006,FAR,ND,AGL,CE,Combined TRACON& Tower with Radar,13,28,11,2,54,0,1,25,0,26,13,29,36,2,80,20,0,20,100
07/31/2006,FAR,ND,AGL,CE,Combined TRACON& Tower with Radar,16,41,29,0,86,0,1,31,2,34,16,42,60,2,120,52,0,52,172
08/01/2006,FAR,ND,AGL,CE,Combined TRACON& Tower with Radar,24,71,48,15,158,0,9,52,3,64,24,80,100,18,222,75,22,97,319
08/02/2006,FAR,ND,AGL,CE,Combined TRACON& Tower with Radar,18,39,27,7,91,0,8,34,2,44,18,47,61,9,135,58,14,72,207
08/03/2006,FAR,ND,AGL,CE,Combined TRACON& Tower with Radar,19,52,51,16,138,0,2,77,3,82,19,54,128,19,220,97,0,97,317
08/04/2006,FAR,ND,AGL,CE,Combined TRACON& Tower with Radar,19,42,28,11,100,0,4,51,2,57,19,46,79,13,157,46,10,56,213
08/05/2006,FAR,ND,AGL,CE,Combined TRACON& Tower with Radar,15,36,11,0,62,0,0,24,4,28,15,36,35,4,90,0,0,0,90
08/06/2006,FAR,ND,AGL,CE,Combined TRACON& Tower with Radar,12,23,24,1,60,0,0,27,2,29,12,23,51,3,89,32,0,32,121
08/07/2006,FAR,ND,AGL,CE,Combined TRACON& Tower with Radar,0,0,0,0,0,18,43,100,18,179,18,43,100,18,179,40,26,66,245
08/08/2006,FAR,ND,AGL,CE,Combined TRACON& Tower with Radar,15,22,42,10,89,0,0,65,3,68,15,22,107,13,157,57,11,68,225
08/09/2006,FAR,ND,AGL,CE,Combined TRACON& Tower with Radar,16,42,46,6,110,0,0,20,2,22,16,42,66,8,132,18,4,22,154
08/10/2006,FAR,ND,AGL,CE,Combined TRACON& Tower with Radar,16,50,29,9,104,0,1,18,4,23,16,51,47,13,127,3,2,5,132
08/11/2006,FAR,ND,AGL,CE,Combined TRACON& Tower with Radar,22,53,59,12,146,0,1,30,3,34,22,54,89,15,180,38,0,38,218
08/12/2006,FAR,ND,AGL,CE,Combined TRACON& Tower with Radar,41,22,14,0,77,1,8,18,0,27,42,30,32,0,104,6,0,6,110
08/13/2006,FAR,ND,AGL,CE,Combined TRACON& Tower with Radar,12,29,22,0,63,0,0,0,0,0,12,29,22,0,63,8,0,8,71
08/14/2006,FAR,ND,AGL,CE,Combined TRACON& Tower with Radar,17,45,20,6,88,0,2,54,0,56,17,47,74,6,144,24,6,30,174
08/15/2006,FAR,ND,AGL,CE,Combined TRACON& Tower with Radar,18,45,18,12,93,0,0,52,6,58,18,45,70,18,151,46,12,58,209
08/16/2006,FAR,ND,AGL,CE,Combined TRACON& Tower with Radar,18,46,40,12,116,0,0,40,1,41,18,46,80,13,157,35,14,49,206
08/17/2006,FAR,ND,AGL,CE,Combined TRACON& Tower with Radar,17,65,48,11,141,0,0,28,1,29,17,65,76,12,170,55,10,65,235
08/18/2006,FAR,ND,AGL,CE,Combined TRACON& Tower with Radar,21,38,32,5,96,0,0,17,2,19,21,38,49,7,115,21,0,21,136
08/19/2006,FAR,ND,AGL,CE,Combined TRACON& Tower with Radar,16,30,12,15,73,0,0,52,5,57,16,30,64,20,130,43,6,49,179
08/20/2006,FAR,ND,AGL,CE,Combined TRACON& Tower with Radar,12,26,17,0,55,0,0,36,0,36,12,26,53,0,91,36,0,36,127
08/21/2006,FAR,ND,AGL,CE,Combined TRACON& Tower with Radar,16,42,30,18,106,0,8,49,1,58,16,50,79,19,164,76,32,108,272
08/22/2006,FAR,ND,AGL,CE,Combined TRACON& Tower with Radar,18,61,33,14,126,0,3,34,0,37,18,64,67,14,163,64,40,104,267
08/23/2006,FAR,ND,AGL,CE,Combined TRACON& Tower with Radar,20,52,50,16,138,0,2,47,0,49,20,54,97,16,187,62,24,86,273
08/24/2006,FAR,ND,AGL,CE,Combined TRACON& Tower with Radar,16,42,43,5,106,0,8,13,0,21,16,50,56,5,127,16,0,16,143
08/25/2006,FAR,ND,AGL,CE,Combined TRACON& Tower with Radar,23,48,39,0,110,0,1,31,8,40,23,49,70,8,150,36,0,36,186
08/26/2006,FAR,ND,AGL,CE,Combined TRACON& Tower with Radar,18,28,6,1,53,0,8,50,26,84,18,36,56,27,137,48,0,48,185
08/27/2006,FAR,ND,AGL,CE,Combined TRACON& Tower with Radar,12,26,26,3,67,0,3,38,43,84,12,29,64,46,151,22,0,22,173
08/28/2006,FAR,ND,AGL,CE,Combined TRACON& Tower with Radar,18,41,32,0,91,0,5,31,20,56,18,46,63,20,147,70,0,70,217
08/29/2006,FAR,ND,AGL,CE,Combined TRACON& Tower with Radar,19,46,43,15,123,0,16,53,0,69,19,62,96,15,192,90,4,94,286
08/30/2006,FAR,ND,AGL,CE,Combined TRACON& Tower with Radar,19,46,43,15,123,0,16,53,0,69,19,62,96,15,192,90,4,94,286
08/31/2006,FAR,ND,AGL,CE,Combined TRACON& Tower with Radar,16,53,37,17,123,0,0,29,0,29,16,53,66,17,152,42,6,48,200
09/01/2006,FAR,ND,AGL,CE,Combined TRACON& Tower with Radar,20,37,31,11,99,0,2,40,5,47,20,39,71,16,146,50,8,58,204
09/02/2006,FAR,ND,AGL,CE,Combined TRACON& Tower with Radar,16,33,26,1,76,0,1,6,4,11,16,34,32,5,87,6,0,6,93
09/03/2006,FAR,ND,AGL,CE,Combined TRACON& Tower with Radar,9,17,6,0,32,0,12,20,1,33,9,29,26,1,65,8,0,8,73
09/04/2006,FAR,ND,AGL,CE,Combined TRACON& Tower with Radar,13,32,16,2,63,0,11,55,7,73,13,43,71,9,136,77,0,77,213
09/05/2006,FAR,ND,AGL,CE,Combined TRACON& Tower with Radar,14,38,27,8,87,0,11,57,0,68,14,49,84,8,155,128,10,138,293
09/06/2006,FAR,ND,AGL,CE,Combined TRACON& Tower with Radar,17,56,51,12,136,0,11,45,3,59,17,67,96,15,195,121,10,131,326
09/07/2006,FAR,ND,AGL,CE,Combined TRACON& Tower with Radar,18,36,48,8,110,0,4,55,9,68,18,40,103,17,178,62,0,62,240
09/08/2006,FAR,ND,AGL,CE,Combined TRACON& Tower with Radar,21,47,44,11,123,0,11,41,7,59,21,58,85,18,182,60,32,92,274
09/09/2006,FAR,ND,AGL,CE,Combined TRACON& Tower with Radar,16,25,16,0,57,0,11,37,9,57,16,36,53,9,114,90,0,90,204
09/10/2006,FAR,ND,AGL,CE,Combined TRACON& Tower with Radar,12,30,36,1,79,0,6,42,1,49,12,36,78,2,128,65,0,65,193
09/11/2006,FAR,ND,AGL,CE,Combined TRACON& Tower with Radar,18,34,44,0,96,0,0,12,2,14,18,34,56,2,110,46,0,46,156
09/12/2006,FAR,ND,AGL,CE,Combined TRACON& Tower with Radar,16,46,35,12,109,0,17,41,5,63,16,63,76,17,172,133,28,161,333
09/13/2006,FAR,ND,AGL,CE,Combined TRACON& Tower with Radar,18,37,43,13,111,0,30,41,10,81,18,67,84,23,192,78,12,90,282
09/14/2006,FAR,ND,AGL,CE,Combined TRACON& Tower with Radar,20,45,42,9,116,0,25,14,4,43,20,70,56,13,159,54,6,60,219
09/15/2006,FAR,ND,AGL,CE,Combined TRACON& Tower with Radar,22,47,39,9,117,0,7,12,5,24,22,54,51,14,141,32,32,64,205
09/16/2006,FAR,ND,AGL,CE,Combined TRACON& Tower with Radar,16,29,12,0,57,0,2,2,0,4,16,31,14,0,61,0,0,0,61
09/17/2006,FAR,ND,AGL,CE,Combined TRACON& Tower with Radar,12,26,24,0,62,0,0,0,0,0,12,26,24,0,62,21,0,21,83
09/18/2006,FAR,ND,AGL,CE,Combined TRACON& Tower with Radar,14,39,36,0,89,0,0,5,0,5,14,39,41,0,94,0,0,0,94
09/19/2006,FAR,ND,AGL,CE,Combined TRACON& Tower with Radar,17,41,63,12,133,0,1,62,2,65,17,42,125,14,198,62,17,79,277
09/20/2006,FAR,ND,AGL,CE,Combined TRACON& Tower with Radar,17,51,60,11,139,0,39,89,0,128,17,90,149,11,267,136,22,158,425
09/21/2006,FAR,ND,AGL,CE,Combined TRACON& Tower with Radar,19,41,60,9,129,0,10,28,2,40,19,51,88,11,169,85,12,97,266
09/22/2006,FAR,ND,AGL,CE,Combined TRACON& Tower with Radar,23,49,33,0,105,0,0,2,0,2,23,49,35,0,107,10,0,10,117
09/23/2006,FAR,ND,AGL,CE,Combined TRACON& Tower with Radar,12,29,12,0,53,0,1,7,0,8,12,30,19,0,61,2,0,2,63
09/24/2006,FAR,ND,AGL,CE,Combined TRACON& Tower with Radar,13,29,27,1,70,0,10,66,0,76,13,39,93,1,146,78,2,80,226
09/25/2006,FAR,ND,AGL,CE,Combined TRACON& Tower with Radar,15,42,45,5,107,0,0,0,0,0,15,42,45,5,107,58,8,66,173
09/26/2006,FAR,ND,AGL,CE,Combined TRACON& Tower with Radar,16,50,39,38,143,0,15,35,2,52,16,65,74,40,195,125,67,192,387
09/27/2006,FAR,ND,AGL,CE,Combined TRACON& Tower with Radar,16,57,46,13,132,0,7,21,3,31,16,64,67,16,163,50,14,64,227
09/28/2006,FAR,ND,AGL,CE,Combined TRACON& Tower with Radar,17,47,66,13,143,0,15,97,6,118,17,62,163,19,261,62,24,86,347
09/29/2006,FAR,ND,AGL,CE,Combined TRACON& Tower with Radar,20,49,28,11,108,0,0,0,0,0,20,49,28,11,108,94,16,110,218
09/30/2006,FAR,ND,AGL,CE,Combined TRACON& Tower with Radar,14,27,21,0,62,0,27,61,1,89,14,54,82,1,151,103,0,103,254
10/01/2006,FAR,ND,AGL,CE,Combined TRACON& Tower with Radar,14,24,16,0,54,0,20,42,0,62,14,44,58,0,116,66,0,66,182
10/02/2006,FAR,ND,AGL,CE,Combined TRACON& Tower with Radar,17,45,35,28,125,0,11,36,2,49,17,56,71,30,174,62,42,104,278
10/03/2006,FAR,ND,AGL,CE,Combined TRACON& Tower with Radar,16,45,50,20,131,0,12,24,0,36,16,57,74,20,167,28,22,50,217
10/04/2006,FAR,ND,AGL,CE,Combined TRACON& Tower with Radar,16,44,36,18,114,0,11,75,0,86,16,55,111,18,200,135,46,181,381
10/05/2006,FAR,ND,AGL,CE,Combined TRACON& Tower with Radar,16,41,36,5,98,0,18,73,4,95,16,59,109,9,193,65,2,67,260
10/06/2006,FAR,ND,AGL,CE,Combined TRACON& Tower with Radar,18,40,30,15,103,0,7,13,6,26,18,47,43,21,129,24,42,66,195
10/07/2006,FAR,ND,AGL,CE,Combined TRACON& Tower with Radar,13,35,22,0,70,0,14,13,0,27,13,49,35,0,97,18,0,18,115
10/08/2006,FAR,ND,AGL,CE,Combined TRACON& Tower with Radar,13,22,14,3,52,0,0,12,0,12,13,22,26,3,64,4,4,8,72
10/09/2006,FAR,ND,AGL,CE,Combined TRACON& Tower with Radar,28,51,39,0,118,0,15,53,4,72,28,66,92,4,190,78,0,78,268
10/10/2006,FAR,ND,AGL,CE,Combined TRACON& Tower with Radar,19,41,35,3,98,0,6,30,4,40,19,47,65,7,138,77,0,77,215
10/11/2006,FAR,ND,AGL,CE,Combined TRACON& Tower with Radar,18,38,47,9,112,0,0,8,4,12,18,38,55,13,124,0,8,8,132
10/12/2006,FAR,ND,AGL,CE,Combined TRACON& Tower with Radar,18,44,34,6,102,0,0,0,0,0,18,44,34,6,102,4,0,4,106
10/13/2006,FAR,ND,AGL,CE,Combined TRACON& Tower with Radar,20,33,26,0,79,0,2,17,0,19,20,35,43,0,98,0,0,0,98
10/14/2006,FAR,ND,AGL,CE,Combined TRACON& Tower with Radar,18,28,22,0,68,0,22,35,2,59,18,50,57,2,127,52,0,52,179
10/15/2006,FAR,ND,AGL,CE,Combined TRACON& Tower with Radar,12,27,15,2,56,0,5,30,6,41,12,32,45,8,97,50,0,50,147
10/16/2006,FAR,ND,AGL,CE,Combined TRACON& Tower with Radar,17,47,44,4,112,0,0,0,0,0,17,47,44,4,112,4,0,4,116
10/17/2006,FAR,ND,AGL,CE,Combined TRACON& Tower with Radar,18,40,36,0,94,0,0,1,0,1,18,40,37,0,95,12,0,12,107
10/18/2006,FAR,ND,AGL,CE,Combined TRACON& Tower with Radar,17,36,49,12,114,0,4,25,0,29,17,40,74,12,143,35,8,43,186
10/19/2006,FAR,ND,AGL,CE,Combined TRACON& Tower with Radar,20,52,48,13,133,0,14,43,2,59,20,66,91,15,192,54,8,62,254
10/20/2006,FAR,ND,AGL,CE,Combined TRACON& Tower with Radar,17,58,23,2,100,5,15,7,1,28,22,73,30,3,128,6,0,6,134
10/21/2006,FAR,ND,AGL,CE,Combined TRACON& Tower with Radar,14,41,26,7,88,0,5,24,3,32,14,46,50,10,120,85,10,95,215
10/22/2006,FAR,ND,AGL,CE,Combined TRACON& Tower with Radar,13,24,18,2,57,0,10,9,2,21,13,34,27,4,78,24,4,28,106
10/23/2006,FAR,ND,AGL,CE,Combined TRACON& Tower with Radar,17,42,39,0,98,0,5,15,0,20,17,47,54,0,118,56,0,56,174
10/24/2006,FAR,ND,AGL,CE,Combined TRACON& Tower with Radar,15,59,33,10,117,0,17,55,5,77,15,76,88,15,194,22,42,64,258
10/25/2006,FAR,ND,AGL,CE,Combined TRACON& Tower with Radar,16,71,43,13,143,0,29,65,3,97,16,100,108,16,240,79,14,93,333
10/26/2006,FAR,ND,AGL,CE,Combined TRACON& Tower with Radar,19,49,32,16,116,0,19,29,6,54,19,68,61,22,170,82,8,90,260
10/27/2006,FAR,ND,AGL,CE,Combined TRACON& Tower with Radar,24,63,43,10,140,0,11,50,3,64,24,74,93,13,204,91,16,107,311
10/28/2006,FAR,ND,AGL,CE,Combined TRACON& Tower with Radar,12,49,24,2,87,0,7,53,2,62,12,56,77,4,149,62,0,62,211
10/29/2006,FAR,ND,AGL,CE,Combined TRACON& Tower with Radar,10,35,14,0,59,0,7,51,1,59,10,42,65,1,118,65,0,65,183
10/30/2006,FAR,ND,AGL,CE,Combined TRACON& Tower with Radar,17,53,45,9,124,0,7,23,7,37,17,60,68,16,161,5,0,5,166
10/31/2006,FAR,ND,AGL,CE,Combined TRACON& Tower with Radar,17,46,39,12,114,0,2,20,3,25,17,48,59,15,139,18,4,22,161
11/01/2006,FAR,ND,AGL,CE,Combined TRACON& Tower with Radar,15,47,54,7,123,0,2,26,2,30,15,49,80,9,153,16,10,26,179
11/02/2006,FAR,ND,AGL,CE,Combined TRACON& Tower with Radar,16,50,53,9,128,0,10,45,1,56,16,60,98,10,184,80,8,88,272
11/03/2006,FAR,ND,AGL,CE,Combined TRACON& Tower with Radar,19,58,48,10,135,0,18,53,0,71,19,76,101,10,206,71,16,87,293
11/04/2006,FAR,ND,AGL,CE,Combined TRACON& Tower with Radar,11,40,7,0,58,0,22,39,1,62,11,62,46,1,120,152,0,152,272
11/05/2006,FAR,ND,AGL,CE,Combined TRACON& Tower with Radar,12,30,17,0,59,0,8,46,0,54,12,38,63,0,113,60,0,60,173
11/06/2006,FAR,ND,AGL,CE,Combined TRACON& Tower with Radar,18,57,43,9,127,0,8,52,0,60,18,65,95,9,187,116,8,124,311
11/07/2006,FAR,ND,AGL,CE,Combined TRACON& Tower with Radar,15,68,44,8,135,0,13,38,4,55,15,81,82,12,190,130,2,132,322
11/08/2006,FAR,ND,AGL,CE,Combined TRACON& Tower with Radar,16,50,42,8,116,0,3,32,4,39,16,53,74,12,155,36,8,44,199
11/09/2006,FAR,ND,AGL,CE,Combined TRACON& Tower with Radar,19,51,50,2,122,0,2,17,0,19,19,53,67,2,141,12,0,12,153
11/10/2006,FAR,ND,AGL,CE,Combined TRACON& Tower with Radar,18,45,20,0,83,0,10,35,0,45,18,55,55,0,128,35,0,35,163
11/11/2006,FAR,ND,AGL,CE,Combined TRACON& Tower with Radar,12,34,18,0,64,0,13,30,0,43,12,47,48,0,107,34,0,34,141
11/12/2006,FAR,ND,AGL,CE,Combined TRACON& Tower with Radar,10,25,10,0,45,0,0,15,0,15,10,25,25,0,60,32,0,32,92
11/13/2006,FAR,ND,AGL,CE,Combined TRACON& Tower with Radar,22,62,28,18,130,0,21,33,6,60,22,83,61,24,190,79,41,120,310
11/14/2006,FAR,ND,AGL,CE,Combined TRACON& Tower with Radar,16,61,53,16,146,0,17,30,3,50,16,78,83,19,196,66,65,131,327
11/15/2006,FAR,ND,AGL,CE,Combined TRACON& Tower with Radar,18,46,44,16,124,0,3,37,5,45,18,49,81,21,169,70,20,90,259
11/16/2006,FAR,ND,AGL,CE,Combined TRACON& Tower with Radar,17,51,53,7,128,0,9,24,6,39,17,60,77,13,167,54,10,64,231
11/17/2006,FAR,ND,AGL,CE,Combined TRACON& Tower with Radar,17,47,45,3,112,0,0,18,2,20,17,47,63,5,132,37,0,37,169
11/18/2006,FAR,ND,AGL,CE,Combined TRACON& Tower with Radar,12,43,18,6,79,0,20,71,0,91,12,63,89,6,170,108,8,116,286
11/19/2006,FAR,ND,AGL,CE,Combined TRACON& Tower with Radar,11,40,14,4,69,0,19,62,0,81,11,59,76,4,150,58,0,58,208
11/20/2006,FAR,ND,AGL,CE,Combined TRACON& Tower with Radar,15,39,41,2,97,2,7,36,0,45,17,46,77,2,142,3,4,7,149
11/21/2006,FAR,ND,AGL,CE,Combined TRACON& Tower with Radar,18,71,51,2,142,0,20,68,0,88,18,91,119,2,230,118,0,118,348
11/22/2006,FAR,ND,AGL,CE,Combined TRACON& Tower with Radar,19,50,30,2,101,0,4,38,2,44,19,54,68,4,145,86,0,86,231
11/23/2006,FAR,ND,AGL,CE,Combined TRACON& Tower with Radar,14,22,7,0,43,0,5,16,0,21,14,27,23,0,64,54,0,54,118
11/24/2006,FAR,ND,AGL,CE,Combined TRACON& Tower with Radar,12,31,21,0,64,0,2,46,0,48,12,33,67,0,112,99,0,99,211
11/25/2006,FAR,ND,AGL,CE,Combined TRACON& Tower with Radar,10,36,22,0,68,0,8,55,0,63,10,44,77,0,131,16,0,16,147
11/26/2006,FAR,ND,AGL,CE,Combined TRACON& Tower with Radar,10,27,18,0,55,0,2,35,0,37,10,29,53,0,92,22,0,22,114
11/27/2006,FAR,ND,AGL,CE,Combined TRACON& Tower with Radar,15,52,33,12,112,0,0,9,0,9,15,52,42,12,121,22,14,36,157
11/28/2006,FAR,ND,AGL,CE,Combined TRACON& Tower with Radar,22,39,24,0,85,0,0,1,0,1,22,39,25,0,86,0,0,0,86
11/29/2006,FAR,ND,AGL,CE,Combined TRACON& Tower with Radar,20,60,44,2,126,0,1,4,0,5,20,61,48,2,131,13,0,13,144
11/30/2006,FAR,ND,AGL,CE,Combined TRACON& Tower with Radar,18,60,38,5,121,0,4,46,7,57,18,64,84,12,178,106,24,130,308
12/01/2006,FAR,ND,AGL,CE,Combined TRACON& Tower with Radar,20,40,39,7,106,0,2,35,0,37,20,42,74,7,143,107,8,115,258
12/02/2006,FAR,ND,AGL,CE,Combined TRACON& Tower with Radar,9,32,15,4,60,0,1,5,0,6,9,33,20,4,66,24,4,28,94
12/03/2006,FAR,ND,AGL,CE,Combined TRACON& Tower with Radar,12,30,14,0,56,0,3,27,0,30,12,33,41,0,86,53,0,53,139
12/04/2006,FAR,ND,AGL,CE,Combined TRACON& Tower with Radar,17,52,32,0,101,0,5,23,0,28,17,57,55,0,129,26,0,26,155
12/05/2006,FAR,ND,AGL,CE,Combined TRACON& Tower with Radar,19,34,39,1,93,0,0,18,0,18,19,34,57,1,111,33,0,33,144
12/06/2006,FAR,ND,AGL,CE,Combined TRACON& Tower with Radar,19,48,42,0,109,0,3,6,0,9,19,51,48,0,118,22,4,26,144
12/07/2006,FAR,ND,AGL,CE,Combined TRACON& Tower with Radar,17,46,51,2,116,2,19,42,0,63,19,65,93,2,179,62,4,66,245
12/08/2006,FAR,ND,AGL,CE,Combined TRACON& Tower with Radar,25,57,45,0,127,0,20,68,2,90,25,77,113,2,217,124,0,124,341
12/09/2006,FAR,ND,AGL,CE,Combined TRACON& Tower with Radar,12,43,22,0,77,0,23,54,12,89,12,66,76,12,166,100,0,100,266
12/10/2006,FAR,ND,AGL,CE,Combined TRACON& Tower with Radar,11,26,5,0,42,0,5,39,0,44,11,31,44,0,86,33,0,33,119
12/11/2006,FAR,ND,AGL,CE,Combined TRACON& Tower with Radar,15,36,20,0,71,0,1,0,0,1,15,37,20,0,72,0,0,0,72
12/12/2006,FAR,ND,AGL,CE,Combined TRACON& Tower with Radar,21,42,36,0,99,0,0,4,0,4,21,42,40,0,103,0,0,0,103
12/13/2006,FAR,ND,AGL,CE,Combined TRACON& Tower with Radar,18,56,41,2,117,0,7,53,2,62,18,63,94,4,179,91,0,91,270
12/14/2006,FAR,ND,AGL,CE,Combined TRACON& Tower with Radar,19,44,48,2,113,0,2,11,0,13,19,46,59,2,126,10,0,10,136
12/15/2006,FAR,ND,AGL,CE,Combined TRACON& Tower with Radar,19,44,40,10,113,0,0,13,0,13,19,44,53,10,126,28,0,28,154
12/16/2006,FAR,ND,AGL,CE,Combined TRACON& Tower with Radar,12,27,14,0,53,0,0,21,2,23,12,27,35,2,76,68,0,68,144
12/17/2006,FAR,ND,AGL,CE,Combined TRACON& Tower with Radar,12,32,13,2,59,0,0,15,0,15,12,32,28,2,74,66,0,66,140
12/18/2006,FAR,ND,AGL,CE,Combined TRACON& Tower with Radar,19,51,42,6,118,0,5,49,2,56,19,56,91,8,174,112,4,116,290
12/19/2006,FAR,ND,AGL,CE,Combined TRACON& Tower with Radar,12,63,44,9,128,0,8,64,0,72,12,71,108,9,200,70,10,80,280
12/20/2006,FAR,ND,AGL,CE,Combined TRACON& Tower with Radar,18,44,45,11,118,0,1,49,7,57,18,45,94,18,175,132,8,140,315
12/21/2006,FAR,ND,AGL,CE,Combined TRACON& Tower with Radar,21,27,35,1,84,0,1,36,2,39,21,28,71,3,123,116,0,116,239
12/22/2006,FAR,ND,AGL,CE,Combined TRACON& Tower with Radar,17,28,39,1,85,0,0,10,0,10,17,28,49,1,95,0,0,0,95
12/23/2006,FAR,ND,AGL,CE,Combined TRACON& Tower with Radar,15,34,27,0,76,0,2,36,0,38,15,36,63,0,114,10,0,10,124
12/24/2006,FAR,ND,AGL,CE,Combined TRACON& Tower with Radar,6,25,2,0,33,0,0,5,0,5,6,25,7,0,38,0,0,0,38
12/25/2006,FAR,ND,AGL,CE,Combined TRACON& Tower with Radar,9,28,9,0,46,0,0,8,0,8,9,28,17,0,54,7,0,7,61
12/26/2006,FAR,ND,AGL,CE,Combined TRACON& Tower with Radar,8,37,15,11,71,0,0,23,0,23,8,37,38,11,94,18,0,18,112
12/27/2006,FAR,ND,AGL,CE,Combined TRACON& Tower with Radar,13,43,30,4,90,0,1,33,1,35,13,44,63,5,125,46,4,50,175
12/28/2006,FAR,ND,AGL,CE,Combined TRACON& Tower with Radar,13,45,22,3,83,0,0,24,4,28,13,45,46,7,111,118,8,126,237
12/29/2006,FAR,ND,AGL,CE,Combined TRACON& Tower with Radar,17,48,14,4,83,0,1,0,0,1,17,49,14,4,84,0,0,0,84
12/30/2006,FAR,ND,AGL,CE,Combined TRACON& Tower with Radar,13,25,5,0,43,0,0,0,0,0,13,25,5,0,43,0,0,0,43
12/31/2006,FAR,ND,AGL,CE,Combined TRACON& Tower with Radar,6,23,5,1,35,0,0,0,0,0,6,23,5,1,35,0,0,0,35
01/01/2007,FAR,ND,AGL,CE,Combined TRACON& Tower with Radar,11,28,8,0,47,0,0,14,0,14,11,28,22,0,61,5,0,5,66
01/02/2007,FAR,ND,AGL,CE,Combined TRACON& Tower with Radar,9,45,22,0,76,0,0,24,0,24,9,45,46,0,100,36,0,36,136
01/03/2007,FAR,ND,AGL,CE,Combined TRACON& Tower with Radar,16,39,23,4,82,0,0,32,0,32,16,39,55,4,114,72,0,72,186
01/04/2007,FAR,ND,AGL,CE,Combined TRACON& Tower with Radar,17,44,36,0,97,0,1,25,2,28,17,45,61,2,125,117,0,117,242
01/05/2007,FAR,ND,AGL,CE,Combined TRACON& Tower with Radar,17,44,22,4,87,0,0,27,7,34,17,44,49,11,121,102,10,112,233
01/06/2007,FAR,ND,AGL,CE,Combined TRACON& Tower with Radar,11,33,14,4,62,0,4,21,0,25,11,37,35,4,87,28,0,28,115
01/07/2007,FAR,ND,AGL,CE,Combined TRACON& Tower with Radar,10,18,14,0,42,0,0,4,0,4,10,18,18,0,46,0,0,0,46
01/08/2007,FAR,ND,AGL,CE,Combined TRACON& Tower with Radar,36,19,28,6,89,0,1,27,3,31,36,20,55,9,120,18,9,27,147
01/09/2007,FAR,ND,AGL,CE,Combined TRACON& Tower with Radar,17,44,43,11,115,0,2,29,2,33,17,46,72,13,148,72,32,104,252
01/10/2007,FAR,ND,AGL,CE,Combined TRACON& Tower with Radar,16,39,24,17,96,0,0,14,6,20,16,39,38,23,116,1,34,35,151
01/11/2007,FAR,ND,AGL,CE,Combined TRACON& Tower with Radar,17,45,45,20,127,0,1,0,2,3,17,46,45,22,130,16,28,44,174
01/12/2007,FAR,ND,AGL,CE,Combined TRACON& Tower with Radar,17,49,32,9,107,0,3,24,0,27,17,52,56,9,134,6,28,34,168
01/13/2007,FAR,ND,AGL,CE,Combined TRACON& Tower with Radar,10,35,8,4,57,0,7,25,4,36,10,42,33,8,93,56,24,80,173
01/14/2007,FAR,ND,AGL,CE,Combined TRACON& Tower with Radar,10,18,3,23,54,0,13,10,3,26,10,31,13,26,80,14,58,72,152
01/15/2007,FAR,ND,AGL,CE,Combined TRACON& Tower with Radar,15,31,23,0,69,0,18,9,1,28,15,49,32,1,97,42,0,42,139
01/16/2007,FAR,ND,AGL,CE,Combined TRACON& Tower with Radar,14,49,32,6,101,0,10,27,2,39,14,59,59,8,140,38,10,48,188
01/17/2007,FAR,ND,AGL,CE,Combined TRACON& Tower with Radar,18,51,30,9,108,0,17,21,1,39,18,68,51,10,147,135,18,153,300
01/18/2007,FAR,ND,AGL,CE,Combined TRACON& Tower with Radar,18,39,47,2,106,0,3,15,0,18,18,42,62,2,124,34,0,34,158
01/19/2007,FAR,ND,AGL,CE,Combined TRACON& Tower with Radar,16,50,17,2,85,0,14,27,1,42,16,64,44,3,127,132,0,132,259
01/20/2007,FAR,ND,AGL,CE,Combined TRACON& Tower with Radar,10,35,15,1,61,0,15,30,20,65,10,50,45,21,126,72,0,72,198
01/21/2007,FAR,ND,AGL,CE,Combined TRACON& Tower with Radar,12,15,7,0,34,0,0,0,0,0,12,15,7,0,34,0,0,0,34
01/22/2007,FAR,ND,AGL,CE,Combined TRACON& Tower with Radar,36,17,31,3,87,0,6,25,3,34,36,23,56,6,121,76,18,94,215
01/23/2007,FAR,ND,AGL,CE,Combined TRACON& Tower with Radar,15,53,43,8,119,0,7,27,5,39,15,60,70,13,158,44,6,50,208
01/24/2007,FAR,ND,AGL,CE,Combined TRACON& Tower with Radar,15,49,50,0,114,0,1,8,0,9,15,50,58,0,123,111,0,111,234
01/25/2007,FAR,ND,AGL,CE,Combined TRACON& Tower with Radar,17,49,29,1,96,0,2,12,0,14,17,51,41,1,110,29,0,29,139
01/26/2007,FAR,ND,AGL,CE,Combined TRACON& Tower with Radar,16,53,30,8,107,0,0,25,1,26,16,53,55,9,133,47,6,53,186
01/27/2007,FAR,ND,AGL,CE,Combined TRACON& Tower with Radar,10,27,13,0,50,0,0,2,0,2,10,27,15,0,52,0,0,0,52
01/28/2007,FAR,ND,AGL,CE,Combined TRACON& Tower with Radar,14,17,20,0,51,0,4,13,0,17,14,21,33,0,68,63,0,63,131
01/29/2007,FAR,ND,AGL,CE,Combined TRACON& Tower with Radar,13,38,23,4,78,0,0,2,0,2,13,38,25,4,80,0,0,0,80
01/30/2007,FAR,ND,AGL,CE,Combined TRACON& Tower with Radar,33,24,40,3,100,2,22,45,2,71,35,46,85,5,171,145,0,145,316
01/31/2007,FAR,ND,AGL,CE,Combined TRACON& Tower with Radar,17,50,39,2,108,0,0,0,0,0,17,50,39,2,108,34,0,34,142
02/01/2007,FAR,ND,AGL,CE,Combined TRACON& Tower with Radar,16,40,38,5,99,0,4,0,0,4,16,44,38,5,103,0,0,0,103
02/02/2007,FAR,ND,AGL,CE,Combined TRACON& Tower with Radar,18,43,20,0,81,0,0,6,6,12,18,43,26,6,93,52,0,52,145
02/03/2007,FAR,ND,AGL,CE,Combined TRACON& Tower with Radar,10,35,7,1,53,0,9,4,0,13,10,44,11,1,66,18,0,18,84
02/04/2007,FAR,ND,AGL,CE,Combined TRACON& Tower with Radar,8,16,1,2,27,0,7,4,0,11,8,23,5,2,38,3,0,3,41
02/05/2007,FAR,ND,AGL,CE,Combined TRACON& Tower with Radar,34,12,19,3,68,0,10,16,2,28,34,22,35,5,96,43,0,43,139
02/06/2007,FAR,ND,AGL,CE,Combined TRACON& Tower with Radar,19,49,28,4,100,0,24,7,1,32,19,73,35,5,132,123,8,131,263
02/07/2007,FAR,ND,AGL,CE,Combined TRACON& Tower with Radar,17,48,41,0,106,0,17,29,5,51,17,65,70,5,157,38,6,44,201
02/08/2007,FAR,ND,AGL,CE,Combined TRACON& Tower with Radar,21,49,24,2,96,0,14,26,5,45,21,63,50,7,141,40,0,40,181
02/09/2007,FAR,ND,AGL,CE,Combined TRACON& Tower with Radar,17,41,22,2,82,0,14,28,0,42,17,55,50,2,124,24,0,24,148
02/10/2007,FAR,ND,AGL,CE,Combined TRACON& Tower with Radar,10,34,7,0,51,0,25,22,0,47,10,59,29,0,98,26,0,26,124
02/11/2007,FAR,ND,AGL,CE,Combined TRACON& Tower with Radar,12,19,13,0,44,0,19,37,0,56,12,38,50,0,100,32,0,32,132
02/12/2007,FAR,ND,AGL,CE,Combined TRACON& Tower with Radar,30,12,34,0,76,0,26,22,0,48,30,38,56,0,124,94,0,94,218
02/13/2007,FAR,ND,AGL,CE,Combined TRACON& Tower with Radar,18,37,42,5,102,0,13,34,2,49,18,50,76,7,151,60,28,88,239
02/14/2007,FAR,ND,AGL,CE,Combined TRACON& Tower with Radar,15,41,39,5,100,0,23,14,2,39,15,64,53,7,139,70,0,70,209
02/15/2007,FAR,ND,AGL,CE,Combined TRACON& Tower with Radar,14,59,35,3,111,0,16,36,0,52,14,75,71,3,163,57,10,67,230
02/16/2007,FAR,ND,AGL,CE,Combined TRACON& Tower with Radar,15,46,27,3,91,0,0,22,0,22,15,46,49,3,113,42,0,42,155
02/17/2007,FAR,ND,AGL,CE,Combined TRACON& Tower with Radar,12,29,23,0,64,0,6,29,0,35,12,35,52,0,99,110,0,110,209
02/18/2007,FAR,ND,AGL,CE,Combined TRACON& Tower with Radar,7,26,12,2,47,0,0,3,0,3,7,26,15,2,50,10,0,10,60
02/19/2007,FAR,ND,AGL,CE,Combined TRACON& Tower with Radar,13,36,29,1,79,0,19,42,1,62,13,55,71,2,141,124,1,125,266
02/20/2007,FAR,ND,AGL,CE,Combined TRACON& Tower with Radar,15,56,38,1,110,0,17,24,2,43,15,73,62,3,153,272,0,272,425
02/21/2007,FAR,ND,AGL,CE,Combined TRACON& Tower with Radar,15,41,26,2,84,0,4,21,7,32,15,45,47,9,116,26,0,26,142
02/22/2007,FAR,ND,AGL,CE,Combined TRACON& Tower with Radar,14,62,25,1,102,0,9,47,2,58,14,71,72,3,160,138,0,138,298
02/23/2007,FAR,ND,AGL,CE,Combined TRACON& Tower with Radar,15,48,26,4,93,0,6,7,2,15,15,54,33,6,108,20,0,20,128
02/24/2007,FAR,ND,AGL,CE,Combined TRACON& Tower with Radar,15,21,5,0,41,0,0,0,0,0,15,21,5,0,41,0,0,0,41
02/25/2007,FAR,ND,AGL,CE,Combined TRACON& Tower with Radar,10,21,8,0,39,0,0,1,0,1,10,21,9,0,40,0,0,0,40
02/26/2007,FAR,ND,AGL,CE,Combined TRACON& Tower with Radar,11,38,23,1,73,0,0,9,0,9,11,38,32,1,82,56,0,56,138
02/27/2007,FAR,ND,AGL,CE,Combined TRACON& Tower with Radar,16,43,53,7,119,0,1,14,3,18,16,44,67,10,137,122,16,138,275
02/28/2007,FAR,ND,AGL,CE,Combined TRACON& Tower with Radar,16,51,24,5,96,0,0,0,3,3,16,51,24,8,99,0,4,4,103
03/01/2007,FAR,ND,AGL,CE,Combined TRACON& Tower with Radar,12,35,17,0,64,1,0,0,0,1,13,35,17,0,65,0,0,0,65
03/02/2007,FAR,ND,AGL,CE,Combined TRACON& Tower with Radar,12,43,19,0,74,0,0,0,0,0,12,43,19,0,74,0,0,0,74
03/03/2007,FAR,ND,AGL,CE,Combined TRACON& Tower with Radar,13,42,14,0,69,0,28,20,1,49,13,70,34,1,118,36,0,36,154
03/04/2007,FAR,ND,AGL,CE,Combined TRACON& Tower with Radar,9,22,8,2,41,0,26,19,0,45,9,48,27,2,86,11,0,11,97
03/05/2007,FAR,ND,AGL,CE,Combined TRACON& Tower with Radar,11,40,34,4,89,0,13,36,1,50,11,53,70,5,139,91,0,91,230
03/06/2007,FAR,ND,AGL,CE,Combined TRACON& Tower with Radar,16,33,32,12,93,0,9,5,0,14,16,42,37,12,107,12,0,12,119
03/07/2007,FAR,ND,AGL,CE,Combined TRACON& Tower with Radar,16,37,37,12,102,0,6,11,5,22,16,43,48,17,124,106,20,126,250
03/08/2007,FAR,ND,AGL,CE,Combined TRACON& Tower with Radar,16,42,47,7,112,0,0,0,0,0,16,42,47,7,112,0,0,0,112
03/09/2007,FAR,ND,AGL,CE,Combined TRACON& Tower with Radar,16,46,39,0,101,0,14,30,0,44,16,60,69,0,145,125,0,125,270
03/10/2007,FAR,ND,AGL,CE,Combined TRACON& Tower with Radar,14,39,9,0,62,0,9,38,0,47,14,48,47,0,109,122,0,122,231
03/11/2007,FAR,ND,AGL,CE,Combined TRACON& Tower with Radar,8,17,11,4,40,0,5,12,0,17,8,22,23,4,57,33,10,43,100
03/12/2007,FAR,ND,AGL,CE,Combined TRACON& Tower with Radar,13,40,22,9,84,0,0,24,4,28,13,40,46,13,112,80,0,80,192
03/13/2007,FAR,ND,AGL,CE,Combined TRACON& Tower with Radar,18,49,38,8,113,0,8,52,4,64,18,57,90,12,177,110,28,138,315
03/14/2007,FAR,ND,AGL,CE,Combined TRACON& Tower with Radar,15,44,35,6,100,0,5,19,5,29,15,49,54,11,129,68,2,70,199
03/15/2007,FAR,ND,AGL,CE,Combined TRACON& Tower with Radar,15,41,53,6,115,0,0,7,1,8,15,41,60,7,123,12,2,14,137
03/16/2007,FAR,ND,AGL,CE,Combined TRACON& Tower with Radar,24,38,39,10,111,0,4,31,5,40,24,42,70,15,151,80,0,80,231
03/17/2007,FAR,ND,AGL,CE,Combined TRACON& Tower with Radar,11,27,14,2,54,0,0,23,3,26,11,27,37,5,80,46,0,46,126
03/18/2007,FAR,ND,AGL,CE,Combined TRACON& Tower with Radar,9,18,18,0,45,0,0,3,0,3,9,18,21,0,48,16,0,16,64
03/19/2007,FAR,ND,AGL,CE,Combined TRACON& Tower with Radar,11,35,34,4,84,0,2,21,0,23,11,37,55,4,107,18,2,20,127
03/20/2007,FAR,ND,AGL,CE,Combined TRACON& Tower with Radar,18,52,37,1,108,0,8,20,0,28,18,60,57,1,136,14,0,14,150
03/21/2007,FAR,ND,AGL,CE,Combined TRACON& Tower with Radar,16,55,30,12,113,0,3,6,0,9,16,58,36,12,122,56,34,90,212
03/22/2007,FAR,ND,AGL,CE,Combined TRACON& Tower with Radar,15,45,41,9,110,0,19,43,0,62,15,64,84,9,172,130,2,132,304
03/23/2007,FAR,ND,AGL,CE,Combined TRACON& Tower with Radar,13,43,38,2,96,0,36,59,0,95,13,79,97,2,191,207,0,207,398
03/24/2007,FAR,ND,AGL,CE,Combined TRACON& Tower with Radar,22,48,26,0,96,0,0,0,0,0,22,48,26,0,96,186,0,186,282
03/25/2007,FAR,ND,AGL,CE,Combined TRACON& Tower with Radar,8,32,12,2,54,0,3,0,0,3,8,35,12,2,57,31,0,31,88
03/26/2007,FAR,ND,AGL,CE,Combined TRACON& Tower with Radar,37,22,24,3,86,1,6,33,2,42,38,28,57,5,128,89,4,93,221
03/27/2007,FAR,ND,AGL,CE,Combined TRACON& Tower with Radar,18,46,41,3,108,0,13,40,2,55,18,59,81,5,163,122,0,122,285
03/28/2007,FAR,ND,AGL,CE,Combined TRACON& Tower with Radar,10,62,52,0,124,0,8,5,2,15,10,70,57,2,139,106,0,106,245
03/29/2007,FAR,ND,AGL,CE,Combined TRACON& Tower with Radar,10,44,39,8,101,0,0,0,0,0,10,44,39,8,101,0,0,0,101
03/30/2007,FAR,ND,AGL,CE,Combined TRACON& Tower with Radar,21,48,29,2,100,0,0,2,0,2,21,48,31,2,102,0,0,0,102
03/31/2007,FAR,ND,AGL,CE,Combined TRACON& Tower with Radar,14,33,12,2,61,0,0,0,0,0,14,33,12,2,61,0,0,0,61
04/01/2007,FAR,ND,AGL,CE,Combined TRACON& Tower with Radar,6,24,5,2,37,0,0,0,0,0,6,24,5,2,37,0,0,0,37
04/02/2007,FAR,ND,AGL,CE,Combined TRACON& Tower with Radar,13,32,23,12,80,0,0,5,2,7,13,32,28,14,87,10,10,20,107
04/03/2007,FAR,ND,AGL,CE,Combined TRACON& Tower with Radar,16,41,26,0,83,0,0,0,0,0,16,41,26,0,83,0,0,0,83
04/04/2007,FAR,ND,AGL,CE,Combined TRACON& Tower with Radar,13,44,44,14,115,0,0,5,0,5,13,44,49,14,120,12,0,12,132
04/05/2007,FAR,ND,AGL,CE,Combined TRACON& Tower with Radar,12,69,43,15,139,0,12,42,0,54,12,81,85,15,193,124,0,124,317
04/06/2007,FAR,ND,AGL,CE,Combined TRACON& Tower with Radar,15,49,26,0,90,0,8,17,0,25,15,57,43,0,115,70,0,70,185
04/07/2007,FAR,ND,AGL,CE,Combined TRACON& Tower with Radar,11,28,11,0,50,0,16,16,0,32,11,44,27,0,82,38,0,38,120
04/08/2007,FAR,ND,AGL,CE,Combined TRACON& Tower with Radar,5,21,12,0,38,0,4,22,0,26,5,25,34,0,64,26,0,26,90
04/09/2007,FAR,ND,AGL,CE,Combined TRACON& Tower with Radar,9,43,38,0,90,0,7,60,0,67,9,50,98,0,157,78,0,78,235
04/10/2007,FAR,ND,AGL,CE,Combined TRACON& Tower with Radar,10,51,28,11,100,0,10,17,0,27,10,61,45,11,127,18,2,20,147
04/11/2007,FAR,ND,AGL,CE,Combined TRACON& Tower with Radar,12,52,29,6,99,0,2,3,2,7,12,54,32,8,106,62,28,90,196
04/12/2007,FAR,ND,AGL,CE,Combined TRACON& Tower with Radar,13,50,25,22,110,0,5,32,6,43,13,55,57,28,153,190,10,200,353
04/13/2007,FAR,ND,AGL,CE,Combined TRACON& Tower with Radar,13,57,37,8,115,0,30,58,0,88,13,87,95,8,203,201,0,201,404
04/14/2007,FAR,ND,AGL,CE,Combined TRACON& Tower with Radar,11,48,13,3,75,0,20,49,0,69,11,68,62,3,144,136,0,136,280
04/15/2007,FAR,ND,AGL,CE,Combined TRACON& Tower with Radar,7,31,20,14,72,0,5,63,0,68,7,36,83,14,140,134,4,138,278
04/16/2007,FAR,ND,AGL,CE,Combined TRACON& Tower with Radar,8,45,38,10,101,0,0,46,1,47,8,45,84,11,148,102,28,130,278
04/17/2007,FAR,ND,AGL,CE,Combined TRACON& Tower with Radar,13,50,41,5,109,0,15,61,2,78,13,65,102,7,187,149,8,157,344
04/18/2007,FAR,ND,AGL,CE,Combined TRACON& Tower with Radar,13,51,33,5,102,0,18,30,6,54,13,69,63,11,156,121,0,121,277
04/19/2007,FAR,ND,AGL,CE,Combined TRACON& Tower with Radar,14,51,42,10,117,0,6,40,4,50,14,57,82,14,167,88,26,114,281
04/20/2007,FAR,ND,AGL,CE,Combined TRACON& Tower with Radar,12,53,32,5,102,0,0,20,2,22,12,53,52,7,124,46,8,54,178
04/21/2007,FAR,ND,AGL,CE,Combined TRACON& Tower with Radar,12,35,16,0,63,0,1,14,0,15,12,36,30,0,78,6,0,6,84
04/22/2007,FAR,ND,AGL,CE,Combined TRACON& Tower with Radar,6,24,35,0,65,0,0,12,1,13,6,24,47,1,78,27,0,27,105
04/23/2007,FAR,ND,AGL,CE,Combined TRACON& Tower with Radar,9,55,18,0,82,0,6,43,0,49,9,61,61,0,131,138,0,138,269
04/24/2007,FAR,ND,AGL,CE,Combined TRACON& Tower with Radar,21,49,52,0,122,0,21,59,17,97,21,70,111,17,219,140,6,146,365
04/25/2007,FAR,ND,AGL,CE,Combined TRACON& Tower with Radar,13,51,45,9,118,0,17,62,6,85,13,68,107,15,203,278,18,296,499
04/26/2007,FAR,ND,AGL,CE,Combined TRACON& Tower with Radar,13,51,39,7,110,0,5,59,4,68,13,56,98,11,178,152,2,154,332
04/27/2007,FAR,ND,AGL,CE,Combined TRACON& Tower with Radar,15,57,32,10,114,0,9,50,4,63,15,66,82,14,177,98,16,114,291
04/28/2007,FAR,ND,AGL,CE,Combined TRACON& Tower with Radar,12,37,22,0,71,0,10,30,2,42,12,47,52,2,113,52,0,52,165
04/29/2007,FAR,ND,AGL,CE,Combined TRACON& Tower with Radar,6,24,17,0,47,0,8,46,1,55,6,32,63,1,102,125,0,125,227
04/30/2007,FAR,ND,AGL,CE,Combined TRACON& Tower with Radar,10,49,29,10,98,0,3,21,2,26,10,52,50,12,124,52,8,60,184
05/01/2007,FAR,ND,AGL,CE,Combined TRACON& Tower with Radar,12,55,32,9,108,0,6,26,6,38,12,61,58,15,146,56,6,62,208
05/02/2007,FAR,ND,AGL,CE,Combined TRACON& Tower with Radar,14,43,54,6,117,0,15,42,3,60,14,58,96,9,177,105,22,127,304
05/03/2007,FAR,ND,AGL,CE,Combined TRACON& Tower with Radar,16,46,39,2,103,0,0,0,0,0,16,46,39,2,103,47,2,49,152
05/04/2007,FAR,ND,AGL,CE,Combined TRACON& Tower with Radar,14,42,37,6,99,0,0,2,3,5,14,42,39,9,104,5,0,5,109
05/05/2007,FAR,ND,AGL,CE,Combined TRACON& Tower with Radar,16,33,6,8,63,0,0,1,0,1,16,33,7,8,64,0,0,0,64
05/06/2007,FAR,ND,AGL,CE,Combined TRACON& Tower with Radar,8,21,14,4,47,0,1,4,0,5,8,22,18,4,52,0,0,0,52
05/07/2007,FAR,ND,AGL,CE,Combined TRACON& Tower with Radar,11,48,46,3,108,0,4,32,3,39,11,52,78,6,147,95,0,95,242
05/08/2007,FAR,ND,AGL,CE,Combined TRACON& Tower with Radar,15,70,71,15,171,0,14,62,7,83,15,84,133,22,254,219,14,233,487
05/09/2007,FAR,ND,AGL,CE,Combined TRACON& Tower with Radar,14,47,53,13,127,0,0,76,3,79,14,47,129,16,206,86,14,100,306
05/10/2007,FAR,ND,AGL,CE,Combined TRACON& Tower with Radar,15,49,44,6,114,0,3,44,1,48,15,52,88,7,162,57,8,65,227
05/11/2007,FAR,ND,AGL,CE,Combined TRACON& Tower with Radar,14,49,40,6,109,0,7,32,0,39,14,56,72,6,148,13,0,13,161
05/12/2007,FAR,ND,AGL,CE,Combined TRACON& Tower with Radar,12,39,12,2,65,0,1,52,2,55,12,40,64,4,120,94,0,94,214
05/13/2007,FAR,ND,AGL,CE,Combined TRACON& Tower with Radar,8,28,14,0,50,0,2,44,0,46,8,30,58,0,96,40,18,58,154
05/14/2007,FAR,ND,AGL,CE,Combined TRACON& Tower with Radar,11,52,25,9,97,0,1,34,0,35,11,53,59,9,132,23,0,23,155
05/15/2007,FAR,ND,AGL,CE,Combined TRACON& Tower with Radar,16,46,44,15,121,0,8,37,3,48,16,54,81,18,169,46,38,84,253
05/16/2007,FAR,ND,AGL,CE,Combined TRACON& Tower with Radar,14,46,46,8,114,0,12,60,10,82,14,58,106,18,196,141,4,145,341
05/17/2007,FAR,ND,AGL,CE,Combined TRACON& Tower with Radar,14,63,40,5,122,0,0,47,4,51,14,63,87,9,173,96,0,96,269
05/18/2007,FAR,ND,AGL,CE,Combined TRACON& Tower with Radar,15,47,34,15,111,0,2,49,2,53,15,49,83,17,164,112,14,126,290
05/19/2007,FAR,ND,AGL,CE,Combined TRACON& Tower with Radar,13,35,28,2,78,0,0,5,0,5,13,35,33,2,83,8,0,8,91
05/20/2007,FAR,ND,AGL,CE,Combined TRACON& Tower with Radar,10,23,9,0,42,0,0,4,0,4,10,23,13,0,46,0,0,0,46
05/21/2007,FAR,ND,AGL,CE,Combined TRACON& Tower with Radar,10,41,53,6,110,0,1,40,2,43,10,42,93,8,153,117,0,117,270
05/22/2007,FAR,ND,AGL,CE,Combined TRACON& Tower with Radar,12,48,38,16,114,0,1,8,0,9,12,49,46,16,123,19,0,19,142
05/23/2007,FAR,ND,AGL,CE,Combined TRACON& Tower with Radar,19,42,48,8,117,0,2,24,1,27,19,44,72,9,144,71,10,81,225
05/24/2007,FAR,ND,AGL,CE,Combined TRACON& Tower with Radar,16,46,56,6,124,0,8,20,0,28,16,54,76,6,152,73,2,75,227
05/25/2007,FAR,ND,AGL,CE,Combined TRACON& Tower with Radar,14,52,33,6,105,0,0,22,0,22,14,52,55,6,127,80,0,80,207
05/26/2007,FAR,ND,AGL,CE,Combined TRACON& Tower with Radar,14,30,15,0,59,0,0,2,0,2,14,30,17,0,61,2,0,2,63
05/27/2007,FAR,ND,AGL,CE,Combined TRACON& Tower with Radar,8,20,6,0,34,0,3,25,0,28,8,23,31,0,62,32,0,32,94
05/28/2007,FAR,ND,AGL,CE,Combined TRACON& Tower with Radar,11,26,0,0,37,0,2,9,0,11,11,28,9,0,48,6,0,6,54
05/29/2007,FAR,ND,AGL,CE,Combined TRACON& Tower with Radar,11,39,36,14,100,0,1,14,0,15,11,40,50,14,115,34,20,54,169
05/30/2007,FAR,ND,AGL,CE,Combined TRACON& Tower with Radar,16,62,48,9,135,0,0,0,0,0,16,62,48,9,135,10,0,10,145
05/31/2007,FAR,ND,AGL,CE,Combined TRACON& Tower with Radar,14,48,38,2,102,0,15,40,2,57,14,63,78,4,159,64,2,66,225
06/01/2007,FAR,ND,AGL,CE,Combined TRACON& Tower with Radar,15,43,38,11,107,0,7,22,0,29,15,50,60,11,136,105,12,117,253
06/02/2007,FAR,ND,AGL,CE,Combined TRACON& Tower with Radar,16,37,19,16,88,0,0,4,2,6,16,37,23,18,94,16,4,20,114
06/03/2007,FAR,ND,AGL,CE,Combined TRACON& Tower with Radar,10,28,27,4,69,0,2,20,33,55,10,30,47,37,124,40,24,64,188
06/04/2007,FAR,ND,AGL,CE,Combined TRACON& Tower with Radar,11,41,28,4,84,0,17,47,9,73,11,58,75,13,157,68,0,68,225
06/05/2007,FAR,ND,AGL,CE,Combined TRACON& Tower with Radar,15,53,27,10,105,0,14,87,9,110,15,67,114,19,215,178,2,180,395
06/06/2007,FAR,ND,AGL,CE,Combined TRACON& Tower with Radar,14,49,26,8,97,0,4,10,6,20,14,53,36,14,117,74,0,74,191
06/07/2007,FAR,ND,AGL,CE,Combined TRACON& Tower with Radar,16,46,27,9,98,0,0,2,0,2,16,46,29,9,100,0,0,0,100
06/08/2007,FAR,ND,AGL,CE,Combined TRACON& Tower with Radar,12,52,29,8,101,0,3,45,11,59,12,55,74,19,160,183,2,185,345
06/09/2007,FAR,ND,AGL,CE,Combined TRACON& Tower with Radar,12,39,12,0,63,0,10,38,14,62,12,49,50,14,125,78,0,78,203
06/10/2007,FAR,ND,AGL,CE,Combined TRACON& Tower with Radar,6,33,20,0,59,0,3,36,0,39,6,36,56,0,98,34,0,34,132
06/11/2007,FAR,ND,AGL,CE,Combined TRACON& Tower with Radar,11,43,40,14,108,0,2,39,7,48,11,45,79,21,156,28,10,38,194
06/12/2007,FAR,ND,AGL,CE,Combined TRACON& Tower with Radar,17,47,42,3,109,0,12,44,1,57,17,59,86,4,166,59,0,59,225
06/13/2007,FAR,ND,AGL,CE,Combined TRACON& Tower with Radar,14,52,51,11,128,0,0,2,0,2,14,52,53,11,130,16,0,16,146
06/14/2007,FAR,ND,AGL,CE,Combined TRACON& Tower with Radar,13,48,38,17,116,0,0,4,0,4,13,48,42,17,120,7,6,13,133
06/15/2007,FAR,ND,AGL,CE,Combined TRACON& Tower with Radar,16,52,25,14,107,0,3,40,6,49,16,55,65,20,156,108,38,146,302
06/16/2007,FAR,ND,AGL,CE,Combined TRACON& Tower with Radar,10,36,11,2,59,0,10,47,8,65,10,46,58,10,124,115,40,155,279
06/17/2007,FAR,ND,AGL,CE,Combined TRACON& Tower with Radar,8,30,18,8,64,0,1,21,5,27,8,31,39,13,91,59,2,61,152
06/18/2007,FAR,ND,AGL,CE,Combined TRACON& Tower with Radar,13,45,33,14,105,0,8,29,1,38,13,53,62,15,143,54,4,58,201
06/19/2007,FAR,ND,AGL,CE,Combined TRACON& Tower with Radar,15,45,42,11,113,0,8,63,5,76,15,53,105,16,189,157,6,163,352
06/20/2007,FAR,ND,AGL,CE,Combined TRACON& Tower with Radar,30,33,48,26,137,0,9,62,3,74,30,42,110,29,211,141,28,169,380
06/21/2007,FAR,ND,AGL,CE,Combined TRACON& Tower with Radar,16,45,42,5,108,0,10,62,6,78,16,55,104,11,186,174,2,176,362
06/22/2007,FAR,ND,AGL,CE,Combined TRACON& Tower with Radar,17,52,36,9,114,0,5,54,1,60,17,57,90,10,174,156,10,166,340
06/23/2007,FAR,ND,AGL,CE,Combined TRACON& Tower with Radar,9,40,14,3,66,0,6,32,14,52,9,46,46,17,118,70,0,70,188
06/24/2007,FAR,ND,AGL,CE,Combined TRACON& Tower with Radar,6,34,16,0,56,0,2,14,0,16,6,36,30,0,72,0,0,0,72
06/25/2007,FAR,ND,AGL,CE,Combined TRACON& Tower with Radar,13,40,38,3,94,0,0,0,0,0,13,40,38,3,94,21,0,21,115
06/26/2007,FAR,ND,AGL,CE,Combined TRACON& Tower with Radar,16,68,49,8,141,0,2,26,1,29,16,70,75,9,170,37,0,37,207
06/27/2007,FAR,ND,AGL,CE,Combined TRACON& Tower with Radar,15,47,56,5,123,0,20,52,5,77,15,67,108,10,200,126,0,126,326
06/28/2007,FAR,ND,AGL,CE,Combined TRACON& Tower with Radar,16,46,63,10,135,0,5,42,3,50,16,51,105,13,185,237,20,257,442
06/29/2007,FAR,ND,AGL,CE,Combined TRACON& Tower with Radar,17,44,42,2,105,0,8,51,7,66,17,52,93,9,171,168,0,168,339
06/30/2007,FAR,ND,AGL,CE,Combined TRACON& Tower with Radar,8,42,13,0,63,0,7,40,2,49,8,49,53,2,112,106,0,106,218
07/01/2007,FAR,ND,AGL,CE,Combined TRACON& Tower with Radar,8,32,13,0,53,0,12,21,0,33,8,44,34,0,86,70,0,70,156
07/02/2007,FAR,ND,AGL,CE,Combined TRACON& Tower with Radar,12,37,42,0,91,0,0,34,2,36,12,37,76,2,127,80,0,80,207
07/03/2007,FAR,ND,AGL,CE,Combined TRACON& Tower with Radar,21,43,29,10,103,0,4,18,0,22,21,47,47,10,125,48,0,48,173
07/04/2007,FAR,ND,AGL,CE,Combined TRACON& Tower with Radar,16,22,11,2,51,0,5,20,0,25,16,27,31,2,76,92,0,92,168
07/05/2007,FAR,ND,AGL,CE,Combined TRACON& Tower with Radar,14,38,28,5,85,0,0,38,4,42,14,38,66,9,127,73,0,73,200
07/06/2007,FAR,ND,AGL,CE,Combined TRACON& Tower with Radar,15,30,23,9,77,0,7,55,2,64,15,37,78,11,141,173,2,175,316
07/07/2007,FAR,ND,AGL,CE,Combined TRACON& Tower with Radar,13,39,17,0,69,0,5,30,0,35,13,44,47,0,104,72,0,72,176
07/08/2007,FAR,ND,AGL,CE,Combined TRACON& Tower with Radar,17,38,17,0,72,0,3,11,1,15,17,41,28,1,87,59,0,59,146
07/09/2007,FAR,ND,AGL,CE,Combined TRACON& Tower with Radar,16,33,30,6,85,0,0,0,0,0,16,33,30,6,85,93,4,97,182
07/10/2007,FAR,ND,AGL,CE,Combined TRACON& Tower with Radar,20,40,48,16,124,0,1,14,0,15,20,41,62,16,139,12,10,22,161
07/11/2007,FAR,ND,AGL,CE,Combined TRACON& Tower with Radar,19,47,38,12,116,0,5,31,3,39,19,52,69,15,155,85,6,91,246
07/12/2007,FAR,ND,AGL,CE,Combined TRACON& Tower with Radar,22,46,45,10,123,0,25,39,0,64,22,71,84,10,187,111,10,121,308
07/13/2007,FAR,ND,AGL,CE,Combined TRACON& Tower with Radar,15,44,31,28,118,0,5,43,2,50,15,49,74,30,168,124,12,136,304
07/14/2007,FAR,ND,AGL,CE,Combined TRACON& Tower with Radar,15,34,35,4,88,0,9,45,1,55,15,43,80,5,143,58,12,70,213
07/15/2007,FAR,ND,AGL,CE,Combined TRACON& Tower with Radar,10,30,19,8,67,0,14,28,0,42,10,44,47,8,109,36,4,40,149
07/16/2007,FAR,ND,AGL,CE,Combined TRACON& Tower with Radar,14,44,56,3,117,0,1,28,5,34,14,45,84,8,151,102,0,102,253
07/17/2007,FAR,ND,AGL,CE,Combined TRACON& Tower with Radar,24,45,36,12,117,0,12,41,2,55,24,57,77,14,172,95,10,105,277
07/18/2007,FAR,ND,AGL,CE,Combined TRACON& Tower with Radar,27,48,48,8,131,0,10,62,1,73,27,58,110,9,204,96,6,102,306
07/19/2007,FAR,ND,AGL,CE,Combined TRACON& Tower with Radar,19,45,41,6,111,0,10,62,1,73,19,55,103,7,184,170,0,170,354
07/20/2007,FAR,ND,AGL,CE,Combined TRACON& Tower with Radar,22,47,42,13,124,0,11,53,3,67,22,58,95,16,191,94,6,100,291
07/21/2007,FAR,ND,AGL,CE,Combined TRACON& Tower with Radar,14,30,14,0,58,0,6,31,0,37,14,36,45,0,95,28,0,28,123
07/22/2007,FAR,ND,AGL,CE,Combined TRACON& Tower with Radar,9,31,37,4,81,0,8,28,0,36,9,39,65,4,117,103,0,103,220
07/23/2007,FAR,ND,AGL,CE,Combined TRACON& Tower with Radar,14,41,32,6,93,0,4,42,14,60,14,45,74,20,153,78,12,90,243
07/24/2007,FAR,ND,AGL,CE,Combined TRACON& Tower with Radar,19,51,55,5,130,0,4,31,1,36,19,55,86,6,166,52,6,58,224
07/25/2007,FAR,ND,AGL,CE,Combined TRACON& Tower with Radar,24,48,41,13,126,0,9,39,5,53,24,57,80,18,179,46,18,64,243
07/26/2007,FAR,ND,AGL,CE,Combined TRACON& Tower with Radar,18,53,53,8,132,0,1,16,4,21,18,54,69,12,153,58,0,58,211
07/27/2007,FAR,ND,AGL,CE,Combined TRACON& Tower with Radar,16,44,35,4,99,0,3,38,4,45,16,47,73,8,144,68,0,68,212
07/28/2007,FAR,ND,AGL,CE,Combined TRACON& Tower with Radar,14,34,12,2,62,0,8,32,4,44,14,42,44,6,106,32,0,32,138
07/29/2007,FAR,ND,AGL,CE,Combined TRACON& Tower with Radar,5,28,22,3,58,0,13,37,0,50,5,41,59,3,108,47,0,47,155
07/30/2007,FAR,ND,AGL,CE,Combined TRACON& Tower with Radar,10,39,30,3,82,0,0,36,2,38,10,39,66,5,120,72,0,72,192
07/31/2007,FAR,ND,AGL,CE,Combined TRACON& Tower with Radar,19,40,53,16,128,0,9,110,4,123,19,49,163,20,251,41,0,41,292
08/01/2007,FAR,ND,AGL,CE,Combined TRACON& Tower with Radar,17,53,47,7,124,0,0,0,0,0,17,53,47,7,124,68,0,68,192
08/02/2007,FAR,ND,AGL,CE,Combined TRACON& Tower with Radar,17,48,32,8,105,0,2,52,1,55,17,50,84,9,160,54,4,58,218
08/03/2007,FAR,ND,AGL,CE,Combined TRACON& Tower with Radar,17,43,46,21,127,0,14,62,0,76,17,57,108,21,203,122,26,148,351
08/04/2007,FAR,ND,AGL,CE,Combined TRACON& Tower with Radar,12,46,21,1,80,0,7,18,2,27,12,53,39,3,107,8,0,8,115
08/05/2007,FAR,ND,AGL,CE,Combined TRACON& Tower with Radar,4,27,14,0,45,0,2,25,0,27,4,29,39,0,72,15,0,15,87
08/06/2007,FAR,ND,AGL,CE,Combined TRACON& Tower with Radar,12,34,37,18,101,0,0,35,2,37,12,34,72,20,138,134,10,144,282
08/07/2007,FAR,ND,AGL,CE,Combined TRACON& Tower with Radar,15,49,44,11,119,0,0,52,0,52,15,49,96,11,171,60,2,62,233
08/08/2007,FAR,ND,AGL,CE,Combined TRACON& Tower with Radar,15,49,49,7,120,0,0,45,6,51,15,49,94,13,171,53,0,53,224
08/09/2007,FAR,ND,AGL,CE,Combined TRACON& Tower with Radar,15,46,47,4,112,0,3,43,1,47,15,49,90,5,159,87,0,87,246
08/10/2007,FAR,ND,AGL,CE,Combined TRACON& Tower with Radar,14,48,30,4,96,0,1,38,0,39,14,49,68,4,135,46,0,46,181
08/11/2007,FAR,ND,AGL,CE,Combined TRACON& Tower with Radar,12,32,16,2,62,0,6,13,3,22,12,38,29,5,84,13,0,13,97
08/12/2007,FAR,ND,AGL,CE,Combined TRACON& Tower with Radar,5,31,12,4,52,0,0,29,0,29,5,31,41,4,81,130,0,130,211
08/13/2007,FAR,ND,AGL,CE,Combined TRACON& Tower with Radar,10,38,50,0,98,0,0,31,4,35,10,38,81,4,133,50,0,50,183
08/14/2007,FAR,ND,AGL,CE,Combined TRACON& Tower with Radar,15,49,48,13,125,0,6,37,10,53,15,55,85,23,178,133,14,147,325
08/15/2007,FAR,ND,AGL,CE,Combined TRACON& Tower with Radar,16,45,47,14,122,0,4,44,6,54,16,49,91,20,176,59,0,59,235
08/16/2007,FAR,ND,AGL,CE,Combined TRACON& Tower with Radar,18,43,55,0,116,0,2,71,0,73,18,45,126,0,189,116,2,118,307
08/17/2007,FAR,ND,AGL,CE,Combined TRACON& Tower with Radar,19,39,42,8,108,0,5,50,4,59,19,44,92,12,167,140,0,140,307
08/18/2007,FAR,ND,AGL,CE,Combined TRACON& Tower with Radar,12,40,19,3,74,0,6,12,1,19,12,46,31,4,93,12,0,12,105
08/19/2007,FAR,ND,AGL,CE,Combined TRACON& Tower with Radar,8,30,31,2,71,0,0,7,0,7,8,30,38,2,78,12,0,12,90
08/20/2007,FAR,ND,AGL,CE,Combined TRACON& Tower with Radar,9,35,49,20,113,0,0,1,0,1,9,35,50,20,114,2,2,4,118
08/21/2007,FAR,ND,AGL,CE,Combined TRACON& Tower with Radar,16,61,44,6,127,0,0,17,3,20,16,61,61,9,147,71,10,81,228
08/22/2007,FAR,ND,AGL,CE,Combined TRACON& Tower with Radar,18,43,63,14,138,0,4,45,7,56,18,47,108,21,194,130,6,136,330
08/23/2007,FAR,ND,AGL,CE,Combined TRACON& Tower with Radar,16,32,50,16,114,0,1,43,0,44,16,33,93,16,158,78,10,88,246
08/24/2007,FAR,ND,AGL,CE,Combined TRACON& Tower with Radar,19,43,44,8,114,0,8,53,0,61,19,51,97,8,175,68,23,91,266
08/25/2007,FAR,ND,AGL,CE,Combined TRACON& Tower with Radar,11,33,12,0,56,0,10,55,4,69,11,43,67,4,125,104,0,104,229
08/26/2007,FAR,ND,AGL,CE,Combined TRACON& Tower with Radar,6,29,14,4,53,0,3,29,0,32,6,32,43,4,85,24,0,24,109
08/27/2007,FAR,ND,AGL,CE,Combined TRACON& Tower with Radar,16,30,39,0,85,0,0,0,0,0,16,30,39,0,85,0,0,0,85
08/28/2007,FAR,ND,AGL,CE,Combined TRACON& Tower with Radar,15,49,37,18,119,0,3,34,0,37,15,52,71,18,156,31,2,33,189
08/29/2007,FAR,ND,AGL,CE,Combined TRACON& Tower with Radar,18,39,31,8,96,0,23,49,0,72,18,62,80,8,168,145,0,145,313
08/30/2007,FAR,ND,AGL,CE,Combined TRACON& Tower with Radar,18,43,45,8,114,0,7,70,0,77,18,50,115,8,191,139,0,139,330
08/31/2007,FAR,ND,AGL,CE,Combined TRACON& Tower with Radar,18,46,30,15,109,0,12,51,3,66,18,58,81,18,175,105,10,115,290
09/01/2007,FAR,ND,AGL,CE,Combined TRACON& Tower with Radar,9,31,14,0,54,0,16,23,0,39,9,47,37,0,93,28,0,28,121
09/02/2007,FAR,ND,AGL,CE,Combined TRACON& Tower with Radar,2,19,17,0,38,0,13,36,0,49,2,32,53,0,87,14,0,14,101
09/03/2007,FAR,ND,AGL,CE,Combined TRACON& Tower with Radar,13,25,12,0,50,0,11,22,0,33,13,36,34,0,83,41,0,41,124
09/04/2007,FAR,ND,AGL,CE,Combined TRACON& Tower with Radar,15,36,33,8,92,0,18,46,0,64,15,54,79,8,156,176,0,176,332
09/05/2007,FAR,ND,AGL,CE,Combined TRACON& Tower with Radar,18,40,45,12,115,0,17,33,1,51,18,57,78,13,166,111,0,111,277
09/06/2007,FAR,ND,AGL,CE,Combined TRACON& Tower with Radar,20,45,28,9,102,0,3,26,0,29,20,48,54,9,131,116,2,118,249
09/07/2007,FAR,ND,AGL,CE,Combined TRACON& Tower with Radar,23,44,42,20,129,0,0,55,0,55,23,44,97,20,184,98,32,130,314
09/08/2007,FAR,ND,AGL,CE,Combined TRACON& Tower with Radar,12,30,20,9,71,0,12,4,2,18,12,42,24,11,89,30,0,30,119
09/09/2007,FAR,ND,AGL,CE,Combined TRACON& Tower with Radar,6,22,17,5,50,0,6,64,0,70,6,28,81,5,120,133,2,135,255
09/10/2007,FAR,ND,AGL,CE,Combined TRACON& Tower with Radar,15,35,52,0,102,0,10,34,2,46,15,45,86,2,148,103,0,103,251
09/11/2007,FAR,ND,AGL,CE,Combined TRACON& Tower with Radar,17,39,58,12,126,0,13,38,0,51,17,52,96,12,177,109,0,109,286
09/12/2007,FAR,ND,AGL,CE,Combined TRACON& Tower with Radar,14,39,58,11,122,0,16,36,0,52,14,55,94,11,174,67,0,67,241
09/13/2007,FAR,ND,AGL,CE,Combined TRACON& Tower with Radar,17,45,36,4,102,0,14,19,0,33,17,59,55,4,135,70,0,70,205
09/14/2007,FAR,ND,AGL,CE,Combined TRACON& Tower with Radar,19,38,40,8,105,0,7,62,2,71,19,45,102,10,176,48,12,60,236
09/15/2007,FAR,ND,AGL,CE,Combined TRACON& Tower with Radar,11,30,18,0,59,0,12,31,14,57,11,42,49,14,116,67,6,73,189
09/16/2007,FAR,ND,AGL,CE,Combined TRACON& Tower with Radar,7,19,17,4,47,0,10,55,2,67,7,29,72,6,114,29,0,29,143
09/17/2007,FAR,ND,AGL,CE,Combined TRACON& Tower with Radar,15,34,36,22,107,0,0,4,0,4,15,34,40,22,111,18,16,34,145
09/18/2007,FAR,ND,AGL,CE,Combined TRACON& Tower with Radar,16,65,56,15,152,18,5,39,2,64,34,70,95,17,216,93,26,119,335
09/19/2007,FAR,ND,AGL,CE,Combined TRACON& Tower with Radar,10,53,50,7,120,0,3,49,2,54,10,56,99,9,174,152,2,154,328
09/20/2007,FAR,ND,AGL,CE,Combined TRACON& Tower with Radar,14,38,49,15,116,0,17,5,0,22,14,55,54,15,138,34,4,38,176
09/21/2007,FAR,ND,AGL,CE,Combined TRACON& Tower with Radar,18,35,52,7,112,1,1,22,0,24,19,36,74,7,136,14,0,14,150
09/22/2007,FAR,ND,AGL,CE,Combined TRACON& Tower with Radar,9,31,17,0,57,0,44,41,1,86,9,75,58,1,143,93,0,93,236
09/23/2007,FAR,ND,AGL,CE,Combined TRACON& Tower with Radar,10,24,14,1,49,0,9,28,0,37,10,33,42,1,86,36,0,36,122
09/24/2007,FAR,ND,AGL,CE,Combined TRACON& Tower with Radar,21,36,50,1,108,0,0,21,0,21,21,36,71,1,129,35,0,35,164
09/25/2007,FAR,ND,AGL,CE,Combined TRACON& Tower with Radar,16,41,58,9,124,0,0,37,0,37,16,41,95,9,161,89,8,97,258
09/26/2007,FAR,ND,AGL,CE,Combined TRACON& Tower with Radar,16,52,59,16,143,0,0,49,0,49,16,52,108,16,192,136,18,154,346
09/27/2007,FAR,ND,AGL,CE,Combined TRACON& Tower with Radar,17,51,49,7,124,0,13,56,1,70,17,64,105,8,194,133,0,133,327
09/28/2007,FAR,ND,AGL,CE,Combined TRACON& Tower with Radar,21,41,20,8,90,0,17,27,1,45,21,58,47,9,135,138,0,138,273
09/29/2007,FAR,ND,AGL,CE,Combined TRACON& Tower with Radar,11,31,15,0,57,0,11,14,0,25,11,42,29,0,82,55,5,60,142
09/30/2007,FAR,ND,AGL,CE,Combined TRACON& Tower with Radar,8,20,17,0,45,0,22,11,0,33,8,42,28,0,78,60,0,60,138
10/01/2007,FAR,ND,AGL,CE,Combined TRACON& Tower with Radar,13,32,46,14,105,0,12,53,1,66,13,44,99,15,171,103,22,125,296
10/02/2007,FAR,ND,AGL,CE,Combined TRACON& Tower with Radar,18,46,45,14,123,0,9,45,0,54,18,55,90,14,177,26,8,34,211
10/03/2007,FAR,ND,AGL,CE,Combined TRACON& Tower with Radar,14,37,55,17,123,0,8,57,4,69,14,45,112,21,192,180,28,208,400
10/04/2007,FAR,ND,AGL,CE,Combined TRACON& Tower with Radar,15,43,28,12,98,0,0,60,2,62,15,43,88,14,160,144,2,146,306
10/05/2007,FAR,ND,AGL,CE,Combined TRACON& Tower with Radar,18,49,40,4,111,0,9,9,1,19,18,58,49,5,130,42,12,54,184
10/06/2007,FAR,ND,AGL,CE,Combined TRACON& Tower with Radar,11,30,7,3,51,0,2,10,0,12,11,32,17,3,63,14,0,14,77
10/07/2007,FAR,ND,AGL,CE,Combined TRACON& Tower with Radar,10,21,15,13,59,0,0,2,0,2,10,21,17,13,61,0,0,0,61
10/08/2007,FAR,ND,AGL,CE,Combined TRACON& Tower with Radar,10,32,38,0,80,0,0,13,0,13,10,32,51,0,93,34,0,34,127
10/09/2007,FAR,ND,AGL,CE,Combined TRACON& Tower with Radar,17,44,42,0,103,0,0,16,1,17,17,44,58,1,120,39,0,39,159
10/10/2007,FAR,ND,AGL,CE,Combined TRACON& Tower with Radar,16,37,58,8,119,0,3,6,0,9,16,40,64,8,128,65,0,65,193
10/11/2007,FAR,ND,AGL,CE,Combined TRACON& Tower with Radar,14,37,56,16,123,0,0,34,0,34,14,37,90,16,157,158,0,158,315
10/12/2007,FAR,ND,AGL,CE,Combined TRACON& Tower with Radar,15,44,52,10,121,0,10,47,0,57,15,54,99,10,178,157,16,173,351
10/13/2007,FAR,ND,AGL,CE,Combined TRACON& Tower with Radar,8,41,34,0,83,0,8,34,2,44,8,49,68,2,127,32,0,32,159
10/14/2007,FAR,ND,AGL,CE,Combined TRACON& Tower with Radar,10,24,31,1,66,0,19,44,1,64,10,43,75,2,130,26,0,26,156
10/15/2007,FAR,ND,AGL,CE,Combined TRACON& Tower with Radar,15,58,43,12,128,0,12,44,3,59,15,70,87,15,187,64,0,64,251
10/16/2007,FAR,ND,AGL,CE,Combined TRACON& Tower with Radar,11,67,55,10,143,0,0,1,0,1,11,67,56,10,144,4,0,4,148
10/17/2007,FAR,ND,AGL,CE,Combined TRACON& Tower with Radar,14,49,52,6,121,0,0,3,0,3,14,49,55,6,124,0,0,0,124
10/18/2007,FAR,ND,AGL,CE,Combined TRACON& Tower with Radar,17,42,36,9,104,0,0,0,0,0,17,42,36,9,104,0,0,0,104
10/19/2007,FAR,ND,AGL,CE,Combined TRACON& Tower with Radar,15,54,42,5,116,0,5,10,3,18,15,59,52,8,134,34,0,34,168
10/20/2007,FAR,ND,AGL,CE,Combined TRACON& Tower with Radar,13,35,16,0,64,0,16,37,2,55,13,51,53,2,119,52,0,52,171
10/21/2007,FAR,ND,AGL,CE,Combined TRACON& Tower with Radar,11,27,25,0,63,0,8,25,1,34,11,35,50,1,97,69,0,69,166
10/22/2007,FAR,ND,AGL,CE,Combined TRACON& Tower with Radar,12,38,25,2,77,0,8,48,3,59,12,46,73,5,136,149,8,157,293
10/23/2007,FAR,ND,AGL,CE,Combined TRACON& Tower with Radar,13,61,30,10,114,0,11,38,0,49,13,72,68,10,163,55,0,55,218
10/24/2007,FAR,ND,AGL,CE,Combined TRACON& Tower with Radar,18,60,48,8,134,0,15,63,5,83,18,75,111,13,217,131,2,133,350
10/25/2007,FAR,ND,AGL,CE,Combined TRACON& Tower with Radar,17,45,53,0,115,0,1,52,3,56,17,46,105,3,171,24,0,24,195
10/26/2007,FAR,ND,AGL,CE,Combined TRACON& Tower with Radar,19,53,33,12,117,0,9,40,4,53,19,62,73,16,170,164,1,165,335
10/27/2007,FAR,ND,AGL,CE,Combined TRACON& Tower with Radar,12,36,23,0,71,0,2,52,6,60,12,38,75,6,131,50,0,50,181
10/28/2007,FAR,ND,AGL,CE,Combined TRACON& Tower with Radar,2,39,19,0,60,0,7,28,0,35,2,46,47,0,95,12,0,12,107
10/29/2007,FAR,ND,AGL,CE,Combined TRACON& Tower with Radar,14,48,46,11,119,0,12,63,7,82,14,60,109,18,201,219,23,242,443
10/30/2007,FAR,ND,AGL,CE,Combined TRACON& Tower with Radar,16,58,31,4,109,0,18,58,4,80,16,76,89,8,189,199,2,201,390
10/31/2007,FAR,ND,AGL,CE,Combined TRACON& Tower with Radar,13,58,50,9,130,0,14,19,2,35,13,72,69,11,165,58,4,62,227
11/01/2007,FAR,ND,AGL,CE,Combined TRACON& Tower with Radar,14,51,50,5,120,0,20,41,0,61,14,71,91,5,181,142,0,142,323
11/02/2007,FAR,ND,AGL,CE,Combined TRACON& Tower with Radar,18,59,27,6,110,0,14,0,3,17,18,73,27,9,127,52,0,52,179
11/03/2007,FAR,ND,AGL,CE,Combined TRACON& Tower with Radar,9,39,10,0,58,0,18,33,3,54,9,57,43,3,112,66,30,96,208
11/04/2007,FAR,ND,AGL,CE,Combined TRACON& Tower with Radar,6,28,19,0,53,0,2,20,3,25,6,30,39,3,78,63,0,63,141
11/05/2007,FAR,ND,AGL,CE,Combined TRACON& Tower with Radar,12,31,29,2,74,0,6,5,0,11,12,37,34,2,85,8,76,84,169
11/06/2007,FAR,ND,AGL,CE,Combined TRACON& Tower with Radar,12,47,43,9,111,0,2,18,5,25,12,49,61,14,136,150,0,150,286
11/07/2007,FAR,ND,AGL,CE,Combined TRACON& Tower with Radar,14,55,43,8,120,0,10,40,7,57,14,65,83,15,177,99,0,99,276
11/08/2007,FAR,ND,AGL,CE,Combined TRACON& Tower with Radar,19,37,43,7,106,0,8,30,0,38,19,45,73,7,144,119,0,119,263
11/09/2007,FAR,ND,AGL,CE,Combined TRACON& Tower with Radar,16,47,31,18,112,0,1,6,3,10,16,48,37,21,122,76,20,96,218
11/10/2007,FAR,ND,AGL,CE,Combined TRACON& Tower with Radar,11,36,12,0,59,0,15,18,0,33,11,51,30,0,92,26,0,26,118
11/11/2007,FAR,ND,AGL,CE,Combined TRACON& Tower with Radar,8,28,14,0,50,0,9,20,0,29,8,37,34,0,79,76,0,76,155
11/12/2007,FAR,ND,AGL,CE,Combined TRACON& Tower with Radar,9,57,33,0,99,0,12,44,0,56,9,69,77,0,155,0,0,0,155
11/13/2007,FAR,ND,AGL,CE,Combined TRACON& Tower with Radar,18,59,68,32,177,0,5,20,0,25,18,64,88,32,202,29,38,67,269
11/14/2007,FAR,ND,AGL,CE,Combined TRACON& Tower with Radar,15,42,41,17,115,0,5,8,0,13,15,47,49,17,128,31,8,39,167
11/15/2007,FAR,ND,AGL,CE,Combined TRACON& Tower with Radar,16,65,40,5,126,0,18,46,4,68,16,83,86,9,194,252,0,252,446
11/16/2007,FAR,ND,AGL,CE,Combined TRACON& Tower with Radar,14,51,30,5,100,0,25,58,3,86,14,76,88,8,186,198,0,198,384
11/17/2007,FAR,ND,AGL,CE,Combined TRACON& Tower with Radar,11,30,25,4,70,0,4,19,1,24,11,34,44,5,94,14,0,14,108
11/18/2007,FAR,ND,AGL,CE,Combined TRACON& Tower with Radar,8,24,17,9,58,0,0,2,1,3,8,24,19,10,61,0,0,0,61
11/19/2007,FAR,ND,AGL,CE,Combined TRACON& Tower with Radar,15,46,38,11,110,0,15,31,2,48,15,61,69,13,158,82,6,88,246
11/20/2007,FAR,ND,AGL,CE,Combined TRACON& Tower with Radar,17,46,35,6,104,0,16,28,3,47,17,62,63,9,151,152,0,152,303
11/21/2007,FAR,ND,AGL,CE,Combined TRACON& Tower with Radar,18,38,42,4,102,0,0,8,2,10,18,38,50,6,112,22,0,22,134
11/22/2007,FAR,ND,AGL,CE,Combined TRACON& Tower with Radar,13,22,15,0,50,0,2,17,0,19,13,24,32,0,69,38,0,38,107
11/23/2007,FAR,ND,AGL,CE,Combined TRACON& Tower with Radar,14,24,19,0,57,0,0,14,0,14,14,24,33,0,71,30,0,30,101
11/24/2007,FAR,ND,AGL,CE,Combined TRACON& Tower with Radar,11,33,9,0,53,0,12,16,0,28,11,45,25,0,81,16,0,16,97
11/25/2007,FAR,ND,AGL,CE,Combined TRACON& Tower with Radar,12,26,13,0,51,0,8,18,0,26,12,34,31,0,77,37,0,37,114
11/26/2007,FAR,ND,AGL,CE,Combined TRACON& Tower with Radar,20,37,43,12,112,0,0,14,2,16,20,37,57,14,128,160,0,160,288
11/27/2007,FAR,ND,AGL,CE,Combined TRACON& Tower with Radar,15,47,35,4,101,0,10,24,0,34,15,57,59,4,135,59,0,59,194
11/28/2007,FAR,ND,AGL,CE,Combined TRACON& Tower with Radar,17,40,40,14,111,0,2,5,2,9,17,42,45,16,120,11,10,21,141
11/29/2007,FAR,ND,AGL,CE,Combined TRACON& Tower with Radar,19,50,49,11,129,0,11,0,2,13,19,61,49,13,142,128,10,138,280
11/30/2007,FAR,ND,AGL,CE,Combined TRACON& Tower with Radar,16,53,39,9,117,0,29,52,1,82,16,82,91,10,199,77,12,89,288
12/01/2007,FAR,ND,AGL,CE,Combined TRACON& Tower with Radar,13,26,12,0,51,0,0,2,0,2,13,26,14,0,53,2,0,2,55
12/02/2007,FAR,ND,AGL,CE,Combined TRACON& Tower with Radar,7,28,14,15,64,0,0,11,1,12,7,28,25,16,76,5,6,11,87
12/03/2007,FAR,ND,AGL,CE,Combined TRACON& Tower with Radar,17,40,40,3,100,0,23,33,5,61,17,63,73,8,161,73,1,74,235
12/04/2007,FAR,ND,AGL,CE,Combined TRACON& Tower with Radar,16,27,32,1,76,0,0,2,0,2,16,27,34,1,78,8,0,8,86
12/05/2007,FAR,ND,AGL,CE,Combined TRACON& Tower with Radar,17,50,46,6,119,0,18,33,0,51,17,68,79,6,170,97,10,107,277
12/06/2007,FAR,ND,AGL,CE,Combined TRACON& Tower with Radar,20,39,61,21,141,0,11,10,2,23,20,50,71,23,164,38,20,58,222
12/07/2007,FAR,ND,AGL,CE,Combined TRACON& Tower with Radar,18,49,45,21,133,0,20,29,0,49,18,69,74,21,182,66,20,86,268
12/08/2007,FAR,ND,AGL,CE,Combined TRACON& Tower with Radar,12,35,15,0,62,0,14,21,12,47,12,49,36,12,109,64,0,64,173
12/09/2007,FAR,ND,AGL,CE,Combined TRACON& Tower with Radar,6,25,7,0,38,0,32,7,0,39,6,57,14,0,77,31,0,31,108
12/10/2007,FAR,ND,AGL,CE,Combined TRACON& Tower with Radar,12,56,48,3,119,0,33,26,2,61,12,89,74,5,180,98,0,98,278
12/11/2007,FAR,ND,AGL,CE,Combined TRACON& Tower with Radar,17,43,43,8,111,0,13,36,0,49,17,56,79,8,160,73,4,77,237
12/12/2007,FAR,ND,AGL,CE,Combined TRACON& Tower with Radar,18,45,60,6,129,0,17,40,5,62,18,62,100,11,191,82,2,84,275
12/13/2007,FAR,ND,AGL,CE,Combined TRACON& Tower with Radar,19,34,37,4,94,0,0,10,2,12,19,34,47,6,106,10,0,10,116
12/14/2007,FAR,ND,AGL,CE,Combined TRACON& Tower with Radar,16,55,29,4,104,0,7,34,0,41,16,62,63,4,145,82,0,82,227
12/15/2007,FAR,ND,AGL,CE,Combined TRACON& Tower with Radar,11,34,8,0,53,0,0,0,2,2,11,34,8,2,55,0,0,0,55
12/16/2007,FAR,ND,AGL,CE,Combined TRACON& Tower with Radar,6,26,19,0,51,0,0,0,0,0,6,26,19,0,51,0,0,0,51
12/17/2007,FAR,ND,AGL,CE,Combined TRACON& Tower with Radar,12,42,34,6,94,0,12,0,4,16,12,54,34,10,110,170,0,170,280
12/18/2007,FAR,ND,AGL,CE,Combined TRACON& Tower with Radar,18,51,62,9,140,0,19,23,2,44,18,70,85,11,184,66,0,66,250
12/19/2007,FAR,ND,AGL,CE,Combined TRACON& Tower with Radar,16,50,35,6,107,0,5,19,3,27,16,55,54,9,134,20,2,22,156
12/20/2007,FAR,ND,AGL,CE,Combined TRACON& Tower with Radar,18,42,40,11,111,0,0,10,0,10,18,42,50,11,121,2,22,24,145
12/21/2007,FAR,ND,AGL,CE,Combined TRACON& Tower with Radar,19,38,35,2,94,0,0,0,0,0,19,38,35,2,94,2,0,2,96
12/22/2007,FAR,ND,AGL,CE,Combined TRACON& Tower with Radar,21,27,15,0,63,0,2,5,1,8,21,29,20,1,71,0,0,0,71
12/23/2007,FAR,ND,AGL,CE,Combined TRACON& Tower with Radar,18,20,8,0,46,0,0,0,0,0,18,20,8,0,46,0,0,0,46
12/24/2007,FAR,ND,AGL,CE,Combined TRACON& Tower with Radar,14,39,10,0,63,0,0,2,0,2,14,39,12,0,65,9,0,9,74
12/25/2007,FAR,ND,AGL,CE,Combined TRACON& Tower with Radar,16,20,3,0,39,0,0,9,0,9,16,20,12,0,48,18,0,18,66
12/26/2007,FAR,ND,AGL,CE,Combined TRACON& Tower with Radar,14,32,26,10,82,0,0,0,0,0,14,32,26,10,82,4,6,10,92
12/27/2007,FAR,ND,AGL,CE,Combined TRACON& Tower with Radar,15,30,17,2,64,0,0,2,0,2,15,30,19,2,66,0,0,0,66
12/28/2007,FAR,ND,AGL,CE,Combined TRACON& Tower with Radar,15,33,20,6,74,0,0,0,0,0,15,33,20,6,74,2,4,6,80
12/29/2007,FAR,ND,AGL,CE,Combined TRACON& Tower with Radar,10,37,10,0,57,0,0,8,0,8,10,37,18,0,65,16,0,16,81
12/30/2007,FAR,ND,AGL,CE,Combined TRACON& Tower with Radar,13,20,20,0,53,0,0,15,0,15,13,20,35,0,68,41,0,41,109
12/31/2007,FAR,ND,AGL,CE,Combined TRACON& Tower with Radar,13,31,27,0,71,0,3,3,0,6,13,34,30,0,77,18,0,18,95
01/01/2008,FAR,ND,AGL,CE,Combined TRACON& Tower with Radar,16,23,14,0,53,0,2,6,3,11,16,25,20,3,64,12,0,12,76
01/02/2008,FAR,ND,AGL,CE,Combined TRACON& Tower with Radar,15,33,39,11,98,0,1,17,2,20,15,34,56,13,118,52,2,54,172
01/03/2008,FAR,ND,AGL,CE,Combined TRACON& Tower with Radar,17,36,31,16,100,0,4,42,2,48,17,40,73,18,148,100,14,114,262
01/04/2008,FAR,ND,AGL,CE,Combined TRACON& Tower with Radar,14,41,24,14,93,0,4,27,2,33,14,45,51,16,126,78,0,78,204
01/05/2008,FAR,ND,AGL,CE,Combined TRACON& Tower with Radar,15,32,14,0,61,0,2,34,1,37,15,34,48,1,98,90,0,90,188
01/06/2008,FAR,ND,AGL,CE,Combined TRACON& Tower with Radar,16,20,20,2,58,0,0,41,0,41,16,20,61,2,99,96,4,100,199
01/07/2008,FAR,ND,AGL,CE,Combined TRACON& Tower with Radar,11,36,43,15,105,0,0,29,2,31,11,36,72,17,136,107,16,123,259
01/08/2008,FAR,ND,AGL,CE,Combined TRACON& Tower with Radar,11,46,57,18,132,0,1,27,14,42,11,47,84,32,174,59,14,73,247
01/09/2008,FAR,ND,AGL,CE,Combined TRACON& Tower with Radar,11,51,45,8,115,0,7,16,5,28,11,58,61,13,143,145,1,146,289
01/10/2008,FAR,ND,AGL,CE,Combined TRACON& Tower with Radar,13,48,46,10,117,0,2,0,0,2,13,50,46,10,119,4,0,4,123
01/11/2008,FAR,ND,AGL,CE,Combined TRACON& Tower with Radar,11,42,31,4,88,0,0,2,0,2,11,42,33,4,90,0,0,0,90
01/12/2008,FAR,ND,AGL,CE,Combined TRACON& Tower with Radar,11,31,30,5,77,0,5,2,2,9,11,36,32,7,86,54,8,62,148
01/13/2008,FAR,ND,AGL,CE,Combined TRACON& Tower with Radar,8,24,12,9,53,0,4,1,3,8,8,28,13,12,61,6,0,6,67
01/14/2008,FAR,ND,AGL,CE,Combined TRACON& Tower with Radar,9,50,27,0,86,0,13,17,0,30,9,63,44,0,116,68,0,68,184
01/15/2008,FAR,ND,AGL,CE,Combined TRACON& Tower with Radar,11,53,34,5,103,0,0,9,0,9,11,53,43,5,112,48,0,48,160
01/16/2008,FAR,ND,AGL,CE,Combined TRACON& Tower with Radar,11,49,34,12,106,0,8,5,0,13,11,57,39,12,119,20,22,42,161
01/17/2008,FAR,ND,AGL,CE,Combined TRACON& Tower with Radar,48,14,40,5,107,0,22,13,2,37,48,36,53,7,144,49,0,49,193
01/18/2008,FAR,ND,AGL,CE,Combined TRACON& Tower with Radar,13,46,36,6,101,0,10,9,2,21,13,56,45,8,122,56,0,56,178
01/19/2008,FAR,ND,AGL,CE,Combined TRACON& Tower with Radar,7,35,15,0,57,0,17,16,4,37,7,52,31,4,94,62,0,62,156
01/20/2008,FAR,ND,AGL,CE,Combined TRACON& Tower with Radar,10,29,12,0,51,0,14,6,0,20,10,43,18,0,71,20,0,20,91
01/21/2008,FAR,ND,AGL,CE,Combined TRACON& Tower with Radar,9,43,37,0,89,0,27,25,0,52,9,70,62,0,141,85,0,85,226
01/22/2008,FAR,ND,AGL,CE,Combined TRACON& Tower with Radar,11,42,36,6,95,0,0,0,0,0,11,42,36,6,95,88,0,88,183
01/23/2008,FAR,ND,AGL,CE,Combined TRACON& Tower with Radar,11,38,40,4,93,0,26,30,1,57,11,64,70,5,150,144,0,144,294
01/24/2008,FAR,ND,AGL,CE,Combined TRACON& Tower with Radar,13,53,40,6,112,0,34,35,9,78,13,87,75,15,190,144,4,148,338
01/25/2008,FAR,ND,AGL,CE,Combined TRACON& Tower with Radar,11,52,34,2,99,0,16,31,0,47,11,68,65,2,146,106,0,106,252
01/26/2008,FAR,ND,AGL,CE,Combined TRACON& Tower with Radar,13,28,19,0,60,0,21,44,0,65,13,49,63,0,125,162,1,163,288
01/27/2008,FAR,ND,AGL,CE,Combined TRACON& Tower with Radar,10,22,17,0,49,0,13,44,4,61,10,35,61,4,110,136,0,136,246
01/28/2008,FAR,ND,AGL,CE,Combined TRACON& Tower with Radar,13,45,43,0,101,0,0,21,3,24,13,45,64,3,125,28,0,28,153
01/29/2008,FAR,ND,AGL,CE,Combined TRACON& Tower with Radar,8,41,20,2,71,0,0,5,0,5,8,41,25,2,76,7,0,7,83
01/30/2008,FAR,ND,AGL,CE,Combined TRACON& Tower with Radar,11,39,36,9,95,0,12,20,0,32,11,51,56,9,127,64,10,74,201
01/31/2008,FAR,ND,AGL,CE,Combined TRACON& Tower with Radar,13,42,32,6,93,0,0,0,0,0,13,42,32,6,93,53,0,53,146
02/01/2008,FAR,ND,AGL,CE,Combined TRACON& Tower with Radar,12,42,38,18,110,0,2,18,9,29,12,44,56,27,139,48,34,82,221
02/02/2008,FAR,ND,AGL,CE,Combined TRACON& Tower with Radar,14,31,13,0,58,0,4,4,0,8,14,35,17,0,66,40,0,40,106
02/03/2008,FAR,ND,AGL,CE,Combined TRACON& Tower with Radar,8,25,11,0,44,0,2,14,0,16,8,27,25,0,60,41,0,41,101
02/04/2008,FAR,ND,AGL,CE,Combined TRACON& Tower with Radar,10,33,18,17,78,0,0,0,0,0,10,33,18,17,78,3,0,3,81
02/05/2008,FAR,ND,AGL,CE,Combined TRACON& Tower with Radar,14,47,47,22,130,0,10,25,4,39,14,57,72,26,169,95,33,128,297
02/06/2008,FAR,ND,AGL,CE,Combined TRACON& Tower with Radar,13,40,36,16,105,0,30,26,2,58,13,70,62,18,163,196,17,213,376
02/07/2008,FAR,ND,AGL,CE,Combined TRACON& Tower with Radar,12,53,37,21,123,0,31,41,6,78,12,84,78,27,201,236,36,272,473
02/08/2008,FAR,ND,AGL,CE,Combined TRACON& Tower with Radar,13,45,30,17,105,0,4,0,0,4,13,49,30,17,109,12,2,14,123
02/09/2008,FAR,ND,AGL,CE,Combined TRACON& Tower with Radar,14,22,7,0,43,0,0,0,0,0,14,22,7,0,43,0,0,0,43
02/10/2008,FAR,ND,AGL,CE,Combined TRACON& Tower with Radar,8,25,13,0,46,0,3,8,0,11,8,28,21,0,57,14,0,14,71
02/11/2008,FAR,ND,AGL,CE,Combined TRACON& Tower with Radar,11,39,35,2,87,0,1,0,0,1,11,40,35,2,88,0,0,0,88
02/12/2008,FAR,ND,AGL,CE,Combined TRACON& Tower with Radar,11,42,47,20,120,0,1,33,2,36,11,43,80,22,156,86,13,99,255
02/13/2008,FAR,ND,AGL,CE,Combined TRACON& Tower with Radar,13,42,30,17,102,0,0,5,2,7,13,42,35,19,109,24,7,31,140
02/14/2008,FAR,ND,AGL,CE,Combined TRACON& Tower with Radar,16,38,25,6,85,0,13,17,0,30,16,51,42,6,115,79,10,89,204
02/15/2008,FAR,ND,AGL,CE,Combined TRACON& Tower with Radar,16,41,34,14,105,0,5,10,1,16,16,46,44,15,121,6,0,6,127
02/16/2008,FAR,ND,AGL,CE,Combined TRACON& Tower with Radar,13,22,14,7,56,0,14,11,0,25,13,36,25,7,81,26,0,26,107
02/17/2008,FAR,ND,AGL,CE,Combined TRACON& Tower with Radar,8,21,10,0,39,0,0,4,0,4,8,21,14,0,43,0,0,0,43
02/18/2008,FAR,ND,AGL,CE,Combined TRACON& Tower with Radar,11,30,24,2,67,0,17,10,0,27,11,47,34,2,94,12,0,12,106
02/19/2008,FAR,ND,AGL,CE,Combined TRACON& Tower with Radar,15,44,36,8,103,0,14,20,0,34,15,58,56,8,137,45,2,47,184
02/20/2008,FAR,ND,AGL,CE,Combined TRACON& Tower with Radar,15,40,44,10,109,0,8,27,0,35,15,48,71,10,144,67,26,93,237
02/21/2008,FAR,ND,AGL,CE,Combined TRACON& Tower with Radar,18,40,30,5,93,0,13,17,4,34,18,53,47,9,127,142,0,142,269
02/22/2008,FAR,ND,AGL,CE,Combined TRACON& Tower with Radar,18,46,25,5,94,0,18,37,1,56,18,64,62,6,150,188,4,192,342
02/23/2008,FAR,ND,AGL,CE,Combined TRACON& Tower with Radar,14,32,20,1,67,0,43,43,0,86,14,75,63,1,153,189,0,189,342
02/24/2008,FAR,ND,AGL,CE,Combined TRACON& Tower with Radar,12,27,10,2,51,0,24,37,0,61,12,51,47,2,112,116,0,116,228
02/25/2008,FAR,ND,AGL,CE,Combined TRACON& Tower with Radar,14,38,47,0,99,0,12,8,4,24,14,50,55,4,123,36,0,36,159
02/26/2008,FAR,ND,AGL,CE,Combined TRACON& Tower with Radar,15,42,37,17,111,0,11,11,2,24,15,53,48,19,135,45,16,61,196
02/27/2008,FAR,ND,AGL,CE,Combined TRACON& Tower with Radar,16,44,41,10,111,0,25,40,0,65,16,69,81,10,176,103,4,107,283
02/28/2008,FAR,ND,AGL,CE,Combined TRACON& Tower with Radar,17,47,20,5,89,0,13,4,0,17,17,60,24,5,106,10,0,10,116
02/29/2008,FAR,ND,AGL,CE,Combined TRACON& Tower with Radar,13,46,27,12,98,0,6,21,1,28,13,52,48,13,126,24,10,34,160
03/01/2008,FAR,ND,AGL,CE,Combined TRACON& Tower with Radar,19,39,16,4,78,0,14,27,4,45,19,53,43,8,123,44,0,44,167
03/02/2008,FAR,ND,AGL,CE,Combined TRACON& Tower with Radar,13,19,13,4,49,0,2,3,1,6,13,21,16,5,55,0,0,0,55
03/03/2008,FAR,ND,AGL,CE,Combined TRACON& Tower with Radar,13,44,41,2,100,0,13,30,2,45,13,57,71,4,145,86,1,87,232
03/04/2008,FAR,ND,AGL,CE,Combined TRACON& Tower with Radar,15,40,36,4,95,0,7,14,0,21,15,47,50,4,116,60,8,68,184
03/05/2008,FAR,ND,AGL,CE,Combined TRACON& Tower with Radar,15,41,46,12,114,0,18,32,5,55,15,59,78,17,169,56,2,58,227
03/06/2008,FAR,ND,AGL,CE,Combined TRACON& Tower with Radar,18,43,29,6,96,0,12,39,2,53,18,55,68,8,149,118,2,120,269
03/07/2008,FAR,ND,AGL,CE,Combined TRACON& Tower with Radar,16,48,42,4,110,0,19,22,5,46,16,67,64,9,156,89,0,89,245
03/08/2008,FAR,ND,AGL,CE,Combined TRACON& Tower with Radar,16,27,17,2,62,0,0,1,0,1,16,27,18,2,63,0,0,0,63
03/09/2008,FAR,ND,AGL,CE,Combined TRACON& Tower with Radar,9,20,23,15,67,0,2,24,0,26,9,22,47,15,93,39,12,51,144
03/10/2008,FAR,ND,AGL,CE,Combined TRACON& Tower with Radar,13,32,42,0,87,0,16,35,2,53,13,48,77,2,140,40,0,40,180
03/11/2008,FAR,ND,AGL,CE,Combined TRACON& Tower with Radar,16,59,44,10,129,0,39,44,2,85,16,98,88,12,214,124,8,132,346
03/12/2008,FAR,ND,AGL,CE,Combined TRACON& Tower with Radar,14,40,28,4,86,0,5,19,3,27,14,45,47,7,113,63,0,63,176
03/13/2008,FAR,ND,AGL,CE,Combined TRACON& Tower with Radar,23,40,43,11,117,0,7,50,4,61,23,47,93,15,178,52,0,52,230
03/14/2008,FAR,ND,AGL,CE,Combined TRACON& Tower with Radar,15,36,32,4,87,0,0,10,0,10,15,36,42,4,97,0,0,0,97
03/15/2008,FAR,ND,AGL,CE,Combined TRACON& Tower with Radar,17,44,26,0,87,0,22,35,4,61,17,66,61,4,148,138,0,138,286
03/16/2008,FAR,ND,AGL,CE,Combined TRACON& Tower with Radar,10,29,22,2,63,0,14,27,0,41,10,43,49,2,104,102,0,102,206
03/17/2008,FAR,ND,AGL,CE,Combined TRACON& Tower with Radar,16,32,25,14,87,0,0,0,0,0,16,32,25,14,87,0,0,0,87
03/18/2008,FAR,ND,AGL,CE,Combined TRACON& Tower with Radar,17,48,39,18,122,0,0,0,0,0,17,48,39,18,122,128,48,176,298
03/19/2008,FAR,ND,AGL,CE,Combined TRACON& Tower with Radar,15,41,58,3,117,0,24,48,1,73,15,65,106,4,190,154,0,154,344
03/20/2008,FAR,ND,AGL,CE,Combined TRACON& Tower with Radar,18,35,53,3,109,0,10,47,0,57,18,45,100,3,166,120,0,120,286
03/21/2008,FAR,ND,AGL,CE,Combined TRACON& Tower with Radar,16,31,13,0,60,0,1,0,0,1,16,32,13,0,61,18,0,18,79
03/22/2008,FAR,ND,AGL,CE,Combined TRACON& Tower with Radar,16,23,2,0,41,1,3,0,0,4,17,26,2,0,45,0,0,0,45
03/23/2008,FAR,ND,AGL,CE,Combined TRACON& Tower with Radar,10,19,7,0,36,0,2,15,0,17,10,21,22,0,53,27,0,27,80
03/24/2008,FAR,ND,AGL,CE,Combined TRACON& Tower with Radar,13,48,36,0,97,0,5,24,2,31,13,53,60,2,128,16,0,16,144
03/25/2008,FAR,ND,AGL,CE,Combined TRACON& Tower with Radar,19,36,29,4,88,0,0,24,4,28,19,36,53,8,116,44,0,44,160
03/26/2008,FAR,ND,AGL,CE,Combined TRACON& Tower with Radar,14,49,53,11,127,0,0,27,3,30,14,49,80,14,157,104,10,114,271
03/27/2008,FAR,ND,AGL,CE,Combined TRACON& Tower with Radar,17,45,26,0,88,0,20,35,9,64,17,65,61,9,152,118,23,141,293
03/28/2008,FAR,ND,AGL,CE,Combined TRACON& Tower with Radar,16,57,36,10,119,0,31,25,2,58,16,88,61,12,177,118,30,148,325
03/29/2008,FAR,ND,AGL,CE,Combined TRACON& Tower with Radar,15,29,16,0,60,0,7,4,0,11,15,36,20,0,71,0,0,0,71
03/30/2008,FAR,ND,AGL,CE,Combined TRACON& Tower with Radar,10,30,10,1,51,0,0,14,0,14,10,30,24,1,65,15,0,15,80
03/31/2008,FAR,ND,AGL,CE,Combined TRACON& Tower with Radar,15,49,17,15,96,0,7,6,1,14,15,56,23,16,110,33,8,41,151
04/01/2008,FAR,ND,AGL,CE,Combined TRACON& Tower with Radar,20,37,34,13,104,0,18,45,1,64,20,55,79,14,168,114,12,126,294
04/02/2008,FAR,ND,AGL,CE,Combined TRACON& Tower with Radar,13,47,48,6,114,0,6,36,3,45,13,53,84,9,159,45,6,51,210
04/03/2008,FAR,ND,AGL,CE,Combined TRACON& Tower with Radar,17,53,0,5,75,0,35,57,2,94,17,88,57,7,169,202,4,206,375
04/04/2008,FAR,ND,AGL,CE,Combined TRACON& Tower with Radar,15,63,20,4,102,0,26,56,4,86,15,89,76,8,188,174,0,174,362
04/05/2008,FAR,ND,AGL,CE,Combined TRACON& Tower with Radar,13,24,14,0,51,0,6,5,0,11,13,30,19,0,62,4,0,4,66
04/06/2008,FAR,ND,AGL,CE,Combined TRACON& Tower with Radar,8,21,9,0,38,0,0,0,0,0,8,21,9,0,38,0,0,0,38
04/07/2008,FAR,ND,AGL,CE,Combined TRACON& Tower with Radar,12,47,18,0,77,0,20,22,2,44,12,67,40,2,121,60,0,60,181
04/08/2008,FAR,ND,AGL,CE,Combined TRACON& Tower with Radar,15,50,27,3,95,0,41,47,3,91,15,91,74,6,186,168,3,171,357
04/09/2008,FAR,ND,AGL,CE,Combined TRACON& Tower with Radar,15,62,27,4,108,0,15,34,1,50,15,77,61,5,158,109,2,111,269
04/10/2008,FAR,ND,AGL,CE,Combined TRACON& Tower with Radar,24,51,26,3,104,0,10,19,3,32,24,61,45,6,136,81,0,81,217
04/11/2008,FAR,ND,AGL,CE,Combined TRACON& Tower with Radar,18,37,17,22,94,0,0,3,0,3,18,37,20,22,97,4,8,12,109
04/12/2008,FAR,ND,AGL,CE,Combined TRACON& Tower with Radar,12,42,6,15,75,0,14,14,1,29,12,56,20,16,104,84,30,114,218
04/13/2008,FAR,ND,AGL,CE,Combined TRACON& Tower with Radar,10,27,13,2,52,0,45,50,1,96,10,72,63,3,148,178,0,178,326
04/14/2008,FAR,ND,AGL,CE,Combined TRACON& Tower with Radar,14,38,19,4,75,0,4,25,3,32,14,42,44,7,107,30,6,36,143
04/15/2008,FAR,ND,AGL,CE,Combined TRACON& Tower with Radar,15,32,17,4,68,0,0,17,2,19,15,32,34,6,87,10,0,10,97
04/16/2008,FAR,ND,AGL,CE,Combined TRACON& Tower with Radar,14,52,72,3,141,0,9,28,4,41,14,61,100,7,182,28,0,28,210
04/17/2008,FAR,ND,AGL,CE,Combined TRACON& Tower with Radar,17,53,28,0,98,0,23,71,1,95,17,76,99,1,193,125,2,127,320
04/18/2008,FAR,ND,AGL,CE,Combined TRACON& Tower with Radar,18,51,32,9,110,0,28,51,9,88,18,79,83,18,198,176,28,204,402
04/19/2008,FAR,ND,AGL,CE,Combined TRACON& Tower with Radar,14,41,15,0,70,0,24,49,7,80,14,65,64,7,150,190,0,190,340
04/20/2008,FAR,ND,AGL,CE,Combined TRACON& Tower with Radar,10,26,17,0,53,0,3,8,2,13,10,29,25,2,66,0,0,0,66
04/21/2008,FAR,ND,AGL,CE,Combined TRACON& Tower with Radar,15,36,31,0,82,0,4,21,2,27,15,40,52,2,109,24,0,24,133
04/22/2008,FAR,ND,AGL,CE,Combined TRACON& Tower with Radar,15,48,44,9,116,0,9,45,1,55,15,57,89,10,171,87,4,91,262
04/23/2008,FAR,ND,AGL,CE,Combined TRACON& Tower with Radar,16,54,45,5,120,0,0,48,4,52,16,54,93,9,172,102,4,106,278
04/24/2008,FAR,ND,AGL,CE,Combined TRACON& Tower with Radar,16,42,37,17,112,0,0,6,0,6,16,42,43,17,118,12,8,20,138
04/25/2008,FAR,ND,AGL,CE,Combined TRACON& Tower with Radar,14,41,31,10,96,0,0,0,0,0,14,41,31,10,96,4,18,22,118
04/26/2008,FAR,ND,AGL,CE,Combined TRACON& Tower with Radar,13,27,12,0,52,0,0,7,0,7,13,27,19,0,59,0,0,0,59
04/27/2008,FAR,ND,AGL,CE,Combined TRACON& Tower with Radar,10,23,18,0,51,0,9,21,0,30,10,32,39,0,81,40,0,40,121
04/28/2008,FAR,ND,AGL,CE,Combined TRACON& Tower with Radar,14,39,44,0,97,0,11,52,2,65,14,50,96,2,162,81,0,81,243
04/29/2008,FAR,ND,AGL,CE,Combined TRACON& Tower with Radar,13,50,51,9,123,0,20,46,1,67,13,70,97,10,190,100,4,104,294
04/30/2008,FAR,ND,AGL,CE,Combined TRACON& Tower with Radar,14,61,56,10,141,0,6,42,2,50,14,67,98,12,191,74,12,86,277
05/01/2008,FAR,ND,AGL,CE,Combined TRACON& Tower with Radar,16,47,3,4,70,0,12,22,2,36,16,59,25,6,106,18,0,18,124
05/02/2008,FAR,ND,AGL,CE,Combined TRACON& Tower with Radar,19,38,26,0,83,0,6,9,2,17,19,44,35,2,100,6,0,6,106
05/03/2008,FAR,ND,AGL,CE,Combined TRACON& Tower with Radar,14,29,17,18,78,0,11,21,3,35,14,40,38,21,113,24,20,44,157
05/04/2008,FAR,ND,AGL,CE,Combined TRACON& Tower with Radar,14,24,14,9,61,0,23,42,2,67,14,47,56,11,128,32,16,48,176
05/05/2008,FAR,ND,AGL,CE,Combined TRACON& Tower with Radar,13,40,24,3,80,0,12,47,0,59,13,52,71,3,139,44,0,44,183
05/06/2008,FAR,ND,AGL,CE,Combined TRACON& Tower with Radar,19,43,24,7,93,0,11,37,0,48,19,54,61,7,141,79,3,82,223
05/07/2008,FAR,ND,AGL,CE,Combined TRACON& Tower with Radar,14,51,45,6,116,0,15,54,3,72,14,66,99,9,188,114,2,116,304
05/08/2008,FAR,ND,AGL,CE,Combined TRACON& Tower with Radar,19,50,33,14,116,0,16,86,2,104,19,66,119,16,220,122,12,134,354
05/09/2008,FAR,ND,AGL,CE,Combined TRACON& Tower with Radar,19,51,25,16,111,0,7,36,0,43,19,58,61,16,154,44,4,48,202
05/10/2008,FAR,ND,AGL,CE,Combined TRACON& Tower with Radar,12,30,7,2,51,0,5,4,0,9,12,35,11,2,60,38,0,38,98
05/11/2008,FAR,ND,AGL,CE,Combined TRACON& Tower with Radar,12,18,14,0,44,0,7,49,0,56,12,25,63,0,100,66,0,66,166
05/12/2008,FAR,ND,AGL,CE,Combined TRACON& Tower with Radar,19,38,18,8,83,0,2,22,2,26,19,40,40,10,109,12,4,16,125
05/13/2008,FAR,ND,AGL,CE,Combined TRACON& Tower with Radar,21,46,64,7,138,0,6,15,0,21,21,52,79,7,159,27,0,27,186
05/14/2008,FAR,ND,AGL,CE,Combined TRACON& Tower with Radar,20,46,48,14,128,0,22,71,0,93,20,68,119,14,221,84,20,104,325
05/15/2008,FAR,ND,AGL,CE,Combined TRACON& Tower with Radar,15,59,34,15,123,0,14,56,5,75,15,73,90,20,198,54,10,64,262
05/16/2008,FAR,ND,AGL,CE,Combined TRACON& Tower with Radar,15,38,35,14,102,0,5,47,2,54,15,43,82,16,156,66,18,84,240
05/17/2008,FAR,ND,AGL,CE,Combined TRACON& Tower with Radar,16,32,25,0,73,0,10,36,0,46,16,42,61,0,119,56,0,56,175
05/18/2008,FAR,ND,AGL,CE,Combined TRACON& Tower with Radar,14,21,16,0,51,0,9,44,2,55,14,30,60,2,106,161,0,161,267
05/19/2008,FAR,ND,AGL,CE,Combined TRACON& Tower with Radar,20,35,21,0,76,0,4,39,2,45,20,39,60,2,121,108,0,108,229
05/20/2008,FAR,ND,AGL,CE,Combined TRACON& Tower with Radar,22,43,49,11,125,0,16,52,3,71,22,59,101,14,196,82,10,92,288
05/21/2008,FAR,ND,AGL,CE,Combined TRACON& Tower with Radar,23,46,40,6,115,0,11,51,2,64,23,57,91,8,179,88,0,88,267
05/22/2008,FAR,ND,AGL,CE,Combined TRACON& Tower with Radar,17,42,59,12,130,0,12,53,3,68,17,54,112,15,198,105,8,113,311
05/23/2008,FAR,ND,AGL,CE,Combined TRACON& Tower with Radar,23,48,34,10,115,0,6,39,1,46,23,54,73,11,161,80,0,80,241
05/24/2008,FAR,ND,AGL,CE,Combined TRACON& Tower with Radar,16,33,18,0,67,0,5,12,0,17,16,38,30,0,84,20,0,20,104
05/25/2008,FAR,ND,AGL,CE,Combined TRACON& Tower with Radar,16,24,7,3,50,0,4,3,0,7,16,28,10,3,57,18,0,18,75
05/26/2008,FAR,ND,AGL,CE,Combined TRACON& Tower with Radar,16,25,22,5,68,0,0,15,0,15,16,25,37,5,83,6,0,6,89
05/27/2008,FAR,ND,AGL,CE,Combined TRACON& Tower with Radar,15,47,44,12,118,0,8,36,1,45,15,55,80,13,163,96,14,110,273
05/28/2008,FAR,ND,AGL,CE,Combined TRACON& Tower with Radar,22,37,42,11,112,0,4,72,4,80,22,41,114,15,192,74,2,76,268
05/29/2008,FAR,ND,AGL,CE,Combined TRACON& Tower with Radar,19,54,34,6,113,0,1,22,5,28,19,55,56,11,141,34,0,34,175
05/30/2008,FAR,ND,AGL,CE,Combined TRACON& Tower with Radar,21,42,45,11,119,0,0,21,0,21,21,42,66,11,140,40,1,41,181
05/31/2008,FAR,ND,AGL,CE,Combined TRACON& Tower with Radar,12,36,20,0,68,0,21,39,3,63,12,57,59,3,131,175,0,175,306
06/01/2008,FAR,ND,AGL,CE,Combined TRACON& Tower with Radar,15,24,14,1,54,0,20,42,0,62,15,44,56,1,116,18,0,18,134
06/02/2008,FAR,ND,AGL,CE,Combined TRACON& Tower with Radar,20,36,25,2,83,0,0,21,1,22,20,36,46,3,105,45,0,45,150
06/03/2008,FAR,ND,AGL,CE,Combined TRACON& Tower with Radar,20,41,29,4,94,0,0,4,1,5,20,41,33,5,99,24,0,24,123
06/04/2008,FAR,ND,AGL,CE,Combined TRACON& Tower with Radar,22,57,49,11,139,0,0,11,0,11,22,57,60,11,150,44,16,60,210
06/05/2008,FAR,ND,AGL,CE,Combined TRACON& Tower with Radar,12,60,41,6,119,0,0,8,2,10,12,60,49,8,129,6,0,6,135
06/06/2008,FAR,ND,AGL,CE,Combined TRACON& Tower with Radar,18,37,24,5,84,0,0,6,0,6,18,37,30,5,90,0,0,0,90
06/07/2008,FAR,ND,AGL,CE,Combined TRACON& Tower with Radar,14,40,18,15,87,0,14,34,4,52,14,54,52,19,139,52,8,60,199
06/08/2008,FAR,ND,AGL,CE,Combined TRACON& Tower with Radar,19,26,19,10,74,0,13,19,2,34,19,39,38,12,108,44,6,50,158
06/09/2008,FAR,ND,AGL,CE,Combined TRACON& Tower with Radar,14,40,27,2,83,0,0,26,0,26,14,40,53,2,109,89,0,89,198
06/10/2008,FAR,ND,AGL,CE,Combined TRACON& Tower with Radar,17,60,46,10,133,0,5,15,2,22,17,65,61,12,155,138,32,170,325
06/11/2008,FAR,ND,AGL,CE,Combined TRACON& Tower with Radar,20,45,26,2,93,0,2,0,0,2,20,47,26,2,95,6,0,6,101
06/12/2008,FAR,ND,AGL,CE,Combined TRACON& Tower with Radar,22,46,51,20,139,0,2,51,1,54,22,48,102,21,193,76,18,94,287
06/13/2008,FAR,ND,AGL,CE,Combined TRACON& Tower with Radar,13,46,38,4,101,0,3,21,0,24,13,49,59,4,125,76,0,76,201
06/14/2008,FAR,ND,AGL,CE,Combined TRACON& Tower with Radar,11,43,24,0,78,0,22,42,1,65,11,65,66,1,143,128,0,128,271
06/15/2008,FAR,ND,AGL,CE,Combined TRACON& Tower with Radar,15,24,17,0,56,0,3,14,0,17,15,27,31,0,73,26,0,26,99
06/16/2008,FAR,ND,AGL,CE,Combined TRACON& Tower with Radar,18,52,49,4,123,0,20,47,3,70,18,72,96,7,193,148,0,148,341
06/17/2008,FAR,ND,AGL,CE,Combined TRACON& Tower with Radar,16,50,45,7,118,0,25,66,2,93,16,75,111,9,211,209,16,225,436
06/18/2008,FAR,ND,AGL,CE,Combined TRACON& Tower with Radar,18,50,42,9,119,0,36,62,4,102,18,86,104,13,221,200,6,206,427
06/19/2008,FAR,ND,AGL,CE,Combined TRACON& Tower with Radar,19,54,44,4,121,0,7,56,1,64,19,61,100,5,185,120,0,120,305
06/20/2008,FAR,ND,AGL,CE,Combined TRACON& Tower with Radar,15,63,28,10,116,0,16,54,2,72,15,79,82,12,188,75,6,81,269
06/21/2008,FAR,ND,AGL,CE,Combined TRACON& Tower with Radar,22,36,13,0,71,0,14,33,4,51,22,50,46,4,122,122,0,122,244
06/22/2008,FAR,ND,AGL,CE,Combined TRACON& Tower with Radar,14,28,17,1,60,0,30,51,0,81,14,58,68,1,141,135,0,135,276
06/23/2008,FAR,ND,AGL,CE,Combined TRACON& Tower with Radar,16,44,57,16,133,0,3,51,5,59,16,47,108,21,192,109,25,134,326
06/24/2008,FAR,ND,AGL,CE,Combined TRACON& Tower with Radar,16,60,35,16,127,0,16,53,7,76,16,76,88,23,203,109,19,128,331
06/25/2008,FAR,ND,AGL,CE,Combined TRACON& Tower with Radar,14,43,30,9,96,0,1,55,6,62,14,44,85,15,158,89,0,89,247
06/26/2008,FAR,ND,AGL,CE,Combined TRACON& Tower with Radar,16,47,38,18,119,0,16,59,3,78,16,63,97,21,197,110,6,116,313
06/27/2008,FAR,ND,AGL,CE,Combined TRACON& Tower with Radar,24,62,17,10,113,0,7,9,3,19,24,69,26,13,132,86,18,104,236
06/28/2008,FAR,ND,AGL,CE,Combined TRACON& Tower with Radar,13,25,10,0,48,0,0,4,0,4,13,25,14,0,52,58,0,58,110
06/29/2008,FAR,ND,AGL,CE,Combined TRACON& Tower with Radar,15,22,10,2,49,0,4,51,0,55,15,26,61,2,104,91,0,91,195
06/30/2008,FAR,ND,AGL,CE,Combined TRACON& Tower with Radar,6,40,27,6,79,0,18,65,3,86,6,58,92,9,165,149,9,158,323
07/01/2008,FAR,ND,AGL,CE,Combined TRACON& Tower with Radar,16,57,42,5,120,0,14,67,1,82,16,71,109,6,202,223,6,229,431
07/02/2008,FAR,ND,AGL,CE,Combined TRACON& Tower with Radar,20,47,21,4,92,0,8,27,0,35,20,55,48,4,127,136,0,136,263
07/03/2008,FAR,ND,AGL,CE,Combined TRACON& Tower with Radar,22,50,26,0,98,0,10,55,6,71,22,60,81,6,169,120,0,120,289
07/04/2008,FAR,ND,AGL,CE,Combined TRACON& Tower with Radar,12,20,5,0,37,0,11,2,0,13,12,31,7,0,50,95,0,95,145
07/05/2008,FAR,ND,AGL,CE,Combined TRACON& Tower with Radar,16,42,10,0,68,0,1,20,0,21,16,43,30,0,89,4,0,4,93
07/06/2008,FAR,ND,AGL,CE,Combined TRACON& Tower with Radar,11,35,12,0,58,0,2,25,0,27,11,37,37,0,85,68,0,68,153
07/07/2008,FAR,ND,AGL,CE,Combined TRACON& Tower with Radar,0,0,13,6,19,0,0,13,6,19,0,0,26,12,38,32,38,70,108
07/08/2008,FAR,ND,AGL,CE,Combined TRACON& Tower with Radar,17,39,44,16,116,0,11,38,5,54,17,50,82,21,170,53,22,75,245
07/09/2008,FAR,ND,AGL,CE,Combined TRACON& Tower with Radar,19,52,38,16,125,0,11,57,7,75,19,63,95,23,200,135,14,149,349
07/10/2008,FAR,ND,AGL,CE,Combined TRACON& Tower with Radar,20,45,29,19,113,0,7,39,4,50,20,52,68,23,163,82,24,106,269
07/11/2008,FAR,ND,AGL,CE,Combined TRACON& Tower with Radar,18,43,28,9,98,0,1,23,4,28,18,44,51,13,126,58,0,58,184
07/12/2008,FAR,ND,AGL,CE,Combined TRACON& Tower with Radar,15,26,11,2,54,0,5,13,0,18,15,31,24,2,72,30,0,30,102
07/13/2008,FAR,ND,AGL,CE,Combined TRACON& Tower with Radar,16,30,17,13,76,0,11,26,1,38,16,41,43,14,114,22,20,42,156
07/14/2008,FAR,ND,AGL,CE,Combined TRACON& Tower with Radar,16,39,21,0,76,0,0,43,2,45,16,39,64,2,121,141,0,141,262
07/15/2008,FAR,ND,AGL,CE,Combined TRACON& Tower with Radar,16,57,36,15,124,0,19,57,2,78,16,76,93,17,202,94,10,104,306
07/16/2008,FAR,ND,AGL,CE,Combined TRACON& Tower with Radar,15,43,25,12,95,0,6,26,1,33,15,49,51,13,128,36,14,50,178
07/17/2008,FAR,ND,AGL,CE,Combined TRACON& Tower with Radar,17,65,40,24,146,0,3,21,0,24,17,68,61,24,170,96,24,120,290
07/18/2008,FAR,ND,AGL,CE,Combined TRACON& Tower with Radar,19,49,50,22,140,0,39,52,1,92,19,88,102,23,232,186,21,207,439
07/19/2008,FAR,ND,AGL,CE,Combined TRACON& Tower with Radar,22,38,19,4,83,0,7,19,2,28,22,45,38,6,111,65,0,65,176
07/20/2008,FAR,ND,AGL,CE,Combined TRACON& Tower with Radar,14,20,11,0,45,0,5,57,2,64,14,25,68,2,109,42,0,42,151
07/21/2008,FAR,ND,AGL,CE,Combined TRACON& Tower with Radar,16,41,29,12,98,0,18,48,0,66,16,59,77,12,164,100,0,100,264
07/22/2008,FAR,ND,AGL,CE,Combined TRACON& Tower with Radar,16,57,35,6,114,0,28,69,2,99,16,85,104,8,213,85,0,85,298
07/23/2008,FAR,ND,AGL,CE,Combined TRACON& Tower with Radar,23,43,57,8,131,0,5,39,1,45,23,48,96,9,176,40,2,42,218
07/24/2008,FAR,ND,AGL,CE,Combined TRACON& Tower with Radar,18,56,56,13,143,0,5,40,4,49,18,61,96,17,192,72,2,74,266
07/25/2008,FAR,ND,AGL,CE,Combined TRACON& Tower with Radar,18,50,37,7,112,0,20,52,4,76,18,70,89,11,188,115,10,125,313
07/26/2008,FAR,ND,AGL,CE,Combined TRACON& Tower with Radar,14,28,20,0,62,0,21,66,2,89,14,49,86,2,151,160,0,160,311
07/27/2008,FAR,ND,AGL,CE,Combined TRACON& Tower with Radar,14,20,21,2,57,0,15,45,0,60,14,35,66,2,117,86,0,86,203
07/28/2008,FAR,ND,AGL,CE,Combined TRACON& Tower with Radar,16,37,26,0,79,0,3,30,2,35,16,40,56,2,114,30,0,30,144
07/29/2008,FAR,ND,AGL,CE,Combined TRACON& Tower with Radar,16,42,49,14,121,0,6,48,2,56,16,48,97,16,177,67,12,79,256
07/30/2008,FAR,ND,AGL,CE,Combined TRACON& Tower with Radar,21,44,31,5,101,0,7,47,6,60,21,51,78,11,161,59,0,59,220
07/31/2008,FAR,ND,AGL,CE,Combined TRACON& Tower with Radar,18,42,30,11,101,0,0,45,0,45,18,42,75,11,146,8,22,30,176
08/01/2008,FAR,ND,AGL,CE,Combined TRACON& Tower with Radar,16,43,30,11,100,0,14,34,4,52,16,57,64,15,152,84,10,94,246
08/02/2008,FAR,ND,AGL,CE,Combined TRACON& Tower with Radar,14,29,13,0,56,0,3,29,1,33,14,32,42,1,89,26,0,26,115
08/03/2008,FAR,ND,AGL,CE,Combined TRACON& Tower with Radar,14,32,17,3,66,0,7,9,0,16,14,39,26,3,82,60,1,61,143
08/04/2008,FAR,ND,AGL,CE,Combined TRACON& Tower with Radar,14,34,38,6,92,0,12,26,5,43,14,46,64,11,135,45,2,47,182
08/05/2008,FAR,ND,AGL,CE,Combined TRACON& Tower with Radar,16,48,29,17,110,0,19,50,0,69,16,67,79,17,179,95,24,119,298
08/06/2008,FAR,ND,AGL,CE,Combined TRACON& Tower with Radar,16,38,48,10,112,0,13,58,0,71,16,51,106,10,183,87,0,87,270
08/07/2008,FAR,ND,AGL,CE,Combined TRACON& Tower with Radar,15,44,23,7,89,0,13,60,0,73,15,57,83,7,162,77,2,79,241
08/08/2008,FAR,ND,AGL,CE,Combined TRACON& Tower with Radar,16,48,31,9,104,0,11,37,0,48,16,59,68,9,152,70,10,80,232
08/09/2008,FAR,ND,AGL,CE,Combined TRACON& Tower with Radar,13,33,13,3,62,0,21,37,2,60,13,54,50,5,122,47,2,49,171
08/10/2008,FAR,ND,AGL,CE,Combined TRACON& Tower with Radar,14,21,11,10,56,0,11,37,0,48,14,32,48,10,104,133,18,151,255
08/11/2008,FAR,ND,AGL,CE,Combined TRACON& Tower with Radar,15,35,24,2,76,0,0,1,0,1,15,35,25,2,77,11,0,11,88
08/12/2008,FAR,ND,AGL,CE,Combined TRACON& Tower with Radar,9,45,34,6,94,0,5,37,5,47,9,50,71,11,141,59,3,62,203
08/13/2008,FAR,ND,AGL,CE,Combined TRACON& Tower with Radar,22,37,33,17,109,0,18,68,2,88,22,55,101,19,197,71,25,96,293
08/14/2008,FAR,ND,AGL,CE,Combined TRACON& Tower with Radar,20,41,20,19,100,0,5,40,6,51,20,46,60,25,151,67,27,94,245
08/15/2008,FAR,ND,AGL,CE,Combined TRACON& Tower with Radar,17,39,20,13,89,0,20,89,2,111,17,59,109,15,200,108,4,112,312
08/16/2008,FAR,ND,AGL,CE,Combined TRACON& Tower with Radar,17,23,8,0,48,0,14,52,4,70,17,37,60,4,118,101,0,101,219
08/17/2008,FAR,ND,AGL,CE,Combined TRACON& Tower with Radar,19,19,19,1,58,0,4,25,0,29,19,23,44,1,87,33,0,33,120
08/18/2008,FAR,ND,AGL,CE,Combined TRACON& Tower with Radar,24,33,29,6,92,1,22,48,3,74,25,55,77,9,166,127,4,131,297
08/19/2008,FAR,ND,AGL,CE,Combined TRACON& Tower with Radar,23,34,33,5,95,0,9,53,7,69,23,43,86,12,164,98,22,120,284
08/20/2008,FAR,ND,AGL,CE,Combined TRACON& Tower with Radar,21,45,52,7,125,0,3,49,0,52,21,48,101,7,177,42,0,42,219
08/21/2008,FAR,ND,AGL,CE,Combined TRACON& Tower with Radar,20,29,41,17,107,0,8,21,4,33,20,37,62,21,140,39,8,47,187
08/22/2008,FAR,ND,AGL,CE,Combined TRACON& Tower with Radar,21,38,30,9,98,0,4,16,3,23,21,42,46,12,121,18,0,18,139
08/23/2008,FAR,ND,AGL,CE,Combined TRACON& Tower with Radar,13,23,15,0,51,0,8,42,0,50,13,31,57,0,101,36,0,36,137
08/24/2008,FAR,ND,AGL,CE,Combined TRACON& Tower with Radar,16,14,12,0,42,0,16,57,3,76,16,30,69,3,118,77,0,77,195
08/25/2008,FAR,ND,AGL,CE,Combined TRACON& Tower with Radar,21,36,29,0,86,0,17,32,2,51,21,53,61,2,137,17,0,17,154
08/26/2008,FAR,ND,AGL,CE,Combined TRACON& Tower with Radar,21,37,26,10,94,0,5,18,7,30,21,42,44,17,124,14,1,15,139
08/27/2008,FAR,ND,AGL,CE,Combined TRACON& Tower with Radar,19,47,34,10,110,0,20,60,3,83,19,67,94,13,193,141,14,155,348
08/28/2008,FAR,ND,AGL,CE,Combined TRACON& Tower with Radar,24,38,39,25,126,0,16,43,4,63,24,54,82,29,189,189,30,219,408
08/29/2008,FAR,ND,AGL,CE,Combined TRACON& Tower with Radar,15,43,29,18,105,0,12,56,3,71,15,55,85,21,176,82,16,98,274
08/30/2008,FAR,ND,AGL,CE,Combined TRACON& Tower with Radar,10,23,9,1,43,0,8,14,0,22,10,31,23,1,65,33,0,33,98
08/31/2008,FAR,ND,AGL,CE,Combined TRACON& Tower with Radar,15,11,18,1,45,0,4,9,0,13,15,15,27,1,58,9,0,9,67
09/01/2008,FAR,ND,AGL,CE,Combined TRACON& Tower with Radar,24,38,39,25,126,0,16,43,4,63,24,54,82,29,189,189,30,219,408
09/02/2008,FAR,ND,AGL,CE,Combined TRACON& Tower with Radar,14,56,36,6,112,0,0,3,0,3,14,56,39,6,115,9,0,9,124
09/03/2008,FAR,ND,AGL,CE,Combined TRACON& Tower with Radar,17,45,44,15,121,0,18,64,2,84,17,63,108,17,205,142,23,165,370
09/04/2008,FAR,ND,AGL,CE,Combined TRACON& Tower with Radar,17,40,49,9,115,0,5,32,6,43,17,45,81,15,158,176,4,180,338
09/05/2008,FAR,ND,AGL,CE,Combined TRACON& Tower with Radar,18,46,24,6,94,0,3,18,1,22,18,49,42,7,116,52,12,64,180
09/06/2008,FAR,ND,AGL,CE,Combined TRACON& Tower with Radar,9,32,15,0,56,1,10,49,1,61,10,42,64,1,117,72,1,73,190
09/07/2008,FAR,ND,AGL,CE,Combined TRACON& Tower with Radar,13,27,29,0,69,0,4,16,2,22,13,31,45,2,91,67,0,67,158
09/08/2008,FAR,ND,AGL,CE,Combined TRACON& Tower with Radar,18,52,42,0,112,0,19,41,0,60,18,71,83,0,172,118,0,118,290
09/09/2008,FAR,ND,AGL,CE,Combined TRACON& Tower with Radar,15,45,52,7,119,0,14,56,5,75,15,59,108,12,194,90,1,91,285
09/10/2008,FAR,ND,AGL,CE,Combined TRACON& Tower with Radar,12,42,51,8,113,0,6,14,0,20,12,48,65,8,133,19,8,27,160
09/11/2008,FAR,ND,AGL,CE,Combined TRACON& Tower with Radar,19,43,40,24,126,0,14,11,4,29,19,57,51,28,155,119,24,143,298
09/12/2008,FAR,ND,AGL,CE,Combined TRACON& Tower with Radar,16,59,33,11,119,0,21,79,8,108,16,80,112,19,227,133,33,166,393
09/13/2008,FAR,ND,AGL,CE,Combined TRACON& Tower with Radar,10,34,20,1,65,0,4,7,1,12,10,38,27,2,77,28,0,28,105
09/14/2008,FAR,ND,AGL,CE,Combined TRACON& Tower with Radar,4,10,6,0,20,0,0,3,0,3,4,10,9,0,23,34,0,34,57
09/15/2008,FAR,ND,AGL,CE,Combined TRACON& Tower with Radar,17,37,24,6,84,0,42,36,1,79,17,79,60,7,163,129,0,129,292
09/16/2008,FAR,ND,AGL,CE,Combined TRACON& Tower with Radar,15,42,48,8,113,0,32,53,3,88,15,74,101,11,201,171,0,171,372
09/17/2008,FAR,ND,AGL,CE,Combined TRACON& Tower with Radar,12,43,40,15,110,1,21,58,1,81,13,64,98,16,191,161,19,180,371
09/18/2008,FAR,ND,AGL,CE,Combined TRACON& Tower with Radar,16,49,36,6,107,0,10,59,1,70,16,59,95,7,177,49,2,51,228
09/19/2008,FAR,ND,AGL,CE,Combined TRACON& Tower with Radar,18,39,26,6,89,0,36,54,5,95,18,75,80,11,184,228,8,236,420
09/20/2008,FAR,ND,AGL,CE,Combined TRACON& Tower with Radar,8,28,26,14,76,0,35,49,3,87,8,63,75,17,163,95,10,105,268
09/21/2008,FAR,ND,AGL,CE,Combined TRACON& Tower with Radar,12,21,10,0,43,0,6,18,0,24,12,27,28,0,67,5,0,5,72
09/22/2008,FAR,ND,AGL,CE,Combined TRACON& Tower with Radar,14,38,24,16,92,0,1,6,1,8,14,39,30,17,100,7,14,21,121
09/23/2008,FAR,ND,AGL,CE,Combined TRACON& Tower with Radar,28,67,56,4,155,0,2,15,2,19,28,69,71,6,174,66,2,68,242
09/24/2008,FAR,ND,AGL,CE,Combined TRACON& Tower with Radar,13,56,59,32,160,0,39,69,3,111,13,95,128,35,271,168,34,202,473
09/25/2008,FAR,ND,AGL,CE,Combined TRACON& Tower with Radar,15,53,37,14,119,0,29,38,6,73,15,82,75,20,192,153,30,183,375
09/26/2008,FAR,ND,AGL,CE,Combined TRACON& Tower with Radar,19,45,41,0,105,0,5,18,0,23,19,50,59,0,128,80,1,81,209
09/27/2008,FAR,ND,AGL,CE,Combined TRACON& Tower with Radar,10,27,14,0,51,0,37,34,0,71,10,64,48,0,122,175,0,175,297
09/28/2008,FAR,ND,AGL,CE,Combined TRACON& Tower with Radar,11,26,21,0,58,0,1,14,0,15,11,27,35,0,73,16,0,16,89
09/29/2008,FAR,ND,AGL,CE,Combined TRACON& Tower with Radar,14,48,38,10,110,0,23,30,5,58,14,71,68,15,168,78,46,124,292
09/30/2008,FAR,ND,AGL,CE,Combined TRACON& Tower with Radar,11,47,28,7,93,0,46,34,0,80,11,93,62,7,173,192,7,199,372
10/01/2008,FAR,ND,AGL,CE,Combined TRACON& Tower with Radar,18,43,49,8,118,0,49,35,9,93,18,92,84,17,211,140,59,199,410
10/02/2008,FAR,ND,AGL,CE,Combined TRACON& Tower with Radar,16,40,35,4,95,0,20,45,2,67,16,60,80,6,162,140,0,140,302
10/03/2008,FAR,ND,AGL,CE,Combined TRACON& Tower with Radar,17,48,30,12,107,0,28,35,3,66,17,76,65,15,173,144,3,147,320
10/04/2008,FAR,ND,AGL,CE,Combined TRACON& Tower with Radar,9,29,4,0,42,0,18,48,0,66,9,47,52,0,108,30,0,30,138
10/05/2008,FAR,ND,AGL,CE,Combined TRACON& Tower with Radar,14,24,17,3,58,0,2,2,0,4,14,26,19,3,62,3,0,3,65
10/06/2008,FAR,ND,AGL,CE,Combined TRACON& Tower with Radar,13,43,25,0,81,0,6,4,0,10,13,49,29,0,91,53,0,53,144
10/07/2008,FAR,ND,AGL,CE,Combined TRACON& Tower with Radar,8,43,49,22,122,0,29,47,1,77,8,72,96,23,199,185,28,213,412
10/08/2008,FAR,ND,AGL,CE,Combined TRACON& Tower with Radar,13,45,23,11,92,0,33,30,2,65,13,78,53,13,157,169,1,170,327
10/09/2008,FAR,ND,AGL,CE,Combined TRACON& Tower with Radar,13,54,32,9,108,0,30,42,3,75,13,84,74,12,183,128,0,128,311
10/10/2008,FAR,ND,AGL,CE,Combined TRACON& Tower with Radar,18,49,22,6,95,0,0,1,0,1,18,49,23,6,96,3,1,4,100
10/11/2008,FAR,ND,AGL,CE,Combined TRACON& Tower with Radar,9,26,10,0,45,0,1,0,0,1,9,27,10,0,46,1,0,1,47
10/12/2008,FAR,ND,AGL,CE,Combined TRACON& Tower with Radar,11,36,19,0,66,0,0,0,0,0,11,36,19,0,66,0,0,0,66
10/13/2008,FAR,ND,AGL,CE,Combined TRACON& Tower with Radar,10,51,26,0,87,0,13,12,0,25,10,64,38,0,112,56,0,56,168
10/14/2008,FAR,ND,AGL,CE,Combined TRACON& Tower with Radar,10,52,28,6,96,0,7,35,4,46,10,59,63,10,142,108,1,109,251
10/15/2008,FAR,ND,AGL,CE,Combined TRACON& Tower with Radar,10,45,38,9,102,0,17,30,2,49,10,62,68,11,151,145,8,153,304
10/16/2008,FAR,ND,AGL,CE,Combined TRACON& Tower with Radar,11,53,32,20,116,1,28,52,3,84,12,81,84,23,200,105,15,120,320
10/17/2008,FAR,ND,AGL,CE,Combined TRACON& Tower with Radar,22,45,21,12,100,0,31,25,3,59,22,76,46,15,159,147,22,169,328
10/18/2008,FAR,ND,AGL,CE,Combined TRACON& Tower with Radar,11,31,17,5,64,0,11,36,1,48,11,42,53,6,112,10,0,10,122
10/19/2008,FAR,ND,AGL,CE,Combined TRACON& Tower with Radar,11,33,16,6,66,0,7,19,2,28,11,40,35,8,94,32,0,32,126
10/20/2008,FAR,ND,AGL,CE,Combined TRACON& Tower with Radar,10,56,31,1,98,0,16,45,4,65,10,72,76,5,163,181,0,181,344
10/21/2008,FAR,ND,AGL,CE,Combined TRACON& Tower with Radar,13,50,32,6,101,0,6,14,0,20,13,56,46,6,121,27,0,27,148
10/22/2008,FAR,ND,AGL,CE,Combined TRACON& Tower with Radar,16,41,42,9,108,0,0,1,1,2,16,41,43,10,110,6,0,6,116
10/23/2008,FAR,ND,AGL,CE,Combined TRACON& Tower with Radar,20,51,31,6,108,0,16,43,1,60,20,67,74,7,168,127,0,127,295
10/24/2008,FAR,ND,AGL,CE,Combined TRACON& Tower with Radar,26,47,24,4,101,0,2,3,0,5,26,49,27,4,106,33,10,43,149
10/25/2008,FAR,ND,AGL,CE,Combined TRACON& Tower with Radar,12,37,17,0,66,0,10,34,6,50,12,47,51,6,116,89,6,95,211
10/26/2008,FAR,ND,AGL,CE,Combined TRACON& Tower with Radar,10,26,7,0,43,0,4,5,0,9,10,30,12,0,52,0,0,0,52
10/27/2008,FAR,ND,AGL,CE,Combined TRACON& Tower with Radar,17,50,32,4,103,0,25,44,1,70,17,75,76,5,173,157,0,157,330
10/28/2008,FAR,ND,AGL,CE,Combined TRACON& Tower with Radar,14,40,26,8,88,0,26,32,8,66,14,66,58,16,154,211,8,219,373
10/29/2008,FAR,ND,AGL,CE,Combined TRACON& Tower with Radar,12,46,40,5,103,0,18,50,0,68,12,64,90,5,171,82,2,84,255
10/30/2008,FAR,ND,AGL,CE,Combined TRACON& Tower with Radar,17,48,39,9,113,0,14,65,2,81,17,62,104,11,194,94,2,96,290
10/31/2008,FAR,ND,AGL,CE,Combined TRACON& Tower with Radar,20,54,30,7,111,0,11,56,0,67,20,65,86,7,178,167,6,173,351
11/01/2008,FAR,ND,AGL,CE,Combined TRACON& Tower with Radar,8,37,22,2,69,0,19,41,7,67,8,56,63,9,136,77,44,121,257
11/02/2008,FAR,ND,AGL,CE,Combined TRACON& Tower with Radar,15,40,18,4,77,0,10,47,4,61,15,50,65,8,138,107,0,107,245
11/03/2008,FAR,ND,AGL,CE,Combined TRACON& Tower with Radar,14,50,24,8,96,0,19,24,3,46,14,69,48,11,142,61,24,85,227
11/04/2008,FAR,ND,AGL,CE,Combined TRACON& Tower with Radar,22,31,20,6,79,1,3,39,4,47,23,34,59,10,126,49,0,49,175
11/05/2008,FAR,ND,AGL,CE,Combined TRACON& Tower with Radar,17,48,40,10,115,0,8,9,0,17,17,56,49,10,132,72,0,72,204
11/06/2008,FAR,ND,AGL,CE,Combined TRACON& Tower with Radar,17,39,19,6,81,0,0,0,1,1,17,39,19,7,82,4,0,4,86
11/07/2008,FAR,ND,AGL,CE,Combined TRACON& Tower with Radar,17,34,11,5,67,0,0,0,1,1,17,34,11,6,68,0,0,0,68
11/08/2008,FAR,ND,AGL,CE,Combined TRACON& Tower with Radar,14,20,17,0,51,0,1,2,0,3,14,21,19,0,54,8,0,8,62
11/09/2008,FAR,ND,AGL,CE,Combined TRACON& Tower with Radar,9,25,14,1,49,0,0,7,0,7,9,25,21,1,56,75,0,75,131
11/10/2008,FAR,ND,AGL,CE,Combined TRACON& Tower with Radar,19,43,32,6,100,0,6,14,0,20,19,49,46,6,120,91,0,91,211
11/11/2008,FAR,ND,AGL,CE,Combined TRACON& Tower with Radar,17,32,30,2,81,0,11,13,0,24,17,43,43,2,105,48,0,48,153
11/12/2008,FAR,ND,AGL,CE,Combined TRACON& Tower with Radar,12,39,30,31,112,0,0,1,0,1,12,39,31,31,113,2,6,8,121
11/13/2008,FAR,ND,AGL,CE,Combined TRACON& Tower with Radar,18,35,12,8,73,0,1,8,2,11,18,36,20,10,84,48,12,60,144
11/14/2008,FAR,ND,AGL,CE,Combined TRACON& Tower with Radar,20,35,10,6,71,0,1,1,0,2,20,36,11,6,73,0,0,0,73
11/15/2008,FAR,ND,AGL,CE,Combined TRACON& Tower with Radar,14,35,26,4,79,0,17,23,1,41,14,52,49,5,120,143,0,143,263
11/16/2008,FAR,ND,AGL,CE,Combined TRACON& Tower with Radar,13,29,6,0,48,0,5,10,3,18,13,34,16,3,66,0,64,64,130
11/17/2008,FAR,ND,AGL,CE,Combined TRACON& Tower with Radar,16,57,43,20,136,0,10,14,2,26,16,67,57,22,162,23,0,23,185
11/18/2008,FAR,ND,AGL,CE,Combined TRACON& Tower with Radar,20,45,34,5,104,0,12,23,2,37,20,57,57,7,141,18,0,18,159
11/19/2008,FAR,ND,AGL,CE,Combined TRACON& Tower with Radar,15,39,31,7,92,0,1,14,2,17,15,40,45,9,109,6,2,8,117
11/20/2008,FAR,ND,AGL,CE,Combined TRACON& Tower with Radar,22,55,40,7,124,0,5,20,3,28,22,60,60,10,152,39,0,39,191
11/21/2008,FAR,ND,AGL,CE,Combined TRACON& Tower with Radar,19,64,22,14,119,0,27,39,0,66,19,91,61,14,185,147,12,159,344
11/22/2008,FAR,ND,AGL,CE,Combined TRACON& Tower with Radar,12,25,9,0,46,0,0,13,7,20,12,25,22,7,66,150,6,156,222
11/23/2008,FAR,ND,AGL,CE,Combined TRACON& Tower with Radar,14,67,23,0,104,0,36,34,3,73,14,103,57,3,177,142,0,142,319
11/24/2008,FAR,ND,AGL,CE,Combined TRACON& Tower with Radar,17,34,42,4,97,0,8,29,8,45,17,42,71,12,142,33,0,33,175
11/25/2008,FAR,ND,AGL,CE,Combined TRACON& Tower with Radar,25,59,29,7,120,0,19,39,2,60,25,78,68,9,180,118,11,129,309
11/26/2008,FAR,ND,AGL,CE,Combined TRACON& Tower with Radar,20,72,25,15,132,0,21,55,0,76,20,93,80,15,208,128,8,136,344
11/27/2008,FAR,ND,AGL,CE,Combined TRACON& Tower with Radar,13,10,4,0,27,0,0,11,0,11,13,10,15,0,38,17,0,17,55
11/28/2008,FAR,ND,AGL,CE,Combined TRACON& Tower with Radar,19,33,17,0,69,0,13,48,0,61,19,46,65,0,130,96,0,96,226
11/29/2008,FAR,ND,AGL,CE,Combined TRACON& Tower with Radar,13,29,13,0,55,0,3,0,0,3,13,32,13,0,58,1,0,1,59
11/30/2008,FAR,ND,AGL,CE,Combined TRACON& Tower with Radar,16,25,34,0,75,0,2,1,0,3,16,27,35,0,78,15,0,15,93
12/01/2008,FAR,ND,AGL,CE,Combined TRACON& Tower with Radar,22,53,40,10,125,0,10,26,2,38,22,63,66,12,163,93,0,93,256
12/02/2008,FAR,ND,AGL,CE,Combined TRACON& Tower with Radar,16,46,43,13,118,0,11,31,3,45,16,57,74,16,163,10,20,30,193
12/03/2008,FAR,ND,AGL,CE,Combined TRACON& Tower with Radar,13,45,43,16,117,0,17,22,1,40,13,62,65,17,157,33,22,55,212
12/04/2008,FAR,ND,AGL,CE,Combined TRACON& Tower with Radar,24,40,48,15,127,0,11,34,2,47,24,51,82,17,174,80,18,98,272
12/05/2008,FAR,ND,AGL,CE,Combined TRACON& Tower with Radar,15,37,33,20,105,0,6,7,0,13,15,43,40,20,118,74,14,88,206
12/06/2008,FAR,ND,AGL,CE,Combined TRACON& Tower with Radar,13,46,17,8,84,0,15,25,1,41,13,61,42,9,125,43,10,53,178
12/07/2008,FAR,ND,AGL,CE,Combined TRACON& Tower with Radar,13,30,8,2,53,0,0,0,0,0,13,30,8,2,53,0,0,0,53
12/08/2008,FAR,ND,AGL,CE,Combined TRACON& Tower with Radar,22,38,22,4,86,0,0,1,1,2,22,38,23,5,88,0,0,0,88
12/09/2008,FAR,ND,AGL,CE,Combined TRACON& Tower with Radar,21,48,52,6,127,0,14,31,0,45,21,62,83,6,172,68,2,70,242
12/10/2008,FAR,ND,AGL,CE,Combined TRACON& Tower with Radar,14,40,22,12,88,0,8,15,1,24,14,48,37,13,112,24,8,32,144
12/11/2008,FAR,ND,AGL,CE,Combined TRACON& Tower with Radar,17,42,15,7,81,0,9,13,1,23,17,51,28,8,104,37,8,45,149
12/12/2008,FAR,ND,AGL,CE,Combined TRACON& Tower with Radar,23,49,34,4,110,0,3,12,2,17,23,52,46,6,127,81,7,88,215
12/13/2008,FAR,ND,AGL,CE,Combined TRACON& Tower with Radar,12,17,3,0,32,0,0,5,0,5,12,17,8,0,37,2,0,2,39
12/14/2008,FAR,ND,AGL,CE,Combined TRACON& Tower with Radar,0,0,0,0,0,0,0,0,0,0,0,0,0,0,0,0,0,0,0
12/15/2008,FAR,ND,AGL,CE,Combined TRACON& Tower with Radar,19,67,14,0,100,0,18,7,0,25,19,85,21,0,125,21,0,21,146
12/16/2008,FAR,ND,AGL,CE,Combined TRACON& Tower with Radar,18,53,30,7,108,0,4,7,0,11,18,57,37,7,119,34,0,34,153
12/17/2008,FAR,ND,AGL,CE,Combined TRACON& Tower with Radar,13,78,31,18,140,1,42,32,0,75,14,120,63,18,215,105,3,108,323
12/18/2008,FAR,ND,AGL,CE,Combined TRACON& Tower with Radar,19,80,26,15,140,0,30,45,3,78,19,110,71,18,218,80,36,116,334
12/19/2008,FAR,ND,AGL,CE,Combined TRACON& Tower with Radar,25,45,33,0,103,0,4,20,0,24,25,49,53,0,127,97,0,97,224
12/20/2008,FAR,ND,AGL,CE,Combined TRACON& Tower with Radar,11,20,5,0,36,0,0,0,0,0,11,20,5,0,36,0,0,0,36
12/21/2008,FAR,ND,AGL,CE,Combined TRACON& Tower with Radar,14,2,0,7,23,0,2,1,0,3,14,4,1,7,26,1,0,1,27
12/22/2008,FAR,ND,AGL,CE,Combined TRACON& Tower with Radar,19,50,33,4,106,0,10,12,0,22,19,60,45,4,128,9,8,17,145
12/23/2008,FAR,ND,AGL,CE,Combined TRACON& Tower with Radar,18,37,27,4,86,0,0,3,0,3,18,37,30,4,89,16,20,36,125
12/24/2008,FAR,ND,AGL,CE,Combined TRACON& Tower with Radar,14,37,9,8,68,0,2,13,0,15,14,39,22,8,83,27,6,33,116
12/25/2008,FAR,ND,AGL,CE,Combined TRACON& Tower with Radar,14,19,1,0,34,0,1,6,0,7,14,20,7,0,41,0,0,0,41
12/26/2008,FAR,ND,AGL,CE,Combined TRACON& Tower with Radar,20,38,7,0,65,0,0,3,0,3,20,38,10,0,68,0,0,0,68
12/27/2008,FAR,ND,AGL,CE,Combined TRACON& Tower with Radar,12,30,11,0,53,0,1,6,0,7,12,31,17,0,60,38,0,38,98
12/28/2008,FAR,ND,AGL,CE,Combined TRACON& Tower with Radar,11,26,13,0,50,0,4,24,2,30,11,30,37,2,80,30,0,30,110
12/29/2008,FAR,ND,AGL,CE,Combined TRACON& Tower with Radar,19,53,14,6,92,0,10,13,1,24,19,63,27,7,116,39,4,43,159
12/30/2008,FAR,ND,AGL,CE,Combined TRACON& Tower with Radar,16,35,10,2,63,0,3,0,0,3,16,38,10,2,66,4,0,4,70
12/31/2008,FAR,ND,AGL,CE,Combined TRACON& Tower with Radar,18,53,31,0,102,0,8,22,0,30,18,61,53,0,132,42,0,42,174
01/01/2009,FAR,ND,AGL,CE,Combined TRACON& Tower with Radar,12,21,6,0,39,0,5,1,0,6,12,26,7,0,45,2,0,2,47
01/02/2009,FAR,ND,AGL,CE,Combined TRACON& Tower with Radar,16,41,9,0,66,1,10,12,0,23,17,51,21,0,89,54,0,54,143
01/03/2009,FAR,ND,AGL,CE,Combined TRACON& Tower with Radar,7,29,2,0,38,0,0,0,0,0,7,29,2,0,38,0,0,0,38
01/04/2009,FAR,ND,AGL,CE,Combined TRACON& Tower with Radar,12,41,18,0,71,0,8,13,0,21,12,49,31,0,92,74,0,74,166
01/05/2009,FAR,ND,AGL,CE,Combined TRACON& Tower with Radar,19,80,24,5,128,0,31,22,0,53,19,111,46,5,181,41,0,41,222
01/06/2009,FAR,ND,AGL,CE,Combined TRACON& Tower with Radar,15,61,23,8,107,0,20,21,0,41,15,81,44,8,148,51,2,53,201
01/07/2009,FAR,ND,AGL,CE,Combined TRACON& Tower with Radar,10,39,31,4,84,0,3,4,0,7,10,42,35,4,91,56,0,56,147
01/08/2009,FAR,ND,AGL,CE,Combined TRACON& Tower with Radar,16,78,24,10,128,0,33,33,13,79,16,111,57,23,207,98,40,138,345
01/09/2009,FAR,ND,AGL,CE,Combined TRACON& Tower with Radar,22,48,22,15,107,0,20,9,0,29,22,68,31,15,136,69,2,71,207
01/10/2009,FAR,ND,AGL,CE,Combined TRACON& Tower with Radar,8,36,9,0,53,0,22,27,0,49,8,58,36,0,102,54,0,54,156
01/11/2009,FAR,ND,AGL,CE,Combined TRACON& Tower with Radar,13,28,6,4,51,0,17,20,0,37,13,45,26,4,88,102,1,103,191
01/12/2009,FAR,ND,AGL,CE,Combined TRACON& Tower with Radar,16,42,10,0,68,0,7,2,0,9,16,49,12,0,77,1,0,1,78
01/13/2009,FAR,ND,AGL,CE,Combined TRACON& Tower with Radar,13,42,32,14,101,0,1,15,2,18,13,43,47,16,119,8,0,8,127
01/14/2009,FAR,ND,AGL,CE,Combined TRACON& Tower with Radar,16,43,26,17,102,0,7,14,1,22,16,50,40,18,124,56,0,56,180
01/15/2009,FAR,ND,AGL,CE,Combined TRACON& Tower with Radar,13,55,22,17,107,1,17,14,0,32,14,72,36,17,139,33,4,37,176
01/16/2009,FAR,ND,AGL,CE,Combined TRACON& Tower with Radar,20,36,23,15,94,0,2,9,0,11,20,38,32,15,105,2,8,10,115
01/17/2009,FAR,ND,AGL,CE,Combined TRACON& Tower with Radar,11,26,7,7,51,0,0,2,0,2,11,26,9,7,53,20,4,24,77
01/18/2009,FAR,ND,AGL,CE,Combined TRACON& Tower with Radar,11,27,22,2,62,1,1,11,0,13,12,28,33,2,75,58,0,58,133
01/19/2009,FAR,ND,AGL,CE,Combined TRACON& Tower with Radar,16,32,26,0,74,0,2,0,0,2,16,34,26,0,76,0,0,0,76
01/20/2009,FAR,ND,AGL,CE,Combined TRACON& Tower with Radar,16,46,45,11,118,0,3,9,17,29,16,49,54,28,147,36,26,62,209
01/21/2009,FAR,ND,AGL,CE,Combined TRACON& Tower with Radar,10,77,35,16,138,1,35,46,34,116,11,112,81,50,254,134,59,193,447
01/22/2009,FAR,ND,AGL,CE,Combined TRACON& Tower with Radar,19,38,20,14,91,0,3,8,4,15,19,41,28,18,106,37,0,37,143
01/23/2009,FAR,ND,AGL,CE,Combined TRACON& Tower with Radar,16,50,26,31,123,0,17,20,4,41,16,67,46,35,164,55,30,85,249
01/24/2009,FAR,ND,AGL,CE,Combined TRACON& Tower with Radar,15,36,12,0,63,0,25,13,0,38,15,61,25,0,101,84,0,84,185
01/25/2009,FAR,ND,AGL,CE,Combined TRACON& Tower with Radar,9,30,7,0,46,0,12,14,0,26,9,42,21,0,72,29,0,29,101
01/26/2009,FAR,ND,AGL,CE,Combined TRACON& Tower with Radar,18,53,21,2,94,0,20,11,1,32,18,73,32,3,126,48,0,48,174
01/27/2009,FAR,ND,AGL,CE,Combined TRACON& Tower with Radar,13,51,33,3,100,0,26,34,60,120,13,77,67,63,220,101,69,170,390
01/28/2009,FAR,ND,AGL,CE,Combined TRACON& Tower with Radar,10,33,39,17,99,0,0,2,2,4,10,33,41,19,103,25,6,31,134
01/29/2009,FAR,ND,AGL,CE,Combined TRACON& Tower with Radar,13,47,35,26,121,0,11,30,30,71,13,58,65,56,192,44,72,116,308
01/30/2009,FAR,ND,AGL,CE,Combined TRACON& Tower with Radar,18,45,27,16,106,0,5,9,2,16,18,50,36,18,122,82,4,86,208
01/31/2009,FAR,ND,AGL,CE,Combined TRACON& Tower with Radar,14,19,7,0,40,0,5,18,2,25,14,24,25,2,65,32,0,32,97
02/01/2009,FAR,ND,AGL,CE,Combined TRACON& Tower with Radar,13,25,19,0,57,0,7,34,0,41,13,32,53,0,98,59,0,59,157
02/02/2009,FAR,ND,AGL,CE,Combined TRACON& Tower with Radar,16,51,17,6,90,0,21,29,28,78,16,72,46,34,168,96,86,182,350
02/03/2009,FAR,ND,AGL,CE,Combined TRACON& Tower with Radar,14,57,30,4,105,0,36,28,70,134,14,93,58,74,239,66,20,86,325
02/04/2009,FAR,ND,AGL,CE,Combined TRACON& Tower with Radar,11,45,38,14,108,0,10,25,29,64,11,55,63,43,172,54,34,88,260
02/05/2009,FAR,ND,AGL,CE,Combined TRACON& Tower with Radar,16,65,22,6,109,0,29,41,84,154,16,94,63,90,263,38,2,40,303
02/06/2009,FAR,ND,AGL,CE,Combined TRACON& Tower with Radar,15,45,16,12,88,0,23,36,50,109,15,68,52,62,197,82,28,110,307
02/07/2009,FAR,ND,AGL,CE,Combined TRACON& Tower with Radar,11,20,7,5,43,0,13,4,0,17,11,33,11,5,60,75,0,75,135
02/08/2009,FAR,ND,AGL,CE,Combined TRACON& Tower with Radar,11,30,8,3,52,0,31,41,1,73,11,61,49,4,125,0,0,0,125
02/09/2009,FAR,ND,AGL,CE,Combined TRACON& Tower with Radar,16,35,15,1,67,0,0,0,0,0,16,35,15,1,67,8,0,8,75
02/10/2009,FAR,ND,AGL,CE,Combined TRACON& Tower with Radar,15,32,14,1,62,0,0,0,0,0,15,32,14,1,62,0,0,0,62
02/11/2009,FAR,ND,AGL,CE,Combined TRACON& Tower with Radar,12,33,14,4,63,0,0,0,2,2,12,33,14,6,65,0,0,0,65
02/12/2009,FAR,ND,AGL,CE,Combined TRACON& Tower with Radar,23,42,49,7,121,0,14,28,19,61,23,56,77,26,182,56,14,70,252
02/13/2009,FAR,ND,AGL,CE,Combined TRACON& Tower with Radar,16,48,30,5,99,0,37,22,50,109,16,85,52,55,208,169,11,180,388
02/14/2009,FAR,ND,AGL,CE,Combined TRACON& Tower with Radar,13,37,13,1,64,0,47,35,1,83,13,84,48,2,147,120,0,120,267
02/15/2009,FAR,ND,AGL,CE,Combined TRACON& Tower with Radar,1818,4,1,0,1823,0,25,19,0,44,1818,29,20,0,1867,111,0,111,1978
02/16/2009,FAR,ND,AGL,CE,Combined TRACON& Tower with Radar,11,31,22,2,66,0,12,13,0,25,11,43,35,2,91,103,0,103,194
02/17/2009,FAR,ND,AGL,CE,Combined TRACON& Tower with Radar,17,35,26,10,88,0,1,0,2,3,17,36,26,12,91,0,16,16,107
02/18/2009,FAR,ND,AGL,CE,Combined TRACON& Tower with Radar,14,37,35,20,106,0,37,20,33,90,14,74,55,53,196,60,27,87,283
02/19/2009,FAR,ND,AGL,CE,Combined TRACON& Tower with Radar,18,58,27,4,107,0,46,25,4,75,18,104,52,8,182,108,0,108,290
02/20/2009,FAR,ND,AGL,CE,Combined TRACON& Tower with Radar,17,35,7,6,65,0,0,4,0,4,17,35,11,6,69,3,1,4,73
02/21/2009,FAR,ND,AGL,CE,Combined TRACON& Tower with Radar,12,30,9,2,53,0,47,23,1,71,12,77,32,3,124,120,0,120,244
02/22/2009,FAR,ND,AGL,CE,Combined TRACON& Tower with Radar,17,22,15,0,54,0,44,29,1,74,17,66,44,1,128,42,0,42,170
02/23/2009,FAR,ND,AGL,CE,Combined TRACON& Tower with Radar,16,39,28,1,84,0,33,13,2,48,16,72,41,3,132,65,0,65,197
02/24/2009,FAR,ND,AGL,CE,Combined TRACON& Tower with Radar,13,38,22,14,87,0,3,10,5,18,13,41,32,19,105,39,6,45,150
02/25/2009,FAR,ND,AGL,CE,Combined TRACON& Tower with Radar,12,41,30,6,89,0,5,19,27,51,12,46,49,33,140,59,1,60,200
02/26/2009,FAR,ND,AGL,CE,Combined TRACON& Tower with Radar,14,43,16,5,78,0,0,0,0,0,14,43,16,5,78,0,0,0,78
02/27/2009,FAR,ND,AGL,CE,Combined TRACON& Tower with Radar,18,47,25,4,94,0,42,16,1,59,18,89,41,5,153,115,0,115,268
02/28/2009,FAR,ND,AGL,CE,Combined TRACON& Tower with Radar,16,29,12,0,57,0,47,24,6,77,16,76,36,6,134,113,0,113,247
03/01/2009,FAR,ND,AGL,CE,Combined TRACON& Tower with Radar,13,28,8,3,52,0,41,11,3,55,13,69,19,6,107,72,0,72,179
03/02/2009,FAR,ND,AGL,CE,Combined TRACON& Tower with Radar,14,51,30,14,109,0,23,20,3,46,14,74,50,17,155,21,8,29,184
03/03/2009,FAR,ND,AGL,CE,Combined TRACON& Tower with Radar,20,42,19,6,87,0,26,15,8,49,20,68,34,14,136,68,8,76,212
03/04/2009,FAR,ND,AGL,CE,Combined TRACON& Tower with Radar,18,53,27,3,101,1,1,27,6,35,19,54,54,9,136,62,4,66,202
03/05/2009,FAR,ND,AGL,CE,Combined TRACON& Tower with Radar,14,43,41,4,102,0,2,5,0,7,14,45,46,4,109,3,0,3,112
03/06/2009,FAR,ND,AGL,CE,Combined TRACON& Tower with Radar,18,37,19,5,79,0,21,30,3,54,18,58,49,8,133,79,0,79,212
03/07/2009,FAR,ND,AGL,CE,Combined TRACON& Tower with Radar,16,37,17,2,72,0,53,39,3,95,16,90,56,5,167,117,0,117,284
03/08/2009,FAR,ND,AGL,CE,Combined TRACON& Tower with Radar,15,17,15,1,48,0,1,21,1,23,15,18,36,2,71,16,0,16,87
03/09/2009,FAR,ND,AGL,CE,Combined TRACON& Tower with Radar,16,30,12,0,58,0,0,0,0,0,16,30,12,0,58,0,0,0,58
03/10/2009,FAR,ND,AGL,CE,Combined TRACON& Tower with Radar,4,5,5,0,14,0,0,0,0,0,4,5,5,0,14,1,0,1,15
03/11/2009,FAR,ND,AGL,CE,Combined TRACON& Tower with Radar,29,48,20,6,103,0,17,13,21,51,29,65,33,27,154,56,2,58,212
03/12/2009,FAR,ND,AGL,CE,Combined TRACON& Tower with Radar,18,35,26,9,88,0,58,30,22,110,18,93,56,31,198,130,12,142,340
03/13/2009,FAR,ND,AGL,CE,Combined TRACON& Tower with Radar,16,40,21,16,93,0,33,38,15,86,16,73,59,31,179,132,0,132,311
03/14/2009,FAR,ND,AGL,CE,Combined TRACON& Tower with Radar,18,25,27,4,74,0,36,52,0,88,18,61,79,4,162,105,0,105,267
03/15/2009,FAR,ND,AGL,CE,Combined TRACON& Tower with Radar,13,35,22,0,70,0,17,32,0,49,13,52,54,0,119,39,0,39,158
03/16/2009,FAR,ND,AGL,CE,Combined TRACON& Tower with Radar,20,46,36,10,112,0,24,39,28,91,20,70,75,38,203,126,6,132,335
03/17/2009,FAR,ND,AGL,CE,Combined TRACON& Tower with Radar,16,44,30,13,103,0,32,32,7,71,16,76,62,20,174,152,6,158,332
03/18/2009,FAR,ND,AGL,CE,Combined TRACON& Tower with Radar,25,33,38,4,100,0,21,56,18,95,25,54,94,22,195,108,0,108,303
03/19/2009,FAR,ND,AGL,CE,Combined TRACON& Tower with Radar,17,32,32,11,92,0,32,66,81,179,17,64,98,92,271,124,32,156,427
03/20/2009,FAR,ND,AGL,CE,Combined TRACON& Tower with Radar,18,38,16,11,83,0,17,19,4,40,18,55,35,15,123,10,0,10,133
03/21/2009,FAR,ND,AGL,CE,Combined TRACON& Tower with Radar,15,27,30,4,76,0,2,11,2,15,15,29,41,6,91,20,0,20,111
03/22/2009,FAR,ND,AGL,CE,Combined TRACON& Tower with Radar,13,28,11,2,54,0,1,14,0,15,13,29,25,2,69,1,0,1,70
03/23/2009,FAR,ND,AGL,CE,Combined TRACON& Tower with Radar,21,38,17,5,81,0,1,1,0,2,21,39,18,5,83,3,0,3,86
03/24/2009,FAR,ND,AGL,CE,Combined TRACON& Tower with Radar,19,32,15,7,73,0,4,18,10,32,19,36,33,17,105,0,0,0,105
03/25/2009,FAR,ND,AGL,CE,Combined TRACON& Tower with Radar,24,32,8,2,66,0,0,1,1,2,24,32,9,3,68,0,0,0,68
03/26/2009,FAR,ND,AGL,CE,Combined TRACON& Tower with Radar,20,54,25,16,115,0,8,8,13,29,20,62,33,29,144,1,0,1,145
03/27/2009,FAR,ND,AGL,CE,Combined TRACON& Tower with Radar,27,46,37,21,131,0,22,63,42,127,27,68,100,63,258,1,0,1,259
03/28/2009,FAR,ND,AGL,CE,Combined TRACON& Tower with Radar,16,24,18,1,59,0,12,150,49,211,16,36,168,50,270,141,20,161,431
03/29/2009,FAR,ND,AGL,CE,Combined TRACON& Tower with Radar,14,23,16,10,63,0,6,107,85,198,14,29,123,95,261,21,35,56,317
03/30/2009,FAR,ND,AGL,CE,Combined TRACON& Tower with Radar,14,33,18,5,70,0,1,18,13,32,14,34,36,18,102,1,4,5,107
03/31/2009,FAR,ND,AGL,CE,Combined TRACON& Tower with Radar,16,29,0,3,48,0,0,0,0,0,16,29,0,3,48,0,0,0,48
04/01/2009,FAR,ND,AGL,CE,Combined TRACON& Tower with Radar,20,32,19,4,75,0,3,11,10,24,20,35,30,14,99,14,24,38,137
04/02/2009,FAR,ND,AGL,CE,Combined TRACON& Tower with Radar,18,38,33,17,106,0,5,60,40,105,18,43,93,57,211,36,32,68,279
04/03/2009,FAR,ND,AGL,CE,Combined TRACON& Tower with Radar,19,30,36,14,99,0,3,59,37,99,19,33,95,51,198,68,15,83,281
04/04/2009,FAR,ND,AGL,CE,Combined TRACON& Tower with Radar,15,27,13,0,55,0,11,33,11,55,15,38,46,11,110,97,36,133,243
04/05/2009,FAR,ND,AGL,CE,Combined TRACON& Tower with Radar,16,34,15,0,65,0,9,28,10,47,16,43,43,10,112,62,20,82,194
04/06/2009,FAR,ND,AGL,CE,Combined TRACON& Tower with Radar,19,38,21,1,79,0,15,23,20,58,19,53,44,21,137,52,24,76,213
04/07/2009,FAR,ND,AGL,CE,Combined TRACON& Tower with Radar,15,44,25,6,90,0,20,62,14,96,15,64,87,20,186,110,4,114,300
04/08/2009,FAR,ND,AGL,CE,Combined TRACON& Tower with Radar,16,41,17,7,81,0,12,47,13,72,16,53,64,20,153,85,0,85,238
04/09/2009,FAR,ND,AGL,CE,Combined TRACON& Tower with Radar,17,49,17,9,92,0,25,57,8,90,17,74,74,17,182,106,0,106,288
04/10/2009,FAR,ND,AGL,CE,Combined TRACON& Tower with Radar,21,46,16,12,95,0,38,122,26,186,21,84,138,38,281,194,0,194,475
04/11/2009,FAR,ND,AGL,CE,Combined TRACON& Tower with Radar,15,22,5,1,43,0,23,75,1,99,15,45,80,2,142,71,0,71,213
04/12/2009,FAR,ND,AGL,CE,Combined TRACON& Tower with Radar,14,17,6,0,37,0,1,13,8,22,14,18,19,8,59,5,0,5,64
04/13/2009,FAR,ND,AGL,CE,Combined TRACON& Tower with Radar,18,45,20,7,90,0,12,26,35,73,18,57,46,42,163,123,6,129,292
04/14/2009,FAR,ND,AGL,CE,Combined TRACON& Tower with Radar,14,39,29,27,109,0,32,86,28,146,14,71,115,55,255,176,36,212,467
04/15/2009,FAR,ND,AGL,CE,Combined TRACON& Tower with Radar,19,50,24,17,110,0,12,56,53,121,19,62,80,70,231,65,21,86,317
04/16/2009,FAR,ND,AGL,CE,Combined TRACON& Tower with Radar,19,36,26,14,95,0,20,44,32,96,19,56,70,46,191,51,20,71,262
04/17/2009,FAR,ND,AGL,CE,Combined TRACON& Tower with Radar,23,48,48,28,147,0,4,64,34,102,23,52,112,62,249,98,64,162,411
04/18/2009,FAR,ND,AGL,CE,Combined TRACON& Tower with Radar,8,28,7,2,45,0,3,25,10,38,8,31,32,12,83,86,6,92,175
04/19/2009,FAR,ND,AGL,CE,Combined TRACON& Tower with Radar,13,29,16,5,63,0,4,73,17,94,13,33,89,22,157,101,2,103,260
04/20/2009,FAR,ND,AGL,CE,Combined TRACON& Tower with Radar,13,49,23,1,86,0,13,16,17,46,13,62,39,18,132,87,6,93,225
04/21/2009,FAR,ND,AGL,CE,Combined TRACON& Tower with Radar,16,53,26,10,105,0,38,52,34,124,16,91,78,44,229,116,7,123,352
04/22/2009,FAR,ND,AGL,CE,Combined TRACON& Tower with Radar,17,60,30,8,115,1,32,78,24,135,18,92,108,32,250,92,28,120,370
04/23/2009,FAR,ND,AGL,CE,Combined TRACON& Tower with Radar,18,48,17,12,95,1,19,35,40,95,19,67,52,52,190,74,30,104,294
04/24/2009,FAR,ND,AGL,CE,Combined TRACON& Tower with Radar,19,40,30,9,98,0,9,13,10,32,19,49,43,19,130,26,4,30,160
04/25/2009,FAR,ND,AGL,CE,Combined TRACON& Tower with Radar,13,48,35,0,96,0,59,57,9,125,13,107,92,9,221,157,2,159,380
04/26/2009,FAR,ND,AGL,CE,Combined TRACON& Tower with Radar,12,23,11,2,48,0,2,0,2,4,12,25,11,4,52,0,1,1,53
04/27/2009,FAR,ND,AGL,CE,Combined TRACON& Tower with Radar,15,39,15,4,73,0,24,23,9,56,15,63,38,13,129,111,2,113,242
04/28/2009,FAR,ND,AGL,CE,Combined TRACON& Tower with Radar,21,47,21,13,102,0,26,46,10,82,21,73,67,23,184,151,37,188,372
04/29/2009,FAR,ND,AGL,CE,Combined TRACON& Tower with Radar,19,43,32,4,98,0,2,7,3,12,19,45,39,7,110,11,0,11,121
04/30/2009,FAR,ND,AGL,CE,Combined TRACON& Tower with Radar,14,40,34,2,90,0,3,13,5,21,14,43,47,7,111,18,10,28,139
05/01/2009,FAR,ND,AGL,CE,Combined TRACON& Tower with Radar,18,53,25,4,100,0,35,27,2,64,18,88,52,6,164,140,8,148,312
05/02/2009,FAR,ND,AGL,CE,Combined TRACON& Tower with Radar,13,36,15,5,69,0,36,36,7,79,13,72,51,12,148,103,6,109,257
05/03/2009,FAR,ND,AGL,CE,Combined TRACON& Tower with Radar,14,24,20,2,60,0,30,63,1,94,14,54,83,3,154,78,0,78,232
05/04/2009,FAR,ND,AGL,CE,Combined TRACON& Tower with Radar,20,53,30,2,105,0,10,23,4,37,20,63,53,6,142,99,2,101,243
05/05/2009,FAR,ND,AGL,CE,Combined TRACON& Tower with Radar,15,58,42,6,121,0,14,34,6,54,15,72,76,12,175,80,22,102,277
05/06/2009,FAR,ND,AGL,CE,Combined TRACON& Tower with Radar,13,55,24,13,105,0,49,40,14,103,13,104,64,27,208,109,6,115,323
05/07/2009,FAR,ND,AGL,CE,Combined TRACON& Tower with Radar,16,45,42,6,109,0,41,52,3,96,16,86,94,9,205,87,8,95,300
05/08/2009,FAR,ND,AGL,CE,Combined TRACON& Tower with Radar,18,34,33,3,88,0,9,5,3,17,18,43,38,6,105,2,0,2,107
05/09/2009,FAR,ND,AGL,CE,Combined TRACON& Tower with Radar,12,20,13,0,45,0,6,29,1,36,12,26,42,1,81,30,0,30,111
05/10/2009,FAR,ND,AGL,CE,Combined TRACON& Tower with Radar,16,36,22,0,74,0,35,50,0,85,16,71,72,0,159,53,0,53,212
05/11/2009,FAR,ND,AGL,CE,Combined TRACON& Tower with Radar,13,37,29,1,80,0,12,25,4,41,13,49,54,5,121,82,6,88,209
05/12/2009,FAR,ND,AGL,CE,Combined TRACON& Tower with Radar,11,42,28,5,86,0,4,13,1,18,11,46,41,6,104,22,30,52,156
05/13/2009,FAR,ND,AGL,CE,Combined TRACON& Tower with Radar,12,56,37,1,106,0,3,71,4,78,12,59,108,5,184,11,0,11,195
05/14/2009,FAR,ND,AGL,CE,Combined TRACON& Tower with Radar,14,52,36,23,125,0,16,39,10,65,14,68,75,33,190,192,41,233,423
05/15/2009,FAR,ND,AGL,CE,Combined TRACON& Tower with Radar,16,46,33,9,104,0,9,34,1,44,16,55,67,10,148,31,0,31,179
05/16/2009,FAR,ND,AGL,CE,Combined TRACON& Tower with Radar,11,37,15,2,65,0,35,23,0,58,11,72,38,2,123,84,0,84,207
05/17/2009,FAR,ND,AGL,CE,Combined TRACON& Tower with Radar,16,22,16,0,54,0,11,19,1,31,16,33,35,1,85,19,0,19,104
05/18/2009,FAR,ND,AGL,CE,Combined TRACON& Tower with Radar,21,40,26,2,89,0,28,35,2,65,21,68,61,4,154,178,0,178,332
05/19/2009,FAR,ND,AGL,CE,Combined TRACON& Tower with Radar,16,50,36,8,110,0,15,41,11,67,16,65,77,19,177,87,12,99,276
05/20/2009,FAR,ND,AGL,CE,Combined TRACON& Tower with Radar,13,52,26,13,104,0,28,24,4,56,13,80,50,17,160,80,10,90,250
05/21/2009,FAR,ND,AGL,CE,Combined TRACON& Tower with Radar,16,45,36,2,99,0,27,78,1,106,16,72,114,3,205,208,2,210,415
05/22/2009,FAR,ND,AGL,CE,Combined TRACON& Tower with Radar,21,43,33,4,101,0,6,25,9,40,21,49,58,13,141,101,6,107,248
05/23/2009,FAR,ND,AGL,CE,Combined TRACON& Tower with Radar,14,22,12,0,48,0,35,29,0,64,14,57,41,0,112,117,0,117,229
05/24/2009,FAR,ND,AGL,CE,Combined TRACON& Tower with Radar,13,26,7,1,47,0,14,29,0,43,13,40,36,1,90,90,0,90,180
05/25/2009,FAR,ND,AGL,CE,Combined TRACON& Tower with Radar,18,22,12,4,56,0,8,0,0,8,18,30,12,4,64,1,0,1,65
05/26/2009,FAR,ND,AGL,CE,Combined TRACON& Tower with Radar,20,42,44,12,118,0,5,10,0,15,20,47,54,12,133,104,0,104,237
05/27/2009,FAR,ND,AGL,CE,Combined TRACON& Tower with Radar,13,53,73,16,155,0,18,51,2,71,13,71,124,18,226,100,12,112,338
05/28/2009,FAR,ND,AGL,CE,Combined TRACON& Tower with Radar,17,46,52,6,121,0,26,61,6,93,17,72,113,12,214,98,10,108,322
05/29/2009,FAR,ND,AGL,CE,Combined TRACON& Tower with Radar,15,46,15,11,87,0,13,42,4,59,15,59,57,15,146,81,8,89,235
05/30/2009,FAR,ND,AGL,CE,Combined TRACON& Tower with Radar,14,31,5,4,54,0,14,46,1,61,14,45,51,5,115,29,0,29,144
05/31/2009,FAR,ND,AGL,CE,Combined TRACON& Tower with Radar,14,31,13,0,58,0,3,15,2,20,14,34,28,2,78,4,0,4,82
06/01/2009,FAR,ND,AGL,CE,Combined TRACON& Tower with Radar,19,45,35,1,100,0,14,31,0,45,19,59,66,1,145,162,0,162,307
06/02/2009,FAR,ND,AGL,CE,Combined TRACON& Tower with Radar,14,51,30,2,97,0,14,29,2,45,14,65,59,4,142,83,0,83,225
06/03/2009,FAR,ND,AGL,CE,Combined TRACON& Tower with Radar,17,36,24,7,84,0,19,51,1,71,17,55,75,8,155,200,1,201,356
06/04/2009,FAR,ND,AGL,CE,Combined TRACON& Tower with Radar,16,41,33,8,98,0,11,45,8,64,16,52,78,16,162,87,8,95,257
06/05/2009,FAR,ND,AGL,CE,Combined TRACON& Tower with Radar,15,48,43,5,111,0,13,28,0,41,15,61,71,5,152,63,0,63,215
06/06/2009,FAR,ND,AGL,CE,Combined TRACON& Tower with Radar,14,34,9,8,65,0,12,14,13,39,14,46,23,21,104,65,9,74,178
06/07/2009,FAR,ND,AGL,CE,Combined TRACON& Tower with Radar,13,45,26,1,85,0,6,11,1,18,13,51,37,2,103,59,0,59,162
06/08/2009,FAR,ND,AGL,CE,Combined TRACON& Tower with Radar,20,46,31,5,102,0,3,12,1,16,20,49,43,6,118,86,0,86,204
06/09/2009,FAR,ND,AGL,CE,Combined TRACON& Tower with Radar,19,59,25,5,108,0,8,39,3,50,19,67,64,8,158,144,8,152,310
06/10/2009,FAR,ND,AGL,CE,Combined TRACON& Tower with Radar,13,43,42,4,102,0,18,54,5,77,13,61,96,9,179,174,0,174,353
06/11/2009,FAR,ND,AGL,CE,Combined TRACON& Tower with Radar,20,43,34,8,105,0,18,51,6,75,20,61,85,14,180,86,8,94,274
06/12/2009,FAR,ND,AGL,CE,Combined TRACON& Tower with Radar,18,40,25,4,87,0,21,38,4,63,18,61,63,8,150,140,2,142,292
06/13/2009,FAR,ND,AGL,CE,Combined TRACON& Tower with Radar,15,40,10,0,65,0,15,40,1,56,15,55,50,1,121,67,0,67,188
06/14/2009,FAR,ND,AGL,CE,Combined TRACON& Tower with Radar,15,34,27,1,77,0,22,43,0,65,15,56,70,1,142,53,0,53,195
06/15/2009,FAR,ND,AGL,CE,Combined TRACON& Tower with Radar,20,41,26,4,91,0,15,35,5,55,20,56,61,9,146,59,0,59,205
06/16/2009,FAR,ND,AGL,CE,Combined TRACON& Tower with Radar,17,48,23,6,94,0,0,11,0,11,17,48,34,6,105,27,20,47,152
06/17/2009,FAR,ND,AGL,CE,Combined TRACON& Tower with Radar,18,47,30,10,105,0,0,13,0,13,18,47,43,10,118,34,4,38,156
06/18/2009,FAR,ND,AGL,CE,Combined TRACON& Tower with Radar,18,41,39,5,103,1,0,18,0,19,19,41,57,5,122,46,0,46,168
06/19/2009,FAR,ND,AGL,CE,Combined TRACON& Tower with Radar,22,46,29,3,100,0,22,24,6,52,22,68,53,9,152,154,2,156,308
06/20/2009,FAR,ND,AGL,CE,Combined TRACON& Tower with Radar,17,39,22,0,78,0,21,57,1,79,17,60,79,1,157,124,0,124,281
06/21/2009,FAR,ND,AGL,CE,Combined TRACON& Tower with Radar,13,27,11,0,51,0,8,17,0,25,13,35,28,0,76,17,0,17,93
06/22/2009,FAR,ND,AGL,CE,Combined TRACON& Tower with Radar,15,62,27,8,112,0,15,26,0,41,15,77,53,8,153,154,1,155,308
06/23/2009,FAR,ND,AGL,CE,Combined TRACON& Tower with Radar,20,46,19,2,87,0,18,36,1,55,20,64,55,3,142,150,0,150,292
06/24/2009,FAR,ND,AGL,CE,Combined TRACON& Tower with Radar,19,41,23,3,86,0,26,29,4,59,19,67,52,7,145,146,1,147,292
06/25/2009,FAR,ND,AGL,CE,Combined TRACON& Tower with Radar,14,52,37,2,105,0,40,68,1,109,14,92,105,3,214,118,0,118,332
06/26/2009,FAR,ND,AGL,CE,Combined TRACON& Tower with Radar,19,49,35,4,107,0,7,40,1,48,19,56,75,5,155,53,0,53,208
06/27/2009,FAR,ND,AGL,CE,Combined TRACON& Tower with Radar,25,22,12,1,60,1,3,3,0,7,26,25,15,1,67,34,0,34,101
06/28/2009,FAR,ND,AGL,CE,Combined TRACON& Tower with Radar,19,37,19,0,75,0,18,21,1,40,19,55,40,1,115,38,0,38,153
06/29/2009,FAR,ND,AGL,CE,Combined TRACON& Tower with Radar,21,56,36,8,121,0,1,23,3,27,21,57,59,11,148,109,18,127,275
06/30/2009,FAR,ND,AGL,CE,Combined TRACON& Tower with Radar,24,53,35,9,121,0,20,55,4,79,24,73,90,13,200,152,20,172,372
07/01/2009,FAR,ND,AGL,CE,Combined TRACON& Tower with Radar,18,55,44,20,137,0,16,65,5,86,18,71,109,25,223,120,26,146,369
07/02/2009,FAR,ND,AGL,CE,Combined TRACON& Tower with Radar,23,50,58,0,131,0,15,70,0,85,23,65,128,0,216,134,0,134,350
07/03/2009,FAR,ND,AGL,CE,Combined TRACON& Tower with Radar,19,32,26,0,77,0,1,35,2,38,19,33,61,2,115,30,0,30,145
07/04/2009,FAR,ND,AGL,CE,Combined TRACON& Tower with Radar,18,20,4,0,42,0,11,18,0,29,18,31,22,0,71,40,0,40,111
07/05/2009,FAR,ND,AGL,CE,Combined TRACON& Tower with Radar,15,26,14,0,55,0,7,27,0,34,15,33,41,0,89,19,0,19,108
07/06/2009,FAR,ND,AGL,CE,Combined TRACON& Tower with Radar,18,54,53,8,133,0,12,48,2,62,18,66,101,10,195,162,10,172,367
07/07/2009,FAR,ND,AGL,CE,Combined TRACON& Tower with Radar,18,56,29,6,109,0,8,37,3,48,18,64,66,9,157,199,1,200,357
07/08/2009,FAR,ND,AGL,CE,Combined TRACON& Tower with Radar,19,49,23,3,94,0,24,44,1,69,19,73,67,4,163,88,0,88,251
07/09/2009,FAR,ND,AGL,CE,Combined TRACON& Tower with Radar,24,59,40,9,132,0,18,39,1,58,24,77,79,10,190,138,12,150,340
07/10/2009,FAR,ND,AGL,CE,Combined TRACON& Tower with Radar,22,56,34,20,132,1,22,68,6,97,23,78,102,26,229,163,26,189,418
07/11/2009,FAR,ND,AGL,CE,Combined TRACON& Tower with Radar,23,41,15,9,88,0,10,51,6,67,23,51,66,15,155,94,0,94,249
07/12/2009,FAR,ND,AGL,CE,Combined TRACON& Tower with Radar,15,32,18,4,69,0,12,50,1,63,15,44,68,5,132,46,0,46,178
07/13/2009,FAR,ND,AGL,CE,Combined TRACON& Tower with Radar,23,48,42,4,117,0,10,30,2,42,23,58,72,6,159,161,0,161,320
07/14/2009,FAR,ND,AGL,CE,Combined TRACON& Tower with Radar,19,41,22,4,86,0,2,19,1,22,19,43,41,5,108,82,0,82,190
07/15/2009,FAR,ND,AGL,CE,Combined TRACON& Tower with Radar,31,55,53,7,146,0,8,33,2,43,31,63,86,9,189,50,1,51,240
07/16/2009,FAR,ND,AGL,CE,Combined TRACON& Tower with Radar,24,56,51,11,142,2,29,45,4,80,26,85,96,15,222,43,23,66,288
07/17/2009,FAR,ND,AGL,CE,Combined TRACON& Tower with Radar,28,56,34,12,130,0,36,39,8,83,28,92,73,20,213,109,12,121,334
07/18/2009,FAR,ND,AGL,CE,Combined TRACON& Tower with Radar,21,38,16,0,75,2,33,45,2,82,23,71,61,2,157,192,2,194,351
07/19/2009,FAR,ND,AGL,CE,Combined TRACON& Tower with Radar,21,29,10,0,60,0,30,34,0,64,21,59,44,0,124,133,0,133,257
07/20/2009,FAR,ND,AGL,CE,Combined TRACON& Tower with Radar,25,42,21,10,98,0,11,21,26,58,25,53,42,36,156,51,25,76,232
07/21/2009,FAR,ND,AGL,CE,Combined TRACON& Tower with Radar,23,62,17,17,119,0,14,53,8,75,23,76,70,25,194,204,18,222,416
07/22/2009,FAR,ND,AGL,CE,Combined TRACON& Tower with Radar,27,48,27,38,140,0,7,66,4,77,27,55,93,42,217,145,40,185,402
07/23/2009,FAR,ND,AGL,CE,Combined TRACON& Tower with Radar,25,46,30,50,151,0,21,68,7,96,25,67,98,57,247,106,55,161,408
07/24/2009,FAR,ND,AGL,CE,Combined TRACON& Tower with Radar,27,57,29,15,128,0,35,54,13,102,27,92,83,28,230,109,19,128,358
07/25/2009,FAR,ND,AGL,CE,Combined TRACON& Tower with Radar,34,40,24,0,98,0,18,37,2,57,34,58,61,2,155,85,0,85,240
07/26/2009,FAR,ND,AGL,CE,Combined TRACON& Tower with Radar,26,25,15,0,66,0,16,42,0,58,26,41,57,0,124,155,0,155,279
07/27/2009,FAR,ND,AGL,CE,Combined TRACON& Tower with Radar,26,47,28,0,101,0,10,32,0,42,26,57,60,0,143,120,1,121,264
07/28/2009,FAR,ND,AGL,CE,Combined TRACON& Tower with Radar,24,56,34,7,121,0,12,39,15,66,24,68,73,22,187,91,16,107,294
07/29/2009,FAR,ND,AGL,CE,Combined TRACON& Tower with Radar,25,44,21,18,108,1,11,27,10,49,26,55,48,28,157,37,32,69,226
07/30/2009,FAR,ND,AGL,CE,Combined TRACON& Tower with Radar,47,39,48,25,159,0,8,24,5,37,47,47,72,30,196,56,47,103,299
07/31/2009,FAR,ND,AGL,CE,Combined TRACON& Tower with Radar,25,39,27,34,125,0,3,14,6,23,25,42,41,40,148,29,86,115,263
08/01/2009,FAR,ND,AGL,CE,Combined TRACON& Tower with Radar,24,28,14,20,86,0,33,22,2,57,24,61,36,22,143,53,26,79,222
08/02/2009,FAR,ND,AGL,CE,Combined TRACON& Tower with Radar,20,24,14,6,64,0,10,18,1,29,20,34,32,7,93,62,0,62,155
08/03/2009,FAR,ND,AGL,CE,Combined TRACON& Tower with Radar,25,63,30,8,126,0,21,38,3,62,25,84,68,11,188,238,3,241,429
08/04/2009,FAR,ND,AGL,CE,Combined TRACON& Tower with Radar,17,47,43,6,113,0,20,44,3,67,17,67,87,9,180,124,0,124,304
08/05/2009,FAR,ND,AGL,CE,Combined TRACON& Tower with Radar,32,31,46,5,114,0,8,45,2,55,32,39,91,7,169,15,0,15,184
08/06/2009,FAR,ND,AGL,CE,Combined TRACON& Tower with Radar,23,53,47,5,128,0,21,71,4,96,23,74,118,9,224,182,0,182,406
08/07/2009,FAR,ND,AGL,CE,Combined TRACON& Tower with Radar,36,40,20,16,112,0,5,9,0,14,36,45,29,16,126,66,8,74,200
08/08/2009,FAR,ND,AGL,CE,Combined TRACON& Tower with Radar,28,29,15,1,73,0,2,0,0,2,28,31,15,1,75,11,0,11,86
08/09/2009,FAR,ND,AGL,CE,Combined TRACON& Tower with Radar,15,28,16,0,59,0,18,29,0,47,15,46,45,0,106,74,0,74,180
08/10/2009,FAR,ND,AGL,CE,Combined TRACON& Tower with Radar,24,50,53,0,127,0,15,82,0,97,24,65,135,0,224,121,0,121,345
08/11/2009,FAR,ND,AGL,CE,Combined TRACON& Tower with Radar,28,41,36,11,116,0,29,57,7,93,28,70,93,18,209,101,11,112,321
08/12/2009,FAR,ND,AGL,CE,Combined TRACON& Tower with Radar,30,60,56,8,154,0,18,65,14,97,30,78,121,22,251,97,8,105,356
08/13/2009,FAR,ND,AGL,CE,Combined TRACON& Tower with Radar,30,38,39,6,113,0,19,42,0,61,30,57,81,6,174,91,0,91,265
08/14/2009,FAR,ND,AGL,CE,Combined TRACON& Tower with Radar,23,33,29,5,90,0,6,30,2,38,23,39,59,7,128,16,2,18,146
08/15/2009,FAR,ND,AGL,CE,Combined TRACON& Tower with Radar,30,20,19,0,69,0,0,5,0,5,30,20,24,0,74,21,0,21,95
08/16/2009,FAR,ND,AGL,CE,Combined TRACON& Tower with Radar,22,29,20,0,71,0,9,17,0,26,22,38,37,0,97,42,1,43,140
08/17/2009,FAR,ND,AGL,CE,Combined TRACON& Tower with Radar,22,53,27,8,110,0,3,11,3,17,22,56,38,11,127,66,0,66,193
08/18/2009,FAR,ND,AGL,CE,Combined TRACON& Tower with Radar,25,57,39,10,131,0,18,59,4,81,25,75,98,14,212,145,3,148,360
08/19/2009,FAR,ND,AGL,CE,Combined TRACON& Tower with Radar,23,37,24,29,113,0,3,26,6,35,23,40,50,35,148,70,26,96,244
08/20/2009,FAR,ND,AGL,CE,Combined TRACON& Tower with Radar,27,31,38,11,107,0,0,13,3,16,27,31,51,14,123,0,6,6,129
08/21/2009,FAR,ND,AGL,CE,Combined TRACON& Tower with Radar,29,29,37,19,114,0,4,30,3,37,29,33,67,22,151,12,5,17,168
08/22/2009,FAR,ND,AGL,CE,Combined TRACON& Tower with Radar,21,21,17,11,70,0,3,114,1,118,21,24,131,12,188,101,4,105,293
08/23/2009,FAR,ND,AGL,CE,Combined TRACON& Tower with Radar,21,18,25,10,74,0,12,124,8,144,21,30,149,18,218,65,0,65,283
08/24/2009,FAR,ND,AGL,CE,Combined TRACON& Tower with Radar,18,46,41,12,117,0,6,35,1,42,18,52,76,13,159,31,0,31,190
08/25/2009,FAR,ND,AGL,CE,Combined TRACON& Tower with Radar,21,44,43,12,120,0,14,56,3,73,21,58,99,15,193,126,11,137,330
08/26/2009,FAR,ND,AGL,CE,Combined TRACON& Tower with Radar,25,39,47,5,116,0,10,39,2,51,25,49,86,7,167,116,5,121,288
08/27/2009,FAR,ND,AGL,CE,Combined TRACON& Tower with Radar,29,38,37,15,119,0,3,49,6,58,29,41,86,21,177,123,32,155,332
08/28/2009,FAR,ND,AGL,CE,Combined TRACON& Tower with Radar,21,43,26,14,104,0,10,20,2,32,21,53,46,16,136,46,4,50,186
08/29/2009,FAR,ND,AGL,CE,Combined TRACON& Tower with Radar,23,24,14,0,61,0,23,37,2,62,23,47,51,2,123,142,0,142,265
08/30/2009,FAR,ND,AGL,CE,Combined TRACON& Tower with Radar,17,28,14,0,59,0,15,59,3,77,17,43,73,3,136,95,0,95,231
08/31/2009,FAR,ND,AGL,CE,Combined TRACON& Tower with Radar,22,45,33,6,106,0,14,49,1,64,22,59,82,7,170,122,0,122,292
09/01/2009,FAR,ND,AGL,CE,Combined TRACON& Tower with Radar,26,36,18,3,83,0,21,31,3,55,26,57,49,6,138,61,0,61,199
09/02/2009,FAR,ND,AGL,CE,Combined TRACON& Tower with Radar,27,38,34,20,119,0,22,57,4,83,27,60,91,24,202,100,29,129,331
09/03/2009,FAR,ND,AGL,CE,Combined TRACON& Tower with Radar,29,36,52,5,122,0,37,60,2,99,29,73,112,7,221,134,0,134,355
09/04/2009,FAR,ND,AGL,CE,Combined TRACON& Tower with Radar,24,36,35,6,101,0,21,41,4,66,24,57,76,10,167,72,0,72,239
09/05/2009,FAR,ND,AGL,CE,Combined TRACON& Tower with Radar,16,15,9,1,41,0,16,33,1,50,16,31,42,2,91,57,0,57,148
09/06/2009,FAR,ND,AGL,CE,Combined TRACON& Tower with Radar,15,17,9,0,41,0,19,18,3,40,15,36,27,3,81,11,0,11,92
09/07/2009,FAR,ND,AGL,CE,Combined TRACON& Tower with Radar,23,17,11,0,51,0,13,29,0,42,23,30,40,0,93,30,1,31,124
09/08/2009,FAR,ND,AGL,CE,Combined TRACON& Tower with Radar,19,34,26,3,82,0,2,4,4,10,19,36,30,7,92,0,0,0,92
09/09/2009,FAR,ND,AGL,CE,Combined TRACON& Tower with Radar,22,33,47,8,110,1,18,35,4,58,23,51,82,12,168,116,12,128,296
09/10/2009,FAR,ND,AGL,CE,Combined TRACON& Tower with Radar,37,45,29,23,134,0,15,47,9,71,37,60,76,32,205,59,20,79,284
09/11/2009,FAR,ND,AGL,CE,Combined TRACON& Tower with Radar,21,50,16,14,101,0,12,10,0,22,21,62,26,14,123,29,8,37,160
09/12/2009,FAR,ND,AGL,CE,Combined TRACON& Tower with Radar,22,25,27,10,84,0,16,25,1,42,22,41,52,11,126,52,14,66,192
09/13/2009,FAR,ND,AGL,CE,Combined TRACON& Tower with Radar,26,15,23,24,88,0,12,47,1,60,26,27,70,25,148,88,32,120,268
09/14/2009,FAR,ND,AGL,CE,Combined TRACON& Tower with Radar,25,31,32,25,113,0,19,23,4,46,25,50,55,29,159,50,4,54,213
09/15/2009,FAR,ND,AGL,CE,Combined TRACON& Tower with Radar,25,40,44,22,131,0,30,57,25,112,25,70,101,47,243,111,16,127,370
09/16/2009,FAR,ND,AGL,CE,Combined TRACON& Tower with Radar,23,44,50,10,127,0,22,73,0,95,23,66,123,10,222,86,2,88,310
09/17/2009,FAR,ND,AGL,CE,Combined TRACON& Tower with Radar,31,29,37,10,107,0,29,70,5,104,31,58,107,15,211,145,14,159,370
09/18/2009,FAR,ND,AGL,CE,Combined TRACON& Tower with Radar,27,28,22,5,82,0,16,57,1,74,27,44,79,6,156,144,1,145,301
09/19/2009,FAR,ND,AGL,CE,Combined TRACON& Tower with Radar,20,14,18,1,53,0,24,46,1,71,20,38,64,2,124,65,0,65,189
09/20/2009,FAR,ND,AGL,CE,Combined TRACON& Tower with Radar,23,15,18,0,56,0,13,22,1,36,23,28,40,1,92,92,0,92,184
09/21/2009,FAR,ND,AGL,CE,Combined TRACON& Tower with Radar,24,44,47,1,116,0,0,9,2,11,24,44,56,3,127,35,1,36,163
09/22/2009,FAR,ND,AGL,CE,Combined TRACON& Tower with Radar,24,43,44,5,116,1,4,5,24,34,25,47,49,29,150,78,15,93,243
09/23/2009,FAR,ND,AGL,CE,Combined TRACON& Tower with Radar,20,42,52,12,126,0,27,48,36,111,20,69,100,48,237,100,30,130,367
09/24/2009,FAR,ND,AGL,CE,Combined TRACON& Tower with Radar,27,36,47,10,120,0,30,58,18,106,27,66,105,28,226,119,44,163,389
09/25/2009,FAR,ND,AGL,CE,Combined TRACON& Tower with Radar,26,39,28,6,99,0,11,50,3,64,26,50,78,9,163,100,0,100,263
09/26/2009,FAR,ND,AGL,CE,Combined TRACON& Tower with Radar,21,21,21,1,64,0,17,35,1,53,21,38,56,2,117,82,0,82,199
09/27/2009,FAR,ND,AGL,CE,Combined TRACON& Tower with Radar,31,11,17,0,59,0,7,8,0,15,31,18,25,0,74,32,0,32,106
09/28/2009,FAR,ND,AGL,CE,Combined TRACON& Tower with Radar,28,33,31,6,98,1,18,17,1,37,29,51,48,7,135,116,0,116,251
09/29/2009,FAR,ND,AGL,CE,Combined TRACON& Tower with Radar,26,40,46,2,114,0,18,52,9,79,26,58,98,11,193,128,12,140,333
09/30/2009,FAR,ND,AGL,CE,Combined TRACON& Tower with Radar,20,23,26,3,72,0,1,12,4,17,20,24,38,7,89,31,1,32,121
10/01/2009,FAR,ND,AGL,CE,Combined TRACON& Tower with Radar,31,27,24,18,100,0,0,1,3,4,31,27,25,21,104,2,4,6,110
10/02/2009,FAR,ND,AGL,CE,Combined TRACON& Tower with Radar,29,41,30,7,107,0,7,10,1,18,29,48,40,8,125,82,0,82,207
10/03/2009,FAR,ND,AGL,CE,Combined TRACON& Tower with Radar,16,26,19,19,80,0,2,13,6,21,16,28,32,25,101,50,22,72,173
10/04/2009,FAR,ND,AGL,CE,Combined TRACON& Tower with Radar,25,22,21,1,69,0,3,17,1,21,25,25,38,2,90,83,0,83,173
10/05/2009,FAR,ND,AGL,CE,Combined TRACON& Tower with Radar,24,36,38,1,99,0,1,3,0,4,24,37,41,1,103,39,0,39,142
10/06/2009,FAR,ND,AGL,CE,Combined TRACON& Tower with Radar,26,30,36,7,99,0,3,8,2,13,26,33,44,9,112,18,2,20,132
10/07/2009,FAR,ND,AGL,CE,Combined TRACON& Tower with Radar,34,32,41,19,126,0,9,11,1,21,34,41,52,20,147,152,21,173,320
10/08/2009,FAR,ND,AGL,CE,Combined TRACON& Tower with Radar,29,46,63,24,162,0,30,46,1,77,29,76,109,25,239,185,34,219,458
10/09/2009,FAR,ND,AGL,CE,Combined TRACON& Tower with Radar,27,27,18,16,88,0,5,22,2,29,27,32,40,18,117,85,13,98,215
10/10/2009,FAR,ND,AGL,CE,Combined TRACON& Tower with Radar,21,17,11,0,49,0,5,14,0,19,21,22,25,0,68,68,0,68,136
10/11/2009,FAR,ND,AGL,CE,Combined TRACON& Tower with Radar,26,7,10,0,43,0,6,23,0,29,26,13,33,0,72,139,0,139,211
10/12/2009,FAR,ND,AGL,CE,Combined TRACON& Tower with Radar,25,28,18,0,71,0,10,3,3,16,25,38,21,3,87,54,6,60,147
10/13/2009,FAR,ND,AGL,CE,Combined TRACON& Tower with Radar,27,49,32,7,115,1,27,47,1,76,28,76,79,8,191,163,0,163,354
10/14/2009,FAR,ND,AGL,CE,Combined TRACON& Tower with Radar,26,34,15,9,84,0,7,7,0,14,26,41,22,9,98,59,1,60,158
10/15/2009,FAR,ND,AGL,CE,Combined TRACON& Tower with Radar,29,34,21,4,88,0,0,1,0,1,29,34,22,4,89,2,0,2,91
10/16/2009,FAR,ND,AGL,CE,Combined TRACON& Tower with Radar,23,27,15,16,81,0,2,1,1,4,23,29,16,17,85,22,14,36,121
10/17/2009,FAR,ND,AGL,CE,Combined TRACON& Tower with Radar,23,31,20,0,74,0,20,35,0,55,23,51,55,0,129,176,0,176,305
10/18/2009,FAR,ND,AGL,CE,Combined TRACON& Tower with Radar,24,31,14,0,69,0,23,49,0,72,24,54,63,0,141,117,0,117,258
10/19/2009,FAR,ND,AGL,CE,Combined TRACON& Tower with Radar,27,25,27,0,79,0,8,15,0,23,27,33,42,0,102,89,0,89,191
10/20/2009,FAR,ND,AGL,CE,Combined TRACON& Tower with Radar,27,34,44,33,138,0,3,6,0,9,27,37,50,33,147,36,23,59,206
10/21/2009,FAR,ND,AGL,CE,Combined TRACON& Tower with Radar,15,23,29,7,74,0,3,2,1,6,15,26,31,8,80,20,2,22,102
10/22/2009,FAR,ND,AGL,CE,Combined TRACON& Tower with Radar,26,36,29,7,98,0,2,29,0,31,26,38,58,7,129,117,0,117,246
10/23/2009,FAR,ND,AGL,CE,Combined TRACON& Tower with Radar,27,44,20,19,110,0,26,46,21,93,27,70,66,40,203,266,32,298,501
10/24/2009,FAR,ND,AGL,CE,Combined TRACON& Tower with Radar,21,26,10,2,59,0,9,12,0,21,21,35,22,2,80,62,0,62,142
10/25/2009,FAR,ND,AGL,CE,Combined TRACON& Tower with Radar,29,18,18,0,65,0,2,2,0,4,29,20,20,0,69,8,0,8,77
10/26/2009,FAR,ND,AGL,CE,Combined TRACON& Tower with Radar,22,45,58,24,149,0,15,32,5,52,22,60,90,29,201,162,55,217,418
10/27/2009,FAR,ND,AGL,CE,Combined TRACON& Tower with Radar,29,35,36,6,106,0,34,13,3,50,29,69,49,9,156,98,2,100,256
10/28/2009,FAR,ND,AGL,CE,Combined TRACON& Tower with Radar,23,31,27,7,88,0,12,13,13,38,23,43,40,20,126,154,12,166,292
10/29/2009,FAR,ND,AGL,CE,Combined TRACON& Tower with Radar,29,28,28,2,87,0,0,1,0,1,29,28,29,2,88,0,0,0,88
10/30/2009,FAR,ND,AGL,CE,Combined TRACON& Tower with Radar,27,22,29,5,83,0,0,1,0,1,27,22,30,5,84,0,0,0,84
10/31/2009,FAR,ND,AGL,CE,Combined TRACON& Tower with Radar,21,39,24,2,86,0,14,67,2,83,21,53,91,4,169,107,0,107,276
11/01/2009,FAR,ND,AGL,CE,Combined TRACON& Tower with Radar,28,28,23,2,81,0,31,22,0,53,28,59,45,2,134,107,0,107,241
11/02/2009,FAR,ND,AGL,CE,Combined TRACON& Tower with Radar,28,40,47,1,116,0,20,31,0,51,28,60,78,1,167,94,0,94,261
11/03/2009,FAR,ND,AGL,CE,Combined TRACON& Tower with Radar,29,35,30,7,101,0,5,25,3,33,29,40,55,10,134,37,0,37,171
11/04/2009,FAR,ND,AGL,CE,Combined TRACON& Tower with Radar,31,32,45,13,121,0,20,64,21,105,31,52,109,34,226,95,25,120,346
11/05/2009,FAR,ND,AGL,CE,Combined TRACON& Tower with Radar,28,54,46,15,143,0,14,50,6,70,28,68,96,21,213,179,4,183,396
11/06/2009,FAR,ND,AGL,CE,Combined TRACON& Tower with Radar,27,36,31,3,97,0,19,48,23,90,27,55,79,26,187,245,14,259,446
11/07/2009,FAR,ND,AGL,CE,Combined TRACON& Tower with Radar,21,22,11,0,54,0,17,60,0,77,21,39,71,0,131,124,0,124,255
11/08/2009,FAR,ND,AGL,CE,Combined TRACON& Tower with Radar,34,14,13,0,61,0,28,26,0,54,34,42,39,0,115,49,0,49,164
11/09/2009,FAR,ND,AGL,CE,Combined TRACON& Tower with Radar,28,29,35,10,102,0,25,53,23,101,28,54,88,33,203,230,25,255,458
11/10/2009,FAR,ND,AGL,CE,Combined TRACON& Tower with Radar,25,47,29,13,114,0,21,42,8,71,25,68,71,21,185,111,23,134,319
11/11/2009,FAR,ND,AGL,CE,Combined TRACON& Tower with Radar,23,37,31,0,91,0,22,52,0,74,23,59,83,0,165,236,0,236,401
11/12/2009,FAR,ND,AGL,CE,Combined TRACON& Tower with Radar,28,49,39,12,128,0,0,10,4,14,28,49,49,16,142,52,1,53,195
11/13/2009,FAR,ND,AGL,CE,Combined TRACON& Tower with Radar,28,34,24,14,100,0,24,15,1,40,28,58,39,15,140,186,18,204,344
11/14/2009,FAR,ND,AGL,CE,Combined TRACON& Tower with Radar,23,21,24,12,80,0,28,42,24,94,23,49,66,36,174,186,32,218,392
11/15/2009,FAR,ND,AGL,CE,Combined TRACON& Tower with Radar,25,27,26,0,78,0,34,50,2,86,25,61,76,2,164,87,3,90,254
11/16/2009,FAR,ND,AGL,CE,Combined TRACON& Tower with Radar,25,40,33,0,98,0,11,30,2,43,25,51,63,2,141,199,0,199,340
11/17/2009,FAR,ND,AGL,CE,Combined TRACON& Tower with Radar,26,30,29,8,93,0,16,32,6,54,26,46,61,14,147,122,2,124,271
11/18/2009,FAR,ND,AGL,CE,Combined TRACON& Tower with Radar,23,54,45,4,126,0,18,37,4,59,23,72,82,8,185,211,1,212,397
11/19/2009,FAR,ND,AGL,CE,Combined TRACON& Tower with Radar,32,33,44,11,120,0,19,35,7,61,32,52,79,18,181,176,38,214,395
11/20/2009,FAR,ND,AGL,CE,Combined TRACON& Tower with Radar,29,41,40,6,116,0,13,76,7,96,29,54,116,13,212,124,6,130,342
11/21/2009,FAR,ND,AGL,CE,Combined TRACON& Tower with Radar,18,19,20,0,57,0,0,23,0,23,18,19,43,0,80,0,0,0,80
11/22/2009,FAR,ND,AGL,CE,Combined TRACON& Tower with Radar,24,23,20,2,69,0,8,44,0,52,24,31,64,2,121,35,0,35,156
11/23/2009,FAR,ND,AGL,CE,Combined TRACON& Tower with Radar,25,28,24,7,84,1,2,0,0,3,26,30,24,7,87,1,0,1,88
11/24/2009,FAR,ND,AGL,CE,Combined TRACON& Tower with Radar,25,51,32,33,141,0,11,37,25,73,25,62,69,58,214,332,130,462,676
11/25/2009,FAR,ND,AGL,CE,Combined TRACON& Tower with Radar,26,32,19,8,85,0,1,3,0,4,26,33,22,8,89,1,0,1,90
11/26/2009,FAR,ND,AGL,CE,Combined TRACON& Tower with Radar,22,4,7,0,33,0,4,9,0,13,22,8,16,0,46,30,2,32,78
11/27/2009,FAR,ND,AGL,CE,Combined TRACON& Tower with Radar,15,24,10,0,49,0,14,29,1,44,15,38,39,1,93,58,0,58,151
11/28/2009,FAR,ND,AGL,CE,Combined TRACON& Tower with Radar,29,19,2,0,50,1,10,13,0,24,30,29,15,0,74,24,0,24,98
11/29/2009,FAR,ND,AGL,CE,Combined TRACON& Tower with Radar,28,12,26,0,66,0,6,21,0,27,28,18,47,0,93,27,0,27,120
11/30/2009,FAR,ND,AGL,CE,Combined TRACON& Tower with Radar,25,38,37,11,111,0,24,21,8,53,25,62,58,19,164,80,19,99,263
12/01/2009,FAR,ND,AGL,CE,Combined TRACON& Tower with Radar,21,37,37,15,110,0,0,3,0,3,21,37,40,15,113,20,0,20,133
12/02/2009,FAR,ND,AGL,CE,Combined TRACON& Tower with Radar,24,28,23,7,82,0,0,1,0,1,24,28,24,7,83,0,0,0,83
12/03/2009,FAR,ND,AGL,CE,Combined TRACON& Tower with Radar,28,34,21,16,99,0,0,10,2,12,28,34,31,18,111,18,4,22,133
12/04/2009,FAR,ND,AGL,CE,Combined TRACON& Tower with Radar,24,23,27,8,82,0,0,9,1,10,24,23,36,9,92,55,0,55,147
12/05/2009,FAR,ND,AGL,CE,Combined TRACON& Tower with Radar,20,24,15,4,63,7,25,0,0,32,27,49,15,4,95,60,1,61,156
12/06/2009,FAR,ND,AGL,CE,Combined TRACON& Tower with Radar,30,8,13,5,56,0,1,2,0,3,30,9,15,5,59,2,0,2,61
12/07/2009,FAR,ND,AGL,CE,Combined TRACON& Tower with Radar,27,45,20,9,101,0,12,10,1,23,27,57,30,10,124,72,2,74,198
12/08/2009,FAR,ND,AGL,CE,Combined TRACON& Tower with Radar,24,62,20,15,121,0,33,10,12,55,24,95,30,27,176,106,34,140,316
12/09/2009,FAR,ND,AGL,CE,Combined TRACON& Tower with Radar,20,47,16,18,101,0,16,12,0,28,20,63,28,18,129,27,26,53,182
12/10/2009,FAR,ND,AGL,CE,Combined TRACON& Tower with Radar,28,46,31,26,131,0,10,22,7,39,28,56,53,33,170,46,41,87,257
12/11/2009,FAR,ND,AGL,CE,Combined TRACON& Tower with Radar,21,53,50,12,136,0,27,27,4,58,21,80,77,16,194,148,20,168,362
12/12/2009,FAR,ND,AGL,CE,Combined TRACON& Tower with Radar,19,13,16,0,48,0,12,25,3,40,19,25,41,3,88,52,0,52,140
12/13/2009,FAR,ND,AGL,CE,Combined TRACON& Tower with Radar,23,20,14,0,57,0,4,1,0,5,23,24,15,0,62,10,0,10,72
12/14/2009,FAR,ND,AGL,CE,Combined TRACON& Tower with Radar,25,35,20,3,83,0,6,7,2,15,25,41,27,5,98,22,0,22,120
12/15/2009,FAR,ND,AGL,CE,Combined TRACON& Tower with Radar,25,52,24,16,117,0,25,15,8,48,25,77,39,24,165,80,14,94,259
12/16/2009,FAR,ND,AGL,CE,Combined TRACON& Tower with Radar,31,52,37,26,146,2,26,60,8,96,33,78,97,34,242,135,34,169,411
12/17/2009,FAR,ND,AGL,CE,Combined TRACON& Tower with Radar,30,43,39,13,125,0,25,29,7,61,30,68,68,20,186,77,15,92,278
12/18/2009,FAR,ND,AGL,CE,Combined TRACON& Tower with Radar,20,28,23,1,72,0,0,3,0,3,20,28,26,1,75,2,2,4,79
12/19/2009,FAR,ND,AGL,CE,Combined TRACON& Tower with Radar,28,22,15,0,65,0,0,1,0,1,28,22,16,0,66,2,0,2,68
12/20/2009,FAR,ND,AGL,CE,Combined TRACON& Tower with Radar,28,11,1,0,40,0,0,1,0,1,28,11,2,0,41,0,0,0,41
12/21/2009,FAR,ND,AGL,CE,Combined TRACON& Tower with Radar,27,45,28,13,113,0,20,15,26,61,27,65,43,39,174,64,29,93,267
12/22/2009,FAR,ND,AGL,CE,Combined TRACON& Tower with Radar,32,33,29,14,108,0,5,23,5,33,32,38,52,19,141,81,42,123,264
12/23/2009,FAR,ND,AGL,CE,Combined TRACON& Tower with Radar,25,59,14,15,113,0,0,1,3,4,25,59,15,18,117,6,10,16,133
12/24/2009,FAR,ND,AGL,CE,Combined TRACON& Tower with Radar,24,24,6,0,54,0,0,0,0,0,24,24,6,0,54,0,0,0,54
12/25/2009,FAR,ND,AGL,CE,Combined TRACON& Tower with Radar,15,3,1,0,19,0,0,0,0,0,15,3,1,0,19,0,0,0,19
12/26/2009,FAR,ND,AGL,CE,Combined TRACON& Tower with Radar,33,3,11,0,47,0,0,0,0,0,33,3,11,0,47,0,0,0,47
12/27/2009,FAR,ND,AGL,CE,Combined TRACON& Tower with Radar,30,15,4,0,49,0,6,0,0,6,30,21,4,0,55,0,0,0,55
12/28/2009,FAR,ND,AGL,CE,Combined TRACON& Tower with Radar,25,26,9,4,64,0,1,8,2,11,25,27,17,6,75,0,0,0,75
12/29/2009,FAR,ND,AGL,CE,Combined TRACON& Tower with Radar,32,19,20,19,90,0,1,19,16,36,32,20,39,35,126,14,50,64,190
12/30/2009,FAR,ND,AGL,CE,Combined TRACON& Tower with Radar,30,18,19,28,95,0,3,16,3,22,30,21,35,31,117,36,42,78,195
12/31/2009,FAR,ND,AGL,CE,Combined TRACON& Tower with Radar,20,34,14,0,68,0,5,9,24,38,20,39,23,24,106,34,28,62,168
01/01/2010,FAR,ND,AGL,CE,Combined TRACON& Tower with Radar,25,13,3,0,41,0,5,7,2,14,25,18,10,2,55,5,0,5,60
01/02/2010,FAR,ND,AGL,CE,Combined TRACON& Tower with Radar,27,17,6,0,50,0,2,5,0,7,27,19,11,0,57,16,0,16,73
01/03/2010,FAR,ND,AGL,CE,Combined TRACON& Tower with Radar,28,13,17,0,58,0,1,8,0,9,28,14,25,0,67,11,0,11,78
01/04/2010,FAR,ND,AGL,CE,Combined TRACON& Tower with Radar,28,22,30,13,93,0,1,12,17,30,28,23,42,30,123,23,18,41,164
01/05/2010,FAR,ND,AGL,CE,Combined TRACON& Tower with Radar,25,28,35,8,96,0,1,16,0,17,25,29,51,8,113,41,14,55,168
01/06/2010,FAR,ND,AGL,CE,Combined TRACON& Tower with Radar,25,20,19,11,75,0,0,0,0,0,25,20,19,11,75,0,0,0,75
01/07/2010,FAR,ND,AGL,CE,Combined TRACON& Tower with Radar,24,34,19,7,84,0,3,10,0,13,24,37,29,7,97,12,0,12,109
01/08/2010,FAR,ND,AGL,CE,Combined TRACON& Tower with Radar,24,36,26,17,103,0,14,7,2,23,24,50,33,19,126,68,32,100,226
01/09/2010,FAR,ND,AGL,CE,Combined TRACON& Tower with Radar,23,34,2,10,69,0,9,9,5,23,23,43,11,15,92,27,16,43,135
01/10/2010,FAR,ND,AGL,CE,Combined TRACON& Tower with Radar,31,14,6,0,51,0,18,11,0,29,31,32,17,0,80,56,0,56,136
01/11/2010,FAR,ND,AGL,CE,Combined TRACON& Tower with Radar,26,21,30,2,79,0,0,2,0,2,26,21,32,2,81,1,0,1,82
01/12/2010,FAR,ND,AGL,CE,Combined TRACON& Tower with Radar,29,49,25,6,109,0,28,22,10,60,29,77,47,16,169,110,8,118,287
01/13/2010,FAR,ND,AGL,CE,Combined TRACON& Tower with Radar,25,49,32,17,123,0,7,31,28,66,25,56,63,45,189,124,42,166,355
01/14/2010,FAR,ND,AGL,CE,Combined TRACON& Tower with Radar,23,34,28,18,103,0,2,0,0,2,23,36,28,18,105,0,21,21,126
01/15/2010,FAR,ND,AGL,CE,Combined TRACON& Tower with Radar,27,40,26,3,96,0,32,20,17,69,27,72,46,20,165,132,10,142,307
01/16/2010,FAR,ND,AGL,CE,Combined TRACON& Tower with Radar,21,34,12,0,67,0,52,51,2,105,21,86,63,2,172,196,1,197,369
01/17/2010,FAR,ND,AGL,CE,Combined TRACON& Tower with Radar,32,6,10,0,48,1,5,23,1,30,33,11,33,1,78,46,0,46,124
01/18/2010,FAR,ND,AGL,CE,Combined TRACON& Tower with Radar,29,25,35,0,89,0,0,0,0,0,29,25,35,0,89,5,0,5,94
01/19/2010,FAR,ND,AGL,CE,Combined TRACON& Tower with Radar,27,26,16,6,75,0,0,9,0,9,27,26,25,6,84,16,24,40,124
01/20/2010,FAR,ND,AGL,CE,Combined TRACON& Tower with Radar,27,29,34,7,97,24,6,19,0,49,51,35,53,7,146,56,4,60,206
01/21/2010,FAR,ND,AGL,CE,Combined TRACON& Tower with Radar,29,36,19,8,92,0,0,0,0,0,29,36,19,8,92,0,0,0,92
01/22/2010,FAR,ND,AGL,CE,Combined TRACON& Tower with Radar,34,19,13,0,66,0,0,2,0,2,34,19,15,0,68,0,0,0,68
01/23/2010,FAR,ND,AGL,CE,Combined TRACON& Tower with Radar,21,11,4,0,36,0,0,0,0,0,21,11,4,0,36,0,0,0,36
01/24/2010,FAR,ND,AGL,CE,Combined TRACON& Tower with Radar,30,13,17,1,61,0,0,0,0,0,30,13,17,1,61,0,0,0,61
01/25/2010,FAR,ND,AGL,CE,Combined TRACON& Tower with Radar,14,12,4,0,30,0,0,0,0,0,14,12,4,0,30,0,0,0,30
01/26/2010,FAR,ND,AGL,CE,Combined TRACON& Tower with Radar,29,33,35,2,99,0,22,24,7,53,29,55,59,9,152,78,2,80,232
01/27/2010,FAR,ND,AGL,CE,Combined TRACON& Tower with Radar,25,31,43,7,106,0,22,18,9,49,25,53,61,16,155,110,0,110,265
01/28/2010,FAR,ND,AGL,CE,Combined TRACON& Tower with Radar,21,71,36,4,132,0,26,30,2,58,21,97,66,6,190,119,0,119,309
01/29/2010,FAR,ND,AGL,CE,Combined TRACON& Tower with Radar,26,39,26,6,97,1,41,25,2,69,27,80,51,8,166,114,4,118,284
01/30/2010,FAR,ND,AGL,CE,Combined TRACON& Tower with Radar,22,28,22,0,72,0,51,26,0,77,22,79,48,0,149,203,0,203,352
01/31/2010,FAR,ND,AGL,CE,Combined TRACON& Tower with Radar,26,24,11,0,61,0,42,13,2,57,26,66,24,2,118,126,1,127,245
02/01/2010,FAR,ND,AGL,CE,Combined TRACON& Tower with Radar,23,30,40,6,99,0,0,1,2,3,23,30,41,8,102,3,0,3,105
02/02/2010,FAR,ND,AGL,CE,Combined TRACON& Tower with Radar,30,34,32,7,103,0,2,4,1,7,30,36,36,8,110,11,0,11,121
02/03/2010,FAR,ND,AGL,CE,Combined TRACON& Tower with Radar,28,36,34,11,109,0,5,20,7,32,28,41,54,18,141,99,24,123,264
02/04/2010,FAR,ND,AGL,CE,Combined TRACON& Tower with Radar,27,34,17,6,84,0,0,0,0,0,27,34,17,6,84,0,0,0,84
02/05/2010,FAR,ND,AGL,CE,Combined TRACON& Tower with Radar,32,22,16,3,73,0,0,0,0,0,32,22,16,3,73,0,0,0,73
02/06/2010,FAR,ND,AGL,CE,Combined TRACON& Tower with Radar,25,19,4,9,57,0,0,0,2,2,25,19,4,11,59,1,2,3,62
02/07/2010,FAR,ND,AGL,CE,Combined TRACON& Tower with Radar,23,7,3,2,35,0,0,0,0,0,23,7,3,2,35,0,1,1,36
02/08/2010,FAR,ND,AGL,CE,Combined TRACON& Tower with Radar,33,24,22,1,80,0,0,0,0,0,33,24,22,1,80,0,0,0,80
02/09/2010,FAR,ND,AGL,CE,Combined TRACON& Tower with Radar,34,50,47,21,152,0,27,34,53,114,34,77,81,74,266,134,48,182,448
02/10/2010,FAR,ND,AGL,CE,Combined TRACON& Tower with Radar,28,44,27,10,109,4,22,19,7,52,32,66,46,17,161,108,15,123,284
02/11/2010,FAR,ND,AGL,CE,Combined TRACON& Tower with Radar,28,44,28,10,110,4,22,19,7,52,32,66,47,17,162,109,15,124,286
02/12/2010,FAR,ND,AGL,CE,Combined TRACON& Tower with Radar,25,30,42,10,107,0,2,1,0,3,25,32,43,10,110,25,0,25,135
02/13/2010,FAR,ND,AGL,CE,Combined TRACON& Tower with Radar,34,14,2,0,50,0,7,1,0,8,34,21,3,0,58,74,0,74,132
02/14/2010,FAR,ND,AGL,CE,Combined TRACON& Tower with Radar,31,11,17,0,59,0,5,8,0,13,31,16,25,0,72,27,36,63,135
02/15/2010,FAR,ND,AGL,CE,Combined TRACON& Tower with Radar,37,34,29,2,102,6,28,17,0,51,43,62,46,2,153,117,0,117,270
02/16/2010,FAR,ND,AGL,CE,Combined TRACON& Tower with Radar,32,49,52,5,138,0,40,56,2,98,32,89,108,7,236,179,4,183,419
02/17/2010,FAR,ND,AGL,CE,Combined TRACON& Tower with Radar,28,29,54,7,118,9,47,56,4,116,37,76,110,11,234,167,0,167,401
02/18/2010,FAR,ND,AGL,CE,Combined TRACON& Tower with Radar,26,23,23,11,83,0,0,2,0,2,26,23,25,11,85,4,0,4,89
02/19/2010,FAR,ND,AGL,CE,Combined TRACON& Tower with Radar,25,27,36,5,93,0,0,2,1,3,25,27,38,6,96,8,0,8,104
02/20/2010,FAR,ND,AGL,CE,Combined TRACON& Tower with Radar,31,10,19,2,62,0,4,4,0,8,31,14,23,2,70,13,0,13,83
02/21/2010,FAR,ND,AGL,CE,Combined TRACON& Tower with Radar,35,10,29,0,74,1,6,4,0,11,36,16,33,0,85,14,0,14,99
02/22/2010,FAR,ND,AGL,CE,Combined TRACON& Tower with Radar,25,27,41,0,93,0,0,2,1,3,25,27,43,1,96,2,0,2,98
02/23/2010,FAR,ND,AGL,CE,Combined TRACON& Tower with Radar,31,42,37,25,135,0,5,31,9,45,31,47,68,34,180,82,64,146,326
02/24/2010,FAR,ND,AGL,CE,Combined TRACON& Tower with Radar,34,39,42,7,122,0,38,49,2,89,34,77,91,9,211,160,0,160,371
02/25/2010,FAR,ND,AGL,CE,Combined TRACON& Tower with Radar,38,47,45,14,144,0,24,31,8,63,38,71,76,22,207,23,12,35,242
02/26/2010,FAR,ND,AGL,CE,Combined TRACON& Tower with Radar,30,28,27,11,96,0,17,19,2,38,30,45,46,13,134,145,10,155,289
02/27/2010,FAR,ND,AGL,CE,Combined TRACON& Tower with Radar,24,35,21,0,80,0,29,45,0,74,24,64,66,0,154,123,0,123,277
02/28/2010,FAR,ND,AGL,CE,Combined TRACON& Tower with Radar,33,24,7,0,64,0,31,25,6,62,33,55,32,6,126,74,0,74,200
03/01/2010,FAR,ND,AGL,CE,Combined TRACON& Tower with Radar,29,30,27,12,98,1,39,42,39,121,30,69,69,51,219,223,30,253,472
03/02/2010,FAR,ND,AGL,CE,Combined TRACON& Tower with Radar,25,34,38,11,108,0,0,0,0,0,25,34,38,11,108,0,0,0,108
03/03/2010,FAR,ND,AGL,CE,Combined TRACON& Tower with Radar,29,26,21,8,84,0,0,2,0,2,29,26,23,8,86,0,0,0,86
03/04/2010,FAR,ND,AGL,CE,Combined TRACON& Tower with Radar,28,52,34,15,129,0,11,39,0,50,28,63,73,15,179,75,24,99,278
03/05/2010,FAR,ND,AGL,CE,Combined TRACON& Tower with Radar,28,17,27,3,75,0,3,15,13,31,28,20,42,16,106,65,0,65,171
03/06/2010,FAR,ND,AGL,CE,Combined TRACON& Tower with Radar,24,17,8,17,66,0,0,0,0,0,24,17,8,17,66,42,22,64,130
03/07/2010,FAR,ND,AGL,CE,Combined TRACON& Tower with Radar,28,13,9,13,63,0,0,0,0,0,28,13,9,13,63,0,10,10,73
03/08/2010,FAR,ND,AGL,CE,Combined TRACON& Tower with Radar,20,32,36,0,88,0,0,1,0,1,20,32,37,0,89,0,0,0,89
03/09/2010,FAR,ND,AGL,CE,Combined TRACON& Tower with Radar,29,33,32,4,98,0,0,0,0,0,29,33,32,4,98,0,0,0,98
03/10/2010,FAR,ND,AGL,CE,Combined TRACON& Tower with Radar,26,26,53,8,113,0,0,0,0,0,26,26,53,8,113,14,0,14,127
03/11/2010,FAR,ND,AGL,CE,Combined TRACON& Tower with Radar,28,29,18,14,89,0,0,0,1,1,28,29,18,15,90,0,0,0,90
03/12/2010,FAR,ND,AGL,CE,Combined TRACON& Tower with Radar,37,16,31,5,89,0,0,0,0,0,37,16,31,5,89,0,0,0,89
03/13/2010,FAR,ND,AGL,CE,Combined TRACON& Tower with Radar,36,13,16,2,67,0,0,0,0,0,36,13,16,2,67,6,0,6,73
03/14/2010,FAR,ND,AGL,CE,Combined TRACON& Tower with Radar,32,11,20,2,65,0,0,0,0,0,32,11,20,2,65,8,0,8,73
03/15/2010,FAR,ND,AGL,CE,Combined TRACON& Tower with Radar,33,11,20,2,66,0,0,0,0,0,33,11,20,2,66,9,0,9,75
03/16/2010,FAR,ND,AGL,CE,Combined TRACON& Tower with Radar,25,66,38,11,140,0,21,43,4,68,25,87,81,15,208,148,20,168,376
03/17/2010,FAR,ND,AGL,CE,Combined TRACON& Tower with Radar,24,25,24,8,81,0,1,60,9,70,24,26,84,17,151,12,0,12,163
03/18/2010,FAR,ND,AGL,CE,Combined TRACON& Tower with Radar,33,17,36,8,94,0,5,38,13,56,33,22,74,21,150,11,2,13,163
03/19/2010,FAR,ND,AGL,CE,Combined TRACON& Tower with Radar,30,21,16,13,80,0,2,13,11,26,30,23,29,24,106,8,30,38,144
03/20/2010,FAR,ND,AGL,CE,Combined TRACON& Tower with Radar,28,15,25,7,75,0,13,46,21,80,28,28,71,28,155,18,21,39,194
03/21/2010,FAR,ND,AGL,CE,Combined TRACON& Tower with Radar,28,6,5,6,45,0,11,44,11,66,28,17,49,17,111,17,0,17,128
03/22/2010,FAR,ND,AGL,CE,Combined TRACON& Tower with Radar,29,25,16,26,96,0,8,47,25,80,29,33,63,51,176,23,12,35,211
03/23/2010,FAR,ND,AGL,CE,Combined TRACON& Tower with Radar,25,29,18,18,90,0,4,33,15,52,25,33,51,33,142,78,58,136,278
03/24/2010,FAR,ND,AGL,CE,Combined TRACON& Tower with Radar,26,34,29,30,119,0,4,57,19,80,26,38,86,49,199,127,58,185,384
03/25/2010,FAR,ND,AGL,CE,Combined TRACON& Tower with Radar,30,38,55,21,144,0,19,41,25,85,30,57,96,46,229,178,48,226,455
03/26/2010,FAR,ND,AGL,CE,Combined TRACON& Tower with Radar,29,51,32,18,130,0,16,14,17,47,29,67,46,35,177,41,18,59,236
03/27/2010,FAR,ND,AGL,CE,Combined TRACON& Tower with Radar,27,34,12,6,79,0,7,17,9,33,27,41,29,15,112,74,11,85,197
03/28/2010,FAR,ND,AGL,CE,Combined TRACON& Tower with Radar,34,21,25,5,85,0,38,63,2,103,34,59,88,7,188,220,0,220,408
03/29/2010,FAR,ND,AGL,CE,Combined TRACON& Tower with Radar,29,38,30,10,107,0,27,35,2,64,29,65,65,12,171,89,0,89,260
03/30/2010,FAR,ND,AGL,CE,Combined TRACON& Tower with Radar,28,50,34,14,126,0,26,37,5,68,28,76,71,19,194,138,23,161,355
03/31/2010,FAR,ND,AGL,CE,Combined TRACON& Tower with Radar,22,36,27,11,96,0,14,42,0,56,22,50,69,11,152,161,4,165,317
04/01/2010,FAR,ND,AGL,CE,Combined TRACON& Tower with Radar,31,33,63,14,141,0,2,27,8,37,31,35,90,22,178,95,38,133,311
04/02/2010,FAR,ND,AGL,CE,Combined TRACON& Tower with Radar,24,27,31,12,94,0,3,7,10,20,24,30,38,22,114,10,31,41,155
04/03/2010,FAR,ND,AGL,CE,Combined TRACON& Tower with Radar,25,25,11,0,61,1,7,37,4,49,26,32,48,4,110,133,0,133,243
04/04/2010,FAR,ND,AGL,CE,Combined TRACON& Tower with Radar,29,10,15,0,54,0,2,26,0,28,29,12,41,0,82,20,0,20,102
04/05/2010,FAR,ND,AGL,CE,Combined TRACON& Tower with Radar,30,38,31,0,99,0,13,33,2,48,30,51,64,2,147,200,1,201,348
04/06/2010,FAR,ND,AGL,CE,Combined TRACON& Tower with Radar,32,25,26,6,89,0,7,31,1,39,32,32,57,7,128,113,1,114,242
04/07/2010,FAR,ND,AGL,CE,Combined TRACON& Tower with Radar,32,32,27,18,109,0,14,33,5,52,32,46,60,23,161,130,43,173,334
04/08/2010,FAR,ND,AGL,CE,Combined TRACON& Tower with Radar,37,40,33,17,127,0,39,46,0,85,37,79,79,17,212,170,40,210,422
04/09/2010,FAR,ND,AGL,CE,Combined TRACON& Tower with Radar,37,39,30,11,117,0,13,40,23,76,37,52,70,34,193,150,20,170,363
04/10/2010,FAR,ND,AGL,CE,Combined TRACON& Tower with Radar,31,18,8,17,74,0,9,27,7,43,31,27,35,24,117,130,31,161,278
04/11/2010,FAR,ND,AGL,CE,Combined TRACON& Tower with Radar,34,11,17,14,76,0,12,49,4,65,34,23,66,18,141,139,10,149,290
04/12/2010,FAR,ND,AGL,CE,Combined TRACON& Tower with Radar,40,31,31,19,121,0,2,18,15,35,40,33,49,34,156,40,40,80,236
04/13/2010,FAR,ND,AGL,CE,Combined TRACON& Tower with Radar,28,28,33,12,101,0,1,4,10,15,28,29,37,22,116,8,12,20,136
04/14/2010,FAR,ND,AGL,CE,Combined TRACON& Tower with Radar,37,28,27,11,103,1,22,20,41,84,38,50,47,52,187,107,38,145,332
04/15/2010,FAR,ND,AGL,CE,Combined TRACON& Tower with Radar,34,36,39,9,118,0,4,25,18,47,34,40,64,27,165,72,24,96,261
04/16/2010,FAR,ND,AGL,CE,Combined TRACON& Tower with Radar,41,40,29,13,123,0,14,40,1,55,41,54,69,14,178,118,0,118,296
04/17/2010,FAR,ND,AGL,CE,Combined TRACON& Tower with Radar,25,22,8,1,56,0,16,61,1,78,25,38,69,2,134,252,0,252,386
04/18/2010,FAR,ND,AGL,CE,Combined TRACON& Tower with Radar,41,11,18,1,71,0,17,57,1,75,41,28,75,2,146,167,0,167,313
04/19/2010,FAR,ND,AGL,CE,Combined TRACON& Tower with Radar,32,25,35,2,94,0,27,55,5,87,32,52,90,7,181,159,0,159,340
04/20/2010,FAR,ND,AGL,CE,Combined TRACON& Tower with Radar,33,26,33,16,108,0,29,43,1,73,33,55,76,17,181,207,14,221,402
04/21/2010,FAR,ND,AGL,CE,Combined TRACON& Tower with Radar,32,41,39,12,124,0,22,41,3,66,32,63,80,15,190,88,12,100,290
04/22/2010,FAR,ND,AGL,CE,Combined TRACON& Tower with Radar,33,32,37,12,114,0,21,48,0,69,33,53,85,12,183,154,2,156,339
04/23/2010,FAR,ND,AGL,CE,Combined TRACON& Tower with Radar,43,31,39,9,122,0,20,43,1,64,43,51,82,10,186,157,0,157,343
04/24/2010,FAR,ND,AGL,CE,Combined TRACON& Tower with Radar,29,23,20,0,72,0,11,14,7,32,29,34,34,7,104,69,0,69,173
04/25/2010,FAR,ND,AGL,CE,Combined TRACON& Tower with Radar,35,9,17,0,61,0,6,28,1,35,35,15,45,1,96,77,0,77,173
04/26/2010,FAR,ND,AGL,CE,Combined TRACON& Tower with Radar,37,22,36,11,106,0,30,27,7,64,37,52,63,18,170,156,10,166,336
04/27/2010,FAR,ND,AGL,CE,Combined TRACON& Tower with Radar,39,15,29,7,90,0,30,51,0,81,39,45,80,7,171,182,2,184,355
04/28/2010,FAR,ND,AGL,CE,Combined TRACON& Tower with Radar,36,17,30,13,96,0,5,16,4,25,36,22,46,17,121,6,0,6,127
04/29/2010,FAR,ND,AGL,CE,Combined TRACON& Tower with Radar,32,28,32,6,98,0,0,2,0,2,32,28,34,6,100,12,0,12,112
04/30/2010,FAR,ND,AGL,CE,Combined TRACON& Tower with Radar,35,21,30,6,92,0,2,2,0,4,35,23,32,6,96,2,4,6,102
05/01/2010,FAR,ND,AGL,CE,Combined TRACON& Tower with Radar,24,18,16,6,64,0,2,5,7,14,24,20,21,13,78,12,6,18,96
05/02/2010,FAR,ND,AGL,CE,Combined TRACON& Tower with Radar,34,3,21,3,61,0,0,6,0,6,34,3,27,3,67,0,0,0,67
05/03/2010,FAR,ND,AGL,CE,Combined TRACON& Tower with Radar,37,16,34,1,88,0,14,19,1,34,37,30,53,2,122,61,0,61,183
05/04/2010,FAR,ND,AGL,CE,Combined TRACON& Tower with Radar,35,19,18,7,79,0,10,16,2,28,35,29,34,9,107,26,6,32,139
05/05/2010,FAR,ND,AGL,CE,Combined TRACON& Tower with Radar,39,22,40,7,108,0,0,3,4,7,39,22,43,11,115,7,0,7,122
05/06/2010,FAR,ND,AGL,CE,Combined TRACON& Tower with Radar,43,27,43,7,120,0,12,15,0,27,43,39,58,7,147,79,0,79,226
05/07/2010,FAR,ND,AGL,CE,Combined TRACON& Tower with Radar,30,30,25,8,93,0,0,0,0,0,30,30,25,8,93,0,0,0,93
05/08/2010,FAR,ND,AGL,CE,Combined TRACON& Tower with Radar,31,26,7,0,64,0,39,28,2,69,31,65,35,2,133,113,0,113,246
05/09/2010,FAR,ND,AGL,CE,Combined TRACON& Tower with Radar,32,10,7,0,49,0,28,39,0,67,32,38,46,0,116,94,0,94,210
05/10/2010,FAR,ND,AGL,CE,Combined TRACON& Tower with Radar,35,26,34,3,98,0,12,10,4,26,35,38,44,7,124,22,10,32,156
05/11/2010,FAR,ND,AGL,CE,Combined TRACON& Tower with Radar,35,18,27,5,85,0,2,3,0,5,35,20,30,5,90,89,2,91,181
05/12/2010,FAR,ND,AGL,CE,Combined TRACON& Tower with Radar,25,29,41,5,100,0,15,18,6,39,25,44,59,11,139,147,6,153,292
05/13/2010,FAR,ND,AGL,CE,Combined TRACON& Tower with Radar,36,22,22,9,89,0,0,2,0,2,36,22,24,9,91,4,0,4,95
05/14/2010,FAR,ND,AGL,CE,Combined TRACON& Tower with Radar,40,52,46,2,140,0,30,74,11,115,40,82,120,13,255,221,2,223,478
05/15/2010,FAR,ND,AGL,CE,Combined TRACON& Tower with Radar,34,15,7,0,56,0,6,74,1,81,34,21,81,1,137,136,2,138,275
05/16/2010,FAR,ND,AGL,CE,Combined TRACON& Tower with Radar,36,15,35,0,86,0,21,61,2,84,36,36,96,2,170,58,0,58,228
05/17/2010,FAR,ND,AGL,CE,Combined TRACON& Tower with Radar,31,27,52,0,110,0,17,43,2,62,31,44,95,2,172,114,1,115,287
05/18/2010,FAR,ND,AGL,CE,Combined TRACON& Tower with Radar,32,23,43,0,98,0,23,48,2,73,32,46,91,2,171,100,0,100,271
05/19/2010,FAR,ND,AGL,CE,Combined TRACON& Tower with Radar,43,38,45,0,126,0,15,78,2,95,43,53,123,2,221,90,0,90,311
05/20/2010,FAR,ND,AGL,CE,Combined TRACON& Tower with Radar,40,29,37,0,106,1,16,49,5,71,41,45,86,5,177,151,0,151,328
05/21/2010,FAR,ND,AGL,CE,Combined TRACON& Tower with Radar,34,24,42,17,117,0,19,56,3,78,34,43,98,20,195,87,20,107,302
05/22/2010,FAR,ND,AGL,CE,Combined TRACON& Tower with Radar,29,9,8,0,46,0,3,3,1,7,29,12,11,1,53,2,0,2,55
05/23/2010,FAR,ND,AGL,CE,Combined TRACON& Tower with Radar,35,10,18,4,67,0,13,27,0,40,35,23,45,4,107,101,0,101,208
05/24/2010,FAR,ND,AGL,CE,Combined TRACON& Tower with Radar,40,14,41,22,117,0,3,16,5,24,40,17,57,27,141,49,26,75,216
05/25/2010,FAR,ND,AGL,CE,Combined TRACON& Tower with Radar,32,20,35,13,100,1,8,38,2,49,33,28,73,15,149,51,8,59,208
05/26/2010,FAR,ND,AGL,CE,Combined TRACON& Tower with Radar,33,28,51,32,144,1,10,99,5,115,34,38,150,37,259,146,24,170,429
05/27/2010,FAR,ND,AGL,CE,Combined TRACON& Tower with Radar,37,27,48,21,133,0,13,37,3,53,37,40,85,24,186,124,21,145,331
05/28/2010,FAR,ND,AGL,CE,Combined TRACON& Tower with Radar,39,22,37,22,120,0,3,24,0,27,39,25,61,22,147,46,34,80,227
05/29/2010,FAR,ND,AGL,CE,Combined TRACON& Tower with Radar,32,14,14,1,61,0,4,17,3,24,32,18,31,4,85,28,0,28,113
05/30/2010,FAR,ND,AGL,CE,Combined TRACON& Tower with Radar,26,7,8,0,41,0,6,19,1,26,26,13,27,1,67,20,0,20,87
05/31/2010,FAR,ND,AGL,CE,Combined TRACON& Tower with Radar,38,8,19,0,65,0,20,33,5,58,38,28,52,5,123,52,0,52,175
06/01/2010,FAR,ND,AGL,CE,Combined TRACON& Tower with Radar,37,22,29,0,88,1,14,37,0,52,38,36,66,0,140,67,0,67,207
06/02/2010,FAR,ND,AGL,CE,Combined TRACON& Tower with Radar,33,36,39,6,114,0,26,54,1,81,33,62,93,7,195,154,3,157,352
06/03/2010,FAR,ND,AGL,CE,Combined TRACON& Tower with Radar,33,23,25,4,85,0,6,35,3,44,33,29,60,7,129,58,0,58,187
06/04/2010,FAR,ND,AGL,CE,Combined TRACON& Tower with Radar,36,29,25,9,99,0,11,37,4,52,36,40,62,13,151,67,4,71,222
06/05/2010,FAR,ND,AGL,CE,Combined TRACON& Tower with Radar,31,13,17,12,73,0,1,26,13,40,31,14,43,25,113,36,50,86,199
06/06/2010,FAR,ND,AGL,CE,Combined TRACON& Tower with Radar,35,7,12,8,62,0,10,24,2,36,35,17,36,10,98,10,2,12,110
06/07/2010,FAR,ND,AGL,CE,Combined TRACON& Tower with Radar,40,38,42,11,131,0,20,43,16,79,40,58,85,27,210,70,14,84,294
06/08/2010,FAR,ND,AGL,CE,Combined TRACON& Tower with Radar,41,21,50,12,124,0,3,3,0,6,41,24,53,12,130,21,0,21,151
06/09/2010,FAR,ND,AGL,CE,Combined TRACON& Tower with Radar,38,25,50,7,120,0,13,26,3,42,38,38,76,10,162,60,30,90,252
06/10/2010,FAR,ND,AGL,CE,Combined TRACON& Tower with Radar,39,32,54,14,139,0,2,19,0,21,39,34,73,14,160,19,4,23,183
06/11/2010,FAR,ND,AGL,CE,Combined TRACON& Tower with Radar,36,25,25,10,96,0,1,3,0,4,36,26,28,10,100,30,16,46,146
06/12/2010,FAR,ND,AGL,CE,Combined TRACON& Tower with Radar,36,25,61,0,122,0,0,5,0,5,36,25,66,0,127,24,0,24,151
06/13/2010,FAR,ND,AGL,CE,Combined TRACON& Tower with Radar,38,16,21,0,75,0,6,23,1,30,38,22,44,1,105,69,2,71,176
06/14/2010,FAR,ND,AGL,CE,Combined TRACON& Tower with Radar,38,28,36,14,116,0,21,49,2,72,38,49,85,16,188,102,36,138,326
06/15/2010,FAR,ND,AGL,CE,Combined TRACON& Tower with Radar,38,24,76,0,138,0,2,20,0,22,38,26,96,0,160,61,0,61,221
06/16/2010,FAR,ND,AGL,CE,Combined TRACON& Tower with Radar,32,39,41,2,114,0,18,75,0,93,32,57,116,2,207,114,1,115,322
06/17/2010,FAR,ND,AGL,CE,Combined TRACON& Tower with Radar,42,21,30,0,93,0,5,7,0,12,42,26,37,0,105,1,0,1,106
06/18/2010,FAR,ND,AGL,CE,Combined TRACON& Tower with Radar,30,28,26,8,92,0,0,11,0,11,30,28,37,8,103,15,0,15,118
06/19/2010,FAR,ND,AGL,CE,Combined TRACON& Tower with Radar,37,34,26,5,102,0,18,32,1,51,37,52,58,6,153,98,0,98,251
06/20/2010,FAR,ND,AGL,CE,Combined TRACON& Tower with Radar,40,2,24,1,67,0,19,24,1,44,40,21,48,2,111,70,0,70,181
06/21/2010,FAR,ND,AGL,CE,Combined TRACON& Tower with Radar,37,19,27,7,90,0,11,18,4,33,37,30,45,11,123,42,18,60,183
06/22/2010,FAR,ND,AGL,CE,Combined TRACON& Tower with Radar,38,34,46,5,123,0,12,54,30,96,38,46,100,35,219,164,26,190,409
06/23/2010,FAR,ND,AGL,CE,Combined TRACON& Tower with Radar,29,42,33,9,113,0,14,45,4,63,29,56,78,13,176,73,0,73,249
06/24/2010,FAR,ND,AGL,CE,Combined TRACON& Tower with Radar,39,28,54,5,126,0,16,36,1,53,39,44,90,6,179,118,0,118,297
06/25/2010,FAR,ND,AGL,CE,Combined TRACON& Tower with Radar,33,29,31,8,101,0,10,36,1,47,33,39,67,9,148,83,24,107,255
06/26/2010,FAR,ND,AGL,CE,Combined TRACON& Tower with Radar,31,15,19,0,65,0,1,18,0,19,31,16,37,0,84,28,2,30,114
06/27/2010,FAR,ND,AGL,CE,Combined TRACON& Tower with Radar,36,9,25,1,71,1,9,26,0,36,37,18,51,1,107,51,0,51,158
06/28/2010,FAR,ND,AGL,CE,Combined TRACON& Tower with Radar,37,29,43,1,110,0,21,47,0,68,37,50,90,1,178,38,0,38,216
06/29/2010,FAR,ND,AGL,CE,Combined TRACON& Tower with Radar,34,31,42,8,115,0,21,73,9,103,34,52,115,17,218,188,12,200,418
06/30/2010,FAR,ND,AGL,CE,Combined TRACON& Tower with Radar,29,48,46,8,131,0,2,31,5,38,29,50,77,13,169,26,2,28,197
07/01/2010,FAR,ND,AGL,CE,Combined TRACON& Tower with Radar,41,32,33,12,118,0,6,17,0,23,41,38,50,12,141,75,11,86,227
07/02/2010,FAR,ND,AGL,CE,Combined TRACON& Tower with Radar,38,17,27,7,89,0,8,23,2,33,38,25,50,9,122,36,2,38,160
07/03/2010,FAR,ND,AGL,CE,Combined TRACON& Tower with Radar,37,9,4,0,50,0,0,6,0,6,37,9,10,0,56,4,0,4,60
07/04/2010,FAR,ND,AGL,CE,Combined TRACON& Tower with Radar,25,1,2,0,28,0,3,18,0,21,25,4,20,0,49,0,0,0,49
07/05/2010,FAR,ND,AGL,CE,Combined TRACON& Tower with Radar,38,9,11,0,58,0,9,15,0,24,38,18,26,0,82,8,0,8,90
07/06/2010,FAR,ND,AGL,CE,Combined TRACON& Tower with Radar,31,32,35,6,104,0,19,34,6,59,31,51,69,12,163,126,0,126,289
07/07/2010,FAR,ND,AGL,CE,Combined TRACON& Tower with Radar,41,32,48,7,128,0,7,74,6,87,41,39,122,13,215,140,14,154,369
07/08/2010,FAR,ND,AGL,CE,Combined TRACON& Tower with Radar,35,26,44,5,110,0,32,45,4,81,35,58,89,9,191,110,3,113,304
07/09/2010,FAR,ND,AGL,CE,Combined TRACON& Tower with Radar,41,28,33,10,112,0,9,61,3,73,41,37,94,13,185,66,6,72,257
07/10/2010,FAR,ND,AGL,CE,Combined TRACON& Tower with Radar,41,13,9,16,79,0,6,51,6,63,41,19,60,22,142,18,18,36,178
07/11/2010,FAR,ND,AGL,CE,Combined TRACON& Tower with Radar,39,17,18,3,77,0,7,30,1,38,39,24,48,4,115,11,0,11,126
07/12/2010,FAR,ND,AGL,CE,Combined TRACON& Tower with Radar,38,30,48,1,117,1,11,50,3,65,39,41,98,4,182,69,0,69,251
07/13/2010,FAR,ND,AGL,CE,Combined TRACON& Tower with Radar,40,30,48,1,119,1,11,50,3,65,41,41,98,4,184,70,0,70,254
07/14/2010,FAR,ND,AGL,CE,Combined TRACON& Tower with Radar,36,27,33,6,102,0,10,27,2,39,36,37,60,8,141,66,0,66,207
07/15/2010,FAR,ND,AGL,CE,Combined TRACON& Tower with Radar,32,34,40,10,116,0,24,54,0,78,32,58,94,10,194,109,2,111,305
07/16/2010,FAR,ND,AGL,CE,Combined TRACON& Tower with Radar,40,30,32,29,131,0,14,60,1,75,40,44,92,30,206,127,5,132,338
07/17/2010,FAR,ND,AGL,CE,Combined TRACON& Tower with Radar,42,15,14,5,76,0,3,36,1,40,42,18,50,6,116,15,0,15,131
07/18/2010,FAR,ND,AGL,CE,Combined TRACON& Tower with Radar,42,13,25,2,82,0,9,58,2,69,42,22,83,4,151,42,1,43,194
07/19/2010,FAR,ND,AGL,CE,Combined TRACON& Tower with Radar,38,29,39,8,114,0,4,39,0,43,38,33,78,8,157,97,0,97,254
07/20/2010,FAR,ND,AGL,CE,Combined TRACON& Tower with Radar,38,26,26,9,99,0,3,46,2,51,38,29,72,11,150,90,2,92,242
07/21/2010,FAR,ND,AGL,CE,Combined TRACON& Tower with Radar,40,33,40,6,119,0,11,58,8,77,40,44,98,14,196,78,2,80,276
07/22/2010,FAR,ND,AGL,CE,Combined TRACON& Tower with Radar,32,27,27,6,92,0,0,19,0,19,32,27,46,6,111,19,0,19,130
07/23/2010,FAR,ND,AGL,CE,Combined TRACON& Tower with Radar,36,36,30,9,111,0,3,30,2,35,36,39,60,11,146,17,4,21,167
07/24/2010,FAR,ND,AGL,CE,Combined TRACON& Tower with Radar,35,26,26,0,87,0,11,45,2,58,35,37,71,2,145,61,0,61,206
07/25/2010,FAR,ND,AGL,CE,Combined TRACON& Tower with Radar,33,16,24,4,77,0,27,40,0,67,33,43,64,4,144,55,0,55,199
07/26/2010,FAR,ND,AGL,CE,Combined TRACON& Tower with Radar,38,27,38,7,110,0,5,24,1,30,38,32,62,8,140,36,0,36,176
07/27/2010,FAR,ND,AGL,CE,Combined TRACON& Tower with Radar,42,41,29,26,138,0,3,9,1,13,42,44,38,27,151,7,30,37,188
07/28/2010,FAR,ND,AGL,CE,Combined TRACON& Tower with Radar,39,36,50,16,141,0,11,53,2,66,39,47,103,18,207,98,12,110,317
07/29/2010,FAR,ND,AGL,CE,Combined TRACON& Tower with Radar,33,40,40,20,133,0,13,30,2,45,33,53,70,22,178,69,17,86,264
07/30/2010,FAR,ND,AGL,CE,Combined TRACON& Tower with Radar,34,40,40,4,118,0,10,37,0,47,34,50,77,4,165,75,0,75,240
07/31/2010,FAR,ND,AGL,CE,Combined TRACON& Tower with Radar,37,23,27,1,88,0,26,31,0,57,37,49,58,1,145,30,6,36,181
08/01/2010,FAR,ND,AGL,CE,Combined TRACON& Tower with Radar,37,16,11,0,64,0,4,27,0,31,37,20,38,0,95,4,0,4,99
08/02/2010,FAR,ND,AGL,CE,Combined TRACON& Tower with Radar,31,32,31,5,99,0,16,25,0,41,31,48,56,5,140,146,0,146,286
08/03/2010,FAR,ND,AGL,CE,Combined TRACON& Tower with Radar,36,34,44,8,122,0,15,46,2,63,36,49,90,10,185,133,8,141,326
08/04/2010,FAR,ND,AGL,CE,Combined TRACON& Tower with Radar,21,42,44,22,129,0,15,36,9,60,21,57,80,31,189,122,36,158,347
08/05/2010,FAR,ND,AGL,CE,Combined TRACON& Tower with Radar,40,31,34,10,115,0,17,36,3,56,40,48,70,13,171,136,2,138,309
08/06/2010,FAR,ND,AGL,CE,Combined TRACON& Tower with Radar,42,32,26,10,110,0,19,55,7,81,42,51,81,17,191,124,6,130,321
08/07/2010,FAR,ND,AGL,CE,Combined TRACON& Tower with Radar,43,15,27,11,96,0,2,27,6,35,43,17,54,17,131,37,18,55,186
08/08/2010,FAR,ND,AGL,CE,Combined TRACON& Tower with Radar,36,16,16,2,70,0,5,32,2,39,36,21,48,4,109,31,6,37,146
08/09/2010,FAR,ND,AGL,CE,Combined TRACON& Tower with Radar,30,26,31,2,89,0,18,30,0,48,30,44,61,2,137,64,0,64,201
08/10/2010,FAR,ND,AGL,CE,Combined TRACON& Tower with Radar,52,20,30,8,110,0,0,15,0,15,52,20,45,8,125,67,2,69,194
08/11/2010,FAR,ND,AGL,CE,Combined TRACON& Tower with Radar,49,30,40,9,128,1,21,48,0,70,50,51,88,9,198,160,6,166,364
08/12/2010,FAR,ND,AGL,CE,Combined TRACON& Tower with Radar,43,11,32,7,93,0,1,10,2,13,43,12,42,9,106,15,0,15,121
08/13/2010,FAR,ND,AGL,CE,Combined TRACON& Tower with Radar,38,21,25,5,89,0,13,20,12,45,38,34,45,17,134,110,15,125,259
08/14/2010,FAR,ND,AGL,CE,Combined TRACON& Tower with Radar,33,15,10,0,58,0,5,15,3,23,33,20,25,3,81,26,0,26,107
08/15/2010,FAR,ND,AGL,CE,Combined TRACON& Tower with Radar,12,32,31,0,75,0,0,27,5,32,12,32,58,5,107,34,0,34,141
08/16/2010,FAR,ND,AGL,CE,Combined TRACON& Tower with Radar,16,40,28,7,91,0,0,44,16,60,16,40,72,23,151,69,23,92,243
08/17/2010,FAR,ND,AGL,CE,Combined TRACON& Tower with Radar,20,39,54,7,120,0,1,50,1,52,20,40,104,8,172,47,0,47,219
08/18/2010,FAR,ND,AGL,CE,Combined TRACON& Tower with Radar,16,46,30,6,98,0,0,26,0,26,16,46,56,6,124,72,0,72,196
08/19/2010,FAR,ND,AGL,CE,Combined TRACON& Tower with Radar,16,37,46,16,115,0,10,48,3,61,16,47,94,19,176,71,24,95,271
08/20/2010,FAR,ND,AGL,CE,Combined TRACON& Tower with Radar,16,43,63,28,150,0,1,16,0,17,16,44,79,28,167,63,43,106,273
08/21/2010,FAR,ND,AGL,CE,Combined TRACON& Tower with Radar,18,32,29,0,79,0,1,30,1,32,18,33,59,1,111,79,0,79,190
08/22/2010,FAR,ND,AGL,CE,Combined TRACON& Tower with Radar,15,28,15,2,60,0,3,10,2,15,15,31,25,4,75,1,0,1,76
08/23/2010,FAR,ND,AGL,CE,Combined TRACON& Tower with Radar,16,44,49,0,109,0,2,19,2,23,16,46,68,2,132,42,0,42,174
08/24/2010,FAR,ND,AGL,CE,Combined TRACON& Tower with Radar,19,34,40,4,97,0,0,39,0,39,19,34,79,4,136,32,12,44,180
08/25/2010,FAR,ND,AGL,CE,Combined TRACON& Tower with Radar,15,37,40,4,96,0,4,93,2,99,15,41,133,6,195,209,0,209,404
08/26/2010,FAR,ND,AGL,CE,Combined TRACON& Tower with Radar,15,36,50,30,131,0,3,56,1,60,15,39,106,31,191,48,28,76,267
08/27/2010,FAR,ND,AGL,CE,Combined TRACON& Tower with Radar,17,41,35,12,105,0,0,42,0,42,17,41,77,12,147,81,8,89,236
08/28/2010,FAR,ND,AGL,CE,Combined TRACON& Tower with Radar,13,27,30,0,70,0,3,46,3,52,13,30,76,3,122,65,2,67,189
08/29/2010,FAR,ND,AGL,CE,Combined TRACON& Tower with Radar,16,24,34,0,74,0,0,16,4,20,16,24,50,4,94,30,0,30,124
08/30/2010,FAR,ND,AGL,CE,Combined TRACON& Tower with Radar,16,40,39,3,98,0,0,12,0,12,16,40,51,3,110,33,0,33,143
08/31/2010,FAR,ND,AGL,CE,Combined TRACON& Tower with Radar,18,40,35,10,103,0,1,33,7,41,18,41,68,17,144,54,28,82,226
09/01/2010,FAR,ND,AGL,CE,Combined TRACON& Tower with Radar,11,39,61,18,129,0,0,43,4,47,11,39,104,22,176,82,19,101,277
09/02/2010,FAR,ND,AGL,CE,Combined TRACON& Tower with Radar,16,39,44,25,124,0,1,13,2,16,16,40,57,27,140,20,32,52,192
09/03/2010,FAR,ND,AGL,CE,Combined TRACON& Tower with Radar,20,34,34,8,96,0,0,28,0,28,20,34,62,8,124,30,4,34,158
09/04/2010,FAR,ND,AGL,CE,Combined TRACON& Tower with Radar,11,29,28,0,68,0,1,94,3,98,11,30,122,3,166,65,0,65,231
09/05/2010,FAR,ND,AGL,CE,Combined TRACON& Tower with Radar,14,22,27,6,69,0,0,63,1,64,14,22,90,7,133,68,0,68,201
09/06/2010,FAR,ND,AGL,CE,Combined TRACON& Tower with Radar,15,27,29,0,71,0,0,11,1,12,15,27,40,1,83,14,0,14,97
09/07/2010,FAR,ND,AGL,CE,Combined TRACON& Tower with Radar,14,46,60,14,134,0,2,27,2,31,14,48,87,16,165,62,16,78,243
09/08/2010,FAR,ND,AGL,CE,Combined TRACON& Tower with Radar,12,39,52,10,113,0,1,65,34,100,12,40,117,44,213,150,50,200,413
09/09/2010,FAR,ND,AGL,CE,Combined TRACON& Tower with Radar,14,40,45,8,107,0,0,4,0,4,14,40,49,8,111,23,8,31,142
09/10/2010,FAR,ND,AGL,CE,Combined TRACON& Tower with Radar,14,41,39,8,102,0,0,2,0,2,14,41,41,8,104,0,0,0,104
09/11/2010,FAR,ND,AGL,CE,Combined TRACON& Tower with Radar,11,28,32,1,72,0,0,37,9,46,11,28,69,10,118,41,2,43,161
09/12/2010,FAR,ND,AGL,CE,Combined TRACON& Tower with Radar,15,27,16,13,71,0,1,56,5,62,15,28,72,18,133,124,12,136,269
09/13/2010,FAR,ND,AGL,CE,Combined TRACON& Tower with Radar,13,50,64,14,141,0,0,60,13,73,13,50,124,27,214,163,18,181,395
09/14/2010,FAR,ND,AGL,CE,Combined TRACON& Tower with Radar,14,39,65,1,119,0,0,71,3,74,14,39,136,4,193,144,2,146,339
09/15/2010,FAR,ND,AGL,CE,Combined TRACON& Tower with Radar,12,38,64,5,119,0,0,12,1,13,12,38,76,6,132,37,14,51,183
09/16/2010,FAR,ND,AGL,CE,Combined TRACON& Tower with Radar,14,45,61,21,141,0,1,49,0,50,14,46,110,21,191,53,24,77,268
09/17/2010,FAR,ND,AGL,CE,Combined TRACON& Tower with Radar,18,37,28,4,87,0,0,33,12,45,18,37,61,16,132,26,0,26,158
09/18/2010,FAR,ND,AGL,CE,Combined TRACON& Tower with Radar,16,31,28,0,75,0,1,44,0,45,16,32,72,0,120,42,0,42,162
09/19/2010,FAR,ND,AGL,CE,Combined TRACON& Tower with Radar,14,27,35,0,76,0,0,50,3,53,14,27,85,3,129,77,3,80,209
09/20/2010,FAR,ND,AGL,CE,Combined TRACON& Tower with Radar,14,40,39,0,93,0,1,7,1,9,14,41,46,1,102,13,0,13,115
09/21/2010,FAR,ND,AGL,CE,Combined TRACON& Tower with Radar,16,36,42,20,114,0,0,34,3,37,16,36,76,23,151,84,38,122,273
09/22/2010,FAR,ND,AGL,CE,Combined TRACON& Tower with Radar,10,43,34,14,101,0,0,33,3,36,10,43,67,17,137,45,4,49,186
09/23/2010,FAR,ND,AGL,CE,Combined TRACON& Tower with Radar,15,46,36,0,97,0,0,0,0,0,15,46,36,0,97,1,0,1,98
09/24/2010,FAR,ND,AGL,CE,Combined TRACON& Tower with Radar,14,44,39,0,97,0,3,32,2,37,14,47,71,2,134,49,6,55,189
09/25/2010,FAR,ND,AGL,CE,Combined TRACON& Tower with Radar,11,29,28,0,68,0,1,26,1,28,11,30,54,1,96,38,0,38,134
09/26/2010,FAR,ND,AGL,CE,Combined TRACON& Tower with Radar,13,31,25,1,70,0,0,32,5,37,13,31,57,6,107,34,0,34,141
09/27/2010,FAR,ND,AGL,CE,Combined TRACON& Tower with Radar,14,40,35,12,101,0,0,29,2,31,14,40,64,14,132,56,12,68,200
09/28/2010,FAR,ND,AGL,CE,Combined TRACON& Tower with Radar,14,44,29,0,87,0,1,39,0,40,14,45,68,0,127,88,0,88,215
09/29/2010,FAR,ND,AGL,CE,Combined TRACON& Tower with Radar,12,39,29,4,84,0,0,47,2,49,12,39,76,6,133,63,4,67,200
09/30/2010,FAR,ND,AGL,CE,Combined TRACON& Tower with Radar,14,39,63,12,128,0,0,51,4,55,14,39,114,16,183,111,2,113,296
10/01/2010,FAR,ND,AGL,CE,Combined TRACON& Tower with Radar,15,43,49,8,115,0,0,46,3,49,15,43,95,11,164,65,2,67,231
10/02/2010,FAR,ND,AGL,CE,Combined TRACON& Tower with Radar,8,31,35,0,74,0,0,71,0,71,8,31,106,0,145,120,2,122,267
10/03/2010,FAR,ND,AGL,CE,Combined TRACON& Tower with Radar,9,30,31,4,74,0,0,44,0,44,9,30,75,4,118,43,0,43,161
10/04/2010,FAR,ND,AGL,CE,Combined TRACON& Tower with Radar,12,43,41,4,100,0,0,44,1,45,12,43,85,5,145,30,0,30,175
10/05/2010,FAR,ND,AGL,CE,Combined TRACON& Tower with Radar,10,40,27,30,107,0,1,31,0,32,10,41,58,30,139,82,30,112,251
10/06/2010,FAR,ND,AGL,CE,Combined TRACON& Tower with Radar,12,45,47,12,116,0,0,62,4,66,12,45,109,16,182,44,5,49,231
10/07/2010,FAR,ND,AGL,CE,Combined TRACON& Tower with Radar,12,39,60,36,147,0,4,58,0,62,12,43,118,36,209,117,30,147,356
10/08/2010,FAR,ND,AGL,CE,Combined TRACON& Tower with Radar,15,46,47,12,120,0,0,71,0,71,15,46,118,12,191,93,6,99,290
10/09/2010,FAR,ND,AGL,CE,Combined TRACON& Tower with Radar,9,27,28,2,66,0,1,41,0,42,9,28,69,2,108,23,0,23,131
10/10/2010,FAR,ND,AGL,CE,Combined TRACON& Tower with Radar,11,28,43,0,82,0,0,63,1,64,11,28,106,1,146,34,0,34,180
10/11/2010,FAR,ND,AGL,CE,Combined TRACON& Tower with Radar,13,39,62,3,117,0,0,40,3,43,13,39,102,6,160,142,2,144,304
10/12/2010,FAR,ND,AGL,CE,Combined TRACON& Tower with Radar,12,39,40,7,98,0,0,25,3,28,12,39,65,10,126,21,6,27,153
10/13/2010,FAR,ND,AGL,CE,Combined TRACON& Tower with Radar,11,44,45,46,146,0,0,56,2,58,11,44,101,48,204,58,28,86,290
10/14/2010,FAR,ND,AGL,CE,Combined TRACON& Tower with Radar,11,50,71,30,162,0,2,39,3,44,11,52,110,33,206,41,12,53,259
10/15/2010,FAR,ND,AGL,CE,Combined TRACON& Tower with Radar,14,44,55,19,132,0,1,72,7,80,14,45,127,26,212,76,16,92,304
10/16/2010,FAR,ND,AGL,CE,Combined TRACON& Tower with Radar,9,33,26,3,71,0,0,27,0,27,9,33,53,3,98,58,0,58,156
10/17/2010,FAR,ND,AGL,CE,Combined TRACON& Tower with Radar,13,34,44,4,95,0,0,36,0,36,13,34,80,4,131,28,0,28,159
10/18/2010,FAR,ND,AGL,CE,Combined TRACON& Tower with Radar,13,46,38,2,99,0,0,31,1,32,13,46,69,3,131,61,0,61,192
10/19/2010,FAR,ND,AGL,CE,Combined TRACON& Tower with Radar,13,39,43,1,96,0,0,48,2,50,13,39,91,3,146,120,1,121,267
10/20/2010,FAR,ND,AGL,CE,Combined TRACON& Tower with Radar,10,48,49,4,111,0,2,28,2,32,10,50,77,6,143,37,2,39,182
10/21/2010,FAR,ND,AGL,CE,Combined TRACON& Tower with Radar,14,37,80,2,133,0,1,68,1,70,14,38,148,3,203,123,0,123,326
10/22/2010,FAR,ND,AGL,CE,Combined TRACON& Tower with Radar,14,48,43,3,108,0,0,62,4,66,14,48,105,7,174,108,0,108,282
10/23/2010,FAR,ND,AGL,CE,Combined TRACON& Tower with Radar,8,28,28,0,64,0,0,33,2,35,8,28,61,2,99,59,0,59,158
10/24/2010,FAR,ND,AGL,CE,Combined TRACON& Tower with Radar,13,31,26,0,70,0,0,0,0,0,13,31,26,0,70,5,0,5,75
10/25/2010,FAR,ND,AGL,CE,Combined TRACON& Tower with Radar,16,41,60,7,124,0,0,0,1,1,16,41,60,8,125,20,0,20,145
10/26/2010,FAR,ND,AGL,CE,Combined TRACON& Tower with Radar,14,28,20,3,65,0,0,0,0,0,14,28,20,3,65,6,0,6,71
10/27/2010,FAR,ND,AGL,CE,Combined TRACON& Tower with Radar,9,36,7,14,66,0,0,0,0,0,9,36,7,14,66,4,18,22,88
10/28/2010,FAR,ND,AGL,CE,Combined TRACON& Tower with Radar,19,40,54,4,117,0,1,25,3,29,19,41,79,7,146,54,0,54,200
10/29/2010,FAR,ND,AGL,CE,Combined TRACON& Tower with Radar,10,42,45,5,102,0,1,78,3,82,10,43,123,8,184,142,5,147,331
10/30/2010,FAR,ND,AGL,CE,Combined TRACON& Tower with Radar,7,29,27,0,63,0,0,12,4,16,7,29,39,4,79,40,0,40,119
10/31/2010,FAR,ND,AGL,CE,Combined TRACON& Tower with Radar,17,22,26,0,65,0,0,37,3,40,17,22,63,3,105,41,0,41,146
11/01/2010,FAR,ND,AGL,CE,Combined TRACON& Tower with Radar,15,45,72,0,132,0,2,55,4,61,15,47,127,4,193,133,0,133,326
11/02/2010,FAR,ND,AGL,CE,Combined TRACON& Tower with Radar,11,40,64,14,129,0,0,61,3,64,11,40,125,17,193,52,16,68,261
11/03/2010,FAR,ND,AGL,CE,Combined TRACON& Tower with Radar,13,53,34,8,108,0,2,41,6,49,13,55,75,14,157,22,16,38,195
11/04/2010,FAR,ND,AGL,CE,Combined TRACON& Tower with Radar,17,39,61,9,126,0,0,64,2,66,17,39,125,11,192,173,0,173,365
11/05/2010,FAR,ND,AGL,CE,Combined TRACON& Tower with Radar,15,38,41,10,104,0,0,70,3,73,15,38,111,13,177,210,12,222,399
11/06/2010,FAR,ND,AGL,CE,Combined TRACON& Tower with Radar,9,29,33,14,85,0,0,81,0,81,9,29,114,14,166,102,2,104,270
11/07/2010,FAR,ND,AGL,CE,Combined TRACON& Tower with Radar,13,30,30,14,87,0,0,67,0,67,13,30,97,14,154,79,0,79,233
11/08/2010,FAR,ND,AGL,CE,Combined TRACON& Tower with Radar,13,40,68,9,130,0,0,71,6,77,13,40,139,15,207,104,7,111,318
11/09/2010,FAR,ND,AGL,CE,Combined TRACON& Tower with Radar,13,36,61,17,127,0,2,51,8,61,13,38,112,25,188,90,16,106,294
11/10/2010,FAR,ND,AGL,CE,Combined TRACON& Tower with Radar,12,43,39,4,98,0,0,1,1,2,12,43,40,5,100,2,8,10,110
11/11/2010,FAR,ND,AGL,CE,Combined TRACON& Tower with Radar,18,38,54,0,110,0,0,37,1,38,18,38,91,1,148,47,0,47,195
11/12/2010,FAR,ND,AGL,CE,Combined TRACON& Tower with Radar,14,39,70,2,125,0,1,82,2,85,14,40,152,4,210,117,0,117,327
11/13/2010,FAR,ND,AGL,CE,Combined TRACON& Tower with Radar,11,27,14,0,52,0,0,23,2,25,11,27,37,2,77,27,0,27,104
11/14/2010,FAR,ND,AGL,CE,Combined TRACON& Tower with Radar,15,29,16,0,60,0,0,3,0,3,15,29,19,0,63,39,0,39,102
11/15/2010,FAR,ND,AGL,CE,Combined TRACON& Tower with Radar,14,48,27,4,93,0,0,2,2,4,14,48,29,6,97,72,0,72,169
11/16/2010,FAR,ND,AGL,CE,Combined TRACON& Tower with Radar,11,38,22,19,90,0,0,8,2,10,11,38,30,21,100,55,18,73,173
11/17/2010,FAR,ND,AGL,CE,Combined TRACON& Tower with Radar,12,43,29,11,95,0,1,4,0,5,12,44,33,11,100,34,0,34,134
11/18/2010,FAR,ND,AGL,CE,Combined TRACON& Tower with Radar,20,39,36,7,102,0,1,12,0,13,20,40,48,7,115,26,0,26,141
11/19/2010,FAR,ND,AGL,CE,Combined TRACON& Tower with Radar,14,40,56,10,120,0,0,41,1,42,14,40,97,11,162,62,8,70,232
11/20/2010,FAR,ND,AGL,CE,Combined TRACON& Tower with Radar,9,27,20,0,56,0,0,11,7,18,9,27,31,7,74,58,0,58,132
11/21/2010,FAR,ND,AGL,CE,Combined TRACON& Tower with Radar,17,24,22,2,65,0,0,2,2,4,17,24,24,4,69,10,0,10,79
11/22/2010,FAR,ND,AGL,CE,Combined TRACON& Tower with Radar,16,35,23,2,76,0,0,0,0,0,16,35,23,2,76,0,0,0,76
11/23/2010,FAR,ND,AGL,CE,Combined TRACON& Tower with Radar,18,47,89,5,159,0,1,43,2,46,18,48,132,7,205,60,2,62,267
11/24/2010,FAR,ND,AGL,CE,Combined TRACON& Tower with Radar,11,40,7,3,61,0,0,0,0,0,11,40,7,3,61,0,0,0,61
11/25/2010,FAR,ND,AGL,CE,Combined TRACON& Tower with Radar,12,16,2,0,30,0,0,0,0,0,12,16,2,0,30,0,0,0,30
11/26/2010,FAR,ND,AGL,CE,Combined TRACON& Tower with Radar,12,32,17,0,61,0,0,45,0,45,12,32,62,0,106,68,0,68,174
11/27/2010,FAR,ND,AGL,CE,Combined TRACON& Tower with Radar,15,32,6,0,53,0,0,11,0,11,15,32,17,0,64,28,0,28,92
11/28/2010,FAR,ND,AGL,CE,Combined TRACON& Tower with Radar,19,32,30,0,81,0,0,41,0,41,19,32,71,0,122,69,0,69,191
11/29/2010,FAR,ND,AGL,CE,Combined TRACON& Tower with Radar,14,40,18,4,76,0,0,0,0,0,14,40,18,4,76,5,0,5,81
11/30/2010,FAR,ND,AGL,CE,Combined TRACON& Tower with Radar,13,44,31,6,94,0,0,0,0,0,13,44,31,6,94,4,0,4,98
12/01/2010,FAR,ND,AGL,CE,Combined TRACON& Tower with Radar,14,44,74,4,136,0,0,55,0,55,14,44,129,4,191,82,0,82,273
12/02/2010,FAR,ND,AGL,CE,Combined TRACON& Tower with Radar,16,47,50,8,121,0,0,35,6,41,16,47,85,14,162,85,4,89,251
12/03/2010,FAR,ND,AGL,CE,Combined TRACON& Tower with Radar,14,45,28,13,100,0,0,6,0,6,14,45,34,13,106,17,0,17,123
12/04/2010,FAR,ND,AGL,CE,Combined TRACON& Tower with Radar,15,26,42,4,87,0,0,34,0,34,15,26,76,4,121,50,0,50,171
12/05/2010,FAR,ND,AGL,CE,Combined TRACON& Tower with Radar,15,32,19,4,70,0,0,2,6,8,15,32,21,10,78,17,0,17,95
12/06/2010,FAR,ND,AGL,CE,Combined TRACON& Tower with Radar,11,40,44,12,107,0,0,36,6,42,11,40,80,18,149,94,6,100,249
12/07/2010,FAR,ND,AGL,CE,Combined TRACON& Tower with Radar,10,49,48,6,113,0,0,31,1,32,10,49,79,7,145,58,0,58,203
12/08/2010,FAR,ND,AGL,CE,Combined TRACON& Tower with Radar,16,42,35,7,100,0,0,1,0,1,16,42,36,7,101,0,0,0,101
12/09/2010,FAR,ND,AGL,CE,Combined TRACON& Tower with Radar,16,42,36,10,104,0,0,10,1,11,16,42,46,11,115,10,4,14,129
12/10/2010,FAR,ND,AGL,CE,Combined TRACON& Tower with Radar,15,40,50,6,111,0,0,11,2,13,15,40,61,8,124,0,0,0,124
12/11/2010,FAR,ND,AGL,CE,Combined TRACON& Tower with Radar,8,29,25,0,62,0,0,18,3,21,8,29,43,3,83,45,0,45,128
12/12/2010,FAR,ND,AGL,CE,Combined TRACON& Tower with Radar,21,27,60,0,108,0,0,57,0,57,21,27,117,0,165,62,0,62,227
12/13/2010,FAR,ND,AGL,CE,Combined TRACON& Tower with Radar,15,39,53,0,107,0,1,54,0,55,15,40,107,0,162,143,1,144,306
12/14/2010,FAR,ND,AGL,CE,Combined TRACON& Tower with Radar,10,39,44,4,97,0,0,45,2,47,10,39,89,6,144,61,4,65,209
12/15/2010,FAR,ND,AGL,CE,Combined TRACON& Tower with Radar,16,50,40,16,122,0,0,9,0,9,16,50,49,16,131,34,0,34,165
12/16/2010,FAR,ND,AGL,CE,Combined TRACON& Tower with Radar,18,45,54,6,123,0,0,50,2,52,18,45,104,8,175,138,0,138,313
12/17/2010,FAR,ND,AGL,CE,Combined TRACON& Tower with Radar,16,47,37,2,102,0,0,18,0,18,16,47,55,2,120,28,0,28,148
12/18/2010,FAR,ND,AGL,CE,Combined TRACON& Tower with Radar,12,30,33,0,75,0,1,34,1,36,12,31,67,1,111,41,0,41,152
12/19/2010,FAR,ND,AGL,CE,Combined TRACON& Tower with Radar,14,31,32,1,78,0,1,51,4,56,14,32,83,5,134,112,0,112,246
12/20/2010,FAR,ND,AGL,CE,Combined TRACON& Tower with Radar,13,32,23,1,69,0,0,0,4,4,13,32,23,5,73,2,0,2,75
12/21/2010,FAR,ND,AGL,CE,Combined TRACON& Tower with Radar,18,40,19,4,81,0,0,0,0,0,18,40,19,4,81,0,0,0,81
12/22/2010,FAR,ND,AGL,CE,Combined TRACON& Tower with Radar,14,48,46,25,133,0,9,6,3,18,14,57,52,28,151,74,46,120,271
12/23/2010,FAR,ND,AGL,CE,Combined TRACON& Tower with Radar,15,44,10,0,69,0,0,0,0,0,15,44,10,0,69,0,0,0,69
12/24/2010,FAR,ND,AGL,CE,Combined TRACON& Tower with Radar,13,45,6,0,64,0,0,0,0,0,13,45,6,0,64,0,0,0,64
12/25/2010,FAR,ND,AGL,CE,Combined TRACON& Tower with Radar,6,24,12,0,42,0,0,2,0,2,6,24,14,0,44,10,0,10,54
12/26/2010,FAR,ND,AGL,CE,Combined TRACON& Tower with Radar,17,38,14,0,69,0,0,4,0,4,17,38,18,0,73,0,0,0,73
12/27/2010,FAR,ND,AGL,CE,Combined TRACON& Tower with Radar,16,39,52,0,107,0,1,15,3,19,16,40,67,3,126,35,0,35,161
12/28/2010,FAR,ND,AGL,CE,Combined TRACON& Tower with Radar,17,39,53,16,125,0,2,67,13,82,17,41,120,29,207,146,23,169,376
12/29/2010,FAR,ND,AGL,CE,Combined TRACON& Tower with Radar,14,43,42,4,103,0,0,45,21,66,14,43,87,25,169,93,18,111,280
12/30/2010,FAR,ND,AGL,CE,Combined TRACON& Tower with Radar,5,23,3,0,31,0,0,0,0,0,5,23,3,0,31,5,0,5,36
12/31/2010,FAR,ND,AGL,CE,Combined TRACON& Tower with Radar,4,14,1,0,19,0,0,0,0,0,4,14,1,0,19,0,0,0,19
01/01/2011,FAR,ND,AGL,CE,Combined TRACON& Tower with Radar,13,26,6,0,45,0,0,1,0,1,13,26,7,0,46,0,0,0,46
01/02/2011,FAR,ND,AGL,CE,Combined TRACON& Tower with Radar,18,33,10,0,61,0,0,2,2,4,18,33,12,2,65,0,0,0,65
01/03/2011,FAR,ND,AGL,CE,Combined TRACON& Tower with Radar,16,48,17,4,85,0,0,1,2,3,16,48,18,6,88,2,0,2,90
01/04/2011,FAR,ND,AGL,CE,Combined TRACON& Tower with Radar,13,39,37,7,96,0,0,19,0,19,13,39,56,7,115,19,4,23,138
01/05/2011,FAR,ND,AGL,CE,Combined TRACON& Tower with Radar,15,39,19,7,80,0,0,10,3,13,15,39,29,10,93,22,2,24,117
01/06/2011,FAR,ND,AGL,CE,Combined TRACON& Tower with Radar,14,44,25,14,97,0,1,12,3,16,14,45,37,17,113,10,10,20,133
01/07/2011,FAR,ND,AGL,CE,Combined TRACON& Tower with Radar,12,39,21,4,76,0,0,0,1,1,12,39,21,5,77,0,0,0,77
01/08/2011,FAR,ND,AGL,CE,Combined TRACON& Tower with Radar,9,24,31,0,64,0,0,45,0,45,9,24,76,0,109,51,0,51,160
01/09/2011,FAR,ND,AGL,CE,Combined TRACON& Tower with Radar,17,25,41,0,83,0,0,29,1,30,17,25,70,1,113,53,1,54,167
01/10/2011,FAR,ND,AGL,CE,Combined TRACON& Tower with Radar,14,46,18,0,78,0,0,0,0,0,14,46,18,0,78,0,0,0,78
01/11/2011,FAR,ND,AGL,CE,Combined TRACON& Tower with Radar,12,37,35,9,93,0,0,1,1,2,12,37,36,10,95,4,0,4,99
01/12/2011,FAR,ND,AGL,CE,Combined TRACON& Tower with Radar,10,46,40,8,104,0,1,0,0,1,10,47,40,8,105,2,0,2,107
01/13/2011,FAR,ND,AGL,CE,Combined TRACON& Tower with Radar,15,42,28,10,95,0,0,12,6,18,15,42,40,16,113,4,2,6,119
01/14/2011,FAR,ND,AGL,CE,Combined TRACON& Tower with Radar,8,44,35,5,92,0,0,0,0,0,8,44,35,5,92,0,0,0,92
01/15/2011,FAR,ND,AGL,CE,Combined TRACON& Tower with Radar,9,26,35,0,70,0,1,28,1,30,9,27,63,1,100,36,0,36,136
01/16/2011,FAR,ND,AGL,CE,Combined TRACON& Tower with Radar,17,27,12,0,56,0,0,0,0,0,17,27,12,0,56,0,0,0,56
01/17/2011,FAR,ND,AGL,CE,Combined TRACON& Tower with Radar,12,31,25,0,68,0,0,1,0,1,12,31,26,0,69,0,0,0,69
01/18/2011,FAR,ND,AGL,CE,Combined TRACON& Tower with Radar,10,37,40,16,103,0,0,35,0,35,10,37,75,16,138,32,29,61,199
01/19/2011,FAR,ND,AGL,CE,Combined TRACON& Tower with Radar,12,39,65,17,133,0,0,46,0,46,12,39,111,17,179,82,8,90,269
01/20/2011,FAR,ND,AGL,CE,Combined TRACON& Tower with Radar,14,40,44,33,131,0,0,40,2,42,14,40,84,35,173,32,42,74,247
01/21/2011,FAR,ND,AGL,CE,Combined TRACON& Tower with Radar,10,44,38,4,96,0,0,3,0,3,10,44,41,4,99,2,0,2,101
01/22/2011,FAR,ND,AGL,CE,Combined TRACON& Tower with Radar,9,26,20,2,57,0,0,34,0,34,9,26,54,2,91,61,1,62,153
01/23/2011,FAR,ND,AGL,CE,Combined TRACON& Tower with Radar,16,26,16,0,58,0,0,1,2,3,16,26,17,2,61,7,3,10,71
01/24/2011,FAR,ND,AGL,CE,Combined TRACON& Tower with Radar,13,40,28,0,81,0,0,11,1,12,13,40,39,1,93,40,0,40,133
01/25/2011,FAR,ND,AGL,CE,Combined TRACON& Tower with Radar,10,44,50,8,112,0,0,37,24,61,10,44,87,32,173,113,26,139,312
01/26/2011,FAR,ND,AGL,CE,Combined TRACON& Tower with Radar,12,42,36,4,94,0,0,56,1,57,12,42,92,5,151,69,0,69,220
01/27/2011,FAR,ND,AGL,CE,Combined TRACON& Tower with Radar,14,38,47,16,115,0,0,44,2,46,14,38,91,18,161,182,16,198,359
01/28/2011,FAR,ND,AGL,CE,Combined TRACON& Tower with Radar,14,43,37,4,98,0,0,11,1,12,14,43,48,5,110,17,0,17,127
01/29/2011,FAR,ND,AGL,CE,Combined TRACON& Tower with Radar,11,25,8,3,47,0,0,6,0,6,11,25,14,3,53,10,1,11,64
01/30/2011,FAR,ND,AGL,CE,Combined TRACON& Tower with Radar,16,27,4,0,47,0,0,0,0,0,16,27,4,0,47,0,0,0,47
01/31/2011,FAR,ND,AGL,CE,Combined TRACON& Tower with Radar,15,42,17,2,76,0,0,0,0,0,15,42,17,2,76,0,0,0,76
02/01/2011,FAR,ND,AGL,CE,Combined TRACON& Tower with Radar,12,31,53,0,96,0,1,51,2,54,12,32,104,2,150,123,0,123,273
02/02/2011,FAR,ND,AGL,CE,Combined TRACON& Tower with Radar,16,32,32,14,94,0,2,74,40,116,16,34,106,54,210,131,80,211,421
02/03/2011,FAR,ND,AGL,CE,Combined TRACON& Tower with Radar,10,27,25,26,88,0,1,87,19,107,10,28,112,45,195,70,43,113,308
02/04/2011,FAR,ND,AGL,CE,Combined TRACON& Tower with Radar,12,40,38,21,111,0,0,67,12,79,12,40,105,33,190,139,26,165,355
02/05/2011,FAR,ND,AGL,CE,Combined TRACON& Tower with Radar,19,24,9,0,52,0,0,2,1,3,19,24,11,1,55,2,0,2,57
02/06/2011,FAR,ND,AGL,CE,Combined TRACON& Tower with Radar,11,22,22,2,57,0,0,0,1,1,11,22,22,3,58,5,0,5,63
02/07/2011,FAR,ND,AGL,CE,Combined TRACON& Tower with Radar,14,39,38,7,98,0,2,33,1,36,14,41,71,8,134,116,2,118,252
02/08/2011,FAR,ND,AGL,CE,Combined TRACON& Tower with Radar,10,39,33,45,127,0,0,54,23,77,10,39,87,68,204,65,44,109,313
02/09/2011,FAR,ND,AGL,CE,Combined TRACON& Tower with Radar,16,34,44,16,110,0,1,71,41,113,16,35,115,57,223,48,51,99,322
02/10/2011,FAR,ND,AGL,CE,Combined TRACON& Tower with Radar,12,37,51,34,134,0,3,51,36,90,12,40,102,70,224,43,42,85,309
02/11/2011,FAR,ND,AGL,CE,Combined TRACON& Tower with Radar,12,37,33,6,88,0,0,33,1,34,12,37,66,7,122,48,0,48,170
02/12/2011,FAR,ND,AGL,CE,Combined TRACON& Tower with Radar,17,24,40,0,81,0,0,106,4,110,17,24,146,4,191,88,0,88,279
02/13/2011,FAR,ND,AGL,CE,Combined TRACON& Tower with Radar,15,23,11,0,49,0,0,8,2,10,15,23,19,2,59,18,0,18,77
02/14/2011,FAR,ND,AGL,CE,Combined TRACON& Tower with Radar,13,40,40,9,102,0,0,53,3,56,13,40,93,12,158,78,8,86,244
02/15/2011,FAR,ND,AGL,CE,Combined TRACON& Tower with Radar,10,40,58,30,138,0,1,67,2,70,10,41,125,32,208,105,84,189,397
02/16/2011,FAR,ND,AGL,CE,Combined TRACON& Tower with Radar,16,42,57,19,134,0,1,81,4,86,16,43,138,23,220,105,32,137,357
02/17/2011,FAR,ND,AGL,CE,Combined TRACON& Tower with Radar,13,32,26,0,71,0,0,0,0,0,13,32,26,0,71,3,2,5,76
02/18/2011,FAR,ND,AGL,CE,Combined TRACON& Tower with Radar,15,39,28,4,86,0,1,33,4,38,15,40,61,8,124,98,0,98,222
02/19/2011,FAR,ND,AGL,CE,Combined TRACON& Tower with Radar,14,28,13,0,55,0,0,31,3,34,14,28,44,3,89,30,0,30,119
02/20/2011,FAR,ND,AGL,CE,Combined TRACON& Tower with Radar,10,20,9,0,39,0,0,2,2,4,10,20,11,2,43,12,0,12,55
02/21/2011,FAR,ND,AGL,CE,Combined TRACON& Tower with Radar,14,42,36,0,92,0,0,6,0,6,14,42,42,0,98,6,0,6,104
02/22/2011,FAR,ND,AGL,CE,Combined TRACON& Tower with Radar,9,42,38,1,90,0,0,19,4,23,9,42,57,5,113,44,0,44,157
02/23/2011,FAR,ND,AGL,CE,Combined TRACON& Tower with Radar,18,45,23,5,91,0,0,2,0,2,18,45,25,5,93,22,0,22,115
02/24/2011,FAR,ND,AGL,CE,Combined TRACON& Tower with Radar,14,42,84,5,145,0,0,54,6,60,14,42,138,11,205,100,1,101,306
02/25/2011,FAR,ND,AGL,CE,Combined TRACON& Tower with Radar,16,42,37,25,120,0,0,18,6,24,16,42,55,31,144,24,16,40,184
02/26/2011,FAR,ND,AGL,CE,Combined TRACON& Tower with Radar,16,21,26,4,67,0,0,32,0,32,16,21,58,4,99,69,4,73,172
02/27/2011,FAR,ND,AGL,CE,Combined TRACON& Tower with Radar,16,25,23,1,65,0,0,41,1,42,16,25,64,2,107,93,0,93,200
02/28/2011,FAR,ND,AGL,CE,Combined TRACON& Tower with Radar,16,42,46,26,130,0,1,48,2,51,16,43,94,28,181,68,24,92,273
03/01/2011,FAR,ND,AGL,CE,Combined TRACON& Tower with Radar,10,41,34,21,106,0,0,10,2,12,10,41,44,23,118,49,12,61,179
03/02/2011,FAR,ND,AGL,CE,Combined TRACON& Tower with Radar,18,48,60,25,151,0,4,77,1,82,18,52,137,26,233,148,18,166,399
03/03/2011,FAR,ND,AGL,CE,Combined TRACON& Tower with Radar,14,42,48,8,112,0,2,31,17,50,14,44,79,25,162,85,4,89,251
03/04/2011,FAR,ND,AGL,CE,Combined TRACON& Tower with Radar,14,27,33,13,87,0,0,14,0,14,14,27,47,13,101,53,0,53,154
03/05/2011,FAR,ND,AGL,CE,Combined TRACON& Tower with Radar,13,37,36,0,86,0,0,55,0,55,13,37,91,0,141,149,0,149,290
03/06/2011,FAR,ND,AGL,CE,Combined TRACON& Tower with Radar,17,26,21,0,64,0,0,0,0,0,17,26,21,0,64,0,0,0,64
03/07/2011,FAR,ND,AGL,CE,Combined TRACON& Tower with Radar,13,40,50,1,104,0,0,72,2,74,13,40,122,3,178,130,0,130,308
03/08/2011,FAR,ND,AGL,CE,Combined TRACON& Tower with Radar,13,42,22,2,79,0,0,13,0,13,13,42,35,2,92,49,0,49,141
03/09/2011,FAR,ND,AGL,CE,Combined TRACON& Tower with Radar,22,38,30,17,107,0,0,1,1,2,22,38,31,18,109,0,4,4,113
03/10/2011,FAR,ND,AGL,CE,Combined TRACON& Tower with Radar,16,41,51,26,134,0,1,45,1,47,16,42,96,27,181,49,26,75,256
03/11/2011,FAR,ND,AGL,CE,Combined TRACON& Tower with Radar,13,42,18,6,79,0,1,1,1,3,13,43,19,7,82,2,0,2,84
03/12/2011,FAR,ND,AGL,CE,Combined TRACON& Tower with Radar,15,31,10,26,82,0,0,3,0,3,15,31,13,26,85,0,6,6,91
03/13/2011,FAR,ND,AGL,CE,Combined TRACON& Tower with Radar,14,27,29,20,90,0,0,14,0,14,14,27,43,20,104,84,6,90,194
03/14/2011,FAR,ND,AGL,CE,Combined TRACON& Tower with Radar,14,40,46,4,104,0,1,16,0,17,14,41,62,4,121,11,1,12,133
03/15/2011,FAR,ND,AGL,CE,Combined TRACON& Tower with Radar,14,41,78,18,151,0,3,85,2,90,14,44,163,20,241,136,16,152,393
03/16/2011,FAR,ND,AGL,CE,Combined TRACON& Tower with Radar,18,47,63,12,140,0,1,82,3,86,18,48,145,15,226,75,16,91,317
03/17/2011,FAR,ND,AGL,CE,Combined TRACON& Tower with Radar,14,38,43,6,101,0,1,41,16,58,14,39,84,22,159,66,20,86,245
03/18/2011,FAR,ND,AGL,CE,Combined TRACON& Tower with Radar,14,42,43,4,103,0,3,47,2,52,14,45,90,6,155,179,0,179,334
03/19/2011,FAR,ND,AGL,CE,Combined TRACON& Tower with Radar,14,34,13,12,73,0,0,10,9,19,14,34,23,21,92,48,0,48,140
03/20/2011,FAR,ND,AGL,CE,Combined TRACON& Tower with Radar,14,30,16,0,60,0,0,1,0,1,14,30,17,0,61,20,2,22,83
03/21/2011,FAR,ND,AGL,CE,Combined TRACON& Tower with Radar,14,43,32,0,89,0,0,2,0,2,14,43,34,0,91,14,0,14,105
03/22/2011,FAR,ND,AGL,CE,Combined TRACON& Tower with Radar,15,32,12,0,59,0,0,0,0,0,15,32,12,0,59,3,0,3,62
03/23/2011,FAR,ND,AGL,CE,Combined TRACON& Tower with Radar,20,36,26,0,82,0,0,16,0,16,20,36,42,0,98,56,0,56,154
03/24/2011,FAR,ND,AGL,CE,Combined TRACON& Tower with Radar,13,34,79,9,135,0,0,89,3,92,13,34,168,12,227,294,10,304,531
03/25/2011,FAR,ND,AGL,CE,Combined TRACON& Tower with Radar,14,35,41,8,98,0,0,89,17,106,14,35,130,25,204,222,15,237,441
03/26/2011,FAR,ND,AGL,CE,Combined TRACON& Tower with Radar,14,28,27,2,71,0,0,96,2,98,14,28,123,4,169,207,0,207,376
03/27/2011,FAR,ND,AGL,CE,Combined TRACON& Tower with Radar,14,31,36,0,81,0,2,77,5,84,14,33,113,5,165,161,0,161,326
03/28/2011,FAR,ND,AGL,CE,Combined TRACON& Tower with Radar,16,39,24,18,97,0,0,50,12,62,16,39,74,30,159,113,18,131,290
03/29/2011,FAR,ND,AGL,CE,Combined TRACON& Tower with Radar,18,40,36,5,99,0,0,65,6,71,18,40,101,11,170,133,26,159,329
03/30/2011,FAR,ND,AGL,CE,Combined TRACON& Tower with Radar,17,40,57,9,123,0,0,30,4,34,17,40,87,13,157,124,2,126,283
03/31/2011,FAR,ND,AGL,CE,Combined TRACON& Tower with Radar,14,46,17,8,85,0,0,0,0,0,14,46,17,8,85,9,0,9,94
04/01/2011,FAR,ND,AGL,CE,Combined TRACON& Tower with Radar,13,40,65,10,128,0,1,76,1,78,13,41,141,11,206,187,14,201,407
04/02/2011,FAR,ND,AGL,CE,Combined TRACON& Tower with Radar,17,21,29,26,93,0,0,84,3,87,17,21,113,29,180,110,34,144,324
04/03/2011,FAR,ND,AGL,CE,Combined TRACON& Tower with Radar,13,27,9,7,56,0,0,4,0,4,13,27,13,7,60,26,2,28,88
04/04/2011,FAR,ND,AGL,CE,Combined TRACON& Tower with Radar,16,40,59,5,120,0,1,48,5,54,16,41,107,10,174,92,4,96,270
04/05/2011,FAR,ND,AGL,CE,Combined TRACON& Tower with Radar,12,39,73,9,133,0,0,68,8,76,12,39,141,17,209,73,0,73,282
04/06/2011,FAR,ND,AGL,CE,Combined TRACON& Tower with Radar,15,39,74,18,146,0,1,70,8,79,15,40,144,26,225,211,22,233,458
04/07/2011,FAR,ND,AGL,CE,Combined TRACON& Tower with Radar,11,46,37,1,95,0,2,39,18,59,11,48,76,19,154,67,10,77,231
04/08/2011,FAR,ND,AGL,CE,Combined TRACON& Tower with Radar,15,41,46,2,104,0,0,69,12,81,15,41,115,14,185,158,0,158,343
04/09/2011,FAR,ND,AGL,CE,Combined TRACON& Tower with Radar,13,28,42,3,86,0,0,8,4,12,13,28,50,7,98,92,0,92,190
04/10/2011,FAR,ND,AGL,CE,Combined TRACON& Tower with Radar,9,27,18,2,56,0,0,0,0,0,9,27,18,2,56,5,0,5,61
04/11/2011,FAR,ND,AGL,CE,Combined TRACON& Tower with Radar,13,39,29,6,87,0,1,97,18,116,13,40,126,24,203,93,13,106,309
04/12/2011,FAR,ND,AGL,CE,Combined TRACON& Tower with Radar,10,40,30,11,91,0,2,66,22,90,10,42,96,33,181,27,16,43,224
04/13/2011,FAR,ND,AGL,CE,Combined TRACON& Tower with Radar,14,38,32,10,94,0,2,31,2,35,14,40,63,12,129,9,6,15,144
04/14/2011,FAR,ND,AGL,CE,Combined TRACON& Tower with Radar,12,43,28,7,90,0,0,62,6,68,12,43,90,13,158,24,0,24,182
04/15/2011,FAR,ND,AGL,CE,Combined TRACON& Tower with Radar,18,41,21,4,84,0,0,0,0,0,18,41,21,4,84,0,0,0,84
04/16/2011,FAR,ND,AGL,CE,Combined TRACON& Tower with Radar,13,30,18,0,61,0,1,10,1,12,13,31,28,1,73,72,3,75,148
04/17/2011,FAR,ND,AGL,CE,Combined TRACON& Tower with Radar,9,31,28,1,69,0,0,35,4,39,9,31,63,5,108,84,5,89,197
04/18/2011,FAR,ND,AGL,CE,Combined TRACON& Tower with Radar,13,43,51,1,108,0,1,16,4,21,13,44,67,5,129,23,0,23,152
04/19/2011,FAR,ND,AGL,CE,Combined TRACON& Tower with Radar,9,35,38,15,97,0,0,19,7,26,9,35,57,22,123,27,12,39,162
04/20/2011,FAR,ND,AGL,CE,Combined TRACON& Tower with Radar,16,37,31,12,96,0,0,12,4,16,16,37,43,16,112,36,6,42,154
04/21/2011,FAR,ND,AGL,CE,Combined TRACON& Tower with Radar,12,42,38,13,105,0,2,33,5,40,12,44,71,18,145,15,4,19,164
04/22/2011,FAR,ND,AGL,CE,Combined TRACON& Tower with Radar,14,37,6,5,62,0,0,2,0,2,14,37,8,5,64,0,3,3,67
04/23/2011,FAR,ND,AGL,CE,Combined TRACON& Tower with Radar,13,32,26,2,73,0,0,39,0,39,13,32,65,2,112,91,0,91,203
04/24/2011,FAR,ND,AGL,CE,Combined TRACON& Tower with Radar,9,29,12,0,50,0,0,26,3,29,9,29,38,3,79,34,2,36,115
04/25/2011,FAR,ND,AGL,CE,Combined TRACON& Tower with Radar,14,40,48,17,119,0,0,76,0,76,14,40,124,17,195,78,22,100,295
04/26/2011,FAR,ND,AGL,CE,Combined TRACON& Tower with Radar,10,36,44,21,111,0,0,40,5,45,10,36,84,26,156,72,24,96,252
04/27/2011,FAR,ND,AGL,CE,Combined TRACON& Tower with Radar,14,43,58,12,127,0,0,35,2,37,14,43,93,14,164,60,6,66,230
04/28/2011,FAR,ND,AGL,CE,Combined TRACON& Tower with Radar,10,41,43,16,110,0,1,82,5,88,10,42,125,21,198,142,7,149,347
04/29/2011,FAR,ND,AGL,CE,Combined TRACON& Tower with Radar,14,36,31,2,83,0,0,21,0,21,14,36,52,2,104,10,12,22,126
04/30/2011,FAR,ND,AGL,CE,Combined TRACON& Tower with Radar,11,28,15,0,54,0,0,6,4,10,11,28,21,4,64,43,0,43,107
05/01/2011,FAR,ND,AGL,CE,Combined TRACON& Tower with Radar,9,25,9,0,43,0,0,8,1,9,9,25,17,1,52,21,0,21,73
05/02/2011,FAR,ND,AGL,CE,Combined TRACON& Tower with Radar,16,45,48,6,115,0,0,62,2,64,16,45,110,8,179,164,12,176,355
05/03/2011,FAR,ND,AGL,CE,Combined TRACON& Tower with Radar,10,41,47,7,105,0,0,70,1,71,10,41,117,8,176,51,0,51,227
05/04/2011,FAR,ND,AGL,CE,Combined TRACON& Tower with Radar,11,43,46,3,103,0,1,30,3,34,11,44,76,6,137,44,0,44,181
05/05/2011,FAR,ND,AGL,CE,Combined TRACON& Tower with Radar,9,45,45,4,103,0,0,45,2,47,9,45,90,6,150,117,0,117,267
05/06/2011,FAR,ND,AGL,CE,Combined TRACON& Tower with Radar,14,50,43,16,123,0,0,48,4,52,14,50,91,20,175,66,0,66,241
05/07/2011,FAR,ND,AGL,CE,Combined TRACON& Tower with Radar,8,27,19,0,54,0,0,52,2,54,8,27,71,2,108,60,0,60,168
05/08/2011,FAR,ND,AGL,CE,Combined TRACON& Tower with Radar,8,30,22,2,62,0,1,7,1,9,8,31,29,3,71,16,0,16,87
05/09/2011,FAR,ND,AGL,CE,Combined TRACON& Tower with Radar,13,39,45,5,102,0,2,13,1,16,13,41,58,6,118,52,4,56,174
05/10/2011,FAR,ND,AGL,CE,Combined TRACON& Tower with Radar,13,42,32,8,95,0,0,33,1,34,13,42,65,9,129,81,0,81,210
05/11/2011,FAR,ND,AGL,CE,Combined TRACON& Tower with Radar,13,51,42,6,112,0,0,19,2,21,13,51,61,8,133,18,0,18,151
05/12/2011,FAR,ND,AGL,CE,Combined TRACON& Tower with Radar,12,54,26,1,93,0,1,11,2,14,12,55,37,3,107,14,0,14,121
05/13/2011,FAR,ND,AGL,CE,Combined TRACON& Tower with Radar,12,37,35,2,86,0,0,5,0,5,12,37,40,2,91,0,0,0,91
05/14/2011,FAR,ND,AGL,CE,Combined TRACON& Tower with Radar,10,27,14,2,53,0,0,13,3,16,10,27,27,5,69,20,0,20,89
05/15/2011,FAR,ND,AGL,CE,Combined TRACON& Tower with Radar,10,28,23,0,61,0,0,70,1,71,10,28,93,1,132,106,0,106,238
05/16/2011,FAR,ND,AGL,CE,Combined TRACON& Tower with Radar,14,42,51,0,107,0,2,56,4,62,14,44,107,4,169,112,0,112,281
05/17/2011,FAR,ND,AGL,CE,Combined TRACON& Tower with Radar,10,38,57,13,118,0,4,67,3,74,10,42,124,16,192,86,2,88,280
05/18/2011,FAR,ND,AGL,CE,Combined TRACON& Tower with Radar,10,37,34,1,82,0,0,47,5,52,10,37,81,6,134,80,0,80,214
05/19/2011,FAR,ND,AGL,CE,Combined TRACON& Tower with Radar,9,40,33,4,86,0,0,44,4,48,9,40,77,8,134,51,0,51,185
05/20/2011,FAR,ND,AGL,CE,Combined TRACON& Tower with Radar,11,42,55,5,113,0,0,18,0,18,11,42,73,5,131,13,0,13,144
05/21/2011,FAR,ND,AGL,CE,Combined TRACON& Tower with Radar,7,22,21,0,50,0,0,4,0,4,7,22,25,0,54,16,0,16,70
05/22/2011,FAR,ND,AGL,CE,Combined TRACON& Tower with Radar,11,25,22,0,58,0,0,3,4,7,11,25,25,4,65,10,2,12,77
05/23/2011,FAR,ND,AGL,CE,Combined TRACON& Tower with Radar,13,45,66,6,130,0,0,10,3,13,13,45,76,9,143,22,2,24,167
05/24/2011,FAR,ND,AGL,CE,Combined TRACON& Tower with Radar,10,44,70,8,132,0,0,9,2,11,10,44,79,10,143,56,4,60,203
05/25/2011,FAR,ND,AGL,CE,Combined TRACON& Tower with Radar,14,33,46,10,103,0,0,50,9,59,14,33,96,19,162,75,10,85,247
05/26/2011,FAR,ND,AGL,CE,Combined TRACON& Tower with Radar,10,41,59,9,119,0,2,58,3,63,10,43,117,12,182,145,0,145,327
05/27/2011,FAR,ND,AGL,CE,Combined TRACON& Tower with Radar,14,46,25,11,96,0,0,3,0,3,14,46,28,11,99,9,16,25,124
05/28/2011,FAR,ND,AGL,CE,Combined TRACON& Tower with Radar,12,20,18,0,50,0,0,10,0,10,12,20,28,0,60,10,2,12,72
05/29/2011,FAR,ND,AGL,CE,Combined TRACON& Tower with Radar,9,18,15,0,42,0,0,7,1,8,9,18,22,1,50,21,0,21,71
05/30/2011,FAR,ND,AGL,CE,Combined TRACON& Tower with Radar,16,24,30,0,70,0,1,8,1,10,16,25,38,1,80,28,0,28,108
05/31/2011,FAR,ND,AGL,CE,Combined TRACON& Tower with Radar,15,44,31,0,90,0,1,5,1,7,15,45,36,1,97,7,0,7,104
06/01/2011,FAR,ND,AGL,CE,Combined TRACON& Tower with Radar,14,43,33,9,99,0,2,45,4,51,14,45,78,13,150,73,0,73,223
06/02/2011,FAR,ND,AGL,CE,Combined TRACON& Tower with Radar,14,37,25,6,82,0,0,14,5,19,14,37,39,11,101,5,5,10,111
06/03/2011,FAR,ND,AGL,CE,Combined TRACON& Tower with Radar,12,41,34,11,98,0,2,36,5,43,12,43,70,16,141,84,0,84,225
06/04/2011,FAR,ND,AGL,CE,Combined TRACON& Tower with Radar,14,26,14,4,58,0,0,25,0,25,14,26,39,4,83,141,4,145,228
06/05/2011,FAR,ND,AGL,CE,Combined TRACON& Tower with Radar,10,28,12,6,56,0,0,34,2,36,10,28,46,8,92,83,2,85,177
06/06/2011,FAR,ND,AGL,CE,Combined TRACON& Tower with Radar,14,38,32,0,84,0,0,33,13,46,14,38,65,13,130,96,26,122,252
06/07/2011,FAR,ND,AGL,CE,Combined TRACON& Tower with Radar,7,49,34,0,90,0,1,17,2,20,7,50,51,2,110,56,0,56,166
06/08/2011,FAR,ND,AGL,CE,Combined TRACON& Tower with Radar,16,36,39,0,91,0,1,29,5,35,16,37,68,5,126,81,0,81,207
06/09/2011,FAR,ND,AGL,CE,Combined TRACON& Tower with Radar,12,37,50,12,111,0,1,55,6,62,12,38,105,18,173,158,20,178,351
06/10/2011,FAR,ND,AGL,CE,Combined TRACON& Tower with Radar,13,40,28,12,93,0,0,15,4,19,13,40,43,16,112,70,11,81,193
06/11/2011,FAR,ND,AGL,CE,Combined TRACON& Tower with Radar,8,33,24,0,65,0,0,46,2,48,8,33,70,2,113,64,0,64,177
06/12/2011,FAR,ND,AGL,CE,Combined TRACON& Tower with Radar,11,29,28,4,72,0,0,19,5,24,11,29,47,9,96,4,0,4,100
06/13/2011,FAR,ND,AGL,CE,Combined TRACON& Tower with Radar,17,44,32,0,93,0,1,12,3,16,17,45,44,3,109,22,2,24,133
06/14/2011,FAR,ND,AGL,CE,Combined TRACON& Tower with Radar,14,50,51,13,128,0,1,16,8,25,14,51,67,21,153,18,12,30,183
06/15/2011,FAR,ND,AGL,CE,Combined TRACON& Tower with Radar,16,44,47,1,108,0,0,4,0,4,16,44,51,1,112,0,0,0,112
06/16/2011,FAR,ND,AGL,CE,Combined TRACON& Tower with Radar,13,44,60,15,132,0,0,50,2,52,13,44,110,17,184,92,6,98,282
06/17/2011,FAR,ND,AGL,CE,Combined TRACON& Tower with Radar,15,53,24,22,114,0,0,19,1,20,15,53,43,23,134,28,10,38,172
06/18/2011,FAR,ND,AGL,CE,Combined TRACON& Tower with Radar,10,33,26,0,69,0,0,66,2,68,10,33,92,2,137,104,1,105,242
06/19/2011,FAR,ND,AGL,CE,Combined TRACON& Tower with Radar,11,33,35,0,79,0,0,49,0,49,11,33,84,0,128,134,0,134,262
06/20/2011,FAR,ND,AGL,CE,Combined TRACON& Tower with Radar,19,38,67,12,136,0,0,19,1,20,19,38,86,13,156,123,12,135,291
06/21/2011,FAR,ND,AGL,CE,Combined TRACON& Tower with Radar,15,42,22,4,83,0,0,1,1,2,15,42,23,5,85,0,0,0,85
06/22/2011,FAR,ND,AGL,CE,Combined TRACON& Tower with Radar,16,40,54,8,118,0,0,0,0,0,16,40,54,8,118,10,1,11,129
06/23/2011,FAR,ND,AGL,CE,Combined TRACON& Tower with Radar,11,51,56,2,120,0,4,43,2,49,11,55,99,4,169,163,1,164,333
06/24/2011,FAR,ND,AGL,CE,Combined TRACON& Tower with Radar,14,48,68,9,139,0,0,43,7,50,14,48,111,16,189,35,10,45,234
06/25/2011,FAR,ND,AGL,CE,Combined TRACON& Tower with Radar,9,27,23,0,59,0,0,32,8,40,9,27,55,8,99,26,0,26,125
06/26/2011,FAR,ND,AGL,CE,Combined TRACON& Tower with Radar,13,28,17,0,58,0,0,11,2,13,13,28,28,2,71,11,0,11,82
06/27/2011,FAR,ND,AGL,CE,Combined TRACON& Tower with Radar,16,40,46,0,102,0,0,10,2,12,16,40,56,2,114,25,0,25,139
06/28/2011,FAR,ND,AGL,CE,Combined TRACON& Tower with Radar,14,44,66,3,127,0,0,71,6,77,14,44,137,9,204,156,1,157,361
06/29/2011,FAR,ND,AGL,CE,Combined TRACON& Tower with Radar,16,41,45,2,104,0,0,46,4,50,16,41,91,6,154,87,0,87,241
06/30/2011,FAR,ND,AGL,CE,Combined TRACON& Tower with Radar,12,40,42,8,102,0,0,48,5,53,12,40,90,13,155,105,7,112,267
07/01/2011,FAR,ND,AGL,CE,Combined TRACON& Tower with Radar,22,47,23,5,97,0,1,31,2,34,22,48,54,7,131,132,0,132,263
07/02/2011,FAR,ND,AGL,CE,Combined TRACON& Tower with Radar,12,27,12,0,51,0,0,56,0,56,12,27,68,0,107,74,0,74,181
07/03/2011,FAR,ND,AGL,CE,Combined TRACON& Tower with Radar,9,24,6,0,39,0,0,24,2,26,9,24,30,2,65,12,0,12,77
07/04/2011,FAR,ND,AGL,CE,Combined TRACON& Tower with Radar,17,26,9,0,52,0,0,16,5,21,17,26,25,5,73,3,0,3,76
07/05/2011,FAR,ND,AGL,CE,Combined TRACON& Tower with Radar,11,49,49,6,115,0,3,41,2,46,11,52,90,8,161,60,0,60,221
07/06/2011,FAR,ND,AGL,CE,Combined TRACON& Tower with Radar,16,49,38,6,109,0,1,51,4,56,16,50,89,10,165,136,5,141,306
07/07/2011,FAR,ND,AGL,CE,Combined TRACON& Tower with Radar,11,45,30,8,94,0,0,44,2,46,11,45,74,10,140,182,6,188,328
07/08/2011,FAR,ND,AGL,CE,Combined TRACON& Tower with Radar,17,46,47,13,123,0,1,54,10,65,17,47,101,23,188,53,26,79,267
07/09/2011,FAR,ND,AGL,CE,Combined TRACON& Tower with Radar,16,29,29,1,75,0,0,23,1,24,16,29,52,2,99,82,0,82,181
07/10/2011,FAR,ND,AGL,CE,Combined TRACON& Tower with Radar,13,29,20,0,62,0,0,20,0,20,13,29,40,0,82,45,0,45,127
07/11/2011,FAR,ND,AGL,CE,Combined TRACON& Tower with Radar,16,41,33,1,91,0,1,34,6,41,16,42,67,7,132,73,0,73,205
07/12/2011,FAR,ND,AGL,CE,Combined TRACON& Tower with Radar,16,51,44,7,118,0,0,56,7,63,16,51,100,14,181,73,0,73,254
07/13/2011,FAR,ND,AGL,CE,Combined TRACON& Tower with Radar,15,48,52,6,121,0,1,45,2,48,15,49,97,8,169,25,0,25,194
07/14/2011,FAR,ND,AGL,CE,Combined TRACON& Tower with Radar,11,45,61,6,123,0,0,10,1,11,11,45,71,7,134,12,1,13,147
07/15/2011,FAR,ND,AGL,CE,Combined TRACON& Tower with Radar,18,43,44,5,110,0,0,24,0,24,18,43,68,5,134,23,0,23,157
07/16/2011,FAR,ND,AGL,CE,Combined TRACON& Tower with Radar,13,36,18,0,67,0,0,49,0,49,13,36,67,0,116,38,0,38,154
07/17/2011,FAR,ND,AGL,CE,Combined TRACON& Tower with Radar,10,37,17,0,64,0,0,46,0,46,10,37,63,0,110,42,0,42,152
07/18/2011,FAR,ND,AGL,CE,Combined TRACON& Tower with Radar,14,48,57,9,128,0,0,42,5,47,14,48,99,14,175,98,10,108,283
07/19/2011,FAR,ND,AGL,CE,Combined TRACON& Tower with Radar,13,42,47,6,108,0,1,15,0,16,13,43,62,6,124,20,0,20,144
07/20/2011,FAR,ND,AGL,CE,Combined TRACON& Tower with Radar,16,54,34,6,110,0,3,42,4,49,16,57,76,10,159,43,0,43,202
07/21/2011,FAR,ND,AGL,CE,Combined TRACON& Tower with Radar,11,46,65,6,128,0,5,75,2,82,11,51,140,8,210,110,2,112,322
07/22/2011,FAR,ND,AGL,CE,Combined TRACON& Tower with Radar,13,45,42,10,110,0,2,57,6,65,13,47,99,16,175,168,27,195,370
07/23/2011,FAR,ND,AGL,CE,Combined TRACON& Tower with Radar,12,28,41,0,81,0,0,10,3,13,12,28,51,3,94,12,0,12,106
07/24/2011,FAR,ND,AGL,CE,Combined TRACON& Tower with Radar,15,27,26,2,70,0,0,34,3,37,15,27,60,5,107,65,0,65,172
07/25/2011,FAR,ND,AGL,CE,Combined TRACON& Tower with Radar,15,56,52,1,124,0,1,63,5,69,15,57,115,6,193,152,0,152,345
07/26/2011,FAR,ND,AGL,CE,Combined TRACON& Tower with Radar,13,48,29,20,110,0,2,24,4,30,13,50,53,24,140,61,23,84,224
07/27/2011,FAR,ND,AGL,CE,Combined TRACON& Tower with Radar,15,52,37,9,113,0,1,31,2,34,15,53,68,11,147,100,0,100,247
07/28/2011,FAR,ND,AGL,CE,Combined TRACON& Tower with Radar,8,45,45,6,104,0,0,47,4,51,8,45,92,10,155,44,0,44,199
07/29/2011,FAR,ND,AGL,CE,Combined TRACON& Tower with Radar,13,38,31,3,85,0,0,52,4,56,13,38,83,7,141,93,0,93,234
07/30/2011,FAR,ND,AGL,CE,Combined TRACON& Tower with Radar,13,29,19,3,64,0,0,33,1,34,13,29,52,4,98,54,0,54,152
07/31/2011,FAR,ND,AGL,CE,Combined TRACON& Tower with Radar,12,34,30,0,76,0,0,48,0,48,12,34,78,0,124,64,1,65,189
08/01/2011,FAR,ND,AGL,CE,Combined TRACON& Tower with Radar,26,49,26,5,106,0,2,11,1,14,26,51,37,6,120,15,0,15,135
08/02/2011,FAR,ND,AGL,CE,Combined TRACON& Tower with Radar,11,45,32,6,94,0,1,30,2,33,11,46,62,8,127,31,12,43,170
08/03/2011,FAR,ND,AGL,CE,Combined TRACON& Tower with Radar,18,42,39,9,108,0,1,69,3,73,18,43,108,12,181,69,6,75,256
08/04/2011,FAR,ND,AGL,CE,Combined TRACON& Tower with Radar,12,56,45,20,133,0,0,51,6,57,12,56,96,26,190,76,26,102,292
08/05/2011,FAR,ND,AGL,CE,Combined TRACON& Tower with Radar,16,39,30,7,92,0,1,28,3,32,16,40,58,10,124,47,0,47,171
08/06/2011,FAR,ND,AGL,CE,Combined TRACON& Tower with Radar,14,27,17,7,65,0,0,19,1,20,14,27,36,8,85,10,0,10,95
08/07/2011,FAR,ND,AGL,CE,Combined TRACON& Tower with Radar,12,26,39,8,85,0,0,40,2,42,12,26,79,10,127,107,0,107,234
08/08/2011,FAR,ND,AGL,CE,Combined TRACON& Tower with Radar,15,41,46,0,102,0,4,21,7,32,15,45,67,7,134,73,1,74,208
08/09/2011,FAR,ND,AGL,CE,Combined TRACON& Tower with Radar,9,46,41,11,107,0,1,35,4,40,9,47,76,15,147,73,16,89,236
08/10/2011,FAR,ND,AGL,CE,Combined TRACON& Tower with Radar,13,48,47,10,118,0,1,74,1,76,13,49,121,11,194,88,0,88,282
08/11/2011,FAR,ND,AGL,CE,Combined TRACON& Tower with Radar,14,44,30,7,95,0,0,42,4,46,14,44,72,11,141,76,0,76,217
08/12/2011,FAR,ND,AGL,CE,Combined TRACON& Tower with Radar,17,41,23,13,94,0,0,24,4,28,17,41,47,17,122,0,0,0,122
08/13/2011,FAR,ND,AGL,CE,Combined TRACON& Tower with Radar,12,29,24,2,67,0,1,28,2,31,12,30,52,4,98,176,10,186,284
08/14/2011,FAR,ND,AGL,CE,Combined TRACON& Tower with Radar,15,32,49,11,107,0,1,69,2,72,15,33,118,13,179,253,2,255,434
08/15/2011,FAR,ND,AGL,CE,Combined TRACON& Tower with Radar,16,42,68,16,142,0,2,62,4,68,16,44,130,20,210,213,1,214,424
08/16/2011,FAR,ND,AGL,CE,Combined TRACON& Tower with Radar,10,45,77,8,140,0,0,30,5,35,10,45,107,13,175,103,1,104,279
08/17/2011,FAR,ND,AGL,CE,Combined TRACON& Tower with Radar,12,48,68,8,136,0,0,39,3,42,12,48,107,11,178,122,0,122,300
08/18/2011,FAR,ND,AGL,CE,Combined TRACON& Tower with Radar,10,49,72,7,138,0,2,54,1,57,10,51,126,8,195,115,0,115,310
08/19/2011,FAR,ND,AGL,CE,Combined TRACON& Tower with Radar,12,50,35,7,104,0,1,54,6,61,12,51,89,13,165,50,0,50,215
08/20/2011,FAR,ND,AGL,CE,Combined TRACON& Tower with Radar,5,26,24,2,57,0,1,27,1,29,5,27,51,3,86,82,0,82,168
08/21/2011,FAR,ND,AGL,CE,Combined TRACON& Tower with Radar,8,36,22,1,67,0,1,42,0,43,8,37,64,1,110,64,0,64,174
08/22/2011,FAR,ND,AGL,CE,Combined TRACON& Tower with Radar,12,44,49,2,107,1,1,48,0,50,13,45,97,2,157,112,0,112,269
08/23/2011,FAR,ND,AGL,CE,Combined TRACON& Tower with Radar,14,37,42,18,111,0,3,31,3,37,14,40,73,21,148,91,14,105,253
08/24/2011,FAR,ND,AGL,CE,Combined TRACON& Tower with Radar,14,39,43,9,105,0,1,41,6,48,14,40,84,15,153,22,0,22,175
08/25/2011,FAR,ND,AGL,CE,Combined TRACON& Tower with Radar,10,46,46,14,116,0,2,35,2,39,10,48,81,16,155,124,8,132,287
08/26/2011,FAR,ND,AGL,CE,Combined TRACON& Tower with Radar,14,49,49,7,119,0,1,47,3,51,14,50,96,10,170,128,0,128,298
08/27/2011,FAR,ND,AGL,CE,Combined TRACON& Tower with Radar,8,30,29,2,69,0,0,40,1,41,8,30,69,3,110,124,1,125,235
08/28/2011,FAR,ND,AGL,CE,Combined TRACON& Tower with Radar,6,31,29,0,66,0,0,36,2,38,6,31,65,2,104,136,0,136,240
08/29/2011,FAR,ND,AGL,CE,Combined TRACON& Tower with Radar,14,51,49,2,116,0,1,55,5,61,14,52,104,7,177,41,0,41,218
08/30/2011,FAR,ND,AGL,CE,Combined TRACON& Tower with Radar,10,42,49,8,109,0,0,11,4,15,10,42,60,12,124,34,0,34,158
08/31/2011,FAR,ND,AGL,CE,Combined TRACON& Tower with Radar,14,45,52,32,143,0,1,20,4,25,14,46,72,36,168,40,28,68,236
09/01/2011,FAR,ND,AGL,CE,Combined TRACON& Tower with Radar,9,51,68,6,134,0,0,36,1,37,9,51,104,7,171,104,0,104,275
09/02/2011,FAR,ND,AGL,CE,Combined TRACON& Tower with Radar,16,46,42,10,114,0,0,35,2,37,16,46,77,12,151,60,8,68,219
09/03/2011,FAR,ND,AGL,CE,Combined TRACON& Tower with Radar,10,19,19,0,48,0,0,25,1,26,10,19,44,1,74,30,0,30,104
09/04/2011,FAR,ND,AGL,CE,Combined TRACON& Tower with Radar,5,21,19,0,45,0,0,19,0,19,5,21,38,0,64,52,0,52,116
09/05/2011,FAR,ND,AGL,CE,Combined TRACON& Tower with Radar,14,31,37,0,82,0,1,62,7,70,14,32,99,7,152,85,0,85,237
09/06/2011,FAR,ND,AGL,CE,Combined TRACON& Tower with Radar,10,44,38,0,92,0,0,59,3,62,10,44,97,3,154,82,0,82,236
09/07/2011,FAR,ND,AGL,CE,Combined TRACON& Tower with Radar,5,50,43,5,103,0,5,55,7,67,5,55,98,12,170,111,2,113,283
09/08/2011,FAR,ND,AGL,CE,Combined TRACON& Tower with Radar,8,49,46,2,105,0,3,52,4,59,8,52,98,6,164,126,0,126,290
09/09/2011,FAR,ND,AGL,CE,Combined TRACON& Tower with Radar,13,45,51,1,110,0,1,64,1,66,13,46,115,2,176,129,1,130,306
09/10/2011,FAR,ND,AGL,CE,Combined TRACON& Tower with Radar,8,20,42,5,75,0,0,53,3,56,8,20,95,8,131,128,0,128,259
09/11/2011,FAR,ND,AGL,CE,Combined TRACON& Tower with Radar,5,32,23,1,61,0,0,68,3,71,5,32,91,4,132,89,1,90,222
09/12/2011,FAR,ND,AGL,CE,Combined TRACON& Tower with Radar,12,46,37,0,95,0,5,27,5,37,12,51,64,5,132,33,1,34,166
09/13/2011,FAR,ND,AGL,CE,Combined TRACON& Tower with Radar,8,48,23,0,79,0,3,25,2,30,8,51,48,2,109,67,0,67,176
09/14/2011,FAR,ND,AGL,CE,Combined TRACON& Tower with Radar,8,49,37,4,98,0,1,54,3,58,8,50,91,7,156,150,0,150,306
09/15/2011,FAR,ND,AGL,CE,Combined TRACON& Tower with Radar,8,49,53,7,117,0,4,58,2,64,8,53,111,9,181,145,7,152,333
09/16/2011,FAR,ND,AGL,CE,Combined TRACON& Tower with Radar,11,49,43,5,108,0,0,32,2,34,11,49,75,7,142,69,0,69,211
09/17/2011,FAR,ND,AGL,CE,Combined TRACON& Tower with Radar,6,24,30,0,60,0,0,7,2,9,6,24,37,2,69,11,0,11,80
09/18/2011,FAR,ND,AGL,CE,Combined TRACON& Tower with Radar,5,31,23,1,60,0,0,25,1,26,5,31,48,2,86,106,0,106,192
09/19/2011,FAR,ND,AGL,CE,Combined TRACON& Tower with Radar,12,45,46,0,103,0,0,69,3,72,12,45,115,3,175,83,0,83,258
09/20/2011,FAR,ND,AGL,CE,Combined TRACON& Tower with Radar,8,45,38,6,97,0,1,2,6,9,8,46,40,12,106,45,10,55,161
09/21/2011,FAR,ND,AGL,CE,Combined TRACON& Tower with Radar,8,43,49,21,121,0,2,1,4,7,8,45,50,25,128,29,35,64,192
09/22/2011,FAR,ND,AGL,CE,Combined TRACON& Tower with Radar,6,47,52,6,111,0,1,70,2,73,6,48,122,8,184,119,0,119,303
09/23/2011,FAR,ND,AGL,CE,Combined TRACON& Tower with Radar,11,48,45,8,112,0,0,47,1,48,11,48,92,9,160,156,0,156,316
09/24/2011,FAR,ND,AGL,CE,Combined TRACON& Tower with Radar,6,23,29,2,60,0,0,86,8,94,6,23,115,10,154,177,1,178,332
09/25/2011,FAR,ND,AGL,CE,Combined TRACON& Tower with Radar,5,35,29,0,69,0,3,62,2,67,5,38,91,2,136,102,0,102,238
09/26/2011,FAR,ND,AGL,CE,Combined TRACON& Tower with Radar,12,44,35,7,98,0,1,58,2,61,12,45,93,9,159,162,7,169,328
09/27/2011,FAR,ND,AGL,CE,Combined TRACON& Tower with Radar,8,41,55,16,120,0,2,57,4,63,8,43,112,20,183,182,34,216,399
09/28/2011,FAR,ND,AGL,CE,Combined TRACON& Tower with Radar,8,43,43,7,101,0,3,66,9,78,8,46,109,16,179,78,1,79,258
09/29/2011,FAR,ND,AGL,CE,Combined TRACON& Tower with Radar,7,48,39,9,103,0,0,20,12,32,7,48,59,21,135,32,20,52,187
09/30/2011,FAR,ND,AGL,CE,Combined TRACON& Tower with Radar,12,50,52,0,114,0,0,72,3,75,12,50,124,3,189,109,0,109,298
10/01/2011,FAR,ND,AGL,CE,Combined TRACON& Tower with Radar,10,18,18,0,46,0,1,26,4,31,10,19,44,4,77,113,4,117,194
10/02/2011,FAR,ND,AGL,CE,Combined TRACON& Tower with Radar,8,29,19,3,59,0,0,63,0,63,8,29,82,3,122,101,0,101,223
10/03/2011,FAR,ND,AGL,CE,Combined TRACON& Tower with Radar,15,51,41,1,108,0,8,53,1,62,15,59,94,2,170,175,2,177,347
10/04/2011,FAR,ND,AGL,CE,Combined TRACON& Tower with Radar,11,39,63,6,119,0,4,48,1,53,11,43,111,7,172,100,1,101,273
10/05/2011,FAR,ND,AGL,CE,Combined TRACON& Tower with Radar,11,36,52,9,108,0,0,29,4,33,11,36,81,13,141,96,0,96,237
10/06/2011,FAR,ND,AGL,CE,Combined TRACON& Tower with Radar,10,39,32,9,90,0,0,13,9,22,10,39,45,18,112,31,16,47,159
10/07/2011,FAR,ND,AGL,CE,Combined TRACON& Tower with Radar,14,50,24,0,88,0,0,3,3,6,14,50,27,3,94,10,0,10,104
10/08/2011,FAR,ND,AGL,CE,Combined TRACON& Tower with Radar,13,21,30,0,64,0,1,52,0,53,13,22,82,0,117,129,0,129,246
10/09/2011,FAR,ND,AGL,CE,Combined TRACON& Tower with Radar,8,32,36,2,78,0,0,30,5,35,8,32,66,7,113,81,1,82,195
10/10/2011,FAR,ND,AGL,CE,Combined TRACON& Tower with Radar,15,41,46,2,104,0,0,12,2,14,15,41,58,4,118,31,0,31,149
10/11/2011,FAR,ND,AGL,CE,Combined TRACON& Tower with Radar,11,44,43,6,104,0,1,66,2,69,11,45,109,8,173,169,8,177,350
10/12/2011,FAR,ND,AGL,CE,Combined TRACON& Tower with Radar,9,46,36,13,104,0,1,54,0,55,9,47,90,13,159,125,0,125,284
10/13/2011,FAR,ND,AGL,CE,Combined TRACON& Tower with Radar,10,47,62,8,127,0,1,43,0,44,10,48,105,8,171,153,1,154,325
10/14/2011,FAR,ND,AGL,CE,Combined TRACON& Tower with Radar,10,49,39,4,102,0,0,32,4,36,10,49,71,8,138,60,5,65,203
10/15/2011,FAR,ND,AGL,CE,Combined TRACON& Tower with Radar,16,20,29,2,67,0,1,40,3,44,16,21,69,5,111,71,0,71,182
10/16/2011,FAR,ND,AGL,CE,Combined TRACON& Tower with Radar,8,36,17,2,63,0,0,24,0,24,8,36,41,2,87,29,0,29,116
10/17/2011,FAR,ND,AGL,CE,Combined TRACON& Tower with Radar,15,48,43,3,109,0,3,37,3,43,15,51,80,6,152,73,2,75,227
10/18/2011,FAR,ND,AGL,CE,Combined TRACON& Tower with Radar,11,45,53,6,115,0,0,36,2,38,11,45,89,8,153,23,0,23,176
10/19/2011,FAR,ND,AGL,CE,Combined TRACON& Tower with Radar,12,43,53,8,116,0,0,45,3,48,12,43,98,11,164,66,16,82,246
10/20/2011,FAR,ND,AGL,CE,Combined TRACON& Tower with Radar,10,39,49,2,100,0,2,48,5,55,10,41,97,7,155,71,0,71,226
10/21/2011,FAR,ND,AGL,CE,Combined TRACON& Tower with Radar,13,48,55,2,118,0,3,63,1,67,13,51,118,3,185,126,4,130,315
10/22/2011,FAR,ND,AGL,CE,Combined TRACON& Tower with Radar,13,18,24,0,55,0,0,39,0,39,13,18,63,0,94,59,0,59,153
10/23/2011,FAR,ND,AGL,CE,Combined TRACON& Tower with Radar,8,31,19,2,60,0,0,27,1,28,8,31,46,3,88,63,0,63,151
10/24/2011,FAR,ND,AGL,CE,Combined TRACON& Tower with Radar,15,47,51,8,121,0,0,46,3,49,15,47,97,11,170,165,8,173,343
10/25/2011,FAR,ND,AGL,CE,Combined TRACON& Tower with Radar,11,45,40,4,100,0,0,48,2,50,11,45,88,6,150,173,1,174,324
10/26/2011,FAR,ND,AGL,CE,Combined TRACON& Tower with Radar,11,40,48,4,103,0,1,41,0,42,11,41,89,4,145,153,0,153,298
10/27/2011,FAR,ND,AGL,CE,Combined TRACON& Tower with Radar,10,44,75,7,136,0,0,42,1,43,10,44,117,8,179,202,2,204,383
10/28/2011,FAR,ND,AGL,CE,Combined TRACON& Tower with Radar,16,47,42,5,110,0,1,45,3,49,16,48,87,8,159,99,0,99,258
10/29/2011,FAR,ND,AGL,CE,Combined TRACON& Tower with Radar,13,21,35,0,69,0,0,42,2,44,13,21,77,2,113,65,0,65,178
10/30/2011,FAR,ND,AGL,CE,Combined TRACON& Tower with Radar,8,36,14,2,60,0,0,20,5,25,8,36,34,7,85,37,0,37,122
10/31/2011,FAR,ND,AGL,CE,Combined TRACON& Tower with Radar,13,46,50,2,111,0,0,36,2,38,13,46,86,4,149,95,1,96,245
11/01/2011,FAR,ND,AGL,CE,Combined TRACON& Tower with Radar,11,41,43,2,97,0,3,41,3,47,11,44,84,5,144,95,0,95,239
11/02/2011,FAR,ND,AGL,CE,Combined TRACON& Tower with Radar,8,47,49,8,112,0,1,79,3,83,8,48,128,11,195,132,0,132,327
11/03/2011,FAR,ND,AGL,CE,Combined TRACON& Tower with Radar,10,47,44,2,103,0,1,52,2,55,10,48,96,4,158,125,0,125,283
11/04/2011,FAR,ND,AGL,CE,Combined TRACON& Tower with Radar,16,42,27,8,93,0,0,13,3,16,16,42,40,11,109,24,5,29,138
11/05/2011,FAR,ND,AGL,CE,Combined TRACON& Tower with Radar,13,20,20,2,55,0,1,10,1,12,13,21,30,3,67,31,0,31,98
11/06/2011,FAR,ND,AGL,CE,Combined TRACON& Tower with Radar,7,35,14,0,56,0,0,3,0,3,7,35,17,0,59,0,0,0,59
11/07/2011,FAR,ND,AGL,CE,Combined TRACON& Tower with Radar,15,37,53,0,105,0,0,43,3,46,15,37,96,3,151,136,0,136,287
11/08/2011,FAR,ND,AGL,CE,Combined TRACON& Tower with Radar,14,32,46,1,93,0,1,56,3,60,14,33,102,4,153,55,0,55,208
11/09/2011,FAR,ND,AGL,CE,Combined TRACON& Tower with Radar,16,34,52,2,104,0,2,25,0,27,16,36,77,2,131,53,1,54,185
11/10/2011,FAR,ND,AGL,CE,Combined TRACON& Tower with Radar,12,35,71,15,133,0,0,50,2,52,12,35,121,17,185,111,10,121,306
11/11/2011,FAR,ND,AGL,CE,Combined TRACON& Tower with Radar,19,35,80,0,134,0,0,62,2,64,19,35,142,2,198,195,3,198,396
11/12/2011,FAR,ND,AGL,CE,Combined TRACON& Tower with Radar,9,29,41,0,79,0,1,69,1,71,9,30,110,1,150,69,2,71,221
11/13/2011,FAR,ND,AGL,CE,Combined TRACON& Tower with Radar,10,29,17,0,56,0,0,17,0,17,10,29,34,0,73,32,0,32,105
11/14/2011,FAR,ND,AGL,CE,Combined TRACON& Tower with Radar,14,46,58,0,118,0,0,31,4,35,14,46,89,4,153,43,0,43,196
11/15/2011,FAR,ND,AGL,CE,Combined TRACON& Tower with Radar,11,37,38,7,93,0,0,13,0,13,11,37,51,7,106,38,0,38,144
11/16/2011,FAR,ND,AGL,CE,Combined TRACON& Tower with Radar,16,38,65,13,132,0,0,29,2,31,16,38,94,15,163,74,6,80,243
11/17/2011,FAR,ND,AGL,CE,Combined TRACON& Tower with Radar,18,46,86,2,152,0,1,48,3,52,18,47,134,5,204,179,0,179,383
11/18/2011,FAR,ND,AGL,CE,Combined TRACON& Tower with Radar,13,41,49,6,109,0,0,25,2,27,13,41,74,8,136,92,0,92,228
11/19/2011,FAR,ND,AGL,CE,Combined TRACON& Tower with Radar,11,26,18,0,55,0,0,10,0,10,11,26,28,0,65,73,0,73,138
11/20/2011,FAR,ND,AGL,CE,Combined TRACON& Tower with Radar,10,28,30,0,68,0,0,66,0,66,10,28,96,0,134,215,0,215,349
11/21/2011,FAR,ND,AGL,CE,Combined TRACON& Tower with Radar,10,41,69,36,156,0,1,54,2,57,10,42,123,38,213,117,56,173,386
11/22/2011,FAR,ND,AGL,CE,Combined TRACON& Tower with Radar,9,44,86,45,184,0,0,27,1,28,9,44,113,46,212,132,34,166,378
11/23/2011,FAR,ND,AGL,CE,Combined TRACON& Tower with Radar,11,50,46,21,128,0,1,68,0,69,11,51,114,21,197,133,10,143,340
11/24/2011,FAR,ND,AGL,CE,Combined TRACON& Tower with Radar,5,16,4,0,25,0,0,13,4,17,5,16,17,4,42,40,0,40,82
11/25/2011,FAR,ND,AGL,CE,Combined TRACON& Tower with Radar,6,29,21,0,56,0,2,24,2,28,6,31,45,2,84,92,0,92,176
11/26/2011,FAR,ND,AGL,CE,Combined TRACON& Tower with Radar,13,28,11,0,52,0,0,1,0,1,13,28,12,0,53,1,0,1,54
11/27/2011,FAR,ND,AGL,CE,Combined TRACON& Tower with Radar,14,34,40,0,88,0,0,70,2,72,14,34,110,2,160,135,1,136,296
11/28/2011,FAR,ND,AGL,CE,Combined TRACON& Tower with Radar,10,43,59,11,123,0,0,50,4,54,10,43,109,15,177,136,10,146,323
11/29/2011,FAR,ND,AGL,CE,Combined TRACON& Tower with Radar,12,39,64,16,131,0,1,77,3,81,12,40,141,19,212,140,20,160,372
11/30/2011,FAR,ND,AGL,CE,Combined TRACON& Tower with Radar,14,42,26,11,93,0,0,12,1,13,14,42,38,12,106,79,4,83,189
12/01/2011,FAR,ND,AGL,CE,Combined TRACON& Tower with Radar,12,42,63,12,129,0,1,55,2,58,12,43,118,14,187,100,4,104,291
12/02/2011,FAR,ND,AGL,CE,Combined TRACON& Tower with Radar,10,40,46,8,104,0,0,13,1,14,10,40,59,9,118,24,12,36,154
12/03/2011,FAR,ND,AGL,CE,Combined TRACON& Tower with Radar,11,21,3,16,51,0,1,18,0,19,11,22,21,16,70,48,22,70,140
12/04/2011,FAR,ND,AGL,CE,Combined TRACON& Tower with Radar,13,27,19,6,65,0,0,8,6,14,13,27,27,12,79,172,0,172,251
12/05/2011,FAR,ND,AGL,CE,Combined TRACON& Tower with Radar,13,35,56,2,106,0,0,41,0,41,13,35,97,2,147,112,0,112,259
12/06/2011,FAR,ND,AGL,CE,Combined TRACON& Tower with Radar,8,40,40,20,108,0,0,11,4,15,8,40,51,24,123,33,10,43,166
12/07/2011,FAR,ND,AGL,CE,Combined TRACON& Tower with Radar,14,39,47,6,106,0,1,46,2,49,14,40,93,8,155,102,4,106,261
12/08/2011,FAR,ND,AGL,CE,Combined TRACON& Tower with Radar,10,42,57,5,114,0,0,40,6,46,10,42,97,11,160,59,0,59,219
12/09/2011,FAR,ND,AGL,CE,Combined TRACON& Tower with Radar,13,42,64,6,125,0,0,71,2,73,13,42,135,8,198,116,0,116,314
12/10/2011,FAR,ND,AGL,CE,Combined TRACON& Tower with Radar,9,27,39,0,75,0,1,45,0,46,9,28,84,0,121,166,0,166,287
12/11/2011,FAR,ND,AGL,CE,Combined TRACON& Tower with Radar,10,27,31,0,68,0,0,57,0,57,10,27,88,0,125,125,0,125,250
12/12/2011,FAR,ND,AGL,CE,Combined TRACON& Tower with Radar,14,44,45,10,113,0,1,12,4,17,14,45,57,14,130,77,20,97,227
12/13/2011,FAR,ND,AGL,CE,Combined TRACON& Tower with Radar,8,45,39,4,96,0,0,3,0,3,8,45,42,4,99,21,0,21,120
12/14/2011,FAR,ND,AGL,CE,Combined TRACON& Tower with Radar,12,39,15,3,69,0,0,0,0,0,12,39,15,3,69,0,0,0,69
12/15/2011,FAR,ND,AGL,CE,Combined TRACON& Tower with Radar,12,49,59,12,132,0,0,42,4,46,12,49,101,16,178,72,4,76,254
12/16/2011,FAR,ND,AGL,CE,Combined TRACON& Tower with Radar,9,44,38,1,92,0,0,18,0,18,9,44,56,1,110,103,0,103,213
12/17/2011,FAR,ND,AGL,CE,Combined TRACON& Tower with Radar,14,31,32,0,77,0,0,51,0,51,14,31,83,0,128,61,0,61,189
12/18/2011,FAR,ND,AGL,CE,Combined TRACON& Tower with Radar,14,29,33,2,78,0,0,37,0,37,14,29,70,2,115,105,0,105,220
12/19/2011,FAR,ND,AGL,CE,Combined TRACON& Tower with Radar,11,40,29,39,119,0,1,31,7,39,11,41,60,46,158,132,66,198,356
12/20/2011,FAR,ND,AGL,CE,Combined TRACON& Tower with Radar,10,49,95,24,178,0,2,50,3,55,10,51,145,27,233,142,38,180,413
12/21/2011,FAR,ND,AGL,CE,Combined TRACON& Tower with Radar,14,48,56,13,131,0,1,32,3,36,14,49,88,16,167,81,14,95,262
12/22/2011,FAR,ND,AGL,CE,Combined TRACON& Tower with Radar,16,47,31,10,104,0,0,41,1,42,16,47,72,11,146,65,33,98,244
12/23/2011,FAR,ND,AGL,CE,Combined TRACON& Tower with Radar,14,49,18,14,95,0,0,39,0,39,14,49,57,14,134,54,18,72,206
12/24/2011,FAR,ND,AGL,CE,Combined TRACON& Tower with Radar,10,22,10,0,42,0,0,12,1,13,10,22,22,1,55,8,0,8,63
12/25/2011,FAR,ND,AGL,CE,Combined TRACON& Tower with Radar,9,24,4,0,37,0,0,17,3,20,9,24,21,3,57,13,0,13,70
12/26/2011,FAR,ND,AGL,CE,Combined TRACON& Tower with Radar,11,34,18,0,63,0,0,12,2,14,11,34,30,2,77,15,0,15,92
12/27/2011,FAR,ND,AGL,CE,Combined TRACON& Tower with Radar,15,47,18,0,80,0,0,27,0,27,15,47,45,0,107,75,0,75,182
12/28/2011,FAR,ND,AGL,CE,Combined TRACON& Tower with Radar,12,41,28,6,87,0,0,31,0,31,12,41,59,6,118,107,8,115,233
12/29/2011,FAR,ND,AGL,CE,Combined TRACON& Tower with Radar,16,44,13,19,92,0,0,23,1,24,16,44,36,20,116,40,30,70,186
12/30/2011,FAR,ND,AGL,CE,Combined TRACON& Tower with Radar,15,44,14,0,73,0,0,0,0,0,15,44,14,0,73,0,0,0,73
12/31/2011,FAR,ND,AGL,CE,Combined TRACON& Tower with Radar,7,28,3,0,38,0,0,0,0,0,7,28,3,0,38,0,0,0,38
01/01/2012,FAR,ND,AGL,CE,Combined TRACON& Tower with Radar,6,27,4,0,37,0,0,0,0,0,6,27,4,0,37,0,0,0,37
01/02/2012,FAR,ND,AGL,CE,Combined TRACON& Tower with Radar,11,36,17,0,64,0,0,31,0,31,11,36,48,0,95,64,1,65,160
01/03/2012,FAR,ND,AGL,CE,Combined TRACON& Tower with Radar,11,41,26,6,84,0,1,31,4,36,11,42,57,10,120,77,0,77,197
01/04/2012,FAR,ND,AGL,CE,Combined TRACON& Tower with Radar,12,41,36,18,107,0,3,50,2,55,12,44,86,20,162,103,18,121,283
01/05/2012,FAR,ND,AGL,CE,Combined TRACON& Tower with Radar,16,46,40,6,108,0,2,40,2,44,16,48,80,8,152,20,10,30,182
01/06/2012,FAR,ND,AGL,CE,Combined TRACON& Tower with Radar,12,41,42,8,103,0,1,28,0,29,12,42,70,8,132,41,6,47,179
01/07/2012,FAR,ND,AGL,CE,Combined TRACON& Tower with Radar,14,26,37,9,86,0,0,45,5,50,14,26,82,14,136,130,6,136,272
01/08/2012,FAR,ND,AGL,CE,Combined TRACON& Tower with Radar,16,28,17,9,70,0,0,31,2,33,16,28,48,11,103,37,9,46,149
01/09/2012,FAR,ND,AGL,CE,Combined TRACON& Tower with Radar,12,38,54,0,104,0,0,49,2,51,12,38,103,2,155,163,0,163,318
01/10/2012,FAR,ND,AGL,CE,Combined TRACON& Tower with Radar,8,39,45,36,128,0,0,48,1,49,8,39,93,37,177,132,50,182,359
01/11/2012,FAR,ND,AGL,CE,Combined TRACON& Tower with Radar,12,37,32,13,94,0,0,4,4,8,12,37,36,17,102,0,0,0,102
01/12/2012,FAR,ND,AGL,CE,Combined TRACON& Tower with Radar,12,33,42,16,103,0,0,12,0,12,12,33,54,16,115,26,6,32,147
01/13/2012,FAR,ND,AGL,CE,Combined TRACON& Tower with Radar,11,45,48,8,112,0,1,40,0,41,11,46,88,8,153,110,7,117,270
01/14/2012,FAR,ND,AGL,CE,Combined TRACON& Tower with Radar,10,27,39,0,76,0,1,30,2,33,10,28,69,2,109,114,1,115,224
01/15/2012,FAR,ND,AGL,CE,Combined TRACON& Tower with Radar,12,35,29,0,76,0,1,35,0,36,12,36,64,0,112,82,3,85,197
01/16/2012,FAR,ND,AGL,CE,Combined TRACON& Tower with Radar,12,34,36,0,82,0,0,14,2,16,12,34,50,2,98,96,0,96,194
01/17/2012,FAR,ND,AGL,CE,Combined TRACON& Tower with Radar,6,32,42,3,83,0,0,42,0,42,6,32,84,3,125,41,8,49,174
01/18/2012,FAR,ND,AGL,CE,Combined TRACON& Tower with Radar,12,43,29,5,89,0,0,4,4,8,12,43,33,9,97,9,5,14,111
01/19/2012,FAR,ND,AGL,CE,Combined TRACON& Tower with Radar,12,39,51,2,104,0,2,41,1,44,12,41,92,3,148,47,0,47,195
01/20/2012,FAR,ND,AGL,CE,Combined TRACON& Tower with Radar,12,35,46,6,99,0,0,42,5,47,12,35,88,11,146,130,18,148,294
01/21/2012,FAR,ND,AGL,CE,Combined TRACON& Tower with Radar,10,22,25,2,59,0,0,8,0,8,10,22,33,2,67,5,0,5,72
01/22/2012,FAR,ND,AGL,CE,Combined TRACON& Tower with Radar,10,29,7,1,47,0,0,0,0,0,10,29,7,1,47,0,0,0,47
01/23/2012,FAR,ND,AGL,CE,Combined TRACON& Tower with Radar,12,45,27,0,84,0,0,0,1,1,12,45,27,1,85,0,0,0,85
01/24/2012,FAR,ND,AGL,CE,Combined TRACON& Tower with Radar,7,33,81,11,132,0,0,29,4,33,7,33,110,15,165,98,0,98,263
01/25/2012,FAR,ND,AGL,CE,Combined TRACON& Tower with Radar,12,46,29,6,93,0,0,3,0,3,12,46,32,6,96,23,0,23,119
01/26/2012,FAR,ND,AGL,CE,Combined TRACON& Tower with Radar,12,39,56,20,127,0,0,46,4,50,12,39,102,24,177,151,8,159,336
01/27/2012,FAR,ND,AGL,CE,Combined TRACON& Tower with Radar,12,36,26,8,82,0,0,14,3,17,12,36,40,11,99,33,0,33,132
01/28/2012,FAR,ND,AGL,CE,Combined TRACON& Tower with Radar,10,21,20,0,51,0,0,32,2,34,10,21,52,2,85,83,0,83,168
01/29/2012,FAR,ND,AGL,CE,Combined TRACON& Tower with Radar,10,27,23,0,60,0,0,49,7,56,10,27,72,7,116,90,0,90,206
01/30/2012,FAR,ND,AGL,CE,Combined TRACON& Tower with Radar,12,42,47,12,113,0,0,27,1,28,12,42,74,13,141,94,18,112,253
01/31/2012,FAR,ND,AGL,CE,Combined TRACON& Tower with Radar,9,40,31,5,85,0,0,1,0,1,9,40,32,5,86,3,0,3,89
02/01/2012,FAR,ND,AGL,CE,Combined TRACON& Tower with Radar,12,37,40,2,91,0,0,69,2,71,12,37,109,4,162,0,0,0,162
02/02/2012,FAR,ND,AGL,CE,Combined TRACON& Tower with Radar,7,30,32,3,72,0,0,0,0,0,7,30,32,3,72,114,2,116,188
02/03/2012,FAR,ND,AGL,CE,Combined TRACON& Tower with Radar,9,26,13,2,50,0,0,0,0,0,9,26,13,2,50,1,0,1,51
02/04/2012,FAR,ND,AGL,CE,Combined TRACON& Tower with Radar,14,22,17,2,55,0,0,0,0,0,14,22,17,2,55,1,0,1,56
02/05/2012,FAR,ND,AGL,CE,Combined TRACON& Tower with Radar,10,33,18,18,79,0,0,56,2,58,10,33,74,20,137,123,18,141,278
02/06/2012,FAR,ND,AGL,CE,Combined TRACON& Tower with Radar,13,38,51,0,102,0,1,14,8,23,13,39,65,8,125,47,0,47,172
02/07/2012,FAR,ND,AGL,CE,Combined TRACON& Tower with Radar,8,30,68,6,112,0,2,51,4,57,8,32,119,10,169,96,6,102,271
02/08/2012,FAR,ND,AGL,CE,Combined TRACON& Tower with Radar,14,34,44,5,97,0,0,61,6,67,14,34,105,11,164,94,4,98,262
02/09/2012,FAR,ND,AGL,CE,Combined TRACON& Tower with Radar,12,39,22,5,78,0,0,27,4,31,12,39,49,9,109,21,0,21,130
02/10/2012,FAR,ND,AGL,CE,Combined TRACON& Tower with Radar,12,38,48,3,101,0,0,48,0,48,12,38,96,3,149,43,0,43,192
02/11/2012,FAR,ND,AGL,CE,Combined TRACON& Tower with Radar,10,23,30,1,64,0,0,63,2,65,10,23,93,3,129,148,4,152,281
02/12/2012,FAR,ND,AGL,CE,Combined TRACON& Tower with Radar,10,29,26,0,65,0,0,50,4,54,10,29,76,4,119,37,0,37,156
02/13/2012,FAR,ND,AGL,CE,Combined TRACON& Tower with Radar,14,47,65,6,132,0,0,66,3,69,14,47,131,9,201,97,0,97,298
02/14/2012,FAR,ND,AGL,CE,Combined TRACON& Tower with Radar,8,43,61,8,120,0,3,48,1,52,8,46,109,9,172,51,3,54,226
02/15/2012,FAR,ND,AGL,CE,Combined TRACON& Tower with Radar,14,42,54,7,117,0,0,22,2,24,14,42,76,9,141,30,0,30,171
02/16/2012,FAR,ND,AGL,CE,Combined TRACON& Tower with Radar,14,45,63,9,131,0,0,53,1,54,14,45,116,10,185,60,4,64,249
02/17/2012,FAR,ND,AGL,CE,Combined TRACON& Tower with Radar,11,43,47,10,111,0,0,26,0,26,11,43,73,10,137,48,14,62,199
02/18/2012,FAR,ND,AGL,CE,Combined TRACON& Tower with Radar,11,28,34,0,73,0,0,87,4,91,11,28,121,4,164,141,0,141,305
02/19/2012,FAR,ND,AGL,CE,Combined TRACON& Tower with Radar,11,31,33,0,75,0,1,54,1,56,11,32,87,1,131,83,0,83,214
02/20/2012,FAR,ND,AGL,CE,Combined TRACON& Tower with Radar,13,48,25,0,86,0,0,0,0,0,13,48,25,0,86,0,0,0,86
02/21/2012,FAR,ND,AGL,CE,Combined TRACON& Tower with Radar,8,43,15,0,66,0,0,2,0,2,8,43,17,0,68,59,0,59,127
02/22/2012,FAR,ND,AGL,CE,Combined TRACON& Tower with Radar,14,46,38,8,106,0,0,10,1,11,14,46,48,9,117,40,2,42,159
02/23/2012,FAR,ND,AGL,CE,Combined TRACON& Tower with Radar,14,37,36,20,107,0,0,8,0,8,14,37,44,20,115,30,24,54,169
02/24/2012,FAR,ND,AGL,CE,Combined TRACON& Tower with Radar,12,50,41,12,115,0,1,14,0,15,12,51,55,12,130,21,2,23,153
02/25/2012,FAR,ND,AGL,CE,Combined TRACON& Tower with Radar,13,25,37,1,76,0,0,31,1,32,13,25,68,2,108,102,0,102,210
02/26/2012,FAR,ND,AGL,CE,Combined TRACON& Tower with Radar,14,36,20,0,70,0,0,0,0,0,14,36,20,0,70,0,0,0,70
02/27/2012,FAR,ND,AGL,CE,Combined TRACON& Tower with Radar,14,39,54,4,111,0,0,61,2,63,14,39,115,6,174,146,8,154,328
02/28/2012,FAR,ND,AGL,CE,Combined TRACON& Tower with Radar,10,41,20,13,84,0,0,12,33,45,10,41,32,46,129,0,0,0,129
02/29/2012,FAR,ND,AGL,CE,Combined TRACON& Tower with Radar,15,35,10,1,61,0,0,0,0,0,15,35,10,1,61,36,24,60,121
03/01/2012,FAR,ND,AGL,CE,Combined TRACON& Tower with Radar,15,42,28,9,94,0,0,8,5,13,15,42,36,14,107,73,14,87,194
03/02/2012,FAR,ND,AGL,CE,Combined TRACON& Tower with Radar,13,46,36,8,103,0,0,8,4,12,13,46,44,12,115,31,0,31,146
03/03/2012,FAR,ND,AGL,CE,Combined TRACON& Tower with Radar,12,30,29,24,95,0,0,15,1,16,12,30,44,25,111,49,18,67,178
03/04/2012,FAR,ND,AGL,CE,Combined TRACON& Tower with Radar,13,29,11,6,59,0,0,1,0,1,13,29,12,6,60,0,4,4,64
03/05/2012,FAR,ND,AGL,CE,Combined TRACON& Tower with Radar,12,41,67,0,120,0,2,44,0,46,12,43,111,0,166,51,0,51,217
03/06/2012,FAR,ND,AGL,CE,Combined TRACON& Tower with Radar,12,38,59,9,118,0,0,53,4,57,12,38,112,13,175,78,0,78,253
03/07/2012,FAR,ND,AGL,CE,Combined TRACON& Tower with Radar,12,39,48,7,106,0,0,11,0,11,12,39,59,7,117,24,0,24,141
03/08/2012,FAR,ND,AGL,CE,Combined TRACON& Tower with Radar,18,42,44,7,111,0,0,25,5,30,18,42,69,12,141,85,0,85,226
03/09/2012,FAR,ND,AGL,CE,Combined TRACON& Tower with Radar,11,53,41,5,110,0,1,41,0,42,11,54,82,5,152,69,0,69,221
03/10/2012,FAR,ND,AGL,CE,Combined TRACON& Tower with Radar,14,29,61,0,104,0,0,76,1,77,14,29,137,1,181,155,3,158,339
03/11/2012,FAR,ND,AGL,CE,Combined TRACON& Tower with Radar,16,30,31,1,78,0,0,60,3,63,16,30,91,4,141,92,0,92,233
03/12/2012,FAR,ND,AGL,CE,Combined TRACON& Tower with Radar,16,42,43,12,113,0,0,13,0,13,16,42,56,12,126,20,0,20,146
03/13/2012,FAR,ND,AGL,CE,Combined TRACON& Tower with Radar,14,42,80,5,141,0,0,47,7,54,14,42,127,12,195,110,0,110,305
03/14/2012,FAR,ND,AGL,CE,Combined TRACON& Tower with Radar,14,41,59,11,125,0,1,61,2,64,14,42,120,13,189,136,6,142,331
03/15/2012,FAR,ND,AGL,CE,Combined TRACON& Tower with Radar,18,46,62,7,133,0,0,57,5,62,18,46,119,12,195,170,2,172,367
03/16/2012,FAR,ND,AGL,CE,Combined TRACON& Tower with Radar,13,49,56,12,130,0,2,37,3,42,13,51,93,15,172,76,4,80,252
03/17/2012,FAR,ND,AGL,CE,Combined TRACON& Tower with Radar,15,32,36,5,88,0,0,35,2,37,15,32,71,7,125,51,0,51,176
03/18/2012,FAR,ND,AGL,CE,Combined TRACON& Tower with Radar,18,34,21,0,73,0,0,8,2,10,18,34,29,2,83,9,4,13,96
03/19/2012,FAR,ND,AGL,CE,Combined TRACON& Tower with Radar,14,44,39,2,99,0,1,5,4,10,14,45,44,6,109,10,1,11,120
03/20/2012,FAR,ND,AGL,CE,Combined TRACON& Tower with Radar,12,37,95,17,161,0,2,54,4,60,12,39,149,21,221,69,27,96,317
03/21/2012,FAR,ND,AGL,CE,Combined TRACON& Tower with Radar,18,42,65,8,133,0,3,62,12,77,18,45,127,20,210,111,6,117,327
03/22/2012,FAR,ND,AGL,CE,Combined TRACON& Tower with Radar,16,48,87,20,171,0,2,17,7,26,16,50,104,27,197,53,10,63,260
03/23/2012,FAR,ND,AGL,CE,Combined TRACON& Tower with Radar,13,45,59,10,127,0,0,3,0,3,13,45,62,10,130,50,0,50,180
03/24/2012,FAR,ND,AGL,CE,Combined TRACON& Tower with Radar,12,38,17,1,68,0,1,11,0,12,12,39,28,1,80,42,0,42,122
03/25/2012,FAR,ND,AGL,CE,Combined TRACON& Tower with Radar,14,32,24,1,71,0,0,41,0,41,14,32,65,1,112,78,0,78,190
03/26/2012,FAR,ND,AGL,CE,Combined TRACON& Tower with Radar,15,38,47,6,106,0,0,10,0,10,15,38,57,6,116,13,0,13,129
03/27/2012,FAR,ND,AGL,CE,Combined TRACON& Tower with Radar,14,36,43,14,107,0,0,0,0,0,14,36,43,14,107,2,12,14,121
03/28/2012,FAR,ND,AGL,CE,Combined TRACON& Tower with Radar,13,40,55,4,112,0,0,26,1,27,13,40,81,5,139,152,0,152,291
03/29/2012,FAR,ND,AGL,CE,Combined TRACON& Tower with Radar,15,44,50,14,123,0,0,3,1,4,15,44,53,15,127,20,10,30,157
03/30/2012,FAR,ND,AGL,CE,Combined TRACON& Tower with Radar,12,41,61,8,122,0,0,49,0,49,12,41,110,8,171,125,0,125,296
03/31/2012,FAR,ND,AGL,CE,Combined TRACON& Tower with Radar,14,30,40,0,84,0,0,58,1,59,14,30,98,1,143,169,0,169,312
04/01/2012,FAR,ND,AGL,CE,Combined TRACON& Tower with Radar,13,32,23,2,70,0,0,30,1,31,13,32,53,3,101,28,0,28,129
04/02/2012,FAR,ND,AGL,CE,Combined TRACON& Tower with Radar,11,43,32,0,86,0,0,4,0,4,11,43,36,0,90,47,0,47,137
04/03/2012,FAR,ND,AGL,CE,Combined TRACON& Tower with Radar,9,46,64,3,122,0,2,84,5,91,9,48,148,8,213,214,5,219,432
04/04/2012,FAR,ND,AGL,CE,Combined TRACON& Tower with Radar,13,40,48,12,113,0,4,88,2,94,13,44,136,14,207,133,16,149,356
04/05/2012,FAR,ND,AGL,CE,Combined TRACON& Tower with Radar,12,48,44,14,118,0,2,62,4,68,12,50,106,18,186,118,17,135,321
04/06/2012,FAR,ND,AGL,CE,Combined TRACON& Tower with Radar,9,49,19,0,77,0,0,15,1,16,9,49,34,1,93,13,0,13,106
04/07/2012,FAR,ND,AGL,CE,Combined TRACON& Tower with Radar,11,27,7,1,46,0,2,5,2,9,11,29,12,3,55,31,0,31,86
04/08/2012,FAR,ND,AGL,CE,Combined TRACON& Tower with Radar,11,30,6,0,47,0,0,11,0,11,11,30,17,0,58,10,0,10,68
04/09/2012,FAR,ND,AGL,CE,Combined TRACON& Tower with Radar,9,43,55,6,113,0,0,34,5,39,9,43,89,11,152,58,0,58,210
04/10/2012,FAR,ND,AGL,CE,Combined TRACON& Tower with Radar,9,39,75,7,130,0,0,47,4,51,9,39,122,11,181,93,0,93,274
04/11/2012,FAR,ND,AGL,CE,Combined TRACON& Tower with Radar,14,39,45,10,108,0,0,80,5,85,14,39,125,15,193,121,23,144,337
04/12/2012,FAR,ND,AGL,CE,Combined TRACON& Tower with Radar,11,45,46,16,118,0,0,21,9,30,11,45,67,25,148,61,24,85,233
04/13/2012,FAR,ND,AGL,CE,Combined TRACON& Tower with Radar,9,47,63,13,132,0,0,0,2,2,9,47,63,15,134,13,8,21,155
04/14/2012,FAR,ND,AGL,CE,Combined TRACON& Tower with Radar,12,23,22,15,72,0,0,85,5,90,12,23,107,20,162,112,22,134,296
04/15/2012,FAR,ND,AGL,CE,Combined TRACON& Tower with Radar,11,29,10,2,52,0,0,0,1,1,11,29,10,3,53,0,0,0,53
04/16/2012,FAR,ND,AGL,CE,Combined TRACON& Tower with Radar,11,45,42,14,112,0,0,37,4,41,11,45,79,18,153,141,18,159,312
04/17/2012,FAR,ND,AGL,CE,Combined TRACON& Tower with Radar,6,44,52,4,106,0,0,36,5,41,6,44,88,9,147,67,4,71,218
04/18/2012,FAR,ND,AGL,CE,Combined TRACON& Tower with Radar,12,42,82,9,145,0,0,24,2,26,12,42,106,11,171,139,12,151,322
04/19/2012,FAR,ND,AGL,CE,Combined TRACON& Tower with Radar,12,46,37,6,101,0,1,53,0,54,12,47,90,6,155,127,0,127,282
04/20/2012,FAR,ND,AGL,CE,Combined TRACON& Tower with Radar,10,42,43,14,109,0,0,73,2,75,10,42,116,16,184,149,14,163,347
04/21/2012,FAR,ND,AGL,CE,Combined TRACON& Tower with Radar,11,25,17,0,53,0,0,0,2,2,11,25,17,2,55,11,0,11,66
04/22/2012,FAR,ND,AGL,CE,Combined TRACON& Tower with Radar,19,31,26,0,76,0,0,49,2,51,19,31,75,2,127,88,1,89,216
04/23/2012,FAR,ND,AGL,CE,Combined TRACON& Tower with Radar,11,42,54,8,115,0,1,85,3,89,11,43,139,11,204,67,10,77,281
04/24/2012,FAR,ND,AGL,CE,Combined TRACON& Tower with Radar,7,39,65,30,141,0,1,69,1,71,7,40,134,31,212,172,34,206,418
04/25/2012,FAR,ND,AGL,CE,Combined TRACON& Tower with Radar,12,37,57,14,120,0,0,34,2,36,12,37,91,16,156,95,18,113,269
04/26/2012,FAR,ND,AGL,CE,Combined TRACON& Tower with Radar,15,40,58,26,139,0,0,94,1,95,15,40,152,27,234,181,32,213,447
04/27/2012,FAR,ND,AGL,CE,Combined TRACON& Tower with Radar,15,43,47,6,111,0,0,11,2,13,15,43,58,8,124,12,4,16,140
04/28/2012,FAR,ND,AGL,CE,Combined TRACON& Tower with Radar,11,22,20,5,58,0,0,10,3,13,11,22,30,8,71,9,0,9,80
04/29/2012,FAR,ND,AGL,CE,Combined TRACON& Tower with Radar,15,25,31,4,75,0,1,2,0,3,15,26,33,4,78,20,0,20,98
04/30/2012,FAR,ND,AGL,CE,Combined TRACON& Tower with Radar,12,39,68,0,119,0,0,60,0,60,12,39,128,0,179,137,2,139,318
05/01/2012,FAR,ND,AGL,CE,Combined TRACON& Tower with Radar,8,37,42,9,96,0,0,22,0,22,8,37,64,9,118,50,12,62,180
05/02/2012,FAR,ND,AGL,CE,Combined TRACON& Tower with Radar,14,36,60,8,118,0,3,57,1,61,14,39,117,9,179,58,8,66,245
05/03/2012,FAR,ND,AGL,CE,Combined TRACON& Tower with Radar,14,44,64,5,127,0,8,74,5,87,14,52,138,10,214,127,0,127,341
05/04/2012,FAR,ND,AGL,CE,Combined TRACON& Tower with Radar,14,37,78,5,134,0,0,22,1,23,14,37,100,6,157,44,0,44,201
05/05/2012,FAR,ND,AGL,CE,Combined TRACON& Tower with Radar,12,22,12,16,62,0,0,20,0,20,12,22,32,16,82,101,12,113,195
05/06/2012,FAR,ND,AGL,CE,Combined TRACON& Tower with Radar,14,21,12,4,51,0,0,28,1,29,14,21,40,5,80,61,2,63,143
05/07/2012,FAR,ND,AGL,CE,Combined TRACON& Tower with Radar,14,41,50,8,113,0,0,18,5,23,14,41,68,13,136,58,0,58,194
05/08/2012,FAR,ND,AGL,CE,Combined TRACON& Tower with Radar,10,45,55,14,124,0,0,17,2,19,10,45,72,16,143,76,6,82,225
05/09/2012,FAR,ND,AGL,CE,Combined TRACON& Tower with Radar,14,41,52,18,125,0,1,77,10,88,14,42,129,28,213,82,34,116,329
05/10/2012,FAR,ND,AGL,CE,Combined TRACON& Tower with Radar,16,45,62,14,137,0,0,39,13,52,16,45,101,27,189,37,16,53,242
05/11/2012,FAR,ND,AGL,CE,Combined TRACON& Tower with Radar,13,40,39,14,106,0,0,32,0,32,13,40,71,14,138,34,4,38,176
05/12/2012,FAR,ND,AGL,CE,Combined TRACON& Tower with Radar,12,27,24,2,65,0,0,60,2,62,12,27,84,4,127,38,0,38,165
05/13/2012,FAR,ND,AGL,CE,Combined TRACON& Tower with Radar,15,24,21,0,60,0,0,25,3,28,15,24,46,3,88,2,0,2,90
05/14/2012,FAR,ND,AGL,CE,Combined TRACON& Tower with Radar,13,39,49,1,102,0,1,55,1,57,13,40,104,2,159,152,0,152,311
05/15/2012,FAR,ND,AGL,CE,Combined TRACON& Tower with Radar,10,36,66,14,126,0,2,37,1,40,10,38,103,15,166,84,22,106,272
05/16/2012,FAR,ND,AGL,CE,Combined TRACON& Tower with Radar,12,40,66,6,124,0,0,56,2,58,12,40,122,8,182,74,0,74,256
05/17/2012,FAR,ND,AGL,CE,Combined TRACON& Tower with Radar,12,47,69,12,140,0,2,43,2,47,12,49,112,14,187,58,0,58,245
05/18/2012,FAR,ND,AGL,CE,Combined TRACON& Tower with Radar,13,40,54,13,120,0,0,34,5,39,13,40,88,18,159,65,8,73,232
05/19/2012,FAR,ND,AGL,CE,Combined TRACON& Tower with Radar,14,23,18,0,55,0,2,15,1,18,14,25,33,1,73,16,0,16,89
05/20/2012,FAR,ND,AGL,CE,Combined TRACON& Tower with Radar,12,25,25,2,64,0,1,41,2,44,12,26,66,4,108,33,0,33,141
05/21/2012,FAR,ND,AGL,CE,Combined TRACON& Tower with Radar,20,43,48,36,147,0,2,45,4,51,20,45,93,40,198,117,42,159,357
05/22/2012,FAR,ND,AGL,CE,Combined TRACON& Tower with Radar,11,41,56,27,135,0,0,40,2,42,11,41,96,29,177,122,38,160,337
05/23/2012,FAR,ND,AGL,CE,Combined TRACON& Tower with Radar,18,44,55,16,133,0,0,40,4,44,18,44,95,20,177,152,17,169,346
05/24/2012,FAR,ND,AGL,CE,Combined TRACON& Tower with Radar,11,52,52,11,126,0,0,54,0,54,11,52,106,11,180,124,5,129,309
05/25/2012,FAR,ND,AGL,CE,Combined TRACON& Tower with Radar,13,47,31,4,95,0,0,52,1,53,13,47,83,5,148,74,0,74,222
05/26/2012,FAR,ND,AGL,CE,Combined TRACON& Tower with Radar,13,22,13,0,48,0,0,18,0,18,13,22,31,0,66,30,0,30,96
05/27/2012,FAR,ND,AGL,CE,Combined TRACON& Tower with Radar,13,24,4,0,41,0,0,4,0,4,13,24,8,0,45,5,0,5,50
05/28/2012,FAR,ND,AGL,CE,Combined TRACON& Tower with Radar,17,34,40,2,93,0,2,13,0,15,17,36,53,2,108,66,0,66,174
05/29/2012,FAR,ND,AGL,CE,Combined TRACON& Tower with Radar,10,33,48,0,91,0,1,16,1,18,10,34,64,1,109,41,0,41,150
05/30/2012,FAR,ND,AGL,CE,Combined TRACON& Tower with Radar,14,35,47,3,99,0,1,69,1,71,14,36,116,4,170,192,6,198,368
05/31/2012,FAR,ND,AGL,CE,Combined TRACON& Tower with Radar,9,44,49,4,106,0,0,71,0,71,9,44,120,4,177,133,0,133,310
06/01/2012,FAR,ND,AGL,CE,Combined TRACON& Tower with Radar,13,41,29,9,92,0,0,27,6,33,13,41,56,15,125,47,0,47,172
06/02/2012,FAR,ND,AGL,CE,Combined TRACON& Tower with Radar,15,22,26,2,65,0,0,68,15,83,15,22,94,17,148,84,22,106,254
06/03/2012,FAR,ND,AGL,CE,Combined TRACON& Tower with Radar,10,32,12,3,57,0,2,28,1,31,10,34,40,4,88,38,0,38,126
06/04/2012,FAR,ND,AGL,CE,Combined TRACON& Tower with Radar,10,43,39,4,96,0,0,62,1,63,10,43,101,5,159,67,0,67,226
06/05/2012,FAR,ND,AGL,CE,Combined TRACON& Tower with Radar,8,46,61,9,124,0,0,33,2,35,8,46,94,11,159,52,0,52,211
06/06/2012,FAR,ND,AGL,CE,Combined TRACON& Tower with Radar,12,38,60,6,116,0,2,47,4,53,12,40,107,10,169,87,0,87,256
06/07/2012,FAR,ND,AGL,CE,Combined TRACON& Tower with Radar,13,43,42,6,104,0,0,44,0,44,13,43,86,6,148,26,2,28,176
06/08/2012,FAR,ND,AGL,CE,Combined TRACON& Tower with Radar,16,43,39,2,100,0,0,41,1,42,16,43,80,3,142,67,0,67,209
06/09/2012,FAR,ND,AGL,CE,Combined TRACON& Tower with Radar,10,28,25,0,63,0,2,29,4,35,10,30,54,4,98,59,0,59,157
06/10/2012,FAR,ND,AGL,CE,Combined TRACON& Tower with Radar,15,31,15,0,61,0,0,5,0,5,15,31,20,0,66,5,0,5,71
06/11/2012,FAR,ND,AGL,CE,Combined TRACON& Tower with Radar,15,47,48,2,112,0,0,17,4,21,15,47,65,6,133,16,0,16,149
06/12/2012,FAR,ND,AGL,CE,Combined TRACON& Tower with Radar,12,44,57,4,117,0,0,103,0,103,12,44,160,4,220,142,0,142,362
06/13/2012,FAR,ND,AGL,CE,Combined TRACON& Tower with Radar,14,44,65,2,125,0,1,40,2,43,14,45,105,4,168,105,0,105,273
06/14/2012,FAR,ND,AGL,CE,Combined TRACON& Tower with Radar,16,48,55,12,131,0,2,44,4,50,16,50,99,16,181,115,8,123,304
06/15/2012,FAR,ND,AGL,CE,Combined TRACON& Tower with Radar,16,43,61,3,123,0,0,71,3,74,16,43,132,6,197,194,0,194,391
06/16/2012,FAR,ND,AGL,CE,Combined TRACON& Tower with Radar,9,34,28,0,71,0,0,18,0,18,9,34,46,0,89,28,0,28,117
06/17/2012,FAR,ND,AGL,CE,Combined TRACON& Tower with Radar,13,34,25,0,72,0,0,34,3,37,13,34,59,3,109,21,0,21,130
06/18/2012,FAR,ND,AGL,CE,Combined TRACON& Tower with Radar,16,40,64,5,125,0,1,52,4,57,16,41,116,9,182,100,18,118,300
06/19/2012,FAR,ND,AGL,CE,Combined TRACON& Tower with Radar,12,40,27,4,83,0,0,12,1,13,12,40,39,5,96,4,0,4,100
06/20/2012,FAR,ND,AGL,CE,Combined TRACON& Tower with Radar,12,42,51,9,114,0,0,20,3,23,12,42,71,12,137,87,10,97,234
06/21/2012,FAR,ND,AGL,CE,Combined TRACON& Tower with Radar,14,46,57,9,126,0,1,54,0,55,14,47,111,9,181,52,0,52,233
06/22/2012,FAR,ND,AGL,CE,Combined TRACON& Tower with Radar,16,43,76,6,141,0,1,69,1,71,16,44,145,7,212,105,0,105,317
06/23/2012,FAR,ND,AGL,CE,Combined TRACON& Tower with Radar,10,27,25,0,62,0,0,26,0,26,10,27,51,0,88,6,1,7,95
06/24/2012,FAR,ND,AGL,CE,Combined TRACON& Tower with Radar,15,26,24,0,65,0,0,38,0,38,15,26,62,0,103,37,0,37,140
06/25/2012,FAR,ND,AGL,CE,Combined TRACON& Tower with Radar,16,46,63,0,125,0,0,53,0,53,16,46,116,0,178,70,0,70,248
06/26/2012,FAR,ND,AGL,CE,Combined TRACON& Tower with Radar,11,43,50,16,120,0,0,39,0,39,11,43,89,16,159,46,8,54,213
06/27/2012,FAR,ND,AGL,CE,Combined TRACON& Tower with Radar,16,46,72,6,140,0,2,42,11,55,16,48,114,17,195,158,6,164,359
06/28/2012,FAR,ND,AGL,CE,Combined TRACON& Tower with Radar,12,46,68,4,130,0,5,65,8,78,12,51,133,12,208,123,14,137,345
06/29/2012,FAR,ND,AGL,CE,Combined TRACON& Tower with Radar,16,51,50,2,119,0,1,84,5,90,16,52,134,7,209,102,0,102,311
06/30/2012,FAR,ND,AGL,CE,Combined TRACON& Tower with Radar,10,26,25,0,61,0,0,41,2,43,10,26,66,2,104,60,0,60,164
07/01/2012,FAR,ND,AGL,CE,Combined TRACON& Tower with Radar,15,26,24,0,65,0,6,37,2,45,15,32,61,2,110,5,0,5,115
07/02/2012,FAR,ND,AGL,CE,Combined TRACON& Tower with Radar,16,35,45,4,100,0,0,69,4,73,16,35,114,8,173,43,0,43,216
07/03/2012,FAR,ND,AGL,CE,Combined TRACON& Tower with Radar,9,38,32,2,81,0,5,42,0,47,9,43,74,2,128,91,0,91,219
07/04/2012,FAR,ND,AGL,CE,Combined TRACON& Tower with Radar,11,25,7,0,43,0,4,9,0,13,11,29,16,0,56,12,0,12,68
07/05/2012,FAR,ND,AGL,CE,Combined TRACON& Tower with Radar,16,36,25,0,77,0,0,60,1,61,16,36,85,1,138,120,1,121,259
07/06/2012,FAR,ND,AGL,CE,Combined TRACON& Tower with Radar,12,47,32,2,93,0,1,13,5,19,12,48,45,7,112,42,0,42,154
07/07/2012,FAR,ND,AGL,CE,Combined TRACON& Tower with Radar,12,30,27,0,69,0,2,50,6,58,12,32,77,6,127,163,0,163,290
07/08/2012,FAR,ND,AGL,CE,Combined TRACON& Tower with Radar,16,27,24,4,71,0,4,37,2,43,16,31,61,6,114,61,2,63,177
07/09/2012,FAR,ND,AGL,CE,Combined TRACON& Tower with Radar,16,42,51,0,109,0,3,57,0,60,16,45,108,0,169,108,0,108,277
07/10/2012,FAR,ND,AGL,CE,Combined TRACON& Tower with Radar,12,49,48,5,114,0,1,71,3,75,12,50,119,8,189,99,13,112,301
07/11/2012,FAR,ND,AGL,CE,Combined TRACON& Tower with Radar,15,42,57,13,127,0,1,61,11,73,15,43,118,24,200,107,8,115,315
07/12/2012,FAR,ND,AGL,CE,Combined TRACON& Tower with Radar,14,50,47,5,116,0,2,47,8,57,14,52,94,13,173,87,2,89,262
07/13/2012,FAR,ND,AGL,CE,Combined TRACON& Tower with Radar,25,40,58,7,130,0,1,53,6,60,25,41,111,13,190,58,4,62,252
07/14/2012,FAR,ND,AGL,CE,Combined TRACON& Tower with Radar,10,31,29,2,72,0,1,84,3,88,10,32,113,5,160,70,0,70,230
07/15/2012,FAR,ND,AGL,CE,Combined TRACON& Tower with Radar,12,24,28,4,68,0,4,61,2,67,12,28,89,6,135,56,0,56,191
07/16/2012,FAR,ND,AGL,CE,Combined TRACON& Tower with Radar,20,45,47,6,118,0,2,31,0,33,20,47,78,6,151,130,0,130,281
07/17/2012,FAR,ND,AGL,CE,Combined TRACON& Tower with Radar,12,45,49,6,112,0,1,35,0,36,12,46,84,6,148,144,2,146,294
07/18/2012,FAR,ND,AGL,CE,Combined TRACON& Tower with Radar,16,41,75,5,137,0,2,46,0,48,16,43,121,5,185,243,0,243,428
07/19/2012,FAR,ND,AGL,CE,Combined TRACON& Tower with Radar,16,42,42,7,107,0,2,39,0,41,16,44,81,7,148,24,0,24,172
07/20/2012,FAR,ND,AGL,CE,Combined TRACON& Tower with Radar,16,51,55,3,125,0,4,48,0,52,16,55,103,3,177,168,0,168,345
07/21/2012,FAR,ND,AGL,CE,Combined TRACON& Tower with Radar,10,28,30,0,68,0,10,63,4,77,10,38,93,4,145,125,0,125,270
07/22/2012,FAR,ND,AGL,CE,Combined TRACON& Tower with Radar,14,31,31,0,76,0,3,32,0,35,14,34,63,0,111,12,0,12,123
07/23/2012,FAR,ND,AGL,CE,Combined TRACON& Tower with Radar,16,40,60,10,126,0,3,43,0,46,16,43,103,10,172,78,12,90,262
07/24/2012,FAR,ND,AGL,CE,Combined TRACON& Tower with Radar,10,38,53,5,106,0,0,35,0,35,10,38,88,5,141,54,1,55,196
07/25/2012,FAR,ND,AGL,CE,Combined TRACON& Tower with Radar,17,46,57,8,128,0,3,44,3,50,17,49,101,11,178,98,12,110,288
07/26/2012,FAR,ND,AGL,CE,Combined TRACON& Tower with Radar,14,40,57,10,121,0,4,52,7,63,14,44,109,17,184,100,10,110,294
07/27/2012,FAR,ND,AGL,CE,Combined TRACON& Tower with Radar,16,40,59,11,126,0,6,76,1,83,16,46,135,12,209,160,10,170,379
07/28/2012,FAR,ND,AGL,CE,Combined TRACON& Tower with Radar,9,28,18,0,55,0,0,48,3,51,9,28,66,3,106,51,1,52,158
07/29/2012,FAR,ND,AGL,CE,Combined TRACON& Tower with Radar,15,26,25,0,66,0,2,28,2,32,15,28,53,2,98,9,0,9,107
07/30/2012,FAR,ND,AGL,CE,Combined TRACON& Tower with Radar,15,37,59,4,115,0,3,61,1,65,15,40,120,5,180,156,0,156,336
07/31/2012,FAR,ND,AGL,CE,Combined TRACON& Tower with Radar,12,37,58,8,115,0,3,67,5,75,12,40,125,13,190,82,0,82,272
08/01/2012,FAR,ND,AGL,CE,Combined TRACON& Tower with Radar,16,40,61,10,127,0,1,58,1,60,16,41,119,11,187,92,8,100,287
08/02/2012,FAR,ND,AGL,CE,Combined TRACON& Tower with Radar,13,41,38,6,98,0,2,49,2,53,13,43,87,8,151,123,0,123,274
08/03/2012,FAR,ND,AGL,CE,Combined TRACON& Tower with Radar,15,41,29,2,87,0,2,23,0,25,15,43,52,2,112,38,0,38,150
08/04/2012,FAR,ND,AGL,CE,Combined TRACON& Tower with Radar,9,28,24,3,64,0,1,21,0,22,9,29,45,3,86,41,2,43,129
08/05/2012,FAR,ND,AGL,CE,Combined TRACON& Tower with Radar,13,28,31,3,75,0,5,36,0,41,13,33,67,3,116,54,0,54,170
08/06/2012,FAR,ND,AGL,CE,Combined TRACON& Tower with Radar,13,38,43,3,97,0,1,68,1,70,13,39,111,4,167,105,0,105,272
08/07/2012,FAR,ND,AGL,CE,Combined TRACON& Tower with Radar,12,39,47,5,103,0,3,58,6,67,12,42,105,11,170,99,0,99,269
08/08/2012,FAR,ND,AGL,CE,Combined TRACON& Tower with Radar,15,45,70,6,136,0,1,28,1,30,15,46,98,7,166,41,2,43,209
08/09/2012,FAR,ND,AGL,CE,Combined TRACON& Tower with Radar,14,41,65,4,124,0,1,59,3,63,14,42,124,7,187,157,0,157,344
08/10/2012,FAR,ND,AGL,CE,Combined TRACON& Tower with Radar,14,37,38,0,89,0,2,73,3,78,14,39,111,3,167,201,0,201,368
08/11/2012,FAR,ND,AGL,CE,Combined TRACON& Tower with Radar,9,30,28,14,81,0,1,52,4,57,9,31,80,18,138,159,20,179,317
08/12/2012,FAR,ND,AGL,CE,Combined TRACON& Tower with Radar,11,26,26,23,86,0,2,28,0,30,11,28,54,23,116,96,42,138,254
08/13/2012,FAR,ND,AGL,CE,Combined TRACON& Tower with Radar,15,37,43,14,109,0,1,56,0,57,15,38,99,14,166,86,4,90,256
08/14/2012,FAR,ND,AGL,CE,Combined TRACON& Tower with Radar,9,40,39,5,93,0,2,49,0,51,9,42,88,5,144,144,5,149,293
08/15/2012,FAR,ND,AGL,CE,Combined TRACON& Tower with Radar,11,43,23,15,92,0,0,14,0,14,11,43,37,15,106,8,18,26,132
08/16/2012,FAR,ND,AGL,CE,Combined TRACON& Tower with Radar,10,38,56,6,110,0,2,49,5,56,10,40,105,11,166,78,0,78,244
08/17/2012,FAR,ND,AGL,CE,Combined TRACON& Tower with Radar,16,42,28,5,91,0,3,64,7,74,16,45,92,12,165,65,12,77,242
08/18/2012,FAR,ND,AGL,CE,Combined TRACON& Tower with Radar,7,25,11,0,43,0,5,51,6,62,7,30,62,6,105,37,0,37,142
08/19/2012,FAR,ND,AGL,CE,Combined TRACON& Tower with Radar,8,27,25,0,60,0,6,49,0,55,8,33,74,0,115,88,2,90,205
08/20/2012,FAR,ND,AGL,CE,Combined TRACON& Tower with Radar,13,37,53,0,103,0,2,44,3,49,13,39,97,3,152,64,0,64,216
08/21/2012,FAR,ND,AGL,CE,Combined TRACON& Tower with Radar,8,48,55,6,117,0,1,58,0,59,8,49,113,6,176,59,4,63,239
08/22/2012,FAR,ND,AGL,CE,Combined TRACON& Tower with Radar,9,40,79,10,138,0,1,57,11,69,9,41,136,21,207,71,8,79,286
08/23/2012,FAR,ND,AGL,CE,Combined TRACON& Tower with Radar,10,45,63,5,123,0,3,58,0,61,10,48,121,5,184,48,4,52,236
08/24/2012,FAR,ND,AGL,CE,Combined TRACON& Tower with Radar,14,38,48,6,106,0,1,41,1,43,14,39,89,7,149,88,0,88,237
08/25/2012,FAR,ND,AGL,CE,Combined TRACON& Tower with Radar,7,26,22,0,55,0,2,26,1,29,7,28,48,1,84,27,0,27,111
08/26/2012,FAR,ND,AGL,CE,Combined TRACON& Tower with Radar,9,27,28,0,64,0,3,31,2,36,9,30,59,2,100,34,0,34,134
08/27/2012,FAR,ND,AGL,CE,Combined TRACON& Tower with Radar,14,41,41,9,105,0,3,55,2,60,14,44,96,11,165,91,0,91,256
08/28/2012,FAR,ND,AGL,CE,Combined TRACON& Tower with Radar,9,38,57,6,110,0,3,38,0,41,9,41,95,6,151,53,0,53,204
08/29/2012,FAR,ND,AGL,CE,Combined TRACON& Tower with Radar,9,43,48,8,108,0,0,48,5,53,9,43,96,13,161,12,0,12,173
08/30/2012,FAR,ND,AGL,CE,Combined TRACON& Tower with Radar,10,41,58,8,117,0,0,45,5,50,10,41,103,13,167,76,2,78,245
08/31/2012,FAR,ND,AGL,CE,Combined TRACON& Tower with Radar,13,44,40,5,102,0,0,53,1,54,13,44,93,6,156,70,0,70,226
09/01/2012,FAR,ND,AGL,CE,Combined TRACON& Tower with Radar,9,29,11,0,49,0,0,40,3,43,9,29,51,3,92,14,1,15,107
09/02/2012,FAR,ND,AGL,CE,Combined TRACON& Tower with Radar,7,21,12,3,43,0,0,22,3,25,7,21,34,6,68,13,0,13,81
09/03/2012,FAR,ND,AGL,CE,Combined TRACON& Tower with Radar,12,30,26,0,68,0,0,22,0,22,12,30,48,0,90,23,0,23,113
09/04/2012,FAR,ND,AGL,CE,Combined TRACON& Tower with Radar,8,42,45,0,95,0,0,76,0,76,8,42,121,0,171,144,0,144,315
09/05/2012,FAR,ND,AGL,CE,Combined TRACON& Tower with Radar,9,40,41,8,98,0,1,98,0,99,9,41,139,8,197,130,2,132,329
09/06/2012,FAR,ND,AGL,CE,Combined TRACON& Tower with Radar,10,40,52,10,112,0,0,45,0,45,10,40,97,10,157,98,8,106,263
09/07/2012,FAR,ND,AGL,CE,Combined TRACON& Tower with Radar,16,39,72,27,154,0,0,64,0,64,16,39,136,27,218,117,28,145,363
09/08/2012,FAR,ND,AGL,CE,Combined TRACON& Tower with Radar,7,22,15,14,58,0,0,18,0,18,7,22,33,14,76,34,8,42,118
09/09/2012,FAR,ND,AGL,CE,Combined TRACON& Tower with Radar,10,25,26,9,70,0,0,60,0,60,10,25,86,9,130,63,0,63,193
09/10/2012,FAR,ND,AGL,CE,Combined TRACON& Tower with Radar,13,45,61,19,138,0,9,36,3,48,13,54,97,22,186,74,18,92,278
09/11/2012,FAR,ND,AGL,CE,Combined TRACON& Tower with Radar,10,44,48,16,118,0,0,56,1,57,10,44,104,17,175,54,10,64,239
09/12/2012,FAR,ND,AGL,CE,Combined TRACON& Tower with Radar,10,46,92,2,150,0,2,75,4,81,10,48,167,6,231,55,1,56,287
09/13/2012,FAR,ND,AGL,CE,Combined TRACON& Tower with Radar,9,43,67,4,123,0,1,78,7,86,9,44,145,11,209,41,6,47,256
09/14/2012,FAR,ND,AGL,CE,Combined TRACON& Tower with Radar,15,44,67,1,127,0,0,76,2,78,15,44,143,3,205,81,0,81,286
09/15/2012,FAR,ND,AGL,CE,Combined TRACON& Tower with Radar,7,24,39,0,70,0,0,77,3,80,7,24,116,3,150,91,6,97,247
09/16/2012,FAR,ND,AGL,CE,Combined TRACON& Tower with Radar,7,35,28,2,72,0,1,23,5,29,7,36,51,7,101,10,0,10,111
09/17/2012,FAR,ND,AGL,CE,Combined TRACON& Tower with Radar,16,36,63,0,115,0,2,49,3,54,16,38,112,3,169,44,0,44,213
09/18/2012,FAR,ND,AGL,CE,Combined TRACON& Tower with Radar,10,41,62,11,124,0,1,57,3,61,10,42,119,14,185,74,2,76,261
09/19/2012,FAR,ND,AGL,CE,Combined TRACON& Tower with Radar,10,44,43,4,101,0,0,34,1,35,10,44,77,5,136,52,0,52,188
09/20/2012,FAR,ND,AGL,CE,Combined TRACON& Tower with Radar,10,44,56,12,122,0,0,56,3,59,10,44,112,15,181,55,8,63,244
09/21/2012,FAR,ND,AGL,CE,Combined TRACON& Tower with Radar,15,43,43,10,111,0,0,43,0,43,15,43,86,10,154,41,9,50,204
09/22/2012,FAR,ND,AGL,CE,Combined TRACON& Tower with Radar,8,21,26,1,56,0,0,53,2,55,8,21,79,3,111,105,0,105,216
09/23/2012,FAR,ND,AGL,CE,Combined TRACON& Tower with Radar,9,25,24,3,61,0,0,54,4,58,9,25,78,7,119,84,0,84,203
09/24/2012,FAR,ND,AGL,CE,Combined TRACON& Tower with Radar,16,38,54,1,109,0,0,51,4,55,16,38,105,5,164,113,0,113,277
09/25/2012,FAR,ND,AGL,CE,Combined TRACON& Tower with Radar,9,39,52,1,101,0,0,94,0,94,9,39,146,1,195,134,0,134,329
09/26/2012,FAR,ND,AGL,CE,Combined TRACON& Tower with Radar,10,41,73,4,128,0,0,49,15,64,10,41,122,19,192,75,6,81,273
09/27/2012,FAR,ND,AGL,CE,Combined TRACON& Tower with Radar,10,42,73,2,127,0,0,78,3,81,10,42,151,5,208,158,0,158,366
09/28/2012,FAR,ND,AGL,CE,Combined TRACON& Tower with Radar,15,37,48,0,100,0,0,52,4,56,15,37,100,4,156,43,0,43,199
09/29/2012,FAR,ND,AGL,CE,Combined TRACON& Tower with Radar,6,24,48,0,78,0,0,85,0,85,6,24,133,0,163,75,1,76,239
09/30/2012,FAR,ND,AGL,CE,Combined TRACON& Tower with Radar,10,26,29,0,65,0,0,67,1,68,10,26,96,1,133,57,0,57,190
10/01/2012,FAR,ND,AGL,CE,Combined TRACON& Tower with Radar,15,45,49,2,111,0,0,58,0,58,15,45,107,2,169,71,1,72,241
10/02/2012,FAR,ND,AGL,CE,Combined TRACON& Tower with Radar,10,40,53,4,107,0,0,35,1,36,10,40,88,5,143,49,0,49,192
10/03/2012,FAR,ND,AGL,CE,Combined TRACON& Tower with Radar,12,41,46,8,107,0,0,19,0,19,12,41,65,8,126,54,8,62,188
10/04/2012,FAR,ND,AGL,CE,Combined TRACON& Tower with Radar,10,43,23,4,80,0,0,2,0,2,10,43,25,4,82,0,0,0,82
10/05/2012,FAR,ND,AGL,CE,Combined TRACON& Tower with Radar,16,41,22,12,91,0,0,13,1,14,16,41,35,13,105,20,0,20,125
10/06/2012,FAR,ND,AGL,CE,Combined TRACON& Tower with Radar,11,23,38,0,72,0,0,56,0,56,11,23,94,0,128,133,0,133,261
10/07/2012,FAR,ND,AGL,CE,Combined TRACON& Tower with Radar,9,27,21,2,59,0,0,42,2,44,9,27,63,4,103,56,0,56,159
10/08/2012,FAR,ND,AGL,CE,Combined TRACON& Tower with Radar,14,43,58,4,119,0,0,26,2,28,14,43,84,6,147,11,0,11,158
10/09/2012,FAR,ND,AGL,CE,Combined TRACON& Tower with Radar,10,35,58,8,111,0,0,10,4,14,10,35,68,12,125,7,0,7,132
10/10/2012,FAR,ND,AGL,CE,Combined TRACON& Tower with Radar,14,43,75,6,138,0,2,35,0,37,14,45,110,6,175,79,4,83,258
10/11/2012,FAR,ND,AGL,CE,Combined TRACON& Tower with Radar,10,43,58,5,116,0,0,46,6,52,10,43,104,11,168,94,0,94,262
10/12/2012,FAR,ND,AGL,CE,Combined TRACON& Tower with Radar,15,41,54,4,114,0,3,69,3,75,15,44,123,7,189,138,0,138,327
10/13/2012,FAR,ND,AGL,CE,Combined TRACON& Tower with Radar,12,22,34,31,99,0,0,37,3,40,12,22,71,34,139,112,50,162,301
10/14/2012,FAR,ND,AGL,CE,Combined TRACON& Tower with Radar,7,29,40,2,78,0,0,24,2,26,7,29,64,4,104,43,0,43,147
10/15/2012,FAR,ND,AGL,CE,Combined TRACON& Tower with Radar,14,40,69,0,123,0,0,45,3,48,14,40,114,3,171,47,0,47,218
10/16/2012,FAR,ND,AGL,CE,Combined TRACON& Tower with Radar,11,36,63,3,113,0,0,69,3,72,11,36,132,6,185,107,2,109,294
10/17/2012,FAR,ND,AGL,CE,Combined TRACON& Tower with Radar,11,44,43,10,108,0,0,0,1,1,11,44,43,11,109,6,2,8,117
10/18/2012,FAR,ND,AGL,CE,Combined TRACON& Tower with Radar,9,40,32,4,85,0,0,0,0,0,9,40,32,4,85,2,0,2,87
10/19/2012,FAR,ND,AGL,CE,Combined TRACON& Tower with Radar,12,44,42,6,104,0,0,2,1,3,12,44,44,7,107,7,2,9,116
10/20/2012,FAR,ND,AGL,CE,Combined TRACON& Tower with Radar,8,26,75,1,110,0,0,23,0,23,8,26,98,1,133,45,0,45,178
10/21/2012,FAR,ND,AGL,CE,Combined TRACON& Tower with Radar,9,29,27,1,66,0,1,41,2,44,9,30,68,3,110,72,10,82,192
10/22/2012,FAR,ND,AGL,CE,Combined TRACON& Tower with Radar,12,37,52,5,106,0,0,48,1,49,12,37,100,6,155,76,2,78,233
10/23/2012,FAR,ND,AGL,CE,Combined TRACON& Tower with Radar,8,48,33,11,100,0,0,0,0,0,8,48,33,11,100,0,0,0,100
10/24/2012,FAR,ND,AGL,CE,Combined TRACON& Tower with Radar,10,52,71,23,156,0,0,10,0,10,10,52,81,23,166,77,18,95,261
10/25/2012,FAR,ND,AGL,CE,Combined TRACON& Tower with Radar,10,44,34,13,101,0,0,12,7,19,10,44,46,20,120,48,2,50,170
10/26/2012,FAR,ND,AGL,CE,Combined TRACON& Tower with Radar,16,46,33,4,99,0,0,26,4,30,16,46,59,8,129,36,0,36,165
10/27/2012,FAR,ND,AGL,CE,Combined TRACON& Tower with Radar,13,22,27,2,64,0,0,38,0,38,13,22,65,2,102,111,0,111,213
10/28/2012,FAR,ND,AGL,CE,Combined TRACON& Tower with Radar,9,29,23,4,65,0,0,15,1,16,9,29,38,5,81,16,0,16,97
10/29/2012,FAR,ND,AGL,CE,Combined TRACON& Tower with Radar,14,50,70,0,134,0,0,47,0,47,14,50,117,0,181,102,0,102,283
10/30/2012,FAR,ND,AGL,CE,Combined TRACON& Tower with Radar,9,36,55,4,104,0,0,36,6,42,9,36,91,10,146,65,0,65,211
10/31/2012,FAR,ND,AGL,CE,Combined TRACON& Tower with Radar,14,34,46,5,99,0,0,42,2,44,14,34,88,7,143,140,8,148,291
11/01/2012,FAR,ND,AGL,CE,Combined TRACON& Tower with Radar,10,41,44,6,101,0,0,23,4,27,10,41,67,10,128,71,7,78,206
11/02/2012,FAR,ND,AGL,CE,Combined TRACON& Tower with Radar,19,47,31,5,102,0,0,13,0,13,19,47,44,5,115,63,2,65,180
11/03/2012,FAR,ND,AGL,CE,Combined TRACON& Tower with Radar,10,33,12,9,64,0,0,6,0,6,10,33,18,9,70,45,10,55,125
11/04/2012,FAR,ND,AGL,CE,Combined TRACON& Tower with Radar,7,36,13,14,70,0,0,8,12,20,7,36,21,26,90,57,19,76,166
11/05/2012,FAR,ND,AGL,CE,Combined TRACON& Tower with Radar,15,38,47,28,128,0,0,17,1,18,15,38,64,29,146,48,24,72,218
11/06/2012,FAR,ND,AGL,CE,Combined TRACON& Tower with Radar,9,37,60,14,120,0,0,19,2,21,9,37,79,16,141,34,12,46,187
11/07/2012,FAR,ND,AGL,CE,Combined TRACON& Tower with Radar,15,36,91,9,151,0,0,94,7,101,15,36,185,16,252,135,0,135,387
11/08/2012,FAR,ND,AGL,CE,Combined TRACON& Tower with Radar,10,41,59,10,120,0,0,13,1,14,10,41,72,11,134,39,0,39,173
11/09/2012,FAR,ND,AGL,CE,Combined TRACON& Tower with Radar,14,41,38,6,99,0,0,12,1,13,14,41,50,7,112,31,0,31,143
11/10/2012,FAR,ND,AGL,CE,Combined TRACON& Tower with Radar,10,21,8,0,39,0,0,0,0,0,10,21,8,0,39,0,0,0,39
11/11/2012,FAR,ND,AGL,CE,Combined TRACON& Tower with Radar,13,34,16,0,63,0,0,4,0,4,13,34,20,0,67,2,0,2,69
11/12/2012,FAR,ND,AGL,CE,Combined TRACON& Tower with Radar,16,38,46,2,102,0,0,32,1,33,16,38,78,3,135,78,0,78,213
11/13/2012,FAR,ND,AGL,CE,Combined TRACON& Tower with Radar,12,41,80,4,137,0,2,73,3,78,12,43,153,7,215,131,0,131,346
11/14/2012,FAR,ND,AGL,CE,Combined TRACON& Tower with Radar,15,41,48,6,110,0,0,51,0,51,15,41,99,6,161,64,0,64,225
11/15/2012,FAR,ND,AGL,CE,Combined TRACON& Tower with Radar,10,43,78,4,135,0,1,89,10,100,10,44,167,14,235,210,114,324,559
11/16/2012,FAR,ND,AGL,CE,Combined TRACON& Tower with Radar,18,38,64,10,130,0,0,63,10,73,18,38,127,20,203,78,16,94,297
11/17/2012,FAR,ND,AGL,CE,Combined TRACON& Tower with Radar,13,22,33,0,68,0,0,61,0,61,13,22,94,0,129,199,0,199,328
11/18/2012,FAR,ND,AGL,CE,Combined TRACON& Tower with Radar,8,26,27,0,61,0,0,66,0,66,8,26,93,0,127,147,0,147,274
11/19/2012,FAR,ND,AGL,CE,Combined TRACON& Tower with Radar,15,34,71,15,135,0,0,78,4,82,15,34,149,19,217,115,18,133,350
11/20/2012,FAR,ND,AGL,CE,Combined TRACON& Tower with Radar,15,39,91,8,153,0,0,57,8,65,15,39,148,16,218,120,2,122,340
11/21/2012,FAR,ND,AGL,CE,Combined TRACON& Tower with Radar,10,42,53,2,107,0,0,68,0,68,10,42,121,2,175,119,0,119,294
11/22/2012,FAR,ND,AGL,CE,Combined TRACON& Tower with Radar,14,18,6,0,38,0,0,0,0,0,14,18,6,0,38,0,0,0,38
11/23/2012,FAR,ND,AGL,CE,Combined TRACON& Tower with Radar,9,27,23,0,59,0,0,9,0,9,9,27,32,0,68,19,0,19,87
11/24/2012,FAR,ND,AGL,CE,Combined TRACON& Tower with Radar,18,28,11,0,57,0,0,7,0,7,18,28,18,0,64,23,0,23,87
11/25/2012,FAR,ND,AGL,CE,Combined TRACON& Tower with Radar,9,33,23,0,65,0,0,2,0,2,9,33,25,0,67,42,0,42,109
11/26/2012,FAR,ND,AGL,CE,Combined TRACON& Tower with Radar,17,40,72,11,140,0,0,41,9,50,17,40,113,20,190,130,6,136,326
11/27/2012,FAR,ND,AGL,CE,Combined TRACON& Tower with Radar,8,47,41,14,110,0,0,15,1,16,8,47,56,15,126,100,10,110,236
11/28/2012,FAR,ND,AGL,CE,Combined TRACON& Tower with Radar,9,41,70,5,125,0,0,29,0,29,9,41,99,5,154,93,0,93,247
11/29/2012,FAR,ND,AGL,CE,Combined TRACON& Tower with Radar,10,41,45,8,104,0,0,5,8,13,10,41,50,16,117,5,32,37,154
11/30/2012,FAR,ND,AGL,CE,Combined TRACON& Tower with Radar,12,44,40,8,104,0,0,0,0,0,12,44,40,8,104,2,2,4,108
12/01/2012,FAR,ND,AGL,CE,Combined TRACON& Tower with Radar,9,23,26,3,61,0,0,15,1,16,9,23,41,4,77,74,2,76,153
12/02/2012,FAR,ND,AGL,CE,Combined TRACON& Tower with Radar,8,31,14,5,58,0,1,8,0,9,8,32,22,5,67,17,0,17,84
12/03/2012,FAR,ND,AGL,CE,Combined TRACON& Tower with Radar,11,38,31,8,88,0,2,20,1,23,11,40,51,9,111,58,0,58,169
12/04/2012,FAR,ND,AGL,CE,Combined TRACON& Tower with Radar,8,48,72,16,144,0,0,62,6,68,8,48,134,22,212,124,8,132,344
12/05/2012,FAR,ND,AGL,CE,Combined TRACON& Tower with Radar,8,45,58,6,117,0,1,50,1,52,8,46,108,7,169,28,0,28,197
12/06/2012,FAR,ND,AGL,CE,Combined TRACON& Tower with Radar,9,49,52,11,121,0,0,42,5,47,9,49,94,16,168,58,62,120,288
12/07/2012,FAR,ND,AGL,CE,Combined TRACON& Tower with Radar,12,39,74,4,129,0,0,38,3,41,12,39,112,7,170,121,2,123,293
12/08/2012,FAR,ND,AGL,CE,Combined TRACON& Tower with Radar,13,22,15,2,52,0,0,0,2,2,13,22,15,4,54,11,0,11,65
12/09/2012,FAR,ND,AGL,CE,Combined TRACON& Tower with Radar,5,27,24,0,56,0,0,3,2,5,5,27,27,2,61,6,0,6,67
12/10/2012,FAR,ND,AGL,CE,Combined TRACON& Tower with Radar,13,52,51,0,116,0,0,46,0,46,13,52,97,0,162,140,0,140,302
12/11/2012,FAR,ND,AGL,CE,Combined TRACON& Tower with Radar,10,37,51,6,104,0,0,11,1,12,10,37,62,7,116,32,0,32,148
12/12/2012,FAR,ND,AGL,CE,Combined TRACON& Tower with Radar,12,43,59,6,120,0,1,30,2,33,12,44,89,8,153,48,0,48,201
12/13/2012,FAR,ND,AGL,CE,Combined TRACON& Tower with Radar,9,40,60,8,117,0,0,17,3,20,9,40,77,11,137,48,0,48,185
12/14/2012,FAR,ND,AGL,CE,Combined TRACON& Tower with Radar,11,39,62,17,129,0,0,14,2,16,11,39,76,19,145,77,6,83,228
12/15/2012,FAR,ND,AGL,CE,Combined TRACON& Tower with Radar,16,20,33,0,69,0,0,13,0,13,16,20,46,0,82,12,0,12,94
12/16/2012,FAR,ND,AGL,CE,Combined TRACON& Tower with Radar,11,24,6,4,45,0,0,0,0,0,11,24,6,4,45,0,0,0,45
12/17/2012,FAR,ND,AGL,CE,Combined TRACON& Tower with Radar,20,30,31,7,88,0,0,0,0,0,20,30,31,7,88,6,0,6,94
12/18/2012,FAR,ND,AGL,CE,Combined TRACON& Tower with Radar,12,39,43,10,104,0,0,0,0,0,12,39,43,10,104,8,0,8,112
12/19/2012,FAR,ND,AGL,CE,Combined TRACON& Tower with Radar,17,38,46,8,109,0,0,13,15,28,17,38,59,23,137,31,0,31,168
12/20/2012,FAR,ND,AGL,CE,Combined TRACON& Tower with Radar,14,30,65,35,144,0,0,12,3,15,14,30,77,38,159,91,56,147,306
12/21/2012,FAR,ND,AGL,CE,Combined TRACON& Tower with Radar,16,40,46,7,109,0,0,34,1,35,16,40,80,8,144,73,2,75,219
12/22/2012,FAR,ND,AGL,CE,Combined TRACON& Tower with Radar,13,27,19,0,59,0,0,16,1,17,13,27,35,1,76,0,0,0,76
12/23/2012,FAR,ND,AGL,CE,Combined TRACON& Tower with Radar,4,28,14,0,46,0,0,3,2,5,4,28,17,2,51,17,2,19,70
12/24/2012,FAR,ND,AGL,CE,Combined TRACON& Tower with Radar,12,40,7,0,59,0,0,10,1,11,12,40,17,1,70,17,1,18,88
12/25/2012,FAR,ND,AGL,CE,Combined TRACON& Tower with Radar,7,23,5,0,35,0,0,7,0,7,7,23,12,0,42,11,0,11,53
12/26/2012,FAR,ND,AGL,CE,Combined TRACON& Tower with Radar,16,45,37,2,100,0,0,35,2,37,16,45,72,4,137,136,68,204,341
12/27/2012,FAR,ND,AGL,CE,Combined TRACON& Tower with Radar,8,42,26,8,84,0,0,6,1,7,8,42,32,9,91,35,64,99,190
12/28/2012,FAR,ND,AGL,CE,Combined TRACON& Tower with Radar,9,45,22,0,76,0,0,5,0,5,9,45,27,0,81,3,0,3,84
12/29/2012,FAR,ND,AGL,CE,Combined TRACON& Tower with Radar,13,26,35,0,74,0,0,33,0,33,13,26,68,0,107,128,0,128,235
12/30/2012,FAR,ND,AGL,CE,Combined TRACON& Tower with Radar,9,29,25,0,63,0,0,49,0,49,9,29,74,0,112,95,3,98,210
12/31/2012,FAR,ND,AGL,CE,Combined TRACON& Tower with Radar,12,34,53,2,101,0,0,54,0,54,12,34,107,2,155,138,0,138,293
01/01/2013,FAR,ND,AGL,CE,Combined TRACON& Tower with Radar,9,32,20,0,61,0,0,1,0,1,9,32,21,0,62,13,0,13,75
01/02/2013,FAR,ND,AGL,CE,Combined TRACON& Tower with Radar,13,48,27,16,104,0,0,10,0,10,13,48,37,16,114,66,24,90,204
01/03/2013,FAR,ND,AGL,CE,Combined TRACON& Tower with Radar,15,42,50,9,116,0,0,26,3,29,15,42,76,12,145,99,8,107,252
01/04/2013,FAR,ND,AGL,CE,Combined TRACON& Tower with Radar,16,46,42,7,111,0,0,60,3,63,16,46,102,10,174,110,12,122,296
01/05/2013,FAR,ND,AGL,CE,Combined TRACON& Tower with Radar,14,27,38,6,85,0,0,8,2,10,14,27,46,8,95,27,0,27,122
01/06/2013,FAR,ND,AGL,CE,Combined TRACON& Tower with Radar,18,35,27,3,83,0,0,28,16,44,18,35,55,19,127,92,17,109,236
01/07/2013,FAR,ND,AGL,CE,Combined TRACON& Tower with Radar,11,43,67,3,124,0,0,62,0,62,11,43,129,3,186,128,0,128,314
01/08/2013,FAR,ND,AGL,CE,Combined TRACON& Tower with Radar,7,51,49,6,113,0,0,17,2,19,7,51,66,8,132,53,2,55,187
01/09/2013,FAR,ND,AGL,CE,Combined TRACON& Tower with Radar,11,50,85,9,155,0,2,89,0,91,11,52,174,9,246,111,10,121,367
01/10/2013,FAR,ND,AGL,CE,Combined TRACON& Tower with Radar,9,47,58,7,121,0,0,12,2,14,9,47,70,9,135,21,0,21,156
01/11/2013,FAR,ND,AGL,CE,Combined TRACON& Tower with Radar,13,38,8,1,60,0,0,0,0,0,13,38,8,1,60,0,0,0,60
01/12/2013,FAR,ND,AGL,CE,Combined TRACON& Tower with Radar,13,34,12,0,59,0,0,2,0,2,13,34,14,0,61,1,0,1,62
01/13/2013,FAR,ND,AGL,CE,Combined TRACON& Tower with Radar,11,30,16,0,57,0,0,16,4,20,11,30,32,4,77,51,0,51,128
01/14/2013,FAR,ND,AGL,CE,Combined TRACON& Tower with Radar,12,39,61,7,119,0,0,25,0,25,12,39,86,7,144,35,0,35,179
01/15/2013,FAR,ND,AGL,CE,Combined TRACON& Tower with Radar,6,37,46,4,93,0,0,30,2,32,6,37,76,6,125,77,0,77,202
01/16/2013,FAR,ND,AGL,CE,Combined TRACON& Tower with Radar,10,36,56,8,110,0,0,23,0,23,10,36,79,8,133,67,0,67,200
01/17/2013,FAR,ND,AGL,CE,Combined TRACON& Tower with Radar,12,41,51,8,112,0,0,54,4,58,12,41,105,12,170,158,61,219,389
01/18/2013,FAR,ND,AGL,CE,Combined TRACON& Tower with Radar,13,45,46,6,110,0,0,28,3,31,13,45,74,9,141,110,6,116,257
01/19/2013,FAR,ND,AGL,CE,Combined TRACON& Tower with Radar,9,27,6,0,42,0,0,0,0,0,9,27,6,0,42,1,0,1,43
01/20/2013,FAR,ND,AGL,CE,Combined TRACON& Tower with Radar,8,28,39,0,75,0,0,8,0,8,8,28,47,0,83,43,0,43,126
01/21/2013,FAR,ND,AGL,CE,Combined TRACON& Tower with Radar,11,33,65,0,109,0,1,34,0,35,11,34,99,0,144,110,0,110,254
01/22/2013,FAR,ND,AGL,CE,Combined TRACON& Tower with Radar,8,38,94,0,140,0,0,65,0,65,8,38,159,0,205,122,0,122,327
01/23/2013,FAR,ND,AGL,CE,Combined TRACON& Tower with Radar,10,43,49,7,109,0,0,10,2,12,10,43,59,9,121,26,0,26,147
01/24/2013,FAR,ND,AGL,CE,Combined TRACON& Tower with Radar,10,43,42,4,99,0,0,15,0,15,10,43,57,4,114,49,0,49,163
01/25/2013,FAR,ND,AGL,CE,Combined TRACON& Tower with Radar,14,47,55,6,122,0,0,25,5,30,14,47,80,11,152,46,0,46,198
01/26/2013,FAR,ND,AGL,CE,Combined TRACON& Tower with Radar,8,24,49,0,81,0,0,78,2,80,8,24,127,2,161,143,0,143,304
01/27/2013,FAR,ND,AGL,CE,Combined TRACON& Tower with Radar,8,27,40,0,75,0,0,83,0,83,8,27,123,0,158,135,0,135,293
01/28/2013,FAR,ND,AGL,CE,Combined TRACON& Tower with Radar,11,29,12,7,59,0,0,0,0,0,11,29,12,7,59,1,0,1,60
01/29/2013,FAR,ND,AGL,CE,Combined TRACON& Tower with Radar,13,44,17,6,80,0,0,0,0,0,13,44,17,6,80,0,0,0,80
01/30/2013,FAR,ND,AGL,CE,Combined TRACON& Tower with Radar,11,33,25,7,76,0,0,2,3,5,11,33,27,10,81,2,0,2,83
01/31/2013,FAR,ND,AGL,CE,Combined TRACON& Tower with Radar,13,50,59,2,124,0,0,6,0,6,13,50,65,2,130,14,0,14,144
02/01/2013,FAR,ND,AGL,CE,Combined TRACON& Tower with Radar,13,41,39,6,99,0,0,17,0,17,13,41,56,6,116,18,0,18,134
02/02/2013,FAR,ND,AGL,CE,Combined TRACON& Tower with Radar,9,29,23,6,67,0,0,6,2,8,9,29,29,8,75,10,1,11,86
02/03/2013,FAR,ND,AGL,CE,Combined TRACON& Tower with Radar,9,29,15,4,57,0,0,8,0,8,9,29,23,4,65,3,0,3,68
02/04/2013,FAR,ND,AGL,CE,Combined TRACON& Tower with Radar,14,39,35,2,90,0,0,17,0,17,14,39,52,2,107,59,0,59,166
02/05/2013,FAR,ND,AGL,CE,Combined TRACON& Tower with Radar,8,47,78,9,142,0,4,49,1,54,8,51,127,10,196,99,28,127,323
02/06/2013,FAR,ND,AGL,CE,Combined TRACON& Tower with Radar,10,46,33,24,113,0,0,8,0,8,10,46,41,24,121,47,0,47,168
02/07/2013,FAR,ND,AGL,CE,Combined TRACON& Tower with Radar,10,38,38,28,114,0,0,5,0,5,10,38,43,28,119,4,37,41,160
02/08/2013,FAR,ND,AGL,CE,Combined TRACON& Tower with Radar,14,41,51,20,126,0,0,16,0,16,14,41,67,20,142,50,2,52,194
02/09/2013,FAR,ND,AGL,CE,Combined TRACON& Tower with Radar,11,33,12,0,56,0,0,0,0,0,11,33,12,0,56,1,0,1,57
02/10/2013,FAR,ND,AGL,CE,Combined TRACON& Tower with Radar,2,10,3,0,15,0,0,0,0,0,2,10,3,0,15,20,0,20,35
02/11/2013,FAR,ND,AGL,CE,Combined TRACON& Tower with Radar,18,44,40,0,102,0,0,17,0,17,18,44,57,0,119,20,0,20,139
02/12/2013,FAR,ND,AGL,CE,Combined TRACON& Tower with Radar,10,49,89,7,155,0,0,74,3,77,10,49,163,10,232,163,0,163,395
02/13/2013,FAR,ND,AGL,CE,Combined TRACON& Tower with Radar,12,41,59,7,119,0,0,17,2,19,12,41,76,9,138,47,0,47,185
02/14/2013,FAR,ND,AGL,CE,Combined TRACON& Tower with Radar,11,48,89,13,161,0,0,53,4,57,11,48,142,17,218,138,20,158,376
02/15/2013,FAR,ND,AGL,CE,Combined TRACON& Tower with Radar,15,48,63,9,135,0,0,49,4,53,15,48,112,13,188,144,12,156,344
02/16/2013,FAR,ND,AGL,CE,Combined TRACON& Tower with Radar,9,32,19,0,60,0,0,23,2,25,9,32,42,2,85,27,0,27,112
02/17/2013,FAR,ND,AGL,CE,Combined TRACON& Tower with Radar,16,25,7,1,49,0,0,6,0,6,16,25,13,1,55,2,0,2,57
02/18/2013,FAR,ND,AGL,CE,Combined TRACON& Tower with Radar,14,28,10,0,52,0,0,0,0,0,14,28,10,0,52,3,0,3,55
02/19/2013,FAR,ND,AGL,CE,Combined TRACON& Tower with Radar,11,49,61,1,122,0,0,14,1,15,11,49,75,2,137,21,0,21,158
02/20/2013,FAR,ND,AGL,CE,Combined TRACON& Tower with Radar,16,43,76,12,147,0,0,68,2,70,16,43,144,14,217,95,0,95,312
02/21/2013,FAR,ND,AGL,CE,Combined TRACON& Tower with Radar,12,45,110,14,181,0,0,80,3,83,12,45,190,17,264,234,56,290,554
02/22/2013,FAR,ND,AGL,CE,Combined TRACON& Tower with Radar,14,38,35,13,100,0,0,9,1,10,14,38,44,14,110,18,6,24,134
02/23/2013,FAR,ND,AGL,CE,Combined TRACON& Tower with Radar,15,29,25,0,69,0,0,14,0,14,15,29,39,0,83,88,0,88,171
02/24/2013,FAR,ND,AGL,CE,Combined TRACON& Tower with Radar,14,30,25,0,69,0,0,17,1,18,14,30,42,1,87,50,0,50,137
02/25/2013,FAR,ND,AGL,CE,Combined TRACON& Tower with Radar,20,51,66,12,149,0,0,57,2,59,20,51,123,14,208,107,6,113,321
02/26/2013,FAR,ND,AGL,CE,Combined TRACON& Tower with Radar,6,38,26,10,80,0,0,0,0,0,6,38,26,10,80,1,0,1,81
02/27/2013,FAR,ND,AGL,CE,Combined TRACON& Tower with Radar,13,47,35,3,98,0,0,5,1,6,13,47,40,4,104,4,0,4,108
02/28/2013,FAR,ND,AGL,CE,Combined TRACON& Tower with Radar,12,46,53,0,111,0,0,36,3,39,12,46,89,3,150,82,0,82,232
03/01/2013,FAR,ND,AGL,CE,Combined TRACON& Tower with Radar,13,42,72,0,127,0,0,73,0,73,13,42,145,0,200,184,0,184,384
03/02/2013,FAR,ND,AGL,CE,Combined TRACON& Tower with Radar,13,33,28,0,74,0,0,43,1,44,13,33,71,1,118,81,0,81,199
03/03/2013,FAR,ND,AGL,CE,Combined TRACON& Tower with Radar,11,33,16,0,60,0,0,15,0,15,11,33,31,0,75,8,0,8,83
03/04/2013,FAR,ND,AGL,CE,Combined TRACON& Tower with Radar,11,43,17,2,73,0,0,0,0,0,11,43,17,2,73,0,0,0,73
03/05/2013,FAR,ND,AGL,CE,Combined TRACON& Tower with Radar,10,38,35,1,84,0,0,0,2,2,10,38,35,3,86,0,0,0,86
03/06/2013,FAR,ND,AGL,CE,Combined TRACON& Tower with Radar,14,45,60,8,127,0,0,18,1,19,14,45,78,9,146,42,0,42,188
03/07/2013,FAR,ND,AGL,CE,Combined TRACON& Tower with Radar,11,49,67,6,133,0,0,17,3,20,11,49,84,9,153,29,19,48,201
03/08/2013,FAR,ND,AGL,CE,Combined TRACON& Tower with Radar,13,44,27,5,89,0,0,11,1,12,13,44,38,6,101,71,0,71,172
03/09/2013,FAR,ND,AGL,CE,Combined TRACON& Tower with Radar,15,34,8,0,57,0,0,0,0,0,15,34,8,0,57,4,0,4,61
03/10/2013,FAR,ND,AGL,CE,Combined TRACON& Tower with Radar,9,33,18,0,60,0,0,9,1,10,9,33,27,1,70,7,0,7,77
03/11/2013,FAR,ND,AGL,CE,Combined TRACON& Tower with Radar,12,42,89,4,147,0,0,60,2,62,12,42,149,6,209,139,6,145,354
03/12/2013,FAR,ND,AGL,CE,Combined TRACON& Tower with Radar,8,44,34,8,94,0,0,12,2,14,8,44,46,10,108,18,12,30,138
03/13/2013,FAR,ND,AGL,CE,Combined TRACON& Tower with Radar,14,51,92,10,167,0,0,80,2,82,14,51,172,12,249,124,2,126,375
03/14/2013,FAR,ND,AGL,CE,Combined TRACON& Tower with Radar,14,51,65,14,144,0,0,43,0,43,14,51,108,14,187,111,10,121,308
03/15/2013,FAR,ND,AGL,CE,Combined TRACON& Tower with Radar,13,48,24,0,85,0,0,0,0,0,13,48,24,0,85,10,0,10,95
03/16/2013,FAR,ND,AGL,CE,Combined TRACON& Tower with Radar,15,36,43,0,94,0,0,41,0,41,15,36,84,0,135,100,0,100,235
03/17/2013,FAR,ND,AGL,CE,Combined TRACON& Tower with Radar,11,37,18,0,66,0,0,9,2,11,11,37,27,2,77,13,0,13,90
03/18/2013,FAR,ND,AGL,CE,Combined TRACON& Tower with Radar,11,36,15,0,62,0,0,2,0,2,11,36,17,0,64,3,0,3,67
03/19/2013,FAR,ND,AGL,CE,Combined TRACON& Tower with Radar,11,47,70,14,142,0,0,50,2,52,11,47,120,16,194,114,16,130,324
03/20/2013,FAR,ND,AGL,CE,Combined TRACON& Tower with Radar,14,51,103,16,184,0,1,87,6,94,14,52,190,22,278,93,14,107,385
03/21/2013,FAR,ND,AGL,CE,Combined TRACON& Tower with Radar,13,47,68,10,138,0,1,64,16,81,13,48,132,26,219,139,19,158,377
03/22/2013,FAR,ND,AGL,CE,Combined TRACON& Tower with Radar,13,47,55,10,125,0,0,75,3,78,13,47,130,13,203,177,12,189,392
03/23/2013,FAR,ND,AGL,CE,Combined TRACON& Tower with Radar,12,33,21,0,66,0,0,44,0,44,12,33,65,0,110,148,1,149,259
03/24/2013,FAR,ND,AGL,CE,Combined TRACON& Tower with Radar,9,34,15,0,58,0,0,22,1,23,9,34,37,1,81,79,0,79,160
03/25/2013,FAR,ND,AGL,CE,Combined TRACON& Tower with Radar,14,43,69,24,150,0,0,42,2,44,14,43,111,26,194,114,12,126,320
03/26/2013,FAR,ND,AGL,CE,Combined TRACON& Tower with Radar,8,45,81,16,150,0,3,70,1,74,8,48,151,17,224,195,17,212,436
03/27/2013,FAR,ND,AGL,CE,Combined TRACON& Tower with Radar,14,47,91,9,161,0,0,61,5,66,14,47,152,14,227,128,3,131,358
03/28/2013,FAR,ND,AGL,CE,Combined TRACON& Tower with Radar,14,49,71,11,145,0,0,78,5,83,14,49,149,16,228,90,36,126,354
03/29/2013,FAR,ND,AGL,CE,Combined TRACON& Tower with Radar,16,47,28,6,97,0,0,5,0,5,16,47,33,6,102,17,0,17,119
03/30/2013,FAR,ND,AGL,CE,Combined TRACON& Tower with Radar,13,35,49,0,97,0,0,45,0,45,13,35,94,0,142,165,1,166,308
03/31/2013,FAR,ND,AGL,CE,Combined TRACON& Tower with Radar,8,32,17,0,57,0,0,5,3,8,8,32,22,3,65,3,2,5,70
04/01/2013,FAR,ND,AGL,CE,Combined TRACON& Tower with Radar,13,43,69,0,125,0,1,90,0,91,13,44,159,0,216,129,0,129,345
04/02/2013,FAR,ND,AGL,CE,Combined TRACON& Tower with Radar,8,50,72,6,136,0,1,81,2,84,8,51,153,8,220,190,16,206,426
04/03/2013,FAR,ND,AGL,CE,Combined TRACON& Tower with Radar,14,51,48,8,121,0,1,23,1,25,14,52,71,9,146,6,16,22,168
04/04/2013,FAR,ND,AGL,CE,Combined TRACON& Tower with Radar,15,49,82,8,154,0,0,84,5,89,15,49,166,13,243,167,12,179,422
04/05/2013,FAR,ND,AGL,CE,Combined TRACON& Tower with Radar,15,46,33,0,94,0,0,19,0,19,15,46,52,0,113,42,0,42,155
04/06/2013,FAR,ND,AGL,CE,Combined TRACON& Tower with Radar,10,34,17,2,63,0,0,0,0,0,10,34,17,2,63,21,0,21,84
04/07/2013,FAR,ND,AGL,CE,Combined TRACON& Tower with Radar,8,31,18,4,61,0,0,6,0,6,8,31,24,4,67,11,0,11,78
04/08/2013,FAR,ND,AGL,CE,Combined TRACON& Tower with Radar,14,42,37,6,99,0,0,4,0,4,14,42,41,6,103,7,0,7,110
04/09/2013,FAR,ND,AGL,CE,Combined TRACON& Tower with Radar,8,35,85,6,134,0,1,30,1,32,8,36,115,7,166,149,6,155,321
04/10/2013,FAR,ND,AGL,CE,Combined TRACON& Tower with Radar,8,26,83,12,129,0,0,63,1,64,8,26,146,13,193,82,8,90,283
04/11/2013,FAR,ND,AGL,CE,Combined TRACON& Tower with Radar,10,32,22,2,66,0,0,2,2,4,10,32,24,4,70,0,0,0,70
04/12/2013,FAR,ND,AGL,CE,Combined TRACON& Tower with Radar,15,42,26,13,96,0,0,0,1,1,15,42,26,14,97,5,0,5,102
04/13/2013,FAR,ND,AGL,CE,Combined TRACON& Tower with Radar,6,24,46,0,76,0,2,41,0,43,6,26,87,0,119,122,0,122,241
04/14/2013,FAR,ND,AGL,CE,Combined TRACON& Tower with Radar,5,11,3,0,19,0,0,0,0,0,5,11,3,0,19,0,0,0,19
04/15/2013,FAR,ND,AGL,CE,Combined TRACON& Tower with Radar,14,40,14,0,68,0,0,0,0,0,14,40,14,0,68,0,0,0,68
04/16/2013,FAR,ND,AGL,CE,Combined TRACON& Tower with Radar,7,43,44,8,102,0,0,11,2,13,7,43,55,10,115,121,4,125,240
04/17/2013,FAR,ND,AGL,CE,Combined TRACON& Tower with Radar,10,38,36,6,90,0,0,0,0,0,10,38,36,6,90,0,0,0,90
04/18/2013,FAR,ND,AGL,CE,Combined TRACON& Tower with Radar,12,45,50,5,112,0,0,12,8,20,12,45,62,13,132,20,34,54,186
04/19/2013,FAR,ND,AGL,CE,Combined TRACON& Tower with Radar,13,50,86,8,157,0,0,74,1,75,13,50,160,9,232,158,0,158,390
04/20/2013,FAR,ND,AGL,CE,Combined TRACON& Tower with Radar,8,25,74,8,115,0,0,86,0,86,8,25,160,8,201,183,10,193,394
04/21/2013,FAR,ND,AGL,CE,Combined TRACON& Tower with Radar,8,38,17,1,64,0,0,0,1,1,8,38,17,2,65,19,0,19,84
04/22/2013,FAR,ND,AGL,CE,Combined TRACON& Tower with Radar,11,44,62,6,123,0,0,47,4,51,11,44,109,10,174,87,34,121,295
04/23/2013,FAR,ND,AGL,CE,Combined TRACON& Tower with Radar,9,44,119,19,191,0,1,142,4,147,9,45,261,23,338,224,38,262,600
04/24/2013,FAR,ND,AGL,CE,Combined TRACON& Tower with Radar,10,42,58,7,117,0,0,5,3,8,10,42,63,10,125,72,50,122,247
04/25/2013,FAR,ND,AGL,CE,Combined TRACON& Tower with Radar,9,48,127,8,192,0,0,92,5,97,9,48,219,13,289,156,32,188,477
04/26/2013,FAR,ND,AGL,CE,Combined TRACON& Tower with Radar,15,53,72,5,145,0,0,131,1,132,15,53,203,6,277,248,6,254,531
04/27/2013,FAR,ND,AGL,CE,Combined TRACON& Tower with Radar,6,32,54,1,93,0,0,91,0,91,6,32,145,1,184,104,2,106,290
04/28/2013,FAR,ND,AGL,CE,Combined TRACON& Tower with Radar,6,29,38,1,74,0,0,28,2,30,6,29,66,3,104,79,0,79,183
04/29/2013,FAR,ND,AGL,CE,Combined TRACON& Tower with Radar,13,44,81,4,142,0,0,50,0,50,13,44,131,4,192,81,0,81,273
04/30/2013,FAR,ND,AGL,CE,Combined TRACON& Tower with Radar,8,42,50,11,111,0,0,26,0,26,8,42,76,11,137,38,8,46,183
05/01/2013,FAR,ND,AGL,CE,Combined TRACON& Tower with Radar,12,38,110,7,167,0,0,43,2,45,12,38,153,9,212,190,20,210,422
05/02/2013,FAR,ND,AGL,CE,Combined TRACON& Tower with Radar,12,43,71,12,138,0,0,50,4,54,12,43,121,16,192,112,20,132,324
05/03/2013,FAR,ND,AGL,CE,Combined TRACON& Tower with Radar,15,40,79,10,144,0,2,83,1,86,15,42,162,11,230,125,0,125,355
05/04/2013,FAR,ND,AGL,CE,Combined TRACON& Tower with Radar,9,26,43,20,98,0,0,29,0,29,9,26,72,20,127,61,16,77,204
05/05/2013,FAR,ND,AGL,CE,Combined TRACON& Tower with Radar,10,28,47,13,98,0,0,20,1,21,10,28,67,14,119,64,8,72,191
05/06/2013,FAR,ND,AGL,CE,Combined TRACON& Tower with Radar,13,43,81,5,142,0,0,68,2,70,13,43,149,7,212,141,0,141,353
05/07/2013,FAR,ND,AGL,CE,Combined TRACON& Tower with Radar,12,41,67,8,128,0,0,56,3,59,12,41,123,11,187,74,0,74,261
05/08/2013,FAR,ND,AGL,CE,Combined TRACON& Tower with Radar,13,52,79,8,152,0,0,52,3,55,13,52,131,11,207,83,4,87,294
05/09/2013,FAR,ND,AGL,CE,Combined TRACON& Tower with Radar,11,41,74,9,135,0,0,55,9,64,11,41,129,18,199,104,48,152,351
05/10/2013,FAR,ND,AGL,CE,Combined TRACON& Tower with Radar,15,46,38,5,104,0,1,22,7,30,15,47,60,12,134,45,6,51,185
05/11/2013,FAR,ND,AGL,CE,Combined TRACON& Tower with Radar,8,26,28,0,62,0,0,25,1,26,8,26,53,1,88,38,0,38,126
05/12/2013,FAR,ND,AGL,CE,Combined TRACON& Tower with Radar,7,29,39,0,75,0,0,77,0,77,7,29,116,0,152,118,0,118,270
05/13/2013,FAR,ND,AGL,CE,Combined TRACON& Tower with Radar,13,42,49,1,105,0,1,35,4,40,13,43,84,5,145,47,0,47,192
05/14/2013,FAR,ND,AGL,CE,Combined TRACON& Tower with Radar,11,42,58,5,116,0,0,15,3,18,11,42,73,8,134,49,4,53,187
05/15/2013,FAR,ND,AGL,CE,Combined TRACON& Tower with Radar,13,42,106,5,166,0,0,80,4,84,13,42,186,9,250,153,0,153,403
05/16/2013,FAR,ND,AGL,CE,Combined TRACON& Tower with Radar,11,50,102,12,175,0,1,46,6,53,11,51,148,18,228,146,15,161,389
05/17/2013,FAR,ND,AGL,CE,Combined TRACON& Tower with Radar,13,45,85,6,149,0,0,37,4,41,13,45,122,10,190,80,0,80,270
05/18/2013,FAR,ND,AGL,CE,Combined TRACON& Tower with Radar,8,24,45,0,77,0,0,15,0,15,8,24,60,0,92,112,0,112,204
05/19/2013,FAR,ND,AGL,CE,Combined TRACON& Tower with Radar,22,31,16,0,69,0,0,1,0,1,22,31,17,0,70,19,0,19,89
05/20/2013,FAR,ND,AGL,CE,Combined TRACON& Tower with Radar,14,48,52,6,120,0,0,0,1,1,14,48,52,7,121,5,0,5,126
05/21/2013,FAR,ND,AGL,CE,Combined TRACON& Tower with Radar,10,53,104,7,174,0,0,2,2,4,10,53,106,9,178,48,0,48,226
05/22/2013,FAR,ND,AGL,CE,Combined TRACON& Tower with Radar,10,42,81,29,162,0,1,42,9,52,10,43,123,38,214,98,34,132,346
05/23/2013,FAR,ND,AGL,CE,Combined TRACON& Tower with Radar,11,49,83,4,147,0,0,108,6,114,11,49,191,10,261,269,0,269,530
05/24/2013,FAR,ND,AGL,CE,Combined TRACON& Tower with Radar,17,43,59,6,125,0,0,38,1,39,17,43,97,7,164,49,2,51,215
05/25/2013,FAR,ND,AGL,CE,Combined TRACON& Tower with Radar,7,23,25,0,55,0,0,18,4,22,7,23,43,4,77,20,0,20,97
05/26/2013,FAR,ND,AGL,CE,Combined TRACON& Tower with Radar,6,25,36,0,67,0,1,9,2,12,6,26,45,2,79,6,0,6,85
05/27/2013,FAR,ND,AGL,CE,Combined TRACON& Tower with Radar,13,32,37,2,84,0,0,15,4,19,13,32,52,6,103,58,0,58,161
05/28/2013,FAR,ND,AGL,CE,Combined TRACON& Tower with Radar,12,51,86,18,167,0,0,31,0,31,12,51,117,18,198,49,38,87,285
05/29/2013,FAR,ND,AGL,CE,Combined TRACON& Tower with Radar,9,55,50,4,118,0,0,23,1,24,9,55,73,5,142,57,0,57,199
05/30/2013,FAR,ND,AGL,CE,Combined TRACON& Tower with Radar,13,50,78,16,157,0,0,13,4,17,13,50,91,20,174,43,16,59,233
05/31/2013,FAR,ND,AGL,CE,Combined TRACON& Tower with Radar,15,47,58,6,126,0,0,12,0,12,15,47,70,6,138,8,0,8,146
06/01/2013,FAR,ND,AGL,CE,Combined TRACON& Tower with Radar,8,27,34,0,69,0,0,6,1,7,8,27,40,1,76,6,0,6,82
06/02/2013,FAR,ND,AGL,CE,Combined TRACON& Tower with Radar,8,28,16,2,54,0,1,81,3,85,8,29,97,5,139,100,0,100,239
06/03/2013,FAR,ND,AGL,CE,Combined TRACON& Tower with Radar,14,46,59,5,124,0,0,49,1,50,14,46,108,6,174,151,0,151,325
06/04/2013,FAR,ND,AGL,CE,Combined TRACON& Tower with Radar,11,49,60,8,128,0,0,13,3,16,11,49,73,11,144,10,0,10,154
06/05/2013,FAR,ND,AGL,CE,Combined TRACON& Tower with Radar,13,44,104,4,165,0,0,14,2,16,13,44,118,6,181,74,0,74,255
06/06/2013,FAR,ND,AGL,CE,Combined TRACON& Tower with Radar,9,41,99,50,199,0,1,99,2,102,9,42,198,52,301,191,62,253,554
06/07/2013,FAR,ND,AGL,CE,Combined TRACON& Tower with Radar,16,42,48,10,116,0,0,67,9,76,16,42,115,19,192,93,25,118,310
06/08/2013,FAR,ND,AGL,CE,Combined TRACON& Tower with Radar,8,28,55,0,91,0,0,34,0,34,8,28,89,0,125,117,0,117,242
06/09/2013,FAR,ND,AGL,CE,Combined TRACON& Tower with Radar,8,39,44,0,91,0,1,13,0,14,8,40,57,0,105,17,0,17,122
06/10/2013,FAR,ND,AGL,CE,Combined TRACON& Tower with Radar,20,38,57,2,117,0,0,33,2,35,20,38,90,4,152,52,0,52,204
06/11/2013,FAR,ND,AGL,CE,Combined TRACON& Tower with Radar,15,64,63,13,155,0,14,62,3,79,15,78,125,16,234,76,0,76,310
06/12/2013,FAR,ND,AGL,CE,Combined TRACON& Tower with Radar,17,57,47,8,129,0,32,26,3,61,17,89,73,11,190,128,1,129,319
06/13/2013,FAR,ND,AGL,CE,Combined TRACON& Tower with Radar,16,52,54,8,130,0,10,55,9,74,16,62,109,17,204,125,6,131,335
06/14/2013,FAR,ND,AGL,CE,Combined TRACON& Tower with Radar,23,46,43,15,127,0,7,28,1,36,23,53,71,16,163,44,5,49,212
06/15/2013,FAR,ND,AGL,CE,Combined TRACON& Tower with Radar,15,46,17,5,83,0,15,31,0,46,15,61,48,5,129,128,4,132,261
06/16/2013,FAR,ND,AGL,CE,Combined TRACON& Tower with Radar,15,26,14,0,55,0,6,19,2,27,15,32,33,2,82,15,0,15,97
06/17/2013,FAR,ND,AGL,CE,Combined TRACON& Tower with Radar,20,61,47,8,136,0,11,27,2,40,20,72,74,10,176,73,0,73,249
06/18/2013,FAR,ND,AGL,CE,Combined TRACON& Tower with Radar,16,60,64,10,150,0,37,102,2,141,16,97,166,12,291,115,2,117,408
06/19/2013,FAR,ND,AGL,CE,Combined TRACON& Tower with Radar,18,59,71,8,156,0,24,48,2,74,18,83,119,10,230,107,0,107,337
06/20/2013,FAR,ND,AGL,CE,Combined TRACON& Tower with Radar,16,42,33,8,99,0,0,7,6,13,16,42,40,14,112,0,0,0,112
06/21/2013,FAR,ND,AGL,CE,Combined TRACON& Tower with Radar,22,58,35,7,122,0,18,23,1,42,22,76,58,8,164,63,0,63,227
06/22/2013,FAR,ND,AGL,CE,Combined TRACON& Tower with Radar,15,35,21,0,71,0,12,23,0,35,15,47,44,0,106,87,2,89,195
06/23/2013,FAR,ND,AGL,CE,Combined TRACON& Tower with Radar,15,37,13,0,65,0,1,11,0,12,15,38,24,0,77,11,0,11,88
06/24/2013,FAR,ND,AGL,CE,Combined TRACON& Tower with Radar,20,52,57,3,132,0,20,36,2,58,20,72,93,5,190,79,0,79,269
06/25/2013,FAR,ND,AGL,CE,Combined TRACON& Tower with Radar,15,82,43,10,150,0,8,24,3,35,15,90,67,13,185,64,2,66,251
06/26/2013,FAR,ND,AGL,CE,Combined TRACON& Tower with Radar,19,57,61,8,145,0,16,34,0,50,19,73,95,8,195,61,1,62,257
06/27/2013,FAR,ND,AGL,CE,Combined TRACON& Tower with Radar,21,69,46,3,139,0,21,45,4,70,21,90,91,7,209,69,1,70,279
06/28/2013,FAR,ND,AGL,CE,Combined TRACON& Tower with Radar,21,52,29,4,106,0,55,28,1,84,21,107,57,5,190,139,1,140,330
06/29/2013,FAR,ND,AGL,CE,Combined TRACON& Tower with Radar,15,44,26,1,86,0,19,45,5,69,15,63,71,6,155,75,0,75,230
06/30/2013,FAR,ND,AGL,CE,Combined TRACON& Tower with Radar,13,47,16,0,76,0,8,49,3,60,13,55,65,3,136,212,0,212,348
07/01/2013,FAR,ND,AGL,CE,Combined TRACON& Tower with Radar,16,52,41,3,112,0,13,37,2,52,16,65,78,5,164,115,0,115,279
07/02/2013,FAR,ND,AGL,CE,Combined TRACON& Tower with Radar,13,57,45,0,115,0,12,54,5,71,13,69,99,5,186,117,0,117,303
07/03/2013,FAR,ND,AGL,CE,Combined TRACON& Tower with Radar,17,61,34,0,112,0,24,38,2,64,17,85,72,2,176,142,1,143,319
07/04/2013,FAR,ND,AGL,CE,Combined TRACON& Tower with Radar,5,24,9,0,38,0,0,13,0,13,5,24,22,0,51,12,0,12,63
07/05/2013,FAR,ND,AGL,CE,Combined TRACON& Tower with Radar,12,46,5,0,63,0,2,52,3,57,12,48,57,3,120,15,0,15,135
07/06/2013,FAR,ND,AGL,CE,Combined TRACON& Tower with Radar,15,28,12,0,55,0,0,16,1,17,15,28,28,1,72,35,0,35,107
07/07/2013,FAR,ND,AGL,CE,Combined TRACON& Tower with Radar,13,32,15,0,60,0,0,28,3,31,13,32,43,3,91,31,0,31,122
07/08/2013,FAR,ND,AGL,CE,Combined TRACON& Tower with Radar,20,53,61,8,142,0,12,51,0,63,20,65,112,8,205,94,2,96,301
07/09/2013,FAR,ND,AGL,CE,Combined TRACON& Tower with Radar,16,55,76,6,153,0,2,23,0,25,16,57,99,6,178,51,4,55,233
07/10/2013,FAR,ND,AGL,CE,Combined TRACON& Tower with Radar,20,54,70,3,147,0,21,39,2,62,20,75,109,5,209,99,4,103,312
07/11/2013,FAR,ND,AGL,CE,Combined TRACON& Tower with Radar,15,42,49,8,114,0,20,63,5,88,15,62,112,13,202,75,14,89,291
07/12/2013,FAR,ND,AGL,CE,Combined TRACON& Tower with Radar,21,55,44,3,123,0,7,33,4,44,21,62,77,7,167,36,2,38,205
07/13/2013,FAR,ND,AGL,CE,Combined TRACON& Tower with Radar,17,33,30,0,80,0,10,34,0,44,17,43,64,0,124,35,0,35,159
07/14/2013,FAR,ND,AGL,CE,Combined TRACON& Tower with Radar,13,28,23,0,64,0,0,23,1,24,13,28,46,1,88,55,0,55,143
07/15/2013,FAR,ND,AGL,CE,Combined TRACON& Tower with Radar,19,59,94,3,175,0,4,12,0,16,19,63,106,3,191,57,0,57,248
07/16/2013,FAR,ND,AGL,CE,Combined TRACON& Tower with Radar,16,49,37,2,104,0,6,53,0,59,16,55,90,2,163,55,0,55,218
07/17/2013,FAR,ND,AGL,CE,Combined TRACON& Tower with Radar,19,56,57,17,149,0,12,52,0,64,19,68,109,17,213,61,18,79,292
07/18/2013,FAR,ND,AGL,CE,Combined TRACON& Tower with Radar,14,50,52,3,119,0,6,36,5,47,14,56,88,8,166,39,15,54,220
07/19/2013,FAR,ND,AGL,CE,Combined TRACON& Tower with Radar,21,56,35,8,120,0,6,41,4,51,21,62,76,12,171,29,0,29,200
07/20/2013,FAR,ND,AGL,CE,Combined TRACON& Tower with Radar,15,35,11,6,67,0,8,25,1,34,15,43,36,7,101,62,20,82,183
07/21/2013,FAR,ND,AGL,CE,Combined TRACON& Tower with Radar,13,31,21,2,67,0,0,37,3,40,13,31,58,5,107,23,0,23,130
07/22/2013,FAR,ND,AGL,CE,Combined TRACON& Tower with Radar,19,55,41,6,121,0,7,32,0,39,19,62,73,6,160,106,0,106,266
07/23/2013,FAR,ND,AGL,CE,Combined TRACON& Tower with Radar,15,49,34,5,103,0,13,74,1,88,15,62,108,6,191,157,0,157,348
07/24/2013,FAR,ND,AGL,CE,Combined TRACON& Tower with Radar,21,60,57,3,141,0,27,74,2,103,21,87,131,5,244,129,6,135,379
07/25/2013,FAR,ND,AGL,CE,Combined TRACON& Tower with Radar,14,55,45,10,124,0,3,35,7,45,14,58,80,17,169,71,5,76,245
07/26/2013,FAR,ND,AGL,CE,Combined TRACON& Tower with Radar,22,55,27,4,108,0,18,35,2,55,22,73,62,6,163,55,0,55,218
07/27/2013,FAR,ND,AGL,CE,Combined TRACON& Tower with Radar,15,39,31,0,85,0,16,42,0,58,15,55,73,0,143,50,1,51,194
07/28/2013,FAR,ND,AGL,CE,Combined TRACON& Tower with Radar,15,30,25,0,70,0,0,60,0,60,15,30,85,0,130,53,0,53,183
07/29/2013,FAR,ND,AGL,CE,Combined TRACON& Tower with Radar,20,41,39,3,103,0,9,21,3,33,20,50,60,6,136,45,0,45,181
07/30/2013,FAR,ND,AGL,CE,Combined TRACON& Tower with Radar,14,50,48,4,116,0,4,27,2,33,14,54,75,6,149,30,0,30,179
07/31/2013,FAR,ND,AGL,CE,Combined TRACON& Tower with Radar,18,53,56,7,134,0,21,31,4,56,18,74,87,11,190,100,0,100,290
08/01/2013,FAR,ND,AGL,CE,Combined TRACON& Tower with Radar,16,66,66,4,152,0,16,36,4,56,16,82,102,8,208,50,3,53,261
08/02/2013,FAR,ND,AGL,CE,Combined TRACON& Tower with Radar,19,54,44,2,119,0,19,35,1,55,19,73,79,3,174,107,2,109,283
08/03/2013,FAR,ND,AGL,CE,Combined TRACON& Tower with Radar,15,35,11,4,65,0,10,38,5,53,15,45,49,9,118,32,6,38,156
08/04/2013,FAR,ND,AGL,CE,Combined TRACON& Tower with Radar,15,30,36,0,81,0,3,33,0,36,15,33,69,0,117,23,0,23,140
08/05/2013,FAR,ND,AGL,CE,Combined TRACON& Tower with Radar,20,49,47,5,121,0,5,33,2,40,20,54,80,7,161,78,2,80,241
08/06/2013,FAR,ND,AGL,CE,Combined TRACON& Tower with Radar,18,45,40,2,105,0,0,21,0,21,18,45,61,2,126,20,0,20,146
08/07/2013,FAR,ND,AGL,CE,Combined TRACON& Tower with Radar,15,53,50,5,123,0,13,72,1,86,15,66,122,6,209,160,2,162,371
08/08/2013,FAR,ND,AGL,CE,Combined TRACON& Tower with Radar,15,59,73,4,151,0,16,58,8,82,15,75,131,12,233,102,1,103,336
08/09/2013,FAR,ND,AGL,CE,Combined TRACON& Tower with Radar,20,48,41,3,112,0,8,46,3,57,20,56,87,6,169,104,0,104,273
08/10/2013,FAR,ND,AGL,CE,Combined TRACON& Tower with Radar,15,33,19,0,67,0,4,63,1,68,15,37,82,1,135,49,0,49,184
08/11/2013,FAR,ND,AGL,CE,Combined TRACON& Tower with Radar,13,31,26,1,71,0,3,41,1,45,13,34,67,2,116,15,0,15,131
08/12/2013,FAR,ND,AGL,CE,Combined TRACON& Tower with Radar,20,46,34,8,108,0,6,44,10,60,20,52,78,18,168,24,18,42,210
08/13/2013,FAR,ND,AGL,CE,Combined TRACON& Tower with Radar,15,51,59,7,132,0,14,68,0,82,15,65,127,7,214,82,0,82,296
08/14/2013,FAR,ND,AGL,CE,Combined TRACON& Tower with Radar,16,40,69,4,129,0,5,45,0,50,16,45,114,4,179,81,10,91,270
08/15/2013,FAR,ND,AGL,CE,Combined TRACON& Tower with Radar,16,48,41,2,107,0,16,25,4,45,16,64,66,6,152,35,0,35,187
08/16/2013,FAR,ND,AGL,CE,Combined TRACON& Tower with Radar,16,52,27,6,101,0,10,31,2,43,16,62,58,8,144,112,3,115,259
08/17/2013,FAR,ND,AGL,CE,Combined TRACON& Tower with Radar,12,35,33,0,80,0,6,29,1,36,12,41,62,1,116,37,0,37,153
08/18/2013,FAR,ND,AGL,CE,Combined TRACON& Tower with Radar,15,38,23,0,76,0,2,32,1,35,15,40,55,1,111,31,0,31,142
08/19/2013,FAR,ND,AGL,CE,Combined TRACON& Tower with Radar,16,64,47,3,130,0,9,38,2,49,16,73,85,5,179,59,0,59,238
08/20/2013,FAR,ND,AGL,CE,Combined TRACON& Tower with Radar,13,48,65,12,138,0,2,64,0,66,13,50,129,12,204,35,2,37,241
08/21/2013,FAR,ND,AGL,CE,Combined TRACON& Tower with Radar,12,42,59,2,115,0,2,49,1,52,12,44,108,3,167,65,0,65,232
08/22/2013,FAR,ND,AGL,CE,Combined TRACON& Tower with Radar,13,58,61,0,132,0,17,44,0,61,13,75,105,0,193,96,1,97,290
08/23/2013,FAR,ND,AGL,CE,Combined TRACON& Tower with Radar,15,51,45,7,118,0,4,40,4,48,15,55,85,11,166,30,12,42,208
08/24/2013,FAR,ND,AGL,CE,Combined TRACON& Tower with Radar,8,30,21,2,61,0,7,26,0,33,8,37,47,2,94,88,0,88,182
08/25/2013,FAR,ND,AGL,CE,Combined TRACON& Tower with Radar,13,36,27,0,76,0,2,36,4,42,13,38,63,4,118,38,3,41,159
08/26/2013,FAR,ND,AGL,CE,Combined TRACON& Tower with Radar,14,35,38,3,90,0,4,31,1,36,14,39,69,4,126,52,0,52,178
08/27/2013,FAR,ND,AGL,CE,Combined TRACON& Tower with Radar,12,45,46,3,106,0,7,26,1,34,12,52,72,4,140,93,4,97,237
08/28/2013,FAR,ND,AGL,CE,Combined TRACON& Tower with Radar,14,48,51,0,113,0,11,44,4,59,14,59,95,4,172,43,0,43,215
08/29/2013,FAR,ND,AGL,CE,Combined TRACON& Tower with Radar,14,61,58,1,134,0,6,31,1,38,14,67,89,2,172,20,0,20,192
08/30/2013,FAR,ND,AGL,CE,Combined TRACON& Tower with Radar,15,46,41,0,102,0,14,38,4,56,15,60,79,4,158,67,1,68,226
08/31/2013,FAR,ND,AGL,CE,Combined TRACON& Tower with Radar,6,36,40,0,82,0,3,39,0,42,6,39,79,0,124,30,0,30,154
09/01/2013,FAR,ND,AGL,CE,Combined TRACON& Tower with Radar,4,36,20,0,60,0,0,17,0,17,4,36,37,0,77,43,0,43,120
09/02/2013,FAR,ND,AGL,CE,Combined TRACON& Tower with Radar,9,37,22,0,68,0,10,41,2,53,9,47,63,2,121,42,0,42,163
09/03/2013,FAR,ND,AGL,CE,Combined TRACON& Tower with Radar,7,68,39,0,114,0,25,31,2,58,7,93,70,2,172,120,1,121,293
09/04/2013,FAR,ND,AGL,CE,Combined TRACON& Tower with Radar,8,50,45,8,111,0,22,50,1,73,8,72,95,9,184,95,13,108,292
09/05/2013,FAR,ND,AGL,CE,Combined TRACON& Tower with Radar,12,57,62,4,135,0,30,42,2,74,12,87,104,6,209,67,1,68,277
09/06/2013,FAR,ND,AGL,CE,Combined TRACON& Tower with Radar,12,62,55,0,129,0,16,32,2,50,12,78,87,2,179,50,0,50,229
09/07/2013,FAR,ND,AGL,CE,Combined TRACON& Tower with Radar,7,38,21,0,66,0,8,29,2,39,7,46,50,2,105,74,0,74,179
09/08/2013,FAR,ND,AGL,CE,Combined TRACON& Tower with Radar,10,40,30,8,88,0,0,10,0,10,10,40,40,8,98,12,6,18,116
09/09/2013,FAR,ND,AGL,CE,Combined TRACON& Tower with Radar,12,48,56,4,120,0,0,0,0,0,12,48,56,4,120,8,0,8,128
09/10/2013,FAR,ND,AGL,CE,Combined TRACON& Tower with Radar,6,68,72,4,150,0,22,30,0,52,6,90,102,4,202,109,8,117,319
09/11/2013,FAR,ND,AGL,CE,Combined TRACON& Tower with Radar,8,56,64,0,128,0,16,43,0,59,8,72,107,0,187,88,0,88,275
09/12/2013,FAR,ND,AGL,CE,Combined TRACON& Tower with Radar,11,61,56,0,128,0,26,34,0,60,11,87,90,0,188,53,0,53,241
09/13/2013,FAR,ND,AGL,CE,Combined TRACON& Tower with Radar,11,70,43,0,124,0,15,63,3,81,11,85,106,3,205,134,0,134,339
09/14/2013,FAR,ND,AGL,CE,Combined TRACON& Tower with Radar,6,39,28,8,81,0,0,13,2,15,6,39,41,10,96,32,6,38,134
09/15/2013,FAR,ND,AGL,CE,Combined TRACON& Tower with Radar,10,33,27,0,70,0,3,27,0,30,10,36,54,0,100,6,0,6,106
09/16/2013,FAR,ND,AGL,CE,Combined TRACON& Tower with Radar,9,66,57,0,132,0,6,39,0,45,9,72,96,0,177,64,0,64,241
09/17/2013,FAR,ND,AGL,CE,Combined TRACON& Tower with Radar,6,67,81,2,156,0,4,18,0,22,6,71,99,2,178,82,0,82,260
09/18/2013,FAR,ND,AGL,CE,Combined TRACON& Tower with Radar,9,55,59,0,123,0,0,3,0,3,9,55,62,0,126,15,0,15,141
09/19/2013,FAR,ND,AGL,CE,Combined TRACON& Tower with Radar,13,52,58,2,125,0,4,27,2,33,13,56,85,4,158,83,0,83,241
09/20/2013,FAR,ND,AGL,CE,Combined TRACON& Tower with Radar,12,51,62,0,125,0,13,35,0,48,12,64,97,0,173,91,0,91,264
09/21/2013,FAR,ND,AGL,CE,Combined TRACON& Tower with Radar,7,32,21,0,60,0,35,55,3,93,7,67,76,3,153,192,1,193,346
09/22/2013,FAR,ND,AGL,CE,Combined TRACON& Tower with Radar,11,31,20,0,62,0,0,29,0,29,11,31,49,0,91,9,0,9,100
09/23/2013,FAR,ND,AGL,CE,Combined TRACON& Tower with Radar,11,48,46,0,105,0,4,7,0,11,11,52,53,0,116,23,0,23,139
09/24/2013,FAR,ND,AGL,CE,Combined TRACON& Tower with Radar,6,55,74,1,136,0,16,61,1,78,6,71,135,2,214,68,0,68,282
09/25/2013,FAR,ND,AGL,CE,Combined TRACON& Tower with Radar,8,63,47,1,119,0,11,34,4,49,8,74,81,5,168,17,0,17,185
09/26/2013,FAR,ND,AGL,CE,Combined TRACON& Tower with Radar,11,55,68,11,145,0,11,28,0,39,11,66,96,11,184,53,2,55,239
09/27/2013,FAR,ND,AGL,CE,Combined TRACON& Tower with Radar,13,80,36,0,129,0,0,2,0,2,13,80,38,0,131,14,0,14,145
09/28/2013,FAR,ND,AGL,CE,Combined TRACON& Tower with Radar,6,54,18,0,78,0,10,67,0,77,6,64,85,0,155,170,0,170,325
09/29/2013,FAR,ND,AGL,CE,Combined TRACON& Tower with Radar,9,31,22,0,62,0,6,242,0,248,9,37,264,0,310,305,1,306,616
09/30/2013,FAR,ND,AGL,CE,Combined TRACON& Tower with Radar,10,57,39,0,106,0,41,42,0,83,10,98,81,0,189,105,0,105,294
10/01/2013,FAR,ND,AGL,CE,Combined TRACON& Tower with Radar,6,53,31,0,90,0,4,19,0,23,6,57,50,0,113,29,0,29,142
10/02/2013,FAR,ND,AGL,CE,Combined TRACON& Tower with Radar,8,51,52,2,113,0,12,40,2,54,8,63,92,4,167,67,0,67,234
10/03/2013,FAR,ND,AGL,CE,Combined TRACON& Tower with Radar,14,68,60,2,144,0,18,30,0,48,14,86,90,2,192,62,0,62,254
10/04/2013,FAR,ND,AGL,CE,Combined TRACON& Tower with Radar,13,49,34,0,96,0,0,2,1,3,13,49,36,1,99,11,0,11,110
10/05/2013,FAR,ND,AGL,CE,Combined TRACON& Tower with Radar,10,34,17,0,61,0,0,0,0,0,10,34,17,0,61,1,0,1,62
10/06/2013,FAR,ND,AGL,CE,Combined TRACON& Tower with Radar,11,31,17,0,59,0,2,35,0,37,11,33,52,0,96,42,0,42,138
10/07/2013,FAR,ND,AGL,CE,Combined TRACON& Tower with Radar,10,60,46,0,116,0,28,45,0,73,10,88,91,0,189,163,2,165,354
10/08/2013,FAR,ND,AGL,CE,Combined TRACON& Tower with Radar,7,61,58,0,126,0,27,57,0,84,7,88,115,0,210,80,0,80,290
10/09/2013,FAR,ND,AGL,CE,Combined TRACON& Tower with Radar,5,58,49,0,112,0,17,48,2,67,5,75,97,2,179,97,0,97,276
10/10/2013,FAR,ND,AGL,CE,Combined TRACON& Tower with Radar,11,77,53,0,141,0,11,40,4,55,11,88,93,4,196,173,1,174,370
10/11/2013,FAR,ND,AGL,CE,Combined TRACON& Tower with Radar,13,50,42,0,105,0,2,16,0,18,13,52,58,0,123,6,0,6,129
10/12/2013,FAR,ND,AGL,CE,Combined TRACON& Tower with Radar,9,33,19,0,61,0,2,2,6,10,9,35,21,6,71,2,1,3,74
10/13/2013,FAR,ND,AGL,CE,Combined TRACON& Tower with Radar,9,39,11,0,59,0,13,34,0,47,9,52,45,0,106,123,1,124,230
10/14/2013,FAR,ND,AGL,CE,Combined TRACON& Tower with Radar,10,70,45,0,125,0,0,3,0,3,10,70,48,0,128,8,0,8,136
10/15/2013,FAR,ND,AGL,CE,Combined TRACON& Tower with Radar,6,60,42,0,108,0,0,2,0,2,6,60,44,0,110,7,0,7,117
10/16/2013,FAR,ND,AGL,CE,Combined TRACON& Tower with Radar,12,83,49,0,144,0,21,56,0,77,12,104,105,0,221,81,0,81,302
10/17/2013,FAR,ND,AGL,CE,Combined TRACON& Tower with Radar,14,55,51,0,120,0,14,31,0,45,14,69,82,0,165,118,0,118,283
10/18/2013,FAR,ND,AGL,CE,Combined TRACON& Tower with Radar,14,56,32,0,102,0,10,28,0,38,14,66,60,0,140,120,0,120,260
10/19/2013,FAR,ND,AGL,CE,Combined TRACON& Tower with Radar,13,30,25,0,68,0,6,18,0,24,13,36,43,0,92,21,0,21,113
10/20/2013,FAR,ND,AGL,CE,Combined TRACON& Tower with Radar,12,35,21,0,68,0,0,0,0,0,12,35,21,0,68,0,0,0,68
10/21/2013,FAR,ND,AGL,CE,Combined TRACON& Tower with Radar,10,60,52,4,126,0,9,25,6,40,10,69,77,10,166,87,0,87,253
10/22/2013,FAR,ND,AGL,CE,Combined TRACON& Tower with Radar,8,52,29,2,91,0,2,25,4,31,8,54,54,6,122,111,0,111,233
10/23/2013,FAR,ND,AGL,CE,Combined TRACON& Tower with Radar,9,60,39,4,112,0,4,22,3,29,9,64,61,7,141,118,0,118,259
10/24/2013,FAR,ND,AGL,CE,Combined TRACON& Tower with Radar,14,77,52,3,146,0,25,18,8,51,14,102,70,11,197,60,0,60,257
10/25/2013,FAR,ND,AGL,CE,Combined TRACON& Tower with Radar,12,71,53,2,138,0,9,58,1,68,12,80,111,3,206,70,5,75,281
10/26/2013,FAR,ND,AGL,CE,Combined TRACON& Tower with Radar,11,42,35,0,88,0,28,33,2,63,11,70,68,2,151,140,0,140,291
10/27/2013,FAR,ND,AGL,CE,Combined TRACON& Tower with Radar,10,35,30,0,75,0,0,23,3,26,10,35,53,3,101,38,0,38,139
10/28/2013,FAR,ND,AGL,CE,Combined TRACON& Tower with Radar,10,85,59,2,156,0,23,27,0,50,10,108,86,2,206,116,14,130,336
10/29/2013,FAR,ND,AGL,CE,Combined TRACON& Tower with Radar,7,73,46,14,140,0,27,35,1,63,7,100,81,15,203,156,29,185,388
10/30/2013,FAR,ND,AGL,CE,Combined TRACON& Tower with Radar,10,52,100,0,162,0,0,0,0,0,10,52,100,0,162,8,0,8,170
10/31/2013,FAR,ND,AGL,CE,Combined TRACON& Tower with Radar,10,57,53,17,137,0,7,11,2,20,10,64,64,19,157,47,6,53,210
11/01/2013,FAR,ND,AGL,CE,Combined TRACON& Tower with Radar,15,64,46,4,129,0,18,33,3,54,15,82,79,7,183,128,0,128,311
11/02/2013,FAR,ND,AGL,CE,Combined TRACON& Tower with Radar,8,61,18,0,87,0,26,45,0,71,8,87,63,0,158,147,0,147,305
11/03/2013,FAR,ND,AGL,CE,Combined TRACON& Tower with Radar,7,33,16,2,58,0,1,12,3,16,7,34,28,5,74,1,0,1,75
11/04/2013,FAR,ND,AGL,CE,Combined TRACON& Tower with Radar,18,61,59,6,144,0,20,22,4,46,18,81,81,10,190,94,16,110,300
11/05/2013,FAR,ND,AGL,CE,Combined TRACON& Tower with Radar,10,88,43,1,142,0,19,30,3,52,10,107,73,4,194,173,0,173,367
11/06/2013,FAR,ND,AGL,CE,Combined TRACON& Tower with Radar,12,73,79,0,164,0,27,33,4,64,12,100,112,4,228,177,0,177,405
11/07/2013,FAR,ND,AGL,CE,Combined TRACON& Tower with Radar,11,69,59,2,141,0,16,53,6,75,11,85,112,8,216,152,3,155,371
11/08/2013,FAR,ND,AGL,CE,Combined TRACON& Tower with Radar,20,52,25,0,97,0,2,10,2,14,20,54,35,2,111,7,0,7,118
11/09/2013,FAR,ND,AGL,CE,Combined TRACON& Tower with Radar,8,25,16,0,49,0,0,20,0,20,8,25,36,0,69,39,0,39,108
11/10/2013,FAR,ND,AGL,CE,Combined TRACON& Tower with Radar,8,47,13,2,70,0,7,14,2,23,8,54,27,4,93,59,1,60,153
11/11/2013,FAR,ND,AGL,CE,Combined TRACON& Tower with Radar,18,46,24,0,88,0,18,9,0,27,18,64,33,0,115,69,0,69,184
11/12/2013,FAR,ND,AGL,CE,Combined TRACON& Tower with Radar,9,108,48,1,166,0,19,39,3,61,9,127,87,4,227,121,16,137,364
11/13/2013,FAR,ND,AGL,CE,Combined TRACON& Tower with Radar,12,74,51,1,138,0,26,43,2,71,12,100,94,3,209,176,0,176,385
11/14/2013,FAR,ND,AGL,CE,Combined TRACON& Tower with Radar,11,52,52,8,123,0,6,29,8,43,11,58,81,16,166,99,45,144,310
11/15/2013,FAR,ND,AGL,CE,Combined TRACON& Tower with Radar,19,86,36,4,145,0,18,45,0,63,19,104,81,4,208,89,34,123,331
11/16/2013,FAR,ND,AGL,CE,Combined TRACON& Tower with Radar,9,51,28,11,99,0,9,23,0,32,9,60,51,11,131,104,35,139,270
11/17/2013,FAR,ND,AGL,CE,Combined TRACON& Tower with Radar,8,31,14,0,53,0,0,1,0,1,8,31,15,0,54,0,1,1,55
11/18/2013,FAR,ND,AGL,CE,Combined TRACON& Tower with Radar,16,51,52,1,120,0,22,18,6,46,16,73,70,7,166,123,0,123,289
11/19/2013,FAR,ND,AGL,CE,Combined TRACON& Tower with Radar,10,71,51,1,133,0,5,28,3,36,10,76,79,4,169,49,0,49,218
11/20/2013,FAR,ND,AGL,CE,Combined TRACON& Tower with Radar,12,47,67,2,128,0,0,20,0,20,12,47,87,2,148,28,0,28,176
11/21/2013,FAR,ND,AGL,CE,Combined TRACON& Tower with Radar,8,67,44,0,119,0,11,12,1,24,8,78,56,1,143,81,0,81,224
11/22/2013,FAR,ND,AGL,CE,Combined TRACON& Tower with Radar,17,58,48,0,123,0,9,12,0,21,17,67,60,0,144,39,2,41,185
11/23/2013,FAR,ND,AGL,CE,Combined TRACON& Tower with Radar,10,71,16,0,97,0,31,33,2,66,10,102,49,2,163,145,0,145,308
11/24/2013,FAR,ND,AGL,CE,Combined TRACON& Tower with Radar,9,31,32,0,72,0,0,26,5,31,9,31,58,5,103,45,0,45,148
11/25/2013,FAR,ND,AGL,CE,Combined TRACON& Tower with Radar,11,34,27,2,74,0,2,16,2,20,11,36,43,4,94,21,0,21,115
11/26/2013,FAR,ND,AGL,CE,Combined TRACON& Tower with Radar,11,58,68,13,150,0,14,22,0,36,11,72,90,13,186,98,22,120,306
11/27/2013,FAR,ND,AGL,CE,Combined TRACON& Tower with Radar,11,73,46,0,130,0,2,33,2,37,11,75,79,2,167,49,0,49,216
11/28/2013,FAR,ND,AGL,CE,Combined TRACON& Tower with Radar,3,20,3,0,26,0,0,5,0,5,3,20,8,0,31,0,0,0,31
11/29/2013,FAR,ND,AGL,CE,Combined TRACON& Tower with Radar,6,55,10,0,71,0,4,23,0,27,6,59,33,0,98,29,1,30,128
11/30/2013,FAR,ND,AGL,CE,Combined TRACON& Tower with Radar,7,34,13,0,54,0,0,9,0,9,7,34,22,0,63,24,43,67,130
12/01/2013,FAR,ND,AGL,CE,Combined TRACON& Tower with Radar,9,39,15,0,63,0,0,1,0,1,9,39,16,0,64,15,0,15,79
12/02/2013,FAR,ND,AGL,CE,Combined TRACON& Tower with Radar,11,46,25,4,86,0,0,0,0,0,11,46,25,4,86,3,0,3,89
12/03/2013,FAR,ND,AGL,CE,Combined TRACON& Tower with Radar,10,42,30,10,92,0,0,0,0,0,10,42,30,10,92,2,24,26,118
12/04/2013,FAR,ND,AGL,CE,Combined TRACON& Tower with Radar,13,33,17,4,67,0,0,0,0,0,13,33,17,4,67,0,0,0,67
12/05/2013,FAR,ND,AGL,CE,Combined TRACON& Tower with Radar,10,44,41,0,95,0,0,10,2,12,10,44,51,2,107,24,0,24,131
12/06/2013,FAR,ND,AGL,CE,Combined TRACON& Tower with Radar,17,55,37,0,109,0,4,27,0,31,17,59,64,0,140,131,0,131,271
12/07/2013,FAR,ND,AGL,CE,Combined TRACON& Tower with Radar,7,78,16,0,101,0,23,12,0,35,7,101,28,0,136,186,0,186,322
12/08/2013,FAR,ND,AGL,CE,Combined TRACON& Tower with Radar,9,22,13,0,44,0,0,5,0,5,9,22,18,0,49,9,0,9,58
12/09/2013,FAR,ND,AGL,CE,Combined TRACON& Tower with Radar,17,70,42,2,131,0,16,29,3,48,17,86,71,5,179,57,9,66,245
12/10/2013,FAR,ND,AGL,CE,Combined TRACON& Tower with Radar,12,52,39,0,103,0,11,9,0,20,12,63,48,0,123,88,0,88,211
12/11/2013,FAR,ND,AGL,CE,Combined TRACON& Tower with Radar,14,72,51,0,137,0,12,31,3,46,14,84,82,3,183,118,0,118,301
12/12/2013,FAR,ND,AGL,CE,Combined TRACON& Tower with Radar,10,40,51,0,101,0,18,21,2,41,10,58,72,2,142,36,0,36,178
12/13/2013,FAR,ND,AGL,CE,Combined TRACON& Tower with Radar,18,51,24,1,94,0,3,5,1,9,18,54,29,2,103,35,0,35,138
12/14/2013,FAR,ND,AGL,CE,Combined TRACON& Tower with Radar,8,49,17,3,77,0,22,8,5,35,8,71,25,8,112,107,0,107,219
12/15/2013,FAR,ND,AGL,CE,Combined TRACON& Tower with Radar,9,40,11,0,60,0,6,12,1,19,9,46,23,1,79,62,0,62,141
12/16/2013,FAR,ND,AGL,CE,Combined TRACON& Tower with Radar,18,76,42,1,137,0,28,27,2,57,18,104,69,3,194,107,0,107,301
12/17/2013,FAR,ND,AGL,CE,Combined TRACON& Tower with Radar,10,64,70,0,144,0,36,19,2,57,10,100,89,2,201,63,0,63,264
12/18/2013,FAR,ND,AGL,CE,Combined TRACON& Tower with Radar,14,56,62,2,134,0,31,20,3,54,14,87,82,5,188,89,0,89,277
12/19/2013,FAR,ND,AGL,CE,Combined TRACON& Tower with Radar,11,48,61,2,122,0,0,7,0,7,11,48,68,2,129,44,0,44,173
12/20/2013,FAR,ND,AGL,CE,Combined TRACON& Tower with Radar,17,70,39,2,128,0,10,20,4,34,17,80,59,6,162,84,0,84,246
12/21/2013,FAR,ND,AGL,CE,Combined TRACON& Tower with Radar,14,37,14,2,67,0,5,13,0,18,14,42,27,2,85,59,0,59,144
12/22/2013,FAR,ND,AGL,CE,Combined TRACON& Tower with Radar,8,49,17,0,74,0,6,4,0,10,8,55,21,0,84,77,0,77,161
12/23/2013,FAR,ND,AGL,CE,Combined TRACON& Tower with Radar,7,69,26,0,102,0,8,14,0,22,7,77,40,0,124,75,0,75,199
12/24/2013,FAR,ND,AGL,CE,Combined TRACON& Tower with Radar,12,49,4,0,65,0,0,1,0,1,12,49,5,0,66,2,0,2,68
12/25/2013,FAR,ND,AGL,CE,Combined TRACON& Tower with Radar,7,23,9,0,39,0,0,7,2,9,7,23,16,2,48,4,0,4,52
12/26/2013,FAR,ND,AGL,CE,Combined TRACON& Tower with Radar,10,49,34,0,93,0,0,6,4,10,10,49,40,4,103,0,0,0,103
12/27/2013,FAR,ND,AGL,CE,Combined TRACON& Tower with Radar,14,61,27,0,102,0,5,40,0,45,14,66,67,0,147,42,0,42,189
12/28/2013,FAR,ND,AGL,CE,Combined TRACON& Tower with Radar,11,27,6,0,44,0,0,0,0,0,11,27,6,0,44,0,0,0,44
12/29/2013,FAR,ND,AGL,CE,Combined TRACON& Tower with Radar,12,48,5,0,65,0,4,9,0,13,12,52,14,0,78,23,0,23,101
12/30/2013,FAR,ND,AGL,CE,Combined TRACON& Tower with Radar,6,49,32,0,87,0,2,17,0,19,6,51,49,0,106,23,0,23,129
12/31/2013,FAR,ND,AGL,CE,Combined TRACON& Tower with Radar,8,48,19,0,75,0,8,15,0,23,8,56,34,0,98,17,0,17,115
01/01/2014,FAR,ND,AGL,CE,Combined TRACON& Tower with Radar,10,34,17,0,61,0,0,4,1,5,10,34,21,1,66,28,0,28,94
01/02/2014,FAR,ND,AGL,CE,Combined TRACON& Tower with Radar,14,88,33,0,135,0,9,26,2,37,14,97,59,2,172,72,0,72,244
01/03/2014,FAR,ND,AGL,CE,Combined TRACON& Tower with Radar,16,56,21,0,93,0,0,0,0,0,16,56,21,0,93,1,0,1,94
01/04/2014,FAR,ND,AGL,CE,Combined TRACON& Tower with Radar,12,41,19,0,72,0,2,7,0,9,12,43,26,0,81,9,0,9,90
01/05/2014,FAR,ND,AGL,CE,Combined TRACON& Tower with Radar,19,33,21,0,73,0,1,1,0,2,19,34,22,0,75,1,0,1,76
01/06/2014,FAR,ND,AGL,CE,Combined TRACON& Tower with Radar,17,24,15,0,56,0,0,3,0,3,17,24,18,0,59,4,0,4,63
01/07/2014,FAR,ND,AGL,CE,Combined TRACON& Tower with Radar,13,34,40,0,87,0,4,14,0,18,13,38,54,0,105,54,0,54,159
01/08/2014,FAR,ND,AGL,CE,Combined TRACON& Tower with Radar,16,67,37,0,120,0,18,12,4,34,16,85,49,4,154,75,1,76,230
01/09/2014,FAR,ND,AGL,CE,Combined TRACON& Tower with Radar,17,45,37,1,100,0,1,16,5,22,17,46,53,6,122,30,0,30,152
01/10/2014,FAR,ND,AGL,CE,Combined TRACON& Tower with Radar,21,70,32,15,138,0,13,22,2,37,21,83,54,17,175,71,30,101,276
01/11/2014,FAR,ND,AGL,CE,Combined TRACON& Tower with Radar,10,54,14,0,78,0,33,49,0,82,10,87,63,0,160,119,0,119,279
01/12/2014,FAR,ND,AGL,CE,Combined TRACON& Tower with Radar,12,30,17,0,59,0,8,31,2,41,12,38,48,2,100,105,0,105,205
01/13/2014,FAR,ND,AGL,CE,Combined TRACON& Tower with Radar,16,47,50,0,113,0,6,28,0,34,16,53,78,0,147,80,0,80,227
01/14/2014,FAR,ND,AGL,CE,Combined TRACON& Tower with Radar,11,37,31,0,79,0,1,2,0,3,11,38,33,0,82,0,0,0,82
01/15/2014,FAR,ND,AGL,CE,Combined TRACON& Tower with Radar,14,46,51,0,111,0,0,3,0,3,14,46,54,0,114,0,0,0,114
01/16/2014,FAR,ND,AGL,CE,Combined TRACON& Tower with Radar,14,36,10,0,60,0,0,2,0,2,14,36,12,0,62,2,0,2,64
01/17/2014,FAR,ND,AGL,CE,Combined TRACON& Tower with Radar,19,59,48,0,126,0,16,26,0,42,19,75,74,0,168,150,0,150,318
01/18/2014,FAR,ND,AGL,CE,Combined TRACON& Tower with Radar,11,28,23,0,62,0,4,13,1,18,11,32,36,1,80,22,0,22,102
01/19/2014,FAR,ND,AGL,CE,Combined TRACON& Tower with Radar,12,21,27,0,60,0,0,9,0,9,12,21,36,0,69,57,0,57,126
01/20/2014,FAR,ND,AGL,CE,Combined TRACON& Tower with Radar,21,47,30,0,98,0,10,0,0,10,21,57,30,0,108,15,1,16,124
01/21/2014,FAR,ND,AGL,CE,Combined TRACON& Tower with Radar,11,48,43,0,102,0,3,0,2,5,11,51,43,2,107,11,0,11,118
01/22/2014,FAR,ND,AGL,CE,Combined TRACON& Tower with Radar,18,34,36,17,105,0,2,2,0,4,18,36,38,17,109,20,48,68,177
01/23/2014,FAR,ND,AGL,CE,Combined TRACON& Tower with Radar,15,78,49,2,144,0,17,12,5,34,15,95,61,7,178,56,0,56,234
01/24/2014,FAR,ND,AGL,CE,Combined TRACON& Tower with Radar,17,39,39,0,95,0,3,14,2,19,17,42,53,2,114,47,0,47,161
01/25/2014,FAR,ND,AGL,CE,Combined TRACON& Tower with Radar,11,31,12,2,56,0,28,33,0,61,11,59,45,2,117,84,0,84,201
01/26/2014,FAR,ND,AGL,CE,Combined TRACON& Tower with Radar,5,2,1,0,8,0,0,0,0,0,5,2,1,0,8,0,0,0,8
01/27/2014,FAR,ND,AGL,CE,Combined TRACON& Tower with Radar,22,70,36,0,128,0,19,18,2,39,22,89,54,2,167,132,0,132,299
01/28/2014,FAR,ND,AGL,CE,Combined TRACON& Tower with Radar,11,71,30,2,114,0,29,23,0,52,11,100,53,2,166,144,0,144,310
01/29/2014,FAR,ND,AGL,CE,Combined TRACON& Tower with Radar,18,60,45,1,124,0,12,32,7,51,18,72,77,8,175,81,0,81,256
01/30/2014,FAR,ND,AGL,CE,Combined TRACON& Tower with Radar,13,41,54,0,108,0,6,26,0,32,13,47,80,0,140,34,0,34,174
01/31/2014,FAR,ND,AGL,CE,Combined TRACON& Tower with Radar,17,67,51,0,135,0,40,42,2,84,17,107,93,2,219,118,0,118,337
02/01/2014,FAR,ND,AGL,CE,Combined TRACON& Tower with Radar,12,35,26,0,73,0,29,25,2,56,12,64,51,2,129,94,0,94,223
02/02/2014,FAR,ND,AGL,CE,Combined TRACON& Tower with Radar,5,24,16,0,45,0,23,18,1,42,5,47,34,1,87,137,0,137,224
02/03/2014,FAR,ND,AGL,CE,Combined TRACON& Tower with Radar,16,58,38,2,114,0,26,23,0,49,16,84,61,2,163,95,0,95,258
02/04/2014,FAR,ND,AGL,CE,Combined TRACON& Tower with Radar,12,79,40,0,131,0,36,43,5,84,12,115,83,5,215,167,0,167,382
02/05/2014,FAR,ND,AGL,CE,Combined TRACON& Tower with Radar,15,39,40,0,94,0,4,7,0,11,15,43,47,0,105,10,0,10,115
02/06/2014,FAR,ND,AGL,CE,Combined TRACON& Tower with Radar,14,50,61,0,125,0,12,22,8,42,14,62,83,8,167,60,0,60,227
02/07/2014,FAR,ND,AGL,CE,Combined TRACON& Tower with Radar,17,66,41,0,124,0,45,35,0,80,17,111,76,0,204,85,0,85,289
02/08/2014,FAR,ND,AGL,CE,Combined TRACON& Tower with Radar,11,46,31,1,89,0,22,27,1,50,11,68,58,2,139,77,0,77,216
02/09/2014,FAR,ND,AGL,CE,Combined TRACON& Tower with Radar,16,28,20,0,64,0,12,25,1,38,16,40,45,1,102,56,0,56,158
02/10/2014,FAR,ND,AGL,CE,Combined TRACON& Tower with Radar,16,40,34,0,90,0,39,21,1,61,16,79,55,1,151,164,0,164,315
02/11/2014,FAR,ND,AGL,CE,Combined TRACON& Tower with Radar,14,56,38,0,108,0,1,2,0,3,14,57,40,0,111,125,0,125,236
02/12/2014,FAR,ND,AGL,CE,Combined TRACON& Tower with Radar,14,54,48,0,116,0,18,44,0,62,14,72,92,0,178,56,0,56,234
02/13/2014,FAR,ND,AGL,CE,Combined TRACON& Tower with Radar,16,51,36,6,109,0,1,8,2,11,16,52,44,8,120,88,8,96,216
02/14/2014,FAR,ND,AGL,CE,Combined TRACON& Tower with Radar,18,62,40,6,126,0,32,33,0,65,18,94,73,6,191,109,22,131,322
02/15/2014,FAR,ND,AGL,CE,Combined TRACON& Tower with Radar,12,32,22,0,66,0,2,10,0,12,12,34,32,0,78,27,0,27,105
02/16/2014,FAR,ND,AGL,CE,Combined TRACON& Tower with Radar,9,32,14,0,55,0,0,4,4,8,9,32,18,4,63,5,0,5,68
02/17/2014,FAR,ND,AGL,CE,Combined TRACON& Tower with Radar,17,38,31,0,86,0,34,8,0,42,17,72,39,0,128,80,0,80,208
02/18/2014,FAR,ND,AGL,CE,Combined TRACON& Tower with Radar,13,70,65,0,148,0,39,40,4,83,13,109,105,4,231,210,6,216,447
02/19/2014,FAR,ND,AGL,CE,Combined TRACON& Tower with Radar,19,55,52,0,126,0,29,24,0,53,19,84,76,0,179,76,0,76,255
02/20/2014,FAR,ND,AGL,CE,Combined TRACON& Tower with Radar,19,42,43,0,104,0,0,1,2,3,19,42,44,2,107,0,0,0,107
02/21/2014,FAR,ND,AGL,CE,Combined TRACON& Tower with Radar,17,48,44,0,109,0,6,15,1,22,17,54,59,1,131,48,0,48,179
02/22/2014,FAR,ND,AGL,CE,Combined TRACON& Tower with Radar,20,58,16,1,95,0,46,28,3,77,20,104,44,4,172,148,0,148,320
02/23/2014,FAR,ND,AGL,CE,Combined TRACON& Tower with Radar,13,37,27,2,79,0,12,30,2,44,13,49,57,4,123,63,2,65,188
02/24/2014,FAR,ND,AGL,CE,Combined TRACON& Tower with Radar,18,46,31,0,95,0,4,12,0,16,18,50,43,0,111,26,2,28,139
02/25/2014,FAR,ND,AGL,CE,Combined TRACON& Tower with Radar,11,56,50,1,118,0,22,29,5,56,11,78,79,6,174,116,2,118,292
02/26/2014,FAR,ND,AGL,CE,Combined TRACON& Tower with Radar,20,46,41,0,107,0,0,6,0,6,20,46,47,0,113,10,0,10,123
02/27/2014,FAR,ND,AGL,CE,Combined TRACON& Tower with Radar,22,66,65,1,154,0,16,25,6,47,22,82,90,7,201,78,16,94,295
02/28/2014,FAR,ND,AGL,CE,Combined TRACON& Tower with Radar,20,46,36,0,102,0,2,17,2,21,20,48,53,2,123,0,0,0,123
03/01/2014,FAR,ND,AGL,CE,Combined TRACON& Tower with Radar,15,38,21,4,78,0,9,12,1,22,15,47,33,5,100,48,0,48,148
03/02/2014,FAR,ND,AGL,CE,Combined TRACON& Tower with Radar,16,31,18,0,65,0,4,19,0,23,16,35,37,0,88,84,0,84,172
03/03/2014,FAR,ND,AGL,CE,Combined TRACON& Tower with Radar,16,41,31,0,88,0,0,8,0,8,16,41,39,0,96,32,0,32,128
03/04/2014,FAR,ND,AGL,CE,Combined TRACON& Tower with Radar,11,47,25,0,83,0,26,21,0,47,11,73,46,0,130,62,0,62,192
03/05/2014,FAR,ND,AGL,CE,Combined TRACON& Tower with Radar,21,47,37,0,105,0,8,11,2,21,21,55,48,2,126,32,0,32,158
03/06/2014,FAR,ND,AGL,CE,Combined TRACON& Tower with Radar,15,53,44,0,112,0,1,12,1,14,15,54,56,1,126,16,0,16,142
03/07/2014,FAR,ND,AGL,CE,Combined TRACON& Tower with Radar,17,54,54,0,125,0,23,8,1,32,17,77,62,1,157,91,0,91,248
03/08/2014,FAR,ND,AGL,CE,Combined TRACON& Tower with Radar,18,45,22,0,85,0,54,57,0,111,18,99,79,0,196,178,0,178,374
03/09/2014,FAR,ND,AGL,CE,Combined TRACON& Tower with Radar,17,39,17,0,73,0,27,19,0,46,17,66,36,0,119,72,0,72,191
03/10/2014,FAR,ND,AGL,CE,Combined TRACON& Tower with Radar,14,57,38,0,109,0,37,29,0,66,14,94,67,0,175,100,0,100,275
03/11/2014,FAR,ND,AGL,CE,Combined TRACON& Tower with Radar,11,52,59,0,122,0,20,24,0,44,11,72,83,0,166,116,0,116,282
03/12/2014,FAR,ND,AGL,CE,Combined TRACON& Tower with Radar,19,40,44,0,103,0,0,9,0,9,19,40,53,0,112,52,0,52,164
03/13/2014,FAR,ND,AGL,CE,Combined TRACON& Tower with Radar,16,76,59,0,151,0,31,57,0,88,16,107,116,0,239,136,0,136,375
03/14/2014,FAR,ND,AGL,CE,Combined TRACON& Tower with Radar,19,44,44,0,107,0,0,10,2,12,19,44,54,2,119,12,6,18,137
03/15/2014,FAR,ND,AGL,CE,Combined TRACON& Tower with Radar,20,40,8,0,68,0,42,26,2,70,20,82,34,2,138,98,0,98,236
03/16/2014,FAR,ND,AGL,CE,Combined TRACON& Tower with Radar,18,31,15,0,64,0,2,26,0,28,18,33,41,0,92,18,0,18,110
03/17/2014,FAR,ND,AGL,CE,Combined TRACON& Tower with Radar,21,37,48,5,111,0,6,42,3,51,21,43,90,8,162,146,28,174,336
03/18/2014,FAR,ND,AGL,CE,Combined TRACON& Tower with Radar,15,45,42,0,102,0,0,3,1,4,15,45,45,1,106,2,0,2,108
03/19/2014,FAR,ND,AGL,CE,Combined TRACON& Tower with Radar,19,54,66,1,140,0,16,27,5,48,19,70,93,6,188,88,0,88,276
03/20/2014,FAR,ND,AGL,CE,Combined TRACON& Tower with Radar,20,44,41,0,105,0,5,19,1,25,20,49,60,1,130,41,2,43,173
03/21/2014,FAR,ND,AGL,CE,Combined TRACON& Tower with Radar,20,47,26,0,93,0,0,0,0,0,20,47,26,0,93,0,0,0,93
03/22/2014,FAR,ND,AGL,CE,Combined TRACON& Tower with Radar,17,28,13,0,58,0,19,12,1,32,17,47,25,1,90,77,0,77,167
03/23/2014,FAR,ND,AGL,CE,Combined TRACON& Tower with Radar,19,30,15,4,68,0,7,36,0,43,19,37,51,4,111,104,10,114,225
03/24/2014,FAR,ND,AGL,CE,Combined TRACON& Tower with Radar,19,39,34,0,92,0,8,8,1,17,19,47,42,1,109,42,0,42,151
03/25/2014,FAR,ND,AGL,CE,Combined TRACON& Tower with Radar,13,56,41,2,112,0,37,35,1,73,13,93,76,3,185,100,0,100,285
03/26/2014,FAR,ND,AGL,CE,Combined TRACON& Tower with Radar,19,50,41,0,110,0,9,43,0,52,19,59,84,0,162,46,0,46,208
03/27/2014,FAR,ND,AGL,CE,Combined TRACON& Tower with Radar,23,48,54,9,134,0,13,31,1,45,23,61,85,10,179,70,12,82,261
03/28/2014,FAR,ND,AGL,CE,Combined TRACON& Tower with Radar,19,60,37,6,122,0,47,52,1,100,19,107,89,7,222,218,4,222,444
03/29/2014,FAR,ND,AGL,CE,Combined TRACON& Tower with Radar,17,43,11,0,71,0,7,26,0,33,17,50,37,0,104,36,0,36,140
03/30/2014,FAR,ND,AGL,CE,Combined TRACON& Tower with Radar,16,42,24,0,82,0,13,21,0,34,16,55,45,0,116,140,0,140,256
03/31/2014,FAR,ND,AGL,CE,Combined TRACON& Tower with Radar,11,25,21,0,57,0,0,0,0,0,11,25,21,0,57,0,0,0,57
04/01/2014,FAR,ND,AGL,CE,Combined TRACON& Tower with Radar,20,46,45,0,111,0,0,22,3,25,20,46,67,3,136,10,0,10,146
04/02/2014,FAR,ND,AGL,CE,Combined TRACON& Tower with Radar,19,67,54,0,140,0,9,39,0,48,19,76,93,0,188,132,0,132,320
04/03/2014,FAR,ND,AGL,CE,Combined TRACON& Tower with Radar,18,58,34,2,112,0,1,3,2,6,18,59,37,4,118,6,18,24,142
04/04/2014,FAR,ND,AGL,CE,Combined TRACON& Tower with Radar,21,41,28,3,93,0,6,7,0,13,21,47,35,3,106,50,0,50,156
04/05/2014,FAR,ND,AGL,CE,Combined TRACON& Tower with Radar,14,56,29,4,103,0,66,50,2,118,14,122,79,6,221,238,0,238,459
04/06/2014,FAR,ND,AGL,CE,Combined TRACON& Tower with Radar,16,31,27,1,75,0,18,39,1,58,16,49,66,2,133,150,2,152,285
04/07/2014,FAR,ND,AGL,CE,Combined TRACON& Tower with Radar,14,40,46,0,100,0,4,26,1,31,14,44,72,1,131,22,0,22,153
04/08/2014,FAR,ND,AGL,CE,Combined TRACON& Tower with Radar,14,67,56,0,137,0,53,49,3,105,14,120,105,3,242,162,0,162,404
04/09/2014,FAR,ND,AGL,CE,Combined TRACON& Tower with Radar,15,64,55,0,134,0,14,34,1,49,15,78,89,1,183,68,2,70,253
04/10/2014,FAR,ND,AGL,CE,Combined TRACON& Tower with Radar,13,53,40,0,106,0,22,31,2,55,13,75,71,2,161,80,0,80,241
04/11/2014,FAR,ND,AGL,CE,Combined TRACON& Tower with Radar,17,61,36,6,120,0,39,43,4,86,17,100,79,10,206,170,4,174,380
04/12/2014,FAR,ND,AGL,CE,Combined TRACON& Tower with Radar,12,35,33,1,81,0,2,44,3,49,12,37,77,4,130,122,0,122,252
04/13/2014,FAR,ND,AGL,CE,Combined TRACON& Tower with Radar,11,26,13,0,50,0,0,7,2,9,11,26,20,2,59,2,0,2,61
04/14/2014,FAR,ND,AGL,CE,Combined TRACON& Tower with Radar,18,49,55,1,123,0,21,20,2,43,18,70,75,3,166,66,0,66,232
04/15/2014,FAR,ND,AGL,CE,Combined TRACON& Tower with Radar,11,65,45,1,122,0,33,34,2,69,11,98,79,3,191,90,0,90,281
04/16/2014,FAR,ND,AGL,CE,Combined TRACON& Tower with Radar,14,56,37,3,110,0,17,8,1,26,14,73,45,4,136,92,0,92,228
04/17/2014,FAR,ND,AGL,CE,Combined TRACON& Tower with Radar,14,83,56,0,153,0,54,65,0,119,14,137,121,0,272,310,24,334,606
04/18/2014,FAR,ND,AGL,CE,Combined TRACON& Tower with Radar,16,44,31,0,91,0,2,24,4,30,16,46,55,4,121,18,0,18,139
04/19/2014,FAR,ND,AGL,CE,Combined TRACON& Tower with Radar,11,33,21,0,65,0,24,27,0,51,11,57,48,0,116,71,0,71,187
04/20/2014,FAR,ND,AGL,CE,Combined TRACON& Tower with Radar,15,27,18,0,60,0,0,25,0,25,15,27,43,0,85,20,0,20,105
04/21/2014,FAR,ND,AGL,CE,Combined TRACON& Tower with Radar,18,57,49,0,124,0,15,34,2,51,18,72,83,2,175,54,0,54,229
04/22/2014,FAR,ND,AGL,CE,Combined TRACON& Tower with Radar,13,67,61,0,141,0,39,53,0,92,13,106,114,0,233,154,0,154,387
04/23/2014,FAR,ND,AGL,CE,Combined TRACON& Tower with Radar,14,51,47,0,112,0,0,0,1,1,14,51,47,1,113,0,0,0,113
04/24/2014,FAR,ND,AGL,CE,Combined TRACON& Tower with Radar,15,57,69,2,143,0,0,1,0,1,15,57,70,2,144,46,2,48,192
04/25/2014,FAR,ND,AGL,CE,Combined TRACON& Tower with Radar,18,59,51,2,130,0,15,18,0,33,18,74,69,2,163,92,0,92,255
04/26/2014,FAR,ND,AGL,CE,Combined TRACON& Tower with Radar,8,48,16,0,72,0,32,29,0,61,8,80,45,0,133,100,0,100,233
04/27/2014,FAR,ND,AGL,CE,Combined TRACON& Tower with Radar,13,25,15,0,53,0,0,1,1,2,13,25,16,1,55,2,0,2,57
04/28/2014,FAR,ND,AGL,CE,Combined TRACON& Tower with Radar,16,35,42,6,99,0,0,4,0,4,16,35,46,6,103,10,6,16,119
04/29/2014,FAR,ND,AGL,CE,Combined TRACON& Tower with Radar,12,53,30,18,113,0,13,30,3,46,12,66,60,21,159,68,46,114,273
04/30/2014,FAR,ND,AGL,CE,Combined TRACON& Tower with Radar,16,43,49,0,108,0,0,5,1,6,16,43,54,1,114,0,0,0,114
05/01/2014,FAR,ND,AGL,CE,Combined TRACON& Tower with Radar,11,60,41,14,126,0,20,25,4,49,11,80,66,18,175,94,24,118,293
05/02/2014,FAR,ND,AGL,CE,Combined TRACON& Tower with Radar,17,40,32,0,89,0,5,17,0,22,17,45,49,0,111,34,0,34,145
05/03/2014,FAR,ND,AGL,CE,Combined TRACON& Tower with Radar,11,45,32,0,88,0,30,54,4,88,11,75,86,4,176,142,2,144,320
05/04/2014,FAR,ND,AGL,CE,Combined TRACON& Tower with Radar,13,42,24,0,79,0,14,34,0,48,13,56,58,0,127,110,0,110,237
05/05/2014,FAR,ND,AGL,CE,Combined TRACON& Tower with Radar,17,71,35,2,125,0,15,35,0,50,17,86,70,2,175,146,0,146,321
05/06/2014,FAR,ND,AGL,CE,Combined TRACON& Tower with Radar,13,84,57,0,154,0,22,41,0,63,13,106,98,0,217,88,2,90,307
05/07/2014,FAR,ND,AGL,CE,Combined TRACON& Tower with Radar,18,64,62,1,145,0,15,18,2,35,18,79,80,3,180,38,0,38,218
05/08/2014,FAR,ND,AGL,CE,Combined TRACON& Tower with Radar,12,52,49,0,113,0,0,0,0,0,12,52,49,0,113,16,0,16,129
05/09/2014,FAR,ND,AGL,CE,Combined TRACON& Tower with Radar,16,64,67,6,153,0,24,46,0,70,16,88,113,6,223,66,22,88,311
05/10/2014,FAR,ND,AGL,CE,Combined TRACON& Tower with Radar,10,41,23,0,74,0,27,25,0,52,10,68,48,0,126,54,0,54,180
05/11/2014,FAR,ND,AGL,CE,Combined TRACON& Tower with Radar,13,35,18,0,66,0,4,2,1,7,13,39,20,1,73,52,0,52,125
05/12/2014,FAR,ND,AGL,CE,Combined TRACON& Tower with Radar,16,37,29,0,82,0,0,0,0,0,16,37,29,0,82,0,0,0,82
05/13/2014,FAR,ND,AGL,CE,Combined TRACON& Tower with Radar,12,40,60,0,112,0,3,19,5,27,12,43,79,5,139,44,0,44,183
05/14/2014,FAR,ND,AGL,CE,Combined TRACON& Tower with Radar,15,52,63,0,130,0,16,39,0,55,15,68,102,0,185,122,0,122,307
05/15/2014,FAR,ND,AGL,CE,Combined TRACON& Tower with Radar,13,52,74,14,153,0,30,52,7,89,13,82,126,21,242,190,18,208,450
05/16/2014,FAR,ND,AGL,CE,Combined TRACON& Tower with Radar,17,68,38,3,126,0,24,56,0,80,17,92,94,3,206,86,0,86,292
05/17/2014,FAR,ND,AGL,CE,Combined TRACON& Tower with Radar,9,42,18,2,71,0,10,35,0,45,9,52,53,2,116,69,2,71,187
05/18/2014,FAR,ND,AGL,CE,Combined TRACON& Tower with Radar,14,41,24,0,79,0,5,47,5,57,14,46,71,5,136,74,0,74,210
05/19/2014,FAR,ND,AGL,CE,Combined TRACON& Tower with Radar,19,39,58,0,116,0,3,8,3,14,19,42,66,3,130,16,2,18,148
05/20/2014,FAR,ND,AGL,CE,Combined TRACON& Tower with Radar,13,54,55,0,122,0,3,38,2,43,13,57,93,2,165,40,0,40,205
05/21/2014,FAR,ND,AGL,CE,Combined TRACON& Tower with Radar,15,61,79,0,155,0,19,28,0,47,15,80,107,0,202,92,0,92,294
05/22/2014,FAR,ND,AGL,CE,Combined TRACON& Tower with Radar,12,53,68,0,133,0,39,60,2,101,12,92,128,2,234,178,0,178,412
05/23/2014,FAR,ND,AGL,CE,Combined TRACON& Tower with Radar,21,39,63,2,125,0,6,55,1,62,21,45,118,3,187,68,0,68,255
05/24/2014,FAR,ND,AGL,CE,Combined TRACON& Tower with Radar,9,29,20,0,58,0,4,25,0,29,9,33,45,0,87,50,0,50,137
05/25/2014,FAR,ND,AGL,CE,Combined TRACON& Tower with Radar,7,22,11,2,42,0,3,13,0,16,7,25,24,2,58,8,0,8,66
05/26/2014,FAR,ND,AGL,CE,Combined TRACON& Tower with Radar,15,52,26,0,93,0,9,22,0,31,15,61,48,0,124,40,0,40,164
05/27/2014,FAR,ND,AGL,CE,Combined TRACON& Tower with Radar,13,46,55,1,115,0,10,28,0,38,13,56,83,1,153,50,0,50,203
05/28/2014,FAR,ND,AGL,CE,Combined TRACON& Tower with Radar,16,68,73,2,159,0,12,36,0,48,16,80,109,2,207,78,0,78,285
05/29/2014,FAR,ND,AGL,CE,Combined TRACON& Tower with Radar,12,46,52,0,110,0,4,38,1,43,12,50,90,1,153,54,0,54,207
05/30/2014,FAR,ND,AGL,CE,Combined TRACON& Tower with Radar,17,47,34,0,98,0,2,28,5,35,17,49,62,5,133,0,0,0,133
05/31/2014,FAR,ND,AGL,CE,Combined TRACON& Tower with Radar,9,27,14,3,53,0,0,0,1,1,9,27,14,4,54,8,8,16,70
06/01/2014,FAR,ND,AGL,CE,Combined TRACON& Tower with Radar,11,28,24,0,63,0,0,4,2,6,11,28,28,2,69,8,0,8,77
06/02/2014,FAR,ND,AGL,CE,Combined TRACON& Tower with Radar,18,52,36,3,109,0,0,8,3,11,18,52,44,6,120,34,0,34,154
06/03/2014,FAR,ND,AGL,CE,Combined TRACON& Tower with Radar,11,66,61,7,145,0,20,45,2,67,11,86,106,9,212,188,16,204,416
06/04/2014,FAR,ND,AGL,CE,Combined TRACON& Tower with Radar,18,66,43,0,127,0,41,35,2,78,18,107,78,2,205,132,0,132,337
06/05/2014,FAR,ND,AGL,CE,Combined TRACON& Tower with Radar,12,60,62,1,135,0,17,25,8,50,12,77,87,9,185,88,6,94,279
06/06/2014,FAR,ND,AGL,CE,Combined TRACON& Tower with Radar,15,64,40,1,120,0,23,18,0,41,15,87,58,1,161,74,0,74,235
06/07/2014,FAR,ND,AGL,CE,Combined TRACON& Tower with Radar,12,40,15,1,68,0,17,29,9,55,12,57,44,10,123,36,0,36,159
06/08/2014,FAR,ND,AGL,CE,Combined TRACON& Tower with Radar,11,34,25,1,71,0,10,29,4,43,11,44,54,5,114,32,0,32,146
06/09/2014,FAR,ND,AGL,CE,Combined TRACON& Tower with Radar,14,62,36,3,115,0,17,37,5,59,14,79,73,8,174,0,0,0,174
06/10/2014,FAR,ND,AGL,CE,Combined TRACON& Tower with Radar,9,52,46,0,107,0,11,29,4,44,9,63,75,4,151,0,0,0,151
06/11/2014,FAR,ND,AGL,CE,Combined TRACON& Tower with Radar,14,56,58,2,130,0,0,10,4,14,14,56,68,6,144,4,0,4,148
06/12/2014,FAR,ND,AGL,CE,Combined TRACON& Tower with Radar,8,63,58,0,129,0,14,31,3,48,8,77,89,3,177,42,1,43,220
06/13/2014,FAR,ND,AGL,CE,Combined TRACON& Tower with Radar,15,51,33,0,99,0,21,57,1,79,15,72,90,1,178,164,0,164,342
06/14/2014,FAR,ND,AGL,CE,Combined TRACON& Tower with Radar,17,34,17,0,68,0,2,7,0,9,17,36,24,0,77,22,2,24,101
06/15/2014,FAR,ND,AGL,CE,Combined TRACON& Tower with Radar,16,35,33,0,84,0,0,7,0,7,16,35,40,0,91,6,0,6,97
06/16/2014,FAR,ND,AGL,CE,Combined TRACON& Tower with Radar,14,63,35,0,112,0,7,38,1,46,14,70,73,1,158,56,0,56,214
06/17/2014,FAR,ND,AGL,CE,Combined TRACON& Tower with Radar,10,71,51,2,134,0,18,37,3,58,10,89,88,5,192,70,0,70,262
06/18/2014,FAR,ND,AGL,CE,Combined TRACON& Tower with Radar,14,54,47,0,115,0,4,19,0,23,14,58,66,0,138,60,0,60,198
06/19/2014,FAR,ND,AGL,CE,Combined TRACON& Tower with Radar,22,48,40,0,110,0,0,4,0,4,22,48,44,0,114,26,0,26,140
06/20/2014,FAR,ND,AGL,CE,Combined TRACON& Tower with Radar,17,73,54,2,146,0,15,50,0,65,17,88,104,2,211,130,0,130,341
06/21/2014,FAR,ND,AGL,CE,Combined TRACON& Tower with Radar,13,53,4,4,74,0,17,37,0,54,13,70,41,4,128,48,6,54,182
06/22/2014,FAR,ND,AGL,CE,Combined TRACON& Tower with Radar,14,38,23,0,75,0,3,29,0,32,14,41,52,0,107,32,0,32,139
06/23/2014,FAR,ND,AGL,CE,Combined TRACON& Tower with Radar,16,51,25,2,94,0,5,29,1,35,16,56,54,3,129,74,6,80,209
06/24/2014,FAR,ND,AGL,CE,Combined TRACON& Tower with Radar,9,74,67,0,150,0,0,17,0,17,9,74,84,0,167,54,0,54,221
06/25/2014,FAR,ND,AGL,CE,Combined TRACON& Tower with Radar,17,56,48,2,123,0,4,18,0,22,17,60,66,2,145,62,0,62,207
06/26/2014,FAR,ND,AGL,CE,Combined TRACON& Tower with Radar,11,50,52,3,116,0,0,12,1,13,11,50,64,4,129,62,2,64,193
06/27/2014,FAR,ND,AGL,CE,Combined TRACON& Tower with Radar,18,63,33,0,114,0,0,7,0,7,18,63,40,0,121,12,0,12,133
06/28/2014,FAR,ND,AGL,CE,Combined TRACON& Tower with Radar,25,44,15,0,84,0,0,4,3,7,25,44,19,3,91,12,0,12,103
06/29/2014,FAR,ND,AGL,CE,Combined TRACON& Tower with Radar,11,28,13,0,52,0,2,10,2,14,11,30,23,2,66,4,0,4,70
06/30/2014,FAR,ND,AGL,CE,Combined TRACON& Tower with Radar,15,39,36,1,91,0,0,17,2,19,15,39,53,3,110,2,0,2,112
07/01/2014,FAR,ND,AGL,CE,Combined TRACON& Tower with Radar,10,53,65,4,132,0,1,5,1,7,10,54,70,5,139,8,0,8,147
07/02/2014,FAR,ND,AGL,CE,Combined TRACON& Tower with Radar,17,72,45,3,137,0,8,106,4,118,17,80,151,7,255,98,0,98,353
07/03/2014,FAR,ND,AGL,CE,Combined TRACON& Tower with Radar,16,55,22,0,93,0,25,73,3,101,16,80,95,3,194,160,0,160,354
07/04/2014,FAR,ND,AGL,CE,Combined TRACON& Tower with Radar,14,18,12,0,44,0,0,21,0,21,14,18,33,0,65,26,0,26,91
07/05/2014,FAR,ND,AGL,CE,Combined TRACON& Tower with Radar,15,25,11,0,51,0,0,26,0,26,15,25,37,0,77,24,0,24,101
07/06/2014,FAR,ND,AGL,CE,Combined TRACON& Tower with Radar,18,26,18,0,62,0,0,29,1,30,18,26,47,1,92,6,0,6,98
07/07/2014,FAR,ND,AGL,CE,Combined TRACON& Tower with Radar,16,46,27,0,89,0,4,46,1,51,16,50,73,1,140,78,0,78,218
07/08/2014,FAR,ND,AGL,CE,Combined TRACON& Tower with Radar,14,57,53,1,125,0,3,48,2,53,14,60,101,3,178,90,0,90,268
07/09/2014,FAR,ND,AGL,CE,Combined TRACON& Tower with Radar,16,53,50,0,119,0,23,42,3,68,16,76,92,3,187,104,0,104,291
07/10/2014,FAR,ND,AGL,CE,Combined TRACON& Tower with Radar,16,50,70,1,137,0,18,44,5,67,16,68,114,6,204,109,2,111,315
07/11/2014,FAR,ND,AGL,CE,Combined TRACON& Tower with Radar,23,49,34,0,106,0,22,64,3,89,23,71,98,3,195,141,0,141,336
07/12/2014,FAR,ND,AGL,CE,Combined TRACON& Tower with Radar,17,38,17,0,72,0,8,41,0,49,17,46,58,0,121,49,0,49,170
07/13/2014,FAR,ND,AGL,CE,Combined TRACON& Tower with Radar,16,29,28,0,73,0,1,10,2,13,16,30,38,2,86,8,0,8,94
07/14/2014,FAR,ND,AGL,CE,Combined TRACON& Tower with Radar,20,44,57,0,121,0,1,24,1,26,20,45,81,1,147,24,0,24,171
07/15/2014,FAR,ND,AGL,CE,Combined TRACON& Tower with Radar,14,52,45,0,111,0,11,47,0,58,14,63,92,0,169,102,0,102,271
07/16/2014,FAR,ND,AGL,CE,Combined TRACON& Tower with Radar,19,49,54,1,123,0,16,49,3,68,19,65,103,4,191,118,0,118,309
07/17/2014,FAR,ND,AGL,CE,Combined TRACON& Tower with Radar,13,48,60,0,121,0,21,74,4,99,13,69,134,4,220,90,4,94,314
07/18/2014,FAR,ND,AGL,CE,Combined TRACON& Tower with Radar,20,51,41,14,126,0,0,31,0,31,20,51,72,14,157,40,24,64,221
07/19/2014,FAR,ND,AGL,CE,Combined TRACON& Tower with Radar,16,41,13,0,70,0,14,38,2,54,16,55,51,2,124,94,2,96,220
07/20/2014,FAR,ND,AGL,CE,Combined TRACON& Tower with Radar,16,28,25,0,69,0,2,22,4,28,16,30,47,4,97,4,0,4,101
07/21/2014,FAR,ND,AGL,CE,Combined TRACON& Tower with Radar,18,47,40,0,105,0,4,16,3,23,18,51,56,3,128,14,0,14,142
07/22/2014,FAR,ND,AGL,CE,Combined TRACON& Tower with Radar,12,56,59,3,130,0,17,35,2,54,12,73,94,5,184,76,18,94,278
07/23/2014,FAR,ND,AGL,CE,Combined TRACON& Tower with Radar,15,60,72,0,147,0,16,53,0,69,15,76,125,0,216,86,0,86,302
07/24/2014,FAR,ND,AGL,CE,Combined TRACON& Tower with Radar,11,38,55,9,113,0,14,29,6,49,11,52,84,15,162,38,14,52,214
07/25/2014,FAR,ND,AGL,CE,Combined TRACON& Tower with Radar,21,43,58,4,126,0,46,34,5,85,21,89,92,9,211,204,0,204,415
07/26/2014,FAR,ND,AGL,CE,Combined TRACON& Tower with Radar,16,40,28,0,84,0,3,26,4,33,16,43,54,4,117,24,0,24,141
07/27/2014,FAR,ND,AGL,CE,Combined TRACON& Tower with Radar,16,28,16,0,60,0,0,16,6,22,16,28,32,6,82,12,0,12,94
07/28/2014,FAR,ND,AGL,CE,Combined TRACON& Tower with Radar,18,51,66,2,137,0,21,36,2,59,18,72,102,4,196,112,0,112,308
07/29/2014,FAR,ND,AGL,CE,Combined TRACON& Tower with Radar,12,47,44,1,104,0,16,28,0,44,12,63,72,1,148,54,0,54,202
07/30/2014,FAR,ND,AGL,CE,Combined TRACON& Tower with Radar,17,46,52,6,121,0,23,60,4,87,17,69,112,10,208,100,16,116,324
07/31/2014,FAR,ND,AGL,CE,Combined TRACON& Tower with Radar,16,44,65,0,125,0,20,49,0,69,16,64,114,0,194,93,0,93,287
08/01/2014,FAR,ND,AGL,CE,Combined TRACON& Tower with Radar,24,53,41,2,120,0,22,37,2,61,24,75,78,4,181,88,0,88,269
08/02/2014,FAR,ND,AGL,CE,Combined TRACON& Tower with Radar,16,30,14,0,60,0,7,32,0,39,16,37,46,0,99,44,0,44,143
08/03/2014,FAR,ND,AGL,CE,Combined TRACON& Tower with Radar,14,26,19,0,59,0,0,20,0,20,14,26,39,0,79,6,0,6,85
08/04/2014,FAR,ND,AGL,CE,Combined TRACON& Tower with Radar,20,50,32,4,106,0,10,34,1,45,20,60,66,5,151,100,28,128,279
08/05/2014,FAR,ND,AGL,CE,Combined TRACON& Tower with Radar,16,51,60,1,128,0,12,41,7,60,16,63,101,8,188,78,10,88,276
08/06/2014,FAR,ND,AGL,CE,Combined TRACON& Tower with Radar,23,48,56,1,128,0,23,43,0,66,23,71,99,1,194,108,0,108,302
08/07/2014,FAR,ND,AGL,CE,Combined TRACON& Tower with Radar,20,45,86,8,159,0,23,30,5,58,20,68,116,13,217,111,20,131,348
08/08/2014,FAR,ND,AGL,CE,Combined TRACON& Tower with Radar,25,45,25,0,95,0,15,49,4,68,25,60,74,4,163,102,0,102,265
08/09/2014,FAR,ND,AGL,CE,Combined TRACON& Tower with Radar,14,38,12,0,64,0,8,27,3,38,14,46,39,3,102,50,0,50,152
08/10/2014,FAR,ND,AGL,CE,Combined TRACON& Tower with Radar,22,34,19,2,77,0,0,12,0,12,22,34,31,2,89,21,0,21,110
08/11/2014,FAR,ND,AGL,CE,Combined TRACON& Tower with Radar,22,47,39,0,108,0,17,34,2,53,22,64,73,2,161,84,0,84,245
08/12/2014,FAR,ND,AGL,CE,Combined TRACON& Tower with Radar,15,47,60,0,122,0,19,62,2,83,15,66,122,2,205,98,0,98,303
08/13/2014,FAR,ND,AGL,CE,Combined TRACON& Tower with Radar,20,59,68,0,147,0,4,51,0,55,20,63,119,0,202,92,0,92,294
08/14/2014,FAR,ND,AGL,CE,Combined TRACON& Tower with Radar,23,48,66,0,137,0,7,39,4,50,23,55,105,4,187,46,0,46,233
08/15/2014,FAR,ND,AGL,CE,Combined TRACON& Tower with Radar,20,41,42,2,105,0,17,49,0,66,20,58,91,2,171,20,0,20,191
08/16/2014,FAR,ND,AGL,CE,Combined TRACON& Tower with Radar,14,37,8,0,59,0,3,11,0,14,14,40,19,0,73,30,0,30,103
08/17/2014,FAR,ND,AGL,CE,Combined TRACON& Tower with Radar,20,34,18,8,80,0,0,7,0,7,20,34,25,8,87,14,0,14,101
08/18/2014,FAR,ND,AGL,CE,Combined TRACON& Tower with Radar,17,38,45,6,106,0,0,23,1,24,17,38,68,7,130,24,26,50,180
08/19/2014,FAR,ND,AGL,CE,Combined TRACON& Tower with Radar,12,46,72,8,138,0,17,63,0,80,12,63,135,8,218,44,8,52,270
08/20/2014,FAR,ND,AGL,CE,Combined TRACON& Tower with Radar,13,40,49,0,102,0,7,28,0,35,13,47,77,0,137,60,0,60,197
08/21/2014,FAR,ND,AGL,CE,Combined TRACON& Tower with Radar,16,49,73,2,140,0,1,21,4,26,16,50,94,6,166,114,0,114,280
08/22/2014,FAR,ND,AGL,CE,Combined TRACON& Tower with Radar,17,43,48,4,112,0,0,8,0,8,17,43,56,4,120,6,0,6,126
08/23/2014,FAR,ND,AGL,CE,Combined TRACON& Tower with Radar,11,43,9,6,69,0,0,2,0,2,11,43,11,6,71,28,6,34,105
08/24/2014,FAR,ND,AGL,CE,Combined TRACON& Tower with Radar,14,31,39,3,87,0,0,15,2,17,14,31,54,5,104,14,0,14,118
08/25/2014,FAR,ND,AGL,CE,Combined TRACON& Tower with Radar,16,40,51,1,108,0,2,21,2,25,16,42,72,3,133,6,0,6,139
08/26/2014,FAR,ND,AGL,CE,Combined TRACON& Tower with Radar,13,50,47,0,110,0,7,36,0,43,13,57,83,0,153,80,0,80,233
08/27/2014,FAR,ND,AGL,CE,Combined TRACON& Tower with Radar,13,56,44,0,113,0,5,28,0,33,13,61,72,0,146,62,0,62,208
08/28/2014,FAR,ND,AGL,CE,Combined TRACON& Tower with Radar,16,47,50,0,113,0,2,20,0,22,16,49,70,0,135,32,0,32,167
08/29/2014,FAR,ND,AGL,CE,Combined TRACON& Tower with Radar,15,51,55,2,123,0,0,8,0,8,15,51,63,2,131,34,0,34,165
08/30/2014,FAR,ND,AGL,CE,Combined TRACON& Tower with Radar,13,30,40,0,83,0,8,19,0,27,13,38,59,0,110,28,0,28,138
08/31/2014,FAR,ND,AGL,CE,Combined TRACON& Tower with Radar,11,26,21,0,58,0,0,6,2,8,11,26,27,2,66,8,0,8,74
09/01/2014,FAR,ND,AGL,CE,Combined TRACON& Tower with Radar,12,42,20,0,74,0,20,24,2,46,12,62,44,2,120,90,0,90,210
09/02/2014,FAR,ND,AGL,CE,Combined TRACON& Tower with Radar,15,51,55,0,121,0,15,38,2,55,15,66,93,2,176,82,2,84,260
09/03/2014,FAR,ND,AGL,CE,Combined TRACON& Tower with Radar,13,49,58,0,120,0,18,33,0,51,13,67,91,0,171,60,0,60,231
09/04/2014,FAR,ND,AGL,CE,Combined TRACON& Tower with Radar,11,63,56,3,133,0,8,19,1,28,11,71,75,4,161,80,0,80,241
09/05/2014,FAR,ND,AGL,CE,Combined TRACON& Tower with Radar,13,41,31,2,87,0,20,42,2,64,13,61,73,4,151,60,0,60,211
09/06/2014,FAR,ND,AGL,CE,Combined TRACON& Tower with Radar,13,28,31,0,72,0,18,36,1,55,13,46,67,1,127,64,0,64,191
09/07/2014,FAR,ND,AGL,CE,Combined TRACON& Tower with Radar,20,33,36,3,92,0,7,39,6,52,20,40,75,9,144,106,4,110,254
09/08/2014,FAR,ND,AGL,CE,Combined TRACON& Tower with Radar,14,52,59,0,125,0,14,32,3,49,14,66,91,3,174,0,0,0,174
09/09/2014,FAR,ND,AGL,CE,Combined TRACON& Tower with Radar,14,58,52,0,124,0,0,1,0,1,14,58,53,0,125,42,0,42,167
09/10/2014,FAR,ND,AGL,CE,Combined TRACON& Tower with Radar,13,56,56,4,129,0,13,19,4,36,13,69,75,8,165,84,12,96,261
09/11/2014,FAR,ND,AGL,CE,Combined TRACON& Tower with Radar,15,58,62,0,135,0,19,39,2,60,15,77,101,2,195,142,2,144,339
09/12/2014,FAR,ND,AGL,CE,Combined TRACON& Tower with Radar,18,48,52,0,118,0,28,39,0,67,18,76,91,0,185,134,0,134,319
09/13/2014,FAR,ND,AGL,CE,Combined TRACON& Tower with Radar,13,48,26,0,87,0,12,35,2,49,13,60,61,2,136,60,4,64,200
09/14/2014,FAR,ND,AGL,CE,Combined TRACON& Tower with Radar,13,30,25,0,68,0,2,23,2,27,13,32,48,2,95,41,0,41,136
09/15/2014,FAR,ND,AGL,CE,Combined TRACON& Tower with Radar,14,50,29,0,93,0,12,39,2,53,14,62,68,2,146,0,0,0,146
09/16/2014,FAR,ND,AGL,CE,Combined TRACON& Tower with Radar,13,49,57,0,119,0,25,58,2,85,13,74,115,2,204,52,0,52,256
09/17/2014,FAR,ND,AGL,CE,Combined TRACON& Tower with Radar,13,58,58,0,129,0,12,95,3,110,13,70,153,3,239,66,2,68,307
09/18/2014,FAR,ND,AGL,CE,Combined TRACON& Tower with Radar,16,59,99,4,178,0,13,25,0,38,16,72,124,4,216,102,0,102,318
09/19/2014,FAR,ND,AGL,CE,Combined TRACON& Tower with Radar,18,63,64,0,145,0,3,23,0,26,18,66,87,0,171,72,0,72,243
09/20/2014,FAR,ND,AGL,CE,Combined TRACON& Tower with Radar,12,24,25,0,61,0,4,22,0,26,12,28,47,0,87,50,0,50,137
09/21/2014,FAR,ND,AGL,CE,Combined TRACON& Tower with Radar,14,36,37,0,87,0,1,25,0,26,14,37,62,0,113,42,0,42,155
09/22/2014,FAR,ND,AGL,CE,Combined TRACON& Tower with Radar,15,49,41,4,109,0,20,42,0,62,15,69,83,4,171,76,4,80,251
09/23/2014,FAR,ND,AGL,CE,Combined TRACON& Tower with Radar,13,56,55,1,125,0,8,27,3,38,13,64,82,4,163,82,0,82,245
09/24/2014,FAR,ND,AGL,CE,Combined TRACON& Tower with Radar,13,61,77,1,152,0,0,5,1,6,13,61,82,2,158,46,2,48,206
09/25/2014,FAR,ND,AGL,CE,Combined TRACON& Tower with Radar,15,60,89,0,164,0,19,56,0,75,15,79,145,0,239,116,0,116,355
09/26/2014,FAR,ND,AGL,CE,Combined TRACON& Tower with Radar,17,36,40,0,93,0,11,42,1,54,17,47,82,1,147,58,0,58,205
09/27/2014,FAR,ND,AGL,CE,Combined TRACON& Tower with Radar,11,26,31,0,68,0,18,43,4,65,11,44,74,4,133,160,0,160,293
09/28/2014,FAR,ND,AGL,CE,Combined TRACON& Tower with Radar,13,38,37,1,89,0,0,24,2,26,13,38,61,3,115,68,0,68,183
09/29/2014,FAR,ND,AGL,CE,Combined TRACON& Tower with Radar,14,42,49,0,105,0,10,12,0,22,14,52,61,0,127,58,0,58,185
09/30/2014,FAR,ND,AGL,CE,Combined TRACON& Tower with Radar,14,42,68,2,126,0,1,7,0,8,14,43,75,2,134,54,16,70,204
10/01/2014,FAR,ND,AGL,CE,Combined TRACON& Tower with Radar,18,46,50,32,146,0,10,22,2,34,18,56,72,34,180,54,48,102,282
10/02/2014,FAR,ND,AGL,CE,Combined TRACON& Tower with Radar,19,36,63,10,128,0,4,36,4,44,19,40,99,14,172,170,22,192,364
10/03/2014,FAR,ND,AGL,CE,Combined TRACON& Tower with Radar,19,32,31,0,82,0,0,8,1,9,19,32,39,1,91,0,0,0,91
10/04/2014,FAR,ND,AGL,CE,Combined TRACON& Tower with Radar,18,37,19,0,74,0,17,18,2,37,18,54,37,2,111,78,0,78,189
10/05/2014,FAR,ND,AGL,CE,Combined TRACON& Tower with Radar,22,30,21,0,73,0,2,17,0,19,22,32,38,0,92,4,0,4,96
10/06/2014,FAR,ND,AGL,CE,Combined TRACON& Tower with Radar,16,48,47,0,111,0,5,25,2,32,16,53,72,2,143,38,0,38,181
10/07/2014,FAR,ND,AGL,CE,Combined TRACON& Tower with Radar,14,54,46,2,116,0,7,25,1,33,14,61,71,3,149,39,2,41,190
10/08/2014,FAR,ND,AGL,CE,Combined TRACON& Tower with Radar,19,74,46,0,139,0,19,45,4,68,19,93,91,4,207,154,0,154,361
10/09/2014,FAR,ND,AGL,CE,Combined TRACON& Tower with Radar,18,47,62,1,128,0,12,44,9,65,18,59,106,10,193,86,22,108,301
10/10/2014,FAR,ND,AGL,CE,Combined TRACON& Tower with Radar,21,59,60,0,140,0,25,38,2,65,21,84,98,2,205,84,0,84,289
10/11/2014,FAR,ND,AGL,CE,Combined TRACON& Tower with Radar,15,30,18,0,63,0,4,33,0,37,15,34,51,0,100,34,0,34,134
10/12/2014,FAR,ND,AGL,CE,Combined TRACON& Tower with Radar,19,26,24,0,69,0,4,15,0,19,19,30,39,0,88,41,0,41,129
10/13/2014,FAR,ND,AGL,CE,Combined TRACON& Tower with Radar,17,54,42,0,113,0,18,24,0,42,17,72,66,0,155,95,0,95,250
10/14/2014,FAR,ND,AGL,CE,Combined TRACON& Tower with Radar,14,57,77,0,148,0,25,43,5,73,14,82,120,5,221,78,0,78,299
10/15/2014,FAR,ND,AGL,CE,Combined TRACON& Tower with Radar,16,48,44,0,108,0,9,26,2,37,16,57,70,2,145,55,0,55,200
10/16/2014,FAR,ND,AGL,CE,Combined TRACON& Tower with Radar,19,52,45,2,118,0,0,19,4,23,19,52,64,6,141,28,2,30,171
10/17/2014,FAR,ND,AGL,CE,Combined TRACON& Tower with Radar,18,39,27,0,84,0,0,6,6,12,18,39,33,6,96,22,0,22,118
10/18/2014,FAR,ND,AGL,CE,Combined TRACON& Tower with Radar,15,30,55,0,100,0,0,9,0,9,15,30,64,0,109,49,0,49,158
10/19/2014,FAR,ND,AGL,CE,Combined TRACON& Tower with Radar,20,34,21,0,75,0,7,48,1,56,20,41,69,1,131,24,0,24,155
10/20/2014,FAR,ND,AGL,CE,Combined TRACON& Tower with Radar,16,56,42,0,114,0,20,28,4,52,16,76,70,4,166,76,0,76,242
10/21/2014,FAR,ND,AGL,CE,Combined TRACON& Tower with Radar,14,44,42,0,100,0,2,25,0,27,14,46,67,0,127,6,0,6,133
10/22/2014,FAR,ND,AGL,CE,Combined TRACON& Tower with Radar,16,50,56,3,125,0,4,11,1,16,16,54,67,4,141,34,0,34,175
10/23/2014,FAR,ND,AGL,CE,Combined TRACON& Tower with Radar,19,68,65,3,155,0,19,35,17,71,19,87,100,20,226,112,17,129,355
10/24/2014,FAR,ND,AGL,CE,Combined TRACON& Tower with Radar,18,41,36,0,95,0,22,29,7,58,18,63,65,7,153,94,0,94,247
10/25/2014,FAR,ND,AGL,CE,Combined TRACON& Tower with Radar,13,45,26,0,84,0,29,46,0,75,13,74,72,0,159,166,0,166,325
10/26/2014,FAR,ND,AGL,CE,Combined TRACON& Tower with Radar,21,26,20,0,67,0,3,18,0,21,21,29,38,0,88,18,0,18,106
10/27/2014,FAR,ND,AGL,CE,Combined TRACON& Tower with Radar,16,45,56,0,117,0,25,41,2,68,16,70,97,2,185,76,10,86,271
10/28/2014,FAR,ND,AGL,CE,Combined TRACON& Tower with Radar,13,33,50,13,109,0,0,4,0,4,13,33,54,13,113,3,28,31,144
10/29/2014,FAR,ND,AGL,CE,Combined TRACON& Tower with Radar,17,46,51,2,116,0,27,28,0,55,17,73,79,2,171,156,2,158,329
10/30/2014,FAR,ND,AGL,CE,Combined TRACON& Tower with Radar,14,39,60,0,113,0,8,14,2,24,14,47,74,2,137,40,6,46,183
10/31/2014,FAR,ND,AGL,CE,Combined TRACON& Tower with Radar,20,59,36,0,115,0,35,53,0,88,20,94,89,0,203,194,0,194,397
11/01/2014,FAR,ND,AGL,CE,Combined TRACON& Tower with Radar,13,25,23,0,61,0,0,46,4,50,13,25,69,4,111,42,0,42,153
11/02/2014,FAR,ND,AGL,CE,Combined TRACON& Tower with Radar,13,34,23,0,70,0,16,25,2,43,13,50,48,2,113,42,0,42,155
11/03/2014,FAR,ND,AGL,CE,Combined TRACON& Tower with Radar,18,70,25,0,113,0,36,26,4,66,18,106,51,4,179,124,0,124,303
11/04/2014,FAR,ND,AGL,CE,Combined TRACON& Tower with Radar,12,43,53,6,114,0,13,19,2,34,12,56,72,8,148,110,8,118,266
11/05/2014,FAR,ND,AGL,CE,Combined TRACON& Tower with Radar,17,33,34,0,84,0,0,1,0,1,17,33,35,0,85,8,0,8,93
11/06/2014,FAR,ND,AGL,CE,Combined TRACON& Tower with Radar,10,74,75,0,159,0,26,38,4,68,10,100,113,4,227,81,10,91,318
11/07/2014,FAR,ND,AGL,CE,Combined TRACON& Tower with Radar,20,41,38,0,99,0,0,6,0,6,20,41,44,0,105,12,0,12,117
11/08/2014,FAR,ND,AGL,CE,Combined TRACON& Tower with Radar,14,21,20,0,55,0,9,35,3,47,14,30,55,3,102,80,0,80,182
11/09/2014,FAR,ND,AGL,CE,Combined TRACON& Tower with Radar,16,42,19,0,77,0,34,21,1,56,16,76,40,1,133,132,0,132,265
11/10/2014,FAR,ND,AGL,CE,Combined TRACON& Tower with Radar,16,28,30,1,75,0,2,25,3,30,16,30,55,4,105,20,0,20,125
11/11/2014,FAR,ND,AGL,CE,Combined TRACON& Tower with Radar,17,37,40,0,94,0,6,14,0,20,17,43,54,0,114,74,0,74,188
11/12/2014,FAR,ND,AGL,CE,Combined TRACON& Tower with Radar,14,38,35,0,87,0,0,1,1,2,14,38,36,1,89,0,0,0,89
11/13/2014,FAR,ND,AGL,CE,Combined TRACON& Tower with Radar,14,76,67,1,158,0,35,13,4,52,14,111,80,5,210,98,4,102,312
11/14/2014,FAR,ND,AGL,CE,Combined TRACON& Tower with Radar,20,85,41,0,146,0,41,48,5,94,20,126,89,5,240,160,2,162,402
11/15/2014,FAR,ND,AGL,CE,Combined TRACON& Tower with Radar,13,65,32,1,111,0,27,38,1,66,13,92,70,2,177,160,0,160,337
11/16/2014,FAR,ND,AGL,CE,Combined TRACON& Tower with Radar,14,30,16,0,60,0,1,2,0,3,14,31,18,0,63,0,0,0,63
11/17/2014,FAR,ND,AGL,CE,Combined TRACON& Tower with Radar,19,41,33,1,94,0,0,21,0,21,19,41,54,1,115,34,0,34,149
11/18/2014,FAR,ND,AGL,CE,Combined TRACON& Tower with Radar,14,57,50,1,122,0,6,18,0,24,14,63,68,1,146,54,0,54,200
11/19/2014,FAR,ND,AGL,CE,Combined TRACON& Tower with Radar,14,48,38,4,104,0,19,7,4,30,14,67,45,8,134,40,0,40,174
11/20/2014,FAR,ND,AGL,CE,Combined TRACON& Tower with Radar,13,87,55,0,155,0,43,48,2,93,13,130,103,2,248,162,0,162,410
11/21/2014,FAR,ND,AGL,CE,Combined TRACON& Tower with Radar,23,50,43,0,116,0,3,26,0,29,23,53,69,0,145,50,0,50,195
11/22/2014,FAR,ND,AGL,CE,Combined TRACON& Tower with Radar,13,49,43,1,106,0,39,75,2,116,13,88,118,3,222,151,4,155,377
11/23/2014,FAR,ND,AGL,CE,Combined TRACON& Tower with Radar,15,21,21,0,57,0,0,16,0,16,15,21,37,0,73,34,0,34,107
11/24/2014,FAR,ND,AGL,CE,Combined TRACON& Tower with Radar,14,39,17,18,88,0,22,6,2,30,14,61,23,20,118,30,30,60,178
11/25/2014,FAR,ND,AGL,CE,Combined TRACON& Tower with Radar,14,49,45,0,108,0,2,7,5,14,14,51,52,5,122,54,0,54,176
11/26/2014,FAR,ND,AGL,CE,Combined TRACON& Tower with Radar,17,64,34,0,115,0,27,23,3,53,17,91,57,3,168,106,10,116,284
11/27/2014,FAR,ND,AGL,CE,Combined TRACON& Tower with Radar,5,18,7,2,32,0,0,3,0,3,5,18,10,2,35,2,0,2,37
11/28/2014,FAR,ND,AGL,CE,Combined TRACON& Tower with Radar,10,32,17,1,60,0,0,21,0,21,10,32,38,1,81,70,0,70,151
11/29/2014,FAR,ND,AGL,CE,Combined TRACON& Tower with Radar,16,36,11,0,63,0,4,0,0,4,16,40,11,0,67,2,0,2,69
11/30/2014,FAR,ND,AGL,CE,Combined TRACON& Tower with Radar,17,51,20,0,88,0,21,28,1,50,17,72,48,1,138,102,0,102,240
12/01/2014,FAR,ND,AGL,CE,Combined TRACON& Tower with Radar,17,83,36,0,136,0,14,23,0,37,17,97,59,0,173,82,0,82,255
12/02/2014,FAR,ND,AGL,CE,Combined TRACON& Tower with Radar,8,73,62,5,148,0,42,49,5,96,8,115,111,10,244,148,32,180,424
12/03/2014,FAR,ND,AGL,CE,Combined TRACON& Tower with Radar,12,73,50,7,142,0,65,39,7,111,12,138,89,14,253,184,22,206,459
12/04/2014,FAR,ND,AGL,CE,Combined TRACON& Tower with Radar,14,67,57,5,143,0,11,26,5,42,14,78,83,10,185,68,22,90,275
12/05/2014,FAR,ND,AGL,CE,Combined TRACON& Tower with Radar,17,52,46,7,122,0,32,33,3,68,17,84,79,10,190,82,28,110,300
12/06/2014,FAR,ND,AGL,CE,Combined TRACON& Tower with Radar,10,44,23,0,77,0,19,36,2,57,10,63,59,2,134,146,0,146,280
12/07/2014,FAR,ND,AGL,CE,Combined TRACON& Tower with Radar,14,27,25,0,66,0,0,3,2,5,14,27,28,2,71,2,0,2,73
12/08/2014,FAR,ND,AGL,CE,Combined TRACON& Tower with Radar,16,34,33,1,84,0,0,7,3,10,16,34,40,4,94,22,0,22,116
12/09/2014,FAR,ND,AGL,CE,Combined TRACON& Tower with Radar,10,39,46,16,111,0,0,0,0,0,10,39,46,16,111,4,16,20,131
12/10/2014,FAR,ND,AGL,CE,Combined TRACON& Tower with Radar,13,46,68,16,143,0,0,4,0,4,13,46,72,16,147,14,16,30,177
12/11/2014,FAR,ND,AGL,CE,Combined TRACON& Tower with Radar,15,38,50,0,103,0,0,0,0,0,15,38,50,0,103,4,0,4,107
12/12/2014,FAR,ND,AGL,CE,Combined TRACON& Tower with Radar,19,42,65,0,126,0,0,1,0,1,19,42,66,0,127,0,0,0,127
12/13/2014,FAR,ND,AGL,CE,Combined TRACON& Tower with Radar,13,22,10,0,45,0,0,0,0,0,13,22,10,0,45,0,0,0,45
12/14/2014,FAR,ND,AGL,CE,Combined TRACON& Tower with Radar,8,14,13,0,35,0,0,0,0,0,8,14,13,0,35,0,0,0,35
12/15/2014,FAR,ND,AGL,CE,Combined TRACON& Tower with Radar,17,32,48,20,117,0,0,4,0,4,17,32,52,20,121,0,12,12,133
12/16/2014,FAR,ND,AGL,CE,Combined TRACON& Tower with Radar,11,51,59,1,122,0,9,14,3,26,11,60,73,4,148,66,0,66,214
12/17/2014,FAR,ND,AGL,CE,Combined TRACON& Tower with Radar,20,105,55,1,181,0,33,36,0,69,20,138,91,1,250,180,0,180,430
12/18/2014,FAR,ND,AGL,CE,Combined TRACON& Tower with Radar,13,60,55,9,137,0,12,28,3,43,13,72,83,12,180,80,36,116,296
12/19/2014,FAR,ND,AGL,CE,Combined TRACON& Tower with Radar,23,44,40,0,107,0,0,0,0,0,23,44,40,0,107,0,0,0,107
12/20/2014,FAR,ND,AGL,CE,Combined TRACON& Tower with Radar,20,40,22,0,82,0,0,0,0,0,20,40,22,0,82,2,0,2,84
12/21/2014,FAR,ND,AGL,CE,Combined TRACON& Tower with Radar,14,37,15,0,66,0,0,0,0,0,14,37,15,0,66,0,0,0,66
12/22/2014,FAR,ND,AGL,CE,Combined TRACON& Tower with Radar,20,46,22,0,88,0,0,0,0,0,20,46,22,0,88,0,0,0,88
12/23/2014,FAR,ND,AGL,CE,Combined TRACON& Tower with Radar,16,42,25,0,83,0,0,0,0,0,16,42,25,0,83,0,0,0,83
12/24/2014,FAR,ND,AGL,CE,Combined TRACON& Tower with Radar,18,41,14,0,73,0,0,0,0,0,18,41,14,0,73,0,0,0,73
12/25/2014,FAR,ND,AGL,CE,Combined TRACON& Tower with Radar,10,32,2,0,44,0,0,0,1,1,10,32,2,1,45,0,0,0,45
12/26/2014,FAR,ND,AGL,CE,Combined TRACON& Tower with Radar,22,41,33,0,96,0,0,12,2,14,22,41,45,2,110,10,0,10,120
12/27/2014,FAR,ND,AGL,CE,Combined TRACON& Tower with Radar,20,38,19,0,77,0,0,23,0,23,20,38,42,0,100,30,0,30,130
12/28/2014,FAR,ND,AGL,CE,Combined TRACON& Tower with Radar,18,31,13,0,62,0,0,23,0,23,18,31,36,0,85,48,0,48,133
12/29/2014,FAR,ND,AGL,CE,Combined TRACON& Tower with Radar,20,51,17,2,90,0,5,16,0,21,20,56,33,2,111,50,0,50,161
12/30/2014,FAR,ND,AGL,CE,Combined TRACON& Tower with Radar,18,54,30,0,102,0,4,19,0,23,18,58,49,0,125,62,0,62,187
12/31/2014,FAR,ND,AGL,CE,Combined TRACON& Tower with Radar,14,45,26,0,85,0,0,14,2,16,14,45,40,2,101,34,0,34,135
01/01/2015,FAR,ND,AGL,CE,Combined TRACON& Tower with Radar,12,21,10,0,43,0,0,8,0,8,12,21,18,0,51,34,0,34,85
01/02/2015,FAR,ND,AGL,CE,Combined TRACON& Tower with Radar,20,47,26,0,93,0,0,19,0,19,20,47,45,0,112,61,0,61,173
01/03/2015,FAR,ND,AGL,CE,Combined TRACON& Tower with Radar,17,38,7,0,62,0,0,1,0,1,17,38,8,0,63,0,0,0,63
01/04/2015,FAR,ND,AGL,CE,Combined TRACON& Tower with Radar,15,32,17,0,64,0,2,9,2,13,15,34,26,2,77,10,0,10,87
01/05/2015,FAR,ND,AGL,CE,Combined TRACON& Tower with Radar,15,36,30,1,82,0,0,12,5,17,15,36,42,6,99,94,8,102,201
01/06/2015,FAR,ND,AGL,CE,Combined TRACON& Tower with Radar,12,40,37,0,89,0,0,12,0,12,12,40,49,0,101,5,0,5,106
01/07/2015,FAR,ND,AGL,CE,Combined TRACON& Tower with Radar,18,57,48,0,123,0,15,21,0,36,18,72,69,0,159,54,0,54,213
01/08/2015,FAR,ND,AGL,CE,Combined TRACON& Tower with Radar,14,34,23,0,71,0,0,0,0,0,14,34,23,0,71,0,0,0,71
01/09/2015,FAR,ND,AGL,CE,Combined TRACON& Tower with Radar,21,49,45,0,115,0,29,26,0,55,21,78,71,0,170,98,0,98,268
01/10/2015,FAR,ND,AGL,CE,Combined TRACON& Tower with Radar,19,38,31,1,89,0,23,21,1,45,19,61,52,2,134,110,10,120,254
01/11/2015,FAR,ND,AGL,CE,Combined TRACON& Tower with Radar,24,41,27,0,92,0,8,19,0,27,24,49,46,0,119,54,0,54,173
01/12/2015,FAR,ND,AGL,CE,Combined TRACON& Tower with Radar,14,48,32,0,94,0,29,27,0,56,14,77,59,0,150,103,0,103,253
01/13/2015,FAR,ND,AGL,CE,Combined TRACON& Tower with Radar,12,45,41,2,100,0,6,19,0,25,12,51,60,2,125,40,0,40,165
01/14/2015,FAR,ND,AGL,CE,Combined TRACON& Tower with Radar,10,46,36,0,92,0,0,6,0,6,10,46,42,0,98,24,0,24,122
01/15/2015,FAR,ND,AGL,CE,Combined TRACON& Tower with Radar,12,38,47,0,97,0,0,29,6,35,12,38,76,6,132,98,31,129,261
01/16/2015,FAR,ND,AGL,CE,Combined TRACON& Tower with Radar,19,40,30,0,89,0,2,0,0,2,19,42,30,0,91,44,0,44,135
01/17/2015,FAR,ND,AGL,CE,Combined TRACON& Tower with Radar,10,29,13,0,52,0,3,7,0,10,10,32,20,0,62,16,0,16,78
01/18/2015,FAR,ND,AGL,CE,Combined TRACON& Tower with Radar,13,31,21,2,67,0,5,21,2,28,13,36,42,4,95,66,0,66,161
01/19/2015,FAR,ND,AGL,CE,Combined TRACON& Tower with Radar,16,36,44,0,96,0,0,11,2,13,16,36,55,2,109,52,0,52,161
01/20/2015,FAR,ND,AGL,CE,Combined TRACON& Tower with Radar,14,37,27,0,78,0,0,1,0,1,14,37,28,0,79,54,6,60,139
01/21/2015,FAR,ND,AGL,CE,Combined TRACON& Tower with Radar,10,56,41,2,109,0,10,16,6,32,10,66,57,8,141,0,0,0,141
01/22/2015,FAR,ND,AGL,CE,Combined TRACON& Tower with Radar,14,39,54,0,107,0,8,32,6,46,14,47,86,6,153,76,1,77,230
01/23/2015,FAR,ND,AGL,CE,Combined TRACON& Tower with Radar,15,53,38,0,106,0,23,51,3,77,15,76,89,3,183,100,0,100,283
01/24/2015,FAR,ND,AGL,CE,Combined TRACON& Tower with Radar,14,28,20,0,62,0,0,20,0,20,14,28,40,0,82,74,0,74,156
01/25/2015,FAR,ND,AGL,CE,Combined TRACON& Tower with Radar,17,24,25,0,66,0,21,39,4,64,17,45,64,4,130,114,0,114,244
01/26/2015,FAR,ND,AGL,CE,Combined TRACON& Tower with Radar,16,36,40,7,99,0,11,33,1,45,16,47,73,8,144,51,10,61,205
01/27/2015,FAR,ND,AGL,CE,Combined TRACON& Tower with Radar,12,54,51,2,119,0,0,0,0,0,12,54,51,2,119,92,34,126,245
01/28/2015,FAR,ND,AGL,CE,Combined TRACON& Tower with Radar,12,40,61,0,113,0,0,0,0,0,12,40,61,0,113,16,0,16,129
01/29/2015,FAR,ND,AGL,CE,Combined TRACON& Tower with Radar,12,42,48,5,107,0,18,9,8,35,12,60,57,13,142,62,0,62,204
01/30/2015,FAR,ND,AGL,CE,Combined TRACON& Tower with Radar,15,43,41,4,103,0,5,34,2,41,15,48,75,6,144,46,0,46,190
01/31/2015,FAR,ND,AGL,CE,Combined TRACON& Tower with Radar,11,33,10,0,54,0,15,25,2,42,11,48,35,2,96,22,0,22,118
02/01/2015,FAR,ND,AGL,CE,Combined TRACON& Tower with Radar,10,24,21,4,59,0,20,24,0,44,10,44,45,4,103,84,0,84,187
02/02/2015,FAR,ND,AGL,CE,Combined TRACON& Tower with Radar,16,40,38,0,94,0,22,23,0,45,16,62,61,0,139,116,0,116,255
02/03/2015,FAR,ND,AGL,CE,Combined TRACON& Tower with Radar,16,30,48,0,94,0,2,9,0,11,16,32,57,0,105,4,4,8,113
02/04/2015,FAR,ND,AGL,CE,Combined TRACON& Tower with Radar,12,51,61,4,128,0,39,38,2,79,12,90,99,6,207,156,0,156,363
02/05/2015,FAR,ND,AGL,CE,Combined TRACON& Tower with Radar,14,54,51,0,119,0,27,43,4,74,14,81,94,4,193,44,0,44,237
02/06/2015,FAR,ND,AGL,CE,Combined TRACON& Tower with Radar,17,43,40,3,103,0,14,41,4,59,17,57,81,7,162,120,0,120,282
02/07/2015,FAR,ND,AGL,CE,Combined TRACON& Tower with Radar,13,24,29,1,67,0,0,21,2,23,13,24,50,3,90,8,1,9,99
02/08/2015,FAR,ND,AGL,CE,Combined TRACON& Tower with Radar,14,29,22,0,65,0,0,1,2,3,14,29,23,2,68,6,0,6,74
02/09/2015,FAR,ND,AGL,CE,Combined TRACON& Tower with Radar,18,45,38,0,101,0,0,0,0,0,18,45,38,0,101,0,0,0,101
02/10/2015,FAR,ND,AGL,CE,Combined TRACON& Tower with Radar,12,39,34,0,85,0,0,0,0,0,12,39,34,0,85,0,0,0,85
02/11/2015,FAR,ND,AGL,CE,Combined TRACON& Tower with Radar,14,35,44,1,94,0,0,11,2,13,14,35,55,3,107,32,0,32,139
02/12/2015,FAR,ND,AGL,CE,Combined TRACON& Tower with Radar,16,59,47,0,122,0,14,29,2,45,16,73,76,2,167,108,0,108,275
02/13/2015,FAR,ND,AGL,CE,Combined TRACON& Tower with Radar,12,41,33,1,87,0,4,4,2,10,12,45,37,3,97,46,0,46,143
02/14/2015,FAR,ND,AGL,CE,Combined TRACON& Tower with Radar,12,37,17,0,66,0,6,20,0,26,12,43,37,0,92,70,0,70,162
02/15/2015,FAR,ND,AGL,CE,Combined TRACON& Tower with Radar,18,27,12,0,57,0,0,0,0,0,18,27,12,0,57,6,0,6,63
02/16/2015,FAR,ND,AGL,CE,Combined TRACON& Tower with Radar,14,46,45,0,105,0,3,12,0,15,14,49,57,0,120,0,0,0,120
02/17/2015,FAR,ND,AGL,CE,Combined TRACON& Tower with Radar,15,44,48,0,107,0,2,5,1,8,15,46,53,1,115,26,0,26,141
02/18/2015,FAR,ND,AGL,CE,Combined TRACON& Tower with Radar,16,69,39,0,124,0,41,28,0,69,16,110,67,0,193,72,0,72,265
02/19/2015,FAR,ND,AGL,CE,Combined TRACON& Tower with Radar,20,64,42,0,126,0,11,34,0,45,20,75,76,0,171,82,0,82,253
02/20/2015,FAR,ND,AGL,CE,Combined TRACON& Tower with Radar,14,43,48,0,105,0,0,2,0,2,14,43,50,0,107,92,0,92,199
02/21/2015,FAR,ND,AGL,CE,Combined TRACON& Tower with Radar,13,37,22,0,72,0,26,14,1,41,13,63,36,1,113,98,0,98,211
02/22/2015,FAR,ND,AGL,CE,Combined TRACON& Tower with Radar,15,40,17,0,72,0,16,21,3,40,15,56,38,3,112,102,0,102,214
02/23/2015,FAR,ND,AGL,CE,Combined TRACON& Tower with Radar,13,41,24,0,78,0,0,17,5,22,13,41,41,5,100,28,0,28,128
02/24/2015,FAR,ND,AGL,CE,Combined TRACON& Tower with Radar,14,69,55,0,138,0,36,16,2,54,14,105,71,2,192,146,0,146,338
02/25/2015,FAR,ND,AGL,CE,Combined TRACON& Tower with Radar,16,64,39,1,120,0,24,20,9,53,16,88,59,10,173,96,0,96,269
02/26/2015,FAR,ND,AGL,CE,Combined TRACON& Tower with Radar,18,55,51,0,124,0,51,31,0,82,18,106,82,0,206,128,0,128,334
02/27/2015,FAR,ND,AGL,CE,Combined TRACON& Tower with Radar,13,64,29,0,106,0,40,47,3,90,13,104,76,3,196,176,0,176,372
02/28/2015,FAR,ND,AGL,CE,Combined TRACON& Tower with Radar,14,27,11,0,52,0,15,21,1,37,14,42,32,1,89,66,0,66,155
03/01/2015,FAR,ND,AGL,CE,Combined TRACON& Tower with Radar,14,31,24,0,69,0,0,13,0,13,14,31,37,0,82,0,0,0,82
03/02/2015,FAR,ND,AGL,CE,Combined TRACON& Tower with Radar,12,49,38,2,101,0,4,14,1,19,12,53,52,3,120,84,0,84,204
03/03/2015,FAR,ND,AGL,CE,Combined TRACON& Tower with Radar,12,43,34,15,104,0,0,5,2,7,12,43,39,17,111,20,54,74,185
03/04/2015,FAR,ND,AGL,CE,Combined TRACON& Tower with Radar,16,64,47,1,128,0,8,26,0,34,16,72,73,1,162,92,0,92,254
03/05/2015,FAR,ND,AGL,CE,Combined TRACON& Tower with Radar,15,56,37,1,109,0,15,26,10,51,15,71,63,11,160,112,4,116,276
03/06/2015,FAR,ND,AGL,CE,Combined TRACON& Tower with Radar,14,43,37,1,95,0,26,63,3,92,14,69,100,4,187,148,0,148,335
03/07/2015,FAR,ND,AGL,CE,Combined TRACON& Tower with Radar,12,42,18,7,79,0,15,37,2,54,12,57,55,9,133,72,2,74,207
03/08/2015,FAR,ND,AGL,CE,Combined TRACON& Tower with Radar,20,30,18,0,68,0,16,39,1,56,20,46,57,1,124,160,2,162,286
03/09/2015,FAR,ND,AGL,CE,Combined TRACON& Tower with Radar,14,75,35,1,125,0,24,39,1,64,14,99,74,2,189,146,0,146,335
03/10/2015,FAR,ND,AGL,CE,Combined TRACON& Tower with Radar,14,56,56,0,126,0,24,50,0,74,14,80,106,0,200,80,0,80,280
03/11/2015,FAR,ND,AGL,CE,Combined TRACON& Tower with Radar,14,61,37,2,114,0,31,43,0,74,14,92,80,2,188,150,1,151,339
03/12/2015,FAR,ND,AGL,CE,Combined TRACON& Tower with Radar,18,58,52,1,129,0,23,43,5,71,18,81,95,6,200,84,0,84,284
03/13/2015,FAR,ND,AGL,CE,Combined TRACON& Tower with Radar,14,48,37,0,99,0,12,17,1,30,14,60,54,1,129,86,0,86,215
03/14/2015,FAR,ND,AGL,CE,Combined TRACON& Tower with Radar,16,32,22,0,70,0,11,75,0,86,16,43,97,0,156,149,22,171,327
03/15/2015,FAR,ND,AGL,CE,Combined TRACON& Tower with Radar,18,26,19,0,63,0,2,35,2,39,18,28,54,2,102,34,0,34,136
03/16/2015,FAR,ND,AGL,CE,Combined TRACON& Tower with Radar,18,46,45,0,109,0,2,28,2,32,18,48,73,2,141,15,0,15,156
03/17/2015,FAR,ND,AGL,CE,Combined TRACON& Tower with Radar,14,52,59,0,125,0,20,30,2,52,14,72,89,2,177,102,8,110,287
03/18/2015,FAR,ND,AGL,CE,Combined TRACON& Tower with Radar,18,45,68,0,131,0,4,17,0,21,18,49,85,0,152,100,0,100,252
03/19/2015,FAR,ND,AGL,CE,Combined TRACON& Tower with Radar,18,53,56,2,129,0,9,32,6,47,18,62,88,8,176,118,8,126,302
03/20/2015,FAR,ND,AGL,CE,Combined TRACON& Tower with Radar,14,42,50,0,106,0,3,2,0,5,14,45,52,0,111,34,0,34,145
03/21/2015,FAR,ND,AGL,CE,Combined TRACON& Tower with Radar,18,34,30,2,84,0,22,15,2,39,18,56,45,4,123,152,0,152,275
03/22/2015,FAR,ND,AGL,CE,Combined TRACON& Tower with Radar,17,29,26,2,74,0,5,31,0,36,17,34,57,2,110,94,0,94,204
03/23/2015,FAR,ND,AGL,CE,Combined TRACON& Tower with Radar,15,32,37,0,84,0,0,7,1,8,15,32,44,1,92,24,0,24,116
03/24/2015,FAR,ND,AGL,CE,Combined TRACON& Tower with Radar,14,40,55,0,109,0,0,1,0,1,14,40,56,0,110,14,0,14,124
03/25/2015,FAR,ND,AGL,CE,Combined TRACON& Tower with Radar,22,44,31,2,99,0,1,0,0,1,22,45,31,2,100,4,0,4,104
03/26/2015,FAR,ND,AGL,CE,Combined TRACON& Tower with Radar,18,49,65,3,135,0,13,46,6,65,18,62,111,9,200,80,10,90,290
03/27/2015,FAR,ND,AGL,CE,Combined TRACON& Tower with Radar,13,66,51,2,132,0,14,23,0,37,13,80,74,2,169,162,0,162,331
03/28/2015,FAR,ND,AGL,CE,Combined TRACON& Tower with Radar,17,38,18,0,73,0,4,22,2,28,17,42,40,2,101,50,0,50,151
03/29/2015,FAR,ND,AGL,CE,Combined TRACON& Tower with Radar,16,32,11,0,59,0,0,10,3,13,16,32,21,3,72,10,0,10,82
03/30/2015,FAR,ND,AGL,CE,Combined TRACON& Tower with Radar,14,62,26,0,102,0,44,31,4,79,14,106,57,4,181,94,14,108,289
03/31/2015,FAR,ND,AGL,CE,Combined TRACON& Tower with Radar,12,72,52,0,136,0,34,57,2,93,12,106,109,2,229,150,2,152,381
04/01/2015,FAR,ND,AGL,CE,Combined TRACON& Tower with Radar,20,51,49,0,120,0,4,40,2,46,20,55,89,2,166,28,0,28,194
04/02/2015,FAR,ND,AGL,CE,Combined TRACON& Tower with Radar,20,45,47,4,116,0,1,5,2,8,20,46,52,6,124,0,20,20,144
04/03/2015,FAR,ND,AGL,CE,Combined TRACON& Tower with Radar,14,46,28,0,88,0,19,47,1,67,14,65,75,1,155,172,0,172,327
04/04/2015,FAR,ND,AGL,CE,Combined TRACON& Tower with Radar,11,36,21,0,68,0,32,58,1,91,11,68,79,1,159,114,0,114,273
04/05/2015,FAR,ND,AGL,CE,Combined TRACON& Tower with Radar,15,26,9,0,50,0,0,11,2,13,15,26,20,2,63,10,0,10,73
04/06/2015,FAR,ND,AGL,CE,Combined TRACON& Tower with Radar,11,67,42,0,120,0,7,27,0,34,11,74,69,0,154,52,0,52,206
04/07/2015,FAR,ND,AGL,CE,Combined TRACON& Tower with Radar,14,42,42,0,98,0,0,0,1,1,14,42,42,1,99,14,0,14,113
04/08/2015,FAR,ND,AGL,CE,Combined TRACON& Tower with Radar,14,45,63,20,142,0,6,12,1,19,14,51,75,21,161,75,56,131,292
04/09/2015,FAR,ND,AGL,CE,Combined TRACON& Tower with Radar,16,44,52,23,135,0,6,38,0,44,16,50,90,23,179,92,68,160,339
04/10/2015,FAR,ND,AGL,CE,Combined TRACON& Tower with Radar,14,52,46,0,112,0,11,52,0,63,14,63,98,0,175,80,0,80,255
04/11/2015,FAR,ND,AGL,CE,Combined TRACON& Tower with Radar,11,20,16,0,47,0,3,28,6,37,11,23,44,6,84,30,0,30,114
04/12/2015,FAR,ND,AGL,CE,Combined TRACON& Tower with Radar,16,25,13,0,54,0,2,18,5,25,16,27,31,5,79,46,0,46,125
04/13/2015,FAR,ND,AGL,CE,Combined TRACON& Tower with Radar,13,40,28,0,81,0,6,18,1,25,13,46,46,1,106,22,0,22,128
04/14/2015,FAR,ND,AGL,CE,Combined TRACON& Tower with Radar,9,38,53,0,100,0,2,46,0,48,9,40,99,0,148,50,0,50,198
04/15/2015,FAR,ND,AGL,CE,Combined TRACON& Tower with Radar,20,39,54,0,113,0,0,18,1,19,20,39,72,1,132,6,0,6,138
04/16/2015,FAR,ND,AGL,CE,Combined TRACON& Tower with Radar,14,41,69,4,128,0,4,60,0,64,14,45,129,4,192,90,2,92,284
04/17/2015,FAR,ND,AGL,CE,Combined TRACON& Tower with Radar,15,45,31,0,91,0,2,45,3,50,15,47,76,3,141,32,2,34,175
04/18/2015,FAR,ND,AGL,CE,Combined TRACON& Tower with Radar,14,27,15,0,56,0,8,37,1,46,14,35,52,1,102,84,8,92,194
04/19/2015,FAR,ND,AGL,CE,Combined TRACON& Tower with Radar,16,27,28,1,72,0,0,1,0,1,16,27,29,1,73,4,0,4,77
04/20/2015,FAR,ND,AGL,CE,Combined TRACON& Tower with Radar,18,36,48,0,102,0,0,7,2,9,18,36,55,2,111,8,0,8,119
04/21/2015,FAR,ND,AGL,CE,Combined TRACON& Tower with Radar,10,47,61,0,118,0,0,6,0,6,10,47,67,0,124,0,0,0,124
04/22/2015,FAR,ND,AGL,CE,Combined TRACON& Tower with Radar,16,57,62,0,135,0,13,37,0,50,16,70,99,0,185,66,0,66,251
04/23/2015,FAR,ND,AGL,CE,Combined TRACON& Tower with Radar,12,57,69,0,138,0,14,59,5,78,12,71,128,5,216,98,0,98,314
04/24/2015,FAR,ND,AGL,CE,Combined TRACON& Tower with Radar,16,49,38,2,105,0,2,24,1,27,16,51,62,3,132,38,0,38,170
04/25/2015,FAR,ND,AGL,CE,Combined TRACON& Tower with Radar,14,56,28,0,98,0,21,29,1,51,14,77,57,1,149,142,0,142,291
04/26/2015,FAR,ND,AGL,CE,Combined TRACON& Tower with Radar,10,33,31,0,74,0,4,37,0,41,10,37,68,0,115,34,0,34,149
04/27/2015,FAR,ND,AGL,CE,Combined TRACON& Tower with Radar,16,60,54,6,136,0,12,77,3,92,16,72,131,9,228,122,8,130,358
04/28/2015,FAR,ND,AGL,CE,Combined TRACON& Tower with Radar,10,56,70,1,137,0,11,29,13,53,10,67,99,14,190,66,4,70,260
04/29/2015,FAR,ND,AGL,CE,Combined TRACON& Tower with Radar,14,55,44,0,113,0,5,52,8,65,14,60,96,8,178,78,4,82,260
04/30/2015,FAR,ND,AGL,CE,Combined TRACON& Tower with Radar,10,48,50,0,108,0,2,41,0,43,10,50,91,0,151,26,0,26,177
05/01/2015,FAR,ND,AGL,CE,Combined TRACON& Tower with Radar,14,74,49,9,146,0,25,48,0,73,14,99,97,9,219,92,8,100,319
05/02/2015,FAR,ND,AGL,CE,Combined TRACON& Tower with Radar,9,25,18,0,52,0,0,33,2,35,9,25,51,2,87,56,0,56,143
05/03/2015,FAR,ND,AGL,CE,Combined TRACON& Tower with Radar,13,38,22,5,78,0,5,18,6,29,13,43,40,11,107,70,6,76,183
05/04/2015,FAR,ND,AGL,CE,Combined TRACON& Tower with Radar,14,59,49,2,124,0,21,47,7,75,14,80,96,9,199,142,0,142,341
05/05/2015,FAR,ND,AGL,CE,Combined TRACON& Tower with Radar,10,53,41,0,104,0,2,52,0,54,10,55,93,0,158,44,0,44,202
05/06/2015,FAR,ND,AGL,CE,Combined TRACON& Tower with Radar,14,60,56,2,132,0,0,2,0,2,14,60,58,2,134,20,0,20,154
05/07/2015,FAR,ND,AGL,CE,Combined TRACON& Tower with Radar,14,43,57,0,114,0,0,3,2,5,14,43,60,2,119,12,2,14,133
05/08/2015,FAR,ND,AGL,CE,Combined TRACON& Tower with Radar,10,48,51,1,110,0,0,29,1,30,10,48,80,2,140,18,0,18,158
05/09/2015,FAR,ND,AGL,CE,Combined TRACON& Tower with Radar,10,41,20,0,71,0,12,44,0,56,10,53,64,0,127,46,0,46,173
05/10/2015,FAR,ND,AGL,CE,Combined TRACON& Tower with Radar,22,21,13,0,56,0,0,6,0,6,22,21,19,0,62,8,0,8,70
05/11/2015,FAR,ND,AGL,CE,Combined TRACON& Tower with Radar,12,45,35,0,92,0,0,0,0,0,12,45,35,0,92,0,0,0,92
05/12/2015,FAR,ND,AGL,CE,Combined TRACON& Tower with Radar,12,68,59,0,139,0,14,61,1,76,12,82,120,1,215,80,0,80,295
05/13/2015,FAR,ND,AGL,CE,Combined TRACON& Tower with Radar,12,47,44,0,103,0,2,22,0,24,12,49,66,0,127,12,0,12,139
05/14/2015,FAR,ND,AGL,CE,Combined TRACON& Tower with Radar,18,57,109,0,184,0,0,2,0,2,18,57,111,0,186,26,0,26,212
05/15/2015,FAR,ND,AGL,CE,Combined TRACON& Tower with Radar,10,68,65,0,143,0,6,18,1,25,10,74,83,1,168,66,0,66,234
05/16/2015,FAR,ND,AGL,CE,Combined TRACON& Tower with Radar,8,24,30,0,62,0,0,20,1,21,8,24,50,1,83,58,0,58,141
05/17/2015,FAR,ND,AGL,CE,Combined TRACON& Tower with Radar,14,34,18,0,66,0,0,2,0,2,14,34,20,0,68,1,0,1,69
05/18/2015,FAR,ND,AGL,CE,Combined TRACON& Tower with Radar,11,44,37,2,94,0,0,5,0,5,11,44,42,2,99,19,0,19,118
05/19/2015,FAR,ND,AGL,CE,Combined TRACON& Tower with Radar,9,67,62,0,138,0,8,58,3,69,9,75,120,3,207,156,0,156,363
05/20/2015,FAR,ND,AGL,CE,Combined TRACON& Tower with Radar,14,54,53,0,121,0,18,57,2,77,14,72,110,2,198,162,0,162,360
05/21/2015,FAR,ND,AGL,CE,Combined TRACON& Tower with Radar,14,45,83,0,142,0,11,85,4,100,14,56,168,4,242,130,0,130,372
05/22/2015,FAR,ND,AGL,CE,Combined TRACON& Tower with Radar,12,58,56,0,126,0,12,57,1,70,12,70,113,1,196,150,0,150,346
05/23/2015,FAR,ND,AGL,CE,Combined TRACON& Tower with Radar,8,24,11,1,44,0,11,29,1,41,8,35,40,2,85,64,0,64,149
05/24/2015,FAR,ND,AGL,CE,Combined TRACON& Tower with Radar,13,25,11,0,49,0,6,37,0,43,13,31,48,0,92,50,0,50,142
05/25/2015,FAR,ND,AGL,CE,Combined TRACON& Tower with Radar,13,35,22,0,70,0,0,18,1,19,13,35,40,1,89,62,0,62,151
05/26/2015,FAR,ND,AGL,CE,Combined TRACON& Tower with Radar,10,49,62,2,123,0,2,52,0,54,10,51,114,2,177,98,0,98,275
05/27/2015,FAR,ND,AGL,CE,Combined TRACON& Tower with Radar,12,46,66,0,124,0,4,51,2,57,12,50,117,2,181,30,0,30,211
05/28/2015,FAR,ND,AGL,CE,Combined TRACON& Tower with Radar,14,52,68,1,135,0,0,17,3,20,14,52,85,4,155,26,4,30,185
05/29/2015,FAR,ND,AGL,CE,Combined TRACON& Tower with Radar,11,38,37,9,95,0,8,14,3,25,11,46,51,12,120,36,8,44,164
05/30/2015,FAR,ND,AGL,CE,Combined TRACON& Tower with Radar,9,33,36,0,78,0,6,39,2,47,9,39,75,2,125,58,0,58,183
05/31/2015,FAR,ND,AGL,CE,Combined TRACON& Tower with Radar,16,32,26,0,74,0,4,17,7,28,16,36,43,7,102,52,0,52,154
06/01/2015,FAR,ND,AGL,CE,Combined TRACON& Tower with Radar,12,48,55,0,115,0,4,41,4,49,12,52,96,4,164,34,0,34,198
06/02/2015,FAR,ND,AGL,CE,Combined TRACON& Tower with Radar,10,40,41,0,91,0,0,17,0,17,10,40,58,0,108,28,0,28,136
06/03/2015,FAR,ND,AGL,CE,Combined TRACON& Tower with Radar,12,66,45,0,123,0,0,2,0,2,12,66,47,0,125,4,0,4,129
06/04/2015,FAR,ND,AGL,CE,Combined TRACON& Tower with Radar,16,41,54,3,114,0,11,40,3,54,16,52,94,6,168,100,6,106,274
06/05/2015,FAR,ND,AGL,CE,Combined TRACON& Tower with Radar,14,52,32,0,98,0,14,31,0,45,14,66,63,0,143,112,0,112,255
06/06/2015,FAR,ND,AGL,CE,Combined TRACON& Tower with Radar,14,34,20,0,68,0,0,4,0,4,14,34,24,0,72,0,0,0,72
06/07/2015,FAR,ND,AGL,CE,Combined TRACON& Tower with Radar,16,38,35,0,89,0,1,17,0,18,16,39,52,0,107,28,0,28,135
06/08/2015,FAR,ND,AGL,CE,Combined TRACON& Tower with Radar,14,69,35,0,118,0,2,41,1,44,14,71,76,1,162,68,0,68,230
06/09/2015,FAR,ND,AGL,CE,Combined TRACON& Tower with Radar,12,51,71,0,134,0,3,41,0,44,12,54,112,0,178,46,0,46,224
06/10/2015,FAR,ND,AGL,CE,Combined TRACON& Tower with Radar,14,52,56,0,122,0,14,26,3,43,14,66,82,3,165,34,0,34,199
06/11/2015,FAR,ND,AGL,CE,Combined TRACON& Tower with Radar,18,62,62,8,150,0,15,30,2,47,18,77,92,10,197,122,38,160,357
06/12/2015,FAR,ND,AGL,CE,Combined TRACON& Tower with Radar,13,67,36,0,116,0,25,49,1,75,13,92,85,1,191,170,2,172,363
06/13/2015,FAR,ND,AGL,CE,Combined TRACON& Tower with Radar,15,25,31,8,79,0,8,43,2,53,15,33,74,10,132,66,0,66,198
06/14/2015,FAR,ND,AGL,CE,Combined TRACON& Tower with Radar,20,28,26,4,78,0,2,21,1,24,20,30,47,5,102,2,0,2,104
06/15/2015,FAR,ND,AGL,CE,Combined TRACON& Tower with Radar,14,65,52,0,131,0,8,61,0,69,14,73,113,0,200,52,0,52,252
06/16/2015,FAR,ND,AGL,CE,Combined TRACON& Tower with Radar,10,72,83,0,165,0,2,18,0,20,10,74,101,0,185,64,0,64,249
06/17/2015,FAR,ND,AGL,CE,Combined TRACON& Tower with Radar,14,70,73,0,157,0,8,71,0,79,14,78,144,0,236,88,0,88,324
06/18/2015,FAR,ND,AGL,CE,Combined TRACON& Tower with Radar,16,69,68,3,156,0,15,39,2,56,16,84,107,5,212,120,4,124,336
06/19/2015,FAR,ND,AGL,CE,Combined TRACON& Tower with Radar,16,51,36,1,104,0,10,27,3,40,16,61,63,4,144,58,8,66,210
06/20/2015,FAR,ND,AGL,CE,Combined TRACON& Tower with Radar,15,63,25,3,106,0,2,12,3,17,15,65,37,6,123,38,0,38,161
06/21/2015,FAR,ND,AGL,CE,Combined TRACON& Tower with Radar,16,27,19,0,62,0,0,43,2,45,16,27,62,2,107,82,0,82,189
06/22/2015,FAR,ND,AGL,CE,Combined TRACON& Tower with Radar,15,58,54,2,129,0,6,32,2,40,15,64,86,4,169,104,0,104,273
06/23/2015,FAR,ND,AGL,CE,Combined TRACON& Tower with Radar,11,67,39,2,119,0,20,62,4,86,11,87,101,6,205,160,0,160,365
06/24/2015,FAR,ND,AGL,CE,Combined TRACON& Tower with Radar,14,55,45,0,114,0,11,40,0,51,14,66,85,0,165,96,0,96,261
06/25/2015,FAR,ND,AGL,CE,Combined TRACON& Tower with Radar,16,71,72,3,162,0,12,55,4,71,16,83,127,7,233,212,0,212,445
06/26/2015,FAR,ND,AGL,CE,Combined TRACON& Tower with Radar,14,60,30,5,109,0,21,54,2,77,14,81,84,7,186,108,0,108,294
06/27/2015,FAR,ND,AGL,CE,Combined TRACON& Tower with Radar,14,40,14,0,68,0,1,63,0,64,14,41,77,0,132,50,0,50,182
06/28/2015,FAR,ND,AGL,CE,Combined TRACON& Tower with Radar,13,34,16,0,63,0,4,47,1,52,13,38,63,1,115,102,0,102,217
06/29/2015,FAR,ND,AGL,CE,Combined TRACON& Tower with Radar,12,65,42,0,119,0,4,34,4,42,12,69,76,4,161,104,0,104,265
06/30/2015,FAR,ND,AGL,CE,Combined TRACON& Tower with Radar,9,57,47,12,125,0,8,79,2,89,9,65,126,14,214,90,36,126,340
07/01/2015,FAR,ND,AGL,CE,Combined TRACON& Tower with Radar,17,73,51,0,141,0,14,32,2,48,17,87,83,2,189,86,2,88,277
07/02/2015,FAR,ND,AGL,CE,Combined TRACON& Tower with Radar,17,51,46,0,114,0,11,55,7,73,17,62,101,7,187,100,0,100,287
07/03/2015,FAR,ND,AGL,CE,Combined TRACON& Tower with Radar,13,32,21,0,66,0,0,4,0,4,13,32,25,0,70,2,0,2,72
07/04/2015,FAR,ND,AGL,CE,Combined TRACON& Tower with Radar,16,17,7,0,40,0,0,14,1,15,16,17,21,1,55,0,0,0,55
07/05/2015,FAR,ND,AGL,CE,Combined TRACON& Tower with Radar,20,30,17,0,67,0,0,13,2,15,20,30,30,2,82,20,0,20,102
07/06/2015,FAR,ND,AGL,CE,Combined TRACON& Tower with Radar,18,62,31,0,111,0,2,15,3,20,18,64,46,3,131,38,0,38,169
07/07/2015,FAR,ND,AGL,CE,Combined TRACON& Tower with Radar,16,53,36,0,105,0,12,41,2,55,16,65,77,2,160,120,0,120,280
07/08/2015,FAR,ND,AGL,CE,Combined TRACON& Tower with Radar,16,45,57,0,118,0,8,30,4,42,16,53,87,4,160,76,0,76,236
07/09/2015,FAR,ND,AGL,CE,Combined TRACON& Tower with Radar,17,52,60,2,131,0,12,48,2,62,17,64,108,4,193,96,0,96,289
07/10/2015,FAR,ND,AGL,CE,Combined TRACON& Tower with Radar,17,53,28,0,98,0,19,56,2,77,17,72,84,2,175,86,2,88,263
07/11/2015,FAR,ND,AGL,CE,Combined TRACON& Tower with Radar,18,41,24,0,83,0,11,29,0,40,18,52,53,0,123,80,0,80,203
07/12/2015,FAR,ND,AGL,CE,Combined TRACON& Tower with Radar,18,36,19,0,73,0,2,20,0,22,18,38,39,0,95,20,0,20,115
07/13/2015,FAR,ND,AGL,CE,Combined TRACON& Tower with Radar,14,44,36,1,95,0,3,33,2,38,14,47,69,3,133,135,0,135,268
07/14/2015,FAR,ND,AGL,CE,Combined TRACON& Tower with Radar,14,42,59,1,116,0,2,32,5,39,14,44,91,6,155,94,0,94,249
07/15/2015,FAR,ND,AGL,CE,Combined TRACON& Tower with Radar,18,59,78,0,155,0,8,18,3,29,18,67,96,3,184,52,0,52,236
07/16/2015,FAR,ND,AGL,CE,Combined TRACON& Tower with Radar,18,54,71,0,143,0,8,33,4,45,18,62,104,4,188,64,2,66,254
07/17/2015,FAR,ND,AGL,CE,Combined TRACON& Tower with Radar,18,49,39,0,106,0,4,22,2,28,18,53,61,2,134,32,0,32,166
07/18/2015,FAR,ND,AGL,CE,Combined TRACON& Tower with Radar,20,34,19,0,73,0,2,22,0,24,20,36,41,0,97,96,0,96,193
07/19/2015,FAR,ND,AGL,CE,Combined TRACON& Tower with Radar,18,34,24,2,78,0,1,37,2,40,18,35,61,4,118,48,6,54,172
07/20/2015,FAR,ND,AGL,CE,Combined TRACON& Tower with Radar,20,73,49,3,145,0,6,50,8,64,20,79,99,11,209,78,6,84,293
07/21/2015,FAR,ND,AGL,CE,Combined TRACON& Tower with Radar,13,66,42,8,129,1,17,35,7,60,14,83,77,15,189,100,18,118,307
07/22/2015,FAR,ND,AGL,CE,Combined TRACON& Tower with Radar,16,64,74,2,156,0,11,37,6,54,16,75,111,8,210,94,0,94,304
07/23/2015,FAR,ND,AGL,CE,Combined TRACON& Tower with Radar,18,47,45,4,114,0,1,23,23,47,18,48,68,27,161,30,0,30,191
07/24/2015,FAR,ND,AGL,CE,Combined TRACON& Tower with Radar,18,56,38,1,113,0,2,36,2,40,18,58,74,3,153,66,0,66,219
07/25/2015,FAR,ND,AGL,CE,Combined TRACON& Tower with Radar,17,27,24,1,69,0,0,49,2,51,17,27,73,3,120,90,0,90,210
07/26/2015,FAR,ND,AGL,CE,Combined TRACON& Tower with Radar,19,33,25,3,80,0,0,56,2,58,19,33,81,5,138,34,2,36,174
07/27/2015,FAR,ND,AGL,CE,Combined TRACON& Tower with Radar,16,62,57,9,144,0,5,43,0,48,16,67,100,9,192,110,0,110,302
07/28/2015,FAR,ND,AGL,CE,Combined TRACON& Tower with Radar,14,45,48,0,107,0,0,28,1,29,14,45,76,1,136,24,0,24,160
07/29/2015,FAR,ND,AGL,CE,Combined TRACON& Tower with Radar,16,48,57,0,121,0,15,27,0,42,16,63,84,0,163,58,0,58,221
07/30/2015,FAR,ND,AGL,CE,Combined TRACON& Tower with Radar,17,70,39,1,127,0,17,72,9,98,17,87,111,10,225,125,0,125,350
07/31/2015,FAR,ND,AGL,CE,Combined TRACON& Tower with Radar,16,62,38,3,119,0,9,40,0,49,16,71,78,3,168,62,0,62,230
08/01/2015,FAR,ND,AGL,CE,Combined TRACON& Tower with Radar,15,40,13,0,68,0,14,37,4,55,15,54,50,4,123,60,0,60,183
08/02/2015,FAR,ND,AGL,CE,Combined TRACON& Tower with Radar,19,31,22,3,75,0,0,23,3,26,19,31,45,6,101,34,0,34,135
08/03/2015,FAR,ND,AGL,CE,Combined TRACON& Tower with Radar,16,53,41,0,110,0,10,39,4,53,16,63,80,4,163,58,0,58,221
08/04/2015,FAR,ND,AGL,CE,Combined TRACON& Tower with Radar,14,66,62,0,142,0,7,60,2,69,14,73,122,2,211,104,0,104,315
08/05/2015,FAR,ND,AGL,CE,Combined TRACON& Tower with Radar,16,72,55,6,149,0,10,48,1,59,16,82,103,7,208,133,0,133,341
08/06/2015,FAR,ND,AGL,CE,Combined TRACON& Tower with Radar,16,46,41,0,103,0,0,16,2,18,16,46,57,2,121,74,0,74,195
08/07/2015,FAR,ND,AGL,CE,Combined TRACON& Tower with Radar,15,47,36,4,102,0,5,33,5,43,15,52,69,9,145,94,0,94,239
08/08/2015,FAR,ND,AGL,CE,Combined TRACON& Tower with Radar,17,39,26,6,88,0,13,40,6,59,17,52,66,12,147,70,10,80,227
08/09/2015,FAR,ND,AGL,CE,Combined TRACON& Tower with Radar,16,42,22,6,86,0,6,41,4,51,16,48,63,10,137,44,4,48,185
08/10/2015,FAR,ND,AGL,CE,Combined TRACON& Tower with Radar,16,61,47,1,125,0,8,35,5,48,16,69,82,6,173,120,0,120,293
08/11/2015,FAR,ND,AGL,CE,Combined TRACON& Tower with Radar,14,58,58,0,130,0,8,54,2,64,14,66,112,2,194,108,0,108,302
08/12/2015,FAR,ND,AGL,CE,Combined TRACON& Tower with Radar,16,62,55,0,133,0,6,28,4,38,16,68,83,4,171,104,0,104,275
08/13/2015,FAR,ND,AGL,CE,Combined TRACON& Tower with Radar,18,51,51,1,121,0,4,30,0,34,18,55,81,1,155,101,0,101,256
08/14/2015,FAR,ND,AGL,CE,Combined TRACON& Tower with Radar,15,50,32,1,98,0,8,44,0,52,15,58,76,1,150,109,0,109,259
08/15/2015,FAR,ND,AGL,CE,Combined TRACON& Tower with Radar,17,27,25,2,71,0,0,13,4,17,17,27,38,6,88,38,8,46,134
08/16/2015,FAR,ND,AGL,CE,Combined TRACON& Tower with Radar,17,32,25,2,76,0,0,15,6,21,17,32,40,8,97,44,0,44,141
08/17/2015,FAR,ND,AGL,CE,Combined TRACON& Tower with Radar,16,51,35,4,106,0,8,37,0,45,16,59,72,4,151,92,0,92,243
08/18/2015,FAR,ND,AGL,CE,Combined TRACON& Tower with Radar,10,46,49,1,106,0,2,18,0,20,10,48,67,1,126,40,0,40,166
08/19/2015,FAR,ND,AGL,CE,Combined TRACON& Tower with Radar,10,54,53,17,134,0,12,35,4,51,10,66,88,21,185,32,20,52,237
08/20/2015,FAR,ND,AGL,CE,Combined TRACON& Tower with Radar,12,47,47,1,107,0,16,47,2,65,12,63,94,3,172,114,14,128,300
08/21/2015,FAR,ND,AGL,CE,Combined TRACON& Tower with Radar,12,56,48,0,116,0,12,31,3,46,12,68,79,3,162,108,0,108,270
08/22/2015,FAR,ND,AGL,CE,Combined TRACON& Tower with Radar,11,31,25,0,67,0,0,4,0,4,11,31,29,0,71,2,0,2,73
08/23/2015,FAR,ND,AGL,CE,Combined TRACON& Tower with Radar,15,28,26,2,71,0,0,10,0,10,15,28,36,2,81,0,0,0,81
08/24/2015,FAR,ND,AGL,CE,Combined TRACON& Tower with Radar,12,52,42,0,106,0,11,33,0,44,12,63,75,0,150,42,0,42,192
08/25/2015,FAR,ND,AGL,CE,Combined TRACON& Tower with Radar,10,44,56,6,116,0,15,54,4,73,10,59,110,10,189,102,14,116,305
08/26/2015,FAR,ND,AGL,CE,Combined TRACON& Tower with Radar,10,49,50,0,109,0,8,48,5,61,10,57,98,5,170,77,0,77,247
08/27/2015,FAR,ND,AGL,CE,Combined TRACON& Tower with Radar,12,42,56,4,114,0,14,37,3,54,12,56,93,7,168,48,0,48,216
08/28/2015,FAR,ND,AGL,CE,Combined TRACON& Tower with Radar,15,51,34,0,100,0,17,30,1,48,15,68,64,1,148,102,0,102,250
08/29/2015,FAR,ND,AGL,CE,Combined TRACON& Tower with Radar,9,32,17,2,60,0,9,31,4,44,9,41,48,6,104,46,2,48,152
08/30/2015,FAR,ND,AGL,CE,Combined TRACON& Tower with Radar,12,31,21,6,70,0,5,12,1,18,12,36,33,7,88,4,0,4,92
08/31/2015,FAR,ND,AGL,CE,Combined TRACON& Tower with Radar,12,54,27,0,93,0,17,28,3,48,12,71,55,3,141,102,0,102,243
09/01/2015,FAR,ND,AGL,CE,Combined TRACON& Tower with Radar,12,39,43,3,97,0,15,47,6,68,12,54,90,9,165,80,2,82,247
09/02/2015,FAR,ND,AGL,CE,Combined TRACON& Tower with Radar,10,41,66,3,120,0,13,43,2,58,10,54,109,5,178,28,0,28,206
09/03/2015,FAR,ND,AGL,CE,Combined TRACON& Tower with Radar,14,40,48,0,102,0,0,21,0,21,14,40,69,0,123,22,0,22,145
09/04/2015,FAR,ND,AGL,CE,Combined TRACON& Tower with Radar,12,44,39,0,95,0,0,12,2,14,12,44,51,2,109,84,0,84,193
09/05/2015,FAR,ND,AGL,CE,Combined TRACON& Tower with Radar,6,35,29,0,70,0,1,12,1,14,6,36,41,1,84,56,0,56,140
09/06/2015,FAR,ND,AGL,CE,Combined TRACON& Tower with Radar,12,21,14,0,47,0,0,6,0,6,12,21,20,0,53,36,0,36,89
09/07/2015,FAR,ND,AGL,CE,Combined TRACON& Tower with Radar,12,30,36,0,78,0,15,40,0,55,12,45,76,0,133,74,0,74,207
09/08/2015,FAR,ND,AGL,CE,Combined TRACON& Tower with Radar,9,36,45,0,90,0,13,40,8,61,9,49,85,8,151,86,0,86,237
09/09/2015,FAR,ND,AGL,CE,Combined TRACON& Tower with Radar,9,52,38,0,99,0,18,40,0,58,9,70,78,0,157,124,0,124,281
09/10/2015,FAR,ND,AGL,CE,Combined TRACON& Tower with Radar,12,36,64,0,112,0,10,28,4,42,12,46,92,4,154,22,0,22,176
09/11/2015,FAR,ND,AGL,CE,Combined TRACON& Tower with Radar,15,32,37,4,88,0,32,47,2,81,15,64,84,6,169,148,4,152,321
09/12/2015,FAR,ND,AGL,CE,Combined TRACON& Tower with Radar,9,28,18,0,55,0,29,64,4,97,9,57,82,4,152,177,0,177,329
09/13/2015,FAR,ND,AGL,CE,Combined TRACON& Tower with Radar,11,29,34,0,74,0,2,40,0,42,11,31,74,0,116,36,0,36,152
09/14/2015,FAR,ND,AGL,CE,Combined TRACON& Tower with Radar,15,46,60,0,121,0,18,31,5,54,15,64,91,5,175,118,0,118,293
09/15/2015,FAR,ND,AGL,CE,Combined TRACON& Tower with Radar,12,34,62,0,108,0,4,15,0,19,12,38,77,0,127,18,0,18,145
09/16/2015,FAR,ND,AGL,CE,Combined TRACON& Tower with Radar,10,55,67,0,132,0,22,38,0,60,10,77,105,0,192,88,0,88,280
09/17/2015,FAR,ND,AGL,CE,Combined TRACON& Tower with Radar,14,44,89,0,147,0,6,25,0,31,14,50,114,0,178,68,0,68,246
09/18/2015,FAR,ND,AGL,CE,Combined TRACON& Tower with Radar,12,44,45,0,101,0,16,54,2,72,12,60,99,2,173,104,0,104,277
09/19/2015,FAR,ND,AGL,CE,Combined TRACON& Tower with Radar,8,32,38,0,78,0,13,53,0,66,8,45,91,0,144,58,8,66,210
09/20/2015,FAR,ND,AGL,CE,Combined TRACON& Tower with Radar,12,25,38,0,75,0,6,29,1,36,12,31,67,1,111,20,0,20,131
09/21/2015,FAR,ND,AGL,CE,Combined TRACON& Tower with Radar,12,34,50,0,96,0,11,32,2,45,12,45,82,2,141,34,0,34,175
09/22/2015,FAR,ND,AGL,CE,Combined TRACON& Tower with Radar,12,35,53,1,101,0,33,27,5,65,12,68,80,6,166,122,0,122,288
09/23/2015,FAR,ND,AGL,CE,Combined TRACON& Tower with Radar,10,42,54,0,106,0,0,4,0,4,10,42,58,0,110,18,0,18,128
09/24/2015,FAR,ND,AGL,CE,Combined TRACON& Tower with Radar,12,47,74,0,133,0,4,15,0,19,12,51,89,0,152,62,2,64,216
09/25/2015,FAR,ND,AGL,CE,Combined TRACON& Tower with Radar,14,44,58,0,116,0,22,40,0,62,14,66,98,0,178,117,0,117,295
09/26/2015,FAR,ND,AGL,CE,Combined TRACON& Tower with Radar,8,25,21,0,54,0,9,33,2,44,8,34,54,2,98,43,0,43,141
09/27/2015,FAR,ND,AGL,CE,Combined TRACON& Tower with Radar,9,34,38,3,84,0,11,33,4,48,9,45,71,7,132,46,0,46,178
09/28/2015,FAR,ND,AGL,CE,Combined TRACON& Tower with Radar,15,40,32,0,87,0,18,29,2,49,15,58,61,2,136,124,0,124,260
09/29/2015,FAR,ND,AGL,CE,Combined TRACON& Tower with Radar,14,40,64,0,118,0,41,46,0,87,14,81,110,0,205,128,0,128,333
09/30/2015,FAR,ND,AGL,CE,Combined TRACON& Tower with Radar,10,37,57,0,104,0,10,28,4,42,10,47,85,4,146,54,0,54,200
10/01/2015,FAR,ND,AGL,CE,Combined TRACON& Tower with Radar,16,42,66,0,124,0,8,18,1,27,16,50,84,1,151,62,0,62,213
10/02/2015,FAR,ND,AGL,CE,Combined TRACON& Tower with Radar,14,45,45,0,104,0,26,41,0,67,14,71,86,0,171,86,0,86,257
10/03/2015,FAR,ND,AGL,CE,Combined TRACON& Tower with Radar,8,25,12,0,45,0,24,22,2,48,8,49,34,2,93,54,0,54,147
10/04/2015,FAR,ND,AGL,CE,Combined TRACON& Tower with Radar,16,26,28,0,70,0,0,26,1,27,16,26,54,1,97,6,0,6,103
10/05/2015,FAR,ND,AGL,CE,Combined TRACON& Tower with Radar,16,47,46,1,110,0,14,27,3,44,16,61,73,4,154,84,0,84,238
10/06/2015,FAR,ND,AGL,CE,Combined TRACON& Tower with Radar,12,31,60,0,103,0,37,39,1,77,12,68,99,1,180,86,0,86,266
10/07/2015,FAR,ND,AGL,CE,Combined TRACON& Tower with Radar,14,44,46,2,106,0,10,27,2,39,14,54,73,4,145,106,0,106,251
10/08/2015,FAR,ND,AGL,CE,Combined TRACON& Tower with Radar,16,39,71,6,132,0,0,8,3,11,16,39,79,9,143,32,20,52,195
10/09/2015,FAR,ND,AGL,CE,Combined TRACON& Tower with Radar,15,50,45,5,115,0,28,46,2,76,15,78,91,7,191,106,0,106,297
10/10/2015,FAR,ND,AGL,CE,Combined TRACON& Tower with Radar,9,33,23,0,65,0,20,40,0,60,9,53,63,0,125,122,0,122,247
10/11/2015,FAR,ND,AGL,CE,Combined TRACON& Tower with Radar,14,22,26,0,62,0,0,34,2,36,14,22,60,2,98,28,0,28,126
10/12/2015,FAR,ND,AGL,CE,Combined TRACON& Tower with Radar,16,39,33,0,88,0,0,0,0,0,16,39,33,0,88,132,14,146,234
10/13/2015,FAR,ND,AGL,CE,Combined TRACON& Tower with Radar,14,43,64,13,134,0,22,56,3,81,14,65,120,16,215,114,0,114,329
10/14/2015,FAR,ND,AGL,CE,Combined TRACON& Tower with Radar,14,37,52,0,103,0,13,41,6,60,14,50,93,6,163,0,0,0,163
10/15/2015,FAR,ND,AGL,CE,Combined TRACON& Tower with Radar,15,40,63,1,119,0,7,29,11,47,15,47,92,12,166,60,4,64,230
10/16/2015,FAR,ND,AGL,CE,Combined TRACON& Tower with Radar,17,46,21,2,86,0,13,35,0,48,17,59,56,2,134,36,0,36,170
10/17/2015,FAR,ND,AGL,CE,Combined TRACON& Tower with Radar,8,27,29,0,64,0,10,26,2,38,8,37,55,2,102,50,0,50,152
10/18/2015,FAR,ND,AGL,CE,Combined TRACON& Tower with Radar,16,28,21,1,66,0,0,16,0,16,16,28,37,1,82,24,0,24,106
10/19/2015,FAR,ND,AGL,CE,Combined TRACON& Tower with Radar,16,35,43,1,95,0,35,39,3,77,16,70,82,4,172,82,0,82,254
10/20/2015,FAR,ND,AGL,CE,Combined TRACON& Tower with Radar,12,40,48,0,100,0,14,34,2,50,12,54,82,2,150,110,0,110,260
10/21/2015,FAR,ND,AGL,CE,Combined TRACON& Tower with Radar,14,50,58,0,122,0,11,32,3,46,14,61,90,3,168,28,0,28,196
10/22/2015,FAR,ND,AGL,CE,Combined TRACON& Tower with Radar,16,45,54,5,120,0,43,48,12,103,16,88,102,17,223,97,0,97,320
10/23/2015,FAR,ND,AGL,CE,Combined TRACON& Tower with Radar,14,61,54,2,131,0,0,1,0,1,14,61,55,2,132,0,0,0,132
10/24/2015,FAR,ND,AGL,CE,Combined TRACON& Tower with Radar,10,27,27,0,64,0,12,36,0,48,10,39,63,0,112,98,0,98,210
10/25/2015,FAR,ND,AGL,CE,Combined TRACON& Tower with Radar,14,31,29,0,74,0,8,32,0,40,14,39,61,0,114,38,0,38,152
10/26/2015,FAR,ND,AGL,CE,Combined TRACON& Tower with Radar,14,45,36,2,97,0,17,41,0,58,14,62,77,2,155,102,0,102,257
10/27/2015,FAR,ND,AGL,CE,Combined TRACON& Tower with Radar,12,51,64,0,127,0,23,16,2,41,12,74,80,2,168,66,0,66,234
10/28/2015,FAR,ND,AGL,CE,Combined TRACON& Tower with Radar,12,38,44,0,94,0,0,5,2,7,12,38,49,2,101,0,0,0,101
10/29/2015,FAR,ND,AGL,CE,Combined TRACON& Tower with Radar,16,32,64,0,112,0,0,3,4,7,16,32,67,4,119,3,4,7,126
10/30/2015,FAR,ND,AGL,CE,Combined TRACON& Tower with Radar,13,61,63,0,137,0,29,29,1,59,13,90,92,1,196,140,0,140,336
10/31/2015,FAR,ND,AGL,CE,Combined TRACON& Tower with Radar,8,29,19,0,56,0,0,12,1,13,8,29,31,1,69,16,0,16,85
11/01/2015,FAR,ND,AGL,CE,Combined TRACON& Tower with Radar,11,36,31,0,78,0,8,40,3,51,11,44,71,3,129,78,0,78,207
11/02/2015,FAR,ND,AGL,CE,Combined TRACON& Tower with Radar,12,56,40,1,109,0,19,48,5,72,12,75,88,6,181,80,0,80,261
11/03/2015,FAR,ND,AGL,CE,Combined TRACON& Tower with Radar,12,61,58,3,134,0,16,49,1,66,12,77,107,4,200,108,0,108,308
11/04/2015,FAR,ND,AGL,CE,Combined TRACON& Tower with Radar,10,55,49,0,114,0,1,0,0,1,10,56,49,0,115,0,0,0,115
11/05/2015,FAR,ND,AGL,CE,Combined TRACON& Tower with Radar,14,46,61,0,121,0,0,0,0,0,14,46,61,0,121,0,0,0,121
11/06/2015,FAR,ND,AGL,CE,Combined TRACON& Tower with Radar,13,44,56,3,116,0,5,24,3,32,13,49,80,6,148,40,2,42,190
11/07/2015,FAR,ND,AGL,CE,Combined TRACON& Tower with Radar,9,46,24,0,79,0,30,52,1,83,9,76,76,1,162,179,0,179,341
11/08/2015,FAR,ND,AGL,CE,Combined TRACON& Tower with Radar,11,32,24,0,67,0,17,30,2,49,11,49,54,2,116,59,0,59,175
11/09/2015,FAR,ND,AGL,CE,Combined TRACON& Tower with Radar,12,51,49,1,113,0,28,44,5,77,12,79,93,6,190,138,0,138,328
11/10/2015,FAR,ND,AGL,CE,Combined TRACON& Tower with Radar,10,46,38,0,94,0,0,23,2,25,10,46,61,2,119,44,2,46,165
11/11/2015,FAR,ND,AGL,CE,Combined TRACON& Tower with Radar,10,40,54,0,104,0,0,0,0,0,10,40,54,0,104,0,0,0,104
11/12/2015,FAR,ND,AGL,CE,Combined TRACON& Tower with Radar,14,36,44,0,94,0,0,1,6,7,14,36,45,6,101,0,10,10,111
11/13/2015,FAR,ND,AGL,CE,Combined TRACON& Tower with Radar,14,65,40,2,121,0,31,58,0,89,14,96,98,2,210,134,0,134,344
11/14/2015,FAR,ND,AGL,CE,Combined TRACON& Tower with Radar,7,46,29,0,82,0,36,39,0,75,7,82,68,0,157,196,2,198,355
11/15/2015,FAR,ND,AGL,CE,Combined TRACON& Tower with Radar,13,42,23,0,78,0,17,28,0,45,13,59,51,0,123,78,0,78,201
11/16/2015,FAR,ND,AGL,CE,Combined TRACON& Tower with Radar,12,63,46,0,121,0,0,1,0,1,12,63,47,0,122,4,0,4,126
11/17/2015,FAR,ND,AGL,CE,Combined TRACON& Tower with Radar,12,47,40,8,107,0,0,0,0,0,12,47,40,8,107,6,0,6,113
11/18/2015,FAR,ND,AGL,CE,Combined TRACON& Tower with Radar,8,44,37,0,89,0,0,4,2,6,8,44,41,2,95,0,28,28,123
11/19/2015,FAR,ND,AGL,CE,Combined TRACON& Tower with Radar,14,43,40,0,97,0,0,3,2,5,14,43,43,2,102,0,0,0,102
11/20/2015,FAR,ND,AGL,CE,Combined TRACON& Tower with Radar,18,42,36,0,96,0,13,38,2,53,18,55,74,2,149,74,0,74,223
11/21/2015,FAR,ND,AGL,CE,Combined TRACON& Tower with Radar,12,21,31,0,64,0,22,28,0,50,12,43,59,0,114,124,0,124,238
11/22/2015,FAR,ND,AGL,CE,Combined TRACON& Tower with Radar,11,33,23,0,67,0,5,9,2,16,11,38,32,2,83,32,8,40,123
11/23/2015,FAR,ND,AGL,CE,Combined TRACON& Tower with Radar,9,34,29,0,72,0,36,27,2,65,9,70,56,2,137,146,4,150,287
11/24/2015,FAR,ND,AGL,CE,Combined TRACON& Tower with Radar,12,60,35,4,111,0,38,42,15,95,12,98,77,19,206,60,10,70,276
11/25/2015,FAR,ND,AGL,CE,Combined TRACON& Tower with Radar,14,43,42,0,99,0,0,0,0,0,14,43,42,0,99,0,0,0,99
11/26/2015,FAR,ND,AGL,CE,Combined TRACON& Tower with Radar,2,18,7,0,27,0,0,2,0,2,2,18,9,0,29,0,0,0,29
11/27/2015,FAR,ND,AGL,CE,Combined TRACON& Tower with Radar,4,38,7,1,50,0,18,46,2,66,4,56,53,3,116,80,0,80,196
11/28/2015,FAR,ND,AGL,CE,Combined TRACON& Tower with Radar,12,42,12,0,66,0,16,29,2,47,12,58,41,2,113,66,0,66,179
11/29/2015,FAR,ND,AGL,CE,Combined TRACON& Tower with Radar,16,41,24,0,81,0,8,22,0,30,16,49,46,0,111,86,0,86,197
11/30/2015,FAR,ND,AGL,CE,Combined TRACON& Tower with Radar,10,40,23,0,73,0,0,8,2,10,10,40,31,2,83,2,4,6,89
12/01/2015,FAR,ND,AGL,CE,Combined TRACON& Tower with Radar,14,32,35,0,81,0,0,0,0,0,14,32,35,0,81,0,0,0,81
12/02/2015,FAR,ND,AGL,CE,Combined TRACON& Tower with Radar,14,63,54,9,140,0,34,30,11,75,14,97,84,20,215,115,30,145,360
12/03/2015,FAR,ND,AGL,CE,Combined TRACON& Tower with Radar,12,56,50,0,118,0,36,28,1,65,12,92,78,1,183,154,2,156,339
12/04/2015,FAR,ND,AGL,CE,Combined TRACON& Tower with Radar,19,41,35,2,97,0,9,24,5,38,19,50,59,7,135,38,0,38,173
12/05/2015,FAR,ND,AGL,CE,Combined TRACON& Tower with Radar,7,35,38,0,80,0,34,23,2,59,7,69,61,2,139,144,2,146,285
12/06/2015,FAR,ND,AGL,CE,Combined TRACON& Tower with Radar,13,37,39,2,91,0,16,30,4,50,13,53,69,6,141,30,30,60,201
12/07/2015,FAR,ND,AGL,CE,Combined TRACON& Tower with Radar,13,47,49,0,109,0,29,58,0,87,13,76,107,0,196,110,0,110,306
12/08/2015,FAR,ND,AGL,CE,Combined TRACON& Tower with Radar,14,44,62,3,123,0,11,26,1,38,14,55,88,4,161,60,0,60,221
12/09/2015,FAR,ND,AGL,CE,Combined TRACON& Tower with Radar,14,56,62,0,132,0,21,45,0,66,14,77,107,0,198,36,0,36,234
12/10/2015,FAR,ND,AGL,CE,Combined TRACON& Tower with Radar,12,35,45,2,94,0,0,5,2,7,12,35,50,4,101,18,14,32,133
12/11/2015,FAR,ND,AGL,CE,Combined TRACON& Tower with Radar,17,37,27,0,81,0,0,1,0,1,17,37,28,0,82,0,0,0,82
12/12/2015,FAR,ND,AGL,CE,Combined TRACON& Tower with Radar,7,27,15,0,49,0,0,0,0,0,7,27,15,0,49,0,0,0,49
12/13/2015,FAR,ND,AGL,CE,Combined TRACON& Tower with Radar,14,26,15,0,55,0,0,0,0,0,14,26,15,0,55,0,0,0,55
12/14/2015,FAR,ND,AGL,CE,Combined TRACON& Tower with Radar,14,36,35,6,91,0,0,2,0,2,14,36,37,6,93,0,0,0,93
12/15/2015,FAR,ND,AGL,CE,Combined TRACON& Tower with Radar,12,33,46,0,91,0,0,1,0,1,12,33,47,0,92,0,0,0,92
12/16/2015,FAR,ND,AGL,CE,Combined TRACON& Tower with Radar,15,37,37,0,89,0,0,0,0,0,15,37,37,0,89,0,0,0,89
12/17/2015,FAR,ND,AGL,CE,Combined TRACON& Tower with Radar,14,45,43,0,102,0,0,5,2,7,14,45,48,2,109,0,0,0,109
12/18/2015,FAR,ND,AGL,CE,Combined TRACON& Tower with Radar,17,51,48,0,116,0,13,24,1,38,17,64,72,1,154,56,0,56,210
12/19/2015,FAR,ND,AGL,CE,Combined TRACON& Tower with Radar,11,50,38,0,99,0,25,31,1,57,11,75,69,1,156,136,0,136,292
12/20/2015,FAR,ND,AGL,CE,Combined TRACON& Tower with Radar,12,41,20,0,73,0,0,1,0,1,12,41,21,0,74,4,0,4,78
12/21/2015,FAR,ND,AGL,CE,Combined TRACON& Tower with Radar,16,40,22,4,82,0,0,0,0,0,16,40,22,4,82,0,0,0,82
12/22/2015,FAR,ND,AGL,CE,Combined TRACON& Tower with Radar,15,48,29,0,92,0,0,1,0,1,15,48,30,0,93,0,0,0,93
12/23/2015,FAR,ND,AGL,CE,Combined TRACON& Tower with Radar,16,44,31,0,91,0,0,0,3,3,16,44,31,3,94,20,6,26,120
12/24/2015,FAR,ND,AGL,CE,Combined TRACON& Tower with Radar,16,34,15,0,65,0,0,13,0,13,16,34,28,0,78,24,0,24,102
12/25/2015,FAR,ND,AGL,CE,Combined TRACON& Tower with Radar,10,30,4,0,44,0,0,0,0,0,10,30,4,0,44,0,0,0,44
12/26/2015,FAR,ND,AGL,CE,Combined TRACON& Tower with Radar,13,44,13,0,70,0,0,3,0,3,13,44,16,0,73,2,0,2,75
12/27/2015,FAR,ND,AGL,CE,Combined TRACON& Tower with Radar,14,34,15,0,63,0,0,22,0,22,14,34,37,0,85,10,0,10,95
12/28/2015,FAR,ND,AGL,CE,Combined TRACON& Tower with Radar,17,35,8,0,60,0,10,20,0,30,17,45,28,0,90,50,0,50,140
12/29/2015,FAR,ND,AGL,CE,Combined TRACON& Tower with Radar,16,43,16,0,75,0,0,2,3,5,16,43,18,3,80,0,0,0,80
12/30/2015,FAR,ND,AGL,CE,Combined TRACON& Tower with Radar,17,50,27,3,97,0,0,19,9,28,17,50,46,12,125,54,2,56,181
12/31/2015,FAR,ND,AGL,CE,Combined TRACON& Tower with Radar,15,40,23,0,78,0,2,18,4,24,15,42,41,4,102,94,2,96,198
01/01/2016,FAR,ND,AGL,CE,Combined TRACON& Tower with Radar,5,32,20,0,57,0,0,28,0,28,5,32,48,0,85,48,0,48,133
01/02/2016,FAR,ND,AGL,CE,Combined TRACON& Tower with Radar,14,52,23,0,89,0,7,28,2,37,14,59,51,2,126,56,0,56,182
01/03/2016,FAR,ND,AGL,CE,Combined TRACON& Tower with Radar,12,42,28,0,82,0,4,29,1,34,12,46,57,1,116,78,0,78,194
01/04/2016,FAR,ND,AGL,CE,Combined TRACON& Tower with Radar,19,40,37,0,96,0,0,22,0,22,19,40,59,0,118,24,0,24,142
01/05/2016,FAR,ND,AGL,CE,Combined TRACON& Tower with Radar,8,44,35,3,90,0,0,29,1,30,8,44,64,4,120,54,14,68,188
01/06/2016,FAR,ND,AGL,CE,Combined TRACON& Tower with Radar,12,42,28,0,82,0,0,2,0,2,12,42,30,0,84,0,0,0,84
01/07/2016,FAR,ND,AGL,CE,Combined TRACON& Tower with Radar,13,38,23,0,74,0,0,0,0,0,13,38,23,0,74,0,0,0,74
01/08/2016,FAR,ND,AGL,CE,Combined TRACON& Tower with Radar,13,43,36,4,96,0,0,1,0,1,13,43,37,4,97,26,0,26,123
01/09/2016,FAR,ND,AGL,CE,Combined TRACON& Tower with Radar,14,44,27,0,85,0,12,9,1,22,14,56,36,1,107,54,0,54,161
01/10/2016,FAR,ND,AGL,CE,Combined TRACON& Tower with Radar,15,42,24,2,83,0,8,11,0,19,15,50,35,2,102,20,0,20,122
01/11/2016,FAR,ND,AGL,CE,Combined TRACON& Tower with Radar,10,37,38,12,97,0,0,5,0,5,10,37,43,12,102,14,36,50,152
01/12/2016,FAR,ND,AGL,CE,Combined TRACON& Tower with Radar,5,60,51,0,116,0,11,14,2,27,5,71,65,2,143,46,2,48,191
01/13/2016,FAR,ND,AGL,CE,Combined TRACON& Tower with Radar,9,44,54,0,107,0,0,12,0,12,9,44,66,0,119,52,0,52,171
01/14/2016,FAR,ND,AGL,CE,Combined TRACON& Tower with Radar,9,43,46,0,98,0,0,0,0,0,9,43,46,0,98,0,0,0,98
01/15/2016,FAR,ND,AGL,CE,Combined TRACON& Tower with Radar,12,43,29,3,87,0,3,21,0,24,12,46,50,3,111,6,0,6,117
01/16/2016,FAR,ND,AGL,CE,Combined TRACON& Tower with Radar,12,38,18,0,68,0,6,10,2,18,12,44,28,2,86,32,0,32,118
01/17/2016,FAR,ND,AGL,CE,Combined TRACON& Tower with Radar,13,32,14,0,59,0,5,11,2,18,13,37,25,2,77,16,0,16,93
01/18/2016,FAR,ND,AGL,CE,Combined TRACON& Tower with Radar,10,49,45,0,104,0,24,21,3,48,10,73,66,3,152,104,0,104,256
01/19/2016,FAR,ND,AGL,CE,Combined TRACON& Tower with Radar,6,43,50,3,102,0,4,0,4,8,6,47,50,7,110,6,0,6,116
01/20/2016,FAR,ND,AGL,CE,Combined TRACON& Tower with Radar,12,48,30,1,91,0,0,0,0,0,12,48,30,1,91,0,0,0,91
01/21/2016,FAR,ND,AGL,CE,Combined TRACON& Tower with Radar,10,43,57,18,128,0,0,15,3,18,10,43,72,21,146,26,22,48,194
01/22/2016,FAR,ND,AGL,CE,Combined TRACON& Tower with Radar,11,39,36,0,86,0,0,29,0,29,11,39,65,0,115,56,0,56,171
01/23/2016,FAR,ND,AGL,CE,Combined TRACON& Tower with Radar,12,27,29,0,68,0,2,9,0,11,12,29,38,0,79,0,0,0,79
01/24/2016,FAR,ND,AGL,CE,Combined TRACON& Tower with Radar,10,32,14,0,56,0,0,0,0,0,10,32,14,0,56,0,0,0,56
01/25/2016,FAR,ND,AGL,CE,Combined TRACON& Tower with Radar,10,46,32,6,94,0,0,2,0,2,10,46,34,6,96,30,0,30,126
01/26/2016,FAR,ND,AGL,CE,Combined TRACON& Tower with Radar,6,46,31,5,88,0,6,18,0,24,6,52,49,5,112,6,0,6,118
01/27/2016,FAR,ND,AGL,CE,Combined TRACON& Tower with Radar,8,46,38,0,92,0,4,23,4,31,8,50,61,4,123,36,0,36,159
01/28/2016,FAR,ND,AGL,CE,Combined TRACON& Tower with Radar,10,44,59,8,121,0,0,7,3,10,10,44,66,11,131,4,8,12,143
01/29/2016,FAR,ND,AGL,CE,Combined TRACON& Tower with Radar,11,52,33,2,98,0,9,20,2,31,11,61,53,4,129,34,2,36,165
01/30/2016,FAR,ND,AGL,CE,Combined TRACON& Tower with Radar,10,46,23,0,79,0,25,59,2,86,10,71,82,2,165,115,2,117,282
01/31/2016,FAR,ND,AGL,CE,Combined TRACON& Tower with Radar,11,36,28,0,75,0,0,29,1,30,11,36,57,1,105,115,0,115,220
02/01/2016,FAR,ND,AGL,CE,Combined TRACON& Tower with Radar,12,53,45,1,111,0,2,14,3,19,12,55,59,4,130,0,0,0,130
02/02/2016,FAR,ND,AGL,CE,Combined TRACON& Tower with Radar,11,34,33,2,80,0,0,1,1,2,11,34,34,3,82,34,10,44,126
02/03/2016,FAR,ND,AGL,CE,Combined TRACON& Tower with Radar,11,50,40,2,103,0,12,22,3,37,11,62,62,5,140,34,0,34,174
02/04/2016,FAR,ND,AGL,CE,Combined TRACON& Tower with Radar,14,48,54,0,116,0,14,10,4,28,14,62,64,4,144,58,10,68,212
02/05/2016,FAR,ND,AGL,CE,Combined TRACON& Tower with Radar,11,53,31,0,95,0,7,23,4,34,11,60,54,4,129,29,0,29,158
02/06/2016,FAR,ND,AGL,CE,Combined TRACON& Tower with Radar,9,39,20,0,68,0,6,24,4,34,9,45,44,4,102,46,0,46,148
02/07/2016,FAR,ND,AGL,CE,Combined TRACON& Tower with Radar,9,29,1,0,39,0,0,0,0,0,9,29,1,0,39,0,0,0,39
02/08/2016,FAR,ND,AGL,CE,Combined TRACON& Tower with Radar,13,47,23,0,83,0,0,2,0,2,13,47,25,0,85,0,0,0,85
02/09/2016,FAR,ND,AGL,CE,Combined TRACON& Tower with Radar,8,61,49,1,119,0,19,28,5,52,8,80,77,6,171,58,0,58,229
02/10/2016,FAR,ND,AGL,CE,Combined TRACON& Tower with Radar,10,41,52,1,104,0,3,6,1,10,10,44,58,2,114,26,0,26,140
02/11/2016,FAR,ND,AGL,CE,Combined TRACON& Tower with Radar,11,46,63,0,120,0,4,20,9,33,11,50,83,9,153,54,0,54,207
02/12/2016,FAR,ND,AGL,CE,Combined TRACON& Tower with Radar,12,55,57,2,126,0,16,16,0,32,12,71,73,2,158,52,0,52,210
02/13/2016,FAR,ND,AGL,CE,Combined TRACON& Tower with Radar,7,40,10,0,57,0,5,12,4,21,7,45,22,4,78,22,0,22,100
02/14/2016,FAR,ND,AGL,CE,Combined TRACON& Tower with Radar,12,28,18,0,58,0,0,1,0,1,12,28,19,0,59,0,0,0,59
02/15/2016,FAR,ND,AGL,CE,Combined TRACON& Tower with Radar,12,46,43,0,101,0,0,25,0,25,12,46,68,0,126,76,0,76,202
02/16/2016,FAR,ND,AGL,CE,Combined TRACON& Tower with Radar,12,39,46,0,97,0,0,16,2,18,12,39,62,2,115,2,0,2,117
02/17/2016,FAR,ND,AGL,CE,Combined TRACON& Tower with Radar,14,43,63,0,120,0,1,19,4,24,14,44,82,4,144,88,8,96,240
02/18/2016,FAR,ND,AGL,CE,Combined TRACON& Tower with Radar,12,47,41,1,101,0,0,3,7,10,12,47,44,8,111,8,2,10,121
02/19/2016,FAR,ND,AGL,CE,Combined TRACON& Tower with Radar,13,74,31,0,118,0,14,13,0,27,13,88,44,0,145,112,0,112,257
02/20/2016,FAR,ND,AGL,CE,Combined TRACON& Tower with Radar,11,31,23,0,65,0,0,12,3,15,11,31,35,3,80,64,0,64,144
02/21/2016,FAR,ND,AGL,CE,Combined TRACON& Tower with Radar,11,31,21,0,63,0,0,18,2,20,11,31,39,2,83,30,0,30,113
02/22/2016,FAR,ND,AGL,CE,Combined TRACON& Tower with Radar,14,44,25,0,83,0,1,18,0,19,14,45,43,0,102,84,0,84,186
02/23/2016,FAR,ND,AGL,CE,Combined TRACON& Tower with Radar,10,34,34,2,80,0,0,1,2,3,10,34,35,4,83,30,0,30,113
02/24/2016,FAR,ND,AGL,CE,Combined TRACON& Tower with Radar,14,38,58,2,112,0,0,22,4,26,14,38,80,6,138,12,0,12,150
02/25/2016,FAR,ND,AGL,CE,Combined TRACON& Tower with Radar,12,51,57,0,120,0,4,18,4,26,12,55,75,4,146,30,0,30,176
02/26/2016,FAR,ND,AGL,CE,Combined TRACON& Tower with Radar,14,57,45,2,118,0,22,53,4,79,14,79,98,6,197,124,2,126,323
02/27/2016,FAR,ND,AGL,CE,Combined TRACON& Tower with Radar,10,55,8,0,73,0,12,59,0,71,10,67,67,0,144,148,0,148,292
02/28/2016,FAR,ND,AGL,CE,Combined TRACON& Tower with Radar,13,34,17,0,64,0,0,9,2,11,13,34,26,2,75,0,0,0,75
02/29/2016,FAR,ND,AGL,CE,Combined TRACON& Tower with Radar,15,59,35,2,111,0,9,32,2,43,15,68,67,4,154,89,0,89,243
03/01/2016,FAR,ND,AGL,CE,Combined TRACON& Tower with Radar,9,46,45,2,102,0,19,42,2,63,9,65,87,4,165,66,0,66,231
03/02/2016,FAR,ND,AGL,CE,Combined TRACON& Tower with Radar,18,36,45,0,99,0,2,28,1,31,18,38,73,1,130,58,0,58,188
03/03/2016,FAR,ND,AGL,CE,Combined TRACON& Tower with Radar,14,60,48,2,124,0,6,30,4,40,14,66,78,6,164,48,2,50,214
03/04/2016,FAR,ND,AGL,CE,Combined TRACON& Tower with Radar,16,41,32,0,89,0,0,4,4,8,16,41,36,4,97,34,4,38,135
03/05/2016,FAR,ND,AGL,CE,Combined TRACON& Tower with Radar,12,49,18,1,80,0,2,24,6,32,12,51,42,7,112,18,0,18,130
03/06/2016,FAR,ND,AGL,CE,Combined TRACON& Tower with Radar,13,37,21,0,71,0,3,56,4,63,13,40,77,4,134,98,0,98,232
03/07/2016,FAR,ND,AGL,CE,Combined TRACON& Tower with Radar,15,77,32,0,124,0,2,30,0,32,15,79,62,0,156,80,0,80,236
03/08/2016,FAR,ND,AGL,CE,Combined TRACON& Tower with Radar,12,36,40,0,88,0,0,0,0,0,12,36,40,0,88,10,0,10,98
03/09/2016,FAR,ND,AGL,CE,Combined TRACON& Tower with Radar,18,32,54,0,104,0,0,1,0,1,18,32,55,0,105,0,0,0,105
03/10/2016,FAR,ND,AGL,CE,Combined TRACON& Tower with Radar,14,40,47,2,103,0,0,14,1,15,14,40,61,3,118,38,0,38,156
03/11/2016,FAR,ND,AGL,CE,Combined TRACON& Tower with Radar,16,90,42,0,148,0,24,59,0,83,16,114,101,0,231,186,0,186,417
03/12/2016,FAR,ND,AGL,CE,Combined TRACON& Tower with Radar,12,51,32,0,95,0,12,41,0,53,12,63,73,0,148,100,0,100,248
03/13/2016,FAR,ND,AGL,CE,Combined TRACON& Tower with Radar,13,36,22,0,71,0,0,0,0,0,13,36,22,0,71,14,0,14,85
03/14/2016,FAR,ND,AGL,CE,Combined TRACON& Tower with Radar,19,45,32,0,96,0,5,17,0,22,19,50,49,0,118,33,0,33,151
03/15/2016,FAR,ND,AGL,CE,Combined TRACON& Tower with Radar,12,63,75,15,165,0,9,25,5,39,12,72,100,20,204,52,36,88,292
03/16/2016,FAR,ND,AGL,CE,Combined TRACON& Tower with Radar,18,37,50,12,117,0,3,28,4,35,18,40,78,16,152,32,30,62,214
03/17/2016,FAR,ND,AGL,CE,Combined TRACON& Tower with Radar,13,40,41,1,95,0,0,0,0,0,13,40,41,1,95,0,0,0,95
03/18/2016,FAR,ND,AGL,CE,Combined TRACON& Tower with Radar,20,34,44,2,100,0,0,7,0,7,20,34,51,2,107,24,0,24,131
03/19/2016,FAR,ND,AGL,CE,Combined TRACON& Tower with Radar,14,42,12,6,74,0,14,12,0,26,14,56,24,6,100,36,0,36,136
03/20/2016,FAR,ND,AGL,CE,Combined TRACON& Tower with Radar,15,36,36,0,87,0,2,28,2,32,15,38,64,2,119,68,0,68,187
03/21/2016,FAR,ND,AGL,CE,Combined TRACON& Tower with Radar,17,60,40,0,117,0,14,36,0,50,17,74,76,0,167,46,0,46,213
03/22/2016,FAR,ND,AGL,CE,Combined TRACON& Tower with Radar,15,50,54,5,124,0,16,47,6,69,15,66,101,11,193,54,6,60,253
03/23/2016,FAR,ND,AGL,CE,Combined TRACON& Tower with Radar,16,44,59,0,119,0,17,26,0,43,16,61,85,0,162,124,0,124,286
03/24/2016,FAR,ND,AGL,CE,Combined TRACON& Tower with Radar,14,40,60,2,116,0,0,43,2,45,14,40,103,4,161,42,2,44,205
03/25/2016,FAR,ND,AGL,CE,Combined TRACON& Tower with Radar,16,37,30,0,83,0,0,9,0,9,16,37,39,0,92,36,0,36,128
03/26/2016,FAR,ND,AGL,CE,Combined TRACON& Tower with Radar,12,39,10,0,61,0,16,39,0,55,12,55,49,0,116,48,0,48,164
03/27/2016,FAR,ND,AGL,CE,Combined TRACON& Tower with Radar,14,24,13,0,51,0,0,20,4,24,14,24,33,4,75,40,0,40,115
03/28/2016,FAR,ND,AGL,CE,Combined TRACON& Tower with Radar,16,65,37,0,118,0,11,29,2,42,16,76,66,2,160,62,0,62,222
03/29/2016,FAR,ND,AGL,CE,Combined TRACON& Tower with Radar,12,45,37,0,94,0,2,39,1,42,12,47,76,1,136,30,0,30,166
03/30/2016,FAR,ND,AGL,CE,Combined TRACON& Tower with Radar,20,46,44,6,116,0,7,8,2,17,20,53,52,8,133,60,4,64,197
03/31/2016,FAR,ND,AGL,CE,Combined TRACON& Tower with Radar,14,46,58,2,120,0,2,26,4,32,14,48,84,6,152,82,0,82,234
04/01/2016,FAR,ND,AGL,CE,Combined TRACON& Tower with Radar,16,46,28,1,91,0,2,32,5,39,16,48,60,6,130,12,0,12,142
04/02/2016,FAR,ND,AGL,CE,Combined TRACON& Tower with Radar,14,49,24,0,87,0,24,27,4,55,14,73,51,4,142,84,0,84,226
04/03/2016,FAR,ND,AGL,CE,Combined TRACON& Tower with Radar,14,28,31,0,73,0,8,24,2,34,14,36,55,2,107,14,0,14,121
04/04/2016,FAR,ND,AGL,CE,Combined TRACON& Tower with Radar,14,55,32,2,103,0,18,46,9,73,14,73,78,11,176,134,0,134,310
04/05/2016,FAR,ND,AGL,CE,Combined TRACON& Tower with Radar,10,42,54,2,108,0,1,12,0,13,10,43,66,2,121,32,12,44,165
04/06/2016,FAR,ND,AGL,CE,Combined TRACON& Tower with Radar,14,37,35,4,90,0,0,2,0,2,14,37,37,4,92,2,0,2,94
04/07/2016,FAR,ND,AGL,CE,Combined TRACON& Tower with Radar,12,40,52,0,104,0,0,7,6,13,12,40,59,6,117,0,0,0,117
04/08/2016,FAR,ND,AGL,CE,Combined TRACON& Tower with Radar,16,40,34,0,90,0,10,30,3,43,16,50,64,3,133,30,0,30,163
04/09/2016,FAR,ND,AGL,CE,Combined TRACON& Tower with Radar,12,20,6,0,38,0,2,11,3,16,12,22,17,3,54,14,0,14,68
04/10/2016,FAR,ND,AGL,CE,Combined TRACON& Tower with Radar,14,26,40,0,80,0,0,15,3,18,14,26,55,3,98,18,0,18,116
04/11/2016,FAR,ND,AGL,CE,Combined TRACON& Tower with Radar,16,54,27,0,97,0,6,22,0,28,16,60,49,0,125,52,0,52,177
04/12/2016,FAR,ND,AGL,CE,Combined TRACON& Tower with Radar,10,63,45,0,118,0,16,31,4,51,10,79,76,4,169,96,2,98,267
04/13/2016,FAR,ND,AGL,CE,Combined TRACON& Tower with Radar,16,59,41,0,116,0,14,56,0,70,16,73,97,0,186,100,0,100,286
04/14/2016,FAR,ND,AGL,CE,Combined TRACON& Tower with Radar,12,53,81,1,147,0,7,50,4,61,12,60,131,5,208,114,14,128,336
04/15/2016,FAR,ND,AGL,CE,Combined TRACON& Tower with Radar,18,38,22,0,78,0,0,15,1,16,18,38,37,1,94,6,10,16,110
04/16/2016,FAR,ND,AGL,CE,Combined TRACON& Tower with Radar,12,37,34,0,83,0,1,15,0,16,12,38,49,0,99,80,0,80,179
04/17/2016,FAR,ND,AGL,CE,Combined TRACON& Tower with Radar,12,31,40,0,83,0,0,7,0,7,12,31,47,0,90,12,0,12,102
04/18/2016,FAR,ND,AGL,CE,Combined TRACON& Tower with Radar,14,78,34,0,126,0,1,3,0,4,14,79,37,0,130,8,0,8,138
04/19/2016,FAR,ND,AGL,CE,Combined TRACON& Tower with Radar,14,71,31,0,116,0,0,2,0,2,14,71,33,0,118,0,0,0,118
04/20/2016,FAR,ND,AGL,CE,Combined TRACON& Tower with Radar,14,53,42,3,112,0,2,22,2,26,14,55,64,5,138,100,8,108,246
04/21/2016,FAR,ND,AGL,CE,Combined TRACON& Tower with Radar,11,43,52,0,106,0,4,33,15,52,11,47,85,15,158,46,24,70,228
04/22/2016,FAR,ND,AGL,CE,Combined TRACON& Tower with Radar,15,55,49,4,123,0,14,79,3,96,15,69,128,7,219,148,6,154,373
04/23/2016,FAR,ND,AGL,CE,Combined TRACON& Tower with Radar,11,27,11,2,51,0,4,33,2,39,11,31,44,4,90,36,0,36,126
04/24/2016,FAR,ND,AGL,CE,Combined TRACON& Tower with Radar,12,27,16,0,55,0,0,2,0,2,12,27,18,0,57,0,0,0,57
04/25/2016,FAR,ND,AGL,CE,Combined TRACON& Tower with Radar,10,36,28,0,74,0,0,3,0,3,10,36,31,0,77,0,0,0,77
04/26/2016,FAR,ND,AGL,CE,Combined TRACON& Tower with Radar,12,47,36,0,95,0,2,20,1,23,12,49,56,1,118,108,0,108,226
04/27/2016,FAR,ND,AGL,CE,Combined TRACON& Tower with Radar,12,55,52,2,121,0,6,34,6,46,12,61,86,8,167,86,0,86,253
04/28/2016,FAR,ND,AGL,CE,Combined TRACON& Tower with Radar,12,58,38,1,109,0,9,55,10,74,12,67,93,11,183,96,2,98,281
04/29/2016,FAR,ND,AGL,CE,Combined TRACON& Tower with Radar,14,54,45,2,115,0,7,52,0,59,14,61,97,2,174,94,0,94,268
04/30/2016,FAR,ND,AGL,CE,Combined TRACON& Tower with Radar,8,23,21,0,52,0,3,37,4,44,8,26,58,4,96,78,0,78,174
05/01/2016,FAR,ND,AGL,CE,Combined TRACON& Tower with Radar,10,39,32,0,81,0,0,39,0,39,10,39,71,0,120,29,0,29,149
05/02/2016,FAR,ND,AGL,CE,Combined TRACON& Tower with Radar,12,78,48,0,138,0,13,52,4,69,12,91,100,4,207,142,0,142,349
05/03/2016,FAR,ND,AGL,CE,Combined TRACON& Tower with Radar,8,39,51,2,100,0,4,17,2,23,8,43,68,4,123,36,0,36,159
05/04/2016,FAR,ND,AGL,CE,Combined TRACON& Tower with Radar,10,80,42,0,132,0,15,58,6,79,10,95,100,6,211,170,4,174,385
05/05/2016,FAR,ND,AGL,CE,Combined TRACON& Tower with Radar,10,65,64,0,139,0,10,45,12,67,10,75,109,12,206,78,18,96,302
05/06/2016,FAR,ND,AGL,CE,Combined TRACON& Tower with Radar,11,53,43,0,107,0,2,23,0,25,11,55,66,0,132,26,0,26,158
05/07/2016,FAR,ND,AGL,CE,Combined TRACON& Tower with Radar,7,46,27,8,88,0,11,37,2,50,7,57,64,10,138,18,16,34,172
05/08/2016,FAR,ND,AGL,CE,Combined TRACON& Tower with Radar,10,47,22,0,79,0,3,28,2,33,10,50,50,2,112,12,0,12,124
05/09/2016,FAR,ND,AGL,CE,Combined TRACON& Tower with Radar,12,44,26,0,82,0,2,26,2,30,12,46,52,2,112,4,0,4,116
05/10/2016,FAR,ND,AGL,CE,Combined TRACON& Tower with Radar,8,68,39,1,116,0,0,3,1,4,8,68,42,2,120,36,4,40,160
05/11/2016,FAR,ND,AGL,CE,Combined TRACON& Tower with Radar,10,67,60,23,160,0,9,32,6,47,10,76,92,29,207,60,66,126,333
05/12/2016,FAR,ND,AGL,CE,Combined TRACON& Tower with Radar,10,57,41,0,108,0,7,24,0,31,10,64,65,0,139,10,0,10,149
05/13/2016,FAR,ND,AGL,CE,Combined TRACON& Tower with Radar,11,42,32,8,93,0,0,17,5,22,11,42,49,13,115,20,6,26,141
05/14/2016,FAR,ND,AGL,CE,Combined TRACON& Tower with Radar,8,41,13,3,65,0,5,187,10,202,8,46,200,13,267,328,10,338,605
05/15/2016,FAR,ND,AGL,CE,Combined TRACON& Tower with Radar,10,52,33,0,95,0,4,200,2,206,10,56,233,2,301,317,0,317,618
05/16/2016,FAR,ND,AGL,CE,Combined TRACON& Tower with Radar,11,68,58,0,137,0,10,56,0,66,11,78,114,0,203,112,0,112,315
05/17/2016,FAR,ND,AGL,CE,Combined TRACON& Tower with Radar,11,54,57,0,122,0,8,55,4,67,11,62,112,4,189,52,0,52,241
05/18/2016,FAR,ND,AGL,CE,Combined TRACON& Tower with Radar,12,56,65,0,133,0,8,55,0,63,12,64,120,0,196,104,0,104,300
05/19/2016,FAR,ND,AGL,CE,Combined TRACON& Tower with Radar,10,45,59,0,114,0,12,58,2,72,10,57,117,2,186,142,0,142,328
05/20/2016,FAR,ND,AGL,CE,Combined TRACON& Tower with Radar,12,51,49,2,114,0,9,54,0,63,12,60,103,2,177,162,0,162,339
05/21/2016,FAR,ND,AGL,CE,Combined TRACON& Tower with Radar,8,24,26,0,58,0,10,37,3,50,8,34,63,3,108,88,0,88,196
05/22/2016,FAR,ND,AGL,CE,Combined TRACON& Tower with Radar,12,34,31,0,77,0,0,29,0,29,12,34,60,0,106,16,0,16,122
05/23/2016,FAR,ND,AGL,CE,Combined TRACON& Tower with Radar,14,56,45,21,136,0,6,33,0,39,14,62,78,21,175,104,48,152,327
05/24/2016,FAR,ND,AGL,CE,Combined TRACON& Tower with Radar,8,49,61,8,126,0,5,78,4,87,8,54,139,12,213,184,18,202,415
05/25/2016,FAR,ND,AGL,CE,Combined TRACON& Tower with Radar,9,36,63,2,110,0,2,11,0,13,9,38,74,2,123,24,0,24,147
05/26/2016,FAR,ND,AGL,CE,Combined TRACON& Tower with Radar,11,55,57,5,128,0,4,42,3,49,11,59,99,8,177,24,12,36,213
05/27/2016,FAR,ND,AGL,CE,Combined TRACON& Tower with Radar,14,48,31,2,95,0,3,26,0,29,14,51,57,2,124,38,4,42,166
05/28/2016,FAR,ND,AGL,CE,Combined TRACON& Tower with Radar,6,38,18,0,62,0,2,20,0,22,6,40,38,0,84,32,0,32,116
05/29/2016,FAR,ND,AGL,CE,Combined TRACON& Tower with Radar,5,35,8,0,48,0,0,14,0,14,5,35,22,0,62,0,0,0,62
05/30/2016,FAR,ND,AGL,CE,Combined TRACON& Tower with Radar,15,40,7,2,64,0,3,24,0,27,15,43,31,2,91,32,0,32,123
05/31/2016,FAR,ND,AGL,CE,Combined TRACON& Tower with Radar,6,48,31,1,86,0,0,21,5,26,6,48,52,6,112,28,8,36,148
06/01/2016,FAR,ND,AGL,CE,Combined TRACON& Tower with Radar,10,52,79,2,143,0,2,10,0,12,10,54,89,2,155,38,0,38,193
06/02/2016,FAR,ND,AGL,CE,Combined TRACON& Tower with Radar,10,65,67,15,157,0,4,47,2,53,10,69,114,17,210,88,12,100,310
06/03/2016,FAR,ND,AGL,CE,Combined TRACON& Tower with Radar,10,58,25,0,93,0,3,14,2,19,10,61,39,2,112,44,0,44,156
06/04/2016,FAR,ND,AGL,CE,Combined TRACON& Tower with Radar,18,38,14,2,72,0,1,14,3,18,18,39,28,5,90,24,2,26,116
06/05/2016,FAR,ND,AGL,CE,Combined TRACON& Tower with Radar,10,46,19,2,77,0,7,27,6,40,10,53,46,8,117,38,0,38,155
06/06/2016,FAR,ND,AGL,CE,Combined TRACON& Tower with Radar,12,59,48,0,119,0,0,9,6,15,12,59,57,6,134,6,0,6,140
06/07/2016,FAR,ND,AGL,CE,Combined TRACON& Tower with Radar,8,50,42,0,100,0,4,78,5,87,8,54,120,5,187,96,0,96,283
06/08/2016,FAR,ND,AGL,CE,Combined TRACON& Tower with Radar,12,57,50,7,126,0,14,45,6,65,12,71,95,13,191,190,2,192,383
06/09/2016,FAR,ND,AGL,CE,Combined TRACON& Tower with Radar,12,59,61,0,132,0,16,46,6,68,12,75,107,6,200,110,12,122,322
06/10/2016,FAR,ND,AGL,CE,Combined TRACON& Tower with Radar,14,56,45,15,130,0,6,41,15,62,14,62,86,30,192,104,26,130,322
06/11/2016,FAR,ND,AGL,CE,Combined TRACON& Tower with Radar,12,44,19,1,76,0,10,19,4,33,12,54,38,5,109,53,0,53,162
06/12/2016,FAR,ND,AGL,CE,Combined TRACON& Tower with Radar,10,39,33,2,84,0,0,16,2,18,10,39,49,4,102,4,0,4,106
06/13/2016,FAR,ND,AGL,CE,Combined TRACON& Tower with Radar,12,49,31,30,122,0,0,46,1,47,12,49,77,31,169,76,44,120,289
06/14/2016,FAR,ND,AGL,CE,Combined TRACON& Tower with Radar,22,43,43,5,113,0,0,12,0,12,22,43,55,5,125,66,12,78,203
06/15/2016,FAR,ND,AGL,CE,Combined TRACON& Tower with Radar,16,78,64,10,168,0,12,11,7,30,16,90,75,17,198,94,32,126,324
06/16/2016,FAR,ND,AGL,CE,Combined TRACON& Tower with Radar,13,70,74,0,157,0,12,42,11,65,13,82,116,11,222,102,2,104,326
06/17/2016,FAR,ND,AGL,CE,Combined TRACON& Tower with Radar,14,75,39,0,128,0,4,35,3,42,14,79,74,3,170,124,0,124,294
06/18/2016,FAR,ND,AGL,CE,Combined TRACON& Tower with Radar,10,50,9,0,69,0,6,15,1,22,10,56,24,1,91,52,0,52,143
06/19/2016,FAR,ND,AGL,CE,Combined TRACON& Tower with Radar,11,52,30,0,93,0,2,24,1,27,11,54,54,1,120,32,0,32,152
06/20/2016,FAR,ND,AGL,CE,Combined TRACON& Tower with Radar,17,64,25,0,106,0,3,27,2,32,17,67,52,2,138,40,0,40,178
06/21/2016,FAR,ND,AGL,CE,Combined TRACON& Tower with Radar,9,51,52,0,112,0,5,57,3,65,9,56,109,3,177,128,4,132,309
06/22/2016,FAR,ND,AGL,CE,Combined TRACON& Tower with Radar,14,73,52,0,139,0,12,34,3,49,14,85,86,3,188,144,0,144,332
06/23/2016,FAR,ND,AGL,CE,Combined TRACON& Tower with Radar,12,64,62,0,138,0,20,69,9,98,12,84,131,9,236,264,20,284,520
06/24/2016,FAR,ND,AGL,CE,Combined TRACON& Tower with Radar,16,57,30,0,103,0,4,32,3,39,16,61,62,3,142,42,0,42,184
06/25/2016,FAR,ND,AGL,CE,Combined TRACON& Tower with Radar,10,52,23,0,85,0,4,28,1,33,10,56,51,1,118,53,0,53,171
06/26/2016,FAR,ND,AGL,CE,Combined TRACON& Tower with Radar,8,31,23,0,62,0,0,15,5,20,8,31,38,5,82,6,0,6,88
06/27/2016,FAR,ND,AGL,CE,Combined TRACON& Tower with Radar,18,80,35,6,139,0,1,24,2,27,18,81,59,8,166,100,28,128,294
06/28/2016,FAR,ND,AGL,CE,Combined TRACON& Tower with Radar,12,59,61,1,133,0,5,67,3,75,12,64,128,4,208,104,0,104,312
06/29/2016,FAR,ND,AGL,CE,Combined TRACON& Tower with Radar,14,54,53,1,122,0,12,39,2,53,14,66,92,3,175,148,2,150,325
06/30/2016,FAR,ND,AGL,CE,Combined TRACON& Tower with Radar,16,77,75,3,171,0,19,36,6,61,16,96,111,9,232,118,12,130,362
07/01/2016,FAR,ND,AGL,CE,Combined TRACON& Tower with Radar,17,63,33,1,114,0,5,59,0,64,17,68,92,1,178,82,0,82,260
07/02/2016,FAR,ND,AGL,CE,Combined TRACON& Tower with Radar,7,28,24,0,59,0,0,25,1,26,7,28,49,1,85,38,0,38,123
07/03/2016,FAR,ND,AGL,CE,Combined TRACON& Tower with Radar,7,22,10,0,39,0,0,14,4,18,7,22,24,4,57,18,0,18,75
07/04/2016,FAR,ND,AGL,CE,Combined TRACON& Tower with Radar,8,25,14,0,47,0,1,13,0,14,8,26,27,0,61,0,0,0,61
07/05/2016,FAR,ND,AGL,CE,Combined TRACON& Tower with Radar,24,49,28,10,111,0,2,28,0,30,24,51,56,10,141,48,18,66,207
07/06/2016,FAR,ND,AGL,CE,Combined TRACON& Tower with Radar,20,63,44,2,129,0,4,43,3,50,20,67,87,5,179,72,0,72,251
07/07/2016,FAR,ND,AGL,CE,Combined TRACON& Tower with Radar,14,53,33,0,100,0,0,14,0,14,14,53,47,0,114,72,0,72,186
07/08/2016,FAR,ND,AGL,CE,Combined TRACON& Tower with Radar,3,62,38,0,103,0,4,53,0,57,3,66,91,0,160,36,0,36,196
07/09/2016,FAR,ND,AGL,CE,Combined TRACON& Tower with Radar,7,51,17,0,75,0,1,40,0,41,7,52,57,0,116,40,0,40,156
07/10/2016,FAR,ND,AGL,CE,Combined TRACON& Tower with Radar,17,39,25,0,81,0,0,15,0,15,17,39,40,0,96,18,0,18,114
07/11/2016,FAR,ND,AGL,CE,Combined TRACON& Tower with Radar,14,41,26,2,83,0,3,3,0,6,14,44,29,2,89,10,0,10,99
07/12/2016,FAR,ND,AGL,CE,Combined TRACON& Tower with Radar,11,42,55,2,110,0,0,37,3,40,11,42,92,5,150,34,0,34,184
07/13/2016,FAR,ND,AGL,CE,Combined TRACON& Tower with Radar,13,67,60,0,140,0,3,16,1,20,13,70,76,1,160,34,0,34,194
07/14/2016,FAR,ND,AGL,CE,Combined TRACON& Tower with Radar,15,79,64,17,175,0,14,18,6,38,15,93,82,23,213,42,30,72,285
07/15/2016,FAR,ND,AGL,CE,Combined TRACON& Tower with Radar,13,71,54,3,141,0,7,95,0,102,13,78,149,3,243,194,2,196,439
07/16/2016,FAR,ND,AGL,CE,Combined TRACON& Tower with Radar,8,53,28,0,89,0,7,39,8,54,8,60,67,8,143,118,0,118,261
07/17/2016,FAR,ND,AGL,CE,Combined TRACON& Tower with Radar,11,38,31,4,84,0,0,28,0,28,11,38,59,4,112,40,0,40,152
07/18/2016,FAR,ND,AGL,CE,Combined TRACON& Tower with Radar,14,57,52,1,124,0,14,51,1,66,14,71,103,2,190,84,0,84,274
07/19/2016,FAR,ND,AGL,CE,Combined TRACON& Tower with Radar,12,57,52,0,121,0,5,31,2,38,12,62,83,2,159,26,0,26,185
07/20/2016,FAR,ND,AGL,CE,Combined TRACON& Tower with Radar,14,63,61,0,138,0,0,27,0,27,14,63,88,0,165,62,0,62,227
07/21/2016,FAR,ND,AGL,CE,Combined TRACON& Tower with Radar,11,70,59,0,140,0,20,76,11,107,11,90,135,11,247,76,0,76,323
07/22/2016,FAR,ND,AGL,CE,Combined TRACON& Tower with Radar,13,65,37,0,115,0,13,58,0,71,13,78,95,0,186,114,0,114,300
07/23/2016,FAR,ND,AGL,CE,Combined TRACON& Tower with Radar,9,33,15,0,57,0,0,11,2,13,9,33,26,2,70,26,0,26,96
07/24/2016,FAR,ND,AGL,CE,Combined TRACON& Tower with Radar,9,33,30,0,72,0,0,54,2,56,9,33,84,2,128,6,0,6,134
07/25/2016,FAR,ND,AGL,CE,Combined TRACON& Tower with Radar,14,60,39,0,113,0,2,41,2,45,14,62,80,2,158,86,0,86,244
07/26/2016,FAR,ND,AGL,CE,Combined TRACON& Tower with Radar,10,40,65,0,115,0,3,25,2,30,10,43,90,2,145,62,0,62,207
07/27/2016,FAR,ND,AGL,CE,Combined TRACON& Tower with Radar,14,68,55,6,143,0,24,37,2,63,14,92,92,8,206,128,0,128,334
07/28/2016,FAR,ND,AGL,CE,Combined TRACON& Tower with Radar,11,54,63,13,141,0,22,60,8,90,11,76,123,21,231,196,20,216,447
07/29/2016,FAR,ND,AGL,CE,Combined TRACON& Tower with Radar,14,58,30,1,103,0,4,47,7,58,14,62,77,8,161,96,0,96,257
07/30/2016,FAR,ND,AGL,CE,Combined TRACON& Tower with Radar,7,46,32,0,85,0,7,22,0,29,7,53,54,0,114,28,0,28,142
07/31/2016,FAR,ND,AGL,CE,Combined TRACON& Tower with Radar,7,37,32,0,76,0,0,26,1,27,7,37,58,1,103,2,0,2,105
08/01/2016,FAR,ND,AGL,CE,Combined TRACON& Tower with Radar,14,51,30,0,95,0,0,32,1,33,14,51,62,1,128,18,0,18,146
08/02/2016,FAR,ND,AGL,CE,Combined TRACON& Tower with Radar,12,64,43,0,119,0,12,95,4,111,12,76,138,4,230,122,0,122,352
08/03/2016,FAR,ND,AGL,CE,Combined TRACON& Tower with Radar,12,50,37,1,100,0,0,40,3,43,12,50,77,4,143,58,0,58,201
08/04/2016,FAR,ND,AGL,CE,Combined TRACON& Tower with Radar,25,50,58,1,134,0,25,33,4,62,25,75,91,5,196,72,0,72,268
08/05/2016,FAR,ND,AGL,CE,Combined TRACON& Tower with Radar,18,51,36,0,105,0,4,54,2,60,18,55,90,2,165,86,2,88,253
08/06/2016,FAR,ND,AGL,CE,Combined TRACON& Tower with Radar,10,42,20,2,74,0,8,31,1,40,10,50,51,3,114,64,0,64,178
08/07/2016,FAR,ND,AGL,CE,Combined TRACON& Tower with Radar,8,36,19,0,63,0,0,42,0,42,8,36,61,0,105,74,0,74,179
08/08/2016,FAR,ND,AGL,CE,Combined TRACON& Tower with Radar,16,57,51,2,126,0,1,37,2,40,16,58,88,4,166,66,0,66,232
08/09/2016,FAR,ND,AGL,CE,Combined TRACON& Tower with Radar,14,53,56,0,123,0,5,48,2,55,14,58,104,2,178,130,0,130,308
08/10/2016,FAR,ND,AGL,CE,Combined TRACON& Tower with Radar,15,41,34,2,92,0,0,25,1,26,15,41,59,3,118,60,8,68,186
08/11/2016,FAR,ND,AGL,CE,Combined TRACON& Tower with Radar,20,55,50,26,151,0,20,16,2,38,20,75,66,28,189,108,46,154,343
08/12/2016,FAR,ND,AGL,CE,Combined TRACON& Tower with Radar,21,56,44,5,126,0,13,42,0,55,21,69,86,5,181,108,6,114,295
08/13/2016,FAR,ND,AGL,CE,Combined TRACON& Tower with Radar,11,31,16,3,61,0,5,26,1,32,11,36,42,4,93,38,0,38,131
08/14/2016,FAR,ND,AGL,CE,Combined TRACON& Tower with Radar,7,44,34,3,88,0,0,53,4,57,7,44,87,7,145,42,0,42,187
08/15/2016,FAR,ND,AGL,CE,Combined TRACON& Tower with Radar,19,65,39,0,123,0,8,53,3,64,19,73,92,3,187,62,0,62,249
08/16/2016,FAR,ND,AGL,CE,Combined TRACON& Tower with Radar,13,68,53,2,136,0,6,39,0,45,13,74,92,2,181,70,0,70,251
08/17/2016,FAR,ND,AGL,CE,Combined TRACON& Tower with Radar,11,49,61,0,121,0,12,55,5,72,11,61,116,5,193,144,8,152,345
08/18/2016,FAR,ND,AGL,CE,Combined TRACON& Tower with Radar,15,56,55,0,126,0,6,28,4,38,15,62,83,4,164,76,8,84,248
08/19/2016,FAR,ND,AGL,CE,Combined TRACON& Tower with Radar,15,67,40,1,123,0,7,44,5,56,15,74,84,6,179,148,0,148,327
08/20/2016,FAR,ND,AGL,CE,Combined TRACON& Tower with Radar,8,53,21,4,86,0,2,9,2,13,8,55,30,6,99,16,0,16,115
08/21/2016,FAR,ND,AGL,CE,Combined TRACON& Tower with Radar,13,29,44,1,87,0,0,37,4,41,13,29,81,5,128,54,0,54,182
08/22/2016,FAR,ND,AGL,CE,Combined TRACON& Tower with Radar,18,61,54,2,135,0,2,56,2,60,18,63,110,4,195,46,0,46,241
08/23/2016,FAR,ND,AGL,CE,Combined TRACON& Tower with Radar,12,41,43,2,98,0,0,27,4,31,12,41,70,6,129,4,0,4,133
08/24/2016,FAR,ND,AGL,CE,Combined TRACON& Tower with Radar,11,72,53,0,136,0,10,32,2,44,11,82,85,2,180,64,0,64,244
08/25/2016,FAR,ND,AGL,CE,Combined TRACON& Tower with Radar,16,55,62,0,133,0,10,22,2,34,16,65,84,2,167,110,4,114,281
08/26/2016,FAR,ND,AGL,CE,Combined TRACON& Tower with Radar,17,60,41,8,126,0,15,58,1,74,17,75,99,9,200,134,14,148,348
08/27/2016,FAR,ND,AGL,CE,Combined TRACON& Tower with Radar,12,23,16,0,51,0,0,15,2,17,12,23,31,2,68,30,2,32,100
08/28/2016,FAR,ND,AGL,CE,Combined TRACON& Tower with Radar,19,47,33,0,99,0,6,24,0,30,19,53,57,0,129,24,0,24,153
08/29/2016,FAR,ND,AGL,CE,Combined TRACON& Tower with Radar,16,63,45,8,132,0,10,32,0,42,16,73,77,8,174,150,16,166,340
08/30/2016,FAR,ND,AGL,CE,Combined TRACON& Tower with Radar,10,63,52,0,125,0,2,50,3,55,10,65,102,3,180,168,0,168,348
08/31/2016,FAR,ND,AGL,CE,Combined TRACON& Tower with Radar,10,49,47,0,106,0,4,81,2,87,10,53,128,2,193,148,0,148,341
09/01/2016,FAR,ND,AGL,CE,Combined TRACON& Tower with Radar,14,47,38,2,101,0,15,47,4,66,14,62,85,6,167,66,18,84,251
09/02/2016,FAR,ND,AGL,CE,Combined TRACON& Tower with Radar,14,38,29,0,81,0,6,18,3,27,14,44,47,3,108,38,4,42,150
09/03/2016,FAR,ND,AGL,CE,Combined TRACON& Tower with Radar,10,25,13,0,48,0,3,12,1,16,10,28,25,1,64,6,0,6,70
09/04/2016,FAR,ND,AGL,CE,Combined TRACON& Tower with Radar,10,18,10,0,38,0,0,11,4,15,10,18,21,4,53,10,0,10,63
09/05/2016,FAR,ND,AGL,CE,Combined TRACON& Tower with Radar,12,54,24,1,91,0,0,1,0,1,12,54,25,1,92,0,0,0,92
09/06/2016,FAR,ND,AGL,CE,Combined TRACON& Tower with Radar,10,54,41,0,105,0,10,43,1,54,10,64,84,1,159,152,0,152,311
09/07/2016,FAR,ND,AGL,CE,Combined TRACON& Tower with Radar,10,42,46,0,98,0,4,25,0,29,10,46,71,0,127,134,0,134,261
09/08/2016,FAR,ND,AGL,CE,Combined TRACON& Tower with Radar,14,60,84,0,158,0,13,48,5,66,14,73,132,5,224,154,0,154,378
09/09/2016,FAR,ND,AGL,CE,Combined TRACON& Tower with Radar,17,57,49,35,158,0,9,43,3,55,17,66,92,38,213,116,72,188,401
09/10/2016,FAR,ND,AGL,CE,Combined TRACON& Tower with Radar,15,32,21,4,72,0,23,73,7,103,15,55,94,11,175,158,0,158,333
09/11/2016,FAR,ND,AGL,CE,Combined TRACON& Tower with Radar,14,37,24,1,76,0,7,47,3,57,14,44,71,4,133,10,0,10,143
09/12/2016,FAR,ND,AGL,CE,Combined TRACON& Tower with Radar,14,56,40,0,110,0,11,25,3,39,14,67,65,3,149,46,2,48,197
09/13/2016,FAR,ND,AGL,CE,Combined TRACON& Tower with Radar,10,45,59,0,114,0,16,41,4,61,10,61,100,4,175,74,0,74,249
09/14/2016,FAR,ND,AGL,CE,Combined TRACON& Tower with Radar,12,49,59,0,120,0,16,53,0,69,12,65,112,0,189,102,0,102,291
09/15/2016,FAR,ND,AGL,CE,Combined TRACON& Tower with Radar,14,70,54,17,155,0,2,19,3,24,14,72,73,20,179,170,22,192,371
09/16/2016,FAR,ND,AGL,CE,Combined TRACON& Tower with Radar,16,49,64,4,133,0,0,13,0,13,16,49,77,4,146,34,0,34,180
09/17/2016,FAR,ND,AGL,CE,Combined TRACON& Tower with Radar,13,25,42,0,80,0,34,32,4,70,13,59,74,4,150,120,0,120,270
09/18/2016,FAR,ND,AGL,CE,Combined TRACON& Tower with Radar,13,34,29,0,76,0,8,30,0,38,13,42,59,0,114,28,0,28,142
09/19/2016,FAR,ND,AGL,CE,Combined TRACON& Tower with Radar,13,48,54,2,117,0,8,30,3,41,13,56,84,5,158,42,0,42,200
09/20/2016,FAR,ND,AGL,CE,Combined TRACON& Tower with Radar,11,51,54,0,116,0,12,29,0,41,11,63,83,0,157,176,0,176,333
09/21/2016,FAR,ND,AGL,CE,Combined TRACON& Tower with Radar,15,55,53,0,123,0,9,44,2,55,15,64,97,2,178,172,0,172,350
09/22/2016,FAR,ND,AGL,CE,Combined TRACON& Tower with Radar,19,56,47,1,123,0,22,26,9,57,19,78,73,10,180,132,0,132,312
09/23/2016,FAR,ND,AGL,CE,Combined TRACON& Tower with Radar,13,51,29,0,93,0,2,11,4,17,13,53,40,4,110,8,0,8,118
09/24/2016,FAR,ND,AGL,CE,Combined TRACON& Tower with Radar,12,22,16,0,50,0,0,4,0,4,12,22,20,0,54,14,0,14,68
09/25/2016,FAR,ND,AGL,CE,Combined TRACON& Tower with Radar,11,33,35,0,79,0,0,12,2,14,11,33,47,2,93,6,0,6,99
09/26/2016,FAR,ND,AGL,CE,Combined TRACON& Tower with Radar,15,50,39,0,104,0,2,30,2,34,15,52,69,2,138,62,0,62,200
09/27/2016,FAR,ND,AGL,CE,Combined TRACON& Tower with Radar,10,61,62,8,141,0,8,38,2,48,10,69,100,10,189,84,18,102,291
09/28/2016,FAR,ND,AGL,CE,Combined TRACON& Tower with Radar,10,44,73,2,129,0,11,33,1,45,10,55,106,3,174,106,0,106,280
09/29/2016,FAR,ND,AGL,CE,Combined TRACON& Tower with Radar,14,54,43,0,111,0,23,76,1,100,14,77,119,1,211,124,0,124,335
09/30/2016,FAR,ND,AGL,CE,Combined TRACON& Tower with Radar,15,54,51,2,122,0,8,66,0,74,15,62,117,2,196,190,0,190,386
10/01/2016,FAR,ND,AGL,CE,Combined TRACON& Tower with Radar,12,23,23,0,58,0,11,43,0,54,12,34,66,0,112,108,0,108,220
10/02/2016,FAR,ND,AGL,CE,Combined TRACON& Tower with Radar,19,30,25,0,74,0,4,36,0,40,19,34,61,0,114,32,0,32,146
10/03/2016,FAR,ND,AGL,CE,Combined TRACON& Tower with Radar,20,37,46,0,103,0,4,19,0,23,20,41,65,0,126,8,0,8,134
10/04/2016,FAR,ND,AGL,CE,Combined TRACON& Tower with Radar,14,39,52,0,105,0,0,4,0,4,14,39,56,0,109,6,0,6,115
10/05/2016,FAR,ND,AGL,CE,Combined TRACON& Tower with Radar,13,39,43,0,95,0,1,13,0,14,13,40,56,0,109,20,0,20,129
10/06/2016,FAR,ND,AGL,CE,Combined TRACON& Tower with Radar,14,71,58,0,143,0,11,38,4,53,14,82,96,4,196,132,0,132,328
10/07/2016,FAR,ND,AGL,CE,Combined TRACON& Tower with Radar,14,43,42,2,101,0,4,31,0,35,14,47,73,2,136,102,0,102,238
10/08/2016,FAR,ND,AGL,CE,Combined TRACON& Tower with Radar,11,33,24,2,70,0,5,47,0,52,11,38,71,2,122,70,0,70,192
10/09/2016,FAR,ND,AGL,CE,Combined TRACON& Tower with Radar,15,31,30,0,76,0,2,21,2,25,15,33,51,2,101,16,0,16,117
10/10/2016,FAR,ND,AGL,CE,Combined TRACON& Tower with Radar,14,57,44,2,117,0,9,46,2,57,14,66,90,4,174,130,0,130,304
10/11/2016,FAR,ND,AGL,CE,Combined TRACON& Tower with Radar,14,38,65,1,118,0,0,2,4,6,14,38,67,5,124,0,0,0,124
10/12/2016,FAR,ND,AGL,CE,Combined TRACON& Tower with Radar,12,49,38,2,101,0,9,32,3,44,12,58,70,5,145,148,0,148,293
10/13/2016,FAR,ND,AGL,CE,Combined TRACON& Tower with Radar,16,54,61,1,132,0,12,44,1,57,16,66,105,2,189,141,2,143,332
10/14/2016,FAR,ND,AGL,CE,Combined TRACON& Tower with Radar,16,56,63,11,146,0,6,34,0,40,16,62,97,11,186,108,0,108,294
10/15/2016,FAR,ND,AGL,CE,Combined TRACON& Tower with Radar,9,33,20,0,62,0,7,41,2,50,9,40,61,2,112,76,4,80,192
10/16/2016,FAR,ND,AGL,CE,Combined TRACON& Tower with Radar,12,37,22,5,76,0,2,18,0,20,12,39,40,5,96,6,2,8,104
10/17/2016,FAR,ND,AGL,CE,Combined TRACON& Tower with Radar,17,62,31,6,116,0,2,29,3,34,17,64,60,9,150,32,2,34,184
10/18/2016,FAR,ND,AGL,CE,Combined TRACON& Tower with Radar,12,42,44,0,98,0,4,28,0,32,12,46,72,0,130,110,0,110,240
10/19/2016,FAR,ND,AGL,CE,Combined TRACON& Tower with Radar,12,50,43,0,105,0,2,31,2,35,12,52,74,2,140,136,0,136,276
10/20/2016,FAR,ND,AGL,CE,Combined TRACON& Tower with Radar,14,57,59,0,130,0,6,48,13,67,14,63,107,13,197,152,58,210,407
10/21/2016,FAR,ND,AGL,CE,Combined TRACON& Tower with Radar,18,63,31,0,112,0,11,24,0,35,18,74,55,0,147,66,0,66,213
10/22/2016,FAR,ND,AGL,CE,Combined TRACON& Tower with Radar,9,43,25,0,77,0,16,47,0,63,9,59,72,0,140,78,2,80,220
10/23/2016,FAR,ND,AGL,CE,Combined TRACON& Tower with Radar,15,37,26,0,78,0,0,18,0,18,15,37,44,0,96,8,0,8,104
10/24/2016,FAR,ND,AGL,CE,Combined TRACON& Tower with Radar,16,56,51,0,123,0,11,31,0,42,16,67,82,0,165,50,0,50,215
10/25/2016,FAR,ND,AGL,CE,Combined TRACON& Tower with Radar,10,37,80,1,128,0,4,17,1,22,10,41,97,2,150,18,0,18,168
10/26/2016,FAR,ND,AGL,CE,Combined TRACON& Tower with Radar,10,49,70,4,133,0,0,0,0,0,10,49,70,4,133,48,0,48,181
10/27/2016,FAR,ND,AGL,CE,Combined TRACON& Tower with Radar,16,79,75,1,171,0,0,26,7,33,16,79,101,8,204,50,0,50,254
10/28/2016,FAR,ND,AGL,CE,Combined TRACON& Tower with Radar,16,65,56,1,138,0,0,28,0,28,16,65,84,1,166,90,0,90,256
10/29/2016,FAR,ND,AGL,CE,Combined TRACON& Tower with Radar,11,31,27,3,72,0,0,7,3,10,11,31,34,6,82,0,0,0,82
10/30/2016,FAR,ND,AGL,CE,Combined TRACON& Tower with Radar,15,35,38,0,88,0,2,19,2,23,15,37,57,2,111,52,0,52,163
10/31/2016,FAR,ND,AGL,CE,Combined TRACON& Tower with Radar,18,49,30,0,97,0,0,2,0,2,18,49,32,0,99,0,0,0,99
11/01/2016,FAR,ND,AGL,CE,Combined TRACON& Tower with Radar,16,67,63,0,146,0,6,39,3,48,16,73,102,3,194,150,0,150,344
11/02/2016,FAR,ND,AGL,CE,Combined TRACON& Tower with Radar,16,70,63,0,149,0,22,47,4,73,16,92,110,4,222,178,0,178,400
11/03/2016,FAR,ND,AGL,CE,Combined TRACON& Tower with Radar,19,59,63,4,145,0,24,63,6,93,19,83,126,10,238,128,0,128,366
11/04/2016,FAR,ND,AGL,CE,Combined TRACON& Tower with Radar,24,68,38,8,138,0,14,59,0,73,24,82,97,8,211,102,0,102,313
11/05/2016,FAR,ND,AGL,CE,Combined TRACON& Tower with Radar,16,40,21,4,81,0,18,39,2,59,16,58,60,6,140,102,0,102,242
11/06/2016,FAR,ND,AGL,CE,Combined TRACON& Tower with Radar,15,28,23,8,74,0,1,15,2,18,15,29,38,10,92,10,0,10,102
11/07/2016,FAR,ND,AGL,CE,Combined TRACON& Tower with Radar,17,48,23,0,88,0,22,31,0,53,17,70,54,0,141,142,2,144,285
11/08/2016,FAR,ND,AGL,CE,Combined TRACON& Tower with Radar,16,61,56,0,133,0,15,45,2,62,16,76,101,2,195,70,16,86,281
11/09/2016,FAR,ND,AGL,CE,Combined TRACON& Tower with Radar,20,66,39,0,125,0,18,30,0,48,20,84,69,0,173,122,0,122,295
11/10/2016,FAR,ND,AGL,CE,Combined TRACON& Tower with Radar,22,52,58,4,136,0,15,27,0,42,22,67,85,4,178,96,4,100,278
11/11/2016,FAR,ND,AGL,CE,Combined TRACON& Tower with Radar,23,57,16,0,96,0,22,51,0,73,23,79,67,0,169,148,0,148,317
11/12/2016,FAR,ND,AGL,CE,Combined TRACON& Tower with Radar,12,30,16,0,58,0,8,28,0,36,12,38,44,0,94,82,0,82,176
11/13/2016,FAR,ND,AGL,CE,Combined TRACON& Tower with Radar,18,24,26,4,72,0,4,29,4,37,18,28,55,8,109,54,0,54,163
11/14/2016,FAR,ND,AGL,CE,Combined TRACON& Tower with Radar,19,47,25,0,91,0,10,12,3,25,19,57,37,3,116,42,0,42,158
11/15/2016,FAR,ND,AGL,CE,Combined TRACON& Tower with Radar,18,73,71,0,162,0,18,65,5,88,18,91,136,5,250,90,0,90,340
11/16/2016,FAR,ND,AGL,CE,Combined TRACON& Tower with Radar,20,62,42,0,124,0,11,37,9,57,20,73,79,9,181,74,10,84,265
11/17/2016,FAR,ND,AGL,CE,Combined TRACON& Tower with Radar,24,55,67,0,146,0,0,5,0,5,24,55,72,0,151,2,0,2,153
11/18/2016,FAR,ND,AGL,CE,Combined TRACON& Tower with Radar,23,49,46,0,118,0,1,4,0,5,23,50,50,0,123,0,4,4,127
11/19/2016,FAR,ND,AGL,CE,Combined TRACON& Tower with Radar,12,39,25,0,76,0,10,39,4,53,12,49,64,4,129,92,2,94,223
11/20/2016,FAR,ND,AGL,CE,Combined TRACON& Tower with Radar,22,30,30,0,82,0,6,29,4,39,22,36,59,4,121,26,0,26,147
11/21/2016,FAR,ND,AGL,CE,Combined TRACON& Tower with Radar,17,52,42,0,111,0,5,35,0,40,17,57,77,0,151,100,0,100,251
11/22/2016,FAR,ND,AGL,CE,Combined TRACON& Tower with Radar,13,66,25,0,104,0,0,0,0,0,13,66,25,0,104,0,0,0,104
11/23/2016,FAR,ND,AGL,CE,Combined TRACON& Tower with Radar,23,59,34,0,116,0,0,0,0,0,23,59,34,0,116,18,0,18,134
11/24/2016,FAR,ND,AGL,CE,Combined TRACON& Tower with Radar,10,14,9,0,33,0,0,0,0,0,10,14,9,0,33,0,0,0,33
11/25/2016,FAR,ND,AGL,CE,Combined TRACON& Tower with Radar,15,45,15,0,75,0,6,37,0,43,15,51,52,0,118,106,0,106,224
11/26/2016,FAR,ND,AGL,CE,Combined TRACON& Tower with Radar,15,53,24,0,92,0,12,53,0,65,15,65,77,0,157,78,0,78,235
11/27/2016,FAR,ND,AGL,CE,Combined TRACON& Tower with Radar,21,28,21,0,70,0,0,0,0,0,21,28,21,0,70,0,0,0,70
11/28/2016,FAR,ND,AGL,CE,Combined TRACON& Tower with Radar,20,40,25,0,85,0,0,0,0,0,20,40,25,0,85,2,0,2,87
11/29/2016,FAR,ND,AGL,CE,Combined TRACON& Tower with Radar,18,54,37,12,121,0,0,0,0,0,18,54,37,12,121,0,10,10,131
11/30/2016,FAR,ND,AGL,CE,Combined TRACON& Tower with Radar,22,61,40,0,123,0,0,0,0,0,22,61,40,0,123,0,0,0,123
12/01/2016,FAR,ND,AGL,CE,Combined TRACON& Tower with Radar,24,58,52,0,134,0,0,1,8,9,24,58,53,8,143,16,0,16,159
12/02/2016,FAR,ND,AGL,CE,Combined TRACON& Tower with Radar,20,48,48,11,127,0,0,10,3,13,20,48,58,14,140,30,4,34,174
12/03/2016,FAR,ND,AGL,CE,Combined TRACON& Tower with Radar,15,26,21,0,62,0,0,20,2,22,15,26,41,2,84,38,0,38,122
12/04/2016,FAR,ND,AGL,CE,Combined TRACON& Tower with Radar,18,25,16,0,59,0,0,1,0,1,18,25,17,0,60,0,0,0,60
12/05/2016,FAR,ND,AGL,CE,Combined TRACON& Tower with Radar,22,41,49,0,112,0,0,5,0,5,22,41,54,0,117,44,0,44,161
12/06/2016,FAR,ND,AGL,CE,Combined TRACON& Tower with Radar,4,19,26,0,49,0,0,0,0,0,4,19,26,0,49,0,0,0,49
12/07/2016,FAR,ND,AGL,CE,Combined TRACON& Tower with Radar,27,61,36,0,124,0,0,0,0,0,27,61,36,0,124,0,0,0,124
12/08/2016,FAR,ND,AGL,CE,Combined TRACON& Tower with Radar,23,59,60,2,144,0,0,0,0,0,23,59,60,2,144,0,4,4,148
12/09/2016,FAR,ND,AGL,CE,Combined TRACON& Tower with Radar,20,56,53,0,129,0,7,27,0,34,20,63,80,0,163,106,0,106,269
12/10/2016,FAR,ND,AGL,CE,Combined TRACON& Tower with Radar,12,53,17,0,82,0,13,10,2,25,12,66,27,2,107,48,0,48,155
12/11/2016,FAR,ND,AGL,CE,Combined TRACON& Tower with Radar,17,15,16,0,48,0,0,2,0,2,17,15,18,0,50,0,0,0,50
12/12/2016,FAR,ND,AGL,CE,Combined TRACON& Tower with Radar,19,70,36,0,125,0,19,6,4,29,19,89,42,4,154,106,2,108,262
12/13/2016,FAR,ND,AGL,CE,Combined TRACON& Tower with Radar,18,77,39,0,134,0,14,10,2,26,18,91,49,2,160,72,0,72,232
12/14/2016,FAR,ND,AGL,CE,Combined TRACON& Tower with Radar,22,61,50,0,133,0,20,25,0,45,22,81,75,0,178,102,0,102,280
12/15/2016,FAR,ND,AGL,CE,Combined TRACON& Tower with Radar,22,77,38,1,138,0,12,11,7,30,22,89,49,8,168,8,4,12,180
12/16/2016,FAR,ND,AGL,CE,Combined TRACON& Tower with Radar,23,53,23,2,101,0,2,7,2,11,23,55,30,4,112,24,8,32,144
12/17/2016,FAR,ND,AGL,CE,Combined TRACON& Tower with Radar,21,59,26,2,108,0,9,3,0,12,21,68,29,2,120,32,0,32,152
12/18/2016,FAR,ND,AGL,CE,Combined TRACON& Tower with Radar,15,30,11,0,56,0,8,10,0,18,15,38,21,0,74,0,0,0,74
12/19/2016,FAR,ND,AGL,CE,Combined TRACON& Tower with Radar,14,58,31,0,103,0,7,30,0,37,14,65,61,0,140,62,0,62,202
12/20/2016,FAR,ND,AGL,CE,Combined TRACON& Tower with Radar,16,73,37,0,126,0,14,8,1,23,16,87,45,1,149,18,0,18,167
12/21/2016,FAR,ND,AGL,CE,Combined TRACON& Tower with Radar,18,62,26,1,107,0,0,14,5,19,18,62,40,6,126,12,0,12,138
12/22/2016,FAR,ND,AGL,CE,Combined TRACON& Tower with Radar,21,67,40,1,129,0,11,40,6,57,21,78,80,7,186,132,4,136,322
12/23/2016,FAR,ND,AGL,CE,Combined TRACON& Tower with Radar,19,66,34,0,119,0,4,42,1,47,19,70,76,1,166,144,0,144,310
12/24/2016,FAR,ND,AGL,CE,Combined TRACON& Tower with Radar,16,34,10,0,60,0,0,0,0,0,16,34,10,0,60,2,0,2,62
12/25/2016,FAR,ND,AGL,CE,Combined TRACON& Tower with Radar,4,15,5,0,24,0,0,0,0,0,4,15,5,0,24,0,0,0,24
12/26/2016,FAR,ND,AGL,CE,Combined TRACON& Tower with Radar,10,9,18,0,37,0,0,1,0,1,10,9,19,0,38,0,0,0,38
12/27/2016,FAR,ND,AGL,CE,Combined TRACON& Tower with Radar,24,49,26,0,99,0,2,20,0,22,24,51,46,0,121,28,0,28,149
12/28/2016,FAR,ND,AGL,CE,Combined TRACON& Tower with Radar,18,69,30,4,121,0,6,11,2,19,18,75,41,6,140,24,12,36,176
12/29/2016,FAR,ND,AGL,CE,Combined TRACON& Tower with Radar,22,54,25,6,107,0,6,12,8,26,22,60,37,14,133,28,10,38,171
12/30/2016,FAR,ND,AGL,CE,Combined TRACON& Tower with Radar,18,59,22,0,99,0,0,16,1,17,18,59,38,1,116,58,0,58,174
12/31/2016,FAR,ND,AGL,CE,Combined TRACON& Tower with Radar,15,30,20,0,65,0,0,14,0,14,15,30,34,0,79,2,0,2,81
01/01/2017,FAR,ND,AGL,CE,Combined TRACON& Tower with Radar,15,24,16,0,55,0,0,10,0,10,15,24,26,0,65,14,0,14,79
01/02/2017,FAR,ND,AGL,CE,Combined TRACON& Tower with Radar,15,31,28,0,74,0,0,0,0,0,15,31,28,0,74,0,0,0,74
01/03/2017,FAR,ND,AGL,CE,Combined TRACON& Tower with Radar,21,47,19,0,87,0,0,6,0,6,21,47,25,0,93,4,0,4,97
01/04/2017,FAR,ND,AGL,CE,Combined TRACON& Tower with Radar,19,59,33,0,111,0,2,16,0,18,19,61,49,0,129,48,0,48,177
01/05/2017,FAR,ND,AGL,CE,Combined TRACON& Tower with Radar,15,65,27,0,107,0,2,22,1,25,15,67,49,1,132,90,0,90,222
01/06/2017,FAR,ND,AGL,CE,Combined TRACON& Tower with Radar,20,78,23,0,121,0,4,25,0,29,20,82,48,0,150,34,0,34,184
01/07/2017,FAR,ND,AGL,CE,Combined TRACON& Tower with Radar,18,45,22,0,85,0,14,26,0,40,18,59,48,0,125,106,0,106,231
01/08/2017,FAR,ND,AGL,CE,Combined TRACON& Tower with Radar,21,24,18,4,67,0,0,1,1,2,21,24,19,5,69,0,0,0,69
01/09/2017,FAR,ND,AGL,CE,Combined TRACON& Tower with Radar,18,38,10,0,66,0,0,5,0,5,18,38,15,0,71,14,0,14,85
01/10/2017,FAR,ND,AGL,CE,Combined TRACON& Tower with Radar,18,56,28,0,102,0,1,1,0,2,18,57,29,0,104,0,0,0,104
01/11/2017,FAR,ND,AGL,CE,Combined TRACON& Tower with Radar,24,66,20,0,110,0,15,9,0,24,24,81,29,0,134,72,0,72,206
01/12/2017,FAR,ND,AGL,CE,Combined TRACON& Tower with Radar,22,51,45,1,119,0,4,6,0,10,22,55,51,1,129,12,0,12,141
01/13/2017,FAR,ND,AGL,CE,Combined TRACON& Tower with Radar,22,60,33,0,115,0,17,14,1,32,22,77,47,1,147,34,0,34,181
01/14/2017,FAR,ND,AGL,CE,Combined TRACON& Tower with Radar,17,35,14,1,67,0,15,36,4,55,17,50,50,5,122,46,0,46,168
01/15/2017,FAR,ND,AGL,CE,Combined TRACON& Tower with Radar,13,32,24,0,69,0,4,22,1,27,13,36,46,1,96,38,0,38,134
01/16/2017,FAR,ND,AGL,CE,Combined TRACON& Tower with Radar,19,57,36,0,112,0,6,32,1,39,19,63,68,1,151,98,0,98,249
01/17/2017,FAR,ND,AGL,CE,Combined TRACON& Tower with Radar,18,67,39,2,126,0,18,42,1,61,18,85,81,3,187,60,0,60,247
01/18/2017,FAR,ND,AGL,CE,Combined TRACON& Tower with Radar,22,75,29,0,126,0,5,46,3,54,22,80,75,3,180,118,0,118,298
01/19/2017,FAR,ND,AGL,CE,Combined TRACON& Tower with Radar,19,58,47,0,124,0,5,23,0,28,19,63,70,0,152,86,0,86,238
01/20/2017,FAR,ND,AGL,CE,Combined TRACON& Tower with Radar,23,65,16,0,104,0,0,0,0,0,23,65,16,0,104,0,0,0,104
01/21/2017,FAR,ND,AGL,CE,Combined TRACON& Tower with Radar,12,40,16,0,68,0,0,0,0,0,12,40,16,0,68,0,0,0,68
01/22/2017,FAR,ND,AGL,CE,Combined TRACON& Tower with Radar,17,26,7,0,50,0,0,1,0,1,17,26,8,0,51,0,0,0,51
01/23/2017,FAR,ND,AGL,CE,Combined TRACON& Tower with Radar,17,40,29,2,88,0,0,9,0,9,17,40,38,2,97,30,0,30,127
01/24/2017,FAR,ND,AGL,CE,Combined TRACON& Tower with Radar,18,60,47,0,125,0,0,5,0,5,18,60,52,0,130,72,0,72,202
01/25/2017,FAR,ND,AGL,CE,Combined TRACON& Tower with Radar,22,59,25,0,106,0,0,0,0,0,22,59,25,0,106,0,0,0,106
01/26/2017,FAR,ND,AGL,CE,Combined TRACON& Tower with Radar,20,70,31,2,123,0,0,12,10,22,20,70,43,12,145,98,22,120,265
01/27/2017,FAR,ND,AGL,CE,Combined TRACON& Tower with Radar,22,77,26,2,127,0,20,45,2,67,22,97,71,4,194,122,0,122,316
01/28/2017,FAR,ND,AGL,CE,Combined TRACON& Tower with Radar,13,35,11,0,59,0,1,6,0,7,13,36,17,0,66,48,0,48,114
01/29/2017,FAR,ND,AGL,CE,Combined TRACON& Tower with Radar,17,24,10,0,51,0,1,6,0,7,17,25,16,0,58,0,0,0,58
01/30/2017,FAR,ND,AGL,CE,Combined TRACON& Tower with Radar,24,43,27,0,94,0,0,8,0,8,24,43,35,0,102,32,0,32,134
01/31/2017,FAR,ND,AGL,CE,Combined TRACON& Tower with Radar,17,62,33,4,116,0,0,14,0,14,17,62,47,4,130,28,0,28,158
02/01/2017,FAR,ND,AGL,CE,Combined TRACON& Tower with Radar,23,63,43,0,129,0,2,35,0,37,23,65,78,0,166,102,0,102,268
02/02/2017,FAR,ND,AGL,CE,Combined TRACON& Tower with Radar,20,61,46,3,130,0,11,42,8,61,20,72,88,11,191,130,6,136,327
02/03/2017,FAR,ND,AGL,CE,Combined TRACON& Tower with Radar,23,64,40,0,127,0,12,68,1,81,23,76,108,1,208,192,0,192,400
02/04/2017,FAR,ND,AGL,CE,Combined TRACON& Tower with Radar,13,33,15,0,61,0,0,11,0,11,13,33,26,0,72,72,0,72,144
02/05/2017,FAR,ND,AGL,CE,Combined TRACON& Tower with Radar,14,24,27,0,65,0,1,22,1,24,14,25,49,1,89,90,0,90,179
02/06/2017,FAR,ND,AGL,CE,Combined TRACON& Tower with Radar,21,41,25,2,89,0,0,16,0,16,21,41,41,2,105,40,0,40,145
02/07/2017,FAR,ND,AGL,CE,Combined TRACON& Tower with Radar,20,62,25,0,107,0,0,1,0,1,20,62,26,0,108,18,0,18,126
02/08/2017,FAR,ND,AGL,CE,Combined TRACON& Tower with Radar,22,68,52,0,142,0,7,21,0,28,22,75,73,0,170,28,0,28,198
02/09/2017,FAR,ND,AGL,CE,Combined TRACON& Tower with Radar,21,59,53,2,135,0,1,30,6,37,21,60,83,8,172,80,0,80,252
02/10/2017,FAR,ND,AGL,CE,Combined TRACON& Tower with Radar,22,60,36,1,119,0,1,32,5,38,22,61,68,6,157,66,20,86,243
02/11/2017,FAR,ND,AGL,CE,Combined TRACON& Tower with Radar,15,42,15,0,72,0,3,4,0,7,15,45,19,0,79,44,0,44,123
02/12/2017,FAR,ND,AGL,CE,Combined TRACON& Tower with Radar,16,31,20,0,67,0,6,38,5,49,16,37,58,5,116,48,0,48,164
02/13/2017,FAR,ND,AGL,CE,Combined TRACON& Tower with Radar,19,74,32,0,125,0,13,33,1,47,19,87,65,1,172,112,0,112,284
02/14/2017,FAR,ND,AGL,CE,Combined TRACON& Tower with Radar,20,72,56,2,150,0,1,34,3,38,20,73,90,5,188,59,0,59,247
02/15/2017,FAR,ND,AGL,CE,Combined TRACON& Tower with Radar,24,70,65,0,159,0,11,38,3,52,24,81,103,3,211,86,0,86,297
02/16/2017,FAR,ND,AGL,CE,Combined TRACON& Tower with Radar,23,76,52,0,151,0,6,37,5,48,23,82,89,5,199,78,22,100,299
02/17/2017,FAR,ND,AGL,CE,Combined TRACON& Tower with Radar,30,63,44,0,137,0,4,76,3,83,30,67,120,3,220,238,0,238,458
02/18/2017,FAR,ND,AGL,CE,Combined TRACON& Tower with Radar,15,54,21,0,90,0,12,47,0,59,15,66,68,0,149,108,0,108,257
02/19/2017,FAR,ND,AGL,CE,Combined TRACON& Tower with Radar,20,30,16,0,66,0,4,29,0,33,20,34,45,0,99,4,0,4,103
02/20/2017,FAR,ND,AGL,CE,Combined TRACON& Tower with Radar,25,57,42,0,124,0,1,7,0,8,25,58,49,0,132,30,0,30,162
02/21/2017,FAR,ND,AGL,CE,Combined TRACON& Tower with Radar,20,58,47,0,125,0,3,45,0,48,20,61,92,0,173,84,0,84,257
02/22/2017,FAR,ND,AGL,CE,Combined TRACON& Tower with Radar,24,55,37,2,118,0,0,3,0,3,24,55,40,2,121,26,0,26,147
02/23/2017,FAR,ND,AGL,CE,Combined TRACON& Tower with Radar,28,49,63,2,142,0,1,20,6,27,28,50,83,8,169,24,44,68,237
02/24/2017,FAR,ND,AGL,CE,Combined TRACON& Tower with Radar,26,66,48,0,140,0,5,33,0,38,26,71,81,0,178,128,4,132,310
02/25/2017,FAR,ND,AGL,CE,Combined TRACON& Tower with Radar,19,32,26,0,77,0,1,20,5,26,19,33,46,5,103,14,0,14,117
02/26/2017,FAR,ND,AGL,CE,Combined TRACON& Tower with Radar,23,24,25,0,72,0,0,28,2,30,23,24,53,2,102,68,0,68,170
02/27/2017,FAR,ND,AGL,CE,Combined TRACON& Tower with Radar,24,45,39,3,111,0,6,32,1,39,24,51,71,4,150,84,0,84,234
02/28/2017,FAR,ND,AGL,CE,Combined TRACON& Tower with Radar,22,68,48,0,138,0,1,12,6,19,22,69,60,6,157,32,20,52,209
03/01/2017,FAR,ND,AGL,CE,Combined TRACON& Tower with Radar,24,56,50,0,130,0,1,11,0,12,24,57,61,0,142,166,0,166,308
03/02/2017,FAR,ND,AGL,CE,Combined TRACON& Tower with Radar,28,71,43,2,144,0,11,42,12,65,28,82,85,14,209,108,14,122,331
03/03/2017,FAR,ND,AGL,CE,Combined TRACON& Tower with Radar,26,54,48,1,129,0,2,31,3,36,26,56,79,4,165,122,4,126,291
03/04/2017,FAR,ND,AGL,CE,Combined TRACON& Tower with Radar,17,45,16,3,81,0,0,14,5,19,17,45,30,8,100,50,0,50,150
03/05/2017,FAR,ND,AGL,CE,Combined TRACON& Tower with Radar,24,24,21,0,69,0,3,58,2,63,24,27,79,2,132,92,0,92,224
03/06/2017,FAR,ND,AGL,CE,Combined TRACON& Tower with Radar,23,39,26,0,88,0,1,6,0,7,23,40,32,0,95,0,0,0,95
03/07/2017,FAR,ND,AGL,CE,Combined TRACON& Tower with Radar,20,37,31,0,88,0,0,2,0,2,20,37,33,0,90,0,0,0,90
03/08/2017,FAR,ND,AGL,CE,Combined TRACON& Tower with Radar,25,64,41,0,130,0,4,11,4,19,25,68,52,4,149,66,32,98,247
03/09/2017,FAR,ND,AGL,CE,Combined TRACON& Tower with Radar,26,69,36,5,136,0,6,27,5,38,26,75,63,10,174,110,8,118,292
03/10/2017,FAR,ND,AGL,CE,Combined TRACON& Tower with Radar,25,83,22,7,137,0,9,39,2,50,25,92,61,9,187,90,14,104,291
03/11/2017,FAR,ND,AGL,CE,Combined TRACON& Tower with Radar,20,51,12,0,83,0,2,20,0,22,20,53,32,0,105,40,0,40,145
03/12/2017,FAR,ND,AGL,CE,Combined TRACON& Tower with Radar,19,24,7,0,50,0,0,0,0,0,19,24,7,0,50,62,0,62,112
03/13/2017,FAR,ND,AGL,CE,Combined TRACON& Tower with Radar,21,52,26,1,100,0,12,32,2,46,21,64,58,3,146,0,0,0,146
03/14/2017,FAR,ND,AGL,CE,Combined TRACON& Tower with Radar,22,67,39,0,128,0,12,42,3,57,22,79,81,3,185,138,0,138,323
03/15/2017,FAR,ND,AGL,CE,Combined TRACON& Tower with Radar,20,82,41,0,143,0,8,37,6,51,20,90,78,6,194,116,0,116,310
03/16/2017,FAR,ND,AGL,CE,Combined TRACON& Tower with Radar,26,73,35,2,136,0,3,23,3,29,26,76,58,5,165,48,14,62,227
03/17/2017,FAR,ND,AGL,CE,Combined TRACON& Tower with Radar,23,50,19,3,95,0,0,3,4,7,23,50,22,7,102,4,14,18,120
03/18/2017,FAR,ND,AGL,CE,Combined TRACON& Tower with Radar,13,42,15,0,70,0,0,16,1,17,13,42,31,1,87,24,0,24,111
03/19/2017,FAR,ND,AGL,CE,Combined TRACON& Tower with Radar,19,50,21,0,90,0,0,16,2,18,19,50,37,2,108,8,0,8,116
03/20/2017,FAR,ND,AGL,CE,Combined TRACON& Tower with Radar,21,64,39,0,124,0,4,25,1,30,21,68,64,1,154,12,0,12,166
03/21/2017,FAR,ND,AGL,CE,Combined TRACON& Tower with Radar,20,78,45,0,143,0,3,31,4,38,20,81,76,4,181,102,12,114,295
03/22/2017,FAR,ND,AGL,CE,Combined TRACON& Tower with Radar,23,63,50,0,136,0,3,22,2,27,23,66,72,2,163,84,0,84,247
03/23/2017,FAR,ND,AGL,CE,Combined TRACON& Tower with Radar,26,68,58,4,156,0,0,15,0,15,26,68,73,4,171,16,20,36,207
03/24/2017,FAR,ND,AGL,CE,Combined TRACON& Tower with Radar,28,59,67,0,154,0,6,18,0,24,28,65,85,0,178,180,0,180,358
03/25/2017,FAR,ND,AGL,CE,Combined TRACON& Tower with Radar,16,47,12,6,81,0,10,15,0,25,16,57,27,6,106,76,6,82,188
03/26/2017,FAR,ND,AGL,CE,Combined TRACON& Tower with Radar,20,28,31,2,81,0,2,8,0,10,20,30,39,2,91,20,0,20,111
03/27/2017,FAR,ND,AGL,CE,Combined TRACON& Tower with Radar,21,73,40,0,134,0,1,66,1,68,21,74,106,1,202,238,0,238,440
03/28/2017,FAR,ND,AGL,CE,Combined TRACON& Tower with Radar,22,75,44,2,143,0,3,24,2,29,22,78,68,4,172,182,0,182,354
03/29/2017,FAR,ND,AGL,CE,Combined TRACON& Tower with Radar,20,89,46,2,157,0,15,48,0,63,20,104,94,2,220,186,0,186,406
03/30/2017,FAR,ND,AGL,CE,Combined TRACON& Tower with Radar,25,83,38,9,155,0,15,37,8,60,25,98,75,17,215,132,20,152,367
03/31/2017,FAR,ND,AGL,CE,Combined TRACON& Tower with Radar,27,70,36,1,134,0,1,58,1,60,27,71,94,2,194,224,2,226,420
04/01/2017,FAR,ND,AGL,CE,Combined TRACON& Tower with Radar,17,43,19,0,79,0,4,17,2,23,17,47,36,2,102,66,0,66,168
04/02/2017,FAR,ND,AGL,CE,Combined TRACON& Tower with Radar,20,39,20,0,79,0,10,29,3,42,20,49,49,3,121,48,0,48,169
04/03/2017,FAR,ND,AGL,CE,Combined TRACON& Tower with Radar,19,83,36,2,140,0,11,37,3,51,19,94,73,5,191,62,0,62,253
04/04/2017,FAR,ND,AGL,CE,Combined TRACON& Tower with Radar,16,72,46,1,135,0,16,32,1,49,16,88,78,2,184,196,0,196,380
04/05/2017,FAR,ND,AGL,CE,Combined TRACON& Tower with Radar,17,84,47,0,148,0,16,35,1,52,17,100,82,1,200,62,0,62,262
04/06/2017,FAR,ND,AGL,CE,Combined TRACON& Tower with Radar,21,86,34,1,142,0,13,67,9,89,21,99,101,10,231,178,0,178,409
04/07/2017,FAR,ND,AGL,CE,Combined TRACON& Tower with Radar,23,60,26,0,109,0,3,36,2,41,23,63,62,2,150,60,2,62,212
04/08/2017,FAR,ND,AGL,CE,Combined TRACON& Tower with Radar,14,52,12,1,79,0,11,34,6,51,14,63,46,7,130,54,0,54,184
04/09/2017,FAR,ND,AGL,CE,Combined TRACON& Tower with Radar,18,23,16,0,57,0,0,11,6,17,18,23,27,6,74,6,0,6,80
04/10/2017,FAR,ND,AGL,CE,Combined TRACON& Tower with Radar,17,57,26,0,100,0,9,15,1,25,17,66,41,1,125,102,0,102,227
04/11/2017,FAR,ND,AGL,CE,Combined TRACON& Tower with Radar,16,73,60,4,153,0,17,52,3,72,16,90,112,7,225,196,0,196,421
04/12/2017,FAR,ND,AGL,CE,Combined TRACON& Tower with Radar,18,97,47,0,162,0,11,44,2,57,18,108,91,2,219,166,0,166,385
04/13/2017,FAR,ND,AGL,CE,Combined TRACON& Tower with Radar,22,77,49,2,150,0,11,42,8,61,22,88,91,10,211,146,2,148,359
04/14/2017,FAR,ND,AGL,CE,Combined TRACON& Tower with Radar,23,52,28,2,105,0,0,3,3,6,23,52,31,5,111,82,0,82,193
04/15/2017,FAR,ND,AGL,CE,Combined TRACON& Tower with Radar,17,32,17,0,66,0,7,36,2,45,17,39,53,2,111,138,0,138,249
04/16/2017,FAR,ND,AGL,CE,Combined TRACON& Tower with Radar,16,22,14,0,52,0,0,14,1,15,16,22,28,1,67,20,0,20,87
04/17/2017,FAR,ND,AGL,CE,Combined TRACON& Tower with Radar,21,64,57,0,142,0,10,53,0,63,21,74,110,0,205,144,0,144,349
04/18/2017,FAR,ND,AGL,CE,Combined TRACON& Tower with Radar,18,82,51,2,153,0,4,6,1,11,18,86,57,3,164,32,0,32,196
04/19/2017,FAR,ND,AGL,CE,Combined TRACON& Tower with Radar,18,62,65,2,147,0,0,57,0,57,18,62,122,2,204,106,0,106,310
04/20/2017,FAR,ND,AGL,CE,Combined TRACON& Tower with Radar,22,77,62,8,169,0,7,45,7,59,22,84,107,15,228,180,14,194,422
04/21/2017,FAR,ND,AGL,CE,Combined TRACON& Tower with Radar,22,75,40,0,137,0,10,90,5,105,22,85,130,5,242,146,8,154,396
04/22/2017,FAR,ND,AGL,CE,Combined TRACON& Tower with Radar,15,34,32,0,81,0,0,53,1,54,15,34,85,1,135,94,0,94,229
04/23/2017,FAR,ND,AGL,CE,Combined TRACON& Tower with Radar,18,26,25,0,69,0,1,11,0,12,18,27,36,0,81,16,0,16,97
04/24/2017,FAR,ND,AGL,CE,Combined TRACON& Tower with Radar,19,49,37,0,105,0,0,32,0,32,19,49,69,0,137,116,0,116,253
04/25/2017,FAR,ND,AGL,CE,Combined TRACON& Tower with Radar,16,55,62,0,133,0,0,3,0,3,16,55,65,0,136,36,0,36,172
04/26/2017,FAR,ND,AGL,CE,Combined TRACON& Tower with Radar,19,54,36,0,109,0,0,1,0,1,19,54,37,0,110,0,0,0,110
04/27/2017,FAR,ND,AGL,CE,Combined TRACON& Tower with Radar,23,76,45,4,148,0,12,41,1,54,23,88,86,5,202,100,14,114,316
04/28/2017,FAR,ND,AGL,CE,Combined TRACON& Tower with Radar,20,92,33,6,151,0,21,46,5,72,20,113,79,11,223,112,0,112,335
04/29/2017,FAR,ND,AGL,CE,Combined TRACON& Tower with Radar,12,49,18,0,79,0,18,61,8,87,12,67,79,8,166,106,0,106,272
04/30/2017,FAR,ND,AGL,CE,Combined TRACON& Tower with Radar,18,32,23,0,73,0,4,40,1,45,18,36,63,1,118,24,0,24,142
05/01/2017,FAR,ND,AGL,CE,Combined TRACON& Tower with Radar,18,83,23,17,141,0,12,40,4,56,18,95,63,21,197,100,18,118,315
05/02/2017,FAR,ND,AGL,CE,Combined TRACON& Tower with Radar,12,72,33,0,117,0,14,34,0,48,12,86,67,0,165,162,0,162,327
05/03/2017,FAR,ND,AGL,CE,Combined TRACON& Tower with Radar,14,77,34,4,129,0,8,42,2,52,14,85,76,6,181,140,2,142,323
05/04/2017,FAR,ND,AGL,CE,Combined TRACON& Tower with Radar,18,77,57,6,158,0,8,62,6,76,18,85,119,12,234,104,0,104,338
05/05/2017,FAR,ND,AGL,CE,Combined TRACON& Tower with Radar,16,76,41,0,133,0,10,45,4,59,16,86,86,4,192,88,4,92,284
05/06/2017,FAR,ND,AGL,CE,Combined TRACON& Tower with Radar,11,57,21,0,89,0,10,49,4,63,11,67,70,4,152,108,2,110,262
05/07/2017,FAR,ND,AGL,CE,Combined TRACON& Tower with Radar,14,44,33,0,91,0,0,32,2,34,14,44,65,2,125,16,0,16,141
05/08/2017,FAR,ND,AGL,CE,Combined TRACON& Tower with Radar,12,56,26,0,94,0,0,23,0,23,12,56,49,0,117,24,0,24,141
05/09/2017,FAR,ND,AGL,CE,Combined TRACON& Tower with Radar,14,82,48,0,144,0,6,55,0,61,14,88,103,0,205,136,2,138,343
05/10/2017,FAR,ND,AGL,CE,Combined TRACON& Tower with Radar,16,89,46,0,151,0,18,53,5,76,16,107,99,5,227,192,2,194,421
05/11/2017,FAR,ND,AGL,CE,Combined TRACON& Tower with Radar,19,87,44,3,153,0,15,50,0,65,19,102,94,3,218,104,0,104,322
05/12/2017,FAR,ND,AGL,CE,Combined TRACON& Tower with Radar,18,69,33,0,120,0,12,47,2,61,18,81,80,2,181,166,0,166,347
05/13/2017,FAR,ND,AGL,CE,Combined TRACON& Tower with Radar,8,46,17,0,71,0,7,35,0,42,8,53,52,0,113,66,0,66,179
05/14/2017,FAR,ND,AGL,CE,Combined TRACON& Tower with Radar,17,42,26,0,85,0,2,16,1,19,17,44,42,1,104,96,0,96,200
05/15/2017,FAR,ND,AGL,CE,Combined TRACON& Tower with Radar,17,64,61,0,142,0,7,88,2,97,17,71,149,2,239,212,14,226,465
05/16/2017,FAR,ND,AGL,CE,Combined TRACON& Tower with Radar,12,62,53,0,127,0,0,3,0,3,12,62,56,0,130,42,0,42,172
05/17/2017,FAR,ND,AGL,CE,Combined TRACON& Tower with Radar,21,74,73,2,170,0,0,8,1,9,21,74,81,3,179,4,0,4,183
05/18/2017,FAR,ND,AGL,CE,Combined TRACON& Tower with Radar,17,64,54,5,140,0,18,39,7,64,17,82,93,12,204,98,14,112,316
05/19/2017,FAR,ND,AGL,CE,Combined TRACON& Tower with Radar,16,72,43,4,135,0,11,55,3,69,16,83,98,7,204,170,0,170,374
05/20/2017,FAR,ND,AGL,CE,Combined TRACON& Tower with Radar,11,41,18,3,73,0,2,16,0,18,11,43,34,3,91,86,0,86,177
05/21/2017,FAR,ND,AGL,CE,Combined TRACON& Tower with Radar,12,38,22,2,74,0,0,0,1,1,12,38,22,3,75,8,0,8,83
05/22/2017,FAR,ND,AGL,CE,Combined TRACON& Tower with Radar,13,67,61,0,141,0,0,35,0,35,13,67,96,0,176,124,0,124,300
05/23/2017,FAR,ND,AGL,CE,Combined TRACON& Tower with Radar,12,73,51,6,142,0,5,11,1,17,12,78,62,7,159,70,6,76,235
05/24/2017,FAR,ND,AGL,CE,Combined TRACON& Tower with Radar,16,58,45,0,119,0,14,54,4,72,16,72,99,4,191,174,8,182,373
05/25/2017,FAR,ND,AGL,CE,Combined TRACON& Tower with Radar,16,65,59,0,140,0,8,23,3,34,16,73,82,3,174,26,0,26,200
05/26/2017,FAR,ND,AGL,CE,Combined TRACON& Tower with Radar,16,62,29,0,107,0,6,35,0,41,16,68,64,0,148,106,0,106,254
05/27/2017,FAR,ND,AGL,CE,Combined TRACON& Tower with Radar,9,33,9,0,51,0,4,38,1,43,9,37,47,1,94,70,0,70,164
05/28/2017,FAR,ND,AGL,CE,Combined TRACON& Tower with Radar,12,21,10,0,43,0,2,9,2,13,12,23,19,2,56,0,0,0,56
05/29/2017,FAR,ND,AGL,CE,Combined TRACON& Tower with Radar,12,58,14,0,84,0,1,2,0,3,12,59,16,0,87,14,0,14,101
05/30/2017,FAR,ND,AGL,CE,Combined TRACON& Tower with Radar,7,57,52,3,119,0,7,30,1,38,7,64,82,4,157,100,0,100,257
05/31/2017,FAR,ND,AGL,CE,Combined TRACON& Tower with Radar,18,80,45,0,143,0,12,50,0,62,18,92,95,0,205,126,0,126,331
06/01/2017,FAR,ND,AGL,CE,Combined TRACON& Tower with Radar,15,64,51,0,130,0,20,62,6,88,15,84,113,6,218,122,0,122,340
06/02/2017,FAR,ND,AGL,CE,Combined TRACON& Tower with Radar,17,55,53,2,127,0,3,49,1,53,17,58,102,3,180,38,0,38,218
06/03/2017,FAR,ND,AGL,CE,Combined TRACON& Tower with Radar,15,38,15,0,68,0,6,37,5,48,15,44,52,5,116,64,0,64,180
06/04/2017,FAR,ND,AGL,CE,Combined TRACON& Tower with Radar,14,30,19,0,63,0,2,36,2,40,14,32,55,2,103,152,10,162,265
06/05/2017,FAR,ND,AGL,CE,Combined TRACON& Tower with Radar,13,60,40,2,115,0,6,61,9,76,13,66,101,11,191,231,8,239,430
06/06/2017,FAR,ND,AGL,CE,Combined TRACON& Tower with Radar,16,73,62,2,153,0,2,41,9,52,16,75,103,11,205,60,8,68,273
06/07/2017,FAR,ND,AGL,CE,Combined TRACON& Tower with Radar,22,69,45,1,137,0,14,44,0,58,22,83,89,1,195,102,0,102,297
06/08/2017,FAR,ND,AGL,CE,Combined TRACON& Tower with Radar,16,92,53,0,161,0,14,49,0,63,16,106,102,0,224,232,0,232,456
06/09/2017,FAR,ND,AGL,CE,Combined TRACON& Tower with Radar,19,71,39,4,133,0,2,30,3,35,19,73,69,7,168,58,0,58,226
06/10/2017,FAR,ND,AGL,CE,Combined TRACON& Tower with Radar,19,38,20,0,77,0,0,11,2,13,19,38,31,2,90,10,0,10,100
06/11/2017,FAR,ND,AGL,CE,Combined TRACON& Tower with Radar,15,48,40,2,105,0,2,35,2,39,15,50,75,4,144,128,0,128,272
06/12/2017,FAR,ND,AGL,CE,Combined TRACON& Tower with Radar,18,85,42,0,145,0,5,65,8,78,18,90,107,8,223,128,2,130,353
06/13/2017,FAR,ND,AGL,CE,Combined TRACON& Tower with Radar,15,60,37,2,114,0,0,11,0,11,15,60,48,2,125,10,0,10,135
06/14/2017,FAR,ND,AGL,CE,Combined TRACON& Tower with Radar,23,73,62,0,158,0,20,51,4,75,23,93,113,4,233,52,0,52,285
06/15/2017,FAR,ND,AGL,CE,Combined TRACON& Tower with Radar,18,72,46,2,138,0,17,61,6,84,18,89,107,8,222,80,2,82,304
06/16/2017,FAR,ND,AGL,CE,Combined TRACON& Tower with Radar,18,90,46,0,154,0,8,61,5,74,18,98,107,5,228,120,0,120,348
06/17/2017,FAR,ND,AGL,CE,Combined TRACON& Tower with Radar,16,37,25,0,78,0,5,34,1,40,16,42,59,1,118,30,0,30,148
06/18/2017,FAR,ND,AGL,CE,Combined TRACON& Tower with Radar,15,43,35,0,93,0,0,18,2,20,15,43,53,2,113,38,0,38,151
06/19/2017,FAR,ND,AGL,CE,Combined TRACON& Tower with Radar,15,64,47,0,126,0,0,35,0,35,15,64,82,0,161,140,0,140,301
06/20/2017,FAR,ND,AGL,CE,Combined TRACON& Tower with Radar,16,99,42,3,160,0,13,60,4,77,16,112,102,7,237,146,4,150,387
06/21/2017,FAR,ND,AGL,CE,Combined TRACON& Tower with Radar,20,77,68,0,165,0,17,62,2,81,20,94,130,2,246,88,2,90,336
06/22/2017,FAR,ND,AGL,CE,Combined TRACON& Tower with Radar,18,68,67,1,154,0,14,61,5,80,18,82,128,6,234,148,0,148,382
06/23/2017,FAR,ND,AGL,CE,Combined TRACON& Tower with Radar,19,68,38,5,130,0,0,10,0,10,19,68,48,5,140,82,22,104,244
06/24/2017,FAR,ND,AGL,CE,Combined TRACON& Tower with Radar,19,42,34,0,95,0,0,19,0,19,19,42,53,0,114,56,0,56,170
06/25/2017,FAR,ND,AGL,CE,Combined TRACON& Tower with Radar,15,43,33,1,92,0,8,32,1,41,15,51,65,2,133,72,0,72,205
06/26/2017,FAR,ND,AGL,CE,Combined TRACON& Tower with Radar,16,70,48,2,136,0,3,43,2,48,16,73,91,4,184,118,0,118,302
06/27/2017,FAR,ND,AGL,CE,Combined TRACON& Tower with Radar,18,72,64,1,155,0,8,33,7,48,18,80,97,8,203,72,0,72,275
06/28/2017,FAR,ND,AGL,CE,Combined TRACON& Tower with Radar,20,94,74,11,199,0,0,23,3,26,20,94,97,14,225,110,22,132,357
06/29/2017,FAR,ND,AGL,CE,Combined TRACON& Tower with Radar,17,77,89,3,186,0,7,42,9,58,17,84,131,12,244,66,28,94,338
06/30/2017,FAR,ND,AGL,CE,Combined TRACON& Tower with Radar,18,84,56,5,163,0,0,31,3,34,18,84,87,8,197,92,0,92,289
07/01/2017,FAR,ND,AGL,CE,Combined TRACON& Tower with Radar,21,37,12,0,70,0,2,35,0,37,21,39,47,0,107,60,0,60,167
07/02/2017,FAR,ND,AGL,CE,Combined TRACON& Tower with Radar,20,17,8,0,45,0,0,20,3,23,20,17,28,3,68,6,0,6,74
07/03/2017,FAR,ND,AGL,CE,Combined TRACON& Tower with Radar,23,41,15,2,81,0,4,38,1,43,23,45,53,3,124,110,0,110,234
07/04/2017,FAR,ND,AGL,CE,Combined TRACON& Tower with Radar,15,16,12,2,45,0,1,16,3,20,15,17,28,5,65,26,0,26,91
07/05/2017,FAR,ND,AGL,CE,Combined TRACON& Tower with Radar,28,63,24,0,115,0,5,29,2,36,28,68,53,2,151,32,0,32,183
07/06/2017,FAR,ND,AGL,CE,Combined TRACON& Tower with Radar,23,67,40,13,143,0,21,31,6,58,23,88,71,19,201,60,24,84,285
07/07/2017,FAR,ND,AGL,CE,Combined TRACON& Tower with Radar,24,56,36,16,132,0,7,61,0,68,24,63,97,16,200,90,24,114,314
07/08/2017,FAR,ND,AGL,CE,Combined TRACON& Tower with Radar,25,47,16,0,88,0,6,71,1,78,25,53,87,1,166,116,0,116,282
07/09/2017,FAR,ND,AGL,CE,Combined TRACON& Tower with Radar,20,30,13,0,63,0,0,30,0,30,20,30,43,0,93,30,0,30,123
07/10/2017,FAR,ND,AGL,CE,Combined TRACON& Tower with Radar,19,57,46,0,122,0,11,54,0,65,19,68,100,0,187,142,0,142,329
07/11/2017,FAR,ND,AGL,CE,Combined TRACON& Tower with Radar,22,69,49,17,157,0,2,38,3,43,22,71,87,20,200,96,12,108,308
07/12/2017,FAR,ND,AGL,CE,Combined TRACON& Tower with Radar,27,73,70,5,175,0,0,10,1,11,27,73,80,6,186,42,10,52,238
07/13/2017,FAR,ND,AGL,CE,Combined TRACON& Tower with Radar,25,72,53,5,155,0,10,21,5,36,25,82,74,10,191,40,8,48,239
07/14/2017,FAR,ND,AGL,CE,Combined TRACON& Tower with Radar,22,65,39,2,128,0,10,74,0,84,22,75,113,2,212,112,0,112,324
07/15/2017,FAR,ND,AGL,CE,Combined TRACON& Tower with Radar,22,36,25,0,83,0,4,30,3,37,22,40,55,3,120,120,0,120,240
07/16/2017,FAR,ND,AGL,CE,Combined TRACON& Tower with Radar,21,31,27,1,80,0,0,37,5,42,21,31,64,6,122,12,0,12,134
07/17/2017,FAR,ND,AGL,CE,Combined TRACON& Tower with Radar,20,53,39,0,112,0,5,48,1,54,20,58,87,1,166,131,0,131,297
07/18/2017,FAR,ND,AGL,CE,Combined TRACON& Tower with Radar,25,63,58,6,152,0,4,44,9,57,25,67,102,15,209,124,26,150,359
07/19/2017,FAR,ND,AGL,CE,Combined TRACON& Tower with Radar,29,69,53,0,151,0,22,52,2,76,29,91,105,2,227,210,12,222,449
07/20/2017,FAR,ND,AGL,CE,Combined TRACON& Tower with Radar,25,70,50,0,145,0,2,58,6,66,25,72,108,6,211,56,0,56,267
07/21/2017,FAR,ND,AGL,CE,Combined TRACON& Tower with Radar,23,59,40,3,125,0,4,21,4,29,23,63,61,7,154,56,0,56,210
07/22/2017,FAR,ND,AGL,CE,Combined TRACON& Tower with Radar,19,43,23,0,85,0,6,23,2,31,19,49,46,2,116,98,0,98,214
07/23/2017,FAR,ND,AGL,CE,Combined TRACON& Tower with Radar,19,28,25,0,72,0,0,30,1,31,19,28,55,1,103,24,0,24,127
07/24/2017,FAR,ND,AGL,CE,Combined TRACON& Tower with Radar,15,72,36,0,123,0,4,28,0,32,15,76,64,0,155,78,0,78,233
07/25/2017,FAR,ND,AGL,CE,Combined TRACON& Tower with Radar,24,75,35,0,134,0,7,29,4,40,24,82,64,4,174,116,4,120,294
07/26/2017,FAR,ND,AGL,CE,Combined TRACON& Tower with Radar,28,78,48,0,154,0,22,56,2,80,28,100,104,2,234,124,0,124,358
07/27/2017,FAR,ND,AGL,CE,Combined TRACON& Tower with Radar,30,83,66,0,179,0,13,52,10,75,30,96,118,10,254,94,8,102,356
07/28/2017,FAR,ND,AGL,CE,Combined TRACON& Tower with Radar,26,73,34,2,135,0,3,36,4,43,26,76,70,6,178,90,0,90,268
07/29/2017,FAR,ND,AGL,CE,Combined TRACON& Tower with Radar,21,45,17,0,83,0,4,34,4,42,21,49,51,4,125,110,2,112,237
07/30/2017,FAR,ND,AGL,CE,Combined TRACON& Tower with Radar,20,30,28,3,81,0,0,14,0,14,20,30,42,3,95,76,0,76,171
07/31/2017,FAR,ND,AGL,CE,Combined TRACON& Tower with Radar,27,53,43,0,123,0,10,35,2,47,27,63,78,2,170,96,0,96,266
08/01/2017,FAR,ND,AGL,CE,Combined TRACON& Tower with Radar,20,72,44,2,138,0,8,31,3,42,20,80,75,5,180,168,2,170,350
08/02/2017,FAR,ND,AGL,CE,Combined TRACON& Tower with Radar,29,72,48,4,153,0,0,21,4,25,29,72,69,8,178,58,0,58,236
08/03/2017,FAR,ND,AGL,CE,Combined TRACON& Tower with Radar,25,70,47,4,146,0,13,23,8,44,25,83,70,12,190,82,0,82,272
08/04/2017,FAR,ND,AGL,CE,Combined TRACON& Tower with Radar,25,69,30,2,126,0,6,43,0,49,25,75,73,2,175,100,0,100,275
08/05/2017,FAR,ND,AGL,CE,Combined TRACON& Tower with Radar,23,35,34,0,92,0,0,97,2,99,23,35,131,2,191,124,0,124,315
08/06/2017,FAR,ND,AGL,CE,Combined TRACON& Tower with Radar,20,27,21,0,68,0,0,31,0,31,20,27,52,0,99,58,0,58,157
08/07/2017,FAR,ND,AGL,CE,Combined TRACON& Tower with Radar,20,53,45,2,120,0,6,24,2,32,20,59,69,4,152,50,0,50,202
08/08/2017,FAR,ND,AGL,CE,Combined TRACON& Tower with Radar,22,74,52,1,149,0,13,32,3,48,22,87,84,4,197,76,22,98,295
08/09/2017,FAR,ND,AGL,CE,Combined TRACON& Tower with Radar,28,58,52,0,138,0,0,13,1,14,28,58,65,1,152,36,0,36,188
08/10/2017,FAR,ND,AGL,CE,Combined TRACON& Tower with Radar,24,72,82,3,181,0,2,18,1,21,24,74,100,4,202,116,0,116,318
08/11/2017,FAR,ND,AGL,CE,Combined TRACON& Tower with Radar,22,94,46,0,162,0,6,46,1,53,22,100,92,1,215,148,0,148,363
08/12/2017,FAR,ND,AGL,CE,Combined TRACON& Tower with Radar,21,45,23,0,89,0,0,23,0,23,21,45,46,0,112,28,0,28,140
08/13/2017,FAR,ND,AGL,CE,Combined TRACON& Tower with Radar,20,29,25,0,74,0,0,7,0,7,20,29,32,0,81,4,0,4,85
08/14/2017,FAR,ND,AGL,CE,Combined TRACON& Tower with Radar,21,53,28,0,102,0,6,4,0,10,21,59,32,0,112,48,0,48,160
08/15/2017,FAR,ND,AGL,CE,Combined TRACON& Tower with Radar,21,72,45,0,138,0,6,25,0,31,21,78,70,0,169,44,0,44,213
08/16/2017,FAR,ND,AGL,CE,Combined TRACON& Tower with Radar,25,69,57,0,151,0,2,0,0,2,25,71,57,0,153,6,0,6,159
08/17/2017,FAR,ND,AGL,CE,Combined TRACON& Tower with Radar,24,80,65,0,169,0,7,33,8,48,24,87,98,8,217,82,8,90,307
08/18/2017,FAR,ND,AGL,CE,Combined TRACON& Tower with Radar,21,66,41,0,128,0,9,34,2,45,21,75,75,2,173,86,0,86,259
08/19/2017,FAR,ND,AGL,CE,Combined TRACON& Tower with Radar,20,54,25,1,100,0,5,30,1,36,20,59,55,2,136,54,12,66,202
08/20/2017,FAR,ND,AGL,CE,Combined TRACON& Tower with Radar,19,37,22,0,78,0,10,35,1,46,19,47,57,1,124,82,0,82,206
08/21/2017,FAR,ND,AGL,CE,Combined TRACON& Tower with Radar,19,59,43,0,121,0,1,40,0,41,19,60,83,0,162,82,0,82,244
08/22/2017,FAR,ND,AGL,CE,Combined TRACON& Tower with Radar,24,73,47,0,144,0,10,32,2,44,24,83,79,2,188,110,0,110,298
08/23/2017,FAR,ND,AGL,CE,Combined TRACON& Tower with Radar,26,67,72,4,169,0,2,32,7,41,26,69,104,11,210,118,0,118,328
08/24/2017,FAR,ND,AGL,CE,Combined TRACON& Tower with Radar,24,74,60,0,158,0,21,50,9,80,24,95,110,9,238,80,22,102,340
08/25/2017,FAR,ND,AGL,CE,Combined TRACON& Tower with Radar,24,82,60,2,168,0,0,24,2,26,24,82,84,4,194,78,0,78,272
08/26/2017,FAR,ND,AGL,CE,Combined TRACON& Tower with Radar,15,34,25,0,74,0,0,3,0,3,15,34,28,0,77,14,0,14,91
08/27/2017,FAR,ND,AGL,CE,Combined TRACON& Tower with Radar,22,26,34,0,82,0,0,15,5,20,22,26,49,5,102,48,4,52,154
08/28/2017,FAR,ND,AGL,CE,Combined TRACON& Tower with Radar,21,57,44,1,123,0,3,53,7,63,21,60,97,8,186,243,0,243,429
08/29/2017,FAR,ND,AGL,CE,Combined TRACON& Tower with Radar,24,69,47,0,140,0,7,60,4,71,24,76,107,4,211,176,0,176,387
08/30/2017,FAR,ND,AGL,CE,Combined TRACON& Tower with Radar,24,72,53,0,149,0,12,88,3,103,24,84,141,3,252,134,22,156,408
08/31/2017,FAR,ND,AGL,CE,Combined TRACON& Tower with Radar,26,70,60,0,156,0,4,52,10,66,26,74,112,10,222,48,42,90,312
09/01/2017,FAR,ND,AGL,CE,Combined TRACON& Tower with Radar,25,56,56,0,137,0,0,11,2,13,25,56,67,2,150,48,0,48,198
09/02/2017,FAR,ND,AGL,CE,Combined TRACON& Tower with Radar,14,42,17,0,73,0,5,45,5,55,14,47,62,5,128,108,0,108,236
09/03/2017,FAR,ND,AGL,CE,Combined TRACON& Tower with Radar,19,23,18,0,60,0,3,17,1,21,19,26,35,1,81,20,0,20,101
09/04/2017,FAR,ND,AGL,CE,Combined TRACON& Tower with Radar,19,25,22,0,66,0,3,9,0,12,19,28,31,0,78,24,0,24,102
09/05/2017,FAR,ND,AGL,CE,Combined TRACON& Tower with Radar,19,50,50,2,121,0,1,37,5,43,19,51,87,7,164,124,0,124,288
09/06/2017,FAR,ND,AGL,CE,Combined TRACON& Tower with Radar,21,73,60,8,162,0,6,64,3,73,21,79,124,11,235,128,56,184,419
09/07/2017,FAR,ND,AGL,CE,Combined TRACON& Tower with Radar,29,75,41,1,146,0,3,43,8,54,29,78,84,9,200,58,20,78,278
09/08/2017,FAR,ND,AGL,CE,Combined TRACON& Tower with Radar,22,65,41,3,131,0,9,49,4,62,22,74,90,7,193,92,22,114,307
09/09/2017,FAR,ND,AGL,CE,Combined TRACON& Tower with Radar,14,36,21,0,71,0,10,36,4,50,14,46,57,4,121,80,6,86,207
09/10/2017,FAR,ND,AGL,CE,Combined TRACON& Tower with Radar,22,37,30,0,89,0,0,19,2,21,22,37,49,2,110,26,0,26,136
09/11/2017,FAR,ND,AGL,CE,Combined TRACON& Tower with Radar,15,69,47,2,133,0,6,26,0,32,15,75,73,2,165,174,0,174,339
09/12/2017,FAR,ND,AGL,CE,Combined TRACON& Tower with Radar,25,69,48,12,154,0,10,31,3,44,25,79,79,15,198,86,28,114,312
09/13/2017,FAR,ND,AGL,CE,Combined TRACON& Tower with Radar,19,68,61,1,149,0,1,31,2,34,19,69,92,3,183,74,12,86,269
09/14/2017,FAR,ND,AGL,CE,Combined TRACON& Tower with Radar,23,71,70,5,169,0,0,11,3,14,23,71,81,8,183,36,0,36,219
09/15/2017,FAR,ND,AGL,CE,Combined TRACON& Tower with Radar,23,65,51,0,139,0,0,0,0,0,23,65,51,0,139,2,0,2,141
09/16/2017,FAR,ND,AGL,CE,Combined TRACON& Tower with Radar,16,45,35,0,96,0,0,0,1,1,16,45,35,1,97,46,4,50,147
09/17/2017,FAR,ND,AGL,CE,Combined TRACON& Tower with Radar,19,31,41,0,91,0,2,28,1,31,19,33,69,1,122,150,0,150,272
09/18/2017,FAR,ND,AGL,CE,Combined TRACON& Tower with Radar,19,61,45,0,125,0,1,35,0,36,19,62,80,0,161,76,0,76,237
09/19/2017,FAR,ND,AGL,CE,Combined TRACON& Tower with Radar,25,55,55,0,135,0,0,1,0,1,25,55,56,0,136,8,0,8,144
09/20/2017,FAR,ND,AGL,CE,Combined TRACON& Tower with Radar,19,83,66,0,168,0,9,43,4,56,19,92,109,4,224,0,0,0,224
09/21/2017,FAR,ND,AGL,CE,Combined TRACON& Tower with Radar,25,67,56,1,149,0,2,33,1,36,25,69,89,2,185,58,0,58,243
09/22/2017,FAR,ND,AGL,CE,Combined TRACON& Tower with Radar,28,69,55,2,154,0,0,12,0,12,28,69,67,2,166,40,0,40,206
09/23/2017,FAR,ND,AGL,CE,Combined TRACON& Tower with Radar,16,44,19,1,80,0,0,2,1,3,16,44,21,2,83,34,0,34,117
09/24/2017,FAR,ND,AGL,CE,Combined TRACON& Tower with Radar,21,34,21,0,76,0,0,0,0,0,21,34,21,0,76,0,0,0,76
09/25/2017,FAR,ND,AGL,CE,Combined TRACON& Tower with Radar,21,51,57,11,140,0,1,1,2,4,21,52,58,13,144,47,34,81,225
09/26/2017,FAR,ND,AGL,CE,Combined TRACON& Tower with Radar,23,59,55,16,153,0,0,7,0,7,23,59,62,16,160,36,12,48,208
09/27/2017,FAR,ND,AGL,CE,Combined TRACON& Tower with Radar,26,69,46,1,142,0,4,35,2,41,26,73,81,3,183,80,0,80,263
09/28/2017,FAR,ND,AGL,CE,Combined TRACON& Tower with Radar,18,68,45,2,133,0,10,53,1,64,18,78,98,3,197,104,6,110,307
09/29/2017,FAR,ND,AGL,CE,Combined TRACON& Tower with Radar,30,71,55,0,156,0,6,61,2,69,30,77,116,2,225,138,34,172,397
09/30/2017,FAR,ND,AGL,CE,Combined TRACON& Tower with Radar,20,37,24,7,88,0,2,13,0,15,20,39,37,7,103,8,0,8,111
10/01/2017,FAR,ND,AGL,CE,Combined TRACON& Tower with Radar,20,29,38,6,93,0,0,2,0,2,20,29,40,6,95,8,0,8,103
10/02/2017,FAR,ND,AGL,CE,Combined TRACON& Tower with Radar,28,56,42,1,127,0,5,33,0,38,28,61,75,1,165,120,2,122,287
10/03/2017,FAR,ND,AGL,CE,Combined TRACON& Tower with Radar,23,58,51,1,133,0,0,35,3,38,23,58,86,4,171,123,0,123,294
10/04/2017,FAR,ND,AGL,CE,Combined TRACON& Tower with Radar,26,61,54,4,145,0,6,43,3,52,26,67,97,7,197,34,0,34,231
10/05/2017,FAR,ND,AGL,CE,Combined TRACON& Tower with Radar,24,76,61,16,177,0,14,65,6,85,24,90,126,22,262,116,26,142,404
10/06/2017,FAR,ND,AGL,CE,Combined TRACON& Tower with Radar,24,73,44,14,155,0,13,21,2,36,24,86,65,16,191,60,16,76,267
10/07/2017,FAR,ND,AGL,CE,Combined TRACON& Tower with Radar,16,47,25,1,89,0,9,17,2,28,16,56,42,3,117,56,0,56,173
10/08/2017,FAR,ND,AGL,CE,Combined TRACON& Tower with Radar,19,31,25,0,75,0,0,23,0,23,19,31,48,0,98,26,0,26,124
10/09/2017,FAR,ND,AGL,CE,Combined TRACON& Tower with Radar,19,64,39,0,122,0,2,15,1,18,19,66,54,1,140,52,0,52,192
10/10/2017,FAR,ND,AGL,CE,Combined TRACON& Tower with Radar,20,67,39,0,126,0,10,51,4,65,20,77,90,4,191,114,8,122,313
10/11/2017,FAR,ND,AGL,CE,Combined TRACON& Tower with Radar,23,73,39,0,135,0,2,24,2,28,23,75,63,2,163,28,18,46,209
10/12/2017,FAR,ND,AGL,CE,Combined TRACON& Tower with Radar,24,63,53,0,140,0,4,18,9,31,24,67,71,9,171,20,16,36,207
10/13/2017,FAR,ND,AGL,CE,Combined TRACON& Tower with Radar,23,65,26,4,118,0,14,54,3,71,23,79,80,7,189,126,18,144,333
10/14/2017,FAR,ND,AGL,CE,Combined TRACON& Tower with Radar,17,28,16,0,61,0,0,9,4,13,17,28,25,4,74,14,0,14,88
10/15/2017,FAR,ND,AGL,CE,Combined TRACON& Tower with Radar,21,33,29,0,83,0,0,22,5,27,21,33,51,5,110,30,2,32,142
10/16/2017,FAR,ND,AGL,CE,Combined TRACON& Tower with Radar,19,60,39,0,118,0,2,40,2,44,19,62,79,2,162,135,0,135,297
10/17/2017,FAR,ND,AGL,CE,Combined TRACON& Tower with Radar,22,74,58,12,166,0,10,36,2,48,22,84,94,14,214,140,66,206,420
10/18/2017,FAR,ND,AGL,CE,Combined TRACON& Tower with Radar,24,69,44,2,139,0,6,19,1,26,24,75,63,3,165,47,10,57,222
10/19/2017,FAR,ND,AGL,CE,Combined TRACON& Tower with Radar,25,76,51,19,171,0,15,41,6,62,25,91,92,25,233,110,52,162,395
10/20/2017,FAR,ND,AGL,CE,Combined TRACON& Tower with Radar,23,56,30,0,109,0,0,23,3,26,23,56,53,3,135,6,0,6,141
10/21/2017,FAR,ND,AGL,CE,Combined TRACON& Tower with Radar,17,37,13,1,68,0,2,11,7,20,17,39,24,8,88,46,0,46,134
10/22/2017,FAR,ND,AGL,CE,Combined TRACON& Tower with Radar,17,36,40,0,93,0,11,14,0,25,17,47,54,0,118,30,0,30,148
10/23/2017,FAR,ND,AGL,CE,Combined TRACON& Tower with Radar,21,51,43,0,115,0,1,8,1,10,21,52,51,1,125,2,0,2,127
10/24/2017,FAR,ND,AGL,CE,Combined TRACON& Tower with Radar,23,93,50,0,166,0,7,30,0,37,23,100,80,0,203,54,0,54,257
10/25/2017,FAR,ND,AGL,CE,Combined TRACON& Tower with Radar,25,91,81,0,197,0,10,57,3,70,25,101,138,3,267,166,0,166,433
10/26/2017,FAR,ND,AGL,CE,Combined TRACON& Tower with Radar,24,55,41,0,120,0,0,0,2,2,24,55,41,2,122,6,0,6,128
10/27/2017,FAR,ND,AGL,CE,Combined TRACON& Tower with Radar,26,78,51,0,155,1,1,9,0,11,27,79,60,0,166,0,0,0,166
10/28/2017,FAR,ND,AGL,CE,Combined TRACON& Tower with Radar,19,38,24,0,81,0,0,11,2,13,19,38,35,2,94,48,4,52,146
10/29/2017,FAR,ND,AGL,CE,Combined TRACON& Tower with Radar,12,34,22,2,70,0,2,12,0,14,12,36,34,2,84,12,0,12,96
10/30/2017,FAR,ND,AGL,CE,Combined TRACON& Tower with Radar,19,52,53,0,124,0,2,2,0,4,19,54,55,0,128,6,0,6,134
10/31/2017,FAR,ND,AGL,CE,Combined TRACON& Tower with Radar,21,92,51,2,166,0,13,37,4,54,21,105,88,6,220,138,0,138,358
11/01/2017,FAR,ND,AGL,CE,Combined TRACON& Tower with Radar,25,54,48,5,132,0,0,0,1,1,25,54,48,6,133,0,0,0,133
11/02/2017,FAR,ND,AGL,CE,Combined TRACON& Tower with Radar,22,58,49,0,129,0,0,3,2,5,22,58,52,2,134,0,0,0,134
11/03/2017,FAR,ND,AGL,CE,Combined TRACON& Tower with Radar,20,60,29,0,109,0,0,5,0,5,20,60,34,0,114,18,0,18,132
11/04/2017,FAR,ND,AGL,CE,Combined TRACON& Tower with Radar,17,36,15,0,68,0,0,0,0,0,17,36,15,0,68,0,0,0,68
11/05/2017,FAR,ND,AGL,CE,Combined TRACON& Tower with Radar,20,35,27,0,82,0,0,5,2,7,20,35,32,2,89,48,0,48,137
11/06/2017,FAR,ND,AGL,CE,Combined TRACON& Tower with Radar,18,61,31,0,110,0,2,20,0,22,18,63,51,0,132,118,0,118,250
11/07/2017,FAR,ND,AGL,CE,Combined TRACON& Tower with Radar,16,104,47,0,167,0,9,47,0,56,16,113,94,0,223,116,0,116,339
11/08/2017,FAR,ND,AGL,CE,Combined TRACON& Tower with Radar,25,66,34,2,127,0,0,38,2,40,25,66,72,4,167,64,28,92,259
11/09/2017,FAR,ND,AGL,CE,Combined TRACON& Tower with Radar,20,87,44,1,152,0,8,44,4,56,20,95,88,5,208,136,0,136,344
11/10/2017,FAR,ND,AGL,CE,Combined TRACON& Tower with Radar,21,72,58,0,151,0,5,4,0,9,21,77,62,0,160,30,0,30,190
11/11/2017,FAR,ND,AGL,CE,Combined TRACON& Tower with Radar,15,30,32,0,77,0,1,52,4,57,15,31,84,4,134,78,0,78,212
11/12/2017,FAR,ND,AGL,CE,Combined TRACON& Tower with Radar,17,35,38,0,90,0,4,37,0,41,17,39,75,0,131,82,0,82,213
11/13/2017,FAR,ND,AGL,CE,Combined TRACON& Tower with Radar,26,84,36,0,146,0,8,19,1,28,26,92,55,1,174,88,0,88,262
11/14/2017,FAR,ND,AGL,CE,Combined TRACON& Tower with Radar,17,82,38,0,137,0,0,0,0,0,17,82,38,0,137,8,0,8,145
11/15/2017,FAR,ND,AGL,CE,Combined TRACON& Tower with Radar,17,72,58,1,148,0,1,7,1,9,17,73,65,2,157,16,0,16,173
11/16/2017,FAR,ND,AGL,CE,Combined TRACON& Tower with Radar,22,74,51,0,147,0,0,2,10,12,22,74,53,10,159,0,0,0,159
11/17/2017,FAR,ND,AGL,CE,Combined TRACON& Tower with Radar,22,81,47,2,152,0,18,52,4,74,22,99,99,6,226,226,22,248,474
11/18/2017,FAR,ND,AGL,CE,Combined TRACON& Tower with Radar,16,73,30,0,119,0,25,21,2,48,16,98,51,2,167,194,0,194,361
11/19/2017,FAR,ND,AGL,CE,Combined TRACON& Tower with Radar,21,38,34,0,93,0,10,51,1,62,21,48,85,1,155,98,0,98,253
11/20/2017,FAR,ND,AGL,CE,Combined TRACON& Tower with Radar,18,53,32,2,105,0,10,32,3,45,18,63,64,5,150,118,2,120,270
11/21/2017,FAR,ND,AGL,CE,Combined TRACON& Tower with Radar,20,72,47,4,143,0,11,16,13,40,20,83,63,17,183,66,20,86,269
11/22/2017,FAR,ND,AGL,CE,Combined TRACON& Tower with Radar,25,67,31,0,123,0,6,26,2,34,25,73,57,2,157,122,44,166,323
11/23/2017,FAR,ND,AGL,CE,Combined TRACON& Tower with Radar,13,9,5,0,27,0,0,7,1,8,13,9,12,1,35,12,0,12,47
11/24/2017,FAR,ND,AGL,CE,Combined TRACON& Tower with Radar,21,47,16,0,84,0,0,12,0,12,21,47,28,0,96,28,0,28,124
11/25/2017,FAR,ND,AGL,CE,Combined TRACON& Tower with Radar,16,47,17,0,80,0,4,18,3,25,16,51,35,3,105,96,0,96,201
11/26/2017,FAR,ND,AGL,CE,Combined TRACON& Tower with Radar,17,35,23,0,75,0,3,24,1,28,17,38,47,1,103,34,0,34,137
11/27/2017,FAR,ND,AGL,CE,Combined TRACON& Tower with Radar,23,71,33,0,127,0,27,24,1,52,23,98,57,1,179,144,0,144,323
11/28/2017,FAR,ND,AGL,CE,Combined TRACON& Tower with Radar,20,69,50,0,139,0,17,22,0,39,20,86,72,0,178,98,0,98,276
11/29/2017,FAR,ND,AGL,CE,Combined TRACON& Tower with Radar,19,64,56,2,141,0,5,8,4,17,19,69,64,6,158,18,2,20,178
11/30/2017,FAR,ND,AGL,CE,Combined TRACON& Tower with Radar,31,78,45,6,160,0,27,24,6,57,31,105,69,12,217,120,60,180,397
12/01/2017,FAR,ND,AGL,CE,Combined TRACON& Tower with Radar,22,68,47,1,138,0,10,40,7,57,22,78,87,8,195,192,56,248,443
12/02/2017,FAR,ND,AGL,CE,Combined TRACON& Tower with Radar,17,41,38,0,96,0,14,45,0,59,17,55,83,0,155,158,8,166,321
12/03/2017,FAR,ND,AGL,CE,Combined TRACON& Tower with Radar,22,38,25,1,86,0,2,31,6,39,22,40,56,7,125,84,2,86,211
12/04/2017,FAR,ND,AGL,CE,Combined TRACON& Tower with Radar,13,23,14,0,50,0,0,0,0,0,13,23,14,0,50,0,0,0,50
12/05/2017,FAR,ND,AGL,CE,Combined TRACON& Tower with Radar,23,70,41,0,134,0,1,14,0,15,23,71,55,0,149,66,0,66,215
12/06/2017,FAR,ND,AGL,CE,Combined TRACON& Tower with Radar,21,75,53,4,153,0,0,3,0,3,21,75,56,4,156,20,10,30,186
12/07/2017,FAR,ND,AGL,CE,Combined TRACON& Tower with Radar,24,74,46,7,151,0,6,23,1,30,24,80,69,8,181,118,14,132,313
12/08/2017,FAR,ND,AGL,CE,Combined TRACON& Tower with Radar,19,77,21,0,117,0,0,20,0,20,19,77,41,0,137,94,0,94,231
12/09/2017,FAR,ND,AGL,CE,Combined TRACON& Tower with Radar,16,56,19,0,91,0,10,31,0,41,16,66,50,0,132,176,0,176,308
12/10/2017,FAR,ND,AGL,CE,Combined TRACON& Tower with Radar,20,41,14,0,75,0,1,25,1,27,20,42,39,1,102,78,0,78,180
12/11/2017,FAR,ND,AGL,CE,Combined TRACON& Tower with Radar,19,51,38,0,108,0,10,0,0,10,19,61,38,0,118,30,0,30,148
12/12/2017,FAR,ND,AGL,CE,Combined TRACON& Tower with Radar,21,99,53,0,173,0,12,33,0,45,21,111,86,0,218,110,26,136,354
12/13/2017,FAR,ND,AGL,CE,Combined TRACON& Tower with Radar,20,52,36,3,111,0,1,0,0,1,20,53,36,3,112,12,0,12,124
12/14/2017,FAR,ND,AGL,CE,Combined TRACON& Tower with Radar,29,64,39,0,132,0,0,0,2,2,29,64,39,2,134,52,0,52,186
12/15/2017,FAR,ND,AGL,CE,Combined TRACON& Tower with Radar,19,66,44,2,131,0,0,1,2,3,19,66,45,4,134,58,0,58,192
12/16/2017,FAR,ND,AGL,CE,Combined TRACON& Tower with Radar,15,40,14,0,69,0,0,4,0,4,15,40,18,0,73,12,0,12,85
12/17/2017,FAR,ND,AGL,CE,Combined TRACON& Tower with Radar,19,42,21,0,82,0,0,10,0,10,19,42,31,0,92,42,0,42,134
12/18/2017,FAR,ND,AGL,CE,Combined TRACON& Tower with Radar,19,53,54,4,130,0,4,24,9,37,19,57,78,13,167,82,46,128,295
12/19/2017,FAR,ND,AGL,CE,Combined TRACON& Tower with Radar,23,85,54,2,164,0,7,46,0,53,23,92,100,2,217,200,62,262,479
12/20/2017,FAR,ND,AGL,CE,Combined TRACON& Tower with Radar,26,53,36,0,115,0,0,0,0,0,26,53,36,0,115,0,0,0,115
12/21/2017,FAR,ND,AGL,CE,Combined TRACON& Tower with Radar,31,80,47,0,158,0,0,13,9,22,31,80,60,9,180,78,22,100,280
12/22/2017,FAR,ND,AGL,CE,Combined TRACON& Tower with Radar,25,64,17,0,106,0,0,3,1,4,25,64,20,1,110,0,0,0,110
12/23/2017,FAR,ND,AGL,CE,Combined TRACON& Tower with Radar,20,45,11,0,76,0,0,18,0,18,20,45,29,0,94,100,0,100,194
12/24/2017,FAR,ND,AGL,CE,Combined TRACON& Tower with Radar,27,15,9,0,51,0,0,0,0,0,27,15,9,0,51,0,0,0,51
12/25/2017,FAR,ND,AGL,CE,Combined TRACON& Tower with Radar,19,15,9,0,43,0,0,0,0,0,19,15,9,0,43,6,0,6,49
12/26/2017,FAR,ND,AGL,CE,Combined TRACON& Tower with Radar,25,38,27,0,90,0,0,7,0,7,25,38,34,0,97,28,0,28,125
12/27/2017,FAR,ND,AGL,CE,Combined TRACON& Tower with Radar,26,58,27,0,111,0,7,18,10,35,26,65,45,10,146,112,36,148,294
12/28/2017,FAR,ND,AGL,CE,Combined TRACON& Tower with Radar,32,54,16,5,107,0,3,8,3,14,32,57,24,8,121,50,2,52,173
12/29/2017,FAR,ND,AGL,CE,Combined TRACON& Tower with Radar,24,64,20,7,115,0,2,19,1,22,24,66,39,8,137,132,52,184,321
12/30/2017,FAR,ND,AGL,CE,Combined TRACON& Tower with Radar,21,36,11,0,68,0,0,1,3,4,21,36,12,3,72,0,0,0,72
12/31/2017,FAR,ND,AGL,CE,Combined TRACON& Tower with Radar,24,15,6,0,45,0,0,4,0,4,24,15,10,0,49,10,0,10,59
01/01/2018,FAR,ND,AGL,CE,Combined TRACON& Tower with Radar,18,25,16,0,59,0,0,14,0,14,18,25,30,0,73,56,0,56,129
01/02/2018,FAR,ND,AGL,CE,Combined TRACON& Tower with Radar,23,52,30,0,105,0,0,5,0,5,23,52,35,0,110,8,0,8,118
01/03/2018,FAR,ND,AGL,CE,Combined TRACON& Tower with Radar,24,57,49,0,130,0,2,23,3,28,24,59,72,3,158,40,0,40,198
01/04/2018,FAR,ND,AGL,CE,Combined TRACON& Tower with Radar,33,77,37,2,149,0,2,4,6,12,33,79,41,8,161,62,0,62,223
01/05/2018,FAR,ND,AGL,CE,Combined TRACON& Tower with Radar,25,74,33,0,132,0,5,17,8,30,25,79,50,8,162,54,32,86,248
01/06/2018,FAR,ND,AGL,CE,Combined TRACON& Tower with Radar,23,36,38,0,97,0,0,4,0,4,23,36,42,0,101,10,0,10,111
01/07/2018,FAR,ND,AGL,CE,Combined TRACON& Tower with Radar,27,27,32,0,86,0,2,21,0,23,27,29,53,0,109,112,0,112,221
01/08/2018,FAR,ND,AGL,CE,Combined TRACON& Tower with Radar,21,63,30,0,114,0,12,31,2,45,21,75,61,2,159,106,0,106,265
01/09/2018,FAR,ND,AGL,CE,Combined TRACON& Tower with Radar,20,69,50,0,139,0,5,32,0,37,20,74,82,0,176,62,36,98,274
01/10/2018,FAR,ND,AGL,CE,Combined TRACON& Tower with Radar,17,64,35,0,116,0,0,0,0,0,17,64,35,0,116,58,32,90,206
01/11/2018,FAR,ND,AGL,CE,Combined TRACON& Tower with Radar,27,42,19,0,88,0,0,1,0,1,27,42,20,0,89,70,0,70,159
01/12/2018,FAR,ND,AGL,CE,Combined TRACON& Tower with Radar,20,69,22,0,111,0,5,8,0,13,20,74,30,0,124,94,28,122,246
01/13/2018,FAR,ND,AGL,CE,Combined TRACON& Tower with Radar,21,54,14,0,89,0,9,19,0,28,21,63,33,0,117,0,0,0,117
01/14/2018,FAR,ND,AGL,CE,Combined TRACON& Tower with Radar,21,23,21,0,65,0,0,0,0,0,21,23,21,0,65,0,0,0,65
01/15/2018,FAR,ND,AGL,CE,Combined TRACON& Tower with Radar,19,47,23,0,89,0,0,0,0,0,19,47,23,0,89,0,0,0,89
01/16/2018,FAR,ND,AGL,CE,Combined TRACON& Tower with Radar,20,67,43,0,130,0,5,17,0,22,20,72,60,0,152,64,0,64,216
01/17/2018,FAR,ND,AGL,CE,Combined TRACON& Tower with Radar,20,80,37,2,139,0,5,28,4,37,20,85,65,6,176,116,30,146,322
01/18/2018,FAR,ND,AGL,CE,Combined TRACON& Tower with Radar,26,76,35,3,140,0,12,35,11,58,26,88,70,14,198,80,54,134,332
01/19/2018,FAR,ND,AGL,CE,Combined TRACON& Tower with Radar,21,71,35,2,129,0,6,56,6,68,21,77,91,8,197,116,46,162,359
01/20/2018,FAR,ND,AGL,CE,Combined TRACON& Tower with Radar,19,56,15,0,90,0,7,18,0,25,19,63,33,0,115,116,0,116,231
01/21/2018,FAR,ND,AGL,CE,Combined TRACON& Tower with Radar,22,28,23,0,73,0,0,2,0,2,22,28,25,0,75,0,0,0,75
01/22/2018,FAR,ND,AGL,CE,Combined TRACON& Tower with Radar,18,52,22,1,93,0,0,0,0,0,18,52,22,1,93,0,0,0,93
01/23/2018,FAR,ND,AGL,CE,Combined TRACON& Tower with Radar,23,59,52,1,135,0,0,2,0,2,23,59,54,1,137,30,0,30,167
01/24/2018,FAR,ND,AGL,CE,Combined TRACON& Tower with Radar,20,59,33,2,114,0,0,0,0,0,20,59,33,2,114,0,0,0,114
01/25/2018,FAR,ND,AGL,CE,Combined TRACON& Tower with Radar,25,66,42,2,135,0,0,0,4,4,25,66,42,6,139,4,0,4,143
01/26/2018,FAR,ND,AGL,CE,Combined TRACON& Tower with Radar,23,52,31,8,114,0,0,6,0,6,23,52,37,8,120,0,4,4,124
01/27/2018,FAR,ND,AGL,CE,Combined TRACON& Tower with Radar,22,25,20,0,67,0,0,22,2,24,22,25,42,2,91,34,0,34,125
01/28/2018,FAR,ND,AGL,CE,Combined TRACON& Tower with Radar,25,27,11,0,63,0,5,13,1,19,25,32,24,1,82,8,0,8,90
01/29/2018,FAR,ND,AGL,CE,Combined TRACON& Tower with Radar,17,63,41,0,121,0,3,31,4,38,17,66,72,4,159,115,0,115,274
01/30/2018,FAR,ND,AGL,CE,Combined TRACON& Tower with Radar,21,51,27,0,99,0,2,2,2,6,21,53,29,2,105,0,0,0,105
01/31/2018,FAR,ND,AGL,CE,Combined TRACON& Tower with Radar,20,59,31,0,110,0,0,12,0,12,20,59,43,0,122,42,36,78,200
02/01/2018,FAR,ND,AGL,CE,Combined TRACON& Tower with Radar,26,82,50,0,158,0,4,20,2,26,26,86,70,2,184,94,8,102,286
02/02/2018,FAR,ND,AGL,CE,Combined TRACON& Tower with Radar,20,59,30,0,109,0,13,27,4,44,20,72,57,4,153,48,32,80,233
02/03/2018,FAR,ND,AGL,CE,Combined TRACON& Tower with Radar,21,29,12,0,62,0,0,0,0,0,21,29,12,0,62,0,0,0,62
02/04/2018,FAR,ND,AGL,CE,Combined TRACON& Tower with Radar,22,22,18,0,62,0,4,13,0,17,22,26,31,0,79,48,0,48,127
02/05/2018,FAR,ND,AGL,CE,Combined TRACON& Tower with Radar,16,56,28,0,100,0,3,22,0,25,16,59,50,0,125,48,0,48,173
02/06/2018,FAR,ND,AGL,CE,Combined TRACON& Tower with Radar,20,69,30,2,121,0,4,20,3,27,20,73,50,5,148,84,0,84,232
02/07/2018,FAR,ND,AGL,CE,Combined TRACON& Tower with Radar,22,75,40,15,152,0,12,25,3,40,22,87,65,18,192,34,18,52,244
02/08/2018,FAR,ND,AGL,CE,Combined TRACON& Tower with Radar,27,76,39,1,143,0,17,24,12,53,27,93,63,13,196,72,22,94,290
02/09/2018,FAR,ND,AGL,CE,Combined TRACON& Tower with Radar,23,58,31,2,114,0,11,26,3,40,23,69,57,5,154,88,0,88,242
02/10/2018,FAR,ND,AGL,CE,Combined TRACON& Tower with Radar,19,42,12,2,75,0,10,28,2,40,19,52,40,4,115,74,0,74,189
02/11/2018,FAR,ND,AGL,CE,Combined TRACON& Tower with Radar,24,23,20,1,68,0,2,10,2,14,24,25,30,3,82,12,0,12,94
02/12/2018,FAR,ND,AGL,CE,Combined TRACON& Tower with Radar,20,55,37,1,113,0,8,25,0,33,20,63,62,1,146,84,0,84,230
02/13/2018,FAR,ND,AGL,CE,Combined TRACON& Tower with Radar,22,69,50,0,141,0,5,22,2,29,22,74,72,2,170,24,0,24,194
02/14/2018,FAR,ND,AGL,CE,Combined TRACON& Tower with Radar,22,65,47,5,139,0,10,26,5,41,22,75,73,10,180,58,46,104,284
02/15/2018,FAR,ND,AGL,CE,Combined TRACON& Tower with Radar,28,63,43,0,134,0,0,0,4,4,28,63,43,4,138,0,2,2,140
02/16/2018,FAR,ND,AGL,CE,Combined TRACON& Tower with Radar,29,51,26,0,106,0,0,37,0,37,29,51,63,0,143,42,0,42,185
02/17/2018,FAR,ND,AGL,CE,Combined TRACON& Tower with Radar,27,50,22,0,99,0,6,25,3,34,27,56,47,3,133,96,0,96,229
02/18/2018,FAR,ND,AGL,CE,Combined TRACON& Tower with Radar,20,35,23,0,78,0,0,1,1,2,20,35,24,1,80,22,0,22,102
02/19/2018,FAR,ND,AGL,CE,Combined TRACON& Tower with Radar,21,62,24,0,107,0,0,19,3,22,21,62,43,3,129,0,0,0,129
02/20/2018,FAR,ND,AGL,CE,Combined TRACON& Tower with Radar,26,67,36,2,131,0,5,3,4,12,26,72,39,6,143,22,6,28,171
02/21/2018,FAR,ND,AGL,CE,Combined TRACON& Tower with Radar,25,76,53,0,154,0,7,27,4,38,25,83,80,4,192,70,0,70,262
02/22/2018,FAR,ND,AGL,CE,Combined TRACON& Tower with Radar,27,64,51,0,142,0,4,22,1,27,27,68,73,1,169,48,0,48,217
02/23/2018,FAR,ND,AGL,CE,Combined TRACON& Tower with Radar,26,76,29,0,131,0,7,23,3,33,26,83,52,3,164,120,18,138,302
02/24/2018,FAR,ND,AGL,CE,Combined TRACON& Tower with Radar,20,34,13,0,67,0,2,3,0,5,20,36,16,0,72,6,0,6,78
02/25/2018,FAR,ND,AGL,CE,Combined TRACON& Tower with Radar,24,34,23,0,81,0,1,19,0,20,24,35,42,0,101,30,0,30,131
02/26/2018,FAR,ND,AGL,CE,Combined TRACON& Tower with Radar,24,61,36,0,121,0,14,43,3,60,24,75,79,3,181,129,0,129,310
02/27/2018,FAR,ND,AGL,CE,Combined TRACON& Tower with Radar,24,85,33,0,142,0,7,36,0,43,24,92,69,0,185,48,0,48,233
02/28/2018,FAR,ND,AGL,CE,Combined TRACON& Tower with Radar,26,69,42,1,138,0,12,47,5,64,26,81,89,6,202,80,30,110,312
03/01/2018,FAR,ND,AGL,CE,Combined TRACON& Tower with Radar,28,74,49,0,151,0,13,44,6,63,28,87,93,6,214,120,18,138,352
03/02/2018,FAR,ND,AGL,CE,Combined TRACON& Tower with Radar,28,54,27,1,110,0,0,15,4,19,28,54,42,5,129,90,0,90,219
03/03/2018,FAR,ND,AGL,CE,Combined TRACON& Tower with Radar,19,45,21,1,86,0,0,28,3,31,19,45,49,4,117,70,0,70,187
03/04/2018,FAR,ND,AGL,CE,Combined TRACON& Tower with Radar,26,28,11,0,65,0,1,0,2,3,26,29,11,2,68,0,0,0,68
03/05/2018,FAR,ND,AGL,CE,Combined TRACON& Tower with Radar,16,28,2,0,46,0,0,0,0,0,16,28,2,0,46,0,0,0,46
03/06/2018,FAR,ND,AGL,CE,Combined TRACON& Tower with Radar,28,87,39,17,171,0,4,8,0,12,28,91,47,17,183,22,36,58,241
03/07/2018,FAR,ND,AGL,CE,Combined TRACON& Tower with Radar,28,84,43,1,156,0,0,34,2,36,28,84,77,3,192,84,0,84,276
03/08/2018,FAR,ND,AGL,CE,Combined TRACON& Tower with Radar,32,88,48,4,172,0,10,33,4,47,32,98,81,8,219,178,16,194,413
03/09/2018,FAR,ND,AGL,CE,Combined TRACON& Tower with Radar,31,63,37,0,131,0,2,21,0,23,31,65,58,0,154,60,0,60,214
03/10/2018,FAR,ND,AGL,CE,Combined TRACON& Tower with Radar,23,28,11,0,62,0,0,4,0,4,23,28,15,0,66,48,0,48,114
03/11/2018,FAR,ND,AGL,CE,Combined TRACON& Tower with Radar,28,25,35,0,88,0,2,17,1,20,28,27,52,1,108,32,0,32,140
03/12/2018,FAR,ND,AGL,CE,Combined TRACON& Tower with Radar,26,71,29,0,126,0,9,26,3,38,26,80,55,3,164,110,0,110,274
03/13/2018,FAR,ND,AGL,CE,Combined TRACON& Tower with Radar,29,78,55,3,165,0,12,25,3,40,29,90,80,6,205,28,0,28,233
03/14/2018,FAR,ND,AGL,CE,Combined TRACON& Tower with Radar,31,84,35,0,150,0,14,47,12,73,31,98,82,12,223,104,48,152,375
03/15/2018,FAR,ND,AGL,CE,Combined TRACON& Tower with Radar,34,75,48,2,159,0,3,41,13,57,34,78,89,15,216,126,68,194,410
03/16/2018,FAR,ND,AGL,CE,Combined TRACON& Tower with Radar,28,75,35,0,138,0,15,49,12,76,28,90,84,12,214,111,52,163,377
03/17/2018,FAR,ND,AGL,CE,Combined TRACON& Tower with Radar,22,40,9,0,71,0,2,55,2,59,22,42,64,2,130,100,0,100,230
03/18/2018,FAR,ND,AGL,CE,Combined TRACON& Tower with Radar,26,26,26,0,78,0,4,7,0,11,26,30,33,0,89,2,0,2,91
03/19/2018,FAR,ND,AGL,CE,Combined TRACON& Tower with Radar,29,45,36,0,110,0,0,5,2,7,29,45,41,2,117,12,0,12,129
03/20/2018,FAR,ND,AGL,CE,Combined TRACON& Tower with Radar,28,60,35,0,123,0,0,2,0,2,28,60,37,0,125,0,0,0,125
03/21/2018,FAR,ND,AGL,CE,Combined TRACON& Tower with Radar,30,57,31,0,118,0,1,1,6,8,30,58,32,6,126,8,0,8,134
03/22/2018,FAR,ND,AGL,CE,Combined TRACON& Tower with Radar,31,69,52,0,152,0,3,30,10,43,31,72,82,10,195,106,8,114,309
03/23/2018,FAR,ND,AGL,CE,Combined TRACON& Tower with Radar,28,58,27,0,113,0,1,26,3,30,28,59,53,3,143,64,22,86,229
03/24/2018,FAR,ND,AGL,CE,Combined TRACON& Tower with Radar,22,28,26,0,76,0,1,15,1,17,22,29,41,1,93,8,0,8,101
03/25/2018,FAR,ND,AGL,CE,Combined TRACON& Tower with Radar,29,25,15,0,69,0,0,2,0,2,29,25,17,0,71,0,0,0,71
03/26/2018,FAR,ND,AGL,CE,Combined TRACON& Tower with Radar,27,42,28,1,98,0,0,0,0,0,27,42,28,1,98,0,0,0,98
03/27/2018,FAR,ND,AGL,CE,Combined TRACON& Tower with Radar,26,73,45,3,147,0,6,24,2,32,26,79,69,5,179,52,0,52,231
03/28/2018,FAR,ND,AGL,CE,Combined TRACON& Tower with Radar,30,56,46,0,132,0,0,17,1,18,30,56,63,1,150,16,0,16,166
03/29/2018,FAR,ND,AGL,CE,Combined TRACON& Tower with Radar,31,95,48,6,180,0,1,46,13,60,31,96,94,19,240,120,46,166,406
03/30/2018,FAR,ND,AGL,CE,Combined TRACON& Tower with Radar,27,67,17,2,113,0,0,16,3,19,27,67,33,5,132,76,2,78,210
03/31/2018,FAR,ND,AGL,CE,Combined TRACON& Tower with Radar,16,40,6,0,62,0,6,9,0,15,16,46,15,0,77,18,0,18,95
04/01/2018,FAR,ND,AGL,CE,Combined TRACON& Tower with Radar,27,28,14,0,69,0,2,9,0,11,27,30,23,0,80,12,0,12,92
04/02/2018,FAR,ND,AGL,CE,Combined TRACON& Tower with Radar,25,43,20,0,88,0,0,3,0,3,25,43,23,0,91,0,0,0,91
04/03/2018,FAR,ND,AGL,CE,Combined TRACON& Tower with Radar,31,93,36,0,160,0,7,20,0,27,31,100,56,0,187,78,0,78,265
04/04/2018,FAR,ND,AGL,CE,Combined TRACON& Tower with Radar,28,96,48,0,172,0,8,44,4,56,28,104,92,4,228,92,22,114,342
04/05/2018,FAR,ND,AGL,CE,Combined TRACON& Tower with Radar,28,64,54,0,146,0,2,4,7,13,28,66,58,7,159,14,32,46,205
04/06/2018,FAR,ND,AGL,CE,Combined TRACON& Tower with Radar,24,62,41,0,127,0,12,22,0,34,24,74,63,0,161,52,0,52,213
04/07/2018,FAR,ND,AGL,CE,Combined TRACON& Tower with Radar,18,51,23,4,96,0,17,43,3,63,18,68,66,7,159,112,32,144,303
04/08/2018,FAR,ND,AGL,CE,Combined TRACON& Tower with Radar,22,23,11,0,56,0,0,2,3,5,22,23,13,3,61,14,0,14,75
04/09/2018,FAR,ND,AGL,CE,Combined TRACON& Tower with Radar,19,73,47,0,139,0,6,24,0,30,19,79,71,0,169,84,0,84,253
04/10/2018,FAR,ND,AGL,CE,Combined TRACON& Tower with Radar,22,93,44,3,162,0,8,22,2,32,22,101,66,5,194,150,10,160,354
04/11/2018,FAR,ND,AGL,CE,Combined TRACON& Tower with Radar,22,71,48,6,147,0,2,24,1,27,22,73,72,7,174,70,67,137,311
04/12/2018,FAR,ND,AGL,CE,Combined TRACON& Tower with Radar,30,69,36,0,135,0,12,3,0,15,30,81,39,0,150,28,0,28,178
04/13/2018,FAR,ND,AGL,CE,Combined TRACON& Tower with Radar,20,73,23,2,118,0,4,16,2,22,20,77,39,4,140,43,6,49,189
04/14/2018,FAR,ND,AGL,CE,Combined TRACON& Tower with Radar,29,54,7,1,91,0,17,15,0,32,29,71,22,1,123,74,0,74,197
04/15/2018,FAR,ND,AGL,CE,Combined TRACON& Tower with Radar,28,34,23,3,88,0,3,26,0,29,28,37,49,3,117,56,0,56,173
04/16/2018,FAR,ND,AGL,CE,Combined TRACON& Tower with Radar,21,73,42,0,136,0,29,41,1,71,21,102,83,1,207,86,0,86,293
04/17/2018,FAR,ND,AGL,CE,Combined TRACON& Tower with Radar,23,99,52,0,174,0,11,38,2,51,23,110,90,2,225,64,1,65,290
04/18/2018,FAR,ND,AGL,CE,Combined TRACON& Tower with Radar,20,97,39,0,156,0,27,31,2,60,20,124,70,2,216,138,26,164,380
04/19/2018,FAR,ND,AGL,CE,Combined TRACON& Tower with Radar,24,81,56,7,168,0,11,64,6,81,24,92,120,13,249,186,6,192,441
04/20/2018,FAR,ND,AGL,CE,Combined TRACON& Tower with Radar,20,84,38,4,146,0,15,31,3,49,20,99,69,7,195,79,0,79,274
04/21/2018,FAR,ND,AGL,CE,Combined TRACON& Tower with Radar,14,49,16,0,79,0,4,35,0,39,14,53,51,0,118,114,0,114,232
04/22/2018,FAR,ND,AGL,CE,Combined TRACON& Tower with Radar,20,41,25,0,86,0,7,23,2,32,20,48,48,2,118,58,0,58,176
04/23/2018,FAR,ND,AGL,CE,Combined TRACON& Tower with Radar,17,82,41,1,141,0,16,62,3,81,17,98,103,4,222,222,0,222,444
04/24/2018,FAR,ND,AGL,CE,Combined TRACON& Tower with Radar,22,73,61,0,156,0,12,15,2,29,22,85,76,2,185,54,0,54,239
04/25/2018,FAR,ND,AGL,CE,Combined TRACON& Tower with Radar,20,87,63,0,170,0,2,39,2,43,20,89,102,2,213,102,0,102,315
04/26/2018,FAR,ND,AGL,CE,Combined TRACON& Tower with Radar,24,79,46,5,154,0,16,29,7,52,24,95,75,12,206,36,4,40,246
04/27/2018,FAR,ND,AGL,CE,Combined TRACON& Tower with Radar,22,65,43,1,131,0,4,11,0,15,22,69,54,1,146,22,0,22,168
04/28/2018,FAR,ND,AGL,CE,Combined TRACON& Tower with Radar,14,78,18,0,110,0,6,45,2,53,14,84,63,2,163,90,0,90,253
04/29/2018,FAR,ND,AGL,CE,Combined TRACON& Tower with Radar,19,30,21,0,70,0,4,4,0,8,19,34,25,0,78,0,0,0,78
04/30/2018,FAR,ND,AGL,CE,Combined TRACON& Tower with Radar,17,59,36,2,114,0,0,31,1,32,17,59,67,3,146,54,0,54,200
05/01/2018,FAR,ND,AGL,CE,Combined TRACON& Tower with Radar,21,55,49,0,125,0,0,3,0,3,21,55,52,0,128,4,0,4,132
05/02/2018,FAR,ND,AGL,CE,Combined TRACON& Tower with Radar,23,75,37,0,135,0,12,51,2,65,23,87,88,2,200,62,0,62,262
05/03/2018,FAR,ND,AGL,CE,Combined TRACON& Tower with Radar,26,93,57,5,181,0,9,42,8,59,26,102,99,13,240,94,8,102,342
05/04/2018,FAR,ND,AGL,CE,Combined TRACON& Tower with Radar,22,88,43,1,154,0,11,41,3,55,22,99,84,4,209,72,12,84,293
05/05/2018,FAR,ND,AGL,CE,Combined TRACON& Tower with Radar,14,56,16,13,99,0,8,36,2,46,14,64,52,15,145,72,14,86,231
05/06/2018,FAR,ND,AGL,CE,Combined TRACON& Tower with Radar,20,36,19,0,75,0,0,37,1,38,20,36,56,1,113,36,0,36,149
05/07/2018,FAR,ND,AGL,CE,Combined TRACON& Tower with Radar,18,60,17,0,95,0,2,28,0,30,18,62,45,0,125,49,0,49,174
05/08/2018,FAR,ND,AGL,CE,Combined TRACON& Tower with Radar,20,94,74,0,188,0,0,10,0,10,20,94,84,0,198,29,0,29,227
05/09/2018,FAR,ND,AGL,CE,Combined TRACON& Tower with Radar,20,72,60,4,156,0,6,17,2,25,20,78,77,6,181,48,0,48,229
05/10/2018,FAR,ND,AGL,CE,Combined TRACON& Tower with Radar,22,95,46,0,163,0,12,47,7,66,22,107,93,7,229,98,0,98,327
05/11/2018,FAR,ND,AGL,CE,Combined TRACON& Tower with Radar,23,84,40,0,147,0,2,55,10,67,23,86,95,10,214,66,0,66,280
05/12/2018,FAR,ND,AGL,CE,Combined TRACON& Tower with Radar,12,50,20,0,82,0,8,41,0,49,12,58,61,0,131,58,0,58,189
05/13/2018,FAR,ND,AGL,CE,Combined TRACON& Tower with Radar,17,32,14,0,63,0,0,41,0,41,17,32,55,0,104,28,0,28,132
05/14/2018,FAR,ND,AGL,CE,Combined TRACON& Tower with Radar,17,61,49,0,127,0,5,24,1,30,17,66,73,1,157,106,0,106,263
05/15/2018,FAR,ND,AGL,CE,Combined TRACON& Tower with Radar,21,66,39,0,126,0,6,30,0,36,21,72,69,0,162,60,0,60,222
05/16/2018,FAR,ND,AGL,CE,Combined TRACON& Tower with Radar,19,73,61,0,153,0,22,40,2,64,19,95,101,2,217,174,0,174,391
05/17/2018,FAR,ND,AGL,CE,Combined TRACON& Tower with Radar,30,76,45,0,151,0,4,15,0,19,30,80,60,0,170,32,0,32,202
05/18/2018,FAR,ND,AGL,CE,Combined TRACON& Tower with Radar,20,73,48,0,141,0,5,14,0,19,20,78,62,0,160,66,0,66,226
05/19/2018,FAR,ND,AGL,CE,Combined TRACON& Tower with Radar,12,47,31,0,90,0,11,16,2,29,12,58,47,2,119,54,0,54,173
05/20/2018,FAR,ND,AGL,CE,Combined TRACON& Tower with Radar,28,42,28,0,98,0,4,44,1,49,28,46,72,1,147,94,0,94,241
05/21/2018,FAR,ND,AGL,CE,Combined TRACON& Tower with Radar,20,63,47,0,130,0,2,50,0,52,20,65,97,0,182,123,0,123,305
05/22/2018,FAR,ND,AGL,CE,Combined TRACON& Tower with Radar,24,65,64,6,159,0,5,25,8,38,24,70,89,14,197,124,16,140,337
05/23/2018,FAR,ND,AGL,CE,Combined TRACON& Tower with Radar,22,69,50,3,144,0,8,34,6,48,22,77,84,9,192,82,48,130,322
05/24/2018,FAR,ND,AGL,CE,Combined TRACON& Tower with Radar,28,58,42,2,130,0,11,26,7,44,28,69,68,9,174,68,4,72,246
05/25/2018,FAR,ND,AGL,CE,Combined TRACON& Tower with Radar,20,70,38,0,128,0,9,45,0,54,20,79,83,0,182,86,0,86,268
05/26/2018,FAR,ND,AGL,CE,Combined TRACON& Tower with Radar,14,45,13,0,72,0,5,21,0,26,14,50,34,0,98,32,0,32,130
05/27/2018,FAR,ND,AGL,CE,Combined TRACON& Tower with Radar,21,19,12,0,52,0,8,7,2,17,21,27,19,2,69,0,0,0,69
05/28/2018,FAR,ND,AGL,CE,Combined TRACON& Tower with Radar,24,39,18,1,82,0,6,30,3,39,24,45,48,4,121,58,0,58,179
05/29/2018,FAR,ND,AGL,CE,Combined TRACON& Tower with Radar,30,60,43,0,133,0,2,22,1,25,30,62,65,1,158,43,0,43,201
05/30/2018,FAR,ND,AGL,CE,Combined TRACON& Tower with Radar,22,67,33,11,133,0,1,19,10,30,22,68,52,21,163,83,34,117,280
05/31/2018,FAR,ND,AGL,CE,Combined TRACON& Tower with Radar,27,75,74,5,181,0,21,40,9,70,27,96,114,14,251,118,44,162,413
06/01/2018,FAR,ND,AGL,CE,Combined TRACON& Tower with Radar,20,60,34,0,114,0,6,10,0,16,20,66,44,0,130,46,0,46,176
06/02/2018,FAR,ND,AGL,CE,Combined TRACON& Tower with Radar,14,42,11,0,67,0,0,5,0,5,14,42,16,0,72,16,0,16,88
06/03/2018,FAR,ND,AGL,CE,Combined TRACON& Tower with Radar,23,36,28,0,87,0,0,11,0,11,23,36,39,0,98,12,0,12,110
06/04/2018,FAR,ND,AGL,CE,Combined TRACON& Tower with Radar,17,60,51,12,140,0,12,61,1,74,17,72,112,13,214,100,34,134,348
06/05/2018,FAR,ND,AGL,CE,Combined TRACON& Tower with Radar,24,76,49,0,149,0,2,47,10,59,24,78,96,10,208,58,0,58,266
06/06/2018,FAR,ND,AGL,CE,Combined TRACON& Tower with Radar,22,66,51,3,142,0,24,48,2,74,22,90,99,5,216,150,16,166,382
06/07/2018,FAR,ND,AGL,CE,Combined TRACON& Tower with Radar,28,80,48,18,174,0,17,38,9,64,28,97,86,27,238,60,58,118,356
06/08/2018,FAR,ND,AGL,CE,Combined TRACON& Tower with Radar,16,70,32,0,118,0,10,39,17,66,16,80,71,17,184,36,0,36,220
06/09/2018,FAR,ND,AGL,CE,Combined TRACON& Tower with Radar,13,47,22,0,82,0,4,29,24,57,13,51,51,24,139,80,8,88,227
06/10/2018,FAR,ND,AGL,CE,Combined TRACON& Tower with Radar,24,35,20,0,79,0,0,20,7,27,24,35,40,7,106,14,0,14,120
06/11/2018,FAR,ND,AGL,CE,Combined TRACON& Tower with Radar,15,62,45,0,122,0,0,4,0,4,15,62,49,0,126,90,26,116,242
06/12/2018,FAR,ND,AGL,CE,Combined TRACON& Tower with Radar,22,84,92,9,207,0,4,65,4,73,22,88,157,13,280,0,0,0,280
06/13/2018,FAR,ND,AGL,CE,Combined TRACON& Tower with Radar,20,84,53,2,159,0,6,58,4,68,20,90,111,6,227,120,2,122,349
06/14/2018,FAR,ND,AGL,CE,Combined TRACON& Tower with Radar,23,65,49,2,139,0,3,26,10,39,23,68,75,12,178,60,22,82,260
06/15/2018,FAR,ND,AGL,CE,Combined TRACON& Tower with Radar,18,78,29,3,128,0,8,36,2,46,18,86,65,5,174,78,20,98,272
06/16/2018,FAR,ND,AGL,CE,Combined TRACON& Tower with Radar,17,36,15,0,68,0,0,5,1,6,17,36,20,1,74,20,0,20,94
06/17/2018,FAR,ND,AGL,CE,Combined TRACON& Tower with Radar,20,38,24,0,82,0,2,6,0,8,20,40,30,0,90,2,0,2,92
06/18/2018,FAR,ND,AGL,CE,Combined TRACON& Tower with Radar,15,64,51,0,130,0,1,40,0,41,15,65,91,0,171,90,0,90,261
06/19/2018,FAR,ND,AGL,CE,Combined TRACON& Tower with Radar,22,73,60,0,155,0,4,51,3,58,22,77,111,3,213,49,0,49,262
06/20/2018,FAR,ND,AGL,CE,Combined TRACON& Tower with Radar,20,77,69,8,174,0,16,37,2,55,20,93,106,10,229,102,12,114,343
06/21/2018,FAR,ND,AGL,CE,Combined TRACON& Tower with Radar,26,77,50,4,157,0,12,43,17,72,26,89,93,21,229,128,11,139,368
06/22/2018,FAR,ND,AGL,CE,Combined TRACON& Tower with Radar,18,83,38,2,141,0,5,38,5,48,18,88,76,7,189,101,20,121,310
06/23/2018,FAR,ND,AGL,CE,Combined TRACON& Tower with Radar,17,52,27,0,96,0,8,33,0,41,17,60,60,0,137,62,0,62,199
06/24/2018,FAR,ND,AGL,CE,Combined TRACON& Tower with Radar,23,40,11,3,77,0,0,13,1,14,23,40,24,4,91,8,0,8,99
06/25/2018,FAR,ND,AGL,CE,Combined TRACON& Tower with Radar,15,64,43,0,122,0,0,17,0,17,15,64,60,0,139,60,0,60,199
06/26/2018,FAR,ND,AGL,CE,Combined TRACON& Tower with Radar,23,81,38,20,162,0,4,50,4,58,23,85,88,24,220,43,24,67,287
06/27/2018,FAR,ND,AGL,CE,Combined TRACON& Tower with Radar,20,69,66,8,163,0,2,43,6,51,20,71,109,14,214,58,2,60,274
06/28/2018,FAR,ND,AGL,CE,Combined TRACON& Tower with Radar,23,71,51,2,147,0,2,36,2,40,23,73,87,4,187,48,0,48,235
06/29/2018,FAR,ND,AGL,CE,Combined TRACON& Tower with Radar,19,86,47,0,152,0,3,27,0,30,19,89,74,0,182,48,0,48,230
06/30/2018,FAR,ND,AGL,CE,Combined TRACON& Tower with Radar,12,59,29,0,100,0,14,12,3,29,12,73,41,3,129,14,2,16,145
07/01/2018,FAR,ND,AGL,CE,Combined TRACON& Tower with Radar,24,33,23,0,80,0,0,20,2,22,24,33,43,2,102,6,0,6,108
07/02/2018,FAR,ND,AGL,CE,Combined TRACON& Tower with Radar,14,86,16,2,118,0,11,29,4,44,14,97,45,6,162,60,0,60,222
07/03/2018,FAR,ND,AGL,CE,Combined TRACON& Tower with Radar,19,71,25,0,115,0,0,18,5,23,19,71,43,5,138,23,0,23,161
07/04/2018,FAR,ND,AGL,CE,Combined TRACON& Tower with Radar,11,22,15,0,48,0,0,13,0,13,11,22,28,0,61,2,0,2,63
07/05/2018,FAR,ND,AGL,CE,Combined TRACON& Tower with Radar,21,69,28,0,118,0,8,54,1,63,21,77,82,1,181,30,0,30,211
07/06/2018,FAR,ND,AGL,CE,Combined TRACON& Tower with Radar,20,65,34,0,119,0,6,42,3,51,20,71,76,3,170,20,0,20,190
07/07/2018,FAR,ND,AGL,CE,Combined TRACON& Tower with Radar,14,43,13,0,70,0,6,26,2,34,14,49,39,2,104,8,0,8,112
07/08/2018,FAR,ND,AGL,CE,Combined TRACON& Tower with Radar,21,30,20,2,73,0,2,16,3,21,21,32,36,5,94,17,0,17,111
07/09/2018,FAR,ND,AGL,CE,Combined TRACON& Tower with Radar,21,77,57,2,157,0,6,40,5,51,21,83,97,7,208,54,2,56,264
07/10/2018,FAR,ND,AGL,CE,Combined TRACON& Tower with Radar,27,78,53,0,158,0,0,41,0,41,27,78,94,0,199,54,0,54,253
07/11/2018,FAR,ND,AGL,CE,Combined TRACON& Tower with Radar,24,83,53,1,161,0,31,31,5,67,24,114,84,6,228,166,12,178,406
07/12/2018,FAR,ND,AGL,CE,Combined TRACON& Tower with Radar,38,74,54,5,171,0,32,69,8,109,38,106,123,13,280,158,24,182,462
07/13/2018,FAR,ND,AGL,CE,Combined TRACON& Tower with Radar,29,77,34,1,141,0,6,63,6,75,29,83,97,7,216,122,8,130,346
07/14/2018,FAR,ND,AGL,CE,Combined TRACON& Tower with Radar,14,48,25,0,87,0,0,35,3,38,14,48,60,3,125,46,0,46,171
07/15/2018,FAR,ND,AGL,CE,Combined TRACON& Tower with Radar,18,29,23,0,70,0,4,50,1,55,18,33,73,1,125,44,0,44,169
07/16/2018,FAR,ND,AGL,CE,Combined TRACON& Tower with Radar,20,62,29,2,113,0,2,32,2,36,20,64,61,4,149,52,0,52,201
07/17/2018,FAR,ND,AGL,CE,Combined TRACON& Tower with Radar,30,62,47,2,141,0,0,71,0,71,30,62,118,2,212,74,0,74,286
07/18/2018,FAR,ND,AGL,CE,Combined TRACON& Tower with Radar,24,83,39,3,149,0,11,63,0,74,24,94,102,3,223,128,12,140,363
07/19/2018,FAR,ND,AGL,CE,Combined TRACON& Tower with Radar,27,62,54,2,145,0,0,0,2,2,27,62,54,4,147,16,0,16,163
07/20/2018,FAR,ND,AGL,CE,Combined TRACON& Tower with Radar,25,76,31,6,138,0,1,7,1,9,25,77,38,7,147,22,0,22,169
07/21/2018,FAR,ND,AGL,CE,Combined TRACON& Tower with Radar,14,72,40,0,126,0,3,21,1,25,14,75,61,1,151,40,2,42,193
07/22/2018,FAR,ND,AGL,CE,Combined TRACON& Tower with Radar,21,30,24,0,75,0,0,26,2,28,21,30,50,2,103,10,4,14,117
07/23/2018,FAR,ND,AGL,CE,Combined TRACON& Tower with Radar,19,80,46,2,147,0,4,47,4,55,19,84,93,6,202,82,0,82,284
07/24/2018,FAR,ND,AGL,CE,Combined TRACON& Tower with Radar,26,62,44,5,137,0,1,49,4,54,26,63,93,9,191,26,4,30,221
07/25/2018,FAR,ND,AGL,CE,Combined TRACON& Tower with Radar,24,87,59,4,174,0,16,26,4,46,24,103,85,8,220,122,10,132,352
07/26/2018,FAR,ND,AGL,CE,Combined TRACON& Tower with Radar,26,71,35,3,135,0,10,56,35,101,26,81,91,38,236,48,12,60,296
07/27/2018,FAR,ND,AGL,CE,Combined TRACON& Tower with Radar,22,56,35,6,119,0,2,56,30,88,22,58,91,36,207,76,28,104,311
07/28/2018,FAR,ND,AGL,CE,Combined TRACON& Tower with Radar,12,38,17,0,67,0,6,46,25,77,12,44,63,25,144,136,0,136,280
07/29/2018,FAR,ND,AGL,CE,Combined TRACON& Tower with Radar,19,30,21,2,72,0,3,51,12,66,19,33,72,14,138,160,4,164,302
07/30/2018,FAR,ND,AGL,CE,Combined TRACON& Tower with Radar,23,53,48,5,129,0,2,62,4,68,23,55,110,9,197,76,4,80,277
07/31/2018,FAR,ND,AGL,CE,Combined TRACON& Tower with Radar,27,70,81,0,178,0,5,41,2,48,27,75,122,2,226,76,0,76,302
08/01/2018,FAR,ND,AGL,CE,Combined TRACON& Tower with Radar,25,84,74,0,183,0,10,27,0,37,25,94,101,0,220,112,0,112,332
08/02/2018,FAR,ND,AGL,CE,Combined TRACON& Tower with Radar,25,68,78,6,177,0,14,44,8,66,25,82,122,14,243,136,22,158,401
08/03/2018,FAR,ND,AGL,CE,Combined TRACON& Tower with Radar,30,69,40,0,139,0,16,38,0,54,30,85,78,0,193,92,0,92,285
08/04/2018,FAR,ND,AGL,CE,Combined TRACON& Tower with Radar,18,46,21,0,85,0,13,16,6,35,18,59,37,6,120,52,22,74,194
08/05/2018,FAR,ND,AGL,CE,Combined TRACON& Tower with Radar,23,36,37,0,96,0,4,47,0,51,23,40,84,0,147,54,0,54,201
08/06/2018,FAR,ND,AGL,CE,Combined TRACON& Tower with Radar,19,46,38,2,105,0,6,41,0,47,19,52,79,2,152,50,0,50,202
08/07/2018,FAR,ND,AGL,CE,Combined TRACON& Tower with Radar,26,69,51,1,147,0,10,45,5,60,26,79,96,6,207,52,0,52,259
08/08/2018,FAR,ND,AGL,CE,Combined TRACON& Tower with Radar,24,63,50,5,142,0,2,66,3,71,24,65,116,8,213,134,12,146,359
08/09/2018,FAR,ND,AGL,CE,Combined TRACON& Tower with Radar,28,56,43,0,127,0,5,34,8,47,28,61,77,8,174,96,8,104,278
08/10/2018,FAR,ND,AGL,CE,Combined TRACON& Tower with Radar,22,67,38,0,127,0,8,40,3,51,22,75,78,3,178,52,2,54,232
08/11/2018,FAR,ND,AGL,CE,Combined TRACON& Tower with Radar,14,48,24,0,86,0,3,22,4,29,14,51,46,4,115,62,0,62,177
08/12/2018,FAR,ND,AGL,CE,Combined TRACON& Tower with Radar,21,26,24,0,71,0,0,20,1,21,21,26,44,1,92,20,0,20,112
08/13/2018,FAR,ND,AGL,CE,Combined TRACON& Tower with Radar,14,58,50,0,122,0,5,24,1,30,14,63,74,1,152,64,0,64,216
08/14/2018,FAR,ND,AGL,CE,Combined TRACON& Tower with Radar,22,66,44,2,134,0,2,52,3,57,22,68,96,5,191,70,0,70,261
08/15/2018,FAR,ND,AGL,CE,Combined TRACON& Tower with Radar,21,64,50,0,135,0,5,56,0,61,21,69,106,0,196,76,0,76,272
08/16/2018,FAR,ND,AGL,CE,Combined TRACON& Tower with Radar,22,77,57,2,158,0,10,43,3,56,22,87,100,5,214,86,0,86,300
08/17/2018,FAR,ND,AGL,CE,Combined TRACON& Tower with Radar,18,74,39,2,133,0,2,38,2,42,18,76,77,4,175,98,0,98,273
08/18/2018,FAR,ND,AGL,CE,Combined TRACON& Tower with Radar,12,37,12,0,61,0,4,13,0,17,12,41,25,0,78,28,0,28,106
08/19/2018,FAR,ND,AGL,CE,Combined TRACON& Tower with Radar,17,30,24,0,71,0,0,4,2,6,17,30,28,2,77,12,0,12,89
08/20/2018,FAR,ND,AGL,CE,Combined TRACON& Tower with Radar,14,57,38,0,109,0,2,36,2,40,14,59,74,2,149,40,0,40,189
08/21/2018,FAR,ND,AGL,CE,Combined TRACON& Tower with Radar,24,65,63,0,152,0,3,41,2,46,24,68,104,2,198,66,0,66,264
08/22/2018,FAR,ND,AGL,CE,Combined TRACON& Tower with Radar,22,56,50,2,130,0,6,33,2,41,22,62,83,4,171,56,6,62,233
08/23/2018,FAR,ND,AGL,CE,Combined TRACON& Tower with Radar,28,77,43,5,153,0,2,16,5,23,28,79,59,10,176,30,14,44,220
08/24/2018,FAR,ND,AGL,CE,Combined TRACON& Tower with Radar,20,53,47,2,122,0,2,5,4,11,20,55,52,6,133,14,0,14,147
08/25/2018,FAR,ND,AGL,CE,Combined TRACON& Tower with Radar,12,40,17,0,69,0,2,22,1,25,12,42,39,1,94,26,0,26,120
08/26/2018,FAR,ND,AGL,CE,Combined TRACON& Tower with Radar,19,25,20,0,64,0,0,9,2,11,19,25,29,2,75,46,0,46,121
08/27/2018,FAR,ND,AGL,CE,Combined TRACON& Tower with Radar,19,50,43,2,114,0,2,6,0,8,19,52,49,2,122,34,0,34,156
08/28/2018,FAR,ND,AGL,CE,Combined TRACON& Tower with Radar,24,70,61,4,159,0,3,14,2,19,24,73,75,6,178,78,0,78,256
08/29/2018,FAR,ND,AGL,CE,Combined TRACON& Tower with Radar,22,52,43,0,117,0,7,49,2,58,22,59,92,2,175,116,0,116,291
08/30/2018,FAR,ND,AGL,CE,Combined TRACON& Tower with Radar,27,60,71,7,165,0,3,18,11,32,27,63,89,18,197,6,28,34,231
08/31/2018,FAR,ND,AGL,CE,Combined TRACON& Tower with Radar,21,58,54,2,135,0,0,10,2,12,21,58,64,4,147,28,0,28,175
09/01/2018,FAR,ND,AGL,CE,Combined TRACON& Tower with Radar,15,28,33,0,76,0,1,50,2,53,15,29,83,2,129,32,0,32,161
09/02/2018,FAR,ND,AGL,CE,Combined TRACON& Tower with Radar,15,20,16,0,51,0,1,16,0,17,15,21,32,0,68,0,0,0,68
09/03/2018,FAR,ND,AGL,CE,Combined TRACON& Tower with Radar,15,30,27,0,72,0,6,26,3,35,15,36,53,3,107,50,0,50,157
09/04/2018,FAR,ND,AGL,CE,Combined TRACON& Tower with Radar,18,44,32,4,98,0,20,17,1,38,18,64,49,5,136,14,0,14,150
09/05/2018,FAR,ND,AGL,CE,Combined TRACON& Tower with Radar,22,61,47,4,134,0,4,44,5,53,22,65,91,9,187,120,0,120,307
09/06/2018,FAR,ND,AGL,CE,Combined TRACON& Tower with Radar,26,63,57,2,148,0,2,60,6,68,26,65,117,8,216,120,10,130,346
09/07/2018,FAR,ND,AGL,CE,Combined TRACON& Tower with Radar,21,58,44,5,128,0,4,25,8,37,21,62,69,13,165,74,0,74,239
09/08/2018,FAR,ND,AGL,CE,Combined TRACON& Tower with Radar,15,29,9,4,57,0,7,21,5,33,15,36,30,9,90,38,16,54,144
09/09/2018,FAR,ND,AGL,CE,Combined TRACON& Tower with Radar,21,27,45,0,93,0,1,20,2,23,21,28,65,2,116,4,0,4,120
09/10/2018,FAR,ND,AGL,CE,Combined TRACON& Tower with Radar,19,46,35,0,100,0,5,36,0,41,19,51,71,0,141,93,0,93,234
09/11/2018,FAR,ND,AGL,CE,Combined TRACON& Tower with Radar,25,61,56,0,142,0,6,34,2,42,25,67,90,2,184,46,0,46,230
09/12/2018,FAR,ND,AGL,CE,Combined TRACON& Tower with Radar,25,62,55,0,142,0,1,42,0,43,25,63,97,0,185,122,0,122,307
09/13/2018,FAR,ND,AGL,CE,Combined TRACON& Tower with Radar,29,59,67,4,159,0,0,17,3,20,29,59,84,7,179,66,10,76,255
09/14/2018,FAR,ND,AGL,CE,Combined TRACON& Tower with Radar,25,78,46,1,150,0,0,62,2,64,25,78,108,3,214,66,8,74,288
09/15/2018,FAR,ND,AGL,CE,Combined TRACON& Tower with Radar,17,48,27,6,98,0,2,48,2,52,17,50,75,8,150,64,0,64,214
09/16/2018,FAR,ND,AGL,CE,Combined TRACON& Tower with Radar,19,29,34,0,82,0,0,5,0,5,19,29,39,0,87,26,0,26,113
09/17/2018,FAR,ND,AGL,CE,Combined TRACON& Tower with Radar,19,47,61,2,129,0,6,26,1,33,19,53,87,3,162,54,0,54,216
09/18/2018,FAR,ND,AGL,CE,Combined TRACON& Tower with Radar,24,62,64,1,151,0,6,42,5,53,24,68,106,6,204,61,8,69,273
09/19/2018,FAR,ND,AGL,CE,Combined TRACON& Tower with Radar,23,61,46,1,131,0,9,22,2,33,23,70,68,3,164,112,16,128,292
09/20/2018,FAR,ND,AGL,CE,Combined TRACON& Tower with Radar,31,69,50,0,150,0,0,2,0,2,31,69,52,0,152,2,0,2,154
09/21/2018,FAR,ND,AGL,CE,Combined TRACON& Tower with Radar,22,63,36,5,126,0,3,26,5,34,22,66,62,10,160,78,14,92,252
09/22/2018,FAR,ND,AGL,CE,Combined TRACON& Tower with Radar,18,33,16,6,73,0,4,26,0,30,18,37,42,6,103,118,24,142,245
09/23/2018,FAR,ND,AGL,CE,Combined TRACON& Tower with Radar,21,41,49,2,113,0,1,19,0,20,21,42,68,2,133,50,0,50,183
09/24/2018,FAR,ND,AGL,CE,Combined TRACON& Tower with Radar,19,48,55,0,122,0,0,4,0,4,19,48,59,0,126,16,0,16,142
09/25/2018,FAR,ND,AGL,CE,Combined TRACON& Tower with Radar,24,61,55,5,145,0,4,27,1,32,24,65,82,6,177,59,24,83,260
09/26/2018,FAR,ND,AGL,CE,Combined TRACON& Tower with Radar,22,77,60,1,160,0,6,31,3,40,22,83,91,4,200,62,12,74,274
09/27/2018,FAR,ND,AGL,CE,Combined TRACON& Tower with Radar,26,54,44,0,124,0,6,7,2,15,26,60,51,2,139,52,0,52,191
09/28/2018,FAR,ND,AGL,CE,Combined TRACON& Tower with Radar,22,64,56,0,142,0,2,43,0,45,22,66,99,0,187,128,0,128,315
09/29/2018,FAR,ND,AGL,CE,Combined TRACON& Tower with Radar,18,37,25,0,80,0,1,23,1,25,18,38,48,1,105,56,0,56,161
09/30/2018,FAR,ND,AGL,CE,Combined TRACON& Tower with Radar,23,27,21,1,72,0,6,31,0,37,23,33,52,1,109,78,2,80,189
10/01/2018,FAR,ND,AGL,CE,Combined TRACON& Tower with Radar,20,65,34,0,119,0,6,23,0,29,20,71,57,0,148,100,0,100,248
10/02/2018,FAR,ND,AGL,CE,Combined TRACON& Tower with Radar,25,65,55,7,152,0,2,12,3,17,25,67,67,10,169,18,40,58,227
10/03/2018,FAR,ND,AGL,CE,Combined TRACON& Tower with Radar,21,62,37,0,120,0,0,0,0,0,21,62,37,0,120,8,0,8,128
10/04/2018,FAR,ND,AGL,CE,Combined TRACON& Tower with Radar,22,82,77,2,183,0,11,54,4,69,22,93,131,6,252,94,6,100,352
10/05/2018,FAR,ND,AGL,CE,Combined TRACON& Tower with Radar,20,71,37,0,128,0,0,0,0,0,20,71,37,0,128,4,0,4,132
10/06/2018,FAR,ND,AGL,CE,Combined TRACON& Tower with Radar,19,32,16,0,67,0,3,5,0,8,19,35,21,0,75,44,0,44,119
10/07/2018,FAR,ND,AGL,CE,Combined TRACON& Tower with Radar,16,28,26,0,70,0,1,17,0,18,16,29,43,0,88,28,0,28,116
10/08/2018,FAR,ND,AGL,CE,Combined TRACON& Tower with Radar,17,57,50,1,125,0,0,0,0,0,17,57,50,1,125,0,0,0,125
10/09/2018,FAR,ND,AGL,CE,Combined TRACON& Tower with Radar,20,71,33,31,155,0,0,0,0,0,20,71,33,31,155,0,0,0,155
10/10/2018,FAR,ND,AGL,CE,Combined TRACON& Tower with Radar,20,66,28,0,114,0,0,0,0,0,20,66,28,0,114,0,14,14,128
10/11/2018,FAR,ND,AGL,CE,Combined TRACON& Tower with Radar,24,67,46,4,141,0,12,19,18,49,24,79,65,22,190,68,42,110,300
10/12/2018,FAR,ND,AGL,CE,Combined TRACON& Tower with Radar,20,93,53,4,170,0,21,57,2,80,20,114,110,6,250,194,10,204,454
10/13/2018,FAR,ND,AGL,CE,Combined TRACON& Tower with Radar,15,40,38,1,94,0,0,19,0,19,15,40,57,1,113,72,0,72,185
10/14/2018,FAR,ND,AGL,CE,Combined TRACON& Tower with Radar,22,38,34,2,96,0,0,23,0,23,22,38,57,2,119,36,2,38,157
10/15/2018,FAR,ND,AGL,CE,Combined TRACON& Tower with Radar,15,66,46,1,128,0,8,33,2,43,15,74,79,3,171,87,28,115,286
10/16/2018,FAR,ND,AGL,CE,Combined TRACON& Tower with Radar,23,65,46,1,135,0,13,33,1,47,23,78,79,2,182,88,2,90,272
10/17/2018,FAR,ND,AGL,CE,Combined TRACON& Tower with Radar,20,95,62,16,193,0,15,67,7,89,20,110,129,23,282,96,40,136,418
10/18/2018,FAR,ND,AGL,CE,Combined TRACON& Tower with Radar,22,69,42,2,135,0,15,48,5,68,22,84,90,7,203,100,4,104,307
10/19/2018,FAR,ND,AGL,CE,Combined TRACON& Tower with Radar,19,77,23,0,119,0,10,21,1,32,19,87,44,1,151,46,0,46,197
10/20/2018,FAR,ND,AGL,CE,Combined TRACON& Tower with Radar,15,49,26,0,90,0,9,39,0,48,15,58,65,0,138,54,0,54,192
10/21/2018,FAR,ND,AGL,CE,Combined TRACON& Tower with Radar,15,36,18,0,69,0,7,37,0,44,15,43,55,0,113,104,0,104,217
10/22/2018,FAR,ND,AGL,CE,Combined TRACON& Tower with Radar,15,64,53,0,132,0,22,61,4,87,15,86,114,4,219,90,0,90,309
10/23/2018,FAR,ND,AGL,CE,Combined TRACON& Tower with Radar,22,83,65,2,172,0,12,38,6,56,22,95,103,8,228,46,4,50,278
10/24/2018,FAR,ND,AGL,CE,Combined TRACON& Tower with Radar,18,84,71,0,173,0,6,20,0,26,18,90,91,0,199,48,0,48,247
10/25/2018,FAR,ND,AGL,CE,Combined TRACON& Tower with Radar,26,95,76,2,199,0,3,1,0,4,26,98,77,2,203,22,0,22,225
10/26/2018,FAR,ND,AGL,CE,Combined TRACON& Tower with Radar,17,82,52,0,151,0,1,0,3,4,17,83,52,3,155,20,12,32,187
10/27/2018,FAR,ND,AGL,CE,Combined TRACON& Tower with Radar,12,56,31,0,99,0,9,26,4,39,12,65,57,4,138,112,6,118,256
10/28/2018,FAR,ND,AGL,CE,Combined TRACON& Tower with Radar,19,42,47,0,108,0,11,32,3,46,19,53,79,3,154,66,0,66,220
10/29/2018,FAR,ND,AGL,CE,Combined TRACON& Tower with Radar,13,73,63,0,149,0,3,49,4,56,13,76,112,4,205,72,62,134,339
10/30/2018,FAR,ND,AGL,CE,Combined TRACON& Tower with Radar,24,65,39,1,129,0,12,32,5,49,24,77,71,6,178,44,28,72,250
10/31/2018,FAR,ND,AGL,CE,Combined TRACON& Tower with Radar,18,74,40,6,138,0,10,28,2,40,18,84,68,8,178,54,30,84,262
11/01/2018,FAR,ND,AGL,CE,Combined TRACON& Tower with Radar,26,58,66,4,154,0,4,16,6,26,26,62,82,10,180,36,62,98,278
11/02/2018,FAR,ND,AGL,CE,Combined TRACON& Tower with Radar,19,82,59,0,160,0,6,21,3,30,19,88,80,3,190,60,4,64,254
11/03/2018,FAR,ND,AGL,CE,Combined TRACON& Tower with Radar,18,39,22,0,79,0,15,15,6,36,18,54,37,6,115,60,32,92,207
11/04/2018,FAR,ND,AGL,CE,Combined TRACON& Tower with Radar,23,34,35,0,92,0,6,18,4,28,23,40,53,4,120,76,22,98,218
11/05/2018,FAR,ND,AGL,CE,Combined TRACON& Tower with Radar,18,62,53,0,133,0,0,11,0,11,18,62,64,0,144,28,0,28,172
11/06/2018,FAR,ND,AGL,CE,Combined TRACON& Tower with Radar,26,69,37,12,144,0,0,0,0,0,26,69,37,12,144,0,18,18,162
11/07/2018,FAR,ND,AGL,CE,Combined TRACON& Tower with Radar,23,77,36,0,136,0,2,7,0,9,23,79,43,0,145,40,0,40,185
11/08/2018,FAR,ND,AGL,CE,Combined TRACON& Tower with Radar,29,86,52,0,167,0,0,23,6,29,29,86,75,6,196,44,50,94,290
11/09/2018,FAR,ND,AGL,CE,Combined TRACON& Tower with Radar,24,80,31,1,136,0,4,8,3,15,24,84,39,4,151,8,0,8,159
11/10/2018,FAR,ND,AGL,CE,Combined TRACON& Tower with Radar,18,38,15,0,71,0,2,7,0,9,18,40,22,0,80,16,0,16,96
11/11/2018,FAR,ND,AGL,CE,Combined TRACON& Tower with Radar,21,30,14,0,65,0,2,0,0,2,21,32,14,0,67,68,0,68,135
11/12/2018,FAR,ND,AGL,CE,Combined TRACON& Tower with Radar,18,60,62,2,142,0,16,23,0,39,18,76,85,2,181,36,0,36,217
11/13/2018,FAR,ND,AGL,CE,Combined TRACON& Tower with Radar,28,98,58,1,185,0,28,44,3,75,28,126,102,4,260,128,22,150,410
11/14/2018,FAR,ND,AGL,CE,Combined TRACON& Tower with Radar,21,101,51,5,178,0,31,37,7,75,21,132,88,12,253,110,8,118,371
11/15/2018,FAR,ND,AGL,CE,Combined TRACON& Tower with Radar,33,68,52,1,154,0,3,9,2,14,33,71,61,3,168,20,2,22,190
11/16/2018,FAR,ND,AGL,CE,Combined TRACON& Tower with Radar,27,74,45,3,149,0,11,2,4,17,27,85,47,7,166,24,20,44,210
11/17/2018,FAR,ND,AGL,CE,Combined TRACON& Tower with Radar,17,65,25,0,107,0,16,19,0,35,17,81,44,0,142,94,2,96,238
11/18/2018,FAR,ND,AGL,CE,Combined TRACON& Tower with Radar,21,45,18,0,84,0,8,10,2,20,21,53,28,2,104,18,0,18,122
11/19/2018,FAR,ND,AGL,CE,Combined TRACON& Tower with Radar,23,83,33,4,143,0,32,29,3,64,23,115,62,7,207,114,16,130,337
11/20/2018,FAR,ND,AGL,CE,Combined TRACON& Tower with Radar,30,80,50,0,160,0,4,13,9,26,30,84,63,9,186,58,0,58,244
11/21/2018,FAR,ND,AGL,CE,Combined TRACON& Tower with Radar,30,92,41,0,163,0,4,12,0,16,30,96,53,0,179,40,50,90,269
11/22/2018,FAR,ND,AGL,CE,Combined TRACON& Tower with Radar,10,20,4,0,34,0,0,0,0,0,10,20,4,0,34,0,0,0,34
11/23/2018,FAR,ND,AGL,CE,Combined TRACON& Tower with Radar,20,59,8,0,87,0,0,3,0,3,20,59,11,0,90,0,0,0,90
11/24/2018,FAR,ND,AGL,CE,Combined TRACON& Tower with Radar,17,47,9,0,73,0,0,0,0,0,17,47,9,0,73,6,0,6,79
11/25/2018,FAR,ND,AGL,CE,Combined TRACON& Tower with Radar,23,32,27,0,82,0,0,3,0,3,23,32,30,0,85,0,0,0,85
11/26/2018,FAR,ND,AGL,CE,Combined TRACON& Tower with Radar,22,70,37,0,129,0,8,27,0,35,22,78,64,0,164,60,38,98,262
11/27/2018,FAR,ND,AGL,CE,Combined TRACON& Tower with Radar,34,112,51,1,198,0,34,38,1,73,34,146,89,2,271,170,24,194,465
11/28/2018,FAR,ND,AGL,CE,Combined TRACON& Tower with Radar,32,78,30,0,140,0,1,1,1,3,32,79,31,1,143,0,0,0,143
11/29/2018,FAR,ND,AGL,CE,Combined TRACON& Tower with Radar,39,85,46,0,170,0,1,0,4,5,39,86,46,4,175,2,0,2,177
11/30/2018,FAR,ND,AGL,CE,Combined TRACON& Tower with Radar,30,69,27,0,126,0,0,0,0,0,30,69,27,0,126,0,0,0,126
12/01/2018,FAR,ND,AGL,CE,Combined TRACON& Tower with Radar,18,43,22,0,83,0,0,0,0,0,18,43,22,0,83,20,0,20,103
12/02/2018,FAR,ND,AGL,CE,Combined TRACON& Tower with Radar,25,23,19,0,67,0,2,0,0,2,25,25,19,0,69,0,0,0,69
12/03/2018,FAR,ND,AGL,CE,Combined TRACON& Tower with Radar,24,43,50,0,117,0,0,6,0,6,24,43,56,0,123,54,0,54,177
12/04/2018,FAR,ND,AGL,CE,Combined TRACON& Tower with Radar,36,74,39,7,156,0,2,26,7,35,36,76,65,14,191,104,34,138,329
12/05/2018,FAR,ND,AGL,CE,Combined TRACON& Tower with Radar,34,73,44,0,151,0,4,20,0,24,34,77,64,0,175,64,0,64,239
12/06/2018,FAR,ND,AGL,CE,Combined TRACON& Tower with Radar,38,94,68,1,201,0,13,26,6,45,38,107,94,7,246,100,0,100,346
12/07/2018,FAR,ND,AGL,CE,Combined TRACON& Tower with Radar,30,101,46,1,178,0,14,27,9,50,30,115,73,10,228,64,26,90,318
12/08/2018,FAR,ND,AGL,CE,Combined TRACON& Tower with Radar,19,78,20,0,117,0,8,29,0,37,19,86,49,0,154,102,0,102,256
12/09/2018,FAR,ND,AGL,CE,Combined TRACON& Tower with Radar,24,28,26,4,82,0,7,15,0,22,24,35,41,4,104,92,8,100,204
12/10/2018,FAR,ND,AGL,CE,Combined TRACON& Tower with Radar,25,71,42,3,141,0,31,28,0,59,25,102,70,3,200,110,12,122,322
12/11/2018,FAR,ND,AGL,CE,Combined TRACON& Tower with Radar,36,72,38,0,146,0,4,16,0,20,36,76,54,0,166,78,0,78,244
12/12/2018,FAR,ND,AGL,CE,Combined TRACON& Tower with Radar,30,76,50,0,156,0,0,0,0,0,30,76,50,0,156,102,94,196,352
12/13/2018,FAR,ND,AGL,CE,Combined TRACON& Tower with Radar,38,83,51,15,187,0,1,32,23,56,38,84,83,38,243,0,0,0,243
12/14/2018,FAR,ND,AGL,CE,Combined TRACON& Tower with Radar,28,95,51,2,176,0,12,40,3,55,28,107,91,5,231,156,0,156,387
12/15/2018,FAR,ND,AGL,CE,Combined TRACON& Tower with Radar,19,66,18,0,103,0,10,16,0,26,19,76,34,0,129,48,0,48,177
12/16/2018,FAR,ND,AGL,CE,Combined TRACON& Tower with Radar,24,28,34,0,86,0,7,21,0,28,24,35,55,0,114,20,0,20,134
12/17/2018,FAR,ND,AGL,CE,Combined TRACON& Tower with Radar,25,71,54,1,151,0,14,35,3,52,25,85,89,4,203,68,20,88,291
12/18/2018,FAR,ND,AGL,CE,Combined TRACON& Tower with Radar,34,79,45,1,159,0,14,49,8,71,34,93,94,9,230,136,12,148,378
12/19/2018,FAR,ND,AGL,CE,Combined TRACON& Tower with Radar,32,83,40,2,157,0,0,23,4,27,32,83,63,6,184,52,12,64,248
12/20/2018,FAR,ND,AGL,CE,Combined TRACON& Tower with Radar,38,88,47,8,181,0,0,1,2,3,38,88,48,10,184,4,8,12,196
12/21/2018,FAR,ND,AGL,CE,Combined TRACON& Tower with Radar,30,81,36,0,147,0,1,4,0,5,30,82,40,0,152,47,0,47,199
12/22/2018,FAR,ND,AGL,CE,Combined TRACON& Tower with Radar,23,59,10,0,92,0,4,16,0,20,23,63,26,0,112,36,0,36,148
12/23/2018,FAR,ND,AGL,CE,Combined TRACON& Tower with Radar,33,30,17,0,80,0,1,0,0,1,33,31,17,0,81,2,0,2,83
12/24/2018,FAR,ND,AGL,CE,Combined TRACON& Tower with Radar,17,47,11,0,75,0,4,7,0,11,17,51,18,0,86,48,0,48,134
12/25/2018,FAR,ND,AGL,CE,Combined TRACON& Tower with Radar,12,34,9,0,55,0,2,3,0,5,12,36,12,0,60,16,0,16,76
12/26/2018,FAR,ND,AGL,CE,Combined TRACON& Tower with Radar,27,60,8,0,95,0,0,8,0,8,27,60,16,0,103,24,0,24,127
12/27/2018,FAR,ND,AGL,CE,Combined TRACON& Tower with Radar,15,24,1,0,40,0,0,0,0,0,15,24,1,0,40,0,0,0,40
12/28/2018,FAR,ND,AGL,CE,Combined TRACON& Tower with Radar,32,75,19,9,135,0,4,0,0,4,32,79,19,9,139,0,0,0,139
12/29/2018,FAR,ND,AGL,CE,Combined TRACON& Tower with Radar,20,64,10,0,94,0,14,25,0,39,20,78,35,0,133,0,0,0,133
12/30/2018,FAR,ND,AGL,CE,Combined TRACON& Tower with Radar,26,27,10,0,63,0,2,5,0,7,26,29,15,0,70,0,0,0,70
12/31/2018,FAR,ND,AGL,CE,Combined TRACON& Tower with Radar,9,32,9,0,50,0,0,0,0,0,9,32,9,0,50,0,0,0,50
01/01/2019,FAR,ND,AGL,CE,Combined TRACON& Tower with Radar,17,23,6,0,46,0,3,8,0,11,17,26,14,0,57,12,0,12,69
01/02/2019,FAR,ND,AGL,CE,Combined TRACON& Tower with Radar,33,62,20,0,115,0,5,11,0,16,33,67,31,0,131,44,28,72,203
01/03/2019,FAR,ND,AGL,CE,Combined TRACON& Tower with Radar,33,82,44,1,160,0,8,36,9,53,33,90,80,10,213,36,6,42,255
01/04/2019,FAR,ND,AGL,CE,Combined TRACON& Tower with Radar,25,84,37,2,148,0,5,38,2,45,25,89,75,4,193,52,10,62,255
01/05/2019,FAR,ND,AGL,CE,Combined TRACON& Tower with Radar,24,47,31,0,102,0,1,1,0,2,24,48,32,0,104,2,0,2,106
01/06/2019,FAR,ND,AGL,CE,Combined TRACON& Tower with Radar,26,32,25,0,83,0,0,5,0,5,26,32,30,0,88,14,0,14,102
01/07/2019,FAR,ND,AGL,CE,Combined TRACON& Tower with Radar,22,53,33,4,112,0,3,20,0,23,22,56,53,4,135,74,12,86,221
01/08/2019,FAR,ND,AGL,CE,Combined TRACON& Tower with Radar,29,56,38,1,124,0,1,1,1,3,29,57,39,2,127,2,0,2,129
01/09/2019,FAR,ND,AGL,CE,Combined TRACON& Tower with Radar,27,72,44,0,143,0,7,19,0,26,27,79,63,0,169,94,0,94,263
01/10/2019,FAR,ND,AGL,CE,Combined TRACON& Tower with Radar,32,70,48,2,152,0,10,31,12,53,32,80,79,14,205,82,10,92,297
01/11/2019,FAR,ND,AGL,CE,Combined TRACON& Tower with Radar,26,65,44,1,136,0,0,18,1,19,26,65,62,2,155,56,0,56,211
01/12/2019,FAR,ND,AGL,CE,Combined TRACON& Tower with Radar,30,26,8,0,64,0,2,0,0,2,30,28,8,0,66,2,0,2,68
01/13/2019,FAR,ND,AGL,CE,Combined TRACON& Tower with Radar,27,20,4,1,52,0,0,0,0,0,27,20,4,1,52,0,0,0,52
01/14/2019,FAR,ND,AGL,CE,Combined TRACON& Tower with Radar,23,43,30,2,98,0,0,0,0,0,23,43,30,2,98,0,0,0,98
01/15/2019,FAR,ND,AGL,CE,Combined TRACON& Tower with Radar,31,70,50,12,163,0,1,1,0,2,31,71,51,12,165,8,12,20,185
01/16/2019,FAR,ND,AGL,CE,Combined TRACON& Tower with Radar,27,71,35,5,138,0,15,37,5,57,27,86,72,10,195,76,0,76,271
01/17/2019,FAR,ND,AGL,CE,Combined TRACON& Tower with Radar,37,83,47,6,173,0,10,17,2,29,37,93,64,8,202,98,14,112,314
01/18/2019,FAR,ND,AGL,CE,Combined TRACON& Tower with Radar,25,69,39,0,133,0,3,24,0,27,25,72,63,0,160,32,0,32,192
01/19/2019,FAR,ND,AGL,CE,Combined TRACON& Tower with Radar,30,34,20,0,84,0,6,11,0,17,30,40,31,0,101,56,0,56,157
01/20/2019,FAR,ND,AGL,CE,Combined TRACON& Tower with Radar,23,27,16,0,66,0,4,18,0,22,23,31,34,0,88,52,0,52,140
01/21/2019,FAR,ND,AGL,CE,Combined TRACON& Tower with Radar,28,41,33,0,102,0,0,0,0,0,28,41,33,0,102,0,0,0,102
01/22/2019,FAR,ND,AGL,CE,Combined TRACON& Tower with Radar,29,59,51,0,139,0,5,3,0,8,29,64,54,0,147,14,0,14,161
01/23/2019,FAR,ND,AGL,CE,Combined TRACON& Tower with Radar,26,73,55,0,154,0,2,9,0,11,26,75,64,0,165,40,0,40,205
01/24/2019,FAR,ND,AGL,CE,Combined TRACON& Tower with Radar,29,71,36,2,138,0,4,3,2,9,29,75,39,4,147,24,4,28,175
01/25/2019,FAR,ND,AGL,CE,Combined TRACON& Tower with Radar,29,63,39,0,131,0,8,24,3,35,29,71,63,3,166,72,0,72,238
01/26/2019,FAR,ND,AGL,CE,Combined TRACON& Tower with Radar,29,33,28,2,92,0,2,9,0,11,29,35,37,2,103,36,0,36,139
01/27/2019,FAR,ND,AGL,CE,Combined TRACON& Tower with Radar,25,13,13,0,51,0,0,0,0,0,25,13,13,0,51,6,0,6,57
01/28/2019,FAR,ND,AGL,CE,Combined TRACON& Tower with Radar,22,33,30,2,87,0,0,0,0,0,22,33,30,2,87,0,0,0,87
01/29/2019,FAR,ND,AGL,CE,Combined TRACON& Tower with Radar,18,54,38,0,110,0,0,0,0,0,18,54,38,0,110,12,0,12,122
01/30/2019,FAR,ND,AGL,CE,Combined TRACON& Tower with Radar,16,37,21,0,74,0,0,2,0,2,16,37,23,0,76,6,0,6,82
01/31/2019,FAR,ND,AGL,CE,Combined TRACON& Tower with Radar,29,54,27,0,110,0,0,2,4,6,29,54,29,4,116,16,14,30,146
02/01/2019,FAR,ND,AGL,CE,Combined TRACON& Tower with Radar,29,64,38,7,138,0,3,6,6,15,29,67,44,13,153,28,0,28,181
02/02/2019,FAR,ND,AGL,CE,Combined TRACON& Tower with Radar,28,34,18,0,80,0,0,4,0,4,28,34,22,0,84,18,0,18,102
02/03/2019,FAR,ND,AGL,CE,Combined TRACON& Tower with Radar,25,21,9,0,55,0,0,0,0,0,25,21,9,0,55,0,0,0,55
02/04/2019,FAR,ND,AGL,CE,Combined TRACON& Tower with Radar,23,42,22,0,87,0,0,0,0,0,23,42,22,0,87,0,0,0,87
02/05/2019,FAR,ND,AGL,CE,Combined TRACON& Tower with Radar,31,71,26,0,128,0,2,7,0,9,31,73,33,0,137,28,0,28,165
02/06/2019,FAR,ND,AGL,CE,Combined TRACON& Tower with Radar,25,54,20,0,99,0,2,0,0,2,25,56,20,0,101,10,0,10,111
02/07/2019,FAR,ND,AGL,CE,Combined TRACON& Tower with Radar,17,20,8,0,45,0,0,0,0,0,17,20,8,0,45,0,0,0,45
02/08/2019,FAR,ND,AGL,CE,Combined TRACON& Tower with Radar,29,97,35,2,163,0,10,13,0,23,29,107,48,2,186,68,0,68,254
02/09/2019,FAR,ND,AGL,CE,Combined TRACON& Tower with Radar,27,40,14,0,81,0,4,28,0,32,27,44,42,0,113,64,0,64,177
02/10/2019,FAR,ND,AGL,CE,Combined TRACON& Tower with Radar,27,27,14,2,70,0,0,0,0,0,27,27,14,2,70,2,0,2,72
02/11/2019,FAR,ND,AGL,CE,Combined TRACON& Tower with Radar,21,47,41,0,109,0,0,1,0,1,21,47,42,0,110,0,0,0,110
02/12/2019,FAR,ND,AGL,CE,Combined TRACON& Tower with Radar,28,78,37,0,143,0,3,7,0,10,28,81,44,0,153,30,0,30,183
02/13/2019,FAR,ND,AGL,CE,Combined TRACON& Tower with Radar,36,62,53,0,151,0,2,4,1,7,36,64,57,1,158,38,10,48,206
02/14/2019,FAR,ND,AGL,CE,Combined TRACON& Tower with Radar,33,66,48,5,152,0,0,0,0,0,33,66,48,5,152,0,20,20,172
02/15/2019,FAR,ND,AGL,CE,Combined TRACON& Tower with Radar,26,67,38,2,133,0,5,18,0,23,26,72,56,2,156,12,10,22,178
02/16/2019,FAR,ND,AGL,CE,Combined TRACON& Tower with Radar,23,58,10,1,92,0,18,10,5,33,23,76,20,6,125,142,0,142,267
02/17/2019,FAR,ND,AGL,CE,Combined TRACON& Tower with Radar,21,12,9,0,42,0,2,6,4,12,21,14,15,4,54,8,0,8,62
02/18/2019,FAR,ND,AGL,CE,Combined TRACON& Tower with Radar,24,65,25,0,114,0,5,15,0,20,24,70,40,0,134,20,42,62,196
02/19/2019,FAR,ND,AGL,CE,Combined TRACON& Tower with Radar,28,71,30,1,130,0,22,15,8,45,28,93,45,9,175,94,20,114,289
02/20/2019,FAR,ND,AGL,CE,Combined TRACON& Tower with Radar,23,57,17,0,97,0,0,0,0,0,23,57,17,0,97,0,0,0,97
02/21/2019,FAR,ND,AGL,CE,Combined TRACON& Tower with Radar,37,80,40,0,157,0,0,6,4,10,37,80,46,4,167,70,0,70,237
02/22/2019,FAR,ND,AGL,CE,Combined TRACON& Tower with Radar,27,55,25,0,107,0,2,5,1,8,27,57,30,1,115,40,0,40,155
02/23/2019,FAR,ND,AGL,CE,Combined TRACON& Tower with Radar,28,44,15,0,87,0,1,4,0,5,28,45,19,0,92,0,0,0,92
02/24/2019,FAR,ND,AGL,CE,Combined TRACON& Tower with Radar,16,14,9,0,39,0,0,1,0,1,16,14,10,0,40,0,0,0,40
02/25/2019,FAR,ND,AGL,CE,Combined TRACON& Tower with Radar,25,74,29,0,128,0,7,19,0,26,25,81,48,0,154,70,0,70,224
02/26/2019,FAR,ND,AGL,CE,Combined TRACON& Tower with Radar,30,62,32,0,124,0,0,0,0,0,30,62,32,0,124,0,0,0,124
02/27/2019,FAR,ND,AGL,CE,Combined TRACON& Tower with Radar,34,73,47,0,154,0,7,26,10,43,34,80,73,10,197,44,4,48,245
02/28/2019,FAR,ND,AGL,CE,Combined TRACON& Tower with Radar,34,90,51,0,175,0,13,25,4,42,34,103,76,4,217,74,0,74,291
03/01/2019,FAR,ND,AGL,CE,Combined TRACON& Tower with Radar,27,71,30,0,128,0,4,11,0,15,27,75,41,0,143,80,0,80,223
03/02/2019,FAR,ND,AGL,CE,Combined TRACON& Tower with Radar,23,50,20,0,93,0,6,22,0,28,23,56,42,0,121,92,0,92,213
03/03/2019,FAR,ND,AGL,CE,Combined TRACON& Tower with Radar,24,28,23,0,75,0,5,7,0,12,24,33,30,0,87,24,0,24,111
03/04/2019,FAR,ND,AGL,CE,Combined TRACON& Tower with Radar,29,57,32,0,118,0,0,5,0,5,29,57,37,0,123,12,0,12,135
03/05/2019,FAR,ND,AGL,CE,Combined TRACON& Tower with Radar,29,90,36,0,155,0,6,27,23,56,29,96,63,23,211,82,72,154,365
03/06/2019,FAR,ND,AGL,CE,Combined TRACON& Tower with Radar,35,75,43,8,161,0,17,38,4,59,35,92,81,12,220,90,26,116,336
03/07/2019,FAR,ND,AGL,CE,Combined TRACON& Tower with Radar,31,96,52,4,183,0,14,26,5,45,31,110,78,9,228,70,18,88,316
03/08/2019,FAR,ND,AGL,CE,Combined TRACON& Tower with Radar,28,77,23,0,128,0,0,0,0,0,28,77,23,0,128,26,0,26,154
03/09/2019,FAR,ND,AGL,CE,Combined TRACON& Tower with Radar,12,24,4,0,40,0,0,0,0,0,12,24,4,0,40,0,0,0,40
03/10/2019,FAR,ND,AGL,CE,Combined TRACON& Tower with Radar,25,33,21,0,79,0,3,10,0,13,25,36,31,0,92,2,0,2,94
03/11/2019,FAR,ND,AGL,CE,Combined TRACON& Tower with Radar,23,95,42,0,160,0,10,17,0,27,23,105,59,0,187,58,0,58,245
03/12/2019,FAR,ND,AGL,CE,Combined TRACON& Tower with Radar,28,98,43,6,175,0,2,17,0,19,28,100,60,6,194,28,0,28,222
03/13/2019,FAR,ND,AGL,CE,Combined TRACON& Tower with Radar,27,50,21,12,110,0,0,0,0,0,27,50,21,12,110,0,0,0,110
03/14/2019,FAR,ND,AGL,CE,Combined TRACON& Tower with Radar,16,22,5,0,43,0,0,0,0,0,16,22,5,0,43,0,0,0,43
03/15/2019,FAR,ND,AGL,CE,Combined TRACON& Tower with Radar,25,86,46,4,161,0,5,17,9,31,25,91,63,13,192,56,0,56,248
03/16/2019,FAR,ND,AGL,CE,Combined TRACON& Tower with Radar,18,60,28,0,106,0,1,27,0,28,18,61,55,0,134,32,0,32,166
03/17/2019,FAR,ND,AGL,CE,Combined TRACON& Tower with Radar,25,52,23,2,102,0,5,29,0,34,25,57,52,2,136,46,2,48,184
03/18/2019,FAR,ND,AGL,CE,Combined TRACON& Tower with Radar,24,53,36,2,115,0,3,27,3,33,24,56,63,5,148,42,32,74,222
03/19/2019,FAR,ND,AGL,CE,Combined TRACON& Tower with Radar,33,85,38,0,156,0,4,20,2,26,33,89,58,2,182,58,22,80,262
03/20/2019,FAR,ND,AGL,CE,Combined TRACON& Tower with Radar,32,98,54,5,189,0,18,44,3,65,32,116,98,8,254,70,36,106,360
03/21/2019,FAR,ND,AGL,CE,Combined TRACON& Tower with Radar,30,99,58,1,188,0,12,38,6,56,30,111,96,7,244,136,20,156,400
03/22/2019,FAR,ND,AGL,CE,Combined TRACON& Tower with Radar,31,109,24,8,172,0,15,45,3,63,31,124,69,11,235,166,24,190,425
03/23/2019,FAR,ND,AGL,CE,Combined TRACON& Tower with Radar,23,83,19,0,125,0,10,52,0,62,23,93,71,0,187,98,0,98,285
03/24/2019,FAR,ND,AGL,CE,Combined TRACON& Tower with Radar,28,27,31,0,86,0,8,19,0,27,28,35,50,0,113,12,0,12,125
03/25/2019,FAR,ND,AGL,CE,Combined TRACON& Tower with Radar,26,56,39,1,122,0,3,27,1,31,26,59,66,2,153,64,0,64,217
03/26/2019,FAR,ND,AGL,CE,Combined TRACON& Tower with Radar,35,68,47,0,150,0,4,20,2,26,35,72,67,2,176,122,4,126,302
03/27/2019,FAR,ND,AGL,CE,Combined TRACON& Tower with Radar,39,78,37,3,157,0,1,20,2,23,39,79,57,5,180,28,0,28,208
03/28/2019,FAR,ND,AGL,CE,Combined TRACON& Tower with Radar,37,97,62,0,196,0,4,27,15,46,37,101,89,15,242,74,26,100,342
03/29/2019,FAR,ND,AGL,CE,Combined TRACON& Tower with Radar,28,84,36,0,148,0,1,30,2,33,28,85,66,2,181,66,2,68,249
03/30/2019,FAR,ND,AGL,CE,Combined TRACON& Tower with Radar,22,72,23,0,117,0,18,51,0,69,22,90,74,0,186,126,0,126,312
03/31/2019,FAR,ND,AGL,CE,Combined TRACON& Tower with Radar,33,28,22,0,83,0,1,23,0,24,33,29,45,0,107,34,0,34,141
04/01/2019,FAR,ND,AGL,CE,Combined TRACON& Tower with Radar,23,68,26,0,117,0,13,19,5,37,23,81,45,5,154,44,0,44,198
04/02/2019,FAR,ND,AGL,CE,Combined TRACON& Tower with Radar,31,78,26,0,135,0,1,20,0,21,31,79,46,0,156,22,0,22,178
04/03/2019,FAR,ND,AGL,CE,Combined TRACON& Tower with Radar,29,114,47,1,191,0,24,49,5,78,29,138,96,6,269,132,2,134,403
04/04/2019,FAR,ND,AGL,CE,Combined TRACON& Tower with Radar,35,67,48,4,154,0,2,25,6,33,35,69,73,10,187,28,4,32,219
04/05/2019,FAR,ND,AGL,CE,Combined TRACON& Tower with Radar,29,80,33,0,142,0,1,1,0,2,29,81,34,0,144,0,0,0,144
04/06/2019,FAR,ND,AGL,CE,Combined TRACON& Tower with Radar,21,89,21,0,131,0,2,2,0,4,21,91,23,0,135,4,0,4,139
04/07/2019,FAR,ND,AGL,CE,Combined TRACON& Tower with Radar,20,35,30,0,85,0,2,48,0,50,20,37,78,0,135,44,0,44,179
04/08/2019,FAR,ND,AGL,CE,Combined TRACON& Tower with Radar,28,72,48,2,150,0,6,56,2,64,28,78,104,4,214,102,0,102,316
04/09/2019,FAR,ND,AGL,CE,Combined TRACON& Tower with Radar,29,86,71,0,186,0,3,28,4,35,29,89,99,4,221,100,0,100,321
04/10/2019,FAR,ND,AGL,CE,Combined TRACON& Tower with Radar,28,77,45,0,150,0,9,16,2,27,28,86,61,2,177,0,0,0,177
04/11/2019,FAR,ND,AGL,CE,Combined TRACON& Tower with Radar,11,27,14,0,52,0,1,0,0,1,11,28,14,0,53,38,0,38,91
04/12/2019,FAR,ND,AGL,CE,Combined TRACON& Tower with Radar,32,72,19,0,123,0,0,0,0,0,32,72,19,0,123,0,0,0,123
04/13/2019,FAR,ND,AGL,CE,Combined TRACON& Tower with Radar,18,67,28,2,115,0,12,45,0,57,18,79,73,2,172,100,2,102,274
04/14/2019,FAR,ND,AGL,CE,Combined TRACON& Tower with Radar,21,22,24,0,67,0,3,33,0,36,21,25,57,0,103,68,0,68,171
04/15/2019,FAR,ND,AGL,CE,Combined TRACON& Tower with Radar,27,83,30,5,145,0,5,29,0,34,27,88,59,5,179,56,0,56,235
04/16/2019,FAR,ND,AGL,CE,Combined TRACON& Tower with Radar,30,87,34,7,158,0,18,56,2,76,30,105,90,9,234,84,20,104,338
04/17/2019,FAR,ND,AGL,CE,Combined TRACON& Tower with Radar,28,89,47,4,168,0,4,6,6,16,28,93,53,10,184,7,16,23,207
04/18/2019,FAR,ND,AGL,CE,Combined TRACON& Tower with Radar,32,110,57,18,217,0,19,40,12,71,32,129,97,30,288,136,54,190,478
04/19/2019,FAR,ND,AGL,CE,Combined TRACON& Tower with Radar,32,85,36,2,155,0,7,53,1,61,32,92,89,3,216,108,14,122,338
04/20/2019,FAR,ND,AGL,CE,Combined TRACON& Tower with Radar,19,71,17,0,107,0,9,38,0,47,19,80,55,0,154,64,2,66,220
04/21/2019,FAR,ND,AGL,CE,Combined TRACON& Tower with Radar,19,27,20,0,66,0,1,15,0,16,19,28,35,0,82,4,0,4,86
04/22/2019,FAR,ND,AGL,CE,Combined TRACON& Tower with Radar,26,76,46,6,154,0,10,34,0,44,26,86,80,6,198,102,12,114,312
04/23/2019,FAR,ND,AGL,CE,Combined TRACON& Tower with Radar,30,103,50,5,188,0,16,30,3,49,30,119,80,8,237,108,14,122,359
04/24/2019,FAR,ND,AGL,CE,Combined TRACON& Tower with Radar,28,94,65,2,189,0,13,42,4,59,28,107,107,6,248,100,0,100,348
04/25/2019,FAR,ND,AGL,CE,Combined TRACON& Tower with Radar,34,82,57,2,175,0,12,33,13,58,34,94,90,15,233,34,4,38,271
04/26/2019,FAR,ND,AGL,CE,Combined TRACON& Tower with Radar,26,90,41,1,158,0,25,51,2,78,26,115,92,3,236,96,2,98,334
04/27/2019,FAR,ND,AGL,CE,Combined TRACON& Tower with Radar,18,80,22,0,120,0,11,43,2,56,18,91,65,2,176,104,0,104,280
04/28/2019,FAR,ND,AGL,CE,Combined TRACON& Tower with Radar,18,35,35,0,88,0,0,11,0,11,18,35,46,0,99,16,0,16,115
04/29/2019,FAR,ND,AGL,CE,Combined TRACON& Tower with Radar,19,52,69,0,140,0,2,6,0,8,19,54,75,0,148,8,0,8,156
04/30/2019,FAR,ND,AGL,CE,Combined TRACON& Tower with Radar,25,83,42,9,159,0,4,8,7,19,25,87,50,16,178,50,82,132,310
05/01/2019,FAR,ND,AGL,CE,Combined TRACON& Tower with Radar,27,81,46,5,159,0,0,0,0,0,27,81,46,5,159,4,0,4,163
05/02/2019,FAR,ND,AGL,CE,Combined TRACON& Tower with Radar,32,101,40,0,173,0,16,25,0,41,32,117,65,0,214,48,0,48,262
05/03/2019,FAR,ND,AGL,CE,Combined TRACON& Tower with Radar,28,91,57,0,176,0,16,26,4,46,28,107,83,4,222,64,0,64,286
05/04/2019,FAR,ND,AGL,CE,Combined TRACON& Tower with Radar,20,45,23,0,88,0,12,23,0,35,20,57,46,0,123,52,0,52,175
05/05/2019,FAR,ND,AGL,CE,Combined TRACON& Tower with Radar,26,46,28,1,101,0,4,50,4,58,26,50,78,5,159,12,16,28,187
05/06/2019,FAR,ND,AGL,CE,Combined TRACON& Tower with Radar,27,68,36,20,151,0,9,32,12,53,27,77,68,32,204,20,56,76,280
05/07/2019,FAR,ND,AGL,CE,Combined TRACON& Tower with Radar,35,83,39,1,158,0,12,35,1,48,35,95,74,2,206,102,0,102,308
05/08/2019,FAR,ND,AGL,CE,Combined TRACON& Tower with Radar,34,83,42,11,170,0,15,6,1,22,34,98,48,12,192,62,30,92,284
05/09/2019,FAR,ND,AGL,CE,Combined TRACON& Tower with Radar,36,87,56,8,187,0,5,45,8,58,36,92,101,16,245,46,4,50,295
05/10/2019,FAR,ND,AGL,CE,Combined TRACON& Tower with Radar,31,81,49,1,162,0,14,56,7,77,31,95,105,8,239,98,0,98,337
05/11/2019,FAR,ND,AGL,CE,Combined TRACON& Tower with Radar,23,62,26,0,111,0,12,19,0,31,23,74,45,0,142,50,0,50,192
05/12/2019,FAR,ND,AGL,CE,Combined TRACON& Tower with Radar,24,41,29,3,97,0,4,28,1,33,24,45,57,4,130,48,0,48,178
05/13/2019,FAR,ND,AGL,CE,Combined TRACON& Tower with Radar,29,56,49,1,135,0,15,43,3,61,29,71,92,4,196,46,0,46,242
05/14/2019,FAR,ND,AGL,CE,Combined TRACON& Tower with Radar,34,91,66,0,191,0,13,41,5,59,34,104,107,5,250,38,0,38,288
05/15/2019,FAR,ND,AGL,CE,Combined TRACON& Tower with Radar,30,75,53,3,161,0,4,45,1,50,30,79,98,4,211,104,8,112,323
05/16/2019,FAR,ND,AGL,CE,Combined TRACON& Tower with Radar,28,75,54,3,160,0,20,15,4,39,28,95,69,7,199,72,2,74,273
05/17/2019,FAR,ND,AGL,CE,Combined TRACON& Tower with Radar,32,75,45,2,154,0,11,47,1,59,32,86,92,3,213,92,0,92,305
05/18/2019,FAR,ND,AGL,CE,Combined TRACON& Tower with Radar,20,53,13,0,86,0,1,0,1,2,20,54,13,1,88,6,0,6,94
05/19/2019,FAR,ND,AGL,CE,Combined TRACON& Tower with Radar,25,33,19,2,79,0,0,14,0,14,25,33,33,2,93,4,0,4,97
05/20/2019,FAR,ND,AGL,CE,Combined TRACON& Tower with Radar,33,67,57,4,161,0,11,81,0,92,33,78,138,4,253,104,0,104,357
05/21/2019,FAR,ND,AGL,CE,Combined TRACON& Tower with Radar,34,81,44,1,160,0,14,29,4,47,34,95,73,5,207,48,12,60,267
05/22/2019,FAR,ND,AGL,CE,Combined TRACON& Tower with Radar,33,79,46,2,160,0,1,0,0,1,33,80,46,2,161,0,0,0,161
05/23/2019,FAR,ND,AGL,CE,Combined TRACON& Tower with Radar,31,96,66,15,208,0,14,25,5,44,31,110,91,20,252,146,26,172,424
05/24/2019,FAR,ND,AGL,CE,Combined TRACON& Tower with Radar,35,78,36,2,151,0,2,1,1,4,35,80,37,3,155,4,0,4,159
05/25/2019,FAR,ND,AGL,CE,Combined TRACON& Tower with Radar,19,44,21,2,86,0,1,20,0,21,19,45,41,2,107,18,0,18,125
05/26/2019,FAR,ND,AGL,CE,Combined TRACON& Tower with Radar,12,24,14,0,50,0,0,32,0,32,12,24,46,0,82,34,0,34,116
05/27/2019,FAR,ND,AGL,CE,Combined TRACON& Tower with Radar,27,44,26,0,97,0,4,18,0,22,27,48,44,0,119,30,0,30,149
05/28/2019,FAR,ND,AGL,CE,Combined TRACON& Tower with Radar,29,69,62,4,164,0,12,67,9,88,29,81,129,13,252,92,12,104,356
05/29/2019,FAR,ND,AGL,CE,Combined TRACON& Tower with Radar,35,82,57,3,177,0,48,52,2,102,35,130,109,5,279,178,2,180,459
05/30/2019,FAR,ND,AGL,CE,Combined TRACON& Tower with Radar,34,81,47,4,166,0,26,59,12,97,34,107,106,16,263,88,12,100,363
05/31/2019,FAR,ND,AGL,CE,Combined TRACON& Tower with Radar,34,78,36,1,149,0,10,47,7,64,34,88,83,8,213,58,26,84,297
06/01/2019,FAR,ND,AGL,CE,Combined TRACON& Tower with Radar,19,46,20,0,85,0,4,41,0,45,19,50,61,0,130,34,0,34,164
06/02/2019,FAR,ND,AGL,CE,Combined TRACON& Tower with Radar,25,30,19,0,74,0,5,25,0,30,25,35,44,0,104,32,0,32,136
06/03/2019,FAR,ND,AGL,CE,Combined TRACON& Tower with Radar,29,69,28,0,126,0,5,26,0,31,29,74,54,0,157,30,0,30,187
06/04/2019,FAR,ND,AGL,CE,Combined TRACON& Tower with Radar,40,96,44,0,180,0,9,25,2,36,40,105,69,2,216,32,0,32,248
06/05/2019,FAR,ND,AGL,CE,Combined TRACON& Tower with Radar,36,75,49,2,162,0,9,36,5,50,36,84,85,7,212,76,0,76,288
06/06/2019,FAR,ND,AGL,CE,Combined TRACON& Tower with Radar,36,88,49,17,190,0,25,35,5,65,36,113,84,22,255,122,26,148,403
06/07/2019,FAR,ND,AGL,CE,Combined TRACON& Tower with Radar,39,75,31,1,146,0,5,23,13,41,39,80,54,14,187,26,8,34,221
06/08/2019,FAR,ND,AGL,CE,Combined TRACON& Tower with Radar,23,35,7,0,65,0,0,5,2,7,23,35,12,2,72,0,8,8,80
06/09/2019,FAR,ND,AGL,CE,Combined TRACON& Tower with Radar,24,33,26,0,83,0,3,18,3,24,24,36,44,3,107,22,0,22,129
06/10/2019,FAR,ND,AGL,CE,Combined TRACON& Tower with Radar,33,58,28,1,120,0,8,58,2,68,33,66,86,3,188,58,0,58,246
06/11/2019,FAR,ND,AGL,CE,Combined TRACON& Tower with Radar,38,68,62,0,168,0,1,31,10,42,38,69,93,10,210,74,34,108,318
06/12/2019,FAR,ND,AGL,CE,Combined TRACON& Tower with Radar,39,89,62,3,193,0,30,65,5,100,39,119,127,8,293,206,8,214,507
06/13/2019,FAR,ND,AGL,CE,Combined TRACON& Tower with Radar,34,83,53,4,174,0,8,46,12,66,34,91,99,16,240,54,10,64,304
06/14/2019,FAR,ND,AGL,CE,Combined TRACON& Tower with Radar,37,66,50,2,155,0,7,21,4,32,37,73,71,6,187,20,38,58,245
06/15/2019,FAR,ND,AGL,CE,Combined TRACON& Tower with Radar,28,33,17,0,78,0,8,15,0,23,28,41,32,0,101,10,0,10,111
06/16/2019,FAR,ND,AGL,CE,Combined TRACON& Tower with Radar,21,29,42,1,93,0,3,11,0,14,21,32,53,1,107,40,2,42,149
06/17/2019,FAR,ND,AGL,CE,Combined TRACON& Tower with Radar,32,66,57,7,162,0,2,14,0,16,32,68,71,7,178,60,18,78,256
06/18/2019,FAR,ND,AGL,CE,Combined TRACON& Tower with Radar,35,86,64,1,186,0,8,62,3,73,35,94,126,4,259,110,0,110,369
06/19/2019,FAR,ND,AGL,CE,Combined TRACON& Tower with Radar,36,66,52,0,154,0,28,42,0,70,36,94,94,0,224,108,0,108,332
06/20/2019,FAR,ND,AGL,CE,Combined TRACON& Tower with Radar,32,66,68,3,169,0,12,16,4,32,32,78,84,7,201,76,44,120,321
06/21/2019,FAR,ND,AGL,CE,Combined TRACON& Tower with Radar,35,70,45,2,152,0,4,12,1,17,35,74,57,3,169,76,8,84,253
06/22/2019,FAR,ND,AGL,CE,Combined TRACON& Tower with Radar,28,48,10,0,86,0,0,6,0,6,28,48,16,0,92,14,0,14,106
06/23/2019,FAR,ND,AGL,CE,Combined TRACON& Tower with Radar,23,31,34,0,88,0,15,50,0,65,23,46,84,0,153,98,0,98,251
06/24/2019,FAR,ND,AGL,CE,Combined TRACON& Tower with Radar,35,54,48,0,137,0,6,39,0,45,35,60,87,0,182,52,0,52,234
06/25/2019,FAR,ND,AGL,CE,Combined TRACON& Tower with Radar,34,88,50,2,174,0,8,48,0,56,34,96,98,2,230,42,0,42,272
06/26/2019,FAR,ND,AGL,CE,Combined TRACON& Tower with Radar,36,90,53,11,190,0,19,55,8,82,36,109,108,19,272,139,28,167,439
06/27/2019,FAR,ND,AGL,CE,Combined TRACON& Tower with Radar,39,69,47,0,155,0,25,24,4,53,39,94,71,4,208,122,2,124,332
06/28/2019,FAR,ND,AGL,CE,Combined TRACON& Tower with Radar,36,74,39,4,153,0,7,45,5,57,36,81,84,9,210,90,14,104,314
06/29/2019,FAR,ND,AGL,CE,Combined TRACON& Tower with Radar,25,39,18,0,82,0,1,14,0,15,25,40,32,0,97,10,0,10,107
06/30/2019,FAR,ND,AGL,CE,Combined TRACON& Tower with Radar,21,21,29,0,71,0,2,26,0,28,21,23,55,0,99,34,0,34,133
07/01/2019,FAR,ND,AGL,CE,Combined TRACON& Tower with Radar,33,51,21,10,115,0,8,44,0,52,33,59,65,10,167,46,22,68,235
07/02/2019,FAR,ND,AGL,CE,Combined TRACON& Tower with Radar,32,75,44,28,179,0,12,103,9,124,32,87,147,37,303,82,44,126,429
07/03/2019,FAR,ND,AGL,CE,Combined TRACON& Tower with Radar,39,73,31,0,143,0,3,36,0,39,39,76,67,0,182,98,0,98,280
07/04/2019,FAR,ND,AGL,CE,Combined TRACON& Tower with Radar,17,17,13,0,47,0,5,12,0,17,17,22,25,0,64,22,0,22,86
07/05/2019,FAR,ND,AGL,CE,Combined TRACON& Tower with Radar,28,66,16,0,110,0,0,17,0,17,28,66,33,0,127,20,0,20,147
07/06/2019,FAR,ND,AGL,CE,Combined TRACON& Tower with Radar,20,40,22,0,82,0,6,33,0,39,20,46,55,0,121,20,0,20,141
07/07/2019,FAR,ND,AGL,CE,Combined TRACON& Tower with Radar,21,42,38,0,101,0,0,2,0,2,21,42,40,0,103,4,0,4,107
07/08/2019,FAR,ND,AGL,CE,Combined TRACON& Tower with Radar,26,42,26,0,94,0,1,24,2,27,26,43,50,2,121,24,0,24,145
07/09/2019,FAR,ND,AGL,CE,Combined TRACON& Tower with Radar,38,76,37,0,151,0,0,2,0,2,38,76,39,0,153,34,0,34,187
07/10/2019,FAR,ND,AGL,CE,Combined TRACON& Tower with Radar,34,79,43,6,162,0,21,15,3,39,34,100,58,9,201,56,0,56,257
07/11/2019,FAR,ND,AGL,CE,Combined TRACON& Tower with Radar,31,83,60,7,181,0,8,60,8,76,31,91,120,15,257,86,2,88,345
07/12/2019,FAR,ND,AGL,CE,Combined TRACON& Tower with Radar,34,89,45,0,168,0,8,44,13,65,34,97,89,13,233,80,38,118,351
07/13/2019,FAR,ND,AGL,CE,Combined TRACON& Tower with Radar,25,53,31,0,109,0,2,52,0,54,25,55,83,0,163,68,0,68,231
07/14/2019,FAR,ND,AGL,CE,Combined TRACON& Tower with Radar,24,29,22,0,75,0,3,34,0,37,24,32,56,0,112,76,0,76,188
07/15/2019,FAR,ND,AGL,CE,Combined TRACON& Tower with Radar,38,86,40,0,164,0,9,40,4,53,38,95,80,4,217,106,0,106,323
07/16/2019,FAR,ND,AGL,CE,Combined TRACON& Tower with Radar,37,94,53,15,199,0,1,47,5,53,37,95,100,20,252,88,28,116,368
07/17/2019,FAR,ND,AGL,CE,Combined TRACON& Tower with Radar,35,96,71,7,209,0,26,32,8,66,35,122,103,15,275,124,0,124,399
07/18/2019,FAR,ND,AGL,CE,Combined TRACON& Tower with Radar,30,83,66,11,190,0,26,55,3,84,30,109,121,14,274,130,24,154,428
07/19/2019,FAR,ND,AGL,CE,Combined TRACON& Tower with Radar,31,82,30,4,147,0,10,40,11,61,31,92,70,15,208,12,26,38,246
07/20/2019,FAR,ND,AGL,CE,Combined TRACON& Tower with Radar,27,38,13,1,79,0,3,28,31,62,27,41,41,32,141,0,0,0,141
07/21/2019,FAR,ND,AGL,CE,Combined TRACON& Tower with Radar,25,25,31,3,84,0,4,35,29,68,25,29,66,32,152,18,0,18,170
07/22/2019,FAR,ND,AGL,CE,Combined TRACON& Tower with Radar,30,57,61,13,161,0,9,53,7,69,30,66,114,20,230,66,30,96,326
07/23/2019,FAR,ND,AGL,CE,Combined TRACON& Tower with Radar,31,85,51,12,179,0,3,41,4,48,31,88,92,16,227,136,24,160,387
07/24/2019,FAR,ND,AGL,CE,Combined TRACON& Tower with Radar,36,107,71,1,215,0,15,41,5,61,36,122,112,6,276,68,12,80,356
07/25/2019,FAR,ND,AGL,CE,Combined TRACON& Tower with Radar,30,94,51,7,182,0,13,23,7,43,30,107,74,14,225,24,6,30,255
07/26/2019,FAR,ND,AGL,CE,Combined TRACON& Tower with Radar,32,86,32,1,151,0,3,32,4,39,32,89,64,5,190,106,6,112,302
07/27/2019,FAR,ND,AGL,CE,Combined TRACON& Tower with Radar,24,53,22,2,101,0,3,42,4,49,24,56,64,6,150,58,0,58,208
07/28/2019,FAR,ND,AGL,CE,Combined TRACON& Tower with Radar,26,28,18,0,72,0,7,11,0,18,26,35,29,0,90,28,0,28,118
07/29/2019,FAR,ND,AGL,CE,Combined TRACON& Tower with Radar,28,80,38,2,148,0,3,33,0,36,28,83,71,2,184,96,4,100,284
07/30/2019,FAR,ND,AGL,CE,Combined TRACON& Tower with Radar,32,110,39,2,183,0,6,52,6,64,32,116,91,8,247,56,0,56,303
07/31/2019,FAR,ND,AGL,CE,Combined TRACON& Tower with Radar,35,97,64,7,203,0,3,28,4,35,35,100,92,11,238,44,10,54,292
08/01/2019,FAR,ND,AGL,CE,Combined TRACON& Tower with Radar,32,75,58,2,167,0,30,44,9,83,32,105,102,11,250,112,2,114,364
08/02/2019,FAR,ND,AGL,CE,Combined TRACON& Tower with Radar,39,67,42,4,152,0,4,28,3,35,39,71,70,7,187,72,6,78,265
08/03/2019,FAR,ND,AGL,CE,Combined TRACON& Tower with Radar,24,54,17,2,97,0,0,44,1,45,24,54,61,3,142,44,22,66,208
08/04/2019,FAR,ND,AGL,CE,Combined TRACON& Tower with Radar,22,30,31,0,83,0,2,17,0,19,22,32,48,0,102,36,0,36,138
08/05/2019,FAR,ND,AGL,CE,Combined TRACON& Tower with Radar,32,70,28,11,141,0,6,27,10,43,32,76,55,21,184,58,8,66,250
08/06/2019,FAR,ND,AGL,CE,Combined TRACON& Tower with Radar,36,93,32,1,162,0,4,32,8,44,36,97,64,9,206,74,0,74,280
08/07/2019,FAR,ND,AGL,CE,Combined TRACON& Tower with Radar,32,105,44,7,188,0,13,44,3,60,32,118,88,10,248,174,22,196,444
08/08/2019,FAR,ND,AGL,CE,Combined TRACON& Tower with Radar,32,109,48,5,194,0,11,40,8,59,32,120,88,13,253,84,2,86,339
08/09/2019,FAR,ND,AGL,CE,Combined TRACON& Tower with Radar,31,90,33,1,155,0,1,26,0,27,31,91,59,1,182,82,0,82,264
08/10/2019,FAR,ND,AGL,CE,Combined TRACON& Tower with Radar,28,51,24,1,104,0,5,25,0,30,28,56,49,1,134,92,0,92,226
08/11/2019,FAR,ND,AGL,CE,Combined TRACON& Tower with Radar,22,28,23,3,76,0,2,8,0,10,22,30,31,3,86,36,0,36,122
08/12/2019,FAR,ND,AGL,CE,Combined TRACON& Tower with Radar,29,72,26,16,143,0,0,0,0,0,29,72,26,16,143,2,16,18,161
08/13/2019,FAR,ND,AGL,CE,Combined TRACON& Tower with Radar,30,122,47,5,204,0,1,1,0,2,30,123,48,5,206,46,4,50,256
08/14/2019,FAR,ND,AGL,CE,Combined TRACON& Tower with Radar,33,94,65,9,201,0,12,31,7,50,33,106,96,16,251,62,22,84,335
08/15/2019,FAR,ND,AGL,CE,Combined TRACON& Tower with Radar,33,79,48,0,160,0,2,19,11,32,33,81,67,11,192,38,60,98,290
08/16/2019,FAR,ND,AGL,CE,Combined TRACON& Tower with Radar,29,90,47,12,178,0,3,31,4,38,29,93,78,16,216,78,46,124,340
08/17/2019,FAR,ND,AGL,CE,Combined TRACON& Tower with Radar,21,44,16,0,81,0,4,15,2,21,21,48,31,2,102,76,0,76,178
08/18/2019,FAR,ND,AGL,CE,Combined TRACON& Tower with Radar,17,32,43,0,92,0,0,28,0,28,17,32,71,0,120,58,0,58,178
08/19/2019,FAR,ND,AGL,CE,Combined TRACON& Tower with Radar,29,80,36,0,145,0,5,32,4,41,29,85,68,4,186,86,0,86,272
08/20/2019,FAR,ND,AGL,CE,Combined TRACON& Tower with Radar,26,85,39,0,150,0,5,17,4,26,26,90,56,4,176,34,30,64,240
08/21/2019,FAR,ND,AGL,CE,Combined TRACON& Tower with Radar,31,89,40,2,162,0,12,30,5,47,31,101,70,7,209,90,18,108,317
08/22/2019,FAR,ND,AGL,CE,Combined TRACON& Tower with Radar,36,98,64,7,205,0,13,47,15,75,36,111,111,22,280,94,34,128,408
08/23/2019,FAR,ND,AGL,CE,Combined TRACON& Tower with Radar,30,92,37,0,159,0,9,35,1,45,30,101,72,1,204,40,0,40,244
08/24/2019,FAR,ND,AGL,CE,Combined TRACON& Tower with Radar,21,43,18,0,82,0,5,32,1,38,21,48,50,1,120,62,0,62,182
08/25/2019,FAR,ND,AGL,CE,Combined TRACON& Tower with Radar,17,29,28,0,74,0,2,8,0,10,17,31,36,0,84,6,0,6,90
08/26/2019,FAR,ND,AGL,CE,Combined TRACON& Tower with Radar,25,44,27,0,96,0,3,18,2,23,25,47,45,2,119,30,0,30,149
08/27/2019,FAR,ND,AGL,CE,Combined TRACON& Tower with Radar,28,79,33,0,140,0,2,13,0,15,28,81,46,0,155,24,0,24,179
08/28/2019,FAR,ND,AGL,CE,Combined TRACON& Tower with Radar,30,91,54,1,176,0,12,47,1,60,30,103,101,2,236,176,0,176,412
08/29/2019,FAR,ND,AGL,CE,Combined TRACON& Tower with Radar,27,96,48,3,174,0,16,35,4,55,27,112,83,7,229,108,6,114,343
08/30/2019,FAR,ND,AGL,CE,Combined TRACON& Tower with Radar,24,80,40,17,161,0,0,41,2,43,24,80,81,19,204,130,34,164,368
08/31/2019,FAR,ND,AGL,CE,Combined TRACON& Tower with Radar,22,36,26,0,84,0,5,43,0,48,22,41,69,0,132,94,0,94,226
09/01/2019,FAR,ND,AGL,CE,Combined TRACON& Tower with Radar,22,20,21,1,64,0,1,3,0,4,22,21,24,1,68,12,0,12,80
09/02/2019,FAR,ND,AGL,CE,Combined TRACON& Tower with Radar,18,24,19,0,61,0,5,15,0,20,18,29,34,0,81,38,0,38,119
09/03/2019,FAR,ND,AGL,CE,Combined TRACON& Tower with Radar,19,62,31,0,112,0,0,14,0,14,19,62,45,0,126,68,0,68,194
09/04/2019,FAR,ND,AGL,CE,Combined TRACON& Tower with Radar,27,72,45,4,148,0,6,73,0,79,27,78,118,4,227,176,0,176,403
09/05/2019,FAR,ND,AGL,CE,Combined TRACON& Tower with Radar,24,93,60,1,178,0,0,59,9,68,24,93,119,10,246,148,30,178,424
09/06/2019,FAR,ND,AGL,CE,Combined TRACON& Tower with Radar,24,86,48,4,162,0,4,51,2,57,24,90,99,6,219,110,28,138,357
09/07/2019,FAR,ND,AGL,CE,Combined TRACON& Tower with Radar,18,44,42,4,108,0,9,11,0,20,18,53,53,4,128,49,1,50,178
09/08/2019,FAR,ND,AGL,CE,Combined TRACON& Tower with Radar,22,29,20,0,71,0,0,32,0,32,22,29,52,0,103,54,0,54,157
09/09/2019,FAR,ND,AGL,CE,Combined TRACON& Tower with Radar,25,55,42,2,124,0,0,0,0,0,25,55,42,2,124,0,0,0,124
09/10/2019,FAR,ND,AGL,CE,Combined TRACON& Tower with Radar,29,85,73,0,187,0,0,20,0,20,29,85,93,0,207,51,0,51,258
09/11/2019,FAR,ND,AGL,CE,Combined TRACON& Tower with Radar,28,92,57,2,179,0,0,6,0,6,28,92,63,2,185,83,0,83,268
09/12/2019,FAR,ND,AGL,CE,Combined TRACON& Tower with Radar,28,71,47,0,146,0,0,0,0,0,28,71,47,0,146,2,0,2,148
09/13/2019,FAR,ND,AGL,CE,Combined TRACON& Tower with Radar,28,68,47,11,154,0,9,7,3,19,28,77,54,14,173,19,12,31,204
09/14/2019,FAR,ND,AGL,CE,Combined TRACON& Tower with Radar,22,38,21,0,81,0,3,39,0,42,22,41,60,0,123,52,1,53,176
09/15/2019,FAR,ND,AGL,CE,Combined TRACON& Tower with Radar,22,32,42,1,97,0,12,54,0,66,22,44,96,1,163,72,0,72,235
09/16/2019,FAR,ND,AGL,CE,Combined TRACON& Tower with Radar,24,50,39,1,114,0,9,45,1,55,24,59,84,2,169,84,0,84,253
09/17/2019,FAR,ND,AGL,CE,Combined TRACON& Tower with Radar,27,71,47,2,147,0,11,20,7,38,27,82,67,9,185,38,0,38,223
09/18/2019,FAR,ND,AGL,CE,Combined TRACON& Tower with Radar,28,75,48,1,152,0,12,28,1,41,28,87,76,2,193,122,0,122,315
09/19/2019,FAR,ND,AGL,CE,Combined TRACON& Tower with Radar,26,86,61,5,178,0,10,54,5,69,26,96,115,10,247,106,1,107,354
09/20/2019,FAR,ND,AGL,CE,Combined TRACON& Tower with Radar,26,71,37,0,134,0,2,19,5,26,26,73,56,5,160,15,0,15,175
09/21/2019,FAR,ND,AGL,CE,Combined TRACON& Tower with Radar,24,38,15,0,77,0,0,12,7,19,24,38,27,7,96,40,0,40,136
09/22/2019,FAR,ND,AGL,CE,Combined TRACON& Tower with Radar,21,31,27,0,79,0,6,38,3,47,21,37,65,3,126,42,5,47,173
09/23/2019,FAR,ND,AGL,CE,Combined TRACON& Tower with Radar,25,48,37,0,110,0,25,37,0,62,25,73,74,0,172,152,0,152,324
09/24/2019,FAR,ND,AGL,CE,Combined TRACON& Tower with Radar,27,73,39,2,141,0,4,42,3,49,27,77,81,5,190,116,3,119,309
09/25/2019,FAR,ND,AGL,CE,Combined TRACON& Tower with Radar,32,79,45,2,158,0,10,44,4,58,32,89,89,6,216,69,9,78,294
09/26/2019,FAR,ND,AGL,CE,Combined TRACON& Tower with Radar,29,83,60,2,174,0,5,46,4,55,29,88,106,6,229,160,13,173,402
09/27/2019,FAR,ND,AGL,CE,Combined TRACON& Tower with Radar,26,75,41,0,142,0,2,24,0,26,26,77,65,0,168,57,0,57,225
09/28/2019,FAR,ND,AGL,CE,Combined TRACON& Tower with Radar,20,47,20,0,87,0,11,32,0,43,20,58,52,0,130,63,0,63,193
09/29/2019,FAR,ND,AGL,CE,Combined TRACON& Tower with Radar,20,24,35,0,79,0,0,0,0,0,20,24,35,0,79,0,0,0,79
09/30/2019,FAR,ND,AGL,CE,Combined TRACON& Tower with Radar,24,53,66,2,145,0,0,0,0,0,24,53,66,2,145,4,0,4,149
10/01/2019,FAR,ND,AGL,CE,Combined TRACON& Tower with Radar,21,82,63,6,172,0,0,9,4,13,21,82,72,10,185,88,2,90,275
10/02/2019,FAR,ND,AGL,CE,Combined TRACON& Tower with Radar,25,71,57,3,156,0,4,9,0,13,25,75,66,3,169,130,34,164,333
10/03/2019,FAR,ND,AGL,CE,Combined TRACON& Tower with Radar,24,90,65,5,184,0,0,13,7,20,24,90,78,12,204,0,0,0,204
10/04/2019,FAR,ND,AGL,CE,Combined TRACON& Tower with Radar,27,74,49,0,150,0,2,15,7,24,27,76,64,7,174,44,6,50,224
10/05/2019,FAR,ND,AGL,CE,Combined TRACON& Tower with Radar,30,46,21,0,97,0,0,0,9,9,30,46,21,9,106,1,6,7,113
10/06/2019,FAR,ND,AGL,CE,Combined TRACON& Tower with Radar,19,31,28,1,79,0,4,41,4,49,19,35,69,5,128,72,0,72,200
10/07/2019,FAR,ND,AGL,CE,Combined TRACON& Tower with Radar,25,67,46,2,140,0,10,59,0,69,25,77,105,2,209,116,5,121,330
10/08/2019,FAR,ND,AGL,CE,Combined TRACON& Tower with Radar,28,98,43,6,175,0,10,45,3,58,28,108,88,9,233,87,2,89,322
10/09/2019,FAR,ND,AGL,CE,Combined TRACON& Tower with Radar,28,84,48,1,161,0,2,18,2,22,28,86,66,3,183,65,10,75,258
10/10/2019,FAR,ND,AGL,CE,Combined TRACON& Tower with Radar,27,74,31,0,132,0,0,0,0,0,27,74,31,0,132,0,2,2,134
10/11/2019,FAR,ND,AGL,CE,Combined TRACON& Tower with Radar,16,42,10,0,68,0,0,0,0,0,16,42,10,0,68,4,0,4,72
10/12/2019,FAR,ND,AGL,CE,Combined TRACON& Tower with Radar,34,47,25,0,106,0,0,0,0,0,34,47,25,0,106,7,0,7,113
10/13/2019,FAR,ND,AGL,CE,Combined TRACON& Tower with Radar,22,29,34,0,85,0,2,6,0,8,22,31,40,0,93,37,0,37,130
10/14/2019,FAR,ND,AGL,CE,Combined TRACON& Tower with Radar,24,56,38,0,118,0,6,33,0,39,24,62,71,0,157,94,0,94,251
10/15/2019,FAR,ND,AGL,CE,Combined TRACON& Tower with Radar,30,87,30,2,149,0,0,0,0,0,30,87,30,2,149,5,0,5,154
10/16/2019,FAR,ND,AGL,CE,Combined TRACON& Tower with Radar,31,73,55,3,162,0,2,19,2,23,31,75,74,5,185,108,14,122,307
10/17/2019,FAR,ND,AGL,CE,Combined TRACON& Tower with Radar,28,93,72,6,199,0,26,72,14,112,28,119,144,20,311,124,14,138,449
10/18/2019,FAR,ND,AGL,CE,Combined TRACON& Tower with Radar,29,86,42,0,157,0,0,31,0,31,29,86,73,0,188,53,2,55,243
10/19/2019,FAR,ND,AGL,CE,Combined TRACON& Tower with Radar,27,51,21,0,99,0,9,36,0,45,27,60,57,0,144,103,0,103,247
10/20/2019,FAR,ND,AGL,CE,Combined TRACON& Tower with Radar,21,47,25,0,93,0,10,31,0,41,21,57,56,0,134,86,0,86,220
10/21/2019,FAR,ND,AGL,CE,Combined TRACON& Tower with Radar,29,48,34,2,113,0,0,3,1,4,29,48,37,3,117,28,1,29,146
10/22/2019,FAR,ND,AGL,CE,Combined TRACON& Tower with Radar,28,84,30,4,146,0,0,4,0,4,28,84,34,4,150,1,0,1,151
10/23/2019,FAR,ND,AGL,CE,Combined TRACON& Tower with Radar,30,77,54,0,161,0,6,12,0,18,30,83,66,0,179,135,0,135,314
10/24/2019,FAR,ND,AGL,CE,Combined TRACON& Tower with Radar,26,107,61,6,200,0,19,66,2,87,26,126,127,8,287,132,0,132,419
10/25/2019,FAR,ND,AGL,CE,Combined TRACON& Tower with Radar,28,88,43,2,161,0,23,40,12,75,28,111,83,14,236,136,30,166,402
10/26/2019,FAR,ND,AGL,CE,Combined TRACON& Tower with Radar,26,42,22,0,90,0,5,20,10,35,26,47,42,10,125,49,14,63,188
10/27/2019,FAR,ND,AGL,CE,Combined TRACON& Tower with Radar,21,27,21,0,69,0,2,11,3,16,21,29,32,3,85,36,0,36,121
10/28/2019,FAR,ND,AGL,CE,Combined TRACON& Tower with Radar,24,55,42,0,121,0,4,34,0,38,24,59,76,0,159,74,0,74,233
10/29/2019,FAR,ND,AGL,CE,Combined TRACON& Tower with Radar,27,80,53,0,160,0,4,16,0,20,27,84,69,0,180,53,0,53,233
10/30/2019,FAR,ND,AGL,CE,Combined TRACON& Tower with Radar,27,82,55,0,164,0,5,16,5,26,27,87,71,5,190,101,2,103,293
10/31/2019,FAR,ND,AGL,CE,Combined TRACON& Tower with Radar,26,105,50,3,184,0,10,33,13,56,26,115,83,16,240,96,48,144,384
11/01/2019,FAR,ND,AGL,CE,Combined TRACON& Tower with Radar,26,76,51,2,155,0,5,9,0,14,26,81,60,2,169,48,1,49,218
11/02/2019,FAR,ND,AGL,CE,Combined TRACON& Tower with Radar,26,48,22,0,96,0,13,25,2,40,26,61,47,2,136,44,38,82,218
11/03/2019,FAR,ND,AGL,CE,Combined TRACON& Tower with Radar,23,34,23,0,80,0,2,14,0,16,23,36,37,0,96,18,0,18,114
11/04/2019,FAR,ND,AGL,CE,Combined TRACON& Tower with Radar,31,55,36,2,124,0,2,8,0,10,31,57,44,2,134,44,0,44,178
11/05/2019,FAR,ND,AGL,CE,Combined TRACON& Tower with Radar,33,123,46,4,206,0,7,22,0,29,33,130,68,4,235,85,0,85,320
11/06/2019,FAR,ND,AGL,CE,Combined TRACON& Tower with Radar,33,80,39,1,153,0,13,17,1,31,33,93,56,2,184,14,4,18,202
11/07/2019,FAR,ND,AGL,CE,Combined TRACON& Tower with Radar,32,83,58,4,177,0,14,30,11,55,32,97,88,15,232,97,14,111,343
11/08/2019,FAR,ND,AGL,CE,Combined TRACON& Tower with Radar,34,68,42,2,146,0,6,33,4,43,34,74,75,6,189,59,21,80,269
11/09/2019,FAR,ND,AGL,CE,Combined TRACON& Tower with Radar,30,39,14,0,83,0,0,0,0,0,30,39,14,0,83,4,2,6,89
11/10/2019,FAR,ND,AGL,CE,Combined TRACON& Tower with Radar,27,26,15,0,68,0,0,4,0,4,27,26,19,0,72,0,0,0,72
11/11/2019,FAR,ND,AGL,CE,Combined TRACON& Tower with Radar,27,56,40,0,123,0,18,21,0,39,27,74,61,0,162,68,1,69,231
11/12/2019,FAR,ND,AGL,CE,Combined TRACON& Tower with Radar,34,81,54,2,171,0,3,10,0,13,34,84,64,2,184,14,0,14,198
11/13/2019,FAR,ND,AGL,CE,Combined TRACON& Tower with Radar,36,67,42,0,145,0,2,15,2,19,36,69,57,2,164,117,0,117,281
11/14/2019,FAR,ND,AGL,CE,Combined TRACON& Tower with Radar,36,83,46,0,165,0,10,22,6,38,36,93,68,6,203,50,56,106,309
11/15/2019,FAR,ND,AGL,CE,Combined TRACON& Tower with Radar,29,75,33,2,139,0,3,24,2,29,29,78,57,4,168,53,0,53,221
11/16/2019,FAR,ND,AGL,CE,Combined TRACON& Tower with Radar,29,59,12,0,100,0,11,16,1,28,29,70,28,1,128,50,1,51,179
11/17/2019,FAR,ND,AGL,CE,Combined TRACON& Tower with Radar,31,33,17,0,81,0,0,2,1,3,31,33,19,1,84,12,1,13,97
11/18/2019,FAR,ND,AGL,CE,Combined TRACON& Tower with Radar,24,64,60,3,151,0,2,8,5,15,24,66,68,8,166,26,20,46,212
11/19/2019,FAR,ND,AGL,CE,Combined TRACON& Tower with Radar,41,72,47,5,165,0,5,10,2,17,41,77,57,7,182,45,24,69,251
11/20/2019,FAR,ND,AGL,CE,Combined TRACON& Tower with Radar,35,67,50,11,163,0,0,11,9,20,35,67,61,20,183,50,40,90,273
11/21/2019,FAR,ND,AGL,CE,Combined TRACON& Tower with Radar,38,68,39,4,149,0,1,5,10,16,38,69,44,14,165,13,12,25,190
11/22/2019,FAR,ND,AGL,CE,Combined TRACON& Tower with Radar,35,89,29,0,153,0,21,60,2,83,35,110,89,2,236,166,13,179,415
11/23/2019,FAR,ND,AGL,CE,Combined TRACON& Tower with Radar,31,56,12,0,99,0,25,34,0,59,31,81,46,0,158,217,0,217,375
11/24/2019,FAR,ND,AGL,CE,Combined TRACON& Tower with Radar,30,35,19,0,84,0,9,39,0,48,30,44,58,0,132,174,0,174,306
11/25/2019,FAR,ND,AGL,CE,Combined TRACON& Tower with Radar,27,47,22,0,96,0,0,3,0,3,27,47,25,0,99,4,2,6,105
11/26/2019,FAR,ND,AGL,CE,Combined TRACON& Tower with Radar,39,84,42,2,167,0,0,3,13,16,39,84,45,15,183,32,18,50,233
11/27/2019,FAR,ND,AGL,CE,Combined TRACON& Tower with Radar,51,75,17,2,145,0,2,3,0,5,51,77,20,2,150,14,0,14,164
11/28/2019,FAR,ND,AGL,CE,Combined TRACON& Tower with Radar,13,20,2,0,35,0,0,0,0,0,13,20,2,0,35,2,0,2,37
11/29/2019,FAR,ND,AGL,CE,Combined TRACON& Tower with Radar,21,55,9,0,85,0,0,0,0,0,21,55,9,0,85,35,2,37,122
11/30/2019,FAR,ND,AGL,CE,Combined TRACON& Tower with Radar,21,35,4,0,60,0,0,0,0,0,21,35,4,0,60,0,1,1,61
12/01/2019,FAR,ND,AGL,CE,Combined TRACON& Tower with Radar,34,27,15,0,76,0,0,9,0,9,34,27,24,0,85,18,0,18,103
12/02/2019,FAR,ND,AGL,CE,Combined TRACON& Tower with Radar,29,78,31,4,142,0,22,13,0,35,29,100,44,4,177,68,12,80,257
12/03/2019,FAR,ND,AGL,CE,Combined TRACON& Tower with Radar,40,118,21,5,184,0,16,35,7,58,40,134,56,12,242,127,1,128,370
12/04/2019,FAR,ND,AGL,CE,Combined TRACON& Tower with Radar,31,118,44,0,193,0,24,38,8,70,31,142,82,8,263,109,5,114,377
12/05/2019,FAR,ND,AGL,CE,Combined TRACON& Tower with Radar,36,92,63,0,191,0,0,6,5,11,36,92,69,5,202,8,0,8,210
12/06/2019,FAR,ND,AGL,CE,Combined TRACON& Tower with Radar,30,89,41,2,162,0,0,4,0,4,30,89,45,2,166,4,0,4,170
12/07/2019,FAR,ND,AGL,CE,Combined TRACON& Tower with Radar,21,64,33,0,118,0,17,26,0,43,21,81,59,0,161,109,0,109,270
12/08/2019,FAR,ND,AGL,CE,Combined TRACON& Tower with Radar,21,34,22,0,77,0,0,0,0,0,21,34,22,0,77,0,0,0,77
12/09/2019,FAR,ND,AGL,CE,Combined TRACON& Tower with Radar,25,74,29,4,132,0,15,12,0,27,25,89,41,4,159,106,0,106,265
12/10/2019,FAR,ND,AGL,CE,Combined TRACON& Tower with Radar,33,125,51,2,211,0,23,4,1,28,33,148,55,3,239,102,0,102,341
12/11/2019,FAR,ND,AGL,CE,Combined TRACON& Tower with Radar,32,106,61,1,200,0,15,21,5,41,32,121,82,6,241,46,40,86,327
12/12/2019,FAR,ND,AGL,CE,Combined TRACON& Tower with Radar,38,89,50,0,177,0,3,5,4,12,38,92,55,4,189,24,0,24,213
12/13/2019,FAR,ND,AGL,CE,Combined TRACON& Tower with Radar,31,80,32,12,155,0,0,0,2,2,31,80,32,14,157,6,28,34,191
12/14/2019,FAR,ND,AGL,CE,Combined TRACON& Tower with Radar,22,75,13,1,111,0,18,21,0,39,22,93,34,1,150,99,0,99,249
12/15/2019,FAR,ND,AGL,CE,Combined TRACON& Tower with Radar,24,34,21,0,79,0,1,2,1,4,24,35,23,1,83,7,2,9,92
12/16/2019,FAR,ND,AGL,CE,Combined TRACON& Tower with Radar,26,68,44,4,142,0,26,21,0,47,26,94,65,4,189,90,0,90,279
12/17/2019,FAR,ND,AGL,CE,Combined TRACON& Tower with Radar,33,91,53,0,177,0,16,29,13,58,33,107,82,13,235,118,28,146,381
12/18/2019,FAR,ND,AGL,CE,Combined TRACON& Tower with Radar,34,103,50,2,189,0,19,28,7,54,34,122,78,9,243,40,0,40,283
12/19/2019,FAR,ND,AGL,CE,Combined TRACON& Tower with Radar,42,86,46,2,176,0,3,21,6,30,42,89,67,8,206,34,0,34,240
12/20/2019,FAR,ND,AGL,CE,Combined TRACON& Tower with Radar,37,82,31,0,150,0,0,0,0,0,37,82,31,0,150,0,0,0,150
12/21/2019,FAR,ND,AGL,CE,Combined TRACON& Tower with Radar,43,76,43,0,162,0,12,36,0,48,43,88,79,0,210,99,0,99,309
12/22/2019,FAR,ND,AGL,CE,Combined TRACON& Tower with Radar,39,36,22,0,97,0,9,20,0,29,39,45,42,0,126,64,0,64,190
12/23/2019,FAR,ND,AGL,CE,Combined TRACON& Tower with Radar,41,68,21,4,134,0,7,22,2,31,41,75,43,6,165,86,0,86,251
12/24/2019,FAR,ND,AGL,CE,Combined TRACON& Tower with Radar,47,58,14,0,119,0,0,0,0,0,47,58,14,0,119,4,1,5,124
12/25/2019,FAR,ND,AGL,CE,Combined TRACON& Tower with Radar,20,19,1,0,40,0,0,0,0,0,20,19,1,0,40,0,0,0,40
12/26/2019,FAR,ND,AGL,CE,Combined TRACON& Tower with Radar,44,68,28,0,140,0,0,3,0,3,44,68,31,0,143,2,0,2,145
12/27/2019,FAR,ND,AGL,CE,Combined TRACON& Tower with Radar,37,70,15,30,152,0,4,23,0,27,37,74,38,30,179,66,8,74,253
12/28/2019,FAR,ND,AGL,CE,Combined TRACON& Tower with Radar,28,40,7,0,75,0,0,0,0,0,28,40,7,0,75,0,0,0,75
12/29/2019,FAR,ND,AGL,CE,Combined TRACON& Tower with Radar,1,2,0,0,3,0,0,0,0,0,1,2,0,0,3,0,0,0,3
12/30/2019,FAR,ND,AGL,CE,Combined TRACON& Tower with Radar,36,36,11,0,83,0,0,0,0,0,36,36,11,0,83,0,0,0,83
12/31/2019,FAR,ND,AGL,CE,Combined TRACON& Tower with Radar,40,67,23,0,130,0,6,20,6,32,40,73,43,6,162,48,44,92,254
01/01/2020,FAR,ND,AGL,CE,Combined TRACON& Tower with Radar,22,16,11,0,49,0,0,0,0,0,22,16,11,0,49,0,0,0,49
01/02/2020,FAR,ND,AGL,CE,Combined TRACON& Tower with Radar,43,62,25,0,130,0,3,6,8,17,43,65,31,8,147,24,4,28,175
01/03/2020,FAR,ND,AGL,CE,Combined TRACON& Tower with Radar,38,64,27,8,137,0,1,2,0,3,38,65,29,8,140,1,9,10,150
01/04/2020,FAR,ND,AGL,CE,Combined TRACON& Tower with Radar,32,36,23,0,91,0,4,36,12,52,32,40,59,12,143,68,56,124,267
01/05/2020,FAR,ND,AGL,CE,Combined TRACON& Tower with Radar,34,17,25,0,76,0,5,10,0,15,34,22,35,0,91,8,0,8,99
01/06/2020,FAR,ND,AGL,CE,Combined TRACON& Tower with Radar,32,60,39,2,133,0,1,20,1,22,32,61,59,3,155,58,0,58,213
01/07/2020,FAR,ND,AGL,CE,Combined TRACON& Tower with Radar,33,72,45,0,150,0,3,36,0,39,33,75,81,0,189,60,0,60,249
01/08/2020,FAR,ND,AGL,CE,Combined TRACON& Tower with Radar,37,76,34,0,147,0,4,5,4,13,37,80,39,4,160,16,24,40,200
01/09/2020,FAR,ND,AGL,CE,Combined TRACON& Tower with Radar,36,70,26,4,136,0,2,3,2,7,36,72,29,6,143,8,26,34,177
01/10/2020,FAR,ND,AGL,CE,Combined TRACON& Tower with Radar,33,77,37,5,152,0,12,34,4,50,33,89,71,9,202,82,0,82,284
01/11/2020,FAR,ND,AGL,CE,Combined TRACON& Tower with Radar,26,56,19,1,102,0,5,10,1,16,26,61,29,2,118,25,0,25,143
01/12/2020,FAR,ND,AGL,CE,Combined TRACON& Tower with Radar,33,35,30,0,98,0,5,16,1,22,33,40,46,1,120,56,0,56,176
01/13/2020,FAR,ND,AGL,CE,Combined TRACON& Tower with Radar,30,44,22,0,96,0,0,1,0,1,30,44,23,0,97,1,27,28,125
01/14/2020,FAR,ND,AGL,CE,Combined TRACON& Tower with Radar,35,88,26,1,150,0,8,18,1,27,35,96,44,2,177,122,3,125,302
01/15/2020,FAR,ND,AGL,CE,Combined TRACON& Tower with Radar,30,80,40,0,150,0,12,9,0,21,30,92,49,0,171,70,0,70,241
01/16/2020,FAR,ND,AGL,CE,Combined TRACON& Tower with Radar,38,104,49,0,191,0,12,15,0,27,38,116,64,0,218,74,0,74,292
01/17/2020,FAR,ND,AGL,CE,Combined TRACON& Tower with Radar,13,31,13,0,57,0,0,0,0,0,13,31,13,0,57,0,0,0,57
01/18/2020,FAR,ND,AGL,CE,Combined TRACON& Tower with Radar,23,9,6,0,38,0,0,0,0,0,23,9,6,0,38,0,0,0,38
01/19/2020,FAR,ND,AGL,CE,Combined TRACON& Tower with Radar,24,28,24,0,76,0,0,5,0,5,24,28,29,0,81,11,0,11,92
01/20/2020,FAR,ND,AGL,CE,Combined TRACON& Tower with Radar,30,67,37,0,134,0,11,24,0,35,30,78,61,0,169,171,1,172,341
01/21/2020,FAR,ND,AGL,CE,Combined TRACON& Tower with Radar,32,94,38,2,166,0,10,8,0,18,32,104,46,2,184,8,1,9,193
01/22/2020,FAR,ND,AGL,CE,Combined TRACON& Tower with Radar,34,75,44,4,157,0,5,35,4,44,34,80,79,8,201,102,44,146,347
01/23/2020,FAR,ND,AGL,CE,Combined TRACON& Tower with Radar,36,71,38,2,147,0,0,0,2,2,36,71,38,4,149,28,0,28,177
01/24/2020,FAR,ND,AGL,CE,Combined TRACON& Tower with Radar,32,71,17,12,132,0,0,5,0,5,32,71,22,12,137,37,0,37,174
01/25/2020,FAR,ND,AGL,CE,Combined TRACON& Tower with Radar,28,36,17,0,81,0,1,3,0,4,28,37,20,0,85,64,0,64,149
01/26/2020,FAR,ND,AGL,CE,Combined TRACON& Tower with Radar,31,26,20,0,77,0,0,0,0,0,31,26,20,0,77,6,0,6,83
01/27/2020,FAR,ND,AGL,CE,Combined TRACON& Tower with Radar,29,43,36,0,108,0,0,0,0,0,29,43,36,0,108,2,1,3,111
01/28/2020,FAR,ND,AGL,CE,Combined TRACON& Tower with Radar,32,80,39,9,160,0,0,3,0,3,32,80,42,9,163,8,0,8,171
01/29/2020,FAR,ND,AGL,CE,Combined TRACON& Tower with Radar,31,64,24,0,119,0,2,0,0,2,31,66,24,0,121,1,0,1,122
01/30/2020,FAR,ND,AGL,CE,Combined TRACON& Tower with Radar,37,65,20,4,126,0,0,0,0,0,37,65,20,4,126,0,0,0,126
01/31/2020,FAR,ND,AGL,CE,Combined TRACON& Tower with Radar,35,60,22,0,117,0,0,0,0,0,35,60,22,0,117,6,0,6,123
02/01/2020,FAR,ND,AGL,CE,Combined TRACON& Tower with Radar,27,41,15,2,85,0,13,18,0,31,27,54,33,2,116,54,0,54,170
02/02/2020,FAR,ND,AGL,CE,Combined TRACON& Tower with Radar,27,24,16,0,67,0,0,12,0,12,27,24,28,0,79,27,0,27,106
02/03/2020,FAR,ND,AGL,CE,Combined TRACON& Tower with Radar,28,61,34,0,123,0,8,37,2,47,28,69,71,2,170,108,0,108,278
02/04/2020,FAR,ND,AGL,CE,Combined TRACON& Tower with Radar,34,94,30,2,160,0,15,36,2,53,34,109,66,4,213,78,4,82,295
02/05/2020,FAR,ND,AGL,CE,Combined TRACON& Tower with Radar,34,81,29,2,146,0,12,18,2,32,34,93,47,4,178,73,6,79,257
02/06/2020,FAR,ND,AGL,CE,Combined TRACON& Tower with Radar,34,80,37,0,151,0,0,0,0,0,34,80,37,0,151,3,0,3,154
02/07/2020,FAR,ND,AGL,CE,Combined TRACON& Tower with Radar,36,75,36,0,147,0,10,24,2,36,36,85,60,2,183,62,1,63,246
02/08/2020,FAR,ND,AGL,CE,Combined TRACON& Tower with Radar,28,46,16,0,90,0,0,9,0,9,28,46,25,0,99,94,4,98,197
02/09/2020,FAR,ND,AGL,CE,Combined TRACON& Tower with Radar,25,27,19,1,72,0,4,20,3,27,25,31,39,4,99,110,0,110,209
02/10/2020,FAR,ND,AGL,CE,Combined TRACON& Tower with Radar,32,50,21,2,105,0,0,22,0,22,32,50,43,2,127,56,0,56,183
02/11/2020,FAR,ND,AGL,CE,Combined TRACON& Tower with Radar,35,92,56,0,183,0,11,20,0,31,35,103,76,0,214,53,0,53,267
02/12/2020,FAR,ND,AGL,CE,Combined TRACON& Tower with Radar,31,54,11,0,96,0,0,0,0,0,31,54,11,0,96,0,0,0,96
02/13/2020,FAR,ND,AGL,CE,Combined TRACON& Tower with Radar,33,98,38,1,170,0,14,12,5,31,33,112,50,6,201,27,0,27,228
02/14/2020,FAR,ND,AGL,CE,Combined TRACON& Tower with Radar,29,80,24,2,135,0,5,6,0,11,29,85,30,2,146,1,0,1,147
02/15/2020,FAR,ND,AGL,CE,Combined TRACON& Tower with Radar,27,44,27,2,100,0,19,40,0,59,27,63,67,2,159,127,1,128,287
02/16/2020,FAR,ND,AGL,CE,Combined TRACON& Tower with Radar,28,32,12,0,72,0,4,16,0,20,28,36,28,0,92,36,0,36,128
02/17/2020,FAR,ND,AGL,CE,Combined TRACON& Tower with Radar,28,54,41,0,123,0,6,11,0,17,28,60,52,0,140,59,0,59,199
02/18/2020,FAR,ND,AGL,CE,Combined TRACON& Tower with Radar,29,86,40,2,157,0,6,18,0,24,29,92,58,2,181,46,0,46,227
02/19/2020,FAR,ND,AGL,CE,Combined TRACON& Tower with Radar,33,82,35,0,150,0,10,17,9,36,33,92,52,9,186,80,0,80,266
02/20/2020,FAR,ND,AGL,CE,Combined TRACON& Tower with Radar,36,82,28,0,146,0,19,40,3,62,36,101,68,3,208,115,0,115,323
02/21/2020,FAR,ND,AGL,CE,Combined TRACON& Tower with Radar,25,84,29,0,138,0,21,34,2,57,25,105,63,2,195,101,0,101,296
02/22/2020,FAR,ND,AGL,CE,Combined TRACON& Tower with Radar,33,43,17,0,93,0,24,41,0,65,33,67,58,0,158,138,0,138,296
02/23/2020,FAR,ND,AGL,CE,Combined TRACON& Tower with Radar,26,41,30,0,97,0,4,31,0,35,26,45,61,0,132,18,0,18,150
02/24/2020,FAR,ND,AGL,CE,Combined TRACON& Tower with Radar,24,65,28,0,117,0,4,21,0,25,24,69,49,0,142,80,0,80,222
02/25/2020,FAR,ND,AGL,CE,Combined TRACON& Tower with Radar,28,93,22,0,143,0,14,19,0,33,28,107,41,0,176,18,0,18,194
02/26/2020,FAR,ND,AGL,CE,Combined TRACON& Tower with Radar,32,70,32,0,134,0,7,21,2,30,32,77,53,2,164,35,2,37,201
02/27/2020,FAR,ND,AGL,CE,Combined TRACON& Tower with Radar,34,70,49,0,153,0,1,20,0,21,34,71,69,0,174,29,0,29,203
02/28/2020,FAR,ND,AGL,CE,Combined TRACON& Tower with Radar,31,79,39,0,149,0,0,28,1,29,31,79,67,1,178,36,0,36,214
02/29/2020,FAR,ND,AGL,CE,Combined TRACON& Tower with Radar,28,52,15,0,95,0,9,14,0,23,28,61,29,0,118,39,1,40,158
03/01/2020,FAR,ND,AGL,CE,Combined TRACON& Tower with Radar,30,28,15,2,75,0,2,12,0,14,30,30,27,2,89,8,0,8,97
03/02/2020,FAR,ND,AGL,CE,Combined TRACON& Tower with Radar,24,61,39,0,124,0,2,18,0,20,24,63,57,0,144,6,0,6,150
03/03/2020,FAR,ND,AGL,CE,Combined TRACON& Tower with Radar,26,74,42,0,142,0,1,16,0,17,26,75,58,0,159,24,0,24,183
03/04/2020,FAR,ND,AGL,CE,Combined TRACON& Tower with Radar,30,73,51,1,155,0,0,23,1,24,30,73,74,2,179,31,0,31,210
03/05/2020,FAR,ND,AGL,CE,Combined TRACON& Tower with Radar,33,97,37,0,167,0,16,13,2,31,33,113,50,2,198,95,0,95,293
03/06/2020,FAR,ND,AGL,CE,Combined TRACON& Tower with Radar,29,77,28,3,137,0,3,33,1,37,29,80,61,4,174,45,3,48,222
03/07/2020,FAR,ND,AGL,CE,Combined TRACON& Tower with Radar,31,60,30,2,123,0,17,40,2,59,31,77,70,4,182,101,8,109,291
03/08/2020,FAR,ND,AGL,CE,Combined TRACON& Tower with Radar,29,30,19,0,78,0,1,7,0,8,29,31,26,0,86,9,0,9,95
03/09/2020,FAR,ND,AGL,CE,Combined TRACON& Tower with Radar,24,67,47,0,138,0,12,13,2,27,24,79,60,2,165,84,0,84,249
03/10/2020,FAR,ND,AGL,CE,Combined TRACON& Tower with Radar,33,86,38,3,160,0,23,30,1,54,33,109,68,4,214,138,0,138,352
03/11/2020,FAR,ND,AGL,CE,Combined TRACON& Tower with Radar,32,90,26,23,171,0,21,26,17,64,32,111,52,40,235,74,100,174,409
03/12/2020,FAR,ND,AGL,CE,Combined TRACON& Tower with Radar,36,77,36,10,159,0,7,16,4,27,36,84,52,14,186,66,14,80,266
03/13/2020,FAR,ND,AGL,CE,Combined TRACON& Tower with Radar,29,76,47,4,156,0,0,10,0,10,29,76,57,4,166,0,0,0,166
03/14/2020,FAR,ND,AGL,CE,Combined TRACON& Tower with Radar,31,52,22,0,105,0,14,22,0,36,31,66,44,0,141,100,0,100,241
03/15/2020,FAR,ND,AGL,CE,Combined TRACON& Tower with Radar,29,30,19,0,78,0,1,16,0,17,29,31,35,0,95,1,0,1,96
03/16/2020,FAR,ND,AGL,CE,Combined TRACON& Tower with Radar,27,51,19,7,104,0,0,11,0,11,27,51,30,7,115,29,9,38,153
03/17/2020,FAR,ND,AGL,CE,Combined TRACON& Tower with Radar,36,76,26,0,138,0,1,40,4,45,36,77,66,4,183,80,0,80,263
03/18/2020,FAR,ND,AGL,CE,Combined TRACON& Tower with Radar,33,68,14,0,115,0,0,0,0,0,33,68,14,0,115,0,0,0,115
03/19/2020,FAR,ND,AGL,CE,Combined TRACON& Tower with Radar,31,79,14,5,129,0,0,0,5,5,31,79,14,10,134,4,34,38,172
03/20/2020,FAR,ND,AGL,CE,Combined TRACON& Tower with Radar,26,67,23,0,116,0,0,45,0,45,26,67,68,0,161,95,0,95,256
03/21/2020,FAR,ND,AGL,CE,Combined TRACON& Tower with Radar,27,40,10,0,77,0,2,24,0,26,27,42,34,0,103,58,0,58,161
03/22/2020,FAR,ND,AGL,CE,Combined TRACON& Tower with Radar,26,30,8,0,64,0,0,17,0,17,26,30,25,0,81,75,0,75,156
03/23/2020,FAR,ND,AGL,CE,Combined TRACON& Tower with Radar,18,41,34,0,93,0,0,21,0,21,18,41,55,0,114,95,0,95,209
03/24/2020,FAR,ND,AGL,CE,Combined TRACON& Tower with Radar,25,57,17,0,99,0,0,0,0,0,25,57,17,0,99,0,0,0,99
03/25/2020,FAR,ND,AGL,CE,Combined TRACON& Tower with Radar,19,58,17,0,94,0,1,0,4,5,19,59,17,4,99,0,0,0,99
03/26/2020,FAR,ND,AGL,CE,Combined TRACON& Tower with Radar,21,50,21,4,96,0,0,26,9,35,21,50,47,13,131,104,16,120,251
03/27/2020,FAR,ND,AGL,CE,Combined TRACON& Tower with Radar,20,48,23,0,91,0,1,19,1,21,20,49,42,1,112,72,0,72,184
03/28/2020,FAR,ND,AGL,CE,Combined TRACON& Tower with Radar,19,34,13,0,66,0,0,31,0,31,19,34,44,0,97,60,0,60,157
03/29/2020,FAR,ND,AGL,CE,Combined TRACON& Tower with Radar,13,15,12,0,40,0,1,27,0,28,13,16,39,0,68,13,0,13,81
03/30/2020,FAR,ND,AGL,CE,Combined TRACON& Tower with Radar,13,26,12,0,51,0,2,29,0,31,13,28,41,0,82,28,0,28,110
03/31/2020,FAR,ND,AGL,CE,Combined TRACON& Tower with Radar,26,50,15,0,91,0,0,26,0,26,26,50,41,0,117,24,20,44,161
04/01/2020,FAR,ND,AGL,CE,Combined TRACON& Tower with Radar,19,53,10,0,82,0,2,3,0,5,19,55,13,0,87,0,0,0,87
04/02/2020,FAR,ND,AGL,CE,Combined TRACON& Tower with Radar,16,21,2,0,39,0,0,0,0,0,16,21,2,0,39,0,1,1,40
04/03/2020,FAR,ND,AGL,CE,Combined TRACON& Tower with Radar,11,49,4,0,64,0,0,3,2,5,11,49,7,2,69,0,2,2,71
04/04/2020,FAR,ND,AGL,CE,Combined TRACON& Tower with Radar,12,25,9,2,48,0,2,26,0,28,12,27,35,2,76,74,0,74,150
04/05/2020,FAR,ND,AGL,CE,Combined TRACON& Tower with Radar,5,10,7,0,22,0,1,22,0,23,5,11,29,0,45,13,0,13,58
04/06/2020,FAR,ND,AGL,CE,Combined TRACON& Tower with Radar,11,35,23,0,69,0,0,10,0,10,11,35,33,0,79,4,0,4,83
04/07/2020,FAR,ND,AGL,CE,Combined TRACON& Tower with Radar,15,58,16,2,91,0,5,22,0,27,15,63,38,2,118,24,0,24,142
04/08/2020,FAR,ND,AGL,CE,Combined TRACON& Tower with Radar,15,52,16,0,83,0,4,6,4,14,15,56,22,4,97,5,30,35,132
04/09/2020,FAR,ND,AGL,CE,Combined TRACON& Tower with Radar,14,54,14,1,83,0,0,13,5,18,14,54,27,6,101,34,0,34,135
04/10/2020,FAR,ND,AGL,CE,Combined TRACON& Tower with Radar,12,52,15,3,82,0,4,20,1,25,12,56,35,4,107,82,2,84,191
04/11/2020,FAR,ND,AGL,CE,Combined TRACON& Tower with Radar,9,31,12,0,52,0,2,12,0,14,9,33,24,0,66,34,0,34,100
04/12/2020,FAR,ND,AGL,CE,Combined TRACON& Tower with Radar,7,13,6,0,26,0,2,3,0,5,7,15,9,0,31,0,0,0,31
04/13/2020,FAR,ND,AGL,CE,Combined TRACON& Tower with Radar,8,30,4,0,42,0,1,6,0,7,8,31,10,0,49,6,0,6,55
04/14/2020,FAR,ND,AGL,CE,Combined TRACON& Tower with Radar,15,50,15,0,80,0,2,4,2,8,15,52,19,2,88,30,15,45,133
04/15/2020,FAR,ND,AGL,CE,Combined TRACON& Tower with Radar,15,38,12,7,72,0,3,25,1,29,15,41,37,8,101,68,18,86,187
04/16/2020,FAR,ND,AGL,CE,Combined TRACON& Tower with Radar,14,48,23,2,87,0,7,28,2,37,14,55,51,4,124,73,8,81,205
04/17/2020,FAR,ND,AGL,CE,Combined TRACON& Tower with Radar,10,49,13,4,76,0,0,29,1,30,10,49,42,5,106,18,10,28,134
04/18/2020,FAR,ND,AGL,CE,Combined TRACON& Tower with Radar,10,16,15,0,41,0,0,7,0,7,10,16,22,0,48,13,1,14,62
04/19/2020,FAR,ND,AGL,CE,Combined TRACON& Tower with Radar,7,4,13,0,24,0,4,15,0,19,7,8,28,0,43,36,0,36,79
04/20/2020,FAR,ND,AGL,CE,Combined TRACON& Tower with Radar,8,33,28,0,69,0,2,4,0,6,8,35,32,0,75,2,0,2,77
04/21/2020,FAR,ND,AGL,CE,Combined TRACON& Tower with Radar,19,46,13,0,78,0,0,12,0,12,19,46,25,0,90,70,0,70,160
04/22/2020,FAR,ND,AGL,CE,Combined TRACON& Tower with Radar,14,44,37,2,97,0,5,49,0,54,14,49,86,2,151,102,9,111,262
04/23/2020,FAR,ND,AGL,CE,Combined TRACON& Tower with Radar,14,44,15,3,76,0,4,14,11,29,14,48,29,14,105,32,37,69,174
04/24/2020,FAR,ND,AGL,CE,Combined TRACON& Tower with Radar,10,44,20,1,75,0,0,61,1,62,10,44,81,2,137,83,4,87,224
04/25/2020,FAR,ND,AGL,CE,Combined TRACON& Tower with Radar,9,28,22,0,59,0,1,27,0,28,9,29,49,0,87,134,0,134,221
04/26/2020,FAR,ND,AGL,CE,Combined TRACON& Tower with Radar,9,8,11,0,28,0,0,38,0,38,9,8,49,0,66,46,0,46,112
04/27/2020,FAR,ND,AGL,CE,Combined TRACON& Tower with Radar,9,32,11,0,52,0,1,29,0,30,9,33,40,0,82,64,0,64,146
04/28/2020,FAR,ND,AGL,CE,Combined TRACON& Tower with Radar,18,53,20,14,105,0,3,24,3,30,18,56,44,17,135,38,52,90,225
04/29/2020,FAR,ND,AGL,CE,Combined TRACON& Tower with Radar,16,47,29,13,105,0,2,41,0,43,16,49,70,13,148,0,0,0,148
04/30/2020,FAR,ND,AGL,CE,Combined TRACON& Tower with Radar,15,44,28,4,91,0,0,52,4,56,15,44,80,8,147,54,0,54,201
05/01/2020,FAR,ND,AGL,CE,Combined TRACON& Tower with Radar,12,47,31,2,92,0,0,19,0,19,12,47,50,2,111,24,32,56,167
05/02/2020,FAR,ND,AGL,CE,Combined TRACON& Tower with Radar,11,25,9,0,45,0,0,18,0,18,11,25,27,0,63,18,0,18,81
05/03/2020,FAR,ND,AGL,CE,Combined TRACON& Tower with Radar,10,8,15,0,33,0,0,29,0,29,10,8,44,0,62,38,0,38,100
05/04/2020,FAR,ND,AGL,CE,Combined TRACON& Tower with Radar,12,28,8,0,48,0,2,10,0,12,12,30,18,0,60,10,0,10,70
05/05/2020,FAR,ND,AGL,CE,Combined TRACON& Tower with Radar,18,46,22,0,86,0,0,0,0,0,18,46,22,0,86,5,1,6,92
05/06/2020,FAR,ND,AGL,CE,Combined TRACON& Tower with Radar,18,46,34,5,103,0,2,50,0,52,18,48,84,5,155,90,4,94,249
05/07/2020,FAR,ND,AGL,CE,Combined TRACON& Tower with Radar,21,45,37,3,106,0,5,34,3,42,21,50,71,6,148,15,2,17,165
05/08/2020,FAR,ND,AGL,CE,Combined TRACON& Tower with Radar,14,51,21,1,87,0,2,51,1,54,14,53,72,2,141,48,25,73,214
05/09/2020,FAR,ND,AGL,CE,Combined TRACON& Tower with Radar,12,28,11,0,51,0,0,2,0,2,12,28,13,0,53,12,0,12,65
05/10/2020,FAR,ND,AGL,CE,Combined TRACON& Tower with Radar,10,6,7,0,23,0,0,2,0,2,10,6,9,0,25,0,0,0,25
05/11/2020,FAR,ND,AGL,CE,Combined TRACON& Tower with Radar,10,29,23,1,63,0,0,44,1,45,10,29,67,2,108,66,0,66,174
05/12/2020,FAR,ND,AGL,CE,Combined TRACON& Tower with Radar,18,43,25,4,90,0,0,54,0,54,18,43,79,4,144,152,0,152,296
05/13/2020,FAR,ND,AGL,CE,Combined TRACON& Tower with Radar,18,43,19,0,80,0,0,4,0,4,18,43,23,0,84,20,0,20,104
05/14/2020,FAR,ND,AGL,CE,Combined TRACON& Tower with Radar,18,42,41,2,103,0,3,23,4,30,18,45,64,6,133,42,10,52,185
05/15/2020,FAR,ND,AGL,CE,Combined TRACON& Tower with Radar,16,44,21,4,85,0,0,45,0,45,16,44,66,4,130,30,2,32,162
05/16/2020,FAR,ND,AGL,CE,Combined TRACON& Tower with Radar,13,24,9,0,46,0,0,25,0,25,13,24,34,0,71,34,0,34,105
05/17/2020,FAR,ND,AGL,CE,Combined TRACON& Tower with Radar,10,6,13,0,29,0,2,18,0,20,10,8,31,0,49,44,0,44,93
05/18/2020,FAR,ND,AGL,CE,Combined TRACON& Tower with Radar,11,35,21,0,67,0,4,29,2,35,11,39,50,2,102,51,0,51,153
05/19/2020,FAR,ND,AGL,CE,Combined TRACON& Tower with Radar,20,46,35,3,104,0,0,45,1,46,20,46,80,4,150,65,0,65,215
05/20/2020,FAR,ND,AGL,CE,Combined TRACON& Tower with Radar,19,49,57,2,127,0,2,9,4,15,19,51,66,6,142,56,24,80,222
05/21/2020,FAR,ND,AGL,CE,Combined TRACON& Tower with Radar,18,44,50,2,114,0,1,19,6,26,18,45,69,8,140,24,0,24,164
05/22/2020,FAR,ND,AGL,CE,Combined TRACON& Tower with Radar,18,48,41,2,109,0,1,10,3,14,18,49,51,5,123,31,8,39,162
05/23/2020,FAR,ND,AGL,CE,Combined TRACON& Tower with Radar,13,24,27,0,64,0,5,16,0,21,13,29,43,0,85,6,0,6,91
05/24/2020,FAR,ND,AGL,CE,Combined TRACON& Tower with Radar,10,7,17,2,36,0,0,4,0,4,10,7,21,2,40,4,0,4,44
05/25/2020,FAR,ND,AGL,CE,Combined TRACON& Tower with Radar,12,9,34,0,55,0,2,26,0,28,12,11,60,0,83,21,0,21,104
05/26/2020,FAR,ND,AGL,CE,Combined TRACON& Tower with Radar,9,33,49,0,91,0,3,31,1,35,9,36,80,1,126,72,33,105,231
05/27/2020,FAR,ND,AGL,CE,Combined TRACON& Tower with Radar,17,46,34,8,105,0,0,29,1,30,17,46,63,9,135,108,6,114,249
05/28/2020,FAR,ND,AGL,CE,Combined TRACON& Tower with Radar,19,43,30,2,94,0,2,23,4,29,19,45,53,6,123,6,0,6,129
05/29/2020,FAR,ND,AGL,CE,Combined TRACON& Tower with Radar,18,46,29,4,97,0,0,47,2,49,18,46,76,6,146,60,0,60,206
05/30/2020,FAR,ND,AGL,CE,Combined TRACON& Tower with Radar,13,22,20,0,55,0,1,48,0,49,13,23,68,0,104,124,0,124,228
05/31/2020,FAR,ND,AGL,CE,Combined TRACON& Tower with Radar,9,4,15,0,28,0,1,23,0,24,9,5,38,0,52,28,0,28,80
06/01/2020,FAR,ND,AGL,CE,Combined TRACON& Tower with Radar,16,35,30,0,81,0,1,31,0,32,16,36,61,0,113,54,0,54,167
06/02/2020,FAR,ND,AGL,CE,Combined TRACON& Tower with Radar,18,47,29,6,100,0,6,28,4,38,18,53,57,10,138,52,10,62,200
06/03/2020,FAR,ND,AGL,CE,Combined TRACON& Tower with Radar,18,46,39,3,106,0,7,47,1,55,18,53,86,4,161,76,18,94,255
06/04/2020,FAR,ND,AGL,CE,Combined TRACON& Tower with Radar,20,47,30,17,114,0,4,27,11,42,20,51,57,28,156,50,28,78,234
06/05/2020,FAR,ND,AGL,CE,Combined TRACON& Tower with Radar,20,43,23,18,104,0,0,35,8,43,20,43,58,26,147,15,27,42,189
06/06/2020,FAR,ND,AGL,CE,Combined TRACON& Tower with Radar,18,17,3,0,38,0,0,9,0,9,18,17,12,0,47,8,0,8,55
06/07/2020,FAR,ND,AGL,CE,Combined TRACON& Tower with Radar,12,6,13,0,31,0,1,8,0,9,12,7,21,0,40,0,0,0,40
06/08/2020,FAR,ND,AGL,CE,Combined TRACON& Tower with Radar,15,28,22,0,65,0,0,29,0,29,15,28,51,0,94,38,0,38,132
06/09/2020,FAR,ND,AGL,CE,Combined TRACON& Tower with Radar,20,44,38,0,102,0,1,13,2,16,20,45,51,2,118,52,0,52,170
06/10/2020,FAR,ND,AGL,CE,Combined TRACON& Tower with Radar,20,44,35,6,105,0,2,47,4,53,20,46,82,10,158,40,8,48,206
06/11/2020,FAR,ND,AGL,CE,Combined TRACON& Tower with Radar,20,47,51,4,122,0,7,92,13,112,20,54,143,17,234,81,17,98,332
06/12/2020,FAR,ND,AGL,CE,Combined TRACON& Tower with Radar,21,45,33,4,103,0,2,76,4,82,21,47,109,8,185,170,12,182,367
06/13/2020,FAR,ND,AGL,CE,Combined TRACON& Tower with Radar,13,26,20,0,59,0,0,23,0,23,13,26,43,0,82,28,0,28,110
06/14/2020,FAR,ND,AGL,CE,Combined TRACON& Tower with Radar,13,7,11,0,31,0,11,2,0,13,13,18,13,0,44,0,0,0,44
06/15/2020,FAR,ND,AGL,CE,Combined TRACON& Tower with Radar,17,24,36,0,77,0,3,26,0,29,17,27,62,0,106,43,0,43,149
06/16/2020,FAR,ND,AGL,CE,Combined TRACON& Tower with Radar,20,49,18,2,89,0,2,9,3,14,20,51,27,5,103,20,0,20,123
06/17/2020,FAR,ND,AGL,CE,Combined TRACON& Tower with Radar,22,43,31,2,98,0,0,12,2,14,22,43,43,4,112,0,2,2,114
06/18/2020,FAR,ND,AGL,CE,Combined TRACON& Tower with Radar,20,57,27,2,106,0,1,31,7,39,20,58,58,9,145,120,0,120,265
06/19/2020,FAR,ND,AGL,CE,Combined TRACON& Tower with Radar,20,46,20,0,86,0,5,68,0,73,20,51,88,0,159,112,1,113,272
06/20/2020,FAR,ND,AGL,CE,Combined TRACON& Tower with Radar,13,21,15,0,49,0,8,10,0,18,13,29,25,0,67,48,0,48,115
06/21/2020,FAR,ND,AGL,CE,Combined TRACON& Tower with Radar,12,9,17,0,38,0,0,30,0,30,12,9,47,0,68,24,0,24,92
06/22/2020,FAR,ND,AGL,CE,Combined TRACON& Tower with Radar,13,38,42,0,93,0,7,50,0,57,13,45,92,0,150,0,0,0,150
06/23/2020,FAR,ND,AGL,CE,Combined TRACON& Tower with Radar,20,52,37,5,114,0,9,72,5,86,20,61,109,10,200,155,15,170,370
06/24/2020,FAR,ND,AGL,CE,Combined TRACON& Tower with Radar,22,50,48,2,122,0,13,65,9,87,22,63,113,11,209,111,6,117,326
06/25/2020,FAR,ND,AGL,CE,Combined TRACON& Tower with Radar,20,52,52,1,125,0,8,28,11,47,20,60,80,12,172,46,2,48,220
06/26/2020,FAR,ND,AGL,CE,Combined TRACON& Tower with Radar,20,53,24,3,100,0,7,34,4,45,20,60,58,7,145,81,16,97,242
06/27/2020,FAR,ND,AGL,CE,Combined TRACON& Tower with Radar,15,25,18,0,58,0,8,36,0,44,15,33,54,0,102,56,0,56,158
06/28/2020,FAR,ND,AGL,CE,Combined TRACON& Tower with Radar,14,13,25,0,52,0,2,12,0,14,14,15,37,0,66,6,0,6,72
06/29/2020,FAR,ND,AGL,CE,Combined TRACON& Tower with Radar,14,36,58,1,109,0,11,28,1,40,14,47,86,2,149,74,0,74,223
06/30/2020,FAR,ND,AGL,CE,Combined TRACON& Tower with Radar,23,54,34,4,115,0,6,23,2,31,23,60,57,6,146,70,34,104,250
07/01/2020,FAR,ND,AGL,CE,Combined TRACON& Tower with Radar,26,61,45,4,136,0,0,58,8,66,26,61,103,12,202,115,4,119,321
07/02/2020,FAR,ND,AGL,CE,Combined TRACON& Tower with Radar,23,44,28,4,99,0,6,38,4,48,23,50,66,8,147,44,2,46,193
07/03/2020,FAR,ND,AGL,CE,Combined TRACON& Tower with Radar,22,42,28,0,92,0,6,44,0,50,22,48,72,0,142,60,0,60,202
07/04/2020,FAR,ND,AGL,CE,Combined TRACON& Tower with Radar,8,10,9,0,27,0,0,6,0,6,8,10,15,0,33,42,0,42,75
07/05/2020,FAR,ND,AGL,CE,Combined TRACON& Tower with Radar,17,12,13,0,42,0,2,10,0,12,17,14,23,0,54,14,0,14,68
07/06/2020,FAR,ND,AGL,CE,Combined TRACON& Tower with Radar,14,40,32,0,86,0,4,33,0,37,14,44,65,0,123,28,0,28,151
07/07/2020,FAR,ND,AGL,CE,Combined TRACON& Tower with Radar,24,46,38,17,125,0,3,50,5,58,24,49,88,22,183,84,28,112,295
07/08/2020,FAR,ND,AGL,CE,Combined TRACON& Tower with Radar,24,49,46,13,132,0,2,42,9,53,24,51,88,22,185,96,78,174,359
07/09/2020,FAR,ND,AGL,CE,Combined TRACON& Tower with Radar,24,48,33,5,110,0,5,38,8,51,24,53,71,13,161,44,10,54,215
07/10/2020,FAR,ND,AGL,CE,Combined TRACON& Tower with Radar,24,49,28,2,103,0,3,34,6,43,24,52,62,8,146,50,16,66,212
07/11/2020,FAR,ND,AGL,CE,Combined TRACON& Tower with Radar,17,26,11,0,54,0,4,22,0,26,17,30,33,0,80,19,0,19,99
07/12/2020,FAR,ND,AGL,CE,Combined TRACON& Tower with Radar,20,12,20,0,52,0,1,43,0,44,20,13,63,0,96,4,0,4,100
07/13/2020,FAR,ND,AGL,CE,Combined TRACON& Tower with Radar,18,36,24,0,78,0,9,23,0,32,18,45,47,0,110,18,0,18,128
07/14/2020,FAR,ND,AGL,CE,Combined TRACON& Tower with Radar,20,68,46,4,138,0,3,39,0,42,20,71,85,4,180,64,4,68,248
07/15/2020,FAR,ND,AGL,CE,Combined TRACON& Tower with Radar,23,61,51,0,135,0,8,26,12,46,23,69,77,12,181,32,20,52,233
07/16/2020,FAR,ND,AGL,CE,Combined TRACON& Tower with Radar,22,56,52,3,133,0,7,42,9,58,22,63,94,12,191,84,8,92,283
07/17/2020,FAR,ND,AGL,CE,Combined TRACON& Tower with Radar,19,42,30,11,102,0,5,43,10,58,19,47,73,21,160,75,26,101,261
07/18/2020,FAR,ND,AGL,CE,Combined TRACON& Tower with Radar,22,35,12,0,69,0,0,18,1,19,22,35,30,1,88,68,0,68,156
07/19/2020,FAR,ND,AGL,CE,Combined TRACON& Tower with Radar,20,16,20,0,56,0,0,20,0,20,20,16,40,0,76,11,0,11,87
07/20/2020,FAR,ND,AGL,CE,Combined TRACON& Tower with Radar,19,38,34,0,91,0,1,35,0,36,19,39,69,0,127,60,0,60,187
07/21/2020,FAR,ND,AGL,CE,Combined TRACON& Tower with Radar,22,49,56,0,127,0,7,26,1,34,22,56,82,1,161,26,0,26,187
07/22/2020,FAR,ND,AGL,CE,Combined TRACON& Tower with Radar,21,55,51,4,131,0,6,78,6,90,21,61,129,10,221,83,2,85,306
07/23/2020,FAR,ND,AGL,CE,Combined TRACON& Tower with Radar,24,54,42,3,123,0,4,34,11,49,24,58,76,14,172,31,4,35,207
07/24/2020,FAR,ND,AGL,CE,Combined TRACON& Tower with Radar,26,57,25,3,111,0,1,18,1,20,26,58,43,4,131,10,0,10,141
07/25/2020,FAR,ND,AGL,CE,Combined TRACON& Tower with Radar,19,26,29,0,74,0,0,16,0,16,19,26,45,0,90,40,0,40,130
07/26/2020,FAR,ND,AGL,CE,Combined TRACON& Tower with Radar,22,17,32,0,71,0,0,32,0,32,22,17,64,0,103,48,0,48,151
07/27/2020,FAR,ND,AGL,CE,Combined TRACON& Tower with Radar,18,36,21,4,79,0,4,37,2,43,18,40,58,6,122,28,0,28,150
07/28/2020,FAR,ND,AGL,CE,Combined TRACON& Tower with Radar,24,53,39,0,116,0,6,35,2,43,24,59,74,2,159,88,0,88,247
07/29/2020,FAR,ND,AGL,CE,Combined TRACON& Tower with Radar,25,49,31,7,112,0,9,63,10,82,25,58,94,17,194,124,4,128,322
07/30/2020,FAR,ND,AGL,CE,Combined TRACON& Tower with Radar,24,54,38,2,118,0,1,62,2,65,24,55,100,4,183,178,8,186,369
07/31/2020,FAR,ND,AGL,CE,Combined TRACON& Tower with Radar,27,54,27,0,108,0,3,42,0,45,27,57,69,0,153,86,0,86,239
08/01/2020,FAR,ND,AGL,CE,Combined TRACON& Tower with Radar,21,30,18,1,70,0,1,28,0,29,21,31,46,1,99,20,0,20,119
08/02/2020,FAR,ND,AGL,CE,Combined TRACON& Tower with Radar,24,15,30,0,69,0,5,20,0,25,24,20,50,0,94,2,0,2,96
08/03/2020,FAR,ND,AGL,CE,Combined TRACON& Tower with Radar,25,37,46,0,108,0,2,34,0,36,25,39,80,0,144,94,0,94,238
08/04/2020,FAR,ND,AGL,CE,Combined TRACON& Tower with Radar,27,57,27,1,112,0,2,28,3,33,27,59,55,4,145,56,0,56,201
08/05/2020,FAR,ND,AGL,CE,Combined TRACON& Tower with Radar,28,57,51,1,137,0,6,27,3,36,28,63,78,4,173,59,0,59,232
08/06/2020,FAR,ND,AGL,CE,Combined TRACON& Tower with Radar,26,57,37,4,124,0,4,32,4,40,26,61,69,8,164,80,0,80,244
08/07/2020,FAR,ND,AGL,CE,Combined TRACON& Tower with Radar,26,56,23,5,110,0,0,16,0,16,26,56,39,5,126,76,0,76,202
08/08/2020,FAR,ND,AGL,CE,Combined TRACON& Tower with Radar,23,40,5,0,68,0,3,14,3,20,23,43,19,3,88,52,0,52,140
08/09/2020,FAR,ND,AGL,CE,Combined TRACON& Tower with Radar,22,20,20,0,62,0,1,12,0,13,22,21,32,0,75,29,0,29,104
08/10/2020,FAR,ND,AGL,CE,Combined TRACON& Tower with Radar,22,38,25,0,85,0,4,31,0,35,22,42,56,0,120,70,0,70,190
08/11/2020,FAR,ND,AGL,CE,Combined TRACON& Tower with Radar,28,57,46,3,134,0,1,49,1,51,28,58,95,4,185,50,4,54,239
08/12/2020,FAR,ND,AGL,CE,Combined TRACON& Tower with Radar,27,58,64,7,156,0,3,29,1,33,27,61,93,8,189,34,4,38,227
08/13/2020,FAR,ND,AGL,CE,Combined TRACON& Tower with Radar,28,51,27,12,118,0,0,15,0,15,28,51,42,12,133,25,12,37,170
08/14/2020,FAR,ND,AGL,CE,Combined TRACON& Tower with Radar,28,55,20,0,103,0,1,0,0,1,28,56,20,0,104,0,0,0,104
08/15/2020,FAR,ND,AGL,CE,Combined TRACON& Tower with Radar,21,31,17,4,73,0,7,30,0,37,21,38,47,4,110,14,12,26,136
08/16/2020,FAR,ND,AGL,CE,Combined TRACON& Tower with Radar,22,18,22,2,64,0,3,14,0,17,22,21,36,2,81,8,0,8,89
08/17/2020,FAR,ND,AGL,CE,Combined TRACON& Tower with Radar,23,43,41,5,112,0,0,46,1,47,23,43,87,6,159,145,28,173,332
08/18/2020,FAR,ND,AGL,CE,Combined TRACON& Tower with Radar,32,69,33,2,136,0,7,32,2,41,32,76,65,4,177,80,0,80,257
08/19/2020,FAR,ND,AGL,CE,Combined TRACON& Tower with Radar,25,54,41,2,122,0,4,29,1,34,25,58,70,3,156,56,6,62,218
08/20/2020,FAR,ND,AGL,CE,Combined TRACON& Tower with Radar,28,69,44,2,143,0,5,19,1,25,28,74,63,3,168,98,0,98,266
08/21/2020,FAR,ND,AGL,CE,Combined TRACON& Tower with Radar,24,70,33,0,127,0,6,26,0,32,24,76,59,0,159,62,0,62,221
08/22/2020,FAR,ND,AGL,CE,Combined TRACON& Tower with Radar,17,43,22,0,82,0,6,29,0,35,17,49,51,0,117,10,0,10,127
08/23/2020,FAR,ND,AGL,CE,Combined TRACON& Tower with Radar,22,16,26,0,64,0,0,22,1,23,22,16,48,1,87,50,0,50,137
08/24/2020,FAR,ND,AGL,CE,Combined TRACON& Tower with Radar,21,58,27,0,106,0,4,32,0,36,21,62,59,0,142,40,0,40,182
08/25/2020,FAR,ND,AGL,CE,Combined TRACON& Tower with Radar,26,69,29,1,125,0,2,51,1,54,26,71,80,2,179,26,0,26,205
08/26/2020,FAR,ND,AGL,CE,Combined TRACON& Tower with Radar,24,64,54,2,144,0,8,28,3,39,24,72,82,5,183,58,22,80,263
08/27/2020,FAR,ND,AGL,CE,Combined TRACON& Tower with Radar,26,60,36,0,122,0,5,42,8,55,26,65,78,8,177,114,30,144,321
08/28/2020,FAR,ND,AGL,CE,Combined TRACON& Tower with Radar,24,70,48,2,144,0,1,16,0,17,24,71,64,2,161,34,4,38,199
08/29/2020,FAR,ND,AGL,CE,Combined TRACON& Tower with Radar,17,38,12,3,70,0,11,42,1,54,17,49,54,4,124,88,1,89,213
08/30/2020,FAR,ND,AGL,CE,Combined TRACON& Tower with Radar,18,23,13,0,54,0,0,11,0,11,18,23,24,0,65,6,0,6,71
08/31/2020,FAR,ND,AGL,CE,Combined TRACON& Tower with Radar,20,44,34,0,98,0,1,48,2,51,20,45,82,2,149,32,0,32,181
09/01/2020,FAR,ND,AGL,CE,Combined TRACON& Tower with Radar,29,60,49,1,139,0,1,28,2,31,29,61,77,3,170,44,0,44,214
09/02/2020,FAR,ND,AGL,CE,Combined TRACON& Tower with Radar,26,52,32,3,113,0,3,52,2,57,26,55,84,5,170,70,34,104,274
09/03/2020,FAR,ND,AGL,CE,Combined TRACON& Tower with Radar,28,70,39,2,139,0,22,25,10,57,28,92,64,12,196,6,0,6,202
09/04/2020,FAR,ND,AGL,CE,Combined TRACON& Tower with Radar,27,61,46,0,134,0,17,46,4,67,27,78,92,4,201,57,30,87,288
09/05/2020,FAR,ND,AGL,CE,Combined TRACON& Tower with Radar,18,25,12,0,55,0,7,19,0,26,18,32,31,0,81,16,0,16,97
09/06/2020,FAR,ND,AGL,CE,Combined TRACON& Tower with Radar,20,12,10,0,42,0,3,6,0,9,20,15,16,0,51,0,0,0,51
09/07/2020,FAR,ND,AGL,CE,Combined TRACON& Tower with Radar,18,29,16,0,63,0,8,16,0,24,18,37,32,0,87,0,0,0,87
09/08/2020,FAR,ND,AGL,CE,Combined TRACON& Tower with Radar,19,56,26,0,101,0,9,31,2,42,19,65,57,2,143,94,0,94,237
09/09/2020,FAR,ND,AGL,CE,Combined TRACON& Tower with Radar,25,63,42,3,133,0,2,34,3,39,25,65,76,6,172,110,0,110,282
09/10/2020,FAR,ND,AGL,CE,Combined TRACON& Tower with Radar,30,57,32,7,126,0,10,65,15,90,30,67,97,22,216,42,0,42,258
09/11/2020,FAR,ND,AGL,CE,Combined TRACON& Tower with Radar,28,62,20,2,112,0,6,27,4,37,28,68,47,6,149,110,6,116,265
09/12/2020,FAR,ND,AGL,CE,Combined TRACON& Tower with Radar,24,39,25,2,90,0,2,11,4,17,24,41,36,6,107,2,0,2,109
09/13/2020,FAR,ND,AGL,CE,Combined TRACON& Tower with Radar,26,16,19,2,63,0,5,24,0,29,26,21,43,2,92,16,0,16,108
09/14/2020,FAR,ND,AGL,CE,Combined TRACON& Tower with Radar,25,39,27,7,98,0,8,35,3,46,25,47,62,10,144,52,0,52,196
09/15/2020,FAR,ND,AGL,CE,Combined TRACON& Tower with Radar,27,68,46,10,151,0,14,35,3,52,27,82,81,13,203,188,0,188,391
09/16/2020,FAR,ND,AGL,CE,Combined TRACON& Tower with Radar,29,59,53,3,144,0,10,28,0,38,29,69,81,3,182,84,0,84,266
09/17/2020,FAR,ND,AGL,CE,Combined TRACON& Tower with Radar,30,75,61,4,170,0,12,58,9,79,30,87,119,13,249,150,0,150,399
09/18/2020,FAR,ND,AGL,CE,Combined TRACON& Tower with Radar,27,65,36,5,133,0,3,44,7,54,27,68,80,12,187,50,12,62,249
09/19/2020,FAR,ND,AGL,CE,Combined TRACON& Tower with Radar,20,36,9,5,70,0,10,41,6,57,20,46,50,11,127,32,1,33,160
09/20/2020,FAR,ND,AGL,CE,Combined TRACON& Tower with Radar,26,16,18,0,60,0,9,17,6,32,26,25,35,6,92,0,0,0,92
09/21/2020,FAR,ND,AGL,CE,Combined TRACON& Tower with Radar,23,42,30,1,96,0,7,16,1,24,23,49,46,2,120,45,0,45,165
09/22/2020,FAR,ND,AGL,CE,Combined TRACON& Tower with Radar,28,66,39,9,142,0,2,48,3,53,28,68,87,12,195,56,0,56,251
09/23/2020,FAR,ND,AGL,CE,Combined TRACON& Tower with Radar,26,59,39,2,126,0,8,51,3,62,26,67,90,5,188,28,0,28,216
09/24/2020,FAR,ND,AGL,CE,Combined TRACON& Tower with Radar,29,58,40,3,130,0,4,24,3,31,29,62,64,6,161,40,4,44,205
09/25/2020,FAR,ND,AGL,CE,Combined TRACON& Tower with Radar,30,69,38,2,139,0,1,41,3,45,30,70,79,5,184,61,0,61,245
09/26/2020,FAR,ND,AGL,CE,Combined TRACON& Tower with Radar,21,34,19,0,74,0,11,13,0,24,21,45,32,0,98,28,0,28,126
09/27/2020,FAR,ND,AGL,CE,Combined TRACON& Tower with Radar,24,20,24,0,68,0,3,11,0,14,24,23,35,0,82,8,10,18,100
09/28/2020,FAR,ND,AGL,CE,Combined TRACON& Tower with Radar,23,58,27,0,108,0,2,16,0,18,23,60,43,0,126,28,0,28,154
09/29/2020,FAR,ND,AGL,CE,Combined TRACON& Tower with Radar,28,67,37,7,139,0,19,33,1,53,28,86,70,8,192,95,4,99,291
09/30/2020,FAR,ND,AGL,CE,Combined TRACON& Tower with Radar,26,67,48,2,143,0,3,17,3,23,26,70,65,5,166,13,8,21,187
10/01/2020,FAR,ND,AGL,CE,Combined TRACON& Tower with Radar,29,59,48,8,144,0,9,29,3,41,29,68,77,11,185,82,30,112,297
10/02/2020,FAR,ND,AGL,CE,Combined TRACON& Tower with Radar,29,90,30,3,152,0,16,57,7,80,29,106,87,10,232,42,20,62,294
10/03/2020,FAR,ND,AGL,CE,Combined TRACON& Tower with Radar,24,42,9,2,77,0,15,32,0,47,24,57,41,2,124,87,2,89,213
10/04/2020,FAR,ND,AGL,CE,Combined TRACON& Tower with Radar,24,28,23,0,75,0,11,27,0,38,24,39,50,0,113,12,0,12,125
10/05/2020,FAR,ND,AGL,CE,Combined TRACON& Tower with Radar,27,49,35,0,111,0,11,27,0,38,27,60,62,0,149,20,0,20,169
10/06/2020,FAR,ND,AGL,CE,Combined TRACON& Tower with Radar,30,79,25,2,136,0,10,24,1,35,30,89,49,3,171,66,22,88,259
10/07/2020,FAR,ND,AGL,CE,Combined TRACON& Tower with Radar,26,81,38,4,149,0,12,73,0,85,26,93,111,4,234,51,1,52,286
10/08/2020,FAR,ND,AGL,CE,Combined TRACON& Tower with Radar,30,61,45,13,149,0,11,33,9,53,30,72,78,22,202,52,8,60,262
10/09/2020,FAR,ND,AGL,CE,Combined TRACON& Tower with Radar,26,70,35,3,134,0,7,82,0,89,26,77,117,3,223,72,1,73,296
10/10/2020,FAR,ND,AGL,CE,Combined TRACON& Tower with Radar,23,40,10,0,73,0,12,50,0,62,23,52,60,0,135,86,0,86,221
10/11/2020,FAR,ND,AGL,CE,Combined TRACON& Tower with Radar,27,20,21,0,68,0,1,6,0,7,27,21,27,0,75,0,1,1,76
10/12/2020,FAR,ND,AGL,CE,Combined TRACON& Tower with Radar,25,48,30,0,103,0,8,38,0,46,25,56,68,0,149,116,0,116,265
10/13/2020,FAR,ND,AGL,CE,Combined TRACON& Tower with Radar,28,68,27,0,123,0,14,17,0,31,28,82,44,0,154,87,1,88,242
10/14/2020,FAR,ND,AGL,CE,Combined TRACON& Tower with Radar,28,72,40,0,140,0,1,15,6,22,28,73,55,6,162,24,0,24,186
10/15/2020,FAR,ND,AGL,CE,Combined TRACON& Tower with Radar,30,82,38,0,150,0,12,36,19,67,30,94,74,19,217,70,26,96,313
10/16/2020,FAR,ND,AGL,CE,Combined TRACON& Tower with Radar,26,85,31,4,146,0,16,53,2,71,26,101,84,6,217,95,0,95,312
10/17/2020,FAR,ND,AGL,CE,Combined TRACON& Tower with Radar,23,37,22,2,84,0,11,7,0,18,23,48,29,2,102,42,0,42,144
10/18/2020,FAR,ND,AGL,CE,Combined TRACON& Tower with Radar,26,22,20,0,68,0,2,33,0,35,26,24,53,0,103,50,0,50,153
10/19/2020,FAR,ND,AGL,CE,Combined TRACON& Tower with Radar,29,46,31,0,106,0,4,30,0,34,29,50,61,0,140,116,0,116,256
10/20/2020,FAR,ND,AGL,CE,Combined TRACON& Tower with Radar,28,72,29,1,130,0,0,1,0,1,28,72,30,1,131,4,0,4,135
10/21/2020,FAR,ND,AGL,CE,Combined TRACON& Tower with Radar,29,68,66,1,164,0,5,45,4,54,29,73,111,5,218,138,32,170,388
10/22/2020,FAR,ND,AGL,CE,Combined TRACON& Tower with Radar,30,75,27,0,132,0,0,1,0,1,30,75,28,0,133,0,0,0,133
10/23/2020,FAR,ND,AGL,CE,Combined TRACON& Tower with Radar,26,85,46,5,162,0,4,21,0,25,26,89,67,5,187,33,0,33,220
10/24/2020,FAR,ND,AGL,CE,Combined TRACON& Tower with Radar,27,38,26,0,91,0,3,11,0,14,27,41,37,0,105,6,0,6,111
10/25/2020,FAR,ND,AGL,CE,Combined TRACON& Tower with Radar,22,11,11,0,44,0,0,21,0,21,22,11,32,0,65,22,0,22,87
10/26/2020,FAR,ND,AGL,CE,Combined TRACON& Tower with Radar,25,49,42,2,118,0,16,45,5,66,25,65,87,7,184,87,0,87,271
10/27/2020,FAR,ND,AGL,CE,Combined TRACON& Tower with Radar,30,73,31,2,136,0,7,24,1,32,30,80,55,3,168,34,0,34,202
10/28/2020,FAR,ND,AGL,CE,Combined TRACON& Tower with Radar,28,66,33,0,127,0,2,24,0,26,28,68,57,0,153,25,16,41,194
10/29/2020,FAR,ND,AGL,CE,Combined TRACON& Tower with Radar,28,76,45,0,149,0,2,33,8,43,28,78,78,8,192,136,12,148,340
10/30/2020,FAR,ND,AGL,CE,Combined TRACON& Tower with Radar,26,74,39,4,143,0,4,17,4,25,26,78,56,8,168,25,2,27,195
10/31/2020,FAR,ND,AGL,CE,Combined TRACON& Tower with Radar,20,25,14,0,59,0,2,4,0,6,20,27,18,0,65,12,0,12,77
11/01/2020,FAR,ND,AGL,CE,Combined TRACON& Tower with Radar,23,21,39,5,88,0,8,31,3,42,23,29,70,8,130,50,3,53,183
11/02/2020,FAR,ND,AGL,CE,Combined TRACON& Tower with Radar,24,60,22,4,110,0,8,39,5,52,24,68,61,9,162,53,0,53,215
11/03/2020,FAR,ND,AGL,CE,Combined TRACON& Tower with Radar,26,77,21,7,131,0,14,52,7,73,26,91,73,14,204,66,4,70,274
11/04/2020,FAR,ND,AGL,CE,Combined TRACON& Tower with Radar,25,71,29,3,128,0,14,47,7,68,25,85,76,10,196,92,2,94,290
11/05/2020,FAR,ND,AGL,CE,Combined TRACON& Tower with Radar,30,85,49,7,171,0,22,49,13,84,30,107,98,20,255,94,4,98,353
11/06/2020,FAR,ND,AGL,CE,Combined TRACON& Tower with Radar,28,82,30,2,142,0,9,42,4,55,28,91,72,6,197,149,0,149,346
11/07/2020,FAR,ND,AGL,CE,Combined TRACON& Tower with Radar,25,41,24,1,91,0,5,33,0,38,25,46,57,1,129,33,0,33,162
11/08/2020,FAR,ND,AGL,CE,Combined TRACON& Tower with Radar,28,28,11,4,71,0,8,5,1,14,28,36,16,5,85,1,0,1,86
11/09/2020,FAR,ND,AGL,CE,Combined TRACON& Tower with Radar,21,48,30,20,119,0,7,11,0,18,21,55,41,20,137,46,72,118,255
11/10/2020,FAR,ND,AGL,CE,Combined TRACON& Tower with Radar,29,66,22,3,120,0,17,26,5,48,29,83,48,8,168,98,0,98,266
11/11/2020,FAR,ND,AGL,CE,Combined TRACON& Tower with Radar,27,74,44,0,145,0,4,38,0,42,27,78,82,0,187,140,0,140,327
11/12/2020,FAR,ND,AGL,CE,Combined TRACON& Tower with Radar,30,80,26,0,136,0,3,28,4,35,30,83,54,4,171,65,0,65,236
11/13/2020,FAR,ND,AGL,CE,Combined TRACON& Tower with Radar,29,67,25,1,122,0,5,43,1,49,29,72,68,2,171,43,0,43,214
11/14/2020,FAR,ND,AGL,CE,Combined TRACON& Tower with Radar,25,53,16,1,95,0,12,29,1,42,25,65,45,2,137,101,0,101,238
11/15/2020,FAR,ND,AGL,CE,Combined TRACON& Tower with Radar,28,27,23,0,78,0,2,8,0,10,28,29,31,0,88,9,0,9,97
11/16/2020,FAR,ND,AGL,CE,Combined TRACON& Tower with Radar,23,52,29,0,104,0,10,26,0,36,23,62,55,0,140,49,0,49,189
11/17/2020,FAR,ND,AGL,CE,Combined TRACON& Tower with Radar,29,64,40,1,134,0,8,39,3,50,29,72,79,4,184,62,0,62,246
11/18/2020,FAR,ND,AGL,CE,Combined TRACON& Tower with Radar,26,68,40,6,140,0,8,27,4,39,26,76,67,10,179,54,10,64,243
11/19/2020,FAR,ND,AGL,CE,Combined TRACON& Tower with Radar,30,83,31,0,144,0,0,5,0,5,30,83,36,0,149,20,2,22,171
11/20/2020,FAR,ND,AGL,CE,Combined TRACON& Tower with Radar,32,65,30,2,129,0,7,26,1,34,32,72,56,3,163,111,0,111,274
11/21/2020,FAR,ND,AGL,CE,Combined TRACON& Tower with Radar,25,38,18,1,82,0,10,25,1,36,25,48,43,2,118,51,0,51,169
11/22/2020,FAR,ND,AGL,CE,Combined TRACON& Tower with Radar,32,27,17,0,76,0,1,18,0,19,32,28,35,0,95,32,0,32,127
11/23/2020,FAR,ND,AGL,CE,Combined TRACON& Tower with Radar,27,45,20,12,104,0,12,18,0,30,27,57,38,12,134,80,22,102,236
11/24/2020,FAR,ND,AGL,CE,Combined TRACON& Tower with Radar,37,70,12,0,119,0,0,0,0,0,37,70,12,0,119,0,0,0,119
11/25/2020,FAR,ND,AGL,CE,Combined TRACON& Tower with Radar,38,68,30,16,152,0,0,4,0,4,38,68,34,16,156,24,0,24,180
11/26/2020,FAR,ND,AGL,CE,Combined TRACON& Tower with Radar,14,12,9,0,35,0,0,13,0,13,14,12,22,0,48,21,0,21,69
11/27/2020,FAR,ND,AGL,CE,Combined TRACON& Tower with Radar,27,66,20,2,115,0,12,24,0,36,27,78,44,2,151,64,0,64,215
11/28/2020,FAR,ND,AGL,CE,Combined TRACON& Tower with Radar,29,50,14,0,93,1,4,37,0,42,30,54,51,0,135,65,0,65,200
11/29/2020,FAR,ND,AGL,CE,Combined TRACON& Tower with Radar,32,19,31,0,82,0,7,21,0,28,32,26,52,0,110,23,0,23,133
11/30/2020,FAR,ND,AGL,CE,Combined TRACON& Tower with Radar,28,60,39,3,130,0,23,48,1,72,28,83,87,4,202,75,6,81,283
12/01/2020,FAR,ND,AGL,CE,Combined TRACON& Tower with Radar,35,68,45,4,152,0,14,51,2,67,35,82,96,6,219,112,4,116,335
12/02/2020,FAR,ND,AGL,CE,Combined TRACON& Tower with Radar,26,64,42,0,132,0,4,22,4,30,26,68,64,4,162,72,0,72,234
12/03/2020,FAR,ND,AGL,CE,Combined TRACON& Tower with Radar,37,85,45,3,170,0,10,50,1,61,37,95,95,4,231,86,8,94,325
12/04/2020,FAR,ND,AGL,CE,Combined TRACON& Tower with Radar,29,92,37,1,159,0,15,60,0,75,29,107,97,1,234,123,0,123,357
12/05/2020,FAR,ND,AGL,CE,Combined TRACON& Tower with Radar,22,34,19,4,79,0,2,63,4,69,22,36,82,8,148,98,2,100,248
12/06/2020,FAR,ND,AGL,CE,Combined TRACON& Tower with Radar,30,18,26,0,74,0,6,36,2,44,30,24,62,2,118,26,7,33,151
12/07/2020,FAR,ND,AGL,CE,Combined TRACON& Tower with Radar,25,62,32,5,124,0,15,60,0,75,25,77,92,5,199,166,18,184,383
12/08/2020,FAR,ND,AGL,CE,Combined TRACON& Tower with Radar,29,74,46,9,158,0,9,50,5,64,29,83,96,14,222,60,16,76,298
12/09/2020,FAR,ND,AGL,CE,Combined TRACON& Tower with Radar,28,66,39,4,137,0,8,55,2,65,28,74,94,6,202,175,8,183,385
12/10/2020,FAR,ND,AGL,CE,Combined TRACON& Tower with Radar,33,64,29,0,126,0,2,2,8,12,33,66,31,8,138,74,4,78,216
12/11/2020,FAR,ND,AGL,CE,Combined TRACON& Tower with Radar,29,68,13,0,110,0,0,0,0,0,29,68,13,0,110,0,0,0,110
12/12/2020,FAR,ND,AGL,CE,Combined TRACON& Tower with Radar,22,38,11,0,71,0,0,0,0,0,22,38,11,0,71,0,0,0,71
12/13/2020,FAR,ND,AGL,CE,Combined TRACON& Tower with Radar,26,18,11,0,55,0,0,1,2,3,26,18,12,2,58,8,4,12,70
12/14/2020,FAR,ND,AGL,CE,Combined TRACON& Tower with Radar,28,43,37,1,109,0,7,27,5,39,28,50,64,6,148,104,1,105,253
12/15/2020,FAR,ND,AGL,CE,Combined TRACON& Tower with Radar,30,62,45,2,139,0,12,23,0,35,30,74,68,2,174,72,0,72,246
12/16/2020,FAR,ND,AGL,CE,Combined TRACON& Tower with Radar,29,62,40,0,131,0,3,29,4,36,29,65,69,4,167,66,0,66,233
12/17/2020,FAR,ND,AGL,CE,Combined TRACON& Tower with Radar,37,63,33,0,133,0,1,18,10,29,37,64,51,10,162,20,2,22,184
12/18/2020,FAR,ND,AGL,CE,Combined TRACON& Tower with Radar,29,66,35,0,130,0,0,12,2,14,29,66,47,2,144,50,0,50,194
12/19/2020,FAR,ND,AGL,CE,Combined TRACON& Tower with Radar,27,47,28,0,102,0,5,38,0,43,27,52,66,0,145,94,0,94,239
12/20/2020,FAR,ND,AGL,CE,Combined TRACON& Tower with Radar,26,33,15,0,74,0,0,24,0,24,26,33,39,0,98,102,0,102,200
12/21/2020,FAR,ND,AGL,CE,Combined TRACON& Tower with Radar,27,48,30,4,109,0,0,24,0,24,27,48,54,4,133,49,0,49,182
12/22/2020,FAR,ND,AGL,CE,Combined TRACON& Tower with Radar,36,66,23,1,126,0,1,20,9,30,36,67,43,10,156,66,0,66,222
12/23/2020,FAR,ND,AGL,CE,Combined TRACON& Tower with Radar,18,16,3,0,37,0,0,0,1,1,18,16,3,1,38,0,0,0,38
12/24/2020,FAR,ND,AGL,CE,Combined TRACON& Tower with Radar,30,60,11,0,101,0,3,2,0,5,30,63,13,0,106,0,0,0,106
12/25/2020,FAR,ND,AGL,CE,Combined TRACON& Tower with Radar,6,20,6,0,32,0,0,2,0,2,6,20,8,0,34,0,0,0,34
12/26/2020,FAR,ND,AGL,CE,Combined TRACON& Tower with Radar,22,35,26,0,83,0,0,22,0,22,22,35,48,0,105,23,0,23,128
12/27/2020,FAR,ND,AGL,CE,Combined TRACON& Tower with Radar,24,27,22,0,73,0,0,2,1,3,24,27,24,1,76,0,0,0,76
12/28/2020,FAR,ND,AGL,CE,Combined TRACON& Tower with Radar,21,39,18,2,80,0,0,39,0,39,21,39,57,2,119,44,0,44,163
12/29/2020,FAR,ND,AGL,CE,Combined TRACON& Tower with Radar,28,65,9,0,102,0,2,9,0,11,28,67,18,0,113,23,10,33,146
12/30/2020,FAR,ND,AGL,CE,Combined TRACON& Tower with Radar,30,63,20,0,113,0,1,30,9,40,30,64,50,9,153,74,12,86,239
12/31/2020,FAR,ND,AGL,CE,Combined TRACON& Tower with Radar,24,67,19,1,111,0,6,37,7,50,24,73,56,8,161,58,30,88,249
01/01/2021,FAR,ND,AGL,CE,Combined TRACON& Tower with Radar,14,28,4,0,46,0,0,0,0,0,14,28,4,0,46,0,0,0,46
01/02/2021,FAR,ND,AGL,CE,Combined TRACON& Tower with Radar,21,32,28,0,81,0,0,26,0,26,21,32,54,0,107,26,0,26,133
01/03/2021,FAR,ND,AGL,CE,Combined TRACON& Tower with Radar,24,21,27,0,72,0,2,42,0,44,24,23,69,0,116,42,10,52,168
01/04/2021,FAR,ND,AGL,CE,Combined TRACON& Tower with Radar,23,46,29,7,105,0,2,45,3,50,23,48,74,10,155,61,4,65,220
01/05/2021,FAR,ND,AGL,CE,Combined TRACON& Tower with Radar,31,60,28,1,120,0,0,29,11,40,31,60,57,12,160,55,24,79,239
01/06/2021,FAR,ND,AGL,CE,Combined TRACON& Tower with Radar,26,63,36,7,132,0,0,41,8,49,26,63,77,15,181,94,54,148,329
01/07/2021,FAR,ND,AGL,CE,Combined TRACON& Tower with Radar,30,55,23,9,117,0,0,0,0,0,30,55,23,9,117,0,0,0,117
01/08/2021,FAR,ND,AGL,CE,Combined TRACON& Tower with Radar,30,53,12,0,95,0,0,0,0,0,30,53,12,0,95,0,0,0,95
01/09/2021,FAR,ND,AGL,CE,Combined TRACON& Tower with Radar,22,32,4,0,58,0,0,0,0,0,22,32,4,0,58,0,0,0,58
01/10/2021,FAR,ND,AGL,CE,Combined TRACON& Tower with Radar,27,15,26,2,70,0,2,27,8,37,27,17,53,10,107,44,18,62,169
01/11/2021,FAR,ND,AGL,CE,Combined TRACON& Tower with Radar,24,41,55,4,124,0,0,45,1,46,24,41,100,5,170,121,0,121,291
01/12/2021,FAR,ND,AGL,CE,Combined TRACON& Tower with Radar,27,74,49,7,157,0,11,45,2,58,27,85,94,9,215,110,2,112,327
01/13/2021,FAR,ND,AGL,CE,Combined TRACON& Tower with Radar,26,68,41,3,138,0,7,43,4,54,26,75,84,7,192,76,4,80,272
01/14/2021,FAR,ND,AGL,CE,Combined TRACON& Tower with Radar,32,30,29,6,97,0,1,2,0,3,32,31,31,6,100,0,0,0,100
01/15/2021,FAR,ND,AGL,CE,Combined TRACON& Tower with Radar,32,55,15,0,102,0,0,0,0,0,32,55,15,0,102,0,0,0,102
01/16/2021,FAR,ND,AGL,CE,Combined TRACON& Tower with Radar,23,27,11,0,61,0,0,8,0,8,23,27,19,0,69,14,0,14,83
01/17/2021,FAR,ND,AGL,CE,Combined TRACON& Tower with Radar,24,14,14,0,52,0,0,2,0,2,24,14,16,0,54,2,0,2,56
01/18/2021,FAR,ND,AGL,CE,Combined TRACON& Tower with Radar,26,43,31,0,100,0,0,1,0,1,26,43,32,0,101,12,0,12,113
01/19/2021,FAR,ND,AGL,CE,Combined TRACON& Tower with Radar,27,71,20,0,118,0,4,18,2,24,27,75,38,2,142,51,0,51,193
01/20/2021,FAR,ND,AGL,CE,Combined TRACON& Tower with Radar,26,46,38,0,110,0,0,16,6,22,26,46,54,6,132,16,0,16,148
01/21/2021,FAR,ND,AGL,CE,Combined TRACON& Tower with Radar,34,61,37,12,144,0,6,22,4,32,34,67,59,16,176,40,48,88,264
01/22/2021,FAR,ND,AGL,CE,Combined TRACON& Tower with Radar,30,53,35,0,118,0,2,21,2,25,30,55,56,2,143,104,2,106,249
01/23/2021,FAR,ND,AGL,CE,Combined TRACON& Tower with Radar,22,31,13,0,66,0,2,7,0,9,22,33,20,0,75,32,0,32,107
01/24/2021,FAR,ND,AGL,CE,Combined TRACON& Tower with Radar,29,17,22,0,68,0,10,47,2,59,29,27,69,2,127,85,2,87,214
01/25/2021,FAR,ND,AGL,CE,Combined TRACON& Tower with Radar,25,42,29,1,97,0,3,38,5,46,25,45,67,6,143,113,0,113,256
01/26/2021,FAR,ND,AGL,CE,Combined TRACON& Tower with Radar,26,61,35,0,122,0,2,2,0,4,26,63,37,0,126,18,0,18,144
01/27/2021,FAR,ND,AGL,CE,Combined TRACON& Tower with Radar,26,59,37,0,122,0,2,23,2,27,26,61,60,2,149,91,0,91,240
01/28/2021,FAR,ND,AGL,CE,Combined TRACON& Tower with Radar,34,53,23,0,110,0,6,10,5,21,34,59,33,5,131,11,16,27,158
01/29/2021,FAR,ND,AGL,CE,Combined TRACON& Tower with Radar,31,66,29,0,126,0,0,0,0,0,31,66,29,0,126,0,0,0,126
01/30/2021,FAR,ND,AGL,CE,Combined TRACON& Tower with Radar,22,26,10,0,58,0,0,0,0,0,22,26,10,0,58,0,0,0,58
01/31/2021,FAR,ND,AGL,CE,Combined TRACON& Tower with Radar,29,17,12,0,58,0,0,12,0,12,29,17,24,0,70,40,0,40,110
02/01/2021,FAR,ND,AGL,CE,Combined TRACON& Tower with Radar,26,35,18,0,79,0,0,4,0,4,26,35,22,0,83,10,0,10,93
02/02/2021,FAR,ND,AGL,CE,Combined TRACON& Tower with Radar,26,63,26,0,115,0,0,0,0,0,26,63,26,0,115,2,0,2,117
02/03/2021,FAR,ND,AGL,CE,Combined TRACON& Tower with Radar,26,57,20,0,103,0,0,0,0,0,26,57,20,0,103,2,1,3,106
02/04/2021,FAR,ND,AGL,CE,Combined TRACON& Tower with Radar,35,50,30,0,115,0,0,11,2,13,35,50,41,2,128,2,4,6,134
02/05/2021,FAR,ND,AGL,CE,Combined TRACON& Tower with Radar,31,54,39,0,124,0,0,18,0,18,31,54,57,0,142,20,0,20,162
02/06/2021,FAR,ND,AGL,CE,Combined TRACON& Tower with Radar,22,22,9,0,53,0,2,24,1,27,22,24,33,1,80,26,0,26,106
02/07/2021,FAR,ND,AGL,CE,Combined TRACON& Tower with Radar,27,28,11,0,66,0,1,20,1,22,27,29,31,1,88,9,0,9,97
02/08/2021,FAR,ND,AGL,CE,Combined TRACON& Tower with Radar,23,41,36,2,102,0,6,18,2,26,23,47,54,4,128,61,4,65,193
02/09/2021,FAR,ND,AGL,CE,Combined TRACON& Tower with Radar,30,67,33,0,130,0,18,27,0,45,30,85,60,0,175,47,6,53,228
02/10/2021,FAR,ND,AGL,CE,Combined TRACON& Tower with Radar,30,63,41,6,140,0,8,25,4,37,30,71,66,10,177,71,10,81,258
02/11/2021,FAR,ND,AGL,CE,Combined TRACON& Tower with Radar,32,47,40,9,128,0,3,14,0,17,32,50,54,9,145,42,32,74,219
02/12/2021,FAR,ND,AGL,CE,Combined TRACON& Tower with Radar,32,64,26,0,122,0,5,16,0,21,32,69,42,0,143,85,0,85,228
02/13/2021,FAR,ND,AGL,CE,Combined TRACON& Tower with Radar,34,37,14,0,85,0,0,3,0,3,34,37,17,0,88,64,1,65,153
02/14/2021,FAR,ND,AGL,CE,Combined TRACON& Tower with Radar,29,12,22,0,63,0,2,18,0,20,29,14,40,0,83,38,0,38,121
02/15/2021,FAR,ND,AGL,CE,Combined TRACON& Tower with Radar,20,57,34,0,111,0,8,10,0,18,20,65,44,0,129,44,0,44,173
02/16/2021,FAR,ND,AGL,CE,Combined TRACON& Tower with Radar,21,66,26,0,113,0,14,23,6,43,21,80,49,6,156,138,0,138,294
02/17/2021,FAR,ND,AGL,CE,Combined TRACON& Tower with Radar,24,46,51,0,121,0,0,3,0,3,24,46,54,0,124,44,22,66,190
02/18/2021,FAR,ND,AGL,CE,Combined TRACON& Tower with Radar,30,59,37,6,132,0,2,16,4,22,30,61,53,10,154,6,5,11,165
02/19/2021,FAR,ND,AGL,CE,Combined TRACON& Tower with Radar,28,66,28,4,126,0,10,41,7,58,28,76,69,11,184,130,2,132,316
02/20/2021,FAR,ND,AGL,CE,Combined TRACON& Tower with Radar,28,35,22,1,86,0,4,43,7,54,28,39,65,8,140,103,0,103,243
02/21/2021,FAR,ND,AGL,CE,Combined TRACON& Tower with Radar,34,16,32,0,82,0,3,48,3,54,34,19,80,3,136,116,13,129,265
02/22/2021,FAR,ND,AGL,CE,Combined TRACON& Tower with Radar,29,35,22,0,86,0,4,19,2,25,29,39,41,2,111,86,0,86,197
02/23/2021,FAR,ND,AGL,CE,Combined TRACON& Tower with Radar,30,74,21,0,125,0,4,15,2,21,30,78,36,2,146,110,0,110,256
02/24/2021,FAR,ND,AGL,CE,Combined TRACON& Tower with Radar,30,65,59,0,154,0,0,25,6,31,30,65,84,6,185,80,30,110,295
02/25/2021,FAR,ND,AGL,CE,Combined TRACON& Tower with Radar,39,69,32,5,145,0,9,43,7,59,39,78,75,12,204,101,4,105,309
02/26/2021,FAR,ND,AGL,CE,Combined TRACON& Tower with Radar,35,64,29,4,132,0,7,32,0,39,35,71,61,4,171,134,15,149,320
02/27/2021,FAR,ND,AGL,CE,Combined TRACON& Tower with Radar,29,30,22,0,81,0,0,0,0,0,29,30,22,0,81,0,0,0,81
02/28/2021,FAR,ND,AGL,CE,Combined TRACON& Tower with Radar,32,23,20,0,75,0,9,53,5,67,32,32,73,5,142,58,0,58,200
03/01/2021,FAR,ND,AGL,CE,Combined TRACON& Tower with Radar,31,50,23,0,104,0,8,23,0,31,31,58,46,0,135,151,0,151,286
03/02/2021,FAR,ND,AGL,CE,Combined TRACON& Tower with Radar,32,77,33,2,144,0,9,48,2,59,32,86,81,4,203,124,0,124,327
03/03/2021,FAR,ND,AGL,CE,Combined TRACON& Tower with Radar,37,68,38,2,145,0,10,35,4,49,37,78,73,6,194,200,2,202,396
03/04/2021,FAR,ND,AGL,CE,Combined TRACON& Tower with Radar,38,78,46,2,164,0,20,42,13,75,38,98,88,15,239,188,4,192,431
03/05/2021,FAR,ND,AGL,CE,Combined TRACON& Tower with Radar,33,61,45,11,150,0,10,55,3,68,33,71,100,14,218,56,34,90,308
03/06/2021,FAR,ND,AGL,CE,Combined TRACON& Tower with Radar,29,31,22,0,82,0,6,39,0,45,29,37,61,0,127,52,0,52,179
03/07/2021,FAR,ND,AGL,CE,Combined TRACON& Tower with Radar,36,24,20,4,84,0,6,39,0,45,36,30,59,4,129,20,0,20,149
03/08/2021,FAR,ND,AGL,CE,Combined TRACON& Tower with Radar,28,54,33,0,115,0,12,37,1,50,28,66,70,1,165,105,1,106,271
03/09/2021,FAR,ND,AGL,CE,Combined TRACON& Tower with Radar,39,57,38,0,134,0,7,22,0,29,39,64,60,0,163,14,0,14,177
03/10/2021,FAR,ND,AGL,CE,Combined TRACON& Tower with Radar,34,64,36,2,136,0,0,0,0,0,34,64,36,2,136,2,0,2,138
03/11/2021,FAR,ND,AGL,CE,Combined TRACON& Tower with Radar,42,65,61,0,168,0,14,41,5,60,42,79,102,5,228,123,0,123,351
03/12/2021,FAR,ND,AGL,CE,Combined TRACON& Tower with Radar,33,70,44,7,154,0,9,49,2,60,33,79,93,9,214,144,0,144,358
03/13/2021,FAR,ND,AGL,CE,Combined TRACON& Tower with Radar,28,44,24,0,96,0,10,21,0,31,28,54,45,0,127,113,9,122,249
03/14/2021,FAR,ND,AGL,CE,Combined TRACON& Tower with Radar,32,12,18,0,62,0,4,17,3,24,32,16,35,3,86,75,0,75,161
03/15/2021,FAR,ND,AGL,CE,Combined TRACON& Tower with Radar,30,31,33,0,94,0,0,9,0,9,30,31,42,0,103,19,0,19,122
03/16/2021,FAR,ND,AGL,CE,Combined TRACON& Tower with Radar,40,58,23,2,123,0,0,1,0,1,40,58,24,2,124,51,0,51,175
03/17/2021,FAR,ND,AGL,CE,Combined TRACON& Tower with Radar,33,64,42,0,139,0,0,20,0,20,33,64,62,0,159,62,0,62,221
03/18/2021,FAR,ND,AGL,CE,Combined TRACON& Tower with Radar,41,62,47,3,153,0,23,39,7,69,41,85,86,10,222,115,1,116,338
03/19/2021,FAR,ND,AGL,CE,Combined TRACON& Tower with Radar,34,55,25,4,118,0,16,20,4,40,34,71,45,8,158,64,12,76,234
03/20/2021,FAR,ND,AGL,CE,Combined TRACON& Tower with Radar,34,30,20,0,84,0,6,12,0,18,34,36,32,0,102,8,0,8,110
03/21/2021,FAR,ND,AGL,CE,Combined TRACON& Tower with Radar,42,9,21,0,72,0,2,16,0,18,42,11,37,0,90,23,1,24,114
03/22/2021,FAR,ND,AGL,CE,Combined TRACON& Tower with Radar,30,39,35,0,104,0,17,45,5,67,30,56,80,5,171,150,0,150,321
03/23/2021,FAR,ND,AGL,CE,Combined TRACON& Tower with Radar,37,64,32,4,137,0,2,43,5,50,37,66,75,9,187,154,2,156,343
03/24/2021,FAR,ND,AGL,CE,Combined TRACON& Tower with Radar,32,70,41,18,161,0,16,28,10,54,32,86,69,28,215,74,90,164,379
03/25/2021,FAR,ND,AGL,CE,Combined TRACON& Tower with Radar,41,68,37,15,161,0,8,49,5,62,41,76,86,20,223,141,26,167,390
03/26/2021,FAR,ND,AGL,CE,Combined TRACON& Tower with Radar,38,62,28,5,133,0,2,22,0,24,38,64,50,5,157,76,0,76,233
03/27/2021,FAR,ND,AGL,CE,Combined TRACON& Tower with Radar,29,36,25,0,90,0,6,12,0,18,29,42,37,0,108,30,0,30,138
03/28/2021,FAR,ND,AGL,CE,Combined TRACON& Tower with Radar,39,16,29,1,85,0,4,45,3,52,39,20,74,4,137,35,0,35,172
03/29/2021,FAR,ND,AGL,CE,Combined TRACON& Tower with Radar,25,26,15,0,66,0,5,3,0,8,25,31,18,0,74,28,0,28,102
03/30/2021,FAR,ND,AGL,CE,Combined TRACON& Tower with Radar,42,70,20,0,132,0,0,1,0,1,42,70,21,0,133,4,0,4,137
03/31/2021,FAR,ND,AGL,CE,Combined TRACON& Tower with Radar,36,75,54,9,174,0,20,52,11,83,36,95,106,20,257,122,40,162,419
04/01/2021,FAR,ND,AGL,CE,Combined TRACON& Tower with Radar,43,77,42,1,163,0,10,46,4,60,43,87,88,5,223,105,0,105,328
04/02/2021,FAR,ND,AGL,CE,Combined TRACON& Tower with Radar,36,67,26,0,129,0,26,20,0,46,36,93,46,0,175,51,1,52,227
04/03/2021,FAR,ND,AGL,CE,Combined TRACON& Tower with Radar,32,30,15,0,77,0,13,67,1,81,32,43,82,1,158,48,0,48,206
04/04/2021,FAR,ND,AGL,CE,Combined TRACON& Tower with Radar,41,14,25,0,80,0,1,13,0,14,41,15,38,0,94,0,0,0,94
04/05/2021,FAR,ND,AGL,CE,Combined TRACON& Tower with Radar,31,52,59,0,142,0,14,40,2,56,31,66,99,2,198,85,0,85,283
04/06/2021,FAR,ND,AGL,CE,Combined TRACON& Tower with Radar,36,70,31,0,137,0,19,17,0,36,36,89,48,0,173,94,1,95,268
04/07/2021,FAR,ND,AGL,CE,Combined TRACON& Tower with Radar,34,67,48,0,149,0,6,9,0,15,34,73,57,0,164,4,0,4,168
04/08/2021,FAR,ND,AGL,CE,Combined TRACON& Tower with Radar,42,65,53,0,160,0,0,0,0,0,42,65,53,0,160,5,0,5,165
04/09/2021,FAR,ND,AGL,CE,Combined TRACON& Tower with Radar,39,62,52,9,162,0,6,7,0,13,39,68,59,9,175,56,6,62,237
04/10/2021,FAR,ND,AGL,CE,Combined TRACON& Tower with Radar,34,41,33,3,111,0,12,48,2,62,34,53,81,5,173,113,0,113,286
04/11/2021,FAR,ND,AGL,CE,Combined TRACON& Tower with Radar,33,26,32,2,93,0,8,23,3,34,33,34,55,5,127,68,0,68,195
04/12/2021,FAR,ND,AGL,CE,Combined TRACON& Tower with Radar,32,40,17,2,91,0,0,0,0,0,32,40,17,2,91,3,0,3,94
04/13/2021,FAR,ND,AGL,CE,Combined TRACON& Tower with Radar,32,72,40,0,144,0,0,0,0,0,32,72,40,0,144,2,0,2,146
04/14/2021,FAR,ND,AGL,CE,Combined TRACON& Tower with Radar,30,54,50,2,136,0,2,4,0,6,30,56,54,2,142,6,0,6,148
04/15/2021,FAR,ND,AGL,CE,Combined TRACON& Tower with Radar,38,66,59,0,163,0,2,4,7,13,38,68,63,7,176,16,0,16,192
04/16/2021,FAR,ND,AGL,CE,Combined TRACON& Tower with Radar,35,60,36,0,131,0,11,58,2,71,35,71,94,2,202,106,0,106,308
04/17/2021,FAR,ND,AGL,CE,Combined TRACON& Tower with Radar,25,47,22,0,94,0,16,57,0,73,25,63,79,0,167,60,0,60,227
04/18/2021,FAR,ND,AGL,CE,Combined TRACON& Tower with Radar,29,17,28,0,74,0,2,15,0,17,29,19,43,0,91,9,3,12,103
04/19/2021,FAR,ND,AGL,CE,Combined TRACON& Tower with Radar,33,50,36,0,119,0,26,27,2,55,33,76,63,2,174,89,7,96,270
04/20/2021,FAR,ND,AGL,CE,Combined TRACON& Tower with Radar,35,71,39,0,145,0,12,48,0,60,35,83,87,0,205,119,0,119,324
04/21/2021,FAR,ND,AGL,CE,Combined TRACON& Tower with Radar,32,52,42,3,129,0,30,53,5,88,32,82,95,8,217,112,0,112,329
04/22/2021,FAR,ND,AGL,CE,Combined TRACON& Tower with Radar,38,92,43,0,173,0,26,57,10,93,38,118,100,10,266,106,19,125,391
04/23/2021,FAR,ND,AGL,CE,Combined TRACON& Tower with Radar,35,56,26,2,119,0,2,5,0,7,35,58,31,2,126,57,20,77,203
04/24/2021,FAR,ND,AGL,CE,Combined TRACON& Tower with Radar,30,38,23,0,91,0,20,65,0,85,30,58,88,0,176,131,0,131,307
04/25/2021,FAR,ND,AGL,CE,Combined TRACON& Tower with Radar,30,15,26,0,71,0,1,6,0,7,30,16,32,0,78,4,0,4,82
04/26/2021,FAR,ND,AGL,CE,Combined TRACON& Tower with Radar,31,47,55,2,135,0,0,8,2,10,31,47,63,4,145,145,20,165,310
04/27/2021,FAR,ND,AGL,CE,Combined TRACON& Tower with Radar,34,70,39,7,150,0,17,54,14,85,34,87,93,21,235,153,28,181,416
04/28/2021,FAR,ND,AGL,CE,Combined TRACON& Tower with Radar,34,70,75,3,182,0,0,45,8,53,34,70,120,11,235,120,0,120,355
04/29/2021,FAR,ND,AGL,CE,Combined TRACON& Tower with Radar,37,54,42,0,133,0,12,32,7,51,37,66,74,7,184,48,0,48,232
04/30/2021,FAR,ND,AGL,CE,Combined TRACON& Tower with Radar,38,72,41,2,153,0,16,56,1,73,38,88,97,3,226,106,1,107,333
05/01/2021,FAR,ND,AGL,CE,Combined TRACON& Tower with Radar,24,44,25,2,95,0,11,46,6,63,24,55,71,8,158,82,6,88,246
05/02/2021,FAR,ND,AGL,CE,Combined TRACON& Tower with Radar,30,19,33,3,85,0,2,33,2,37,30,21,66,5,122,62,2,64,186
05/03/2021,FAR,ND,AGL,CE,Combined TRACON& Tower with Radar,34,38,38,3,113,0,14,3,0,17,34,52,41,3,130,29,0,29,159
05/04/2021,FAR,ND,AGL,CE,Combined TRACON& Tower with Radar,32,90,39,5,166,0,31,70,4,105,32,121,109,9,271,60,6,66,337
05/05/2021,FAR,ND,AGL,CE,Combined TRACON& Tower with Radar,30,58,44,1,133,0,8,29,6,43,30,66,73,7,176,82,2,84,260
05/06/2021,FAR,ND,AGL,CE,Combined TRACON& Tower with Radar,34,72,46,1,153,0,20,39,13,72,34,92,85,14,225,39,6,45,270
05/07/2021,FAR,ND,AGL,CE,Combined TRACON& Tower with Radar,37,74,36,4,151,0,14,44,6,64,37,88,80,10,215,108,8,116,331
05/08/2021,FAR,ND,AGL,CE,Combined TRACON& Tower with Radar,30,48,25,2,105,0,10,54,0,64,30,58,79,2,169,70,0,70,239
05/09/2021,FAR,ND,AGL,CE,Combined TRACON& Tower with Radar,32,10,22,0,64,0,6,24,0,30,32,16,46,0,94,89,0,89,183
05/10/2021,FAR,ND,AGL,CE,Combined TRACON& Tower with Radar,35,47,49,2,133,0,7,57,2,66,35,54,106,4,199,46,0,46,245
05/11/2021,FAR,ND,AGL,CE,Combined TRACON& Tower with Radar,35,60,48,1,144,0,7,47,3,57,35,67,95,4,201,111,18,129,330
05/12/2021,FAR,ND,AGL,CE,Combined TRACON& Tower with Radar,34,84,58,1,177,0,9,45,7,61,34,93,103,8,238,104,18,122,360
05/13/2021,FAR,ND,AGL,CE,Combined TRACON& Tower with Radar,36,57,64,3,160,0,10,39,3,52,36,67,103,6,212,32,0,32,244
05/14/2021,FAR,ND,AGL,CE,Combined TRACON& Tower with Radar,37,67,51,1,156,0,7,38,5,50,37,74,89,6,206,78,24,102,308
05/15/2021,FAR,ND,AGL,CE,Combined TRACON& Tower with Radar,29,38,16,4,87,0,15,45,4,64,29,53,61,8,151,74,0,74,225
05/16/2021,FAR,ND,AGL,CE,Combined TRACON& Tower with Radar,32,15,15,0,62,0,1,32,1,34,32,16,47,1,96,41,0,41,137
05/17/2021,FAR,ND,AGL,CE,Combined TRACON& Tower with Radar,37,68,37,0,142,0,5,43,2,50,37,73,80,2,192,86,0,86,278
05/18/2021,FAR,ND,AGL,CE,Combined TRACON& Tower with Radar,37,84,36,3,160,0,2,24,1,27,37,86,60,4,187,49,2,51,238
05/19/2021,FAR,ND,AGL,CE,Combined TRACON& Tower with Radar,37,56,58,7,158,0,3,33,1,37,37,59,91,8,195,82,44,126,321
05/20/2021,FAR,ND,AGL,CE,Combined TRACON& Tower with Radar,36,51,48,0,135,0,1,10,0,11,36,52,58,0,146,10,0,10,156
05/21/2021,FAR,ND,AGL,CE,Combined TRACON& Tower with Radar,38,72,52,2,164,0,2,25,2,29,38,74,77,4,193,24,16,40,233
05/22/2021,FAR,ND,AGL,CE,Combined TRACON& Tower with Radar,30,37,18,0,85,0,0,3,0,3,30,37,21,0,88,1,0,1,89
05/23/2021,FAR,ND,AGL,CE,Combined TRACON& Tower with Radar,32,18,31,0,81,0,0,2,0,2,32,18,33,0,83,10,0,10,93
05/24/2021,FAR,ND,AGL,CE,Combined TRACON& Tower with Radar,36,48,40,0,124,0,5,20,3,28,36,53,60,3,152,20,1,21,173
05/25/2021,FAR,ND,AGL,CE,Combined TRACON& Tower with Radar,35,62,35,2,134,0,5,11,2,18,35,67,46,4,152,10,6,16,168
05/26/2021,FAR,ND,AGL,CE,Combined TRACON& Tower with Radar,36,53,61,6,156,0,7,34,2,43,36,60,95,8,199,134,21,155,354
05/27/2021,FAR,ND,AGL,CE,Combined TRACON& Tower with Radar,36,64,37,0,137,0,19,31,2,52,36,83,68,2,189,149,0,149,338
05/28/2021,FAR,ND,AGL,CE,Combined TRACON& Tower with Radar,38,84,39,3,164,0,12,44,3,59,38,96,83,6,223,104,4,108,331
05/29/2021,FAR,ND,AGL,CE,Combined TRACON& Tower with Radar,27,26,16,0,69,0,6,8,1,15,27,32,24,1,84,11,2,13,97
05/30/2021,FAR,ND,AGL,CE,Combined TRACON& Tower with Radar,26,6,13,0,45,0,3,16,2,21,26,9,29,2,66,64,0,64,130
05/31/2021,FAR,ND,AGL,CE,Combined TRACON& Tower with Radar,30,25,19,0,74,0,10,56,0,66,30,35,75,0,140,74,0,74,214
06/01/2021,FAR,ND,AGL,CE,Combined TRACON& Tower with Radar,32,54,48,0,134,0,13,50,4,67,32,67,98,4,201,133,0,133,334
06/02/2021,FAR,ND,AGL,CE,Combined TRACON& Tower with Radar,42,66,40,4,152,0,33,51,5,89,42,99,91,9,241,230,6,236,477
06/03/2021,FAR,ND,AGL,CE,Combined TRACON& Tower with Radar,38,77,28,3,146,0,14,40,6,60,38,91,68,9,206,81,2,83,289
06/04/2021,FAR,ND,AGL,CE,Combined TRACON& Tower with Radar,36,62,33,3,134,0,6,42,5,53,36,68,75,8,187,82,0,82,269
06/05/2021,FAR,ND,AGL,CE,Combined TRACON& Tower with Radar,27,42,15,0,84,0,10,25,2,37,27,52,40,2,121,22,0,22,143
06/06/2021,FAR,ND,AGL,CE,Combined TRACON& Tower with Radar,26,19,25,2,72,0,4,20,4,28,26,23,45,6,100,27,0,27,127
06/07/2021,FAR,ND,AGL,CE,Combined TRACON& Tower with Radar,36,56,37,7,136,0,6,35,1,42,36,62,72,8,178,136,0,136,314
06/08/2021,FAR,ND,AGL,CE,Combined TRACON& Tower with Radar,35,64,58,16,173,0,21,30,5,56,35,85,88,21,229,67,32,99,328
06/09/2021,FAR,ND,AGL,CE,Combined TRACON& Tower with Radar,39,71,67,11,188,0,11,55,5,71,39,82,122,16,259,63,0,63,322
06/10/2021,FAR,ND,AGL,CE,Combined TRACON& Tower with Radar,35,71,66,8,180,0,21,34,11,66,35,92,100,19,246,98,2,100,346
06/11/2021,FAR,ND,AGL,CE,Combined TRACON& Tower with Radar,36,59,29,2,126,0,8,20,2,30,36,67,49,4,156,22,0,22,178
06/12/2021,FAR,ND,AGL,CE,Combined TRACON& Tower with Radar,29,49,19,0,97,0,18,55,12,85,29,67,74,12,182,116,0,116,298
06/13/2021,FAR,ND,AGL,CE,Combined TRACON& Tower with Radar,28,22,33,0,83,0,2,43,4,49,28,24,76,4,132,108,0,108,240
06/14/2021,FAR,ND,AGL,CE,Combined TRACON& Tower with Radar,33,45,42,5,125,0,4,55,1,60,33,49,97,6,185,135,0,135,320
06/15/2021,FAR,ND,AGL,CE,Combined TRACON& Tower with Radar,36,66,48,3,153,0,30,59,3,92,36,96,107,6,245,279,10,289,534
06/16/2021,FAR,ND,AGL,CE,Combined TRACON& Tower with Radar,36,66,58,0,160,0,16,32,0,48,36,82,90,0,208,128,0,128,336
06/17/2021,FAR,ND,AGL,CE,Combined TRACON& Tower with Radar,36,60,73,3,172,0,29,71,14,114,36,89,144,17,286,197,0,197,483
06/18/2021,FAR,ND,AGL,CE,Combined TRACON& Tower with Radar,38,72,42,4,156,0,4,66,0,70,38,76,108,4,226,87,0,87,313
06/19/2021,FAR,ND,AGL,CE,Combined TRACON& Tower with Radar,33,30,29,0,92,0,11,70,2,83,33,41,99,2,175,169,0,169,344
06/20/2021,FAR,ND,AGL,CE,Combined TRACON& Tower with Radar,30,20,35,0,85,0,2,1,0,3,30,22,36,0,88,22,0,22,110
06/21/2021,FAR,ND,AGL,CE,Combined TRACON& Tower with Radar,33,46,36,0,115,0,6,33,2,41,33,52,69,2,156,109,1,110,266
06/22/2021,FAR,ND,AGL,CE,Combined TRACON& Tower with Radar,36,76,48,5,165,0,18,48,2,68,36,94,96,7,233,205,0,205,438
06/23/2021,FAR,ND,AGL,CE,Combined TRACON& Tower with Radar,39,55,56,2,152,0,6,39,3,48,39,61,95,5,200,102,0,102,302
06/24/2021,FAR,ND,AGL,CE,Combined TRACON& Tower with Radar,35,80,40,6,161,0,16,66,6,88,35,96,106,12,249,162,20,182,431
06/25/2021,FAR,ND,AGL,CE,Combined TRACON& Tower with Radar,36,76,47,1,160,0,10,33,0,43,36,86,80,1,203,144,0,144,347
06/26/2021,FAR,ND,AGL,CE,Combined TRACON& Tower with Radar,30,42,33,0,105,0,4,14,0,18,30,46,47,0,123,10,1,11,134
06/27/2021,FAR,ND,AGL,CE,Combined TRACON& Tower with Radar,27,17,26,0,70,0,6,27,0,33,27,23,53,0,103,43,0,43,146
06/28/2021,FAR,ND,AGL,CE,Combined TRACON& Tower with Radar,34,43,62,0,139,0,3,34,5,42,34,46,96,5,181,144,0,144,325
06/29/2021,FAR,ND,AGL,CE,Combined TRACON& Tower with Radar,37,74,38,5,154,0,14,70,9,93,37,88,108,14,247,186,36,222,469
06/30/2021,FAR,ND,AGL,CE,Combined TRACON& Tower with Radar,38,76,50,5,169,0,22,66,3,91,38,98,116,8,260,226,18,244,504
07/01/2021,FAR,ND,AGL,CE,Combined TRACON& Tower with Radar,35,78,40,2,155,0,18,70,11,99,35,96,110,13,254,151,0,151,405
07/02/2021,FAR,ND,AGL,CE,Combined TRACON& Tower with Radar,32,71,46,2,151,0,5,70,4,79,32,76,116,6,230,141,6,147,377
07/03/2021,FAR,ND,AGL,CE,Combined TRACON& Tower with Radar,31,44,20,0,95,0,2,39,2,43,31,46,59,2,138,52,1,53,191
07/04/2021,FAR,ND,AGL,CE,Combined TRACON& Tower with Radar,25,14,10,0,49,0,4,17,0,21,25,18,27,0,70,38,0,38,108
07/05/2021,FAR,ND,AGL,CE,Combined TRACON& Tower with Radar,27,25,27,0,79,0,0,52,2,54,27,25,79,2,133,79,0,79,212
07/06/2021,FAR,ND,AGL,CE,Combined TRACON& Tower with Radar,28,72,41,9,150,0,4,14,0,18,28,76,55,9,168,134,24,158,326
07/07/2021,FAR,ND,AGL,CE,Combined TRACON& Tower with Radar,40,94,46,8,188,0,10,42,0,52,40,104,88,8,240,251,2,253,493
07/08/2021,FAR,ND,AGL,CE,Combined TRACON& Tower with Radar,35,85,36,6,162,0,10,42,6,58,35,95,78,12,220,190,4,194,414
07/09/2021,FAR,ND,AGL,CE,Combined TRACON& Tower with Radar,37,83,33,0,153,0,8,41,6,55,37,91,74,6,208,129,32,161,369
07/10/2021,FAR,ND,AGL,CE,Combined TRACON& Tower with Radar,32,56,26,0,114,0,8,45,1,54,32,64,71,1,168,275,0,275,443
07/11/2021,FAR,ND,AGL,CE,Combined TRACON& Tower with Radar,31,25,14,0,70,0,5,36,2,43,31,30,50,2,113,78,0,78,191
07/12/2021,FAR,ND,AGL,CE,Combined TRACON& Tower with Radar,31,57,53,0,141,0,12,44,0,56,31,69,97,0,197,228,0,228,425
07/13/2021,FAR,ND,AGL,CE,Combined TRACON& Tower with Radar,36,82,46,5,169,0,14,72,3,89,36,96,118,8,258,221,10,231,489
07/14/2021,FAR,ND,AGL,CE,Combined TRACON& Tower with Radar,38,64,56,0,158,0,17,42,2,61,38,81,98,2,219,280,36,316,535
07/15/2021,FAR,ND,AGL,CE,Combined TRACON& Tower with Radar,33,64,54,7,158,0,11,49,8,68,33,75,103,15,226,209,6,215,441
07/16/2021,FAR,ND,AGL,CE,Combined TRACON& Tower with Radar,34,64,53,1,152,0,22,44,5,71,34,86,97,6,223,140,4,144,367
07/17/2021,FAR,ND,AGL,CE,Combined TRACON& Tower with Radar,33,52,29,0,114,0,6,38,2,46,33,58,67,2,160,85,1,86,246
07/18/2021,FAR,ND,AGL,CE,Combined TRACON& Tower with Radar,29,17,31,0,77,0,3,21,2,26,29,20,52,2,103,38,1,39,142
07/19/2021,FAR,ND,AGL,CE,Combined TRACON& Tower with Radar,31,39,62,4,136,0,3,35,0,38,31,42,97,4,174,77,0,77,251
07/20/2021,FAR,ND,AGL,CE,Combined TRACON& Tower with Radar,33,83,62,1,179,0,0,33,2,35,33,83,95,3,214,226,2,228,442
07/21/2021,FAR,ND,AGL,CE,Combined TRACON& Tower with Radar,39,64,80,10,193,0,17,36,5,58,39,81,116,15,251,146,6,152,403
07/22/2021,FAR,ND,AGL,CE,Combined TRACON& Tower with Radar,34,66,46,4,150,0,8,57,1,66,34,74,103,5,216,166,22,188,404
07/23/2021,FAR,ND,AGL,CE,Combined TRACON& Tower with Radar,35,71,28,2,136,0,6,34,10,50,35,77,62,12,186,80,6,86,272
07/24/2021,FAR,ND,AGL,CE,Combined TRACON& Tower with Radar,33,38,10,0,81,0,5,41,5,51,33,43,51,5,132,58,0,58,190
07/25/2021,FAR,ND,AGL,CE,Combined TRACON& Tower with Radar,30,19,25,3,77,0,13,44,0,57,30,32,69,3,134,81,0,81,215
07/26/2021,FAR,ND,AGL,CE,Combined TRACON& Tower with Radar,32,60,38,4,134,0,8,60,2,70,32,68,98,6,204,161,2,163,367
07/27/2021,FAR,ND,AGL,CE,Combined TRACON& Tower with Radar,36,78,41,9,164,0,16,37,4,57,36,94,78,13,221,152,2,154,375
07/28/2021,FAR,ND,AGL,CE,Combined TRACON& Tower with Radar,40,72,54,0,166,0,12,44,0,56,40,84,98,0,222,128,12,140,362
07/29/2021,FAR,ND,AGL,CE,Combined TRACON& Tower with Radar,32,67,78,4,181,0,4,10,4,18,32,71,88,8,199,60,0,60,259
07/30/2021,FAR,ND,AGL,CE,Combined TRACON& Tower with Radar,37,74,62,1,174,0,0,4,0,4,37,74,66,1,178,39,1,40,218
07/31/2021,FAR,ND,AGL,CE,Combined TRACON& Tower with Radar,34,41,24,0,99,0,4,16,0,20,34,45,40,0,119,49,0,49,168
08/01/2021,FAR,ND,AGL,CE,Combined TRACON& Tower with Radar,28,19,25,0,72,0,6,25,0,31,28,25,50,0,103,46,0,46,149
08/02/2021,FAR,ND,AGL,CE,Combined TRACON& Tower with Radar,29,60,71,1,161,0,2,39,2,43,29,62,110,3,204,155,0,155,359
08/03/2021,FAR,ND,AGL,CE,Combined TRACON& Tower with Radar,32,81,52,5,170,0,5,48,10,63,32,86,100,15,233,158,4,162,395
08/04/2021,FAR,ND,AGL,CE,Combined TRACON& Tower with Radar,37,70,43,6,156,0,11,50,6,67,37,81,93,12,223,186,4,190,413
08/05/2021,FAR,ND,AGL,CE,Combined TRACON& Tower with Radar,33,87,51,2,173,0,13,22,8,43,33,100,73,10,216,54,0,54,270
08/06/2021,FAR,ND,AGL,CE,Combined TRACON& Tower with Radar,31,64,34,7,136,0,3,21,6,30,31,67,55,13,166,55,0,55,221
08/07/2021,FAR,ND,AGL,CE,Combined TRACON& Tower with Radar,32,47,19,0,98,0,1,11,0,12,32,48,30,0,110,26,0,26,136
08/08/2021,FAR,ND,AGL,CE,Combined TRACON& Tower with Radar,29,23,29,2,83,0,5,28,2,35,29,28,57,4,118,56,0,56,174
08/09/2021,FAR,ND,AGL,CE,Combined TRACON& Tower with Radar,27,46,37,0,110,0,9,27,0,36,27,55,64,0,146,115,0,115,261
08/10/2021,FAR,ND,AGL,CE,Combined TRACON& Tower with Radar,29,80,51,8,168,0,21,48,0,69,29,101,99,8,237,114,2,116,353
08/11/2021,FAR,ND,AGL,CE,Combined TRACON& Tower with Radar,35,83,68,3,189,0,11,52,5,68,35,94,120,8,257,128,1,129,386
08/12/2021,FAR,ND,AGL,CE,Combined TRACON& Tower with Radar,27,84,42,4,157,0,9,34,8,51,27,93,76,12,208,29,10,39,247
08/13/2021,FAR,ND,AGL,CE,Combined TRACON& Tower with Radar,34,78,30,4,146,0,11,40,3,54,34,89,70,7,200,160,18,178,378
08/14/2021,FAR,ND,AGL,CE,Combined TRACON& Tower with Radar,29,43,36,0,108,0,15,24,0,39,29,58,60,0,147,43,1,44,191
08/15/2021,FAR,ND,AGL,CE,Combined TRACON& Tower with Radar,24,20,20,0,64,0,3,19,0,22,24,23,39,0,86,20,0,20,106
08/16/2021,FAR,ND,AGL,CE,Combined TRACON& Tower with Radar,28,54,39,0,121,0,2,35,0,37,28,56,74,0,158,115,0,115,273
08/17/2021,FAR,ND,AGL,CE,Combined TRACON& Tower with Radar,26,62,55,2,145,0,15,30,0,45,26,77,85,2,190,115,16,131,321
08/18/2021,FAR,ND,AGL,CE,Combined TRACON& Tower with Radar,31,73,43,2,149,0,10,25,3,38,31,83,68,5,187,38,0,38,225
08/19/2021,FAR,ND,AGL,CE,Combined TRACON& Tower with Radar,30,65,55,10,160,0,13,35,10,58,30,78,90,20,218,85,0,85,303
08/20/2021,FAR,ND,AGL,CE,Combined TRACON& Tower with Radar,30,62,29,2,123,0,1,5,1,7,30,63,34,3,130,26,1,27,157
08/21/2021,FAR,ND,AGL,CE,Combined TRACON& Tower with Radar,23,39,21,1,84,0,14,33,0,47,23,53,54,1,131,94,0,94,225
08/22/2021,FAR,ND,AGL,CE,Combined TRACON& Tower with Radar,27,18,7,0,52,0,3,12,0,15,27,21,19,0,67,4,0,4,71
08/23/2021,FAR,ND,AGL,CE,Combined TRACON& Tower with Radar,26,51,36,0,113,0,11,69,0,80,26,62,105,0,193,195,0,195,388
08/24/2021,FAR,ND,AGL,CE,Combined TRACON& Tower with Radar,31,70,48,2,151,0,5,50,7,62,31,75,98,9,213,170,6,176,389
08/25/2021,FAR,ND,AGL,CE,Combined TRACON& Tower with Radar,32,68,54,3,157,0,10,53,3,66,32,78,107,6,223,118,4,122,345
08/26/2021,FAR,ND,AGL,CE,Combined TRACON& Tower with Radar,31,62,44,2,139,0,0,14,0,14,31,62,58,2,153,36,7,43,196
08/27/2021,FAR,ND,AGL,CE,Combined TRACON& Tower with Radar,29,73,40,0,142,0,2,5,4,11,29,75,45,4,153,16,0,16,169
08/28/2021,FAR,ND,AGL,CE,Combined TRACON& Tower with Radar,28,36,21,0,85,0,6,0,2,8,28,42,21,2,93,0,8,8,101
08/29/2021,FAR,ND,AGL,CE,Combined TRACON& Tower with Radar,29,20,36,0,85,0,4,22,2,28,29,24,58,2,113,55,0,55,168
08/30/2021,FAR,ND,AGL,CE,Combined TRACON& Tower with Radar,28,46,51,2,127,0,5,58,0,63,28,51,109,2,190,128,0,128,318
08/31/2021,FAR,ND,AGL,CE,Combined TRACON& Tower with Radar,33,67,41,9,150,0,8,52,2,62,33,75,93,11,212,110,6,116,328
09/01/2021,FAR,ND,AGL,CE,Combined TRACON& Tower with Radar,34,85,56,5,180,0,2,57,3,62,34,87,113,8,242,115,4,119,361
09/02/2021,FAR,ND,AGL,CE,Combined TRACON& Tower with Radar,32,69,35,0,136,0,1,0,0,1,32,70,35,0,137,0,0,0,137
09/03/2021,FAR,ND,AGL,CE,Combined TRACON& Tower with Radar,32,89,83,0,204,0,8,24,0,32,32,97,107,0,236,41,1,42,278
09/04/2021,FAR,ND,AGL,CE,Combined TRACON& Tower with Radar,27,40,37,0,104,0,21,49,0,70,27,61,86,0,174,167,0,167,341
09/05/2021,FAR,ND,AGL,CE,Combined TRACON& Tower with Radar,24,18,16,0,58,0,16,33,0,49,24,34,49,0,107,54,0,54,161
09/06/2021,FAR,ND,AGL,CE,Combined TRACON& Tower with Radar,22,37,29,0,88,0,11,41,0,52,22,48,70,0,140,14,1,15,155
09/07/2021,FAR,ND,AGL,CE,Combined TRACON& Tower with Radar,23,54,41,0,118,0,6,32,0,38,23,60,73,0,156,41,0,41,197
09/08/2021,FAR,ND,AGL,CE,Combined TRACON& Tower with Radar,34,72,51,5,162,0,13,68,1,82,34,85,119,6,244,170,0,170,414
09/09/2021,FAR,ND,AGL,CE,Combined TRACON& Tower with Radar,36,67,56,8,167,0,9,81,5,95,36,76,137,13,262,250,0,250,512
09/10/2021,FAR,ND,AGL,CE,Combined TRACON& Tower with Radar,33,60,45,4,142,0,17,86,7,110,33,77,131,11,252,192,0,192,444
09/11/2021,FAR,ND,AGL,CE,Combined TRACON& Tower with Radar,30,38,44,0,112,0,14,51,8,73,30,52,95,8,185,180,14,194,379
09/12/2021,FAR,ND,AGL,CE,Combined TRACON& Tower with Radar,27,21,31,4,83,0,20,52,2,74,27,41,83,6,157,41,6,47,204
09/13/2021,FAR,ND,AGL,CE,Combined TRACON& Tower with Radar,28,50,50,0,128,0,2,21,0,23,28,52,71,0,151,37,0,37,188
09/14/2021,FAR,ND,AGL,CE,Combined TRACON& Tower with Radar,30,78,48,9,165,0,12,45,3,60,30,90,93,12,225,92,13,105,330
09/15/2021,FAR,ND,AGL,CE,Combined TRACON& Tower with Radar,27,58,27,2,114,0,9,32,4,45,27,67,59,6,159,130,14,144,303
09/16/2021,FAR,ND,AGL,CE,Combined TRACON& Tower with Radar,36,75,65,4,180,0,22,39,5,66,36,97,104,9,246,46,24,70,316
09/17/2021,FAR,ND,AGL,CE,Combined TRACON& Tower with Radar,35,69,37,5,146,0,18,39,1,58,35,87,76,6,204,48,4,52,256
09/18/2021,FAR,ND,AGL,CE,Combined TRACON& Tower with Radar,28,32,28,0,88,0,13,25,0,38,28,45,53,0,126,21,0,21,147
09/19/2021,FAR,ND,AGL,CE,Combined TRACON& Tower with Radar,30,26,22,0,78,0,10,21,0,31,30,36,43,0,109,38,0,38,147
09/20/2021,FAR,ND,AGL,CE,Combined TRACON& Tower with Radar,31,53,70,0,154,0,8,13,0,21,31,61,83,0,175,68,0,68,243
09/21/2021,FAR,ND,AGL,CE,Combined TRACON& Tower with Radar,31,70,61,8,170,0,8,68,0,76,31,78,129,8,246,156,8,164,410
09/22/2021,FAR,ND,AGL,CE,Combined TRACON& Tower with Radar,34,67,57,3,161,0,18,47,3,68,34,85,104,6,229,162,0,162,391
09/23/2021,FAR,ND,AGL,CE,Combined TRACON& Tower with Radar,35,76,80,4,195,0,16,53,11,80,35,92,133,15,275,252,1,253,528
09/24/2021,FAR,ND,AGL,CE,Combined TRACON& Tower with Radar,32,62,56,7,157,0,17,41,1,59,32,79,97,8,216,164,0,164,380
09/25/2021,FAR,ND,AGL,CE,Combined TRACON& Tower with Radar,27,48,37,0,112,0,19,55,0,74,27,67,92,0,186,129,0,129,315
09/26/2021,FAR,ND,AGL,CE,Combined TRACON& Tower with Radar,28,28,33,0,89,0,9,40,0,49,28,37,73,0,138,60,0,60,198
09/27/2021,FAR,ND,AGL,CE,Combined TRACON& Tower with Radar,30,57,48,0,135,0,9,42,2,53,30,66,90,2,188,102,0,102,290
09/28/2021,FAR,ND,AGL,CE,Combined TRACON& Tower with Radar,30,85,54,4,173,0,5,52,10,67,30,90,106,14,240,72,6,78,318
09/29/2021,FAR,ND,AGL,CE,Combined TRACON& Tower with Radar,32,84,44,8,168,0,12,38,4,54,32,96,82,12,222,105,10,115,337
09/30/2021,FAR,ND,AGL,CE,Combined TRACON& Tower with Radar,41,82,53,2,178,0,12,48,2,62,41,94,101,4,240,101,4,105,345
10/01/2021,FAR,ND,AGL,CE,Combined TRACON& Tower with Radar,34,71,66,0,171,0,3,19,0,22,34,74,85,0,193,189,0,189,382
10/02/2021,FAR,ND,AGL,CE,Combined TRACON& Tower with Radar,28,42,26,0,96,0,10,39,0,49,28,52,65,0,145,133,0,133,278
10/03/2021,FAR,ND,AGL,CE,Combined TRACON& Tower with Radar,28,23,37,2,90,0,6,33,2,41,28,29,70,4,131,46,0,46,177
10/04/2021,FAR,ND,AGL,CE,Combined TRACON& Tower with Radar,31,64,45,0,140,0,9,56,0,65,31,73,101,0,205,207,0,207,412
10/05/2021,FAR,ND,AGL,CE,Combined TRACON& Tower with Radar,32,69,31,3,135,0,13,50,3,66,32,82,81,6,201,166,6,172,373
10/06/2021,FAR,ND,AGL,CE,Combined TRACON& Tower with Radar,34,77,65,7,183,0,5,33,6,44,34,82,98,13,227,38,26,64,291
10/07/2021,FAR,ND,AGL,CE,Combined TRACON& Tower with Radar,39,69,43,14,165,0,19,24,16,59,39,88,67,30,224,144,14,158,382
10/08/2021,FAR,ND,AGL,CE,Combined TRACON& Tower with Radar,37,75,62,0,174,0,2,45,0,47,37,77,107,0,221,175,0,175,396
10/09/2021,FAR,ND,AGL,CE,Combined TRACON& Tower with Radar,33,33,22,0,88,0,0,8,0,8,33,33,30,0,96,4,0,4,100
10/10/2021,FAR,ND,AGL,CE,Combined TRACON& Tower with Radar,34,25,59,0,118,0,0,1,0,1,34,25,60,0,119,8,0,8,127
10/11/2021,FAR,ND,AGL,CE,Combined TRACON& Tower with Radar,31,47,41,2,121,0,4,50,0,54,31,51,91,2,175,108,0,108,283
10/12/2021,FAR,ND,AGL,CE,Combined TRACON& Tower with Radar,35,71,37,2,145,0,19,48,5,72,35,90,85,7,217,123,2,125,342
10/13/2021,FAR,ND,AGL,CE,Combined TRACON& Tower with Radar,34,62,38,0,134,0,1,0,0,1,34,63,38,0,135,0,1,1,136
10/14/2021,FAR,ND,AGL,CE,Combined TRACON& Tower with Radar,35,59,51,5,150,0,2,9,3,14,35,61,60,8,164,8,0,8,172
10/15/2021,FAR,ND,AGL,CE,Combined TRACON& Tower with Radar,37,63,45,0,145,0,17,35,2,54,37,80,80,2,199,192,1,193,392
10/16/2021,FAR,ND,AGL,CE,Combined TRACON& Tower with Radar,31,46,21,0,98,0,11,37,0,48,31,57,58,0,146,54,0,54,200
10/17/2021,FAR,ND,AGL,CE,Combined TRACON& Tower with Radar,29,22,32,0,83,0,7,40,0,47,29,29,72,0,130,108,0,108,238
10/18/2021,FAR,ND,AGL,CE,Combined TRACON& Tower with Radar,34,60,53,2,149,0,18,47,1,66,34,78,100,3,215,75,0,75,290
10/19/2021,FAR,ND,AGL,CE,Combined TRACON& Tower with Radar,35,57,50,0,142,0,1,5,1,7,35,58,55,1,149,22,0,22,171
10/20/2021,FAR,ND,AGL,CE,Combined TRACON& Tower with Radar,38,57,53,13,161,0,2,22,3,27,38,59,75,16,188,27,23,50,238
10/21/2021,FAR,ND,AGL,CE,Combined TRACON& Tower with Radar,32,71,56,3,162,0,9,79,5,93,32,80,135,8,255,216,9,225,480
10/22/2021,FAR,ND,AGL,CE,Combined TRACON& Tower with Radar,36,65,36,3,140,0,6,57,11,74,36,71,93,14,214,109,0,109,323
10/23/2021,FAR,ND,AGL,CE,Combined TRACON& Tower with Radar,31,34,15,0,80,0,10,37,12,59,31,44,52,12,139,166,0,166,305
10/24/2021,FAR,ND,AGL,CE,Combined TRACON& Tower with Radar,33,20,41,2,96,0,0,27,0,27,33,20,68,2,123,69,0,69,192
10/25/2021,FAR,ND,AGL,CE,Combined TRACON& Tower with Radar,32,61,58,0,151,0,16,35,0,51,32,77,93,0,202,140,0,140,342
10/26/2021,FAR,ND,AGL,CE,Combined TRACON& Tower with Radar,36,53,46,0,135,0,8,12,0,20,36,61,58,0,155,7,0,7,162
10/27/2021,FAR,ND,AGL,CE,Combined TRACON& Tower with Radar,34,63,54,0,151,0,2,0,0,2,34,65,54,0,153,0,0,0,153
10/28/2021,FAR,ND,AGL,CE,Combined TRACON& Tower with Radar,34,83,54,19,190,0,13,38,10,61,34,96,92,29,251,148,60,208,459
10/29/2021,FAR,ND,AGL,CE,Combined TRACON& Tower with Radar,38,71,59,1,169,0,23,56,1,80,38,94,115,2,249,318,0,318,567
10/30/2021,FAR,ND,AGL,CE,Combined TRACON& Tower with Radar,32,36,31,0,99,0,8,8,0,16,32,44,39,0,115,10,0,10,125
10/31/2021,FAR,ND,AGL,CE,Combined TRACON& Tower with Radar,31,22,39,0,92,0,9,16,0,25,31,31,55,0,117,32,0,32,149
11/01/2021,FAR,ND,AGL,CE,Combined TRACON& Tower with Radar,31,41,35,0,107,0,6,33,3,42,31,47,68,3,149,117,0,117,266
11/02/2021,FAR,ND,AGL,CE,Combined TRACON& Tower with Radar,32,82,60,0,174,0,11,42,2,55,32,93,102,2,229,176,0,176,405
11/03/2021,FAR,ND,AGL,CE,Combined TRACON& Tower with Radar,32,101,56,5,194,0,14,57,3,74,32,115,113,8,268,186,4,190,458
11/04/2021,FAR,ND,AGL,CE,Combined TRACON& Tower with Radar,34,83,51,4,172,0,28,53,4,85,34,111,104,8,257,198,5,203,460
11/05/2021,FAR,ND,AGL,CE,Combined TRACON& Tower with Radar,34,77,35,0,146,0,5,15,4,24,34,82,50,4,170,44,30,74,244
11/06/2021,FAR,ND,AGL,CE,Combined TRACON& Tower with Radar,27,43,31,2,103,0,14,43,2,59,27,57,74,4,162,159,0,159,321
11/07/2021,FAR,ND,AGL,CE,Combined TRACON& Tower with Radar,31,22,24,0,77,0,9,43,0,52,31,31,67,0,129,29,0,29,158
11/08/2021,FAR,ND,AGL,CE,Combined TRACON& Tower with Radar,32,69,51,2,154,0,17,22,3,42,32,86,73,5,196,71,0,71,267
11/09/2021,FAR,ND,AGL,CE,Combined TRACON& Tower with Radar,33,91,58,3,185,0,29,56,5,90,33,120,114,8,275,108,8,116,391
11/10/2021,FAR,ND,AGL,CE,Combined TRACON& Tower with Radar,34,61,45,0,140,0,4,6,1,11,34,65,51,1,151,70,1,71,222
11/11/2021,FAR,ND,AGL,CE,Combined TRACON& Tower with Radar,37,69,50,0,156,0,0,2,0,2,37,69,52,0,158,0,1,1,159
11/12/2021,FAR,ND,AGL,CE,Combined TRACON& Tower with Radar,35,68,22,0,125,0,0,0,0,0,35,68,22,0,125,0,0,0,125
11/13/2021,FAR,ND,AGL,CE,Combined TRACON& Tower with Radar,28,36,12,0,76,0,0,0,0,0,28,36,12,0,76,0,0,0,76
11/14/2021,FAR,ND,AGL,CE,Combined TRACON& Tower with Radar,32,28,26,1,87,0,1,1,2,4,32,29,27,3,91,0,0,0,91
11/15/2021,FAR,ND,AGL,CE,Combined TRACON& Tower with Radar,27,42,38,0,107,0,4,30,0,34,27,46,68,0,141,128,0,128,269
11/16/2021,FAR,ND,AGL,CE,Combined TRACON& Tower with Radar,29,66,38,0,133,0,0,16,3,19,29,66,54,3,152,32,2,34,186
11/17/2021,FAR,ND,AGL,CE,Combined TRACON& Tower with Radar,32,55,44,0,131,0,0,6,0,6,32,55,50,0,137,0,0,0,137
11/18/2021,FAR,ND,AGL,CE,Combined TRACON& Tower with Radar,38,82,55,7,182,0,24,37,11,72,38,106,92,18,254,126,32,158,412
11/19/2021,FAR,ND,AGL,CE,Combined TRACON& Tower with Radar,34,131,40,6,211,0,15,46,3,64,34,146,86,9,275,86,0,86,361
11/20/2021,FAR,ND,AGL,CE,Combined TRACON& Tower with Radar,29,69,27,0,125,0,19,64,1,84,29,88,91,1,209,128,0,128,337
11/21/2021,FAR,ND,AGL,CE,Combined TRACON& Tower with Radar,34,25,39,0,98,0,7,31,0,38,34,32,70,0,136,13,0,13,149
11/22/2021,FAR,ND,AGL,CE,Combined TRACON& Tower with Radar,32,76,54,3,165,0,15,41,1,57,32,91,95,4,222,124,2,126,348
11/23/2021,FAR,ND,AGL,CE,Combined TRACON& Tower with Radar,40,96,69,6,211,0,29,71,8,108,40,125,140,14,319,270,8,278,597
11/24/2021,FAR,ND,AGL,CE,Combined TRACON& Tower with Radar,40,77,44,0,161,0,3,3,0,6,40,80,47,0,167,12,0,12,179
11/25/2021,FAR,ND,AGL,CE,Combined TRACON& Tower with Radar,19,14,10,0,43,0,7,8,0,15,19,21,18,0,58,28,0,28,86
11/26/2021,FAR,ND,AGL,CE,Combined TRACON& Tower with Radar,28,77,21,0,126,0,13,27,0,40,28,90,48,0,166,80,0,80,246
11/27/2021,FAR,ND,AGL,CE,Combined TRACON& Tower with Radar,30,42,15,0,87,0,11,31,0,42,30,53,46,0,129,46,0,46,175
11/28/2021,FAR,ND,AGL,CE,Combined TRACON& Tower with Radar,33,27,22,0,82,0,12,42,0,54,33,39,64,0,136,81,0,81,217
11/29/2021,FAR,ND,AGL,CE,Combined TRACON& Tower with Radar,33,64,33,0,130,0,32,50,0,82,33,96,83,0,212,203,0,203,415
11/30/2021,FAR,ND,AGL,CE,Combined TRACON& Tower with Radar,35,89,20,4,148,0,5,19,4,28,35,94,39,8,176,97,5,102,278
12/01/2021,FAR,ND,AGL,CE,Combined TRACON& Tower with Radar,35,85,39,0,159,0,22,38,4,64,35,107,77,4,223,132,0,132,355
12/02/2021,FAR,ND,AGL,CE,Combined TRACON& Tower with Radar,47,54,50,2,153,0,1,19,13,33,47,55,69,15,186,14,16,30,216
12/03/2021,FAR,ND,AGL,CE,Combined TRACON& Tower with Radar,41,80,61,4,186,0,25,18,4,47,41,105,79,8,233,64,10,74,307
12/04/2021,FAR,ND,AGL,CE,Combined TRACON& Tower with Radar,25,43,23,0,91,0,15,54,8,77,25,58,77,8,168,50,16,66,234
12/05/2021,FAR,ND,AGL,CE,Combined TRACON& Tower with Radar,37,16,20,0,73,0,0,0,0,0,37,16,20,0,73,0,0,0,73
12/06/2021,FAR,ND,AGL,CE,Combined TRACON& Tower with Radar,35,70,61,0,166,0,22,23,0,45,35,92,84,0,211,106,0,106,317
12/07/2021,FAR,ND,AGL,CE,Combined TRACON& Tower with Radar,32,70,52,5,159,0,10,31,2,43,32,80,83,7,202,67,18,85,287
12/08/2021,FAR,ND,AGL,CE,Combined TRACON& Tower with Radar,34,65,53,0,152,0,1,12,0,13,34,66,65,0,165,43,0,43,208
12/09/2021,FAR,ND,AGL,CE,Combined TRACON& Tower with Radar,46,82,58,16,202,0,17,35,15,67,46,99,93,31,269,98,12,110,379
12/10/2021,FAR,ND,AGL,CE,Combined TRACON& Tower with Radar,48,83,35,4,170,0,34,31,3,68,48,117,66,7,238,114,22,136,374
12/11/2021,FAR,ND,AGL,CE,Combined TRACON& Tower with Radar,25,64,25,1,115,0,20,40,0,60,25,84,65,1,175,80,0,80,255
12/12/2021,FAR,ND,AGL,CE,Combined TRACON& Tower with Radar,34,25,40,0,99,0,10,46,0,56,34,35,86,0,155,68,0,68,223
12/13/2021,FAR,ND,AGL,CE,Combined TRACON& Tower with Radar,39,64,57,2,162,0,23,53,0,76,39,87,110,2,238,138,2,140,378
12/14/2021,FAR,ND,AGL,CE,Combined TRACON& Tower with Radar,34,92,66,2,194,0,11,23,2,36,34,103,89,4,230,48,0,48,278
12/15/2021,FAR,ND,AGL,CE,Combined TRACON& Tower with Radar,30,31,15,0,76,0,0,0,0,0,30,31,15,0,76,0,0,0,76
12/16/2021,FAR,ND,AGL,CE,Combined TRACON& Tower with Radar,37,76,67,4,184,0,0,18,9,27,37,76,85,13,211,24,0,24,235
12/17/2021,FAR,ND,AGL,CE,Combined TRACON& Tower with Radar,39,74,43,0,156,0,6,28,0,34,39,80,71,0,190,50,0,50,240
12/18/2021,FAR,ND,AGL,CE,Combined TRACON& Tower with Radar,34,52,21,0,107,0,17,24,0,41,34,69,45,0,148,156,0,156,304
12/19/2021,FAR,ND,AGL,CE,Combined TRACON& Tower with Radar,38,16,20,0,74,0,2,6,0,8,38,18,26,0,82,30,0,30,112
12/20/2021,FAR,ND,AGL,CE,Combined TRACON& Tower with Radar,35,45,44,0,124,0,9,34,0,43,35,54,78,0,167,82,0,82,249
12/21/2021,FAR,ND,AGL,CE,Combined TRACON& Tower with Radar,38,82,38,5,163,0,6,21,3,30,38,88,59,8,193,40,16,56,249
12/22/2021,FAR,ND,AGL,CE,Combined TRACON& Tower with Radar,41,73,45,6,165,0,11,34,8,53,41,84,79,14,218,60,6,66,284
12/23/2021,FAR,ND,AGL,CE,Combined TRACON& Tower with Radar,39,61,35,0,135,0,2,30,0,32,39,63,65,0,167,73,0,73,240
12/24/2021,FAR,ND,AGL,CE,Combined TRACON& Tower with Radar,31,48,7,0,86,0,1,11,0,12,31,49,18,0,98,40,0,40,138
12/25/2021,FAR,ND,AGL,CE,Combined TRACON& Tower with Radar,17,21,2,0,40,0,0,0,0,0,17,21,2,0,40,0,0,0,40
12/26/2021,FAR,ND,AGL,CE,Combined TRACON& Tower with Radar,28,17,27,0,72,0,3,1,0,4,28,20,28,0,76,0,0,0,76
12/27/2021,FAR,ND,AGL,CE,Combined TRACON& Tower with Radar,10,28,11,0,49,0,2,1,0,3,10,30,12,0,52,0,0,0,52
12/28/2021,FAR,ND,AGL,CE,Combined TRACON& Tower with Radar,28,68,26,0,122,0,1,3,0,4,28,69,29,0,126,2,0,2,128
12/29/2021,FAR,ND,AGL,CE,Combined TRACON& Tower with Radar,37,57,33,2,129,0,4,20,0,24,37,61,53,2,153,36,0,36,189
12/30/2021,FAR,ND,AGL,CE,Combined TRACON& Tower with Radar,37,59,28,0,124,0,2,12,6,20,37,61,40,6,144,36,0,36,180
12/31/2021,FAR,ND,AGL,CE,Combined TRACON& Tower with Radar,27,45,5,0,77,0,0,10,0,10,27,45,15,0,87,4,0,4,91
01/01/2022,FAR,ND,AGL,CE,Combined TRACON& Tower with Radar,8,16,21,0,45,0,0,8,0,8,8,16,29,0,53,0,2,2,55
01/02/2022,FAR,ND,AGL,CE,Combined TRACON& Tower with Radar,25,14,29,0,68,0,2,12,0,14,25,16,41,0,82,28,0,28,110
01/03/2022,FAR,ND,AGL,CE,Combined TRACON& Tower with Radar,27,43,38,0,108,0,3,16,0,19,27,46,54,0,127,80,0,80,207
01/04/2022,FAR,ND,AGL,CE,Combined TRACON& Tower with Radar,21,44,27,0,92,0,0,8,0,8,21,44,35,0,100,68,1,69,169
01/05/2022,FAR,ND,AGL,CE,Combined TRACON& Tower with Radar,27,40,26,0,93,0,0,0,0,0,27,40,26,0,93,0,0,0,93
01/06/2022,FAR,ND,AGL,CE,Combined TRACON& Tower with Radar,37,56,48,3,144,0,4,12,1,17,37,60,60,4,161,14,0,14,175
01/07/2022,FAR,ND,AGL,CE,Combined TRACON& Tower with Radar,43,39,43,0,125,0,1,6,0,7,43,40,49,0,132,10,0,10,142
01/08/2022,FAR,ND,AGL,CE,Combined TRACON& Tower with Radar,32,30,24,0,86,0,0,8,0,8,32,30,32,0,94,38,0,38,132
01/09/2022,FAR,ND,AGL,CE,Combined TRACON& Tower with Radar,34,23,36,4,97,0,0,10,2,12,34,23,46,6,109,3,0,3,112
01/10/2022,FAR,ND,AGL,CE,Combined TRACON& Tower with Radar,32,59,45,0,136,0,9,49,0,58,32,68,94,0,194,100,0,100,294
01/11/2022,FAR,ND,AGL,CE,Combined TRACON& Tower with Radar,31,63,48,1,143,0,11,49,15,75,31,74,97,16,218,146,32,178,396
01/12/2022,FAR,ND,AGL,CE,Combined TRACON& Tower with Radar,33,57,53,1,144,0,5,37,5,47,33,62,90,6,191,106,0,106,297
01/13/2022,FAR,ND,AGL,CE,Combined TRACON& Tower with Radar,34,52,39,4,129,0,0,4,6,10,34,52,43,10,139,16,0,16,155
01/14/2022,FAR,ND,AGL,CE,Combined TRACON& Tower with Radar,35,56,17,0,108,0,6,4,0,10,35,62,21,0,118,30,0,30,148
01/15/2022,FAR,ND,AGL,CE,Combined TRACON& Tower with Radar,23,33,22,0,78,0,10,26,0,36,23,43,48,0,114,58,0,58,172
01/16/2022,FAR,ND,AGL,CE,Combined TRACON& Tower with Radar,33,16,29,0,78,0,4,11,0,15,33,20,40,0,93,4,0,4,97
01/17/2022,FAR,ND,AGL,CE,Combined TRACON& Tower with Radar,32,41,42,0,115,0,6,38,0,44,32,47,80,0,159,128,0,128,287
01/18/2022,FAR,ND,AGL,CE,Combined TRACON& Tower with Radar,30,47,42,1,120,0,0,4,1,5,30,47,46,2,125,0,0,0,125
01/19/2022,FAR,ND,AGL,CE,Combined TRACON& Tower with Radar,30,62,42,10,144,0,14,27,4,45,30,76,69,14,189,50,28,78,267
01/20/2022,FAR,ND,AGL,CE,Combined TRACON& Tower with Radar,40,63,49,2,154,0,18,21,2,41,40,81,70,4,195,26,0,26,221
01/21/2022,FAR,ND,AGL,CE,Combined TRACON& Tower with Radar,38,53,26,0,117,0,2,1,0,3,38,55,27,0,120,4,3,7,127
01/22/2022,FAR,ND,AGL,CE,Combined TRACON& Tower with Radar,23,31,24,0,78,0,3,4,0,7,23,34,28,0,85,68,0,68,153
01/23/2022,FAR,ND,AGL,CE,Combined TRACON& Tower with Radar,39,18,23,0,80,0,1,0,0,1,39,19,23,0,81,0,0,0,81
01/24/2022,FAR,ND,AGL,CE,Combined TRACON& Tower with Radar,34,35,60,2,131,0,3,32,0,35,34,38,92,2,166,44,22,66,232
01/25/2022,FAR,ND,AGL,CE,Combined TRACON& Tower with Radar,30,74,32,2,138,0,23,32,2,57,30,97,64,4,195,58,4,62,257
01/26/2022,FAR,ND,AGL,CE,Combined TRACON& Tower with Radar,30,49,49,0,128,0,4,26,6,36,30,53,75,6,164,20,18,38,202
01/27/2022,FAR,ND,AGL,CE,Combined TRACON& Tower with Radar,39,70,49,4,162,0,18,34,2,54,39,88,83,6,216,59,2,61,277
01/28/2022,FAR,ND,AGL,CE,Combined TRACON& Tower with Radar,37,59,52,4,152,0,2,40,2,44,37,61,92,6,196,95,4,99,295
01/29/2022,FAR,ND,AGL,CE,Combined TRACON& Tower with Radar,26,28,26,0,80,0,10,33,0,43,26,38,59,0,123,116,0,116,239
01/30/2022,FAR,ND,AGL,CE,Combined TRACON& Tower with Radar,36,10,23,0,69,0,0,26,0,26,36,10,49,0,95,114,0,114,209
01/31/2022,FAR,ND,AGL,CE,Combined TRACON& Tower with Radar,32,36,36,0,104,0,6,32,0,38,32,42,68,0,142,64,0,64,206
02/01/2022,FAR,ND,AGL,CE,Combined TRACON& Tower with Radar,27,43,36,0,106,0,0,0,0,0,27,43,36,0,106,1,0,1,107
02/02/2022,FAR,ND,AGL,CE,Combined TRACON& Tower with Radar,27,61,54,5,147,0,28,33,9,70,27,89,87,14,217,88,3,91,308
02/03/2022,FAR,ND,AGL,CE,Combined TRACON& Tower with Radar,28,53,60,1,142,0,6,24,8,38,28,59,84,9,180,10,18,28,208
02/04/2022,FAR,ND,AGL,CE,Combined TRACON& Tower with Radar,33,91,52,2,178,0,16,16,2,34,33,107,68,4,212,51,0,51,263
02/05/2022,FAR,ND,AGL,CE,Combined TRACON& Tower with Radar,25,38,19,0,82,0,0,2,0,2,25,38,21,0,84,30,0,30,114
02/06/2022,FAR,ND,AGL,CE,Combined TRACON& Tower with Radar,35,25,18,2,80,0,2,13,2,17,35,27,31,4,97,66,2,68,165
02/07/2022,FAR,ND,AGL,CE,Combined TRACON& Tower with Radar,35,50,45,4,134,0,17,43,0,60,35,67,88,4,194,116,0,116,310
02/08/2022,FAR,ND,AGL,CE,Combined TRACON& Tower with Radar,35,68,46,2,151,0,4,18,5,27,35,72,64,7,178,48,14,62,240
02/09/2022,FAR,ND,AGL,CE,Combined TRACON& Tower with Radar,33,62,42,0,137,0,0,7,2,9,33,62,49,2,146,22,0,22,168
02/10/2022,FAR,ND,AGL,CE,Combined TRACON& Tower with Radar,37,45,25,0,107,0,2,10,0,12,37,47,35,0,119,8,0,8,127
02/11/2022,FAR,ND,AGL,CE,Combined TRACON& Tower with Radar,31,37,26,0,94,0,1,0,0,1,31,38,26,0,95,0,0,0,95
02/12/2022,FAR,ND,AGL,CE,Combined TRACON& Tower with Radar,23,45,31,5,104,0,13,31,6,50,23,58,62,11,154,71,0,71,225
02/13/2022,FAR,ND,AGL,CE,Combined TRACON& Tower with Radar,31,17,17,0,65,0,0,7,0,7,31,17,24,0,72,7,0,7,79
02/14/2022,FAR,ND,AGL,CE,Combined TRACON& Tower with Radar,34,72,39,4,149,0,32,51,0,83,34,104,90,4,232,102,0,102,334
02/15/2022,FAR,ND,AGL,CE,Combined TRACON& Tower with Radar,35,66,55,3,159,0,0,17,1,18,35,66,72,4,177,38,0,38,215
02/16/2022,FAR,ND,AGL,CE,Combined TRACON& Tower with Radar,38,61,68,10,177,0,0,38,9,47,38,61,106,19,224,12,35,47,271
02/17/2022,FAR,ND,AGL,CE,Combined TRACON& Tower with Radar,38,100,53,2,193,0,13,43,5,61,38,113,96,7,254,44,14,58,312
02/18/2022,FAR,ND,AGL,CE,Combined TRACON& Tower with Radar,33,32,19,0,84,0,1,1,0,2,33,33,20,0,86,0,0,0,86
02/19/2022,FAR,ND,AGL,CE,Combined TRACON& Tower with Radar,29,42,19,0,90,0,0,9,0,9,29,42,28,0,99,28,0,28,127
02/20/2022,FAR,ND,AGL,CE,Combined TRACON& Tower with Radar,31,14,23,0,68,0,0,1,0,1,31,14,24,0,69,0,0,0,69
02/21/2022,FAR,ND,AGL,CE,Combined TRACON& Tower with Radar,17,10,15,0,42,0,0,0,0,0,17,10,15,0,42,0,0,0,42
02/22/2022,FAR,ND,AGL,CE,Combined TRACON& Tower with Radar,29,45,30,0,104,0,0,0,0,0,29,45,30,0,104,0,0,0,104
02/23/2022,FAR,ND,AGL,CE,Combined TRACON& Tower with Radar,39,100,46,0,185,0,42,17,2,61,39,142,63,2,246,85,4,89,335
02/24/2022,FAR,ND,AGL,CE,Combined TRACON& Tower with Radar,39,76,53,8,176,0,26,29,18,73,39,102,82,26,249,68,4,72,321
02/25/2022,FAR,ND,AGL,CE,Combined TRACON& Tower with Radar,38,97,39,3,177,0,19,21,4,44,38,116,60,7,221,52,5,57,278
02/26/2022,FAR,ND,AGL,CE,Combined TRACON& Tower with Radar,34,54,26,0,114,0,30,38,2,70,34,84,64,2,184,117,0,117,301
02/27/2022,FAR,ND,AGL,CE,Combined TRACON& Tower with Radar,33,24,20,0,77,0,15,31,0,46,33,39,51,0,123,55,0,55,178
02/28/2022,FAR,ND,AGL,CE,Combined TRACON& Tower with Radar,34,45,41,0,120,0,6,29,2,37,34,51,70,2,157,75,16,91,248
03/01/2022,FAR,ND,AGL,CE,Combined TRACON& Tower with Radar,33,67,32,0,132,0,13,22,0,35,33,80,54,0,167,50,26,76,243
03/02/2022,FAR,ND,AGL,CE,Combined TRACON& Tower with Radar,35,72,75,2,184,0,24,34,4,62,35,96,109,6,246,121,2,123,369
03/03/2022,FAR,ND,AGL,CE,Combined TRACON& Tower with Radar,37,86,40,6,169,0,14,56,12,82,37,100,96,18,251,96,3,99,350
03/04/2022,FAR,ND,AGL,CE,Combined TRACON& Tower with Radar,39,61,52,1,153,0,25,44,13,82,39,86,96,14,235,74,31,105,340
03/05/2022,FAR,ND,AGL,CE,Combined TRACON& Tower with Radar,34,33,14,0,81,0,13,19,0,32,34,46,33,0,113,53,0,53,166
03/06/2022,FAR,ND,AGL,CE,Combined TRACON& Tower with Radar,33,11,19,0,63,0,4,0,1,5,33,15,19,1,68,0,0,0,68
03/07/2022,FAR,ND,AGL,CE,Combined TRACON& Tower with Radar,32,52,83,1,168,0,21,34,0,55,32,73,117,1,223,97,0,97,320
03/08/2022,FAR,ND,AGL,CE,Combined TRACON& Tower with Radar,35,61,65,5,166,0,13,13,0,26,35,74,78,5,192,49,25,74,266
03/09/2022,FAR,ND,AGL,CE,Combined TRACON& Tower with Radar,37,59,60,4,160,0,8,30,6,44,37,67,90,10,204,83,0,83,287
03/10/2022,FAR,ND,AGL,CE,Combined TRACON& Tower with Radar,41,57,52,3,153,0,10,32,7,49,41,67,84,10,202,72,4,76,278
03/11/2022,FAR,ND,AGL,CE,Combined TRACON& Tower with Radar,39,54,55,0,148,0,0,7,2,9,39,54,62,2,157,2,0,2,159
03/12/2022,FAR,ND,AGL,CE,Combined TRACON& Tower with Radar,32,34,19,0,85,0,3,15,0,18,32,37,34,0,103,24,0,24,127
03/13/2022,FAR,ND,AGL,CE,Combined TRACON& Tower with Radar,35,15,33,0,83,0,6,25,0,31,35,21,58,0,114,32,0,32,146
03/14/2022,FAR,ND,AGL,CE,Combined TRACON& Tower with Radar,31,60,48,0,139,0,29,54,0,83,31,89,102,0,222,124,0,124,346
03/15/2022,FAR,ND,AGL,CE,Combined TRACON& Tower with Radar,37,76,51,3,167,0,18,56,8,82,37,94,107,11,249,61,4,65,314
03/16/2022,FAR,ND,AGL,CE,Combined TRACON& Tower with Radar,37,78,58,2,175,0,18,50,4,72,37,96,108,6,247,88,4,92,339
03/17/2022,FAR,ND,AGL,CE,Combined TRACON& Tower with Radar,41,71,77,11,200,0,10,50,9,69,41,81,127,20,269,96,11,107,376
03/18/2022,FAR,ND,AGL,CE,Combined TRACON& Tower with Radar,35,65,63,0,163,0,6,29,2,37,35,71,92,2,200,95,23,118,318
03/19/2022,FAR,ND,AGL,CE,Combined TRACON& Tower with Radar,31,46,24,0,101,0,17,25,0,42,31,63,49,0,143,67,0,67,210
03/20/2022,FAR,ND,AGL,CE,Combined TRACON& Tower with Radar,33,21,32,0,86,0,0,29,0,29,33,21,61,0,115,34,0,34,149
03/21/2022,FAR,ND,AGL,CE,Combined TRACON& Tower with Radar,33,52,60,0,145,0,8,29,0,37,33,60,89,0,182,68,0,68,250
03/22/2022,FAR,ND,AGL,CE,Combined TRACON& Tower with Radar,31,71,36,9,147,0,18,25,7,50,31,89,61,16,197,64,13,77,274
03/23/2022,FAR,ND,AGL,CE,Combined TRACON& Tower with Radar,39,57,47,12,155,0,2,3,0,5,39,59,50,12,160,0,35,35,195
03/24/2022,FAR,ND,AGL,CE,Combined TRACON& Tower with Radar,37,65,64,6,172,0,16,24,16,56,37,81,88,22,228,97,10,107,335
03/25/2022,FAR,ND,AGL,CE,Combined TRACON& Tower with Radar,38,55,43,0,136,0,6,0,4,10,38,61,43,4,146,0,0,0,146
03/26/2022,FAR,ND,AGL,CE,Combined TRACON& Tower with Radar,32,52,20,0,104,0,32,15,0,47,32,84,35,0,151,33,0,33,184
03/27/2022,FAR,ND,AGL,CE,Combined TRACON& Tower with Radar,32,22,24,0,78,0,11,48,0,59,32,33,72,0,137,90,0,90,227
03/28/2022,FAR,ND,AGL,CE,Combined TRACON& Tower with Radar,29,62,49,0,140,0,14,30,0,44,29,76,79,0,184,28,0,28,212
03/29/2022,FAR,ND,AGL,CE,Combined TRACON& Tower with Radar,29,59,17,1,106,0,6,19,4,29,29,65,36,5,135,50,0,50,185
03/30/2022,FAR,ND,AGL,CE,Combined TRACON& Tower with Radar,37,60,26,0,123,0,0,0,0,0,37,60,26,0,123,0,0,0,123
03/31/2022,FAR,ND,AGL,CE,Combined TRACON& Tower with Radar,35,61,64,4,164,0,1,31,11,43,35,62,95,15,207,51,16,67,274
04/01/2022,FAR,ND,AGL,CE,Combined TRACON& Tower with Radar,30,83,47,2,162,0,21,50,10,81,30,104,97,12,243,61,21,82,325
04/02/2022,FAR,ND,AGL,CE,Combined TRACON& Tower with Radar,28,32,24,4,88,0,15,42,2,59,28,47,66,6,147,66,0,66,213
04/03/2022,FAR,ND,AGL,CE,Combined TRACON& Tower with Radar,32,15,25,0,72,0,4,9,0,13,32,19,34,0,85,93,0,93,178
04/04/2022,FAR,ND,AGL,CE,Combined TRACON& Tower with Radar,26,53,50,2,131,0,24,29,0,53,26,77,79,2,184,55,0,55,239
04/05/2022,FAR,ND,AGL,CE,Combined TRACON& Tower with Radar,30,73,36,2,141,0,2,2,1,5,30,75,38,3,146,12,0,12,158
04/06/2022,FAR,ND,AGL,CE,Combined TRACON& Tower with Radar,31,58,33,0,122,0,0,0,0,0,31,58,33,0,122,0,0,0,122
04/07/2022,FAR,ND,AGL,CE,Combined TRACON& Tower with Radar,31,65,37,1,134,0,0,1,1,2,31,65,38,2,136,0,0,0,136
04/08/2022,FAR,ND,AGL,CE,Combined TRACON& Tower with Radar,23,78,42,3,146,0,34,60,6,100,23,112,102,9,246,105,13,118,364
04/09/2022,FAR,ND,AGL,CE,Combined TRACON& Tower with Radar,23,48,22,0,93,0,42,34,0,76,23,90,56,0,169,106,0,106,275
04/10/2022,FAR,ND,AGL,CE,Combined TRACON& Tower with Radar,27,23,16,0,66,0,0,1,0,1,27,23,17,0,67,0,0,0,67
04/11/2022,FAR,ND,AGL,CE,Combined TRACON& Tower with Radar,22,56,43,0,121,0,22,51,0,73,22,78,94,0,194,156,0,156,350
04/12/2022,FAR,ND,AGL,CE,Combined TRACON& Tower with Radar,29,49,44,0,122,0,1,6,0,7,29,50,50,0,129,0,0,0,129
04/13/2022,FAR,ND,AGL,CE,Combined TRACON& Tower with Radar,30,29,25,0,84,0,1,1,0,2,30,30,26,0,86,0,0,0,86
04/14/2022,FAR,ND,AGL,CE,Combined TRACON& Tower with Radar,30,33,24,0,87,0,2,0,0,2,30,35,24,0,89,0,0,0,89
04/15/2022,FAR,ND,AGL,CE,Combined TRACON& Tower with Radar,25,61,39,4,129,0,1,21,0,22,25,62,60,4,151,38,0,38,189
04/16/2022,FAR,ND,AGL,CE,Combined TRACON& Tower with Radar,25,38,8,0,71,0,4,43,1,48,25,42,51,1,119,69,0,69,188
04/17/2022,FAR,ND,AGL,CE,Combined TRACON& Tower with Radar,24,17,6,0,47,0,2,0,0,2,24,19,6,0,49,0,0,0,49
04/18/2022,FAR,ND,AGL,CE,Combined TRACON& Tower with Radar,23,61,81,0,165,0,26,32,0,58,23,87,113,0,223,100,0,100,323
04/19/2022,FAR,ND,AGL,CE,Combined TRACON& Tower with Radar,28,74,59,1,162,0,19,28,0,47,28,93,87,1,209,28,26,54,263
04/20/2022,FAR,ND,AGL,CE,Combined TRACON& Tower with Radar,31,88,61,8,188,0,15,19,1,35,31,103,80,9,223,78,12,90,313
04/21/2022,FAR,ND,AGL,CE,Combined TRACON& Tower with Radar,35,83,54,3,175,0,17,55,9,81,35,100,109,12,256,104,0,104,360
04/22/2022,FAR,ND,AGL,CE,Combined TRACON& Tower with Radar,24,61,30,3,118,0,0,2,0,2,24,61,32,3,120,0,0,0,120
04/23/2022,FAR,ND,AGL,CE,Combined TRACON& Tower with Radar,24,26,7,0,57,0,1,0,0,1,24,27,7,0,58,0,0,0,58
04/24/2022,FAR,ND,AGL,CE,Combined TRACON& Tower with Radar,24,17,31,0,72,0,2,0,0,2,24,19,31,0,74,0,0,0,74
04/25/2022,FAR,ND,AGL,CE,Combined TRACON& Tower with Radar,27,44,26,0,97,0,4,2,0,6,27,48,28,0,103,33,0,33,136
04/26/2022,FAR,ND,AGL,CE,Combined TRACON& Tower with Radar,30,66,83,3,182,0,18,34,2,54,30,84,117,5,236,201,6,207,443
04/27/2022,FAR,ND,AGL,CE,Combined TRACON& Tower with Radar,30,100,47,11,188,0,25,60,2,87,30,125,107,13,275,127,6,133,408
04/28/2022,FAR,ND,AGL,CE,Combined TRACON& Tower with Radar,31,75,70,9,185,0,21,49,9,79,31,96,119,18,264,85,6,91,355
04/29/2022,FAR,ND,AGL,CE,Combined TRACON& Tower with Radar,31,66,50,0,147,0,0,0,0,0,31,66,50,0,147,0,0,0,147
04/30/2022,FAR,ND,AGL,CE,Combined TRACON& Tower with Radar,24,34,22,0,80,0,0,0,0,0,24,34,22,0,80,0,0,0,80
05/01/2022,FAR,ND,AGL,CE,Combined TRACON& Tower with Radar,26,19,24,1,70,0,0,0,0,0,26,19,24,1,70,0,0,0,70
05/02/2022,FAR,ND,AGL,CE,Combined TRACON& Tower with Radar,25,47,54,3,129,0,3,10,0,13,25,50,64,3,142,155,0,155,297
05/03/2022,FAR,ND,AGL,CE,Combined TRACON& Tower with Radar,31,69,41,1,142,0,20,85,1,106,31,89,126,2,248,208,2,210,458
05/04/2022,FAR,ND,AGL,CE,Combined TRACON& Tower with Radar,28,80,58,1,167,0,43,56,1,100,28,123,114,2,267,189,0,189,456
05/05/2022,FAR,ND,AGL,CE,Combined TRACON& Tower with Radar,32,85,60,9,186,0,24,64,8,96,32,109,124,17,282,124,10,134,416
05/06/2022,FAR,ND,AGL,CE,Combined TRACON& Tower with Radar,24,53,56,0,133,0,4,52,2,58,24,57,108,2,191,150,0,150,341
05/07/2022,FAR,ND,AGL,CE,Combined TRACON& Tower with Radar,23,38,23,0,84,0,7,19,0,26,23,45,42,0,110,4,0,4,114
05/08/2022,FAR,ND,AGL,CE,Combined TRACON& Tower with Radar,23,26,36,1,86,0,0,2,0,2,23,26,38,1,88,0,0,0,88
05/09/2022,FAR,ND,AGL,CE,Combined TRACON& Tower with Radar,25,39,22,1,87,0,4,1,0,5,25,43,23,1,92,0,0,0,92
05/10/2022,FAR,ND,AGL,CE,Combined TRACON& Tower with Radar,28,84,66,1,179,0,11,53,1,65,28,95,119,2,244,183,0,183,427
05/11/2022,FAR,ND,AGL,CE,Combined TRACON& Tower with Radar,25,69,42,0,136,0,10,45,2,57,25,79,87,2,193,139,0,139,332
05/12/2022,FAR,ND,AGL,CE,Combined TRACON& Tower with Radar,31,60,28,0,119,0,2,0,0,2,31,62,28,0,121,12,0,12,133
05/13/2022,FAR,ND,AGL,CE,Combined TRACON& Tower with Radar,25,60,27,2,114,0,2,7,1,10,25,62,34,3,124,0,0,0,124
05/14/2022,FAR,ND,AGL,CE,Combined TRACON& Tower with Radar,23,42,16,2,83,0,3,29,4,36,23,45,45,6,119,53,0,53,172
05/15/2022,FAR,ND,AGL,CE,Combined TRACON& Tower with Radar,27,32,26,0,85,0,8,39,4,51,27,40,65,4,136,34,0,34,170
05/16/2022,FAR,ND,AGL,CE,Combined TRACON& Tower with Radar,25,68,40,0,133,0,26,60,8,94,25,94,100,8,227,173,0,173,400
05/17/2022,FAR,ND,AGL,CE,Combined TRACON& Tower with Radar,31,83,45,3,162,0,7,46,9,62,31,90,91,12,224,80,0,80,304
05/18/2022,FAR,ND,AGL,CE,Combined TRACON& Tower with Radar,25,83,47,0,155,0,6,20,0,26,25,89,67,0,181,22,0,22,203
05/19/2022,FAR,ND,AGL,CE,Combined TRACON& Tower with Radar,32,105,83,0,220,0,3,14,4,21,32,108,97,4,241,78,0,78,319
05/20/2022,FAR,ND,AGL,CE,Combined TRACON& Tower with Radar,26,64,62,2,154,0,3,19,0,22,26,67,81,2,176,99,0,99,275
05/21/2022,FAR,ND,AGL,CE,Combined TRACON& Tower with Radar,22,32,45,0,99,0,10,58,0,68,22,42,103,0,167,104,0,104,271
05/22/2022,FAR,ND,AGL,CE,Combined TRACON& Tower with Radar,30,28,17,0,75,0,12,49,0,61,30,40,66,0,136,199,0,199,335
05/23/2022,FAR,ND,AGL,CE,Combined TRACON& Tower with Radar,25,50,45,2,122,0,14,52,2,68,25,64,97,4,190,121,0,121,311
05/24/2022,FAR,ND,AGL,CE,Combined TRACON& Tower with Radar,30,100,61,5,196,0,19,74,5,98,30,119,135,10,294,169,5,174,468
05/25/2022,FAR,ND,AGL,CE,Combined TRACON& Tower with Radar,26,88,54,17,185,0,30,36,5,71,26,118,90,22,256,182,53,235,491
05/26/2022,FAR,ND,AGL,CE,Combined TRACON& Tower with Radar,32,91,65,4,192,0,43,57,14,114,32,134,122,18,306,147,27,174,480
05/27/2022,FAR,ND,AGL,CE,Combined TRACON& Tower with Radar,28,78,47,2,155,0,10,46,0,56,28,88,93,2,211,98,0,98,309
05/28/2022,FAR,ND,AGL,CE,Combined TRACON& Tower with Radar,23,60,17,0,100,0,19,23,0,42,23,79,40,0,142,47,0,47,189
05/29/2022,FAR,ND,AGL,CE,Combined TRACON& Tower with Radar,21,27,22,0,70,0,4,3,0,7,21,31,25,0,77,0,0,0,77
05/30/2022,FAR,ND,AGL,CE,Combined TRACON& Tower with Radar,21,22,8,2,53,0,2,2,0,4,21,24,10,2,57,0,0,0,57
05/31/2022,FAR,ND,AGL,CE,Combined TRACON& Tower with Radar,24,60,30,1,115,0,14,12,1,27,24,74,42,2,142,38,0,38,180
06/01/2022,FAR,ND,AGL,CE,Combined TRACON& Tower with Radar,28,101,69,15,213,0,21,61,5,87,28,122,130,20,300,120,11,131,431
06/02/2022,FAR,ND,AGL,CE,Combined TRACON& Tower with Radar,30,91,42,6,169,0,32,59,10,101,30,123,101,16,270,76,9,85,355
06/03/2022,FAR,ND,AGL,CE,Combined TRACON& Tower with Radar,27,106,30,0,163,0,7,48,4,59,27,113,78,4,222,112,0,112,334
06/04/2022,FAR,ND,AGL,CE,Combined TRACON& Tower with Radar,21,61,21,4,107,0,23,45,5,73,21,84,66,9,180,110,6,116,296
06/05/2022,FAR,ND,AGL,CE,Combined TRACON& Tower with Radar,26,38,28,4,96,0,14,39,0,53,26,52,67,4,149,6,4,10,159
06/06/2022,FAR,ND,AGL,CE,Combined TRACON& Tower with Radar,27,59,36,0,122,0,14,57,0,71,27,73,93,0,193,43,0,43,236
06/07/2022,FAR,ND,AGL,CE,Combined TRACON& Tower with Radar,33,77,32,1,143,0,24,57,1,82,33,101,89,2,225,111,30,141,366
06/08/2022,FAR,ND,AGL,CE,Combined TRACON& Tower with Radar,30,81,45,2,158,0,28,31,2,61,30,109,76,4,219,32,0,32,251
06/09/2022,FAR,ND,AGL,CE,Combined TRACON& Tower with Radar,29,99,44,8,180,0,19,22,4,45,29,118,66,12,225,46,8,54,279
06/10/2022,FAR,ND,AGL,CE,Combined TRACON& Tower with Radar,30,92,28,4,154,0,13,31,1,45,30,105,59,5,199,32,0,32,231
06/11/2022,FAR,ND,AGL,CE,Combined TRACON& Tower with Radar,21,51,15,0,87,0,14,12,3,29,21,65,27,3,116,61,0,61,177
06/12/2022,FAR,ND,AGL,CE,Combined TRACON& Tower with Radar,27,27,46,4,104,0,13,28,0,41,27,40,74,4,145,0,0,0,145
06/13/2022,FAR,ND,AGL,CE,Combined TRACON& Tower with Radar,27,52,39,0,118,0,6,4,2,12,27,58,43,2,130,6,0,6,136
06/14/2022,FAR,ND,AGL,CE,Combined TRACON& Tower with Radar,32,72,76,0,180,0,20,18,2,40,32,92,94,2,220,47,0,47,267
06/15/2022,FAR,ND,AGL,CE,Combined TRACON& Tower with Radar,32,68,70,3,173,0,10,42,1,53,32,78,112,4,226,48,2,50,276
06/16/2022,FAR,ND,AGL,CE,Combined TRACON& Tower with Radar,30,73,76,5,184,0,25,24,4,53,30,98,100,9,237,47,0,47,284
06/17/2022,FAR,ND,AGL,CE,Combined TRACON& Tower with Radar,30,113,43,1,187,0,18,56,1,75,30,131,99,2,262,100,0,100,362
06/18/2022,FAR,ND,AGL,CE,Combined TRACON& Tower with Radar,22,38,13,0,73,0,12,10,1,23,22,50,23,1,96,0,0,0,96
06/19/2022,FAR,ND,AGL,CE,Combined TRACON& Tower with Radar,25,22,19,0,66,0,13,9,1,23,25,35,28,1,89,4,0,4,93
06/20/2022,FAR,ND,AGL,CE,Combined TRACON& Tower with Radar,30,68,49,0,147,0,14,28,0,42,30,82,77,0,189,40,0,40,229
06/21/2022,FAR,ND,AGL,CE,Combined TRACON& Tower with Radar,28,70,56,0,154,0,5,44,0,49,28,75,100,0,203,53,0,53,256
06/22/2022,FAR,ND,AGL,CE,Combined TRACON& Tower with Radar,31,78,50,5,164,0,23,44,1,68,31,101,94,6,232,138,6,144,376
06/23/2022,FAR,ND,AGL,CE,Combined TRACON& Tower with Radar,33,103,63,6,205,0,23,57,7,87,33,126,120,13,292,61,0,61,353
06/24/2022,FAR,ND,AGL,CE,Combined TRACON& Tower with Radar,27,66,46,0,139,0,4,5,0,9,27,70,51,0,148,0,0,0,148
06/25/2022,FAR,ND,AGL,CE,Combined TRACON& Tower with Radar,28,52,35,0,115,0,10,20,1,31,28,62,55,1,146,28,0,28,174
06/26/2022,FAR,ND,AGL,CE,Combined TRACON& Tower with Radar,26,37,28,0,91,0,7,11,0,18,26,44,39,0,109,0,0,0,109
06/27/2022,FAR,ND,AGL,CE,Combined TRACON& Tower with Radar,26,76,40,0,142,0,21,60,0,81,26,97,100,0,223,76,0,76,299
06/28/2022,FAR,ND,AGL,CE,Combined TRACON& Tower with Radar,33,97,40,2,172,0,30,49,2,81,33,127,89,4,253,194,0,194,447
06/29/2022,FAR,ND,AGL,CE,Combined TRACON& Tower with Radar,32,87,39,0,158,0,25,40,0,65,32,112,79,0,223,55,0,55,278
06/30/2022,FAR,ND,AGL,CE,Combined TRACON& Tower with Radar,31,84,46,6,167,0,21,62,13,96,31,105,108,19,263,83,2,85,348
07/01/2022,FAR,ND,AGL,CE,Combined TRACON& Tower with Radar,32,89,46,0,167,0,20,52,0,72,32,109,98,0,239,86,0,86,325
07/02/2022,FAR,ND,AGL,CE,Combined TRACON& Tower with Radar,29,37,22,0,88,0,7,32,0,39,29,44,54,0,127,40,0,40,167
07/03/2022,FAR,ND,AGL,CE,Combined TRACON& Tower with Radar,24,18,23,0,65,0,11,22,0,33,24,29,45,0,98,22,0,22,120
07/04/2022,FAR,ND,AGL,CE,Combined TRACON& Tower with Radar,22,26,10,0,58,0,11,8,0,19,22,37,18,0,77,0,0,0,77
07/05/2022,FAR,ND,AGL,CE,Combined TRACON& Tower with Radar,24,53,41,5,123,0,8,13,0,21,24,61,54,5,144,20,4,24,168
07/06/2022,FAR,ND,AGL,CE,Combined TRACON& Tower with Radar,33,70,61,4,168,0,10,40,4,54,33,80,101,8,222,93,2,95,317
07/07/2022,FAR,ND,AGL,CE,Combined TRACON& Tower with Radar,28,80,35,4,147,0,21,34,9,64,28,101,69,13,211,127,4,131,342
07/08/2022,FAR,ND,AGL,CE,Combined TRACON& Tower with Radar,33,80,23,3,139,0,22,75,2,99,33,102,98,5,238,148,2,150,388
07/09/2022,FAR,ND,AGL,CE,Combined TRACON& Tower with Radar,29,39,13,0,81,0,12,54,0,66,29,51,67,0,147,118,0,118,265
07/10/2022,FAR,ND,AGL,CE,Combined TRACON& Tower with Radar,26,13,27,0,66,0,0,20,0,20,26,13,47,0,86,36,0,36,122
07/11/2022,FAR,ND,AGL,CE,Combined TRACON& Tower with Radar,29,49,38,2,118,0,13,28,0,41,29,62,66,2,159,40,0,40,199
07/12/2022,FAR,ND,AGL,CE,Combined TRACON& Tower with Radar,28,68,62,16,174,0,42,35,0,77,28,110,97,16,251,150,13,163,414
07/13/2022,FAR,ND,AGL,CE,Combined TRACON& Tower with Radar,34,89,41,7,171,0,29,56,3,88,34,118,97,10,259,162,22,184,443
07/14/2022,FAR,ND,AGL,CE,Combined TRACON& Tower with Radar,29,64,69,4,166,0,8,39,15,62,29,72,108,19,228,34,6,40,268
07/15/2022,FAR,ND,AGL,CE,Combined TRACON& Tower with Radar,30,96,49,3,178,0,19,71,0,90,30,115,120,3,268,115,0,115,383
07/16/2022,FAR,ND,AGL,CE,Combined TRACON& Tower with Radar,28,29,31,0,88,0,6,43,0,49,28,35,74,0,137,75,0,75,212
07/17/2022,FAR,ND,AGL,CE,Combined TRACON& Tower with Radar,25,18,38,0,81,0,5,28,0,33,25,23,66,0,114,64,0,64,178
07/18/2022,FAR,ND,AGL,CE,Combined TRACON& Tower with Radar,29,67,55,0,151,0,9,30,1,40,29,76,85,1,191,47,0,47,238
07/19/2022,FAR,ND,AGL,CE,Combined TRACON& Tower with Radar,31,61,44,2,138,0,11,11,1,23,31,72,55,3,161,10,0,10,171
07/20/2022,FAR,ND,AGL,CE,Combined TRACON& Tower with Radar,31,77,56,2,166,0,41,54,2,97,31,118,110,4,263,88,4,92,355
07/21/2022,FAR,ND,AGL,CE,Combined TRACON& Tower with Radar,35,78,65,2,180,0,23,59,11,93,35,101,124,13,273,69,0,69,342
07/22/2022,FAR,ND,AGL,CE,Combined TRACON& Tower with Radar,30,59,36,1,126,0,18,65,3,86,30,77,101,4,212,130,15,145,357
07/23/2022,FAR,ND,AGL,CE,Combined TRACON& Tower with Radar,28,29,21,0,78,0,11,25,0,36,28,40,46,0,114,65,0,65,179
07/24/2022,FAR,ND,AGL,CE,Combined TRACON& Tower with Radar,23,22,32,0,77,0,2,52,0,54,23,24,84,0,131,53,0,53,184
07/25/2022,FAR,ND,AGL,CE,Combined TRACON& Tower with Radar,31,56,57,3,147,0,22,61,2,85,31,78,118,5,232,115,2,117,349
07/26/2022,FAR,ND,AGL,CE,Combined TRACON& Tower with Radar,28,78,39,0,145,0,19,36,0,55,28,97,75,0,200,103,0,103,303
07/27/2022,FAR,ND,AGL,CE,Combined TRACON& Tower with Radar,32,62,59,2,155,0,56,68,2,126,32,118,127,4,281,94,0,94,375
07/28/2022,FAR,ND,AGL,CE,Combined TRACON& Tower with Radar,29,67,36,3,135,0,28,60,15,103,29,95,96,18,238,141,0,141,379
07/29/2022,FAR,ND,AGL,CE,Combined TRACON& Tower with Radar,29,75,47,4,155,0,24,62,1,87,29,99,109,5,242,137,22,159,401
07/30/2022,FAR,ND,AGL,CE,Combined TRACON& Tower with Radar,27,35,26,0,88,0,7,49,0,56,27,42,75,0,144,116,0,116,260
07/31/2022,FAR,ND,AGL,CE,Combined TRACON& Tower with Radar,26,11,34,0,71,0,6,24,1,31,26,17,58,1,102,62,0,62,164
08/01/2022,FAR,ND,AGL,CE,Combined TRACON& Tower with Radar,28,57,49,0,134,0,12,75,1,88,28,69,124,1,222,140,0,140,362
08/02/2022,FAR,ND,AGL,CE,Combined TRACON& Tower with Radar,30,83,39,4,156,0,6,33,0,39,30,89,72,4,195,44,6,50,245
08/03/2022,FAR,ND,AGL,CE,Combined TRACON& Tower with Radar,33,69,59,3,164,0,6,34,1,41,33,75,93,4,205,67,0,67,272
08/04/2022,FAR,ND,AGL,CE,Combined TRACON& Tower with Radar,31,76,54,2,163,0,10,49,11,70,31,86,103,13,233,16,0,16,249
08/05/2022,FAR,ND,AGL,CE,Combined TRACON& Tower with Radar,32,71,37,0,140,0,15,26,0,41,32,86,63,0,181,10,0,10,191
08/06/2022,FAR,ND,AGL,CE,Combined TRACON& Tower with Radar,27,35,21,1,84,0,11,38,1,50,27,46,59,2,134,69,0,69,203
08/07/2022,FAR,ND,AGL,CE,Combined TRACON& Tower with Radar,27,19,31,0,77,0,6,33,0,39,27,25,64,0,116,20,21,41,157
08/08/2022,FAR,ND,AGL,CE,Combined TRACON& Tower with Radar,27,64,45,1,137,0,30,52,0,82,27,94,97,1,219,101,0,101,320
08/09/2022,FAR,ND,AGL,CE,Combined TRACON& Tower with Radar,30,75,56,6,167,0,26,98,1,125,30,101,154,7,292,56,2,58,350
08/10/2022,FAR,ND,AGL,CE,Combined TRACON& Tower with Radar,30,84,61,10,185,0,14,63,4,81,30,98,124,14,266,101,8,109,375
08/11/2022,FAR,ND,AGL,CE,Combined TRACON& Tower with Radar,30,82,47,4,163,0,19,70,12,101,30,101,117,16,264,65,0,65,329
08/12/2022,FAR,ND,AGL,CE,Combined TRACON& Tower with Radar,29,91,42,4,166,0,2,20,0,22,29,93,62,4,188,23,0,23,211
08/13/2022,FAR,ND,AGL,CE,Combined TRACON& Tower with Radar,28,52,46,0,126,0,4,15,0,19,28,56,61,0,145,24,0,24,169
08/14/2022,FAR,ND,AGL,CE,Combined TRACON& Tower with Radar,27,22,31,0,80,0,6,55,0,61,27,28,86,0,141,82,0,82,223
08/15/2022,FAR,ND,AGL,CE,Combined TRACON& Tower with Radar,26,58,78,4,166,0,8,41,0,49,26,66,119,4,215,57,0,57,272
08/16/2022,FAR,ND,AGL,CE,Combined TRACON& Tower with Radar,30,91,54,3,178,0,2,41,2,45,30,93,95,5,223,82,0,82,305
08/17/2022,FAR,ND,AGL,CE,Combined TRACON& Tower with Radar,27,77,74,16,194,0,22,42,2,66,27,99,116,18,260,181,4,185,445
08/18/2022,FAR,ND,AGL,CE,Combined TRACON& Tower with Radar,30,75,49,0,154,0,0,4,0,4,30,75,53,0,158,44,0,44,202
08/19/2022,FAR,ND,AGL,CE,Combined TRACON& Tower with Radar,27,72,46,3,148,0,2,3,2,7,27,74,49,5,155,8,0,8,163
08/20/2022,FAR,ND,AGL,CE,Combined TRACON& Tower with Radar,24,48,11,0,83,0,6,21,4,31,24,54,32,4,114,36,0,36,150
08/21/2022,FAR,ND,AGL,CE,Combined TRACON& Tower with Radar,23,18,20,0,61,0,0,44,1,45,23,18,64,1,106,64,0,64,170
08/22/2022,FAR,ND,AGL,CE,Combined TRACON& Tower with Radar,24,48,43,0,115,0,15,38,0,53,24,63,81,0,168,133,0,133,301
08/23/2022,FAR,ND,AGL,CE,Combined TRACON& Tower with Radar,30,87,53,5,175,0,7,59,2,68,30,94,112,7,243,64,16,80,323
08/24/2022,FAR,ND,AGL,CE,Combined TRACON& Tower with Radar,26,73,90,2,191,0,6,8,0,14,26,79,98,2,205,38,0,38,243
08/25/2022,FAR,ND,AGL,CE,Combined TRACON& Tower with Radar,30,96,77,7,210,0,19,68,18,105,30,115,145,25,315,70,4,74,389
08/26/2022,FAR,ND,AGL,CE,Combined TRACON& Tower with Radar,24,109,66,6,205,0,6,36,2,44,24,115,102,8,249,42,4,46,295
08/27/2022,FAR,ND,AGL,CE,Combined TRACON& Tower with Radar,26,65,34,0,125,0,2,18,0,20,26,67,52,0,145,49,0,49,194
08/28/2022,FAR,ND,AGL,CE,Combined TRACON& Tower with Radar,22,25,37,0,84,0,2,2,0,4,22,27,39,0,88,36,0,36,124
08/29/2022,FAR,ND,AGL,CE,Combined TRACON& Tower with Radar,24,57,44,1,126,0,24,24,1,49,24,81,68,2,175,84,0,84,259
08/30/2022,FAR,ND,AGL,CE,Combined TRACON& Tower with Radar,25,101,51,4,181,0,16,59,2,77,25,117,110,6,258,138,8,146,404
08/31/2022,FAR,ND,AGL,CE,Combined TRACON& Tower with Radar,25,84,55,2,166,0,22,60,2,84,25,106,115,4,250,148,14,162,412
09/01/2022,FAR,ND,AGL,CE,Combined TRACON& Tower with Radar,28,113,49,2,192,0,10,50,8,68,28,123,99,10,260,124,0,124,384
09/02/2022,FAR,ND,AGL,CE,Combined TRACON& Tower with Radar,25,84,47,1,157,0,21,37,1,59,25,105,84,2,216,50,6,56,272
09/03/2022,FAR,ND,AGL,CE,Combined TRACON& Tower with Radar,22,43,25,1,91,0,11,49,1,61,22,54,74,2,152,33,0,33,185
09/04/2022,FAR,ND,AGL,CE,Combined TRACON& Tower with Radar,19,28,16,0,63,0,3,29,0,32,19,31,45,0,95,10,0,10,105
09/05/2022,FAR,ND,AGL,CE,Combined TRACON& Tower with Radar,19,39,17,0,75,0,12,26,1,39,19,51,43,1,114,18,0,18,132
09/06/2022,FAR,ND,AGL,CE,Combined TRACON& Tower with Radar,18,48,26,0,92,0,6,48,0,54,18,54,74,0,146,142,0,142,288
09/07/2022,FAR,ND,AGL,CE,Combined TRACON& Tower with Radar,23,91,41,2,157,0,19,58,4,81,23,110,99,6,238,99,6,105,343
09/08/2022,FAR,ND,AGL,CE,Combined TRACON& Tower with Radar,26,86,49,2,163,0,26,35,8,69,26,112,84,10,232,16,12,28,260
09/09/2022,FAR,ND,AGL,CE,Combined TRACON& Tower with Radar,22,98,30,3,153,0,27,47,9,83,22,125,77,12,236,155,0,155,391
09/10/2022,FAR,ND,AGL,CE,Combined TRACON& Tower with Radar,23,58,33,4,118,0,14,45,7,66,23,72,78,11,184,53,0,53,237
09/11/2022,FAR,ND,AGL,CE,Combined TRACON& Tower with Radar,22,42,22,2,88,0,4,41,7,52,22,46,63,9,140,68,0,68,208
09/12/2022,FAR,ND,AGL,CE,Combined TRACON& Tower with Radar,23,84,50,3,160,0,14,40,7,61,23,98,90,10,221,70,26,96,317
09/13/2022,FAR,ND,AGL,CE,Combined TRACON& Tower with Radar,26,96,45,2,169,0,23,61,0,84,26,119,106,2,253,94,26,120,373
09/14/2022,FAR,ND,AGL,CE,Combined TRACON& Tower with Radar,26,107,56,7,196,0,16,38,2,56,26,123,94,9,252,52,0,52,304
09/15/2022,FAR,ND,AGL,CE,Combined TRACON& Tower with Radar,30,85,69,6,190,0,7,23,8,38,30,92,92,14,228,32,0,32,260
09/16/2022,FAR,ND,AGL,CE,Combined TRACON& Tower with Radar,26,91,72,1,190,0,1,4,0,5,26,92,76,1,195,12,0,12,207
09/17/2022,FAR,ND,AGL,CE,Combined TRACON& Tower with Radar,21,72,26,0,119,0,4,16,0,20,21,76,42,0,139,20,0,20,159
09/18/2022,FAR,ND,AGL,CE,Combined TRACON& Tower with Radar,27,38,32,0,97,0,8,44,0,52,27,46,76,0,149,85,0,85,234
09/19/2022,FAR,ND,AGL,CE,Combined TRACON& Tower with Radar,21,62,58,0,141,0,14,29,2,45,21,76,87,2,186,27,0,27,213
09/20/2022,FAR,ND,AGL,CE,Combined TRACON& Tower with Radar,29,86,53,1,169,0,16,55,0,71,29,102,108,1,240,71,0,71,311
09/21/2022,FAR,ND,AGL,CE,Combined TRACON& Tower with Radar,28,95,75,1,199,0,6,57,3,66,28,101,132,4,265,28,18,46,311
09/22/2022,FAR,ND,AGL,CE,Combined TRACON& Tower with Radar,26,96,56,2,180,0,23,70,11,104,26,119,126,13,284,107,0,107,391
09/23/2022,FAR,ND,AGL,CE,Combined TRACON& Tower with Radar,24,67,43,0,134,0,4,15,0,19,24,71,58,0,153,8,2,10,163
09/24/2022,FAR,ND,AGL,CE,Combined TRACON& Tower with Radar,21,68,33,0,122,0,13,31,0,44,21,81,64,0,166,62,0,62,228
09/25/2022,FAR,ND,AGL,CE,Combined TRACON& Tower with Radar,23,23,14,0,60,0,9,24,0,33,23,32,38,0,93,6,0,6,99
09/26/2022,FAR,ND,AGL,CE,Combined TRACON& Tower with Radar,22,114,36,3,175,0,12,72,4,88,22,126,108,7,263,62,0,62,325
09/27/2022,FAR,ND,AGL,CE,Combined TRACON& Tower with Radar,26,75,34,0,135,0,2,82,2,86,26,77,116,2,221,92,0,92,313
09/28/2022,FAR,ND,AGL,CE,Combined TRACON& Tower with Radar,26,136,60,3,225,0,21,41,3,65,26,157,101,6,290,50,0,50,340
09/29/2022,FAR,ND,AGL,CE,Combined TRACON& Tower with Radar,27,104,43,3,177,0,13,18,2,33,27,117,61,5,210,29,0,29,239
09/30/2022,FAR,ND,AGL,CE,Combined TRACON& Tower with Radar,32,109,70,1,212,0,18,58,0,76,32,127,128,1,288,86,23,109,397
10/01/2022,FAR,ND,AGL,CE,Combined TRACON& Tower with Radar,25,48,30,0,103,0,15,33,0,48,25,63,63,0,151,138,0,138,289
10/02/2022,FAR,ND,AGL,CE,Combined TRACON& Tower with Radar,29,27,26,0,82,0,2,19,0,21,29,29,45,0,103,32,0,32,135
10/03/2022,FAR,ND,AGL,CE,Combined TRACON& Tower with Radar,25,109,53,0,187,0,12,51,0,63,25,121,104,0,250,108,0,108,358
10/04/2022,FAR,ND,AGL,CE,Combined TRACON& Tower with Radar,33,84,47,0,164,0,8,33,0,41,33,92,80,0,205,99,0,99,304
10/05/2022,FAR,ND,AGL,CE,Combined TRACON& Tower with Radar,28,85,64,4,181,0,10,39,6,55,28,95,103,10,236,20,0,20,256
10/06/2022,FAR,ND,AGL,CE,Combined TRACON& Tower with Radar,33,64,56,6,159,0,16,26,4,46,33,80,82,10,205,16,5,21,226
10/07/2022,FAR,ND,AGL,CE,Combined TRACON& Tower with Radar,37,77,41,0,155,0,19,52,3,74,37,96,93,3,229,67,0,67,296
10/08/2022,FAR,ND,AGL,CE,Combined TRACON& Tower with Radar,29,55,24,0,108,0,19,33,2,54,29,74,57,2,162,39,0,39,201
10/09/2022,FAR,ND,AGL,CE,Combined TRACON& Tower with Radar,31,40,37,0,108,0,18,33,2,53,31,58,70,2,161,48,1,49,210
10/10/2022,FAR,ND,AGL,CE,Combined TRACON& Tower with Radar,33,70,42,0,145,0,18,38,0,56,33,88,80,0,201,82,0,82,283
10/11/2022,FAR,ND,AGL,CE,Combined TRACON& Tower with Radar,32,78,57,0,167,0,16,46,0,62,32,94,103,0,229,60,0,60,289
10/12/2022,FAR,ND,AGL,CE,Combined TRACON& Tower with Radar,32,60,42,0,134,0,10,14,2,26,32,70,56,2,160,36,0,36,196
10/13/2022,FAR,ND,AGL,CE,Combined TRACON& Tower with Radar,35,64,48,0,147,0,6,19,4,29,35,70,67,4,176,50,0,50,226
10/14/2022,FAR,ND,AGL,CE,Combined TRACON& Tower with Radar,35,67,31,0,133,0,2,4,0,6,35,69,35,0,139,0,0,0,139
10/15/2022,FAR,ND,AGL,CE,Combined TRACON& Tower with Radar,27,31,27,0,85,0,6,15,0,21,27,37,42,0,106,80,0,80,186
10/16/2022,FAR,ND,AGL,CE,Combined TRACON& Tower with Radar,31,11,18,0,60,0,2,9,0,11,31,13,27,0,71,4,0,4,75
10/17/2022,FAR,ND,AGL,CE,Combined TRACON& Tower with Radar,36,62,54,2,154,0,32,40,0,72,36,94,94,2,226,74,4,78,304
10/18/2022,FAR,ND,AGL,CE,Combined TRACON& Tower with Radar,37,106,43,4,190,0,14,40,4,58,37,120,83,8,248,91,0,91,339
10/19/2022,FAR,ND,AGL,CE,Combined TRACON& Tower with Radar,36,92,59,4,191,0,19,30,6,55,36,111,89,10,246,86,6,92,338
10/20/2022,FAR,ND,AGL,CE,Combined TRACON& Tower with Radar,36,83,59,3,181,0,32,55,10,97,36,115,114,13,278,167,4,171,449
10/21/2022,FAR,ND,AGL,CE,Combined TRACON& Tower with Radar,35,71,42,0,148,0,28,34,3,65,35,99,76,3,213,58,0,58,271
10/22/2022,FAR,ND,AGL,CE,Combined TRACON& Tower with Radar,27,43,28,0,98,0,8,35,0,43,27,51,63,0,141,70,0,70,211
10/23/2022,FAR,ND,AGL,CE,Combined TRACON& Tower with Radar,31,20,40,4,95,0,21,20,1,42,31,41,60,5,137,20,0,20,157
10/24/2022,FAR,ND,AGL,CE,Combined TRACON& Tower with Radar,32,37,36,2,107,0,0,6,0,6,32,37,42,2,113,0,0,0,113
10/25/2022,FAR,ND,AGL,CE,Combined TRACON& Tower with Radar,34,51,48,2,135,0,12,35,4,51,34,63,83,6,186,105,0,105,291
10/26/2022,FAR,ND,AGL,CE,Combined TRACON& Tower with Radar,32,64,48,0,144,0,19,47,4,70,32,83,95,4,214,181,2,183,397
10/27/2022,FAR,ND,AGL,CE,Combined TRACON& Tower with Radar,36,70,67,2,175,0,26,29,2,57,36,96,96,4,232,88,0,88,320
10/28/2022,FAR,ND,AGL,CE,Combined TRACON& Tower with Radar,35,76,52,0,163,0,23,47,7,77,35,99,99,7,240,127,0,127,367
10/29/2022,FAR,ND,AGL,CE,Combined TRACON& Tower with Radar,28,47,31,0,106,0,18,28,2,48,28,65,59,2,154,97,0,97,251
10/30/2022,FAR,ND,AGL,CE,Combined TRACON& Tower with Radar,33,17,36,0,86,0,2,46,1,49,33,19,82,1,135,98,0,98,233
10/31/2022,FAR,ND,AGL,CE,Combined TRACON& Tower with Radar,32,40,28,0,100,0,18,34,0,52,32,58,62,0,152,122,0,122,274
11/01/2022,FAR,ND,AGL,CE,Combined TRACON& Tower with Radar,36,74,46,4,160,0,18,59,2,79,36,92,105,6,239,36,0,36,275
11/02/2022,FAR,ND,AGL,CE,Combined TRACON& Tower with Radar,34,74,63,0,171,0,23,14,0,37,34,97,77,0,208,38,0,38,246
11/03/2022,FAR,ND,AGL,CE,Combined TRACON& Tower with Radar,36,58,65,4,163,0,12,25,2,39,36,70,90,6,202,97,0,97,299
11/04/2022,FAR,ND,AGL,CE,Combined TRACON& Tower with Radar,38,74,45,1,158,0,33,39,5,77,38,107,84,6,235,102,2,104,339
11/05/2022,FAR,ND,AGL,CE,Combined TRACON& Tower with Radar,29,34,22,3,88,0,19,43,5,67,29,53,65,8,155,69,20,89,244
11/06/2022,FAR,ND,AGL,CE,Combined TRACON& Tower with Radar,29,18,15,0,62,0,2,3,0,5,29,20,18,0,67,0,0,0,67
11/07/2022,FAR,ND,AGL,CE,Combined TRACON& Tower with Radar,30,39,44,0,113,0,4,31,0,35,30,43,75,0,148,66,0,66,214
11/08/2022,FAR,ND,AGL,CE,Combined TRACON& Tower with Radar,37,65,34,1,137,0,0,0,0,0,37,65,34,1,137,0,0,0,137
11/09/2022,FAR,ND,AGL,CE,Combined TRACON& Tower with Radar,34,55,36,0,125,0,0,0,0,0,34,55,36,0,125,0,0,0,125
11/10/2022,FAR,ND,AGL,CE,Combined TRACON& Tower with Radar,21,4,9,0,34,0,0,0,0,0,21,4,9,0,34,0,0,0,34
11/11/2022,FAR,ND,AGL,CE,Combined TRACON& Tower with Radar,36,51,26,0,113,0,2,0,0,2,36,53,26,0,115,0,0,0,115
11/12/2022,FAR,ND,AGL,CE,Combined TRACON& Tower with Radar,32,38,26,0,96,0,0,1,0,1,32,38,27,0,97,28,0,28,125
11/13/2022,FAR,ND,AGL,CE,Combined TRACON& Tower with Radar,39,16,22,0,77,0,0,5,0,5,39,16,27,0,82,26,0,26,108
11/14/2022,FAR,ND,AGL,CE,Combined TRACON& Tower with Radar,31,59,29,0,119,0,0,3,0,3,31,59,32,0,122,0,0,0,122
11/15/2022,FAR,ND,AGL,CE,Combined TRACON& Tower with Radar,42,75,33,1,151,0,0,2,0,2,42,75,35,1,153,0,0,0,153
11/16/2022,FAR,ND,AGL,CE,Combined TRACON& Tower with Radar,34,62,40,8,144,0,0,25,5,30,34,62,65,13,174,94,6,100,274
11/17/2022,FAR,ND,AGL,CE,Combined TRACON& Tower with Radar,41,61,53,0,155,0,0,3,0,3,41,61,56,0,158,0,0,0,158
11/18/2022,FAR,ND,AGL,CE,Combined TRACON& Tower with Radar,34,67,38,2,141,0,4,22,2,28,34,71,60,4,169,22,12,34,203
11/19/2022,FAR,ND,AGL,CE,Combined TRACON& Tower with Radar,30,41,18,0,89,0,4,16,0,20,30,45,34,0,109,80,0,80,189
11/20/2022,FAR,ND,AGL,CE,Combined TRACON& Tower with Radar,37,25,27,1,90,0,8,31,0,39,37,33,58,1,129,52,0,52,181
11/21/2022,FAR,ND,AGL,CE,Combined TRACON& Tower with Radar,32,39,38,0,109,0,0,7,3,10,32,39,45,3,119,14,0,14,133
11/22/2022,FAR,ND,AGL,CE,Combined TRACON& Tower with Radar,43,91,64,0,198,0,39,51,10,100,43,130,115,10,298,125,12,137,435
11/23/2022,FAR,ND,AGL,CE,Combined TRACON& Tower with Radar,42,63,47,6,158,0,14,40,4,58,42,77,87,10,216,91,26,117,333
11/24/2022,FAR,ND,AGL,CE,Combined TRACON& Tower with Radar,17,7,11,0,35,0,1,2,0,3,17,8,13,0,38,4,0,4,42
11/25/2022,FAR,ND,AGL,CE,Combined TRACON& Tower with Radar,30,64,17,0,111,0,9,31,0,40,30,73,48,0,151,75,0,75,226
11/26/2022,FAR,ND,AGL,CE,Combined TRACON& Tower with Radar,36,43,23,0,102,0,14,19,0,33,36,57,42,0,135,12,0,12,147
11/27/2022,FAR,ND,AGL,CE,Combined TRACON& Tower with Radar,40,21,28,0,89,0,13,29,0,42,40,34,57,0,131,106,0,106,237
11/28/2022,FAR,ND,AGL,CE,Combined TRACON& Tower with Radar,34,43,38,3,118,0,18,25,2,45,34,61,63,5,163,77,0,77,240
11/29/2022,FAR,ND,AGL,CE,Combined TRACON& Tower with Radar,46,62,45,0,153,0,6,21,8,35,46,68,66,8,188,34,0,34,222
11/30/2022,FAR,ND,AGL,CE,Combined TRACON& Tower with Radar,38,72,42,4,156,0,26,45,4,75,38,98,87,8,231,89,6,95,326
12/01/2022,FAR,ND,AGL,CE,Combined TRACON& Tower with Radar,44,78,50,4,176,0,58,37,14,109,44,136,87,18,285,65,7,72,357
12/02/2022,FAR,ND,AGL,CE,Combined TRACON& Tower with Radar,40,67,32,0,139,0,0,0,0,0,40,67,32,0,139,0,0,0,139
12/03/2022,FAR,ND,AGL,CE,Combined TRACON& Tower with Radar,31,52,18,0,101,0,44,28,0,72,31,96,46,0,173,114,0,114,287
12/04/2022,FAR,ND,AGL,CE,Combined TRACON& Tower with Radar,40,22,31,0,93,0,18,19,0,37,40,40,50,0,130,24,0,24,154
12/05/2022,FAR,ND,AGL,CE,Combined TRACON& Tower with Radar,32,48,37,1,118,0,27,19,1,47,32,75,56,2,165,84,0,84,249
12/06/2022,FAR,ND,AGL,CE,Combined TRACON& Tower with Radar,38,62,30,0,130,0,2,3,0,5,38,64,33,0,135,0,0,0,135
12/07/2022,FAR,ND,AGL,CE,Combined TRACON& Tower with Radar,35,69,50,18,172,0,54,48,4,106,35,123,98,22,278,109,24,133,411
12/08/2022,FAR,ND,AGL,CE,Combined TRACON& Tower with Radar,48,59,57,3,167,0,4,31,11,46,48,63,88,14,213,97,8,105,318
12/09/2022,FAR,ND,AGL,CE,Combined TRACON& Tower with Radar,36,66,31,4,137,1,0,0,0,1,37,66,31,4,138,0,0,0,138
12/10/2022,FAR,ND,AGL,CE,Combined TRACON& Tower with Radar,28,44,22,0,94,0,0,1,0,1,28,44,23,0,95,0,0,0,95
12/11/2022,FAR,ND,AGL,CE,Combined TRACON& Tower with Radar,38,22,13,0,73,0,0,15,2,17,38,22,28,2,90,54,0,54,144
12/12/2022,FAR,ND,AGL,CE,Combined TRACON& Tower with Radar,29,51,44,0,124,0,0,0,0,0,29,51,44,0,124,0,0,0,124
12/13/2022,FAR,ND,AGL,CE,Combined TRACON& Tower with Radar,22,43,12,0,77,0,0,0,0,0,22,43,12,0,77,0,0,0,77
12/14/2022,FAR,ND,AGL,CE,Combined TRACON& Tower with Radar,37,40,21,0,98,0,0,0,0,0,37,40,21,0,98,0,0,0,98
12/15/2022,FAR,ND,AGL,CE,Combined TRACON& Tower with Radar,26,36,10,0,72,0,0,0,0,0,26,36,10,0,72,0,0,0,72
12/16/2022,FAR,ND,AGL,CE,Combined TRACON& Tower with Radar,43,51,23,0,117,0,0,0,0,0,43,51,23,0,117,0,0,0,117
12/17/2022,FAR,ND,AGL,CE,Combined TRACON& Tower with Radar,35,58,22,0,115,0,0,1,0,1,35,58,23,0,116,0,0,0,116
12/18/2022,FAR,ND,AGL,CE,Combined TRACON& Tower with Radar,35,21,12,0,68,0,6,17,0,23,35,27,29,0,91,24,0,24,115
12/19/2022,FAR,ND,AGL,CE,Combined TRACON& Tower with Radar,33,46,24,0,103,0,4,0,0,4,33,50,24,0,107,0,0,0,107
12/20/2022,FAR,ND,AGL,CE,Combined TRACON& Tower with Radar,41,75,40,0,156,0,14,7,0,21,41,89,47,0,177,18,0,18,195
12/21/2022,FAR,ND,AGL,CE,Combined TRACON& Tower with Radar,38,74,35,0,147,0,0,0,0,0,38,74,35,0,147,0,0,0,147
12/22/2022,FAR,ND,AGL,CE,Combined TRACON& Tower with Radar,37,44,24,0,105,0,0,1,0,1,37,44,25,0,106,0,0,0,106
12/23/2022,FAR,ND,AGL,CE,Combined TRACON& Tower with Radar,12,26,17,0,55,0,0,0,0,0,12,26,17,0,55,0,0,0,55
12/24/2022,FAR,ND,AGL,CE,Combined TRACON& Tower with Radar,23,24,8,0,55,0,3,3,0,6,23,27,11,0,61,0,0,0,61
12/25/2022,FAR,ND,AGL,CE,Combined TRACON& Tower with Radar,21,15,4,0,40,0,0,0,0,0,21,15,4,0,40,0,0,0,40
12/26/2022,FAR,ND,AGL,CE,Combined TRACON& Tower with Radar,29,20,32,0,81,0,4,8,0,12,29,24,40,0,93,0,0,0,93
12/27/2022,FAR,ND,AGL,CE,Combined TRACON& Tower with Radar,35,61,24,3,123,0,10,11,0,21,35,71,35,3,144,12,0,12,156
12/28/2022,FAR,ND,AGL,CE,Combined TRACON& Tower with Radar,35,61,41,2,139,0,4,16,0,20,35,65,57,2,159,38,0,38,197
12/29/2022,FAR,ND,AGL,CE,Combined TRACON& Tower with Radar,44,71,28,2,145,0,0,2,8,10,44,71,30,10,155,12,0,12,167
12/30/2022,FAR,ND,AGL,CE,Combined TRACON& Tower with Radar,34,72,25,0,131,0,0,1,0,1,34,72,26,0,132,10,0,10,142
12/31/2022,FAR,ND,AGL,CE,Combined TRACON& Tower with Radar,29,31,9,0,69,0,0,0,0,0,29,31,9,0,69,0,0,0,69
01/01/2023,FAR,ND,AGL,CE,Combined TRACON& Tower with Radar,23,25,20,0,68,0,0,0,0,0,23,25,20,0,68,0,0,0,68
01/02/2023,FAR,ND,AGL,CE,Combined TRACON& Tower with Radar,30,28,11,0,69,0,0,6,0,6,30,28,17,0,75,50,0,50,125
01/03/2023,FAR,ND,AGL,CE,Combined TRACON& Tower with Radar,35,34,10,0,79,0,0,1,0,1,35,34,11,0,80,0,0,0,80
01/04/2023,FAR,ND,AGL,CE,Combined TRACON& Tower with Radar,35,61,26,0,122,0,4,27,0,31,35,65,53,0,153,58,0,58,211
01/05/2023,FAR,ND,AGL,CE,Combined TRACON& Tower with Radar,43,64,27,0,134,0,1,22,6,29,43,65,49,6,163,7,6,13,176
01/06/2023,FAR,ND,AGL,CE,Combined TRACON& Tower with Radar,35,73,33,0,141,0,0,5,0,5,35,73,38,0,146,0,0,0,146
01/07/2023,FAR,ND,AGL,CE,Combined TRACON& Tower with Radar,30,38,15,0,83,0,3,6,2,11,30,41,21,2,94,36,4,40,134
01/08/2023,FAR,ND,AGL,CE,Combined TRACON& Tower with Radar,38,32,33,0,103,0,5,36,4,45,38,37,69,4,148,90,4,94,242
01/09/2023,FAR,ND,AGL,CE,Combined TRACON& Tower with Radar,31,40,21,0,92,0,0,0,0,0,31,40,21,0,92,0,0,0,92
01/10/2023,FAR,ND,AGL,CE,Combined TRACON& Tower with Radar,36,51,37,0,124,0,0,0,0,0,36,51,37,0,124,0,0,0,124
01/11/2023,FAR,ND,AGL,CE,Combined TRACON& Tower with Radar,32,55,35,0,122,0,0,0,0,0,32,55,35,0,122,0,0,0,122
01/12/2023,FAR,ND,AGL,CE,Combined TRACON& Tower with Radar,41,45,39,2,127,0,0,1,0,1,41,45,40,2,128,0,0,0,128
01/13/2023,FAR,ND,AGL,CE,Combined TRACON& Tower with Radar,33,51,29,0,113,0,0,19,2,21,33,51,48,2,134,14,7,21,155
01/14/2023,FAR,ND,AGL,CE,Combined TRACON& Tower with Radar,28,33,30,0,91,0,4,40,0,44,28,37,70,0,135,47,0,47,182
01/15/2023,FAR,ND,AGL,CE,Combined TRACON& Tower with Radar,33,16,16,0,65,0,0,28,0,28,33,16,44,0,93,12,0,12,105
01/16/2023,FAR,ND,AGL,CE,Combined TRACON& Tower with Radar,31,28,23,0,82,0,0,0,0,0,31,28,23,0,82,0,0,0,82
01/17/2023,FAR,ND,AGL,CE,Combined TRACON& Tower with Radar,33,50,21,0,104,0,0,6,0,6,33,50,27,0,110,42,0,42,152
01/18/2023,FAR,ND,AGL,CE,Combined TRACON& Tower with Radar,31,66,51,10,158,0,0,1,2,3,31,66,52,12,161,28,10,38,199
01/19/2023,FAR,ND,AGL,CE,Combined TRACON& Tower with Radar,40,63,51,5,159,0,0,7,8,15,40,63,58,13,174,26,22,48,222
01/20/2023,FAR,ND,AGL,CE,Combined TRACON& Tower with Radar,32,60,38,0,130,0,0,0,0,0,32,60,38,0,130,0,0,0,130
01/21/2023,FAR,ND,AGL,CE,Combined TRACON& Tower with Radar,29,42,21,0,92,0,14,46,0,60,29,56,67,0,152,91,0,91,243
01/22/2023,FAR,ND,AGL,CE,Combined TRACON& Tower with Radar,32,18,15,0,65,0,2,32,0,34,32,20,47,0,99,89,0,89,188
01/23/2023,FAR,ND,AGL,CE,Combined TRACON& Tower with Radar,30,42,28,0,100,0,0,29,2,31,30,42,57,2,131,76,0,76,207
01/24/2023,FAR,ND,AGL,CE,Combined TRACON& Tower with Radar,37,74,36,0,147,0,1,6,0,7,37,75,42,0,154,30,0,30,184
01/25/2023,FAR,ND,AGL,CE,Combined TRACON& Tower with Radar,32,61,47,8,148,0,5,34,4,43,32,66,81,12,191,77,18,95,286
01/26/2023,FAR,ND,AGL,CE,Combined TRACON& Tower with Radar,38,81,45,8,172,0,3,12,2,17,38,84,57,10,189,72,0,72,261
01/27/2023,FAR,ND,AGL,CE,Combined TRACON& Tower with Radar,31,64,23,0,118,0,10,15,3,28,31,74,38,3,146,46,0,46,192
01/28/2023,FAR,ND,AGL,CE,Combined TRACON& Tower with Radar,29,41,19,0,89,0,47,26,0,73,29,88,45,0,162,133,0,133,295
01/29/2023,FAR,ND,AGL,CE,Combined TRACON& Tower with Radar,33,13,20,0,66,0,15,14,0,29,33,28,34,0,95,118,0,118,213
01/30/2023,FAR,ND,AGL,CE,Combined TRACON& Tower with Radar,30,56,34,2,122,0,35,20,0,55,30,91,54,2,177,120,0,120,297
01/31/2023,FAR,ND,AGL,CE,Combined TRACON& Tower with Radar,23,56,43,2,124,0,16,30,2,48,23,72,73,4,172,101,0,101,273
02/01/2023,FAR,ND,AGL,CE,Combined TRACON& Tower with Radar,23,48,54,0,125,0,17,34,0,51,23,65,88,0,176,30,0,30,206
02/02/2023,FAR,ND,AGL,CE,Combined TRACON& Tower with Radar,32,61,52,0,145,0,21,22,2,45,32,82,74,2,190,40,0,40,230
02/03/2023,FAR,ND,AGL,CE,Combined TRACON& Tower with Radar,36,47,27,2,112,0,8,15,3,26,36,55,42,5,138,16,0,16,154
02/04/2023,FAR,ND,AGL,CE,Combined TRACON& Tower with Radar,32,37,17,2,88,0,21,38,0,59,32,58,55,2,147,101,0,101,248
02/05/2023,FAR,ND,AGL,CE,Combined TRACON& Tower with Radar,37,19,22,1,79,0,0,10,0,10,37,19,32,1,89,79,0,79,168
02/06/2023,FAR,ND,AGL,CE,Combined TRACON& Tower with Radar,37,43,30,1,111,0,6,7,2,15,37,49,37,3,126,30,0,30,156
02/07/2023,FAR,ND,AGL,CE,Combined TRACON& Tower with Radar,40,76,39,0,155,0,17,57,0,74,40,93,96,0,229,200,0,200,429
02/08/2023,FAR,ND,AGL,CE,Combined TRACON& Tower with Radar,36,71,60,3,170,0,18,43,0,61,36,89,103,3,231,137,8,145,376
02/09/2023,FAR,ND,AGL,CE,Combined TRACON& Tower with Radar,44,58,37,6,145,0,7,8,9,24,44,65,45,15,169,16,0,16,185
02/10/2023,FAR,ND,AGL,CE,Combined TRACON& Tower with Radar,37,75,36,0,148,0,37,53,4,94,37,112,89,4,242,159,0,159,401
02/11/2023,FAR,ND,AGL,CE,Combined TRACON& Tower with Radar,36,46,32,0,114,0,21,48,2,71,36,67,80,2,185,37,0,37,222
02/12/2023,FAR,ND,AGL,CE,Combined TRACON& Tower with Radar,41,15,23,0,79,0,11,26,0,37,41,26,49,0,116,82,0,82,198
02/13/2023,FAR,ND,AGL,CE,Combined TRACON& Tower with Radar,36,47,32,0,115,0,19,46,0,65,36,66,78,0,180,121,0,121,301
02/14/2023,FAR,ND,AGL,CE,Combined TRACON& Tower with Radar,37,48,26,0,111,0,8,1,0,9,37,56,27,0,120,20,0,20,140
02/15/2023,FAR,ND,AGL,CE,Combined TRACON& Tower with Radar,42,46,16,5,109,0,18,12,2,32,42,64,28,7,141,37,10,47,188
02/16/2023,FAR,ND,AGL,CE,Combined TRACON& Tower with Radar,46,64,34,2,146,0,26,29,4,59,46,90,63,6,205,100,0,100,305
02/17/2023,FAR,ND,AGL,CE,Combined TRACON& Tower with Radar,40,65,36,0,141,0,26,22,2,50,40,91,58,2,191,67,0,67,258
02/18/2023,FAR,ND,AGL,CE,Combined TRACON& Tower with Radar,38,36,18,0,92,0,25,23,0,48,38,61,41,0,140,72,0,72,212
02/19/2023,FAR,ND,AGL,CE,Combined TRACON& Tower with Radar,39,17,28,0,84,0,19,19,0,38,39,36,47,0,122,56,0,56,178
02/20/2023,FAR,ND,AGL,CE,Combined TRACON& Tower with Radar,40,29,13,0,82,0,0,0,0,0,40,29,13,0,82,0,0,0,82
02/21/2023,FAR,ND,AGL,CE,Combined TRACON& Tower with Radar,33,69,27,0,129,0,0,13,0,13,33,69,40,0,142,15,0,15,157
02/22/2023,FAR,ND,AGL,CE,Combined TRACON& Tower with Radar,34,44,26,0,104,0,0,0,0,0,34,44,26,0,104,0,0,0,104
02/23/2023,FAR,ND,AGL,CE,Combined TRACON& Tower with Radar,37,43,17,0,97,0,0,0,0,0,37,43,17,0,97,0,0,0,97
02/24/2023,FAR,ND,AGL,CE,Combined TRACON& Tower with Radar,39,50,26,0,115,0,18,24,0,42,39,68,50,0,157,80,0,80,237
02/25/2023,FAR,ND,AGL,CE,Combined TRACON& Tower with Radar,38,50,40,0,128,0,35,36,0,71,38,85,76,0,199,78,0,78,277
02/26/2023,FAR,ND,AGL,CE,Combined TRACON& Tower with Radar,42,22,21,0,85,0,14,38,0,52,42,36,59,0,137,4,0,4,141
02/27/2023,FAR,ND,AGL,CE,Combined TRACON& Tower with Radar,39,36,37,0,112,0,2,18,0,20,39,38,55,0,132,12,0,12,144
02/28/2023,FAR,ND,AGL,CE,Combined TRACON& Tower with Radar,40,59,42,3,144,0,8,49,2,59,40,67,91,5,203,109,0,109,312
03/01/2023,FAR,ND,AGL,CE,Combined TRACON& Tower with Radar,41,35,7,0,83,0,5,1,0,6,41,40,8,0,89,4,0,4,93
03/02/2023,FAR,ND,AGL,CE,Combined TRACON& Tower with Radar,44,56,36,3,139,0,0,1,6,7,44,56,37,9,146,1,0,1,147
03/03/2023,FAR,ND,AGL,CE,Combined TRACON& Tower with Radar,40,52,22,0,114,0,18,53,0,71,40,70,75,0,185,202,0,202,387
03/04/2023,FAR,ND,AGL,CE,Combined TRACON& Tower with Radar,37,52,33,2,124,0,26,54,0,80,37,78,87,2,204,154,0,154,358
03/05/2023,FAR,ND,AGL,CE,Combined TRACON& Tower with Radar,39,12,13,0,64,0,2,4,0,6,39,14,17,0,70,38,0,38,108
03/06/2023,FAR,ND,AGL,CE,Combined TRACON& Tower with Radar,39,70,26,0,135,0,20,15,0,35,39,90,41,0,170,53,0,53,223
03/07/2023,FAR,ND,AGL,CE,Combined TRACON& Tower with Radar,42,53,39,7,141,0,5,49,0,54,42,58,88,7,195,42,10,52,247
03/08/2023,FAR,ND,AGL,CE,Combined TRACON& Tower with Radar,41,59,34,0,134,0,0,0,0,0,41,59,34,0,134,0,0,0,134
03/09/2023,FAR,ND,AGL,CE,Combined TRACON& Tower with Radar,47,54,29,0,130,0,0,2,0,2,47,54,31,0,132,0,0,0,132
03/10/2023,FAR,ND,AGL,CE,Combined TRACON& Tower with Radar,38,62,37,2,139,0,3,13,2,18,38,65,50,4,157,20,0,20,177
03/11/2023,FAR,ND,AGL,CE,Combined TRACON& Tower with Radar,23,8,13,0,44,0,0,0,0,0,23,8,13,0,44,0,0,0,44
03/12/2023,FAR,ND,AGL,CE,Combined TRACON& Tower with Radar,42,20,26,0,88,0,2,0,0,2,42,22,26,0,90,0,0,0,90
03/13/2023,FAR,ND,AGL,CE,Combined TRACON& Tower with Radar,40,37,38,2,117,0,29,58,2,89,40,66,96,4,206,126,0,126,332
03/14/2023,FAR,ND,AGL,CE,Combined TRACON& Tower with Radar,42,43,38,0,123,0,7,10,2,19,42,50,48,2,142,6,0,6,148
03/15/2023,FAR,ND,AGL,CE,Combined TRACON& Tower with Radar,43,60,45,0,148,0,4,32,0,36,43,64,77,0,184,41,34,75,259
03/16/2023,FAR,ND,AGL,CE,Combined TRACON& Tower with Radar,44,54,50,7,155,0,0,4,5,9,44,54,54,12,164,10,6,16,180
03/17/2023,FAR,ND,AGL,CE,Combined TRACON& Tower with Radar,39,40,27,0,106,0,0,3,0,3,39,40,30,0,109,0,0,0,109
03/18/2023,FAR,ND,AGL,CE,Combined TRACON& Tower with Radar,39,45,21,0,105,0,17,9,0,26,39,62,30,0,131,33,0,33,164
03/19/2023,FAR,ND,AGL,CE,Combined TRACON& Tower with Radar,42,25,31,0,98,0,10,38,0,48,42,35,69,0,146,42,0,42,188
03/20/2023,FAR,ND,AGL,CE,Combined TRACON& Tower with Radar,39,42,33,0,114,0,28,48,2,78,39,70,81,2,192,119,36,155,347
03/21/2023,FAR,ND,AGL,CE,Combined TRACON& Tower with Radar,39,67,27,0,133,1,4,17,2,24,40,71,44,2,157,36,39,75,232
03/22/2023,FAR,ND,AGL,CE,Combined TRACON& Tower with Radar,42,59,38,2,141,0,8,11,0,19,42,67,49,2,160,14,0,14,174
03/23/2023,FAR,ND,AGL,CE,Combined TRACON& Tower with Radar,47,68,74,1,190,0,7,31,7,45,47,75,105,8,235,47,10,57,292
03/24/2023,FAR,ND,AGL,CE,Combined TRACON& Tower with Radar,42,43,39,0,124,0,8,30,2,40,42,51,69,2,164,43,0,43,207
03/25/2023,FAR,ND,AGL,CE,Combined TRACON& Tower with Radar,36,28,19,0,83,0,20,25,0,45,36,48,44,0,128,52,0,52,180
03/26/2023,FAR,ND,AGL,CE,Combined TRACON& Tower with Radar,43,25,28,4,100,0,20,50,0,70,43,45,78,4,170,126,0,126,296
03/27/2023,FAR,ND,AGL,CE,Combined TRACON& Tower with Radar,37,47,48,0,132,0,25,16,0,41,37,72,64,0,173,61,0,61,234
03/28/2023,FAR,ND,AGL,CE,Combined TRACON& Tower with Radar,44,66,33,0,143,0,37,16,0,53,44,103,49,0,196,71,0,71,267
03/29/2023,FAR,ND,AGL,CE,Combined TRACON& Tower with Radar,44,60,45,0,149,0,37,65,4,106,44,97,110,4,255,131,4,135,390
03/30/2023,FAR,ND,AGL,CE,Combined TRACON& Tower with Radar,48,46,33,2,129,0,5,31,8,44,48,51,64,10,173,58,6,64,237
03/31/2023,FAR,ND,AGL,CE,Combined TRACON& Tower with Radar,46,40,32,0,118,0,9,4,0,13,46,49,36,0,131,24,22,46,177
04/01/2023,FAR,ND,AGL,CE,Combined TRACON& Tower with Radar,37,46,29,0,112,0,25,70,2,97,37,71,99,2,209,108,0,108,317
04/02/2023,FAR,ND,AGL,CE,Combined TRACON& Tower with Radar,36,7,21,0,64,0,0,27,4,31,36,7,48,4,95,64,0,64,159
04/03/2023,FAR,ND,AGL,CE,Combined TRACON& Tower with Radar,37,39,37,0,113,0,0,0,0,0,37,39,37,0,113,0,0,0,113
04/04/2023,FAR,ND,AGL,CE,Combined TRACON& Tower with Radar,22,30,17,0,69,0,0,0,0,0,22,30,17,0,69,0,0,0,69
04/05/2023,FAR,ND,AGL,CE,Combined TRACON& Tower with Radar,28,19,9,0,56,0,0,0,0,0,28,19,9,0,56,0,0,0,56
04/06/2023,FAR,ND,AGL,CE,Combined TRACON& Tower with Radar,42,53,50,0,145,0,6,53,4,63,42,59,103,4,208,53,6,59,267
04/07/2023,FAR,ND,AGL,CE,Combined TRACON& Tower with Radar,39,47,40,0,126,0,2,38,0,40,39,49,78,0,166,35,0,35,201
04/08/2023,FAR,ND,AGL,CE,Combined TRACON& Tower with Radar,35,40,32,0,107,0,12,37,0,49,35,52,69,0,156,79,0,79,235
04/09/2023,FAR,ND,AGL,CE,Combined TRACON& Tower with Radar,36,9,16,0,61,0,0,16,0,16,36,9,32,0,77,10,0,10,87
04/10/2023,FAR,ND,AGL,CE,Combined TRACON& Tower with Radar,38,55,48,0,141,0,39,44,0,83,38,94,92,0,224,74,0,74,298
04/11/2023,FAR,ND,AGL,CE,Combined TRACON& Tower with Radar,42,87,59,0,188,0,42,59,10,111,42,129,118,10,299,58,5,63,362
04/12/2023,FAR,ND,AGL,CE,Combined TRACON& Tower with Radar,40,66,61,2,169,0,52,77,4,133,40,118,138,6,302,117,6,123,425
04/13/2023,FAR,ND,AGL,CE,Combined TRACON& Tower with Radar,44,57,49,1,151,0,23,59,7,89,44,80,108,8,240,62,9,71,311
04/14/2023,FAR,ND,AGL,CE,Combined TRACON& Tower with Radar,38,56,47,0,141,0,0,2,0,2,38,56,49,0,143,0,0,0,143
04/15/2023,FAR,ND,AGL,CE,Combined TRACON& Tower with Radar,36,31,22,1,90,0,0,0,1,1,36,31,22,2,91,0,0,0,91
04/16/2023,FAR,ND,AGL,CE,Combined TRACON& Tower with Radar,38,7,17,1,63,0,5,4,1,10,38,12,21,2,73,6,0,6,79
04/17/2023,FAR,ND,AGL,CE,Combined TRACON& Tower with Radar,38,47,38,1,124,0,10,47,0,57,38,57,85,1,181,85,0,85,266
04/18/2023,FAR,ND,AGL,CE,Combined TRACON& Tower with Radar,42,66,33,3,144,0,29,55,5,89,42,95,88,8,233,54,6,60,293
04/19/2023,FAR,ND,AGL,CE,Combined TRACON& Tower with Radar,41,48,45,5,139,0,2,9,0,11,41,50,54,5,150,0,8,8,158
04/20/2023,FAR,ND,AGL,CE,Combined TRACON& Tower with Radar,44,59,33,3,139,0,0,0,0,0,44,59,33,3,139,0,0,0,139
04/21/2023,FAR,ND,AGL,CE,Combined TRACON& Tower with Radar,38,53,31,0,122,0,0,0,0,0,38,53,31,0,122,0,0,0,122
04/22/2023,FAR,ND,AGL,CE,Combined TRACON& Tower with Radar,39,29,11,0,79,0,3,25,4,32,39,32,36,4,111,37,0,37,148
04/23/2023,FAR,ND,AGL,CE,Combined TRACON& Tower with Radar,37,15,29,0,81,0,9,63,0,72,37,24,92,0,153,116,0,116,269
04/24/2023,FAR,ND,AGL,CE,Combined TRACON& Tower with Radar,37,45,32,2,116,0,37,49,4,90,37,82,81,6,206,92,10,102,308
04/25/2023,FAR,ND,AGL,CE,Combined TRACON& Tower with Radar,41,65,50,4,160,0,25,75,4,104,41,90,125,8,264,197,28,225,489
04/26/2023,FAR,ND,AGL,CE,Combined TRACON& Tower with Radar,39,58,62,0,159,0,10,30,4,44,39,68,92,4,203,2,15,17,220
04/27/2023,FAR,ND,AGL,CE,Combined TRACON& Tower with Radar,43,55,62,0,160,0,0,18,4,22,43,55,80,4,182,53,19,72,254
04/28/2023,FAR,ND,AGL,CE,Combined TRACON& Tower with Radar,39,50,38,0,127,0,13,32,6,51,39,63,70,6,178,110,0,110,288
04/29/2023,FAR,ND,AGL,CE,Combined TRACON& Tower with Radar,36,28,25,0,89,0,3,18,0,21,36,31,43,0,110,19,0,19,129
04/30/2023,FAR,ND,AGL,CE,Combined TRACON& Tower with Radar,39,16,20,0,75,0,1,18,0,19,39,17,38,0,94,12,0,12,106
05/01/2023,FAR,ND,AGL,CE,Combined TRACON& Tower with Radar,37,43,39,0,119,0,10,16,0,26,37,53,55,0,145,44,0,44,189
05/02/2023,FAR,ND,AGL,CE,Combined TRACON& Tower with Radar,43,72,31,0,146,0,23,57,4,84,43,95,88,4,230,92,7,99,329
05/03/2023,FAR,ND,AGL,CE,Combined TRACON& Tower with Radar,41,57,67,2,167,0,6,69,5,80,41,63,136,7,247,129,4,133,380
05/04/2023,FAR,ND,AGL,CE,Combined TRACON& Tower with Radar,40,78,53,0,171,0,32,76,2,110,40,110,129,2,281,90,20,110,391
05/05/2023,FAR,ND,AGL,CE,Combined TRACON& Tower with Radar,35,75,39,0,149,0,35,42,4,81,35,110,81,4,230,121,12,133,363
05/06/2023,FAR,ND,AGL,CE,Combined TRACON& Tower with Radar,40,37,14,0,91,0,0,5,0,5,40,37,19,0,96,39,0,39,135
05/07/2023,FAR,ND,AGL,CE,Combined TRACON& Tower with Radar,38,28,24,0,90,0,0,0,0,0,38,28,24,0,90,0,0,0,90
05/08/2023,FAR,ND,AGL,CE,Combined TRACON& Tower with Radar,37,65,39,1,142,0,2,14,0,16,37,67,53,1,158,63,0,63,221
05/09/2023,FAR,ND,AGL,CE,Combined TRACON& Tower with Radar,42,51,43,2,138,0,4,36,4,44,42,55,79,6,182,48,12,60,242
05/10/2023,FAR,ND,AGL,CE,Combined TRACON& Tower with Radar,39,76,54,10,179,0,28,64,2,94,39,104,118,12,273,89,30,119,392
05/11/2023,FAR,ND,AGL,CE,Combined TRACON& Tower with Radar,46,67,61,4,178,0,12,56,2,70,46,79,117,6,248,191,34,225,473
05/12/2023,FAR,ND,AGL,CE,Combined TRACON& Tower with Radar,38,54,56,1,149,0,12,35,2,49,38,66,91,3,198,72,4,76,274
05/13/2023,FAR,ND,AGL,CE,Combined TRACON& Tower with Radar,40,44,20,2,106,0,6,9,1,16,40,50,29,3,122,32,0,32,154
05/14/2023,FAR,ND,AGL,CE,Combined TRACON& Tower with Radar,38,22,24,0,84,0,6,65,1,72,38,28,89,1,156,86,0,86,242
05/15/2023,FAR,ND,AGL,CE,Combined TRACON& Tower with Radar,37,43,52,0,132,0,22,66,2,90,37,65,118,2,222,163,0,163,385
05/16/2023,FAR,ND,AGL,CE,Combined TRACON& Tower with Radar,44,50,41,1,136,0,14,58,7,79,44,64,99,8,215,126,0,126,341
05/17/2023,FAR,ND,AGL,CE,Combined TRACON& Tower with Radar,39,66,54,1,160,0,2,54,6,62,39,68,108,7,222,171,4,175,397
05/18/2023,FAR,ND,AGL,CE,Combined TRACON& Tower with Radar,43,68,56,4,171,0,0,24,8,32,43,68,80,12,203,22,0,22,225
05/19/2023,FAR,ND,AGL,CE,Combined TRACON& Tower with Radar,36,58,63,0,157,0,12,22,4,38,36,70,85,4,195,34,4,38,233
05/20/2023,FAR,ND,AGL,CE,Combined TRACON& Tower with Radar,37,34,28,2,101,0,12,38,5,55,37,46,66,7,156,37,4,41,197
05/21/2023,FAR,ND,AGL,CE,Combined TRACON& Tower with Radar,38,14,20,0,72,0,20,30,4,54,38,34,50,4,126,55,6,61,187
05/22/2023,FAR,ND,AGL,CE,Combined TRACON& Tower with Radar,35,55,35,0,125,0,10,49,2,61,35,65,84,2,186,90,0,90,276
05/23/2023,FAR,ND,AGL,CE,Combined TRACON& Tower with Radar,44,48,47,5,144,0,3,29,3,35,44,51,76,8,179,110,15,125,304
05/24/2023,FAR,ND,AGL,CE,Combined TRACON& Tower with Radar,38,70,67,2,177,0,38,42,2,82,38,108,109,4,259,118,0,118,377
05/25/2023,FAR,ND,AGL,CE,Combined TRACON& Tower with Radar,42,61,74,0,177,0,6,33,2,41,42,67,107,2,218,1,0,1,219
05/26/2023,FAR,ND,AGL,CE,Combined TRACON& Tower with Radar,37,66,54,0,157,0,9,41,1,51,37,75,95,1,208,38,0,38,246
05/27/2023,FAR,ND,AGL,CE,Combined TRACON& Tower with Radar,35,28,13,0,76,0,3,18,0,21,35,31,31,0,97,28,0,28,125
05/28/2023,FAR,ND,AGL,CE,Combined TRACON& Tower with Radar,35,19,14,0,68,0,6,22,0,28,35,25,36,0,96,26,0,26,122
05/29/2023,FAR,ND,AGL,CE,Combined TRACON& Tower with Radar,32,13,23,0,68,0,1,25,0,26,32,14,48,0,94,22,0,22,116
05/30/2023,FAR,ND,AGL,CE,Combined TRACON& Tower with Radar,37,56,44,0,137,0,4,63,4,71,37,60,107,4,208,117,0,117,325
05/31/2023,FAR,ND,AGL,CE,Combined TRACON& Tower with Radar,38,55,41,0,134,0,5,36,4,45,38,60,77,4,179,60,28,88,267
06/01/2023,FAR,ND,AGL,CE,Combined TRACON& Tower with Radar,40,81,54,0,175,0,16,38,4,58,40,97,92,4,233,167,8,175,408
06/02/2023,FAR,ND,AGL,CE,Combined TRACON& Tower with Radar,32,68,41,0,141,0,4,38,6,48,32,72,79,6,189,59,2,61,250
06/03/2023,FAR,ND,AGL,CE,Combined TRACON& Tower with Radar,31,49,24,0,104,0,6,30,0,36,31,55,54,0,140,38,0,38,178
06/04/2023,FAR,ND,AGL,CE,Combined TRACON& Tower with Radar,34,13,32,0,79,0,2,23,0,25,34,15,55,0,104,51,0,51,155
06/05/2023,FAR,ND,AGL,CE,Combined TRACON& Tower with Radar,30,45,44,4,123,0,8,44,0,52,30,53,88,4,175,75,0,75,250
06/06/2023,FAR,ND,AGL,CE,Combined TRACON& Tower with Radar,41,69,65,0,175,0,16,46,4,66,41,85,111,4,241,87,2,89,330
06/07/2023,FAR,ND,AGL,CE,Combined TRACON& Tower with Radar,35,55,47,2,139,0,12,30,4,46,35,67,77,6,185,34,0,34,219
06/08/2023,FAR,ND,AGL,CE,Combined TRACON& Tower with Radar,41,83,73,2,199,0,4,53,6,63,41,87,126,8,262,59,0,59,321
06/09/2023,FAR,ND,AGL,CE,Combined TRACON& Tower with Radar,34,67,35,0,136,0,0,23,6,29,34,67,58,6,165,6,8,14,179
06/10/2023,FAR,ND,AGL,CE,Combined TRACON& Tower with Radar,31,41,19,0,91,0,0,6,3,9,31,41,25,3,100,14,0,14,114
06/11/2023,FAR,ND,AGL,CE,Combined TRACON& Tower with Radar,34,14,28,0,76,0,0,39,5,44,34,14,67,5,120,52,4,56,176
06/12/2023,FAR,ND,AGL,CE,Combined TRACON& Tower with Radar,30,46,43,0,119,0,2,47,0,49,30,48,90,0,168,65,0,65,233
06/13/2023,FAR,ND,AGL,CE,Combined TRACON& Tower with Radar,39,81,57,0,177,0,41,60,6,107,39,122,117,6,284,78,0,78,362
06/14/2023,FAR,ND,AGL,CE,Combined TRACON& Tower with Radar,34,83,43,4,164,0,0,9,4,13,34,83,52,8,177,40,4,44,221
06/15/2023,FAR,ND,AGL,CE,Combined TRACON& Tower with Radar,37,94,69,0,200,0,16,66,8,90,37,110,135,8,290,80,0,80,370
06/16/2023,FAR,ND,AGL,CE,Combined TRACON& Tower with Radar,33,73,42,0,148,0,14,81,2,97,33,87,123,2,245,102,6,108,353
06/17/2023,FAR,ND,AGL,CE,Combined TRACON& Tower with Radar,33,41,28,0,102,0,3,12,0,15,33,44,40,0,117,30,0,30,147
06/18/2023,FAR,ND,AGL,CE,Combined TRACON& Tower with Radar,33,11,34,0,78,0,0,27,0,27,33,11,61,0,105,6,0,6,111
06/19/2023,FAR,ND,AGL,CE,Combined TRACON& Tower with Radar,31,51,52,4,138,0,21,29,0,50,31,72,81,4,188,36,0,36,224
06/20/2023,FAR,ND,AGL,CE,Combined TRACON& Tower with Radar,41,48,43,0,132,0,31,38,4,73,41,79,81,4,205,55,0,55,260
06/21/2023,FAR,ND,AGL,CE,Combined TRACON& Tower with Radar,32,60,69,2,163,0,2,48,0,50,32,62,117,2,213,51,28,79,292
06/22/2023,FAR,ND,AGL,CE,Combined TRACON& Tower with Radar,37,63,66,2,168,0,2,29,6,37,37,65,95,8,205,86,4,90,295
06/23/2023,FAR,ND,AGL,CE,Combined TRACON& Tower with Radar,33,59,26,0,118,0,3,17,0,20,33,62,43,0,138,30,0,30,168
06/24/2023,FAR,ND,AGL,CE,Combined TRACON& Tower with Radar,31,20,21,0,72,0,0,1,0,1,31,20,22,0,73,0,0,0,73
06/25/2023,FAR,ND,AGL,CE,Combined TRACON& Tower with Radar,33,21,17,0,71,0,1,7,0,8,33,22,24,0,79,4,0,4,83
06/26/2023,FAR,ND,AGL,CE,Combined TRACON& Tower with Radar,32,61,55,0,148,0,11,85,0,96,32,72,140,0,244,79,0,79,323
06/27/2023,FAR,ND,AGL,CE,Combined TRACON& Tower with Radar,38,91,49,0,178,0,17,45,10,72,38,108,94,10,250,100,6,106,356
06/28/2023,FAR,ND,AGL,CE,Combined TRACON& Tower with Radar,36,75,73,2,186,0,4,35,5,44,36,79,108,7,230,42,8,50,280
06/29/2023,FAR,ND,AGL,CE,Combined TRACON& Tower with Radar,34,95,35,4,168,0,27,83,14,124,34,122,118,18,292,106,4,110,402
06/30/2023,FAR,ND,AGL,CE,Combined TRACON& Tower with Radar,35,98,38,1,172,0,19,61,3,83,35,117,99,4,255,56,0,56,311
07/01/2023,FAR,ND,AGL,CE,Combined TRACON& Tower with Radar,31,19,19,0,69,0,0,25,0,25,31,19,44,0,94,22,0,22,116
07/02/2023,FAR,ND,AGL,CE,Combined TRACON& Tower with Radar,31,10,19,0,60,0,0,24,0,24,31,10,43,0,84,18,0,18,102
07/03/2023,FAR,ND,AGL,CE,Combined TRACON& Tower with Radar,29,29,10,0,68,0,0,28,0,28,29,29,38,0,96,32,0,32,128
07/04/2023,FAR,ND,AGL,CE,Combined TRACON& Tower with Radar,27,7,5,0,39,0,3,14,0,17,27,10,19,0,56,6,0,6,62
07/05/2023,FAR,ND,AGL,CE,Combined TRACON& Tower with Radar,36,54,37,0,127,0,2,40,0,42,36,56,77,0,169,57,0,57,226
07/06/2023,FAR,ND,AGL,CE,Combined TRACON& Tower with Radar,39,75,61,3,178,0,6,43,5,54,39,81,104,8,232,100,0,100,332
07/07/2023,FAR,ND,AGL,CE,Combined TRACON& Tower with Radar,35,76,19,0,130,0,7,28,4,39,35,83,47,4,169,18,2,20,189
07/08/2023,FAR,ND,AGL,CE,Combined TRACON& Tower with Radar,33,42,33,2,110,0,5,31,0,36,33,47,64,2,146,23,0,23,169
07/09/2023,FAR,ND,AGL,CE,Combined TRACON& Tower with Radar,35,8,31,0,74,0,0,29,0,29,35,8,60,0,103,26,0,26,129
07/10/2023,FAR,ND,AGL,CE,Combined TRACON& Tower with Radar,35,64,31,0,130,0,14,57,0,71,35,78,88,0,201,55,0,55,256
07/11/2023,FAR,ND,AGL,CE,Combined TRACON& Tower with Radar,41,89,48,1,179,0,30,48,5,83,41,119,96,6,262,166,0,166,428
07/12/2023,FAR,ND,AGL,CE,Combined TRACON& Tower with Radar,39,66,65,1,171,0,15,47,3,65,39,81,112,4,236,154,6,160,396
07/13/2023,FAR,ND,AGL,CE,Combined TRACON& Tower with Radar,44,70,41,1,156,0,4,59,9,72,44,74,100,10,228,74,4,78,306
07/14/2023,FAR,ND,AGL,CE,Combined TRACON& Tower with Radar,40,51,34,1,126,0,7,65,5,77,40,58,99,6,203,99,0,99,302
07/15/2023,FAR,ND,AGL,CE,Combined TRACON& Tower with Radar,36,44,26,2,108,0,10,36,4,50,36,54,62,6,158,42,0,42,200
07/16/2023,FAR,ND,AGL,CE,Combined TRACON& Tower with Radar,37,11,26,0,74,0,4,27,0,31,37,15,53,0,105,18,0,18,123
07/17/2023,FAR,ND,AGL,CE,Combined TRACON& Tower with Radar,35,41,57,0,133,0,4,52,0,56,35,45,109,0,189,112,0,112,301
07/18/2023,FAR,ND,AGL,CE,Combined TRACON& Tower with Radar,42,60,63,0,165,0,5,46,2,53,42,65,109,2,218,65,34,99,317
07/19/2023,FAR,ND,AGL,CE,Combined TRACON& Tower with Radar,42,69,75,2,188,0,27,36,2,65,42,96,111,4,253,107,19,126,379
07/20/2023,FAR,ND,AGL,CE,Combined TRACON& Tower with Radar,41,80,62,3,186,0,17,51,9,77,41,97,113,12,263,68,2,70,333
07/21/2023,FAR,ND,AGL,CE,Combined TRACON& Tower with Radar,37,65,48,3,153,0,23,69,3,95,37,88,117,6,248,82,2,84,332
07/22/2023,FAR,ND,AGL,CE,Combined TRACON& Tower with Radar,38,31,35,0,104,0,16,31,0,47,38,47,66,0,151,44,0,44,195
07/23/2023,FAR,ND,AGL,CE,Combined TRACON& Tower with Radar,35,12,44,2,93,0,0,40,0,40,35,12,84,2,133,27,0,27,160
07/24/2023,FAR,ND,AGL,CE,Combined TRACON& Tower with Radar,36,31,42,0,109,0,18,49,0,67,36,49,91,0,176,139,0,139,315
07/25/2023,FAR,ND,AGL,CE,Combined TRACON& Tower with Radar,43,59,53,2,157,0,6,35,4,45,43,65,88,6,202,87,0,87,289
07/26/2023,FAR,ND,AGL,CE,Combined TRACON& Tower with Radar,37,49,66,6,158,0,12,51,4,67,37,61,117,10,225,120,4,124,349
07/27/2023,FAR,ND,AGL,CE,Combined TRACON& Tower with Radar,43,62,54,0,159,0,8,54,12,74,43,70,108,12,233,56,16,72,305
07/28/2023,FAR,ND,AGL,CE,Combined TRACON& Tower with Radar,36,60,41,2,139,0,7,33,0,40,36,67,74,2,179,68,8,76,255
07/29/2023,FAR,ND,AGL,CE,Combined TRACON& Tower with Radar,40,25,18,0,83,0,6,32,0,38,40,31,50,0,121,24,0,24,145
07/30/2023,FAR,ND,AGL,CE,Combined TRACON& Tower with Radar,37,9,36,0,82,0,3,34,0,37,37,12,70,0,119,32,0,32,151
07/31/2023,FAR,ND,AGL,CE,Combined TRACON& Tower with Radar,34,33,59,0,126,0,5,60,2,67,34,38,119,2,193,116,0,116,309
08/01/2023,FAR,ND,AGL,CE,Combined TRACON& Tower with Radar,38,31,44,1,114,0,13,36,2,51,38,44,80,3,165,90,10,100,265
08/02/2023,FAR,ND,AGL,CE,Combined TRACON& Tower with Radar,43,63,60,0,166,0,17,65,4,86,43,80,125,4,252,118,2,120,372
08/03/2023,FAR,ND,AGL,CE,Combined TRACON& Tower with Radar,42,58,63,0,163,0,11,51,14,76,42,69,114,14,239,57,0,57,296
08/04/2023,FAR,ND,AGL,CE,Combined TRACON& Tower with Radar,38,53,48,0,139,0,8,40,4,52,38,61,88,4,191,44,14,58,249
08/05/2023,FAR,ND,AGL,CE,Combined TRACON& Tower with Radar,35,23,28,0,86,0,4,16,2,22,35,27,44,2,108,4,0,4,112
08/06/2023,FAR,ND,AGL,CE,Combined TRACON& Tower with Radar,36,18,45,0,99,0,2,18,2,22,36,20,63,2,121,19,0,19,140
08/07/2023,FAR,ND,AGL,CE,Combined TRACON& Tower with Radar,35,40,67,3,145,0,16,58,7,81,35,56,125,10,226,146,0,146,372
08/08/2023,FAR,ND,AGL,CE,Combined TRACON& Tower with Radar,42,56,53,2,153,0,6,47,4,57,42,62,100,6,210,138,0,138,348
08/09/2023,FAR,ND,AGL,CE,Combined TRACON& Tower with Radar,38,49,66,0,153,0,18,63,2,83,38,67,129,2,236,133,1,134,370
08/10/2023,FAR,ND,AGL,CE,Combined TRACON& Tower with Radar,41,58,53,3,155,0,5,30,3,38,41,63,83,6,193,115,16,131,324
08/11/2023,FAR,ND,AGL,CE,Combined TRACON& Tower with Radar,41,62,55,2,160,0,2,31,1,34,41,64,86,3,194,59,24,83,277
08/12/2023,FAR,ND,AGL,CE,Combined TRACON& Tower with Radar,37,49,29,0,115,0,7,23,1,31,37,56,52,1,146,58,0,58,204
08/13/2023,FAR,ND,AGL,CE,Combined TRACON& Tower with Radar,39,7,26,0,72,0,0,3,0,3,39,7,29,0,75,2,0,2,77
08/14/2023,FAR,ND,AGL,CE,Combined TRACON& Tower with Radar,36,59,36,2,133,0,53,55,4,112,36,112,91,6,245,201,2,203,448
08/15/2023,FAR,ND,AGL,CE,Combined TRACON& Tower with Radar,47,67,54,0,168,0,15,64,2,81,47,82,118,2,249,115,2,117,366
08/16/2023,FAR,ND,AGL,CE,Combined TRACON& Tower with Radar,38,59,50,2,149,0,1,49,6,56,38,60,99,8,205,109,0,109,314
08/17/2023,FAR,ND,AGL,CE,Combined TRACON& Tower with Radar,44,81,77,0,202,0,18,66,12,96,44,99,143,12,298,150,5,155,453
08/18/2023,FAR,ND,AGL,CE,Combined TRACON& Tower with Radar,37,46,38,0,121,0,8,26,2,36,37,54,64,2,157,12,0,12,169
08/19/2023,FAR,ND,AGL,CE,Combined TRACON& Tower with Radar,33,55,28,0,116,0,7,28,6,41,33,62,56,6,157,50,26,76,233
08/20/2023,FAR,ND,AGL,CE,Combined TRACON& Tower with Radar,38,30,37,0,105,0,1,33,6,40,38,31,70,6,145,52,0,52,197
08/21/2023,FAR,ND,AGL,CE,Combined TRACON& Tower with Radar,37,42,48,2,129,0,24,52,0,76,37,66,100,2,205,125,0,125,330
08/22/2023,FAR,ND,AGL,CE,Combined TRACON& Tower with Radar,44,50,78,0,172,0,5,17,2,24,44,55,95,2,196,122,22,144,340
08/23/2023,FAR,ND,AGL,CE,Combined TRACON& Tower with Radar,42,61,58,0,161,0,0,21,0,21,42,61,79,0,182,93,0,93,275
08/24/2023,FAR,ND,AGL,CE,Combined TRACON& Tower with Radar,46,61,92,1,200,0,8,22,13,43,46,69,114,14,243,130,0,130,373
08/25/2023,FAR,ND,AGL,CE,Combined TRACON& Tower with Radar,40,65,37,5,147,0,19,38,3,60,40,84,75,8,207,113,12,125,332
08/26/2023,FAR,ND,AGL,CE,Combined TRACON& Tower with Radar,36,36,31,0,103,0,6,40,0,46,36,42,71,0,149,151,0,151,300
08/27/2023,FAR,ND,AGL,CE,Combined TRACON& Tower with Radar,39,16,22,0,77,0,3,24,0,27,39,19,46,0,104,69,0,69,173
08/28/2023,FAR,ND,AGL,CE,Combined TRACON& Tower with Radar,33,42,39,0,114,0,16,51,0,67,33,58,90,0,181,178,0,178,359
08/29/2023,FAR,ND,AGL,CE,Combined TRACON& Tower with Radar,49,58,58,3,168,0,16,44,2,62,49,74,102,5,230,76,2,78,308
08/30/2023,FAR,ND,AGL,CE,Combined TRACON& Tower with Radar,43,66,49,4,162,0,13,47,5,65,43,79,96,9,227,107,10,117,344
08/31/2023,FAR,ND,AGL,CE,Combined TRACON& Tower with Radar,42,49,59,2,152,0,8,17,6,31,42,57,76,8,183,14,0,14,197
