01/01/2000,FAT,CA,AWP,WE,Towers with Radar,20,58,39,1,118,2,17,41,0,60,22,75,80,1,178,366,0,366,544
01/02/2000,FAT,CA,AWP,WE,Towers with Radar,38,98,37,19,192,0,17,107,2,126,38,115,144,21,318,140,0,140,458
01/03/2000,FAT,CA,AWP,WE,Towers with Radar,33,91,62,13,199,7,39,81,12,139,40,130,143,25,338,462,16,478,816
01/04/2000,FAT,CA,AWP,WE,Towers with Radar,31,86,58,14,189,9,38,135,12,194,40,124,193,26,383,432,12,444,827
01/05/2000,FAT,CA,AWP,WE,Towers with Radar,46,116,84,20,266,6,0,35,41,82,52,116,119,61,348,216,24,240,588
01/06/2000,FAT,CA,AWP,WE,Towers with Radar,38,125,64,20,247,1,19,90,6,116,39,144,154,26,363,328,0,328,691
01/07/2000,FAT,CA,AWP,WE,Towers with Radar,39,116,78,16,249,0,0,80,0,80,39,116,158,16,329,80,0,80,409
01/08/2000,FAT,CA,AWP,WE,Towers with Radar,29,93,64,12,198,0,0,30,0,30,29,93,94,12,228,80,0,80,308
01/09/2000,FAT,CA,AWP,WE,Towers with Radar,33,94,77,12,216,0,0,38,0,38,33,94,115,12,254,128,10,138,392
01/10/2000,FAT,CA,AWP,WE,Towers with Radar,37,119,85,7,248,0,0,92,0,92,37,119,177,7,340,72,0,72,412
01/11/2000,FAT,CA,AWP,WE,Towers with Radar,37,117,86,20,260,0,0,96,25,121,37,117,182,45,381,376,42,418,799
01/12/2000,FAT,CA,AWP,WE,Towers with Radar,35,101,67,5,208,5,30,109,0,144,40,131,176,5,352,390,0,390,742
01/13/2000,FAT,CA,AWP,WE,Towers with Radar,36,120,63,15,234,1,19,142,3,165,37,139,205,18,399,368,4,372,771
01/14/2000,FAT,CA,AWP,WE,Towers with Radar,34,99,52,10,195,1,21,204,4,230,35,120,256,14,425,430,10,440,865
01/15/2000,FAT,CA,AWP,WE,Towers with Radar,25,89,18,11,143,1,5,84,0,90,26,94,102,11,233,186,0,186,419
01/16/2000,FAT,CA,AWP,WE,Towers with Radar,25,73,49,6,153,3,13,30,0,46,28,86,79,6,199,334,14,348,547
01/17/2000,FAT,CA,AWP,WE,Towers with Radar,43,98,111,7,259,1,2,8,0,11,44,100,119,7,270,92,0,92,362
01/18/2000,FAT,CA,AWP,WE,Towers with Radar,38,128,83,8,257,0,13,85,0,98,38,141,168,8,355,114,0,114,469
01/19/2000,FAT,CA,AWP,WE,Towers with Radar,40,100,64,9,213,1,23,170,0,194,41,123,234,9,407,576,16,592,999
01/20/2000,FAT,CA,AWP,WE,Towers with Radar,37,118,113,9,277,1,1,11,0,13,38,119,124,9,290,110,0,110,400
01/21/2000,FAT,CA,AWP,WE,Towers with Radar,35,110,39,9,193,1,22,188,4,215,36,132,227,13,408,232,8,240,648
01/22/2000,FAT,CA,AWP,WE,Towers with Radar,33,95,23,8,159,0,11,118,0,129,33,106,141,8,288,170,0,170,458
01/23/2000,FAT,CA,AWP,WE,Towers with Radar,27,80,53,7,167,0,1,24,0,25,27,81,77,7,192,56,4,60,252
01/24/2000,FAT,CA,AWP,WE,Towers with Radar,36,103,68,15,222,0,1,73,4,78,36,104,141,19,300,404,16,420,720
01/25/2000,FAT,CA,AWP,WE,Towers with Radar,37,107,79,39,262,0,8,73,7,88,37,115,152,46,350,308,14,322,672
01/26/2000,FAT,CA,AWP,WE,Towers with Radar,43,127,83,24,277,0,5,61,5,71,43,132,144,29,348,452,2,454,802
01/27/2000,FAT,CA,AWP,WE,Towers with Radar,45,125,91,29,290,0,7,110,4,121,45,132,201,33,411,580,18,598,1009
01/28/2000,FAT,CA,AWP,WE,Towers with Radar,39,117,57,19,232,0,11,141,3,155,39,128,198,22,387,378,10,388,775
01/29/2000,FAT,CA,AWP,WE,Towers with Radar,32,91,28,11,162,0,10,127,2,139,32,101,155,13,301,84,12,96,397
01/30/2000,FAT,CA,AWP,WE,Towers with Radar,33,81,50,4,168,0,2,47,0,49,33,83,97,4,217,204,0,204,421
01/31/2000,FAT,CA,AWP,WE,Towers with Radar,38,107,70,16,231,0,4,156,3,163,38,111,226,19,394,370,8,378,772
02/01/2000,FAT,CA,AWP,WE,Towers with Radar,36,105,42,27,210,0,21,234,8,263,36,126,276,35,473,562,10,572,1045
02/02/2000,FAT,CA,AWP,WE,Towers with Radar,37,109,37,29,212,0,17,160,7,184,37,126,197,36,396,418,4,422,818
02/03/2000,FAT,CA,AWP,WE,Towers with Radar,38,104,34,24,200,0,6,123,6,135,38,110,157,30,335,424,10,434,769
02/04/2000,FAT,CA,AWP,WE,Towers with Radar,39,112,56,17,224,0,5,146,5,156,39,117,202,22,380,220,8,228,608
02/05/2000,FAT,CA,AWP,WE,Towers with Radar,30,85,17,17,149,0,4,143,5,152,30,89,160,22,301,488,70,558,859
02/06/2000,FAT,CA,AWP,WE,Towers with Radar,26,71,35,11,143,9,21,158,0,188,35,92,193,11,331,232,0,232,563
02/07/2000,FAT,CA,AWP,WE,Towers with Radar,34,89,44,11,178,0,9,180,0,189,34,98,224,11,367,548,12,560,927
02/08/2000,FAT,CA,AWP,WE,Towers with Radar,36,110,55,17,218,0,12,158,9,179,36,122,213,26,397,610,16,626,1023
02/09/2000,FAT,CA,AWP,WE,Towers with Radar,32,98,99,22,251,0,5,76,2,83,32,103,175,24,334,474,12,486,820
02/10/2000,FAT,CA,AWP,WE,Towers with Radar,38,98,53,17,206,0,4,90,0,94,38,102,143,17,300,428,62,490,790
02/11/2000,FAT,CA,AWP,WE,Towers with Radar,44,108,58,19,229,0,12,145,8,165,44,120,203,27,394,318,0,318,712
02/12/2000,FAT,CA,AWP,WE,Towers with Radar,30,89,41,0,160,0,2,109,0,111,30,91,150,0,271,390,10,400,671
02/13/2000,FAT,CA,AWP,WE,Towers with Radar,32,94,58,1,185,0,0,27,0,27,32,94,85,1,212,294,0,294,506
02/14/2000,FAT,CA,AWP,WE,Towers with Radar,40,92,35,27,194,0,14,94,4,112,40,106,129,31,306,430,0,430,736
02/15/2000,FAT,CA,AWP,WE,Towers with Radar,38,102,51,16,207,9,24,167,15,215,47,126,218,31,422,630,34,664,1086
02/16/2000,FAT,CA,AWP,WE,Towers with Radar,40,117,71,20,248,0,0,72,18,90,40,117,143,38,338,582,6,588,926
02/17/2000,FAT,CA,AWP,WE,Towers with Radar,38,113,80,25,256,0,5,131,2,138,38,118,211,27,394,336,2,338,732
02/18/2000,FAT,CA,AWP,WE,Towers with Radar,41,114,58,18,231,0,13,195,6,214,41,127,253,24,445,472,16,488,933
02/19/2000,FAT,CA,AWP,WE,Towers with Radar,32,85,24,4,145,0,4,171,2,177,32,89,195,6,322,264,2,266,588
02/20/2000,FAT,CA,AWP,WE,Towers with Radar,20,56,28,6,110,13,24,47,0,84,33,80,75,6,194,262,10,272,466
02/21/2000,FAT,CA,AWP,WE,Towers with Radar,30,82,41,9,162,9,8,113,0,130,39,90,154,9,292,378,14,392,684
02/22/2000,FAT,CA,AWP,WE,Towers with Radar,36,119,67,20,242,0,0,105,3,108,36,119,172,23,350,198,6,204,554
02/23/2000,FAT,CA,AWP,WE,Towers with Radar,45,130,72,22,269,0,0,65,14,79,45,130,137,36,348,418,6,424,772
02/24/2000,FAT,CA,AWP,WE,Towers with Radar,47,146,131,22,346,0,6,126,0,132,47,152,257,22,478,288,4,292,770
02/25/2000,FAT,CA,AWP,WE,Towers with Radar,28,95,48,12,183,0,23,176,0,199,28,118,224,12,382,496,0,496,878
02/26/2000,FAT,CA,AWP,WE,Towers with Radar,23,63,32,2,120,7,22,145,0,174,30,85,177,2,294,330,2,332,626
02/27/2000,FAT,CA,AWP,WE,Towers with Radar,24,65,33,0,122,13,15,23,0,51,37,80,56,0,173,270,0,270,443
02/28/2000,FAT,CA,AWP,WE,Towers with Radar,40,102,66,7,215,0,12,101,3,116,40,114,167,10,331,408,0,408,739
02/29/2000,FAT,CA,AWP,WE,Towers with Radar,41,106,51,17,215,0,5,59,0,64,41,111,110,17,279,208,0,208,487
03/01/2000,FAT,CA,AWP,WE,Towers with Radar,37,110,81,30,258,0,13,151,3,167,37,123,232,33,425,456,4,460,885
03/02/2000,FAT,CA,AWP,WE,Towers with Radar,41,101,58,29,229,0,8,115,2,125,41,109,173,31,354,290,0,290,644
03/03/2000,FAT,CA,AWP,WE,Towers with Radar,40,109,98,34,281,0,9,134,3,146,40,118,232,37,427,260,10,270,697
03/04/2000,FAT,CA,AWP,WE,Towers with Radar,31,92,49,28,200,0,5,92,3,100,31,97,141,31,300,262,0,262,562
03/05/2000,FAT,CA,AWP,WE,Towers with Radar,33,71,41,5,150,0,4,29,2,35,33,75,70,7,185,226,24,250,435
03/06/2000,FAT,CA,AWP,WE,Towers with Radar,29,93,43,18,183,0,27,126,7,160,29,120,169,25,343,344,14,358,701
03/07/2000,FAT,CA,AWP,WE,Towers with Radar,38,106,45,21,210,0,10,150,3,163,38,116,195,24,373,418,12,430,803
03/08/2000,FAT,CA,AWP,WE,Towers with Radar,42,122,63,23,250,0,0,110,0,110,42,122,173,23,360,246,0,246,606
03/09/2000,FAT,CA,AWP,WE,Towers with Radar,43,114,52,16,225,0,16,179,4,199,43,130,231,20,424,538,4,542,966
03/10/2000,FAT,CA,AWP,WE,Towers with Radar,37,113,54,24,228,0,0,221,2,223,37,113,275,26,451,426,2,428,879
03/11/2000,FAT,CA,AWP,WE,Towers with Radar,30,93,17,0,140,0,5,153,1,159,30,98,170,1,299,274,2,276,575
03/12/2000,FAT,CA,AWP,WE,Towers with Radar,32,90,41,0,163,0,2,137,0,139,32,92,178,0,302,276,0,276,578
03/13/2000,FAT,CA,AWP,WE,Towers with Radar,32,84,40,16,172,2,34,145,4,185,34,118,185,20,357,590,8,598,955
03/14/2000,FAT,CA,AWP,WE,Towers with Radar,39,105,50,20,214,0,9,200,11,220,39,114,250,31,434,348,18,366,800
03/15/2000,FAT,CA,AWP,WE,Towers with Radar,41,107,49,19,216,0,20,210,8,238,41,127,259,27,454,742,14,756,1210
03/16/2000,FAT,CA,AWP,WE,Towers with Radar,42,106,48,24,220,0,22,229,7,258,42,128,277,31,478,648,10,658,1136
03/17/2000,FAT,CA,AWP,WE,Towers with Radar,40,98,37,15,190,1,26,205,11,243,41,124,242,26,433,520,4,524,957
03/18/2000,FAT,CA,AWP,WE,Towers with Radar,34,88,23,0,145,5,30,158,5,198,39,118,181,5,343,292,0,292,635
03/19/2000,FAT,CA,AWP,WE,Towers with Radar,25,66,30,1,122,13,20,161,0,194,38,86,191,1,316,288,0,288,604
03/20/2000,FAT,CA,AWP,WE,Towers with Radar,39,106,49,20,214,0,13,190,0,203,39,119,239,20,417,704,14,718,1135
03/21/2000,FAT,CA,AWP,WE,Towers with Radar,38,102,44,23,207,0,23,206,11,240,38,125,250,34,447,518,10,528,975
03/22/2000,FAT,CA,AWP,WE,Towers with Radar,34,89,40,18,181,5,22,215,14,256,39,111,255,32,437,472,4,476,913
03/23/2000,FAT,CA,AWP,WE,Towers with Radar,38,88,38,32,196,0,26,228,9,263,38,114,266,41,459,514,0,514,973
03/24/2000,FAT,CA,AWP,WE,Towers with Radar,40,105,48,20,213,6,17,251,9,283,46,122,299,29,496,524,0,524,1020
03/25/2000,FAT,CA,AWP,WE,Towers with Radar,28,89,30,16,163,0,7,212,7,226,28,96,242,23,389,302,2,304,693
03/26/2000,FAT,CA,AWP,WE,Towers with Radar,33,95,29,6,163,0,7,150,0,157,33,102,179,6,320,354,6,360,680
03/27/2000,FAT,CA,AWP,WE,Towers with Radar,39,104,48,21,212,0,4,189,0,193,39,108,237,21,405,488,16,504,909
03/28/2000,FAT,CA,AWP,WE,Towers with Radar,38,120,75,28,261,0,12,172,5,189,38,132,247,33,450,370,0,370,820
03/29/2000,FAT,CA,AWP,WE,Towers with Radar,39,105,41,28,213,0,26,201,4,231,39,131,242,32,444,672,18,690,1134
03/30/2000,FAT,CA,AWP,WE,Towers with Radar,40,102,26,29,197,0,27,212,6,245,40,129,238,35,442,428,4,432,874
03/31/2000,FAT,CA,AWP,WE,Towers with Radar,34,89,40,18,181,15,31,235,4,285,49,120,275,22,466,378,10,388,854
04/01/2000,FAT,CA,AWP,WE,Towers with Radar,29,89,7,24,149,0,5,173,27,205,29,94,180,51,354,264,8,272,626
04/02/2000,FAT,CA,AWP,WE,Towers with Radar,43,92,9,2,146,0,2,155,0,157,43,94,164,2,303,378,0,378,681
04/03/2000,FAT,CA,AWP,WE,Towers with Radar,32,87,24,25,168,0,12,220,7,239,32,99,244,32,407,402,0,402,809
04/04/2000,FAT,CA,AWP,WE,Towers with Radar,41,100,34,33,208,0,25,237,1,263,41,125,271,34,471,414,14,428,899
04/05/2000,FAT,CA,AWP,WE,Towers with Radar,43,107,39,19,208,3,20,213,14,250,46,127,252,33,458,572,28,600,1058
04/06/2000,FAT,CA,AWP,WE,Towers with Radar,41,88,40,26,195,0,19,261,6,286,41,107,301,32,481,490,0,490,971
04/07/2000,FAT,CA,AWP,WE,Towers with Radar,38,106,37,20,201,0,14,237,19,270,38,120,274,39,471,234,20,254,725
04/08/2000,FAT,CA,AWP,WE,Towers with Radar,31,78,185,2,296,0,4,335,5,344,31,82,520,7,640,206,0,206,846
04/09/2000,FAT,CA,AWP,WE,Towers with Radar,34,103,48,14,199,0,0,307,0,307,34,103,355,14,506,540,6,546,1052
04/10/2000,FAT,CA,AWP,WE,Towers with Radar,30,105,27,24,186,0,19,209,5,233,30,124,236,29,419,502,8,510,929
04/11/2000,FAT,CA,AWP,WE,Towers with Radar,40,107,40,18,205,5,30,183,16,234,45,137,223,34,439,452,20,472,911
04/12/2000,FAT,CA,AWP,WE,Towers with Radar,43,112,37,28,220,0,17,186,5,208,43,129,223,33,428,454,24,478,906
04/13/2000,FAT,CA,AWP,WE,Towers with Radar,45,120,47,32,244,0,15,183,7,205,45,135,230,39,449,350,12,362,811
04/14/2000,FAT,CA,AWP,WE,Towers with Radar,38,112,53,13,216,0,12,162,16,190,38,124,215,29,406,252,12,264,670
04/15/2000,FAT,CA,AWP,WE,Towers with Radar,35,95,36,17,183,0,12,107,10,129,35,107,143,27,312,210,10,220,532
04/16/2000,FAT,CA,AWP,WE,Towers with Radar,31,76,26,5,138,0,3,79,0,82,31,79,105,5,220,166,0,166,386
04/17/2000,FAT,CA,AWP,WE,Towers with Radar,37,106,54,8,205,0,1,34,0,35,37,107,88,8,240,108,0,108,348
04/18/2000,FAT,CA,AWP,WE,Towers with Radar,40,110,34,27,211,0,17,169,6,192,40,127,203,33,403,602,6,608,1011
04/19/2000,FAT,CA,AWP,WE,Towers with Radar,41,107,40,20,208,2,34,199,13,248,43,141,239,33,456,312,24,336,792
04/20/2000,FAT,CA,AWP,WE,Towers with Radar,36,100,20,39,195,0,30,175,6,211,36,130,195,45,406,406,0,406,812
04/21/2000,FAT,CA,AWP,WE,Towers with Radar,40,101,14,17,172,0,17,186,8,211,40,118,200,25,383,388,4,392,775
04/22/2000,FAT,CA,AWP,WE,Towers with Radar,32,87,18,0,137,0,3,143,0,146,32,90,161,0,283,254,0,254,537
04/23/2000,FAT,CA,AWP,WE,Towers with Radar,25,65,25,0,115,10,28,61,0,99,35,93,86,0,214,176,0,176,390
04/24/2000,FAT,CA,AWP,WE,Towers with Radar,36,111,27,17,191,0,25,226,7,258,36,136,253,24,449,602,6,608,1057
04/25/2000,FAT,CA,AWP,WE,Towers with Radar,38,100,38,18,194,5,25,252,26,308,43,125,290,44,502,454,12,466,968
04/26/2000,FAT,CA,AWP,WE,Towers with Radar,38,99,37,18,192,1,17,205,7,230,39,116,242,25,422,730,42,772,1194
04/27/2000,FAT,CA,AWP,WE,Towers with Radar,35,91,31,18,175,0,17,234,2,253,35,108,265,20,428,250,4,254,682
04/28/2000,FAT,CA,AWP,WE,Towers with Radar,38,113,45,17,213,0,13,135,3,151,38,126,180,20,364,360,0,360,724
04/29/2000,FAT,CA,AWP,WE,Towers with Radar,29,88,8,1,126,0,3,142,1,146,29,91,150,2,272,204,0,204,476
04/30/2000,FAT,CA,AWP,WE,Towers with Radar,32,90,26,7,155,0,2,155,4,161,32,92,181,11,316,228,24,252,568
05/01/2000,FAT,CA,AWP,WE,Towers with Radar,30,103,29,16,178,2,18,171,2,193,32,121,200,18,371,364,0,364,735
05/02/2000,FAT,CA,AWP,WE,Towers with Radar,36,106,32,12,186,3,22,187,8,220,39,128,219,20,406,368,2,370,776
05/03/2000,FAT,CA,AWP,WE,Towers with Radar,32,98,38,28,196,1,22,232,10,265,33,120,270,38,461,252,18,270,731
05/04/2000,FAT,CA,AWP,WE,Towers with Radar,39,112,32,23,206,1,22,204,5,232,40,134,236,28,438,284,12,296,734
05/05/2000,FAT,CA,AWP,WE,Towers with Radar,34,113,31,10,188,1,21,209,3,234,35,134,240,13,422,298,6,304,726
05/06/2000,FAT,CA,AWP,WE,Towers with Radar,30,103,10,17,160,1,6,142,4,153,31,109,152,21,313,192,4,196,509
05/07/2000,FAT,CA,AWP,WE,Towers with Radar,31,93,51,5,180,1,1,96,2,100,32,94,147,7,280,178,0,178,458
05/08/2000,FAT,CA,AWP,WE,Towers with Radar,31,107,47,16,201,1,14,131,1,147,32,121,178,17,348,256,0,256,604
05/09/2000,FAT,CA,AWP,WE,Towers with Radar,44,108,29,12,193,1,22,192,6,221,45,130,221,18,414,326,0,326,740
05/10/2000,FAT,CA,AWP,WE,Towers with Radar,41,120,35,14,210,0,13,182,6,201,41,133,217,20,411,392,0,392,803
05/11/2000,FAT,CA,AWP,WE,Towers with Radar,42,105,34,13,194,0,22,183,6,211,42,127,217,19,405,434,10,444,849
05/12/2000,FAT,CA,AWP,WE,Towers with Radar,43,108,34,8,193,0,11,210,4,225,43,119,244,12,418,230,8,238,656
05/13/2000,FAT,CA,AWP,WE,Towers with Radar,28,77,23,8,136,4,15,163,0,182,32,92,186,8,318,212,0,212,530
05/14/2000,FAT,CA,AWP,WE,Towers with Radar,33,92,27,2,154,0,1,122,0,123,33,93,149,2,277,96,2,98,375
05/15/2000,FAT,CA,AWP,WE,Towers with Radar,41,105,29,13,188,0,10,116,1,127,41,115,145,14,315,262,4,266,581
05/16/2000,FAT,CA,AWP,WE,Towers with Radar,40,125,45,15,225,0,9,141,3,153,40,134,186,18,378,454,2,456,834
05/17/2000,FAT,CA,AWP,WE,Towers with Radar,39,132,42,15,228,0,0,234,0,234,39,132,276,15,462,310,10,320,782
05/18/2000,FAT,CA,AWP,WE,Towers with Radar,37,100,21,10,168,0,31,225,5,261,37,131,246,15,429,496,0,496,925
05/19/2000,FAT,CA,AWP,WE,Towers with Radar,34,94,28,10,166,3,35,223,7,268,37,129,251,17,434,354,2,356,790
05/20/2000,FAT,CA,AWP,WE,Towers with Radar,29,81,24,8,142,1,23,119,11,154,30,104,143,19,296,254,0,254,550
05/21/2000,FAT,CA,AWP,WE,Towers with Radar,37,86,19,5,147,0,1,139,0,140,37,87,158,5,287,200,0,200,487
05/22/2000,FAT,CA,AWP,WE,Towers with Radar,35,107,28,19,189,0,14,230,1,245,35,121,258,20,434,360,28,388,822
05/23/2000,FAT,CA,AWP,WE,Towers with Radar,41,102,19,8,170,0,16,203,5,224,41,118,222,13,394,234,2,236,630
05/24/2000,FAT,CA,AWP,WE,Towers with Radar,35,101,29,11,176,5,26,199,10,240,40,127,228,21,416,250,4,254,670
05/25/2000,FAT,CA,AWP,WE,Towers with Radar,40,118,35,12,205,0,12,214,10,236,40,130,249,22,441,422,8,430,871
05/26/2000,FAT,CA,AWP,WE,Towers with Radar,40,103,32,9,184,0,19,207,11,237,40,122,239,20,421,368,2,370,791
05/27/2000,FAT,CA,AWP,WE,Towers with Radar,29,93,20,2,144,0,4,158,0,162,29,97,178,2,306,178,0,178,484
05/28/2000,FAT,CA,AWP,WE,Towers with Radar,29,95,19,0,143,0,3,154,2,159,29,98,173,2,302,244,0,244,546
05/29/2000,FAT,CA,AWP,WE,Towers with Radar,31,102,20,1,154,0,1,190,1,192,31,103,210,2,346,230,14,244,590
05/30/2000,FAT,CA,AWP,WE,Towers with Radar,33,117,35,12,197,0,17,279,8,304,33,134,314,20,501,472,0,472,973
05/31/2000,FAT,CA,AWP,WE,Towers with Radar,37,110,39,14,200,0,27,215,4,246,37,137,254,18,446,494,0,494,940
06/01/2000,FAT,CA,AWP,WE,Towers with Radar,39,104,24,12,179,1,32,266,7,306,40,136,290,19,485,592,6,598,1083
06/02/2000,FAT,CA,AWP,WE,Towers with Radar,35,104,19,7,165,0,12,216,5,233,35,116,235,12,398,434,0,434,832
06/03/2000,FAT,CA,AWP,WE,Towers with Radar,29,92,14,10,145,0,8,108,1,117,29,100,122,11,262,130,6,136,398
06/04/2000,FAT,CA,AWP,WE,Towers with Radar,27,77,23,8,135,5,27,135,7,174,32,104,158,15,309,214,0,214,523
06/05/2000,FAT,CA,AWP,WE,Towers with Radar,33,110,31,13,187,0,17,169,2,188,33,127,200,15,375,266,4,270,645
06/06/2000,FAT,CA,AWP,WE,Towers with Radar,39,98,21,10,168,2,31,226,6,265,41,129,247,16,433,394,0,394,827
06/07/2000,FAT,CA,AWP,WE,Towers with Radar,42,99,36,11,188,1,29,233,9,272,43,128,269,20,460,480,0,480,940
06/08/2000,FAT,CA,AWP,WE,Towers with Radar,40,123,46,16,225,0,0,161,0,161,40,123,207,16,386,158,4,162,548
06/09/2000,FAT,CA,AWP,WE,Towers with Radar,32,109,36,4,181,2,16,238,4,260,34,125,274,8,441,340,0,340,781
06/10/2000,FAT,CA,AWP,WE,Towers with Radar,28,97,28,10,163,1,8,167,1,177,29,105,195,11,340,318,4,322,662
06/11/2000,FAT,CA,AWP,WE,Towers with Radar,27,78,23,5,133,7,23,172,0,202,34,101,195,5,335,222,10,232,567
06/12/2000,FAT,CA,AWP,WE,Towers with Radar,32,100,28,11,171,0,25,190,0,215,32,125,218,11,386,370,2,372,758
06/13/2000,FAT,CA,AWP,WE,Towers with Radar,42,109,17,19,187,1,28,244,7,280,43,137,261,26,467,324,10,334,801
06/14/2000,FAT,CA,AWP,WE,Towers with Radar,35,104,44,19,202,1,30,238,3,272,36,134,282,22,474,406,0,406,880
06/15/2000,FAT,CA,AWP,WE,Towers with Radar,34,100,26,13,173,1,24,197,8,230,35,124,223,21,403,350,0,350,753
06/16/2000,FAT,CA,AWP,WE,Towers with Radar,37,95,29,17,178,1,32,211,3,247,38,127,240,20,425,256,0,256,681
06/17/2000,FAT,CA,AWP,WE,Towers with Radar,29,89,38,0,156,1,5,204,1,211,30,94,242,1,367,182,0,182,549
06/18/2000,FAT,CA,AWP,WE,Towers with Radar,30,94,18,2,144,1,2,135,2,140,31,96,153,4,284,106,0,106,390
06/19/2000,FAT,CA,AWP,WE,Towers with Radar,32,94,24,16,166,1,19,184,7,211,33,113,208,23,377,332,16,348,725
06/20/2000,FAT,CA,AWP,WE,Towers with Radar,42,106,22,22,192,1,33,209,11,254,43,139,231,33,446,240,2,242,688
06/21/2000,FAT,CA,AWP,WE,Towers with Radar,41,102,21,14,178,1,23,205,5,234,42,125,226,19,412,356,0,356,768
06/22/2000,FAT,CA,AWP,WE,Towers with Radar,38,99,28,17,182,1,22,220,17,260,39,121,248,34,442,422,12,434,876
06/23/2000,FAT,CA,AWP,WE,Towers with Radar,25,100,26,7,158,2,9,199,3,213,27,109,225,10,371,256,0,256,627
06/24/2000,FAT,CA,AWP,WE,Towers with Radar,32,91,25,2,150,4,10,214,0,228,36,101,239,2,378,158,4,162,540
06/25/2000,FAT,CA,AWP,WE,Towers with Radar,31,95,20,0,146,1,4,143,0,148,32,99,163,0,294,94,0,94,388
06/26/2000,FAT,CA,AWP,WE,Towers with Radar,28,100,27,11,166,0,24,156,12,192,28,124,183,23,358,324,14,338,696
06/27/2000,FAT,CA,AWP,WE,Towers with Radar,40,107,19,19,185,1,29,213,4,247,41,136,232,23,432,346,4,350,782
06/28/2000,FAT,CA,AWP,WE,Towers with Radar,34,109,29,27,199,1,20,244,4,269,35,129,273,31,468,308,8,316,784
06/29/2000,FAT,CA,AWP,WE,Towers with Radar,42,121,33,15,211,0,4,242,3,249,42,125,275,18,460,192,8,200,660
06/30/2000,FAT,CA,AWP,WE,Towers with Radar,41,107,23,17,188,5,13,220,3,241,46,120,243,20,429,200,6,206,635
07/01/2000,FAT,CA,AWP,WE,Towers with Radar,30,100,16,1,147,1,2,167,0,170,31,102,183,1,317,318,0,318,635
07/02/2000,FAT,CA,AWP,WE,Towers with Radar,29,95,13,1,138,2,4,153,0,159,31,99,166,1,297,162,0,162,459
07/03/2000,FAT,CA,AWP,WE,Towers with Radar,30,85,20,3,138,2,21,155,0,178,32,106,175,3,316,282,0,282,598
07/04/2000,FAT,CA,AWP,WE,Towers with Radar,26,105,20,0,151,0,1,131,4,136,26,106,151,4,287,302,0,302,589
07/05/2000,FAT,CA,AWP,WE,Towers with Radar,31,96,23,15,165,0,23,181,7,211,31,119,204,22,376,156,8,164,540
07/06/2000,FAT,CA,AWP,WE,Towers with Radar,34,98,33,17,182,0,23,164,10,197,34,121,197,27,379,244,0,244,623
07/07/2000,FAT,CA,AWP,WE,Towers with Radar,42,100,28,18,188,0,22,209,8,239,42,122,237,26,427,188,0,188,615
07/08/2000,FAT,CA,AWP,WE,Towers with Radar,36,101,47,18,202,0,3,94,1,98,36,104,141,19,300,166,8,174,474
07/09/2000,FAT,CA,AWP,WE,Towers with Radar,37,103,24,6,170,2,14,147,0,163,39,117,171,6,333,230,0,230,563
07/10/2000,FAT,CA,AWP,WE,Towers with Radar,33,106,26,3,168,0,16,176,2,194,33,122,202,5,362,286,4,290,652
07/11/2000,FAT,CA,AWP,WE,Towers with Radar,44,113,29,22,208,0,17,201,4,222,44,130,230,26,430,194,12,206,636
07/12/2000,FAT,CA,AWP,WE,Towers with Radar,41,99,37,19,196,0,24,191,11,226,41,123,228,30,422,336,0,336,758
07/13/2000,FAT,CA,AWP,WE,Towers with Radar,46,104,32,15,197,1,27,200,12,240,47,131,232,27,437,284,0,284,721
07/14/2000,FAT,CA,AWP,WE,Towers with Radar,41,109,28,5,183,0,21,191,5,217,41,130,219,10,400,166,0,166,566
07/15/2000,FAT,CA,AWP,WE,Towers with Radar,34,95,16,2,147,0,2,145,3,150,34,97,161,5,297,352,0,352,649
07/16/2000,FAT,CA,AWP,WE,Towers with Radar,35,87,18,2,142,2,2,142,0,146,37,89,160,2,288,154,0,154,442
07/17/2000,FAT,CA,AWP,WE,Towers with Radar,34,93,25,20,172,0,16,180,2,198,34,109,205,22,370,256,20,276,646
07/18/2000,FAT,CA,AWP,WE,Towers with Radar,39,108,25,12,184,3,19,218,9,249,42,127,243,21,433,540,0,540,973
07/19/2000,FAT,CA,AWP,WE,Towers with Radar,40,102,25,17,184,1,19,198,7,225,41,121,223,24,409,222,2,224,633
07/20/2000,FAT,CA,AWP,WE,Towers with Radar,41,103,32,28,204,0,25,217,11,253,41,128,249,39,457,360,0,360,817
07/21/2000,FAT,CA,AWP,WE,Towers with Radar,39,99,30,23,191,0,20,192,8,220,39,119,222,31,411,236,14,250,661
07/22/2000,FAT,CA,AWP,WE,Towers with Radar,34,107,12,5,158,0,8,176,1,185,34,115,188,6,343,182,0,182,525
07/23/2000,FAT,CA,AWP,WE,Towers with Radar,36,91,13,7,147,0,7,154,0,161,36,98,167,7,308,154,0,154,462
07/24/2000,FAT,CA,AWP,WE,Towers with Radar,34,95,23,11,163,2,37,190,3,232,36,132,213,14,395,248,8,256,651
07/25/2000,FAT,CA,AWP,WE,Towers with Radar,39,106,25,12,182,0,33,199,11,243,39,139,224,23,425,320,2,322,747
07/26/2000,FAT,CA,AWP,WE,Towers with Radar,41,132,32,15,220,0,27,283,21,331,41,159,315,36,551,392,4,396,947
07/27/2000,FAT,CA,AWP,WE,Towers with Radar,36,98,23,12,169,3,19,234,13,269,39,117,257,25,438,284,4,288,726
07/28/2000,FAT,CA,AWP,WE,Towers with Radar,37,102,24,12,175,0,22,174,14,210,37,124,198,26,385,292,0,292,677
07/29/2000,FAT,CA,AWP,WE,Towers with Radar,27,91,21,2,141,0,12,141,0,153,27,103,162,2,294,278,0,278,572
07/30/2000,FAT,CA,AWP,WE,Towers with Radar,27,75,17,3,122,6,11,153,0,170,33,86,170,3,292,142,0,142,434
07/31/2000,FAT,CA,AWP,WE,Towers with Radar,35,105,25,12,177,0,15,189,11,215,35,120,214,23,392,472,18,490,882
08/01/2000,FAT,CA,AWP,WE,Towers with Radar,38,104,26,15,183,2,26,202,17,247,40,130,228,32,430,284,4,288,718
08/02/2000,FAT,CA,AWP,WE,Towers with Radar,38,107,27,16,188,0,23,196,0,219,38,130,223,16,407,216,0,216,623
08/03/2000,FAT,CA,AWP,WE,Towers with Radar,36,96,24,13,169,3,24,196,33,256,39,120,220,46,425,316,0,316,741
08/04/2000,FAT,CA,AWP,WE,Towers with Radar,40,108,27,16,191,3,19,193,62,277,43,127,220,78,468,358,4,362,830
08/05/2000,FAT,CA,AWP,WE,Towers with Radar,30,84,20,12,146,0,19,203,60,282,30,103,223,72,428,290,0,290,718
08/06/2000,FAT,CA,AWP,WE,Towers with Radar,27,72,17,6,122,4,22,173,0,199,31,94,190,6,321,140,0,140,461
08/07/2000,FAT,CA,AWP,WE,Towers with Radar,37,110,26,16,189,0,11,222,4,237,37,121,248,20,426,386,12,398,824
08/08/2000,FAT,CA,AWP,WE,Towers with Radar,41,126,31,18,216,0,4,262,1,267,41,130,293,19,483,550,8,558,1041
08/09/2000,FAT,CA,AWP,WE,Towers with Radar,42,137,36,19,234,0,0,299,0,299,42,137,335,19,533,518,18,536,1069
08/10/2000,FAT,CA,AWP,WE,Towers with Radar,39,112,28,15,194,0,24,266,6,296,39,136,294,21,490,352,0,352,842
08/11/2000,FAT,CA,AWP,WE,Towers with Radar,35,97,24,14,170,2,30,212,7,251,37,127,236,21,421,284,10,294,715
08/12/2000,FAT,CA,AWP,WE,Towers with Radar,31,94,23,14,162,0,7,149,25,181,31,101,172,39,343,180,0,180,523
08/13/2000,FAT,CA,AWP,WE,Towers with Radar,28,79,20,11,138,2,24,222,8,256,30,103,242,19,394,166,6,172,566
08/14/2000,FAT,CA,AWP,WE,Towers with Radar,31,86,21,2,140,1,34,289,0,324,32,120,310,2,464,444,0,444,908
08/15/2000,FAT,CA,AWP,WE,Towers with Radar,36,100,25,14,175,8,33,217,11,269,44,133,242,25,444,424,10,434,878
08/16/2000,FAT,CA,AWP,WE,Towers with Radar,42,106,16,10,174,2,22,244,3,271,44,128,260,13,445,244,0,244,689
08/17/2000,FAT,CA,AWP,WE,Towers with Radar,40,103,25,17,185,1,26,194,16,237,41,129,219,33,422,380,14,394,816
08/18/2000,FAT,CA,AWP,WE,Towers with Radar,36,101,25,13,175,4,26,182,2,214,40,127,207,15,389,260,0,260,649
08/19/2000,FAT,CA,AWP,WE,Towers with Radar,32,101,15,8,156,1,7,181,0,189,33,108,196,8,345,404,0,404,749
08/20/2000,FAT,CA,AWP,WE,Towers with Radar,35,99,21,1,156,1,0,166,2,169,36,99,187,3,325,320,12,332,657
08/21/2000,FAT,CA,AWP,WE,Towers with Radar,33,95,24,11,163,0,19,176,0,195,33,114,200,11,358,340,0,340,698
08/22/2000,FAT,CA,AWP,WE,Towers with Radar,41,111,26,14,192,1,38,214,3,256,42,149,240,17,448,378,0,378,826
08/23/2000,FAT,CA,AWP,WE,Towers with Radar,41,100,33,22,196,1,24,233,13,271,42,124,266,35,467,382,0,382,849
08/24/2000,FAT,CA,AWP,WE,Towers with Radar,37,102,30,18,187,1,41,257,9,308,38,143,287,27,495,144,0,144,639
08/25/2000,FAT,CA,AWP,WE,Towers with Radar,41,106,19,13,179,0,41,232,11,284,41,147,251,24,463,158,6,164,627
08/26/2000,FAT,CA,AWP,WE,Towers with Radar,32,98,23,6,159,0,18,195,2,215,32,116,218,8,374,252,0,252,626
08/27/2000,FAT,CA,AWP,WE,Towers with Radar,31,94,23,4,152,0,14,168,3,185,31,108,191,7,337,146,0,146,483
08/28/2000,FAT,CA,AWP,WE,Towers with Radar,36,114,26,19,195,0,63,227,7,297,36,177,253,26,492,300,0,300,792
08/29/2000,FAT,CA,AWP,WE,Towers with Radar,42,134,33,17,226,0,8,211,21,240,42,142,244,38,466,220,0,220,686
08/30/2000,FAT,CA,AWP,WE,Towers with Radar,42,112,35,14,203,0,23,191,19,233,42,135,226,33,436,150,2,152,588
08/31/2000,FAT,CA,AWP,WE,Towers with Radar,45,113,35,25,218,0,29,242,13,284,45,142,277,38,502,464,10,474,976
09/01/2000,FAT,CA,AWP,WE,Towers with Radar,38,115,30,21,204,1,22,146,13,182,39,137,176,34,386,94,2,96,482
09/02/2000,FAT,CA,AWP,WE,Towers with Radar,35,95,27,13,170,0,18,125,0,143,35,113,152,13,313,250,0,250,563
09/03/2000,FAT,CA,AWP,WE,Towers with Radar,29,76,21,7,133,1,28,135,0,164,30,104,156,7,297,216,0,216,513
09/04/2000,FAT,CA,AWP,WE,Towers with Radar,29,95,21,8,153,0,12,207,10,229,29,107,228,18,382,328,0,328,710
09/05/2000,FAT,CA,AWP,WE,Towers with Radar,35,130,37,21,223,0,12,225,15,252,35,142,262,36,475,288,4,292,767
09/06/2000,FAT,CA,AWP,WE,Towers with Radar,41,106,19,18,184,0,26,233,20,279,41,132,252,38,463,390,2,392,855
09/07/2000,FAT,CA,AWP,WE,Towers with Radar,41,107,24,37,209,0,47,258,4,309,41,154,282,41,518,462,4,466,984
09/08/2000,FAT,CA,AWP,WE,Towers with Radar,32,84,23,14,153,6,37,254,5,302,38,121,277,19,455,292,6,298,753
09/09/2000,FAT,CA,AWP,WE,Towers with Radar,29,75,20,12,136,1,18,213,21,253,30,93,233,33,389,344,12,356,745
09/10/2000,FAT,CA,AWP,WE,Towers with Radar,27,68,17,10,122,5,22,236,19,282,32,90,253,29,404,388,16,404,808
09/11/2000,FAT,CA,AWP,WE,Towers with Radar,34,127,22,10,193,0,28,216,6,250,34,155,238,16,443,372,14,386,829
09/12/2000,FAT,CA,AWP,WE,Towers with Radar,42,107,33,18,200,0,42,239,15,296,42,149,272,33,496,398,6,404,900
09/13/2000,FAT,CA,AWP,WE,Towers with Radar,40,101,31,19,191,0,28,274,6,308,40,129,305,25,499,268,8,276,775
09/14/2000,FAT,CA,AWP,WE,Towers with Radar,41,99,21,20,181,0,33,235,7,275,41,132,256,27,456,528,8,536,992
09/15/2000,FAT,CA,AWP,WE,Towers with Radar,38,94,29,32,193,0,27,266,8,301,38,121,295,40,494,276,24,300,794
09/16/2000,FAT,CA,AWP,WE,Towers with Radar,33,82,23,16,154,0,18,235,8,261,33,100,258,24,415,220,0,220,635
09/17/2000,FAT,CA,AWP,WE,Towers with Radar,34,88,27,12,161,0,7,182,9,198,34,95,209,21,359,380,14,394,753
09/18/2000,FAT,CA,AWP,WE,Towers with Radar,37,97,29,15,178,3,30,282,4,319,40,127,311,19,497,430,2,432,929
09/19/2000,FAT,CA,AWP,WE,Towers with Radar,42,110,33,17,202,3,8,238,9,258,45,118,271,26,460,486,0,486,946
09/20/2000,FAT,CA,AWP,WE,Towers with Radar,39,103,30,16,188,0,54,246,9,309,39,157,276,25,497,348,10,358,855
09/21/2000,FAT,CA,AWP,WE,Towers with Radar,42,104,52,17,215,0,67,262,6,335,42,171,314,23,550,288,22,310,860
09/22/2000,FAT,CA,AWP,WE,Towers with Radar,42,106,67,24,239,0,28,212,9,249,42,134,279,33,488,214,0,214,702
09/23/2000,FAT,CA,AWP,WE,Towers with Radar,34,101,31,8,174,1,14,199,5,219,35,115,230,13,393,270,0,270,663
09/24/2000,FAT,CA,AWP,WE,Towers with Radar,33,90,26,14,163,0,31,200,0,231,33,121,226,14,394,268,0,268,662
09/25/2000,FAT,CA,AWP,WE,Towers with Radar,34,95,21,14,164,0,24,221,15,260,34,119,242,29,424,490,12,502,926
09/26/2000,FAT,CA,AWP,WE,Towers with Radar,43,104,32,14,193,2,23,199,13,237,45,127,231,27,430,398,14,412,842
09/27/2000,FAT,CA,AWP,WE,Towers with Radar,40,98,31,14,183,0,35,250,17,302,40,133,281,31,485,598,0,598,1083
09/28/2000,FAT,CA,AWP,WE,Towers with Radar,43,88,37,17,185,0,30,234,16,280,43,118,271,33,465,640,0,640,1105
09/29/2000,FAT,CA,AWP,WE,Towers with Radar,43,95,29,13,180,0,35,262,16,313,43,130,291,29,493,210,0,210,703
09/30/2000,FAT,CA,AWP,WE,Towers with Radar,40,95,50,15,200,0,13,187,6,206,40,108,237,21,406,330,0,330,736
10/01/2000,FAT,CA,AWP,WE,Towers with Radar,38,99,41,4,182,2,32,185,13,232,40,131,226,17,414,132,0,132,546
10/02/2000,FAT,CA,AWP,WE,Towers with Radar,42,104,52,9,207,0,30,241,14,285,42,134,293,23,492,658,0,658,1150
10/03/2000,FAT,CA,AWP,WE,Towers with Radar,45,100,41,21,207,0,33,217,19,269,45,133,258,40,476,354,8,362,838
10/04/2000,FAT,CA,AWP,WE,Towers with Radar,47,101,27,18,193,0,26,228,34,288,47,127,255,52,481,568,16,584,1065
10/05/2000,FAT,CA,AWP,WE,Towers with Radar,42,103,49,19,213,0,30,261,21,312,42,133,310,40,525,746,0,746,1271
10/06/2000,FAT,CA,AWP,WE,Towers with Radar,47,96,37,16,196,0,27,250,17,294,47,123,287,33,490,430,0,430,920
10/07/2000,FAT,CA,AWP,WE,Towers with Radar,32,83,39,10,164,0,7,326,8,341,32,90,365,18,505,486,0,486,991
10/08/2000,FAT,CA,AWP,WE,Towers with Radar,35,80,37,9,161,2,17,274,1,294,37,97,311,10,455,296,0,296,751
10/09/2000,FAT,CA,AWP,WE,Towers with Radar,36,81,38,11,166,2,20,130,1,153,38,101,168,12,319,658,0,658,977
10/10/2000,FAT,CA,AWP,WE,Towers with Radar,44,113,53,10,220,0,17,97,7,121,44,130,150,17,341,212,0,212,553
10/11/2000,FAT,CA,AWP,WE,Towers with Radar,44,106,48,20,218,0,13,132,15,160,44,119,180,35,378,392,14,406,784
10/12/2000,FAT,CA,AWP,WE,Towers with Radar,46,121,57,21,245,0,25,131,7,163,46,146,188,28,408,434,4,438,846
10/13/2000,FAT,CA,AWP,WE,Towers with Radar,42,96,26,10,174,0,19,238,25,282,42,115,264,35,456,414,12,426,882
10/14/2000,FAT,CA,AWP,WE,Towers with Radar,34,86,28,27,175,0,17,252,6,275,34,103,280,33,450,302,2,304,754
10/15/2000,FAT,CA,AWP,WE,Towers with Radar,36,87,29,13,165,0,31,198,9,238,36,118,227,22,403,272,0,272,675
10/16/2000,FAT,CA,AWP,WE,Towers with Radar,42,106,55,22,225,0,28,169,12,209,42,134,224,34,434,510,4,514,948
10/17/2000,FAT,CA,AWP,WE,Towers with Radar,44,86,34,18,182,0,22,238,15,275,44,108,272,33,457,468,16,484,941
10/18/2000,FAT,CA,AWP,WE,Towers with Radar,44,101,49,15,209,1,17,212,6,236,45,118,261,21,445,394,0,394,839
10/19/2000,FAT,CA,AWP,WE,Towers with Radar,49,94,36,18,197,0,29,241,18,288,49,123,277,36,485,210,6,216,701
10/20/2000,FAT,CA,AWP,WE,Towers with Radar,44,101,29,16,190,0,33,206,16,255,44,134,235,32,445,478,0,478,923
10/21/2000,FAT,CA,AWP,WE,Towers with Radar,34,91,68,8,201,0,26,133,8,167,34,117,201,16,368,156,2,158,526
10/22/2000,FAT,CA,AWP,WE,Towers with Radar,40,96,34,8,178,0,16,173,4,193,40,112,207,12,371,160,0,160,531
10/23/2000,FAT,CA,AWP,WE,Towers with Radar,40,101,37,18,196,2,39,235,8,284,42,140,272,26,480,370,8,378,858
10/24/2000,FAT,CA,AWP,WE,Towers with Radar,53,98,34,27,212,0,32,231,7,270,53,130,265,34,482,412,0,412,894
10/25/2000,FAT,CA,AWP,WE,Towers with Radar,54,113,77,21,265,0,23,177,10,210,54,136,254,31,475,300,2,302,777
10/26/2000,FAT,CA,AWP,WE,Towers with Radar,44,109,75,27,255,0,24,157,8,189,44,133,232,35,444,214,0,214,658
10/27/2000,FAT,CA,AWP,WE,Towers with Radar,43,90,52,10,195,0,19,188,10,217,43,109,240,20,412,340,2,342,754
10/28/2000,FAT,CA,AWP,WE,Towers with Radar,38,100,57,10,205,0,18,138,7,163,38,118,195,17,368,156,2,158,526
10/29/2000,FAT,CA,AWP,WE,Towers with Radar,43,90,51,5,189,0,31,68,0,99,43,121,119,5,288,268,30,298,586
10/30/2000,FAT,CA,AWP,WE,Towers with Radar,41,104,97,7,249,0,17,153,6,176,41,121,250,13,425,424,4,428,853
10/31/2000,FAT,CA,AWP,WE,Towers with Radar,48,114,57,16,235,0,13,131,9,153,48,127,188,25,388,212,2,214,602
11/01/2000,FAT,CA,AWP,WE,Towers with Radar,50,112,54,16,232,0,33,167,13,213,50,145,221,29,445,488,2,490,935
11/02/2000,FAT,CA,AWP,WE,Towers with Radar,46,104,51,11,212,0,18,217,14,249,46,122,268,25,461,316,8,324,785
11/03/2000,FAT,CA,AWP,WE,Towers with Radar,44,106,69,19,238,0,12,167,30,209,44,118,236,49,447,182,6,188,635
11/04/2000,FAT,CA,AWP,WE,Towers with Radar,38,88,34,31,191,0,11,185,7,203,38,99,219,38,394,284,0,284,678
11/05/2000,FAT,CA,AWP,WE,Towers with Radar,38,83,37,17,175,0,9,152,2,163,38,92,189,19,338,238,0,238,576
11/06/2000,FAT,CA,AWP,WE,Towers with Radar,37,114,81,23,255,0,16,119,1,136,37,130,200,24,391,274,6,280,671
11/07/2000,FAT,CA,AWP,WE,Towers with Radar,45,106,81,25,257,0,17,188,11,216,45,123,269,36,473,510,4,514,987
11/08/2000,FAT,CA,AWP,WE,Towers with Radar,42,117,55,31,245,0,15,184,15,214,42,132,239,46,459,432,10,442,901
11/09/2000,FAT,CA,AWP,WE,Towers with Radar,51,106,120,22,299,0,17,184,8,209,51,123,304,30,508,348,0,348,856
11/10/2000,FAT,CA,AWP,WE,Towers with Radar,50,112,52,11,225,0,25,162,3,190,50,137,214,14,415,322,0,322,737
11/11/2000,FAT,CA,AWP,WE,Towers with Radar,42,104,45,13,204,0,10,167,6,183,42,114,212,19,387,250,8,258,645
11/12/2000,FAT,CA,AWP,WE,Towers with Radar,36,87,52,10,185,0,10,130,1,141,36,97,182,11,326,240,4,244,570
11/13/2000,FAT,CA,AWP,WE,Towers with Radar,48,132,40,11,231,0,23,207,6,236,48,155,247,17,467,394,10,404,871
11/14/2000,FAT,CA,AWP,WE,Towers with Radar,42,106,37,22,207,0,22,179,9,210,42,128,216,31,417,218,0,218,635
11/15/2000,FAT,CA,AWP,WE,Towers with Radar,44,112,45,27,228,0,18,206,10,234,44,130,251,37,462,120,14,134,596
11/16/2000,FAT,CA,AWP,WE,Towers with Radar,43,109,47,15,214,0,19,210,5,234,43,128,257,20,448,184,0,184,632
11/17/2000,FAT,CA,AWP,WE,Towers with Radar,45,95,67,18,225,0,29,220,4,253,45,124,287,22,478,316,22,338,816
11/18/2000,FAT,CA,AWP,WE,Towers with Radar,35,91,50,16,192,2,26,183,19,230,37,117,233,35,422,230,0,230,652
11/19/2000,FAT,CA,AWP,WE,Towers with Radar,43,85,42,8,178,0,23,216,16,255,43,108,258,24,433,356,20,376,809
11/20/2000,FAT,CA,AWP,WE,Towers with Radar,44,106,42,42,234,0,27,182,26,235,44,133,224,68,469,412,18,430,899
11/21/2000,FAT,CA,AWP,WE,Towers with Radar,48,112,75,44,279,0,28,184,15,227,48,140,259,59,506,220,30,250,756
11/22/2000,FAT,CA,AWP,WE,Towers with Radar,47,128,122,24,321,0,31,105,13,149,47,159,227,37,470,144,12,156,626
11/23/2000,FAT,CA,AWP,WE,Towers with Radar,41,102,63,0,206,0,19,141,0,160,41,121,204,0,366,100,0,100,466
11/24/2000,FAT,CA,AWP,WE,Towers with Radar,40,109,122,1,272,0,23,127,4,154,40,132,249,5,426,38,0,38,464
11/25/2000,FAT,CA,AWP,WE,Towers with Radar,36,102,80,2,220,0,12,67,3,82,36,114,147,5,302,10,0,10,312
11/26/2000,FAT,CA,AWP,WE,Towers with Radar,40,98,103,3,244,0,22,85,1,108,40,120,188,4,352,180,2,182,534
11/27/2000,FAT,CA,AWP,WE,Towers with Radar,41,104,74,13,232,0,17,61,7,85,41,121,135,20,317,52,14,66,383
11/28/2000,FAT,CA,AWP,WE,Towers with Radar,46,123,132,38,339,0,20,81,7,108,46,143,213,45,447,144,4,148,595
11/29/2000,FAT,CA,AWP,WE,Towers with Radar,51,109,90,21,271,1,12,142,3,158,52,121,232,24,429,266,0,266,695
11/30/2000,FAT,CA,AWP,WE,Towers with Radar,52,117,71,17,257,0,25,211,15,251,52,142,282,32,508,174,0,174,682
12/01/2000,FAT,CA,AWP,WE,Towers with Radar,47,102,102,16,267,0,15,126,11,152,47,117,228,27,419,376,0,376,795
12/02/2000,FAT,CA,AWP,WE,Towers with Radar,30,92,85,16,223,0,1,4,1,6,30,93,89,17,229,0,0,0,229
12/03/2000,FAT,CA,AWP,WE,Towers with Radar,31,58,77,2,168,0,0,7,0,7,31,58,84,2,175,6,0,6,181
12/04/2000,FAT,CA,AWP,WE,Towers with Radar,40,106,90,28,264,0,0,6,0,6,40,106,96,28,270,38,0,38,308
12/05/2000,FAT,CA,AWP,WE,Towers with Radar,39,108,109,38,294,0,5,43,0,48,39,113,152,38,342,0,0,0,342
12/06/2000,FAT,CA,AWP,WE,Towers with Radar,44,97,147,23,311,0,35,100,12,147,44,132,247,35,458,8,0,8,466
12/07/2000,FAT,CA,AWP,WE,Towers with Radar,43,115,135,25,318,0,14,78,1,93,43,129,213,26,411,96,0,96,507
12/08/2000,FAT,CA,AWP,WE,Towers with Radar,51,113,76,12,252,0,13,163,4,180,51,126,239,16,432,60,0,60,492
12/09/2000,FAT,CA,AWP,WE,Towers with Radar,42,98,108,9,257,0,12,94,11,117,42,110,202,20,374,200,0,200,574
12/10/2000,FAT,CA,AWP,WE,Towers with Radar,42,102,58,9,211,0,13,130,1,144,42,115,188,10,355,308,0,308,663
12/11/2000,FAT,CA,AWP,WE,Towers with Radar,44,111,72,10,237,0,15,186,8,209,44,126,258,18,446,328,12,340,786
12/12/2000,FAT,CA,AWP,WE,Towers with Radar,45,108,76,17,246,0,19,178,15,212,45,127,254,32,458,266,24,290,748
12/13/2000,FAT,CA,AWP,WE,Towers with Radar,46,112,84,20,262,0,18,198,2,218,46,130,282,22,480,496,8,504,984
12/14/2000,FAT,CA,AWP,WE,Towers with Radar,48,112,61,26,247,0,10,120,10,140,48,122,181,36,387,352,24,376,763
12/15/2000,FAT,CA,AWP,WE,Towers with Radar,45,107,98,38,288,0,25,133,12,170,45,132,231,50,458,110,0,110,568
12/16/2000,FAT,CA,AWP,WE,Towers with Radar,36,99,86,14,235,0,5,109,5,119,36,104,195,19,354,84,0,84,438
12/17/2000,FAT,CA,AWP,WE,Towers with Radar,41,93,89,9,232,0,0,8,0,8,41,93,97,9,240,0,0,0,240
12/18/2000,FAT,CA,AWP,WE,Towers with Radar,40,99,53,20,212,0,11,111,5,127,40,110,164,25,339,138,12,150,489
12/19/2000,FAT,CA,AWP,WE,Towers with Radar,48,93,25,22,188,1,24,183,10,218,49,117,208,32,406,356,36,392,798
12/20/2000,FAT,CA,AWP,WE,Towers with Radar,48,99,51,15,213,0,24,204,19,247,48,123,255,34,460,306,24,330,790
12/21/2000,FAT,CA,AWP,WE,Towers with Radar,45,98,75,18,236,0,29,187,8,224,45,127,262,26,460,198,2,200,660
12/22/2000,FAT,CA,AWP,WE,Towers with Radar,46,102,57,13,218,0,25,124,2,151,46,127,181,15,369,120,0,120,489
12/23/2000,FAT,CA,AWP,WE,Towers with Radar,40,97,58,8,203,0,25,126,2,153,40,122,184,10,356,162,0,162,518
12/24/2000,FAT,CA,AWP,WE,Towers with Radar,39,100,82,1,222,0,0,24,0,24,39,100,106,1,246,0,0,0,246
12/25/2000,FAT,CA,AWP,WE,Towers with Radar,37,67,45,0,149,0,2,13,1,16,37,69,58,1,165,0,0,0,165
12/26/2000,FAT,CA,AWP,WE,Towers with Radar,36,93,63,13,205,0,13,101,2,116,36,106,164,15,321,172,4,176,497
12/27/2000,FAT,CA,AWP,WE,Towers with Radar,39,111,66,12,228,0,29,129,10,168,39,140,195,22,396,222,4,226,622
12/28/2000,FAT,CA,AWP,WE,Towers with Radar,41,104,51,20,216,0,21,117,9,147,41,125,168,29,363,144,0,144,507
12/29/2000,FAT,CA,AWP,WE,Towers with Radar,43,113,107,28,291,0,20,101,9,130,43,133,208,37,421,86,4,90,511
12/30/2000,FAT,CA,AWP,WE,Towers with Radar,35,96,85,5,221,0,4,48,1,53,35,100,133,6,274,78,0,78,352
12/31/2000,FAT,CA,AWP,WE,Towers with Radar,33,77,61,11,182,5,8,20,0,33,38,85,81,11,215,0,0,0,215
01/01/2001,FAT,CA,AWP,WE,Towers with Radar,37,87,82,15,221,0,1,28,1,30,37,88,110,16,251,44,0,44,295
01/02/2001,FAT,CA,AWP,WE,Towers with Radar,39,102,64,48,253,0,31,66,12,109,39,133,130,60,362,14,0,14,376
01/03/2001,FAT,CA,AWP,WE,Towers with Radar,46,113,100,23,282,0,29,87,3,119,46,142,187,26,401,448,8,456,857
01/04/2001,FAT,CA,AWP,WE,Towers with Radar,42,114,102,29,287,0,7,42,2,51,42,121,144,31,338,26,0,26,364
01/05/2001,FAT,CA,AWP,WE,Towers with Radar,45,113,97,21,276,0,20,93,13,126,45,133,190,34,402,608,14,622,1024
01/06/2001,FAT,CA,AWP,WE,Towers with Radar,38,100,81,29,248,0,24,108,12,144,38,124,189,41,392,60,0,60,452
01/07/2001,FAT,CA,AWP,WE,Towers with Radar,40,93,59,14,206,0,18,127,12,157,40,111,186,26,363,44,0,44,407
01/08/2001,FAT,CA,AWP,WE,Towers with Radar,41,108,65,22,236,0,20,113,4,137,41,128,178,26,373,36,2,38,411
01/09/2001,FAT,CA,AWP,WE,Towers with Radar,47,109,96,29,281,0,28,142,9,179,47,137,238,38,460,572,8,580,1040
01/10/2001,FAT,CA,AWP,WE,Towers with Radar,40,96,87,16,239,0,20,136,22,178,40,116,223,38,417,396,10,406,823
01/11/2001,FAT,CA,AWP,WE,Towers with Radar,42,106,80,17,245,0,19,124,8,151,42,125,204,25,396,272,0,272,668
01/12/2001,FAT,CA,AWP,WE,Towers with Radar,37,101,70,14,222,0,17,154,8,179,37,118,224,22,401,346,0,346,747
01/13/2001,FAT,CA,AWP,WE,Towers with Radar,30,81,36,8,155,1,11,147,2,161,31,92,183,10,316,262,0,262,578
01/14/2001,FAT,CA,AWP,WE,Towers with Radar,32,74,34,1,141,0,13,135,2,150,32,87,169,3,291,286,6,292,583
01/15/2001,FAT,CA,AWP,WE,Towers with Radar,43,95,56,12,206,0,15,169,9,193,43,110,225,21,399,150,0,150,549
01/16/2001,FAT,CA,AWP,WE,Towers with Radar,41,105,43,19,208,0,19,156,6,181,41,124,199,25,389,328,0,328,717
01/17/2001,FAT,CA,AWP,WE,Towers with Radar,42,104,51,26,223,0,33,182,18,233,42,137,233,44,456,320,18,338,794
01/18/2001,FAT,CA,AWP,WE,Towers with Radar,45,107,46,21,219,0,18,156,17,191,45,125,202,38,410,260,12,272,682
01/19/2001,FAT,CA,AWP,WE,Towers with Radar,37,103,92,22,254,0,15,103,10,128,37,118,195,32,382,334,0,334,716
01/20/2001,FAT,CA,AWP,WE,Towers with Radar,32,105,59,32,228,0,9,54,1,64,32,114,113,33,292,330,16,346,638
01/21/2001,FAT,CA,AWP,WE,Towers with Radar,36,77,56,21,190,0,10,114,2,126,36,87,170,23,316,262,0,262,578
01/22/2001,FAT,CA,AWP,WE,Towers with Radar,40,107,43,20,210,0,21,186,6,213,40,128,229,26,423,388,0,388,811
01/23/2001,FAT,CA,AWP,WE,Towers with Radar,48,119,46,26,239,0,14,166,8,188,48,133,212,34,427,250,6,256,683
01/24/2001,FAT,CA,AWP,WE,Towers with Radar,41,113,114,21,289,0,26,90,7,123,41,139,204,28,412,260,0,260,672
01/25/2001,FAT,CA,AWP,WE,Towers with Radar,36,99,84,21,240,0,21,168,13,202,36,120,252,34,442,238,20,258,700
01/26/2001,FAT,CA,AWP,WE,Towers with Radar,42,101,62,30,235,0,11,115,8,134,42,112,177,38,369,190,0,190,559
01/27/2001,FAT,CA,AWP,WE,Towers with Radar,28,88,80,28,224,0,24,95,6,125,28,112,175,34,349,190,0,190,539
01/28/2001,FAT,CA,AWP,WE,Towers with Radar,37,92,41,10,180,0,2,145,2,149,37,94,186,12,329,180,36,216,545
01/29/2001,FAT,CA,AWP,WE,Towers with Radar,34,93,80,14,221,0,22,155,4,181,34,115,235,18,402,404,42,446,848
01/30/2001,FAT,CA,AWP,WE,Towers with Radar,41,113,96,17,267,0,14,68,3,85,41,127,164,20,352,430,0,430,782
01/31/2001,FAT,CA,AWP,WE,Towers with Radar,52,99,56,17,224,0,40,175,9,224,52,139,231,26,448,102,0,102,550
02/01/2001,FAT,CA,AWP,WE,Towers with Radar,40,103,45,23,211,1,14,176,18,209,41,117,221,41,420,276,0,276,696
02/02/2001,FAT,CA,AWP,WE,Towers with Radar,37,103,43,27,210,0,18,238,7,263,37,121,281,34,473,604,64,668,1141
02/03/2001,FAT,CA,AWP,WE,Towers with Radar,34,90,48,47,219,0,10,159,8,177,34,100,207,55,396,156,10,166,562
02/04/2001,FAT,CA,AWP,WE,Towers with Radar,36,95,59,14,204,0,5,94,14,113,36,100,153,28,317,80,0,80,397
02/05/2001,FAT,CA,AWP,WE,Towers with Radar,33,103,126,63,325,0,19,81,7,107,33,122,207,70,432,62,0,62,494
02/06/2001,FAT,CA,AWP,WE,Towers with Radar,42,111,60,66,279,0,13,134,14,161,42,124,194,80,440,592,26,618,1058
02/07/2001,FAT,CA,AWP,WE,Towers with Radar,41,99,25,30,195,0,20,210,12,242,41,119,235,42,437,446,0,446,883
02/08/2001,FAT,CA,AWP,WE,Towers with Radar,43,99,29,31,202,0,29,253,6,288,43,128,282,37,490,316,4,320,810
02/09/2001,FAT,CA,AWP,WE,Towers with Radar,41,98,64,10,213,0,19,141,21,181,41,117,205,31,394,344,10,354,748
02/10/2001,FAT,CA,AWP,WE,Towers with Radar,38,96,60,98,292,0,13,80,4,97,38,109,140,102,389,264,0,264,653
02/11/2001,FAT,CA,AWP,WE,Towers with Radar,34,85,62,19,200,0,21,59,9,89,34,106,121,28,289,70,0,70,359
02/12/2001,FAT,CA,AWP,WE,Towers with Radar,44,100,65,30,239,2,11,150,3,166,46,111,215,33,405,362,18,380,785
02/13/2001,FAT,CA,AWP,WE,Towers with Radar,39,109,87,56,291,0,12,123,3,138,39,121,210,59,429,456,0,456,885
02/14/2001,FAT,CA,AWP,WE,Towers with Radar,42,103,28,13,186,0,28,265,11,304,42,131,293,24,490,626,0,626,1116
02/15/2001,FAT,CA,AWP,WE,Towers with Radar,37,94,58,26,215,2,30,190,0,222,39,124,248,26,437,278,8,286,723
02/16/2001,FAT,CA,AWP,WE,Towers with Radar,42,90,37,24,193,0,15,258,9,282,42,105,295,33,475,618,0,618,1093
02/17/2001,FAT,CA,AWP,WE,Towers with Radar,33,99,57,53,242,0,19,146,5,170,33,118,203,58,412,208,0,208,620
02/18/2001,FAT,CA,AWP,WE,Towers with Radar,43,99,63,44,249,0,14,121,2,137,43,113,184,46,386,242,0,242,628
02/19/2001,FAT,CA,AWP,WE,Towers with Radar,42,96,85,9,232,0,8,99,4,111,42,104,184,13,343,112,0,112,455
02/20/2001,FAT,CA,AWP,WE,Towers with Radar,38,108,74,17,237,0,9,231,7,247,38,117,305,24,484,340,16,356,840
02/21/2001,FAT,CA,AWP,WE,Towers with Radar,40,95,89,17,241,0,14,148,6,168,40,109,237,23,409,544,10,554,963
02/22/2001,FAT,CA,AWP,WE,Towers with Radar,41,99,69,36,245,0,10,144,6,160,41,109,213,42,405,464,2,466,871
02/23/2001,FAT,CA,AWP,WE,Towers with Radar,41,101,65,22,229,0,12,171,2,185,41,113,236,24,414,244,0,244,658
02/24/2001,FAT,CA,AWP,WE,Towers with Radar,38,96,104,8,246,0,22,100,7,129,38,118,204,15,375,30,0,30,405
02/25/2001,FAT,CA,AWP,WE,Towers with Radar,37,98,67,4,206,0,2,140,1,143,37,100,207,5,349,246,2,248,597
02/26/2001,FAT,CA,AWP,WE,Towers with Radar,41,102,56,24,223,0,30,152,15,197,41,132,208,39,420,614,6,620,1040
02/27/2001,FAT,CA,AWP,WE,Towers with Radar,40,111,65,21,237,0,27,234,5,266,40,138,299,26,503,440,20,460,963
02/28/2001,FAT,CA,AWP,WE,Towers with Radar,40,106,65,18,229,0,17,174,7,198,40,123,239,25,427,500,12,512,939
03/01/2001,FAT,CA,AWP,WE,Towers with Radar,41,108,68,25,242,0,23,213,16,252,41,131,281,41,494,456,16,472,966
03/02/2001,FAT,CA,AWP,WE,Towers with Radar,41,103,73,26,243,0,25,146,9,180,41,128,219,35,423,430,2,432,855
03/03/2001,FAT,CA,AWP,WE,Towers with Radar,37,102,88,42,269,0,12,137,6,155,37,114,225,48,424,292,36,328,752
03/04/2001,FAT,CA,AWP,WE,Towers with Radar,39,90,82,13,224,0,20,79,8,107,39,110,161,21,331,10,0,10,341
03/05/2001,FAT,CA,AWP,WE,Towers with Radar,41,106,57,15,219,0,18,97,10,125,41,124,154,25,344,562,0,562,906
03/06/2001,FAT,CA,AWP,WE,Towers with Radar,40,119,115,39,313,0,16,120,5,141,40,135,235,44,454,352,0,352,806
03/07/2001,FAT,CA,AWP,WE,Towers with Radar,44,102,51,31,228,0,21,166,1,188,44,123,217,32,416,366,2,368,784
03/08/2001,FAT,CA,AWP,WE,Towers with Radar,41,99,43,36,219,0,19,197,42,258,41,118,240,78,477,460,64,524,1001
03/09/2001,FAT,CA,AWP,WE,Towers with Radar,43,105,98,15,261,0,24,186,15,225,43,129,284,30,486,480,0,480,966
03/10/2001,FAT,CA,AWP,WE,Towers with Radar,38,108,53,17,216,0,13,167,8,188,38,121,220,25,404,328,14,342,746
03/11/2001,FAT,CA,AWP,WE,Towers with Radar,40,94,99,16,249,0,14,180,9,203,40,108,279,25,452,422,0,422,874
03/12/2001,FAT,CA,AWP,WE,Towers with Radar,40,101,70,21,232,1,32,196,3,232,41,133,266,24,464,416,12,428,892
03/13/2001,FAT,CA,AWP,WE,Towers with Radar,40,106,54,19,219,0,35,220,8,263,40,141,274,27,482,602,12,614,1096
03/14/2001,FAT,CA,AWP,WE,Towers with Radar,41,103,53,26,223,0,33,243,11,287,41,136,296,37,510,594,14,608,1118
03/15/2001,FAT,CA,AWP,WE,Towers with Radar,42,100,77,19,238,0,25,203,13,241,42,125,280,32,479,588,0,588,1067
03/16/2001,FAT,CA,AWP,WE,Towers with Radar,39,92,67,34,232,0,23,214,6,243,39,115,281,40,475,382,0,382,857
03/17/2001,FAT,CA,AWP,WE,Towers with Radar,39,97,21,15,172,78,135,0,455,668,117,232,21,470,840,6,0,6,846
03/18/2001,FAT,CA,AWP,WE,Towers with Radar,38,86,84,4,212,0,4,178,13,195,38,90,262,17,407,220,12,232,639
03/19/2001,FAT,CA,AWP,WE,Towers with Radar,40,88,64,8,200,0,21,189,3,213,40,109,253,11,413,700,12,712,1125
03/20/2001,FAT,CA,AWP,WE,Towers with Radar,41,97,60,19,217,0,20,240,11,271,41,117,300,30,488,586,18,604,1092
03/21/2001,FAT,CA,AWP,WE,Towers with Radar,39,92,37,25,193,0,9,267,19,295,39,101,304,44,488,664,22,686,1174
03/22/2001,FAT,CA,AWP,WE,Towers with Radar,39,91,97,27,254,0,18,270,9,297,39,109,367,36,551,696,8,704,1255
03/23/2001,FAT,CA,AWP,WE,Towers with Radar,40,92,57,13,202,0,16,267,8,291,40,108,324,21,493,328,0,328,821
03/24/2001,FAT,CA,AWP,WE,Towers with Radar,38,95,49,5,187,1,22,208,14,245,39,117,257,19,432,508,0,508,940
03/25/2001,FAT,CA,AWP,WE,Towers with Radar,40,100,48,4,192,0,22,165,16,203,40,122,213,20,395,392,10,402,797
03/26/2001,FAT,CA,AWP,WE,Towers with Radar,37,91,63,70,261,0,21,195,20,236,37,112,258,90,497,586,56,642,1139
03/27/2001,FAT,CA,AWP,WE,Towers with Radar,44,105,46,18,213,0,22,216,14,252,44,127,262,32,465,474,48,522,987
03/28/2001,FAT,CA,AWP,WE,Towers with Radar,48,91,74,37,250,0,31,225,21,277,48,122,299,58,527,794,16,810,1337
03/29/2001,FAT,CA,AWP,WE,Towers with Radar,55,139,49,33,276,0,47,405,21,473,55,186,454,54,749,604,12,616,1365
03/30/2001,FAT,CA,AWP,WE,Towers with Radar,38,98,50,31,217,0,26,210,14,250,38,124,260,45,467,526,0,526,993
03/31/2001,FAT,CA,AWP,WE,Towers with Radar,38,75,20,21,154,0,12,155,7,174,38,87,175,28,328,514,14,528,856
04/01/2001,FAT,CA,AWP,WE,Towers with Radar,44,101,59,23,227,0,14,224,5,243,44,115,283,28,470,308,0,308,778
04/02/2001,FAT,CA,AWP,WE,Towers with Radar,42,99,58,35,234,0,19,199,13,231,42,118,257,48,465,718,34,752,1217
04/03/2001,FAT,CA,AWP,WE,Towers with Radar,43,98,51,32,224,0,15,187,13,215,43,113,238,45,439,604,10,614,1053
04/04/2001,FAT,CA,AWP,WE,Towers with Radar,46,97,51,42,236,0,21,169,9,199,46,118,220,51,435,426,10,436,871
04/05/2001,FAT,CA,AWP,WE,Towers with Radar,41,97,75,40,253,0,19,245,7,271,41,116,320,47,524,536,2,538,1062
04/06/2001,FAT,CA,AWP,WE,Towers with Radar,41,103,84,56,284,0,13,174,10,197,41,116,258,66,481,602,0,602,1083
04/07/2001,FAT,CA,AWP,WE,Towers with Radar,32,81,211,31,355,0,8,155,9,172,32,89,366,40,527,834,26,860,1387
04/08/2001,FAT,CA,AWP,WE,Towers with Radar,38,82,137,40,297,0,6,179,9,194,38,88,316,49,491,556,10,566,1057
04/09/2001,FAT,CA,AWP,WE,Towers with Radar,41,102,35,21,199,0,14,126,3,143,41,116,161,24,342,258,0,258,600
04/10/2001,FAT,CA,AWP,WE,Towers with Radar,53,104,35,35,227,0,29,209,16,254,53,133,244,51,481,720,0,720,1201
04/11/2001,FAT,CA,AWP,WE,Towers with Radar,42,104,35,82,263,0,26,181,8,215,42,130,216,90,478,440,38,478,956
04/12/2001,FAT,CA,AWP,WE,Towers with Radar,49,99,53,60,261,0,25,207,18,250,49,124,260,78,511,598,2,600,1111
04/13/2001,FAT,CA,AWP,WE,Towers with Radar,43,92,59,22,216,0,24,194,12,230,43,116,253,34,446,418,16,434,880
04/14/2001,FAT,CA,AWP,WE,Towers with Radar,37,94,55,11,197,0,28,185,13,226,37,122,240,24,423,366,14,380,803
04/15/2001,FAT,CA,AWP,WE,Towers with Radar,34,88,37,52,211,0,9,152,5,166,34,97,189,57,377,180,128,308,685
04/16/2001,FAT,CA,AWP,WE,Towers with Radar,43,104,47,35,229,0,24,226,22,272,43,128,273,57,501,550,4,554,1055
04/17/2001,FAT,CA,AWP,WE,Towers with Radar,42,94,77,92,305,0,89,279,21,389,42,183,356,113,694,604,0,604,1298
04/18/2001,FAT,CA,AWP,WE,Towers with Radar,43,96,43,51,233,0,136,217,15,368,43,232,260,66,601,550,36,586,1187
04/19/2001,FAT,CA,AWP,WE,Towers with Radar,44,104,79,70,297,0,40,128,3,171,44,144,207,73,468,294,4,298,766
04/20/2001,FAT,CA,AWP,WE,Towers with Radar,41,97,72,19,229,0,16,152,21,189,41,113,224,40,418,196,0,196,614
04/21/2001,FAT,CA,AWP,WE,Towers with Radar,37,97,50,36,220,0,18,148,10,176,37,115,198,46,396,62,0,62,458
04/22/2001,FAT,CA,AWP,WE,Towers with Radar,39,91,36,15,181,0,16,154,7,177,39,107,190,22,358,448,12,460,818
04/23/2001,FAT,CA,AWP,WE,Towers with Radar,41,102,46,26,215,0,25,254,10,289,41,127,300,36,504,458,0,458,962
04/24/2001,FAT,CA,AWP,WE,Towers with Radar,40,96,49,27,212,0,22,252,5,279,40,118,301,32,491,562,8,570,1061
04/25/2001,FAT,CA,AWP,WE,Towers with Radar,48,92,32,22,194,0,25,260,8,293,48,117,292,30,487,572,2,574,1061
04/26/2001,FAT,CA,AWP,WE,Towers with Radar,45,100,49,35,229,0,32,243,17,292,45,132,292,52,521,280,2,282,803
04/27/2001,FAT,CA,AWP,WE,Towers with Radar,41,94,58,32,225,5,19,211,0,235,46,113,269,32,460,352,0,352,812
04/28/2001,FAT,CA,AWP,WE,Towers with Radar,38,90,25,12,165,0,16,144,10,170,38,106,169,22,335,290,0,290,625
04/29/2001,FAT,CA,AWP,WE,Towers with Radar,39,87,38,13,177,0,6,121,3,130,39,93,159,16,307,306,0,306,613
04/30/2001,FAT,CA,AWP,WE,Towers with Radar,39,103,50,17,209,0,28,211,7,246,39,131,261,24,455,886,2,888,1343
05/01/2001,FAT,CA,AWP,WE,Towers with Radar,43,98,81,49,271,0,30,235,6,271,43,128,316,55,542,494,6,500,1042
05/02/2001,FAT,CA,AWP,WE,Towers with Radar,40,97,28,60,225,0,30,196,14,240,40,127,224,74,465,558,22,580,1045
05/03/2001,FAT,CA,AWP,WE,Towers with Radar,42,92,52,56,242,0,32,223,10,265,42,124,275,66,507,474,0,474,981
05/04/2001,FAT,CA,AWP,WE,Towers with Radar,40,91,68,14,213,0,27,270,16,313,40,118,338,30,526,470,16,486,1012
05/05/2001,FAT,CA,AWP,WE,Towers with Radar,39,98,27,7,171,0,21,180,14,215,39,119,207,21,386,244,16,260,646
05/06/2001,FAT,CA,AWP,WE,Towers with Radar,38,90,22,28,178,1,13,168,5,187,39,103,190,33,365,494,0,494,859
05/07/2001,FAT,CA,AWP,WE,Towers with Radar,39,90,61,23,213,0,27,227,13,267,39,117,288,36,480,472,0,472,952
05/08/2001,FAT,CA,AWP,WE,Towers with Radar,57,113,40,12,222,1,36,262,21,320,58,149,302,33,542,556,0,556,1098
05/09/2001,FAT,CA,AWP,WE,Towers with Radar,41,96,60,25,222,0,32,229,12,273,41,128,289,37,495,728,14,742,1237
05/10/2001,FAT,CA,AWP,WE,Towers with Radar,39,98,64,10,211,0,36,244,52,332,39,134,308,62,543,510,14,524,1067
05/11/2001,FAT,CA,AWP,WE,Towers with Radar,40,98,52,31,221,0,31,309,39,379,40,129,361,70,600,568,34,602,1202
05/12/2001,FAT,CA,AWP,WE,Towers with Radar,39,90,51,14,194,0,22,304,19,345,39,112,355,33,539,262,0,262,801
05/13/2001,FAT,CA,AWP,WE,Towers with Radar,38,86,16,16,156,0,13,198,28,239,38,99,214,44,395,410,20,430,825
05/14/2001,FAT,CA,AWP,WE,Towers with Radar,38,97,69,21,225,0,26,223,17,266,38,123,292,38,491,768,2,770,1261
05/15/2001,FAT,CA,AWP,WE,Towers with Radar,42,127,53,10,232,0,27,176,6,209,42,154,229,16,441,704,0,704,1145
05/16/2001,FAT,CA,AWP,WE,Towers with Radar,45,95,61,38,239,0,40,256,4,300,45,135,317,42,539,582,0,582,1121
05/17/2001,FAT,CA,AWP,WE,Towers with Radar,39,98,37,32,206,0,31,256,5,292,39,129,293,37,498,560,0,560,1058
05/18/2001,FAT,CA,AWP,WE,Towers with Radar,44,101,53,34,232,0,34,257,15,306,44,135,310,49,538,586,0,586,1124
05/19/2001,FAT,CA,AWP,WE,Towers with Radar,36,97,48,3,184,0,16,157,3,176,36,113,205,6,360,584,0,584,944
05/20/2001,FAT,CA,AWP,WE,Towers with Radar,44,95,24,4,167,0,10,194,7,211,44,105,218,11,378,326,0,326,704
05/21/2001,FAT,CA,AWP,WE,Towers with Radar,47,102,20,23,192,0,23,236,3,262,47,125,256,26,454,548,12,560,1014
05/22/2001,FAT,CA,AWP,WE,Towers with Radar,42,87,73,16,218,0,35,280,7,322,42,122,353,23,540,482,0,482,1022
05/23/2001,FAT,CA,AWP,WE,Towers with Radar,39,94,52,19,204,0,36,245,23,304,39,130,297,42,508,470,16,486,994
05/24/2001,FAT,CA,AWP,WE,Towers with Radar,41,89,80,32,242,0,25,229,9,263,41,114,309,41,505,844,0,844,1349
05/25/2001,FAT,CA,AWP,WE,Towers with Radar,42,107,62,32,243,0,30,235,10,275,42,137,297,42,518,294,8,302,820
05/26/2001,FAT,CA,AWP,WE,Towers with Radar,35,92,41,4,172,0,39,215,10,264,35,131,256,14,436,474,26,500,936
05/27/2001,FAT,CA,AWP,WE,Towers with Radar,38,87,25,14,164,0,11,91,6,108,38,98,116,20,272,118,0,118,390
05/28/2001,FAT,CA,AWP,WE,Towers with Radar,39,95,36,16,186,1,22,199,13,235,40,117,235,29,421,460,8,468,889
05/29/2001,FAT,CA,AWP,WE,Towers with Radar,46,100,31,20,197,0,56,215,14,285,46,156,246,34,482,520,4,524,1006
05/30/2001,FAT,CA,AWP,WE,Towers with Radar,43,97,58,25,223,0,42,206,12,260,43,139,264,37,483,252,8,260,743
05/31/2001,FAT,CA,AWP,WE,Towers with Radar,42,95,42,21,200,0,42,216,16,274,42,137,258,37,474,518,18,536,1010
06/01/2001,FAT,CA,AWP,WE,Towers with Radar,45,111,50,34,240,0,22,229,17,268,45,133,279,51,508,340,0,340,848
06/02/2001,FAT,CA,AWP,WE,Towers with Radar,30,81,35,33,179,1,21,147,12,181,31,102,182,45,360,310,10,320,680
06/03/2001,FAT,CA,AWP,WE,Towers with Radar,40,91,34,10,175,1,20,207,9,237,41,111,241,19,412,224,0,224,636
06/04/2001,FAT,CA,AWP,WE,Towers with Radar,37,99,30,6,172,1,24,231,7,263,38,123,261,13,435,338,4,342,777
06/05/2001,FAT,CA,AWP,WE,Towers with Radar,41,95,23,33,192,0,31,190,9,230,41,126,213,42,422,390,4,394,816
06/06/2001,FAT,CA,AWP,WE,Towers with Radar,43,94,53,47,237,0,36,244,17,297,43,130,297,64,534,470,62,532,1066
06/07/2001,FAT,CA,AWP,WE,Towers with Radar,44,88,39,17,188,0,31,245,27,303,44,119,284,44,491,368,42,410,901
06/08/2001,FAT,CA,AWP,WE,Towers with Radar,41,91,53,24,209,0,21,229,16,266,41,112,282,40,475,444,32,476,951
06/09/2001,FAT,CA,AWP,WE,Towers with Radar,32,91,35,22,180,0,12,166,8,186,32,103,201,30,366,216,22,238,604
06/10/2001,FAT,CA,AWP,WE,Towers with Radar,48,98,19,4,169,0,19,162,4,185,48,117,181,8,354,398,4,402,756
06/11/2001,FAT,CA,AWP,WE,Towers with Radar,41,110,34,14,199,1,43,220,8,272,42,153,254,22,471,632,6,638,1109
06/12/2001,FAT,CA,AWP,WE,Towers with Radar,44,92,26,23,185,0,30,212,7,249,44,122,238,30,434,416,16,432,866
06/13/2001,FAT,CA,AWP,WE,Towers with Radar,47,92,30,37,206,0,54,209,23,286,47,146,239,60,492,374,0,374,866
06/14/2001,FAT,CA,AWP,WE,Towers with Radar,46,97,55,46,244,0,46,234,21,301,46,143,289,67,545,186,28,214,759
06/15/2001,FAT,CA,AWP,WE,Towers with Radar,41,96,47,35,219,0,32,268,17,317,41,128,315,52,536,334,2,336,872
06/16/2001,FAT,CA,AWP,WE,Towers with Radar,32,88,31,48,199,0,31,202,4,237,32,119,233,52,436,354,40,394,830
06/17/2001,FAT,CA,AWP,WE,Towers with Radar,41,81,16,32,170,0,31,150,5,186,41,112,166,37,356,346,0,346,702
06/18/2001,FAT,CA,AWP,WE,Towers with Radar,39,105,42,24,210,1,39,162,8,210,40,144,204,32,420,470,2,472,892
06/19/2001,FAT,CA,AWP,WE,Towers with Radar,46,99,18,27,190,0,26,182,7,215,46,125,200,34,405,270,18,288,693
06/20/2001,FAT,CA,AWP,WE,Towers with Radar,48,94,44,31,217,0,58,267,12,337,48,152,311,43,554,716,36,752,1306
06/21/2001,FAT,CA,AWP,WE,Towers with Radar,41,94,64,29,228,0,45,248,7,300,41,139,312,36,528,672,6,678,1206
06/22/2001,FAT,CA,AWP,WE,Towers with Radar,40,91,66,18,215,0,44,202,15,261,40,135,268,33,476,518,18,536,1012
06/23/2001,FAT,CA,AWP,WE,Towers with Radar,33,81,37,7,158,0,28,190,18,236,33,109,227,25,394,260,2,262,656
06/24/2001,FAT,CA,AWP,WE,Towers with Radar,40,88,32,12,172,0,22,163,8,193,40,110,195,20,365,328,4,332,697
06/25/2001,FAT,CA,AWP,WE,Towers with Radar,45,102,36,28,211,0,31,178,10,219,45,133,214,38,430,560,0,560,990
06/26/2001,FAT,CA,AWP,WE,Towers with Radar,44,99,58,45,246,0,32,195,20,247,44,131,253,65,493,590,14,604,1097
06/27/2001,FAT,CA,AWP,WE,Towers with Radar,47,94,58,61,260,0,26,233,13,272,47,120,291,74,532,616,10,626,1158
06/28/2001,FAT,CA,AWP,WE,Towers with Radar,46,95,80,45,266,0,39,210,17,266,46,134,290,62,532,592,6,598,1130
06/29/2001,FAT,CA,AWP,WE,Towers with Radar,33,89,55,49,226,0,38,223,23,284,33,127,278,72,510,396,10,406,916
06/30/2001,FAT,CA,AWP,WE,Towers with Radar,34,80,38,18,170,0,20,142,8,170,34,100,180,26,340,224,0,224,564
07/01/2001,FAT,CA,AWP,WE,Towers with Radar,41,80,18,8,147,1,6,149,0,156,42,86,167,8,303,498,10,508,811
07/02/2001,FAT,CA,AWP,WE,Towers with Radar,40,94,26,41,201,0,34,202,9,245,40,128,228,50,446,316,6,322,768
07/03/2001,FAT,CA,AWP,WE,Towers with Radar,41,100,41,61,243,0,42,247,17,306,41,142,288,78,549,316,34,350,899
07/04/2001,FAT,CA,AWP,WE,Towers with Radar,39,84,40,12,175,0,11,134,11,156,39,95,174,23,331,286,0,286,617
07/05/2001,FAT,CA,AWP,WE,Towers with Radar,40,99,48,68,255,0,31,187,13,231,40,130,235,81,486,226,22,248,734
07/06/2001,FAT,CA,AWP,WE,Towers with Radar,42,90,62,30,224,0,49,182,6,237,42,139,244,36,461,240,20,260,721
07/07/2001,FAT,CA,AWP,WE,Towers with Radar,34,85,43,15,177,1,32,195,16,244,35,117,238,31,421,376,22,398,819
07/08/2001,FAT,CA,AWP,WE,Towers with Radar,38,86,46,27,197,6,42,167,7,222,44,128,213,34,419,434,6,440,859
07/09/2001,FAT,CA,AWP,WE,Towers with Radar,40,103,90,53,286,4,42,251,23,320,44,145,341,76,606,790,16,806,1412
07/10/2001,FAT,CA,AWP,WE,Towers with Radar,42,93,34,61,230,1,33,247,19,300,43,126,281,80,530,640,24,664,1194
07/11/2001,FAT,CA,AWP,WE,Towers with Radar,47,104,72,55,278,0,29,234,2,265,47,133,306,57,543,380,38,418,961
07/12/2001,FAT,CA,AWP,WE,Towers with Radar,42,94,60,17,213,0,37,279,18,334,42,131,339,35,547,300,14,314,861
07/13/2001,FAT,CA,AWP,WE,Towers with Radar,43,87,35,34,199,0,46,258,16,320,43,133,293,50,519,468,0,468,987
07/14/2001,FAT,CA,AWP,WE,Towers with Radar,33,79,72,21,205,0,16,194,8,218,33,95,266,29,423,474,4,478,901
07/15/2001,FAT,CA,AWP,WE,Towers with Radar,45,87,57,13,202,0,10,177,8,195,45,97,234,21,397,332,4,336,733
07/16/2001,FAT,CA,AWP,WE,Towers with Radar,41,94,53,8,196,0,28,220,6,254,41,122,273,14,450,476,0,476,926
07/17/2001,FAT,CA,AWP,WE,Towers with Radar,46,93,34,19,192,0,28,260,16,304,46,121,294,35,496,556,20,576,1072
07/18/2001,FAT,CA,AWP,WE,Towers with Radar,44,104,48,11,207,0,36,237,11,284,44,140,285,22,491,612,8,620,1111
07/19/2001,FAT,CA,AWP,WE,Towers with Radar,44,90,69,25,228,0,30,241,20,291,44,120,310,45,519,572,8,580,1099
07/20/2001,FAT,CA,AWP,WE,Towers with Radar,40,89,57,24,210,0,39,294,11,344,40,128,351,35,554,412,36,448,1002
07/21/2001,FAT,CA,AWP,WE,Towers with Radar,33,89,53,17,192,0,21,189,8,218,33,110,242,25,410,330,0,330,740
07/22/2001,FAT,CA,AWP,WE,Towers with Radar,47,110,44,19,220,0,14,154,4,172,47,124,198,23,392,464,2,466,858
07/23/2001,FAT,CA,AWP,WE,Towers with Radar,39,116,38,21,214,0,31,226,5,262,39,147,264,26,476,570,2,572,1048
07/24/2001,FAT,CA,AWP,WE,Towers with Radar,44,96,34,41,215,0,37,212,21,270,44,133,246,62,485,430,30,460,945
07/25/2001,FAT,CA,AWP,WE,Towers with Radar,41,98,43,13,195,0,101,223,10,334,41,199,266,23,529,550,22,572,1101
07/26/2001,FAT,CA,AWP,WE,Towers with Radar,44,104,50,34,232,0,84,247,14,345,44,188,297,48,577,378,6,384,961
07/27/2001,FAT,CA,AWP,WE,Towers with Radar,45,96,84,38,263,0,70,235,14,319,45,166,319,52,582,562,2,564,1146
07/28/2001,FAT,CA,AWP,WE,Towers with Radar,33,86,56,37,212,0,24,162,6,192,33,110,218,43,404,418,26,444,848
07/29/2001,FAT,CA,AWP,WE,Towers with Radar,42,90,45,29,206,0,42,161,7,210,42,132,206,36,416,194,2,196,612
07/30/2001,FAT,CA,AWP,WE,Towers with Radar,40,88,46,20,194,0,22,257,5,284,40,110,303,25,478,604,16,620,1098
07/31/2001,FAT,CA,AWP,WE,Towers with Radar,39,87,47,28,201,1,61,215,31,308,40,148,262,59,509,286,22,308,817
08/01/2001,FAT,CA,AWP,WE,Towers with Radar,51,90,27,22,190,1,50,267,18,336,52,140,294,40,526,370,32,402,928
08/02/2001,FAT,CA,AWP,WE,Towers with Radar,52,94,36,32,214,8,41,246,6,301,60,135,282,38,515,256,14,270,785
08/03/2001,FAT,CA,AWP,WE,Towers with Radar,50,93,38,38,219,2,35,228,20,285,52,128,266,58,504,278,22,300,804
08/04/2001,FAT,CA,AWP,WE,Towers with Radar,34,82,42,19,177,0,28,182,15,225,34,110,224,34,402,254,20,274,676
08/05/2001,FAT,CA,AWP,WE,Towers with Radar,39,88,14,19,160,0,15,172,15,202,39,103,186,34,362,180,30,210,572
08/06/2001,FAT,CA,AWP,WE,Towers with Radar,47,103,54,7,211,0,35,199,2,236,47,138,253,9,447,320,0,320,767
08/07/2001,FAT,CA,AWP,WE,Towers with Radar,46,97,62,31,236,0,29,184,16,229,46,126,246,47,465,478,28,506,971
08/08/2001,FAT,CA,AWP,WE,Towers with Radar,43,94,75,19,231,0,43,223,11,277,43,137,298,30,508,510,12,522,1030
08/09/2001,FAT,CA,AWP,WE,Towers with Radar,44,87,44,45,220,0,32,225,18,275,44,119,269,63,495,370,16,386,881
08/10/2001,FAT,CA,AWP,WE,Towers with Radar,44,94,30,29,197,0,30,257,13,300,44,124,287,42,497,378,14,392,889
08/11/2001,FAT,CA,AWP,WE,Towers with Radar,33,87,81,13,214,0,41,225,9,275,33,128,306,22,489,556,36,592,1081
08/12/2001,FAT,CA,AWP,WE,Towers with Radar,45,94,29,35,203,0,25,137,4,166,45,119,166,39,369,336,18,354,723
08/13/2001,FAT,CA,AWP,WE,Towers with Radar,38,95,40,14,187,0,36,213,13,262,38,131,253,27,449,252,4,256,705
08/14/2001,FAT,CA,AWP,WE,Towers with Radar,42,96,53,21,212,0,35,274,14,323,42,131,327,35,535,342,0,342,877
08/15/2001,FAT,CA,AWP,WE,Towers with Radar,44,89,43,31,207,0,40,234,20,294,44,129,277,51,501,628,58,686,1187
08/16/2001,FAT,CA,AWP,WE,Towers with Radar,40,105,58,25,228,0,49,273,26,348,40,154,331,51,576,480,20,500,1076
08/17/2001,FAT,CA,AWP,WE,Towers with Radar,42,95,52,24,213,0,40,319,14,373,42,135,371,38,586,482,34,516,1102
08/18/2001,FAT,CA,AWP,WE,Towers with Radar,34,91,45,16,186,2,157,257,12,428,36,248,302,28,614,444,0,444,1058
08/19/2001,FAT,CA,AWP,WE,Towers with Radar,49,98,19,10,176,0,64,227,10,301,49,162,246,20,477,330,22,352,829
08/20/2001,FAT,CA,AWP,WE,Towers with Radar,41,92,39,23,195,0,138,236,26,400,41,230,275,49,595,426,4,430,1025
08/21/2001,FAT,CA,AWP,WE,Towers with Radar,42,95,49,58,244,0,172,259,40,471,42,267,308,98,715,544,16,560,1275
08/22/2001,FAT,CA,AWP,WE,Towers with Radar,44,96,52,40,232,0,116,251,37,404,44,212,303,77,636,528,28,556,1192
08/23/2001,FAT,CA,AWP,WE,Towers with Radar,43,100,50,48,241,0,102,263,34,399,43,202,313,82,640,378,12,390,1030
08/24/2001,FAT,CA,AWP,WE,Towers with Radar,46,92,54,23,215,2,51,273,26,352,48,143,327,49,567,418,24,442,1009
08/25/2001,FAT,CA,AWP,WE,Towers with Radar,33,81,29,20,163,0,29,206,11,246,33,110,235,31,409,314,0,314,723
08/26/2001,FAT,CA,AWP,WE,Towers with Radar,49,99,37,12,197,0,32,162,10,204,49,131,199,22,401,98,4,102,503
08/27/2001,FAT,CA,AWP,WE,Towers with Radar,44,93,45,24,206,0,38,250,22,310,44,131,295,46,516,454,30,484,1000
08/28/2001,FAT,CA,AWP,WE,Towers with Radar,46,94,48,30,218,0,42,212,23,277,46,136,260,53,495,618,16,634,1129
08/29/2001,FAT,CA,AWP,WE,Towers with Radar,44,109,45,44,242,0,44,238,52,334,44,153,283,96,576,414,14,428,1004
08/30/2001,FAT,CA,AWP,WE,Towers with Radar,45,96,127,37,305,0,37,309,14,360,45,133,436,51,665,370,22,392,1057
08/31/2001,FAT,CA,AWP,WE,Towers with Radar,45,90,52,12,199,0,17,293,14,324,45,107,345,26,523,490,16,506,1029
09/01/2001,FAT,CA,AWP,WE,Towers with Radar,35,80,30,7,152,0,12,222,5,239,35,92,252,12,391,560,4,564,955
09/02/2001,FAT,CA,AWP,WE,Towers with Radar,38,87,9,11,145,0,22,168,6,196,38,109,177,17,341,422,16,438,779
09/03/2001,FAT,CA,AWP,WE,Towers with Radar,33,80,35,7,155,0,13,202,1,216,33,93,237,8,371,454,0,454,825
09/04/2001,FAT,CA,AWP,WE,Towers with Radar,40,99,86,24,249,0,33,213,14,260,40,132,299,38,509,460,18,478,987
09/05/2001,FAT,CA,AWP,WE,Towers with Radar,57,69,34,31,191,0,40,245,17,302,57,109,279,48,493,570,0,570,1063
09/06/2001,FAT,CA,AWP,WE,Towers with Radar,52,75,35,26,188,0,43,294,9,346,52,118,329,35,534,624,0,624,1158
09/07/2001,FAT,CA,AWP,WE,Towers with Radar,53,69,40,49,211,0,43,236,8,287,53,112,276,57,498,430,2,432,930
09/08/2001,FAT,CA,AWP,WE,Towers with Radar,43,57,50,16,166,0,27,231,9,267,43,84,281,25,433,492,24,516,949
09/09/2001,FAT,CA,AWP,WE,Towers with Radar,56,63,40,30,189,0,12,161,9,182,56,75,201,39,371,240,12,252,623
09/10/2001,FAT,CA,AWP,WE,Towers with Radar,52,69,42,20,183,1,27,220,10,258,53,96,262,30,441,424,20,444,885
09/11/2001,FAT,CA,AWP,WE,Towers with Radar,12,11,4,11,38,0,11,29,7,47,12,22,33,18,85,38,0,38,123
09/12/2001,FAT,CA,AWP,WE,Towers with Radar,1,1,4,22,28,0,2,25,3,30,1,3,29,25,58,70,0,70,128
09/13/2001,FAT,CA,AWP,WE,Towers with Radar,24,31,17,14,86,0,7,18,5,30,24,38,35,19,116,0,58,58,174
09/14/2001,FAT,CA,AWP,WE,Towers with Radar,53,93,22,10,178,0,10,17,5,32,53,103,39,15,210,74,0,74,284
09/15/2001,FAT,CA,AWP,WE,Towers with Radar,40,64,58,10,172,0,17,32,1,50,40,81,90,11,222,132,0,132,354
09/16/2001,FAT,CA,AWP,WE,Towers with Radar,48,68,18,13,147,0,23,27,4,54,48,91,45,17,201,114,10,124,325
09/17/2001,FAT,CA,AWP,WE,Towers with Radar,51,98,69,8,226,0,17,31,3,51,51,115,100,11,277,196,0,196,473
09/18/2001,FAT,CA,AWP,WE,Towers with Radar,56,115,93,24,288,0,14,47,6,67,56,129,140,30,355,116,54,170,525
09/19/2001,FAT,CA,AWP,WE,Towers with Radar,54,107,83,59,303,0,26,18,7,51,54,133,101,66,354,4,0,4,358
09/20/2001,FAT,CA,AWP,WE,Towers with Radar,55,83,90,28,256,0,30,109,20,159,55,113,199,48,415,84,8,92,507
09/21/2001,FAT,CA,AWP,WE,Towers with Radar,53,83,50,23,209,0,30,117,10,157,53,113,167,33,366,116,4,120,486
09/22/2001,FAT,CA,AWP,WE,Towers with Radar,45,56,112,18,231,0,12,220,10,242,45,68,332,28,473,224,4,228,701
09/23/2001,FAT,CA,AWP,WE,Towers with Radar,54,61,98,9,222,0,12,202,5,219,54,73,300,14,441,394,0,394,835
09/24/2001,FAT,CA,AWP,WE,Towers with Radar,50,84,49,16,199,0,21,196,6,223,50,105,245,22,422,188,104,292,714
09/25/2001,FAT,CA,AWP,WE,Towers with Radar,53,74,48,42,217,0,33,211,10,254,53,107,259,52,471,90,18,108,579
09/26/2001,FAT,CA,AWP,WE,Towers with Radar,49,77,74,30,230,0,34,200,21,255,49,111,274,51,485,272,20,292,777
09/27/2001,FAT,CA,AWP,WE,Towers with Radar,55,67,58,16,196,0,28,227,7,262,55,95,285,23,458,222,2,224,682
09/28/2001,FAT,CA,AWP,WE,Towers with Radar,55,62,58,19,194,0,42,250,26,318,55,104,308,45,512,250,2,252,764
09/29/2001,FAT,CA,AWP,WE,Towers with Radar,45,53,48,19,165,0,29,182,1,212,45,82,230,20,377,138,14,152,529
09/30/2001,FAT,CA,AWP,WE,Towers with Radar,49,55,26,5,135,0,23,178,1,202,49,78,204,6,337,98,0,98,435
10/01/2001,FAT,CA,AWP,WE,Towers with Radar,49,68,50,18,185,1,28,291,10,330,50,96,341,28,515,252,10,262,777
10/02/2001,FAT,CA,AWP,WE,Towers with Radar,54,74,25,11,164,1,30,215,12,258,55,104,240,23,422,102,0,102,524
10/03/2001,FAT,CA,AWP,WE,Towers with Radar,51,77,41,24,193,2,29,272,6,309,53,106,313,30,502,98,12,110,612
10/04/2001,FAT,CA,AWP,WE,Towers with Radar,53,70,74,27,224,1,35,235,11,282,54,105,309,38,506,122,8,130,636
10/05/2001,FAT,CA,AWP,WE,Towers with Radar,55,70,38,16,179,2,43,235,5,285,57,113,273,21,464,124,10,134,598
10/06/2001,FAT,CA,AWP,WE,Towers with Radar,48,57,21,16,142,1,18,179,6,204,49,75,200,22,346,64,6,70,416
10/07/2001,FAT,CA,AWP,WE,Towers with Radar,51,59,37,5,152,1,12,174,0,187,52,71,211,5,339,86,0,86,425
10/08/2001,FAT,CA,AWP,WE,Towers with Radar,50,59,40,13,162,1,6,219,5,231,51,65,259,18,393,158,0,158,551
10/09/2001,FAT,CA,AWP,WE,Towers with Radar,51,71,24,21,167,1,44,182,9,236,52,115,206,30,403,156,8,164,567
10/10/2001,FAT,CA,AWP,WE,Towers with Radar,55,75,41,26,197,1,32,234,15,282,56,107,275,41,479,104,0,104,583
10/11/2001,FAT,CA,AWP,WE,Towers with Radar,55,84,48,20,207,1,35,231,23,290,56,119,279,43,497,196,2,198,695
10/12/2001,FAT,CA,AWP,WE,Towers with Radar,51,86,43,43,223,1,51,255,18,325,52,137,298,61,548,158,34,192,740
10/13/2001,FAT,CA,AWP,WE,Towers with Radar,48,63,36,21,168,2,25,179,10,216,50,88,215,31,384,114,8,122,506
10/14/2001,FAT,CA,AWP,WE,Towers with Radar,61,83,43,13,200,1,16,173,3,193,62,99,216,16,393,36,2,38,431
10/15/2001,FAT,CA,AWP,WE,Towers with Radar,50,62,38,19,169,1,19,221,22,263,51,81,259,41,432,278,4,282,714
10/16/2001,FAT,CA,AWP,WE,Towers with Radar,52,79,47,11,189,1,25,202,7,235,53,104,249,18,424,134,8,142,566
10/17/2001,FAT,CA,AWP,WE,Towers with Radar,53,72,36,22,183,1,24,258,13,296,54,96,294,35,479,188,10,198,677
10/18/2001,FAT,CA,AWP,WE,Towers with Radar,58,66,49,13,186,6,45,255,14,320,64,111,304,27,506,186,12,198,704
10/19/2001,FAT,CA,AWP,WE,Towers with Radar,54,63,58,25,200,8,30,206,9,253,62,93,264,34,453,144,4,148,601
10/20/2001,FAT,CA,AWP,WE,Towers with Radar,47,60,40,22,169,1,14,126,16,157,48,74,166,38,326,38,6,44,370
10/21/2001,FAT,CA,AWP,WE,Towers with Radar,45,60,39,14,158,4,9,197,0,210,49,69,236,14,368,40,0,40,408
10/22/2001,FAT,CA,AWP,WE,Towers with Radar,56,80,43,11,190,1,19,205,6,231,57,99,248,17,421,110,0,110,531
10/23/2001,FAT,CA,AWP,WE,Towers with Radar,57,67,49,14,187,0,33,200,6,239,57,100,249,20,426,96,2,98,524
10/24/2001,FAT,CA,AWP,WE,Towers with Radar,58,66,31,17,172,0,29,236,5,270,58,95,267,22,442,126,0,126,568
10/25/2001,FAT,CA,AWP,WE,Towers with Radar,55,71,56,13,195,0,30,240,19,289,55,101,296,32,484,104,4,108,592
10/26/2001,FAT,CA,AWP,WE,Towers with Radar,56,75,80,13,224,0,41,207,13,261,56,116,287,26,485,182,6,188,673
10/27/2001,FAT,CA,AWP,WE,Towers with Radar,48,57,45,8,158,0,22,174,5,201,48,79,219,13,359,148,0,148,507
10/28/2001,FAT,CA,AWP,WE,Towers with Radar,49,53,24,5,131,0,26,146,0,172,49,79,170,5,303,34,0,34,337
10/29/2001,FAT,CA,AWP,WE,Towers with Radar,48,67,56,25,196,0,28,174,9,211,48,95,230,34,407,170,10,180,587
10/30/2001,FAT,CA,AWP,WE,Towers with Radar,56,85,58,24,223,0,7,48,0,55,56,92,106,24,278,26,0,26,304
10/31/2001,FAT,CA,AWP,WE,Towers with Radar,50,98,62,27,237,0,1,157,35,193,50,99,219,62,430,50,16,66,496
11/01/2001,FAT,CA,AWP,WE,Towers with Radar,49,77,85,52,263,0,30,260,13,303,49,107,345,65,566,44,13,57,623
11/02/2001,FAT,CA,AWP,WE,Towers with Radar,42,73,81,28,224,1,23,264,17,305,43,96,345,45,529,98,4,102,631
11/03/2001,FAT,CA,AWP,WE,Towers with Radar,40,57,29,12,138,0,6,176,5,187,40,63,205,17,325,64,0,64,389
11/04/2001,FAT,CA,AWP,WE,Towers with Radar,40,59,40,12,151,0,16,129,6,151,40,75,169,18,302,39,0,39,341
11/05/2001,FAT,CA,AWP,WE,Towers with Radar,41,90,118,31,280,6,4,122,3,135,47,94,240,34,415,28,0,28,443
11/06/2001,FAT,CA,AWP,WE,Towers with Radar,48,85,53,13,199,2,11,204,6,223,50,96,257,19,422,125,0,125,547
11/07/2001,FAT,CA,AWP,WE,Towers with Radar,53,88,59,28,228,0,28,200,10,238,53,116,259,38,466,118,14,132,598
11/08/2001,FAT,CA,AWP,WE,Towers with Radar,47,88,80,31,246,0,21,229,25,275,47,109,309,56,521,72,0,72,593
11/09/2001,FAT,CA,AWP,WE,Towers with Radar,45,75,59,19,198,0,21,228,15,264,45,96,287,34,462,136,12,148,610
11/10/2001,FAT,CA,AWP,WE,Towers with Radar,39,54,57,32,182,0,16,195,8,219,39,70,252,40,401,103,4,107,508
11/11/2001,FAT,CA,AWP,WE,Towers with Radar,41,54,28,6,129,0,3,89,0,92,41,57,117,6,221,28,0,28,249
11/12/2001,FAT,CA,AWP,WE,Towers with Radar,39,64,62,22,187,0,9,77,0,86,39,73,139,22,273,0,0,0,273
11/13/2001,FAT,CA,AWP,WE,Towers with Radar,48,93,93,57,291,1,9,140,6,156,49,102,233,63,447,70,8,78,525
11/14/2001,FAT,CA,AWP,WE,Towers with Radar,49,88,55,30,222,0,19,177,12,208,49,107,232,42,430,69,0,69,499
11/15/2001,FAT,CA,AWP,WE,Towers with Radar,45,87,46,22,200,0,36,228,9,273,45,123,274,31,473,110,0,110,583
11/16/2001,FAT,CA,AWP,WE,Towers with Radar,45,85,73,26,229,0,14,184,5,203,45,99,257,31,432,96,2,98,530
11/17/2001,FAT,CA,AWP,WE,Towers with Radar,38,61,58,19,176,0,5,69,7,81,38,66,127,26,257,32,0,32,289
11/18/2001,FAT,CA,AWP,WE,Towers with Radar,36,56,60,18,170,0,5,70,4,79,36,61,130,22,249,25,0,25,274
11/19/2001,FAT,CA,AWP,WE,Towers with Radar,44,91,82,22,239,0,4,92,4,100,44,95,174,26,339,0,0,0,339
11/20/2001,FAT,CA,AWP,WE,Towers with Radar,48,98,113,12,271,0,1,24,2,27,48,99,137,14,298,2,0,2,300
11/21/2001,FAT,CA,AWP,WE,Towers with Radar,45,97,91,32,265,0,5,45,7,57,45,102,136,39,322,0,0,0,322
11/22/2001,FAT,CA,AWP,WE,Towers with Radar,34,49,17,4,104,0,6,42,0,48,34,55,59,4,152,20,0,20,172
11/23/2001,FAT,CA,AWP,WE,Towers with Radar,35,67,29,18,149,0,19,147,13,179,35,86,176,31,328,0,0,0,328
11/24/2001,FAT,CA,AWP,WE,Towers with Radar,36,57,32,3,128,0,7,42,0,49,36,64,74,3,177,34,0,34,211
11/25/2001,FAT,CA,AWP,WE,Towers with Radar,40,57,29,18,144,0,6,126,2,134,40,63,155,20,278,4,0,4,282
11/26/2001,FAT,CA,AWP,WE,Towers with Radar,43,73,45,29,190,27,16,215,14,272,70,89,260,43,462,90,2,92,554
11/27/2001,FAT,CA,AWP,WE,Towers with Radar,48,84,68,26,226,2,11,91,11,115,50,95,159,37,341,88,0,88,429
11/28/2001,FAT,CA,AWP,WE,Towers with Radar,48,86,58,38,230,0,16,131,4,151,48,102,189,42,381,84,0,84,465
11/29/2001,FAT,CA,AWP,WE,Towers with Radar,46,77,48,20,191,0,11,158,9,178,46,88,206,29,369,112,6,118,487
11/30/2001,FAT,CA,AWP,WE,Towers with Radar,47,85,71,17,220,0,22,221,15,258,47,107,292,32,478,70,0,70,548
12/01/2001,FAT,CA,AWP,WE,Towers with Radar,36,55,62,8,161,0,8,110,2,120,36,63,172,10,281,64,0,64,345
12/02/2001,FAT,CA,AWP,WE,Towers with Radar,36,55,45,10,146,3,3,65,4,75,39,58,110,14,221,10,0,10,231
12/03/2001,FAT,CA,AWP,WE,Towers with Radar,40,76,68,16,200,0,13,160,13,186,40,89,228,29,386,42,0,42,428
12/04/2001,FAT,CA,AWP,WE,Towers with Radar,50,89,107,15,261,0,2,115,5,122,50,91,222,20,383,2,36,38,421
12/05/2001,FAT,CA,AWP,WE,Towers with Radar,54,82,114,17,267,0,18,152,23,193,54,100,266,40,460,22,0,22,482
12/06/2001,FAT,CA,AWP,WE,Towers with Radar,48,82,67,12,209,0,18,182,16,216,48,100,249,28,425,51,4,55,480
12/07/2001,FAT,CA,AWP,WE,Towers with Radar,51,78,72,25,226,0,15,220,12,247,51,93,292,37,473,184,18,202,675
12/08/2001,FAT,CA,AWP,WE,Towers with Radar,37,61,61,13,172,0,10,161,10,181,37,71,222,23,353,32,0,32,385
12/09/2001,FAT,CA,AWP,WE,Towers with Radar,42,60,29,16,147,0,5,88,1,94,42,65,117,17,241,62,0,62,303
12/10/2001,FAT,CA,AWP,WE,Towers with Radar,39,83,93,25,240,0,15,73,2,90,39,98,166,27,330,138,0,138,468
12/11/2001,FAT,CA,AWP,WE,Towers with Radar,51,88,48,12,199,0,13,169,17,199,51,101,217,29,398,16,0,16,414
12/12/2001,FAT,CA,AWP,WE,Towers with Radar,50,82,61,15,208,0,12,173,30,215,50,94,234,45,423,96,0,96,519
12/13/2001,FAT,CA,AWP,WE,Towers with Radar,47,89,47,14,197,0,11,142,12,165,47,100,189,26,362,80,8,88,450
12/14/2001,FAT,CA,AWP,WE,Towers with Radar,49,82,75,16,222,0,15,63,4,82,49,97,138,20,304,37,4,41,345
12/15/2001,FAT,CA,AWP,WE,Towers with Radar,38,58,49,14,159,0,12,149,2,163,38,70,198,16,322,64,0,64,386
12/16/2001,FAT,CA,AWP,WE,Towers with Radar,41,55,37,10,143,0,6,129,11,146,41,61,166,21,289,48,0,48,337
12/17/2001,FAT,CA,AWP,WE,Towers with Radar,40,77,82,19,218,0,15,110,13,138,40,92,192,32,356,44,0,44,400
12/18/2001,FAT,CA,AWP,WE,Towers with Radar,62,73,77,16,228,0,12,98,5,115,62,85,175,21,343,58,0,58,401
12/19/2001,FAT,CA,AWP,WE,Towers with Radar,57,78,98,17,250,0,1,12,2,15,57,79,110,19,265,0,0,0,265
12/20/2001,FAT,CA,AWP,WE,Towers with Radar,53,81,75,24,233,0,14,95,21,130,53,95,170,45,363,110,2,112,475
12/21/2001,FAT,CA,AWP,WE,Towers with Radar,48,80,68,16,212,0,11,126,2,139,48,91,194,18,351,110,0,110,461
12/22/2001,FAT,CA,AWP,WE,Towers with Radar,39,55,27,7,128,0,4,85,2,91,39,59,112,9,219,24,0,24,243
12/23/2001,FAT,CA,AWP,WE,Towers with Radar,41,60,14,7,122,0,1,78,9,88,41,61,92,16,210,2,0,2,212
12/24/2001,FAT,CA,AWP,WE,Towers with Radar,39,62,15,2,118,0,16,98,2,116,39,78,113,4,234,26,0,26,260
12/25/2001,FAT,CA,AWP,WE,Towers with Radar,29,45,15,8,97,0,1,26,2,29,29,46,41,10,126,6,0,6,132
12/26/2001,FAT,CA,AWP,WE,Towers with Radar,45,83,71,2,201,0,3,14,0,17,45,86,85,2,218,90,2,92,310
12/27/2001,FAT,CA,AWP,WE,Towers with Radar,48,79,47,8,182,0,13,92,4,109,48,92,139,12,291,68,0,68,359
12/28/2001,FAT,CA,AWP,WE,Towers with Radar,48,66,79,22,215,0,11,87,1,99,48,77,166,23,314,70,0,70,384
12/29/2001,FAT,CA,AWP,WE,Towers with Radar,41,62,51,8,162,0,3,25,3,31,41,65,76,11,193,0,0,0,193
12/30/2001,FAT,CA,AWP,WE,Towers with Radar,38,58,21,10,127,0,2,21,0,23,38,60,42,10,150,4,0,4,154
12/31/2001,FAT,CA,AWP,WE,Towers with Radar,33,71,41,13,158,0,17,119,3,139,33,88,160,16,297,40,0,40,337
01/01/2002,FAT,CA,AWP,WE,Towers with Radar,26,59,13,6,104,0,3,69,1,73,26,62,82,7,177,0,0,0,177
01/02/2002,FAT,CA,AWP,WE,Towers with Radar,43,78,64,8,193,0,11,72,1,84,43,89,136,9,277,62,6,68,345
01/03/2002,FAT,CA,AWP,WE,Towers with Radar,48,92,62,20,222,0,16,138,0,154,48,108,200,20,376,78,2,80,456
01/04/2002,FAT,CA,AWP,WE,Towers with Radar,43,83,69,32,227,0,5,101,7,113,43,88,170,39,340,74,6,80,420
01/05/2002,FAT,CA,AWP,WE,Towers with Radar,41,52,45,13,151,0,6,107,2,115,41,58,152,15,266,28,0,28,294
01/06/2002,FAT,CA,AWP,WE,Towers with Radar,38,59,48,17,162,0,1,56,0,57,38,60,104,17,219,0,0,0,219
01/07/2002,FAT,CA,AWP,WE,Towers with Radar,39,82,35,13,169,0,8,128,4,140,39,90,163,17,309,12,0,12,321
01/08/2002,FAT,CA,AWP,WE,Towers with Radar,48,87,79,7,221,0,4,19,0,23,48,91,98,7,244,10,0,10,254
01/09/2002,FAT,CA,AWP,WE,Towers with Radar,47,88,91,12,238,0,3,15,1,19,47,91,106,13,257,4,0,4,261
01/10/2002,FAT,CA,AWP,WE,Towers with Radar,45,80,55,7,187,0,14,122,6,142,45,94,177,13,329,62,0,62,391
01/11/2002,FAT,CA,AWP,WE,Towers with Radar,38,63,96,12,209,0,4,23,0,27,38,67,119,12,236,0,0,0,236
01/12/2002,FAT,CA,AWP,WE,Towers with Radar,34,51,89,4,178,0,1,18,0,19,34,52,107,4,197,0,0,0,197
01/13/2002,FAT,CA,AWP,WE,Towers with Radar,38,61,41,1,141,0,5,69,5,79,38,66,110,6,220,0,0,0,220
01/14/2002,FAT,CA,AWP,WE,Towers with Radar,42,84,87,23,236,0,3,46,0,49,42,87,133,23,285,10,0,10,295
01/15/2002,FAT,CA,AWP,WE,Towers with Radar,48,82,60,21,211,0,4,79,0,83,48,86,139,21,294,20,0,20,314
01/16/2002,FAT,CA,AWP,WE,Towers with Radar,41,84,42,15,182,0,11,205,9,225,41,95,247,24,407,58,0,58,465
01/17/2002,FAT,CA,AWP,WE,Towers with Radar,45,92,64,18,219,0,11,213,5,229,45,103,277,23,448,63,4,67,515
01/18/2002,FAT,CA,AWP,WE,Towers with Radar,44,76,85,13,218,0,4,39,2,45,44,80,124,15,263,10,0,10,273
01/19/2002,FAT,CA,AWP,WE,Towers with Radar,37,62,54,4,157,0,7,88,2,97,37,69,142,6,254,112,0,112,366
01/20/2002,FAT,CA,AWP,WE,Towers with Radar,38,61,54,2,155,0,2,82,9,93,38,63,136,11,248,0,0,0,248
01/21/2002,FAT,CA,AWP,WE,Towers with Radar,41,63,51,5,160,0,3,158,1,162,41,66,209,6,322,0,0,0,322
01/22/2002,FAT,CA,AWP,WE,Towers with Radar,47,82,76,28,233,0,22,228,6,256,47,104,304,34,489,68,10,78,567
01/23/2002,FAT,CA,AWP,WE,Towers with Radar,43,72,51,12,178,0,27,272,24,323,43,99,323,36,501,51,14,65,566
01/24/2002,FAT,CA,AWP,WE,Towers with Radar,45,82,32,26,185,0,26,247,10,283,45,108,279,36,468,132,10,142,610
01/25/2002,FAT,CA,AWP,WE,Towers with Radar,43,77,37,14,171,0,21,231,14,266,43,98,268,28,437,106,0,106,543
01/26/2002,FAT,CA,AWP,WE,Towers with Radar,39,61,24,3,127,0,12,92,0,104,39,73,116,3,231,94,4,98,329
01/27/2002,FAT,CA,AWP,WE,Towers with Radar,38,56,53,4,151,0,5,37,0,42,38,61,90,4,193,0,0,0,193
01/28/2002,FAT,CA,AWP,WE,Towers with Radar,40,79,45,12,176,0,16,56,3,75,40,95,101,15,251,180,4,184,435
01/29/2002,FAT,CA,AWP,WE,Towers with Radar,42,95,50,20,207,0,9,90,8,107,42,104,140,28,314,56,2,58,372
01/30/2002,FAT,CA,AWP,WE,Towers with Radar,47,83,70,13,213,0,10,151,6,167,47,93,221,19,380,58,0,58,438
01/31/2002,FAT,CA,AWP,WE,Towers with Radar,44,75,43,14,176,0,17,197,8,222,44,92,240,22,398,89,2,91,489
02/01/2002,FAT,CA,AWP,WE,Towers with Radar,47,77,65,11,200,0,19,239,18,276,47,96,304,29,476,96,0,96,572
02/02/2002,FAT,CA,AWP,WE,Towers with Radar,45,57,38,16,156,0,10,165,10,185,45,67,203,26,341,44,4,48,389
02/03/2002,FAT,CA,AWP,WE,Towers with Radar,39,62,31,3,135,0,6,93,5,104,39,68,124,8,239,18,0,18,257
02/04/2002,FAT,CA,AWP,WE,Towers with Radar,44,79,69,19,211,0,10,133,6,149,44,89,202,25,360,56,0,56,416
02/05/2002,FAT,CA,AWP,WE,Towers with Radar,45,96,69,14,224,0,6,135,5,146,45,102,204,19,370,48,2,50,420
02/06/2002,FAT,CA,AWP,WE,Towers with Radar,51,85,78,12,226,0,18,126,6,150,51,103,204,18,376,93,0,93,469
02/07/2002,FAT,CA,AWP,WE,Towers with Radar,51,85,97,28,261,0,11,125,6,142,51,96,222,34,403,14,0,14,417
02/08/2002,FAT,CA,AWP,WE,Towers with Radar,47,77,77,18,219,0,14,196,14,224,47,91,273,32,443,24,0,24,467
02/09/2002,FAT,CA,AWP,WE,Towers with Radar,42,61,36,4,143,2,10,162,5,179,44,71,198,9,322,74,2,76,398
02/10/2002,FAT,CA,AWP,WE,Towers with Radar,38,58,32,6,134,0,17,162,3,182,38,75,194,9,316,8,0,8,324
02/11/2002,FAT,CA,AWP,WE,Towers with Radar,45,74,37,21,177,4,25,257,6,292,49,99,294,27,469,42,2,44,513
02/12/2002,FAT,CA,AWP,WE,Towers with Radar,49,76,40,22,187,2,25,194,9,230,51,101,234,31,417,4,14,18,435
02/13/2002,FAT,CA,AWP,WE,Towers with Radar,49,85,68,34,236,2,17,189,6,214,51,102,257,40,450,28,20,48,498
02/14/2002,FAT,CA,AWP,WE,Towers with Radar,53,90,38,15,196,0,14,126,4,144,53,104,164,19,340,46,0,46,386
02/15/2002,FAT,CA,AWP,WE,Towers with Radar,42,81,90,24,237,0,6,98,1,105,42,87,188,25,342,56,0,56,398
02/16/2002,FAT,CA,AWP,WE,Towers with Radar,24,82,61,10,177,0,6,74,0,80,24,88,135,10,257,0,0,0,257
02/17/2002,FAT,CA,AWP,WE,Towers with Radar,38,55,43,8,144,0,5,35,0,40,38,60,78,8,184,26,0,26,210
02/18/2002,FAT,CA,AWP,WE,Towers with Radar,40,60,33,13,146,0,12,155,1,168,40,72,188,14,314,22,0,22,336
02/19/2002,FAT,CA,AWP,WE,Towers with Radar,43,80,47,20,190,0,14,116,3,133,43,94,163,23,323,60,0,60,383
02/20/2002,FAT,CA,AWP,WE,Towers with Radar,43,78,58,21,200,0,18,123,4,145,43,96,181,25,345,98,14,112,457
02/21/2002,FAT,CA,AWP,WE,Towers with Radar,43,74,63,18,198,0,23,168,5,196,43,97,231,23,394,118,0,118,512
02/22/2002,FAT,CA,AWP,WE,Towers with Radar,40,73,55,12,180,0,29,197,7,233,40,102,252,19,413,72,4,76,489
02/23/2002,FAT,CA,AWP,WE,Towers with Radar,37,54,34,3,128,0,7,149,0,156,37,61,183,3,284,34,0,34,318
02/24/2002,FAT,CA,AWP,WE,Towers with Radar,35,65,57,5,162,0,15,120,0,135,35,80,177,5,297,50,0,50,347
02/25/2002,FAT,CA,AWP,WE,Towers with Radar,37,72,43,8,160,0,32,197,7,236,37,104,240,15,396,48,4,52,448
02/26/2002,FAT,CA,AWP,WE,Towers with Radar,48,68,41,17,174,0,23,204,4,231,48,91,245,21,405,108,4,112,517
02/27/2002,FAT,CA,AWP,WE,Towers with Radar,47,72,56,19,194,0,20,250,11,281,47,92,306,30,475,72,0,72,547
02/28/2002,FAT,CA,AWP,WE,Towers with Radar,45,75,56,15,191,2,32,212,23,269,47,107,268,38,460,82,8,90,550
03/01/2002,FAT,CA,AWP,WE,Towers with Radar,45,81,45,11,182,0,34,207,10,251,45,115,252,21,433,82,2,84,517
03/02/2002,FAT,CA,AWP,WE,Towers with Radar,40,47,35,8,130,0,15,164,11,190,40,62,199,19,320,58,2,60,380
03/03/2002,FAT,CA,AWP,WE,Towers with Radar,41,60,18,3,122,0,12,166,14,192,41,72,184,17,314,6,0,6,320
03/04/2002,FAT,CA,AWP,WE,Towers with Radar,42,68,68,25,203,0,21,170,2,193,42,89,238,27,396,132,0,132,528
03/05/2002,FAT,CA,AWP,WE,Towers with Radar,44,74,39,8,165,0,24,191,5,220,44,98,230,13,385,78,0,78,463
03/06/2002,FAT,CA,AWP,WE,Towers with Radar,46,83,75,15,219,0,11,73,4,88,46,94,148,19,307,20,0,20,327
03/07/2002,FAT,CA,AWP,WE,Towers with Radar,40,81,44,23,188,0,14,99,3,116,40,95,143,26,304,78,16,94,398
03/08/2002,FAT,CA,AWP,WE,Towers with Radar,41,69,64,18,192,0,19,229,10,258,41,88,293,28,450,68,3,71,521
03/09/2002,FAT,CA,AWP,WE,Towers with Radar,35,50,16,9,110,0,17,155,9,181,35,67,171,18,291,64,0,64,355
03/10/2002,FAT,CA,AWP,WE,Towers with Radar,40,62,32,0,134,0,7,126,3,136,40,69,158,3,270,32,0,32,302
03/11/2002,FAT,CA,AWP,WE,Towers with Radar,39,83,40,13,175,0,26,170,8,204,39,109,210,21,379,62,0,62,441
03/12/2002,FAT,CA,AWP,WE,Towers with Radar,41,75,39,9,164,0,18,167,24,209,41,93,206,33,373,93,0,93,466
03/13/2002,FAT,CA,AWP,WE,Towers with Radar,50,73,63,11,197,0,24,126,12,162,50,97,189,23,359,80,4,84,443
03/14/2002,FAT,CA,AWP,WE,Towers with Radar,45,83,78,17,223,0,20,217,9,246,45,103,295,26,469,104,0,104,573
03/15/2002,FAT,CA,AWP,WE,Towers with Radar,52,68,57,13,190,0,15,199,14,228,52,83,256,27,418,76,0,76,494
03/16/2002,FAT,CA,AWP,WE,Towers with Radar,38,56,26,14,134,0,15,130,6,151,38,71,156,20,285,28,0,28,313
03/17/2002,FAT,CA,AWP,WE,Towers with Radar,47,53,21,4,125,0,4,50,0,54,47,57,71,4,179,53,0,53,232
03/18/2002,FAT,CA,AWP,WE,Towers with Radar,46,73,70,11,200,0,24,163,4,191,46,97,233,15,391,78,2,80,471
03/19/2002,FAT,CA,AWP,WE,Towers with Radar,48,73,51,18,190,0,21,260,14,295,48,94,311,32,485,152,2,154,639
03/20/2002,FAT,CA,AWP,WE,Towers with Radar,47,70,41,17,175,0,22,227,12,261,47,92,268,29,436,224,0,224,660
03/21/2002,FAT,CA,AWP,WE,Towers with Radar,51,64,59,15,189,0,28,217,17,262,51,92,276,32,451,80,2,82,533
03/22/2002,FAT,CA,AWP,WE,Towers with Radar,46,73,92,29,240,0,15,141,18,174,46,88,233,47,414,52,3,55,469
03/23/2002,FAT,CA,AWP,WE,Towers with Radar,44,53,39,15,151,0,12,87,2,101,44,65,126,17,252,40,1,41,293
03/24/2002,FAT,CA,AWP,WE,Towers with Radar,42,53,41,24,160,0,10,124,1,135,42,63,165,25,295,74,0,74,369
03/25/2002,FAT,CA,AWP,WE,Towers with Radar,44,66,90,11,211,0,17,231,16,264,44,83,321,27,475,174,0,174,649
03/26/2002,FAT,CA,AWP,WE,Towers with Radar,49,67,89,8,213,6,25,272,15,318,55,92,361,23,531,122,0,122,653
03/27/2002,FAT,CA,AWP,WE,Towers with Radar,50,67,75,12,204,0,33,286,21,340,50,100,361,33,544,100,8,108,652
03/28/2002,FAT,CA,AWP,WE,Towers with Radar,50,65,53,10,178,0,36,264,23,323,50,101,317,33,501,116,0,116,617
03/29/2002,FAT,CA,AWP,WE,Towers with Radar,46,61,42,14,163,0,21,219,26,266,46,82,261,40,429,66,6,72,501
03/30/2002,FAT,CA,AWP,WE,Towers with Radar,35,53,40,1,129,0,14,167,8,189,35,67,207,9,318,27,0,27,345
03/31/2002,FAT,CA,AWP,WE,Towers with Radar,41,54,11,0,106,0,18,111,5,134,41,72,122,5,240,2,0,2,242
04/01/2002,FAT,CA,AWP,WE,Towers with Radar,46,71,57,16,190,0,22,210,12,244,46,93,267,28,434,96,0,96,530
04/02/2002,FAT,CA,AWP,WE,Towers with Radar,51,71,49,27,198,0,30,227,20,277,51,101,276,47,475,135,32,167,642
04/03/2002,FAT,CA,AWP,WE,Towers with Radar,53,74,55,18,200,0,21,268,13,302,53,95,323,31,502,118,0,118,620
04/04/2002,FAT,CA,AWP,WE,Towers with Radar,52,74,81,15,222,0,15,234,3,252,52,89,315,18,474,161,4,165,639
04/05/2002,FAT,CA,AWP,WE,Towers with Radar,46,75,94,11,226,0,13,157,12,182,46,88,251,23,408,60,6,66,474
04/06/2002,FAT,CA,AWP,WE,Towers with Radar,38,51,43,10,142,0,14,113,6,133,38,65,156,16,275,32,0,32,307
04/07/2002,FAT,CA,AWP,WE,Towers with Radar,42,56,31,5,134,0,13,163,5,181,42,69,194,10,315,78,0,78,393
04/08/2002,FAT,CA,AWP,WE,Towers with Radar,50,70,45,19,184,0,19,234,10,263,50,89,279,29,447,86,4,90,537
04/09/2002,FAT,CA,AWP,WE,Towers with Radar,52,72,59,19,202,0,16,167,16,199,52,88,226,35,401,85,8,93,494
04/10/2002,FAT,CA,AWP,WE,Towers with Radar,52,78,62,11,203,0,20,188,11,219,52,98,250,22,422,74,2,76,498
04/11/2002,FAT,CA,AWP,WE,Towers with Radar,53,68,76,22,219,0,27,300,17,344,53,95,376,39,563,76,0,76,639
04/12/2002,FAT,CA,AWP,WE,Towers with Radar,53,69,55,10,187,0,17,253,26,296,53,86,308,36,483,18,14,32,515
04/13/2002,FAT,CA,AWP,WE,Towers with Radar,42,52,98,1,193,0,21,253,4,278,42,73,351,5,471,29,0,29,500
04/14/2002,FAT,CA,AWP,WE,Towers with Radar,46,54,40,4,144,0,6,212,2,220,46,60,252,6,364,0,0,0,364
04/15/2002,FAT,CA,AWP,WE,Towers with Radar,54,66,68,16,204,0,21,202,16,239,54,87,270,32,443,103,4,107,550
04/16/2002,FAT,CA,AWP,WE,Towers with Radar,53,76,55,28,212,0,25,182,20,227,53,101,237,48,439,150,0,150,589
04/17/2002,FAT,CA,AWP,WE,Towers with Radar,54,84,89,24,251,0,17,143,15,175,54,101,232,39,426,80,2,82,508
04/18/2002,FAT,CA,AWP,WE,Towers with Radar,49,77,51,29,206,0,26,185,17,228,49,103,236,46,434,46,0,46,480
04/19/2002,FAT,CA,AWP,WE,Towers with Radar,53,72,33,8,166,0,24,246,13,283,53,96,279,21,449,96,8,104,553
04/20/2002,FAT,CA,AWP,WE,Towers with Radar,38,52,30,8,128,0,18,191,5,214,38,70,221,13,342,57,0,57,399
04/21/2002,FAT,CA,AWP,WE,Towers with Radar,44,60,26,1,131,0,17,209,1,227,44,77,235,2,358,23,0,23,381
04/22/2002,FAT,CA,AWP,WE,Towers with Radar,50,65,39,18,172,0,25,251,17,293,50,90,290,35,465,55,0,55,520
04/23/2002,FAT,CA,AWP,WE,Towers with Radar,57,65,69,18,209,0,31,275,12,318,57,96,344,30,527,130,8,138,665
04/24/2002,FAT,CA,AWP,WE,Towers with Radar,52,75,67,17,211,0,34,254,14,302,52,109,321,31,513,108,8,116,629
04/25/2002,FAT,CA,AWP,WE,Towers with Radar,53,72,49,9,183,0,33,240,15,288,53,105,289,24,471,87,6,93,564
04/26/2002,FAT,CA,AWP,WE,Towers with Radar,51,87,106,25,269,0,10,70,2,82,51,97,176,27,351,6,0,6,357
04/27/2002,FAT,CA,AWP,WE,Towers with Radar,40,55,42,9,146,0,12,81,4,97,40,67,123,13,243,10,0,10,253
04/28/2002,FAT,CA,AWP,WE,Towers with Radar,46,56,30,10,142,0,8,121,1,130,46,64,151,11,272,20,0,20,292
04/29/2002,FAT,CA,AWP,WE,Towers with Radar,55,76,52,26,209,0,12,146,10,168,55,88,198,36,377,30,4,34,411
04/30/2002,FAT,CA,AWP,WE,Towers with Radar,54,76,52,22,204,0,23,149,9,181,54,99,201,31,385,85,32,117,502
05/01/2002,FAT,CA,AWP,WE,Towers with Radar,52,78,75,15,220,1,21,182,24,228,53,99,257,39,448,92,0,92,540
05/02/2002,FAT,CA,AWP,WE,Towers with Radar,52,72,67,17,208,1,34,276,11,322,53,106,343,28,530,110,4,114,644
05/03/2002,FAT,CA,AWP,WE,Towers with Radar,52,63,43,21,179,0,22,223,11,256,52,85,266,32,435,32,0,32,467
05/04/2002,FAT,CA,AWP,WE,Towers with Radar,41,49,27,16,133,0,19,190,13,222,41,68,217,29,355,34,10,44,399
05/05/2002,FAT,CA,AWP,WE,Towers with Radar,48,59,39,2,148,0,8,192,8,208,48,67,231,10,356,24,0,24,380
05/06/2002,FAT,CA,AWP,WE,Towers with Radar,52,68,40,12,172,0,18,191,14,223,52,86,231,26,395,34,4,38,433
05/07/2002,FAT,CA,AWP,WE,Towers with Radar,56,63,38,19,176,0,32,265,24,321,56,95,303,43,497,26,10,36,533
05/08/2002,FAT,CA,AWP,WE,Towers with Radar,58,73,38,14,183,0,22,264,13,299,58,95,302,27,482,110,4,114,596
05/09/2002,FAT,CA,AWP,WE,Towers with Radar,57,70,43,24,194,0,28,237,7,272,57,98,280,31,466,92,18,110,576
05/10/2002,FAT,CA,AWP,WE,Towers with Radar,52,67,38,8,165,2,49,248,12,311,54,116,286,20,476,84,0,84,560
05/11/2002,FAT,CA,AWP,WE,Towers with Radar,45,44,28,0,117,1,20,165,6,192,46,64,193,6,309,28,0,28,337
05/12/2002,FAT,CA,AWP,WE,Towers with Radar,47,55,32,1,135,0,3,156,4,163,47,58,188,5,298,4,0,4,302
05/13/2002,FAT,CA,AWP,WE,Towers with Radar,51,66,31,12,160,0,18,211,5,234,51,84,242,17,394,62,0,62,456
05/14/2002,FAT,CA,AWP,WE,Towers with Radar,54,69,51,12,186,0,25,233,10,268,54,94,284,22,454,72,0,72,526
05/15/2002,FAT,CA,AWP,WE,Towers with Radar,58,73,42,15,188,0,27,232,11,270,58,100,274,26,458,92,4,96,554
05/16/2002,FAT,CA,AWP,WE,Towers with Radar,56,64,41,15,176,0,44,212,14,270,56,108,253,29,446,140,8,148,594
05/17/2002,FAT,CA,AWP,WE,Towers with Radar,56,65,49,21,191,0,23,218,16,257,56,88,267,37,448,132,4,136,584
05/18/2002,FAT,CA,AWP,WE,Towers with Radar,40,53,32,2,127,0,23,163,5,191,40,76,195,7,318,68,0,68,386
05/19/2002,FAT,CA,AWP,WE,Towers with Radar,46,54,25,0,125,0,12,99,6,117,46,66,124,6,242,16,2,18,260
05/20/2002,FAT,CA,AWP,WE,Towers with Radar,47,71,51,12,181,0,19,97,2,118,47,90,148,14,299,0,0,0,299
05/21/2002,FAT,CA,AWP,WE,Towers with Radar,50,76,38,33,197,0,15,221,5,241,50,91,259,38,438,74,14,88,526
05/22/2002,FAT,CA,AWP,WE,Towers with Radar,53,73,29,23,178,0,26,224,19,269,53,99,253,42,447,86,16,102,549
05/23/2002,FAT,CA,AWP,WE,Towers with Radar,53,68,39,13,173,0,32,222,18,272,53,100,261,31,445,110,0,110,555
05/24/2002,FAT,CA,AWP,WE,Towers with Radar,53,65,37,3,158,0,29,249,14,292,53,94,286,17,450,57,2,59,509
05/25/2002,FAT,CA,AWP,WE,Towers with Radar,43,50,33,3,129,0,15,143,14,172,43,65,176,17,301,16,0,16,317
05/26/2002,FAT,CA,AWP,WE,Towers with Radar,39,45,30,2,116,2,2,113,8,125,41,47,143,10,241,52,0,52,293
05/27/2002,FAT,CA,AWP,WE,Towers with Radar,42,54,31,6,133,0,8,201,9,218,42,62,232,15,351,43,0,43,394
05/28/2002,FAT,CA,AWP,WE,Towers with Radar,48,72,39,12,171,0,29,201,23,253,48,101,240,35,424,40,4,44,468
05/29/2002,FAT,CA,AWP,WE,Towers with Radar,54,75,40,9,178,0,37,226,17,280,54,112,266,26,458,88,4,92,550
05/30/2002,FAT,CA,AWP,WE,Towers with Radar,54,72,43,24,193,0,28,227,20,275,54,100,270,44,468,74,4,78,546
05/31/2002,FAT,CA,AWP,WE,Towers with Radar,55,71,44,33,203,0,31,228,11,270,55,102,272,44,473,30,22,52,525
06/01/2002,FAT,CA,AWP,WE,Towers with Radar,40,55,29,6,130,2,9,157,1,169,42,64,186,7,299,30,4,34,333
06/02/2002,FAT,CA,AWP,WE,Towers with Radar,44,63,26,16,149,0,13,139,6,158,44,76,165,22,307,10,0,10,317
06/03/2002,FAT,CA,AWP,WE,Towers with Radar,47,69,36,27,179,0,30,186,14,230,47,99,222,41,409,66,4,70,479
06/04/2002,FAT,CA,AWP,WE,Towers with Radar,52,66,71,15,204,0,21,220,17,258,52,87,291,32,462,85,0,85,547
06/05/2002,FAT,CA,AWP,WE,Towers with Radar,54,72,37,13,176,2,35,225,13,275,56,107,262,26,451,68,4,72,523
06/06/2002,FAT,CA,AWP,WE,Towers with Radar,56,69,39,8,172,0,43,281,13,337,56,112,320,21,509,20,0,20,529
06/07/2002,FAT,CA,AWP,WE,Towers with Radar,49,65,48,15,177,0,23,230,27,280,49,88,278,42,457,84,16,100,557
06/08/2002,FAT,CA,AWP,WE,Towers with Radar,42,48,31,9,130,0,13,165,11,189,42,61,196,20,319,28,6,34,353
06/09/2002,FAT,CA,AWP,WE,Towers with Radar,44,55,22,3,124,0,13,186,4,203,44,68,208,7,327,32,0,32,359
06/10/2002,FAT,CA,AWP,WE,Towers with Radar,54,66,53,18,191,0,24,195,12,231,54,90,248,30,422,10,2,12,434
06/11/2002,FAT,CA,AWP,WE,Towers with Radar,55,76,70,13,214,0,29,232,18,279,55,105,302,31,493,40,6,46,539
06/12/2002,FAT,CA,AWP,WE,Towers with Radar,57,66,64,12,199,1,34,200,21,256,58,100,264,33,455,84,0,84,539
06/13/2002,FAT,CA,AWP,WE,Towers with Radar,54,67,45,14,180,0,39,217,9,265,54,106,262,23,445,72,0,72,517
06/14/2002,FAT,CA,AWP,WE,Towers with Radar,51,64,42,11,168,0,24,244,13,281,51,88,286,24,449,36,0,36,485
06/15/2002,FAT,CA,AWP,WE,Towers with Radar,40,52,25,0,117,0,45,151,10,206,40,97,176,10,323,8,0,8,331
06/16/2002,FAT,CA,AWP,WE,Towers with Radar,44,51,20,0,115,0,8,182,4,194,44,59,202,4,309,36,0,36,345
06/17/2002,FAT,CA,AWP,WE,Towers with Radar,48,68,48,27,191,1,22,219,13,255,49,90,267,40,446,94,2,96,542
06/18/2002,FAT,CA,AWP,WE,Towers with Radar,56,59,73,12,200,0,32,223,16,271,56,91,296,28,471,183,0,183,654
06/19/2002,FAT,CA,AWP,WE,Towers with Radar,55,63,33,23,174,0,26,213,11,250,55,89,246,34,424,76,0,76,500
06/20/2002,FAT,CA,AWP,WE,Towers with Radar,53,61,51,23,188,0,31,214,6,251,53,92,265,29,439,102,4,106,545
06/21/2002,FAT,CA,AWP,WE,Towers with Radar,50,69,45,14,178,0,30,247,20,297,50,99,292,34,475,58,0,58,533
06/22/2002,FAT,CA,AWP,WE,Towers with Radar,41,56,43,0,140,0,53,215,8,276,41,109,258,8,416,47,0,47,463
06/23/2002,FAT,CA,AWP,WE,Towers with Radar,45,61,25,2,133,0,7,188,3,198,45,68,213,5,331,50,4,54,385
06/24/2002,FAT,CA,AWP,WE,Towers with Radar,57,68,44,18,187,0,18,249,11,278,57,86,293,29,465,59,0,59,524
06/25/2002,FAT,CA,AWP,WE,Towers with Radar,58,60,45,15,178,0,29,236,21,286,58,89,281,36,464,36,0,36,500
06/26/2002,FAT,CA,AWP,WE,Towers with Radar,54,62,55,22,193,0,34,241,12,287,54,96,296,34,480,42,0,42,522
06/27/2002,FAT,CA,AWP,WE,Towers with Radar,51,65,54,12,182,0,36,229,21,286,51,101,283,33,468,30,6,36,504
06/28/2002,FAT,CA,AWP,WE,Towers with Radar,51,75,38,12,176,0,27,236,16,279,51,102,274,28,455,72,4,76,531
06/29/2002,FAT,CA,AWP,WE,Towers with Radar,45,46,25,9,125,0,18,190,6,214,45,64,215,15,339,18,0,18,357
06/30/2002,FAT,CA,AWP,WE,Towers with Radar,45,54,34,0,133,0,19,205,2,226,45,73,239,2,359,16,0,16,375
07/01/2002,FAT,CA,AWP,WE,Towers with Radar,54,60,25,15,154,0,20,267,10,297,54,80,292,25,451,114,4,118,569
07/02/2002,FAT,CA,AWP,WE,Towers with Radar,54,67,45,17,183,0,25,286,15,326,54,92,331,32,509,74,10,84,593
07/03/2002,FAT,CA,AWP,WE,Towers with Radar,52,64,26,9,151,2,39,238,15,294,54,103,264,24,445,42,8,50,495
07/04/2002,FAT,CA,AWP,WE,Towers with Radar,46,52,8,3,109,0,22,201,10,233,46,74,209,13,342,50,0,50,392
07/05/2002,FAT,CA,AWP,WE,Towers with Radar,39,51,20,9,119,0,29,194,2,225,39,80,214,11,344,99,0,99,443
07/06/2002,FAT,CA,AWP,WE,Towers with Radar,39,43,27,0,109,0,11,180,3,194,39,54,207,3,303,60,0,60,363
07/07/2002,FAT,CA,AWP,WE,Towers with Radar,48,56,22,1,127,1,21,216,5,243,49,77,238,6,370,12,0,12,382
07/08/2002,FAT,CA,AWP,WE,Towers with Radar,47,66,46,11,170,0,19,283,16,318,47,85,329,27,488,135,0,135,623
07/09/2002,FAT,CA,AWP,WE,Towers with Radar,59,62,69,22,212,0,38,252,15,305,59,100,321,37,517,102,26,128,645
07/10/2002,FAT,CA,AWP,WE,Towers with Radar,56,60,46,18,180,0,39,232,20,291,56,99,278,38,471,106,12,118,589
07/11/2002,FAT,CA,AWP,WE,Towers with Radar,55,63,50,13,181,0,32,241,19,292,55,95,291,32,473,60,12,72,545
07/12/2002,FAT,CA,AWP,WE,Towers with Radar,52,64,33,11,160,0,25,249,13,287,52,89,282,24,447,152,0,152,599
07/13/2002,FAT,CA,AWP,WE,Towers with Radar,42,43,30,9,124,0,16,184,8,208,42,59,214,17,332,101,0,101,433
07/14/2002,FAT,CA,AWP,WE,Towers with Radar,48,55,28,2,133,0,9,203,6,218,48,64,231,8,351,22,0,22,373
07/15/2002,FAT,CA,AWP,WE,Towers with Radar,56,77,97,20,250,9,33,219,22,283,65,110,316,42,533,137,54,191,724
07/16/2002,FAT,CA,AWP,WE,Towers with Radar,58,73,58,16,205,0,20,200,10,230,58,93,258,26,435,181,21,202,637
07/17/2002,FAT,CA,AWP,WE,Towers with Radar,56,67,87,21,231,0,28,269,29,326,56,95,356,50,557,179,12,191,748
07/18/2002,FAT,CA,AWP,WE,Towers with Radar,58,63,36,12,169,0,25,276,16,317,58,88,312,28,486,152,4,156,642
07/19/2002,FAT,CA,AWP,WE,Towers with Radar,50,71,44,14,179,0,19,283,32,334,50,90,327,46,513,124,4,128,641
07/20/2002,FAT,CA,AWP,WE,Towers with Radar,42,50,29,4,125,0,23,206,9,238,42,73,235,13,363,58,14,72,435
07/21/2002,FAT,CA,AWP,WE,Towers with Radar,46,56,32,3,137,0,10,175,4,189,46,66,207,7,326,6,0,6,332
07/22/2002,FAT,CA,AWP,WE,Towers with Radar,47,62,76,14,199,0,21,255,16,292,47,83,331,30,491,114,6,120,611
07/23/2002,FAT,CA,AWP,WE,Towers with Radar,55,64,33,15,167,0,25,287,16,328,55,89,320,31,495,120,6,126,621
07/24/2002,FAT,CA,AWP,WE,Towers with Radar,52,71,50,21,194,0,37,291,9,337,52,108,341,30,531,156,0,156,687
07/25/2002,FAT,CA,AWP,WE,Towers with Radar,56,61,44,17,178,0,35,231,16,282,56,96,275,33,460,96,2,98,558
07/26/2002,FAT,CA,AWP,WE,Towers with Radar,51,61,36,10,158,0,22,229,12,263,51,83,265,22,421,52,0,52,473
07/27/2002,FAT,CA,AWP,WE,Towers with Radar,40,48,29,6,123,0,17,185,5,207,40,65,214,11,330,65,0,65,395
07/28/2002,FAT,CA,AWP,WE,Towers with Radar,45,63,29,7,144,0,9,156,3,168,45,72,185,10,312,30,2,32,344
07/29/2002,FAT,CA,AWP,WE,Towers with Radar,49,63,45,17,174,0,18,189,11,218,49,81,234,28,392,50,0,50,442
07/30/2002,FAT,CA,AWP,WE,Towers with Radar,51,72,48,9,180,0,23,224,20,267,51,95,272,29,447,99,8,107,554
07/31/2002,FAT,CA,AWP,WE,Towers with Radar,51,71,34,12,168,0,21,226,17,264,51,92,260,29,432,86,12,98,530
08/01/2002,FAT,CA,AWP,WE,Towers with Radar,66,58,50,7,181,0,25,185,17,227,66,83,235,24,408,61,0,61,469
08/02/2002,FAT,CA,AWP,WE,Towers with Radar,66,61,39,13,179,0,31,229,21,281,66,92,268,34,460,72,2,74,534
08/03/2002,FAT,CA,AWP,WE,Towers with Radar,52,45,21,2,120,0,26,180,14,220,52,71,201,16,340,34,0,34,374
08/04/2002,FAT,CA,AWP,WE,Towers with Radar,59,51,27,2,139,0,12,185,11,208,59,63,212,13,347,29,0,29,376
08/05/2002,FAT,CA,AWP,WE,Towers with Radar,58,57,17,7,139,0,24,226,7,257,58,81,243,14,396,70,0,70,466
08/06/2002,FAT,CA,AWP,WE,Towers with Radar,62,54,44,15,175,0,31,228,6,265,62,85,272,21,440,80,6,86,526
08/07/2002,FAT,CA,AWP,WE,Towers with Radar,66,50,24,15,155,0,30,230,22,282,66,80,254,37,437,88,0,88,525
08/08/2002,FAT,CA,AWP,WE,Towers with Radar,63,60,48,6,177,0,24,235,28,287,63,84,283,34,464,135,0,135,599
08/09/2002,FAT,CA,AWP,WE,Towers with Radar,68,56,57,11,192,0,28,221,14,263,68,84,278,25,455,124,0,124,579
08/10/2002,FAT,CA,AWP,WE,Towers with Radar,53,37,31,2,123,0,11,186,6,203,53,48,217,8,326,30,0,30,356
08/11/2002,FAT,CA,AWP,WE,Towers with Radar,57,50,29,3,139,0,16,179,1,196,57,66,208,4,335,56,0,56,391
08/12/2002,FAT,CA,AWP,WE,Towers with Radar,64,62,35,22,183,1,22,204,6,233,65,84,239,28,416,74,8,82,498
08/13/2002,FAT,CA,AWP,WE,Towers with Radar,63,51,40,17,171,0,29,224,5,258,63,80,264,22,429,123,0,123,552
08/14/2002,FAT,CA,AWP,WE,Towers with Radar,65,58,47,24,194,0,26,238,21,285,65,84,285,45,479,56,14,70,549
08/15/2002,FAT,CA,AWP,WE,Towers with Radar,67,64,81,14,226,0,35,190,19,244,67,99,271,33,470,101,20,121,591
08/16/2002,FAT,CA,AWP,WE,Towers with Radar,61,67,40,11,179,0,19,158,11,188,61,86,198,22,367,132,2,134,501
08/17/2002,FAT,CA,AWP,WE,Towers with Radar,53,45,28,8,134,0,14,158,3,175,53,59,186,11,309,8,0,8,317
08/18/2002,FAT,CA,AWP,WE,Towers with Radar,62,44,28,2,136,0,13,140,3,156,62,57,168,5,292,36,2,38,330
08/19/2002,FAT,CA,AWP,WE,Towers with Radar,58,57,42,37,194,0,24,199,16,239,58,81,241,53,433,87,41,128,561
08/20/2002,FAT,CA,AWP,WE,Towers with Radar,70,66,61,17,214,0,18,180,19,217,70,84,241,36,431,96,20,116,547
08/21/2002,FAT,CA,AWP,WE,Towers with Radar,67,65,39,18,189,0,33,186,18,237,67,98,225,36,426,135,6,141,567
08/22/2002,FAT,CA,AWP,WE,Towers with Radar,65,66,42,4,177,0,27,200,19,246,65,93,242,23,423,75,11,86,509
08/23/2002,FAT,CA,AWP,WE,Towers with Radar,68,56,36,16,176,0,21,167,6,194,68,77,203,22,370,70,0,70,440
08/24/2002,FAT,CA,AWP,WE,Towers with Radar,56,40,26,5,127,0,8,162,2,172,56,48,188,7,299,52,0,52,351
08/25/2002,FAT,CA,AWP,WE,Towers with Radar,58,50,23,3,134,0,10,150,2,162,58,60,173,5,296,51,0,51,347
08/26/2002,FAT,CA,AWP,WE,Towers with Radar,62,56,34,7,159,0,17,203,11,231,62,73,237,18,390,76,0,76,466
08/27/2002,FAT,CA,AWP,WE,Towers with Radar,65,59,37,9,170,0,26,238,11,275,65,85,275,20,445,78,4,82,527
08/28/2002,FAT,CA,AWP,WE,Towers with Radar,67,68,38,16,189,1,24,224,16,265,68,92,262,32,454,128,0,128,582
08/29/2002,FAT,CA,AWP,WE,Towers with Radar,68,56,38,22,184,0,35,234,11,280,68,91,272,33,464,46,4,50,514
08/30/2002,FAT,CA,AWP,WE,Towers with Radar,62,57,32,6,157,0,23,238,6,267,62,80,270,12,424,104,4,108,532
08/31/2002,FAT,CA,AWP,WE,Towers with Radar,52,37,25,3,117,0,11,145,4,160,52,48,170,7,277,12,0,12,289
09/01/2002,FAT,CA,AWP,WE,Towers with Radar,51,36,14,7,108,0,10,124,0,134,51,46,138,7,242,38,0,38,280
09/02/2002,FAT,CA,AWP,WE,Towers with Radar,56,46,33,11,146,0,5,208,8,221,56,51,241,19,367,66,0,66,433
09/03/2002,FAT,CA,AWP,WE,Towers with Radar,61,60,35,16,172,2,16,178,16,212,63,76,213,32,384,34,8,42,426
09/04/2002,FAT,CA,AWP,WE,Towers with Radar,66,56,38,19,179,0,34,178,9,221,66,90,216,28,400,91,2,93,493
09/05/2002,FAT,CA,AWP,WE,Towers with Radar,68,58,56,42,224,1,31,187,9,228,69,89,243,51,452,58,0,58,510
09/06/2002,FAT,CA,AWP,WE,Towers with Radar,56,63,44,17,180,0,15,172,3,190,56,78,216,20,370,51,2,53,423
09/07/2002,FAT,CA,AWP,WE,Towers with Radar,51,39,31,5,126,0,20,125,12,157,51,59,156,17,283,0,16,16,299
09/08/2002,FAT,CA,AWP,WE,Towers with Radar,57,49,29,13,148,0,11,145,11,167,57,60,174,24,315,67,4,71,386
09/09/2002,FAT,CA,AWP,WE,Towers with Radar,63,57,24,19,163,0,26,168,5,199,63,83,192,24,362,32,2,34,396
09/10/2002,FAT,CA,AWP,WE,Towers with Radar,63,55,27,11,156,0,26,157,15,198,63,81,184,26,354,128,8,136,490
09/11/2002,FAT,CA,AWP,WE,Towers with Radar,57,47,32,18,154,0,38,178,11,227,57,85,210,29,381,88,8,96,477
09/12/2002,FAT,CA,AWP,WE,Towers with Radar,63,54,57,13,187,0,26,195,11,232,63,80,252,24,419,20,0,20,439
09/13/2002,FAT,CA,AWP,WE,Towers with Radar,64,52,47,7,170,0,23,170,10,203,64,75,217,17,373,18,2,20,393
09/14/2002,FAT,CA,AWP,WE,Towers with Radar,51,38,45,11,145,0,14,170,11,195,51,52,215,22,340,116,0,116,456
09/15/2002,FAT,CA,AWP,WE,Towers with Radar,56,52,17,5,130,0,8,163,12,183,56,60,180,17,313,0,0,0,313
09/16/2002,FAT,CA,AWP,WE,Towers with Radar,69,63,41,15,188,0,25,162,8,195,69,88,203,23,383,28,0,28,411
09/17/2002,FAT,CA,AWP,WE,Towers with Radar,68,56,39,14,177,0,22,209,3,234,68,78,248,17,411,146,0,146,557
09/18/2002,FAT,CA,AWP,WE,Towers with Radar,64,55,64,13,196,0,38,243,8,289,64,93,307,21,485,78,8,86,571
09/19/2002,FAT,CA,AWP,WE,Towers with Radar,66,58,34,22,180,0,37,217,17,271,66,95,251,39,451,30,0,30,481
09/20/2002,FAT,CA,AWP,WE,Towers with Radar,62,59,31,13,165,0,30,243,7,280,62,89,274,20,445,30,0,30,475
09/21/2002,FAT,CA,AWP,WE,Towers with Radar,51,42,42,0,135,0,20,209,4,233,51,62,251,4,368,90,0,90,458
09/22/2002,FAT,CA,AWP,WE,Towers with Radar,55,59,29,3,146,0,10,175,1,186,55,69,204,4,332,50,0,50,382
09/23/2002,FAT,CA,AWP,WE,Towers with Radar,62,57,33,9,161,0,26,179,5,210,62,83,212,14,371,80,4,84,455
09/24/2002,FAT,CA,AWP,WE,Towers with Radar,62,55,58,11,186,0,17,184,16,217,62,72,242,27,403,69,0,69,472
09/25/2002,FAT,CA,AWP,WE,Towers with Radar,68,60,32,14,174,0,35,193,13,241,68,95,225,27,415,64,2,66,481
09/26/2002,FAT,CA,AWP,WE,Towers with Radar,64,62,63,6,195,0,24,224,10,258,64,86,287,16,453,8,2,10,463
09/27/2002,FAT,CA,AWP,WE,Towers with Radar,67,68,45,14,194,1,15,205,10,231,68,83,250,24,425,71,4,75,500
09/28/2002,FAT,CA,AWP,WE,Towers with Radar,52,46,114,6,218,0,14,166,1,181,52,60,280,7,399,48,0,48,447
09/29/2002,FAT,CA,AWP,WE,Towers with Radar,56,48,45,10,159,0,5,189,7,201,56,53,234,17,360,56,6,62,422
09/30/2002,FAT,CA,AWP,WE,Towers with Radar,66,56,26,7,155,1,28,169,5,203,67,84,195,12,358,50,2,52,410
10/01/2002,FAT,CA,AWP,WE,Towers with Radar,66,60,58,16,200,0,23,179,12,214,66,83,237,28,414,20,4,24,438
10/02/2002,FAT,CA,AWP,WE,Towers with Radar,64,56,36,21,177,0,23,193,16,232,64,79,229,37,409,34,6,40,449
10/03/2002,FAT,CA,AWP,WE,Towers with Radar,68,59,33,17,177,0,24,198,22,244,68,83,231,39,421,32,0,32,453
10/04/2002,FAT,CA,AWP,WE,Towers with Radar,64,65,61,16,206,0,25,232,10,267,64,90,293,26,473,19,0,19,492
10/05/2002,FAT,CA,AWP,WE,Towers with Radar,48,44,15,16,123,0,13,163,15,191,48,57,178,31,314,20,0,20,334
10/06/2002,FAT,CA,AWP,WE,Towers with Radar,62,45,15,4,126,0,7,181,9,197,62,52,196,13,323,42,0,42,365
10/07/2002,FAT,CA,AWP,WE,Towers with Radar,59,62,20,22,163,0,34,142,15,191,59,96,162,37,354,34,0,34,388
10/08/2002,FAT,CA,AWP,WE,Towers with Radar,66,61,57,16,200,0,13,171,19,203,66,74,228,35,403,140,10,150,553
10/09/2002,FAT,CA,AWP,WE,Towers with Radar,61,67,59,33,220,0,16,199,9,224,61,83,258,42,444,139,0,139,583
10/10/2002,FAT,CA,AWP,WE,Towers with Radar,64,65,81,15,225,0,21,247,11,279,64,86,328,26,504,144,0,144,648
10/11/2002,FAT,CA,AWP,WE,Towers with Radar,64,61,44,10,179,0,31,195,8,234,64,92,239,18,413,95,2,97,510
10/12/2002,FAT,CA,AWP,WE,Towers with Radar,51,41,21,0,113,0,13,133,2,148,51,54,154,2,261,16,16,32,293
10/13/2002,FAT,CA,AWP,WE,Towers with Radar,56,47,41,3,147,1,4,171,1,177,57,51,212,4,324,54,0,54,378
10/14/2002,FAT,CA,AWP,WE,Towers with Radar,58,53,54,4,169,0,8,188,11,207,58,61,242,15,376,132,0,132,508
10/15/2002,FAT,CA,AWP,WE,Towers with Radar,68,61,36,21,186,0,25,212,11,248,68,86,248,32,434,115,0,115,549
10/16/2002,FAT,CA,AWP,WE,Towers with Radar,64,61,61,18,204,0,21,231,14,266,64,82,292,32,470,124,12,136,606
10/17/2002,FAT,CA,AWP,WE,Towers with Radar,62,61,44,15,182,1,30,217,11,259,63,91,261,26,441,116,31,147,588
10/18/2002,FAT,CA,AWP,WE,Towers with Radar,66,62,45,15,188,0,15,191,17,223,66,77,236,32,411,50,2,52,463
10/19/2002,FAT,CA,AWP,WE,Towers with Radar,50,44,15,5,114,0,21,151,3,175,50,65,166,8,289,70,12,82,371
10/20/2002,FAT,CA,AWP,WE,Towers with Radar,52,57,40,0,149,0,19,156,1,176,52,76,196,1,325,40,0,40,365
10/21/2002,FAT,CA,AWP,WE,Towers with Radar,63,61,21,8,153,1,18,181,10,210,64,79,202,18,363,62,6,68,431
10/22/2002,FAT,CA,AWP,WE,Towers with Radar,67,63,31,23,184,1,26,163,14,204,68,89,194,37,388,124,10,134,522
10/23/2002,FAT,CA,AWP,WE,Towers with Radar,63,63,53,11,190,0,32,209,11,252,63,95,262,22,442,68,0,68,510
10/24/2002,FAT,CA,AWP,WE,Towers with Radar,23,101,42,19,185,0,23,160,15,198,23,124,202,34,383,106,0,106,489
10/25/2002,FAT,CA,AWP,WE,Towers with Radar,22,102,37,14,175,0,21,178,4,203,22,123,215,18,378,138,8,146,524
10/26/2002,FAT,CA,AWP,WE,Towers with Radar,14,89,19,5,127,0,4,133,6,143,14,93,152,11,270,52,0,52,322
10/27/2002,FAT,CA,AWP,WE,Towers with Radar,16,85,37,4,142,0,7,140,7,154,16,92,177,11,296,24,0,24,320
10/28/2002,FAT,CA,AWP,WE,Towers with Radar,21,101,56,11,189,0,15,183,9,207,21,116,239,20,396,40,0,40,436
10/29/2002,FAT,CA,AWP,WE,Towers with Radar,23,94,46,13,176,0,18,191,15,224,23,112,237,28,400,183,8,191,591
10/30/2002,FAT,CA,AWP,WE,Towers with Radar,24,103,45,8,180,4,17,243,11,275,28,120,288,19,455,78,0,78,533
10/31/2002,FAT,CA,AWP,WE,Towers with Radar,20,96,31,11,158,0,23,217,11,251,20,119,248,22,409,148,0,148,557
11/01/2002,FAT,CA,AWP,WE,Towers with Radar,22,95,45,13,175,1,33,160,13,207,23,128,205,26,382,44,16,60,442
11/02/2002,FAT,CA,AWP,WE,Towers with Radar,13,74,33,16,136,1,10,134,7,152,14,84,167,23,288,52,2,54,342
11/03/2002,FAT,CA,AWP,WE,Towers with Radar,19,91,23,9,142,0,8,107,8,123,19,99,130,17,265,13,0,13,278
11/04/2002,FAT,CA,AWP,WE,Towers with Radar,19,100,39,27,185,2,16,167,8,193,21,116,206,35,378,79,0,79,457
11/05/2002,FAT,CA,AWP,WE,Towers with Radar,28,112,38,22,200,1,19,231,8,259,29,131,269,30,459,116,6,122,581
11/06/2002,FAT,CA,AWP,WE,Towers with Radar,25,96,39,15,175,1,27,167,20,215,26,123,206,35,390,68,22,90,480
11/07/2002,FAT,CA,AWP,WE,Towers with Radar,32,110,50,25,217,1,13,56,2,72,33,123,106,27,289,12,6,18,307
11/08/2002,FAT,CA,AWP,WE,Towers with Radar,29,95,74,5,203,1,9,30,0,40,30,104,104,5,243,16,0,16,259
11/09/2002,FAT,CA,AWP,WE,Towers with Radar,16,74,35,2,127,1,11,95,2,109,17,85,130,4,236,124,0,124,360
11/10/2002,FAT,CA,AWP,WE,Towers with Radar,20,79,42,2,143,1,11,105,0,117,21,90,147,2,260,24,0,24,284
11/11/2002,FAT,CA,AWP,WE,Towers with Radar,22,89,75,5,191,1,8,208,11,228,23,97,283,16,419,92,0,92,511
11/12/2002,FAT,CA,AWP,WE,Towers with Radar,29,95,33,20,177,1,19,160,9,189,30,114,193,29,366,45,4,49,415
11/13/2002,FAT,CA,AWP,WE,Towers with Radar,26,98,103,31,258,1,9,52,4,66,27,107,155,35,324,100,0,100,424
11/14/2002,FAT,CA,AWP,WE,Towers with Radar,21,98,80,20,219,0,0,33,20,53,21,98,113,40,272,0,6,6,278
11/15/2002,FAT,CA,AWP,WE,Towers with Radar,29,79,99,10,217,0,6,76,4,86,29,85,175,14,303,22,0,22,325
11/16/2002,FAT,CA,AWP,WE,Towers with Radar,17,52,37,4,110,0,11,102,2,115,17,63,139,6,225,74,0,74,299
11/17/2002,FAT,CA,AWP,WE,Towers with Radar,24,81,50,10,165,0,9,90,1,100,24,90,140,11,265,6,0,6,271
11/18/2002,FAT,CA,AWP,WE,Towers with Radar,23,99,44,23,189,0,7,110,2,119,23,106,154,25,308,30,4,34,342
11/19/2002,FAT,CA,AWP,WE,Towers with Radar,29,85,83,27,224,0,8,29,1,38,29,93,112,28,262,22,0,22,284
11/20/2002,FAT,CA,AWP,WE,Towers with Radar,25,96,74,21,216,0,14,92,9,115,25,110,166,30,331,48,0,48,379
11/21/2002,FAT,CA,AWP,WE,Towers with Radar,30,104,50,15,199,0,20,206,15,241,30,124,256,30,440,30,0,30,470
11/22/2002,FAT,CA,AWP,WE,Towers with Radar,28,122,106,18,274,0,17,200,9,226,28,139,306,27,500,126,2,128,628
11/23/2002,FAT,CA,AWP,WE,Towers with Radar,19,79,52,4,154,0,8,85,5,98,19,87,137,9,252,58,0,58,310
11/24/2002,FAT,CA,AWP,WE,Towers with Radar,22,88,80,5,195,0,7,45,2,54,22,95,125,7,249,6,0,6,255
11/25/2002,FAT,CA,AWP,WE,Towers with Radar,23,118,60,36,237,0,10,116,9,135,23,128,176,45,372,156,0,156,528
11/26/2002,FAT,CA,AWP,WE,Towers with Radar,29,115,60,19,223,7,27,149,21,204,36,142,209,40,427,36,4,40,467
11/27/2002,FAT,CA,AWP,WE,Towers with Radar,31,130,68,9,238,0,29,212,14,255,31,159,280,23,493,124,0,124,617
11/28/2002,FAT,CA,AWP,WE,Towers with Radar,13,69,22,1,105,0,6,85,0,91,13,75,107,1,196,126,0,126,322
11/29/2002,FAT,CA,AWP,WE,Towers with Radar,21,98,46,7,172,0,12,139,8,159,21,110,185,15,331,116,0,116,447
11/30/2002,FAT,CA,AWP,WE,Towers with Radar,24,92,37,0,153,0,9,99,0,108,24,101,136,0,261,26,0,26,287
12/01/2002,FAT,CA,AWP,WE,Towers with Radar,19,86,51,0,156,1,6,181,2,190,20,92,232,2,346,22,0,22,368
12/02/2002,FAT,CA,AWP,WE,Towers with Radar,26,113,51,28,218,0,17,184,9,210,26,130,235,37,428,82,6,88,516
12/03/2002,FAT,CA,AWP,WE,Towers with Radar,29,108,28,17,182,0,28,203,18,249,29,136,231,35,431,82,0,82,513
12/04/2002,FAT,CA,AWP,WE,Towers with Radar,27,114,65,30,236,0,42,185,11,238,27,156,250,41,474,70,4,74,548
12/05/2002,FAT,CA,AWP,WE,Towers with Radar,31,106,46,21,204,0,40,179,17,236,31,146,225,38,440,106,2,108,548
12/06/2002,FAT,CA,AWP,WE,Towers with Radar,29,108,54,18,209,0,30,143,5,178,29,138,197,23,387,22,0,22,409
12/07/2002,FAT,CA,AWP,WE,Towers with Radar,16,76,23,14,129,0,11,110,4,125,16,87,133,18,254,10,0,10,264
12/08/2002,FAT,CA,AWP,WE,Towers with Radar,22,86,41,6,155,0,7,109,4,120,22,93,150,10,275,44,0,44,319
12/09/2002,FAT,CA,AWP,WE,Towers with Radar,22,100,55,22,199,0,22,147,14,183,22,122,202,36,382,139,0,139,521
12/10/2002,FAT,CA,AWP,WE,Towers with Radar,27,100,81,32,240,0,39,189,7,235,27,139,270,39,475,104,10,114,589
12/11/2002,FAT,CA,AWP,WE,Towers with Radar,28,105,85,40,258,0,8,28,3,39,28,113,113,43,297,6,6,12,309
12/12/2002,FAT,CA,AWP,WE,Towers with Radar,31,68,90,24,213,0,0,19,0,19,31,68,109,24,232,0,0,0,232
12/13/2002,FAT,CA,AWP,WE,Towers with Radar,27,98,60,18,203,0,17,130,3,150,27,115,190,21,353,60,0,60,413
12/14/2002,FAT,CA,AWP,WE,Towers with Radar,18,93,49,1,161,0,8,117,4,129,18,101,166,5,290,40,0,40,330
12/15/2002,FAT,CA,AWP,WE,Towers with Radar,25,91,32,4,152,0,11,73,2,86,25,102,105,6,238,24,0,24,262
12/16/2002,FAT,CA,AWP,WE,Towers with Radar,22,103,56,18,199,0,6,71,10,87,22,109,127,28,286,8,0,8,294
12/17/2002,FAT,CA,AWP,WE,Towers with Radar,28,110,50,22,210,0,15,122,2,139,28,125,172,24,349,26,0,26,375
12/18/2002,FAT,CA,AWP,WE,Towers with Radar,32,102,49,18,201,0,30,199,23,252,32,132,248,41,453,14,0,14,467
12/19/2002,FAT,CA,AWP,WE,Towers with Radar,31,115,48,10,204,0,8,124,9,141,31,123,172,19,345,64,8,72,417
12/20/2002,FAT,CA,AWP,WE,Towers with Radar,35,103,61,20,219,0,12,122,5,139,35,115,183,25,358,44,4,48,406
12/21/2002,FAT,CA,AWP,WE,Towers with Radar,25,86,30,12,153,0,14,99,0,113,25,100,129,12,266,67,0,67,333
12/22/2002,FAT,CA,AWP,WE,Towers with Radar,26,96,48,12,182,0,6,21,1,28,26,102,69,13,210,24,4,28,238
12/23/2002,FAT,CA,AWP,WE,Towers with Radar,24,109,38,12,183,0,7,112,6,125,24,116,150,18,308,20,0,20,328
12/24/2002,FAT,CA,AWP,WE,Towers with Radar,21,102,29,7,159,0,21,52,2,75,21,123,81,9,234,16,0,16,250
12/25/2002,FAT,CA,AWP,WE,Towers with Radar,17,75,13,2,107,0,10,16,0,26,17,85,29,2,133,0,0,0,133
12/26/2002,FAT,CA,AWP,WE,Towers with Radar,27,121,37,10,195,0,6,77,4,87,27,127,114,14,282,16,10,26,308
12/27/2002,FAT,CA,AWP,WE,Towers with Radar,29,95,30,23,177,2,14,113,7,136,31,109,143,30,313,50,0,50,363
12/28/2002,FAT,CA,AWP,WE,Towers with Radar,27,74,27,4,132,0,8,84,0,92,27,82,111,4,224,42,0,42,266
12/29/2002,FAT,CA,AWP,WE,Towers with Radar,26,83,17,1,127,0,8,64,1,73,26,91,81,2,200,8,0,8,208
12/30/2002,FAT,CA,AWP,WE,Towers with Radar,27,101,49,26,203,0,8,101,7,116,27,109,150,33,319,82,10,92,411
12/31/2002,FAT,CA,AWP,WE,Towers with Radar,19,92,38,8,157,8,14,111,3,136,27,106,149,11,293,44,0,44,337
01/01/2003,FAT,CA,AWP,WE,Towers with Radar,20,76,25,4,125,1,5,87,5,98,21,81,112,9,223,44,16,60,283
01/02/2003,FAT,CA,AWP,WE,Towers with Radar,26,104,28,13,171,0,19,143,8,170,26,123,171,21,341,50,2,52,393
01/03/2003,FAT,CA,AWP,WE,Towers with Radar,30,103,49,18,200,0,10,92,11,113,30,113,141,29,313,73,0,73,386
01/04/2003,FAT,CA,AWP,WE,Towers with Radar,21,75,35,24,155,0,3,31,4,38,21,78,66,28,193,70,4,74,267
01/05/2003,FAT,CA,AWP,WE,Towers with Radar,21,77,48,11,157,0,0,23,0,23,21,77,71,11,180,106,2,108,288
01/06/2003,FAT,CA,AWP,WE,Towers with Radar,25,108,47,30,210,0,9,84,6,99,25,117,131,36,309,66,0,66,375
01/07/2003,FAT,CA,AWP,WE,Towers with Radar,21,104,60,12,197,0,2,5,1,8,21,106,65,13,205,0,0,0,205
01/08/2003,FAT,CA,AWP,WE,Towers with Radar,25,95,86,23,229,0,0,24,4,28,25,95,110,27,257,20,0,20,277
01/09/2003,FAT,CA,AWP,WE,Towers with Radar,23,90,69,23,205,0,14,106,4,124,23,104,175,27,329,80,0,80,409
01/10/2003,FAT,CA,AWP,WE,Towers with Radar,25,101,82,24,232,0,10,76,1,87,25,111,158,25,319,40,0,40,359
01/11/2003,FAT,CA,AWP,WE,Towers with Radar,16,73,28,1,118,0,7,121,3,131,16,80,149,4,249,98,0,98,347
01/12/2003,FAT,CA,AWP,WE,Towers with Radar,18,75,30,8,131,0,3,98,1,102,18,78,128,9,233,10,0,10,243
01/13/2003,FAT,CA,AWP,WE,Towers with Radar,23,95,36,20,174,0,8,116,9,133,23,103,152,29,307,64,0,64,371
01/14/2003,FAT,CA,AWP,WE,Towers with Radar,27,97,63,12,199,0,4,10,3,17,27,101,73,15,216,10,0,10,226
01/15/2003,FAT,CA,AWP,WE,Towers with Radar,26,100,64,21,211,0,8,161,8,177,26,108,225,29,388,14,0,14,402
01/16/2003,FAT,CA,AWP,WE,Towers with Radar,28,80,44,33,185,0,15,156,15,186,28,95,200,48,371,74,2,76,447
01/17/2003,FAT,CA,AWP,WE,Towers with Radar,25,103,82,27,237,0,11,79,0,90,25,114,161,27,327,30,0,30,357
01/18/2003,FAT,CA,AWP,WE,Towers with Radar,16,74,34,2,126,0,17,159,6,182,16,91,193,8,308,14,0,14,322
01/19/2003,FAT,CA,AWP,WE,Towers with Radar,20,91,45,6,162,1,6,54,0,61,21,97,99,6,223,64,8,72,295
01/20/2003,FAT,CA,AWP,WE,Towers with Radar,28,92,74,9,203,1,0,11,0,12,29,92,85,9,215,36,0,36,251
01/21/2003,FAT,CA,AWP,WE,Towers with Radar,27,102,60,13,202,0,10,100,6,116,27,112,160,19,318,70,0,70,388
01/22/2003,FAT,CA,AWP,WE,Towers with Radar,25,94,38,49,206,0,18,119,18,155,25,112,157,67,361,93,42,135,496
01/23/2003,FAT,CA,AWP,WE,Towers with Radar,27,102,64,14,207,0,20,170,14,204,27,122,234,28,411,0,0,0,411
01/24/2003,FAT,CA,AWP,WE,Towers with Radar,28,103,91,23,245,0,7,23,0,30,28,110,114,23,275,50,0,50,325
01/25/2003,FAT,CA,AWP,WE,Towers with Radar,17,73,43,4,137,0,2,40,0,42,17,75,83,4,179,48,4,52,231
01/26/2003,FAT,CA,AWP,WE,Towers with Radar,21,75,27,3,126,0,2,81,1,84,21,77,108,4,210,108,4,112,322
01/27/2003,FAT,CA,AWP,WE,Towers with Radar,26,93,69,24,212,0,4,35,0,39,26,97,104,24,251,72,0,72,323
01/28/2003,FAT,CA,AWP,WE,Towers with Radar,28,108,62,23,221,0,10,83,2,95,28,118,145,25,316,132,0,132,448
01/29/2003,FAT,CA,AWP,WE,Towers with Radar,23,97,55,26,201,0,8,108,4,120,23,105,163,30,321,102,4,106,427
01/30/2003,FAT,CA,AWP,WE,Towers with Radar,28,105,69,24,226,0,7,58,6,71,28,112,127,30,297,10,0,10,307
01/31/2003,FAT,CA,AWP,WE,Towers with Radar,26,98,66,15,205,0,3,36,2,41,26,101,102,17,246,0,0,0,246
02/01/2003,FAT,CA,AWP,WE,Towers with Radar,17,70,59,18,164,0,5,43,0,48,17,75,102,18,212,14,0,14,226
02/02/2003,FAT,CA,AWP,WE,Towers with Radar,22,83,46,1,152,0,2,97,6,105,22,85,143,7,257,26,0,26,283
02/03/2003,FAT,CA,AWP,WE,Towers with Radar,25,89,25,19,158,0,20,177,11,208,25,109,202,30,366,120,6,126,492
02/04/2003,FAT,CA,AWP,WE,Towers with Radar,26,85,36,21,168,0,16,179,10,205,26,101,215,31,373,62,6,68,441
02/05/2003,FAT,CA,AWP,WE,Towers with Radar,30,97,49,25,201,0,28,178,5,211,30,125,227,30,412,114,0,114,526
02/06/2003,FAT,CA,AWP,WE,Towers with Radar,33,83,40,26,182,0,27,221,9,257,33,110,261,35,439,31,0,31,470
02/07/2003,FAT,CA,AWP,WE,Towers with Radar,24,88,46,16,174,0,21,216,11,248,24,109,262,27,422,84,12,96,518
02/08/2003,FAT,CA,AWP,WE,Towers with Radar,16,69,39,11,135,0,17,182,11,210,16,86,221,22,345,108,0,108,453
02/09/2003,FAT,CA,AWP,WE,Towers with Radar,21,77,38,2,138,0,7,170,8,185,21,84,208,10,323,66,0,66,389
02/10/2003,FAT,CA,AWP,WE,Towers with Radar,23,88,28,27,166,0,18,232,4,254,23,106,260,31,420,56,6,62,482
02/11/2003,FAT,CA,AWP,WE,Towers with Radar,28,90,38,24,180,0,20,173,8,201,28,110,211,32,381,46,4,50,431
02/12/2003,FAT,CA,AWP,WE,Towers with Radar,29,103,98,28,258,0,4,66,1,71,29,107,164,29,329,93,0,93,422
02/13/2003,FAT,CA,AWP,WE,Towers with Radar,31,100,61,17,209,0,17,155,11,183,31,117,216,28,392,93,0,93,485
02/14/2003,FAT,CA,AWP,WE,Towers with Radar,27,100,71,6,204,0,7,149,3,159,27,107,220,9,363,14,0,14,377
02/15/2003,FAT,CA,AWP,WE,Towers with Radar,16,65,42,1,124,0,11,147,2,160,16,76,189,3,284,32,0,32,316
02/16/2003,FAT,CA,AWP,WE,Towers with Radar,22,82,29,1,134,0,8,117,0,125,22,90,146,1,259,34,10,44,303
02/17/2003,FAT,CA,AWP,WE,Towers with Radar,24,87,27,5,143,0,10,161,0,171,24,97,188,5,314,78,0,78,392
02/18/2003,FAT,CA,AWP,WE,Towers with Radar,32,98,75,20,225,0,17,133,3,153,32,115,208,23,378,155,2,157,535
02/19/2003,FAT,CA,AWP,WE,Towers with Radar,32,102,77,14,225,0,16,120,2,138,32,118,197,16,363,42,6,48,411
02/20/2003,FAT,CA,AWP,WE,Towers with Radar,23,81,58,21,183,0,12,162,7,181,23,93,220,28,364,128,0,128,492
02/21/2003,FAT,CA,AWP,WE,Towers with Radar,23,87,47,34,191,0,20,235,12,267,23,107,282,46,458,137,9,146,604
02/22/2003,FAT,CA,AWP,WE,Towers with Radar,18,63,56,4,141,0,8,177,3,188,18,71,233,7,329,72,6,78,407
02/23/2003,FAT,CA,AWP,WE,Towers with Radar,23,79,37,1,140,0,8,125,2,135,23,87,162,3,275,66,0,66,341
02/24/2003,FAT,CA,AWP,WE,Towers with Radar,23,96,53,26,198,0,8,131,11,150,23,104,184,37,348,74,0,74,422
02/25/2003,FAT,CA,AWP,WE,Towers with Radar,28,105,47,28,208,0,16,121,3,140,28,121,168,31,348,54,2,56,404
02/26/2003,FAT,CA,AWP,WE,Towers with Radar,32,102,78,13,225,0,14,149,2,165,32,116,227,15,390,35,0,35,425
02/27/2003,FAT,CA,AWP,WE,Towers with Radar,29,96,74,24,223,0,16,198,5,219,29,112,272,29,442,60,4,64,506
02/28/2003,FAT,CA,AWP,WE,Towers with Radar,22,104,62,19,207,0,15,225,13,253,22,119,287,32,460,104,0,104,564
03/01/2003,FAT,CA,AWP,WE,Towers with Radar,23,72,26,10,131,0,19,219,32,270,23,91,245,42,401,56,0,56,457
03/02/2003,FAT,CA,AWP,WE,Towers with Radar,20,78,21,7,126,0,6,177,13,196,20,84,198,20,322,2,0,2,324
03/03/2003,FAT,CA,AWP,WE,Towers with Radar,24,99,31,17,171,0,13,190,7,210,24,112,221,24,381,38,6,44,425
03/04/2003,FAT,CA,AWP,WE,Towers with Radar,26,95,48,22,191,0,20,167,11,198,26,115,215,33,389,51,0,51,440
03/05/2003,FAT,CA,AWP,WE,Towers with Radar,29,84,27,16,156,0,32,237,15,284,29,116,264,31,440,66,0,66,506
03/06/2003,FAT,CA,AWP,WE,Towers with Radar,27,89,46,23,185,0,33,219,8,260,27,122,265,31,445,102,0,102,547
03/07/2003,FAT,CA,AWP,WE,Towers with Radar,27,85,37,21,170,0,24,215,6,245,27,109,252,27,415,68,16,84,499
03/08/2003,FAT,CA,AWP,WE,Towers with Radar,17,64,18,2,101,0,13,201,11,225,17,77,219,13,326,52,0,52,378
03/09/2003,FAT,CA,AWP,WE,Towers with Radar,19,76,11,11,117,0,4,178,0,182,19,80,189,11,299,0,0,0,299
03/10/2003,FAT,CA,AWP,WE,Towers with Radar,25,92,47,19,183,0,24,239,8,271,25,116,286,27,454,110,0,110,564
03/11/2003,FAT,CA,AWP,WE,Towers with Radar,28,86,37,42,193,0,19,240,10,269,28,105,277,52,462,102,2,104,566
03/12/2003,FAT,CA,AWP,WE,Towers with Radar,34,96,64,30,224,0,9,217,11,237,34,105,281,41,461,60,10,70,531
03/13/2003,FAT,CA,AWP,WE,Towers with Radar,30,90,46,13,179,0,11,218,4,233,30,101,264,17,412,76,0,76,488
03/14/2003,FAT,CA,AWP,WE,Towers with Radar,28,92,38,14,172,0,16,137,6,159,28,108,175,20,331,18,0,18,349
03/15/2003,FAT,CA,AWP,WE,Towers with Radar,29,88,42,24,183,0,15,138,19,172,29,103,180,43,355,103,4,107,462
03/16/2003,FAT,CA,AWP,WE,Towers with Radar,22,73,51,2,148,0,6,100,0,106,22,79,151,2,254,14,0,14,268
03/17/2003,FAT,CA,AWP,WE,Towers with Radar,24,91,19,9,143,0,19,153,4,176,24,110,172,13,319,84,0,84,403
03/18/2003,FAT,CA,AWP,WE,Towers with Radar,26,84,30,20,160,0,20,175,7,202,26,104,205,27,362,110,4,114,476
03/19/2003,FAT,CA,AWP,WE,Towers with Radar,31,81,49,19,180,0,19,254,14,287,31,100,303,33,467,146,2,148,615
03/20/2003,FAT,CA,AWP,WE,Towers with Radar,29,89,34,15,167,1,21,217,6,245,30,110,251,21,412,70,0,70,482
03/21/2003,FAT,CA,AWP,WE,Towers with Radar,28,98,33,23,182,0,24,235,12,271,28,122,268,35,453,72,4,76,529
03/22/2003,FAT,CA,AWP,WE,Towers with Radar,24,69,33,7,133,0,15,209,1,225,24,84,242,8,358,54,0,54,412
03/23/2003,FAT,CA,AWP,WE,Towers with Radar,25,75,40,0,140,0,13,161,0,174,25,88,201,0,314,32,0,32,346
03/24/2003,FAT,CA,AWP,WE,Towers with Radar,26,89,57,19,191,0,17,234,13,264,26,106,291,32,455,120,12,132,587
03/25/2003,FAT,CA,AWP,WE,Towers with Radar,30,86,45,19,180,0,29,259,6,294,30,115,304,25,474,124,2,126,600
03/26/2003,FAT,CA,AWP,WE,Towers with Radar,30,95,70,20,215,0,22,209,2,233,30,117,279,22,448,36,4,40,488
03/27/2003,FAT,CA,AWP,WE,Towers with Radar,32,85,46,17,180,0,28,220,19,267,32,113,266,36,447,42,0,42,489
03/28/2003,FAT,CA,AWP,WE,Towers with Radar,29,96,51,12,188,0,34,276,11,321,29,130,327,23,509,42,2,44,553
03/29/2003,FAT,CA,AWP,WE,Towers with Radar,19,64,33,3,119,0,11,187,6,204,19,75,220,9,323,36,0,36,359
03/30/2003,FAT,CA,AWP,WE,Towers with Radar,19,84,43,0,146,0,12,210,2,224,19,96,253,2,370,14,0,14,384
03/31/2003,FAT,CA,AWP,WE,Towers with Radar,25,90,46,19,180,0,18,222,12,252,25,108,268,31,432,138,0,138,570
04/01/2003,FAT,CA,AWP,WE,Towers with Radar,29,88,73,22,212,2,21,154,9,186,31,109,227,31,398,99,0,99,497
04/02/2003,FAT,CA,AWP,WE,Towers with Radar,32,99,44,16,191,0,9,132,10,151,32,108,176,26,342,94,0,94,436
04/03/2003,FAT,CA,AWP,WE,Towers with Radar,28,91,68,37,224,0,24,212,16,252,28,115,280,53,476,58,0,58,534
04/04/2003,FAT,CA,AWP,WE,Towers with Radar,26,94,62,22,204,0,12,110,9,131,26,106,172,31,335,31,0,31,366
04/05/2003,FAT,CA,AWP,WE,Towers with Radar,17,64,54,11,146,0,11,184,12,207,17,75,238,23,353,78,0,78,431
04/06/2003,FAT,CA,AWP,WE,Towers with Radar,17,80,29,3,129,0,11,133,5,149,17,91,162,8,278,22,0,22,300
04/07/2003,FAT,CA,AWP,WE,Towers with Radar,25,88,50,16,179,0,16,240,9,265,25,104,290,25,444,198,18,216,660
04/08/2003,FAT,CA,AWP,WE,Towers with Radar,33,83,55,14,185,0,28,269,15,312,33,111,324,29,497,104,4,108,605
04/09/2003,FAT,CA,AWP,WE,Towers with Radar,29,83,40,18,170,0,23,257,10,290,29,106,297,28,460,46,0,46,506
04/10/2003,FAT,CA,AWP,WE,Towers with Radar,27,84,105,18,234,0,24,236,12,272,27,108,341,30,506,74,0,74,580
04/11/2003,FAT,CA,AWP,WE,Towers with Radar,24,90,102,18,234,0,20,182,9,211,24,110,284,27,445,148,0,148,593
04/12/2003,FAT,CA,AWP,WE,Towers with Radar,16,73,98,2,189,0,17,227,5,249,16,90,325,7,438,126,0,126,564
04/13/2003,FAT,CA,AWP,WE,Towers with Radar,27,95,98,1,221,0,4,78,2,84,27,99,176,3,305,58,0,58,363
04/14/2003,FAT,CA,AWP,WE,Towers with Radar,22,93,52,24,191,0,25,138,5,168,22,118,190,29,359,124,0,124,483
04/15/2003,FAT,CA,AWP,WE,Towers with Radar,23,87,54,25,189,0,30,224,19,273,23,117,278,44,462,14,0,14,476
04/16/2003,FAT,CA,AWP,WE,Towers with Radar,29,92,58,27,206,0,17,184,14,215,29,109,242,41,421,32,0,32,453
04/17/2003,FAT,CA,AWP,WE,Towers with Radar,26,93,38,12,169,0,27,129,7,163,26,120,167,19,332,20,0,20,352
04/18/2003,FAT,CA,AWP,WE,Towers with Radar,26,86,63,6,181,0,23,193,9,225,26,109,256,15,406,46,2,48,454
04/19/2003,FAT,CA,AWP,WE,Towers with Radar,17,72,34,1,124,0,12,235,9,256,17,84,269,10,380,10,0,10,390
04/20/2003,FAT,CA,AWP,WE,Towers with Radar,17,75,48,2,142,0,10,115,4,129,17,85,163,6,271,6,0,6,277
04/21/2003,FAT,CA,AWP,WE,Towers with Radar,20,89,63,1,173,1,23,141,14,179,21,112,204,15,352,120,0,120,472
04/22/2003,FAT,CA,AWP,WE,Towers with Radar,24,86,82,11,203,0,34,232,11,277,24,120,314,22,480,90,0,90,570
04/23/2003,FAT,CA,AWP,WE,Towers with Radar,31,94,91,25,241,1,49,236,14,300,32,143,327,39,541,108,2,110,651
04/24/2003,FAT,CA,AWP,WE,Towers with Radar,27,92,78,21,218,0,34,156,16,206,27,126,234,37,424,88,10,98,522
04/25/2003,FAT,CA,AWP,WE,Towers with Radar,24,81,69,12,186,1,35,148,17,201,25,116,217,29,387,102,14,116,503
04/26/2003,FAT,CA,AWP,WE,Towers with Radar,18,63,39,3,123,1,22,201,9,233,19,85,240,12,356,108,0,108,464
04/27/2003,FAT,CA,AWP,WE,Towers with Radar,28,81,31,0,140,0,13,169,2,184,28,94,200,2,324,50,0,50,374
04/28/2003,FAT,CA,AWP,WE,Towers with Radar,28,82,87,9,206,0,23,140,13,176,28,105,227,22,382,100,0,100,482
04/29/2003,FAT,CA,AWP,WE,Towers with Radar,30,90,58,14,192,0,32,174,23,229,30,122,232,37,421,86,20,106,527
04/30/2003,FAT,CA,AWP,WE,Towers with Radar,30,86,50,12,178,1,35,224,14,274,31,121,274,26,452,4,0,4,456
05/01/2003,FAT,CA,AWP,WE,Towers with Radar,34,82,48,9,173,0,33,176,10,219,34,115,224,19,392,48,0,48,440
05/02/2003,FAT,CA,AWP,WE,Towers with Radar,28,92,58,18,196,0,24,117,20,161,28,116,175,38,357,14,14,28,385
05/03/2003,FAT,CA,AWP,WE,Towers with Radar,20,76,57,15,168,0,8,51,3,62,20,84,108,18,230,50,2,52,282
05/04/2003,FAT,CA,AWP,WE,Towers with Radar,23,74,39,13,149,0,5,128,9,142,23,79,167,22,291,6,0,6,297
05/05/2003,FAT,CA,AWP,WE,Towers with Radar,29,85,45,22,181,0,38,199,13,250,29,123,244,35,431,117,2,119,550
05/06/2003,FAT,CA,AWP,WE,Towers with Radar,27,84,51,25,187,0,42,196,16,254,27,126,247,41,441,54,6,60,501
05/07/2003,FAT,CA,AWP,WE,Towers with Radar,31,113,62,19,225,0,18,123,9,150,31,131,185,28,375,90,0,90,465
05/08/2003,FAT,CA,AWP,WE,Towers with Radar,29,114,87,37,267,0,21,150,12,183,29,135,237,49,450,28,6,34,484
05/09/2003,FAT,CA,AWP,WE,Towers with Radar,29,86,71,24,210,3,27,201,10,241,32,113,272,34,451,56,4,60,511
05/10/2003,FAT,CA,AWP,WE,Towers with Radar,21,68,34,5,128,0,25,157,16,198,21,93,191,21,326,36,0,36,362
05/11/2003,FAT,CA,AWP,WE,Towers with Radar,21,75,18,4,118,0,13,180,6,199,21,88,198,10,317,16,0,16,333
05/12/2003,FAT,CA,AWP,WE,Towers with Radar,31,89,48,15,183,0,22,209,12,243,31,111,257,27,426,58,2,60,486
05/13/2003,FAT,CA,AWP,WE,Towers with Radar,30,100,44,17,191,0,23,233,38,294,30,123,277,55,485,78,0,78,563
05/14/2003,FAT,CA,AWP,WE,Towers with Radar,34,92,61,17,204,0,32,171,35,238,34,124,232,52,442,67,20,87,529
05/15/2003,FAT,CA,AWP,WE,Towers with Radar,32,98,65,18,213,0,33,283,27,343,32,131,348,45,556,100,6,106,662
05/16/2003,FAT,CA,AWP,WE,Towers with Radar,34,99,46,13,192,0,23,242,19,284,34,122,288,32,476,12,16,28,504
05/17/2003,FAT,CA,AWP,WE,Towers with Radar,21,71,46,1,139,0,14,202,11,227,21,85,248,12,366,57,0,57,423
05/18/2003,FAT,CA,AWP,WE,Towers with Radar,26,74,24,8,132,0,10,188,2,200,26,84,212,10,332,56,0,56,388
05/19/2003,FAT,CA,AWP,WE,Towers with Radar,28,92,35,12,167,0,30,190,11,231,28,122,225,23,398,32,4,36,434
05/20/2003,FAT,CA,AWP,WE,Towers with Radar,31,94,31,13,169,0,27,214,25,266,31,121,245,38,435,74,0,74,509
05/21/2003,FAT,CA,AWP,WE,Towers with Radar,35,94,29,10,168,0,26,200,25,251,35,120,229,35,419,52,0,52,471
05/22/2003,FAT,CA,AWP,WE,Towers with Radar,35,95,35,17,182,0,34,227,19,280,35,129,262,36,462,86,0,86,548
05/23/2003,FAT,CA,AWP,WE,Towers with Radar,31,89,30,14,164,0,34,261,16,311,31,123,291,30,475,66,2,68,543
05/24/2003,FAT,CA,AWP,WE,Towers with Radar,18,76,33,9,136,0,23,188,10,221,18,99,221,19,357,42,0,42,399
05/25/2003,FAT,CA,AWP,WE,Towers with Radar,14,74,21,12,121,0,6,123,5,134,14,80,144,17,255,36,0,36,291
05/26/2003,FAT,CA,AWP,WE,Towers with Radar,20,80,31,7,138,0,13,169,14,196,20,93,200,21,334,44,0,44,378
05/27/2003,FAT,CA,AWP,WE,Towers with Radar,26,90,38,14,168,0,26,217,16,259,26,116,255,30,427,44,8,52,479
05/28/2003,FAT,CA,AWP,WE,Towers with Radar,32,94,40,14,180,0,30,269,26,325,32,124,309,40,505,44,8,52,557
05/29/2003,FAT,CA,AWP,WE,Towers with Radar,32,91,51,13,187,0,40,258,36,334,32,131,309,49,521,46,12,58,579
05/30/2003,FAT,CA,AWP,WE,Towers with Radar,29,104,52,12,197,0,22,253,22,297,29,126,305,34,494,40,0,40,534
05/31/2003,FAT,CA,AWP,WE,Towers with Radar,19,77,30,8,134,0,14,175,4,193,19,91,205,12,327,58,0,58,385
06/01/2003,FAT,CA,AWP,WE,Towers with Radar,17,80,30,2,129,0,15,172,4,191,17,95,202,6,320,14,0,14,334
06/02/2003,FAT,CA,AWP,WE,Towers with Radar,23,92,24,14,153,0,27,230,17,274,23,119,254,31,427,132,2,134,561
06/03/2003,FAT,CA,AWP,WE,Towers with Radar,24,94,59,23,200,0,26,231,21,278,24,120,290,44,478,45,16,61,539
06/04/2003,FAT,CA,AWP,WE,Towers with Radar,27,102,49,16,194,0,30,274,14,318,27,132,323,30,512,56,4,60,572
06/05/2003,FAT,CA,AWP,WE,Towers with Radar,29,103,38,7,177,0,33,266,29,328,29,136,304,36,505,22,34,56,561
06/06/2003,FAT,CA,AWP,WE,Towers with Radar,24,97,37,16,174,2,28,288,24,342,26,125,325,40,516,50,2,52,568
06/07/2003,FAT,CA,AWP,WE,Towers with Radar,18,77,46,12,153,0,15,205,16,236,18,92,251,28,389,120,6,126,515
06/08/2003,FAT,CA,AWP,WE,Towers with Radar,25,76,34,2,137,0,5,203,8,216,25,81,237,10,353,12,0,12,365
06/09/2003,FAT,CA,AWP,WE,Towers with Radar,26,95,45,14,180,0,27,255,30,312,26,122,300,44,492,166,12,178,670
06/10/2003,FAT,CA,AWP,WE,Towers with Radar,29,102,69,19,219,0,34,238,14,286,29,136,307,33,505,82,0,82,587
06/11/2003,FAT,CA,AWP,WE,Towers with Radar,30,93,52,17,192,0,35,242,20,297,30,128,294,37,489,114,4,118,607
06/12/2003,FAT,CA,AWP,WE,Towers with Radar,30,94,52,10,186,0,29,243,31,303,30,123,295,41,489,166,0,166,655
06/13/2003,FAT,CA,AWP,WE,Towers with Radar,29,99,55,17,200,0,32,312,22,366,29,131,367,39,566,86,2,88,654
06/14/2003,FAT,CA,AWP,WE,Towers with Radar,29,78,39,0,146,0,31,233,13,277,29,109,272,13,423,98,0,98,521
06/15/2003,FAT,CA,AWP,WE,Towers with Radar,33,79,30,2,144,0,5,205,7,217,33,84,235,9,361,64,0,64,425
06/16/2003,FAT,CA,AWP,WE,Towers with Radar,31,96,79,25,231,0,30,224,18,272,31,126,303,43,503,80,4,84,587
06/17/2003,FAT,CA,AWP,WE,Towers with Radar,29,96,59,26,210,0,31,250,22,303,29,127,309,48,513,24,6,30,543
06/18/2003,FAT,CA,AWP,WE,Towers with Radar,31,99,63,16,209,1,29,263,23,316,32,128,326,39,525,110,0,110,635
06/19/2003,FAT,CA,AWP,WE,Towers with Radar,32,99,53,17,201,2,32,283,26,343,34,131,336,43,544,106,6,112,656
06/20/2003,FAT,CA,AWP,WE,Towers with Radar,34,93,62,9,198,0,27,235,18,280,34,120,297,27,478,18,0,18,496
06/21/2003,FAT,CA,AWP,WE,Towers with Radar,24,93,38,3,158,0,25,254,3,282,24,118,292,6,440,6,0,6,446
06/22/2003,FAT,CA,AWP,WE,Towers with Radar,28,80,35,1,144,0,8,212,15,235,28,88,247,16,379,14,0,14,393
06/23/2003,FAT,CA,AWP,WE,Towers with Radar,27,97,56,14,194,0,36,208,17,261,27,133,264,31,455,66,12,78,533
06/24/2003,FAT,CA,AWP,WE,Towers with Radar,30,98,42,9,179,0,35,248,29,312,30,133,290,38,491,168,0,168,659
06/25/2003,FAT,CA,AWP,WE,Towers with Radar,34,109,44,20,207,0,30,293,16,339,34,139,337,36,546,68,8,76,622
06/26/2003,FAT,CA,AWP,WE,Towers with Radar,32,92,62,10,196,0,23,250,20,293,32,115,312,30,489,233,0,233,722
06/27/2003,FAT,CA,AWP,WE,Towers with Radar,36,92,49,12,189,0,19,230,15,264,36,111,279,27,453,60,0,60,513
06/28/2003,FAT,CA,AWP,WE,Towers with Radar,27,79,34,5,145,0,17,218,4,239,27,96,252,9,384,22,0,22,406
06/29/2003,FAT,CA,AWP,WE,Towers with Radar,28,75,36,0,139,0,7,204,7,218,28,82,240,7,357,34,0,34,391
06/30/2003,FAT,CA,AWP,WE,Towers with Radar,28,100,45,9,182,0,26,216,18,260,28,126,261,27,442,28,6,34,476
07/01/2003,FAT,CA,AWP,WE,Towers with Radar,30,101,48,15,194,0,28,264,30,322,30,129,312,45,516,70,8,78,594
07/02/2003,FAT,CA,AWP,WE,Towers with Radar,32,101,41,20,194,0,44,293,39,376,32,145,334,59,570,32,10,42,612
07/03/2003,FAT,CA,AWP,WE,Towers with Radar,31,98,41,10,180,0,39,309,11,359,31,137,350,21,539,108,0,108,647
07/04/2003,FAT,CA,AWP,WE,Towers with Radar,19,68,26,4,117,0,13,203,10,226,19,81,229,14,343,0,0,0,343
07/05/2003,FAT,CA,AWP,WE,Towers with Radar,20,76,31,0,127,0,19,221,4,244,20,95,252,4,371,36,0,36,407
07/06/2003,FAT,CA,AWP,WE,Towers with Radar,25,80,34,2,141,0,13,223,8,244,25,93,257,10,385,12,0,12,397
07/07/2003,FAT,CA,AWP,WE,Towers with Radar,30,101,77,17,225,0,31,245,21,297,30,132,322,38,522,50,2,52,574
07/08/2003,FAT,CA,AWP,WE,Towers with Radar,35,103,60,21,219,0,49,307,25,381,35,152,367,46,600,112,0,112,712
07/09/2003,FAT,CA,AWP,WE,Towers with Radar,33,98,60,22,213,0,27,267,24,318,33,125,327,46,531,20,0,20,551
07/10/2003,FAT,CA,AWP,WE,Towers with Radar,32,99,60,12,203,0,29,242,26,297,32,128,302,38,500,22,0,22,522
07/11/2003,FAT,CA,AWP,WE,Towers with Radar,29,97,40,17,183,0,27,249,19,295,29,124,289,36,478,62,0,62,540
07/12/2003,FAT,CA,AWP,WE,Towers with Radar,19,77,16,6,118,0,15,166,12,193,19,92,182,18,311,0,0,0,311
07/13/2003,FAT,CA,AWP,WE,Towers with Radar,25,86,34,18,163,0,11,231,14,256,25,97,265,32,419,30,0,30,449
07/14/2003,FAT,CA,AWP,WE,Towers with Radar,33,90,42,10,175,0,33,233,11,277,33,123,275,21,452,32,0,32,484
07/15/2003,FAT,CA,AWP,WE,Towers with Radar,31,100,43,5,179,0,30,242,18,290,31,130,285,23,469,68,0,68,537
07/16/2003,FAT,CA,AWP,WE,Towers with Radar,30,92,66,16,204,0,31,268,30,329,30,123,334,46,533,74,0,74,607
07/17/2003,FAT,CA,AWP,WE,Towers with Radar,32,99,45,9,185,0,38,262,30,330,32,137,307,39,515,55,4,59,574
07/18/2003,FAT,CA,AWP,WE,Towers with Radar,31,91,56,15,193,0,28,252,31,311,31,119,308,46,504,22,0,22,526
07/19/2003,FAT,CA,AWP,WE,Towers with Radar,24,80,45,4,153,0,13,189,7,209,24,93,234,11,362,68,0,68,430
07/20/2003,FAT,CA,AWP,WE,Towers with Radar,26,80,32,1,139,0,8,180,3,191,26,88,212,4,330,12,0,12,342
07/21/2003,FAT,CA,AWP,WE,Towers with Radar,33,87,44,15,179,0,29,216,16,261,33,116,260,31,440,48,18,66,506
07/22/2003,FAT,CA,AWP,WE,Towers with Radar,34,92,57,20,203,0,30,218,13,261,34,122,275,33,464,96,0,96,560
07/23/2003,FAT,CA,AWP,WE,Towers with Radar,37,93,43,6,179,0,28,250,21,299,37,121,293,27,478,69,27,96,574
07/24/2003,FAT,CA,AWP,WE,Towers with Radar,27,101,41,16,185,0,34,244,11,289,27,135,285,27,474,38,26,64,538
07/25/2003,FAT,CA,AWP,WE,Towers with Radar,28,97,58,14,197,0,26,284,18,328,28,123,342,32,525,74,2,76,601
07/26/2003,FAT,CA,AWP,WE,Towers with Radar,21,78,39,13,151,0,17,182,4,203,21,95,221,17,354,12,0,12,366
07/27/2003,FAT,CA,AWP,WE,Towers with Radar,20,94,33,3,150,0,8,203,10,221,20,102,236,13,371,10,0,10,381
07/28/2003,FAT,CA,AWP,WE,Towers with Radar,31,94,38,9,172,0,31,239,22,292,31,125,277,31,464,20,4,24,488
07/29/2003,FAT,CA,AWP,WE,Towers with Radar,34,97,42,21,194,0,30,196,26,252,34,127,238,47,446,52,0,52,498
07/30/2003,FAT,CA,AWP,WE,Towers with Radar,32,100,48,20,200,0,27,239,28,294,32,127,287,48,494,40,4,44,538
07/31/2003,FAT,CA,AWP,WE,Towers with Radar,32,99,56,16,203,0,28,215,18,261,32,127,271,34,464,58,0,58,522
08/01/2003,FAT,CA,AWP,WE,Towers with Radar,25,97,80,10,212,1,21,244,8,274,26,118,324,18,486,42,0,42,528
08/02/2003,FAT,CA,AWP,WE,Towers with Radar,22,82,42,21,167,0,17,158,19,194,22,99,200,40,361,18,2,20,381
08/03/2003,FAT,CA,AWP,WE,Towers with Radar,27,83,26,7,143,1,13,177,8,199,28,96,203,15,342,2,0,2,344
08/04/2003,FAT,CA,AWP,WE,Towers with Radar,29,89,28,18,164,1,28,190,22,241,30,117,218,40,405,92,0,92,497
08/05/2003,FAT,CA,AWP,WE,Towers with Radar,30,101,36,20,187,1,29,208,17,255,31,130,244,37,442,52,8,60,502
08/06/2003,FAT,CA,AWP,WE,Towers with Radar,37,99,35,14,185,0,38,279,10,327,37,137,314,24,512,56,0,56,568
08/07/2003,FAT,CA,AWP,WE,Towers with Radar,34,94,36,10,174,0,29,273,20,322,34,123,309,30,496,143,0,143,639
08/08/2003,FAT,CA,AWP,WE,Towers with Radar,31,93,46,12,182,0,19,279,24,322,31,112,325,36,504,110,4,114,618
08/09/2003,FAT,CA,AWP,WE,Towers with Radar,24,73,32,0,129,0,11,233,6,250,24,84,265,6,379,20,0,20,399
08/10/2003,FAT,CA,AWP,WE,Towers with Radar,28,80,37,2,147,0,24,229,6,259,28,104,266,8,406,44,0,44,450
08/11/2003,FAT,CA,AWP,WE,Towers with Radar,28,93,58,18,197,0,30,230,19,279,28,123,288,37,476,78,8,86,562
08/12/2003,FAT,CA,AWP,WE,Towers with Radar,33,92,50,9,184,0,34,213,32,279,33,126,263,41,463,72,10,82,545
08/13/2003,FAT,CA,AWP,WE,Towers with Radar,36,92,69,9,206,0,36,253,19,308,36,128,322,28,514,136,0,136,650
08/14/2003,FAT,CA,AWP,WE,Towers with Radar,33,94,45,10,182,0,40,253,30,323,33,134,298,40,505,158,2,160,665
08/15/2003,FAT,CA,AWP,WE,Towers with Radar,31,91,56,11,189,0,23,295,37,355,31,114,351,48,544,78,4,82,626
08/16/2003,FAT,CA,AWP,WE,Towers with Radar,24,71,44,0,139,0,10,182,15,207,24,81,226,15,346,46,0,46,392
08/17/2003,FAT,CA,AWP,WE,Towers with Radar,28,81,40,3,152,0,12,192,9,213,28,93,232,12,365,18,0,18,383
08/18/2003,FAT,CA,AWP,WE,Towers with Radar,30,97,57,15,199,0,31,213,15,259,30,128,270,30,458,62,2,64,522
08/19/2003,FAT,CA,AWP,WE,Towers with Radar,33,94,59,9,195,0,28,230,18,276,33,122,289,27,471,71,0,71,542
08/20/2003,FAT,CA,AWP,WE,Towers with Radar,33,91,64,15,203,2,31,287,36,356,35,122,351,51,559,94,12,106,665
08/21/2003,FAT,CA,AWP,WE,Towers with Radar,40,98,76,11,225,0,31,200,30,261,40,129,276,41,486,74,4,78,564
08/22/2003,FAT,CA,AWP,WE,Towers with Radar,32,92,88,16,228,0,28,226,24,278,32,120,314,40,506,90,2,92,598
08/23/2003,FAT,CA,AWP,WE,Towers with Radar,20,82,46,4,152,0,16,212,16,244,20,98,258,20,396,42,0,42,438
08/24/2003,FAT,CA,AWP,WE,Towers with Radar,27,80,32,0,139,0,15,196,9,220,27,95,228,9,359,50,0,50,409
08/25/2003,FAT,CA,AWP,WE,Towers with Radar,33,86,58,23,200,0,37,238,13,288,33,123,296,36,488,30,4,34,522
08/26/2003,FAT,CA,AWP,WE,Towers with Radar,25,99,77,29,230,0,33,259,28,320,25,132,336,57,550,82,2,84,634
08/27/2003,FAT,CA,AWP,WE,Towers with Radar,34,95,52,25,206,0,21,265,33,319,34,116,317,58,525,130,10,140,665
08/28/2003,FAT,CA,AWP,WE,Towers with Radar,39,87,47,14,187,0,27,293,17,337,39,114,340,31,524,92,0,92,616
08/29/2003,FAT,CA,AWP,WE,Towers with Radar,34,89,51,0,174,0,31,217,16,264,34,120,268,16,438,62,0,62,500
08/30/2003,FAT,CA,AWP,WE,Towers with Radar,20,71,40,9,140,0,23,173,6,202,20,94,213,15,342,7,0,7,349
08/31/2003,FAT,CA,AWP,WE,Towers with Radar,23,69,30,1,123,0,9,161,2,172,23,78,191,3,295,26,0,26,321
09/01/2003,FAT,CA,AWP,WE,Towers with Radar,23,76,35,0,134,0,14,240,5,259,23,90,275,5,393,60,0,60,453
09/02/2003,FAT,CA,AWP,WE,Towers with Radar,27,88,48,38,201,0,35,231,14,280,27,123,279,52,481,60,0,60,541
09/03/2003,FAT,CA,AWP,WE,Towers with Radar,31,90,42,18,181,0,32,279,25,336,31,122,321,43,517,80,22,102,619
09/04/2003,FAT,CA,AWP,WE,Towers with Radar,30,95,46,20,191,0,30,262,37,329,30,125,308,57,520,76,4,80,600
09/05/2003,FAT,CA,AWP,WE,Towers with Radar,29,101,54,10,194,0,23,327,24,374,29,124,381,34,568,28,0,28,596
09/06/2003,FAT,CA,AWP,WE,Towers with Radar,20,77,52,37,186,0,16,227,22,265,20,93,279,59,451,82,14,96,547
09/07/2003,FAT,CA,AWP,WE,Towers with Radar,20,79,47,5,151,0,8,217,20,245,20,87,264,25,396,38,4,42,438
09/08/2003,FAT,CA,AWP,WE,Towers with Radar,24,91,33,29,177,0,27,226,21,274,24,118,259,50,451,102,4,106,557
09/09/2003,FAT,CA,AWP,WE,Towers with Radar,25,106,47,25,203,0,26,209,31,266,25,132,256,56,469,54,16,70,539
09/10/2003,FAT,CA,AWP,WE,Towers with Radar,27,110,62,18,217,0,26,251,21,298,27,136,313,39,515,40,0,40,555
09/11/2003,FAT,CA,AWP,WE,Towers with Radar,27,93,50,13,183,0,38,267,20,325,27,131,317,33,508,54,0,54,562
09/12/2003,FAT,CA,AWP,WE,Towers with Radar,25,93,39,7,164,0,34,251,28,313,25,127,290,35,477,56,10,66,543
09/13/2003,FAT,CA,AWP,WE,Towers with Radar,19,79,36,3,137,0,30,194,9,233,19,109,230,12,370,28,0,28,398
09/14/2003,FAT,CA,AWP,WE,Towers with Radar,25,86,38,0,149,0,26,196,13,235,25,112,234,13,384,26,0,26,410
09/15/2003,FAT,CA,AWP,WE,Towers with Radar,22,95,50,17,184,0,34,256,19,309,22,129,306,36,493,32,14,46,539
09/16/2003,FAT,CA,AWP,WE,Towers with Radar,28,99,38,27,192,0,49,289,16,354,28,148,327,43,546,64,8,72,618
09/17/2003,FAT,CA,AWP,WE,Towers with Radar,26,100,49,17,192,0,38,280,22,340,26,138,329,39,532,64,19,83,615
09/18/2003,FAT,CA,AWP,WE,Towers with Radar,27,108,48,16,199,0,33,259,30,322,27,141,307,46,521,76,28,104,625
09/19/2003,FAT,CA,AWP,WE,Towers with Radar,28,102,44,9,183,0,21,253,16,290,28,123,297,25,473,60,8,68,541
09/20/2003,FAT,CA,AWP,WE,Towers with Radar,19,78,56,10,163,0,12,240,9,261,19,90,296,19,424,22,8,30,454
09/21/2003,FAT,CA,AWP,WE,Towers with Radar,19,85,49,13,166,0,9,154,8,171,19,94,203,21,337,30,0,30,367
09/22/2003,FAT,CA,AWP,WE,Towers with Radar,22,99,71,12,204,0,29,208,24,261,22,128,279,36,465,28,10,38,503
09/23/2003,FAT,CA,AWP,WE,Towers with Radar,27,100,33,14,174,0,42,288,24,354,27,142,321,38,528,103,6,109,637
09/24/2003,FAT,CA,AWP,WE,Towers with Radar,24,102,54,13,193,0,34,254,22,310,24,136,308,35,503,102,4,106,609
09/25/2003,FAT,CA,AWP,WE,Towers with Radar,24,115,62,10,211,0,32,274,20,326,24,147,336,30,537,142,8,150,687
09/26/2003,FAT,CA,AWP,WE,Towers with Radar,23,105,65,11,204,0,29,338,26,393,23,134,403,37,597,40,0,40,637
09/27/2003,FAT,CA,AWP,WE,Towers with Radar,15,82,53,0,150,0,9,223,8,240,15,91,276,8,390,42,0,42,432
09/28/2003,FAT,CA,AWP,WE,Towers with Radar,18,90,48,1,157,0,9,282,14,305,18,99,330,15,462,16,0,16,478
09/29/2003,FAT,CA,AWP,WE,Towers with Radar,22,93,38,28,181,0,23,276,18,317,22,116,314,46,498,56,0,56,554
09/30/2003,FAT,CA,AWP,WE,Towers with Radar,22,103,47,1,173,0,29,352,20,401,22,132,399,21,574,38,0,38,612
10/01/2003,FAT,CA,AWP,WE,Towers with Radar,22,105,54,14,195,3,23,273,13,312,25,128,327,27,507,78,12,90,597
10/02/2003,FAT,CA,AWP,WE,Towers with Radar,23,108,56,14,201,3,23,292,18,336,26,131,348,32,537,34,8,42,579
10/03/2003,FAT,CA,AWP,WE,Towers with Radar,21,102,52,13,188,3,24,231,14,272,24,126,283,27,460,104,0,104,564
10/04/2003,FAT,CA,AWP,WE,Towers with Radar,15,74,38,10,137,1,33,201,3,238,16,107,239,13,375,34,0,34,409
10/05/2003,FAT,CA,AWP,WE,Towers with Radar,14,69,35,9,127,1,22,209,4,236,15,91,244,13,363,32,0,32,395
10/06/2003,FAT,CA,AWP,WE,Towers with Radar,19,90,46,12,167,3,33,199,5,240,22,123,245,17,407,28,0,28,435
10/07/2003,FAT,CA,AWP,WE,Towers with Radar,21,101,52,13,187,0,32,272,22,326,21,133,324,35,513,43,4,47,560
10/08/2003,FAT,CA,AWP,WE,Towers with Radar,21,102,52,13,188,2,43,224,27,296,23,145,276,40,484,69,6,75,559
10/09/2003,FAT,CA,AWP,WE,Towers with Radar,25,117,60,15,217,1,30,282,20,333,26,147,342,35,550,56,0,56,606
10/10/2003,FAT,CA,AWP,WE,Towers with Radar,20,94,48,7,169,0,29,248,0,277,20,123,296,7,446,26,0,26,472
10/11/2003,FAT,CA,AWP,WE,Towers with Radar,15,82,42,7,146,0,15,241,0,256,15,97,283,7,402,92,0,92,494
10/12/2003,FAT,CA,AWP,WE,Towers with Radar,16,77,40,10,143,1,19,194,1,215,17,96,234,11,358,56,10,66,424
10/13/2003,FAT,CA,AWP,WE,Towers with Radar,15,72,37,9,133,5,35,241,9,290,20,107,278,18,423,14,0,14,437
10/14/2003,FAT,CA,AWP,WE,Towers with Radar,23,104,54,14,195,6,40,251,18,315,29,144,305,32,510,20,2,22,532
10/15/2003,FAT,CA,AWP,WE,Towers with Radar,27,124,64,16,231,1,10,181,30,222,28,134,245,46,453,2,0,2,455
10/16/2003,FAT,CA,AWP,WE,Towers with Radar,24,116,61,14,215,0,19,323,31,373,24,135,384,45,588,20,6,26,614
10/17/2003,FAT,CA,AWP,WE,Towers with Radar,22,103,54,13,192,0,19,237,38,294,22,122,291,51,486,58,0,58,544
10/18/2003,FAT,CA,AWP,WE,Towers with Radar,15,83,49,11,158,0,0,288,6,294,15,83,337,17,452,8,0,8,460
10/19/2003,FAT,CA,AWP,WE,Towers with Radar,16,94,51,11,172,0,0,270,0,270,16,94,321,11,442,16,0,16,458
10/20/2003,FAT,CA,AWP,WE,Towers with Radar,20,95,50,11,176,0,36,199,18,253,20,131,249,29,429,66,0,66,495
10/21/2003,FAT,CA,AWP,WE,Towers with Radar,21,96,51,12,180,1,48,258,20,327,22,144,309,32,507,103,0,103,610
10/22/2003,FAT,CA,AWP,WE,Towers with Radar,24,114,60,14,212,0,40,265,15,320,24,154,325,29,532,81,0,81,613
10/23/2003,FAT,CA,AWP,WE,Towers with Radar,22,124,65,15,226,0,25,291,23,339,22,149,356,38,565,80,4,84,649
10/24/2003,FAT,CA,AWP,WE,Towers with Radar,22,100,53,12,187,4,37,276,29,346,26,137,329,41,533,54,12,66,599
10/25/2003,FAT,CA,AWP,WE,Towers with Radar,16,79,42,10,147,0,9,221,5,235,16,88,263,15,382,66,0,66,448
10/26/2003,FAT,CA,AWP,WE,Towers with Radar,15,71,40,10,136,0,0,151,4,155,15,71,191,14,291,10,0,10,301
10/27/2003,FAT,CA,AWP,WE,Towers with Radar,19,87,46,11,163,3,39,220,28,290,22,126,266,39,453,74,4,78,531
10/28/2003,FAT,CA,AWP,WE,Towers with Radar,23,105,55,14,197,0,40,230,25,295,23,145,285,39,492,100,6,106,598
10/29/2003,FAT,CA,AWP,WE,Towers with Radar,24,125,66,16,231,0,10,204,31,245,24,135,270,47,476,44,18,62,538
10/30/2003,FAT,CA,AWP,WE,Towers with Radar,24,109,58,14,205,0,23,224,34,281,24,132,282,48,486,72,14,86,572
10/31/2003,FAT,CA,AWP,WE,Towers with Radar,19,125,64,16,224,0,7,172,7,186,19,132,236,23,410,12,0,12,422
11/01/2003,FAT,CA,AWP,WE,Towers with Radar,14,83,45,11,153,0,17,139,9,165,14,100,184,20,318,20,0,20,338
11/02/2003,FAT,CA,AWP,WE,Towers with Radar,14,82,44,11,151,0,11,148,11,170,14,93,192,22,321,24,0,24,345
11/03/2003,FAT,CA,AWP,WE,Towers with Radar,22,110,59,14,205,0,17,100,14,131,22,127,159,28,336,20,0,20,356
11/04/2003,FAT,CA,AWP,WE,Towers with Radar,21,104,56,14,195,4,39,221,21,285,25,143,277,35,480,6,0,6,486
11/05/2003,FAT,CA,AWP,WE,Towers with Radar,21,106,57,14,198,1,37,215,22,275,22,143,272,36,473,50,8,58,531
11/06/2003,FAT,CA,AWP,WE,Towers with Radar,24,119,64,15,222,1,12,220,22,255,25,131,284,37,477,130,4,134,611
11/07/2003,FAT,CA,AWP,WE,Towers with Radar,22,113,61,14,210,0,29,192,24,245,22,142,253,38,455,50,4,54,509
11/08/2003,FAT,CA,AWP,WE,Towers with Radar,16,95,51,3,165,0,2,138,0,140,16,97,189,3,305,48,0,48,353
11/09/2003,FAT,CA,AWP,WE,Towers with Radar,17,100,54,10,181,0,9,114,0,123,17,109,168,10,304,0,0,0,304
11/10/2003,FAT,CA,AWP,WE,Towers with Radar,17,86,46,4,153,3,39,207,0,249,20,125,253,4,402,72,0,72,474
11/11/2003,FAT,CA,AWP,WE,Towers with Radar,18,88,48,11,165,4,21,204,3,232,22,109,252,14,397,77,6,83,480
11/12/2003,FAT,CA,AWP,WE,Towers with Radar,24,133,76,18,251,0,0,135,3,138,24,133,211,21,389,42,0,42,431
11/13/2003,FAT,CA,AWP,WE,Towers with Radar,23,109,60,14,206,2,39,239,15,295,25,148,299,29,501,54,0,54,555
11/14/2003,FAT,CA,AWP,WE,Towers with Radar,21,124,69,16,230,0,19,174,29,222,21,143,243,45,452,54,4,58,510
11/15/2003,FAT,CA,AWP,WE,Towers with Radar,14,86,58,14,172,0,0,75,26,101,14,86,133,40,273,4,2,6,279
11/16/2003,FAT,CA,AWP,WE,Towers with Radar,15,75,42,9,141,0,7,100,13,120,15,82,142,22,261,14,0,14,275
11/17/2003,FAT,CA,AWP,WE,Towers with Radar,20,106,59,13,198,0,8,168,12,188,20,114,227,25,386,78,0,78,464
11/18/2003,FAT,CA,AWP,WE,Towers with Radar,22,117,65,15,219,0,15,197,3,215,22,132,262,18,434,164,0,164,598
11/19/2003,FAT,CA,AWP,WE,Towers with Radar,25,128,71,17,241,0,37,217,14,268,25,165,288,31,509,100,0,100,609
11/20/2003,FAT,CA,AWP,WE,Towers with Radar,26,130,72,16,244,0,35,150,15,200,26,165,222,31,444,52,0,52,496
11/21/2003,FAT,CA,AWP,WE,Towers with Radar,20,93,52,11,176,3,30,225,0,258,23,123,277,11,434,44,0,44,478
11/22/2003,FAT,CA,AWP,WE,Towers with Radar,17,79,44,10,150,0,18,147,5,170,17,97,191,15,320,46,0,46,366
11/23/2003,FAT,CA,AWP,WE,Towers with Radar,16,71,40,9,136,1,21,142,0,164,17,92,182,9,300,80,4,84,384
11/24/2003,FAT,CA,AWP,WE,Towers with Radar,21,97,54,12,184,0,29,151,12,192,21,126,205,24,376,36,2,38,414
11/25/2003,FAT,CA,AWP,WE,Towers with Radar,21,100,55,13,189,5,30,228,16,279,26,130,283,29,468,34,4,38,506
11/26/2003,FAT,CA,AWP,WE,Towers with Radar,20,92,50,11,173,11,45,180,1,237,31,137,230,12,410,33,0,33,443
11/27/2003,FAT,CA,AWP,WE,Towers with Radar,12,55,29,4,100,1,16,92,0,109,13,71,121,4,209,4,0,4,213
11/28/2003,FAT,CA,AWP,WE,Towers with Radar,15,70,37,9,131,2,35,142,0,179,17,105,179,9,310,2,0,2,312
11/29/2003,FAT,CA,AWP,WE,Towers with Radar,20,92,50,5,167,3,9,187,0,199,23,101,237,5,366,50,0,50,416
11/30/2003,FAT,CA,AWP,WE,Towers with Radar,21,86,58,13,178,0,0,157,0,157,21,86,215,13,335,22,0,22,357
12/01/2003,FAT,CA,AWP,WE,Towers with Radar,22,110,66,18,216,7,29,137,11,184,29,139,203,29,400,50,4,54,454
12/02/2003,FAT,CA,AWP,WE,Towers with Radar,25,121,72,20,238,7,27,186,27,247,32,148,258,47,485,74,16,90,575
12/03/2003,FAT,CA,AWP,WE,Towers with Radar,32,149,90,24,295,3,0,98,13,114,35,149,188,37,409,20,4,24,433
12/04/2003,FAT,CA,AWP,WE,Towers with Radar,29,141,94,25,289,0,0,68,13,81,29,141,162,38,370,10,0,10,380
12/05/2003,FAT,CA,AWP,WE,Towers with Radar,25,131,77,21,254,0,0,134,2,136,25,131,211,23,390,20,10,30,420
12/06/2003,FAT,CA,AWP,WE,Towers with Radar,17,82,54,9,162,0,0,153,0,153,17,82,207,9,315,52,0,52,367
12/07/2003,FAT,CA,AWP,WE,Towers with Radar,18,100,62,3,183,0,0,81,0,81,18,100,143,3,264,4,0,4,268
12/08/2003,FAT,CA,AWP,WE,Towers with Radar,18,119,74,20,231,0,0,116,13,129,18,119,190,33,360,60,4,64,424
12/09/2003,FAT,CA,AWP,WE,Towers with Radar,27,129,76,20,252,2,17,188,26,233,29,146,264,46,485,116,10,126,611
12/10/2003,FAT,CA,AWP,WE,Towers with Radar,29,142,85,23,279,0,0,126,29,155,29,142,211,52,434,58,0,58,492
12/11/2003,FAT,CA,AWP,WE,Towers with Radar,26,125,73,20,244,2,17,160,31,210,28,142,233,51,454,60,8,68,522
12/12/2003,FAT,CA,AWP,WE,Towers with Radar,22,117,68,18,225,0,11,166,15,192,22,128,234,33,417,96,4,100,517
12/13/2003,FAT,CA,AWP,WE,Towers with Radar,15,79,46,6,146,0,21,174,0,195,15,100,220,6,341,54,0,54,395
12/14/2003,FAT,CA,AWP,WE,Towers with Radar,18,93,54,1,166,0,3,76,0,79,18,96,130,1,245,106,0,106,351
12/15/2003,FAT,CA,AWP,WE,Towers with Radar,19,95,55,15,184,0,28,135,24,187,19,123,190,39,371,72,12,84,455
12/16/2003,FAT,CA,AWP,WE,Towers with Radar,21,103,60,16,200,8,39,234,18,299,29,142,294,34,499,144,2,146,645
12/17/2003,FAT,CA,AWP,WE,Towers with Radar,24,115,67,17,223,3,21,211,36,271,27,136,278,53,494,130,32,162,656
12/18/2003,FAT,CA,AWP,WE,Towers with Radar,24,113,66,18,221,2,13,190,20,225,26,126,256,38,446,84,0,84,530
12/19/2003,FAT,CA,AWP,WE,Towers with Radar,23,105,63,16,207,1,35,199,20,255,24,140,262,36,462,73,2,75,537
12/20/2003,FAT,CA,AWP,WE,Towers with Radar,17,89,53,6,165,0,22,90,0,112,17,111,143,6,277,26,0,26,303
12/21/2003,FAT,CA,AWP,WE,Towers with Radar,21,94,58,6,179,0,0,40,0,40,21,94,98,6,219,70,0,70,289
12/22/2003,FAT,CA,AWP,WE,Towers with Radar,21,141,84,22,268,0,4,57,4,65,21,145,141,26,333,93,42,135,468
12/23/2003,FAT,CA,AWP,WE,Towers with Radar,22,122,73,20,237,0,27,85,20,132,22,149,158,40,369,42,6,48,417
12/24/2003,FAT,CA,AWP,WE,Towers with Radar,17,97,58,11,183,0,54,51,0,105,17,151,109,11,288,0,0,0,288
12/25/2003,FAT,CA,AWP,WE,Towers with Radar,8,52,31,0,91,0,40,12,0,52,8,92,43,0,143,0,0,0,143
12/26/2003,FAT,CA,AWP,WE,Towers with Radar,16,76,45,9,146,0,47,118,0,165,16,123,163,9,311,0,0,0,311
12/27/2003,FAT,CA,AWP,WE,Towers with Radar,17,76,45,11,149,3,38,147,1,189,20,114,192,12,338,26,0,26,364
12/28/2003,FAT,CA,AWP,WE,Towers with Radar,16,71,43,6,136,7,22,91,0,120,23,93,134,6,256,32,0,32,288
12/29/2003,FAT,CA,AWP,WE,Towers with Radar,25,114,68,17,224,4,18,44,10,76,29,132,112,27,300,16,0,16,316
12/30/2003,FAT,CA,AWP,WE,Towers with Radar,20,92,55,14,181,2,41,120,7,170,22,133,175,21,351,20,0,20,371
12/31/2003,FAT,CA,AWP,WE,Towers with Radar,17,104,62,6,189,0,25,68,0,93,17,129,130,6,282,0,0,0,282
01/01/2004,FAT,CA,AWP,WE,Towers with Radar,9,55,41,0,105,3,40,21,0,64,12,95,62,0,169,0,0,0,169
01/02/2004,FAT,CA,AWP,WE,Towers with Radar,16,104,77,1,198,3,36,30,0,69,19,140,107,1,267,0,0,0,267
01/03/2004,FAT,CA,AWP,WE,Towers with Radar,10,71,53,3,137,4,25,101,0,130,14,96,154,3,267,4,0,4,271
01/04/2004,FAT,CA,AWP,WE,Towers with Radar,12,84,62,9,167,3,13,110,0,126,15,97,172,9,293,4,0,4,297
01/05/2004,FAT,CA,AWP,WE,Towers with Radar,12,80,58,12,162,6,55,122,13,196,18,135,180,25,358,44,0,44,402
01/06/2004,FAT,CA,AWP,WE,Towers with Radar,16,104,75,15,210,4,45,160,5,214,20,149,235,20,424,48,2,50,474
01/07/2004,FAT,CA,AWP,WE,Towers with Radar,14,94,67,14,189,3,36,128,15,182,17,130,195,29,371,14,2,16,387
01/08/2004,FAT,CA,AWP,WE,Towers with Radar,13,92,66,14,185,0,44,171,23,238,13,136,237,37,423,76,12,88,511
01/09/2004,FAT,CA,AWP,WE,Towers with Radar,15,98,70,15,198,0,49,183,48,280,15,147,253,63,478,38,0,38,516
01/10/2004,FAT,CA,AWP,WE,Towers with Radar,13,81,59,13,166,2,4,140,28,174,15,85,199,41,340,38,0,38,378
01/11/2004,FAT,CA,AWP,WE,Towers with Radar,9,50,37,8,104,2,9,4,2,17,11,59,41,10,121,0,0,0,121
01/12/2004,FAT,CA,AWP,WE,Towers with Radar,18,99,75,16,208,4,0,34,2,40,22,99,109,18,248,32,2,34,282
01/13/2004,FAT,CA,AWP,WE,Towers with Radar,20,125,95,18,258,0,0,61,0,61,20,125,156,18,319,12,0,12,331
01/14/2004,FAT,CA,AWP,WE,Towers with Radar,22,125,111,23,281,0,0,54,17,71,22,125,165,40,352,0,0,0,352
01/15/2004,FAT,CA,AWP,WE,Towers with Radar,22,149,109,23,303,0,3,71,6,80,22,152,180,29,383,28,0,28,411
01/16/2004,FAT,CA,AWP,WE,Towers with Radar,19,122,106,18,265,0,0,140,0,140,19,122,246,18,405,70,0,70,475
01/17/2004,FAT,CA,AWP,WE,Towers with Radar,12,87,89,8,196,0,0,108,0,108,12,87,197,8,304,78,0,78,382
01/18/2004,FAT,CA,AWP,WE,Towers with Radar,13,92,71,11,187,0,0,42,0,42,13,92,113,11,229,42,6,48,277
01/19/2004,FAT,CA,AWP,WE,Towers with Radar,18,104,76,10,208,0,10,128,0,138,18,114,204,10,346,106,0,106,452
01/20/2004,FAT,CA,AWP,WE,Towers with Radar,24,137,101,20,282,2,8,48,4,62,26,145,149,24,344,33,0,33,377
01/21/2004,FAT,CA,AWP,WE,Towers with Radar,20,113,83,17,233,4,16,192,30,242,24,129,275,47,475,152,0,152,627
01/22/2004,FAT,CA,AWP,WE,Towers with Radar,18,102,75,15,210,5,34,151,14,204,23,136,226,29,414,119,0,119,533
01/23/2004,FAT,CA,AWP,WE,Towers with Radar,16,76,70,14,176,4,0,49,1,54,20,76,119,15,230,38,0,38,268
01/24/2004,FAT,CA,AWP,WE,Towers with Radar,12,72,56,2,142,0,0,20,0,20,12,72,76,2,162,0,0,0,162
01/25/2004,FAT,CA,AWP,WE,Towers with Radar,13,102,84,5,204,0,0,54,0,54,13,102,138,5,258,0,0,0,258
01/26/2004,FAT,CA,AWP,WE,Towers with Radar,19,113,86,17,235,0,0,66,25,91,19,113,152,42,326,26,0,26,352
01/27/2004,FAT,CA,AWP,WE,Towers with Radar,18,133,99,20,270,0,14,62,9,85,18,147,161,29,355,66,0,66,421
01/28/2004,FAT,CA,AWP,WE,Towers with Radar,22,147,109,23,301,0,7,73,21,101,22,154,182,44,402,56,0,56,458
01/29/2004,FAT,CA,AWP,WE,Towers with Radar,20,118,88,18,244,2,11,150,10,173,22,129,238,28,417,96,0,96,513
01/30/2004,FAT,CA,AWP,WE,Towers with Radar,19,124,92,19,254,0,14,188,14,216,19,138,280,33,470,44,0,44,514
01/31/2004,FAT,CA,AWP,WE,Towers with Radar,11,74,56,12,153,0,22,183,2,207,11,96,239,14,360,92,0,92,452
02/01/2004,FAT,CA,AWP,WE,Towers with Radar,12,74,44,2,132,2,29,113,0,144,14,103,157,2,276,6,0,6,282
02/02/2004,FAT,CA,AWP,WE,Towers with Radar,19,114,69,15,217,0,17,38,14,69,19,131,107,29,286,6,0,6,292
02/03/2004,FAT,CA,AWP,WE,Towers with Radar,19,110,66,15,210,3,28,126,3,160,22,138,192,18,370,102,0,102,472
02/04/2004,FAT,CA,AWP,WE,Towers with Radar,23,132,80,19,254,2,15,196,9,222,25,147,276,28,476,30,20,50,526
02/05/2004,FAT,CA,AWP,WE,Towers with Radar,20,140,84,19,263,0,9,193,24,226,20,149,277,43,489,26,0,26,515
02/06/2004,FAT,CA,AWP,WE,Towers with Radar,19,118,71,15,223,0,29,275,17,321,19,147,346,32,544,60,2,62,606
02/07/2004,FAT,CA,AWP,WE,Towers with Radar,12,89,55,12,168,0,0,138,36,174,12,89,193,48,342,40,0,40,382
02/08/2004,FAT,CA,AWP,WE,Towers with Radar,11,74,44,10,139,0,20,146,13,179,11,94,190,23,318,24,0,24,342
02/09/2004,FAT,CA,AWP,WE,Towers with Radar,15,88,53,11,167,3,42,135,20,200,18,130,188,31,367,6,0,6,373
02/10/2004,FAT,CA,AWP,WE,Towers with Radar,16,97,58,13,184,4,47,296,9,356,20,144,354,22,540,174,2,176,716
02/11/2004,FAT,CA,AWP,WE,Towers with Radar,18,109,65,14,206,2,41,250,28,321,20,150,315,42,527,100,0,100,627
02/12/2004,FAT,CA,AWP,WE,Towers with Radar,17,100,61,13,191,7,48,253,21,329,24,148,314,34,520,94,0,94,614
02/13/2004,FAT,CA,AWP,WE,Towers with Radar,19,111,67,7,204,1,29,168,0,198,20,140,235,7,402,94,0,94,496
02/14/2004,FAT,CA,AWP,WE,Towers with Radar,8,69,43,8,128,0,22,169,0,191,8,91,212,8,319,88,0,88,407
02/15/2004,FAT,CA,AWP,WE,Towers with Radar,13,71,44,9,137,2,35,116,0,153,15,106,160,9,290,44,0,44,334
02/16/2004,FAT,CA,AWP,WE,Towers with Radar,18,103,63,1,185,0,7,97,0,104,18,110,160,1,289,30,0,30,319
02/17/2004,FAT,CA,AWP,WE,Towers with Radar,21,117,72,15,225,2,14,115,26,157,23,131,187,41,382,14,4,18,400
02/18/2004,FAT,CA,AWP,WE,Towers with Radar,29,158,108,23,318,0,0,137,8,145,29,158,245,31,463,72,0,72,535
02/19/2004,FAT,CA,AWP,WE,Towers with Radar,25,131,91,19,266,0,0,116,9,125,25,131,207,28,391,44,0,44,435
02/20/2004,FAT,CA,AWP,WE,Towers with Radar,19,128,79,17,243,0,3,139,6,148,19,131,218,23,391,80,0,80,471
02/21/2004,FAT,CA,AWP,WE,Towers with Radar,12,83,51,9,155,0,17,126,0,143,12,100,177,9,298,54,0,54,352
02/22/2004,FAT,CA,AWP,WE,Towers with Radar,14,78,48,9,149,1,11,67,0,79,15,89,115,9,228,54,0,54,282
02/23/2004,FAT,CA,AWP,WE,Towers with Radar,23,124,78,17,242,0,0,59,12,71,23,124,137,29,313,68,0,68,381
02/24/2004,FAT,CA,AWP,WE,Towers with Radar,18,100,62,13,193,0,46,211,25,282,18,146,273,38,475,142,0,142,617
02/25/2004,FAT,CA,AWP,WE,Towers with Radar,21,117,72,15,225,4,27,56,1,88,25,144,128,16,313,62,0,62,375
02/26/2004,FAT,CA,AWP,WE,Towers with Radar,23,129,79,17,248,1,17,93,5,116,24,146,172,22,364,58,0,58,422
02/27/2004,FAT,CA,AWP,WE,Towers with Radar,21,131,79,17,248,0,3,158,23,184,21,134,237,40,432,72,6,78,510
02/28/2004,FAT,CA,AWP,WE,Towers with Radar,13,79,56,12,160,0,0,203,0,203,13,79,259,12,363,56,0,56,419
02/29/2004,FAT,CA,AWP,WE,Towers with Radar,14,87,52,11,164,0,4,135,1,140,14,91,187,12,304,16,0,16,320
03/01/2004,FAT,CA,AWP,WE,Towers with Radar,23,134,67,18,242,0,0,96,0,96,23,134,163,18,338,46,0,46,384
03/02/2004,FAT,CA,AWP,WE,Towers with Radar,24,126,63,15,228,0,16,173,0,189,24,142,236,15,417,101,0,101,518
03/03/2004,FAT,CA,AWP,WE,Towers with Radar,22,110,55,11,198,2,26,245,0,273,24,136,300,11,471,68,0,68,539
03/04/2004,FAT,CA,AWP,WE,Towers with Radar,22,120,60,17,219,0,22,201,12,235,22,142,261,29,454,66,0,66,520
03/05/2004,FAT,CA,AWP,WE,Towers with Radar,21,135,70,20,246,0,0,225,43,268,21,135,295,63,514,20,8,28,542
03/06/2004,FAT,CA,AWP,WE,Towers with Radar,14,80,40,11,145,0,18,161,56,235,14,98,201,67,380,62,0,62,442
03/07/2004,FAT,CA,AWP,WE,Towers with Radar,16,92,46,13,167,0,9,144,37,190,16,101,190,50,357,50,0,50,407
03/08/2004,FAT,CA,AWP,WE,Towers with Radar,19,98,49,14,180,1,28,202,5,236,20,126,251,19,416,94,2,96,512
03/09/2004,FAT,CA,AWP,WE,Towers with Radar,20,105,52,15,192,5,29,208,26,268,25,134,260,41,460,126,8,134,594
03/10/2004,FAT,CA,AWP,WE,Towers with Radar,23,116,58,16,213,4,29,242,25,300,27,145,300,41,513,82,0,82,595
03/11/2004,FAT,CA,AWP,WE,Towers with Radar,21,110,55,15,201,3,42,207,15,267,24,152,262,30,468,64,0,64,532
03/12/2004,FAT,CA,AWP,WE,Towers with Radar,21,114,58,16,209,0,28,237,14,279,21,142,295,30,488,54,0,54,542
03/13/2004,FAT,CA,AWP,WE,Towers with Radar,14,76,39,10,139,0,14,199,2,215,14,90,238,12,354,84,0,84,438
03/14/2004,FAT,CA,AWP,WE,Towers with Radar,17,89,46,11,163,0,16,132,0,148,17,105,178,11,311,124,0,124,435
03/15/2004,FAT,CA,AWP,WE,Towers with Radar,19,93,48,14,174,1,31,187,7,226,20,124,235,21,400,32,8,40,440
03/16/2004,FAT,CA,AWP,WE,Towers with Radar,21,106,54,15,196,5,31,207,26,269,26,137,261,41,465,22,2,24,489
03/17/2004,FAT,CA,AWP,WE,Towers with Radar,18,88,45,13,164,7,50,214,20,291,25,138,259,33,455,80,4,84,539
03/18/2004,FAT,CA,AWP,WE,Towers with Radar,21,106,54,15,196,0,53,198,32,283,21,159,252,47,479,123,0,123,602
03/19/2004,FAT,CA,AWP,WE,Towers with Radar,21,105,54,14,194,0,35,221,31,287,21,140,275,45,481,72,0,72,553
03/20/2004,FAT,CA,AWP,WE,Towers with Radar,11,81,41,11,144,0,9,194,1,204,11,90,235,12,348,38,0,38,386
03/21/2004,FAT,CA,AWP,WE,Towers with Radar,18,86,44,13,161,2,10,151,2,165,20,96,195,15,326,72,0,72,398
03/22/2004,FAT,CA,AWP,WE,Towers with Radar,21,107,55,15,198,1,27,160,23,211,22,134,215,38,409,74,0,74,483
03/23/2004,FAT,CA,AWP,WE,Towers with Radar,22,115,59,16,212,0,16,220,8,244,22,131,279,24,456,88,0,88,544
03/24/2004,FAT,CA,AWP,WE,Towers with Radar,21,101,52,15,189,3,39,259,19,320,24,140,311,34,509,38,4,42,551
03/25/2004,FAT,CA,AWP,WE,Towers with Radar,25,119,61,17,222,1,22,253,16,292,26,141,314,33,514,60,18,78,592
03/26/2004,FAT,CA,AWP,WE,Towers with Radar,21,113,58,16,208,0,18,188,20,226,21,131,246,36,434,64,0,64,498
03/27/2004,FAT,CA,AWP,WE,Towers with Radar,14,73,37,11,135,0,17,178,4,199,14,90,215,15,334,28,0,28,362
03/28/2004,FAT,CA,AWP,WE,Towers with Radar,17,86,43,12,158,3,14,158,18,193,20,100,201,30,351,28,0,28,379
03/29/2004,FAT,CA,AWP,WE,Towers with Radar,18,88,44,13,163,2,47,181,11,241,20,135,225,24,404,94,0,94,498
03/30/2004,FAT,CA,AWP,WE,Towers with Radar,20,119,59,17,215,0,14,175,24,213,20,133,234,41,428,78,0,78,506
03/31/2004,FAT,CA,AWP,WE,Towers with Radar,23,124,62,17,226,0,21,237,4,262,23,145,299,21,488,127,0,127,615
04/01/2004,FAT,CA,AWP,WE,Towers with Radar,24,101,60,17,202,2,27,230,26,285,26,128,290,43,487,118,4,122,609
04/02/2004,FAT,CA,AWP,WE,Towers with Radar,17,102,61,17,197,0,32,214,15,261,17,134,275,32,458,48,6,54,512
04/03/2004,FAT,CA,AWP,WE,Towers with Radar,14,95,62,17,188,0,0,144,52,196,14,95,206,69,384,68,8,76,460
04/04/2004,FAT,CA,AWP,WE,Towers with Radar,17,74,43,12,146,1,24,162,26,213,18,98,205,38,359,4,0,4,363
04/05/2004,FAT,CA,AWP,WE,Towers with Radar,22,98,58,15,193,0,31,220,25,276,22,129,278,40,469,184,10,194,663
04/06/2004,FAT,CA,AWP,WE,Towers with Radar,24,102,61,16,203,2,34,218,12,266,26,136,279,28,469,38,0,38,507
04/07/2004,FAT,CA,AWP,WE,Towers with Radar,23,98,58,16,195,2,37,266,19,324,25,135,324,35,519,60,4,64,583
04/08/2004,FAT,CA,AWP,WE,Towers with Radar,25,115,68,18,226,0,30,267,6,303,25,145,335,24,529,36,0,36,565
04/09/2004,FAT,CA,AWP,WE,Towers with Radar,18,77,45,12,152,5,59,229,11,304,23,136,274,23,456,16,0,16,472
04/10/2004,FAT,CA,AWP,WE,Towers with Radar,18,83,49,13,163,0,3,178,14,195,18,86,227,27,358,36,0,36,394
04/11/2004,FAT,CA,AWP,WE,Towers with Radar,16,70,41,11,138,1,22,143,6,172,17,92,184,17,310,62,0,62,372
04/12/2004,FAT,CA,AWP,WE,Towers with Radar,23,96,57,15,191,1,39,184,14,238,24,135,241,29,429,110,8,118,547
04/13/2004,FAT,CA,AWP,WE,Towers with Radar,21,90,53,14,178,3,42,207,24,276,24,132,260,38,454,62,14,76,530
04/14/2004,FAT,CA,AWP,WE,Towers with Radar,26,117,73,19,235,0,0,235,8,243,26,117,308,27,478,90,10,100,578
04/15/2004,FAT,CA,AWP,WE,Towers with Radar,23,114,70,19,226,0,0,212,13,225,23,114,282,32,451,63,0,63,514
04/16/2004,FAT,CA,AWP,WE,Towers with Radar,23,112,69,18,222,0,0,180,10,190,23,112,249,28,412,46,2,48,460
04/17/2004,FAT,CA,AWP,WE,Towers with Radar,15,76,71,4,166,0,0,197,0,197,15,76,268,4,363,20,0,20,383
04/18/2004,FAT,CA,AWP,WE,Towers with Radar,19,78,48,8,153,1,8,204,0,213,20,86,252,8,366,30,0,30,396
04/19/2004,FAT,CA,AWP,WE,Towers with Radar,24,95,58,15,192,1,16,137,19,173,25,111,195,34,365,105,0,105,470
04/20/2004,FAT,CA,AWP,WE,Towers with Radar,26,117,71,19,233,0,16,196,24,236,26,133,267,43,469,86,0,86,555
04/21/2004,FAT,CA,AWP,WE,Towers with Radar,23,94,57,16,190,2,19,162,15,198,25,113,219,31,388,80,0,80,468
04/22/2004,FAT,CA,AWP,WE,Towers with Radar,21,90,55,14,180,5,24,196,25,250,26,114,251,39,430,80,0,80,510
04/23/2004,FAT,CA,AWP,WE,Towers with Radar,22,89,54,15,180,1,20,208,29,258,23,109,262,44,438,66,6,72,510
04/24/2004,FAT,CA,AWP,WE,Towers with Radar,15,60,37,10,122,2,37,192,15,246,17,97,229,25,368,8,0,8,376
04/25/2004,FAT,CA,AWP,WE,Towers with Radar,15,59,36,10,120,3,32,146,5,186,18,91,182,15,306,0,0,0,306
04/26/2004,FAT,CA,AWP,WE,Towers with Radar,21,86,52,14,173,1,24,171,15,211,22,110,223,29,384,138,4,142,526
04/27/2004,FAT,CA,AWP,WE,Towers with Radar,21,83,50,13,167,6,35,138,49,228,27,118,188,62,395,89,20,109,504
04/28/2004,FAT,CA,AWP,WE,Towers with Radar,22,89,54,15,180,4,33,212,7,256,26,122,266,22,436,40,0,40,476
04/29/2004,FAT,CA,AWP,WE,Towers with Radar,21,86,51,13,171,4,35,168,23,230,25,121,219,36,401,96,2,98,499
04/30/2004,FAT,CA,AWP,WE,Towers with Radar,19,79,47,12,157,3,42,203,28,276,22,121,250,40,433,68,0,68,501
05/01/2004,FAT,CA,AWP,WE,Towers with Radar,19,73,40,9,141,0,0,200,39,239,19,73,240,48,380,80,2,82,462
05/02/2004,FAT,CA,AWP,WE,Towers with Radar,17,63,30,7,117,4,25,106,11,146,21,88,136,18,263,18,8,26,289
05/03/2004,FAT,CA,AWP,WE,Towers with Radar,23,86,41,10,160,1,22,157,16,196,24,108,198,26,356,34,0,34,390
05/04/2004,FAT,CA,AWP,WE,Towers with Radar,24,90,43,10,167,2,16,102,15,135,26,106,145,25,302,44,6,50,352
05/05/2004,FAT,CA,AWP,WE,Towers with Radar,26,97,46,11,180,2,33,160,16,211,28,130,206,27,391,85,0,85,476
05/06/2004,FAT,CA,AWP,WE,Towers with Radar,25,94,45,11,175,2,20,209,6,237,27,114,254,17,412,184,6,190,602
05/07/2004,FAT,CA,AWP,WE,Towers with Radar,24,96,46,11,177,0,20,235,15,270,24,116,281,26,447,51,0,51,498
05/08/2004,FAT,CA,AWP,WE,Towers with Radar,18,66,31,8,123,0,11,166,5,182,18,77,197,13,305,38,0,38,343
05/09/2004,FAT,CA,AWP,WE,Towers with Radar,17,64,30,7,118,7,15,135,1,158,24,79,165,8,276,20,0,20,296
05/10/2004,FAT,CA,AWP,WE,Towers with Radar,24,94,45,11,174,0,26,128,13,167,24,120,173,24,341,61,6,67,408
05/11/2004,FAT,CA,AWP,WE,Towers with Radar,26,95,45,11,177,3,20,199,28,250,29,115,244,39,427,86,8,94,521
05/12/2004,FAT,CA,AWP,WE,Towers with Radar,28,106,51,12,197,0,10,244,23,277,28,116,295,35,474,97,6,103,577
05/13/2004,FAT,CA,AWP,WE,Towers with Radar,24,91,43,10,168,0,30,201,1,232,24,121,244,11,400,30,0,30,430
05/14/2004,FAT,CA,AWP,WE,Towers with Radar,23,106,54,13,196,0,0,259,20,279,23,106,313,33,475,40,0,40,515
05/15/2004,FAT,CA,AWP,WE,Towers with Radar,16,58,28,7,109,2,22,172,1,197,18,80,200,8,306,54,0,54,360
05/16/2004,FAT,CA,AWP,WE,Towers with Radar,20,74,35,7,136,2,5,161,3,171,22,79,196,10,307,70,0,70,377
05/17/2004,FAT,CA,AWP,WE,Towers with Radar,22,88,43,9,162,0,34,159,5,198,22,122,202,14,360,88,0,88,448
05/18/2004,FAT,CA,AWP,WE,Towers with Radar,26,94,46,10,176,0,10,217,13,240,26,104,263,23,416,60,26,86,502
05/19/2004,FAT,CA,AWP,WE,Towers with Radar,27,94,46,10,177,0,25,231,14,270,27,119,277,24,447,34,4,38,485
05/20/2004,FAT,CA,AWP,WE,Towers with Radar,26,93,46,10,175,2,16,219,6,243,28,109,265,16,418,94,0,94,512
05/21/2004,FAT,CA,AWP,WE,Towers with Radar,26,92,45,10,173,0,21,221,24,266,26,113,266,34,439,76,0,76,515
05/22/2004,FAT,CA,AWP,WE,Towers with Radar,17,61,30,6,114,1,21,169,9,200,18,82,199,15,314,38,0,38,352
05/23/2004,FAT,CA,AWP,WE,Towers with Radar,18,62,31,6,117,7,28,168,1,204,25,90,199,7,321,28,0,28,349
05/24/2004,FAT,CA,AWP,WE,Towers with Radar,24,89,44,9,166,0,26,160,38,224,24,115,204,47,390,68,4,72,462
05/25/2004,FAT,CA,AWP,WE,Towers with Radar,28,99,49,10,186,2,21,264,22,309,30,120,313,32,495,212,0,212,707
05/26/2004,FAT,CA,AWP,WE,Towers with Radar,25,88,43,9,165,3,28,205,27,263,28,116,248,36,428,148,0,148,576
05/27/2004,FAT,CA,AWP,WE,Towers with Radar,27,109,54,11,201,0,20,224,28,272,27,129,278,39,473,170,12,182,655
05/28/2004,FAT,CA,AWP,WE,Towers with Radar,27,112,63,14,216,0,0,214,5,219,27,112,277,19,435,106,0,106,541
05/29/2004,FAT,CA,AWP,WE,Towers with Radar,18,71,35,7,131,0,16,166,7,189,18,87,201,14,320,40,0,40,360
05/30/2004,FAT,CA,AWP,WE,Towers with Radar,15,50,25,4,94,6,31,152,0,189,21,81,177,4,283,26,0,26,309
05/31/2004,FAT,CA,AWP,WE,Towers with Radar,18,82,40,8,148,0,8,184,12,204,18,90,224,20,352,42,0,42,394
06/01/2004,FAT,CA,AWP,WE,Towers with Radar,21,86,43,14,164,0,29,205,26,260,21,115,248,40,424,44,6,50,474
06/02/2004,FAT,CA,AWP,WE,Towers with Radar,38,121,58,19,236,0,14,219,31,264,38,135,277,50,500,94,12,106,606
06/03/2004,FAT,CA,AWP,WE,Towers with Radar,31,100,48,16,195,0,27,224,17,268,31,127,272,33,463,110,0,110,573
06/04/2004,FAT,CA,AWP,WE,Towers with Radar,29,109,53,18,209,0,6,258,13,277,29,115,311,31,486,38,0,38,524
06/05/2004,FAT,CA,AWP,WE,Towers with Radar,16,61,29,10,116,0,27,139,16,182,16,88,168,26,298,62,6,68,366
06/06/2004,FAT,CA,AWP,WE,Towers with Radar,27,85,41,14,167,0,12,171,8,191,27,97,212,22,358,40,0,40,398
06/07/2004,FAT,CA,AWP,WE,Towers with Radar,27,89,43,15,174,0,34,187,19,240,27,123,230,34,414,136,14,150,564
06/08/2004,FAT,CA,AWP,WE,Towers with Radar,30,99,48,16,193,0,12,221,17,250,30,111,269,33,443,212,10,222,665
06/09/2004,FAT,CA,AWP,WE,Towers with Radar,30,95,46,15,186,0,10,198,7,215,30,105,244,22,401,96,0,96,497
06/10/2004,FAT,CA,AWP,WE,Towers with Radar,31,101,49,16,197,0,16,234,3,253,31,117,283,19,450,74,4,78,528
06/11/2004,FAT,CA,AWP,WE,Towers with Radar,24,77,37,13,151,3,22,297,1,323,27,99,334,14,474,66,36,102,576
06/12/2004,FAT,CA,AWP,WE,Towers with Radar,22,74,36,5,137,0,25,230,0,255,22,99,266,5,392,0,0,0,392
06/13/2004,FAT,CA,AWP,WE,Towers with Radar,19,60,28,9,116,5,16,140,1,162,24,76,168,10,278,56,1,57,335
06/14/2004,FAT,CA,AWP,WE,Towers with Radar,24,76,37,12,149,7,27,182,35,251,31,103,219,47,400,110,2,112,512
06/15/2004,FAT,CA,AWP,WE,Towers with Radar,22,69,33,10,134,1,1,81,0,83,23,70,114,10,217,124,0,124,341
06/16/2004,FAT,CA,AWP,WE,Towers with Radar,29,95,46,15,185,0,23,252,21,296,29,118,298,36,481,88,4,92,573
06/17/2004,FAT,CA,AWP,WE,Towers with Radar,27,82,40,14,163,6,25,321,28,380,33,107,361,42,543,78,10,88,631
06/18/2004,FAT,CA,AWP,WE,Towers with Radar,29,90,43,15,177,0,18,250,24,292,29,108,293,39,469,22,0,22,491
06/19/2004,FAT,CA,AWP,WE,Towers with Radar,21,62,30,9,122,0,58,247,0,305,21,120,277,9,427,34,0,34,461
06/20/2004,FAT,CA,AWP,WE,Towers with Radar,24,72,36,10,142,1,14,155,0,170,25,86,191,10,312,0,0,0,312
06/21/2004,FAT,CA,AWP,WE,Towers with Radar,29,90,45,14,178,0,21,199,10,230,29,111,244,24,408,20,7,27,435
06/22/2004,FAT,CA,AWP,WE,Towers with Radar,30,97,48,14,189,0,15,189,23,227,30,112,237,37,416,96,16,112,528
06/23/2004,FAT,CA,AWP,WE,Towers with Radar,32,98,49,15,194,1,8,199,16,224,33,106,248,31,418,90,0,90,508
06/24/2004,FAT,CA,AWP,WE,Towers with Radar,33,105,52,15,205,0,12,216,30,258,33,117,268,45,463,58,0,58,521
06/25/2004,FAT,CA,AWP,WE,Towers with Radar,27,95,47,15,184,0,9,214,28,251,27,104,261,43,435,20,0,20,455
06/26/2004,FAT,CA,AWP,WE,Towers with Radar,22,74,37,11,144,0,5,175,6,186,22,79,212,17,330,18,0,18,348
06/27/2004,FAT,CA,AWP,WE,Towers with Radar,23,68,34,9,134,5,26,134,4,169,28,94,168,13,303,32,0,32,335
06/28/2004,FAT,CA,AWP,WE,Towers with Radar,30,104,51,16,201,0,7,184,14,205,30,111,235,30,406,39,0,39,445
06/29/2004,FAT,CA,AWP,WE,Towers with Radar,32,97,48,15,192,5,15,253,10,283,37,112,301,25,475,40,0,40,515
06/30/2004,FAT,CA,AWP,WE,Towers with Radar,30,90,45,15,180,1,18,226,31,276,31,108,271,46,456,118,0,118,574
07/01/2004,FAT,CA,AWP,WE,Towers with Radar,35,116,47,8,206,0,0,310,18,328,35,116,357,26,534,48,0,48,582
07/02/2004,FAT,CA,AWP,WE,Towers with Radar,26,80,32,6,144,3,26,253,5,287,29,106,285,11,431,50,0,50,481
07/03/2004,FAT,CA,AWP,WE,Towers with Radar,23,69,28,2,122,0,14,134,0,148,23,83,162,2,270,38,0,38,308
07/04/2004,FAT,CA,AWP,WE,Towers with Radar,18,58,22,4,102,3,23,96,3,125,21,81,118,7,227,0,0,0,227
07/05/2004,FAT,CA,AWP,WE,Towers with Radar,22,70,27,5,124,0,20,150,3,173,22,90,177,8,297,18,0,18,315
07/06/2004,FAT,CA,AWP,WE,Towers with Radar,26,95,37,7,165,0,17,165,14,196,26,112,202,21,361,36,8,44,405
07/07/2004,FAT,CA,AWP,WE,Towers with Radar,30,92,36,6,164,2,22,210,21,255,32,114,246,27,419,19,0,19,438
07/08/2004,FAT,CA,AWP,WE,Towers with Radar,29,95,37,7,168,0,22,230,10,262,29,117,267,17,430,86,0,86,516
07/09/2004,FAT,CA,AWP,WE,Towers with Radar,29,99,38,7,173,0,12,234,27,273,29,111,272,34,446,160,8,168,614
07/10/2004,FAT,CA,AWP,WE,Towers with Radar,22,77,29,6,134,0,11,203,8,222,22,88,232,14,356,22,0,22,378
07/11/2004,FAT,CA,AWP,WE,Towers with Radar,23,85,33,6,147,0,7,139,13,159,23,92,172,19,306,38,0,38,344
07/12/2004,FAT,CA,AWP,WE,Towers with Radar,28,86,33,6,153,0,16,261,4,281,28,102,294,10,434,58,0,58,492
07/13/2004,FAT,CA,AWP,WE,Towers with Radar,31,97,38,7,173,3,42,205,22,272,34,139,243,29,445,42,0,42,487
07/14/2004,FAT,CA,AWP,WE,Towers with Radar,35,108,42,6,191,8,28,271,19,326,43,136,313,25,517,112,0,112,629
07/15/2004,FAT,CA,AWP,WE,Towers with Radar,30,94,36,6,166,2,34,219,22,277,32,128,255,28,443,62,0,62,505
07/16/2004,FAT,CA,AWP,WE,Towers with Radar,29,98,38,6,171,0,27,206,17,250,29,125,244,23,421,38,2,40,461
07/17/2004,FAT,CA,AWP,WE,Towers with Radar,21,61,24,3,109,1,18,158,7,184,22,79,182,10,293,14,0,14,307
07/18/2004,FAT,CA,AWP,WE,Towers with Radar,26,76,29,4,135,0,14,130,11,155,26,90,159,15,290,0,0,0,290
07/19/2004,FAT,CA,AWP,WE,Towers with Radar,30,89,36,5,160,1,19,134,2,156,31,108,170,7,316,21,0,21,337
07/20/2004,FAT,CA,AWP,WE,Towers with Radar,28,83,33,5,149,2,33,172,14,221,30,116,205,19,370,45,0,45,415
07/21/2004,FAT,CA,AWP,WE,Towers with Radar,29,89,35,5,158,3,22,183,22,230,32,111,218,27,388,44,0,44,432
07/22/2004,FAT,CA,AWP,WE,Towers with Radar,28,103,41,6,178,0,31,224,18,273,28,134,265,24,451,12,0,12,463
07/23/2004,FAT,CA,AWP,WE,Towers with Radar,27,95,38,6,166,0,18,247,30,295,27,113,285,36,461,36,0,36,497
07/24/2004,FAT,CA,AWP,WE,Towers with Radar,21,63,26,4,114,2,16,150,2,170,23,79,176,6,284,100,0,100,384
07/25/2004,FAT,CA,AWP,WE,Towers with Radar,25,73,29,4,131,1,30,175,1,207,26,103,204,5,338,24,0,24,362
07/26/2004,FAT,CA,AWP,WE,Towers with Radar,26,77,31,6,140,5,41,160,18,224,31,118,191,24,364,2,6,8,372
07/27/2004,FAT,CA,AWP,WE,Towers with Radar,29,102,41,6,178,0,10,223,27,260,29,112,264,33,438,12,0,12,450
07/28/2004,FAT,CA,AWP,WE,Towers with Radar,33,97,39,6,175,0,12,185,16,213,33,109,224,22,388,91,0,91,479
07/29/2004,FAT,CA,AWP,WE,Towers with Radar,33,97,39,6,175,2,21,229,11,263,35,118,268,17,438,92,0,92,530
07/30/2004,FAT,CA,AWP,WE,Towers with Radar,28,84,34,5,151,4,24,193,19,240,32,108,227,24,391,66,0,66,457
07/31/2004,FAT,CA,AWP,WE,Towers with Radar,22,69,28,4,123,0,29,138,10,177,22,98,166,14,300,74,0,74,374
08/01/2004,FAT,CA,AWP,WE,Towers with Radar,23,68,24,10,125,1,26,137,1,165,24,94,161,11,290,20,0,20,310
08/02/2004,FAT,CA,AWP,WE,Towers with Radar,26,78,28,11,143,4,26,163,1,194,30,104,191,12,337,10,0,10,347
08/03/2004,FAT,CA,AWP,WE,Towers with Radar,30,99,35,15,179,0,23,234,27,284,30,122,269,42,463,34,12,46,509
08/04/2004,FAT,CA,AWP,WE,Towers with Radar,31,94,33,14,172,3,25,210,21,259,34,119,243,35,431,68,8,76,507
08/05/2004,FAT,CA,AWP,WE,Towers with Radar,33,100,35,15,183,0,7,206,21,234,33,107,241,36,417,48,2,50,467
08/06/2004,FAT,CA,AWP,WE,Towers with Radar,35,105,37,16,193,1,14,237,20,272,36,119,274,36,465,18,10,28,493
08/07/2004,FAT,CA,AWP,WE,Towers with Radar,20,61,22,8,111,2,22,139,15,178,22,83,161,23,289,46,0,46,335
08/08/2004,FAT,CA,AWP,WE,Towers with Radar,24,74,26,10,134,3,18,155,7,183,27,92,181,17,317,42,0,42,359
08/09/2004,FAT,CA,AWP,WE,Towers with Radar,31,93,33,13,170,0,21,141,21,183,31,114,174,34,353,78,0,78,431
08/10/2004,FAT,CA,AWP,WE,Towers with Radar,30,100,36,13,179,0,12,195,12,219,30,112,231,25,398,74,18,92,490
08/11/2004,FAT,CA,AWP,WE,Towers with Radar,31,92,33,13,169,1,22,214,18,255,32,114,247,31,424,52,0,52,476
08/12/2004,FAT,CA,AWP,WE,Towers with Radar,31,93,33,13,170,1,18,181,18,218,32,111,214,31,388,46,0,46,434
08/13/2004,FAT,CA,AWP,WE,Towers with Radar,31,106,39,15,191,0,8,217,39,264,31,114,256,54,455,24,0,24,479
08/14/2004,FAT,CA,AWP,WE,Towers with Radar,22,66,25,9,122,0,14,166,16,196,22,80,191,25,318,36,6,42,360
08/15/2004,FAT,CA,AWP,WE,Towers with Radar,25,81,30,12,148,0,8,125,3,136,25,89,155,15,284,0,0,0,284
08/16/2004,FAT,CA,AWP,WE,Towers with Radar,28,87,32,12,159,0,20,169,31,220,28,107,201,43,379,18,0,18,397
08/17/2004,FAT,CA,AWP,WE,Towers with Radar,30,92,34,12,168,0,16,203,40,259,30,108,237,52,427,16,0,16,443
08/18/2004,FAT,CA,AWP,WE,Towers with Radar,35,101,37,14,187,5,10,234,29,278,40,111,271,43,465,10,0,10,475
08/19/2004,FAT,CA,AWP,WE,Towers with Radar,29,83,31,12,155,1,35,226,21,283,30,118,257,33,438,14,0,14,452
08/20/2004,FAT,CA,AWP,WE,Towers with Radar,29,89,33,12,163,0,13,204,10,227,29,102,237,22,390,33,10,43,433
08/21/2004,FAT,CA,AWP,WE,Towers with Radar,21,59,22,8,110,0,19,153,13,185,21,78,175,21,295,16,0,16,311
08/22/2004,FAT,CA,AWP,WE,Towers with Radar,23,69,26,0,118,0,17,88,0,105,23,86,114,0,223,24,0,24,247
08/23/2004,FAT,CA,AWP,WE,Towers with Radar,30,93,35,13,171,0,6,136,21,163,30,99,171,34,334,44,0,44,378
08/24/2004,FAT,CA,AWP,WE,Towers with Radar,32,92,34,12,170,3,22,200,10,235,35,114,234,22,405,60,0,60,465
08/25/2004,FAT,CA,AWP,WE,Towers with Radar,34,96,36,13,179,1,20,207,40,268,35,116,243,53,447,57,0,57,504
08/26/2004,FAT,CA,AWP,WE,Towers with Radar,28,79,29,11,147,5,35,198,31,269,33,114,227,42,416,8,0,8,424
08/27/2004,FAT,CA,AWP,WE,Towers with Radar,29,87,32,12,160,0,26,205,33,264,29,113,237,45,424,33,0,33,457
08/28/2004,FAT,CA,AWP,WE,Towers with Radar,21,69,26,9,125,0,16,183,3,202,21,85,209,12,327,78,0,78,405
08/29/2004,FAT,CA,AWP,WE,Towers with Radar,20,60,21,8,109,1,33,98,1,133,21,93,119,9,242,18,0,18,260
08/30/2004,FAT,CA,AWP,WE,Towers with Radar,28,82,29,11,150,1,23,177,21,222,29,105,206,32,372,62,12,74,446
08/31/2004,FAT,CA,AWP,WE,Towers with Radar,25,81,29,11,146,0,24,251,17,292,25,105,280,28,438,16,0,16,454
09/01/2004,FAT,CA,AWP,WE,Towers with Radar,26,84,28,14,152,0,33,262,26,321,26,117,290,40,473,75,12,87,560
09/02/2004,FAT,CA,AWP,WE,Towers with Radar,30,90,31,15,166,2,22,269,10,303,32,112,300,25,469,42,0,42,511
09/03/2004,FAT,CA,AWP,WE,Towers with Radar,28,86,29,15,158,4,23,224,15,266,32,109,253,30,424,27,0,27,451
09/04/2004,FAT,CA,AWP,WE,Towers with Radar,20,61,20,3,104,0,8,168,0,176,20,69,188,3,280,54,0,54,334
09/05/2004,FAT,CA,AWP,WE,Towers with Radar,15,53,18,8,94,0,9,112,0,121,15,62,130,8,215,12,0,12,227
09/06/2004,FAT,CA,AWP,WE,Towers with Radar,21,66,22,8,117,6,15,174,0,195,27,81,196,8,312,28,0,28,340
09/07/2004,FAT,CA,AWP,WE,Towers with Radar,24,75,25,12,136,0,30,209,17,256,24,105,234,29,392,34,0,34,426
09/08/2004,FAT,CA,AWP,WE,Towers with Radar,24,75,25,11,135,5,29,229,15,278,29,104,254,26,413,16,0,16,429
09/09/2004,FAT,CA,AWP,WE,Towers with Radar,29,88,30,13,160,1,21,203,19,244,30,109,233,32,404,48,0,48,452
09/10/2004,FAT,CA,AWP,WE,Towers with Radar,26,79,27,12,144,5,25,241,8,279,31,104,268,20,423,18,2,20,443
09/11/2004,FAT,CA,AWP,WE,Towers with Radar,19,65,23,10,117,0,5,227,51,283,19,70,250,61,400,24,6,30,430
09/12/2004,FAT,CA,AWP,WE,Towers with Radar,26,76,27,11,140,1,27,178,27,233,27,103,205,38,373,48,0,48,421
09/13/2004,FAT,CA,AWP,WE,Towers with Radar,26,79,28,13,146,0,31,208,13,252,26,110,236,26,398,19,0,19,417
09/14/2004,FAT,CA,AWP,WE,Towers with Radar,30,87,31,13,161,1,20,219,36,276,31,107,250,49,437,60,0,60,497
09/15/2004,FAT,CA,AWP,WE,Towers with Radar,28,86,31,13,158,0,22,244,18,284,28,108,275,31,442,120,0,120,562
09/16/2004,FAT,CA,AWP,WE,Towers with Radar,27,91,32,15,165,0,24,197,9,230,27,115,229,24,395,76,0,76,471
09/17/2004,FAT,CA,AWP,WE,Towers with Radar,32,105,37,17,191,0,8,177,33,218,32,113,214,50,409,10,0,10,419
09/18/2004,FAT,CA,AWP,WE,Towers with Radar,18,74,26,11,129,0,2,152,7,161,18,76,178,18,290,12,0,12,302
09/19/2004,FAT,CA,AWP,WE,Towers with Radar,28,83,29,13,153,1,8,103,7,119,29,91,132,20,272,20,0,20,292
09/20/2004,FAT,CA,AWP,WE,Towers with Radar,24,86,30,13,153,0,18,186,23,227,24,104,216,36,380,52,0,52,432
09/21/2004,FAT,CA,AWP,WE,Towers with Radar,29,85,30,13,157,2,30,219,29,280,31,115,249,42,437,58,4,62,499
09/22/2004,FAT,CA,AWP,WE,Towers with Radar,27,80,28,12,147,4,23,222,16,265,31,103,250,28,412,66,20,86,498
09/23/2004,FAT,CA,AWP,WE,Towers with Radar,28,82,29,12,151,1,38,210,29,278,29,120,239,41,429,82,0,82,511
09/24/2004,FAT,CA,AWP,WE,Towers with Radar,31,89,32,14,166,0,35,212,25,272,31,124,244,39,438,62,0,62,500
09/25/2004,FAT,CA,AWP,WE,Towers with Radar,17,62,22,9,110,0,12,172,3,187,17,74,194,12,297,40,0,40,337
09/26/2004,FAT,CA,AWP,WE,Towers with Radar,24,71,25,11,131,4,22,169,1,196,28,93,194,12,327,50,0,50,377
09/27/2004,FAT,CA,AWP,WE,Towers with Radar,28,96,34,15,173,0,14,159,17,190,28,110,193,32,363,85,0,85,448
09/28/2004,FAT,CA,AWP,WE,Towers with Radar,29,86,29,13,157,1,29,195,8,233,30,115,224,21,390,41,0,41,431
09/29/2004,FAT,CA,AWP,WE,Towers with Radar,29,85,29,13,156,0,23,227,22,272,29,108,256,35,428,42,8,50,478
09/30/2004,FAT,CA,AWP,WE,Towers with Radar,31,92,31,15,169,2,21,219,16,258,33,113,250,31,427,49,0,49,476
10/01/2004,FAT,CA,AWP,WE,Towers with Radar,31,88,47,4,170,0,21,224,19,264,31,109,271,23,434,70,0,70,504
10/02/2004,FAT,CA,AWP,WE,Towers with Radar,18,67,25,11,121,0,12,135,8,155,18,79,160,19,276,28,0,28,304
10/03/2004,FAT,CA,AWP,WE,Towers with Radar,27,79,14,14,134,0,7,166,5,178,27,86,180,19,312,22,0,22,334
10/04/2004,FAT,CA,AWP,WE,Towers with Radar,25,81,39,16,161,0,17,169,18,204,25,98,208,34,365,68,0,68,433
10/05/2004,FAT,CA,AWP,WE,Towers with Radar,30,84,39,14,167,0,23,215,17,255,30,107,254,31,422,9,12,21,443
10/06/2004,FAT,CA,AWP,WE,Towers with Radar,28,87,56,23,194,0,28,223,22,273,28,115,279,45,467,84,0,84,551
10/07/2004,FAT,CA,AWP,WE,Towers with Radar,26,92,54,12,184,0,23,255,24,302,26,115,309,36,486,84,0,84,570
10/08/2004,FAT,CA,AWP,WE,Towers with Radar,26,93,26,2,147,0,20,223,3,246,26,113,249,5,393,38,0,38,431
10/09/2004,FAT,CA,AWP,WE,Towers with Radar,18,66,41,1,126,0,7,221,7,235,18,73,262,8,361,66,0,66,427
10/10/2004,FAT,CA,AWP,WE,Towers with Radar,29,83,34,5,151,0,5,192,10,207,29,88,226,15,358,66,0,66,424
10/11/2004,FAT,CA,AWP,WE,Towers with Radar,24,81,29,3,137,0,10,149,1,160,24,91,178,4,297,76,0,76,373
10/12/2004,FAT,CA,AWP,WE,Towers with Radar,33,93,34,20,180,0,23,190,14,227,33,116,224,34,407,88,4,92,499
10/13/2004,FAT,CA,AWP,WE,Towers with Radar,32,80,47,16,175,0,21,240,20,281,32,101,287,36,456,88,2,90,546
10/14/2004,FAT,CA,AWP,WE,Towers with Radar,31,92,29,13,165,0,18,200,15,233,31,110,229,28,398,132,0,132,530
10/15/2004,FAT,CA,AWP,WE,Towers with Radar,27,87,47,18,179,0,11,209,9,229,27,98,256,27,408,28,0,28,436
10/16/2004,FAT,CA,AWP,WE,Towers with Radar,16,69,20,2,107,0,10,142,10,162,16,79,162,12,269,76,0,76,345
10/17/2004,FAT,CA,AWP,WE,Towers with Radar,22,75,51,0,148,0,7,44,3,54,22,82,95,3,202,26,0,26,228
10/18/2004,FAT,CA,AWP,WE,Towers with Radar,27,89,66,6,188,1,9,51,2,63,28,98,117,8,251,50,0,50,301
10/19/2004,FAT,CA,AWP,WE,Towers with Radar,34,93,69,0,196,0,12,21,0,33,34,105,90,0,229,44,0,44,273
10/20/2004,FAT,CA,AWP,WE,Towers with Radar,36,102,40,5,183,0,20,119,2,141,36,122,159,7,324,64,0,64,388
10/21/2004,FAT,CA,AWP,WE,Towers with Radar,32,91,59,21,203,2,23,142,14,181,34,114,201,35,384,24,0,24,408
10/22/2004,FAT,CA,AWP,WE,Towers with Radar,28,86,32,20,166,0,30,180,12,222,28,116,212,32,388,80,0,80,468
10/23/2004,FAT,CA,AWP,WE,Towers with Radar,16,66,24,1,107,0,11,125,3,139,16,77,149,4,246,68,0,68,314
10/24/2004,FAT,CA,AWP,WE,Towers with Radar,24,74,46,2,146,0,3,75,2,80,24,77,121,4,226,42,0,42,268
10/25/2004,FAT,CA,AWP,WE,Towers with Radar,27,91,70,20,208,0,11,100,7,118,27,102,170,27,326,42,0,42,368
10/26/2004,FAT,CA,AWP,WE,Towers with Radar,25,96,56,5,182,0,5,17,1,23,25,101,73,6,205,18,0,18,223
10/27/2004,FAT,CA,AWP,WE,Towers with Radar,33,96,47,22,198,0,13,147,7,167,33,109,194,29,365,114,0,114,479
10/28/2004,FAT,CA,AWP,WE,Towers with Radar,27,82,61,10,180,0,17,180,11,208,27,99,241,21,388,106,0,106,494
10/29/2004,FAT,CA,AWP,WE,Towers with Radar,33,89,44,13,179,0,20,190,15,225,33,109,234,28,404,42,0,42,446
10/30/2004,FAT,CA,AWP,WE,Towers with Radar,20,68,25,3,116,0,12,127,3,142,20,80,152,6,258,48,0,48,306
10/31/2004,FAT,CA,AWP,WE,Towers with Radar,18,78,27,2,125,0,6,59,1,66,18,84,86,3,191,38,0,38,229
11/01/2004,FAT,CA,AWP,WE,Combined TRACON& Tower with Radar,31,98,46,2,177,0,18,132,5,155,31,116,178,7,332,60,0,60,392
11/02/2004,FAT,CA,AWP,WE,Combined TRACON& Tower with Radar,30,90,37,1,158,0,21,171,8,200,30,111,208,9,358,50,0,50,408
11/03/2004,FAT,CA,AWP,WE,Combined TRACON& Tower with Radar,28,92,56,5,181,0,12,123,5,140,28,104,179,10,321,56,0,56,377
11/04/2004,FAT,CA,AWP,WE,Combined TRACON& Tower with Radar,35,89,30,0,154,0,22,148,11,181,35,111,178,11,335,94,0,94,429
11/05/2004,FAT,CA,AWP,WE,Combined TRACON& Tower with Radar,27,98,37,21,183,0,13,159,23,195,27,111,196,44,378,78,8,86,464
11/06/2004,FAT,CA,AWP,WE,Combined TRACON& Tower with Radar,17,64,6,46,133,0,4,115,14,133,17,68,121,60,266,86,8,94,360
11/07/2004,FAT,CA,AWP,WE,Combined TRACON& Tower with Radar,22,79,15,73,189,0,12,86,6,104,22,91,101,79,293,44,10,54,347
11/08/2004,FAT,CA,AWP,WE,Combined TRACON& Tower with Radar,23,104,53,4,184,0,1,12,0,13,23,105,65,4,197,0,0,0,197
11/09/2004,FAT,CA,AWP,WE,Combined TRACON& Tower with Radar,26,91,73,25,215,0,11,122,23,156,26,102,195,48,371,100,8,108,479
11/10/2004,FAT,CA,AWP,WE,Combined TRACON& Tower with Radar,29,88,67,19,203,0,16,94,12,122,29,104,161,31,325,92,0,92,417
11/11/2004,FAT,CA,AWP,WE,Combined TRACON& Tower with Radar,34,77,62,3,176,0,9,93,7,109,34,86,155,10,285,98,0,98,383
11/12/2004,FAT,CA,AWP,WE,Combined TRACON& Tower with Radar,27,88,54,6,175,0,12,119,7,138,27,100,173,13,313,28,0,28,341
11/13/2004,FAT,CA,AWP,WE,Combined TRACON& Tower with Radar,19,65,60,1,145,0,4,73,3,80,19,69,133,4,225,54,0,54,279
11/14/2004,FAT,CA,AWP,WE,Combined TRACON& Tower with Radar,24,75,38,7,144,0,7,103,4,114,24,82,141,11,258,34,0,34,292
11/15/2004,FAT,CA,AWP,WE,Combined TRACON& Tower with Radar,27,93,48,28,196,0,8,116,14,138,27,101,164,42,334,24,8,32,366
11/16/2004,FAT,CA,AWP,WE,Combined TRACON& Tower with Radar,31,93,60,23,207,0,11,91,11,113,31,104,151,34,320,106,0,106,426
11/17/2004,FAT,CA,AWP,WE,Combined TRACON& Tower with Radar,29,105,95,15,244,0,1,11,0,12,29,106,106,15,256,0,0,0,256
11/18/2004,FAT,CA,AWP,WE,Combined TRACON& Tower with Radar,27,94,100,8,229,1,4,22,4,31,28,98,122,12,260,50,0,50,310
11/19/2004,FAT,CA,AWP,WE,Combined TRACON& Tower with Radar,31,100,129,37,297,0,5,46,5,56,31,105,175,42,353,34,0,34,387
11/20/2004,FAT,CA,AWP,WE,Combined TRACON& Tower with Radar,20,64,86,6,176,0,7,85,7,99,20,71,171,13,275,32,0,32,307
11/21/2004,FAT,CA,AWP,WE,Combined TRACON& Tower with Radar,23,73,11,0,107,0,8,96,5,109,23,81,107,5,216,78,0,78,294
11/22/2004,FAT,CA,AWP,WE,Combined TRACON& Tower with Radar,28,81,25,20,154,0,21,175,10,206,28,102,200,30,360,46,0,46,406
11/23/2004,FAT,CA,AWP,WE,Combined TRACON& Tower with Radar,30,86,38,12,166,0,27,205,17,249,30,113,243,29,415,74,0,74,489
11/24/2004,FAT,CA,AWP,WE,Combined TRACON& Tower with Radar,33,88,29,12,162,0,23,179,30,232,33,111,208,42,394,70,2,72,466
11/25/2004,FAT,CA,AWP,WE,Combined TRACON& Tower with Radar,12,61,14,0,87,0,10,75,2,87,12,71,89,2,174,6,0,6,180
11/26/2004,FAT,CA,AWP,WE,Combined TRACON& Tower with Radar,23,77,81,9,190,0,4,64,8,76,23,81,145,17,266,34,0,34,300
11/27/2004,FAT,CA,AWP,WE,Combined TRACON& Tower with Radar,19,72,51,2,144,0,2,36,3,41,19,74,87,5,185,24,0,24,209
11/28/2004,FAT,CA,AWP,WE,Combined TRACON& Tower with Radar,23,77,35,1,136,0,8,131,7,146,23,85,166,8,282,106,0,106,388
11/29/2004,FAT,CA,AWP,WE,Combined TRACON& Tower with Radar,27,87,20,26,160,0,19,167,10,196,27,106,187,36,356,34,0,34,390
11/30/2004,FAT,CA,AWP,WE,Combined TRACON& Tower with Radar,31,85,40,10,166,0,27,200,23,250,31,112,240,33,416,96,0,96,512
12/01/2004,FAT,CA,AWP,WE,Combined TRACON& Tower with Radar,35,92,35,5,167,0,26,175,13,214,35,118,210,18,381,56,0,56,437
12/02/2004,FAT,CA,AWP,WE,Combined TRACON& Tower with Radar,37,89,61,10,197,0,16,151,9,176,37,105,212,19,373,38,0,38,411
12/03/2004,FAT,CA,AWP,WE,Combined TRACON& Tower with Radar,31,100,66,31,228,0,4,144,10,158,31,104,210,41,386,78,0,78,464
12/04/2004,FAT,CA,AWP,WE,Combined TRACON& Tower with Radar,20,61,47,10,138,0,1,118,13,132,20,62,165,23,270,56,0,56,326
12/05/2004,FAT,CA,AWP,WE,Combined TRACON& Tower with Radar,25,78,26,0,129,0,3,91,4,98,25,81,117,4,227,18,0,18,245
12/06/2004,FAT,CA,AWP,WE,Combined TRACON& Tower with Radar,27,90,33,21,171,0,8,133,18,159,27,98,166,39,330,55,0,55,385
12/07/2004,FAT,CA,AWP,WE,Combined TRACON& Tower with Radar,31,105,76,3,215,0,3,86,7,96,31,108,162,10,311,52,8,60,371
12/08/2004,FAT,CA,AWP,WE,Combined TRACON& Tower with Radar,33,88,63,10,194,0,11,91,6,108,33,99,154,16,302,72,0,72,374
12/09/2004,FAT,CA,AWP,WE,Combined TRACON& Tower with Radar,36,91,59,29,215,0,16,155,5,176,36,107,214,34,391,40,0,40,431
12/10/2004,FAT,CA,AWP,WE,Combined TRACON& Tower with Radar,33,98,46,17,194,0,16,148,15,179,33,114,194,32,373,44,6,50,423
12/11/2004,FAT,CA,AWP,WE,Combined TRACON& Tower with Radar,16,25,18,5,64,0,0,2,1,3,16,25,20,6,67,98,0,98,165
12/12/2004,FAT,CA,AWP,WE,Combined TRACON& Tower with Radar,22,63,72,5,162,0,1,48,5,54,22,64,120,10,216,34,0,34,250
12/13/2004,FAT,CA,AWP,WE,Combined TRACON& Tower with Radar,27,85,114,25,251,0,0,8,1,9,27,85,122,26,260,0,0,0,260
12/14/2004,FAT,CA,AWP,WE,Combined TRACON& Tower with Radar,38,108,122,21,289,0,1,92,2,95,38,109,214,23,384,64,0,64,448
12/15/2004,FAT,CA,AWP,WE,Combined TRACON& Tower with Radar,38,95,121,25,279,0,4,84,3,91,38,99,205,28,370,14,0,14,384
12/16/2004,FAT,CA,AWP,WE,Combined TRACON& Tower with Radar,36,89,54,21,200,0,13,180,8,201,36,102,234,29,401,44,4,48,449
12/17/2004,FAT,CA,AWP,WE,Combined TRACON& Tower with Radar,28,68,43,29,168,0,9,147,6,162,28,77,190,35,330,90,6,96,426
12/18/2004,FAT,CA,AWP,WE,Combined TRACON& Tower with Radar,28,40,41,6,115,0,1,12,0,13,28,41,53,6,128,0,0,0,128
12/19/2004,FAT,CA,AWP,WE,Combined TRACON& Tower with Radar,27,58,50,6,141,0,2,21,3,26,27,60,71,9,167,0,0,0,167
12/20/2004,FAT,CA,AWP,WE,Combined TRACON& Tower with Radar,29,101,67,40,237,0,1,46,3,50,29,102,113,43,287,42,0,42,329
12/21/2004,FAT,CA,AWP,WE,Combined TRACON& Tower with Radar,34,93,100,26,253,0,2,43,0,45,34,95,143,26,298,50,0,50,348
12/22/2004,FAT,CA,AWP,WE,Combined TRACON& Tower with Radar,33,94,72,24,223,0,21,128,10,159,33,115,200,34,382,20,0,20,402
12/23/2004,FAT,CA,AWP,WE,Combined TRACON& Tower with Radar,29,76,63,1,169,0,4,6,0,10,29,80,69,1,179,0,0,0,179
12/24/2004,FAT,CA,AWP,WE,Combined TRACON& Tower with Radar,21,70,27,2,120,0,5,17,2,24,21,75,44,4,144,0,0,0,144
12/25/2004,FAT,CA,AWP,WE,Combined TRACON& Tower with Radar,20,54,11,0,85,0,2,15,0,17,20,56,26,0,102,0,0,0,102
12/26/2004,FAT,CA,AWP,WE,Combined TRACON& Tower with Radar,22,79,30,2,133,0,6,80,3,89,22,85,110,5,222,16,0,16,238
12/27/2004,FAT,CA,AWP,WE,Combined TRACON& Tower with Radar,32,90,28,18,168,0,11,69,12,92,32,101,97,30,260,24,26,50,310
12/28/2004,FAT,CA,AWP,WE,Combined TRACON& Tower with Radar,30,88,28,20,166,0,14,72,6,92,30,102,100,26,258,62,22,84,342
12/29/2004,FAT,CA,AWP,WE,Combined TRACON& Tower with Radar,30,95,25,17,167,0,13,60,17,90,30,108,85,34,257,32,10,42,299
12/30/2004,FAT,CA,AWP,WE,Combined TRACON& Tower with Radar,33,97,36,24,190,0,2,12,0,14,33,99,48,24,204,0,0,0,204
12/31/2004,FAT,CA,AWP,WE,Combined TRACON& Tower with Radar,22,82,24,0,128,0,9,64,2,75,22,91,88,2,203,16,0,16,219
01/01/2005,FAT,CA,AWP,WE,Combined TRACON& Tower with Radar,17,68,5,0,90,0,3,80,1,84,17,71,85,1,174,22,0,22,196
01/02/2005,FAT,CA,AWP,WE,Combined TRACON& Tower with Radar,25,72,20,1,118,0,5,60,1,66,25,77,80,2,184,14,0,14,198
01/03/2005,FAT,CA,AWP,WE,Combined TRACON& Tower with Radar,25,87,40,8,160,0,9,61,3,73,25,96,101,11,233,56,0,56,289
01/04/2005,FAT,CA,AWP,WE,Combined TRACON& Tower with Radar,28,95,56,17,196,0,15,46,1,62,28,110,102,18,258,42,0,42,300
01/05/2005,FAT,CA,AWP,WE,Combined TRACON& Tower with Radar,29,90,54,28,201,0,14,165,10,189,29,104,219,38,390,59,0,59,449
01/06/2005,FAT,CA,AWP,WE,Combined TRACON& Tower with Radar,28,100,33,14,175,0,14,124,6,144,28,114,157,20,319,12,0,12,331
01/07/2005,FAT,CA,AWP,WE,Combined TRACON& Tower with Radar,26,86,32,1,145,0,9,52,3,64,26,95,84,4,209,55,0,55,264
01/08/2005,FAT,CA,AWP,WE,Combined TRACON& Tower with Radar,20,69,28,0,117,0,10,32,0,42,20,79,60,0,159,20,0,20,179
01/09/2005,FAT,CA,AWP,WE,Combined TRACON& Tower with Radar,21,74,15,1,111,0,2,37,0,39,21,76,52,1,150,10,0,10,160
01/10/2005,FAT,CA,AWP,WE,Combined TRACON& Tower with Radar,29,101,69,23,222,0,5,35,2,42,29,106,104,25,264,28,0,28,292
01/11/2005,FAT,CA,AWP,WE,Combined TRACON& Tower with Radar,29,92,41,19,181,0,5,84,1,90,29,97,125,20,271,36,0,36,307
01/12/2005,FAT,CA,AWP,WE,Combined TRACON& Tower with Radar,28,100,72,17,217,0,6,96,7,109,28,106,168,24,326,60,0,60,386
01/13/2005,FAT,CA,AWP,WE,Combined TRACON& Tower with Radar,31,96,107,18,252,0,12,80,4,96,31,108,187,22,348,86,0,86,434
01/14/2005,FAT,CA,AWP,WE,Combined TRACON& Tower with Radar,25,103,112,29,269,0,3,34,2,39,25,106,146,31,308,2,0,2,310
01/15/2005,FAT,CA,AWP,WE,Combined TRACON& Tower with Radar,20,74,75,5,174,0,2,37,2,41,20,76,112,7,215,14,0,14,229
01/16/2005,FAT,CA,AWP,WE,Combined TRACON& Tower with Radar,25,77,71,4,177,0,2,4,1,7,25,79,75,5,184,8,0,8,192
01/17/2005,FAT,CA,AWP,WE,Combined TRACON& Tower with Radar,31,93,84,11,219,0,2,19,0,21,31,95,103,11,240,0,0,0,240
01/18/2005,FAT,CA,AWP,WE,Combined TRACON& Tower with Radar,29,108,117,21,275,0,3,35,0,38,29,111,152,21,313,18,0,18,331
01/19/2005,FAT,CA,AWP,WE,Combined TRACON& Tower with Radar,31,105,103,15,254,0,2,41,9,52,31,107,144,24,306,79,0,79,385
01/20/2005,FAT,CA,AWP,WE,Combined TRACON& Tower with Radar,30,101,68,16,215,0,1,22,2,25,30,102,90,18,240,4,0,4,244
01/21/2005,FAT,CA,AWP,WE,Combined TRACON& Tower with Radar,29,101,98,20,248,0,1,49,3,53,29,102,147,23,301,50,0,50,351
01/22/2005,FAT,CA,AWP,WE,Combined TRACON& Tower with Radar,20,69,38,14,141,0,0,24,1,25,20,69,62,15,166,12,0,12,178
01/23/2005,FAT,CA,AWP,WE,Combined TRACON& Tower with Radar,20,78,78,3,179,0,0,29,2,31,20,78,107,5,210,0,0,0,210
01/24/2005,FAT,CA,AWP,WE,Combined TRACON& Tower with Radar,26,97,64,14,201,0,6,44,3,53,26,103,108,17,254,42,0,42,296
01/25/2005,FAT,CA,AWP,WE,Combined TRACON& Tower with Radar,25,94,78,23,220,0,10,130,6,146,25,104,208,29,366,18,2,20,386
01/26/2005,FAT,CA,AWP,WE,Combined TRACON& Tower with Radar,30,96,68,16,210,0,5,68,2,75,30,101,136,18,285,2,0,2,287
01/27/2005,FAT,CA,AWP,WE,Combined TRACON& Tower with Radar,29,115,72,21,237,0,11,100,9,120,29,126,172,30,357,32,0,32,389
01/28/2005,FAT,CA,AWP,WE,Combined TRACON& Tower with Radar,25,93,51,11,180,0,7,66,4,77,25,100,117,15,257,58,0,58,315
01/29/2005,FAT,CA,AWP,WE,Combined TRACON& Tower with Radar,20,66,49,36,171,0,12,69,6,87,20,78,118,42,258,36,12,48,306
01/30/2005,FAT,CA,AWP,WE,Combined TRACON& Tower with Radar,22,79,36,18,155,0,7,85,8,100,22,86,121,26,255,14,8,22,277
01/31/2005,FAT,CA,AWP,WE,Combined TRACON& Tower with Radar,27,94,49,0,170,0,12,161,5,178,27,106,210,5,348,4,0,4,352
02/01/2005,FAT,CA,AWP,WE,Combined TRACON& Tower with Radar,34,106,72,4,216,0,19,137,10,166,34,125,209,14,382,74,0,74,456
02/02/2005,FAT,CA,AWP,WE,Combined TRACON& Tower with Radar,30,102,49,21,202,0,13,167,17,197,30,115,216,38,399,110,0,110,509
02/03/2005,FAT,CA,AWP,WE,Combined TRACON& Tower with Radar,32,99,59,19,209,0,18,199,15,232,32,117,258,34,441,160,0,160,601
02/04/2005,FAT,CA,AWP,WE,Combined TRACON& Tower with Radar,25,97,67,5,194,0,10,157,11,178,25,107,224,16,372,84,0,84,456
02/05/2005,FAT,CA,AWP,WE,Combined TRACON& Tower with Radar,21,69,26,12,128,0,7,112,6,125,21,76,138,18,253,83,0,83,336
02/06/2005,FAT,CA,AWP,WE,Combined TRACON& Tower with Radar,20,88,43,1,152,0,5,44,4,53,20,93,87,5,205,18,0,18,223
02/07/2005,FAT,CA,AWP,WE,Combined TRACON& Tower with Radar,27,107,53,17,204,0,13,77,5,95,27,120,130,22,299,88,2,90,389
02/08/2005,FAT,CA,AWP,WE,Combined TRACON& Tower with Radar,34,102,48,3,187,0,20,118,3,141,34,122,166,6,328,130,0,130,458
02/09/2005,FAT,CA,AWP,WE,Combined TRACON& Tower with Radar,28,99,57,11,195,0,11,157,12,180,28,110,214,23,375,38,0,38,413
02/10/2005,FAT,CA,AWP,WE,Combined TRACON& Tower with Radar,28,101,75,3,207,0,19,135,1,155,28,120,210,4,362,65,0,65,427
02/11/2005,FAT,CA,AWP,WE,Combined TRACON& Tower with Radar,26,95,78,10,209,0,1,35,2,38,26,96,113,12,247,34,0,34,281
02/12/2005,FAT,CA,AWP,WE,Combined TRACON& Tower with Radar,21,71,49,9,150,0,12,82,15,109,21,83,131,24,259,70,0,70,329
02/13/2005,FAT,CA,AWP,WE,Combined TRACON& Tower with Radar,24,76,41,15,156,0,12,63,4,79,24,88,104,19,235,26,0,26,261
02/14/2005,FAT,CA,AWP,WE,Combined TRACON& Tower with Radar,27,96,58,8,189,4,14,91,2,111,31,110,149,10,300,90,0,90,390
02/15/2005,FAT,CA,AWP,WE,Combined TRACON& Tower with Radar,38,123,99,51,311,0,3,18,2,23,38,126,117,53,334,0,0,0,334
02/16/2005,FAT,CA,AWP,WE,Combined TRACON& Tower with Radar,30,99,73,42,244,0,5,88,20,113,30,104,161,62,357,60,0,60,417
02/17/2005,FAT,CA,AWP,WE,Combined TRACON& Tower with Radar,34,109,83,16,242,0,5,58,5,68,34,114,141,21,310,54,0,54,364
02/18/2005,FAT,CA,AWP,WE,Combined TRACON& Tower with Radar,25,95,59,8,187,0,8,115,2,125,25,103,174,10,312,64,0,64,376
02/19/2005,FAT,CA,AWP,WE,Combined TRACON& Tower with Radar,18,63,36,1,118,0,8,70,3,81,18,71,106,4,199,36,0,36,235
02/20/2005,FAT,CA,AWP,WE,Combined TRACON& Tower with Radar,23,77,15,21,136,0,3,56,2,61,23,80,71,23,197,28,0,28,225
02/21/2005,FAT,CA,AWP,WE,Combined TRACON& Tower with Radar,28,82,30,3,143,0,5,85,6,96,28,87,115,9,239,66,0,66,305
02/22/2005,FAT,CA,AWP,WE,Combined TRACON& Tower with Radar,29,97,49,6,181,0,27,112,8,147,29,124,161,14,328,92,0,92,420
02/23/2005,FAT,CA,AWP,WE,Combined TRACON& Tower with Radar,29,103,45,3,180,0,16,113,13,142,29,119,158,16,322,64,0,64,386
02/24/2005,FAT,CA,AWP,WE,Combined TRACON& Tower with Radar,31,109,81,23,244,0,10,127,13,150,31,119,208,36,394,62,0,62,456
02/25/2005,FAT,CA,AWP,WE,Combined TRACON& Tower with Radar,27,111,67,12,217,0,11,120,17,148,27,122,187,29,365,44,0,44,409
02/26/2005,FAT,CA,AWP,WE,Combined TRACON& Tower with Radar,22,66,38,2,128,0,6,117,7,130,22,72,155,9,258,22,0,22,280
02/27/2005,FAT,CA,AWP,WE,Combined TRACON& Tower with Radar,23,73,25,2,123,0,11,75,16,102,23,84,100,18,225,12,0,12,237
02/28/2005,FAT,CA,AWP,WE,Combined TRACON& Tower with Radar,29,100,58,15,202,0,14,97,19,130,29,114,155,34,332,24,0,24,356
03/01/2005,FAT,CA,AWP,WE,Combined TRACON& Tower with Radar,36,113,65,9,223,0,15,125,5,145,36,128,190,14,368,36,4,40,408
03/02/2005,FAT,CA,AWP,WE,Combined TRACON& Tower with Radar,32,106,81,14,233,0,18,127,5,150,32,124,208,19,383,146,0,146,529
03/03/2005,FAT,CA,AWP,WE,Combined TRACON& Tower with Radar,31,97,70,19,217,0,18,140,17,175,31,115,210,36,392,70,4,74,466
03/04/2005,FAT,CA,AWP,WE,Combined TRACON& Tower with Radar,27,95,81,25,228,0,4,102,14,120,27,99,183,39,348,78,0,78,426
03/05/2005,FAT,CA,AWP,WE,Combined TRACON& Tower with Radar,22,67,44,9,142,0,8,94,4,106,22,75,138,13,248,52,0,52,300
03/06/2005,FAT,CA,AWP,WE,Combined TRACON& Tower with Radar,25,73,31,8,137,0,6,148,5,159,25,79,179,13,296,18,0,18,314
03/07/2005,FAT,CA,AWP,WE,Combined TRACON& Tower with Radar,28,95,30,23,176,0,14,173,12,199,28,109,203,35,375,46,2,48,423
03/08/2005,FAT,CA,AWP,WE,Combined TRACON& Tower with Radar,34,106,91,17,248,0,24,198,16,238,34,130,289,33,486,98,0,98,584
03/09/2005,FAT,CA,AWP,WE,Combined TRACON& Tower with Radar,30,101,55,11,197,0,27,198,14,239,30,128,253,25,436,66,0,66,502
03/10/2005,FAT,CA,AWP,WE,Combined TRACON& Tower with Radar,32,105,91,29,257,0,14,111,3,128,32,119,202,32,385,0,0,0,385
03/11/2005,FAT,CA,AWP,WE,Combined TRACON& Tower with Radar,27,105,77,16,225,0,12,105,10,127,27,117,182,26,352,0,0,0,352
03/12/2005,FAT,CA,AWP,WE,Combined TRACON& Tower with Radar,22,63,30,4,119,0,8,118,11,137,22,71,148,15,256,20,0,20,276
03/13/2005,FAT,CA,AWP,WE,Combined TRACON& Tower with Radar,24,75,54,7,160,0,6,47,2,55,24,81,101,9,215,0,0,0,215
03/14/2005,FAT,CA,AWP,WE,Combined TRACON& Tower with Radar,29,93,60,25,207,0,15,136,11,162,29,108,196,36,369,48,18,66,435
03/15/2005,FAT,CA,AWP,WE,Combined TRACON& Tower with Radar,34,107,67,27,235,0,24,190,25,239,34,131,257,52,474,14,4,18,492
03/16/2005,FAT,CA,AWP,WE,Combined TRACON& Tower with Radar,30,90,53,14,187,0,26,180,15,221,30,116,233,29,408,72,0,72,480
03/17/2005,FAT,CA,AWP,WE,Combined TRACON& Tower with Radar,33,107,73,12,225,0,21,181,18,220,33,128,254,30,445,70,6,76,521
03/18/2005,FAT,CA,AWP,WE,Combined TRACON& Tower with Radar,27,98,60,18,203,0,13,122,6,141,27,111,182,24,344,86,4,90,434
03/19/2005,FAT,CA,AWP,WE,Combined TRACON& Tower with Radar,24,73,43,1,141,0,7,22,2,31,24,80,65,3,172,0,0,0,172
03/20/2005,FAT,CA,AWP,WE,Combined TRACON& Tower with Radar,21,77,30,4,132,0,7,65,3,75,21,84,95,7,207,14,0,14,221
03/21/2005,FAT,CA,AWP,WE,Combined TRACON& Tower with Radar,30,118,70,26,244,0,18,138,22,178,30,136,208,48,422,62,8,70,492
03/22/2005,FAT,CA,AWP,WE,Combined TRACON& Tower with Radar,29,105,70,31,235,0,6,47,4,57,29,111,117,35,292,60,12,72,364
03/23/2005,FAT,CA,AWP,WE,Combined TRACON& Tower with Radar,28,110,63,19,220,0,15,96,5,116,28,125,159,24,336,106,6,112,448
03/24/2005,FAT,CA,AWP,WE,Combined TRACON& Tower with Radar,28,100,58,13,199,0,13,149,12,174,28,113,207,25,373,90,16,106,479
03/25/2005,FAT,CA,AWP,WE,Combined TRACON& Tower with Radar,27,94,51,11,183,0,21,210,18,249,27,115,261,29,432,134,14,148,580
03/26/2005,FAT,CA,AWP,WE,Combined TRACON& Tower with Radar,20,69,20,8,117,0,2,124,3,129,20,71,144,11,246,26,0,26,272
03/27/2005,FAT,CA,AWP,WE,Combined TRACON& Tower with Radar,27,91,24,11,153,0,8,91,8,107,27,99,115,19,260,0,0,0,260
03/28/2005,FAT,CA,AWP,WE,Combined TRACON& Tower with Radar,24,96,48,23,191,0,10,108,5,123,24,106,156,28,314,96,0,96,410
03/29/2005,FAT,CA,AWP,WE,Combined TRACON& Tower with Radar,29,107,75,43,254,0,19,124,12,155,29,126,199,55,409,48,10,58,467
03/30/2005,FAT,CA,AWP,WE,Combined TRACON& Tower with Radar,29,98,55,17,199,0,20,188,10,218,29,118,243,27,417,88,16,104,521
03/31/2005,FAT,CA,AWP,WE,Combined TRACON& Tower with Radar,28,93,30,1,152,0,20,187,23,230,28,113,217,24,382,12,0,12,394
04/01/2005,FAT,CA,AWP,WE,Combined TRACON& Tower with Radar,27,95,34,18,174,0,29,239,21,289,27,124,273,39,463,104,4,108,571
04/02/2005,FAT,CA,AWP,WE,Combined TRACON& Tower with Radar,20,66,33,19,138,0,9,149,15,173,20,75,182,34,311,0,10,10,321
04/03/2005,FAT,CA,AWP,WE,Combined TRACON& Tower with Radar,20,81,25,4,130,0,2,76,7,85,20,83,101,11,215,4,0,4,219
04/04/2005,FAT,CA,AWP,WE,Combined TRACON& Tower with Radar,22,87,65,35,209,0,20,121,14,155,22,107,186,49,364,12,24,36,400
04/05/2005,FAT,CA,AWP,WE,Combined TRACON& Tower with Radar,32,106,44,29,211,0,25,178,20,223,32,131,222,49,434,76,0,76,510
04/06/2005,FAT,CA,AWP,WE,Combined TRACON& Tower with Radar,29,92,34,37,192,0,35,232,14,281,29,127,266,51,473,134,8,142,615
04/07/2005,FAT,CA,AWP,WE,Combined TRACON& Tower with Radar,30,99,72,27,228,0,22,110,16,148,30,121,182,43,376,86,14,100,476
04/08/2005,FAT,CA,AWP,WE,Combined TRACON& Tower with Radar,25,92,97,16,230,0,22,147,13,182,25,114,244,29,412,54,0,54,466
04/09/2005,FAT,CA,AWP,WE,Combined TRACON& Tower with Radar,20,74,47,7,148,0,9,76,2,87,20,83,123,9,235,0,0,0,235
04/10/2005,FAT,CA,AWP,WE,Combined TRACON& Tower with Radar,20,78,38,6,142,0,5,131,4,140,20,83,169,10,282,48,0,48,330
04/11/2005,FAT,CA,AWP,WE,Combined TRACON& Tower with Radar,26,95,36,15,172,0,16,170,23,209,26,111,206,38,381,70,6,76,457
04/12/2005,FAT,CA,AWP,WE,Combined TRACON& Tower with Radar,28,97,51,20,196,0,24,161,21,206,28,121,212,41,402,84,0,84,486
04/13/2005,FAT,CA,AWP,WE,Combined TRACON& Tower with Radar,29,91,64,17,201,0,22,127,25,174,29,113,191,42,375,12,8,20,395
04/14/2005,FAT,CA,AWP,WE,Combined TRACON& Tower with Radar,26,98,54,17,195,0,22,212,21,255,26,120,266,38,450,88,14,102,552
04/15/2005,FAT,CA,AWP,WE,Combined TRACON& Tower with Radar,24,93,40,23,180,0,27,232,27,286,24,120,272,50,466,102,4,106,572
04/16/2005,FAT,CA,AWP,WE,Combined TRACON& Tower with Radar,19,82,80,0,181,0,10,251,13,274,19,92,331,13,455,98,0,98,553
04/17/2005,FAT,CA,AWP,WE,Combined TRACON& Tower with Radar,20,79,60,0,159,0,10,210,12,232,20,89,270,12,391,22,0,22,413
04/18/2005,FAT,CA,AWP,WE,Combined TRACON& Tower with Radar,24,91,42,10,167,0,23,143,14,180,24,114,185,24,347,96,0,96,443
04/19/2005,FAT,CA,AWP,WE,Combined TRACON& Tower with Radar,29,100,50,14,193,0,25,146,17,188,29,125,196,31,381,100,10,110,491
04/20/2005,FAT,CA,AWP,WE,Combined TRACON& Tower with Radar,27,106,48,19,200,0,23,202,28,253,27,129,250,47,453,94,0,94,547
04/21/2005,FAT,CA,AWP,WE,Combined TRACON& Tower with Radar,28,99,53,22,202,0,31,180,11,222,28,130,233,33,424,154,0,154,578
04/22/2005,FAT,CA,AWP,WE,Combined TRACON& Tower with Radar,25,97,57,6,185,0,23,167,13,203,25,120,224,19,388,26,12,38,426
04/23/2005,FAT,CA,AWP,WE,Combined TRACON& Tower with Radar,20,69,14,1,104,0,8,115,8,131,20,77,129,9,235,86,0,86,321
04/24/2005,FAT,CA,AWP,WE,Combined TRACON& Tower with Radar,21,82,31,4,138,0,7,93,2,102,21,89,124,6,240,36,0,36,276
04/25/2005,FAT,CA,AWP,WE,Combined TRACON& Tower with Radar,24,91,30,16,161,0,19,134,3,156,24,110,164,19,317,86,12,98,415
04/26/2005,FAT,CA,AWP,WE,Combined TRACON& Tower with Radar,31,93,70,16,210,0,28,174,13,215,31,121,244,29,425,98,0,98,523
04/27/2005,FAT,CA,AWP,WE,Combined TRACON& Tower with Radar,28,96,60,13,197,0,18,147,11,176,28,114,207,24,373,200,0,200,573
04/28/2005,FAT,CA,AWP,WE,Combined TRACON& Tower with Radar,28,108,74,26,236,0,12,61,2,75,28,120,135,28,311,50,0,50,361
04/29/2005,FAT,CA,AWP,WE,Combined TRACON& Tower with Radar,25,99,73,9,206,0,19,165,24,208,25,118,238,33,414,48,0,48,462
04/30/2005,FAT,CA,AWP,WE,Combined TRACON& Tower with Radar,20,69,52,1,142,0,11,113,6,130,20,80,165,7,272,78,0,78,350
05/01/2005,FAT,CA,AWP,WE,Combined TRACON& Tower with Radar,21,86,41,7,155,0,11,137,8,156,21,97,178,15,311,94,0,94,405
05/02/2005,FAT,CA,AWP,WE,Combined TRACON& Tower with Radar,29,89,48,25,191,0,28,173,13,214,29,117,221,38,405,60,0,60,465
05/03/2005,FAT,CA,AWP,WE,Combined TRACON& Tower with Radar,31,96,48,21,196,0,24,224,22,270,31,120,272,43,466,106,10,116,582
05/04/2005,FAT,CA,AWP,WE,Combined TRACON& Tower with Radar,30,91,88,19,228,0,22,163,12,197,30,113,251,31,425,138,8,146,571
05/05/2005,FAT,CA,AWP,WE,Combined TRACON& Tower with Radar,32,102,71,19,224,0,12,76,3,91,32,114,147,22,315,68,0,68,383
05/06/2005,FAT,CA,AWP,WE,Combined TRACON& Tower with Radar,25,116,58,27,226,0,10,131,9,150,25,126,189,36,376,118,0,118,494
05/07/2005,FAT,CA,AWP,WE,Combined TRACON& Tower with Radar,20,74,24,5,123,0,9,167,18,194,20,83,191,23,317,28,0,28,345
05/08/2005,FAT,CA,AWP,WE,Combined TRACON& Tower with Radar,23,85,40,6,154,0,7,76,4,87,23,92,116,10,241,36,4,40,281
05/09/2005,FAT,CA,AWP,WE,Combined TRACON& Tower with Radar,23,97,43,14,177,0,5,53,3,61,23,102,96,17,238,44,4,48,286
05/10/2005,FAT,CA,AWP,WE,Combined TRACON& Tower with Radar,28,102,48,19,197,0,35,187,15,237,28,137,235,34,434,138,8,146,580
05/11/2005,FAT,CA,AWP,WE,Combined TRACON& Tower with Radar,26,94,56,25,201,0,25,225,20,270,26,119,281,45,471,112,0,112,583
05/12/2005,FAT,CA,AWP,WE,Combined TRACON& Tower with Radar,26,99,41,6,172,0,25,185,25,235,26,124,226,31,407,74,0,74,481
05/13/2005,FAT,CA,AWP,WE,Combined TRACON& Tower with Radar,23,91,59,5,178,0,33,204,23,260,23,124,263,28,438,84,0,84,522
05/14/2005,FAT,CA,AWP,WE,Combined TRACON& Tower with Radar,18,80,33,0,131,0,7,143,10,160,18,87,176,10,291,54,0,54,345
05/15/2005,FAT,CA,AWP,WE,Combined TRACON& Tower with Radar,19,86,20,1,126,0,13,146,7,166,19,99,166,8,292,42,0,42,334
05/16/2005,FAT,CA,AWP,WE,Combined TRACON& Tower with Radar,22,104,56,11,193,0,16,81,3,100,22,120,137,14,293,36,0,36,329
05/17/2005,FAT,CA,AWP,WE,Combined TRACON& Tower with Radar,24,102,65,11,202,0,27,138,17,182,24,129,203,28,384,52,2,54,438
05/18/2005,FAT,CA,AWP,WE,Combined TRACON& Tower with Radar,28,99,64,2,193,0,17,178,13,208,28,116,242,15,401,98,0,98,499
05/19/2005,FAT,CA,AWP,WE,Combined TRACON& Tower with Radar,26,103,82,10,221,0,26,186,14,226,26,129,268,24,447,52,0,52,499
05/20/2005,FAT,CA,AWP,WE,Combined TRACON& Tower with Radar,23,104,68,10,205,0,19,165,11,195,23,123,233,21,400,100,0,100,500
05/21/2005,FAT,CA,AWP,WE,Combined TRACON& Tower with Radar,18,75,33,3,129,0,8,154,12,174,18,83,187,15,303,60,0,60,363
05/22/2005,FAT,CA,AWP,WE,Combined TRACON& Tower with Radar,19,90,24,6,139,0,13,144,11,168,19,103,168,17,307,38,0,38,345
05/23/2005,FAT,CA,AWP,WE,Combined TRACON& Tower with Radar,22,84,35,10,151,0,31,210,14,255,22,115,245,24,406,38,6,44,450
05/24/2005,FAT,CA,AWP,WE,Combined TRACON& Tower with Radar,31,114,45,39,229,0,29,206,12,247,31,143,251,51,476,70,0,70,546
05/25/2005,FAT,CA,AWP,WE,Combined TRACON& Tower with Radar,26,101,43,10,180,0,36,204,13,253,26,137,247,23,433,106,0,106,539
05/26/2005,FAT,CA,AWP,WE,Combined TRACON& Tower with Radar,26,91,57,7,181,0,27,216,11,254,26,118,273,18,435,68,2,70,505
05/27/2005,FAT,CA,AWP,WE,Combined TRACON& Tower with Radar,25,91,50,2,168,0,27,244,21,292,25,118,294,23,460,92,0,92,552
05/28/2005,FAT,CA,AWP,WE,Combined TRACON& Tower with Radar,20,70,20,3,113,0,16,152,5,173,20,86,172,8,286,12,0,12,298
05/29/2005,FAT,CA,AWP,WE,Combined TRACON& Tower with Radar,20,86,9,2,117,0,20,123,9,152,20,106,132,11,269,56,0,56,325
05/30/2005,FAT,CA,AWP,WE,Combined TRACON& Tower with Radar,18,90,35,5,148,0,11,176,10,197,18,101,211,15,345,10,0,10,355
05/31/2005,FAT,CA,AWP,WE,Combined TRACON& Tower with Radar,26,95,58,28,207,0,18,199,15,232,26,113,257,43,439,72,0,72,511
06/01/2005,FAT,CA,AWP,WE,Combined TRACON& Tower with Radar,26,104,42,8,180,0,31,201,20,252,26,135,243,28,432,58,0,58,490
06/02/2005,FAT,CA,AWP,WE,Combined TRACON& Tower with Radar,26,97,35,16,174,0,35,239,17,291,26,132,274,33,465,28,10,38,503
06/03/2005,FAT,CA,AWP,WE,Combined TRACON& Tower with Radar,23,94,49,9,175,0,32,255,13,300,23,126,304,22,475,46,0,46,521
06/04/2005,FAT,CA,AWP,WE,Combined TRACON& Tower with Radar,21,79,36,14,150,0,12,172,24,208,21,91,208,38,358,62,6,68,426
06/05/2005,FAT,CA,AWP,WE,Combined TRACON& Tower with Radar,19,92,30,3,144,0,11,150,10,171,19,103,180,13,315,44,0,44,359
06/06/2005,FAT,CA,AWP,WE,Combined TRACON& Tower with Radar,24,94,41,9,168,0,28,181,27,236,24,122,222,36,404,46,0,46,450
06/07/2005,FAT,CA,AWP,WE,Combined TRACON& Tower with Radar,24,102,43,14,183,0,28,190,23,241,24,130,233,37,424,68,0,68,492
06/08/2005,FAT,CA,AWP,WE,Combined TRACON& Tower with Radar,31,111,65,13,220,0,22,176,20,218,31,133,241,33,438,50,0,50,488
06/09/2005,FAT,CA,AWP,WE,Combined TRACON& Tower with Radar,26,103,56,9,194,0,19,213,22,254,26,122,269,31,448,4,0,4,452
06/10/2005,FAT,CA,AWP,WE,Combined TRACON& Tower with Radar,22,99,60,14,195,0,22,215,30,267,22,121,275,44,462,96,0,96,558
06/11/2005,FAT,CA,AWP,WE,Combined TRACON& Tower with Radar,16,86,28,2,132,0,23,232,10,265,16,109,260,12,397,58,0,58,455
06/12/2005,FAT,CA,AWP,WE,Combined TRACON& Tower with Radar,19,85,33,1,138,0,12,134,3,149,19,97,167,4,287,0,0,0,287
06/13/2005,FAT,CA,AWP,WE,Combined TRACON& Tower with Radar,26,90,37,20,173,0,22,192,17,231,26,112,229,37,404,44,8,52,456
06/14/2005,FAT,CA,AWP,WE,Combined TRACON& Tower with Radar,32,104,53,22,211,0,27,210,25,262,32,131,263,47,473,90,16,106,579
06/15/2005,FAT,CA,AWP,WE,Combined TRACON& Tower with Radar,28,101,52,21,202,0,25,198,17,240,28,126,250,38,442,36,12,48,490
06/16/2005,FAT,CA,AWP,WE,Combined TRACON& Tower with Radar,28,99,55,14,196,0,23,206,15,244,28,122,261,29,440,56,8,64,504
06/17/2005,FAT,CA,AWP,WE,Combined TRACON& Tower with Radar,24,105,49,14,192,0,21,150,11,182,24,126,199,25,374,76,0,76,450
06/18/2005,FAT,CA,AWP,WE,Combined TRACON& Tower with Radar,18,90,36,3,147,0,21,192,5,218,18,111,228,8,365,24,10,34,399
06/19/2005,FAT,CA,AWP,WE,Combined TRACON& Tower with Radar,23,90,27,3,143,0,7,121,6,134,23,97,148,9,277,0,0,0,277
06/20/2005,FAT,CA,AWP,WE,Combined TRACON& Tower with Radar,23,94,26,15,158,0,34,199,16,249,23,128,225,31,407,70,0,70,477
06/21/2005,FAT,CA,AWP,WE,Combined TRACON& Tower with Radar,24,95,51,15,185,0,26,199,16,241,24,121,250,31,426,84,0,84,510
06/22/2005,FAT,CA,AWP,WE,Combined TRACON& Tower with Radar,30,99,44,11,184,0,30,219,23,272,30,129,263,34,456,134,0,134,590
06/23/2005,FAT,CA,AWP,WE,Combined TRACON& Tower with Radar,27,102,43,13,185,0,23,250,25,298,27,125,293,38,483,48,0,48,531
06/24/2005,FAT,CA,AWP,WE,Combined TRACON& Tower with Radar,24,106,60,13,203,0,23,259,15,297,24,129,319,28,500,42,0,42,542
06/25/2005,FAT,CA,AWP,WE,Combined TRACON& Tower with Radar,16,80,20,2,118,0,8,168,11,187,16,88,188,13,305,6,0,6,311
06/26/2005,FAT,CA,AWP,WE,Combined TRACON& Tower with Radar,20,91,20,0,131,0,11,123,7,141,20,102,143,7,272,0,0,0,272
06/27/2005,FAT,CA,AWP,WE,Combined TRACON& Tower with Radar,24,97,47,12,180,0,25,164,9,198,24,122,211,21,378,36,0,36,414
06/28/2005,FAT,CA,AWP,WE,Combined TRACON& Tower with Radar,25,99,47,26,197,0,30,177,12,219,25,129,224,38,416,58,0,58,474
06/29/2005,FAT,CA,AWP,WE,Combined TRACON& Tower with Radar,27,99,62,23,211,0,29,199,25,253,27,128,261,48,464,50,0,50,514
06/30/2005,FAT,CA,AWP,WE,Combined TRACON& Tower with Radar,26,98,56,15,195,0,32,274,30,336,26,130,330,45,531,28,4,32,563
07/01/2005,FAT,CA,AWP,WE,Combined TRACON& Tower with Radar,28,94,38,3,163,0,28,268,15,311,28,122,306,18,474,30,0,30,504
07/02/2005,FAT,CA,AWP,WE,Combined TRACON& Tower with Radar,18,79,17,4,118,0,15,203,0,218,18,94,220,4,336,6,0,6,342
07/03/2005,FAT,CA,AWP,WE,Combined TRACON& Tower with Radar,24,83,14,1,122,0,20,134,7,161,24,103,148,8,283,46,0,46,329
07/04/2005,FAT,CA,AWP,WE,Combined TRACON& Tower with Radar,16,79,12,2,109,0,6,96,17,119,16,85,108,19,228,0,0,0,228
07/05/2005,FAT,CA,AWP,WE,Combined TRACON& Tower with Radar,21,94,61,12,188,0,31,200,11,242,21,125,261,23,430,0,0,0,430
07/06/2005,FAT,CA,AWP,WE,Combined TRACON& Tower with Radar,48,123,44,12,227,0,30,231,13,274,48,153,275,25,501,16,0,16,517
07/07/2005,FAT,CA,AWP,WE,Combined TRACON& Tower with Radar,27,83,27,9,146,0,31,348,12,391,27,114,375,21,537,40,0,40,577
07/08/2005,FAT,CA,AWP,WE,Combined TRACON& Tower with Radar,28,91,55,11,185,0,33,245,19,297,28,124,300,30,482,24,0,24,506
07/09/2005,FAT,CA,AWP,WE,Combined TRACON& Tower with Radar,18,78,32,13,141,0,13,152,13,178,18,91,184,26,319,34,10,44,363
07/10/2005,FAT,CA,AWP,WE,Combined TRACON& Tower with Radar,24,86,30,8,148,0,12,146,6,164,24,98,176,14,312,0,0,0,312
07/11/2005,FAT,CA,AWP,WE,Combined TRACON& Tower with Radar,25,90,39,13,167,0,26,173,9,208,25,116,212,22,375,44,0,44,419
07/12/2005,FAT,CA,AWP,WE,Combined TRACON& Tower with Radar,22,94,49,10,175,0,31,226,11,268,22,125,275,21,443,32,0,32,475
07/13/2005,FAT,CA,AWP,WE,Combined TRACON& Tower with Radar,36,96,31,14,177,0,26,185,14,225,36,122,216,28,402,24,18,42,444
07/14/2005,FAT,CA,AWP,WE,Combined TRACON& Tower with Radar,27,96,25,9,157,0,30,213,24,267,27,126,238,33,424,38,0,38,462
07/15/2005,FAT,CA,AWP,WE,Combined TRACON& Tower with Radar,28,95,35,11,169,0,37,265,12,314,28,132,300,23,483,70,0,70,553
07/16/2005,FAT,CA,AWP,WE,Combined TRACON& Tower with Radar,20,77,24,0,121,0,15,139,4,158,20,92,163,4,279,42,0,42,321
07/17/2005,FAT,CA,AWP,WE,Combined TRACON& Tower with Radar,21,87,26,1,135,0,11,124,9,144,21,98,150,10,279,0,0,0,279
07/18/2005,FAT,CA,AWP,WE,Combined TRACON& Tower with Radar,28,92,26,17,163,0,24,146,14,184,28,116,172,31,347,76,4,80,427
07/19/2005,FAT,CA,AWP,WE,Combined TRACON& Tower with Radar,27,107,37,11,182,0,22,142,14,178,27,129,179,25,360,36,0,36,396
07/20/2005,FAT,CA,AWP,WE,Combined TRACON& Tower with Radar,28,102,31,6,167,0,28,197,7,232,28,130,228,13,399,44,4,48,447
07/21/2005,FAT,CA,AWP,WE,Combined TRACON& Tower with Radar,28,96,25,16,165,0,28,220,18,266,28,124,245,34,431,114,16,130,561
07/22/2005,FAT,CA,AWP,WE,Combined TRACON& Tower with Radar,25,90,34,6,155,0,28,212,23,263,25,118,246,29,418,74,12,86,504
07/23/2005,FAT,CA,AWP,WE,Combined TRACON& Tower with Radar,19,76,26,0,121,0,11,188,11,210,19,87,214,11,331,20,0,20,351
07/24/2005,FAT,CA,AWP,WE,Combined TRACON& Tower with Radar,26,87,14,1,128,0,12,151,9,172,26,99,165,10,300,22,0,22,322
07/25/2005,FAT,CA,AWP,WE,Combined TRACON& Tower with Radar,25,94,29,8,156,0,26,270,20,316,25,120,299,28,472,66,10,76,548
07/26/2005,FAT,CA,AWP,WE,Combined TRACON& Tower with Radar,34,104,25,10,173,0,28,191,22,241,34,132,216,32,414,28,0,28,442
07/27/2005,FAT,CA,AWP,WE,Combined TRACON& Tower with Radar,30,92,25,9,156,0,35,201,24,260,30,127,226,33,416,60,0,60,476
07/28/2005,FAT,CA,AWP,WE,Combined TRACON& Tower with Radar,28,95,41,12,176,0,33,226,24,283,28,128,267,36,459,8,0,8,467
07/29/2005,FAT,CA,AWP,WE,Combined TRACON& Tower with Radar,27,96,38,15,176,0,23,202,22,247,27,119,240,37,423,10,14,24,447
07/30/2005,FAT,CA,AWP,WE,Combined TRACON& Tower with Radar,18,83,16,0,117,0,11,145,16,172,18,94,161,16,289,24,0,24,313
07/31/2005,FAT,CA,AWP,WE,Combined TRACON& Tower with Radar,19,84,18,1,122,0,13,142,5,160,19,97,160,6,282,0,0,0,282
08/01/2005,FAT,CA,AWP,WE,Combined TRACON& Tower with Radar,24,94,35,11,164,0,29,211,25,265,24,123,246,36,429,54,0,54,483
08/02/2005,FAT,CA,AWP,WE,Combined TRACON& Tower with Radar,29,99,30,4,162,0,33,185,11,229,29,132,215,15,391,18,0,18,409
08/03/2005,FAT,CA,AWP,WE,Combined TRACON& Tower with Radar,28,94,40,7,169,0,24,167,19,210,28,118,207,26,379,34,0,34,413
08/04/2005,FAT,CA,AWP,WE,Combined TRACON& Tower with Radar,30,102,30,11,173,0,33,227,14,274,30,135,257,25,447,52,4,56,503
08/05/2005,FAT,CA,AWP,WE,Combined TRACON& Tower with Radar,29,102,33,14,178,0,17,210,18,245,29,119,243,32,423,6,0,6,429
08/06/2005,FAT,CA,AWP,WE,Combined TRACON& Tower with Radar,20,80,20,5,125,0,12,143,12,167,20,92,163,17,292,0,0,0,292
08/07/2005,FAT,CA,AWP,WE,Combined TRACON& Tower with Radar,23,85,38,1,147,0,19,134,13,166,23,104,172,14,313,8,0,8,321
08/08/2005,FAT,CA,AWP,WE,Combined TRACON& Tower with Radar,26,99,42,2,169,0,25,153,4,182,26,124,195,6,351,26,0,26,377
08/09/2005,FAT,CA,AWP,WE,Combined TRACON& Tower with Radar,26,106,49,10,191,0,24,314,11,349,26,130,363,21,540,54,10,64,604
08/10/2005,FAT,CA,AWP,WE,Combined TRACON& Tower with Radar,27,96,33,2,158,0,28,172,8,208,27,124,205,10,366,86,0,86,452
08/11/2005,FAT,CA,AWP,WE,Combined TRACON& Tower with Radar,29,96,49,3,177,0,42,191,7,240,29,138,240,10,417,40,0,40,457
08/12/2005,FAT,CA,AWP,WE,Combined TRACON& Tower with Radar,26,107,50,9,192,0,30,210,20,260,26,137,260,29,452,56,0,56,508
08/13/2005,FAT,CA,AWP,WE,Combined TRACON& Tower with Radar,20,74,22,16,132,0,11,126,5,142,20,85,148,21,274,0,0,0,274
08/14/2005,FAT,CA,AWP,WE,Combined TRACON& Tower with Radar,23,87,29,9,148,0,8,116,8,132,23,95,145,17,280,2,0,2,282
08/15/2005,FAT,CA,AWP,WE,Combined TRACON& Tower with Radar,24,95,61,17,197,0,15,129,11,155,24,110,190,28,352,60,0,60,412
08/16/2005,FAT,CA,AWP,WE,Combined TRACON& Tower with Radar,26,100,54,14,194,0,25,186,13,224,26,125,240,27,418,48,0,48,466
08/17/2005,FAT,CA,AWP,WE,Combined TRACON& Tower with Radar,28,93,76,5,202,0,36,200,15,251,28,129,276,20,453,112,0,112,565
08/18/2005,FAT,CA,AWP,WE,Combined TRACON& Tower with Radar,30,95,43,10,178,0,20,205,19,244,30,115,248,29,422,54,0,54,476
08/19/2005,FAT,CA,AWP,WE,Combined TRACON& Tower with Radar,26,94,41,14,175,0,26,220,17,263,26,120,261,31,438,56,0,56,494
08/20/2005,FAT,CA,AWP,WE,Combined TRACON& Tower with Radar,20,83,24,3,130,0,28,136,12,176,20,111,160,15,306,24,12,36,342
08/21/2005,FAT,CA,AWP,WE,Combined TRACON& Tower with Radar,22,85,22,0,129,0,18,145,11,174,22,103,167,11,303,10,0,10,313
08/22/2005,FAT,CA,AWP,WE,Combined TRACON& Tower with Radar,25,103,20,29,177,0,22,142,11,175,25,125,162,40,352,38,12,50,402
08/23/2005,FAT,CA,AWP,WE,Combined TRACON& Tower with Radar,30,112,56,19,217,0,30,194,18,242,30,142,250,37,459,24,0,24,483
08/24/2005,FAT,CA,AWP,WE,Combined TRACON& Tower with Radar,32,105,55,12,204,0,35,212,27,274,32,140,267,39,478,124,0,124,602
08/25/2005,FAT,CA,AWP,WE,Combined TRACON& Tower with Radar,28,96,34,13,171,0,31,195,16,242,28,127,229,29,413,70,0,70,483
08/26/2005,FAT,CA,AWP,WE,Combined TRACON& Tower with Radar,25,99,42,4,170,0,25,187,19,231,25,124,229,23,401,90,0,90,491
08/27/2005,FAT,CA,AWP,WE,Combined TRACON& Tower with Radar,19,84,17,4,124,0,16,177,5,198,19,100,194,9,322,14,0,14,336
08/28/2005,FAT,CA,AWP,WE,Combined TRACON& Tower with Radar,23,82,24,2,131,0,14,134,6,154,23,96,158,8,285,22,0,22,307
08/29/2005,FAT,CA,AWP,WE,Combined TRACON& Tower with Radar,24,91,31,6,152,3,24,185,7,219,27,115,216,13,371,206,2,208,579
08/30/2005,FAT,CA,AWP,WE,Combined TRACON& Tower with Radar,31,109,40,18,198,0,29,214,16,259,31,138,254,34,457,108,56,164,621
08/31/2005,FAT,CA,AWP,WE,Combined TRACON& Tower with Radar,35,100,34,14,183,0,36,208,15,259,35,136,242,29,442,100,0,100,542
09/01/2005,FAT,CA,AWP,WE,Combined TRACON& Tower with Radar,32,94,47,16,189,0,41,188,8,237,32,135,235,24,426,28,16,44,470
09/02/2005,FAT,CA,AWP,WE,Combined TRACON& Tower with Radar,29,95,34,3,161,0,27,262,19,308,29,122,296,22,469,72,0,72,541
09/03/2005,FAT,CA,AWP,WE,Combined TRACON& Tower with Radar,21,76,36,5,138,0,20,141,4,165,21,96,177,9,303,24,0,24,327
09/04/2005,FAT,CA,AWP,WE,Combined TRACON& Tower with Radar,23,65,13,5,106,0,7,118,5,130,23,72,131,10,236,18,0,18,254
09/05/2005,FAT,CA,AWP,WE,Combined TRACON& Tower with Radar,22,90,48,12,172,0,12,132,0,144,22,102,180,12,316,12,0,12,328
09/06/2005,FAT,CA,AWP,WE,Combined TRACON& Tower with Radar,29,91,30,13,163,0,25,185,7,217,29,116,215,20,380,92,4,96,476
09/07/2005,FAT,CA,AWP,WE,Combined TRACON& Tower with Radar,32,87,36,9,164,0,38,194,22,254,32,125,230,31,418,68,0,68,486
09/08/2005,FAT,CA,AWP,WE,Combined TRACON& Tower with Radar,34,92,35,12,173,0,31,193,22,246,34,123,228,34,419,34,16,50,469
09/09/2005,FAT,CA,AWP,WE,Combined TRACON& Tower with Radar,32,94,43,24,193,0,37,179,33,249,32,131,222,57,442,16,0,16,458
09/10/2005,FAT,CA,AWP,WE,Combined TRACON& Tower with Radar,28,74,34,10,146,0,12,142,29,183,28,86,176,39,329,30,0,30,359
09/11/2005,FAT,CA,AWP,WE,Combined TRACON& Tower with Radar,28,79,38,3,148,0,7,146,7,160,28,86,184,10,308,10,0,10,318
09/12/2005,FAT,CA,AWP,WE,Combined TRACON& Tower with Radar,36,93,39,12,180,0,21,166,15,202,36,114,205,27,382,78,4,82,464
09/13/2005,FAT,CA,AWP,WE,Combined TRACON& Tower with Radar,54,120,32,20,226,0,28,242,24,294,54,148,274,44,520,44,8,52,572
09/14/2005,FAT,CA,AWP,WE,Combined TRACON& Tower with Radar,34,89,52,15,190,4,31,219,26,280,38,120,271,41,470,162,2,164,634
09/15/2005,FAT,CA,AWP,WE,Combined TRACON& Tower with Radar,43,98,50,8,199,1,25,207,18,251,44,123,257,26,450,56,0,56,506
09/16/2005,FAT,CA,AWP,WE,Combined TRACON& Tower with Radar,42,117,40,14,213,0,29,239,16,284,42,146,279,30,497,92,8,100,597
09/17/2005,FAT,CA,AWP,WE,Combined TRACON& Tower with Radar,24,75,24,5,128,0,9,139,10,158,24,84,163,15,286,32,0,32,318
09/18/2005,FAT,CA,AWP,WE,Combined TRACON& Tower with Radar,29,87,40,4,160,0,13,166,12,191,29,100,206,16,351,42,0,42,393
09/19/2005,FAT,CA,AWP,WE,Combined TRACON& Tower with Radar,31,94,32,11,168,0,19,188,22,229,31,113,220,33,397,28,0,28,425
09/20/2005,FAT,CA,AWP,WE,Combined TRACON& Tower with Radar,39,103,71,12,225,2,18,125,15,160,41,121,196,27,385,52,4,56,441
09/21/2005,FAT,CA,AWP,WE,Combined TRACON& Tower with Radar,42,108,48,13,211,0,32,224,31,287,42,140,272,44,498,94,2,96,594
09/22/2005,FAT,CA,AWP,WE,Combined TRACON& Tower with Radar,38,96,57,10,201,0,22,233,28,283,38,118,290,38,484,36,14,50,534
09/23/2005,FAT,CA,AWP,WE,Combined TRACON& Tower with Radar,32,93,35,22,182,0,18,204,27,249,32,111,239,49,431,40,4,44,475
09/24/2005,FAT,CA,AWP,WE,Combined TRACON& Tower with Radar,23,66,21,10,120,0,16,157,18,191,23,82,178,28,311,26,0,26,337
09/25/2005,FAT,CA,AWP,WE,Combined TRACON& Tower with Radar,28,81,30,4,143,4,3,147,6,160,32,84,177,10,303,16,0,16,319
09/26/2005,FAT,CA,AWP,WE,Combined TRACON& Tower with Radar,33,96,51,39,219,0,27,105,10,142,33,123,156,49,361,30,0,30,391
09/27/2005,FAT,CA,AWP,WE,Combined TRACON& Tower with Radar,43,106,37,12,198,0,27,218,12,257,43,133,255,24,455,148,10,158,613
09/28/2005,FAT,CA,AWP,WE,Combined TRACON& Tower with Radar,39,91,22,11,163,0,24,202,23,249,39,115,224,34,412,72,2,74,486
09/29/2005,FAT,CA,AWP,WE,Combined TRACON& Tower with Radar,40,91,57,15,203,0,27,206,27,260,40,118,263,42,463,92,8,100,563
09/30/2005,FAT,CA,AWP,WE,Combined TRACON& Tower with Radar,32,95,26,2,155,0,25,195,23,243,32,120,221,25,398,146,0,146,544
10/01/2005,FAT,CA,AWP,WE,Combined TRACON& Tower with Radar,25,67,24,12,128,0,17,176,17,210,25,84,200,29,338,24,2,26,364
10/02/2005,FAT,CA,AWP,WE,Combined TRACON& Tower with Radar,26,82,29,2,139,0,6,115,4,125,26,88,144,6,264,22,0,22,286
10/03/2005,FAT,CA,AWP,WE,Combined TRACON& Tower with Radar,31,85,31,8,155,0,29,153,13,195,31,114,184,21,350,38,4,42,392
10/04/2005,FAT,CA,AWP,WE,Combined TRACON& Tower with Radar,45,101,33,18,197,0,23,189,19,231,45,124,222,37,428,128,0,128,556
10/05/2005,FAT,CA,AWP,WE,Combined TRACON& Tower with Radar,37,96,55,20,208,0,28,204,23,255,37,124,259,43,463,190,4,194,657
10/06/2005,FAT,CA,AWP,WE,Combined TRACON& Tower with Radar,40,95,25,12,172,0,25,156,19,200,40,120,181,31,372,48,0,48,420
10/07/2005,FAT,CA,AWP,WE,Combined TRACON& Tower with Radar,33,92,54,10,189,0,15,170,21,206,33,107,224,31,395,86,6,92,487
10/08/2005,FAT,CA,AWP,WE,Combined TRACON& Tower with Radar,23,72,56,4,155,0,9,110,10,129,23,81,166,14,284,88,0,88,372
10/09/2005,FAT,CA,AWP,WE,Combined TRACON& Tower with Radar,28,75,20,9,132,0,11,135,19,165,28,86,155,28,297,52,0,52,349
10/10/2005,FAT,CA,AWP,WE,Combined TRACON& Tower with Radar,32,78,29,4,143,0,18,207,9,234,32,96,236,13,377,60,0,60,437
10/11/2005,FAT,CA,AWP,WE,Combined TRACON& Tower with Radar,41,95,50,17,203,0,30,193,24,247,41,125,243,41,450,108,4,112,562
10/12/2005,FAT,CA,AWP,WE,Combined TRACON& Tower with Radar,47,101,51,13,212,0,25,203,27,255,47,126,254,40,467,100,4,104,571
10/13/2005,FAT,CA,AWP,WE,Combined TRACON& Tower with Radar,38,93,28,26,185,0,23,198,16,237,38,116,226,42,422,90,0,90,512
10/14/2005,FAT,CA,AWP,WE,Combined TRACON& Tower with Radar,36,89,43,16,184,0,28,226,20,274,36,117,269,36,458,94,0,94,552
10/15/2005,FAT,CA,AWP,WE,Combined TRACON& Tower with Radar,24,69,23,8,124,0,9,86,5,100,24,78,109,13,224,42,0,42,266
10/16/2005,FAT,CA,AWP,WE,Combined TRACON& Tower with Radar,30,85,35,17,167,0,4,113,13,130,30,89,148,30,297,0,0,0,297
10/17/2005,FAT,CA,AWP,WE,Combined TRACON& Tower with Radar,32,97,50,27,206,0,14,147,10,171,32,111,197,37,377,114,6,120,497
10/18/2005,FAT,CA,AWP,WE,Combined TRACON& Tower with Radar,39,88,47,10,184,0,27,209,21,257,39,115,256,31,441,90,0,90,531
10/19/2005,FAT,CA,AWP,WE,Combined TRACON& Tower with Radar,39,104,68,17,228,0,37,200,20,257,39,141,268,37,485,154,0,154,639
10/20/2005,FAT,CA,AWP,WE,Combined TRACON& Tower with Radar,39,106,58,15,218,0,34,229,13,276,39,140,287,28,494,54,0,54,548
10/21/2005,FAT,CA,AWP,WE,Combined TRACON& Tower with Radar,33,96,47,31,207,0,22,211,14,247,33,118,258,45,454,48,0,48,502
10/22/2005,FAT,CA,AWP,WE,Combined TRACON& Tower with Radar,27,68,66,4,165,0,9,182,6,197,27,77,248,10,362,8,0,8,370
10/23/2005,FAT,CA,AWP,WE,Combined TRACON& Tower with Radar,28,84,71,0,183,0,14,212,4,230,28,98,283,4,413,48,0,48,461
10/24/2005,FAT,CA,AWP,WE,Combined TRACON& Tower with Radar,27,87,58,21,193,0,18,154,17,189,27,105,212,38,382,74,4,78,460
10/25/2005,FAT,CA,AWP,WE,Combined TRACON& Tower with Radar,28,85,50,6,169,0,20,146,20,186,28,105,196,26,355,58,0,58,413
10/26/2005,FAT,CA,AWP,WE,Combined TRACON& Tower with Radar,26,95,48,12,181,0,25,167,12,204,26,120,215,24,385,154,0,154,539
10/27/2005,FAT,CA,AWP,WE,Combined TRACON& Tower with Radar,28,93,55,20,196,0,23,144,11,178,28,116,199,31,374,180,0,180,554
10/28/2005,FAT,CA,AWP,WE,Combined TRACON& Tower with Radar,28,97,44,10,179,0,18,142,14,174,28,115,186,24,353,134,0,134,487
10/29/2005,FAT,CA,AWP,WE,Combined TRACON& Tower with Radar,27,68,86,4,185,0,9,177,6,192,27,77,263,10,377,82,0,82,459
10/30/2005,FAT,CA,AWP,WE,Combined TRACON& Tower with Radar,28,84,61,0,173,0,14,195,4,213,28,98,256,4,386,0,0,0,386
10/31/2005,FAT,CA,AWP,WE,Combined TRACON& Tower with Radar,29,84,46,10,169,0,17,148,8,173,29,101,194,18,342,146,0,146,488
11/01/2005,FAT,CA,AWP,WE,Combined TRACON& Tower with Radar,29,100,34,25,188,0,11,132,3,146,29,111,166,28,334,82,2,84,418
11/02/2005,FAT,CA,AWP,WE,Combined TRACON& Tower with Radar,27,98,52,12,189,0,28,185,12,225,27,126,237,24,414,94,0,94,508
11/03/2005,FAT,CA,AWP,WE,Combined TRACON& Tower with Radar,33,88,33,19,173,0,25,191,15,231,33,113,224,34,404,88,0,88,492
11/04/2005,FAT,CA,AWP,WE,Combined TRACON& Tower with Radar,29,94,44,11,178,0,18,186,21,225,29,112,230,32,403,56,0,56,459
11/05/2005,FAT,CA,AWP,WE,Combined TRACON& Tower with Radar,24,67,19,55,165,0,5,129,23,157,24,72,148,78,322,58,2,60,382
11/06/2005,FAT,CA,AWP,WE,Combined TRACON& Tower with Radar,28,76,27,15,146,0,7,91,11,109,28,83,118,26,255,16,0,16,271
11/07/2005,FAT,CA,AWP,WE,Combined TRACON& Tower with Radar,29,91,54,15,189,2,20,127,8,157,31,111,181,23,346,64,0,64,410
11/08/2005,FAT,CA,AWP,WE,Combined TRACON& Tower with Radar,26,88,59,13,186,0,21,111,7,139,26,109,170,20,325,222,0,222,547
11/09/2005,FAT,CA,AWP,WE,Combined TRACON& Tower with Radar,30,94,44,18,186,0,16,138,12,166,30,110,182,30,352,68,0,68,420
11/10/2005,FAT,CA,AWP,WE,Combined TRACON& Tower with Radar,33,98,88,7,226,0,23,155,12,190,33,121,243,19,416,38,0,38,454
11/11/2005,FAT,CA,AWP,WE,Combined TRACON& Tower with Radar,32,87,65,14,198,0,13,93,9,115,32,100,158,23,313,64,0,64,377
11/12/2005,FAT,CA,AWP,WE,Combined TRACON& Tower with Radar,24,76,30,3,133,0,7,117,5,129,24,83,147,8,262,66,0,66,328
11/13/2005,FAT,CA,AWP,WE,Combined TRACON& Tower with Radar,25,72,24,2,123,0,8,109,4,121,25,80,133,6,244,40,0,40,284
11/14/2005,FAT,CA,AWP,WE,Combined TRACON& Tower with Radar,26,88,45,26,185,0,8,108,6,122,26,96,153,32,307,42,0,42,349
11/15/2005,FAT,CA,AWP,WE,Combined TRACON& Tower with Radar,26,94,74,25,219,0,11,132,13,156,26,105,206,38,375,98,0,98,473
11/16/2005,FAT,CA,AWP,WE,Combined TRACON& Tower with Radar,29,94,56,13,192,0,23,194,14,231,29,117,250,27,423,84,2,86,509
11/17/2005,FAT,CA,AWP,WE,Combined TRACON& Tower with Radar,29,88,83,27,227,0,20,211,22,253,29,108,294,49,480,12,6,18,498
11/18/2005,FAT,CA,AWP,WE,Combined TRACON& Tower with Radar,33,97,54,3,187,0,35,183,22,240,33,132,237,25,427,66,0,66,493
11/19/2005,FAT,CA,AWP,WE,Combined TRACON& Tower with Radar,22,71,33,5,131,0,11,137,10,158,22,82,170,15,289,62,0,62,351
11/20/2005,FAT,CA,AWP,WE,Combined TRACON& Tower with Radar,27,82,49,2,160,0,7,125,7,139,27,89,174,9,299,34,8,42,341
11/21/2005,FAT,CA,AWP,WE,Combined TRACON& Tower with Radar,32,81,22,17,152,0,20,145,21,186,32,101,167,38,338,42,14,56,394
11/22/2005,FAT,CA,AWP,WE,Combined TRACON& Tower with Radar,29,82,28,8,147,0,25,170,12,207,29,107,198,20,354,40,0,40,394
11/23/2005,FAT,CA,AWP,WE,Combined TRACON& Tower with Radar,33,87,52,4,176,0,32,185,10,227,33,119,237,14,403,12,0,12,415
11/24/2005,FAT,CA,AWP,WE,Combined TRACON& Tower with Radar,15,57,17,1,90,0,4,66,5,75,15,61,83,6,165,4,0,4,169
11/25/2005,FAT,CA,AWP,WE,Combined TRACON& Tower with Radar,26,78,63,2,169,0,11,46,4,61,26,89,109,6,230,10,0,10,240
11/26/2005,FAT,CA,AWP,WE,Combined TRACON& Tower with Radar,28,77,17,0,122,0,6,114,3,123,28,83,131,3,245,30,0,30,275
11/27/2005,FAT,CA,AWP,WE,Combined TRACON& Tower with Radar,26,74,26,0,126,0,15,126,10,151,26,89,152,10,277,2,0,2,279
11/28/2005,FAT,CA,AWP,WE,Combined TRACON& Tower with Radar,30,96,30,21,177,0,27,164,20,211,30,123,194,41,388,70,2,72,460
11/29/2005,FAT,CA,AWP,WE,Combined TRACON& Tower with Radar,31,92,68,32,223,0,16,92,9,117,31,108,160,41,340,90,8,98,438
11/30/2005,FAT,CA,AWP,WE,Combined TRACON& Tower with Radar,31,107,92,14,244,0,12,70,5,87,31,119,162,19,331,68,0,68,399
12/01/2005,FAT,CA,AWP,WE,Combined TRACON& Tower with Radar,34,90,74,8,206,1,19,101,5,126,35,109,175,13,332,82,0,82,414
12/02/2005,FAT,CA,AWP,WE,Combined TRACON& Tower with Radar,30,89,72,2,193,0,24,120,22,166,30,113,192,24,359,90,2,92,451
12/03/2005,FAT,CA,AWP,WE,Combined TRACON& Tower with Radar,25,69,33,12,139,0,8,127,17,152,25,77,160,29,291,48,0,48,339
12/04/2005,FAT,CA,AWP,WE,Combined TRACON& Tower with Radar,23,73,18,15,129,0,6,90,6,102,23,79,108,21,231,4,0,4,235
12/05/2005,FAT,CA,AWP,WE,Combined TRACON& Tower with Radar,30,85,21,4,140,0,22,126,12,160,30,107,147,16,300,32,6,38,338
12/06/2005,FAT,CA,AWP,WE,Combined TRACON& Tower with Radar,31,92,106,17,246,0,11,93,6,110,31,103,199,23,356,12,0,12,368
12/07/2005,FAT,CA,AWP,WE,Combined TRACON& Tower with Radar,29,96,89,11,225,0,5,89,1,95,29,101,178,12,320,42,0,42,362
12/08/2005,FAT,CA,AWP,WE,Combined TRACON& Tower with Radar,34,98,97,22,251,0,11,78,2,91,34,109,175,24,342,16,0,16,358
12/09/2005,FAT,CA,AWP,WE,Combined TRACON& Tower with Radar,39,93,76,12,220,0,14,75,6,95,39,107,151,18,315,42,0,42,357
12/10/2005,FAT,CA,AWP,WE,Combined TRACON& Tower with Radar,22,76,61,3,162,0,0,7,0,7,22,76,68,3,169,0,0,0,169
12/11/2005,FAT,CA,AWP,WE,Combined TRACON& Tower with Radar,26,74,71,11,182,0,2,33,1,36,26,76,104,12,218,64,0,64,282
12/12/2005,FAT,CA,AWP,WE,Combined TRACON& Tower with Radar,28,99,97,8,232,0,5,49,1,55,28,104,146,9,287,10,0,10,297
12/13/2005,FAT,CA,AWP,WE,Combined TRACON& Tower with Radar,31,69,105,19,224,1,0,22,3,26,32,69,127,22,250,0,0,0,250
12/14/2005,FAT,CA,AWP,WE,Combined TRACON& Tower with Radar,27,86,81,8,202,0,1,5,0,6,27,87,86,8,208,0,0,0,208
12/15/2005,FAT,CA,AWP,WE,Combined TRACON& Tower with Radar,32,101,107,2,242,0,1,4,0,5,32,102,111,2,247,0,0,0,247
12/16/2005,FAT,CA,AWP,WE,Combined TRACON& Tower with Radar,30,96,125,7,258,0,3,9,0,12,30,99,134,7,270,0,0,0,270
12/17/2005,FAT,CA,AWP,WE,Combined TRACON& Tower with Radar,23,75,47,15,160,0,5,33,4,42,23,80,80,19,202,34,6,40,242
12/18/2005,FAT,CA,AWP,WE,Combined TRACON& Tower with Radar,25,67,53,0,145,0,6,50,1,57,25,73,103,1,202,38,0,38,240
12/19/2005,FAT,CA,AWP,WE,Combined TRACON& Tower with Radar,30,88,33,9,160,0,24,149,8,181,30,112,182,17,341,60,4,64,405
12/20/2005,FAT,CA,AWP,WE,Combined TRACON& Tower with Radar,28,86,58,16,188,0,22,152,12,186,28,108,210,28,374,50,0,50,424
12/21/2005,FAT,CA,AWP,WE,Combined TRACON& Tower with Radar,28,87,71,12,198,0,23,169,20,212,28,110,240,32,410,56,4,60,470
12/22/2005,FAT,CA,AWP,WE,Combined TRACON& Tower with Radar,34,96,42,19,191,0,19,105,5,129,34,115,147,24,320,48,4,52,372
12/23/2005,FAT,CA,AWP,WE,Combined TRACON& Tower with Radar,34,102,76,12,224,0,17,93,5,115,34,119,169,17,339,62,0,62,401
12/24/2005,FAT,CA,AWP,WE,Combined TRACON& Tower with Radar,31,78,38,1,148,0,1,5,4,10,31,79,43,5,158,8,0,8,166
12/25/2005,FAT,CA,AWP,WE,Combined TRACON& Tower with Radar,22,61,20,1,104,0,9,26,0,35,22,70,46,1,139,0,0,0,139
12/26/2005,FAT,CA,AWP,WE,Combined TRACON& Tower with Radar,26,76,44,0,146,0,3,65,3,71,26,79,109,3,217,42,0,42,259
12/27/2005,FAT,CA,AWP,WE,Combined TRACON& Tower with Radar,28,81,50,10,169,0,28,133,9,170,28,109,183,19,339,70,8,78,417
12/28/2005,FAT,CA,AWP,WE,Combined TRACON& Tower with Radar,28,96,60,29,213,0,10,58,3,71,28,106,118,32,284,70,2,72,356
12/29/2005,FAT,CA,AWP,WE,Combined TRACON& Tower with Radar,33,97,76,27,233,0,13,80,0,93,33,110,156,27,326,26,4,30,356
12/30/2005,FAT,CA,AWP,WE,Combined TRACON& Tower with Radar,32,90,42,4,168,0,15,91,3,109,32,105,133,7,277,76,0,76,353
12/31/2005,FAT,CA,AWP,WE,Combined TRACON& Tower with Radar,22,76,28,7,133,0,4,32,3,39,22,80,60,10,172,12,0,12,184
01/01/2006,FAT,CA,AWP,WE,Combined TRACON& Tower with Radar,24,70,19,0,113,0,3,34,3,40,24,73,53,3,153,34,0,34,187
01/02/2006,FAT,CA,AWP,WE,Combined TRACON& Tower with Radar,34,68,19,3,124,0,1,14,0,15,34,69,33,3,139,26,0,26,165
01/03/2006,FAT,CA,AWP,WE,Combined TRACON& Tower with Radar,26,86,59,13,184,0,21,155,14,190,26,107,214,27,374,76,6,82,456
01/04/2006,FAT,CA,AWP,WE,Combined TRACON& Tower with Radar,27,81,32,26,166,0,23,175,13,211,27,104,207,39,377,54,2,56,433
01/05/2006,FAT,CA,AWP,WE,Combined TRACON& Tower with Radar,32,88,35,12,167,0,14,129,19,162,32,102,164,31,329,38,0,38,367
01/06/2006,FAT,CA,AWP,WE,Combined TRACON& Tower with Radar,24,77,42,11,154,0,18,106,9,133,24,95,148,20,287,86,0,86,373
01/07/2006,FAT,CA,AWP,WE,Combined TRACON& Tower with Radar,23,66,56,18,163,0,4,92,8,104,23,70,148,26,267,62,0,62,329
01/08/2006,FAT,CA,AWP,WE,Combined TRACON& Tower with Radar,26,66,30,3,125,0,4,31,0,35,26,70,61,3,160,42,0,42,202
01/09/2006,FAT,CA,AWP,WE,Combined TRACON& Tower with Radar,29,88,46,23,186,0,15,139,8,162,29,103,185,31,348,80,2,82,430
01/10/2006,FAT,CA,AWP,WE,Combined TRACON& Tower with Radar,28,92,77,20,217,0,7,109,12,128,28,99,186,32,345,80,0,80,425
01/11/2006,FAT,CA,AWP,WE,Combined TRACON& Tower with Radar,28,111,42,8,189,0,2,45,1,48,28,113,87,9,237,8,0,8,245
01/12/2006,FAT,CA,AWP,WE,Combined TRACON& Tower with Radar,28,88,110,19,245,0,0,41,0,41,28,88,151,19,286,2,0,2,288
01/13/2006,FAT,CA,AWP,WE,Combined TRACON& Tower with Radar,28,90,50,16,184,0,19,159,12,190,28,109,209,28,374,32,0,32,406
01/14/2006,FAT,CA,AWP,WE,Combined TRACON& Tower with Radar,24,67,41,0,132,0,4,71,2,77,24,71,112,2,209,12,0,12,221
01/15/2006,FAT,CA,AWP,WE,Combined TRACON& Tower with Radar,26,75,20,3,124,0,3,93,6,102,26,78,113,9,226,98,0,98,324
01/16/2006,FAT,CA,AWP,WE,Combined TRACON& Tower with Radar,29,72,28,1,130,0,12,171,14,197,29,84,199,15,327,68,0,68,395
01/17/2006,FAT,CA,AWP,WE,Combined TRACON& Tower with Radar,28,82,69,15,194,0,18,172,16,206,28,100,241,31,400,84,4,88,488
01/18/2006,FAT,CA,AWP,WE,Combined TRACON& Tower with Radar,26,102,95,24,247,0,5,59,5,69,26,107,154,29,316,68,0,68,384
01/19/2006,FAT,CA,AWP,WE,Combined TRACON& Tower with Radar,30,89,52,28,199,0,19,152,20,191,30,108,204,48,390,28,0,28,418
01/20/2006,FAT,CA,AWP,WE,Combined TRACON& Tower with Radar,30,93,43,15,181,0,22,148,9,179,30,115,191,24,360,64,0,64,424
01/21/2006,FAT,CA,AWP,WE,Combined TRACON& Tower with Radar,26,57,34,9,126,0,16,79,13,108,26,73,113,22,234,60,0,60,294
01/22/2006,FAT,CA,AWP,WE,Combined TRACON& Tower with Radar,27,69,40,5,141,0,2,69,1,72,27,71,109,6,213,18,0,18,231
01/23/2006,FAT,CA,AWP,WE,Combined TRACON& Tower with Radar,28,84,57,52,221,0,8,53,5,66,28,92,110,57,287,66,4,70,357
01/24/2006,FAT,CA,AWP,WE,Combined TRACON& Tower with Radar,36,97,63,12,208,0,16,144,17,177,36,113,207,29,385,84,8,92,477
01/25/2006,FAT,CA,AWP,WE,Combined TRACON& Tower with Radar,29,85,45,21,180,0,28,182,24,234,29,113,227,45,414,46,0,46,460
01/26/2006,FAT,CA,AWP,WE,Combined TRACON& Tower with Radar,33,91,87,20,231,0,19,164,21,204,33,110,251,41,435,66,0,66,501
01/27/2006,FAT,CA,AWP,WE,Combined TRACON& Tower with Radar,30,79,59,30,198,0,20,184,19,223,30,99,243,49,421,48,4,52,473
01/28/2006,FAT,CA,AWP,WE,Combined TRACON& Tower with Radar,25,59,37,7,128,0,12,94,6,112,25,71,131,13,240,24,0,24,264
01/29/2006,FAT,CA,AWP,WE,Combined TRACON& Tower with Radar,28,67,32,6,133,0,4,91,4,99,28,71,123,10,232,40,2,42,274
01/30/2006,FAT,CA,AWP,WE,Combined TRACON& Tower with Radar,29,89,43,28,189,0,24,177,10,211,29,113,220,38,400,166,10,176,576
01/31/2006,FAT,CA,AWP,WE,Combined TRACON& Tower with Radar,28,102,86,22,238,0,11,139,6,156,28,113,225,28,394,52,0,52,446
02/01/2006,FAT,CA,AWP,WE,Combined TRACON& Tower with Radar,28,95,98,20,241,0,13,139,10,162,28,108,237,30,403,24,0,24,427
02/02/2006,FAT,CA,AWP,WE,Combined TRACON& Tower with Radar,32,85,51,14,182,0,18,179,11,208,32,103,230,25,390,64,0,64,454
02/03/2006,FAT,CA,AWP,WE,Combined TRACON& Tower with Radar,32,74,57,15,178,0,11,152,14,177,32,85,209,29,355,108,0,108,463
02/04/2006,FAT,CA,AWP,WE,Combined TRACON& Tower with Radar,22,59,51,35,167,0,7,61,2,70,22,66,112,37,237,12,0,12,249
02/05/2006,FAT,CA,AWP,WE,Combined TRACON& Tower with Radar,28,70,27,2,127,0,5,96,6,107,28,75,123,8,234,18,0,18,252
02/06/2006,FAT,CA,AWP,WE,Combined TRACON& Tower with Radar,31,80,38,21,170,0,17,216,21,254,31,97,254,42,424,146,0,146,570
02/07/2006,FAT,CA,AWP,WE,Combined TRACON& Tower with Radar,27,81,38,25,171,0,37,196,24,257,27,118,234,49,428,100,24,124,552
02/08/2006,FAT,CA,AWP,WE,Combined TRACON& Tower with Radar,29,82,57,19,187,0,35,216,21,272,29,117,273,40,459,114,0,114,573
02/09/2006,FAT,CA,AWP,WE,Combined TRACON& Tower with Radar,30,90,44,11,175,0,27,213,19,259,30,117,257,30,434,108,8,116,550
02/10/2006,FAT,CA,AWP,WE,Combined TRACON& Tower with Radar,31,87,79,8,205,0,23,261,16,300,31,110,340,24,505,100,2,102,607
02/11/2006,FAT,CA,AWP,WE,Combined TRACON& Tower with Radar,27,61,26,1,115,0,12,163,6,181,27,73,189,7,296,80,0,80,376
02/12/2006,FAT,CA,AWP,WE,Combined TRACON& Tower with Radar,28,72,28,1,129,0,7,127,15,149,28,79,155,16,278,52,0,52,330
02/13/2006,FAT,CA,AWP,WE,Combined TRACON& Tower with Radar,30,84,74,12,200,0,16,149,7,172,30,100,223,19,372,86,0,86,458
02/14/2006,FAT,CA,AWP,WE,Combined TRACON& Tower with Radar,29,91,58,23,201,0,17,169,17,203,29,108,227,40,404,108,0,108,512
02/15/2006,FAT,CA,AWP,WE,Combined TRACON& Tower with Radar,28,95,57,13,193,0,24,210,26,260,28,119,267,39,453,134,24,158,611
02/16/2006,FAT,CA,AWP,WE,Combined TRACON& Tower with Radar,30,78,26,13,147,0,36,223,20,279,30,114,249,33,426,84,6,90,516
02/17/2006,FAT,CA,AWP,WE,Combined TRACON& Tower with Radar,28,89,68,13,198,0,11,125,8,144,28,100,193,21,342,32,0,32,374
02/18/2006,FAT,CA,AWP,WE,Combined TRACON& Tower with Radar,24,68,23,4,119,0,3,100,5,108,24,71,123,9,227,58,0,58,285
02/19/2006,FAT,CA,AWP,WE,Combined TRACON& Tower with Radar,28,77,26,0,131,0,2,62,2,66,28,79,88,2,197,38,0,38,235
02/20/2006,FAT,CA,AWP,WE,Combined TRACON& Tower with Radar,37,80,40,1,158,0,15,175,8,198,37,95,215,9,356,68,0,68,424
02/21/2006,FAT,CA,AWP,WE,Combined TRACON& Tower with Radar,32,93,45,25,195,0,26,203,21,250,32,119,248,46,445,68,2,70,515
02/22/2006,FAT,CA,AWP,WE,Combined TRACON& Tower with Radar,28,92,59,16,195,0,26,198,21,245,28,118,257,37,440,102,0,102,542
02/23/2006,FAT,CA,AWP,WE,Combined TRACON& Tower with Radar,31,83,44,30,188,0,26,217,16,259,31,109,261,46,447,116,0,116,563
02/24/2006,FAT,CA,AWP,WE,Combined TRACON& Tower with Radar,32,77,41,7,157,0,24,188,21,233,32,101,229,28,390,42,0,42,432
02/25/2006,FAT,CA,AWP,WE,Combined TRACON& Tower with Radar,24,61,35,6,126,0,9,166,20,195,24,70,201,26,321,66,0,66,387
02/26/2006,FAT,CA,AWP,WE,Combined TRACON& Tower with Radar,30,66,31,1,128,0,7,98,5,110,30,73,129,6,238,6,0,6,244
02/27/2006,FAT,CA,AWP,WE,Combined TRACON& Tower with Radar,32,100,46,10,188,0,10,81,7,98,32,110,127,17,286,26,0,26,312
02/28/2006,FAT,CA,AWP,WE,Combined TRACON& Tower with Radar,29,86,41,20,176,0,27,126,8,161,29,113,167,28,337,160,0,160,497
03/01/2006,FAT,CA,AWP,WE,Combined TRACON& Tower with Radar,31,89,71,13,204,0,37,178,18,233,31,126,249,31,437,86,0,86,523
03/02/2006,FAT,CA,AWP,WE,Combined TRACON& Tower with Radar,30,85,58,12,185,0,28,184,13,225,30,113,242,25,410,96,0,96,506
03/03/2006,FAT,CA,AWP,WE,Combined TRACON& Tower with Radar,30,89,46,2,167,0,13,84,5,102,30,102,130,7,269,28,0,28,297
03/04/2006,FAT,CA,AWP,WE,Combined TRACON& Tower with Radar,22,74,36,33,165,0,10,133,7,150,22,84,169,40,315,10,0,10,325
03/05/2006,FAT,CA,AWP,WE,Combined TRACON& Tower with Radar,25,67,12,6,110,0,9,89,11,109,25,76,101,17,219,4,0,4,223
03/06/2006,FAT,CA,AWP,WE,Combined TRACON& Tower with Radar,29,84,47,1,161,0,14,96,3,113,29,98,143,4,274,86,0,86,360
03/07/2006,FAT,CA,AWP,WE,Combined TRACON& Tower with Radar,28,91,62,20,201,0,21,104,18,143,28,112,166,38,344,140,6,146,490
03/08/2006,FAT,CA,AWP,WE,Combined TRACON& Tower with Radar,28,91,69,15,203,0,21,163,13,197,28,112,232,28,400,24,0,24,424
03/09/2006,FAT,CA,AWP,WE,Combined TRACON& Tower with Radar,32,81,74,17,204,0,17,158,12,187,32,98,232,29,391,62,0,62,453
03/10/2006,FAT,CA,AWP,WE,Combined TRACON& Tower with Radar,32,89,48,15,184,0,18,111,9,138,32,107,159,24,322,58,6,64,386
03/11/2006,FAT,CA,AWP,WE,Combined TRACON& Tower with Radar,23,63,29,0,115,0,6,80,4,90,23,69,109,4,205,70,0,70,275
03/12/2006,FAT,CA,AWP,WE,Combined TRACON& Tower with Radar,27,69,22,4,122,0,5,75,3,83,27,74,97,7,205,52,0,52,257
03/13/2006,FAT,CA,AWP,WE,Combined TRACON& Tower with Radar,34,82,63,20,199,0,19,211,11,241,34,101,274,31,440,90,0,90,530
03/14/2006,FAT,CA,AWP,WE,Combined TRACON& Tower with Radar,35,86,67,23,211,0,12,156,8,176,35,98,223,31,387,126,0,126,513
03/15/2006,FAT,CA,AWP,WE,Combined TRACON& Tower with Radar,29,85,66,19,199,0,30,185,20,235,29,115,251,39,434,52,8,60,494
03/16/2006,FAT,CA,AWP,WE,Combined TRACON& Tower with Radar,34,85,82,11,212,0,28,210,18,256,34,113,292,29,468,60,0,60,528
03/17/2006,FAT,CA,AWP,WE,Combined TRACON& Tower with Radar,32,88,94,17,231,0,12,63,8,83,32,100,157,25,314,10,0,10,324
03/18/2006,FAT,CA,AWP,WE,Combined TRACON& Tower with Radar,25,74,30,2,131,0,4,92,3,99,25,78,122,5,230,20,0,20,250
03/19/2006,FAT,CA,AWP,WE,Combined TRACON& Tower with Radar,26,77,55,4,162,0,14,142,9,165,26,91,197,13,327,28,0,28,355
03/20/2006,FAT,CA,AWP,WE,Combined TRACON& Tower with Radar,31,84,95,32,242,0,17,90,6,113,31,101,185,38,355,106,0,106,461
03/21/2006,FAT,CA,AWP,WE,Combined TRACON& Tower with Radar,31,90,81,16,218,0,18,158,11,187,31,108,239,27,405,28,0,28,433
03/22/2006,FAT,CA,AWP,WE,Combined TRACON& Tower with Radar,32,82,45,15,174,0,24,215,17,256,32,106,260,32,430,78,0,78,508
03/23/2006,FAT,CA,AWP,WE,Combined TRACON& Tower with Radar,32,76,67,15,190,0,26,213,16,255,32,102,280,31,445,72,0,72,517
03/24/2006,FAT,CA,AWP,WE,Combined TRACON& Tower with Radar,32,80,56,7,175,0,24,217,19,260,32,104,273,26,435,94,0,94,529
03/25/2006,FAT,CA,AWP,WE,Combined TRACON& Tower with Radar,25,63,52,4,144,0,7,59,10,76,25,70,111,14,220,18,0,18,238
03/26/2006,FAT,CA,AWP,WE,Combined TRACON& Tower with Radar,28,69,34,3,134,0,5,148,7,160,28,74,182,10,294,20,0,20,314
03/27/2006,FAT,CA,AWP,WE,Combined TRACON& Tower with Radar,31,77,48,28,184,0,18,147,9,174,31,95,195,37,358,54,0,54,412
03/28/2006,FAT,CA,AWP,WE,Combined TRACON& Tower with Radar,29,83,61,10,183,0,12,64,10,86,29,95,125,20,269,88,6,94,363
03/29/2006,FAT,CA,AWP,WE,Combined TRACON& Tower with Radar,29,83,48,10,170,0,13,148,16,177,29,96,196,26,347,38,0,38,385
03/30/2006,FAT,CA,AWP,WE,Combined TRACON& Tower with Radar,30,80,62,14,186,0,34,220,18,272,30,114,282,32,458,38,6,44,502
03/31/2006,FAT,CA,AWP,WE,Combined TRACON& Tower with Radar,32,85,77,17,211,2,13,103,8,126,34,98,180,25,337,50,0,50,387
04/01/2006,FAT,CA,AWP,WE,Combined TRACON& Tower with Radar,26,67,41,20,154,0,9,134,17,160,26,76,175,37,314,30,0,30,344
04/02/2006,FAT,CA,AWP,WE,Combined TRACON& Tower with Radar,28,70,23,2,123,0,9,98,4,111,28,79,121,6,234,4,0,4,238
04/03/2006,FAT,CA,AWP,WE,Combined TRACON& Tower with Radar,31,91,62,2,186,0,19,65,2,86,31,110,127,4,272,74,0,74,346
04/04/2006,FAT,CA,AWP,WE,Combined TRACON& Tower with Radar,30,84,46,15,175,0,10,82,4,96,30,94,128,19,271,66,0,66,337
04/05/2006,FAT,CA,AWP,WE,Combined TRACON& Tower with Radar,33,80,88,15,216,0,12,122,6,140,33,92,210,21,356,60,0,60,416
04/06/2006,FAT,CA,AWP,WE,Combined TRACON& Tower with Radar,36,91,164,18,309,0,18,226,23,267,36,109,390,41,576,74,4,78,654
04/07/2006,FAT,CA,AWP,WE,Combined TRACON& Tower with Radar,34,78,57,22,191,0,29,218,15,262,34,107,275,37,453,66,4,70,523
04/08/2006,FAT,CA,AWP,WE,Combined TRACON& Tower with Radar,29,67,64,15,175,0,9,214,11,234,29,76,278,26,409,22,0,22,431
04/09/2006,FAT,CA,AWP,WE,Combined TRACON& Tower with Radar,28,75,41,2,146,0,7,125,1,133,28,82,166,3,279,4,0,4,283
04/10/2006,FAT,CA,AWP,WE,Combined TRACON& Tower with Radar,32,86,65,20,203,0,16,123,6,145,32,102,188,26,348,112,0,112,460
04/11/2006,FAT,CA,AWP,WE,Combined TRACON& Tower with Radar,32,77,54,19,182,0,22,124,10,156,32,99,178,29,338,24,16,40,378
04/12/2006,FAT,CA,AWP,WE,Combined TRACON& Tower with Radar,32,95,81,36,244,0,12,183,25,220,32,107,264,61,464,86,14,100,564
04/13/2006,FAT,CA,AWP,WE,Combined TRACON& Tower with Radar,31,88,87,17,223,0,21,201,46,268,31,109,288,63,491,88,2,90,581
04/14/2006,FAT,CA,AWP,WE,Combined TRACON& Tower with Radar,35,78,50,8,171,0,14,101,10,125,35,92,151,18,296,20,0,20,316
04/15/2006,FAT,CA,AWP,WE,Combined TRACON& Tower with Radar,30,62,40,3,135,0,6,109,4,119,30,68,149,7,254,8,0,8,262
04/16/2006,FAT,CA,AWP,WE,Combined TRACON& Tower with Radar,28,62,20,5,115,0,10,62,1,73,28,72,82,6,188,2,0,2,190
04/17/2006,FAT,CA,AWP,WE,Combined TRACON& Tower with Radar,30,74,61,0,165,0,29,213,11,253,30,103,274,11,418,62,2,64,482
04/18/2006,FAT,CA,AWP,WE,Combined TRACON& Tower with Radar,32,82,37,12,163,0,29,234,21,284,32,111,271,33,447,58,12,70,517
04/19/2006,FAT,CA,AWP,WE,Combined TRACON& Tower with Radar,31,83,80,12,206,0,18,219,24,261,31,101,299,36,467,30,0,30,497
04/20/2006,FAT,CA,AWP,WE,Combined TRACON& Tower with Radar,32,86,77,3,198,0,20,195,16,231,32,106,272,19,429,12,0,12,441
04/21/2006,FAT,CA,AWP,WE,Combined TRACON& Tower with Radar,32,85,73,7,197,0,20,163,15,198,32,105,236,22,395,22,2,24,419
04/22/2006,FAT,CA,AWP,WE,Combined TRACON& Tower with Radar,27,73,40,5,145,0,3,81,2,86,27,76,121,7,231,6,0,6,237
04/23/2006,FAT,CA,AWP,WE,Combined TRACON& Tower with Radar,24,72,57,7,160,0,5,38,1,44,24,77,95,8,204,0,2,2,206
04/24/2006,FAT,CA,AWP,WE,Combined TRACON& Tower with Radar,29,88,90,15,222,0,16,155,17,188,29,104,245,32,410,42,8,50,460
04/25/2006,FAT,CA,AWP,WE,Combined TRACON& Tower with Radar,28,83,70,11,192,0,18,140,12,170,28,101,210,23,362,36,0,36,398
04/26/2006,FAT,CA,AWP,WE,Combined TRACON& Tower with Radar,28,86,106,14,234,0,9,94,8,111,28,95,200,22,345,78,0,78,423
04/27/2006,FAT,CA,AWP,WE,Combined TRACON& Tower with Radar,35,84,94,11,224,0,18,164,21,203,35,102,258,32,427,118,2,120,547
04/28/2006,FAT,CA,AWP,WE,Combined TRACON& Tower with Radar,34,81,88,16,219,0,17,249,24,290,34,98,337,40,509,64,12,76,585
04/29/2006,FAT,CA,AWP,WE,Combined TRACON& Tower with Radar,28,63,28,21,140,0,16,154,7,177,28,79,182,28,317,18,16,34,351
04/30/2006,FAT,CA,AWP,WE,Combined TRACON& Tower with Radar,26,69,40,8,143,0,6,117,10,133,26,75,157,18,276,94,0,94,370
05/01/2006,FAT,CA,AWP,WE,Combined TRACON& Tower with Radar,29,73,39,3,144,0,20,204,15,239,29,93,243,18,383,46,0,46,429
05/02/2006,FAT,CA,AWP,WE,Combined TRACON& Tower with Radar,28,79,56,12,175,0,26,224,18,268,28,105,280,30,443,22,0,22,465
05/03/2006,FAT,CA,AWP,WE,Combined TRACON& Tower with Radar,29,88,58,9,184,0,22,160,21,203,29,110,218,30,387,36,0,36,423
05/04/2006,FAT,CA,AWP,WE,Combined TRACON& Tower with Radar,34,83,58,14,189,0,22,163,12,197,34,105,221,26,386,62,0,62,448
05/05/2006,FAT,CA,AWP,WE,Combined TRACON& Tower with Radar,32,81,49,9,171,0,26,229,24,279,32,107,278,33,450,22,8,30,480
05/06/2006,FAT,CA,AWP,WE,Combined TRACON& Tower with Radar,28,64,24,9,125,0,10,156,14,180,28,74,180,23,305,40,6,46,351
05/07/2006,FAT,CA,AWP,WE,Combined TRACON& Tower with Radar,25,80,21,1,127,0,7,137,7,151,25,87,158,8,278,24,0,24,302
05/08/2006,FAT,CA,AWP,WE,Combined TRACON& Tower with Radar,31,75,67,0,173,0,24,193,3,220,31,99,260,3,393,60,0,60,453
05/09/2006,FAT,CA,AWP,WE,Combined TRACON& Tower with Radar,31,86,51,34,202,0,15,186,31,232,31,101,237,65,434,96,0,96,530
05/10/2006,FAT,CA,AWP,WE,Combined TRACON& Tower with Radar,31,84,43,18,176,1,21,236,20,278,32,105,279,38,454,46,0,46,500
05/11/2006,FAT,CA,AWP,WE,Combined TRACON& Tower with Radar,33,84,77,22,216,0,14,235,17,266,33,98,312,39,482,54,20,74,556
05/12/2006,FAT,CA,AWP,WE,Combined TRACON& Tower with Radar,32,88,113,19,252,0,21,200,23,244,32,109,313,42,496,24,8,32,528
05/13/2006,FAT,CA,AWP,WE,Combined TRACON& Tower with Radar,27,63,23,5,118,0,16,177,15,208,27,79,200,20,326,48,0,48,374
05/14/2006,FAT,CA,AWP,WE,Combined TRACON& Tower with Radar,25,79,17,0,121,0,4,109,2,115,25,83,126,2,236,6,0,6,242
05/15/2006,FAT,CA,AWP,WE,Combined TRACON& Tower with Radar,30,76,51,21,178,0,23,179,21,223,30,99,230,42,401,72,0,72,473
05/16/2006,FAT,CA,AWP,WE,Combined TRACON& Tower with Radar,28,84,62,20,194,0,17,236,15,268,28,101,298,35,462,38,0,38,500
05/17/2006,FAT,CA,AWP,WE,Combined TRACON& Tower with Radar,29,82,43,42,196,0,19,225,31,275,29,101,268,73,471,60,0,60,531
05/18/2006,FAT,CA,AWP,WE,Combined TRACON& Tower with Radar,32,84,66,24,206,0,20,265,20,305,32,104,331,44,511,46,0,46,557
05/19/2006,FAT,CA,AWP,WE,Combined TRACON& Tower with Radar,32,91,59,37,219,0,25,221,36,282,32,116,280,73,501,70,8,78,579
05/20/2006,FAT,CA,AWP,WE,Combined TRACON& Tower with Radar,29,69,48,5,151,0,11,164,17,192,29,80,212,22,343,38,0,38,381
05/21/2006,FAT,CA,AWP,WE,Combined TRACON& Tower with Radar,25,84,31,1,141,0,7,69,21,97,25,91,100,22,238,0,0,0,238
05/22/2006,FAT,CA,AWP,WE,Combined TRACON& Tower with Radar,29,80,54,12,175,0,14,146,8,168,29,94,200,20,343,14,10,24,367
05/23/2006,FAT,CA,AWP,WE,Combined TRACON& Tower with Radar,28,89,61,8,186,0,18,199,16,233,28,107,260,24,419,76,0,76,495
05/24/2006,FAT,CA,AWP,WE,Combined TRACON& Tower with Radar,31,91,61,16,199,0,20,224,11,255,31,111,285,27,454,134,6,140,594
05/25/2006,FAT,CA,AWP,WE,Combined TRACON& Tower with Radar,32,85,45,7,169,0,19,220,21,260,32,104,265,28,429,36,18,54,483
05/26/2006,FAT,CA,AWP,WE,Combined TRACON& Tower with Radar,35,86,59,3,183,0,16,215,19,250,35,102,274,22,433,26,0,26,459
05/27/2006,FAT,CA,AWP,WE,Combined TRACON& Tower with Radar,27,63,15,10,115,0,8,134,9,151,27,71,149,19,266,36,0,36,302
05/28/2006,FAT,CA,AWP,WE,Combined TRACON& Tower with Radar,28,67,18,7,120,0,6,130,13,149,28,73,148,20,269,24,0,24,293
05/29/2006,FAT,CA,AWP,WE,Combined TRACON& Tower with Radar,29,77,19,1,126,0,13,157,9,179,29,90,176,10,305,14,2,16,321
05/30/2006,FAT,CA,AWP,WE,Combined TRACON& Tower with Radar,31,76,28,30,165,0,16,209,19,244,31,92,237,49,409,72,8,80,489
05/31/2006,FAT,CA,AWP,WE,Combined TRACON& Tower with Radar,33,83,72,11,199,0,19,218,33,270,33,102,290,44,469,126,8,134,603
06/01/2006,FAT,CA,AWP,WE,Combined TRACON& Tower with Radar,30,86,62,19,197,0,24,209,28,261,30,110,271,47,458,8,0,8,466
06/02/2006,FAT,CA,AWP,WE,Combined TRACON& Tower with Radar,31,82,60,22,195,0,27,228,32,287,31,109,288,54,482,30,16,46,528
06/03/2006,FAT,CA,AWP,WE,Combined TRACON& Tower with Radar,22,70,21,6,119,0,15,167,23,205,22,85,188,29,324,88,0,88,412
06/04/2006,FAT,CA,AWP,WE,Combined TRACON& Tower with Radar,24,90,21,6,141,0,10,130,21,161,24,100,151,27,302,0,0,0,302
06/05/2006,FAT,CA,AWP,WE,Combined TRACON& Tower with Radar,26,91,23,10,150,0,16,208,16,240,26,107,231,26,390,82,20,102,492
06/06/2006,FAT,CA,AWP,WE,Combined TRACON& Tower with Radar,24,97,40,19,180,0,29,264,29,322,24,126,304,48,502,56,2,58,560
06/07/2006,FAT,CA,AWP,WE,Combined TRACON& Tower with Radar,27,90,64,11,192,0,31,218,23,272,27,121,282,34,464,24,0,24,488
06/08/2006,FAT,CA,AWP,WE,Combined TRACON& Tower with Radar,56,65,55,14,190,0,25,188,28,241,56,90,243,42,431,8,0,8,439
06/09/2006,FAT,CA,AWP,WE,Combined TRACON& Tower with Radar,56,65,46,19,186,0,28,249,21,298,56,93,295,40,484,106,0,106,590
06/10/2006,FAT,CA,AWP,WE,Combined TRACON& Tower with Radar,48,52,30,9,139,0,21,183,8,212,48,73,213,17,351,60,0,60,411
06/11/2006,FAT,CA,AWP,WE,Combined TRACON& Tower with Radar,51,50,29,3,133,0,12,118,6,136,51,62,147,9,269,34,0,34,303
06/12/2006,FAT,CA,AWP,WE,Combined TRACON& Tower with Radar,52,63,61,30,206,0,19,227,14,260,52,82,288,44,466,38,0,38,504
06/13/2006,FAT,CA,AWP,WE,Combined TRACON& Tower with Radar,50,62,72,16,200,0,29,183,17,229,50,91,255,33,429,26,0,26,455
06/14/2006,FAT,CA,AWP,WE,Combined TRACON& Tower with Radar,53,67,45,14,179,0,29,243,30,302,53,96,288,44,481,32,14,46,527
06/15/2006,FAT,CA,AWP,WE,Combined TRACON& Tower with Radar,53,61,71,12,197,0,22,228,45,295,53,83,299,57,492,62,0,62,554
06/16/2006,FAT,CA,AWP,WE,Combined TRACON& Tower with Radar,57,57,48,8,170,0,28,230,25,283,57,85,278,33,453,50,24,74,527
06/17/2006,FAT,CA,AWP,WE,Combined TRACON& Tower with Radar,52,53,49,14,168,0,24,187,15,226,52,77,236,29,394,10,0,10,404
06/18/2006,FAT,CA,AWP,WE,Combined TRACON& Tower with Radar,52,53,31,7,143,0,4,102,9,115,52,57,133,16,258,4,0,4,262
06/19/2006,FAT,CA,AWP,WE,Combined TRACON& Tower with Radar,55,58,52,34,199,0,21,206,14,241,55,79,258,48,440,36,2,38,478
06/20/2006,FAT,CA,AWP,WE,Combined TRACON& Tower with Radar,49,62,42,9,162,0,20,217,22,259,49,82,259,31,421,76,24,100,521
06/21/2006,FAT,CA,AWP,WE,Combined TRACON& Tower with Radar,54,66,58,16,194,0,21,238,17,276,54,87,296,33,470,44,10,54,524
06/22/2006,FAT,CA,AWP,WE,Combined TRACON& Tower with Radar,55,58,60,20,193,0,18,200,45,263,55,76,260,65,456,16,20,36,492
06/23/2006,FAT,CA,AWP,WE,Combined TRACON& Tower with Radar,56,63,64,11,194,0,35,191,14,240,56,98,255,25,434,70,0,70,504
06/24/2006,FAT,CA,AWP,WE,Combined TRACON& Tower with Radar,50,47,21,10,128,0,13,133,4,150,50,60,154,14,278,18,0,18,296
06/25/2006,FAT,CA,AWP,WE,Combined TRACON& Tower with Radar,50,50,14,3,117,0,15,139,9,163,50,65,153,12,280,36,18,54,334
06/26/2006,FAT,CA,AWP,WE,Combined TRACON& Tower with Radar,53,58,34,1,146,0,33,244,14,291,53,91,278,15,437,36,0,36,473
06/27/2006,FAT,CA,AWP,WE,Combined TRACON& Tower with Radar,51,69,48,6,174,0,28,187,15,230,51,97,235,21,404,36,0,36,440
06/28/2006,FAT,CA,AWP,WE,Combined TRACON& Tower with Radar,53,73,63,10,199,0,20,227,23,270,53,93,290,33,469,58,6,64,533
06/29/2006,FAT,CA,AWP,WE,Combined TRACON& Tower with Radar,53,64,45,14,176,0,32,229,27,288,53,96,274,41,464,54,8,62,526
06/30/2006,FAT,CA,AWP,WE,Combined TRACON& Tower with Radar,57,60,38,26,181,0,20,227,29,276,57,80,265,55,457,26,10,36,493
07/01/2006,FAT,CA,AWP,WE,Combined TRACON& Tower with Radar,46,47,26,26,145,0,17,198,9,224,46,64,224,35,369,6,6,12,381
07/02/2006,FAT,CA,AWP,WE,Combined TRACON& Tower with Radar,50,45,13,1,109,0,8,99,4,111,50,53,112,5,220,0,0,0,220
07/03/2006,FAT,CA,AWP,WE,Combined TRACON& Tower with Radar,51,53,14,2,120,0,24,160,12,196,51,77,174,14,316,22,0,22,338
07/04/2006,FAT,CA,AWP,WE,Combined TRACON& Tower with Radar,44,43,10,5,102,2,8,158,12,180,46,51,168,17,282,40,0,40,322
07/05/2006,FAT,CA,AWP,WE,Combined TRACON& Tower with Radar,51,61,40,33,185,0,21,187,19,227,51,82,227,52,412,24,4,28,440
07/06/2006,FAT,CA,AWP,WE,Combined TRACON& Tower with Radar,55,61,54,27,197,0,22,173,31,226,55,83,227,58,423,10,0,10,433
07/07/2006,FAT,CA,AWP,WE,Combined TRACON& Tower with Radar,57,65,27,9,158,0,22,195,29,246,57,87,222,38,404,14,0,14,418
07/08/2006,FAT,CA,AWP,WE,Combined TRACON& Tower with Radar,49,53,21,23,146,0,7,157,24,188,49,60,178,47,334,48,12,60,394
07/09/2006,FAT,CA,AWP,WE,Combined TRACON& Tower with Radar,51,48,11,4,114,0,15,122,7,144,51,63,133,11,258,4,0,4,262
07/10/2006,FAT,CA,AWP,WE,Combined TRACON& Tower with Radar,52,56,33,4,145,0,26,166,16,208,52,82,199,20,353,24,12,36,389
07/11/2006,FAT,CA,AWP,WE,Combined TRACON& Tower with Radar,50,62,58,13,183,0,19,193,29,241,50,81,251,42,424,46,0,46,470
07/12/2006,FAT,CA,AWP,WE,Combined TRACON& Tower with Radar,51,57,45,10,163,0,24,207,23,254,51,81,252,33,417,8,0,8,425
07/13/2006,FAT,CA,AWP,WE,Combined TRACON& Tower with Radar,54,65,43,7,169,0,34,212,34,280,54,99,255,41,449,54,10,64,513
07/14/2006,FAT,CA,AWP,WE,Combined TRACON& Tower with Radar,54,65,52,14,185,0,20,205,24,249,54,85,257,38,434,14,2,16,450
07/15/2006,FAT,CA,AWP,WE,Combined TRACON& Tower with Radar,49,48,25,4,126,0,14,131,9,154,49,62,156,13,280,0,0,0,280
07/16/2006,FAT,CA,AWP,WE,Combined TRACON& Tower with Radar,48,52,28,5,133,6,8,122,10,146,54,60,150,15,279,6,0,6,285
07/17/2006,FAT,CA,AWP,WE,Combined TRACON& Tower with Radar,52,59,39,6,156,0,24,189,9,222,52,83,228,15,378,16,0,16,394
07/18/2006,FAT,CA,AWP,WE,Combined TRACON& Tower with Radar,49,65,57,5,176,0,30,171,18,219,49,95,228,23,395,50,0,50,445
07/19/2006,FAT,CA,AWP,WE,Combined TRACON& Tower with Radar,56,59,46,7,168,0,29,165,24,218,56,88,211,31,386,56,6,62,448
07/20/2006,FAT,CA,AWP,WE,Combined TRACON& Tower with Radar,54,63,80,19,216,0,23,183,14,220,54,86,263,33,436,12,0,12,448
07/21/2006,FAT,CA,AWP,WE,Combined TRACON& Tower with Radar,56,59,50,11,176,0,21,194,12,227,56,80,244,23,403,66,6,72,475
07/22/2006,FAT,CA,AWP,WE,Combined TRACON& Tower with Radar,50,47,13,12,122,0,16,148,10,174,50,63,161,22,296,30,0,30,326
07/23/2006,FAT,CA,AWP,WE,Combined TRACON& Tower with Radar,48,51,12,7,118,0,14,177,12,203,48,65,189,19,321,62,0,62,383
07/24/2006,FAT,CA,AWP,WE,Combined TRACON& Tower with Radar,50,63,60,9,182,0,25,241,26,292,50,88,301,35,474,74,0,74,548
07/25/2006,FAT,CA,AWP,WE,Combined TRACON& Tower with Radar,52,62,55,9,178,0,29,205,25,259,52,91,260,34,437,90,0,90,527
07/26/2006,FAT,CA,AWP,WE,Combined TRACON& Tower with Radar,53,60,44,4,161,0,24,173,25,222,53,84,217,29,383,84,0,84,467
07/27/2006,FAT,CA,AWP,WE,Combined TRACON& Tower with Radar,54,71,68,18,211,0,18,187,26,231,54,89,255,44,442,114,0,114,556
07/28/2006,FAT,CA,AWP,WE,Combined TRACON& Tower with Radar,56,64,55,24,199,0,25,244,16,285,56,89,299,40,484,76,0,76,560
07/29/2006,FAT,CA,AWP,WE,Combined TRACON& Tower with Radar,48,45,16,13,122,0,6,168,9,183,48,51,184,22,305,74,0,74,379
07/30/2006,FAT,CA,AWP,WE,Combined TRACON& Tower with Radar,47,53,13,4,117,0,10,144,6,160,47,63,157,10,277,52,0,52,329
07/31/2006,FAT,CA,AWP,WE,Combined TRACON& Tower with Radar,53,57,57,5,172,0,16,182,12,210,53,73,239,17,382,106,4,110,492
08/01/2006,FAT,CA,AWP,WE,Combined TRACON& Tower with Radar,50,64,53,19,186,0,21,195,13,229,50,85,248,32,415,108,0,108,523
08/02/2006,FAT,CA,AWP,WE,Combined TRACON& Tower with Radar,54,65,88,24,231,0,21,208,20,249,54,86,296,44,480,100,8,108,588
08/03/2006,FAT,CA,AWP,WE,Combined TRACON& Tower with Radar,55,56,62,24,197,0,17,212,24,253,55,73,274,48,450,96,12,108,558
08/04/2006,FAT,CA,AWP,WE,Combined TRACON& Tower with Radar,53,61,76,8,198,0,22,178,26,226,53,83,254,34,424,84,0,84,508
08/05/2006,FAT,CA,AWP,WE,Combined TRACON& Tower with Radar,49,49,17,12,127,0,10,142,19,171,49,59,159,31,298,68,2,70,368
08/06/2006,FAT,CA,AWP,WE,Combined TRACON& Tower with Radar,51,48,47,0,146,0,15,127,15,157,51,63,174,15,303,74,0,74,377
08/07/2006,FAT,CA,AWP,WE,Combined TRACON& Tower with Radar,53,53,39,2,147,0,14,161,11,186,53,67,200,13,333,112,14,126,459
08/08/2006,FAT,CA,AWP,WE,Combined TRACON& Tower with Radar,49,61,87,27,224,0,25,176,29,230,49,86,263,56,454,140,0,140,594
08/09/2006,FAT,CA,AWP,WE,Combined TRACON& Tower with Radar,53,63,44,23,183,0,34,237,43,314,53,97,281,66,497,114,14,128,625
08/10/2006,FAT,CA,AWP,WE,Combined TRACON& Tower with Radar,54,65,57,20,196,0,23,249,37,309,54,88,306,57,505,88,8,96,601
08/11/2006,FAT,CA,AWP,WE,Combined TRACON& Tower with Radar,56,66,47,19,188,0,16,216,22,254,56,82,263,41,442,76,4,80,522
08/12/2006,FAT,CA,AWP,WE,Combined TRACON& Tower with Radar,48,49,26,0,123,0,9,161,14,184,48,58,187,14,307,46,0,46,353
08/13/2006,FAT,CA,AWP,WE,Combined TRACON& Tower with Radar,50,57,21,5,133,0,8,146,11,165,50,65,167,16,298,74,0,74,372
08/14/2006,FAT,CA,AWP,WE,Combined TRACON& Tower with Radar,49,52,45,23,169,0,29,187,20,236,49,81,232,43,405,78,18,96,501
08/15/2006,FAT,CA,AWP,WE,Combined TRACON& Tower with Radar,53,62,59,20,194,0,25,197,33,255,53,87,256,53,449,88,0,88,537
08/16/2006,FAT,CA,AWP,WE,Combined TRACON& Tower with Radar,54,61,49,37,201,0,21,212,29,262,54,82,261,66,463,70,6,76,539
08/17/2006,FAT,CA,AWP,WE,Combined TRACON& Tower with Radar,54,64,45,22,185,0,19,213,23,255,54,83,258,45,440,72,0,72,512
08/18/2006,FAT,CA,AWP,WE,Combined TRACON& Tower with Radar,55,69,76,14,214,0,23,224,20,267,55,92,300,34,481,118,16,134,615
08/19/2006,FAT,CA,AWP,WE,Combined TRACON& Tower with Radar,49,54,27,3,133,0,13,147,3,163,49,67,174,6,296,72,0,72,368
08/20/2006,FAT,CA,AWP,WE,Combined TRACON& Tower with Radar,52,54,25,5,136,0,10,144,6,160,52,64,169,11,296,30,0,30,326
08/21/2006,FAT,CA,AWP,WE,Combined TRACON& Tower with Radar,53,59,54,23,189,0,23,268,23,314,53,82,322,46,503,70,0,70,573
08/22/2006,FAT,CA,AWP,WE,Combined TRACON& Tower with Radar,49,76,74,20,219,0,26,273,22,321,49,102,347,42,540,110,0,110,650
08/23/2006,FAT,CA,AWP,WE,Combined TRACON& Tower with Radar,51,63,66,31,211,0,22,255,34,311,51,85,321,65,522,96,0,96,618
08/24/2006,FAT,CA,AWP,WE,Combined TRACON& Tower with Radar,51,66,66,18,201,0,31,266,22,319,51,97,332,40,520,88,0,88,608
08/25/2006,FAT,CA,AWP,WE,Combined TRACON& Tower with Radar,62,68,47,13,190,0,25,232,21,278,62,93,279,34,468,70,0,70,538
08/26/2006,FAT,CA,AWP,WE,Combined TRACON& Tower with Radar,48,49,27,3,127,0,19,160,11,190,48,68,187,14,317,64,0,64,381
08/27/2006,FAT,CA,AWP,WE,Combined TRACON& Tower with Radar,50,53,33,2,138,0,14,156,17,187,50,67,189,19,325,46,0,46,371
08/28/2006,FAT,CA,AWP,WE,Combined TRACON& Tower with Radar,52,61,35,24,172,0,21,203,11,235,52,82,238,35,407,86,0,86,493
08/29/2006,FAT,CA,AWP,WE,Combined TRACON& Tower with Radar,52,62,36,11,161,0,32,258,26,316,52,94,294,37,477,80,12,92,569
08/30/2006,FAT,CA,AWP,WE,Combined TRACON& Tower with Radar,53,68,63,17,201,0,26,221,30,277,53,94,284,47,478,56,0,56,534
08/31/2006,FAT,CA,AWP,WE,Combined TRACON& Tower with Radar,56,60,50,12,178,0,23,222,27,272,56,83,272,39,450,74,0,74,524
09/01/2006,FAT,CA,AWP,WE,Combined TRACON& Tower with Radar,58,71,47,19,195,0,25,246,22,293,58,96,293,41,488,114,2,116,604
09/02/2006,FAT,CA,AWP,WE,Combined TRACON& Tower with Radar,46,39,35,8,128,0,19,178,9,206,46,58,213,17,334,66,0,66,400
09/03/2006,FAT,CA,AWP,WE,Combined TRACON& Tower with Radar,47,41,8,8,104,0,13,107,7,127,47,54,115,15,231,66,0,66,297
09/04/2006,FAT,CA,AWP,WE,Combined TRACON& Tower with Radar,49,65,27,3,144,0,7,175,10,192,49,72,202,13,336,94,0,94,430
09/05/2006,FAT,CA,AWP,WE,Combined TRACON& Tower with Radar,49,55,41,13,158,0,18,185,11,214,49,73,226,24,372,94,12,106,478
09/06/2006,FAT,CA,AWP,WE,Combined TRACON& Tower with Radar,56,61,46,17,180,0,26,202,35,263,56,87,248,52,443,96,0,96,539
09/07/2006,FAT,CA,AWP,WE,Combined TRACON& Tower with Radar,57,58,65,9,189,0,21,213,30,264,57,79,278,39,453,98,0,98,551
09/08/2006,FAT,CA,AWP,WE,Combined TRACON& Tower with Radar,56,56,39,9,160,1,26,192,20,239,57,82,231,29,399,72,0,72,471
09/09/2006,FAT,CA,AWP,WE,Combined TRACON& Tower with Radar,50,40,58,20,168,0,17,160,22,199,50,57,218,42,367,74,0,74,441
09/10/2006,FAT,CA,AWP,WE,Combined TRACON& Tower with Radar,68,56,21,5,150,0,9,141,13,163,68,65,162,18,313,74,0,74,387
09/11/2006,FAT,CA,AWP,WE,Combined TRACON& Tower with Radar,53,60,32,13,158,0,22,197,19,238,53,82,229,32,396,70,0,70,466
09/12/2006,FAT,CA,AWP,WE,Combined TRACON& Tower with Radar,48,61,53,22,184,0,18,208,30,256,48,79,261,52,440,90,0,90,530
09/13/2006,FAT,CA,AWP,WE,Combined TRACON& Tower with Radar,56,62,26,24,168,0,20,199,35,254,56,82,225,59,422,108,0,108,530
09/14/2006,FAT,CA,AWP,WE,Combined TRACON& Tower with Radar,53,58,72,42,225,0,22,183,38,243,53,80,255,80,468,120,6,126,594
09/15/2006,FAT,CA,AWP,WE,Combined TRACON& Tower with Radar,58,59,49,16,182,0,23,183,18,224,58,82,232,34,406,132,0,132,538
09/16/2006,FAT,CA,AWP,WE,Combined TRACON& Tower with Radar,52,41,18,7,118,0,9,170,10,189,52,50,188,17,307,78,0,78,385
09/17/2006,FAT,CA,AWP,WE,Combined TRACON& Tower with Radar,50,53,37,12,152,0,6,137,11,154,50,59,174,23,306,56,4,60,366
09/18/2006,FAT,CA,AWP,WE,Combined TRACON& Tower with Radar,53,57,38,16,164,0,23,193,26,242,53,80,231,42,406,92,0,92,498
09/19/2006,FAT,CA,AWP,WE,Combined TRACON& Tower with Radar,49,61,58,17,185,0,19,171,30,220,49,80,229,47,405,84,0,84,489
09/20/2006,FAT,CA,AWP,WE,Combined TRACON& Tower with Radar,57,57,46,12,172,0,23,168,33,224,57,80,214,45,396,94,0,94,490
09/21/2006,FAT,CA,AWP,WE,Combined TRACON& Tower with Radar,56,60,50,17,183,0,22,187,29,238,56,82,237,46,421,76,12,88,509
09/22/2006,FAT,CA,AWP,WE,Combined TRACON& Tower with Radar,57,58,32,20,167,0,13,189,38,240,57,71,221,58,407,76,8,84,491
09/23/2006,FAT,CA,AWP,WE,Combined TRACON& Tower with Radar,50,37,8,6,101,0,15,117,8,140,50,52,125,14,241,52,0,52,293
09/24/2006,FAT,CA,AWP,WE,Combined TRACON& Tower with Radar,61,53,27,4,145,0,11,145,8,164,61,64,172,12,309,66,0,66,375
09/25/2006,FAT,CA,AWP,WE,Combined TRACON& Tower with Radar,49,57,55,9,170,0,24,162,18,204,49,81,217,27,374,90,2,92,466
09/26/2006,FAT,CA,AWP,WE,Combined TRACON& Tower with Radar,50,65,47,18,180,0,25,186,41,252,50,90,233,59,432,86,0,86,518
09/27/2006,FAT,CA,AWP,WE,Combined TRACON& Tower with Radar,56,60,65,10,191,0,25,197,30,252,56,85,262,40,443,78,0,78,521
09/28/2006,FAT,CA,AWP,WE,Combined TRACON& Tower with Radar,52,73,49,2,176,0,20,159,24,203,52,93,208,26,379,76,0,76,455
09/29/2006,FAT,CA,AWP,WE,Combined TRACON& Tower with Radar,58,58,44,26,186,0,23,169,11,203,58,81,213,37,389,76,8,84,473
09/30/2006,FAT,CA,AWP,WE,Combined TRACON& Tower with Radar,48,37,20,7,112,0,9,108,10,127,48,46,128,17,239,36,0,36,275
10/01/2006,FAT,CA,AWP,WE,Combined TRACON& Tower with Radar,51,49,29,7,136,0,14,130,15,159,51,63,159,22,295,52,0,52,347
10/02/2006,FAT,CA,AWP,WE,Combined TRACON& Tower with Radar,52,67,65,23,207,0,5,75,1,81,52,72,140,24,288,82,0,82,370
10/03/2006,FAT,CA,AWP,WE,Combined TRACON& Tower with Radar,51,73,111,29,264,0,14,91,6,111,51,87,202,35,375,66,0,66,441
10/04/2006,FAT,CA,AWP,WE,Combined TRACON& Tower with Radar,56,60,53,16,185,0,21,172,20,213,56,81,225,36,398,74,0,74,472
10/05/2006,FAT,CA,AWP,WE,Combined TRACON& Tower with Radar,59,70,67,18,214,0,18,106,13,137,59,88,173,31,351,82,38,120,471
10/06/2006,FAT,CA,AWP,WE,Combined TRACON& Tower with Radar,53,71,81,16,221,0,17,150,12,179,53,88,231,28,400,98,0,98,498
10/07/2006,FAT,CA,AWP,WE,Combined TRACON& Tower with Radar,48,35,27,2,112,0,16,154,4,174,48,51,181,6,286,62,0,62,348
10/08/2006,FAT,CA,AWP,WE,Combined TRACON& Tower with Radar,52,51,36,0,139,0,6,130,8,144,52,57,166,8,283,72,0,72,355
10/09/2006,FAT,CA,AWP,WE,Combined TRACON& Tower with Radar,54,51,42,2,149,0,13,156,9,178,54,64,198,11,327,66,0,66,393
10/10/2006,FAT,CA,AWP,WE,Combined TRACON& Tower with Radar,55,66,44,14,179,0,21,181,19,221,55,87,225,33,400,80,36,116,516
10/11/2006,FAT,CA,AWP,WE,Combined TRACON& Tower with Radar,56,65,35,18,174,0,18,184,25,227,56,83,219,43,401,86,10,96,497
10/12/2006,FAT,CA,AWP,WE,Combined TRACON& Tower with Radar,56,75,61,18,210,0,19,174,30,223,56,94,235,48,433,68,24,92,525
10/13/2006,FAT,CA,AWP,WE,Combined TRACON& Tower with Radar,57,63,55,12,187,0,20,155,11,186,57,83,210,23,373,84,0,84,457
10/14/2006,FAT,CA,AWP,WE,Combined TRACON& Tower with Radar,47,40,46,15,148,0,13,127,7,147,47,53,173,22,295,52,0,52,347
10/15/2006,FAT,CA,AWP,WE,Combined TRACON& Tower with Radar,51,51,35,0,137,0,9,125,13,147,51,60,160,13,284,96,0,96,380
10/16/2006,FAT,CA,AWP,WE,Combined TRACON& Tower with Radar,52,64,42,4,162,0,18,149,13,180,52,82,191,17,342,82,0,82,424
10/17/2006,FAT,CA,AWP,WE,Combined TRACON& Tower with Radar,51,61,40,13,165,0,20,153,26,199,51,81,193,39,364,82,14,96,460
10/18/2006,FAT,CA,AWP,WE,Combined TRACON& Tower with Radar,55,59,61,10,185,0,23,211,29,263,55,82,272,39,448,96,0,96,544
10/19/2006,FAT,CA,AWP,WE,Combined TRACON& Tower with Radar,56,58,83,9,206,0,23,225,21,269,56,81,308,30,475,104,0,104,579
10/20/2006,FAT,CA,AWP,WE,Combined TRACON& Tower with Radar,54,63,58,12,187,0,22,243,18,283,54,85,301,30,470,126,2,128,598
10/21/2006,FAT,CA,AWP,WE,Combined TRACON& Tower with Radar,47,38,69,2,156,0,6,192,7,205,47,44,261,9,361,80,0,80,441
10/22/2006,FAT,CA,AWP,WE,Combined TRACON& Tower with Radar,53,54,37,4,148,0,6,172,12,190,53,60,209,16,338,70,0,70,408
10/23/2006,FAT,CA,AWP,WE,Combined TRACON& Tower with Radar,51,57,50,12,170,0,26,192,20,238,51,83,242,32,408,78,12,90,498
10/24/2006,FAT,CA,AWP,WE,Combined TRACON& Tower with Radar,51,56,34,5,146,0,17,140,28,185,51,73,174,33,331,78,2,80,411
10/25/2006,FAT,CA,AWP,WE,Combined TRACON& Tower with Radar,55,60,54,5,174,0,22,176,25,223,55,82,230,30,397,56,0,56,453
10/26/2006,FAT,CA,AWP,WE,Combined TRACON& Tower with Radar,53,61,55,21,190,0,21,194,35,250,53,82,249,56,440,76,18,94,534
10/27/2006,FAT,CA,AWP,WE,Combined TRACON& Tower with Radar,53,61,95,8,217,0,28,186,27,241,53,89,281,35,458,72,0,72,530
10/28/2006,FAT,CA,AWP,WE,Combined TRACON& Tower with Radar,48,39,11,2,100,0,7,149,13,169,48,46,160,15,269,48,0,48,317
10/29/2006,FAT,CA,AWP,WE,Combined TRACON& Tower with Radar,49,47,27,4,127,0,9,100,4,113,49,56,127,8,240,46,0,46,286
10/30/2006,FAT,CA,AWP,WE,Combined TRACON& Tower with Radar,54,57,49,6,166,0,31,155,26,212,54,88,204,32,378,70,0,70,448
10/31/2006,FAT,CA,AWP,WE,Combined TRACON& Tower with Radar,50,62,42,9,163,0,22,194,36,252,50,84,236,45,415,90,0,90,505
11/01/2006,FAT,CA,AWP,WE,Combined TRACON& Tower with Radar,55,69,42,21,187,0,21,162,25,208,55,90,204,46,395,88,24,112,507
11/02/2006,FAT,CA,AWP,WE,Combined TRACON& Tower with Radar,56,71,84,17,228,0,21,182,23,226,56,92,266,40,454,54,10,64,518
11/03/2006,FAT,CA,AWP,WE,Combined TRACON& Tower with Radar,53,67,62,17,199,0,16,151,34,201,53,83,213,51,400,76,10,86,486
11/04/2006,FAT,CA,AWP,WE,Combined TRACON& Tower with Radar,44,40,54,17,155,0,4,69,10,83,44,44,123,27,238,50,0,50,288
11/05/2006,FAT,CA,AWP,WE,Combined TRACON& Tower with Radar,48,43,64,11,166,0,6,85,5,96,48,49,149,16,262,84,38,122,384
11/06/2006,FAT,CA,AWP,WE,Combined TRACON& Tower with Radar,53,58,46,20,177,0,16,147,26,189,53,74,193,46,366,50,4,54,420
11/07/2006,FAT,CA,AWP,WE,Combined TRACON& Tower with Radar,48,57,53,19,177,0,14,127,18,159,48,71,180,37,336,58,18,76,412
11/08/2006,FAT,CA,AWP,WE,Combined TRACON& Tower with Radar,50,75,110,30,265,0,11,124,13,148,50,86,234,43,413,62,0,62,475
11/09/2006,FAT,CA,AWP,WE,Combined TRACON& Tower with Radar,55,58,48,4,165,0,13,163,18,194,55,71,211,22,359,72,0,72,431
11/10/2006,FAT,CA,AWP,WE,Combined TRACON& Tower with Radar,61,70,37,0,168,0,26,188,14,228,61,96,225,14,396,60,0,60,456
11/11/2006,FAT,CA,AWP,WE,Combined TRACON& Tower with Radar,49,33,66,3,151,0,9,50,7,66,49,42,116,10,217,66,0,66,283
11/12/2006,FAT,CA,AWP,WE,Combined TRACON& Tower with Radar,48,43,39,1,131,0,7,83,10,100,48,50,122,11,231,48,0,48,279
11/13/2006,FAT,CA,AWP,WE,Combined TRACON& Tower with Radar,49,54,39,34,176,0,15,80,6,101,49,69,119,40,277,62,4,66,343
11/14/2006,FAT,CA,AWP,WE,Combined TRACON& Tower with Radar,50,67,49,15,181,0,16,106,12,134,50,83,155,27,315,60,10,70,385
11/15/2006,FAT,CA,AWP,WE,Combined TRACON& Tower with Radar,56,82,56,20,214,0,17,139,18,174,56,99,195,38,388,58,0,58,446
11/16/2006,FAT,CA,AWP,WE,Combined TRACON& Tower with Radar,50,75,52,15,192,0,10,123,24,157,50,85,175,39,349,72,8,80,429
11/17/2006,FAT,CA,AWP,WE,Combined TRACON& Tower with Radar,58,67,72,13,210,0,10,113,16,139,58,77,185,29,349,52,0,52,401
11/18/2006,FAT,CA,AWP,WE,Combined TRACON& Tower with Radar,48,35,74,11,168,0,2,36,0,38,48,37,110,11,206,40,0,40,246
11/19/2006,FAT,CA,AWP,WE,Combined TRACON& Tower with Radar,47,43,61,4,155,0,0,8,1,9,47,43,69,5,164,32,0,32,196
11/20/2006,FAT,CA,AWP,WE,Combined TRACON& Tower with Radar,45,71,94,18,228,0,1,9,1,11,45,72,103,19,239,44,0,44,283
11/21/2006,FAT,CA,AWP,WE,Combined TRACON& Tower with Radar,49,73,73,18,213,0,11,68,7,86,49,84,141,25,299,42,0,42,341
11/22/2006,FAT,CA,AWP,WE,Combined TRACON& Tower with Radar,56,72,93,12,233,0,3,37,0,40,56,75,130,12,273,46,0,46,319
11/23/2006,FAT,CA,AWP,WE,Combined TRACON& Tower with Radar,32,40,18,0,90,0,1,54,1,56,32,41,72,1,146,0,0,0,146
11/24/2006,FAT,CA,AWP,WE,Combined TRACON& Tower with Radar,39,55,33,2,129,0,13,157,7,177,39,68,190,9,306,62,0,62,368
11/25/2006,FAT,CA,AWP,WE,Combined TRACON& Tower with Radar,48,50,31,2,131,0,14,135,9,158,48,64,166,11,289,44,0,44,333
11/26/2006,FAT,CA,AWP,WE,Combined TRACON& Tower with Radar,46,46,50,2,144,0,8,107,7,122,46,54,157,9,266,36,0,36,302
11/27/2006,FAT,CA,AWP,WE,Combined TRACON& Tower with Radar,58,64,75,15,212,0,10,80,7,97,58,74,155,22,309,68,0,68,377
11/28/2006,FAT,CA,AWP,WE,Combined TRACON& Tower with Radar,49,60,74,24,207,0,16,207,25,248,49,76,281,49,455,52,14,66,521
11/29/2006,FAT,CA,AWP,WE,Combined TRACON& Tower with Radar,54,61,52,17,184,0,25,177,20,222,54,86,229,37,406,58,22,80,486
11/30/2006,FAT,CA,AWP,WE,Combined TRACON& Tower with Radar,54,63,60,15,192,0,21,152,26,199,54,84,212,41,391,60,10,70,461
12/01/2006,FAT,CA,AWP,WE,Combined TRACON& Tower with Radar,52,58,49,7,166,0,21,164,20,205,52,79,213,27,371,78,0,78,449
12/02/2006,FAT,CA,AWP,WE,Combined TRACON& Tower with Radar,47,35,17,13,112,0,13,126,10,149,47,48,143,23,261,66,8,74,335
12/03/2006,FAT,CA,AWP,WE,Combined TRACON& Tower with Radar,44,45,24,4,117,0,6,113,7,126,44,51,137,11,243,54,0,54,297
12/04/2006,FAT,CA,AWP,WE,Combined TRACON& Tower with Radar,47,61,41,14,163,0,21,154,30,205,47,82,195,44,368,52,12,64,432
12/05/2006,FAT,CA,AWP,WE,Combined TRACON& Tower with Radar,49,64,47,20,180,0,17,157,31,205,49,81,204,51,385,112,0,112,497
12/06/2006,FAT,CA,AWP,WE,Combined TRACON& Tower with Radar,54,56,23,13,146,0,29,158,15,202,54,85,181,28,348,80,0,80,428
12/07/2006,FAT,CA,AWP,WE,Combined TRACON& Tower with Radar,54,62,67,25,208,0,15,137,15,167,54,77,204,40,375,84,0,84,459
12/08/2006,FAT,CA,AWP,WE,Combined TRACON& Tower with Radar,50,65,67,21,203,0,26,157,17,200,50,91,224,38,403,90,0,90,493
12/09/2006,FAT,CA,AWP,WE,Combined TRACON& Tower with Radar,43,39,30,6,118,0,10,83,3,96,43,49,113,9,214,94,0,94,308
12/10/2006,FAT,CA,AWP,WE,Combined TRACON& Tower with Radar,42,50,62,19,173,0,14,70,1,85,42,64,132,20,258,84,0,84,342
12/11/2006,FAT,CA,AWP,WE,Combined TRACON& Tower with Radar,48,63,58,11,180,0,11,106,12,129,48,74,164,23,309,90,18,108,417
12/12/2006,FAT,CA,AWP,WE,Combined TRACON& Tower with Radar,48,68,57,22,195,0,7,50,3,60,48,75,107,25,255,74,4,78,333
12/13/2006,FAT,CA,AWP,WE,Combined TRACON& Tower with Radar,52,66,63,16,197,0,18,144,21,183,52,84,207,37,380,66,12,78,458
12/14/2006,FAT,CA,AWP,WE,Combined TRACON& Tower with Radar,48,62,92,20,222,0,12,96,9,117,48,74,188,29,339,62,30,92,431
12/15/2006,FAT,CA,AWP,WE,Combined TRACON& Tower with Radar,56,75,72,19,222,0,9,55,3,67,56,84,127,22,289,78,0,78,367
12/16/2006,FAT,CA,AWP,WE,Combined TRACON& Tower with Radar,46,47,33,6,132,0,7,96,2,105,46,54,129,8,237,72,8,80,317
12/17/2006,FAT,CA,AWP,WE,Combined TRACON& Tower with Radar,48,44,26,4,122,0,3,117,8,128,48,47,143,12,250,60,0,60,310
12/18/2006,FAT,CA,AWP,WE,Combined TRACON& Tower with Radar,52,55,37,26,170,0,19,159,29,207,52,74,196,55,377,56,4,60,437
12/19/2006,FAT,CA,AWP,WE,Combined TRACON& Tower with Radar,54,59,56,22,191,0,11,160,25,196,54,70,216,47,387,80,8,88,475
12/20/2006,FAT,CA,AWP,WE,Combined TRACON& Tower with Radar,50,52,51,15,168,0,10,153,33,196,50,62,204,48,364,64,2,66,430
12/21/2006,FAT,CA,AWP,WE,Combined TRACON& Tower with Radar,49,68,59,13,189,0,10,127,18,155,49,78,186,31,344,82,14,96,440
12/22/2006,FAT,CA,AWP,WE,Combined TRACON& Tower with Radar,46,73,68,13,200,0,2,56,6,64,46,75,124,19,264,60,8,68,332
12/23/2006,FAT,CA,AWP,WE,Combined TRACON& Tower with Radar,50,49,41,1,141,0,6,25,1,32,50,55,66,2,173,58,0,58,231
12/24/2006,FAT,CA,AWP,WE,Combined TRACON& Tower with Radar,39,37,17,2,95,0,0,21,3,24,39,37,38,5,119,62,0,62,181
12/25/2006,FAT,CA,AWP,WE,Combined TRACON& Tower with Radar,36,45,27,1,109,0,1,62,2,65,36,46,89,3,174,2,0,2,176
12/26/2006,FAT,CA,AWP,WE,Combined TRACON& Tower with Radar,49,55,51,0,155,0,13,60,5,78,49,68,111,5,233,64,0,64,297
12/27/2006,FAT,CA,AWP,WE,Combined TRACON& Tower with Radar,54,65,53,13,185,0,11,57,1,69,54,76,110,14,254,74,0,74,328
12/28/2006,FAT,CA,AWP,WE,Combined TRACON& Tower with Radar,51,62,37,8,158,0,15,157,21,193,51,77,194,29,351,68,8,76,427
12/29/2006,FAT,CA,AWP,WE,Combined TRACON& Tower with Radar,49,68,53,9,179,2,18,173,16,209,51,86,226,25,388,68,6,74,462
12/30/2006,FAT,CA,AWP,WE,Combined TRACON& Tower with Radar,45,45,68,6,164,0,8,129,5,142,45,53,197,11,306,70,0,70,376
12/31/2006,FAT,CA,AWP,WE,Combined TRACON& Tower with Radar,42,40,17,0,99,0,2,80,2,84,42,42,97,2,183,52,0,52,235
01/01/2007,FAT,CA,AWP,WE,Combined TRACON& Tower with Radar,47,49,49,5,150,0,0,9,0,9,47,49,58,5,159,34,0,34,193
01/02/2007,FAT,CA,AWP,WE,Combined TRACON& Tower with Radar,49,60,60,1,170,0,9,76,2,87,49,69,136,3,257,36,0,36,293
01/03/2007,FAT,CA,AWP,WE,Combined TRACON& Tower with Radar,52,73,44,7,176,0,13,113,8,134,52,86,157,15,310,74,0,74,384
01/04/2007,FAT,CA,AWP,WE,Combined TRACON& Tower with Radar,49,67,63,12,191,0,4,44,2,50,49,71,107,14,241,56,0,56,297
01/05/2007,FAT,CA,AWP,WE,Combined TRACON& Tower with Radar,49,59,47,20,175,0,20,164,25,209,49,79,211,45,384,72,6,78,462
01/06/2007,FAT,CA,AWP,WE,Combined TRACON& Tower with Radar,49,47,45,14,155,0,13,127,20,160,49,60,172,34,315,62,0,62,377
01/07/2007,FAT,CA,AWP,WE,Combined TRACON& Tower with Radar,48,46,17,5,116,0,8,135,10,153,48,54,152,15,269,42,6,48,317
01/08/2007,FAT,CA,AWP,WE,Combined TRACON& Tower with Radar,51,57,65,10,183,0,21,139,9,169,51,78,204,19,352,60,0,60,412
01/09/2007,FAT,CA,AWP,WE,Combined TRACON& Tower with Radar,52,72,52,18,194,0,10,149,24,183,52,82,201,42,377,60,6,66,443
01/10/2007,FAT,CA,AWP,WE,Combined TRACON& Tower with Radar,51,69,72,18,210,0,18,110,26,154,51,87,182,44,364,70,10,80,444
01/11/2007,FAT,CA,AWP,WE,Combined TRACON& Tower with Radar,51,66,70,14,201,0,15,123,9,147,51,81,193,23,348,66,0,66,414
01/12/2007,FAT,CA,AWP,WE,Combined TRACON& Tower with Radar,49,62,45,17,173,0,14,147,21,182,49,76,192,38,355,66,0,66,421
01/13/2007,FAT,CA,AWP,WE,Combined TRACON& Tower with Radar,43,37,14,5,99,0,9,85,15,109,43,46,99,20,208,44,0,44,252
01/14/2007,FAT,CA,AWP,WE,Combined TRACON& Tower with Radar,41,45,36,3,125,0,5,96,5,106,41,50,132,8,231,44,4,48,279
01/15/2007,FAT,CA,AWP,WE,Combined TRACON& Tower with Radar,49,50,28,0,127,0,10,132,13,155,49,60,160,13,282,76,0,76,358
01/16/2007,FAT,CA,AWP,WE,Combined TRACON& Tower with Radar,46,57,58,15,176,0,18,156,17,191,46,75,214,32,367,64,14,78,445
01/17/2007,FAT,CA,AWP,WE,Combined TRACON& Tower with Radar,48,63,74,18,203,0,15,159,16,190,48,78,233,34,393,78,0,78,471
01/18/2007,FAT,CA,AWP,WE,Combined TRACON& Tower with Radar,53,56,40,19,168,0,21,145,25,191,53,77,185,44,359,76,0,76,435
01/19/2007,FAT,CA,AWP,WE,Combined TRACON& Tower with Radar,51,55,33,19,158,0,21,167,22,210,51,76,200,41,368,74,8,82,450
01/20/2007,FAT,CA,AWP,WE,Combined TRACON& Tower with Radar,45,32,15,3,95,0,12,110,7,129,45,44,125,10,224,80,0,80,304
01/21/2007,FAT,CA,AWP,WE,Combined TRACON& Tower with Radar,43,43,33,0,119,0,9,105,4,118,43,52,138,4,237,38,0,38,275
01/22/2007,FAT,CA,AWP,WE,Combined TRACON& Tower with Radar,50,58,47,17,172,0,14,174,24,212,50,72,221,41,384,72,0,72,456
01/23/2007,FAT,CA,AWP,WE,Combined TRACON& Tower with Radar,48,64,46,6,164,0,14,150,19,183,48,78,196,25,347,62,18,80,427
01/24/2007,FAT,CA,AWP,WE,Combined TRACON& Tower with Radar,51,57,49,8,165,0,17,193,12,222,51,74,242,20,387,88,0,88,475
01/25/2007,FAT,CA,AWP,WE,Combined TRACON& Tower with Radar,50,58,84,9,201,0,15,174,23,212,50,73,258,32,413,68,8,76,489
01/26/2007,FAT,CA,AWP,WE,Combined TRACON& Tower with Radar,48,61,48,7,164,0,21,178,21,220,48,82,226,28,384,74,0,74,458
01/27/2007,FAT,CA,AWP,WE,Combined TRACON& Tower with Radar,48,40,28,1,117,0,4,63,0,67,48,44,91,1,184,68,0,68,252
01/28/2007,FAT,CA,AWP,WE,Combined TRACON& Tower with Radar,45,38,33,3,119,0,6,58,2,66,45,44,91,5,185,62,0,62,247
01/29/2007,FAT,CA,AWP,WE,Combined TRACON& Tower with Radar,47,52,29,9,137,0,8,103,3,114,47,60,132,12,251,72,0,72,323
01/30/2007,FAT,CA,AWP,WE,Combined TRACON& Tower with Radar,46,67,60,29,202,0,9,129,16,154,46,76,189,45,356,68,0,68,424
01/31/2007,FAT,CA,AWP,WE,Combined TRACON& Tower with Radar,51,74,96,31,252,0,9,95,4,108,51,83,191,35,360,86,0,86,446
02/01/2007,FAT,CA,AWP,WE,Combined TRACON& Tower with Radar,50,69,126,13,258,0,4,93,4,101,50,73,219,17,359,54,0,54,413
02/02/2007,FAT,CA,AWP,WE,Combined TRACON& Tower with Radar,53,66,80,9,208,0,19,177,12,208,53,85,257,21,416,70,0,70,486
02/03/2007,FAT,CA,AWP,WE,Combined TRACON& Tower with Radar,45,32,32,9,118,0,10,149,12,171,45,42,181,21,289,56,0,56,345
02/04/2007,FAT,CA,AWP,WE,Combined TRACON& Tower with Radar,47,43,22,0,112,0,5,81,4,90,47,48,103,4,202,36,0,36,238
02/05/2007,FAT,CA,AWP,WE,Combined TRACON& Tower with Radar,47,61,46,17,171,0,19,119,25,163,47,80,165,42,334,34,0,34,368
02/06/2007,FAT,CA,AWP,WE,Combined TRACON& Tower with Radar,46,68,44,9,167,0,19,177,16,212,46,87,221,25,379,54,12,66,445
02/07/2007,FAT,CA,AWP,WE,Combined TRACON& Tower with Radar,50,73,141,9,273,0,5,43,2,50,50,78,184,11,323,52,0,52,375
02/08/2007,FAT,CA,AWP,WE,Combined TRACON& Tower with Radar,52,54,77,7,190,0,19,143,14,176,52,73,220,21,366,90,4,94,460
02/09/2007,FAT,CA,AWP,WE,Combined TRACON& Tower with Radar,53,67,86,10,216,0,23,143,17,183,53,90,229,27,399,34,0,34,433
02/10/2007,FAT,CA,AWP,WE,Combined TRACON& Tower with Radar,43,37,51,4,135,0,11,71,10,92,43,48,122,14,227,42,36,78,305
02/11/2007,FAT,CA,AWP,WE,Combined TRACON& Tower with Radar,45,45,26,5,121,0,7,87,9,103,45,52,113,14,224,44,12,56,280
02/12/2007,FAT,CA,AWP,WE,Combined TRACON& Tower with Radar,49,69,77,14,209,0,20,153,8,181,49,89,230,22,390,96,0,96,486
02/13/2007,FAT,CA,AWP,WE,Combined TRACON& Tower with Radar,48,62,86,20,216,0,16,112,10,138,48,78,198,30,354,40,8,48,402
02/14/2007,FAT,CA,AWP,WE,Combined TRACON& Tower with Radar,51,59,54,8,172,1,18,183,27,229,52,77,237,35,401,44,0,44,445
02/15/2007,FAT,CA,AWP,WE,Combined TRACON& Tower with Radar,52,59,44,11,166,0,18,151,15,184,52,77,195,26,350,6,0,6,356
02/16/2007,FAT,CA,AWP,WE,Combined TRACON& Tower with Radar,53,59,104,4,220,0,29,179,18,226,53,88,283,22,446,76,0,76,522
02/17/2007,FAT,CA,AWP,WE,Combined TRACON& Tower with Radar,45,45,36,1,127,0,15,126,5,146,45,60,162,6,273,64,0,64,337
02/18/2007,FAT,CA,AWP,WE,Combined TRACON& Tower with Radar,43,41,21,0,105,0,10,69,8,87,43,51,90,8,192,52,0,52,244
02/19/2007,FAT,CA,AWP,WE,Combined TRACON& Tower with Radar,48,52,34,0,134,0,6,163,6,175,48,58,197,6,309,52,0,52,361
02/20/2007,FAT,CA,AWP,WE,Combined TRACON& Tower with Radar,47,61,127,11,246,0,17,208,22,247,47,78,335,33,493,62,0,62,555
02/21/2007,FAT,CA,AWP,WE,Combined TRACON& Tower with Radar,49,51,59,14,173,0,21,188,25,234,49,72,247,39,407,96,4,100,507
02/22/2007,FAT,CA,AWP,WE,Combined TRACON& Tower with Radar,53,65,75,11,204,0,8,58,4,70,53,73,133,15,274,74,0,74,348
02/23/2007,FAT,CA,AWP,WE,Combined TRACON& Tower with Radar,55,61,46,16,178,0,19,116,16,151,55,80,162,32,329,92,0,92,421
02/24/2007,FAT,CA,AWP,WE,Combined TRACON& Tower with Radar,42,46,24,4,116,0,12,147,17,176,42,58,171,21,292,64,0,64,356
02/25/2007,FAT,CA,AWP,WE,Combined TRACON& Tower with Radar,44,50,48,4,146,0,4,64,1,69,44,54,112,5,215,60,0,60,275
02/26/2007,FAT,CA,AWP,WE,Combined TRACON& Tower with Radar,50,56,44,17,167,0,15,119,7,141,50,71,163,24,308,50,0,50,358
02/27/2007,FAT,CA,AWP,WE,Combined TRACON& Tower with Radar,47,52,64,19,182,0,16,104,30,150,47,68,168,49,332,80,0,80,412
02/28/2007,FAT,CA,AWP,WE,Combined TRACON& Tower with Radar,47,64,82,14,207,0,14,124,19,157,47,78,206,33,364,66,0,66,430
03/01/2007,FAT,CA,AWP,WE,Combined TRACON& Tower with Radar,50,66,83,17,216,0,18,171,15,204,50,84,254,32,420,62,0,62,482
03/02/2007,FAT,CA,AWP,WE,Combined TRACON& Tower with Radar,49,66,43,9,167,0,9,158,21,188,49,75,201,30,355,24,0,24,379
03/03/2007,FAT,CA,AWP,WE,Combined TRACON& Tower with Radar,44,46,21,25,136,0,20,142,21,183,44,66,163,46,319,44,16,60,379
03/04/2007,FAT,CA,AWP,WE,Combined TRACON& Tower with Radar,44,49,19,4,116,0,23,149,26,198,44,72,168,30,314,2,0,2,316
03/05/2007,FAT,CA,AWP,WE,Combined TRACON& Tower with Radar,47,53,32,16,148,0,24,182,30,236,47,77,214,46,384,26,16,42,426
03/06/2007,FAT,CA,AWP,WE,Combined TRACON& Tower with Radar,45,55,48,10,158,0,31,214,22,267,45,86,262,32,425,66,0,66,491
03/07/2007,FAT,CA,AWP,WE,Combined TRACON& Tower with Radar,51,62,90,12,215,0,30,165,36,231,51,92,255,48,446,66,0,66,512
03/08/2007,FAT,CA,AWP,WE,Combined TRACON& Tower with Radar,50,62,59,19,190,0,27,163,21,211,50,89,222,40,401,32,0,32,433
03/09/2007,FAT,CA,AWP,WE,Combined TRACON& Tower with Radar,50,65,50,9,174,0,25,147,26,198,50,90,197,35,372,32,6,38,410
03/10/2007,FAT,CA,AWP,WE,Combined TRACON& Tower with Radar,40,43,40,1,124,0,8,139,9,156,40,51,179,10,280,10,0,10,290
03/11/2007,FAT,CA,AWP,WE,Combined TRACON& Tower with Radar,45,49,16,0,110,0,14,142,9,165,45,63,158,9,275,68,0,68,343
03/12/2007,FAT,CA,AWP,WE,Combined TRACON& Tower with Radar,47,58,52,15,172,0,25,157,25,207,47,83,209,40,379,78,0,78,457
03/13/2007,FAT,CA,AWP,WE,Combined TRACON& Tower with Radar,49,56,53,13,171,0,25,207,38,270,49,81,260,51,441,72,14,86,527
03/14/2007,FAT,CA,AWP,WE,Combined TRACON& Tower with Radar,53,54,63,13,183,0,26,210,42,278,53,80,273,55,461,82,2,84,545
03/15/2007,FAT,CA,AWP,WE,Combined TRACON& Tower with Radar,37,70,61,14,182,0,18,220,22,260,37,88,281,36,442,80,0,80,522
03/16/2007,FAT,CA,AWP,WE,Combined TRACON& Tower with Radar,48,66,40,12,166,0,22,244,23,289,48,88,284,35,455,48,8,56,511
03/17/2007,FAT,CA,AWP,WE,Combined TRACON& Tower with Radar,40,45,23,4,112,0,16,162,6,184,40,61,185,10,296,74,0,74,370
03/18/2007,FAT,CA,AWP,WE,Combined TRACON& Tower with Radar,45,52,26,0,123,0,13,119,14,146,45,65,145,14,269,64,0,64,333
03/19/2007,FAT,CA,AWP,WE,Combined TRACON& Tower with Radar,46,55,56,17,174,0,31,169,9,209,46,86,225,26,383,56,8,64,447
03/20/2007,FAT,CA,AWP,WE,Combined TRACON& Tower with Radar,47,68,105,8,228,0,24,117,17,158,47,92,222,25,386,72,4,76,462
03/21/2007,FAT,CA,AWP,WE,Combined TRACON& Tower with Radar,56,73,92,31,252,0,18,127,14,159,56,91,219,45,411,122,0,122,533
03/22/2007,FAT,CA,AWP,WE,Combined TRACON& Tower with Radar,52,54,45,9,160,0,34,199,30,263,52,88,244,39,423,94,0,94,517
03/23/2007,FAT,CA,AWP,WE,Combined TRACON& Tower with Radar,52,55,56,30,193,0,29,236,21,286,52,84,292,51,479,72,0,72,551
03/24/2007,FAT,CA,AWP,WE,Combined TRACON& Tower with Radar,37,45,29,0,111,0,15,143,4,162,37,60,172,4,273,72,0,72,345
03/25/2007,FAT,CA,AWP,WE,Combined TRACON& Tower with Radar,50,46,37,3,136,0,14,114,9,137,50,60,151,12,273,58,0,58,331
03/26/2007,FAT,CA,AWP,WE,Combined TRACON& Tower with Radar,51,54,38,12,155,0,16,104,15,135,51,70,142,27,290,76,0,76,366
03/27/2007,FAT,CA,AWP,WE,Combined TRACON& Tower with Radar,49,62,35,11,157,0,20,57,17,94,49,82,92,28,251,68,16,84,335
03/28/2007,FAT,CA,AWP,WE,Combined TRACON& Tower with Radar,53,61,41,17,172,0,23,195,24,242,53,84,236,41,414,78,6,84,498
03/29/2007,FAT,CA,AWP,WE,Combined TRACON& Tower with Radar,52,54,44,28,178,0,27,202,25,254,52,81,246,53,432,74,0,74,506
03/30/2007,FAT,CA,AWP,WE,Combined TRACON& Tower with Radar,52,58,46,16,172,0,21,170,23,214,52,79,216,39,386,74,6,80,466
03/31/2007,FAT,CA,AWP,WE,Combined TRACON& Tower with Radar,39,45,13,2,99,0,17,120,8,145,39,62,133,10,244,82,0,82,326
04/01/2007,FAT,CA,AWP,WE,Combined TRACON& Tower with Radar,46,47,20,1,114,0,12,114,3,129,46,59,134,4,243,56,0,56,299
04/02/2007,FAT,CA,AWP,WE,Combined TRACON& Tower with Radar,47,67,32,8,154,0,30,134,20,184,47,97,166,28,338,72,6,78,416
04/03/2007,FAT,CA,AWP,WE,Combined TRACON& Tower with Radar,48,66,39,9,162,0,31,173,22,226,48,97,212,31,388,90,0,90,478
04/04/2007,FAT,CA,AWP,WE,Combined TRACON& Tower with Radar,46,57,56,12,171,0,30,176,29,235,46,87,232,41,406,68,0,68,474
04/05/2007,FAT,CA,AWP,WE,Combined TRACON& Tower with Radar,48,58,53,9,168,0,25,199,14,238,48,83,252,23,406,110,0,110,516
04/06/2007,FAT,CA,AWP,WE,Combined TRACON& Tower with Radar,50,52,56,9,167,0,25,190,23,238,50,77,246,32,405,86,4,90,495
04/07/2007,FAT,CA,AWP,WE,Combined TRACON& Tower with Radar,41,41,20,1,103,0,10,135,3,148,41,51,155,4,251,56,0,56,307
04/08/2007,FAT,CA,AWP,WE,Combined TRACON& Tower with Radar,45,43,19,0,107,0,10,84,2,96,45,53,103,2,203,58,0,58,261
04/09/2007,FAT,CA,AWP,WE,Combined TRACON& Tower with Radar,49,55,41,9,154,0,27,158,16,201,49,82,199,25,355,72,0,72,427
04/10/2007,FAT,CA,AWP,WE,Combined TRACON& Tower with Radar,46,54,43,17,160,0,28,203,36,267,46,82,246,53,427,82,2,84,511
04/11/2007,FAT,CA,AWP,WE,Combined TRACON& Tower with Radar,51,57,60,0,168,0,20,101,12,133,51,77,161,12,301,78,0,78,379
04/12/2007,FAT,CA,AWP,WE,Combined TRACON& Tower with Radar,49,60,32,7,148,0,15,94,15,124,49,75,126,22,272,68,0,68,340
04/13/2007,FAT,CA,AWP,WE,Combined TRACON& Tower with Radar,48,60,27,15,150,0,16,195,38,249,48,76,222,53,399,80,0,80,479
04/14/2007,FAT,CA,AWP,WE,Combined TRACON& Tower with Radar,40,48,33,20,141,0,12,97,27,136,40,60,130,47,277,42,0,42,319
04/15/2007,FAT,CA,AWP,WE,Combined TRACON& Tower with Radar,44,46,34,6,130,0,9,62,8,79,44,55,96,14,209,66,0,66,275
04/16/2007,FAT,CA,AWP,WE,Combined TRACON& Tower with Radar,49,57,31,14,151,0,24,185,19,228,49,81,216,33,379,80,0,80,459
04/17/2007,FAT,CA,AWP,WE,Combined TRACON& Tower with Radar,47,57,46,9,159,0,23,153,24,200,47,80,199,33,359,54,0,54,413
04/18/2007,FAT,CA,AWP,WE,Combined TRACON& Tower with Radar,49,58,52,11,170,0,24,160,19,203,49,82,212,30,373,60,0,60,433
04/19/2007,FAT,CA,AWP,WE,Combined TRACON& Tower with Radar,53,56,59,13,181,0,25,171,28,224,53,81,230,41,405,72,0,72,477
04/20/2007,FAT,CA,AWP,WE,Combined TRACON& Tower with Radar,48,65,52,19,184,0,16,137,15,168,48,81,189,34,352,58,0,58,410
04/21/2007,FAT,CA,AWP,WE,Combined TRACON& Tower with Radar,38,45,39,1,123,0,3,99,7,109,38,48,138,8,232,46,0,46,278
04/22/2007,FAT,CA,AWP,WE,Combined TRACON& Tower with Radar,45,44,49,6,144,0,5,58,2,65,45,49,107,8,209,46,0,46,255
04/23/2007,FAT,CA,AWP,WE,Combined TRACON& Tower with Radar,50,54,41,14,159,0,22,146,14,182,50,76,187,28,341,78,0,78,419
04/24/2007,FAT,CA,AWP,WE,Combined TRACON& Tower with Radar,41,55,41,11,148,0,23,205,20,248,41,78,246,31,396,62,4,66,462
04/25/2007,FAT,CA,AWP,WE,Combined TRACON& Tower with Radar,50,62,81,13,206,0,27,227,20,274,50,89,308,33,480,76,0,76,556
04/26/2007,FAT,CA,AWP,WE,Combined TRACON& Tower with Radar,51,56,37,19,163,0,19,203,22,244,51,75,240,41,407,80,0,80,487
04/27/2007,FAT,CA,AWP,WE,Combined TRACON& Tower with Radar,50,72,69,13,204,0,21,179,27,227,50,93,248,40,431,88,0,88,519
04/28/2007,FAT,CA,AWP,WE,Combined TRACON& Tower with Radar,41,39,37,3,120,0,15,144,7,166,41,54,181,10,286,54,0,54,340
04/29/2007,FAT,CA,AWP,WE,Combined TRACON& Tower with Radar,47,48,34,4,133,0,7,91,5,103,47,55,125,9,236,50,0,50,286
04/30/2007,FAT,CA,AWP,WE,Combined TRACON& Tower with Radar,50,57,28,12,147,0,33,177,12,222,50,90,205,24,369,66,0,66,435
05/01/2007,FAT,CA,AWP,WE,Combined TRACON& Tower with Radar,45,58,60,12,175,0,15,165,18,198,45,73,225,30,373,82,0,82,455
05/02/2007,FAT,CA,AWP,WE,Combined TRACON& Tower with Radar,51,76,70,7,204,0,16,151,25,192,51,92,221,32,396,90,18,108,504
05/03/2007,FAT,CA,AWP,WE,Combined TRACON& Tower with Radar,54,67,50,10,181,0,15,165,24,204,54,82,215,34,385,68,0,68,453
05/04/2007,FAT,CA,AWP,WE,Combined TRACON& Tower with Radar,51,68,85,14,218,0,18,134,20,172,51,86,219,34,390,64,6,70,460
05/05/2007,FAT,CA,AWP,WE,Combined TRACON& Tower with Radar,43,45,17,19,124,0,20,138,17,175,43,65,155,36,299,76,0,76,375
05/06/2007,FAT,CA,AWP,WE,Combined TRACON& Tower with Radar,48,51,26,3,128,0,11,137,49,197,48,62,163,52,325,54,0,54,379
05/07/2007,FAT,CA,AWP,WE,Combined TRACON& Tower with Radar,53,57,40,9,159,0,25,178,16,219,53,82,218,25,378,76,0,76,454
05/08/2007,FAT,CA,AWP,WE,Combined TRACON& Tower with Radar,50,60,32,9,151,0,27,204,15,246,50,87,236,24,397,80,0,80,477
05/09/2007,FAT,CA,AWP,WE,Combined TRACON& Tower with Radar,52,57,56,9,174,0,31,191,22,244,52,88,247,31,418,86,0,86,504
05/10/2007,FAT,CA,AWP,WE,Combined TRACON& Tower with Radar,53,61,56,17,187,0,19,177,36,232,53,80,233,53,419,82,4,86,505
05/11/2007,FAT,CA,AWP,WE,Combined TRACON& Tower with Radar,56,64,51,10,181,0,19,205,19,243,56,83,256,29,424,76,4,80,504
05/12/2007,FAT,CA,AWP,WE,Combined TRACON& Tower with Radar,42,49,30,2,123,0,3,122,9,134,42,52,152,11,257,72,0,72,329
05/13/2007,FAT,CA,AWP,WE,Combined TRACON& Tower with Radar,53,56,22,0,131,0,9,82,7,98,53,65,104,7,229,46,0,46,275
05/14/2007,FAT,CA,AWP,WE,Combined TRACON& Tower with Radar,51,62,45,11,169,0,17,180,17,214,51,79,225,28,383,68,0,68,451
05/15/2007,FAT,CA,AWP,WE,Combined TRACON& Tower with Radar,55,64,46,12,177,0,13,204,20,237,55,77,250,32,414,60,4,64,478
05/16/2007,FAT,CA,AWP,WE,Combined TRACON& Tower with Radar,55,67,60,13,195,0,17,166,27,210,55,84,226,40,405,66,4,70,475
05/17/2007,FAT,CA,AWP,WE,Combined TRACON& Tower with Radar,57,71,57,20,205,0,14,181,17,212,57,85,238,37,417,74,2,76,493
05/18/2007,FAT,CA,AWP,WE,Combined TRACON& Tower with Radar,58,64,48,13,183,0,15,200,23,238,58,79,248,36,421,76,4,80,501
05/19/2007,FAT,CA,AWP,WE,Combined TRACON& Tower with Radar,47,45,14,2,108,0,11,139,17,167,47,56,153,19,275,72,0,72,347
05/20/2007,FAT,CA,AWP,WE,Combined TRACON& Tower with Radar,52,50,20,2,124,0,10,110,13,133,52,60,130,15,257,58,0,58,315
05/21/2007,FAT,CA,AWP,WE,Combined TRACON& Tower with Radar,56,60,36,8,160,0,27,188,20,235,56,87,224,28,395,72,0,72,467
05/22/2007,FAT,CA,AWP,WE,Combined TRACON& Tower with Radar,50,63,26,11,150,0,17,199,26,242,50,80,225,37,392,74,0,74,466
05/23/2007,FAT,CA,AWP,WE,Combined TRACON& Tower with Radar,54,67,38,12,171,0,25,244,24,293,54,92,282,36,464,70,8,78,542
05/24/2007,FAT,CA,AWP,WE,Combined TRACON& Tower with Radar,55,57,47,13,172,0,25,216,32,273,55,82,263,45,445,70,6,76,521
05/25/2007,FAT,CA,AWP,WE,Combined TRACON& Tower with Radar,56,66,45,16,183,0,21,267,19,307,56,87,312,35,490,70,0,70,560
05/26/2007,FAT,CA,AWP,WE,Combined TRACON& Tower with Radar,45,48,29,2,124,0,11,132,15,158,45,59,161,17,282,64,0,64,346
05/27/2007,FAT,CA,AWP,WE,Combined TRACON& Tower with Radar,47,45,21,1,114,0,8,115,12,135,47,53,136,13,249,70,0,70,319
05/28/2007,FAT,CA,AWP,WE,Combined TRACON& Tower with Radar,48,46,29,0,123,0,9,142,10,161,48,55,171,10,284,76,4,80,364
05/29/2007,FAT,CA,AWP,WE,Combined TRACON& Tower with Radar,47,62,58,11,178,0,24,197,23,244,47,86,255,34,422,62,2,64,486
05/30/2007,FAT,CA,AWP,WE,Combined TRACON& Tower with Radar,52,75,52,16,195,0,25,197,45,267,52,100,249,61,462,64,0,64,526
05/31/2007,FAT,CA,AWP,WE,Combined TRACON& Tower with Radar,54,62,64,7,187,0,25,205,29,259,54,87,269,36,446,72,0,72,518
06/01/2007,FAT,CA,AWP,WE,Combined TRACON& Tower with Radar,56,65,69,9,199,0,19,194,16,229,56,84,263,25,428,74,6,80,508
06/02/2007,FAT,CA,AWP,WE,Combined TRACON& Tower with Radar,45,48,20,3,116,0,11,125,15,151,45,59,145,18,267,64,0,64,331
06/03/2007,FAT,CA,AWP,WE,Combined TRACON& Tower with Radar,51,56,29,1,137,0,17,143,8,168,51,73,172,9,305,56,0,56,361
06/04/2007,FAT,CA,AWP,WE,Combined TRACON& Tower with Radar,55,75,35,9,174,0,25,176,25,226,55,100,211,34,400,74,0,74,474
06/05/2007,FAT,CA,AWP,WE,Combined TRACON& Tower with Radar,48,59,53,17,177,0,15,133,14,162,48,74,186,31,339,68,0,68,407
06/06/2007,FAT,CA,AWP,WE,Combined TRACON& Tower with Radar,53,67,42,15,177,0,17,193,25,235,53,84,235,40,412,66,6,72,484
06/07/2007,FAT,CA,AWP,WE,Combined TRACON& Tower with Radar,60,70,57,14,201,0,16,237,26,279,60,86,294,40,480,72,0,72,552
06/08/2007,FAT,CA,AWP,WE,Combined TRACON& Tower with Radar,57,71,59,26,213,0,25,194,25,244,57,96,253,51,457,72,16,88,545
06/09/2007,FAT,CA,AWP,WE,Combined TRACON& Tower with Radar,46,58,23,1,128,0,27,182,30,239,46,85,205,31,367,62,0,62,429
06/10/2007,FAT,CA,AWP,WE,Combined TRACON& Tower with Radar,54,54,37,1,146,0,16,100,10,126,54,70,137,11,272,50,0,50,322
06/11/2007,FAT,CA,AWP,WE,Combined TRACON& Tower with Radar,58,60,70,10,198,0,27,174,23,224,58,87,244,33,422,56,28,84,506
06/12/2007,FAT,CA,AWP,WE,Combined TRACON& Tower with Radar,57,57,51,10,175,0,26,206,18,250,57,83,257,28,425,68,0,68,493
06/13/2007,FAT,CA,AWP,WE,Combined TRACON& Tower with Radar,56,63,43,15,177,0,30,219,22,271,56,93,262,37,448,66,0,66,514
06/14/2007,FAT,CA,AWP,WE,Combined TRACON& Tower with Radar,59,62,60,18,199,0,24,221,30,275,59,86,281,48,474,94,6,100,574
06/15/2007,FAT,CA,AWP,WE,Combined TRACON& Tower with Radar,56,62,48,10,176,0,31,193,16,240,56,93,241,26,416,94,4,98,514
06/16/2007,FAT,CA,AWP,WE,Combined TRACON& Tower with Radar,45,63,32,4,144,0,42,154,16,212,45,105,186,20,356,60,0,60,416
06/17/2007,FAT,CA,AWP,WE,Combined TRACON& Tower with Radar,53,55,33,0,141,0,9,128,7,144,53,64,161,7,285,58,0,58,343
06/18/2007,FAT,CA,AWP,WE,Combined TRACON& Tower with Radar,56,63,49,11,179,0,25,141,17,183,56,88,190,28,362,72,10,82,444
06/19/2007,FAT,CA,AWP,WE,Combined TRACON& Tower with Radar,52,61,50,17,180,0,24,198,23,245,52,85,248,40,425,74,4,78,503
06/20/2007,FAT,CA,AWP,WE,Combined TRACON& Tower with Radar,56,68,29,18,171,0,25,216,26,267,56,93,245,44,438,88,4,92,530
06/21/2007,FAT,CA,AWP,WE,Combined TRACON& Tower with Radar,56,69,55,9,189,0,21,206,21,248,56,90,261,30,437,92,0,92,529
06/22/2007,FAT,CA,AWP,WE,Combined TRACON& Tower with Radar,57,64,40,22,183,0,28,252,31,311,57,92,292,53,494,72,4,76,570
06/23/2007,FAT,CA,AWP,WE,Combined TRACON& Tower with Radar,45,49,20,11,125,0,11,129,13,153,45,60,149,24,278,64,0,64,342
06/24/2007,FAT,CA,AWP,WE,Combined TRACON& Tower with Radar,51,52,28,6,137,0,13,148,5,166,51,65,176,11,303,44,0,44,347
06/25/2007,FAT,CA,AWP,WE,Combined TRACON& Tower with Radar,54,59,42,11,166,0,17,196,18,231,54,76,238,29,397,70,6,76,473
06/26/2007,FAT,CA,AWP,WE,Combined TRACON& Tower with Radar,52,68,63,0,183,0,22,190,10,222,52,90,253,10,405,72,0,72,477
06/27/2007,FAT,CA,AWP,WE,Combined TRACON& Tower with Radar,52,66,59,10,187,0,22,198,20,240,52,88,257,30,427,78,0,78,505
06/28/2007,FAT,CA,AWP,WE,Combined TRACON& Tower with Radar,53,73,71,13,210,0,20,194,33,247,53,93,265,46,457,68,0,68,525
06/29/2007,FAT,CA,AWP,WE,Combined TRACON& Tower with Radar,58,66,57,4,185,0,20,219,29,268,58,86,276,33,453,50,0,50,503
06/30/2007,FAT,CA,AWP,WE,Combined TRACON& Tower with Radar,43,57,35,0,135,0,17,134,8,159,43,74,169,8,294,62,0,62,356
07/01/2007,FAT,CA,AWP,WE,Combined TRACON& Tower with Radar,50,64,24,0,138,0,15,174,8,197,50,79,198,8,335,58,0,58,393
07/02/2007,FAT,CA,AWP,WE,Combined TRACON& Tower with Radar,54,60,43,8,165,0,34,157,19,210,54,94,200,27,375,72,4,76,451
07/03/2007,FAT,CA,AWP,WE,Combined TRACON& Tower with Radar,52,62,53,15,182,0,24,205,28,257,52,86,258,43,439,68,8,76,515
07/04/2007,FAT,CA,AWP,WE,Combined TRACON& Tower with Radar,43,47,13,1,104,0,8,116,5,129,43,55,129,6,233,60,0,60,293
07/05/2007,FAT,CA,AWP,WE,Combined TRACON& Tower with Radar,50,54,54,16,174,0,28,166,15,209,50,82,220,31,383,90,8,98,481
07/06/2007,FAT,CA,AWP,WE,Combined TRACON& Tower with Radar,52,65,58,4,179,0,24,209,9,242,52,89,267,13,421,76,0,76,497
07/07/2007,FAT,CA,AWP,WE,Combined TRACON& Tower with Radar,46,53,15,7,121,0,16,149,22,187,46,69,164,29,308,64,0,64,372
07/08/2007,FAT,CA,AWP,WE,Combined TRACON& Tower with Radar,51,52,21,1,125,0,15,114,12,141,51,67,135,13,266,70,0,70,336
07/09/2007,FAT,CA,AWP,WE,Combined TRACON& Tower with Radar,56,65,38,4,163,0,26,223,9,258,56,91,261,13,421,78,0,78,499
07/10/2007,FAT,CA,AWP,WE,Combined TRACON& Tower with Radar,51,64,63,13,191,0,18,215,22,255,51,82,278,35,446,70,0,70,516
07/11/2007,FAT,CA,AWP,WE,Combined TRACON& Tower with Radar,55,65,38,7,165,0,20,239,27,286,55,85,277,34,451,98,12,110,561
07/12/2007,FAT,CA,AWP,WE,Combined TRACON& Tower with Radar,55,67,46,5,173,0,16,185,34,235,55,83,231,39,408,68,8,76,484
07/13/2007,FAT,CA,AWP,WE,Combined TRACON& Tower with Radar,57,65,44,11,177,0,27,221,28,276,57,92,265,39,453,90,8,98,551
07/14/2007,FAT,CA,AWP,WE,Combined TRACON& Tower with Radar,45,53,37,3,138,0,12,157,19,188,45,65,194,22,326,74,0,74,400
07/15/2007,FAT,CA,AWP,WE,Combined TRACON& Tower with Radar,56,54,22,2,134,0,13,114,11,138,56,67,136,13,272,58,0,58,330
07/16/2007,FAT,CA,AWP,WE,Combined TRACON& Tower with Radar,55,68,49,15,187,0,22,198,7,227,55,90,247,22,414,52,6,58,472
07/17/2007,FAT,CA,AWP,WE,Combined TRACON& Tower with Radar,48,64,62,10,184,0,31,188,26,245,48,95,250,36,429,90,2,92,521
07/18/2007,FAT,CA,AWP,WE,Combined TRACON& Tower with Radar,55,62,101,12,230,0,26,210,20,256,55,88,311,32,486,78,6,84,570
07/19/2007,FAT,CA,AWP,WE,Combined TRACON& Tower with Radar,55,60,53,14,182,0,19,206,31,256,55,79,259,45,438,76,12,88,526
07/20/2007,FAT,CA,AWP,WE,Combined TRACON& Tower with Radar,55,63,50,8,176,0,30,245,21,296,55,93,295,29,472,84,6,90,562
07/21/2007,FAT,CA,AWP,WE,Combined TRACON& Tower with Radar,48,52,29,9,138,0,16,182,11,209,48,68,211,20,347,94,0,94,441
07/22/2007,FAT,CA,AWP,WE,Combined TRACON& Tower with Radar,49,55,29,4,137,0,15,141,14,170,49,70,170,18,307,54,0,54,361
07/23/2007,FAT,CA,AWP,WE,Combined TRACON& Tower with Radar,55,65,47,9,176,0,27,188,21,236,55,92,235,30,412,94,12,106,518
07/24/2007,FAT,CA,AWP,WE,Combined TRACON& Tower with Radar,54,58,37,11,160,0,25,235,25,285,54,83,272,36,445,78,0,78,523
07/25/2007,FAT,CA,AWP,WE,Combined TRACON& Tower with Radar,56,65,57,19,197,0,31,210,23,264,56,96,267,42,461,124,0,124,585
07/26/2007,FAT,CA,AWP,WE,Combined TRACON& Tower with Radar,58,64,45,19,186,0,21,219,28,268,58,85,264,47,454,76,0,76,530
07/27/2007,FAT,CA,AWP,WE,Combined TRACON& Tower with Radar,57,59,37,7,160,0,24,219,19,262,57,83,256,26,422,72,0,72,494
07/28/2007,FAT,CA,AWP,WE,Combined TRACON& Tower with Radar,44,55,19,1,119,0,16,138,7,161,44,71,157,8,280,62,0,62,342
07/29/2007,FAT,CA,AWP,WE,Combined TRACON& Tower with Radar,48,54,20,2,124,0,12,152,8,172,48,66,172,10,296,48,0,48,344
07/30/2007,FAT,CA,AWP,WE,Combined TRACON& Tower with Radar,52,58,42,9,161,0,29,207,12,248,52,87,249,21,409,100,0,100,509
07/31/2007,FAT,CA,AWP,WE,Combined TRACON& Tower with Radar,56,63,33,11,163,0,30,205,15,250,56,93,238,26,413,64,2,66,479
08/01/2007,FAT,CA,AWP,WE,Combined TRACON& Tower with Radar,54,75,64,10,203,0,25,221,31,277,54,100,285,41,480,76,0,76,556
08/02/2007,FAT,CA,AWP,WE,Combined TRACON& Tower with Radar,55,71,42,3,171,0,28,245,28,301,55,99,287,31,472,88,6,94,566
08/03/2007,FAT,CA,AWP,WE,Combined TRACON& Tower with Radar,57,70,43,7,177,0,23,178,17,218,57,93,221,24,395,130,0,130,525
08/04/2007,FAT,CA,AWP,WE,Combined TRACON& Tower with Radar,45,57,27,11,140,0,11,131,19,161,45,68,158,30,301,56,0,56,357
08/05/2007,FAT,CA,AWP,WE,Combined TRACON& Tower with Radar,55,55,24,4,138,0,14,124,40,178,55,69,148,44,316,62,6,68,384
08/06/2007,FAT,CA,AWP,WE,Combined TRACON& Tower with Radar,54,64,55,13,186,0,22,172,9,203,54,86,227,22,389,100,4,104,493
08/07/2007,FAT,CA,AWP,WE,Combined TRACON& Tower with Radar,51,65,71,8,195,0,24,235,22,281,51,89,306,30,476,74,0,74,550
08/08/2007,FAT,CA,AWP,WE,Combined TRACON& Tower with Radar,56,63,39,2,160,0,22,212,19,253,56,85,251,21,413,100,0,100,513
08/09/2007,FAT,CA,AWP,WE,Combined TRACON& Tower with Radar,53,70,51,5,179,0,22,240,22,284,53,92,291,27,463,78,0,78,541
08/10/2007,FAT,CA,AWP,WE,Combined TRACON& Tower with Radar,56,68,53,6,183,0,24,166,8,198,56,92,219,14,381,76,0,76,457
08/11/2007,FAT,CA,AWP,WE,Combined TRACON& Tower with Radar,49,51,24,0,124,0,11,121,4,136,49,62,145,4,260,66,0,66,326
08/12/2007,FAT,CA,AWP,WE,Combined TRACON& Tower with Radar,55,56,27,1,139,0,6,130,5,141,55,62,157,6,280,58,0,58,338
08/13/2007,FAT,CA,AWP,WE,Combined TRACON& Tower with Radar,52,55,37,2,146,0,26,196,22,244,52,81,233,24,390,78,0,78,468
08/14/2007,FAT,CA,AWP,WE,Combined TRACON& Tower with Radar,50,61,62,7,180,0,23,203,16,242,50,84,265,23,422,74,0,74,496
08/15/2007,FAT,CA,AWP,WE,Combined TRACON& Tower with Radar,56,65,65,15,201,0,22,172,11,205,56,87,237,26,406,74,0,74,480
08/16/2007,FAT,CA,AWP,WE,Combined TRACON& Tower with Radar,59,58,66,6,189,0,28,223,7,258,59,86,289,13,447,86,4,90,537
08/17/2007,FAT,CA,AWP,WE,Combined TRACON& Tower with Radar,55,70,52,9,186,0,24,269,15,308,55,94,321,24,494,78,6,84,578
08/18/2007,FAT,CA,AWP,WE,Combined TRACON& Tower with Radar,46,53,34,3,136,0,15,217,7,239,46,68,251,10,375,54,0,54,429
08/19/2007,FAT,CA,AWP,WE,Combined TRACON& Tower with Radar,51,57,34,0,142,0,15,125,3,143,51,72,159,3,285,62,0,62,347
08/20/2007,FAT,CA,AWP,WE,Combined TRACON& Tower with Radar,55,63,52,18,188,0,22,211,12,245,55,85,263,30,433,78,0,78,511
08/21/2007,FAT,CA,AWP,WE,Combined TRACON& Tower with Radar,54,74,89,33,250,0,25,236,9,270,54,99,325,42,520,82,0,82,602
08/22/2007,FAT,CA,AWP,WE,Combined TRACON& Tower with Radar,50,66,42,18,176,0,28,223,18,269,50,94,265,36,445,94,0,94,539
08/23/2007,FAT,CA,AWP,WE,Combined TRACON& Tower with Radar,51,63,64,8,186,0,25,267,17,309,51,88,331,25,495,86,0,86,581
08/24/2007,FAT,CA,AWP,WE,Combined TRACON& Tower with Radar,55,57,49,13,174,0,23,233,5,261,55,80,282,18,435,82,0,82,517
08/25/2007,FAT,CA,AWP,WE,Combined TRACON& Tower with Radar,43,53,29,3,128,0,12,141,3,156,43,65,170,6,284,62,0,62,346
08/26/2007,FAT,CA,AWP,WE,Combined TRACON& Tower with Radar,49,50,17,6,122,0,6,269,11,286,49,56,286,17,408,64,0,64,472
08/27/2007,FAT,CA,AWP,WE,Combined TRACON& Tower with Radar,50,57,59,12,178,0,30,234,10,274,50,87,293,22,452,68,0,68,520
08/28/2007,FAT,CA,AWP,WE,Combined TRACON& Tower with Radar,47,70,46,15,178,0,26,325,28,379,47,96,371,43,557,62,30,92,649
08/29/2007,FAT,CA,AWP,WE,Combined TRACON& Tower with Radar,50,61,85,12,208,0,38,279,13,330,50,99,364,25,538,68,0,68,606
08/30/2007,FAT,CA,AWP,WE,Combined TRACON& Tower with Radar,50,66,44,0,160,0,16,144,7,167,50,82,188,7,327,68,0,68,395
08/31/2007,FAT,CA,AWP,WE,Combined TRACON& Tower with Radar,48,64,50,5,167,0,24,246,18,288,48,88,296,23,455,66,12,78,533
09/01/2007,FAT,CA,AWP,WE,Combined TRACON& Tower with Radar,39,51,12,1,103,0,23,185,8,216,39,74,197,9,319,66,0,66,385
09/02/2007,FAT,CA,AWP,WE,Combined TRACON& Tower with Radar,36,38,10,0,84,0,8,110,2,120,36,46,120,2,204,88,0,88,292
09/03/2007,FAT,CA,AWP,WE,Combined TRACON& Tower with Radar,46,52,25,2,125,0,7,154,6,167,46,59,179,8,292,72,0,72,364
09/04/2007,FAT,CA,AWP,WE,Combined TRACON& Tower with Radar,49,66,60,13,188,0,28,201,11,240,49,94,261,24,428,98,8,106,534
09/05/2007,FAT,CA,AWP,WE,Combined TRACON& Tower with Radar,51,68,29,41,189,0,24,230,8,262,51,92,259,49,451,74,0,74,525
09/06/2007,FAT,CA,AWP,WE,Combined TRACON& Tower with Radar,56,69,48,13,186,0,29,228,16,273,56,98,276,29,459,104,0,104,563
09/07/2007,FAT,CA,AWP,WE,Combined TRACON& Tower with Radar,51,72,75,16,214,0,13,158,10,181,51,85,233,26,395,64,0,64,459
09/08/2007,FAT,CA,AWP,WE,Combined TRACON& Tower with Radar,44,39,15,6,104,0,14,151,6,171,44,53,166,12,275,60,0,60,335
09/09/2007,FAT,CA,AWP,WE,Combined TRACON& Tower with Radar,50,51,17,6,124,0,16,137,2,155,50,67,154,8,279,52,0,52,331
09/10/2007,FAT,CA,AWP,WE,Combined TRACON& Tower with Radar,52,56,65,9,182,0,29,255,16,300,52,85,320,25,482,90,0,90,572
09/11/2007,FAT,CA,AWP,WE,Combined TRACON& Tower with Radar,47,57,87,8,199,0,21,210,16,247,47,78,297,24,446,100,0,100,546
09/12/2007,FAT,CA,AWP,WE,Combined TRACON& Tower with Radar,53,62,121,14,250,0,28,234,24,286,53,90,355,38,536,74,2,76,612
09/13/2007,FAT,CA,AWP,WE,Combined TRACON& Tower with Radar,55,58,93,9,215,0,20,234,18,272,55,78,327,27,487,82,0,82,569
09/14/2007,FAT,CA,AWP,WE,Combined TRACON& Tower with Radar,55,63,85,6,209,0,22,247,8,277,55,85,332,14,486,70,0,70,556
09/15/2007,FAT,CA,AWP,WE,Combined TRACON& Tower with Radar,48,37,31,2,118,0,9,152,9,170,48,46,183,11,288,66,0,66,354
09/16/2007,FAT,CA,AWP,WE,Combined TRACON& Tower with Radar,49,56,25,1,131,0,6,147,5,158,49,62,172,6,289,58,0,58,347
09/17/2007,FAT,CA,AWP,WE,Combined TRACON& Tower with Radar,52,59,100,10,221,0,30,250,26,306,52,89,350,36,527,74,8,82,609
09/18/2007,FAT,CA,AWP,WE,Combined TRACON& Tower with Radar,47,62,77,15,201,0,29,221,11,261,47,91,298,26,462,84,4,88,550
09/19/2007,FAT,CA,AWP,WE,Combined TRACON& Tower with Radar,53,59,80,12,204,0,20,199,11,230,53,79,279,23,434,100,12,112,546
09/20/2007,FAT,CA,AWP,WE,Combined TRACON& Tower with Radar,55,58,90,12,215,0,23,215,18,256,55,81,305,30,471,120,10,130,601
09/21/2007,FAT,CA,AWP,WE,Combined TRACON& Tower with Radar,53,59,74,5,191,0,16,194,12,222,53,75,268,17,413,90,0,90,503
09/22/2007,FAT,CA,AWP,WE,Combined TRACON& Tower with Radar,45,38,33,2,118,0,12,106,5,123,45,50,139,7,241,98,0,98,339
09/23/2007,FAT,CA,AWP,WE,Combined TRACON& Tower with Radar,49,49,24,0,122,1,8,140,5,154,50,57,164,5,276,72,0,72,348
09/24/2007,FAT,CA,AWP,WE,Combined TRACON& Tower with Radar,54,57,60,9,180,0,24,216,14,254,54,81,276,23,434,82,0,82,516
09/25/2007,FAT,CA,AWP,WE,Combined TRACON& Tower with Radar,48,58,93,20,219,0,20,224,24,268,48,78,317,44,487,78,0,78,565
09/26/2007,FAT,CA,AWP,WE,Combined TRACON& Tower with Radar,53,50,104,14,221,0,28,201,11,240,53,78,305,25,461,72,4,76,537
09/27/2007,FAT,CA,AWP,WE,Combined TRACON& Tower with Radar,53,63,107,17,240,0,21,253,13,287,53,84,360,30,527,98,0,98,625
09/28/2007,FAT,CA,AWP,WE,Combined TRACON& Tower with Radar,59,58,92,0,209,0,16,210,8,234,59,74,302,8,443,82,0,82,525
09/29/2007,FAT,CA,AWP,WE,Combined TRACON& Tower with Radar,48,36,41,2,127,0,7,118,5,130,48,43,159,7,257,76,0,76,333
09/30/2007,FAT,CA,AWP,WE,Combined TRACON& Tower with Radar,51,45,32,1,129,0,12,135,6,153,51,57,167,7,282,56,0,56,338
10/01/2007,FAT,CA,AWP,WE,Combined TRACON& Tower with Radar,54,62,29,9,154,0,25,193,11,229,54,87,222,20,383,74,0,74,457
10/02/2007,FAT,CA,AWP,WE,Combined TRACON& Tower with Radar,53,66,57,21,197,0,14,170,16,200,53,80,227,37,397,52,0,52,449
10/03/2007,FAT,CA,AWP,WE,Combined TRACON& Tower with Radar,53,59,41,23,176,0,20,227,20,267,53,79,268,43,443,62,10,72,515
10/04/2007,FAT,CA,AWP,WE,Combined TRACON& Tower with Radar,62,57,67,23,209,0,29,221,24,274,62,86,288,47,483,82,0,82,565
10/05/2007,FAT,CA,AWP,WE,Combined TRACON& Tower with Radar,61,62,47,8,178,0,20,145,8,173,61,82,192,16,351,72,10,82,433
10/06/2007,FAT,CA,AWP,WE,Combined TRACON& Tower with Radar,48,43,22,1,114,0,17,137,2,156,48,60,159,3,270,48,0,48,318
10/07/2007,FAT,CA,AWP,WE,Combined TRACON& Tower with Radar,56,49,20,1,126,0,6,131,7,144,56,55,151,8,270,60,0,60,330
10/08/2007,FAT,CA,AWP,WE,Combined TRACON& Tower with Radar,58,55,59,1,173,0,15,204,6,225,58,70,263,7,398,76,0,76,474
10/09/2007,FAT,CA,AWP,WE,Combined TRACON& Tower with Radar,54,68,38,20,180,0,29,240,17,286,54,97,278,37,466,72,0,72,538
10/10/2007,FAT,CA,AWP,WE,Combined TRACON& Tower with Radar,57,70,80,16,223,0,22,205,7,234,57,92,285,23,457,68,8,76,533
10/11/2007,FAT,CA,AWP,WE,Combined TRACON& Tower with Radar,61,69,64,15,209,0,31,255,16,302,61,100,319,31,511,74,0,74,585
10/12/2007,FAT,CA,AWP,WE,Combined TRACON& Tower with Radar,62,62,55,22,201,0,13,114,3,130,62,75,169,25,331,74,0,74,405
10/13/2007,FAT,CA,AWP,WE,Combined TRACON& Tower with Radar,49,47,39,0,135,0,6,73,6,85,49,53,112,6,220,66,0,66,286
10/14/2007,FAT,CA,AWP,WE,Combined TRACON& Tower with Radar,52,53,37,10,152,0,18,165,7,190,52,71,202,17,342,80,0,80,422
10/15/2007,FAT,CA,AWP,WE,Combined TRACON& Tower with Radar,57,74,78,23,232,0,18,205,9,232,57,92,283,32,464,74,0,74,538
10/16/2007,FAT,CA,AWP,WE,Combined TRACON& Tower with Radar,55,66,42,12,175,0,15,149,3,167,55,81,191,15,342,78,0,78,420
10/17/2007,FAT,CA,AWP,WE,Combined TRACON& Tower with Radar,57,66,68,20,211,0,31,176,17,224,57,97,244,37,435,72,30,102,537
10/18/2007,FAT,CA,AWP,WE,Combined TRACON& Tower with Radar,62,70,59,14,205,0,30,241,12,283,62,100,300,26,488,104,0,104,592
10/19/2007,FAT,CA,AWP,WE,Combined TRACON& Tower with Radar,59,59,51,16,185,0,25,175,21,221,59,84,226,37,406,74,6,80,486
10/20/2007,FAT,CA,AWP,WE,Combined TRACON& Tower with Radar,47,38,25,12,122,0,8,63,6,77,47,46,88,18,199,60,0,60,259
10/21/2007,FAT,CA,AWP,WE,Combined TRACON& Tower with Radar,51,51,17,6,125,0,11,109,8,128,51,62,126,14,253,62,0,62,315
10/22/2007,FAT,CA,AWP,WE,Combined TRACON& Tower with Radar,56,57,53,12,178,0,32,198,8,238,56,89,251,20,416,52,2,54,470
10/23/2007,FAT,CA,AWP,WE,Combined TRACON& Tower with Radar,57,69,33,20,179,0,35,211,20,266,57,104,244,40,445,64,0,64,509
10/24/2007,FAT,CA,AWP,WE,Combined TRACON& Tower with Radar,59,62,97,16,234,0,32,206,11,249,59,94,303,27,483,90,0,90,573
10/25/2007,FAT,CA,AWP,WE,Combined TRACON& Tower with Radar,57,69,40,13,179,0,31,233,10,274,57,100,273,23,453,86,0,86,539
10/26/2007,FAT,CA,AWP,WE,Combined TRACON& Tower with Radar,62,67,82,6,217,0,21,165,8,194,62,88,247,14,411,76,0,76,487
10/27/2007,FAT,CA,AWP,WE,Combined TRACON& Tower with Radar,46,39,25,2,112,0,14,108,1,123,46,53,133,3,235,54,0,54,289
10/28/2007,FAT,CA,AWP,WE,Combined TRACON& Tower with Radar,52,45,33,5,135,0,10,116,2,128,52,55,149,7,263,66,0,66,329
10/29/2007,FAT,CA,AWP,WE,Combined TRACON& Tower with Radar,56,68,102,12,238,0,28,118,11,157,56,96,220,23,395,62,4,66,461
10/30/2007,FAT,CA,AWP,WE,Combined TRACON& Tower with Radar,60,86,73,15,234,0,15,153,2,170,60,101,226,17,404,68,0,68,472
10/31/2007,FAT,CA,AWP,WE,Combined TRACON& Tower with Radar,55,70,85,4,214,0,14,132,5,151,55,84,217,9,365,106,0,106,471
11/01/2007,FAT,CA,AWP,WE,Combined TRACON& Tower with Radar,61,82,100,18,261,0,15,136,8,159,61,97,236,26,420,86,0,86,506
11/02/2007,FAT,CA,AWP,WE,Combined TRACON& Tower with Radar,65,64,63,16,208,0,21,194,11,226,65,85,257,27,434,68,8,76,510
11/03/2007,FAT,CA,AWP,WE,Combined TRACON& Tower with Radar,49,37,27,11,124,0,12,139,12,163,49,49,166,23,287,94,2,96,383
11/04/2007,FAT,CA,AWP,WE,Combined TRACON& Tower with Radar,54,50,22,2,128,0,10,137,6,153,54,60,159,8,281,54,2,56,337
11/05/2007,FAT,CA,AWP,WE,Combined TRACON& Tower with Radar,57,68,56,5,186,0,29,207,11,247,57,97,263,16,433,80,6,86,519
11/06/2007,FAT,CA,AWP,WE,Combined TRACON& Tower with Radar,54,69,49,9,181,0,29,212,9,250,54,98,261,18,431,84,0,84,515
11/07/2007,FAT,CA,AWP,WE,Combined TRACON& Tower with Radar,64,71,92,11,238,0,20,169,5,194,64,91,261,16,432,84,0,84,516
11/08/2007,FAT,CA,AWP,WE,Combined TRACON& Tower with Radar,60,66,75,6,207,0,17,187,3,207,60,83,262,9,414,94,0,94,508
11/09/2007,FAT,CA,AWP,WE,Combined TRACON& Tower with Radar,57,63,63,25,208,0,18,198,10,226,57,81,261,35,434,86,6,92,526
11/10/2007,FAT,CA,AWP,WE,Combined TRACON& Tower with Radar,49,40,37,6,132,0,14,100,2,116,49,54,137,8,248,78,0,78,326
11/11/2007,FAT,CA,AWP,WE,Combined TRACON& Tower with Radar,49,53,35,13,150,0,14,50,1,65,49,67,85,14,215,60,2,62,277
11/12/2007,FAT,CA,AWP,WE,Combined TRACON& Tower with Radar,56,60,67,6,189,0,10,116,4,130,56,70,183,10,319,82,0,82,401
11/13/2007,FAT,CA,AWP,WE,Combined TRACON& Tower with Radar,53,78,56,4,191,0,23,179,6,208,53,101,235,10,399,94,0,94,493
11/14/2007,FAT,CA,AWP,WE,Combined TRACON& Tower with Radar,55,81,85,13,234,0,18,193,12,223,55,99,278,25,457,104,0,104,561
11/15/2007,FAT,CA,AWP,WE,Combined TRACON& Tower with Radar,55,77,40,4,176,0,19,208,2,229,55,96,248,6,405,68,0,68,473
11/16/2007,FAT,CA,AWP,WE,Combined TRACON& Tower with Radar,61,76,65,7,209,0,8,116,3,127,61,84,181,10,336,74,0,74,410
11/17/2007,FAT,CA,AWP,WE,Combined TRACON& Tower with Radar,48,45,13,4,110,0,10,98,4,112,48,55,111,8,222,62,0,62,284
11/18/2007,FAT,CA,AWP,WE,Combined TRACON& Tower with Radar,36,28,20,0,84,0,3,54,0,57,36,31,74,0,141,56,0,56,197
11/19/2007,FAT,CA,AWP,WE,Combined TRACON& Tower with Radar,56,74,106,13,249,0,14,160,15,189,56,88,266,28,438,74,0,74,512
11/20/2007,FAT,CA,AWP,WE,Combined TRACON& Tower with Radar,58,67,104,7,236,0,20,154,7,181,58,87,258,14,417,78,0,78,495
11/21/2007,FAT,CA,AWP,WE,Combined TRACON& Tower with Radar,62,64,29,9,164,0,24,203,15,242,62,88,232,24,406,74,0,74,480
11/22/2007,FAT,CA,AWP,WE,Combined TRACON& Tower with Radar,40,37,6,1,84,0,9,56,1,66,40,46,62,2,150,0,0,0,150
11/23/2007,FAT,CA,AWP,WE,Combined TRACON& Tower with Radar,49,52,19,4,124,0,16,109,2,127,49,68,128,6,251,90,0,90,341
11/24/2007,FAT,CA,AWP,WE,Combined TRACON& Tower with Radar,52,50,18,0,120,0,20,122,0,142,52,70,140,0,262,54,0,54,316
11/25/2007,FAT,CA,AWP,WE,Combined TRACON& Tower with Radar,56,53,33,0,142,0,10,112,5,127,56,63,145,5,269,60,0,60,329
11/26/2007,FAT,CA,AWP,WE,Combined TRACON& Tower with Radar,60,62,62,13,197,0,19,187,8,214,60,81,249,21,411,70,0,70,481
11/27/2007,FAT,CA,AWP,WE,Combined TRACON& Tower with Radar,58,68,62,14,202,0,17,193,6,216,58,85,255,20,418,88,0,88,506
11/28/2007,FAT,CA,AWP,WE,Combined TRACON& Tower with Radar,59,64,62,18,203,0,19,169,5,193,59,83,231,23,396,82,0,82,478
11/29/2007,FAT,CA,AWP,WE,Combined TRACON& Tower with Radar,60,76,64,14,214,0,18,192,6,216,60,94,256,20,430,86,0,86,516
11/30/2007,FAT,CA,AWP,WE,Combined TRACON& Tower with Radar,56,65,75,10,206,0,16,161,7,184,56,81,236,17,390,78,0,78,468
12/01/2007,FAT,CA,AWP,WE,Combined TRACON& Tower with Radar,49,43,26,4,122,0,11,107,22,140,49,54,133,26,262,94,0,94,356
12/02/2007,FAT,CA,AWP,WE,Combined TRACON& Tower with Radar,55,51,27,5,138,0,16,135,6,157,55,67,162,11,295,62,10,72,367
12/03/2007,FAT,CA,AWP,WE,Combined TRACON& Tower with Radar,55,60,40,15,170,0,23,194,10,227,55,83,234,25,397,66,4,70,467
12/04/2007,FAT,CA,AWP,WE,Combined TRACON& Tower with Radar,55,67,59,4,185,0,15,186,3,204,55,82,245,7,389,80,4,84,473
12/05/2007,FAT,CA,AWP,WE,Combined TRACON& Tower with Radar,57,73,88,15,233,0,8,93,0,101,57,81,181,15,334,108,0,108,442
12/06/2007,FAT,CA,AWP,WE,Combined TRACON& Tower with Radar,58,71,57,16,202,0,3,63,4,70,58,74,120,20,272,84,0,84,356
12/07/2007,FAT,CA,AWP,WE,Combined TRACON& Tower with Radar,58,70,70,23,221,0,8,83,4,95,58,78,153,27,316,96,6,102,418
12/08/2007,FAT,CA,AWP,WE,Combined TRACON& Tower with Radar,46,41,32,1,120,0,3,105,1,109,46,44,137,2,229,70,0,70,299
12/09/2007,FAT,CA,AWP,WE,Combined TRACON& Tower with Radar,54,46,23,1,124,0,6,90,2,98,54,52,113,3,222,74,0,74,296
12/10/2007,FAT,CA,AWP,WE,Combined TRACON& Tower with Radar,57,60,55,12,184,0,25,229,3,257,57,85,284,15,441,130,0,130,571
12/11/2007,FAT,CA,AWP,WE,Combined TRACON& Tower with Radar,54,65,63,9,191,0,12,143,1,156,54,77,206,10,347,76,0,76,423
12/12/2007,FAT,CA,AWP,WE,Combined TRACON& Tower with Radar,58,66,85,16,225,0,11,187,11,209,58,77,272,27,434,62,12,74,508
12/13/2007,FAT,CA,AWP,WE,Combined TRACON& Tower with Radar,61,80,113,19,273,0,11,165,3,179,61,91,278,22,452,84,8,92,544
12/14/2007,FAT,CA,AWP,WE,Combined TRACON& Tower with Radar,58,66,42,17,183,0,20,144,10,174,58,86,186,27,357,38,0,38,395
12/15/2007,FAT,CA,AWP,WE,Combined TRACON& Tower with Radar,49,49,26,9,133,0,6,118,5,129,49,55,144,14,262,156,0,156,418
12/16/2007,FAT,CA,AWP,WE,Combined TRACON& Tower with Radar,73,53,17,7,150,0,9,98,0,107,73,62,115,7,257,28,22,50,307
12/17/2007,FAT,CA,AWP,WE,Combined TRACON& Tower with Radar,59,68,36,8,171,0,13,118,5,136,59,81,154,13,307,76,6,82,389
12/18/2007,FAT,CA,AWP,WE,Combined TRACON& Tower with Radar,59,81,49,15,204,0,7,41,0,48,59,88,90,15,252,20,0,20,272
12/19/2007,FAT,CA,AWP,WE,Combined TRACON& Tower with Radar,62,78,83,23,246,0,8,68,12,88,62,86,151,35,334,66,2,68,402
12/20/2007,FAT,CA,AWP,WE,Combined TRACON& Tower with Radar,61,70,43,29,203,0,12,66,0,78,61,82,109,29,281,48,4,52,333
12/21/2007,FAT,CA,AWP,WE,Combined TRACON& Tower with Radar,60,59,65,12,196,0,21,126,13,160,60,80,191,25,356,80,12,92,448
12/22/2007,FAT,CA,AWP,WE,Combined TRACON& Tower with Radar,55,56,27,1,139,0,4,64,1,69,55,60,91,2,208,62,0,62,270
12/23/2007,FAT,CA,AWP,WE,Combined TRACON& Tower with Radar,55,53,33,0,141,0,1,13,0,14,55,54,46,0,155,66,0,66,221
12/24/2007,FAT,CA,AWP,WE,Combined TRACON& Tower with Radar,46,55,37,5,143,0,0,3,0,3,46,55,40,5,146,34,0,34,180
12/25/2007,FAT,CA,AWP,WE,Combined TRACON& Tower with Radar,54,49,19,0,122,0,1,28,0,29,54,50,47,0,151,8,0,8,159
12/26/2007,FAT,CA,AWP,WE,Combined TRACON& Tower with Radar,70,67,52,8,197,0,14,63,0,77,70,81,115,8,274,58,0,58,332
12/27/2007,FAT,CA,AWP,WE,Combined TRACON& Tower with Radar,64,64,34,11,173,0,29,152,6,187,64,93,186,17,360,120,6,126,486
12/28/2007,FAT,CA,AWP,WE,Combined TRACON& Tower with Radar,59,66,37,8,170,0,18,129,4,151,59,84,166,12,321,88,0,88,409
12/29/2007,FAT,CA,AWP,WE,Combined TRACON& Tower with Radar,47,51,23,0,121,0,5,88,2,95,47,56,111,2,216,72,0,72,288
12/30/2007,FAT,CA,AWP,WE,Combined TRACON& Tower with Radar,51,58,55,2,166,0,3,62,0,65,51,61,117,2,231,50,0,50,281
12/31/2007,FAT,CA,AWP,WE,Combined TRACON& Tower with Radar,53,62,38,7,160,0,6,46,0,52,53,68,84,7,212,36,0,36,248
01/01/2008,FAT,CA,AWP,WE,Combined TRACON& Tower with Radar,45,54,13,0,112,0,5,69,0,74,45,59,82,0,186,0,0,0,186
01/02/2008,FAT,CA,AWP,WE,Combined TRACON& Tower with Radar,57,71,47,12,187,0,18,128,12,158,57,89,175,24,345,80,0,80,425
01/03/2008,FAT,CA,AWP,WE,Combined TRACON& Tower with Radar,55,65,43,10,173,0,19,134,11,164,55,84,177,21,337,90,2,92,429
01/04/2008,FAT,CA,AWP,WE,Combined TRACON& Tower with Radar,81,67,12,6,166,0,6,33,0,39,81,73,45,6,205,46,0,46,251
01/05/2008,FAT,CA,AWP,WE,Combined TRACON& Tower with Radar,44,49,8,10,111,0,6,46,3,55,44,55,54,13,166,90,12,102,268
01/06/2008,FAT,CA,AWP,WE,Combined TRACON& Tower with Radar,50,48,30,5,133,0,9,64,5,78,50,57,94,10,211,50,2,52,263
01/07/2008,FAT,CA,AWP,WE,Combined TRACON& Tower with Radar,52,61,82,11,206,0,17,162,9,188,52,78,244,20,394,132,8,140,534
01/08/2008,FAT,CA,AWP,WE,Combined TRACON& Tower with Radar,50,61,60,12,183,0,11,166,15,192,50,72,226,27,375,100,0,100,475
01/09/2008,FAT,CA,AWP,WE,Combined TRACON& Tower with Radar,53,71,80,35,239,0,6,142,8,156,53,77,222,43,395,86,0,86,481
01/10/2008,FAT,CA,AWP,WE,Combined TRACON& Tower with Radar,53,86,51,18,208,0,6,54,5,65,53,92,105,23,273,68,6,74,347
01/11/2008,FAT,CA,AWP,WE,Combined TRACON& Tower with Radar,54,66,78,22,220,0,5,32,6,43,54,71,110,28,263,74,0,74,337
01/12/2008,FAT,CA,AWP,WE,Combined TRACON& Tower with Radar,41,37,38,7,123,0,10,41,3,54,41,47,79,10,177,70,0,70,247
01/13/2008,FAT,CA,AWP,WE,Combined TRACON& Tower with Radar,50,55,32,5,142,0,4,67,3,74,50,59,99,8,216,72,0,72,288
01/14/2008,FAT,CA,AWP,WE,Combined TRACON& Tower with Radar,54,60,48,18,180,0,10,156,9,175,54,70,204,27,355,92,2,94,449
01/15/2008,FAT,CA,AWP,WE,Combined TRACON& Tower with Radar,51,50,59,0,160,0,0,4,0,4,51,50,63,0,164,0,0,0,164
01/16/2008,FAT,CA,AWP,WE,Combined TRACON& Tower with Radar,53,74,68,22,217,0,6,82,7,95,53,80,150,29,312,50,14,64,376
01/17/2008,FAT,CA,AWP,WE,Combined TRACON& Tower with Radar,54,77,87,15,233,0,13,191,11,215,54,90,278,26,448,80,0,80,528
01/18/2008,FAT,CA,AWP,WE,Combined TRACON& Tower with Radar,54,79,63,23,219,0,10,149,12,171,54,89,212,35,390,66,2,68,458
01/19/2008,FAT,CA,AWP,WE,Combined TRACON& Tower with Radar,43,33,15,4,95,0,11,97,5,113,43,44,112,9,208,68,0,68,276
01/20/2008,FAT,CA,AWP,WE,Combined TRACON& Tower with Radar,47,43,22,0,112,0,11,96,0,107,47,54,118,0,219,50,0,50,269
01/21/2008,FAT,CA,AWP,WE,Combined TRACON& Tower with Radar,54,50,40,2,146,0,14,137,0,151,54,64,177,2,297,84,0,84,381
01/22/2008,FAT,CA,AWP,WE,Combined TRACON& Tower with Radar,54,71,74,16,215,0,14,163,19,196,54,85,237,35,411,130,16,146,557
01/23/2008,FAT,CA,AWP,WE,Combined TRACON& Tower with Radar,55,68,63,21,207,0,4,57,2,63,55,72,120,23,270,88,0,88,358
01/24/2008,FAT,CA,AWP,WE,Combined TRACON& Tower with Radar,51,68,51,7,177,0,9,106,12,127,51,77,157,19,304,86,0,86,390
01/25/2008,FAT,CA,AWP,WE,Combined TRACON& Tower with Radar,57,64,66,15,202,0,9,134,17,160,57,73,200,32,362,96,6,102,464
01/26/2008,FAT,CA,AWP,WE,Combined TRACON& Tower with Radar,38,39,12,0,89,0,12,96,5,113,38,51,108,5,202,82,0,82,284
01/27/2008,FAT,CA,AWP,WE,Combined TRACON& Tower with Radar,44,39,24,0,107,0,5,44,0,49,44,44,68,0,156,42,0,42,198
01/28/2008,FAT,CA,AWP,WE,Combined TRACON& Tower with Radar,53,56,57,20,186,0,13,74,12,99,53,69,131,32,285,66,10,76,361
01/29/2008,FAT,CA,AWP,WE,Combined TRACON& Tower with Radar,51,62,47,10,170,0,11,183,15,209,51,73,230,25,379,82,0,82,461
01/30/2008,FAT,CA,AWP,WE,Combined TRACON& Tower with Radar,51,66,56,17,190,0,15,137,15,167,51,81,193,32,357,76,12,88,445
01/31/2008,FAT,CA,AWP,WE,Combined TRACON& Tower with Radar,54,62,68,11,195,0,17,142,20,179,54,79,210,31,374,80,2,82,456
02/01/2008,FAT,CA,AWP,WE,Combined TRACON& Tower with Radar,51,71,50,13,185,0,15,92,6,113,51,86,142,19,298,62,0,62,360
02/02/2008,FAT,CA,AWP,WE,Combined TRACON& Tower with Radar,40,41,36,14,131,0,11,75,8,94,40,52,111,22,225,72,0,72,297
02/03/2008,FAT,CA,AWP,WE,Combined TRACON& Tower with Radar,43,41,20,2,106,0,6,24,1,31,43,47,44,3,137,62,0,62,199
02/04/2008,FAT,CA,AWP,WE,Combined TRACON& Tower with Radar,48,59,76,6,189,0,11,102,5,118,48,70,178,11,307,86,0,86,393
02/05/2008,FAT,CA,AWP,WE,Combined TRACON& Tower with Radar,52,61,39,14,166,0,23,193,16,232,52,84,232,30,398,78,0,78,476
02/06/2008,FAT,CA,AWP,WE,Combined TRACON& Tower with Radar,52,62,111,13,238,0,25,157,14,196,52,87,268,27,434,90,16,106,540
02/07/2008,FAT,CA,AWP,WE,Combined TRACON& Tower with Radar,48,68,72,16,204,0,10,159,21,190,48,78,231,37,394,70,4,74,468
02/08/2008,FAT,CA,AWP,WE,Combined TRACON& Tower with Radar,53,65,82,21,221,0,20,161,21,202,53,85,243,42,423,160,22,182,605
02/09/2008,FAT,CA,AWP,WE,Combined TRACON& Tower with Radar,38,54,30,6,128,0,7,101,7,115,38,61,131,13,243,42,14,56,299
02/10/2008,FAT,CA,AWP,WE,Combined TRACON& Tower with Radar,42,52,30,6,130,0,5,75,7,87,42,57,105,13,217,54,0,54,271
02/11/2008,FAT,CA,AWP,WE,Combined TRACON& Tower with Radar,46,74,61,10,191,0,5,74,3,82,46,79,135,13,273,64,0,64,337
02/12/2008,FAT,CA,AWP,WE,Combined TRACON& Tower with Radar,50,68,65,16,199,0,11,112,7,130,50,79,177,23,329,82,0,82,411
02/13/2008,FAT,CA,AWP,WE,Combined TRACON& Tower with Radar,57,72,79,16,224,0,7,90,8,105,57,79,169,24,329,74,0,74,403
02/14/2008,FAT,CA,AWP,WE,Combined TRACON& Tower with Radar,58,55,66,19,198,0,16,160,15,191,58,71,226,34,389,80,0,80,469
02/15/2008,FAT,CA,AWP,WE,Combined TRACON& Tower with Radar,57,65,37,13,172,0,20,211,11,242,57,85,248,24,414,68,10,78,492
02/16/2008,FAT,CA,AWP,WE,Combined TRACON& Tower with Radar,42,36,26,5,109,0,10,133,0,143,42,46,159,5,252,86,0,86,338
02/17/2008,FAT,CA,AWP,WE,Combined TRACON& Tower with Radar,57,51,8,3,119,0,9,97,4,110,57,60,105,7,229,50,4,54,283
02/18/2008,FAT,CA,AWP,WE,Combined TRACON& Tower with Radar,57,53,41,4,155,0,5,144,0,149,57,58,185,4,304,48,0,48,352
02/19/2008,FAT,CA,AWP,WE,Combined TRACON& Tower with Radar,52,67,51,10,180,0,8,121,17,146,52,75,172,27,326,88,0,88,414
02/20/2008,FAT,CA,AWP,WE,Combined TRACON& Tower with Radar,57,63,74,35,229,0,9,128,18,155,57,72,202,53,384,114,28,142,526
02/21/2008,FAT,CA,AWP,WE,Combined TRACON& Tower with Radar,58,65,67,11,201,0,9,122,15,146,58,74,189,26,347,96,0,96,443
02/22/2008,FAT,CA,AWP,WE,Combined TRACON& Tower with Radar,59,64,65,20,208,0,11,69,2,82,59,75,134,22,290,82,0,82,372
02/23/2008,FAT,CA,AWP,WE,Combined TRACON& Tower with Radar,43,46,21,11,121,0,6,60,1,67,43,52,81,12,188,56,0,56,244
02/24/2008,FAT,CA,AWP,WE,Combined TRACON& Tower with Radar,57,45,22,3,127,0,3,22,0,25,57,48,44,3,152,60,0,60,212
02/25/2008,FAT,CA,AWP,WE,Combined TRACON& Tower with Radar,58,62,57,10,187,0,9,74,15,98,58,71,131,25,285,90,0,90,375
02/26/2008,FAT,CA,AWP,WE,Combined TRACON& Tower with Radar,54,58,74,10,196,0,13,180,17,210,54,71,254,27,406,54,6,60,466
02/27/2008,FAT,CA,AWP,WE,Combined TRACON& Tower with Radar,57,60,56,11,184,0,19,177,13,209,57,79,233,24,393,62,0,62,455
02/28/2008,FAT,CA,AWP,WE,Combined TRACON& Tower with Radar,59,66,49,11,185,0,17,194,20,231,59,83,243,31,416,90,2,92,508
02/29/2008,FAT,CA,AWP,WE,Combined TRACON& Tower with Radar,57,61,52,11,181,0,17,173,17,207,57,78,225,28,388,78,0,78,466
03/01/2008,FAT,CA,AWP,WE,Combined TRACON& Tower with Radar,43,38,18,13,112,0,9,84,6,99,43,47,102,19,211,58,0,58,269
03/02/2008,FAT,CA,AWP,WE,Combined TRACON& Tower with Radar,54,45,20,7,126,0,3,132,7,142,54,48,152,14,268,40,0,40,308
03/03/2008,FAT,CA,AWP,WE,Combined TRACON& Tower with Radar,56,54,82,12,204,0,20,166,10,196,56,74,248,22,400,86,0,86,486
03/04/2008,FAT,CA,AWP,WE,Combined TRACON& Tower with Radar,52,51,46,18,167,0,28,155,9,192,52,79,201,27,359,70,4,74,433
03/05/2008,FAT,CA,AWP,WE,Combined TRACON& Tower with Radar,57,60,61,23,201,0,11,175,8,194,57,71,236,31,395,80,0,80,475
03/06/2008,FAT,CA,AWP,WE,Combined TRACON& Tower with Radar,56,69,78,28,231,0,16,203,17,236,56,85,281,45,467,92,0,92,559
03/07/2008,FAT,CA,AWP,WE,Combined TRACON& Tower with Radar,58,65,64,15,202,0,18,184,23,225,58,83,248,38,427,66,2,68,495
03/08/2008,FAT,CA,AWP,WE,Combined TRACON& Tower with Radar,39,37,23,2,101,0,5,103,13,121,39,42,126,15,222,72,4,76,298
03/09/2008,FAT,CA,AWP,WE,Combined TRACON& Tower with Radar,54,49,21,6,130,0,1,126,10,137,54,50,147,16,267,52,0,52,319
03/10/2008,FAT,CA,AWP,WE,Combined TRACON& Tower with Radar,60,58,75,17,210,0,12,139,15,166,60,70,214,32,376,80,8,88,464
03/11/2008,FAT,CA,AWP,WE,Combined TRACON& Tower with Radar,51,63,43,17,174,0,26,185,16,227,51,89,228,33,401,70,0,70,471
03/12/2008,FAT,CA,AWP,WE,Combined TRACON& Tower with Radar,53,63,55,12,183,0,12,229,21,262,53,75,284,33,445,94,0,94,539
03/13/2008,FAT,CA,AWP,WE,Combined TRACON& Tower with Radar,55,66,101,21,243,0,10,157,6,173,55,76,258,27,416,74,0,74,490
03/14/2008,FAT,CA,AWP,WE,Combined TRACON& Tower with Radar,55,58,63,7,183,0,20,168,11,199,55,78,231,18,382,76,0,76,458
03/15/2008,FAT,CA,AWP,WE,Combined TRACON& Tower with Radar,40,45,27,6,118,0,16,82,5,103,40,61,109,11,221,74,0,74,295
03/16/2008,FAT,CA,AWP,WE,Combined TRACON& Tower with Radar,51,48,35,0,134,0,9,100,1,110,51,57,135,1,244,46,0,46,290
03/17/2008,FAT,CA,AWP,WE,Combined TRACON& Tower with Radar,56,57,38,10,161,0,19,171,18,208,56,76,209,28,369,70,14,84,453
03/18/2008,FAT,CA,AWP,WE,Combined TRACON& Tower with Radar,49,55,72,18,194,0,19,203,14,236,49,74,275,32,430,86,0,86,516
03/19/2008,FAT,CA,AWP,WE,Combined TRACON& Tower with Radar,55,59,95,22,231,0,14,192,10,216,55,73,287,32,447,66,8,74,521
03/20/2008,FAT,CA,AWP,WE,Combined TRACON& Tower with Radar,59,65,52,16,192,0,13,188,21,222,59,78,240,37,414,64,8,72,486
03/21/2008,FAT,CA,AWP,WE,Combined TRACON& Tower with Radar,58,56,68,7,189,0,13,169,14,196,58,69,237,21,385,74,12,86,471
03/22/2008,FAT,CA,AWP,WE,Combined TRACON& Tower with Radar,43,36,52,0,131,0,10,128,6,144,43,46,180,6,275,56,0,56,331
03/23/2008,FAT,CA,AWP,WE,Combined TRACON& Tower with Radar,55,47,13,8,123,0,15,96,3,114,55,62,109,11,237,44,0,44,281
03/24/2008,FAT,CA,AWP,WE,Combined TRACON& Tower with Radar,57,50,114,25,246,0,33,233,10,276,57,83,347,35,522,88,4,92,614
03/25/2008,FAT,CA,AWP,WE,Combined TRACON& Tower with Radar,53,56,62,13,184,0,17,203,8,228,53,73,265,21,412,90,0,90,502
03/26/2008,FAT,CA,AWP,WE,Combined TRACON& Tower with Radar,59,60,48,7,174,0,19,170,14,203,59,79,218,21,377,96,4,100,477
03/27/2008,FAT,CA,AWP,WE,Combined TRACON& Tower with Radar,60,51,80,14,205,0,16,179,10,205,60,67,259,24,410,84,0,84,494
03/28/2008,FAT,CA,AWP,WE,Combined TRACON& Tower with Radar,56,66,86,8,216,2,17,169,11,199,58,83,255,19,415,112,0,112,527
03/29/2008,FAT,CA,AWP,WE,Combined TRACON& Tower with Radar,43,47,22,3,115,0,12,96,7,115,43,59,118,10,230,64,4,68,298
03/30/2008,FAT,CA,AWP,WE,Combined TRACON& Tower with Radar,54,46,21,8,129,0,10,112,6,128,54,56,133,14,257,70,0,70,327
03/31/2008,FAT,CA,AWP,WE,Combined TRACON& Tower with Radar,55,55,39,12,161,0,26,160,10,196,55,81,199,22,357,78,0,78,435
04/01/2008,FAT,CA,AWP,WE,Combined TRACON& Tower with Radar,53,60,53,15,181,0,18,196,14,228,53,78,249,29,409,84,0,84,493
04/02/2008,FAT,CA,AWP,WE,Combined TRACON& Tower with Radar,56,61,73,14,204,0,16,195,11,222,56,77,268,25,426,72,4,76,502
04/03/2008,FAT,CA,AWP,WE,Combined TRACON& Tower with Radar,52,62,51,12,177,0,20,215,14,249,52,82,266,26,426,64,6,70,496
04/04/2008,FAT,CA,AWP,WE,Combined TRACON& Tower with Radar,61,61,62,38,222,0,19,171,13,203,61,80,233,51,425,82,16,98,523
04/05/2008,FAT,CA,AWP,WE,Combined TRACON& Tower with Radar,44,33,27,7,111,0,20,121,18,159,44,53,148,25,270,58,16,74,344
04/06/2008,FAT,CA,AWP,WE,Combined TRACON& Tower with Radar,58,47,28,1,134,0,9,101,4,114,58,56,129,5,248,74,0,74,322
04/07/2008,FAT,CA,AWP,WE,Combined TRACON& Tower with Radar,68,50,42,13,173,0,34,208,19,261,68,84,250,32,434,76,16,92,526
04/08/2008,FAT,CA,AWP,WE,Combined TRACON& Tower with Radar,54,62,70,19,205,0,13,168,16,197,54,75,238,35,402,88,0,88,490
04/09/2008,FAT,CA,AWP,WE,Combined TRACON& Tower with Radar,59,57,75,7,198,0,14,202,16,232,59,71,277,23,430,98,48,146,576
04/10/2008,FAT,CA,AWP,WE,Combined TRACON& Tower with Radar,55,61,60,6,182,0,21,237,20,278,55,82,297,26,460,88,22,110,570
04/11/2008,FAT,CA,AWP,WE,Combined TRACON& Tower with Radar,59,52,57,10,178,0,22,232,18,272,59,74,289,28,450,102,6,108,558
04/12/2008,FAT,CA,AWP,WE,Combined TRACON& Tower with Radar,42,35,20,5,102,0,11,124,2,137,42,46,144,7,239,54,0,54,293
04/13/2008,FAT,CA,AWP,WE,Combined TRACON& Tower with Radar,56,45,27,0,128,0,7,104,2,113,56,52,131,2,241,56,0,56,297
04/14/2008,FAT,CA,AWP,WE,Combined TRACON& Tower with Radar,61,54,67,32,214,0,21,143,17,181,61,75,210,49,395,92,14,106,501
04/15/2008,FAT,CA,AWP,WE,Combined TRACON& Tower with Radar,58,56,35,13,162,0,24,128,20,172,58,80,163,33,334,14,8,22,356
04/16/2008,FAT,CA,AWP,WE,Combined TRACON& Tower with Radar,62,63,63,8,196,0,9,217,25,251,62,72,280,33,447,46,4,50,497
04/17/2008,FAT,CA,AWP,WE,Combined TRACON& Tower with Radar,60,54,61,16,191,0,13,221,18,252,60,67,282,34,443,46,0,46,489
04/18/2008,FAT,CA,AWP,WE,Combined TRACON& Tower with Radar,63,52,59,3,177,0,16,230,12,258,63,68,289,15,435,100,0,100,535
04/19/2008,FAT,CA,AWP,WE,Combined TRACON& Tower with Radar,43,33,12,1,89,0,11,103,0,114,43,44,115,1,203,10,0,10,213
04/20/2008,FAT,CA,AWP,WE,Combined TRACON& Tower with Radar,55,41,29,0,125,0,4,130,3,137,55,45,159,3,262,12,0,12,274
04/21/2008,FAT,CA,AWP,WE,Combined TRACON& Tower with Radar,62,45,38,26,171,4,24,157,13,198,66,69,195,39,369,142,0,142,511
04/22/2008,FAT,CA,AWP,WE,Combined TRACON& Tower with Radar,58,53,73,13,197,0,13,213,17,243,58,66,286,30,440,112,14,126,566
04/23/2008,FAT,CA,AWP,WE,Combined TRACON& Tower with Radar,59,58,60,9,186,0,11,169,11,191,59,69,229,20,377,84,14,98,475
04/24/2008,FAT,CA,AWP,WE,Combined TRACON& Tower with Radar,58,51,74,7,190,0,13,179,6,198,58,64,253,13,388,66,0,66,454
04/25/2008,FAT,CA,AWP,WE,Combined TRACON& Tower with Radar,60,54,33,7,154,0,13,233,15,261,60,67,266,22,415,108,0,108,523
04/26/2008,FAT,CA,AWP,WE,Combined TRACON& Tower with Radar,46,40,11,3,100,0,13,143,11,167,46,53,154,14,267,0,0,0,267
04/27/2008,FAT,CA,AWP,WE,Combined TRACON& Tower with Radar,56,46,19,3,124,0,4,138,7,149,56,50,157,10,273,0,0,0,273
04/28/2008,FAT,CA,AWP,WE,Combined TRACON& Tower with Radar,60,50,70,12,192,0,18,198,17,233,60,68,268,29,425,101,12,113,538
04/29/2008,FAT,CA,AWP,WE,Combined TRACON& Tower with Radar,59,52,43,8,162,0,15,148,10,173,59,67,191,18,335,36,16,52,387
04/30/2008,FAT,CA,AWP,WE,Combined TRACON& Tower with Radar,63,55,51,7,176,0,16,175,20,211,63,71,226,27,387,72,18,90,477
05/01/2008,FAT,CA,AWP,WE,Combined TRACON& Tower with Radar,60,49,38,13,160,0,16,226,18,260,60,65,264,31,420,44,24,68,488
05/02/2008,FAT,CA,AWP,WE,Combined TRACON& Tower with Radar,60,56,29,18,163,0,19,193,18,230,60,75,222,36,393,80,0,80,473
05/03/2008,FAT,CA,AWP,WE,Combined TRACON& Tower with Radar,41,40,23,14,118,0,20,121,29,170,41,60,144,43,288,74,8,82,370
05/04/2008,FAT,CA,AWP,WE,Combined TRACON& Tower with Radar,53,44,33,6,136,0,7,135,7,149,53,51,168,13,285,58,0,58,343
05/05/2008,FAT,CA,AWP,WE,Combined TRACON& Tower with Radar,60,54,33,4,151,0,25,187,9,221,60,79,220,13,372,86,0,86,458
05/06/2008,FAT,CA,AWP,WE,Combined TRACON& Tower with Radar,56,67,56,14,193,0,7,228,14,249,56,74,284,28,442,102,0,102,544
05/07/2008,FAT,CA,AWP,WE,Combined TRACON& Tower with Radar,60,67,66,10,203,0,12,188,11,211,60,79,254,21,414,84,0,84,498
05/08/2008,FAT,CA,AWP,WE,Combined TRACON& Tower with Radar,56,57,51,13,177,0,14,209,15,238,56,71,260,28,415,94,0,94,509
05/09/2008,FAT,CA,AWP,WE,Combined TRACON& Tower with Radar,60,58,51,6,175,0,17,177,14,208,60,75,228,20,383,110,0,110,493
05/10/2008,FAT,CA,AWP,WE,Combined TRACON& Tower with Radar,43,34,29,3,109,0,10,111,6,127,43,44,140,9,236,64,0,64,300
05/11/2008,FAT,CA,AWP,WE,Combined TRACON& Tower with Radar,54,41,19,0,114,0,10,100,2,112,54,51,119,2,226,84,0,84,310
05/12/2008,FAT,CA,AWP,WE,Combined TRACON& Tower with Radar,63,54,37,10,164,0,13,125,11,149,63,67,162,21,313,72,4,76,389
05/13/2008,FAT,CA,AWP,WE,Combined TRACON& Tower with Radar,56,52,41,27,176,0,16,208,11,235,56,68,249,38,411,80,14,94,505
05/14/2008,FAT,CA,AWP,WE,Combined TRACON& Tower with Radar,60,57,84,12,213,0,15,242,12,269,60,72,326,24,482,96,0,96,578
05/15/2008,FAT,CA,AWP,WE,Combined TRACON& Tower with Radar,60,54,50,10,174,0,18,236,17,271,60,72,286,27,445,96,0,96,541
05/16/2008,FAT,CA,AWP,WE,Combined TRACON& Tower with Radar,60,57,28,9,154,0,16,203,14,233,60,73,231,23,387,96,0,96,483
05/17/2008,FAT,CA,AWP,WE,Combined TRACON& Tower with Radar,41,35,30,7,113,0,19,129,14,162,41,54,159,21,275,88,0,88,363
05/18/2008,FAT,CA,AWP,WE,Combined TRACON& Tower with Radar,53,46,26,8,133,0,11,102,2,115,53,57,128,10,248,78,0,78,326
05/19/2008,FAT,CA,AWP,WE,Combined TRACON& Tower with Radar,54,53,47,13,167,0,24,184,9,217,54,77,231,22,384,76,6,82,466
05/20/2008,FAT,CA,AWP,WE,Combined TRACON& Tower with Radar,59,55,46,16,176,0,25,267,11,303,59,80,313,27,479,96,6,102,581
05/21/2008,FAT,CA,AWP,WE,Combined TRACON& Tower with Radar,56,60,30,14,160,0,14,155,8,177,56,74,185,22,337,94,0,94,431
05/22/2008,FAT,CA,AWP,WE,Combined TRACON& Tower with Radar,62,50,38,7,157,0,12,197,14,223,62,62,235,21,380,74,0,74,454
05/23/2008,FAT,CA,AWP,WE,Combined TRACON& Tower with Radar,60,58,43,10,171,0,16,207,16,239,60,74,250,26,410,90,0,90,500
05/24/2008,FAT,CA,AWP,WE,Combined TRACON& Tower with Radar,41,42,21,1,105,0,12,62,0,74,41,54,83,1,179,82,0,82,261
05/25/2008,FAT,CA,AWP,WE,Combined TRACON& Tower with Radar,46,37,32,2,117,0,5,28,1,34,46,42,60,3,151,58,0,58,209
05/26/2008,FAT,CA,AWP,WE,Combined TRACON& Tower with Radar,52,43,47,8,150,0,8,97,7,112,52,51,144,15,262,34,0,34,296
05/27/2008,FAT,CA,AWP,WE,Combined TRACON& Tower with Radar,57,59,42,17,175,0,16,217,10,243,57,75,259,27,418,132,0,132,550
05/28/2008,FAT,CA,AWP,WE,Combined TRACON& Tower with Radar,58,58,73,20,209,0,16,212,20,248,58,74,285,40,457,92,4,96,553
05/29/2008,FAT,CA,AWP,WE,Combined TRACON& Tower with Radar,61,61,70,17,209,0,14,236,5,255,61,75,306,22,464,88,6,94,558
05/30/2008,FAT,CA,AWP,WE,Combined TRACON& Tower with Radar,61,58,54,6,179,0,7,225,11,243,61,65,279,17,422,90,14,104,526
05/31/2008,FAT,CA,AWP,WE,Combined TRACON& Tower with Radar,41,40,30,2,113,0,7,102,4,113,41,47,132,6,226,70,0,70,296
06/01/2008,FAT,CA,AWP,WE,Combined TRACON& Tower with Radar,57,41,22,7,127,0,8,152,5,165,57,49,174,12,292,56,0,56,348
06/02/2008,FAT,CA,AWP,WE,Combined TRACON& Tower with Radar,59,55,46,15,175,0,17,186,7,210,59,72,232,22,385,82,0,82,467
06/03/2008,FAT,CA,AWP,WE,Combined TRACON& Tower with Radar,56,54,51,17,178,0,16,207,6,229,56,70,258,23,407,94,0,94,501
06/04/2008,FAT,CA,AWP,WE,Combined TRACON& Tower with Radar,57,58,48,21,184,0,11,177,5,193,57,69,225,26,377,82,14,96,473
06/05/2008,FAT,CA,AWP,WE,Combined TRACON& Tower with Radar,63,55,53,14,185,0,19,223,19,261,63,74,276,33,446,96,0,96,542
06/06/2008,FAT,CA,AWP,WE,Combined TRACON& Tower with Radar,64,54,35,2,155,0,20,175,8,203,64,74,210,10,358,72,2,74,432
06/07/2008,FAT,CA,AWP,WE,Combined TRACON& Tower with Radar,69,54,22,14,159,0,5,89,11,105,69,59,111,25,264,88,4,92,356
06/08/2008,FAT,CA,AWP,WE,Combined TRACON& Tower with Radar,54,42,15,2,113,0,13,95,0,108,54,55,110,2,221,84,0,84,305
06/09/2008,FAT,CA,AWP,WE,Combined TRACON& Tower with Radar,61,49,47,11,168,0,22,199,21,242,61,71,246,32,410,136,2,138,548
06/10/2008,FAT,CA,AWP,WE,Combined TRACON& Tower with Radar,60,53,70,5,188,0,24,237,12,273,60,77,307,17,461,88,0,88,549
06/11/2008,FAT,CA,AWP,WE,Combined TRACON& Tower with Radar,62,55,44,24,185,0,14,225,24,263,62,69,269,48,448,90,8,98,546
06/12/2008,FAT,CA,AWP,WE,Combined TRACON& Tower with Radar,62,57,58,12,189,0,15,265,17,297,62,72,323,29,486,122,0,122,608
06/13/2008,FAT,CA,AWP,WE,Combined TRACON& Tower with Radar,60,58,56,12,186,0,23,237,9,269,60,81,293,21,455,168,2,170,625
06/14/2008,FAT,CA,AWP,WE,Combined TRACON& Tower with Radar,53,41,35,13,142,0,26,153,6,185,53,67,188,19,327,100,0,100,427
06/15/2008,FAT,CA,AWP,WE,Combined TRACON& Tower with Radar,57,44,22,9,132,0,12,108,5,125,57,56,130,14,257,70,0,70,327
06/16/2008,FAT,CA,AWP,WE,Combined TRACON& Tower with Radar,61,59,44,5,169,0,14,207,18,239,61,73,251,23,408,104,2,106,514
06/17/2008,FAT,CA,AWP,WE,Combined TRACON& Tower with Radar,61,54,46,12,173,0,19,234,10,263,61,73,280,22,436,114,4,118,554
06/18/2008,FAT,CA,AWP,WE,Combined TRACON& Tower with Radar,61,54,45,6,166,0,19,225,14,258,61,73,270,20,424,160,4,164,588
06/19/2008,FAT,CA,AWP,WE,Combined TRACON& Tower with Radar,62,55,53,12,182,0,26,229,8,263,62,81,282,20,445,170,0,170,615
06/20/2008,FAT,CA,AWP,WE,Combined TRACON& Tower with Radar,61,54,35,7,157,0,27,231,9,267,61,81,266,16,424,228,0,228,652
06/21/2008,FAT,CA,AWP,WE,Combined TRACON& Tower with Radar,54,41,28,6,129,0,31,159,9,199,54,72,187,15,328,78,10,88,416
06/22/2008,FAT,CA,AWP,WE,Combined TRACON& Tower with Radar,59,46,26,7,138,0,9,210,34,253,59,55,236,41,391,86,0,86,477
06/23/2008,FAT,CA,AWP,WE,Combined TRACON& Tower with Radar,61,54,71,3,189,0,17,266,13,296,61,71,337,16,485,200,0,200,685
06/24/2008,FAT,CA,AWP,WE,Combined TRACON& Tower with Radar,60,54,71,13,198,0,16,240,12,268,60,70,311,25,466,178,0,178,644
06/25/2008,FAT,CA,AWP,WE,Combined TRACON& Tower with Radar,61,51,52,4,168,0,17,174,7,198,61,68,226,11,366,152,0,152,518
06/26/2008,FAT,CA,AWP,WE,Combined TRACON& Tower with Radar,69,61,51,8,189,0,7,167,9,183,69,68,218,17,372,170,2,172,544
06/27/2008,FAT,CA,AWP,WE,Combined TRACON& Tower with Radar,64,58,85,17,224,0,6,87,6,99,64,64,172,23,323,154,0,154,477
06/28/2008,FAT,CA,AWP,WE,Combined TRACON& Tower with Radar,51,43,23,12,129,0,14,109,11,134,51,57,132,23,263,114,0,114,377
06/29/2008,FAT,CA,AWP,WE,Combined TRACON& Tower with Radar,58,48,23,2,131,0,14,170,16,200,58,62,193,18,331,100,0,100,431
06/30/2008,FAT,CA,AWP,WE,Combined TRACON& Tower with Radar,60,57,65,9,191,0,13,219,15,247,60,70,284,24,438,126,6,132,570
07/01/2008,FAT,CA,AWP,WE,Combined TRACON& Tower with Radar,63,49,36,2,150,0,18,253,8,279,63,67,289,10,429,161,0,161,590
07/02/2008,FAT,CA,AWP,WE,Combined TRACON& Tower with Radar,61,58,62,1,182,0,15,252,22,289,61,73,314,23,471,152,4,156,627
07/03/2008,FAT,CA,AWP,WE,Combined TRACON& Tower with Radar,60,51,34,1,146,0,13,203,5,221,60,64,237,6,367,144,0,144,511
07/04/2008,FAT,CA,AWP,WE,Combined TRACON& Tower with Radar,42,33,19,2,96,0,6,96,15,117,42,39,115,17,213,18,0,18,231
07/05/2008,FAT,CA,AWP,WE,Combined TRACON& Tower with Radar,45,42,13,3,103,0,13,138,7,158,45,55,151,10,261,84,0,84,345
07/06/2008,FAT,CA,AWP,WE,Combined TRACON& Tower with Radar,53,42,19,5,119,0,7,117,5,129,53,49,136,10,248,76,0,76,324
07/07/2008,FAT,CA,AWP,WE,Combined TRACON& Tower with Radar,62,59,36,9,166,0,17,185,16,218,62,76,221,25,384,90,6,96,480
07/08/2008,FAT,CA,AWP,WE,Combined TRACON& Tower with Radar,58,60,78,17,213,0,22,179,10,211,58,82,257,27,424,110,12,122,546
07/09/2008,FAT,CA,AWP,WE,Combined TRACON& Tower with Radar,60,51,40,17,168,0,16,212,10,238,60,67,252,27,406,158,0,158,564
07/10/2008,FAT,CA,AWP,WE,Combined TRACON& Tower with Radar,58,53,66,14,191,0,9,203,10,222,58,62,269,24,413,136,0,136,549
07/11/2008,FAT,CA,AWP,WE,Combined TRACON& Tower with Radar,64,56,26,9,155,0,15,191,12,218,64,71,217,21,373,114,0,114,487
07/12/2008,FAT,CA,AWP,WE,Combined TRACON& Tower with Radar,51,44,22,14,131,0,15,104,20,139,51,59,126,34,270,108,0,108,378
07/13/2008,FAT,CA,AWP,WE,Combined TRACON& Tower with Radar,56,48,21,6,131,0,15,88,4,107,56,63,109,10,238,108,0,108,346
07/14/2008,FAT,CA,AWP,WE,Combined TRACON& Tower with Radar,61,49,60,6,176,0,19,217,18,254,61,68,277,24,430,102,14,116,546
07/15/2008,FAT,CA,AWP,WE,Combined TRACON& Tower with Radar,61,52,51,14,178,0,14,207,18,239,61,66,258,32,417,122,0,122,539
07/16/2008,FAT,CA,AWP,WE,Combined TRACON& Tower with Radar,60,54,69,8,191,0,20,223,21,264,60,74,292,29,455,124,2,126,581
07/17/2008,FAT,CA,AWP,WE,Combined TRACON& Tower with Radar,63,63,45,10,181,0,18,245,16,279,63,81,290,26,460,122,0,122,582
07/18/2008,FAT,CA,AWP,WE,Combined TRACON& Tower with Radar,62,63,45,19,189,0,15,193,13,221,62,78,238,32,410,100,2,102,512
07/19/2008,FAT,CA,AWP,WE,Combined TRACON& Tower with Radar,51,42,18,0,111,0,1,111,1,113,51,43,129,1,224,106,0,106,330
07/20/2008,FAT,CA,AWP,WE,Combined TRACON& Tower with Radar,56,45,29,34,164,0,8,120,2,130,56,53,149,36,294,76,10,86,380
07/21/2008,FAT,CA,AWP,WE,Combined TRACON& Tower with Radar,60,48,27,5,140,0,18,218,10,246,60,66,245,15,386,102,0,102,488
07/22/2008,FAT,CA,AWP,WE,Combined TRACON& Tower with Radar,60,58,31,13,162,0,12,263,21,296,60,70,294,34,458,88,10,98,556
07/23/2008,FAT,CA,AWP,WE,Combined TRACON& Tower with Radar,60,58,41,10,169,0,29,214,16,259,60,87,255,26,428,96,10,106,534
07/24/2008,FAT,CA,AWP,WE,Combined TRACON& Tower with Radar,63,56,60,38,217,0,9,211,18,238,63,65,271,56,455,92,16,108,563
07/25/2008,FAT,CA,AWP,WE,Combined TRACON& Tower with Radar,64,53,59,5,181,0,19,193,19,231,64,72,252,24,412,108,12,120,532
07/26/2008,FAT,CA,AWP,WE,Combined TRACON& Tower with Radar,54,42,22,0,118,0,14,197,9,220,54,56,219,9,338,90,0,90,428
07/27/2008,FAT,CA,AWP,WE,Combined TRACON& Tower with Radar,57,40,19,1,117,0,11,156,7,174,57,51,175,8,291,60,32,92,383
07/28/2008,FAT,CA,AWP,WE,Combined TRACON& Tower with Radar,64,54,51,9,178,0,22,260,25,307,64,76,311,34,485,102,4,106,591
07/29/2008,FAT,CA,AWP,WE,Combined TRACON& Tower with Radar,58,55,57,10,180,0,28,272,25,325,58,83,329,35,505,96,4,100,605
07/30/2008,FAT,CA,AWP,WE,Combined TRACON& Tower with Radar,64,61,28,8,161,0,11,249,25,285,64,72,277,33,446,116,10,126,572
07/31/2008,FAT,CA,AWP,WE,Combined TRACON& Tower with Radar,62,56,50,38,206,0,21,245,29,295,62,77,295,67,501,94,8,102,603
08/01/2008,FAT,CA,AWP,WE,Combined TRACON& Tower with Radar,61,55,30,11,157,0,14,185,26,225,61,69,215,37,382,104,0,104,486
08/02/2008,FAT,CA,AWP,WE,Combined TRACON& Tower with Radar,51,39,21,18,129,0,13,149,24,186,51,52,170,42,315,86,0,86,401
08/03/2008,FAT,CA,AWP,WE,Combined TRACON& Tower with Radar,57,38,31,7,133,0,9,118,16,143,57,47,149,23,276,86,0,86,362
08/04/2008,FAT,CA,AWP,WE,Combined TRACON& Tower with Radar,60,49,39,10,158,0,16,232,19,267,60,65,271,29,425,122,32,154,579
08/05/2008,FAT,CA,AWP,WE,Combined TRACON& Tower with Radar,58,53,74,11,196,0,20,204,18,242,58,73,278,29,438,128,10,138,576
08/06/2008,FAT,CA,AWP,WE,Combined TRACON& Tower with Radar,60,54,66,15,195,0,23,163,24,210,60,77,229,39,405,100,16,116,521
08/07/2008,FAT,CA,AWP,WE,Combined TRACON& Tower with Radar,59,54,41,10,164,0,15,228,23,266,59,69,269,33,430,88,20,108,538
08/08/2008,FAT,CA,AWP,WE,Combined TRACON& Tower with Radar,62,55,56,6,179,0,15,203,9,227,62,70,259,15,406,104,16,120,526
08/09/2008,FAT,CA,AWP,WE,Combined TRACON& Tower with Radar,53,46,29,12,140,0,10,131,5,146,53,56,160,17,286,82,0,82,368
08/10/2008,FAT,CA,AWP,WE,Combined TRACON& Tower with Radar,53,44,23,3,123,0,18,154,11,183,53,62,177,14,306,70,0,70,376
08/11/2008,FAT,CA,AWP,WE,Combined TRACON& Tower with Radar,61,58,71,30,220,0,10,198,25,233,61,68,269,55,453,98,14,112,565
08/12/2008,FAT,CA,AWP,WE,Combined TRACON& Tower with Radar,61,59,64,23,207,0,13,247,25,285,61,72,311,48,492,122,0,122,614
08/13/2008,FAT,CA,AWP,WE,Combined TRACON& Tower with Radar,60,56,83,23,222,0,16,233,13,262,60,72,316,36,484,102,18,120,604
08/14/2008,FAT,CA,AWP,WE,Combined TRACON& Tower with Radar,62,59,50,24,195,0,17,206,25,248,62,76,256,49,443,116,0,116,559
08/15/2008,FAT,CA,AWP,WE,Combined TRACON& Tower with Radar,63,54,39,14,170,0,12,182,12,206,63,66,221,26,376,110,0,110,486
08/16/2008,FAT,CA,AWP,WE,Combined TRACON& Tower with Radar,49,42,19,0,110,0,10,142,0,152,49,52,161,0,262,100,18,118,380
08/17/2008,FAT,CA,AWP,WE,Combined TRACON& Tower with Radar,54,42,21,0,117,0,6,122,1,129,54,48,143,1,246,74,0,74,320
08/18/2008,FAT,CA,AWP,WE,Combined TRACON& Tower with Radar,60,51,18,27,156,0,9,192,15,216,60,60,210,42,372,98,14,112,484
08/19/2008,FAT,CA,AWP,WE,Combined TRACON& Tower with Radar,53,48,60,18,179,0,14,215,20,249,53,62,275,38,428,124,20,144,572
08/20/2008,FAT,CA,AWP,WE,Combined TRACON& Tower with Radar,56,55,29,16,156,0,20,233,18,271,56,75,262,34,427,128,18,146,573
08/21/2008,FAT,CA,AWP,WE,Combined TRACON& Tower with Radar,57,52,43,13,165,0,22,225,16,263,57,74,268,29,428,112,10,122,550
08/22/2008,FAT,CA,AWP,WE,Combined TRACON& Tower with Radar,60,57,38,16,171,0,11,227,5,243,60,68,265,21,414,94,0,94,508
08/23/2008,FAT,CA,AWP,WE,Combined TRACON& Tower with Radar,42,43,11,11,107,0,17,125,3,145,42,60,136,14,252,110,10,120,372
08/24/2008,FAT,CA,AWP,WE,Combined TRACON& Tower with Radar,50,45,39,6,140,0,4,107,2,113,50,49,146,8,253,72,0,72,325
08/25/2008,FAT,CA,AWP,WE,Combined TRACON& Tower with Radar,60,50,50,9,169,0,12,157,6,175,60,62,207,15,344,80,10,90,434
08/26/2008,FAT,CA,AWP,WE,Combined TRACON& Tower with Radar,54,51,84,13,202,0,14,221,12,247,54,65,305,25,449,108,0,108,557
08/27/2008,FAT,CA,AWP,WE,Combined TRACON& Tower with Radar,56,47,55,7,165,0,14,213,8,235,56,61,268,15,400,122,18,140,540
08/28/2008,FAT,CA,AWP,WE,Combined TRACON& Tower with Radar,60,49,48,21,178,0,17,228,16,261,60,66,276,37,439,120,14,134,573
08/29/2008,FAT,CA,AWP,WE,Combined TRACON& Tower with Radar,60,55,56,21,192,0,17,190,10,217,60,72,246,31,409,108,10,118,527
08/30/2008,FAT,CA,AWP,WE,Combined TRACON& Tower with Radar,40,41,11,8,100,0,15,109,2,126,40,56,120,10,226,90,0,90,316
08/31/2008,FAT,CA,AWP,WE,Combined TRACON& Tower with Radar,31,29,7,2,69,0,15,137,5,157,31,44,144,7,226,94,0,94,320
09/01/2008,FAT,CA,AWP,WE,Combined TRACON& Tower with Radar,50,42,28,1,121,0,11,112,3,126,50,53,140,4,247,78,12,90,337
09/02/2008,FAT,CA,AWP,WE,Combined TRACON& Tower with Radar,42,49,49,12,152,0,22,187,8,217,42,71,236,20,369,94,16,110,479
09/03/2008,FAT,CA,AWP,WE,Combined TRACON& Tower with Radar,42,47,64,25,178,0,21,180,6,207,42,68,244,31,385,114,0,114,499
09/04/2008,FAT,CA,AWP,WE,Combined TRACON& Tower with Radar,48,58,71,24,201,0,10,243,9,262,48,68,314,33,463,110,10,120,583
09/05/2008,FAT,CA,AWP,WE,Combined TRACON& Tower with Radar,44,53,63,20,180,0,15,195,21,231,44,68,258,41,411,106,8,114,525
09/06/2008,FAT,CA,AWP,WE,Combined TRACON& Tower with Radar,30,33,17,6,86,0,8,126,18,152,30,41,143,24,238,70,4,74,312
09/07/2008,FAT,CA,AWP,WE,Combined TRACON& Tower with Radar,39,40,26,1,106,0,10,108,1,119,39,50,134,2,225,86,0,86,311
09/08/2008,FAT,CA,AWP,WE,Combined TRACON& Tower with Radar,40,52,43,4,139,0,18,174,13,205,40,70,217,17,344,110,8,118,462
09/09/2008,FAT,CA,AWP,WE,Combined TRACON& Tower with Radar,42,51,47,5,145,0,13,229,6,248,42,64,276,11,393,102,16,118,511
09/10/2008,FAT,CA,AWP,WE,Combined TRACON& Tower with Radar,42,58,41,12,153,0,14,241,16,271,42,72,282,28,424,100,8,108,532
09/11/2008,FAT,CA,AWP,WE,Combined TRACON& Tower with Radar,51,55,45,11,162,0,8,229,26,263,51,63,274,37,425,100,10,110,535
09/12/2008,FAT,CA,AWP,WE,Combined TRACON& Tower with Radar,43,59,42,18,162,0,22,319,18,359,43,81,361,36,521,102,10,112,633
09/13/2008,FAT,CA,AWP,WE,Combined TRACON& Tower with Radar,34,42,23,5,104,0,17,158,6,181,34,59,181,11,285,90,8,98,383
09/14/2008,FAT,CA,AWP,WE,Combined TRACON& Tower with Radar,38,43,24,3,108,0,8,111,8,127,38,51,135,11,235,82,0,82,317
09/15/2008,FAT,CA,AWP,WE,Combined TRACON& Tower with Radar,47,53,44,24,168,0,14,178,9,201,47,67,222,33,369,92,12,104,473
09/16/2008,FAT,CA,AWP,WE,Combined TRACON& Tower with Radar,42,55,61,16,174,0,11,179,12,202,42,66,240,28,376,58,12,70,446
09/17/2008,FAT,CA,AWP,WE,Combined TRACON& Tower with Radar,44,56,69,16,185,0,13,220,18,251,44,69,289,34,436,58,16,74,510
09/18/2008,FAT,CA,AWP,WE,Combined TRACON& Tower with Radar,47,57,90,16,210,0,11,239,21,271,47,68,329,37,481,88,16,104,585
09/19/2008,FAT,CA,AWP,WE,Combined TRACON& Tower with Radar,46,57,85,11,199,0,12,234,25,271,46,69,319,36,470,98,4,102,572
09/20/2008,FAT,CA,AWP,WE,Combined TRACON& Tower with Radar,30,42,18,2,92,0,11,134,3,148,30,53,152,5,240,56,16,72,312
09/21/2008,FAT,CA,AWP,WE,Combined TRACON& Tower with Radar,39,42,23,2,106,0,14,106,4,124,39,56,129,6,230,56,10,66,296
09/22/2008,FAT,CA,AWP,WE,Combined TRACON& Tower with Radar,42,46,53,11,152,0,22,221,10,253,42,68,274,21,405,70,10,80,485
09/23/2008,FAT,CA,AWP,WE,Combined TRACON& Tower with Radar,42,46,50,24,162,0,12,223,6,241,42,58,273,30,403,88,10,98,501
09/24/2008,FAT,CA,AWP,WE,Combined TRACON& Tower with Radar,42,56,68,13,179,0,26,251,13,290,42,82,319,26,469,110,0,110,579
09/25/2008,FAT,CA,AWP,WE,Combined TRACON& Tower with Radar,43,45,78,12,178,0,24,219,19,262,43,69,297,31,440,94,12,106,546
09/26/2008,FAT,CA,AWP,WE,Combined TRACON& Tower with Radar,43,52,62,10,167,0,21,200,9,230,43,73,262,19,397,102,4,106,503
09/27/2008,FAT,CA,AWP,WE,Combined TRACON& Tower with Radar,31,31,25,8,95,0,16,85,6,107,31,47,110,14,202,78,14,92,294
09/28/2008,FAT,CA,AWP,WE,Combined TRACON& Tower with Radar,37,41,7,5,90,0,7,102,3,112,37,48,109,8,202,88,0,88,290
09/29/2008,FAT,CA,AWP,WE,Combined TRACON& Tower with Radar,42,46,44,10,142,0,26,178,7,211,42,72,222,17,353,104,0,104,457
09/30/2008,FAT,CA,AWP,WE,Combined TRACON& Tower with Radar,42,46,58,4,150,0,24,237,5,266,42,70,295,9,416,74,20,94,510
10/01/2008,FAT,CA,AWP,WE,Combined TRACON& Tower with Radar,42,54,29,6,131,0,15,228,7,250,42,69,257,13,381,90,0,90,471
10/02/2008,FAT,CA,AWP,WE,Combined TRACON& Tower with Radar,45,51,63,3,162,0,19,209,8,236,45,70,272,11,398,90,22,112,510
10/03/2008,FAT,CA,AWP,WE,Combined TRACON& Tower with Radar,44,57,71,4,176,0,21,175,4,200,44,78,246,8,376,96,16,112,488
10/04/2008,FAT,CA,AWP,WE,Combined TRACON& Tower with Radar,34,36,19,11,100,0,8,59,4,71,34,44,78,15,171,76,14,90,261
10/05/2008,FAT,CA,AWP,WE,Combined TRACON& Tower with Radar,38,40,15,0,93,0,9,131,1,141,38,49,146,1,234,74,0,74,308
10/06/2008,FAT,CA,AWP,WE,Combined TRACON& Tower with Radar,43,57,41,12,153,0,13,185,10,208,43,70,226,22,361,90,10,100,461
10/07/2008,FAT,CA,AWP,WE,Combined TRACON& Tower with Radar,43,51,49,10,153,0,15,192,4,211,43,66,241,14,364,82,14,96,460
10/08/2008,FAT,CA,AWP,WE,Combined TRACON& Tower with Radar,45,51,46,8,150,0,18,205,10,233,45,69,251,18,383,84,8,92,475
10/09/2008,FAT,CA,AWP,WE,Combined TRACON& Tower with Radar,48,53,55,19,175,0,15,209,13,237,48,68,264,32,412,76,14,90,502
10/10/2008,FAT,CA,AWP,WE,Combined TRACON& Tower with Radar,46,57,30,6,139,0,17,205,8,230,46,74,235,14,369,98,8,106,475
10/11/2008,FAT,CA,AWP,WE,Combined TRACON& Tower with Radar,33,33,26,1,93,0,9,116,5,130,33,42,142,6,223,88,10,98,321
10/12/2008,FAT,CA,AWP,WE,Combined TRACON& Tower with Radar,40,40,11,0,91,0,10,101,2,113,40,50,112,2,204,68,8,76,280
10/13/2008,FAT,CA,AWP,WE,Combined TRACON& Tower with Radar,43,50,68,8,169,0,9,203,6,218,43,59,271,14,387,96,6,102,489
10/14/2008,FAT,CA,AWP,WE,Combined TRACON& Tower with Radar,40,49,78,20,187,0,19,198,7,224,40,68,276,27,411,82,8,90,501
10/15/2008,FAT,CA,AWP,WE,Combined TRACON& Tower with Radar,46,56,36,6,144,0,10,224,7,241,46,66,260,13,385,78,8,86,471
10/16/2008,FAT,CA,AWP,WE,Combined TRACON& Tower with Radar,45,59,46,15,165,0,12,196,9,217,45,71,242,24,382,88,12,100,482
10/17/2008,FAT,CA,AWP,WE,Combined TRACON& Tower with Radar,43,53,48,4,148,0,15,178,10,203,43,68,226,14,351,88,12,100,451
10/18/2008,FAT,CA,AWP,WE,Combined TRACON& Tower with Radar,34,35,38,0,107,0,25,89,2,116,34,60,127,2,223,80,8,88,311
10/19/2008,FAT,CA,AWP,WE,Combined TRACON& Tower with Radar,39,38,26,4,107,0,7,94,0,101,39,45,120,4,208,68,0,68,276
10/20/2008,FAT,CA,AWP,WE,Combined TRACON& Tower with Radar,43,51,44,13,151,0,30,202,9,241,43,81,246,22,392,0,0,0,392
10/21/2008,FAT,CA,AWP,WE,Combined TRACON& Tower with Radar,42,51,79,8,180,0,9,195,12,216,42,60,274,20,396,84,0,84,480
10/22/2008,FAT,CA,AWP,WE,Combined TRACON& Tower with Radar,42,52,58,8,160,0,16,173,10,199,42,68,231,18,359,78,14,92,451
10/23/2008,FAT,CA,AWP,WE,Combined TRACON& Tower with Radar,44,50,55,13,162,0,18,150,17,185,44,68,205,30,347,88,14,102,449
10/24/2008,FAT,CA,AWP,WE,Combined TRACON& Tower with Radar,45,58,51,7,161,0,18,181,18,217,45,76,232,25,378,90,10,100,478
10/25/2008,FAT,CA,AWP,WE,Combined TRACON& Tower with Radar,35,35,9,2,81,0,12,115,6,133,35,47,124,8,214,36,0,36,250
10/26/2008,FAT,CA,AWP,WE,Combined TRACON& Tower with Radar,40,43,31,5,119,0,10,128,6,144,40,53,159,11,263,34,0,34,297
10/27/2008,FAT,CA,AWP,WE,Combined TRACON& Tower with Radar,42,55,54,34,185,0,16,213,15,244,42,71,267,49,429,76,16,92,521
10/28/2008,FAT,CA,AWP,WE,Combined TRACON& Tower with Radar,44,52,68,20,184,0,11,198,13,222,44,63,266,33,406,90,16,106,512
10/29/2008,FAT,CA,AWP,WE,Combined TRACON& Tower with Radar,41,54,76,7,178,0,14,197,15,226,41,68,273,22,404,102,0,102,506
10/30/2008,FAT,CA,AWP,WE,Combined TRACON& Tower with Radar,49,62,74,18,203,0,9,166,11,186,49,71,240,29,389,68,6,74,463
10/31/2008,FAT,CA,AWP,WE,Combined TRACON& Tower with Radar,44,49,54,9,156,0,11,108,0,119,44,60,162,9,275,74,0,74,349
11/01/2008,FAT,CA,AWP,WE,Combined TRACON& Tower with Radar,37,37,21,25,120,0,7,48,6,61,37,44,69,31,181,68,10,78,259
11/02/2008,FAT,CA,AWP,WE,Combined TRACON& Tower with Radar,37,46,18,36,137,0,13,54,8,75,37,59,72,44,212,62,14,76,288
11/03/2008,FAT,CA,AWP,WE,Combined TRACON& Tower with Radar,41,54,69,8,172,0,9,136,9,154,41,63,205,17,326,78,2,80,406
11/04/2008,FAT,CA,AWP,WE,Combined TRACON& Tower with Radar,42,51,72,16,181,0,14,104,12,130,42,65,176,28,311,100,6,106,417
11/05/2008,FAT,CA,AWP,WE,Combined TRACON& Tower with Radar,43,59,71,24,197,0,11,218,17,246,43,70,289,41,443,84,4,88,531
11/06/2008,FAT,CA,AWP,WE,Combined TRACON& Tower with Radar,44,54,75,16,189,0,8,190,11,209,44,62,265,27,398,58,14,72,470
11/07/2008,FAT,CA,AWP,WE,Combined TRACON& Tower with Radar,45,59,99,25,228,0,17,188,18,223,45,76,287,43,451,52,10,62,513
11/08/2008,FAT,CA,AWP,WE,Combined TRACON& Tower with Radar,37,33,44,1,115,0,9,83,5,97,37,42,127,6,212,64,8,72,284
11/09/2008,FAT,CA,AWP,WE,Combined TRACON& Tower with Radar,41,45,36,2,124,0,2,63,3,68,41,47,99,5,192,62,0,62,254
11/10/2008,FAT,CA,AWP,WE,Combined TRACON& Tower with Radar,45,59,72,10,186,0,12,175,7,194,45,71,247,17,380,92,0,92,472
11/11/2008,FAT,CA,AWP,WE,Combined TRACON& Tower with Radar,42,47,55,7,151,0,14,155,11,180,42,61,210,18,331,68,4,72,403
11/12/2008,FAT,CA,AWP,WE,Combined TRACON& Tower with Radar,42,65,62,24,193,0,4,157,6,167,42,69,219,30,360,70,10,80,440
11/13/2008,FAT,CA,AWP,WE,Combined TRACON& Tower with Radar,44,56,92,20,212,0,10,168,16,194,44,66,260,36,406,52,10,62,468
11/14/2008,FAT,CA,AWP,WE,Combined TRACON& Tower with Radar,49,63,50,6,168,0,11,131,5,147,49,74,181,11,315,70,4,74,389
11/15/2008,FAT,CA,AWP,WE,Combined TRACON& Tower with Radar,40,31,16,3,90,0,9,89,4,102,40,40,105,7,192,80,0,80,272
11/16/2008,FAT,CA,AWP,WE,Combined TRACON& Tower with Radar,47,40,13,3,103,0,19,85,1,105,47,59,98,4,208,62,6,68,276
11/17/2008,FAT,CA,AWP,WE,Combined TRACON& Tower with Radar,43,53,59,11,166,0,11,153,13,177,43,64,212,24,343,70,6,76,419
11/18/2008,FAT,CA,AWP,WE,Combined TRACON& Tower with Radar,44,51,57,15,167,0,14,167,15,196,44,65,224,30,363,86,6,92,455
11/19/2008,FAT,CA,AWP,WE,Combined TRACON& Tower with Radar,42,52,66,12,172,0,19,185,5,209,42,71,251,17,381,56,16,72,453
11/20/2008,FAT,CA,AWP,WE,Combined TRACON& Tower with Radar,45,59,80,16,200,0,8,192,15,215,45,67,272,31,415,78,6,84,499
11/21/2008,FAT,CA,AWP,WE,Combined TRACON& Tower with Radar,44,95,83,9,231,0,6,75,1,82,44,101,158,10,313,24,0,24,337
11/22/2008,FAT,CA,AWP,WE,Combined TRACON& Tower with Radar,38,38,42,2,120,0,1,24,1,26,38,39,66,3,146,0,0,0,146
11/23/2008,FAT,CA,AWP,WE,Combined TRACON& Tower with Radar,48,46,41,2,137,0,5,43,0,48,48,51,84,2,185,24,8,32,217
11/24/2008,FAT,CA,AWP,WE,Combined TRACON& Tower with Radar,43,60,73,17,193,0,16,103,5,124,43,76,176,22,317,74,4,78,395
11/25/2008,FAT,CA,AWP,WE,Combined TRACON& Tower with Radar,48,64,122,33,267,0,4,87,1,92,48,68,209,34,359,28,0,28,387
11/26/2008,FAT,CA,AWP,WE,Combined TRACON& Tower with Radar,47,63,68,10,188,0,7,23,1,31,47,70,91,11,219,0,0,0,219
11/27/2008,FAT,CA,AWP,WE,Combined TRACON& Tower with Radar,30,25,33,1,89,0,3,6,0,9,30,28,39,1,98,0,0,0,98
11/28/2008,FAT,CA,AWP,WE,Combined TRACON& Tower with Radar,40,43,36,6,125,0,6,100,0,106,40,49,136,6,231,134,0,134,365
11/29/2008,FAT,CA,AWP,WE,Combined TRACON& Tower with Radar,41,46,30,0,117,0,4,119,0,123,41,50,149,0,240,48,0,48,288
11/30/2008,FAT,CA,AWP,WE,Combined TRACON& Tower with Radar,43,44,41,4,132,0,4,131,0,135,43,48,172,4,267,22,0,22,289
12/01/2008,FAT,CA,AWP,WE,Combined TRACON& Tower with Radar,36,40,73,12,161,0,2,14,0,16,36,42,87,12,177,94,4,98,275
12/02/2008,FAT,CA,AWP,WE,Combined TRACON& Tower with Radar,44,59,77,34,214,0,0,16,0,16,44,59,93,34,230,0,0,0,230
12/03/2008,FAT,CA,AWP,WE,Combined TRACON& Tower with Radar,45,60,120,16,241,0,5,84,2,91,45,65,204,18,332,92,4,96,428
12/04/2008,FAT,CA,AWP,WE,Combined TRACON& Tower with Radar,37,55,83,22,197,0,4,83,13,100,37,59,166,35,297,98,0,98,395
12/05/2008,FAT,CA,AWP,WE,Combined TRACON& Tower with Radar,43,53,82,7,185,0,0,6,0,6,43,53,88,7,191,0,0,0,191
12/06/2008,FAT,CA,AWP,WE,Combined TRACON& Tower with Radar,35,37,53,21,146,0,3,38,0,41,35,40,91,21,187,108,0,108,295
12/07/2008,FAT,CA,AWP,WE,Combined TRACON& Tower with Radar,39,42,46,1,128,0,2,29,0,31,39,44,75,1,159,88,0,88,247
12/08/2008,FAT,CA,AWP,WE,Combined TRACON& Tower with Radar,48,54,73,10,185,0,0,7,0,7,48,54,80,10,192,74,6,80,272
12/09/2008,FAT,CA,AWP,WE,Combined TRACON& Tower with Radar,61,48,81,20,210,0,9,122,9,140,61,57,203,29,350,72,24,96,446
12/10/2008,FAT,CA,AWP,WE,Combined TRACON& Tower with Radar,51,61,87,20,219,0,1,137,7,145,51,62,224,27,364,60,0,60,424
12/11/2008,FAT,CA,AWP,WE,Combined TRACON& Tower with Radar,52,47,73,11,183,0,1,76,1,78,52,48,149,12,261,74,0,74,335
12/12/2008,FAT,CA,AWP,WE,Combined TRACON& Tower with Radar,47,54,73,9,183,0,0,20,4,24,47,54,93,13,207,52,0,52,259
12/13/2008,FAT,CA,AWP,WE,Combined TRACON& Tower with Radar,45,26,33,8,112,0,3,80,5,88,45,29,113,13,200,74,4,78,278
12/14/2008,FAT,CA,AWP,WE,Combined TRACON& Tower with Radar,48,33,30,2,113,0,12,70,2,84,48,45,100,4,197,90,0,90,287
12/15/2008,FAT,CA,AWP,WE,Combined TRACON& Tower with Radar,53,52,59,12,176,0,7,66,5,78,53,59,125,17,254,56,4,60,314
12/16/2008,FAT,CA,AWP,WE,Combined TRACON& Tower with Radar,57,45,52,10,164,0,8,138,17,163,57,53,190,27,327,88,6,94,421
12/17/2008,FAT,CA,AWP,WE,Combined TRACON& Tower with Radar,57,44,94,15,210,0,5,57,8,70,57,49,151,23,280,60,6,66,346
12/18/2008,FAT,CA,AWP,WE,Combined TRACON& Tower with Radar,58,47,53,25,183,0,17,159,23,199,58,64,212,48,382,86,0,86,468
12/19/2008,FAT,CA,AWP,WE,Combined TRACON& Tower with Radar,55,48,45,8,156,0,12,189,11,212,55,60,234,19,368,84,8,92,460
12/20/2008,FAT,CA,AWP,WE,Combined TRACON& Tower with Radar,54,31,26,3,114,0,12,109,2,123,54,43,135,5,237,68,6,74,311
12/21/2008,FAT,CA,AWP,WE,Combined TRACON& Tower with Radar,45,33,27,5,110,0,3,57,0,60,45,36,84,5,170,46,18,64,234
12/22/2008,FAT,CA,AWP,WE,Combined TRACON& Tower with Radar,51,45,50,8,154,0,15,118,8,141,51,60,168,16,295,90,0,90,385
12/23/2008,FAT,CA,AWP,WE,Combined TRACON& Tower with Radar,54,54,44,15,167,0,9,146,17,172,54,63,190,32,339,88,10,98,437
12/24/2008,FAT,CA,AWP,WE,Combined TRACON& Tower with Radar,50,45,33,8,136,0,8,95,6,109,50,53,128,14,245,40,10,50,295
12/25/2008,FAT,CA,AWP,WE,Combined TRACON& Tower with Radar,47,28,24,0,99,0,4,29,4,37,47,32,53,4,136,0,0,0,136
12/26/2008,FAT,CA,AWP,WE,Combined TRACON& Tower with Radar,56,43,38,4,141,0,11,115,7,133,56,54,153,11,274,80,0,80,354
12/27/2008,FAT,CA,AWP,WE,Combined TRACON& Tower with Radar,52,31,10,0,93,0,11,106,8,125,52,42,116,8,218,106,0,106,324
12/28/2008,FAT,CA,AWP,WE,Combined TRACON& Tower with Radar,51,30,15,0,96,0,6,124,6,136,51,36,139,6,232,72,0,72,304
12/29/2008,FAT,CA,AWP,WE,Combined TRACON& Tower with Radar,55,38,29,5,127,0,9,107,8,124,55,47,136,13,251,44,12,56,307
12/30/2008,FAT,CA,AWP,WE,Combined TRACON& Tower with Radar,46,36,68,17,167,0,5,95,10,110,46,41,163,27,277,78,10,88,365
12/31/2008,FAT,CA,AWP,WE,Combined TRACON& Tower with Radar,35,27,19,0,81,0,0,6,0,6,35,27,25,0,87,48,10,58,145
01/01/2009,FAT,CA,AWP,WE,Combined TRACON& Tower with Radar,52,30,29,0,111,0,2,2,0,4,52,32,31,0,115,0,0,0,115
01/02/2009,FAT,CA,AWP,WE,Combined TRACON& Tower with Radar,57,51,73,10,191,0,2,11,1,14,57,53,84,11,205,80,10,90,295
01/03/2009,FAT,CA,AWP,WE,Combined TRACON& Tower with Radar,50,35,26,0,111,0,3,45,0,48,50,38,71,0,159,64,12,76,235
01/04/2009,FAT,CA,AWP,WE,Combined TRACON& Tower with Radar,48,36,45,0,129,0,5,43,1,49,48,41,88,1,178,82,0,82,260
01/05/2009,FAT,CA,AWP,WE,Combined TRACON& Tower with Radar,52,44,78,17,191,0,0,81,0,81,52,44,159,17,272,60,0,60,332
01/06/2009,FAT,CA,AWP,WE,Combined TRACON& Tower with Radar,50,44,85,22,201,0,1,60,0,61,50,45,145,22,262,90,0,90,352
01/07/2009,FAT,CA,AWP,WE,Combined TRACON& Tower with Radar,49,44,91,26,210,0,10,126,5,141,49,54,217,31,351,96,0,96,447
01/08/2009,FAT,CA,AWP,WE,Combined TRACON& Tower with Radar,51,50,89,30,220,0,0,16,0,16,51,50,105,30,236,62,0,62,298
01/09/2009,FAT,CA,AWP,WE,Combined TRACON& Tower with Radar,51,47,57,21,176,0,11,123,6,140,51,58,180,27,316,120,4,124,440
01/10/2009,FAT,CA,AWP,WE,Combined TRACON& Tower with Radar,38,28,45,15,126,0,8,116,7,131,38,36,161,22,257,64,4,68,325
01/11/2009,FAT,CA,AWP,WE,Combined TRACON& Tower with Radar,46,26,17,1,90,0,5,89,6,100,46,31,106,7,190,58,6,64,254
01/12/2009,FAT,CA,AWP,WE,Combined TRACON& Tower with Radar,51,45,49,8,153,0,14,164,5,183,51,59,213,13,336,80,0,80,416
01/13/2009,FAT,CA,AWP,WE,Combined TRACON& Tower with Radar,49,36,68,11,164,0,11,146,9,166,49,47,214,20,330,76,0,76,406
01/14/2009,FAT,CA,AWP,WE,Combined TRACON& Tower with Radar,51,40,53,6,150,0,14,164,6,184,51,54,217,12,334,92,0,92,426
01/15/2009,FAT,CA,AWP,WE,Combined TRACON& Tower with Radar,52,49,54,8,163,0,9,147,11,167,52,58,201,19,330,68,10,78,408
01/16/2009,FAT,CA,AWP,WE,Combined TRACON& Tower with Radar,54,54,45,6,159,0,7,171,7,185,54,61,216,13,344,76,20,96,440
01/17/2009,FAT,CA,AWP,WE,Combined TRACON& Tower with Radar,41,29,32,8,110,0,10,85,2,97,41,39,117,10,207,56,10,66,273
01/18/2009,FAT,CA,AWP,WE,Combined TRACON& Tower with Radar,49,31,22,0,102,0,10,89,0,99,49,41,111,0,201,62,0,62,263
01/19/2009,FAT,CA,AWP,WE,Combined TRACON& Tower with Radar,54,37,34,5,130,0,9,161,2,172,54,46,195,7,302,98,0,98,400
01/20/2009,FAT,CA,AWP,WE,Combined TRACON& Tower with Radar,50,42,44,13,149,0,13,164,15,192,50,55,208,28,341,64,12,76,417
01/21/2009,FAT,CA,AWP,WE,Combined TRACON& Tower with Radar,52,43,81,7,183,0,13,171,19,203,52,56,252,26,386,78,0,78,464
01/22/2009,FAT,CA,AWP,WE,Combined TRACON& Tower with Radar,53,48,112,10,223,0,2,42,3,47,53,50,154,13,270,50,2,52,322
01/23/2009,FAT,CA,AWP,WE,Combined TRACON& Tower with Radar,51,50,55,16,172,0,0,0,0,0,51,50,55,16,172,10,0,10,182
01/24/2009,FAT,CA,AWP,WE,Combined TRACON& Tower with Radar,41,30,27,7,105,0,3,38,1,42,41,33,65,8,147,26,0,26,173
01/25/2009,FAT,CA,AWP,WE,Combined TRACON& Tower with Radar,48,30,49,1,128,0,4,53,1,58,48,34,102,2,186,58,0,58,244
01/26/2009,FAT,CA,AWP,WE,Combined TRACON& Tower with Radar,51,40,48,9,148,0,9,101,3,113,51,49,149,12,261,80,10,90,351
01/27/2009,FAT,CA,AWP,WE,Combined TRACON& Tower with Radar,51,47,60,9,167,0,9,144,7,160,51,56,204,16,327,82,2,84,411
01/28/2009,FAT,CA,AWP,WE,Combined TRACON& Tower with Radar,51,39,72,13,175,0,14,153,10,177,51,53,225,23,352,128,10,138,490
01/29/2009,FAT,CA,AWP,WE,Combined TRACON& Tower with Radar,52,42,71,12,177,0,16,183,14,213,52,58,254,26,390,108,68,176,566
01/30/2009,FAT,CA,AWP,WE,Combined TRACON& Tower with Radar,50,47,55,15,167,0,12,145,7,164,50,59,200,22,331,78,2,80,411
01/31/2009,FAT,CA,AWP,WE,Combined TRACON& Tower with Radar,38,20,18,6,82,0,6,92,3,101,38,26,110,9,183,80,8,88,271
02/01/2009,FAT,CA,AWP,WE,Combined TRACON& Tower with Radar,44,28,17,9,98,0,9,80,0,89,44,37,97,9,187,70,0,70,257
02/02/2009,FAT,CA,AWP,WE,Combined TRACON& Tower with Radar,50,44,104,23,221,0,13,108,3,124,50,57,212,26,345,50,0,50,395
02/03/2009,FAT,CA,AWP,WE,Combined TRACON& Tower with Radar,50,38,46,11,145,0,18,166,15,199,50,56,212,26,344,94,8,102,446
02/04/2009,FAT,CA,AWP,WE,Combined TRACON& Tower with Radar,50,39,32,8,129,0,26,162,12,200,50,65,194,20,329,76,18,94,423
02/05/2009,FAT,CA,AWP,WE,Combined TRACON& Tower with Radar,52,47,77,18,194,0,6,129,5,140,52,53,206,23,334,204,2,206,540
02/06/2009,FAT,CA,AWP,WE,Combined TRACON& Tower with Radar,50,53,64,8,175,0,8,46,2,56,50,61,110,10,231,84,8,92,323
02/07/2009,FAT,CA,AWP,WE,Combined TRACON& Tower with Radar,41,27,24,20,112,0,8,77,10,95,41,35,101,30,207,18,0,18,225
02/08/2009,FAT,CA,AWP,WE,Combined TRACON& Tower with Radar,49,28,27,0,104,0,7,72,7,86,49,35,99,7,190,72,10,82,272
02/09/2009,FAT,CA,AWP,WE,Combined TRACON& Tower with Radar,50,40,41,7,138,0,4,110,6,120,50,44,151,13,258,64,18,82,340
02/10/2009,FAT,CA,AWP,WE,Combined TRACON& Tower with Radar,49,38,54,19,160,0,16,220,14,250,49,54,274,33,410,104,8,112,522
02/11/2009,FAT,CA,AWP,WE,Combined TRACON& Tower with Radar,52,44,70,10,176,0,11,168,6,185,52,55,238,16,361,102,0,102,463
02/12/2009,FAT,CA,AWP,WE,Combined TRACON& Tower with Radar,57,56,78,19,210,0,8,132,18,158,57,64,210,37,368,72,10,82,450
02/13/2009,FAT,CA,AWP,WE,Combined TRACON& Tower with Radar,49,50,48,12,159,0,1,53,3,57,49,51,101,15,216,64,6,70,286
02/14/2009,FAT,CA,AWP,WE,Combined TRACON& Tower with Radar,45,30,10,1,86,0,15,120,4,139,45,45,130,5,225,44,0,44,269
02/15/2009,FAT,CA,AWP,WE,Combined TRACON& Tower with Radar,47,30,12,12,101,0,0,8,36,44,47,30,20,48,145,68,10,78,223
02/16/2009,FAT,CA,AWP,WE,Combined TRACON& Tower with Radar,52,37,38,3,130,0,2,44,0,46,52,39,82,3,176,108,12,120,296
02/17/2009,FAT,CA,AWP,WE,Combined TRACON& Tower with Radar,49,45,41,21,156,0,4,118,5,127,49,49,159,26,283,84,0,84,367
02/18/2009,FAT,CA,AWP,WE,Combined TRACON& Tower with Radar,52,42,30,15,139,0,13,228,13,254,52,55,258,28,393,98,0,98,491
02/19/2009,FAT,CA,AWP,WE,Combined TRACON& Tower with Radar,54,42,37,18,151,0,15,211,12,238,54,57,248,30,389,98,10,108,497
02/20/2009,FAT,CA,AWP,WE,Combined TRACON& Tower with Radar,51,43,38,10,142,0,11,195,10,216,51,54,233,20,358,104,0,104,462
02/21/2009,FAT,CA,AWP,WE,Combined TRACON& Tower with Radar,47,31,26,5,109,0,15,138,7,160,47,46,164,12,269,98,0,98,367
02/22/2009,FAT,CA,AWP,WE,Combined TRACON& Tower with Radar,50,27,23,3,103,0,6,43,0,49,50,33,66,3,152,18,0,18,170
02/23/2009,FAT,CA,AWP,WE,Combined TRACON& Tower with Radar,50,41,67,10,168,0,13,104,10,127,50,54,171,20,295,98,0,98,393
02/24/2009,FAT,CA,AWP,WE,Combined TRACON& Tower with Radar,49,46,56,12,163,0,16,229,15,260,49,62,285,27,423,140,0,140,563
02/25/2009,FAT,CA,AWP,WE,Combined TRACON& Tower with Radar,50,47,70,10,177,0,14,194,11,219,50,61,264,21,396,90,0,90,486
02/26/2009,FAT,CA,AWP,WE,Combined TRACON& Tower with Radar,52,52,44,11,159,0,13,185,17,215,52,65,229,28,374,126,0,126,500
02/27/2009,FAT,CA,AWP,WE,Combined TRACON& Tower with Radar,52,42,50,7,151,0,21,166,12,199,52,63,216,19,350,98,0,98,448
02/28/2009,FAT,CA,AWP,WE,Combined TRACON& Tower with Radar,47,30,21,0,98,0,12,107,1,120,47,42,128,1,218,90,0,90,308
03/01/2009,FAT,CA,AWP,WE,Combined TRACON& Tower with Radar,27,47,47,2,123,0,7,60,9,76,27,54,107,11,199,90,0,90,289
03/02/2009,FAT,CA,AWP,WE,Combined TRACON& Tower with Radar,34,56,38,17,145,0,12,103,8,123,34,68,141,25,268,96,0,96,364
03/03/2009,FAT,CA,AWP,WE,Combined TRACON& Tower with Radar,32,55,50,18,155,0,19,142,17,178,32,74,192,35,333,108,16,124,457
03/04/2009,FAT,CA,AWP,WE,Combined TRACON& Tower with Radar,32,69,65,9,175,0,6,119,11,136,32,75,184,20,311,72,14,86,397
03/05/2009,FAT,CA,AWP,WE,Combined TRACON& Tower with Radar,33,60,50,18,161,0,12,163,30,205,33,72,213,48,366,110,6,116,482
03/06/2009,FAT,CA,AWP,WE,Combined TRACON& Tower with Radar,33,60,34,6,133,0,13,116,23,152,33,73,150,29,285,96,10,106,391
03/07/2009,FAT,CA,AWP,WE,Combined TRACON& Tower with Radar,30,42,19,11,102,0,10,117,15,142,30,52,136,26,244,90,8,98,342
03/08/2009,FAT,CA,AWP,WE,Combined TRACON& Tower with Radar,34,52,13,2,101,0,10,117,13,140,34,62,130,15,241,72,10,82,323
03/09/2009,FAT,CA,AWP,WE,Combined TRACON& Tower with Radar,40,61,48,11,160,0,19,131,19,169,40,80,179,30,329,82,24,106,435
03/10/2009,FAT,CA,AWP,WE,Combined TRACON& Tower with Radar,34,55,50,14,153,0,10,179,31,220,34,65,229,45,373,88,12,100,473
03/11/2009,FAT,CA,AWP,WE,Combined TRACON& Tower with Radar,33,55,43,17,148,0,12,184,23,219,33,67,227,40,367,94,8,102,469
03/12/2009,FAT,CA,AWP,WE,Combined TRACON& Tower with Radar,37,61,43,14,155,0,9,195,25,229,37,70,238,39,384,112,20,132,516
03/13/2009,FAT,CA,AWP,WE,Combined TRACON& Tower with Radar,35,57,47,12,151,0,18,164,20,202,35,75,211,32,353,90,4,94,447
03/14/2009,FAT,CA,AWP,WE,Combined TRACON& Tower with Radar,29,40,49,8,126,0,15,105,14,134,29,55,154,22,260,92,14,106,366
03/15/2009,FAT,CA,AWP,WE,Combined TRACON& Tower with Radar,35,42,23,2,102,0,17,87,10,114,35,59,110,12,216,56,0,56,272
03/16/2009,FAT,CA,AWP,WE,Combined TRACON& Tower with Radar,40,53,41,17,151,0,13,177,18,208,40,66,218,35,359,110,12,122,481
03/17/2009,FAT,CA,AWP,WE,Combined TRACON& Tower with Radar,34,56,55,12,157,0,8,190,20,218,34,64,245,32,375,82,0,82,457
03/18/2009,FAT,CA,AWP,WE,Combined TRACON& Tower with Radar,37,66,38,13,154,0,14,140,34,188,37,80,178,47,342,74,8,82,424
03/19/2009,FAT,CA,AWP,WE,Combined TRACON& Tower with Radar,37,53,31,15,136,0,16,158,27,201,37,69,189,42,337,74,10,84,421
03/20/2009,FAT,CA,AWP,WE,Combined TRACON& Tower with Radar,45,57,48,6,156,0,16,142,42,200,45,73,190,48,356,104,0,104,460
03/21/2009,FAT,CA,AWP,WE,Combined TRACON& Tower with Radar,30,41,19,0,90,0,9,59,16,84,30,50,78,16,174,6,0,6,180
03/22/2009,FAT,CA,AWP,WE,Combined TRACON& Tower with Radar,33,46,27,2,108,0,9,51,8,68,33,55,78,10,176,2,0,2,178
03/23/2009,FAT,CA,AWP,WE,Combined TRACON& Tower with Radar,35,55,36,15,141,0,15,135,19,169,35,70,171,34,310,68,0,68,378
03/24/2009,FAT,CA,AWP,WE,Combined TRACON& Tower with Radar,35,47,42,11,135,0,25,156,16,197,35,72,198,27,332,37,0,37,369
03/25/2009,FAT,CA,AWP,WE,Combined TRACON& Tower with Radar,39,55,42,5,141,0,12,174,9,195,39,67,216,14,336,20,0,20,356
03/26/2009,FAT,CA,AWP,WE,Combined TRACON& Tower with Radar,40,50,46,18,154,0,14,166,14,194,40,64,212,32,348,58,0,58,406
03/27/2009,FAT,CA,AWP,WE,Combined TRACON& Tower with Radar,37,63,23,12,135,0,13,182,27,222,37,76,205,39,357,76,4,80,437
03/28/2009,FAT,CA,AWP,WE,Combined TRACON& Tower with Radar,29,39,35,4,107,0,16,119,13,148,29,55,154,17,255,74,0,74,329
03/29/2009,FAT,CA,AWP,WE,Combined TRACON& Tower with Radar,38,39,17,6,100,0,16,87,11,114,38,55,104,17,214,50,0,50,264
03/30/2009,FAT,CA,AWP,WE,Combined TRACON& Tower with Radar,37,57,47,11,152,0,20,139,19,178,37,77,186,30,330,72,0,72,402
03/31/2009,FAT,CA,AWP,WE,Combined TRACON& Tower with Radar,34,52,55,22,163,0,18,202,32,252,34,70,257,54,415,78,0,78,493
04/01/2009,FAT,CA,AWP,WE,Combined TRACON& Tower with Radar,27,68,50,11,156,0,17,153,6,176,27,85,203,17,332,84,10,94,426
04/02/2009,FAT,CA,AWP,WE,Combined TRACON& Tower with Radar,26,69,36,5,136,0,8,118,2,128,26,77,154,7,264,144,0,144,408
04/03/2009,FAT,CA,AWP,WE,Combined TRACON& Tower with Radar,24,69,20,17,130,0,13,77,7,97,24,82,97,24,227,56,6,62,289
04/04/2009,FAT,CA,AWP,WE,Combined TRACON& Tower with Radar,19,40,11,15,85,0,7,83,14,104,19,47,94,29,189,59,18,77,266
04/05/2009,FAT,CA,AWP,WE,Combined TRACON& Tower with Radar,26,48,13,3,90,0,2,74,2,78,26,50,87,5,168,72,14,86,254
04/06/2009,FAT,CA,AWP,WE,Combined TRACON& Tower with Radar,27,62,21,5,115,0,22,125,4,151,27,84,146,9,266,112,8,120,386
04/07/2009,FAT,CA,AWP,WE,Combined TRACON& Tower with Radar,24,61,44,9,138,0,15,93,3,111,24,76,137,12,249,74,8,82,331
04/08/2009,FAT,CA,AWP,WE,Combined TRACON& Tower with Radar,26,63,31,9,129,0,13,124,12,149,26,76,155,21,278,88,14,102,380
04/09/2009,FAT,CA,AWP,WE,Combined TRACON& Tower with Radar,26,70,29,9,134,0,15,127,8,150,26,85,156,17,284,42,0,42,326
04/10/2009,FAT,CA,AWP,WE,Combined TRACON& Tower with Radar,25,73,32,5,135,0,9,83,3,95,25,82,115,8,230,82,16,98,328
04/11/2009,FAT,CA,AWP,WE,Combined TRACON& Tower with Radar,19,42,18,0,79,0,2,62,1,65,19,44,80,1,144,70,8,78,222
04/12/2009,FAT,CA,AWP,WE,Combined TRACON& Tower with Radar,26,49,17,1,93,0,4,65,0,69,26,53,82,1,162,68,14,82,244
04/13/2009,FAT,CA,AWP,WE,Combined TRACON& Tower with Radar,27,65,29,12,133,0,13,108,6,127,27,78,137,18,260,74,8,82,342
04/14/2009,FAT,CA,AWP,WE,Combined TRACON& Tower with Radar,24,63,15,10,112,0,10,79,4,93,24,73,94,14,205,0,0,0,205
04/15/2009,FAT,CA,AWP,WE,Combined TRACON& Tower with Radar,26,60,29,6,121,0,10,84,10,104,26,70,113,16,225,0,0,0,225
04/16/2009,FAT,CA,AWP,WE,Combined TRACON& Tower with Radar,24,70,31,9,134,0,12,146,10,168,24,82,177,19,302,0,0,0,302
04/17/2009,FAT,CA,AWP,WE,Combined TRACON& Tower with Radar,25,70,49,24,168,0,11,137,12,160,25,81,186,36,328,102,8,110,438
04/18/2009,FAT,CA,AWP,WE,Combined TRACON& Tower with Radar,19,42,16,13,90,0,6,72,5,83,19,48,88,18,173,74,8,82,255
04/19/2009,FAT,CA,AWP,WE,Combined TRACON& Tower with Radar,25,49,18,3,95,0,11,70,2,83,25,60,88,5,178,48,8,56,234
04/20/2009,FAT,CA,AWP,WE,Combined TRACON& Tower with Radar,27,60,33,4,124,0,18,103,10,131,27,78,136,14,255,96,2,98,353
04/21/2009,FAT,CA,AWP,WE,Combined TRACON& Tower with Radar,23,70,47,9,149,0,17,137,9,163,23,87,184,18,312,78,8,86,398
04/22/2009,FAT,CA,AWP,WE,Combined TRACON& Tower with Radar,24,62,31,5,122,0,10,147,8,165,24,72,178,13,287,88,16,104,391
04/23/2009,FAT,CA,AWP,WE,Combined TRACON& Tower with Radar,26,65,40,12,143,0,10,139,8,157,26,75,179,20,300,88,12,100,400
04/24/2009,FAT,CA,AWP,WE,Combined TRACON& Tower with Radar,25,83,40,7,155,0,8,86,9,103,25,91,126,16,258,62,14,76,334
04/25/2009,FAT,CA,AWP,WE,Combined TRACON& Tower with Radar,18,46,18,1,83,0,8,69,1,78,18,54,87,2,161,66,6,72,233
04/26/2009,FAT,CA,AWP,WE,Combined TRACON& Tower with Radar,24,57,16,5,102,0,5,78,4,87,24,62,94,9,189,48,10,58,247
04/27/2009,FAT,CA,AWP,WE,Combined TRACON& Tower with Radar,28,62,17,6,113,0,12,110,3,125,28,74,127,9,238,78,10,88,326
04/28/2009,FAT,CA,AWP,WE,Combined TRACON& Tower with Radar,25,64,34,9,132,0,12,119,8,139,25,76,153,17,271,98,14,112,383
04/29/2009,FAT,CA,AWP,WE,Combined TRACON& Tower with Radar,24,63,26,8,121,0,17,142,5,164,24,80,168,13,285,78,16,94,379
04/30/2009,FAT,CA,AWP,WE,Combined TRACON& Tower with Radar,30,63,14,4,111,0,16,148,9,173,30,79,162,13,284,92,0,92,376
05/01/2009,FAT,CA,AWP,WE,Combined TRACON& Tower with Radar,26,68,36,18,148,0,7,77,10,94,26,75,113,28,242,74,6,80,322
05/02/2009,FAT,CA,AWP,WE,Combined TRACON& Tower with Radar,19,45,28,22,114,0,3,50,7,60,19,48,78,29,174,78,8,86,260
05/03/2009,FAT,CA,AWP,WE,Combined TRACON& Tower with Radar,28,51,22,3,104,0,5,47,0,52,28,56,69,3,156,82,4,86,242
05/04/2009,FAT,CA,AWP,WE,Combined TRACON& Tower with Radar,27,64,21,5,117,0,3,88,4,95,27,67,109,9,212,94,14,108,320
05/05/2009,FAT,CA,AWP,WE,Combined TRACON& Tower with Radar,24,68,27,10,129,0,14,120,5,139,24,82,147,15,268,136,6,142,410
05/06/2009,FAT,CA,AWP,WE,Combined TRACON& Tower with Radar,26,69,38,9,142,0,17,127,2,146,26,86,165,11,288,94,14,108,396
05/07/2009,FAT,CA,AWP,WE,Combined TRACON& Tower with Radar,28,68,52,12,160,0,12,158,7,177,28,80,210,19,337,0,0,0,337
05/08/2009,FAT,CA,AWP,WE,Combined TRACON& Tower with Radar,25,70,35,5,135,0,18,147,3,168,25,88,182,8,303,90,12,102,405
05/09/2009,FAT,CA,AWP,WE,Combined TRACON& Tower with Radar,22,46,8,4,80,0,7,76,0,83,22,53,84,4,163,84,10,94,257
05/10/2009,FAT,CA,AWP,WE,Combined TRACON& Tower with Radar,24,56,15,7,102,0,1,75,2,78,24,57,90,9,180,44,8,52,232
05/11/2009,FAT,CA,AWP,WE,Combined TRACON& Tower with Radar,28,63,21,11,123,0,13,128,3,144,28,76,149,14,267,96,8,104,371
05/12/2009,FAT,CA,AWP,WE,Combined TRACON& Tower with Radar,26,61,25,9,121,2,18,113,11,144,28,79,138,20,265,92,12,104,369
05/13/2009,FAT,CA,AWP,WE,Combined TRACON& Tower with Radar,26,59,31,6,122,0,13,129,14,156,26,72,160,20,278,102,12,114,392
05/14/2009,FAT,CA,AWP,WE,Combined TRACON& Tower with Radar,55,112,44,22,233,0,14,154,6,174,55,126,198,28,407,90,14,104,511
05/15/2009,FAT,CA,AWP,WE,Combined TRACON& Tower with Radar,26,65,26,7,124,0,9,131,5,145,26,74,157,12,269,106,0,106,375
05/16/2009,FAT,CA,AWP,WE,Combined TRACON& Tower with Radar,20,45,5,7,77,0,6,74,2,82,20,51,79,9,159,84,8,92,251
05/17/2009,FAT,CA,AWP,WE,Combined TRACON& Tower with Radar,25,56,11,4,96,0,8,61,4,73,25,64,72,8,169,82,14,96,265
05/18/2009,FAT,CA,AWP,WE,Combined TRACON& Tower with Radar,28,56,30,8,122,0,19,119,4,142,28,75,149,12,264,94,10,104,368
05/19/2009,FAT,CA,AWP,WE,Combined TRACON& Tower with Radar,26,68,23,6,123,0,15,118,12,145,26,83,141,18,268,104,10,114,382
05/20/2009,FAT,CA,AWP,WE,Combined TRACON& Tower with Radar,28,61,36,6,131,0,14,161,9,184,28,75,197,15,315,98,10,108,423
05/21/2009,FAT,CA,AWP,WE,Combined TRACON& Tower with Radar,24,62,36,8,130,0,13,161,3,177,24,75,197,11,307,102,12,114,421
05/22/2009,FAT,CA,AWP,WE,Combined TRACON& Tower with Radar,29,73,22,7,131,0,20,133,9,162,29,93,155,16,293,130,18,148,441
05/23/2009,FAT,CA,AWP,WE,Combined TRACON& Tower with Radar,21,45,16,9,91,0,10,86,2,98,21,55,102,11,189,80,14,94,283
05/24/2009,FAT,CA,AWP,WE,Combined TRACON& Tower with Radar,23,42,8,3,76,0,5,77,1,83,23,47,85,4,159,76,0,76,235
05/25/2009,FAT,CA,AWP,WE,Combined TRACON& Tower with Radar,30,50,12,2,94,1,3,115,8,127,31,53,127,10,221,80,10,90,311
05/26/2009,FAT,CA,AWP,WE,Combined TRACON& Tower with Radar,29,56,13,8,106,0,17,146,6,169,29,73,159,14,275,150,14,164,439
05/27/2009,FAT,CA,AWP,WE,Combined TRACON& Tower with Radar,26,68,46,17,157,0,16,130,10,156,26,84,176,27,313,164,14,178,491
05/28/2009,FAT,CA,AWP,WE,Combined TRACON& Tower with Radar,27,71,26,9,133,0,9,130,5,144,27,80,156,14,277,98,0,98,375
05/29/2009,FAT,CA,AWP,WE,Combined TRACON& Tower with Radar,28,64,25,10,127,0,10,122,11,143,28,74,147,21,270,82,14,96,366
05/30/2009,FAT,CA,AWP,WE,Combined TRACON& Tower with Radar,21,43,19,4,87,2,11,71,6,90,23,54,90,10,177,66,6,72,249
05/31/2009,FAT,CA,AWP,WE,Combined TRACON& Tower with Radar,25,52,13,7,97,0,4,51,2,57,25,56,64,9,154,36,10,46,200
06/01/2009,FAT,CA,AWP,WE,Combined TRACON& Tower with Radar,28,64,25,6,123,0,9,122,6,137,28,73,147,12,260,104,10,114,374
06/02/2009,FAT,CA,AWP,WE,Combined TRACON& Tower with Radar,28,59,48,13,148,0,11,129,12,152,28,70,177,25,300,76,20,96,396
06/03/2009,FAT,CA,AWP,WE,Combined TRACON& Tower with Radar,26,66,32,11,135,0,9,117,9,135,26,75,149,20,270,116,20,136,406
06/04/2009,FAT,CA,AWP,WE,Combined TRACON& Tower with Radar,28,65,26,10,129,0,15,141,9,165,28,80,167,19,294,124,2,126,420
06/05/2009,FAT,CA,AWP,WE,Combined TRACON& Tower with Radar,27,72,32,12,143,0,8,90,1,99,27,80,122,13,242,120,0,120,362
06/06/2009,FAT,CA,AWP,WE,Combined TRACON& Tower with Radar,25,52,14,7,98,0,4,73,7,84,25,56,87,14,182,72,4,76,258
06/07/2009,FAT,CA,AWP,WE,Combined TRACON& Tower with Radar,26,58,7,10,101,0,3,53,6,62,26,61,60,16,163,66,24,90,253
06/08/2009,FAT,CA,AWP,WE,Combined TRACON& Tower with Radar,28,64,16,8,116,0,12,84,14,110,28,76,100,22,226,98,14,112,338
06/09/2009,FAT,CA,AWP,WE,Combined TRACON& Tower with Radar,26,75,28,14,143,0,10,103,12,125,26,85,131,26,268,110,10,120,388
06/10/2009,FAT,CA,AWP,WE,Combined TRACON& Tower with Radar,26,71,41,13,151,0,12,110,16,138,26,83,151,29,289,86,22,108,397
06/11/2009,FAT,CA,AWP,WE,Combined TRACON& Tower with Radar,29,68,32,15,144,0,11,129,20,160,29,79,161,35,304,114,10,124,428
06/12/2009,FAT,CA,AWP,WE,Combined TRACON& Tower with Radar,27,72,36,9,144,0,13,136,18,167,27,85,172,27,311,108,10,118,429
06/13/2009,FAT,CA,AWP,WE,Combined TRACON& Tower with Radar,23,60,34,10,127,0,3,77,5,85,23,63,111,15,212,66,8,74,286
06/14/2009,FAT,CA,AWP,WE,Combined TRACON& Tower with Radar,28,56,20,5,109,0,10,51,1,62,28,66,71,6,171,66,4,70,241
06/15/2009,FAT,CA,AWP,WE,Combined TRACON& Tower with Radar,28,60,22,10,120,0,15,115,10,140,28,75,137,20,260,82,14,96,356
06/16/2009,FAT,CA,AWP,WE,Combined TRACON& Tower with Radar,26,66,24,13,129,0,11,116,9,136,26,77,140,22,265,82,10,92,357
06/17/2009,FAT,CA,AWP,WE,Combined TRACON& Tower with Radar,28,65,31,4,128,0,13,107,2,122,28,78,138,6,250,88,12,100,350
06/18/2009,FAT,CA,AWP,WE,Combined TRACON& Tower with Radar,28,73,35,9,145,0,12,104,14,130,28,85,139,23,275,68,10,78,353
06/19/2009,FAT,CA,AWP,WE,Combined TRACON& Tower with Radar,27,74,49,11,161,0,14,106,6,126,27,88,155,17,287,74,12,86,373
06/20/2009,FAT,CA,AWP,WE,Combined TRACON& Tower with Radar,23,53,22,8,106,0,23,76,3,102,23,76,98,11,208,64,14,78,286
06/21/2009,FAT,CA,AWP,WE,Combined TRACON& Tower with Radar,27,57,16,2,102,0,9,62,3,74,27,66,78,5,176,62,10,72,248
06/22/2009,FAT,CA,AWP,WE,Combined TRACON& Tower with Radar,30,70,26,6,132,0,13,91,16,120,30,83,117,22,252,66,20,86,338
06/23/2009,FAT,CA,AWP,WE,Combined TRACON& Tower with Radar,26,67,44,9,146,0,15,119,9,143,26,82,163,18,289,74,16,90,379
06/24/2009,FAT,CA,AWP,WE,Combined TRACON& Tower with Radar,29,69,34,9,141,0,12,109,14,135,29,81,143,23,276,74,14,88,364
06/25/2009,FAT,CA,AWP,WE,Combined TRACON& Tower with Radar,34,66,28,7,135,0,15,107,10,132,34,81,135,17,267,80,14,94,361
06/26/2009,FAT,CA,AWP,WE,Combined TRACON& Tower with Radar,31,67,29,22,149,0,12,106,16,134,31,79,135,38,283,68,28,96,379
06/27/2009,FAT,CA,AWP,WE,Combined TRACON& Tower with Radar,25,52,14,6,97,0,7,62,5,74,25,59,76,11,171,64,8,72,243
06/28/2009,FAT,CA,AWP,WE,Combined TRACON& Tower with Radar,30,53,9,2,94,0,8,73,4,85,30,61,82,6,179,58,12,70,249
06/29/2009,FAT,CA,AWP,WE,Combined TRACON& Tower with Radar,30,63,18,7,118,0,13,124,5,142,30,76,142,12,260,80,18,98,358
06/30/2009,FAT,CA,AWP,WE,Combined TRACON& Tower with Radar,26,61,29,17,133,0,12,128,9,149,26,73,157,26,282,72,20,92,374
07/01/2009,FAT,CA,AWP,WE,Combined TRACON& Tower with Radar,30,61,34,10,135,0,14,121,9,144,30,75,155,19,279,74,16,90,369
07/02/2009,FAT,CA,AWP,WE,Combined TRACON& Tower with Radar,32,69,26,10,137,0,20,125,12,157,32,89,151,22,294,92,12,104,398
07/03/2009,FAT,CA,AWP,WE,Combined TRACON& Tower with Radar,25,55,5,3,88,0,12,84,2,98,25,67,89,5,186,102,6,108,294
07/04/2009,FAT,CA,AWP,WE,Combined TRACON& Tower with Radar,21,35,2,3,61,0,5,67,3,75,21,40,69,6,136,54,26,80,216
07/05/2009,FAT,CA,AWP,WE,Combined TRACON& Tower with Radar,27,55,6,1,89,0,6,84,3,93,27,61,90,4,182,64,10,74,256
07/06/2009,FAT,CA,AWP,WE,Combined TRACON& Tower with Radar,30,62,32,4,128,0,16,66,16,98,30,78,98,20,226,96,16,112,338
07/07/2009,FAT,CA,AWP,WE,Combined TRACON& Tower with Radar,29,75,31,2,137,0,5,104,10,119,29,80,135,12,256,76,8,84,340
07/08/2009,FAT,CA,AWP,WE,Combined TRACON& Tower with Radar,30,57,24,2,113,0,17,126,16,159,30,74,150,18,272,74,10,84,356
07/09/2009,FAT,CA,AWP,WE,Combined TRACON& Tower with Radar,34,68,34,7,143,0,16,131,9,156,34,84,165,16,299,70,14,84,383
07/10/2009,FAT,CA,AWP,WE,Combined TRACON& Tower with Radar,31,72,33,5,141,0,12,143,8,163,31,84,176,13,304,84,20,104,408
07/11/2009,FAT,CA,AWP,WE,Combined TRACON& Tower with Radar,29,52,11,10,102,0,13,75,7,95,29,65,86,17,197,98,14,112,309
07/12/2009,FAT,CA,AWP,WE,Combined TRACON& Tower with Radar,28,55,6,10,99,0,7,58,2,67,28,62,64,12,166,62,18,80,246
07/13/2009,FAT,CA,AWP,WE,Combined TRACON& Tower with Radar,30,62,27,8,127,0,12,149,22,183,30,74,176,30,310,84,14,98,408
07/14/2009,FAT,CA,AWP,WE,Combined TRACON& Tower with Radar,31,64,23,12,130,0,18,149,17,184,31,82,172,29,314,80,14,94,408
07/15/2009,FAT,CA,AWP,WE,Combined TRACON& Tower with Radar,30,67,30,9,136,0,16,115,27,158,30,83,145,36,294,80,18,98,392
07/16/2009,FAT,CA,AWP,WE,Combined TRACON& Tower with Radar,34,66,27,9,136,0,19,142,15,176,34,85,169,24,312,74,22,96,408
07/17/2009,FAT,CA,AWP,WE,Combined TRACON& Tower with Radar,32,69,35,8,144,0,15,116,26,157,32,84,151,34,301,94,18,112,413
07/18/2009,FAT,CA,AWP,WE,Combined TRACON& Tower with Radar,27,57,12,9,105,0,9,126,16,151,27,66,138,25,256,52,16,68,324
07/19/2009,FAT,CA,AWP,WE,Combined TRACON& Tower with Radar,28,56,16,5,105,0,5,123,13,141,28,61,139,18,246,52,16,68,314
07/20/2009,FAT,CA,AWP,WE,Combined TRACON& Tower with Radar,29,60,22,6,117,0,15,123,16,154,29,75,145,22,271,86,18,104,375
07/21/2009,FAT,CA,AWP,WE,Combined TRACON& Tower with Radar,29,66,17,8,120,0,14,146,20,180,29,80,163,28,300,82,22,104,404
07/22/2009,FAT,CA,AWP,WE,Combined TRACON& Tower with Radar,30,63,27,11,131,0,20,124,22,166,30,83,151,33,297,84,18,102,399
07/23/2009,FAT,CA,AWP,WE,Combined TRACON& Tower with Radar,32,74,35,12,153,0,9,141,26,176,32,83,176,38,329,82,22,104,433
07/24/2009,FAT,CA,AWP,WE,Combined TRACON& Tower with Radar,33,68,28,7,136,0,15,116,15,146,33,83,144,22,282,68,22,90,372
07/25/2009,FAT,CA,AWP,WE,Combined TRACON& Tower with Radar,28,47,17,8,100,0,8,78,2,88,28,55,95,10,188,66,12,78,266
07/26/2009,FAT,CA,AWP,WE,Combined TRACON& Tower with Radar,30,62,11,5,108,0,6,65,1,72,30,68,76,6,180,68,0,68,248
07/27/2009,FAT,CA,AWP,WE,Combined TRACON& Tower with Radar,31,63,19,10,123,0,13,151,14,178,31,76,170,24,301,80,14,94,395
07/28/2009,FAT,CA,AWP,WE,Combined TRACON& Tower with Radar,29,60,21,9,119,0,16,108,11,135,29,76,129,20,254,90,16,106,360
07/29/2009,FAT,CA,AWP,WE,Combined TRACON& Tower with Radar,30,63,18,9,120,0,10,112,11,133,30,73,130,20,253,72,14,86,339
07/30/2009,FAT,CA,AWP,WE,Combined TRACON& Tower with Radar,31,69,12,11,123,0,8,124,11,143,31,77,136,22,266,82,20,102,368
07/31/2009,FAT,CA,AWP,WE,Combined TRACON& Tower with Radar,32,68,19,18,137,0,12,95,16,123,32,80,114,34,260,96,18,114,374
08/01/2009,FAT,CA,AWP,WE,Combined TRACON& Tower with Radar,27,51,7,14,99,0,5,78,21,104,27,56,85,35,203,84,28,112,315
08/02/2009,FAT,CA,AWP,WE,Combined TRACON& Tower with Radar,28,54,12,2,96,0,7,83,6,96,28,61,95,8,192,60,0,60,252
08/03/2009,FAT,CA,AWP,WE,Combined TRACON& Tower with Radar,32,62,24,15,133,0,14,106,15,135,32,76,130,30,268,88,12,100,368
08/04/2009,FAT,CA,AWP,WE,Combined TRACON& Tower with Radar,30,67,23,14,134,0,21,94,7,122,30,88,117,21,256,78,16,94,350
08/05/2009,FAT,CA,AWP,WE,Combined TRACON& Tower with Radar,31,66,23,10,130,0,12,111,16,139,31,78,134,26,269,86,20,106,375
08/06/2009,FAT,CA,AWP,WE,Combined TRACON& Tower with Radar,36,63,18,22,139,0,13,92,15,120,36,76,110,37,259,102,16,118,377
08/07/2009,FAT,CA,AWP,WE,Combined TRACON& Tower with Radar,32,64,34,4,134,0,11,95,15,121,32,75,129,19,255,80,20,100,355
08/08/2009,FAT,CA,AWP,WE,Combined TRACON& Tower with Radar,33,52,14,0,99,0,9,73,7,89,33,61,87,7,188,98,8,106,294
08/09/2009,FAT,CA,AWP,WE,Combined TRACON& Tower with Radar,30,58,21,5,114,0,9,65,4,78,30,67,86,9,192,64,4,68,260
08/10/2009,FAT,CA,AWP,WE,Combined TRACON& Tower with Radar,31,61,17,19,128,0,12,119,7,138,31,73,136,26,266,82,18,100,366
08/11/2009,FAT,CA,AWP,WE,Combined TRACON& Tower with Radar,33,65,32,15,145,0,7,124,10,141,33,72,156,25,286,90,16,106,392
08/12/2009,FAT,CA,AWP,WE,Combined TRACON& Tower with Radar,37,82,28,26,173,0,10,145,6,161,37,92,173,32,334,80,18,98,432
08/13/2009,FAT,CA,AWP,WE,Combined TRACON& Tower with Radar,34,62,22,14,132,0,23,111,11,145,34,85,133,25,277,84,14,98,375
08/14/2009,FAT,CA,AWP,WE,Combined TRACON& Tower with Radar,33,65,32,10,140,0,19,133,7,159,33,84,165,17,299,92,18,110,409
08/15/2009,FAT,CA,AWP,WE,Combined TRACON& Tower with Radar,27,54,12,7,100,0,7,61,0,68,27,61,73,7,168,86,14,100,268
08/16/2009,FAT,CA,AWP,WE,Combined TRACON& Tower with Radar,28,55,18,2,103,0,6,70,3,79,28,61,88,5,182,54,20,74,256
08/17/2009,FAT,CA,AWP,WE,Combined TRACON& Tower with Radar,30,62,33,10,135,0,10,103,10,123,30,72,136,20,258,78,16,94,352
08/18/2009,FAT,CA,AWP,WE,Combined TRACON& Tower with Radar,30,61,24,12,127,0,14,104,6,124,30,75,128,18,251,86,10,96,347
08/19/2009,FAT,CA,AWP,WE,Combined TRACON& Tower with Radar,28,62,26,20,136,0,10,139,3,152,28,72,165,23,288,102,16,118,406
08/20/2009,FAT,CA,AWP,WE,Combined TRACON& Tower with Radar,32,61,29,12,134,0,16,121,7,144,32,77,150,19,278,78,14,92,370
08/21/2009,FAT,CA,AWP,WE,Combined TRACON& Tower with Radar,33,69,38,4,144,0,16,118,3,137,33,85,156,7,281,72,4,76,357
08/22/2009,FAT,CA,AWP,WE,Combined TRACON& Tower with Radar,27,49,12,6,94,0,7,60,4,71,27,56,72,10,165,54,16,70,235
08/23/2009,FAT,CA,AWP,WE,Combined TRACON& Tower with Radar,28,52,14,1,95,0,7,68,1,76,28,59,82,2,171,64,14,78,249
08/24/2009,FAT,CA,AWP,WE,Combined TRACON& Tower with Radar,30,61,16,16,123,0,19,112,5,136,30,80,128,21,259,98,18,116,375
08/25/2009,FAT,CA,AWP,WE,Combined TRACON& Tower with Radar,28,62,28,8,126,0,16,171,9,196,28,78,199,17,322,70,30,100,422
08/26/2009,FAT,CA,AWP,WE,Combined TRACON& Tower with Radar,28,61,24,9,122,0,13,137,11,161,28,74,161,20,283,70,18,88,371
08/27/2009,FAT,CA,AWP,WE,Combined TRACON& Tower with Radar,34,63,24,7,128,0,18,206,8,232,34,81,230,15,360,88,12,100,460
08/28/2009,FAT,CA,AWP,WE,Combined TRACON& Tower with Radar,29,70,35,7,141,0,19,164,10,193,29,89,199,17,334,86,22,108,442
08/29/2009,FAT,CA,AWP,WE,Combined TRACON& Tower with Radar,23,52,6,5,86,0,8,163,3,174,23,60,169,8,260,72,22,94,354
08/30/2009,FAT,CA,AWP,WE,Combined TRACON& Tower with Radar,30,58,12,7,107,0,6,81,0,87,30,64,93,7,194,66,14,80,274
08/31/2009,FAT,CA,AWP,WE,Combined TRACON& Tower with Radar,28,67,16,5,116,0,13,115,9,137,28,80,131,14,253,88,18,106,359
09/01/2009,FAT,CA,AWP,WE,Combined TRACON& Tower with Radar,29,62,17,10,118,0,17,145,8,170,29,79,162,18,288,86,16,102,390
09/02/2009,FAT,CA,AWP,WE,Combined TRACON& Tower with Radar,30,61,37,12,140,0,16,116,7,139,30,77,153,19,279,90,12,102,381
09/03/2009,FAT,CA,AWP,WE,Combined TRACON& Tower with Radar,32,68,35,15,150,0,16,111,6,133,32,84,146,21,283,62,31,93,376
09/04/2009,FAT,CA,AWP,WE,Combined TRACON& Tower with Radar,32,61,25,5,123,0,13,125,5,143,32,74,150,10,266,94,16,110,376
09/05/2009,FAT,CA,AWP,WE,Combined TRACON& Tower with Radar,23,48,7,3,81,0,6,70,1,77,23,54,77,4,158,66,18,84,242
09/06/2009,FAT,CA,AWP,WE,Combined TRACON& Tower with Radar,24,34,5,0,63,0,4,62,2,68,24,38,67,2,131,60,10,70,201
09/07/2009,FAT,CA,AWP,WE,Combined TRACON& Tower with Radar,26,55,19,5,105,0,5,97,2,104,26,60,116,7,209,62,10,72,281
09/08/2009,FAT,CA,AWP,WE,Combined TRACON& Tower with Radar,29,56,21,9,115,0,20,107,6,133,29,76,128,15,248,72,6,78,326
09/09/2009,FAT,CA,AWP,WE,Combined TRACON& Tower with Radar,32,55,20,2,109,0,9,106,13,128,32,64,126,15,237,84,14,98,335
09/10/2009,FAT,CA,AWP,WE,Combined TRACON& Tower with Radar,32,62,18,2,114,0,14,92,12,118,32,76,110,14,232,72,18,90,322
09/11/2009,FAT,CA,AWP,WE,Combined TRACON& Tower with Radar,35,63,27,12,137,0,15,111,14,140,35,78,138,26,277,88,14,102,379
09/12/2009,FAT,CA,AWP,WE,Combined TRACON& Tower with Radar,21,53,27,8,109,0,5,103,25,133,21,58,130,33,242,98,18,116,358
09/13/2009,FAT,CA,AWP,WE,Combined TRACON& Tower with Radar,28,61,11,5,105,0,6,58,8,72,28,67,69,13,177,76,12,88,265
09/14/2009,FAT,CA,AWP,WE,Combined TRACON& Tower with Radar,30,67,55,7,159,0,9,53,7,69,30,76,108,14,228,70,16,86,314
09/15/2009,FAT,CA,AWP,WE,Combined TRACON& Tower with Radar,30,58,22,1,111,0,15,107,21,143,30,73,129,22,254,86,16,102,356
09/16/2009,FAT,CA,AWP,WE,Combined TRACON& Tower with Radar,30,65,39,13,147,0,15,122,17,154,30,80,161,30,301,82,14,96,397
09/17/2009,FAT,CA,AWP,WE,Combined TRACON& Tower with Radar,33,65,22,11,131,0,14,117,10,141,33,79,139,21,272,88,22,110,382
09/18/2009,FAT,CA,AWP,WE,Combined TRACON& Tower with Radar,32,62,38,13,145,0,18,134,15,167,32,80,172,28,312,82,18,100,412
09/19/2009,FAT,CA,AWP,WE,Combined TRACON& Tower with Radar,20,53,19,13,105,0,7,64,6,77,20,60,83,19,182,102,16,118,300
09/20/2009,FAT,CA,AWP,WE,Combined TRACON& Tower with Radar,26,60,12,15,113,0,6,76,6,88,26,66,88,21,201,86,26,112,313
09/21/2009,FAT,CA,AWP,WE,Combined TRACON& Tower with Radar,30,62,24,7,123,0,15,95,6,116,30,77,119,13,239,106,18,124,363
09/22/2009,FAT,CA,AWP,WE,Combined TRACON& Tower with Radar,30,56,32,5,123,0,12,105,8,125,30,68,137,13,248,90,16,106,354
09/23/2009,FAT,CA,AWP,WE,Combined TRACON& Tower with Radar,30,58,17,11,116,0,9,142,13,164,30,67,159,24,280,84,20,104,384
09/24/2009,FAT,CA,AWP,WE,Combined TRACON& Tower with Radar,32,64,30,11,137,0,12,135,8,155,32,76,165,19,292,84,18,102,394
09/25/2009,FAT,CA,AWP,WE,Combined TRACON& Tower with Radar,35,68,24,8,135,0,19,146,8,173,35,87,170,16,308,98,14,112,420
09/26/2009,FAT,CA,AWP,WE,Combined TRACON& Tower with Radar,21,46,4,5,76,0,8,66,2,76,21,54,70,7,152,58,14,72,224
09/27/2009,FAT,CA,AWP,WE,Combined TRACON& Tower with Radar,26,56,11,7,100,0,4,69,1,74,26,60,80,8,174,54,10,64,238
09/28/2009,FAT,CA,AWP,WE,Combined TRACON& Tower with Radar,34,63,15,8,120,0,12,114,11,137,34,75,129,19,257,84,16,100,357
09/29/2009,FAT,CA,AWP,WE,Combined TRACON& Tower with Radar,30,55,48,1,134,0,8,117,3,128,30,63,165,4,262,92,8,100,362
09/30/2009,FAT,CA,AWP,WE,Combined TRACON& Tower with Radar,29,52,21,4,106,0,8,124,10,142,29,60,145,14,248,80,18,98,346
10/01/2009,FAT,CA,AWP,WE,Combined TRACON& Tower with Radar,34,59,26,7,126,0,11,124,5,140,34,70,150,12,266,70,14,84,350
10/02/2009,FAT,CA,AWP,WE,Combined TRACON& Tower with Radar,34,63,14,31,142,0,11,116,13,140,34,74,130,44,282,94,12,106,388
10/03/2009,FAT,CA,AWP,WE,Combined TRACON& Tower with Radar,22,47,13,29,111,0,5,62,9,76,22,52,75,38,187,94,18,112,299
10/04/2009,FAT,CA,AWP,WE,Combined TRACON& Tower with Radar,28,58,7,0,93,0,0,56,2,58,28,58,63,2,151,76,14,90,241
10/05/2009,FAT,CA,AWP,WE,Combined TRACON& Tower with Radar,32,60,25,4,121,0,11,111,10,132,32,71,136,14,253,76,14,90,343
10/06/2009,FAT,CA,AWP,WE,Combined TRACON& Tower with Radar,30,57,15,8,110,0,12,115,8,135,30,69,130,16,245,86,10,96,341
10/07/2009,FAT,CA,AWP,WE,Combined TRACON& Tower with Radar,32,56,14,7,109,0,11,96,11,118,32,67,110,18,227,88,26,114,341
10/08/2009,FAT,CA,AWP,WE,Combined TRACON& Tower with Radar,34,71,31,15,151,0,9,95,8,112,34,80,126,23,263,104,18,122,385
10/09/2009,FAT,CA,AWP,WE,Combined TRACON& Tower with Radar,35,67,25,13,140,0,7,84,4,95,35,74,109,17,235,82,14,96,331
10/10/2009,FAT,CA,AWP,WE,Combined TRACON& Tower with Radar,21,47,9,12,89,0,9,82,6,97,21,56,91,18,186,78,16,94,280
10/11/2009,FAT,CA,AWP,WE,Combined TRACON& Tower with Radar,28,58,14,5,105,0,6,64,5,75,28,64,78,10,180,76,8,84,264
10/12/2009,FAT,CA,AWP,WE,Combined TRACON& Tower with Radar,32,60,30,3,125,0,6,84,2,92,32,66,114,5,217,52,0,52,269
10/13/2009,FAT,CA,AWP,WE,Combined TRACON& Tower with Radar,30,63,29,11,133,0,3,34,0,37,30,66,63,11,170,90,10,100,270
10/14/2009,FAT,CA,AWP,WE,Combined TRACON& Tower with Radar,32,65,30,7,134,0,7,78,7,92,32,72,108,14,226,86,14,100,326
10/15/2009,FAT,CA,AWP,WE,Combined TRACON& Tower with Radar,34,65,41,15,155,0,8,107,20,135,34,73,148,35,290,84,26,110,400
10/16/2009,FAT,CA,AWP,WE,Combined TRACON& Tower with Radar,33,69,49,18,169,0,4,53,3,60,33,73,102,21,229,68,20,88,317
10/17/2009,FAT,CA,AWP,WE,Combined TRACON& Tower with Radar,21,43,22,5,91,0,2,35,4,41,21,45,57,9,132,64,4,68,200
10/18/2009,FAT,CA,AWP,WE,Combined TRACON& Tower with Radar,28,58,18,9,113,0,3,38,5,46,28,61,56,14,159,54,6,60,219
10/19/2009,FAT,CA,AWP,WE,Combined TRACON& Tower with Radar,32,61,28,13,134,0,12,94,3,109,32,73,122,16,243,100,0,100,343
10/20/2009,FAT,CA,AWP,WE,Combined TRACON& Tower with Radar,30,61,47,20,158,0,7,85,10,102,30,68,132,30,260,88,12,100,360
10/21/2009,FAT,CA,AWP,WE,Combined TRACON& Tower with Radar,32,63,28,7,130,0,10,144,14,168,32,73,172,21,298,108,14,122,420
10/22/2009,FAT,CA,AWP,WE,Combined TRACON& Tower with Radar,36,68,39,14,157,0,8,120,17,145,36,76,159,31,302,82,10,92,394
10/23/2009,FAT,CA,AWP,WE,Combined TRACON& Tower with Radar,35,72,21,5,133,0,13,119,5,137,35,85,140,10,270,88,0,88,358
10/24/2009,FAT,CA,AWP,WE,Combined TRACON& Tower with Radar,20,50,10,3,83,0,4,68,1,73,20,54,78,4,156,66,8,74,230
10/25/2009,FAT,CA,AWP,WE,Combined TRACON& Tower with Radar,33,60,8,5,106,0,8,49,1,58,33,68,57,6,164,64,0,64,228
10/26/2009,FAT,CA,AWP,WE,Combined TRACON& Tower with Radar,29,62,30,9,130,0,14,103,5,122,29,76,133,14,252,70,10,80,332
10/27/2009,FAT,CA,AWP,WE,Combined TRACON& Tower with Radar,29,66,17,5,117,0,12,78,10,100,29,78,95,15,217,102,16,118,335
10/28/2009,FAT,CA,AWP,WE,Combined TRACON& Tower with Radar,32,66,16,9,123,0,7,122,9,138,32,73,138,18,261,76,2,78,339
10/29/2009,FAT,CA,AWP,WE,Combined TRACON& Tower with Radar,32,78,19,16,145,0,17,117,10,144,32,95,136,26,289,86,16,102,391
10/30/2009,FAT,CA,AWP,WE,Combined TRACON& Tower with Radar,33,72,10,10,125,0,11,130,10,151,33,83,140,20,276,114,0,114,390
10/31/2009,FAT,CA,AWP,WE,Combined TRACON& Tower with Radar,27,54,15,4,100,0,1,55,1,57,27,55,70,5,157,82,18,100,257
11/01/2009,FAT,CA,AWP,WE,Combined TRACON& Tower with Radar,28,57,9,3,97,0,4,62,0,66,28,61,71,3,163,66,4,70,233
11/02/2009,FAT,CA,AWP,WE,Combined TRACON& Tower with Radar,30,66,15,16,127,0,12,87,7,106,30,78,102,23,233,62,26,88,321
11/03/2009,FAT,CA,AWP,WE,Combined TRACON& Tower with Radar,28,67,19,11,125,0,5,122,16,143,28,72,141,27,268,72,26,98,366
11/04/2009,FAT,CA,AWP,WE,Combined TRACON& Tower with Radar,30,68,25,34,157,0,9,140,22,171,30,77,165,56,328,68,38,106,434
11/05/2009,FAT,CA,AWP,WE,Combined TRACON& Tower with Radar,34,70,34,16,154,0,7,80,10,97,34,77,114,26,251,84,12,96,347
11/06/2009,FAT,CA,AWP,WE,Combined TRACON& Tower with Radar,33,68,25,10,136,0,9,108,6,123,33,77,133,16,259,82,10,92,351
11/07/2009,FAT,CA,AWP,WE,Combined TRACON& Tower with Radar,22,53,2,14,91,0,4,53,6,63,22,57,55,20,154,68,16,84,238
11/08/2009,FAT,CA,AWP,WE,Combined TRACON& Tower with Radar,30,59,13,3,105,0,9,67,4,80,30,68,80,7,185,80,14,94,279
11/09/2009,FAT,CA,AWP,WE,Combined TRACON& Tower with Radar,31,71,14,8,124,0,11,87,18,116,31,82,101,26,240,64,12,76,316
11/10/2009,FAT,CA,AWP,WE,Combined TRACON& Tower with Radar,30,68,17,14,129,0,3,133,7,143,30,71,150,21,272,40,14,54,326
11/11/2009,FAT,CA,AWP,WE,Combined TRACON& Tower with Radar,30,60,34,8,132,0,2,102,5,109,30,62,136,13,241,92,10,102,343
11/12/2009,FAT,CA,AWP,WE,Combined TRACON& Tower with Radar,34,73,88,19,214,0,1,23,1,25,34,74,111,20,239,94,18,112,351
11/13/2009,FAT,CA,AWP,WE,Combined TRACON& Tower with Radar,31,69,35,16,151,0,9,116,16,141,31,78,151,32,292,82,18,100,392
11/14/2009,FAT,CA,AWP,WE,Combined TRACON& Tower with Radar,21,51,13,3,88,0,4,59,1,64,21,55,72,4,152,68,10,78,230
11/15/2009,FAT,CA,AWP,WE,Combined TRACON& Tower with Radar,28,59,15,8,110,0,7,48,3,58,28,66,63,11,168,64,12,76,244
11/16/2009,FAT,CA,AWP,WE,Combined TRACON& Tower with Radar,30,71,17,10,128,0,8,111,6,125,30,79,128,16,253,108,10,118,371
11/17/2009,FAT,CA,AWP,WE,Combined TRACON& Tower with Radar,30,65,17,13,125,0,7,152,15,174,30,72,169,28,299,108,26,134,433
11/18/2009,FAT,CA,AWP,WE,Combined TRACON& Tower with Radar,28,71,42,17,158,0,4,65,3,72,28,75,107,20,230,84,6,90,320
11/19/2009,FAT,CA,AWP,WE,Combined TRACON& Tower with Radar,32,65,38,12,147,0,8,96,7,111,32,73,134,19,258,102,0,102,360
11/20/2009,FAT,CA,AWP,WE,Combined TRACON& Tower with Radar,35,72,26,6,139,0,10,95,5,110,35,82,121,11,249,88,12,100,349
11/21/2009,FAT,CA,AWP,WE,Combined TRACON& Tower with Radar,22,52,6,9,89,0,0,65,2,67,22,52,71,11,156,58,0,58,214
11/22/2009,FAT,CA,AWP,WE,Combined TRACON& Tower with Radar,29,55,9,5,98,0,3,58,4,65,29,58,67,9,163,70,0,70,233
11/23/2009,FAT,CA,AWP,WE,Combined TRACON& Tower with Radar,29,63,28,16,136,0,6,87,5,98,29,69,115,21,234,94,14,108,342
11/24/2009,FAT,CA,AWP,WE,Combined TRACON& Tower with Radar,32,64,31,10,137,0,5,108,13,126,32,69,139,23,263,94,16,110,373
11/25/2009,FAT,CA,AWP,WE,Combined TRACON& Tower with Radar,31,66,23,2,122,0,4,103,5,112,31,70,126,7,234,94,2,96,330
11/26/2009,FAT,CA,AWP,WE,Combined TRACON& Tower with Radar,16,35,3,0,54,0,4,42,0,46,16,39,45,0,100,60,0,60,160
11/27/2009,FAT,CA,AWP,WE,Combined TRACON& Tower with Radar,27,54,15,2,98,0,8,66,0,74,27,62,81,2,172,70,12,82,254
11/28/2009,FAT,CA,AWP,WE,Combined TRACON& Tower with Radar,28,59,17,0,104,0,2,41,2,45,28,61,58,2,149,84,18,102,251
11/29/2009,FAT,CA,AWP,WE,Combined TRACON& Tower with Radar,28,64,13,1,106,0,4,62,0,66,28,68,75,1,172,44,0,44,216
11/30/2009,FAT,CA,AWP,WE,Combined TRACON& Tower with Radar,30,61,26,5,122,0,13,109,7,129,30,74,135,12,251,96,0,96,347
12/01/2009,FAT,CA,AWP,WE,Combined TRACON& Tower with Radar,32,75,28,14,149,0,7,117,12,136,32,82,145,26,285,92,20,112,397
12/02/2009,FAT,CA,AWP,WE,Combined TRACON& Tower with Radar,32,67,28,9,136,0,8,103,15,126,32,75,131,24,262,104,6,110,372
12/03/2009,FAT,CA,AWP,WE,Combined TRACON& Tower with Radar,32,68,39,9,148,0,2,75,8,85,32,70,114,17,233,84,12,96,329
12/04/2009,FAT,CA,AWP,WE,Combined TRACON& Tower with Radar,33,73,26,16,148,0,2,71,6,79,33,75,97,22,227,86,12,98,325
12/05/2009,FAT,CA,AWP,WE,Combined TRACON& Tower with Radar,22,49,20,16,107,0,1,37,5,43,22,50,57,21,150,76,14,90,240
12/06/2009,FAT,CA,AWP,WE,Combined TRACON& Tower with Radar,27,59,14,2,102,0,0,24,2,26,27,59,38,4,128,76,10,86,214
12/07/2009,FAT,CA,AWP,WE,Combined TRACON& Tower with Radar,29,67,27,11,134,0,3,17,0,20,29,70,44,11,154,82,14,96,250
12/08/2009,FAT,CA,AWP,WE,Combined TRACON& Tower with Radar,29,77,41,37,184,0,4,73,10,87,29,81,114,47,271,92,24,116,387
12/09/2009,FAT,CA,AWP,WE,Combined TRACON& Tower with Radar,32,70,20,9,131,0,7,109,13,129,32,77,129,22,260,96,16,112,372
12/10/2009,FAT,CA,AWP,WE,Combined TRACON& Tower with Radar,36,67,38,32,173,0,4,78,7,89,36,71,116,39,262,124,16,140,402
12/11/2009,FAT,CA,AWP,WE,Combined TRACON& Tower with Radar,31,78,46,19,174,0,3,34,8,45,31,81,80,27,219,62,0,62,281
12/12/2009,FAT,CA,AWP,WE,Combined TRACON& Tower with Radar,21,53,26,10,110,0,0,27,0,27,21,53,53,10,137,78,0,78,215
12/13/2009,FAT,CA,AWP,WE,Combined TRACON& Tower with Radar,28,57,9,6,100,0,4,38,0,42,28,61,47,6,142,58,0,58,200
12/14/2009,FAT,CA,AWP,WE,Combined TRACON& Tower with Radar,33,68,39,8,148,0,10,105,13,128,33,78,144,21,276,82,12,94,370
12/15/2009,FAT,CA,AWP,WE,Combined TRACON& Tower with Radar,31,73,29,12,145,0,4,91,10,105,31,77,120,22,250,76,24,100,350
12/16/2009,FAT,CA,AWP,WE,Combined TRACON& Tower with Radar,38,73,19,13,143,0,4,100,10,114,38,77,119,23,257,74,10,84,341
12/17/2009,FAT,CA,AWP,WE,Combined TRACON& Tower with Radar,31,64,50,3,148,0,0,1,0,1,31,64,51,3,149,0,0,0,149
12/18/2009,FAT,CA,AWP,WE,Combined TRACON& Tower with Radar,28,79,66,19,192,0,0,6,0,6,28,79,72,19,198,84,6,90,288
12/19/2009,FAT,CA,AWP,WE,Combined TRACON& Tower with Radar,30,61,30,17,138,0,0,34,1,35,30,61,64,18,173,56,0,56,229
12/20/2009,FAT,CA,AWP,WE,Combined TRACON& Tower with Radar,26,59,26,5,116,0,1,40,1,42,26,60,66,6,158,70,6,76,234
12/21/2009,FAT,CA,AWP,WE,Combined TRACON& Tower with Radar,28,65,48,9,150,0,7,56,10,73,28,72,104,19,223,0,0,0,223
12/22/2009,FAT,CA,AWP,WE,Combined TRACON& Tower with Radar,30,69,23,15,137,0,7,49,12,68,30,76,72,27,205,72,14,86,291
12/23/2009,FAT,CA,AWP,WE,Combined TRACON& Tower with Radar,30,72,31,6,139,0,7,89,3,99,30,79,120,9,238,102,0,102,340
12/24/2009,FAT,CA,AWP,WE,Combined TRACON& Tower with Radar,25,61,7,0,93,0,11,49,2,62,25,72,56,2,155,0,0,0,155
12/25/2009,FAT,CA,AWP,WE,Combined TRACON& Tower with Radar,25,44,4,1,74,0,1,25,1,27,25,45,29,2,101,12,0,12,113
12/26/2009,FAT,CA,AWP,WE,Combined TRACON& Tower with Radar,27,54,4,0,85,0,1,40,0,41,27,55,44,0,126,6,0,6,132
12/27/2009,FAT,CA,AWP,WE,Combined TRACON& Tower with Radar,26,56,12,0,94,0,1,32,0,33,26,57,44,0,127,58,0,58,185
12/28/2009,FAT,CA,AWP,WE,Combined TRACON& Tower with Radar,28,70,50,13,161,0,0,2,0,2,28,70,52,13,163,24,2,26,189
12/29/2009,FAT,CA,AWP,WE,Combined TRACON& Tower with Radar,28,68,38,19,153,0,1,27,0,28,28,69,65,19,181,58,0,58,239
12/30/2009,FAT,CA,AWP,WE,Combined TRACON& Tower with Radar,28,75,39,11,153,0,4,43,1,48,28,79,82,12,201,62,0,62,263
12/31/2009,FAT,CA,AWP,WE,Combined TRACON& Tower with Radar,24,65,25,14,128,0,3,63,10,76,24,68,88,24,204,30,8,38,242
01/01/2010,FAT,CA,AWP,WE,Combined TRACON& Tower with Radar,20,46,12,2,80,0,1,21,3,25,20,47,33,5,105,0,0,0,105
01/02/2010,FAT,CA,AWP,WE,Combined TRACON& Tower with Radar,27,61,24,1,113,0,5,5,0,10,27,66,29,1,123,0,0,0,123
01/03/2010,FAT,CA,AWP,WE,Combined TRACON& Tower with Radar,22,54,23,1,100,0,3,15,0,18,22,57,38,1,118,0,0,0,118
01/04/2010,FAT,CA,AWP,WE,Combined TRACON& Tower with Radar,25,60,33,6,124,0,0,0,1,1,25,60,33,7,125,52,0,52,177
01/05/2010,FAT,CA,AWP,WE,Combined TRACON& Tower with Radar,25,65,31,21,142,0,1,17,1,19,25,66,48,22,161,66,12,78,239
01/06/2010,FAT,CA,AWP,WE,Combined TRACON& Tower with Radar,25,69,33,28,155,0,0,28,8,36,25,69,61,36,191,52,0,52,243
01/07/2010,FAT,CA,AWP,WE,Combined TRACON& Tower with Radar,25,79,44,23,171,0,1,23,5,29,25,80,67,28,200,50,0,50,250
01/08/2010,FAT,CA,AWP,WE,Combined TRACON& Tower with Radar,27,71,36,11,145,0,3,41,5,49,27,74,77,16,194,34,0,34,228
01/09/2010,FAT,CA,AWP,WE,Combined TRACON& Tower with Radar,21,43,17,22,103,0,0,3,0,3,21,43,20,22,106,0,0,0,106
01/10/2010,FAT,CA,AWP,WE,Combined TRACON& Tower with Radar,23,53,17,3,96,0,0,25,3,28,23,53,42,6,124,0,0,0,124
01/11/2010,FAT,CA,AWP,WE,Combined TRACON& Tower with Radar,28,67,26,7,128,0,4,57,1,62,28,71,83,8,190,42,0,42,232
01/12/2010,FAT,CA,AWP,WE,Combined TRACON& Tower with Radar,26,67,30,19,142,0,9,79,10,98,26,76,109,29,240,70,0,70,310
01/13/2010,FAT,CA,AWP,WE,Combined TRACON& Tower with Radar,28,66,25,8,127,0,10,77,12,99,28,76,102,20,226,8,14,22,248
01/14/2010,FAT,CA,AWP,WE,Combined TRACON& Tower with Radar,30,61,67,10,168,0,2,40,2,44,30,63,107,12,212,10,0,10,222
01/15/2010,FAT,CA,AWP,WE,Combined TRACON& Tower with Radar,25,69,36,15,145,0,5,78,3,86,25,74,114,18,231,76,0,76,307
01/16/2010,FAT,CA,AWP,WE,Combined TRACON& Tower with Radar,22,42,20,12,96,0,5,58,2,65,22,47,78,14,161,30,0,30,191
01/17/2010,FAT,CA,AWP,WE,Combined TRACON& Tower with Radar,22,53,21,0,96,0,1,13,0,14,22,54,34,0,110,60,0,60,170
01/18/2010,FAT,CA,AWP,WE,Combined TRACON& Tower with Radar,26,54,20,5,105,0,6,36,0,42,26,60,56,5,147,64,0,64,211
01/19/2010,FAT,CA,AWP,WE,Combined TRACON& Tower with Radar,27,66,19,11,123,0,5,42,5,52,27,71,61,16,175,32,0,32,207
01/20/2010,FAT,CA,AWP,WE,Combined TRACON& Tower with Radar,27,68,11,6,112,0,1,21,2,24,27,69,32,8,136,68,4,72,208
01/21/2010,FAT,CA,AWP,WE,Combined TRACON& Tower with Radar,26,70,21,18,135,0,6,42,6,54,26,76,63,24,189,80,8,88,277
01/22/2010,FAT,CA,AWP,WE,Combined TRACON& Tower with Radar,26,71,18,14,129,0,8,51,2,61,26,79,69,16,190,82,2,84,274
01/23/2010,FAT,CA,AWP,WE,Combined TRACON& Tower with Radar,20,45,16,11,92,0,1,58,6,65,20,46,74,17,157,12,0,12,169
01/24/2010,FAT,CA,AWP,WE,Combined TRACON& Tower with Radar,23,54,18,10,105,0,3,50,1,54,23,57,68,11,159,0,0,0,159
01/25/2010,FAT,CA,AWP,WE,Combined TRACON& Tower with Radar,27,66,34,9,136,0,6,92,2,100,27,72,126,11,236,54,0,54,290
01/26/2010,FAT,CA,AWP,WE,Combined TRACON& Tower with Radar,26,72,37,14,149,0,3,98,9,110,26,75,135,23,259,76,12,88,347
01/27/2010,FAT,CA,AWP,WE,Combined TRACON& Tower with Radar,26,66,82,16,190,0,3,44,1,48,26,69,126,17,238,86,4,90,328
01/28/2010,FAT,CA,AWP,WE,Combined TRACON& Tower with Radar,29,65,33,11,138,0,3,87,6,96,29,68,120,17,234,86,0,86,320
01/29/2010,FAT,CA,AWP,WE,Combined TRACON& Tower with Radar,27,78,23,7,135,0,5,83,3,91,27,83,106,10,226,74,12,86,312
01/30/2010,FAT,CA,AWP,WE,Combined TRACON& Tower with Radar,20,45,6,7,78,0,2,63,2,67,20,47,69,9,145,56,0,56,201
01/31/2010,FAT,CA,AWP,WE,Combined TRACON& Tower with Radar,22,58,3,2,85,0,5,68,0,73,22,63,71,2,158,0,0,0,158
02/01/2010,FAT,CA,AWP,WE,Combined TRACON& Tower with Radar,24,65,16,3,108,0,8,78,10,96,24,73,94,13,204,28,0,28,232
02/02/2010,FAT,CA,AWP,WE,Combined TRACON& Tower with Radar,25,65,37,13,140,0,5,85,9,99,25,70,122,22,239,66,18,84,323
02/03/2010,FAT,CA,AWP,WE,Combined TRACON& Tower with Radar,25,64,50,2,141,0,0,3,0,3,25,64,53,2,144,0,0,0,144
02/04/2010,FAT,CA,AWP,WE,Combined TRACON& Tower with Radar,27,68,48,5,148,0,3,74,2,79,27,71,122,7,227,80,0,80,307
02/05/2010,FAT,CA,AWP,WE,Combined TRACON& Tower with Radar,25,69,31,12,137,0,8,95,6,109,25,77,126,18,246,62,0,62,308
02/06/2010,FAT,CA,AWP,WE,Combined TRACON& Tower with Radar,20,57,14,6,97,0,2,57,1,60,20,59,71,7,157,0,0,0,157
02/07/2010,FAT,CA,AWP,WE,Combined TRACON& Tower with Radar,25,57,9,2,93,0,3,30,0,33,25,60,39,2,126,0,0,0,126
02/08/2010,FAT,CA,AWP,WE,Combined TRACON& Tower with Radar,25,57,18,3,103,0,0,64,2,66,25,57,82,5,169,56,0,56,225
02/09/2010,FAT,CA,AWP,WE,Combined TRACON& Tower with Radar,25,67,22,24,138,0,3,38,5,46,25,70,60,29,184,52,8,60,244
02/10/2010,FAT,CA,AWP,WE,Combined TRACON& Tower with Radar,26,71,63,20,180,0,5,74,4,83,26,76,137,24,263,148,4,152,415
02/11/2010,FAT,CA,AWP,WE,Combined TRACON& Tower with Radar,26,65,29,16,136,0,2,106,7,115,26,67,135,23,251,38,2,40,291
02/12/2010,FAT,CA,AWP,WE,Combined TRACON& Tower with Radar,24,67,25,12,128,0,7,109,6,122,24,74,134,18,250,52,4,56,306
02/13/2010,FAT,CA,AWP,WE,Combined TRACON& Tower with Radar,20,57,14,6,97,0,2,57,1,60,20,59,71,7,157,4,2,6,163
02/14/2010,FAT,CA,AWP,WE,Combined TRACON& Tower with Radar,25,57,9,2,93,0,3,30,0,33,25,60,39,2,126,0,0,0,126
02/15/2010,FAT,CA,AWP,WE,Combined TRACON& Tower with Radar,25,57,18,3,103,0,0,62,2,64,25,57,80,5,167,42,8,50,217
02/16/2010,FAT,CA,AWP,WE,Combined TRACON& Tower with Radar,32,73,25,13,143,0,4,97,2,103,32,77,122,15,246,60,6,66,312
02/17/2010,FAT,CA,AWP,WE,Combined TRACON& Tower with Radar,25,66,19,7,117,0,6,117,5,128,25,72,136,12,245,60,8,68,313
02/18/2010,FAT,CA,AWP,WE,Combined TRACON& Tower with Radar,29,64,51,12,156,0,2,106,6,114,29,66,157,18,270,22,0,22,292
02/19/2010,FAT,CA,AWP,WE,Combined TRACON& Tower with Radar,25,79,41,6,151,0,1,26,1,28,25,80,67,7,179,50,0,50,229
02/20/2010,FAT,CA,AWP,WE,Combined TRACON& Tower with Radar,19,54,17,3,93,0,3,36,0,39,19,57,53,3,132,0,0,0,132
02/21/2010,FAT,CA,AWP,WE,Combined TRACON& Tower with Radar,24,51,21,7,103,0,4,25,1,30,24,55,46,8,133,0,0,0,133
02/22/2010,FAT,CA,AWP,WE,Combined TRACON& Tower with Radar,28,67,43,13,151,0,5,76,5,86,28,72,119,18,237,124,0,124,361
02/23/2010,FAT,CA,AWP,WE,Combined TRACON& Tower with Radar,24,66,27,11,128,0,4,80,6,90,24,70,107,17,218,28,12,40,258
02/24/2010,FAT,CA,AWP,WE,Combined TRACON& Tower with Radar,26,71,48,17,162,0,2,26,1,29,26,73,74,18,191,60,0,60,251
02/25/2010,FAT,CA,AWP,WE,Combined TRACON& Tower with Radar,28,65,53,21,167,0,2,21,3,26,28,67,74,24,193,10,0,10,203
02/26/2010,FAT,CA,AWP,WE,Combined TRACON& Tower with Radar,27,68,28,11,134,0,4,53,4,61,27,72,81,15,195,34,2,36,231
02/27/2010,FAT,CA,AWP,WE,Combined TRACON& Tower with Radar,20,51,10,2,83,0,4,27,0,31,20,55,37,2,114,0,0,0,114
02/28/2010,FAT,CA,AWP,WE,Combined TRACON& Tower with Radar,24,59,12,9,104,0,6,58,1,65,24,65,70,10,169,28,0,28,197
03/01/2010,FAT,CA,AWP,WE,Combined TRACON& Tower with Radar,24,66,28,12,130,0,4,99,7,110,24,70,127,19,240,110,2,112,352
03/02/2010,FAT,CA,AWP,WE,Combined TRACON& Tower with Radar,26,73,34,25,158,0,8,73,8,89,26,81,107,33,247,86,10,96,343
03/03/2010,FAT,CA,AWP,WE,Combined TRACON& Tower with Radar,24,66,42,14,146,0,7,58,6,71,24,73,100,20,217,98,8,106,323
03/04/2010,FAT,CA,AWP,WE,Combined TRACON& Tower with Radar,26,72,41,21,160,0,7,101,4,112,26,79,142,25,272,72,14,86,358
03/05/2010,FAT,CA,AWP,WE,Combined TRACON& Tower with Radar,25,70,33,4,132,0,5,128,2,135,25,75,161,6,267,114,0,114,381
03/06/2010,FAT,CA,AWP,WE,Combined TRACON& Tower with Radar,21,56,10,22,109,0,2,69,6,77,21,58,79,28,186,70,14,84,270
03/07/2010,FAT,CA,AWP,WE,Combined TRACON& Tower with Radar,23,56,18,14,111,0,4,59,6,69,23,60,77,20,180,94,0,94,274
03/08/2010,FAT,CA,AWP,WE,Combined TRACON& Tower with Radar,24,66,48,10,148,0,5,68,10,83,24,71,116,20,231,84,14,98,329
03/09/2010,FAT,CA,AWP,WE,Combined TRACON& Tower with Radar,24,64,28,8,124,0,6,108,8,122,24,70,136,16,246,68,18,86,332
03/10/2010,FAT,CA,AWP,WE,Combined TRACON& Tower with Radar,24,65,43,11,143,0,11,108,2,121,24,76,151,13,264,64,12,76,340
03/11/2010,FAT,CA,AWP,WE,Combined TRACON& Tower with Radar,28,64,62,9,163,0,9,142,10,161,28,73,204,19,324,100,12,112,436
03/12/2010,FAT,CA,AWP,WE,Combined TRACON& Tower with Radar,26,67,44,24,161,0,5,87,5,97,26,72,131,29,258,88,10,98,356
03/13/2010,FAT,CA,AWP,WE,Combined TRACON& Tower with Radar,21,52,14,5,92,0,5,63,1,69,21,57,77,6,161,72,14,86,247
03/14/2010,FAT,CA,AWP,WE,Combined TRACON& Tower with Radar,22,55,10,6,93,0,7,75,3,85,22,62,85,9,178,54,4,58,236
03/15/2010,FAT,CA,AWP,WE,Combined TRACON& Tower with Radar,64,103,28,27,222,0,8,102,8,118,64,111,130,35,340,108,8,116,456
03/16/2010,FAT,CA,AWP,WE,Combined TRACON& Tower with Radar,76,93,33,41,243,0,10,201,2,213,76,103,234,43,456,100,0,100,556
03/17/2010,FAT,CA,AWP,WE,Combined TRACON& Tower with Radar,26,68,32,11,137,0,10,129,7,146,26,78,161,18,283,94,2,96,379
03/18/2010,FAT,CA,AWP,WE,Combined TRACON& Tower with Radar,24,67,22,17,130,0,11,147,7,165,24,78,169,24,295,82,30,112,407
03/19/2010,FAT,CA,AWP,WE,Combined TRACON& Tower with Radar,27,66,19,14,126,0,12,129,8,149,27,78,148,22,275,94,12,106,381
03/20/2010,FAT,CA,AWP,WE,Combined TRACON& Tower with Radar,21,55,17,14,107,0,9,67,4,80,21,64,84,18,187,64,6,70,257
03/21/2010,FAT,CA,AWP,WE,Combined TRACON& Tower with Radar,22,58,18,2,100,0,6,121,0,127,22,64,139,2,227,76,0,76,303
03/22/2010,FAT,CA,AWP,WE,Combined TRACON& Tower with Radar,26,69,28,9,132,0,6,98,5,109,26,75,126,14,241,102,22,124,365
03/23/2010,FAT,CA,AWP,WE,Combined TRACON& Tower with Radar,26,65,43,17,151,0,10,175,11,196,26,75,218,28,347,106,6,112,459
03/24/2010,FAT,CA,AWP,WE,Combined TRACON& Tower with Radar,24,66,37,5,132,0,6,137,16,159,24,72,174,21,291,84,22,106,397
03/25/2010,FAT,CA,AWP,WE,Combined TRACON& Tower with Radar,28,73,85,17,203,0,10,130,8,148,28,83,215,25,351,86,8,94,445
03/26/2010,FAT,CA,AWP,WE,Combined TRACON& Tower with Radar,28,65,11,10,114,0,11,120,8,139,28,76,131,18,253,112,12,124,377
03/27/2010,FAT,CA,AWP,WE,Combined TRACON& Tower with Radar,25,48,17,14,104,0,7,67,6,80,25,55,84,20,184,76,0,76,260
03/28/2010,FAT,CA,AWP,WE,Combined TRACON& Tower with Radar,22,59,6,10,97,0,12,59,3,74,22,71,65,13,171,74,10,84,255
03/29/2010,FAT,CA,AWP,WE,Combined TRACON& Tower with Radar,27,67,22,14,130,0,10,102,5,117,27,77,124,19,247,98,13,111,358
03/30/2010,FAT,CA,AWP,WE,Combined TRACON& Tower with Radar,27,65,36,23,151,0,8,137,7,152,27,73,173,30,303,92,12,104,407
03/31/2010,FAT,CA,AWP,WE,Combined TRACON& Tower with Radar,26,68,29,12,135,0,5,77,9,91,26,73,106,21,226,98,14,112,338
04/01/2010,FAT,CA,AWP,WE,Combined TRACON& Tower with Radar,29,70,27,8,134,0,12,145,9,166,29,82,172,17,300,114,16,130,430
04/02/2010,FAT,CA,AWP,WE,Combined TRACON& Tower with Radar,30,65,40,8,143,0,11,115,11,137,30,76,155,19,280,64,18,82,362
04/03/2010,FAT,CA,AWP,WE,Combined TRACON& Tower with Radar,23,51,8,0,82,0,9,93,2,104,23,60,101,2,186,80,12,92,278
04/04/2010,FAT,CA,AWP,WE,Combined TRACON& Tower with Radar,24,57,13,0,94,0,2,93,0,95,24,59,106,0,189,76,0,76,265
04/05/2010,FAT,CA,AWP,WE,Combined TRACON& Tower with Radar,25,64,41,11,141,0,9,73,5,87,25,73,114,16,228,106,10,116,344
04/06/2010,FAT,CA,AWP,WE,Combined TRACON& Tower with Radar,30,74,32,3,139,0,9,120,10,139,30,83,152,13,278,128,14,142,420
04/07/2010,FAT,CA,AWP,WE,Combined TRACON& Tower with Radar,28,66,39,0,133,0,9,143,6,158,28,75,182,6,291,96,10,106,397
04/08/2010,FAT,CA,AWP,WE,Combined TRACON& Tower with Radar,29,60,27,3,119,0,12,164,2,178,29,72,191,5,297,92,12,104,401
04/09/2010,FAT,CA,AWP,WE,Combined TRACON& Tower with Radar,31,63,24,28,146,0,17,139,4,160,31,80,163,32,306,104,10,114,420
04/10/2010,FAT,CA,AWP,WE,Combined TRACON& Tower with Radar,20,50,11,6,87,0,8,82,4,94,20,58,93,10,181,82,16,98,279
04/11/2010,FAT,CA,AWP,WE,Combined TRACON& Tower with Radar,24,57,16,5,102,0,7,34,0,41,24,64,50,5,143,82,0,82,225
04/12/2010,FAT,CA,AWP,WE,Combined TRACON& Tower with Radar,30,73,27,4,134,0,2,54,3,59,30,75,81,7,193,82,8,90,283
04/13/2010,FAT,CA,AWP,WE,Combined TRACON& Tower with Radar,28,70,29,11,138,0,8,95,5,108,28,78,124,16,246,92,0,92,338
04/14/2010,FAT,CA,AWP,WE,Combined TRACON& Tower with Radar,28,62,18,13,121,0,12,125,11,148,28,74,143,24,269,86,10,96,365
04/15/2010,FAT,CA,AWP,WE,Combined TRACON& Tower with Radar,30,64,31,19,144,0,14,172,11,197,30,78,203,30,341,110,16,126,467
04/16/2010,FAT,CA,AWP,WE,Combined TRACON& Tower with Radar,31,66,36,13,146,0,10,112,6,128,31,76,148,19,274,110,14,124,398
04/17/2010,FAT,CA,AWP,WE,Combined TRACON& Tower with Radar,18,52,5,9,84,0,12,58,7,77,18,64,63,16,161,102,14,116,277
04/18/2010,FAT,CA,AWP,WE,Combined TRACON& Tower with Radar,21,66,27,3,117,0,8,79,0,87,21,74,106,3,204,73,15,88,292
04/19/2010,FAT,CA,AWP,WE,Combined TRACON& Tower with Radar,30,60,12,4,106,0,10,112,5,127,30,70,124,9,233,92,12,104,337
04/20/2010,FAT,CA,AWP,WE,Combined TRACON& Tower with Radar,28,68,13,9,118,0,3,20,3,26,28,71,33,12,144,70,10,80,224
04/21/2010,FAT,CA,AWP,WE,Combined TRACON& Tower with Radar,25,71,44,13,153,0,3,43,0,46,25,74,87,13,199,86,10,96,295
04/22/2010,FAT,CA,AWP,WE,Combined TRACON& Tower with Radar,31,71,49,13,164,0,3,57,7,67,31,74,106,20,231,104,16,120,351
04/23/2010,FAT,CA,AWP,WE,Combined TRACON& Tower with Radar,31,62,37,17,147,0,12,140,7,159,31,74,177,24,306,112,18,130,436
04/24/2010,FAT,CA,AWP,WE,Combined TRACON& Tower with Radar,19,51,34,8,112,0,11,97,5,113,19,62,131,13,225,72,10,82,307
04/25/2010,FAT,CA,AWP,WE,Combined TRACON& Tower with Radar,24,56,12,5,97,0,10,88,0,98,24,66,100,5,195,66,0,66,261
04/26/2010,FAT,CA,AWP,WE,Combined TRACON& Tower with Radar,30,63,31,3,127,0,11,116,6,133,30,74,147,9,260,120,16,136,396
04/27/2010,FAT,CA,AWP,WE,Combined TRACON& Tower with Radar,30,62,25,20,137,0,8,94,4,106,30,70,119,24,243,110,16,126,369
04/28/2010,FAT,CA,AWP,WE,Combined TRACON& Tower with Radar,27,59,41,16,143,0,11,100,9,120,27,70,141,25,263,96,12,108,371
04/29/2010,FAT,CA,AWP,WE,Combined TRACON& Tower with Radar,33,65,41,17,156,0,12,92,7,111,33,77,133,24,267,94,22,116,383
04/30/2010,FAT,CA,AWP,WE,Combined TRACON& Tower with Radar,29,63,27,15,134,0,14,110,3,127,29,77,137,18,261,134,0,134,395
05/01/2010,FAT,CA,AWP,WE,Combined TRACON& Tower with Radar,18,56,10,6,90,0,3,123,1,127,18,59,133,7,217,76,14,90,307
05/02/2010,FAT,CA,AWP,WE,Combined TRACON& Tower with Radar,23,64,11,11,109,0,8,118,3,129,23,72,129,14,238,84,0,84,322
05/03/2010,FAT,CA,AWP,WE,Combined TRACON& Tower with Radar,27,68,23,31,149,0,8,136,11,155,27,76,159,42,304,104,10,114,418
05/04/2010,FAT,CA,AWP,WE,Combined TRACON& Tower with Radar,29,67,27,13,136,0,10,145,13,168,29,77,172,26,304,80,8,88,392
05/05/2010,FAT,CA,AWP,WE,Combined TRACON& Tower with Radar,27,67,29,12,135,0,11,131,13,155,27,78,160,25,290,110,12,122,412
05/06/2010,FAT,CA,AWP,WE,Combined TRACON& Tower with Radar,34,64,12,29,139,0,11,173,19,203,34,75,185,48,342,96,18,114,456
05/07/2010,FAT,CA,AWP,WE,Combined TRACON& Tower with Radar,34,68,10,10,122,0,19,150,9,178,34,87,160,19,300,86,14,100,400
05/08/2010,FAT,CA,AWP,WE,Combined TRACON& Tower with Radar,21,52,19,6,98,0,7,89,2,98,21,59,108,8,196,98,14,112,308
05/09/2010,FAT,CA,AWP,WE,Combined TRACON& Tower with Radar,22,61,17,0,100,0,4,59,4,67,22,65,76,4,167,74,0,74,241
05/10/2010,FAT,CA,AWP,WE,Combined TRACON& Tower with Radar,28,67,27,6,128,0,4,103,2,109,28,71,130,8,237,62,14,76,313
05/11/2010,FAT,CA,AWP,WE,Combined TRACON& Tower with Radar,26,61,53,14,154,0,9,107,5,121,26,70,160,19,275,128,16,144,419
05/12/2010,FAT,CA,AWP,WE,Combined TRACON& Tower with Radar,28,67,17,8,120,0,12,177,9,198,28,79,194,17,318,110,20,130,448
05/13/2010,FAT,CA,AWP,WE,Combined TRACON& Tower with Radar,30,62,47,9,148,0,8,139,14,161,30,70,186,23,309,84,2,86,395
05/14/2010,FAT,CA,AWP,WE,Combined TRACON& Tower with Radar,29,67,37,8,141,0,15,170,16,201,29,82,207,24,342,84,30,114,456
05/15/2010,FAT,CA,AWP,WE,Combined TRACON& Tower with Radar,18,51,15,7,91,0,6,102,2,110,18,57,117,9,201,72,14,86,287
05/16/2010,FAT,CA,AWP,WE,Combined TRACON& Tower with Radar,23,60,15,16,114,0,6,62,4,72,23,66,77,20,186,88,4,92,278
05/17/2010,FAT,CA,AWP,WE,Combined TRACON& Tower with Radar,28,62,31,10,131,0,7,85,2,94,28,69,116,12,225,120,14,134,359
05/18/2010,FAT,CA,AWP,WE,Combined TRACON& Tower with Radar,26,68,63,14,171,0,8,145,9,162,26,76,208,23,333,94,14,108,441
05/19/2010,FAT,CA,AWP,WE,Combined TRACON& Tower with Radar,28,73,31,6,138,0,7,155,16,178,28,80,186,22,316,122,2,124,440
05/20/2010,FAT,CA,AWP,WE,Combined TRACON& Tower with Radar,30,70,38,16,154,0,4,108,4,116,30,74,146,20,270,98,14,112,382
05/21/2010,FAT,CA,AWP,WE,Combined TRACON& Tower with Radar,30,71,38,7,146,0,14,103,5,122,30,85,141,12,268,76,18,94,362
05/22/2010,FAT,CA,AWP,WE,Combined TRACON& Tower with Radar,19,52,15,8,94,0,5,57,2,64,19,57,72,10,158,94,10,104,262
05/23/2010,FAT,CA,AWP,WE,Combined TRACON& Tower with Radar,23,61,17,1,102,0,4,87,0,91,23,65,104,1,193,66,0,66,259
05/24/2010,FAT,CA,AWP,WE,Combined TRACON& Tower with Radar,31,69,14,2,116,2,13,119,5,139,33,82,133,7,255,82,18,100,355
05/25/2010,FAT,CA,AWP,WE,Combined TRACON& Tower with Radar,26,71,21,16,134,0,7,119,10,136,26,78,140,26,270,114,12,126,396
05/26/2010,FAT,CA,AWP,WE,Combined TRACON& Tower with Radar,29,65,42,10,146,0,6,81,8,95,29,71,123,18,241,104,12,116,357
05/27/2010,FAT,CA,AWP,WE,Combined TRACON& Tower with Radar,30,70,47,13,160,0,6,85,7,98,30,76,132,20,258,114,14,128,386
05/28/2010,FAT,CA,AWP,WE,Combined TRACON& Tower with Radar,30,66,45,8,149,0,5,133,5,143,30,71,178,13,292,114,16,130,422
05/29/2010,FAT,CA,AWP,WE,Combined TRACON& Tower with Radar,20,53,9,4,86,0,12,116,1,129,20,65,125,5,215,74,14,88,303
05/30/2010,FAT,CA,AWP,WE,Combined TRACON& Tower with Radar,23,51,2,2,78,0,6,66,0,72,23,57,68,2,150,60,10,70,220
05/31/2010,FAT,CA,AWP,WE,Combined TRACON& Tower with Radar,26,55,20,0,101,0,8,102,6,116,26,63,122,6,217,64,18,82,299
06/01/2010,FAT,CA,AWP,WE,Combined TRACON& Tower with Radar,28,61,52,8,149,0,12,110,10,132,28,73,162,18,281,112,12,124,405
06/02/2010,FAT,CA,AWP,WE,Combined TRACON& Tower with Radar,27,68,26,10,131,0,11,131,12,154,27,79,157,22,285,102,16,118,403
06/03/2010,FAT,CA,AWP,WE,Combined TRACON& Tower with Radar,31,65,22,3,121,0,11,148,10,169,31,76,170,13,290,80,24,104,394
06/04/2010,FAT,CA,AWP,WE,Combined TRACON& Tower with Radar,30,71,24,6,131,0,16,137,1,154,30,87,161,7,285,108,0,108,393
06/05/2010,FAT,CA,AWP,WE,Combined TRACON& Tower with Radar,21,51,9,1,82,0,11,88,4,103,21,62,97,5,185,90,18,108,293
06/06/2010,FAT,CA,AWP,WE,Combined TRACON& Tower with Radar,23,59,9,10,101,0,7,85,9,101,23,66,94,19,202,90,0,90,292
06/07/2010,FAT,CA,AWP,WE,Combined TRACON& Tower with Radar,29,66,30,7,132,0,11,159,1,171,29,77,189,8,303,126,10,136,439
06/08/2010,FAT,CA,AWP,WE,Combined TRACON& Tower with Radar,29,62,35,9,135,0,11,175,11,197,29,73,210,20,332,100,6,106,438
06/09/2010,FAT,CA,AWP,WE,Combined TRACON& Tower with Radar,27,69,27,2,125,0,8,120,1,129,27,77,147,3,254,86,16,102,356
06/10/2010,FAT,CA,AWP,WE,Combined TRACON& Tower with Radar,28,61,16,13,118,0,13,112,10,135,28,74,128,23,253,114,14,128,381
06/11/2010,FAT,CA,AWP,WE,Combined TRACON& Tower with Radar,26,66,45,12,149,0,14,139,10,163,26,80,184,22,312,100,22,122,434
06/12/2010,FAT,CA,AWP,WE,Combined TRACON& Tower with Radar,23,58,22,18,121,0,15,100,4,119,23,73,122,22,240,94,18,112,352
06/13/2010,FAT,CA,AWP,WE,Combined TRACON& Tower with Radar,24,62,6,5,97,0,8,119,3,130,24,70,125,8,227,82,10,92,319
06/14/2010,FAT,CA,AWP,WE,Combined TRACON& Tower with Radar,26,61,20,10,117,0,20,129,6,155,26,81,149,16,272,98,22,120,392
06/15/2010,FAT,CA,AWP,WE,Combined TRACON& Tower with Radar,27,63,52,12,154,0,12,127,7,146,27,75,179,19,300,108,14,122,422
06/16/2010,FAT,CA,AWP,WE,Combined TRACON& Tower with Radar,28,64,49,26,167,0,9,125,7,141,28,73,174,33,308,106,12,118,426
06/17/2010,FAT,CA,AWP,WE,Combined TRACON& Tower with Radar,28,63,43,14,148,0,10,140,10,160,28,73,183,24,308,108,16,124,432
06/18/2010,FAT,CA,AWP,WE,Combined TRACON& Tower with Radar,29,69,38,14,150,0,10,132,7,149,29,79,170,21,299,86,12,98,397
06/19/2010,FAT,CA,AWP,WE,Combined TRACON& Tower with Radar,25,62,20,2,109,0,19,104,1,124,25,81,124,3,233,96,14,110,343
06/20/2010,FAT,CA,AWP,WE,Combined TRACON& Tower with Radar,24,60,9,6,99,0,6,91,0,97,24,66,100,6,196,70,0,70,266
06/21/2010,FAT,CA,AWP,WE,Combined TRACON& Tower with Radar,26,62,35,12,135,0,12,143,8,163,26,74,178,20,298,98,12,110,408
06/22/2010,FAT,CA,AWP,WE,Combined TRACON& Tower with Radar,26,62,18,29,135,0,14,173,9,196,26,76,191,38,331,108,12,120,451
06/23/2010,FAT,CA,AWP,WE,Combined TRACON& Tower with Radar,30,60,23,12,125,0,15,159,12,186,30,75,182,24,311,152,4,156,467
06/24/2010,FAT,CA,AWP,WE,Combined TRACON& Tower with Radar,27,58,35,20,140,0,11,124,14,149,27,69,159,34,289,90,22,112,401
06/25/2010,FAT,CA,AWP,WE,Combined TRACON& Tower with Radar,32,68,67,17,184,0,11,145,12,168,32,79,212,29,352,74,16,90,442
06/26/2010,FAT,CA,AWP,WE,Combined TRACON& Tower with Radar,27,52,36,2,117,0,11,80,9,100,27,63,116,11,217,70,16,86,303
06/27/2010,FAT,CA,AWP,WE,Combined TRACON& Tower with Radar,24,56,13,8,101,0,5,89,2,96,24,61,102,10,197,78,0,78,275
06/28/2010,FAT,CA,AWP,WE,Combined TRACON& Tower with Radar,28,68,31,16,143,0,14,109,17,140,28,82,140,33,283,76,16,92,375
06/29/2010,FAT,CA,AWP,WE,Combined TRACON& Tower with Radar,26,70,22,25,143,0,11,113,16,140,26,81,135,41,283,84,24,108,391
06/30/2010,FAT,CA,AWP,WE,Combined TRACON& Tower with Radar,28,66,14,11,119,0,8,143,14,165,28,74,157,25,284,94,0,94,378
07/01/2010,FAT,CA,AWP,WE,Combined TRACON& Tower with Radar,29,63,45,5,142,0,14,132,12,158,29,77,177,17,300,98,28,126,426
07/02/2010,FAT,CA,AWP,WE,Combined TRACON& Tower with Radar,30,63,17,10,120,0,17,101,7,125,30,80,118,17,245,86,22,108,353
07/03/2010,FAT,CA,AWP,WE,Combined TRACON& Tower with Radar,23,55,11,6,95,0,11,71,2,84,23,66,82,8,179,88,18,106,285
07/04/2010,FAT,CA,AWP,WE,Combined TRACON& Tower with Radar,21,37,1,3,62,0,7,66,3,76,21,44,67,6,138,42,8,50,188
07/05/2010,FAT,CA,AWP,WE,Combined TRACON& Tower with Radar,25,57,8,4,94,0,4,91,3,98,25,61,99,7,192,76,16,92,284
07/06/2010,FAT,CA,AWP,WE,Combined TRACON& Tower with Radar,25,60,15,8,108,0,12,127,15,154,25,72,142,23,262,88,14,102,364
07/07/2010,FAT,CA,AWP,WE,Combined TRACON& Tower with Radar,29,67,33,26,155,0,13,159,18,190,29,80,192,44,345,94,32,126,471
07/08/2010,FAT,CA,AWP,WE,Combined TRACON& Tower with Radar,28,66,38,21,153,0,25,140,17,182,28,91,178,38,335,100,0,100,435
07/09/2010,FAT,CA,AWP,WE,Combined TRACON& Tower with Radar,26,66,24,11,127,0,14,119,17,150,26,80,143,28,277,106,22,128,405
07/10/2010,FAT,CA,AWP,WE,Combined TRACON& Tower with Radar,26,60,6,4,96,0,7,90,4,101,26,67,96,8,197,78,6,84,281
07/11/2010,FAT,CA,AWP,WE,Combined TRACON& Tower with Radar,26,57,19,3,105,0,11,80,5,96,26,68,99,8,201,66,0,66,267
07/12/2010,FAT,CA,AWP,WE,Combined TRACON& Tower with Radar,25,70,22,2,119,0,13,123,7,143,25,83,145,9,262,88,22,110,372
07/13/2010,FAT,CA,AWP,WE,Combined TRACON& Tower with Radar,27,65,33,3,128,0,24,131,22,177,27,89,164,25,305,102,24,126,431
07/14/2010,FAT,CA,AWP,WE,Combined TRACON& Tower with Radar,30,62,37,9,138,0,14,144,16,174,30,76,181,25,312,96,20,116,428
07/15/2010,FAT,CA,AWP,WE,Combined TRACON& Tower with Radar,28,67,24,4,123,0,15,117,14,146,28,82,141,18,269,108,18,126,395
07/16/2010,FAT,CA,AWP,WE,Combined TRACON& Tower with Radar,27,73,42,12,154,0,21,140,18,179,27,94,182,30,333,94,18,112,445
07/17/2010,FAT,CA,AWP,WE,Combined TRACON& Tower with Radar,25,54,20,15,114,0,9,95,12,116,25,63,115,27,230,66,14,80,310
07/18/2010,FAT,CA,AWP,WE,Combined TRACON& Tower with Radar,24,58,12,2,96,0,4,95,2,101,24,62,107,4,197,80,0,80,277
07/19/2010,FAT,CA,AWP,WE,Combined TRACON& Tower with Radar,26,63,42,2,133,0,14,142,19,175,26,77,184,21,308,94,14,108,416
07/20/2010,FAT,CA,AWP,WE,Combined TRACON& Tower with Radar,26,66,42,7,141,0,30,186,16,232,26,96,228,23,373,100,22,122,495
07/21/2010,FAT,CA,AWP,WE,Combined TRACON& Tower with Radar,29,69,26,4,128,0,16,133,20,169,29,85,159,24,297,84,16,100,397
07/22/2010,FAT,CA,AWP,WE,Combined TRACON& Tower with Radar,29,61,34,9,133,0,11,152,18,181,29,72,186,27,314,86,14,100,414
07/23/2010,FAT,CA,AWP,WE,Combined TRACON& Tower with Radar,29,77,23,8,137,0,13,151,19,183,29,90,174,27,320,104,26,130,450
07/24/2010,FAT,CA,AWP,WE,Combined TRACON& Tower with Radar,26,53,9,9,97,0,9,83,24,116,26,62,92,33,213,92,14,106,319
07/25/2010,FAT,CA,AWP,WE,Combined TRACON& Tower with Radar,25,62,19,3,109,0,6,98,1,105,25,68,117,4,214,78,0,78,292
07/26/2010,FAT,CA,AWP,WE,Combined TRACON& Tower with Radar,28,65,26,12,131,0,12,144,9,165,28,77,170,21,296,110,18,128,424
07/27/2010,FAT,CA,AWP,WE,Combined TRACON& Tower with Radar,26,67,40,7,140,0,12,156,14,182,26,79,196,21,322,100,18,118,440
07/28/2010,FAT,CA,AWP,WE,Combined TRACON& Tower with Radar,31,61,30,11,133,0,12,195,13,220,31,73,225,24,353,100,18,118,471
07/29/2010,FAT,CA,AWP,WE,Combined TRACON& Tower with Radar,26,58,35,8,127,0,11,129,24,164,26,69,164,32,291,0,0,0,291
07/30/2010,FAT,CA,AWP,WE,Combined TRACON& Tower with Radar,29,67,25,11,132,0,13,112,10,135,29,80,137,21,267,110,24,134,401
07/31/2010,FAT,CA,AWP,WE,Combined TRACON& Tower with Radar,27,56,42,18,143,0,12,84,12,108,27,68,126,30,251,64,14,78,329
08/01/2010,FAT,CA,AWP,WE,Combined TRACON& Tower with Radar,24,60,9,6,99,0,6,91,3,100,24,66,100,9,199,76,10,86,285
08/02/2010,FAT,CA,AWP,WE,Combined TRACON& Tower with Radar,25,56,21,5,107,0,7,107,5,119,25,63,128,10,226,112,14,126,352
08/03/2010,FAT,CA,AWP,WE,Combined TRACON& Tower with Radar,27,67,33,14,141,0,15,104,6,125,27,82,137,20,266,92,20,112,378
08/04/2010,FAT,CA,AWP,WE,Combined TRACON& Tower with Radar,30,58,25,17,130,0,14,145,6,165,30,72,170,23,295,86,0,86,381
08/05/2010,FAT,CA,AWP,WE,Combined TRACON& Tower with Radar,28,72,28,12,140,0,8,147,10,165,28,80,175,22,305,100,18,118,423
08/06/2010,FAT,CA,AWP,WE,Combined TRACON& Tower with Radar,28,65,30,27,150,0,12,150,11,173,28,77,180,38,323,104,14,118,441
08/07/2010,FAT,CA,AWP,WE,Combined TRACON& Tower with Radar,25,56,15,8,104,0,9,93,9,111,25,65,108,17,215,64,12,76,291
08/08/2010,FAT,CA,AWP,WE,Combined TRACON& Tower with Radar,25,63,16,0,104,0,8,79,8,95,25,71,95,8,199,66,0,66,265
08/09/2010,FAT,CA,AWP,WE,Combined TRACON& Tower with Radar,27,64,34,10,135,0,14,130,8,152,27,78,164,18,287,104,18,122,409
08/10/2010,FAT,CA,AWP,WE,Combined TRACON& Tower with Radar,26,61,26,7,120,0,10,103,13,126,26,71,129,20,246,110,18,128,374
08/11/2010,FAT,CA,AWP,WE,Combined TRACON& Tower with Radar,37,72,27,8,144,0,15,164,11,190,37,87,191,19,334,112,24,136,470
08/12/2010,FAT,CA,AWP,WE,Combined TRACON& Tower with Radar,27,67,28,13,135,0,11,137,14,162,27,78,165,27,297,92,14,106,403
08/13/2010,FAT,CA,AWP,WE,Combined TRACON& Tower with Radar,27,67,45,8,147,0,16,144,10,170,27,83,189,18,317,104,18,122,439
08/14/2010,FAT,CA,AWP,WE,Combined TRACON& Tower with Radar,21,54,20,3,98,0,8,77,5,90,21,62,97,8,188,72,22,94,282
08/15/2010,FAT,CA,AWP,WE,Combined TRACON& Tower with Radar,22,58,19,18,117,0,5,75,4,84,22,63,94,22,201,78,0,78,279
08/16/2010,FAT,CA,AWP,WE,Combined TRACON& Tower with Radar,24,71,29,10,134,0,11,130,6,147,24,82,159,16,281,92,22,114,395
08/17/2010,FAT,CA,AWP,WE,Combined TRACON& Tower with Radar,26,63,36,10,135,0,10,123,17,150,26,73,159,27,285,90,18,108,393
08/18/2010,FAT,CA,AWP,WE,Combined TRACON& Tower with Radar,24,64,32,12,132,0,11,151,12,174,24,75,183,24,306,118,24,142,448
08/19/2010,FAT,CA,AWP,WE,Combined TRACON& Tower with Radar,26,65,37,28,156,0,7,130,10,147,26,72,167,38,303,92,32,124,427
08/20/2010,FAT,CA,AWP,WE,Combined TRACON& Tower with Radar,27,63,38,3,131,0,11,127,9,147,27,74,165,12,278,100,14,114,392
08/21/2010,FAT,CA,AWP,WE,Combined TRACON& Tower with Radar,21,55,14,0,90,0,7,115,0,122,21,62,129,0,212,84,22,106,318
08/22/2010,FAT,CA,AWP,WE,Combined TRACON& Tower with Radar,24,59,7,1,91,0,6,73,2,81,24,65,80,3,172,90,0,90,262
08/23/2010,FAT,CA,AWP,WE,Combined TRACON& Tower with Radar,24,62,30,17,133,0,11,107,13,131,24,73,137,30,264,102,24,126,390
08/24/2010,FAT,CA,AWP,WE,Combined TRACON& Tower with Radar,26,68,32,11,137,0,14,107,11,132,26,82,139,22,269,108,18,126,395
08/25/2010,FAT,CA,AWP,WE,Combined TRACON& Tower with Radar,28,65,30,8,131,0,18,121,16,155,28,83,151,24,286,100,24,124,410
08/26/2010,FAT,CA,AWP,WE,Combined TRACON& Tower with Radar,26,76,39,5,146,0,8,135,10,153,26,84,174,15,299,92,22,114,413
08/27/2010,FAT,CA,AWP,WE,Combined TRACON& Tower with Radar,25,67,15,7,114,0,12,153,8,173,25,79,168,15,287,102,20,122,409
08/28/2010,FAT,CA,AWP,WE,Combined TRACON& Tower with Radar,17,48,20,6,91,0,3,93,2,98,17,51,113,8,189,82,18,100,289
08/29/2010,FAT,CA,AWP,WE,Combined TRACON& Tower with Radar,24,60,38,5,127,0,11,71,10,92,24,71,109,15,219,80,0,80,299
08/30/2010,FAT,CA,AWP,WE,Combined TRACON& Tower with Radar,24,63,19,3,109,0,13,121,12,146,24,76,140,15,255,84,24,108,363
08/31/2010,FAT,CA,AWP,WE,Combined TRACON& Tower with Radar,24,63,29,10,126,0,11,152,8,171,24,74,181,18,297,78,16,94,391
09/01/2010,FAT,CA,AWP,WE,Combined TRACON& Tower with Radar,24,64,18,10,116,0,12,149,6,167,24,76,167,16,283,92,10,102,385
09/02/2010,FAT,CA,AWP,WE,Combined TRACON& Tower with Radar,27,63,26,11,127,0,7,144,12,163,27,70,170,23,290,106,22,128,418
09/03/2010,FAT,CA,AWP,WE,Combined TRACON& Tower with Radar,33,63,21,8,125,0,16,127,10,153,33,79,148,18,278,86,26,112,390
09/04/2010,FAT,CA,AWP,WE,Combined TRACON& Tower with Radar,18,42,19,7,86,0,14,94,2,110,18,56,113,9,196,78,12,90,286
09/05/2010,FAT,CA,AWP,WE,Combined TRACON& Tower with Radar,20,37,13,2,72,0,9,92,5,106,20,46,105,7,178,70,0,70,248
09/06/2010,FAT,CA,AWP,WE,Combined TRACON& Tower with Radar,25,59,12,0,96,0,3,111,3,117,25,62,123,3,213,90,0,90,303
09/07/2010,FAT,CA,AWP,WE,Combined TRACON& Tower with Radar,24,58,24,16,122,0,16,121,9,146,24,74,145,25,268,100,18,118,386
09/08/2010,FAT,CA,AWP,WE,Combined TRACON& Tower with Radar,24,65,43,8,140,0,11,158,4,173,24,76,201,12,313,96,32,128,441
09/09/2010,FAT,CA,AWP,WE,Combined TRACON& Tower with Radar,26,71,41,14,152,0,8,138,5,151,26,79,179,19,303,122,0,122,425
09/10/2010,FAT,CA,AWP,WE,Combined TRACON& Tower with Radar,25,64,24,13,126,0,7,134,13,154,25,71,158,26,280,126,14,140,420
09/11/2010,FAT,CA,AWP,WE,Combined TRACON& Tower with Radar,18,52,21,13,104,0,11,87,7,105,18,63,108,20,209,86,20,106,315
09/12/2010,FAT,CA,AWP,WE,Combined TRACON& Tower with Radar,22,54,16,1,93,0,5,86,3,94,22,59,102,4,187,78,0,78,265
09/13/2010,FAT,CA,AWP,WE,Combined TRACON& Tower with Radar,24,58,17,11,110,0,10,88,6,104,24,68,105,17,214,124,4,128,342
09/14/2010,FAT,CA,AWP,WE,Combined TRACON& Tower with Radar,24,60,26,23,133,0,15,106,7,128,24,75,132,30,261,114,14,128,389
09/15/2010,FAT,CA,AWP,WE,Combined TRACON& Tower with Radar,24,59,33,13,129,0,18,141,9,168,24,77,174,22,297,108,16,124,421
09/16/2010,FAT,CA,AWP,WE,Combined TRACON& Tower with Radar,28,70,48,14,160,0,16,151,3,170,28,86,199,17,330,120,0,120,450
09/17/2010,FAT,CA,AWP,WE,Combined TRACON& Tower with Radar,28,63,31,12,134,0,14,157,6,177,28,77,188,18,311,100,0,100,411
09/18/2010,FAT,CA,AWP,WE,Combined TRACON& Tower with Radar,18,51,27,2,98,0,7,95,3,105,18,58,122,5,203,76,22,98,301
09/19/2010,FAT,CA,AWP,WE,Combined TRACON& Tower with Radar,23,70,10,10,113,0,7,54,1,62,23,77,64,11,175,54,0,54,229
09/20/2010,FAT,CA,AWP,WE,Combined TRACON& Tower with Radar,24,62,31,3,120,0,9,80,13,102,24,71,111,16,222,100,18,118,340
09/21/2010,FAT,CA,AWP,WE,Combined TRACON& Tower with Radar,24,67,39,4,134,0,16,93,12,121,24,83,132,16,255,86,10,96,351
09/22/2010,FAT,CA,AWP,WE,Combined TRACON& Tower with Radar,24,60,23,9,116,0,8,137,5,150,24,68,160,14,266,100,14,114,380
09/23/2010,FAT,CA,AWP,WE,Combined TRACON& Tower with Radar,28,64,23,25,140,0,4,116,7,127,28,68,139,32,267,76,16,92,359
09/24/2010,FAT,CA,AWP,WE,Combined TRACON& Tower with Radar,27,65,48,14,154,0,21,130,9,160,27,86,178,23,314,88,26,114,428
09/25/2010,FAT,CA,AWP,WE,Combined TRACON& Tower with Radar,21,63,10,0,94,0,8,71,1,80,21,71,81,1,174,82,0,82,256
09/26/2010,FAT,CA,AWP,WE,Combined TRACON& Tower with Radar,23,70,10,10,113,0,7,57,1,65,23,77,67,11,178,68,0,68,246
09/27/2010,FAT,CA,AWP,WE,Combined TRACON& Tower with Radar,26,61,31,5,123,0,18,105,8,131,26,79,136,13,254,106,12,118,372
09/28/2010,FAT,CA,AWP,WE,Combined TRACON& Tower with Radar,27,60,20,14,121,0,16,110,13,139,27,76,130,27,260,96,20,116,376
09/29/2010,FAT,CA,AWP,WE,Combined TRACON& Tower with Radar,24,62,23,4,113,0,10,137,12,159,24,72,160,16,272,98,26,124,396
09/30/2010,FAT,CA,AWP,WE,Combined TRACON& Tower with Radar,38,82,29,10,159,0,7,180,13,200,38,89,209,23,359,106,10,116,475
10/01/2010,FAT,CA,AWP,WE,Combined TRACON& Tower with Radar,36,54,8,30,128,0,11,81,7,99,36,65,89,37,227,88,36,124,351
10/02/2010,FAT,CA,AWP,WE,Combined TRACON& Tower with Radar,19,50,8,27,104,0,19,67,9,95,19,69,75,36,199,92,22,114,313
10/03/2010,FAT,CA,AWP,WE,Combined TRACON& Tower with Radar,22,57,15,0,94,0,2,78,1,81,22,59,93,1,175,94,0,94,269
10/04/2010,FAT,CA,AWP,WE,Combined TRACON& Tower with Radar,23,57,31,3,114,0,11,96,3,110,23,68,127,6,224,120,0,120,344
10/05/2010,FAT,CA,AWP,WE,Combined TRACON& Tower with Radar,24,62,25,25,136,0,13,118,4,135,24,75,143,29,271,98,18,116,387
10/06/2010,FAT,CA,AWP,WE,Combined TRACON& Tower with Radar,72,93,40,11,216,0,5,65,0,70,72,98,105,11,286,92,18,110,396
10/07/2010,FAT,CA,AWP,WE,Combined TRACON& Tower with Radar,40,84,35,17,176,12,14,108,15,149,52,98,143,32,325,102,22,124,449
10/08/2010,FAT,CA,AWP,WE,Combined TRACON& Tower with Radar,56,66,27,10,159,11,17,109,4,141,67,83,136,14,300,92,24,116,416
10/09/2010,FAT,CA,AWP,WE,Combined TRACON& Tower with Radar,64,59,12,7,142,0,22,77,1,100,64,81,89,8,242,82,18,100,342
10/10/2010,FAT,CA,AWP,WE,Combined TRACON& Tower with Radar,29,60,16,16,121,1,13,77,1,92,30,73,93,17,213,74,4,78,291
10/11/2010,FAT,CA,AWP,WE,Combined TRACON& Tower with Radar,25,56,32,4,117,0,10,98,3,111,25,66,130,7,228,106,22,128,356
10/12/2010,FAT,CA,AWP,WE,Combined TRACON& Tower with Radar,52,59,32,9,152,32,26,91,5,154,84,85,123,14,306,90,14,104,410
10/13/2010,FAT,CA,AWP,WE,Combined TRACON& Tower with Radar,28,60,28,17,133,44,35,135,5,219,72,95,163,22,352,80,22,102,454
10/14/2010,FAT,CA,AWP,WE,Combined TRACON& Tower with Radar,57,69,21,9,156,31,33,133,15,212,88,102,154,24,368,92,16,108,476
10/15/2010,FAT,CA,AWP,WE,Combined TRACON& Tower with Radar,33,64,24,6,127,14,26,138,19,197,47,90,162,25,324,102,18,120,444
10/16/2010,FAT,CA,AWP,WE,Combined TRACON& Tower with Radar,18,48,11,1,78,0,5,89,7,101,18,53,100,8,179,72,20,92,271
10/17/2010,FAT,CA,AWP,WE,Combined TRACON& Tower with Radar,22,69,22,2,115,0,16,45,3,64,22,85,67,5,179,62,0,62,241
10/18/2010,FAT,CA,AWP,WE,Combined TRACON& Tower with Radar,27,65,22,4,118,0,6,52,6,64,27,71,74,10,182,66,14,80,262
10/19/2010,FAT,CA,AWP,WE,Combined TRACON& Tower with Radar,24,62,36,4,126,0,5,87,3,95,24,67,123,7,221,96,24,120,341
10/20/2010,FAT,CA,AWP,WE,Combined TRACON& Tower with Radar,24,67,38,35,164,0,14,117,15,146,24,81,155,50,310,94,14,108,418
10/21/2010,FAT,CA,AWP,WE,Combined TRACON& Tower with Radar,26,70,28,6,130,0,9,140,2,151,26,79,168,8,281,84,20,104,385
10/22/2010,FAT,CA,AWP,WE,Combined TRACON& Tower with Radar,25,63,46,7,141,0,15,110,8,133,25,78,156,15,274,78,14,92,366
10/23/2010,FAT,CA,AWP,WE,Combined TRACON& Tower with Radar,15,56,19,4,94,0,2,44,0,46,15,58,63,4,140,46,0,46,186
10/24/2010,FAT,CA,AWP,WE,Combined TRACON& Tower with Radar,22,70,21,1,114,0,7,53,1,61,22,77,74,2,175,60,0,60,235
10/25/2010,FAT,CA,AWP,WE,Combined TRACON& Tower with Radar,24,74,47,5,150,0,9,76,9,94,24,83,123,14,244,86,20,106,350
10/26/2010,FAT,CA,AWP,WE,Combined TRACON& Tower with Radar,24,68,28,16,136,0,5,120,6,131,24,73,148,22,267,72,22,94,361
10/27/2010,FAT,CA,AWP,WE,Combined TRACON& Tower with Radar,24,60,31,9,124,0,11,158,9,178,24,71,189,18,302,92,18,110,412
10/28/2010,FAT,CA,AWP,WE,Combined TRACON& Tower with Radar,29,63,29,14,135,0,9,174,17,200,29,72,203,31,335,86,20,106,441
10/29/2010,FAT,CA,AWP,WE,Combined TRACON& Tower with Radar,26,69,16,6,117,0,11,107,8,126,26,80,123,14,243,88,10,98,341
10/30/2010,FAT,CA,AWP,WE,Combined TRACON& Tower with Radar,18,48,36,0,102,0,8,120,4,132,18,56,156,4,234,70,0,70,304
10/31/2010,FAT,CA,AWP,WE,Combined TRACON& Tower with Radar,22,60,27,2,111,0,23,142,3,168,22,83,169,5,279,98,0,98,377
11/01/2010,FAT,CA,AWP,WE,Combined TRACON& Tower with Radar,24,66,20,3,113,0,14,120,6,140,24,80,140,9,253,94,14,108,361
11/02/2010,FAT,CA,AWP,WE,Combined TRACON& Tower with Radar,24,70,35,7,136,0,10,100,11,121,24,80,135,18,257,76,18,94,351
11/03/2010,FAT,CA,AWP,WE,Combined TRACON& Tower with Radar,24,67,61,9,161,0,5,123,12,140,24,72,184,21,301,70,6,76,377
11/04/2010,FAT,CA,AWP,WE,Combined TRACON& Tower with Radar,26,65,19,7,117,0,6,88,2,96,26,71,107,9,213,86,14,100,313
11/05/2010,FAT,CA,AWP,WE,Combined TRACON& Tower with Radar,27,71,27,7,132,0,9,117,7,133,27,80,144,14,265,104,14,118,383
11/06/2010,FAT,CA,AWP,WE,Combined TRACON& Tower with Radar,19,47,18,6,90,0,9,59,5,73,19,56,77,11,163,64,0,64,227
11/07/2010,FAT,CA,AWP,WE,Combined TRACON& Tower with Radar,24,49,14,1,88,0,5,59,0,64,24,54,73,1,152,56,0,56,208
11/08/2010,FAT,CA,AWP,WE,Combined TRACON& Tower with Radar,22,73,32,7,134,2,9,112,7,130,24,82,144,14,264,96,18,114,378
11/09/2010,FAT,CA,AWP,WE,Combined TRACON& Tower with Radar,25,70,29,11,135,0,9,103,17,129,25,79,132,28,264,78,24,102,366
11/10/2010,FAT,CA,AWP,WE,Combined TRACON& Tower with Radar,28,62,36,9,135,0,9,108,8,125,28,71,144,17,260,92,20,112,372
11/11/2010,FAT,CA,AWP,WE,Combined TRACON& Tower with Radar,30,55,20,0,105,0,8,127,4,139,30,63,147,4,244,76,14,90,334
11/12/2010,FAT,CA,AWP,WE,Combined TRACON& Tower with Radar,25,64,21,2,112,0,12,115,0,127,25,76,136,2,239,92,22,114,353
11/13/2010,FAT,CA,AWP,WE,Combined TRACON& Tower with Radar,17,42,15,2,76,0,12,67,1,80,17,54,82,3,156,62,6,68,224
11/14/2010,FAT,CA,AWP,WE,Combined TRACON& Tower with Radar,22,54,18,1,95,0,9,78,1,88,22,63,96,2,183,72,0,72,255
11/15/2010,FAT,CA,AWP,WE,Combined TRACON& Tower with Radar,26,64,28,5,123,0,5,98,1,104,26,69,126,6,227,70,10,80,307
11/16/2010,FAT,CA,AWP,WE,Combined TRACON& Tower with Radar,24,60,37,15,136,0,5,130,3,138,24,65,167,18,274,96,24,120,394
11/17/2010,FAT,CA,AWP,WE,Combined TRACON& Tower with Radar,25,70,39,21,155,0,6,130,6,142,25,76,169,27,297,74,16,90,387
11/18/2010,FAT,CA,AWP,WE,Combined TRACON& Tower with Radar,28,65,18,12,123,0,3,129,7,139,28,68,147,19,262,84,0,84,346
11/19/2010,FAT,CA,AWP,WE,Combined TRACON& Tower with Radar,37,66,38,9,150,6,7,90,1,104,43,73,128,10,254,80,14,94,348
11/20/2010,FAT,CA,AWP,WE,Combined TRACON& Tower with Radar,20,43,16,1,80,0,7,50,0,57,20,50,66,1,137,62,0,62,199
11/21/2010,FAT,CA,AWP,WE,Combined TRACON& Tower with Radar,22,51,9,0,82,0,5,40,0,45,22,56,49,0,127,0,0,0,127
11/22/2010,FAT,CA,AWP,WE,Combined TRACON& Tower with Radar,25,65,27,5,122,0,7,128,4,139,25,72,155,9,261,64,14,78,339
11/23/2010,FAT,CA,AWP,WE,Combined TRACON& Tower with Radar,29,65,39,14,147,0,9,51,2,62,29,74,90,16,209,60,24,84,293
11/24/2010,FAT,CA,AWP,WE,Combined TRACON& Tower with Radar,29,69,33,0,131,0,11,118,3,132,29,80,151,3,263,86,14,100,363
11/25/2010,FAT,CA,AWP,WE,Combined TRACON& Tower with Radar,13,35,4,0,52,0,2,43,2,47,13,37,47,2,99,0,0,0,99
11/26/2010,FAT,CA,AWP,WE,Combined TRACON& Tower with Radar,24,58,9,3,94,0,14,62,2,78,24,72,71,5,172,12,0,12,184
11/27/2010,FAT,CA,AWP,WE,Combined TRACON& Tower with Radar,22,56,37,0,115,0,12,36,0,48,22,68,73,0,163,30,0,30,193
11/28/2010,FAT,CA,AWP,WE,Combined TRACON& Tower with Radar,25,52,10,6,93,0,1,52,3,56,25,53,62,9,149,0,0,0,149
11/29/2010,FAT,CA,AWP,WE,Combined TRACON& Tower with Radar,25,62,20,10,117,0,6,88,3,97,25,68,108,13,214,90,18,108,322
11/30/2010,FAT,CA,AWP,WE,Combined TRACON& Tower with Radar,28,71,21,14,134,0,4,107,6,117,28,75,128,20,251,56,18,74,325
12/01/2010,FAT,CA,AWP,WE,Combined TRACON& Tower with Radar,30,67,35,24,156,0,4,125,7,136,30,71,160,31,292,70,24,94,386
12/02/2010,FAT,CA,AWP,WE,Combined TRACON& Tower with Radar,30,67,32,11,140,0,8,100,5,113,30,75,132,16,253,98,4,102,355
12/03/2010,FAT,CA,AWP,WE,Combined TRACON& Tower with Radar,28,77,55,26,186,0,2,69,2,73,28,79,124,28,259,84,20,104,363
12/04/2010,FAT,CA,AWP,WE,Combined TRACON& Tower with Radar,18,47,17,14,96,0,8,48,5,61,18,55,65,19,157,74,0,74,231
12/05/2010,FAT,CA,AWP,WE,Combined TRACON& Tower with Radar,22,51,29,2,104,0,5,51,0,56,22,56,80,2,160,62,0,62,222
12/06/2010,FAT,CA,AWP,WE,Combined TRACON& Tower with Radar,26,69,34,10,139,0,13,108,4,125,26,82,142,14,264,74,16,90,354
12/07/2010,FAT,CA,AWP,WE,Combined TRACON& Tower with Radar,26,68,17,15,126,0,9,110,4,123,26,77,127,19,249,64,8,72,321
12/08/2010,FAT,CA,AWP,WE,Combined TRACON& Tower with Radar,26,61,68,19,174,0,7,126,2,135,26,68,194,21,309,94,14,108,417
12/09/2010,FAT,CA,AWP,WE,Combined TRACON& Tower with Radar,25,73,35,19,152,0,6,82,6,94,25,79,117,25,246,100,0,100,346
12/10/2010,FAT,CA,AWP,WE,Combined TRACON& Tower with Radar,28,68,43,17,156,0,6,91,6,103,28,74,134,23,259,54,0,54,313
12/11/2010,FAT,CA,AWP,WE,Combined TRACON& Tower with Radar,17,47,24,9,97,0,2,42,5,49,17,49,66,14,146,0,0,0,146
12/12/2010,FAT,CA,AWP,WE,Combined TRACON& Tower with Radar,22,57,61,4,144,0,1,33,0,34,22,58,94,4,178,0,0,0,178
12/13/2010,FAT,CA,AWP,WE,Combined TRACON& Tower with Radar,26,73,55,11,165,0,2,33,0,35,26,75,88,11,200,64,12,76,276
12/14/2010,FAT,CA,AWP,WE,Combined TRACON& Tower with Radar,31,69,74,21,195,0,3,17,0,20,31,72,91,21,215,74,10,84,299
12/15/2010,FAT,CA,AWP,WE,Combined TRACON& Tower with Radar,27,67,35,13,142,4,5,97,8,114,31,72,132,21,256,74,22,96,352
12/16/2010,FAT,CA,AWP,WE,Combined TRACON& Tower with Radar,30,68,55,17,170,0,1,11,0,12,30,69,66,17,182,0,0,0,182
12/17/2010,FAT,CA,AWP,WE,Combined TRACON& Tower with Radar,27,76,37,3,143,0,3,32,0,35,27,79,69,3,178,0,0,0,178
12/18/2010,FAT,CA,AWP,WE,Combined TRACON& Tower with Radar,27,52,22,0,101,0,0,26,0,26,27,52,48,0,127,62,10,72,199
12/19/2010,FAT,CA,AWP,WE,Combined TRACON& Tower with Radar,26,53,27,5,111,0,3,26,0,29,26,56,53,5,140,0,0,0,140
12/20/2010,FAT,CA,AWP,WE,Combined TRACON& Tower with Radar,26,61,25,20,132,0,5,30,0,35,26,66,55,20,167,86,14,100,267
12/21/2010,FAT,CA,AWP,WE,Combined TRACON& Tower with Radar,24,60,39,15,138,0,5,64,4,73,24,65,103,19,211,82,12,94,305
12/22/2010,FAT,CA,AWP,WE,Combined TRACON& Tower with Radar,45,67,24,2,138,0,3,17,0,20,45,70,41,2,158,44,22,66,224
12/23/2010,FAT,CA,AWP,WE,Combined TRACON& Tower with Radar,30,66,43,0,139,0,1,56,2,59,30,67,99,2,198,10,0,10,208
12/24/2010,FAT,CA,AWP,WE,Combined TRACON& Tower with Radar,25,58,13,6,102,0,1,36,1,38,25,59,49,7,140,0,0,0,140
12/25/2010,FAT,CA,AWP,WE,Combined TRACON& Tower with Radar,22,41,6,0,69,0,1,19,2,22,22,42,25,2,91,0,0,0,91
12/26/2010,FAT,CA,AWP,WE,Combined TRACON& Tower with Radar,23,54,10,0,87,0,2,63,0,65,23,56,73,0,152,0,0,0,152
12/27/2010,FAT,CA,AWP,WE,Combined TRACON& Tower with Radar,26,51,42,8,127,0,4,61,3,68,26,55,103,11,195,20,0,20,215
12/28/2010,FAT,CA,AWP,WE,Combined TRACON& Tower with Radar,26,73,27,13,139,0,3,43,1,47,26,76,70,14,186,88,0,88,274
12/29/2010,FAT,CA,AWP,WE,Combined TRACON& Tower with Radar,25,73,32,12,142,0,3,83,3,89,25,76,115,15,231,58,0,58,289
12/30/2010,FAT,CA,AWP,WE,Combined TRACON& Tower with Radar,30,69,23,2,124,0,8,107,2,117,30,77,130,4,241,64,0,64,305
12/31/2010,FAT,CA,AWP,WE,Combined TRACON& Tower with Radar,24,52,10,1,87,0,5,97,3,105,24,57,107,4,192,82,0,82,274
01/01/2011,FAT,CA,AWP,WE,Combined TRACON& Tower with Radar,27,41,4,2,74,0,5,17,0,22,27,46,21,2,96,0,0,0,96
01/02/2011,FAT,CA,AWP,WE,Combined TRACON& Tower with Radar,24,51,23,0,98,0,3,23,0,26,24,54,46,0,124,0,0,0,124
01/03/2011,FAT,CA,AWP,WE,Combined TRACON& Tower with Radar,28,60,16,5,109,0,5,81,2,88,28,65,97,7,197,86,14,100,297
01/04/2011,FAT,CA,AWP,WE,Combined TRACON& Tower with Radar,31,71,21,24,147,0,1,87,7,95,31,72,108,31,242,58,14,72,314
01/05/2011,FAT,CA,AWP,WE,Combined TRACON& Tower with Radar,23,57,24,12,116,0,0,11,0,11,23,57,35,12,127,0,0,0,127
01/06/2011,FAT,CA,AWP,WE,Combined TRACON& Tower with Radar,23,66,55,16,160,0,0,4,0,4,23,66,59,16,164,0,0,0,164
01/07/2011,FAT,CA,AWP,WE,Combined TRACON& Tower with Radar,24,65,64,5,158,0,0,5,0,5,24,65,69,5,163,0,0,0,163
01/08/2011,FAT,CA,AWP,WE,Combined TRACON& Tower with Radar,15,41,28,25,109,0,0,5,0,5,15,41,33,25,114,18,0,18,132
01/09/2011,FAT,CA,AWP,WE,Combined TRACON& Tower with Radar,19,51,28,4,102,0,3,9,0,12,19,54,37,4,114,0,0,0,114
01/10/2011,FAT,CA,AWP,WE,Combined TRACON& Tower with Radar,25,59,27,4,115,0,6,104,4,114,25,65,131,8,229,74,14,88,317
01/11/2011,FAT,CA,AWP,WE,Combined TRACON& Tower with Radar,24,66,18,12,120,0,1,112,7,120,24,67,130,19,240,70,18,88,328
01/12/2011,FAT,CA,AWP,WE,Combined TRACON& Tower with Radar,23,74,50,20,167,0,7,86,7,100,23,81,136,27,267,82,14,96,363
01/13/2011,FAT,CA,AWP,WE,Combined TRACON& Tower with Radar,26,79,33,14,152,0,8,120,4,132,26,87,153,18,284,80,12,92,376
01/14/2011,FAT,CA,AWP,WE,Combined TRACON& Tower with Radar,23,66,58,16,163,0,2,26,0,28,23,68,84,16,191,42,12,54,245
01/15/2011,FAT,CA,AWP,WE,Combined TRACON& Tower with Radar,17,43,22,0,82,0,3,32,0,35,17,46,54,0,117,64,0,64,181
01/16/2011,FAT,CA,AWP,WE,Combined TRACON& Tower with Radar,26,54,24,2,106,0,0,33,0,33,26,54,57,2,139,18,0,18,157
01/17/2011,FAT,CA,AWP,WE,Combined TRACON& Tower with Radar,23,71,39,5,138,0,0,5,0,5,23,71,44,5,143,0,0,0,143
01/18/2011,FAT,CA,AWP,WE,Combined TRACON& Tower with Radar,23,61,55,2,141,0,5,28,8,41,23,66,83,10,182,64,12,76,258
01/19/2011,FAT,CA,AWP,WE,Combined TRACON& Tower with Radar,24,66,61,25,176,0,3,43,0,46,24,69,104,25,222,96,16,112,334
01/20/2011,FAT,CA,AWP,WE,Combined TRACON& Tower with Radar,26,68,27,9,130,0,4,99,5,108,26,72,126,14,238,70,18,88,326
01/21/2011,FAT,CA,AWP,WE,Combined TRACON& Tower with Radar,23,59,36,9,127,0,2,71,0,73,23,61,107,9,200,40,0,40,240
01/22/2011,FAT,CA,AWP,WE,Combined TRACON& Tower with Radar,15,37,19,4,75,0,1,43,0,44,15,38,62,4,119,90,0,90,209
01/23/2011,FAT,CA,AWP,WE,Combined TRACON& Tower with Radar,20,48,13,0,81,0,2,51,0,53,20,50,64,0,134,48,0,48,182
01/24/2011,FAT,CA,AWP,WE,Combined TRACON& Tower with Radar,19,46,49,8,122,0,0,9,0,9,19,46,58,8,131,18,0,18,149
01/25/2011,FAT,CA,AWP,WE,Combined TRACON& Tower with Radar,18,30,65,9,122,0,0,31,4,35,18,30,96,13,157,28,0,28,185
01/26/2011,FAT,CA,AWP,WE,Combined TRACON& Tower with Radar,15,39,31,4,89,0,2,54,2,58,15,41,85,6,147,68,0,68,215
01/27/2011,FAT,CA,AWP,WE,Combined TRACON& Tower with Radar,19,48,68,6,141,0,0,27,0,27,19,48,95,6,168,0,0,0,168
01/28/2011,FAT,CA,AWP,WE,Combined TRACON& Tower with Radar,25,45,36,1,107,0,4,38,3,45,25,49,74,4,152,20,0,20,172
01/29/2011,FAT,CA,AWP,WE,Combined TRACON& Tower with Radar,15,38,43,0,96,0,0,2,0,2,15,38,45,0,98,8,0,8,106
01/30/2011,FAT,CA,AWP,WE,Combined TRACON& Tower with Radar,20,48,36,1,105,0,1,19,0,20,20,49,55,1,125,0,0,0,125
01/31/2011,FAT,CA,AWP,WE,Combined TRACON& Tower with Radar,21,62,77,3,163,0,3,75,0,78,21,65,152,3,241,18,0,18,259
02/01/2011,FAT,CA,AWP,WE,Combined TRACON& Tower with Radar,20,69,41,21,151,0,7,87,6,100,20,76,128,27,251,24,0,24,275
02/02/2011,FAT,CA,AWP,WE,Combined TRACON& Tower with Radar,20,72,37,15,144,0,7,160,4,171,20,79,197,19,315,20,0,20,335
02/03/2011,FAT,CA,AWP,WE,Combined TRACON& Tower with Radar,24,66,35,0,125,0,8,144,3,155,24,74,179,3,280,12,0,12,292
02/04/2011,FAT,CA,AWP,WE,Combined TRACON& Tower with Radar,21,68,23,26,138,0,8,176,6,190,21,76,199,32,328,6,0,6,334
02/05/2011,FAT,CA,AWP,WE,Combined TRACON& Tower with Radar,17,41,11,25,94,0,5,97,8,110,17,46,108,33,204,24,0,24,228
02/06/2011,FAT,CA,AWP,WE,Combined TRACON& Tower with Radar,20,55,9,1,85,2,6,46,0,54,22,61,55,1,139,16,0,16,155
02/07/2011,FAT,CA,AWP,WE,Combined TRACON& Tower with Radar,22,68,25,4,119,0,10,129,0,139,22,78,154,4,258,10,0,10,268
02/08/2011,FAT,CA,AWP,WE,Combined TRACON& Tower with Radar,21,71,33,9,134,0,14,141,1,156,21,85,174,10,290,54,14,68,358
02/09/2011,FAT,CA,AWP,WE,Combined TRACON& Tower with Radar,19,58,31,14,122,0,4,183,3,190,19,62,214,17,312,46,4,50,362
02/10/2011,FAT,CA,AWP,WE,Combined TRACON& Tower with Radar,24,63,24,13,124,0,6,158,8,172,24,69,182,21,296,12,0,12,308
02/11/2011,FAT,CA,AWP,WE,Combined TRACON& Tower with Radar,23,63,51,8,145,0,11,147,4,162,23,74,198,12,307,24,0,24,331
02/12/2011,FAT,CA,AWP,WE,Combined TRACON& Tower with Radar,17,44,12,8,81,0,2,99,3,104,17,46,111,11,185,10,0,10,195
02/13/2011,FAT,CA,AWP,WE,Combined TRACON& Tower with Radar,18,54,7,7,86,0,11,56,8,75,18,65,63,15,161,26,0,26,187
02/14/2011,FAT,CA,AWP,WE,Combined TRACON& Tower with Radar,22,63,22,10,117,0,8,103,1,112,22,71,125,11,229,26,0,26,255
02/15/2011,FAT,CA,AWP,WE,Combined TRACON& Tower with Radar,22,64,53,6,145,0,6,172,0,178,22,70,225,6,323,28,0,28,351
02/16/2011,FAT,CA,AWP,WE,Combined TRACON& Tower with Radar,22,62,42,20,146,0,2,93,0,95,22,64,135,20,241,32,2,34,275
02/17/2011,FAT,CA,AWP,WE,Combined TRACON& Tower with Radar,23,67,34,12,136,0,7,80,0,87,23,74,114,12,223,34,0,34,257
02/18/2011,FAT,CA,AWP,WE,Combined TRACON& Tower with Radar,22,67,45,11,145,0,4,73,1,78,22,71,118,12,223,124,0,124,347
02/19/2011,FAT,CA,AWP,WE,Combined TRACON& Tower with Radar,18,46,8,3,75,0,4,72,0,76,18,50,80,3,151,60,0,60,211
02/20/2011,FAT,CA,AWP,WE,Combined TRACON& Tower with Radar,23,51,23,6,103,0,8,79,1,88,23,59,102,7,191,6,0,6,197
02/21/2011,FAT,CA,AWP,WE,Combined TRACON& Tower with Radar,22,60,17,4,103,0,9,135,4,148,22,69,152,8,251,38,0,38,289
02/22/2011,FAT,CA,AWP,WE,Combined TRACON& Tower with Radar,25,66,44,19,154,0,8,161,6,175,25,74,205,25,329,30,2,32,361
02/23/2011,FAT,CA,AWP,WE,Combined TRACON& Tower with Radar,22,67,16,19,124,0,7,149,10,166,22,74,165,29,290,36,2,38,328
02/24/2011,FAT,CA,AWP,WE,Combined TRACON& Tower with Radar,24,68,35,27,154,0,7,144,1,152,24,75,179,28,306,6,0,6,312
02/25/2011,FAT,CA,AWP,WE,Combined TRACON& Tower with Radar,23,66,38,5,132,0,5,24,1,30,23,71,62,6,162,0,0,0,162
02/26/2011,FAT,CA,AWP,WE,Combined TRACON& Tower with Radar,15,47,10,2,74,0,3,72,0,75,15,50,82,2,149,44,0,44,193
02/27/2011,FAT,CA,AWP,WE,Combined TRACON& Tower with Radar,24,53,4,2,83,0,11,55,0,66,24,64,59,2,149,0,0,0,149
02/28/2011,FAT,CA,AWP,WE,Combined TRACON& Tower with Radar,24,61,19,14,118,0,10,130,5,145,24,71,149,19,263,40,0,40,303
03/01/2011,FAT,CA,AWP,WE,Combined TRACON& Tower with Radar,22,68,26,21,137,0,9,135,2,146,22,77,161,23,283,80,0,80,363
03/02/2011,FAT,CA,AWP,WE,Combined TRACON& Tower with Radar,24,65,28,10,127,0,7,110,4,121,24,72,138,14,248,86,26,112,360
03/03/2011,FAT,CA,AWP,WE,Combined TRACON& Tower with Radar,28,70,16,2,116,0,4,131,1,136,28,74,147,3,252,100,12,112,364
03/04/2011,FAT,CA,AWP,WE,Combined TRACON& Tower with Radar,23,63,13,8,107,0,9,111,0,120,23,72,124,8,227,122,0,122,349
03/05/2011,FAT,CA,AWP,WE,Combined TRACON& Tower with Radar,20,40,12,30,102,0,10,62,8,80,20,50,74,38,182,76,0,76,258
03/06/2011,FAT,CA,AWP,WE,Combined TRACON& Tower with Radar,19,58,28,18,123,0,6,34,2,42,19,64,62,20,165,40,0,40,205
03/07/2011,FAT,CA,AWP,WE,Combined TRACON& Tower with Radar,23,65,16,6,110,0,15,66,2,83,23,80,82,8,193,72,8,80,273
03/08/2011,FAT,CA,AWP,WE,Combined TRACON& Tower with Radar,20,71,26,12,129,0,8,130,3,141,20,79,156,15,270,84,14,98,368
03/09/2011,FAT,CA,AWP,WE,Combined TRACON& Tower with Radar,23,64,44,12,143,0,9,184,12,205,23,73,228,24,348,114,12,126,474
03/10/2011,FAT,CA,AWP,WE,Combined TRACON& Tower with Radar,24,66,41,3,134,0,7,173,13,193,24,73,214,16,327,116,4,120,447
03/11/2011,FAT,CA,AWP,WE,Combined TRACON& Tower with Radar,24,67,24,7,122,0,12,122,11,145,24,79,146,18,267,110,14,124,391
03/12/2011,FAT,CA,AWP,WE,Combined TRACON& Tower with Radar,18,48,17,8,91,0,7,102,11,120,18,55,119,19,211,104,0,104,315
03/13/2011,FAT,CA,AWP,WE,Combined TRACON& Tower with Radar,22,52,7,4,85,0,6,61,2,69,22,58,68,6,154,90,0,90,244
03/14/2011,FAT,CA,AWP,WE,Combined TRACON& Tower with Radar,25,57,18,4,104,0,10,153,5,168,25,67,171,9,272,118,14,132,404
03/15/2011,FAT,CA,AWP,WE,Combined TRACON& Tower with Radar,23,69,27,8,127,0,5,126,9,140,23,74,153,17,267,96,24,120,387
03/16/2011,FAT,CA,AWP,WE,Combined TRACON& Tower with Radar,25,59,37,16,137,0,4,68,1,73,25,63,105,17,210,88,14,102,312
03/17/2011,FAT,CA,AWP,WE,Combined TRACON& Tower with Radar,27,58,75,19,179,0,12,153,4,169,27,70,228,23,348,182,26,208,556
03/18/2011,FAT,CA,AWP,WE,Combined TRACON& Tower with Radar,27,62,55,10,154,0,6,121,8,135,27,68,176,18,289,118,22,140,429
03/19/2011,FAT,CA,AWP,WE,Combined TRACON& Tower with Radar,21,48,16,16,101,0,6,70,1,77,21,54,86,17,178,104,20,124,302
03/20/2011,FAT,CA,AWP,WE,Combined TRACON& Tower with Radar,22,54,20,2,98,0,5,12,0,17,22,59,32,2,115,76,12,88,203
03/21/2011,FAT,CA,AWP,WE,Combined TRACON& Tower with Radar,23,69,24,5,121,0,3,46,1,50,23,72,70,6,171,106,24,130,301
03/22/2011,FAT,CA,AWP,WE,Combined TRACON& Tower with Radar,22,61,29,11,123,0,10,160,3,173,22,71,189,14,296,168,22,190,486
03/23/2011,FAT,CA,AWP,WE,Combined TRACON& Tower with Radar,24,73,23,10,130,0,2,53,1,56,24,75,76,11,186,0,0,0,186
03/24/2011,FAT,CA,AWP,WE,Combined TRACON& Tower with Radar,27,57,75,13,172,0,4,50,3,57,27,61,125,16,229,24,0,24,253
03/25/2011,FAT,CA,AWP,WE,Combined TRACON& Tower with Radar,27,67,39,2,135,0,6,138,3,147,27,73,177,5,282,120,24,144,426
03/26/2011,FAT,CA,AWP,WE,Combined TRACON& Tower with Radar,19,39,8,4,70,0,4,75,0,79,19,43,83,4,149,138,20,158,307
03/27/2011,FAT,CA,AWP,WE,Combined TRACON& Tower with Radar,19,55,41,0,115,0,2,106,3,111,19,57,147,3,226,74,10,84,310
03/28/2011,FAT,CA,AWP,WE,Combined TRACON& Tower with Radar,25,58,49,4,136,0,14,127,2,143,25,72,176,6,279,142,22,164,443
03/29/2011,FAT,CA,AWP,WE,Combined TRACON& Tower with Radar,24,61,37,27,149,0,8,170,9,187,24,69,207,36,336,152,16,168,504
03/30/2011,FAT,CA,AWP,WE,Combined TRACON& Tower with Radar,24,57,21,2,104,0,10,154,6,170,24,67,175,8,274,86,18,104,378
03/31/2011,FAT,CA,AWP,WE,Combined TRACON& Tower with Radar,27,60,13,2,102,0,14,167,7,188,27,74,180,9,290,90,12,102,392
04/01/2011,FAT,CA,AWP,WE,Combined TRACON& Tower with Radar,27,63,33,6,129,0,18,165,3,186,27,81,198,9,315,92,16,108,423
04/02/2011,FAT,CA,AWP,WE,Combined TRACON& Tower with Radar,17,45,25,41,128,0,10,47,17,74,17,55,72,58,202,60,12,72,274
04/03/2011,FAT,CA,AWP,WE,Combined TRACON& Tower with Radar,24,52,2,39,117,0,6,70,17,93,24,58,72,56,210,72,6,78,288
04/04/2011,FAT,CA,AWP,WE,Combined TRACON& Tower with Radar,26,61,16,3,106,0,12,92,6,110,26,73,108,9,216,112,0,112,328
04/05/2011,FAT,CA,AWP,WE,Combined TRACON& Tower with Radar,25,53,33,5,116,0,6,130,11,147,25,59,163,16,263,100,16,116,379
04/06/2011,FAT,CA,AWP,WE,Combined TRACON& Tower with Radar,25,62,41,6,134,0,8,142,3,153,25,70,183,9,287,102,14,116,403
04/07/2011,FAT,CA,AWP,WE,Combined TRACON& Tower with Radar,28,59,26,7,120,0,6,66,2,74,28,65,92,9,194,82,18,100,294
04/08/2011,FAT,CA,AWP,WE,Combined TRACON& Tower with Radar,29,62,23,3,117,0,9,119,5,133,29,71,142,8,250,90,18,108,358
04/09/2011,FAT,CA,AWP,WE,Combined TRACON& Tower with Radar,19,44,10,5,78,0,5,81,2,88,19,49,91,7,166,120,0,120,286
04/10/2011,FAT,CA,AWP,WE,Combined TRACON& Tower with Radar,26,51,5,14,96,0,4,42,4,50,26,55,47,18,146,100,0,100,246
04/11/2011,FAT,CA,AWP,WE,Combined TRACON& Tower with Radar,29,61,28,7,125,0,10,114,4,128,29,71,142,11,253,84,14,98,351
04/12/2011,FAT,CA,AWP,WE,Combined TRACON& Tower with Radar,26,69,32,3,130,0,9,165,5,179,26,78,197,8,309,144,18,162,471
04/13/2011,FAT,CA,AWP,WE,Combined TRACON& Tower with Radar,28,61,38,9,136,0,7,86,3,96,28,68,124,12,232,78,14,92,324
04/14/2011,FAT,CA,AWP,WE,Combined TRACON& Tower with Radar,34,61,20,2,117,0,13,169,5,187,34,74,189,7,304,190,0,190,494
04/15/2011,FAT,CA,AWP,WE,Combined TRACON& Tower with Radar,38,56,27,11,132,0,18,176,4,198,38,74,203,15,330,86,10,96,426
04/16/2011,FAT,CA,AWP,WE,Combined TRACON& Tower with Radar,24,46,8,8,86,0,14,91,8,113,24,60,99,16,199,84,0,84,283
04/17/2011,FAT,CA,AWP,WE,Combined TRACON& Tower with Radar,27,51,24,1,103,0,12,115,7,134,27,63,139,8,237,104,0,104,341
04/18/2011,FAT,CA,AWP,WE,Combined TRACON& Tower with Radar,29,60,9,6,104,0,5,98,0,103,29,65,107,6,207,70,18,88,295
04/19/2011,FAT,CA,AWP,WE,Combined TRACON& Tower with Radar,29,60,39,5,133,0,3,122,1,126,29,63,161,6,259,82,14,96,355
04/20/2011,FAT,CA,AWP,WE,Combined TRACON& Tower with Radar,28,59,43,10,140,0,6,149,0,155,28,65,192,10,295,196,4,200,495
04/21/2011,FAT,CA,AWP,WE,Combined TRACON& Tower with Radar,31,65,33,32,161,0,3,106,5,114,31,68,139,37,275,94,18,112,387
04/22/2011,FAT,CA,AWP,WE,Combined TRACON& Tower with Radar,32,60,40,9,141,0,9,128,12,149,32,69,168,21,290,98,22,120,410
04/23/2011,FAT,CA,AWP,WE,Combined TRACON& Tower with Radar,19,43,42,9,113,0,4,82,4,90,19,47,124,13,203,96,16,112,315
04/24/2011,FAT,CA,AWP,WE,Combined TRACON& Tower with Radar,27,53,14,4,98,0,3,49,2,54,27,56,63,6,152,76,12,88,240
04/25/2011,FAT,CA,AWP,WE,Combined TRACON& Tower with Radar,30,61,27,10,128,0,10,107,11,128,30,71,134,21,256,116,12,128,384
04/26/2011,FAT,CA,AWP,WE,Combined TRACON& Tower with Radar,28,60,45,8,141,0,13,157,11,181,28,73,202,19,322,104,20,124,446
04/27/2011,FAT,CA,AWP,WE,Combined TRACON& Tower with Radar,26,59,52,11,148,0,9,188,10,207,26,68,240,21,355,96,14,110,465
04/28/2011,FAT,CA,AWP,WE,Combined TRACON& Tower with Radar,41,66,29,10,146,0,12,141,9,162,41,78,170,19,308,142,0,142,450
04/29/2011,FAT,CA,AWP,WE,Combined TRACON& Tower with Radar,32,60,23,10,125,0,16,135,5,156,32,76,158,15,281,102,20,122,403
04/30/2011,FAT,CA,AWP,WE,Combined TRACON& Tower with Radar,23,46,16,0,85,0,6,130,0,136,23,52,146,0,221,118,0,118,339
05/01/2011,FAT,CA,AWP,WE,Combined TRACON& Tower with Radar,26,47,15,2,90,0,17,82,0,99,26,64,97,2,189,96,0,96,285
05/02/2011,FAT,CA,AWP,WE,Combined TRACON& Tower with Radar,30,62,22,12,126,0,18,151,7,176,30,80,173,19,302,124,8,132,434
05/03/2011,FAT,CA,AWP,WE,Combined TRACON& Tower with Radar,37,58,20,25,140,0,5,172,8,185,37,63,192,33,325,100,20,120,445
05/04/2011,FAT,CA,AWP,WE,Combined TRACON& Tower with Radar,29,61,12,19,121,0,13,131,7,151,29,74,143,26,272,120,4,124,396
05/05/2011,FAT,CA,AWP,WE,Combined TRACON& Tower with Radar,31,58,21,14,124,0,13,163,12,188,31,71,184,26,312,94,20,114,426
05/06/2011,FAT,CA,AWP,WE,Combined TRACON& Tower with Radar,31,58,27,6,122,0,17,179,7,203,31,75,206,13,325,136,0,136,461
05/07/2011,FAT,CA,AWP,WE,Combined TRACON& Tower with Radar,23,51,11,3,88,0,10,77,1,88,23,61,88,4,176,72,12,84,260
05/08/2011,FAT,CA,AWP,WE,Combined TRACON& Tower with Radar,29,51,12,4,96,0,7,46,2,55,29,58,58,6,151,58,0,58,209
05/09/2011,FAT,CA,AWP,WE,Combined TRACON& Tower with Radar,32,59,21,16,128,0,14,68,11,93,32,73,89,27,221,108,16,124,345
05/10/2011,FAT,CA,AWP,WE,Combined TRACON& Tower with Radar,30,57,48,15,150,0,19,165,14,198,30,76,213,29,348,112,8,120,468
05/11/2011,FAT,CA,AWP,WE,Combined TRACON& Tower with Radar,25,73,17,13,128,0,14,162,10,186,25,87,179,23,314,96,20,116,430
05/12/2011,FAT,CA,AWP,WE,Combined TRACON& Tower with Radar,32,65,33,19,149,0,10,191,11,212,32,75,224,30,361,0,0,0,361
05/13/2011,FAT,CA,AWP,WE,Combined TRACON& Tower with Radar,31,65,18,18,132,0,12,148,9,169,31,77,166,27,301,120,14,134,435
05/14/2011,FAT,CA,AWP,WE,Combined TRACON& Tower with Radar,23,48,7,12,90,0,4,103,5,112,23,52,110,17,202,126,0,126,328
05/15/2011,FAT,CA,AWP,WE,Combined TRACON& Tower with Radar,28,55,13,26,122,0,7,61,8,76,28,62,74,34,198,66,0,66,264
05/16/2011,FAT,CA,AWP,WE,Combined TRACON& Tower with Radar,29,61,27,11,128,0,16,95,10,121,29,77,122,21,249,98,16,114,363
05/17/2011,FAT,CA,AWP,WE,Combined TRACON& Tower with Radar,28,65,20,13,126,0,4,73,9,86,28,69,93,22,212,114,18,132,344
05/18/2011,FAT,CA,AWP,WE,Combined TRACON& Tower with Radar,28,63,32,20,143,0,4,140,9,153,28,67,172,29,296,98,10,108,404
05/19/2011,FAT,CA,AWP,WE,Combined TRACON& Tower with Radar,33,63,44,19,159,0,14,206,8,228,33,77,250,27,387,86,24,110,497
05/20/2011,FAT,CA,AWP,WE,Combined TRACON& Tower with Radar,30,58,38,26,152,0,24,188,5,217,30,82,226,31,369,102,12,114,483
05/21/2011,FAT,CA,AWP,WE,Combined TRACON& Tower with Radar,24,47,32,10,113,0,12,108,1,121,24,59,140,11,234,140,0,140,374
05/22/2011,FAT,CA,AWP,WE,Combined TRACON& Tower with Radar,26,53,19,4,102,0,10,108,0,118,26,63,127,4,220,90,12,102,322
05/23/2011,FAT,CA,AWP,WE,Combined TRACON& Tower with Radar,28,72,24,13,137,0,19,146,6,171,28,91,170,19,308,118,18,136,444
05/24/2011,FAT,CA,AWP,WE,Combined TRACON& Tower with Radar,37,67,19,26,149,0,14,153,7,174,37,81,172,33,323,164,16,180,503
05/25/2011,FAT,CA,AWP,WE,Combined TRACON& Tower with Radar,27,59,34,9,129,0,16,142,8,166,27,75,176,17,295,104,18,122,417
05/26/2011,FAT,CA,AWP,WE,Combined TRACON& Tower with Radar,31,61,20,12,124,0,18,123,8,149,31,79,143,20,273,120,18,138,411
05/27/2011,FAT,CA,AWP,WE,Combined TRACON& Tower with Radar,34,63,26,19,142,0,18,132,13,163,34,81,158,32,305,128,16,144,449
05/28/2011,FAT,CA,AWP,WE,Combined TRACON& Tower with Radar,23,42,38,3,106,0,6,95,3,104,23,48,133,6,210,134,0,134,344
05/29/2011,FAT,CA,AWP,WE,Combined TRACON& Tower with Radar,26,41,5,1,73,0,5,76,1,82,26,46,81,2,155,90,0,90,245
05/30/2011,FAT,CA,AWP,WE,Combined TRACON& Tower with Radar,25,58,14,9,106,0,9,109,13,131,25,67,123,22,237,84,0,84,321
05/31/2011,FAT,CA,AWP,WE,Combined TRACON& Tower with Radar,28,59,37,7,131,0,13,153,5,171,28,72,190,12,302,134,0,134,436
06/01/2011,FAT,CA,AWP,WE,Combined TRACON& Tower with Radar,28,57,47,7,139,0,13,170,12,195,28,70,217,19,334,126,0,126,460
06/02/2011,FAT,CA,AWP,WE,Combined TRACON& Tower with Radar,34,63,14,6,117,0,11,143,5,159,34,74,157,11,276,108,20,128,404
06/03/2011,FAT,CA,AWP,WE,Combined TRACON& Tower with Radar,40,59,24,26,149,0,12,154,5,171,40,71,178,31,320,130,16,146,466
06/04/2011,FAT,CA,AWP,WE,Combined TRACON& Tower with Radar,20,45,13,50,128,0,3,51,7,61,20,48,64,57,189,94,24,118,307
06/05/2011,FAT,CA,AWP,WE,Combined TRACON& Tower with Radar,29,52,16,5,102,0,7,54,1,62,29,59,70,6,164,80,0,80,244
06/06/2011,FAT,CA,AWP,WE,Combined TRACON& Tower with Radar,34,66,31,10,141,0,8,101,4,113,34,74,132,14,254,82,18,100,354
06/07/2011,FAT,CA,AWP,WE,Combined TRACON& Tower with Radar,52,78,66,30,226,0,16,164,13,193,52,94,230,43,419,114,22,136,555
06/08/2011,FAT,CA,AWP,WE,Combined TRACON& Tower with Radar,29,63,35,11,138,0,15,182,5,202,29,78,217,16,340,118,14,132,472
06/09/2011,FAT,CA,AWP,WE,Combined TRACON& Tower with Radar,35,58,17,16,126,0,8,185,8,201,35,66,202,24,327,104,15,119,446
06/10/2011,FAT,CA,AWP,WE,Combined TRACON& Tower with Radar,35,69,46,5,155,0,16,214,9,239,35,85,260,14,394,134,16,150,544
06/11/2011,FAT,CA,AWP,WE,Combined TRACON& Tower with Radar,21,53,21,16,111,0,7,151,5,163,21,60,172,21,274,84,18,102,376
06/12/2011,FAT,CA,AWP,WE,Combined TRACON& Tower with Radar,33,53,18,4,108,0,10,100,7,117,33,63,118,11,225,120,10,130,355
06/13/2011,FAT,CA,AWP,WE,Combined TRACON& Tower with Radar,31,59,39,8,137,0,9,152,1,162,31,68,191,9,299,84,16,100,399
06/14/2011,FAT,CA,AWP,WE,Combined TRACON& Tower with Radar,32,61,31,15,139,0,11,154,7,172,32,72,185,22,311,94,12,106,417
06/15/2011,FAT,CA,AWP,WE,Combined TRACON& Tower with Radar,37,63,23,19,142,0,11,184,6,201,37,74,207,25,343,124,20,144,487
06/16/2011,FAT,CA,AWP,WE,Combined TRACON& Tower with Radar,31,58,36,23,148,0,13,167,5,185,31,71,203,28,333,92,16,108,441
06/17/2011,FAT,CA,AWP,WE,Combined TRACON& Tower with Radar,31,57,22,11,121,0,15,184,13,212,31,72,206,24,333,98,16,114,447
06/18/2011,FAT,CA,AWP,WE,Combined TRACON& Tower with Radar,22,51,33,2,108,0,15,217,14,246,22,66,250,16,354,138,0,138,492
06/19/2011,FAT,CA,AWP,WE,Combined TRACON& Tower with Radar,29,56,4,0,89,0,3,126,3,132,29,59,130,3,221,150,0,150,371
06/20/2011,FAT,CA,AWP,WE,Combined TRACON& Tower with Radar,28,64,14,8,114,0,13,154,8,175,28,77,168,16,289,92,22,114,403
06/21/2011,FAT,CA,AWP,WE,Combined TRACON& Tower with Radar,37,69,28,7,141,0,13,155,11,179,37,82,183,18,320,96,32,128,448
06/22/2011,FAT,CA,AWP,WE,Combined TRACON& Tower with Radar,28,63,57,9,157,0,16,152,13,181,28,79,209,22,338,100,18,118,456
06/23/2011,FAT,CA,AWP,WE,Combined TRACON& Tower with Radar,37,65,61,26,189,0,8,173,16,197,37,73,234,42,386,136,0,136,522
06/24/2011,FAT,CA,AWP,WE,Combined TRACON& Tower with Radar,37,65,56,6,164,0,11,185,3,199,37,76,241,9,363,128,0,128,491
06/25/2011,FAT,CA,AWP,WE,Combined TRACON& Tower with Radar,22,53,19,7,101,0,5,119,1,125,22,58,138,8,226,100,0,100,326
06/26/2011,FAT,CA,AWP,WE,Combined TRACON& Tower with Radar,31,57,22,3,113,0,4,111,0,115,31,61,133,3,228,96,0,96,324
06/27/2011,FAT,CA,AWP,WE,Combined TRACON& Tower with Radar,31,68,35,2,136,0,11,106,5,122,31,79,141,7,258,106,24,130,388
06/28/2011,FAT,CA,AWP,WE,Combined TRACON& Tower with Radar,28,61,23,22,134,0,7,114,11,132,28,68,137,33,266,104,34,138,404
06/29/2011,FAT,CA,AWP,WE,Combined TRACON& Tower with Radar,30,64,54,10,158,0,6,51,13,70,30,70,105,23,228,92,30,122,350
06/30/2011,FAT,CA,AWP,WE,Combined TRACON& Tower with Radar,34,63,46,8,151,0,13,144,6,163,34,76,190,14,314,108,20,128,442
07/01/2011,FAT,CA,AWP,WE,Combined TRACON& Tower with Radar,34,58,30,7,129,0,13,165,9,187,34,71,195,16,316,120,16,136,452
07/02/2011,FAT,CA,AWP,WE,Combined TRACON& Tower with Radar,22,53,9,5,89,0,10,104,0,114,22,63,113,5,203,72,12,84,287
07/03/2011,FAT,CA,AWP,WE,Combined TRACON& Tower with Radar,26,49,18,1,94,0,11,69,0,80,26,60,87,1,174,80,0,80,254
07/04/2011,FAT,CA,AWP,WE,Combined TRACON& Tower with Radar,27,44,13,3,87,0,12,73,2,87,27,56,86,5,174,78,0,78,252
07/05/2011,FAT,CA,AWP,WE,Combined TRACON& Tower with Radar,29,58,41,8,136,0,16,110,3,129,29,74,151,11,265,124,24,148,413
07/06/2011,FAT,CA,AWP,WE,Combined TRACON& Tower with Radar,28,64,46,14,152,0,15,132,3,150,28,79,178,17,302,114,18,132,434
07/07/2011,FAT,CA,AWP,WE,Combined TRACON& Tower with Radar,31,67,41,15,154,0,8,161,6,175,31,75,202,21,329,100,20,120,449
07/08/2011,FAT,CA,AWP,WE,Combined TRACON& Tower with Radar,32,67,33,17,149,0,15,165,15,195,32,82,198,32,344,110,20,130,474
07/09/2011,FAT,CA,AWP,WE,Combined TRACON& Tower with Radar,23,54,26,23,126,0,5,102,15,122,23,59,128,38,248,118,0,118,366
07/10/2011,FAT,CA,AWP,WE,Combined TRACON& Tower with Radar,32,59,20,8,119,0,11,85,3,99,32,70,105,11,218,90,2,92,310
07/11/2011,FAT,CA,AWP,WE,Combined TRACON& Tower with Radar,31,63,29,5,128,0,9,147,6,162,31,72,176,11,290,104,18,122,412
07/12/2011,FAT,CA,AWP,WE,Combined TRACON& Tower with Radar,30,57,30,6,123,0,16,165,11,192,30,73,195,17,315,132,18,150,465
07/13/2011,FAT,CA,AWP,WE,Combined TRACON& Tower with Radar,27,73,45,8,153,0,16,153,6,175,27,89,198,14,328,106,20,126,454
07/14/2011,FAT,CA,AWP,WE,Combined TRACON& Tower with Radar,32,66,64,5,167,0,7,161,4,172,32,73,225,9,339,98,18,116,455
07/15/2011,FAT,CA,AWP,WE,Combined TRACON& Tower with Radar,32,64,30,9,135,0,15,168,11,194,32,79,198,20,329,96,18,114,443
07/16/2011,FAT,CA,AWP,WE,Combined TRACON& Tower with Radar,23,55,18,12,108,0,6,95,12,113,23,61,113,24,221,86,0,86,307
07/17/2011,FAT,CA,AWP,WE,Combined TRACON& Tower with Radar,28,57,9,3,97,0,5,80,6,91,28,62,89,9,188,116,0,116,304
07/18/2011,FAT,CA,AWP,WE,Combined TRACON& Tower with Radar,26,57,29,8,120,0,12,128,8,148,26,69,157,16,268,106,8,114,382
07/19/2011,FAT,CA,AWP,WE,Combined TRACON& Tower with Radar,28,67,25,10,130,0,6,151,13,170,28,73,176,23,300,124,16,140,440
07/20/2011,FAT,CA,AWP,WE,Combined TRACON& Tower with Radar,28,67,35,14,144,0,13,168,6,187,28,80,203,20,331,104,20,124,455
07/21/2011,FAT,CA,AWP,WE,Combined TRACON& Tower with Radar,30,63,36,12,141,0,6,151,4,161,30,69,187,16,302,140,16,156,458
07/22/2011,FAT,CA,AWP,WE,Combined TRACON& Tower with Radar,32,70,53,8,163,0,10,150,2,162,32,80,203,10,325,128,22,150,475
07/23/2011,FAT,CA,AWP,WE,Combined TRACON& Tower with Radar,23,51,10,6,90,0,13,87,4,104,23,64,97,10,194,98,22,120,314
07/24/2011,FAT,CA,AWP,WE,Combined TRACON& Tower with Radar,28,57,23,5,113,0,12,143,1,156,28,69,166,6,269,70,0,70,339
07/25/2011,FAT,CA,AWP,WE,Combined TRACON& Tower with Radar,28,60,29,2,119,0,10,165,5,180,28,70,194,7,299,92,22,114,413
07/26/2011,FAT,CA,AWP,WE,Combined TRACON& Tower with Radar,32,62,32,11,137,0,13,214,5,232,32,75,246,16,369,112,20,132,501
07/27/2011,FAT,CA,AWP,WE,Combined TRACON& Tower with Radar,28,63,38,11,140,0,6,154,10,170,28,69,192,21,310,120,22,142,452
07/28/2011,FAT,CA,AWP,WE,Combined TRACON& Tower with Radar,32,62,32,13,139,0,10,194,10,214,32,72,226,23,353,104,26,130,483
07/29/2011,FAT,CA,AWP,WE,Combined TRACON& Tower with Radar,37,61,42,14,154,0,7,151,4,162,37,68,193,18,316,124,22,146,462
07/30/2011,FAT,CA,AWP,WE,Combined TRACON& Tower with Radar,25,49,17,8,99,0,12,145,6,163,25,61,162,14,262,108,0,108,370
07/31/2011,FAT,CA,AWP,WE,Combined TRACON& Tower with Radar,30,55,14,3,102,0,13,84,4,101,30,68,98,7,203,110,0,110,313
08/01/2011,FAT,CA,AWP,WE,Combined TRACON& Tower with Radar,35,65,31,3,134,0,15,198,6,219,35,80,229,9,353,78,0,78,431
08/02/2011,FAT,CA,AWP,WE,Combined TRACON& Tower with Radar,27,67,14,6,114,0,9,185,6,200,27,76,199,12,314,132,20,152,466
08/03/2011,FAT,CA,AWP,WE,Combined TRACON& Tower with Radar,29,62,21,1,113,0,9,167,10,186,29,71,188,11,299,154,16,170,469
08/04/2011,FAT,CA,AWP,WE,Combined TRACON& Tower with Radar,33,69,22,19,143,0,8,163,6,177,33,77,185,25,320,116,18,134,454
08/05/2011,FAT,CA,AWP,WE,Combined TRACON& Tower with Radar,31,64,25,6,126,0,12,178,10,200,31,76,203,16,326,134,16,150,476
08/06/2011,FAT,CA,AWP,WE,Combined TRACON& Tower with Radar,20,54,13,30,117,0,5,99,19,123,20,59,112,49,240,132,34,166,406
08/07/2011,FAT,CA,AWP,WE,Combined TRACON& Tower with Radar,28,57,11,5,101,0,12,102,7,121,28,69,113,12,222,104,0,104,326
08/08/2011,FAT,CA,AWP,WE,Combined TRACON& Tower with Radar,32,66,16,7,121,0,8,142,3,153,32,74,158,10,274,104,22,126,400
08/09/2011,FAT,CA,AWP,WE,Combined TRACON& Tower with Radar,28,67,60,9,164,0,13,150,10,173,28,80,210,19,337,106,26,132,469
08/10/2011,FAT,CA,AWP,WE,Combined TRACON& Tower with Radar,28,64,46,8,146,0,9,136,6,151,28,73,182,14,297,128,18,146,443
08/11/2011,FAT,CA,AWP,WE,Combined TRACON& Tower with Radar,34,63,26,7,130,0,12,149,9,170,34,75,175,16,300,104,16,120,420
08/12/2011,FAT,CA,AWP,WE,Combined TRACON& Tower with Radar,31,61,35,3,130,0,10,165,1,176,31,71,200,4,306,154,20,174,480
08/13/2011,FAT,CA,AWP,WE,Combined TRACON& Tower with Radar,23,54,11,9,97,0,9,178,3,190,23,63,189,12,287,158,12,170,457
08/14/2011,FAT,CA,AWP,WE,Combined TRACON& Tower with Radar,31,51,12,2,96,2,14,92,0,108,33,65,104,2,204,78,0,78,282
08/15/2011,FAT,CA,AWP,WE,Combined TRACON& Tower with Radar,29,62,23,7,121,0,12,155,10,177,29,74,178,17,298,122,24,146,444
08/16/2011,FAT,CA,AWP,WE,Combined TRACON& Tower with Radar,27,60,48,9,144,0,9,176,13,198,27,69,224,22,342,100,12,112,454
08/17/2011,FAT,CA,AWP,WE,Combined TRACON& Tower with Radar,29,59,33,7,128,0,8,158,10,176,29,67,191,17,304,108,16,124,428
08/18/2011,FAT,CA,AWP,WE,Combined TRACON& Tower with Radar,30,63,34,5,132,0,8,144,17,169,30,71,178,22,301,106,18,124,425
08/19/2011,FAT,CA,AWP,WE,Combined TRACON& Tower with Radar,29,63,40,17,149,0,12,141,3,156,29,75,181,20,305,98,14,112,417
08/20/2011,FAT,CA,AWP,WE,Combined TRACON& Tower with Radar,32,48,13,7,100,0,2,86,2,90,32,50,99,9,190,108,0,108,298
08/21/2011,FAT,CA,AWP,WE,Combined TRACON& Tower with Radar,27,53,17,2,99,0,3,87,5,95,27,56,104,7,194,96,0,96,290
08/22/2011,FAT,CA,AWP,WE,Combined TRACON& Tower with Radar,30,57,28,6,121,0,11,113,3,127,30,68,141,9,248,86,10,96,344
08/23/2011,FAT,CA,AWP,WE,Combined TRACON& Tower with Radar,27,58,43,6,134,0,9,159,3,171,27,67,202,9,305,108,18,126,431
08/24/2011,FAT,CA,AWP,WE,Combined TRACON& Tower with Radar,26,55,26,8,115,0,9,163,12,184,26,64,189,20,299,110,0,110,409
08/25/2011,FAT,CA,AWP,WE,Combined TRACON& Tower with Radar,33,60,32,14,139,0,11,194,8,213,33,71,226,22,352,112,0,112,464
08/26/2011,FAT,CA,AWP,WE,Combined TRACON& Tower with Radar,29,65,37,8,139,0,22,174,17,213,29,87,211,25,352,114,0,114,466
08/27/2011,FAT,CA,AWP,WE,Combined TRACON& Tower with Radar,22,50,17,4,93,0,8,174,10,192,22,58,191,14,285,136,0,136,421
08/28/2011,FAT,CA,AWP,WE,Combined TRACON& Tower with Radar,28,53,5,2,88,0,8,148,4,160,28,61,153,6,248,12,0,12,260
08/29/2011,FAT,CA,AWP,WE,Combined TRACON& Tower with Radar,29,54,61,23,167,0,14,182,5,201,29,68,243,28,368,140,10,150,518
08/30/2011,FAT,CA,AWP,WE,Combined TRACON& Tower with Radar,28,50,36,1,115,0,14,165,7,186,28,64,201,8,301,108,0,108,409
08/31/2011,FAT,CA,AWP,WE,Combined TRACON& Tower with Radar,28,56,39,5,128,0,8,191,5,204,28,64,230,10,332,132,0,132,464
09/01/2011,FAT,CA,AWP,WE,Combined TRACON& Tower with Radar,34,62,39,6,141,0,14,176,4,194,34,76,215,10,335,138,0,138,473
09/02/2011,FAT,CA,AWP,WE,Combined TRACON& Tower with Radar,29,59,31,7,126,0,14,161,13,188,29,73,192,20,314,92,22,114,428
09/03/2011,FAT,CA,AWP,WE,Combined TRACON& Tower with Radar,23,43,14,7,87,0,8,113,2,123,23,51,127,9,210,100,10,110,320
09/04/2011,FAT,CA,AWP,WE,Combined TRACON& Tower with Radar,27,34,20,6,87,0,13,121,7,141,27,47,141,13,228,92,0,92,320
09/05/2011,FAT,CA,AWP,WE,Combined TRACON& Tower with Radar,28,55,27,2,112,0,8,89,2,99,28,63,116,4,211,122,0,122,333
09/06/2011,FAT,CA,AWP,WE,Combined TRACON& Tower with Radar,30,51,49,12,142,0,14,137,8,159,30,65,186,20,301,116,6,122,423
09/07/2011,FAT,CA,AWP,WE,Combined TRACON& Tower with Radar,26,57,32,4,119,0,17,136,7,160,26,74,168,11,279,108,0,108,387
09/08/2011,FAT,CA,AWP,WE,Combined TRACON& Tower with Radar,30,59,78,16,183,0,15,142,6,163,30,74,220,22,346,114,18,132,478
09/09/2011,FAT,CA,AWP,WE,Combined TRACON& Tower with Radar,35,57,36,23,151,0,14,174,4,192,35,71,210,27,343,98,14,112,455
09/10/2011,FAT,CA,AWP,WE,Combined TRACON& Tower with Radar,24,48,20,7,99,0,8,101,12,121,24,56,121,19,220,80,2,82,302
09/11/2011,FAT,CA,AWP,WE,Combined TRACON& Tower with Radar,27,66,20,9,122,0,6,101,9,116,27,72,121,18,238,60,10,70,308
09/12/2011,FAT,CA,AWP,WE,Combined TRACON& Tower with Radar,31,60,41,6,138,0,11,139,9,159,31,71,180,15,297,150,10,160,457
09/13/2011,FAT,CA,AWP,WE,Combined TRACON& Tower with Radar,24,69,56,13,162,0,8,173,16,197,24,77,229,29,359,158,2,160,519
09/14/2011,FAT,CA,AWP,WE,Combined TRACON& Tower with Radar,29,64,55,17,165,0,5,191,11,207,29,69,246,28,372,128,4,132,504
09/15/2011,FAT,CA,AWP,WE,Combined TRACON& Tower with Radar,37,79,45,13,174,0,13,212,12,237,37,92,257,25,411,124,10,134,545
09/16/2011,FAT,CA,AWP,WE,Combined TRACON& Tower with Radar,28,59,30,7,124,0,17,174,16,207,28,76,204,23,331,92,14,106,437
09/17/2011,FAT,CA,AWP,WE,Combined TRACON& Tower with Radar,22,44,37,2,105,0,6,106,6,118,22,50,143,8,223,138,0,138,361
09/18/2011,FAT,CA,AWP,WE,Combined TRACON& Tower with Radar,26,58,16,5,105,0,6,104,5,115,26,64,120,10,220,132,0,132,352
09/19/2011,FAT,CA,AWP,WE,Combined TRACON& Tower with Radar,31,63,27,4,125,0,11,155,0,166,31,74,182,4,291,140,14,154,445
09/20/2011,FAT,CA,AWP,WE,Combined TRACON& Tower with Radar,24,59,53,5,141,0,6,170,6,182,24,65,223,11,323,102,12,114,437
09/21/2011,FAT,CA,AWP,WE,Combined TRACON& Tower with Radar,33,66,29,8,136,0,12,135,7,154,33,78,164,15,290,102,6,108,398
09/22/2011,FAT,CA,AWP,WE,Combined TRACON& Tower with Radar,31,59,50,8,148,0,8,144,5,157,31,67,194,13,305,132,10,142,447
09/23/2011,FAT,CA,AWP,WE,Combined TRACON& Tower with Radar,33,60,62,9,164,0,19,150,9,178,33,79,212,18,342,124,20,144,486
09/24/2011,FAT,CA,AWP,WE,Combined TRACON& Tower with Radar,24,37,19,8,88,0,12,125,5,142,24,49,144,13,230,120,0,120,350
09/25/2011,FAT,CA,AWP,WE,Combined TRACON& Tower with Radar,29,49,24,2,104,0,4,137,5,146,29,53,161,7,250,112,0,112,362
09/26/2011,FAT,CA,AWP,WE,Combined TRACON& Tower with Radar,31,62,45,8,146,0,16,148,5,169,31,78,193,13,315,100,18,118,433
09/27/2011,FAT,CA,AWP,WE,Combined TRACON& Tower with Radar,20,46,37,16,119,0,13,124,1,138,20,59,161,17,257,100,0,100,357
09/28/2011,FAT,CA,AWP,WE,Combined TRACON& Tower with Radar,28,58,65,14,165,0,9,167,9,185,28,67,232,23,350,134,0,134,484
09/29/2011,FAT,CA,AWP,WE,Combined TRACON& Tower with Radar,31,61,72,18,182,0,12,175,5,192,31,73,247,23,374,142,12,154,528
09/30/2011,FAT,CA,AWP,WE,Combined TRACON& Tower with Radar,32,59,54,9,154,0,17,181,12,210,32,76,235,21,364,136,12,148,512
10/01/2011,FAT,CA,AWP,WE,Combined TRACON& Tower with Radar,23,40,20,8,91,0,8,63,9,80,23,48,83,17,171,128,0,128,299
10/02/2011,FAT,CA,AWP,WE,Combined TRACON& Tower with Radar,30,52,12,2,96,0,7,58,3,68,30,59,70,5,164,78,0,78,242
10/03/2011,FAT,CA,AWP,WE,Combined TRACON& Tower with Radar,28,59,33,9,129,0,8,87,6,101,28,67,120,15,230,92,6,98,328
10/04/2011,FAT,CA,AWP,WE,Combined TRACON& Tower with Radar,25,58,45,10,138,0,8,75,3,86,25,66,120,13,224,172,2,174,398
10/05/2011,FAT,CA,AWP,WE,Combined TRACON& Tower with Radar,27,57,45,12,141,0,9,42,0,51,27,66,87,12,192,104,10,114,306
10/06/2011,FAT,CA,AWP,WE,Combined TRACON& Tower with Radar,33,61,46,8,148,0,9,114,3,126,33,70,160,11,274,108,18,126,400
10/07/2011,FAT,CA,AWP,WE,Combined TRACON& Tower with Radar,36,68,50,5,159,0,4,109,4,117,36,72,159,9,276,110,4,114,390
10/08/2011,FAT,CA,AWP,WE,Combined TRACON& Tower with Radar,23,41,30,5,99,0,4,94,3,101,23,45,124,8,200,96,0,96,296
10/09/2011,FAT,CA,AWP,WE,Combined TRACON& Tower with Radar,30,54,19,4,107,0,3,69,1,73,30,57,88,5,180,82,0,82,262
10/10/2011,FAT,CA,AWP,WE,Combined TRACON& Tower with Radar,29,57,49,6,141,0,11,89,1,101,29,68,138,7,242,64,6,70,312
10/11/2011,FAT,CA,AWP,WE,Combined TRACON& Tower with Radar,24,54,41,8,127,0,12,127,10,149,24,66,168,18,276,95,0,95,371
10/12/2011,FAT,CA,AWP,WE,Combined TRACON& Tower with Radar,29,56,47,29,161,0,7,138,18,163,29,63,185,47,324,94,34,128,452
10/13/2011,FAT,CA,AWP,WE,Combined TRACON& Tower with Radar,30,59,34,11,134,0,11,104,10,125,30,70,138,21,259,116,8,124,383
10/14/2011,FAT,CA,AWP,WE,Combined TRACON& Tower with Radar,32,66,39,7,144,0,9,117,9,135,32,75,156,16,279,70,0,70,349
10/15/2011,FAT,CA,AWP,WE,Combined TRACON& Tower with Radar,23,40,8,10,81,0,9,69,6,84,23,49,77,16,165,64,0,64,229
10/16/2011,FAT,CA,AWP,WE,Combined TRACON& Tower with Radar,29,49,11,2,91,0,9,49,0,58,29,58,60,2,149,80,0,80,229
10/17/2011,FAT,CA,AWP,WE,Combined TRACON& Tower with Radar,26,59,38,7,130,0,12,92,9,113,26,71,130,16,243,148,4,152,395
10/18/2011,FAT,CA,AWP,WE,Combined TRACON& Tower with Radar,24,58,44,10,136,0,10,126,13,149,24,68,170,23,285,108,0,108,393
10/19/2011,FAT,CA,AWP,WE,Combined TRACON& Tower with Radar,28,56,37,11,132,0,7,153,6,166,28,63,190,17,298,102,2,104,402
10/20/2011,FAT,CA,AWP,WE,Combined TRACON& Tower with Radar,30,61,32,9,132,0,10,133,2,145,30,71,165,11,277,148,18,166,443
10/21/2011,FAT,CA,AWP,WE,Combined TRACON& Tower with Radar,30,61,31,13,135,0,15,130,8,153,30,76,161,21,288,112,18,130,418
10/22/2011,FAT,CA,AWP,WE,Combined TRACON& Tower with Radar,23,40,15,7,85,0,5,77,14,96,23,45,92,21,181,100,14,114,295
10/23/2011,FAT,CA,AWP,WE,Combined TRACON& Tower with Radar,30,54,11,7,102,0,5,47,9,61,30,59,58,16,163,92,0,92,255
10/24/2011,FAT,CA,AWP,WE,Combined TRACON& Tower with Radar,28,61,19,7,115,0,8,113,3,124,28,69,132,10,239,126,10,136,375
10/25/2011,FAT,CA,AWP,WE,Combined TRACON& Tower with Radar,24,55,38,8,125,0,5,123,6,134,24,60,161,14,259,102,12,114,373
10/26/2011,FAT,CA,AWP,WE,Combined TRACON& Tower with Radar,28,54,24,13,119,0,14,130,6,150,28,68,154,19,269,110,14,124,393
10/27/2011,FAT,CA,AWP,WE,Combined TRACON& Tower with Radar,31,58,42,14,145,0,10,132,11,153,31,68,174,25,298,120,16,136,434
10/28/2011,FAT,CA,AWP,WE,Combined TRACON& Tower with Radar,31,59,50,21,161,0,11,134,10,155,31,70,184,31,316,150,14,164,480
10/29/2011,FAT,CA,AWP,WE,Combined TRACON& Tower with Radar,22,42,29,7,100,0,6,104,2,112,22,48,133,9,212,116,0,116,328
10/30/2011,FAT,CA,AWP,WE,Combined TRACON& Tower with Radar,27,52,17,8,104,0,10,115,1,126,27,62,132,9,230,112,6,118,348
10/31/2011,FAT,CA,AWP,WE,Combined TRACON& Tower with Radar,27,55,25,7,114,0,7,120,8,135,27,62,145,15,249,148,12,160,409
11/01/2011,FAT,CA,AWP,WE,Combined TRACON& Tower with Radar,24,56,34,13,127,0,7,93,13,113,24,63,127,26,240,120,12,132,372
11/02/2011,FAT,CA,AWP,WE,Combined TRACON& Tower with Radar,27,57,23,13,120,0,8,129,4,141,27,65,152,17,261,80,14,94,355
11/03/2011,FAT,CA,AWP,WE,Combined TRACON& Tower with Radar,27,65,29,11,132,0,6,100,11,117,27,71,129,22,249,98,20,118,367
11/04/2011,FAT,CA,AWP,WE,Combined TRACON& Tower with Radar,31,65,25,17,138,0,10,71,5,86,31,75,96,22,224,104,14,118,342
11/05/2011,FAT,CA,AWP,WE,Combined TRACON& Tower with Radar,24,42,19,13,98,0,4,52,7,63,24,46,71,20,161,102,0,102,263
11/06/2011,FAT,CA,AWP,WE,Combined TRACON& Tower with Radar,27,54,19,5,105,0,3,30,5,38,27,57,49,10,143,128,0,128,271
11/07/2011,FAT,CA,AWP,WE,Combined TRACON& Tower with Radar,26,64,26,5,121,0,7,96,6,109,26,71,122,11,230,64,2,66,296
11/08/2011,FAT,CA,AWP,WE,Combined TRACON& Tower with Radar,28,55,42,14,139,0,1,98,6,105,28,56,140,20,244,32,10,42,286
11/09/2011,FAT,CA,AWP,WE,Combined TRACON& Tower with Radar,28,55,24,7,114,0,7,145,12,164,28,62,169,19,278,116,16,132,410
11/10/2011,FAT,CA,AWP,WE,Combined TRACON& Tower with Radar,30,58,34,18,140,0,7,106,5,118,30,65,140,23,258,120,0,120,378
11/11/2011,FAT,CA,AWP,WE,Combined TRACON& Tower with Radar,32,59,22,14,127,0,1,78,4,83,32,60,100,18,210,66,6,72,282
11/12/2011,FAT,CA,AWP,WE,Combined TRACON& Tower with Radar,22,41,15,0,78,0,2,72,2,76,22,43,87,2,154,76,0,76,230
11/13/2011,FAT,CA,AWP,WE,Combined TRACON& Tower with Radar,25,48,10,4,87,0,7,53,1,61,25,55,63,5,148,28,0,28,176
11/14/2011,FAT,CA,AWP,WE,Combined TRACON& Tower with Radar,29,59,28,7,123,0,5,99,5,109,29,64,127,12,232,104,0,104,336
11/15/2011,FAT,CA,AWP,WE,Combined TRACON& Tower with Radar,26,51,32,11,120,0,6,93,6,105,26,57,125,17,225,40,0,40,265
11/16/2011,FAT,CA,AWP,WE,Combined TRACON& Tower with Radar,27,58,54,16,155,0,6,102,4,112,27,64,156,20,267,0,0,0,267
11/17/2011,FAT,CA,AWP,WE,Combined TRACON& Tower with Radar,30,66,46,5,147,0,2,70,3,75,30,68,116,8,222,86,0,86,308
11/18/2011,FAT,CA,AWP,WE,Combined TRACON& Tower with Radar,31,70,36,4,141,0,8,66,0,74,31,78,102,4,215,128,8,136,351
11/19/2011,FAT,CA,AWP,WE,Combined TRACON& Tower with Radar,22,41,9,8,80,0,5,55,9,69,22,46,64,17,149,92,0,92,241
11/20/2011,FAT,CA,AWP,WE,Combined TRACON& Tower with Radar,27,48,28,2,105,0,3,11,3,17,27,51,39,5,122,32,0,32,154
11/21/2011,FAT,CA,AWP,WE,Combined TRACON& Tower with Radar,27,53,26,12,118,0,8,77,8,93,27,61,103,20,211,102,2,104,315
11/22/2011,FAT,CA,AWP,WE,Combined TRACON& Tower with Radar,29,53,41,15,138,0,9,100,10,119,29,62,141,25,257,134,14,148,405
11/23/2011,FAT,CA,AWP,WE,Combined TRACON& Tower with Radar,29,60,36,4,129,0,11,99,6,116,29,71,135,10,245,64,0,64,309
11/24/2011,FAT,CA,AWP,WE,Combined TRACON& Tower with Radar,24,41,5,1,71,0,4,37,0,41,24,45,42,1,112,66,0,66,178
11/25/2011,FAT,CA,AWP,WE,Combined TRACON& Tower with Radar,25,58,27,0,110,0,6,40,0,46,25,64,67,0,156,78,0,78,234
11/26/2011,FAT,CA,AWP,WE,Combined TRACON& Tower with Radar,23,58,24,0,105,0,5,57,0,62,23,63,81,0,167,52,0,52,219
11/27/2011,FAT,CA,AWP,WE,Combined TRACON& Tower with Radar,29,62,26,1,118,0,2,44,0,46,29,64,70,1,164,76,0,76,240
11/28/2011,FAT,CA,AWP,WE,Combined TRACON& Tower with Radar,28,55,33,4,120,0,0,16,0,16,28,55,49,4,136,88,0,88,224
11/29/2011,FAT,CA,AWP,WE,Combined TRACON& Tower with Radar,25,59,58,10,152,0,0,3,0,3,25,59,61,10,155,0,0,0,155
11/30/2011,FAT,CA,AWP,WE,Combined TRACON& Tower with Radar,26,62,54,16,158,0,1,25,1,27,26,63,79,17,185,88,6,94,279
12/01/2011,FAT,CA,AWP,WE,Combined TRACON& Tower with Radar,34,62,14,0,110,0,7,72,0,79,34,69,86,0,189,66,0,66,255
12/02/2011,FAT,CA,AWP,WE,Combined TRACON& Tower with Radar,28,59,30,6,123,0,13,119,4,136,28,72,149,10,259,126,0,126,385
12/03/2011,FAT,CA,AWP,WE,Combined TRACON& Tower with Radar,22,36,8,21,87,0,6,62,4,72,22,42,70,25,159,98,0,98,257
12/04/2011,FAT,CA,AWP,WE,Combined TRACON& Tower with Radar,24,53,14,7,98,0,10,57,7,74,24,63,71,14,172,86,0,86,258
12/05/2011,FAT,CA,AWP,WE,Combined TRACON& Tower with Radar,30,57,16,1,104,0,3,91,3,97,30,60,107,4,201,106,0,106,307
12/06/2011,FAT,CA,AWP,WE,Combined TRACON& Tower with Radar,27,53,26,26,132,0,8,130,7,145,27,61,156,33,277,98,0,98,375
12/07/2011,FAT,CA,AWP,WE,Combined TRACON& Tower with Radar,28,55,24,5,112,0,6,116,5,127,28,61,140,10,239,108,0,108,347
12/08/2011,FAT,CA,AWP,WE,Combined TRACON& Tower with Radar,32,71,41,19,163,0,11,132,4,147,32,82,173,23,310,120,0,120,430
12/09/2011,FAT,CA,AWP,WE,Combined TRACON& Tower with Radar,30,59,29,13,131,0,5,105,5,115,30,64,134,18,246,104,0,104,350
12/10/2011,FAT,CA,AWP,WE,Combined TRACON& Tower with Radar,21,35,9,4,69,0,3,52,0,55,21,38,61,4,124,86,0,86,210
12/11/2011,FAT,CA,AWP,WE,Combined TRACON& Tower with Radar,28,48,11,2,89,0,2,31,2,35,28,50,42,4,124,80,0,80,204
12/12/2011,FAT,CA,AWP,WE,Combined TRACON& Tower with Radar,30,58,46,24,158,0,5,63,2,70,30,63,109,26,228,116,0,116,344
12/13/2011,FAT,CA,AWP,WE,Combined TRACON& Tower with Radar,32,56,34,11,133,0,14,80,8,102,32,70,114,19,235,98,10,108,343
12/14/2011,FAT,CA,AWP,WE,Combined TRACON& Tower with Radar,30,59,43,15,147,0,3,104,4,111,30,62,147,19,258,116,0,116,374
12/15/2011,FAT,CA,AWP,WE,Combined TRACON& Tower with Radar,33,56,35,18,142,0,6,78,14,98,33,62,113,32,240,100,0,100,340
12/16/2011,FAT,CA,AWP,WE,Combined TRACON& Tower with Radar,32,62,31,21,146,0,4,57,1,62,32,66,88,22,208,0,0,0,208
12/17/2011,FAT,CA,AWP,WE,Combined TRACON& Tower with Radar,31,57,9,1,98,0,4,46,1,51,31,61,55,2,149,88,0,88,237
12/18/2011,FAT,CA,AWP,WE,Combined TRACON& Tower with Radar,29,48,8,5,90,0,12,54,0,66,29,60,62,5,156,0,0,0,156
12/19/2011,FAT,CA,AWP,WE,Combined TRACON& Tower with Radar,30,62,36,18,146,0,10,82,11,103,30,72,118,29,249,118,0,118,367
12/20/2011,FAT,CA,AWP,WE,Combined TRACON& Tower with Radar,32,72,38,22,164,0,9,72,7,88,32,81,110,29,252,102,4,106,358
12/21/2011,FAT,CA,AWP,WE,Combined TRACON& Tower with Radar,32,63,23,19,137,0,11,102,9,122,32,74,125,28,259,82,2,84,343
12/22/2011,FAT,CA,AWP,WE,Combined TRACON& Tower with Radar,34,67,52,9,162,0,1,13,0,14,34,68,65,9,176,0,0,0,176
12/23/2011,FAT,CA,AWP,WE,Combined TRACON& Tower with Radar,32,68,45,13,158,0,5,37,1,43,32,73,82,14,201,100,0,100,301
12/24/2011,FAT,CA,AWP,WE,Combined TRACON& Tower with Radar,26,39,4,0,69,0,3,45,1,49,26,42,49,1,118,34,0,34,152
12/25/2011,FAT,CA,AWP,WE,Combined TRACON& Tower with Radar,26,35,1,0,62,0,2,22,0,24,26,37,23,0,86,0,0,0,86
12/26/2011,FAT,CA,AWP,WE,Combined TRACON& Tower with Radar,27,56,22,0,105,0,5,52,0,57,27,61,74,0,162,100,0,100,262
12/27/2011,FAT,CA,AWP,WE,Combined TRACON& Tower with Radar,31,56,25,15,127,0,5,60,5,70,31,61,85,20,197,0,4,4,201
12/28/2011,FAT,CA,AWP,WE,Combined TRACON& Tower with Radar,32,63,27,16,138,0,4,85,6,95,32,67,112,22,233,0,0,0,233
12/29/2011,FAT,CA,AWP,WE,Combined TRACON& Tower with Radar,32,68,34,16,150,0,2,79,6,87,32,70,113,22,237,112,0,112,349
12/30/2011,FAT,CA,AWP,WE,Combined TRACON& Tower with Radar,31,59,23,14,127,0,1,58,1,60,31,60,81,15,187,96,0,96,283
12/31/2011,FAT,CA,AWP,WE,Combined TRACON& Tower with Radar,25,41,28,0,94,0,1,14,0,15,25,42,42,0,109,0,0,0,109
01/01/2012,FAT,CA,AWP,WE,Combined TRACON& Tower with Radar,28,43,5,1,77,0,7,27,2,36,28,50,32,3,113,0,0,0,113
01/02/2012,FAT,CA,AWP,WE,Combined TRACON& Tower with Radar,27,54,22,1,104,0,5,50,0,55,27,59,72,1,159,100,0,100,259
01/03/2012,FAT,CA,AWP,WE,Combined TRACON& Tower with Radar,29,57,20,10,116,0,5,31,1,37,29,62,51,11,153,24,0,24,177
01/04/2012,FAT,CA,AWP,WE,Combined TRACON& Tower with Radar,28,51,17,10,106,0,8,65,0,73,28,59,82,10,179,98,0,98,277
01/05/2012,FAT,CA,AWP,WE,Combined TRACON& Tower with Radar,28,63,32,11,134,0,3,85,2,90,28,66,117,13,224,98,0,98,322
01/06/2012,FAT,CA,AWP,WE,Combined TRACON& Tower with Radar,26,66,49,12,153,0,5,33,4,42,26,71,82,16,195,0,0,0,195
01/07/2012,FAT,CA,AWP,WE,Combined TRACON& Tower with Radar,24,38,12,17,91,0,3,43,16,62,24,41,55,33,153,106,2,108,261
01/08/2012,FAT,CA,AWP,WE,Combined TRACON& Tower with Radar,24,46,16,6,92,0,7,33,5,45,24,53,49,11,137,72,0,72,209
01/09/2012,FAT,CA,AWP,WE,Combined TRACON& Tower with Radar,26,58,20,15,119,0,12,85,0,97,26,70,105,15,216,114,4,118,334
01/10/2012,FAT,CA,AWP,WE,Combined TRACON& Tower with Radar,26,57,25,13,121,0,7,93,11,111,26,64,118,24,232,92,12,104,336
01/11/2012,FAT,CA,AWP,WE,Combined TRACON& Tower with Radar,26,52,32,12,122,0,7,84,5,96,26,59,116,17,218,118,14,132,350
01/12/2012,FAT,CA,AWP,WE,Combined TRACON& Tower with Radar,30,58,27,5,120,0,12,120,9,141,30,70,147,14,261,108,2,110,371
01/13/2012,FAT,CA,AWP,WE,Combined TRACON& Tower with Radar,31,58,27,10,126,0,9,103,6,118,31,67,130,16,244,108,0,108,352
01/14/2012,FAT,CA,AWP,WE,Combined TRACON& Tower with Radar,22,38,11,5,76,0,6,71,1,78,22,44,82,6,154,108,0,108,262
01/15/2012,FAT,CA,AWP,WE,Combined TRACON& Tower with Radar,26,53,15,0,94,0,6,51,1,58,26,59,66,1,152,96,0,96,248
01/16/2012,FAT,CA,AWP,WE,Combined TRACON& Tower with Radar,24,53,21,10,108,0,3,70,11,84,24,56,91,21,192,82,0,82,274
01/17/2012,FAT,CA,AWP,WE,Combined TRACON& Tower with Radar,24,54,19,5,102,0,17,110,2,129,24,71,129,7,231,108,12,120,351
01/18/2012,FAT,CA,AWP,WE,Combined TRACON& Tower with Radar,23,59,33,18,133,0,15,101,9,125,23,74,134,27,258,82,14,96,354
01/19/2012,FAT,CA,AWP,WE,Combined TRACON& Tower with Radar,24,60,35,14,133,0,10,87,4,101,24,70,122,18,234,130,0,130,364
01/20/2012,FAT,CA,AWP,WE,Combined TRACON& Tower with Radar,27,60,43,21,151,0,4,78,3,85,27,64,121,24,236,108,14,122,358
01/21/2012,FAT,CA,AWP,WE,Combined TRACON& Tower with Radar,25,44,15,0,84,0,3,29,0,32,25,47,44,0,116,106,14,120,236
01/22/2012,FAT,CA,AWP,WE,Combined TRACON& Tower with Radar,24,49,9,0,82,0,3,16,0,19,24,52,25,0,101,94,0,94,195
01/23/2012,FAT,CA,AWP,WE,Combined TRACON& Tower with Radar,25,59,39,16,139,0,7,32,4,43,25,66,71,20,182,0,0,0,182
01/24/2012,FAT,CA,AWP,WE,Combined TRACON& Tower with Radar,25,58,49,21,153,0,2,45,1,48,25,60,94,22,201,100,2,102,303
01/25/2012,FAT,CA,AWP,WE,Combined TRACON& Tower with Radar,24,51,28,11,114,0,8,68,7,83,24,59,96,18,197,118,12,130,327
01/26/2012,FAT,CA,AWP,WE,Combined TRACON& Tower with Radar,23,70,50,22,165,0,2,67,5,74,23,72,117,27,239,122,0,122,361
01/27/2012,FAT,CA,AWP,WE,Combined TRACON& Tower with Radar,27,66,48,23,164,0,1,30,0,31,27,67,78,23,195,104,12,116,311
01/28/2012,FAT,CA,AWP,WE,Combined TRACON& Tower with Radar,22,46,23,3,94,0,4,67,0,71,22,50,90,3,165,70,0,70,235
01/29/2012,FAT,CA,AWP,WE,Combined TRACON& Tower with Radar,23,53,5,0,81,0,4,33,0,37,23,57,38,0,118,70,0,70,188
01/30/2012,FAT,CA,AWP,WE,Combined TRACON& Tower with Radar,25,56,16,19,116,0,8,88,2,98,25,64,104,21,214,130,0,130,344
01/31/2012,FAT,CA,AWP,WE,Combined TRACON& Tower with Radar,25,51,31,17,124,0,4,73,4,81,25,55,104,21,205,112,0,112,317
02/01/2012,FAT,CA,AWP,WE,Combined TRACON& Tower with Radar,23,54,23,20,120,0,5,90,8,103,23,59,113,28,223,42,8,50,273
02/02/2012,FAT,CA,AWP,WE,Combined TRACON& Tower with Radar,25,64,41,21,151,0,2,51,2,55,25,66,92,23,206,0,8,8,214
02/03/2012,FAT,CA,AWP,WE,Combined TRACON& Tower with Radar,27,56,26,21,130,0,14,122,7,143,27,70,148,28,273,26,0,26,299
02/04/2012,FAT,CA,AWP,WE,Combined TRACON& Tower with Radar,22,38,6,18,84,0,9,72,10,91,22,47,78,28,175,14,4,18,193
02/05/2012,FAT,CA,AWP,WE,Combined TRACON& Tower with Radar,23,50,14,6,93,0,7,53,2,62,23,57,67,8,155,6,0,6,161
02/06/2012,FAT,CA,AWP,WE,Combined TRACON& Tower with Radar,21,55,14,5,95,0,10,92,1,103,21,65,106,6,198,50,0,50,248
02/07/2012,FAT,CA,AWP,WE,Combined TRACON& Tower with Radar,19,49,28,20,116,0,5,41,19,65,19,54,69,39,181,70,14,84,265
02/08/2012,FAT,CA,AWP,WE,Combined TRACON& Tower with Radar,22,49,43,18,132,0,8,117,6,131,22,57,160,24,263,36,0,36,299
02/09/2012,FAT,CA,AWP,WE,Combined TRACON& Tower with Radar,28,64,37,18,147,0,6,104,8,118,28,70,141,26,265,38,8,46,311
02/10/2012,FAT,CA,AWP,WE,Combined TRACON& Tower with Radar,24,63,35,13,135,0,9,131,10,150,24,72,166,23,285,32,10,42,327
02/11/2012,FAT,CA,AWP,WE,Combined TRACON& Tower with Radar,25,37,12,9,83,0,4,38,3,45,25,41,50,12,128,24,0,24,152
02/12/2012,FAT,CA,AWP,WE,Combined TRACON& Tower with Radar,25,50,24,2,101,0,6,41,9,56,25,56,65,11,157,6,4,10,167
02/13/2012,FAT,CA,AWP,WE,Combined TRACON& Tower with Radar,22,56,64,17,159,0,5,34,7,46,22,61,98,24,205,12,0,12,217
02/14/2012,FAT,CA,AWP,WE,Combined TRACON& Tower with Radar,21,50,43,23,137,0,0,55,2,57,21,50,98,25,194,4,18,22,216
02/15/2012,FAT,CA,AWP,WE,Combined TRACON& Tower with Radar,22,47,58,20,147,0,4,72,3,79,22,51,130,23,226,42,0,42,268
02/16/2012,FAT,CA,AWP,WE,Combined TRACON& Tower with Radar,23,60,31,20,134,0,8,115,3,126,23,68,146,23,260,44,0,44,304
02/17/2012,FAT,CA,AWP,WE,Combined TRACON& Tower with Radar,29,54,28,15,126,0,11,103,15,129,29,65,131,30,255,14,0,14,269
02/18/2012,FAT,CA,AWP,WE,Combined TRACON& Tower with Radar,19,42,10,2,73,0,5,63,1,69,19,47,73,3,142,16,0,16,158
02/19/2012,FAT,CA,AWP,WE,Combined TRACON& Tower with Radar,23,50,13,5,91,0,6,66,2,74,23,56,79,7,165,6,0,6,171
02/20/2012,FAT,CA,AWP,WE,Combined TRACON& Tower with Radar,22,58,23,1,104,0,6,80,0,86,22,64,103,1,190,30,0,30,220
02/21/2012,FAT,CA,AWP,WE,Combined TRACON& Tower with Radar,22,58,21,20,121,0,13,112,5,130,22,71,133,25,251,36,10,46,297
02/22/2012,FAT,CA,AWP,WE,Combined TRACON& Tower with Radar,22,43,27,11,103,0,11,112,9,132,22,54,139,20,235,46,4,50,285
02/23/2012,FAT,CA,AWP,WE,Combined TRACON& Tower with Radar,22,59,16,10,107,0,9,99,1,109,22,68,115,11,216,84,0,84,300
02/24/2012,FAT,CA,AWP,WE,Combined TRACON& Tower with Radar,29,63,19,10,121,0,14,122,12,148,29,77,141,22,269,20,0,20,289
02/25/2012,FAT,CA,AWP,WE,Combined TRACON& Tower with Radar,18,46,11,5,80,0,9,69,3,81,18,55,80,8,161,24,0,24,185
02/26/2012,FAT,CA,AWP,WE,Combined TRACON& Tower with Radar,25,50,10,4,89,0,4,71,0,75,25,54,81,4,164,26,0,26,190
02/27/2012,FAT,CA,AWP,WE,Combined TRACON& Tower with Radar,22,55,22,19,118,0,11,60,4,75,22,66,82,23,193,100,4,104,297
02/28/2012,FAT,CA,AWP,WE,Combined TRACON& Tower with Radar,21,52,37,19,129,0,12,99,3,114,21,64,136,22,243,120,6,126,369
02/29/2012,FAT,CA,AWP,WE,Combined TRACON& Tower with Radar,20,54,26,1,101,0,4,37,0,41,20,58,63,1,142,74,0,74,216
03/01/2012,FAT,CA,AWP,WE,Combined TRACON& Tower with Radar,23,69,40,21,153,0,4,84,3,91,23,73,124,24,244,100,14,114,358
03/02/2012,FAT,CA,AWP,WE,Combined TRACON& Tower with Radar,28,70,40,39,177,0,5,78,5,88,28,75,118,44,265,114,6,120,385
03/03/2012,FAT,CA,AWP,WE,Combined TRACON& Tower with Radar,20,47,10,18,95,0,14,100,12,126,20,61,110,30,221,82,18,100,321
03/04/2012,FAT,CA,AWP,WE,Combined TRACON& Tower with Radar,24,45,12,5,86,0,12,91,1,104,24,57,103,6,190,72,0,72,262
03/05/2012,FAT,CA,AWP,WE,Combined TRACON& Tower with Radar,22,56,23,6,107,0,11,127,1,139,22,67,150,7,246,96,0,96,342
03/06/2012,FAT,CA,AWP,WE,Combined TRACON& Tower with Radar,21,55,28,11,115,0,5,41,7,53,21,60,69,18,168,100,10,110,278
03/07/2012,FAT,CA,AWP,WE,Combined TRACON& Tower with Radar,22,60,17,12,111,0,17,130,7,154,22,77,147,19,265,106,16,122,387
03/08/2012,FAT,CA,AWP,WE,Combined TRACON& Tower with Radar,26,65,24,9,124,0,11,133,5,149,26,76,157,14,273,120,14,134,407
03/09/2012,FAT,CA,AWP,WE,Combined TRACON& Tower with Radar,26,58,34,9,127,0,15,142,4,161,26,73,176,13,288,118,0,118,406
03/10/2012,FAT,CA,AWP,WE,Combined TRACON& Tower with Radar,22,46,18,10,96,0,7,105,2,114,22,53,123,12,210,96,0,96,306
03/11/2012,FAT,CA,AWP,WE,Combined TRACON& Tower with Radar,29,53,10,5,97,0,2,51,3,56,29,55,61,8,153,88,0,88,241
03/12/2012,FAT,CA,AWP,WE,Combined TRACON& Tower with Radar,25,63,21,15,124,0,7,95,7,109,25,70,116,22,233,114,20,134,367
03/13/2012,FAT,CA,AWP,WE,Combined TRACON& Tower with Radar,26,52,42,24,144,0,7,97,4,108,26,59,139,28,252,124,18,142,394
03/14/2012,FAT,CA,AWP,WE,Combined TRACON& Tower with Radar,22,53,42,14,131,0,7,80,6,93,22,60,122,20,224,114,24,138,362
03/15/2012,FAT,CA,AWP,WE,Combined TRACON& Tower with Radar,29,58,28,22,137,0,7,87,12,106,29,65,115,34,243,98,20,118,361
03/16/2012,FAT,CA,AWP,WE,Combined TRACON& Tower with Radar,29,65,34,16,144,0,7,65,0,72,29,72,99,16,216,104,14,118,334
03/17/2012,FAT,CA,AWP,WE,Combined TRACON& Tower with Radar,25,41,22,2,90,0,4,10,0,14,25,45,32,2,104,64,0,64,168
03/18/2012,FAT,CA,AWP,WE,Combined TRACON& Tower with Radar,27,51,10,2,90,0,4,29,0,33,27,55,39,2,123,96,0,96,219
03/19/2012,FAT,CA,AWP,WE,Combined TRACON& Tower with Radar,22,63,32,20,137,0,10,114,6,130,22,73,146,26,267,98,0,98,365
03/20/2012,FAT,CA,AWP,WE,Combined TRACON& Tower with Radar,25,54,19,8,106,0,5,103,5,113,25,59,122,13,219,114,10,124,343
03/21/2012,FAT,CA,AWP,WE,Combined TRACON& Tower with Radar,24,56,22,8,110,0,12,152,11,175,24,68,174,19,285,120,18,138,423
03/22/2012,FAT,CA,AWP,WE,Combined TRACON& Tower with Radar,33,59,31,14,137,0,7,130,12,149,33,66,161,26,286,116,14,130,416
03/23/2012,FAT,CA,AWP,WE,Combined TRACON& Tower with Radar,29,60,26,20,135,0,15,119,10,144,29,75,145,30,279,28,6,34,313
03/24/2012,FAT,CA,AWP,WE,Combined TRACON& Tower with Radar,24,42,14,2,82,0,3,63,2,68,24,45,77,4,150,110,0,110,260
03/25/2012,FAT,CA,AWP,WE,Combined TRACON& Tower with Radar,28,48,22,2,100,0,2,19,0,21,28,50,41,2,121,60,0,60,181
03/26/2012,FAT,CA,AWP,WE,Combined TRACON& Tower with Radar,26,56,26,13,121,0,6,76,12,94,26,62,102,25,215,102,10,112,327
03/27/2012,FAT,CA,AWP,WE,Combined TRACON& Tower with Radar,25,50,29,13,117,0,5,88,4,97,25,55,117,17,214,104,14,118,332
03/28/2012,FAT,CA,AWP,WE,Combined TRACON& Tower with Radar,15,39,16,6,76,0,1,50,2,53,15,40,66,8,129,102,22,124,253
03/29/2012,FAT,CA,AWP,WE,Combined TRACON& Tower with Radar,29,63,25,20,137,0,12,124,7,143,29,75,149,27,280,118,12,130,410
03/30/2012,FAT,CA,AWP,WE,Combined TRACON& Tower with Radar,29,65,24,8,126,0,16,115,4,135,29,81,139,12,261,86,0,86,347
03/31/2012,FAT,CA,AWP,WE,Combined TRACON& Tower with Radar,22,47,20,4,93,0,6,37,0,43,22,53,57,4,136,98,0,98,234
04/01/2012,FAT,CA,AWP,WE,Combined TRACON& Tower with Radar,23,57,19,0,99,0,5,45,3,53,23,62,64,3,152,106,0,106,258
04/02/2012,FAT,CA,AWP,WE,Combined TRACON& Tower with Radar,26,53,19,9,107,0,11,105,9,125,26,64,124,18,232,124,18,142,374
04/03/2012,FAT,CA,AWP,WE,Combined TRACON& Tower with Radar,24,50,17,8,99,0,7,104,12,123,24,57,121,20,222,108,0,108,330
04/04/2012,FAT,CA,AWP,WE,Combined TRACON& Tower with Radar,26,54,39,21,140,0,7,75,4,86,26,61,114,25,226,102,14,116,342
04/05/2012,FAT,CA,AWP,WE,Combined TRACON& Tower with Radar,25,56,39,19,139,0,13,98,10,121,25,69,137,29,260,124,18,142,402
04/06/2012,FAT,CA,AWP,WE,Combined TRACON& Tower with Radar,28,56,16,18,118,0,16,90,17,123,28,72,106,35,241,116,16,132,373
04/07/2012,FAT,CA,AWP,WE,Combined TRACON& Tower with Radar,20,44,6,5,75,0,2,61,6,69,20,46,67,11,144,90,0,90,234
04/08/2012,FAT,CA,AWP,WE,Combined TRACON& Tower with Radar,25,56,18,2,101,0,6,43,1,50,25,62,61,3,151,92,0,92,243
04/09/2012,FAT,CA,AWP,WE,Combined TRACON& Tower with Radar,28,53,25,12,118,0,15,133,7,155,28,68,158,19,273,106,14,120,393
04/10/2012,FAT,CA,AWP,WE,Combined TRACON& Tower with Radar,26,55,37,12,130,0,10,100,9,119,26,65,137,21,249,30,0,30,279
04/11/2012,FAT,CA,AWP,WE,Combined TRACON& Tower with Radar,24,65,41,30,160,0,2,13,1,16,24,67,54,31,176,28,0,28,204
04/12/2012,FAT,CA,AWP,WE,Combined TRACON& Tower with Radar,26,67,45,10,148,0,11,53,4,68,26,78,98,14,216,36,0,36,252
04/13/2012,FAT,CA,AWP,WE,Combined TRACON& Tower with Radar,29,63,31,18,141,0,4,11,1,16,29,67,42,19,157,24,0,24,181
04/14/2012,FAT,CA,AWP,WE,Combined TRACON& Tower with Radar,19,52,16,6,93,0,3,48,0,51,19,55,64,6,144,14,0,14,158
04/15/2012,FAT,CA,AWP,WE,Combined TRACON& Tower with Radar,26,56,13,7,102,0,7,59,10,76,26,63,72,17,178,98,0,98,276
04/16/2012,FAT,CA,AWP,WE,Combined TRACON& Tower with Radar,26,58,18,8,110,0,12,100,9,121,26,70,118,17,231,130,16,146,377
04/17/2012,FAT,CA,AWP,WE,Combined TRACON& Tower with Radar,24,54,26,16,120,0,12,158,9,179,24,66,184,25,299,114,12,126,425
04/18/2012,FAT,CA,AWP,WE,Combined TRACON& Tower with Radar,24,63,33,5,125,0,5,153,11,169,24,68,186,16,294,108,16,124,418
04/19/2012,FAT,CA,AWP,WE,Combined TRACON& Tower with Radar,27,66,28,12,133,0,9,119,10,138,27,75,147,22,271,72,2,74,345
04/20/2012,FAT,CA,AWP,WE,Combined TRACON& Tower with Radar,30,60,23,18,131,0,16,161,13,190,30,76,184,31,321,124,20,144,465
04/21/2012,FAT,CA,AWP,WE,Combined TRACON& Tower with Radar,21,49,6,8,84,0,6,69,5,80,21,55,75,13,164,84,0,84,248
04/22/2012,FAT,CA,AWP,WE,Combined TRACON& Tower with Radar,25,56,16,7,104,0,15,54,3,72,25,71,70,10,176,80,0,80,256
04/23/2012,FAT,CA,AWP,WE,Combined TRACON& Tower with Radar,21,58,21,16,116,0,13,135,6,154,21,71,156,22,270,122,18,140,410
04/24/2012,FAT,CA,AWP,WE,Combined TRACON& Tower with Radar,23,59,31,14,127,0,11,100,6,117,23,70,131,20,244,104,16,120,364
04/25/2012,FAT,CA,AWP,WE,Combined TRACON& Tower with Radar,24,55,26,12,117,0,7,106,15,128,24,62,132,27,245,120,18,138,383
04/26/2012,FAT,CA,AWP,WE,Combined TRACON& Tower with Radar,25,63,49,13,150,0,11,55,6,72,25,74,104,19,222,126,14,140,362
04/27/2012,FAT,CA,AWP,WE,Combined TRACON& Tower with Radar,28,67,23,26,144,0,19,161,11,191,28,86,184,37,335,120,14,134,469
04/28/2012,FAT,CA,AWP,WE,Combined TRACON& Tower with Radar,19,44,11,3,77,0,7,82,0,89,19,51,93,3,166,84,0,84,250
04/29/2012,FAT,CA,AWP,WE,Combined TRACON& Tower with Radar,25,59,19,0,103,0,9,79,1,89,25,68,98,1,192,78,0,78,270
04/30/2012,FAT,CA,AWP,WE,Combined TRACON& Tower with Radar,21,65,30,4,120,0,13,109,11,133,21,78,139,15,253,118,10,128,381
05/01/2012,FAT,CA,AWP,WE,Combined TRACON& Tower with Radar,23,58,42,23,146,0,6,157,14,177,23,64,199,37,323,104,12,116,439
05/02/2012,FAT,CA,AWP,WE,Combined TRACON& Tower with Radar,24,54,26,5,109,0,12,133,12,157,24,66,159,17,266,122,12,134,400
05/03/2012,FAT,CA,AWP,WE,Combined TRACON& Tower with Radar,26,58,31,7,122,0,11,117,6,134,26,69,148,13,256,136,10,146,402
05/04/2012,FAT,CA,AWP,WE,Combined TRACON& Tower with Radar,29,65,16,14,124,0,10,116,8,134,29,75,132,22,258,112,20,132,390
05/05/2012,FAT,CA,AWP,WE,Combined TRACON& Tower with Radar,19,46,13,14,92,0,12,87,11,110,19,58,100,25,202,106,18,124,326
05/06/2012,FAT,CA,AWP,WE,Combined TRACON& Tower with Radar,26,61,11,9,107,0,5,73,4,82,26,66,84,13,189,72,0,72,261
05/07/2012,FAT,CA,AWP,WE,Combined TRACON& Tower with Radar,24,59,17,5,105,0,12,117,4,133,24,71,134,9,238,100,14,114,352
05/08/2012,FAT,CA,AWP,WE,Combined TRACON& Tower with Radar,23,50,23,9,105,0,8,138,8,154,23,58,161,17,259,94,10,104,363
05/09/2012,FAT,CA,AWP,WE,Combined TRACON& Tower with Radar,23,51,25,6,105,0,7,148,7,162,23,58,173,13,267,118,20,138,405
05/10/2012,FAT,CA,AWP,WE,Combined TRACON& Tower with Radar,25,64,20,4,113,0,7,145,2,154,25,71,165,6,267,126,18,144,411
05/11/2012,FAT,CA,AWP,WE,Combined TRACON& Tower with Radar,31,57,22,8,118,0,8,146,3,157,31,65,168,11,275,108,22,130,405
05/12/2012,FAT,CA,AWP,WE,Combined TRACON& Tower with Radar,21,53,17,3,94,0,3,98,0,101,21,56,115,3,195,92,0,92,287
05/13/2012,FAT,CA,AWP,WE,Combined TRACON& Tower with Radar,27,58,9,8,102,0,6,75,2,83,27,64,84,10,185,2,0,2,187
05/14/2012,FAT,CA,AWP,WE,Combined TRACON& Tower with Radar,23,56,15,5,99,0,7,134,10,151,23,63,149,15,250,120,10,130,380
05/15/2012,FAT,CA,AWP,WE,Combined TRACON& Tower with Radar,25,61,23,6,115,0,4,129,9,142,25,65,152,15,257,106,14,120,377
05/16/2012,FAT,CA,AWP,WE,Combined TRACON& Tower with Radar,23,54,31,7,115,0,10,137,9,156,23,64,168,16,271,116,14,130,401
05/17/2012,FAT,CA,AWP,WE,Combined TRACON& Tower with Radar,30,69,21,8,128,0,6,106,6,118,30,75,127,14,246,132,14,146,392
05/18/2012,FAT,CA,AWP,WE,Combined TRACON& Tower with Radar,27,62,31,7,127,0,11,116,6,133,27,73,147,13,260,126,16,142,402
05/19/2012,FAT,CA,AWP,WE,Combined TRACON& Tower with Radar,19,48,8,2,77,0,11,75,2,88,19,59,83,4,165,76,0,76,241
05/20/2012,FAT,CA,AWP,WE,Combined TRACON& Tower with Radar,26,56,14,5,101,0,5,74,2,81,26,61,88,7,182,74,0,74,256
05/21/2012,FAT,CA,AWP,WE,Combined TRACON& Tower with Radar,25,56,16,12,109,0,14,125,7,146,25,70,141,19,255,120,14,134,389
05/22/2012,FAT,CA,AWP,WE,Combined TRACON& Tower with Radar,24,56,21,14,115,0,6,127,12,145,24,62,148,26,260,88,10,98,358
05/23/2012,FAT,CA,AWP,WE,Combined TRACON& Tower with Radar,25,52,28,9,114,0,6,94,9,109,25,58,122,18,223,96,18,114,337
05/24/2012,FAT,CA,AWP,WE,Combined TRACON& Tower with Radar,28,61,29,21,139,0,8,125,9,142,28,69,154,30,281,134,14,148,429
05/25/2012,FAT,CA,AWP,WE,Combined TRACON& Tower with Radar,27,59,37,24,147,0,7,94,14,115,27,66,131,38,262,122,18,140,402
05/26/2012,FAT,CA,AWP,WE,Combined TRACON& Tower with Radar,19,41,18,3,81,0,6,80,1,87,19,47,98,4,168,82,0,82,250
05/27/2012,FAT,CA,AWP,WE,Combined TRACON& Tower with Radar,24,46,6,6,82,0,6,62,6,74,24,52,68,12,156,76,0,76,232
05/28/2012,FAT,CA,AWP,WE,Combined TRACON& Tower with Radar,22,56,23,16,117,0,8,73,7,88,22,64,96,23,205,48,0,48,253
05/29/2012,FAT,CA,AWP,WE,Combined TRACON& Tower with Radar,24,56,30,15,125,0,9,111,11,131,24,65,141,26,256,106,20,126,382
05/30/2012,FAT,CA,AWP,WE,Combined TRACON& Tower with Radar,27,57,48,11,143,1,11,144,11,167,28,68,192,22,310,160,14,174,484
05/31/2012,FAT,CA,AWP,WE,Combined TRACON& Tower with Radar,30,63,24,15,132,0,7,136,3,146,30,70,160,18,278,134,26,160,438
06/01/2012,FAT,CA,AWP,WE,Combined TRACON& Tower with Radar,28,65,25,24,142,0,17,124,8,149,28,82,149,32,291,112,12,124,415
06/02/2012,FAT,CA,AWP,WE,Combined TRACON& Tower with Radar,19,45,8,18,90,0,3,79,9,91,19,48,87,27,181,104,0,104,285
06/03/2012,FAT,CA,AWP,WE,Combined TRACON& Tower with Radar,29,57,13,11,110,0,18,73,2,93,29,75,86,13,203,56,0,56,259
06/04/2012,FAT,CA,AWP,WE,Combined TRACON& Tower with Radar,29,59,19,4,111,0,4,60,5,69,29,63,79,9,180,72,14,86,266
06/05/2012,FAT,CA,AWP,WE,Combined TRACON& Tower with Radar,28,60,19,12,119,0,9,77,17,103,28,69,96,29,222,110,28,138,360
06/06/2012,FAT,CA,AWP,WE,Combined TRACON& Tower with Radar,26,55,41,24,146,0,10,116,3,129,26,65,157,27,275,120,20,140,415
06/07/2012,FAT,CA,AWP,WE,Combined TRACON& Tower with Radar,30,66,34,14,144,0,8,104,12,124,30,74,138,26,268,110,18,128,396
06/08/2012,FAT,CA,AWP,WE,Combined TRACON& Tower with Radar,32,70,22,13,137,0,11,141,6,158,32,81,163,19,295,108,16,124,419
06/09/2012,FAT,CA,AWP,WE,Combined TRACON& Tower with Radar,23,48,19,4,94,0,12,102,0,114,23,60,121,4,208,88,0,88,296
06/10/2012,FAT,CA,AWP,WE,Combined TRACON& Tower with Radar,29,52,16,0,97,0,9,75,0,84,29,61,91,0,181,74,0,74,255
06/11/2012,FAT,CA,AWP,WE,Combined TRACON& Tower with Radar,29,62,13,11,115,0,11,127,9,147,29,73,140,20,262,112,20,132,394
06/12/2012,FAT,CA,AWP,WE,Combined TRACON& Tower with Radar,28,63,20,19,130,0,14,135,8,157,28,77,155,27,287,128,14,142,429
06/13/2012,FAT,CA,AWP,WE,Combined TRACON& Tower with Radar,27,60,39,14,140,0,7,114,4,125,27,67,153,18,265,108,18,126,391
06/14/2012,FAT,CA,AWP,WE,Combined TRACON& Tower with Radar,33,77,20,19,149,0,8,145,9,162,33,85,165,28,311,108,22,130,441
06/15/2012,FAT,CA,AWP,WE,Combined TRACON& Tower with Radar,30,66,35,15,146,0,17,150,8,175,30,83,185,23,321,122,16,138,459
06/16/2012,FAT,CA,AWP,WE,Combined TRACON& Tower with Radar,28,67,15,4,114,0,17,113,3,133,28,84,128,7,247,94,0,94,341
06/17/2012,FAT,CA,AWP,WE,Combined TRACON& Tower with Radar,30,61,10,2,103,0,10,53,1,64,30,71,63,3,167,66,0,66,233
06/18/2012,FAT,CA,AWP,WE,Combined TRACON& Tower with Radar,28,61,23,13,125,0,9,120,11,140,28,70,143,24,265,110,18,128,393
06/19/2012,FAT,CA,AWP,WE,Combined TRACON& Tower with Radar,28,62,37,9,136,0,13,167,12,192,28,75,204,21,328,100,16,116,444
06/20/2012,FAT,CA,AWP,WE,Combined TRACON& Tower with Radar,28,70,28,13,139,0,12,136,15,163,28,82,164,28,302,124,14,138,440
06/21/2012,FAT,CA,AWP,WE,Combined TRACON& Tower with Radar,34,64,33,18,149,0,12,145,21,178,34,76,178,39,327,102,24,126,453
06/22/2012,FAT,CA,AWP,WE,Combined TRACON& Tower with Radar,32,69,26,8,135,0,12,148,8,168,32,81,174,16,303,122,16,138,441
06/23/2012,FAT,CA,AWP,WE,Combined TRACON& Tower with Radar,24,57,23,5,109,0,2,83,0,85,24,59,106,5,194,108,6,114,308
06/24/2012,FAT,CA,AWP,WE,Combined TRACON& Tower with Radar,27,59,23,5,114,0,9,70,1,80,27,68,93,6,194,68,0,68,262
06/25/2012,FAT,CA,AWP,WE,Combined TRACON& Tower with Radar,29,67,37,12,145,0,10,111,13,134,29,77,148,25,279,132,20,152,431
06/26/2012,FAT,CA,AWP,WE,Combined TRACON& Tower with Radar,27,65,43,5,140,0,7,130,12,149,27,72,173,17,289,116,14,130,419
06/27/2012,FAT,CA,AWP,WE,Combined TRACON& Tower with Radar,29,66,27,10,132,0,4,121,13,138,29,70,148,23,270,104,16,120,390
06/28/2012,FAT,CA,AWP,WE,Combined TRACON& Tower with Radar,34,70,41,8,153,0,13,127,11,151,34,83,168,19,304,124,10,134,438
06/29/2012,FAT,CA,AWP,WE,Combined TRACON& Tower with Radar,31,64,29,9,133,0,11,133,12,156,31,75,162,21,289,118,36,154,443
06/30/2012,FAT,CA,AWP,WE,Combined TRACON& Tower with Radar,27,55,21,0,103,0,8,95,1,104,27,63,116,1,207,74,0,74,281
07/01/2012,FAT,CA,AWP,WE,Combined TRACON& Tower with Radar,33,55,15,0,103,0,7,71,0,78,33,62,86,0,181,98,0,98,279
07/02/2012,FAT,CA,AWP,WE,Combined TRACON& Tower with Radar,32,67,25,18,142,0,9,106,15,130,32,76,131,33,272,132,24,156,428
07/03/2012,FAT,CA,AWP,WE,Combined TRACON& Tower with Radar,31,60,36,10,137,0,11,126,6,143,31,71,162,16,280,122,18,140,420
07/04/2012,FAT,CA,AWP,WE,Combined TRACON& Tower with Radar,24,43,23,1,91,0,9,56,2,67,24,52,79,3,158,136,0,136,294
07/05/2012,FAT,CA,AWP,WE,Combined TRACON& Tower with Radar,32,58,28,13,131,0,6,93,12,111,32,64,121,25,242,142,18,160,402
07/06/2012,FAT,CA,AWP,WE,Combined TRACON& Tower with Radar,31,56,31,16,134,0,15,109,12,136,31,71,140,28,270,122,18,140,410
07/07/2012,FAT,CA,AWP,WE,Combined TRACON& Tower with Radar,24,55,12,17,108,0,8,89,13,110,24,63,101,30,218,92,0,92,310
07/08/2012,FAT,CA,AWP,WE,Combined TRACON& Tower with Radar,28,65,19,2,114,1,12,64,3,80,29,77,83,5,194,96,0,96,290
07/09/2012,FAT,CA,AWP,WE,Combined TRACON& Tower with Radar,30,73,32,2,137,0,7,96,8,111,30,80,128,10,248,98,30,128,376
07/10/2012,FAT,CA,AWP,WE,Combined TRACON& Tower with Radar,29,67,38,0,134,0,10,105,8,123,29,77,143,8,257,118,28,146,403
07/11/2012,FAT,CA,AWP,WE,Combined TRACON& Tower with Radar,30,63,32,0,125,0,10,102,0,112,30,73,134,0,237,144,16,160,397
07/12/2012,FAT,CA,AWP,WE,Combined TRACON& Tower with Radar,35,64,20,7,126,0,10,116,6,132,35,74,136,13,258,122,16,138,396
07/13/2012,FAT,CA,AWP,WE,Combined TRACON& Tower with Radar,33,60,28,8,129,0,13,82,5,100,33,73,110,13,229,122,18,140,369
07/14/2012,FAT,CA,AWP,WE,Combined TRACON& Tower with Radar,28,50,19,8,105,0,2,94,7,103,28,52,113,15,208,92,0,92,300
07/15/2012,FAT,CA,AWP,WE,Combined TRACON& Tower with Radar,32,58,17,9,116,0,10,63,4,77,32,68,80,13,193,102,0,102,295
07/16/2012,FAT,CA,AWP,WE,Combined TRACON& Tower with Radar,32,59,19,12,122,0,15,93,6,114,32,74,112,18,236,100,16,116,352
07/17/2012,FAT,CA,AWP,WE,Combined TRACON& Tower with Radar,30,62,24,2,118,0,14,121,13,148,30,76,145,15,266,120,18,138,404
07/18/2012,FAT,CA,AWP,WE,Combined TRACON& Tower with Radar,30,66,26,0,122,0,17,128,7,152,30,83,154,7,274,114,26,140,414
07/19/2012,FAT,CA,AWP,WE,Combined TRACON& Tower with Radar,34,67,40,4,145,0,15,115,12,142,34,82,155,16,287,130,16,146,433
07/20/2012,FAT,CA,AWP,WE,Combined TRACON& Tower with Radar,31,66,24,8,129,0,11,121,2,134,31,77,145,10,263,108,14,122,385
07/21/2012,FAT,CA,AWP,WE,Combined TRACON& Tower with Radar,31,50,7,6,94,0,2,78,6,86,31,52,85,12,180,100,0,100,280
07/22/2012,FAT,CA,AWP,WE,Combined TRACON& Tower with Radar,34,53,18,4,109,0,10,79,3,92,34,63,97,7,201,78,0,78,279
07/23/2012,FAT,CA,AWP,WE,Combined TRACON& Tower with Radar,32,64,29,3,128,0,10,112,12,134,32,74,141,15,262,128,10,138,400
07/24/2012,FAT,CA,AWP,WE,Combined TRACON& Tower with Radar,31,65,34,2,132,0,7,123,7,137,31,72,157,9,269,108,18,126,395
07/25/2012,FAT,CA,AWP,WE,Combined TRACON& Tower with Radar,33,62,26,11,132,0,6,149,7,162,33,68,175,18,294,98,24,122,416
07/26/2012,FAT,CA,AWP,WE,Combined TRACON& Tower with Radar,34,60,25,8,127,0,12,169,10,191,34,72,194,18,318,120,22,142,460
07/27/2012,FAT,CA,AWP,WE,Combined TRACON& Tower with Radar,33,64,26,4,127,0,8,147,7,162,33,72,173,11,289,120,18,138,427
07/28/2012,FAT,CA,AWP,WE,Combined TRACON& Tower with Radar,27,48,9,2,86,0,4,89,2,95,27,52,98,4,181,98,0,98,279
07/29/2012,FAT,CA,AWP,WE,Combined TRACON& Tower with Radar,32,58,10,4,104,0,9,76,2,87,32,67,86,6,191,98,0,98,289
07/30/2012,FAT,CA,AWP,WE,Combined TRACON& Tower with Radar,33,68,24,5,130,0,5,92,5,102,33,73,116,10,232,86,18,104,336
07/31/2012,FAT,CA,AWP,WE,Combined TRACON& Tower with Radar,32,67,33,3,135,0,11,107,8,126,32,78,140,11,261,154,14,168,429
08/01/2012,FAT,CA,AWP,WE,Combined TRACON& Tower with Radar,32,64,22,7,125,0,7,111,5,123,32,71,133,12,248,128,14,142,390
08/02/2012,FAT,CA,AWP,WE,Combined TRACON& Tower with Radar,36,60,23,4,123,0,12,126,6,144,36,72,149,10,267,130,14,144,411
08/03/2012,FAT,CA,AWP,WE,Combined TRACON& Tower with Radar,36,64,42,2,144,0,12,141,9,162,36,76,183,11,306,118,22,140,446
08/04/2012,FAT,CA,AWP,WE,Combined TRACON& Tower with Radar,31,54,18,9,112,0,7,105,3,115,31,61,123,12,227,94,0,94,321
08/05/2012,FAT,CA,AWP,WE,Combined TRACON& Tower with Radar,33,63,15,9,120,0,6,92,9,107,33,69,107,18,227,108,0,108,335
08/06/2012,FAT,CA,AWP,WE,Combined TRACON& Tower with Radar,34,58,21,10,123,0,11,130,7,148,34,69,151,17,271,114,18,132,403
08/07/2012,FAT,CA,AWP,WE,Combined TRACON& Tower with Radar,31,64,28,21,144,0,14,160,16,190,31,78,188,37,334,104,42,146,480
08/08/2012,FAT,CA,AWP,WE,Combined TRACON& Tower with Radar,30,59,35,20,144,0,8,203,16,227,30,67,238,36,371,110,36,146,517
08/09/2012,FAT,CA,AWP,WE,Combined TRACON& Tower with Radar,36,61,36,4,137,0,9,175,9,193,36,70,211,13,330,152,12,164,494
08/10/2012,FAT,CA,AWP,WE,Combined TRACON& Tower with Radar,33,65,23,11,132,0,9,121,11,141,33,74,144,22,273,106,22,128,401
08/11/2012,FAT,CA,AWP,WE,Combined TRACON& Tower with Radar,31,57,10,6,104,0,6,131,3,140,31,63,141,9,244,84,0,84,328
08/12/2012,FAT,CA,AWP,WE,Combined TRACON& Tower with Radar,33,60,21,6,120,0,9,68,7,84,33,69,89,13,204,90,0,90,294
08/13/2012,FAT,CA,AWP,WE,Combined TRACON& Tower with Radar,33,65,32,8,138,0,10,138,4,152,33,75,170,12,290,126,18,144,434
08/14/2012,FAT,CA,AWP,WE,Combined TRACON& Tower with Radar,32,62,23,13,130,0,8,139,5,152,32,70,162,18,282,120,18,138,420
08/15/2012,FAT,CA,AWP,WE,Combined TRACON& Tower with Radar,29,62,26,24,141,0,5,134,8,147,29,67,160,32,288,106,18,124,412
08/16/2012,FAT,CA,AWP,WE,Combined TRACON& Tower with Radar,32,66,21,8,127,0,6,150,13,169,32,72,171,21,296,112,38,150,446
08/17/2012,FAT,CA,AWP,WE,Combined TRACON& Tower with Radar,37,64,24,7,132,0,9,118,6,133,37,73,142,13,265,104,18,122,387
08/18/2012,FAT,CA,AWP,WE,Combined TRACON& Tower with Radar,31,46,11,4,92,0,5,77,7,89,31,51,88,11,181,88,0,88,269
08/19/2012,FAT,CA,AWP,WE,Combined TRACON& Tower with Radar,32,64,5,6,107,0,9,70,2,81,32,73,75,8,188,108,0,108,296
08/20/2012,FAT,CA,AWP,WE,Combined TRACON& Tower with Radar,33,63,22,14,132,0,5,109,4,118,33,68,131,18,250,108,20,128,378
08/21/2012,FAT,CA,AWP,WE,Combined TRACON& Tower with Radar,32,55,29,17,133,0,14,117,6,137,32,69,146,23,270,106,18,124,394
08/22/2012,FAT,CA,AWP,WE,Combined TRACON& Tower with Radar,30,56,24,14,124,0,12,115,6,133,30,68,139,20,257,104,18,122,379
08/23/2012,FAT,CA,AWP,WE,Combined TRACON& Tower with Radar,35,57,15,22,129,0,12,140,20,172,35,69,155,42,301,136,14,150,451
08/24/2012,FAT,CA,AWP,WE,Combined TRACON& Tower with Radar,37,62,19,13,131,0,12,153,13,178,37,74,172,26,309,138,16,154,463
08/25/2012,FAT,CA,AWP,WE,Combined TRACON& Tower with Radar,31,47,10,11,99,0,6,79,4,89,31,53,89,15,188,82,0,82,270
08/26/2012,FAT,CA,AWP,WE,Combined TRACON& Tower with Radar,37,57,13,7,114,0,5,76,0,81,37,62,89,7,195,106,0,106,301
08/27/2012,FAT,CA,AWP,WE,Combined TRACON& Tower with Radar,31,57,16,12,116,0,12,111,9,132,31,69,127,21,248,120,24,144,392
08/28/2012,FAT,CA,AWP,WE,Combined TRACON& Tower with Radar,32,51,31,6,120,0,5,121,2,128,32,56,152,8,248,106,18,124,372
08/29/2012,FAT,CA,AWP,WE,Combined TRACON& Tower with Radar,32,57,24,17,130,0,6,110,12,128,32,63,134,29,258,114,10,124,382
08/30/2012,FAT,CA,AWP,WE,Combined TRACON& Tower with Radar,34,56,16,14,120,0,6,129,5,140,34,62,145,19,260,122,18,140,400
08/31/2012,FAT,CA,AWP,WE,Combined TRACON& Tower with Radar,37,51,23,2,113,0,8,110,4,122,37,59,133,6,235,130,18,148,383
09/01/2012,FAT,CA,AWP,WE,Combined TRACON& Tower with Radar,27,41,8,6,82,0,16,97,0,113,27,57,105,6,195,112,0,112,307
09/02/2012,FAT,CA,AWP,WE,Combined TRACON& Tower with Radar,31,32,11,2,76,0,5,52,3,60,31,37,63,5,136,82,0,82,218
09/03/2012,FAT,CA,AWP,WE,Combined TRACON& Tower with Radar,29,48,14,0,91,0,8,95,1,104,29,56,109,1,195,126,14,140,335
09/04/2012,FAT,CA,AWP,WE,Combined TRACON& Tower with Radar,28,57,35,18,138,0,13,126,2,141,28,70,161,20,279,120,14,134,413
09/05/2012,FAT,CA,AWP,WE,Combined TRACON& Tower with Radar,29,52,34,18,133,0,5,138,5,148,29,57,172,23,281,112,16,128,409
09/06/2012,FAT,CA,AWP,WE,Combined TRACON& Tower with Radar,32,56,36,15,139,0,14,125,12,151,32,70,161,27,290,148,26,174,464
09/07/2012,FAT,CA,AWP,WE,Combined TRACON& Tower with Radar,38,60,33,7,138,0,10,130,14,154,38,70,163,21,292,134,28,162,454
09/08/2012,FAT,CA,AWP,WE,Combined TRACON& Tower with Radar,30,44,13,15,102,0,9,95,19,123,30,53,108,34,225,86,2,88,313
09/09/2012,FAT,CA,AWP,WE,Combined TRACON& Tower with Radar,35,49,13,1,98,0,17,58,2,77,35,66,71,3,175,82,0,82,257
09/10/2012,FAT,CA,AWP,WE,Combined TRACON& Tower with Radar,30,55,26,4,115,0,10,104,4,118,30,65,130,8,233,108,14,122,355
09/11/2012,FAT,CA,AWP,WE,Combined TRACON& Tower with Radar,29,53,18,11,111,0,7,126,4,137,29,60,144,15,248,136,20,156,404
09/12/2012,FAT,CA,AWP,WE,Combined TRACON& Tower with Radar,28,55,30,17,130,0,9,127,16,152,28,64,157,33,282,112,18,130,412
09/13/2012,FAT,CA,AWP,WE,Combined TRACON& Tower with Radar,33,57,20,8,118,0,8,99,3,110,33,65,119,11,228,130,20,150,378
09/14/2012,FAT,CA,AWP,WE,Combined TRACON& Tower with Radar,36,56,30,18,140,0,11,149,9,169,36,67,179,27,309,130,18,148,457
09/15/2012,FAT,CA,AWP,WE,Combined TRACON& Tower with Radar,28,44,11,4,87,0,7,68,1,76,28,51,79,5,163,130,0,130,293
09/16/2012,FAT,CA,AWP,WE,Combined TRACON& Tower with Radar,34,45,7,6,92,0,5,74,0,79,34,50,81,6,171,120,0,120,291
09/17/2012,FAT,CA,AWP,WE,Combined TRACON& Tower with Radar,30,53,23,11,117,0,7,100,5,112,30,60,123,16,229,114,14,128,357
09/18/2012,FAT,CA,AWP,WE,Combined TRACON& Tower with Radar,29,62,21,11,123,0,17,145,5,167,29,79,166,16,290,124,24,148,438
09/19/2012,FAT,CA,AWP,WE,Combined TRACON& Tower with Radar,29,52,36,12,129,0,12,134,19,165,29,64,170,31,294,138,22,160,454
09/20/2012,FAT,CA,AWP,WE,Combined TRACON& Tower with Radar,35,60,33,14,142,0,12,131,9,152,35,72,164,23,294,114,22,136,430
09/21/2012,FAT,CA,AWP,WE,Combined TRACON& Tower with Radar,41,56,13,9,119,0,14,116,12,142,41,70,129,21,261,124,14,138,399
09/22/2012,FAT,CA,AWP,WE,Combined TRACON& Tower with Radar,26,47,7,4,84,0,11,63,9,83,26,58,70,13,167,98,0,98,265
09/23/2012,FAT,CA,AWP,WE,Combined TRACON& Tower with Radar,37,47,15,1,100,0,10,64,8,82,37,57,79,9,182,114,0,114,296
09/24/2012,FAT,CA,AWP,WE,Combined TRACON& Tower with Radar,30,56,29,8,123,0,19,102,10,131,30,75,131,18,254,130,26,156,410
09/25/2012,FAT,CA,AWP,WE,Combined TRACON& Tower with Radar,31,46,27,11,115,0,7,124,9,140,31,53,151,20,255,128,24,152,407
09/26/2012,FAT,CA,AWP,WE,Combined TRACON& Tower with Radar,31,55,34,7,127,0,9,160,10,179,31,64,194,17,306,128,34,162,468
09/27/2012,FAT,CA,AWP,WE,Combined TRACON& Tower with Radar,35,54,23,1,113,0,7,152,3,162,35,61,175,4,275,126,18,144,419
09/28/2012,FAT,CA,AWP,WE,Combined TRACON& Tower with Radar,36,61,19,4,120,0,15,120,9,144,36,76,139,13,264,138,24,162,426
09/29/2012,FAT,CA,AWP,WE,Combined TRACON& Tower with Radar,29,41,14,3,87,0,6,86,2,94,29,47,100,5,181,90,0,90,271
09/30/2012,FAT,CA,AWP,WE,Combined TRACON& Tower with Radar,38,49,15,6,108,0,8,76,2,86,38,57,91,8,194,76,0,76,270
10/01/2012,FAT,CA,AWP,WE,Combined TRACON& Tower with Radar,32,51,22,13,118,0,7,90,4,101,32,58,112,17,219,126,14,140,359
10/02/2012,FAT,CA,AWP,WE,Combined TRACON& Tower with Radar,33,48,37,11,129,0,10,158,11,179,33,58,195,22,308,86,26,112,420
10/03/2012,FAT,CA,AWP,WE,Combined TRACON& Tower with Radar,32,49,34,14,129,0,6,134,11,151,32,55,168,25,280,126,14,140,420
10/04/2012,FAT,CA,AWP,WE,Combined TRACON& Tower with Radar,37,46,55,3,141,0,12,110,4,126,37,58,165,7,267,114,18,132,399
10/05/2012,FAT,CA,AWP,WE,Combined TRACON& Tower with Radar,42,55,56,10,163,0,5,120,6,131,42,60,176,16,294,122,16,138,432
10/06/2012,FAT,CA,AWP,WE,Combined TRACON& Tower with Radar,30,46,23,1,100,0,11,80,2,93,30,57,103,3,193,82,0,82,275
10/07/2012,FAT,CA,AWP,WE,Combined TRACON& Tower with Radar,45,52,19,9,125,0,9,59,0,68,45,61,78,9,193,92,0,92,285
10/08/2012,FAT,CA,AWP,WE,Combined TRACON& Tower with Radar,33,50,36,6,125,0,6,87,3,96,33,56,123,9,221,122,0,122,343
10/09/2012,FAT,CA,AWP,WE,Combined TRACON& Tower with Radar,31,52,31,12,126,0,10,124,12,146,31,62,155,24,272,124,22,146,418
10/10/2012,FAT,CA,AWP,WE,Combined TRACON& Tower with Radar,32,52,24,2,110,0,5,114,4,123,32,57,138,6,233,124,22,146,379
10/11/2012,FAT,CA,AWP,WE,Combined TRACON& Tower with Radar,36,49,29,7,121,0,5,96,4,105,36,54,125,11,226,134,16,150,376
10/12/2012,FAT,CA,AWP,WE,Combined TRACON& Tower with Radar,40,56,44,8,148,0,3,61,7,71,40,59,105,15,219,116,4,120,339
10/13/2012,FAT,CA,AWP,WE,Combined TRACON& Tower with Radar,28,46,24,10,108,0,7,90,2,99,28,53,114,12,207,106,0,106,313
10/14/2012,FAT,CA,AWP,WE,Combined TRACON& Tower with Radar,35,52,8,6,101,0,9,81,1,91,35,61,89,7,192,92,0,92,284
10/15/2012,FAT,CA,AWP,WE,Combined TRACON& Tower with Radar,33,54,26,3,116,0,3,110,3,116,33,57,136,6,232,114,0,114,346
10/16/2012,FAT,CA,AWP,WE,Combined TRACON& Tower with Radar,31,57,26,9,123,0,5,118,12,135,31,62,144,21,258,106,24,130,388
10/17/2012,FAT,CA,AWP,WE,Combined TRACON& Tower with Radar,31,51,28,6,116,0,19,141,16,176,31,70,169,22,292,118,22,140,432
10/18/2012,FAT,CA,AWP,WE,Combined TRACON& Tower with Radar,34,51,37,9,131,0,6,159,8,173,34,57,196,17,304,124,18,142,446
10/19/2012,FAT,CA,AWP,WE,Combined TRACON& Tower with Radar,39,63,26,5,133,0,14,129,8,151,39,77,155,13,284,118,20,138,422
10/20/2012,FAT,CA,AWP,WE,Combined TRACON& Tower with Radar,26,44,18,9,97,0,3,106,2,111,26,47,124,11,208,106,0,106,314
10/21/2012,FAT,CA,AWP,WE,Combined TRACON& Tower with Radar,38,53,26,10,127,0,4,84,1,89,38,57,110,11,216,116,14,130,346
10/22/2012,FAT,CA,AWP,WE,Combined TRACON& Tower with Radar,35,47,32,0,114,0,7,45,7,59,35,54,77,7,173,78,20,98,271
10/23/2012,FAT,CA,AWP,WE,Combined TRACON& Tower with Radar,32,50,29,14,125,0,6,102,8,116,32,56,131,22,241,128,10,138,379
10/24/2012,FAT,CA,AWP,WE,Combined TRACON& Tower with Radar,28,47,27,4,106,0,7,99,11,117,28,54,126,15,223,108,14,122,345
10/25/2012,FAT,CA,AWP,WE,Combined TRACON& Tower with Radar,36,50,28,11,125,0,3,117,11,131,36,53,145,22,256,116,28,144,400
10/26/2012,FAT,CA,AWP,WE,Combined TRACON& Tower with Radar,43,51,40,10,144,0,8,121,2,131,43,59,161,12,275,130,12,142,417
10/27/2012,FAT,CA,AWP,WE,Combined TRACON& Tower with Radar,30,43,13,3,89,0,6,60,6,72,30,49,73,9,161,76,0,76,237
10/28/2012,FAT,CA,AWP,WE,Combined TRACON& Tower with Radar,34,48,6,4,92,0,6,52,1,59,34,54,58,5,151,28,0,28,179
10/29/2012,FAT,CA,AWP,WE,Combined TRACON& Tower with Radar,35,54,36,20,145,0,6,94,16,116,35,60,130,36,261,120,14,134,395
10/30/2012,FAT,CA,AWP,WE,Combined TRACON& Tower with Radar,29,49,25,10,113,0,5,124,12,141,29,54,149,22,254,110,24,134,388
10/31/2012,FAT,CA,AWP,WE,Combined TRACON& Tower with Radar,28,47,25,11,111,0,4,84,6,94,28,51,109,17,205,122,18,140,345
11/01/2012,FAT,CA,AWP,WE,Combined TRACON& Tower with Radar,37,51,37,17,142,0,6,88,5,99,37,57,125,22,241,114,8,122,363
11/02/2012,FAT,CA,AWP,WE,Combined TRACON& Tower with Radar,39,56,55,1,151,0,6,57,2,65,39,62,112,3,216,118,20,138,354
11/03/2012,FAT,CA,AWP,WE,Combined TRACON& Tower with Radar,28,39,24,22,113,0,8,93,11,112,28,47,117,33,225,104,0,104,329
11/04/2012,FAT,CA,AWP,WE,Combined TRACON& Tower with Radar,34,51,21,6,112,0,2,56,2,60,34,53,77,8,172,100,0,100,272
11/05/2012,FAT,CA,AWP,WE,Combined TRACON& Tower with Radar,32,54,33,2,121,0,14,105,2,121,32,68,138,4,242,122,14,136,378
11/06/2012,FAT,CA,AWP,WE,Combined TRACON& Tower with Radar,32,47,42,13,134,0,3,109,10,122,32,50,151,23,256,110,4,114,370
11/07/2012,FAT,CA,AWP,WE,Combined TRACON& Tower with Radar,29,62,29,11,131,0,5,106,17,128,29,67,135,28,259,116,18,134,393
11/08/2012,FAT,CA,AWP,WE,Combined TRACON& Tower with Radar,35,52,29,19,135,0,2,91,2,95,35,54,120,21,230,120,10,130,360
11/09/2012,FAT,CA,AWP,WE,Combined TRACON& Tower with Radar,37,55,33,16,141,0,3,75,6,84,37,58,108,22,225,96,10,106,331
11/10/2012,FAT,CA,AWP,WE,Combined TRACON& Tower with Radar,26,52,17,2,97,0,7,78,0,85,26,59,95,2,182,94,0,94,276
11/11/2012,FAT,CA,AWP,WE,Combined TRACON& Tower with Radar,38,44,20,6,108,0,4,40,3,47,38,48,60,9,155,56,0,56,211
11/12/2012,FAT,CA,AWP,WE,Combined TRACON& Tower with Radar,30,46,27,2,105,0,10,112,4,126,30,56,139,6,231,70,0,70,301
11/13/2012,FAT,CA,AWP,WE,Combined TRACON& Tower with Radar,34,54,36,9,133,0,18,126,7,151,34,72,162,16,284,94,16,110,394
11/14/2012,FAT,CA,AWP,WE,Combined TRACON& Tower with Radar,33,50,30,17,130,0,14,122,23,159,33,64,152,40,289,122,18,140,429
11/15/2012,FAT,CA,AWP,WE,Combined TRACON& Tower with Radar,36,55,36,11,138,0,2,92,5,99,36,57,128,16,237,104,10,114,351
11/16/2012,FAT,CA,AWP,WE,Combined TRACON& Tower with Radar,40,56,36,2,134,0,7,73,1,81,40,63,109,3,215,106,8,114,329
11/17/2012,FAT,CA,AWP,WE,Combined TRACON& Tower with Radar,27,48,21,2,98,0,6,43,1,50,27,54,64,3,148,104,0,104,252
11/18/2012,FAT,CA,AWP,WE,Combined TRACON& Tower with Radar,39,38,29,4,110,0,4,39,0,43,39,42,68,4,153,72,0,72,225
11/19/2012,FAT,CA,AWP,WE,Combined TRACON& Tower with Radar,33,52,30,9,124,0,4,68,4,76,33,56,98,13,200,14,4,18,218
11/20/2012,FAT,CA,AWP,WE,Combined TRACON& Tower with Radar,34,47,25,14,120,0,4,109,10,123,34,51,134,24,243,78,0,78,321
11/21/2012,FAT,CA,AWP,WE,Combined TRACON& Tower with Radar,33,63,31,14,141,0,9,109,7,125,33,72,140,21,266,94,10,104,370
11/22/2012,FAT,CA,AWP,WE,Combined TRACON& Tower with Radar,25,25,15,0,65,0,1,22,0,23,25,26,37,0,88,0,0,0,88
11/23/2012,FAT,CA,AWP,WE,Combined TRACON& Tower with Radar,35,45,22,2,104,0,4,42,0,46,35,49,64,2,150,0,0,0,150
11/24/2012,FAT,CA,AWP,WE,Combined TRACON& Tower with Radar,28,52,17,1,98,0,4,73,0,77,28,56,90,1,175,116,0,116,291
11/25/2012,FAT,CA,AWP,WE,Combined TRACON& Tower with Radar,38,49,19,1,107,0,4,64,0,68,38,53,83,1,175,18,0,18,193
11/26/2012,FAT,CA,AWP,WE,Combined TRACON& Tower with Radar,34,55,32,17,138,0,4,46,6,56,34,59,78,23,194,82,0,82,276
11/27/2012,FAT,CA,AWP,WE,Combined TRACON& Tower with Radar,32,63,71,16,182,0,0,12,1,13,32,63,83,17,195,78,0,78,273
11/28/2012,FAT,CA,AWP,WE,Combined TRACON& Tower with Radar,30,49,50,17,146,0,7,55,4,66,30,56,105,21,212,90,8,98,310
11/29/2012,FAT,CA,AWP,WE,Combined TRACON& Tower with Radar,34,52,42,13,141,0,5,97,9,111,34,57,139,22,252,120,24,144,396
11/30/2012,FAT,CA,AWP,WE,Combined TRACON& Tower with Radar,37,59,46,1,143,0,3,44,0,47,37,62,90,1,190,98,16,114,304
12/01/2012,FAT,CA,AWP,WE,Combined TRACON& Tower with Radar,27,48,13,13,101,0,4,48,5,57,27,52,61,18,158,72,0,72,230
12/02/2012,FAT,CA,AWP,WE,Combined TRACON& Tower with Radar,35,57,39,3,134,0,1,3,1,5,35,58,42,4,139,92,0,92,231
12/03/2012,FAT,CA,AWP,WE,Combined TRACON& Tower with Radar,37,50,48,18,153,0,3,74,4,81,37,53,122,22,234,88,0,88,322
12/04/2012,FAT,CA,AWP,WE,Combined TRACON& Tower with Radar,29,58,43,11,141,0,3,45,4,52,29,61,88,15,193,78,0,78,271
12/05/2012,FAT,CA,AWP,WE,Combined TRACON& Tower with Radar,29,57,42,11,139,0,2,96,8,106,29,59,138,19,245,100,12,112,357
12/06/2012,FAT,CA,AWP,WE,Combined TRACON& Tower with Radar,34,57,81,16,188,0,0,14,0,14,34,57,95,16,202,90,0,90,292
12/07/2012,FAT,CA,AWP,WE,Combined TRACON& Tower with Radar,38,51,30,16,135,0,6,119,4,129,38,57,149,20,264,116,14,130,394
12/08/2012,FAT,CA,AWP,WE,Combined TRACON& Tower with Radar,28,46,32,1,107,0,1,44,8,53,28,47,76,9,160,18,0,18,178
12/09/2012,FAT,CA,AWP,WE,Combined TRACON& Tower with Radar,35,44,8,2,89,0,2,27,0,29,35,46,35,2,118,18,0,18,136
12/10/2012,FAT,CA,AWP,WE,Combined TRACON& Tower with Radar,35,56,25,14,130,0,5,83,2,90,35,61,108,16,220,114,14,128,348
12/11/2012,FAT,CA,AWP,WE,Combined TRACON& Tower with Radar,32,56,43,20,151,0,2,80,12,94,32,58,123,32,245,94,0,94,339
12/12/2012,FAT,CA,AWP,WE,Combined TRACON& Tower with Radar,32,56,72,9,169,0,1,20,4,25,32,57,92,13,194,70,12,82,276
12/13/2012,FAT,CA,AWP,WE,Combined TRACON& Tower with Radar,36,50,68,19,173,0,4,103,4,111,36,54,171,23,284,122,6,128,412
12/14/2012,FAT,CA,AWP,WE,Combined TRACON& Tower with Radar,37,55,47,8,147,0,2,62,2,66,37,57,109,10,213,88,4,92,305
12/15/2012,FAT,CA,AWP,WE,Combined TRACON& Tower with Radar,28,51,20,8,107,0,2,35,0,37,28,53,55,8,144,114,0,114,258
12/16/2012,FAT,CA,AWP,WE,Combined TRACON& Tower with Radar,35,54,20,3,112,0,4,45,1,50,35,58,65,4,162,112,0,112,274
12/17/2012,FAT,CA,AWP,WE,Combined TRACON& Tower with Radar,38,52,32,31,153,0,5,68,5,78,38,57,100,36,231,112,2,114,345
12/18/2012,FAT,CA,AWP,WE,Combined TRACON& Tower with Radar,37,59,49,26,171,0,4,51,6,61,37,63,100,32,232,126,16,142,374
12/19/2012,FAT,CA,AWP,WE,Combined TRACON& Tower with Radar,37,52,30,19,138,0,11,147,7,165,37,63,177,26,303,146,16,162,465
12/20/2012,FAT,CA,AWP,WE,Combined TRACON& Tower with Radar,40,59,36,9,144,0,5,132,3,140,40,64,168,12,284,62,0,62,346
12/21/2012,FAT,CA,AWP,WE,Combined TRACON& Tower with Radar,40,54,34,7,135,0,7,91,4,102,40,61,125,11,237,43,0,43,280
12/22/2012,FAT,CA,AWP,WE,Combined TRACON& Tower with Radar,30,50,30,6,116,0,4,27,1,32,30,54,57,7,148,6,0,6,154
12/23/2012,FAT,CA,AWP,WE,Combined TRACON& Tower with Radar,36,41,20,2,99,0,0,10,0,10,36,41,30,2,109,0,0,0,109
12/24/2012,FAT,CA,AWP,WE,Combined TRACON& Tower with Radar,34,47,15,0,96,0,6,44,0,50,34,53,59,0,146,0,0,0,146
12/25/2012,FAT,CA,AWP,WE,Combined TRACON& Tower with Radar,30,36,8,0,74,0,2,12,0,14,30,38,20,0,88,0,0,0,88
12/26/2012,FAT,CA,AWP,WE,Combined TRACON& Tower with Radar,36,53,39,1,129,0,5,30,5,40,36,58,69,6,169,0,0,0,169
12/27/2012,FAT,CA,AWP,WE,Combined TRACON& Tower with Radar,37,56,41,17,151,0,4,57,13,74,37,60,98,30,225,58,4,62,287
12/28/2012,FAT,CA,AWP,WE,Combined TRACON& Tower with Radar,40,58,33,2,133,0,5,63,0,68,40,63,96,2,201,24,0,24,225
12/29/2012,FAT,CA,AWP,WE,Combined TRACON& Tower with Radar,28,48,21,0,97,0,11,53,2,66,28,59,74,2,163,8,0,8,171
12/30/2012,FAT,CA,AWP,WE,Combined TRACON& Tower with Radar,35,45,19,0,99,0,2,42,0,44,35,47,61,0,143,110,0,110,253
12/31/2012,FAT,CA,AWP,WE,Combined TRACON& Tower with Radar,33,42,18,0,93,0,7,66,0,73,33,49,84,0,166,70,0,70,236
01/01/2013,FAT,CA,AWP,WE,Combined TRACON& Tower with Radar,30,42,15,0,87,0,6,53,0,59,30,48,68,0,146,124,0,124,270
01/02/2013,FAT,CA,AWP,WE,Combined TRACON& Tower with Radar,40,58,31,0,129,0,4,69,2,75,40,62,100,2,204,134,0,134,338
01/03/2013,FAT,CA,AWP,WE,Combined TRACON& Tower with Radar,37,54,38,4,133,0,9,92,6,107,37,63,130,10,240,116,0,116,356
01/04/2013,FAT,CA,AWP,WE,Combined TRACON& Tower with Radar,40,54,50,4,148,0,5,63,5,73,40,59,113,9,221,116,0,116,337
01/05/2013,FAT,CA,AWP,WE,Combined TRACON& Tower with Radar,26,47,28,2,103,0,3,57,1,61,26,50,85,3,164,100,0,100,264
01/06/2013,FAT,CA,AWP,WE,Combined TRACON& Tower with Radar,37,44,22,0,103,0,0,21,0,21,37,44,43,0,124,72,0,72,196
01/07/2013,FAT,CA,AWP,WE,Combined TRACON& Tower with Radar,40,47,53,0,140,0,6,27,0,33,40,53,80,0,173,86,0,86,259
01/08/2013,FAT,CA,AWP,WE,Combined TRACON& Tower with Radar,37,53,31,9,130,0,13,133,6,152,37,66,164,15,282,118,18,136,418
01/09/2013,FAT,CA,AWP,WE,Combined TRACON& Tower with Radar,34,55,40,22,151,0,4,107,12,123,34,59,147,34,274,108,18,126,400
01/10/2013,FAT,CA,AWP,WE,Combined TRACON& Tower with Radar,40,51,41,13,145,0,6,91,6,103,40,57,132,19,248,104,14,118,366
01/11/2013,FAT,CA,AWP,WE,Combined TRACON& Tower with Radar,37,51,25,9,122,0,4,89,5,98,37,55,114,14,220,154,4,158,378
01/12/2013,FAT,CA,AWP,WE,Combined TRACON& Tower with Radar,29,41,12,3,85,0,4,95,4,103,29,45,107,7,188,120,0,120,308
01/13/2013,FAT,CA,AWP,WE,Combined TRACON& Tower with Radar,39,43,18,5,105,0,8,62,0,70,39,51,80,5,175,98,0,98,273
01/14/2013,FAT,CA,AWP,WE,Combined TRACON& Tower with Radar,33,46,27,15,121,0,6,82,5,93,33,52,109,20,214,116,22,138,352
01/15/2013,FAT,CA,AWP,WE,Combined TRACON& Tower with Radar,25,45,18,8,96,0,9,98,12,119,25,54,116,20,215,102,14,116,331
01/16/2013,FAT,CA,AWP,WE,Combined TRACON& Tower with Radar,34,45,32,12,123,0,8,105,16,129,34,53,137,28,252,110,22,132,384
01/17/2013,FAT,CA,AWP,WE,Combined TRACON& Tower with Radar,35,50,30,6,121,0,4,106,5,115,35,54,136,11,236,126,16,142,378
01/18/2013,FAT,CA,AWP,WE,Combined TRACON& Tower with Radar,36,49,34,5,124,0,6,106,8,120,36,55,140,13,244,122,16,138,382
01/19/2013,FAT,CA,AWP,WE,Combined TRACON& Tower with Radar,30,38,20,4,92,0,4,76,2,82,30,42,96,6,174,120,0,120,294
01/20/2013,FAT,CA,AWP,WE,Combined TRACON& Tower with Radar,35,37,24,4,100,0,8,53,4,65,35,45,77,8,165,90,0,90,255
01/21/2013,FAT,CA,AWP,WE,Combined TRACON& Tower with Radar,34,39,37,0,110,0,3,83,4,90,34,42,120,4,200,114,14,128,328
01/22/2013,FAT,CA,AWP,WE,Combined TRACON& Tower with Radar,31,47,28,9,115,0,6,113,7,126,31,53,141,16,241,118,14,132,373
01/23/2013,FAT,CA,AWP,WE,Combined TRACON& Tower with Radar,32,46,37,20,135,0,4,106,7,117,32,50,143,27,252,136,14,150,402
01/24/2013,FAT,CA,AWP,WE,Combined TRACON& Tower with Radar,34,51,65,0,150,0,0,30,2,32,34,51,95,2,182,122,24,146,328
01/25/2013,FAT,CA,AWP,WE,Combined TRACON& Tower with Radar,37,52,59,9,157,0,0,5,0,5,37,52,64,9,162,132,18,150,312
01/26/2013,FAT,CA,AWP,WE,Combined TRACON& Tower with Radar,31,40,44,1,116,0,0,24,1,25,31,40,68,2,141,98,0,98,239
01/27/2013,FAT,CA,AWP,WE,Combined TRACON& Tower with Radar,36,41,18,8,103,0,5,43,1,49,36,46,61,9,152,104,0,104,256
01/28/2013,FAT,CA,AWP,WE,Combined TRACON& Tower with Radar,33,48,23,7,111,0,4,111,7,122,33,52,134,14,233,110,14,124,357
01/29/2013,FAT,CA,AWP,WE,Combined TRACON& Tower with Radar,32,49,31,18,130,0,7,102,10,119,32,56,133,28,249,38,4,42,291
01/30/2013,FAT,CA,AWP,WE,Combined TRACON& Tower with Radar,30,45,19,9,103,0,13,141,7,161,30,58,160,16,264,68,2,70,334
01/31/2013,FAT,CA,AWP,WE,Combined TRACON& Tower with Radar,34,55,36,10,135,0,5,130,12,147,34,60,166,22,282,108,14,122,404
02/01/2013,FAT,CA,AWP,WE,Combined TRACON& Tower with Radar,36,52,29,10,127,0,4,120,10,134,36,56,149,20,261,26,8,34,295
02/02/2013,FAT,CA,AWP,WE,Combined TRACON& Tower with Radar,27,43,21,12,103,0,4,78,3,85,27,47,99,15,188,110,0,110,298
02/03/2013,FAT,CA,AWP,WE,Combined TRACON& Tower with Radar,32,46,11,0,89,0,6,43,1,50,32,52,54,1,139,74,0,74,213
02/04/2013,FAT,CA,AWP,WE,Combined TRACON& Tower with Radar,32,48,25,11,116,0,6,77,10,93,32,54,102,21,209,92,0,92,301
02/05/2013,FAT,CA,AWP,WE,Combined TRACON& Tower with Radar,30,49,34,17,130,0,2,93,13,108,30,51,127,30,238,118,14,132,370
02/06/2013,FAT,CA,AWP,WE,Combined TRACON& Tower with Radar,33,57,50,24,164,0,4,39,4,47,33,61,89,28,211,14,0,14,225
02/07/2013,FAT,CA,AWP,WE,Combined TRACON& Tower with Radar,32,62,38,13,145,0,0,64,12,76,32,62,102,25,221,120,8,128,349
02/08/2013,FAT,CA,AWP,WE,Combined TRACON& Tower with Radar,36,59,41,14,150,0,3,37,7,47,36,62,78,21,197,102,18,120,317
02/09/2013,FAT,CA,AWP,WE,Combined TRACON& Tower with Radar,28,41,29,14,112,0,5,70,8,83,28,46,99,22,195,106,0,106,301
02/10/2013,FAT,CA,AWP,WE,Combined TRACON& Tower with Radar,34,42,18,0,94,0,5,60,4,69,34,47,78,4,163,76,0,76,239
02/11/2013,FAT,CA,AWP,WE,Combined TRACON& Tower with Radar,32,51,30,2,115,0,6,102,2,110,32,57,132,4,225,142,0,142,367
02/12/2013,FAT,CA,AWP,WE,Combined TRACON& Tower with Radar,32,52,26,17,127,0,4,114,8,126,32,56,140,25,253,126,22,148,401
02/13/2013,FAT,CA,AWP,WE,Combined TRACON& Tower with Radar,32,47,30,20,129,0,8,125,10,143,32,55,155,30,272,126,18,144,416
02/14/2013,FAT,CA,AWP,WE,Combined TRACON& Tower with Radar,32,49,40,9,130,0,13,111,4,128,32,62,151,13,258,18,4,22,280
02/15/2013,FAT,CA,AWP,WE,Combined TRACON& Tower with Radar,35,48,32,7,122,0,10,132,8,150,35,58,164,15,272,40,2,42,314
02/16/2013,FAT,CA,AWP,WE,Combined TRACON& Tower with Radar,25,41,16,5,87,0,9,90,3,102,25,50,106,8,189,26,0,26,215
02/17/2013,FAT,CA,AWP,WE,Combined TRACON& Tower with Radar,30,41,22,10,103,0,3,57,3,63,30,44,79,13,166,52,0,52,218
02/18/2013,FAT,CA,AWP,WE,Combined TRACON& Tower with Radar,36,53,31,0,120,0,5,80,3,88,36,58,111,3,208,34,0,34,242
02/19/2013,FAT,CA,AWP,WE,Combined TRACON& Tower with Radar,33,46,39,11,129,0,7,61,4,72,33,53,100,15,201,70,0,70,271
02/20/2013,FAT,CA,AWP,WE,Combined TRACON& Tower with Radar,28,46,53,6,133,0,5,94,15,114,28,51,147,21,247,120,4,124,371
02/21/2013,FAT,CA,AWP,WE,Combined TRACON& Tower with Radar,34,54,55,13,156,0,19,117,9,145,34,73,172,22,301,128,8,136,437
02/22/2013,FAT,CA,AWP,WE,Combined TRACON& Tower with Radar,36,52,21,21,130,0,3,117,7,127,36,55,138,28,257,108,16,124,381
02/23/2013,FAT,CA,AWP,WE,Combined TRACON& Tower with Radar,24,45,21,13,103,0,2,75,0,77,24,47,96,13,180,104,0,104,284
02/24/2013,FAT,CA,AWP,WE,Combined TRACON& Tower with Radar,30,44,19,4,97,0,5,73,3,81,30,49,92,7,178,104,0,104,282
02/25/2013,FAT,CA,AWP,WE,Combined TRACON& Tower with Radar,31,46,25,15,117,0,8,99,11,118,31,54,124,26,235,126,24,150,385
02/26/2013,FAT,CA,AWP,WE,Combined TRACON& Tower with Radar,30,47,39,18,134,0,10,132,9,151,30,57,171,27,285,118,24,142,427
02/27/2013,FAT,CA,AWP,WE,Combined TRACON& Tower with Radar,32,49,24,2,107,0,10,132,3,145,32,59,156,5,252,124,18,142,394
02/28/2013,FAT,CA,AWP,WE,Combined TRACON& Tower with Radar,36,54,28,3,121,0,9,122,2,133,36,63,150,5,254,128,10,138,392
03/01/2013,FAT,CA,AWP,WE,Combined TRACON& Tower with Radar,40,50,25,11,126,0,8,122,2,132,40,58,147,13,258,100,20,120,378
03/02/2013,FAT,CA,AWP,WE,Combined TRACON& Tower with Radar,25,56,13,22,116,0,6,82,16,104,25,62,95,38,220,102,0,102,322
03/03/2013,FAT,CA,AWP,WE,Combined TRACON& Tower with Radar,30,56,24,9,119,0,6,53,2,61,30,62,77,11,180,82,0,82,262
03/04/2013,FAT,CA,AWP,WE,Combined TRACON& Tower with Radar,30,56,26,1,113,0,15,92,5,112,30,71,118,6,225,146,18,164,389
03/05/2013,FAT,CA,AWP,WE,Combined TRACON& Tower with Radar,31,55,22,5,113,0,10,102,6,118,31,65,124,11,231,114,14,128,359
03/06/2013,FAT,CA,AWP,WE,Combined TRACON& Tower with Radar,33,55,30,13,131,0,10,79,1,90,33,65,109,14,221,30,6,36,257
03/07/2013,FAT,CA,AWP,WE,Combined TRACON& Tower with Radar,33,61,41,7,142,0,7,89,9,105,33,68,130,16,247,56,0,56,303
03/08/2013,FAT,CA,AWP,WE,Combined TRACON& Tower with Radar,34,58,53,1,146,0,5,32,0,37,34,63,85,1,183,86,12,98,281
03/09/2013,FAT,CA,AWP,WE,Combined TRACON& Tower with Radar,23,49,23,8,103,0,4,66,6,76,23,53,89,14,179,106,0,106,285
03/10/2013,FAT,CA,AWP,WE,Combined TRACON& Tower with Radar,36,53,14,1,104,0,7,63,5,75,36,60,77,6,179,98,0,98,277
03/11/2013,FAT,CA,AWP,WE,Combined TRACON& Tower with Radar,34,56,17,9,116,0,7,112,14,133,34,63,129,23,249,108,20,128,377
03/12/2013,FAT,CA,AWP,WE,Combined TRACON& Tower with Radar,33,51,25,11,120,0,9,122,12,143,33,60,147,23,263,126,18,144,407
03/13/2013,FAT,CA,AWP,WE,Combined TRACON& Tower with Radar,34,52,32,15,133,0,9,135,12,156,34,61,167,27,289,122,24,146,435
03/14/2013,FAT,CA,AWP,WE,Combined TRACON& Tower with Radar,35,53,25,13,126,0,6,128,10,144,35,59,153,23,270,134,20,154,424
03/15/2013,FAT,CA,AWP,WE,Combined TRACON& Tower with Radar,36,54,25,2,117,0,7,145,4,156,36,61,170,6,273,132,14,146,419
03/16/2013,FAT,CA,AWP,WE,Combined TRACON& Tower with Radar,25,48,25,8,106,0,10,78,7,95,25,58,103,15,201,100,0,100,301
03/17/2013,FAT,CA,AWP,WE,Combined TRACON& Tower with Radar,33,49,7,2,91,0,7,74,3,84,33,56,81,5,175,90,0,90,265
03/18/2013,FAT,CA,AWP,WE,Combined TRACON& Tower with Radar,34,48,30,17,129,0,10,104,5,119,34,58,134,22,248,126,22,148,396
03/19/2013,FAT,CA,AWP,WE,Combined TRACON& Tower with Radar,36,48,27,10,121,0,6,109,9,124,36,54,136,19,245,118,24,142,387
03/20/2013,FAT,CA,AWP,WE,Combined TRACON& Tower with Radar,35,49,46,10,140,0,10,124,18,152,35,59,170,28,292,124,20,144,436
03/21/2013,FAT,CA,AWP,WE,Combined TRACON& Tower with Radar,37,54,40,13,144,0,17,89,5,111,37,71,129,18,255,116,18,134,389
03/22/2013,FAT,CA,AWP,WE,Combined TRACON& Tower with Radar,36,50,27,6,119,0,13,115,7,135,36,63,142,13,254,148,14,162,416
03/23/2013,FAT,CA,AWP,WE,Combined TRACON& Tower with Radar,28,42,15,6,91,0,1,79,0,80,28,43,94,6,171,122,18,140,311
03/24/2013,FAT,CA,AWP,WE,Combined TRACON& Tower with Radar,33,50,5,4,92,0,6,62,1,69,33,56,67,5,161,106,0,106,267
03/25/2013,FAT,CA,AWP,WE,Combined TRACON& Tower with Radar,33,51,21,4,109,0,7,97,10,114,33,58,118,14,223,134,16,150,373
03/26/2013,FAT,CA,AWP,WE,Combined TRACON& Tower with Radar,34,48,29,10,121,0,9,121,10,140,34,57,150,20,261,136,26,162,423
03/27/2013,FAT,CA,AWP,WE,Combined TRACON& Tower with Radar,33,48,35,2,118,0,9,113,1,123,33,57,148,3,241,136,14,150,391
03/28/2013,FAT,CA,AWP,WE,Combined TRACON& Tower with Radar,37,54,38,4,133,0,12,137,8,157,37,66,175,12,290,132,24,156,446
03/29/2013,FAT,CA,AWP,WE,Combined TRACON& Tower with Radar,37,53,20,7,117,0,7,122,1,130,37,60,142,8,247,152,0,152,399
03/30/2013,FAT,CA,AWP,WE,Combined TRACON& Tower with Radar,24,48,18,0,90,0,10,101,1,112,24,58,119,1,202,110,0,110,312
03/31/2013,FAT,CA,AWP,WE,Combined TRACON& Tower with Radar,32,47,13,0,92,0,2,41,0,43,32,49,54,0,135,106,0,106,241
04/01/2013,FAT,CA,AWP,WE,Combined TRACON& Tower with Radar,36,51,30,2,119,0,5,75,2,82,36,56,105,4,201,128,20,148,349
04/02/2013,FAT,CA,AWP,WE,Combined TRACON& Tower with Radar,30,55,23,10,118,0,15,114,6,135,30,70,137,16,253,120,16,136,389
04/03/2013,FAT,CA,AWP,WE,Combined TRACON& Tower with Radar,30,53,32,9,124,1,8,117,5,131,31,61,149,14,255,146,0,146,401
04/04/2013,FAT,CA,AWP,WE,Combined TRACON& Tower with Radar,34,58,44,7,143,0,4,82,4,90,34,62,126,11,233,126,0,126,359
04/05/2013,FAT,CA,AWP,WE,Combined TRACON& Tower with Radar,34,65,35,11,145,0,6,118,7,131,34,71,153,18,276,108,14,122,398
04/06/2013,FAT,CA,AWP,WE,Combined TRACON& Tower with Radar,23,48,17,19,107,0,13,60,6,79,23,61,77,25,186,108,0,108,294
04/07/2013,FAT,CA,AWP,WE,Combined TRACON& Tower with Radar,30,52,7,0,89,0,4,42,1,47,30,56,49,1,136,76,0,76,212
04/08/2013,FAT,CA,AWP,WE,Combined TRACON& Tower with Radar,29,54,20,4,107,0,7,38,2,47,29,61,58,6,154,98,10,108,262
04/09/2013,FAT,CA,AWP,WE,Combined TRACON& Tower with Radar,28,52,39,8,127,0,15,134,5,154,28,67,173,13,281,112,18,130,411
04/10/2013,FAT,CA,AWP,WE,Combined TRACON& Tower with Radar,28,50,21,10,109,0,6,135,9,150,28,56,156,19,259,128,20,148,407
04/11/2013,FAT,CA,AWP,WE,Combined TRACON& Tower with Radar,32,61,36,11,140,0,9,127,15,151,32,70,163,26,291,120,20,140,431
04/12/2013,FAT,CA,AWP,WE,Combined TRACON& Tower with Radar,32,59,23,14,128,0,10,150,10,170,32,69,173,24,298,32,2,34,332
04/13/2013,FAT,CA,AWP,WE,Combined TRACON& Tower with Radar,23,46,10,0,79,0,7,108,2,117,23,53,118,2,196,86,0,86,282
04/14/2013,FAT,CA,AWP,WE,Combined TRACON& Tower with Radar,28,56,12,6,102,0,4,78,2,84,28,60,90,8,186,98,0,98,284
04/15/2013,FAT,CA,AWP,WE,Combined TRACON& Tower with Radar,30,58,28,5,121,0,9,96,4,109,30,67,124,9,230,104,18,122,352
04/16/2013,FAT,CA,AWP,WE,Combined TRACON& Tower with Radar,28,56,35,12,131,0,7,79,10,96,28,63,114,22,227,126,18,144,371
04/17/2013,FAT,CA,AWP,WE,Combined TRACON& Tower with Radar,29,55,20,6,110,0,4,147,17,168,29,59,167,23,278,126,24,150,428
04/18/2013,FAT,CA,AWP,WE,Combined TRACON& Tower with Radar,32,56,29,10,127,0,6,132,6,144,32,62,161,16,271,148,18,166,437
04/19/2013,FAT,CA,AWP,WE,Combined TRACON& Tower with Radar,36,57,23,9,125,0,8,123,13,144,36,65,146,22,269,150,22,172,441
04/20/2013,FAT,CA,AWP,WE,Combined TRACON& Tower with Radar,23,48,15,1,87,0,4,83,0,87,23,52,98,1,174,86,0,86,260
04/21/2013,FAT,CA,AWP,WE,Combined TRACON& Tower with Radar,29,53,11,2,95,0,5,55,0,60,29,58,66,2,155,74,0,74,229
04/22/2013,FAT,CA,AWP,WE,Combined TRACON& Tower with Radar,30,51,14,4,99,0,11,115,4,130,30,62,129,8,229,120,18,138,367
04/23/2013,FAT,CA,AWP,WE,Combined TRACON& Tower with Radar,30,50,27,6,113,0,9,122,13,144,30,59,149,19,257,124,10,134,391
04/24/2013,FAT,CA,AWP,WE,Combined TRACON& Tower with Radar,32,52,25,9,118,0,7,141,11,159,32,59,166,20,277,156,16,172,449
04/25/2013,FAT,CA,AWP,WE,Combined TRACON& Tower with Radar,32,56,21,9,118,0,6,136,9,151,32,62,157,18,269,152,20,172,441
04/26/2013,FAT,CA,AWP,WE,Combined TRACON& Tower with Radar,33,64,21,8,126,0,13,120,8,141,33,77,141,16,267,124,0,124,391
04/27/2013,FAT,CA,AWP,WE,Combined TRACON& Tower with Radar,23,50,12,0,85,0,10,127,2,139,23,60,139,2,224,178,0,178,402
04/28/2013,FAT,CA,AWP,WE,Combined TRACON& Tower with Radar,31,50,12,2,95,0,14,85,0,99,31,64,97,2,194,112,0,112,306
04/29/2013,FAT,CA,AWP,WE,Combined TRACON& Tower with Radar,28,56,26,6,116,0,12,109,5,126,28,68,135,11,242,148,22,170,412
04/30/2013,FAT,CA,AWP,WE,Combined TRACON& Tower with Radar,29,52,35,1,117,0,8,119,3,130,29,60,154,4,247,132,18,150,397
05/01/2013,FAT,CA,AWP,WE,Combined TRACON& Tower with Radar,29,58,27,7,121,0,11,117,11,139,29,69,144,18,260,112,24,136,396
05/02/2013,FAT,CA,AWP,WE,Combined TRACON& Tower with Radar,31,51,29,5,116,0,11,146,13,170,31,62,175,18,286,124,18,142,428
05/03/2013,FAT,CA,AWP,WE,Combined TRACON& Tower with Radar,35,57,17,6,115,0,11,137,10,158,35,68,154,16,273,120,20,140,413
05/04/2013,FAT,CA,AWP,WE,Combined TRACON& Tower with Radar,22,49,18,10,99,0,13,84,5,102,22,62,102,15,201,98,0,98,299
05/05/2013,FAT,CA,AWP,WE,Combined TRACON& Tower with Radar,31,54,17,2,104,0,4,46,0,50,31,58,63,2,154,86,0,86,240
05/06/2013,FAT,CA,AWP,WE,Combined TRACON& Tower with Radar,28,54,24,0,106,0,12,76,4,92,28,66,100,4,198,122,28,150,348
05/07/2013,FAT,CA,AWP,WE,Combined TRACON& Tower with Radar,28,55,51,4,138,0,2,46,5,53,28,57,97,9,191,116,18,134,325
05/08/2013,FAT,CA,AWP,WE,Combined TRACON& Tower with Radar,29,55,52,15,151,0,4,118,7,129,29,59,170,22,280,138,24,162,442
05/09/2013,FAT,CA,AWP,WE,Combined TRACON& Tower with Radar,33,57,33,11,134,0,6,138,7,151,33,63,171,18,285,132,18,150,435
05/10/2013,FAT,CA,AWP,WE,Combined TRACON& Tower with Radar,36,65,28,12,141,0,10,109,8,127,36,75,137,20,268,112,10,122,390
05/11/2013,FAT,CA,AWP,WE,Combined TRACON& Tower with Radar,23,48,13,1,85,0,10,92,2,104,23,58,105,3,189,172,0,172,361
05/12/2013,FAT,CA,AWP,WE,Combined TRACON& Tower with Radar,32,52,11,2,97,0,2,80,4,86,32,54,91,6,183,112,0,112,295
05/13/2013,FAT,CA,AWP,WE,Combined TRACON& Tower with Radar,29,52,22,6,109,0,13,129,14,156,29,65,151,20,265,124,18,142,407
05/14/2013,FAT,CA,AWP,WE,Combined TRACON& Tower with Radar,28,49,21,11,109,0,9,114,12,135,28,58,135,23,244,144,32,176,420
05/15/2013,FAT,CA,AWP,WE,Combined TRACON& Tower with Radar,28,53,32,10,123,0,12,113,5,130,28,65,145,15,253,156,34,190,443
05/16/2013,FAT,CA,AWP,WE,Combined TRACON& Tower with Radar,31,60,37,3,131,0,11,95,12,118,31,71,132,15,249,132,14,146,395
05/17/2013,FAT,CA,AWP,WE,Combined TRACON& Tower with Radar,38,56,27,3,124,0,12,115,6,133,38,68,142,9,257,26,0,26,283
05/18/2013,FAT,CA,AWP,WE,Combined TRACON& Tower with Radar,22,44,6,0,72,0,5,84,10,99,22,49,90,10,171,72,2,74,245
05/19/2013,FAT,CA,AWP,WE,Combined TRACON& Tower with Radar,31,52,9,1,93,0,4,51,3,58,31,56,60,4,151,16,0,16,167
05/20/2013,FAT,CA,AWP,WE,Combined TRACON& Tower with Radar,32,54,21,7,114,0,11,109,4,124,32,65,130,11,238,20,0,20,258
05/21/2013,FAT,CA,AWP,WE,Combined TRACON& Tower with Radar,28,58,21,14,121,0,9,96,5,110,28,67,117,19,231,114,14,128,359
05/22/2013,FAT,CA,AWP,WE,Combined TRACON& Tower with Radar,32,56,16,13,117,0,6,110,13,129,32,62,126,26,246,118,8,126,372
05/23/2013,FAT,CA,AWP,WE,Combined TRACON& Tower with Radar,31,65,29,14,139,0,10,133,10,153,31,75,162,24,292,140,18,158,450
05/24/2013,FAT,CA,AWP,WE,Combined TRACON& Tower with Radar,38,53,20,4,115,0,16,127,9,152,38,69,147,13,267,142,18,160,427
05/25/2013,FAT,CA,AWP,WE,Combined TRACON& Tower with Radar,27,42,11,0,80,0,11,79,2,92,27,53,90,2,172,110,0,110,282
05/26/2013,FAT,CA,AWP,WE,Combined TRACON& Tower with Radar,31,44,7,0,82,0,4,40,1,45,31,48,47,1,127,96,0,96,223
05/27/2013,FAT,CA,AWP,WE,Combined TRACON& Tower with Radar,29,53,8,0,90,0,10,71,0,81,29,63,79,0,171,164,0,164,335
05/28/2013,FAT,CA,AWP,WE,Combined TRACON& Tower with Radar,29,59,15,8,111,0,8,89,10,107,29,67,104,18,218,150,18,168,386
05/29/2013,FAT,CA,AWP,WE,Combined TRACON& Tower with Radar,30,51,32,5,118,0,15,109,7,131,30,66,141,12,249,162,16,178,427
05/30/2013,FAT,CA,AWP,WE,Combined TRACON& Tower with Radar,32,54,28,11,125,0,16,119,10,145,32,70,147,21,270,170,28,198,468
05/31/2013,FAT,CA,AWP,WE,Combined TRACON& Tower with Radar,36,65,11,8,120,0,12,143,8,163,36,77,154,16,283,144,18,162,445
06/01/2013,FAT,CA,AWP,WE,Combined TRACON& Tower with Radar,26,41,13,12,92,0,15,90,18,123,26,56,103,30,215,118,0,118,333
06/02/2013,FAT,CA,AWP,WE,Combined TRACON& Tower with Radar,32,50,12,2,96,0,5,71,0,76,32,55,83,2,172,114,0,114,286
06/03/2013,FAT,CA,AWP,WE,Combined TRACON& Tower with Radar,31,58,25,1,115,0,11,95,9,115,31,69,120,10,230,152,14,166,396
06/04/2013,FAT,CA,AWP,WE,Combined TRACON& Tower with Radar,29,56,22,9,116,0,5,137,14,156,29,61,159,23,272,148,22,170,442
06/05/2013,FAT,CA,AWP,WE,Combined TRACON& Tower with Radar,32,50,22,9,113,0,7,130,9,146,32,57,152,18,259,40,2,42,301
06/06/2013,FAT,CA,AWP,WE,Combined TRACON& Tower with Radar,37,53,30,13,133,0,14,139,12,165,37,67,169,25,298,144,12,156,454
06/07/2013,FAT,CA,AWP,WE,Combined TRACON& Tower with Radar,39,56,32,2,129,0,18,119,9,146,39,74,151,11,275,138,10,148,423
06/08/2013,FAT,CA,AWP,WE,Combined TRACON& Tower with Radar,29,43,27,4,103,0,7,107,7,121,29,50,134,11,224,108,0,108,332
06/09/2013,FAT,CA,AWP,WE,Combined TRACON& Tower with Radar,33,50,17,9,109,0,10,80,12,102,33,60,97,21,211,86,0,86,297
06/10/2013,FAT,CA,AWP,WE,Combined TRACON& Tower with Radar,35,56,16,16,123,0,9,92,13,114,35,65,108,29,237,144,22,166,403
06/11/2013,FAT,CA,AWP,WE,Combined TRACON& Tower with Radar,32,54,29,3,118,0,14,127,10,151,32,68,156,13,269,144,28,172,441
06/12/2013,FAT,CA,AWP,WE,Combined TRACON& Tower with Radar,34,52,36,10,132,0,13,146,12,171,34,65,182,22,303,128,18,146,449
06/13/2013,FAT,CA,AWP,WE,Combined TRACON& Tower with Radar,35,58,40,15,148,0,21,113,18,152,35,79,153,33,300,162,18,180,480
06/14/2013,FAT,CA,AWP,WE,Combined TRACON& Tower with Radar,41,53,31,8,133,0,16,137,7,160,41,69,168,15,293,160,8,168,461
06/15/2013,FAT,CA,AWP,WE,Combined TRACON& Tower with Radar,31,44,14,8,97,0,7,120,0,127,31,51,134,8,224,128,0,128,352
06/16/2013,FAT,CA,AWP,WE,Combined TRACON& Tower with Radar,39,45,7,2,93,0,14,89,4,107,39,59,96,6,200,102,0,102,302
06/17/2013,FAT,CA,AWP,WE,Combined TRACON& Tower with Radar,34,56,16,14,120,0,16,121,19,156,34,72,137,33,276,124,20,144,420
06/18/2013,FAT,CA,AWP,WE,Combined TRACON& Tower with Radar,32,53,17,7,109,0,11,101,8,120,32,64,118,15,229,166,0,166,395
06/19/2013,FAT,CA,AWP,WE,Combined TRACON& Tower with Radar,32,56,20,3,111,0,11,118,7,136,32,67,138,10,247,132,14,146,393
06/20/2013,FAT,CA,AWP,WE,Combined TRACON& Tower with Radar,34,52,27,9,122,0,9,144,15,168,34,61,171,24,290,158,20,178,468
06/21/2013,FAT,CA,AWP,WE,Combined TRACON& Tower with Radar,40,51,22,9,122,0,9,135,15,159,40,60,157,24,281,172,14,186,467
06/22/2013,FAT,CA,AWP,WE,Combined TRACON& Tower with Radar,30,42,12,3,87,0,11,111,5,127,30,53,123,8,214,134,0,134,348
06/23/2013,FAT,CA,AWP,WE,Combined TRACON& Tower with Radar,32,44,12,8,96,0,6,72,4,82,32,50,84,12,178,122,0,122,300
06/24/2013,FAT,CA,AWP,WE,Combined TRACON& Tower with Radar,38,60,37,13,148,2,9,93,6,110,40,69,130,19,258,140,14,154,412
06/25/2013,FAT,CA,AWP,WE,Combined TRACON& Tower with Radar,31,51,22,2,106,0,8,124,7,139,31,59,146,9,245,158,16,174,419
06/26/2013,FAT,CA,AWP,WE,Combined TRACON& Tower with Radar,34,53,20,8,115,0,8,137,11,156,34,61,157,19,271,142,14,156,427
06/27/2013,FAT,CA,AWP,WE,Combined TRACON& Tower with Radar,34,54,25,10,123,0,14,133,12,159,34,68,158,22,282,156,12,168,450
06/28/2013,FAT,CA,AWP,WE,Combined TRACON& Tower with Radar,41,53,19,9,122,0,17,124,8,149,41,70,143,17,271,162,16,178,449
06/29/2013,FAT,CA,AWP,WE,Combined TRACON& Tower with Radar,34,47,15,4,100,0,10,76,7,93,34,57,91,11,193,140,0,140,333
06/30/2013,FAT,CA,AWP,WE,Combined TRACON& Tower with Radar,37,51,11,4,103,0,11,64,3,78,37,62,75,7,181,118,0,118,299
07/01/2013,FAT,CA,AWP,WE,Combined TRACON& Tower with Radar,34,50,13,7,104,0,10,89,7,106,34,60,102,14,210,132,26,158,368
07/02/2013,FAT,CA,AWP,WE,Combined TRACON& Tower with Radar,36,47,17,9,109,0,8,103,17,128,36,55,120,26,237,144,10,154,391
07/03/2013,FAT,CA,AWP,WE,Combined TRACON& Tower with Radar,33,52,26,13,124,0,13,111,4,128,33,65,137,17,252,116,0,116,368
07/04/2013,FAT,CA,AWP,WE,Combined TRACON& Tower with Radar,30,39,8,5,82,0,13,64,1,78,30,52,72,6,160,32,0,32,192
07/05/2013,FAT,CA,AWP,WE,Combined TRACON& Tower with Radar,39,43,12,0,94,0,9,92,0,101,39,52,104,0,195,170,20,190,385
07/06/2013,FAT,CA,AWP,WE,Combined TRACON& Tower with Radar,34,49,14,0,97,0,2,79,2,83,34,51,93,2,180,142,8,150,330
07/07/2013,FAT,CA,AWP,WE,Combined TRACON& Tower with Radar,36,52,2,0,90,0,9,86,0,95,36,61,88,0,185,166,0,166,351
07/08/2013,FAT,CA,AWP,WE,Combined TRACON& Tower with Radar,40,52,16,8,116,0,11,99,2,112,40,63,115,10,228,152,14,166,394
07/09/2013,FAT,CA,AWP,WE,Combined TRACON& Tower with Radar,33,48,24,5,110,0,12,126,11,149,33,60,150,16,259,146,18,164,423
07/10/2013,FAT,CA,AWP,WE,Combined TRACON& Tower with Radar,34,64,19,9,126,0,8,99,11,118,34,72,118,20,244,134,18,152,396
07/11/2013,FAT,CA,AWP,WE,Combined TRACON& Tower with Radar,40,49,22,12,123,0,5,111,12,128,40,54,133,24,251,124,30,154,405
07/12/2013,FAT,CA,AWP,WE,Combined TRACON& Tower with Radar,40,55,23,8,126,0,11,127,8,146,40,66,150,16,272,136,14,150,422
07/13/2013,FAT,CA,AWP,WE,Combined TRACON& Tower with Radar,30,51,9,10,100,0,7,77,3,87,30,58,86,13,187,120,14,134,321
07/14/2013,FAT,CA,AWP,WE,Combined TRACON& Tower with Radar,35,48,10,3,96,0,11,55,2,68,35,59,65,5,164,124,0,124,288
07/15/2013,FAT,CA,AWP,WE,Combined TRACON& Tower with Radar,33,55,25,9,122,0,15,87,8,110,33,70,112,17,232,142,14,156,388
07/16/2013,FAT,CA,AWP,WE,Combined TRACON& Tower with Radar,29,53,16,8,106,0,4,136,9,149,29,57,152,17,255,136,20,156,411
07/17/2013,FAT,CA,AWP,WE,Combined TRACON& Tower with Radar,32,57,28,9,126,0,7,121,16,144,32,64,149,25,270,166,18,184,454
07/18/2013,FAT,CA,AWP,WE,Combined TRACON& Tower with Radar,32,59,33,7,131,0,10,118,13,141,32,69,151,20,272,144,18,162,434
07/19/2013,FAT,CA,AWP,WE,Combined TRACON& Tower with Radar,38,66,22,7,133,0,8,95,11,114,38,74,117,18,247,134,10,144,391
07/20/2013,FAT,CA,AWP,WE,Combined TRACON& Tower with Radar,26,62,5,4,97,0,9,72,3,84,26,71,77,7,181,110,0,110,291
07/21/2013,FAT,CA,AWP,WE,Combined TRACON& Tower with Radar,33,61,4,0,98,0,8,79,4,91,33,69,83,4,189,106,0,106,295
07/22/2013,FAT,CA,AWP,WE,Combined TRACON& Tower with Radar,33,60,23,11,127,0,10,113,11,134,33,70,136,22,261,144,16,160,421
07/23/2013,FAT,CA,AWP,WE,Combined TRACON& Tower with Radar,29,60,25,13,127,0,20,173,27,220,29,80,198,40,347,142,24,166,513
07/24/2013,FAT,CA,AWP,WE,Combined TRACON& Tower with Radar,30,63,29,8,130,0,25,177,25,227,30,88,206,33,357,146,16,162,519
07/25/2013,FAT,CA,AWP,WE,Combined TRACON& Tower with Radar,34,57,19,5,115,0,12,178,19,209,34,69,197,24,324,144,22,166,490
07/26/2013,FAT,CA,AWP,WE,Combined TRACON& Tower with Radar,34,61,18,14,127,0,12,157,19,188,34,73,175,33,315,168,20,188,503
07/27/2013,FAT,CA,AWP,WE,Combined TRACON& Tower with Radar,25,61,14,16,116,0,3,132,30,165,25,64,146,46,281,150,20,170,451
07/28/2013,FAT,CA,AWP,WE,Combined TRACON& Tower with Radar,33,51,14,10,108,0,13,153,19,185,33,64,167,29,293,132,0,132,425
07/29/2013,FAT,CA,AWP,WE,Combined TRACON& Tower with Radar,33,52,14,12,111,0,9,182,15,206,33,61,196,27,317,168,16,184,501
07/30/2013,FAT,CA,AWP,WE,Combined TRACON& Tower with Radar,30,56,22,6,114,0,14,200,13,227,30,70,222,19,341,148,20,168,509
07/31/2013,FAT,CA,AWP,WE,Combined TRACON& Tower with Radar,31,64,20,5,120,0,17,161,24,202,31,81,181,29,322,126,24,150,472
08/01/2013,FAT,CA,AWP,WE,Combined TRACON& Tower with Radar,35,63,17,12,127,0,17,161,15,193,35,80,178,27,320,140,18,158,478
08/02/2013,FAT,CA,AWP,WE,Combined TRACON& Tower with Radar,39,59,16,20,134,0,19,134,12,165,39,78,150,32,299,150,18,168,467
08/03/2013,FAT,CA,AWP,WE,Combined TRACON& Tower with Radar,27,49,5,27,108,0,10,157,15,182,27,59,162,42,290,128,12,140,430
08/04/2013,FAT,CA,AWP,WE,Combined TRACON& Tower with Radar,34,49,19,6,108,0,4,75,9,88,34,53,94,15,196,124,0,124,320
08/05/2013,FAT,CA,AWP,WE,Combined TRACON& Tower with Radar,34,56,26,5,121,0,11,137,9,157,34,67,163,14,278,158,16,174,452
08/06/2013,FAT,CA,AWP,WE,Combined TRACON& Tower with Radar,31,58,20,4,113,0,10,118,6,134,31,68,138,10,247,136,14,150,397
08/07/2013,FAT,CA,AWP,WE,Combined TRACON& Tower with Radar,22,39,4,6,71,0,6,66,17,89,22,45,70,23,160,168,24,192,352
08/08/2013,FAT,CA,AWP,WE,Combined TRACON& Tower with Radar,32,54,18,5,109,0,8,109,9,126,32,62,127,14,235,132,20,152,387
08/09/2013,FAT,CA,AWP,WE,Combined TRACON& Tower with Radar,34,60,21,10,125,0,13,152,13,178,34,73,173,23,303,144,14,158,461
08/10/2013,FAT,CA,AWP,WE,Combined TRACON& Tower with Radar,29,55,14,0,98,0,9,153,12,174,29,64,167,12,272,144,0,144,416
08/11/2013,FAT,CA,AWP,WE,Combined TRACON& Tower with Radar,30,49,14,3,96,0,12,105,3,120,30,61,119,6,216,114,0,114,330
08/12/2013,FAT,CA,AWP,WE,Combined TRACON& Tower with Radar,35,53,24,5,117,0,14,119,5,138,35,67,143,10,255,144,20,164,419
08/13/2013,FAT,CA,AWP,WE,Combined TRACON& Tower with Radar,28,52,17,9,106,0,18,103,12,133,28,70,120,21,239,138,12,150,389
08/14/2013,FAT,CA,AWP,WE,Combined TRACON& Tower with Radar,33,52,28,6,119,0,20,121,15,156,33,72,149,21,275,132,14,146,421
08/15/2013,FAT,CA,AWP,WE,Combined TRACON& Tower with Radar,38,49,31,11,129,0,17,134,9,160,38,66,165,20,289,134,12,146,435
08/16/2013,FAT,CA,AWP,WE,Combined TRACON& Tower with Radar,38,53,37,9,137,0,12,140,5,157,38,65,177,14,294,126,20,146,440
08/17/2013,FAT,CA,AWP,WE,Combined TRACON& Tower with Radar,35,42,10,14,101,0,8,81,5,94,35,50,91,19,195,114,0,114,309
08/18/2013,FAT,CA,AWP,WE,Combined TRACON& Tower with Radar,32,55,10,8,105,0,7,84,1,92,32,62,94,9,197,104,0,104,301
08/19/2013,FAT,CA,AWP,WE,Combined TRACON& Tower with Radar,38,50,15,5,108,0,12,108,3,123,38,62,123,8,231,140,18,158,389
08/20/2013,FAT,CA,AWP,WE,Combined TRACON& Tower with Radar,33,49,34,9,125,0,11,120,11,142,33,60,154,20,267,140,18,158,425
08/21/2013,FAT,CA,AWP,WE,Combined TRACON& Tower with Radar,37,54,22,7,120,0,7,136,11,154,37,61,158,18,274,152,12,164,438
08/22/2013,FAT,CA,AWP,WE,Combined TRACON& Tower with Radar,38,46,25,13,122,0,7,143,13,163,38,53,168,26,285,142,18,160,445
08/23/2013,FAT,CA,AWP,WE,Combined TRACON& Tower with Radar,37,49,20,12,118,0,14,140,11,165,37,63,160,23,283,136,18,154,437
08/24/2013,FAT,CA,AWP,WE,Combined TRACON& Tower with Radar,29,41,7,6,83,0,9,61,20,90,29,50,68,26,173,130,0,130,303
08/25/2013,FAT,CA,AWP,WE,Combined TRACON& Tower with Radar,33,48,12,5,98,0,11,73,26,110,33,59,85,31,208,132,0,132,340
08/26/2013,FAT,CA,AWP,WE,Combined TRACON& Tower with Radar,37,47,27,11,122,0,9,108,18,135,37,56,135,29,257,138,16,154,411
08/27/2013,FAT,CA,AWP,WE,Combined TRACON& Tower with Radar,32,49,22,14,117,0,11,139,12,162,32,60,161,26,279,158,18,176,455
08/28/2013,FAT,CA,AWP,WE,Combined TRACON& Tower with Radar,33,51,29,17,130,0,10,145,13,168,33,61,174,30,298,156,16,172,470
08/29/2013,FAT,CA,AWP,WE,Combined TRACON& Tower with Radar,32,55,22,14,123,0,7,143,8,158,32,62,165,22,281,30,16,46,327
08/30/2013,FAT,CA,AWP,WE,Combined TRACON& Tower with Radar,40,54,16,13,123,0,5,141,9,155,40,59,157,22,278,76,0,76,354
08/31/2013,FAT,CA,AWP,WE,Combined TRACON& Tower with Radar,23,44,8,2,77,0,6,120,4,130,23,50,128,6,207,52,0,52,259
09/01/2013,FAT,CA,AWP,WE,Combined TRACON& Tower with Radar,27,36,5,1,69,0,7,63,3,73,27,43,68,4,142,0,0,0,142
09/02/2013,FAT,CA,AWP,WE,Combined TRACON& Tower with Radar,30,51,13,2,96,0,1,77,6,84,30,52,90,8,180,22,0,22,202
09/03/2013,FAT,CA,AWP,WE,Combined TRACON& Tower with Radar,28,49,28,10,115,0,11,132,16,159,28,60,160,26,274,24,0,24,298
09/04/2013,FAT,CA,AWP,WE,Combined TRACON& Tower with Radar,31,50,12,13,106,0,10,127,12,149,31,60,139,25,255,58,4,62,317
09/05/2013,FAT,CA,AWP,WE,Combined TRACON& Tower with Radar,33,52,21,5,111,0,9,154,13,176,33,61,175,18,287,56,0,56,343
09/06/2013,FAT,CA,AWP,WE,Combined TRACON& Tower with Radar,38,51,30,11,130,0,5,128,6,139,38,56,158,17,269,18,0,18,287
09/07/2013,FAT,CA,AWP,WE,Combined TRACON& Tower with Radar,25,39,8,12,84,0,8,105,8,121,25,47,113,20,205,36,8,44,249
09/08/2013,FAT,CA,AWP,WE,Combined TRACON& Tower with Radar,34,51,9,2,96,0,8,86,4,98,34,59,95,6,194,18,0,18,212
09/09/2013,FAT,CA,AWP,WE,Combined TRACON& Tower with Radar,35,48,16,5,104,0,11,131,13,155,35,59,147,18,259,46,10,56,315
09/10/2013,FAT,CA,AWP,WE,Combined TRACON& Tower with Radar,28,51,28,9,116,0,11,158,9,178,28,62,186,18,294,74,4,78,372
09/11/2013,FAT,CA,AWP,WE,Combined TRACON& Tower with Radar,34,46,16,12,108,0,14,137,17,168,34,60,153,29,276,50,2,52,328
09/12/2013,FAT,CA,AWP,WE,Combined TRACON& Tower with Radar,37,60,23,12,132,0,12,121,14,147,37,72,144,26,279,58,0,58,337
09/13/2013,FAT,CA,AWP,WE,Combined TRACON& Tower with Radar,41,53,16,20,130,0,16,117,16,149,41,69,133,36,279,116,14,130,409
09/14/2013,FAT,CA,AWP,WE,Combined TRACON& Tower with Radar,25,47,12,12,96,0,9,100,12,121,25,56,112,24,217,90,0,90,307
09/15/2013,FAT,CA,AWP,WE,Combined TRACON& Tower with Radar,34,56,19,4,113,0,5,77,5,87,34,61,96,9,200,52,0,52,252
09/16/2013,FAT,CA,AWP,WE,Combined TRACON& Tower with Radar,34,52,15,6,107,0,18,124,7,149,34,70,139,13,256,146,20,166,422
09/17/2013,FAT,CA,AWP,WE,Combined TRACON& Tower with Radar,29,51,15,7,102,0,13,104,9,126,29,64,119,16,228,152,14,166,394
09/18/2013,FAT,CA,AWP,WE,Combined TRACON& Tower with Radar,32,52,14,8,106,0,22,142,13,177,32,74,156,21,283,124,16,140,423
09/19/2013,FAT,CA,AWP,WE,Combined TRACON& Tower with Radar,36,53,21,4,114,0,15,134,17,166,36,68,155,21,280,120,18,138,418
09/20/2013,FAT,CA,AWP,WE,Combined TRACON& Tower with Radar,43,51,25,8,127,0,10,136,13,159,43,61,161,21,286,146,20,166,452
09/21/2013,FAT,CA,AWP,WE,Combined TRACON& Tower with Radar,25,43,18,5,91,0,11,63,4,78,25,54,81,9,169,102,0,102,271
09/22/2013,FAT,CA,AWP,WE,Combined TRACON& Tower with Radar,33,55,17,10,115,0,5,64,10,79,33,60,81,20,194,90,0,90,284
09/23/2013,FAT,CA,AWP,WE,Combined TRACON& Tower with Radar,34,47,25,8,114,0,16,125,15,156,34,63,150,23,270,158,14,172,442
09/24/2013,FAT,CA,AWP,WE,Combined TRACON& Tower with Radar,28,50,40,4,122,0,6,139,4,149,28,56,179,8,271,140,12,152,423
09/25/2013,FAT,CA,AWP,WE,Combined TRACON& Tower with Radar,32,51,35,11,129,0,6,116,10,132,32,57,151,21,261,128,16,144,405
09/26/2013,FAT,CA,AWP,WE,Combined TRACON& Tower with Radar,34,52,23,4,113,0,11,113,9,133,34,63,136,13,246,140,10,150,396
09/27/2013,FAT,CA,AWP,WE,Combined TRACON& Tower with Radar,37,59,21,13,130,0,9,128,12,149,37,68,149,25,279,132,16,148,427
09/28/2013,FAT,CA,AWP,WE,Combined TRACON& Tower with Radar,27,40,5,2,74,0,1,61,5,67,27,41,66,7,141,106,0,106,247
09/29/2013,FAT,CA,AWP,WE,Combined TRACON& Tower with Radar,31,51,18,8,108,0,6,50,4,60,31,57,68,12,168,106,0,106,274
09/30/2013,FAT,CA,AWP,WE,Combined TRACON& Tower with Radar,34,53,10,6,103,0,9,84,3,96,34,62,94,9,199,108,24,132,331
10/01/2013,FAT,CA,AWP,WE,Combined TRACON& Tower with Radar,30,50,26,0,106,0,11,112,6,129,30,61,138,6,235,28,0,28,263
10/02/2013,FAT,CA,AWP,WE,Combined TRACON& Tower with Radar,31,54,21,3,109,0,15,114,7,136,31,69,135,10,245,76,14,90,335
10/03/2013,FAT,CA,AWP,WE,Combined TRACON& Tower with Radar,35,61,29,0,125,0,13,118,4,135,35,74,147,4,260,46,0,46,306
10/04/2013,FAT,CA,AWP,WE,Combined TRACON& Tower with Radar,39,57,20,6,122,0,6,112,2,120,39,63,132,8,242,46,0,46,288
10/05/2013,FAT,CA,AWP,WE,Combined TRACON& Tower with Radar,29,37,6,5,77,0,4,58,1,63,29,41,64,6,140,56,0,56,196
10/06/2013,FAT,CA,AWP,WE,Combined TRACON& Tower with Radar,33,47,8,6,94,0,6,49,2,57,33,53,57,8,151,10,0,10,161
10/07/2013,FAT,CA,AWP,WE,Combined TRACON& Tower with Radar,35,55,28,4,122,0,17,77,2,96,35,72,105,6,218,6,0,6,224
10/08/2013,FAT,CA,AWP,WE,Combined TRACON& Tower with Radar,35,51,19,5,110,0,9,116,4,129,35,60,135,9,239,28,0,28,267
10/09/2013,FAT,CA,AWP,WE,Combined TRACON& Tower with Radar,30,50,30,1,111,0,6,57,2,65,30,56,87,3,176,2,0,2,178
10/10/2013,FAT,CA,AWP,WE,Combined TRACON& Tower with Radar,35,54,25,3,117,0,7,128,9,144,35,61,153,12,261,48,8,56,317
10/11/2013,FAT,CA,AWP,WE,Combined TRACON& Tower with Radar,33,57,33,2,125,0,25,106,7,138,33,82,139,9,263,36,0,36,299
10/12/2013,FAT,CA,AWP,WE,Combined TRACON& Tower with Radar,28,38,19,0,85,0,4,73,2,79,28,42,92,2,164,32,0,32,196
10/13/2013,FAT,CA,AWP,WE,Combined TRACON& Tower with Radar,30,51,22,2,105,0,9,59,0,68,30,60,81,2,173,26,0,26,199
10/14/2013,FAT,CA,AWP,WE,Combined TRACON& Tower with Radar,33,50,29,0,112,0,12,102,1,115,33,62,131,1,227,52,0,52,279
10/15/2013,FAT,CA,AWP,WE,Combined TRACON& Tower with Radar,32,49,26,1,108,0,7,101,3,111,32,56,127,4,219,104,0,104,323
10/16/2013,FAT,CA,AWP,WE,Combined TRACON& Tower with Radar,33,50,18,6,107,0,8,141,3,152,33,58,159,9,259,90,4,94,353
10/17/2013,FAT,CA,AWP,WE,Combined TRACON& Tower with Radar,37,54,23,2,116,0,7,129,5,141,37,61,152,7,257,112,14,126,383
10/18/2013,FAT,CA,AWP,WE,Combined TRACON& Tower with Radar,35,57,22,5,119,1,12,138,4,155,36,69,160,9,274,154,14,168,442
10/19/2013,FAT,CA,AWP,WE,Combined TRACON& Tower with Radar,25,36,24,0,85,0,8,87,0,95,25,44,111,0,180,134,0,134,314
10/20/2013,FAT,CA,AWP,WE,Combined TRACON& Tower with Radar,33,50,17,6,106,0,1,66,7,74,33,51,83,13,180,122,0,122,302
10/21/2013,FAT,CA,AWP,WE,Combined TRACON& Tower with Radar,33,52,28,0,113,0,9,96,0,105,33,61,124,0,218,136,10,146,364
10/22/2013,FAT,CA,AWP,WE,Combined TRACON& Tower with Radar,32,49,25,4,110,0,20,104,3,127,32,69,129,7,237,130,20,150,387
10/23/2013,FAT,CA,AWP,WE,Combined TRACON& Tower with Radar,31,49,23,6,109,0,13,121,10,144,31,62,144,16,253,134,18,152,405
10/24/2013,FAT,CA,AWP,WE,Combined TRACON& Tower with Radar,37,54,26,6,123,0,6,118,6,130,37,60,144,12,253,130,26,156,409
10/25/2013,FAT,CA,AWP,WE,Combined TRACON& Tower with Radar,36,57,34,11,138,0,10,128,11,149,36,67,162,22,287,238,0,238,525
10/26/2013,FAT,CA,AWP,WE,Combined TRACON& Tower with Radar,26,37,11,6,80,0,9,74,16,99,26,46,85,22,179,94,0,94,273
10/27/2013,FAT,CA,AWP,WE,Combined TRACON& Tower with Radar,32,52,13,4,101,0,1,45,12,58,32,53,58,16,159,140,0,140,299
10/28/2013,FAT,CA,AWP,WE,Combined TRACON& Tower with Radar,33,54,22,11,120,0,4,54,6,64,33,58,76,17,184,136,18,154,338
10/29/2013,FAT,CA,AWP,WE,Combined TRACON& Tower with Radar,34,51,45,4,134,0,6,93,8,107,34,57,138,12,241,144,18,162,403
10/30/2013,FAT,CA,AWP,WE,Combined TRACON& Tower with Radar,34,50,17,11,112,0,8,104,6,118,34,58,121,17,230,132,12,144,374
10/31/2013,FAT,CA,AWP,WE,Combined TRACON& Tower with Radar,37,47,14,11,109,0,11,116,5,132,37,58,130,16,241,142,14,156,397
11/01/2013,FAT,CA,AWP,WE,Combined TRACON& Tower with Radar,34,51,22,12,119,0,10,98,8,116,34,61,120,20,235,124,22,146,381
11/02/2013,FAT,CA,AWP,WE,Combined TRACON& Tower with Radar,25,44,16,14,99,0,4,77,8,89,25,48,93,22,188,126,2,128,316
11/03/2013,FAT,CA,AWP,WE,Combined TRACON& Tower with Radar,30,57,17,5,109,0,7,55,12,74,30,64,72,17,183,100,0,100,283
11/04/2013,FAT,CA,AWP,WE,Combined TRACON& Tower with Radar,33,52,26,1,112,0,6,71,7,84,33,58,97,8,196,150,14,164,360
11/05/2013,FAT,CA,AWP,WE,Combined TRACON& Tower with Radar,32,51,21,6,110,0,7,105,6,118,32,58,126,12,228,136,18,154,382
11/06/2013,FAT,CA,AWP,WE,Combined TRACON& Tower with Radar,32,51,23,9,115,0,5,106,7,118,32,56,129,16,233,138,22,160,393
11/07/2013,FAT,CA,AWP,WE,Combined TRACON& Tower with Radar,36,52,43,4,135,0,5,102,11,118,36,57,145,15,253,176,20,196,449
11/08/2013,FAT,CA,AWP,WE,Combined TRACON& Tower with Radar,36,53,21,6,116,0,7,99,3,109,36,60,120,9,225,138,22,160,385
11/09/2013,FAT,CA,AWP,WE,Combined TRACON& Tower with Radar,24,41,11,0,76,0,6,81,4,91,24,47,92,4,167,132,0,132,299
11/10/2013,FAT,CA,AWP,WE,Combined TRACON& Tower with Radar,31,50,5,3,89,0,4,59,5,68,31,54,64,8,157,90,2,92,249
11/11/2013,FAT,CA,AWP,WE,Combined TRACON& Tower with Radar,33,54,24,3,114,0,9,94,2,105,33,63,118,5,219,154,18,172,391
11/12/2013,FAT,CA,AWP,WE,Combined TRACON& Tower with Radar,30,62,38,14,144,0,10,96,5,111,30,72,134,19,255,128,14,142,397
11/13/2013,FAT,CA,AWP,WE,Combined TRACON& Tower with Radar,33,58,50,9,150,0,5,111,6,122,33,63,161,15,272,124,18,142,414
11/14/2013,FAT,CA,AWP,WE,Combined TRACON& Tower with Radar,38,62,39,16,155,0,3,94,8,105,38,65,133,24,260,122,10,132,392
11/15/2013,FAT,CA,AWP,WE,Combined TRACON& Tower with Radar,35,60,29,6,130,0,7,95,4,106,35,67,124,10,236,154,4,158,394
11/16/2013,FAT,CA,AWP,WE,Combined TRACON& Tower with Radar,25,43,11,10,89,0,0,77,1,78,25,43,88,11,167,118,10,128,295
11/17/2013,FAT,CA,AWP,WE,Combined TRACON& Tower with Radar,29,50,13,11,103,0,5,64,6,75,29,55,77,17,178,112,0,112,290
11/18/2013,FAT,CA,AWP,WE,Combined TRACON& Tower with Radar,33,53,29,4,119,0,5,93,8,106,33,58,122,12,225,150,22,172,397
11/19/2013,FAT,CA,AWP,WE,Combined TRACON& Tower with Radar,33,52,35,16,136,0,7,103,9,119,33,59,138,25,255,144,16,160,415
11/20/2013,FAT,CA,AWP,WE,Combined TRACON& Tower with Radar,28,58,47,6,139,0,1,89,6,96,28,59,136,12,235,112,12,124,359
11/21/2013,FAT,CA,AWP,WE,Combined TRACON& Tower with Radar,38,55,63,9,165,0,0,14,2,16,38,55,77,11,181,84,18,102,283
11/22/2013,FAT,CA,AWP,WE,Combined TRACON& Tower with Radar,35,57,52,12,156,0,7,40,3,50,35,64,92,15,206,114,18,132,338
11/23/2013,FAT,CA,AWP,WE,Combined TRACON& Tower with Radar,31,41,18,12,102,0,3,66,2,71,31,44,84,14,173,128,6,134,307
11/24/2013,FAT,CA,AWP,WE,Combined TRACON& Tower with Radar,26,49,14,1,90,0,9,51,4,64,26,58,65,5,154,88,0,88,242
11/25/2013,FAT,CA,AWP,WE,Combined TRACON& Tower with Radar,35,51,45,10,141,0,10,96,1,107,35,61,141,11,248,136,14,150,398
11/26/2013,FAT,CA,AWP,WE,Combined TRACON& Tower with Radar,33,59,35,6,133,0,7,77,9,93,33,66,112,15,226,138,26,164,390
11/27/2013,FAT,CA,AWP,WE,Combined TRACON& Tower with Radar,32,59,23,3,117,0,6,97,1,104,32,65,120,4,221,138,0,138,359
11/28/2013,FAT,CA,AWP,WE,Combined TRACON& Tower with Radar,27,40,7,0,74,0,4,29,0,33,27,44,36,0,107,90,0,90,197
11/29/2013,FAT,CA,AWP,WE,Combined TRACON& Tower with Radar,30,43,27,1,101,0,5,62,4,71,30,48,89,5,172,126,0,126,298
11/30/2013,FAT,CA,AWP,WE,Combined TRACON& Tower with Radar,27,61,16,4,108,0,4,72,0,76,27,65,88,4,184,104,10,114,298
12/01/2013,FAT,CA,AWP,WE,Combined TRACON& Tower with Radar,33,50,17,1,101,0,6,54,0,60,33,56,71,1,161,112,0,112,273
12/02/2013,FAT,CA,AWP,WE,Combined TRACON& Tower with Radar,34,50,21,6,111,0,2,99,5,106,34,52,120,11,217,142,14,156,373
12/03/2013,FAT,CA,AWP,WE,Combined TRACON& Tower with Radar,36,50,53,4,143,0,5,27,1,33,36,55,80,5,176,100,0,100,276
12/04/2013,FAT,CA,AWP,WE,Combined TRACON& Tower with Radar,34,50,28,5,117,0,2,119,3,124,34,52,147,8,241,120,14,134,375
12/05/2013,FAT,CA,AWP,WE,Combined TRACON& Tower with Radar,37,54,28,7,126,0,9,102,3,114,37,63,130,10,240,186,16,202,442
12/06/2013,FAT,CA,AWP,WE,Combined TRACON& Tower with Radar,33,45,29,8,115,0,10,89,11,110,33,55,118,19,225,136,12,148,373
12/07/2013,FAT,CA,AWP,WE,Combined TRACON& Tower with Radar,20,49,14,8,91,0,2,39,5,46,20,51,53,13,137,92,4,96,233
12/08/2013,FAT,CA,AWP,WE,Combined TRACON& Tower with Radar,27,47,17,1,92,0,4,57,12,73,27,51,74,13,165,88,0,88,253
12/09/2013,FAT,CA,AWP,WE,Combined TRACON& Tower with Radar,29,45,26,0,100,0,11,114,4,129,29,56,140,4,229,124,14,138,367
12/10/2013,FAT,CA,AWP,WE,Combined TRACON& Tower with Radar,32,48,31,7,118,0,8,106,6,120,32,56,137,13,238,136,14,150,388
12/11/2013,FAT,CA,AWP,WE,Combined TRACON& Tower with Radar,33,56,32,6,127,0,8,104,10,122,33,64,136,16,249,136,16,152,401
12/12/2013,FAT,CA,AWP,WE,Combined TRACON& Tower with Radar,41,58,35,11,145,0,4,96,5,105,41,62,131,16,250,166,22,188,438
12/13/2013,FAT,CA,AWP,WE,Combined TRACON& Tower with Radar,37,54,26,15,132,0,2,101,6,109,37,56,127,21,241,138,18,156,397
12/14/2013,FAT,CA,AWP,WE,Combined TRACON& Tower with Radar,27,47,19,3,96,0,2,71,12,85,27,49,90,15,181,150,0,150,331
12/15/2013,FAT,CA,AWP,WE,Combined TRACON& Tower with Radar,32,46,27,7,112,0,11,49,5,65,32,57,76,12,177,140,0,140,317
12/16/2013,FAT,CA,AWP,WE,Combined TRACON& Tower with Radar,31,47,42,8,128,0,6,62,2,70,31,53,104,10,198,130,14,144,342
12/17/2013,FAT,CA,AWP,WE,Combined TRACON& Tower with Radar,37,50,41,6,134,0,5,92,9,106,37,55,133,15,240,162,16,178,418
12/18/2013,FAT,CA,AWP,WE,Combined TRACON& Tower with Radar,37,54,65,14,170,0,1,39,2,42,37,55,104,16,212,106,12,118,330
12/19/2013,FAT,CA,AWP,WE,Combined TRACON& Tower with Radar,38,54,49,13,154,0,5,78,4,87,38,59,127,17,241,144,12,156,397
12/20/2013,FAT,CA,AWP,WE,Combined TRACON& Tower with Radar,34,57,37,6,134,0,7,91,1,99,34,64,128,7,233,138,22,160,393
12/21/2013,FAT,CA,AWP,WE,Combined TRACON& Tower with Radar,33,42,40,3,118,0,8,85,1,94,33,50,125,4,212,128,0,128,340
12/22/2013,FAT,CA,AWP,WE,Combined TRACON& Tower with Radar,33,50,8,1,92,0,1,49,2,52,33,51,57,3,144,92,0,92,236
12/23/2013,FAT,CA,AWP,WE,Combined TRACON& Tower with Radar,35,58,24,15,132,0,13,93,3,109,35,71,117,18,241,120,2,122,363
12/24/2013,FAT,CA,AWP,WE,Combined TRACON& Tower with Radar,33,47,15,0,95,0,4,67,0,71,33,51,82,0,166,120,0,120,286
12/25/2013,FAT,CA,AWP,WE,Combined TRACON& Tower with Radar,30,40,6,0,76,0,2,28,2,32,30,42,34,2,108,0,0,0,108
12/26/2013,FAT,CA,AWP,WE,Combined TRACON& Tower with Radar,37,53,16,0,106,0,10,88,0,98,37,63,104,0,204,112,18,130,334
12/27/2013,FAT,CA,AWP,WE,Combined TRACON& Tower with Radar,36,56,29,3,124,0,6,90,2,98,36,62,119,5,222,112,12,124,346
12/28/2013,FAT,CA,AWP,WE,Combined TRACON& Tower with Radar,28,55,17,0,100,0,6,60,0,66,28,61,77,0,166,136,16,152,318
12/29/2013,FAT,CA,AWP,WE,Combined TRACON& Tower with Radar,31,48,12,0,91,0,1,40,0,41,31,49,52,0,132,70,0,70,202
12/30/2013,FAT,CA,AWP,WE,Combined TRACON& Tower with Radar,35,50,18,0,103,0,6,67,0,73,35,56,85,0,176,134,14,148,324
12/31/2013,FAT,CA,AWP,WE,Combined TRACON& Tower with Radar,38,48,18,0,104,0,5,84,0,89,38,53,102,0,193,142,10,152,345
01/01/2014,FAT,CA,AWP,WE,Combined TRACON& Tower with Radar,27,48,5,0,80,0,8,49,1,58,27,56,54,1,138,0,0,0,138
01/02/2014,FAT,CA,AWP,WE,Combined TRACON& Tower with Radar,35,66,24,8,133,0,2,86,8,96,35,68,110,16,229,124,16,140,369
01/03/2014,FAT,CA,AWP,WE,Combined TRACON& Tower with Radar,32,69,28,5,134,0,4,81,3,88,32,73,109,8,222,150,0,150,372
01/04/2014,FAT,CA,AWP,WE,Combined TRACON& Tower with Radar,33,51,19,0,103,0,4,68,0,72,33,55,87,0,175,90,0,90,265
01/05/2014,FAT,CA,AWP,WE,Combined TRACON& Tower with Radar,34,49,13,2,98,0,3,38,0,41,34,52,51,2,139,78,0,78,217
01/06/2014,FAT,CA,AWP,WE,Combined TRACON& Tower with Radar,30,52,21,13,116,0,11,82,6,99,30,63,103,19,215,110,10,120,335
01/07/2014,FAT,CA,AWP,WE,Combined TRACON& Tower with Radar,29,52,18,8,107,0,7,117,5,129,29,59,135,13,236,140,14,154,390
01/08/2014,FAT,CA,AWP,WE,Combined TRACON& Tower with Radar,29,52,22,0,103,0,8,109,1,118,29,60,131,1,221,122,10,132,353
01/09/2014,FAT,CA,AWP,WE,Combined TRACON& Tower with Radar,36,49,58,2,145,0,3,68,6,77,36,52,126,8,222,134,22,156,378
01/10/2014,FAT,CA,AWP,WE,Combined TRACON& Tower with Radar,35,57,18,1,111,0,4,108,7,119,35,61,126,8,230,110,18,128,358
01/11/2014,FAT,CA,AWP,WE,Combined TRACON& Tower with Radar,25,43,16,4,88,0,6,58,8,72,25,49,74,12,160,116,0,116,276
01/12/2014,FAT,CA,AWP,WE,Combined TRACON& Tower with Radar,31,48,30,5,114,0,4,16,1,21,31,52,46,6,135,94,0,94,229
01/13/2014,FAT,CA,AWP,WE,Combined TRACON& Tower with Radar,32,51,28,2,113,0,5,91,7,103,32,56,119,9,216,124,10,134,350
01/14/2014,FAT,CA,AWP,WE,Combined TRACON& Tower with Radar,25,55,21,7,108,0,7,119,3,129,25,62,140,10,237,158,14,172,409
01/15/2014,FAT,CA,AWP,WE,Combined TRACON& Tower with Radar,27,48,35,7,117,0,8,98,10,116,27,56,133,17,233,146,10,156,389
01/16/2014,FAT,CA,AWP,WE,Combined TRACON& Tower with Radar,36,49,31,17,133,0,11,112,10,133,36,60,143,27,266,128,0,128,394
01/17/2014,FAT,CA,AWP,WE,Combined TRACON& Tower with Radar,38,50,28,3,119,0,7,87,3,97,38,57,115,6,216,120,10,130,346
01/18/2014,FAT,CA,AWP,WE,Combined TRACON& Tower with Radar,29,41,9,2,81,0,3,69,4,76,29,44,78,6,157,170,0,170,327
01/19/2014,FAT,CA,AWP,WE,Combined TRACON& Tower with Radar,29,49,11,0,89,0,3,51,0,54,29,52,62,0,143,138,0,138,281
01/20/2014,FAT,CA,AWP,WE,Combined TRACON& Tower with Radar,32,52,40,3,127,0,0,73,2,75,32,52,113,5,202,84,0,84,286
01/21/2014,FAT,CA,AWP,WE,Combined TRACON& Tower with Radar,27,49,25,10,111,0,4,90,11,105,27,53,115,21,216,128,14,142,358
01/22/2014,FAT,CA,AWP,WE,Combined TRACON& Tower with Radar,24,52,43,12,131,0,7,78,4,89,24,59,121,16,220,140,26,166,386
01/23/2014,FAT,CA,AWP,WE,Combined TRACON& Tower with Radar,34,54,64,15,167,0,5,94,2,101,34,59,158,17,268,140,10,150,418
01/24/2014,FAT,CA,AWP,WE,Combined TRACON& Tower with Radar,31,48,39,6,124,2,7,103,6,118,33,55,142,12,242,166,9,175,417
01/25/2014,FAT,CA,AWP,WE,Combined TRACON& Tower with Radar,26,39,20,0,85,0,6,86,2,94,26,45,106,2,179,166,0,166,345
01/26/2014,FAT,CA,AWP,WE,Combined TRACON& Tower with Radar,26,45,10,2,83,0,6,60,1,67,26,51,70,3,150,106,0,106,256
01/27/2014,FAT,CA,AWP,WE,Combined TRACON& Tower with Radar,32,50,40,3,125,0,10,103,4,117,32,60,143,7,242,134,20,154,396
01/28/2014,FAT,CA,AWP,WE,Combined TRACON& Tower with Radar,26,54,41,18,139,0,7,100,6,113,26,61,141,24,252,180,20,200,452
01/29/2014,FAT,CA,AWP,WE,Combined TRACON& Tower with Radar,22,53,37,18,130,0,6,112,6,124,22,59,149,24,254,168,24,192,446
01/30/2014,FAT,CA,AWP,WE,Combined TRACON& Tower with Radar,33,61,57,8,159,0,4,24,3,31,33,65,81,11,190,78,14,92,282
01/31/2014,FAT,CA,AWP,WE,Combined TRACON& Tower with Radar,31,56,37,11,135,0,6,73,8,87,31,62,110,19,222,154,16,170,392
02/01/2014,FAT,CA,AWP,WE,Combined TRACON& Tower with Radar,25,41,15,7,88,0,6,73,3,82,25,47,88,10,170,108,0,108,278
02/02/2014,FAT,CA,AWP,WE,Combined TRACON& Tower with Radar,28,41,14,4,87,0,3,27,2,32,28,44,41,6,119,70,0,70,189
02/03/2014,FAT,CA,AWP,WE,Combined TRACON& Tower with Radar,27,49,25,13,114,0,5,67,8,80,27,54,92,21,194,106,18,124,318
02/04/2014,FAT,CA,AWP,WE,Combined TRACON& Tower with Radar,25,52,37,14,128,0,3,82,11,96,25,55,119,25,224,136,18,154,378
02/05/2014,FAT,CA,AWP,WE,Combined TRACON& Tower with Radar,26,51,41,9,127,0,5,118,13,136,26,56,159,22,263,84,20,104,367
02/06/2014,FAT,CA,AWP,WE,Combined TRACON& Tower with Radar,34,54,70,22,180,0,2,31,0,33,34,56,101,22,213,90,8,98,311
02/07/2014,FAT,CA,AWP,WE,Combined TRACON& Tower with Radar,32,60,63,12,167,0,3,63,1,67,32,63,126,13,234,118,18,136,370
02/08/2014,FAT,CA,AWP,WE,Combined TRACON& Tower with Radar,27,40,20,7,94,0,2,40,4,46,27,42,60,11,140,144,0,144,284
02/09/2014,FAT,CA,AWP,WE,Combined TRACON& Tower with Radar,33,45,25,4,107,0,3,37,5,45,33,48,62,9,152,140,0,140,292
02/10/2014,FAT,CA,AWP,WE,Combined TRACON& Tower with Radar,31,58,36,0,125,0,6,63,2,71,31,64,99,2,196,160,18,178,374
02/11/2014,FAT,CA,AWP,WE,Combined TRACON& Tower with Radar,25,62,56,7,150,0,2,22,4,28,25,64,78,11,178,68,6,74,252
02/12/2014,FAT,CA,AWP,WE,Combined TRACON& Tower with Radar,30,54,42,12,138,0,6,129,21,156,30,60,171,33,294,110,8,118,412
02/13/2014,FAT,CA,AWP,WE,Combined TRACON& Tower with Radar,39,50,60,8,157,0,2,108,6,116,39,52,168,14,273,112,0,112,385
02/14/2014,FAT,CA,AWP,WE,Combined TRACON& Tower with Radar,35,55,21,15,126,0,2,47,4,53,35,57,68,19,179,16,0,16,195
02/15/2014,FAT,CA,AWP,WE,Combined TRACON& Tower with Radar,29,41,25,18,113,1,3,64,1,69,30,44,89,19,182,46,0,46,228
02/16/2014,FAT,CA,AWP,WE,Combined TRACON& Tower with Radar,30,49,7,5,91,0,3,56,0,59,30,52,63,5,150,0,0,0,150
02/17/2014,FAT,CA,AWP,WE,Combined TRACON& Tower with Radar,35,52,34,4,125,0,7,87,2,96,35,59,121,6,221,6,0,6,227
02/18/2014,FAT,CA,AWP,WE,Combined TRACON& Tower with Radar,32,53,45,11,141,0,4,79,3,86,32,57,124,14,227,178,6,184,411
02/19/2014,FAT,CA,AWP,WE,Combined TRACON& Tower with Radar,30,53,32,7,122,0,6,73,15,94,30,59,105,22,216,92,20,112,328
02/20/2014,FAT,CA,AWP,WE,Combined TRACON& Tower with Radar,38,49,38,12,137,0,4,128,13,145,38,53,166,25,282,116,28,144,426
02/21/2014,FAT,CA,AWP,WE,Combined TRACON& Tower with Radar,34,53,34,9,130,0,13,124,16,153,34,66,158,25,283,162,17,179,462
02/22/2014,FAT,CA,AWP,WE,Combined TRACON& Tower with Radar,26,38,20,3,87,0,5,77,6,88,26,43,97,9,175,88,0,88,263
02/23/2014,FAT,CA,AWP,WE,Combined TRACON& Tower with Radar,30,53,12,9,104,0,8,82,2,92,30,61,94,11,196,0,0,0,196
02/24/2014,FAT,CA,AWP,WE,Combined TRACON& Tower with Radar,33,52,30,9,124,0,13,136,6,155,33,65,166,15,279,144,14,158,437
02/25/2014,FAT,CA,AWP,WE,Combined TRACON& Tower with Radar,31,46,38,11,126,0,10,121,12,143,31,56,159,23,269,132,14,146,415
02/26/2014,FAT,CA,AWP,WE,Combined TRACON& Tower with Radar,32,58,46,15,151,0,2,49,13,64,32,60,95,28,215,136,12,148,363
02/27/2014,FAT,CA,AWP,WE,Combined TRACON& Tower with Radar,36,51,50,8,145,0,2,62,9,73,36,53,112,17,218,182,10,192,410
02/28/2014,FAT,CA,AWP,WE,Combined TRACON& Tower with Radar,35,52,29,9,125,0,2,22,3,27,35,54,51,12,152,102,16,118,270
03/01/2014,FAT,CA,AWP,WE,Combined TRACON& Tower with Radar,26,40,8,18,92,0,3,32,7,42,26,43,40,25,134,94,4,98,232
03/02/2014,FAT,CA,AWP,WE,Combined TRACON& Tower with Radar,25,49,19,6,99,0,1,48,7,56,25,50,67,13,155,108,0,108,263
03/03/2014,FAT,CA,AWP,WE,Combined TRACON& Tower with Radar,36,54,28,2,120,0,11,88,5,104,36,65,116,7,224,114,18,132,356
03/04/2014,FAT,CA,AWP,WE,Combined TRACON& Tower with Radar,33,59,43,10,145,0,6,90,11,107,33,65,133,21,252,144,14,158,410
03/05/2014,FAT,CA,AWP,WE,Combined TRACON& Tower with Radar,30,53,38,25,146,0,5,62,12,79,30,58,100,37,225,144,20,164,389
03/06/2014,FAT,CA,AWP,WE,Combined TRACON& Tower with Radar,35,58,50,12,155,0,5,67,12,84,35,63,117,24,239,106,18,124,363
03/07/2014,FAT,CA,AWP,WE,Combined TRACON& Tower with Radar,33,59,47,4,143,0,6,65,6,77,33,65,112,10,220,130,12,142,362
03/08/2014,FAT,CA,AWP,WE,Combined TRACON& Tower with Radar,26,45,14,8,93,0,9,93,3,105,26,54,107,11,198,108,6,114,312
03/09/2014,FAT,CA,AWP,WE,Combined TRACON& Tower with Radar,28,57,16,3,104,0,4,61,3,68,28,61,77,6,172,106,0,106,278
03/10/2014,FAT,CA,AWP,WE,Combined TRACON& Tower with Radar,33,56,24,2,115,0,8,73,8,89,33,64,97,10,204,132,20,152,356
03/11/2014,FAT,CA,AWP,WE,Combined TRACON& Tower with Radar,34,50,25,9,118,0,10,115,8,133,34,60,140,17,251,146,12,158,409
03/12/2014,FAT,CA,AWP,WE,Combined TRACON& Tower with Radar,31,53,24,10,118,0,9,136,12,157,31,62,160,22,275,132,14,146,421
03/13/2014,FAT,CA,AWP,WE,Combined TRACON& Tower with Radar,38,52,19,9,118,0,10,124,13,147,38,62,143,22,265,128,16,144,409
03/14/2014,FAT,CA,AWP,WE,Combined TRACON& Tower with Radar,34,57,27,11,129,0,10,126,10,146,34,67,153,21,275,118,18,136,411
03/15/2014,FAT,CA,AWP,WE,Combined TRACON& Tower with Radar,28,48,12,11,99,0,20,71,6,97,28,68,83,17,196,144,0,144,340
03/16/2014,FAT,CA,AWP,WE,Combined TRACON& Tower with Radar,28,56,13,8,105,0,37,57,3,97,28,93,70,11,202,108,0,108,310
03/17/2014,FAT,CA,AWP,WE,Combined TRACON& Tower with Radar,32,53,19,14,118,0,21,72,3,96,32,74,91,17,214,60,6,66,280
03/18/2014,FAT,CA,AWP,WE,Combined TRACON& Tower with Radar,35,50,32,20,137,0,22,123,7,152,35,72,155,27,289,74,40,114,403
03/19/2014,FAT,CA,AWP,WE,Combined TRACON& Tower with Radar,34,48,33,16,131,0,22,116,23,161,34,70,149,39,292,102,44,146,438
03/20/2014,FAT,CA,AWP,WE,Combined TRACON& Tower with Radar,39,56,20,14,129,0,12,114,10,136,39,68,134,24,265,74,34,108,373
03/21/2014,FAT,CA,AWP,WE,Combined TRACON& Tower with Radar,34,55,24,12,125,0,22,103,9,134,34,77,127,21,259,26,38,64,323
03/22/2014,FAT,CA,AWP,WE,Combined TRACON& Tower with Radar,28,43,14,7,92,0,24,78,4,106,28,67,92,11,198,108,0,108,306
03/23/2014,FAT,CA,AWP,WE,Combined TRACON& Tower with Radar,32,51,13,7,103,0,16,60,3,79,32,67,73,10,182,12,0,12,194
03/24/2014,FAT,CA,AWP,WE,Combined TRACON& Tower with Radar,31,56,16,7,110,0,15,82,2,99,31,71,98,9,209,88,0,88,297
03/25/2014,FAT,CA,AWP,WE,Combined TRACON& Tower with Radar,32,49,17,10,108,0,17,81,9,107,32,66,98,19,215,88,24,112,327
03/26/2014,FAT,CA,AWP,WE,Combined TRACON& Tower with Radar,34,60,41,20,155,0,8,38,6,52,34,68,79,26,207,28,2,30,237
03/27/2014,FAT,CA,AWP,WE,Combined TRACON& Tower with Radar,36,67,20,31,154,0,16,101,8,125,36,83,121,39,279,126,22,148,427
03/28/2014,FAT,CA,AWP,WE,Combined TRACON& Tower with Radar,37,58,38,11,144,0,16,102,10,128,37,74,140,21,272,92,18,110,382
03/29/2014,FAT,CA,AWP,WE,Combined TRACON& Tower with Radar,25,47,17,19,108,0,19,29,0,48,25,66,46,19,156,50,0,50,206
03/30/2014,FAT,CA,AWP,WE,Combined TRACON& Tower with Radar,28,48,25,3,104,0,19,35,5,59,28,67,60,8,163,4,0,4,167
03/31/2014,FAT,CA,AWP,WE,Combined TRACON& Tower with Radar,34,56,47,18,155,0,21,53,8,82,34,77,100,26,237,110,10,120,357
04/01/2014,FAT,CA,AWP,WE,Combined TRACON& Tower with Radar,37,47,25,21,130,0,10,36,10,56,37,57,61,31,186,90,18,108,294
04/02/2014,FAT,CA,AWP,WE,Combined TRACON& Tower with Radar,35,50,27,10,122,0,16,80,9,105,35,66,107,19,227,120,20,140,367
04/03/2014,FAT,CA,AWP,WE,Combined TRACON& Tower with Radar,36,48,19,10,113,0,22,132,9,163,36,70,151,19,276,122,24,146,422
04/04/2014,FAT,CA,AWP,WE,Combined TRACON& Tower with Radar,41,62,28,18,149,0,15,81,3,99,41,77,109,21,248,124,16,140,388
04/05/2014,FAT,CA,AWP,WE,Combined TRACON& Tower with Radar,35,33,14,14,96,0,31,52,1,84,35,64,66,15,180,92,0,92,272
04/06/2014,FAT,CA,AWP,WE,Combined TRACON& Tower with Radar,32,52,10,4,98,0,21,68,1,90,32,73,78,5,188,90,0,90,278
04/07/2014,FAT,CA,AWP,WE,Combined TRACON& Tower with Radar,37,47,29,6,119,0,31,108,5,144,37,78,137,11,263,139,16,155,418
04/08/2014,FAT,CA,AWP,WE,Combined TRACON& Tower with Radar,38,47,20,16,121,0,36,121,9,166,38,83,141,25,287,124,18,142,429
04/09/2014,FAT,CA,AWP,WE,Combined TRACON& Tower with Radar,39,44,32,14,129,0,29,108,9,146,39,73,140,23,275,136,20,156,431
04/10/2014,FAT,CA,AWP,WE,Combined TRACON& Tower with Radar,43,53,30,10,136,0,8,133,13,154,43,61,163,23,290,154,18,172,462
04/11/2014,FAT,CA,AWP,WE,Combined TRACON& Tower with Radar,38,54,26,7,125,0,18,144,16,178,38,72,170,23,303,100,24,124,427
04/12/2014,FAT,CA,AWP,WE,Combined TRACON& Tower with Radar,32,42,14,11,99,0,13,68,5,86,32,55,82,16,185,106,0,106,291
04/13/2014,FAT,CA,AWP,WE,Combined TRACON& Tower with Radar,32,52,12,7,103,0,6,54,7,67,32,58,66,14,170,70,4,74,244
04/14/2014,FAT,CA,AWP,WE,Combined TRACON& Tower with Radar,39,54,25,3,121,0,24,106,7,137,39,78,131,10,258,120,18,138,396
04/15/2014,FAT,CA,AWP,WE,Combined TRACON& Tower with Radar,40,43,23,9,115,0,14,121,10,145,40,57,144,19,260,144,16,160,420
04/16/2014,FAT,CA,AWP,WE,Combined TRACON& Tower with Radar,38,47,33,11,129,0,12,135,8,155,38,59,168,19,284,132,20,152,436
04/17/2014,FAT,CA,AWP,WE,Combined TRACON& Tower with Radar,40,46,38,9,133,0,20,105,11,136,40,66,143,20,269,130,20,150,419
04/18/2014,FAT,CA,AWP,WE,Combined TRACON& Tower with Radar,40,49,26,5,120,0,21,100,10,131,40,70,126,15,251,74,2,76,327
04/19/2014,FAT,CA,AWP,WE,Combined TRACON& Tower with Radar,34,35,13,2,84,0,30,70,1,101,34,65,83,3,185,44,0,44,229
04/20/2014,FAT,CA,AWP,WE,Combined TRACON& Tower with Radar,32,47,14,0,93,0,16,80,0,96,32,63,94,0,189,6,0,6,195
04/21/2014,FAT,CA,AWP,WE,Combined TRACON& Tower with Radar,37,45,22,2,106,0,12,105,3,120,37,57,127,5,226,72,1,73,299
04/22/2014,FAT,CA,AWP,WE,Combined TRACON& Tower with Radar,39,44,27,20,130,0,15,68,10,93,39,59,95,30,223,74,4,78,301
04/23/2014,FAT,CA,AWP,WE,Combined TRACON& Tower with Radar,37,41,30,12,120,0,20,119,6,145,37,61,149,18,265,44,0,44,309
04/24/2014,FAT,CA,AWP,WE,Combined TRACON& Tower with Radar,41,56,34,20,151,0,12,144,8,164,41,68,178,28,315,64,22,86,401
04/25/2014,FAT,CA,AWP,WE,Combined TRACON& Tower with Radar,39,53,51,20,163,0,11,30,2,43,39,64,81,22,206,18,4,22,228
04/26/2014,FAT,CA,AWP,WE,Combined TRACON& Tower with Radar,33,41,33,5,112,0,7,29,0,36,33,48,62,5,148,14,0,14,162
04/27/2014,FAT,CA,AWP,WE,Combined TRACON& Tower with Radar,32,48,12,8,100,0,18,48,5,71,32,66,60,13,171,108,6,114,285
04/28/2014,FAT,CA,AWP,WE,Combined TRACON& Tower with Radar,42,46,26,9,123,0,27,88,16,131,42,73,114,25,254,142,20,162,416
04/29/2014,FAT,CA,AWP,WE,Combined TRACON& Tower with Radar,36,49,31,10,126,0,36,110,21,167,36,85,141,31,293,112,14,126,419
04/30/2014,FAT,CA,AWP,WE,Combined TRACON& Tower with Radar,41,40,23,17,121,0,25,126,14,165,41,65,149,31,286,134,16,150,436
05/01/2014,FAT,CA,AWP,WE,Combined TRACON& Tower with Radar,40,49,26,3,118,0,10,97,5,112,40,59,123,8,230,156,14,170,400
05/02/2014,FAT,CA,AWP,WE,Combined TRACON& Tower with Radar,40,54,15,9,118,0,15,127,12,154,40,69,142,21,272,138,12,150,422
05/03/2014,FAT,CA,AWP,WE,Combined TRACON& Tower with Radar,33,36,10,11,90,0,11,66,5,82,33,47,76,16,172,100,2,102,274
05/04/2014,FAT,CA,AWP,WE,Combined TRACON& Tower with Radar,34,49,6,4,93,0,15,65,1,81,34,64,71,5,174,108,0,108,282
05/05/2014,FAT,CA,AWP,WE,Combined TRACON& Tower with Radar,38,47,17,0,102,0,19,68,6,93,38,66,85,6,195,142,14,156,351
05/06/2014,FAT,CA,AWP,WE,Combined TRACON& Tower with Radar,40,44,26,9,119,0,34,66,16,116,40,78,92,25,235,116,12,128,363
05/07/2014,FAT,CA,AWP,WE,Combined TRACON& Tower with Radar,40,45,40,8,133,0,40,121,4,165,40,85,161,12,298,132,14,146,444
05/08/2014,FAT,CA,AWP,WE,Combined TRACON& Tower with Radar,39,55,43,21,158,0,26,106,14,146,39,81,149,35,304,140,30,170,474
05/09/2014,FAT,CA,AWP,WE,Combined TRACON& Tower with Radar,42,52,27,16,137,0,16,102,8,126,42,68,129,24,263,162,22,184,447
05/10/2014,FAT,CA,AWP,WE,Combined TRACON& Tower with Radar,34,41,3,5,83,0,13,54,9,76,34,54,57,14,159,130,0,130,289
05/11/2014,FAT,CA,AWP,WE,Combined TRACON& Tower with Radar,35,47,12,4,98,0,7,44,3,54,35,54,56,7,152,84,8,92,244
05/12/2014,FAT,CA,AWP,WE,Combined TRACON& Tower with Radar,36,51,19,6,112,0,13,102,7,122,36,64,121,13,234,126,26,152,386
05/13/2014,FAT,CA,AWP,WE,Combined TRACON& Tower with Radar,37,48,33,2,120,0,21,109,8,138,37,69,142,10,258,128,16,144,402
05/14/2014,FAT,CA,AWP,WE,Combined TRACON& Tower with Radar,41,42,26,8,117,0,13,131,15,159,41,55,157,23,276,148,12,160,436
05/15/2014,FAT,CA,AWP,WE,Combined TRACON& Tower with Radar,38,55,33,40,166,0,16,93,19,128,38,71,126,59,294,134,36,170,464
05/16/2014,FAT,CA,AWP,WE,Combined TRACON& Tower with Radar,46,51,27,6,130,0,37,121,10,168,46,88,148,16,298,130,16,146,444
05/17/2014,FAT,CA,AWP,WE,Combined TRACON& Tower with Radar,31,39,18,2,90,0,27,81,0,108,31,66,99,2,198,106,0,106,304
05/18/2014,FAT,CA,AWP,WE,Combined TRACON& Tower with Radar,36,51,12,4,103,0,27,52,2,81,36,78,64,6,184,98,0,98,282
05/19/2014,FAT,CA,AWP,WE,Combined TRACON& Tower with Radar,40,52,34,5,131,0,12,101,2,115,40,64,135,7,246,146,18,164,410
05/20/2014,FAT,CA,AWP,WE,Combined TRACON& Tower with Radar,38,48,36,20,142,0,24,82,11,117,38,72,118,31,259,134,20,154,413
05/21/2014,FAT,CA,AWP,WE,Combined TRACON& Tower with Radar,36,48,37,5,126,0,19,99,10,128,36,67,136,15,254,116,26,142,396
05/22/2014,FAT,CA,AWP,WE,Combined TRACON& Tower with Radar,43,51,37,12,143,0,20,107,13,140,43,71,144,25,283,126,10,136,419
05/23/2014,FAT,CA,AWP,WE,Combined TRACON& Tower with Radar,42,52,39,8,141,0,27,136,3,166,42,79,175,11,307,124,10,134,441
05/24/2014,FAT,CA,AWP,WE,Combined TRACON& Tower with Radar,31,41,24,7,103,0,36,71,3,110,31,77,95,10,213,86,0,86,299
05/25/2014,FAT,CA,AWP,WE,Combined TRACON& Tower with Radar,36,42,10,3,91,0,24,41,1,66,36,66,51,4,157,72,0,72,229
05/26/2014,FAT,CA,AWP,WE,Combined TRACON& Tower with Radar,37,47,17,0,101,0,20,60,0,80,37,67,77,0,181,72,0,72,253
05/27/2014,FAT,CA,AWP,WE,Combined TRACON& Tower with Radar,38,47,23,14,122,0,26,98,10,134,38,73,121,24,256,108,22,130,386
05/28/2014,FAT,CA,AWP,WE,Combined TRACON& Tower with Radar,38,46,22,6,112,0,19,103,5,127,38,65,125,11,239,128,16,144,383
05/29/2014,FAT,CA,AWP,WE,Combined TRACON& Tower with Radar,32,57,39,5,133,0,14,117,9,140,32,71,156,14,273,106,30,136,409
05/30/2014,FAT,CA,AWP,WE,Combined TRACON& Tower with Radar,42,52,29,12,135,0,30,77,9,116,42,82,106,21,251,156,14,170,421
05/31/2014,FAT,CA,AWP,WE,Combined TRACON& Tower with Radar,31,41,18,2,92,0,29,62,8,99,31,70,80,10,191,110,0,110,301
06/01/2014,FAT,CA,AWP,WE,Combined TRACON& Tower with Radar,36,51,12,4,103,0,27,52,2,81,36,78,64,6,184,80,0,80,264
06/02/2014,FAT,CA,AWP,WE,Combined TRACON& Tower with Radar,38,49,19,10,116,0,13,113,16,142,38,62,132,26,258,168,16,184,442
06/03/2014,FAT,CA,AWP,WE,Combined TRACON& Tower with Radar,37,48,31,3,119,0,23,94,17,134,37,71,125,20,253,132,10,142,395
06/04/2014,FAT,CA,AWP,WE,Combined TRACON& Tower with Radar,38,45,35,16,134,0,32,116,20,168,38,77,151,36,302,130,26,156,458
06/05/2014,FAT,CA,AWP,WE,Combined TRACON& Tower with Radar,40,62,26,8,136,0,16,112,14,142,40,78,138,22,278,162,12,174,452
06/06/2014,FAT,CA,AWP,WE,Combined TRACON& Tower with Radar,39,62,19,6,126,0,30,119,19,168,39,92,138,25,294,152,16,168,462
06/07/2014,FAT,CA,AWP,WE,Combined TRACON& Tower with Radar,32,44,15,8,99,0,21,89,4,114,32,65,104,12,213,98,0,98,311
06/08/2014,FAT,CA,AWP,WE,Combined TRACON& Tower with Radar,40,50,13,0,103,1,15,64,8,88,41,65,77,8,191,110,0,110,301
06/09/2014,FAT,CA,AWP,WE,Combined TRACON& Tower with Radar,36,53,27,2,118,0,20,112,13,145,36,73,139,15,263,98,14,112,375
06/10/2014,FAT,CA,AWP,WE,Combined TRACON& Tower with Radar,35,54,19,15,123,0,22,105,8,135,35,76,124,23,258,68,6,74,332
06/11/2014,FAT,CA,AWP,WE,Combined TRACON& Tower with Radar,38,54,34,6,132,0,29,162,20,211,38,83,196,26,343,62,0,62,405
06/12/2014,FAT,CA,AWP,WE,Combined TRACON& Tower with Radar,38,52,36,17,143,0,23,117,21,161,38,75,153,38,304,62,14,76,380
06/13/2014,FAT,CA,AWP,WE,Combined TRACON& Tower with Radar,41,53,31,10,135,0,21,111,17,149,41,74,142,27,284,76,0,76,360
06/14/2014,FAT,CA,AWP,WE,Combined TRACON& Tower with Radar,32,50,24,4,110,0,20,102,2,124,32,70,126,6,234,10,0,10,244
06/15/2014,FAT,CA,AWP,WE,Combined TRACON& Tower with Radar,37,46,22,2,107,0,10,60,2,72,37,56,82,4,179,14,0,14,193
06/16/2014,FAT,CA,AWP,WE,Combined TRACON& Tower with Radar,34,47,27,12,120,0,14,99,20,133,34,61,126,32,253,138,14,152,405
06/17/2014,FAT,CA,AWP,WE,Combined TRACON& Tower with Radar,37,47,26,11,121,0,14,92,7,113,37,61,118,18,234,114,14,128,362
06/18/2014,FAT,CA,AWP,WE,Combined TRACON& Tower with Radar,35,46,28,16,125,0,13,125,20,158,35,59,153,36,283,118,22,140,423
06/19/2014,FAT,CA,AWP,WE,Combined TRACON& Tower with Radar,38,52,32,16,138,0,28,118,9,155,38,80,150,25,293,126,18,144,437
06/20/2014,FAT,CA,AWP,WE,Combined TRACON& Tower with Radar,42,56,24,7,129,0,19,98,8,125,42,75,122,15,254,126,20,146,400
06/21/2014,FAT,CA,AWP,WE,Combined TRACON& Tower with Radar,35,44,24,5,108,0,25,85,6,116,35,69,109,11,224,110,0,110,334
06/22/2014,FAT,CA,AWP,WE,Combined TRACON& Tower with Radar,34,48,18,0,100,0,20,75,8,103,34,68,93,8,203,70,0,70,273
06/23/2014,FAT,CA,AWP,WE,Combined TRACON& Tower with Radar,36,51,38,9,134,0,14,73,19,106,36,65,111,28,240,128,28,156,396
06/24/2014,FAT,CA,AWP,WE,Combined TRACON& Tower with Radar,42,49,32,8,131,0,19,112,7,138,42,68,144,15,269,130,14,144,413
06/25/2014,FAT,CA,AWP,WE,Combined TRACON& Tower with Radar,37,52,42,16,147,0,11,113,11,135,37,63,155,27,282,128,12,140,422
06/26/2014,FAT,CA,AWP,WE,Combined TRACON& Tower with Radar,42,53,38,12,145,0,14,104,12,130,42,67,142,24,275,166,18,184,459
06/27/2014,FAT,CA,AWP,WE,Combined TRACON& Tower with Radar,37,58,34,8,137,0,17,115,8,140,37,75,149,16,277,140,12,152,429
06/28/2014,FAT,CA,AWP,WE,Combined TRACON& Tower with Radar,34,48,13,12,107,0,8,69,2,79,34,56,82,14,186,84,2,86,272
06/29/2014,FAT,CA,AWP,WE,Combined TRACON& Tower with Radar,35,48,21,3,107,0,21,69,7,97,35,69,90,10,204,56,0,56,260
06/30/2014,FAT,CA,AWP,WE,Combined TRACON& Tower with Radar,34,54,31,0,119,0,21,104,2,127,34,75,135,2,246,146,12,158,404
07/01/2014,FAT,CA,AWP,WE,Combined TRACON& Tower with Radar,36,54,25,11,126,0,18,66,6,90,36,72,91,17,216,52,0,52,268
07/02/2014,FAT,CA,AWP,WE,Combined TRACON& Tower with Radar,36,51,49,24,160,0,20,90,10,120,36,71,139,34,280,88,10,98,378
07/03/2014,FAT,CA,AWP,WE,Combined TRACON& Tower with Radar,35,53,26,0,114,0,14,79,0,93,35,67,105,0,207,178,0,178,385
07/04/2014,FAT,CA,AWP,WE,Combined TRACON& Tower with Radar,31,39,6,0,76,0,13,49,1,63,31,52,55,1,139,40,0,40,179
07/05/2014,FAT,CA,AWP,WE,Combined TRACON& Tower with Radar,33,47,12,0,92,0,16,56,0,72,33,63,68,0,164,22,0,22,186
07/06/2014,FAT,CA,AWP,WE,Combined TRACON& Tower with Radar,35,48,8,0,91,0,12,45,1,58,35,60,53,1,149,16,0,16,165
07/07/2014,FAT,CA,AWP,WE,Combined TRACON& Tower with Radar,35,57,44,8,144,0,35,78,4,117,35,92,122,12,261,100,0,100,361
07/08/2014,FAT,CA,AWP,WE,Combined TRACON& Tower with Radar,36,52,35,14,137,0,12,72,12,96,36,64,107,26,233,108,0,108,341
07/09/2014,FAT,CA,AWP,WE,Combined TRACON& Tower with Radar,34,48,42,13,137,0,11,110,11,132,34,59,152,24,269,74,0,74,343
07/10/2014,FAT,CA,AWP,WE,Combined TRACON& Tower with Radar,40,55,35,22,152,0,17,124,12,153,40,72,159,34,305,116,12,128,433
07/11/2014,FAT,CA,AWP,WE,Combined TRACON& Tower with Radar,40,53,47,13,153,0,20,115,7,142,40,73,162,20,295,42,0,42,337
07/12/2014,FAT,CA,AWP,WE,Combined TRACON& Tower with Radar,32,45,14,8,99,0,27,85,12,124,32,72,99,20,223,20,0,20,243
07/13/2014,FAT,CA,AWP,WE,Combined TRACON& Tower with Radar,37,46,13,3,99,0,25,65,5,95,37,71,78,8,194,68,4,72,266
07/14/2014,FAT,CA,AWP,WE,Combined TRACON& Tower with Radar,35,48,33,4,120,0,20,112,1,133,35,68,145,5,253,72,0,72,325
07/15/2014,FAT,CA,AWP,WE,Combined TRACON& Tower with Radar,33,53,32,10,128,0,25,112,11,148,33,78,144,21,276,86,0,86,362
07/16/2014,FAT,CA,AWP,WE,Combined TRACON& Tower with Radar,37,64,18,14,133,0,28,87,8,123,37,92,105,22,256,78,0,78,334
07/17/2014,FAT,CA,AWP,WE,Combined TRACON& Tower with Radar,39,54,39,10,142,0,14,110,10,134,39,68,149,20,276,80,0,80,356
07/18/2014,FAT,CA,AWP,WE,Combined TRACON& Tower with Radar,39,49,19,23,130,0,15,119,10,144,39,64,138,33,274,90,12,102,376
07/19/2014,FAT,CA,AWP,WE,Combined TRACON& Tower with Radar,36,45,11,7,99,0,7,73,5,85,36,52,84,12,184,54,0,54,238
07/20/2014,FAT,CA,AWP,WE,Combined TRACON& Tower with Radar,37,51,25,2,115,0,9,66,5,80,37,60,91,7,195,38,0,38,233
07/21/2014,FAT,CA,AWP,WE,Combined TRACON& Tower with Radar,37,50,16,10,113,0,13,103,18,134,37,63,119,28,247,34,8,42,289
07/22/2014,FAT,CA,AWP,WE,Combined TRACON& Tower with Radar,35,45,26,8,114,0,15,99,3,117,35,60,125,11,231,48,0,48,279
07/23/2014,FAT,CA,AWP,WE,Combined TRACON& Tower with Radar,37,50,32,14,133,0,12,104,15,131,37,62,136,29,264,48,4,52,316
07/24/2014,FAT,CA,AWP,WE,Combined TRACON& Tower with Radar,39,47,24,13,123,0,8,120,9,137,39,55,144,22,260,174,2,176,436
07/25/2014,FAT,CA,AWP,WE,Combined TRACON& Tower with Radar,38,56,28,17,139,0,22,151,5,178,38,78,179,22,317,128,4,132,449
07/26/2014,FAT,CA,AWP,WE,Combined TRACON& Tower with Radar,34,42,17,1,94,0,8,112,9,129,34,50,129,10,223,36,4,40,263
07/27/2014,FAT,CA,AWP,WE,Combined TRACON& Tower with Radar,36,49,13,0,98,0,18,96,5,119,36,67,109,5,217,8,0,8,225
07/28/2014,FAT,CA,AWP,WE,Combined TRACON& Tower with Radar,37,49,26,7,119,0,29,218,15,262,37,78,244,22,381,58,0,58,439
07/29/2014,FAT,CA,AWP,WE,Combined TRACON& Tower with Radar,34,51,36,9,130,0,28,204,17,249,34,79,240,26,379,92,0,92,471
07/30/2014,FAT,CA,AWP,WE,Combined TRACON& Tower with Radar,38,53,33,13,137,0,22,124,19,165,38,75,157,32,302,36,0,36,338
07/31/2014,FAT,CA,AWP,WE,Combined TRACON& Tower with Radar,43,52,26,8,129,0,9,178,14,201,43,61,204,22,330,48,0,48,378
08/01/2014,FAT,CA,AWP,WE,Combined TRACON& Tower with Radar,40,52,42,11,145,0,22,131,15,168,40,74,173,26,313,98,0,98,411
08/02/2014,FAT,CA,AWP,WE,Combined TRACON& Tower with Radar,36,42,26,10,114,0,14,100,16,130,36,56,126,26,244,10,10,20,264
08/03/2014,FAT,CA,AWP,WE,Combined TRACON& Tower with Radar,34,49,20,8,111,0,21,68,3,92,34,70,88,11,203,16,0,16,219
08/04/2014,FAT,CA,AWP,WE,Combined TRACON& Tower with Radar,38,49,28,4,119,0,24,112,4,140,38,73,140,8,259,60,0,60,319
08/05/2014,FAT,CA,AWP,WE,Combined TRACON& Tower with Radar,36,52,32,19,139,0,21,128,9,158,36,73,160,28,297,84,12,96,393
08/06/2014,FAT,CA,AWP,WE,Combined TRACON& Tower with Radar,36,51,34,11,132,0,15,115,6,136,36,66,149,17,268,92,6,98,366
08/07/2014,FAT,CA,AWP,WE,Combined TRACON& Tower with Radar,39,54,28,16,137,0,16,107,15,138,39,70,135,31,275,138,24,162,437
08/08/2014,FAT,CA,AWP,WE,Combined TRACON& Tower with Radar,39,56,26,7,128,0,18,111,17,146,39,74,137,24,274,28,0,28,302
08/09/2014,FAT,CA,AWP,WE,Combined TRACON& Tower with Radar,35,43,10,4,92,0,16,83,3,102,35,59,93,7,194,24,0,24,218
08/10/2014,FAT,CA,AWP,WE,Combined TRACON& Tower with Radar,38,49,23,3,113,0,9,77,11,97,38,58,100,14,210,28,0,28,238
08/11/2014,FAT,CA,AWP,WE,Combined TRACON& Tower with Radar,36,50,34,9,129,0,8,92,10,110,36,58,126,19,239,54,16,70,309
08/12/2014,FAT,CA,AWP,WE,Combined TRACON& Tower with Radar,35,51,28,18,132,0,31,132,15,178,35,82,160,33,310,96,6,102,412
08/13/2014,FAT,CA,AWP,WE,Combined TRACON& Tower with Radar,35,51,20,11,117,0,10,145,9,164,35,61,165,20,281,18,10,28,309
08/14/2014,FAT,CA,AWP,WE,Combined TRACON& Tower with Radar,39,59,37,34,169,0,23,106,17,146,39,82,143,51,315,0,0,0,315
08/15/2014,FAT,CA,AWP,WE,Combined TRACON& Tower with Radar,40,48,27,6,121,0,35,138,10,183,40,83,165,16,304,60,0,60,364
08/16/2014,FAT,CA,AWP,WE,Combined TRACON& Tower with Radar,31,43,11,2,87,0,28,91,7,126,31,71,102,9,213,12,8,20,233
08/17/2014,FAT,CA,AWP,WE,Combined TRACON& Tower with Radar,30,52,22,4,108,0,34,78,3,115,30,86,100,7,223,0,0,0,223
08/18/2014,FAT,CA,AWP,WE,Combined TRACON& Tower with Radar,41,54,28,13,136,0,23,185,9,217,41,77,213,22,353,80,4,84,437
08/19/2014,FAT,CA,AWP,WE,Combined TRACON& Tower with Radar,34,48,18,11,111,0,17,140,8,165,34,65,158,19,276,146,0,146,422
08/20/2014,FAT,CA,AWP,WE,Combined TRACON& Tower with Radar,36,48,45,14,143,0,7,117,8,132,36,55,162,22,275,48,34,82,357
08/21/2014,FAT,CA,AWP,WE,Combined TRACON& Tower with Radar,40,48,18,15,121,0,26,125,8,159,40,74,143,23,280,112,10,122,402
08/22/2014,FAT,CA,AWP,WE,Combined TRACON& Tower with Radar,37,51,21,10,119,0,21,113,16,150,37,72,134,26,269,116,6,122,391
08/23/2014,FAT,CA,AWP,WE,Combined TRACON& Tower with Radar,35,41,17,3,96,0,13,94,4,111,35,54,111,7,207,56,0,56,263
08/24/2014,FAT,CA,AWP,WE,Combined TRACON& Tower with Radar,32,45,8,4,89,0,10,60,6,76,32,55,68,10,165,16,0,16,181
08/25/2014,FAT,CA,AWP,WE,Combined TRACON& Tower with Radar,36,48,23,19,126,0,14,126,8,148,36,62,149,27,274,238,0,238,512
08/26/2014,FAT,CA,AWP,WE,Combined TRACON& Tower with Radar,36,47,18,11,112,0,11,140,16,167,36,58,158,27,279,86,0,86,365
08/27/2014,FAT,CA,AWP,WE,Combined TRACON& Tower with Radar,38,46,28,35,147,0,12,121,11,144,38,58,149,46,291,100,24,124,415
08/28/2014,FAT,CA,AWP,WE,Combined TRACON& Tower with Radar,40,52,33,18,143,0,22,140,17,179,40,74,173,35,322,132,12,144,466
08/29/2014,FAT,CA,AWP,WE,Combined TRACON& Tower with Radar,38,51,40,6,135,0,33,121,2,156,38,84,161,8,291,92,0,92,383
08/30/2014,FAT,CA,AWP,WE,Combined TRACON& Tower with Radar,34,29,20,0,83,0,27,77,0,104,34,56,97,0,187,18,0,18,205
08/31/2014,FAT,CA,AWP,WE,Combined TRACON& Tower with Radar,32,32,14,0,78,0,25,64,0,89,32,57,78,0,167,30,0,30,197
09/01/2014,FAT,CA,AWP,WE,Combined TRACON& Tower with Radar,35,49,20,2,106,0,7,64,1,72,35,56,84,3,178,44,2,46,224
09/02/2014,FAT,CA,AWP,WE,Combined TRACON& Tower with Radar,32,38,20,8,98,0,9,83,2,94,32,47,103,10,192,96,14,110,302
09/03/2014,FAT,CA,AWP,WE,Combined TRACON& Tower with Radar,38,43,29,6,116,0,20,106,11,137,38,63,135,17,253,128,26,154,407
09/04/2014,FAT,CA,AWP,WE,Combined TRACON& Tower with Radar,39,35,25,15,114,0,24,110,8,142,39,59,135,23,256,112,12,124,380
09/05/2014,FAT,CA,AWP,WE,Combined TRACON& Tower with Radar,42,37,23,11,113,0,20,176,12,208,42,57,199,23,321,122,0,122,443
09/06/2014,FAT,CA,AWP,WE,Combined TRACON& Tower with Radar,34,28,24,5,91,0,10,80,1,91,34,38,104,6,182,80,0,80,262
09/07/2014,FAT,CA,AWP,WE,Combined TRACON& Tower with Radar,34,33,16,6,89,0,13,68,4,85,34,46,84,10,174,92,0,92,266
09/08/2014,FAT,CA,AWP,WE,Combined TRACON& Tower with Radar,36,41,35,0,112,0,26,109,2,137,36,67,144,2,249,166,18,184,433
09/09/2014,FAT,CA,AWP,WE,Combined TRACON& Tower with Radar,35,40,24,2,101,0,15,129,5,149,35,55,153,7,250,122,14,136,386
09/10/2014,FAT,CA,AWP,WE,Combined TRACON& Tower with Radar,39,44,35,3,121,0,22,154,3,179,39,66,189,6,300,140,16,156,456
09/11/2014,FAT,CA,AWP,WE,Combined TRACON& Tower with Radar,41,38,29,7,115,0,12,144,2,158,41,50,173,9,273,86,0,86,359
09/12/2014,FAT,CA,AWP,WE,Combined TRACON& Tower with Radar,41,40,24,2,107,0,17,130,11,158,41,57,154,13,265,94,0,94,359
09/13/2014,FAT,CA,AWP,WE,Combined TRACON& Tower with Radar,34,32,26,4,96,0,19,82,4,105,34,51,108,8,201,74,0,74,275
09/14/2014,FAT,CA,AWP,WE,Combined TRACON& Tower with Radar,31,46,19,3,99,0,7,142,5,154,31,53,161,8,253,32,0,32,285
09/15/2014,FAT,CA,AWP,WE,Combined TRACON& Tower with Radar,44,36,25,3,108,0,17,124,15,156,44,53,149,18,264,102,18,120,384
09/16/2014,FAT,CA,AWP,WE,Combined TRACON& Tower with Radar,32,36,26,9,103,0,17,131,19,167,32,53,157,28,270,132,0,132,402
09/17/2014,FAT,CA,AWP,WE,Combined TRACON& Tower with Radar,40,36,25,5,106,0,24,135,14,173,40,60,160,19,279,62,4,66,345
09/18/2014,FAT,CA,AWP,WE,Combined TRACON& Tower with Radar,39,36,35,18,128,0,38,138,13,189,39,74,173,31,317,54,12,66,383
09/19/2014,FAT,CA,AWP,WE,Combined TRACON& Tower with Radar,42,40,19,7,108,0,27,110,7,144,42,67,129,14,252,84,14,98,350
09/20/2014,FAT,CA,AWP,WE,Combined TRACON& Tower with Radar,32,31,24,10,97,0,21,91,8,120,32,52,115,18,217,40,0,40,257
09/21/2014,FAT,CA,AWP,WE,Combined TRACON& Tower with Radar,32,44,11,6,93,0,21,71,6,98,32,65,82,12,191,8,0,8,199
09/22/2014,FAT,CA,AWP,WE,Combined TRACON& Tower with Radar,43,40,23,13,119,0,16,107,2,125,43,56,130,15,244,34,0,34,278
09/23/2014,FAT,CA,AWP,WE,Combined TRACON& Tower with Radar,34,37,37,10,118,0,13,113,10,136,34,50,150,20,254,114,18,132,386
09/24/2014,FAT,CA,AWP,WE,Combined TRACON& Tower with Radar,39,45,36,12,132,0,15,104,11,130,39,60,140,23,262,75,34,109,371
09/25/2014,FAT,CA,AWP,WE,Combined TRACON& Tower with Radar,43,45,40,6,134,0,31,104,9,144,43,76,144,15,278,100,18,118,396
09/26/2014,FAT,CA,AWP,WE,Combined TRACON& Tower with Radar,39,41,51,11,142,0,28,106,17,151,39,69,157,28,293,130,14,144,437
09/27/2014,FAT,CA,AWP,WE,Combined TRACON& Tower with Radar,35,28,28,3,94,0,19,79,6,104,35,47,107,9,198,74,0,74,272
09/28/2014,FAT,CA,AWP,WE,Combined TRACON& Tower with Radar,33,39,18,4,94,0,31,67,3,101,33,70,85,7,195,52,0,52,247
09/29/2014,FAT,CA,AWP,WE,Combined TRACON& Tower with Radar,36,48,29,4,117,0,28,100,7,135,36,76,129,11,252,94,0,94,346
09/30/2014,FAT,CA,AWP,WE,Combined TRACON& Tower with Radar,36,39,39,2,116,0,16,97,7,120,36,55,136,9,236,120,2,122,358
10/01/2014,FAT,CA,AWP,WE,Combined TRACON& Tower with Radar,41,44,24,13,122,0,10,103,8,121,41,54,127,21,243,108,18,126,369
10/02/2014,FAT,CA,AWP,WE,Combined TRACON& Tower with Radar,40,41,33,30,144,0,12,119,12,143,40,53,152,42,287,74,38,112,399
10/03/2014,FAT,CA,AWP,WE,Combined TRACON& Tower with Radar,42,40,38,9,129,0,25,131,12,168,42,65,169,21,297,18,0,18,315
10/04/2014,FAT,CA,AWP,WE,Combined TRACON& Tower with Radar,36,27,16,16,95,0,23,69,6,98,36,50,85,22,193,16,4,20,213
10/05/2014,FAT,CA,AWP,WE,Combined TRACON& Tower with Radar,34,40,21,1,96,0,8,77,3,88,34,48,98,4,184,16,0,16,200
10/06/2014,FAT,CA,AWP,WE,Combined TRACON& Tower with Radar,39,46,25,0,110,0,22,93,2,117,39,68,118,2,227,14,0,14,241
10/07/2014,FAT,CA,AWP,WE,Combined TRACON& Tower with Radar,36,43,34,17,130,0,13,108,10,131,36,56,142,27,261,52,14,66,327
10/08/2014,FAT,CA,AWP,WE,Combined TRACON& Tower with Radar,41,39,36,19,135,0,17,122,10,149,41,56,158,29,284,20,14,34,318
10/09/2014,FAT,CA,AWP,WE,Combined TRACON& Tower with Radar,46,44,48,11,149,0,8,109,11,128,46,52,157,22,277,78,0,78,355
10/10/2014,FAT,CA,AWP,WE,Combined TRACON& Tower with Radar,43,42,26,3,114,0,15,125,6,146,43,57,151,9,260,114,18,132,392
10/11/2014,FAT,CA,AWP,WE,Combined TRACON& Tower with Radar,39,27,16,0,82,0,24,104,0,128,39,51,120,0,210,26,0,26,236
10/12/2014,FAT,CA,AWP,WE,Combined TRACON& Tower with Radar,35,41,19,0,95,0,18,77,1,96,35,59,96,1,191,0,0,0,191
10/13/2014,FAT,CA,AWP,WE,Combined TRACON& Tower with Radar,38,40,34,1,113,0,21,75,1,97,38,61,109,2,210,14,0,14,224
10/14/2014,FAT,CA,AWP,WE,Combined TRACON& Tower with Radar,38,40,35,20,133,0,10,97,12,119,38,50,132,32,252,68,30,98,350
10/15/2014,FAT,CA,AWP,WE,Combined TRACON& Tower with Radar,41,49,41,10,141,0,6,100,10,116,41,55,141,20,257,100,16,116,373
10/16/2014,FAT,CA,AWP,WE,Combined TRACON& Tower with Radar,45,38,42,13,138,0,8,140,12,160,45,46,182,25,298,64,0,64,362
10/17/2014,FAT,CA,AWP,WE,Combined TRACON& Tower with Radar,45,41,30,8,124,0,18,120,6,144,45,59,150,14,268,120,16,136,404
10/18/2014,FAT,CA,AWP,WE,Combined TRACON& Tower with Radar,37,27,31,2,97,0,18,141,1,160,37,45,172,3,257,62,0,62,319
10/19/2014,FAT,CA,AWP,WE,Combined TRACON& Tower with Radar,35,39,28,0,102,0,23,111,2,136,35,62,139,2,238,32,0,32,270
10/20/2014,FAT,CA,AWP,WE,Combined TRACON& Tower with Radar,41,39,41,4,125,0,17,84,10,111,41,56,125,14,236,56,8,64,300
10/21/2014,FAT,CA,AWP,WE,Combined TRACON& Tower with Radar,36,38,30,16,120,0,30,108,7,145,36,68,138,23,265,118,8,126,391
10/22/2014,FAT,CA,AWP,WE,Combined TRACON& Tower with Radar,41,39,51,14,145,0,28,125,9,162,41,67,176,23,307,64,8,72,379
10/23/2014,FAT,CA,AWP,WE,Combined TRACON& Tower with Radar,43,44,42,9,138,0,13,102,8,123,43,57,144,17,261,82,0,82,343
10/24/2014,FAT,CA,AWP,WE,Combined TRACON& Tower with Radar,39,44,36,7,126,0,14,109,5,128,39,58,145,12,254,140,6,146,400
10/25/2014,FAT,CA,AWP,WE,Combined TRACON& Tower with Radar,35,33,20,1,89,0,20,59,0,79,35,53,79,1,168,78,8,86,254
10/26/2014,FAT,CA,AWP,WE,Combined TRACON& Tower with Radar,35,35,23,1,94,0,25,69,3,97,35,60,92,4,191,10,0,10,201
10/27/2014,FAT,CA,AWP,WE,Combined TRACON& Tower with Radar,39,35,28,9,111,0,18,97,3,118,39,53,125,12,229,48,6,54,283
10/28/2014,FAT,CA,AWP,WE,Combined TRACON& Tower with Radar,39,30,43,14,126,0,28,101,22,151,39,58,144,36,277,86,16,102,379
10/29/2014,FAT,CA,AWP,WE,Combined TRACON& Tower with Radar,44,34,35,12,125,0,19,109,7,135,44,53,144,19,260,110,10,120,380
10/30/2014,FAT,CA,AWP,WE,Combined TRACON& Tower with Radar,44,37,42,14,137,0,16,125,16,157,44,53,167,30,294,58,16,74,368
10/31/2014,FAT,CA,AWP,WE,Combined TRACON& Tower with Radar,39,37,31,9,116,0,20,59,6,85,39,57,90,15,201,22,18,40,241
11/01/2014,FAT,CA,AWP,WE,Combined TRACON& Tower with Radar,31,27,30,27,115,0,12,31,2,45,31,39,61,29,160,64,0,64,224
11/02/2014,FAT,CA,AWP,WE,Combined TRACON& Tower with Radar,35,35,25,5,100,0,8,50,5,63,35,43,75,10,163,0,0,0,163
11/03/2014,FAT,CA,AWP,WE,Combined TRACON& Tower with Radar,41,34,26,1,102,0,17,80,3,100,41,51,106,4,202,46,0,46,248
11/04/2014,FAT,CA,AWP,WE,Combined TRACON& Tower with Radar,36,35,27,9,107,0,6,104,5,115,36,41,131,14,222,128,18,146,368
11/05/2014,FAT,CA,AWP,WE,Combined TRACON& Tower with Radar,40,40,46,23,149,0,19,83,9,111,40,59,129,32,260,102,12,114,374
11/06/2014,FAT,CA,AWP,WE,Combined TRACON& Tower with Radar,45,39,48,17,149,0,15,71,4,90,45,54,119,21,239,20,0,20,259
11/07/2014,FAT,CA,AWP,WE,Combined TRACON& Tower with Radar,43,39,42,10,134,0,19,57,0,76,43,58,99,10,210,40,0,40,250
11/08/2014,FAT,CA,AWP,WE,Combined TRACON& Tower with Radar,32,42,36,1,111,0,18,21,0,39,32,60,57,1,150,76,0,76,226
11/09/2014,FAT,CA,AWP,WE,Combined TRACON& Tower with Radar,34,45,42,2,123,0,4,19,0,23,34,49,61,2,146,82,0,82,228
11/10/2014,FAT,CA,AWP,WE,Combined TRACON& Tower with Radar,41,46,65,2,154,0,1,25,0,26,41,47,90,2,180,52,0,52,232
11/11/2014,FAT,CA,AWP,WE,Combined TRACON& Tower with Radar,33,35,73,4,145,0,1,7,0,8,33,36,80,4,153,94,0,94,247
11/12/2014,FAT,CA,AWP,WE,Combined TRACON& Tower with Radar,36,31,60,19,146,0,8,119,9,136,36,39,179,28,282,114,32,146,428
11/13/2014,FAT,CA,AWP,WE,Combined TRACON& Tower with Radar,42,34,46,27,149,0,16,19,6,41,42,50,65,33,190,46,36,82,272
11/14/2014,FAT,CA,AWP,WE,Combined TRACON& Tower with Radar,44,49,52,8,153,0,11,69,16,96,44,60,121,24,249,66,0,66,315
11/15/2014,FAT,CA,AWP,WE,Combined TRACON& Tower with Radar,27,36,18,1,82,0,26,65,10,101,27,62,83,11,183,60,0,60,243
11/16/2014,FAT,CA,AWP,WE,Combined TRACON& Tower with Radar,33,39,31,2,105,0,13,58,7,78,33,52,89,9,183,34,0,34,217
11/17/2014,FAT,CA,AWP,WE,Combined TRACON& Tower with Radar,42,35,34,2,113,0,17,76,3,96,42,52,110,5,209,124,2,126,335
11/18/2014,FAT,CA,AWP,WE,Combined TRACON& Tower with Radar,35,41,29,17,122,0,22,88,15,125,35,63,117,32,247,106,16,122,369
11/19/2014,FAT,CA,AWP,WE,Combined TRACON& Tower with Radar,40,39,56,19,154,0,34,84,12,130,40,73,140,31,284,76,20,96,380
11/20/2014,FAT,CA,AWP,WE,Combined TRACON& Tower with Radar,44,39,58,19,160,0,28,75,13,116,44,67,133,32,276,102,42,144,420
11/21/2014,FAT,CA,AWP,WE,Combined TRACON& Tower with Radar,43,47,75,20,185,0,14,22,2,38,43,61,97,22,223,110,22,132,355
11/22/2014,FAT,CA,AWP,WE,Combined TRACON& Tower with Radar,26,34,32,10,102,0,15,52,0,67,26,49,84,10,169,76,0,76,245
11/23/2014,FAT,CA,AWP,WE,Combined TRACON& Tower with Radar,37,33,47,3,120,0,6,43,8,57,37,39,90,11,177,8,0,8,185
11/24/2014,FAT,CA,AWP,WE,Combined TRACON& Tower with Radar,36,34,41,12,123,0,14,98,9,121,36,48,139,21,244,96,10,106,350
11/25/2014,FAT,CA,AWP,WE,Combined TRACON& Tower with Radar,38,40,36,20,134,0,12,120,14,146,38,52,156,34,280,56,4,60,340
11/26/2014,FAT,CA,AWP,WE,Combined TRACON& Tower with Radar,39,47,16,3,105,0,15,128,3,146,39,62,144,6,251,60,8,68,319
11/27/2014,FAT,CA,AWP,WE,Combined TRACON& Tower with Radar,29,27,7,0,63,0,28,41,0,69,29,55,48,0,132,28,0,28,160
11/28/2014,FAT,CA,AWP,WE,Combined TRACON& Tower with Radar,35,45,26,0,106,0,28,94,0,122,35,73,120,0,228,76,0,76,304
11/29/2014,FAT,CA,AWP,WE,Combined TRACON& Tower with Radar,38,48,32,0,118,0,32,77,2,111,38,80,109,2,229,26,0,26,255
11/30/2014,FAT,CA,AWP,WE,Combined TRACON& Tower with Radar,33,35,37,0,105,0,21,58,0,79,33,56,95,0,184,28,0,28,212
12/01/2014,FAT,CA,AWP,WE,Combined TRACON& Tower with Radar,41,37,34,8,120,0,20,71,7,98,41,57,105,15,218,58,36,94,312
12/02/2014,FAT,CA,AWP,WE,Combined TRACON& Tower with Radar,35,41,25,14,115,0,11,27,3,41,35,52,52,17,156,92,0,92,248
12/03/2014,FAT,CA,AWP,WE,Combined TRACON& Tower with Radar,36,42,49,23,150,0,9,92,19,120,36,51,141,42,270,94,20,114,384
12/04/2014,FAT,CA,AWP,WE,Combined TRACON& Tower with Radar,44,36,33,16,129,0,16,106,6,128,44,52,139,22,257,90,18,108,365
12/05/2014,FAT,CA,AWP,WE,Combined TRACON& Tower with Radar,42,38,43,6,129,0,34,89,12,135,42,72,132,18,264,106,0,106,370
12/06/2014,FAT,CA,AWP,WE,Combined TRACON& Tower with Radar,32,31,26,9,98,0,34,84,6,124,32,65,110,15,222,42,2,44,266
12/07/2014,FAT,CA,AWP,WE,Combined TRACON& Tower with Radar,38,32,29,4,103,0,21,78,1,100,38,53,107,5,203,24,0,24,227
12/08/2014,FAT,CA,AWP,WE,Combined TRACON& Tower with Radar,37,34,35,6,112,0,18,67,3,88,37,52,102,9,200,38,0,38,238
12/09/2014,FAT,CA,AWP,WE,Combined TRACON& Tower with Radar,33,40,61,4,138,0,0,0,0,0,33,40,61,4,138,0,0,0,138
12/10/2014,FAT,CA,AWP,WE,Combined TRACON& Tower with Radar,36,44,63,11,154,0,21,8,2,31,36,65,71,13,185,0,0,0,185
12/11/2014,FAT,CA,AWP,WE,Combined TRACON& Tower with Radar,44,39,29,5,117,0,20,52,4,76,44,59,81,9,193,88,18,106,299
12/12/2014,FAT,CA,AWP,WE,Combined TRACON& Tower with Radar,43,47,32,8,130,0,10,16,1,27,43,57,48,9,157,38,0,38,195
12/13/2014,FAT,CA,AWP,WE,Combined TRACON& Tower with Radar,30,34,27,1,92,0,9,41,1,51,30,43,68,2,143,48,0,48,191
12/14/2014,FAT,CA,AWP,WE,Combined TRACON& Tower with Radar,38,36,32,1,107,0,4,23,1,28,38,40,55,2,135,0,0,0,135
12/15/2014,FAT,CA,AWP,WE,Combined TRACON& Tower with Radar,39,38,40,13,130,0,21,84,9,114,39,59,124,22,244,106,10,116,360
12/16/2014,FAT,CA,AWP,WE,Combined TRACON& Tower with Radar,41,32,47,18,138,0,22,86,13,121,41,54,133,31,259,166,28,194,453
12/17/2014,FAT,CA,AWP,WE,Combined TRACON& Tower with Radar,39,38,70,21,168,0,13,63,9,85,39,51,133,30,253,12,22,34,287
12/18/2014,FAT,CA,AWP,WE,Combined TRACON& Tower with Radar,48,35,46,12,141,0,26,134,9,169,48,61,180,21,310,52,0,52,362
12/19/2014,FAT,CA,AWP,WE,Combined TRACON& Tower with Radar,42,39,37,12,130,0,20,79,2,101,42,59,116,14,231,28,6,34,265
12/20/2014,FAT,CA,AWP,WE,Combined TRACON& Tower with Radar,30,37,38,0,105,0,27,65,0,92,30,64,103,0,197,30,0,30,227
12/21/2014,FAT,CA,AWP,WE,Combined TRACON& Tower with Radar,35,38,41,2,116,0,14,18,0,32,35,52,59,2,148,4,0,4,152
12/22/2014,FAT,CA,AWP,WE,Combined TRACON& Tower with Radar,43,41,64,5,153,0,5,22,6,33,43,46,86,11,186,32,6,38,224
12/23/2014,FAT,CA,AWP,WE,Combined TRACON& Tower with Radar,39,56,39,9,143,0,11,113,8,132,39,67,152,17,275,54,0,54,329
12/24/2014,FAT,CA,AWP,WE,Combined TRACON& Tower with Radar,41,43,19,0,103,0,6,49,0,55,41,49,68,0,158,18,0,18,176
12/25/2014,FAT,CA,AWP,WE,Combined TRACON& Tower with Radar,37,22,4,0,63,0,14,19,0,33,37,36,23,0,96,0,0,0,96
12/26/2014,FAT,CA,AWP,WE,Combined TRACON& Tower with Radar,40,39,11,0,90,0,18,91,0,109,40,57,102,0,199,15,0,15,214
12/27/2014,FAT,CA,AWP,WE,Combined TRACON& Tower with Radar,31,37,17,0,85,0,11,61,0,72,31,48,78,0,157,98,0,98,255
12/28/2014,FAT,CA,AWP,WE,Combined TRACON& Tower with Radar,34,36,20,0,90,0,11,75,0,86,34,47,95,0,176,52,0,52,228
12/29/2014,FAT,CA,AWP,WE,Combined TRACON& Tower with Radar,39,40,24,6,109,0,7,80,6,93,39,47,104,12,202,140,0,140,342
12/30/2014,FAT,CA,AWP,WE,Combined TRACON& Tower with Radar,40,47,43,9,139,0,7,26,0,33,40,54,69,9,172,6,0,6,178
12/31/2014,FAT,CA,AWP,WE,Combined TRACON& Tower with Radar,35,44,12,2,93,0,10,45,0,55,35,54,57,2,148,43,0,43,191
01/01/2015,FAT,CA,AWP,WE,Combined TRACON& Tower with Radar,35,36,4,0,75,0,11,44,0,55,35,47,48,0,130,36,0,36,166
01/02/2015,FAT,CA,AWP,WE,Combined TRACON& Tower with Radar,38,47,18,0,103,0,10,85,0,95,38,57,103,0,198,84,0,84,282
01/03/2015,FAT,CA,AWP,WE,Combined TRACON& Tower with Radar,33,39,15,0,87,0,26,64,0,90,33,65,79,0,177,54,0,54,231
01/04/2015,FAT,CA,AWP,WE,Combined TRACON& Tower with Radar,32,37,13,0,82,0,17,39,0,56,32,54,52,0,138,48,0,48,186
01/05/2015,FAT,CA,AWP,WE,Combined TRACON& Tower with Radar,34,38,34,2,108,0,18,83,4,105,34,56,117,6,213,70,0,70,283
01/06/2015,FAT,CA,AWP,WE,Combined TRACON& Tower with Radar,26,37,40,15,118,1,34,105,15,155,27,71,145,30,273,102,24,126,399
01/07/2015,FAT,CA,AWP,WE,Combined TRACON& Tower with Radar,21,29,40,13,103,1,10,42,3,56,22,39,82,16,159,46,0,46,205
01/08/2015,FAT,CA,AWP,WE,Combined TRACON& Tower with Radar,39,43,69,5,156,0,3,5,3,11,39,46,74,8,167,82,10,92,259
01/09/2015,FAT,CA,AWP,WE,Combined TRACON& Tower with Radar,37,49,56,4,146,0,6,17,1,24,37,55,73,5,170,40,0,40,210
01/10/2015,FAT,CA,AWP,WE,Combined TRACON& Tower with Radar,27,36,39,2,104,0,1,9,0,10,27,37,48,2,114,24,0,24,138
01/11/2015,FAT,CA,AWP,WE,Combined TRACON& Tower with Radar,33,38,34,7,112,0,0,3,0,3,33,38,37,7,115,0,0,0,115
01/12/2015,FAT,CA,AWP,WE,Combined TRACON& Tower with Radar,31,39,46,1,117,0,0,0,0,0,31,39,46,1,117,40,0,40,157
01/13/2015,FAT,CA,AWP,WE,Combined TRACON& Tower with Radar,31,46,47,8,132,0,20,11,4,35,31,66,58,12,167,22,0,22,189
01/14/2015,FAT,CA,AWP,WE,Combined TRACON& Tower with Radar,31,40,51,5,127,0,18,22,8,48,31,58,73,13,175,52,10,62,237
01/15/2015,FAT,CA,AWP,WE,Combined TRACON& Tower with Radar,32,35,45,4,116,0,4,14,3,21,32,39,59,7,137,0,0,0,137
01/16/2015,FAT,CA,AWP,WE,Combined TRACON& Tower with Radar,37,45,65,4,151,0,7,22,0,29,37,52,87,4,180,52,0,52,232
01/17/2015,FAT,CA,AWP,WE,Combined TRACON& Tower with Radar,26,32,31,4,93,0,6,15,0,21,26,38,46,4,114,32,0,32,146
01/18/2015,FAT,CA,AWP,WE,Combined TRACON& Tower with Radar,32,32,27,1,92,0,0,1,0,1,32,32,28,1,93,0,0,0,93
01/19/2015,FAT,CA,AWP,WE,Combined TRACON& Tower with Radar,40,39,74,0,153,0,0,2,0,2,40,39,76,0,155,0,0,0,155
01/20/2015,FAT,CA,AWP,WE,Combined TRACON& Tower with Radar,33,49,64,18,164,0,0,4,0,4,33,49,68,18,168,0,0,0,168
01/21/2015,FAT,CA,AWP,WE,Combined TRACON& Tower with Radar,32,48,69,11,160,0,5,28,5,38,32,53,97,16,198,20,26,46,244
01/22/2015,FAT,CA,AWP,WE,Combined TRACON& Tower with Radar,34,47,67,11,159,0,14,58,6,78,34,61,125,17,237,124,14,138,375
01/23/2015,FAT,CA,AWP,WE,Combined TRACON& Tower with Radar,24,51,57,10,142,0,1,0,0,1,24,52,57,10,143,12,0,12,155
01/24/2015,FAT,CA,AWP,WE,Combined TRACON& Tower with Radar,27,30,23,0,80,0,4,23,0,27,27,34,46,0,107,74,0,74,181
01/25/2015,FAT,CA,AWP,WE,Combined TRACON& Tower with Radar,28,36,35,0,99,0,15,47,0,62,28,51,82,0,161,130,0,130,291
01/26/2015,FAT,CA,AWP,WE,Combined TRACON& Tower with Radar,34,37,37,0,108,0,6,85,3,94,34,43,122,3,202,108,0,108,310
01/27/2015,FAT,CA,AWP,WE,Combined TRACON& Tower with Radar,33,45,39,13,130,0,10,96,11,117,33,55,135,24,247,136,0,136,383
01/28/2015,FAT,CA,AWP,WE,Combined TRACON& Tower with Radar,31,38,44,8,121,0,7,65,7,79,31,45,109,15,200,96,30,126,326
01/29/2015,FAT,CA,AWP,WE,Combined TRACON& Tower with Radar,34,44,57,4,139,0,5,58,2,65,34,49,115,6,204,90,8,98,302
01/30/2015,FAT,CA,AWP,WE,Combined TRACON& Tower with Radar,29,39,45,9,122,0,16,51,7,74,29,55,96,16,196,46,0,46,242
01/31/2015,FAT,CA,AWP,WE,Combined TRACON& Tower with Radar,27,35,26,3,91,0,20,45,0,65,27,55,71,3,156,84,0,84,240
02/01/2015,FAT,CA,AWP,WE,Combined TRACON& Tower with Radar,24,28,11,2,65,0,19,37,0,56,24,47,48,2,121,18,0,18,139
02/02/2015,FAT,CA,AWP,WE,Combined TRACON& Tower with Radar,35,35,39,9,118,0,19,75,8,102,35,54,114,17,220,64,0,64,284
02/03/2015,FAT,CA,AWP,WE,Combined TRACON& Tower with Radar,33,42,39,10,124,0,30,101,11,142,33,72,140,21,266,114,0,114,380
02/04/2015,FAT,CA,AWP,WE,Combined TRACON& Tower with Radar,33,42,22,9,106,0,26,143,10,179,33,68,165,19,285,88,6,94,379
02/05/2015,FAT,CA,AWP,WE,Combined TRACON& Tower with Radar,36,39,41,7,123,0,23,99,7,129,36,62,140,14,252,134,8,142,394
02/06/2015,FAT,CA,AWP,WE,Combined TRACON& Tower with Radar,37,37,30,5,109,0,26,72,2,100,37,63,102,7,209,88,24,112,321
02/07/2015,FAT,CA,AWP,WE,Combined TRACON& Tower with Radar,26,27,27,28,108,0,23,27,2,52,26,50,54,30,160,74,24,98,258
02/08/2015,FAT,CA,AWP,WE,Combined TRACON& Tower with Radar,30,31,13,13,87,0,25,26,5,56,30,56,39,18,143,0,4,4,147
02/09/2015,FAT,CA,AWP,WE,Combined TRACON& Tower with Radar,37,37,34,3,111,0,26,90,4,120,37,63,124,7,231,60,0,60,291
02/10/2015,FAT,CA,AWP,WE,Combined TRACON& Tower with Radar,31,41,65,16,153,0,7,44,2,53,31,48,109,18,206,72,0,72,278
02/11/2015,FAT,CA,AWP,WE,Combined TRACON& Tower with Radar,32,34,37,17,120,0,8,107,12,127,32,42,144,29,247,94,0,94,341
02/12/2015,FAT,CA,AWP,WE,Combined TRACON& Tower with Radar,41,41,35,14,131,0,15,109,8,132,41,56,144,22,263,112,6,118,381
02/13/2015,FAT,CA,AWP,WE,Combined TRACON& Tower with Radar,42,39,44,7,132,0,23,128,6,157,42,62,172,13,289,96,14,110,399
02/14/2015,FAT,CA,AWP,WE,Combined TRACON& Tower with Radar,29,27,22,5,83,0,21,66,1,88,29,48,88,6,171,88,0,88,259
02/15/2015,FAT,CA,AWP,WE,Combined TRACON& Tower with Radar,36,29,9,2,76,0,23,65,2,90,36,52,74,4,166,80,0,80,246
02/16/2015,FAT,CA,AWP,WE,Combined TRACON& Tower with Radar,41,34,19,1,95,0,13,110,0,123,41,47,129,1,218,130,0,130,348
02/17/2015,FAT,CA,AWP,WE,Combined TRACON& Tower with Radar,35,45,34,15,129,0,15,91,10,116,35,60,125,25,245,126,10,136,381
02/18/2015,FAT,CA,AWP,WE,Combined TRACON& Tower with Radar,34,48,62,13,157,0,11,23,5,39,34,59,85,18,196,48,8,56,252
02/19/2015,FAT,CA,AWP,WE,Combined TRACON& Tower with Radar,42,35,46,14,137,0,11,58,9,78,42,46,104,23,215,122,0,122,337
02/20/2015,FAT,CA,AWP,WE,Combined TRACON& Tower with Radar,39,43,71,15,168,0,10,19,0,29,39,53,90,15,197,26,0,26,223
02/21/2015,FAT,CA,AWP,WE,Combined TRACON& Tower with Radar,30,34,62,0,126,0,2,22,0,24,30,36,84,0,150,0,0,0,150
02/22/2015,FAT,CA,AWP,WE,Combined TRACON& Tower with Radar,36,30,21,1,88,0,10,8,0,18,36,40,29,1,106,8,0,8,114
02/23/2015,FAT,CA,AWP,WE,Combined TRACON& Tower with Radar,35,39,41,2,117,0,26,35,6,67,35,65,76,8,184,84,28,112,296
02/24/2015,FAT,CA,AWP,WE,Combined TRACON& Tower with Radar,34,44,32,12,122,0,13,99,10,122,34,57,131,22,244,126,26,152,396
02/25/2015,FAT,CA,AWP,WE,Combined TRACON& Tower with Radar,34,45,27,11,117,0,5,114,13,132,34,50,141,24,249,44,4,48,297
02/26/2015,FAT,CA,AWP,WE,Combined TRACON& Tower with Radar,42,37,61,8,148,0,6,147,10,163,42,43,208,18,311,106,0,106,417
02/27/2015,FAT,CA,AWP,WE,Combined TRACON& Tower with Radar,36,37,38,6,117,0,9,90,14,113,36,46,128,20,230,40,6,46,276
02/28/2015,FAT,CA,AWP,WE,Combined TRACON& Tower with Radar,29,33,20,1,83,0,5,37,2,44,29,38,57,3,127,48,0,48,175
03/01/2015,FAT,CA,AWP,WE,Combined TRACON& Tower with Radar,34,31,21,5,91,0,15,83,6,104,34,46,104,11,195,34,0,34,229
03/02/2015,FAT,CA,AWP,WE,Combined TRACON& Tower with Radar,38,34,26,9,107,0,13,43,4,60,38,47,69,13,167,74,0,74,241
03/03/2015,FAT,CA,AWP,WE,Combined TRACON& Tower with Radar,32,40,34,17,123,0,12,95,5,112,32,52,129,22,235,124,8,132,367
03/04/2015,FAT,CA,AWP,WE,Combined TRACON& Tower with Radar,34,37,30,11,112,0,14,135,11,160,34,51,165,22,272,156,0,156,428
03/05/2015,FAT,CA,AWP,WE,Combined TRACON& Tower with Radar,36,36,51,15,138,0,11,122,8,141,36,47,173,23,279,168,18,186,465
03/06/2015,FAT,CA,AWP,WE,Combined TRACON& Tower with Radar,37,37,42,1,117,0,11,122,0,133,37,48,164,1,250,160,0,160,410
03/07/2015,FAT,CA,AWP,WE,Combined TRACON& Tower with Radar,25,35,14,22,96,0,12,83,7,102,25,47,97,29,198,48,0,48,246
03/08/2015,FAT,CA,AWP,WE,Combined TRACON& Tower with Radar,32,39,15,15,101,0,8,83,0,91,32,47,98,15,192,52,4,56,248
03/09/2015,FAT,CA,AWP,WE,Combined TRACON& Tower with Radar,30,40,23,1,94,0,10,99,9,118,30,50,122,10,212,68,2,70,282
03/10/2015,FAT,CA,AWP,WE,Combined TRACON& Tower with Radar,25,38,39,24,126,0,3,136,11,150,25,41,175,35,276,118,22,140,416
03/11/2015,FAT,CA,AWP,WE,Combined TRACON& Tower with Radar,32,37,31,12,112,0,7,83,7,97,32,44,114,19,209,152,10,162,371
03/12/2015,FAT,CA,AWP,WE,Combined TRACON& Tower with Radar,34,40,39,5,118,0,7,78,9,94,34,47,117,14,212,98,0,98,310
03/13/2015,FAT,CA,AWP,WE,Combined TRACON& Tower with Radar,32,45,15,9,101,0,10,118,3,131,32,55,133,12,232,122,18,140,372
03/14/2015,FAT,CA,AWP,WE,Combined TRACON& Tower with Radar,22,33,15,1,71,0,9,71,0,80,22,42,86,1,151,114,0,114,265
03/15/2015,FAT,CA,AWP,WE,Combined TRACON& Tower with Radar,33,30,6,0,69,0,8,71,5,84,33,38,77,5,153,18,0,18,171
03/16/2015,FAT,CA,AWP,WE,Combined TRACON& Tower with Radar,32,34,24,8,98,0,17,98,7,122,32,51,122,15,220,68,4,72,292
03/17/2015,FAT,CA,AWP,WE,Combined TRACON& Tower with Radar,28,41,32,6,107,0,18,103,7,128,28,59,135,13,235,50,0,50,285
03/18/2015,FAT,CA,AWP,WE,Combined TRACON& Tower with Radar,17,31,40,14,102,0,9,102,6,117,17,40,142,20,219,66,0,66,285
03/19/2015,FAT,CA,AWP,WE,Combined TRACON& Tower with Radar,31,43,40,8,122,0,10,115,5,130,31,53,155,13,252,44,0,44,296
03/20/2015,FAT,CA,AWP,WE,Combined TRACON& Tower with Radar,33,36,36,10,115,0,11,156,11,178,33,47,192,21,293,62,0,62,355
03/21/2015,FAT,CA,AWP,WE,Combined TRACON& Tower with Radar,27,36,16,0,79,0,17,94,4,115,27,53,110,4,194,102,0,102,296
03/22/2015,FAT,CA,AWP,WE,Combined TRACON& Tower with Radar,28,34,26,0,88,0,12,78,7,97,28,46,104,7,185,46,20,66,251
03/23/2015,FAT,CA,AWP,WE,Combined TRACON& Tower with Radar,25,38,32,4,99,0,9,75,2,86,25,47,107,6,185,68,0,68,253
03/24/2015,FAT,CA,AWP,WE,Combined TRACON& Tower with Radar,24,26,16,8,74,0,6,25,1,32,24,32,41,9,106,90,0,90,196
03/25/2015,FAT,CA,AWP,WE,Combined TRACON& Tower with Radar,31,36,39,6,112,0,20,119,8,147,31,56,158,14,259,78,8,86,345
03/26/2015,FAT,CA,AWP,WE,Combined TRACON& Tower with Radar,32,42,48,8,130,0,12,116,12,140,32,54,164,20,270,108,0,108,378
03/27/2015,FAT,CA,AWP,WE,Combined TRACON& Tower with Radar,29,40,33,4,106,0,6,131,5,142,29,46,164,9,248,60,0,60,308
03/28/2015,FAT,CA,AWP,WE,Combined TRACON& Tower with Radar,24,26,13,1,64,0,12,101,2,115,24,38,114,3,179,190,0,190,369
03/29/2015,FAT,CA,AWP,WE,Combined TRACON& Tower with Radar,31,31,16,0,78,0,4,68,2,74,31,35,84,2,152,10,0,10,162
03/30/2015,FAT,CA,AWP,WE,Combined TRACON& Tower with Radar,30,38,25,4,97,0,10,98,13,121,30,48,123,17,218,96,16,112,330
03/31/2015,FAT,CA,AWP,WE,Combined TRACON& Tower with Radar,30,43,36,10,119,0,21,108,12,141,30,64,144,22,260,186,6,192,452
04/01/2015,FAT,CA,AWP,WE,Combined TRACON& Tower with Radar,34,33,25,7,99,0,10,117,7,134,34,43,142,14,233,132,6,138,371
04/02/2015,FAT,CA,AWP,WE,Combined TRACON& Tower with Radar,37,35,19,7,98,0,23,115,16,154,37,58,134,23,252,116,0,116,368
04/03/2015,FAT,CA,AWP,WE,Combined TRACON& Tower with Radar,30,40,29,9,108,0,13,128,6,147,30,53,157,15,255,84,14,98,353
04/04/2015,FAT,CA,AWP,WE,Combined TRACON& Tower with Radar,25,29,14,1,69,0,29,95,1,125,25,58,109,2,194,72,0,72,266
04/05/2015,FAT,CA,AWP,WE,Combined TRACON& Tower with Radar,32,33,16,0,81,0,17,33,1,51,32,50,49,1,132,10,0,10,142
04/06/2015,FAT,CA,AWP,WE,Combined TRACON& Tower with Radar,33,37,36,3,109,0,10,83,4,97,33,47,119,7,206,30,0,30,236
04/07/2015,FAT,CA,AWP,WE,Combined TRACON& Tower with Radar,31,36,21,16,104,0,3,25,2,30,31,39,46,18,134,14,0,14,148
04/08/2015,FAT,CA,AWP,WE,Combined TRACON& Tower with Radar,35,43,27,10,115,0,10,129,9,148,35,53,156,19,263,116,16,132,395
04/09/2015,FAT,CA,AWP,WE,Combined TRACON& Tower with Radar,33,36,46,5,120,0,19,135,11,165,33,55,181,16,285,104,0,104,389
04/10/2015,FAT,CA,AWP,WE,Combined TRACON& Tower with Radar,34,32,29,17,112,0,28,102,13,143,34,60,131,30,255,74,2,76,331
04/11/2015,FAT,CA,AWP,WE,Combined TRACON& Tower with Radar,25,27,6,17,75,0,28,97,13,138,25,55,103,30,213,26,16,42,255
04/12/2015,FAT,CA,AWP,WE,Combined TRACON& Tower with Radar,32,32,10,11,85,0,18,66,2,86,32,50,76,13,171,44,0,44,215
04/13/2015,FAT,CA,AWP,WE,Combined TRACON& Tower with Radar,34,33,29,6,102,0,25,106,16,147,34,58,135,22,249,54,12,66,315
04/14/2015,FAT,CA,AWP,WE,Combined TRACON& Tower with Radar,31,34,18,14,97,0,19,72,20,111,31,53,90,34,208,88,26,114,322
04/15/2015,FAT,CA,AWP,WE,Combined TRACON& Tower with Radar,37,35,22,11,105,0,14,115,12,141,37,49,137,23,246,12,2,14,260
04/16/2015,FAT,CA,AWP,WE,Combined TRACON& Tower with Radar,35,36,30,10,111,0,17,112,8,137,35,53,142,18,248,48,26,74,322
04/17/2015,FAT,CA,AWP,WE,Combined TRACON& Tower with Radar,37,32,18,3,90,0,14,82,7,103,37,46,100,10,193,40,0,40,233
04/18/2015,FAT,CA,AWP,WE,Combined TRACON& Tower with Radar,27,24,13,0,64,0,16,96,3,115,27,40,109,3,179,56,0,56,235
04/19/2015,FAT,CA,AWP,WE,Combined TRACON& Tower with Radar,38,35,12,0,85,0,18,78,1,97,38,53,90,1,182,30,0,30,212
04/20/2015,FAT,CA,AWP,WE,Combined TRACON& Tower with Radar,39,30,29,10,108,0,9,84,6,99,39,39,113,16,207,62,12,74,281
04/21/2015,FAT,CA,AWP,WE,Combined TRACON& Tower with Radar,31,37,29,12,109,0,10,97,10,117,31,47,126,22,226,42,0,42,268
04/22/2015,FAT,CA,AWP,WE,Combined TRACON& Tower with Radar,42,34,38,8,122,0,14,112,15,141,42,48,150,23,263,38,8,46,309
04/23/2015,FAT,CA,AWP,WE,Combined TRACON& Tower with Radar,38,38,33,13,122,1,16,93,28,138,39,54,126,41,260,46,12,58,318
04/24/2015,FAT,CA,AWP,WE,Combined TRACON& Tower with Radar,38,31,17,11,97,0,21,83,7,111,38,52,100,18,208,40,0,40,248
04/25/2015,FAT,CA,AWP,WE,Combined TRACON& Tower with Radar,30,27,26,2,85,0,20,26,2,48,30,47,52,4,133,32,0,32,165
04/26/2015,FAT,CA,AWP,WE,Combined TRACON& Tower with Radar,39,29,17,3,88,0,13,76,6,95,39,42,93,9,183,10,0,10,193
04/27/2015,FAT,CA,AWP,WE,Combined TRACON& Tower with Radar,39,34,19,12,104,0,20,95,10,125,39,54,114,22,229,26,10,36,265
04/28/2015,FAT,CA,AWP,WE,Combined TRACON& Tower with Radar,33,35,38,15,121,0,18,117,20,155,33,53,155,35,276,12,12,24,300
04/29/2015,FAT,CA,AWP,WE,Combined TRACON& Tower with Radar,43,33,35,8,119,0,13,108,6,127,43,46,143,14,246,30,4,34,280
04/30/2015,FAT,CA,AWP,WE,Combined TRACON& Tower with Radar,37,37,48,7,129,0,23,102,8,133,37,60,150,15,262,56,0,56,318
05/01/2015,FAT,CA,AWP,WE,Combined TRACON& Tower with Radar,41,31,21,4,97,0,20,129,7,156,41,51,150,11,253,98,0,98,351
05/02/2015,FAT,CA,AWP,WE,Combined TRACON& Tower with Radar,28,26,13,6,73,0,18,79,4,101,28,44,92,10,174,32,0,32,206
05/03/2015,FAT,CA,AWP,WE,Combined TRACON& Tower with Radar,36,30,41,1,108,0,28,88,1,117,36,58,129,2,225,4,0,4,229
05/04/2015,FAT,CA,AWP,WE,Combined TRACON& Tower with Radar,37,28,36,0,101,0,36,88,1,125,37,64,124,1,226,88,0,88,314
05/05/2015,FAT,CA,AWP,WE,Combined TRACON& Tower with Radar,37,29,27,11,104,0,25,92,10,127,37,54,119,21,231,114,4,118,349
05/06/2015,FAT,CA,AWP,WE,Combined TRACON& Tower with Radar,41,31,43,5,120,0,20,116,7,143,41,51,159,12,263,96,4,100,363
05/07/2015,FAT,CA,AWP,WE,Combined TRACON& Tower with Radar,37,31,36,3,107,0,15,49,3,67,37,46,85,6,174,52,10,62,236
05/08/2015,FAT,CA,AWP,WE,Combined TRACON& Tower with Radar,39,32,34,1,106,0,12,83,3,98,39,44,117,4,204,72,0,72,276
05/09/2015,FAT,CA,AWP,WE,Combined TRACON& Tower with Radar,33,30,21,2,86,0,30,58,0,88,33,60,79,2,174,26,0,26,200
05/10/2015,FAT,CA,AWP,WE,Combined TRACON& Tower with Radar,30,36,5,1,72,0,28,66,2,96,30,64,71,3,168,0,0,0,168
05/11/2015,FAT,CA,AWP,WE,Combined TRACON& Tower with Radar,36,29,39,5,109,0,7,74,10,91,36,36,113,15,200,44,12,56,256
05/12/2015,FAT,CA,AWP,WE,Combined TRACON& Tower with Radar,37,31,24,2,94,0,21,115,16,152,37,52,139,18,246,88,0,88,334
05/13/2015,FAT,CA,AWP,WE,Combined TRACON& Tower with Radar,39,36,42,3,120,0,17,123,15,155,39,53,165,18,275,74,8,82,357
05/14/2015,FAT,CA,AWP,WE,Combined TRACON& Tower with Radar,38,28,34,4,104,0,16,77,7,100,38,44,111,11,204,68,0,68,272
05/15/2015,FAT,CA,AWP,WE,Combined TRACON& Tower with Radar,40,34,49,9,132,0,32,47,8,87,40,66,96,17,219,62,0,62,281
05/16/2015,FAT,CA,AWP,WE,Combined TRACON& Tower with Radar,32,22,22,1,77,0,30,82,5,117,32,52,104,6,194,46,0,46,240
05/17/2015,FAT,CA,AWP,WE,Combined TRACON& Tower with Radar,36,26,20,4,86,0,19,44,1,64,36,45,64,5,150,24,0,24,174
05/18/2015,FAT,CA,AWP,WE,Combined TRACON& Tower with Radar,37,31,23,1,92,0,16,89,7,112,37,47,112,8,204,110,0,110,314
05/19/2015,FAT,CA,AWP,WE,Combined TRACON& Tower with Radar,37,30,32,8,107,0,25,113,16,154,37,55,145,24,261,92,0,92,353
05/20/2015,FAT,CA,AWP,WE,Combined TRACON& Tower with Radar,42,31,42,15,130,0,16,121,19,156,42,47,163,34,286,134,2,136,422
05/21/2015,FAT,CA,AWP,WE,Combined TRACON& Tower with Radar,39,34,59,19,151,0,20,81,14,115,39,54,140,33,266,242,54,296,562
05/22/2015,FAT,CA,AWP,WE,Combined TRACON& Tower with Radar,46,36,56,0,138,0,29,96,3,128,46,65,152,3,266,82,14,96,362
05/23/2015,FAT,CA,AWP,WE,Combined TRACON& Tower with Radar,27,26,15,0,68,0,29,59,0,88,27,55,74,0,156,48,0,48,204
05/24/2015,FAT,CA,AWP,WE,Combined TRACON& Tower with Radar,32,25,14,7,78,0,37,63,2,102,32,62,77,9,180,40,0,40,220
05/25/2015,FAT,CA,AWP,WE,Combined TRACON& Tower with Radar,37,26,16,6,85,0,12,103,7,122,37,38,119,13,207,56,4,60,267
05/26/2015,FAT,CA,AWP,WE,Combined TRACON& Tower with Radar,34,29,19,9,91,0,13,114,18,145,34,42,133,27,236,144,22,166,402
05/27/2015,FAT,CA,AWP,WE,Combined TRACON& Tower with Radar,39,34,31,12,116,0,17,110,16,143,39,51,141,28,259,78,2,80,339
05/28/2015,FAT,CA,AWP,WE,Combined TRACON& Tower with Radar,37,29,40,18,124,0,21,125,15,161,37,50,165,33,285,84,4,88,373
05/29/2015,FAT,CA,AWP,WE,Combined TRACON& Tower with Radar,37,40,28,5,110,0,18,133,7,158,37,58,161,12,268,82,0,82,350
05/30/2015,FAT,CA,AWP,WE,Combined TRACON& Tower with Radar,33,27,20,2,82,0,41,88,0,129,33,68,108,2,211,0,0,0,211
05/31/2015,FAT,CA,AWP,WE,Combined TRACON& Tower with Radar,32,30,18,0,80,0,18,84,0,102,32,48,102,0,182,58,0,58,240
06/01/2015,FAT,CA,AWP,WE,Combined TRACON& Tower with Radar,39,29,23,11,102,0,5,98,8,111,39,34,121,19,213,32,4,36,249
06/02/2015,FAT,CA,AWP,WE,Combined TRACON& Tower with Radar,38,26,29,10,103,0,7,118,16,141,38,33,147,26,244,68,16,84,328
06/03/2015,FAT,CA,AWP,WE,Combined TRACON& Tower with Radar,39,37,38,19,133,0,9,122,12,143,39,46,160,31,276,52,8,60,336
06/04/2015,FAT,CA,AWP,WE,Combined TRACON& Tower with Radar,41,38,33,8,120,0,4,134,12,150,41,42,167,20,270,136,0,136,406
06/05/2015,FAT,CA,AWP,WE,Combined TRACON& Tower with Radar,41,34,29,14,118,0,16,137,10,163,41,50,166,24,281,110,0,110,391
06/06/2015,FAT,CA,AWP,WE,Combined TRACON& Tower with Radar,35,28,25,23,111,0,14,97,19,130,35,42,122,42,241,39,18,57,298
06/07/2015,FAT,CA,AWP,WE,Combined TRACON& Tower with Radar,38,28,25,3,94,0,9,78,1,88,38,37,103,4,182,6,0,6,188
06/08/2015,FAT,CA,AWP,WE,Combined TRACON& Tower with Radar,39,27,27,1,94,0,18,118,2,138,39,45,145,3,232,106,0,106,338
06/09/2015,FAT,CA,AWP,WE,Combined TRACON& Tower with Radar,38,28,37,8,111,0,7,101,4,112,38,35,138,12,223,116,0,116,339
06/10/2015,FAT,CA,AWP,WE,Combined TRACON& Tower with Radar,41,32,44,4,121,0,25,118,6,149,41,57,162,10,270,52,0,52,322
06/11/2015,FAT,CA,AWP,WE,Combined TRACON& Tower with Radar,42,34,38,7,121,0,20,106,7,133,42,54,144,14,254,94,0,94,348
06/12/2015,FAT,CA,AWP,WE,Combined TRACON& Tower with Radar,41,31,28,2,102,0,7,130,6,143,41,38,158,8,245,92,0,92,337
06/13/2015,FAT,CA,AWP,WE,Combined TRACON& Tower with Radar,33,34,20,0,87,0,18,78,1,97,33,52,98,1,184,14,0,14,198
06/14/2015,FAT,CA,AWP,WE,Combined TRACON& Tower with Radar,38,28,21,1,88,0,13,94,2,109,38,41,115,3,197,20,0,20,217
06/15/2015,FAT,CA,AWP,WE,Combined TRACON& Tower with Radar,43,27,35,3,108,0,22,106,0,128,43,49,141,3,236,134,0,134,370
06/16/2015,FAT,CA,AWP,WE,Combined TRACON& Tower with Radar,42,28,19,7,96,0,16,112,10,138,42,44,131,17,234,98,0,98,332
06/17/2015,FAT,CA,AWP,WE,Combined TRACON& Tower with Radar,42,31,34,5,112,0,24,126,6,156,42,55,160,11,268,92,0,92,360
06/18/2015,FAT,CA,AWP,WE,Combined TRACON& Tower with Radar,43,30,34,3,110,0,12,161,10,183,43,42,195,13,293,114,0,114,407
06/19/2015,FAT,CA,AWP,WE,Combined TRACON& Tower with Radar,41,33,24,3,101,0,19,238,19,276,41,52,262,22,377,143,0,143,520
06/20/2015,FAT,CA,AWP,WE,Combined TRACON& Tower with Radar,40,33,23,4,100,0,19,114,2,135,40,52,137,6,235,40,0,40,275
06/21/2015,FAT,CA,AWP,WE,Combined TRACON& Tower with Radar,38,30,16,1,85,0,14,98,2,114,38,44,114,3,199,30,0,30,229
06/22/2015,FAT,CA,AWP,WE,Combined TRACON& Tower with Radar,38,31,27,18,114,0,22,135,18,175,38,53,162,36,289,192,10,202,491
06/23/2015,FAT,CA,AWP,WE,Combined TRACON& Tower with Radar,40,27,33,15,115,0,21,119,14,154,40,48,152,29,269,172,2,174,443
06/24/2015,FAT,CA,AWP,WE,Combined TRACON& Tower with Radar,43,26,29,14,112,0,14,105,22,141,43,40,134,36,253,118,18,136,389
06/25/2015,FAT,CA,AWP,WE,Combined TRACON& Tower with Radar,38,31,20,8,97,0,9,126,8,143,38,40,146,16,240,56,0,56,296
06/26/2015,FAT,CA,AWP,WE,Combined TRACON& Tower with Radar,47,32,33,5,117,0,13,124,11,148,47,45,157,16,265,152,0,152,417
06/27/2015,FAT,CA,AWP,WE,Combined TRACON& Tower with Radar,33,30,21,0,84,0,12,76,0,88,33,42,97,0,172,54,0,54,226
06/28/2015,FAT,CA,AWP,WE,Combined TRACON& Tower with Radar,41,38,30,4,113,0,13,66,1,80,41,51,96,5,193,56,0,56,249
06/29/2015,FAT,CA,AWP,WE,Combined TRACON& Tower with Radar,44,26,34,7,111,0,9,112,8,129,44,35,146,15,240,144,0,144,384
06/30/2015,FAT,CA,AWP,WE,Combined TRACON& Tower with Radar,40,29,23,13,105,0,9,114,8,131,40,38,137,21,236,98,14,112,348
07/01/2015,FAT,CA,AWP,WE,Combined TRACON& Tower with Radar,42,32,24,7,105,0,11,122,14,147,42,43,146,21,252,104,0,104,356
07/02/2015,FAT,CA,AWP,WE,Combined TRACON& Tower with Radar,42,37,39,0,118,0,14,106,9,129,42,51,145,9,247,146,10,156,403
07/03/2015,FAT,CA,AWP,WE,Combined TRACON& Tower with Radar,46,16,19,0,81,0,25,90,1,116,46,41,109,1,197,40,0,40,237
07/04/2015,FAT,CA,AWP,WE,Combined TRACON& Tower with Radar,33,21,13,1,68,0,24,59,1,84,33,45,72,2,152,26,0,26,178
07/05/2015,FAT,CA,AWP,WE,Combined TRACON& Tower with Radar,32,28,19,1,80,0,19,64,1,84,32,47,83,2,164,2,0,2,166
07/06/2015,FAT,CA,AWP,WE,Combined TRACON& Tower with Radar,39,34,29,16,118,0,22,99,15,136,39,56,128,31,254,108,2,110,364
07/07/2015,FAT,CA,AWP,WE,Combined TRACON& Tower with Radar,40,31,41,9,121,0,33,150,18,201,40,64,191,27,322,42,8,50,372
07/08/2015,FAT,CA,AWP,WE,Combined TRACON& Tower with Radar,42,33,48,11,134,0,16,161,7,184,42,49,209,18,318,94,12,106,424
07/09/2015,FAT,CA,AWP,WE,Combined TRACON& Tower with Radar,41,33,33,5,112,0,12,79,3,94,41,45,112,8,206,26,0,26,232
07/10/2015,FAT,CA,AWP,WE,Combined TRACON& Tower with Radar,44,36,49,5,134,0,19,108,14,141,44,55,157,19,275,119,0,119,394
07/11/2015,FAT,CA,AWP,WE,Combined TRACON& Tower with Radar,44,25,19,9,97,0,29,80,10,119,44,54,99,19,216,76,4,80,296
07/12/2015,FAT,CA,AWP,WE,Combined TRACON& Tower with Radar,34,25,14,0,73,0,17,72,0,89,34,42,86,0,162,44,0,44,206
07/13/2015,FAT,CA,AWP,WE,Combined TRACON& Tower with Radar,39,29,23,7,98,0,8,87,13,108,39,37,110,20,206,77,6,83,289
07/14/2015,FAT,CA,AWP,WE,Combined TRACON& Tower with Radar,41,28,28,13,110,0,16,94,9,119,41,44,122,22,229,100,4,104,333
07/15/2015,FAT,CA,AWP,WE,Combined TRACON& Tower with Radar,40,30,35,22,127,0,21,144,8,173,40,51,179,30,300,90,0,90,390
07/16/2015,FAT,CA,AWP,WE,Combined TRACON& Tower with Radar,40,34,27,2,103,0,7,130,5,142,40,41,157,7,245,100,0,100,345
07/17/2015,FAT,CA,AWP,WE,Combined TRACON& Tower with Radar,45,31,30,3,109,0,21,117,4,142,45,52,147,7,251,46,4,50,301
07/18/2015,FAT,CA,AWP,WE,Combined TRACON& Tower with Radar,40,25,21,1,87,0,13,92,2,107,40,38,113,3,194,12,0,12,206
07/19/2015,FAT,CA,AWP,WE,Combined TRACON& Tower with Radar,34,33,17,0,84,0,14,53,4,71,34,47,70,4,155,34,0,34,189
07/20/2015,FAT,CA,AWP,WE,Combined TRACON& Tower with Radar,42,28,27,4,101,2,10,100,6,118,44,38,127,10,219,130,0,130,349
07/21/2015,FAT,CA,AWP,WE,Combined TRACON& Tower with Radar,43,27,26,5,101,0,18,114,13,145,43,45,140,18,246,83,10,93,339
07/22/2015,FAT,CA,AWP,WE,Combined TRACON& Tower with Radar,38,35,33,10,116,0,9,128,17,154,38,44,161,27,270,76,4,80,350
07/23/2015,FAT,CA,AWP,WE,Combined TRACON& Tower with Radar,42,27,28,11,108,0,20,105,11,136,42,47,133,22,244,106,10,116,360
07/24/2015,FAT,CA,AWP,WE,Combined TRACON& Tower with Radar,44,32,25,5,106,0,17,156,8,181,44,49,181,13,287,64,8,72,359
07/25/2015,FAT,CA,AWP,WE,Combined TRACON& Tower with Radar,39,26,16,3,84,0,20,204,13,237,39,46,220,16,321,30,0,30,351
07/26/2015,FAT,CA,AWP,WE,Combined TRACON& Tower with Radar,37,27,19,0,83,0,16,169,18,203,37,43,188,18,286,20,0,20,306
07/27/2015,FAT,CA,AWP,WE,Combined TRACON& Tower with Radar,41,28,29,10,108,1,10,141,18,170,42,38,170,28,278,56,0,56,334
07/28/2015,FAT,CA,AWP,WE,Combined TRACON& Tower with Radar,40,40,27,3,110,0,21,158,15,194,40,61,185,18,304,116,0,116,420
07/29/2015,FAT,CA,AWP,WE,Combined TRACON& Tower with Radar,43,29,25,3,100,0,26,185,5,216,43,55,210,8,316,54,1,55,371
07/30/2015,FAT,CA,AWP,WE,Combined TRACON& Tower with Radar,37,28,37,2,104,1,30,180,18,229,38,58,217,20,333,82,0,82,415
07/31/2015,FAT,CA,AWP,WE,Combined TRACON& Tower with Radar,43,32,43,7,125,0,8,111,12,131,43,40,154,19,256,50,8,58,314
08/01/2015,FAT,CA,AWP,WE,Combined TRACON& Tower with Radar,39,26,26,6,97,0,21,88,9,118,39,47,114,15,215,30,0,30,245
08/02/2015,FAT,CA,AWP,WE,Combined TRACON& Tower with Radar,36,29,12,3,80,0,15,103,6,124,36,44,115,9,204,40,0,40,244
08/03/2015,FAT,CA,AWP,WE,Combined TRACON& Tower with Radar,40,29,28,4,101,0,13,97,3,113,40,42,125,7,214,96,0,96,310
08/04/2015,FAT,CA,AWP,WE,Combined TRACON& Tower with Radar,40,34,34,6,114,0,21,138,9,168,40,55,172,15,282,76,4,80,362
08/05/2015,FAT,CA,AWP,WE,Combined TRACON& Tower with Radar,41,30,31,16,118,0,10,131,16,157,41,40,162,32,275,104,4,108,383
08/06/2015,FAT,CA,AWP,WE,Combined TRACON& Tower with Radar,41,31,41,7,120,0,18,145,17,180,41,49,186,24,300,112,8,120,420
08/07/2015,FAT,CA,AWP,WE,Combined TRACON& Tower with Radar,43,31,32,8,114,0,26,137,12,175,43,57,169,20,289,32,0,32,321
08/08/2015,FAT,CA,AWP,WE,Combined TRACON& Tower with Radar,39,25,34,2,100,0,26,70,1,97,39,51,104,3,197,8,0,8,205
08/09/2015,FAT,CA,AWP,WE,Combined TRACON& Tower with Radar,36,26,23,0,85,0,11,71,4,86,36,37,94,4,171,40,0,40,211
08/10/2015,FAT,CA,AWP,WE,Combined TRACON& Tower with Radar,39,28,32,1,100,0,13,109,10,132,39,41,141,11,232,142,0,142,374
08/11/2015,FAT,CA,AWP,WE,Combined TRACON& Tower with Radar,41,25,36,13,115,0,23,101,8,132,41,48,137,21,247,86,6,92,339
08/12/2015,FAT,CA,AWP,WE,Combined TRACON& Tower with Radar,44,27,32,16,119,0,28,142,16,186,44,55,174,32,305,98,0,98,403
08/13/2015,FAT,CA,AWP,WE,Combined TRACON& Tower with Radar,41,38,42,18,139,0,24,156,19,199,41,62,198,37,338,128,0,128,466
08/14/2015,FAT,CA,AWP,WE,Combined TRACON& Tower with Radar,43,33,25,2,103,0,18,110,15,143,43,51,135,17,246,70,0,70,316
08/15/2015,FAT,CA,AWP,WE,Combined TRACON& Tower with Radar,40,29,19,2,90,0,22,89,11,122,40,51,108,13,212,8,0,8,220
08/16/2015,FAT,CA,AWP,WE,Combined TRACON& Tower with Radar,34,28,18,0,80,0,14,95,8,117,34,42,113,8,197,38,0,38,235
08/17/2015,FAT,CA,AWP,WE,Combined TRACON& Tower with Radar,39,33,39,2,113,0,9,140,31,180,39,42,179,33,293,0,0,0,293
08/18/2015,FAT,CA,AWP,WE,Combined TRACON& Tower with Radar,41,32,24,2,99,0,10,165,14,189,41,42,189,16,288,74,0,74,362
08/19/2015,FAT,CA,AWP,WE,Combined TRACON& Tower with Radar,40,31,26,2,99,0,8,188,13,209,40,39,214,15,308,140,0,140,448
08/20/2015,FAT,CA,AWP,WE,Combined TRACON& Tower with Radar,40,30,24,2,96,1,11,141,8,161,41,41,165,10,257,80,0,80,337
08/21/2015,FAT,CA,AWP,WE,Combined TRACON& Tower with Radar,42,30,19,7,98,0,29,148,2,179,42,59,167,9,277,86,2,88,365
08/22/2015,FAT,CA,AWP,WE,Combined TRACON& Tower with Radar,32,29,15,0,76,0,27,81,6,114,32,56,96,6,190,32,0,32,222
08/23/2015,FAT,CA,AWP,WE,Combined TRACON& Tower with Radar,40,23,14,2,79,0,22,85,10,117,40,45,99,12,196,8,0,8,204
08/24/2015,FAT,CA,AWP,WE,Combined TRACON& Tower with Radar,40,26,37,1,104,0,7,118,8,133,40,33,155,9,237,52,0,52,289
08/25/2015,FAT,CA,AWP,WE,Combined TRACON& Tower with Radar,37,33,38,7,115,0,11,143,25,179,37,44,181,32,294,94,0,94,388
08/26/2015,FAT,CA,AWP,WE,Combined TRACON& Tower with Radar,43,28,34,4,109,0,13,153,19,185,43,41,187,23,294,48,8,56,350
08/27/2015,FAT,CA,AWP,WE,Combined TRACON& Tower with Radar,41,34,17,7,99,0,28,162,20,210,41,62,179,27,309,84,0,84,393
08/28/2015,FAT,CA,AWP,WE,Combined TRACON& Tower with Radar,40,29,13,2,84,0,28,139,42,209,40,57,152,44,293,92,0,92,385
08/29/2015,FAT,CA,AWP,WE,Combined TRACON& Tower with Radar,32,24,11,5,72,0,29,129,37,195,32,53,140,42,267,40,0,40,307
08/30/2015,FAT,CA,AWP,WE,Combined TRACON& Tower with Radar,36,22,12,5,75,0,10,82,13,105,36,32,94,18,180,22,0,22,202
08/31/2015,FAT,CA,AWP,WE,Combined TRACON& Tower with Radar,39,26,41,16,122,0,5,141,12,158,39,31,182,28,280,124,0,124,404
09/01/2015,FAT,CA,AWP,WE,Combined TRACON& Tower with Radar,33,28,38,10,109,0,13,137,18,168,33,41,175,28,277,122,12,134,411
09/02/2015,FAT,CA,AWP,WE,Combined TRACON& Tower with Radar,42,38,33,17,130,0,33,140,23,196,42,71,173,40,326,94,6,100,426
09/03/2015,FAT,CA,AWP,WE,Combined TRACON& Tower with Radar,40,33,40,14,127,0,21,148,16,185,40,54,188,30,312,134,0,134,446
09/04/2015,FAT,CA,AWP,WE,Combined TRACON& Tower with Radar,43,26,25,7,101,0,19,151,5,175,43,45,176,12,276,160,4,164,440
09/05/2015,FAT,CA,AWP,WE,Combined TRACON& Tower with Radar,28,22,11,2,63,0,24,96,6,126,28,46,107,8,189,22,0,22,211
09/06/2015,FAT,CA,AWP,WE,Combined TRACON& Tower with Radar,33,25,12,1,71,0,16,49,8,73,33,41,61,9,144,20,0,20,164
09/07/2015,FAT,CA,AWP,WE,Combined TRACON& Tower with Radar,39,27,19,4,89,0,10,117,38,165,39,37,136,42,254,8,0,8,262
09/08/2015,FAT,CA,AWP,WE,Combined TRACON& Tower with Radar,33,35,24,15,107,0,19,155,29,203,33,54,179,44,310,58,0,58,368
09/09/2015,FAT,CA,AWP,WE,Combined TRACON& Tower with Radar,39,36,31,14,120,0,29,175,30,234,39,65,206,44,354,66,2,68,422
09/10/2015,FAT,CA,AWP,WE,Combined TRACON& Tower with Radar,44,30,42,21,137,0,16,151,20,187,44,46,193,41,324,46,2,48,372
09/11/2015,FAT,CA,AWP,WE,Combined TRACON& Tower with Radar,44,29,30,17,120,0,29,203,21,253,44,58,233,38,373,64,30,94,467
09/12/2015,FAT,CA,AWP,WE,Combined TRACON& Tower with Radar,36,22,12,20,90,0,18,177,27,222,36,40,189,47,312,12,0,12,324
09/13/2015,FAT,CA,AWP,WE,Combined TRACON& Tower with Radar,42,38,13,4,97,0,27,182,11,220,42,65,195,15,317,28,0,28,345
09/14/2015,FAT,CA,AWP,WE,Combined TRACON& Tower with Radar,41,24,36,2,103,0,14,111,13,138,41,38,147,15,241,56,22,78,319
09/15/2015,FAT,CA,AWP,WE,Combined TRACON& Tower with Radar,35,30,41,13,119,0,10,120,15,145,35,40,161,28,264,60,22,82,346
09/16/2015,FAT,CA,AWP,WE,Combined TRACON& Tower with Radar,40,28,38,13,119,0,29,116,39,184,40,57,154,52,303,90,22,112,415
09/17/2015,FAT,CA,AWP,WE,Combined TRACON& Tower with Radar,43,27,36,15,121,0,26,132,19,177,43,53,168,34,298,58,20,78,376
09/18/2015,FAT,CA,AWP,WE,Combined TRACON& Tower with Radar,45,27,28,9,109,0,23,128,11,162,45,50,156,20,271,98,10,108,379
09/19/2015,FAT,CA,AWP,WE,Combined TRACON& Tower with Radar,33,23,16,2,74,0,34,89,8,131,33,57,105,10,205,38,0,38,243
09/20/2015,FAT,CA,AWP,WE,Combined TRACON& Tower with Radar,40,30,16,11,97,0,13,59,15,87,40,43,75,26,184,8,16,24,208
09/21/2015,FAT,CA,AWP,WE,Combined TRACON& Tower with Radar,41,31,24,13,109,0,21,79,20,120,41,52,103,33,229,72,6,78,307
09/22/2015,FAT,CA,AWP,WE,Combined TRACON& Tower with Radar,36,29,33,10,108,0,23,145,19,187,36,52,178,29,295,80,4,84,379
09/23/2015,FAT,CA,AWP,WE,Combined TRACON& Tower with Radar,40,26,19,14,99,0,33,108,17,158,40,59,127,31,257,84,0,84,341
09/24/2015,FAT,CA,AWP,WE,Combined TRACON& Tower with Radar,41,29,37,10,117,0,24,116,9,149,41,53,153,19,266,60,0,60,326
09/25/2015,FAT,CA,AWP,WE,Combined TRACON& Tower with Radar,41,29,27,6,103,0,17,139,7,163,41,46,166,13,266,52,4,56,322
09/26/2015,FAT,CA,AWP,WE,Combined TRACON& Tower with Radar,30,27,9,1,67,0,13,75,9,97,30,40,84,10,164,32,0,32,196
09/27/2015,FAT,CA,AWP,WE,Combined TRACON& Tower with Radar,36,32,12,6,86,0,14,70,4,88,36,46,82,10,174,56,0,56,230
09/28/2015,FAT,CA,AWP,WE,Combined TRACON& Tower with Radar,41,25,33,2,101,0,20,101,9,130,41,45,134,11,231,46,0,46,277
09/29/2015,FAT,CA,AWP,WE,Combined TRACON& Tower with Radar,31,34,40,0,105,0,27,99,7,133,31,61,139,7,238,96,0,96,334
09/30/2015,FAT,CA,AWP,WE,Combined TRACON& Tower with Radar,37,36,26,3,102,0,24,134,13,171,37,60,160,16,273,62,4,66,339
10/01/2015,FAT,CA,AWP,WE,Combined TRACON& Tower with Radar,40,35,30,15,120,0,17,105,14,136,40,52,135,29,256,76,8,84,340
10/02/2015,FAT,CA,AWP,WE,Combined TRACON& Tower with Radar,42,26,22,12,102,0,30,129,7,166,42,56,151,19,268,40,11,51,319
10/03/2015,FAT,CA,AWP,WE,Combined TRACON& Tower with Radar,32,23,14,8,77,0,38,109,9,156,32,61,123,17,233,26,10,36,269
10/04/2015,FAT,CA,AWP,WE,Combined TRACON& Tower with Radar,37,24,17,0,78,0,42,62,2,106,37,66,79,2,184,33,0,33,217
10/05/2015,FAT,CA,AWP,WE,Combined TRACON& Tower with Radar,40,41,23,0,104,0,26,106,4,136,40,67,129,4,240,54,0,54,294
10/06/2015,FAT,CA,AWP,WE,Combined TRACON& Tower with Radar,37,28,27,14,106,0,9,98,9,116,37,37,125,23,222,96,0,96,318
10/07/2015,FAT,CA,AWP,WE,Combined TRACON& Tower with Radar,41,34,37,6,118,0,11,99,11,121,41,45,136,17,239,98,6,104,343
10/08/2015,FAT,CA,AWP,WE,Combined TRACON& Tower with Radar,40,34,28,20,122,0,17,115,7,139,40,51,143,27,261,64,12,76,337
10/09/2015,FAT,CA,AWP,WE,Combined TRACON& Tower with Radar,43,30,31,8,112,0,6,112,5,123,43,36,143,13,235,32,0,32,267
10/10/2015,FAT,CA,AWP,WE,Combined TRACON& Tower with Radar,36,19,17,3,75,0,21,100,0,121,36,40,117,3,196,48,0,48,244
10/11/2015,FAT,CA,AWP,WE,Combined TRACON& Tower with Radar,39,31,16,6,92,0,17,71,0,88,39,48,87,6,180,10,0,10,190
10/12/2015,FAT,CA,AWP,WE,Combined TRACON& Tower with Radar,39,38,29,4,110,0,15,78,1,94,39,53,107,5,204,94,0,94,298
10/13/2015,FAT,CA,AWP,WE,Combined TRACON& Tower with Radar,36,34,29,8,107,0,14,77,9,100,36,48,106,17,207,80,0,80,287
10/14/2015,FAT,CA,AWP,WE,Combined TRACON& Tower with Radar,37,33,31,7,108,0,14,123,18,155,37,47,154,25,263,104,4,108,371
10/15/2015,FAT,CA,AWP,WE,Combined TRACON& Tower with Radar,41,32,32,7,112,0,6,89,8,103,41,38,121,15,215,62,6,68,283
10/16/2015,FAT,CA,AWP,WE,Combined TRACON& Tower with Radar,44,37,35,6,122,0,18,82,9,109,44,55,117,15,231,38,4,42,273
10/17/2015,FAT,CA,AWP,WE,Combined TRACON& Tower with Radar,36,23,25,0,84,0,23,57,0,80,36,46,82,0,164,32,0,32,196
10/18/2015,FAT,CA,AWP,WE,Combined TRACON& Tower with Radar,38,28,21,0,87,0,15,43,0,58,38,43,64,0,145,8,0,8,153
10/19/2015,FAT,CA,AWP,WE,Combined TRACON& Tower with Radar,39,27,32,0,98,0,21,64,2,87,39,48,96,2,185,26,0,26,211
10/20/2015,FAT,CA,AWP,WE,Combined TRACON& Tower with Radar,37,27,30,12,106,0,15,96,4,115,37,42,126,16,221,56,8,64,285
10/21/2015,FAT,CA,AWP,WE,Combined TRACON& Tower with Radar,39,29,24,10,102,0,13,106,6,125,39,42,130,16,227,64,12,76,303
10/22/2015,FAT,CA,AWP,WE,Combined TRACON& Tower with Radar,41,43,27,5,116,0,13,94,8,115,41,56,121,13,231,34,8,42,273
10/23/2015,FAT,CA,AWP,WE,Combined TRACON& Tower with Radar,44,32,24,9,109,0,18,104,11,133,44,50,128,20,242,104,10,114,356
10/24/2015,FAT,CA,AWP,WE,Combined TRACON& Tower with Radar,36,23,20,3,82,0,12,77,2,91,36,35,97,5,173,42,0,42,215
10/25/2015,FAT,CA,AWP,WE,Combined TRACON& Tower with Radar,40,24,18,6,88,0,16,54,0,70,40,40,72,6,158,4,0,4,162
10/26/2015,FAT,CA,AWP,WE,Combined TRACON& Tower with Radar,41,33,31,17,122,0,20,106,8,134,41,53,137,25,256,98,0,98,354
10/27/2015,FAT,CA,AWP,WE,Combined TRACON& Tower with Radar,41,37,45,13,136,0,23,89,5,117,41,60,134,18,253,30,4,34,287
10/28/2015,FAT,CA,AWP,WE,Combined TRACON& Tower with Radar,43,28,34,9,114,0,11,93,12,116,43,39,127,21,230,34,0,34,264
10/29/2015,FAT,CA,AWP,WE,Combined TRACON& Tower with Radar,43,26,27,15,111,0,26,107,5,138,43,52,134,20,249,18,0,18,267
10/30/2015,FAT,CA,AWP,WE,Combined TRACON& Tower with Radar,46,29,19,12,106,0,22,125,13,160,46,51,144,25,266,56,2,58,324
10/31/2015,FAT,CA,AWP,WE,Combined TRACON& Tower with Radar,36,19,10,0,65,0,11,81,1,93,36,30,91,1,158,12,0,12,170
11/01/2015,FAT,CA,AWP,WE,Combined TRACON& Tower with Radar,39,33,14,1,87,0,9,43,1,53,39,42,57,2,140,26,0,26,166
11/02/2015,FAT,CA,AWP,WE,Combined TRACON& Tower with Radar,37,33,24,7,101,0,12,10,0,22,37,45,34,7,123,0,0,0,123
11/03/2015,FAT,CA,AWP,WE,Combined TRACON& Tower with Radar,44,31,37,6,118,0,7,69,3,79,44,38,106,9,197,56,8,64,261
11/04/2015,FAT,CA,AWP,WE,Combined TRACON& Tower with Radar,43,31,39,6,119,0,27,116,11,154,43,58,155,17,273,30,18,48,321
11/05/2015,FAT,CA,AWP,WE,Combined TRACON& Tower with Radar,44,21,46,4,115,0,12,128,5,145,44,33,174,9,260,32,2,34,294
11/06/2015,FAT,CA,AWP,WE,Combined TRACON& Tower with Radar,45,23,37,11,116,0,22,127,17,166,45,45,164,28,282,98,6,104,386
11/07/2015,FAT,CA,AWP,WE,Combined TRACON& Tower with Radar,35,18,14,7,74,0,26,81,13,120,35,44,95,20,194,96,8,104,298
11/08/2015,FAT,CA,AWP,WE,Combined TRACON& Tower with Radar,40,25,30,3,98,0,8,74,11,93,40,33,104,14,191,30,0,30,221
11/09/2015,FAT,CA,AWP,WE,Combined TRACON& Tower with Radar,42,22,32,3,99,0,3,56,4,63,42,25,88,7,162,42,0,42,204
11/10/2015,FAT,CA,AWP,WE,Combined TRACON& Tower with Radar,40,24,45,13,122,0,3,65,5,73,40,27,110,18,195,78,8,86,281
11/11/2015,FAT,CA,AWP,WE,Combined TRACON& Tower with Radar,41,23,42,2,108,0,16,124,0,140,41,39,166,2,248,84,4,88,336
11/12/2015,FAT,CA,AWP,WE,Combined TRACON& Tower with Radar,46,20,31,14,111,0,27,123,10,160,46,47,154,24,271,52,0,52,323
11/13/2015,FAT,CA,AWP,WE,Combined TRACON& Tower with Radar,43,28,32,7,110,0,17,75,5,97,43,45,107,12,207,42,4,46,253
11/14/2015,FAT,CA,AWP,WE,Combined TRACON& Tower with Radar,37,22,19,0,78,0,17,65,0,82,37,39,84,0,160,20,0,20,180
11/15/2015,FAT,CA,AWP,WE,Combined TRACON& Tower with Radar,43,25,23,3,94,0,11,12,1,24,43,36,35,4,118,0,0,0,118
11/16/2015,FAT,CA,AWP,WE,Combined TRACON& Tower with Radar,40,25,22,0,87,0,2,80,4,86,40,27,102,4,173,26,0,26,199
11/17/2015,FAT,CA,AWP,WE,Combined TRACON& Tower with Radar,40,26,17,13,96,0,3,112,15,130,40,29,129,28,226,38,0,38,264
11/18/2015,FAT,CA,AWP,WE,Combined TRACON& Tower with Radar,45,29,29,22,125,0,9,108,10,127,45,38,137,32,252,104,0,104,356
11/19/2015,FAT,CA,AWP,WE,Combined TRACON& Tower with Radar,38,28,42,12,120,0,12,104,2,118,38,40,146,14,238,72,0,72,310
11/20/2015,FAT,CA,AWP,WE,Combined TRACON& Tower with Radar,42,32,44,6,124,0,8,128,10,146,42,40,172,16,270,54,0,54,324
11/21/2015,FAT,CA,AWP,WE,Combined TRACON& Tower with Radar,36,21,19,3,79,0,24,80,2,106,36,45,99,5,185,44,0,44,229
11/22/2015,FAT,CA,AWP,WE,Combined TRACON& Tower with Radar,38,23,15,1,77,0,15,58,0,73,38,38,73,1,150,26,0,26,176
11/23/2015,FAT,CA,AWP,WE,Combined TRACON& Tower with Radar,41,25,25,7,98,0,9,100,10,119,41,34,125,17,217,62,0,62,279
11/24/2015,FAT,CA,AWP,WE,Combined TRACON& Tower with Radar,38,33,41,11,123,0,7,52,3,62,38,40,93,14,185,22,0,22,207
11/25/2015,FAT,CA,AWP,WE,Combined TRACON& Tower with Radar,45,25,43,11,124,0,13,52,4,69,45,38,95,15,193,92,0,92,285
11/26/2015,FAT,CA,AWP,WE,Combined TRACON& Tower with Radar,30,12,13,0,55,0,9,30,0,39,30,21,43,0,94,2,0,2,96
11/27/2015,FAT,CA,AWP,WE,Combined TRACON& Tower with Radar,42,19,29,0,90,0,21,73,2,96,42,40,102,2,186,18,0,18,204
11/28/2015,FAT,CA,AWP,WE,Combined TRACON& Tower with Radar,44,25,18,0,87,0,26,75,0,101,44,51,93,0,188,16,0,16,204
11/29/2015,FAT,CA,AWP,WE,Combined TRACON& Tower with Radar,44,21,10,0,75,0,2,75,2,79,44,23,85,2,154,0,0,0,154
11/30/2015,FAT,CA,AWP,WE,Combined TRACON& Tower with Radar,43,21,30,11,105,0,8,97,4,109,43,29,127,15,214,40,0,40,254
12/01/2015,FAT,CA,AWP,WE,Combined TRACON& Tower with Radar,44,22,41,13,120,0,9,79,8,96,44,31,120,21,216,40,6,46,262
12/02/2015,FAT,CA,AWP,WE,Combined TRACON& Tower with Radar,46,25,41,12,124,0,2,112,5,119,46,27,153,17,243,86,0,86,329
12/03/2015,FAT,CA,AWP,WE,Combined TRACON& Tower with Radar,44,17,39,16,116,0,9,104,16,129,44,26,143,32,245,32,12,44,289
12/04/2015,FAT,CA,AWP,WE,Combined TRACON& Tower with Radar,46,20,40,6,112,0,27,147,6,180,46,47,187,12,292,76,2,78,370
12/05/2015,FAT,CA,AWP,WE,Combined TRACON& Tower with Radar,32,19,17,21,89,0,25,68,9,102,32,44,85,30,191,20,8,28,219
12/06/2015,FAT,CA,AWP,WE,Combined TRACON& Tower with Radar,38,22,17,1,78,0,11,47,0,58,38,33,64,1,136,28,0,28,164
12/07/2015,FAT,CA,AWP,WE,Combined TRACON& Tower with Radar,41,23,31,3,98,0,16,90,2,108,41,39,121,5,206,30,4,34,240
12/08/2015,FAT,CA,AWP,WE,Combined TRACON& Tower with Radar,42,24,43,18,127,0,28,86,8,122,42,52,129,26,249,74,0,74,323
12/09/2015,FAT,CA,AWP,WE,Combined TRACON& Tower with Radar,46,20,45,14,125,0,16,49,1,66,46,36,94,15,191,48,2,50,241
12/10/2015,FAT,CA,AWP,WE,Combined TRACON& Tower with Radar,45,20,50,32,147,0,0,10,4,14,45,20,60,36,161,0,12,12,173
12/11/2015,FAT,CA,AWP,WE,Combined TRACON& Tower with Radar,44,25,40,10,119,0,9,59,8,76,44,34,99,18,195,160,6,166,361
12/12/2015,FAT,CA,AWP,WE,Combined TRACON& Tower with Radar,33,20,29,4,86,0,15,77,0,92,33,35,106,4,178,42,4,46,224
12/13/2015,FAT,CA,AWP,WE,Combined TRACON& Tower with Radar,36,16,23,0,75,0,11,16,1,28,36,27,39,1,103,16,0,16,119
12/14/2015,FAT,CA,AWP,WE,Combined TRACON& Tower with Radar,36,23,38,10,107,0,5,84,3,92,36,28,122,13,199,42,0,42,241
12/15/2015,FAT,CA,AWP,WE,Combined TRACON& Tower with Radar,39,23,24,15,101,0,14,124,12,150,39,37,148,27,251,38,8,46,297
12/16/2015,FAT,CA,AWP,WE,Combined TRACON& Tower with Radar,44,19,29,15,107,0,21,133,9,163,44,40,162,24,270,30,0,30,300
12/17/2015,FAT,CA,AWP,WE,Combined TRACON& Tower with Radar,51,21,36,15,123,0,12,82,2,96,51,33,118,17,219,38,8,46,265
12/18/2015,FAT,CA,AWP,WE,Combined TRACON& Tower with Radar,42,25,25,7,99,0,11,111,5,127,42,36,136,12,226,16,0,16,242
12/19/2015,FAT,CA,AWP,WE,Combined TRACON& Tower with Radar,42,27,22,0,91,0,3,2,0,5,42,30,24,0,96,0,0,0,96
12/20/2015,FAT,CA,AWP,WE,Combined TRACON& Tower with Radar,40,19,20,0,79,0,8,19,0,27,40,27,39,0,106,14,0,14,120
12/21/2015,FAT,CA,AWP,WE,Combined TRACON& Tower with Radar,42,19,28,1,90,0,5,74,3,82,42,24,102,4,172,58,0,58,230
12/22/2015,FAT,CA,AWP,WE,Combined TRACON& Tower with Radar,46,31,35,16,128,0,8,9,0,17,46,39,44,16,145,34,0,34,179
12/23/2015,FAT,CA,AWP,WE,Combined TRACON& Tower with Radar,46,18,24,3,91,0,13,78,13,104,46,31,102,16,195,56,6,62,257
12/24/2015,FAT,CA,AWP,WE,Combined TRACON& Tower with Radar,40,15,21,0,76,0,9,26,0,35,40,24,47,0,111,22,0,22,133
12/25/2015,FAT,CA,AWP,WE,Combined TRACON& Tower with Radar,37,15,7,0,59,0,13,40,1,54,37,28,47,1,113,6,0,6,119
12/26/2015,FAT,CA,AWP,WE,Combined TRACON& Tower with Radar,40,25,17,0,82,0,26,29,0,55,40,51,46,0,137,24,0,24,161
12/27/2015,FAT,CA,AWP,WE,Combined TRACON& Tower with Radar,38,17,16,0,71,0,23,40,0,63,38,40,56,0,134,40,0,40,174
12/28/2015,FAT,CA,AWP,WE,Combined TRACON& Tower with Radar,43,22,15,3,83,0,7,33,2,42,43,29,48,5,125,14,0,14,139
12/29/2015,FAT,CA,AWP,WE,Combined TRACON& Tower with Radar,42,24,27,4,97,0,14,83,5,102,42,38,110,9,199,22,0,22,221
12/30/2015,FAT,CA,AWP,WE,Combined TRACON& Tower with Radar,39,21,32,3,95,0,15,116,3,134,39,36,148,6,229,54,0,54,283
12/31/2015,FAT,CA,AWP,WE,Combined TRACON& Tower with Radar,44,19,21,0,84,0,11,82,0,93,44,30,103,0,177,16,0,16,193
01/01/2016,FAT,CA,AWP,WE,Combined TRACON& Tower with Radar,35,17,9,0,61,0,12,47,0,59,35,29,56,0,120,6,0,6,126
01/02/2016,FAT,CA,AWP,WE,Combined TRACON& Tower with Radar,42,26,28,0,96,0,17,55,1,73,42,43,83,1,169,0,0,0,169
01/03/2016,FAT,CA,AWP,WE,Combined TRACON& Tower with Radar,46,23,18,0,87,0,12,41,0,53,46,35,59,0,140,2,2,4,144
01/04/2016,FAT,CA,AWP,WE,Combined TRACON& Tower with Radar,39,17,24,20,100,0,22,49,2,73,39,39,73,22,173,12,2,14,187
01/05/2016,FAT,CA,AWP,WE,Combined TRACON& Tower with Radar,38,26,26,12,102,0,15,22,1,38,38,41,48,13,140,0,0,0,140
01/06/2016,FAT,CA,AWP,WE,Combined TRACON& Tower with Radar,45,20,28,18,111,0,7,29,0,36,45,27,57,18,147,32,0,32,179
01/07/2016,FAT,CA,AWP,WE,Combined TRACON& Tower with Radar,48,23,33,17,121,0,12,113,10,135,48,35,146,27,256,96,4,100,356
01/08/2016,FAT,CA,AWP,WE,Combined TRACON& Tower with Radar,41,27,42,16,126,0,6,13,0,19,41,33,55,16,145,46,0,46,191
01/09/2016,FAT,CA,AWP,WE,Combined TRACON& Tower with Radar,41,21,17,21,100,0,20,49,4,73,41,41,66,25,173,0,2,2,175
01/10/2016,FAT,CA,AWP,WE,Combined TRACON& Tower with Radar,41,24,25,3,93,0,28,53,3,84,41,52,78,6,177,18,0,18,195
01/11/2016,FAT,CA,AWP,WE,Combined TRACON& Tower with Radar,38,24,19,6,87,0,17,101,15,133,38,41,120,21,220,74,20,94,314
01/12/2016,FAT,CA,AWP,WE,Combined TRACON& Tower with Radar,38,25,45,17,125,0,12,72,9,93,38,37,117,26,218,48,4,52,270
01/13/2016,FAT,CA,AWP,WE,Combined TRACON& Tower with Radar,44,22,31,8,105,0,16,94,7,117,44,38,125,15,222,42,6,48,270
01/14/2016,FAT,CA,AWP,WE,Combined TRACON& Tower with Radar,54,29,48,5,136,0,16,46,3,65,54,45,94,8,201,38,4,42,243
01/15/2016,FAT,CA,AWP,WE,Combined TRACON& Tower with Radar,45,22,32,5,104,0,19,96,6,121,45,41,128,11,225,18,4,22,247
01/16/2016,FAT,CA,AWP,WE,Combined TRACON& Tower with Radar,41,19,27,0,87,0,37,56,0,93,41,56,83,0,180,3,0,3,183
01/17/2016,FAT,CA,AWP,WE,Combined TRACON& Tower with Radar,43,16,8,0,67,0,15,38,0,53,43,31,46,0,120,12,0,12,132
01/18/2016,FAT,CA,AWP,WE,Combined TRACON& Tower with Radar,42,24,33,0,99,0,15,36,0,51,42,39,69,0,150,52,0,52,202
01/19/2016,FAT,CA,AWP,WE,Combined TRACON& Tower with Radar,36,29,45,11,121,0,2,26,1,29,36,31,71,12,150,40,0,40,190
01/20/2016,FAT,CA,AWP,WE,Combined TRACON& Tower with Radar,46,20,52,9,127,0,8,116,6,130,46,28,168,15,257,42,0,42,299
01/21/2016,FAT,CA,AWP,WE,Combined TRACON& Tower with Radar,44,28,47,9,128,0,5,51,2,58,44,33,98,11,186,2,16,18,204
01/22/2016,FAT,CA,AWP,WE,Combined TRACON& Tower with Radar,40,27,58,2,127,0,20,67,3,90,40,47,125,5,217,80,0,80,297
01/23/2016,FAT,CA,AWP,WE,Combined TRACON& Tower with Radar,37,25,15,0,77,0,17,29,0,46,37,42,44,0,123,0,0,0,123
01/24/2016,FAT,CA,AWP,WE,Combined TRACON& Tower with Radar,39,25,36,0,100,0,17,55,0,72,39,42,91,0,172,26,0,26,198
01/25/2016,FAT,CA,AWP,WE,Combined TRACON& Tower with Radar,40,34,32,5,111,0,20,46,1,67,40,54,78,6,178,8,0,8,186
01/26/2016,FAT,CA,AWP,WE,Combined TRACON& Tower with Radar,36,36,38,10,120,0,20,133,13,166,36,56,171,23,286,80,14,94,380
01/27/2016,FAT,CA,AWP,WE,Combined TRACON& Tower with Radar,42,24,33,4,103,0,23,125,19,167,42,47,158,23,270,66,0,66,336
01/28/2016,FAT,CA,AWP,WE,Combined TRACON& Tower with Radar,42,31,32,1,106,0,6,108,5,119,42,37,140,6,225,62,0,62,287
01/29/2016,FAT,CA,AWP,WE,Combined TRACON& Tower with Radar,42,24,37,7,110,0,11,74,8,93,42,35,111,15,203,26,2,28,231
01/30/2016,FAT,CA,AWP,WE,Combined TRACON& Tower with Radar,37,16,20,5,78,0,12,26,3,41,37,28,46,8,119,8,2,10,129
01/31/2016,FAT,CA,AWP,WE,Combined TRACON& Tower with Radar,41,24,39,8,112,0,15,7,2,24,41,39,46,10,136,0,0,0,136
02/01/2016,FAT,CA,AWP,WE,Combined TRACON& Tower with Radar,39,22,32,1,94,0,6,99,8,113,39,28,131,9,207,50,12,62,269
02/02/2016,FAT,CA,AWP,WE,Combined TRACON& Tower with Radar,36,26,28,4,94,0,14,94,4,112,36,40,122,8,206,52,2,54,260
02/03/2016,FAT,CA,AWP,WE,Combined TRACON& Tower with Radar,43,22,27,6,98,0,19,127,13,159,43,41,154,19,257,18,0,18,275
02/04/2016,FAT,CA,AWP,WE,Combined TRACON& Tower with Radar,46,19,31,3,99,0,20,132,7,159,46,39,163,10,258,64,0,64,322
02/05/2016,FAT,CA,AWP,WE,Combined TRACON& Tower with Radar,41,21,31,1,94,0,21,117,3,141,41,42,148,4,235,24,0,24,259
02/06/2016,FAT,CA,AWP,WE,Combined TRACON& Tower with Radar,38,16,12,0,66,0,24,79,2,105,38,40,91,2,171,36,0,36,207
02/07/2016,FAT,CA,AWP,WE,Combined TRACON& Tower with Radar,41,16,11,2,70,0,33,66,8,107,41,49,77,10,177,6,0,6,183
02/08/2016,FAT,CA,AWP,WE,Combined TRACON& Tower with Radar,41,25,34,10,110,0,23,99,3,125,41,48,133,13,235,28,0,28,263
02/09/2016,FAT,CA,AWP,WE,Combined TRACON& Tower with Radar,37,26,27,8,98,0,19,113,11,143,37,45,140,19,241,24,12,36,277
02/10/2016,FAT,CA,AWP,WE,Combined TRACON& Tower with Radar,45,20,23,3,91,0,7,109,16,132,45,27,132,19,223,32,0,32,255
02/11/2016,FAT,CA,AWP,WE,Combined TRACON& Tower with Radar,45,28,30,2,105,0,9,109,6,124,45,37,139,8,229,48,2,50,279
02/12/2016,FAT,CA,AWP,WE,Combined TRACON& Tower with Radar,44,29,21,0,94,0,9,104,2,115,44,38,125,2,209,84,0,84,293
02/13/2016,FAT,CA,AWP,WE,Combined TRACON& Tower with Radar,39,15,19,11,84,0,9,59,0,68,39,24,78,11,152,8,0,8,160
02/14/2016,FAT,CA,AWP,WE,Combined TRACON& Tower with Radar,41,20,29,0,90,0,17,32,0,49,41,37,61,0,139,22,0,22,161
02/15/2016,FAT,CA,AWP,WE,Combined TRACON& Tower with Radar,41,21,28,7,97,0,3,83,1,87,41,24,111,8,184,48,4,52,236
02/16/2016,FAT,CA,AWP,WE,Combined TRACON& Tower with Radar,38,25,40,5,108,0,4,83,20,107,38,29,123,25,215,33,18,51,266
02/17/2016,FAT,CA,AWP,WE,Combined TRACON& Tower with Radar,41,26,24,5,96,0,14,67,11,92,41,40,91,16,188,32,10,42,230
02/18/2016,FAT,CA,AWP,WE,Combined TRACON& Tower with Radar,44,23,53,4,124,0,15,72,4,91,44,38,125,8,215,30,0,30,245
02/19/2016,FAT,CA,AWP,WE,Combined TRACON& Tower with Radar,46,21,20,2,89,0,16,103,15,134,46,37,123,17,223,40,0,40,263
02/20/2016,FAT,CA,AWP,WE,Combined TRACON& Tower with Radar,38,19,22,1,80,0,16,58,5,79,38,35,80,6,159,16,0,16,175
02/21/2016,FAT,CA,AWP,WE,Combined TRACON& Tower with Radar,40,21,25,0,86,0,23,73,3,99,40,44,98,3,185,14,0,14,199
02/22/2016,FAT,CA,AWP,WE,Combined TRACON& Tower with Radar,43,23,29,5,100,0,7,97,9,113,43,30,126,14,213,114,2,116,329
02/23/2016,FAT,CA,AWP,WE,Combined TRACON& Tower with Radar,36,25,29,15,105,0,8,129,14,151,36,33,158,29,256,58,0,58,314
02/24/2016,FAT,CA,AWP,WE,Combined TRACON& Tower with Radar,42,26,25,7,100,0,24,124,8,156,42,50,149,15,256,94,4,98,354
02/25/2016,FAT,CA,AWP,WE,Combined TRACON& Tower with Radar,43,25,21,10,99,0,15,130,11,156,43,40,151,21,255,66,4,70,325
02/26/2016,FAT,CA,AWP,WE,Combined TRACON& Tower with Radar,45,25,33,4,107,0,12,137,9,158,45,37,170,13,265,58,0,58,323
02/27/2016,FAT,CA,AWP,WE,Combined TRACON& Tower with Radar,39,21,17,1,78,0,26,39,6,71,39,47,56,7,149,32,0,32,181
02/28/2016,FAT,CA,AWP,WE,Combined TRACON& Tower with Radar,39,22,21,0,82,0,28,54,13,95,39,50,75,13,177,14,0,14,191
02/29/2016,FAT,CA,AWP,WE,Combined TRACON& Tower with Radar,44,22,13,10,89,0,19,93,16,128,44,41,106,26,217,74,0,74,291
03/01/2016,FAT,CA,AWP,WE,Combined TRACON& Tower with Radar,35,29,17,14,95,0,16,100,28,144,35,45,117,42,239,104,14,118,357
03/02/2016,FAT,CA,AWP,WE,Combined TRACON& Tower with Radar,41,27,29,12,109,0,18,130,11,159,41,45,159,23,268,82,12,94,362
03/03/2016,FAT,CA,AWP,WE,Combined TRACON& Tower with Radar,45,24,30,6,105,0,17,122,10,149,45,41,152,16,254,66,4,70,324
03/04/2016,FAT,CA,AWP,WE,Combined TRACON& Tower with Radar,47,33,31,6,117,0,6,92,4,102,47,39,123,10,219,58,0,58,277
03/05/2016,FAT,CA,AWP,WE,Combined TRACON& Tower with Radar,36,24,17,4,81,0,10,18,0,28,36,34,35,4,109,0,0,0,109
03/06/2016,FAT,CA,AWP,WE,Combined TRACON& Tower with Radar,41,26,26,5,98,0,15,44,4,63,41,41,70,9,161,32,0,32,193
03/07/2016,FAT,CA,AWP,WE,Combined TRACON& Tower with Radar,45,17,26,0,88,0,10,34,0,44,45,27,60,0,132,44,0,44,176
03/08/2016,FAT,CA,AWP,WE,Combined TRACON& Tower with Radar,39,25,20,25,109,0,17,80,6,103,39,42,100,31,212,54,0,54,266
03/09/2016,FAT,CA,AWP,WE,Combined TRACON& Tower with Radar,40,21,29,16,106,0,24,124,17,165,40,45,153,33,271,84,28,112,383
03/10/2016,FAT,CA,AWP,WE,Combined TRACON& Tower with Radar,45,24,28,11,108,0,14,116,15,145,45,38,144,26,253,36,0,36,289
03/11/2016,FAT,CA,AWP,WE,Combined TRACON& Tower with Radar,48,26,36,23,133,0,13,38,4,55,48,39,74,27,188,62,10,72,260
03/12/2016,FAT,CA,AWP,WE,Combined TRACON& Tower with Radar,39,19,10,11,79,0,7,46,8,61,39,26,56,19,140,20,0,20,160
03/13/2016,FAT,CA,AWP,WE,Combined TRACON& Tower with Radar,43,21,26,5,95,0,27,33,1,61,43,48,59,6,156,32,0,32,188
03/14/2016,FAT,CA,AWP,WE,Combined TRACON& Tower with Radar,45,26,25,7,103,0,13,72,3,88,45,39,97,10,191,56,2,58,249
03/15/2016,FAT,CA,AWP,WE,Combined TRACON& Tower with Radar,44,28,22,11,105,0,16,127,14,157,44,44,149,25,262,52,0,52,314
03/16/2016,FAT,CA,AWP,WE,Combined TRACON& Tower with Radar,45,20,26,10,101,0,8,132,16,156,45,28,158,26,257,42,2,44,301
03/17/2016,FAT,CA,AWP,WE,Combined TRACON& Tower with Radar,46,20,40,5,111,0,17,129,9,155,46,37,169,14,266,124,6,130,396
03/18/2016,FAT,CA,AWP,WE,Combined TRACON& Tower with Radar,52,23,24,11,110,0,19,144,15,178,52,42,168,26,288,152,0,152,440
03/19/2016,FAT,CA,AWP,WE,Combined TRACON& Tower with Radar,39,17,17,8,81,0,28,91,5,124,39,45,108,13,205,18,0,18,223
03/20/2016,FAT,CA,AWP,WE,Combined TRACON& Tower with Radar,44,26,33,9,112,0,31,61,4,96,44,57,94,13,208,20,0,20,228
03/21/2016,FAT,CA,AWP,WE,Combined TRACON& Tower with Radar,46,26,37,4,113,0,8,55,0,63,46,34,92,4,176,38,0,38,214
03/22/2016,FAT,CA,AWP,WE,Combined TRACON& Tower with Radar,40,23,19,9,91,0,6,100,11,117,40,29,119,20,208,8,2,10,218
03/23/2016,FAT,CA,AWP,WE,Combined TRACON& Tower with Radar,45,23,35,6,109,0,5,112,13,130,45,28,147,19,239,128,0,128,367
03/24/2016,FAT,CA,AWP,WE,Combined TRACON& Tower with Radar,41,20,36,10,107,0,5,108,8,121,41,25,144,18,228,40,0,40,268
03/25/2016,FAT,CA,AWP,WE,Combined TRACON& Tower with Radar,47,30,29,18,124,0,21,107,5,133,47,51,136,23,257,76,2,78,335
03/26/2016,FAT,CA,AWP,WE,Combined TRACON& Tower with Radar,39,24,13,0,76,0,14,102,0,116,39,38,115,0,192,8,0,8,200
03/27/2016,FAT,CA,AWP,WE,Combined TRACON& Tower with Radar,39,21,19,4,83,0,16,63,1,80,39,37,82,5,163,32,0,32,195
03/28/2016,FAT,CA,AWP,WE,Combined TRACON& Tower with Radar,47,26,16,10,99,0,15,63,8,86,47,41,79,18,185,30,10,40,225
03/29/2016,FAT,CA,AWP,WE,Combined TRACON& Tower with Radar,46,26,26,11,109,0,13,115,6,134,46,39,141,17,243,16,2,18,261
03/30/2016,FAT,CA,AWP,WE,Combined TRACON& Tower with Radar,50,18,34,11,113,0,21,115,12,148,50,39,149,23,261,30,4,34,295
03/31/2016,FAT,CA,AWP,WE,Combined TRACON& Tower with Radar,48,22,36,9,115,0,16,128,6,150,48,38,164,15,265,92,2,94,359
04/01/2016,FAT,CA,AWP,WE,Combined TRACON& Tower with Radar,42,32,25,9,108,0,28,146,19,193,42,60,171,28,301,38,4,42,343
04/02/2016,FAT,CA,AWP,WE,Combined TRACON& Tower with Radar,41,20,27,9,97,0,21,101,17,139,41,41,128,26,236,52,0,52,288
04/03/2016,FAT,CA,AWP,WE,Combined TRACON& Tower with Radar,43,25,22,1,91,0,20,71,1,92,43,45,93,2,183,60,0,60,243
04/04/2016,FAT,CA,AWP,WE,Combined TRACON& Tower with Radar,49,23,18,0,90,0,11,85,3,99,49,34,103,3,189,50,0,50,239
04/05/2016,FAT,CA,AWP,WE,Combined TRACON& Tower with Radar,49,24,21,17,111,0,21,118,21,160,49,45,139,38,271,54,14,68,339
04/06/2016,FAT,CA,AWP,WE,Combined TRACON& Tower with Radar,50,37,28,5,120,0,18,108,13,139,50,55,136,18,259,52,0,52,311
04/07/2016,FAT,CA,AWP,WE,Combined TRACON& Tower with Radar,44,34,26,13,117,0,17,114,9,140,44,51,140,22,257,58,0,58,315
04/08/2016,FAT,CA,AWP,WE,Combined TRACON& Tower with Radar,50,32,43,14,139,0,16,69,6,91,50,48,112,20,230,64,14,78,308
04/09/2016,FAT,CA,AWP,WE,Combined TRACON& Tower with Radar,38,35,15,0,88,0,23,37,0,60,38,58,52,0,148,6,0,6,154
04/10/2016,FAT,CA,AWP,WE,Combined TRACON& Tower with Radar,48,27,26,1,102,0,3,33,1,37,48,30,59,2,139,20,0,20,159
04/11/2016,FAT,CA,AWP,WE,Combined TRACON& Tower with Radar,46,32,33,12,123,0,12,67,3,82,46,44,100,15,205,68,4,72,277
04/12/2016,FAT,CA,AWP,WE,Combined TRACON& Tower with Radar,47,26,31,7,111,0,9,136,5,150,47,35,167,12,261,64,4,68,329
04/13/2016,FAT,CA,AWP,WE,Combined TRACON& Tower with Radar,52,23,57,14,146,0,18,129,6,153,52,41,186,20,299,54,8,62,361
04/14/2016,FAT,CA,AWP,WE,Combined TRACON& Tower with Radar,51,24,41,8,124,0,19,108,4,131,51,43,149,12,255,63,4,67,322
04/15/2016,FAT,CA,AWP,WE,Combined TRACON& Tower with Radar,52,24,24,5,105,0,12,87,7,106,52,36,111,12,211,40,4,44,255
04/16/2016,FAT,CA,AWP,WE,Combined TRACON& Tower with Radar,48,22,23,0,93,0,28,80,3,111,48,50,103,3,204,73,0,73,277
04/17/2016,FAT,CA,AWP,WE,Combined TRACON& Tower with Radar,46,26,27,0,99,0,19,78,2,99,46,45,105,2,198,38,0,38,236
04/18/2016,FAT,CA,AWP,WE,Combined TRACON& Tower with Radar,53,26,19,1,99,0,15,86,7,108,53,41,105,8,207,35,0,35,242
04/19/2016,FAT,CA,AWP,WE,Combined TRACON& Tower with Radar,48,28,38,8,122,0,22,98,6,126,48,50,136,14,248,49,0,49,297
04/20/2016,FAT,CA,AWP,WE,Combined TRACON& Tower with Radar,53,26,42,9,130,0,14,121,7,142,53,40,163,16,272,42,2,44,316
04/21/2016,FAT,CA,AWP,WE,Combined TRACON& Tower with Radar,49,24,32,11,116,0,20,114,4,138,49,44,146,15,254,99,2,101,355
04/22/2016,FAT,CA,AWP,WE,Combined TRACON& Tower with Radar,54,29,33,5,121,0,3,75,5,83,54,32,108,10,204,66,6,72,276
04/23/2016,FAT,CA,AWP,WE,Combined TRACON& Tower with Radar,45,18,27,0,90,0,34,73,2,109,45,52,100,2,199,38,0,38,237
04/24/2016,FAT,CA,AWP,WE,Combined TRACON& Tower with Radar,49,27,30,0,106,0,17,53,0,70,49,44,83,0,176,39,0,39,215
04/25/2016,FAT,CA,AWP,WE,Combined TRACON& Tower with Radar,53,28,29,4,114,0,4,49,9,62,53,32,78,13,176,71,8,79,255
04/26/2016,FAT,CA,AWP,WE,Combined TRACON& Tower with Radar,47,31,42,8,128,0,9,92,7,108,47,40,134,15,236,52,4,56,292
04/27/2016,FAT,CA,AWP,WE,Combined TRACON& Tower with Radar,53,33,35,7,128,0,7,73,11,91,53,40,108,18,219,38,0,38,257
04/28/2016,FAT,CA,AWP,WE,Combined TRACON& Tower with Radar,51,28,46,5,130,0,16,85,4,105,51,44,131,9,235,106,6,112,347
04/29/2016,FAT,CA,AWP,WE,Combined TRACON& Tower with Radar,52,26,28,5,111,0,28,119,8,155,52,54,147,13,266,63,6,69,335
04/30/2016,FAT,CA,AWP,WE,Combined TRACON& Tower with Radar,47,19,6,0,72,0,17,39,1,57,47,36,45,1,129,12,0,12,141
05/01/2016,FAT,CA,AWP,WE,Combined TRACON& Tower with Radar,52,27,12,0,91,0,14,41,2,57,52,41,53,2,148,16,0,16,164
05/02/2016,FAT,CA,AWP,WE,Combined TRACON& Tower with Radar,52,26,19,0,97,0,29,119,5,153,52,55,138,5,250,94,13,107,357
05/03/2016,FAT,CA,AWP,WE,Combined TRACON& Tower with Radar,47,23,30,3,103,0,16,92,18,126,47,39,122,21,229,85,4,89,318
05/04/2016,FAT,CA,AWP,WE,Combined TRACON& Tower with Radar,53,33,49,6,141,0,29,100,15,144,53,62,149,21,285,63,2,65,350
05/05/2016,FAT,CA,AWP,WE,Combined TRACON& Tower with Radar,49,26,50,6,131,0,14,62,6,82,49,40,112,12,213,77,0,77,290
05/06/2016,FAT,CA,AWP,WE,Combined TRACON& Tower with Radar,57,26,48,10,141,0,7,36,2,45,57,33,84,12,186,61,0,61,247
05/07/2016,FAT,CA,AWP,WE,Combined TRACON& Tower with Radar,48,17,16,1,82,0,18,43,0,61,48,35,59,1,143,34,0,34,177
05/08/2016,FAT,CA,AWP,WE,Combined TRACON& Tower with Radar,48,31,36,0,115,0,23,51,0,74,48,54,87,0,189,26,0,26,215
05/09/2016,FAT,CA,AWP,WE,Combined TRACON& Tower with Radar,51,28,30,8,117,0,20,97,13,130,51,48,127,21,247,52,0,52,299
05/10/2016,FAT,CA,AWP,WE,Combined TRACON& Tower with Radar,48,29,56,9,142,0,10,118,16,144,48,39,174,25,286,87,12,99,385
05/11/2016,FAT,CA,AWP,WE,Combined TRACON& Tower with Radar,53,29,27,8,117,0,8,137,6,151,53,37,164,14,268,78,0,78,346
05/12/2016,FAT,CA,AWP,WE,Combined TRACON& Tower with Radar,52,26,35,6,119,0,7,95,6,108,52,33,130,12,227,37,0,37,264
05/13/2016,FAT,CA,AWP,WE,Combined TRACON& Tower with Radar,55,26,44,14,139,0,21,106,9,136,55,47,150,23,275,19,2,21,296
05/14/2016,FAT,CA,AWP,WE,Combined TRACON& Tower with Radar,48,22,15,15,100,0,22,65,5,92,48,44,80,20,192,14,2,16,208
05/15/2016,FAT,CA,AWP,WE,Combined TRACON& Tower with Radar,49,24,24,1,98,0,15,50,9,74,49,39,74,10,172,5,0,5,177
05/16/2016,FAT,CA,AWP,WE,Combined TRACON& Tower with Radar,51,23,23,3,100,0,15,113,15,143,51,38,136,18,243,48,0,48,291
05/17/2016,FAT,CA,AWP,WE,Combined TRACON& Tower with Radar,49,24,37,5,115,0,20,145,11,176,49,44,182,16,291,103,0,103,394
05/18/2016,FAT,CA,AWP,WE,Combined TRACON& Tower with Radar,52,29,27,4,112,0,13,108,9,130,52,42,135,13,242,69,0,69,311
05/19/2016,FAT,CA,AWP,WE,Combined TRACON& Tower with Radar,49,26,41,11,127,0,16,120,12,148,49,42,161,23,275,92,4,96,371
05/20/2016,FAT,CA,AWP,WE,Combined TRACON& Tower with Radar,56,32,28,1,117,0,12,122,1,135,56,44,150,2,252,40,0,40,292
05/21/2016,FAT,CA,AWP,WE,Combined TRACON& Tower with Radar,47,17,18,3,85,0,13,64,3,80,47,30,82,6,165,30,4,34,199
05/22/2016,FAT,CA,AWP,WE,Combined TRACON& Tower with Radar,45,25,18,4,92,0,8,43,5,56,45,33,61,9,148,4,0,4,152
05/23/2016,FAT,CA,AWP,WE,Combined TRACON& Tower with Radar,51,29,33,20,133,0,13,91,7,111,51,42,124,27,244,52,12,64,308
05/24/2016,FAT,CA,AWP,WE,Combined TRACON& Tower with Radar,49,26,33,5,113,0,19,87,4,110,49,45,120,9,223,74,0,74,297
05/25/2016,FAT,CA,AWP,WE,Combined TRACON& Tower with Radar,52,23,30,7,112,0,9,120,8,137,52,32,150,15,249,56,0,56,305
05/26/2016,FAT,CA,AWP,WE,Combined TRACON& Tower with Radar,51,31,42,13,137,0,22,130,3,155,51,53,172,16,292,78,12,90,382
05/27/2016,FAT,CA,AWP,WE,Combined TRACON& Tower with Radar,55,25,40,2,122,0,19,139,2,160,55,44,179,4,282,128,0,128,410
05/28/2016,FAT,CA,AWP,WE,Combined TRACON& Tower with Radar,47,26,15,2,90,0,21,85,2,108,47,47,100,4,198,48,0,48,246
05/29/2016,FAT,CA,AWP,WE,Combined TRACON& Tower with Radar,46,21,11,1,79,0,22,39,1,62,46,43,50,2,141,18,6,24,165
05/30/2016,FAT,CA,AWP,WE,Combined TRACON& Tower with Radar,44,28,23,2,97,0,17,76,1,94,44,45,99,3,191,76,0,76,267
05/31/2016,FAT,CA,AWP,WE,Combined TRACON& Tower with Radar,49,24,30,6,109,0,12,84,8,104,49,36,114,14,213,94,8,102,315
06/01/2016,FAT,CA,AWP,WE,Combined TRACON& Tower with Radar,52,31,38,17,138,0,20,115,11,146,52,51,153,28,284,130,2,132,416
06/02/2016,FAT,CA,AWP,WE,Combined TRACON& Tower with Radar,52,27,24,7,110,0,23,105,11,139,52,50,129,18,249,65,6,71,320
06/03/2016,FAT,CA,AWP,WE,Combined TRACON& Tower with Radar,56,26,36,11,129,0,14,103,15,132,56,40,139,26,261,136,4,140,401
06/04/2016,FAT,CA,AWP,WE,Combined TRACON& Tower with Radar,49,23,27,12,111,0,23,67,4,94,49,46,94,16,205,18,6,24,229
06/05/2016,FAT,CA,AWP,WE,Combined TRACON& Tower with Radar,51,26,31,5,113,0,25,89,3,117,51,51,120,8,230,34,0,34,264
06/06/2016,FAT,CA,AWP,WE,Combined TRACON& Tower with Radar,54,28,38,3,123,0,14,98,3,115,54,42,136,6,238,22,0,22,260
06/07/2016,FAT,CA,AWP,WE,Combined TRACON& Tower with Radar,44,25,25,9,103,0,21,135,11,167,44,46,160,20,270,190,6,196,466
06/08/2016,FAT,CA,AWP,WE,Combined TRACON& Tower with Radar,54,24,47,10,135,0,35,118,9,162,54,59,165,19,297,111,2,113,410
06/09/2016,FAT,CA,AWP,WE,Combined TRACON& Tower with Radar,54,20,54,3,131,0,29,124,4,157,54,49,178,7,288,68,10,78,366
06/10/2016,FAT,CA,AWP,WE,Combined TRACON& Tower with Radar,55,28,33,8,124,0,20,113,15,148,55,48,146,23,272,98,12,110,382
06/11/2016,FAT,CA,AWP,WE,Combined TRACON& Tower with Radar,52,24,19,1,96,0,12,75,3,90,52,36,94,4,186,18,0,18,204
06/12/2016,FAT,CA,AWP,WE,Combined TRACON& Tower with Radar,51,29,30,6,116,0,8,47,1,56,51,37,77,7,172,2,0,2,174
06/13/2016,FAT,CA,AWP,WE,Combined TRACON& Tower with Radar,55,21,13,0,89,0,13,104,3,120,55,34,117,3,209,40,0,40,249
06/14/2016,FAT,CA,AWP,WE,Combined TRACON& Tower with Radar,50,26,41,9,126,0,17,108,10,135,50,43,149,19,261,48,34,82,343
06/15/2016,FAT,CA,AWP,WE,Combined TRACON& Tower with Radar,53,24,35,10,122,0,19,114,12,145,53,43,149,22,267,76,0,76,343
06/16/2016,FAT,CA,AWP,WE,Combined TRACON& Tower with Radar,56,24,35,5,120,1,25,122,8,156,57,49,157,13,276,92,2,94,370
06/17/2016,FAT,CA,AWP,WE,Combined TRACON& Tower with Radar,58,23,42,0,123,0,16,118,7,141,58,39,160,7,264,50,4,54,318
06/18/2016,FAT,CA,AWP,WE,Combined TRACON& Tower with Radar,52,31,22,1,106,0,49,83,7,139,52,80,105,8,245,2,0,2,247
06/19/2016,FAT,CA,AWP,WE,Combined TRACON& Tower with Radar,57,22,13,1,93,1,5,86,9,101,58,27,99,10,194,12,0,12,206
06/20/2016,FAT,CA,AWP,WE,Combined TRACON& Tower with Radar,57,19,34,4,114,0,15,117,5,137,57,34,151,9,251,66,0,66,317
06/21/2016,FAT,CA,AWP,WE,Combined TRACON& Tower with Radar,53,24,16,1,94,0,17,132,10,159,53,41,148,11,253,70,0,70,323
06/22/2016,FAT,CA,AWP,WE,Combined TRACON& Tower with Radar,55,23,34,3,115,0,16,130,4,150,55,39,164,7,265,38,0,38,303
06/23/2016,FAT,CA,AWP,WE,Combined TRACON& Tower with Radar,56,27,26,1,110,0,8,128,10,146,56,35,154,11,256,64,0,64,320
06/24/2016,FAT,CA,AWP,WE,Combined TRACON& Tower with Radar,61,29,28,12,130,0,14,119,23,156,61,43,147,35,286,48,0,48,334
06/25/2016,FAT,CA,AWP,WE,Combined TRACON& Tower with Radar,55,20,17,3,95,0,14,87,10,111,55,34,104,13,206,28,20,48,254
06/26/2016,FAT,CA,AWP,WE,Combined TRACON& Tower with Radar,53,30,15,5,103,0,11,80,5,96,53,41,95,10,199,36,0,36,235
06/27/2016,FAT,CA,AWP,WE,Combined TRACON& Tower with Radar,56,29,20,0,105,0,10,110,4,124,56,39,130,4,229,44,0,44,273
06/28/2016,FAT,CA,AWP,WE,Combined TRACON& Tower with Radar,52,24,21,5,102,0,19,116,1,136,52,43,137,6,238,84,0,84,322
06/29/2016,FAT,CA,AWP,WE,Combined TRACON& Tower with Radar,57,20,31,14,122,0,10,116,6,132,57,30,147,20,254,40,0,40,294
06/30/2016,FAT,CA,AWP,WE,Combined TRACON& Tower with Radar,56,29,38,15,138,0,7,106,4,117,56,36,144,19,255,86,12,98,353
07/01/2016,FAT,CA,AWP,WE,Combined TRACON& Tower with Radar,58,31,40,3,132,0,18,115,4,137,58,49,155,7,269,24,0,24,293
07/02/2016,FAT,CA,AWP,WE,Combined TRACON& Tower with Radar,57,22,11,0,90,0,19,52,0,71,57,41,63,0,161,12,0,12,173
07/03/2016,FAT,CA,AWP,WE,Combined TRACON& Tower with Radar,49,16,10,0,75,0,21,59,0,80,49,37,69,0,155,44,0,44,199
07/04/2016,FAT,CA,AWP,WE,Combined TRACON& Tower with Radar,48,12,6,0,66,0,16,83,2,101,48,28,89,2,167,14,0,14,181
07/05/2016,FAT,CA,AWP,WE,Combined TRACON& Tower with Radar,51,24,31,1,107,0,22,118,3,143,51,46,149,4,250,80,2,82,332
07/06/2016,FAT,CA,AWP,WE,Combined TRACON& Tower with Radar,55,20,26,3,104,0,23,117,7,147,55,43,143,10,251,64,0,64,315
07/07/2016,FAT,CA,AWP,WE,Combined TRACON& Tower with Radar,50,25,24,4,103,0,20,114,4,138,50,45,138,8,241,88,0,88,329
07/08/2016,FAT,CA,AWP,WE,Combined TRACON& Tower with Radar,58,26,49,17,150,0,30,118,7,155,58,56,167,24,305,81,30,111,416
07/09/2016,FAT,CA,AWP,WE,Combined TRACON& Tower with Radar,54,23,9,14,100,0,21,71,9,101,54,44,80,23,201,20,2,22,223
07/10/2016,FAT,CA,AWP,WE,Combined TRACON& Tower with Radar,54,21,26,0,101,0,10,63,0,73,54,31,89,0,174,18,0,18,192
07/11/2016,FAT,CA,AWP,WE,Combined TRACON& Tower with Radar,52,24,20,6,102,0,15,127,20,162,52,39,147,26,264,120,0,120,384
07/12/2016,FAT,CA,AWP,WE,Combined TRACON& Tower with Radar,51,23,34,13,121,0,9,130,8,147,51,32,164,21,268,22,2,24,292
07/13/2016,FAT,CA,AWP,WE,Combined TRACON& Tower with Radar,53,20,34,4,111,0,9,110,6,125,53,29,144,10,236,56,0,56,292
07/14/2016,FAT,CA,AWP,WE,Combined TRACON& Tower with Radar,47,31,35,6,119,0,11,116,8,135,47,42,151,14,254,50,0,50,304
07/15/2016,FAT,CA,AWP,WE,Combined TRACON& Tower with Radar,54,28,25,2,109,0,23,155,11,189,54,51,180,13,298,38,0,38,336
07/16/2016,FAT,CA,AWP,WE,Combined TRACON& Tower with Radar,55,26,15,0,96,0,13,94,3,110,55,39,109,3,206,46,0,46,252
07/17/2016,FAT,CA,AWP,WE,Combined TRACON& Tower with Radar,53,20,17,0,90,0,7,68,0,75,53,27,85,0,165,4,0,4,169
07/18/2016,FAT,CA,AWP,WE,Combined TRACON& Tower with Radar,52,26,22,1,101,0,5,101,2,108,52,31,123,3,209,39,0,39,248
07/19/2016,FAT,CA,AWP,WE,Combined TRACON& Tower with Radar,54,22,20,4,100,0,8,131,7,146,54,30,151,11,246,76,0,76,322
07/20/2016,FAT,CA,AWP,WE,Combined TRACON& Tower with Radar,53,30,33,3,119,0,20,165,13,198,53,50,198,16,317,84,0,84,401
07/21/2016,FAT,CA,AWP,WE,Combined TRACON& Tower with Radar,50,27,27,4,108,0,22,218,15,255,50,49,245,19,363,70,4,74,437
07/22/2016,FAT,CA,AWP,WE,Combined TRACON& Tower with Radar,53,25,37,2,117,0,21,182,10,213,53,46,219,12,330,60,0,60,390
07/23/2016,FAT,CA,AWP,WE,Combined TRACON& Tower with Radar,54,22,19,3,98,0,24,118,3,145,54,46,137,6,243,0,0,0,243
07/24/2016,FAT,CA,AWP,WE,Combined TRACON& Tower with Radar,53,21,17,2,93,0,19,124,6,149,53,40,141,8,242,0,0,0,242
07/25/2016,FAT,CA,AWP,WE,Combined TRACON& Tower with Radar,53,23,25,2,103,0,24,116,2,142,53,47,141,4,245,66,10,76,321
07/26/2016,FAT,CA,AWP,WE,Combined TRACON& Tower with Radar,49,23,27,3,102,0,15,124,4,143,49,38,151,7,245,100,0,100,345
07/27/2016,FAT,CA,AWP,WE,Combined TRACON& Tower with Radar,51,27,29,6,113,0,16,126,10,152,51,43,155,16,265,50,0,50,315
07/28/2016,FAT,CA,AWP,WE,Combined TRACON& Tower with Radar,52,23,36,4,115,0,10,122,8,140,52,33,158,12,255,10,0,10,265
07/29/2016,FAT,CA,AWP,WE,Combined TRACON& Tower with Radar,55,24,20,2,101,0,9,138,12,159,55,33,158,14,260,20,0,20,280
07/30/2016,FAT,CA,AWP,WE,Combined TRACON& Tower with Radar,51,24,18,0,93,0,24,155,13,192,51,48,173,13,285,12,0,12,297
07/31/2016,FAT,CA,AWP,WE,Combined TRACON& Tower with Radar,49,33,15,1,98,0,23,194,37,254,49,56,209,38,352,0,0,0,352
08/01/2016,FAT,CA,AWP,WE,Combined TRACON& Tower with Radar,52,25,31,1,109,0,8,149,5,162,52,33,180,6,271,34,0,34,305
08/02/2016,FAT,CA,AWP,WE,Combined TRACON& Tower with Radar,49,26,21,3,99,0,16,126,7,149,49,42,147,10,248,60,0,60,308
08/03/2016,FAT,CA,AWP,WE,Combined TRACON& Tower with Radar,52,29,35,3,119,0,27,151,5,183,52,56,186,8,302,36,4,40,342
08/04/2016,FAT,CA,AWP,WE,Combined TRACON& Tower with Radar,51,30,48,16,145,0,13,152,14,179,51,43,200,30,324,36,18,54,378
08/05/2016,FAT,CA,AWP,WE,Combined TRACON& Tower with Radar,54,30,36,15,135,0,19,154,16,189,54,49,190,31,324,36,38,74,398
08/06/2016,FAT,CA,AWP,WE,Combined TRACON& Tower with Radar,55,20,36,9,120,0,17,97,7,121,55,37,133,16,241,4,0,4,245
08/07/2016,FAT,CA,AWP,WE,Combined TRACON& Tower with Radar,53,27,13,3,96,0,26,78,4,108,53,53,91,7,204,24,0,24,228
08/08/2016,FAT,CA,AWP,WE,Combined TRACON& Tower with Radar,53,27,37,1,118,0,14,101,10,125,53,41,138,11,243,32,0,32,275
08/09/2016,FAT,CA,AWP,WE,Combined TRACON& Tower with Radar,48,38,42,6,134,0,9,123,7,139,48,47,165,13,273,54,0,54,327
08/10/2016,FAT,CA,AWP,WE,Combined TRACON& Tower with Radar,52,27,27,5,111,0,7,133,11,151,52,34,160,16,262,63,0,63,325
08/11/2016,FAT,CA,AWP,WE,Combined TRACON& Tower with Radar,52,31,31,4,118,0,10,100,10,120,52,41,131,14,238,52,0,52,290
08/12/2016,FAT,CA,AWP,WE,Combined TRACON& Tower with Radar,54,35,28,4,121,0,16,116,7,139,54,51,144,11,260,80,0,80,340
08/13/2016,FAT,CA,AWP,WE,Combined TRACON& Tower with Radar,55,23,18,6,102,0,14,90,0,104,55,37,108,6,206,26,0,26,232
08/14/2016,FAT,CA,AWP,WE,Combined TRACON& Tower with Radar,50,28,19,2,99,0,7,71,2,80,50,35,90,4,179,28,0,28,207
08/15/2016,FAT,CA,AWP,WE,Combined TRACON& Tower with Radar,51,32,32,4,119,0,27,99,3,129,51,59,131,7,248,38,0,38,286
08/16/2016,FAT,CA,AWP,WE,Combined TRACON& Tower with Radar,47,27,21,12,107,0,16,106,11,133,47,43,127,23,240,36,6,42,282
08/17/2016,FAT,CA,AWP,WE,Combined TRACON& Tower with Radar,49,35,33,3,120,0,6,141,4,151,49,41,174,7,271,62,0,62,333
08/18/2016,FAT,CA,AWP,WE,Combined TRACON& Tower with Radar,49,33,25,12,119,0,4,108,3,115,49,37,133,15,234,16,8,24,258
08/19/2016,FAT,CA,AWP,WE,Combined TRACON& Tower with Radar,48,34,28,0,110,0,4,94,4,102,48,38,122,4,212,14,0,14,226
08/20/2016,FAT,CA,AWP,WE,Combined TRACON& Tower with Radar,46,20,29,0,95,0,8,73,3,84,46,28,102,3,179,0,18,18,197
08/21/2016,FAT,CA,AWP,WE,Combined TRACON& Tower with Radar,52,27,7,5,91,0,16,60,3,79,52,43,67,8,170,28,0,28,198
08/22/2016,FAT,CA,AWP,WE,Combined TRACON& Tower with Radar,49,27,25,4,105,0,12,101,4,117,49,39,126,8,222,52,0,52,274
08/23/2016,FAT,CA,AWP,WE,Combined TRACON& Tower with Radar,46,35,28,5,114,0,8,117,9,134,46,43,145,14,248,49,8,57,305
08/24/2016,FAT,CA,AWP,WE,Combined TRACON& Tower with Radar,48,37,19,12,116,0,11,104,5,120,48,48,123,17,236,30,0,30,266
08/25/2016,FAT,CA,AWP,WE,Combined TRACON& Tower with Radar,46,29,39,6,120,0,20,138,11,169,46,49,177,17,289,50,0,50,339
08/26/2016,FAT,CA,AWP,WE,Combined TRACON& Tower with Radar,50,22,28,7,107,0,11,103,8,122,50,33,131,15,229,56,0,56,285
08/27/2016,FAT,CA,AWP,WE,Combined TRACON& Tower with Radar,43,23,13,6,85,0,21,63,3,87,43,44,76,9,172,24,2,26,198
08/28/2016,FAT,CA,AWP,WE,Combined TRACON& Tower with Radar,43,21,17,2,83,0,25,54,3,82,43,46,71,5,165,8,0,8,173
08/29/2016,FAT,CA,AWP,WE,Combined TRACON& Tower with Radar,40,30,21,0,91,0,10,118,7,135,40,40,139,7,226,74,0,74,300
08/30/2016,FAT,CA,AWP,WE,Combined TRACON& Tower with Radar,38,27,30,1,96,1,17,118,12,148,39,44,148,13,244,76,13,89,333
08/31/2016,FAT,CA,AWP,WE,Combined TRACON& Tower with Radar,41,26,26,3,96,0,32,112,9,153,41,58,138,12,249,32,0,32,281
09/01/2016,FAT,CA,AWP,WE,Combined TRACON& Tower with Radar,45,29,38,6,118,0,17,127,22,166,45,46,165,28,284,32,0,32,316
09/02/2016,FAT,CA,AWP,WE,Combined TRACON& Tower with Radar,48,27,15,4,94,0,17,116,1,134,48,44,131,5,228,30,0,30,258
09/03/2016,FAT,CA,AWP,WE,Combined TRACON& Tower with Radar,35,20,16,4,75,0,22,137,5,164,35,42,153,9,239,14,0,14,253
09/04/2016,FAT,CA,AWP,WE,Combined TRACON& Tower with Radar,43,17,5,2,67,0,30,60,9,99,43,47,65,11,166,26,0,26,192
09/05/2016,FAT,CA,AWP,WE,Combined TRACON& Tower with Radar,38,24,25,2,89,1,19,66,5,91,39,43,91,7,180,79,2,81,261
09/06/2016,FAT,CA,AWP,WE,Combined TRACON& Tower with Radar,39,30,18,5,92,0,18,105,6,129,39,48,123,11,221,16,0,16,237
09/07/2016,FAT,CA,AWP,WE,Combined TRACON& Tower with Radar,42,29,39,9,119,0,19,151,9,179,42,48,190,18,298,14,0,14,312
09/08/2016,FAT,CA,AWP,WE,Combined TRACON& Tower with Radar,43,28,26,1,98,0,19,149,12,180,43,47,175,13,278,70,38,108,386
09/09/2016,FAT,CA,AWP,WE,Combined TRACON& Tower with Radar,46,30,27,11,114,0,17,99,10,126,46,47,126,21,240,24,10,34,274
09/10/2016,FAT,CA,AWP,WE,Combined TRACON& Tower with Radar,36,21,8,4,69,0,17,103,12,132,36,38,111,16,201,2,0,2,203
09/11/2016,FAT,CA,AWP,WE,Combined TRACON& Tower with Radar,43,24,17,0,84,0,25,78,4,107,43,49,95,4,191,14,0,14,205
09/12/2016,FAT,CA,AWP,WE,Combined TRACON& Tower with Radar,44,26,31,3,104,0,13,123,5,141,44,39,154,8,245,16,2,18,263
09/13/2016,FAT,CA,AWP,WE,Combined TRACON& Tower with Radar,37,30,19,4,90,0,12,150,12,174,37,42,169,16,264,23,0,23,287
09/14/2016,FAT,CA,AWP,WE,Combined TRACON& Tower with Radar,43,25,24,3,95,0,11,154,4,169,43,36,178,7,264,10,0,10,274
09/15/2016,FAT,CA,AWP,WE,Combined TRACON& Tower with Radar,44,29,26,7,106,0,12,182,9,203,44,41,208,16,309,80,0,80,389
09/16/2016,FAT,CA,AWP,WE,Combined TRACON& Tower with Radar,47,27,49,5,128,0,16,112,3,131,47,43,161,8,259,54,0,54,313
09/17/2016,FAT,CA,AWP,WE,Combined TRACON& Tower with Radar,41,20,14,3,78,0,36,105,9,150,41,56,119,12,228,32,0,32,260
09/18/2016,FAT,CA,AWP,WE,Combined TRACON& Tower with Radar,43,29,16,5,93,0,26,112,6,144,43,55,128,11,237,0,0,0,237
09/19/2016,FAT,CA,AWP,WE,Combined TRACON& Tower with Radar,43,38,30,0,111,0,25,128,12,165,43,63,158,12,276,6,0,6,282
09/20/2016,FAT,CA,AWP,WE,Combined TRACON& Tower with Radar,38,29,34,5,106,0,20,116,14,150,38,49,150,19,256,58,4,62,318
09/21/2016,FAT,CA,AWP,WE,Combined TRACON& Tower with Radar,41,30,38,8,117,0,15,154,6,175,41,45,192,14,292,86,4,90,382
09/22/2016,FAT,CA,AWP,WE,Combined TRACON& Tower with Radar,42,23,35,5,105,0,18,120,17,155,42,41,155,22,260,20,0,20,280
09/23/2016,FAT,CA,AWP,WE,Combined TRACON& Tower with Radar,45,27,32,12,116,0,15,111,10,136,45,42,143,22,252,8,0,8,260
09/24/2016,FAT,CA,AWP,WE,Combined TRACON& Tower with Radar,38,17,24,7,86,0,19,99,10,128,38,36,123,17,214,16,0,16,230
09/25/2016,FAT,CA,AWP,WE,Combined TRACON& Tower with Radar,41,24,19,7,91,0,7,80,5,92,41,31,99,12,183,22,0,22,205
09/26/2016,FAT,CA,AWP,WE,Combined TRACON& Tower with Radar,42,29,29,6,106,0,16,105,13,134,42,45,134,19,240,28,0,28,268
09/27/2016,FAT,CA,AWP,WE,Combined TRACON& Tower with Radar,36,24,22,8,90,0,21,109,13,143,36,45,131,21,233,16,2,18,251
09/28/2016,FAT,CA,AWP,WE,Combined TRACON& Tower with Radar,43,29,54,4,130,0,16,141,5,162,43,45,195,9,292,78,0,78,370
09/29/2016,FAT,CA,AWP,WE,Combined TRACON& Tower with Radar,44,26,22,8,100,0,19,148,18,185,44,45,170,26,285,38,0,38,323
09/30/2016,FAT,CA,AWP,WE,Combined TRACON& Tower with Radar,48,32,33,5,118,0,24,130,13,167,48,56,163,18,285,60,0,60,345
10/01/2016,FAT,CA,AWP,WE,Combined TRACON& Tower with Radar,40,18,27,5,90,0,9,67,11,87,40,27,94,16,177,22,0,22,199
10/02/2016,FAT,CA,AWP,WE,Combined TRACON& Tower with Radar,49,23,23,6,101,0,14,40,20,74,49,37,63,26,175,18,0,18,193
10/03/2016,FAT,CA,AWP,WE,Combined TRACON& Tower with Radar,44,23,15,0,82,0,24,97,7,128,44,47,112,7,210,18,0,18,228
10/04/2016,FAT,CA,AWP,WE,Combined TRACON& Tower with Radar,38,26,39,5,108,0,15,134,19,168,38,41,173,24,276,12,0,12,288
10/05/2016,FAT,CA,AWP,WE,Combined TRACON& Tower with Radar,45,26,16,16,103,0,10,133,13,156,45,36,149,29,259,40,18,58,317
10/06/2016,FAT,CA,AWP,WE,Combined TRACON& Tower with Radar,47,24,33,3,107,0,16,140,10,166,47,40,173,13,273,34,0,34,307
10/07/2016,FAT,CA,AWP,WE,Combined TRACON& Tower with Radar,54,26,28,5,113,0,22,132,11,165,54,48,160,16,278,17,0,17,295
10/08/2016,FAT,CA,AWP,WE,Combined TRACON& Tower with Radar,45,18,14,0,77,0,40,74,6,120,45,58,88,6,197,0,0,0,197
10/09/2016,FAT,CA,AWP,WE,Combined TRACON& Tower with Radar,47,17,18,0,82,0,20,58,8,86,47,37,76,8,168,14,0,14,182
10/10/2016,FAT,CA,AWP,WE,Combined TRACON& Tower with Radar,50,23,29,1,103,0,18,91,4,113,50,41,120,5,216,50,0,50,266
10/11/2016,FAT,CA,AWP,WE,Combined TRACON& Tower with Radar,49,22,25,1,97,0,33,190,11,234,49,55,215,12,331,34,2,36,367
10/12/2016,FAT,CA,AWP,WE,Combined TRACON& Tower with Radar,47,21,20,10,98,0,23,188,21,232,47,44,208,31,330,20,0,20,350
10/13/2016,FAT,CA,AWP,WE,Combined TRACON& Tower with Radar,50,23,36,7,116,0,14,141,17,172,50,37,177,24,288,40,18,58,346
10/14/2016,FAT,CA,AWP,WE,Combined TRACON& Tower with Radar,50,30,36,7,123,0,15,128,11,154,50,45,164,18,277,9,8,17,294
10/15/2016,FAT,CA,AWP,WE,Combined TRACON& Tower with Radar,44,16,15,0,75,0,14,60,5,79,44,30,75,5,154,22,0,22,176
10/16/2016,FAT,CA,AWP,WE,Combined TRACON& Tower with Radar,47,18,34,2,101,0,17,38,4,59,47,35,72,6,160,0,0,0,160
10/17/2016,FAT,CA,AWP,WE,Combined TRACON& Tower with Radar,49,23,36,2,110,0,14,107,7,128,49,37,143,9,238,18,0,18,256
10/18/2016,FAT,CA,AWP,WE,Combined TRACON& Tower with Radar,45,21,35,10,111,0,24,103,11,138,45,45,138,21,249,12,0,12,261
10/19/2016,FAT,CA,AWP,WE,Combined TRACON& Tower with Radar,51,22,28,5,106,0,14,123,20,157,51,36,151,25,263,44,8,52,315
10/20/2016,FAT,CA,AWP,WE,Combined TRACON& Tower with Radar,50,24,32,7,113,0,14,137,13,164,50,38,169,20,277,36,0,36,313
10/21/2016,FAT,CA,AWP,WE,Combined TRACON& Tower with Radar,55,20,32,3,110,0,11,121,10,142,55,31,153,13,252,32,4,36,288
10/22/2016,FAT,CA,AWP,WE,Combined TRACON& Tower with Radar,45,12,11,0,68,0,15,100,8,123,45,27,111,8,191,18,0,18,209
10/23/2016,FAT,CA,AWP,WE,Combined TRACON& Tower with Radar,50,18,17,0,85,0,13,76,2,91,50,31,93,2,176,34,0,34,210
10/24/2016,FAT,CA,AWP,WE,Combined TRACON& Tower with Radar,54,18,16,5,93,0,18,81,14,113,54,36,97,19,206,50,0,50,256
10/25/2016,FAT,CA,AWP,WE,Combined TRACON& Tower with Radar,45,21,28,6,100,0,21,97,21,139,45,42,125,27,239,88,6,94,333
10/26/2016,FAT,CA,AWP,WE,Combined TRACON& Tower with Radar,49,27,34,5,115,0,25,139,11,175,49,52,173,16,290,42,2,44,334
10/27/2016,FAT,CA,AWP,WE,Combined TRACON& Tower with Radar,50,23,34,10,117,0,16,95,5,116,50,39,129,15,233,70,2,72,305
10/28/2016,FAT,CA,AWP,WE,Combined TRACON& Tower with Radar,54,22,36,6,118,0,13,29,2,44,54,35,65,8,162,0,2,2,164
10/29/2016,FAT,CA,AWP,WE,Combined TRACON& Tower with Radar,41,22,15,2,80,0,20,68,5,93,41,42,83,7,173,28,0,28,201
10/30/2016,FAT,CA,AWP,WE,Combined TRACON& Tower with Radar,43,24,24,0,91,0,15,33,2,50,43,39,57,2,141,0,0,0,141
10/31/2016,FAT,CA,AWP,WE,Combined TRACON& Tower with Radar,47,29,27,3,106,0,23,114,4,141,47,52,141,7,247,46,0,46,293
11/01/2016,FAT,CA,AWP,WE,Combined TRACON& Tower with Radar,46,26,37,11,120,0,7,108,7,122,46,33,145,18,242,42,0,42,284
11/02/2016,FAT,CA,AWP,WE,Combined TRACON& Tower with Radar,45,30,24,7,106,0,9,126,12,147,45,39,150,19,253,54,10,64,317
11/03/2016,FAT,CA,AWP,WE,Combined TRACON& Tower with Radar,51,29,34,18,132,0,28,122,14,164,51,57,156,32,296,42,32,74,370
11/04/2016,FAT,CA,AWP,WE,Combined TRACON& Tower with Radar,55,33,36,13,137,0,21,115,7,143,55,54,151,20,280,8,0,8,288
11/05/2016,FAT,CA,AWP,WE,Combined TRACON& Tower with Radar,42,23,18,6,89,0,11,59,7,77,42,34,77,13,166,34,16,50,216
11/06/2016,FAT,CA,AWP,WE,Combined TRACON& Tower with Radar,47,33,51,1,132,0,4,21,0,25,47,37,72,1,157,0,0,0,157
11/07/2016,FAT,CA,AWP,WE,Combined TRACON& Tower with Radar,50,32,26,5,113,0,2,73,0,75,50,34,99,5,188,74,0,74,262
11/08/2016,FAT,CA,AWP,WE,Combined TRACON& Tower with Radar,47,26,31,15,119,0,2,106,6,114,47,28,137,21,233,42,12,54,287
11/09/2016,FAT,CA,AWP,WE,Combined TRACON& Tower with Radar,46,29,26,9,110,0,6,103,5,114,46,35,129,14,224,44,8,52,276
11/10/2016,FAT,CA,AWP,WE,Combined TRACON& Tower with Radar,46,32,42,7,127,0,3,105,11,119,46,35,147,18,246,92,12,104,350
11/11/2016,FAT,CA,AWP,WE,Combined TRACON& Tower with Radar,49,27,31,2,109,0,21,99,4,124,49,48,130,6,233,63,0,63,296
11/12/2016,FAT,CA,AWP,WE,Combined TRACON& Tower with Radar,43,24,14,0,81,0,32,70,0,102,43,56,84,0,183,44,0,44,227
11/13/2016,FAT,CA,AWP,WE,Combined TRACON& Tower with Radar,47,19,16,1,83,0,16,65,0,81,47,35,81,1,164,8,0,8,172
11/14/2016,FAT,CA,AWP,WE,Combined TRACON& Tower with Radar,48,24,27,3,102,0,20,83,8,111,48,44,110,11,213,32,0,32,245
11/15/2016,FAT,CA,AWP,WE,Combined TRACON& Tower with Radar,45,31,18,8,102,0,16,76,6,98,45,47,94,14,200,50,10,60,260
11/16/2016,FAT,CA,AWP,WE,Combined TRACON& Tower with Radar,47,29,39,9,124,0,31,98,11,140,47,60,137,20,264,30,0,30,294
11/17/2016,FAT,CA,AWP,WE,Combined TRACON& Tower with Radar,49,29,23,7,108,0,17,108,9,134,49,46,131,16,242,70,6,76,318
11/18/2016,FAT,CA,AWP,WE,Combined TRACON& Tower with Radar,48,32,15,10,105,0,13,123,10,146,48,45,138,20,251,50,40,90,341
11/19/2016,FAT,CA,AWP,WE,Combined TRACON& Tower with Radar,41,18,26,1,86,0,21,59,1,81,41,39,85,2,167,18,0,18,185
11/20/2016,FAT,CA,AWP,WE,Combined TRACON& Tower with Radar,47,20,26,0,93,0,7,31,0,38,47,27,57,0,131,0,0,0,131
11/21/2016,FAT,CA,AWP,WE,Combined TRACON& Tower with Radar,44,22,48,2,116,0,4,26,3,33,44,26,74,5,149,8,0,8,157
11/22/2016,FAT,CA,AWP,WE,Combined TRACON& Tower with Radar,47,37,47,12,143,0,17,74,10,101,47,54,121,22,244,93,8,101,345
11/23/2016,FAT,CA,AWP,WE,Combined TRACON& Tower with Radar,50,28,32,2,112,2,16,80,6,104,52,44,112,8,216,79,4,83,299
11/24/2016,FAT,CA,AWP,WE,Combined TRACON& Tower with Radar,34,10,6,0,50,0,16,14,0,30,34,26,20,0,80,0,0,0,80
11/25/2016,FAT,CA,AWP,WE,Combined TRACON& Tower with Radar,45,20,21,0,86,0,19,66,0,85,45,39,87,0,171,7,2,9,180
11/26/2016,FAT,CA,AWP,WE,Combined TRACON& Tower with Radar,48,33,17,1,99,0,9,31,0,40,48,42,48,1,139,0,0,0,139
11/27/2016,FAT,CA,AWP,WE,Combined TRACON& Tower with Radar,47,26,35,0,108,0,15,49,0,64,47,41,84,0,172,4,0,4,176
11/28/2016,FAT,CA,AWP,WE,Combined TRACON& Tower with Radar,48,32,35,1,116,0,8,64,1,73,48,40,99,2,189,92,4,96,285
11/29/2016,FAT,CA,AWP,WE,Combined TRACON& Tower with Radar,50,35,36,13,134,0,4,73,9,86,50,39,109,22,220,34,10,44,264
11/30/2016,FAT,CA,AWP,WE,Combined TRACON& Tower with Radar,48,37,18,13,116,0,21,83,10,114,48,58,101,23,230,42,20,62,292
12/01/2016,FAT,CA,AWP,WE,Combined TRACON& Tower with Radar,50,28,67,15,160,0,7,26,2,35,50,35,93,17,195,1,0,1,196
12/02/2016,FAT,CA,AWP,WE,Combined TRACON& Tower with Radar,47,29,34,15,125,0,14,51,5,70,47,43,85,20,195,12,0,12,207
12/03/2016,FAT,CA,AWP,WE,Combined TRACON& Tower with Radar,47,19,22,19,107,0,13,47,6,66,47,32,69,25,173,24,6,30,203
12/04/2016,FAT,CA,AWP,WE,Combined TRACON& Tower with Radar,46,22,29,0,97,0,6,64,0,70,46,28,93,0,167,38,0,38,205
12/05/2016,FAT,CA,AWP,WE,Combined TRACON& Tower with Radar,42,27,41,3,113,0,4,62,7,73,42,31,103,10,186,72,0,72,258
12/06/2016,FAT,CA,AWP,WE,Combined TRACON& Tower with Radar,44,28,51,7,130,0,14,26,2,42,44,42,77,9,172,7,2,9,181
12/07/2016,FAT,CA,AWP,WE,Combined TRACON& Tower with Radar,51,26,56,12,145,0,21,45,2,68,51,47,101,14,213,24,2,26,239
12/08/2016,FAT,CA,AWP,WE,Combined TRACON& Tower with Radar,48,45,55,7,155,0,23,23,3,49,48,68,78,10,204,14,0,14,218
12/09/2016,FAT,CA,AWP,WE,Combined TRACON& Tower with Radar,50,26,45,3,124,0,16,60,3,79,50,42,105,6,203,62,0,62,265
12/10/2016,FAT,CA,AWP,WE,Combined TRACON& Tower with Radar,44,13,23,0,80,0,13,54,0,67,44,26,77,0,147,30,0,30,177
12/11/2016,FAT,CA,AWP,WE,Combined TRACON& Tower with Radar,45,25,21,0,91,0,7,53,0,60,45,32,74,0,151,26,0,26,177
12/12/2016,FAT,CA,AWP,WE,Combined TRACON& Tower with Radar,45,32,30,0,107,0,7,68,2,77,45,39,98,2,184,44,0,44,228
12/13/2016,FAT,CA,AWP,WE,Combined TRACON& Tower with Radar,41,33,35,17,126,0,5,96,5,106,41,38,131,22,232,62,0,62,294
12/14/2016,FAT,CA,AWP,WE,Combined TRACON& Tower with Radar,51,29,21,6,107,0,17,111,13,141,51,46,132,19,248,66,18,84,332
12/15/2016,FAT,CA,AWP,WE,Combined TRACON& Tower with Radar,51,30,39,11,131,0,14,44,2,60,51,44,83,13,191,50,0,50,241
12/16/2016,FAT,CA,AWP,WE,Combined TRACON& Tower with Radar,51,28,37,7,123,0,9,81,5,95,51,37,118,12,218,48,0,48,266
12/17/2016,FAT,CA,AWP,WE,Combined TRACON& Tower with Radar,40,24,14,0,78,0,8,84,2,94,40,32,98,2,172,20,0,20,192
12/18/2016,FAT,CA,AWP,WE,Combined TRACON& Tower with Radar,46,16,15,0,77,0,24,58,1,83,46,40,73,1,160,38,0,38,198
12/19/2016,FAT,CA,AWP,WE,Combined TRACON& Tower with Radar,44,24,30,7,105,0,10,94,9,113,44,34,124,16,218,56,8,64,282
12/20/2016,FAT,CA,AWP,WE,Combined TRACON& Tower with Radar,46,30,28,9,113,0,16,83,6,105,46,46,111,15,218,68,4,72,290
12/21/2016,FAT,CA,AWP,WE,Combined TRACON& Tower with Radar,47,29,40,4,120,0,20,78,7,105,47,49,118,11,225,94,0,94,319
12/22/2016,FAT,CA,AWP,WE,Combined TRACON& Tower with Radar,53,28,32,4,117,0,7,63,4,74,53,35,95,8,191,62,8,70,261
12/23/2016,FAT,CA,AWP,WE,Combined TRACON& Tower with Radar,47,27,37,3,114,0,2,16,0,18,47,29,53,3,132,4,0,4,136
12/24/2016,FAT,CA,AWP,WE,Combined TRACON& Tower with Radar,41,22,6,0,69,0,21,33,0,54,41,43,39,0,123,20,0,20,143
12/25/2016,FAT,CA,AWP,WE,Combined TRACON& Tower with Radar,38,21,3,0,62,0,19,28,0,47,38,40,31,0,109,4,0,4,113
12/26/2016,FAT,CA,AWP,WE,Combined TRACON& Tower with Radar,43,28,20,1,92,0,11,60,0,71,43,39,80,1,163,14,0,14,177
12/27/2016,FAT,CA,AWP,WE,Combined TRACON& Tower with Radar,40,27,16,2,85,0,5,97,0,102,40,32,113,2,187,32,0,32,219
12/28/2016,FAT,CA,AWP,WE,Combined TRACON& Tower with Radar,47,34,32,6,119,0,16,110,3,129,47,50,142,9,248,50,0,50,298
12/29/2016,FAT,CA,AWP,WE,Combined TRACON& Tower with Radar,53,26,24,4,107,0,15,110,3,128,53,41,134,7,235,60,14,74,309
12/30/2016,FAT,CA,AWP,WE,Combined TRACON& Tower with Radar,52,26,43,0,121,0,16,19,0,35,52,42,62,0,156,0,0,0,156
12/31/2016,FAT,CA,AWP,WE,Combined TRACON& Tower with Radar,50,19,16,0,85,0,10,9,0,19,50,29,25,0,104,0,0,0,104
01/01/2017,FAT,CA,AWP,WE,Combined TRACON& Tower with Radar,41,25,11,0,77,0,9,36,0,45,41,34,47,0,122,20,0,20,142
01/02/2017,FAT,CA,AWP,WE,Combined TRACON& Tower with Radar,43,36,31,0,110,0,26,59,0,85,43,62,90,0,195,40,0,40,235
01/03/2017,FAT,CA,AWP,WE,Combined TRACON& Tower with Radar,38,26,14,10,88,0,19,56,3,78,38,45,70,13,166,90,16,106,272
01/04/2017,FAT,CA,AWP,WE,Combined TRACON& Tower with Radar,46,25,30,30,131,0,27,46,6,79,46,52,76,36,210,70,30,100,310
01/05/2017,FAT,CA,AWP,WE,Combined TRACON& Tower with Radar,43,20,37,32,132,0,18,52,3,73,43,38,89,35,205,22,28,50,255
01/06/2017,FAT,CA,AWP,WE,Combined TRACON& Tower with Radar,43,23,27,8,101,0,22,110,8,140,43,45,137,16,241,28,14,42,283
01/07/2017,FAT,CA,AWP,WE,Combined TRACON& Tower with Radar,40,21,12,0,73,0,9,11,0,20,40,30,23,0,93,2,0,2,95
01/08/2017,FAT,CA,AWP,WE,Combined TRACON& Tower with Radar,42,22,14,2,80,0,13,17,1,31,42,35,31,3,111,0,0,0,111
01/09/2017,FAT,CA,AWP,WE,Combined TRACON& Tower with Radar,45,26,33,3,107,0,5,60,5,70,45,31,93,8,177,94,0,94,271
01/10/2017,FAT,CA,AWP,WE,Combined TRACON& Tower with Radar,38,25,37,2,102,0,4,51,1,56,38,29,88,3,158,26,0,26,184
01/11/2017,FAT,CA,AWP,WE,Combined TRACON& Tower with Radar,46,28,52,11,137,0,7,68,8,83,46,35,120,19,220,86,26,112,332
01/12/2017,FAT,CA,AWP,WE,Combined TRACON& Tower with Radar,44,32,42,2,120,0,0,26,2,28,44,32,68,4,148,10,0,10,158
01/13/2017,FAT,CA,AWP,WE,Combined TRACON& Tower with Radar,48,29,48,0,125,0,10,41,5,56,48,39,89,5,181,42,0,42,223
01/14/2017,FAT,CA,AWP,WE,Combined TRACON& Tower with Radar,39,20,43,0,102,0,23,32,1,56,39,43,75,1,158,70,0,70,228
01/15/2017,FAT,CA,AWP,WE,Combined TRACON& Tower with Radar,43,17,34,0,94,0,23,26,2,51,43,40,60,2,145,37,0,37,182
01/16/2017,FAT,CA,AWP,WE,Combined TRACON& Tower with Radar,42,27,52,0,121,0,8,69,4,81,42,35,121,4,202,136,0,136,338
01/17/2017,FAT,CA,AWP,WE,Combined TRACON& Tower with Radar,44,29,30,2,105,0,9,109,4,122,44,38,139,6,227,68,0,68,295
01/18/2017,FAT,CA,AWP,WE,Combined TRACON& Tower with Radar,40,25,32,3,100,0,7,64,9,80,40,32,96,12,180,62,48,110,290
01/19/2017,FAT,CA,AWP,WE,Combined TRACON& Tower with Radar,46,30,46,4,126,0,13,63,5,81,46,43,109,9,207,74,0,74,281
01/20/2017,FAT,CA,AWP,WE,Combined TRACON& Tower with Radar,46,23,23,11,103,0,21,27,4,52,46,44,50,15,155,24,30,54,209
01/21/2017,FAT,CA,AWP,WE,Combined TRACON& Tower with Radar,41,22,16,0,79,0,30,47,0,77,41,52,63,0,156,70,0,70,226
01/22/2017,FAT,CA,AWP,WE,Combined TRACON& Tower with Radar,44,20,12,0,76,0,32,12,0,44,44,52,24,0,120,0,0,0,120
01/23/2017,FAT,CA,AWP,WE,Combined TRACON& Tower with Radar,45,30,29,1,105,0,15,36,3,54,45,45,65,4,159,34,44,78,237
01/24/2017,FAT,CA,AWP,WE,Combined TRACON& Tower with Radar,39,26,26,4,95,0,22,126,16,164,39,48,152,20,259,122,18,140,399
01/25/2017,FAT,CA,AWP,WE,Combined TRACON& Tower with Radar,42,30,43,8,123,0,7,88,4,99,42,37,131,12,222,74,0,74,296
01/26/2017,FAT,CA,AWP,WE,Combined TRACON& Tower with Radar,42,28,40,4,114,0,6,92,6,104,42,34,132,10,218,136,2,138,356
01/27/2017,FAT,CA,AWP,WE,Combined TRACON& Tower with Radar,44,29,23,0,96,0,13,113,4,130,44,42,136,4,226,50,4,54,280
01/28/2017,FAT,CA,AWP,WE,Combined TRACON& Tower with Radar,39,19,18,0,76,0,26,84,2,112,39,45,102,2,188,32,0,32,220
01/29/2017,FAT,CA,AWP,WE,Combined TRACON& Tower with Radar,44,26,16,0,86,0,23,61,3,87,44,49,77,3,173,38,0,38,211
01/30/2017,FAT,CA,AWP,WE,Combined TRACON& Tower with Radar,41,29,14,1,85,0,14,107,5,126,41,43,121,6,211,86,0,86,297
01/31/2017,FAT,CA,AWP,WE,Combined TRACON& Tower with Radar,39,23,22,2,86,0,21,91,7,119,39,44,113,9,205,84,0,84,289
02/01/2017,FAT,CA,AWP,WE,Combined TRACON& Tower with Radar,41,28,22,18,109,0,22,81,10,113,41,50,103,28,222,78,10,88,310
02/02/2017,FAT,CA,AWP,WE,Combined TRACON& Tower with Radar,43,22,31,7,103,0,8,73,6,87,43,30,104,13,190,108,0,108,298
02/03/2017,FAT,CA,AWP,WE,Combined TRACON& Tower with Radar,47,26,45,15,133,0,18,58,2,78,47,44,103,17,211,18,4,22,233
02/04/2017,FAT,CA,AWP,WE,Combined TRACON& Tower with Radar,44,15,23,0,82,0,25,65,0,90,44,40,88,0,172,38,0,38,210
02/05/2017,FAT,CA,AWP,WE,Combined TRACON& Tower with Radar,39,17,13,0,69,0,14,39,2,55,39,31,52,2,124,16,8,24,148
02/06/2017,FAT,CA,AWP,WE,Combined TRACON& Tower with Radar,45,20,24,19,108,0,2,20,2,24,45,22,44,21,132,16,4,20,152
02/07/2017,FAT,CA,AWP,WE,Combined TRACON& Tower with Radar,45,23,29,8,105,0,14,40,0,54,45,37,69,8,159,8,0,8,167
02/08/2017,FAT,CA,AWP,WE,Combined TRACON& Tower with Radar,41,23,51,11,126,0,21,105,19,145,41,44,156,30,271,84,16,100,371
02/09/2017,FAT,CA,AWP,WE,Combined TRACON& Tower with Radar,41,23,29,5,98,0,27,77,10,114,41,50,106,15,212,138,6,144,356
02/10/2017,FAT,CA,AWP,WE,Combined TRACON& Tower with Radar,43,32,20,3,98,0,12,20,1,33,43,44,40,4,131,14,0,14,145
02/11/2017,FAT,CA,AWP,WE,Combined TRACON& Tower with Radar,44,22,33,19,118,0,19,40,2,61,44,41,73,21,179,45,0,45,224
02/12/2017,FAT,CA,AWP,WE,Combined TRACON& Tower with Radar,40,20,18,0,78,0,23,57,2,82,40,43,75,2,160,54,0,54,214
02/13/2017,FAT,CA,AWP,WE,Combined TRACON& Tower with Radar,45,22,40,0,107,0,19,112,1,132,45,41,152,1,239,112,0,112,351
02/14/2017,FAT,CA,AWP,WE,Combined TRACON& Tower with Radar,39,26,33,14,112,0,10,121,15,146,39,36,154,29,258,69,20,89,347
02/15/2017,FAT,CA,AWP,WE,Combined TRACON& Tower with Radar,43,22,45,12,122,1,26,117,12,156,44,48,162,24,278,94,2,96,374
02/16/2017,FAT,CA,AWP,WE,Combined TRACON& Tower with Radar,46,31,40,6,123,0,27,68,8,103,46,58,108,14,226,139,0,139,365
02/17/2017,FAT,CA,AWP,WE,Combined TRACON& Tower with Radar,45,24,36,6,111,0,18,17,0,35,45,42,53,6,146,31,8,39,185
02/18/2017,FAT,CA,AWP,WE,Combined TRACON& Tower with Radar,42,15,31,0,88,0,17,59,2,78,42,32,90,2,166,74,4,78,244
02/19/2017,FAT,CA,AWP,WE,Combined TRACON& Tower with Radar,44,19,20,3,86,0,13,38,0,51,44,32,58,3,137,26,0,26,163
02/20/2017,FAT,CA,AWP,WE,Combined TRACON& Tower with Radar,46,24,22,0,92,0,26,24,0,50,46,50,46,0,142,84,0,84,226
02/21/2017,FAT,CA,AWP,WE,Combined TRACON& Tower with Radar,39,30,35,5,109,0,33,64,9,106,39,63,99,14,215,120,0,120,335
02/22/2017,FAT,CA,AWP,WE,Combined TRACON& Tower with Radar,45,26,21,10,102,0,24,91,13,128,45,50,112,23,230,50,14,64,294
02/23/2017,FAT,CA,AWP,WE,Combined TRACON& Tower with Radar,41,33,39,10,123,0,28,130,9,167,41,61,169,19,290,122,2,124,414
02/24/2017,FAT,CA,AWP,WE,Combined TRACON& Tower with Radar,46,27,38,5,116,0,14,144,5,163,46,41,182,10,279,70,0,70,349
02/25/2017,FAT,CA,AWP,WE,Combined TRACON& Tower with Radar,45,15,28,1,89,0,24,99,3,126,45,39,127,4,215,60,0,60,275
02/26/2017,FAT,CA,AWP,WE,Combined TRACON& Tower with Radar,41,23,25,2,91,0,15,66,1,82,41,38,91,3,173,32,0,32,205
02/27/2017,FAT,CA,AWP,WE,Combined TRACON& Tower with Radar,43,23,31,2,99,0,4,73,3,80,43,27,104,5,179,46,0,46,225
02/28/2017,FAT,CA,AWP,WE,Combined TRACON& Tower with Radar,43,24,33,4,104,0,18,100,13,131,43,42,133,17,235,70,0,70,305
03/01/2017,FAT,CA,AWP,WE,Combined TRACON& Tower with Radar,49,20,36,5,110,0,22,129,12,163,49,42,165,17,273,100,6,106,379
03/02/2017,FAT,CA,AWP,WE,Combined TRACON& Tower with Radar,43,28,37,4,112,0,24,142,2,168,43,52,179,6,280,112,10,122,402
03/03/2017,FAT,CA,AWP,WE,Combined TRACON& Tower with Radar,46,29,41,3,119,0,17,119,5,141,46,46,160,8,260,98,0,98,358
03/04/2017,FAT,CA,AWP,WE,Combined TRACON& Tower with Radar,42,21,26,0,89,0,23,82,4,109,42,44,108,4,198,66,0,66,264
03/05/2017,FAT,CA,AWP,WE,Combined TRACON& Tower with Radar,39,23,28,1,91,0,25,29,2,56,39,48,57,3,147,32,0,32,179
03/06/2017,FAT,CA,AWP,WE,Combined TRACON& Tower with Radar,46,24,17,4,91,0,21,87,4,112,46,45,104,8,203,130,0,130,333
03/07/2017,FAT,CA,AWP,WE,Combined TRACON& Tower with Radar,39,18,35,7,99,0,25,128,13,166,39,43,163,20,265,56,0,56,321
03/08/2017,FAT,CA,AWP,WE,Combined TRACON& Tower with Radar,47,21,18,10,96,0,22,134,19,175,47,43,152,29,271,86,0,86,357
03/09/2017,FAT,CA,AWP,WE,Combined TRACON& Tower with Radar,43,24,29,8,104,0,14,143,10,167,43,38,172,18,271,89,0,89,360
03/10/2017,FAT,CA,AWP,WE,Combined TRACON& Tower with Radar,47,24,22,8,101,0,25,119,14,158,47,49,141,22,259,50,0,50,309
03/11/2017,FAT,CA,AWP,WE,Combined TRACON& Tower with Radar,41,14,16,0,71,0,21,68,13,102,41,35,84,13,173,32,0,32,205
03/12/2017,FAT,CA,AWP,WE,Combined TRACON& Tower with Radar,39,26,10,3,78,0,16,83,6,105,39,42,93,9,183,0,12,12,195
03/13/2017,FAT,CA,AWP,WE,Combined TRACON& Tower with Radar,47,27,31,3,108,0,11,85,17,113,47,38,116,20,221,48,24,72,293
03/14/2017,FAT,CA,AWP,WE,Combined TRACON& Tower with Radar,42,24,28,13,107,0,21,104,13,138,42,45,132,26,245,56,14,70,315
03/15/2017,FAT,CA,AWP,WE,Combined TRACON& Tower with Radar,46,31,56,10,143,0,16,96,4,116,46,47,152,14,259,48,0,48,307
03/16/2017,FAT,CA,AWP,WE,Combined TRACON& Tower with Radar,45,29,28,10,112,0,16,132,18,166,45,45,160,28,278,52,40,92,370
03/17/2017,FAT,CA,AWP,WE,Combined TRACON& Tower with Radar,47,23,33,6,109,0,28,119,8,155,47,51,152,14,264,92,4,96,360
03/18/2017,FAT,CA,AWP,WE,Combined TRACON& Tower with Radar,40,14,22,0,76,0,38,89,0,127,40,52,111,0,203,53,0,53,256
03/19/2017,FAT,CA,AWP,WE,Combined TRACON& Tower with Radar,42,19,26,0,87,0,21,52,0,73,42,40,78,0,160,8,0,8,168
03/20/2017,FAT,CA,AWP,WE,Combined TRACON& Tower with Radar,43,21,40,15,119,0,20,94,6,120,43,41,134,21,239,116,0,116,355
03/21/2017,FAT,CA,AWP,WE,Combined TRACON& Tower with Radar,44,23,47,14,128,0,13,53,5,71,44,36,100,19,199,80,4,84,283
03/22/2017,FAT,CA,AWP,WE,Combined TRACON& Tower with Radar,43,20,37,11,111,0,7,63,10,80,43,27,100,21,191,54,6,60,251
03/23/2017,FAT,CA,AWP,WE,Combined TRACON& Tower with Radar,46,23,38,8,115,0,35,112,12,159,46,58,150,20,274,44,12,56,330
03/24/2017,FAT,CA,AWP,WE,Combined TRACON& Tower with Radar,46,23,30,21,120,0,16,75,4,95,46,39,105,25,215,54,18,72,287
03/25/2017,FAT,CA,AWP,WE,Combined TRACON& Tower with Radar,38,15,25,2,80,0,11,40,0,51,38,26,65,2,131,36,0,36,167
03/26/2017,FAT,CA,AWP,WE,Combined TRACON& Tower with Radar,42,23,28,1,94,0,14,59,0,73,42,37,87,1,167,25,0,25,192
03/27/2017,FAT,CA,AWP,WE,Combined TRACON& Tower with Radar,42,22,20,0,84,0,10,43,2,55,42,32,63,2,139,0,0,0,139
03/28/2017,FAT,CA,AWP,WE,Combined TRACON& Tower with Radar,44,29,20,6,99,0,20,77,2,99,44,49,97,8,198,14,0,14,212
03/29/2017,FAT,CA,AWP,WE,Combined TRACON& Tower with Radar,45,35,22,4,106,0,19,95,28,142,45,54,117,32,248,40,18,58,306
03/30/2017,FAT,CA,AWP,WE,Combined TRACON& Tower with Radar,44,30,39,1,114,0,12,69,6,87,44,42,108,7,201,8,12,20,221
03/31/2017,FAT,CA,AWP,WE,Combined TRACON& Tower with Radar,48,29,32,9,118,0,22,121,8,151,48,51,153,17,269,30,8,38,307
04/01/2017,FAT,CA,AWP,WE,Combined TRACON& Tower with Radar,42,18,30,3,93,0,21,138,5,164,42,39,168,8,257,48,0,48,305
04/02/2017,FAT,CA,AWP,WE,Combined TRACON& Tower with Radar,45,20,36,3,104,0,29,101,5,135,45,49,137,8,239,28,0,28,267
04/03/2017,FAT,CA,AWP,WE,Combined TRACON& Tower with Radar,49,19,32,1,101,0,22,92,1,115,49,41,124,2,216,9,10,19,235
04/04/2017,FAT,CA,AWP,WE,Combined TRACON& Tower with Radar,46,24,25,2,97,0,16,77,5,98,46,40,102,7,195,30,4,34,229
04/05/2017,FAT,CA,AWP,WE,Combined TRACON& Tower with Radar,51,25,40,3,119,0,13,86,5,104,51,38,126,8,223,32,0,32,255
04/06/2017,FAT,CA,AWP,WE,Combined TRACON& Tower with Radar,48,19,37,4,108,0,12,58,2,72,48,31,95,6,180,16,4,20,200
04/07/2017,FAT,CA,AWP,WE,Combined TRACON& Tower with Radar,51,26,43,1,121,0,13,26,4,43,51,39,69,5,164,0,0,0,164
04/08/2017,FAT,CA,AWP,WE,Combined TRACON& Tower with Radar,47,16,32,4,99,0,27,44,0,71,47,43,76,4,170,6,0,6,176
04/09/2017,FAT,CA,AWP,WE,Combined TRACON& Tower with Radar,44,19,28,7,98,0,28,46,2,76,44,47,74,9,174,4,0,4,178
04/10/2017,FAT,CA,AWP,WE,Combined TRACON& Tower with Radar,48,18,16,5,87,0,13,83,7,103,48,31,99,12,190,14,0,14,204
04/11/2017,FAT,CA,AWP,WE,Combined TRACON& Tower with Radar,49,19,29,6,103,0,8,73,8,89,49,27,102,14,192,6,0,6,198
04/12/2017,FAT,CA,AWP,WE,Combined TRACON& Tower with Radar,50,22,47,6,125,0,6,78,12,96,50,28,125,18,221,20,16,36,257
04/13/2017,FAT,CA,AWP,WE,Combined TRACON& Tower with Radar,48,22,26,7,103,0,12,69,6,87,48,34,95,13,190,40,0,40,230
04/14/2017,FAT,CA,AWP,WE,Combined TRACON& Tower with Radar,50,19,21,0,90,0,17,103,4,124,50,36,124,4,214,18,0,18,232
04/15/2017,FAT,CA,AWP,WE,Combined TRACON& Tower with Radar,43,19,11,2,75,1,20,79,0,100,44,39,90,2,175,22,0,22,197
04/16/2017,FAT,CA,AWP,WE,Combined TRACON& Tower with Radar,45,24,18,0,87,0,26,46,0,72,45,50,64,0,159,0,0,0,159
04/17/2017,FAT,CA,AWP,WE,Combined TRACON& Tower with Radar,47,30,20,9,106,0,13,54,5,72,47,43,74,14,178,10,10,20,198
04/18/2017,FAT,CA,AWP,WE,Combined TRACON& Tower with Radar,50,23,68,11,152,0,9,34,1,44,50,32,102,12,196,0,0,0,196
04/19/2017,FAT,CA,AWP,WE,Combined TRACON& Tower with Radar,50,24,31,4,109,0,19,102,14,135,50,43,133,18,244,32,0,32,276
04/20/2017,FAT,CA,AWP,WE,Combined TRACON& Tower with Radar,50,26,38,6,120,0,10,70,17,97,50,36,108,23,217,10,0,10,227
04/21/2017,FAT,CA,AWP,WE,Combined TRACON& Tower with Radar,55,20,24,5,104,0,19,93,11,123,55,39,117,16,227,16,0,16,243
04/22/2017,FAT,CA,AWP,WE,Combined TRACON& Tower with Radar,44,17,22,1,84,0,24,67,2,93,44,41,89,3,177,14,0,14,191
04/23/2017,FAT,CA,AWP,WE,Combined TRACON& Tower with Radar,48,17,19,5,89,0,13,62,1,76,48,30,81,6,165,22,0,22,187
04/24/2017,FAT,CA,AWP,WE,Combined TRACON& Tower with Radar,52,23,22,12,109,0,11,62,8,81,52,34,84,20,190,2,8,10,200
04/25/2017,FAT,CA,AWP,WE,Combined TRACON& Tower with Radar,53,20,33,10,116,0,9,81,7,97,53,29,114,17,213,8,24,32,245
04/26/2017,FAT,CA,AWP,WE,Combined TRACON& Tower with Radar,53,19,41,20,133,0,13,67,9,89,53,32,108,29,222,4,14,18,240
04/27/2017,FAT,CA,AWP,WE,Combined TRACON& Tower with Radar,53,18,30,11,112,0,7,78,5,90,53,25,108,16,202,0,14,14,216
04/28/2017,FAT,CA,AWP,WE,Combined TRACON& Tower with Radar,53,19,20,8,100,0,16,69,18,103,53,35,89,26,203,6,8,14,217
04/29/2017,FAT,CA,AWP,WE,Combined TRACON& Tower with Radar,43,16,20,2,81,0,36,78,5,119,43,52,98,7,200,14,0,14,214
04/30/2017,FAT,CA,AWP,WE,Combined TRACON& Tower with Radar,46,17,23,0,86,0,31,78,3,112,46,48,101,3,198,0,0,0,198
05/01/2017,FAT,CA,AWP,WE,Combined TRACON& Tower with Radar,51,23,10,4,88,0,13,95,8,116,51,36,105,12,204,19,0,19,223
05/02/2017,FAT,CA,AWP,WE,Combined TRACON& Tower with Radar,45,20,17,10,92,0,20,80,12,112,45,40,97,22,204,12,0,12,216
05/03/2017,FAT,CA,AWP,WE,Combined TRACON& Tower with Radar,48,24,20,12,104,0,31,71,14,116,48,55,91,26,220,4,0,4,224
05/04/2017,FAT,CA,AWP,WE,Combined TRACON& Tower with Radar,48,27,26,13,114,0,30,115,29,174,48,57,141,42,288,18,0,18,306
05/05/2017,FAT,CA,AWP,WE,Combined TRACON& Tower with Radar,54,32,31,12,129,0,28,63,17,108,54,60,94,29,237,3,18,21,258
05/06/2017,FAT,CA,AWP,WE,Combined TRACON& Tower with Radar,43,24,26,18,111,0,20,37,6,63,43,44,63,24,174,0,0,0,174
05/07/2017,FAT,CA,AWP,WE,Combined TRACON& Tower with Radar,50,28,13,0,91,0,27,25,1,53,50,55,38,1,144,0,0,0,144
05/08/2017,FAT,CA,AWP,WE,Combined TRACON& Tower with Radar,50,29,27,2,108,0,22,49,2,73,50,51,76,4,181,38,0,38,219
05/09/2017,FAT,CA,AWP,WE,Combined TRACON& Tower with Radar,47,21,18,19,105,0,24,79,26,129,47,45,97,45,234,48,54,102,336
05/10/2017,FAT,CA,AWP,WE,Combined TRACON& Tower with Radar,49,29,16,16,110,0,22,74,20,116,49,51,90,36,226,32,4,36,262
05/11/2017,FAT,CA,AWP,WE,Combined TRACON& Tower with Radar,49,22,32,12,115,0,8,75,21,104,49,30,107,33,219,8,34,42,261
05/12/2017,FAT,CA,AWP,WE,Combined TRACON& Tower with Radar,51,27,24,12,114,0,23,65,3,91,51,50,89,15,205,6,2,8,213
05/13/2017,FAT,CA,AWP,WE,Combined TRACON& Tower with Radar,42,26,14,0,82,0,22,66,0,88,42,48,80,0,170,6,0,6,176
05/14/2017,FAT,CA,AWP,WE,Combined TRACON& Tower with Radar,44,33,22,1,100,0,29,42,1,72,44,62,64,2,172,0,0,0,172
05/15/2017,FAT,CA,AWP,WE,Combined TRACON& Tower with Radar,48,22,23,1,94,0,35,46,4,85,48,57,69,5,179,19,0,19,198
05/16/2017,FAT,CA,AWP,WE,Combined TRACON& Tower with Radar,47,20,27,11,105,0,6,85,18,109,47,26,112,29,214,24,14,38,252
05/17/2017,FAT,CA,AWP,WE,Combined TRACON& Tower with Radar,48,27,40,5,120,0,19,86,23,128,48,46,126,28,248,0,6,6,254
05/18/2017,FAT,CA,AWP,WE,Combined TRACON& Tower with Radar,45,29,23,6,103,0,16,96,9,121,45,45,119,15,224,2,0,2,226
05/19/2017,FAT,CA,AWP,WE,Combined TRACON& Tower with Radar,58,21,27,10,116,0,23,112,12,147,58,44,139,22,263,2,12,14,277
05/20/2017,FAT,CA,AWP,WE,Combined TRACON& Tower with Radar,43,18,16,1,78,0,26,66,12,104,43,44,82,13,182,16,0,16,198
05/21/2017,FAT,CA,AWP,WE,Combined TRACON& Tower with Radar,44,27,24,2,97,0,15,64,4,83,44,42,88,6,180,0,0,0,180
05/22/2017,FAT,CA,AWP,WE,Combined TRACON& Tower with Radar,50,22,21,17,110,0,25,80,14,119,50,47,101,31,229,8,15,23,252
05/23/2017,FAT,CA,AWP,WE,Combined TRACON& Tower with Radar,47,22,12,5,86,0,24,59,22,105,47,46,71,27,191,16,6,22,213
05/24/2017,FAT,CA,AWP,WE,Combined TRACON& Tower with Radar,48,26,30,9,113,0,28,61,18,107,48,54,91,27,220,14,6,20,240
05/25/2017,FAT,CA,AWP,WE,Combined TRACON& Tower with Radar,50,36,24,8,118,0,16,84,8,108,50,52,108,16,226,6,0,6,232
05/26/2017,FAT,CA,AWP,WE,Combined TRACON& Tower with Radar,53,27,33,4,117,0,20,72,3,95,53,47,105,7,212,28,0,28,240
05/27/2017,FAT,CA,AWP,WE,Combined TRACON& Tower with Radar,47,23,17,0,87,0,23,49,1,73,47,46,66,1,160,34,0,34,194
05/28/2017,FAT,CA,AWP,WE,Combined TRACON& Tower with Radar,42,17,21,0,80,0,33,42,0,75,42,50,63,0,155,8,7,15,170
05/29/2017,FAT,CA,AWP,WE,Combined TRACON& Tower with Radar,49,26,30,1,106,0,20,56,9,85,49,46,86,10,191,0,12,12,203
05/30/2017,FAT,CA,AWP,WE,Combined TRACON& Tower with Radar,48,28,31,5,112,0,31,76,10,117,48,59,107,15,229,3,2,5,234
05/31/2017,FAT,CA,AWP,WE,Combined TRACON& Tower with Radar,48,26,36,8,118,0,16,81,14,111,48,42,117,22,229,6,0,6,235
06/01/2017,FAT,CA,AWP,WE,Combined TRACON& Tower with Radar,50,33,15,5,103,0,24,75,14,113,50,57,90,19,216,2,3,5,221
06/02/2017,FAT,CA,AWP,WE,Combined TRACON& Tower with Radar,52,25,28,9,114,0,32,110,15,157,52,57,138,24,271,21,6,27,298
06/03/2017,FAT,CA,AWP,WE,Combined TRACON& Tower with Radar,44,25,12,5,86,0,25,73,8,106,44,50,85,13,192,6,20,26,218
06/04/2017,FAT,CA,AWP,WE,Combined TRACON& Tower with Radar,48,22,10,4,84,0,23,69,7,99,48,45,79,11,183,10,0,10,193
06/05/2017,FAT,CA,AWP,WE,Combined TRACON& Tower with Radar,45,24,21,2,92,0,17,64,2,83,45,41,85,4,175,2,0,2,177
06/06/2017,FAT,CA,AWP,WE,Combined TRACON& Tower with Radar,48,21,22,6,97,0,12,72,17,101,48,33,94,23,198,26,4,30,228
06/07/2017,FAT,CA,AWP,WE,Combined TRACON& Tower with Radar,49,22,18,6,95,0,12,89,10,111,49,34,107,16,206,12,0,12,218
06/08/2017,FAT,CA,AWP,WE,Combined TRACON& Tower with Radar,52,22,36,16,126,0,22,78,17,117,52,44,114,33,243,2,16,18,261
06/09/2017,FAT,CA,AWP,WE,Combined TRACON& Tower with Radar,57,27,35,4,123,0,27,86,6,119,57,54,121,10,242,0,10,10,252
06/10/2017,FAT,CA,AWP,WE,Combined TRACON& Tower with Radar,48,16,20,0,84,0,24,167,6,197,48,40,187,6,281,2,0,2,283
06/11/2017,FAT,CA,AWP,WE,Combined TRACON& Tower with Radar,50,20,10,1,81,0,20,58,1,79,50,40,68,2,160,8,0,8,168
06/12/2017,FAT,CA,AWP,WE,Combined TRACON& Tower with Radar,51,27,23,2,103,0,14,48,4,66,51,41,71,6,169,6,0,6,175
06/13/2017,FAT,CA,AWP,WE,Combined TRACON& Tower with Radar,52,24,23,9,108,0,20,76,12,108,52,44,99,21,216,8,0,8,224
06/14/2017,FAT,CA,AWP,WE,Combined TRACON& Tower with Radar,53,22,33,4,112,0,25,86,12,123,53,47,119,16,235,16,0,16,251
06/15/2017,FAT,CA,AWP,WE,Combined TRACON& Tower with Radar,54,25,18,8,105,2,14,81,9,106,56,39,99,17,211,2,2,4,215
06/16/2017,FAT,CA,AWP,WE,Combined TRACON& Tower with Radar,57,22,22,4,105,0,24,112,4,140,57,46,134,8,245,18,0,18,263
06/17/2017,FAT,CA,AWP,WE,Combined TRACON& Tower with Radar,53,16,25,0,94,0,45,91,2,138,53,61,116,2,232,14,0,14,246
06/18/2017,FAT,CA,AWP,WE,Combined TRACON& Tower with Radar,49,25,13,1,88,0,18,64,1,83,49,43,77,2,171,8,0,8,179
06/19/2017,FAT,CA,AWP,WE,Combined TRACON& Tower with Radar,55,31,19,0,105,0,17,73,1,91,55,48,92,1,196,14,0,14,210
06/20/2017,FAT,CA,AWP,WE,Combined TRACON& Tower with Radar,53,24,12,7,96,0,16,58,5,79,53,40,70,12,175,5,0,5,180
06/21/2017,FAT,CA,AWP,WE,Combined TRACON& Tower with Radar,51,30,18,5,104,0,10,87,11,108,51,40,105,16,212,0,0,0,212
06/22/2017,FAT,CA,AWP,WE,Combined TRACON& Tower with Radar,52,24,25,7,108,0,20,105,8,133,52,44,130,15,241,28,0,28,269
06/23/2017,FAT,CA,AWP,WE,Combined TRACON& Tower with Radar,55,26,27,3,111,0,23,93,6,122,55,49,120,9,233,4,2,6,239
06/24/2017,FAT,CA,AWP,WE,Combined TRACON& Tower with Radar,49,17,14,0,80,0,23,62,1,86,49,40,76,1,166,0,0,0,166
06/25/2017,FAT,CA,AWP,WE,Combined TRACON& Tower with Radar,52,24,18,0,94,0,21,63,2,86,52,45,81,2,180,0,0,0,180
06/26/2017,FAT,CA,AWP,WE,Combined TRACON& Tower with Radar,53,20,25,0,98,0,8,66,9,83,53,28,91,9,181,0,0,0,181
06/27/2017,FAT,CA,AWP,WE,Combined TRACON& Tower with Radar,52,31,25,4,112,0,19,71,12,102,52,50,96,16,214,8,4,12,226
06/28/2017,FAT,CA,AWP,WE,Combined TRACON& Tower with Radar,52,29,26,7,114,0,19,124,15,158,52,48,150,22,272,0,7,7,279
06/29/2017,FAT,CA,AWP,WE,Combined TRACON& Tower with Radar,54,27,23,7,111,0,9,119,14,142,54,36,142,21,253,6,6,12,265
06/30/2017,FAT,CA,AWP,WE,Combined TRACON& Tower with Radar,56,31,21,3,111,0,17,88,5,110,56,48,109,8,221,0,4,4,225
07/01/2017,FAT,CA,AWP,WE,Combined TRACON& Tower with Radar,52,19,18,0,89,0,20,76,0,96,52,39,94,0,185,0,0,0,185
07/02/2017,FAT,CA,AWP,WE,Combined TRACON& Tower with Radar,57,22,22,1,102,0,15,62,1,78,57,37,84,2,180,6,0,6,186
07/03/2017,FAT,CA,AWP,WE,Combined TRACON& Tower with Radar,50,21,23,1,95,0,31,47,0,78,50,52,70,1,173,16,0,16,189
07/04/2017,FAT,CA,AWP,WE,Combined TRACON& Tower with Radar,40,20,5,1,66,0,32,49,4,85,40,52,54,5,151,32,0,32,183
07/05/2017,FAT,CA,AWP,WE,Combined TRACON& Tower with Radar,54,21,19,7,101,0,19,81,11,111,54,40,100,18,212,6,0,6,218
07/06/2017,FAT,CA,AWP,WE,Combined TRACON& Tower with Radar,54,24,23,5,106,0,14,82,7,103,54,38,105,12,209,6,0,6,215
07/07/2017,FAT,CA,AWP,WE,Combined TRACON& Tower with Radar,55,27,24,6,112,0,16,102,9,127,55,43,126,15,239,21,0,21,260
07/08/2017,FAT,CA,AWP,WE,Combined TRACON& Tower with Radar,53,25,16,0,94,0,21,68,4,93,53,46,84,4,187,26,0,26,213
07/09/2017,FAT,CA,AWP,WE,Combined TRACON& Tower with Radar,51,31,20,2,104,0,7,48,2,57,51,38,68,4,161,0,0,0,161
07/10/2017,FAT,CA,AWP,WE,Combined TRACON& Tower with Radar,53,27,23,5,108,0,9,72,26,107,53,36,95,31,215,10,0,10,225
07/11/2017,FAT,CA,AWP,WE,Combined TRACON& Tower with Radar,55,25,23,11,114,0,9,76,25,110,55,34,99,36,224,0,8,8,232
07/12/2017,FAT,CA,AWP,WE,Combined TRACON& Tower with Radar,54,24,21,11,110,0,17,85,19,121,54,41,106,30,231,14,0,14,245
07/13/2017,FAT,CA,AWP,WE,Combined TRACON& Tower with Radar,55,25,15,10,105,0,14,98,22,134,55,39,113,32,239,6,0,6,245
07/14/2017,FAT,CA,AWP,WE,Combined TRACON& Tower with Radar,56,22,29,18,125,0,23,103,26,152,56,45,132,44,277,22,38,60,337
07/15/2017,FAT,CA,AWP,WE,Combined TRACON& Tower with Radar,48,21,15,7,91,0,18,77,11,106,48,39,92,18,197,8,0,8,205
07/16/2017,FAT,CA,AWP,WE,Combined TRACON& Tower with Radar,53,28,24,2,107,0,10,62,5,77,53,38,86,7,184,0,10,10,194
07/17/2017,FAT,CA,AWP,WE,Combined TRACON& Tower with Radar,53,25,21,3,102,0,12,97,20,129,53,37,118,23,231,1,8,9,240
07/18/2017,FAT,CA,AWP,WE,Combined TRACON& Tower with Radar,53,23,17,0,93,0,13,114,20,147,53,36,131,20,240,32,0,32,272
07/19/2017,FAT,CA,AWP,WE,Combined TRACON& Tower with Radar,53,29,26,7,115,0,13,96,48,157,53,42,122,55,272,36,2,38,310
07/20/2017,FAT,CA,AWP,WE,Combined TRACON& Tower with Radar,54,30,15,22,121,0,16,81,32,129,54,46,96,54,250,22,14,36,286
07/21/2017,FAT,CA,AWP,WE,Combined TRACON& Tower with Radar,54,35,20,5,114,0,12,101,26,139,54,47,121,31,253,24,10,34,287
07/22/2017,FAT,CA,AWP,WE,Combined TRACON& Tower with Radar,47,22,11,4,84,0,7,63,29,99,47,29,74,33,183,0,0,0,183
07/23/2017,FAT,CA,AWP,WE,Combined TRACON& Tower with Radar,50,22,13,0,85,0,18,81,16,115,50,40,94,16,200,0,0,0,200
07/24/2017,FAT,CA,AWP,WE,Combined TRACON& Tower with Radar,49,28,18,15,110,0,14,78,53,145,49,42,96,68,255,0,0,0,255
07/25/2017,FAT,CA,AWP,WE,Combined TRACON& Tower with Radar,53,32,21,11,117,0,9,77,48,134,53,41,98,59,251,22,0,22,273
07/26/2017,FAT,CA,AWP,WE,Combined TRACON& Tower with Radar,54,24,20,11,109,0,9,85,22,116,54,33,105,33,225,26,4,30,255
07/27/2017,FAT,CA,AWP,WE,Combined TRACON& Tower with Radar,54,23,22,9,108,0,19,88,27,134,54,42,110,36,242,0,0,0,242
07/28/2017,FAT,CA,AWP,WE,Combined TRACON& Tower with Radar,57,21,9,3,90,0,11,72,13,96,57,32,81,16,186,8,0,8,194
07/29/2017,FAT,CA,AWP,WE,Combined TRACON& Tower with Radar,49,23,26,7,105,0,11,77,7,95,49,34,103,14,200,6,0,6,206
07/30/2017,FAT,CA,AWP,WE,Combined TRACON& Tower with Radar,48,26,10,3,87,0,10,66,8,84,48,36,76,11,171,10,0,10,181
07/31/2017,FAT,CA,AWP,WE,Combined TRACON& Tower with Radar,53,21,16,6,96,0,20,81,15,116,53,41,97,21,212,0,0,0,212
08/01/2017,FAT,CA,AWP,WE,Combined TRACON& Tower with Radar,56,22,19,8,105,0,21,80,14,115,56,43,99,22,220,0,0,0,220
08/02/2017,FAT,CA,AWP,WE,Combined TRACON& Tower with Radar,54,23,11,12,100,0,16,115,16,147,54,39,126,28,247,17,0,17,264
08/03/2017,FAT,CA,AWP,WE,Combined TRACON& Tower with Radar,58,28,18,12,116,0,17,90,18,125,58,45,108,30,241,0,24,24,265
08/04/2017,FAT,CA,AWP,WE,Combined TRACON& Tower with Radar,56,26,23,3,108,0,14,101,16,131,56,40,124,19,239,14,2,16,255
08/05/2017,FAT,CA,AWP,WE,Combined TRACON& Tower with Radar,49,17,22,2,90,0,34,65,8,107,49,51,87,10,197,18,0,18,215
08/06/2017,FAT,CA,AWP,WE,Combined TRACON& Tower with Radar,51,27,15,3,96,0,17,80,0,97,51,44,95,3,193,14,4,18,211
08/07/2017,FAT,CA,AWP,WE,Combined TRACON& Tower with Radar,54,19,25,20,118,0,15,61,6,82,54,34,86,26,200,0,0,0,200
08/08/2017,FAT,CA,AWP,WE,Combined TRACON& Tower with Radar,52,23,21,13,109,0,17,85,13,115,52,40,106,26,224,20,16,36,260
08/09/2017,FAT,CA,AWP,WE,Combined TRACON& Tower with Radar,51,23,22,22,118,0,15,92,9,116,51,38,114,31,234,40,0,40,274
08/10/2017,FAT,CA,AWP,WE,Combined TRACON& Tower with Radar,57,26,24,10,117,0,11,109,22,142,57,37,133,32,259,10,22,32,291
08/11/2017,FAT,CA,AWP,WE,Combined TRACON& Tower with Radar,55,22,19,28,124,0,18,94,13,125,55,40,113,41,249,14,12,26,275
08/12/2017,FAT,CA,AWP,WE,Combined TRACON& Tower with Radar,50,21,16,10,97,0,24,73,16,113,50,45,89,26,210,2,20,22,232
08/13/2017,FAT,CA,AWP,WE,Combined TRACON& Tower with Radar,51,24,20,3,98,0,18,71,19,108,51,42,91,22,206,0,0,0,206
08/14/2017,FAT,CA,AWP,WE,Combined TRACON& Tower with Radar,50,28,23,8,109,0,13,80,61,154,50,41,103,69,263,20,0,20,283
08/15/2017,FAT,CA,AWP,WE,Combined TRACON& Tower with Radar,56,25,23,17,121,0,9,92,50,151,56,34,115,67,272,18,28,46,318
08/16/2017,FAT,CA,AWP,WE,Combined TRACON& Tower with Radar,57,27,34,22,140,0,12,86,7,105,57,39,120,29,245,0,8,8,253
08/17/2017,FAT,CA,AWP,WE,Combined TRACON& Tower with Radar,52,31,36,4,123,0,11,109,3,123,52,42,145,7,246,20,0,20,266
08/18/2017,FAT,CA,AWP,WE,Combined TRACON& Tower with Radar,56,36,25,27,144,0,16,91,12,119,56,52,116,39,263,4,26,30,293
08/19/2017,FAT,CA,AWP,WE,Combined TRACON& Tower with Radar,50,16,27,4,97,0,21,65,0,86,50,37,92,4,183,22,0,22,205
08/20/2017,FAT,CA,AWP,WE,Combined TRACON& Tower with Radar,53,23,30,2,108,0,12,75,2,89,53,35,105,4,197,6,0,6,203
08/21/2017,FAT,CA,AWP,WE,Combined TRACON& Tower with Radar,52,29,19,3,103,0,17,73,5,95,52,46,92,8,198,0,0,0,198
08/22/2017,FAT,CA,AWP,WE,Combined TRACON& Tower with Radar,49,22,33,11,115,0,22,69,9,100,49,44,102,20,215,42,2,44,259
08/23/2017,FAT,CA,AWP,WE,Combined TRACON& Tower with Radar,52,25,25,14,116,0,22,91,10,123,52,47,116,24,239,8,0,8,247
08/24/2017,FAT,CA,AWP,WE,Combined TRACON& Tower with Radar,56,23,44,5,128,0,19,84,13,116,56,42,128,18,244,38,8,46,290
08/25/2017,FAT,CA,AWP,WE,Combined TRACON& Tower with Radar,57,26,22,3,108,0,14,101,14,129,57,40,123,17,237,18,6,24,261
08/26/2017,FAT,CA,AWP,WE,Combined TRACON& Tower with Radar,51,17,23,2,93,0,27,90,31,148,51,44,113,33,241,6,0,6,247
08/27/2017,FAT,CA,AWP,WE,Combined TRACON& Tower with Radar,54,18,23,6,101,0,17,73,2,92,54,35,96,8,193,0,0,0,193
08/28/2017,FAT,CA,AWP,WE,Combined TRACON& Tower with Radar,53,23,23,7,106,0,10,61,12,83,53,33,84,19,189,0,6,6,195
08/29/2017,FAT,CA,AWP,WE,Combined TRACON& Tower with Radar,51,21,23,5,100,0,20,147,47,214,51,41,170,52,314,14,0,14,328
08/30/2017,FAT,CA,AWP,WE,Combined TRACON& Tower with Radar,55,23,21,14,113,0,9,150,42,201,55,32,171,56,314,27,0,27,341
08/31/2017,FAT,CA,AWP,WE,Combined TRACON& Tower with Radar,56,27,18,16,117,0,19,129,70,218,56,46,147,86,335,28,0,28,363
09/01/2017,FAT,CA,AWP,WE,Combined TRACON& Tower with Radar,58,21,21,8,108,0,22,126,79,227,58,43,147,87,335,8,2,10,345
09/02/2017,FAT,CA,AWP,WE,Combined TRACON& Tower with Radar,44,23,18,0,85,0,25,61,20,106,44,48,79,20,191,0,0,0,191
09/03/2017,FAT,CA,AWP,WE,Combined TRACON& Tower with Radar,45,16,19,0,80,0,20,123,41,184,45,36,142,41,264,0,0,0,264
09/04/2017,FAT,CA,AWP,WE,Combined TRACON& Tower with Radar,48,19,15,0,82,0,23,83,29,135,48,42,98,29,217,0,0,0,217
09/05/2017,FAT,CA,AWP,WE,Combined TRACON& Tower with Radar,49,25,25,4,103,0,18,96,39,153,49,43,121,43,256,0,0,0,256
09/06/2017,FAT,CA,AWP,WE,Combined TRACON& Tower with Radar,48,28,23,10,109,0,14,102,28,144,48,42,125,38,253,8,0,8,261
09/07/2017,FAT,CA,AWP,WE,Combined TRACON& Tower with Radar,58,23,26,4,111,0,16,128,51,195,58,39,154,55,306,0,0,0,306
09/08/2017,FAT,CA,AWP,WE,Combined TRACON& Tower with Radar,58,26,30,4,118,0,19,83,18,120,58,45,113,22,238,6,8,14,252
09/09/2017,FAT,CA,AWP,WE,Combined TRACON& Tower with Radar,50,22,10,0,82,0,21,61,15,97,50,43,71,15,179,18,0,18,197
09/10/2017,FAT,CA,AWP,WE,Combined TRACON& Tower with Radar,50,21,10,14,95,0,20,41,12,73,50,41,51,26,168,32,24,56,224
09/11/2017,FAT,CA,AWP,WE,Combined TRACON& Tower with Radar,49,24,22,9,104,0,19,101,23,143,49,43,123,32,247,12,0,12,259
09/12/2017,FAT,CA,AWP,WE,Combined TRACON& Tower with Radar,48,24,18,4,94,1,23,91,21,136,49,47,109,25,230,0,0,0,230
09/13/2017,FAT,CA,AWP,WE,Combined TRACON& Tower with Radar,51,25,34,8,118,0,16,92,15,123,51,41,126,23,241,34,10,44,285
09/14/2017,FAT,CA,AWP,WE,Combined TRACON& Tower with Radar,51,29,24,15,119,0,34,79,25,138,51,63,103,40,257,8,22,30,287
09/15/2017,FAT,CA,AWP,WE,Combined TRACON& Tower with Radar,55,28,31,0,114,0,17,87,2,106,55,45,118,2,220,37,0,37,257
09/16/2017,FAT,CA,AWP,WE,Combined TRACON& Tower with Radar,48,13,18,0,79,0,9,50,4,63,48,22,68,4,142,13,0,13,155
09/17/2017,FAT,CA,AWP,WE,Combined TRACON& Tower with Radar,50,23,12,5,90,0,12,66,1,79,50,35,78,6,169,5,0,5,174
09/18/2017,FAT,CA,AWP,WE,Combined TRACON& Tower with Radar,53,25,11,15,104,0,19,76,14,109,53,44,87,29,213,8,10,18,231
09/19/2017,FAT,CA,AWP,WE,Combined TRACON& Tower with Radar,46,24,30,1,101,0,22,78,7,107,46,46,108,8,208,0,0,0,208
09/20/2017,FAT,CA,AWP,WE,Combined TRACON& Tower with Radar,51,25,29,1,106,0,16,98,7,121,51,41,127,8,227,40,0,40,267
09/21/2017,FAT,CA,AWP,WE,Combined TRACON& Tower with Radar,52,33,23,2,110,0,17,78,4,99,52,50,101,6,209,16,0,16,225
09/22/2017,FAT,CA,AWP,WE,Combined TRACON& Tower with Radar,54,25,16,4,99,0,12,78,3,93,54,37,94,7,192,24,0,24,216
09/23/2017,FAT,CA,AWP,WE,Combined TRACON& Tower with Radar,48,14,18,4,84,0,26,87,3,116,48,40,105,7,200,0,0,0,200
09/24/2017,FAT,CA,AWP,WE,Combined TRACON& Tower with Radar,49,28,15,3,95,0,30,76,1,107,49,58,91,4,202,4,0,4,206
09/25/2017,FAT,CA,AWP,WE,Combined TRACON& Tower with Radar,51,26,14,0,91,0,7,57,8,72,51,33,71,8,163,34,8,42,205
09/26/2017,FAT,CA,AWP,WE,Combined TRACON& Tower with Radar,48,33,19,9,109,0,13,98,15,126,48,46,117,24,235,0,24,24,259
09/27/2017,FAT,CA,AWP,WE,Combined TRACON& Tower with Radar,52,24,23,6,105,0,19,81,19,119,52,43,104,25,224,66,10,76,300
09/28/2017,FAT,CA,AWP,WE,Combined TRACON& Tower with Radar,55,27,12,11,105,0,20,92,7,119,55,47,104,18,224,52,0,52,276
09/29/2017,FAT,CA,AWP,WE,Combined TRACON& Tower with Radar,51,27,28,1,107,0,18,107,8,133,51,45,135,9,240,28,18,46,286
09/30/2017,FAT,CA,AWP,WE,Combined TRACON& Tower with Radar,50,18,12,3,83,0,36,75,0,111,50,54,87,3,194,28,0,28,222
10/01/2017,FAT,CA,AWP,WE,Combined TRACON& Tower with Radar,50,26,14,0,90,0,21,65,0,86,50,47,79,0,176,8,0,8,184
10/02/2017,FAT,CA,AWP,WE,Combined TRACON& Tower with Radar,51,24,19,20,114,0,20,68,0,88,51,44,87,20,202,22,0,22,224
10/03/2017,FAT,CA,AWP,WE,Combined TRACON& Tower with Radar,46,29,22,9,106,0,7,77,15,99,46,36,99,24,205,38,0,38,243
10/04/2017,FAT,CA,AWP,WE,Combined TRACON& Tower with Radar,53,31,24,10,118,0,7,73,15,95,53,38,97,25,213,6,4,10,223
10/05/2017,FAT,CA,AWP,WE,Combined TRACON& Tower with Radar,52,22,27,7,108,0,15,91,15,121,52,37,118,22,229,30,18,48,277
10/06/2017,FAT,CA,AWP,WE,Combined TRACON& Tower with Radar,52,24,26,7,109,0,20,87,8,115,52,44,113,15,224,26,10,36,260
10/07/2017,FAT,CA,AWP,WE,Combined TRACON& Tower with Radar,45,18,23,0,86,0,12,71,0,83,45,30,94,0,169,2,0,2,171
10/08/2017,FAT,CA,AWP,WE,Combined TRACON& Tower with Radar,48,21,20,0,89,0,12,58,0,70,48,33,78,0,159,0,0,0,159
10/09/2017,FAT,CA,AWP,WE,Combined TRACON& Tower with Radar,53,20,18,0,91,0,18,69,2,89,53,38,87,2,180,0,0,0,180
10/10/2017,FAT,CA,AWP,WE,Combined TRACON& Tower with Radar,47,26,44,8,125,0,21,68,14,103,47,47,112,22,228,8,6,14,242
10/11/2017,FAT,CA,AWP,WE,Combined TRACON& Tower with Radar,51,29,38,17,135,0,11,54,11,76,51,40,92,28,211,8,14,22,233
10/12/2017,FAT,CA,AWP,WE,Combined TRACON& Tower with Radar,52,23,33,17,125,0,36,66,23,125,52,59,99,40,250,17,18,35,285
10/13/2017,FAT,CA,AWP,WE,Combined TRACON& Tower with Radar,54,33,38,10,135,0,23,88,19,130,54,56,126,29,265,4,6,10,275
10/14/2017,FAT,CA,AWP,WE,Combined TRACON& Tower with Radar,46,26,27,6,105,0,18,62,13,93,46,44,89,19,198,0,11,11,209
10/15/2017,FAT,CA,AWP,WE,Combined TRACON& Tower with Radar,49,27,22,3,101,0,16,50,6,72,49,43,72,9,173,6,0,6,179
10/16/2017,FAT,CA,AWP,WE,Combined TRACON& Tower with Radar,47,27,23,26,123,0,22,80,6,108,47,49,103,32,231,0,16,16,247
10/17/2017,FAT,CA,AWP,WE,Combined TRACON& Tower with Radar,48,31,16,13,108,0,19,66,7,92,48,50,82,20,200,20,10,30,230
10/18/2017,FAT,CA,AWP,WE,Combined TRACON& Tower with Radar,49,32,29,4,114,0,21,96,12,129,49,53,125,16,243,18,0,18,261
10/19/2017,FAT,CA,AWP,WE,Combined TRACON& Tower with Radar,52,24,31,17,124,0,15,101,10,126,52,39,132,27,250,18,6,24,274
10/20/2017,FAT,CA,AWP,WE,Combined TRACON& Tower with Radar,55,27,22,28,132,0,15,56,4,75,55,42,78,32,207,9,20,29,236
10/21/2017,FAT,CA,AWP,WE,Combined TRACON& Tower with Radar,45,21,18,5,89,0,29,62,3,94,45,50,80,8,183,16,0,16,199
10/22/2017,FAT,CA,AWP,WE,Combined TRACON& Tower with Radar,49,22,17,8,96,0,12,70,6,88,49,34,87,14,184,0,0,0,184
10/23/2017,FAT,CA,AWP,WE,Combined TRACON& Tower with Radar,50,25,11,5,91,0,13,61,9,83,50,38,72,14,174,0,4,4,178
10/24/2017,FAT,CA,AWP,WE,Combined TRACON& Tower with Radar,48,26,16,8,98,0,25,89,17,131,48,51,105,25,229,20,16,36,265
10/25/2017,FAT,CA,AWP,WE,Combined TRACON& Tower with Radar,52,27,32,8,119,0,20,84,10,114,52,47,116,18,233,6,2,8,241
10/26/2017,FAT,CA,AWP,WE,Combined TRACON& Tower with Radar,51,28,23,12,114,0,19,102,25,146,51,47,125,37,260,36,14,50,310
10/27/2017,FAT,CA,AWP,WE,Combined TRACON& Tower with Radar,51,25,35,9,120,0,36,112,6,154,51,61,147,15,274,48,6,54,328
10/28/2017,FAT,CA,AWP,WE,Combined TRACON& Tower with Radar,46,22,12,0,80,0,13,66,9,88,46,35,78,9,168,34,0,34,202
10/29/2017,FAT,CA,AWP,WE,Combined TRACON& Tower with Radar,48,27,15,0,90,0,17,72,2,91,48,44,87,2,181,2,8,10,191
10/30/2017,FAT,CA,AWP,WE,Combined TRACON& Tower with Radar,46,35,19,10,110,0,9,77,14,100,46,44,96,24,210,0,18,18,228
10/31/2017,FAT,CA,AWP,WE,Combined TRACON& Tower with Radar,43,25,14,13,95,0,10,95,8,113,43,35,109,21,208,14,2,16,224
11/01/2017,FAT,CA,AWP,WE,Combined TRACON& Tower with Radar,48,33,20,5,106,0,14,86,6,106,48,47,106,11,212,2,0,2,214
11/02/2017,FAT,CA,AWP,WE,Combined TRACON& Tower with Radar,48,32,54,21,155,0,7,59,11,77,48,39,113,32,232,15,6,21,253
11/03/2017,FAT,CA,AWP,WE,Combined TRACON& Tower with Radar,45,27,30,7,109,0,11,62,12,85,45,38,92,19,194,10,8,18,212
11/04/2017,FAT,CA,AWP,WE,Combined TRACON& Tower with Radar,49,22,17,19,107,0,10,45,9,64,49,32,62,28,171,0,0,0,171
11/05/2017,FAT,CA,AWP,WE,Combined TRACON& Tower with Radar,47,31,24,2,104,0,4,51,0,55,47,35,75,2,159,2,22,24,183
11/06/2017,FAT,CA,AWP,WE,Combined TRACON& Tower with Radar,46,25,18,2,91,0,16,68,5,89,46,41,86,7,180,8,24,32,212
11/07/2017,FAT,CA,AWP,WE,Combined TRACON& Tower with Radar,45,27,19,6,97,0,22,91,11,124,45,49,110,17,221,9,0,9,230
11/08/2017,FAT,CA,AWP,WE,Combined TRACON& Tower with Radar,47,28,37,13,125,0,10,76,11,97,47,38,113,24,222,3,0,3,225
11/09/2017,FAT,CA,AWP,WE,Combined TRACON& Tower with Radar,51,24,22,7,104,0,13,66,12,91,51,37,88,19,195,0,0,0,195
11/10/2017,FAT,CA,AWP,WE,Combined TRACON& Tower with Radar,49,36,30,0,115,0,20,76,0,96,49,56,106,0,211,7,0,7,218
11/11/2017,FAT,CA,AWP,WE,Combined TRACON& Tower with Radar,41,26,23,2,92,0,20,53,5,78,41,46,76,7,170,4,0,4,174
11/12/2017,FAT,CA,AWP,WE,Combined TRACON& Tower with Radar,46,30,22,0,98,0,8,63,0,71,46,38,85,0,169,0,0,0,169
11/13/2017,FAT,CA,AWP,WE,Combined TRACON& Tower with Radar,46,27,29,7,109,0,3,52,1,56,46,30,81,8,165,16,0,16,181
11/14/2017,FAT,CA,AWP,WE,Combined TRACON& Tower with Radar,45,33,42,9,129,0,18,66,5,89,45,51,108,14,218,20,0,20,238
11/15/2017,FAT,CA,AWP,WE,Combined TRACON& Tower with Radar,48,30,33,10,121,0,8,93,11,112,48,38,126,21,233,14,0,14,247
11/16/2017,FAT,CA,AWP,WE,Combined TRACON& Tower with Radar,52,31,33,15,131,0,9,50,10,69,52,40,83,25,200,2,24,26,226
11/17/2017,FAT,CA,AWP,WE,Combined TRACON& Tower with Radar,49,30,30,11,120,0,8,78,12,98,49,38,108,23,218,26,0,26,244
11/18/2017,FAT,CA,AWP,WE,Combined TRACON& Tower with Radar,44,21,20,0,85,0,20,70,1,91,44,41,90,1,176,1,1,2,178
11/19/2017,FAT,CA,AWP,WE,Combined TRACON& Tower with Radar,45,26,23,1,95,0,16,44,3,63,45,42,67,4,158,0,0,0,158
11/20/2017,FAT,CA,AWP,WE,Combined TRACON& Tower with Radar,43,24,17,12,96,0,24,63,8,95,43,48,80,20,191,6,8,14,205
11/21/2017,FAT,CA,AWP,WE,Combined TRACON& Tower with Radar,48,29,29,10,116,0,15,66,14,95,48,44,95,24,211,22,20,42,253
11/22/2017,FAT,CA,AWP,WE,Combined TRACON& Tower with Radar,50,36,26,4,116,0,3,87,4,94,50,39,113,8,210,0,8,8,218
11/23/2017,FAT,CA,AWP,WE,Combined TRACON& Tower with Radar,24,18,23,0,65,0,5,31,0,36,24,23,54,0,101,0,0,0,101
11/24/2017,FAT,CA,AWP,WE,Combined TRACON& Tower with Radar,40,25,25,0,90,0,10,58,0,68,40,35,83,0,158,0,0,0,158
11/25/2017,FAT,CA,AWP,WE,Combined TRACON& Tower with Radar,46,36,24,1,107,0,9,73,1,83,46,45,97,2,190,8,0,8,198
11/26/2017,FAT,CA,AWP,WE,Combined TRACON& Tower with Radar,48,34,39,0,121,0,4,65,0,69,48,38,104,0,190,43,0,43,233
11/27/2017,FAT,CA,AWP,WE,Combined TRACON& Tower with Radar,47,24,29,12,112,0,2,35,4,41,47,26,64,16,153,0,6,6,159
11/28/2017,FAT,CA,AWP,WE,Combined TRACON& Tower with Radar,50,28,32,20,130,0,4,98,20,122,50,32,130,40,252,20,16,36,288
11/29/2017,FAT,CA,AWP,WE,Combined TRACON& Tower with Radar,47,36,34,14,131,0,4,87,11,102,47,40,121,25,233,21,8,29,262
11/30/2017,FAT,CA,AWP,WE,Combined TRACON& Tower with Radar,52,28,23,12,115,0,10,81,11,102,52,38,104,23,217,8,0,8,225
12/01/2017,FAT,CA,AWP,WE,Combined TRACON& Tower with Radar,47,29,46,9,131,0,1,55,7,63,47,30,101,16,194,4,0,4,198
12/02/2017,FAT,CA,AWP,WE,Combined TRACON& Tower with Radar,40,19,17,10,86,0,2,23,3,28,40,21,40,13,114,0,0,0,114
12/03/2017,FAT,CA,AWP,WE,Combined TRACON& Tower with Radar,46,25,18,1,90,0,2,59,0,61,46,27,77,1,151,0,0,0,151
12/04/2017,FAT,CA,AWP,WE,Combined TRACON& Tower with Radar,47,28,17,5,97,0,2,61,1,64,47,30,78,6,161,0,0,0,161
12/05/2017,FAT,CA,AWP,WE,Combined TRACON& Tower with Radar,44,31,20,0,95,0,6,75,0,81,44,37,95,0,176,0,0,0,176
12/06/2017,FAT,CA,AWP,WE,Combined TRACON& Tower with Radar,48,31,18,12,109,0,5,89,5,99,48,36,107,17,208,22,17,39,247
12/07/2017,FAT,CA,AWP,WE,Combined TRACON& Tower with Radar,49,29,28,10,116,0,9,91,2,102,49,38,119,12,218,16,0,16,234
12/08/2017,FAT,CA,AWP,WE,Combined TRACON& Tower with Radar,47,30,35,11,123,0,7,89,8,104,47,37,124,19,227,10,1,11,238
12/09/2017,FAT,CA,AWP,WE,Combined TRACON& Tower with Radar,38,23,20,6,87,0,10,69,1,80,38,33,89,7,167,6,0,6,173
12/10/2017,FAT,CA,AWP,WE,Combined TRACON& Tower with Radar,45,28,21,5,99,0,5,56,2,63,45,33,77,7,162,12,0,12,174
12/11/2017,FAT,CA,AWP,WE,Combined TRACON& Tower with Radar,44,25,22,8,99,0,2,68,6,76,44,27,90,14,175,22,0,22,197
12/12/2017,FAT,CA,AWP,WE,Combined TRACON& Tower with Radar,44,29,41,14,128,0,6,83,8,97,44,35,124,22,225,16,10,26,251
12/13/2017,FAT,CA,AWP,WE,Combined TRACON& Tower with Radar,48,29,26,11,114,0,1,99,11,111,48,30,125,22,225,0,0,0,225
12/14/2017,FAT,CA,AWP,WE,Combined TRACON& Tower with Radar,49,34,25,7,115,0,6,81,17,104,49,40,106,24,219,2,2,4,223
12/15/2017,FAT,CA,AWP,WE,Combined TRACON& Tower with Radar,54,35,25,20,134,0,6,74,7,87,54,41,99,27,221,6,12,18,239
12/16/2017,FAT,CA,AWP,WE,Combined TRACON& Tower with Radar,45,24,20,0,89,0,1,55,4,60,45,25,75,4,149,10,0,10,159
12/17/2017,FAT,CA,AWP,WE,Combined TRACON& Tower with Radar,45,29,26,9,109,0,1,54,5,60,45,30,80,14,169,0,4,4,173
12/18/2017,FAT,CA,AWP,WE,Combined TRACON& Tower with Radar,55,29,17,6,107,0,6,75,12,93,55,35,92,18,200,0,6,6,206
12/19/2017,FAT,CA,AWP,WE,Combined TRACON& Tower with Radar,54,29,24,10,117,0,4,85,16,105,54,33,109,26,222,2,16,18,240
12/20/2017,FAT,CA,AWP,WE,Combined TRACON& Tower with Radar,54,35,38,0,127,0,4,52,2,58,54,39,90,2,185,8,0,8,193
12/21/2017,FAT,CA,AWP,WE,Combined TRACON& Tower with Radar,56,30,21,6,113,0,8,79,11,98,56,38,100,17,211,0,8,8,219
12/22/2017,FAT,CA,AWP,WE,Combined TRACON& Tower with Radar,54,27,18,3,102,0,4,95,4,103,54,31,113,7,205,2,4,6,211
12/23/2017,FAT,CA,AWP,WE,Combined TRACON& Tower with Radar,46,29,21,0,96,0,7,51,0,58,46,36,72,0,154,6,0,6,160
12/24/2017,FAT,CA,AWP,WE,Combined TRACON& Tower with Radar,39,25,10,0,74,0,4,29,0,33,39,29,39,0,107,16,0,16,123
12/25/2017,FAT,CA,AWP,WE,Combined TRACON& Tower with Radar,40,19,9,0,68,0,7,25,1,33,40,26,34,1,101,6,0,6,107
12/26/2017,FAT,CA,AWP,WE,Combined TRACON& Tower with Radar,45,29,23,0,97,0,7,50,0,57,45,36,73,0,154,0,0,0,154
12/27/2017,FAT,CA,AWP,WE,Combined TRACON& Tower with Radar,52,32,29,12,125,0,8,62,4,74,52,40,91,16,199,4,0,4,203
12/28/2017,FAT,CA,AWP,WE,Combined TRACON& Tower with Radar,55,28,11,16,110,0,4,65,8,77,55,32,76,24,187,0,8,8,195
12/29/2017,FAT,CA,AWP,WE,Combined TRACON& Tower with Radar,52,25,32,7,116,0,5,66,3,74,52,30,98,10,190,22,8,30,220
12/30/2017,FAT,CA,AWP,WE,Combined TRACON& Tower with Radar,47,28,21,1,97,0,10,45,0,55,47,38,66,1,152,0,0,0,152
12/31/2017,FAT,CA,AWP,WE,Combined TRACON& Tower with Radar,33,20,19,0,72,0,2,55,0,57,33,22,74,0,129,6,0,6,135
01/01/2018,FAT,CA,AWP,WE,Combined TRACON& Tower with Radar,40,24,44,0,108,0,0,32,0,32,40,24,76,0,140,0,0,0,140
01/02/2018,FAT,CA,AWP,WE,Combined TRACON& Tower with Radar,56,25,35,7,123,0,1,22,2,25,56,26,57,9,148,0,0,0,148
01/03/2018,FAT,CA,AWP,WE,Combined TRACON& Tower with Radar,52,21,37,20,130,0,3,35,6,44,52,24,72,26,174,20,0,20,194
01/04/2018,FAT,CA,AWP,WE,Combined TRACON& Tower with Radar,54,35,27,11,127,0,3,43,11,57,54,38,70,22,184,6,24,30,214
01/05/2018,FAT,CA,AWP,WE,Combined TRACON& Tower with Radar,55,27,32,12,126,0,1,87,2,90,55,28,119,14,216,14,0,14,230
01/06/2018,FAT,CA,AWP,WE,Combined TRACON& Tower with Radar,44,34,44,5,127,0,3,32,0,35,44,37,76,5,162,4,0,4,166
01/07/2018,FAT,CA,AWP,WE,Combined TRACON& Tower with Radar,42,28,27,6,103,0,4,50,1,55,42,32,77,7,158,0,0,0,158
01/08/2018,FAT,CA,AWP,WE,Combined TRACON& Tower with Radar,47,29,24,8,108,0,3,14,3,20,47,32,38,11,128,0,0,0,128
01/09/2018,FAT,CA,AWP,WE,Combined TRACON& Tower with Radar,48,30,34,4,116,0,3,31,6,40,48,33,65,10,156,0,0,0,156
01/10/2018,FAT,CA,AWP,WE,Combined TRACON& Tower with Radar,44,32,49,35,160,0,6,55,8,69,44,38,104,43,229,14,10,24,253
01/11/2018,FAT,CA,AWP,WE,Combined TRACON& Tower with Radar,51,33,22,37,143,0,7,55,18,80,51,40,77,55,223,30,31,61,284
01/12/2018,FAT,CA,AWP,WE,Combined TRACON& Tower with Radar,45,29,41,19,134,0,0,43,0,43,45,29,84,19,177,94,4,98,275
01/13/2018,FAT,CA,AWP,WE,Combined TRACON& Tower with Radar,41,19,17,3,80,0,0,3,0,3,41,19,20,3,83,0,0,0,83
01/14/2018,FAT,CA,AWP,WE,Combined TRACON& Tower with Radar,43,22,15,0,80,0,1,46,0,47,43,23,61,0,127,0,0,0,127
01/15/2018,FAT,CA,AWP,WE,Combined TRACON& Tower with Radar,44,30,31,0,105,0,0,19,1,20,44,30,50,1,125,19,0,19,144
01/16/2018,FAT,CA,AWP,WE,Combined TRACON& Tower with Radar,46,31,42,6,125,0,0,10,0,10,46,31,52,6,135,0,0,0,135
01/17/2018,FAT,CA,AWP,WE,Combined TRACON& Tower with Radar,50,30,50,3,133,0,1,26,0,27,50,31,76,3,160,6,0,6,166
01/18/2018,FAT,CA,AWP,WE,Combined TRACON& Tower with Radar,49,30,33,7,119,0,0,35,9,44,49,30,68,16,163,6,28,34,197
01/19/2018,FAT,CA,AWP,WE,Combined TRACON& Tower with Radar,46,37,36,3,122,0,3,55,0,58,46,40,91,3,180,0,0,0,180
01/20/2018,FAT,CA,AWP,WE,Combined TRACON& Tower with Radar,40,22,21,2,85,0,3,68,8,79,40,25,89,10,164,0,0,0,164
01/21/2018,FAT,CA,AWP,WE,Combined TRACON& Tower with Radar,42,21,20,1,84,0,5,72,4,81,42,26,92,5,165,18,4,22,187
01/22/2018,FAT,CA,AWP,WE,Combined TRACON& Tower with Radar,43,24,43,4,114,0,1,68,6,75,43,25,111,10,189,12,17,29,218
01/23/2018,FAT,CA,AWP,WE,Combined TRACON& Tower with Radar,45,28,28,1,102,0,2,79,7,88,45,30,107,8,190,12,0,12,202
01/24/2018,FAT,CA,AWP,WE,Combined TRACON& Tower with Radar,46,24,41,5,116,0,2,61,9,72,46,26,102,14,188,0,0,0,188
01/25/2018,FAT,CA,AWP,WE,Combined TRACON& Tower with Radar,43,33,31,10,117,0,4,59,17,80,43,37,90,27,197,12,10,22,219
01/26/2018,FAT,CA,AWP,WE,Combined TRACON& Tower with Radar,44,27,33,19,123,0,6,94,0,100,44,33,127,19,223,32,0,32,255
01/27/2018,FAT,CA,AWP,WE,Combined TRACON& Tower with Radar,41,26,7,4,78,0,10,74,6,90,41,36,81,10,168,110,0,110,278
01/28/2018,FAT,CA,AWP,WE,Combined TRACON& Tower with Radar,43,26,25,3,97,0,8,80,6,94,43,34,105,9,191,0,0,0,191
01/29/2018,FAT,CA,AWP,WE,Combined TRACON& Tower with Radar,42,23,31,9,105,0,11,53,3,67,42,34,84,12,172,20,0,20,192
01/30/2018,FAT,CA,AWP,WE,Combined TRACON& Tower with Radar,48,27,19,13,107,0,5,72,21,98,48,32,91,34,205,10,20,30,235
01/31/2018,FAT,CA,AWP,WE,Combined TRACON& Tower with Radar,48,32,27,14,121,0,2,68,9,79,48,34,95,23,200,22,0,22,222
02/01/2018,FAT,CA,AWP,WE,Combined TRACON& Tower with Radar,44,40,33,18,135,0,4,60,6,70,44,44,93,24,205,0,10,10,215
02/02/2018,FAT,CA,AWP,WE,Combined TRACON& Tower with Radar,45,32,22,12,111,0,3,71,4,78,45,35,93,16,189,38,0,38,227
02/03/2018,FAT,CA,AWP,WE,Combined TRACON& Tower with Radar,47,21,21,5,94,0,3,48,3,54,47,24,69,8,148,0,4,4,152
02/04/2018,FAT,CA,AWP,WE,Combined TRACON& Tower with Radar,43,20,15,1,79,0,5,45,0,50,43,25,60,1,129,28,0,28,157
02/05/2018,FAT,CA,AWP,WE,Combined TRACON& Tower with Radar,45,22,25,8,100,0,5,67,3,75,45,27,92,11,175,0,0,0,175
02/06/2018,FAT,CA,AWP,WE,Combined TRACON& Tower with Radar,46,27,19,8,100,0,10,88,9,107,46,37,107,17,207,16,0,16,223
02/07/2018,FAT,CA,AWP,WE,Combined TRACON& Tower with Radar,48,26,33,19,126,0,5,73,10,88,48,31,106,29,214,13,0,13,227
02/08/2018,FAT,CA,AWP,WE,Combined TRACON& Tower with Radar,46,27,25,11,109,0,9,118,4,131,46,36,143,15,240,44,4,48,288
02/09/2018,FAT,CA,AWP,WE,Combined TRACON& Tower with Radar,47,35,28,10,120,0,5,112,7,124,47,40,140,17,244,28,0,28,272
02/10/2018,FAT,CA,AWP,WE,Combined TRACON& Tower with Radar,40,17,18,7,82,0,5,61,8,74,40,22,79,15,156,28,0,28,184
02/11/2018,FAT,CA,AWP,WE,Combined TRACON& Tower with Radar,43,26,26,0,95,0,7,65,3,75,43,33,91,3,170,6,0,6,176
02/12/2018,FAT,CA,AWP,WE,Combined TRACON& Tower with Radar,42,23,18,1,84,0,3,69,3,75,42,26,87,4,159,6,0,6,165
02/13/2018,FAT,CA,AWP,WE,Combined TRACON& Tower with Radar,46,19,22,15,102,0,3,92,12,107,46,22,114,27,209,18,6,24,233
02/14/2018,FAT,CA,AWP,WE,Combined TRACON& Tower with Radar,47,30,21,25,123,0,2,65,8,75,47,32,86,33,198,26,10,36,234
02/15/2018,FAT,CA,AWP,WE,Combined TRACON& Tower with Radar,42,26,25,7,100,0,11,109,13,133,42,37,134,20,233,38,2,40,273
02/16/2018,FAT,CA,AWP,WE,Combined TRACON& Tower with Radar,43,31,29,2,105,0,8,95,3,106,43,39,124,5,211,20,2,22,233
02/17/2018,FAT,CA,AWP,WE,Combined TRACON& Tower with Radar,37,23,18,2,80,0,11,90,3,104,37,34,108,5,184,48,0,48,232
02/18/2018,FAT,CA,AWP,WE,Combined TRACON& Tower with Radar,46,23,16,0,85,0,6,56,0,62,46,29,72,0,147,0,0,0,147
02/19/2018,FAT,CA,AWP,WE,Combined TRACON& Tower with Radar,40,28,30,9,107,0,7,60,6,73,40,35,90,15,180,44,0,44,224
02/20/2018,FAT,CA,AWP,WE,Combined TRACON& Tower with Radar,43,24,31,13,111,0,5,86,5,96,43,29,117,18,207,69,0,69,276
02/21/2018,FAT,CA,AWP,WE,Combined TRACON& Tower with Radar,43,30,23,6,102,0,6,100,15,121,43,36,123,21,223,6,0,6,229
02/22/2018,FAT,CA,AWP,WE,Combined TRACON& Tower with Radar,41,30,32,9,112,0,4,69,8,81,41,34,101,17,193,42,0,42,235
02/23/2018,FAT,CA,AWP,WE,Combined TRACON& Tower with Radar,42,27,19,3,91,0,6,83,9,98,42,33,102,12,189,12,0,12,201
02/24/2018,FAT,CA,AWP,WE,Combined TRACON& Tower with Radar,37,22,11,9,79,0,7,83,2,92,37,29,94,11,171,14,0,14,185
02/25/2018,FAT,CA,AWP,WE,Combined TRACON& Tower with Radar,43,31,22,3,99,0,3,60,1,64,43,34,82,4,163,38,0,38,201
02/26/2018,FAT,CA,AWP,WE,Combined TRACON& Tower with Radar,42,27,23,2,94,0,5,29,2,36,42,32,52,4,130,18,12,30,160
02/27/2018,FAT,CA,AWP,WE,Combined TRACON& Tower with Radar,45,32,49,12,138,0,1,34,3,38,45,33,83,15,176,20,0,20,196
02/28/2018,FAT,CA,AWP,WE,Combined TRACON& Tower with Radar,44,30,42,13,129,0,4,81,14,99,44,34,123,27,228,32,2,34,262
03/01/2018,FAT,CA,AWP,WE,Combined TRACON& Tower with Radar,45,26,31,8,110,0,3,21,1,25,45,29,52,9,135,0,0,0,135
03/02/2018,FAT,CA,AWP,WE,Combined TRACON& Tower with Radar,44,31,19,6,100,0,1,14,0,15,44,32,33,6,115,0,0,0,115
03/03/2018,FAT,CA,AWP,WE,Combined TRACON& Tower with Radar,37,23,16,2,78,0,3,21,2,26,37,26,37,4,104,20,0,20,124
03/04/2018,FAT,CA,AWP,WE,Combined TRACON& Tower with Radar,44,25,16,2,87,0,5,61,3,69,44,30,77,5,156,14,0,14,170
03/05/2018,FAT,CA,AWP,WE,Combined TRACON& Tower with Radar,40,28,18,1,87,0,6,70,3,79,40,34,88,4,166,30,0,30,196
03/06/2018,FAT,CA,AWP,WE,Combined TRACON& Tower with Radar,42,25,17,0,84,0,12,94,8,114,42,37,111,8,198,34,0,34,232
03/07/2018,FAT,CA,AWP,WE,Combined TRACON& Tower with Radar,43,27,30,4,104,0,4,107,11,122,43,31,137,15,226,6,16,22,248
03/08/2018,FAT,CA,AWP,WE,Combined TRACON& Tower with Radar,43,34,28,6,111,0,10,88,17,115,43,44,116,23,226,24,2,26,252
03/09/2018,FAT,CA,AWP,WE,Combined TRACON& Tower with Radar,48,29,37,3,117,0,6,99,6,111,48,35,136,9,228,38,0,38,266
03/10/2018,FAT,CA,AWP,WE,Combined TRACON& Tower with Radar,39,24,14,3,80,0,4,43,0,47,39,28,57,3,127,36,0,36,163
03/11/2018,FAT,CA,AWP,WE,Combined TRACON& Tower with Radar,44,25,34,0,103,0,0,48,0,48,44,25,82,0,151,6,0,6,157
03/12/2018,FAT,CA,AWP,WE,Combined TRACON& Tower with Radar,42,28,37,4,111,0,2,74,4,80,42,30,111,8,191,0,0,0,191
03/13/2018,FAT,CA,AWP,WE,Combined TRACON& Tower with Radar,44,34,25,3,106,0,3,20,3,26,44,37,45,6,132,8,4,12,144
03/14/2018,FAT,CA,AWP,WE,Combined TRACON& Tower with Radar,42,28,43,3,116,0,2,36,7,45,42,30,79,10,161,10,0,10,171
03/15/2018,FAT,CA,AWP,WE,Combined TRACON& Tower with Radar,45,31,29,13,118,0,8,79,18,105,45,39,108,31,223,54,12,66,289
03/16/2018,FAT,CA,AWP,WE,Combined TRACON& Tower with Radar,44,37,33,2,116,0,3,29,0,32,44,40,62,2,148,6,0,6,154
03/17/2018,FAT,CA,AWP,WE,Combined TRACON& Tower with Radar,42,24,29,0,95,0,8,53,2,63,42,32,82,2,158,30,0,30,188
03/18/2018,FAT,CA,AWP,WE,Combined TRACON& Tower with Radar,43,26,12,0,81,0,2,56,5,63,43,28,68,5,144,40,0,40,184
03/19/2018,FAT,CA,AWP,WE,Combined TRACON& Tower with Radar,42,31,22,0,95,0,6,101,5,112,42,37,123,5,207,50,0,50,257
03/20/2018,FAT,CA,AWP,WE,Combined TRACON& Tower with Radar,45,34,27,0,106,0,4,61,2,67,45,38,88,2,173,13,0,13,186
03/21/2018,FAT,CA,AWP,WE,Combined TRACON& Tower with Radar,42,29,39,2,112,0,4,16,1,21,42,33,55,3,133,18,0,18,151
03/22/2018,FAT,CA,AWP,WE,Combined TRACON& Tower with Radar,46,33,43,8,130,0,0,22,3,25,46,33,65,11,155,0,24,24,179
03/23/2018,FAT,CA,AWP,WE,Combined TRACON& Tower with Radar,47,44,47,1,139,0,5,98,3,106,47,49,145,4,245,44,32,76,321
03/24/2018,FAT,CA,AWP,WE,Combined TRACON& Tower with Radar,39,27,41,2,109,0,7,83,3,93,39,34,124,5,202,8,0,8,210
03/25/2018,FAT,CA,AWP,WE,Combined TRACON& Tower with Radar,44,27,34,0,105,0,2,61,1,64,44,29,95,1,169,6,0,6,175
03/26/2018,FAT,CA,AWP,WE,Combined TRACON& Tower with Radar,41,28,30,1,100,0,4,85,4,93,41,32,115,5,193,56,0,56,249
03/27/2018,FAT,CA,AWP,WE,Combined TRACON& Tower with Radar,46,28,30,7,111,0,2,115,12,129,46,30,145,19,240,57,10,67,307
03/28/2018,FAT,CA,AWP,WE,Combined TRACON& Tower with Radar,45,33,20,14,112,0,20,124,16,160,45,53,144,30,272,16,10,26,298
03/29/2018,FAT,CA,AWP,WE,Combined TRACON& Tower with Radar,45,31,22,11,109,0,9,99,7,115,45,40,121,18,224,44,6,50,274
03/30/2018,FAT,CA,AWP,WE,Combined TRACON& Tower with Radar,48,24,13,5,90,0,9,101,11,121,48,33,114,16,211,8,6,14,225
03/31/2018,FAT,CA,AWP,WE,Combined TRACON& Tower with Radar,40,21,19,0,80,0,8,69,1,78,40,29,88,1,158,26,0,26,184
04/01/2018,FAT,CA,AWP,WE,Combined TRACON& Tower with Radar,42,24,9,0,75,0,3,55,0,58,42,27,64,0,133,8,0,8,141
04/02/2018,FAT,CA,AWP,WE,Combined TRACON& Tower with Radar,46,28,18,5,97,0,6,54,7,67,46,34,72,12,164,12,0,12,176
04/03/2018,FAT,CA,AWP,WE,Combined TRACON& Tower with Radar,46,30,13,4,93,0,6,96,11,113,46,36,109,15,206,31,0,31,237
04/04/2018,FAT,CA,AWP,WE,Combined TRACON& Tower with Radar,50,26,32,8,116,0,5,100,11,116,50,31,132,19,232,22,0,22,254
04/05/2018,FAT,CA,AWP,WE,Combined TRACON& Tower with Radar,50,24,42,12,128,0,3,91,22,116,50,27,133,34,244,30,18,48,292
04/06/2018,FAT,CA,AWP,WE,Combined TRACON& Tower with Radar,50,29,34,13,126,0,4,64,11,79,50,33,98,24,205,16,18,34,239
04/07/2018,FAT,CA,AWP,WE,Combined TRACON& Tower with Radar,49,29,11,21,110,0,1,28,7,36,49,30,39,28,146,6,4,10,156
04/08/2018,FAT,CA,AWP,WE,Combined TRACON& Tower with Radar,49,28,24,5,106,0,4,63,6,73,49,32,87,11,179,20,0,20,199
04/09/2018,FAT,CA,AWP,WE,Combined TRACON& Tower with Radar,50,29,19,1,99,0,1,83,0,84,50,30,102,1,183,4,0,4,187
04/10/2018,FAT,CA,AWP,WE,Combined TRACON& Tower with Radar,50,33,29,21,133,0,4,110,5,119,50,37,139,26,252,0,0,0,252
04/11/2018,FAT,CA,AWP,WE,Combined TRACON& Tower with Radar,53,30,33,21,137,0,12,111,8,131,53,42,144,29,268,6,0,6,274
04/12/2018,FAT,CA,AWP,WE,Combined TRACON& Tower with Radar,49,29,29,11,118,0,10,92,7,109,49,39,121,18,227,10,0,10,237
04/13/2018,FAT,CA,AWP,WE,Combined TRACON& Tower with Radar,48,42,31,17,138,0,12,124,12,148,48,54,155,29,286,4,6,10,296
04/14/2018,FAT,CA,AWP,WE,Combined TRACON& Tower with Radar,47,28,15,6,96,0,8,96,5,109,47,36,111,11,205,20,0,20,225
04/15/2018,FAT,CA,AWP,WE,Combined TRACON& Tower with Radar,44,32,26,1,103,0,2,71,5,78,44,34,97,6,181,0,0,0,181
04/16/2018,FAT,CA,AWP,WE,Combined TRACON& Tower with Radar,48,33,31,3,115,0,3,38,2,43,48,36,69,5,158,2,0,2,160
04/17/2018,FAT,CA,AWP,WE,Combined TRACON& Tower with Radar,51,29,27,9,116,0,7,113,10,130,51,36,140,19,246,32,0,32,278
04/18/2018,FAT,CA,AWP,WE,Combined TRACON& Tower with Radar,49,31,31,8,119,0,10,84,15,109,49,41,115,23,228,38,2,40,268
04/19/2018,FAT,CA,AWP,WE,Combined TRACON& Tower with Radar,51,37,25,6,119,0,10,77,10,97,51,47,102,16,216,12,0,12,228
04/20/2018,FAT,CA,AWP,WE,Combined TRACON& Tower with Radar,47,33,23,5,108,0,1,108,0,109,47,34,131,5,217,20,6,26,243
04/21/2018,FAT,CA,AWP,WE,Combined TRACON& Tower with Radar,48,20,23,1,92,0,9,77,1,87,48,29,100,2,179,12,0,12,191
04/22/2018,FAT,CA,AWP,WE,Combined TRACON& Tower with Radar,47,33,16,11,107,0,5,76,3,84,47,38,92,14,191,6,0,6,197
04/23/2018,FAT,CA,AWP,WE,Combined TRACON& Tower with Radar,50,29,20,15,114,0,8,64,10,82,50,37,84,25,196,7,4,11,207
04/24/2018,FAT,CA,AWP,WE,Combined TRACON& Tower with Radar,50,30,19,19,118,0,12,88,22,122,50,42,107,41,240,10,16,26,266
04/25/2018,FAT,CA,AWP,WE,Combined TRACON& Tower with Radar,51,36,27,3,117,0,11,98,8,117,51,47,125,11,234,4,0,4,238
04/26/2018,FAT,CA,AWP,WE,Combined TRACON& Tower with Radar,54,31,36,9,130,0,7,121,10,138,54,38,157,19,268,14,4,18,286
04/27/2018,FAT,CA,AWP,WE,Combined TRACON& Tower with Radar,53,32,32,10,127,0,8,88,1,97,53,40,120,11,224,47,0,47,271
04/28/2018,FAT,CA,AWP,WE,Combined TRACON& Tower with Radar,46,24,7,1,78,0,4,81,1,86,46,28,88,2,164,4,0,4,168
04/29/2018,FAT,CA,AWP,WE,Combined TRACON& Tower with Radar,53,28,34,2,117,0,6,64,1,71,53,34,98,3,188,4,0,4,192
04/30/2018,FAT,CA,AWP,WE,Combined TRACON& Tower with Radar,53,38,22,2,115,0,7,67,7,81,53,45,89,9,196,10,0,10,206
05/01/2018,FAT,CA,AWP,WE,Combined TRACON& Tower with Radar,51,29,36,22,138,0,8,100,5,113,51,37,136,27,251,0,28,28,279
05/02/2018,FAT,CA,AWP,WE,Combined TRACON& Tower with Radar,52,30,22,26,130,0,12,98,15,125,52,42,120,41,255,4,16,20,275
05/03/2018,FAT,CA,AWP,WE,Combined TRACON& Tower with Radar,54,32,25,4,115,0,9,106,8,123,54,41,131,12,238,6,12,18,256
05/04/2018,FAT,CA,AWP,WE,Combined TRACON& Tower with Radar,53,31,33,7,124,0,5,85,0,90,53,36,118,7,214,20,0,20,234
05/05/2018,FAT,CA,AWP,WE,Combined TRACON& Tower with Radar,47,25,21,13,106,0,5,56,13,74,47,30,77,26,180,22,4,26,206
05/06/2018,FAT,CA,AWP,WE,Combined TRACON& Tower with Radar,48,35,21,3,107,0,7,80,1,88,48,42,101,4,195,14,0,14,209
05/07/2018,FAT,CA,AWP,WE,Combined TRACON& Tower with Radar,55,26,6,2,89,0,4,78,9,91,55,30,84,11,180,0,6,6,186
05/08/2018,FAT,CA,AWP,WE,Combined TRACON& Tower with Radar,50,31,25,22,128,0,8,119,13,140,50,39,144,35,268,28,8,36,304
05/09/2018,FAT,CA,AWP,WE,Combined TRACON& Tower with Radar,52,33,34,11,130,0,5,109,12,126,52,38,143,23,256,34,4,38,294
05/10/2018,FAT,CA,AWP,WE,Combined TRACON& Tower with Radar,55,34,26,18,133,0,16,105,15,136,55,50,131,33,269,28,8,36,305
05/11/2018,FAT,CA,AWP,WE,Combined TRACON& Tower with Radar,57,34,31,9,131,0,14,98,6,118,57,48,129,15,249,16,4,20,269
05/12/2018,FAT,CA,AWP,WE,Combined TRACON& Tower with Radar,47,31,13,0,91,0,13,77,0,90,47,44,90,0,181,4,0,4,185
05/13/2018,FAT,CA,AWP,WE,Combined TRACON& Tower with Radar,50,30,18,2,100,0,12,52,0,64,50,42,70,2,164,22,0,22,186
05/14/2018,FAT,CA,AWP,WE,Combined TRACON& Tower with Radar,55,34,31,13,133,0,3,80,6,89,55,37,111,19,222,0,0,0,222
05/15/2018,FAT,CA,AWP,WE,Combined TRACON& Tower with Radar,49,34,39,16,138,0,9,114,12,135,49,43,153,28,273,2,20,22,295
05/16/2018,FAT,CA,AWP,WE,Combined TRACON& Tower with Radar,50,30,38,6,124,0,8,76,14,98,50,38,114,20,222,14,0,14,236
05/17/2018,FAT,CA,AWP,WE,Combined TRACON& Tower with Radar,54,32,16,12,114,0,11,98,14,123,54,43,114,26,237,6,14,20,257
05/18/2018,FAT,CA,AWP,WE,Combined TRACON& Tower with Radar,59,38,26,17,140,0,9,109,17,135,59,47,135,34,275,18,6,24,299
05/19/2018,FAT,CA,AWP,WE,Combined TRACON& Tower with Radar,44,24,26,3,97,0,13,86,11,110,44,37,112,14,207,0,10,10,217
05/20/2018,FAT,CA,AWP,WE,Combined TRACON& Tower with Radar,48,27,21,3,99,0,5,74,8,87,48,32,95,11,186,12,4,16,202
05/21/2018,FAT,CA,AWP,WE,Combined TRACON& Tower with Radar,52,31,30,3,116,0,7,88,2,97,52,38,118,5,213,44,0,44,257
05/22/2018,FAT,CA,AWP,WE,Combined TRACON& Tower with Radar,54,39,25,10,128,0,3,75,15,93,54,42,100,25,221,10,0,10,231
05/23/2018,FAT,CA,AWP,WE,Combined TRACON& Tower with Radar,51,34,15,15,115,0,19,105,15,139,51,53,120,30,254,34,12,46,300
05/24/2018,FAT,CA,AWP,WE,Combined TRACON& Tower with Radar,56,29,17,7,109,0,8,76,9,93,56,37,93,16,202,42,0,42,244
05/25/2018,FAT,CA,AWP,WE,Combined TRACON& Tower with Radar,55,38,32,6,131,0,4,68,4,76,55,42,100,10,207,42,4,46,253
05/26/2018,FAT,CA,AWP,WE,Combined TRACON& Tower with Radar,49,34,12,0,95,0,5,73,4,82,49,39,85,4,177,10,0,10,187
05/27/2018,FAT,CA,AWP,WE,Combined TRACON& Tower with Radar,47,21,13,0,81,0,6,62,0,68,47,27,75,0,149,0,0,0,149
05/28/2018,FAT,CA,AWP,WE,Combined TRACON& Tower with Radar,50,30,22,0,102,0,9,76,0,85,50,39,98,0,187,50,0,50,237
05/29/2018,FAT,CA,AWP,WE,Combined TRACON& Tower with Radar,53,33,24,6,116,0,7,83,4,94,53,40,107,10,210,8,8,16,226
05/30/2018,FAT,CA,AWP,WE,Combined TRACON& Tower with Radar,52,32,34,10,128,0,12,94,11,117,52,44,128,21,245,0,0,0,245
05/31/2018,FAT,CA,AWP,WE,Combined TRACON& Tower with Radar,56,38,29,11,134,0,11,100,16,127,56,49,129,27,261,30,0,30,291
06/01/2018,FAT,CA,AWP,WE,Combined TRACON& Tower with Radar,54,38,29,12,133,0,4,109,17,130,54,42,138,29,263,28,12,40,303
06/02/2018,FAT,CA,AWP,WE,Combined TRACON& Tower with Radar,51,29,27,2,109,0,10,75,0,85,51,39,102,2,194,9,0,9,203
06/03/2018,FAT,CA,AWP,WE,Combined TRACON& Tower with Radar,53,27,15,9,104,0,7,72,5,84,53,34,87,14,188,0,0,0,188
06/04/2018,FAT,CA,AWP,WE,Combined TRACON& Tower with Radar,53,38,18,2,111,0,12,82,16,110,53,50,100,18,221,0,0,0,221
06/05/2018,FAT,CA,AWP,WE,Combined TRACON& Tower with Radar,54,30,22,19,125,0,11,100,21,132,54,41,122,40,257,28,14,42,299
06/06/2018,FAT,CA,AWP,WE,Combined TRACON& Tower with Radar,49,30,23,9,111,0,2,99,12,113,49,32,122,21,224,34,6,40,264
06/07/2018,FAT,CA,AWP,WE,Combined TRACON& Tower with Radar,51,38,27,17,133,0,7,115,10,132,51,45,142,27,265,36,0,36,301
06/08/2018,FAT,CA,AWP,WE,Combined TRACON& Tower with Radar,62,35,25,4,126,0,10,92,11,113,62,45,117,15,239,8,8,16,255
06/09/2018,FAT,CA,AWP,WE,Combined TRACON& Tower with Radar,53,23,18,3,97,0,18,77,11,106,53,41,95,14,203,36,0,36,239
06/10/2018,FAT,CA,AWP,WE,Combined TRACON& Tower with Radar,53,33,18,0,104,0,9,60,0,69,53,42,78,0,173,2,0,2,175
06/11/2018,FAT,CA,AWP,WE,Combined TRACON& Tower with Radar,63,29,11,0,103,0,4,69,8,81,63,33,80,8,184,16,0,16,200
06/12/2018,FAT,CA,AWP,WE,Combined TRACON& Tower with Radar,58,27,16,11,112,0,8,86,7,101,58,35,102,18,213,6,8,14,227
06/13/2018,FAT,CA,AWP,WE,Combined TRACON& Tower with Radar,55,27,23,9,114,0,11,97,9,117,55,38,120,18,231,11,0,11,242
06/14/2018,FAT,CA,AWP,WE,Combined TRACON& Tower with Radar,60,31,31,7,129,0,15,107,16,138,60,46,138,23,267,2,4,6,273
06/15/2018,FAT,CA,AWP,WE,Combined TRACON& Tower with Radar,56,30,23,6,115,0,8,97,10,115,56,38,120,16,230,20,0,20,250
06/16/2018,FAT,CA,AWP,WE,Combined TRACON& Tower with Radar,57,22,21,2,102,0,21,100,4,125,57,43,121,6,227,28,0,28,255
06/17/2018,FAT,CA,AWP,WE,Combined TRACON& Tower with Radar,53,26,38,4,121,0,3,59,7,69,53,29,97,11,190,4,0,4,194
06/18/2018,FAT,CA,AWP,WE,Combined TRACON& Tower with Radar,59,26,29,4,118,0,11,94,8,113,59,37,123,12,231,6,0,6,237
06/19/2018,FAT,CA,AWP,WE,Combined TRACON& Tower with Radar,55,30,15,8,108,0,8,77,16,101,55,38,92,24,209,6,0,6,215
06/20/2018,FAT,CA,AWP,WE,Combined TRACON& Tower with Radar,55,26,16,14,111,0,9,91,21,121,55,35,107,35,232,8,0,8,240
06/21/2018,FAT,CA,AWP,WE,Combined TRACON& Tower with Radar,61,26,28,7,122,0,4,75,9,88,61,30,103,16,210,26,0,26,236
06/22/2018,FAT,CA,AWP,WE,Combined TRACON& Tower with Radar,55,26,22,12,115,0,6,101,20,127,55,32,123,32,242,8,0,8,250
06/23/2018,FAT,CA,AWP,WE,Combined TRACON& Tower with Radar,57,25,7,5,94,0,16,60,4,80,57,41,67,9,174,6,0,6,180
06/24/2018,FAT,CA,AWP,WE,Combined TRACON& Tower with Radar,54,28,21,3,106,0,7,65,4,76,54,35,86,7,182,28,0,28,210
06/25/2018,FAT,CA,AWP,WE,Combined TRACON& Tower with Radar,61,37,16,2,116,0,8,73,10,91,61,45,89,12,207,4,0,4,211
06/26/2018,FAT,CA,AWP,WE,Combined TRACON& Tower with Radar,57,28,23,14,122,0,17,89,12,118,57,45,112,26,240,36,0,36,276
06/27/2018,FAT,CA,AWP,WE,Combined TRACON& Tower with Radar,56,31,25,9,121,0,13,118,11,142,56,44,143,20,263,36,0,36,299
06/28/2018,FAT,CA,AWP,WE,Combined TRACON& Tower with Radar,60,24,20,10,114,0,7,111,15,133,60,31,131,25,247,84,6,90,337
06/29/2018,FAT,CA,AWP,WE,Combined TRACON& Tower with Radar,57,28,20,7,112,0,11,113,16,140,57,39,133,23,252,26,0,26,278
06/30/2018,FAT,CA,AWP,WE,Combined TRACON& Tower with Radar,57,23,9,2,91,0,10,101,6,117,57,33,110,8,208,42,0,42,250
07/01/2018,FAT,CA,AWP,WE,Combined TRACON& Tower with Radar,59,27,24,2,112,1,8,81,10,100,60,35,105,12,212,28,0,28,240
07/02/2018,FAT,CA,AWP,WE,Combined TRACON& Tower with Radar,63,21,15,6,105,0,17,80,12,109,63,38,95,18,214,6,6,12,226
07/03/2018,FAT,CA,AWP,WE,Combined TRACON& Tower with Radar,55,31,17,2,105,0,9,95,2,106,55,40,112,4,211,18,6,24,235
07/04/2018,FAT,CA,AWP,WE,Combined TRACON& Tower with Radar,44,18,14,0,76,0,9,71,1,81,44,27,85,1,157,20,0,20,177
07/05/2018,FAT,CA,AWP,WE,Combined TRACON& Tower with Radar,56,24,29,2,111,0,16,84,9,109,56,40,113,11,220,24,0,24,244
07/06/2018,FAT,CA,AWP,WE,Combined TRACON& Tower with Radar,58,23,14,8,103,0,11,90,11,112,58,34,104,19,215,22,0,22,237
07/07/2018,FAT,CA,AWP,WE,Combined TRACON& Tower with Radar,53,26,10,0,89,0,15,71,4,90,53,41,81,4,179,16,0,16,195
07/08/2018,FAT,CA,AWP,WE,Combined TRACON& Tower with Radar,55,26,22,2,105,0,5,63,4,72,55,31,85,6,177,6,0,6,183
07/09/2018,FAT,CA,AWP,WE,Combined TRACON& Tower with Radar,58,28,10,13,109,0,6,81,7,94,58,34,91,20,203,8,0,8,211
07/10/2018,FAT,CA,AWP,WE,Combined TRACON& Tower with Radar,57,28,29,8,122,0,13,119,16,148,57,41,148,24,270,18,22,40,310
07/11/2018,FAT,CA,AWP,WE,Combined TRACON& Tower with Radar,52,29,14,8,103,0,8,97,10,115,52,37,111,18,218,0,12,12,230
07/12/2018,FAT,CA,AWP,WE,Combined TRACON& Tower with Radar,59,31,34,7,131,0,8,84,21,113,59,39,118,28,244,16,12,28,272
07/13/2018,FAT,CA,AWP,WE,Combined TRACON& Tower with Radar,58,29,35,11,133,0,9,91,13,113,58,38,126,24,246,22,14,36,282
07/14/2018,FAT,CA,AWP,WE,Combined TRACON& Tower with Radar,55,21,28,14,118,0,12,91,11,114,55,33,119,25,232,60,0,60,292
07/15/2018,FAT,CA,AWP,WE,Combined TRACON& Tower with Radar,57,27,21,0,105,0,3,58,6,67,57,30,79,6,172,4,0,4,176
07/16/2018,FAT,CA,AWP,WE,Combined TRACON& Tower with Radar,60,31,23,1,115,0,9,101,9,119,60,40,124,10,234,38,4,42,276
07/17/2018,FAT,CA,AWP,WE,Combined TRACON& Tower with Radar,54,25,35,7,121,0,18,100,12,130,54,43,135,19,251,14,0,14,265
07/18/2018,FAT,CA,AWP,WE,Combined TRACON& Tower with Radar,55,23,39,10,127,0,4,101,12,117,55,27,140,22,244,0,0,0,244
07/19/2018,FAT,CA,AWP,WE,Combined TRACON& Tower with Radar,59,26,26,5,116,0,17,131,24,172,59,43,157,29,288,33,0,33,321
07/20/2018,FAT,CA,AWP,WE,Combined TRACON& Tower with Radar,57,24,19,4,104,0,12,109,13,134,57,36,128,17,238,2,0,2,240
07/21/2018,FAT,CA,AWP,WE,Combined TRACON& Tower with Radar,54,29,27,2,112,0,11,93,9,113,54,40,120,11,225,22,0,22,247
07/22/2018,FAT,CA,AWP,WE,Combined TRACON& Tower with Radar,58,20,11,1,90,0,10,78,7,95,58,30,89,8,185,12,0,12,197
07/23/2018,FAT,CA,AWP,WE,Combined TRACON& Tower with Radar,58,28,10,2,98,0,4,68,10,82,58,32,78,12,180,34,0,34,214
07/24/2018,FAT,CA,AWP,WE,Combined TRACON& Tower with Radar,60,23,27,4,114,0,8,85,16,109,60,31,112,20,223,24,2,26,249
07/25/2018,FAT,CA,AWP,WE,Combined TRACON& Tower with Radar,55,26,41,16,138,0,8,97,16,121,55,34,138,32,259,4,20,24,283
07/26/2018,FAT,CA,AWP,WE,Combined TRACON& Tower with Radar,57,34,14,11,116,0,2,87,21,110,57,36,101,32,226,16,14,30,256
07/27/2018,FAT,CA,AWP,WE,Combined TRACON& Tower with Radar,59,32,25,12,128,0,7,106,18,131,59,39,131,30,259,68,0,68,327
07/28/2018,FAT,CA,AWP,WE,Combined TRACON& Tower with Radar,51,23,17,10,101,0,9,70,13,92,51,32,87,23,193,32,0,32,225
07/29/2018,FAT,CA,AWP,WE,Combined TRACON& Tower with Radar,56,27,23,2,108,0,9,64,12,85,56,36,87,14,193,8,0,8,201
07/30/2018,FAT,CA,AWP,WE,Combined TRACON& Tower with Radar,56,25,29,8,118,0,6,99,8,113,56,31,128,16,231,0,0,0,231
07/31/2018,FAT,CA,AWP,WE,Combined TRACON& Tower with Radar,58,31,25,2,116,0,4,81,30,115,58,35,106,32,231,16,0,16,247
08/01/2018,FAT,CA,AWP,WE,Combined TRACON& Tower with Radar,48,34,24,0,106,0,10,95,15,120,48,44,119,15,226,60,0,60,286
08/02/2018,FAT,CA,AWP,WE,Combined TRACON& Tower with Radar,62,28,22,1,113,0,9,120,18,147,62,37,142,19,260,63,0,63,323
08/03/2018,FAT,CA,AWP,WE,Combined TRACON& Tower with Radar,59,32,21,5,117,0,10,97,15,122,59,42,118,20,239,38,0,38,277
08/04/2018,FAT,CA,AWP,WE,Combined TRACON& Tower with Radar,55,25,31,9,120,0,14,58,17,89,55,39,89,26,209,0,5,5,214
08/05/2018,FAT,CA,AWP,WE,Combined TRACON& Tower with Radar,58,25,23,6,112,0,4,75,13,92,58,29,98,19,204,34,0,34,238
08/06/2018,FAT,CA,AWP,WE,Combined TRACON& Tower with Radar,57,30,41,1,129,0,3,60,3,66,57,33,101,4,195,6,0,6,201
08/07/2018,FAT,CA,AWP,WE,Combined TRACON& Tower with Radar,61,30,31,1,123,0,8,63,10,81,61,38,94,11,204,10,0,10,214
08/08/2018,FAT,CA,AWP,WE,Combined TRACON& Tower with Radar,59,28,34,7,128,0,7,95,16,118,59,35,129,23,246,36,0,36,282
08/09/2018,FAT,CA,AWP,WE,Combined TRACON& Tower with Radar,61,29,24,9,123,0,2,88,19,109,61,31,112,28,232,52,0,52,284
08/10/2018,FAT,CA,AWP,WE,Combined TRACON& Tower with Radar,63,27,18,9,117,0,6,83,23,112,63,33,101,32,229,16,0,16,245
08/11/2018,FAT,CA,AWP,WE,Combined TRACON& Tower with Radar,54,23,12,0,89,0,8,53,6,67,54,31,65,6,156,36,0,36,192
08/12/2018,FAT,CA,AWP,WE,Combined TRACON& Tower with Radar,59,28,23,5,115,0,11,67,14,92,59,39,90,19,207,10,0,10,217
08/13/2018,FAT,CA,AWP,WE,Combined TRACON& Tower with Radar,61,28,17,6,112,0,5,86,14,105,61,33,103,20,217,6,0,6,223
08/14/2018,FAT,CA,AWP,WE,Combined TRACON& Tower with Radar,57,26,27,3,113,0,9,106,10,125,57,35,133,13,238,14,0,14,252
08/15/2018,FAT,CA,AWP,WE,Combined TRACON& Tower with Radar,56,26,14,3,99,0,10,95,5,110,56,36,109,8,209,14,0,14,223
08/16/2018,FAT,CA,AWP,WE,Combined TRACON& Tower with Radar,63,29,27,2,121,0,11,112,9,132,63,40,139,11,253,22,0,22,275
08/17/2018,FAT,CA,AWP,WE,Combined TRACON& Tower with Radar,59,27,30,0,116,0,4,101,5,110,59,31,131,5,226,40,0,40,266
08/18/2018,FAT,CA,AWP,WE,Combined TRACON& Tower with Radar,55,23,18,4,100,0,6,75,6,87,55,29,93,10,187,8,0,8,195
08/19/2018,FAT,CA,AWP,WE,Combined TRACON& Tower with Radar,56,28,21,0,105,0,4,69,15,88,56,32,90,15,193,14,0,14,207
08/20/2018,FAT,CA,AWP,WE,Combined TRACON& Tower with Radar,54,30,15,0,99,0,6,83,6,95,54,36,98,6,194,10,0,10,204
08/21/2018,FAT,CA,AWP,WE,Combined TRACON& Tower with Radar,56,26,17,2,101,0,4,87,13,104,56,30,104,15,205,32,2,34,239
08/22/2018,FAT,CA,AWP,WE,Combined TRACON& Tower with Radar,54,25,16,0,95,0,15,85,15,115,54,40,101,15,210,18,0,18,228
08/23/2018,FAT,CA,AWP,WE,Combined TRACON& Tower with Radar,62,26,24,0,112,0,7,97,6,110,62,33,121,6,222,62,0,62,284
08/24/2018,FAT,CA,AWP,WE,Combined TRACON& Tower with Radar,56,33,43,2,134,0,6,82,3,91,56,39,125,5,225,6,0,6,231
08/25/2018,FAT,CA,AWP,WE,Combined TRACON& Tower with Radar,56,24,17,6,103,0,17,69,5,91,56,41,86,11,194,40,0,40,234
08/26/2018,FAT,CA,AWP,WE,Combined TRACON& Tower with Radar,55,27,17,0,99,0,3,68,11,82,55,30,85,11,181,8,0,8,189
08/27/2018,FAT,CA,AWP,WE,Combined TRACON& Tower with Radar,57,22,23,1,103,0,5,88,8,101,57,27,111,9,204,2,4,6,210
08/28/2018,FAT,CA,AWP,WE,Combined TRACON& Tower with Radar,54,26,24,6,110,0,6,123,19,148,54,32,147,25,258,20,0,20,278
08/29/2018,FAT,CA,AWP,WE,Combined TRACON& Tower with Radar,53,35,37,8,133,0,10,96,9,115,53,45,133,17,248,18,0,18,266
08/30/2018,FAT,CA,AWP,WE,Combined TRACON& Tower with Radar,60,31,49,5,145,0,13,149,12,174,60,44,198,17,319,42,8,50,369
08/31/2018,FAT,CA,AWP,WE,Combined TRACON& Tower with Radar,60,28,33,2,123,0,7,113,9,129,60,35,146,11,252,12,0,12,264
09/01/2018,FAT,CA,AWP,WE,Combined TRACON& Tower with Radar,51,19,14,0,84,0,9,105,2,116,51,28,119,2,200,16,0,16,216
09/02/2018,FAT,CA,AWP,WE,Combined TRACON& Tower with Radar,50,20,16,0,86,0,10,54,1,65,50,30,70,1,151,0,0,0,151
09/03/2018,FAT,CA,AWP,WE,Combined TRACON& Tower with Radar,54,25,15,0,94,0,11,64,0,75,54,36,79,0,169,0,0,0,169
09/04/2018,FAT,CA,AWP,WE,Combined TRACON& Tower with Radar,53,29,29,9,120,0,12,89,6,107,53,41,118,15,227,26,24,50,277
09/05/2018,FAT,CA,AWP,WE,Combined TRACON& Tower with Radar,50,38,25,9,122,0,10,72,15,97,50,48,97,24,219,4,24,28,247
09/06/2018,FAT,CA,AWP,WE,Combined TRACON& Tower with Radar,63,35,27,4,129,0,5,86,9,100,63,40,113,13,229,6,0,6,235
09/07/2018,FAT,CA,AWP,WE,Combined TRACON& Tower with Radar,56,29,24,8,117,0,10,99,11,120,56,39,123,19,237,14,0,14,251
09/08/2018,FAT,CA,AWP,WE,Combined TRACON& Tower with Radar,49,25,23,8,105,0,5,74,10,89,49,30,97,18,194,18,0,18,212
09/09/2018,FAT,CA,AWP,WE,Combined TRACON& Tower with Radar,55,33,32,0,120,0,5,81,0,86,55,38,113,0,206,16,0,16,222
09/10/2018,FAT,CA,AWP,WE,Combined TRACON& Tower with Radar,54,27,31,1,113,0,5,80,5,90,54,32,111,6,203,4,0,4,207
09/11/2018,FAT,CA,AWP,WE,Combined TRACON& Tower with Radar,52,28,22,8,110,0,10,111,11,132,52,38,133,19,242,13,14,27,269
09/12/2018,FAT,CA,AWP,WE,Combined TRACON& Tower with Radar,52,37,27,3,119,0,11,104,11,126,52,48,131,14,245,24,12,36,281
09/13/2018,FAT,CA,AWP,WE,Combined TRACON& Tower with Radar,62,33,24,7,126,0,8,92,14,114,62,41,116,21,240,40,12,52,292
09/14/2018,FAT,CA,AWP,WE,Combined TRACON& Tower with Radar,54,32,34,5,125,0,4,117,14,135,54,36,151,19,260,12,0,12,272
09/15/2018,FAT,CA,AWP,WE,Combined TRACON& Tower with Radar,52,19,27,2,100,0,9,78,2,89,52,28,105,4,189,4,0,4,193
09/16/2018,FAT,CA,AWP,WE,Combined TRACON& Tower with Radar,52,23,22,5,102,0,5,82,0,87,52,28,104,5,189,18,0,18,207
09/17/2018,FAT,CA,AWP,WE,Combined TRACON& Tower with Radar,60,25,26,0,111,0,3,92,0,95,60,28,118,0,206,28,0,28,234
09/18/2018,FAT,CA,AWP,WE,Combined TRACON& Tower with Radar,52,27,23,13,115,0,16,94,11,121,52,43,117,24,236,46,10,56,292
09/19/2018,FAT,CA,AWP,WE,Combined TRACON& Tower with Radar,53,29,30,13,125,0,11,123,9,143,53,40,153,22,268,44,4,48,316
09/20/2018,FAT,CA,AWP,WE,Combined TRACON& Tower with Radar,59,27,33,10,129,0,20,113,10,143,59,47,146,20,272,28,10,38,310
09/21/2018,FAT,CA,AWP,WE,Combined TRACON& Tower with Radar,52,31,26,5,114,0,7,124,10,141,52,38,150,15,255,24,0,24,279
09/22/2018,FAT,CA,AWP,WE,Combined TRACON& Tower with Radar,53,20,18,3,94,0,9,74,10,93,53,29,92,13,187,4,0,4,191
09/23/2018,FAT,CA,AWP,WE,Combined TRACON& Tower with Radar,56,28,19,0,103,0,5,84,13,102,56,33,103,13,205,48,0,48,253
09/24/2018,FAT,CA,AWP,WE,Combined TRACON& Tower with Radar,56,22,27,9,114,0,5,103,11,119,56,27,130,20,233,14,0,14,247
09/25/2018,FAT,CA,AWP,WE,Combined TRACON& Tower with Radar,55,23,18,8,104,0,6,108,11,125,55,29,126,19,229,64,14,78,307
09/26/2018,FAT,CA,AWP,WE,Combined TRACON& Tower with Radar,53,37,17,14,121,0,8,99,11,118,53,45,116,25,239,58,20,78,317
09/27/2018,FAT,CA,AWP,WE,Combined TRACON& Tower with Radar,60,31,24,7,122,0,9,92,6,107,60,40,116,13,229,50,0,50,279
09/28/2018,FAT,CA,AWP,WE,Combined TRACON& Tower with Radar,54,37,21,5,117,0,5,93,5,103,54,42,114,10,220,30,0,30,250
09/29/2018,FAT,CA,AWP,WE,Combined TRACON& Tower with Radar,52,23,11,0,86,0,12,70,2,84,52,35,81,2,170,72,0,72,242
09/30/2018,FAT,CA,AWP,WE,Combined TRACON& Tower with Radar,56,27,20,0,103,0,5,57,0,62,56,32,77,0,165,28,0,28,193
10/01/2018,FAT,CA,AWP,WE,Combined TRACON& Tower with Radar,57,23,17,3,100,0,11,73,12,96,57,34,90,15,196,52,16,68,264
10/02/2018,FAT,CA,AWP,WE,Combined TRACON& Tower with Radar,54,25,29,12,120,0,9,90,33,132,54,34,119,45,252,84,38,122,374
10/03/2018,FAT,CA,AWP,WE,Combined TRACON& Tower with Radar,56,24,38,5,123,0,3,56,0,59,56,27,94,5,182,16,0,16,198
10/04/2018,FAT,CA,AWP,WE,Combined TRACON& Tower with Radar,62,23,55,2,142,0,1,65,2,68,62,24,120,4,210,48,6,54,264
10/05/2018,FAT,CA,AWP,WE,Combined TRACON& Tower with Radar,56,29,37,0,122,0,5,117,3,125,56,34,154,3,247,60,14,74,321
10/06/2018,FAT,CA,AWP,WE,Combined TRACON& Tower with Radar,57,25,14,5,101,0,8,77,4,89,57,33,91,9,190,56,0,56,246
10/07/2018,FAT,CA,AWP,WE,Combined TRACON& Tower with Radar,54,30,30,1,115,0,5,98,1,104,54,35,128,2,219,84,0,84,303
10/08/2018,FAT,CA,AWP,WE,Combined TRACON& Tower with Radar,56,27,11,2,96,0,10,77,2,89,56,37,88,4,185,22,0,22,207
10/09/2018,FAT,CA,AWP,WE,Combined TRACON& Tower with Radar,52,30,32,2,116,0,13,119,0,132,52,43,151,2,248,54,2,56,304
10/10/2018,FAT,CA,AWP,WE,Combined TRACON& Tower with Radar,53,29,26,1,109,0,7,105,5,117,53,36,131,6,226,78,0,78,304
10/11/2018,FAT,CA,AWP,WE,Combined TRACON& Tower with Radar,58,26,33,5,122,0,9,93,4,106,58,35,126,9,228,32,0,32,260
10/12/2018,FAT,CA,AWP,WE,Combined TRACON& Tower with Radar,58,34,33,5,130,0,10,110,7,127,58,44,143,12,257,60,6,66,323
10/13/2018,FAT,CA,AWP,WE,Combined TRACON& Tower with Radar,50,23,19,6,98,0,9,75,9,93,50,32,94,15,191,75,0,75,266
10/14/2018,FAT,CA,AWP,WE,Combined TRACON& Tower with Radar,52,23,29,5,109,0,5,61,2,68,52,28,90,7,177,77,0,77,254
10/15/2018,FAT,CA,AWP,WE,Combined TRACON& Tower with Radar,59,30,15,0,104,0,16,66,1,83,59,46,81,1,187,62,0,62,249
10/16/2018,FAT,CA,AWP,WE,Combined TRACON& Tower with Radar,49,24,19,7,99,0,7,88,7,102,49,31,107,14,201,25,24,49,250
10/17/2018,FAT,CA,AWP,WE,Combined TRACON& Tower with Radar,54,25,17,5,101,0,17,108,7,132,54,42,125,12,233,76,4,80,313
10/18/2018,FAT,CA,AWP,WE,Combined TRACON& Tower with Radar,55,30,24,3,112,0,12,113,6,131,55,42,137,9,243,18,8,26,269
10/19/2018,FAT,CA,AWP,WE,Combined TRACON& Tower with Radar,58,27,28,3,116,0,5,83,2,90,58,32,111,5,206,18,0,18,224
10/20/2018,FAT,CA,AWP,WE,Combined TRACON& Tower with Radar,56,19,21,5,101,0,13,87,3,103,56,32,108,8,204,70,0,70,274
10/21/2018,FAT,CA,AWP,WE,Combined TRACON& Tower with Radar,51,26,28,0,105,0,4,66,5,75,51,30,94,5,180,22,0,22,202
10/22/2018,FAT,CA,AWP,WE,Combined TRACON& Tower with Radar,51,31,20,3,105,0,8,73,10,91,51,39,93,13,196,84,8,92,288
10/23/2018,FAT,CA,AWP,WE,Combined TRACON& Tower with Radar,53,30,18,3,104,0,10,90,2,102,53,40,108,5,206,40,0,40,246
10/24/2018,FAT,CA,AWP,WE,Combined TRACON& Tower with Radar,53,26,28,21,128,0,10,108,5,123,53,36,136,26,251,60,0,60,311
10/25/2018,FAT,CA,AWP,WE,Combined TRACON& Tower with Radar,58,30,22,12,122,0,4,104,10,118,58,34,126,22,240,74,8,82,322
10/26/2018,FAT,CA,AWP,WE,Combined TRACON& Tower with Radar,54,33,12,8,107,0,8,86,7,101,54,41,98,15,208,28,10,38,246
10/27/2018,FAT,CA,AWP,WE,Combined TRACON& Tower with Radar,52,23,18,2,95,0,9,86,6,101,52,32,104,8,196,133,0,133,329
10/28/2018,FAT,CA,AWP,WE,Combined TRACON& Tower with Radar,55,28,16,1,100,0,9,67,7,83,55,37,83,8,183,108,0,108,291
10/29/2018,FAT,CA,AWP,WE,Combined TRACON& Tower with Radar,57,31,8,0,96,0,12,84,9,105,57,43,92,9,201,72,4,76,277
10/30/2018,FAT,CA,AWP,WE,Combined TRACON& Tower with Radar,54,27,27,34,142,0,8,91,23,122,54,35,118,57,264,74,10,84,348
10/31/2018,FAT,CA,AWP,WE,Combined TRACON& Tower with Radar,45,22,20,3,90,0,12,105,4,121,45,34,125,7,211,44,0,44,255
11/01/2018,FAT,CA,AWP,WE,Combined TRACON& Tower with Radar,59,31,27,10,127,0,17,98,10,125,59,48,125,20,252,34,0,34,286
11/02/2018,FAT,CA,AWP,WE,Combined TRACON& Tower with Radar,59,31,34,9,133,0,11,87,22,120,59,42,121,31,253,38,20,58,311
11/03/2018,FAT,CA,AWP,WE,Combined TRACON& Tower with Radar,54,26,12,8,100,0,10,82,9,101,54,36,94,17,201,58,6,64,265
11/04/2018,FAT,CA,AWP,WE,Combined TRACON& Tower with Radar,54,31,30,2,117,0,7,75,6,88,54,38,105,8,205,92,8,100,305
11/05/2018,FAT,CA,AWP,WE,Combined TRACON& Tower with Radar,59,33,26,11,129,0,5,92,25,122,59,38,118,36,251,40,38,78,329
11/06/2018,FAT,CA,AWP,WE,Combined TRACON& Tower with Radar,53,25,41,6,125,0,4,96,7,107,53,29,137,13,232,82,0,82,314
11/07/2018,FAT,CA,AWP,WE,Combined TRACON& Tower with Radar,53,29,34,4,120,0,5,102,14,121,53,34,136,18,241,24,16,40,281
11/08/2018,FAT,CA,AWP,WE,Combined TRACON& Tower with Radar,61,27,32,5,125,0,6,112,13,131,61,33,144,18,256,99,0,99,355
11/09/2018,FAT,CA,AWP,WE,Combined TRACON& Tower with Radar,57,29,22,4,112,0,7,124,4,135,57,36,146,8,247,36,4,40,287
11/10/2018,FAT,CA,AWP,WE,Combined TRACON& Tower with Radar,50,19,22,2,93,0,12,65,8,85,50,31,87,10,178,56,0,56,234
11/11/2018,FAT,CA,AWP,WE,Combined TRACON& Tower with Radar,51,32,29,5,117,0,8,43,6,57,51,40,72,11,174,12,0,12,186
11/12/2018,FAT,CA,AWP,WE,Combined TRACON& Tower with Radar,58,25,19,2,104,0,11,70,6,87,58,36,89,8,191,96,8,104,295
11/13/2018,FAT,CA,AWP,WE,Combined TRACON& Tower with Radar,52,27,24,12,115,0,3,95,5,103,52,30,119,17,218,38,22,60,278
11/14/2018,FAT,CA,AWP,WE,Combined TRACON& Tower with Radar,53,28,50,10,141,0,3,80,12,95,53,31,130,22,236,32,20,52,288
11/15/2018,FAT,CA,AWP,WE,Combined TRACON& Tower with Radar,57,31,33,25,146,0,8,85,33,126,57,39,118,58,272,30,50,80,352
11/16/2018,FAT,CA,AWP,WE,Combined TRACON& Tower with Radar,61,29,42,24,156,0,6,83,6,95,61,35,125,30,251,46,14,60,311
11/17/2018,FAT,CA,AWP,WE,Combined TRACON& Tower with Radar,54,24,39,21,138,0,6,44,10,60,54,30,83,31,198,104,0,104,302
11/18/2018,FAT,CA,AWP,WE,Combined TRACON& Tower with Radar,56,23,18,4,101,0,1,45,10,56,56,24,63,14,157,66,0,66,223
11/19/2018,FAT,CA,AWP,WE,Combined TRACON& Tower with Radar,57,37,46,13,153,0,3,50,10,63,57,40,96,23,216,14,0,14,230
11/20/2018,FAT,CA,AWP,WE,Combined TRACON& Tower with Radar,60,28,45,9,142,0,7,65,11,83,60,35,110,20,225,32,8,40,265
11/21/2018,FAT,CA,AWP,WE,Combined TRACON& Tower with Radar,60,36,32,11,139,0,3,48,8,59,60,39,80,19,198,32,14,46,244
11/22/2018,FAT,CA,AWP,WE,Combined TRACON& Tower with Radar,35,16,9,0,60,0,3,15,0,18,35,19,24,0,78,0,0,0,78
11/23/2018,FAT,CA,AWP,WE,Combined TRACON& Tower with Radar,46,27,29,0,102,0,5,37,0,42,46,32,66,0,144,16,0,16,160
11/24/2018,FAT,CA,AWP,WE,Combined TRACON& Tower with Radar,57,36,29,0,122,0,4,38,0,42,57,40,67,0,164,84,0,84,248
11/25/2018,FAT,CA,AWP,WE,Combined TRACON& Tower with Radar,58,31,32,1,122,0,3,50,0,53,58,34,82,1,175,12,0,12,187
11/26/2018,FAT,CA,AWP,WE,Combined TRACON& Tower with Radar,63,26,26,9,124,0,4,63,4,71,63,30,89,13,195,32,0,32,227
11/27/2018,FAT,CA,AWP,WE,Combined TRACON& Tower with Radar,58,34,21,16,129,0,2,61,15,78,58,36,82,31,207,28,4,32,239
11/28/2018,FAT,CA,AWP,WE,Combined TRACON& Tower with Radar,57,38,50,12,157,0,2,5,1,8,57,40,55,13,165,0,0,0,165
11/29/2018,FAT,CA,AWP,WE,Combined TRACON& Tower with Radar,62,32,21,25,140,0,4,32,4,40,62,36,53,29,180,0,6,6,186
11/30/2018,FAT,CA,AWP,WE,Combined TRACON& Tower with Radar,58,33,29,8,128,0,6,61,16,83,58,39,90,24,211,26,16,42,253
12/01/2018,FAT,CA,AWP,WE,Combined TRACON& Tower with Radar,50,23,24,22,119,0,5,45,1,51,50,28,69,23,170,30,12,42,212
12/02/2018,FAT,CA,AWP,WE,Combined TRACON& Tower with Radar,53,30,32,14,129,0,5,85,0,90,53,35,117,14,219,102,0,102,321
12/03/2018,FAT,CA,AWP,WE,Combined TRACON& Tower with Radar,55,31,21,2,109,0,2,107,4,113,55,33,128,6,222,62,0,62,284
12/04/2018,FAT,CA,AWP,WE,Combined TRACON& Tower with Radar,50,32,28,15,125,0,7,84,19,110,50,39,112,34,235,12,8,20,255
12/05/2018,FAT,CA,AWP,WE,Combined TRACON& Tower with Radar,53,31,37,3,124,0,5,73,1,79,53,36,110,4,203,42,0,42,245
12/06/2018,FAT,CA,AWP,WE,Combined TRACON& Tower with Radar,60,35,57,12,164,0,3,10,0,13,60,38,67,12,177,42,0,42,219
12/07/2018,FAT,CA,AWP,WE,Combined TRACON& Tower with Radar,56,36,59,12,163,0,2,29,2,33,56,38,88,14,196,82,0,82,278
12/08/2018,FAT,CA,AWP,WE,Combined TRACON& Tower with Radar,47,25,32,8,112,0,1,26,0,27,47,26,58,8,139,80,0,80,219
12/09/2018,FAT,CA,AWP,WE,Combined TRACON& Tower with Radar,52,32,45,5,134,0,5,27,0,32,52,37,72,5,166,14,0,14,180
12/10/2018,FAT,CA,AWP,WE,Combined TRACON& Tower with Radar,54,38,54,0,146,0,0,30,0,30,54,38,84,0,176,16,0,16,192
12/11/2018,FAT,CA,AWP,WE,Combined TRACON& Tower with Radar,54,33,55,19,161,0,6,75,2,83,54,39,130,21,244,0,0,0,244
12/12/2018,FAT,CA,AWP,WE,Combined TRACON& Tower with Radar,53,29,54,21,157,0,7,89,2,98,53,36,143,23,255,100,10,110,365
12/13/2018,FAT,CA,AWP,WE,Combined TRACON& Tower with Radar,57,41,32,22,152,0,2,100,1,103,57,43,132,23,255,52,2,54,309
12/14/2018,FAT,CA,AWP,WE,Combined TRACON& Tower with Radar,59,39,26,9,133,0,2,77,4,83,59,41,103,13,216,66,0,66,282
12/15/2018,FAT,CA,AWP,WE,Combined TRACON& Tower with Radar,49,28,31,2,110,0,6,97,9,112,49,34,128,11,222,22,0,22,244
12/16/2018,FAT,CA,AWP,WE,Combined TRACON& Tower with Radar,53,26,21,3,103,0,5,93,8,106,53,31,114,11,209,38,0,38,247
12/17/2018,FAT,CA,AWP,WE,Combined TRACON& Tower with Radar,60,38,37,30,165,0,7,24,8,39,60,45,61,38,204,14,0,14,218
12/18/2018,FAT,CA,AWP,WE,Combined TRACON& Tower with Radar,52,35,31,8,126,0,7,45,10,62,52,42,76,18,188,40,10,50,238
12/19/2018,FAT,CA,AWP,WE,Combined TRACON& Tower with Radar,57,36,36,5,134,0,8,63,7,78,57,44,99,12,212,56,0,56,268
12/20/2018,FAT,CA,AWP,WE,Combined TRACON& Tower with Radar,61,34,20,25,140,0,0,86,26,112,61,34,106,51,252,46,20,66,318
12/21/2018,FAT,CA,AWP,WE,Combined TRACON& Tower with Radar,63,37,38,9,147,0,0,5,2,7,63,37,43,11,154,8,0,8,162
12/22/2018,FAT,CA,AWP,WE,Combined TRACON& Tower with Radar,53,30,39,0,122,0,4,27,0,31,53,34,66,0,153,20,0,20,173
12/23/2018,FAT,CA,AWP,WE,Combined TRACON& Tower with Radar,57,32,34,0,123,0,1,28,0,29,57,33,62,0,152,0,0,0,152
12/24/2018,FAT,CA,AWP,WE,Combined TRACON& Tower with Radar,51,19,19,0,89,0,1,22,0,23,51,20,41,0,112,0,0,0,112
12/25/2018,FAT,CA,AWP,WE,Combined TRACON& Tower with Radar,44,17,10,0,71,0,2,7,0,9,44,19,17,0,80,0,0,0,80
12/26/2018,FAT,CA,AWP,WE,Combined TRACON& Tower with Radar,52,28,24,1,105,0,7,77,0,84,52,35,101,1,189,20,0,20,209
12/27/2018,FAT,CA,AWP,WE,Combined TRACON& Tower with Radar,51,34,29,7,121,0,8,50,2,60,51,42,79,9,181,0,16,16,197
12/28/2018,FAT,CA,AWP,WE,Combined TRACON& Tower with Radar,58,36,28,1,123,0,9,60,7,76,58,45,88,8,199,0,0,0,199
12/29/2018,FAT,CA,AWP,WE,Combined TRACON& Tower with Radar,52,28,12,1,93,0,9,77,2,88,52,37,89,3,181,14,0,14,195
12/30/2018,FAT,CA,AWP,WE,Combined TRACON& Tower with Radar,53,31,15,0,99,0,3,48,1,52,53,34,63,1,151,16,0,16,167
12/31/2018,FAT,CA,AWP,WE,Combined TRACON& Tower with Radar,55,21,13,6,95,0,3,43,0,46,55,24,56,6,141,0,0,0,141
01/01/2019,FAT,CA,AWP,WE,Combined TRACON& Tower with Radar,48,23,20,0,91,0,9,50,0,59,48,32,70,0,150,14,0,14,164
01/02/2019,FAT,CA,AWP,WE,Combined TRACON& Tower with Radar,57,36,24,2,119,0,2,69,0,71,57,38,93,2,190,42,0,42,232
01/03/2019,FAT,CA,AWP,WE,Combined TRACON& Tower with Radar,56,34,13,7,110,0,5,88,8,101,56,39,101,15,211,26,0,26,237
01/04/2019,FAT,CA,AWP,WE,Combined TRACON& Tower with Radar,57,41,13,6,117,0,7,79,7,93,57,48,92,13,210,16,0,16,226
01/05/2019,FAT,CA,AWP,WE,Combined TRACON& Tower with Radar,49,34,11,1,95,0,6,36,0,42,49,40,47,1,137,12,0,12,149
01/06/2019,FAT,CA,AWP,WE,Combined TRACON& Tower with Radar,55,29,23,1,108,0,0,8,0,8,55,29,31,1,116,6,0,6,122
01/07/2019,FAT,CA,AWP,WE,Combined TRACON& Tower with Radar,53,32,23,13,121,0,5,46,4,55,53,37,69,17,176,0,0,0,176
01/08/2019,FAT,CA,AWP,WE,Combined TRACON& Tower with Radar,44,25,19,18,106,0,3,64,16,83,44,28,83,34,189,0,10,10,199
01/09/2019,FAT,CA,AWP,WE,Combined TRACON& Tower with Radar,49,35,34,16,134,0,5,39,14,58,49,40,73,30,192,8,20,28,220
01/10/2019,FAT,CA,AWP,WE,Combined TRACON& Tower with Radar,50,38,52,4,144,0,0,28,0,28,50,38,80,4,172,0,0,0,172
01/11/2019,FAT,CA,AWP,WE,Combined TRACON& Tower with Radar,48,33,34,2,117,0,2,58,0,60,48,35,92,2,177,36,0,36,213
01/12/2019,FAT,CA,AWP,WE,Combined TRACON& Tower with Radar,47,24,23,2,96,0,9,71,0,80,47,33,94,2,176,52,0,52,228
01/13/2019,FAT,CA,AWP,WE,Combined TRACON& Tower with Radar,46,25,10,5,86,0,4,55,7,66,46,29,65,12,152,28,8,36,188
01/14/2019,FAT,CA,AWP,WE,Combined TRACON& Tower with Radar,53,26,29,0,108,0,1,43,0,44,53,27,72,0,152,22,0,22,174
01/15/2019,FAT,CA,AWP,WE,Combined TRACON& Tower with Radar,46,40,27,5,118,0,0,36,7,43,46,40,63,12,161,22,10,32,193
01/16/2019,FAT,CA,AWP,WE,Combined TRACON& Tower with Radar,57,37,32,26,152,0,4,53,28,85,57,41,85,54,237,32,34,66,303
01/17/2019,FAT,CA,AWP,WE,Combined TRACON& Tower with Radar,53,40,33,15,141,0,3,25,7,35,53,43,58,22,176,56,0,56,232
01/18/2019,FAT,CA,AWP,WE,Combined TRACON& Tower with Radar,50,34,35,10,129,0,5,87,9,101,50,39,122,19,230,4,4,8,238
01/19/2019,FAT,CA,AWP,WE,Combined TRACON& Tower with Radar,47,23,31,2,103,0,5,72,0,77,47,28,103,2,180,66,0,66,246
01/20/2019,FAT,CA,AWP,WE,Combined TRACON& Tower with Radar,46,23,20,1,90,0,2,44,1,47,46,25,64,2,137,58,0,58,195
01/21/2019,FAT,CA,AWP,WE,Combined TRACON& Tower with Radar,53,28,35,0,116,0,7,61,0,68,53,35,96,0,184,8,0,8,192
01/22/2019,FAT,CA,AWP,WE,Combined TRACON& Tower with Radar,46,40,26,9,121,0,6,80,14,100,46,46,106,23,221,14,8,22,243
01/23/2019,FAT,CA,AWP,WE,Combined TRACON& Tower with Radar,49,37,42,11,139,2,5,85,13,105,51,42,127,24,244,32,4,36,280
01/24/2019,FAT,CA,AWP,WE,Combined TRACON& Tower with Radar,55,31,41,11,138,0,6,86,14,106,55,37,127,25,244,16,38,54,298
01/25/2019,FAT,CA,AWP,WE,Combined TRACON& Tower with Radar,46,34,32,10,122,0,3,104,9,116,46,37,136,19,238,50,10,60,298
01/26/2019,FAT,CA,AWP,WE,Combined TRACON& Tower with Radar,40,27,13,18,98,0,5,65,5,75,40,32,78,23,173,10,8,18,191
01/27/2019,FAT,CA,AWP,WE,Combined TRACON& Tower with Radar,46,26,14,0,86,0,6,73,6,85,46,32,87,6,171,44,0,44,215
01/28/2019,FAT,CA,AWP,WE,Combined TRACON& Tower with Radar,50,28,27,6,111,0,2,53,1,56,50,30,80,7,167,12,0,12,179
01/29/2019,FAT,CA,AWP,WE,Combined TRACON& Tower with Radar,47,38,46,10,141,0,2,49,9,60,47,40,95,19,201,20,2,22,223
01/30/2019,FAT,CA,AWP,WE,Combined TRACON& Tower with Radar,47,34,22,15,118,0,0,77,7,84,47,34,99,22,202,28,0,28,230
01/31/2019,FAT,CA,AWP,WE,Combined TRACON& Tower with Radar,59,30,22,12,123,0,8,53,16,77,59,38,75,28,200,38,4,42,242
02/01/2019,FAT,CA,AWP,WE,Combined TRACON& Tower with Radar,52,33,36,12,133,0,14,66,7,87,52,47,102,19,220,18,22,40,260
02/02/2019,FAT,CA,AWP,WE,Combined TRACON& Tower with Radar,43,25,17,0,85,0,3,19,0,22,43,28,36,0,107,0,0,0,107
02/03/2019,FAT,CA,AWP,WE,Combined TRACON& Tower with Radar,52,20,22,0,94,0,6,26,0,32,52,26,48,0,126,18,0,18,144
02/04/2019,FAT,CA,AWP,WE,Combined TRACON& Tower with Radar,56,28,18,6,108,0,2,17,8,27,56,30,35,14,135,28,14,42,177
02/05/2019,FAT,CA,AWP,WE,Combined TRACON& Tower with Radar,43,31,25,9,108,0,1,50,19,70,43,32,75,28,178,0,24,24,202
02/06/2019,FAT,CA,AWP,WE,Combined TRACON& Tower with Radar,50,27,33,14,124,0,12,101,16,129,50,39,134,30,253,38,20,58,311
02/07/2019,FAT,CA,AWP,WE,Combined TRACON& Tower with Radar,61,23,27,11,122,0,11,122,10,143,61,34,149,21,265,8,18,26,291
02/08/2019,FAT,CA,AWP,WE,Combined TRACON& Tower with Radar,51,26,41,10,128,0,4,84,5,93,51,30,125,15,221,8,4,12,233
02/09/2019,FAT,CA,AWP,WE,Combined TRACON& Tower with Radar,46,31,23,18,118,0,5,52,10,67,46,36,75,28,185,0,0,0,185
02/10/2019,FAT,CA,AWP,WE,Combined TRACON& Tower with Radar,49,27,29,3,108,0,5,37,0,42,49,32,66,3,150,24,0,24,174
02/11/2019,FAT,CA,AWP,WE,Combined TRACON& Tower with Radar,53,32,34,4,123,0,3,145,8,156,53,35,179,12,279,12,12,24,303
02/12/2019,FAT,CA,AWP,WE,Combined TRACON& Tower with Radar,45,30,37,18,130,0,7,112,13,132,45,37,149,31,262,50,40,90,352
02/13/2019,FAT,CA,AWP,WE,Combined TRACON& Tower with Radar,49,26,29,9,113,0,2,39,4,45,49,28,68,13,158,0,6,6,164
02/14/2019,FAT,CA,AWP,WE,Combined TRACON& Tower with Radar,62,34,32,11,139,0,4,25,0,29,62,38,57,11,168,0,0,0,168
02/15/2019,FAT,CA,AWP,WE,Combined TRACON& Tower with Radar,56,36,40,11,143,0,1,15,0,16,56,37,55,11,159,6,4,10,169
02/16/2019,FAT,CA,AWP,WE,Combined TRACON& Tower with Radar,48,27,24,2,101,0,4,22,0,26,48,31,46,2,127,60,0,60,187
02/17/2019,FAT,CA,AWP,WE,Combined TRACON& Tower with Radar,51,20,13,0,84,0,5,27,0,32,51,25,40,0,116,60,0,60,176
02/18/2019,FAT,CA,AWP,WE,Combined TRACON& Tower with Radar,56,31,36,0,123,0,7,111,0,118,56,38,147,0,241,4,0,4,245
02/19/2019,FAT,CA,AWP,WE,Combined TRACON& Tower with Radar,46,27,37,11,121,0,3,132,5,140,46,30,169,16,261,30,10,40,301
02/20/2019,FAT,CA,AWP,WE,Combined TRACON& Tower with Radar,49,35,39,14,137,0,5,73,10,88,49,40,112,24,225,12,10,22,247
02/21/2019,FAT,CA,AWP,WE,Combined TRACON& Tower with Radar,56,28,61,17,162,0,5,60,14,79,56,33,121,31,241,22,16,38,279
02/22/2019,FAT,CA,AWP,WE,Combined TRACON& Tower with Radar,55,30,26,10,121,0,6,100,10,116,55,36,126,20,237,28,4,32,269
02/23/2019,FAT,CA,AWP,WE,Combined TRACON& Tower with Radar,47,23,22,7,99,0,11,103,8,122,47,34,125,15,221,36,2,38,259
02/24/2019,FAT,CA,AWP,WE,Combined TRACON& Tower with Radar,49,27,27,2,105,0,11,113,2,126,49,38,140,4,231,18,0,18,249
02/25/2019,FAT,CA,AWP,WE,Combined TRACON& Tower with Radar,52,26,20,3,101,0,7,79,5,91,52,33,99,8,192,8,6,14,206
02/26/2019,FAT,CA,AWP,WE,Combined TRACON& Tower with Radar,43,31,40,10,124,0,10,83,13,106,43,41,123,23,230,24,12,36,266
02/27/2019,FAT,CA,AWP,WE,Combined TRACON& Tower with Radar,51,32,69,20,172,0,10,70,5,85,51,42,139,25,257,4,6,10,267
02/28/2019,FAT,CA,AWP,WE,Combined TRACON& Tower with Radar,59,33,60,18,170,0,8,68,6,82,59,41,128,24,252,8,10,18,270
03/01/2019,FAT,CA,AWP,WE,Combined TRACON& Tower with Radar,52,52,40,6,150,0,14,70,8,92,52,66,110,14,242,42,18,60,302
03/02/2019,FAT,CA,AWP,WE,Combined TRACON& Tower with Radar,49,26,25,5,105,0,3,22,4,29,49,29,47,9,134,48,0,48,182
03/03/2019,FAT,CA,AWP,WE,Combined TRACON& Tower with Radar,54,22,28,10,114,0,6,51,5,62,54,28,79,15,176,20,10,30,206
03/04/2019,FAT,CA,AWP,WE,Combined TRACON& Tower with Radar,57,29,40,3,129,0,3,60,4,67,57,32,100,7,196,22,6,28,224
03/05/2019,FAT,CA,AWP,WE,Combined TRACON& Tower with Radar,46,27,48,18,139,0,5,36,7,48,46,32,84,25,187,0,0,0,187
03/06/2019,FAT,CA,AWP,WE,Combined TRACON& Tower with Radar,49,31,21,15,116,0,1,23,1,25,49,32,44,16,141,0,0,0,141
03/07/2019,FAT,CA,AWP,WE,Combined TRACON& Tower with Radar,61,34,31,11,137,0,4,46,7,57,61,38,77,18,194,84,8,92,286
03/08/2019,FAT,CA,AWP,WE,Combined TRACON& Tower with Radar,54,33,32,8,127,0,13,107,5,125,54,46,139,13,252,50,0,50,302
03/09/2019,FAT,CA,AWP,WE,Combined TRACON& Tower with Radar,46,21,16,11,94,0,10,70,2,82,46,31,86,13,176,12,0,12,188
03/10/2019,FAT,CA,AWP,WE,Combined TRACON& Tower with Radar,53,26,26,6,111,0,7,56,9,72,53,33,82,15,183,32,4,36,219
03/11/2019,FAT,CA,AWP,WE,Combined TRACON& Tower with Radar,56,26,37,7,126,0,5,90,7,102,56,31,127,14,228,12,4,16,244
03/12/2019,FAT,CA,AWP,WE,Combined TRACON& Tower with Radar,58,22,24,10,114,0,10,86,10,106,58,32,110,20,220,36,0,36,256
03/13/2019,FAT,CA,AWP,WE,Combined TRACON& Tower with Radar,54,14,33,31,132,0,7,110,11,128,54,21,143,42,260,12,28,40,300
03/14/2019,FAT,CA,AWP,WE,Combined TRACON& Tower with Radar,60,28,35,17,140,0,12,94,36,142,60,40,129,53,282,64,34,98,380
03/15/2019,FAT,CA,AWP,WE,Combined TRACON& Tower with Radar,54,31,36,5,126,0,15,101,12,128,54,46,137,17,254,60,5,65,319
03/16/2019,FAT,CA,AWP,WE,Combined TRACON& Tower with Radar,47,20,26,7,100,0,11,80,1,92,47,31,106,8,192,36,2,38,230
03/17/2019,FAT,CA,AWP,WE,Combined TRACON& Tower with Radar,52,23,24,8,107,0,13,93,2,108,52,36,117,10,215,22,0,22,237
03/18/2019,FAT,CA,AWP,WE,Combined TRACON& Tower with Radar,53,28,28,3,112,0,6,99,3,108,53,34,127,6,220,46,2,48,268
03/19/2019,FAT,CA,AWP,WE,Combined TRACON& Tower with Radar,51,21,27,5,104,0,12,87,11,110,51,33,114,16,214,19,30,49,263
03/20/2019,FAT,CA,AWP,WE,Combined TRACON& Tower with Radar,54,32,35,2,123,0,10,49,6,65,54,42,84,8,188,24,0,24,212
03/21/2019,FAT,CA,AWP,WE,Combined TRACON& Tower with Radar,63,23,46,4,136,0,6,76,3,85,63,29,122,7,221,46,8,54,275
03/22/2019,FAT,CA,AWP,WE,Combined TRACON& Tower with Radar,57,28,47,7,139,0,11,84,7,102,57,39,131,14,241,116,20,136,377
03/23/2019,FAT,CA,AWP,WE,Combined TRACON& Tower with Radar,47,21,31,6,105,0,7,47,1,55,47,28,78,7,160,18,0,18,178
03/24/2019,FAT,CA,AWP,WE,Combined TRACON& Tower with Radar,53,22,31,4,110,0,8,90,3,101,53,30,121,7,211,70,0,70,281
03/25/2019,FAT,CA,AWP,WE,Combined TRACON& Tower with Radar,55,25,32,1,113,0,4,80,6,90,55,29,112,7,203,48,8,56,259
03/26/2019,FAT,CA,AWP,WE,Combined TRACON& Tower with Radar,55,21,37,2,115,0,7,81,8,96,55,28,118,10,211,50,0,50,261
03/27/2019,FAT,CA,AWP,WE,Combined TRACON& Tower with Radar,56,31,28,14,129,0,6,39,2,47,56,37,67,16,176,22,0,22,198
03/28/2019,FAT,CA,AWP,WE,Combined TRACON& Tower with Radar,60,32,37,12,141,0,7,131,11,149,60,39,168,23,290,26,0,26,316
03/29/2019,FAT,CA,AWP,WE,Combined TRACON& Tower with Radar,55,25,44,9,133,0,8,114,4,126,55,33,158,13,259,54,0,54,313
03/30/2019,FAT,CA,AWP,WE,Combined TRACON& Tower with Radar,47,19,36,0,102,0,8,112,1,121,47,27,148,1,223,24,0,24,247
03/31/2019,FAT,CA,AWP,WE,Combined TRACON& Tower with Radar,55,27,24,2,108,0,8,112,0,120,55,35,136,2,228,44,0,44,272
04/01/2019,FAT,CA,AWP,WE,Combined TRACON& Tower with Radar,59,23,40,6,128,0,7,70,8,85,59,30,110,14,213,14,0,14,227
04/02/2019,FAT,CA,AWP,WE,Combined TRACON& Tower with Radar,59,23,25,8,115,0,3,59,9,71,59,26,84,17,186,28,8,36,222
04/03/2019,FAT,CA,AWP,WE,Combined TRACON& Tower with Radar,62,27,43,1,133,0,4,90,1,95,62,31,133,2,228,34,0,34,262
04/04/2019,FAT,CA,AWP,WE,Combined TRACON& Tower with Radar,67,28,53,6,154,0,4,86,3,93,67,32,139,9,247,22,16,38,285
04/05/2019,FAT,CA,AWP,WE,Combined TRACON& Tower with Radar,62,34,31,5,132,0,5,70,10,85,62,39,101,15,217,58,6,64,281
04/06/2019,FAT,CA,AWP,WE,Combined TRACON& Tower with Radar,50,24,24,4,102,0,9,91,13,113,50,33,115,17,215,48,6,54,269
04/07/2019,FAT,CA,AWP,WE,Combined TRACON& Tower with Radar,58,27,21,0,106,0,9,115,0,124,58,36,136,0,230,46,0,46,276
04/08/2019,FAT,CA,AWP,WE,Combined TRACON& Tower with Radar,63,20,29,11,123,0,6,71,6,83,63,26,100,17,206,46,48,94,300
04/09/2019,FAT,CA,AWP,WE,Combined TRACON& Tower with Radar,61,23,28,7,119,0,9,51,40,100,61,32,79,47,219,28,44,72,291
04/10/2019,FAT,CA,AWP,WE,Combined TRACON& Tower with Radar,61,22,29,14,126,0,9,112,4,125,61,31,141,18,251,30,0,30,281
04/11/2019,FAT,CA,AWP,WE,Combined TRACON& Tower with Radar,68,26,29,9,132,0,6,89,12,107,68,32,118,21,239,38,2,40,279
04/12/2019,FAT,CA,AWP,WE,Combined TRACON& Tower with Radar,62,22,13,7,104,0,5,112,1,118,62,27,125,8,222,84,0,84,306
04/13/2019,FAT,CA,AWP,WE,Combined TRACON& Tower with Radar,49,21,33,4,107,0,10,76,1,87,49,31,109,5,194,84,0,84,278
04/14/2019,FAT,CA,AWP,WE,Combined TRACON& Tower with Radar,61,23,18,3,105,0,7,69,5,81,61,30,87,8,186,90,10,100,286
04/15/2019,FAT,CA,AWP,WE,Combined TRACON& Tower with Radar,61,18,29,26,134,0,9,69,8,86,61,27,98,34,220,84,34,118,338
04/16/2019,FAT,CA,AWP,WE,Combined TRACON& Tower with Radar,61,22,29,8,120,0,2,50,9,61,61,24,79,17,181,60,8,68,249
04/17/2019,FAT,CA,AWP,WE,Combined TRACON& Tower with Radar,60,23,24,29,136,0,12,92,37,141,60,35,116,66,277,62,59,121,398
04/18/2019,FAT,CA,AWP,WE,Combined TRACON& Tower with Radar,75,22,28,5,130,1,10,109,9,129,76,32,137,14,259,62,8,70,329
04/19/2019,FAT,CA,AWP,WE,Combined TRACON& Tower with Radar,66,25,28,0,119,0,17,108,0,125,66,42,136,0,244,26,0,26,270
04/20/2019,FAT,CA,AWP,WE,Combined TRACON& Tower with Radar,50,22,22,0,94,0,12,59,0,71,50,34,81,0,165,42,0,42,207
04/21/2019,FAT,CA,AWP,WE,Combined TRACON& Tower with Radar,64,24,15,2,105,0,3,38,2,43,64,27,53,4,148,10,0,10,158
04/22/2019,FAT,CA,AWP,WE,Combined TRACON& Tower with Radar,64,25,25,8,122,0,6,78,4,88,64,31,103,12,210,62,0,62,272
04/23/2019,FAT,CA,AWP,WE,Combined TRACON& Tower with Radar,59,22,23,36,140,0,4,86,3,93,59,26,109,39,233,20,0,20,253
04/24/2019,FAT,CA,AWP,WE,Combined TRACON& Tower with Radar,61,24,10,2,97,0,6,120,11,137,61,30,130,13,234,12,0,12,246
04/25/2019,FAT,CA,AWP,WE,Combined TRACON& Tower with Radar,69,23,18,8,118,0,11,113,7,131,69,34,131,15,249,18,0,18,267
04/26/2019,FAT,CA,AWP,WE,Combined TRACON& Tower with Radar,64,23,21,0,108,0,6,121,4,131,64,29,142,4,239,8,0,8,247
04/27/2019,FAT,CA,AWP,WE,Combined TRACON& Tower with Radar,49,19,29,3,100,0,11,79,3,93,49,30,108,6,193,44,0,44,237
04/28/2019,FAT,CA,AWP,WE,Combined TRACON& Tower with Radar,62,20,21,3,106,0,8,84,4,96,62,28,105,7,202,46,0,46,248
04/29/2019,FAT,CA,AWP,WE,Combined TRACON& Tower with Radar,64,27,28,11,130,1,3,112,7,123,65,30,140,18,253,18,0,18,271
04/30/2019,FAT,CA,AWP,WE,Combined TRACON& Tower with Radar,60,24,51,5,140,0,8,84,8,100,60,32,135,13,240,30,6,36,276
05/01/2019,FAT,CA,AWP,WE,Combined TRACON& Tower with Radar,60,22,22,6,110,0,7,129,1,137,60,29,151,7,247,36,0,36,283
05/02/2019,FAT,CA,AWP,WE,Combined TRACON& Tower with Radar,69,22,25,5,121,0,6,112,4,122,69,28,137,9,243,66,0,66,309
05/03/2019,FAT,CA,AWP,WE,Combined TRACON& Tower with Radar,60,26,31,6,123,0,8,97,4,109,60,34,128,10,232,78,0,78,310
05/04/2019,FAT,CA,AWP,WE,Combined TRACON& Tower with Radar,52,19,20,3,94,0,5,72,4,81,52,24,92,7,175,48,4,52,227
05/05/2019,FAT,CA,AWP,WE,Combined TRACON& Tower with Radar,57,28,20,10,115,0,4,81,0,85,57,32,101,10,200,26,0,26,226
05/06/2019,FAT,CA,AWP,WE,Combined TRACON& Tower with Radar,58,19,27,1,105,0,5,73,2,80,58,24,100,3,185,38,4,42,227
05/07/2019,FAT,CA,AWP,WE,Combined TRACON& Tower with Radar,58,24,38,2,122,0,8,90,7,105,58,32,128,9,227,16,10,26,253
05/08/2019,FAT,CA,AWP,WE,Combined TRACON& Tower with Radar,55,28,46,10,139,0,7,100,3,110,55,35,146,13,249,60,12,72,321
05/09/2019,FAT,CA,AWP,WE,Combined TRACON& Tower with Radar,62,28,47,1,138,0,10,84,4,98,62,38,131,5,236,14,0,14,250
05/10/2019,FAT,CA,AWP,WE,Combined TRACON& Tower with Radar,63,20,30,2,115,0,8,68,3,79,63,28,98,5,194,62,0,62,256
05/11/2019,FAT,CA,AWP,WE,Combined TRACON& Tower with Radar,53,23,18,8,102,0,14,75,0,89,53,37,93,8,191,38,6,44,235
05/12/2019,FAT,CA,AWP,WE,Combined TRACON& Tower with Radar,57,18,19,3,97,0,8,85,0,93,57,26,104,3,190,22,0,22,212
05/13/2019,FAT,CA,AWP,WE,Combined TRACON& Tower with Radar,63,25,27,3,118,0,5,95,4,104,63,30,122,7,222,62,0,62,284
05/14/2019,FAT,CA,AWP,WE,Combined TRACON& Tower with Radar,58,21,37,17,133,0,9,99,9,117,58,30,136,26,250,60,4,64,314
05/15/2019,FAT,CA,AWP,WE,Combined TRACON& Tower with Radar,60,22,52,5,139,0,9,86,3,98,60,31,138,8,237,52,0,52,289
05/16/2019,FAT,CA,AWP,WE,Combined TRACON& Tower with Radar,61,27,48,3,139,0,5,40,7,52,61,32,88,10,191,34,24,58,249
05/17/2019,FAT,CA,AWP,WE,Combined TRACON& Tower with Radar,61,28,37,30,156,0,13,105,7,125,61,41,142,37,281,32,28,60,341
05/18/2019,FAT,CA,AWP,WE,Combined TRACON& Tower with Radar,53,21,21,2,97,0,11,47,1,59,53,32,68,3,156,40,0,40,196
05/19/2019,FAT,CA,AWP,WE,Combined TRACON& Tower with Radar,58,24,10,4,96,0,2,17,3,22,58,26,27,7,118,30,0,30,148
05/20/2019,FAT,CA,AWP,WE,Combined TRACON& Tower with Radar,57,28,35,4,124,0,2,66,2,70,57,30,101,6,194,26,22,48,242
05/21/2019,FAT,CA,AWP,WE,Combined TRACON& Tower with Radar,58,33,33,13,137,0,5,36,16,57,58,38,69,29,194,14,20,34,228
05/22/2019,FAT,CA,AWP,WE,Combined TRACON& Tower with Radar,56,36,39,14,145,0,4,54,17,75,56,40,93,31,220,12,16,28,248
05/23/2019,FAT,CA,AWP,WE,Combined TRACON& Tower with Radar,64,25,34,5,128,0,3,46,37,86,64,28,80,42,214,34,38,72,286
05/24/2019,FAT,CA,AWP,WE,Combined TRACON& Tower with Radar,60,25,35,0,120,0,9,106,5,120,60,34,141,5,240,38,0,38,278
05/25/2019,FAT,CA,AWP,WE,Combined TRACON& Tower with Radar,54,21,15,0,90,0,5,77,1,83,54,26,92,1,173,28,0,28,201
05/26/2019,FAT,CA,AWP,WE,Combined TRACON& Tower with Radar,50,21,23,0,94,0,2,12,0,14,50,23,35,0,108,16,0,16,124
05/27/2019,FAT,CA,AWP,WE,Combined TRACON& Tower with Radar,53,20,40,1,114,0,6,61,3,70,53,26,101,4,184,64,10,74,258
05/28/2019,FAT,CA,AWP,WE,Combined TRACON& Tower with Radar,60,29,41,4,134,0,8,90,4,102,60,37,131,8,236,64,0,64,300
05/29/2019,FAT,CA,AWP,WE,Combined TRACON& Tower with Radar,57,27,32,7,123,0,3,114,21,138,57,30,146,28,261,20,14,34,295
05/30/2019,FAT,CA,AWP,WE,Combined TRACON& Tower with Radar,57,27,31,19,134,0,13,108,18,139,57,40,139,37,273,40,16,56,329
05/31/2019,FAT,CA,AWP,WE,Combined TRACON& Tower with Radar,61,30,28,4,123,0,8,101,4,113,61,38,129,8,236,39,0,39,275
06/01/2019,FAT,CA,AWP,WE,Combined TRACON& Tower with Radar,50,20,17,11,98,0,7,59,7,73,50,27,76,18,171,0,0,0,171
06/02/2019,FAT,CA,AWP,WE,Combined TRACON& Tower with Radar,57,22,21,5,105,0,3,49,4,56,57,25,70,9,161,50,0,50,211
06/03/2019,FAT,CA,AWP,WE,Combined TRACON& Tower with Radar,59,26,28,2,115,0,5,76,2,83,59,31,104,4,198,20,0,20,218
06/04/2019,FAT,CA,AWP,WE,Combined TRACON& Tower with Radar,56,24,20,2,102,0,8,105,6,119,56,32,125,8,221,30,2,32,253
06/05/2019,FAT,CA,AWP,WE,Combined TRACON& Tower with Radar,56,26,22,1,105,0,6,75,8,89,56,32,97,9,194,30,8,38,232
06/06/2019,FAT,CA,AWP,WE,Combined TRACON& Tower with Radar,59,28,28,3,118,0,10,84,9,103,59,38,112,12,221,20,4,24,245
06/07/2019,FAT,CA,AWP,WE,Combined TRACON& Tower with Radar,54,28,30,9,121,0,13,116,0,129,54,41,146,9,250,36,0,36,286
06/08/2019,FAT,CA,AWP,WE,Combined TRACON& Tower with Radar,50,28,28,3,109,0,21,149,1,171,50,49,177,4,280,80,0,80,360
06/09/2019,FAT,CA,AWP,WE,Combined TRACON& Tower with Radar,51,28,32,1,112,0,7,62,4,73,51,35,94,5,185,32,0,32,217
06/10/2019,FAT,CA,AWP,WE,Combined TRACON& Tower with Radar,50,27,23,0,100,0,9,94,2,105,50,36,117,2,205,14,0,14,219
06/11/2019,FAT,CA,AWP,WE,Combined TRACON& Tower with Radar,57,24,35,6,122,0,8,122,9,139,57,32,157,15,261,50,0,50,311
06/12/2019,FAT,CA,AWP,WE,Combined TRACON& Tower with Radar,52,30,26,5,113,1,4,100,9,114,53,34,126,14,227,12,22,34,261
06/13/2019,FAT,CA,AWP,WE,Combined TRACON& Tower with Radar,60,34,32,4,130,0,15,116,11,142,60,49,148,15,272,44,0,44,316
06/14/2019,FAT,CA,AWP,WE,Combined TRACON& Tower with Radar,60,35,21,4,120,0,16,90,4,110,60,51,111,8,230,8,0,8,238
06/15/2019,FAT,CA,AWP,WE,Combined TRACON& Tower with Radar,54,35,45,2,136,0,34,94,3,131,54,69,139,5,267,54,0,54,321
06/16/2019,FAT,CA,AWP,WE,Combined TRACON& Tower with Radar,52,28,21,1,102,0,4,82,0,86,52,32,103,1,188,22,0,22,210
06/17/2019,FAT,CA,AWP,WE,Combined TRACON& Tower with Radar,54,33,32,6,125,1,10,97,9,117,55,43,129,15,242,4,0,4,246
06/18/2019,FAT,CA,AWP,WE,Combined TRACON& Tower with Radar,57,30,29,3,119,0,10,84,8,102,57,40,113,11,221,0,0,0,221
06/19/2019,FAT,CA,AWP,WE,Combined TRACON& Tower with Radar,57,30,23,3,113,0,9,111,9,129,57,39,134,12,242,34,0,34,276
06/20/2019,FAT,CA,AWP,WE,Combined TRACON& Tower with Radar,61,32,40,9,142,0,15,114,15,144,61,47,154,24,286,24,6,30,316
06/21/2019,FAT,CA,AWP,WE,Combined TRACON& Tower with Radar,57,32,23,4,116,0,6,93,3,102,57,38,116,7,218,0,0,0,218
06/22/2019,FAT,CA,AWP,WE,Combined TRACON& Tower with Radar,45,30,35,4,114,0,15,82,1,98,45,45,117,5,212,64,0,64,276
06/23/2019,FAT,CA,AWP,WE,Combined TRACON& Tower with Radar,51,27,19,0,97,0,4,78,13,95,51,31,97,13,192,6,0,6,198
06/24/2019,FAT,CA,AWP,WE,Combined TRACON& Tower with Radar,57,32,23,1,113,0,3,94,8,105,57,35,117,9,218,6,0,6,224
06/25/2019,FAT,CA,AWP,WE,Combined TRACON& Tower with Radar,59,26,17,6,108,0,9,104,17,130,59,35,121,23,238,42,22,64,302
06/26/2019,FAT,CA,AWP,WE,Combined TRACON& Tower with Radar,55,31,33,5,124,0,3,111,10,124,55,34,144,15,248,0,0,0,248
06/27/2019,FAT,CA,AWP,WE,Combined TRACON& Tower with Radar,59,38,26,8,131,0,9,106,12,127,59,47,132,20,258,78,0,78,336
06/28/2019,FAT,CA,AWP,WE,Combined TRACON& Tower with Radar,57,33,21,5,116,0,14,82,3,99,57,47,103,8,215,52,0,52,267
06/29/2019,FAT,CA,AWP,WE,Combined TRACON& Tower with Radar,49,27,15,6,97,0,9,81,4,94,49,36,96,10,191,18,0,18,209
06/30/2019,FAT,CA,AWP,WE,Combined TRACON& Tower with Radar,52,26,16,0,94,0,3,74,4,81,52,29,90,4,175,20,0,20,195
07/01/2019,FAT,CA,AWP,WE,Combined TRACON& Tower with Radar,59,30,13,6,108,0,4,99,15,118,59,34,112,21,226,54,8,62,288
07/02/2019,FAT,CA,AWP,WE,Combined TRACON& Tower with Radar,58,30,35,15,138,0,8,100,5,113,58,38,135,20,251,18,8,26,277
07/03/2019,FAT,CA,AWP,WE,Combined TRACON& Tower with Radar,62,29,28,2,121,0,4,78,14,96,62,33,106,16,217,16,14,30,247
07/04/2019,FAT,CA,AWP,WE,Combined TRACON& Tower with Radar,52,22,13,2,89,0,4,53,6,63,52,26,66,8,152,4,0,4,156
07/05/2019,FAT,CA,AWP,WE,Combined TRACON& Tower with Radar,57,30,19,1,107,0,5,80,6,91,57,35,99,7,198,58,0,58,256
07/06/2019,FAT,CA,AWP,WE,Combined TRACON& Tower with Radar,45,30,21,3,99,0,14,84,2,100,45,44,105,5,199,30,0,30,229
07/07/2019,FAT,CA,AWP,WE,Combined TRACON& Tower with Radar,53,29,15,1,98,0,1,60,2,63,53,30,75,3,161,2,0,2,163
07/08/2019,FAT,CA,AWP,WE,Combined TRACON& Tower with Radar,61,24,28,2,115,0,3,106,4,113,61,27,134,6,228,34,0,34,262
07/09/2019,FAT,CA,AWP,WE,Combined TRACON& Tower with Radar,60,24,28,2,114,0,6,80,9,95,60,30,108,11,209,26,0,26,235
07/10/2019,FAT,CA,AWP,WE,Combined TRACON& Tower with Radar,58,30,19,2,109,0,9,114,10,133,58,39,133,12,242,46,0,46,288
07/11/2019,FAT,CA,AWP,WE,Combined TRACON& Tower with Radar,66,29,16,6,117,0,11,115,14,140,66,40,131,20,257,44,0,44,301
07/12/2019,FAT,CA,AWP,WE,Combined TRACON& Tower with Radar,55,37,14,6,112,0,8,100,3,111,55,45,114,9,223,34,0,34,257
07/13/2019,FAT,CA,AWP,WE,Combined TRACON& Tower with Radar,50,28,18,5,101,0,11,82,7,100,50,39,100,12,201,14,0,14,215
07/14/2019,FAT,CA,AWP,WE,Combined TRACON& Tower with Radar,51,32,18,0,101,0,6,69,4,79,51,38,87,4,180,16,0,16,196
07/15/2019,FAT,CA,AWP,WE,Combined TRACON& Tower with Radar,60,32,21,0,113,0,3,112,12,127,60,35,133,12,240,44,0,44,284
07/16/2019,FAT,CA,AWP,WE,Combined TRACON& Tower with Radar,58,31,33,3,125,0,9,124,13,146,58,40,157,16,271,38,12,50,321
07/17/2019,FAT,CA,AWP,WE,Combined TRACON& Tower with Radar,57,30,48,10,145,0,10,107,3,120,57,40,155,13,265,62,0,62,327
07/18/2019,FAT,CA,AWP,WE,Combined TRACON& Tower with Radar,59,23,39,17,138,0,8,131,19,158,59,31,170,36,296,48,12,60,356
07/19/2019,FAT,CA,AWP,WE,Combined TRACON& Tower with Radar,55,35,28,7,125,0,6,125,12,143,55,41,153,19,268,38,10,48,316
07/20/2019,FAT,CA,AWP,WE,Combined TRACON& Tower with Radar,45,28,9,0,82,0,13,102,1,116,45,41,111,1,198,24,0,24,222
07/21/2019,FAT,CA,AWP,WE,Combined TRACON& Tower with Radar,50,32,16,2,100,0,7,77,1,85,50,39,93,3,185,40,0,40,225
07/22/2019,FAT,CA,AWP,WE,Combined TRACON& Tower with Radar,60,25,33,3,121,0,9,75,3,87,60,34,108,6,208,6,0,6,214
07/23/2019,FAT,CA,AWP,WE,Combined TRACON& Tower with Radar,56,31,39,6,132,0,8,90,10,108,56,39,129,16,240,24,20,44,284
07/24/2019,FAT,CA,AWP,WE,Combined TRACON& Tower with Radar,56,26,32,14,128,0,7,104,14,125,56,33,136,28,253,69,28,97,350
07/25/2019,FAT,CA,AWP,WE,Combined TRACON& Tower with Radar,48,25,29,2,104,0,10,116,8,134,48,35,145,10,238,6,0,6,244
07/26/2019,FAT,CA,AWP,WE,Combined TRACON& Tower with Radar,50,28,29,2,109,0,6,90,5,101,50,34,119,7,210,16,0,16,226
07/27/2019,FAT,CA,AWP,WE,Combined TRACON& Tower with Radar,53,25,21,0,99,0,12,91,5,108,53,37,112,5,207,32,0,32,239
07/28/2019,FAT,CA,AWP,WE,Combined TRACON& Tower with Radar,56,27,18,4,105,0,8,77,4,89,56,35,95,8,194,12,0,12,206
07/29/2019,FAT,CA,AWP,WE,Combined TRACON& Tower with Radar,58,27,20,4,109,0,5,106,6,117,58,32,126,10,226,52,0,52,278
07/30/2019,FAT,CA,AWP,WE,Combined TRACON& Tower with Radar,59,25,44,8,136,0,6,114,21,141,59,31,158,29,277,88,24,112,389
07/31/2019,FAT,CA,AWP,WE,Combined TRACON& Tower with Radar,56,27,28,12,123,0,6,112,24,142,56,33,140,36,265,14,46,60,325
08/01/2019,FAT,CA,AWP,WE,Combined TRACON& Tower with Radar,57,25,22,2,106,0,6,118,11,135,57,31,140,13,241,42,0,42,283
08/02/2019,FAT,CA,AWP,WE,Combined TRACON& Tower with Radar,60,32,31,21,144,0,12,104,13,129,60,44,135,34,273,74,14,88,361
08/03/2019,FAT,CA,AWP,WE,Combined TRACON& Tower with Radar,48,27,12,17,104,0,10,78,19,107,48,37,90,36,211,12,2,14,225
08/04/2019,FAT,CA,AWP,WE,Combined TRACON& Tower with Radar,57,31,15,4,107,0,13,87,8,108,57,44,102,12,215,36,0,36,251
08/05/2019,FAT,CA,AWP,WE,Combined TRACON& Tower with Radar,63,21,20,0,104,0,6,86,7,99,63,27,106,7,203,48,0,48,251
08/06/2019,FAT,CA,AWP,WE,Combined TRACON& Tower with Radar,66,29,31,11,137,0,10,99,11,120,66,39,130,22,257,12,6,18,275
08/07/2019,FAT,CA,AWP,WE,Combined TRACON& Tower with Radar,60,24,23,11,118,0,8,117,26,151,60,32,140,37,269,60,20,80,349
08/08/2019,FAT,CA,AWP,WE,Combined TRACON& Tower with Radar,61,24,34,9,128,0,3,123,14,140,61,27,157,23,268,36,0,36,304
08/09/2019,FAT,CA,AWP,WE,Combined TRACON& Tower with Radar,55,28,30,5,118,0,12,118,9,139,55,40,148,14,257,10,2,12,269
08/10/2019,FAT,CA,AWP,WE,Combined TRACON& Tower with Radar,52,23,12,1,88,0,8,85,6,99,52,31,97,7,187,36,0,36,223
08/11/2019,FAT,CA,AWP,WE,Combined TRACON& Tower with Radar,55,24,18,1,98,0,4,75,0,79,55,28,93,1,177,2,0,2,179
08/12/2019,FAT,CA,AWP,WE,Combined TRACON& Tower with Radar,60,29,14,7,110,0,9,111,7,127,60,38,125,14,237,30,0,30,267
08/13/2019,FAT,CA,AWP,WE,Combined TRACON& Tower with Radar,61,21,24,9,115,0,7,136,5,148,61,28,160,14,263,50,0,50,313
08/14/2019,FAT,CA,AWP,WE,Combined TRACON& Tower with Radar,61,20,34,12,127,0,6,123,12,141,61,26,157,24,268,46,18,64,332
08/15/2019,FAT,CA,AWP,WE,Combined TRACON& Tower with Radar,63,33,35,6,137,0,11,99,9,119,63,44,134,15,256,46,0,46,302
08/16/2019,FAT,CA,AWP,WE,Combined TRACON& Tower with Radar,57,31,25,2,115,0,4,116,8,128,57,35,141,10,243,20,0,20,263
08/17/2019,FAT,CA,AWP,WE,Combined TRACON& Tower with Radar,53,21,24,0,98,0,12,76,2,90,53,33,100,2,188,4,0,4,192
08/18/2019,FAT,CA,AWP,WE,Combined TRACON& Tower with Radar,58,21,21,0,100,0,1,72,1,74,58,22,93,1,174,16,0,16,190
08/19/2019,FAT,CA,AWP,WE,Combined TRACON& Tower with Radar,62,31,14,2,109,0,13,109,1,123,62,44,123,3,232,83,0,83,315
08/20/2019,FAT,CA,AWP,WE,Combined TRACON& Tower with Radar,58,33,19,4,114,0,5,105,13,123,58,38,124,17,237,46,18,64,301
08/21/2019,FAT,CA,AWP,WE,Combined TRACON& Tower with Radar,57,23,27,9,116,0,9,95,6,110,57,32,122,15,226,26,0,26,252
08/22/2019,FAT,CA,AWP,WE,Combined TRACON& Tower with Radar,61,31,18,11,121,2,14,76,3,95,63,45,94,14,216,34,0,34,250
08/23/2019,FAT,CA,AWP,WE,Combined TRACON& Tower with Radar,56,32,26,6,120,0,10,97,16,123,56,42,123,22,243,42,20,62,305
08/24/2019,FAT,CA,AWP,WE,Combined TRACON& Tower with Radar,47,27,27,0,101,1,10,82,2,95,48,37,109,2,196,0,0,0,196
08/25/2019,FAT,CA,AWP,WE,Combined TRACON& Tower with Radar,58,29,5,0,92,0,5,73,10,88,58,34,78,10,180,0,0,0,180
08/26/2019,FAT,CA,AWP,WE,Combined TRACON& Tower with Radar,57,29,10,6,102,0,12,80,11,103,57,41,90,17,205,14,10,24,229
08/27/2019,FAT,CA,AWP,WE,Combined TRACON& Tower with Radar,59,22,24,13,118,0,7,115,6,128,59,29,139,19,246,54,14,68,314
08/28/2019,FAT,CA,AWP,WE,Combined TRACON& Tower with Radar,57,34,50,7,148,0,4,86,15,105,57,38,136,22,253,0,0,0,253
08/29/2019,FAT,CA,AWP,WE,Combined TRACON& Tower with Radar,61,29,25,15,130,0,8,124,18,150,61,37,149,33,280,52,24,76,356
08/30/2019,FAT,CA,AWP,WE,Combined TRACON& Tower with Radar,60,30,14,6,110,0,7,102,9,118,60,37,116,15,228,6,0,6,234
08/31/2019,FAT,CA,AWP,WE,Combined TRACON& Tower with Radar,43,21,24,0,88,0,11,77,6,94,43,32,101,6,182,36,0,36,218
09/01/2019,FAT,CA,AWP,WE,Combined TRACON& Tower with Radar,43,26,5,1,75,0,7,83,3,93,43,33,88,4,168,8,0,8,176
09/02/2019,FAT,CA,AWP,WE,Combined TRACON& Tower with Radar,58,27,7,0,92,0,8,84,8,100,58,35,91,8,192,16,0,16,208
09/03/2019,FAT,CA,AWP,WE,Combined TRACON& Tower with Radar,56,29,22,3,110,0,11,90,15,116,56,40,112,18,226,22,6,28,254
09/04/2019,FAT,CA,AWP,WE,Combined TRACON& Tower with Radar,64,25,19,4,112,0,7,103,6,116,64,32,122,10,228,56,12,68,296
09/05/2019,FAT,CA,AWP,WE,Combined TRACON& Tower with Radar,69,35,25,8,137,0,5,107,16,128,69,40,132,24,265,28,0,28,293
09/06/2019,FAT,CA,AWP,WE,Combined TRACON& Tower with Radar,64,30,12,12,118,1,3,127,8,139,65,33,139,20,257,0,0,0,257
09/07/2019,FAT,CA,AWP,WE,Combined TRACON& Tower with Radar,49,22,16,13,100,0,6,85,12,103,49,28,101,25,203,18,4,22,225
09/08/2019,FAT,CA,AWP,WE,Combined TRACON& Tower with Radar,58,24,23,8,113,0,2,82,8,92,58,26,105,16,205,8,0,8,213
09/09/2019,FAT,CA,AWP,WE,Combined TRACON& Tower with Radar,61,24,19,4,108,0,8,105,17,130,61,32,124,21,238,10,0,10,248
09/10/2019,FAT,CA,AWP,WE,Combined TRACON& Tower with Radar,60,33,21,10,124,0,6,103,13,122,60,39,124,23,246,28,8,36,282
09/11/2019,FAT,CA,AWP,WE,Combined TRACON& Tower with Radar,62,31,27,4,124,0,8,150,22,180,62,39,177,26,304,46,18,64,368
09/12/2019,FAT,CA,AWP,WE,Combined TRACON& Tower with Radar,64,32,28,10,134,0,8,105,7,120,64,40,133,17,254,32,0,32,286
09/13/2019,FAT,CA,AWP,WE,Combined TRACON& Tower with Radar,59,36,23,0,118,0,6,109,4,119,59,42,132,4,237,16,0,16,253
09/14/2019,FAT,CA,AWP,WE,Combined TRACON& Tower with Radar,49,31,15,0,95,0,13,92,5,110,49,44,107,5,205,38,0,38,243
09/15/2019,FAT,CA,AWP,WE,Combined TRACON& Tower with Radar,57,31,15,1,104,0,6,69,2,77,57,37,84,3,181,16,0,16,197
09/16/2019,FAT,CA,AWP,WE,Combined TRACON& Tower with Radar,60,27,23,4,114,0,11,93,9,113,60,38,116,13,227,50,0,50,277
09/17/2019,FAT,CA,AWP,WE,Combined TRACON& Tower with Radar,60,32,16,8,116,0,12,116,9,137,60,44,132,17,253,66,12,78,331
09/18/2019,FAT,CA,AWP,WE,Combined TRACON& Tower with Radar,61,30,32,6,129,0,9,105,9,123,61,39,137,15,252,16,0,16,268
09/19/2019,FAT,CA,AWP,WE,Combined TRACON& Tower with Radar,64,31,25,7,127,0,9,81,13,103,64,40,106,20,230,10,6,16,246
09/20/2019,FAT,CA,AWP,WE,Combined TRACON& Tower with Radar,59,36,33,12,140,0,7,114,13,134,59,43,147,25,274,34,14,48,322
09/21/2019,FAT,CA,AWP,WE,Combined TRACON& Tower with Radar,50,28,12,1,91,0,7,72,0,79,50,35,84,1,170,14,0,14,184
09/22/2019,FAT,CA,AWP,WE,Combined TRACON& Tower with Radar,57,32,11,1,101,0,5,74,5,84,57,37,85,6,185,46,0,46,231
09/23/2019,FAT,CA,AWP,WE,Combined TRACON& Tower with Radar,57,28,15,7,107,0,8,92,9,109,57,36,107,16,216,20,6,26,242
09/24/2019,FAT,CA,AWP,WE,Combined TRACON& Tower with Radar,64,26,15,7,112,0,9,103,8,120,64,35,118,15,232,24,0,24,256
09/25/2019,FAT,CA,AWP,WE,Combined TRACON& Tower with Radar,63,26,26,5,120,0,5,93,9,107,63,31,119,14,227,68,0,68,295
09/26/2019,FAT,CA,AWP,WE,Combined TRACON& Tower with Radar,65,24,27,11,127,0,12,105,13,130,65,36,132,24,257,8,0,8,265
09/27/2019,FAT,CA,AWP,WE,Combined TRACON& Tower with Radar,58,30,24,5,117,0,6,112,7,125,58,36,136,12,242,28,2,30,272
09/28/2019,FAT,CA,AWP,WE,Combined TRACON& Tower with Radar,48,25,13,1,87,0,8,79,1,88,48,33,92,2,175,26,0,26,201
09/29/2019,FAT,CA,AWP,WE,Combined TRACON& Tower with Radar,56,28,26,0,110,0,3,60,0,63,56,31,86,0,173,12,0,12,185
09/30/2019,FAT,CA,AWP,WE,Combined TRACON& Tower with Radar,60,32,21,6,119,0,3,91,8,102,60,35,112,14,221,58,0,58,279
10/01/2019,FAT,CA,AWP,WE,Combined TRACON& Tower with Radar,60,26,29,11,126,0,5,102,17,124,60,31,131,28,250,20,30,50,300
10/02/2019,FAT,CA,AWP,WE,Combined TRACON& Tower with Radar,59,23,29,7,118,0,7,121,6,134,59,30,150,13,252,58,4,62,314
10/03/2019,FAT,CA,AWP,WE,Combined TRACON& Tower with Radar,66,24,40,8,138,0,9,110,18,137,66,33,150,26,275,6,0,6,281
10/04/2019,FAT,CA,AWP,WE,Combined TRACON& Tower with Radar,67,25,19,6,117,0,13,97,8,118,67,38,116,14,235,6,2,8,243
10/05/2019,FAT,CA,AWP,WE,Combined TRACON& Tower with Radar,53,22,20,7,102,0,11,75,8,94,53,33,95,15,196,8,6,14,210
10/06/2019,FAT,CA,AWP,WE,Combined TRACON& Tower with Radar,60,27,10,1,98,0,4,73,9,86,60,31,83,10,184,14,12,26,210
10/07/2019,FAT,CA,AWP,WE,Combined TRACON& Tower with Radar,66,34,23,0,123,0,6,143,23,172,66,40,166,23,295,12,0,12,307
10/08/2019,FAT,CA,AWP,WE,Combined TRACON& Tower with Radar,63,19,26,18,126,0,7,90,23,120,63,26,116,41,246,12,6,18,264
10/09/2019,FAT,CA,AWP,WE,Combined TRACON& Tower with Radar,67,23,22,7,119,0,10,109,33,152,67,33,131,40,271,46,8,54,325
10/10/2019,FAT,CA,AWP,WE,Combined TRACON& Tower with Radar,66,26,23,11,126,0,4,90,25,119,66,30,113,36,245,80,12,92,337
10/11/2019,FAT,CA,AWP,WE,Combined TRACON& Tower with Radar,62,25,31,1,119,0,7,112,11,130,62,32,143,12,249,50,20,70,319
10/12/2019,FAT,CA,AWP,WE,Combined TRACON& Tower with Radar,52,25,21,0,98,0,6,80,0,86,52,31,101,0,184,41,0,41,225
10/13/2019,FAT,CA,AWP,WE,Combined TRACON& Tower with Radar,60,23,25,3,111,0,7,73,0,80,60,30,98,3,191,6,0,6,197
10/14/2019,FAT,CA,AWP,WE,Combined TRACON& Tower with Radar,61,28,23,1,113,0,5,98,3,106,61,33,121,4,219,106,0,106,325
10/15/2019,FAT,CA,AWP,WE,Combined TRACON& Tower with Radar,64,24,48,2,138,0,3,130,13,146,64,27,178,15,284,62,8,70,354
10/16/2019,FAT,CA,AWP,WE,Combined TRACON& Tower with Radar,64,24,28,15,131,0,12,96,24,132,64,36,124,39,263,50,20,70,333
10/17/2019,FAT,CA,AWP,WE,Combined TRACON& Tower with Radar,70,31,44,16,161,0,6,122,10,138,70,37,166,26,299,54,0,54,353
10/18/2019,FAT,CA,AWP,WE,Combined TRACON& Tower with Radar,65,28,32,9,134,0,11,106,7,124,65,39,138,16,258,34,12,46,304
10/19/2019,FAT,CA,AWP,WE,Combined TRACON& Tower with Radar,55,21,25,1,102,0,10,75,0,85,55,31,100,1,187,8,0,8,195
10/20/2019,FAT,CA,AWP,WE,Combined TRACON& Tower with Radar,58,32,43,2,135,0,11,70,3,84,58,43,113,5,219,10,0,10,229
10/21/2019,FAT,CA,AWP,WE,Combined TRACON& Tower with Radar,66,29,18,2,115,0,4,106,1,111,66,33,124,3,226,72,18,90,316
10/22/2019,FAT,CA,AWP,WE,Combined TRACON& Tower with Radar,64,22,17,4,107,0,10,97,13,120,64,32,114,17,227,56,4,60,287
10/23/2019,FAT,CA,AWP,WE,Combined TRACON& Tower with Radar,66,31,28,12,137,0,7,100,12,119,66,38,128,24,256,8,24,32,288
10/24/2019,FAT,CA,AWP,WE,Combined TRACON& Tower with Radar,67,25,36,9,137,0,7,110,10,127,67,32,146,19,264,90,0,90,354
10/25/2019,FAT,CA,AWP,WE,Combined TRACON& Tower with Radar,63,28,42,8,141,0,6,107,10,123,63,34,149,18,264,58,2,60,324
10/26/2019,FAT,CA,AWP,WE,Combined TRACON& Tower with Radar,55,21,16,2,94,0,8,78,1,87,55,29,94,3,181,26,0,26,207
10/27/2019,FAT,CA,AWP,WE,Combined TRACON& Tower with Radar,60,20,26,2,108,0,6,43,1,50,60,26,69,3,158,56,0,56,214
10/28/2019,FAT,CA,AWP,WE,Combined TRACON& Tower with Radar,60,22,30,6,118,0,7,67,15,89,60,29,97,21,207,74,0,74,281
10/29/2019,FAT,CA,AWP,WE,Combined TRACON& Tower with Radar,63,27,23,13,126,0,7,88,11,106,63,34,111,24,232,76,38,114,346
10/30/2019,FAT,CA,AWP,WE,Combined TRACON& Tower with Radar,62,21,32,7,122,0,4,90,10,104,62,25,122,17,226,28,0,28,254
10/31/2019,FAT,CA,AWP,WE,Combined TRACON& Tower with Radar,62,28,25,2,117,0,4,87,7,98,62,32,112,9,215,20,2,22,237
11/01/2019,FAT,CA,AWP,WE,Combined TRACON& Tower with Radar,61,21,35,6,123,0,8,91,9,108,61,29,126,15,231,46,32,78,309
11/02/2019,FAT,CA,AWP,WE,Combined TRACON& Tower with Radar,53,21,23,6,103,0,10,35,6,51,53,31,58,12,154,28,0,28,182
11/03/2019,FAT,CA,AWP,WE,Combined TRACON& Tower with Radar,62,26,25,1,114,0,1,73,2,76,62,27,98,3,190,2,22,24,214
11/04/2019,FAT,CA,AWP,WE,Combined TRACON& Tower with Radar,65,20,18,1,104,0,5,92,3,100,65,25,110,4,204,8,0,8,212
11/05/2019,FAT,CA,AWP,WE,Combined TRACON& Tower with Radar,64,22,33,10,129,0,8,100,8,116,64,30,133,18,245,22,2,24,269
11/06/2019,FAT,CA,AWP,WE,Combined TRACON& Tower with Radar,62,23,37,8,130,0,3,120,3,126,62,26,157,11,256,20,2,22,278
11/07/2019,FAT,CA,AWP,WE,Combined TRACON& Tower with Radar,67,27,46,3,143,0,5,95,8,108,67,32,141,11,251,25,10,35,286
11/08/2019,FAT,CA,AWP,WE,Combined TRACON& Tower with Radar,67,25,28,3,123,0,9,126,10,145,67,34,154,13,268,20,2,22,290
11/09/2019,FAT,CA,AWP,WE,Combined TRACON& Tower with Radar,51,27,21,0,99,0,15,81,7,103,51,42,102,7,202,52,0,52,254
11/10/2019,FAT,CA,AWP,WE,Combined TRACON& Tower with Radar,60,21,19,0,100,0,2,63,0,65,60,23,82,0,165,8,0,8,173
11/11/2019,FAT,CA,AWP,WE,Combined TRACON& Tower with Radar,62,19,26,5,112,0,8,106,6,120,62,27,132,11,232,12,0,12,244
11/12/2019,FAT,CA,AWP,WE,Combined TRACON& Tower with Radar,64,23,26,9,122,0,8,116,3,127,64,31,142,12,249,60,16,76,325
11/13/2019,FAT,CA,AWP,WE,Combined TRACON& Tower with Radar,62,17,26,11,116,0,13,102,13,128,62,30,128,24,244,96,6,102,346
11/14/2019,FAT,CA,AWP,WE,Combined TRACON& Tower with Radar,66,22,40,11,139,0,10,77,6,93,66,32,117,17,232,78,4,82,314
11/15/2019,FAT,CA,AWP,WE,Combined TRACON& Tower with Radar,64,24,42,4,134,0,7,105,4,116,64,31,147,8,250,40,0,40,290
11/16/2019,FAT,CA,AWP,WE,Combined TRACON& Tower with Radar,51,27,22,2,102,0,6,71,0,77,51,33,93,2,179,36,14,50,229
11/17/2019,FAT,CA,AWP,WE,Combined TRACON& Tower with Radar,58,18,28,2,106,0,4,62,0,66,58,22,90,2,172,20,0,20,192
11/18/2019,FAT,CA,AWP,WE,Combined TRACON& Tower with Radar,65,20,40,0,125,0,11,70,2,83,65,31,110,2,208,38,4,42,250
11/19/2019,FAT,CA,AWP,WE,Combined TRACON& Tower with Radar,63,23,40,10,136,0,5,87,3,95,63,28,127,13,231,52,0,52,283
11/20/2019,FAT,CA,AWP,WE,Combined TRACON& Tower with Radar,64,21,49,11,145,0,5,67,17,89,64,26,116,28,234,106,22,128,362
11/21/2019,FAT,CA,AWP,WE,Combined TRACON& Tower with Radar,68,18,26,14,126,0,10,111,5,126,68,28,137,19,252,8,0,8,260
11/22/2019,FAT,CA,AWP,WE,Combined TRACON& Tower with Radar,72,20,37,9,138,0,7,109,10,126,72,27,146,19,264,30,16,46,310
11/23/2019,FAT,CA,AWP,WE,Combined TRACON& Tower with Radar,56,21,32,0,109,0,11,93,0,104,56,32,125,0,213,22,0,22,235
11/24/2019,FAT,CA,AWP,WE,Combined TRACON& Tower with Radar,58,21,26,0,105,0,10,74,0,84,58,31,100,0,189,14,0,14,203
11/25/2019,FAT,CA,AWP,WE,Combined TRACON& Tower with Radar,66,20,25,8,119,0,2,43,4,49,66,22,68,12,168,14,0,14,182
11/26/2019,FAT,CA,AWP,WE,Combined TRACON& Tower with Radar,65,24,30,13,132,0,2,77,6,85,65,26,107,19,217,34,0,34,251
11/27/2019,FAT,CA,AWP,WE,Combined TRACON& Tower with Radar,70,26,20,11,127,0,0,15,0,15,70,26,35,11,142,14,0,14,156
11/28/2019,FAT,CA,AWP,WE,Combined TRACON& Tower with Radar,38,20,9,0,67,0,4,14,0,18,38,24,23,0,85,20,0,20,105
11/29/2019,FAT,CA,AWP,WE,Combined TRACON& Tower with Radar,52,23,37,0,112,0,5,26,0,31,52,28,63,0,143,26,0,26,169
11/30/2019,FAT,CA,AWP,WE,Combined TRACON& Tower with Radar,61,22,18,0,101,0,4,25,0,29,61,26,43,0,130,10,0,10,140
12/01/2019,FAT,CA,AWP,WE,Combined TRACON& Tower with Radar,64,19,24,0,107,0,6,21,0,27,64,25,45,0,134,6,2,8,142
12/02/2019,FAT,CA,AWP,WE,Combined TRACON& Tower with Radar,70,23,23,7,123,0,1,33,4,38,70,24,56,11,161,50,2,52,213
12/03/2019,FAT,CA,AWP,WE,Combined TRACON& Tower with Radar,59,19,52,27,157,0,0,2,0,2,59,19,54,27,159,0,0,0,159
12/04/2019,FAT,CA,AWP,WE,Combined TRACON& Tower with Radar,57,22,43,4,126,0,0,22,0,22,57,22,65,4,148,2,0,2,150
12/05/2019,FAT,CA,AWP,WE,Combined TRACON& Tower with Radar,61,28,38,11,138,0,6,103,13,122,61,34,141,24,260,66,14,80,340
12/06/2019,FAT,CA,AWP,WE,Combined TRACON& Tower with Radar,66,26,25,2,119,0,6,67,5,78,66,32,92,7,197,12,12,24,221
12/07/2019,FAT,CA,AWP,WE,Combined TRACON& Tower with Radar,50,23,13,14,100,0,6,18,11,35,50,29,31,25,135,24,10,34,169
12/08/2019,FAT,CA,AWP,WE,Combined TRACON& Tower with Radar,55,23,46,0,124,0,1,17,0,18,55,24,63,0,142,4,0,4,146
12/09/2019,FAT,CA,AWP,WE,Combined TRACON& Tower with Radar,65,20,53,4,142,0,3,16,0,19,65,23,69,4,161,12,0,12,173
12/10/2019,FAT,CA,AWP,WE,Combined TRACON& Tower with Radar,53,19,35,7,114,0,2,26,1,29,53,21,61,8,143,46,0,46,189
12/11/2019,FAT,CA,AWP,WE,Combined TRACON& Tower with Radar,54,23,46,2,125,0,0,12,0,12,54,23,58,2,137,0,0,0,137
12/12/2019,FAT,CA,AWP,WE,Combined TRACON& Tower with Radar,61,28,67,12,168,0,3,81,7,91,61,31,148,19,259,86,2,88,347
12/13/2019,FAT,CA,AWP,WE,Combined TRACON& Tower with Radar,68,19,35,5,127,0,6,58,9,73,68,25,93,14,200,50,10,60,260
12/14/2019,FAT,CA,AWP,WE,Combined TRACON& Tower with Radar,53,25,33,1,112,0,8,52,0,60,53,33,85,1,172,50,0,50,222
12/15/2019,FAT,CA,AWP,WE,Combined TRACON& Tower with Radar,60,19,25,1,105,2,7,74,0,83,62,26,99,1,188,2,0,2,190
12/16/2019,FAT,CA,AWP,WE,Combined TRACON& Tower with Radar,65,20,31,11,127,0,8,100,11,119,65,28,131,22,246,134,14,148,394
12/17/2019,FAT,CA,AWP,WE,Combined TRACON& Tower with Radar,62,23,34,7,126,0,8,95,11,114,62,31,129,18,240,64,4,68,308
12/18/2019,FAT,CA,AWP,WE,Combined TRACON& Tower with Radar,61,22,41,4,128,0,2,74,12,88,61,24,115,16,216,74,0,74,290
12/19/2019,FAT,CA,AWP,WE,Combined TRACON& Tower with Radar,71,19,40,9,139,0,7,104,6,117,71,26,144,15,256,32,0,32,288
12/20/2019,FAT,CA,AWP,WE,Combined TRACON& Tower with Radar,75,24,22,4,125,0,5,89,4,98,75,29,111,8,223,22,0,22,245
12/21/2019,FAT,CA,AWP,WE,Combined TRACON& Tower with Radar,65,21,15,0,101,0,7,72,0,79,65,28,87,0,180,44,0,44,224
12/22/2019,FAT,CA,AWP,WE,Combined TRACON& Tower with Radar,65,21,17,0,103,0,0,6,1,7,65,21,23,1,110,0,0,0,110
12/23/2019,FAT,CA,AWP,WE,Combined TRACON& Tower with Radar,70,20,42,2,134,0,1,4,0,5,70,21,46,2,139,0,0,0,139
12/24/2019,FAT,CA,AWP,WE,Combined TRACON& Tower with Radar,56,26,26,0,108,0,1,17,0,18,56,27,43,0,126,26,0,26,152
12/25/2019,FAT,CA,AWP,WE,Combined TRACON& Tower with Radar,53,17,7,0,77,0,0,5,0,5,53,17,12,0,82,0,0,0,82
12/26/2019,FAT,CA,AWP,WE,Combined TRACON& Tower with Radar,66,26,31,0,123,0,4,44,0,48,66,30,75,0,171,78,0,78,249
12/27/2019,FAT,CA,AWP,WE,Combined TRACON& Tower with Radar,69,24,27,1,121,0,3,48,2,53,69,27,75,3,174,0,0,0,174
12/28/2019,FAT,CA,AWP,WE,Combined TRACON& Tower with Radar,59,17,13,0,89,0,6,65,0,71,59,23,78,0,160,24,0,24,184
12/29/2019,FAT,CA,AWP,WE,Combined TRACON& Tower with Radar,63,17,15,0,95,0,1,30,0,31,63,18,45,0,126,6,0,6,132
12/30/2019,FAT,CA,AWP,WE,Combined TRACON& Tower with Radar,67,24,30,4,125,0,4,24,3,31,67,28,54,7,156,0,0,0,156
12/31/2019,FAT,CA,AWP,WE,Combined TRACON& Tower with Radar,58,19,17,3,97,0,7,60,3,70,58,26,77,6,167,6,0,6,173
01/01/2020,FAT,CA,AWP,WE,Combined TRACON& Tower with Radar,57,20,16,0,93,0,5,37,0,42,57,25,53,0,135,11,0,11,146
01/02/2020,FAT,CA,AWP,WE,Combined TRACON& Tower with Radar,67,26,31,7,131,0,2,36,2,40,67,28,67,9,171,16,0,16,187
01/03/2020,FAT,CA,AWP,WE,Combined TRACON& Tower with Radar,69,22,22,9,122,0,6,59,6,71,69,28,81,15,193,12,0,12,205
01/04/2020,FAT,CA,AWP,WE,Combined TRACON& Tower with Radar,63,20,25,1,109,0,9,53,4,66,63,29,78,5,175,4,0,4,179
01/05/2020,FAT,CA,AWP,WE,Combined TRACON& Tower with Radar,60,21,34,16,131,0,2,23,1,26,60,23,57,17,157,10,0,10,167
01/06/2020,FAT,CA,AWP,WE,Combined TRACON& Tower with Radar,68,26,29,5,128,0,4,33,2,39,68,30,62,7,167,26,0,26,193
01/07/2020,FAT,CA,AWP,WE,Combined TRACON& Tower with Radar,58,25,30,3,116,0,0,1,0,1,58,25,31,3,117,0,0,0,117
01/08/2020,FAT,CA,AWP,WE,Combined TRACON& Tower with Radar,56,27,45,0,128,0,1,9,0,10,56,28,54,0,138,0,18,18,156
01/09/2020,FAT,CA,AWP,WE,Combined TRACON& Tower with Radar,67,21,34,6,128,0,4,29,3,36,67,25,63,9,164,4,0,4,168
01/10/2020,FAT,CA,AWP,WE,Combined TRACON& Tower with Radar,64,30,31,0,125,0,1,54,0,55,64,31,85,0,180,78,0,78,258
01/11/2020,FAT,CA,AWP,WE,Combined TRACON& Tower with Radar,49,16,18,1,84,0,5,64,3,72,49,21,82,4,156,54,4,58,214
01/12/2020,FAT,CA,AWP,WE,Combined TRACON& Tower with Radar,54,19,17,0,90,0,2,44,0,46,54,21,61,0,136,22,0,22,158
01/13/2020,FAT,CA,AWP,WE,Combined TRACON& Tower with Radar,64,25,34,0,123,0,4,50,0,54,64,29,84,0,177,12,0,12,189
01/14/2020,FAT,CA,AWP,WE,Combined TRACON& Tower with Radar,61,26,37,3,127,0,4,55,4,63,61,30,92,7,190,48,0,48,238
01/15/2020,FAT,CA,AWP,WE,Combined TRACON& Tower with Radar,59,22,41,15,137,0,5,79,8,92,59,27,120,23,229,12,14,26,255
01/16/2020,FAT,CA,AWP,WE,Combined TRACON& Tower with Radar,69,23,35,0,127,1,1,23,5,30,70,24,58,5,157,16,6,22,179
01/17/2020,FAT,CA,AWP,WE,Combined TRACON& Tower with Radar,61,28,35,2,126,0,6,59,3,68,61,34,94,5,194,64,0,64,258
01/18/2020,FAT,CA,AWP,WE,Combined TRACON& Tower with Radar,49,22,34,3,108,0,4,50,1,55,49,26,84,4,163,8,0,8,171
01/19/2020,FAT,CA,AWP,WE,Combined TRACON& Tower with Radar,52,18,40,1,111,0,1,31,0,32,52,19,71,1,143,2,0,2,145
01/20/2020,FAT,CA,AWP,WE,Combined TRACON& Tower with Radar,60,28,31,0,119,0,2,39,0,41,60,30,70,0,160,26,0,26,186
01/21/2020,FAT,CA,AWP,WE,Combined TRACON& Tower with Radar,60,25,41,1,127,0,6,67,6,79,60,31,108,7,206,54,22,76,282
01/22/2020,FAT,CA,AWP,WE,Combined TRACON& Tower with Radar,57,24,58,10,149,0,7,58,6,71,57,31,116,16,220,96,24,120,340
01/23/2020,FAT,CA,AWP,WE,Combined TRACON& Tower with Radar,69,29,46,1,145,0,7,47,10,64,69,36,93,11,209,12,22,34,243
01/24/2020,FAT,CA,AWP,WE,Combined TRACON& Tower with Radar,60,23,42,14,139,0,4,24,12,40,60,27,66,26,179,20,10,30,209
01/25/2020,FAT,CA,AWP,WE,Combined TRACON& Tower with Radar,50,16,21,1,88,0,2,39,2,43,50,18,60,3,131,50,0,50,181
01/26/2020,FAT,CA,AWP,WE,Combined TRACON& Tower with Radar,51,19,19,4,93,0,2,31,7,40,51,21,50,11,133,0,0,0,133
01/27/2020,FAT,CA,AWP,WE,Combined TRACON& Tower with Radar,65,27,20,4,116,0,8,41,2,51,65,35,61,6,167,0,0,0,167
01/28/2020,FAT,CA,AWP,WE,Combined TRACON& Tower with Radar,56,27,34,7,124,0,2,54,8,64,56,29,88,15,188,14,0,14,202
01/29/2020,FAT,CA,AWP,WE,Combined TRACON& Tower with Radar,55,32,41,12,140,0,3,38,1,42,55,35,79,13,182,94,6,100,282
01/30/2020,FAT,CA,AWP,WE,Combined TRACON& Tower with Radar,60,31,36,11,138,0,6,76,4,86,60,37,112,15,224,44,0,44,268
01/31/2020,FAT,CA,AWP,WE,Combined TRACON& Tower with Radar,61,26,38,9,134,0,3,71,2,76,61,29,109,11,210,42,18,60,270
02/01/2020,FAT,CA,AWP,WE,Combined TRACON& Tower with Radar,51,21,18,2,92,0,10,64,0,74,51,31,82,2,166,58,0,58,224
02/02/2020,FAT,CA,AWP,WE,Combined TRACON& Tower with Radar,51,23,15,2,91,0,5,27,0,32,51,28,42,2,123,12,0,12,135
02/03/2020,FAT,CA,AWP,WE,Combined TRACON& Tower with Radar,62,22,39,9,132,0,3,52,7,62,62,25,91,16,194,50,6,56,250
02/04/2020,FAT,CA,AWP,WE,Combined TRACON& Tower with Radar,56,24,20,10,110,0,1,75,3,79,56,25,95,13,189,88,28,116,305
02/05/2020,FAT,CA,AWP,WE,Combined TRACON& Tower with Radar,55,20,23,8,106,0,8,94,6,108,55,28,117,14,214,60,10,70,284
02/06/2020,FAT,CA,AWP,WE,Combined TRACON& Tower with Radar,60,20,15,20,115,0,7,97,11,115,60,27,112,31,230,78,28,106,336
02/07/2020,FAT,CA,AWP,WE,Combined TRACON& Tower with Radar,65,23,27,4,119,0,2,79,14,95,65,25,106,18,214,58,8,66,280
02/08/2020,FAT,CA,AWP,WE,Combined TRACON& Tower with Radar,49,21,30,12,112,0,8,76,13,97,49,29,106,25,209,8,8,16,225
02/09/2020,FAT,CA,AWP,WE,Combined TRACON& Tower with Radar,55,20,21,8,104,0,3,43,6,52,55,23,64,14,156,2,18,20,176
02/10/2020,FAT,CA,AWP,WE,Combined TRACON& Tower with Radar,61,25,26,0,112,0,1,75,3,79,61,26,101,3,191,62,0,62,253
02/11/2020,FAT,CA,AWP,WE,Combined TRACON& Tower with Radar,56,21,27,10,114,0,7,86,11,104,56,28,113,21,218,90,48,138,356
02/12/2020,FAT,CA,AWP,WE,Combined TRACON& Tower with Radar,54,24,30,9,117,0,4,98,3,105,54,28,128,12,222,30,0,30,252
02/13/2020,FAT,CA,AWP,WE,Combined TRACON& Tower with Radar,62,30,31,6,129,0,4,90,19,113,62,34,121,25,242,18,18,36,278
02/14/2020,FAT,CA,AWP,WE,Combined TRACON& Tower with Radar,62,29,17,4,112,1,8,80,4,93,63,37,97,8,205,42,16,58,263
02/15/2020,FAT,CA,AWP,WE,Combined TRACON& Tower with Radar,47,23,18,0,88,0,16,77,0,93,47,39,95,0,181,16,0,16,197
02/16/2020,FAT,CA,AWP,WE,Combined TRACON& Tower with Radar,46,21,19,0,86,0,18,70,0,88,46,39,89,0,174,16,0,16,190
02/17/2020,FAT,CA,AWP,WE,Combined TRACON& Tower with Radar,65,26,17,0,108,0,1,79,0,80,65,27,96,0,188,80,0,80,268
02/18/2020,FAT,CA,AWP,WE,Combined TRACON& Tower with Radar,59,32,21,14,126,0,7,84,6,97,59,39,105,20,223,68,2,70,293
02/19/2020,FAT,CA,AWP,WE,Combined TRACON& Tower with Radar,56,27,26,9,118,0,10,88,6,104,56,37,114,15,222,52,0,52,274
02/20/2020,FAT,CA,AWP,WE,Combined TRACON& Tower with Radar,58,27,26,4,115,0,9,111,8,128,58,36,137,12,243,38,0,38,281
02/21/2020,FAT,CA,AWP,WE,Combined TRACON& Tower with Radar,62,30,13,3,108,0,9,85,9,103,62,39,98,12,211,42,2,44,255
02/22/2020,FAT,CA,AWP,WE,Combined TRACON& Tower with Radar,51,27,14,0,92,0,4,54,2,60,51,31,68,2,152,102,0,102,254
02/23/2020,FAT,CA,AWP,WE,Combined TRACON& Tower with Radar,52,25,16,0,93,0,4,51,0,55,52,29,67,0,148,22,0,22,170
02/24/2020,FAT,CA,AWP,WE,Combined TRACON& Tower with Radar,59,26,22,2,109,0,4,86,8,98,59,30,108,10,207,48,2,50,257
02/25/2020,FAT,CA,AWP,WE,Combined TRACON& Tower with Radar,57,29,25,5,116,0,9,61,13,83,57,38,86,18,199,24,20,44,243
02/26/2020,FAT,CA,AWP,WE,Combined TRACON& Tower with Radar,58,29,34,17,138,0,4,108,28,140,58,33,142,45,278,24,22,46,324
02/27/2020,FAT,CA,AWP,WE,Combined TRACON& Tower with Radar,58,30,22,6,116,0,2,99,10,111,58,32,121,16,227,108,16,124,351
02/28/2020,FAT,CA,AWP,WE,Combined TRACON& Tower with Radar,63,27,23,7,120,0,4,97,12,113,63,31,120,19,233,36,20,56,289
02/29/2020,FAT,CA,AWP,WE,Combined TRACON& Tower with Radar,47,23,24,1,95,0,10,75,0,85,47,33,99,1,180,22,0,22,202
03/01/2020,FAT,CA,AWP,WE,Combined TRACON& Tower with Radar,48,21,16,5,90,0,6,40,0,46,48,27,56,5,136,36,28,64,200
03/02/2020,FAT,CA,AWP,WE,Combined TRACON& Tower with Radar,61,29,12,12,114,0,9,86,12,107,61,38,98,24,221,22,38,60,281
03/03/2020,FAT,CA,AWP,WE,Combined TRACON& Tower with Radar,57,28,26,9,120,0,8,114,9,131,57,36,140,18,251,36,6,42,293
03/04/2020,FAT,CA,AWP,WE,Combined TRACON& Tower with Radar,55,34,25,12,126,0,9,102,10,121,55,43,127,22,247,30,0,30,277
03/05/2020,FAT,CA,AWP,WE,Combined TRACON& Tower with Radar,58,34,22,0,114,0,5,93,3,101,58,39,115,3,215,64,0,64,279
03/06/2020,FAT,CA,AWP,WE,Combined TRACON& Tower with Radar,62,33,21,8,124,0,6,86,10,102,62,39,107,18,226,38,8,46,272
03/07/2020,FAT,CA,AWP,WE,Combined TRACON& Tower with Radar,47,32,20,4,103,0,11,45,0,56,47,43,65,4,159,28,0,28,187
03/08/2020,FAT,CA,AWP,WE,Combined TRACON& Tower with Radar,49,28,24,5,106,0,4,44,1,49,49,32,68,6,155,6,0,6,161
03/09/2020,FAT,CA,AWP,WE,Combined TRACON& Tower with Radar,59,28,22,3,112,0,5,87,2,94,59,33,109,5,206,24,0,24,230
03/10/2020,FAT,CA,AWP,WE,Combined TRACON& Tower with Radar,59,34,37,2,132,0,10,41,7,58,59,44,78,9,190,58,10,68,258
03/11/2020,FAT,CA,AWP,WE,Combined TRACON& Tower with Radar,62,34,59,10,165,0,3,54,10,67,62,37,113,20,232,0,0,0,232
03/12/2020,FAT,CA,AWP,WE,Combined TRACON& Tower with Radar,57,33,21,4,115,0,7,92,8,107,57,40,113,12,222,20,0,20,242
03/13/2020,FAT,CA,AWP,WE,Combined TRACON& Tower with Radar,58,27,28,2,115,0,5,66,7,78,58,32,94,9,193,34,0,34,227
03/14/2020,FAT,CA,AWP,WE,Combined TRACON& Tower with Radar,48,24,24,0,96,0,9,33,0,42,48,33,57,0,138,0,14,14,152
03/15/2020,FAT,CA,AWP,WE,Combined TRACON& Tower with Radar,53,27,24,0,104,0,3,10,0,13,53,30,34,0,117,0,0,0,117
03/16/2020,FAT,CA,AWP,WE,Combined TRACON& Tower with Radar,58,27,17,21,123,0,2,3,1,6,58,29,20,22,129,16,2,18,147
03/17/2020,FAT,CA,AWP,WE,Combined TRACON& Tower with Radar,58,27,22,8,115,0,3,48,8,59,58,30,70,16,174,50,0,50,224
03/18/2020,FAT,CA,AWP,WE,Combined TRACON& Tower with Radar,55,23,21,24,123,0,7,71,2,80,55,30,92,26,203,20,14,34,237
03/19/2020,FAT,CA,AWP,WE,Combined TRACON& Tower with Radar,54,26,10,0,90,0,0,22,0,22,54,26,32,0,112,0,0,0,112
03/20/2020,FAT,CA,AWP,WE,Combined TRACON& Tower with Radar,53,31,22,0,106,0,6,43,0,49,53,37,65,0,155,22,0,22,177
03/21/2020,FAT,CA,AWP,WE,Combined TRACON& Tower with Radar,45,20,8,0,73,0,7,31,0,38,45,27,39,0,111,8,0,8,119
03/22/2020,FAT,CA,AWP,WE,Combined TRACON& Tower with Radar,47,22,8,0,77,0,0,25,0,25,47,22,33,0,102,34,0,34,136
03/23/2020,FAT,CA,AWP,WE,Combined TRACON& Tower with Radar,43,18,13,8,82,0,1,11,8,20,43,19,24,16,102,6,10,16,118
03/24/2020,FAT,CA,AWP,WE,Combined TRACON& Tower with Radar,42,23,10,9,84,0,3,20,8,31,42,26,30,17,115,22,0,22,137
03/25/2020,FAT,CA,AWP,WE,Combined TRACON& Tower with Radar,40,20,12,2,74,0,1,25,5,31,40,21,37,7,105,2,0,2,107
03/26/2020,FAT,CA,AWP,WE,Combined TRACON& Tower with Radar,41,17,19,2,79,0,4,39,2,45,41,21,58,4,124,0,0,0,124
03/27/2020,FAT,CA,AWP,WE,Combined TRACON& Tower with Radar,35,19,6,6,66,0,2,49,3,54,35,21,55,9,120,0,0,0,120
03/28/2020,FAT,CA,AWP,WE,Combined TRACON& Tower with Radar,31,15,10,0,56,0,4,24,4,32,31,19,34,4,88,38,0,38,126
03/29/2020,FAT,CA,AWP,WE,Combined TRACON& Tower with Radar,27,14,21,3,65,0,4,15,0,19,27,18,36,3,84,0,0,0,84
03/30/2020,FAT,CA,AWP,WE,Combined TRACON& Tower with Radar,27,19,11,4,61,0,10,32,5,47,27,29,43,9,108,0,0,0,108
03/31/2020,FAT,CA,AWP,WE,Combined TRACON& Tower with Radar,35,27,8,6,76,0,6,40,3,49,35,33,48,9,125,0,0,0,125
04/01/2020,FAT,CA,AWP,WE,Combined TRACON& Tower with Radar,26,11,11,2,50,0,10,33,9,52,26,21,44,11,102,10,6,16,118
04/02/2020,FAT,CA,AWP,WE,Combined TRACON& Tower with Radar,31,7,15,7,60,0,5,43,4,52,31,12,58,11,112,26,0,26,138
04/03/2020,FAT,CA,AWP,WE,Combined TRACON& Tower with Radar,26,13,6,7,52,0,3,52,7,62,26,16,58,14,114,0,26,26,140
04/04/2020,FAT,CA,AWP,WE,Combined TRACON& Tower with Radar,26,10,5,8,49,0,12,29,4,45,26,22,34,12,94,4,0,4,98
04/05/2020,FAT,CA,AWP,WE,Combined TRACON& Tower with Radar,23,12,20,7,62,0,4,0,3,7,23,16,20,10,69,0,4,4,73
04/06/2020,FAT,CA,AWP,WE,Combined TRACON& Tower with Radar,27,16,8,0,51,0,1,17,3,21,27,17,25,3,72,0,32,32,104
04/07/2020,FAT,CA,AWP,WE,Combined TRACON& Tower with Radar,28,19,28,17,92,0,3,31,7,41,28,22,59,24,133,38,24,62,195
04/08/2020,FAT,CA,AWP,WE,Combined TRACON& Tower with Radar,29,12,21,3,65,0,1,20,2,23,29,13,41,5,88,62,4,66,154
04/09/2020,FAT,CA,AWP,WE,Combined TRACON& Tower with Radar,35,15,8,0,58,0,1,27,0,28,35,16,35,0,86,0,0,0,86
04/10/2020,FAT,CA,AWP,WE,Combined TRACON& Tower with Radar,25,9,11,6,51,0,8,43,2,53,25,17,54,8,104,4,28,32,136
04/11/2020,FAT,CA,AWP,WE,Combined TRACON& Tower with Radar,20,7,21,0,48,0,6,34,0,40,20,13,55,0,88,18,0,18,106
04/12/2020,FAT,CA,AWP,WE,Combined TRACON& Tower with Radar,14,1,7,0,22,0,4,31,0,35,14,5,38,0,57,18,0,18,75
04/13/2020,FAT,CA,AWP,WE,Combined TRACON& Tower with Radar,24,4,12,6,46,0,7,34,1,42,24,11,46,7,88,0,0,0,88
04/14/2020,FAT,CA,AWP,WE,Combined TRACON& Tower with Radar,21,7,4,27,59,0,6,42,12,60,21,13,46,39,119,0,26,26,145
04/15/2020,FAT,CA,AWP,WE,Combined TRACON& Tower with Radar,20,6,6,18,50,0,2,58,11,71,20,8,64,29,121,0,0,0,121
04/16/2020,FAT,CA,AWP,WE,Combined TRACON& Tower with Radar,20,7,16,18,61,0,5,42,24,71,20,12,58,42,132,30,70,100,232
04/17/2020,FAT,CA,AWP,WE,Combined TRACON& Tower with Radar,22,6,11,3,42,0,3,28,10,41,22,9,39,13,83,0,0,0,83
04/18/2020,FAT,CA,AWP,WE,Combined TRACON& Tower with Radar,17,8,22,0,47,0,7,33,0,40,17,15,55,0,87,4,0,4,91
04/19/2020,FAT,CA,AWP,WE,Combined TRACON& Tower with Radar,16,4,12,0,32,0,6,34,2,42,16,10,46,2,74,0,0,0,74
04/20/2020,FAT,CA,AWP,WE,Combined TRACON& Tower with Radar,18,4,9,5,36,0,2,21,4,27,18,6,30,9,63,10,20,30,93
04/21/2020,FAT,CA,AWP,WE,Combined TRACON& Tower with Radar,19,6,16,12,53,0,7,49,6,62,19,13,65,18,115,18,0,18,133
04/22/2020,FAT,CA,AWP,WE,Combined TRACON& Tower with Radar,21,7,11,15,54,0,6,67,5,78,21,13,78,20,132,42,32,74,206
04/23/2020,FAT,CA,AWP,WE,Combined TRACON& Tower with Radar,20,7,11,2,40,0,6,77,4,87,20,13,88,6,127,66,10,76,203
04/24/2020,FAT,CA,AWP,WE,Combined TRACON& Tower with Radar,19,7,22,0,48,0,10,81,0,91,19,17,103,0,139,28,0,28,167
04/25/2020,FAT,CA,AWP,WE,Combined TRACON& Tower with Radar,15,4,8,3,30,0,16,54,7,77,15,20,62,10,107,12,10,22,129
04/26/2020,FAT,CA,AWP,WE,Combined TRACON& Tower with Radar,14,4,20,0,38,0,6,57,0,63,14,10,77,0,101,14,0,14,115
04/27/2020,FAT,CA,AWP,WE,Combined TRACON& Tower with Radar,19,4,11,18,52,0,6,51,8,65,19,10,62,26,117,14,12,26,143
04/28/2020,FAT,CA,AWP,WE,Combined TRACON& Tower with Radar,18,7,26,8,59,0,8,50,7,65,18,15,76,15,124,4,8,12,136
04/29/2020,FAT,CA,AWP,WE,Combined TRACON& Tower with Radar,19,5,26,0,50,0,11,76,7,94,19,16,102,7,144,6,0,6,150
04/30/2020,FAT,CA,AWP,WE,Combined TRACON& Tower with Radar,19,5,19,3,46,0,13,56,3,72,19,18,75,6,118,0,0,0,118
05/01/2020,FAT,CA,AWP,WE,Combined TRACON& Tower with Radar,25,7,13,12,57,0,9,54,10,73,25,16,67,22,130,0,0,0,130
05/02/2020,FAT,CA,AWP,WE,Combined TRACON& Tower with Radar,12,9,12,5,38,0,10,69,19,98,12,19,81,24,136,16,0,16,152
05/03/2020,FAT,CA,AWP,WE,Combined TRACON& Tower with Radar,20,7,15,6,48,0,1,54,3,58,20,8,69,9,106,6,0,6,112
05/04/2020,FAT,CA,AWP,WE,Combined TRACON& Tower with Radar,17,7,13,0,37,0,3,57,1,61,17,10,70,1,98,28,0,28,126
05/05/2020,FAT,CA,AWP,WE,Combined TRACON& Tower with Radar,19,8,16,3,46,0,4,57,7,68,19,12,73,10,114,12,10,22,136
05/06/2020,FAT,CA,AWP,WE,Combined TRACON& Tower with Radar,15,15,11,9,50,0,6,64,3,73,15,21,75,12,123,36,0,36,159
05/07/2020,FAT,CA,AWP,WE,Combined TRACON& Tower with Radar,21,8,11,11,51,0,7,63,14,84,21,15,74,25,135,26,46,72,207
05/08/2020,FAT,CA,AWP,WE,Combined TRACON& Tower with Radar,18,9,11,10,48,0,8,90,7,105,18,17,101,17,153,22,6,28,181
05/09/2020,FAT,CA,AWP,WE,Combined TRACON& Tower with Radar,16,8,13,0,37,0,9,44,0,53,16,17,57,0,90,44,6,50,140
05/10/2020,FAT,CA,AWP,WE,Combined TRACON& Tower with Radar,13,10,8,0,31,0,3,44,0,47,13,13,52,0,78,12,0,12,90
05/11/2020,FAT,CA,AWP,WE,Combined TRACON& Tower with Radar,19,11,20,0,50,0,5,51,2,58,19,16,71,2,108,18,22,40,148
05/12/2020,FAT,CA,AWP,WE,Combined TRACON& Tower with Radar,16,12,20,11,59,0,7,58,3,68,16,19,78,14,127,12,0,12,139
05/13/2020,FAT,CA,AWP,WE,Combined TRACON& Tower with Radar,16,15,19,1,51,0,3,48,7,58,16,18,67,8,109,0,0,0,109
05/14/2020,FAT,CA,AWP,WE,Combined TRACON& Tower with Radar,22,18,16,9,65,0,9,56,12,77,22,27,72,21,142,10,0,10,152
05/15/2020,FAT,CA,AWP,WE,Combined TRACON& Tower with Radar,16,13,18,7,54,0,4,81,8,93,16,17,99,15,147,32,0,32,179
05/16/2020,FAT,CA,AWP,WE,Combined TRACON& Tower with Radar,14,11,15,0,40,0,6,58,0,64,14,17,73,0,104,0,0,0,104
05/17/2020,FAT,CA,AWP,WE,Combined TRACON& Tower with Radar,14,10,17,0,41,0,1,54,0,55,14,11,71,0,96,0,0,0,96
05/18/2020,FAT,CA,AWP,WE,Combined TRACON& Tower with Radar,14,11,7,0,32,0,3,16,0,19,14,14,23,0,51,30,0,30,81
05/19/2020,FAT,CA,AWP,WE,Combined TRACON& Tower with Radar,18,15,31,25,89,0,4,69,15,88,18,19,100,40,177,22,50,72,249
05/20/2020,FAT,CA,AWP,WE,Combined TRACON& Tower with Radar,19,10,28,1,58,0,3,82,3,88,19,13,110,4,146,48,16,64,210
05/21/2020,FAT,CA,AWP,WE,Combined TRACON& Tower with Radar,25,12,19,17,73,0,7,68,15,90,25,19,87,32,163,0,0,0,163
05/22/2020,FAT,CA,AWP,WE,Combined TRACON& Tower with Radar,20,11,25,3,59,0,4,65,0,69,20,15,90,3,128,0,0,0,128
05/23/2020,FAT,CA,AWP,WE,Combined TRACON& Tower with Radar,14,8,25,0,47,0,8,70,2,80,14,16,95,2,127,0,0,0,127
05/24/2020,FAT,CA,AWP,WE,Combined TRACON& Tower with Radar,15,9,14,0,38,0,8,65,0,73,15,17,79,0,111,0,0,0,111
05/25/2020,FAT,CA,AWP,WE,Combined TRACON& Tower with Radar,15,11,13,0,39,0,8,63,0,71,15,19,76,0,110,0,0,0,110
05/26/2020,FAT,CA,AWP,WE,Combined TRACON& Tower with Radar,15,8,15,14,52,0,3,68,10,81,15,11,83,24,133,0,0,0,133
05/27/2020,FAT,CA,AWP,WE,Combined TRACON& Tower with Radar,20,11,22,10,63,0,6,71,5,82,20,17,93,15,145,0,0,0,145
05/28/2020,FAT,CA,AWP,WE,Combined TRACON& Tower with Radar,23,8,21,6,58,0,3,73,9,85,23,11,94,15,143,0,0,0,143
05/29/2020,FAT,CA,AWP,WE,Combined TRACON& Tower with Radar,18,12,27,7,64,0,4,66,6,76,18,16,93,13,140,0,0,0,140
05/30/2020,FAT,CA,AWP,WE,Combined TRACON& Tower with Radar,12,12,17,1,42,0,8,57,1,66,12,20,74,2,108,0,0,0,108
05/31/2020,FAT,CA,AWP,WE,Combined TRACON& Tower with Radar,14,8,16,0,38,0,4,72,3,79,14,12,88,3,117,0,0,0,117
06/01/2020,FAT,CA,AWP,WE,Combined TRACON& Tower with Radar,19,10,20,1,50,0,7,53,16,76,19,17,73,17,126,0,2,2,128
06/02/2020,FAT,CA,AWP,WE,Combined TRACON& Tower with Radar,21,11,11,8,51,0,6,55,8,69,21,17,66,16,120,50,0,50,170
06/03/2020,FAT,CA,AWP,WE,Combined TRACON& Tower with Radar,22,9,11,3,45,0,6,74,18,98,22,15,85,21,143,28,0,28,171
06/04/2020,FAT,CA,AWP,WE,Combined TRACON& Tower with Radar,31,8,9,11,59,0,4,56,17,77,31,12,65,28,136,36,2,38,174
06/05/2020,FAT,CA,AWP,WE,Combined TRACON& Tower with Radar,27,10,22,15,74,0,10,73,3,86,27,20,95,18,160,22,12,34,194
06/06/2020,FAT,CA,AWP,WE,Combined TRACON& Tower with Radar,22,10,12,9,53,0,15,55,13,83,22,25,67,22,136,88,2,90,226
06/07/2020,FAT,CA,AWP,WE,Combined TRACON& Tower with Radar,22,8,15,0,45,0,1,37,8,46,22,9,52,8,91,0,0,0,91
06/08/2020,FAT,CA,AWP,WE,Combined TRACON& Tower with Radar,24,5,15,5,49,0,3,54,11,68,24,8,69,16,117,22,0,22,139
06/09/2020,FAT,CA,AWP,WE,Combined TRACON& Tower with Radar,25,6,17,12,60,0,7,90,9,106,25,13,107,21,166,30,10,40,206
06/10/2020,FAT,CA,AWP,WE,Combined TRACON& Tower with Radar,26,6,24,6,62,0,15,73,22,110,26,21,97,28,172,10,0,10,182
06/11/2020,FAT,CA,AWP,WE,Combined TRACON& Tower with Radar,35,16,22,6,79,0,8,86,16,110,35,24,108,22,189,28,0,28,217
06/12/2020,FAT,CA,AWP,WE,Combined TRACON& Tower with Radar,27,5,28,17,77,3,15,85,29,132,30,20,113,46,209,4,0,4,213
06/13/2020,FAT,CA,AWP,WE,Combined TRACON& Tower with Radar,23,10,26,0,59,0,15,72,2,89,23,25,98,2,148,24,0,24,172
06/14/2020,FAT,CA,AWP,WE,Combined TRACON& Tower with Radar,21,17,22,0,60,0,8,66,0,74,21,25,88,0,134,32,0,32,166
06/15/2020,FAT,CA,AWP,WE,Combined TRACON& Tower with Radar,23,8,17,7,55,0,5,65,2,72,23,13,82,9,127,0,0,0,127
06/16/2020,FAT,CA,AWP,WE,Combined TRACON& Tower with Radar,25,9,47,8,89,1,14,93,8,116,26,23,140,16,205,12,0,12,217
06/17/2020,FAT,CA,AWP,WE,Combined TRACON& Tower with Radar,27,7,20,6,60,0,11,60,14,85,27,18,80,20,145,30,0,30,175
06/18/2020,FAT,CA,AWP,WE,Combined TRACON& Tower with Radar,29,16,17,15,77,0,9,78,19,106,29,25,95,34,183,46,44,90,273
06/19/2020,FAT,CA,AWP,WE,Combined TRACON& Tower with Radar,27,5,37,3,72,0,9,85,16,110,27,14,122,19,182,20,20,40,222
06/20/2020,FAT,CA,AWP,WE,Combined TRACON& Tower with Radar,23,8,19,2,52,1,14,48,3,66,24,22,67,5,118,44,0,44,162
06/21/2020,FAT,CA,AWP,WE,Combined TRACON& Tower with Radar,21,15,23,0,59,0,8,49,8,65,21,23,72,8,124,40,0,40,164
06/22/2020,FAT,CA,AWP,WE,Combined TRACON& Tower with Radar,24,8,21,2,55,0,7,46,12,65,24,15,67,14,120,12,10,22,142
06/23/2020,FAT,CA,AWP,WE,Combined TRACON& Tower with Radar,25,8,24,11,68,2,7,81,36,126,27,15,105,47,194,18,12,30,224
06/24/2020,FAT,CA,AWP,WE,Combined TRACON& Tower with Radar,26,10,26,7,69,0,7,79,5,91,26,17,105,12,160,36,4,40,200
06/25/2020,FAT,CA,AWP,WE,Combined TRACON& Tower with Radar,29,10,12,4,55,0,12,85,16,113,29,22,97,20,168,46,8,54,222
06/26/2020,FAT,CA,AWP,WE,Combined TRACON& Tower with Radar,28,8,18,2,56,0,10,76,16,102,28,18,94,18,158,24,2,26,184
06/27/2020,FAT,CA,AWP,WE,Combined TRACON& Tower with Radar,22,13,20,0,55,0,9,63,0,72,22,22,83,0,127,0,0,0,127
06/28/2020,FAT,CA,AWP,WE,Combined TRACON& Tower with Radar,22,11,12,0,45,0,6,50,3,59,22,17,62,3,104,22,0,22,126
06/29/2020,FAT,CA,AWP,WE,Combined TRACON& Tower with Radar,25,8,21,20,74,0,9,59,11,79,25,17,80,31,153,0,0,0,153
06/30/2020,FAT,CA,AWP,WE,Combined TRACON& Tower with Radar,25,6,18,13,62,0,7,79,18,104,25,13,97,31,166,34,20,54,220
07/01/2020,FAT,CA,AWP,WE,Combined TRACON& Tower with Radar,27,11,28,8,74,0,7,83,16,106,27,18,111,24,180,14,20,34,214
07/02/2020,FAT,CA,AWP,WE,Combined TRACON& Tower with Radar,41,14,38,7,100,0,7,86,5,98,41,21,124,12,198,30,38,68,266
07/03/2020,FAT,CA,AWP,WE,Combined TRACON& Tower with Radar,34,4,18,0,56,0,7,77,4,88,34,11,95,4,144,22,10,32,176
07/04/2020,FAT,CA,AWP,WE,Combined TRACON& Tower with Radar,26,8,11,0,45,0,5,40,0,45,26,13,51,0,90,18,0,18,108
07/05/2020,FAT,CA,AWP,WE,Combined TRACON& Tower with Radar,32,11,25,0,68,0,6,74,19,99,32,17,99,19,167,40,0,40,207
07/06/2020,FAT,CA,AWP,WE,Combined TRACON& Tower with Radar,34,14,13,10,71,0,5,64,19,88,34,19,77,29,159,116,0,116,275
07/07/2020,FAT,CA,AWP,WE,Combined TRACON& Tower with Radar,36,11,28,14,89,0,7,66,16,89,36,18,94,30,178,0,0,0,178
07/08/2020,FAT,CA,AWP,WE,Combined TRACON& Tower with Radar,36,14,15,34,99,0,9,74,12,95,36,23,89,46,194,0,0,0,194
07/09/2020,FAT,CA,AWP,WE,Combined TRACON& Tower with Radar,45,12,18,33,108,0,7,86,12,105,45,19,104,45,213,0,6,6,219
07/10/2020,FAT,CA,AWP,WE,Combined TRACON& Tower with Radar,40,15,25,11,91,0,6,83,10,99,40,21,108,21,190,12,0,12,202
07/11/2020,FAT,CA,AWP,WE,Combined TRACON& Tower with Radar,31,13,18,0,62,0,11,84,23,118,31,24,102,23,180,0,0,0,180
07/12/2020,FAT,CA,AWP,WE,Combined TRACON& Tower with Radar,36,14,19,0,69,0,4,72,5,81,36,18,91,5,150,14,0,14,164
07/13/2020,FAT,CA,AWP,WE,Combined TRACON& Tower with Radar,38,8,30,25,101,0,4,60,10,74,38,12,90,35,175,40,8,48,223
07/14/2020,FAT,CA,AWP,WE,Combined TRACON& Tower with Radar,37,12,21,6,76,0,9,78,19,106,37,21,99,25,182,4,20,24,206
07/15/2020,FAT,CA,AWP,WE,Combined TRACON& Tower with Radar,37,9,18,5,69,0,9,86,29,124,37,18,104,34,193,68,4,72,265
07/16/2020,FAT,CA,AWP,WE,Combined TRACON& Tower with Radar,45,17,18,7,87,0,5,80,25,110,45,22,98,32,197,12,6,18,215
07/17/2020,FAT,CA,AWP,WE,Combined TRACON& Tower with Radar,38,12,33,5,88,1,4,89,3,97,39,16,122,8,185,2,0,2,187
07/18/2020,FAT,CA,AWP,WE,Combined TRACON& Tower with Radar,33,11,21,0,65,0,12,55,7,74,33,23,76,7,139,32,0,32,171
07/19/2020,FAT,CA,AWP,WE,Combined TRACON& Tower with Radar,35,9,14,0,58,1,5,67,4,77,36,14,81,4,135,6,0,6,141
07/20/2020,FAT,CA,AWP,WE,Combined TRACON& Tower with Radar,37,10,23,0,70,0,7,76,17,100,37,17,99,17,170,34,4,38,208
07/21/2020,FAT,CA,AWP,WE,Combined TRACON& Tower with Radar,36,10,24,6,76,0,9,69,17,95,36,19,93,23,171,22,0,22,193
07/22/2020,FAT,CA,AWP,WE,Combined TRACON& Tower with Radar,37,13,19,8,77,0,6,97,65,168,37,19,116,73,245,8,0,8,253
07/23/2020,FAT,CA,AWP,WE,Combined TRACON& Tower with Radar,41,14,20,6,81,0,5,113,8,126,41,19,133,14,207,22,0,22,229
07/24/2020,FAT,CA,AWP,WE,Combined TRACON& Tower with Radar,39,18,26,1,84,0,4,94,12,110,39,22,120,13,194,36,0,36,230
07/25/2020,FAT,CA,AWP,WE,Combined TRACON& Tower with Radar,33,14,16,0,63,0,17,69,2,88,33,31,85,2,151,30,0,30,181
07/26/2020,FAT,CA,AWP,WE,Combined TRACON& Tower with Radar,35,17,15,0,67,0,10,69,3,82,35,27,84,3,149,0,0,0,149
07/27/2020,FAT,CA,AWP,WE,Combined TRACON& Tower with Radar,37,11,12,7,67,0,3,62,5,70,37,14,74,12,137,0,0,0,137
07/28/2020,FAT,CA,AWP,WE,Combined TRACON& Tower with Radar,36,10,23,21,90,0,5,78,27,110,36,15,101,48,200,38,8,46,246
07/29/2020,FAT,CA,AWP,WE,Combined TRACON& Tower with Radar,34,15,19,4,72,0,6,87,16,109,34,21,106,20,181,10,0,10,191
07/30/2020,FAT,CA,AWP,WE,Combined TRACON& Tower with Radar,46,12,17,11,86,0,7,67,13,87,46,19,84,24,173,0,0,0,173
07/31/2020,FAT,CA,AWP,WE,Combined TRACON& Tower with Radar,44,21,13,6,84,0,12,68,11,91,44,33,81,17,175,0,0,0,175
08/01/2020,FAT,CA,AWP,WE,Combined TRACON& Tower with Radar,35,15,21,4,75,0,15,61,8,84,35,30,82,12,159,14,0,14,173
08/02/2020,FAT,CA,AWP,WE,Combined TRACON& Tower with Radar,36,11,22,0,69,0,6,58,1,65,36,17,80,1,134,26,0,26,160
08/03/2020,FAT,CA,AWP,WE,Combined TRACON& Tower with Radar,41,15,24,2,82,0,8,70,39,117,41,23,94,41,199,28,0,28,227
08/04/2020,FAT,CA,AWP,WE,Combined TRACON& Tower with Radar,34,21,9,13,77,0,4,89,11,104,34,25,98,24,181,66,10,76,257
08/05/2020,FAT,CA,AWP,WE,Combined TRACON& Tower with Radar,39,21,24,11,95,0,5,99,77,181,39,26,123,88,276,16,8,24,300
08/06/2020,FAT,CA,AWP,WE,Combined TRACON& Tower with Radar,42,18,24,10,94,3,9,104,29,145,45,27,128,39,239,6,0,6,245
08/07/2020,FAT,CA,AWP,WE,Combined TRACON& Tower with Radar,45,14,22,1,82,1,12,110,13,136,46,26,132,14,218,52,0,52,270
08/08/2020,FAT,CA,AWP,WE,Combined TRACON& Tower with Radar,36,10,13,0,59,0,14,70,1,85,36,24,83,1,144,10,0,10,154
08/09/2020,FAT,CA,AWP,WE,Combined TRACON& Tower with Radar,36,15,27,0,78,0,3,57,2,62,36,18,84,2,140,0,0,0,140
08/10/2020,FAT,CA,AWP,WE,Combined TRACON& Tower with Radar,37,14,17,2,70,0,5,62,1,68,37,19,79,3,138,6,0,6,144
08/11/2020,FAT,CA,AWP,WE,Combined TRACON& Tower with Radar,36,21,22,9,88,0,6,80,25,111,36,27,102,34,199,28,16,44,243
08/12/2020,FAT,CA,AWP,WE,Combined TRACON& Tower with Radar,37,14,25,19,95,0,7,95,12,114,37,21,120,31,209,36,16,52,261
08/13/2020,FAT,CA,AWP,WE,Combined TRACON& Tower with Radar,40,11,18,13,82,0,11,96,16,123,40,22,114,29,205,62,6,68,273
08/14/2020,FAT,CA,AWP,WE,Combined TRACON& Tower with Radar,40,15,26,2,83,0,14,68,6,88,40,29,94,8,171,18,0,18,189
08/15/2020,FAT,CA,AWP,WE,Combined TRACON& Tower with Radar,34,15,21,1,71,0,14,58,9,81,34,29,79,10,152,30,0,30,182
08/16/2020,FAT,CA,AWP,WE,Combined TRACON& Tower with Radar,36,22,23,1,82,1,10,48,13,72,37,32,71,14,154,0,0,0,154
08/17/2020,FAT,CA,AWP,WE,Combined TRACON& Tower with Radar,39,13,9,2,63,1,6,59,6,72,40,19,68,8,135,0,0,0,135
08/18/2020,FAT,CA,AWP,WE,Combined TRACON& Tower with Radar,32,10,14,17,73,1,10,57,20,88,33,20,71,37,161,30,22,52,213
08/19/2020,FAT,CA,AWP,WE,Combined TRACON& Tower with Radar,37,13,16,14,80,0,7,43,14,64,37,20,59,28,144,0,0,0,144
08/20/2020,FAT,CA,AWP,WE,Combined TRACON& Tower with Radar,39,21,27,13,100,0,1,36,9,46,39,22,63,22,146,0,0,0,146
08/21/2020,FAT,CA,AWP,WE,Combined TRACON& Tower with Radar,40,13,43,19,115,0,2,6,2,10,40,15,49,21,125,0,0,0,125
08/22/2020,FAT,CA,AWP,WE,Combined TRACON& Tower with Radar,29,22,20,7,78,0,0,0,1,1,29,22,20,8,79,0,0,0,79
08/23/2020,FAT,CA,AWP,WE,Combined TRACON& Tower with Radar,33,14,32,4,83,0,1,0,0,1,33,15,32,4,84,0,0,0,84
08/24/2020,FAT,CA,AWP,WE,Combined TRACON& Tower with Radar,38,18,32,24,112,0,1,6,0,7,38,19,38,24,119,0,0,0,119
08/25/2020,FAT,CA,AWP,WE,Combined TRACON& Tower with Radar,31,20,25,15,91,0,1,40,14,55,31,21,65,29,146,4,30,34,180
08/26/2020,FAT,CA,AWP,WE,Combined TRACON& Tower with Radar,35,26,24,7,92,0,3,36,10,49,35,29,60,17,141,0,0,0,141
08/27/2020,FAT,CA,AWP,WE,Combined TRACON& Tower with Radar,41,17,28,7,93,0,7,67,10,84,41,24,95,17,177,0,0,0,177
08/28/2020,FAT,CA,AWP,WE,Combined TRACON& Tower with Radar,39,19,28,7,93,0,6,72,27,105,39,25,100,34,198,20,0,20,218
08/29/2020,FAT,CA,AWP,WE,Combined TRACON& Tower with Radar,29,16,28,0,73,0,8,55,5,68,29,24,83,5,141,0,0,0,141
08/30/2020,FAT,CA,AWP,WE,Combined TRACON& Tower with Radar,33,12,15,3,63,0,10,62,10,82,33,22,77,13,145,0,0,0,145
08/31/2020,FAT,CA,AWP,WE,Combined TRACON& Tower with Radar,37,22,15,8,82,0,6,50,16,72,37,28,65,24,154,36,20,56,210
09/01/2020,FAT,CA,AWP,WE,Combined TRACON& Tower with Radar,39,11,24,23,97,0,3,63,8,74,39,14,87,31,171,46,20,66,237
09/02/2020,FAT,CA,AWP,WE,Combined TRACON& Tower with Radar,38,16,26,21,101,0,2,66,20,88,38,18,92,41,189,0,10,10,199
09/03/2020,FAT,CA,AWP,WE,Combined TRACON& Tower with Radar,43,13,26,10,92,0,7,78,13,98,43,20,104,23,190,4,12,16,206
09/04/2020,FAT,CA,AWP,WE,Combined TRACON& Tower with Radar,43,12,21,4,80,0,7,80,16,103,43,19,101,20,183,106,0,106,289
09/05/2020,FAT,CA,AWP,WE,Combined TRACON& Tower with Radar,31,7,30,1,69,1,10,54,95,160,32,17,84,96,229,1,0,1,230
09/06/2020,FAT,CA,AWP,WE,Combined TRACON& Tower with Radar,33,10,13,0,56,0,9,37,16,62,33,19,50,16,118,2,0,2,120
09/07/2020,FAT,CA,AWP,WE,Combined TRACON& Tower with Radar,41,20,28,11,100,0,5,50,52,107,41,25,78,63,207,0,0,0,207
09/08/2020,FAT,CA,AWP,WE,Combined TRACON& Tower with Radar,34,12,26,6,78,0,3,38,41,82,34,15,64,47,160,36,0,36,196
09/09/2020,FAT,CA,AWP,WE,Combined TRACON& Tower with Radar,44,22,32,17,115,1,2,38,101,142,45,24,70,118,257,8,0,8,265
09/10/2020,FAT,CA,AWP,WE,Combined TRACON& Tower with Radar,49,14,32,13,108,0,2,38,20,60,49,16,70,33,168,40,2,42,210
09/11/2020,FAT,CA,AWP,WE,Combined TRACON& Tower with Radar,48,16,32,14,110,0,3,37,14,54,48,19,69,28,164,16,24,40,204
09/12/2020,FAT,CA,AWP,WE,Combined TRACON& Tower with Radar,37,17,27,24,105,0,1,22,8,31,37,18,49,32,136,0,0,0,136
09/13/2020,FAT,CA,AWP,WE,Combined TRACON& Tower with Radar,41,10,47,35,133,0,0,1,1,2,41,10,48,36,135,0,0,0,135
09/14/2020,FAT,CA,AWP,WE,Combined TRACON& Tower with Radar,47,14,41,23,125,0,0,1,1,2,47,14,42,24,127,0,0,0,127
09/15/2020,FAT,CA,AWP,WE,Combined TRACON& Tower with Radar,38,12,75,24,149,0,0,7,1,8,38,12,82,25,157,0,0,0,157
09/16/2020,FAT,CA,AWP,WE,Combined TRACON& Tower with Radar,43,12,52,24,131,0,0,2,1,3,43,12,54,25,134,0,0,0,134
09/17/2020,FAT,CA,AWP,WE,Combined TRACON& Tower with Radar,47,15,40,21,123,0,2,24,5,31,47,17,64,26,154,2,0,2,156
09/18/2020,FAT,CA,AWP,WE,Combined TRACON& Tower with Radar,45,12,34,10,101,2,10,61,13,86,47,22,95,23,187,40,0,40,227
09/19/2020,FAT,CA,AWP,WE,Combined TRACON& Tower with Radar,39,14,20,0,73,0,13,85,15,113,39,27,105,15,186,40,0,40,226
09/20/2020,FAT,CA,AWP,WE,Combined TRACON& Tower with Radar,41,14,29,1,85,0,6,76,20,102,41,20,105,21,187,24,0,24,211
09/21/2020,FAT,CA,AWP,WE,Combined TRACON& Tower with Radar,47,13,22,5,87,0,7,77,31,115,47,20,99,36,202,24,0,24,226
09/22/2020,FAT,CA,AWP,WE,Combined TRACON& Tower with Radar,39,17,31,8,95,0,11,73,56,140,39,28,104,64,235,18,4,22,257
09/23/2020,FAT,CA,AWP,WE,Combined TRACON& Tower with Radar,45,14,20,8,87,0,10,106,19,135,45,24,126,27,222,66,0,66,288
09/24/2020,FAT,CA,AWP,WE,Combined TRACON& Tower with Radar,48,10,18,12,88,0,4,93,20,117,48,14,111,32,205,8,0,8,213
09/25/2020,FAT,CA,AWP,WE,Combined TRACON& Tower with Radar,47,10,14,7,78,0,13,89,23,125,47,23,103,30,203,30,0,30,233
09/26/2020,FAT,CA,AWP,WE,Combined TRACON& Tower with Radar,36,9,28,4,77,0,6,85,14,105,36,15,113,18,182,10,0,10,192
09/27/2020,FAT,CA,AWP,WE,Combined TRACON& Tower with Radar,44,8,19,2,73,1,0,59,16,76,45,8,78,18,149,0,0,0,149
09/28/2020,FAT,CA,AWP,WE,Combined TRACON& Tower with Radar,45,8,20,2,75,0,6,64,13,83,45,14,84,15,158,26,0,26,184
09/29/2020,FAT,CA,AWP,WE,Combined TRACON& Tower with Radar,37,7,17,11,72,0,5,72,14,91,37,12,89,25,163,10,0,10,173
09/30/2020,FAT,CA,AWP,WE,Combined TRACON& Tower with Radar,45,17,26,10,98,0,9,68,8,85,45,26,94,18,183,0,0,0,183
10/01/2020,FAT,CA,AWP,WE,Combined TRACON& Tower with Radar,48,18,28,20,114,0,8,69,18,95,48,26,97,38,209,24,4,28,237
10/02/2020,FAT,CA,AWP,WE,Combined TRACON& Tower with Radar,46,19,25,6,96,0,5,46,10,61,46,24,71,16,157,4,0,4,161
10/03/2020,FAT,CA,AWP,WE,Combined TRACON& Tower with Radar,39,25,21,8,93,0,3,24,3,30,39,28,45,11,123,6,0,6,129
10/04/2020,FAT,CA,AWP,WE,Combined TRACON& Tower with Radar,45,21,13,3,82,0,5,27,2,34,45,26,40,5,116,40,0,40,156
10/05/2020,FAT,CA,AWP,WE,Combined TRACON& Tower with Radar,61,16,15,4,96,0,1,40,4,45,61,17,55,8,141,16,0,16,157
10/06/2020,FAT,CA,AWP,WE,Combined TRACON& Tower with Radar,41,14,33,13,101,0,2,42,7,51,41,16,75,20,152,0,4,4,156
10/07/2020,FAT,CA,AWP,WE,Combined TRACON& Tower with Radar,43,12,30,19,104,0,5,45,6,56,43,17,75,25,160,0,0,0,160
10/08/2020,FAT,CA,AWP,WE,Combined TRACON& Tower with Radar,48,18,26,15,107,0,5,69,9,83,48,23,95,24,190,0,4,4,194
10/09/2020,FAT,CA,AWP,WE,Combined TRACON& Tower with Radar,48,19,27,2,96,0,8,114,10,132,48,27,141,12,228,22,0,22,250
10/10/2020,FAT,CA,AWP,WE,Combined TRACON& Tower with Radar,38,13,26,0,77,0,12,71,11,94,38,25,97,11,171,10,0,10,181
10/11/2020,FAT,CA,AWP,WE,Combined TRACON& Tower with Radar,44,15,16,0,75,0,12,80,3,95,44,27,96,3,170,22,0,22,192
10/12/2020,FAT,CA,AWP,WE,Combined TRACON& Tower with Radar,48,13,17,0,78,0,8,87,6,101,48,21,104,6,179,30,0,30,209
10/13/2020,FAT,CA,AWP,WE,Combined TRACON& Tower with Radar,42,12,13,12,79,0,7,92,11,110,42,19,105,23,189,36,0,36,225
10/14/2020,FAT,CA,AWP,WE,Combined TRACON& Tower with Radar,46,15,14,13,88,0,7,115,11,133,46,22,129,24,221,16,6,22,243
10/15/2020,FAT,CA,AWP,WE,Combined TRACON& Tower with Radar,45,19,18,12,94,0,4,122,7,133,45,23,140,19,227,20,8,28,255
10/16/2020,FAT,CA,AWP,WE,Combined TRACON& Tower with Radar,49,16,36,8,109,0,3,106,10,119,49,19,142,18,228,8,0,8,236
10/17/2020,FAT,CA,AWP,WE,Combined TRACON& Tower with Radar,37,16,19,0,72,0,7,91,11,109,37,23,110,11,181,8,0,8,189
10/18/2020,FAT,CA,AWP,WE,Combined TRACON& Tower with Radar,42,15,30,0,87,0,4,87,10,101,42,19,117,10,188,38,0,38,226
10/19/2020,FAT,CA,AWP,WE,Combined TRACON& Tower with Radar,47,18,16,2,83,0,5,83,7,95,47,23,99,9,178,0,6,6,184
10/20/2020,FAT,CA,AWP,WE,Combined TRACON& Tower with Radar,44,12,37,11,104,0,3,105,12,120,44,15,142,23,224,4,6,10,234
10/21/2020,FAT,CA,AWP,WE,Combined TRACON& Tower with Radar,44,12,25,27,108,0,3,88,11,102,44,15,113,38,210,12,34,46,256
10/22/2020,FAT,CA,AWP,WE,Combined TRACON& Tower with Radar,45,15,35,17,112,0,6,91,17,114,45,21,126,34,226,14,20,34,260
10/23/2020,FAT,CA,AWP,WE,Combined TRACON& Tower with Radar,48,20,34,6,108,0,6,120,12,138,48,26,154,18,246,14,6,20,266
10/24/2020,FAT,CA,AWP,WE,Combined TRACON& Tower with Radar,42,22,19,0,83,0,10,67,6,83,42,32,86,6,166,24,0,24,190
10/25/2020,FAT,CA,AWP,WE,Combined TRACON& Tower with Radar,43,14,24,2,83,0,5,61,4,70,43,19,85,6,153,12,0,12,165
10/26/2020,FAT,CA,AWP,WE,Combined TRACON& Tower with Radar,47,20,25,2,94,0,3,57,3,63,47,23,82,5,157,0,0,0,157
10/27/2020,FAT,CA,AWP,WE,Combined TRACON& Tower with Radar,45,8,8,4,65,0,6,95,23,124,45,14,103,27,189,8,26,34,223
10/28/2020,FAT,CA,AWP,WE,Combined TRACON& Tower with Radar,45,13,38,8,104,0,10,93,11,114,45,23,131,19,218,0,0,0,218
10/29/2020,FAT,CA,AWP,WE,Combined TRACON& Tower with Radar,47,22,24,4,97,0,15,98,11,124,47,37,122,15,221,0,0,0,221
10/30/2020,FAT,CA,AWP,WE,Combined TRACON& Tower with Radar,49,19,25,6,99,0,17,103,10,130,49,36,128,16,229,56,0,56,285
10/31/2020,FAT,CA,AWP,WE,Combined TRACON& Tower with Radar,33,16,20,3,72,0,13,59,1,73,33,29,79,4,145,80,0,80,225
11/01/2020,FAT,CA,AWP,WE,Combined TRACON& Tower with Radar,39,19,19,0,77,0,5,75,2,82,39,24,94,2,159,34,0,34,193
11/02/2020,FAT,CA,AWP,WE,Combined TRACON& Tower with Radar,51,16,25,4,96,0,5,78,5,88,51,21,103,9,184,40,0,40,224
11/03/2020,FAT,CA,AWP,WE,Combined TRACON& Tower with Radar,39,11,19,9,78,0,10,71,5,86,39,21,90,14,164,32,8,40,204
11/04/2020,FAT,CA,AWP,WE,Combined TRACON& Tower with Radar,37,21,20,2,80,0,9,89,3,101,37,30,109,5,181,4,0,4,185
11/05/2020,FAT,CA,AWP,WE,Combined TRACON& Tower with Radar,45,22,23,5,95,0,7,105,10,122,45,29,128,15,217,8,0,8,225
11/06/2020,FAT,CA,AWP,WE,Combined TRACON& Tower with Radar,42,18,16,3,79,0,6,57,2,65,42,24,73,5,144,8,0,8,152
11/07/2020,FAT,CA,AWP,WE,Combined TRACON& Tower with Radar,38,14,20,3,75,0,2,18,1,21,38,16,38,4,96,8,0,8,104
11/08/2020,FAT,CA,AWP,WE,Combined TRACON& Tower with Radar,38,15,11,3,67,0,1,21,1,23,38,16,32,4,90,36,0,36,126
11/09/2020,FAT,CA,AWP,WE,Combined TRACON& Tower with Radar,45,20,21,2,88,0,4,88,2,94,45,24,109,4,182,30,0,30,212
11/10/2020,FAT,CA,AWP,WE,Combined TRACON& Tower with Radar,38,13,19,8,78,0,10,106,8,124,38,23,125,16,202,48,0,48,250
11/11/2020,FAT,CA,AWP,WE,Combined TRACON& Tower with Radar,41,18,22,3,84,0,7,80,0,87,41,25,102,3,171,98,0,98,269
11/12/2020,FAT,CA,AWP,WE,Combined TRACON& Tower with Radar,46,14,16,3,79,0,10,86,6,102,46,24,102,9,181,124,2,126,307
11/13/2020,FAT,CA,AWP,WE,Combined TRACON& Tower with Radar,50,21,26,0,97,0,6,76,3,85,50,27,102,3,182,124,0,124,306
11/14/2020,FAT,CA,AWP,WE,Combined TRACON& Tower with Radar,44,19,13,5,81,0,7,72,2,81,44,26,85,7,162,68,0,68,230
11/15/2020,FAT,CA,AWP,WE,Combined TRACON& Tower with Radar,41,19,27,1,88,0,6,50,4,60,41,25,77,5,148,0,0,0,148
11/16/2020,FAT,CA,AWP,WE,Combined TRACON& Tower with Radar,49,24,17,0,90,0,12,59,1,72,49,36,76,1,162,0,0,0,162
11/17/2020,FAT,CA,AWP,WE,Combined TRACON& Tower with Radar,40,13,20,7,80,0,4,75,9,88,40,17,95,16,168,68,12,80,248
11/18/2020,FAT,CA,AWP,WE,Combined TRACON& Tower with Radar,42,19,41,13,115,0,2,48,3,53,42,21,89,16,168,58,8,66,234
11/19/2020,FAT,CA,AWP,WE,Combined TRACON& Tower with Radar,46,14,22,9,91,0,10,95,11,116,46,24,117,20,207,82,8,90,297
11/20/2020,FAT,CA,AWP,WE,Combined TRACON& Tower with Radar,47,12,16,6,81,0,7,85,4,96,47,19,101,10,177,96,4,100,277
11/21/2020,FAT,CA,AWP,WE,Combined TRACON& Tower with Radar,43,14,14,2,73,0,6,83,4,93,43,20,97,6,166,78,12,90,256
11/22/2020,FAT,CA,AWP,WE,Combined TRACON& Tower with Radar,42,19,22,0,83,0,4,54,2,60,42,23,76,2,143,12,0,12,155
11/23/2020,FAT,CA,AWP,WE,Combined TRACON& Tower with Radar,49,11,21,6,87,0,7,74,11,92,49,18,95,17,179,108,6,114,293
11/24/2020,FAT,CA,AWP,WE,Combined TRACON& Tower with Radar,50,22,20,7,99,0,5,80,11,96,50,27,100,18,195,58,0,58,253
11/25/2020,FAT,CA,AWP,WE,Combined TRACON& Tower with Radar,49,21,19,4,93,0,2,63,2,67,49,23,82,6,160,40,0,40,200
11/26/2020,FAT,CA,AWP,WE,Combined TRACON& Tower with Radar,30,11,1,0,42,0,3,27,0,30,30,14,28,0,72,12,0,12,84
11/27/2020,FAT,CA,AWP,WE,Combined TRACON& Tower with Radar,48,19,19,0,86,0,1,59,0,60,48,20,78,0,146,4,0,4,150
11/28/2020,FAT,CA,AWP,WE,Combined TRACON& Tower with Radar,45,17,25,0,87,0,4,55,0,59,45,21,80,0,146,0,0,0,146
11/29/2020,FAT,CA,AWP,WE,Combined TRACON& Tower with Radar,43,28,24,0,95,0,1,50,0,51,43,29,74,0,146,0,0,0,146
11/30/2020,FAT,CA,AWP,WE,Combined TRACON& Tower with Radar,52,23,14,8,97,0,5,52,12,69,52,28,66,20,166,64,0,64,230
12/01/2020,FAT,CA,AWP,WE,Combined TRACON& Tower with Radar,50,22,15,11,98,0,5,72,9,86,50,27,87,20,184,68,4,72,256
12/02/2020,FAT,CA,AWP,WE,Combined TRACON& Tower with Radar,45,19,26,16,106,0,2,71,7,80,45,21,97,23,186,48,4,52,238
12/03/2020,FAT,CA,AWP,WE,Combined TRACON& Tower with Radar,49,19,28,4,100,0,5,67,13,85,49,24,95,17,185,118,0,118,303
12/04/2020,FAT,CA,AWP,WE,Combined TRACON& Tower with Radar,50,18,22,7,97,0,7,75,7,89,50,25,97,14,186,18,4,22,208
12/05/2020,FAT,CA,AWP,WE,Combined TRACON& Tower with Radar,39,14,25,11,89,0,9,68,12,89,39,23,93,23,178,60,12,72,250
12/06/2020,FAT,CA,AWP,WE,Combined TRACON& Tower with Radar,42,20,16,0,78,0,5,63,1,69,42,25,79,1,147,42,0,42,189
12/07/2020,FAT,CA,AWP,WE,Combined TRACON& Tower with Radar,48,14,11,0,73,0,5,64,3,72,48,19,75,3,145,82,20,102,247
12/08/2020,FAT,CA,AWP,WE,Combined TRACON& Tower with Radar,45,15,9,11,80,0,3,65,11,79,45,18,74,22,159,0,0,0,159
12/09/2020,FAT,CA,AWP,WE,Combined TRACON& Tower with Radar,48,10,22,17,97,0,6,74,10,90,48,16,96,27,187,70,2,72,259
12/10/2020,FAT,CA,AWP,WE,Combined TRACON& Tower with Radar,52,17,24,7,100,0,5,87,9,101,52,22,111,16,201,58,0,58,259
12/11/2020,FAT,CA,AWP,WE,Combined TRACON& Tower with Radar,57,15,23,4,99,0,7,73,20,100,57,22,96,24,199,106,18,124,323
12/12/2020,FAT,CA,AWP,WE,Combined TRACON& Tower with Radar,42,14,19,3,78,0,2,8,0,10,42,16,27,3,88,0,0,0,88
12/13/2020,FAT,CA,AWP,WE,Combined TRACON& Tower with Radar,46,18,22,13,99,0,0,18,0,18,46,18,40,13,117,14,0,14,131
12/14/2020,FAT,CA,AWP,WE,Combined TRACON& Tower with Radar,50,27,38,28,143,0,7,42,3,52,50,34,80,31,195,26,0,26,221
12/15/2020,FAT,CA,AWP,WE,Combined TRACON& Tower with Radar,46,20,15,11,92,0,5,71,6,82,46,25,86,17,174,12,6,18,192
12/16/2020,FAT,CA,AWP,WE,Combined TRACON& Tower with Radar,46,16,22,20,104,0,4,81,7,92,46,20,103,27,196,50,0,50,246
12/17/2020,FAT,CA,AWP,WE,Combined TRACON& Tower with Radar,57,17,49,21,144,0,6,49,6,61,57,23,98,27,205,30,8,38,243
12/18/2020,FAT,CA,AWP,WE,Combined TRACON& Tower with Radar,57,12,43,10,122,0,6,33,2,41,57,18,76,12,163,0,0,0,163
12/19/2020,FAT,CA,AWP,WE,Combined TRACON& Tower with Radar,54,15,22,2,93,0,1,26,1,28,54,16,48,3,121,56,0,56,177
12/20/2020,FAT,CA,AWP,WE,Combined TRACON& Tower with Radar,38,11,20,0,69,0,0,2,0,2,38,11,22,0,71,0,0,0,71
12/21/2020,FAT,CA,AWP,WE,Combined TRACON& Tower with Radar,41,18,35,5,99,0,0,8,0,8,41,18,43,5,107,14,0,14,121
12/22/2020,FAT,CA,AWP,WE,Combined TRACON& Tower with Radar,56,16,25,9,106,0,0,0,0,0,56,16,25,9,106,0,0,0,106
12/23/2020,FAT,CA,AWP,WE,Combined TRACON& Tower with Radar,57,23,42,8,130,0,2,26,0,28,57,25,68,8,158,12,0,12,170
12/24/2020,FAT,CA,AWP,WE,Combined TRACON& Tower with Radar,41,11,16,0,68,0,4,28,0,32,41,15,44,0,100,4,0,4,104
12/25/2020,FAT,CA,AWP,WE,Combined TRACON& Tower with Radar,30,12,4,0,46,0,2,14,0,16,30,14,18,0,62,0,0,0,62
12/26/2020,FAT,CA,AWP,WE,Combined TRACON& Tower with Radar,50,16,19,0,85,0,4,25,0,29,50,20,44,0,114,0,0,0,114
12/27/2020,FAT,CA,AWP,WE,Combined TRACON& Tower with Radar,48,19,18,0,85,0,2,43,0,45,48,21,61,0,130,22,0,22,152
12/28/2020,FAT,CA,AWP,WE,Combined TRACON& Tower with Radar,54,15,20,2,91,1,10,50,2,63,55,25,70,4,154,0,0,0,154
12/29/2020,FAT,CA,AWP,WE,Combined TRACON& Tower with Radar,53,15,16,10,94,0,12,82,3,97,53,27,98,13,191,44,8,52,243
12/30/2020,FAT,CA,AWP,WE,Combined TRACON& Tower with Radar,63,19,24,10,116,0,3,61,0,64,63,22,85,10,180,70,0,70,250
12/31/2020,FAT,CA,AWP,WE,Combined TRACON& Tower with Radar,42,20,32,0,94,0,0,13,0,13,42,20,45,0,107,14,0,14,121
01/01/2021,FAT,CA,AWP,WE,Combined TRACON& Tower with Radar,43,16,20,0,79,0,3,38,0,41,43,19,58,0,120,42,0,42,162
01/02/2021,FAT,CA,AWP,WE,Combined TRACON& Tower with Radar,52,14,22,0,88,0,7,76,0,83,52,21,98,0,171,16,0,16,187
01/03/2021,FAT,CA,AWP,WE,Combined TRACON& Tower with Radar,54,15,10,0,79,0,4,41,0,45,54,19,51,0,124,0,0,0,124
01/04/2021,FAT,CA,AWP,WE,Combined TRACON& Tower with Radar,55,13,27,7,102,0,6,43,4,53,55,19,70,11,155,0,0,0,155
01/05/2021,FAT,CA,AWP,WE,Combined TRACON& Tower with Radar,40,14,23,4,81,0,4,56,5,65,40,18,79,9,146,32,0,32,178
01/06/2021,FAT,CA,AWP,WE,Combined TRACON& Tower with Radar,44,22,27,20,113,0,6,30,2,38,44,28,57,22,151,20,0,20,171
01/07/2021,FAT,CA,AWP,WE,Combined TRACON& Tower with Radar,40,12,33,6,91,0,1,18,1,20,40,13,51,7,111,0,0,0,111
01/08/2021,FAT,CA,AWP,WE,Combined TRACON& Tower with Radar,44,19,21,9,93,0,0,13,2,15,44,19,34,11,108,28,0,28,136
01/09/2021,FAT,CA,AWP,WE,Combined TRACON& Tower with Radar,34,14,31,10,89,0,0,9,0,9,34,14,40,10,98,0,0,0,98
01/10/2021,FAT,CA,AWP,WE,Combined TRACON& Tower with Radar,42,16,10,0,68,0,3,46,0,49,42,19,56,0,117,16,0,16,133
01/11/2021,FAT,CA,AWP,WE,Combined TRACON& Tower with Radar,42,17,23,2,84,0,4,40,7,51,42,21,63,9,135,6,4,10,145
01/12/2021,FAT,CA,AWP,WE,Combined TRACON& Tower with Radar,40,14,39,8,101,0,3,49,13,65,40,17,88,21,166,12,22,34,200
01/13/2021,FAT,CA,AWP,WE,Combined TRACON& Tower with Radar,38,18,34,21,111,0,1,55,9,65,38,19,89,30,176,14,14,28,204
01/14/2021,FAT,CA,AWP,WE,Combined TRACON& Tower with Radar,48,17,23,25,113,0,1,69,9,79,48,18,92,34,192,20,22,42,234
01/15/2021,FAT,CA,AWP,WE,Combined TRACON& Tower with Radar,42,16,35,3,96,0,2,75,4,81,42,18,110,7,177,0,0,0,177
01/16/2021,FAT,CA,AWP,WE,Combined TRACON& Tower with Radar,34,14,28,1,77,0,5,34,1,40,34,19,62,2,117,0,0,0,117
01/17/2021,FAT,CA,AWP,WE,Combined TRACON& Tower with Radar,41,12,20,0,73,0,2,46,0,48,41,14,66,0,121,4,0,4,125
01/18/2021,FAT,CA,AWP,WE,Combined TRACON& Tower with Radar,41,18,12,2,73,0,13,57,0,70,41,31,69,2,143,28,0,28,171
01/19/2021,FAT,CA,AWP,WE,Combined TRACON& Tower with Radar,39,9,11,15,74,0,3,56,12,71,39,12,67,27,145,14,12,26,171
01/20/2021,FAT,CA,AWP,WE,Combined TRACON& Tower with Radar,39,9,23,18,89,0,10,95,8,113,39,19,118,26,202,40,36,76,278
01/21/2021,FAT,CA,AWP,WE,Combined TRACON& Tower with Radar,48,17,27,5,97,0,9,89,10,108,48,26,116,15,205,30,28,58,263
01/22/2021,FAT,CA,AWP,WE,Combined TRACON& Tower with Radar,43,20,30,7,100,0,6,37,5,48,43,26,67,12,148,18,0,18,166
01/23/2021,FAT,CA,AWP,WE,Combined TRACON& Tower with Radar,33,20,21,0,74,0,7,39,4,50,33,27,60,4,124,10,0,10,134
01/24/2021,FAT,CA,AWP,WE,Combined TRACON& Tower with Radar,42,14,32,0,88,0,10,21,0,31,42,24,53,0,119,0,0,0,119
01/25/2021,FAT,CA,AWP,WE,Combined TRACON& Tower with Radar,42,19,27,8,96,0,5,41,3,49,42,24,68,11,145,0,0,0,145
01/26/2021,FAT,CA,AWP,WE,Combined TRACON& Tower with Radar,40,18,25,11,94,0,3,95,7,105,40,21,120,18,199,30,6,36,235
01/27/2021,FAT,CA,AWP,WE,Combined TRACON& Tower with Radar,40,20,16,0,76,0,4,17,0,21,40,24,33,0,97,6,0,6,103
01/28/2021,FAT,CA,AWP,WE,Combined TRACON& Tower with Radar,47,23,33,11,114,0,0,4,0,4,47,23,37,11,118,0,8,8,126
01/29/2021,FAT,CA,AWP,WE,Combined TRACON& Tower with Radar,43,14,20,7,84,0,2,55,1,58,43,16,75,8,142,38,0,38,180
01/30/2021,FAT,CA,AWP,WE,Combined TRACON& Tower with Radar,31,13,28,0,72,0,7,72,0,79,31,20,100,0,151,22,0,22,173
01/31/2021,FAT,CA,AWP,WE,Combined TRACON& Tower with Radar,43,15,26,0,84,0,1,57,0,58,43,16,83,0,142,24,0,24,166
02/01/2021,FAT,CA,AWP,WE,Combined TRACON& Tower with Radar,41,19,35,16,111,0,3,72,18,93,41,22,107,34,204,40,16,56,260
02/02/2021,FAT,CA,AWP,WE,Combined TRACON& Tower with Radar,40,10,26,22,98,0,9,55,10,74,40,19,81,32,172,6,0,6,178
02/03/2021,FAT,CA,AWP,WE,Combined TRACON& Tower with Radar,40,14,39,16,109,0,9,74,18,101,40,23,113,34,210,30,16,46,256
02/04/2021,FAT,CA,AWP,WE,Combined TRACON& Tower with Radar,47,15,33,16,111,0,6,60,8,74,47,21,93,24,185,50,22,72,257
02/05/2021,FAT,CA,AWP,WE,Combined TRACON& Tower with Radar,43,19,21,25,108,0,6,114,13,133,43,25,135,38,241,0,0,0,241
02/06/2021,FAT,CA,AWP,WE,Combined TRACON& Tower with Radar,34,12,20,10,76,0,10,81,12,103,34,22,101,22,179,32,0,32,211
02/07/2021,FAT,CA,AWP,WE,Combined TRACON& Tower with Radar,43,12,18,0,73,0,3,81,0,84,43,15,99,0,157,42,0,42,199
02/08/2021,FAT,CA,AWP,WE,Combined TRACON& Tower with Radar,39,19,20,0,78,0,4,73,1,78,39,23,93,1,156,34,0,34,190
02/09/2021,FAT,CA,AWP,WE,Combined TRACON& Tower with Radar,41,12,27,22,102,0,4,64,11,79,41,16,91,33,181,112,2,114,295
02/10/2021,FAT,CA,AWP,WE,Combined TRACON& Tower with Radar,42,14,27,15,98,0,2,98,17,117,42,16,125,32,215,38,0,38,253
02/11/2021,FAT,CA,AWP,WE,Combined TRACON& Tower with Radar,52,16,31,11,110,0,5,72,5,82,52,21,103,16,192,44,0,44,236
02/12/2021,FAT,CA,AWP,WE,Combined TRACON& Tower with Radar,49,13,34,8,104,0,2,55,0,57,49,15,89,8,161,28,0,28,189
02/13/2021,FAT,CA,AWP,WE,Combined TRACON& Tower with Radar,29,13,16,0,58,0,7,28,0,35,29,20,44,0,93,36,0,36,129
02/14/2021,FAT,CA,AWP,WE,Combined TRACON& Tower with Radar,30,13,17,0,60,0,2,41,0,43,30,15,58,0,103,0,0,0,103
02/15/2021,FAT,CA,AWP,WE,Combined TRACON& Tower with Radar,42,20,39,0,101,0,4,44,0,48,42,24,83,0,149,0,0,0,149
02/16/2021,FAT,CA,AWP,WE,Combined TRACON& Tower with Radar,39,14,27,10,90,0,4,72,4,80,39,18,99,14,170,44,0,44,214
02/17/2021,FAT,CA,AWP,WE,Combined TRACON& Tower with Radar,41,13,16,14,84,0,3,73,5,81,41,16,89,19,165,74,4,78,243
02/18/2021,FAT,CA,AWP,WE,Combined TRACON& Tower with Radar,48,17,39,9,113,0,1,98,4,103,48,18,137,13,216,38,6,44,260
02/19/2021,FAT,CA,AWP,WE,Combined TRACON& Tower with Radar,50,17,19,14,100,0,2,75,13,90,50,19,94,27,190,30,2,32,222
02/20/2021,FAT,CA,AWP,WE,Combined TRACON& Tower with Radar,37,21,15,2,75,0,8,39,2,49,37,29,54,4,124,6,0,6,130
02/21/2021,FAT,CA,AWP,WE,Combined TRACON& Tower with Radar,41,17,13,1,72,0,4,56,2,62,41,21,69,3,134,44,0,44,178
02/22/2021,FAT,CA,AWP,WE,Combined TRACON& Tower with Radar,45,14,14,0,73,0,2,97,3,102,45,16,111,3,175,36,0,36,211
02/23/2021,FAT,CA,AWP,WE,Combined TRACON& Tower with Radar,41,16,27,22,106,0,5,78,12,95,41,21,105,34,201,0,0,0,201
02/24/2021,FAT,CA,AWP,WE,Combined TRACON& Tower with Radar,43,12,29,10,94,0,8,66,6,80,43,20,95,16,174,0,0,0,174
02/25/2021,FAT,CA,AWP,WE,Combined TRACON& Tower with Radar,50,18,24,7,99,0,9,96,10,115,50,27,120,17,214,20,0,20,234
02/26/2021,FAT,CA,AWP,WE,Combined TRACON& Tower with Radar,47,15,17,2,81,0,3,97,5,105,47,18,114,7,186,34,0,34,220
02/27/2021,FAT,CA,AWP,WE,Combined TRACON& Tower with Radar,41,14,19,1,75,0,9,68,2,79,41,23,87,3,154,4,0,4,158
02/28/2021,FAT,CA,AWP,WE,Combined TRACON& Tower with Radar,40,14,25,1,80,0,8,87,0,95,40,22,112,1,175,64,0,64,239
03/01/2021,FAT,CA,AWP,WE,Combined TRACON& Tower with Radar,45,14,30,8,97,0,7,63,4,74,45,21,93,12,171,52,0,52,223
03/02/2021,FAT,CA,AWP,WE,Combined TRACON& Tower with Radar,45,16,17,10,88,0,5,84,19,108,45,21,101,29,196,28,0,28,224
03/03/2021,FAT,CA,AWP,WE,Combined TRACON& Tower with Radar,41,17,15,4,77,0,6,81,15,102,41,23,96,19,179,54,34,88,267
03/04/2021,FAT,CA,AWP,WE,Combined TRACON& Tower with Radar,49,22,36,1,108,0,4,90,4,98,49,26,126,5,206,32,12,44,250
03/05/2021,FAT,CA,AWP,WE,Combined TRACON& Tower with Radar,48,19,27,12,106,0,9,91,3,103,48,28,118,15,209,66,8,74,283
03/06/2021,FAT,CA,AWP,WE,Combined TRACON& Tower with Radar,44,17,18,10,89,0,7,39,10,56,44,24,57,20,145,8,12,20,165
03/07/2021,FAT,CA,AWP,WE,Combined TRACON& Tower with Radar,40,18,14,5,77,0,6,74,4,84,40,24,88,9,161,22,0,22,183
03/08/2021,FAT,CA,AWP,WE,Combined TRACON& Tower with Radar,46,17,21,17,101,0,2,56,16,74,46,19,77,33,175,20,0,20,195
03/09/2021,FAT,CA,AWP,WE,Combined TRACON& Tower with Radar,46,19,18,4,87,0,10,83,9,102,46,29,101,13,189,24,14,38,227
03/10/2021,FAT,CA,AWP,WE,Combined TRACON& Tower with Radar,42,20,23,15,100,0,1,29,9,39,42,21,52,24,139,14,6,20,159
03/11/2021,FAT,CA,AWP,WE,Combined TRACON& Tower with Radar,50,28,35,10,123,0,4,63,2,69,50,32,98,12,192,72,6,78,270
03/12/2021,FAT,CA,AWP,WE,Combined TRACON& Tower with Radar,50,20,28,2,100,0,3,97,7,107,50,23,125,9,207,54,0,54,261
03/13/2021,FAT,CA,AWP,WE,Combined TRACON& Tower with Radar,40,27,14,1,82,0,18,81,6,105,40,45,95,7,187,30,4,34,221
03/14/2021,FAT,CA,AWP,WE,Combined TRACON& Tower with Radar,43,22,32,1,98,0,6,70,8,84,43,28,102,9,182,8,0,8,190
03/15/2021,FAT,CA,AWP,WE,Combined TRACON& Tower with Radar,47,24,36,5,112,0,2,39,2,43,47,26,75,7,155,0,0,0,155
03/16/2021,FAT,CA,AWP,WE,Combined TRACON& Tower with Radar,45,16,18,8,87,0,8,75,15,98,45,24,93,23,185,86,10,96,281
03/17/2021,FAT,CA,AWP,WE,Combined TRACON& Tower with Radar,42,16,26,10,94,0,9,88,6,103,42,25,114,16,197,0,0,0,197
03/18/2021,FAT,CA,AWP,WE,Combined TRACON& Tower with Radar,47,15,33,15,110,0,8,73,18,99,47,23,106,33,209,22,2,24,233
03/19/2021,FAT,CA,AWP,WE,Combined TRACON& Tower with Radar,52,23,47,10,132,0,2,24,3,29,52,25,71,13,161,28,0,28,189
03/20/2021,FAT,CA,AWP,WE,Combined TRACON& Tower with Radar,43,18,17,0,78,0,11,70,0,81,43,29,87,0,159,82,0,82,241
03/21/2021,FAT,CA,AWP,WE,Combined TRACON& Tower with Radar,46,18,20,3,87,0,7,100,3,110,46,25,120,6,197,18,0,18,215
03/22/2021,FAT,CA,AWP,WE,Combined TRACON& Tower with Radar,47,15,18,7,87,0,6,75,7,88,47,21,93,14,175,30,6,36,211
03/23/2021,FAT,CA,AWP,WE,Combined TRACON& Tower with Radar,46,14,21,10,91,0,6,74,4,84,46,20,95,14,175,20,8,28,203
03/24/2021,FAT,CA,AWP,WE,Combined TRACON& Tower with Radar,48,22,22,12,104,0,6,94,9,109,48,28,116,21,213,40,34,74,287
03/25/2021,FAT,CA,AWP,WE,Combined TRACON& Tower with Radar,48,21,38,8,115,0,9,120,18,147,48,30,158,26,262,78,0,78,340
03/26/2021,FAT,CA,AWP,WE,Combined TRACON& Tower with Radar,54,19,31,11,115,0,10,110,7,127,54,29,141,18,242,20,10,30,272
03/27/2021,FAT,CA,AWP,WE,Combined TRACON& Tower with Radar,43,16,16,2,77,0,11,92,1,104,43,27,108,3,181,64,0,64,245
03/28/2021,FAT,CA,AWP,WE,Combined TRACON& Tower with Radar,47,14,25,0,86,0,6,82,1,89,47,20,107,1,175,48,0,48,223
03/29/2021,FAT,CA,AWP,WE,Combined TRACON& Tower with Radar,50,20,17,17,104,0,9,93,8,110,50,29,110,25,214,72,6,78,292
03/30/2021,FAT,CA,AWP,WE,Combined TRACON& Tower with Radar,47,19,23,23,112,0,15,84,15,114,47,34,107,38,226,64,26,90,316
03/31/2021,FAT,CA,AWP,WE,Combined TRACON& Tower with Radar,46,15,31,15,107,0,7,104,6,117,46,22,135,21,224,26,0,26,250
04/01/2021,FAT,CA,AWP,WE,Combined TRACON& Tower with Radar,48,16,20,15,99,0,12,125,17,154,48,28,145,32,253,64,0,64,317
04/02/2021,FAT,CA,AWP,WE,Combined TRACON& Tower with Radar,55,14,34,1,104,0,11,98,3,112,55,25,132,4,216,58,0,58,274
04/03/2021,FAT,CA,AWP,WE,Combined TRACON& Tower with Radar,44,19,10,0,73,0,7,76,0,83,44,26,86,0,156,0,0,0,156
04/04/2021,FAT,CA,AWP,WE,Combined TRACON& Tower with Radar,51,19,17,0,87,0,3,58,0,61,51,22,75,0,148,10,0,10,158
04/05/2021,FAT,CA,AWP,WE,Combined TRACON& Tower with Radar,56,19,17,5,97,0,9,110,9,128,56,28,127,14,225,0,18,18,243
04/06/2021,FAT,CA,AWP,WE,Combined TRACON& Tower with Radar,53,11,20,22,106,0,11,93,15,119,53,22,113,37,225,66,18,84,309
04/07/2021,FAT,CA,AWP,WE,Combined TRACON& Tower with Radar,54,13,20,9,96,0,7,98,10,115,54,20,118,19,211,20,0,20,231
04/08/2021,FAT,CA,AWP,WE,Combined TRACON& Tower with Radar,60,16,27,12,115,0,7,108,7,122,60,23,135,19,237,60,10,70,307
04/09/2021,FAT,CA,AWP,WE,Combined TRACON& Tower with Radar,57,16,28,10,111,0,11,136,7,154,57,27,164,17,265,84,0,84,349
04/10/2021,FAT,CA,AWP,WE,Combined TRACON& Tower with Radar,50,17,13,8,88,0,15,66,5,86,50,32,79,13,174,46,10,56,230
04/11/2021,FAT,CA,AWP,WE,Combined TRACON& Tower with Radar,53,12,17,0,82,0,7,78,0,85,53,19,95,0,167,58,0,58,225
04/12/2021,FAT,CA,AWP,WE,Combined TRACON& Tower with Radar,56,18,16,0,90,0,14,82,4,100,56,32,98,4,190,118,0,118,308
04/13/2021,FAT,CA,AWP,WE,Combined TRACON& Tower with Radar,53,14,17,8,92,0,6,68,8,82,53,20,85,16,174,14,20,34,208
04/14/2021,FAT,CA,AWP,WE,Combined TRACON& Tower with Radar,50,17,33,5,105,0,5,77,4,86,50,22,110,9,191,2,0,2,193
04/15/2021,FAT,CA,AWP,WE,Combined TRACON& Tower with Radar,58,16,20,9,103,0,7,124,5,136,58,23,144,14,239,0,2,2,241
04/16/2021,FAT,CA,AWP,WE,Combined TRACON& Tower with Radar,57,17,22,8,104,0,10,82,1,93,57,27,104,9,197,0,0,0,197
04/17/2021,FAT,CA,AWP,WE,Combined TRACON& Tower with Radar,51,17,18,0,86,0,7,73,1,81,51,24,91,1,167,0,0,0,167
04/18/2021,FAT,CA,AWP,WE,Combined TRACON& Tower with Radar,53,13,17,0,83,0,6,68,0,74,53,19,85,0,157,10,0,10,167
04/19/2021,FAT,CA,AWP,WE,Combined TRACON& Tower with Radar,53,19,25,4,101,0,3,102,11,116,53,22,127,15,217,42,0,42,259
04/20/2021,FAT,CA,AWP,WE,Combined TRACON& Tower with Radar,53,14,26,20,113,0,10,123,16,149,53,24,149,36,262,34,0,34,296
04/21/2021,FAT,CA,AWP,WE,Combined TRACON& Tower with Radar,52,9,36,7,104,0,5,103,11,119,52,14,139,18,223,52,10,62,285
04/22/2021,FAT,CA,AWP,WE,Combined TRACON& Tower with Radar,60,22,45,3,130,0,15,107,9,131,60,37,152,12,261,66,18,84,345
04/23/2021,FAT,CA,AWP,WE,Combined TRACON& Tower with Radar,58,20,23,11,112,0,10,90,6,106,58,30,113,17,218,22,10,32,250
04/24/2021,FAT,CA,AWP,WE,Combined TRACON& Tower with Radar,49,17,15,9,90,0,13,68,3,84,49,30,83,12,174,0,0,0,174
04/25/2021,FAT,CA,AWP,WE,Combined TRACON& Tower with Radar,60,21,34,5,120,0,5,18,1,24,60,26,52,6,144,10,0,10,154
04/26/2021,FAT,CA,AWP,WE,Combined TRACON& Tower with Radar,62,13,25,3,103,0,1,65,0,66,62,14,90,3,169,0,0,0,169
04/27/2021,FAT,CA,AWP,WE,Combined TRACON& Tower with Radar,62,11,32,1,106,0,6,117,6,129,62,17,149,7,235,0,0,0,235
04/28/2021,FAT,CA,AWP,WE,Combined TRACON& Tower with Radar,58,14,24,4,100,0,5,110,8,123,58,19,134,12,223,38,6,44,267
04/29/2021,FAT,CA,AWP,WE,Combined TRACON& Tower with Radar,65,17,23,3,108,0,7,118,7,132,65,24,141,10,240,36,8,44,284
04/30/2021,FAT,CA,AWP,WE,Combined TRACON& Tower with Radar,68,15,21,10,114,0,6,106,8,120,68,21,127,18,234,28,10,38,272
05/01/2021,FAT,CA,AWP,WE,Combined TRACON& Tower with Radar,59,15,27,2,103,0,15,76,1,92,59,30,103,3,195,0,10,10,205
05/02/2021,FAT,CA,AWP,WE,Combined TRACON& Tower with Radar,62,13,21,0,96,0,3,74,0,77,62,16,95,0,173,0,0,0,173
05/03/2021,FAT,CA,AWP,WE,Combined TRACON& Tower with Radar,64,15,19,0,98,0,4,71,4,79,64,19,90,4,177,14,0,14,191
05/04/2021,FAT,CA,AWP,WE,Combined TRACON& Tower with Radar,63,11,29,8,111,0,7,98,16,121,63,18,127,24,232,0,0,0,232
05/05/2021,FAT,CA,AWP,WE,Combined TRACON& Tower with Radar,60,9,20,11,100,0,6,94,7,107,60,15,114,18,207,0,0,0,207
05/06/2021,FAT,CA,AWP,WE,Combined TRACON& Tower with Radar,78,18,13,10,119,0,6,107,15,128,78,24,120,25,247,0,0,0,247
05/07/2021,FAT,CA,AWP,WE,Combined TRACON& Tower with Radar,76,13,19,1,109,0,5,86,10,101,76,18,105,11,210,80,0,80,290
05/08/2021,FAT,CA,AWP,WE,Combined TRACON& Tower with Radar,65,12,15,0,92,0,9,65,3,77,65,21,80,3,169,30,8,38,207
05/09/2021,FAT,CA,AWP,WE,Combined TRACON& Tower with Radar,68,15,9,0,92,0,6,60,1,67,68,21,69,1,159,18,0,18,177
05/10/2021,FAT,CA,AWP,WE,Combined TRACON& Tower with Radar,73,16,16,4,109,2,4,83,3,92,75,20,99,7,201,20,44,64,265
05/11/2021,FAT,CA,AWP,WE,Combined TRACON& Tower with Radar,64,10,26,8,108,0,12,85,4,101,64,22,111,12,209,70,6,76,285
05/12/2021,FAT,CA,AWP,WE,Combined TRACON& Tower with Radar,67,17,42,7,133,0,11,94,4,109,67,28,136,11,242,48,12,60,302
05/13/2021,FAT,CA,AWP,WE,Combined TRACON& Tower with Radar,76,13,15,0,104,0,8,96,6,110,76,21,111,6,214,36,6,42,256
05/14/2021,FAT,CA,AWP,WE,Combined TRACON& Tower with Radar,71,11,33,8,123,1,2,90,15,108,72,13,123,23,231,104,12,116,347
05/15/2021,FAT,CA,AWP,WE,Combined TRACON& Tower with Radar,70,16,18,0,104,0,10,62,0,72,70,26,80,0,176,16,0,16,192
05/16/2021,FAT,CA,AWP,WE,Combined TRACON& Tower with Radar,66,21,27,0,114,0,3,66,2,71,66,24,93,2,185,43,0,43,228
05/17/2021,FAT,CA,AWP,WE,Combined TRACON& Tower with Radar,74,18,27,7,126,0,5,73,4,82,74,23,100,11,208,36,12,48,256
05/18/2021,FAT,CA,AWP,WE,Combined TRACON& Tower with Radar,71,18,30,10,129,0,8,77,12,97,71,26,107,22,226,72,8,80,306
05/19/2021,FAT,CA,AWP,WE,Combined TRACON& Tower with Radar,70,13,30,9,122,0,3,76,11,90,70,16,106,20,212,32,20,52,264
05/20/2021,FAT,CA,AWP,WE,Combined TRACON& Tower with Radar,81,18,10,10,119,0,8,75,10,93,81,26,85,20,212,24,4,28,240
05/21/2021,FAT,CA,AWP,WE,Combined TRACON& Tower with Radar,75,18,22,2,117,0,4,83,22,109,75,22,105,24,226,52,2,54,280
05/22/2021,FAT,CA,AWP,WE,Combined TRACON& Tower with Radar,72,11,16,0,99,0,10,58,1,69,72,21,74,1,168,0,0,0,168
05/23/2021,FAT,CA,AWP,WE,Combined TRACON& Tower with Radar,68,14,23,0,105,0,4,93,2,99,68,18,116,2,204,38,0,38,242
05/24/2021,FAT,CA,AWP,WE,Combined TRACON& Tower with Radar,73,18,18,0,109,0,5,96,5,106,73,23,114,5,215,26,0,26,241
05/25/2021,FAT,CA,AWP,WE,Combined TRACON& Tower with Radar,72,10,27,13,122,0,3,76,11,90,72,13,103,24,212,0,0,0,212
05/26/2021,FAT,CA,AWP,WE,Combined TRACON& Tower with Radar,70,14,23,4,111,0,7,94,8,109,70,21,117,12,220,17,14,31,251
05/27/2021,FAT,CA,AWP,WE,Combined TRACON& Tower with Radar,80,13,20,12,125,0,7,131,17,155,80,20,151,29,280,42,2,44,324
05/28/2021,FAT,CA,AWP,WE,Combined TRACON& Tower with Radar,74,15,33,2,124,0,7,109,5,121,74,22,142,7,245,52,0,52,297
05/29/2021,FAT,CA,AWP,WE,Combined TRACON& Tower with Radar,72,18,14,0,104,0,8,80,1,89,72,26,94,1,193,32,0,32,225
05/30/2021,FAT,CA,AWP,WE,Combined TRACON& Tower with Radar,71,19,9,0,99,0,7,53,1,61,71,26,62,1,160,0,0,0,160
05/31/2021,FAT,CA,AWP,WE,Combined TRACON& Tower with Radar,71,14,16,0,101,0,11,78,44,133,71,25,94,44,234,22,0,22,256
06/01/2021,FAT,CA,AWP,WE,Combined TRACON& Tower with Radar,72,19,33,17,141,0,4,64,12,80,72,23,97,29,221,60,14,74,295
06/02/2021,FAT,CA,AWP,WE,Combined TRACON& Tower with Radar,69,16,13,14,112,0,6,75,12,93,69,22,88,26,205,60,18,78,283
06/03/2021,FAT,CA,AWP,WE,Combined TRACON& Tower with Radar,74,22,10,8,114,0,3,80,18,101,74,25,90,26,215,42,0,42,257
06/04/2021,FAT,CA,AWP,WE,Combined TRACON& Tower with Radar,75,30,28,11,144,0,4,96,10,110,75,34,124,21,254,2,0,2,256
06/05/2021,FAT,CA,AWP,WE,Combined TRACON& Tower with Radar,72,22,12,7,113,0,6,50,6,62,72,28,62,13,175,46,2,48,223
06/06/2021,FAT,CA,AWP,WE,Combined TRACON& Tower with Radar,66,22,25,0,113,0,8,68,34,110,66,30,93,34,223,8,0,8,231
06/07/2021,FAT,CA,AWP,WE,Combined TRACON& Tower with Radar,71,27,17,9,124,0,6,66,7,79,71,33,83,16,203,28,4,32,235
06/08/2021,FAT,CA,AWP,WE,Combined TRACON& Tower with Radar,76,23,19,5,123,0,4,86,7,97,76,27,105,12,220,14,12,26,246
06/09/2021,FAT,CA,AWP,WE,Combined TRACON& Tower with Radar,74,25,23,7,129,0,13,95,20,128,74,38,118,27,257,62,14,76,333
06/10/2021,FAT,CA,AWP,WE,Combined TRACON& Tower with Radar,78,25,25,11,139,0,6,107,19,132,78,31,132,30,271,20,10,30,301
06/11/2021,FAT,CA,AWP,WE,Combined TRACON& Tower with Radar,78,23,43,6,150,0,2,111,5,118,78,25,154,11,268,16,0,16,284
06/12/2021,FAT,CA,AWP,WE,Combined TRACON& Tower with Radar,70,26,23,1,120,0,22,97,11,130,70,48,120,12,250,18,0,18,268
06/13/2021,FAT,CA,AWP,WE,Combined TRACON& Tower with Radar,64,18,22,0,104,0,7,71,7,85,64,25,93,7,189,0,0,0,189
06/14/2021,FAT,CA,AWP,WE,Combined TRACON& Tower with Radar,80,24,19,13,136,0,4,75,15,94,80,28,94,28,230,24,12,36,266
06/15/2021,FAT,CA,AWP,WE,Combined TRACON& Tower with Radar,71,25,20,14,130,0,8,92,16,116,71,33,112,30,246,2,22,24,270
06/16/2021,FAT,CA,AWP,WE,Combined TRACON& Tower with Radar,75,19,29,12,135,0,7,111,23,141,75,26,140,35,276,10,0,10,286
06/17/2021,FAT,CA,AWP,WE,Combined TRACON& Tower with Radar,75,25,23,5,128,0,7,113,14,134,75,32,136,19,262,12,0,12,274
06/18/2021,FAT,CA,AWP,WE,Combined TRACON& Tower with Radar,75,30,37,2,144,1,24,122,15,162,76,54,159,17,306,14,0,14,320
06/19/2021,FAT,CA,AWP,WE,Combined TRACON& Tower with Radar,68,24,27,6,125,0,11,68,14,93,68,35,95,20,218,8,8,16,234
06/20/2021,FAT,CA,AWP,WE,Combined TRACON& Tower with Radar,67,21,13,1,102,0,5,54,14,73,67,26,67,15,175,44,12,56,231
06/21/2021,FAT,CA,AWP,WE,Combined TRACON& Tower with Radar,75,25,26,10,136,1,9,91,13,114,76,34,117,23,250,6,12,18,268
06/22/2021,FAT,CA,AWP,WE,Combined TRACON& Tower with Radar,72,18,24,5,119,3,13,95,20,131,75,31,119,25,250,66,0,66,316
06/23/2021,FAT,CA,AWP,WE,Combined TRACON& Tower with Radar,74,19,26,21,140,1,10,96,17,124,75,29,122,38,264,0,0,0,264
06/24/2021,FAT,CA,AWP,WE,Combined TRACON& Tower with Radar,78,18,40,8,144,0,5,107,19,131,78,23,147,27,275,40,12,52,327
06/25/2021,FAT,CA,AWP,WE,Combined TRACON& Tower with Radar,74,18,22,5,119,0,7,95,12,114,74,25,117,17,233,20,6,26,259
06/26/2021,FAT,CA,AWP,WE,Combined TRACON& Tower with Radar,69,19,11,2,101,0,11,70,9,90,69,30,81,11,191,0,0,0,191
06/27/2021,FAT,CA,AWP,WE,Combined TRACON& Tower with Radar,69,22,35,1,127,0,2,83,10,95,69,24,118,11,222,22,0,22,244
06/28/2021,FAT,CA,AWP,WE,Combined TRACON& Tower with Radar,74,21,31,14,140,1,11,98,15,125,75,32,129,29,265,67,4,71,336
06/29/2021,FAT,CA,AWP,WE,Combined TRACON& Tower with Radar,74,23,27,25,149,0,8,94,58,160,74,31,121,83,309,28,34,62,371
06/30/2021,FAT,CA,AWP,WE,Combined TRACON& Tower with Radar,77,22,31,10,140,0,2,109,30,141,77,24,140,40,281,34,4,38,319
07/01/2021,FAT,CA,AWP,WE,Combined TRACON& Tower with Radar,77,24,37,12,150,0,7,111,13,131,77,31,148,25,281,0,0,0,281
07/02/2021,FAT,CA,AWP,WE,Combined TRACON& Tower with Radar,76,31,26,4,137,0,5,96,6,107,76,36,122,10,244,42,0,42,286
07/03/2021,FAT,CA,AWP,WE,Combined TRACON& Tower with Radar,67,19,17,0,103,0,8,69,7,84,67,27,86,7,187,14,0,14,201
07/04/2021,FAT,CA,AWP,WE,Combined TRACON& Tower with Radar,63,20,5,1,89,0,8,41,21,70,63,28,46,22,159,4,0,4,163
07/05/2021,FAT,CA,AWP,WE,Combined TRACON& Tower with Radar,72,26,23,0,121,0,3,93,7,103,72,29,116,7,224,0,0,0,224
07/06/2021,FAT,CA,AWP,WE,Combined TRACON& Tower with Radar,72,27,17,10,126,2,12,99,11,124,74,39,116,21,250,0,0,0,250
07/07/2021,FAT,CA,AWP,WE,Combined TRACON& Tower with Radar,78,25,19,10,132,0,10,102,11,123,78,35,121,21,255,42,28,70,325
07/08/2021,FAT,CA,AWP,WE,Combined TRACON& Tower with Radar,82,26,21,10,139,0,11,95,7,113,82,37,116,17,252,14,0,14,266
07/09/2021,FAT,CA,AWP,WE,Combined TRACON& Tower with Radar,80,40,22,6,148,0,7,90,1,98,80,47,112,7,246,42,0,42,288
07/10/2021,FAT,CA,AWP,WE,Combined TRACON& Tower with Radar,67,28,13,1,109,0,12,59,5,76,67,40,72,6,185,8,12,20,205
07/11/2021,FAT,CA,AWP,WE,Combined TRACON& Tower with Radar,64,29,19,2,114,0,8,71,99,178,64,37,90,101,292,12,0,12,304
07/12/2021,FAT,CA,AWP,WE,Combined TRACON& Tower with Radar,76,20,14,4,114,0,2,122,47,171,76,22,136,51,285,60,0,60,345
07/13/2021,FAT,CA,AWP,WE,Combined TRACON& Tower with Radar,80,20,18,12,130,0,8,106,94,208,80,28,124,106,338,36,14,50,388
07/14/2021,FAT,CA,AWP,WE,Combined TRACON& Tower with Radar,76,24,30,20,150,0,8,101,43,152,76,32,131,63,302,20,42,62,364
07/15/2021,FAT,CA,AWP,WE,Combined TRACON& Tower with Radar,80,21,38,8,147,0,8,108,35,151,80,29,146,43,298,2,2,4,302
07/16/2021,FAT,CA,AWP,WE,Combined TRACON& Tower with Radar,80,26,27,10,143,0,7,104,18,129,80,33,131,28,272,12,12,24,296
07/17/2021,FAT,CA,AWP,WE,Combined TRACON& Tower with Radar,71,30,27,4,132,0,11,70,6,87,71,41,97,10,219,22,24,46,265
07/18/2021,FAT,CA,AWP,WE,Combined TRACON& Tower with Radar,70,26,35,0,131,0,7,59,2,68,70,33,94,2,199,20,0,20,219
07/19/2021,FAT,CA,AWP,WE,Combined TRACON& Tower with Radar,81,22,11,5,119,0,8,83,18,109,81,30,94,23,228,14,4,18,246
07/20/2021,FAT,CA,AWP,WE,Combined TRACON& Tower with Radar,78,19,15,11,123,0,11,85,11,107,78,30,100,22,230,28,6,34,264
07/21/2021,FAT,CA,AWP,WE,Combined TRACON& Tower with Radar,76,24,19,9,128,0,7,89,13,109,76,31,108,22,237,22,0,22,259
07/22/2021,FAT,CA,AWP,WE,Combined TRACON& Tower with Radar,79,24,26,17,146,0,7,101,13,121,79,31,127,30,267,0,0,0,267
07/23/2021,FAT,CA,AWP,WE,Combined TRACON& Tower with Radar,77,28,34,6,145,0,4,84,8,96,77,32,118,14,241,2,0,2,243
07/24/2021,FAT,CA,AWP,WE,Combined TRACON& Tower with Radar,67,25,14,0,106,0,12,65,3,80,67,37,79,3,186,30,0,30,216
07/25/2021,FAT,CA,AWP,WE,Combined TRACON& Tower with Radar,73,23,33,0,129,0,8,78,5,91,73,31,111,5,220,12,0,12,232
07/26/2021,FAT,CA,AWP,WE,Combined TRACON& Tower with Radar,82,26,26,9,143,0,6,83,6,95,82,32,109,15,238,28,4,32,270
07/27/2021,FAT,CA,AWP,WE,Combined TRACON& Tower with Radar,73,20,22,18,133,0,3,74,25,102,73,23,96,43,235,12,64,76,311
07/28/2021,FAT,CA,AWP,WE,Combined TRACON& Tower with Radar,75,21,21,5,122,0,3,82,10,95,75,24,103,15,217,10,0,10,227
07/29/2021,FAT,CA,AWP,WE,Combined TRACON& Tower with Radar,74,16,38,16,144,0,2,77,9,88,74,18,115,25,232,0,0,0,232
07/30/2021,FAT,CA,AWP,WE,Combined TRACON& Tower with Radar,72,23,23,3,121,0,5,87,8,100,72,28,110,11,221,54,0,54,275
07/31/2021,FAT,CA,AWP,WE,Combined TRACON& Tower with Radar,69,19,21,1,110,0,12,71,4,87,69,31,92,5,197,44,0,44,241
08/01/2021,FAT,CA,AWP,WE,Combined TRACON& Tower with Radar,67,23,24,0,114,0,6,69,7,82,67,29,93,7,196,16,0,16,212
08/02/2021,FAT,CA,AWP,WE,Combined TRACON& Tower with Radar,73,20,12,5,110,0,6,88,15,109,73,26,100,20,219,2,2,4,223
08/03/2021,FAT,CA,AWP,WE,Combined TRACON& Tower with Radar,73,19,19,8,119,0,7,99,13,119,73,26,118,21,238,22,0,22,260
08/04/2021,FAT,CA,AWP,WE,Combined TRACON& Tower with Radar,78,22,27,6,133,1,7,104,8,120,79,29,131,14,253,24,20,44,297
08/05/2021,FAT,CA,AWP,WE,Combined TRACON& Tower with Radar,76,26,24,0,126,0,2,106,3,111,76,28,130,3,237,10,0,10,247
08/06/2021,FAT,CA,AWP,WE,Combined TRACON& Tower with Radar,75,27,35,8,145,0,4,93,11,108,75,31,128,19,253,22,12,34,287
08/07/2021,FAT,CA,AWP,WE,Combined TRACON& Tower with Radar,65,30,29,2,126,0,11,30,6,47,65,41,59,8,173,12,0,12,185
08/08/2021,FAT,CA,AWP,WE,Combined TRACON& Tower with Radar,70,29,31,5,135,0,7,35,2,44,70,36,66,7,179,46,0,46,225
08/09/2021,FAT,CA,AWP,WE,Combined TRACON& Tower with Radar,73,26,22,8,129,0,10,92,4,106,73,36,114,12,235,24,12,36,271
08/10/2021,FAT,CA,AWP,WE,Combined TRACON& Tower with Radar,76,26,19,8,129,0,4,112,8,124,76,30,131,16,253,54,8,62,315
08/11/2021,FAT,CA,AWP,WE,Combined TRACON& Tower with Radar,81,23,39,1,144,0,10,109,5,124,81,33,148,6,268,22,6,28,296
08/12/2021,FAT,CA,AWP,WE,Combined TRACON& Tower with Radar,79,24,30,11,144,0,4,91,8,103,79,28,121,19,247,34,4,38,285
08/13/2021,FAT,CA,AWP,WE,Combined TRACON& Tower with Radar,74,25,27,4,130,0,6,90,3,99,74,31,117,7,229,18,16,34,263
08/14/2021,FAT,CA,AWP,WE,Combined TRACON& Tower with Radar,65,22,18,0,105,0,7,70,5,82,65,29,88,5,187,6,0,6,193
08/15/2021,FAT,CA,AWP,WE,Combined TRACON& Tower with Radar,68,22,32,0,122,0,10,72,19,101,68,32,104,19,223,0,0,0,223
08/16/2021,FAT,CA,AWP,WE,Combined TRACON& Tower with Radar,81,21,37,5,144,0,4,69,10,83,81,25,106,15,227,20,30,50,277
08/17/2021,FAT,CA,AWP,WE,Combined TRACON& Tower with Radar,69,24,28,6,127,0,6,82,17,105,69,30,110,23,232,0,0,0,232
08/18/2021,FAT,CA,AWP,WE,Combined TRACON& Tower with Radar,77,23,26,10,136,0,9,85,18,112,77,32,111,28,248,18,14,32,280
08/19/2021,FAT,CA,AWP,WE,Combined TRACON& Tower with Radar,81,28,36,19,164,0,6,56,6,68,81,34,92,25,232,0,20,20,252
08/20/2021,FAT,CA,AWP,WE,Combined TRACON& Tower with Radar,72,33,51,0,156,0,4,55,15,74,72,37,106,15,230,8,0,8,238
08/21/2021,FAT,CA,AWP,WE,Combined TRACON& Tower with Radar,63,33,34,1,131,1,11,47,5,64,64,44,81,6,195,38,0,38,233
08/22/2021,FAT,CA,AWP,WE,Combined TRACON& Tower with Radar,62,35,27,0,124,0,7,51,7,65,62,42,78,7,189,28,0,28,217
08/23/2021,FAT,CA,AWP,WE,Combined TRACON& Tower with Radar,79,28,23,6,136,0,5,87,6,98,79,33,110,12,234,22,4,26,260
08/24/2021,FAT,CA,AWP,WE,Combined TRACON& Tower with Radar,69,22,23,8,122,0,9,90,14,113,69,31,113,22,235,12,0,12,247
08/25/2021,FAT,CA,AWP,WE,Combined TRACON& Tower with Radar,72,30,28,16,146,0,3,109,23,135,72,33,137,39,281,18,14,32,313
08/26/2021,FAT,CA,AWP,WE,Combined TRACON& Tower with Radar,77,29,18,3,127,0,5,90,16,111,77,34,108,19,238,26,0,26,264
08/27/2021,FAT,CA,AWP,WE,Combined TRACON& Tower with Radar,79,27,19,5,130,0,8,82,13,103,79,35,101,18,233,0,0,0,233
08/28/2021,FAT,CA,AWP,WE,Combined TRACON& Tower with Radar,64,25,16,3,108,0,8,57,10,75,64,33,73,13,183,8,0,8,191
08/29/2021,FAT,CA,AWP,WE,Combined TRACON& Tower with Radar,63,23,30,0,116,0,6,48,12,66,63,29,78,12,182,12,0,12,194
08/30/2021,FAT,CA,AWP,WE,Combined TRACON& Tower with Radar,74,25,12,0,111,0,3,66,16,85,74,28,78,16,196,0,12,12,208
08/31/2021,FAT,CA,AWP,WE,Combined TRACON& Tower with Radar,70,24,22,4,120,0,11,81,9,101,70,35,103,13,221,0,26,26,247
09/01/2021,FAT,CA,AWP,WE,Combined TRACON& Tower with Radar,75,23,37,9,144,0,11,91,16,118,75,34,128,25,262,48,6,54,316
09/02/2021,FAT,CA,AWP,WE,Combined TRACON& Tower with Radar,76,32,29,4,141,0,8,91,6,105,76,40,120,10,246,26,4,30,276
09/03/2021,FAT,CA,AWP,WE,Combined TRACON& Tower with Radar,80,28,27,2,137,0,8,116,2,126,80,36,143,4,263,20,0,20,283
09/04/2021,FAT,CA,AWP,WE,Combined TRACON& Tower with Radar,65,26,18,0,109,0,12,75,2,89,65,38,93,2,198,22,0,22,220
09/05/2021,FAT,CA,AWP,WE,Combined TRACON& Tower with Radar,57,25,16,0,98,0,3,52,2,57,57,28,68,2,155,24,0,24,179
09/06/2021,FAT,CA,AWP,WE,Combined TRACON& Tower with Radar,75,29,29,0,133,0,12,96,2,110,75,41,125,2,243,34,0,34,277
09/07/2021,FAT,CA,AWP,WE,Combined TRACON& Tower with Radar,69,23,19,8,119,0,5,100,22,127,69,28,119,30,246,22,0,22,268
09/08/2021,FAT,CA,AWP,WE,Combined TRACON& Tower with Radar,73,31,23,2,129,0,8,91,10,109,73,39,114,12,238,24,0,24,262
09/09/2021,FAT,CA,AWP,WE,Combined TRACON& Tower with Radar,73,27,38,7,145,0,11,73,16,100,73,38,111,23,245,8,16,24,269
09/10/2021,FAT,CA,AWP,WE,Combined TRACON& Tower with Radar,79,26,26,11,142,0,8,104,19,131,79,34,130,30,273,26,10,36,309
09/11/2021,FAT,CA,AWP,WE,Combined TRACON& Tower with Radar,61,18,17,1,97,0,7,82,30,119,61,25,99,31,216,30,10,40,256
09/12/2021,FAT,CA,AWP,WE,Combined TRACON& Tower with Radar,63,35,23,0,121,0,8,85,13,106,63,43,108,13,227,38,0,38,265
09/13/2021,FAT,CA,AWP,WE,Combined TRACON& Tower with Radar,76,28,24,10,138,0,6,96,21,123,76,34,120,31,261,0,14,14,275
09/14/2021,FAT,CA,AWP,WE,Combined TRACON& Tower with Radar,69,21,20,8,118,0,11,86,17,114,69,32,106,25,232,18,16,34,266
09/15/2021,FAT,CA,AWP,WE,Combined TRACON& Tower with Radar,66,22,29,35,152,0,8,105,43,156,66,30,134,78,308,12,40,52,360
09/16/2021,FAT,CA,AWP,WE,Combined TRACON& Tower with Radar,72,36,27,12,147,1,4,106,11,122,73,40,133,23,269,0,20,20,289
09/17/2021,FAT,CA,AWP,WE,Combined TRACON& Tower with Radar,72,33,24,7,136,0,8,130,2,140,72,41,154,9,276,40,0,40,316
09/18/2021,FAT,CA,AWP,WE,Combined TRACON& Tower with Radar,61,23,23,2,109,0,14,69,6,89,61,37,92,8,198,2,0,2,200
09/19/2021,FAT,CA,AWP,WE,Combined TRACON& Tower with Radar,62,28,29,1,120,0,6,65,8,79,62,34,94,9,199,8,0,8,207
09/20/2021,FAT,CA,AWP,WE,Combined TRACON& Tower with Radar,74,22,19,6,121,0,4,99,7,110,74,26,118,13,231,12,0,12,243
09/21/2021,FAT,CA,AWP,WE,Combined TRACON& Tower with Radar,67,21,27,1,116,0,4,91,11,106,67,25,118,12,222,20,0,20,242
09/22/2021,FAT,CA,AWP,WE,Combined TRACON& Tower with Radar,68,19,29,16,132,1,2,60,7,70,69,21,89,23,202,0,0,0,202
09/23/2021,FAT,CA,AWP,WE,Combined TRACON& Tower with Radar,71,25,19,4,119,2,5,100,11,118,73,30,119,15,237,6,0,6,243
09/24/2021,FAT,CA,AWP,WE,Combined TRACON& Tower with Radar,78,25,35,2,140,0,8,83,9,100,78,33,118,11,240,46,0,46,286
09/25/2021,FAT,CA,AWP,WE,Combined TRACON& Tower with Radar,60,24,26,2,112,0,7,31,6,44,60,31,57,8,156,4,0,4,160
09/26/2021,FAT,CA,AWP,WE,Combined TRACON& Tower with Radar,63,26,40,2,131,0,1,65,5,71,63,27,105,7,202,46,0,46,248
09/27/2021,FAT,CA,AWP,WE,Combined TRACON& Tower with Radar,74,20,24,10,128,0,6,72,9,87,74,26,96,19,215,58,0,58,273
09/28/2021,FAT,CA,AWP,WE,Combined TRACON& Tower with Radar,68,21,19,6,114,0,6,88,11,105,68,27,107,17,219,10,6,16,235
09/29/2021,FAT,CA,AWP,WE,Combined TRACON& Tower with Radar,68,20,26,9,123,0,4,99,8,111,68,24,125,17,234,36,0,36,270
09/30/2021,FAT,CA,AWP,WE,Combined TRACON& Tower with Radar,70,22,11,6,109,0,11,91,20,122,70,33,102,26,231,78,8,86,317
10/01/2021,FAT,CA,AWP,WE,Combined TRACON& Tower with Radar,79,20,36,3,138,0,7,75,6,88,79,27,111,9,226,40,0,40,266
10/02/2021,FAT,CA,AWP,WE,Combined TRACON& Tower with Radar,59,20,14,1,94,0,6,47,6,59,59,26,61,7,153,10,0,10,163
10/03/2021,FAT,CA,AWP,WE,Combined TRACON& Tower with Radar,63,22,59,2,146,0,0,18,1,19,63,22,77,3,165,0,0,0,165
10/04/2021,FAT,CA,AWP,WE,Combined TRACON& Tower with Radar,80,25,44,3,152,0,4,14,3,21,80,29,58,6,173,10,0,10,183
10/05/2021,FAT,CA,AWP,WE,Combined TRACON& Tower with Radar,68,20,35,7,130,0,3,31,2,36,68,23,66,9,166,32,0,32,198
10/06/2021,FAT,CA,AWP,WE,Combined TRACON& Tower with Radar,67,16,28,4,115,0,6,81,4,91,67,22,109,8,206,54,16,70,276
10/07/2021,FAT,CA,AWP,WE,Combined TRACON& Tower with Radar,73,21,38,8,140,0,4,113,13,130,73,25,151,21,270,60,0,60,330
10/08/2021,FAT,CA,AWP,WE,Combined TRACON& Tower with Radar,70,22,27,0,119,0,8,77,0,85,70,30,104,0,204,56,0,56,260
10/09/2021,FAT,CA,AWP,WE,Combined TRACON& Tower with Radar,54,20,43,1,118,0,13,120,5,138,54,33,163,6,256,26,0,26,282
10/10/2021,FAT,CA,AWP,WE,Combined TRACON& Tower with Radar,55,17,26,0,98,0,4,107,8,119,55,21,133,8,217,70,0,70,287
10/11/2021,FAT,CA,AWP,WE,Combined TRACON& Tower with Radar,67,17,29,0,113,0,0,36,4,40,67,17,65,4,153,34,0,34,187
10/12/2021,FAT,CA,AWP,WE,Combined TRACON& Tower with Radar,67,19,15,7,108,0,5,103,8,116,67,24,118,15,224,38,12,50,274
10/13/2021,FAT,CA,AWP,WE,Combined TRACON& Tower with Radar,67,16,24,6,113,0,6,97,12,115,67,22,121,18,228,110,2,112,340
10/14/2021,FAT,CA,AWP,WE,Combined TRACON& Tower with Radar,71,19,30,10,130,0,14,98,12,124,71,33,128,22,254,38,0,38,292
10/15/2021,FAT,CA,AWP,WE,Combined TRACON& Tower with Radar,72,23,33,0,128,0,7,121,11,139,72,30,154,11,267,144,26,170,437
10/16/2021,FAT,CA,AWP,WE,Combined TRACON& Tower with Radar,58,17,30,0,105,0,9,87,12,108,58,26,117,12,213,0,0,0,213
10/17/2021,FAT,CA,AWP,WE,Combined TRACON& Tower with Radar,63,16,28,0,107,0,5,85,15,105,63,21,113,15,212,38,0,38,250
10/18/2021,FAT,CA,AWP,WE,Combined TRACON& Tower with Radar,75,17,25,11,128,0,11,87,9,107,75,28,112,20,235,50,0,50,285
10/19/2021,FAT,CA,AWP,WE,Combined TRACON& Tower with Radar,69,27,18,10,124,0,7,76,20,103,69,34,94,30,227,70,28,98,325
10/20/2021,FAT,CA,AWP,WE,Combined TRACON& Tower with Radar,69,16,30,18,133,1,7,95,17,120,70,23,125,35,253,94,28,122,375
10/21/2021,FAT,CA,AWP,WE,Combined TRACON& Tower with Radar,63,16,50,19,148,0,7,105,17,129,63,23,155,36,277,42,10,52,329
10/22/2021,FAT,CA,AWP,WE,Combined TRACON& Tower with Radar,66,16,34,5,121,0,7,76,13,96,66,23,110,18,217,58,0,58,275
10/23/2021,FAT,CA,AWP,WE,Combined TRACON& Tower with Radar,54,17,24,1,96,0,13,51,2,66,54,30,75,3,162,0,0,0,162
10/24/2021,FAT,CA,AWP,WE,Combined TRACON& Tower with Radar,67,17,22,3,109,0,9,52,2,63,67,26,74,5,172,30,0,30,202
10/25/2021,FAT,CA,AWP,WE,Combined TRACON& Tower with Radar,74,20,27,0,121,0,1,16,4,21,74,21,43,4,142,6,0,6,148
10/26/2021,FAT,CA,AWP,WE,Combined TRACON& Tower with Radar,64,26,19,1,110,0,12,79,10,101,64,38,98,11,211,62,0,62,273
10/27/2021,FAT,CA,AWP,WE,Combined TRACON& Tower with Radar,66,14,27,0,107,0,6,117,0,123,66,20,144,0,230,96,0,96,326
10/28/2021,FAT,CA,AWP,WE,Combined TRACON& Tower with Radar,75,20,24,5,124,0,7,99,6,112,75,27,123,11,236,76,18,94,330
10/29/2021,FAT,CA,AWP,WE,Combined TRACON& Tower with Radar,71,17,53,5,146,0,3,58,5,66,71,20,111,10,212,56,4,60,272
10/30/2021,FAT,CA,AWP,WE,Combined TRACON& Tower with Radar,51,21,11,0,83,0,4,49,1,54,51,25,60,1,137,18,0,18,155
10/31/2021,FAT,CA,AWP,WE,Combined TRACON& Tower with Radar,52,22,20,2,96,0,9,63,0,72,52,31,83,2,168,20,2,22,190
11/01/2021,FAT,CA,AWP,WE,Combined TRACON& Tower with Radar,64,28,37,1,130,0,3,30,3,36,64,31,67,4,166,0,0,0,166
11/02/2021,FAT,CA,AWP,WE,Combined TRACON& Tower with Radar,56,28,20,9,113,0,4,87,6,97,56,32,107,15,210,86,12,98,308
11/03/2021,FAT,CA,AWP,WE,Combined TRACON& Tower with Radar,60,21,28,8,117,0,11,77,2,90,60,32,105,10,207,38,0,38,245
11/04/2021,FAT,CA,AWP,WE,Combined TRACON& Tower with Radar,63,23,39,5,130,0,3,93,3,99,63,26,132,8,229,62,0,62,291
11/05/2021,FAT,CA,AWP,WE,Combined TRACON& Tower with Radar,64,18,37,10,129,0,3,116,11,130,64,21,153,21,259,114,12,126,385
11/06/2021,FAT,CA,AWP,WE,Combined TRACON& Tower with Radar,47,24,31,3,105,0,11,91,8,110,47,35,122,11,215,0,0,0,215
11/07/2021,FAT,CA,AWP,WE,Combined TRACON& Tower with Radar,58,28,22,1,109,0,6,55,1,62,58,34,77,2,171,56,0,56,227
11/08/2021,FAT,CA,AWP,WE,Combined TRACON& Tower with Radar,63,21,29,2,115,0,4,85,1,90,63,25,114,3,205,26,22,48,253
11/09/2021,FAT,CA,AWP,WE,Combined TRACON& Tower with Radar,56,30,27,22,135,0,7,50,11,68,56,37,77,33,203,78,30,108,311
11/10/2021,FAT,CA,AWP,WE,Combined TRACON& Tower with Radar,62,27,40,6,135,0,7,44,0,51,62,34,84,6,186,14,0,14,200
11/11/2021,FAT,CA,AWP,WE,Combined TRACON& Tower with Radar,68,25,46,0,139,0,6,41,0,47,68,31,87,0,186,58,0,58,244
11/12/2021,FAT,CA,AWP,WE,Combined TRACON& Tower with Radar,66,25,33,0,124,0,3,63,3,69,66,28,96,3,193,102,0,102,295
11/13/2021,FAT,CA,AWP,WE,Combined TRACON& Tower with Radar,48,30,44,0,122,0,1,3,0,4,48,31,47,0,126,0,0,0,126
11/14/2021,FAT,CA,AWP,WE,Combined TRACON& Tower with Radar,58,23,54,0,135,0,1,19,0,20,58,24,73,0,155,16,0,16,171
11/15/2021,FAT,CA,AWP,WE,Combined TRACON& Tower with Radar,61,30,59,3,153,0,4,15,0,19,61,34,74,3,172,0,0,0,172
11/16/2021,FAT,CA,AWP,WE,Combined TRACON& Tower with Radar,59,27,47,6,139,0,2,15,1,18,59,29,62,7,157,22,0,22,179
11/17/2021,FAT,CA,AWP,WE,Combined TRACON& Tower with Radar,62,21,34,4,121,0,8,57,1,66,62,29,91,5,187,54,0,54,241
11/18/2021,FAT,CA,AWP,WE,Combined TRACON& Tower with Radar,69,27,42,9,147,0,2,35,3,40,69,29,77,12,187,16,0,16,203
11/19/2021,FAT,CA,AWP,WE,Combined TRACON& Tower with Radar,67,26,41,5,139,0,4,22,0,26,67,30,63,5,165,0,0,0,165
11/20/2021,FAT,CA,AWP,WE,Combined TRACON& Tower with Radar,52,21,44,2,119,0,5,14,0,19,52,26,58,2,138,14,0,14,152
11/21/2021,FAT,CA,AWP,WE,Combined TRACON& Tower with Radar,57,28,22,0,107,0,2,43,0,45,57,30,65,0,152,52,0,52,204
11/22/2021,FAT,CA,AWP,WE,Combined TRACON& Tower with Radar,66,22,35,9,132,0,0,29,1,30,66,22,64,10,162,6,2,8,170
11/23/2021,FAT,CA,AWP,WE,Combined TRACON& Tower with Radar,72,19,39,3,133,0,4,36,3,43,72,23,75,6,176,0,0,0,176
11/24/2021,FAT,CA,AWP,WE,Combined TRACON& Tower with Radar,72,22,41,0,135,0,3,49,1,53,72,25,90,1,188,34,0,34,222
11/25/2021,FAT,CA,AWP,WE,Combined TRACON& Tower with Radar,39,22,6,0,67,0,0,13,0,13,39,22,19,0,80,16,0,16,96
11/26/2021,FAT,CA,AWP,WE,Combined TRACON& Tower with Radar,55,23,14,0,92,0,7,64,0,71,55,30,78,0,163,78,0,78,241
11/27/2021,FAT,CA,AWP,WE,Combined TRACON& Tower with Radar,60,27,27,1,115,0,8,79,7,94,60,35,106,8,209,94,6,100,309
11/28/2021,FAT,CA,AWP,WE,Combined TRACON& Tower with Radar,65,19,24,0,108,0,3,67,2,72,65,22,91,2,180,10,0,10,190
11/29/2021,FAT,CA,AWP,WE,Combined TRACON& Tower with Radar,73,27,24,7,131,0,2,81,7,90,73,29,105,14,221,24,10,34,255
11/30/2021,FAT,CA,AWP,WE,Combined TRACON& Tower with Radar,67,19,17,2,105,0,4,78,3,85,67,23,95,5,190,74,14,88,278
12/01/2021,FAT,CA,AWP,WE,Combined TRACON& Tower with Radar,61,21,17,2,101,0,2,81,2,85,61,23,98,4,186,64,0,64,250
12/02/2021,FAT,CA,AWP,WE,Combined TRACON& Tower with Radar,65,20,36,13,134,0,6,68,19,93,65,26,104,32,227,72,16,88,315
12/03/2021,FAT,CA,AWP,WE,Combined TRACON& Tower with Radar,61,25,29,10,125,0,6,74,4,84,61,31,103,14,209,52,4,56,265
12/04/2021,FAT,CA,AWP,WE,Combined TRACON& Tower with Radar,47,14,31,1,93,0,0,23,1,24,47,14,54,2,117,0,0,0,117
12/05/2021,FAT,CA,AWP,WE,Combined TRACON& Tower with Radar,50,23,49,0,122,0,0,1,0,1,50,23,50,0,123,16,0,16,139
12/06/2021,FAT,CA,AWP,WE,Combined TRACON& Tower with Radar,61,23,44,4,132,0,0,1,0,1,61,23,45,4,133,0,4,4,137
12/07/2021,FAT,CA,AWP,WE,Combined TRACON& Tower with Radar,60,21,49,16,146,0,3,31,2,36,60,24,80,18,182,98,18,116,298
12/08/2021,FAT,CA,AWP,WE,Combined TRACON& Tower with Radar,59,21,40,0,120,0,4,36,3,43,59,25,76,3,163,0,0,0,163
12/09/2021,FAT,CA,AWP,WE,Combined TRACON& Tower with Radar,67,24,38,4,133,0,1,28,5,34,67,25,66,9,167,28,0,28,195
12/10/2021,FAT,CA,AWP,WE,Combined TRACON& Tower with Radar,65,21,40,2,128,0,4,59,4,67,65,25,99,6,195,46,0,46,241
12/11/2021,FAT,CA,AWP,WE,Combined TRACON& Tower with Radar,46,23,18,0,87,0,5,74,2,81,46,28,92,2,168,64,0,64,232
12/12/2021,FAT,CA,AWP,WE,Combined TRACON& Tower with Radar,57,31,33,0,121,0,1,52,2,55,57,32,85,2,176,0,0,0,176
12/13/2021,FAT,CA,AWP,WE,Combined TRACON& Tower with Radar,59,23,18,2,102,0,0,8,2,10,59,23,26,4,112,0,0,0,112
12/14/2021,FAT,CA,AWP,WE,Combined TRACON& Tower with Radar,68,16,12,5,101,0,0,15,0,15,68,16,27,5,116,0,0,0,116
12/15/2021,FAT,CA,AWP,WE,Combined TRACON& Tower with Radar,62,23,26,10,121,0,6,81,12,99,62,29,107,22,220,50,0,50,270
12/16/2021,FAT,CA,AWP,WE,Combined TRACON& Tower with Radar,64,24,38,14,140,0,4,27,6,37,64,28,65,20,177,20,0,20,197
12/17/2021,FAT,CA,AWP,WE,Combined TRACON& Tower with Radar,65,31,59,1,156,0,1,24,2,27,65,32,83,3,183,12,0,12,195
12/18/2021,FAT,CA,AWP,WE,Combined TRACON& Tower with Radar,58,21,29,0,108,0,3,40,0,43,58,24,69,0,151,0,0,0,151
12/19/2021,FAT,CA,AWP,WE,Combined TRACON& Tower with Radar,57,27,24,0,108,0,2,37,1,40,57,29,61,1,148,0,0,0,148
12/20/2021,FAT,CA,AWP,WE,Combined TRACON& Tower with Radar,61,20,39,2,122,0,0,1,0,1,61,20,40,2,123,0,0,0,123
12/21/2021,FAT,CA,AWP,WE,Combined TRACON& Tower with Radar,62,15,34,3,114,0,2,27,6,35,62,17,61,9,149,0,0,0,149
12/22/2021,FAT,CA,AWP,WE,Combined TRACON& Tower with Radar,66,21,36,3,126,0,1,21,3,25,66,22,57,6,151,0,0,0,151
12/23/2021,FAT,CA,AWP,WE,Combined TRACON& Tower with Radar,70,24,31,0,125,0,0,11,0,11,70,24,42,0,136,28,0,28,164
12/24/2021,FAT,CA,AWP,WE,Combined TRACON& Tower with Radar,52,16,14,0,82,0,1,21,2,24,52,17,35,2,106,0,0,0,106
12/25/2021,FAT,CA,AWP,WE,Combined TRACON& Tower with Radar,39,19,2,0,60,0,1,9,0,10,39,20,11,0,70,0,0,0,70
12/26/2021,FAT,CA,AWP,WE,Combined TRACON& Tower with Radar,49,18,44,2,113,0,8,52,2,62,49,26,96,4,175,26,0,26,201
12/27/2021,FAT,CA,AWP,WE,Combined TRACON& Tower with Radar,55,18,38,3,114,0,0,5,0,5,55,18,43,3,119,8,0,8,127
12/28/2021,FAT,CA,AWP,WE,Combined TRACON& Tower with Radar,58,26,32,1,117,0,3,20,2,25,58,29,52,3,142,68,0,68,210
12/29/2021,FAT,CA,AWP,WE,Combined TRACON& Tower with Radar,55,20,19,4,98,0,2,15,0,17,55,22,34,4,115,0,0,0,115
12/30/2021,FAT,CA,AWP,WE,Combined TRACON& Tower with Radar,63,20,37,2,122,0,3,35,0,38,63,23,72,2,160,0,0,0,160
12/31/2021,FAT,CA,AWP,WE,Combined TRACON& Tower with Radar,48,17,30,0,95,0,4,13,0,17,48,21,43,0,112,30,0,30,142
01/01/2022,FAT,CA,AWP,WE,Combined TRACON& Tower with Radar,38,14,14,0,66,0,5,29,0,34,38,19,43,0,100,16,0,16,116
01/02/2022,FAT,CA,AWP,WE,Combined TRACON& Tower with Radar,55,22,30,0,107,0,8,63,0,71,55,30,93,0,178,0,0,0,178
01/03/2022,FAT,CA,AWP,WE,Combined TRACON& Tower with Radar,56,20,25,0,101,0,4,53,1,58,56,24,78,1,159,30,0,30,189
01/04/2022,FAT,CA,AWP,WE,Combined TRACON& Tower with Radar,52,17,18,7,94,0,1,71,11,83,52,18,89,18,177,0,0,0,177
01/05/2022,FAT,CA,AWP,WE,Combined TRACON& Tower with Radar,49,19,44,17,129,0,3,47,3,53,49,22,91,20,182,38,0,38,220
01/06/2022,FAT,CA,AWP,WE,Combined TRACON& Tower with Radar,63,19,27,13,122,0,3,78,11,92,63,22,105,24,214,10,0,10,224
01/07/2022,FAT,CA,AWP,WE,Combined TRACON& Tower with Radar,57,17,35,4,113,0,1,26,5,32,57,18,61,9,145,4,0,4,149
01/08/2022,FAT,CA,AWP,WE,Combined TRACON& Tower with Radar,39,23,24,8,94,0,1,8,0,9,39,24,32,8,103,18,0,18,121
01/09/2022,FAT,CA,AWP,WE,Combined TRACON& Tower with Radar,48,12,23,1,84,0,2,52,4,58,48,14,75,5,142,4,16,20,162
01/10/2022,FAT,CA,AWP,WE,Combined TRACON& Tower with Radar,54,19,23,2,98,0,3,41,2,46,54,22,64,4,144,0,0,0,144
01/11/2022,FAT,CA,AWP,WE,Combined TRACON& Tower with Radar,52,18,20,20,110,0,1,53,6,60,52,19,73,26,170,0,0,0,170
01/12/2022,FAT,CA,AWP,WE,Combined TRACON& Tower with Radar,47,31,30,7,115,0,1,33,6,40,47,32,63,13,155,22,0,22,177
01/13/2022,FAT,CA,AWP,WE,Combined TRACON& Tower with Radar,66,17,11,17,111,0,2,63,9,74,66,19,74,26,185,20,0,20,205
01/14/2022,FAT,CA,AWP,WE,Combined TRACON& Tower with Radar,46,21,29,1,97,0,0,5,1,6,46,21,34,2,103,0,0,0,103
01/15/2022,FAT,CA,AWP,WE,Combined TRACON& Tower with Radar,38,28,27,1,94,0,0,6,0,6,38,28,33,1,100,0,0,0,100
01/16/2022,FAT,CA,AWP,WE,Combined TRACON& Tower with Radar,52,19,24,1,96,0,1,23,0,24,52,20,47,1,120,8,0,8,128
01/17/2022,FAT,CA,AWP,WE,Combined TRACON& Tower with Radar,55,28,15,5,103,1,4,57,3,65,56,32,72,8,168,18,0,18,186
01/18/2022,FAT,CA,AWP,WE,Combined TRACON& Tower with Radar,54,19,30,13,116,0,5,67,7,79,54,24,97,20,195,30,6,36,231
01/19/2022,FAT,CA,AWP,WE,Combined TRACON& Tower with Radar,51,20,32,16,119,0,8,55,9,72,51,28,87,25,191,26,16,42,233
01/20/2022,FAT,CA,AWP,WE,Combined TRACON& Tower with Radar,61,24,33,25,143,0,4,70,15,89,61,28,103,40,232,6,6,12,244
01/21/2022,FAT,CA,AWP,WE,Combined TRACON& Tower with Radar,54,26,59,2,141,0,0,10,0,10,54,26,69,2,151,0,0,0,151
01/22/2022,FAT,CA,AWP,WE,Combined TRACON& Tower with Radar,39,25,15,0,79,0,5,44,1,50,39,30,59,1,129,24,0,24,153
01/23/2022,FAT,CA,AWP,WE,Combined TRACON& Tower with Radar,52,19,24,1,96,0,5,81,0,86,52,24,105,1,182,12,0,12,194
01/24/2022,FAT,CA,AWP,WE,Combined TRACON& Tower with Radar,55,23,24,6,108,0,2,69,1,72,55,25,93,7,180,5,10,15,195
01/25/2022,FAT,CA,AWP,WE,Combined TRACON& Tower with Radar,50,16,21,2,89,0,5,74,2,81,50,21,95,4,170,0,0,0,170
01/26/2022,FAT,CA,AWP,WE,Combined TRACON& Tower with Radar,46,20,19,25,110,0,4,76,31,111,46,24,95,56,221,16,36,52,273
01/27/2022,FAT,CA,AWP,WE,Combined TRACON& Tower with Radar,63,23,31,4,121,0,7,97,10,114,63,30,128,14,235,14,0,14,249
01/28/2022,FAT,CA,AWP,WE,Combined TRACON& Tower with Radar,58,22,30,3,113,0,7,107,6,120,58,29,137,9,233,24,0,24,257
01/29/2022,FAT,CA,AWP,WE,Combined TRACON& Tower with Radar,43,16,15,0,74,0,5,67,0,72,43,21,82,0,146,30,0,30,176
01/30/2022,FAT,CA,AWP,WE,Combined TRACON& Tower with Radar,52,16,20,0,88,0,5,65,0,70,52,21,85,0,158,10,0,10,168
01/31/2022,FAT,CA,AWP,WE,Combined TRACON& Tower with Radar,53,22,17,19,111,0,4,66,12,82,53,26,83,31,193,10,18,28,221
02/01/2022,FAT,CA,AWP,WE,Combined TRACON& Tower with Radar,50,18,31,15,114,0,8,57,5,70,50,26,88,20,184,0,0,0,184
02/02/2022,FAT,CA,AWP,WE,Combined TRACON& Tower with Radar,45,23,19,15,102,0,5,61,12,78,45,28,80,27,180,104,18,122,302
02/03/2022,FAT,CA,AWP,WE,Combined TRACON& Tower with Radar,53,18,9,8,88,0,7,75,10,92,53,25,84,18,180,60,14,74,254
02/04/2022,FAT,CA,AWP,WE,Combined TRACON& Tower with Radar,51,18,19,10,98,0,4,79,8,91,51,22,98,18,189,56,8,64,253
02/05/2022,FAT,CA,AWP,WE,Combined TRACON& Tower with Radar,41,13,13,9,76,0,10,68,0,78,41,23,81,9,154,46,6,52,206
02/06/2022,FAT,CA,AWP,WE,Combined TRACON& Tower with Radar,54,22,6,1,83,0,2,69,5,76,54,24,75,6,159,48,0,48,207
02/07/2022,FAT,CA,AWP,WE,Combined TRACON& Tower with Radar,61,17,24,22,124,0,5,88,22,115,61,22,112,44,239,16,22,38,277
02/08/2022,FAT,CA,AWP,WE,Combined TRACON& Tower with Radar,52,12,23,9,96,0,7,111,5,123,52,19,134,14,219,32,6,38,257
02/09/2022,FAT,CA,AWP,WE,Combined TRACON& Tower with Radar,53,19,28,6,106,0,9,100,8,117,53,28,128,14,223,24,26,50,273
02/10/2022,FAT,CA,AWP,WE,Combined TRACON& Tower with Radar,61,18,28,8,115,0,4,91,4,99,61,22,119,12,214,18,20,38,252
02/11/2022,FAT,CA,AWP,WE,Combined TRACON& Tower with Radar,60,21,25,6,112,0,2,111,4,117,60,23,136,10,229,38,4,42,271
02/12/2022,FAT,CA,AWP,WE,Combined TRACON& Tower with Radar,49,22,20,0,91,0,8,71,2,81,49,30,91,2,172,50,0,50,222
02/13/2022,FAT,CA,AWP,WE,Combined TRACON& Tower with Radar,57,20,16,2,95,0,4,67,2,73,57,24,83,4,168,38,0,38,206
02/14/2022,FAT,CA,AWP,WE,Combined TRACON& Tower with Radar,61,20,20,7,108,0,5,80,4,89,61,25,100,11,197,12,4,16,213
02/15/2022,FAT,CA,AWP,WE,Combined TRACON& Tower with Radar,54,20,25,8,107,0,5,76,10,91,54,25,101,18,198,6,16,22,220
02/16/2022,FAT,CA,AWP,WE,Combined TRACON& Tower with Radar,55,15,15,22,107,0,11,76,10,97,55,26,91,32,204,24,18,42,246
02/17/2022,FAT,CA,AWP,WE,Combined TRACON& Tower with Radar,65,19,29,9,122,0,5,105,4,114,65,24,134,13,236,32,20,52,288
02/18/2022,FAT,CA,AWP,WE,Combined TRACON& Tower with Radar,58,16,18,6,98,0,4,122,15,141,58,20,140,21,239,46,12,58,297
02/19/2022,FAT,CA,AWP,WE,Combined TRACON& Tower with Radar,45,31,14,0,90,0,19,77,2,98,45,50,91,2,188,52,0,52,240
02/20/2022,FAT,CA,AWP,WE,Combined TRACON& Tower with Radar,57,24,19,0,100,0,1,48,0,49,57,25,67,0,149,16,0,16,165
02/21/2022,FAT,CA,AWP,WE,Combined TRACON& Tower with Radar,61,20,26,2,109,0,4,89,4,97,61,24,115,6,206,68,0,68,274
02/22/2022,FAT,CA,AWP,WE,Combined TRACON& Tower with Radar,54,19,27,10,110,0,5,41,0,46,54,24,68,10,156,36,0,36,192
02/23/2022,FAT,CA,AWP,WE,Combined TRACON& Tower with Radar,51,15,32,5,103,0,8,52,12,72,51,23,84,17,175,6,6,12,187
02/24/2022,FAT,CA,AWP,WE,Combined TRACON& Tower with Radar,59,18,24,11,112,0,5,86,13,104,59,23,110,24,216,24,24,48,264
02/25/2022,FAT,CA,AWP,WE,Combined TRACON& Tower with Radar,55,21,28,6,110,0,3,111,13,127,55,24,139,19,237,40,6,46,283
02/26/2022,FAT,CA,AWP,WE,Combined TRACON& Tower with Radar,44,18,16,0,78,0,4,91,6,101,44,22,107,6,179,40,0,40,219
02/27/2022,FAT,CA,AWP,WE,Combined TRACON& Tower with Radar,55,18,15,14,102,0,4,83,2,89,55,22,98,16,191,50,14,64,255
02/28/2022,FAT,CA,AWP,WE,Combined TRACON& Tower with Radar,57,20,13,7,97,0,4,81,7,92,57,24,94,14,189,4,16,20,209
03/01/2022,FAT,CA,AWP,WE,Combined TRACON& Tower with Radar,55,14,25,10,104,0,4,100,6,110,55,18,125,16,214,56,32,88,302
03/02/2022,FAT,CA,AWP,WE,Combined TRACON& Tower with Radar,57,24,25,25,131,0,7,84,12,103,57,31,109,37,234,26,12,38,272
03/03/2022,FAT,CA,AWP,WE,Combined TRACON& Tower with Radar,62,13,21,0,96,0,12,87,6,105,62,25,108,6,201,64,14,78,279
03/04/2022,FAT,CA,AWP,WE,Combined TRACON& Tower with Radar,55,22,37,11,125,0,0,21,5,26,55,22,58,16,151,0,0,0,151
03/05/2022,FAT,CA,AWP,WE,Combined TRACON& Tower with Radar,43,15,15,18,91,0,8,39,6,53,43,23,54,24,144,8,22,30,174
03/06/2022,FAT,CA,AWP,WE,Combined TRACON& Tower with Radar,56,13,18,17,104,0,7,64,3,74,56,20,82,20,178,42,2,44,222
03/07/2022,FAT,CA,AWP,WE,Combined TRACON& Tower with Radar,56,15,24,3,98,0,7,83,6,96,56,22,107,9,194,46,12,58,252
03/08/2022,FAT,CA,AWP,WE,Combined TRACON& Tower with Radar,54,13,11,4,82,0,6,85,7,98,54,19,96,11,180,18,0,18,198
03/09/2022,FAT,CA,AWP,WE,Combined TRACON& Tower with Radar,51,17,20,18,106,0,9,109,9,127,51,26,129,27,233,16,32,48,281
03/10/2022,FAT,CA,AWP,WE,Combined TRACON& Tower with Radar,63,12,39,10,124,0,10,95,5,110,63,22,134,15,234,38,18,56,290
03/11/2022,FAT,CA,AWP,WE,Combined TRACON& Tower with Radar,58,16,30,9,113,0,2,106,12,120,58,18,136,21,233,34,10,44,277
03/12/2022,FAT,CA,AWP,WE,Combined TRACON& Tower with Radar,46,14,16,0,76,0,8,61,8,77,46,22,77,8,153,46,4,50,203
03/13/2022,FAT,CA,AWP,WE,Combined TRACON& Tower with Radar,50,14,31,6,101,0,1,91,1,93,50,15,122,7,194,70,22,92,286
03/14/2022,FAT,CA,AWP,WE,Combined TRACON& Tower with Radar,59,13,16,5,93,0,8,108,11,127,59,21,124,16,220,36,16,52,272
03/15/2022,FAT,CA,AWP,WE,Combined TRACON& Tower with Radar,53,13,36,11,113,0,8,76,14,98,53,21,112,25,211,0,18,18,229
03/16/2022,FAT,CA,AWP,WE,Combined TRACON& Tower with Radar,54,16,26,7,103,0,8,73,9,90,54,24,99,16,193,34,0,34,227
03/17/2022,FAT,CA,AWP,WE,Combined TRACON& Tower with Radar,63,11,21,16,111,0,4,101,9,114,63,15,122,25,225,40,12,52,277
03/18/2022,FAT,CA,AWP,WE,Combined TRACON& Tower with Radar,53,15,20,12,100,0,6,110,11,127,53,21,130,23,227,12,38,50,277
03/19/2022,FAT,CA,AWP,WE,Combined TRACON& Tower with Radar,46,14,23,2,85,0,5,55,0,60,46,19,78,2,145,6,0,6,151
03/20/2022,FAT,CA,AWP,WE,Combined TRACON& Tower with Radar,52,13,32,0,97,0,3,58,2,63,52,16,90,2,160,6,10,16,176
03/21/2022,FAT,CA,AWP,WE,Combined TRACON& Tower with Radar,56,15,10,17,98,0,7,79,4,90,56,22,89,21,188,84,22,106,294
03/22/2022,FAT,CA,AWP,WE,Combined TRACON& Tower with Radar,52,12,21,13,98,0,5,118,12,135,52,17,139,25,233,56,4,60,293
03/23/2022,FAT,CA,AWP,WE,Combined TRACON& Tower with Radar,53,12,23,4,92,0,6,111,14,131,53,18,134,18,223,40,0,40,263
03/24/2022,FAT,CA,AWP,WE,Combined TRACON& Tower with Radar,62,16,21,8,107,0,16,120,10,146,62,32,141,18,253,44,0,44,297
03/25/2022,FAT,CA,AWP,WE,Combined TRACON& Tower with Radar,54,16,30,3,103,1,9,120,14,144,55,25,150,17,247,36,4,40,287
03/26/2022,FAT,CA,AWP,WE,Combined TRACON& Tower with Radar,44,12,16,8,80,0,16,73,2,91,44,28,89,10,171,15,0,15,186
03/27/2022,FAT,CA,AWP,WE,Combined TRACON& Tower with Radar,55,16,10,2,83,0,12,72,0,84,55,28,82,2,167,28,16,44,211
03/28/2022,FAT,CA,AWP,WE,Combined TRACON& Tower with Radar,53,17,16,17,103,0,2,12,7,21,53,19,28,24,124,50,14,64,188
03/29/2022,FAT,CA,AWP,WE,Combined TRACON& Tower with Radar,59,20,27,9,115,0,3,29,5,37,59,23,56,14,152,62,0,62,214
03/30/2022,FAT,CA,AWP,WE,Combined TRACON& Tower with Radar,52,18,36,12,118,0,8,107,19,134,52,26,143,31,252,124,24,148,400
03/31/2022,FAT,CA,AWP,WE,Combined TRACON& Tower with Radar,62,15,36,12,125,0,6,84,9,99,62,21,120,21,224,0,0,0,224
04/01/2022,FAT,CA,AWP,WE,Combined TRACON& Tower with Radar,54,18,18,2,92,0,5,124,8,137,54,23,142,10,229,46,16,62,291
04/02/2022,FAT,CA,AWP,WE,Combined TRACON& Tower with Radar,48,18,21,2,89,0,6,53,0,59,48,24,74,2,148,22,0,22,170
04/03/2022,FAT,CA,AWP,WE,Combined TRACON& Tower with Radar,56,15,23,2,96,0,11,73,0,84,56,26,96,2,180,0,0,0,180
04/04/2022,FAT,CA,AWP,WE,Combined TRACON& Tower with Radar,57,16,24,0,97,0,4,100,3,107,57,20,124,3,204,46,0,46,250
04/05/2022,FAT,CA,AWP,WE,Combined TRACON& Tower with Radar,57,14,16,2,89,0,6,106,6,118,57,20,122,8,207,40,0,40,247
04/06/2022,FAT,CA,AWP,WE,Combined TRACON& Tower with Radar,57,19,19,8,103,0,8,98,4,110,57,27,117,12,213,92,0,92,305
04/07/2022,FAT,CA,AWP,WE,Combined TRACON& Tower with Radar,68,15,14,12,109,0,11,107,15,133,68,26,121,27,242,64,14,78,320
04/08/2022,FAT,CA,AWP,WE,Combined TRACON& Tower with Radar,60,14,16,6,96,0,7,95,7,109,60,21,111,13,205,34,0,34,239
04/09/2022,FAT,CA,AWP,WE,Combined TRACON& Tower with Radar,50,16,11,0,77,0,5,54,0,59,50,21,65,0,136,14,0,14,150
04/10/2022,FAT,CA,AWP,WE,Combined TRACON& Tower with Radar,62,12,13,3,90,0,11,55,3,69,62,23,68,6,159,24,0,24,183
04/11/2022,FAT,CA,AWP,WE,Combined TRACON& Tower with Radar,59,14,40,1,114,0,6,43,2,51,59,20,83,3,165,28,0,28,193
04/12/2022,FAT,CA,AWP,WE,Combined TRACON& Tower with Radar,60,14,15,5,94,0,9,85,1,95,60,23,100,6,189,58,4,62,251
04/13/2022,FAT,CA,AWP,WE,Combined TRACON& Tower with Radar,57,13,20,6,96,0,9,72,2,83,57,22,92,8,179,56,0,56,235
04/14/2022,FAT,CA,AWP,WE,Combined TRACON& Tower with Radar,65,20,26,5,116,0,8,81,12,101,65,28,107,17,217,26,0,26,243
04/15/2022,FAT,CA,AWP,WE,Combined TRACON& Tower with Radar,62,12,24,1,99,0,4,83,14,101,62,16,107,15,200,2,8,10,210
04/16/2022,FAT,CA,AWP,WE,Combined TRACON& Tower with Radar,53,16,24,0,93,0,10,30,1,41,53,26,54,1,134,22,0,22,156
04/17/2022,FAT,CA,AWP,WE,Combined TRACON& Tower with Radar,58,16,8,0,82,0,7,58,0,65,58,23,66,0,147,16,0,16,163
04/18/2022,FAT,CA,AWP,WE,Combined TRACON& Tower with Radar,60,16,24,5,105,0,2,85,5,92,60,18,109,10,197,20,0,20,217
04/19/2022,FAT,CA,AWP,WE,Combined TRACON& Tower with Radar,59,17,25,7,108,0,5,100,6,111,59,22,125,13,219,32,0,32,251
04/20/2022,FAT,CA,AWP,WE,Combined TRACON& Tower with Radar,60,21,39,1,121,0,4,130,7,141,60,25,169,8,262,34,16,50,312
04/21/2022,FAT,CA,AWP,WE,Combined TRACON& Tower with Radar,63,23,42,0,128,0,6,51,1,58,63,29,93,1,186,34,0,34,220
04/22/2022,FAT,CA,AWP,WE,Combined TRACON& Tower with Radar,63,15,19,4,101,0,4,64,4,72,63,19,83,8,173,86,4,90,263
04/23/2022,FAT,CA,AWP,WE,Combined TRACON& Tower with Radar,52,12,16,4,84,0,6,96,4,106,52,18,112,8,190,86,6,92,282
04/24/2022,FAT,CA,AWP,WE,Combined TRACON& Tower with Radar,55,10,20,1,86,0,5,76,3,84,55,15,96,4,170,2,8,10,180
04/25/2022,FAT,CA,AWP,WE,Combined TRACON& Tower with Radar,58,16,18,2,94,0,4,107,3,114,58,20,125,5,208,18,14,32,240
04/26/2022,FAT,CA,AWP,WE,Combined TRACON& Tower with Radar,57,13,15,2,87,0,7,104,4,115,57,20,119,6,202,38,0,38,240
04/27/2022,FAT,CA,AWP,WE,Combined TRACON& Tower with Radar,58,20,16,8,102,0,14,93,10,117,58,34,109,18,219,14,16,30,249
04/28/2022,FAT,CA,AWP,WE,Combined TRACON& Tower with Radar,64,13,25,12,114,0,7,86,17,110,64,20,111,29,224,26,0,26,250
04/29/2022,FAT,CA,AWP,WE,Combined TRACON& Tower with Radar,62,21,26,9,118,0,1,96,0,97,62,22,122,9,215,32,0,32,247
04/30/2022,FAT,CA,AWP,WE,Combined TRACON& Tower with Radar,53,15,13,4,85,0,6,62,3,71,53,21,75,7,156,52,16,68,224
05/01/2022,FAT,CA,AWP,WE,Combined TRACON& Tower with Radar,59,18,19,2,98,0,3,78,1,82,59,21,97,3,180,6,0,6,186
05/02/2022,FAT,CA,AWP,WE,Combined TRACON& Tower with Radar,59,12,18,6,95,0,8,71,5,84,59,20,89,11,179,14,0,14,193
05/03/2022,FAT,CA,AWP,WE,Combined TRACON& Tower with Radar,57,11,26,1,95,0,12,89,4,105,57,23,115,5,200,56,0,56,256
05/04/2022,FAT,CA,AWP,WE,Combined TRACON& Tower with Radar,55,16,18,8,97,0,6,100,14,120,55,22,118,22,217,44,16,60,277
05/05/2022,FAT,CA,AWP,WE,Combined TRACON& Tower with Radar,64,19,21,8,112,0,7,100,17,124,64,26,121,25,236,34,2,36,272
05/06/2022,FAT,CA,AWP,WE,Combined TRACON& Tower with Radar,59,14,15,7,95,0,3,80,20,103,59,17,95,27,198,20,18,38,236
05/07/2022,FAT,CA,AWP,WE,Combined TRACON& Tower with Radar,49,16,23,2,90,0,12,72,1,85,49,28,95,3,175,40,0,40,215
05/08/2022,FAT,CA,AWP,WE,Combined TRACON& Tower with Radar,57,14,15,5,91,0,3,41,4,48,57,17,56,9,139,0,0,0,139
05/09/2022,FAT,CA,AWP,WE,Combined TRACON& Tower with Radar,60,14,22,11,107,0,2,71,7,80,60,16,93,18,187,32,0,32,219
05/10/2022,FAT,CA,AWP,WE,Combined TRACON& Tower with Radar,57,15,12,10,94,0,14,73,6,93,57,29,85,16,187,6,4,10,197
05/11/2022,FAT,CA,AWP,WE,Combined TRACON& Tower with Radar,57,14,22,6,99,0,16,112,18,146,57,30,134,24,245,40,8,48,293
05/12/2022,FAT,CA,AWP,WE,Combined TRACON& Tower with Radar,67,16,40,17,140,0,6,105,13,124,67,22,145,30,264,58,22,80,344
05/13/2022,FAT,CA,AWP,WE,Combined TRACON& Tower with Radar,60,14,21,5,100,0,5,106,5,116,60,19,127,10,216,24,8,32,248
05/14/2022,FAT,CA,AWP,WE,Combined TRACON& Tower with Radar,49,18,22,9,98,0,4,91,9,104,49,22,113,18,202,18,8,26,228
05/15/2022,FAT,CA,AWP,WE,Combined TRACON& Tower with Radar,57,17,17,3,94,0,6,75,4,85,57,23,92,7,179,20,0,20,199
05/16/2022,FAT,CA,AWP,WE,Combined TRACON& Tower with Radar,60,18,10,7,95,0,7,94,5,106,60,25,104,12,201,36,4,40,241
05/17/2022,FAT,CA,AWP,WE,Combined TRACON& Tower with Radar,57,18,11,8,94,0,8,95,9,112,57,26,106,17,206,42,4,46,252
05/18/2022,FAT,CA,AWP,WE,Combined TRACON& Tower with Radar,61,17,19,9,106,0,7,91,14,112,61,24,110,23,218,12,0,12,230
05/19/2022,FAT,CA,AWP,WE,Combined TRACON& Tower with Radar,67,16,39,8,130,0,5,108,10,123,67,21,147,18,253,34,0,34,287
05/20/2022,FAT,CA,AWP,WE,Combined TRACON& Tower with Radar,57,25,35,8,125,0,3,70,15,88,57,28,105,23,213,32,0,32,245
05/21/2022,FAT,CA,AWP,WE,Combined TRACON& Tower with Radar,49,14,25,1,89,0,8,82,18,108,49,22,107,19,197,54,0,54,251
05/22/2022,FAT,CA,AWP,WE,Combined TRACON& Tower with Radar,59,14,22,1,96,0,5,74,1,80,59,19,96,2,176,32,0,32,208
05/23/2022,FAT,CA,AWP,WE,Combined TRACON& Tower with Radar,58,12,20,0,90,0,4,84,2,90,58,16,104,2,180,46,0,46,226
05/24/2022,FAT,CA,AWP,WE,Combined TRACON& Tower with Radar,54,19,25,7,105,0,6,102,2,110,54,25,127,9,215,34,10,44,259
05/25/2022,FAT,CA,AWP,WE,Combined TRACON& Tower with Radar,58,13,34,10,115,0,9,103,6,118,58,22,137,16,233,36,0,36,269
05/26/2022,FAT,CA,AWP,WE,Combined TRACON& Tower with Radar,64,14,35,13,126,0,8,96,4,108,64,22,131,17,234,0,0,0,234
05/27/2022,FAT,CA,AWP,WE,Combined TRACON& Tower with Radar,62,14,26,3,105,0,6,81,4,91,62,20,107,7,196,24,12,36,232
05/28/2022,FAT,CA,AWP,WE,Combined TRACON& Tower with Radar,53,20,13,0,86,0,11,56,8,75,53,31,69,8,161,32,0,32,193
05/29/2022,FAT,CA,AWP,WE,Combined TRACON& Tower with Radar,56,16,25,0,97,0,5,44,15,64,56,21,69,15,161,22,0,22,183
05/30/2022,FAT,CA,AWP,WE,Combined TRACON& Tower with Radar,54,14,23,2,93,0,6,68,1,75,54,20,91,3,168,14,0,14,182
05/31/2022,FAT,CA,AWP,WE,Combined TRACON& Tower with Radar,63,11,17,5,96,0,11,115,6,132,63,22,132,11,228,38,0,38,266
06/01/2022,FAT,CA,AWP,WE,Combined TRACON& Tower with Radar,56,11,20,12,99,0,9,93,7,109,56,20,113,19,208,12,20,32,240
06/02/2022,FAT,CA,AWP,WE,Combined TRACON& Tower with Radar,64,16,27,6,113,0,11,97,6,114,64,27,124,12,227,48,0,48,275
06/03/2022,FAT,CA,AWP,WE,Combined TRACON& Tower with Radar,58,17,21,7,103,0,3,104,20,127,58,20,125,27,230,42,26,68,298
06/04/2022,FAT,CA,AWP,WE,Combined TRACON& Tower with Radar,60,13,21,18,112,0,9,69,10,88,60,22,90,28,200,16,12,28,228
06/05/2022,FAT,CA,AWP,WE,Combined TRACON& Tower with Radar,59,20,32,1,112,0,16,74,10,100,59,36,106,11,212,10,0,10,222
06/06/2022,FAT,CA,AWP,WE,Combined TRACON& Tower with Radar,63,14,18,0,95,0,7,74,9,90,63,21,92,9,185,16,4,20,205
06/07/2022,FAT,CA,AWP,WE,Combined TRACON& Tower with Radar,62,18,26,7,113,0,7,116,17,140,62,25,142,24,253,52,24,76,329
06/08/2022,FAT,CA,AWP,WE,Combined TRACON& Tower with Radar,63,23,24,7,117,0,13,89,5,107,63,36,113,12,224,36,14,50,274
06/09/2022,FAT,CA,AWP,WE,Combined TRACON& Tower with Radar,70,22,21,7,120,0,5,91,10,106,70,27,112,17,226,62,8,70,296
06/10/2022,FAT,CA,AWP,WE,Combined TRACON& Tower with Radar,66,17,20,9,112,0,13,104,23,140,66,30,124,32,252,34,0,34,286
06/11/2022,FAT,CA,AWP,WE,Combined TRACON& Tower with Radar,62,19,20,0,101,0,16,87,0,103,62,35,107,0,204,60,0,60,264
06/12/2022,FAT,CA,AWP,WE,Combined TRACON& Tower with Radar,59,18,22,2,101,0,9,77,7,93,59,27,99,9,194,28,0,28,222
06/13/2022,FAT,CA,AWP,WE,Combined TRACON& Tower with Radar,66,8,21,7,102,0,6,78,13,97,66,14,99,20,199,46,22,68,267
06/14/2022,FAT,CA,AWP,WE,Combined TRACON& Tower with Radar,64,18,18,9,109,0,13,104,17,134,64,31,122,26,243,90,2,92,335
06/15/2022,FAT,CA,AWP,WE,Combined TRACON& Tower with Radar,66,15,23,6,110,0,11,104,18,133,66,26,127,24,243,20,12,32,275
06/16/2022,FAT,CA,AWP,WE,Combined TRACON& Tower with Radar,69,17,26,10,122,0,9,89,12,110,69,26,115,22,232,34,0,34,266
06/17/2022,FAT,CA,AWP,WE,Combined TRACON& Tower with Radar,67,16,21,4,108,0,8,93,7,108,67,24,114,11,216,22,0,22,238
06/18/2022,FAT,CA,AWP,WE,Combined TRACON& Tower with Radar,58,16,21,3,98,0,18,105,0,123,58,34,126,3,221,30,12,42,263
06/19/2022,FAT,CA,AWP,WE,Combined TRACON& Tower with Radar,63,20,16,5,104,0,4,61,7,72,63,24,77,12,176,38,0,38,214
06/20/2022,FAT,CA,AWP,WE,Combined TRACON& Tower with Radar,72,14,23,0,109,1,7,80,7,95,73,21,103,7,204,42,0,42,246
06/21/2022,FAT,CA,AWP,WE,Combined TRACON& Tower with Radar,68,14,18,6,106,0,10,111,8,129,68,24,129,14,235,30,8,38,273
06/22/2022,FAT,CA,AWP,WE,Combined TRACON& Tower with Radar,63,21,17,7,108,0,4,46,14,64,63,25,63,21,172,0,0,0,172
06/23/2022,FAT,CA,AWP,WE,Combined TRACON& Tower with Radar,72,23,16,5,116,0,7,116,24,147,72,30,132,29,263,0,0,0,263
06/24/2022,FAT,CA,AWP,WE,Combined TRACON& Tower with Radar,68,14,17,9,108,0,7,78,9,94,68,21,95,18,202,48,2,50,252
06/25/2022,FAT,CA,AWP,WE,Combined TRACON& Tower with Radar,58,15,11,0,84,0,11,55,3,69,58,26,66,3,153,1,0,1,154
06/26/2022,FAT,CA,AWP,WE,Combined TRACON& Tower with Radar,59,19,24,1,103,0,2,65,3,70,59,21,89,4,173,0,0,0,173
06/27/2022,FAT,CA,AWP,WE,Combined TRACON& Tower with Radar,65,21,25,4,115,0,6,84,3,93,65,27,109,7,208,0,0,0,208
06/28/2022,FAT,CA,AWP,WE,Combined TRACON& Tower with Radar,64,19,19,15,117,0,13,95,14,122,64,32,114,29,239,0,0,0,239
06/29/2022,FAT,CA,AWP,WE,Combined TRACON& Tower with Radar,62,18,26,25,131,0,5,100,7,112,62,23,126,32,243,40,12,52,295
06/30/2022,FAT,CA,AWP,WE,Combined TRACON& Tower with Radar,66,20,26,16,128,0,8,83,17,108,66,28,109,33,236,42,8,50,286
07/01/2022,FAT,CA,AWP,WE,Combined TRACON& Tower with Radar,67,17,28,2,114,0,7,105,17,129,67,24,133,19,243,80,0,80,323
07/02/2022,FAT,CA,AWP,WE,Combined TRACON& Tower with Radar,57,17,16,0,90,0,10,52,3,65,57,27,68,3,155,10,0,10,165
07/03/2022,FAT,CA,AWP,WE,Combined TRACON& Tower with Radar,64,14,11,0,89,0,6,47,8,61,64,20,58,8,150,0,0,0,150
07/04/2022,FAT,CA,AWP,WE,Combined TRACON& Tower with Radar,59,17,9,0,85,0,2,48,6,56,59,19,57,6,141,40,0,40,181
07/05/2022,FAT,CA,AWP,WE,Combined TRACON& Tower with Radar,65,15,20,9,109,0,11,86,17,114,65,26,106,26,223,42,24,66,289
07/06/2022,FAT,CA,AWP,WE,Combined TRACON& Tower with Radar,64,16,23,15,118,0,10,109,22,141,64,26,132,37,259,76,20,96,355
07/07/2022,FAT,CA,AWP,WE,Combined TRACON& Tower with Radar,72,18,18,9,117,2,7,115,38,162,74,25,133,47,279,24,0,24,303
07/08/2022,FAT,CA,AWP,WE,Combined TRACON& Tower with Radar,69,14,27,2,112,6,10,88,85,189,75,24,115,87,301,0,0,0,301
07/09/2022,FAT,CA,AWP,WE,Combined TRACON& Tower with Radar,54,20,18,0,92,0,9,66,15,90,54,29,84,15,182,12,0,12,194
07/10/2022,FAT,CA,AWP,WE,Combined TRACON& Tower with Radar,71,14,13,0,98,0,5,88,12,105,71,19,101,12,203,6,0,6,209
07/11/2022,FAT,CA,AWP,WE,Combined TRACON& Tower with Radar,64,20,15,17,116,0,5,81,21,107,64,25,96,38,223,18,32,50,273
07/12/2022,FAT,CA,AWP,WE,Combined TRACON& Tower with Radar,67,18,34,5,124,1,5,88,30,124,68,23,122,35,248,28,0,28,276
07/13/2022,FAT,CA,AWP,WE,Combined TRACON& Tower with Radar,60,17,19,17,113,2,11,113,29,155,62,28,132,46,268,18,0,18,286
07/14/2022,FAT,CA,AWP,WE,Combined TRACON& Tower with Radar,68,16,24,12,120,1,14,108,49,172,69,30,132,61,292,54,38,92,384
07/15/2022,FAT,CA,AWP,WE,Combined TRACON& Tower with Radar,65,14,15,6,100,0,14,87,8,109,65,28,102,14,209,42,8,50,259
07/16/2022,FAT,CA,AWP,WE,Combined TRACON& Tower with Radar,60,14,10,4,88,0,9,60,9,78,60,23,70,13,166,8,0,8,174
07/17/2022,FAT,CA,AWP,WE,Combined TRACON& Tower with Radar,61,18,12,0,91,0,5,64,5,74,61,23,76,5,165,12,0,12,177
07/18/2022,FAT,CA,AWP,WE,Combined TRACON& Tower with Radar,68,12,19,5,104,0,6,76,25,107,68,18,95,30,211,22,4,26,237
07/19/2022,FAT,CA,AWP,WE,Combined TRACON& Tower with Radar,66,14,9,12,101,0,11,81,12,104,66,25,90,24,205,18,0,18,223
07/20/2022,FAT,CA,AWP,WE,Combined TRACON& Tower with Radar,60,19,25,9,113,1,7,100,14,122,61,26,125,23,235,20,8,28,263
07/21/2022,FAT,CA,AWP,WE,Combined TRACON& Tower with Radar,72,21,27,10,130,2,2,114,21,139,74,23,141,31,269,0,0,0,269
07/22/2022,FAT,CA,AWP,WE,Combined TRACON& Tower with Radar,69,13,23,3,108,1,7,113,60,181,70,20,136,63,289,16,18,34,323
07/23/2022,FAT,CA,AWP,WE,Combined TRACON& Tower with Radar,57,17,19,0,93,1,4,89,73,167,58,21,108,73,260,24,0,24,284
07/24/2022,FAT,CA,AWP,WE,Combined TRACON& Tower with Radar,58,15,20,1,94,1,7,90,64,162,59,22,110,65,256,60,0,60,316
07/25/2022,FAT,CA,AWP,WE,Combined TRACON& Tower with Radar,64,14,17,16,111,0,9,90,50,149,64,23,107,66,260,30,10,40,300
07/26/2022,FAT,CA,AWP,WE,Combined TRACON& Tower with Radar,63,17,18,18,116,0,7,89,13,109,63,24,107,31,225,50,0,50,275
07/27/2022,FAT,CA,AWP,WE,Combined TRACON& Tower with Radar,63,21,24,6,114,0,10,89,7,106,63,31,113,13,220,64,0,64,284
07/28/2022,FAT,CA,AWP,WE,Combined TRACON& Tower with Radar,67,21,23,8,119,0,6,77,7,90,67,27,100,15,209,24,0,24,233
07/29/2022,FAT,CA,AWP,WE,Combined TRACON& Tower with Radar,66,21,21,6,114,0,7,66,10,83,66,28,87,16,197,52,0,52,249
07/30/2022,FAT,CA,AWP,WE,Combined TRACON& Tower with Radar,56,19,18,0,93,0,8,89,11,108,56,27,107,11,201,42,12,54,255
07/31/2022,FAT,CA,AWP,WE,Combined TRACON& Tower with Radar,60,24,26,0,110,0,8,69,28,105,60,32,95,28,215,34,0,34,249
08/01/2022,FAT,CA,AWP,WE,Combined TRACON& Tower with Radar,64,17,22,22,125,0,6,65,16,87,64,23,87,38,212,48,8,56,268
08/02/2022,FAT,CA,AWP,WE,Combined TRACON& Tower with Radar,67,11,17,0,95,1,2,81,14,98,68,13,98,14,193,44,0,44,237
08/03/2022,FAT,CA,AWP,WE,Combined TRACON& Tower with Radar,60,15,10,20,105,0,8,82,15,105,60,23,92,35,210,46,22,68,278
08/04/2022,FAT,CA,AWP,WE,Combined TRACON& Tower with Radar,67,23,23,9,122,0,5,87,24,116,67,28,110,33,238,40,14,54,292
08/05/2022,FAT,CA,AWP,WE,Combined TRACON& Tower with Radar,68,25,15,5,113,0,9,59,7,75,68,34,74,12,188,48,0,48,236
08/06/2022,FAT,CA,AWP,WE,Combined TRACON& Tower with Radar,55,16,16,3,90,1,7,77,5,90,56,23,93,8,180,28,0,28,208
08/07/2022,FAT,CA,AWP,WE,Combined TRACON& Tower with Radar,57,21,13,3,94,0,1,81,5,87,57,22,94,8,181,2,0,2,183
08/08/2022,FAT,CA,AWP,WE,Combined TRACON& Tower with Radar,64,19,17,5,105,0,6,61,4,71,64,25,78,9,176,24,0,24,200
08/09/2022,FAT,CA,AWP,WE,Combined TRACON& Tower with Radar,63,23,25,8,119,0,9,95,6,110,63,32,120,14,229,56,0,56,285
08/10/2022,FAT,CA,AWP,WE,Combined TRACON& Tower with Radar,61,20,29,17,127,0,3,100,16,119,61,23,129,33,246,72,38,110,356
08/11/2022,FAT,CA,AWP,WE,Combined TRACON& Tower with Radar,65,22,27,20,134,0,4,76,20,100,65,26,103,40,234,44,8,52,286
08/12/2022,FAT,CA,AWP,WE,Combined TRACON& Tower with Radar,70,19,22,7,118,0,5,104,20,129,70,24,126,27,247,94,0,94,341
08/13/2022,FAT,CA,AWP,WE,Combined TRACON& Tower with Radar,55,23,11,0,89,0,4,69,0,73,55,27,80,0,162,16,0,16,178
08/14/2022,FAT,CA,AWP,WE,Combined TRACON& Tower with Radar,56,20,19,1,96,0,7,84,8,99,56,27,103,9,195,0,0,0,195
08/15/2022,FAT,CA,AWP,WE,Combined TRACON& Tower with Radar,64,12,25,5,106,0,3,68,15,86,64,15,93,20,192,40,4,44,236
08/16/2022,FAT,CA,AWP,WE,Combined TRACON& Tower with Radar,63,12,31,13,119,0,5,92,16,113,63,17,123,29,232,28,6,34,266
08/17/2022,FAT,CA,AWP,WE,Combined TRACON& Tower with Radar,58,18,28,11,115,0,4,95,8,107,58,22,123,19,222,18,18,36,258
08/18/2022,FAT,CA,AWP,WE,Combined TRACON& Tower with Radar,65,17,22,16,120,0,4,99,23,126,65,21,121,39,246,68,36,104,350
08/19/2022,FAT,CA,AWP,WE,Combined TRACON& Tower with Radar,67,16,31,11,125,0,4,95,5,104,67,20,126,16,229,38,0,38,267
08/20/2022,FAT,CA,AWP,WE,Combined TRACON& Tower with Radar,59,16,13,0,88,0,4,75,0,79,59,20,88,0,167,38,0,38,205
08/21/2022,FAT,CA,AWP,WE,Combined TRACON& Tower with Radar,55,18,17,1,91,0,6,73,0,79,55,24,90,1,170,22,0,22,192
08/22/2022,FAT,CA,AWP,WE,Combined TRACON& Tower with Radar,65,22,20,2,109,0,5,92,13,110,65,27,112,15,219,38,0,38,257
08/23/2022,FAT,CA,AWP,WE,Combined TRACON& Tower with Radar,61,14,17,16,108,0,5,99,22,126,61,19,116,38,234,16,4,20,254
08/24/2022,FAT,CA,AWP,WE,Combined TRACON& Tower with Radar,59,13,15,14,101,0,5,108,24,137,59,18,123,38,238,22,6,28,266
08/25/2022,FAT,CA,AWP,WE,Combined TRACON& Tower with Radar,69,15,23,14,121,0,7,120,31,158,69,22,143,45,279,56,28,84,363
08/26/2022,FAT,CA,AWP,WE,Combined TRACON& Tower with Radar,66,16,26,4,112,0,5,113,10,128,66,21,139,14,240,44,10,54,294
08/27/2022,FAT,CA,AWP,WE,Combined TRACON& Tower with Radar,54,12,13,2,81,0,14,78,1,93,54,26,91,3,174,16,0,16,190
08/28/2022,FAT,CA,AWP,WE,Combined TRACON& Tower with Radar,61,15,17,0,93,0,4,85,4,93,61,19,102,4,186,12,0,12,198
08/29/2022,FAT,CA,AWP,WE,Combined TRACON& Tower with Radar,64,18,17,3,102,0,1,107,6,114,64,19,124,9,216,0,0,0,216
08/30/2022,FAT,CA,AWP,WE,Combined TRACON& Tower with Radar,61,14,18,9,102,0,4,131,13,148,61,18,149,22,250,36,16,52,302
08/31/2022,FAT,CA,AWP,WE,Combined TRACON& Tower with Radar,57,21,24,20,122,0,2,107,15,124,57,23,131,35,246,52,22,74,320
09/01/2022,FAT,CA,AWP,WE,Combined TRACON& Tower with Radar,68,30,36,10,144,0,5,121,10,136,68,35,157,20,280,26,16,42,322
09/02/2022,FAT,CA,AWP,WE,Combined TRACON& Tower with Radar,67,16,24,14,121,1,6,98,41,146,68,22,122,55,267,0,0,0,267
09/03/2022,FAT,CA,AWP,WE,Combined TRACON& Tower with Radar,52,17,19,0,88,0,13,76,16,105,52,30,95,16,193,20,0,20,213
09/04/2022,FAT,CA,AWP,WE,Combined TRACON& Tower with Radar,49,19,15,0,83,0,5,55,12,72,49,24,70,12,155,26,0,26,181
09/05/2022,FAT,CA,AWP,WE,Combined TRACON& Tower with Radar,62,20,21,3,106,0,11,81,16,108,62,31,102,19,214,6,0,6,220
09/06/2022,FAT,CA,AWP,WE,Combined TRACON& Tower with Radar,59,15,21,7,102,0,3,73,77,153,59,18,94,84,255,0,0,0,255
09/07/2022,FAT,CA,AWP,WE,Combined TRACON& Tower with Radar,55,18,26,19,118,0,7,94,81,182,55,25,120,100,300,20,8,28,328
09/08/2022,FAT,CA,AWP,WE,Combined TRACON& Tower with Radar,60,23,17,15,115,0,6,113,19,138,60,29,130,34,253,26,30,56,309
09/09/2022,FAT,CA,AWP,WE,Combined TRACON& Tower with Radar,63,19,17,7,106,0,3,69,18,90,63,22,86,25,196,8,6,14,210
09/10/2022,FAT,CA,AWP,WE,Combined TRACON& Tower with Radar,58,22,19,9,108,0,12,65,8,85,58,34,84,17,193,28,0,28,221
09/11/2022,FAT,CA,AWP,WE,Combined TRACON& Tower with Radar,55,26,19,3,103,0,2,64,7,73,55,28,83,10,176,8,0,8,184
09/12/2022,FAT,CA,AWP,WE,Combined TRACON& Tower with Radar,63,20,26,3,112,0,12,94,5,111,63,32,120,8,223,30,2,32,255
09/13/2022,FAT,CA,AWP,WE,Combined TRACON& Tower with Radar,57,23,18,9,107,0,4,122,17,143,57,27,140,26,250,74,12,86,336
09/14/2022,FAT,CA,AWP,WE,Combined TRACON& Tower with Radar,57,24,28,6,115,0,2,105,16,123,57,26,133,22,238,72,6,78,316
09/15/2022,FAT,CA,AWP,WE,Combined TRACON& Tower with Radar,59,20,23,11,113,0,7,110,13,130,59,27,133,24,243,8,16,24,267
09/16/2022,FAT,CA,AWP,WE,Combined TRACON& Tower with Radar,60,16,26,7,109,0,6,116,9,131,60,22,142,16,240,38,8,46,286
09/17/2022,FAT,CA,AWP,WE,Combined TRACON& Tower with Radar,50,20,17,0,87,0,7,78,9,94,50,27,95,9,181,0,0,0,181
09/18/2022,FAT,CA,AWP,WE,Combined TRACON& Tower with Radar,55,24,32,0,111,0,3,55,0,58,55,27,87,0,169,26,0,26,195
09/19/2022,FAT,CA,AWP,WE,Combined TRACON& Tower with Radar,60,16,31,1,108,0,4,60,2,66,60,20,91,3,174,36,2,38,212
09/20/2022,FAT,CA,AWP,WE,Combined TRACON& Tower with Radar,55,23,22,5,105,0,7,91,3,101,55,30,113,8,206,34,35,69,275
09/21/2022,FAT,CA,AWP,WE,Combined TRACON& Tower with Radar,57,19,37,20,133,0,8,102,14,124,57,27,139,34,257,0,0,0,257
09/22/2022,FAT,CA,AWP,WE,Combined TRACON& Tower with Radar,58,29,15,11,113,0,7,102,9,118,58,36,117,20,231,14,18,32,263
09/23/2022,FAT,CA,AWP,WE,Combined TRACON& Tower with Radar,60,21,27,2,110,0,5,106,8,119,60,26,133,10,229,34,0,34,263
09/24/2022,FAT,CA,AWP,WE,Combined TRACON& Tower with Radar,51,20,16,2,89,0,8,110,2,120,51,28,126,4,209,40,0,40,249
09/25/2022,FAT,CA,AWP,WE,Combined TRACON& Tower with Radar,54,19,19,1,93,0,3,84,7,94,54,22,103,8,187,0,0,0,187
09/26/2022,FAT,CA,AWP,WE,Combined TRACON& Tower with Radar,61,20,27,1,109,0,3,83,3,89,61,23,110,4,198,0,0,0,198
09/27/2022,FAT,CA,AWP,WE,Combined TRACON& Tower with Radar,55,15,31,14,115,0,3,112,11,126,55,18,143,25,241,72,8,80,321
09/28/2022,FAT,CA,AWP,WE,Combined TRACON& Tower with Radar,54,16,19,14,103,0,5,84,7,96,54,21,103,21,199,88,42,130,329
09/29/2022,FAT,CA,AWP,WE,Combined TRACON& Tower with Radar,62,19,33,15,129,0,2,105,7,114,62,21,138,22,243,48,2,50,293
09/30/2022,FAT,CA,AWP,WE,Combined TRACON& Tower with Radar,60,15,30,3,108,0,3,105,10,118,60,18,135,13,226,40,0,40,266
10/01/2022,FAT,CA,AWP,WE,Combined TRACON& Tower with Radar,51,20,21,3,95,0,9,109,2,120,51,29,130,5,215,52,0,52,267
10/02/2022,FAT,CA,AWP,WE,Combined TRACON& Tower with Radar,57,18,27,0,102,0,8,89,6,103,57,26,116,6,205,4,0,4,209
10/03/2022,FAT,CA,AWP,WE,Combined TRACON& Tower with Radar,61,21,32,6,120,0,5,82,6,93,61,26,114,12,213,22,6,28,241
10/04/2022,FAT,CA,AWP,WE,Combined TRACON& Tower with Radar,54,22,27,5,108,0,9,95,2,106,54,31,122,7,214,44,0,44,258
10/05/2022,FAT,CA,AWP,WE,Combined TRACON& Tower with Radar,57,24,20,4,105,0,6,83,4,93,57,30,103,8,198,32,12,44,242
10/06/2022,FAT,CA,AWP,WE,Combined TRACON& Tower with Radar,54,23,22,7,106,0,6,99,9,114,54,29,121,16,220,70,18,88,308
10/07/2022,FAT,CA,AWP,WE,Combined TRACON& Tower with Radar,55,19,42,8,124,0,11,100,8,119,55,30,142,16,243,26,14,40,283
10/08/2022,FAT,CA,AWP,WE,Combined TRACON& Tower with Radar,47,22,20,1,90,0,6,69,2,77,47,28,89,3,167,38,0,38,205
10/09/2022,FAT,CA,AWP,WE,Combined TRACON& Tower with Radar,51,18,21,2,92,0,5,58,9,72,51,23,79,11,164,0,0,0,164
10/10/2022,FAT,CA,AWP,WE,Combined TRACON& Tower with Radar,54,20,21,2,97,0,5,55,4,64,54,25,76,6,161,42,2,44,205
10/11/2022,FAT,CA,AWP,WE,Combined TRACON& Tower with Radar,52,23,33,6,114,0,4,109,21,134,52,27,142,27,248,78,22,100,348
10/12/2022,FAT,CA,AWP,WE,Combined TRACON& Tower with Radar,53,19,30,18,120,0,7,103,4,114,53,26,133,22,234,50,34,84,318
10/13/2022,FAT,CA,AWP,WE,Combined TRACON& Tower with Radar,60,20,47,5,132,0,7,90,10,107,60,27,137,15,239,76,4,80,319
10/14/2022,FAT,CA,AWP,WE,Combined TRACON& Tower with Radar,56,26,30,2,114,0,8,83,7,98,56,34,113,9,212,36,0,36,248
10/15/2022,FAT,CA,AWP,WE,Combined TRACON& Tower with Radar,45,29,39,5,118,0,8,91,3,102,45,37,130,8,220,20,0,20,240
10/16/2022,FAT,CA,AWP,WE,Combined TRACON& Tower with Radar,50,24,35,0,109,0,5,85,5,95,50,29,120,5,204,6,0,6,210
10/17/2022,FAT,CA,AWP,WE,Combined TRACON& Tower with Radar,56,19,23,7,105,0,9,76,2,87,56,28,99,9,192,54,0,54,246
10/18/2022,FAT,CA,AWP,WE,Combined TRACON& Tower with Radar,51,20,23,18,112,0,8,82,14,104,51,28,105,32,216,94,2,96,312
10/19/2022,FAT,CA,AWP,WE,Combined TRACON& Tower with Radar,53,21,24,5,103,0,13,76,3,92,53,34,100,8,195,0,0,0,195
10/20/2022,FAT,CA,AWP,WE,Combined TRACON& Tower with Radar,54,20,27,15,116,1,7,88,11,107,55,27,115,26,223,56,0,56,279
10/21/2022,FAT,CA,AWP,WE,Combined TRACON& Tower with Radar,56,17,32,4,109,0,10,86,12,108,56,27,118,16,217,62,0,62,279
10/22/2022,FAT,CA,AWP,WE,Combined TRACON& Tower with Radar,48,23,31,1,103,0,12,52,0,64,48,35,83,1,167,60,4,64,231
10/23/2022,FAT,CA,AWP,WE,Combined TRACON& Tower with Radar,49,18,29,1,97,1,9,61,8,79,50,27,90,9,176,0,0,0,176
10/24/2022,FAT,CA,AWP,WE,Combined TRACON& Tower with Radar,53,23,20,0,96,0,4,85,0,89,53,27,105,0,185,58,0,58,243
10/25/2022,FAT,CA,AWP,WE,Combined TRACON& Tower with Radar,50,26,33,8,117,0,4,92,5,101,50,30,125,13,218,34,4,38,256
10/26/2022,FAT,CA,AWP,WE,Combined TRACON& Tower with Radar,51,28,20,9,108,0,6,80,4,90,51,34,100,13,198,98,0,98,296
10/27/2022,FAT,CA,AWP,WE,Combined TRACON& Tower with Radar,55,20,23,9,107,0,3,101,17,121,55,23,124,26,228,44,4,48,276
10/28/2022,FAT,CA,AWP,WE,Combined TRACON& Tower with Radar,53,16,21,7,97,0,5,104,9,118,53,21,125,16,215,90,8,98,313
10/29/2022,FAT,CA,AWP,WE,Combined TRACON& Tower with Radar,46,18,13,2,79,0,5,59,3,67,46,23,72,5,146,0,0,0,146
10/30/2022,FAT,CA,AWP,WE,Combined TRACON& Tower with Radar,47,16,26,2,91,0,3,66,0,69,47,19,92,2,160,24,0,24,184
10/31/2022,FAT,CA,AWP,WE,Combined TRACON& Tower with Radar,46,15,17,14,92,0,3,74,7,84,46,18,91,21,176,72,4,76,252
11/01/2022,FAT,CA,AWP,WE,Combined TRACON& Tower with Radar,50,21,31,3,105,0,2,46,3,51,50,23,77,6,156,48,2,50,206
11/02/2022,FAT,CA,AWP,WE,Combined TRACON& Tower with Radar,50,18,42,8,118,0,4,70,12,86,50,22,112,20,204,68,18,86,290
11/03/2022,FAT,CA,AWP,WE,Combined TRACON& Tower with Radar,54,20,28,17,119,0,7,68,7,82,54,27,96,24,201,8,10,18,219
11/04/2022,FAT,CA,AWP,WE,Combined TRACON& Tower with Radar,50,19,31,4,104,0,4,83,6,93,50,23,114,10,197,42,0,42,239
11/05/2022,FAT,CA,AWP,WE,Combined TRACON& Tower with Radar,45,15,29,5,94,0,11,55,10,76,45,26,84,15,170,62,0,62,232
11/06/2022,FAT,CA,AWP,WE,Combined TRACON& Tower with Radar,45,20,46,0,111,0,4,28,0,32,45,24,74,0,143,18,0,18,161
11/07/2022,FAT,CA,AWP,WE,Combined TRACON& Tower with Radar,51,17,40,4,112,0,3,3,3,9,51,20,43,7,121,12,0,12,133
11/08/2022,FAT,CA,AWP,WE,Combined TRACON& Tower with Radar,49,13,33,13,108,0,3,13,1,17,49,16,46,14,125,48,4,52,177
11/09/2022,FAT,CA,AWP,WE,Combined TRACON& Tower with Radar,48,19,42,30,139,0,3,62,32,97,48,22,104,62,236,84,26,110,346
11/10/2022,FAT,CA,AWP,WE,Combined TRACON& Tower with Radar,56,22,39,7,124,0,4,92,12,108,56,26,131,19,232,60,16,76,308
11/11/2022,FAT,CA,AWP,WE,Combined TRACON& Tower with Radar,52,21,25,2,100,0,3,85,9,97,52,24,110,11,197,78,6,84,281
11/12/2022,FAT,CA,AWP,WE,Combined TRACON& Tower with Radar,46,19,35,1,101,0,5,78,0,83,46,24,113,1,184,26,0,26,210
11/13/2022,FAT,CA,AWP,WE,Combined TRACON& Tower with Radar,47,22,46,4,119,0,8,68,0,76,47,30,114,4,195,36,0,36,231
11/14/2022,FAT,CA,AWP,WE,Combined TRACON& Tower with Radar,54,16,30,1,101,0,5,105,2,112,54,21,135,3,213,64,0,64,277
11/15/2022,FAT,CA,AWP,WE,Combined TRACON& Tower with Radar,52,19,23,5,99,0,5,114,4,123,52,24,137,9,222,38,8,46,268
11/16/2022,FAT,CA,AWP,WE,Combined TRACON& Tower with Radar,50,19,36,30,135,0,8,116,23,147,50,27,152,53,282,42,24,66,348
11/17/2022,FAT,CA,AWP,WE,Combined TRACON& Tower with Radar,50,16,40,3,109,0,9,92,6,107,50,25,132,9,216,26,0,26,242
11/18/2022,FAT,CA,AWP,WE,Combined TRACON& Tower with Radar,60,15,45,11,131,0,11,115,4,130,60,26,160,15,261,110,10,120,381
11/19/2022,FAT,CA,AWP,WE,Combined TRACON& Tower with Radar,45,15,33,2,95,0,10,49,5,64,45,25,82,7,159,16,0,16,175
11/20/2022,FAT,CA,AWP,WE,Combined TRACON& Tower with Radar,53,16,27,0,96,0,13,61,3,77,53,29,88,3,173,26,0,26,199
11/21/2022,FAT,CA,AWP,WE,Combined TRACON& Tower with Radar,56,15,14,24,109,0,5,56,19,80,56,20,70,43,189,44,40,84,273
11/22/2022,FAT,CA,AWP,WE,Combined TRACON& Tower with Radar,57,15,21,6,99,0,12,100,11,123,57,27,121,17,222,48,12,60,282
11/23/2022,FAT,CA,AWP,WE,Combined TRACON& Tower with Radar,53,18,24,3,98,0,9,90,5,104,53,27,114,8,202,0,0,0,202
11/24/2022,FAT,CA,AWP,WE,Combined TRACON& Tower with Radar,36,11,5,0,52,0,0,24,2,26,36,11,29,2,78,66,2,68,146
11/25/2022,FAT,CA,AWP,WE,Combined TRACON& Tower with Radar,52,23,14,0,89,0,3,75,0,78,52,26,89,0,167,10,0,10,177
11/26/2022,FAT,CA,AWP,WE,Combined TRACON& Tower with Radar,48,15,24,0,87,0,8,63,4,75,48,23,87,4,162,0,0,0,162
11/27/2022,FAT,CA,AWP,WE,Combined TRACON& Tower with Radar,53,12,17,0,82,0,1,59,0,60,53,13,76,0,142,6,0,6,148
11/28/2022,FAT,CA,AWP,WE,Combined TRACON& Tower with Radar,58,19,13,13,103,0,1,74,9,84,58,20,87,22,187,66,0,66,253
11/29/2022,FAT,CA,AWP,WE,Combined TRACON& Tower with Radar,52,17,26,7,102,0,9,91,7,107,52,26,117,14,209,8,0,8,217
11/30/2022,FAT,CA,AWP,WE,Combined TRACON& Tower with Radar,49,12,35,14,110,0,9,102,18,129,49,21,137,32,239,90,22,112,351
12/01/2022,FAT,CA,AWP,WE,Combined TRACON& Tower with Radar,54,15,48,13,130,0,3,24,6,33,54,18,72,19,163,14,2,16,179
12/02/2022,FAT,CA,AWP,WE,Combined TRACON& Tower with Radar,58,20,51,21,150,0,6,91,12,109,58,26,142,33,259,22,12,34,293
12/03/2022,FAT,CA,AWP,WE,Combined TRACON& Tower with Radar,40,21,25,5,91,0,2,11,3,16,40,23,36,8,107,0,0,0,107
12/04/2022,FAT,CA,AWP,WE,Combined TRACON& Tower with Radar,49,24,56,0,129,0,0,35,0,35,49,24,91,0,164,18,14,32,196
12/05/2022,FAT,CA,AWP,WE,Combined TRACON& Tower with Radar,57,18,38,2,115,0,8,64,2,74,57,26,102,4,189,36,2,38,227
12/06/2022,FAT,CA,AWP,WE,Combined TRACON& Tower with Radar,48,16,32,21,117,0,8,87,7,102,48,24,119,28,219,0,0,0,219
12/07/2022,FAT,CA,AWP,WE,Combined TRACON& Tower with Radar,47,24,33,10,114,0,1,56,0,57,47,25,89,10,171,0,0,0,171
12/08/2022,FAT,CA,AWP,WE,Combined TRACON& Tower with Radar,57,21,32,15,125,0,4,89,4,97,57,25,121,19,222,62,6,68,290
12/09/2022,FAT,CA,AWP,WE,Combined TRACON& Tower with Radar,56,15,40,6,117,0,7,85,2,94,56,22,125,8,211,72,14,86,297
12/10/2022,FAT,CA,AWP,WE,Combined TRACON& Tower with Radar,38,17,27,0,82,0,0,21,0,21,38,17,48,0,103,12,0,12,115
12/11/2022,FAT,CA,AWP,WE,Combined TRACON& Tower with Radar,49,23,33,0,105,0,2,24,0,26,49,25,57,0,131,8,0,8,139
12/12/2022,FAT,CA,AWP,WE,Combined TRACON& Tower with Radar,58,29,38,10,135,0,4,67,3,74,58,33,105,13,209,50,0,50,259
12/13/2022,FAT,CA,AWP,WE,Combined TRACON& Tower with Radar,48,16,43,19,126,0,6,83,11,100,48,22,126,30,226,16,8,24,250
12/14/2022,FAT,CA,AWP,WE,Combined TRACON& Tower with Radar,46,12,33,26,117,0,8,93,18,119,46,20,126,44,236,0,0,0,236
12/15/2022,FAT,CA,AWP,WE,Combined TRACON& Tower with Radar,58,16,42,13,129,0,10,87,7,104,58,26,129,20,233,48,18,66,299
12/16/2022,FAT,CA,AWP,WE,Combined TRACON& Tower with Radar,58,13,35,5,111,0,6,82,1,89,58,19,117,6,200,18,0,18,218
12/17/2022,FAT,CA,AWP,WE,Combined TRACON& Tower with Radar,50,12,31,1,94,0,0,39,0,39,50,12,70,1,133,16,0,16,149
12/18/2022,FAT,CA,AWP,WE,Combined TRACON& Tower with Radar,58,14,44,0,116,0,0,0,0,0,58,14,44,0,116,0,0,0,116
12/19/2022,FAT,CA,AWP,WE,Combined TRACON& Tower with Radar,58,16,57,5,136,0,0,17,0,17,58,16,74,5,153,14,0,14,167
12/20/2022,FAT,CA,AWP,WE,Combined TRACON& Tower with Radar,54,26,46,13,139,0,0,17,3,20,54,26,63,16,159,0,0,0,159
12/21/2022,FAT,CA,AWP,WE,Combined TRACON& Tower with Radar,55,18,67,12,152,0,0,3,0,3,55,18,70,12,155,0,0,0,155
12/22/2022,FAT,CA,AWP,WE,Combined TRACON& Tower with Radar,58,17,65,6,146,0,0,21,0,21,58,17,86,6,167,18,14,32,199
12/23/2022,FAT,CA,AWP,WE,Combined TRACON& Tower with Radar,49,24,58,0,131,0,1,14,0,15,49,25,72,0,146,18,0,18,164
12/24/2022,FAT,CA,AWP,WE,Combined TRACON& Tower with Radar,35,14,33,0,82,0,0,1,0,1,35,14,34,0,83,0,0,0,83
12/25/2022,FAT,CA,AWP,WE,Combined TRACON& Tower with Radar,39,9,5,0,53,0,0,1,0,1,39,9,6,0,54,0,0,0,54
12/26/2022,FAT,CA,AWP,WE,Combined TRACON& Tower with Radar,48,20,51,0,119,0,0,13,0,13,48,20,64,0,132,0,0,0,132
12/27/2022,FAT,CA,AWP,WE,Combined TRACON& Tower with Radar,53,15,35,0,103,0,0,1,0,1,53,15,36,0,104,18,0,18,122
12/28/2022,FAT,CA,AWP,WE,Combined TRACON& Tower with Radar,59,21,33,2,115,0,5,70,5,80,59,26,103,7,195,0,0,0,195
12/29/2022,FAT,CA,AWP,WE,Combined TRACON& Tower with Radar,57,19,38,13,127,0,2,15,0,17,57,21,53,13,144,2,0,2,146
12/30/2022,FAT,CA,AWP,WE,Combined TRACON& Tower with Radar,60,18,46,0,124,0,7,18,0,25,60,25,64,0,149,0,0,0,149
12/31/2022,FAT,CA,AWP,WE,Combined TRACON& Tower with Radar,54,11,21,0,86,0,4,4,0,8,54,15,25,0,94,0,0,0,94
01/01/2023,FAT,CA,AWP,WE,Combined TRACON& Tower with Radar,47,14,18,0,79,0,4,37,0,41,47,18,55,0,120,0,0,0,120
01/02/2023,FAT,CA,AWP,WE,Combined TRACON& Tower with Radar,59,15,27,0,101,0,5,44,0,49,59,20,71,0,150,8,0,8,158
01/03/2023,FAT,CA,AWP,WE,Combined TRACON& Tower with Radar,58,15,32,7,112,0,5,78,2,85,58,20,110,9,197,20,0,20,217
01/04/2023,FAT,CA,AWP,WE,Combined TRACON& Tower with Radar,56,15,23,4,98,0,7,52,3,62,56,22,75,7,160,38,0,38,198
01/05/2023,FAT,CA,AWP,WE,Combined TRACON& Tower with Radar,61,19,27,8,115,0,2,17,2,21,61,21,44,10,136,10,0,10,146
01/06/2023,FAT,CA,AWP,WE,Combined TRACON& Tower with Radar,56,19,24,2,101,0,2,110,1,113,56,21,134,3,214,58,0,58,272
01/07/2023,FAT,CA,AWP,WE,Combined TRACON& Tower with Radar,46,13,13,10,82,0,3,66,9,78,46,16,79,19,160,8,8,16,176
01/08/2023,FAT,CA,AWP,WE,Combined TRACON& Tower with Radar,55,15,25,0,95,0,1,22,3,26,55,16,47,3,121,8,0,8,129
01/09/2023,FAT,CA,AWP,WE,Combined TRACON& Tower with Radar,56,19,16,4,95,0,0,2,0,2,56,19,18,4,97,0,0,0,97
01/10/2023,FAT,CA,AWP,WE,Combined TRACON& Tower with Radar,53,16,20,2,91,0,3,28,12,43,53,19,48,14,134,16,10,26,160
01/11/2023,FAT,CA,AWP,WE,Combined TRACON& Tower with Radar,48,18,31,8,105,0,3,72,5,80,48,21,103,13,185,72,24,96,281
01/12/2023,FAT,CA,AWP,WE,Combined TRACON& Tower with Radar,57,19,45,13,134,0,9,111,7,127,57,28,156,20,261,24,0,24,285
01/13/2023,FAT,CA,AWP,WE,Combined TRACON& Tower with Radar,58,17,29,18,122,0,4,66,11,81,58,21,95,29,203,24,20,44,247
01/14/2023,FAT,CA,AWP,WE,Combined TRACON& Tower with Radar,38,18,11,0,67,0,5,10,0,15,38,23,21,0,82,0,0,0,82
01/15/2023,FAT,CA,AWP,WE,Combined TRACON& Tower with Radar,39,13,20,1,73,0,1,34,0,35,39,14,54,1,108,6,0,6,114
01/16/2023,FAT,CA,AWP,WE,Combined TRACON& Tower with Radar,56,14,28,0,98,0,3,13,0,16,56,17,41,0,114,44,0,44,158
01/17/2023,FAT,CA,AWP,WE,Combined TRACON& Tower with Radar,52,23,34,18,127,1,4,43,0,48,53,27,77,18,175,48,8,56,231
01/18/2023,FAT,CA,AWP,WE,Combined TRACON& Tower with Radar,46,12,30,23,111,0,10,124,15,149,46,22,154,38,260,84,20,104,364
01/19/2023,FAT,CA,AWP,WE,Combined TRACON& Tower with Radar,60,15,51,10,136,0,3,54,4,61,60,18,105,14,197,28,0,28,225
01/20/2023,FAT,CA,AWP,WE,Combined TRACON& Tower with Radar,54,22,23,4,103,0,3,87,5,95,54,25,110,9,198,34,0,34,232
01/21/2023,FAT,CA,AWP,WE,Combined TRACON& Tower with Radar,42,20,11,0,73,0,5,100,1,106,42,25,111,1,179,52,0,52,231
01/22/2023,FAT,CA,AWP,WE,Combined TRACON& Tower with Radar,43,16,20,0,79,0,1,37,3,41,43,17,57,3,120,100,0,100,220
01/23/2023,FAT,CA,AWP,WE,Combined TRACON& Tower with Radar,54,19,24,0,97,0,1,73,1,75,54,20,97,1,172,10,0,10,182
01/24/2023,FAT,CA,AWP,WE,Combined TRACON& Tower with Radar,56,16,35,14,121,0,3,89,14,106,56,19,124,28,227,36,26,62,289
01/25/2023,FAT,CA,AWP,WE,Combined TRACON& Tower with Radar,47,16,35,9,107,0,2,107,7,116,47,18,142,16,223,42,0,42,265
01/26/2023,FAT,CA,AWP,WE,Combined TRACON& Tower with Radar,57,23,32,1,113,0,2,109,3,114,57,25,141,4,227,70,2,72,299
01/27/2023,FAT,CA,AWP,WE,Combined TRACON& Tower with Radar,55,17,25,6,103,0,3,112,9,124,55,20,137,15,227,56,6,62,289
01/28/2023,FAT,CA,AWP,WE,Combined TRACON& Tower with Radar,39,15,21,0,75,0,5,59,2,66,39,20,80,2,141,6,0,6,147
01/29/2023,FAT,CA,AWP,WE,Combined TRACON& Tower with Radar,46,19,17,0,82,0,0,19,0,19,46,19,36,0,101,6,0,6,107
01/30/2023,FAT,CA,AWP,WE,Combined TRACON& Tower with Radar,50,24,18,4,96,0,7,79,3,89,50,31,97,7,185,0,0,0,185
01/31/2023,FAT,CA,AWP,WE,Combined TRACON& Tower with Radar,44,24,24,5,97,0,3,68,6,77,44,27,92,11,174,0,0,0,174
02/01/2023,FAT,CA,AWP,WE,Combined TRACON& Tower with Radar,44,18,17,9,88,0,3,100,8,111,44,21,117,17,199,88,22,110,309
02/02/2023,FAT,CA,AWP,WE,Combined TRACON& Tower with Radar,50,21,28,10,109,0,6,133,3,142,50,27,161,13,251,58,4,62,313
02/03/2023,FAT,CA,AWP,WE,Combined TRACON& Tower with Radar,52,18,32,6,108,0,2,92,4,98,52,20,124,10,206,54,0,54,260
02/04/2023,FAT,CA,AWP,WE,Combined TRACON& Tower with Radar,46,15,24,1,86,0,5,68,7,80,46,20,92,8,166,68,72,140,306
02/05/2023,FAT,CA,AWP,WE,Combined TRACON& Tower with Radar,45,15,30,1,91,0,1,30,4,35,45,16,60,5,126,38,0,38,164
02/06/2023,FAT,CA,AWP,WE,Combined TRACON& Tower with Radar,52,12,33,0,97,0,3,27,2,32,52,15,60,2,129,64,8,72,201
02/07/2023,FAT,CA,AWP,WE,Combined TRACON& Tower with Radar,51,17,29,5,102,0,3,88,12,103,51,20,117,17,205,64,12,76,281
02/08/2023,FAT,CA,AWP,WE,Combined TRACON& Tower with Radar,47,18,23,7,95,0,4,115,5,124,47,22,138,12,219,96,2,98,317
02/09/2023,FAT,CA,AWP,WE,Combined TRACON& Tower with Radar,57,28,27,8,120,0,6,131,3,140,57,34,158,11,260,60,6,66,326
02/10/2023,FAT,CA,AWP,WE,Combined TRACON& Tower with Radar,56,20,26,7,109,0,4,100,6,110,56,24,126,13,219,48,4,52,271
02/11/2023,FAT,CA,AWP,WE,Combined TRACON& Tower with Radar,45,16,30,0,91,0,3,53,0,56,45,19,83,0,147,58,0,58,205
02/12/2023,FAT,CA,AWP,WE,Combined TRACON& Tower with Radar,45,11,10,0,66,0,10,65,0,75,45,21,75,0,141,24,0,24,165
02/13/2023,FAT,CA,AWP,WE,Combined TRACON& Tower with Radar,52,14,17,3,86,0,6,108,13,127,52,20,125,16,213,54,0,54,267
02/14/2023,FAT,CA,AWP,WE,Combined TRACON& Tower with Radar,56,16,19,6,97,0,5,67,6,78,56,21,86,12,175,72,26,98,273
02/15/2023,FAT,CA,AWP,WE,Combined TRACON& Tower with Radar,52,13,20,9,94,0,12,112,13,137,52,25,132,22,231,20,14,34,265
02/16/2023,FAT,CA,AWP,WE,Combined TRACON& Tower with Radar,58,25,31,13,127,0,8,92,8,108,58,33,123,21,235,30,74,104,339
02/17/2023,FAT,CA,AWP,WE,Combined TRACON& Tower with Radar,56,18,28,8,110,0,1,109,4,114,56,19,137,12,224,54,0,54,278
02/18/2023,FAT,CA,AWP,WE,Combined TRACON& Tower with Radar,45,15,21,0,81,0,3,66,0,69,45,18,87,0,150,20,0,20,170
02/19/2023,FAT,CA,AWP,WE,Combined TRACON& Tower with Radar,45,19,19,0,83,0,2,59,0,61,45,21,78,0,144,24,0,24,168
02/20/2023,FAT,CA,AWP,WE,Combined TRACON& Tower with Radar,58,14,13,1,86,0,2,111,0,113,58,16,124,1,199,100,0,100,299
02/21/2023,FAT,CA,AWP,WE,Combined TRACON& Tower with Radar,58,13,11,10,92,0,5,83,7,95,58,18,94,17,187,34,0,34,221
02/22/2023,FAT,CA,AWP,WE,Combined TRACON& Tower with Radar,50,15,15,11,91,1,3,52,5,61,51,18,67,16,152,52,52,104,256
02/23/2023,FAT,CA,AWP,WE,Combined TRACON& Tower with Radar,57,18,29,14,118,0,4,34,10,48,57,22,63,24,166,104,24,128,294
02/24/2023,FAT,CA,AWP,WE,Combined TRACON& Tower with Radar,57,15,26,9,107,0,0,6,1,7,57,15,32,10,114,0,0,0,114
02/25/2023,FAT,CA,AWP,WE,Combined TRACON& Tower with Radar,48,17,13,0,78,0,1,7,0,8,48,18,20,0,86,0,0,0,86
02/26/2023,FAT,CA,AWP,WE,Combined TRACON& Tower with Radar,49,13,26,0,88,0,2,33,0,35,49,15,59,0,123,62,0,62,185
02/27/2023,FAT,CA,AWP,WE,Combined TRACON& Tower with Radar,55,13,28,21,117,0,1,22,0,23,55,14,50,21,140,30,6,36,176
02/28/2023,FAT,CA,AWP,WE,Combined TRACON& Tower with Radar,53,10,36,4,103,0,3,44,0,47,53,13,80,4,150,66,10,76,226
03/01/2023,FAT,CA,AWP,WE,Combined TRACON& Tower with Radar,51,17,36,1,105,0,10,53,4,67,51,27,89,5,172,18,2,20,192
03/02/2023,FAT,CA,AWP,WE,Combined TRACON& Tower with Radar,57,14,36,4,111,0,9,146,6,161,57,23,182,10,272,46,38,84,356
03/03/2023,FAT,CA,AWP,WE,Combined TRACON& Tower with Radar,59,14,43,10,126,0,10,136,24,170,59,24,179,34,296,100,22,122,418
03/04/2023,FAT,CA,AWP,WE,Combined TRACON& Tower with Radar,48,11,16,6,81,0,6,39,2,47,48,17,55,8,128,20,2,22,150
03/05/2023,FAT,CA,AWP,WE,Combined TRACON& Tower with Radar,54,12,37,0,103,0,5,22,0,27,54,17,59,0,130,44,0,44,174
03/06/2023,FAT,CA,AWP,WE,Combined TRACON& Tower with Radar,55,16,27,0,98,0,2,81,2,85,55,18,108,2,183,144,0,144,327
03/07/2023,FAT,CA,AWP,WE,Combined TRACON& Tower with Radar,52,17,18,6,93,0,5,78,7,90,52,22,96,13,183,118,8,126,309
03/08/2023,FAT,CA,AWP,WE,Combined TRACON& Tower with Radar,51,20,39,0,110,0,3,100,4,107,51,23,139,4,217,82,2,84,301
03/09/2023,FAT,CA,AWP,WE,Combined TRACON& Tower with Radar,70,18,25,0,113,0,5,51,0,56,70,23,76,0,169,104,0,104,273
03/10/2023,FAT,CA,AWP,WE,Combined TRACON& Tower with Radar,59,16,17,2,94,0,4,8,0,12,59,20,25,2,106,0,0,0,106
03/11/2023,FAT,CA,AWP,WE,Combined TRACON& Tower with Radar,49,21,28,0,98,0,2,19,0,21,49,23,47,0,119,0,0,0,119
03/12/2023,FAT,CA,AWP,WE,Combined TRACON& Tower with Radar,52,17,22,3,94,1,1,33,0,35,53,18,55,3,129,56,0,56,185
03/13/2023,FAT,CA,AWP,WE,Combined TRACON& Tower with Radar,53,22,20,7,102,0,5,78,12,95,53,27,98,19,197,224,62,286,483
03/14/2023,FAT,CA,AWP,WE,Combined TRACON& Tower with Radar,58,17,27,0,102,0,2,15,0,17,58,19,42,0,119,22,0,22,141
03/15/2023,FAT,CA,AWP,WE,Combined TRACON& Tower with Radar,48,22,28,7,105,0,4,78,5,87,48,26,106,12,192,74,12,86,278
03/16/2023,FAT,CA,AWP,WE,Combined TRACON& Tower with Radar,58,13,33,14,118,0,16,107,9,132,58,29,140,23,250,70,20,90,340
03/17/2023,FAT,CA,AWP,WE,Combined TRACON& Tower with Radar,60,17,30,10,117,0,8,104,6,118,60,25,134,16,235,6,20,26,261
03/18/2023,FAT,CA,AWP,WE,Combined TRACON& Tower with Radar,52,18,17,3,90,0,10,93,3,106,52,28,110,6,196,54,0,54,250
03/19/2023,FAT,CA,AWP,WE,Combined TRACON& Tower with Radar,52,13,38,0,103,0,2,21,4,27,52,15,59,4,130,12,16,28,158
03/20/2023,FAT,CA,AWP,WE,Combined TRACON& Tower with Radar,56,17,34,1,108,0,8,65,8,81,56,25,99,9,189,80,6,86,275
03/21/2023,FAT,CA,AWP,WE,Combined TRACON& Tower with Radar,66,13,14,11,104,0,0,15,1,16,66,13,29,12,120,18,8,26,146
03/22/2023,FAT,CA,AWP,WE,Combined TRACON& Tower with Radar,54,14,26,8,102,0,1,49,7,57,54,15,75,15,159,0,22,22,181
03/23/2023,FAT,CA,AWP,WE,Combined TRACON& Tower with Radar,58,28,31,4,121,0,11,46,10,67,58,39,77,14,188,40,22,62,250
03/24/2023,FAT,CA,AWP,WE,Combined TRACON& Tower with Radar,57,25,16,3,101,0,12,89,10,111,57,37,105,13,212,54,10,64,276
03/25/2023,FAT,CA,AWP,WE,Combined TRACON& Tower with Radar,47,31,16,0,94,0,13,68,1,82,47,44,84,1,176,36,0,36,212
03/26/2023,FAT,CA,AWP,WE,Combined TRACON& Tower with Radar,51,18,13,0,82,0,7,78,0,85,51,25,91,0,167,28,0,28,195
03/27/2023,FAT,CA,AWP,WE,Combined TRACON& Tower with Radar,53,20,17,13,103,0,14,90,7,111,53,34,107,20,214,94,14,108,322
03/28/2023,FAT,CA,AWP,WE,Combined TRACON& Tower with Radar,61,15,14,3,93,0,3,43,17,63,61,18,57,20,156,14,0,14,170
03/29/2023,FAT,CA,AWP,WE,Combined TRACON& Tower with Radar,54,16,32,3,105,0,9,39,13,61,54,25,71,16,166,50,32,82,248
03/30/2023,FAT,CA,AWP,WE,Combined TRACON& Tower with Radar,60,24,45,7,136,0,12,57,12,81,60,36,102,19,217,56,14,70,287
03/31/2023,FAT,CA,AWP,WE,Combined TRACON& Tower with Radar,58,20,34,5,117,0,8,118,8,134,58,28,152,13,251,50,20,70,321
04/01/2023,FAT,CA,AWP,WE,Combined TRACON& Tower with Radar,49,25,19,1,94,0,8,74,0,82,49,33,93,1,176,66,0,66,242
04/02/2023,FAT,CA,AWP,WE,Combined TRACON& Tower with Radar,53,18,16,6,93,0,7,61,5,73,53,25,77,11,166,36,0,36,202
04/03/2023,FAT,CA,AWP,WE,Combined TRACON& Tower with Radar,56,20,16,1,93,0,3,49,5,57,56,23,65,6,150,12,2,14,164
04/04/2023,FAT,CA,AWP,WE,Combined TRACON& Tower with Radar,55,17,19,4,95,0,11,112,10,133,55,28,131,14,228,38,24,62,290
04/05/2023,FAT,CA,AWP,WE,Combined TRACON& Tower with Radar,56,22,19,4,101,0,12,123,5,140,56,34,142,9,241,24,10,34,275
04/06/2023,FAT,CA,AWP,WE,Combined TRACON& Tower with Radar,60,20,23,3,106,0,13,95,7,115,60,33,118,10,221,58,8,66,287
04/07/2023,FAT,CA,AWP,WE,Combined TRACON& Tower with Radar,60,19,22,5,106,0,12,84,4,100,60,31,106,9,206,44,0,44,250
04/08/2023,FAT,CA,AWP,WE,Combined TRACON& Tower with Radar,51,20,18,0,89,0,12,45,0,57,51,32,63,0,146,44,0,44,190
04/09/2023,FAT,CA,AWP,WE,Combined TRACON& Tower with Radar,51,20,9,1,81,0,15,42,0,57,51,35,51,1,138,0,0,0,138
04/10/2023,FAT,CA,AWP,WE,Combined TRACON& Tower with Radar,60,25,22,3,110,0,14,80,5,99,60,39,102,8,209,64,0,64,273
04/11/2023,FAT,CA,AWP,WE,Combined TRACON& Tower with Radar,52,19,21,25,117,0,14,77,14,105,52,33,98,39,222,74,14,88,310
04/12/2023,FAT,CA,AWP,WE,Combined TRACON& Tower with Radar,59,22,14,22,117,0,14,95,23,132,59,36,109,45,249,104,32,136,385
04/13/2023,FAT,CA,AWP,WE,Combined TRACON& Tower with Radar,58,20,21,5,104,0,14,116,9,139,58,34,137,14,243,38,0,38,281
04/14/2023,FAT,CA,AWP,WE,Combined TRACON& Tower with Radar,61,27,13,8,109,0,13,89,7,109,61,40,102,15,218,74,28,102,320
04/15/2023,FAT,CA,AWP,WE,Combined TRACON& Tower with Radar,51,22,15,0,88,0,16,86,0,102,51,38,101,0,190,14,0,14,204
04/16/2023,FAT,CA,AWP,WE,Combined TRACON& Tower with Radar,53,20,27,0,100,0,14,79,0,93,53,34,106,0,193,26,0,26,219
04/17/2023,FAT,CA,AWP,WE,Combined TRACON& Tower with Radar,58,26,18,16,118,0,14,62,7,83,58,40,80,23,201,38,26,64,265
04/18/2023,FAT,CA,AWP,WE,Combined TRACON& Tower with Radar,54,17,21,31,123,0,14,84,10,108,54,31,105,41,231,76,12,88,319
04/19/2023,FAT,CA,AWP,WE,Combined TRACON& Tower with Radar,58,15,21,0,94,0,14,112,11,137,58,29,133,11,231,30,2,32,263
04/20/2023,FAT,CA,AWP,WE,Combined TRACON& Tower with Radar,57,24,22,20,123,0,11,113,11,135,57,35,135,31,258,100,28,128,386
04/21/2023,FAT,CA,AWP,WE,Combined TRACON& Tower with Radar,60,23,35,5,123,0,14,100,3,117,60,37,135,8,240,60,8,68,308
04/22/2023,FAT,CA,AWP,WE,Combined TRACON& Tower with Radar,48,28,11,3,90,0,8,70,8,86,48,36,81,11,176,6,0,6,182
04/23/2023,FAT,CA,AWP,WE,Combined TRACON& Tower with Radar,54,28,24,1,107,0,4,72,1,77,54,32,96,2,184,22,0,22,206
04/24/2023,FAT,CA,AWP,WE,Combined TRACON& Tower with Radar,57,25,28,1,111,0,9,80,3,92,57,34,108,4,203,28,18,46,249
04/25/2023,FAT,CA,AWP,WE,Combined TRACON& Tower with Radar,53,23,28,10,114,0,21,117,9,147,53,44,145,19,261,64,20,84,345
04/26/2023,FAT,CA,AWP,WE,Combined TRACON& Tower with Radar,56,13,13,8,90,0,18,107,24,149,56,31,120,32,239,132,42,174,413
04/27/2023,FAT,CA,AWP,WE,Combined TRACON& Tower with Radar,60,20,26,3,109,0,18,108,7,133,60,38,134,10,242,104,2,106,348
04/28/2023,FAT,CA,AWP,WE,Combined TRACON& Tower with Radar,58,23,29,7,117,0,10,118,2,130,58,33,147,9,247,92,0,92,339
04/29/2023,FAT,CA,AWP,WE,Combined TRACON& Tower with Radar,49,28,9,0,86,0,13,68,2,83,49,41,77,2,169,80,0,80,249
04/30/2023,FAT,CA,AWP,WE,Combined TRACON& Tower with Radar,52,26,20,0,98,0,10,61,0,71,52,36,81,0,169,22,0,22,191
05/01/2023,FAT,CA,AWP,WE,Combined TRACON& Tower with Radar,59,24,35,0,118,0,9,66,1,76,59,33,101,1,194,104,0,104,298
05/02/2023,FAT,CA,AWP,WE,Combined TRACON& Tower with Radar,57,15,20,6,98,0,6,42,3,51,57,21,62,9,149,64,0,64,213
05/03/2023,FAT,CA,AWP,WE,Combined TRACON& Tower with Radar,59,25,22,2,108,0,8,73,0,81,59,33,95,2,189,86,0,86,275
05/04/2023,FAT,CA,AWP,WE,Combined TRACON& Tower with Radar,60,15,29,3,107,0,8,56,0,64,60,23,85,3,171,108,0,108,279
05/05/2023,FAT,CA,AWP,WE,Combined TRACON& Tower with Radar,67,25,26,0,118,0,14,91,0,105,67,39,117,0,223,100,0,100,323
05/06/2023,FAT,CA,AWP,WE,Combined TRACON& Tower with Radar,54,11,10,1,76,0,10,63,5,78,54,21,73,6,154,22,0,22,176
05/07/2023,FAT,CA,AWP,WE,Combined TRACON& Tower with Radar,54,18,24,1,97,0,23,71,8,102,54,41,95,9,199,10,0,10,209
05/08/2023,FAT,CA,AWP,WE,Combined TRACON& Tower with Radar,66,14,36,1,117,0,15,85,0,100,66,29,121,1,217,62,16,78,295
05/09/2023,FAT,CA,AWP,WE,Combined TRACON& Tower with Radar,60,17,14,6,97,0,15,95,6,116,60,32,109,12,213,28,0,28,241
05/10/2023,FAT,CA,AWP,WE,Combined TRACON& Tower with Radar,62,20,17,3,102,0,10,98,0,108,62,30,115,3,210,48,0,48,258
05/11/2023,FAT,CA,AWP,WE,Combined TRACON& Tower with Radar,65,20,14,9,108,0,18,104,3,125,65,38,118,12,233,80,2,82,315
05/12/2023,FAT,CA,AWP,WE,Combined TRACON& Tower with Radar,64,20,29,2,115,0,8,111,2,121,64,28,140,4,236,42,0,42,278
05/13/2023,FAT,CA,AWP,WE,Combined TRACON& Tower with Radar,56,17,6,2,81,0,16,70,0,86,56,33,76,2,167,34,0,34,201
05/14/2023,FAT,CA,AWP,WE,Combined TRACON& Tower with Radar,57,20,9,7,93,0,11,55,0,66,57,31,64,7,159,8,0,8,167
05/15/2023,FAT,CA,AWP,WE,Combined TRACON& Tower with Radar,67,12,24,1,104,0,12,89,6,107,67,24,113,7,211,48,0,48,259
05/16/2023,FAT,CA,AWP,WE,Combined TRACON& Tower with Radar,61,26,14,6,107,0,17,99,9,125,61,43,113,15,232,12,0,12,244
05/17/2023,FAT,CA,AWP,WE,Combined TRACON& Tower with Radar,66,15,18,4,103,0,14,93,2,109,66,29,111,6,212,46,0,46,258
05/18/2023,FAT,CA,AWP,WE,Combined TRACON& Tower with Radar,67,15,16,14,112,0,15,112,21,148,67,30,128,35,260,14,20,34,294
05/19/2023,FAT,CA,AWP,WE,Combined TRACON& Tower with Radar,68,20,19,2,109,0,26,92,8,126,68,46,111,10,235,46,0,46,281
05/20/2023,FAT,CA,AWP,WE,Combined TRACON& Tower with Radar,53,21,27,2,103,1,10,88,2,101,54,31,115,4,204,50,0,50,254
05/21/2023,FAT,CA,AWP,WE,Combined TRACON& Tower with Radar,59,13,13,0,85,0,21,68,3,92,59,34,81,3,177,6,0,6,183
05/22/2023,FAT,CA,AWP,WE,Combined TRACON& Tower with Radar,66,16,27,6,115,0,15,99,2,116,66,31,126,8,231,24,0,24,255
05/23/2023,FAT,CA,AWP,WE,Combined TRACON& Tower with Radar,57,20,20,1,98,0,11,98,11,120,57,31,118,12,218,84,0,84,302
05/24/2023,FAT,CA,AWP,WE,Combined TRACON& Tower with Radar,66,22,36,16,140,0,13,93,19,125,66,35,129,35,265,52,28,80,345
05/25/2023,FAT,CA,AWP,WE,Combined TRACON& Tower with Radar,68,20,40,8,136,0,15,117,10,142,68,35,157,18,278,102,6,108,386
05/26/2023,FAT,CA,AWP,WE,Combined TRACON& Tower with Radar,71,28,26,17,142,0,14,113,5,132,71,42,139,22,274,74,14,88,362
05/27/2023,FAT,CA,AWP,WE,Combined TRACON& Tower with Radar,51,21,14,0,86,0,9,66,0,75,51,30,80,0,161,54,0,54,215
05/28/2023,FAT,CA,AWP,WE,Combined TRACON& Tower with Radar,56,16,7,0,79,0,12,56,1,69,56,28,63,1,148,16,0,16,164
05/29/2023,FAT,CA,AWP,WE,Combined TRACON& Tower with Radar,65,16,15,3,99,0,4,67,1,72,65,20,82,4,171,40,0,40,211
05/30/2023,FAT,CA,AWP,WE,Combined TRACON& Tower with Radar,55,13,29,11,108,0,11,90,15,116,55,24,119,26,224,46,16,62,286
05/31/2023,FAT,CA,AWP,WE,Combined TRACON& Tower with Radar,63,18,31,6,118,0,14,86,11,111,63,32,117,17,229,88,18,106,335
06/01/2023,FAT,CA,AWP,WE,Combined TRACON& Tower with Radar,67,18,37,7,129,0,19,113,18,150,67,37,150,25,279,96,12,108,387
06/02/2023,FAT,CA,AWP,WE,Combined TRACON& Tower with Radar,74,15,19,4,112,0,15,107,11,133,74,30,126,15,245,82,0,82,327
06/03/2023,FAT,CA,AWP,WE,Combined TRACON& Tower with Radar,71,10,15,8,104,0,17,93,14,124,71,27,108,22,228,24,2,26,254
06/04/2023,FAT,CA,AWP,WE,Combined TRACON& Tower with Radar,70,11,29,0,110,0,19,57,1,77,70,30,86,1,187,14,0,14,201
06/05/2023,FAT,CA,AWP,WE,Combined TRACON& Tower with Radar,78,10,24,1,113,0,5,78,7,90,78,15,102,8,203,6,0,6,209
06/06/2023,FAT,CA,AWP,WE,Combined TRACON& Tower with Radar,67,20,35,16,138,0,12,72,12,96,67,32,107,28,234,50,10,60,294
06/07/2023,FAT,CA,AWP,WE,Combined TRACON& Tower with Radar,73,20,40,12,145,0,8,69,9,86,73,28,109,21,231,46,0,46,277
06/08/2023,FAT,CA,AWP,WE,Combined TRACON& Tower with Radar,77,11,31,7,126,0,11,130,7,148,77,22,161,14,274,8,8,16,290
06/09/2023,FAT,CA,AWP,WE,Combined TRACON& Tower with Radar,77,15,22,6,120,0,21,102,8,131,77,36,124,14,251,56,4,60,311
06/10/2023,FAT,CA,AWP,WE,Combined TRACON& Tower with Radar,67,11,29,0,107,0,17,70,5,92,67,28,99,5,199,58,0,58,257
06/11/2023,FAT,CA,AWP,WE,Combined TRACON& Tower with Radar,72,18,27,2,119,0,8,65,1,74,72,26,92,3,193,8,0,8,201
06/12/2023,FAT,CA,AWP,WE,Combined TRACON& Tower with Radar,79,6,24,6,115,0,13,80,8,101,79,19,104,14,216,0,0,0,216
06/13/2023,FAT,CA,AWP,WE,Combined TRACON& Tower with Radar,67,13,17,13,110,0,13,96,11,120,67,26,113,24,230,24,10,34,264
06/14/2023,FAT,CA,AWP,WE,Combined TRACON& Tower with Radar,77,16,28,16,137,0,23,82,21,126,77,39,110,37,263,26,48,74,337
06/15/2023,FAT,CA,AWP,WE,Combined TRACON& Tower with Radar,78,15,36,10,139,0,15,93,10,118,78,30,129,20,257,52,14,66,323
06/16/2023,FAT,CA,AWP,WE,Combined TRACON& Tower with Radar,83,18,14,8,123,0,20,82,6,108,83,38,96,14,231,38,26,64,295
06/17/2023,FAT,CA,AWP,WE,Combined TRACON& Tower with Radar,64,13,25,1,103,0,30,94,15,139,64,43,119,16,242,18,0,18,260
06/18/2023,FAT,CA,AWP,WE,Combined TRACON& Tower with Radar,73,15,11,0,99,0,11,58,5,74,73,26,69,5,173,12,0,12,185
06/19/2023,FAT,CA,AWP,WE,Combined TRACON& Tower with Radar,80,10,24,0,114,0,11,76,7,94,80,21,100,7,208,72,0,72,280
06/20/2023,FAT,CA,AWP,WE,Combined TRACON& Tower with Radar,73,21,17,8,119,0,15,103,10,128,73,36,120,18,247,48,0,48,295
06/21/2023,FAT,CA,AWP,WE,Combined TRACON& Tower with Radar,72,20,28,10,130,0,19,116,10,145,72,39,144,20,275,48,6,54,329
06/22/2023,FAT,CA,AWP,WE,Combined TRACON& Tower with Radar,79,17,29,1,126,0,16,104,3,123,79,33,133,4,249,50,2,52,301
06/23/2023,FAT,CA,AWP,WE,Combined TRACON& Tower with Radar,78,29,17,8,132,0,20,90,9,119,78,49,107,17,251,24,12,36,287
06/24/2023,FAT,CA,AWP,WE,Combined TRACON& Tower with Radar,65,22,10,0,97,0,14,65,10,89,65,36,75,10,186,6,0,6,192
06/25/2023,FAT,CA,AWP,WE,Combined TRACON& Tower with Radar,68,25,31,0,124,0,13,77,1,91,68,38,108,1,215,18,0,18,233
06/26/2023,FAT,CA,AWP,WE,Combined TRACON& Tower with Radar,78,20,11,4,113,0,14,71,4,89,78,34,82,8,202,30,0,30,232
06/27/2023,FAT,CA,AWP,WE,Combined TRACON& Tower with Radar,69,16,24,19,128,0,13,94,35,142,69,29,118,54,270,0,0,0,270
06/28/2023,FAT,CA,AWP,WE,Combined TRACON& Tower with Radar,74,13,35,7,129,0,12,117,16,145,74,25,152,23,274,0,0,0,274
06/29/2023,FAT,CA,AWP,WE,Combined TRACON& Tower with Radar,74,14,35,8,131,0,13,110,6,129,74,27,145,14,260,0,0,0,260
06/30/2023,FAT,CA,AWP,WE,Combined TRACON& Tower with Radar,82,19,17,5,123,0,10,85,16,111,82,29,102,21,234,0,0,0,234
07/01/2023,FAT,CA,AWP,WE,Combined TRACON& Tower with Radar,73,7,16,0,96,0,25,54,8,87,73,32,70,8,183,16,0,16,199
07/02/2023,FAT,CA,AWP,WE,Combined TRACON& Tower with Radar,70,14,6,0,90,0,13,41,0,54,70,27,47,0,144,30,0,30,174
07/03/2023,FAT,CA,AWP,WE,Combined TRACON& Tower with Radar,73,9,13,0,95,0,9,81,26,116,73,18,94,26,211,13,0,13,224
07/04/2023,FAT,CA,AWP,WE,Combined TRACON& Tower with Radar,55,10,7,0,72,0,14,45,2,61,55,24,52,2,133,23,0,23,156
07/05/2023,FAT,CA,AWP,WE,Combined TRACON& Tower with Radar,74,14,15,5,108,0,8,82,6,96,74,22,97,11,204,96,0,96,300
07/06/2023,FAT,CA,AWP,WE,Combined TRACON& Tower with Radar,83,16,38,6,143,0,13,74,8,95,83,29,112,14,238,58,4,62,300
07/07/2023,FAT,CA,AWP,WE,Combined TRACON& Tower with Radar,83,21,28,2,134,0,14,104,14,132,83,35,132,16,266,26,0,26,292
07/08/2023,FAT,CA,AWP,WE,Combined TRACON& Tower with Radar,69,17,37,1,124,0,11,70,6,87,69,28,107,7,211,52,0,52,263
07/09/2023,FAT,CA,AWP,WE,Combined TRACON& Tower with Radar,72,22,20,0,114,0,11,55,3,69,72,33,75,3,183,2,0,2,185
07/10/2023,FAT,CA,AWP,WE,Combined TRACON& Tower with Radar,78,23,14,15,130,0,16,79,14,109,78,39,93,29,239,40,20,60,299
07/11/2023,FAT,CA,AWP,WE,Combined TRACON& Tower with Radar,73,19,19,6,117,0,14,76,19,109,73,33,95,25,226,68,12,80,306
07/12/2023,FAT,CA,AWP,WE,Combined TRACON& Tower with Radar,75,20,12,7,114,0,8,96,13,117,75,28,108,20,231,48,6,54,285
07/13/2023,FAT,CA,AWP,WE,Combined TRACON& Tower with Radar,85,15,16,5,121,0,17,87,23,127,85,32,103,28,248,40,6,46,294
07/14/2023,FAT,CA,AWP,WE,Combined TRACON& Tower with Radar,79,26,20,6,131,0,16,93,15,124,79,42,113,21,255,48,0,48,303
07/15/2023,FAT,CA,AWP,WE,Combined TRACON& Tower with Radar,69,9,14,0,92,0,8,54,8,70,69,17,68,8,162,8,0,8,170
07/16/2023,FAT,CA,AWP,WE,Combined TRACON& Tower with Radar,70,13,20,0,103,0,9,56,2,67,70,22,76,2,170,16,0,16,186
07/17/2023,FAT,CA,AWP,WE,Combined TRACON& Tower with Radar,77,20,13,1,111,0,6,79,9,94,77,26,92,10,205,6,18,24,229
07/18/2023,FAT,CA,AWP,WE,Combined TRACON& Tower with Radar,75,10,13,20,118,0,4,88,21,113,75,14,101,41,231,10,18,28,259
07/19/2023,FAT,CA,AWP,WE,Combined TRACON& Tower with Radar,78,14,21,11,124,0,10,114,11,135,78,24,135,22,259,18,12,30,289
07/20/2023,FAT,CA,AWP,WE,Combined TRACON& Tower with Radar,81,23,10,8,122,0,8,99,15,122,81,31,109,23,244,42,6,48,292
07/21/2023,FAT,CA,AWP,WE,Combined TRACON& Tower with Radar,82,16,21,7,126,0,9,91,14,114,82,25,112,21,240,8,0,8,248
07/22/2023,FAT,CA,AWP,WE,Combined TRACON& Tower with Radar,68,14,17,0,99,0,16,67,9,92,68,30,84,9,191,52,10,62,253
07/23/2023,FAT,CA,AWP,WE,Combined TRACON& Tower with Radar,71,13,21,2,107,0,8,58,9,75,71,21,79,11,182,42,0,42,224
07/24/2023,FAT,CA,AWP,WE,Combined TRACON& Tower with Radar,77,16,10,10,113,0,13,66,12,91,77,29,76,22,204,50,12,62,266
07/25/2023,FAT,CA,AWP,WE,Combined TRACON& Tower with Radar,74,15,24,12,125,0,11,93,24,128,74,26,117,36,253,22,0,22,275
07/26/2023,FAT,CA,AWP,WE,Combined TRACON& Tower with Radar,77,10,17,9,113,0,19,81,4,104,77,29,98,13,217,24,0,24,241
07/27/2023,FAT,CA,AWP,WE,Combined TRACON& Tower with Radar,81,18,28,7,134,0,15,96,12,123,81,33,124,19,257,64,0,64,321
07/28/2023,FAT,CA,AWP,WE,Combined TRACON& Tower with Radar,81,16,18,4,119,0,21,111,10,142,81,37,129,14,261,48,0,48,309
07/29/2023,FAT,CA,AWP,WE,Combined TRACON& Tower with Radar,73,14,12,0,99,0,9,86,16,111,73,23,98,16,210,18,0,18,228
07/30/2023,FAT,CA,AWP,WE,Combined TRACON& Tower with Radar,71,12,22,1,106,0,6,88,7,101,71,18,110,8,207,46,0,46,253
07/31/2023,FAT,CA,AWP,WE,Combined TRACON& Tower with Radar,79,9,17,6,111,0,6,81,12,99,79,15,98,18,210,54,12,66,276
08/01/2023,FAT,CA,AWP,WE,Combined TRACON& Tower with Radar,77,11,14,6,108,0,12,94,17,123,77,23,108,23,231,52,14,66,297
08/02/2023,FAT,CA,AWP,WE,Combined TRACON& Tower with Radar,82,5,16,3,106,0,15,92,10,117,82,20,108,13,223,42,8,50,273
08/03/2023,FAT,CA,AWP,WE,Combined TRACON& Tower with Radar,83,14,36,11,144,0,13,123,13,149,83,27,159,24,293,24,0,24,317
08/04/2023,FAT,CA,AWP,WE,Combined TRACON& Tower with Radar,87,9,16,10,122,0,9,95,3,107,87,18,111,13,229,64,0,64,293
08/05/2023,FAT,CA,AWP,WE,Combined TRACON& Tower with Radar,70,7,18,5,100,0,10,53,15,78,70,17,71,20,178,36,0,36,214
08/06/2023,FAT,CA,AWP,WE,Combined TRACON& Tower with Radar,73,9,17,2,101,0,13,70,7,90,73,22,87,9,191,18,18,36,227
08/07/2023,FAT,CA,AWP,WE,Combined TRACON& Tower with Radar,82,16,14,12,124,0,11,82,13,106,82,27,96,25,230,44,24,68,298
08/08/2023,FAT,CA,AWP,WE,Combined TRACON& Tower with Radar,80,12,18,12,122,0,13,105,10,128,80,25,123,22,250,42,20,62,312
08/09/2023,FAT,CA,AWP,WE,Combined TRACON& Tower with Radar,80,9,21,3,113,0,14,106,13,133,80,23,127,16,246,26,4,30,276
08/10/2023,FAT,CA,AWP,WE,Combined TRACON& Tower with Radar,80,13,18,5,116,1,25,94,27,147,81,38,112,32,263,34,2,36,299
08/11/2023,FAT,CA,AWP,WE,Combined TRACON& Tower with Radar,89,14,22,3,128,0,13,81,6,100,89,27,103,9,228,24,0,24,252
08/12/2023,FAT,CA,AWP,WE,Combined TRACON& Tower with Radar,73,19,13,0,105,0,23,75,2,100,73,42,88,2,205,34,0,34,239
08/13/2023,FAT,CA,AWP,WE,Combined TRACON& Tower with Radar,76,21,18,0,115,0,17,66,4,87,76,38,84,4,202,32,0,32,234
08/14/2023,FAT,CA,AWP,WE,Combined TRACON& Tower with Radar,85,5,12,6,108,0,12,70,7,89,85,17,82,13,197,16,0,16,213
08/15/2023,FAT,CA,AWP,WE,Combined TRACON& Tower with Radar,76,16,20,12,124,0,16,125,11,152,76,32,145,23,276,28,28,56,332
08/16/2023,FAT,CA,AWP,WE,Combined TRACON& Tower with Radar,82,7,26,5,120,0,11,104,15,130,82,18,130,20,250,16,0,16,266
08/17/2023,FAT,CA,AWP,WE,Combined TRACON& Tower with Radar,84,9,30,6,129,1,23,100,7,131,85,32,130,13,260,50,0,50,310
08/18/2023,FAT,CA,AWP,WE,Combined TRACON& Tower with Radar,89,23,27,5,144,0,16,111,10,137,89,39,138,15,281,46,2,48,329
08/19/2023,FAT,CA,AWP,WE,Combined TRACON& Tower with Radar,71,11,20,0,102,0,12,85,4,101,71,23,105,4,203,30,0,30,233
08/20/2023,FAT,CA,AWP,WE,Combined TRACON& Tower with Radar,77,8,5,5,95,0,6,26,6,38,77,14,31,11,133,28,0,28,161
08/21/2023,FAT,CA,AWP,WE,Combined TRACON& Tower with Radar,77,8,18,3,106,0,6,45,3,54,77,14,63,6,160,60,0,60,220
08/22/2023,FAT,CA,AWP,WE,Combined TRACON& Tower with Radar,78,15,22,6,121,0,9,98,7,114,78,24,120,13,235,40,0,40,275
08/23/2023,FAT,CA,AWP,WE,Combined TRACON& Tower with Radar,78,12,23,6,119,0,15,105,4,124,78,27,128,10,243,38,0,38,281
08/24/2023,FAT,CA,AWP,WE,Combined TRACON& Tower with Radar,83,12,20,1,116,0,9,105,12,126,83,21,125,13,242,26,0,26,268
08/25/2023,FAT,CA,AWP,WE,Combined TRACON& Tower with Radar,87,13,20,2,122,0,17,90,3,110,87,30,110,5,232,72,0,72,304
08/26/2023,FAT,CA,AWP,WE,Combined TRACON& Tower with Radar,76,6,14,0,96,0,20,76,4,100,76,26,90,4,196,26,0,26,222
08/27/2023,FAT,CA,AWP,WE,Combined TRACON& Tower with Radar,79,14,19,0,112,0,16,64,4,84,79,30,83,4,196,71,0,71,267
08/28/2023,FAT,CA,AWP,WE,Combined TRACON& Tower with Radar,82,11,9,9,111,0,15,82,9,106,82,26,91,18,217,36,0,36,253
08/29/2023,FAT,CA,AWP,WE,Combined TRACON& Tower with Radar,73,14,22,7,116,0,7,85,10,102,73,21,107,17,218,52,10,62,280
08/30/2023,FAT,CA,AWP,WE,Combined TRACON& Tower with Radar,78,13,35,2,128,0,12,85,7,104,78,25,120,9,232,82,0,82,314
08/31/2023,FAT,CA,AWP,WE,Combined TRACON& Tower with Radar,80,7,25,8,120,0,12,121,14,147,80,19,146,22,267,16,18,34,301
